movie,21bridgesmovie,47metersdown,abeautifuldaymovie,abominablemovie,adastramovie,adogsjourneymovie,aftermathmovie,aftermovie,ahiddenlifefilm,alitamovie,angelhasfallen,angrybirdsmovie,annabellemovie,annamovie,apollo11movie,arcticdogsmovie,arcticmovie,artofracingmovie,avengers,beachbummovie,bernadettefilm,blackandbluemovie,blackchristmas,blindedbythelightmovie,bombshellmovie,booksmart,breakthroughmovie,brianbanksmovie,brightburnmovie,brittanyrunsmov,captainmarvelofficial,captivestatemovie,catsmovie,charliesangels,childsplaymovie,clarathefilm,coldpursuitmovie,countdown,currentwarmovie,darkwatersmovie,detectivepikachumovie,disneyaladdin,disneyfrozen,disneymaleficent,doctorsleepmovie,dolemiteismyname,dontletgomovie,doramovie,downtonabbey_official,dumbo,escaperoom,everybodyknowsmovie,fastandfuriousmovie,fightingwmyfam,fivefeetapartfilm,fordvferrari,freaksthefilm,geminimanmovie,glassmovie,gloriabellmovie,godzillamovie,goldfinchmovie,goodboysmovie,goodliarmovie,gretafilm,halathemovie,happydeathdaymovie,harrietfilm,hellboymovie,hersmellmovie,highlifemovie,highstrungmovie,honeyboymovie,hotelmumbaifilm,httydragon,hustlemovie,hustlersmovie,isntitromantic,itmovieofficial,jayandsilentbob,johnwickmovie,jojorabbitmovie,jokermovie,judythefilm,jumanjimovie,justmercyfilm,knivesout,lalloronamovie,lastblackmansf,lastchristmasthemovie,latenightmovie,lighthousemovie,lionking,littlethemovie,littlewomenmovie,littlewoodsfilm,longshotmovie,lordsofchaosmovie,lucyintheskyfilm,mamovie2019,marriagestory,meettheaddams,meninblack,midsommarmovie,midwaymovie,missbalamovie,missinglinkfilm,motherlessbklyn,onceinhollywood,onthebasisofsex,overcomermovie,peanutbutterfalcon,petsematarymovie,piercingmovie,playingwithfire,playmobilthemovie,pomsmovie,queenandslim,rambomovie,readyornotfilm,richardjewellfilm,rocketmanmovie,scarystoriesmovie,secretlifeofpets,serenityfilm,shaftmovie,shazammovie,spidermanmovie,spiesindisguise,starwars,stormboymovie,stubermovie,taosdfilm,teenspiritmov,terminator,theaeronautsmov,thebestofenemies,thedeaddontdie,thefarewell,thehighwaymen,thehummingbirdprojectfilm,theintrudermovie,theirishmanfilm,thekitchenmovie,thelegomovie,themustangfilm,thenightingalefilm,theprodigymovie,thesunisalsoastar,theupsidefilm,tolkienmovie,toystory,triplefrontier,uglydolls,uncutgems,underthesilverlake,usmovie,wavesmovie,whatmenwant,wonderparkmovie,wrinklestheclown,xmenmovies,yardiefilm,yesterdaymovie,zombieland
21bridgesmovie,1.0000001,0.9647898,0.96908903,0.9493576,0.9545986,0.981383,0.983544,0.9834689,0.9912008,0.9348818,0.97669,0.95097476,0.9798302,0.98660237,0.9707867,0.9832817,0.9745099,0.97506094,0.9818499,0.98523766,0.97539085,0.9705629,0.99011225,0.97689587,0.9791661,0.63332015,0.9675059,0.98231775,0.9734945,0.9649792,0.96750385,0.97504956,0.9603483,0.9642654,0.9463668,0.9434837,0.9822091,0.9795496,0.9714985,0.96609807,0.9773951,0.98536766,0.9754217,0.98176414,0.9578387,0.98420227,0.99240637,0.9760046,0.95107925,0.98802954,0.9721795,0.99231195,0.9819435,0.98335725,0.9435701,0.95188224,0.9814629,0.97250164,0.9775096,0.9870317,0.9675959,0.96119,0.97897583,0.98362327,0.98104656,0.9708552,0.9661505,0.98364866,0.96190065,0.9436508,0.98893327,0.57622814,0.944926,0.98146063,0.91925645,0.93666697,0.8007643,0.9815952,0.9737211,0.9554457,0.97534794,0.97788227,0.9765295,0.965479,0.96024984,0.9603799,0.9716926,0.9783656,0.97970724,0.98230535,0.97568405,0.98893327,0.949066,0.9663808,0.96111,0.9731494,0.95667195,0.9733162,0.9796533,0.9814603,0.9877906,0.98739445,0.9723144,0.9860962,0.9622931,0.98040986,0.9836583,0.9787854,0.9612081,0.9390082,0.9855725,0.6102133,0.96738046,0.8767654,0.960006,0.9938274,0.99504334,0.94734585,0.9895061,0.98047423,0.96155614,0.9682987,0.9795575,0.9640502,0.9742673,0.9786895,0.9781251,0.92566043,0.9703296,0.95517427,0.9746806,0.95320594,0.9862173,0.9432697,0.96695507,0.9736312,0.9761246,0.9823338,0.9895105,0.9753134,0.9912008,0.9779483,0.98758787,0.9664934,0.96964025,0.9889179,0.983153,0.95842767,0.9734554,0.9788712,0.9785184,0.9817782,0.97014415,0.90448576,0.97113305,0.9857761,0.96825516,0.98010683,0.982736,0.9669008,0.9912008,0.9670842,0.9806274,0.9841616,0.94313097
47metersdown,0.9647898,0.9999998,0.91464096,0.9499169,0.8943192,0.9295385,0.94941044,0.93930566,0.9515277,0.90045947,0.93785703,0.89456874,0.9535893,0.9516421,0.9293232,0.9743769,0.9278115,0.92689925,0.9231747,0.95342207,0.911648,0.9259078,0.9558736,0.94015306,0.9388559,0.5117632,0.9043273,0.94467837,0.93726194,0.93157643,0.9343044,0.94611084,0.91028744,0.9371315,0.93335587,0.8913094,0.933961,0.9531045,0.9349354,0.89960736,0.943049,0.9591896,0.9296682,0.96244997,0.92565596,0.9588398,0.9543486,0.9335823,0.92065674,0.96169543,0.93294847,0.96303785,0.9498987,0.9677605,0.9242926,0.91349113,0.94400334,0.9209032,0.9384257,0.9510454,0.9169413,0.92495954,0.9647196,0.94430536,0.94746226,0.9290152,0.9517951,0.95398873,0.9118846,0.9095309,0.9492002,0.46679592,0.90269005,0.96434957,0.8923326,0.87492,0.7146896,0.92803437,0.93158406,0.9114597,0.9346093,0.92541677,0.9335734,0.92148775,0.9080135,0.9446015,0.9487496,0.9423901,0.94887525,0.9492453,0.9367981,0.9492002,0.9222968,0.9371846,0.91243887,0.92782074,0.9221145,0.9326761,0.94014347,0.9636866,0.9706165,0.9513731,0.9360131,0.93974835,0.9472506,0.95004535,0.9498083,0.94173753,0.8916498,0.91048133,0.942223,0.48806483,0.923538,0.7979176,0.9067378,0.954974,0.9666229,0.9016315,0.96205527,0.9520188,0.92048764,0.9327273,0.9531581,0.91086584,0.93932235,0.9545471,0.9415256,0.8784555,0.91773695,0.9344891,0.9054995,0.9059623,0.9500348,0.9121393,0.919807,0.9517906,0.94258285,0.94216925,0.9547861,0.95845497,0.9515277,0.9244518,0.9463535,0.91787654,0.9358228,0.9525489,0.9565991,0.94618005,0.94086164,0.95657986,0.94639283,0.93977964,0.9373531,0.8453099,0.94504243,0.9460603,0.94578016,0.9312203,0.94088405,0.918447,0.9515277,0.92141366,0.9450192,0.95469373,0.8929177
abeautifuldaymovie,0.96908903,0.91464096,0.9999999,0.9450394,0.9622666,0.9502414,0.98194253,0.9745274,0.98212713,0.95219773,0.97513974,0.98573446,0.9565964,0.96950656,0.9698135,0.96529305,0.96009296,0.9712968,0.9576093,0.9708694,0.9490591,0.9827413,0.96441776,0.9573324,0.95281756,0.6123074,0.9435371,0.9519944,0.97734505,0.97070163,0.95390546,0.9744662,0.9507531,0.97440046,0.961164,0.9424951,0.9824915,0.9479774,0.9775504,0.95672137,0.97043675,0.9746573,0.9595067,0.97442806,0.95511675,0.9739715,0.9743771,0.96752906,0.9686576,0.9717232,0.9848133,0.97848374,0.96159744,0.95728564,0.93901616,0.95375884,0.97668,0.977449,0.9803098,0.9649719,0.961613,0.9661997,0.95714724,0.97841793,0.9474667,0.97523206,0.93887705,0.9708482,0.97056985,0.974432,0.96419436,0.52332354,0.95581996,0.942832,0.9521419,0.9153899,0.79333705,0.95518345,0.9802358,0.9773153,0.9678297,0.9738062,0.9592602,0.9549804,0.9794855,0.9496193,0.9684669,0.9498486,0.9555414,0.96844316,0.97578704,0.96419436,0.96544427,0.9548532,0.98286134,0.96377796,0.9525907,0.98064953,0.9692574,0.96568805,0.9678362,0.9508625,0.9840161,0.96360475,0.953094,0.9795231,0.9657297,0.9784821,0.95664054,0.9606744,0.9784291,0.5933446,0.9553988,0.8631383,0.92611,0.9738699,0.97428733,0.9755552,0.97273415,0.97695917,0.9737848,0.9581725,0.9705288,0.934609,0.95125073,0.97246736,0.9429838,0.9621925,0.9800464,0.9428775,0.97749865,0.9535682,0.97767097,0.96334183,0.9602935,0.95668006,0.9678588,0.9621543,0.9673361,0.96127874,0.98212713,0.98557097,0.98024404,0.9765157,0.93771756,0.9631405,0.9446206,0.96880126,0.9707738,0.96275645,0.97723454,0.98161596,0.9614176,0.88053703,0.947405,0.94932234,0.96878046,0.96734446,0.95648,0.92306453,0.98212713,0.9776076,0.97710377,0.96787703,0.97125876
abominablemovie,0.9493576,0.9499169,0.9450394,0.9999998,0.919398,0.9027013,0.95737964,0.9587585,0.9589503,0.918358,0.9479126,0.9320327,0.95179486,0.9464555,0.94363815,0.95725614,0.947379,0.9382689,0.9252546,0.9485566,0.9003414,0.9516767,0.94758266,0.9325334,0.94469684,0.5315991,0.901536,0.950357,0.95138013,0.9300088,0.93586886,0.9474098,0.9183622,0.95409554,0.9501846,0.91709995,0.95307404,0.9423297,0.9621119,0.91348165,0.95694774,0.9648968,0.9461285,0.9770617,0.93490213,0.95688224,0.94790703,0.92722225,0.95146084,0.96919215,0.96203166,0.96762514,0.9476434,0.9607028,0.9439331,0.94325733,0.9500942,0.92999524,0.9701833,0.9411914,0.9202959,0.9689152,0.964854,0.9488864,0.9051972,0.9460957,0.921201,0.9596575,0.94875306,0.9580068,0.93860894,0.49215603,0.9484891,0.9524781,0.9550689,0.88297206,0.7745406,0.92684746,0.9552554,0.9418863,0.94823015,0.9531067,0.9369628,0.9204877,0.961875,0.95760196,0.9698541,0.92367387,0.93556005,0.94313437,0.96404773,0.93860894,0.95437235,0.9425733,0.94382215,0.93027884,0.9398724,0.96268606,0.9412492,0.9632444,0.96519506,0.92882025,0.94568884,0.9282885,0.952976,0.96258557,0.95930594,0.95315737,0.889459,0.95551765,0.9477825,0.5194262,0.9291367,0.80062383,0.8738839,0.93846065,0.95158434,0.95422566,0.9545857,0.95889,0.9495905,0.926985,0.9633918,0.90051186,0.93140614,0.9572846,0.9124925,0.92654216,0.9443386,0.94925,0.9165331,0.91904575,0.95934033,0.9671233,0.92270666,0.9358945,0.94799083,0.94441557,0.9534768,0.94929236,0.9589503,0.93978995,0.95802546,0.952364,0.90774107,0.95125216,0.9454057,0.9630138,0.95629525,0.95458263,0.96359396,0.9483799,0.93949836,0.87596107,0.9367467,0.92190534,0.9539137,0.9355564,0.948497,0.8700329,0.9589503,0.9373229,0.9425631,0.9478936,0.9272255
adastramovie,0.9545986,0.8943192,0.9622666,0.919398,0.99999994,0.9386294,0.96930045,0.9789949,0.97552025,0.96757334,0.9600911,0.9452745,0.9509758,0.96038765,0.9692269,0.94732654,0.97628164,0.9893113,0.94663835,0.9598122,0.95676255,0.95900834,0.94598013,0.9527981,0.96245885,0.695178,0.9792217,0.95541996,0.96919453,0.95907104,0.93991435,0.9658353,0.95267224,0.9366222,0.9313341,0.92727864,0.9589465,0.9677292,0.9723857,0.96925956,0.9506389,0.9560643,0.94343495,0.95577985,0.9744271,0.94139993,0.95881015,0.97577643,0.96215314,0.95417213,0.9644578,0.9638179,0.9463241,0.9409177,0.9497966,0.9742471,0.96911186,0.9854257,0.9742812,0.9657539,0.9650044,0.9630557,0.96096903,0.95836574,0.9383814,0.96175647,0.95238227,0.9500446,0.9824114,0.9371663,0.9671255,0.6242544,0.9376371,0.9494008,0.92061424,0.9406232,0.8300326,0.96715903,0.9782157,0.9632771,0.971353,0.97079897,0.9572177,0.9510898,0.9555339,0.968096,0.9607442,0.95562667,0.96344054,0.95801204,0.9764551,0.9671255,0.94039494,0.92654186,0.9411313,0.9766148,0.9705335,0.9575204,0.9644076,0.94905233,0.9432514,0.9397417,0.95707846,0.9612571,0.9417278,0.9642721,0.9499986,0.946844,0.9619897,0.9460773,0.9775329,0.67967796,0.9723803,0.8634705,0.936142,0.95780337,0.9632566,0.9509678,0.9709558,0.9656956,0.97125834,0.96277404,0.96864706,0.92933744,0.9601851,0.96296877,0.95257187,0.9357857,0.9780503,0.9051975,0.9595434,0.97533935,0.97663194,0.95134175,0.964966,0.9588047,0.97515416,0.96010506,0.9677372,0.9604372,0.97552025,0.9714571,0.9535514,0.9518274,0.9462961,0.9620223,0.94600445,0.93982106,0.9481339,0.9569921,0.9694001,0.9571668,0.97446954,0.92452127,0.9458344,0.95336974,0.9546895,0.97099924,0.9642578,0.92896295,0.97552025,0.977358,0.94799006,0.9600299,0.9572201
adogsjourneymovie,0.981383,0.9295385,0.9502414,0.9027013,0.9386294,0.9999999,0.9714947,0.95835465,0.97476494,0.9071185,0.96497816,0.93583703,0.9652454,0.9807323,0.9588325,0.9609409,0.9569805,0.96002424,0.9756369,0.9693496,0.9744299,0.94968265,0.9891004,0.960318,0.96895015,0.65653807,0.96724784,0.9648784,0.9507097,0.94801825,0.94747585,0.95230806,0.94039756,0.9336216,0.9091966,0.9395747,0.959712,0.9541717,0.9456988,0.9609351,0.95135665,0.9664504,0.967712,0.95591944,0.94186056,0.9589785,0.98813075,0.9727265,0.93088967,0.9692234,0.94357115,0.97023016,0.96788037,0.9510757,0.912376,0.9300319,0.96578854,0.9635524,0.95012796,0.9727247,0.9534944,0.9179085,0.9479823,0.9614895,0.9814138,0.95552444,0.9583526,0.9506612,0.9342969,0.91709584,0.9777656,0.60354626,0.91154134,0.9625323,0.875504,0.94472,0.78830034,0.9672343,0.94807965,0.93605566,0.95902294,0.96437746,0.9554734,0.9398481,0.9371894,0.93468344,0.9475153,0.9782488,0.9654567,0.96966624,0.95061207,0.9777656,0.9335376,0.96021694,0.9318418,0.9599984,0.94626856,0.960616,0.9633181,0.9651355,0.9564296,0.96861106,0.9570141,0.9770735,0.93600297,0.9521222,0.9649753,0.9487524,0.97296196,0.917228,0.97096807,0.62143534,0.9577722,0.8642452,0.9657313,0.97548485,0.97362524,0.91182846,0.9712185,0.9664044,0.94223255,0.9603175,0.9583901,0.9731784,0.9778332,0.95968527,0.9802374,0.89124125,0.9544135,0.93337375,0.9673127,0.9419079,0.95780146,0.92008305,0.9554277,0.9537943,0.95202696,0.97908,0.97247833,0.94869953,0.97476494,0.9621193,0.96477705,0.93402416,0.96286047,0.96611935,0.9624458,0.92133623,0.93900704,0.9483615,0.9616125,0.9736499,0.9585308,0.8656252,0.9551171,0.98327535,0.95707387,0.97154987,0.9706474,0.97110975,0.97476494,0.95147085,0.9608097,0.9737957,0.9160269
aftermathmovie,0.983544,0.94941044,0.98194253,0.95737964,0.96930045,0.9714947,1.0,0.9874298,0.9936266,0.95771,0.97529286,0.9638481,0.9797985,0.99238646,0.9856058,0.9826254,0.9797515,0.9830948,0.96864444,0.9877107,0.9644425,0.9831286,0.98552865,0.9666751,0.9681279,0.6379333,0.96531826,0.9713595,0.9818958,0.9793591,0.9607587,0.98524207,0.95205754,0.97066814,0.9606108,0.95466995,0.9804162,0.9697511,0.9886164,0.9658614,0.980096,0.9838105,0.97026694,0.9850626,0.97078145,0.9808112,0.9912523,0.9876534,0.9814167,0.9834535,0.98469204,0.992081,0.98327905,0.9781677,0.9678673,0.96297884,0.98787063,0.98434776,0.98504186,0.98687166,0.9765486,0.9738988,0.9814587,0.9858008,0.96593577,0.9765322,0.96942383,0.97618276,0.9700103,0.96164453,0.98509514,0.5766749,0.9475077,0.97307664,0.9381877,0.9364869,0.798658,0.9711901,0.98586106,0.9806673,0.9715964,0.98515046,0.968845,0.96147364,0.9727838,0.97535163,0.98143756,0.9770344,0.98046666,0.9836986,0.98293394,0.98509514,0.9720127,0.96786773,0.97191185,0.9787427,0.97383386,0.98810947,0.9873621,0.9851474,0.9784435,0.9679461,0.9840973,0.98111373,0.97697556,0.9875845,0.9804974,0.97712725,0.9664722,0.96311,0.98661953,0.61223125,0.97329193,0.85351574,0.94365734,0.9806049,0.9857042,0.9650817,0.98685545,0.99393356,0.9790805,0.9734671,0.9900583,0.9520421,0.9762246,0.9844348,0.97116953,0.95525336,0.97856885,0.9630779,0.97581625,0.9654068,0.9849141,0.9675023,0.96875507,0.9749348,0.9794311,0.98370576,0.98301476,0.9813546,0.9936266,0.98307884,0.98571557,0.9711976,0.95517963,0.98084974,0.9741841,0.97071826,0.9740991,0.9700155,0.99579597,0.9860316,0.98427254,0.8896726,0.96663445,0.97660947,0.98165303,0.9847811,0.9729931,0.9482953,0.9936266,0.9833979,0.9817065,0.98623914,0.967954
aftermovie,0.9834689,0.93930566,0.9745274,0.9587585,0.9789949,0.95835465,0.9874298,1.0,0.9921056,0.95518273,0.9768272,0.9507328,0.97724766,0.9815087,0.98045594,0.9737875,0.9823574,0.9860146,0.97083735,0.98124677,0.9650037,0.9783589,0.97557503,0.96295744,0.97669184,0.6601002,0.9667396,0.98200715,0.9828898,0.9718391,0.96943504,0.9781085,0.9604728,0.9695994,0.9602163,0.9511176,0.9860893,0.97642,0.9828766,0.9661428,0.98090583,0.98125416,0.97025096,0.98025924,0.969975,0.97584563,0.9822931,0.9786321,0.96843725,0.98097056,0.9788631,0.98763686,0.97385687,0.9846283,0.96593,0.97386867,0.9857022,0.9813983,0.98968035,0.9835751,0.97428566,0.98046273,0.9842111,0.979191,0.9584551,0.97371733,0.96824753,0.98023504,0.97607267,0.96067166,0.9852799,0.5977207,0.9686725,0.97611,0.94933295,0.94453305,0.8328693,0.9805727,0.98715323,0.97578305,0.97923726,0.984934,0.973531,0.97186446,0.971261,0.97629577,0.9795475,0.97204113,0.9789892,0.9789381,0.990177,0.9852799,0.9585498,0.95106333,0.96864265,0.9833429,0.97261906,0.9757819,0.98210126,0.97718984,0.9808959,0.97192276,0.9703279,0.97978735,0.9688469,0.9827374,0.97885805,0.9748409,0.9632109,0.95211744,0.9820906,0.64794165,0.97233593,0.8683334,0.94220644,0.9821837,0.9864612,0.9724841,0.98638076,0.9838983,0.9707072,0.96668047,0.9866439,0.9547017,0.97055036,0.97983646,0.97120154,0.94611233,0.9756398,0.9566341,0.9705824,0.96416885,0.9945757,0.9678828,0.9720228,0.9756509,0.97707283,0.97507644,0.98645633,0.97591716,0.9921056,0.9759961,0.9795663,0.97602206,0.96262854,0.9834913,0.9771279,0.9719368,0.97575307,0.97638786,0.98933405,0.9810653,0.9803562,0.92137086,0.97141755,0.9750176,0.97142184,0.9811018,0.9809016,0.9457738,0.9921056,0.9794706,0.97552675,0.98208606,0.9587074
ahiddenlifefilm,0.9912008,0.9515277,0.98212713,0.9589503,0.97552025,0.97476494,0.9936266,0.9921056,0.99999994,0.96415037,0.9873923,0.97013015,0.983938,0.99209493,0.98686564,0.98518175,0.9837369,0.9897979,0.9769672,0.98486555,0.978972,0.9848717,0.989654,0.9812025,0.98573387,0.65601647,0.97603726,0.97796726,0.98364323,0.9761866,0.9686579,0.9863212,0.97276324,0.9746885,0.96135396,0.95459396,0.9882554,0.97951555,0.98960835,0.9773304,0.98599875,0.9931309,0.9777924,0.9916916,0.97524154,0.9838756,0.9938474,0.9858654,0.97760224,0.99293184,0.9876378,0.9954819,0.98573214,0.9801406,0.9584034,0.970365,0.98863924,0.9899046,0.9919431,0.9884357,0.9786708,0.9759864,0.9841499,0.98830765,0.9712117,0.9851921,0.97288597,0.9814216,0.982126,0.9604064,0.9902514,0.5855517,0.9554003,0.97853094,0.93986756,0.9479974,0.8183471,0.98533386,0.9889499,0.97856224,0.9866047,0.99070877,0.9832439,0.97011614,0.97892886,0.9772849,0.987308,0.98320264,0.9816902,0.9888728,0.99107194,0.9902514,0.9706155,0.9715547,0.97189087,0.9873198,0.9768478,0.98544276,0.9881366,0.98768824,0.9826308,0.9788227,0.98324615,0.98663276,0.97580355,0.99182713,0.9873628,0.98214793,0.9716251,0.9644105,0.992764,0.63796,0.9809698,0.8712249,0.9604087,0.9889439,0.9928111,0.9669488,0.9954618,0.99220955,0.98209536,0.98034936,0.98877984,0.9644004,0.9845466,0.98797435,0.97570735,0.9491721,0.98646563,0.95557374,0.98307496,0.97166383,0.99210954,0.96880984,0.98180944,0.9798729,0.9846683,0.9844091,0.99337655,0.9796293,0.99999994,0.98835045,0.9886463,0.9784095,0.96448493,0.98799986,0.98169726,0.97064406,0.9786771,0.98336565,0.991251,0.9886416,0.98201376,0.90523076,0.9695011,0.9814271,0.98267347,0.98344046,0.98408145,0.95535266,0.99999994,0.98277587,0.98686445,0.99189985,0.96662277
alitamovie,0.9348818,0.90045947,0.95219773,0.918358,0.96757334,0.9071185,0.95771,0.95518273,0.96415037,1.0,0.950884,0.9538877,0.94243604,0.94791865,0.963146,0.9407122,0.9485971,0.96623313,0.9146975,0.93925,0.9405946,0.9541785,0.9342529,0.9467822,0.9384281,0.6542433,0.95078224,0.92000604,0.9519,0.94973224,0.9171618,0.96238524,0.94216305,0.9489999,0.9351189,0.91984,0.94762886,0.94524825,0.973988,0.9365536,0.9488402,0.94953036,0.9094975,0.9534889,0.9649475,0.9368438,0.94462305,0.9589648,0.96814936,0.94608366,0.9653409,0.9534984,0.93919116,0.92795014,0.94058084,0.95248795,0.9517419,0.9748011,0.95868266,0.9458147,0.94843924,0.9558724,0.9540877,0.9514445,0.9184592,0.9461748,0.9463777,0.93567383,0.9690535,0.9269838,0.94577193,0.5464656,0.9128512,0.9266613,0.9170393,0.8958616,0.7869357,0.9416231,0.96300036,0.9658249,0.959212,0.95172274,0.9506557,0.9483594,0.9581122,0.9550221,0.9578491,0.9475892,0.9374982,0.9541696,0.9656472,0.94577193,0.9515329,0.9121237,0.9420091,0.9705078,0.9485125,0.94033486,0.9571761,0.9570851,0.928066,0.9253276,0.95412195,0.93742657,0.9663534,0.9655096,0.9466682,0.94161296,0.9279677,0.94645554,0.96397513,0.6459957,0.9621089,0.8190823,0.92092985,0.9383872,0.9481452,0.95139015,0.9596612,0.9613992,0.96419746,0.9570759,0.9533168,0.9116672,0.94020665,0.94623053,0.93059707,0.94683725,0.96703786,0.90383106,0.94581926,0.9724519,0.9583693,0.9527258,0.9674071,0.945245,0.9594536,0.9382157,0.946782,0.94519305,0.96415037,0.9577895,0.9412795,0.95040023,0.9235756,0.9434377,0.93865407,0.9466629,0.94217944,0.95660603,0.9578294,0.9456459,0.9474822,0.8616978,0.92060035,0.9277973,0.95602953,0.93911386,0.9268156,0.9049369,0.96415037,0.96307385,0.9547722,0.95217794,0.968187
angelhasfallen,0.97669,0.93785703,0.97513974,0.9479126,0.9600911,0.96497816,0.97529286,0.9768272,0.9873923,0.950884,1.0000001,0.9717468,0.9694548,0.9749662,0.9685153,0.96832234,0.970611,0.9793257,0.9683574,0.96196043,0.9670994,0.97719955,0.9815558,0.9691098,0.9811728,0.620427,0.96186113,0.9711278,0.97555816,0.9669472,0.97130775,0.96385944,0.9596017,0.9635653,0.95322835,0.9491422,0.98363966,0.9594504,0.96974415,0.9578498,0.9726046,0.9836738,0.967602,0.9796636,0.953788,0.9700004,0.9826157,0.9730812,0.95705,0.98287666,0.975076,0.9789617,0.9648948,0.96823114,0.92474926,0.9632871,0.9678973,0.97918135,0.9838612,0.9710937,0.94890124,0.9570238,0.9681641,0.9666095,0.9641213,0.98666906,0.962379,0.9709756,0.9679337,0.9543538,0.9782846,0.53398657,0.9489703,0.96699506,0.94831955,0.9379926,0.80193007,0.9677939,0.9732861,0.9630476,0.9931272,0.96925515,0.9737399,0.9701523,0.9688683,0.9502382,0.96759933,0.9749675,0.96638185,0.9816676,0.9814425,0.9782846,0.9568091,0.958063,0.9672699,0.980484,0.95507896,0.9786244,0.96519375,0.97793853,0.9709064,0.974755,0.97531444,0.9776041,0.9594268,0.97877437,0.97184247,0.9661879,0.95935625,0.9492064,0.98196363,0.6214386,0.9586361,0.8598878,0.94587713,0.9793106,0.98343396,0.963552,0.98823935,0.98152155,0.9636844,0.95667034,0.9770012,0.95504284,0.98208,0.97462106,0.9687578,0.9305837,0.98539704,0.93440163,0.97165453,0.9646395,0.97832966,0.9624779,0.9671124,0.9687958,0.97358733,0.970886,0.9860005,0.95911497,0.9873923,0.9806343,0.9693305,0.962454,0.9595729,0.96901566,0.96975964,0.9644244,0.9621362,0.98237824,0.9743551,0.9749334,0.964324,0.87350184,0.9628293,0.9629184,0.9678844,0.96651846,0.9752424,0.9323899,0.9873923,0.971484,0.9718944,0.9833389,0.94715226
angrybirdsmovie,0.95097476,0.89456874,0.98573446,0.9320327,0.9452745,0.93583703,0.9638481,0.9507328,0.97013015,0.9538877,0.9717468,0.99999994,0.94426537,0.9539846,0.9551297,0.9445651,0.94774264,0.9586856,0.94520277,0.9411345,0.940686,0.96909726,0.9537085,0.9501138,0.9437808,0.59161973,0.9369669,0.9280571,0.9528269,0.9508069,0.93604314,0.9608218,0.93970937,0.95982784,0.94482183,0.9193842,0.9680419,0.93073547,0.9685295,0.95085007,0.9604371,0.96358275,0.94876873,0.96706206,0.93282634,0.95813656,0.9596537,0.9572069,0.95712227,0.9618053,0.97624373,0.96601033,0.94885534,0.9319264,0.9163909,0.9463264,0.9574762,0.9704182,0.9713226,0.9508189,0.9479411,0.9486582,0.93589216,0.9591863,0.92672384,0.9780969,0.91986835,0.9528989,0.9665699,0.96261126,0.9504565,0.49159652,0.93756396,0.92255396,0.9332969,0.9015344,0.75614256,0.9369586,0.96192414,0.9627564,0.9645946,0.96049076,0.947599,0.93377155,0.9733131,0.93142164,0.9601316,0.93655187,0.9375595,0.951057,0.9634802,0.9504565,0.95956236,0.95451933,0.97414917,0.9495627,0.94230074,0.9752469,0.9488307,0.95299697,0.94592696,0.93280846,0.97230595,0.9508818,0.9446598,0.9680558,0.9498125,0.9565057,0.9381694,0.9658366,0.9641462,0.5794916,0.9352232,0.8465379,0.91192675,0.9553433,0.95459694,0.96532637,0.95928323,0.9622185,0.96634454,0.9477297,0.9472135,0.9205468,0.9426399,0.95982915,0.9160583,0.9460001,0.9745906,0.9265365,0.9699318,0.94436747,0.95425963,0.95723444,0.9503539,0.93483275,0.96176565,0.95226717,0.95837086,0.94198084,0.97013015,0.97688127,0.96552104,0.96064955,0.9088123,0.94664377,0.92763585,0.9473119,0.9446753,0.95217794,0.96159387,0.9653231,0.9426422,0.8542791,0.91975254,0.93476,0.9518114,0.9539195,0.9454608,0.8903044,0.97013015,0.95801157,0.96268094,0.95349985,0.9695072
annabellemovie,0.9798302,0.9535893,0.9565964,0.95179486,0.9509758,0.9652454,0.9797985,0.97724766,0.983938,0.94243604,0.9694548,0.94426537,1.0000001,0.9852401,0.9632723,0.9794318,0.9645498,0.9677029,0.9512545,0.96646464,0.9692665,0.9696052,0.9791249,0.94831765,0.97478354,0.65314895,0.95262307,0.9719061,0.97211814,0.94487804,0.94545513,0.96532065,0.9575783,0.9650152,0.9618496,0.95638794,0.96972775,0.979808,0.97471905,0.96937543,0.9847344,0.97768325,0.9703289,0.977209,0.9702668,0.96972406,0.9811172,0.9649411,0.9672729,0.9769989,0.9670017,0.981304,0.98455435,0.9762382,0.9540859,0.9407494,0.9730294,0.9703286,0.9758913,0.9771523,0.9741315,0.9624623,0.968933,0.9798771,0.9531274,0.9656829,0.9630951,0.96488774,0.9593109,0.9398885,0.9775575,0.5861329,0.9371215,0.97820145,0.9266165,0.92016655,0.8295685,0.9610308,0.97679555,0.96083134,0.96825963,0.9808471,0.9828798,0.9613415,0.96666574,0.96413976,0.98044235,0.98831475,0.9651841,0.97382134,0.9701824,0.9775575,0.9425545,0.9527711,0.9494013,0.9700136,0.9521625,0.97193307,0.9776073,0.9818214,0.9692507,0.9634552,0.96671903,0.9797948,0.9699806,0.97532463,0.979263,0.9764486,0.9625559,0.952099,0.9674377,0.63401204,0.9719831,0.8860595,0.9538265,0.96998405,0.97969747,0.9479871,0.9774007,0.98160183,0.96752375,0.95440626,0.9769752,0.9684533,0.9680557,0.97996676,0.9733701,0.92283094,0.9596664,0.94703704,0.95762956,0.94692725,0.9810498,0.94430745,0.96977025,0.9504005,0.966887,0.9614385,0.97974765,0.964262,0.983938,0.96459025,0.96996826,0.9670755,0.96443474,0.97747,0.97889876,0.9629083,0.9728426,0.973666,0.9795022,0.9718882,0.9642702,0.87464213,0.9593384,0.97349936,0.9637609,0.9663326,0.96742326,0.9450934,0.983938,0.97122675,0.97814983,0.985147,0.94395286
annamovie,0.98660237,0.9516421,0.96950656,0.9464555,0.96038765,0.9807323,0.99238646,0.9815087,0.99209493,0.94791865,0.9749662,0.9539846,0.9852401,1.0000001,0.98133373,0.9861773,0.97711384,0.9773942,0.97292906,0.984957,0.9748334,0.9829033,0.98993605,0.9641054,0.97681427,0.64865047,0.9693814,0.9678185,0.97282714,0.973014,0.956904,0.9782694,0.9671579,0.9661859,0.95531934,0.9614104,0.9751557,0.9690724,0.9835243,0.97061855,0.98039544,0.9864551,0.97639453,0.98314494,0.9681964,0.9785915,0.99218655,0.978926,0.97672325,0.9842983,0.9744872,0.9896154,0.99288815,0.97535723,0.9553583,0.95181954,0.9859426,0.9756177,0.97677046,0.98713624,0.9753708,0.96156096,0.97190654,0.9897031,0.9717427,0.97464174,0.96782243,0.96973276,0.9655525,0.945493,0.9862835,0.5897428,0.94205564,0.97060424,0.92790765,0.9384789,0.80733216,0.9813197,0.978825,0.9767459,0.9717338,0.98368627,0.97863275,0.9607983,0.9632878,0.96651614,0.9777009,0.9863119,0.9750929,0.98425126,0.97829735,0.9862835,0.96252984,0.9725731,0.9589535,0.9792648,0.9644832,0.9820808,0.9863611,0.98611575,0.972269,0.9744947,0.9750103,0.98472977,0.9759275,0.98237264,0.9832053,0.9792527,0.9756862,0.95050323,0.9852022,0.62713015,0.9748873,0.869973,0.9570357,0.97922343,0.9838522,0.95377594,0.98777705,0.9924586,0.97228974,0.97321427,0.98599374,0.96099895,0.9795491,0.9817504,0.9750732,0.93807036,0.9701613,0.95781255,0.978705,0.95309454,0.984206,0.958547,0.96744746,0.9751129,0.9702366,0.9812626,0.9854049,0.97282904,0.99209493,0.9807776,0.98258406,0.9736053,0.96059424,0.9760059,0.9774582,0.96419215,0.97761846,0.9673613,0.989822,0.9850694,0.9765656,0.88405937,0.96896696,0.9849059,0.9773874,0.9789981,0.9720155,0.9559232,0.99209493,0.9789755,0.984884,0.99319905,0.953723
apollo11movie,0.9707867,0.9293232,0.9698135,0.94363815,0.9692269,0.9588325,0.9856058,0.98045594,0.98686564,0.963146,0.9685153,0.9551297,0.9632723,0.98133373,0.9999999,0.96612954,0.9693502,0.9800682,0.96236235,0.98125374,0.9603305,0.9758135,0.97397006,0.9657069,0.9672756,0.6263046,0.96495265,0.9517624,0.97295535,0.9756154,0.94912523,0.9812214,0.95861363,0.96475506,0.9513419,0.93767583,0.964814,0.957542,0.98363423,0.96158606,0.9698829,0.97587097,0.9505015,0.9754697,0.97520965,0.9683686,0.97886276,0.97690004,0.9748144,0.9758051,0.97851306,0.97837824,0.96919835,0.9610781,0.9617764,0.9537069,0.98031515,0.97767097,0.97306097,0.96842647,0.9619292,0.96460354,0.9760799,0.9807477,0.94996107,0.96251965,0.9695401,0.96008074,0.963907,0.945128,0.96963286,0.5584292,0.93354434,0.9600642,0.9183028,0.92286617,0.7902726,0.97026753,0.97118396,0.9748221,0.96223575,0.98100585,0.9665882,0.9457251,0.9732054,0.9676729,0.97443944,0.96919507,0.9591748,0.98043185,0.97992593,0.96963286,0.97406846,0.9546903,0.95588666,0.98716736,0.972298,0.9654104,0.9778602,0.97482187,0.95948416,0.9537,0.976075,0.9642787,0.9665165,0.98168534,0.97986233,0.96369183,0.96233445,0.95793295,0.977614,0.5966572,0.979198,0.81614417,0.9391995,0.9723636,0.9727291,0.9525235,0.9791289,0.9857408,0.975922,0.97954726,0.9796543,0.9470112,0.97156626,0.9653379,0.95885664,0.95207745,0.9710754,0.936447,0.96820813,0.968335,0.97561324,0.9711935,0.97807056,0.9753776,0.96624446,0.97200567,0.97113115,0.9699365,0.98686564,0.9791191,0.97443753,0.9619164,0.94771403,0.9680224,0.9601707,0.9628889,0.9674008,0.96648145,0.9791738,0.9783058,0.9804761,0.89350116,0.9398699,0.9656175,0.97733265,0.9652468,0.96251917,0.94510514,0.98686564,0.9756735,0.98021644,0.97924846,0.9605909
arcticdogsmovie,0.9832817,0.9743769,0.96529305,0.95725614,0.94732654,0.9609409,0.9826254,0.9737875,0.98518175,0.9407122,0.96832234,0.9445651,0.9794318,0.9861773,0.96612954,0.99999994,0.9581305,0.964674,0.9498237,0.97886455,0.9525632,0.96926314,0.97705805,0.968452,0.9685921,0.59906876,0.94537395,0.96748793,0.9683493,0.95665044,0.9477241,0.97191596,0.9618366,0.96151686,0.9613994,0.9488188,0.9712682,0.969422,0.974164,0.9530991,0.9728138,0.9889976,0.9691338,0.98852175,0.9642148,0.9738727,0.97975785,0.96186435,0.96644944,0.9870599,0.96670455,0.9852271,0.9814237,0.9748558,0.9448752,0.95272326,0.97961074,0.9624972,0.9748768,0.9760659,0.96698415,0.9553748,0.97306776,0.981266,0.9579282,0.96959436,0.9579849,0.96648747,0.9654572,0.9489906,0.9736121,0.52608836,0.9468366,0.9739119,0.93816584,0.9272909,0.7888492,0.9678056,0.97909963,0.9613454,0.96498495,0.96890813,0.9712633,0.95790565,0.9549323,0.9701808,0.9807312,0.97067815,0.96538913,0.97481555,0.97245705,0.9736121,0.9521063,0.9691722,0.9488188,0.9652538,0.95938,0.9738087,0.9765624,0.98168033,0.9776298,0.9643922,0.96629953,0.97033775,0.96515214,0.9763757,0.97208863,0.9805663,0.9548312,0.953127,0.9765447,0.57976043,0.96292484,0.8763787,0.9412779,0.97765404,0.98524725,0.948753,0.98735046,0.9829375,0.97114563,0.9608746,0.9776408,0.9472751,0.9683916,0.9870471,0.96552956,0.9214529,0.96166694,0.949916,0.9580886,0.93819094,0.9834901,0.9485109,0.95642793,0.966566,0.968275,0.963199,0.9798208,0.9708903,0.98518175,0.9640128,0.9745013,0.964725,0.959429,0.97104377,0.96766025,0.9673119,0.9738462,0.96882164,0.9808205,0.97758967,0.96497375,0.8751336,0.9680217,0.96862787,0.97883654,0.96605545,0.96393424,0.93994725,0.98518175,0.9640789,0.97946405,0.98425424,0.9393042
arcticmovie,0.9745099,0.9278115,0.96009296,0.947379,0.97628164,0.9569805,0.9797515,0.9823574,0.9837369,0.9485971,0.970611,0.94774264,0.9645498,0.97711384,0.9693502,0.9581305,1.0,0.98181075,0.9743933,0.9673702,0.96865517,0.97175175,0.97301745,0.9564961,0.97011846,0.6620467,0.97909385,0.9667272,0.9649671,0.96851647,0.96058387,0.9649841,0.9512013,0.94333524,0.9358204,0.9357931,0.9775587,0.9715857,0.9769943,0.9637234,0.96373844,0.97056293,0.96328914,0.9697233,0.95928454,0.9650572,0.97685826,0.97861874,0.96253836,0.9685835,0.969349,0.98072624,0.96886206,0.9666312,0.95607877,0.9680752,0.9711951,0.9796143,0.9785832,0.97744846,0.95830303,0.96722686,0.9710763,0.9677594,0.9644089,0.97540915,0.95570505,0.96822524,0.97215456,0.9470026,0.9782341,0.6123162,0.94843924,0.96292794,0.9291225,0.9384396,0.8091166,0.97357565,0.97223145,0.96826214,0.9778354,0.97679085,0.9647577,0.9527627,0.9595501,0.9633976,0.96567494,0.96814716,0.9764241,0.9702904,0.97716326,0.9782341,0.9512722,0.94847107,0.96285385,0.97240496,0.96386003,0.9777117,0.9731174,0.9691601,0.9699994,0.9711747,0.95761687,0.9761133,0.9620346,0.9743006,0.97092676,0.9618134,0.9536022,0.9438691,0.9853308,0.654898,0.9604169,0.8517489,0.9370751,0.96766555,0.97451216,0.96059054,0.9808905,0.97708195,0.9628678,0.9654886,0.98599494,0.93731546,0.9743637,0.9674967,0.9603222,0.9371332,0.98120975,0.9445422,0.9750027,0.96028966,0.97945577,0.96396995,0.95206165,0.97046816,0.9773369,0.98450655,0.98073566,0.96572393,0.9837369,0.97840357,0.97477406,0.96128154,0.9394796,0.9799751,0.9755342,0.95079607,0.9596037,0.9624528,0.98274577,0.9660711,0.983442,0.91739166,0.9513342,0.9638366,0.96127284,0.9774489,0.97150636,0.9328512,0.9837369,0.97469497,0.95526665,0.9766022,0.9474062
artofracingmovie,0.97506094,0.92689925,0.9712968,0.9382689,0.9893113,0.96002424,0.9830948,0.9860146,0.9897979,0.96623313,0.9793257,0.9586856,0.9677029,0.9773942,0.9800682,0.964674,0.98181075,1.0,0.9698017,0.9729921,0.9744291,0.9752919,0.97113353,0.9690594,0.98042464,0.6820112,0.98173976,0.9708835,0.9841602,0.9727592,0.9651195,0.9829353,0.9658638,0.95866585,0.94543594,0.9406472,0.97328717,0.97562224,0.9848989,0.976738,0.971004,0.9775885,0.9610973,0.9757525,0.9721225,0.96735585,0.9799008,0.98549616,0.97279143,0.97647434,0.98266476,0.9806542,0.97154254,0.96202546,0.95623744,0.9695156,0.98146224,0.990616,0.98627007,0.98016787,0.97473127,0.9745352,0.9802405,0.9727354,0.9580348,0.9789008,0.9679904,0.97073513,0.9814411,0.94964343,0.9836813,0.6193103,0.93682426,0.97096443,0.92474025,0.93893224,0.8133774,0.9772655,0.9845283,0.9697298,0.9809949,0.9807997,0.97116935,0.96381515,0.9673225,0.9767392,0.9735098,0.97099286,0.9817803,0.9809667,0.9850235,0.9836813,0.96242183,0.9565571,0.95983565,0.98574567,0.9802666,0.9727849,0.97425324,0.9679271,0.96670884,0.9667736,0.9810152,0.97941214,0.96505034,0.9845489,0.96897763,0.9625667,0.9711129,0.9576062,0.98717004,0.66550565,0.97858095,0.8595856,0.9552296,0.9737548,0.9806506,0.95684296,0.9848122,0.98017263,0.97966886,0.9740873,0.9790021,0.9460537,0.9760938,0.9760725,0.9649325,0.9516865,0.9860858,0.9312322,0.97107935,0.98476493,0.9837463,0.95607036,0.9762682,0.97464263,0.9859071,0.974937,0.98599225,0.9796702,0.9897979,0.9840348,0.9742993,0.963978,0.95981866,0.97807425,0.9688521,0.9529967,0.9611239,0.97469383,0.98174995,0.96774215,0.98428446,0.9213669,0.9596859,0.97083133,0.9675666,0.9813615,0.9802163,0.9433123,0.9897979,0.98231035,0.96784115,0.9782252,0.9698016
avengers,0.9818499,0.9231747,0.9576093,0.9252546,0.94663835,0.9756369,0.96864444,0.97083735,0.9769672,0.9146975,0.9683574,0.94520277,0.9512545,0.97292906,0.96236235,0.9498237,0.9743933,0.9698017,0.99999976,0.96607894,0.9675887,0.9665734,0.9799502,0.9550854,0.9671862,0.6136535,0.9693902,0.9647823,0.9563153,0.96117353,0.9780893,0.961827,0.9477267,0.9455086,0.9128825,0.9303843,0.9742663,0.951373,0.9620836,0.95125484,0.95461446,0.96976477,0.95974654,0.9601303,0.9282757,0.9704337,0.98056257,0.9716404,0.9340202,0.9699508,0.9619736,0.97402525,0.97090393,0.95995617,0.9281459,0.94140184,0.96883035,0.9630695,0.9652252,0.972529,0.95668674,0.945671,0.9629392,0.9617919,0.9715463,0.96842414,0.94993526,0.96668774,0.9458771,0.93830985,0.97789925,0.57966995,0.9343426,0.95620894,0.8962443,0.92387164,0.75827545,0.97530377,0.94878,0.95268935,0.96249706,0.9647423,0.95163846,0.9375145,0.94817436,0.94537634,0.9499784,0.9598039,0.9712215,0.967792,0.9667639,0.97789925,0.95329386,0.9671502,0.96379393,0.9627473,0.95655024,0.96538097,0.9596908,0.95964473,0.9713025,0.975973,0.96221477,0.97327954,0.9513155,0.9670845,0.9679839,0.95334303,0.9532765,0.92513365,0.9775919,0.59842765,0.94403225,0.8274225,0.94284064,0.9751942,0.97156334,0.9428652,0.9694743,0.9599425,0.9412755,0.9600889,0.9646983,0.9464121,0.9695298,0.95472765,0.95519906,0.93186545,0.9656095,0.9516616,0.97152555,0.9461623,0.9686931,0.93857485,0.94500566,0.9661584,0.9590066,0.9847216,0.9789001,0.96054095,0.9769672,0.9718678,0.9776005,0.9523852,0.9359358,0.9677949,0.9684798,0.93048495,0.9462693,0.9518199,0.9682349,0.96439093,0.96630317,0.8975034,0.94721633,0.9732414,0.9533928,0.9736223,0.97405785,0.94350356,0.9769672,0.95179033,0.9619757,0.96938473,0.9405603
beachbummovie,0.98523766,0.95342207,0.9708694,0.9485566,0.9598122,0.9693496,0.9877107,0.98124677,0.98486555,0.93925,0.96196043,0.9411345,0.96646464,0.984957,0.98125374,0.97886455,0.9673702,0.9729921,0.96607894,0.9999999,0.9590134,0.9725967,0.97922176,0.9672937,0.96763664,0.6364082,0.9563338,0.9669825,0.9808831,0.9777884,0.9529853,0.98083496,0.9544506,0.9684113,0.94770545,0.9406711,0.9654329,0.9651218,0.9736163,0.9533981,0.9713667,0.97572625,0.9631246,0.9754042,0.9661368,0.9800384,0.98643434,0.9704918,0.9624106,0.9775676,0.97379404,0.9855766,0.97603685,0.9756007,0.9625401,0.950028,0.9841501,0.9655545,0.9682335,0.9746084,0.96084636,0.9655195,0.97834444,0.9840687,0.9685858,0.95429766,0.9682448,0.9776546,0.9556231,0.94254327,0.9741443,0.5928403,0.9369699,0.9711969,0.92318404,0.9333511,0.8093483,0.974277,0.9723802,0.961515,0.959485,0.97310865,0.9636584,0.9487724,0.95609987,0.9619519,0.9668588,0.9658703,0.9685512,0.9817059,0.97672015,0.9741443,0.9568691,0.95591635,0.9512878,0.96844536,0.9600637,0.96803546,0.9855496,0.97545606,0.97439754,0.97155654,0.9740508,0.9688242,0.9590322,0.97862476,0.9826568,0.97196376,0.9641475,0.9335784,0.980489,0.59916437,0.9727202,0.8437884,0.95060223,0.9825573,0.9844334,0.9404648,0.9841925,0.9855765,0.96203625,0.9688352,0.98149174,0.9445693,0.96457887,0.9743164,0.96839964,0.93640316,0.95967275,0.95121604,0.96437585,0.95235956,0.9799721,0.95154524,0.96667904,0.9804164,0.9619091,0.9769456,0.97117025,0.97775453,0.98486555,0.9765694,0.9815801,0.96221495,0.9664461,0.9751646,0.96542597,0.9628304,0.9747476,0.96509266,0.9801491,0.9808964,0.9716732,0.91765267,0.9694678,0.9738443,0.9729803,0.9694568,0.9682688,0.9634396,0.98486555,0.9756822,0.97632784,0.9796028,0.95013475
bernadettefilm,0.97539085,0.911648,0.9490591,0.9003414,0.95676255,0.9744299,0.9644425,0.9650037,0.978972,0.9405946,0.9670994,0.940686,0.9692665,0.9748334,0.9603305,0.9525632,0.96865517,0.9744291,0.9675887,0.9590134,1.0,0.96332693,0.9765918,0.9648708,0.97538424,0.7424687,0.9792577,0.9552282,0.960979,0.94821024,0.9404585,0.9577827,0.97481585,0.94359696,0.9172789,0.94603497,0.96686816,0.9638611,0.9625399,0.9764842,0.96925336,0.96552265,0.95536155,0.95511556,0.9579012,0.9609251,0.9799926,0.964562,0.95020413,0.9632396,0.9605334,0.9667203,0.97372496,0.95077664,0.9223069,0.92898035,0.957474,0.97511095,0.9594536,0.9647271,0.9645108,0.9440196,0.95446825,0.970263,0.967687,0.9601157,0.9533938,0.9522173,0.95680153,0.90960467,0.9728303,0.67105484,0.9052822,0.9562455,0.8879305,0.93807834,0.8441589,0.97824794,0.96461743,0.9499674,0.9668907,0.974865,0.9828325,0.95905036,0.9530133,0.93907595,0.953258,0.9823136,0.9615087,0.97826827,0.9596,0.9728303,0.93083674,0.9397222,0.9442338,0.9726856,0.9439274,0.9552171,0.977416,0.9628701,0.95174545,0.9788287,0.95768714,0.98124933,0.95137966,0.9681471,0.97487307,0.9643461,0.97954863,0.9157734,0.97412324,0.72403324,0.974468,0.88575345,0.9873944,0.96892935,0.9718856,0.92633843,0.9736968,0.9661892,0.9551082,0.9601805,0.9612825,0.9718143,0.97312886,0.95636237,0.9727636,0.91882163,0.9675975,0.91968685,0.98109245,0.95782804,0.96477914,0.9217095,0.97711647,0.95465297,0.9555397,0.96344227,0.9719532,0.94718057,0.978972,0.9737846,0.96860576,0.95796025,0.9608264,0.9744999,0.97608596,0.9260928,0.9550955,0.9605382,0.95874435,0.96014524,0.956902,0.8920644,0.94113255,0.966798,0.9521829,0.9571815,0.9593822,0.9695711,0.978972,0.9671202,0.96865875,0.97880024,0.94110656
