movie,21bridgesmovie,47metersdown,abeautifuldaymovie,abominablemovie,adastramovie,adogsjourneymovie,aftermathmovie,aftermovie,ahiddenlifefilm,alitamovie,angelhasfallen,angrybirdsmovie,annabellemovie,annamovie,apollo11movie,arcticdogsmovie,arcticmovie,artofracingmovie,avengers,beachbummovie,bernadettefilm,blackandbluemovie,blackchristmas,blindedbythelightmovie,bombshellmovie,booksmart,breakthroughmovie,brianbanksmovie,brightburnmovie,brittanyrunsmov,captainmarvelofficial,captivestatemovie,catsmovie,charliesangels,childsplaymovie,clarathefilm,coldpursuitmovie,countdown,currentwarmovie,darkwatersmovie,detectivepikachumovie,disneyaladdin,disneyfrozen,disneymaleficent,doctorsleepmovie,dolemiteismyname,dontletgomovie,doramovie,downtonabbey_official,dumbo,escaperoom,everybodyknowsmovie,fastandfuriousmovie,fightingwmyfam,fivefeetapartfilm,fordvferrari,freaksthefilm,geminimanmovie,glassmovie,gloriabellmovie,godzillamovie,goldfinchmovie,goodboysmovie,goodliarmovie,gretafilm,halathemovie,happydeathdaymovie,harrietfilm,hellboymovie,hersmellmovie,highlifemovie,highstrungmovie,honeyboymovie,hotelmumbaifilm,httydragon,hustlemovie,hustlersmovie,isntitromantic,itmovieofficial,jayandsilentbob,johnwickmovie,jojorabbitmovie,jokermovie,judythefilm,jumanjimovie,justmercyfilm,knivesout,lalloronamovie,lastblackmansf,lastchristmasthemovie,latenightmovie,lighthousemovie,lionking,littlethemovie,littlewomenmovie,littlewoodsfilm,longshotmovie,lordsofchaosmovie,lucyintheskyfilm,mamovie2019,marriagestory,meettheaddams,meninblack,midsommarmovie,midwaymovie,missbalamovie,missinglinkfilm,motherlessbklyn,onceinhollywood,onthebasisofsex,overcomermovie,peanutbutterfalcon,petsematarymovie,piercingmovie,playingwithfire,playmobilthemovie,pomsmovie,queenandslim,rambomovie,readyornotfilm,richardjewellfilm,rocketmanmovie,scarystoriesmovie,secretlifeofpets,serenityfilm,shaftmovie,shazammovie,spidermanmovie,spiesindisguise,starwars,stormboymovie,stubermovie,taosdfilm,teenspiritmov,terminator,theaeronautsmov,thebestofenemies,thedeaddontdie,thefarewell,thehighwaymen,thehummingbirdprojectfilm,theintrudermovie,theirishmanfilm,thekitchenmovie,thelegomovie,themustangfilm,thenightingalefilm,theprodigymovie,thesunisalsoastar,theupsidefilm,tolkienmovie,toystory,triplefrontier,uglydolls,uncutgems,underthesilverlake,usmovie,wavesmovie,whatmenwant,wonderparkmovie,wrinklestheclown,xmenmovies,yardiefilm,yesterdaymovie,zombieland
21bridgesmovie,0.9999999,0.9759507,0.9846378,0.9733627,0.969516,0.96678156,0.98164004,0.9813547,0.9917124,0.9598748,0.9676071,0.985149,0.9908176,0.98907506,0.9797322,0.9862346,0.9760139,0.9645861,0.988971,0.95132524,0.9821797,0.9766143,0.98031896,0.98891896,0.9781894,0.64670277,0.97551584,0.97310543,0.98558307,0.97309375,0.9785706,0.9765778,0.9563889,0.9709353,0.92453736,0.89142406,0.9782025,0.9870873,0.98254293,0.97214437,0.9802713,0.975555,0.91869247,0.9780477,0.9887337,0.9681442,0.97869015,0.9776688,0.9742199,0.97353345,0.99001145,0.9870895,0.9882086,0.97652084,0.9588677,0.9569757,0.97789013,0.97937506,0.9706796,0.97967774,0.9727269,0.9737289,0.9850892,0.98544127,0.99128795,0.9807223,0.9428291,0.98559815,0.95708007,0.97970015,0.9854557,0.40248555,0.9419849,0.98354137,0.9627144,0.9611924,0.84458417,0.957266,0.9820689,0.965948,0.97147447,0.97145385,0.98677427,0.96564364,0.9831604,0.9541483,0.9550028,0.9911853,0.97366,0.97102785,0.9766755,0.9854557,0.96844137,0.96927017,0.9793123,0.97973824,0.97134125,0.97009826,0.96966153,0.97878605,0.96897644,0.97950816,0.9644939,0.9830161,0.9759042,0.99338007,0.9777792,0.97345155,0.96485263,0.9728514,0.9800468,0.54757994,0.98560977,0.78419787,0.97421014,0.97829145,0.99682266,0.9683671,0.9860269,0.9785774,0.987932,0.96010524,0.98602355,0.95464104,0.98305047,0.9877077,0.9634509,0.9833967,0.9728327,0.87951505,0.97434956,0.97083145,0.971497,0.8998823,0.97627425,0.9747353,0.98845404,0.9810525,0.9870808,0.9691599,0.9917124,0.9861332,0.9617636,0.9716754,0.97992325,0.98123914,0.9587936,0.92734617,0.9648214,0.9747175,0.9871445,0.9623546,0.97683805,0.91188866,0.9594269,0.98571867,0.97519046,0.9814091,0.98294896,0.982529,0.9917124,0.96202135,0.98168087,0.9811861,0.9840884
47metersdown,0.9759507,0.99999976,0.97256464,0.9428673,0.974262,0.96069,0.9660041,0.973484,0.9876189,0.9497799,0.9705889,0.9602195,0.9673714,0.9829614,0.9808234,0.9831695,0.9785767,0.96125686,0.971699,0.945173,0.9607758,0.9574911,0.9857634,0.9723309,0.97619724,0.61959314,0.9513603,0.9722241,0.96814114,0.9629513,0.97834885,0.9871806,0.961242,0.9470947,0.93383306,0.8714848,0.9841725,0.97022617,0.9756928,0.9775337,0.97303575,0.98280895,0.9388169,0.98441225,0.97581816,0.9516033,0.9827297,0.9790798,0.96682894,0.9855044,0.9798304,0.98509747,0.9593528,0.96637625,0.94420296,0.96171665,0.94583976,0.9721099,0.9631697,0.98476565,0.9858493,0.95813745,0.9827296,0.9694787,0.98174214,0.95975024,0.9602144,0.9833319,0.9772943,0.9483335,0.9918159,0.45603976,0.92469925,0.9837428,0.9439267,0.9609028,0.8448117,0.9655077,0.9851036,0.9572443,0.96614677,0.95078295,0.980462,0.9593186,0.9668193,0.9616198,0.96585125,0.97887963,0.99286646,0.96022886,0.9553755,0.9918159,0.95875955,0.9764418,0.98164815,0.98124593,0.97702646,0.95887154,0.9598849,0.97893596,0.95234764,0.9706136,0.9332478,0.99306035,0.97530526,0.9766249,0.9806675,0.9653949,0.9504495,0.9653809,0.982026,0.5767766,0.96393156,0.7651692,0.95700574,0.97885257,0.9779891,0.95160663,0.98223203,0.95913786,0.9671733,0.95057255,0.9783036,0.9459994,0.98369235,0.9843549,0.9693483,0.95956266,0.9743561,0.88852257,0.95873463,0.98009515,0.9604526,0.8859328,0.95986384,0.9716522,0.95883137,0.9774498,0.98941135,0.96821487,0.9876189,0.9693248,0.9566482,0.9729132,0.9572699,0.9828584,0.94686764,0.9406791,0.9651758,0.9770803,0.9676942,0.975471,0.96898365,0.91740817,0.968819,0.9844303,0.9653292,0.9785539,0.97187054,0.9636379,0.9876189,0.9593426,0.9750134,0.9848853,0.9879117
abeautifuldaymovie,0.9846378,0.97256464,1.0000001,0.9726324,0.96391493,0.9658116,0.9779757,0.9775241,0.9883534,0.9496145,0.9613965,0.9837187,0.97601545,0.9814396,0.9735383,0.97555876,0.97162116,0.9691597,0.9879568,0.94688344,0.9806322,0.98352706,0.97713643,0.97642386,0.9823726,0.64275295,0.9590519,0.9597609,0.99300224,0.9785485,0.98535275,0.9684771,0.9663044,0.97932535,0.9102208,0.866314,0.976031,0.96835464,0.974065,0.96833307,0.9673207,0.97368896,0.9176525,0.9702344,0.98330253,0.9693755,0.97599804,0.97169524,0.9630259,0.97303265,0.9944175,0.9778926,0.98275745,0.9753162,0.94599086,0.95546025,0.959767,0.97566986,0.9622024,0.9618157,0.96141744,0.97875214,0.9816632,0.96515524,0.9881824,0.97943807,0.92226857,0.9789699,0.94958025,0.9590943,0.9787661,0.40558138,0.93231314,0.9785604,0.9444658,0.9539588,0.81481314,0.9754033,0.96367806,0.9323202,0.9674259,0.9743379,0.9715717,0.94552475,0.9767044,0.9488437,0.93612057,0.9839486,0.96798426,0.97192645,0.98236895,0.9787661,0.97444206,0.962071,0.97986686,0.9816056,0.967178,0.96650535,0.96185064,0.95944273,0.9701221,0.9833321,0.9790393,0.97393084,0.96168983,0.99335897,0.97919697,0.95404464,0.95735186,0.95840985,0.97510916,0.55877876,0.98082227,0.755186,0.9695678,0.9624484,0.9825252,0.9457198,0.98167515,0.9690072,0.98464286,0.95793587,0.9779284,0.95962805,0.9824031,0.9834325,0.94749755,0.9865474,0.95968,0.90073174,0.96561366,0.96428823,0.9602154,0.8759294,0.9755262,0.9795125,0.960818,0.96287686,0.98115826,0.9716634,0.9883534,0.99262303,0.965104,0.9633558,0.9669172,0.98439074,0.962073,0.9067697,0.94993925,0.97446686,0.97393745,0.9790942,0.9771829,0.90449584,0.95207375,0.9738145,0.9719123,0.9798703,0.9758474,0.9726073,0.9883534,0.94393,0.9920906,0.97700036,0.982626
abominablemovie,0.9733627,0.9428673,0.9726324,1.0,0.94297236,0.9321016,0.9815813,0.9685018,0.971154,0.9612321,0.9343247,0.96509856,0.9721117,0.9507751,0.93808603,0.96287376,0.9531546,0.96787685,0.9677844,0.90014017,0.9664634,0.956247,0.95109344,0.9609069,0.9657372,0.5781584,0.964318,0.9507832,0.9736702,0.9387481,0.96283275,0.9426257,0.9376586,0.95838994,0.8922179,0.8704738,0.93809736,0.9715969,0.9631207,0.94783384,0.95471454,0.9457955,0.88546616,0.9539721,0.95196456,0.962503,0.95640606,0.9605646,0.9616697,0.9510449,0.9745388,0.95592666,0.96375567,0.96178454,0.926857,0.9352653,0.9833018,0.94186866,0.98219776,0.9516442,0.9256837,0.974068,0.95257074,0.9478774,0.9661445,0.96256983,0.91504735,0.95448333,0.9280229,0.95636207,0.96306056,0.32413128,0.94121104,0.95616686,0.9487307,0.91780263,0.8169656,0.9558811,0.9414988,0.9534134,0.94918936,0.99271655,0.95260346,0.9300459,0.9610662,0.90853053,0.90346694,0.966194,0.9540255,0.96598166,0.96186113,0.96306056,0.9587408,0.9457206,0.9454372,0.94781876,0.9388517,0.9527041,0.9640543,0.94877386,0.96094674,0.9520128,0.9643578,0.9584415,0.94172835,0.97671634,0.9563869,0.94753784,0.9542764,0.93816626,0.9624303,0.56359637,0.9460643,0.7813693,0.9393224,0.9465413,0.97487324,0.9329227,0.9638006,0.97688764,0.98071647,0.9123631,0.95929843,0.95715725,0.9675974,0.9760457,0.9142945,0.9722094,0.9325055,0.84480965,0.95118016,0.93882436,0.95834,0.8669913,0.94585025,0.9446438,0.9657932,0.94403416,0.9664551,0.9693537,0.971154,0.97709656,0.9640132,0.9372823,0.977362,0.9486085,0.9460458,0.88415784,0.9280856,0.9319235,0.9760387,0.9477897,0.9488754,0.8823152,0.935782,0.95836437,0.9481725,0.97058004,0.9614269,0.9379366,0.971154,0.9527463,0.9648911,0.9572975,0.9599106
adastramovie,0.969516,0.974262,0.96391493,0.94297236,1.0000002,0.9486934,0.97783613,0.9735014,0.983806,0.9737364,0.9595,0.95511055,0.961406,0.97264725,0.9665792,0.9784289,0.970017,0.98708934,0.96767044,0.9458075,0.9674995,0.9646465,0.96564347,0.9492411,0.9547398,0.62105286,0.95425236,0.96794057,0.96854305,0.97379786,0.9834648,0.96720815,0.9632939,0.9512188,0.9250565,0.84235895,0.9759495,0.9667224,0.974393,0.95456386,0.95675313,0.9742037,0.92933387,0.97268814,0.97165096,0.9447818,0.96517015,0.9664675,0.9821513,0.9710115,0.97184503,0.97514445,0.95531315,0.9610089,0.93181443,0.98801726,0.95463705,0.961854,0.9660715,0.9745749,0.9521044,0.95969796,0.97528213,0.9468149,0.96408105,0.9410282,0.95547795,0.97742045,0.95217043,0.9628816,0.9774598,0.46554735,0.93555254,0.98326916,0.9459277,0.9338705,0.78825444,0.94599503,0.9656792,0.96425116,0.95597005,0.9613899,0.9632062,0.9514534,0.95197177,0.9424514,0.93248653,0.9768742,0.97359085,0.9733563,0.9669258,0.9774598,0.9311025,0.9610896,0.97752315,0.9642466,0.9581477,0.97522426,0.95778054,0.95828074,0.94404924,0.9494193,0.94890684,0.973216,0.95706964,0.9701549,0.9716811,0.92744184,0.94070375,0.9579327,0.9692243,0.5443106,0.9633256,0.75859094,0.9450049,0.9633949,0.9758936,0.9450774,0.97027314,0.9635991,0.96064776,0.9287642,0.96845883,0.9429014,0.9735166,0.97951907,0.96138525,0.9571483,0.97704124,0.83977485,0.96627957,0.9724127,0.98029,0.90665126,0.9541299,0.9757677,0.9484441,0.9720675,0.98062456,0.963581,0.983806,0.9594702,0.9409951,0.9341478,0.96475345,0.9641587,0.94663256,0.9252575,0.9156778,0.9539553,0.974981,0.94503546,0.9565616,0.91188437,0.93970066,0.96862376,0.9710475,0.9712362,0.9562873,0.9638522,0.983806,0.9620218,0.96765983,0.9709483,0.96845746
adogsjourneymovie,0.96678156,0.96069,0.9658116,0.9321016,0.9486934,1.0,0.9450011,0.9600798,0.96954703,0.9420038,0.979589,0.96878934,0.95511234,0.9742322,0.9598861,0.963643,0.9642398,0.9427445,0.9756988,0.9373193,0.9593553,0.94779557,0.9680495,0.9766902,0.9559961,0.6726773,0.97216785,0.9522005,0.9540332,0.96011144,0.96876836,0.95336896,0.92944455,0.93416744,0.8650044,0.87373775,0.9622452,0.9375594,0.9494997,0.95487547,0.94926155,0.95148116,0.87417644,0.9501502,0.9833307,0.9658241,0.964181,0.9645404,0.9517915,0.9533074,0.9582452,0.9670457,0.9664952,0.96721345,0.94075966,0.96120244,0.9467641,0.96820515,0.93160164,0.95759165,0.94497734,0.9360613,0.97300386,0.95853037,0.969361,0.9654971,0.9000571,0.9665009,0.94565016,0.9616143,0.9634498,0.45346627,0.9368748,0.96116763,0.92653763,0.96235967,0.7945199,0.9493539,0.95654345,0.9340059,0.97670895,0.9319562,0.96238714,0.91339433,0.95354635,0.9552455,0.94843894,0.96885073,0.9531137,0.94560146,0.96575564,0.9634498,0.9700677,0.9670595,0.9632798,0.9758039,0.9740594,0.93340456,0.93091327,0.9449764,0.9642638,0.97740054,0.94046664,0.9664937,0.9387061,0.96318847,0.9688106,0.95326465,0.9289287,0.96313155,0.96317625,0.5142593,0.9733949,0.77396417,0.9634337,0.9592907,0.96067995,0.9245454,0.9716312,0.9329358,0.96690845,0.961406,0.9678232,0.9545688,0.972549,0.96443886,0.9334931,0.9464081,0.9622725,0.8951234,0.9516774,0.9697735,0.9548284,0.8200799,0.9722287,0.9596536,0.9539883,0.9525118,0.956119,0.9548202,0.96954703,0.9569232,0.95836705,0.9503306,0.9371731,0.96934557,0.9678377,0.8892159,0.93898416,0.94194543,0.9474755,0.96955913,0.9789604,0.90788645,0.9518854,0.9602865,0.95385313,0.9591427,0.9750674,0.9628085,0.96954703,0.9084628,0.9677654,0.96265477,0.94798785
aftermathmovie,0.98164004,0.9660041,0.9779757,0.9815813,0.97783613,0.9450011,0.99999994,0.97851527,0.98822826,0.97426564,0.9518002,0.9709264,0.97792137,0.9708451,0.9591205,0.98012775,0.9665569,0.9855338,0.97212905,0.92826134,0.97663873,0.97210705,0.9689753,0.96466786,0.96864957,0.5841789,0.9658221,0.96832013,0.9826156,0.9609178,0.97263485,0.95909345,0.9566717,0.96150225,0.9323238,0.86334807,0.96902764,0.98014283,0.9814367,0.9476248,0.97402704,0.97188395,0.92495894,0.97567034,0.969424,0.9644265,0.9722291,0.97801113,0.97562665,0.97309095,0.9844517,0.97233826,0.9690611,0.97379726,0.9475838,0.96797436,0.9760071,0.9623406,0.983311,0.96819556,0.94855005,0.98175055,0.974012,0.9575643,0.97001934,0.96035105,0.9452874,0.9701729,0.9449195,0.97020173,0.98196167,0.34474736,0.9574662,0.9824327,0.96326303,0.9253315,0.8256289,0.96300334,0.9682121,0.96925366,0.9605901,0.99155444,0.9657797,0.95676523,0.970206,0.9250921,0.92304015,0.98291093,0.9707163,0.9866059,0.97037214,0.98196167,0.9563311,0.95993096,0.96972644,0.9592004,0.9505067,0.9746253,0.97769475,0.9673077,0.9680582,0.96421003,0.96335655,0.9742591,0.9655029,0.98608893,0.9750176,0.9550081,0.96104765,0.95042944,0.9773147,0.53025186,0.9617277,0.78583825,0.95426476,0.96090215,0.9873014,0.9611749,0.98408747,0.99376184,0.98227215,0.9352169,0.97649896,0.942315,0.9736641,0.98511547,0.9512543,0.9788987,0.957842,0.84983414,0.9770335,0.95534396,0.98331434,0.9106025,0.95878965,0.96756166,0.97196424,0.9695979,0.9863302,0.9839972,0.98822826,0.9785535,0.9679688,0.94997936,0.9856973,0.96430945,0.95205986,0.92365867,0.9369899,0.9501517,0.9948129,0.9510815,0.96358305,0.88551176,0.95915353,0.97571,0.972707,0.9765315,0.96784747,0.9634146,0.98822826,0.9709845,0.9774839,0.97381437,0.97933555
aftermovie,0.9813547,0.973484,0.9775241,0.9685018,0.9735014,0.9600798,0.97851527,1.0,0.98781925,0.95960915,0.97074586,0.96922207,0.9777828,0.97849095,0.97809154,0.98166186,0.9645145,0.9723577,0.9725864,0.940676,0.9683778,0.96993834,0.9822446,0.9690953,0.97267896,0.64118457,0.9680035,0.973137,0.97489893,0.9721875,0.9779799,0.9676736,0.9479376,0.9568831,0.91309845,0.85234475,0.96824884,0.97435886,0.9856748,0.9568868,0.9678056,0.9604935,0.91876274,0.9748218,0.9745767,0.96312165,0.98138416,0.9719449,0.9781239,0.9701527,0.97973645,0.9739825,0.97824645,0.9619665,0.96730864,0.9604264,0.98070216,0.97093713,0.98055273,0.9868866,0.9595263,0.97056955,0.97442114,0.96820265,0.97829294,0.969676,0.9378329,0.9689405,0.9670447,0.97978145,0.9900628,0.4004676,0.9330385,0.9930345,0.9600876,0.9525624,0.8047271,0.96106327,0.96756274,0.9665642,0.9733116,0.97137076,0.9772533,0.94679576,0.95987153,0.95193535,0.9445739,0.98477626,0.9735566,0.9698283,0.97766024,0.9900628,0.9516518,0.95142776,0.9654932,0.9746155,0.9713539,0.9713149,0.9725538,0.9751017,0.957865,0.9642744,0.9534307,0.9839352,0.9670564,0.9781663,0.9762808,0.9494779,0.9669184,0.96652746,0.97996247,0.5563583,0.9715172,0.7906961,0.96619666,0.9708556,0.98069215,0.94834274,0.9865364,0.9740331,0.97651255,0.9485293,0.98417,0.96032023,0.9783292,0.9821887,0.9642284,0.9621175,0.9483825,0.8486729,0.959508,0.9695977,0.96950424,0.91196924,0.9684845,0.97948456,0.97052217,0.9664001,0.98775566,0.9748368,0.98781925,0.9783385,0.9556784,0.9562549,0.9781643,0.9757982,0.96345335,0.9201488,0.94358814,0.9578694,0.98262095,0.9611288,0.976652,0.8843999,0.9605259,0.9845612,0.97810835,0.9795419,0.97345227,0.96721375,0.98781925,0.966427,0.9724887,0.9829255,0.9709337
ahiddenlifefilm,0.9917124,0.9876189,0.9883534,0.971154,0.983806,0.96954703,0.98822826,0.98781925,0.9999999,0.9735402,0.9731645,0.9807641,0.9838023,0.9911733,0.98735005,0.9924675,0.9862649,0.9787239,0.9863341,0.95968086,0.9863047,0.9814453,0.98764265,0.982334,0.98605514,0.63564306,0.9688344,0.98223567,0.9860926,0.98101217,0.9879331,0.98622423,0.9674478,0.9692926,0.9433136,0.8832759,0.99072623,0.98237365,0.99082786,0.9784444,0.9814906,0.9880966,0.9468446,0.9913883,0.9871122,0.9728321,0.98620415,0.98837996,0.9853089,0.99003994,0.9910138,0.993961,0.9820563,0.9831705,0.9585216,0.9720081,0.9747804,0.97679156,0.9784632,0.9814644,0.97596705,0.9767962,0.99242806,0.9734509,0.99112636,0.97201246,0.9609476,0.9911665,0.96751845,0.9775082,0.99310297,0.41144335,0.95391667,0.9937233,0.9705003,0.96049494,0.84087574,0.97430193,0.9855437,0.9710299,0.97589606,0.97778475,0.98363245,0.97153234,0.9816424,0.96616274,0.9629279,0.99440944,0.9880051,0.9862752,0.9816337,0.99310297,0.9676987,0.9807192,0.9901493,0.986772,0.977832,0.9826465,0.97225744,0.98281664,0.9746504,0.98053896,0.96176934,0.99106324,0.9827996,0.99121135,0.98778933,0.9669563,0.9731358,0.9752872,0.9863598,0.5515856,0.9792336,0.7929504,0.97384113,0.9821042,0.9931495,0.97126657,0.99323434,0.9821221,0.98676825,0.95642745,0.99037635,0.9625009,0.9913963,0.9961337,0.97564054,0.98090774,0.9776493,0.8873033,0.98393303,0.97983056,0.98149467,0.90951085,0.97108895,0.9844874,0.97747976,0.9866866,0.9951042,0.9811586,0.9999999,0.9848744,0.96749586,0.9735819,0.98155844,0.9861891,0.9652574,0.9473526,0.9600606,0.9755548,0.9897528,0.97494864,0.97882175,0.9118406,0.96817803,0.9868361,0.98123413,0.9913326,0.98176503,0.97719216,0.9999999,0.9706756,0.9906631,0.9879088,0.98926353
alitamovie,0.9598748,0.9497799,0.9496145,0.9612321,0.9737364,0.9420038,0.97426564,0.95960915,0.9735402,1.0,0.9482559,0.95805615,0.95129853,0.9504233,0.94458747,0.9642791,0.97003126,0.9757627,0.95546454,0.9316154,0.9669449,0.9530923,0.94686323,0.95113814,0.95840037,0.6065682,0.9634084,0.9684441,0.9522268,0.9505992,0.9648125,0.9482309,0.92961115,0.9346127,0.91288775,0.84696805,0.9601145,0.9546957,0.9609396,0.9443775,0.9524,0.95263714,0.90514123,0.958918,0.9522213,0.9518927,0.9505135,0.96161157,0.9785438,0.9574225,0.95360786,0.9636224,0.9435382,0.9655373,0.92614543,0.9744117,0.9635489,0.9385466,0.9630323,0.95026845,0.92842716,0.94239014,0.96215487,0.9288049,0.9501228,0.9244462,0.93733174,0.9618853,0.9389294,0.9649636,0.9601742,0.39664027,0.960215,0.9616907,0.96743673,0.9068538,0.7894221,0.9429794,0.9495847,0.97138697,0.9507007,0.9713509,0.94080466,0.931727,0.9490367,0.93417287,0.9315041,0.9689235,0.9652177,0.97546464,0.95607686,0.9601742,0.9340894,0.9624109,0.9642354,0.9505842,0.9486213,0.9637125,0.94545037,0.9448358,0.9557301,0.93725073,0.9355012,0.9595818,0.9450637,0.95724374,0.9691705,0.9265353,0.9467065,0.941828,0.95408934,0.5544448,0.94267637,0.79227114,0.94039893,0.9594805,0.96845496,0.9346715,0.96414244,0.96036476,0.96078837,0.91274315,0.9642096,0.9372946,0.97034454,0.9767721,0.94616604,0.9400361,0.96497065,0.8330875,0.9730813,0.9633124,0.98520154,0.87482154,0.94187105,0.95136446,0.9563368,0.956084,0.96630096,0.9591149,0.9735402,0.94820106,0.9436619,0.92566067,0.96956587,0.9331822,0.94888353,0.9184379,0.90235746,0.91383827,0.97030795,0.9353279,0.94399476,0.89446056,0.93655056,0.95400447,0.945268,0.97326577,0.9536931,0.9437027,0.9735402,0.949049,0.9565601,0.9533741,0.950129
angelhasfallen,0.9676071,0.9705889,0.9613965,0.9343247,0.9595,0.979589,0.9518002,0.97074586,0.9731645,0.9482559,1.0000001,0.96457314,0.9593015,0.9801316,0.96757036,0.96922976,0.9578378,0.9447848,0.96504533,0.9389588,0.946002,0.9426081,0.97819984,0.972748,0.96527654,0.5741313,0.96983683,0.94721884,0.94778305,0.95639837,0.96578723,0.96593356,0.9207082,0.9329163,0.88142574,0.86846226,0.96138054,0.9472867,0.9513586,0.9574581,0.96151567,0.95769286,0.88696384,0.9614869,0.97881883,0.9645011,0.97654235,0.9636366,0.9546393,0.96604836,0.9588347,0.9662427,0.9636373,0.9627355,0.96368045,0.9657539,0.9521227,0.9697664,0.9431123,0.9715196,0.96130556,0.93563735,0.97695476,0.9731577,0.9653759,0.9682238,0.9144757,0.9600181,0.98006314,0.9560924,0.97218585,0.47537,0.9335676,0.970557,0.94624156,0.9521518,0.83229476,0.95183855,0.96702844,0.94157153,0.9888092,0.94431525,0.97481495,0.9192934,0.9497053,0.95450455,0.9652501,0.96789044,0.9635535,0.94679976,0.9618832,0.97218585,0.9681538,0.95811427,0.9603341,0.971677,0.98427826,0.92998433,0.9393713,0.9700696,0.9609705,0.9700807,0.91804767,0.97429734,0.95979214,0.9623108,0.9737496,0.9574413,0.9496051,0.9636303,0.97070915,0.50126123,0.97163033,0.731131,0.9673105,0.9807755,0.96841025,0.92884946,0.9790494,0.943424,0.97062045,0.9679597,0.97997934,0.9357876,0.9679577,0.96645415,0.95143145,0.94110125,0.9603489,0.88762504,0.94389856,0.97484344,0.9483987,0.83779514,0.97236466,0.95947474,0.96791875,0.9497737,0.9640915,0.9604744,0.9731645,0.95498455,0.954041,0.9510569,0.9423716,0.9625923,0.95888764,0.9135599,0.9537684,0.9502384,0.9523606,0.96466917,0.98128635,0.90675,0.9512751,0.96729386,0.95726544,0.96776116,0.9663489,0.9696666,0.9731645,0.9401083,0.96238774,0.97230864,0.9579521
angrybirdsmovie,0.985149,0.9602195,0.9837187,0.96509856,0.95511055,0.96878934,0.9709264,0.96922207,0.9807641,0.95805615,0.96457314,1.0,0.97455597,0.97616917,0.97037446,0.97653836,0.96344376,0.95740175,0.97246504,0.9567989,0.97664195,0.9788289,0.96183556,0.9824494,0.9781813,0.64704204,0.9713878,0.9634658,0.9837166,0.97514844,0.96510816,0.9613114,0.9425584,0.9749646,0.90165126,0.8794558,0.96910256,0.9611441,0.9671177,0.958012,0.97134846,0.9576943,0.89592165,0.9580974,0.97967386,0.96700054,0.9585427,0.9686925,0.96327776,0.9562578,0.9809999,0.97479564,0.97891545,0.9790276,0.9546881,0.9517999,0.95820355,0.9679327,0.95473874,0.95583236,0.96208906,0.9592166,0.978017,0.9665268,0.9802367,0.9693758,0.91422117,0.9733495,0.9510757,0.9672715,0.97126263,0.408741,0.9348673,0.9717671,0.96190965,0.9279065,0.8239701,0.9570478,0.9631813,0.94199526,0.96509326,0.961679,0.967918,0.9422133,0.97279465,0.9422125,0.9505791,0.9847348,0.95892864,0.958773,0.9721436,0.97126263,0.97189957,0.9614993,0.9712929,0.979749,0.9622789,0.96238977,0.9578178,0.9575052,0.96770316,0.974563,0.9688894,0.96630776,0.9589098,0.9863035,0.9837172,0.955974,0.9492562,0.95845497,0.9653147,0.5443946,0.9797662,0.79218614,0.9749511,0.9633741,0.9803536,0.94416744,0.9782494,0.9593024,0.9856076,0.9637073,0.9826585,0.94174796,0.97334695,0.9804741,0.95287514,0.9708982,0.9627061,0.86998236,0.9611468,0.9668646,0.9666615,0.8683035,0.9758117,0.963843,0.97012293,0.95488095,0.97334737,0.96135986,0.9807641,0.9814023,0.9610498,0.9573769,0.9745828,0.96959823,0.97519094,0.9104465,0.94621724,0.9539532,0.9752259,0.96087617,0.9676161,0.90962493,0.95768124,0.9698486,0.95671093,0.97950625,0.97362804,0.9744694,0.9807641,0.9336919,0.9761127,0.96497846,0.9742014
annabellemovie,0.9908176,0.9673714,0.97601545,0.9721117,0.961406,0.95511234,0.97792137,0.9777828,0.9838023,0.95129853,0.9593015,0.97455597,1.0000001,0.9756446,0.9729296,0.97827953,0.9642316,0.9588453,0.97882056,0.9196961,0.96526617,0.95922923,0.9730412,0.9815658,0.97461635,0.6325311,0.96250665,0.9638671,0.9754704,0.95255977,0.9674565,0.9652527,0.94455636,0.9687082,0.9294138,0.89063543,0.9640795,0.9895086,0.97073734,0.9597271,0.98516166,0.9709478,0.9226409,0.977859,0.9813665,0.9625202,0.96917504,0.97252756,0.96805704,0.97100115,0.9846267,0.98224664,0.9917458,0.96392965,0.95932466,0.94243044,0.97736984,0.96526945,0.96720815,0.9731266,0.9681999,0.96802425,0.97799534,0.97940916,0.9857589,0.9741865,0.9458316,0.97850287,0.95102775,0.97189677,0.97573173,0.3545241,0.93279046,0.9771821,0.96089983,0.9521857,0.85450673,0.94125515,0.96437526,0.96762514,0.9637923,0.9691692,0.9828478,0.9688694,0.98864883,0.94241655,0.943489,0.99175024,0.970032,0.9686363,0.96150196,0.97573173,0.9582262,0.9527826,0.9655247,0.9626354,0.96568245,0.95829904,0.9739066,0.97908664,0.96499807,0.97302717,0.9561036,0.97496027,0.97068805,0.9884395,0.97004503,0.9732706,0.95390695,0.9697641,0.97126776,0.54489666,0.97038954,0.7987648,0.9586328,0.9663659,0.9891519,0.96548146,0.9820053,0.9842015,0.9851938,0.9436797,0.9788575,0.95484877,0.9694046,0.98204726,0.9574909,0.967935,0.9521123,0.86917555,0.9583338,0.9570128,0.9651521,0.9092487,0.96182615,0.954765,0.980879,0.9792593,0.980399,0.9698214,0.9838023,0.978374,0.9606863,0.96626097,0.98032784,0.9740151,0.9500209,0.92517644,0.9647075,0.9686163,0.9850589,0.95391315,0.9689492,0.8983368,0.955981,0.97949994,0.96561706,0.9684615,0.96405745,0.96922714,0.9838023,0.9708023,0.9767349,0.97145426,0.97773504
annamovie,0.98907506,0.9829614,0.9814396,0.9507751,0.97264725,0.9742322,0.9708451,0.97849095,0.9911733,0.9504233,0.9801316,0.97616917,0.9756446,0.99999994,0.9874176,0.9836838,0.9712229,0.95696604,0.9826848,0.9632149,0.9747335,0.9710672,0.98648447,0.9832075,0.97899795,0.6218004,0.9628235,0.96086305,0.97425896,0.98001665,0.9808716,0.9833603,0.9518277,0.9628386,0.9281498,0.896407,0.9854824,0.96817476,0.9762243,0.9778163,0.97311217,0.9832196,0.93286246,0.9827987,0.99275935,0.9677006,0.9832224,0.9771997,0.9666458,0.98229116,0.9843463,0.9884607,0.9781802,0.97491246,0.96047086,0.9654838,0.9612512,0.985732,0.9592324,0.9752052,0.97797304,0.9639864,0.9941225,0.9868253,0.98773545,0.9821883,0.942271,0.9841713,0.96654755,0.97297555,0.9851539,0.42458755,0.9440783,0.9855655,0.95619404,0.97183084,0.84864086,0.95735055,0.98491067,0.9519849,0.98049325,0.9570485,0.9870316,0.96389693,0.97366536,0.9649282,0.9700845,0.98490506,0.97168267,0.96737677,0.97917855,0.9851539,0.97076666,0.9736312,0.9888599,0.9869027,0.9811377,0.9633357,0.9555591,0.98349524,0.96743244,0.98580974,0.9445931,0.9845967,0.97972786,0.9862686,0.9800982,0.96936274,0.9645371,0.9725397,0.98245084,0.54033035,0.9889651,0.7520107,0.9785314,0.9807553,0.9874333,0.96083844,0.9882702,0.96454436,0.9823632,0.9743312,0.9844012,0.9486393,0.98511434,0.98341894,0.96865696,0.97704315,0.9763796,0.90751195,0.972254,0.97908705,0.9573902,0.8902758,0.9798747,0.9817495,0.9763394,0.9779951,0.9821589,0.96431404,0.9911733,0.9739153,0.9593453,0.9712654,0.96110666,0.9892391,0.9620675,0.938531,0.9686041,0.9796028,0.97451633,0.9717262,0.9852889,0.9047001,0.962152,0.98205084,0.9764265,0.9785488,0.9819462,0.98693275,0.9911733,0.95519125,0.9822325,0.9821036,0.9846807
apollo11movie,0.9797322,0.9808234,0.9735383,0.93808603,0.9665792,0.9598861,0.9591205,0.97809154,0.98735005,0.94458747,0.96757036,0.97037446,0.9729296,0.9874176,0.9999999,0.9781258,0.96975785,0.9460251,0.9702661,0.97076035,0.96618754,0.9660835,0.97986525,0.9773588,0.9770018,0.6445193,0.9411379,0.9702693,0.96952075,0.9733892,0.96909004,0.98753643,0.95684904,0.9625818,0.94342196,0.8627767,0.9867856,0.962809,0.97877085,0.97596854,0.97686857,0.97983205,0.95028996,0.98355716,0.9803307,0.94575423,0.97209895,0.9768835,0.96696913,0.9793248,0.97581965,0.9882947,0.972828,0.9642217,0.9565979,0.950226,0.9554325,0.9727525,0.95273274,0.97160155,0.98526007,0.9498103,0.98666966,0.97040564,0.98713547,0.96296376,0.9542212,0.9849797,0.9739611,0.9630534,0.980267,0.45513263,0.9147973,0.98728,0.9640412,0.9599078,0.83575237,0.95303047,0.9788176,0.949784,0.9662446,0.9407697,0.98121756,0.97304237,0.97176,0.9748726,0.97802174,0.9863396,0.97783726,0.9606034,0.95934445,0.980267,0.948801,0.96818644,0.9814838,0.9869371,0.9735403,0.9715019,0.9569728,0.9815836,0.9473781,0.9660893,0.9336494,0.98115194,0.9813744,0.9741841,0.9835917,0.9538205,0.96263033,0.9731451,0.9753149,0.5486664,0.9750905,0.7836326,0.9688276,0.97484666,0.9754516,0.96569234,0.98193425,0.95800465,0.9652973,0.9615558,0.9815211,0.95129794,0.9769383,0.9794535,0.9859541,0.9558787,0.96589583,0.8812058,0.96239495,0.9745585,0.95604837,0.9128409,0.9644464,0.9686773,0.9606568,0.9786276,0.98195344,0.95225555,0.98735005,0.9710667,0.93762636,0.9688164,0.9625974,0.9853876,0.9564763,0.9552014,0.96114624,0.9785257,0.96972567,0.9676277,0.96494246,0.90403926,0.95846367,0.9770542,0.96844107,0.97671694,0.9645956,0.9737678,0.98735005,0.9620188,0.97934836,0.9769793,0.9786716
arcticdogsmovie,0.9862346,0.9831695,0.97555876,0.96287376,0.9784289,0.963643,0.98012775,0.98166186,0.9924675,0.9642791,0.96922976,0.97653836,0.97827953,0.9836838,0.9781258,1.0,0.98017055,0.9759782,0.9754131,0.94999266,0.97858757,0.97183603,0.97694963,0.9733686,0.97614795,0.6326849,0.9686631,0.9842453,0.9783499,0.9764194,0.97683525,0.9817178,0.96320546,0.95940584,0.9286233,0.8961198,0.97907865,0.97883826,0.9893192,0.9721963,0.97550267,0.97999644,0.93910766,0.98620147,0.97819257,0.97080564,0.9763024,0.98737943,0.9877684,0.9823977,0.9819441,0.98910886,0.97513455,0.9775012,0.94901305,0.9620056,0.9676978,0.9590095,0.9787984,0.9816211,0.96824586,0.9732581,0.9822405,0.96725816,0.98194665,0.96169716,0.9627531,0.9836769,0.96178555,0.96906203,0.9912715,0.4317699,0.9506852,0.98979723,0.96083176,0.9475342,0.8467655,0.9727282,0.98196965,0.97485244,0.96449184,0.96968436,0.9818497,0.97048336,0.9727125,0.95280945,0.95806986,0.9863117,0.98398745,0.9748334,0.9757714,0.9912715,0.96007,0.9775629,0.97769266,0.9822395,0.9666366,0.9769827,0.9695045,0.97750074,0.96967405,0.968105,0.9587952,0.9861979,0.9789454,0.98338276,0.976772,0.96684986,0.9627666,0.9759652,0.97843957,0.51377684,0.9688959,0.8116714,0.9609221,0.97679824,0.98552567,0.96554327,0.98339677,0.9727153,0.983375,0.9380145,0.98787415,0.95334774,0.9790839,0.99248904,0.9666211,0.97681755,0.97336227,0.8638943,0.9731195,0.9770836,0.97841823,0.90688175,0.9528858,0.9784569,0.97541386,0.9805751,0.99016905,0.9822245,0.9924675,0.9776053,0.9689753,0.9686512,0.97846097,0.97640526,0.9661596,0.94102854,0.9560369,0.965392,0.98569036,0.96063143,0.9654789,0.9213004,0.96850216,0.98239607,0.971299,0.99165255,0.9786401,0.961655,0.9924675,0.96337664,0.97959584,0.9796518,0.9816494
arcticmovie,0.9760139,0.9785767,0.97162116,0.9531546,0.970017,0.9642398,0.9665569,0.9645145,0.9862649,0.97003126,0.9578378,0.96344376,0.9642316,0.9712229,0.96975785,0.98017055,1.0000001,0.9673486,0.9795674,0.9575103,0.97402084,0.9736603,0.9682942,0.9736332,0.96481615,0.68641794,0.95735353,0.9856061,0.9726874,0.9664066,0.9805445,0.9771329,0.96339846,0.9556199,0.92830753,0.87505305,0.9873029,0.9676724,0.97626406,0.978206,0.96518713,0.97525245,0.9326757,0.97478116,0.97012174,0.96158254,0.96704805,0.9705475,0.98027843,0.97515994,0.9691611,0.9875469,0.9644404,0.975678,0.932777,0.9639822,0.9534947,0.95322466,0.9541985,0.9680003,0.959538,0.95318615,0.9757196,0.94918305,0.98211765,0.94016445,0.95609254,0.9884571,0.95094573,0.95928174,0.9749174,0.4355488,0.9359694,0.9724197,0.9524802,0.9600309,0.8100297,0.97236115,0.9756492,0.959428,0.965967,0.95886946,0.96484166,0.9557241,0.96318156,0.96818864,0.95785594,0.97978216,0.9818184,0.97139084,0.963297,0.9749174,0.9514232,0.9852983,0.9776131,0.97543615,0.9664469,0.96927893,0.9423785,0.96029776,0.96489775,0.9640596,0.9535288,0.974921,0.9655021,0.9705507,0.9715756,0.9506414,0.9471506,0.97693104,0.96534413,0.52134347,0.95704925,0.78521097,0.9536518,0.98060423,0.97769624,0.96206963,0.97459525,0.95746684,0.9648073,0.9317365,0.976107,0.9569444,0.9845744,0.98500806,0.95962614,0.9627953,0.9835126,0.87064135,0.97669786,0.9713986,0.9790515,0.8752627,0.9440698,0.97064245,0.96068895,0.9846753,0.97732246,0.9629194,0.9862649,0.97253823,0.9469144,0.9595954,0.9619867,0.9692766,0.94723487,0.9401374,0.94199705,0.95610845,0.9681085,0.97089493,0.9603899,0.92571723,0.9430407,0.9648835,0.9593828,0.98256606,0.9725169,0.95478284,0.9862649,0.9392439,0.9807634,0.9677389,0.96775633
artofracingmovie,0.9645861,0.96125686,0.9691597,0.96787685,0.98708934,0.9427445,0.9855338,0.9723577,0.9787239,0.9757627,0.9447848,0.95740175,0.9588453,0.95696604,0.9460251,0.9759782,0.9673486,1.0000001,0.96735007,0.9235368,0.9683512,0.9656307,0.9499667,0.9457041,0.9529881,0.61831087,0.9610587,0.96861607,0.97509867,0.9647697,0.98094624,0.9494715,0.96249384,0.9529206,0.9014595,0.8469395,0.95850956,0.96166676,0.97337973,0.9431926,0.95175534,0.96343225,0.9100071,0.9627034,0.96116143,0.9576305,0.9545247,0.96475375,0.9800648,0.96054727,0.9732385,0.9635189,0.9539135,0.9627171,0.921368,0.9803147,0.96274185,0.9487553,0.97616243,0.96654046,0.92908394,0.97098196,0.9625395,0.93447936,0.9583337,0.9396375,0.93760693,0.9676034,0.93517274,0.95494944,0.97345024,0.4217692,0.94367224,0.9746044,0.93460613,0.9193233,0.7747635,0.9602919,0.94744843,0.95956427,0.9507626,0.981605,0.9507575,0.9346361,0.94678694,0.9226326,0.9051116,0.97124904,0.96726227,0.975014,0.969157,0.97345024,0.9421245,0.9585822,0.96264946,0.9559299,0.9462472,0.9696609,0.9613716,0.93950176,0.952689,0.94439715,0.97190815,0.96376747,0.9414357,0.9714928,0.9655156,0.9272791,0.9324703,0.9441335,0.9624217,0.54006785,0.95278037,0.77816176,0.93339837,0.95196,0.96929395,0.92915946,0.96512914,0.96770936,0.96712464,0.910299,0.9635705,0.95008975,0.96972543,0.9800215,0.9315316,0.964137,0.9620577,0.8266567,0.96066797,0.9634994,0.98207504,0.88266164,0.9446881,0.96921605,0.9442266,0.9587362,0.974729,0.976313,0.9787239,0.9709369,0.9600002,0.9271195,0.970968,0.95589864,0.95566636,0.89795375,0.906714,0.93303525,0.97818786,0.9472503,0.94950604,0.9026816,0.9395299,0.9634318,0.95740855,0.97487724,0.96235603,0.94724303,0.9787239,0.95045084,0.9692451,0.95824504,0.9630278
avengers,0.988971,0.971699,0.9879568,0.9677844,0.96767044,0.9756988,0.97212905,0.9725864,0.9863341,0.95546454,0.96504533,0.97246504,0.97882056,0.9826848,0.9702661,0.9754131,0.9795674,0.96735007,1.0,0.94071513,0.9792306,0.9688198,0.9749589,0.9818308,0.96937364,0.66214794,0.9666505,0.9662537,0.98201996,0.97137946,0.98932636,0.9682169,0.9664634,0.9645939,0.90211916,0.87647474,0.9742932,0.9727194,0.9691698,0.97408193,0.96728617,0.9757329,0.9068916,0.9703775,0.9889771,0.9677814,0.9745989,0.97244686,0.9651534,0.97169334,0.9862514,0.97994655,0.98226166,0.97557986,0.93843085,0.9632032,0.9680512,0.97671443,0.95729613,0.969167,0.9555656,0.9680227,0.9825797,0.97058344,0.9878,0.97876334,0.929887,0.98338526,0.94381166,0.96724087,0.9758919,0.44476524,0.93657357,0.97439843,0.9380039,0.97503173,0.8105126,0.96304786,0.96499693,0.9450582,0.97099125,0.96790415,0.97345734,0.94722176,0.97703534,0.9549634,0.9362865,0.9818216,0.96903604,0.9668248,0.9771221,0.9758919,0.9715771,0.9728292,0.97868985,0.9763037,0.9699349,0.9601573,0.9517974,0.95781136,0.9707551,0.97671944,0.96978277,0.97646654,0.9610254,0.9883749,0.9714794,0.96221775,0.94670254,0.97008103,0.9724883,0.5316263,0.9827656,0.76055384,0.96206766,0.9670227,0.98409325,0.9504317,0.9767017,0.9650156,0.9773547,0.9514903,0.9747501,0.9671518,0.98472285,0.9814697,0.9396764,0.98107105,0.97497445,0.898895,0.9704853,0.97201985,0.9655601,0.86548835,0.97401,0.9753094,0.9695113,0.9734225,0.97541165,0.96899337,0.9863341,0.9858389,0.9647208,0.957587,0.9566549,0.97825897,0.95542306,0.9020126,0.94939303,0.9688318,0.9697974,0.9758465,0.97680897,0.92638355,0.9455432,0.973248,0.96632606,0.9747479,0.98168176,0.9723999,0.9863341,0.94250304,0.98800635,0.9728448,0.9737164
beachbummovie,0.95132524,0.945173,0.94688344,0.90014017,0.9458075,0.9373193,0.92826134,0.940676,0.95968086,0.9316154,0.9389588,0.9567989,0.9196961,0.9632149,0.97076035,0.94999266,0.9575103,0.9235368,0.94071513,1.0,0.9562167,0.97125155,0.93770903,0.94876707,0.9370322,0.67182815,0.92175496,0.95169675,0.95142156,0.97440344,0.9462345,0.961887,0.93362576,0.9442142,0.9104197,0.83586365,0.9762563,0.91715026,0.95572567,0.95306814,0.9314435,0.9447829,0.912006,0.93955946,0.94963706,0.92153794,0.9301146,0.9349112,0.9451931,0.9383565,0.93753105,0.9599523,0.93242586,0.95437104,0.92586696,0.9426262,0.9145609,0.94666386,0.91234434,0.9339265,0.95057863,0.9089885,0.9591019,0.92963356,0.9575276,0.9175483,0.9156857,0.9624533,0.9384283,0.94270957,0.945811,0.50064015,0.88722163,0.9543798,0.9442262,0.92277735,0.7727834,0.93500537,0.9610044,0.90690154,0.9456627,0.9071663,0.93762755,0.93152004,0.9185876,0.96057206,0.96010137,0.9520033,0.93742466,0.9296573,0.9448263,0.945811,0.92029506,0.9560163,0.96152854,0.96899176,0.9417742,0.96107316,0.9010904,0.9360105,0.92000574,0.9349054,0.9190802,0.9424233,0.9493153,0.9391937,0.9585149,0.9006472,0.9310981,0.95077616,0.9364497,0.50572646,0.9556509,0.7437842,0.95994043,0.9582488,0.9469178,0.9410615,0.94797605,0.9091804,0.9301114,0.94928837,0.9573014,0.9107181,0.9575837,0.9514945,0.96263605,0.93551755,0.96638703,0.8355857,0.95025826,0.95459574,0.94037443,0.86492556,0.9414356,0.9584215,0.92754966,0.9466642,0.9463741,0.90799373,0.95968086,0.9439731,0.89173967,0.9260422,0.9316119,0.95193547,0.9376333,0.93639374,0.91008675,0.9370769,0.93790525,0.9412743,0.9341106,0.8954102,0.9090764,0.933406,0.9380769,0.95951194,0.9452797,0.95867497,0.95968086,0.9004515,0.94844383,0.9390039,0.94300103
bernadettefilm,0.9821797,0.9607758,0.9806322,0.9664634,0.9674995,0.9593553,0.97663873,0.9683778,0.9863047,0.9669449,0.946002,0.97664195,0.96526617,0.9747335,0.96618754,0.97858757,0.97402084,0.9683512,0.9792306,0.9562167,0.9999998,0.9822354,0.9655609,0.9683506,0.97279155,0.66770256,0.96718794,0.970262,0.9802997,0.9806386,0.9783572,0.96476907,0.95151293,0.95592743,0.9212571,0.8874816,0.9764581,0.9673763,0.9821477,0.9610637,0.9533921,0.9705654,0.9271788,0.9716663,0.97455645,0.9710466,0.96330905,0.9737019,0.9740875,0.9712527,0.97744304,0.9780623,0.97263175,0.98257583,0.9359193,0.9560815,0.9662785,0.9607628,0.9673647,0.95576394,0.9512473,0.9648987,0.97627103,0.9479879,0.9779914,0.9600808,0.9375433,0.9792127,0.92649466,0.97463,0.97439146,0.40597823,0.95766944,0.97257906,0.96095467,0.94016916,0.81672436,0.95969075,0.96733254,0.95270836,0.95253956,0.9683538,0.95653504,0.95148695,0.9698025,0.9579172,0.93508977,0.97956467,0.96374816,0.9813366,0.9820681,0.97439146,0.959474,0.9698392,0.9803349,0.97414124,0.95778894,0.98161894,0.9495562,0.9512138,0.971069,0.9705091,0.96631366,0.9730493,0.96261185,0.98020774,0.9677891,0.94590276,0.9651216,0.9575518,0.9631762,0.576367,0.9719678,0.8141807,0.97394115,0.95679057,0.9809541,0.9624765,0.9731401,0.96462035,0.9774468,0.94175225,0.9749426,0.95543367,0.98249155,0.987145,0.95463306,0.98109645,0.96639603,0.8840541,0.9849479,0.9652329,0.97355014,0.89227694,0.96094036,0.9793198,0.96392757,0.9695678,0.97932196,0.9661565,0.9863047,0.97362906,0.9571832,0.9609244,0.97333574,0.96611196,0.9599948,0.92280996,0.9333763,0.9523086,0.9796316,0.95803595,0.9638437,0.9011515,0.94504386,0.9664554,0.96661985,0.98311585,0.97299993,0.964921,0.9863047,0.94198906,0.9772865,0.9699653,0.9706798
