movie,21bridgesmovie,47metersdown,abeautifuldaymovie,abominablemovie,adastramovie,adogsjourneymovie,aftermathmovie,aftermovie,ahiddenlifefilm,alitamovie,angelhasfallen,angrybirdsmovie,annabellemovie,annamovie,apollo11movie,arcticdogsmovie,arcticmovie,artofracingmovie,avengers,beachbummovie,bernadettefilm,blackandbluemovie,blackchristmas,blindedbythelightmovie,bombshellmovie,booksmart,breakthroughmovie,brianbanksmovie,brightburnmovie,brittanyrunsmov,captainmarvelofficial,captivestatemovie,catsmovie,charliesangels,childsplaymovie,clarathefilm,coldpursuitmovie,countdown,currentwarmovie,darkwatersmovie,detectivepikachumovie,disneyaladdin,disneyfrozen,disneymaleficent,doctorsleepmovie,dolemiteismyname,dontletgomovie,doramovie,downtonabbey_official,dumbo,escaperoom,everybodyknowsmovie,fastandfuriousmovie,fightingwmyfam,fivefeetapartfilm,fordvferrari,freaksthefilm,geminimanmovie,glassmovie,gloriabellmovie,godzillamovie,goldfinchmovie,goodboysmovie,goodliarmovie,gretafilm,halathemovie,happydeathdaymovie,harrietfilm,hellboymovie,hersmellmovie,highlifemovie,highstrungmovie,honeyboymovie,hotelmumbaifilm,httydragon,hustlemovie,hustlersmovie,isntitromantic,itmovieofficial,jayandsilentbob,johnwickmovie,jojorabbitmovie,jokermovie,judythefilm,jumanjimovie,justmercyfilm,knivesout,lalloronamovie,lastblackmansf,lastchristmasthemovie,latenightmovie,lighthousemovie,lionking,littlethemovie,littlewomenmovie,littlewoodsfilm,longshotmovie,lordsofchaosmovie,lucyintheskyfilm,mamovie2019,marriagestory,meettheaddams,meninblack,midsommarmovie,midwaymovie,missbalamovie,missinglinkfilm,motherlessbklyn,onceinhollywood,onthebasisofsex,overcomermovie,peanutbutterfalcon,petsematarymovie,piercingmovie,playingwithfire,playmobilthemovie,pomsmovie,queenandslim,rambomovie,readyornotfilm,richardjewellfilm,rocketmanmovie,scarystoriesmovie,secretlifeofpets,serenityfilm,shaftmovie,shazammovie,spidermanmovie,spiesindisguise,starwars,stormboymovie,stubermovie,taosdfilm,teenspiritmov,terminator,theaeronautsmov,thebestofenemies,thedeaddontdie,thefarewell,thehighwaymen,thehummingbirdprojectfilm,theintrudermovie,theirishmanfilm,thekitchenmovie,thelegomovie,themustangfilm,thenightingalefilm,theprodigymovie,thesunisalsoastar,theupsidefilm,tolkienmovie,toystory,triplefrontier,uglydolls,uncutgems,underthesilverlake,usmovie,wavesmovie,whatmenwant,wonderparkmovie,wrinklestheclown,xmenmovies,yardiefilm,yesterdaymovie,zombieland
21bridgesmovie,1.0,0.96407324,0.96796256,0.93342733,0.95730484,0.94254756,0.95911056,0.9451927,0.98130757,0.97711134,0.9601223,0.9637173,0.96844286,0.9591671,0.96506333,0.9703446,0.9665506,0.9658391,0.98813516,0.9441436,0.9622994,0.96380424,0.9711365,0.957114,0.96007794,0.6641726,0.96792346,0.9622258,0.9687159,0.9302798,0.9678952,0.9731155,0.9302485,0.9592047,0.9347226,0.80380243,0.974416,0.9674454,0.95977867,0.9371946,0.95540774,0.9748602,0.96179515,0.9675958,0.95536566,0.9625796,0.9700591,0.94559526,0.91652894,0.9704069,0.9753092,0.9633406,0.9663975,0.9652288,0.95314234,0.94073087,0.9471935,0.96265525,0.9665919,0.9558721,0.9711566,0.95834327,0.9492269,0.95763594,0.95434797,0.9403368,0.9443741,0.9502892,0.96265364,0.9221136,0.9592471,0.39319453,0.92882884,0.95592207,0.96210814,0.9152327,0.84260356,0.91891193,0.95687115,0.94478214,0.9559125,0.94804955,0.9726524,0.96010816,0.9611428,0.9575024,0.9301332,0.97454476,0.9542674,0.97427124,0.94865924,0.9592471,0.9473303,0.9696046,0.97546166,0.95793897,0.96466297,0.95548457,0.9577286,0.96012837,0.9594932,0.95061314,0.9601111,0.9556362,0.95711154,0.9756966,0.9714972,0.9678014,0.95380145,0.9267815,0.97164565,0.5717799,0.95666087,0.7714858,0.9488286,0.96940076,0.9923911,0.948549,0.96931297,0.96215355,0.954573,0.9651211,0.9568048,0.9222034,0.938067,0.9730631,0.970586,0.93794686,0.95063895,0.94113064,0.9474314,0.9455529,0.9758412,0.94498223,0.9599016,0.9261353,0.9667356,0.96168727,0.9646041,0.9392729,0.98130757,0.972939,0.95143265,0.968785,0.9796316,0.9402246,0.9465646,0.9512583,0.9733025,0.9648072,0.95948786,0.9626016,0.9564027,0.95380443,0.9154056,0.95079124,0.9434934,0.95090073,0.96540827,0.95048225,0.98130757,0.96162516,0.97238386,0.9609103,0.9677229
47metersdown,0.96407324,0.99999976,0.9706848,0.9249371,0.95125073,0.95177054,0.9515136,0.9519109,0.9752994,0.9554867,0.96254927,0.9631984,0.9598304,0.95273995,0.9661984,0.97739124,0.95847917,0.96470946,0.96111065,0.93137676,0.9543249,0.96903247,0.9652214,0.9520085,0.9520072,0.6685502,0.9627453,0.94686306,0.96517426,0.93167996,0.9620768,0.95688546,0.94986105,0.9506721,0.9169384,0.79162383,0.96776897,0.9488823,0.9616464,0.9360709,0.937842,0.9712902,0.96003777,0.96662277,0.9561341,0.95981514,0.9537787,0.9482969,0.9244063,0.9700194,0.97413886,0.9510384,0.95992345,0.9371326,0.94092405,0.9221435,0.9524452,0.95671475,0.95151585,0.9540225,0.9430809,0.941338,0.9440358,0.95652187,0.94463974,0.9363292,0.94118696,0.9397404,0.96582294,0.9183834,0.96365327,0.40328646,0.89406645,0.94526124,0.9511861,0.9240814,0.8249405,0.91944844,0.9534134,0.95084953,0.96379507,0.95219904,0.9613612,0.9621006,0.96133894,0.9496169,0.94015664,0.96731585,0.9556156,0.9649109,0.94544923,0.96365327,0.9618591,0.96984786,0.9516904,0.9480789,0.9544089,0.9385644,0.95644295,0.94890344,0.96741915,0.94437104,0.95565325,0.95130265,0.95585823,0.9644765,0.9713401,0.97975534,0.9552838,0.9166546,0.96276385,0.58910596,0.953737,0.787112,0.9459526,0.96978605,0.96096057,0.96107084,0.9617591,0.9520724,0.9423115,0.95935893,0.94225544,0.90211964,0.94680375,0.96496195,0.969275,0.95233285,0.950209,0.9312031,0.9479124,0.94066703,0.9589788,0.93536025,0.9508844,0.94239783,0.94529265,0.9415392,0.96827847,0.944252,0.9752994,0.97894263,0.9576355,0.9575075,0.9712017,0.936753,0.96325976,0.9384933,0.9806956,0.94645417,0.9548543,0.97028977,0.9731652,0.90508324,0.91953886,0.9611064,0.93486667,0.95539826,0.956219,0.941463,0.9752994,0.95783776,0.976766,0.9623295,0.9606119
abeautifuldaymovie,0.96796256,0.9706848,1.0000001,0.9510504,0.9663968,0.9579705,0.97379047,0.9670778,0.9856192,0.9519634,0.9664117,0.9545884,0.9645296,0.9761609,0.9839099,0.97598493,0.9689514,0.9789795,0.95993453,0.9472502,0.9681601,0.9723265,0.96465296,0.9649529,0.96030515,0.6583843,0.97195643,0.9615104,0.9784416,0.9459696,0.96804315,0.9686308,0.9567401,0.97807676,0.90713435,0.778782,0.97400945,0.9682058,0.9687625,0.95215434,0.9548822,0.9761424,0.9631616,0.96864307,0.957888,0.97408545,0.95640683,0.95697653,0.923488,0.97037846,0.9862939,0.9667219,0.9565341,0.9533436,0.95514435,0.94440717,0.9681186,0.9662964,0.9672092,0.9676401,0.94805104,0.9581403,0.95557183,0.9775251,0.9528738,0.95125157,0.9473119,0.95804083,0.9712732,0.94028723,0.96635866,0.40330356,0.9109383,0.9633253,0.9525608,0.92865664,0.81452465,0.93771255,0.9627396,0.96289366,0.96881026,0.9641096,0.96836036,0.9409036,0.9719486,0.95067275,0.9531098,0.9673471,0.952635,0.97157013,0.97052395,0.96635866,0.95762324,0.9699113,0.9749109,0.97077775,0.96870506,0.9583956,0.9676448,0.94384027,0.9789281,0.9607136,0.9613138,0.96100247,0.95629376,0.9839915,0.97033566,0.97446376,0.9688824,0.94434726,0.965348,0.5777054,0.95715106,0.7840297,0.9532095,0.9733283,0.9738952,0.9414015,0.97998697,0.97128284,0.9576759,0.9601859,0.9624665,0.92052233,0.96381176,0.9742545,0.9660176,0.9689858,0.9715833,0.9382902,0.9678948,0.9507968,0.97295946,0.9525389,0.9535427,0.945587,0.9543625,0.9501304,0.9709854,0.9636127,0.9856192,0.9875827,0.96767735,0.97327906,0.96884114,0.95547485,0.9679672,0.9645484,0.97027946,0.95150274,0.96981966,0.98094755,0.965708,0.93135315,0.93245727,0.9542818,0.93362176,0.9561645,0.9601668,0.94424367,0.9856192,0.96850646,0.97513443,0.9568026,0.98382294
abominablemovie,0.93342733,0.9249371,0.9510504,1.0000001,0.9398709,0.9170367,0.96699435,0.9513392,0.96581125,0.9189788,0.95298666,0.93442214,0.9606328,0.95562196,0.96174425,0.95084125,0.9457714,0.9578684,0.92732847,0.93178433,0.936159,0.942745,0.93735695,0.93615097,0.9559999,0.6654573,0.948969,0.9321738,0.93220276,0.9292716,0.9544669,0.9480338,0.9247808,0.9384759,0.9136638,0.7821349,0.93814915,0.95970476,0.9406657,0.9416985,0.9462867,0.9549202,0.94527245,0.96065605,0.9425577,0.94058585,0.942677,0.94977945,0.8934947,0.9615829,0.94674957,0.9557039,0.93024516,0.9226138,0.95553374,0.91391426,0.9260973,0.943857,0.96059155,0.96233207,0.9453058,0.9557727,0.9344975,0.9696394,0.9279398,0.9329457,0.92304695,0.9595506,0.963372,0.9253609,0.96478236,0.3910646,0.8829886,0.94438297,0.9491683,0.9163409,0.8164752,0.89933467,0.93851644,0.93209237,0.9482111,0.9616496,0.9633639,0.9161349,0.94560885,0.9228901,0.9578257,0.94810784,0.9487046,0.9370166,0.95143455,0.96478236,0.9444441,0.9547916,0.9381843,0.9644518,0.94587207,0.95504487,0.9531684,0.9204588,0.9251172,0.94463515,0.9303419,0.9518607,0.9296885,0.948957,0.9454507,0.9479684,0.9292062,0.9413807,0.946182,0.50346243,0.95138973,0.8034129,0.91392595,0.954707,0.95527786,0.922721,0.94380677,0.9649118,0.9527573,0.95168203,0.9687236,0.911075,0.96200156,0.9417692,0.9213237,0.91002154,0.9324229,0.90925825,0.94744194,0.9388222,0.94146293,0.9336388,0.94976854,0.91611266,0.9352983,0.9452784,0.9679362,0.9395904,0.96581125,0.9496762,0.919308,0.9525182,0.93331784,0.92705166,0.9500734,0.94103456,0.9427301,0.9415088,0.9696943,0.94496804,0.9237848,0.9043581,0.91456366,0.9444848,0.9236446,0.96385473,0.9528369,0.940669,0.96581125,0.9324896,0.95040804,0.9378779,0.9409061
adastramovie,0.95730484,0.95125073,0.9663968,0.9398709,1.0000001,0.9406154,0.9411165,0.9589025,0.97415966,0.9536616,0.9649887,0.95647174,0.9498281,0.95835024,0.94642645,0.96055156,0.94274616,0.97130513,0.9418909,0.91273785,0.94741976,0.9579826,0.9652344,0.9407558,0.9458857,0.6584998,0.9668386,0.93303573,0.9396214,0.9178123,0.9523422,0.9638327,0.9305887,0.9391097,0.9381909,0.8015488,0.97497356,0.9668338,0.952704,0.9527115,0.95302486,0.9571408,0.95356786,0.9622066,0.93636596,0.95523787,0.95513564,0.93576014,0.9224134,0.9658905,0.960756,0.9700575,0.9394356,0.9447826,0.9379885,0.9740019,0.93899184,0.95915544,0.95705146,0.94102734,0.9509767,0.95204836,0.9292879,0.95173043,0.9555517,0.94359064,0.92668635,0.9606451,0.9626306,0.9173416,0.9497399,0.4069663,0.92571115,0.95446,0.95818955,0.8943356,0.80517006,0.9032928,0.9550031,0.92707723,0.970504,0.94992286,0.9611325,0.93143183,0.95288545,0.9406833,0.94202673,0.9465878,0.93282336,0.96197796,0.9578422,0.9497399,0.93393326,0.96722084,0.96472937,0.965603,0.95146513,0.9464533,0.94732887,0.9565966,0.9566191,0.9548938,0.9447952,0.9563156,0.9217468,0.9554893,0.9499089,0.957986,0.94474715,0.91985995,0.95073855,0.57715607,0.96045554,0.8297819,0.935911,0.94793624,0.96382916,0.92993504,0.96591234,0.94951826,0.95700014,0.9710326,0.9414509,0.92330474,0.9364626,0.97128725,0.94375247,0.92219424,0.9590191,0.9211699,0.9559009,0.97015285,0.95423245,0.9393144,0.96053135,0.9268049,0.9609704,0.944723,0.95325595,0.9257012,0.97415966,0.96349174,0.9523491,0.9590968,0.954307,0.9527076,0.94848883,0.9702087,0.9546976,0.94298375,0.9509955,0.94763696,0.9256896,0.9073961,0.9053848,0.94302523,0.9326357,0.9516692,0.9629238,0.93665564,0.97415966,0.95360875,0.9638039,0.95856476,0.9362994
adogsjourneymovie,0.94254756,0.95177054,0.9579705,0.9170367,0.9406154,1.0000001,0.94893956,0.94157684,0.9634736,0.91719437,0.9525853,0.9355046,0.95129746,0.94810855,0.9515624,0.9661888,0.94222003,0.96153504,0.94093555,0.9124584,0.96445274,0.938672,0.9481767,0.94613314,0.9444658,0.6258723,0.95124406,0.95301,0.9412257,0.9407269,0.94138867,0.9428429,0.92377836,0.92280495,0.885216,0.7968027,0.9540636,0.941939,0.96222174,0.92864424,0.9166873,0.95430833,0.9520693,0.94228834,0.9491565,0.94721705,0.93621945,0.94222087,0.93183255,0.9479667,0.9485311,0.95313454,0.961927,0.93694884,0.91372484,0.92098,0.94752973,0.95011085,0.9469599,0.9534348,0.9353628,0.95019925,0.95035964,0.9449656,0.9339244,0.93027216,0.94908303,0.94521666,0.9451637,0.9145971,0.95260584,0.4048447,0.8957078,0.95540947,0.94704586,0.90793693,0.8327779,0.90314835,0.94180125,0.9393206,0.9505264,0.94571096,0.95633835,0.90786177,0.9557628,0.9522162,0.9231978,0.9488568,0.93960863,0.9507614,0.95401686,0.95260584,0.95417523,0.9560902,0.9403915,0.93567246,0.96614313,0.92129034,0.9516664,0.92593765,0.9621817,0.9278515,0.90610707,0.94922364,0.9311113,0.94636416,0.9507922,0.9547834,0.93612665,0.9380891,0.9582833,0.5668812,0.9595873,0.7754237,0.94279385,0.9458892,0.94116235,0.9288999,0.95948297,0.9530744,0.9372639,0.9494161,0.9336928,0.9621147,0.9397933,0.94676834,0.9600107,0.9284154,0.95261425,0.91277087,0.9489059,0.93183994,0.9420604,0.91888714,0.94260913,0.9368525,0.93384105,0.94540375,0.9552043,0.9498893,0.9634736,0.95115805,0.9597477,0.94656837,0.9448663,0.94772327,0.9439338,0.93826675,0.9423298,0.9378982,0.953058,0.96298987,0.9482683,0.90706474,0.94315535,0.9373954,0.9305182,0.931877,0.95430624,0.94759226,0.9634736,0.9377166,0.9641024,0.9579275,0.946235
aftermathmovie,0.95911056,0.9515136,0.97379047,0.96699435,0.9411165,0.94893956,1.0000001,0.9631663,0.98125345,0.9396156,0.9657771,0.9483556,0.9667803,0.9732816,0.9798005,0.9650459,0.97273,0.9728339,0.9597123,0.96048266,0.9654403,0.956721,0.9658328,0.9693301,0.9695595,0.6371292,0.944755,0.9677408,0.96397144,0.9551734,0.96120274,0.9701437,0.93536955,0.9612029,0.88489467,0.7406606,0.95703053,0.9728892,0.97372746,0.95461524,0.9459744,0.965015,0.9636447,0.9636569,0.95318633,0.9662464,0.9645572,0.9605271,0.9222455,0.9651258,0.97164184,0.96787125,0.9592602,0.94801223,0.9455678,0.92660373,0.9442394,0.96781534,0.97066575,0.97596765,0.9481232,0.97077215,0.9590376,0.97903514,0.9486054,0.9477363,0.9588386,0.95652795,0.96747756,0.93311304,0.9741226,0.3790465,0.8934901,0.957205,0.9495694,0.94584644,0.8188525,0.9450607,0.96228284,0.96916026,0.959469,0.97588366,0.9655567,0.9319175,0.96782,0.9426315,0.95387805,0.96635616,0.9557487,0.9625422,0.9762585,0.9741226,0.9584865,0.9570765,0.96063536,0.9706475,0.9718397,0.94828373,0.9815685,0.9329144,0.95496476,0.9663574,0.9467615,0.9639727,0.9585281,0.9738047,0.9718767,0.9649826,0.9474394,0.943024,0.9562903,0.52450454,0.9607554,0.75990105,0.9416231,0.97437596,0.97264427,0.9437614,0.96365196,0.9949671,0.95230794,0.9614333,0.958783,0.9334668,0.9684335,0.9580168,0.9488388,0.9623855,0.9643689,0.9341337,0.95470756,0.940069,0.96718836,0.9461786,0.9593742,0.9467527,0.94955075,0.9654137,0.9803759,0.9671204,0.98125345,0.9646754,0.9453632,0.96541154,0.9539626,0.94537526,0.949532,0.9406249,0.9579949,0.96441317,0.99118596,0.9708246,0.95538443,0.9351466,0.9405258,0.9495658,0.94387,0.9488827,0.9662288,0.9513451,0.98125345,0.9549885,0.96101624,0.9593656,0.97830874
aftermovie,0.9451927,0.9519109,0.9670778,0.9513392,0.9589025,0.94157684,0.9631663,0.9999998,0.974143,0.9300628,0.9541157,0.94610673,0.9513607,0.97078854,0.97242445,0.9621698,0.95291054,0.96020645,0.9411714,0.956707,0.95375013,0.9590532,0.9721705,0.9446515,0.9454195,0.6795365,0.9385578,0.92985326,0.9498167,0.9540564,0.9596002,0.9580229,0.92997444,0.9508162,0.91407734,0.76884454,0.95561147,0.9567469,0.9617509,0.9582755,0.95119846,0.9571901,0.9496826,0.9683485,0.925194,0.9560694,0.96696675,0.9365232,0.9104354,0.973517,0.9596644,0.958055,0.9452276,0.93895787,0.94303185,0.92262095,0.9434306,0.94973993,0.9644569,0.9540497,0.9296982,0.9628229,0.93105674,0.9747351,0.9506147,0.93095005,0.9378207,0.9606891,0.9683056,0.9343296,0.9594236,0.3884207,0.92092544,0.9439274,0.9327194,0.9140352,0.80067205,0.91527176,0.95844007,0.9671862,0.9681464,0.9504015,0.9627827,0.9413433,0.94680643,0.91651934,0.9413224,0.948179,0.93121207,0.94837284,0.97755134,0.9594236,0.9499885,0.9674888,0.9446491,0.96691424,0.9522658,0.9587038,0.96715534,0.9486406,0.9479077,0.96840495,0.95932883,0.9587447,0.93441164,0.95886016,0.95292187,0.9574152,0.9412708,0.9237192,0.94352853,0.57514155,0.94782627,0.812569,0.9291314,0.9627935,0.9580769,0.9383983,0.9665728,0.9559671,0.9481051,0.9607633,0.9524181,0.9187887,0.953095,0.9640591,0.93505394,0.9398393,0.94628006,0.90930253,0.95766276,0.9523099,0.9492254,0.92970794,0.95090944,0.96404123,0.95735854,0.9435753,0.966996,0.94320726,0.974143,0.9566092,0.9335608,0.96564025,0.94467586,0.9354691,0.9556143,0.95777667,0.95750344,0.9420962,0.9725139,0.9614484,0.94574916,0.9132007,0.9074819,0.94633335,0.9382452,0.96346205,0.97035545,0.94622326,0.974143,0.94770193,0.9565165,0.9450021,0.95002055
ahiddenlifefilm,0.98130757,0.9752994,0.9856192,0.96581125,0.97415966,0.9634736,0.98125345,0.974143,0.99999994,0.9695235,0.9809188,0.96617043,0.9791766,0.9869664,0.986442,0.98647046,0.9797652,0.98470384,0.97773385,0.9646268,0.9858069,0.98184144,0.9848083,0.9798778,0.9749567,0.6783633,0.97484684,0.9755153,0.97869694,0.95827746,0.97865915,0.9857045,0.9565649,0.96587276,0.9256964,0.80578804,0.98364675,0.9795221,0.9845139,0.9729373,0.97120637,0.98534137,0.9745809,0.98279005,0.9763718,0.9830965,0.9783236,0.97368664,0.9437106,0.9873164,0.9869369,0.9878275,0.97775155,0.9756058,0.9650008,0.9531941,0.97139126,0.9816615,0.975562,0.9851423,0.9736067,0.9733519,0.9709726,0.9889226,0.9740023,0.9637135,0.9638368,0.97753,0.98166656,0.9445805,0.98816395,0.41030744,0.9176904,0.98033327,0.97259945,0.9522683,0.82856196,0.94712096,0.9747233,0.9692537,0.97665745,0.97547185,0.983985,0.9548298,0.97018594,0.96709347,0.9632691,0.9849691,0.9698063,0.9860384,0.97864836,0.98816395,0.97326314,0.9818298,0.9792112,0.9806727,0.9818738,0.9745547,0.97641724,0.9616556,0.9733176,0.9776389,0.9685298,0.9858389,0.96673495,0.9875343,0.9836964,0.9839776,0.96505195,0.9603997,0.9823663,0.5715473,0.9825227,0.8149154,0.9694279,0.9844534,0.9863592,0.95942247,0.9830733,0.9821658,0.9726439,0.9818118,0.97638094,0.9373917,0.97532046,0.9806119,0.9708713,0.9631264,0.97677225,0.9363788,0.9751782,0.96013016,0.9856658,0.9545974,0.9818574,0.9536628,0.968347,0.97796524,0.9896139,0.9684112,0.99999994,0.9860798,0.9681873,0.984538,0.9802061,0.97033185,0.97460604,0.9640002,0.9821209,0.96511585,0.98371255,0.9785145,0.96891403,0.94512963,0.94774735,0.9722591,0.96519834,0.971066,0.98056406,0.971376,0.99999994,0.96739936,0.9838405,0.9820031,0.980722
alitamovie,0.97711134,0.9554867,0.9519634,0.9189788,0.9536616,0.91719437,0.9396156,0.9300628,0.9695235,0.99999976,0.95183605,0.94826627,0.93924737,0.9479467,0.9498712,0.96137077,0.95962167,0.9563768,0.9655923,0.92187876,0.9558985,0.95043397,0.959109,0.95179397,0.9467705,0.66776556,0.9557076,0.9469311,0.94974744,0.9146875,0.94752485,0.9757574,0.93056005,0.9358863,0.9125562,0.77538115,0.96041566,0.9452798,0.94535315,0.94356585,0.94796187,0.9542878,0.94534415,0.9598751,0.94985324,0.9541556,0.95191646,0.9328994,0.9092339,0.9556604,0.9617433,0.959737,0.9560483,0.9422868,0.93438834,0.9370889,0.920626,0.9534001,0.9428802,0.9421841,0.9447409,0.932002,0.9324544,0.9410732,0.9509494,0.93899846,0.92541945,0.93888104,0.9429686,0.90047485,0.952995,0.35752967,0.899499,0.943112,0.9458612,0.92505044,0.82869804,0.92006326,0.9516239,0.9210414,0.9411162,0.9346889,0.94223,0.93707305,0.93793726,0.9515753,0.91676617,0.9612257,0.9440424,0.96297187,0.9297846,0.952995,0.9347316,0.9616172,0.9549052,0.94854647,0.94533724,0.9315196,0.9365251,0.9441244,0.9418095,0.9352178,0.94511807,0.94778186,0.9544125,0.95684797,0.9559558,0.95696425,0.93950313,0.917509,0.957672,0.53434604,0.9436742,0.7731739,0.9383778,0.94729924,0.97166383,0.92847157,0.96534795,0.94428605,0.9204659,0.9513709,0.93433946,0.8986285,0.92853534,0.96297115,0.9624859,0.9288398,0.9412736,0.92370147,0.948127,0.9382689,0.9643052,0.93513626,0.95884734,0.9090231,0.9361455,0.94481045,0.9577382,0.924473,0.9695235,0.9649416,0.9380148,0.9509372,0.9630486,0.9461868,0.9387342,0.9326888,0.95725965,0.93679035,0.9424758,0.9343679,0.9388134,0.9428703,0.90818506,0.9530569,0.9400199,0.93087786,0.94975674,0.92944986,0.9695235,0.9487441,0.95846796,0.9545657,0.9422118
angelhasfallen,0.9601223,0.96254927,0.9664117,0.95298666,0.9649887,0.9525853,0.9657771,0.9541157,0.9809188,0.95183605,0.9999999,0.95554185,0.9792942,0.97309047,0.9638898,0.9708781,0.96520495,0.9721122,0.9570415,0.93698955,0.9580371,0.96705765,0.9776828,0.9553135,0.967846,0.6888076,0.9658921,0.96197206,0.94651234,0.95494866,0.9625924,0.9709358,0.9478814,0.9514773,0.91587484,0.79590505,0.97145534,0.97718906,0.95795166,0.9547278,0.9663085,0.964256,0.9694101,0.9625356,0.9527735,0.9607047,0.96796215,0.9528678,0.92320466,0.9701056,0.9673327,0.9713364,0.9660981,0.9522685,0.9447695,0.95589274,0.95238084,0.9712426,0.95666003,0.96542287,0.9567518,0.9662547,0.9490201,0.9612806,0.96072435,0.948892,0.96125066,0.9638536,0.96835226,0.9172332,0.96320105,0.41755784,0.9200127,0.97074217,0.96588033,0.93289995,0.8533284,0.9484459,0.96578413,0.9559263,0.97463787,0.9735731,0.9617178,0.9369692,0.9666728,0.9520812,0.96616393,0.97740066,0.9569412,0.96845007,0.959726,0.96320105,0.94952875,0.9711571,0.9731882,0.9744816,0.95988,0.94264525,0.9606522,0.9578674,0.95954263,0.96011436,0.9473069,0.96526945,0.9469848,0.9655891,0.96330124,0.9653824,0.9616032,0.9535417,0.96417874,0.5812937,0.97014856,0.8338199,0.93322265,0.9705221,0.9658201,0.9591269,0.9713139,0.96856004,0.9496423,0.9759663,0.94885707,0.9499917,0.95608294,0.96598953,0.9637866,0.9386933,0.96391076,0.93111455,0.9541852,0.94351274,0.96455437,0.95114297,0.9697745,0.95682496,0.93973464,0.96301264,0.96882653,0.95220363,0.9809188,0.9705226,0.95383686,0.9603472,0.95451194,0.9458179,0.9523156,0.95067716,0.9592736,0.95394796,0.97137,0.95616436,0.957821,0.9261194,0.93565255,0.9561053,0.95600307,0.9535871,0.9706389,0.9397581,0.9809188,0.951694,0.96554303,0.97253466,0.9525785
angrybirdsmovie,0.9637173,0.9631984,0.9545884,0.93442214,0.95647174,0.9355046,0.9483556,0.94610673,0.96617043,0.94826627,0.95554185,1.0000001,0.9539018,0.9331569,0.9505725,0.9656323,0.93530136,0.9641066,0.9444387,0.91480494,0.93997645,0.96539366,0.9574833,0.9368193,0.9566049,0.66552883,0.9553007,0.9389569,0.9597661,0.9327093,0.9458893,0.95857465,0.9129262,0.9501893,0.927652,0.770555,0.9646556,0.9602026,0.9540431,0.93182427,0.9434632,0.9599279,0.9556814,0.96250206,0.9498028,0.94815475,0.95172626,0.9521698,0.9247266,0.9636157,0.9705644,0.954104,0.9464722,0.9227814,0.9614562,0.9277769,0.92441803,0.9417621,0.9575564,0.942402,0.9470716,0.9496719,0.9340994,0.9462511,0.9350564,0.936156,0.9380518,0.94987386,0.9640471,0.89174116,0.95064986,0.3864669,0.9009336,0.9378618,0.9491392,0.90012085,0.8433695,0.8793347,0.9425116,0.9371543,0.96354216,0.9409119,0.96499676,0.9472305,0.9637266,0.92937285,0.9347062,0.94470036,0.94975185,0.95988625,0.9413064,0.95064986,0.92788494,0.9545596,0.94931924,0.9578782,0.959646,0.9266111,0.96015984,0.94407845,0.9515256,0.9575704,0.9545959,0.93877006,0.9281578,0.963715,0.9518848,0.9547381,0.95331705,0.90768164,0.94919693,0.53967255,0.9513653,0.75787175,0.92320013,0.9502344,0.96945554,0.9347972,0.9617496,0.949182,0.9515348,0.96401197,0.9519674,0.9089534,0.92760235,0.9508114,0.9523719,0.93064433,0.9434158,0.93597734,0.9290323,0.957409,0.9437017,0.9228764,0.9448199,0.9383332,0.95039356,0.94201297,0.956309,0.9292583,0.96617043,0.9646531,0.9301541,0.9415833,0.96936023,0.92057014,0.93790954,0.945182,0.9688059,0.96116465,0.95736223,0.94945073,0.95328754,0.9115735,0.91012746,0.94914055,0.91356325,0.95562786,0.96262854,0.9278596,0.96617043,0.95470446,0.9616918,0.9619482,0.944169
annabellemovie,0.96844286,0.9598304,0.9645296,0.9606328,0.9498281,0.95129746,0.9667803,0.9513607,0.9791766,0.93924737,0.9792942,0.9539018,1.0,0.96023834,0.9721406,0.97197855,0.96238446,0.9654521,0.9665983,0.9467078,0.9526237,0.96648985,0.96986854,0.94930196,0.96368915,0.67617327,0.9732517,0.9649378,0.9570756,0.94716895,0.97520745,0.95846444,0.94457,0.9520792,0.9263025,0.8318928,0.9647168,0.9748765,0.95469224,0.9483933,0.9663149,0.9722551,0.9648725,0.9670491,0.9572152,0.95599306,0.97091264,0.96363336,0.90625167,0.9704725,0.9632684,0.9636755,0.96508396,0.96395314,0.95653456,0.94243836,0.960099,0.9639425,0.97582823,0.96966124,0.96525055,0.971286,0.9516139,0.97070485,0.9467179,0.93402743,0.95216185,0.955239,0.9751046,0.918924,0.96891123,0.4369785,0.9156956,0.96327245,0.96659285,0.92821527,0.84491956,0.92969376,0.9656245,0.9496516,0.9598097,0.9700891,0.98238134,0.9462978,0.9642751,0.96149087,0.9619635,0.98492986,0.9652836,0.9625006,0.9584001,0.96891123,0.95335495,0.97300184,0.9681947,0.9627524,0.9612812,0.9617783,0.9584399,0.9476183,0.9524645,0.94661725,0.9446228,0.9653873,0.94592494,0.96408266,0.9662486,0.9728871,0.96111304,0.9521978,0.9669799,0.58489066,0.96659476,0.83530205,0.93739367,0.97831583,0.9741076,0.95513415,0.9554624,0.9662907,0.9662744,0.96413183,0.96289605,0.935412,0.9572003,0.9644752,0.9671645,0.92593664,0.9515803,0.9405422,0.9412036,0.9454491,0.9614638,0.95268303,0.9606184,0.9442777,0.955046,0.9631728,0.9733655,0.9590421,0.9791766,0.97288465,0.94815356,0.9664281,0.9603329,0.9398652,0.9627776,0.9409395,0.9714427,0.9627627,0.97300905,0.9630298,0.9609693,0.9295881,0.9319425,0.9520232,0.94332564,0.9642199,0.9743524,0.95736873,0.9791766,0.9556899,0.97257066,0.957713,0.9588042
annamovie,0.9591671,0.95273995,0.9761609,0.95562196,0.95835024,0.94810855,0.9732816,0.97078854,0.9869664,0.9479467,0.97309047,0.9331569,0.96023834,0.9999998,0.9764419,0.9673938,0.9764047,0.97413343,0.96220297,0.9645172,0.9745272,0.9622513,0.9750656,0.9718551,0.9563187,0.6631714,0.94852984,0.9649488,0.9645054,0.95823056,0.9633573,0.9716784,0.94880563,0.96180695,0.89795685,0.7673191,0.9703362,0.9705256,0.9704576,0.963448,0.9575802,0.9644506,0.9593284,0.95758396,0.9498754,0.9757927,0.9654178,0.9517495,0.9335014,0.9686869,0.97554064,0.9763834,0.9652329,0.96857625,0.947735,0.94296503,0.9640698,0.97196895,0.9547903,0.9723992,0.9506661,0.96076393,0.9582256,0.9832412,0.9720905,0.9499008,0.9597497,0.96341014,0.96504873,0.95829374,0.96980244,0.37416407,0.9185207,0.9703492,0.95296043,0.9489693,0.80855614,0.95701575,0.9584648,0.9670267,0.9651606,0.9740869,0.95864487,0.9386732,0.96498525,0.9435425,0.96392816,0.96797746,0.9511791,0.96777564,0.9743081,0.96980244,0.96582055,0.96305764,0.972042,0.97050583,0.9626863,0.9677906,0.97069776,0.9535419,0.9702513,0.97155493,0.9479863,0.9779444,0.9606051,0.97858727,0.9644104,0.968101,0.9510461,0.95648575,0.9614082,0.550651,0.96381164,0.79842126,0.9499477,0.97385764,0.96545553,0.9495577,0.9744963,0.9731449,0.94891274,0.9677721,0.96312916,0.93343145,0.97063965,0.96624595,0.9515307,0.9643254,0.9717306,0.9156933,0.9726159,0.93457115,0.9730397,0.94351083,0.9687458,0.9562914,0.9490776,0.96528065,0.97352785,0.966747,0.9869664,0.9673061,0.96545255,0.972835,0.9577881,0.95822054,0.9594443,0.95866746,0.9549776,0.94741696,0.97497815,0.96514094,0.9524815,0.9261901,0.939289,0.95821214,0.95492166,0.94388777,0.960585,0.9502922,0.9869664,0.94871175,0.96214426,0.9658974,0.9722874
apollo11movie,0.96506333,0.9661984,0.9839099,0.96174425,0.94642645,0.9515624,0.9798005,0.97242445,0.986442,0.9498712,0.9638898,0.9505725,0.9721406,0.9764419,0.9999997,0.9797026,0.969937,0.9759389,0.9645082,0.9715961,0.96960104,0.9726222,0.97114074,0.961996,0.97003245,0.6669859,0.96389306,0.9634399,0.9755651,0.960349,0.9684952,0.9631942,0.95164657,0.9719884,0.9059835,0.77481776,0.9625653,0.9658492,0.9749535,0.955215,0.9606277,0.9764936,0.95587665,0.9735404,0.95894665,0.97655886,0.9653958,0.9647003,0.92281085,0.97597945,0.9763655,0.9671559,0.9655676,0.9564232,0.96386606,0.91754,0.9655408,0.96248794,0.97137994,0.97788817,0.94461256,0.967906,0.96466565,0.9874908,0.9521326,0.94563395,0.96042573,0.9658032,0.97141755,0.9397902,0.9809739,0.37404832,0.88925606,0.9651434,0.9391922,0.9427847,0.8207388,0.9338125,0.95590174,0.9704398,0.9627346,0.9648912,0.9701682,0.94879013,0.9617894,0.9520397,0.9601704,0.9768094,0.9628439,0.96426046,0.9701695,0.9809739,0.97051823,0.9660329,0.9584176,0.9732134,0.9762957,0.9676518,0.9751534,0.9434146,0.9664409,0.96365076,0.96088785,0.96933365,0.96282566,0.9766107,0.97377247,0.9762819,0.9653079,0.94918287,0.9726519,0.5352373,0.9545604,0.78711027,0.9538366,0.97715497,0.9742405,0.93864024,0.97353816,0.9713364,0.9541894,0.96487254,0.9737719,0.92670405,0.9708597,0.96440864,0.9602088,0.95532334,0.96147937,0.9258826,0.95872146,0.9484074,0.9730769,0.9439036,0.9582552,0.95456904,0.9564456,0.95830417,0.98444045,0.97504103,0.986442,0.97762716,0.9615268,0.97062373,0.9682442,0.9474013,0.9700721,0.950698,0.97143096,0.9637258,0.98014075,0.9785158,0.9732866,0.93917036,0.95002294,0.9622929,0.9345501,0.965164,0.96602607,0.95270526,0.986442,0.9700371,0.976854,0.95567733,0.97747535
arcticdogsmovie,0.9703446,0.97739124,0.97598493,0.95084125,0.96055156,0.9661888,0.9650459,0.9621698,0.98647046,0.96137077,0.9708781,0.9656323,0.97197855,0.9673938,0.9797026,0.99999976,0.96187264,0.9744713,0.963562,0.943589,0.96804035,0.969464,0.97568625,0.9583833,0.97154886,0.6608165,0.97523165,0.95799464,0.96573555,0.9478719,0.9718431,0.9733315,0.9471446,0.9556375,0.92447126,0.8013735,0.9735043,0.96119434,0.9743666,0.9500012,0.9575573,0.9823848,0.96982193,0.97632277,0.97113866,0.9748327,0.968708,0.96141773,0.9179854,0.9801079,0.9724268,0.9754977,0.97059613,0.95657235,0.9647014,0.9370881,0.9535552,0.9680113,0.97389215,0.9718042,0.95288706,0.9611385,0.95843166,0.9713736,0.96587145,0.9442467,0.96133447,0.97259694,0.9765845,0.9144076,0.97600746,0.3922241,0.9059091,0.96362865,0.96126634,0.93301183,0.83434206,0.9237331,0.9675837,0.96118027,0.9650235,0.9610304,0.97721356,0.9578377,0.96295214,0.96136266,0.95624495,0.9746467,0.9610011,0.96766454,0.9598052,0.97600746,0.96834856,0.9764571,0.95587456,0.9683961,0.9698198,0.9575841,0.96517366,0.95812094,0.97331405,0.9587864,0.95549786,0.9651381,0.95923376,0.9684134,0.96234024,0.98737186,0.96684253,0.9436408,0.97679657,0.5486235,0.96746844,0.79878956,0.9536676,0.9732978,0.97415537,0.9510881,0.9798605,0.9704179,0.9613741,0.97296923,0.9673577,0.9368129,0.9613969,0.9712187,0.97811735,0.9493279,0.95887816,0.9377541,0.9583181,0.95234036,0.9631302,0.9405794,0.9653222,0.9467761,0.9558844,0.9708266,0.9809668,0.96279126,0.98647046,0.9800685,0.97097844,0.96996415,0.97241217,0.957258,0.9674226,0.9533814,0.9786293,0.96080184,0.9715476,0.9696271,0.9753184,0.93508625,0.9481808,0.9704831,0.94103277,0.9682389,0.97106206,0.95690095,0.98647046,0.96759415,0.98612034,0.96765167,0.96619713
arcticmovie,0.9665506,0.95847917,0.9689514,0.9457714,0.94274616,0.94222003,0.97273,0.95291054,0.9797652,0.95962167,0.96520495,0.93530136,0.96238446,0.9764047,0.969937,0.96187264,1.0,0.9666779,0.97005504,0.9619807,0.96753377,0.95001656,0.96643925,0.9676504,0.95154095,0.704018,0.9455563,0.9734735,0.9584053,0.9472368,0.96939176,0.976682,0.9559566,0.94838905,0.90362567,0.7670122,0.9642541,0.9640059,0.9648336,0.9572656,0.94179255,0.960598,0.97028494,0.9703404,0.95022887,0.95981663,0.9635757,0.9470535,0.9220684,0.9677944,0.9664856,0.96748364,0.9616506,0.9583783,0.9355086,0.933985,0.9491325,0.96082604,0.9618484,0.9671961,0.94827527,0.9577542,0.9476488,0.96666926,0.9695012,0.9210352,0.94614255,0.9508826,0.96521163,0.93863016,0.96615064,0.40719724,0.92180294,0.9605854,0.95203364,0.9527799,0.84944963,0.9611097,0.95976716,0.9449135,0.96097034,0.96889174,0.96123046,0.9291782,0.9568824,0.9410983,0.93778926,0.96974254,0.94670403,0.9676303,0.9566638,0.96615064,0.9571917,0.9745758,0.9642932,0.95669997,0.9558901,0.95859975,0.96988004,0.9545827,0.95723164,0.96157306,0.93243384,0.96968764,0.9741499,0.96542877,0.97419894,0.9681733,0.94715244,0.94546574,0.9623559,0.58482915,0.95578986,0.792762,0.93985754,0.9820704,0.9748654,0.94592464,0.96561605,0.97302586,0.93852174,0.9608848,0.9542253,0.9254462,0.959013,0.9684954,0.9621885,0.94699955,0.94744945,0.950662,0.96802396,0.9242704,0.97961485,0.9705688,0.9603088,0.9446918,0.95402515,0.96045095,0.97432715,0.95221347,0.9797652,0.9672373,0.94620484,0.96677494,0.9548195,0.9564554,0.95226085,0.9514757,0.960335,0.95250314,0.974655,0.9627049,0.94838864,0.93883824,0.9177496,0.9550735,0.9592496,0.9374136,0.96396065,0.9470737,0.9797652,0.95612067,0.96681374,0.95842767,0.97037363
artofracingmovie,0.9658391,0.96470946,0.9789795,0.9578684,0.97130513,0.96153504,0.9728339,0.96020645,0.98470384,0.9563768,0.9721122,0.9641066,0.9654521,0.97413343,0.9759389,0.9744713,0.9666779,0.99999994,0.9561006,0.94459474,0.96649003,0.97583413,0.97074074,0.9630519,0.9753315,0.6336591,0.9683146,0.9651951,0.96676,0.943198,0.9607324,0.9722771,0.9461089,0.9606252,0.9192553,0.7599966,0.9730483,0.9731262,0.9763866,0.9674684,0.9529329,0.97102964,0.9719807,0.9651689,0.96081364,0.97884405,0.96370983,0.96437585,0.9446562,0.9686447,0.97641087,0.9801891,0.9656902,0.9567839,0.9584728,0.94917923,0.9562926,0.97278,0.9697478,0.971519,0.95244616,0.9665701,0.9612764,0.9711233,0.9597497,0.95365137,0.9582569,0.9651049,0.97264296,0.9467222,0.9724974,0.38415906,0.90439343,0.97109216,0.9593142,0.9360282,0.85494363,0.92967474,0.957001,0.9596745,0.97200894,0.97553,0.9628378,0.9302368,0.9807846,0.96021795,0.95433474,0.9662946,0.9650118,0.9657696,0.9648495,0.9724974,0.96845645,0.96792513,0.9682977,0.9696817,0.9756261,0.95276785,0.97090423,0.95593476,0.9779365,0.96353924,0.94297504,0.9709324,0.95473087,0.97429717,0.9766863,0.9774912,0.9636577,0.94924563,0.9656211,0.5344724,0.965517,0.7763755,0.9545303,0.9685364,0.97375697,0.9457026,0.9727414,0.9731732,0.95341766,0.97843474,0.9638063,0.9447628,0.9744512,0.96482086,0.96088666,0.9505518,0.9787975,0.9380809,0.9641766,0.9611259,0.9690771,0.95834,0.96812695,0.9462033,0.96064293,0.95776117,0.9774915,0.9726328,0.98470384,0.97598743,0.97464514,0.9657873,0.9711461,0.9620552,0.9630994,0.9634164,0.962339,0.97031826,0.97801775,0.97841734,0.9564284,0.9252255,0.9486005,0.9556564,0.9435734,0.95198303,0.96552426,0.94907814,0.98470384,0.9647977,0.9747802,0.96781397,0.9717801
avengers,0.98813516,0.96111065,0.95993453,0.92732847,0.9418909,0.94093555,0.9597123,0.9411714,0.97773385,0.9655923,0.9570415,0.9444387,0.9665983,0.96220297,0.9645082,0.963562,0.97005504,0.9561006,1.0000001,0.95441705,0.96400857,0.9621133,0.97198546,0.96487224,0.95105696,0.66912895,0.9539971,0.96244663,0.96261966,0.93669474,0.9722674,0.964884,0.931006,0.9529505,0.9188754,0.7935585,0.96434003,0.96044874,0.9536818,0.93574786,0.9469811,0.9623316,0.9524682,0.9580189,0.9478848,0.9583406,0.9706947,0.9439817,0.91969883,0.9635741,0.96689975,0.9583625,0.97818816,0.9698769,0.94015485,0.9301387,0.9492436,0.9534611,0.9504722,0.95564747,0.96512806,0.94769174,0.9494655,0.9571982,0.9568126,0.9239848,0.94578743,0.9471225,0.9538371,0.92867416,0.9613125,0.38381281,0.9257438,0.95700544,0.95654285,0.92011684,0.81921494,0.929439,0.9513715,0.94808316,0.94976354,0.9483908,0.9639128,0.957738,0.9493829,0.9505432,0.9216497,0.97478163,0.95325726,0.9784913,0.94673866,0.9613125,0.9484715,0.96405286,0.9675205,0.94587654,0.9547847,0.95454013,0.95956814,0.95751506,0.94764477,0.94587815,0.9457097,0.9601568,0.94884485,0.97097147,0.9743584,0.9591037,0.94333714,0.93280387,0.97143954,0.5671725,0.95245427,0.7934377,0.94614756,0.9702995,0.9791768,0.9498018,0.9621385,0.9628965,0.9369673,0.9636657,0.9470234,0.92853147,0.94091946,0.96086174,0.9649819,0.94272053,0.9433056,0.9321979,0.9426022,0.92900044,0.97657716,0.93394846,0.9536638,0.93194985,0.95656174,0.9605498,0.9668053,0.93589103,0.97773385,0.9623274,0.9423724,0.9648822,0.9677839,0.9391794,0.93711674,0.93648976,0.9634717,0.948919,0.95733345,0.96094155,0.9566812,0.95540154,0.9240255,0.95451623,0.9544104,0.94456863,0.9585162,0.9503835,0.97773385,0.9444471,0.96404964,0.9624568,0.9660831
beachbummovie,0.9441436,0.93137676,0.9472502,0.93178433,0.91273785,0.9124584,0.96048266,0.956707,0.9646268,0.92187876,0.93698955,0.91480494,0.9467078,0.9645172,0.9715961,0.943589,0.9619807,0.94459474,0.95441705,1.0,0.9608687,0.9496422,0.9557473,0.9523569,0.9403834,0.6419308,0.90669334,0.9395882,0.947778,0.94325507,0.9500547,0.9425551,0.91061264,0.94093513,0.8702519,0.7236955,0.9435014,0.95094556,0.9484874,0.94775313,0.9398341,0.9408742,0.9363593,0.9444486,0.9210634,0.95249426,0.95332867,0.93389195,0.8843161,0.9514698,0.94959396,0.94166094,0.94892675,0.9547064,0.92862916,0.89206296,0.9328885,0.9414648,0.9439321,0.9622234,0.9223942,0.9468728,0.9324784,0.96697307,0.9439157,0.9108046,0.94174016,0.9325741,0.9504913,0.93729293,0.96145487,0.35300934,0.8915348,0.938791,0.9140026,0.93438387,0.8013472,0.93641394,0.9316391,0.9599007,0.92875904,0.9440959,0.94024485,0.9231689,0.92561686,0.90773916,0.9228092,0.95371133,0.9331795,0.9442106,0.9529605,0.96145487,0.94000316,0.9371005,0.94640625,0.9386424,0.94361585,0.9686219,0.9525945,0.92882985,0.9310015,0.9553379,0.9370612,0.9625865,0.9441745,0.9561937,0.95520407,0.94290006,0.92903775,0.93909574,0.9436444,0.5267099,0.9313279,0.7717703,0.92303497,0.9696583,0.95730096,0.9282064,0.934473,0.95068765,0.93216676,0.9388876,0.9566248,0.90827984,0.95707285,0.9322845,0.92088753,0.93844837,0.93241966,0.8872171,0.9474302,0.90452814,0.963515,0.91857153,0.94843644,0.94098115,0.94425243,0.93827504,0.9652168,0.9505801,0.9646268,0.9385967,0.92232704,0.9493698,0.9353825,0.92021906,0.9247177,0.91182053,0.93549174,0.9415673,0.96281546,0.94590664,0.941406,0.9269219,0.923845,0.9436121,0.9381884,0.9338677,0.9460416,0.93984646,0.9646268,0.9214982,0.93634975,0.93163383,0.9556613
bernadettefilm,0.9622994,0.9543249,0.9681601,0.936159,0.94741976,0.96445274,0.9654403,0.95375013,0.9858069,0.9558985,0.9580371,0.93997645,0.9526237,0.9745272,0.96960104,0.96804035,0.96753377,0.96649003,0.96400857,0.9608687,1.0,0.9671542,0.96231574,0.97837484,0.9551875,0.6422518,0.9461229,0.96922684,0.968674,0.9477446,0.95891815,0.9744725,0.93648994,0.9367128,0.8778277,0.77988595,0.966203,0.952022,0.97763795,0.96855885,0.9507559,0.96609616,0.95922697,0.9632102,0.9703936,0.9729765,0.95309263,0.9618189,0.9359476,0.9652152,0.9730996,0.9740065,0.9714816,0.968646,0.9327365,0.9313236,0.9563448,0.9701267,0.9503869,0.98218656,0.9581369,0.95055735,0.96018213,0.9745378,0.9573605,0.9562374,0.9483228,0.9547204,0.955743,0.93173206,0.9817916,0.37969077,0.88925064,0.9736845,0.9542928,0.9510247,0.79908246,0.9425942,0.95760846,0.9554585,0.94881,0.95091844,0.96226406,0.9156774,0.94160813,0.9575683,0.92602557,0.968929,0.9501776,0.97664446,0.96520716,0.9817916,0.96016973,0.9584182,0.96401733,0.95597464,0.973006,0.95486706,0.95339197,0.9321962,0.9546734,0.95596087,0.947064,0.98093486,0.95772946,0.977104,0.9700073,0.96181065,0.9406306,0.97034913,0.96962595,0.54686797,0.97249115,0.7811266,0.9697227,0.9657286,0.9641794,0.9332762,0.9660095,0.96525514,0.9506484,0.95445544,0.9606451,0.9279268,0.969499,0.957205,0.95722777,0.9615673,0.9641855,0.9042211,0.9762754,0.92704445,0.9748087,0.93030924,0.9737138,0.9357681,0.9411085,0.96050864,0.97925204,0.9584237,0.9858069,0.9689056,0.9512108,0.9697608,0.96401453,0.9696947,0.9499921,0.9320743,0.95807236,0.9334066,0.9652784,0.9651936,0.9502086,0.9368031,0.94680136,0.9663164,0.9680508,0.9473876,0.960217,0.96574676,0.9858069,0.9344686,0.9621256,0.9726856,0.9716168
