movie,21bridgesmovie,47metersdown,abeautifuldaymovie,abominablemovie,adastramovie,adogsjourneymovie,aftermathmovie,aftermovie,ahiddenlifefilm,alitamovie,angelhasfallen,angrybirdsmovie,annabellemovie,annamovie,apollo11movie,arcticdogsmovie,arcticmovie,artofracingmovie,avengers,beachbummovie,bernadettefilm,blackandbluemovie,blackchristmas,blindedbythelightmovie,bombshellmovie,booksmart,breakthroughmovie,brianbanksmovie,brightburnmovie,brittanyrunsmov,captainmarvelofficial,captivestatemovie,catsmovie,charliesangels,childsplaymovie,clarathefilm,coldpursuitmovie,countdown,currentwarmovie,darkwatersmovie,detectivepikachumovie,disneyaladdin,disneyfrozen,disneymaleficent,doctorsleepmovie,dolemiteismyname,dontletgomovie,doramovie,downtonabbey_official,dumbo,escaperoom,everybodyknowsmovie,fastandfuriousmovie,fightingwmyfam,fivefeetapartfilm,fordvferrari,freaksthefilm,geminimanmovie,glassmovie,gloriabellmovie,godzillamovie,goldfinchmovie,goodboysmovie,goodliarmovie,gretafilm,halathemovie,happydeathdaymovie,harrietfilm,hellboymovie,hersmellmovie,highlifemovie,highstrungmovie,honeyboymovie,hotelmumbaifilm,httydragon,hustlemovie,hustlersmovie,isntitromantic,itmovieofficial,jayandsilentbob,johnwickmovie,jojorabbitmovie,jokermovie,judythefilm,jumanjimovie,justmercyfilm,knivesout,lalloronamovie,lastblackmansf,lastchristmasthemovie,latenightmovie,lighthousemovie,lionking,littlethemovie,littlewomenmovie,littlewoodsfilm,longshotmovie,lordsofchaosmovie,lucyintheskyfilm,mamovie2019,marriagestory,meettheaddams,meninblack,midsommarmovie,midwaymovie,missbalamovie,missinglinkfilm,motherlessbklyn,onceinhollywood,onthebasisofsex,overcomermovie,peanutbutterfalcon,petsematarymovie,piercingmovie,playingwithfire,playmobilthemovie,pomsmovie,queenandslim,rambomovie,readyornotfilm,richardjewellfilm,rocketmanmovie,scarystoriesmovie,secretlifeofpets,serenityfilm,shaftmovie,shazammovie,spidermanmovie,spiesindisguise,starwars,stormboymovie,stubermovie,taosdfilm,teenspiritmov,terminator,theaeronautsmov,thebestofenemies,thedeaddontdie,thefarewell,thehighwaymen,thehummingbirdprojectfilm,theintrudermovie,theirishmanfilm,thekitchenmovie,thelegomovie,themustangfilm,thenightingalefilm,theprodigymovie,thesunisalsoastar,theupsidefilm,tolkienmovie,toystory,triplefrontier,uglydolls,uncutgems,underthesilverlake,usmovie,wavesmovie,whatmenwant,wonderparkmovie,wrinklestheclown,xmenmovies,yardiefilm,yesterdaymovie,zombieland
21bridgesmovie,1.0000001,0.94563556,0.97957957,0.95209664,0.9900275,0.92246616,0.9890989,0.9881901,0.99193466,0.971362,0.9784296,0.9588985,0.97852737,0.9836525,0.9843402,0.9856828,0.9838991,0.9816927,0.98349166,0.96783787,0.9808258,0.97819936,0.98023504,0.9769065,0.9752305,0.7831419,0.98141855,0.97408575,0.97533786,0.9735851,0.9681977,0.98372304,0.9640417,0.9247581,0.8957182,0.797815,0.98814577,0.9790691,0.9857811,0.97992545,0.9813886,0.9882543,0.9623625,0.9848307,0.98050684,0.97491866,0.977346,0.96261936,0.9849163,0.98799485,0.9724281,0.9899677,0.97162586,0.977107,0.965434,0.9746614,0.96936,0.9671547,0.9699608,0.9729688,0.9787829,0.97638255,0.9736608,0.9786828,0.9722985,0.95531857,0.9554726,0.97386557,0.98021734,0.9137972,0.9827824,0.23694597,0.9291737,0.97889596,0.90310967,0.9116697,0.83305305,0.96945244,0.98315746,0.9593213,0.98133975,0.98216546,0.9906781,0.93779624,0.96689487,0.9551598,0.96739763,0.9775607,0.9629983,0.9763996,0.9662334,0.9827824,0.9540577,0.96835965,0.9729175,0.98548305,0.9841068,0.9613955,0.9851829,0.9877995,0.9839735,0.99543023,0.9527095,0.98362803,0.9720521,0.9677345,0.9875396,0.98330873,0.97597426,0.9252582,0.99406475,0.37865022,0.97121245,0.6341153,0.94212073,0.9944302,0.99683416,0.9369398,0.97821516,0.98596674,0.9812367,0.95528966,0.9689369,0.925424,0.98749965,0.97978705,0.9622541,0.9685394,0.98261887,0.89132833,0.98817235,0.96322364,0.9685485,0.93706614,0.96926,0.9729862,0.9821584,0.9772052,0.9873066,0.9770379,0.99193466,0.982259,0.97267884,0.9873612,0.9815928,0.9766962,0.9645167,0.9571028,0.9811255,0.97858787,0.98529834,0.979014,0.9849384,0.86931574,0.9820092,0.9758396,0.9568478,0.9776385,0.98388505,0.97158754,0.99193466,0.9776524,0.9873118,0.986638,0.97695875
47metersdown,0.94563556,0.99999994,0.9582418,0.96999246,0.9637167,0.94170785,0.95571524,0.93792564,0.9590932,0.89411604,0.9798804,0.9721036,0.9698072,0.9452094,0.94005376,0.94544065,0.97639614,0.9737928,0.92853904,0.96401614,0.9214904,0.9478576,0.9590231,0.94932044,0.9396609,0.7859059,0.93921125,0.970906,0.95992327,0.9290083,0.93003356,0.95650595,0.9267248,0.958392,0.9582701,0.8348424,0.95091695,0.96479714,0.9452009,0.9341492,0.911701,0.93483067,0.89171743,0.9303509,0.96973944,0.96987605,0.9594026,0.9398095,0.9300187,0.9293166,0.970257,0.9604234,0.9303044,0.93045217,0.94986075,0.96490455,0.92073035,0.9598203,0.96616906,0.93600047,0.9499136,0.9304042,0.9579649,0.94669425,0.94800395,0.91870564,0.9485859,0.9481001,0.9217184,0.91108596,0.9355786,0.21960637,0.9602331,0.95523185,0.9261283,0.8902884,0.7896977,0.9172839,0.9618731,0.93821406,0.9610038,0.9383608,0.95270836,0.958968,0.9862513,0.95233285,0.96907026,0.9689391,0.9209479,0.9467294,0.89552224,0.9355786,0.9306404,0.8894595,0.9663799,0.95871717,0.9541421,0.9336525,0.9332893,0.9507951,0.9616358,0.9552948,0.92655176,0.9347068,0.91298753,0.96572137,0.97126883,0.93847966,0.946968,0.9499869,0.95086056,0.4121318,0.95367634,0.65347016,0.970791,0.96065474,0.9631084,0.9453181,0.9678859,0.9563576,0.9301242,0.96519244,0.9472257,0.9030783,0.9416438,0.95491874,0.94225675,0.9464265,0.96839184,0.815435,0.94457215,0.9546739,0.96125,0.9495303,0.9593004,0.9318957,0.9445352,0.92809844,0.9404858,0.94628006,0.9590932,0.96293604,0.93565106,0.93795663,0.94324124,0.94447577,0.9051596,0.9565583,0.932068,0.958137,0.95234853,0.9345631,0.938803,0.814608,0.913927,0.9180033,0.94544667,0.95251995,0.9505087,0.9656953,0.9590932,0.9539057,0.9548386,0.9545765,0.954203
abeautifuldaymovie,0.97957957,0.9582418,1.0000002,0.96700025,0.9813505,0.939435,0.98698014,0.9856947,0.9920751,0.9570415,0.975349,0.9796228,0.9785188,0.9766678,0.98094213,0.9693073,0.98360986,0.9780498,0.9817807,0.9847844,0.9650667,0.9846501,0.9720136,0.9896979,0.9779006,0.8207864,0.9597884,0.9846693,0.9925706,0.9701173,0.96914387,0.99029654,0.95311654,0.9523879,0.90368944,0.83086836,0.97950953,0.96421266,0.99399287,0.9858069,0.9669987,0.9787138,0.9402613,0.97496593,0.9881745,0.979066,0.97355455,0.9754055,0.95887,0.97110003,0.9945574,0.99074125,0.97157174,0.9682431,0.9613409,0.9691337,0.9687457,0.9912101,0.96527785,0.9811561,0.9796939,0.9751087,0.96631455,0.96262777,0.9798402,0.9648368,0.956625,0.9859473,0.9695225,0.948996,0.9870099,0.24851096,0.94639903,0.99262315,0.929727,0.9295823,0.85781235,0.9680205,0.9746554,0.98044,0.97136825,0.9717649,0.97406846,0.931516,0.98193735,0.96908945,0.9550699,0.9894797,0.97387165,0.9792302,0.9662704,0.9870099,0.9208747,0.94022477,0.9905211,0.98418665,0.9658522,0.9764426,0.97329175,0.9728841,0.98320395,0.986484,0.9681285,0.98933786,0.96290493,0.9929349,0.99463814,0.97273064,0.97748274,0.9575133,0.9844565,0.40102264,0.9884787,0.6909772,0.95960635,0.979099,0.9882211,0.9554685,0.9787061,0.9746785,0.9669897,0.9753526,0.97481114,0.9372084,0.9802452,0.9777405,0.96575725,0.9839928,0.9801421,0.9064703,0.97704494,0.962335,0.987712,0.9300265,0.99480474,0.97483075,0.98703563,0.9792804,0.9864785,0.98805743,0.9920751,0.99221253,0.9605846,0.9720855,0.9695333,0.98747355,0.973501,0.9570556,0.9675151,0.98655474,0.99316704,0.97890794,0.9848026,0.8889444,0.9697676,0.97254795,0.9799142,0.9892715,0.9859044,0.98800534,0.9920751,0.97521085,0.98436695,0.9753788,0.9885614
abominablemovie,0.95209664,0.96999246,0.96700025,1.0,0.9684006,0.9518766,0.958444,0.9424307,0.96951854,0.9299954,0.9563128,0.9680524,0.966993,0.9399357,0.95406246,0.9604369,0.9702901,0.9714952,0.95670027,0.96824276,0.9359928,0.96919936,0.948752,0.9461748,0.93647754,0.8601029,0.9392972,0.96868277,0.97126544,0.9633329,0.9420511,0.9663513,0.9369058,0.9279855,0.92621404,0.8473957,0.9606052,0.9701417,0.9626257,0.96016175,0.94313395,0.95382077,0.9334546,0.94986045,0.9656351,0.97116196,0.96004635,0.9472767,0.9403735,0.95590687,0.9756429,0.97153515,0.9465199,0.93015534,0.9623114,0.9537878,0.9418637,0.9666882,0.94552344,0.9575478,0.96636575,0.9418327,0.94701064,0.94925714,0.96434647,0.9320392,0.9354905,0.96689546,0.91662884,0.9668851,0.95350116,0.3261196,0.96566737,0.9679584,0.9627532,0.9007426,0.8782537,0.9421983,0.9505853,0.9579183,0.9450313,0.95151305,0.95329684,0.92299736,0.9782724,0.94463056,0.96176213,0.95402706,0.9460414,0.96079177,0.93166816,0.95350116,0.9157802,0.92579496,0.97875077,0.96458423,0.9445917,0.9388524,0.95339847,0.9456174,0.96429855,0.9555696,0.9365979,0.9575449,0.9262298,0.9701017,0.9741478,0.9564888,0.9652542,0.9181825,0.9570352,0.5173219,0.96189773,0.7207523,0.9535721,0.95468366,0.9640776,0.95023453,0.96193707,0.94864553,0.93759525,0.9554554,0.9624464,0.9313364,0.9485532,0.95655215,0.9267849,0.9655069,0.9652477,0.90235186,0.9447453,0.9548862,0.9635373,0.91165936,0.97638,0.96863306,0.9494074,0.94618255,0.9538825,0.9648263,0.96951854,0.974411,0.93987346,0.95658475,0.9502161,0.955943,0.93963903,0.9372936,0.94955087,0.96966726,0.963506,0.9436233,0.96298563,0.8758953,0.9189731,0.95062166,0.94601935,0.96671885,0.9630225,0.96846133,0.96951854,0.93585676,0.9694442,0.9523298,0.96493477
adastramovie,0.9900275,0.9637167,0.9813505,0.9684006,0.99999994,0.91846037,0.98028564,0.97934496,0.98960644,0.9616344,0.9877983,0.9598966,0.98532957,0.98015606,0.977036,0.97837067,0.98894477,0.9924248,0.97954065,0.97877014,0.9751719,0.97389156,0.97031546,0.97692585,0.96715343,0.81170285,0.9748935,0.97715324,0.982858,0.9685302,0.9695222,0.98547745,0.9489498,0.94686025,0.90527254,0.8047596,0.9848168,0.99010944,0.98056644,0.9832611,0.9707287,0.9749367,0.94215894,0.9800411,0.9864006,0.98418677,0.97005576,0.9679183,0.96509993,0.97953653,0.9770361,0.98776394,0.96364206,0.96398443,0.97850424,0.9852972,0.97590405,0.9725937,0.9776195,0.9675975,0.9828369,0.96472067,0.98133856,0.97583276,0.97857696,0.9654429,0.9608356,0.9745992,0.9609,0.94229305,0.97680485,0.25819814,0.93647474,0.9733416,0.9079079,0.92259896,0.84520286,0.95230037,0.98151314,0.95858973,0.98399514,0.976703,0.9853948,0.9276986,0.9831647,0.96282434,0.9747079,0.97798973,0.9660562,0.9707698,0.961469,0.97680485,0.9437588,0.954639,0.9802377,0.97898096,0.98194385,0.9747498,0.9767535,0.98158693,0.9934904,0.9920507,0.945567,0.9771632,0.9616432,0.9728848,0.9891037,0.98023194,0.97025394,0.9408233,0.9908384,0.40952468,0.9717765,0.65353036,0.9626049,0.9923251,0.9942397,0.9324749,0.9878974,0.9746669,0.96879816,0.97213376,0.97958773,0.9052885,0.9829079,0.9884733,0.96747136,0.9623607,0.98832023,0.88417214,0.9842795,0.96594995,0.98462474,0.94849926,0.9722387,0.97609687,0.9823431,0.9714939,0.98227835,0.97389585,0.98960644,0.980539,0.97568893,0.97087955,0.97670984,0.9739372,0.94817007,0.9650711,0.96747977,0.9765413,0.98002994,0.9705348,0.979499,0.86548555,0.9665026,0.967407,0.95490676,0.9885636,0.9796088,0.9801042,0.98960644,0.9811134,0.9893705,0.97170186,0.9719658
adogsjourneymovie,0.92246616,0.94170785,0.939435,0.9518766,0.91846037,1.0,0.94576323,0.912023,0.94128966,0.86935383,0.9265719,0.9742173,0.9305432,0.9125561,0.9284822,0.937213,0.95241296,0.9269527,0.91182405,0.932153,0.8990324,0.9616087,0.9593635,0.91592157,0.9150796,0.8212422,0.9294398,0.96615744,0.9350478,0.9264897,0.90531886,0.92381316,0.94660366,0.89196736,0.95268965,0.8512639,0.92379475,0.92371225,0.93390983,0.91208524,0.91520333,0.9384621,0.9065791,0.9166549,0.93580854,0.94847506,0.96568704,0.9376289,0.923264,0.9217331,0.9560693,0.9492111,0.9270938,0.92373425,0.91797066,0.90207654,0.88940704,0.93803567,0.9028748,0.94960046,0.91882265,0.91321707,0.90955865,0.9215857,0.9222026,0.88615817,0.8892342,0.9584358,0.91603607,0.88082653,0.9328282,0.24572368,0.9558533,0.9635333,0.9522055,0.8029295,0.8325035,0.9148335,0.9154535,0.95258147,0.9199156,0.9191853,0.9289168,0.9594779,0.94895124,0.9252019,0.9411679,0.9490962,0.90772635,0.9379326,0.88287234,0.9328282,0.9165037,0.8857316,0.9432558,0.94106525,0.9149576,0.8776581,0.9339965,0.93543,0.9264162,0.9200129,0.9215447,0.92661685,0.9049892,0.95360523,0.9394947,0.9144877,0.9445627,0.89767504,0.91836137,0.3939517,0.93736035,0.7532106,0.9149111,0.92579037,0.93576545,0.9697407,0.9249954,0.9491414,0.91095084,0.9095831,0.9183617,0.9823696,0.9182754,0.92430973,0.90991193,0.95248467,0.9370585,0.8694865,0.9195984,0.9244763,0.91420627,0.92061263,0.9524911,0.9121663,0.91015255,0.9375494,0.9375109,0.9562592,0.94128966,0.9685576,0.9040291,0.93714887,0.9272556,0.9432714,0.93818235,0.9265602,0.92458415,0.94714206,0.9437236,0.9222518,0.93304706,0.84699386,0.9002804,0.9278422,0.9321805,0.9138057,0.93540037,0.92557,0.94128966,0.88837916,0.93227285,0.9524345,0.9601119
aftermathmovie,0.9890989,0.95571524,0.98698014,0.958444,0.98028564,0.94576323,0.9999999,0.9909125,0.9948615,0.9554727,0.97911984,0.9698263,0.9821772,0.9828883,0.98693657,0.9828846,0.9870041,0.9796689,0.9783027,0.97110134,0.96814585,0.98129165,0.9830407,0.9850947,0.97910565,0.7948937,0.965206,0.9885459,0.98625094,0.97559386,0.9598086,0.98579574,0.96830684,0.9341086,0.9020765,0.79049385,0.9875024,0.96753573,0.98550326,0.9786199,0.9733916,0.98470736,0.952081,0.97593576,0.98872024,0.977774,0.98281556,0.97946835,0.9729164,0.9789459,0.9841086,0.98828685,0.9699191,0.96816987,0.9632236,0.9752111,0.96059567,0.980726,0.97243214,0.9738196,0.981542,0.98122215,0.9723083,0.982204,0.9619819,0.9557909,0.9645037,0.97674423,0.9721371,0.9185868,0.98425704,0.24726614,0.94119626,0.9867645,0.91054136,0.9165188,0.84634936,0.9704464,0.984856,0.98065734,0.98071367,0.9851582,0.98466414,0.9499716,0.9757157,0.96493167,0.9769818,0.98918074,0.95944476,0.98474586,0.9621237,0.98425704,0.9575613,0.9527935,0.97823304,0.98709583,0.9821758,0.9559141,0.98647183,0.98148537,0.9828483,0.98983276,0.9638426,0.9805788,0.9699211,0.9819383,0.99180794,0.9838702,0.9701988,0.9352748,0.9891397,0.3916357,0.98050714,0.6398106,0.9476768,0.9907924,0.9915895,0.94928396,0.98147994,0.99566793,0.98184925,0.9590366,0.9729308,0.93989563,0.97921723,0.9751353,0.9630331,0.9836021,0.98187083,0.8947798,0.9815704,0.97327995,0.9732409,0.94565195,0.9814916,0.97307014,0.9819413,0.9796187,0.9865619,0.9868861,0.9948615,0.99080235,0.96911854,0.9871541,0.98230636,0.98119426,0.9762897,0.95448834,0.97944504,0.9759476,0.99443495,0.9790539,0.9867145,0.88541263,0.98042446,0.96882164,0.9640063,0.9784564,0.99162835,0.9745696,0.9948615,0.97542334,0.98784655,0.9871669,0.98861176
aftermovie,0.9881901,0.93792564,0.9856947,0.9424307,0.97934496,0.912023,0.9909125,1.0000001,0.9905411,0.9780807,0.97128,0.9559852,0.97402793,0.98222446,0.9829977,0.9760358,0.97662556,0.9718478,0.9827648,0.9656968,0.96528465,0.973592,0.9745087,0.9885204,0.98409194,0.7858363,0.95615584,0.9729647,0.98153806,0.9788698,0.962696,0.98630005,0.9474332,0.9302845,0.8710845,0.7903498,0.98241127,0.95889884,0.9884072,0.98453945,0.97213674,0.9862704,0.9507027,0.98265964,0.9834031,0.9714377,0.97340685,0.97278744,0.971124,0.9828027,0.97440696,0.98141533,0.97493654,0.96896577,0.94944924,0.97316086,0.9664773,0.97429556,0.9671493,0.971238,0.98054504,0.98369503,0.9730651,0.96631086,0.95787555,0.9539117,0.957686,0.9663804,0.9760882,0.9147271,0.98718727,0.23507039,0.9233208,0.97626334,0.8912773,0.93335617,0.84069073,0.96918833,0.984755,0.9717027,0.9773026,0.982034,0.9816256,0.928557,0.96278256,0.95024735,0.956407,0.9817212,0.96347046,0.9764745,0.9732822,0.98718727,0.94948363,0.9596198,0.96780807,0.9837162,0.98276347,0.96706027,0.9834483,0.97564065,0.98006284,0.99514794,0.9575405,0.9843195,0.97776735,0.9707714,0.9891863,0.98195887,0.96647733,0.9332088,0.98813784,0.38817447,0.9734534,0.6249184,0.93332005,0.988622,0.9889604,0.9341746,0.9760858,0.9817564,0.97854006,0.9550149,0.9642338,0.9147957,0.980541,0.9750033,0.9601168,0.9775634,0.9716904,0.90168405,0.9791995,0.9550947,0.97226894,0.9188952,0.9735117,0.9750356,0.9863698,0.97660667,0.9874598,0.977748,0.9905411,0.9789899,0.9688976,0.9811257,0.9700223,0.9780687,0.97680694,0.94590384,0.97800183,0.97022164,0.98866755,0.98234963,0.9819073,0.882491,0.9851895,0.97150594,0.9584837,0.9795739,0.9880094,0.9719226,0.9905411,0.9795208,0.9809019,0.980745,0.9766761
ahiddenlifefilm,0.99193466,0.9590932,0.9920751,0.96951854,0.98960644,0.94128966,0.9948615,0.9905411,1.0,0.9684474,0.98390436,0.9715898,0.9881364,0.9890043,0.99340934,0.981509,0.99099624,0.9861998,0.98924375,0.9827957,0.9802579,0.98703015,0.98379296,0.99165726,0.97540706,0.8039541,0.9714809,0.9876182,0.98749924,0.98293114,0.9780836,0.99207574,0.9687715,0.93493617,0.9037859,0.8098888,0.9940998,0.9789143,0.99419737,0.98517364,0.98131835,0.99146473,0.9576923,0.9884177,0.9924944,0.9828921,0.98565894,0.98439866,0.97150725,0.9888073,0.9888662,0.9938804,0.9732183,0.9752566,0.9698351,0.97854495,0.9783942,0.98783,0.97881085,0.9818876,0.9903809,0.98106456,0.974392,0.9829135,0.9776491,0.9716499,0.9694599,0.98044956,0.977099,0.9385566,0.9898033,0.2596785,0.94190013,0.99065006,0.9163955,0.93451035,0.8495024,0.972566,0.9840233,0.9803151,0.97886443,0.98291737,0.98914474,0.946804,0.98086363,0.97253656,0.9688975,0.989867,0.97760355,0.9875411,0.9729266,0.9898033,0.94792396,0.96749264,0.986908,0.9882729,0.98164034,0.9723406,0.98229605,0.98422146,0.9907038,0.99311274,0.9634818,0.9888206,0.97539526,0.98569417,0.99488586,0.986486,0.97219354,0.9364016,0.9941311,0.41061774,0.9857271,0.6625937,0.95817417,0.99144125,0.9941479,0.948474,0.9849331,0.98649603,0.98546094,0.9747023,0.9836366,0.9357544,0.98890233,0.9878962,0.97333694,0.9818286,0.98867184,0.90151197,0.98879,0.97788024,0.9817002,0.9383152,0.98764855,0.9858707,0.98479116,0.9871583,0.99094635,0.9903627,1.0,0.9936703,0.97519577,0.9853809,0.9822752,0.9899824,0.9748088,0.962158,0.981156,0.98158765,0.99506426,0.9817974,0.988428,0.9034345,0.98059785,0.9788946,0.97228724,0.9873696,0.9956923,0.9855966,1.0,0.9793307,0.9948862,0.98765546,0.991906
alitamovie,0.971362,0.89411604,0.9570415,0.9299954,0.9616344,0.86935383,0.9554727,0.9780807,0.9684474,1.0000001,0.9318868,0.9214169,0.9419825,0.9531738,0.9664879,0.96282095,0.9468772,0.94140285,0.9788875,0.94152725,0.95081234,0.9557827,0.9416617,0.9583469,0.950353,0.7937938,0.933145,0.9327033,0.9487406,0.97814053,0.95190626,0.96642715,0.92086744,0.8758391,0.8271594,0.79126287,0.9631603,0.93946844,0.9734831,0.9720318,0.96864814,0.9805555,0.9626956,0.98041314,0.9510889,0.9469079,0.9457992,0.9431543,0.9583618,0.98491627,0.9394847,0.96229655,0.9642267,0.9483776,0.9325608,0.9418681,0.96292555,0.94171286,0.92869306,0.9603626,0.9675762,0.9636527,0.938987,0.9308914,0.94894165,0.9299623,0.9173154,0.9447985,0.95191485,0.9155975,0.9746663,0.28608367,0.8941865,0.94669294,0.88286257,0.9268131,0.84908426,0.9643606,0.95876175,0.94167185,0.94194424,0.9579076,0.9649825,0.88193136,0.9220377,0.90551335,0.9125802,0.9365099,0.9637452,0.95168716,0.97466755,0.9746663,0.91226983,0.9771065,0.939508,0.9609617,0.9546652,0.9551877,0.9675621,0.95226586,0.9558675,0.9763475,0.9251116,0.97529304,0.9671054,0.9307522,0.9645918,0.9652009,0.95210963,0.8829453,0.96713215,0.45956796,0.9464412,0.6477062,0.8940184,0.9618144,0.9644623,0.9075588,0.93910587,0.94087523,0.9580543,0.9243971,0.9487964,0.89032763,0.96555877,0.9520702,0.9301691,0.9474638,0.9387519,0.92317015,0.9561509,0.92282987,0.9459864,0.85246986,0.9478559,0.9715864,0.96429735,0.9624635,0.97159684,0.9485606,0.9684474,0.94918233,0.9488825,0.964729,0.94441205,0.9614005,0.96389174,0.906202,0.9675988,0.9513072,0.9613635,0.96616834,0.9679401,0.87797487,0.9687025,0.9711673,0.9288086,0.9590272,0.9691165,0.94836724,0.9684474,0.9410134,0.9634034,0.95764583,0.94613874
angelhasfallen,0.9784296,0.9798804,0.975349,0.9563128,0.9877983,0.9265719,0.97911984,0.97128,0.98390436,0.9318868,0.99999994,0.9624089,0.9874043,0.98072934,0.9724568,0.96478444,0.9917375,0.9875651,0.9606956,0.9792994,0.96276367,0.9595394,0.9759172,0.98083836,0.9636452,0.75978976,0.9694931,0.97930557,0.97624254,0.9517121,0.9616803,0.97535205,0.94777656,0.9512784,0.9236477,0.7975129,0.9796841,0.97950333,0.9705112,0.95697707,0.95270175,0.9629001,0.9092951,0.96785456,0.98564214,0.9761917,0.97141945,0.97075725,0.94863534,0.96178174,0.97513026,0.9760775,0.9478629,0.95952845,0.963328,0.9834479,0.95738035,0.9725233,0.9861975,0.95618105,0.97664225,0.9544368,0.9747386,0.9778971,0.96341616,0.95418787,0.97867614,0.9625715,0.9615164,0.9130721,0.9657279,0.24191712,0.9308251,0.9683891,0.88551736,0.9195088,0.79049885,0.93087566,0.97615993,0.9560318,0.98343563,0.9615293,0.9782038,0.95706034,0.9862246,0.97701895,0.9769596,0.9878804,0.95031434,0.9643776,0.9311473,0.9657279,0.95005107,0.9328031,0.97213155,0.972529,0.98067063,0.9644547,0.9562851,0.9759437,0.98459864,0.9830831,0.937156,0.9607535,0.9483352,0.97296417,0.9828419,0.9630646,0.94956297,0.942737,0.98303235,0.37860677,0.9668126,0.62902254,0.9674558,0.98809433,0.9862742,0.92858434,0.9872948,0.9779951,0.9644323,0.9745297,0.97035015,0.90209067,0.9726645,0.9828958,0.97325087,0.9543191,0.98507804,0.8341506,0.9806914,0.97397673,0.9790516,0.96341777,0.96555215,0.9606385,0.9643172,0.95950556,0.97171396,0.9675037,0.98390436,0.9777705,0.96605647,0.95643216,0.9751,0.9682085,0.93201023,0.97301006,0.9524624,0.9638497,0.97476417,0.9581508,0.96071196,0.86431193,0.9541681,0.94910055,0.957902,0.97459054,0.9725789,0.9737147,0.98390436,0.98656964,0.9761973,0.9718762,0.9723526
angrybirdsmovie,0.9588985,0.9721036,0.9796228,0.9680524,0.9598966,0.9742173,0.9698263,0.9559852,0.9715898,0.9214169,0.9624089,0.9999999,0.9677605,0.95291996,0.95492166,0.9578,0.9804861,0.9650084,0.9474288,0.97333187,0.94124717,0.98258173,0.97817606,0.95905703,0.9560776,0.8450078,0.9619179,0.9838919,0.97298187,0.9526477,0.94486403,0.97157824,0.948759,0.95703477,0.9599558,0.8840665,0.95246804,0.9566668,0.9722921,0.9560835,0.9425325,0.9650541,0.93547165,0.95342195,0.96645284,0.982454,0.978488,0.95571256,0.9518486,0.9512955,0.9864558,0.9821529,0.9563004,0.9581616,0.9568285,0.95009077,0.9407694,0.97376484,0.94456214,0.9785013,0.9544206,0.9408313,0.9520487,0.9406737,0.96881205,0.92856854,0.9190413,0.980901,0.9553488,0.9254887,0.97037476,0.22625487,0.9740871,0.98637146,0.96179044,0.87137115,0.857172,0.9484669,0.95695853,0.95829654,0.96563333,0.9524349,0.9660104,0.9572422,0.9817163,0.9513463,0.95365876,0.9799304,0.95410776,0.9549673,0.92482793,0.97037476,0.92419237,0.9079486,0.9782937,0.97142226,0.9473522,0.94449574,0.95778793,0.97083104,0.96825767,0.96484715,0.9429265,0.9704506,0.94683707,0.981938,0.9794429,0.94956666,0.979193,0.9632624,0.9612323,0.40771535,0.9695537,0.7405015,0.9644608,0.96013176,0.972496,0.98307407,0.9649296,0.9659493,0.94081354,0.9584087,0.9573235,0.9603603,0.9619924,0.9594562,0.9545358,0.9692938,0.9691185,0.86990637,0.96030766,0.94603926,0.9651424,0.9431512,0.98332727,0.94383687,0.9632204,0.9612439,0.9728024,0.973226,0.9715898,0.98674774,0.94863224,0.96105665,0.9556008,0.973083,0.9510518,0.96654755,0.9553396,0.977224,0.97086614,0.9657997,0.95984405,0.8470304,0.94668955,0.9579981,0.97454876,0.96456456,0.9642586,0.9758594,0.9715898,0.941892,0.96467495,0.97312355,0.97980106
annabellemovie,0.97852737,0.9698072,0.9785188,0.966993,0.98532957,0.9305432,0.9821772,0.97402793,0.9881364,0.9419825,0.9874043,0.9677605,1.0000001,0.9894641,0.9710846,0.9599462,0.99016047,0.99479884,0.962708,0.9852042,0.9763148,0.9705703,0.97736824,0.98147964,0.95591563,0.8180185,0.97378254,0.9811326,0.98120207,0.96710867,0.9659301,0.98751295,0.9481287,0.9581961,0.9137624,0.81127656,0.9797681,0.9864247,0.97954243,0.97180414,0.96948594,0.9702691,0.94308126,0.9744792,0.9795541,0.9863258,0.9772529,0.9754104,0.949627,0.97188133,0.97987145,0.97933203,0.9389997,0.9568633,0.97668695,0.98245466,0.9745679,0.9857425,0.98759973,0.9704316,0.9798664,0.9518951,0.97968113,0.98621744,0.9720121,0.97267956,0.9677297,0.96004325,0.9651127,0.9406355,0.9763587,0.24504294,0.9427836,0.97572,0.90065646,0.937563,0.85177064,0.9453404,0.9758308,0.9515675,0.9840879,0.9818276,0.9874603,0.9391536,0.9898557,0.9687837,0.9715421,0.9874327,0.96807325,0.9618083,0.94874346,0.9763587,0.9483358,0.93639374,0.9820442,0.96838933,0.97125787,0.97292674,0.96353096,0.98348373,0.9924368,0.9815214,0.9272424,0.97543234,0.9715755,0.97609675,0.9834259,0.97774774,0.9597094,0.9408264,0.9878726,0.42763308,0.96956426,0.6369678,0.98125386,0.98166674,0.9846656,0.92615616,0.9936753,0.97307664,0.97529876,0.982739,0.9819547,0.90443313,0.98287004,0.986264,0.98105705,0.95971304,0.99070686,0.84434664,0.9837573,0.97926295,0.97988707,0.961506,0.9762403,0.97633874,0.96928436,0.96214694,0.9778747,0.9811241,0.9881364,0.98223764,0.98676735,0.97104865,0.97925335,0.9677212,0.9359534,0.9829706,0.96474046,0.95970935,0.9777252,0.97552073,0.96044743,0.8866167,0.96642435,0.9671064,0.95948464,0.9858922,0.9776272,0.9869417,0.9881364,0.984329,0.98551375,0.9690256,0.97798514
annamovie,0.9836525,0.9452094,0.9766678,0.9399357,0.98015606,0.9125561,0.9828883,0.98222446,0.9890043,0.9531738,0.98072934,0.95291996,0.9894641,0.99999994,0.97894186,0.9541496,0.9818989,0.98273003,0.9696322,0.9786516,0.9833577,0.96566397,0.9782812,0.9868581,0.95697093,0.77868485,0.9676263,0.9739418,0.9684159,0.9660905,0.97991097,0.9875144,0.94613034,0.93533295,0.88935745,0.7989102,0.98087686,0.9738393,0.98234653,0.9734742,0.97184503,0.9788841,0.94935566,0.98305476,0.9801519,0.9759386,0.9758172,0.97712237,0.9570495,0.97981155,0.9715083,0.9774718,0.943993,0.9636444,0.958928,0.9788552,0.9829584,0.97917616,0.9888275,0.97127485,0.9722983,0.9609492,0.9809717,0.98041713,0.9673295,0.9816263,0.9704696,0.95264715,0.9837516,0.9121197,0.9784324,0.20495205,0.9260777,0.9737265,0.87276894,0.94427717,0.82249135,0.9513508,0.978189,0.9504216,0.97835344,0.98206544,0.9868228,0.9356703,0.9718655,0.96381927,0.9535764,0.98773444,0.9711722,0.9665262,0.958468,0.9784324,0.9476726,0.9506358,0.96981746,0.97175956,0.97175825,0.9746943,0.9624836,0.9839066,0.98774236,0.98507893,0.93620175,0.976347,0.9839366,0.9665094,0.9782084,0.9737736,0.94871825,0.93221325,0.99124223,0.37512267,0.9632385,0.620384,0.9585011,0.98546445,0.9828232,0.9140909,0.98645824,0.97484064,0.98293865,0.97865087,0.9747468,0.89658993,0.99311393,0.98806113,0.9845984,0.9542674,0.98514444,0.844212,0.98956305,0.97747856,0.967249,0.9431115,0.96638924,0.9744746,0.9724661,0.9746243,0.9786679,0.98000735,0.9890043,0.9760077,0.98680836,0.9696001,0.96868867,0.9723275,0.94756776,0.972688,0.9618941,0.9541325,0.97784865,0.9807703,0.9606983,0.89539385,0.9808178,0.96711373,0.95492077,0.98098993,0.9795504,0.9772079,0.9890043,0.98538524,0.98300123,0.9740728,0.97639
apollo11movie,0.9843402,0.94005376,0.98094213,0.95406246,0.977036,0.9284822,0.98693657,0.9829977,0.99340934,0.9664879,0.9724568,0.95492166,0.9710846,0.97894186,1.0,0.97679764,0.97690296,0.96651083,0.99146086,0.96818244,0.9796235,0.9795107,0.9769241,0.9863635,0.97047865,0.7590657,0.95991355,0.97743267,0.9740931,0.98161143,0.98176914,0.9805171,0.97153986,0.9028844,0.8852936,0.7887727,0.9931681,0.96438193,0.9843737,0.96914476,0.97022045,0.99009633,0.9463509,0.9882847,0.9859179,0.96376127,0.9781776,0.9781093,0.9678476,0.9873547,0.9788462,0.9868369,0.9781481,0.97850925,0.9513242,0.9681923,0.9731016,0.9723731,0.9686961,0.9693609,0.9900403,0.9762741,0.9565761,0.97229654,0.9626921,0.9618126,0.9657754,0.9702744,0.9740409,0.9198367,0.98019373,0.28279695,0.92100126,0.9832356,0.8970873,0.9210173,0.81906855,0.96365047,0.9700368,0.9775325,0.9641342,0.96203077,0.9768323,0.9461425,0.96146226,0.9736199,0.9541553,0.9773083,0.9720966,0.98962545,0.9676328,0.98019373,0.94114435,0.97915816,0.9743394,0.98578036,0.9788491,0.95530456,0.9685953,0.96851885,0.9779816,0.9827653,0.9671294,0.97760725,0.9640524,0.9762303,0.98407316,0.9801551,0.9504588,0.9177568,0.9872549,0.39512002,0.97703296,0.65130424,0.9342537,0.98371965,0.98211926,0.94553214,0.968678,0.980805,0.9833773,0.95827866,0.97678196,0.92924654,0.9799242,0.98016566,0.95932114,0.97507095,0.9752205,0.89974463,0.98652416,0.9695063,0.96501964,0.9124683,0.9742626,0.9822045,0.9750417,0.99043804,0.98228306,0.9749634,0.99340934,0.98317754,0.9584941,0.9768783,0.9728258,0.9904613,0.97685647,0.9410142,0.9785928,0.9699936,0.9851755,0.9619099,0.98374873,0.9172625,0.97531825,0.9647057,0.9733209,0.9726018,0.9947376,0.97094166,0.99340934,0.9626392,0.98653316,0.98648703,0.99005955
arcticdogsmovie,0.9856828,0.94544065,0.9693073,0.9604369,0.97837067,0.937213,0.9828846,0.9760358,0.981509,0.96282095,0.96478444,0.9578,0.9599462,0.9541496,0.97679764,1.0000001,0.9762056,0.9636853,0.97143805,0.95409554,0.95128745,0.9759725,0.96921676,0.95872635,0.9622975,0.7913682,0.9611456,0.97691214,0.96977234,0.97675157,0.94289005,0.96650326,0.9729702,0.90086466,0.8911124,0.7719875,0.97569054,0.96149814,0.96920305,0.9682216,0.9715341,0.9792411,0.9512289,0.9717293,0.9763482,0.9706137,0.9696434,0.9562385,0.97239506,0.97853136,0.96412045,0.98132885,0.97747594,0.96524376,0.9618071,0.95511985,0.941189,0.9503482,0.9455284,0.96639234,0.9792153,0.97241944,0.9510346,0.9659201,0.949406,0.9244428,0.93160945,0.9756319,0.9527168,0.91453904,0.97629327,0.25601327,0.92814714,0.9700468,0.9170907,0.88025767,0.83825076,0.9654557,0.9775787,0.9688939,0.9656196,0.9661378,0.97951883,0.9373238,0.95592785,0.9339537,0.9740953,0.96244395,0.9508355,0.9707737,0.95819056,0.97629327,0.95185137,0.962857,0.96187323,0.97908115,0.9744525,0.93690515,0.9899759,0.9739501,0.96809894,0.9819171,0.9458739,0.9740689,0.95271975,0.9607461,0.98112965,0.97960573,0.97398245,0.90558106,0.9748074,0.39683142,0.97088486,0.6415834,0.9214026,0.9832497,0.98688126,0.95060086,0.9570392,0.984593,0.97062486,0.93016744,0.96098715,0.94492394,0.9651095,0.960462,0.9401192,0.9716921,0.9614331,0.91741705,0.96474576,0.9405,0.96057856,0.9223371,0.9643592,0.9658169,0.9694559,0.9727213,0.9814246,0.9673212,0.981509,0.97706044,0.9490724,0.9845292,0.97947717,0.96843946,0.97170854,0.9250198,0.98334527,0.97596836,0.97949857,0.9616622,0.98795277,0.8429253,0.96846884,0.96940684,0.94167465,0.9621738,0.9797361,0.95655084,0.981509,0.9516512,0.97640765,0.9798369,0.9739696
arcticmovie,0.9838991,0.97639614,0.98360986,0.9702901,0.98894477,0.95241296,0.9870041,0.97662556,0.99099624,0.9468772,0.9917375,0.9804861,0.99016047,0.9818989,0.97690296,0.9762056,1.0,0.9883085,0.9679417,0.9873513,0.96588534,0.97777057,0.982871,0.98020124,0.9628484,0.82061714,0.9771468,0.9886579,0.98374057,0.9662385,0.9614553,0.98493373,0.9576316,0.95192164,0.9371761,0.8293389,0.9804244,0.98016864,0.98236346,0.97071844,0.97141945,0.9781922,0.94192916,0.97668517,0.98501766,0.990382,0.98175776,0.9824244,0.9580289,0.97482014,0.9824859,0.9885908,0.95537037,0.9603418,0.98101664,0.97880244,0.96752286,0.9815888,0.97467846,0.9808767,0.97990704,0.95880955,0.9728548,0.97731423,0.9789214,0.95636845,0.96226996,0.9822751,0.965747,0.93276423,0.98391813,0.27016643,0.95168227,0.9816235,0.91979444,0.91459334,0.84607106,0.95310616,0.9793314,0.9682731,0.9869667,0.97579354,0.98913807,0.95656526,0.9891281,0.96934783,0.978845,0.9904157,0.96839815,0.96780235,0.9448274,0.98391813,0.9473628,0.9417995,0.9792703,0.97774994,0.9748045,0.97131383,0.9757809,0.98916173,0.9904982,0.9874989,0.93922734,0.9780251,0.96518224,0.9783468,0.9897664,0.9698893,0.9711139,0.94603676,0.98660374,0.4300889,0.975374,0.6929313,0.97150606,0.9882329,0.99087083,0.95016015,0.9870723,0.9837258,0.96710926,0.9732761,0.9832963,0.93547004,0.98122054,0.9820351,0.97941244,0.9640397,0.9866647,0.86803895,0.9831927,0.97892493,0.98501635,0.9655574,0.9809799,0.9685737,0.97229713,0.9739153,0.9877027,0.9829209,0.99099624,0.99150956,0.9767916,0.9703057,0.9847602,0.9816243,0.95310426,0.9771886,0.9640427,0.9753121,0.98594797,0.97869414,0.974959,0.8744508,0.96812457,0.9722024,0.96381956,0.9826972,0.9811346,0.9805722,0.99099624,0.97490054,0.9864762,0.97974575,0.98260486
artofracingmovie,0.9816927,0.9737928,0.9780498,0.9714952,0.9924248,0.9269527,0.9796689,0.9718478,0.9861998,0.94140285,0.9875651,0.9650084,0.99479884,0.98273003,0.96651083,0.9636853,0.9883085,0.99999994,0.96703315,0.97696894,0.9724958,0.9720858,0.9731093,0.9754754,0.9614492,0.8207729,0.9734664,0.9776587,0.98164284,0.9586494,0.9607724,0.9837482,0.94579786,0.9622574,0.91714185,0.8088534,0.9818494,0.99395317,0.9775489,0.9778969,0.96454126,0.966347,0.9407213,0.9667675,0.98220193,0.984773,0.97439915,0.9654602,0.95741135,0.9678298,0.9806214,0.9821202,0.9445938,0.95606774,0.9769339,0.98426807,0.96928805,0.9820141,0.9851125,0.9610448,0.97447294,0.9587367,0.984276,0.98343074,0.97557837,0.9694341,0.9636583,0.96359473,0.955418,0.94038767,0.96797055,0.22799785,0.944532,0.9741722,0.91179097,0.9280654,0.84909254,0.94938654,0.9794257,0.95126,0.9827077,0.98223644,0.98360974,0.9335991,0.9919091,0.96518177,0.9754086,0.9818942,0.9577105,0.9669139,0.9522296,0.96797055,0.9448674,0.9361133,0.985898,0.9703718,0.9759708,0.96834666,0.9678929,0.9806824,0.992514,0.9838283,0.9390598,0.9705077,0.95889574,0.9771976,0.9861716,0.9788068,0.9679298,0.9447175,0.98532677,0.40662777,0.971384,0.63206255,0.9805827,0.984531,0.98888946,0.92749345,0.9929197,0.9712814,0.9684449,0.98168373,0.97534066,0.9011707,0.9775351,0.9863708,0.9696978,0.962822,0.9956002,0.85914344,0.978782,0.9737545,0.9809795,0.9627371,0.9752005,0.9688243,0.9763051,0.9572732,0.9722844,0.9776363,0.9861998,0.98055565,0.9781508,0.97141695,0.9730379,0.96487284,0.9319574,0.97771984,0.9637846,0.970796,0.97747815,0.9704948,0.96734315,0.8640828,0.9581571,0.9599268,0.9542987,0.9847267,0.97550464,0.98628396,0.9861998,0.98382044,0.98838806,0.9679262,0.9701887
avengers,0.98349166,0.92853904,0.9817807,0.95670027,0.97954065,0.91182405,0.9783027,0.9827648,0.98924375,0.9788875,0.9606956,0.9474288,0.962708,0.9696322,0.99146086,0.97143805,0.9679417,0.96703315,1.0,0.9591822,0.9754157,0.98032194,0.96387094,0.9810989,0.97580093,0.7843311,0.95443904,0.96236473,0.97548354,0.9763431,0.9754575,0.97901154,0.95475894,0.905405,0.870684,0.80029726,0.9915909,0.9659945,0.988497,0.9807936,0.96974033,0.9875571,0.95119965,0.98278314,0.9793774,0.9574192,0.9688646,0.96586514,0.9711987,0.98503745,0.97684973,0.98662585,0.9805137,0.97211516,0.94746023,0.9635484,0.97415996,0.9716265,0.9557532,0.96357673,0.98347783,0.9813306,0.9547844,0.9599254,0.97125036,0.95938706,0.95402706,0.97188145,0.9623363,0.9330837,0.97613454,0.29517612,0.91649187,0.9796465,0.91020423,0.9250482,0.84157103,0.9714654,0.96524596,0.97381943,0.9561041,0.96312743,0.9688106,0.9192902,0.95679194,0.9625317,0.940551,0.9648195,0.9686823,0.9890312,0.97903234,0.97613454,0.92083544,0.98064077,0.977163,0.98221207,0.9748368,0.9586846,0.9704143,0.9599641,0.9754321,0.9837975,0.97340363,0.97886527,0.9558326,0.9737708,0.9846338,0.9788215,0.9605915,0.91676193,0.9827988,0.41313195,0.9762977,0.66564834,0.92913723,0.9777732,0.98127544,0.9387756,0.96369076,0.96526664,0.97110945,0.95495826,0.96889716,0.91950834,0.97355545,0.97609395,0.943598,0.9769179,0.9741597,0.9292924,0.97795033,0.95836145,0.9671528,0.8942065,0.9760025,0.97953737,0.98222005,0.98173827,0.9778683,0.9715319,0.98924375,0.97849137,0.9500853,0.9746876,0.9609119,0.9875938,0.9748988,0.93241423,0.97550905,0.9787111,0.98382163,0.96210283,0.98872614,0.91182476,0.96663517,0.96494466,0.968834,0.9744731,0.9903557,0.9716388,0.98924375,0.9583328,0.9873712,0.9776966,0.9769249
beachbummovie,0.96783787,0.96401614,0.9847844,0.96824276,0.97877014,0.932153,0.97110134,0.9656968,0.9827957,0.94152725,0.9792994,0.97333187,0.9852042,0.9786516,0.96818244,0.95409554,0.9873513,0.97696894,0.9591822,1.0000001,0.9626145,0.964665,0.9619953,0.9772846,0.9435638,0.8335082,0.9601953,0.97896665,0.97925377,0.964294,0.9706785,0.98835385,0.93381035,0.9512407,0.9169323,0.8481079,0.9637417,0.9659418,0.9797797,0.968082,0.9623032,0.9652349,0.9317708,0.975431,0.9757403,0.984017,0.9616073,0.9745313,0.93485284,0.967078,0.9789785,0.9785704,0.94039875,0.94569796,0.9739067,0.97138,0.9754252,0.9818669,0.96992224,0.9837573,0.9740091,0.9396621,0.963782,0.9598074,0.9815715,0.96583796,0.9586898,0.97310007,0.96278137,0.95692897,0.98181427,0.2892694,0.9506471,0.97543895,0.9130171,0.9363113,0.8557974,0.9387354,0.9632109,0.95502734,0.97217727,0.9630925,0.9747056,0.9259047,0.98323613,0.9642495,0.95488465,0.98399866,0.9785543,0.9517882,0.93811554,0.98181427,0.9165306,0.92398494,0.97660357,0.9688364,0.948456,0.9854038,0.95396125,0.97369534,0.98334116,0.97497433,0.92453986,0.97981924,0.9651998,0.97346145,0.9804586,0.9545015,0.9588028,0.9479664,0.981905,0.46815827,0.96592396,0.717989,0.96933067,0.97169495,0.9765334,0.9342646,0.9813436,0.96151197,0.9557964,0.9801812,0.9840195,0.9155569,0.98375124,0.9760323,0.9793388,0.9502785,0.9724372,0.8556205,0.97645336,0.97206783,0.9846743,0.93879485,0.97991765,0.9765969,0.9624281,0.96870947,0.9797363,0.97775716,0.9827957,0.981232,0.974688,0.95052516,0.96947134,0.97312105,0.9450707,0.96994364,0.9436713,0.961689,0.97488004,0.97437847,0.9594847,0.8918949,0.9588805,0.97099626,0.96303445,0.98968935,0.96827596,0.98102164,0.9827957,0.9711855,0.97370887,0.95788586,0.9783439
bernadettefilm,0.9808258,0.9214904,0.9650667,0.9359928,0.9751719,0.8990324,0.96814585,0.96528465,0.9802579,0.95081234,0.96276367,0.94124717,0.9763148,0.9833577,0.9796235,0.95128745,0.96588534,0.9724958,0.9754157,0.9626145,1.0000001,0.96952415,0.96894693,0.97046536,0.951233,0.7741492,0.97956055,0.95954543,0.9603136,0.96347463,0.98358697,0.97692597,0.9535468,0.91615874,0.87707275,0.7927418,0.9801077,0.97804797,0.9740602,0.96385497,0.9690051,0.9753103,0.951187,0.9825315,0.9627211,0.9608604,0.96602595,0.9560257,0.96053404,0.9787343,0.96498585,0.97850937,0.94784796,0.97558486,0.9580009,0.96631455,0.98570716,0.9626228,0.969882,0.96054286,0.9728899,0.94372934,0.9611691,0.9725273,0.9686901,0.97591907,0.9454486,0.95096964,0.9770673,0.9187265,0.96798486,0.24513917,0.90750897,0.9713269,0.8756714,0.9099811,0.8319735,0.9425854,0.9526386,0.9322872,0.96702725,0.96215975,0.97765344,0.9159561,0.9580896,0.96578574,0.93813944,0.9653885,0.9715556,0.9621181,0.9584516,0.96798486,0.9293109,0.9625852,0.97062236,0.9644614,0.96449053,0.95756173,0.9499948,0.9733257,0.981948,0.97230715,0.93337977,0.9721273,0.9684772,0.9612664,0.9664037,0.9764204,0.9437734,0.91920406,0.9874198,0.36808252,0.95579135,0.6262787,0.9503218,0.9725202,0.97495514,0.91649574,0.9733009,0.9595126,0.976666,0.9611573,0.9735541,0.8916992,0.9852365,0.9837007,0.9660712,0.94590646,0.9808844,0.8501705,0.9930026,0.95992863,0.95441955,0.9269256,0.95656955,0.97207177,0.96815413,0.9732831,0.9725294,0.96364003,0.9802579,0.96775603,0.9752286,0.96754986,0.96681505,0.97034484,0.93757814,0.9641992,0.9677796,0.950297,0.96242774,0.958293,0.9584007,0.90137583,0.97190773,0.9601461,0.9646121,0.97296125,0.97323644,0.9717952,0.9802579,0.9627678,0.98091656,0.9675465,0.9732559
