movie,21bridgesmovie,47metersdown,abeautifuldaymovie,abominablemovie,adastramovie,adogsjourneymovie,aftermathmovie,aftermovie,ahiddenlifefilm,alitamovie,angelhasfallen,angrybirdsmovie,annabellemovie,annamovie,apollo11movie,arcticdogsmovie,arcticmovie,artofracingmovie,avengers,beachbummovie,bernadettefilm,blackandbluemovie,blackchristmas,blindedbythelightmovie,bombshellmovie,booksmart,breakthroughmovie,brianbanksmovie,brightburnmovie,brittanyrunsmov,captainmarvelofficial,captivestatemovie,catsmovie,charliesangels,childsplaymovie,clarathefilm,coldpursuitmovie,countdown,currentwarmovie,darkwatersmovie,detectivepikachumovie,disneyaladdin,disneyfrozen,disneymaleficent,doctorsleepmovie,dolemiteismyname,dontletgomovie,doramovie,downtonabbey_official,dumbo,escaperoom,everybodyknowsmovie,fastandfuriousmovie,fightingwmyfam,fivefeetapartfilm,fordvferrari,freaksthefilm,geminimanmovie,glassmovie,gloriabellmovie,godzillamovie,goldfinchmovie,goodboysmovie,goodliarmovie,gretafilm,halathemovie,happydeathdaymovie,harrietfilm,hellboymovie,hersmellmovie,highlifemovie,highstrungmovie,honeyboymovie,hotelmumbaifilm,httydragon,hustlemovie,hustlersmovie,isntitromantic,itmovieofficial,jayandsilentbob,johnwickmovie,jojorabbitmovie,jokermovie,judythefilm,jumanjimovie,justmercyfilm,knivesout,lalloronamovie,lastblackmansf,lastchristmasthemovie,latenightmovie,lighthousemovie,lionking,littlethemovie,littlewomenmovie,littlewoodsfilm,longshotmovie,lordsofchaosmovie,lucyintheskyfilm,mamovie2019,marriagestory,meettheaddams,meninblack,midsommarmovie,midwaymovie,missbalamovie,missinglinkfilm,motherlessbklyn,onceinhollywood,onthebasisofsex,overcomermovie,peanutbutterfalcon,petsematarymovie,piercingmovie,playingwithfire,playmobilthemovie,pomsmovie,queenandslim,rambomovie,readyornotfilm,richardjewellfilm,rocketmanmovie,scarystoriesmovie,secretlifeofpets,serenityfilm,shaftmovie,shazammovie,spidermanmovie,spiesindisguise,starwars,stormboymovie,stubermovie,taosdfilm,teenspiritmov,terminator,theaeronautsmov,thebestofenemies,thedeaddontdie,thefarewell,thehighwaymen,thehummingbirdprojectfilm,theintrudermovie,theirishmanfilm,thekitchenmovie,thelegomovie,themustangfilm,thenightingalefilm,theprodigymovie,thesunisalsoastar,theupsidefilm,tolkienmovie,toystory,triplefrontier,uglydolls,uncutgems,underthesilverlake,usmovie,wavesmovie,whatmenwant,wonderparkmovie,wrinklestheclown,xmenmovies,yardiefilm,yesterdaymovie,zombieland
21bridgesmovie,0.99999994,0.93740076,0.9747764,0.95297647,0.9880324,0.85235286,0.99415743,0.99128133,0.9949966,0.98374015,0.9724725,0.9386963,0.97556955,0.9970428,0.98961896,0.9824602,0.9839904,0.9778272,0.97647315,0.97622967,0.995007,0.9212153,0.9921436,0.9937161,0.9556687,0.7726338,0.92026746,0.9707078,0.9848335,0.96073604,0.97889173,0.9658426,0.93188334,0.8980711,0.79481864,0.7152151,0.9893204,0.9484205,0.96353155,0.9583933,0.9798134,0.97820497,0.932318,0.9836643,0.98126906,0.95545477,0.9920779,0.97815204,0.9489666,0.9921142,0.9734223,0.991009,0.9010329,0.9635687,0.9346651,0.990239,0.96417546,0.9848641,0.98776174,0.99334115,0.97812593,0.97561044,0.972889,0.99088943,0.968904,0.965357,0.98355144,0.9874505,0.9926943,0.9746193,0.9950544,0.7485572,0.91214985,0.9945682,0.92108375,0.9750907,0.7912715,0.9813662,0.9712571,0.8970577,0.94141525,0.9634266,0.9935372,0.9821009,0.88069624,0.9706786,0.96539414,0.9921223,0.93960303,0.9929375,0.9548475,0.9950544,0.91055244,0.96568537,0.96760035,0.9789955,0.9715123,0.9782982,0.98439705,0.94444066,0.9686199,0.961274,0.9196832,0.99015313,0.94885397,0.9743778,0.99307287,0.97176903,0.95283896,0.9084252,0.9931841,0.7469128,0.96820426,0.6618643,0.94033724,0.9929673,0.9994278,0.9283176,0.9937511,0.98855805,0.993712,0.97439474,0.9870447,0.80891126,0.99130803,0.9869658,0.9488473,0.82150954,0.9765616,0.72187895,0.9900735,0.9792407,0.9908003,0.9000726,0.9815568,0.96623707,0.98606217,0.96079344,0.99493426,0.9823557,0.9949966,0.94424,0.94547343,0.93031055,0.9674557,0.9845688,0.9510289,0.85128015,0.9803165,0.94408816,0.97929054,0.9814367,0.9905671,0.9343561,0.96902454,0.9905022,0.987625,0.9742325,0.9868586,0.9748004,0.9949966,0.95119053,0.9920354,0.99655086,0.9180558
47metersdown,0.93740076,0.9999998,0.8988176,0.9274292,0.8979452,0.9308888,0.9306606,0.9218057,0.91215986,0.9224194,0.9152537,0.9188323,0.9288527,0.92952,0.91820097,0.92232925,0.91693646,0.8653564,0.9248434,0.8914909,0.94931614,0.88520974,0.9099028,0.90558654,0.9212611,0.6631501,0.8517747,0.94114226,0.9083149,0.86289674,0.9332995,0.9060552,0.94637316,0.8322953,0.89613414,0.6297094,0.9175175,0.9827201,0.92389065,0.8710196,0.92884326,0.9776099,0.9483955,0.95477635,0.9165519,0.9062858,0.9262955,0.93111205,0.90172803,0.95371574,0.8928235,0.91553956,0.7986306,0.872347,0.9253749,0.91977113,0.9266668,0.93283737,0.93280184,0.90352434,0.89642006,0.8681638,0.9330941,0.9330697,0.91012657,0.95990187,0.92830503,0.9295005,0.9481031,0.94106174,0.9070907,0.76708657,0.9639897,0.9174257,0.9477277,0.8732401,0.88712835,0.93927735,0.9469177,0.9536243,0.89341336,0.9807881,0.9308563,0.91112983,0.8444361,0.92826706,0.96405375,0.9186829,0.97614235,0.9137836,0.939677,0.9070907,0.9300601,0.92920583,0.8863032,0.9313252,0.93036807,0.86331207,0.9270159,0.93947846,0.9144535,0.9251109,0.8598805,0.904358,0.9619503,0.88907427,0.90940464,0.9173222,0.9104719,0.88601047,0.91010404,0.7252642,0.921394,0.5803761,0.89579463,0.92997235,0.93352944,0.98742235,0.9153302,0.92406946,0.9270816,0.89699507,0.9009426,0.8811292,0.9021508,0.9384359,0.95059395,0.7644791,0.93797463,0.8136402,0.9079821,0.89500886,0.9354955,0.90476555,0.9272662,0.88070405,0.9446104,0.9195309,0.91694915,0.92958057,0.91215986,0.8961093,0.8805993,0.9303682,0.91954833,0.9045095,0.8885213,0.9363622,0.9356843,0.9377905,0.94820124,0.92910475,0.9231306,0.8850006,0.93146354,0.91992843,0.92241555,0.89719164,0.91570324,0.912811,0.91215986,0.9490404,0.921354,0.9208158,0.9088047
abeautifuldaymovie,0.9747764,0.8988176,0.9999998,0.93026924,0.9644783,0.87212086,0.9878732,0.98364073,0.9797125,0.97340584,0.9684656,0.9575653,0.98801386,0.9773637,0.9694325,0.9742337,0.931595,0.9683583,0.9767719,0.94548327,0.96073866,0.96355927,0.9751147,0.97471166,0.9646698,0.84599453,0.9711965,0.9092808,0.9886524,0.9610624,0.9769238,0.9694521,0.884538,0.9429583,0.76687217,0.61538863,0.97904575,0.92416424,0.975423,0.9602885,0.9551347,0.94434196,0.8999488,0.95389676,0.9876816,0.92029345,0.96553254,0.94104594,0.9584451,0.9660249,0.99004316,0.9776534,0.95414656,0.95438635,0.9498346,0.971402,0.9428435,0.967615,0.95947045,0.97559893,0.9768457,0.9631632,0.97368914,0.9568919,0.94583476,0.9563946,0.9499811,0.98108685,0.9674843,0.94726986,0.97726995,0.7172682,0.8566946,0.9781739,0.91790473,0.9611651,0.759489,0.96867967,0.95219445,0.8956306,0.964012,0.9363172,0.9709447,0.9362549,0.93539536,0.96612185,0.955042,0.9919007,0.8886534,0.96723515,0.96071655,0.97726995,0.90624356,0.9343562,0.9856716,0.9633499,0.98071563,0.96528006,0.98820496,0.93324304,0.9338038,0.9712627,0.9188642,0.9740372,0.94508797,0.9909501,0.9682569,0.9594346,0.96560866,0.9553542,0.9881406,0.74563694,0.9798391,0.55782086,0.9420049,0.97322655,0.9784193,0.8974598,0.98065424,0.98959064,0.97933817,0.9501283,0.98473376,0.8374792,0.9756213,0.95156664,0.95249623,0.9027154,0.9796455,0.7320396,0.9553429,0.97181755,0.94573766,0.8374861,0.968932,0.97188985,0.9701417,0.9438611,0.9829017,0.93242717,0.9797125,0.975684,0.92069024,0.9250731,0.9299678,0.9810033,0.9117034,0.83259124,0.96188277,0.94048405,0.9805187,0.9877739,0.95851254,0.93308955,0.95660174,0.9718319,0.9682867,0.9475488,0.9752035,0.9718992,0.9797125,0.93956363,0.9852454,0.9794358,0.9447298
abominablemovie,0.95297647,0.9274292,0.93026924,0.99999994,0.9152478,0.884571,0.94565636,0.9326668,0.9421291,0.9541673,0.96431893,0.9547104,0.9657703,0.94171464,0.95922434,0.9394653,0.92140937,0.8986102,0.9189066,0.9562258,0.9516127,0.9237693,0.94989914,0.9447886,0.94283074,0.7571564,0.91670614,0.94997454,0.94718987,0.88456684,0.9383664,0.97530705,0.8944052,0.8908204,0.7822799,0.7604206,0.9363544,0.9651537,0.96082985,0.9592356,0.9593256,0.96235937,0.8907425,0.9334543,0.93565327,0.95319176,0.9489128,0.9750397,0.96208733,0.9510579,0.93911767,0.96652573,0.86968374,0.9217075,0.96397793,0.94430625,0.9824865,0.97604305,0.9763695,0.93719107,0.94618064,0.9585538,0.9541435,0.9438146,0.9646115,0.955781,0.946886,0.9588419,0.93204856,0.9674603,0.93820244,0.68421245,0.93297446,0.9413931,0.9559678,0.911361,0.8511222,0.9621905,0.9726951,0.94218487,0.93281865,0.9500311,0.9633783,0.940834,0.92452204,0.9360296,0.9554488,0.9450323,0.96493894,0.9382847,0.91522825,0.93820244,0.90836126,0.90624845,0.9419923,0.97969997,0.91999,0.9108232,0.9520787,0.96051073,0.94480824,0.96731657,0.94529665,0.9479364,0.96174383,0.93970716,0.9375397,0.93454176,0.95238024,0.9139368,0.93787444,0.8405889,0.9392566,0.7041485,0.95369035,0.9500758,0.9497914,0.92874426,0.9413899,0.92821026,0.9507785,0.9511989,0.9341295,0.86308646,0.93274593,0.96325076,0.9608389,0.82704693,0.95088506,0.7157321,0.93537617,0.9468775,0.9396921,0.8686545,0.9647189,0.8901425,0.95751876,0.9874696,0.94746464,0.9458484,0.9421291,0.94312537,0.9222292,0.94460195,0.92738134,0.967699,0.9748569,0.8470172,0.9495916,0.96894723,0.9709476,0.93127155,0.9671778,0.97070193,0.94995105,0.9446606,0.9617649,0.94305867,0.9303882,0.946696,0.9421291,0.9854533,0.9377186,0.94538605,0.9454116
adastramovie,0.9880324,0.8979452,0.9644783,0.9152478,0.99999994,0.79930055,0.9838029,0.9841682,0.99242073,0.98153883,0.95873576,0.90463275,0.9508901,0.9905668,0.98328084,0.98069096,0.98411244,0.9935989,0.9579582,0.97974867,0.98591864,0.87924296,0.98646885,0.99262834,0.9341961,0.77717155,0.8989453,0.9518003,0.96810067,0.9782762,0.9586827,0.94647664,0.92401636,0.87655056,0.7680282,0.7017535,0.9867636,0.90004283,0.9285041,0.942197,0.9653075,0.9577093,0.92499727,0.981777,0.96815765,0.9328365,0.98462456,0.9618789,0.92011786,0.98542917,0.9531292,0.9789623,0.90791875,0.96634704,0.8950594,0.99128973,0.92525387,0.96103275,0.9693348,0.99202967,0.9711937,0.96800214,0.9512453,0.98248565,0.9591629,0.9333231,0.98116946,0.97406983,0.9871481,0.94403315,0.99216706,0.7729795,0.88223904,0.9924365,0.87237775,0.98998976,0.7431575,0.96325153,0.9385684,0.8564137,0.92806685,0.93879026,0.9872266,0.97244304,0.83884364,0.9509807,0.9332085,0.98243886,0.8997151,0.9949893,0.93216145,0.99216706,0.8661627,0.968262,0.95968014,0.95773315,0.95812327,0.9893034,0.97085863,0.90180475,0.9509219,0.9395178,0.90236866,0.9877581,0.91367084,0.95799106,0.9970185,0.9648551,0.9293275,0.87443286,0.98845387,0.71179444,0.9446196,0.6556805,0.90510905,0.9830411,0.99042225,0.8803962,0.9839817,0.9828618,0.983828,0.957891,0.98697686,0.7602463,0.9911777,0.9742281,0.90470076,0.78078973,0.9535026,0.708332,0.99359107,0.98434526,0.98185563,0.8943372,0.9636278,0.9752345,0.9719699,0.9333638,0.9828998,0.9722431,0.99242073,0.90925205,0.9419438,0.8985284,0.96044594,0.96985906,0.9361322,0.8122949,0.9690741,0.89401895,0.9528394,0.97362983,0.97368157,0.90588677,0.9520111,0.9782247,0.97269714,0.96946967,0.98550683,0.95182484,0.99242073,0.9171988,0.9851807,0.9917769,0.8613114
adogsjourneymovie,0.85235286,0.9308888,0.87212086,0.884571,0.79930055,0.9999999,0.8724608,0.8463303,0.8366495,0.8577894,0.85524654,0.886786,0.90659463,0.8490681,0.8513387,0.87741566,0.798827,0.7694859,0.8983403,0.80753016,0.85798365,0.91306883,0.8206473,0.8280048,0.9117275,0.7064119,0.88006383,0.8185603,0.85516053,0.78207725,0.8910834,0.86436224,0.8359796,0.8480989,0.9259805,0.48787892,0.85355794,0.951051,0.90258116,0.8442608,0.87720567,0.89200485,0.88247645,0.86304283,0.8703514,0.8345242,0.82263416,0.83337235,0.8784199,0.876277,0.85521793,0.8464036,0.79172087,0.77523,0.91731554,0.84991586,0.8699138,0.8754913,0.855006,0.8140255,0.8559487,0.80672264,0.885802,0.83004475,0.8333077,0.926202,0.835242,0.8663867,0.8551059,0.8877266,0.8212188,0.75884557,0.90384644,0.8337956,0.9532576,0.7930607,0.91178393,0.8601401,0.8826171,0.97066736,0.8709304,0.93678343,0.85377455,0.8125389,0.88698626,0.91397834,0.9256705,0.85683167,0.89062387,0.81473607,0.9310158,0.8212188,0.94378334,0.8418845,0.8527285,0.88758004,0.903027,0.7741462,0.89821184,0.87071604,0.8397256,0.9172677,0.8443072,0.8224336,0.91609645,0.84259087,0.8175949,0.84678596,0.866085,0.9194121,0.84471524,0.80728847,0.8961075,0.43106422,0.8845278,0.8353712,0.8503849,0.9451169,0.8522244,0.8694369,0.85352045,0.846567,0.8273598,0.9802076,0.8096284,0.8479902,0.93156266,0.8546807,0.8875996,0.8857561,0.8090064,0.83956385,0.82186115,0.83245516,0.8840522,0.8243213,0.86475796,0.8580754,0.839236,0.8157665,0.8366495,0.8890089,0.79461294,0.897646,0.8391574,0.8525872,0.8150148,0.96340567,0.860914,0.91636,0.9111565,0.89186776,0.8300435,0.85282886,0.8513318,0.8200257,0.86129117,0.7777109,0.83988357,0.87313277,0.8366495,0.9339232,0.84444356,0.8416336,0.9301447
aftermathmovie,0.99415743,0.9306606,0.9878732,0.94565636,0.9838029,0.8724608,0.99999994,0.99062747,0.9940084,0.98041975,0.9767514,0.94665366,0.98523057,0.99457633,0.9905716,0.9897873,0.9700005,0.97911555,0.98677164,0.9704357,0.98844725,0.94078135,0.98429805,0.9910958,0.96843547,0.8046209,0.94706506,0.9518758,0.9848809,0.9614499,0.98491377,0.970473,0.91363543,0.90943885,0.8075181,0.68280256,0.99465936,0.94485843,0.9723568,0.9635419,0.97976905,0.968918,0.9322356,0.97672427,0.9864544,0.94766605,0.9801111,0.9644287,0.9588518,0.98661524,0.97817063,0.9902317,0.92329174,0.95371777,0.9344097,0.98901683,0.9598981,0.984024,0.9774253,0.9911887,0.9861887,0.97183716,0.9732576,0.98065597,0.96423775,0.9742058,0.97466576,0.99016964,0.9896927,0.96769816,0.99178797,0.75529885,0.897974,0.9911717,0.92574656,0.97183293,0.7821571,0.9726065,0.9605808,0.9058651,0.9579939,0.963283,0.99027246,0.97298855,0.9013642,0.978777,0.9719088,0.99654996,0.9226621,0.98720294,0.97023284,0.99178797,0.92892367,0.96351284,0.97806567,0.9812393,0.9860694,0.9737363,0.99307907,0.9411639,0.9633298,0.96914345,0.9188624,0.9857858,0.9478218,0.9768154,0.98742354,0.9732583,0.9546395,0.93880665,0.9960185,0.7520773,0.9778123,0.62790084,0.9514497,0.9883163,0.9953619,0.9227431,0.99632573,0.9974241,0.99190557,0.9743724,0.9870649,0.83447266,0.98706925,0.9764009,0.953891,0.8612116,0.98311573,0.74348855,0.98362964,0.98178,0.9784628,0.88947517,0.9851169,0.97044986,0.9819441,0.9571806,0.99264437,0.9676137,0.9940084,0.95460546,0.9395352,0.9326587,0.9648193,0.9850043,0.9433316,0.86385804,0.9767174,0.9427233,0.9860693,0.9925753,0.9765171,0.93397397,0.9634419,0.9825579,0.98116755,0.9606044,0.9893305,0.9819144,0.9940084,0.9499135,0.9924498,0.9917983,0.9281859
aftermovie,0.99128133,0.9218057,0.98364073,0.9326668,0.9841682,0.8463303,0.99062747,1.0000001,0.988327,0.975932,0.97585243,0.9385625,0.97753346,0.99424964,0.9771259,0.9734724,0.9684707,0.98240256,0.97696126,0.9589138,0.98685455,0.9318396,0.98771495,0.9828825,0.9507491,0.7906641,0.9328097,0.9563737,0.9847458,0.9626601,0.9874466,0.9698198,0.9218738,0.9091276,0.7739799,0.6377705,0.9848095,0.9321105,0.9675913,0.96123946,0.9632063,0.9657761,0.92450607,0.9784932,0.9870469,0.93521804,0.98622024,0.96007407,0.94935846,0.9841851,0.97671723,0.9858492,0.9198229,0.9748723,0.93230766,0.9841349,0.94517434,0.96972543,0.98054063,0.989952,0.9820343,0.96274334,0.97032624,0.9875406,0.9645441,0.9602178,0.97265804,0.9853937,0.9906481,0.95214343,0.9906589,0.7228397,0.8782192,0.9940498,0.9158094,0.9760284,0.75777626,0.98338246,0.96571416,0.8793812,0.9571407,0.94943374,0.9849591,0.95844924,0.88533944,0.9660319,0.9602034,0.99479556,0.9217172,0.98592436,0.9629589,0.9906589,0.90496206,0.9675866,0.9751172,0.9659026,0.98070204,0.97362816,0.98299706,0.94599,0.94913137,0.9566611,0.89645785,0.9909678,0.94974196,0.9823852,0.9863316,0.9742557,0.9613965,0.9185128,0.99132806,0.6980651,0.97484034,0.5751853,0.93007654,0.9936995,0.9925747,0.91770726,0.98895645,0.9898049,0.9919645,0.9543643,0.98538697,0.7953786,0.99357414,0.9791526,0.953426,0.8394419,0.9851005,0.7220868,0.9758077,0.9747131,0.98104185,0.8732205,0.9671941,0.97181076,0.98482853,0.9488328,0.99333316,0.9641566,0.988327,0.95785695,0.9364536,0.92959636,0.9588526,0.9810051,0.9218486,0.83621836,0.98337555,0.9279653,0.97832197,0.9879593,0.9804326,0.91022795,0.97088,0.99219096,0.969695,0.9754702,0.9943125,0.972068,0.988327,0.93143487,0.9961485,0.99267703,0.9183001
ahiddenlifefilm,0.9949966,0.91215986,0.9797125,0.9421291,0.99242073,0.8366495,0.9940084,0.988327,1.0,0.98608166,0.9672617,0.9291478,0.97163546,0.9965509,0.9924089,0.98605907,0.97945195,0.98664373,0.9755972,0.98143256,0.9890177,0.9195242,0.99221605,0.99799573,0.95699775,0.8014493,0.93113244,0.95372915,0.9862265,0.9767366,0.97636795,0.96425325,0.91078943,0.90599185,0.77691334,0.7205102,0.9936095,0.92534554,0.95845205,0.95652485,0.9762425,0.9661869,0.91629654,0.9792273,0.98221445,0.9448535,0.985985,0.9696618,0.9407508,0.9875161,0.97647405,0.9919461,0.91405356,0.9591233,0.92449504,0.99140435,0.9508991,0.9841154,0.97897124,0.9955524,0.98148626,0.9776155,0.96672547,0.9785228,0.9643614,0.95427686,0.98296213,0.988202,0.98725176,0.9682711,0.9979526,0.75695515,0.89204025,0.9969466,0.8967651,0.9819563,0.76764995,0.9725092,0.95356447,0.8842204,0.9378659,0.947275,0.9914315,0.9754019,0.87581223,0.9715179,0.94759625,0.99228,0.9123242,0.9962038,0.9497026,0.9979526,0.89958405,0.9663029,0.9701342,0.9723596,0.9709753,0.98987496,0.9834085,0.92102903,0.96123636,0.9591951,0.9253745,0.9899572,0.9307235,0.97557473,0.9967037,0.95959234,0.9440456,0.91137946,0.9981036,0.74776715,0.96536535,0.67050403,0.9380128,0.9873657,0.9969798,0.8969411,0.995938,0.9922284,0.9929327,0.9759666,0.9939552,0.8000557,0.9933203,0.98260295,0.9295468,0.83745086,0.9668812,0.7090381,0.9929956,0.98936784,0.98213965,0.88683677,0.980312,0.9798448,0.97393435,0.95587796,0.99416274,0.9697625,1.0,0.9399941,0.93819994,0.906483,0.9550915,0.98857653,0.95191276,0.82864165,0.9680151,0.9299717,0.9745712,0.97946733,0.9825502,0.9345162,0.95293474,0.9852107,0.9871761,0.96684676,0.9873548,0.973274,1.0,0.9400856,0.993203,0.9951624,0.90484804
alitamovie,0.98374015,0.9224194,0.97340584,0.9541673,0.98153883,0.8577894,0.98041975,0.975932,0.98608166,1.0,0.9624774,0.9399515,0.96977705,0.9833537,0.9795707,0.97954845,0.96152943,0.9680969,0.95410377,0.97890574,0.97925055,0.917812,0.98904866,0.98529816,0.95667714,0.7907586,0.9255943,0.9422475,0.9790768,0.9683836,0.95837766,0.9650771,0.9359231,0.92754984,0.79561526,0.7114842,0.9760553,0.93703604,0.950212,0.95356387,0.96661574,0.9748081,0.9258412,0.98110706,0.9739232,0.94815713,0.986705,0.97618806,0.94584423,0.98847866,0.9688877,0.981769,0.926052,0.964261,0.9509855,0.9855465,0.9439648,0.97797006,0.97812784,0.9788605,0.9627826,0.9724992,0.9756881,0.97183836,0.9641794,0.9504459,0.9855467,0.9805082,0.97563714,0.9695105,0.9816745,0.77331746,0.91535664,0.9858456,0.9113491,0.9727332,0.8138465,0.98019403,0.9616397,0.9122107,0.9392995,0.9600777,0.9867684,0.9555293,0.8932693,0.95873463,0.9484595,0.98036164,0.92731524,0.9844536,0.93622595,0.9816745,0.87672657,0.955767,0.96716833,0.9681427,0.9598386,0.97823864,0.9776029,0.926534,0.9576028,0.9727725,0.9500761,0.98332065,0.9465075,0.9718948,0.9872556,0.9571883,0.9552864,0.9017723,0.9834759,0.7793724,0.9603985,0.6652669,0.92663944,0.97531193,0.98524225,0.9079147,0.97475106,0.9788798,0.9815043,0.96094745,0.9871027,0.82885605,0.9801366,0.98047066,0.9320223,0.81817836,0.96048194,0.74567944,0.9795924,0.9889621,0.9644958,0.88957703,0.9788036,0.97179407,0.97788686,0.95795995,0.9790367,0.96960306,0.98608166,0.94148684,0.953479,0.91848093,0.9395476,0.980759,0.9499485,0.8417924,0.9662827,0.93752205,0.9729669,0.9710737,0.97946346,0.94756556,0.9614622,0.97395813,0.9900996,0.9625105,0.9742968,0.95837605,0.98608166,0.96389794,0.9802725,0.9898975,0.907144
angelhasfallen,0.9724725,0.9152537,0.9684656,0.96431893,0.95873576,0.85524654,0.9767514,0.97585243,0.9672617,0.9624774,0.99999994,0.9643042,0.9850042,0.96950173,0.97805446,0.9667049,0.945298,0.95977765,0.9458188,0.968022,0.9731616,0.92649025,0.968871,0.96775335,0.95022327,0.8135895,0.94117785,0.95833987,0.961977,0.92898566,0.9684376,0.9925018,0.9071575,0.88818306,0.7638568,0.66750395,0.9723354,0.93676895,0.9693771,0.97695315,0.9689786,0.9618324,0.9211692,0.95898813,0.9654766,0.9417914,0.96790844,0.9691023,0.97348326,0.96896625,0.95409554,0.9842007,0.9288682,0.9676047,0.9397787,0.973528,0.9667638,0.96773034,0.9815848,0.97326946,0.98584646,0.9684295,0.96227187,0.9764334,0.9850143,0.96420896,0.9572711,0.98065585,0.9701477,0.9358297,0.96780163,0.69060093,0.8900763,0.9725252,0.9425767,0.96051776,0.76520044,0.97461486,0.9684179,0.9074808,0.9828893,0.9468748,0.98506117,0.95582485,0.92343223,0.9431174,0.9713104,0.98188245,0.9412572,0.9673472,0.9466256,0.96780163,0.9128812,0.94366455,0.98146075,0.98681426,0.9607828,0.9428685,0.97646993,0.9694227,0.94140697,0.96659696,0.9065277,0.9791859,0.9667169,0.9636135,0.9665478,0.98384315,0.97273463,0.93959767,0.9685092,0.7497115,0.96022564,0.60651946,0.94706386,0.9856506,0.97371894,0.91575086,0.9684082,0.9665546,0.97531974,0.946354,0.9638115,0.81892776,0.9714579,0.96717125,0.9688234,0.8365519,0.9848557,0.7158945,0.9602673,0.9690339,0.9647899,0.86843735,0.9645407,0.9266609,0.98628914,0.97803974,0.97304577,0.9543092,0.9672617,0.954934,0.9387583,0.9634017,0.96817625,0.97659636,0.9521227,0.8330162,0.9871487,0.93402725,0.98128587,0.9776715,0.97038317,0.937832,0.9801839,0.973377,0.9508459,0.97837776,0.97625685,0.9622564,0.9672617,0.9524576,0.9735944,0.9706151,0.9265831
angrybirdsmovie,0.9386963,0.9188323,0.9575653,0.9547104,0.90463275,0.886786,0.94665366,0.9385625,0.9291478,0.9399515,0.9643042,1.0000001,0.9723884,0.9269889,0.93819124,0.9344299,0.8770767,0.9043291,0.9139976,0.91824996,0.93047094,0.9581597,0.937337,0.9267354,0.92580324,0.7869657,0.9420851,0.898397,0.9564305,0.89227855,0.93552744,0.96818686,0.88758576,0.9114434,0.744796,0.6175213,0.9377402,0.9380189,0.97304314,0.93641835,0.9374712,0.94623244,0.87856346,0.9207493,0.9553184,0.9201969,0.93809134,0.9529978,0.9708574,0.93311715,0.95740235,0.94885284,0.92533827,0.9336393,0.9706293,0.92906433,0.9620842,0.94876766,0.949441,0.93058956,0.9372715,0.9337963,0.97057587,0.9310221,0.9358823,0.9555163,0.9123595,0.9559482,0.93132204,0.9257708,0.92854536,0.62239635,0.880866,0.9310222,0.94237685,0.9033667,0.78877044,0.9659055,0.97101384,0.9358926,0.94517756,0.92720956,0.9446064,0.90644026,0.96782345,0.9080166,0.9574061,0.951078,0.93055737,0.9261224,0.9246962,0.92854536,0.90151036,0.8765934,0.9683573,0.9572392,0.9275409,0.8955446,0.94909966,0.96295893,0.9160578,0.9655296,0.92030144,0.93828887,0.97725815,0.96032906,0.91745186,0.94457763,0.9830452,0.95993835,0.9345923,0.75508434,0.9528846,0.5622005,0.9418195,0.9475218,0.9408912,0.9122643,0.9269481,0.9376403,0.9498957,0.9112836,0.94372773,0.85528654,0.9286579,0.92234266,0.96824,0.8730073,0.9712618,0.7094902,0.90429133,0.92498577,0.9112401,0.796981,0.9389944,0.8956353,0.9589043,0.959338,0.9441627,0.91283894,0.9291478,0.9740146,0.909561,0.95584774,0.9075006,0.9471474,0.9105115,0.8195426,0.950031,0.9681207,0.9739553,0.9483823,0.94143254,0.96201223,0.96984774,0.9436685,0.9334166,0.9387278,0.92127866,0.93120193,0.9291478,0.9543106,0.9466609,0.93343246,0.9641367
annabellemovie,0.97556955,0.9288527,0.98801386,0.9657703,0.9508901,0.90659463,0.98523057,0.97753346,0.97163546,0.96977705,0.9850042,0.9723884,1.0000001,0.9734337,0.9736667,0.9712377,0.93324304,0.9486343,0.97277594,0.9517474,0.9674271,0.9664962,0.97036064,0.9681363,0.9788002,0.841256,0.96836036,0.9349353,0.98044604,0.9308861,0.9816827,0.9859948,0.90184015,0.93689,0.8003602,0.6418279,0.97424316,0.95966524,0.98735523,0.9746126,0.9720458,0.9617337,0.9155322,0.95593303,0.98230773,0.94459116,0.9653362,0.95688033,0.97809887,0.9706538,0.9789685,0.98351586,0.93968314,0.9496458,0.9675884,0.970941,0.96712166,0.97963697,0.9747618,0.9697467,0.9813986,0.9665086,0.9799391,0.96335906,0.9692312,0.9762279,0.956435,0.98646337,0.9674999,0.9592491,0.96905565,0.70882815,0.89151967,0.97139376,0.95748556,0.9515132,0.80163217,0.973822,0.9711899,0.9299213,0.9773102,0.9593991,0.9780412,0.9452755,0.9527974,0.9706686,0.98070467,0.9879847,0.93331677,0.96009123,0.9656979,0.96905565,0.93783015,0.93725127,0.983942,0.98484993,0.9805981,0.94555557,0.9896306,0.96669155,0.94774586,0.9856999,0.92903167,0.97227186,0.97210854,0.98021,0.96231735,0.968612,0.97618455,0.96724695,0.9773996,0.78804755,0.98429257,0.58086526,0.9659931,0.97628933,0.9762819,0.9341827,0.97698563,0.9797955,0.97580147,0.95902866,0.97009593,0.872038,0.96656847,0.96282697,0.9814439,0.89269066,0.9871243,0.74576354,0.95370376,0.9672141,0.9517462,0.8597795,0.97916013,0.941642,0.9803386,0.9724644,0.97865605,0.9436733,0.97163546,0.9780895,0.9314978,0.9555306,0.94840986,0.9827546,0.9346712,0.8699131,0.9735388,0.9637779,0.9928335,0.9863076,0.96792436,0.94630283,0.9699951,0.97008806,0.9686332,0.9529538,0.972138,0.9815665,0.97163546,0.9697883,0.97652084,0.97516507,0.9640578
annamovie,0.9970428,0.92952,0.9773637,0.94171464,0.9905668,0.8490681,0.99457633,0.99424964,0.9965509,0.9833537,0.96950173,0.9269889,0.9734337,1.0,0.98731077,0.9811187,0.9822548,0.9832707,0.9814217,0.97275496,0.99403787,0.92157084,0.99128956,0.9921468,0.9607158,0.78360844,0.92754835,0.9646784,0.9837302,0.96718645,0.98507994,0.96470034,0.9240889,0.9030744,0.7954929,0.6984102,0.99086285,0.9390537,0.96248746,0.9574163,0.9733336,0.9727611,0.92767036,0.9845065,0.98316485,0.9472357,0.9885784,0.96731865,0.943362,0.9910773,0.97320426,0.99107915,0.90386593,0.9600694,0.9262425,0.9904073,0.95084774,0.98253006,0.9816841,0.9943335,0.98007494,0.9686198,0.96777004,0.9859195,0.96723974,0.9627536,0.9860264,0.98928636,0.9933982,0.9706534,0.99639106,0.7557336,0.8981777,0.9970011,0.9095172,0.97672606,0.7788438,0.977404,0.9594262,0.88697267,0.94389576,0.9590584,0.9904964,0.9719814,0.87025845,0.97671,0.9589012,0.99295914,0.92725813,0.9935899,0.95934105,0.99639106,0.9108703,0.9757123,0.96600735,0.97148407,0.9795714,0.9825437,0.98455846,0.93591887,0.9635469,0.95828646,0.91228926,0.9904218,0.9406731,0.9735098,0.9945768,0.9646835,0.94704056,0.9105736,0.99603355,0.72960955,0.97131515,0.6424102,0.93814814,0.9916823,0.99761134,0.9184387,0.99595404,0.9930338,0.9932447,0.97240496,0.9880138,0.8057247,0.99326676,0.9885843,0.941511,0.83145523,0.9752387,0.72680753,0.9898814,0.98295295,0.9879993,0.8933958,0.97991824,0.97538555,0.9798525,0.95555514,0.99523276,0.97428316,0.9965509,0.9427999,0.9400265,0.91627836,0.96006626,0.98573923,0.9436972,0.84871066,0.9747325,0.9318952,0.9783455,0.9832267,0.9842802,0.92036265,0.95895696,0.99008554,0.9832654,0.9690825,0.99388796,0.9781973,0.9965509,0.94046944,0.9948469,0.99610776,0.9088074
apollo11movie,0.98961896,0.91820097,0.9694325,0.95922434,0.98328084,0.8513387,0.9905716,0.9771259,0.9924089,0.9795707,0.97805446,0.93819124,0.9736667,0.98731077,1.0,0.99047214,0.9772202,0.97524816,0.96726996,0.99027747,0.98955834,0.915192,0.979543,0.99404377,0.9543802,0.791786,0.9305738,0.9633018,0.972407,0.95877945,0.9709473,0.97419786,0.9037793,0.88226247,0.79994315,0.7436271,0.992714,0.9336808,0.95907426,0.96396565,0.9868904,0.969445,0.9302887,0.97498566,0.9710736,0.950507,0.97461665,0.97798765,0.95121366,0.9852493,0.96119934,0.9905396,0.905044,0.95080733,0.9211852,0.9919829,0.9653645,0.9850735,0.983189,0.9887322,0.9883467,0.9791815,0.95953715,0.9775825,0.9706177,0.96496075,0.97705716,0.98342407,0.9828071,0.9645752,0.9884639,0.7665068,0.9135632,0.9886418,0.916621,0.9767291,0.7891081,0.96621275,0.95590866,0.9078829,0.94715756,0.9552165,0.9946941,0.9862163,0.8840475,0.9663498,0.956636,0.985631,0.9275062,0.99098134,0.95324314,0.9884639,0.91852593,0.9628982,0.9702246,0.9884647,0.9632336,0.97131383,0.9827373,0.9266838,0.9629624,0.9623061,0.92567223,0.9847947,0.93533677,0.96065044,0.98996127,0.96788716,0.9417548,0.92014337,0.9880844,0.77586013,0.9558083,0.6936431,0.9468937,0.9846561,0.99121237,0.9042291,0.9906113,0.9830119,0.98971164,0.97754496,0.9812758,0.82312834,0.98421025,0.9801487,0.9387491,0.8330682,0.9682541,0.7302563,0.9902902,0.9906807,0.98209876,0.90650374,0.97999454,0.95909053,0.9759343,0.9658653,0.98442787,0.9718911,0.9924089,0.9349164,0.93814677,0.92699796,0.97271484,0.9844412,0.97148573,0.84839046,0.97406787,0.93358505,0.9769226,0.97808594,0.978556,0.94601756,0.9552592,0.9740359,0.98126054,0.9650607,0.9803238,0.9665882,0.9924089,0.95465535,0.9833879,0.9850827,0.90706915
arcticdogsmovie,0.9824602,0.92232925,0.9742337,0.9394653,0.98069096,0.87741566,0.9897873,0.9734724,0.98605907,0.97954845,0.9667049,0.9344299,0.9712377,0.9811187,0.99047214,1.0000001,0.96592563,0.96821916,0.9714072,0.9783513,0.9812912,0.91836196,0.97042507,0.98818296,0.9509549,0.7933493,0.926651,0.9394011,0.9668856,0.9619335,0.9639444,0.95828515,0.9164282,0.88967806,0.8308018,0.6852542,0.9887573,0.93395495,0.94940966,0.953512,0.98231304,0.9657725,0.9476052,0.9761853,0.9705688,0.9368352,0.9664199,0.96206313,0.9454244,0.98493075,0.9562539,0.9758756,0.92045164,0.9442949,0.9247392,0.98695654,0.94506776,0.97139823,0.9702225,0.9764629,0.9815332,0.96648884,0.9620044,0.9702626,0.9545627,0.9647021,0.9651987,0.9735805,0.978693,0.95358276,0.97778994,0.8067083,0.91855097,0.98172235,0.9227583,0.9720111,0.7991432,0.9583255,0.94914395,0.9224675,0.94720227,0.96438843,0.9887325,0.9719976,0.88784987,0.9689386,0.9613269,0.9821199,0.91285056,0.9804799,0.9663113,0.97778994,0.9179422,0.95911694,0.9704342,0.9784831,0.97191465,0.9646773,0.9865661,0.9100016,0.95274395,0.9665324,0.92569345,0.97569954,0.9355661,0.95596015,0.9820038,0.97158337,0.9375886,0.92315,0.9835697,0.7823142,0.956934,0.6387976,0.93176126,0.97118574,0.98476577,0.91203547,0.98297936,0.986534,0.9817067,0.96569294,0.97798145,0.84705,0.97375065,0.964574,0.937473,0.8340506,0.96397465,0.7762162,0.9804549,0.9849706,0.96643025,0.917768,0.978795,0.9689426,0.97187245,0.94224834,0.9724493,0.9621129,0.98605907,0.9314672,0.93618035,0.9294028,0.9687634,0.97102326,0.9480455,0.8736991,0.9731572,0.9237345,0.9729685,0.9861334,0.96235317,0.9367075,0.9528503,0.9573283,0.9738744,0.9435433,0.97529495,0.95734066,0.98605907,0.95443743,0.97611135,0.98174626,0.9073816
arcticmovie,0.9839904,0.91693646,0.931595,0.92140937,0.98411244,0.798827,0.9700005,0.9684707,0.97945195,0.96152943,0.945298,0.8770767,0.93324304,0.9822548,0.9772202,0.96592563,1.0,0.9659825,0.94997734,0.97110504,0.9869813,0.84572494,0.97003186,0.9821496,0.91922307,0.72769696,0.8573331,0.9800785,0.9431819,0.9529654,0.95026374,0.92989826,0.91930175,0.8257078,0.7928788,0.7490155,0.9684868,0.9160104,0.9086561,0.9205686,0.95930934,0.96401983,0.94134146,0.9804087,0.9382055,0.9222014,0.97304755,0.9586871,0.8929947,0.98225766,0.9229384,0.96571016,0.84101295,0.93942326,0.8747147,0.97740716,0.92922956,0.95699084,0.9684285,0.9756887,0.95718324,0.94879526,0.9233263,0.9805159,0.9488217,0.92985356,0.9734187,0.9555666,0.98227805,0.94516504,0.97726953,0.79826844,0.912521,0.98143953,0.8806121,0.9689181,0.76893264,0.9479558,0.931405,0.8556301,0.91018504,0.9430682,0.98006296,0.9857538,0.7956073,0.94458455,0.92937064,0.9660615,0.91957384,0.98378354,0.92514837,0.97726953,0.8719992,0.9746696,0.920072,0.9547387,0.9409486,0.96551913,0.95341897,0.90207845,0.9401321,0.9113721,0.867359,0.96834886,0.9024036,0.92728513,0.9858781,0.95196736,0.8942948,0.83936024,0.9714592,0.70621085,0.91623455,0.7040312,0.8854493,0.97649676,0.98270667,0.90290755,0.9756843,0.9631726,0.969427,0.9486704,0.9591471,0.75070506,0.9771017,0.9772966,0.90406793,0.7365239,0.93590134,0.70448005,0.99038,0.9662003,0.99342453,0.9382301,0.9509714,0.9497738,0.96555054,0.92717284,0.96823865,0.97691315,0.97945195,0.87965316,0.91747797,0.8929929,0.9688067,0.9555251,0.94307387,0.83475083,0.9623442,0.8843162,0.93826336,0.95180583,0.96897537,0.8857252,0.93264496,0.9661784,0.9640679,0.95924157,0.9728584,0.9374712,0.97945195,0.91685027,0.9663461,0.97816634,0.8476085
artofracingmovie,0.9778272,0.8653564,0.9683583,0.8986102,0.9935989,0.7694859,0.97911555,0.98240256,0.98664373,0.9680969,0.95977765,0.9043291,0.9486343,0.9832707,0.97524816,0.96821916,0.9659825,1.0000001,0.9515482,0.9687886,0.9723267,0.8836368,0.98090446,0.9850635,0.9287588,0.80025,0.91437656,0.93271726,0.9674435,0.9748555,0.9563084,0.9478259,0.8929382,0.8770555,0.7197977,0.6767435,0.9847268,0.87187034,0.930626,0.9447393,0.95238495,0.9336102,0.8923842,0.9622401,0.96851516,0.9206342,0.9748003,0.9465255,0.92157286,0.96773124,0.956777,0.9772363,0.92217207,0.9664521,0.8807875,0.9835586,0.9177452,0.9506238,0.9566666,0.9923621,0.97233886,0.9665626,0.94319165,0.97197735,0.95454127,0.9204408,0.9675032,0.9725509,0.9772629,0.9256363,0.99014866,0.7214317,0.83600265,0.98614275,0.85080147,0.9874862,0.6925915,0.95498073,0.9252364,0.8252974,0.9314508,0.9112217,0.9766204,0.95780724,0.84661233,0.93964773,0.91980654,0.98132044,0.8723656,0.9884592,0.9207984,0.99014866,0.85532707,0.9516604,0.96683925,0.9486326,0.95350575,0.9879753,0.96560484,0.8970723,0.9389509,0.9310777,0.8890336,0.98540455,0.90101004,0.9622715,0.9889416,0.958908,0.93213797,0.88429666,0.9863505,0.68356943,0.94436896,0.6264702,0.90731734,0.98017037,0.9820588,0.84834546,0.9801633,0.97939676,0.97929704,0.94998205,0.9859008,0.7336669,0.9891357,0.95949316,0.89436454,0.8022337,0.9541025,0.6711889,0.98257846,0.9773787,0.9692918,0.847904,0.9521016,0.96882045,0.96190035,0.9284629,0.98242784,0.9530605,0.98664373,0.91384107,0.9310122,0.88804084,0.94695944,0.9683239,0.9223403,0.7720921,0.9594961,0.8824177,0.9467073,0.9705379,0.96336347,0.8968102,0.9463174,0.9781022,0.9577699,0.9695875,0.9830494,0.9514622,0.98664373,0.8922139,0.984729,0.983401,0.85623235
avengers,0.97647315,0.9248434,0.9767719,0.9189066,0.9579582,0.8983403,0.98677164,0.97696126,0.9755972,0.95410377,0.9458188,0.9139976,0.97277594,0.9814217,0.96726996,0.9714072,0.94997734,0.9515482,1.0000002,0.9312352,0.9696173,0.9461992,0.9572553,0.9681864,0.9699567,0.79081583,0.9471365,0.9276606,0.97059804,0.93713725,0.9879429,0.9434875,0.8798515,0.9011236,0.8417432,0.6297249,0.9780026,0.9443214,0.96582615,0.9436235,0.9601766,0.94481814,0.91784364,0.9560021,0.974476,0.91870916,0.9499026,0.92302847,0.93379194,0.9685249,0.96743715,0.967415,0.8855845,0.91184837,0.9179873,0.96940094,0.9385048,0.96617675,0.951222,0.96786684,0.9715116,0.94015473,0.9504672,0.9548606,0.92974484,0.9663184,0.95036066,0.9702501,0.9725933,0.96203136,0.97239995,0.77147776,0.8812374,0.9708958,0.9246026,0.9451685,0.80072886,0.94617796,0.93711543,0.8974293,0.9381392,0.95661956,0.96248245,0.94780827,0.88328195,0.9923273,0.96025693,0.9795336,0.8988619,0.9599887,0.98085755,0.97239995,0.9491689,0.9532551,0.95164055,0.9601831,0.9885097,0.9484744,0.9860038,0.9165847,0.94133013,0.9530998,0.8875879,0.95877844,0.9249915,0.95979273,0.96273273,0.9436685,0.9251042,0.93741894,0.9821518,0.748355,0.9730416,0.56753486,0.94304585,0.9639702,0.9766964,0.92732584,0.98776215,0.9872194,0.9736533,0.9623058,0.9620429,0.8613271,0.9630631,0.95608276,0.9476202,0.8884735,0.96891797,0.78032225,0.95729923,0.9575953,0.95887244,0.8798282,0.9690022,0.9615437,0.9547265,0.9250097,0.9765603,0.9350492,0.9755972,0.946743,0.89572453,0.9113702,0.9420915,0.96764743,0.90654564,0.894403,0.95081,0.93422,0.97188807,0.9834079,0.9493831,0.8969003,0.9276871,0.9601058,0.9649514,0.91866016,0.97433174,0.9775388,0.9755972,0.9327803,0.9754324,0.9718236,0.9323335
beachbummovie,0.97622967,0.8914909,0.94548327,0.9562258,0.97974867,0.80753016,0.9704357,0.9589138,0.98143256,0.97890574,0.968022,0.91824996,0.9517474,0.97275496,0.99027747,0.9783513,0.97110504,0.9687886,0.9312352,1.0000001,0.9779569,0.8769143,0.9770695,0.9869433,0.9311937,0.77857846,0.89734036,0.95620567,0.95534235,0.9516443,0.9404249,0.9642184,0.9116308,0.8719302,0.7610212,0.77858686,0.9760367,0.9086779,0.93065846,0.95879954,0.97826064,0.95981276,0.9127417,0.965973,0.95170385,0.95444345,0.97329974,0.9822066,0.9390316,0.9755476,0.9392304,0.98216337,0.9041924,0.9557183,0.9082514,0.98333335,0.9476895,0.9735503,0.97926927,0.9789217,0.97184885,0.98201406,0.9495054,0.9698588,0.97558403,0.93789524,0.97826904,0.9706991,0.96531695,0.9503724,0.97734606,0.75244856,0.9065368,0.9783494,0.8889738,0.9752808,0.7669312,0.9574822,0.9448716,0.88667464,0.9272701,0.9378774,0.9904113,0.9767343,0.8608824,0.938607,0.93358386,0.9674224,0.91957873,0.9850603,0.9148661,0.97734606,0.871859,0.9497327,0.95884484,0.9759701,0.9342497,0.97185934,0.96162254,0.90828186,0.9602834,0.9523585,0.93847424,0.9815995,0.9194489,0.94302654,0.9865145,0.95754606,0.93122643,0.8799864,0.97134054,0.7843772,0.93308514,0.7351469,0.9270912,0.97064435,0.9775708,0.87329036,0.9707731,0.9610799,0.9742351,0.96947515,0.9725753,0.7826383,0.9746977,0.976123,0.90868425,0.7758392,0.94225204,0.68952143,0.9885352,0.98784435,0.9693073,0.89973664,0.97210175,0.9436597,0.96418685,0.96371853,0.96805096,0.97389644,0.98143256,0.90549946,0.9526718,0.90701896,0.96091235,0.9736057,0.9797081,0.8060529,0.96340317,0.90946627,0.9564439,0.95418483,0.9765944,0.945213,0.94874907,0.9607311,0.97337276,0.96551067,0.96629715,0.9465103,0.98143256,0.9461426,0.965399,0.97735196,0.8693019
bernadettefilm,0.995007,0.94931614,0.96073866,0.9516127,0.98591864,0.85798365,0.98844725,0.98685455,0.9890177,0.97925055,0.9731616,0.93047094,0.9674271,0.99403787,0.98955834,0.9812912,0.9869813,0.9723267,0.9696173,0.9779569,0.99999994,0.9058521,0.98276883,0.9866567,0.94999146,0.74979377,0.9069315,0.98147565,0.97011495,0.9524752,0.9789403,0.96532786,0.94085646,0.87599826,0.8218443,0.7123618,0.98773307,0.95011616,0.9566584,0.9523013,0.9807153,0.985671,0.9480501,0.9908364,0.97339225,0.95371354,0.98579144,0.97956055,0.94334036,0.99500465,0.9547089,0.98635477,0.8834475,0.9576848,0.92247576,0.990869,0.9573457,0.9799781,0.9877688,0.98804027,0.9774423,0.96179533,0.9642261,0.99130833,0.97207844,0.9702036,0.9870476,0.9837754,0.99603677,0.96796477,0.9884936,0.76783645,0.9279283,0.9916379,0.92247975,0.97260725,0.80398864,0.97824216,0.96693134,0.9065738,0.94021386,0.9714613,0.9934474,0.98079616,0.8590131,0.96739006,0.9660446,0.983854,0.9527831,0.9922221,0.95958936,0.9884936,0.92045355,0.980148,0.9584571,0.97835,0.9694553,0.9661958,0.9774391,0.9416798,0.96697646,0.95558774,0.90717465,0.9868292,0.9496986,0.95641214,0.9910902,0.97125906,0.94472486,0.90223,0.98442286,0.7324011,0.96031934,0.65781987,0.93489546,0.99163365,0.994708,0.93481827,0.98769915,0.98278046,0.9916332,0.96785206,0.9771119,0.81424,0.9870819,0.99170005,0.9468073,0.79971045,0.9743924,0.74601847,0.98927456,0.9793318,0.994437,0.91778105,0.9750343,0.95795435,0.9842613,0.96013796,0.9864865,0.98376125,0.9890177,0.93062353,0.94390213,0.9316477,0.97610766,0.9757542,0.95364255,0.8687196,0.98302305,0.9330591,0.97721636,0.97882336,0.9852464,0.9217746,0.966076,0.984459,0.9776136,0.97239554,0.98791724,0.9661297,0.9890177,0.9500298,0.98778,0.98950666,0.9012291
