movie,21bridgesmovie,47metersdown,abeautifuldaymovie,abominablemovie,adastramovie,adogsjourneymovie,aftermathmovie,aftermovie,ahiddenlifefilm,alitamovie,angelhasfallen,angrybirdsmovie,annabellemovie,annamovie,apollo11movie,arcticdogsmovie,arcticmovie,artofracingmovie,avengers,beachbummovie,bernadettefilm,blackandbluemovie,blackchristmas,blindedbythelightmovie,bombshellmovie,booksmart,breakthroughmovie,brianbanksmovie,brightburnmovie,brittanyrunsmov,captainmarvelofficial,captivestatemovie,catsmovie,charliesangels,childsplaymovie,clarathefilm,coldpursuitmovie,countdown,currentwarmovie,darkwatersmovie,detectivepikachumovie,disneyaladdin,disneyfrozen,disneymaleficent,doctorsleepmovie,dolemiteismyname,dontletgomovie,doramovie,downtonabbey_official,dumbo,escaperoom,everybodyknowsmovie,fastandfuriousmovie,fightingwmyfam,fivefeetapartfilm,fordvferrari,freaksthefilm,geminimanmovie,glassmovie,gloriabellmovie,godzillamovie,goldfinchmovie,goodboysmovie,goodliarmovie,gretafilm,halathemovie,happydeathdaymovie,harrietfilm,hellboymovie,hersmellmovie,highlifemovie,highstrungmovie,honeyboymovie,hotelmumbaifilm,httydragon,hustlemovie,hustlersmovie,isntitromantic,itmovieofficial,jayandsilentbob,johnwickmovie,jojorabbitmovie,jokermovie,judythefilm,jumanjimovie,justmercyfilm,knivesout,lalloronamovie,lastblackmansf,lastchristmasthemovie,latenightmovie,lighthousemovie,lionking,littlethemovie,littlewomenmovie,littlewoodsfilm,longshotmovie,lordsofchaosmovie,lucyintheskyfilm,mamovie2019,marriagestory,meettheaddams,meninblack,midsommarmovie,midwaymovie,missbalamovie,missinglinkfilm,motherlessbklyn,onceinhollywood,onthebasisofsex,overcomermovie,peanutbutterfalcon,petsematarymovie,piercingmovie,playingwithfire,playmobilthemovie,pomsmovie,queenandslim,rambomovie,readyornotfilm,richardjewellfilm,rocketmanmovie,scarystoriesmovie,secretlifeofpets,serenityfilm,shaftmovie,shazammovie,spidermanmovie,spiesindisguise,starwars,stormboymovie,stubermovie,taosdfilm,teenspiritmov,terminator,theaeronautsmov,thebestofenemies,thedeaddontdie,thefarewell,thehighwaymen,thehummingbirdprojectfilm,theintrudermovie,theirishmanfilm,thekitchenmovie,thelegomovie,themustangfilm,thenightingalefilm,theprodigymovie,thesunisalsoastar,theupsidefilm,tolkienmovie,toystory,triplefrontier,uglydolls,uncutgems,underthesilverlake,usmovie,wavesmovie,whatmenwant,wonderparkmovie,wrinklestheclown,xmenmovies,yardiefilm,yesterdaymovie,zombieland
21bridgesmovie,1.0000001,0.9753544,0.99323,0.88462096,0.9890847,0.94229794,0.9851606,0.99141484,0.99404633,0.9698098,0.96082103,0.87227684,0.95834583,0.99296516,0.9815038,0.9901126,0.98928034,0.9855623,0.98543763,0.9725572,0.989351,0.89058965,0.99049824,0.9919838,0.96736085,0.27896407,0.81551903,0.97047776,0.9890004,0.96953064,0.9599681,0.98466915,0.9713922,0.9017244,0.5236152,0.4273949,0.9899644,0.9182463,0.98359025,0.96249634,0.9295162,0.96918035,0.9075892,0.9732092,0.9900704,0.9233045,0.9879299,0.9821659,0.92507964,0.9859309,0.98373574,0.9969343,0.90983987,0.9208278,0.85493284,0.9681617,0.90712833,0.9812074,0.9831417,0.99404466,0.9216815,0.965125,0.9239587,0.97343403,0.9703282,0.8856854,0.9393207,0.9902451,0.9851151,0.8758757,0.9957847,0.5051442,0.73001474,0.9919187,0.7226717,0.8997218,0.35374355,0.96645594,0.96866167,0.8921208,0.9563492,0.9039665,0.9881578,0.96878165,0.9029774,0.96696645,0.9157937,0.99029285,0.9254668,0.9938612,0.96581537,0.9957847,0.9085887,0.9678887,0.9672964,0.9817494,0.97709394,0.98873746,0.9844329,0.879965,0.9356023,0.93459046,0.90874815,0.9911169,0.94347125,0.98509634,0.99621105,0.9371329,0.94816315,0.8795237,0.99034834,0.27687326,0.96326643,0.37613788,0.93453723,0.9887764,0.99941695,0.75942487,0.9944023,0.9832241,0.98893064,0.988044,0.9956678,0.9622507,0.989385,0.9806542,0.9637754,0.91327864,0.95536965,0.6913459,0.9914807,0.92178214,0.98876,0.7793334,0.9791516,0.9791441,0.98438627,0.974159,0.9964732,0.9610043,0.99404633,0.9693967,0.91706467,0.90914327,0.94085884,0.98326534,0.8892487,0.67261046,0.9466338,0.98060465,0.97716576,0.98007566,0.9917297,0.852715,0.9681503,0.99453384,0.95740986,0.9792678,0.9759002,0.96619976,0.99404633,0.9698494,0.98852366,0.9922559,0.9400815
47metersdown,0.9753544,0.99999994,0.9662074,0.9032834,0.9502873,0.94156295,0.95429116,0.94959944,0.9617418,0.95279044,0.9672084,0.87479514,0.9530814,0.97633946,0.9498962,0.9750598,0.9475442,0.95161515,0.94504714,0.9389377,0.96396536,0.9043692,0.9625346,0.9556647,0.96177346,0.26412478,0.8243227,0.9415086,0.9651583,0.9345612,0.9317667,0.9593904,0.945741,0.92379266,0.52558374,0.39442903,0.9495819,0.9220566,0.95864713,0.93987685,0.9336075,0.9579411,0.9326334,0.95211273,0.97916657,0.94976866,0.9722214,0.9640188,0.90587515,0.96862847,0.95895404,0.9673183,0.9126314,0.8855199,0.8763131,0.9190783,0.89417726,0.9704143,0.9634393,0.9704912,0.9036508,0.96203876,0.94549286,0.95868295,0.91157037,0.90058166,0.91692495,0.9624269,0.964776,0.87259513,0.97142804,0.5041705,0.73268944,0.9663834,0.7508558,0.84297264,0.33521768,0.9353345,0.93641,0.9046953,0.95972294,0.886246,0.97135293,0.9553121,0.90560335,0.9355329,0.9373997,0.9565438,0.9307046,0.9741729,0.9609558,0.97142804,0.93527585,0.9577601,0.9466585,0.97343343,0.9593652,0.95948786,0.952813,0.8749376,0.9391067,0.9264192,0.9050646,0.9717115,0.9681122,0.9630667,0.9683702,0.9401863,0.967157,0.8434784,0.96723205,0.26233768,0.96050686,0.36517408,0.9524687,0.97389096,0.9777834,0.7711738,0.96230865,0.9465175,0.9682954,0.9824903,0.96287936,0.94136846,0.9707718,0.9659705,0.92481863,0.9095691,0.95760983,0.6962276,0.9652652,0.8861586,0.9599522,0.76715654,0.9684935,0.9410765,0.9839644,0.94069964,0.9716545,0.9482695,0.9617418,0.96502113,0.93318385,0.9143174,0.9781413,0.94957864,0.89241856,0.6635699,0.94836956,0.9786941,0.95422024,0.9810963,0.9780588,0.784939,0.93370795,0.97047114,0.94295883,0.9822692,0.9687476,0.9527759,0.9617418,0.93397474,0.95444065,0.97674316,0.93397456
abeautifuldaymovie,0.99323,0.9662074,0.99999994,0.88308954,0.9948173,0.917534,0.99180454,0.98930496,0.9961886,0.9478673,0.9702442,0.8466751,0.95147926,0.9875722,0.9820701,0.9819597,0.9820938,0.9939787,0.97756636,0.9726847,0.9842629,0.88980526,0.98690665,0.9934843,0.9522678,0.2741197,0.8010188,0.95178896,0.9904961,0.965062,0.9492812,0.98384583,0.95746356,0.88217354,0.5087582,0.42513323,0.99079233,0.89898324,0.9846021,0.9572557,0.9381159,0.9646239,0.89462215,0.9791415,0.9906833,0.9154381,0.9814324,0.9819935,0.9141945,0.9888999,0.9877858,0.9935891,0.883685,0.9070158,0.8544572,0.9799981,0.8913588,0.9713694,0.9678043,0.9967949,0.921201,0.9586868,0.928539,0.9637092,0.9692685,0.8745834,0.94173354,0.9849345,0.994153,0.8680996,0.99465466,0.49208847,0.73811704,0.9961685,0.70975256,0.91642493,0.3467875,0.9704866,0.9506324,0.87733036,0.96082026,0.91168654,0.9891648,0.94984376,0.9020478,0.97323173,0.9066623,0.98835945,0.91652405,0.99623245,0.9638488,0.99465466,0.8913274,0.9588084,0.9674115,0.9891549,0.9796535,0.99199015,0.9911603,0.8629518,0.9361373,0.92947507,0.8923984,0.9850058,0.9148136,0.9846142,0.9943847,0.93405205,0.9396834,0.8771269,0.991688,0.27210218,0.9493569,0.36727738,0.9230107,0.984788,0.99327487,0.7410409,0.9941974,0.9904109,0.98936063,0.98433757,0.99408424,0.9348349,0.9935641,0.96917313,0.9527042,0.9022217,0.945472,0.66722614,0.9915691,0.9296534,0.9830569,0.79735065,0.9729175,0.9825945,0.9735919,0.96200097,0.99484426,0.9607464,0.9961886,0.964095,0.91588926,0.9014651,0.92499655,0.98439485,0.88522357,0.6528218,0.941832,0.9671045,0.9854725,0.97666144,0.9891543,0.84917307,0.9656558,0.9884133,0.9624619,0.9704854,0.9637713,0.95311356,0.9961886,0.9486285,0.9879388,0.98501325,0.930918
abominablemovie,0.88462096,0.9032834,0.88308954,1.0000001,0.8567521,0.8668065,0.8747514,0.85904187,0.88305235,0.79991674,0.90671206,0.7522683,0.92212486,0.8998357,0.84898114,0.87842155,0.87631714,0.8945704,0.8618819,0.84793043,0.8785009,0.8916725,0.8963252,0.8789071,0.9194408,0.37992513,0.8310107,0.87499756,0.8734965,0.79676455,0.9164236,0.91010374,0.8685752,0.8881761,0.6043714,0.5398244,0.8694512,0.89471775,0.8931543,0.86898845,0.9293123,0.93270373,0.9244694,0.9211939,0.91123724,0.94473815,0.9151518,0.8706644,0.8992081,0.90703845,0.8727689,0.89204746,0.84014624,0.85069907,0.90725636,0.831631,0.8827425,0.9300638,0.90611255,0.89473933,0.90934837,0.9627431,0.9607985,0.9034711,0.8726362,0.8739871,0.89240515,0.8738919,0.8664381,0.8385847,0.89155,0.47286636,0.8300003,0.87618375,0.81556356,0.8303895,0.45713437,0.8883444,0.89147174,0.79202765,0.8676592,0.9144211,0.8925949,0.9048362,0.84995085,0.88082665,0.93832886,0.88651353,0.92758656,0.89576674,0.892166,0.89155,0.90422535,0.89762545,0.86779404,0.907723,0.9314303,0.87494844,0.8757879,0.81444037,0.947976,0.9763093,0.8484685,0.9205333,0.85947084,0.880292,0.8791723,0.90609,0.91768086,0.7966163,0.899114,0.37809965,0.8852701,0.47157842,0.8858712,0.9009796,0.8924472,0.81857824,0.8722494,0.8697941,0.901163,0.92291546,0.88575554,0.8375383,0.91285443,0.9223095,0.89384395,0.8105038,0.9099795,0.77532643,0.8943763,0.85480744,0.9045282,0.88262457,0.9024912,0.83583355,0.8945109,0.8714359,0.88317573,0.95585215,0.88305235,0.8949338,0.9309901,0.84303373,0.89645785,0.90202904,0.95004684,0.7186733,0.91437906,0.9044619,0.8719397,0.9443244,0.90244514,0.67721975,0.88974744,0.9082374,0.8584858,0.92741317,0.90047145,0.85113364,0.88305235,0.86126584,0.8608097,0.8962417,0.8572882
adastramovie,0.9890847,0.9502873,0.9948173,0.8567521,1.0,0.90633464,0.9945176,0.9936119,0.99544084,0.94780236,0.95296305,0.8234091,0.93096244,0.9832562,0.98655975,0.9730189,0.9797664,0.99343115,0.9789642,0.97697705,0.97882545,0.8582408,0.9818972,0.99387825,0.9355111,0.28724906,0.7773461,0.9449666,0.97994816,0.96819437,0.93912274,0.9751727,0.94605905,0.84552056,0.50733167,0.4306161,0.9924256,0.88481385,0.97781163,0.9456666,0.91494703,0.948366,0.85858965,0.96762234,0.97941667,0.88314015,0.97303,0.97193766,0.89566404,0.9797942,0.97544265,0.9894342,0.8617676,0.9075579,0.8181238,0.98898304,0.8856107,0.95744455,0.9544425,0.9906075,0.90096974,0.94163054,0.9093462,0.9531947,0.97028637,0.8483572,0.9467831,0.9817847,0.98905975,0.8470585,0.99042517,0.48039898,0.7248056,0.99341804,0.69142157,0.9154885,0.35250157,0.9543843,0.9413246,0.8613653,0.9411225,0.89510125,0.9807588,0.9456357,0.87226737,0.9608819,0.88274837,0.98319423,0.8900602,0.9887638,0.9522327,0.99042517,0.8659812,0.9430538,0.9558742,0.97493786,0.9692697,0.9950146,0.9924146,0.85056055,0.9117366,0.91688335,0.8653116,0.9764799,0.89274895,0.9728499,0.9933368,0.9084996,0.918285,0.8727121,0.9843635,0.28519723,0.93141675,0.37401706,0.90536684,0.97163194,0.98715466,0.72295016,0.99364245,0.99412006,0.9810227,0.97133595,0.99024266,0.93259144,0.98703873,0.95408165,0.94192415,0.8761467,0.9246734,0.6531239,0.9892171,0.93056875,0.97408426,0.7655167,0.9572176,0.98881763,0.95686835,0.96039045,0.9887823,0.9422644,0.99544084,0.94514805,0.8817325,0.8770387,0.8969445,0.97390723,0.8628438,0.6462768,0.9216449,0.95449954,0.98667186,0.9597323,0.9832964,0.8583481,0.9475518,0.98191416,0.9566588,0.9540875,0.9503901,0.94238544,0.99544084,0.94858336,0.9907463,0.97350276,0.9032838
adogsjourneymovie,0.94229794,0.94156295,0.917534,0.8668065,0.90633464,1.0000001,0.8939821,0.9133834,0.9152487,0.9429447,0.92451465,0.9286838,0.94951165,0.94235736,0.883559,0.9478834,0.9346429,0.9018733,0.9048996,0.8661306,0.95436394,0.8770697,0.9435342,0.90526277,0.9434926,0.21224011,0.83678895,0.9643766,0.92072886,0.9288152,0.8957609,0.9261839,0.9468924,0.9156401,0.50227875,0.3526882,0.92429954,0.93208945,0.9395024,0.94870186,0.8992493,0.9348308,0.9359498,0.9089976,0.9405069,0.9366126,0.9451032,0.9547798,0.91134244,0.91757417,0.92479295,0.93057925,0.9482123,0.9050099,0.8750519,0.86267954,0.8797731,0.9614302,0.9355657,0.9233212,0.8998571,0.9314588,0.8914056,0.9581312,0.88699526,0.94060135,0.84120923,0.93103325,0.9036298,0.84293324,0.9251813,0.57050216,0.6835978,0.92022085,0.71933776,0.7760656,0.27878234,0.9005698,0.9565462,0.94665116,0.93861216,0.8550147,0.93915105,0.9448865,0.9021564,0.91809386,0.9245622,0.93394023,0.9288321,0.92229515,0.93924516,0.9251813,0.9502319,0.9373592,0.94113636,0.9255596,0.9219905,0.9105041,0.89521056,0.8849214,0.91766256,0.90557563,0.93147266,0.9511309,0.94391805,0.9390061,0.91860265,0.93934196,0.9334879,0.87376344,0.9307683,0.20993905,0.9676394,0.34536514,0.95812625,0.9492204,0.942119,0.7770295,0.93153995,0.88621026,0.91796136,0.93847686,0.9275139,0.9672373,0.918215,0.9191356,0.95231384,0.90632397,0.94261265,0.7270518,0.9293228,0.81749594,0.9404761,0.7410354,0.96730614,0.9179701,0.95842576,0.94463885,0.927514,0.91434145,0.9152487,0.9474714,0.91312456,0.9370667,0.94891846,0.9146542,0.87445295,0.66915864,0.9520287,0.96227735,0.898879,0.9371496,0.95653886,0.7453679,0.93554467,0.94752043,0.89499336,0.96985775,0.96967727,0.96687657,0.9152487,0.9241296,0.8996463,0.962077,0.9470471
aftermathmovie,0.9851606,0.95429116,0.99180454,0.8747514,0.9945176,0.8939821,0.9999999,0.989022,0.9967882,0.93354267,0.9563692,0.79965615,0.9285853,0.9865011,0.9931574,0.9732399,0.97032565,0.9928755,0.9718271,0.9834195,0.96714836,0.84477746,0.9744848,0.99482226,0.93252754,0.26862946,0.7566681,0.93194944,0.9732494,0.9584684,0.94052714,0.97439873,0.9361989,0.84187263,0.48363405,0.4160582,0.98972195,0.8687801,0.9771655,0.9392064,0.9303859,0.9533242,0.86494476,0.97486293,0.9807772,0.8841375,0.96997213,0.9646292,0.88460064,0.98634,0.96510506,0.9888666,0.83933985,0.89112353,0.8258568,0.9811012,0.8715492,0.9584137,0.9566891,0.99209183,0.9067028,0.9495966,0.9261638,0.9510784,0.96563196,0.8364282,0.9634632,0.97769517,0.98872304,0.8184128,0.99169856,0.46797657,0.7210773,0.993403,0.6776594,0.9034558,0.33446285,0.9511077,0.93673986,0.84814674,0.9277868,0.89511096,0.98344064,0.93869835,0.8557937,0.95908993,0.88245475,0.9764504,0.87934583,0.9920733,0.9418616,0.99169856,0.86535966,0.9374484,0.9420237,0.97834253,0.9752771,0.9986222,0.99749476,0.823392,0.91556674,0.92731965,0.84961367,0.97584283,0.89404386,0.9611283,0.99317217,0.9117447,0.91829693,0.8743841,0.9830322,0.2666691,0.91767913,0.3472117,0.8937263,0.9677896,0.98498,0.70391935,0.99063253,0.99855316,0.9820026,0.97774047,0.987491,0.9149988,0.992891,0.95582914,0.93092793,0.8516514,0.9138004,0.6402407,0.99241656,0.9204836,0.96976805,0.7935468,0.95130736,0.9851508,0.950354,0.94690585,0.98815006,0.95088416,0.9967882,0.9340146,0.879007,0.8645027,0.89983946,0.96839494,0.8640826,0.62043554,0.92685276,0.9444367,0.9911622,0.9663509,0.9830678,0.8340137,0.9398851,0.97988796,0.9460538,0.9477492,0.944097,0.9254261,0.9967882,0.9376678,0.9938173,0.96697295,0.89148396
aftermovie,0.99141484,0.94959944,0.98930496,0.85904187,0.9936119,0.9133834,0.989022,0.9999999,0.9935685,0.96028244,0.94278425,0.83693564,0.931688,0.979707,0.9852544,0.9774233,0.98400474,0.9904536,0.9818027,0.9800768,0.9814998,0.84326726,0.9794227,0.9959228,0.9431986,0.27672985,0.75849414,0.95148146,0.9799334,0.97235847,0.9426019,0.9704465,0.9539017,0.848887,0.48934835,0.41611734,0.9915467,0.8812888,0.96947217,0.9536708,0.90318984,0.9406463,0.8619457,0.9563865,0.9755507,0.8768634,0.9715186,0.97043693,0.89315575,0.971329,0.9699547,0.9913535,0.86387014,0.8977888,0.8197302,0.9810705,0.87679255,0.9622831,0.9695836,0.9900812,0.89787537,0.95062935,0.89572155,0.948762,0.9818857,0.8479279,0.9378104,0.9807982,0.9837385,0.8459249,0.99344134,0.47079542,0.6964468,0.985664,0.67415035,0.9004329,0.342651,0.9601727,0.959468,0.86371815,0.92798734,0.88080597,0.97549355,0.95391977,0.8655382,0.9541976,0.87744796,0.98857826,0.88804615,0.9859316,0.94192266,0.99344134,0.85460854,0.94455147,0.9456846,0.9644536,0.9684796,0.9887318,0.98607373,0.8383934,0.90387803,0.9193345,0.87341344,0.981286,0.9123554,0.9664654,0.9936642,0.90625787,0.9092786,0.87327456,0.97799325,0.27474523,0.93324685,0.35752,0.89403045,0.97216576,0.99052936,0.70908415,0.9905806,0.9915243,0.973552,0.9692247,0.9907967,0.9474189,0.9837232,0.96440107,0.95191866,0.87417215,0.92151356,0.643382,0.9856951,0.91529584,0.9829189,0.761299,0.9566224,0.98405814,0.95651287,0.96225613,0.99195105,0.94833064,0.9935685,0.93998176,0.8795917,0.87658286,0.90061426,0.98125684,0.85325295,0.629772,0.9155314,0.9598235,0.9743808,0.9661382,0.98110926,0.85620373,0.9570738,0.9861201,0.94534147,0.9554751,0.9560607,0.9363209,0.9935685,0.9584388,0.9900435,0.9727342,0.9060421
ahiddenlifefilm,0.99404633,0.9617418,0.9961886,0.88305235,0.99544084,0.9152487,0.9967882,0.9935685,1.0,0.9470833,0.9625474,0.83141303,0.94653666,0.9925583,0.9904781,0.98440427,0.9840718,0.99431324,0.98127395,0.9791688,0.97948825,0.8658438,0.98560846,0.99805677,0.9477644,0.26944762,0.7842551,0.95206225,0.9850786,0.96516514,0.9562661,0.98365694,0.95856255,0.87175786,0.4997188,0.42295027,0.99528027,0.88942355,0.9836729,0.95254356,0.9380826,0.9652642,0.88881826,0.9806796,0.989166,0.90408856,0.98116976,0.974839,0.9064416,0.9910524,0.9788634,0.9964702,0.87049663,0.90648997,0.8377331,0.98022527,0.88945854,0.9724483,0.9728248,0.9972293,0.9222527,0.96085554,0.92934567,0.9661841,0.97583985,0.85597545,0.957057,0.98486423,0.98997414,0.84415746,0.9970263,0.48245138,0.7268612,0.9964574,0.69588566,0.90725267,0.34118894,0.96579605,0.9551543,0.8627532,0.941687,0.9058095,0.98984337,0.95123506,0.8806017,0.9696769,0.89875036,0.98725176,0.90194726,0.9970443,0.95373744,0.9970263,0.8853829,0.9510703,0.9587723,0.98404,0.9817333,0.9969354,0.99503934,0.84561193,0.92986697,0.93417734,0.8826696,0.98623884,0.91331875,0.97632873,0.9976068,0.9283011,0.93266773,0.87567437,0.9917338,0.26735973,0.93877965,0.3574746,0.9114606,0.98104954,0.99407923,0.7271943,0.99680394,0.9952687,0.98996896,0.9859861,0.9938669,0.93547755,0.9958771,0.9703013,0.95138574,0.87990713,0.9332218,0.6643078,0.99556386,0.9241109,0.98335606,0.79746604,0.96688116,0.9862449,0.96613264,0.96241415,0.995288,0.96199894,1.0,0.9533295,0.8994757,0.8854021,0.91792065,0.98145837,0.8801002,0.6440127,0.9405045,0.9613682,0.9868582,0.9746158,0.9890236,0.8444288,0.95851696,0.98921824,0.95200634,0.962907,0.957856,0.94474405,1.0,0.9527552,0.9955055,0.9815888,0.9190341
alitamovie,0.9698098,0.95279044,0.9478673,0.79991674,0.94780236,0.9429447,0.93354267,0.96028244,0.9470833,1.0,0.9125182,0.9049805,0.9005496,0.94976676,0.944179,0.9622764,0.9521404,0.9309547,0.95223194,0.9402238,0.96513164,0.82609206,0.945567,0.9486243,0.9368867,0.21821825,0.7536895,0.94677716,0.95296496,0.96739155,0.8992401,0.92423373,0.9446826,0.8661309,0.44756463,0.3152249,0.94601405,0.8784064,0.92769206,0.9282139,0.83947605,0.9013161,0.857384,0.895599,0.94146395,0.863793,0.9423921,0.9578895,0.8609204,0.9263617,0.94271487,0.95541394,0.89987797,0.87030834,0.78840995,0.9166024,0.85397524,0.9360054,0.95591843,0.9496487,0.8348849,0.91186225,0.8402171,0.922273,0.91933775,0.86975205,0.86490077,0.95129573,0.94730115,0.8451042,0.95836323,0.4832244,0.60875666,0.9469064,0.6460744,0.81228817,0.27184108,0.91071355,0.9408017,0.9071083,0.92593783,0.80160224,0.93930024,0.9330558,0.859631,0.9056861,0.85514575,0.9521682,0.86970687,0.9460996,0.9199195,0.95836323,0.86297214,0.9292787,0.92309165,0.9231521,0.9147568,0.9427745,0.92861027,0.852284,0.85164046,0.862322,0.8846106,0.9496984,0.9590457,0.94723815,0.9586323,0.8767788,0.9006029,0.83153623,0.938034,0.21651572,0.93818206,0.3102543,0.90114015,0.94742906,0.9667566,0.6945447,0.9539431,0.93403983,0.93161505,0.9375467,0.95657456,0.96625185,0.93336314,0.9389835,0.9204928,0.8995878,0.91343904,0.6163589,0.93942285,0.8454693,0.94966066,0.6397816,0.9428447,0.94815433,0.95783913,0.9395112,0.9646482,0.8860354,0.9470833,0.9301836,0.853007,0.8842788,0.92566663,0.9322093,0.79603827,0.60088545,0.8859628,0.95707285,0.91915435,0.93358356,0.95468056,0.83566546,0.92988306,0.9551648,0.9172547,0.95198125,0.9501367,0.9458534,0.9470833,0.9493166,0.947859,0.9589853,0.912669
angelhasfallen,0.96082103,0.9672084,0.9702442,0.90671206,0.95296305,0.92451465,0.9563692,0.94278425,0.9625474,0.9125182,1.0000002,0.876089,0.9542245,0.9673576,0.93838924,0.9684742,0.9433624,0.9597495,0.9323193,0.9259996,0.9581553,0.8958539,0.9615061,0.9558971,0.9350127,0.24355152,0.8125859,0.9228696,0.9669768,0.9425686,0.9275392,0.9524156,0.9434533,0.9016646,0.48803067,0.39052126,0.95516497,0.8892825,0.9593708,0.93047947,0.9594584,0.95641273,0.9326062,0.9671173,0.9816287,0.94186836,0.96425694,0.9726424,0.88696456,0.974096,0.9693866,0.9570597,0.88315773,0.86540043,0.87453717,0.9278866,0.8690106,0.96334743,0.9421068,0.97050285,0.93492174,0.9559612,0.95808387,0.95699185,0.91512877,0.9197906,0.9101233,0.9420841,0.9753728,0.8547865,0.9642418,0.5685327,0.7328218,0.97085446,0.7154455,0.86394185,0.30766815,0.95088124,0.9219093,0.908923,0.9658991,0.9082489,0.9766373,0.91659707,0.90901345,0.96193326,0.9394939,0.9574343,0.91772944,0.97417367,0.96408033,0.9642418,0.9172611,0.92946696,0.9599406,0.9855376,0.97824055,0.95769995,0.95398146,0.8379581,0.946693,0.934307,0.91656363,0.96230453,0.91919225,0.96579784,0.95875484,0.94983834,0.9378683,0.8602287,0.9775172,0.24175243,0.9420584,0.3432053,0.9413224,0.9715801,0.9635761,0.7368829,0.966079,0.94957906,0.9672985,0.9781105,0.95062906,0.90456116,0.9746697,0.9451727,0.9211757,0.89004475,0.94147664,0.67505413,0.96238464,0.8860265,0.9531685,0.8193628,0.968578,0.96079266,0.95976883,0.9250587,0.9653887,0.9526084,0.9625474,0.9586778,0.9342649,0.9124982,0.952796,0.9525817,0.90036446,0.63158494,0.955613,0.9508711,0.95864064,0.9677718,0.97918975,0.7776459,0.9428126,0.9555577,0.95594823,0.9682581,0.94516003,0.94048285,0.9625474,0.89502513,0.9473411,0.97016156,0.9396916
angrybirdsmovie,0.87227684,0.87479514,0.8466751,0.7522683,0.8234091,0.9286838,0.79965615,0.83693564,0.83141303,0.9049805,0.876089,0.9999999,0.88574123,0.85051,0.79018635,0.89208317,0.8672056,0.813783,0.8298547,0.79263276,0.8902382,0.8425502,0.85948414,0.824457,0.8964308,0.13127847,0.7768809,0.8913584,0.88047326,0.8849254,0.81359684,0.8224097,0.8978437,0.8896582,0.3905361,0.25152344,0.8337825,0.8480124,0.8556576,0.89157087,0.80963534,0.84675133,0.8910432,0.8209093,0.8725359,0.8688427,0.8547356,0.91585153,0.8226261,0.835806,0.8859434,0.8444858,0.9322405,0.80469596,0.8156914,0.7644026,0.77180964,0.8838467,0.8716325,0.8430299,0.8474272,0.8510831,0.7858417,0.8743889,0.79742646,0.9240422,0.6898265,0.84918064,0.8550689,0.8482183,0.8449963,0.6322975,0.5688391,0.84927964,0.6149327,0.7308165,0.18342519,0.87134373,0.89496857,0.95780754,0.9125359,0.77010214,0.8671714,0.846122,0.9021145,0.87882644,0.87319344,0.86462754,0.8752178,0.8490706,0.89085126,0.8449963,0.86503965,0.880367,0.88183576,0.8601996,0.85844356,0.814392,0.80536073,0.819449,0.84344494,0.80080825,0.9342053,0.8615745,0.92520106,0.8891318,0.8365237,0.89750016,0.8273309,0.8384938,0.8615887,0.12944715,0.9189042,0.25381535,0.8879709,0.90030104,0.87266135,0.67365634,0.8592727,0.7938818,0.84523463,0.86565065,0.84539384,0.90447474,0.8325889,0.8633383,0.878602,0.91797066,0.8885208,0.6097536,0.8378153,0.73188555,0.8657651,0.6681798,0.9133172,0.8463723,0.9011949,0.85493255,0.86411625,0.83193016,0.83141303,0.89407474,0.8810563,0.94282985,0.9189569,0.8497929,0.7905695,0.5679437,0.8787576,0.9025589,0.807323,0.8565454,0.87851787,0.7300467,0.89862686,0.8613148,0.8499203,0.903535,0.9029811,0.9208171,0.83141303,0.83973974,0.80439514,0.8949836,0.9412796
annabellemovie,0.95834583,0.9530814,0.95147926,0.92212486,0.93096244,0.94951165,0.9285853,0.931688,0.94653666,0.9005496,0.9542245,0.88574123,1.0000001,0.962547,0.90624297,0.96295094,0.95914173,0.94581085,0.9306979,0.88809156,0.9667918,0.94774187,0.9734957,0.9359895,0.9655733,0.30408537,0.89769036,0.96664715,0.95863444,0.90857834,0.94620705,0.9681838,0.96361643,0.95847946,0.57930017,0.48086488,0.94616103,0.95776874,0.9731282,0.9673029,0.96631944,0.98032546,0.9669517,0.9656153,0.9727339,0.97454137,0.9754703,0.95981234,0.9694133,0.9589991,0.9671676,0.9569668,0.95321643,0.9336433,0.9155246,0.9028832,0.91188407,0.990337,0.9569543,0.95412093,0.9735748,0.97099036,0.94368154,0.98531365,0.93155277,0.9159468,0.8899589,0.95786583,0.9363118,0.8980989,0.9497502,0.5340789,0.7981519,0.9488621,0.7898015,0.8805821,0.39068723,0.9670202,0.9693497,0.8959545,0.9632947,0.96145654,0.9672143,0.9617978,0.9617707,0.968753,0.9745433,0.9670503,0.9797844,0.9571975,0.9794645,0.9497502,0.9582781,0.96959084,0.9753335,0.96918416,0.96909857,0.9353818,0.93559825,0.9089591,0.98400456,0.9422843,0.9562262,0.9721039,0.92647594,0.97195894,0.9428348,0.9825519,0.9583024,0.88785833,0.9687461,0.3018574,0.9851114,0.42193922,0.9657011,0.9838605,0.9620992,0.8251186,0.95355576,0.92061627,0.9623702,0.97418916,0.9530088,0.9445354,0.9595224,0.96513724,0.9780016,0.9415615,0.98381597,0.7687111,0.96155626,0.8999125,0.9677297,0.8648524,0.98970395,0.9218112,0.9776851,0.96468526,0.95064414,0.97812873,0.94653666,0.98531955,0.97994024,0.951452,0.9527259,0.96614146,0.9562473,0.73643595,0.9825781,0.97384614,0.936376,0.971114,0.96499676,0.75787115,0.96623766,0.96855146,0.92900395,0.97640985,0.97873706,0.9728583,0.94653666,0.9381195,0.92308146,0.9771595,0.9704544
annamovie,0.99296516,0.97633946,0.9875722,0.8998357,0.9832562,0.94235736,0.9865011,0.979707,0.9925583,0.94976676,0.9673576,0.85051,0.962547,1.0000001,0.98056746,0.9898348,0.9816987,0.9817566,0.97429866,0.96265286,0.9802204,0.8846598,0.98739135,0.98630285,0.9573866,0.2596115,0.8200676,0.96581894,0.9794528,0.95776415,0.96348614,0.98718196,0.96672654,0.9052518,0.5162166,0.4164834,0.9893199,0.9145348,0.98819417,0.95456135,0.95518845,0.9816814,0.9210349,0.9854437,0.9928888,0.933862,0.9880974,0.97476166,0.92335653,0.9940646,0.97595274,0.993359,0.8993534,0.9236976,0.8539813,0.9597299,0.9088476,0.9849575,0.9772647,0.992118,0.93729514,0.96898764,0.9487918,0.9851976,0.9591699,0.87612396,0.9575033,0.9833879,0.9782687,0.84531766,0.99173266,0.4980881,0.73939687,0.9924067,0.7237454,0.88215154,0.3345969,0.9569407,0.9613582,0.8804132,0.9498908,0.91430295,0.99343586,0.96151036,0.8945331,0.9700355,0.92466223,0.98093045,0.9225078,0.99378276,0.96382695,0.99173266,0.9286111,0.95830834,0.9681054,0.98690695,0.9824518,0.9912132,0.985627,0.866772,0.9481221,0.94188404,0.9053229,0.9896027,0.9332222,0.9797181,0.9916673,0.9474666,0.95800066,0.87599635,0.9930833,0.25739327,0.95538926,0.35971376,0.94130915,0.98576105,0.9933058,0.7581296,0.99365157,0.9804368,0.99232084,0.9944909,0.98811466,0.94664305,0.9934595,0.9722399,0.9571141,0.8926211,0.9492428,0.69896966,0.9956442,0.91315943,0.982071,0.8017038,0.9785088,0.977581,0.9785503,0.9683399,0.9895179,0.9655948,0.9925583,0.9670263,0.91666716,0.90245855,0.9447797,0.970834,0.9014754,0.6702468,0.96353024,0.9725164,0.981053,0.9785421,0.99292386,0.81859183,0.9556017,0.9904946,0.94517696,0.97571295,0.9688412,0.96228886,0.9925583,0.9567636,0.9873364,0.9894408,0.9361879
apollo11movie,0.9815038,0.9498962,0.9820701,0.84898114,0.98655975,0.883559,0.9931574,0.9852544,0.9904781,0.944179,0.93838924,0.79018635,0.90624297,0.98056746,1.0,0.9690024,0.96269196,0.97814506,0.97270596,0.9901278,0.9561605,0.8170849,0.9613965,0.9901265,0.92285943,0.25540742,0.72617644,0.92308915,0.9677288,0.95488566,0.9351095,0.96327466,0.93404746,0.8336622,0.4647877,0.38556802,0.9822717,0.84833056,0.9610137,0.92230946,0.9041162,0.9388442,0.8471774,0.95810246,0.96871144,0.86212593,0.9589483,0.9514007,0.8648356,0.9774134,0.95426697,0.9841295,0.82714033,0.876624,0.79095864,0.9727308,0.8575447,0.9441456,0.9594961,0.9848252,0.8751762,0.934365,0.90139115,0.937192,0.95622414,0.81115407,0.95821106,0.9716874,0.97978467,0.79882073,0.9876893,0.43218398,0.6824712,0.98600096,0.6544877,0.8763036,0.32065737,0.935121,0.92608327,0.82835186,0.91177887,0.86308837,0.97221994,0.92708635,0.83168334,0.93982625,0.85376555,0.96644205,0.8535044,0.9851239,0.9180812,0.9876893,0.84890956,0.92412883,0.92648417,0.96308917,0.9572498,0.99172336,0.9904114,0.80941623,0.8857067,0.90679437,0.8335263,0.96645314,0.90092963,0.95074284,0.9914943,0.88722646,0.9112684,0.84454304,0.9710591,0.253614,0.90477777,0.32575154,0.873745,0.9557014,0.9805889,0.6818202,0.9837049,0.9918529,0.9738311,0.96780586,0.98206973,0.9128405,0.9815722,0.9520953,0.9124907,0.8428981,0.8960473,0.6216872,0.9826325,0.9044251,0.9601474,0.74638855,0.9347828,0.9762212,0.9442616,0.9372144,0.984777,0.9284044,0.9904781,0.9211251,0.85018885,0.8391096,0.89449346,0.95520365,0.83069617,0.5997673,0.9048049,0.93430334,0.9784172,0.95484155,0.97073436,0.84165597,0.92421496,0.9712871,0.9324249,0.9358261,0.92967814,0.9160555,0.9904781,0.93913054,0.9961799,0.957379,0.87680274
arcticdogsmovie,0.9901126,0.9750598,0.9819597,0.87842155,0.9730189,0.9478834,0.9732399,0.9774233,0.98440427,0.9622764,0.9684742,0.89208317,0.96295094,0.9898348,0.9690024,1.0,0.98071194,0.97108674,0.96793574,0.95313746,0.98526365,0.8742422,0.97925234,0.98080796,0.9529741,0.22229053,0.7988311,0.96626025,0.98848444,0.97394514,0.952063,0.9737699,0.97837764,0.91921455,0.4713279,0.36587214,0.9850379,0.8984503,0.97602516,0.9600902,0.9477007,0.9669017,0.9342907,0.97095317,0.9877483,0.9273035,0.9772671,0.9810943,0.9109342,0.983618,0.981816,0.9858469,0.90684044,0.90215826,0.84468454,0.9476622,0.87814254,0.9831872,0.9829618,0.9888531,0.9401103,0.96463996,0.92322516,0.9795922,0.95624375,0.88775516,0.9167245,0.9718591,0.97900313,0.8457404,0.9892302,0.5096386,0.68575215,0.98449177,0.68563974,0.85894364,0.29238018,0.971303,0.9669633,0.89652807,0.9565981,0.8958798,0.9913206,0.947884,0.9047033,0.9732523,0.91385674,0.984612,0.9207203,0.9881582,0.95857537,0.9892302,0.91644216,0.95124483,0.9708612,0.979988,0.9769364,0.9769745,0.9737142,0.8481126,0.9344993,0.92144686,0.93449414,0.9866987,0.94966877,0.98176587,0.98430467,0.95524573,0.9392232,0.8738099,0.98781604,0.22033004,0.95844936,0.32038224,0.93437546,0.9896508,0.99157757,0.72617555,0.9898779,0.9694107,0.9837669,0.9879962,0.9801916,0.9491331,0.9835225,0.96954614,0.96038026,0.9093957,0.9436304,0.66771996,0.9854769,0.883812,0.98505735,0.7781415,0.98246247,0.97590625,0.9793134,0.9585457,0.9915272,0.95789385,0.98440427,0.96874577,0.9181853,0.91922885,0.95422125,0.97311413,0.8783839,0.6328505,0.96274424,0.97126365,0.9611119,0.97436345,0.9880803,0.81435084,0.970403,0.9836405,0.93372846,0.97527844,0.9668984,0.9643194,0.98440427,0.9469117,0.9776,0.9884469,0.9587659
arcticmovie,0.98928034,0.9475442,0.9820938,0.87631714,0.9797664,0.9346429,0.97032565,0.98400474,0.9840718,0.9521404,0.9433624,0.8672056,0.95914173,0.9816987,0.96269196,0.98071194,0.9999999,0.97897214,0.9854449,0.947099,0.9881775,0.8853956,0.9901556,0.9826598,0.9496186,0.30962113,0.8289833,0.9851602,0.9825793,0.9617621,0.97210383,0.9843908,0.97681797,0.89999825,0.5486917,0.45846453,0.9882536,0.9209981,0.97660744,0.9589484,0.9233324,0.9629052,0.8994574,0.96681297,0.976917,0.9158459,0.98318094,0.96643054,0.937938,0.97255236,0.9818159,0.9904248,0.9092698,0.94560605,0.83305436,0.96759105,0.92142546,0.9764342,0.9774878,0.9844165,0.9353927,0.957065,0.90606415,0.9753146,0.9819951,0.87305844,0.9309283,0.9822385,0.9658872,0.87458557,0.98489416,0.52297556,0.7426788,0.97784317,0.72915643,0.90782607,0.38304308,0.9676986,0.9740815,0.8704505,0.9423712,0.915732,0.97393835,0.9664178,0.9090478,0.97081393,0.9102946,0.987812,0.9307376,0.9795747,0.95949715,0.98489416,0.9025298,0.9631249,0.9736345,0.96680826,0.97093207,0.97389287,0.96848136,0.8833577,0.936727,0.92780644,0.9263557,0.9889779,0.91807824,0.9842769,0.9861152,0.9315097,0.9373854,0.8685845,0.98300016,0.30739895,0.95829904,0.40616968,0.9291631,0.98149955,0.9882298,0.7746423,0.98719096,0.96984357,0.98122257,0.97480625,0.9872571,0.96319366,0.9779599,0.9745333,0.97683954,0.9122757,0.94979066,0.7140841,0.98320854,0.93060887,0.99278486,0.7816309,0.97214246,0.97024053,0.97054964,0.9856446,0.9844184,0.960695,0.9840718,0.9678763,0.9148247,0.8985753,0.9141714,0.98346287,0.8966376,0.70460844,0.9386091,0.97355306,0.9589368,0.96347106,0.9772449,0.8688423,0.9729391,0.9899356,0.9443729,0.96715516,0.9661004,0.9626255,0.9840718,0.97676593,0.97619975,0.98453724,0.94685614
artofracingmovie,0.9855623,0.95161515,0.9939787,0.8945704,0.99343115,0.9018733,0.9928755,0.9904536,0.99431324,0.9309547,0.9597495,0.813783,0.94581085,0.9817566,0.97814506,0.97108674,0.97897214,1.0000001,0.9735458,0.9699684,0.9786144,0.8724548,0.98363763,0.9937975,0.944071,0.30166364,0.7896053,0.94421047,0.9791569,0.9545892,0.94863594,0.98009914,0.9448835,0.85915864,0.51596636,0.4536227,0.98941797,0.89231914,0.978751,0.95166075,0.9341295,0.9567758,0.87635046,0.9751462,0.9827777,0.89918655,0.97755843,0.9696346,0.90999544,0.9815114,0.9751611,0.990156,0.86040926,0.9049084,0.84550357,0.98349106,0.8901379,0.96847457,0.96193045,0.99286616,0.92009753,0.963519,0.928509,0.9556508,0.9806936,0.8540514,0.9542236,0.9786661,0.9869602,0.8566097,0.99163616,0.46968314,0.74900705,0.9885165,0.7077464,0.9251446,0.36980957,0.9677032,0.951419,0.8535771,0.9379156,0.91765,0.98013836,0.95071965,0.88302416,0.96480453,0.901817,0.98773235,0.9077537,0.989631,0.95509577,0.99163616,0.86997986,0.9491433,0.9539755,0.9783797,0.9816596,0.991373,0.99039155,0.8463465,0.9319835,0.93883604,0.87328225,0.98252106,0.8938087,0.9714252,0.98988324,0.92117757,0.92357403,0.8727188,0.9852035,0.29964632,0.9335884,0.38478234,0.9047239,0.97519124,0.9863222,0.7339828,0.98829037,0.9937658,0.9808169,0.9770327,0.98994786,0.92579436,0.9931654,0.96542627,0.95301914,0.874127,0.9336197,0.66151017,0.98958486,0.9339595,0.9820159,0.81105465,0.9622345,0.9799226,0.9565941,0.9598002,0.98853767,0.96692294,0.99431324,0.94935876,0.9051225,0.8811683,0.9017273,0.9856152,0.8889391,0.6539494,0.93060607,0.9578739,0.98287594,0.97425264,0.98306495,0.83293176,0.958544,0.9859736,0.95284975,0.9595485,0.95584023,0.9328997,0.99431324,0.94666153,0.98451936,0.9729036,0.9074336
avengers,0.98543763,0.94504714,0.97756636,0.8618819,0.9789642,0.9048996,0.9718271,0.9818027,0.98127395,0.95223194,0.9323193,0.8298547,0.9306979,0.97429866,0.97270596,0.96793574,0.9854449,0.9735458,0.9999999,0.9650286,0.9731726,0.87175214,0.9835922,0.9849138,0.9388664,0.38759604,0.8190296,0.9626965,0.97345436,0.9540753,0.9736509,0.9774344,0.96630836,0.87640136,0.5947363,0.5186606,0.9803847,0.9100571,0.9561788,0.9189989,0.89463216,0.94784975,0.8662798,0.9562946,0.9638068,0.8919214,0.9806502,0.94729424,0.92125994,0.9686555,0.968335,0.98429674,0.88391703,0.930108,0.8074836,0.97572464,0.92874914,0.9552105,0.9691202,0.9789448,0.898432,0.9376991,0.89582485,0.9520078,0.9746688,0.8572201,0.9438076,0.9755003,0.9643363,0.8780309,0.9818227,0.52277064,0.75361645,0.9719549,0.74665684,0.91844755,0.45692122,0.9457109,0.9419533,0.8388523,0.9234339,0.90319926,0.9609645,0.9595702,0.8692696,0.94272745,0.88614327,0.9783362,0.9032943,0.9745912,0.9455251,0.9818227,0.8773331,0.94319355,0.95600635,0.95546675,0.9539867,0.9732927,0.9674084,0.88692695,0.90590733,0.9247927,0.88915694,0.9756652,0.90700454,0.9708888,0.98772377,0.8886942,0.9302696,0.8347021,0.97600776,0.38548186,0.93742925,0.46808454,0.9113676,0.9618931,0.9819287,0.78615487,0.9779022,0.97376823,0.97592884,0.9647141,0.9816112,0.95050144,0.97009283,0.97244287,0.9450657,0.88920146,0.9378242,0.7281155,0.971471,0.95160794,0.9763031,0.7392713,0.9484581,0.9654179,0.9615961,0.97354746,0.9801166,0.9367257,0.98127395,0.95029277,0.8799995,0.8486869,0.89527214,0.974299,0.8823954,0.72743094,0.9033834,0.95490414,0.9568045,0.95265645,0.96595937,0.9084962,0.9467085,0.9764581,0.95914173,0.95138985,0.94243765,0.9428966,0.98127395,0.9798795,0.9837527,0.973752,0.9067577
beachbummovie,0.9725572,0.9389377,0.9726847,0.84793043,0.97697705,0.8661306,0.9834195,0.9800768,0.9791688,0.9402238,0.9259996,0.79263276,0.88809156,0.96265286,0.9901278,0.95313746,0.947099,0.9699684,0.9650286,1.0,0.9444088,0.8124484,0.9463439,0.9835536,0.93164295,0.27394438,0.70529467,0.9035787,0.95633453,0.94314134,0.9212054,0.9430247,0.91674006,0.81306535,0.4588831,0.40010646,0.9660682,0.83608615,0.9431518,0.9097616,0.8779397,0.92207134,0.82989454,0.94243467,0.9564131,0.8462963,0.9445095,0.9466659,0.8448304,0.9632018,0.93858254,0.9700323,0.81647134,0.8517315,0.8084423,0.9592281,0.8423488,0.93044364,0.9502677,0.9725635,0.8560844,0.9297052,0.8888073,0.9105008,0.94503325,0.8205867,0.93820316,0.95749944,0.9760287,0.8140691,0.97790545,0.44557598,0.6770676,0.97411585,0.6462302,0.8825536,0.33608404,0.92720413,0.91673857,0.8334152,0.90036166,0.84537756,0.9578452,0.92016447,0.81308067,0.9251664,0.8449999,0.9571725,0.84311765,0.9735938,0.90688866,0.97790545,0.8220731,0.9161292,0.9008742,0.9507444,0.95096844,0.97993463,0.98190176,0.79775923,0.8702734,0.9087415,0.811252,0.95249707,0.8980625,0.93302816,0.9804995,0.86974937,0.8863346,0.8606269,0.95705634,0.27229726,0.8919485,0.33417708,0.8525214,0.94335806,0.9711742,0.6722017,0.96974206,0.9859704,0.9580996,0.9544555,0.9727781,0.9004686,0.9696007,0.94873136,0.8985344,0.82894313,0.886229,0.6069196,0.96697766,0.89863324,0.9472222,0.74850065,0.92185193,0.962785,0.9304717,0.9158892,0.9766589,0.9191148,0.9791688,0.89933187,0.8410812,0.83351016,0.884729,0.94802713,0.82086605,0.58677053,0.8821032,0.9233264,0.9684348,0.95081526,0.9603537,0.85410243,0.92064726,0.9605001,0.93275136,0.9277615,0.92202586,0.8974186,0.9791688,0.92704916,0.9824362,0.94280237,0.8538353
bernadettefilm,0.989351,0.96396536,0.9842629,0.8785009,0.97882545,0.95436394,0.96714836,0.9814998,0.97948825,0.96513164,0.9581553,0.8902382,0.9667918,0.9802204,0.9561605,0.98526365,0.9881775,0.9786144,0.9731726,0.9444088,0.99999994,0.8992987,0.98982245,0.97756964,0.9580604,0.283162,0.8333267,0.980289,0.9858879,0.9731633,0.9485591,0.9785696,0.9730476,0.9112516,0.5237311,0.42108044,0.98508584,0.9294377,0.9758626,0.9681132,0.9259902,0.9589236,0.91356087,0.9597223,0.9796452,0.9267119,0.9833175,0.9817519,0.93563616,0.9689048,0.98538685,0.98459554,0.9223595,0.92975664,0.8581132,0.9620387,0.9055234,0.98198867,0.97293437,0.9852408,0.92937917,0.9607973,0.90812886,0.9743902,0.9677447,0.9041502,0.9086775,0.9765914,0.97346467,0.88415927,0.98554474,0.5064842,0.7209933,0.9772696,0.7222883,0.886785,0.35293144,0.96820587,0.9724785,0.9036908,0.9643618,0.910449,0.97844994,0.9673137,0.9185435,0.96697253,0.91981936,0.99366874,0.94198376,0.9780295,0.9716693,0.98554474,0.91162854,0.9613013,0.98076576,0.9713731,0.9694739,0.9721551,0.9669188,0.89022225,0.9353152,0.9213943,0.9354269,0.9888835,0.9315657,0.9885624,0.9811256,0.9410635,0.94215477,0.8794561,0.98183805,0.28117767,0.97316915,0.38308698,0.9477572,0.9864575,0.98869175,0.7684325,0.98535687,0.9668467,0.97391564,0.97419655,0.9851679,0.96621394,0.9764746,0.9656281,0.97814566,0.9274084,0.9608683,0.69344544,0.98092014,0.911078,0.99124753,0.7667734,0.98530465,0.9733055,0.98078465,0.97788554,0.9860866,0.9553687,0.97948825,0.9777231,0.9259611,0.9214857,0.93389446,0.9819884,0.8902394,0.6829693,0.9473383,0.9814575,0.9577069,0.97192246,0.9854521,0.8326947,0.9785953,0.98923814,0.9473211,0.98210603,0.9796401,0.9739315,0.97948825,0.9642677,0.9680194,0.9894699,0.954302
