movie,21bridgesmovie,47metersdown,abeautifuldaymovie,abominablemovie,adastramovie,adogsjourneymovie,aftermathmovie,aftermovie,ahiddenlifefilm,alitamovie,angelhasfallen,angrybirdsmovie,annabellemovie,annamovie,apollo11movie,arcticdogsmovie,arcticmovie,artofracingmovie,avengers,beachbummovie,bernadettefilm,blackandbluemovie,blackchristmas,blindedbythelightmovie,bombshellmovie,booksmart,breakthroughmovie,brianbanksmovie,brightburnmovie,brittanyrunsmov,captainmarvelofficial,captivestatemovie,catsmovie,charliesangels,childsplaymovie,clarathefilm,coldpursuitmovie,countdown,currentwarmovie,darkwatersmovie,detectivepikachumovie,disneyaladdin,disneyfrozen,disneymaleficent,doctorsleepmovie,dolemiteismyname,dontletgomovie,doramovie,downtonabbey_official,dumbo,escaperoom,everybodyknowsmovie,fastandfuriousmovie,fightingwmyfam,fivefeetapartfilm,fordvferrari,freaksthefilm,geminimanmovie,glassmovie,gloriabellmovie,godzillamovie,goldfinchmovie,goodboysmovie,goodliarmovie,gretafilm,halathemovie,happydeathdaymovie,harrietfilm,hellboymovie,hersmellmovie,highlifemovie,highstrungmovie,honeyboymovie,hotelmumbaifilm,httydragon,hustlemovie,hustlersmovie,isntitromantic,itmovieofficial,jayandsilentbob,johnwickmovie,jojorabbitmovie,jokermovie,judythefilm,jumanjimovie,justmercyfilm,knivesout,lalloronamovie,lastblackmansf,lastchristmasthemovie,latenightmovie,lighthousemovie,lionking,littlethemovie,littlewomenmovie,littlewoodsfilm,longshotmovie,lordsofchaosmovie,lucyintheskyfilm,mamovie2019,marriagestory,meettheaddams,meninblack,midsommarmovie,midwaymovie,missbalamovie,missinglinkfilm,motherlessbklyn,onceinhollywood,onthebasisofsex,overcomermovie,peanutbutterfalcon,petsematarymovie,piercingmovie,playingwithfire,playmobilthemovie,pomsmovie,queenandslim,rambomovie,readyornotfilm,richardjewellfilm,rocketmanmovie,scarystoriesmovie,secretlifeofpets,serenityfilm,shaftmovie,shazammovie,spidermanmovie,spiesindisguise,starwars,stormboymovie,stubermovie,taosdfilm,teenspiritmov,terminator,theaeronautsmov,thebestofenemies,thedeaddontdie,thefarewell,thehighwaymen,thehummingbirdprojectfilm,theintrudermovie,theirishmanfilm,thekitchenmovie,thelegomovie,themustangfilm,thenightingalefilm,theprodigymovie,thesunisalsoastar,theupsidefilm,tolkienmovie,toystory,triplefrontier,uglydolls,uncutgems,underthesilverlake,usmovie,wavesmovie,whatmenwant,wonderparkmovie,wrinklestheclown,xmenmovies,yardiefilm,yesterdaymovie,zombieland
21bridgesmovie,0.9999999,0.9590119,0.99464315,0.9369853,0.9899978,0.94374,0.9900835,0.98527753,0.9988034,0.96157247,0.9564538,0.8755532,0.9805094,0.99306875,0.9967403,0.98204696,0.9891789,0.9950867,0.99338686,0.9926368,0.98193955,0.89062,0.99388355,0.9967057,0.9670929,0.65761983,0.9218387,0.9700405,0.99205035,0.9943314,0.9851415,0.945877,0.9027121,0.8339032,0.6506962,0.517151,0.9856443,0.89247113,0.98751074,0.9399334,0.9639058,0.9759411,0.86062425,0.98876745,0.99705946,0.9401711,0.98667514,0.98291963,0.954955,0.99193335,0.98667985,0.9964581,0.9256169,0.92296034,0.82151926,0.983306,0.9526413,0.9901414,0.99285734,0.99764097,0.9518039,0.98566115,0.97810036,0.978448,0.9805267,0.8988042,0.9775381,0.99630314,0.9808156,0.66847825,0.9988381,0.3137619,0.7887991,0.9903554,0.83639866,0.96770567,0.60924655,0.9759476,0.9837261,0.94011575,0.9051219,0.95771873,0.9889862,0.94520026,0.907329,0.9629547,0.9240402,0.9940208,0.92910933,0.9972285,0.9509106,0.9988381,0.90874857,0.96045214,0.9779493,0.9911882,0.9796416,0.9886121,0.979004,0.941593,0.9424134,0.96072274,0.9470991,0.9877189,0.9433804,0.9802781,0.9976868,0.94857764,0.9015981,0.90558153,0.9948938,0.41254225,0.9832337,0.6391412,0.96033067,0.9842258,0.9995422,0.8862896,0.99909776,0.99326694,0.9864919,0.98559624,0.99275506,0.8709631,0.9883542,0.98845875,0.9750728,0.92122585,0.955944,0.5629893,0.99213594,0.9842162,0.993808,0.8626497,0.99018425,0.9964083,0.9868807,0.9877092,0.9980772,0.9620198,0.9988034,0.97544575,0.88215834,0.87889856,0.9502303,0.976201,0.95206225,0.7475014,0.9593655,0.94053566,0.98438555,0.9808234,0.9800623,0.7295625,0.9661029,0.99703586,0.98954326,0.983536,0.9816464,0.9674365,0.9988034,0.9670561,0.9953278,0.9940004,0.9256849
47metersdown,0.9590119,1.0000002,0.95059544,0.86435884,0.9702583,0.94395214,0.9747921,0.975489,0.9639751,0.95586187,0.9284548,0.91157335,0.9193321,0.95116603,0.957875,0.97375035,0.9755091,0.963401,0.9605736,0.9446183,0.9225281,0.8021726,0.9616329,0.9513606,0.97552174,0.48622027,0.838606,0.9461003,0.95128655,0.95261174,0.9212604,0.86386454,0.9142403,0.7199427,0.64799845,0.62003,0.9582299,0.7838381,0.9636979,0.850797,0.9115463,0.9533485,0.9299603,0.9714685,0.96045786,0.964637,0.9668413,0.97788095,0.96212584,0.96039087,0.94615227,0.9706232,0.83614165,0.85874504,0.7581893,0.94393605,0.9066418,0.9736723,0.96159214,0.96250355,0.9380112,0.93634987,0.9173801,0.95407385,0.9456536,0.9078093,0.9083538,0.97278386,0.98397493,0.6401182,0.96462864,0.3861106,0.7427929,0.9704691,0.78507984,0.9080354,0.61346394,0.9649754,0.96064836,0.97568125,0.8336138,0.9418862,0.9495152,0.91643494,0.90122074,0.89438754,0.8483278,0.95634645,0.8286324,0.9655326,0.87483615,0.96462864,0.9343593,0.900932,0.9556049,0.9294916,0.9750652,0.9432079,0.9749093,0.89371556,0.96217346,0.9582102,0.858076,0.93951494,0.9795448,0.933862,0.9626087,0.9292165,0.8946318,0.790676,0.95678985,0.5146746,0.94056666,0.703382,0.9466216,0.96876025,0.95847875,0.8267777,0.9617631,0.9609805,0.94099456,0.9539593,0.94153506,0.92695886,0.9390799,0.93572956,0.91126055,0.91383886,0.9615646,0.73942584,0.9318964,0.9580909,0.96827406,0.9103417,0.95548826,0.9438329,0.91666037,0.96834475,0.9608132,0.9734962,0.9639751,0.91311544,0.94558483,0.84202904,0.92895883,0.9800509,0.9584086,0.6951949,0.9012435,0.89670706,0.9601547,0.941383,0.97654736,0.7498794,0.9181202,0.9534036,0.9594942,0.9573972,0.93270004,0.93691844,0.9639751,0.9493597,0.94759995,0.9628432,0.94304293
abeautifuldaymovie,0.99464315,0.95059544,1.0,0.9386914,0.98212063,0.9483899,0.9880975,0.98246425,0.9943739,0.9518331,0.93361974,0.882598,0.97970176,0.9920758,0.994964,0.977237,0.9762692,0.9844169,0.9856015,0.9849952,0.9797148,0.9022662,0.9897311,0.99353176,0.96347505,0.64011806,0.9272879,0.9652599,0.99357545,0.99166065,0.98541766,0.9537901,0.903134,0.841742,0.67806953,0.54668957,0.9837529,0.9037866,0.9832688,0.949868,0.9631436,0.9777942,0.8461701,0.98467445,0.99527305,0.93780804,0.9846622,0.9706171,0.94464207,0.9911798,0.99193954,0.99166375,0.9237424,0.92727077,0.82195616,0.9655879,0.95471615,0.9916186,0.9880993,0.98898065,0.94431114,0.9831479,0.97508526,0.97719425,0.9701217,0.86612093,0.9744048,0.99268687,0.9732863,0.61355186,0.99476045,0.36241812,0.7816625,0.98568904,0.83745205,0.96709,0.65191764,0.96310985,0.9759485,0.93079627,0.8829815,0.962238,0.9838711,0.9474781,0.9217063,0.9514677,0.92390686,0.9848458,0.93219423,0.9941771,0.9378365,0.99476045,0.9185982,0.9755134,0.98351705,0.99134755,0.9696185,0.97474444,0.9708558,0.9271285,0.93974733,0.9517826,0.95839196,0.9876443,0.9409418,0.9882559,0.9942558,0.94561267,0.9103175,0.9193684,0.9939079,0.45420045,0.9821542,0.6687457,0.9754056,0.9743822,0.99623007,0.8825839,0.99277145,0.9919062,0.98013395,0.9868136,0.9895949,0.86659586,0.9895736,0.99252033,0.9756122,0.9295358,0.9544356,0.55864954,0.9945895,0.98199296,0.98684025,0.849516,0.98678833,0.9904826,0.98310226,0.9777886,0.99326414,0.9404395,0.9943739,0.98451823,0.8756494,0.8610416,0.93757105,0.9751722,0.95793957,0.77226615,0.9579455,0.94365454,0.98195124,0.9905701,0.97414756,0.70097774,0.96176547,0.9945413,0.9889749,0.98514646,0.9890765,0.97351956,0.9943739,0.9692015,0.99005944,0.99177796,0.9325196
abominablemovie,0.9369853,0.86435884,0.9386914,0.99999994,0.9034695,0.9233807,0.9281786,0.9267926,0.9304331,0.8969127,0.8657282,0.8041063,0.97224975,0.94666123,0.9373035,0.8905971,0.899308,0.9459703,0.9314974,0.9355314,0.98482674,0.9306455,0.942103,0.9196319,0.8943046,0.69810754,0.98663974,0.9474107,0.9400708,0.940369,0.9566683,0.91350573,0.88941485,0.86826706,0.7277742,0.5618682,0.91854364,0.9524073,0.9470622,0.9708702,0.9708287,0.9212337,0.74639213,0.9213531,0.94203395,0.8993877,0.94006985,0.8840267,0.92840654,0.9266474,0.9402782,0.92976695,0.9692799,0.9209821,0.9220526,0.9226207,0.92642915,0.9317911,0.95573026,0.9324776,0.9392688,0.9638347,0.9683062,0.954542,0.9279738,0.7673597,0.95540994,0.92658603,0.9013014,0.5395933,0.93511856,0.31165496,0.84067816,0.93889576,0.9430903,0.8735779,0.65619695,0.8873057,0.96303177,0.85184336,0.9103276,0.968197,0.9677019,0.9785173,0.88285804,0.9388417,0.92775583,0.93896675,0.9402597,0.9324896,0.9435094,0.93511856,0.8525003,0.9579972,0.92606235,0.96132195,0.9180376,0.9115338,0.9299905,0.9648842,0.91358984,0.93212456,0.9491267,0.9432737,0.8818483,0.94695204,0.9418581,0.9478485,0.8658448,0.9633366,0.9474739,0.42855707,0.9098317,0.6942154,0.93429154,0.9034147,0.93653107,0.9847395,0.9351438,0.94104385,0.95284444,0.90965265,0.9591912,0.8183546,0.95751274,0.94641197,0.97893316,0.8835713,0.89327943,0.4031339,0.95852643,0.9291419,0.9368841,0.82782847,0.9252502,0.93977624,0.95716584,0.90729076,0.9433009,0.8968436,0.9304331,0.9325199,0.85679346,0.91938674,0.95425266,0.91378504,0.89808273,0.8324143,0.99222153,0.8746936,0.9518824,0.9530757,0.8902586,0.63087887,0.96606344,0.94486016,0.93016815,0.9404522,0.9554346,0.90021634,0.9304331,0.9470246,0.9472664,0.94664544,0.86557996
adastramovie,0.9899978,0.9702583,0.98212063,0.9034695,1.0,0.9388304,0.9933472,0.99259675,0.9947073,0.94884664,0.9596313,0.88864905,0.94810474,0.9799052,0.9939194,0.9756262,0.9898465,0.98628455,0.9959073,0.9719482,0.95999354,0.8263382,0.97834355,0.9907956,0.955955,0.5660834,0.87867385,0.96973944,0.9697305,0.98560816,0.97481364,0.8968102,0.910369,0.75129074,0.57090527,0.50645727,0.9919373,0.8257052,0.9868761,0.89318013,0.94849044,0.9502254,0.8558736,0.9754949,0.9856006,0.9330438,0.9707232,0.99513334,0.96645486,0.9729503,0.9629752,0.9937951,0.8963492,0.8705702,0.7567546,0.9728628,0.90865636,0.98161614,0.98254913,0.9912574,0.93331283,0.9579849,0.9418513,0.97745895,0.98947924,0.92767227,0.9600242,0.9902534,0.98252076,0.67224264,0.9903818,0.3174245,0.7195448,0.98923886,0.77452695,0.97146726,0.5493342,0.99249506,0.97671294,0.94814503,0.88372684,0.9379532,0.9755792,0.92009836,0.8671614,0.94319856,0.8681125,0.9867289,0.87612236,0.9949114,0.91503125,0.9903818,0.8898459,0.92976564,0.95745414,0.98037,0.9790095,0.98100966,0.9776426,0.91283876,0.95452654,0.96086997,0.89861566,0.96135736,0.9350712,0.95256215,0.9861961,0.9582426,0.85532385,0.85294205,0.99031204,0.40756476,0.9654427,0.6049354,0.9420464,0.98108274,0.98827434,0.84374,0.99224484,0.9918685,0.9824023,0.9700503,0.9772924,0.89056325,0.9823468,0.9621586,0.9462365,0.88804007,0.9421491,0.5974611,0.9773811,0.98701,0.99009776,0.87492007,0.9827807,0.98455703,0.96650225,0.99699146,0.98942727,0.963167,0.9947073,0.9401438,0.90089333,0.8927222,0.94516236,0.9775254,0.93982404,0.6627419,0.94015425,0.8985572,0.9850639,0.9569287,0.99057984,0.74560136,0.9287202,0.9792273,0.97719634,0.9601062,0.96837944,0.9518726,0.9947073,0.9496934,0.99087536,0.9816584,0.90111226
adogsjourneymovie,0.94374,0.94395214,0.9483899,0.9233807,0.9388304,0.99999994,0.9678835,0.96493685,0.94670826,0.9326953,0.8845084,0.94172275,0.9517353,0.95543325,0.9506013,0.9270272,0.9488267,0.954312,0.9408334,0.9341047,0.9542798,0.89035255,0.96002907,0.9320349,0.9467969,0.4981605,0.9253832,0.96940637,0.9451837,0.95121247,0.9236909,0.89261156,0.9801712,0.7718014,0.68321174,0.57126886,0.9442617,0.8487137,0.96868265,0.921128,0.9532503,0.9603117,0.8839951,0.9660596,0.9536136,0.9787254,0.9706086,0.93437713,0.9668963,0.9504566,0.9511431,0.9627515,0.9248657,0.9014926,0.8635763,0.9166902,0.92027664,0.9706853,0.96764416,0.94613,0.97699517,0.9391031,0.9401943,0.97216773,0.9336275,0.8602861,0.9547015,0.9524189,0.95740145,0.518309,0.9501896,0.31402826,0.7481869,0.9659998,0.83969575,0.9065844,0.6003602,0.93248653,0.97059613,0.9688148,0.85005707,0.97796947,0.9681223,0.93652874,0.92137843,0.9023309,0.87485707,0.95799184,0.88061965,0.94882756,0.90212893,0.9501896,0.94980454,0.9574246,0.9635067,0.9417933,0.95838755,0.90970564,0.9791155,0.9416736,0.9794521,0.96776944,0.9087913,0.94318503,0.9544416,0.9516278,0.9624327,0.95757025,0.89414346,0.8792122,0.95027024,0.44999877,0.90713733,0.6740725,0.9512971,0.93507993,0.9417812,0.9003742,0.94509,0.9646364,0.9428234,0.9323185,0.9456648,0.9634673,0.9617914,0.9413665,0.95221114,0.93381566,0.96645784,0.6562558,0.9368228,0.96537423,0.9688004,0.95584434,0.94077396,0.9471392,0.914994,0.95028484,0.95649195,0.9387263,0.94670826,0.9229094,0.95839185,0.8821909,0.97049105,0.9798951,0.9182548,0.74786115,0.953322,0.871513,0.97129107,0.9674444,0.95980597,0.6332592,0.947732,0.9532977,0.95313776,0.96684444,0.9575195,0.9082287,0.94670826,0.9845574,0.9462539,0.96373254,0.94815993
aftermathmovie,0.9900835,0.9747921,0.9880975,0.9281786,0.9933472,0.9678835,1.0,0.9964487,0.99425274,0.962091,0.94168174,0.9209292,0.9657721,0.9892557,0.9951266,0.9794013,0.98798436,0.989702,0.9927284,0.9760817,0.9735233,0.8653813,0.9875598,0.9875979,0.9671526,0.56059754,0.90968806,0.98310286,0.98024315,0.9910885,0.9765297,0.9097852,0.94301504,0.77820766,0.6303825,0.559277,0.9922623,0.85172796,0.99474037,0.9159218,0.9599149,0.9689328,0.8741941,0.98656666,0.9913133,0.9629183,0.9863058,0.98875666,0.98038346,0.9823555,0.97818696,0.9974164,0.92112654,0.89976126,0.8046471,0.9663971,0.92962664,0.9944939,0.9928517,0.9894317,0.9551119,0.96744174,0.9577681,0.99056786,0.9820299,0.9034491,0.9679607,0.9935902,0.98717743,0.62818086,0.9916767,0.35398445,0.74378556,0.99753994,0.81925863,0.9603363,0.59915423,0.98064226,0.9888279,0.96464586,0.8778615,0.96659636,0.98578244,0.9448741,0.90684915,0.9403738,0.8869878,0.99142975,0.8898822,0.9961646,0.92078435,0.9916767,0.92743486,0.95438546,0.97781026,0.98389375,0.9836021,0.9720322,0.9916713,0.93380296,0.9760297,0.97206277,0.91656363,0.9703104,0.957585,0.97176015,0.9927173,0.97349185,0.8892256,0.8763154,0.99436486,0.4559658,0.96419454,0.65591234,0.9654173,0.9766408,0.98866117,0.878689,0.99090934,0.99817634,0.9812533,0.97787625,0.9827151,0.9207602,0.9909019,0.9733696,0.96477455,0.922756,0.96419406,0.6204335,0.98202366,0.99166894,0.994678,0.9071319,0.98275965,0.9861345,0.9646795,0.9929785,0.99348056,0.96726143,0.99425274,0.9538304,0.93093044,0.89661884,0.9644907,0.9932646,0.95646095,0.71247405,0.9595617,0.9092095,0.99560165,0.977011,0.99102056,0.7299379,0.94847643,0.9854827,0.98876077,0.9777159,0.9794939,0.9549428,0.99425274,0.9761333,0.99085337,0.99289083,0.93308264
aftermovie,0.98527753,0.975489,0.98246425,0.9267926,0.99259675,0.96493685,0.9964487,1.0,0.9904189,0.9425604,0.95087636,0.9008493,0.9558916,0.97778696,0.9918065,0.9673298,0.9837473,0.98558664,0.9918681,0.9652123,0.97051656,0.8455907,0.97795194,0.9823866,0.9645294,0.5494186,0.90056515,0.9787906,0.97017515,0.9820688,0.97584337,0.89719576,0.9347481,0.75767255,0.6201892,0.55965424,0.9890184,0.84418905,0.99252105,0.91209096,0.9694156,0.95707124,0.86388564,0.9769038,0.9855223,0.9517182,0.97613883,0.98735994,0.9803197,0.97135407,0.96634895,0.99294883,0.9061809,0.8837944,0.7994888,0.9637546,0.9163698,0.9867427,0.9888751,0.9888243,0.95654637,0.9662086,0.9489427,0.9865598,0.9891037,0.9154585,0.96602595,0.9892034,0.98803306,0.63140917,0.98932445,0.35647035,0.7433793,0.99183905,0.80749327,0.96152437,0.5949257,0.9885819,0.9886263,0.95610243,0.89300185,0.96459943,0.9849646,0.9465697,0.8847048,0.94723094,0.8776445,0.98444533,0.88731736,0.99223614,0.92145926,0.98932445,0.90771294,0.9485211,0.96489275,0.9809865,0.9882352,0.9698805,0.98568815,0.9243238,0.97415924,0.98202085,0.91013277,0.9660071,0.9482934,0.95913714,0.98663384,0.9744517,0.86654323,0.8700019,0.99129677,0.45536515,0.96038806,0.6587261,0.9622937,0.9814886,0.9845927,0.87641966,0.9892689,0.99382854,0.9877417,0.96535605,0.98179185,0.91325706,0.98767453,0.9653488,0.95537287,0.89784724,0.94846183,0.62395877,0.97836345,0.99025,0.9921422,0.8983485,0.9831696,0.97949487,0.96596766,0.9930208,0.9892528,0.96285504,0.9904189,0.94051486,0.93123174,0.9096739,0.96039116,0.9862196,0.9512161,0.70471466,0.95883334,0.89319205,0.9930942,0.96976244,0.99236876,0.7372509,0.94180626,0.97982246,0.9753429,0.9698905,0.9813018,0.9571406,0.9904189,0.96420115,0.9886969,0.9834002,0.9154258
ahiddenlifefilm,0.9988034,0.9639751,0.9943739,0.9304331,0.9947073,0.94670826,0.99425274,0.9904189,0.99999994,0.95782316,0.9549926,0.88732415,0.9735788,0.99185586,0.99885243,0.98192763,0.98996985,0.99305886,0.9966251,0.98711383,0.9779527,0.87531567,0.990845,0.9975208,0.96461296,0.6305749,0.91253996,0.97390336,0.9884544,0.9952086,0.98630255,0.9323109,0.91087514,0.80982643,0.62911385,0.5178644,0.99187714,0.87508154,0.9904318,0.9288325,0.9624081,0.9711343,0.8588536,0.98684627,0.99701947,0.9416776,0.9839914,0.9881709,0.96106625,0.9887085,0.98319906,0.9979418,0.9206738,0.91068983,0.80456924,0.9776379,0.94046843,0.9912978,0.99304587,0.99742943,0.94728506,0.9789932,0.9693054,0.9810751,0.98481244,0.9044466,0.97551626,0.99642485,0.9844702,0.65985847,0.9987266,0.32546702,0.7635182,0.9933639,0.8197844,0.9718329,0.5984864,0.98128587,0.98402005,0.94527644,0.8954221,0.95488226,0.9866825,0.9399223,0.8996681,0.9566718,0.907333,0.9943274,0.91478145,0.9994314,0.93943167,0.9987266,0.9088489,0.9575897,0.97644323,0.99085915,0.981462,0.9864266,0.981036,0.93287164,0.95064,0.96292424,0.93584543,0.98202324,0.9425539,0.97584665,0.99660087,0.95534134,0.8902777,0.8938149,0.9970716,0.4173531,0.9792466,0.6320751,0.9595138,0.98341155,0.9980982,0.8757602,0.99892426,0.9960584,0.986846,0.9843902,0.99067485,0.88000536,0.9905311,0.98464525,0.970177,0.91618323,0.95522475,0.5777089,0.9915314,0.98874277,0.99415016,0.86939746,0.988988,0.99539167,0.9819195,0.99278337,0.9983194,0.9605986,0.99999994,0.968569,0.8921278,0.88289016,0.950068,0.9807327,0.9529147,0.72554445,0.95661134,0.92804843,0.9875961,0.9778745,0.9860039,0.7371321,0.95566446,0.99423784,0.98957455,0.97979033,0.9816101,0.96537375,0.99999994,0.9652229,0.99653995,0.9930798,0.92214555
alitamovie,0.96157247,0.95586187,0.9518331,0.8969127,0.94884664,0.9326953,0.962091,0.9425604,0.95782316,1.0,0.8981945,0.90953094,0.9546924,0.97443265,0.95183533,0.98159575,0.9668927,0.97135574,0.9463949,0.9744241,0.9415571,0.88476086,0.97996914,0.94927126,0.96218383,0.5741227,0.89492214,0.9441368,0.9674411,0.96231246,0.9181242,0.91250277,0.9104072,0.8238293,0.69992137,0.60168135,0.93948793,0.8462752,0.9546587,0.8874888,0.8911264,0.9699128,0.91498667,0.97979087,0.9595632,0.9688053,0.98371685,0.9518047,0.94662523,0.97524464,0.9675015,0.965428,0.9042385,0.9143678,0.8168314,0.9601896,0.9515529,0.97194993,0.9605674,0.9508455,0.9353669,0.94448143,0.95202667,0.95728594,0.91565216,0.84858614,0.91543555,0.9681509,0.94779354,0.6506258,0.9551343,0.32863343,0.7988389,0.96684605,0.86221504,0.88493025,0.6187338,0.9205305,0.9559565,0.9573264,0.8312304,0.9482846,0.9534461,0.9268511,0.94752514,0.893687,0.90356696,0.9637553,0.8647878,0.95820683,0.90002817,0.9551343,0.94874316,0.9098181,0.9688963,0.93774074,0.9411213,0.94373137,0.97366476,0.9449257,0.9387045,0.91799617,0.8913035,0.9472762,0.97695804,0.9624434,0.967112,0.92110187,0.94607794,0.84258205,0.9509576,0.481801,0.941735,0.69183385,0.9389584,0.9393812,0.9585256,0.8737156,0.95343834,0.9580512,0.9221997,0.96718377,0.94251394,0.9103456,0.9404121,0.94741124,0.9441033,0.9591002,0.9750994,0.6209849,0.93652624,0.9395928,0.9636781,0.9045384,0.9463696,0.9528051,0.92268574,0.94319165,0.9585376,0.9769599,0.95782316,0.94436777,0.9066865,0.8312211,0.94711816,0.9681417,0.9432692,0.7483784,0.92107767,0.9412275,0.95671964,0.95195794,0.93974906,0.69061625,0.9515437,0.95899516,0.97788686,0.9648587,0.922125,0.9146287,0.95782316,0.97324777,0.945401,0.9776662,0.9604451
angelhasfallen,0.9564538,0.9284548,0.93361974,0.8657282,0.9596313,0.8845084,0.94168174,0.95087636,0.9549926,0.8981945,1.0,0.7763857,0.9154662,0.9216285,0.946917,0.9356403,0.9710995,0.9602088,0.9522752,0.9514573,0.92402226,0.80521023,0.9348704,0.957767,0.9476583,0.6354385,0.824728,0.8977786,0.9305617,0.92689955,0.9333363,0.8848221,0.82450956,0.76893634,0.5739289,0.46660122,0.92578816,0.81484896,0.92968035,0.8733022,0.932777,0.91584337,0.86149246,0.9386156,0.9375682,0.8804401,0.925845,0.9667785,0.9150117,0.9339206,0.9191011,0.9539919,0.833329,0.87055385,0.7780322,0.97425073,0.89957094,0.9278006,0.94109106,0.9686182,0.9327756,0.9451629,0.9208611,0.91261595,0.9598137,0.9687318,0.93096143,0.9591088,0.9573261,0.8205719,0.9570991,0.28542712,0.78570235,0.9330504,0.7434657,0.9569693,0.537854,0.97168815,0.9430904,0.90206283,0.9539851,0.8969959,0.94564295,0.8948304,0.8086033,0.97481567,0.8899837,0.9500225,0.89451855,0.9499534,0.95142746,0.9570991,0.8196477,0.8725973,0.90597063,0.9360266,0.97155964,0.9831346,0.9365614,0.87993336,0.8805416,0.9565069,0.87823,0.9481088,0.88857853,0.9082848,0.9471352,0.8966333,0.8105377,0.8071902,0.93994296,0.3676106,0.9597764,0.5770579,0.8964524,0.98436564,0.9558849,0.81088823,0.9633842,0.9429368,0.9637171,0.93264097,0.95850104,0.8224531,0.9319911,0.92496645,0.89264035,0.80487204,0.8725733,0.5973123,0.9309882,0.9251789,0.95605433,0.82013685,0.9741253,0.9463704,0.9551798,0.9587984,0.95070684,0.95062315,0.9549926,0.8993048,0.8334853,0.8590672,0.90378857,0.9197224,0.89958715,0.6598101,0.8980919,0.8929672,0.9318901,0.90957963,0.9611634,0.81072664,0.91276884,0.94675213,0.9229046,0.9254194,0.9391693,0.9491156,0.9549926,0.8876621,0.9497593,0.9336785,0.84695685
angrybirdsmovie,0.8755532,0.91157335,0.882598,0.8041063,0.88864905,0.94172275,0.9209292,0.9008493,0.88732415,0.90953094,0.7763857,1.0000001,0.86567825,0.9050886,0.8900274,0.8988941,0.8950681,0.8795583,0.88256145,0.8636992,0.85655504,0.7904417,0.8991374,0.87330914,0.87641793,0.35526592,0.816173,0.92321616,0.8837301,0.90612423,0.84590966,0.783058,0.9682895,0.6404592,0.5609709,0.539155,0.908907,0.6993697,0.91134864,0.7847301,0.8268981,0.90299493,0.86990726,0.9153136,0.8962871,0.95527655,0.91429913,0.8955014,0.9209261,0.8963275,0.8928032,0.9060789,0.85166204,0.8132893,0.71575034,0.82029366,0.8274058,0.9260638,0.9036113,0.87146443,0.87150055,0.831613,0.8453174,0.9132065,0.8508964,0.78845716,0.8617652,0.8906633,0.9073804,0.4283387,0.88124883,0.33776346,0.56385934,0.9227649,0.72432095,0.8351323,0.51538503,0.85939795,0.89342225,0.961101,0.6682211,0.8875044,0.8754937,0.82231325,0.88833207,0.76243174,0.74229175,0.9037061,0.7300149,0.89407265,0.7594182,0.88124883,0.9535867,0.87540203,0.92364496,0.86007947,0.8818897,0.82981163,0.9333164,0.84916526,0.95232886,0.87058616,0.7861963,0.85029554,0.9216257,0.8874225,0.8980632,0.8988131,0.85317904,0.7455569,0.8899254,0.44719324,0.8238178,0.5870798,0.87760174,0.8440999,0.86986625,0.77232724,0.87244767,0.9085449,0.83868325,0.8929742,0.8545058,0.9637102,0.8934472,0.8702866,0.87379307,0.9274122,0.9509252,0.72305864,0.8606137,0.9135177,0.8991253,0.95337546,0.8512924,0.8832251,0.80089295,0.9002975,0.89338243,0.8811352,0.88732415,0.8522621,0.94598943,0.7698287,0.8992163,0.9521843,0.87589866,0.6027687,0.8495925,0.79304147,0.9105232,0.8926658,0.910902,0.61704504,0.83928055,0.88007146,0.92038006,0.8994845,0.86064917,0.8148513,0.88732415,0.93411934,0.87609935,0.9108245,0.92752594
annabellemovie,0.9805094,0.9193321,0.97970176,0.97224975,0.94810474,0.9517353,0.9657721,0.9558916,0.9735788,0.9546924,0.9154662,0.86567825,0.99999994,0.98543966,0.9731431,0.9556457,0.95953673,0.9812552,0.96305794,0.98622894,0.9923348,0.957951,0.98736334,0.9696405,0.95256996,0.71828914,0.9717336,0.9622541,0.9885335,0.9797875,0.9710809,0.9689128,0.9090813,0.90293956,0.73597413,0.5350489,0.9533841,0.95048356,0.9712397,0.9789348,0.9690998,0.9821144,0.8461129,0.9798423,0.98300165,0.9451602,0.9853292,0.9384773,0.9383111,0.98431456,0.9883695,0.9747033,0.96314996,0.9663302,0.9079044,0.9631714,0.97769535,0.9780734,0.9857958,0.9748997,0.9669446,0.990493,0.9983154,0.96878725,0.9456545,0.83554834,0.9812547,0.9742014,0.95336163,0.6135778,0.9784067,0.3004943,0.84608495,0.9726373,0.91119367,0.929135,0.65911376,0.9270776,0.9787944,0.92014074,0.90845597,0.9757116,0.987542,0.96520305,0.9398896,0.95837635,0.96237016,0.98068255,0.9647374,0.97185844,0.9690509,0.9784067,0.9224287,0.98158705,0.98065794,0.98008245,0.9578509,0.9608468,0.96836334,0.9716895,0.9293163,0.9495058,0.9778631,0.9885739,0.9361151,0.98986924,0.98581815,0.93773186,0.932562,0.9538173,0.97539645,0.4163566,0.9635755,0.6733343,0.96177286,0.953733,0.9801341,0.94316334,0.9762821,0.9744175,0.9673907,0.9714478,0.98566365,0.8614114,0.97830915,0.9899233,0.99451274,0.94610804,0.95635325,0.5148021,0.98216367,0.9615487,0.97631663,0.866127,0.9680683,0.98302954,0.97818923,0.9513314,0.98243886,0.9408278,0.9735788,0.984278,0.87198496,0.86947304,0.958639,0.9602339,0.93896186,0.8320346,0.9777277,0.9478092,0.970297,0.9888878,0.9436737,0.67659014,0.992067,0.98943967,0.98003685,0.98851454,0.9767418,0.9475981,0.9735788,0.98009473,0.9753294,0.98673546,0.9383316
annamovie,0.99306875,0.95116603,0.9920758,0.94666123,0.9799052,0.95543325,0.9892557,0.97778696,0.99185586,0.97443265,0.9216285,0.9050886,0.98543966,1.0,0.9923892,0.97885793,0.97834384,0.99066705,0.9859224,0.98873335,0.9845054,0.9077758,0.9968005,0.98661864,0.95657504,0.63252175,0.9427766,0.9806608,0.9911298,0.9971443,0.97812337,0.9439512,0.92767113,0.8383209,0.6653534,0.533073,0.98388016,0.897065,0.98985696,0.94310695,0.9543453,0.9784611,0.8536924,0.9890361,0.9948035,0.95386994,0.9924686,0.9693997,0.96039647,0.99135065,0.9896244,0.99245864,0.95007175,0.92550725,0.8316158,0.97056663,0.953823,0.9927887,0.99211127,0.9853966,0.94849795,0.9772072,0.9789606,0.9877473,0.96682477,0.86154735,0.9744302,0.9890901,0.96797293,0.60825765,0.99007887,0.3083374,0.7773962,0.9928479,0.86070186,0.94677925,0.6101156,0.95693606,0.9828097,0.94450086,0.87322855,0.96662223,0.9873788,0.94820565,0.9285982,0.9387949,0.9178015,0.9919228,0.91794497,0.99200135,0.93354553,0.99007887,0.9287689,0.9679196,0.98401755,0.9891737,0.9635568,0.96911705,0.98221564,0.95651156,0.9548413,0.9471054,0.94606256,0.97851366,0.9507433,0.98600864,0.9955631,0.957373,0.9179892,0.91778684,0.9920975,0.42183158,0.96612537,0.6493087,0.9618839,0.9620867,0.99148303,0.9040446,0.9887987,0.9927889,0.9731544,0.982289,0.9833067,0.8913935,0.9893372,0.98555905,0.98565537,0.94774306,0.97101223,0.54536885,0.9888918,0.9846455,0.9900493,0.8829154,0.97523355,0.99258065,0.9732119,0.9780166,0.9934189,0.95742613,0.99185586,0.9769755,0.896638,0.88108927,0.9620661,0.9810793,0.9478477,0.7573926,0.9674893,0.9351471,0.9879822,0.9852963,0.9676824,0.68171877,0.9689483,0.9921875,0.9944591,0.9840415,0.97478807,0.94659734,0.99185586,0.9838174,0.9901782,0.99770296,0.93980676
apollo11movie,0.9967403,0.957875,0.994964,0.9373035,0.9939194,0.9506013,0.9951266,0.9918065,0.99885243,0.95183533,0.946917,0.8900274,0.9731431,0.9923892,0.99999994,0.97513276,0.984469,0.99082285,0.99711686,0.98226696,0.9810777,0.8746886,0.9886439,0.99563706,0.9566695,0.61787874,0.9201289,0.97890097,0.98524296,0.9958028,0.98964924,0.92811817,0.9180996,0.8027826,0.62104404,0.5157423,0.99435186,0.8764539,0.99305123,0.93237793,0.96697253,0.9658494,0.8417099,0.98239124,0.99611896,0.9387199,0.9815739,0.98407346,0.9640137,0.98435193,0.98099804,0.99688613,0.9294247,0.9045767,0.8037086,0.97226566,0.9335527,0.99016213,0.99295723,0.9947662,0.9449497,0.9763037,0.96670413,0.9860375,0.98740184,0.89559764,0.97863865,0.9934699,0.97963387,0.63551956,0.9967415,0.32506132,0.75172645,0.9940098,0.8202745,0.97229373,0.59282047,0.98028004,0.9848748,0.940119,0.89219826,0.95733196,0.9878905,0.94206303,0.89446616,0.9540854,0.9004319,0.9930233,0.91267586,0.9991118,0.9345952,0.9967415,0.9038705,0.9620892,0.9736025,0.9946211,0.97726995,0.9806341,0.9796924,0.93370867,0.95512176,0.96224326,0.93632215,0.9781085,0.9360082,0.9747736,0.9952214,0.963806,0.88097936,0.9020085,0.9987495,0.4149924,0.97316164,0.62874925,0.9599342,0.97743714,0.9959628,0.88160443,0.9969958,0.9979528,0.9888603,0.97939485,0.9901906,0.882013,0.99505067,0.98263615,0.97318923,0.91216254,0.9513574,0.5587837,0.9939503,0.9919829,0.9934954,0.86953276,0.9862556,0.9947134,0.9817171,0.992179,0.9974238,0.9535733,0.99885243,0.9659509,0.8942166,0.8946527,0.95370626,0.9800127,0.94782645,0.72110426,0.96351343,0.9173162,0.9912547,0.97871923,0.9839924,0.7205353,0.95283455,0.9919829,0.9875315,0.9763444,0.9848522,0.9605474,0.99885243,0.9664704,0.99820393,0.9921365,0.9151026
arcticdogsmovie,0.98204696,0.97375035,0.977237,0.8905971,0.9756262,0.9270272,0.9794013,0.9673298,0.98192763,0.98159575,0.9356403,0.8988941,0.9556457,0.97885793,0.97513276,0.9999999,0.98439854,0.97841394,0.9702173,0.98407495,0.9452489,0.87036884,0.9826454,0.9811164,0.9805834,0.601564,0.87153167,0.9411121,0.9851505,0.97560793,0.9508736,0.92311895,0.88890755,0.81802464,0.68385184,0.60496217,0.9654261,0.8475438,0.9633327,0.89181846,0.91179067,0.97726697,0.9141681,0.9871696,0.97917974,0.9569903,0.9830061,0.98084736,0.94391805,0.9890033,0.98247683,0.9824469,0.87711173,0.9203227,0.79057455,0.96645284,0.9523296,0.98581594,0.97297543,0.97582966,0.93135655,0.9616983,0.9550017,0.9557642,0.94266814,0.8820772,0.92901826,0.990201,0.97769433,0.69126356,0.9801095,0.41116175,0.783928,0.9775377,0.82130104,0.9363316,0.6608858,0.95078593,0.9618459,0.9559021,0.8512895,0.9430177,0.95907336,0.92773587,0.93581283,0.92318076,0.9086573,0.97539157,0.88311535,0.98243874,0.9125832,0.9801095,0.9419425,0.92596054,0.9812516,0.9569035,0.96833825,0.97438824,0.9745525,0.9082397,0.934638,0.9377623,0.9069102,0.9701391,0.9705367,0.9742383,0.9807326,0.92227757,0.93264437,0.8396536,0.9739289,0.5158309,0.97943085,0.69627106,0.9622934,0.9720722,0.98223996,0.8411833,0.97825086,0.97512525,0.9476815,0.993058,0.96738243,0.8839754,0.9578821,0.97154653,0.9407794,0.9395708,0.96364534,0.6571067,0.962246,0.9550021,0.973884,0.87033254,0.9760782,0.9696782,0.9497493,0.96762437,0.9778335,0.96910524,0.98192763,0.9637026,0.8921545,0.8162163,0.92388135,0.9778388,0.9742274,0.7435024,0.9157564,0.95559573,0.9643051,0.9653826,0.9704971,0.77043384,0.9424664,0.9772755,0.9899333,0.9760818,0.9519353,0.9640378,0.98192763,0.9589461,0.9656633,0.98508877,0.9539217
arcticmovie,0.9891789,0.9755091,0.9762692,0.899308,0.9898465,0.9488267,0.98798436,0.9837473,0.98996985,0.9668927,0.9710995,0.8950681,0.95953673,0.97834384,0.984469,0.98439854,1.0000001,0.9910351,0.9841676,0.9844677,0.95846534,0.8596736,0.9853058,0.986857,0.9778289,0.59895146,0.88110346,0.9597034,0.9771521,0.98002094,0.95857185,0.9178738,0.9132485,0.7922687,0.6218862,0.51748097,0.9747,0.8395342,0.9784173,0.9020981,0.9441893,0.9720341,0.9101808,0.9900215,0.9833124,0.9555655,0.98234886,0.993854,0.96226573,0.98381764,0.9716847,0.99378777,0.8951434,0.90786713,0.80154914,0.9825002,0.9393246,0.98470706,0.9838464,0.99196553,0.95924246,0.9665786,0.9574255,0.9674643,0.97279966,0.9421743,0.9604345,0.9931596,0.9900298,0.7174858,0.98940516,0.30505902,0.7690433,0.98506737,0.7975177,0.96292204,0.5715431,0.98268574,0.97825515,0.9691505,0.89964813,0.94636947,0.9774619,0.9236001,0.898183,0.952347,0.9017156,0.99019194,0.896671,0.9879672,0.9396234,0.98940516,0.91894144,0.92981946,0.97062236,0.96779525,0.98853207,0.9870782,0.9869518,0.9290687,0.9493554,0.9688048,0.90946966,0.9741414,0.9566505,0.9622464,0.9894168,0.94115466,0.8927603,0.84852487,0.9795059,0.41175565,0.97297704,0.62157524,0.9445754,0.98956513,0.98708075,0.8516452,0.99022526,0.9855002,0.9730967,0.97905225,0.9780819,0.90680784,0.97203696,0.96746683,0.9473632,0.91206914,0.959861,0.6485683,0.96601427,0.97527915,0.9922707,0.90043133,0.98653287,0.98402375,0.9620188,0.9904842,0.98849964,0.981442,0.98996985,0.94916457,0.9075583,0.86726755,0.9511951,0.9822771,0.94623137,0.69957143,0.9340906,0.92785966,0.97697955,0.96240467,0.991337,0.7642169,0.9497674,0.9842832,0.9818274,0.97550976,0.96358997,0.95719904,0.98996985,0.9608903,0.9811131,0.9853355,0.93306714
artofracingmovie,0.9950867,0.963401,0.9844169,0.9459703,0.98628455,0.954312,0.989702,0.98558664,0.99305886,0.97135574,0.9602088,0.8795583,0.9812552,0.99066705,0.99082285,0.97841394,0.9910351,1.0,0.98986316,0.9917802,0.9853817,0.8916381,0.99440706,0.9867736,0.971208,0.6377825,0.929313,0.9755784,0.9851164,0.9888013,0.9758988,0.93465686,0.91886985,0.82889557,0.6600671,0.5379806,0.9777361,0.88779026,0.989436,0.9372979,0.9666095,0.97386205,0.87621474,0.9891501,0.9905985,0.9543003,0.99016,0.9818836,0.97140944,0.98665035,0.9802192,0.9949658,0.93471867,0.92270267,0.844006,0.99063426,0.9533899,0.9874753,0.9938606,0.994368,0.96809196,0.98462844,0.9789671,0.98469,0.98046565,0.9088726,0.97487545,0.9937065,0.97988904,0.6841441,0.99312663,0.2979017,0.8083591,0.9913338,0.8578487,0.9518151,0.59698683,0.976121,0.9925468,0.9506033,0.9201629,0.9694031,0.99434024,0.9577702,0.90837806,0.96562356,0.92570126,0.9944611,0.92310697,0.9919069,0.95730376,0.99312663,0.91140217,0.95046824,0.9731334,0.98614395,0.98388463,0.98572546,0.98866606,0.96191794,0.9554456,0.9722919,0.93598413,0.9822229,0.9543434,0.97470903,0.9952985,0.9612615,0.90217954,0.8981784,0.98975664,0.41769835,0.97351825,0.6530739,0.9565312,0.98359865,0.9931269,0.90816766,0.99449146,0.9916402,0.98670805,0.9764971,0.9902972,0.8949951,0.98559064,0.9779097,0.97518873,0.92052436,0.9590044,0.57357186,0.9828176,0.98094624,0.9965678,0.89186954,0.98769253,0.99085253,0.98114884,0.98578584,0.9945115,0.9806578,0.99305886,0.96177816,0.9064815,0.9048038,0.97192645,0.9789424,0.9477663,0.747205,0.9694113,0.9323699,0.98934346,0.9757832,0.9782534,0.72994304,0.97391987,0.9917212,0.9856311,0.981742,0.97621006,0.9558565,0.99305886,0.9750532,0.99170315,0.99403507,0.92809176
avengers,0.99338686,0.9605736,0.9856015,0.9314974,0.9959073,0.9408334,0.9927284,0.9918681,0.9966251,0.9463949,0.9522752,0.88256145,0.96305794,0.9859224,0.99711686,0.9702173,0.9841676,0.98986316,0.99999994,0.9754697,0.97607464,0.8485215,0.98221767,0.9914919,0.94847226,0.6124702,0.90794307,0.98060626,0.97543764,0.992657,0.9878523,0.90538436,0.9150379,0.7745275,0.5861851,0.498675,0.9955456,0.8555392,0.993207,0.91385704,0.96344763,0.9524662,0.8353501,0.9749564,0.9921217,0.93197906,0.973395,0.98804593,0.9697293,0.9749574,0.9680905,0.99376726,0.9223373,0.8842983,0.7865396,0.9724847,0.91539115,0.9831597,0.9908836,0.99425346,0.9380123,0.96903473,0.9571035,0.9838252,0.99332637,0.90863544,0.97290546,0.98879844,0.98014414,0.6528689,0.99361265,0.30425745,0.7356207,0.9935135,0.8092573,0.96638185,0.5593964,0.98605657,0.98537076,0.9383586,0.8946934,0.9475559,0.9842713,0.9354074,0.87121964,0.9512032,0.88186836,0.992039,0.8950325,0.997038,0.9279942,0.99361265,0.88706005,0.945809,0.9610553,0.99008304,0.97824365,0.980777,0.9783381,0.9317577,0.9571073,0.96371275,0.91618603,0.9674634,0.9289989,0.9593522,0.98985565,0.9667489,0.8591977,0.8837888,0.9966314,0.39237544,0.96425325,0.6070925,0.9446815,0.9759689,0.9913314,0.87749547,0.9952879,0.9943081,0.98929834,0.969757,0.9855992,0.87885284,0.9904174,0.9719143,0.9656011,0.8952969,0.94323105,0.55824393,0.9884503,0.9913781,0.9909664,0.8708884,0.9800544,0.99136895,0.977077,0.99541473,0.994893,0.95820665,0.9966251,0.9488994,0.89916617,0.9088501,0.9554596,0.9759202,0.9403723,0.6898544,0.9599872,0.8976719,0.98964584,0.9640404,0.9833723,0.7398023,0.942625,0.9854104,0.98064464,0.9655326,0.9745115,0.9490586,0.9966251,0.95622855,0.9975915,0.986229,0.89795244
beachbummovie,0.9926368,0.9446183,0.9849952,0.9355314,0.9719482,0.9341047,0.9760817,0.9652123,0.98711383,0.9744241,0.9514573,0.8636992,0.98622894,0.98873335,0.98226696,0.98407495,0.9844677,0.9917802,0.9754697,1.0,0.9771538,0.92046773,0.99301666,0.98747545,0.9720607,0.69244623,0.92523277,0.951285,0.9932558,0.98372036,0.96942693,0.9621549,0.88748485,0.87871677,0.6965524,0.536612,0.9623763,0.9100743,0.9704756,0.94559354,0.9481729,0.9831868,0.8802427,0.98954254,0.9867141,0.9437492,0.98836535,0.9692722,0.9402139,0.99364513,0.9899725,0.98664963,0.9275442,0.9514781,0.85315925,0.98683494,0.9750151,0.9830089,0.98410577,0.98723704,0.95584816,0.9866206,0.9868448,0.9642665,0.9562028,0.8838907,0.9671224,0.9907981,0.9684932,0.70306766,0.9882243,0.3194536,0.8327207,0.9779259,0.86336696,0.9504902,0.637641,0.952001,0.97509587,0.9351705,0.9103139,0.9570805,0.98215616,0.94736296,0.929369,0.96394867,0.95273525,0.9876404,0.942802,0.98451227,0.964225,0.9882243,0.91836137,0.9522708,0.9801359,0.97889733,0.97000176,0.98739314,0.97429246,0.9499221,0.9230163,0.9482108,0.9532077,0.9901939,0.9481047,0.9860953,0.99152577,0.92943794,0.9286616,0.90527666,0.9803142,0.42964596,0.9857468,0.65881354,0.9575895,0.97684824,0.99211466,0.8933368,0.9884868,0.98092073,0.97015107,0.9885906,0.98755664,0.8621449,0.9743587,0.9868152,0.97255003,0.9334287,0.955716,0.55962735,0.9801001,0.96157295,0.98449063,0.8594318,0.98596615,0.98804414,0.9808544,0.9684497,0.98821896,0.9659753,0.98711383,0.9812346,0.86572444,0.853215,0.9462461,0.9664497,0.9512463,0.7814793,0.95210403,0.9652612,0.970894,0.9787177,0.9633098,0.7333618,0.97689754,0.99254507,0.988684,0.9852676,0.970856,0.96489847,0.98711383,0.96789336,0.9809795,0.9913583,0.93836194
bernadettefilm,0.98193955,0.9225281,0.9797148,0.98482674,0.95999354,0.9542798,0.9735233,0.97051656,0.9779527,0.9415571,0.92402226,0.85655504,0.9923348,0.9845054,0.9810777,0.9452489,0.95846534,0.9853817,0.97607464,0.9771538,1.0,0.9270938,0.9828979,0.97054064,0.94181335,0.68279165,0.97406054,0.9768925,0.9781427,0.9818215,0.98350257,0.94407433,0.91813946,0.86154217,0.6921381,0.5304971,0.965756,0.9362684,0.98351765,0.9732657,0.9856241,0.96267676,0.81414753,0.96969384,0.9832723,0.9352027,0.97824645,0.9455,0.95778257,0.9721574,0.97597545,0.97794265,0.9688426,0.9347025,0.8899101,0.96684194,0.9521223,0.97475827,0.9894958,0.97917265,0.96489733,0.98802984,0.9880942,0.98334247,0.9697083,0.84947586,0.9863907,0.9739508,0.95386505,0.60463727,0.98055273,0.29196113,0.822655,0.97924775,0.90159804,0.93537956,0.6246501,0.9466634,0.98926306,0.91238177,0.924011,0.97899973,0.9953533,0.97421414,0.9059152,0.9655739,0.9381515,0.9822035,0.95053387,0.97778136,0.9635758,0.98055273,0.8935813,0.97614044,0.9650797,0.9911839,0.96273005,0.96167964,0.97055334,0.9736415,0.9450758,0.96289426,0.9638598,0.9789855,0.92422557,0.9766165,0.9848565,0.96496624,0.8931832,0.9531678,0.98446834,0.40543374,0.9554666,0.66246927,0.9576498,0.95644337,0.9809116,0.953351,0.98076403,0.98220485,0.9851253,0.9575639,0.98968536,0.86535686,0.9891177,0.9801271,0.9941096,0.9159629,0.94052744,0.48566383,0.9886067,0.97383326,0.9818538,0.86706203,0.97054124,0.9837913,0.98529005,0.9627506,0.98521197,0.943179,0.9779527,0.96598446,0.88610506,0.9196309,0.97252566,0.9598108,0.93072724,0.7967486,0.9939351,0.91558933,0.9840258,0.9817318,0.9499209,0.6752195,0.9826691,0.98538905,0.9723429,0.9763518,0.98348016,0.9420116,0.9779527,0.97462845,0.98627794,0.9844882,0.90846515
