movie,21bridgesmovie,47metersdown,abeautifuldaymovie,abominablemovie,adastramovie,adogsjourneymovie,aftermathmovie,aftermovie,ahiddenlifefilm,alitamovie,angelhasfallen,angrybirdsmovie,annabellemovie,annamovie,apollo11movie,arcticdogsmovie,arcticmovie,artofracingmovie,avengers,beachbummovie,bernadettefilm,blackandbluemovie,blackchristmas,blindedbythelightmovie,bombshellmovie,booksmart,breakthroughmovie,brianbanksmovie,brightburnmovie,brittanyrunsmov,captainmarvelofficial,captivestatemovie,catsmovie,charliesangels,childsplaymovie,clarathefilm,coldpursuitmovie,countdown,currentwarmovie,darkwatersmovie,detectivepikachumovie,disneyaladdin,disneyfrozen,disneymaleficent,doctorsleepmovie,dolemiteismyname,dontletgomovie,doramovie,downtonabbey_official,dumbo,escaperoom,everybodyknowsmovie,fastandfuriousmovie,fightingwmyfam,fivefeetapartfilm,fordvferrari,freaksthefilm,geminimanmovie,glassmovie,gloriabellmovie,godzillamovie,goldfinchmovie,goodboysmovie,goodliarmovie,gretafilm,halathemovie,happydeathdaymovie,harrietfilm,hellboymovie,hersmellmovie,highlifemovie,highstrungmovie,honeyboymovie,hotelmumbaifilm,httydragon,hustlemovie,hustlersmovie,isntitromantic,itmovieofficial,jayandsilentbob,johnwickmovie,jojorabbitmovie,jokermovie,judythefilm,jumanjimovie,justmercyfilm,knivesout,lalloronamovie,lastblackmansf,lastchristmasthemovie,latenightmovie,lighthousemovie,lionking,littlethemovie,littlewomenmovie,littlewoodsfilm,longshotmovie,lordsofchaosmovie,lucyintheskyfilm,mamovie2019,marriagestory,meettheaddams,meninblack,midsommarmovie,midwaymovie,missbalamovie,missinglinkfilm,motherlessbklyn,onceinhollywood,onthebasisofsex,overcomermovie,peanutbutterfalcon,petsematarymovie,piercingmovie,playingwithfire,playmobilthemovie,pomsmovie,queenandslim,rambomovie,readyornotfilm,richardjewellfilm,rocketmanmovie,scarystoriesmovie,secretlifeofpets,serenityfilm,shaftmovie,shazammovie,spidermanmovie,spiesindisguise,starwars,stormboymovie,stubermovie,taosdfilm,teenspiritmov,terminator,theaeronautsmov,thebestofenemies,thedeaddontdie,thefarewell,thehighwaymen,thehummingbirdprojectfilm,theintrudermovie,theirishmanfilm,thekitchenmovie,thelegomovie,themustangfilm,thenightingalefilm,theprodigymovie,thesunisalsoastar,theupsidefilm,tolkienmovie,toystory,triplefrontier,uglydolls,uncutgems,underthesilverlake,usmovie,wavesmovie,whatmenwant,wonderparkmovie,wrinklestheclown,xmenmovies,yardiefilm,yesterdaymovie,zombieland
21bridgesmovie,0.9999999,0.947448,0.9864365,0.8768002,0.9890462,0.86929226,0.9875129,0.9850536,0.9906375,0.9638663,0.9437598,0.90235305,0.9636584,0.9771444,0.97814876,0.96952236,0.9796841,0.9756723,0.97958714,0.97331935,0.97007906,0.8864573,0.9769639,0.9865063,0.93744665,0.62963593,0.89449954,0.9482122,0.98536813,0.9258816,0.9694562,0.9507322,0.93795335,0.80158114,0.7065718,0.6872199,0.9841591,0.9652456,0.95908046,0.89837843,0.94680655,0.9499562,0.8546036,0.97652847,0.9853972,0.9051509,0.9609069,0.96558726,0.8643237,0.9796817,0.98393154,0.98606676,0.867904,0.94790685,0.83723986,0.9856759,0.935086,0.9450584,0.9666841,0.96875584,0.9778033,0.9553497,0.9422163,0.94667166,0.96709514,0.8741941,0.95921904,0.96498024,0.9682792,0.83114564,0.98230195,0.9384233,0.889521,0.97154176,0.8034485,0.95623565,0.63932616,0.97966826,0.9755358,0.90207136,0.8842754,0.95516366,0.9932471,0.9713532,0.9058986,0.97354144,0.89863825,0.98106545,0.8793161,0.98185194,0.92072403,0.98230195,0.8660867,0.9433867,0.9572356,0.9698552,0.95446855,0.99357945,0.9852798,0.88126147,0.8784982,0.94600296,0.9184139,0.96794075,0.85296136,0.9835372,0.98599404,0.90572405,0.9227361,0.94077283,0.98702264,0.95142585,0.95314896,0.6803413,0.9228109,0.9774432,0.9926724,0.92307353,0.988585,0.9627564,0.9895848,0.96696687,0.9837113,0.8763843,0.9683248,0.9689322,0.9196196,0.949809,0.949571,0.69963,0.9868257,0.9675095,0.98606247,0.749717,0.94116503,0.9589971,0.9812205,0.9712114,0.97420055,0.9235722,0.9906375,0.94840527,0.84701556,0.86617655,0.9475759,0.96873254,0.8842357,0.77911043,0.9209382,0.9463207,0.97935265,0.94577175,0.96351814,0.83349514,0.88568544,0.94580394,0.9848591,0.9543598,0.97855556,0.9085352,0.9906375,0.94395274,0.9885538,0.97890604,0.8767188
47metersdown,0.947448,1.0000001,0.9231475,0.9080254,0.9194095,0.93198013,0.907638,0.93304694,0.91990423,0.9453278,0.94976497,0.92477995,0.94452447,0.9577735,0.8824914,0.93622303,0.9355847,0.9260314,0.95046294,0.87090075,0.95599204,0.9526364,0.9672075,0.9191937,0.9117782,0.665034,0.9391038,0.9664158,0.9313031,0.88468343,0.91572696,0.94742733,0.9770873,0.80656034,0.81413054,0.7421478,0.92898566,0.96793747,0.97285914,0.8530592,0.9526995,0.9535571,0.8605174,0.9534741,0.9576817,0.9342254,0.9702846,0.9223508,0.89517,0.9509237,0.95124847,0.9458538,0.9107962,0.9643634,0.9006694,0.9499466,0.92684746,0.93353724,0.95867103,0.9207966,0.9448656,0.95262873,0.92867494,0.9718445,0.95623446,0.91087675,0.8821055,0.935715,0.9423839,0.8701419,0.9209599,0.872345,0.94139,0.9090496,0.8409969,0.94789773,0.70079756,0.9503822,0.9537536,0.9440006,0.9430715,0.95496744,0.94392717,0.93584085,0.92522717,0.89806867,0.9497268,0.92380005,0.95080364,0.9132842,0.9464656,0.9209599,0.9053124,0.91956496,0.9581339,0.9179581,0.94066435,0.9330269,0.92536014,0.95418936,0.9124264,0.9623604,0.9515103,0.9305406,0.91977364,0.96262854,0.9147022,0.9543261,0.87612194,0.9387487,0.91649467,0.8890809,0.9572034,0.6971535,0.9264006,0.97069263,0.92118245,0.9580987,0.92221636,0.8653873,0.94928724,0.9642941,0.9380643,0.935862,0.92916083,0.9507229,0.9420229,0.9710149,0.95066905,0.80495626,0.93853635,0.9316474,0.93244547,0.69738555,0.91729325,0.9013825,0.92867285,0.954692,0.9169102,0.88459504,0.91990423,0.95835185,0.9002203,0.9349505,0.9648937,0.96133965,0.898294,0.8652595,0.9746388,0.8883829,0.947143,0.973029,0.9165801,0.6827139,0.89793897,0.9142502,0.9372788,0.96194625,0.9654686,0.93544805,0.91990423,0.97629756,0.9230437,0.94510317,0.95326096
abeautifuldaymovie,0.9864365,0.9231475,1.0000001,0.86402404,0.9904643,0.83586836,0.9874209,0.9909718,0.99361145,0.9770085,0.935513,0.9167505,0.9659361,0.962707,0.9774672,0.9834006,0.98317975,0.9853333,0.960124,0.96975034,0.9629157,0.8753582,0.9679456,0.9929565,0.9355321,0.5792407,0.8945692,0.94504243,0.9866078,0.9595749,0.97782147,0.9396931,0.92937875,0.81807417,0.64626974,0.6556278,0.9857191,0.9577711,0.94457924,0.9154292,0.92404187,0.9396935,0.7979726,0.97026783,0.97860324,0.8916643,0.9449915,0.9674056,0.8438778,0.9677628,0.9774661,0.9803151,0.8728201,0.91807264,0.8138762,0.98557526,0.9565694,0.9480192,0.9559203,0.9723262,0.96326244,0.9341095,0.9438165,0.9312075,0.9500164,0.8615717,0.9326658,0.9502886,0.975249,0.8157272,0.98584014,0.9344338,0.86258787,0.9816158,0.7883474,0.9623581,0.6336081,0.9649886,0.9610216,0.87838167,0.8601607,0.93605465,0.99342036,0.9790032,0.8863832,0.970474,0.8642938,0.98860717,0.8589721,0.99502784,0.9360367,0.98584014,0.8304276,0.9189043,0.9545269,0.971277,0.9532985,0.9826883,0.97594917,0.86671287,0.8707146,0.9314536,0.92479783,0.9752437,0.8288289,0.9722193,0.99451995,0.8994221,0.95584816,0.95978665,0.99013627,0.9362449,0.9510875,0.6528499,0.9130196,0.9715865,0.9912907,0.899223,0.9923473,0.97433394,0.9757927,0.9517617,0.9798671,0.8728006,0.9857239,0.9721286,0.9198745,0.92348516,0.95502853,0.64185745,0.9829271,0.9741524,0.99208206,0.80740494,0.9556042,0.9842911,0.9856595,0.97032046,0.9769082,0.9237436,0.99361145,0.9320364,0.8380168,0.824073,0.925331,0.9569388,0.8691202,0.7356884,0.90363455,0.9380674,0.98195523,0.93785495,0.9574396,0.843269,0.8753248,0.9497863,0.9883601,0.9496066,0.97389483,0.9169728,0.99361145,0.9306461,0.99044484,0.9835076,0.84546626
abominablemovie,0.8768002,0.9080254,0.86402404,0.9999998,0.84351486,0.9466006,0.8432306,0.8725153,0.8570142,0.91604894,0.95696557,0.8306134,0.9285441,0.93221897,0.8241186,0.87899756,0.90087044,0.87496305,0.9109264,0.8558827,0.94245225,0.8907067,0.933928,0.8563397,0.8611869,0.63296115,0.9030154,0.946,0.8293784,0.8818996,0.9056636,0.9334314,0.9013883,0.69512075,0.83433336,0.8778865,0.8663761,0.92927736,0.95050573,0.8517539,0.90234166,0.94745237,0.83921254,0.91423094,0.9034395,0.9713317,0.9549922,0.9257753,0.9407196,0.9177909,0.8474552,0.93006444,0.90328395,0.85596526,0.9172437,0.86292565,0.90851194,0.9572066,0.9376149,0.89065915,0.86048585,0.8817707,0.92905384,0.956039,0.93782246,0.98117316,0.83618075,0.9549492,0.8979499,0.9487057,0.875456,0.7976674,0.95610404,0.87202287,0.95934457,0.84548306,0.5768361,0.9398271,0.9102405,0.92956233,0.93733543,0.951771,0.89195365,0.8974032,0.81231433,0.81411165,0.94798183,0.89980435,0.9323893,0.8413113,0.9150095,0.875456,0.9224864,0.85997844,0.874809,0.9370328,0.89094037,0.8930776,0.8682729,0.9641951,0.9765192,0.8978219,0.92507756,0.9017366,0.9289866,0.8565626,0.8574615,0.9493241,0.84319746,0.91950643,0.8454993,0.8031268,0.9539393,0.85981756,0.9536265,0.90965825,0.83903,0.92592955,0.86087084,0.7999247,0.8611866,0.9414409,0.8944866,0.9643062,0.8889508,0.93078464,0.95550835,0.897819,0.95602775,0.75840175,0.9097768,0.85866743,0.89416575,0.6718417,0.9386485,0.8810953,0.888815,0.9334405,0.8738978,0.9326555,0.8570142,0.8743871,0.9556864,0.9364644,0.84111416,0.9555308,0.9696998,0.91625035,0.94318134,0.7962405,0.91342187,0.9555491,0.89753795,0.59222716,0.9912495,0.88729364,0.87564874,0.92684,0.91438216,0.92977524,0.8570142,0.92254823,0.8571076,0.922834,0.8621543
adastramovie,0.9890462,0.9194095,0.9904643,0.84351486,0.99999994,0.8296024,0.99578637,0.98908985,0.9958279,0.9629282,0.9190418,0.8944862,0.95634055,0.9537023,0.98522866,0.9776063,0.97899884,0.98054063,0.9559246,0.9698705,0.95397747,0.863181,0.9604535,0.9866813,0.9397514,0.54900414,0.8802539,0.92387474,0.98917484,0.94402283,0.96957874,0.93918645,0.9285727,0.7909979,0.63221693,0.62928545,0.9878169,0.9548414,0.9373924,0.9213154,0.9105391,0.92510915,0.7939593,0.95664865,0.9793096,0.86816704,0.9348496,0.95716655,0.8250696,0.9624427,0.9786694,0.97428256,0.83528453,0.9210402,0.7862368,0.9823979,0.93422717,0.9319405,0.94819266,0.970531,0.9679826,0.9385523,0.9355981,0.91342646,0.93707144,0.840195,0.95316947,0.9476522,0.9671633,0.7904331,0.9864597,0.94290835,0.84212714,0.9763853,0.76402307,0.94473255,0.60434175,0.9593515,0.9622963,0.8606165,0.865859,0.94296634,0.9867827,0.96951926,0.88157755,0.9830733,0.86125904,0.9841744,0.8392152,0.99195516,0.90470546,0.9864597,0.8188011,0.91538066,0.9459559,0.9624824,0.9535815,0.9809845,0.9768618,0.8454759,0.8463563,0.93419063,0.9021868,0.97141844,0.80932534,0.9749029,0.9927419,0.8743047,0.944743,0.9378121,0.99399,0.95257485,0.93202335,0.6238306,0.89273214,0.9621713,0.9960361,0.897035,0.99580663,0.98506874,0.9744293,0.9460611,0.97744805,0.85234,0.9735136,0.9558328,0.8966274,0.9233613,0.9414049,0.6283917,0.9780501,0.9607037,0.9835769,0.78990334,0.934893,0.97173256,0.9830039,0.9547522,0.979794,0.9109384,0.9958279,0.93783474,0.810574,0.81427866,0.9208271,0.9463208,0.8414646,0.71726817,0.8807142,0.9535283,0.97716284,0.914392,0.95826995,0.84144545,0.8485433,0.94888586,0.9892968,0.9403281,0.9610762,0.88857454,0.9958279,0.9220939,0.99472845,0.9731704,0.8380597
adogsjourneymovie,0.86929226,0.93198013,0.83586836,0.9466006,0.8296024,1.0,0.81640977,0.85547954,0.83266973,0.8789477,0.92437387,0.81397754,0.90675366,0.89970714,0.783792,0.8471455,0.8571259,0.84039855,0.90623266,0.81595767,0.91149116,0.8819094,0.935359,0.8293163,0.8312512,0.6759413,0.87563056,0.90723693,0.83300304,0.8318702,0.87232137,0.9056656,0.9130429,0.6823542,0.8743883,0.84661466,0.83562875,0.9188473,0.93309367,0.7497632,0.93624777,0.9160719,0.89560616,0.8979218,0.8821134,0.9658761,0.95493597,0.87375855,0.94410974,0.90352225,0.8507573,0.89796954,0.902946,0.8891941,0.95585406,0.870559,0.8843613,0.9005081,0.9170458,0.83428556,0.891057,0.8818225,0.87056494,0.9336485,0.91324914,0.91539615,0.8392142,0.9118299,0.8734406,0.9223674,0.8291048,0.8017489,0.96744007,0.81298304,0.926246,0.8385522,0.5953898,0.92092466,0.90855795,0.93434465,0.9145973,0.9276048,0.8691761,0.8559241,0.8324742,0.82465386,0.95821524,0.864613,0.8984726,0.81659603,0.8951431,0.8291048,0.9398581,0.8768582,0.86795783,0.8833495,0.86975884,0.8777856,0.84156424,0.96839267,0.9472696,0.90818626,0.929099,0.8404393,0.9125589,0.8690081,0.83384365,0.94556296,0.7751593,0.8699466,0.82220817,0.80722535,0.91518897,0.8197784,0.9421769,0.89362264,0.8250001,0.9329205,0.83219177,0.7528773,0.8811667,0.93058336,0.8850702,0.9504566,0.8499959,0.88565177,0.9512663,0.93203944,0.91598696,0.83475906,0.88839847,0.8418364,0.8693837,0.5624446,0.8767598,0.850973,0.8491454,0.8941712,0.82948595,0.88968706,0.83266973,0.8851951,0.96526235,0.9642554,0.87449634,0.9381069,0.9262211,0.92873085,0.9498077,0.78671515,0.8832305,0.94228166,0.87018615,0.57404363,0.9299591,0.8250926,0.8614757,0.89957196,0.89833266,0.87662536,0.83266973,0.9417686,0.8285531,0.8995489,0.9149349
aftermathmovie,0.9875129,0.907638,0.9874209,0.8432306,0.99578637,0.81640977,0.9999999,0.98691887,0.9972615,0.9580339,0.9108308,0.88206804,0.9490964,0.9564739,0.9921966,0.97583544,0.9770726,0.97718346,0.9575703,0.9767222,0.9515533,0.86110926,0.95631117,0.98906624,0.9380555,0.5522874,0.86700094,0.91915476,0.9848791,0.9430305,0.9683307,0.93788254,0.91463584,0.77856684,0.6259765,0.6321218,0.98958474,0.9485721,0.93226486,0.92091715,0.90314263,0.92826796,0.7995961,0.95945215,0.97892696,0.86760277,0.9315408,0.9646033,0.8238944,0.9660644,0.9777373,0.97583103,0.83192927,0.9185792,0.7815486,0.9778286,0.9316303,0.9305081,0.9449814,0.9722797,0.9613299,0.9379101,0.9379653,0.9118372,0.93980765,0.83859426,0.9610367,0.95020473,0.96180284,0.788959,0.98855853,0.9450161,0.83812547,0.97850794,0.76086044,0.9352114,0.59216696,0.95628655,0.9629547,0.8642828,0.8514669,0.93856406,0.9850334,0.971575,0.864348,0.9829992,0.84564865,0.9848636,0.83604807,0.99147606,0.89810276,0.98855853,0.828295,0.9237948,0.9421636,0.96592164,0.95471853,0.98480415,0.98262566,0.83740914,0.8432578,0.9312769,0.8842386,0.9703823,0.7965574,0.972064,0.99447924,0.86729753,0.9475986,0.9305632,0.9942575,0.95747817,0.9269645,0.630444,0.8890786,0.9526702,0.9946188,0.88998866,0.9950892,0.9892898,0.97109544,0.9395563,0.97956187,0.83469695,0.9715316,0.9525259,0.89127517,0.9172268,0.9335358,0.6282645,0.9786555,0.9473073,0.98338795,0.79240525,0.93294096,0.96936184,0.9791745,0.95256084,0.9822173,0.9105061,0.9972615,0.93659276,0.80516326,0.8085608,0.909004,0.9435504,0.8486593,0.7101573,0.86888355,0.9433883,0.9779496,0.90886813,0.95882505,0.8430245,0.8517715,0.9509268,0.9874264,0.933226,0.95537317,0.8765409,0.9972615,0.90776235,0.99625504,0.9716848,0.8256846
aftermovie,0.9850536,0.93304694,0.9909718,0.8725153,0.98908985,0.85547954,0.98691887,1.0,0.9935988,0.9696309,0.9301903,0.91200066,0.9644923,0.96711195,0.9764567,0.9898365,0.9847148,0.98564285,0.9617941,0.9686458,0.96638244,0.8912745,0.9709806,0.9902844,0.94139546,0.59269595,0.902188,0.939728,0.9894037,0.9644108,0.9855175,0.9443004,0.93570244,0.8214047,0.6745513,0.6874874,0.99070096,0.96889526,0.9514397,0.9168253,0.9328397,0.9438196,0.81185675,0.9674723,0.9832341,0.9007727,0.9488581,0.9712995,0.85156775,0.96722627,0.9842863,0.97891146,0.87241876,0.9302451,0.83260417,0.9879946,0.9560954,0.9547196,0.9583274,0.97315675,0.9684754,0.93902546,0.9542188,0.9320068,0.9547396,0.87300074,0.94864917,0.9512352,0.97242725,0.8293313,0.985988,0.94722396,0.877344,0.9809146,0.7991415,0.95867443,0.63626605,0.9663619,0.964702,0.8820056,0.875684,0.94262385,0.99039114,0.9700153,0.8833317,0.972356,0.86481184,0.99010324,0.86300296,0.9936611,0.94118327,0.985988,0.8451934,0.91682756,0.95853543,0.96917313,0.959917,0.98360956,0.97809404,0.87758005,0.89037794,0.94544,0.912359,0.9756141,0.8534449,0.9803583,0.9930366,0.91145754,0.95758617,0.95418,0.99225,0.942393,0.94671226,0.67697597,0.92142665,0.9758843,0.9919012,0.9010833,0.99206513,0.9752756,0.98132247,0.95976907,0.98801196,0.8807798,0.9875853,0.971041,0.92501473,0.93566674,0.95943016,0.67470366,0.98526937,0.9608613,0.9918169,0.8192973,0.9565219,0.9842643,0.9777637,0.9629611,0.97666055,0.9424507,0.9935988,0.9541019,0.85325736,0.84594125,0.9203024,0.9624942,0.8855858,0.75391954,0.9096266,0.93236786,0.98388565,0.935663,0.9729706,0.8293939,0.87447333,0.9518459,0.99412626,0.9542197,0.9650979,0.91610503,0.9935988,0.929118,0.99337435,0.98229176,0.8671548
ahiddenlifefilm,0.9906375,0.91990423,0.99361145,0.8570142,0.9958279,0.83266973,0.9972615,0.9935988,0.9999999,0.96631855,0.92487127,0.89681965,0.95618266,0.96714354,0.9911137,0.98287904,0.985852,0.9861276,0.96016973,0.9756256,0.9571282,0.87740844,0.9645446,0.9938573,0.943789,0.57819134,0.8867644,0.9338328,0.9886931,0.95380545,0.97463894,0.94219446,0.9262706,0.80282134,0.64712375,0.65491265,0.99415475,0.9583774,0.93867695,0.9231472,0.9138985,0.93583345,0.8041848,0.9663898,0.9836367,0.8808069,0.94057685,0.96880084,0.8300015,0.96983725,0.98310405,0.9801691,0.8473863,0.92443955,0.7999182,0.98609257,0.9427853,0.94411504,0.9562403,0.9799837,0.9635999,0.94485116,0.9465205,0.9248531,0.9477077,0.85287595,0.9585436,0.95449954,0.9734801,0.8022323,0.99331695,0.9524449,0.8546561,0.98686165,0.77527213,0.95066994,0.61855793,0.9630098,0.9678075,0.8690293,0.8655592,0.94058955,0.99101955,0.97468597,0.88133276,0.981794,0.8603208,0.9877618,0.85370284,0.9953615,0.92068523,0.99331695,0.83199775,0.9199022,0.9503439,0.96818453,0.95952076,0.9874032,0.9812648,0.85567755,0.8597371,0.93852055,0.90070313,0.9758857,0.82323873,0.9776411,0.99773306,0.8861718,0.9509056,0.9451102,0.9979751,0.9589484,0.94268334,0.64987373,0.90080327,0.96644664,0.99777144,0.8958631,0.99807584,0.9872896,0.97851276,0.9528543,0.98404485,0.857983,0.9788142,0.9662498,0.9048503,0.9217814,0.9460334,0.6465109,0.98303956,0.9639487,0.9914022,0.8099357,0.94769573,0.97949016,0.9849501,0.9616299,0.98649746,0.9232237,0.9999999,0.942363,0.8210585,0.8220128,0.9187126,0.95411545,0.8669274,0.72853315,0.89061356,0.9490717,0.9813544,0.9236896,0.9653658,0.8497269,0.8661883,0.9593442,0.99213004,0.94833946,0.9651702,0.90070957,0.9999999,0.9189356,0.9985988,0.97773653,0.8417444
alitamovie,0.9638663,0.9453278,0.9770085,0.91604894,0.9629282,0.8789477,0.9580339,0.9696309,0.96631855,1.0000001,0.9569752,0.9434229,0.97623825,0.97102916,0.9391028,0.9775074,0.97137743,0.9719881,0.9431521,0.93255985,0.9718982,0.92961735,0.97608674,0.97231275,0.9371243,0.59646064,0.93707496,0.97738534,0.9603538,0.9703429,0.9570177,0.9636262,0.9630883,0.82116014,0.72502226,0.72760487,0.9664035,0.97261465,0.9721895,0.92464155,0.9287711,0.96512705,0.81348467,0.97887033,0.9699919,0.93665314,0.9643601,0.96029305,0.89939696,0.97747046,0.95774007,0.9768934,0.9237056,0.93058133,0.8734066,0.9631311,0.9828302,0.9669794,0.97549295,0.9656631,0.9576731,0.94050056,0.94553775,0.9629878,0.95623815,0.9063661,0.9010466,0.9673884,0.9819603,0.8816063,0.9670801,0.89435935,0.91337776,0.9668387,0.86175925,0.95781606,0.66389877,0.9669077,0.9610667,0.9100294,0.91692865,0.9602074,0.97651607,0.98510504,0.88610125,0.938581,0.9057182,0.97788393,0.9219004,0.9670382,0.95686764,0.9670801,0.8694258,0.9228865,0.9694189,0.97506744,0.9609657,0.96592724,0.95486355,0.9275247,0.92152125,0.9446728,0.9576417,0.98042536,0.8809421,0.954702,0.97119874,0.9499876,0.9618173,0.98901665,0.9591906,0.8961068,0.97568554,0.7111204,0.93549484,0.97256964,0.95783585,0.9509952,0.97007936,0.9330837,0.9497397,0.9645292,0.97173864,0.92611647,0.9754514,0.98358995,0.95465577,0.9335384,0.96661574,0.6979156,0.97492987,0.95736486,0.9814327,0.7986035,0.9756431,0.97496134,0.9763262,0.9836869,0.9621343,0.9306817,0.96631855,0.9487604,0.8969883,0.8757404,0.9368808,0.9732577,0.90510136,0.8208271,0.94154274,0.905723,0.98497736,0.96648616,0.9352101,0.75484425,0.924581,0.9517358,0.97468704,0.9691893,0.9829758,0.9523194,0.96631855,0.9530542,0.966573,0.9868173,0.8808793
angelhasfallen,0.9437598,0.94976497,0.935513,0.95696557,0.9190418,0.92437387,0.9108308,0.9301903,0.92487127,0.9569752,1.0,0.89702016,0.94840765,0.97120464,0.89830154,0.91985524,0.94628555,0.932542,0.9413866,0.90254486,0.9565942,0.8875413,0.9610671,0.9246247,0.91204846,0.59899443,0.94970673,0.97843575,0.9012479,0.9119807,0.93512136,0.93209934,0.94293696,0.7291259,0.7757831,0.7867917,0.9222779,0.9450798,0.9634871,0.87756306,0.9394139,0.9384896,0.8205338,0.9443363,0.9534625,0.94386494,0.9623436,0.9321309,0.9014274,0.9490428,0.90978014,0.9598207,0.8814642,0.886526,0.8875715,0.93925357,0.9223396,0.97773963,0.9763982,0.9357412,0.9143069,0.9389377,0.94254196,0.97647196,0.95451343,0.9640541,0.8945115,0.96524507,0.96056414,0.8857758,0.9327588,0.84197605,0.9475319,0.9318624,0.8993272,0.9281921,0.58527124,0.97086823,0.95758516,0.9103438,0.9447205,0.95127076,0.9546146,0.94246435,0.88892347,0.9047163,0.96625674,0.9337676,0.92946106,0.9159034,0.9488286,0.9327588,0.888508,0.8803075,0.9092018,0.95397407,0.9411661,0.93774205,0.92509764,0.9383544,0.9383495,0.9284083,0.9666309,0.935514,0.9271041,0.918442,0.9225323,0.9490083,0.8672993,0.95150775,0.91678727,0.87180895,0.9861465,0.76460785,0.95373,0.97017854,0.917783,0.93569684,0.92954534,0.87905556,0.92967576,0.9784491,0.9466881,0.96423846,0.9319806,0.97465,0.93860376,0.91416264,0.9764348,0.7000241,0.94240344,0.9482449,0.94731945,0.7094947,0.96809244,0.9269499,0.9497976,0.96362776,0.93094426,0.917495,0.92487127,0.89774346,0.9144961,0.9278442,0.92456,0.9687227,0.9408448,0.87107986,0.96548563,0.899479,0.942323,0.9689128,0.9170409,0.6925696,0.9592217,0.9338316,0.926077,0.9643056,0.964229,0.96554875,0.92487127,0.9716775,0.92509645,0.95042926,0.85758376
angrybirdsmovie,0.90235305,0.92477995,0.9167505,0.8306134,0.8944862,0.81397754,0.88206804,0.91200066,0.89681965,0.9434229,0.89702016,1.0,0.9167014,0.9087423,0.8652668,0.9235242,0.909514,0.9238215,0.8707405,0.8297281,0.9019615,0.91442966,0.91560876,0.90732074,0.8783317,0.5545045,0.93389267,0.94227564,0.91492933,0.9042264,0.87802416,0.88515127,0.94648373,0.8661952,0.68024653,0.63527447,0.90141,0.9328878,0.91931,0.8473926,0.89022875,0.8961756,0.73181885,0.9143307,0.90448225,0.87155765,0.8983118,0.8713347,0.8261716,0.90267867,0.9235283,0.89527094,0.9123157,0.9145992,0.84168726,0.91363025,0.9429352,0.90491146,0.9072032,0.90557384,0.90619546,0.889853,0.8799543,0.91433614,0.88906115,0.85368466,0.7887005,0.88280815,0.9355786,0.8173799,0.90189505,0.79445934,0.8541676,0.9027374,0.7677195,0.9571896,0.7160392,0.88976485,0.8930523,0.8384802,0.8738108,0.8746651,0.91375405,0.92781335,0.9039795,0.86559135,0.8518001,0.90195376,0.9135692,0.9105574,0.9282024,0.90189505,0.7983927,0.8413957,0.95314395,0.88111126,0.91686225,0.8932942,0.8989881,0.8741533,0.8641946,0.8881674,0.9294614,0.9200804,0.86349046,0.92294997,0.9049368,0.91405666,0.90278625,0.9395376,0.89967656,0.7984112,0.9195655,0.5943078,0.8764709,0.9505993,0.89858013,0.9127597,0.90889704,0.8597339,0.8951082,0.91423744,0.9053528,0.88983315,0.92614585,0.91842175,0.9041468,0.88058203,0.8980617,0.6612812,0.8915323,0.9232789,0.9180037,0.7781763,0.91718066,0.89899486,0.90636927,0.91613597,0.89800584,0.8492131,0.89681965,0.92670256,0.8397559,0.82583517,0.9322664,0.91152877,0.82960063,0.76685494,0.91669315,0.85556376,0.91124123,0.9121162,0.8638772,0.70204765,0.8351777,0.89225376,0.915358,0.9373057,0.93183494,0.9377088,0.89681965,0.9241017,0.90384656,0.91762155,0.8865784
annabellemovie,0.9636584,0.94452447,0.9659361,0.9285441,0.95634055,0.90675366,0.9490964,0.9644923,0.95618266,0.97623825,0.94840765,0.9167014,1.0000001,0.95595884,0.9251678,0.96530914,0.97387123,0.96538234,0.9661555,0.93338555,0.98121816,0.90726113,0.9861453,0.9503936,0.92799145,0.59642047,0.9138887,0.96325445,0.95817816,0.9519039,0.968453,0.9782541,0.9557098,0.8342691,0.7196421,0.7334747,0.95211554,0.9860065,0.9740876,0.91119915,0.9440879,0.9764952,0.8416065,0.97430634,0.9693915,0.9513191,0.9787022,0.96844184,0.9148829,0.97356087,0.95530194,0.98178476,0.93523747,0.93349457,0.87919295,0.95948714,0.9679435,0.96282756,0.9613524,0.94947606,0.9647977,0.93215954,0.9592599,0.96307796,0.96243215,0.91574234,0.890167,0.9767256,0.9563773,0.88934034,0.95489794,0.88727444,0.91498196,0.94361955,0.8711396,0.94941354,0.68406177,0.9776814,0.9579567,0.92248696,0.909999,0.9717031,0.97481525,0.9749932,0.9023103,0.92101246,0.9170103,0.98025775,0.90672106,0.95809346,0.94230306,0.95489794,0.8903768,0.92329437,0.96501607,0.9752123,0.9492852,0.96615964,0.9541547,0.9385759,0.935347,0.94823045,0.96249765,0.9735903,0.8706254,0.95864624,0.96047467,0.9466214,0.9382606,0.96663296,0.9537469,0.8825229,0.9597542,0.7207556,0.95159614,0.9672118,0.95003575,0.9477625,0.9587943,0.91649306,0.94986796,0.96394235,0.964778,0.92287004,0.96752524,0.96614796,0.97464114,0.95546275,0.9722109,0.71380585,0.97626275,0.95047337,0.9727921,0.77477413,0.9582608,0.9641403,0.963969,0.98527664,0.9506611,0.94526297,0.95618266,0.9411061,0.910874,0.8887341,0.9331723,0.97921246,0.90897363,0.82169956,0.9405126,0.9040542,0.986237,0.9703549,0.9594032,0.77482027,0.93065286,0.93879944,0.9673896,0.95624256,0.97317994,0.92942506,0.95618266,0.9611669,0.9539529,0.988828,0.9046477
annamovie,0.9771444,0.9577735,0.962707,0.93221897,0.9537023,0.89970714,0.9564739,0.96711195,0.96714354,0.97102916,0.97120464,0.9087423,0.95595884,0.99999994,0.95369303,0.9591959,0.9762102,0.9683342,0.9614872,0.9466887,0.9686265,0.93359023,0.9733531,0.96951795,0.94173044,0.67613447,0.9361614,0.98041326,0.94934565,0.93574595,0.95441467,0.9596602,0.9475894,0.801331,0.78529936,0.7832322,0.97242767,0.9690474,0.96858203,0.90908307,0.9425017,0.96749336,0.8617928,0.9786004,0.9789779,0.9397354,0.9700284,0.9648764,0.8899839,0.9810167,0.96200556,0.98263496,0.89150554,0.9443622,0.8831474,0.964501,0.9448613,0.9774045,0.9911787,0.9756641,0.9476671,0.9666349,0.95980215,0.97976583,0.9782405,0.93091667,0.9423355,0.98034215,0.9773546,0.8820875,0.973977,0.9185569,0.937022,0.9733014,0.8683049,0.9523098,0.66113293,0.98069614,0.9785593,0.9167121,0.934191,0.9606694,0.9776222,0.9688157,0.900707,0.9383352,0.9304115,0.9657671,0.9400071,0.95495373,0.954097,0.973977,0.8950738,0.92759544,0.95521164,0.9702919,0.96107197,0.9769063,0.96357054,0.9288203,0.92807364,0.95465463,0.9301149,0.9698053,0.9167333,0.96212435,0.9628449,0.9481828,0.91815054,0.9643455,0.96121746,0.92737716,0.9843705,0.7657881,0.93855804,0.9826786,0.9624159,0.9423226,0.9681579,0.93085647,0.9663413,0.9833543,0.9777574,0.9251927,0.9570217,0.9904396,0.938263,0.9350145,0.96423244,0.75250185,0.97609735,0.95878994,0.9773154,0.77249825,0.9729255,0.9518413,0.9734681,0.9796056,0.96983206,0.9418892,0.96714354,0.9506119,0.8899879,0.9085349,0.9397627,0.9834931,0.9459375,0.8517462,0.95734775,0.92292297,0.97217166,0.9682004,0.9514681,0.76777786,0.94286895,0.96324694,0.96568066,0.978281,0.981422,0.9554201,0.96714354,0.94636816,0.9676271,0.97149926,0.8884077
apollo11movie,0.97814876,0.8824914,0.9774672,0.8241186,0.98522866,0.783792,0.9921966,0.9764567,0.9911137,0.9391028,0.89830154,0.8652668,0.9251678,0.95369303,1.0,0.9589403,0.97255677,0.97780746,0.93654317,0.97496754,0.9290259,0.8452962,0.9308737,0.9828744,0.9245137,0.55091345,0.8559458,0.90850466,0.9688659,0.9321693,0.95658004,0.9184765,0.8845479,0.7670132,0.61256444,0.6261049,0.9857421,0.92828095,0.9059903,0.9211546,0.8789473,0.9090153,0.78206587,0.9434567,0.9641715,0.8371278,0.904649,0.95030797,0.7873907,0.950399,0.9637981,0.9635636,0.7957674,0.9009027,0.7504268,0.96214485,0.9096683,0.9258565,0.937931,0.9764236,0.93698597,0.9286242,0.93248814,0.8957729,0.92440623,0.8280481,0.9583753,0.9401526,0.9556666,0.7674662,0.9883047,0.94863176,0.8109002,0.9837169,0.740432,0.9228633,0.5783602,0.9434108,0.95346725,0.8270452,0.8407203,0.9143806,0.97399265,0.95692295,0.8461179,0.9720657,0.8226813,0.9726925,0.82311654,0.9834688,0.8863454,0.9883047,0.8022799,0.9008904,0.9227596,0.9527376,0.945256,0.9740452,0.9757188,0.80573165,0.82113796,0.908083,0.8554112,0.9620466,0.78299904,0.95521396,0.985163,0.8406057,0.934794,0.91940624,0.98865056,0.951923,0.91853666,0.63111955,0.86410224,0.94452316,0.989397,0.86519605,0.99140847,0.99179435,0.9570199,0.9282506,0.9681618,0.812111,0.9580011,0.9475364,0.86224467,0.8789812,0.91559225,0.60955465,0.96361095,0.94419736,0.9733486,0.8117835,0.9314577,0.958944,0.9775035,0.9365383,0.98323286,0.90089154,0.9911137,0.91982895,0.7668637,0.77888054,0.8890463,0.9284368,0.8437173,0.685882,0.8481098,0.94755757,0.9590501,0.885766,0.94522226,0.8522071,0.83855575,0.9522789,0.97334236,0.9219465,0.9434665,0.87311435,0.9911137,0.87633353,0.9897089,0.9518705,0.7879709
arcticdogsmovie,0.96952236,0.93622303,0.9834006,0.87899756,0.9776063,0.8471455,0.97583544,0.9898365,0.98287904,0.9775074,0.91985524,0.9235242,0.96530914,0.9591959,0.9589403,1.0000002,0.98307127,0.97863376,0.9531108,0.9481211,0.9663456,0.9191509,0.96748054,0.97968465,0.9516709,0.59667426,0.903626,0.9437931,0.98260576,0.9693257,0.9744793,0.95600754,0.9494066,0.8504307,0.6742928,0.68628323,0.9884876,0.9755477,0.9532814,0.9379008,0.9077575,0.95276016,0.7851455,0.96409935,0.98127973,0.9027739,0.9510443,0.9767395,0.84826136,0.96034724,0.9829941,0.9736589,0.88920385,0.932804,0.8251998,0.9754084,0.96811485,0.94870657,0.9516002,0.9746227,0.9520596,0.9350968,0.95811003,0.93254673,0.9518361,0.8695127,0.92018306,0.94668657,0.9682135,0.8305819,0.9826459,0.94132245,0.8710481,0.9767951,0.79466826,0.9557651,0.67248875,0.9520264,0.95309013,0.8936056,0.88408035,0.9510985,0.9775901,0.9772257,0.8866649,0.9482972,0.86143297,0.98530674,0.88422173,0.98402053,0.94394225,0.9826459,0.83654153,0.9095766,0.9708138,0.9643654,0.9543729,0.96919924,0.95957386,0.89172596,0.89087826,0.9535684,0.9142492,0.9847493,0.85185254,0.9777039,0.9835922,0.91682357,0.9792403,0.9662221,0.98187304,0.9363027,0.9456651,0.66699606,0.90564024,0.9670263,0.97710085,0.903536,0.9817585,0.9652452,0.9633491,0.9474057,0.9722169,0.8869127,0.9895581,0.9674352,0.9302552,0.9377921,0.962077,0.68006134,0.9792053,0.95005095,0.98200905,0.84044915,0.9517067,0.97918695,0.97012186,0.9669641,0.974244,0.93808365,0.98287904,0.956651,0.8564327,0.83101285,0.9080568,0.9592458,0.87493914,0.7497212,0.90722406,0.9155649,0.9868069,0.93923986,0.9709502,0.80784345,0.87700456,0.9583498,0.99001443,0.9629606,0.96121454,0.92023426,0.98287904,0.9234449,0.984167,0.9811612,0.88540536
arcticmovie,0.9796841,0.9355847,0.98317975,0.90087044,0.97899884,0.8571259,0.9770726,0.9847148,0.985852,0.97137743,0.94628555,0.909514,0.97387123,0.9762102,0.97255677,0.98307127,1.0000001,0.99155813,0.9583176,0.95466983,0.96761715,0.9081711,0.9702797,0.97567016,0.9530484,0.58983874,0.9209206,0.96032345,0.97256136,0.9606775,0.9738916,0.964763,0.9456379,0.83729017,0.6811741,0.7016206,0.98710674,0.9789377,0.9514196,0.95156765,0.9096458,0.95709044,0.7964702,0.9665001,0.98597556,0.9026815,0.9542044,0.97644836,0.84177595,0.96786815,0.97424257,0.9837283,0.86986744,0.92419046,0.8138076,0.9759636,0.94840723,0.97094965,0.9679918,0.9906508,0.94614625,0.9518733,0.97556996,0.9506356,0.9561418,0.89982456,0.92892957,0.9727474,0.97767717,0.83217233,0.9931617,0.9379135,0.8752017,0.9896891,0.81243783,0.9580966,0.66701716,0.97046006,0.96642923,0.87789136,0.9116347,0.95909226,0.98665035,0.9773849,0.9081648,0.9475706,0.8959573,0.9842095,0.9000707,0.9817442,0.94351757,0.9931617,0.84245855,0.89631766,0.9571729,0.9705462,0.9643196,0.9746593,0.96709186,0.89509994,0.89376396,0.94859153,0.92579234,0.9912806,0.86650854,0.97208863,0.98250943,0.91276544,0.95159125,0.9667388,0.9873615,0.9380027,0.96584994,0.68603593,0.9144806,0.97923094,0.9811658,0.9118575,0.98827934,0.96847934,0.961893,0.96955407,0.9717802,0.9006389,0.977931,0.9814069,0.92812765,0.92319036,0.97040266,0.67071277,0.9775381,0.9746231,0.9869222,0.8450346,0.96861255,0.9765035,0.98695856,0.97847414,0.98913115,0.9408161,0.985852,0.9432613,0.8437226,0.84491754,0.92084026,0.96863014,0.8979124,0.7660051,0.9202706,0.95101684,0.98481697,0.9469105,0.97489107,0.832148,0.90611535,0.981489,0.98277473,0.9717866,0.97135556,0.9402159,0.985852,0.9335624,0.9864975,0.9790256,0.8670391
artofracingmovie,0.9756723,0.9260314,0.9853333,0.87496305,0.98054063,0.84039855,0.97718346,0.98564285,0.9861276,0.9719881,0.932542,0.9238215,0.96538234,0.9683342,0.97780746,0.97863376,0.99155813,1.0,0.94032264,0.9481374,0.953939,0.9064654,0.96022516,0.97962993,0.9327974,0.5614643,0.92130333,0.9564903,0.97378993,0.96962726,0.9702803,0.95088917,0.9350852,0.83168346,0.6650304,0.6725527,0.9859754,0.9692669,0.9405162,0.93922955,0.9083442,0.9446831,0.7900706,0.965356,0.9739534,0.8862049,0.937913,0.9589862,0.8319713,0.96468157,0.971818,0.97432756,0.8682928,0.9261597,0.81243116,0.97510785,0.95711833,0.96217006,0.96287733,0.9887452,0.95080936,0.9422148,0.9622717,0.9377652,0.93978393,0.88014686,0.9194865,0.95814914,0.9823205,0.82688797,0.99005574,0.9358931,0.858731,0.9904939,0.7977949,0.96016467,0.65342176,0.95924735,0.9640514,0.85676885,0.89870566,0.9387011,0.9836117,0.9733171,0.8876827,0.9552467,0.8714548,0.9839661,0.88616544,0.9864417,0.9465112,0.99005574,0.83383805,0.8985766,0.9590113,0.9615997,0.9703215,0.9705467,0.97152793,0.87837803,0.87984365,0.9318207,0.92170304,0.9847664,0.8465727,0.96676904,0.9850742,0.9035807,0.95771974,0.9674096,0.98656815,0.9237724,0.958161,0.660699,0.90476125,0.9772444,0.98258215,0.9133638,0.99182916,0.9718555,0.95814615,0.96005607,0.9726044,0.8866035,0.98047245,0.9768557,0.922806,0.90519565,0.95588523,0.659248,0.9691685,0.97412086,0.9864809,0.85837406,0.96961486,0.98209584,0.98994416,0.96705425,0.98713624,0.9234756,0.9861276,0.9507938,0.82850426,0.82896924,0.9247137,0.9578262,0.88450027,0.7482214,0.91043794,0.948729,0.9780744,0.9352628,0.9516756,0.8165812,0.88261944,0.972064,0.98401845,0.95782936,0.97187215,0.93671983,0.9861276,0.9246151,0.9858085,0.9759782,0.8488032
avengers,0.97958714,0.95046294,0.960124,0.9109264,0.9559246,0.90623266,0.9575703,0.9617941,0.96016973,0.9431521,0.9413866,0.8707405,0.9661555,0.9614872,0.93654317,0.9531108,0.9583176,0.94032264,0.9999998,0.9582987,0.9771833,0.8794633,0.9794118,0.9532593,0.92705536,0.6572324,0.8618905,0.93900603,0.957601,0.8974246,0.96809196,0.9528519,0.9273132,0.7797555,0.7351571,0.7247996,0.9573872,0.9629483,0.9650667,0.8649706,0.9545673,0.9641914,0.87954164,0.9694854,0.9788428,0.9378684,0.9807599,0.9762982,0.9001744,0.969349,0.9649673,0.98291105,0.8961854,0.9435411,0.8684012,0.9656283,0.9271296,0.9345652,0.9525531,0.93802106,0.9597658,0.94356024,0.9496986,0.95470023,0.97903985,0.8964463,0.9335749,0.96164316,0.9359126,0.8594939,0.95304835,0.9115295,0.91584575,0.9313118,0.83161986,0.92759466,0.63130045,0.97969824,0.96810734,0.95231384,0.8717315,0.9653426,0.9748824,0.95762,0.89514196,0.9360941,0.91273063,0.9683439,0.8831691,0.9501819,0.9162225,0.95304835,0.9072759,0.9547967,0.9433483,0.96762073,0.93263656,0.9793501,0.96216667,0.9108832,0.9061592,0.9547767,0.9198534,0.9453123,0.85165185,0.9712527,0.95705,0.9195966,0.9001301,0.91967124,0.9541758,0.9306401,0.94275105,0.72049516,0.93944895,0.9571319,0.95818716,0.91596204,0.9531498,0.91895753,0.97693133,0.9528057,0.9665606,0.88456035,0.95492566,0.9491456,0.94419855,0.97294194,0.9592096,0.73952085,0.9823654,0.93202275,0.96041304,0.68803984,0.9181182,0.9335534,0.95131713,0.96624756,0.9449166,0.9305949,0.96016973,0.92765427,0.89331883,0.8912994,0.9216701,0.9710737,0.90129906,0.80163014,0.9267101,0.90225905,0.97212476,0.95954144,0.97078687,0.78397435,0.90996516,0.91871667,0.9602662,0.94298464,0.96489066,0.8863634,0.96016973,0.9484142,0.95499575,0.9729396,0.90102816
beachbummovie,0.97331935,0.87090075,0.96975034,0.8558827,0.9698705,0.81595767,0.9767222,0.9686458,0.9756256,0.93255985,0.90254486,0.8297281,0.93338555,0.9466887,0.97496754,0.9481211,0.95466983,0.9481374,0.9582987,1.0,0.95043814,0.8143309,0.9387939,0.9762397,0.90533173,0.6295671,0.8192305,0.8942574,0.9570501,0.9136236,0.9715474,0.9194924,0.86052626,0.7494947,0.66024697,0.7010026,0.9671834,0.920539,0.921406,0.88858914,0.9088024,0.921833,0.8344183,0.94591814,0.95238996,0.8774209,0.92326695,0.967092,0.84445316,0.9498101,0.945628,0.9720767,0.82215905,0.8873,0.794851,0.94421494,0.9087069,0.9234228,0.9305918,0.9461288,0.94182515,0.89684916,0.9181849,0.8939128,0.94909793,0.8439267,0.961766,0.9455853,0.9261403,0.8195547,0.96488166,0.9393393,0.844809,0.95633084,0.7979294,0.89895993,0.56804895,0.95994174,0.9374642,0.86731744,0.8153266,0.92440546,0.96894634,0.9449377,0.81826586,0.94967395,0.82634705,0.9759428,0.804082,0.9654322,0.8724471,0.96488166,0.8280189,0.9221463,0.9088275,0.97401285,0.90333647,0.9817749,0.9671673,0.8206674,0.8611609,0.8973122,0.85229105,0.9457721,0.7999041,0.93745786,0.97101736,0.85511726,0.9214008,0.90997213,0.96652716,0.9305304,0.9126409,0.72467047,0.90133893,0.930014,0.97352785,0.8575129,0.9696302,0.961239,0.9596893,0.9227743,0.96632594,0.82038367,0.95266086,0.94070613,0.884522,0.9028537,0.9218871,0.6463513,0.9806077,0.91894734,0.96666247,0.738175,0.92334414,0.95005155,0.95736593,0.9407457,0.9502732,0.94321024,0.9756256,0.8958284,0.82054025,0.8040262,0.8614191,0.94359845,0.8731942,0.7303403,0.85249287,0.8968946,0.95757735,0.89857465,0.95969546,0.84901965,0.8707063,0.9079325,0.9632843,0.90667677,0.93702316,0.8577788,0.9756256,0.87022763,0.9699789,0.9593761,0.7996838
bernadettefilm,0.97007906,0.95599204,0.9629157,0.94245225,0.95397747,0.91149116,0.9515533,0.96638244,0.9571282,0.9718982,0.9565942,0.9019615,0.98121816,0.9686265,0.9290259,0.9663456,0.96761715,0.953939,0.9771833,0.95043814,0.99999994,0.91069245,0.98651314,0.9605362,0.9065864,0.64873,0.9143262,0.9626983,0.95257866,0.93209267,0.97580326,0.97311515,0.9430068,0.79130566,0.77095985,0.77456886,0.9556956,0.9776782,0.9922659,0.9035177,0.9602773,0.9813301,0.8743186,0.97862047,0.96838456,0.95719165,0.98142684,0.98225933,0.93274146,0.9764886,0.9533242,0.98759913,0.921734,0.9328601,0.89115363,0.9538354,0.9594287,0.9672888,0.9591297,0.94904906,0.96244365,0.91937196,0.952137,0.96250737,0.9828326,0.93452764,0.9166341,0.97622377,0.9468348,0.9168046,0.9542885,0.900405,0.9281984,0.9469366,0.8888381,0.9332369,0.64589286,0.98250574,0.9511618,0.94951737,0.91206384,0.9800578,0.9752484,0.9629601,0.8685076,0.91886276,0.9177094,0.9792416,0.9142491,0.9497025,0.9363494,0.9542885,0.9106932,0.9403968,0.956352,0.98598117,0.93849635,0.9767769,0.9686952,0.93523216,0.9437659,0.93659395,0.94096226,0.96897286,0.90337425,0.9544466,0.95491326,0.9426439,0.93213016,0.9605647,0.94911635,0.8941578,0.9677079,0.7630352,0.9703327,0.96813405,0.9514627,0.948916,0.9567331,0.9154616,0.95612127,0.97218215,0.9635381,0.9274031,0.9708445,0.9702561,0.9656054,0.9677444,0.97528,0.74570245,0.9828593,0.932348,0.9717638,0.7380813,0.95597595,0.9505663,0.9588932,0.98244846,0.94034576,0.9542734,0.9571282,0.95191824,0.91465795,0.91125655,0.9204921,0.9865997,0.93439955,0.8513522,0.94735163,0.8754138,0.9844285,0.9776592,0.96083814,0.7508193,0.9402995,0.92327505,0.9714037,0.952227,0.9733734,0.93462884,0.9571282,0.95295984,0.95809317,0.9885296,0.9052869
