movie,21bridgesmovie,47metersdown,abeautifuldaymovie,abominablemovie,adastramovie,adogsjourneymovie,aftermathmovie,aftermovie,ahiddenlifefilm,alitamovie,angelhasfallen,angrybirdsmovie,annabellemovie,annamovie,apollo11movie,arcticdogsmovie,arcticmovie,artofracingmovie,avengers,beachbummovie,bernadettefilm,blackandbluemovie,blackchristmas,blindedbythelightmovie,bombshellmovie,booksmart,breakthroughmovie,brianbanksmovie,brightburnmovie,brittanyrunsmov,captainmarvelofficial,captivestatemovie,catsmovie,charliesangels,childsplaymovie,clarathefilm,coldpursuitmovie,countdown,currentwarmovie,darkwatersmovie,detectivepikachumovie,disneyaladdin,disneyfrozen,disneymaleficent,doctorsleepmovie,dolemiteismyname,dontletgomovie,doramovie,downtonabbey_official,dumbo,escaperoom,everybodyknowsmovie,fastandfuriousmovie,fightingwmyfam,fivefeetapartfilm,fordvferrari,freaksthefilm,geminimanmovie,glassmovie,gloriabellmovie,godzillamovie,goldfinchmovie,goodboysmovie,goodliarmovie,gretafilm,halathemovie,happydeathdaymovie,harrietfilm,hellboymovie,hersmellmovie,highlifemovie,highstrungmovie,honeyboymovie,hotelmumbaifilm,httydragon,hustlemovie,hustlersmovie,isntitromantic,itmovieofficial,jayandsilentbob,johnwickmovie,jojorabbitmovie,jokermovie,judythefilm,jumanjimovie,justmercyfilm,knivesout,lalloronamovie,lastblackmansf,lastchristmasthemovie,latenightmovie,lighthousemovie,lionking,littlethemovie,littlewomenmovie,littlewoodsfilm,longshotmovie,lordsofchaosmovie,lucyintheskyfilm,mamovie2019,marriagestory,meettheaddams,meninblack,midsommarmovie,midwaymovie,missbalamovie,missinglinkfilm,motherlessbklyn,onceinhollywood,onthebasisofsex,overcomermovie,peanutbutterfalcon,petsematarymovie,piercingmovie,playingwithfire,playmobilthemovie,pomsmovie,queenandslim,rambomovie,readyornotfilm,richardjewellfilm,rocketmanmovie,scarystoriesmovie,secretlifeofpets,serenityfilm,shaftmovie,shazammovie,spidermanmovie,spiesindisguise,starwars,stormboymovie,stubermovie,taosdfilm,teenspiritmov,terminator,theaeronautsmov,thebestofenemies,thedeaddontdie,thefarewell,thehighwaymen,thehummingbirdprojectfilm,theintrudermovie,theirishmanfilm,thekitchenmovie,thelegomovie,themustangfilm,thenightingalefilm,theprodigymovie,thesunisalsoastar,theupsidefilm,tolkienmovie,toystory,triplefrontier,uglydolls,uncutgems,underthesilverlake,usmovie,wavesmovie,whatmenwant,wonderparkmovie,wrinklestheclown,xmenmovies,yardiefilm,yesterdaymovie,zombieland
21bridgesmovie,1.0000001,0.98160577,0.9846741,0.9497187,0.9755198,0.8852661,0.9959133,0.9919628,0.9938856,0.9444505,0.981396,0.8574635,0.9818349,0.99075323,0.9825501,0.9714152,0.9868467,0.9683166,0.98467046,0.98046017,0.9805026,0.9488452,0.9906806,0.9852408,0.9525879,0.633684,0.9222155,0.97161466,0.9841985,0.9715885,0.9663032,0.97875607,0.91760457,0.88139737,0.8621168,0.81098574,0.9896985,0.9733023,0.9825802,0.94206715,0.9696037,0.9869958,0.903183,0.98637766,0.9934788,0.94503903,0.98934835,0.9810804,0.9436723,0.9871525,0.9888468,0.99436176,0.9280903,0.9352587,0.87906003,0.9761767,0.9697046,0.9824719,0.9686882,0.99114186,0.98599386,0.9795658,0.97790366,0.9861638,0.97816396,0.9386105,0.97967166,0.9885024,0.97404706,0.9438149,0.9920844,0.7094036,0.8798398,0.97775406,0.8603351,0.9404042,0.6121541,0.9712779,0.9857836,0.8476453,0.9602188,0.9482317,0.9880842,0.9684623,0.91440403,0.9718592,0.9553033,0.9887334,0.95556974,0.9864627,0.9701484,0.9920844,0.8983261,0.9434462,0.9894563,0.98211706,0.97508687,0.9816402,0.9822344,0.9409868,0.92781955,0.97308,0.9242955,0.9860451,0.9210217,0.98215294,0.9905071,0.9488341,0.9546758,0.92375517,0.98903465,0.6520826,0.9594726,0.78189003,0.9474051,0.98290884,0.9969914,0.9135528,0.9907502,0.99229616,0.9846079,0.94825053,0.9789819,0.93856955,0.98143405,0.97201395,0.9642197,0.90681726,0.9513272,0.6882852,0.98747236,0.96039295,0.99084574,0.8981059,0.97362214,0.97363925,0.9804684,0.9869211,0.98574376,0.94557667,0.9938856,0.97351974,0.9367471,0.96168864,0.98326594,0.97815526,0.93532157,0.89058095,0.9624008,0.98281294,0.9916423,0.9786344,0.96699256,0.91401386,0.9672058,0.9738003,0.9803347,0.9871462,0.96329707,0.93919176,0.9938856,0.9406252,0.9854001,0.9909431,0.9270953
47metersdown,0.98160577,1.0,0.9690988,0.94771755,0.95603764,0.8775971,0.97557145,0.9729572,0.9762939,0.9436518,0.9748793,0.8301019,0.9680705,0.98038596,0.96480477,0.96090436,0.9803545,0.94249845,0.9607192,0.9675283,0.9601243,0.93612033,0.97288793,0.9735402,0.95648795,0.66257995,0.8902276,0.9662945,0.97649175,0.954982,0.9724738,0.971062,0.9037723,0.8996876,0.84976214,0.82223314,0.9613785,0.9527304,0.9747025,0.94767904,0.9457951,0.97078913,0.87082356,0.9736639,0.96884555,0.945583,0.97175807,0.95760494,0.90654016,0.9735689,0.9739233,0.97378117,0.9169383,0.8953822,0.85846704,0.97303563,0.9549509,0.9683022,0.98295367,0.9765411,0.95772374,0.9732998,0.9438385,0.9688698,0.9612605,0.9438278,0.9596532,0.95680773,0.9640833,0.9286997,0.9787733,0.708438,0.8853136,0.9706724,0.82847625,0.92335814,0.60580194,0.952229,0.958907,0.83762294,0.96255356,0.9352583,0.9710115,0.94770706,0.89079046,0.95666814,0.94165814,0.9761792,0.9689216,0.9702817,0.94814247,0.9787733,0.8960658,0.94722605,0.95743597,0.97975224,0.9527634,0.9652239,0.97136605,0.92670923,0.91088295,0.9389778,0.8993436,0.9784768,0.9293311,0.95700854,0.9777439,0.9410078,0.95000356,0.9399263,0.9679516,0.61962605,0.93225145,0.79627746,0.93090636,0.9674886,0.98162204,0.9069698,0.9754676,0.9719449,0.971184,0.9373566,0.95334256,0.9183939,0.97183716,0.97617847,0.96260434,0.89605904,0.92899394,0.69116455,0.9678871,0.92502344,0.9760723,0.8997045,0.9645208,0.9571988,0.96398425,0.9662724,0.97301376,0.93701804,0.9762939,0.9734705,0.9356845,0.95279783,0.958177,0.9602994,0.9247686,0.886373,0.9521403,0.96691823,0.98391545,0.9710402,0.95993996,0.8844398,0.9546753,0.9629057,0.9639835,0.97239286,0.95173687,0.9226298,0.9762939,0.94918233,0.97278476,0.97995335,0.91341454
abeautifuldaymovie,0.9846741,0.9690988,1.0,0.9385694,0.9613104,0.88485724,0.98416066,0.97964704,0.9886501,0.9314314,0.9572388,0.8508531,0.9710035,0.9867157,0.9745428,0.9610029,0.9710989,0.94216526,0.9668592,0.9684503,0.9737263,0.93536896,0.97537214,0.9828571,0.9548695,0.60263115,0.89324087,0.9496637,0.9908374,0.98348933,0.96244437,0.9681048,0.903729,0.896726,0.8429434,0.7738969,0.9788074,0.9692212,0.9693603,0.9432608,0.95448196,0.96114606,0.8818911,0.965587,0.9839976,0.93357646,0.97499907,0.976561,0.9321417,0.9697228,0.9908717,0.99199146,0.90435994,0.94015807,0.8814372,0.9686213,0.9488976,0.9676863,0.9583219,0.9852471,0.9727909,0.97312623,0.9685997,0.9772854,0.97751224,0.9114596,0.9836109,0.97622937,0.9545702,0.9197788,0.9879659,0.66864043,0.8941986,0.9755357,0.83279335,0.94149256,0.5782646,0.97769755,0.9727537,0.8584321,0.9268047,0.91516256,0.9875025,0.9678495,0.8690882,0.9831355,0.9338436,0.98320276,0.9452561,0.98555493,0.95485944,0.9879659,0.880871,0.94344103,0.984139,0.96968585,0.9572955,0.9759631,0.9721031,0.92202413,0.92251194,0.96656,0.9505189,0.97858286,0.93359643,0.98724735,0.98474014,0.94572103,0.93713915,0.91753536,0.97863954,0.60907257,0.94627184,0.7455105,0.9252228,0.97898126,0.9861604,0.90180343,0.9849327,0.9814215,0.9854249,0.9401718,0.98274267,0.9084802,0.97759926,0.96920675,0.95557827,0.90251535,0.9155903,0.65590584,0.9715091,0.9342481,0.9729442,0.873165,0.9569623,0.98180056,0.9772682,0.9713132,0.9839294,0.94400495,0.9886501,0.95612764,0.9207233,0.9304979,0.96305305,0.96604353,0.9169025,0.8565836,0.9661472,0.96428394,0.97605735,0.97689605,0.96659434,0.9061939,0.9676662,0.9693722,0.9754383,0.9742539,0.9599709,0.9275204,0.9886501,0.9094824,0.98270404,0.9786723,0.936173
abominablemovie,0.9497187,0.94771755,0.9385694,1.0,0.9116158,0.90783787,0.9409449,0.94640887,0.93150526,0.90878105,0.9279376,0.90032667,0.9557147,0.9475943,0.9088364,0.9262716,0.95121336,0.92668086,0.9602983,0.9341828,0.9357231,0.9776971,0.9450617,0.9134442,0.9225687,0.6472737,0.8705472,0.93434,0.9466834,0.9304677,0.9095966,0.916547,0.8912984,0.90527946,0.8959131,0.8115931,0.91606635,0.95140237,0.9396925,0.90445244,0.93616855,0.9565091,0.9474193,0.9496527,0.95664996,0.87386435,0.9518789,0.92183775,0.86914283,0.9481323,0.94464624,0.93702126,0.94766796,0.9086997,0.89526725,0.91632044,0.94092697,0.9378439,0.9357836,0.9476649,0.92246413,0.93599635,0.92875403,0.937267,0.9267522,0.8963851,0.9403953,0.9130993,0.91446173,0.8993142,0.94973487,0.75166667,0.8560089,0.9203903,0.9006628,0.8934005,0.7240344,0.9049016,0.90991616,0.88241524,0.9076337,0.9361595,0.9364591,0.95458007,0.8950612,0.89885545,0.9557187,0.9501167,0.95218664,0.9251363,0.94872963,0.94973487,0.8979588,0.9517503,0.94480157,0.92213714,0.9167776,0.9238772,0.94926345,0.9194181,0.85320485,0.9175329,0.89528453,0.9631972,0.93740034,0.9359594,0.9365329,0.9118007,0.95026374,0.87380636,0.92949146,0.74446625,0.94627696,0.7964797,0.92237175,0.9115204,0.9382219,0.94419044,0.9368913,0.9404214,0.938718,0.91282666,0.9321353,0.9164738,0.91974366,0.94157106,0.9358122,0.94078964,0.89285874,0.79045475,0.91651034,0.89846843,0.9323726,0.8611465,0.9139092,0.9082631,0.9302685,0.9277928,0.93988,0.9245916,0.93150526,0.9553589,0.90935993,0.90049577,0.9193381,0.93123823,0.8872758,0.9125902,0.9265712,0.92174006,0.94952124,0.95838135,0.9322826,0.8267869,0.97055244,0.9510458,0.92010605,0.96181595,0.9406731,0.9127225,0.93150526,0.9362106,0.9128463,0.9505266,0.94189817
adastramovie,0.9755198,0.95603764,0.9613104,0.9116158,1.0,0.79191,0.9825435,0.9613693,0.9852045,0.9701913,0.95682,0.81576896,0.9481601,0.9721424,0.9783044,0.9635165,0.9727621,0.9791473,0.94578934,0.9632488,0.98253685,0.90348876,0.96034837,0.980906,0.94600254,0.5909777,0.9582903,0.94545203,0.96565586,0.9565998,0.9349795,0.95510197,0.85323834,0.83913046,0.8193894,0.7717505,0.97273135,0.9308873,0.9611536,0.9008685,0.944837,0.9684211,0.85746884,0.9822998,0.97157186,0.93845695,0.9556713,0.9710356,0.9135236,0.98278356,0.9657822,0.97817355,0.8777426,0.953228,0.7877184,0.9752135,0.9568947,0.9812165,0.94711006,0.97977036,0.9801667,0.9653939,0.9477977,0.9538892,0.9676711,0.8903941,0.9420354,0.9786888,0.9772893,0.942557,0.9808991,0.65517664,0.8247397,0.9601896,0.8108469,0.8819931,0.5540214,0.95434254,0.9703292,0.7791816,0.93700796,0.8926593,0.97773826,0.9725349,0.855739,0.94683546,0.90805864,0.9748864,0.92097396,0.97614646,0.92571425,0.9808991,0.9286001,0.90837705,0.9546785,0.9539184,0.9577912,0.98145485,0.9724209,0.8862302,0.9105989,0.96010333,0.92253274,0.9694653,0.87763965,0.9688959,0.9661253,0.89998955,0.9439882,0.883167,0.98737586,0.6006753,0.9531602,0.74527365,0.9651448,0.97561914,0.9823073,0.8288107,0.98412657,0.98033094,0.964319,0.9772935,0.9797908,0.8657214,0.9610285,0.94764125,0.9200011,0.8332124,0.95628816,0.6125888,0.98981917,0.9681702,0.98472273,0.9329463,0.98161113,0.9567304,0.952037,0.96857506,0.9792584,0.90681744,0.9852045,0.92334276,0.89937353,0.9616484,0.98724884,0.96131897,0.9206875,0.82111424,0.93784344,0.95787627,0.9602611,0.9552979,0.9467115,0.9249945,0.93411934,0.96833646,0.96477836,0.9519511,0.9498668,0.95239747,0.9852045,0.90219104,0.97004825,0.9533319,0.8793916
adogsjourneymovie,0.8852661,0.8775971,0.88485724,0.90783787,0.79191,1.0,0.863813,0.8954518,0.8460244,0.7752075,0.8313545,0.8886142,0.91502887,0.8724883,0.8318723,0.83495486,0.8516674,0.8132051,0.9019257,0.85127205,0.84426016,0.90923375,0.9017053,0.8398247,0.80512834,0.6870593,0.74237204,0.84076,0.8899553,0.8582273,0.8336851,0.8268178,0.9045614,0.89227,0.7786673,0.73205847,0.8383285,0.93848574,0.89146155,0.832256,0.8848104,0.8743812,0.9167469,0.8463393,0.87643814,0.8046787,0.9101604,0.8247012,0.878035,0.8571846,0.8939419,0.8648448,0.92321336,0.78789836,0.9647293,0.8058276,0.84357953,0.83019346,0.83005625,0.84262234,0.83832526,0.83818597,0.8801315,0.88426393,0.8542962,0.8732045,0.88648695,0.8354926,0.7863461,0.7723015,0.8496408,0.69064236,0.7656379,0.8276993,0.8193667,0.8829745,0.66648,0.8169946,0.82789695,0.87989295,0.79328614,0.92463046,0.8497696,0.8278861,0.88573575,0.84618634,0.90033567,0.868911,0.8834977,0.84617203,0.92048496,0.8496408,0.7471075,0.8435385,0.9018943,0.8646936,0.8279103,0.8203587,0.8463092,0.9272188,0.7865674,0.82629085,0.8422026,0.8648943,0.8511323,0.87799704,0.8600766,0.87588125,0.82966626,0.8474536,0.82268214,0.6790886,0.824628,0.69465846,0.7911609,0.8190619,0.8637578,0.9559664,0.83624566,0.856545,0.8735945,0.7590509,0.82399166,0.93779993,0.8260891,0.84529006,0.91134244,0.98312944,0.8191158,0.77579176,0.8258927,0.8073621,0.8466791,0.72883964,0.8052975,0.8326117,0.8625092,0.85670096,0.83538955,0.85916287,0.8460244,0.91357064,0.8665005,0.77475375,0.82604426,0.8313628,0.7623329,0.85259736,0.84991235,0.89282495,0.9014254,0.91258615,0.83777773,0.74616474,0.9212168,0.8290789,0.87377465,0.89062107,0.81471264,0.77566314,0.8460244,0.88868135,0.8420888,0.9185342,0.91713065
aftermathmovie,0.9959133,0.97557145,0.98416066,0.9409449,0.9825435,0.863813,1.0,0.9893539,0.9966328,0.95317703,0.97609156,0.8581558,0.98186886,0.9912967,0.9862212,0.97647786,0.9820944,0.9761655,0.97675437,0.9804504,0.98667175,0.9371011,0.9892773,0.9895303,0.95392656,0.636342,0.9307798,0.9743325,0.9799157,0.97419786,0.9593579,0.97482157,0.9118828,0.8591823,0.84438205,0.7838039,0.9927353,0.9644326,0.9833909,0.933945,0.9703822,0.9845821,0.898655,0.988098,0.9943847,0.9542505,0.98601454,0.9874448,0.93947494,0.98945564,0.9854909,0.99362713,0.9226122,0.9480638,0.8688682,0.97281104,0.96954775,0.990924,0.96150804,0.99190736,0.98941094,0.97312534,0.98011434,0.9827901,0.9803223,0.9238121,0.96726596,0.9906291,0.97883064,0.94752157,0.9928069,0.68972,0.8698368,0.97981316,0.8509301,0.9389599,0.6026256,0.97687227,0.98927176,0.83050877,0.95749646,0.9404022,0.98805124,0.96946365,0.90998465,0.9722446,0.93834984,0.995007,0.94264674,0.9937821,0.970174,0.9928069,0.9141605,0.9318997,0.9855434,0.9816021,0.9789837,0.98689723,0.98548347,0.9321343,0.9362259,0.97940975,0.932943,0.985428,0.9145858,0.9825251,0.98677856,0.94225645,0.9567468,0.90802854,0.99523395,0.6425756,0.96913093,0.7629532,0.9595789,0.98972154,0.9961266,0.8990165,0.9939363,0.99860674,0.98303956,0.9621025,0.98466474,0.9207037,0.97949666,0.9663334,0.9615182,0.89391273,0.96298045,0.68191785,0.9930473,0.968008,0.9948568,0.9195,0.98310137,0.9744144,0.9760644,0.984109,0.98899746,0.9378278,0.9966328,0.9611955,0.92742157,0.96346235,0.98336154,0.97087234,0.92898864,0.86951894,0.959257,0.9784327,0.98972994,0.9753568,0.9624219,0.92394143,0.9556347,0.9729866,0.98328406,0.9794176,0.9668901,0.95534015,0.9966328,0.9317548,0.9857998,0.98318213,0.91230583
aftermovie,0.9919628,0.9729572,0.97964704,0.94640887,0.9613693,0.8954518,0.9893539,1.0000001,0.9858215,0.9341579,0.9676324,0.87202895,0.9806443,0.9866798,0.97553587,0.9815819,0.97566575,0.9587014,0.98527086,0.98270273,0.98007464,0.9449782,0.9903401,0.97372043,0.944544,0.6654311,0.9157604,0.9652216,0.9762447,0.96849185,0.9525588,0.966465,0.94322765,0.8806266,0.8569378,0.81762433,0.9824514,0.9699143,0.9876715,0.9365902,0.9745681,0.9812743,0.9173199,0.97483134,0.9886358,0.9494648,0.9850039,0.9748674,0.946719,0.97819424,0.983833,0.98349303,0.9464658,0.9369966,0.9071706,0.955282,0.9749105,0.9738324,0.95198286,0.9793631,0.9837183,0.96149766,0.9817403,0.9835235,0.95919675,0.9336144,0.9679753,0.974704,0.95977503,0.91623294,0.98085105,0.72306263,0.8736429,0.9647892,0.8834454,0.9486909,0.64165,0.9601876,0.9759418,0.85803205,0.9551772,0.9471046,0.98292196,0.96151423,0.9247622,0.96957487,0.939661,0.98693603,0.94699764,0.9850428,0.9722565,0.98085105,0.89792496,0.9290124,0.98558116,0.97583115,0.97571874,0.9789655,0.98100835,0.9591259,0.93372893,0.96838677,0.92323333,0.9805876,0.9222687,0.9795438,0.9864108,0.9468685,0.9650992,0.9216323,0.9821642,0.6756105,0.9511613,0.78875065,0.93929905,0.97117156,0.98700565,0.93361866,0.98413277,0.9850445,0.97669184,0.93047726,0.9685367,0.9440748,0.96904707,0.95324844,0.96603703,0.9164652,0.9515982,0.72240305,0.9805752,0.95885223,0.98489714,0.8871387,0.9638083,0.9675713,0.97219485,0.9743729,0.9737996,0.947915,0.9858215,0.9678948,0.93752575,0.94601315,0.97563934,0.9633081,0.9215732,0.8936607,0.9588609,0.97478294,0.9912889,0.9761698,0.95956326,0.9019464,0.96220833,0.9572899,0.9757096,0.9739824,0.95517844,0.92701,0.9858215,0.9463989,0.9825971,0.98591447,0.9305075
ahiddenlifefilm,0.9938856,0.9762939,0.9886501,0.93150526,0.9852045,0.8460244,0.9966328,0.9858215,1.0,0.9545843,0.97533435,0.83583766,0.97046053,0.99158865,0.989361,0.978209,0.9851392,0.9668491,0.9708925,0.98301786,0.9846714,0.92704463,0.98110086,0.99366987,0.9594995,0.61488694,0.9297825,0.96881664,0.98553056,0.98027164,0.96917707,0.9805174,0.8980716,0.86464256,0.84236056,0.79141337,0.993772,0.95785785,0.9781708,0.94070786,0.9605731,0.97642934,0.8763584,0.984134,0.99167734,0.9519372,0.9771512,0.98952776,0.93566006,0.98511815,0.9886853,0.9959653,0.9023922,0.9493679,0.84930104,0.9822887,0.9674701,0.9871076,0.96927834,0.9948869,0.9887361,0.9790386,0.97476256,0.97932833,0.9797793,0.91888815,0.9742517,0.98959345,0.9793712,0.9440091,0.996002,0.6802027,0.88665456,0.9838077,0.83659226,0.9373194,0.580799,0.9824279,0.9889597,0.8319844,0.9565678,0.9199695,0.99254847,0.9735519,0.88490546,0.9823048,0.929604,0.99089426,0.94195795,0.99509436,0.9532334,0.996002,0.90813595,0.93710274,0.9824707,0.9809475,0.9756327,0.9917332,0.98526096,0.9182858,0.93782634,0.9776269,0.9369312,0.9859388,0.91989315,0.98655605,0.9927403,0.9411939,0.95422286,0.9137242,0.9960282,0.6193145,0.9591381,0.76621854,0.95082176,0.99200886,0.99725515,0.88356405,0.99740744,0.99402696,0.9838854,0.96341735,0.98933226,0.9062956,0.9873215,0.97165513,0.9512674,0.87325835,0.94803864,0.6544502,0.9919958,0.9603906,0.9932145,0.9101202,0.98054534,0.98414916,0.9798922,0.9811918,0.99288696,0.94135684,1.0,0.9556392,0.9236072,0.9623757,0.9848297,0.9774844,0.938744,0.8582627,0.9638332,0.9720053,0.98392475,0.9702291,0.9706071,0.9288488,0.95391184,0.978129,0.98121834,0.97745967,0.9686203,0.94761866,1.0,0.92141515,0.99209344,0.9793358,0.91384596
alitamovie,0.9444505,0.9436518,0.9314314,0.90878105,0.9701913,0.7752075,0.95317703,0.9341579,0.9545843,0.99999994,0.9236492,0.8577531,0.9222606,0.9514134,0.95165133,0.9496415,0.95480734,0.9699881,0.91909707,0.9371666,0.9668761,0.90552706,0.92709005,0.9552531,0.92945844,0.61464006,0.9555015,0.94400996,0.9472557,0.9331458,0.8970768,0.91225636,0.82180834,0.82637036,0.7556719,0.7239895,0.9277003,0.9044184,0.94800323,0.8755252,0.9227624,0.9385272,0.8544326,0.9626541,0.9390216,0.9091621,0.9204653,0.94210213,0.865998,0.9626034,0.94325936,0.9412583,0.8847709,0.925833,0.7760188,0.94747525,0.9397929,0.97481,0.9236859,0.94954205,0.94146,0.9276853,0.9152706,0.9097754,0.95187926,0.83356744,0.8984897,0.9305432,0.9581844,0.9226053,0.95315117,0.6381602,0.7954591,0.9234505,0.7724658,0.8752538,0.5634384,0.9079247,0.9241769,0.77680194,0.9246753,0.8493583,0.938782,0.9488799,0.8321502,0.914558,0.8585321,0.95656985,0.8913125,0.95527744,0.9124549,0.95315117,0.95784324,0.8938321,0.9169539,0.9397946,0.94313496,0.9414164,0.94823843,0.85658395,0.8601118,0.932409,0.9171212,0.95400536,0.8773513,0.94135326,0.93267983,0.849149,0.9395717,0.84619707,0.961547,0.60514253,0.9506073,0.6919448,0.9755773,0.94546634,0.95240337,0.82436687,0.9560995,0.9569375,0.923464,0.9794327,0.9534467,0.84174675,0.9156422,0.920144,0.89746463,0.82721543,0.9419872,0.6377414,0.9568228,0.94345367,0.9639629,0.95735633,0.97992814,0.9204341,0.9194711,0.9373707,0.95898783,0.87926114,0.9545843,0.90296304,0.8442788,0.93882436,0.9507881,0.9236721,0.8909918,0.7629114,0.898032,0.9280265,0.9433331,0.9296562,0.91068166,0.934167,0.90557283,0.94167864,0.9392798,0.9190451,0.9525593,0.96265215,0.9545843,0.8926611,0.9305103,0.92712665,0.8695459
angelhasfallen,0.981396,0.9748793,0.9572388,0.9279376,0.95682,0.8313545,0.97609156,0.9676324,0.97533435,0.9236492,0.9999999,0.7955454,0.95570254,0.9734357,0.96102464,0.94663227,0.9765659,0.95361584,0.9615624,0.9577736,0.94399595,0.9288563,0.9729582,0.96129787,0.9374495,0.5614535,0.8918053,0.9700403,0.954798,0.93203324,0.96751565,0.98548275,0.891972,0.8578902,0.85685563,0.802639,0.9783254,0.93273264,0.95909226,0.944753,0.93002945,0.97174424,0.8429953,0.96738666,0.9725605,0.9273768,0.970286,0.9631679,0.90225494,0.96325177,0.9603022,0.9752848,0.8979332,0.888291,0.82439387,0.9743965,0.9415787,0.97061294,0.9723267,0.9809395,0.96629447,0.9724642,0.94315594,0.9760441,0.94660574,0.9478318,0.963915,0.9738675,0.9797732,0.9396277,0.9788867,0.66941637,0.8825128,0.9775397,0.8344616,0.9103675,0.544856,0.9670563,0.98091906,0.78051853,0.9845499,0.9373897,0.96678865,0.9403266,0.89276403,0.95320815,0.95399284,0.9636923,0.95457184,0.9640053,0.93792087,0.9788867,0.8551562,0.94414437,0.9618333,0.9716416,0.969444,0.96379036,0.9563671,0.9091793,0.91035986,0.94344133,0.86019105,0.9687777,0.90563434,0.94601595,0.9764593,0.93800634,0.9365405,0.9311622,0.97663397,0.58650976,0.9414208,0.76965725,0.9184742,0.9741891,0.9784554,0.88179666,0.97554314,0.97369164,0.96453404,0.92763585,0.95451874,0.92415446,0.9805517,0.9753078,0.9374471,0.85900456,0.9342687,0.62866586,0.9689559,0.93358815,0.97047746,0.87671274,0.96600336,0.9463588,0.9574658,0.9756148,0.97059196,0.9173248,0.97533435,0.9717696,0.92167753,0.9652751,0.9665806,0.96222645,0.9298459,0.88588923,0.9457759,0.95352197,0.9715995,0.94399905,0.94596946,0.86654836,0.94088674,0.9618534,0.9548232,0.97384965,0.9561865,0.91823316,0.97533435,0.91867304,0.9708065,0.9700291,0.8792656
angrybirdsmovie,0.8574635,0.8301019,0.8508531,0.90032667,0.81576896,0.8886142,0.8581558,0.87202895,0.83583766,0.8577531,0.7955454,1.0000001,0.8931438,0.85948175,0.83278775,0.85500205,0.83691645,0.8804083,0.8879752,0.8442739,0.8651096,0.9105043,0.8592299,0.81754786,0.79563195,0.67319405,0.82392544,0.8542191,0.8631272,0.8397668,0.75407755,0.7662679,0.81778383,0.7979464,0.6763561,0.6012392,0.8219348,0.9067509,0.8790658,0.7520738,0.8845391,0.8544258,0.93436766,0.84611815,0.86190593,0.7619151,0.8589957,0.83018357,0.82489157,0.8551515,0.869876,0.840245,0.9424397,0.82849014,0.8890069,0.7795186,0.85692453,0.8644942,0.77579606,0.83099943,0.82999647,0.784242,0.8616495,0.8256231,0.8557426,0.7373435,0.823829,0.8174939,0.8199315,0.7671048,0.8405279,0.6283008,0.6795326,0.79212904,0.7994494,0.8575418,0.66654605,0.7688568,0.8092942,0.83719265,0.7989988,0.8416232,0.8238968,0.85194093,0.85825765,0.7986861,0.83119696,0.8719248,0.7844358,0.8486837,0.9019708,0.8405279,0.8482159,0.8124086,0.8775935,0.83234787,0.8586886,0.808617,0.8408607,0.845546,0.7295619,0.8335383,0.8507922,0.8552794,0.81716484,0.86890596,0.8265496,0.7702562,0.8500013,0.7401701,0.83837175,0.70715284,0.87769455,0.5810363,0.8644453,0.80595154,0.8397124,0.8997567,0.8299092,0.8640508,0.82258636,0.83691883,0.8364666,0.8591345,0.77144754,0.79151624,0.8435057,0.928403,0.865408,0.79331076,0.82848233,0.85022223,0.85164046,0.83238876,0.8416355,0.78922105,0.80191445,0.848234,0.83848995,0.80279624,0.83583766,0.84378535,0.76333994,0.78156537,0.83717465,0.8017108,0.728722,0.7305612,0.7860585,0.8588498,0.8773883,0.86642534,0.789954,0.82567805,0.87487376,0.82315505,0.8480096,0.84914625,0.8468073,0.85280603,0.83583766,0.85457486,0.79970175,0.86021537,0.87754816
annabellemovie,0.9818349,0.9680705,0.9710035,0.9557147,0.9481601,0.91502887,0.98186886,0.9806443,0.97046053,0.9222606,0.95570254,0.8931438,0.9999999,0.9755687,0.9589881,0.95475525,0.95940757,0.9578003,0.97051305,0.96663886,0.9685048,0.94719446,0.98537135,0.9621477,0.9286274,0.6759921,0.8910313,0.96349645,0.96524644,0.95767844,0.9355239,0.94272476,0.9305874,0.87163454,0.8359861,0.7592098,0.96754986,0.97983235,0.9728619,0.90754586,0.9813704,0.9747976,0.9359754,0.9718128,0.9802349,0.9361483,0.98727137,0.9652223,0.92493784,0.97747356,0.97183394,0.9705428,0.9501384,0.92520833,0.9075873,0.9394692,0.95927584,0.9658308,0.93904954,0.9677261,0.97039074,0.9559559,0.96444285,0.98209345,0.9652755,0.92029583,0.9491201,0.96416247,0.9518196,0.9354315,0.9710552,0.7009662,0.8594927,0.9625198,0.8680763,0.92027736,0.6542403,0.94623953,0.96106523,0.85937554,0.9358636,0.9610448,0.9699773,0.94986135,0.94248086,0.93997407,0.9537201,0.98354656,0.947464,0.97012573,0.9859456,0.9710552,0.897,0.9228597,0.9790647,0.9629308,0.95220953,0.9609127,0.9679942,0.95710844,0.9192889,0.9492331,0.9156638,0.96729875,0.9122963,0.96318626,0.9638673,0.9490811,0.94116074,0.90288705,0.9681083,0.682919,0.9579628,0.74569714,0.9401966,0.961212,0.9781681,0.93727595,0.96910703,0.9815885,0.9791808,0.9345484,0.9562338,0.93547237,0.9508523,0.94956017,0.9696091,0.946133,0.95115495,0.7527774,0.9679698,0.9487648,0.97381526,0.8963703,0.9556109,0.94751847,0.9609863,0.9642973,0.9648472,0.9394761,0.97046053,0.96179825,0.93011117,0.94292545,0.96341884,0.9386072,0.87925696,0.8909654,0.95557487,0.9856342,0.98414654,0.98620236,0.9445567,0.89494956,0.9620176,0.9489218,0.9624605,0.9772742,0.94718057,0.93844956,0.97046053,0.9445459,0.95954555,0.9795628,0.92774856
annamovie,0.99075323,0.98038596,0.9867157,0.9475943,0.9721424,0.8724883,0.9912967,0.9866798,0.99158865,0.9514134,0.9734357,0.85948175,0.9755687,0.99999994,0.97348773,0.9824663,0.9822169,0.9657063,0.9783329,0.97290486,0.9788061,0.9489576,0.97740585,0.9821478,0.95417184,0.6085965,0.92445076,0.9772846,0.98773354,0.9778866,0.9681923,0.9768738,0.89476436,0.8916587,0.83847904,0.7914563,0.9853764,0.9661652,0.9746087,0.94464713,0.9523421,0.9761538,0.89015454,0.9801718,0.99172974,0.93786716,0.9750822,0.98448336,0.9131268,0.98089737,0.99029887,0.9906546,0.9180867,0.9424822,0.8675874,0.9810839,0.97034705,0.983877,0.9742802,0.9898724,0.9813696,0.9781524,0.9658863,0.97920513,0.96908957,0.9260353,0.9735752,0.9770296,0.96836895,0.9279937,0.9932038,0.6764022,0.8971313,0.98361063,0.8344967,0.9366306,0.5959233,0.9740382,0.97707343,0.8673547,0.96151084,0.9326403,0.98328334,0.9712899,0.88918513,0.9771928,0.94016474,0.986612,0.95410514,0.9896428,0.95931834,0.9932038,0.9138938,0.9578114,0.97951466,0.9739271,0.97433287,0.98211575,0.9803198,0.9267602,0.9284549,0.96486485,0.9401521,0.9921466,0.94527256,0.98360646,0.9880922,0.94995487,0.96268094,0.9247466,0.98701215,0.62939864,0.96189433,0.7594481,0.9475602,0.98286533,0.9908546,0.9113949,0.99119794,0.98717403,0.979724,0.954379,0.97884005,0.9221127,0.97680247,0.9787233,0.9513331,0.902802,0.9487934,0.6880198,0.98063225,0.95308053,0.98596257,0.90887195,0.9714155,0.975555,0.97785187,0.9751487,0.99157655,0.94925606,0.99158865,0.9750438,0.9303737,0.95615494,0.97784555,0.9681821,0.92436635,0.858712,0.9690427,0.9668398,0.98484176,0.9749478,0.9722905,0.9058173,0.9616033,0.9816363,0.9724945,0.98217994,0.97675955,0.94495136,0.99158865,0.9217633,0.9817023,0.9804651,0.9379098
apollo11movie,0.9825501,0.96480477,0.9745428,0.9088364,0.9783044,0.8318723,0.9862212,0.97553587,0.989361,0.95165133,0.96102464,0.83278775,0.9589881,0.97348773,1.0000001,0.96462446,0.97983766,0.96285963,0.9526954,0.9865762,0.9750476,0.9003271,0.9767183,0.9837035,0.9418488,0.62815297,0.928185,0.95182407,0.9697664,0.95781314,0.9489427,0.9582309,0.8997973,0.82031316,0.8133272,0.782816,0.9804185,0.94087493,0.9800954,0.914452,0.9505295,0.9606481,0.8603029,0.9711449,0.97556055,0.937754,0.97046685,0.9758135,0.9541802,0.9749517,0.974437,0.979571,0.8924849,0.9307902,0.8418208,0.96188176,0.94352126,0.9770853,0.94551903,0.98297215,0.97161436,0.95549,0.9713178,0.9647862,0.9731822,0.90377516,0.95486474,0.9807266,0.97655314,0.9280124,0.98075134,0.6918652,0.84348303,0.9599814,0.841309,0.92413044,0.57506204,0.9619311,0.98182386,0.78837055,0.9431226,0.9009861,0.9795574,0.95788866,0.8891978,0.9695679,0.90230286,0.98071766,0.92170686,0.9895489,0.9366413,0.98075134,0.8997525,0.8964065,0.9760794,0.9855252,0.9618846,0.9809745,0.97410077,0.9192092,0.9068547,0.9643649,0.90875244,0.97146416,0.87122506,0.9728685,0.9776071,0.9062129,0.93354505,0.8891888,0.9848072,0.62713426,0.9356874,0.7686218,0.93421316,0.9733057,0.9866232,0.8672901,0.98583585,0.9858228,0.96638983,0.9551469,0.97996026,0.9069752,0.97372377,0.9439048,0.9467959,0.8545179,0.949412,0.6351078,0.9900357,0.9481592,0.9891612,0.9218565,0.9790677,0.9637147,0.95669615,0.9787148,0.977598,0.90290475,0.989361,0.9306845,0.88439524,0.94829494,0.9762268,0.9648506,0.9251696,0.8430175,0.9315081,0.9703537,0.98079246,0.95523006,0.9423842,0.9297799,0.9281488,0.95789444,0.98820966,0.95777035,0.93787694,0.92289054,0.989361,0.926983,0.9889353,0.9734714,0.8738063
arcticdogsmovie,0.9714152,0.96090436,0.9610029,0.9262716,0.9635165,0.83495486,0.97647786,0.9815819,0.978209,0.9496415,0.94663227,0.85500205,0.95475525,0.9824663,0.96462446,0.99999994,0.96503687,0.9557022,0.96233636,0.97689265,0.9744254,0.92094094,0.9595858,0.968269,0.9455896,0.6790538,0.9300436,0.9676076,0.96470344,0.9658182,0.9444078,0.95505506,0.89980793,0.8616089,0.82182425,0.80292004,0.9712703,0.94235,0.97239304,0.9264198,0.951101,0.96309656,0.8883564,0.96600497,0.97628015,0.94660693,0.9497357,0.9744385,0.9019032,0.9694051,0.97215,0.9672418,0.9218023,0.9432902,0.85840505,0.95456505,0.9788952,0.9725073,0.95035565,0.96802145,0.97673523,0.9484374,0.96155685,0.9562227,0.93679565,0.8980456,0.93839556,0.9507739,0.95216286,0.8987551,0.97210705,0.7016581,0.8747039,0.9601787,0.84416693,0.929566,0.6345473,0.95162845,0.95633715,0.85808223,0.9534047,0.90657824,0.9720878,0.96018916,0.8873807,0.96238863,0.89847946,0.9749888,0.9217231,0.9816706,0.93831354,0.97210705,0.92583716,0.9241159,0.95684433,0.9585796,0.97184604,0.9822466,0.9756275,0.9182527,0.9402383,0.9525864,0.9261229,0.975796,0.93103683,0.9715577,0.97813183,0.9305919,0.9767166,0.9071961,0.9763466,0.66366804,0.9442836,0.78224206,0.94493806,0.9642942,0.97401977,0.90214723,0.9806186,0.9714171,0.9576336,0.9437308,0.9630291,0.8960599,0.9563534,0.94659203,0.9277274,0.8728384,0.9485415,0.72215,0.9731345,0.9548421,0.9787853,0.9108012,0.9620851,0.9615449,0.95404226,0.95021653,0.96959615,0.94508696,0.978209,0.9421528,0.9229907,0.9474015,0.97376144,0.9512934,0.9171384,0.8443512,0.9528309,0.94808996,0.9741565,0.9560541,0.96110857,0.909074,0.93011993,0.9569552,0.95679957,0.9502986,0.95865834,0.9353142,0.978209,0.92525303,0.97144884,0.95614076,0.9204603
arcticmovie,0.9868467,0.9803545,0.9710989,0.95121336,0.9727621,0.8516674,0.9820944,0.97566575,0.9851392,0.95480734,0.9765659,0.83691645,0.95940757,0.9822169,0.97983766,0.96503687,0.9999998,0.9588711,0.9656068,0.98315114,0.970025,0.9445824,0.9725272,0.9754406,0.9510944,0.59538966,0.9326785,0.9694081,0.9803007,0.9613971,0.963303,0.9745882,0.89064646,0.8743414,0.85756165,0.84115213,0.9740036,0.94799817,0.97235394,0.9428028,0.9390488,0.97711957,0.88141525,0.98470306,0.98416495,0.92494863,0.9703329,0.97515273,0.92280996,0.9825262,0.9793759,0.97943366,0.9064205,0.93260777,0.84430397,0.98001254,0.9582429,0.98033845,0.97716606,0.990174,0.9666716,0.97812265,0.9585892,0.9692265,0.9635505,0.9340098,0.96979624,0.97165525,0.9704653,0.9372023,0.9889561,0.7019115,0.88822174,0.96961266,0.85782593,0.913812,0.6063495,0.9599144,0.9702404,0.8379796,0.96191317,0.9242546,0.9768319,0.9720879,0.88923866,0.9623436,0.93287045,0.9764638,0.9645346,0.97691125,0.93819255,0.9889561,0.9128644,0.9509072,0.9717668,0.97830826,0.9544641,0.97558266,0.98012424,0.9259609,0.90145487,0.95740837,0.91140354,0.99108446,0.9231287,0.9730892,0.985631,0.92945504,0.9594607,0.915225,0.98020995,0.64623016,0.9503715,0.8042403,0.94034356,0.96618766,0.9870791,0.89841074,0.98714435,0.9784249,0.9680709,0.957781,0.9797609,0.9265637,0.9803877,0.9749611,0.9470871,0.8768264,0.9387154,0.6846078,0.9769678,0.9387886,0.9869829,0.9100329,0.97237474,0.9629184,0.97085667,0.97402745,0.984437,0.93165535,0.9851392,0.96777195,0.9109211,0.9549074,0.9751219,0.9783976,0.9511331,0.8824016,0.9528977,0.96007156,0.9803128,0.96307415,0.9669268,0.89291656,0.95424765,0.9830995,0.9711268,0.9820091,0.96532387,0.927414,0.9851392,0.93530244,0.98151606,0.97961676,0.9124845
artofracingmovie,0.9683166,0.94249845,0.94216526,0.92668086,0.9791473,0.8132051,0.9761655,0.9587014,0.9668491,0.9699881,0.95361584,0.8804083,0.9578003,0.9657063,0.96285963,0.9557022,0.9588711,1.0,0.9532189,0.94830036,0.9716976,0.9296966,0.9600432,0.954053,0.9231221,0.60800415,0.9566254,0.9593843,0.9446832,0.9268454,0.89881504,0.93206835,0.85954916,0.81162935,0.8004153,0.7247381,0.95948464,0.9380957,0.9606351,0.88028663,0.94952786,0.9681586,0.8927897,0.976152,0.96604353,0.9100263,0.9561785,0.9588059,0.89788944,0.9760172,0.95289505,0.9627376,0.9208022,0.930714,0.8176372,0.947419,0.94981176,0.9831561,0.91884047,0.9651788,0.9681967,0.9392954,0.9487133,0.94684386,0.95960355,0.8721666,0.922634,0.9661383,0.9763404,0.93403393,0.9658,0.66209936,0.78466135,0.9392832,0.82732904,0.8829841,0.580701,0.92802656,0.9589593,0.77387285,0.94552666,0.90592754,0.9541788,0.95460075,0.89714366,0.91574174,0.91483754,0.9693657,0.9010098,0.96497345,0.94742197,0.9658,0.93415993,0.89982253,0.9558389,0.94529104,0.9723938,0.957092,0.95413876,0.88952655,0.87822676,0.9530696,0.89817435,0.9616413,0.8658264,0.95094275,0.9442506,0.8803965,0.94201326,0.86117816,0.978283,0.6435829,0.97192353,0.71340925,0.97368884,0.95900095,0.96761554,0.8585662,0.96682817,0.9789737,0.9446535,0.96974945,0.96311545,0.891445,0.9301283,0.9266717,0.91375405,0.8645659,0.97539896,0.6580373,0.9769316,0.9766727,0.97638106,0.94894046,0.9815891,0.9183031,0.9267215,0.97299933,0.9649988,0.88486093,0.9668491,0.9271331,0.8755475,0.96063775,0.97664565,0.9419708,0.8942814,0.8169491,0.9113298,0.9549134,0.96303374,0.9462674,0.913626,0.91598976,0.92493016,0.94957393,0.95516205,0.94582397,0.9508603,0.96380603,0.9668491,0.90603715,0.94144106,0.945741,0.87456954
avengers,0.98467046,0.9607192,0.9668592,0.9602983,0.94578934,0.9019257,0.97675437,0.98527086,0.9708925,0.91909707,0.9615624,0.8879752,0.97051305,0.9783329,0.9526954,0.96233636,0.9656068,0.9532189,1.0000002,0.9599004,0.96373266,0.96528494,0.9739521,0.95219857,0.93763816,0.6431151,0.905144,0.95098436,0.96849144,0.9570257,0.95007306,0.95408344,0.90848064,0.89168024,0.871402,0.8207835,0.9694986,0.9703323,0.96469015,0.9166483,0.95777106,0.97422963,0.91777086,0.96000296,0.98067224,0.9084064,0.97146595,0.9531479,0.9264996,0.95960504,0.97193336,0.9751105,0.94401914,0.9218287,0.89333886,0.9500268,0.9741357,0.9611701,0.95158345,0.97250766,0.96300226,0.9522396,0.96347064,0.96237063,0.95177215,0.92455125,0.9715115,0.966435,0.95199704,0.8990084,0.9749109,0.7367286,0.86752224,0.9520279,0.8927946,0.94897175,0.6721987,0.9399628,0.9660206,0.8755758,0.950152,0.9503423,0.96638626,0.9613297,0.9066337,0.9494285,0.9636442,0.9718397,0.93971,0.96372277,0.9635597,0.9749109,0.88238466,0.9481037,0.97785777,0.9562651,0.9690557,0.9558782,0.9723372,0.937787,0.8941696,0.95332474,0.90193325,0.9717254,0.91996515,0.9655195,0.9744091,0.9254759,0.95567816,0.90402806,0.96632165,0.70192045,0.9430567,0.78305256,0.92423314,0.95223397,0.97133756,0.9371953,0.9666093,0.97136277,0.95748544,0.9161829,0.9504059,0.93992627,0.9546351,0.9519471,0.9536552,0.92497516,0.9363485,0.7348341,0.9633738,0.93549585,0.9649552,0.8645867,0.94307625,0.9511562,0.95880044,0.967177,0.9656759,0.9348272,0.9708925,0.9705239,0.92965764,0.92785895,0.9607547,0.9585987,0.9048367,0.8989609,0.9389427,0.9574712,0.9758153,0.9584288,0.95032346,0.89010394,0.9714731,0.95986223,0.9550783,0.9753249,0.9490845,0.91316795,0.9708925,0.9481924,0.9598741,0.97719514,0.9357349
beachbummovie,0.98046017,0.9675283,0.9684503,0.9341828,0.9632488,0.85127205,0.9804504,0.98270273,0.98301786,0.9371666,0.9577736,0.8442739,0.96663886,0.97290486,0.9865762,0.97689265,0.98315114,0.94830036,0.9599004,1.0,0.97077245,0.9148073,0.9749419,0.97178894,0.9404812,0.66591287,0.9173633,0.9606002,0.9676229,0.9632248,0.9530925,0.9561164,0.9219721,0.8400932,0.8450804,0.825843,0.97664046,0.94690055,0.97838634,0.9215536,0.96046895,0.96571326,0.8959585,0.97127604,0.98071456,0.93992376,0.9693647,0.9783585,0.9422016,0.97513926,0.97350323,0.97008044,0.9144184,0.9399633,0.8661074,0.9528455,0.9637291,0.9692376,0.95308495,0.97973174,0.9726799,0.9574726,0.97093767,0.97131914,0.9534736,0.9151796,0.9538252,0.964635,0.96333694,0.92429554,0.9787074,0.73291594,0.88254124,0.9619528,0.88429964,0.9237582,0.65384424,0.95546937,0.96986073,0.8409249,0.94879603,0.9174416,0.98089015,0.96508914,0.9127455,0.96504897,0.913946,0.9794128,0.93879694,0.9825059,0.9412655,0.9787074,0.90572554,0.9133315,0.9755304,0.9777334,0.9539524,0.98401415,0.9827971,0.9423823,0.9252594,0.95690745,0.906983,0.97742987,0.90414995,0.97264194,0.9840678,0.93157536,0.95786506,0.8975481,0.9780516,0.6915502,0.9367694,0.81402594,0.92897576,0.96149707,0.9828589,0.9065215,0.9844659,0.9780069,0.969577,0.94481534,0.97333515,0.91951644,0.97433156,0.947912,0.9494454,0.8780079,0.94156605,0.724084,0.97843426,0.9420724,0.98645294,0.9052763,0.9630981,0.9645222,0.96324044,0.96154404,0.9724424,0.93535674,0.98301786,0.94053704,0.9078993,0.9473981,0.97503793,0.96334547,0.9294648,0.8857903,0.9511706,0.96729743,0.9819638,0.9627548,0.96084577,0.9103527,0.9389185,0.9615682,0.9729355,0.96864426,0.94491285,0.916615,0.98301786,0.9465099,0.985874,0.9738001,0.9034789
bernadettefilm,0.9805026,0.9601243,0.9737263,0.9357231,0.98253685,0.84426016,0.98667175,0.98007464,0.9846714,0.9668761,0.94399595,0.8651096,0.9685048,0.9788061,0.9750476,0.9744254,0.970025,0.9716976,0.96373266,0.97077245,1.0,0.9303306,0.9716778,0.9800738,0.960724,0.651468,0.9428754,0.9526246,0.971159,0.9779942,0.9305179,0.9466384,0.898537,0.8559173,0.8386013,0.7828654,0.9693441,0.95221543,0.97138757,0.91436136,0.9743515,0.9768701,0.9057523,0.9857584,0.98035353,0.95418096,0.9672773,0.97718555,0.9187455,0.9886786,0.97109777,0.9783854,0.91684556,0.96905965,0.85697335,0.95930326,0.97454125,0.98088557,0.941194,0.9777568,0.98044604,0.9607991,0.96759695,0.96235967,0.9756686,0.889439,0.94405365,0.97259206,0.9624516,0.9359195,0.9797703,0.6958433,0.84567934,0.9578958,0.85350037,0.91157895,0.6275665,0.95137787,0.9639226,0.83557296,0.9285816,0.908463,0.9825785,0.9772729,0.8834648,0.9506789,0.90715927,0.99014795,0.92954844,0.98463273,0.9622646,0.9797703,0.94706565,0.9179817,0.9647604,0.96063894,0.96001637,0.9791266,0.98700225,0.9247986,0.9243821,0.97710407,0.9494231,0.97774005,0.90879685,0.97260725,0.97014254,0.9166549,0.9649915,0.8842009,0.9852526,0.661695,0.96750265,0.75821483,0.97450536,0.9735704,0.9828632,0.8824335,0.9855212,0.9858091,0.97237086,0.9690695,0.9812852,0.8831938,0.95624626,0.9441417,0.9555752,0.8797095,0.94993925,0.6935363,0.9875392,0.96664584,0.9849591,0.9224312,0.9760948,0.970556,0.9674648,0.96688616,0.97861665,0.93552136,0.9846714,0.9332246,0.9149666,0.9502465,0.9747601,0.9581449,0.91836,0.8532831,0.95202833,0.9663193,0.97274137,0.97516465,0.95825654,0.9322634,0.94442576,0.9614657,0.96867555,0.9565517,0.9618479,0.9626041,0.9846714,0.9229742,0.9716006,0.96425277,0.9102071
