movie,21bridgesmovie,47metersdown,abeautifuldaymovie,abominablemovie,adastramovie,adogsjourneymovie,aftermathmovie,aftermovie,ahiddenlifefilm,alitamovie,angelhasfallen,angrybirdsmovie,annabellemovie,annamovie,apollo11movie,arcticdogsmovie,arcticmovie,artofracingmovie,avengers,beachbummovie,bernadettefilm,blackandbluemovie,blackchristmas,blindedbythelightmovie,bombshellmovie,booksmart,breakthroughmovie,brianbanksmovie,brightburnmovie,brittanyrunsmov,captainmarvelofficial,captivestatemovie,catsmovie,charliesangels,childsplaymovie,clarathefilm,coldpursuitmovie,countdown,currentwarmovie,darkwatersmovie,detectivepikachumovie,disneyaladdin,disneyfrozen,disneymaleficent,doctorsleepmovie,dolemiteismyname,dontletgomovie,doramovie,downtonabbey_official,dumbo,escaperoom,everybodyknowsmovie,fastandfuriousmovie,fightingwmyfam,fivefeetapartfilm,fordvferrari,freaksthefilm,geminimanmovie,glassmovie,gloriabellmovie,godzillamovie,goldfinchmovie,goodboysmovie,goodliarmovie,gretafilm,halathemovie,happydeathdaymovie,harrietfilm,hellboymovie,hersmellmovie,highlifemovie,highstrungmovie,honeyboymovie,hotelmumbaifilm,httydragon,hustlemovie,hustlersmovie,isntitromantic,itmovieofficial,jayandsilentbob,johnwickmovie,jojorabbitmovie,jokermovie,judythefilm,jumanjimovie,justmercyfilm,knivesout,lalloronamovie,lastblackmansf,lastchristmasthemovie,latenightmovie,lighthousemovie,lionking,littlethemovie,littlewomenmovie,littlewoodsfilm,longshotmovie,lordsofchaosmovie,lucyintheskyfilm,mamovie2019,marriagestory,meettheaddams,meninblack,midsommarmovie,midwaymovie,missbalamovie,missinglinkfilm,motherlessbklyn,onceinhollywood,onthebasisofsex,overcomermovie,peanutbutterfalcon,petsematarymovie,piercingmovie,playingwithfire,playmobilthemovie,pomsmovie,queenandslim,rambomovie,readyornotfilm,richardjewellfilm,rocketmanmovie,scarystoriesmovie,secretlifeofpets,serenityfilm,shaftmovie,shazammovie,spidermanmovie,spiesindisguise,starwars,stormboymovie,stubermovie,taosdfilm,teenspiritmov,terminator,theaeronautsmov,thebestofenemies,thedeaddontdie,thefarewell,thehighwaymen,thehummingbirdprojectfilm,theintrudermovie,theirishmanfilm,thekitchenmovie,thelegomovie,themustangfilm,thenightingalefilm,theprodigymovie,thesunisalsoastar,theupsidefilm,tolkienmovie,toystory,triplefrontier,uglydolls,uncutgems,underthesilverlake,usmovie,wavesmovie,whatmenwant,wonderparkmovie,wrinklestheclown,xmenmovies,yardiefilm,yesterdaymovie,zombieland
21bridgesmovie,0.9999999,0.95370656,0.9771246,0.9674649,0.9811776,0.96155936,0.9839071,0.9822649,0.9928687,0.9551171,0.9823661,0.9583491,0.9694394,0.9868417,0.9734795,0.95817196,0.98390007,0.9742932,0.98776436,0.97337025,0.98008764,0.9731594,0.97559524,0.9847828,0.97290534,0.8209357,0.9786158,0.9865602,0.9778036,0.97350657,0.9863607,0.97154963,0.9779573,0.9601567,0.966103,0.8535419,0.9772049,0.9761418,0.97954077,0.9747031,0.9787034,0.98212725,0.9647337,0.97408277,0.9823597,0.9727942,0.97452366,0.979271,0.9812182,0.9851034,0.9797629,0.9882317,0.9507062,0.9802749,0.956889,0.9785573,0.9757392,0.9722922,0.9833915,0.98080057,0.96716934,0.9617569,0.97878855,0.9882762,0.9689259,0.9650824,0.9741833,0.97683483,0.97711706,0.9348344,0.98209006,0.96027815,0.95068455,0.9899357,0.9405541,0.97665095,0.8825401,0.97599,0.96104676,0.961217,0.9781477,0.9805572,0.98931074,0.9554517,0.9672502,0.9598607,0.9637366,0.98069316,0.9742562,0.97836334,0.9691036,0.98209006,0.96656096,0.9688585,0.9774676,0.9852588,0.9627375,0.978116,0.9719746,0.98230916,0.96577215,0.95945174,0.9773619,0.9848147,0.96635765,0.9799108,0.9852883,0.988287,0.92723715,0.9561442,0.98826265,0.82984066,0.97261363,0.88970447,0.97266364,0.98394084,0.9950133,0.96460146,0.98741686,0.97353435,0.97163534,0.97937113,0.9813968,0.97881407,0.9848454,0.9787577,0.9773869,0.958628,0.9718439,0.926311,0.9718608,0.95803183,0.9773199,0.95948905,0.96742517,0.97747046,0.9843678,0.96240467,0.97449,0.97725886,0.9928687,0.98208034,0.97631216,0.9804016,0.98105997,0.9835483,0.9606196,0.95374066,0.9720494,0.97858477,0.9786521,0.9762912,0.9781158,0.8875007,0.97875196,0.9768185,0.96107066,0.9802198,0.9726214,0.96807665,0.9928687,0.96942437,0.9904356,0.98506147,0.9772682
47metersdown,0.95370656,1.0,0.9333613,0.9052419,0.9345246,0.8832099,0.93837065,0.9553353,0.96038234,0.9526243,0.9600779,0.8768951,0.93765783,0.93923354,0.9666847,0.98271364,0.9380699,0.9224012,0.94262815,0.9594844,0.9632901,0.9293828,0.9288797,0.96297324,0.941145,0.7839153,0.9355161,0.9455022,0.9255575,0.9616767,0.93433976,0.9636312,0.9335771,0.9279902,0.90809965,0.7480194,0.9297779,0.9377749,0.95012385,0.93829435,0.9135179,0.95515037,0.9157978,0.93347543,0.9462822,0.918361,0.9215843,0.92402554,0.96915245,0.93464476,0.93322384,0.9638381,0.9281277,0.96277183,0.9147827,0.9380731,0.9605866,0.94575715,0.9406253,0.924938,0.9858225,0.92530173,0.9571075,0.9573487,0.9643917,0.9229927,0.93275774,0.96769893,0.9619763,0.86078715,0.92551655,0.953543,0.90308285,0.9624628,0.8578516,0.9140298,0.86315894,0.9386083,0.9198248,0.9319698,0.9301215,0.9454702,0.9692434,0.90984404,0.9190849,0.97025627,0.9358054,0.95156735,0.91077995,0.93535227,0.9310686,0.92551655,0.928929,0.91897094,0.9474224,0.96282387,0.9657505,0.9473409,0.9478608,0.91617745,0.902404,0.93767315,0.92718863,0.938812,0.93684083,0.93605494,0.94865984,0.97277164,0.9221877,0.94408345,0.9370439,0.8481348,0.9364809,0.8072014,0.9263068,0.9386033,0.9485024,0.9175401,0.93189794,0.9363547,0.9489816,0.9457268,0.9410837,0.9171301,0.9411371,0.9346041,0.9329796,0.90628386,0.9648866,0.8690196,0.9343883,0.96046007,0.9419422,0.91147,0.940665,0.95672905,0.92194384,0.9678026,0.90947765,0.936973,0.96038234,0.95276403,0.94573855,0.9460237,0.9621728,0.95628744,0.89326775,0.89577866,0.9655393,0.9023918,0.93154883,0.9386152,0.95076346,0.8566716,0.9224014,0.92220074,0.8967763,0.9216431,0.9236657,0.90907687,0.96038234,0.91416675,0.9696642,0.9532046,0.9449584
abeautifuldaymovie,0.9771246,0.9333613,0.9999998,0.95195794,0.9791067,0.9619016,0.9790467,0.9636554,0.984975,0.9541495,0.9621703,0.9602876,0.97300977,0.97700685,0.9716642,0.9452204,0.9657861,0.978013,0.9733946,0.97646374,0.9702283,0.97850984,0.97005844,0.9675532,0.97041196,0.7782176,0.9629739,0.96927124,0.9896297,0.9545906,0.97386676,0.9685006,0.9692788,0.95504624,0.9590352,0.88323486,0.9819158,0.9696548,0.9801041,0.977005,0.97925293,0.96347284,0.9426844,0.9475266,0.98134154,0.98446304,0.9727933,0.95790267,0.962147,0.9660156,0.99017787,0.978097,0.9493855,0.9639937,0.9596994,0.9739741,0.9568041,0.97232616,0.97703654,0.9835112,0.9439311,0.9575574,0.9722097,0.9789378,0.95882726,0.941659,0.96688217,0.9520475,0.9466243,0.9136375,0.98405945,0.9496077,0.95540124,0.9776916,0.95804834,0.9712663,0.86828125,0.94670814,0.96560806,0.95859146,0.9658659,0.9733443,0.97901505,0.9747153,0.9844527,0.938049,0.9454852,0.9723132,0.97341865,0.96456796,0.9484758,0.98405945,0.9398496,0.9684079,0.9828359,0.9761445,0.9548648,0.97975117,0.9558388,0.96513927,0.97611284,0.9714288,0.9852695,0.98443913,0.9652472,0.9862436,0.9760457,0.9767988,0.92124146,0.9395458,0.98342705,0.7918769,0.9713984,0.9133938,0.98247045,0.9621285,0.9790445,0.97041,0.9709982,0.96252954,0.95672566,0.97716314,0.97752565,0.96016794,0.9886442,0.97133833,0.9665982,0.96678656,0.9686845,0.8688044,0.9753022,0.94956964,0.9622836,0.9509877,0.9682059,0.95660144,0.9771552,0.9483647,0.97870344,0.9815418,0.984975,0.9868293,0.9869941,0.96024084,0.97340363,0.97572106,0.95344996,0.9638913,0.93788236,0.9644129,0.9808021,0.9625401,0.9733148,0.8972537,0.98145086,0.9794354,0.9527059,0.9803201,0.9801608,0.9783046,0.984975,0.9709498,0.96825,0.98357064,0.9794859
abominablemovie,0.9674649,0.9052419,0.95195794,1.0,0.96879625,0.9737755,0.97447467,0.9760292,0.97335106,0.9172792,0.9599893,0.9611304,0.9520904,0.97232646,0.9519785,0.92963487,0.97300416,0.9714197,0.965848,0.9493253,0.9650844,0.96270096,0.9632602,0.9722737,0.9609995,0.82319796,0.96683294,0.963757,0.9537501,0.9403228,0.9743144,0.9401048,0.96632713,0.94809335,0.96708846,0.8504299,0.9645937,0.96854013,0.94372296,0.96636146,0.9654352,0.9702899,0.9738934,0.98223585,0.972534,0.9595033,0.96604025,0.9779312,0.9508009,0.98656195,0.96355706,0.9696529,0.9508578,0.96164936,0.97187513,0.96097827,0.9573583,0.9377585,0.9826559,0.9663226,0.9145803,0.9661697,0.9478803,0.95724523,0.93970543,0.95559204,0.9528596,0.9463206,0.95352876,0.9380687,0.96893984,0.9269989,0.9174572,0.95692873,0.9300753,0.9513008,0.8204233,0.96990705,0.9794208,0.94804513,0.95427215,0.975982,0.9572941,0.9269555,0.94253355,0.9266975,0.95994264,0.95781976,0.98198825,0.96215785,0.96277106,0.96893984,0.93875384,0.9834593,0.959218,0.96444476,0.9300488,0.96979314,0.9706394,0.9666762,0.95359427,0.9453472,0.973937,0.96500903,0.9206318,0.9659778,0.9773088,0.9586446,0.9260143,0.93619573,0.9677081,0.8398117,0.9607908,0.88628805,0.96160334,0.96948546,0.9708976,0.9224111,0.97798365,0.9753306,0.9432122,0.9479076,0.9722709,0.96590453,0.96345145,0.9805198,0.97444105,0.9323343,0.9538767,0.9302259,0.96330917,0.9382973,0.97237736,0.9588435,0.92857796,0.9422497,0.9736735,0.92416924,0.96455586,0.9562204,0.97335106,0.95024,0.9405714,0.97051346,0.93834126,0.9591987,0.9568602,0.94869864,0.955806,0.9732499,0.9643179,0.9700886,0.96921086,0.7945105,0.95445496,0.95964444,0.9533314,0.9729058,0.96291953,0.96516865,0.97335106,0.97188914,0.972383,0.96449995,0.94359136
adastramovie,0.9811776,0.9345246,0.9791067,0.96879625,0.99999994,0.9693647,0.9844609,0.9732412,0.98713416,0.95804745,0.9633255,0.9712727,0.9760618,0.97873825,0.97137284,0.94497615,0.9734133,0.98632336,0.9741339,0.9741589,0.97137856,0.97841156,0.97251433,0.97916025,0.9534301,0.82617825,0.9841825,0.97662073,0.9745686,0.97261846,0.97315186,0.9629242,0.9817181,0.9606239,0.96485156,0.87117094,0.98055696,0.9817395,0.97077584,0.97268987,0.98013407,0.9725859,0.9534338,0.9633542,0.9832957,0.9758854,0.9765375,0.977933,0.96745086,0.97618353,0.9791445,0.9776005,0.94408566,0.96865714,0.9631979,0.98377985,0.9639683,0.9640503,0.98908967,0.98274237,0.9456531,0.95839715,0.9703812,0.979031,0.9502967,0.95406294,0.9557583,0.9547753,0.9456052,0.9239517,0.9842101,0.95364004,0.9355705,0.9772064,0.93817633,0.97757757,0.8589709,0.9709727,0.96843565,0.95591855,0.96470827,0.97620785,0.9812205,0.9577898,0.95737463,0.93515146,0.96305335,0.9783421,0.9737456,0.9782282,0.9650084,0.9842101,0.9378774,0.9715957,0.97360843,0.97097397,0.9442388,0.9816814,0.97775185,0.97028416,0.9695461,0.9538049,0.97950906,0.9832321,0.957541,0.9782086,0.97922915,0.9735153,0.93323076,0.94626963,0.986786,0.81607556,0.97186756,0.9016846,0.97297704,0.9688966,0.98072577,0.94900703,0.9793178,0.97259206,0.9693285,0.96761215,0.9808175,0.97434205,0.9773104,0.9774462,0.9772977,0.95087856,0.976951,0.90101004,0.96348935,0.96464866,0.9794304,0.95723426,0.9606766,0.96924835,0.9753669,0.9395904,0.9781599,0.9784023,0.98713416,0.9816655,0.9758468,0.9711988,0.9724636,0.96868056,0.95212406,0.9566161,0.95349336,0.96613944,0.9781599,0.9666345,0.9677216,0.88066596,0.9801115,0.9791273,0.96553195,0.98547393,0.9801412,0.97711307,0.98713416,0.9859672,0.9771127,0.98578906,0.96907455
adogsjourneymovie,0.96155936,0.8832099,0.9619016,0.9737755,0.9693647,0.9999999,0.97354686,0.956798,0.9648102,0.9199693,0.9431584,0.9643402,0.94796264,0.9691331,0.9479464,0.9130158,0.9567104,0.9793803,0.95994383,0.95253897,0.94868666,0.97176176,0.96934235,0.95702463,0.9449796,0.8171519,0.9719908,0.9593771,0.96490246,0.92026234,0.96520215,0.9347932,0.9511998,0.9390989,0.9616555,0.8820195,0.97354436,0.9521768,0.9482847,0.9531758,0.9634682,0.95100063,0.960832,0.9532242,0.9631477,0.964116,0.9706676,0.97328925,0.9305355,0.97148526,0.96277887,0.9484383,0.93443817,0.9517355,0.93917525,0.9638547,0.9342688,0.9298737,0.9722426,0.9763728,0.89558136,0.94710433,0.949626,0.9508677,0.9157967,0.9344624,0.94342315,0.91246176,0.9230817,0.9320644,0.9785259,0.9193152,0.9292182,0.9499416,0.954569,0.950801,0.7696267,0.9442733,0.95439804,0.95053935,0.9541027,0.9724128,0.9445869,0.9478714,0.94233084,0.90437317,0.9409739,0.95163655,0.9743172,0.95476323,0.9389576,0.9785259,0.9256895,0.96640974,0.9542437,0.95346504,0.9174421,0.96384436,0.95686966,0.97191143,0.96121633,0.95394474,0.97721463,0.97578084,0.9254302,0.9632723,0.9639223,0.94983304,0.88506234,0.89345276,0.9701832,0.76726276,0.9345681,0.9154302,0.96264315,0.95839196,0.96260375,0.944729,0.95860463,0.9552493,0.93061924,0.93747574,0.96866816,0.97061485,0.95753926,0.9573768,0.9609292,0.9312926,0.94121826,0.91135246,0.954195,0.9327954,0.9532666,0.9597716,0.9198751,0.9301597,0.9713834,0.9037476,0.9745679,0.9485372,0.9648102,0.9561462,0.94127625,0.9528352,0.94148827,0.94170517,0.95156425,0.9621192,0.92094344,0.9608327,0.97448534,0.94691646,0.9454632,0.8105083,0.9672234,0.9700683,0.96069884,0.9856426,0.9638885,0.96091676,0.9648102,0.9646559,0.9566032,0.96377766,0.9413953
aftermathmovie,0.9839071,0.93837065,0.9790467,0.97447467,0.9844609,0.97354686,1.0,0.977199,0.99231505,0.9529081,0.9648211,0.97184294,0.9724976,0.9843716,0.9812549,0.95521945,0.9861928,0.98043597,0.9743057,0.9751209,0.9724208,0.97845715,0.9766845,0.98696214,0.96799064,0.81264204,0.98001367,0.9842926,0.9732347,0.96785533,0.9758753,0.9679921,0.9813102,0.9590279,0.9756874,0.8883378,0.98087263,0.96963984,0.9780691,0.9717746,0.97991776,0.9781728,0.9669546,0.9766355,0.9894323,0.98075897,0.9788649,0.97411054,0.97264606,0.9851944,0.97876734,0.9850153,0.961126,0.96607745,0.960435,0.9766916,0.9764892,0.9689223,0.98237646,0.9881765,0.94706494,0.96214944,0.9787523,0.9802271,0.9625383,0.9551892,0.96545136,0.9620728,0.96236527,0.9409517,0.991182,0.9675663,0.9559793,0.97976166,0.9472249,0.967615,0.8592568,0.9699768,0.9656242,0.95773107,0.96296537,0.98966384,0.9800939,0.96848196,0.9679018,0.95778465,0.9538822,0.9797526,0.98275757,0.9726686,0.9753056,0.991182,0.9454496,0.98199457,0.9714319,0.9836885,0.96265537,0.9809926,0.97687817,0.9788661,0.9761075,0.9713028,0.9826462,0.98817736,0.95705223,0.9777924,0.9800064,0.98356575,0.9327415,0.9446799,0.9894865,0.8290345,0.9787671,0.9067446,0.9818942,0.9808932,0.988936,0.96469045,0.9833066,0.9926346,0.96525383,0.97107625,0.9803991,0.9702439,0.98317814,0.9791787,0.982608,0.95120364,0.9681061,0.91071075,0.9713675,0.9602839,0.9807473,0.9691251,0.96601343,0.96967506,0.9858961,0.953585,0.98878485,0.97774714,0.99231505,0.97535855,0.97651196,0.97278416,0.9714161,0.98127407,0.96494925,0.9666654,0.9612304,0.9721181,0.9908904,0.97588056,0.9753831,0.86603117,0.97836673,0.98700285,0.95697576,0.9894628,0.986717,0.9804398,0.99231505,0.9805022,0.98268497,0.98294276,0.96836084
aftermovie,0.9822649,0.9553353,0.9636554,0.9760292,0.9732412,0.956798,0.977199,0.9999999,0.9859291,0.9561792,0.9761214,0.95147604,0.956484,0.9824327,0.9667114,0.96174496,0.97710687,0.971237,0.9800726,0.96614784,0.97409004,0.9681769,0.97100574,0.9881925,0.9742994,0.8132716,0.9768586,0.97527426,0.9592601,0.9692879,0.9804649,0.95792526,0.97105044,0.9537488,0.96337456,0.8262163,0.9728895,0.969878,0.9705838,0.973321,0.97280204,0.97819173,0.95694864,0.97757494,0.9787804,0.9641503,0.9697103,0.97844315,0.97627443,0.98568374,0.9719322,0.9830723,0.9695865,0.98427117,0.9740146,0.9677549,0.97936165,0.9543731,0.9904464,0.9682876,0.9624188,0.9750522,0.9700291,0.9740578,0.95521224,0.9412821,0.9634688,0.969686,0.97496533,0.931936,0.97160906,0.9510422,0.9283459,0.97832644,0.9160401,0.94857395,0.8373302,0.9610244,0.9783349,0.9556022,0.96584964,0.9797801,0.98262095,0.9371933,0.9554799,0.9708222,0.9764359,0.97091985,0.97675806,0.976033,0.95812607,0.97160906,0.9472771,0.9682018,0.97667116,0.9773558,0.9664052,0.9802244,0.988214,0.9651651,0.9574161,0.95968693,0.97464776,0.9717421,0.9483988,0.9758233,0.9868118,0.9849449,0.9384321,0.95440346,0.9777986,0.8430789,0.96760106,0.86639017,0.96733654,0.9727984,0.97759026,0.93843263,0.97963995,0.971759,0.9581195,0.96632105,0.9812683,0.9646647,0.97908956,0.98533285,0.9740056,0.9397692,0.9750296,0.9168908,0.96952087,0.9641997,0.9770629,0.9610531,0.9474255,0.96616375,0.9668674,0.96362615,0.96476203,0.97202617,0.9859291,0.97008985,0.9636401,0.97278434,0.9603866,0.97574884,0.9510513,0.9437881,0.97931695,0.96622735,0.974966,0.9706392,0.9808414,0.82799804,0.9609144,0.9624585,0.95884126,0.96946186,0.9693187,0.9659153,0.9859291,0.97266614,0.9870027,0.97896105,0.96717787
ahiddenlifefilm,0.9928687,0.96038234,0.984975,0.97335106,0.98713416,0.9648102,0.99231505,0.9859291,1.0,0.96182597,0.98015296,0.96664107,0.97920436,0.9913845,0.98843265,0.96617526,0.98863745,0.9820662,0.9880766,0.9835448,0.98489016,0.978255,0.9826998,0.9940132,0.97526044,0.8054564,0.9793811,0.9872655,0.9835826,0.9777184,0.988488,0.97796434,0.9866681,0.96672255,0.97564155,0.8627293,0.9858197,0.9825149,0.9859213,0.9848017,0.98205584,0.98913914,0.9641576,0.97810894,0.9931592,0.9822844,0.9835883,0.9786165,0.9850616,0.98762083,0.98809737,0.9946244,0.96424776,0.9839334,0.9717833,0.98515177,0.98402435,0.98109806,0.989326,0.9874999,0.9695816,0.9715279,0.9885076,0.9920711,0.9738642,0.9670454,0.9793981,0.97724324,0.9769528,0.93350637,0.9885725,0.9746792,0.95749557,0.9900823,0.9456957,0.97592974,0.87618196,0.97534436,0.9750837,0.970177,0.9734068,0.98741156,0.9932069,0.9655394,0.97635144,0.970276,0.9730249,0.98663867,0.97947586,0.9837606,0.9742586,0.9885725,0.9574949,0.981888,0.98383784,0.992455,0.97306556,0.98578155,0.980066,0.9781065,0.9753869,0.9750456,0.9864311,0.9888759,0.9720017,0.9878733,0.99227357,0.9936812,0.9358642,0.9573297,0.99306244,0.844997,0.9848191,0.90062034,0.9848703,0.98653984,0.99474967,0.96792173,0.9884358,0.98494595,0.9727354,0.98397845,0.98777664,0.9739478,0.99187547,0.987339,0.9817884,0.96225274,0.9844765,0.91329205,0.98410386,0.968584,0.9872353,0.9654446,0.97551423,0.97748137,0.98447025,0.970937,0.9816185,0.9870102,1.0,0.98642707,0.98431945,0.9835333,0.9830764,0.9891319,0.9646822,0.964846,0.9762194,0.9758656,0.98704344,0.98013306,0.9883863,0.8880049,0.9847823,0.9820862,0.96452653,0.98655146,0.98312235,0.98159033,1.0,0.97625685,0.9921071,0.9941565,0.9820735
alitamovie,0.9551171,0.9526243,0.9541495,0.9172792,0.95804745,0.9199693,0.9529081,0.9561792,0.96182597,1.0000001,0.961035,0.9010233,0.94677955,0.94786084,0.9525812,0.97119796,0.95071167,0.94385153,0.95273113,0.9693186,0.9578264,0.9613292,0.94877523,0.9511248,0.95614874,0.73752105,0.96135706,0.9602113,0.94521964,0.93439615,0.9436122,0.9571788,0.94655025,0.9337942,0.9156451,0.8162053,0.9425123,0.9282606,0.9495849,0.9317738,0.94458324,0.9434987,0.916947,0.9257349,0.9557491,0.94227517,0.9512105,0.94018984,0.96519107,0.9443638,0.9556749,0.9534517,0.9608911,0.958704,0.90999764,0.9313804,0.9490897,0.949871,0.9557919,0.95495653,0.96718335,0.9085299,0.94717556,0.95387626,0.953287,0.91321737,0.9289083,0.94440025,0.94020057,0.9014478,0.9613905,0.9405074,0.87276685,0.96705526,0.90562576,0.9310646,0.83451426,0.9308037,0.92478836,0.94778335,0.9519722,0.95247024,0.9784548,0.9449881,0.94243455,0.9551166,0.92632633,0.9573024,0.93045306,0.92852104,0.9170931,0.9613905,0.9463364,0.93525726,0.9553908,0.94359624,0.9658666,0.97172266,0.96429473,0.9410751,0.9181687,0.94800127,0.94598716,0.96321785,0.9723356,0.96026284,0.95203215,0.95733976,0.9325794,0.924013,0.9580239,0.7763607,0.9340196,0.8640524,0.94419515,0.9268017,0.94535094,0.9427433,0.93486613,0.9423269,0.9646644,0.9621624,0.9686116,0.9278436,0.9590396,0.9398617,0.93666816,0.93999547,0.95018303,0.8678093,0.93606645,0.962835,0.9523292,0.9483796,0.9433313,0.9315628,0.94143575,0.9326573,0.95124936,0.95593923,0.96182597,0.98216695,0.9534355,0.92134815,0.95838183,0.9612124,0.9218939,0.9236928,0.9272115,0.9051137,0.9453032,0.9174294,0.9479289,0.88216263,0.92814934,0.95626664,0.93510157,0.9453662,0.9628013,0.931842,0.96182597,0.959533,0.9503791,0.9693195,0.969518
angelhasfallen,0.9823661,0.9600779,0.9621703,0.9599893,0.9633255,0.9431584,0.9648211,0.9761214,0.98015296,0.961035,0.99999994,0.9186389,0.9511293,0.969354,0.9639971,0.9717265,0.9735834,0.96324825,0.97061676,0.96650124,0.9826661,0.9692946,0.967119,0.9746004,0.9799146,0.81417775,0.9731692,0.9787564,0.9591836,0.9538521,0.9684036,0.9684727,0.96779823,0.95232713,0.94189435,0.8269793,0.9593753,0.96309406,0.9550995,0.9540285,0.96642494,0.9785768,0.95668703,0.9721019,0.9655043,0.9514663,0.9618692,0.9688954,0.9702248,0.9771266,0.96638924,0.9731628,0.95030475,0.9787175,0.94325686,0.95436525,0.96244735,0.9544487,0.9750458,0.96752566,0.97562426,0.95902437,0.95271176,0.9716434,0.96511155,0.96063286,0.9497005,0.9620876,0.9832344,0.9335426,0.9698882,0.94780207,0.9019177,0.9861468,0.9193877,0.9464374,0.8516667,0.9610238,0.96476877,0.94983983,0.9770499,0.97192746,0.9849996,0.92676806,0.94589955,0.9619032,0.9633069,0.9608834,0.9641408,0.9533763,0.9609575,0.9698882,0.96648,0.95675504,0.9684922,0.97930425,0.96344227,0.9717581,0.973268,0.96835893,0.93142116,0.9476571,0.9738247,0.9730527,0.9493344,0.9704645,0.9741267,0.9745881,0.9457193,0.9534085,0.9756771,0.8356824,0.95534146,0.85450494,0.9589677,0.97279215,0.97961754,0.935147,0.9724446,0.9640918,0.972914,0.9689807,0.97358793,0.9696395,0.96665704,0.9630842,0.9605863,0.94396377,0.9646269,0.92219555,0.9527137,0.97055537,0.9688643,0.9605389,0.9454026,0.9635195,0.96932065,0.9411131,0.95680845,0.9588161,0.98015296,0.979366,0.950609,0.9697128,0.9680674,0.9756686,0.96196544,0.9396844,0.96962935,0.9625517,0.95421547,0.97198063,0.9667772,0.8430866,0.9442989,0.9648936,0.95449,0.9628155,0.95114577,0.9489843,0.98015296,0.96021134,0.9845584,0.9781349,0.9605049
angrybirdsmovie,0.9583491,0.8768951,0.9602876,0.9611304,0.9712727,0.9643402,0.97184294,0.95147604,0.96664107,0.9010233,0.9186389,0.9999999,0.9486795,0.97126937,0.9489741,0.8839731,0.965387,0.9589665,0.96593934,0.9454264,0.9334276,0.94917166,0.9506953,0.9588706,0.92348385,0.7795173,0.94794077,0.9503548,0.95825714,0.9469314,0.96985424,0.91295445,0.96702516,0.933042,0.96711,0.89491737,0.96153945,0.9631816,0.95411533,0.97106624,0.9678764,0.946823,0.93363726,0.9448531,0.96834904,0.9631722,0.96148354,0.9696981,0.94318163,0.9592107,0.9665602,0.9574004,0.91628855,0.93882537,0.95657504,0.97098905,0.95034814,0.9457823,0.96804607,0.9616376,0.8892941,0.94924283,0.9568716,0.96285045,0.9087147,0.9322988,0.94977516,0.9299992,0.9135542,0.9140533,0.96485555,0.9325928,0.9518394,0.9390403,0.9310011,0.96272117,0.8361059,0.9381444,0.95345545,0.94349253,0.9270228,0.95550144,0.9446491,0.94571733,0.9575804,0.90349203,0.9448677,0.9495679,0.96787286,0.9766159,0.94877803,0.96485555,0.90635484,0.9680619,0.9468087,0.94895595,0.9025184,0.9524324,0.94134146,0.9522676,0.96744055,0.931027,0.9643689,0.95803684,0.9287947,0.963899,0.9638213,0.9549889,0.8819476,0.9141279,0.9700134,0.7928478,0.96834517,0.9016419,0.9633158,0.9544353,0.9623962,0.93348324,0.97152054,0.9610466,0.92874837,0.942871,0.9615352,0.947697,0.96607834,0.9728146,0.95513076,0.93595916,0.9438344,0.8902447,0.9514001,0.91254824,0.96768093,0.9449409,0.9471249,0.93997294,0.95749086,0.92418945,0.9687546,0.95533407,0.96664107,0.9394021,0.9541273,0.95102113,0.9322192,0.94813424,0.9492427,0.9432954,0.93358666,0.9656983,0.9691177,0.94952625,0.94998187,0.8569218,0.975948,0.95770144,0.9532201,0.970203,0.9708496,0.9811907,0.96664107,0.9658583,0.9473433,0.9546221,0.9512012
annabellemovie,0.9694394,0.93765783,0.97300977,0.9520904,0.9760618,0.94796264,0.9724976,0.956484,0.97920436,0.94677955,0.9511293,0.9486795,0.99999994,0.96557647,0.9820911,0.9342013,0.95968133,0.97617173,0.9625397,0.9714829,0.9783033,0.9605334,0.96142954,0.9689491,0.95860237,0.81380385,0.95807797,0.9588451,0.96350515,0.9597076,0.9650874,0.98235536,0.96703833,0.92554945,0.9696764,0.8534074,0.9619859,0.9781864,0.95958173,0.9732504,0.94978607,0.9773898,0.95388085,0.956627,0.980421,0.9579587,0.96026015,0.9576867,0.9650027,0.96660817,0.9596237,0.98046124,0.9415284,0.9530493,0.9523222,0.9770926,0.9581387,0.97344136,0.9687566,0.9659188,0.94184476,0.95392203,0.9732804,0.9740528,0.9611824,0.9656378,0.9523346,0.96234846,0.9427087,0.8777222,0.9657567,0.95355535,0.93598354,0.96195376,0.932758,0.96884835,0.89885724,0.9690649,0.95316863,0.95447046,0.9349585,0.9694033,0.97485656,0.9542234,0.9479711,0.9346185,0.9407514,0.9942822,0.9452647,0.95991504,0.9665357,0.9657567,0.91825515,0.96729964,0.94925165,0.97243214,0.94674104,0.96881866,0.94097793,0.9512551,0.95289165,0.96370184,0.95941174,0.9682606,0.9496803,0.9565852,0.96371543,0.9640563,0.90101516,0.9456669,0.96935844,0.81227344,0.9689462,0.8930623,0.95061606,0.96599156,0.97139066,0.9590983,0.9556748,0.9611556,0.97062504,0.9603674,0.9611162,0.94971025,0.9691205,0.9688326,0.98509085,0.9245514,0.9765466,0.8654408,0.9779215,0.9563948,0.9600536,0.9295038,0.9809962,0.9586821,0.9631171,0.95222676,0.9546753,0.9643262,0.97920436,0.9708746,0.9660336,0.9485042,0.9791442,0.96645343,0.91584575,0.9749728,0.9520603,0.94495267,0.9694631,0.962705,0.96295863,0.897847,0.972118,0.9642896,0.9253652,0.96843034,0.9718109,0.95668924,0.97920436,0.96146625,0.9617259,0.9791725,0.95820785
annamovie,0.9868417,0.93923354,0.97700685,0.97232646,0.97873825,0.9691331,0.9843716,0.9824327,0.9913845,0.94786084,0.969354,0.97126937,0.96557647,0.9999998,0.97434705,0.94698894,0.98316145,0.97517306,0.9859284,0.97196555,0.97096735,0.9762034,0.9877969,0.98516804,0.9631803,0.77661186,0.9785423,0.9794348,0.9794229,0.9612415,0.99122596,0.9553159,0.981226,0.96751785,0.9754816,0.85985816,0.9869747,0.97408956,0.98036754,0.9809655,0.97680974,0.9779243,0.951725,0.9663719,0.98887306,0.9833248,0.98842806,0.98069113,0.97625935,0.9816248,0.9864331,0.98510975,0.960951,0.9811133,0.96313477,0.9773514,0.9779922,0.97287256,0.98230726,0.98630244,0.9465444,0.961393,0.98131555,0.99244475,0.9557675,0.95557797,0.9725161,0.9644509,0.97176003,0.953633,0.98781586,0.9549855,0.9516816,0.9786099,0.9401524,0.97212726,0.8408679,0.9653046,0.9678879,0.9715081,0.9686909,0.98166513,0.9808947,0.95586634,0.97328126,0.9560684,0.974875,0.9746838,0.9808621,0.97968626,0.9638461,0.98781586,0.9572641,0.9769104,0.9837551,0.9829991,0.9577859,0.9738664,0.97347146,0.9862703,0.97741437,0.9648833,0.9877905,0.9899149,0.9666298,0.98845506,0.9889188,0.9887324,0.90688586,0.926902,0.98940134,0.8068668,0.979287,0.8813398,0.98517454,0.9848408,0.9897149,0.9613389,0.9821162,0.97271127,0.96284044,0.975656,0.9845507,0.96962315,0.9882097,0.97929054,0.9712075,0.9639698,0.9680136,0.9235707,0.98197716,0.9494917,0.9814952,0.97429466,0.9684224,0.95938325,0.979831,0.96174496,0.98347276,0.9794436,0.9913845,0.97623515,0.97295475,0.97789514,0.96292865,0.9805274,0.962794,0.95794433,0.97014886,0.9766952,0.98025185,0.967431,0.9815101,0.8744814,0.9811066,0.97945994,0.9745324,0.9871106,0.9811138,0.98628813,0.9913845,0.96531147,0.9804236,0.98563534,0.9765065
apollo11movie,0.9734795,0.9666847,0.9716642,0.9519785,0.97137284,0.9479464,0.9812549,0.9667114,0.98843265,0.9525812,0.9639971,0.9489741,0.9820911,0.97434705,0.99999976,0.96240366,0.97086596,0.970614,0.9699774,0.98611546,0.9803995,0.9601082,0.9664781,0.98708606,0.9594034,0.80258006,0.95954406,0.96799356,0.9650122,0.9694516,0.96920043,0.9799718,0.9729901,0.9414316,0.96683514,0.85383654,0.9684081,0.9715469,0.9724279,0.975136,0.9535396,0.981476,0.9513985,0.9616292,0.98420686,0.9583178,0.96409684,0.96257526,0.9746447,0.9673129,0.96650213,0.9844697,0.94757307,0.9707366,0.9502607,0.97730994,0.9792044,0.9737252,0.97221327,0.968488,0.96455944,0.96354353,0.98540956,0.9829629,0.965868,0.9594598,0.9622655,0.9678297,0.9612711,0.89686066,0.96914846,0.97959334,0.94974273,0.9711902,0.9278353,0.9574555,0.8785512,0.96234727,0.95866466,0.9633765,0.94262743,0.9791523,0.9807875,0.95936453,0.95451534,0.9647004,0.95979106,0.98510313,0.9523264,0.97058326,0.96980613,0.96914846,0.9279943,0.9677474,0.9594048,0.9884151,0.9639539,0.9745043,0.95877594,0.95390826,0.95468926,0.97019947,0.9672752,0.9726844,0.95396894,0.9662445,0.9739564,0.98426867,0.9171853,0.9494606,0.9760263,0.83440626,0.97310275,0.8868592,0.9634402,0.9736648,0.97820014,0.9581243,0.9647366,0.9743708,0.97069734,0.9614999,0.97118783,0.9511696,0.97309464,0.9691414,0.9743945,0.9276546,0.98351026,0.8844416,0.9743528,0.9721035,0.9735837,0.9456782,0.9723333,0.9700775,0.9642411,0.97000235,0.9581216,0.9656787,0.98843265,0.9707026,0.9700392,0.9637213,0.98264474,0.97468996,0.9345965,0.9642604,0.9699627,0.947459,0.97660285,0.9667235,0.9696971,0.8816199,0.97195655,0.96482223,0.93359405,0.9712747,0.9694477,0.96050143,0.98843265,0.95445096,0.97773165,0.98256236,0.9648331
arcticdogsmovie,0.95817196,0.98271364,0.9452204,0.92963487,0.94497615,0.9130158,0.95521945,0.96174496,0.96617526,0.97119796,0.9717265,0.8839731,0.9342013,0.94698894,0.96240366,0.99999994,0.9523209,0.93721056,0.9443651,0.9643642,0.97018915,0.95247316,0.94241375,0.96379507,0.96303475,0.7779744,0.95125127,0.9607349,0.939774,0.94344866,0.9421898,0.9688688,0.9411754,0.9473512,0.90943813,0.7782532,0.9416871,0.9310646,0.9519957,0.9330159,0.9333055,0.9567382,0.93850964,0.9488903,0.95611215,0.93474704,0.93839836,0.93468773,0.9683238,0.9532849,0.9494099,0.96360826,0.95665884,0.9682701,0.9182236,0.9317291,0.9596882,0.94250524,0.9523722,0.9462085,0.97758883,0.9222016,0.9497024,0.95482814,0.9757481,0.9242681,0.93477046,0.95785403,0.9646047,0.9018428,0.95024997,0.9527415,0.89088935,0.9724295,0.8895097,0.91985136,0.8316479,0.9437017,0.9303405,0.9383572,0.9508623,0.96250015,0.9721557,0.92732745,0.9322962,0.9693137,0.93206275,0.95018226,0.9358556,0.92521226,0.931714,0.95024997,0.95473015,0.9389089,0.9616272,0.9626723,0.97503954,0.9646424,0.9690416,0.9379896,0.91480565,0.95101404,0.9464506,0.9580592,0.9459216,0.9528665,0.9590029,0.9719657,0.9498912,0.94142556,0.95109224,0.8372407,0.93414634,0.83700025,0.94396937,0.94045085,0.95556843,0.9287617,0.94023573,0.9532822,0.9560695,0.95366895,0.96237713,0.9306205,0.95239305,0.93933254,0.9404284,0.9303207,0.95691216,0.8933115,0.9374464,0.9648979,0.9521238,0.94282186,0.92830634,0.9455517,0.9439014,0.94757813,0.9362238,0.9479076,0.96617526,0.9690569,0.94897336,0.9472441,0.96253,0.9662642,0.92354125,0.9080625,0.949119,0.913855,0.9427898,0.93931466,0.95818436,0.8357554,0.9210607,0.9428364,0.9130133,0.9411345,0.942179,0.9188457,0.96617526,0.9396333,0.97307605,0.96160287,0.9538005
arcticmovie,0.98390007,0.9380699,0.9657861,0.97300416,0.9734133,0.9567104,0.9861928,0.97710687,0.98863745,0.95071167,0.9735834,0.965387,0.95968133,0.98316145,0.97086596,0.9523209,0.99999994,0.96106356,0.9820086,0.9685027,0.9716797,0.97140115,0.9740406,0.9848067,0.97114414,0.7914098,0.97231877,0.98873526,0.9619578,0.9664289,0.9827392,0.95696825,0.9867163,0.96281785,0.96264476,0.86104095,0.9635991,0.967505,0.9620153,0.9673224,0.9769394,0.9794277,0.9609481,0.9791858,0.98538196,0.9702975,0.97948927,0.97694314,0.97445023,0.98361003,0.97479844,0.98055637,0.96514255,0.97658616,0.9571255,0.9729562,0.97483027,0.96744925,0.9778591,0.9748922,0.9539993,0.952656,0.9686118,0.9805336,0.9608403,0.9697815,0.95981926,0.9670957,0.9698826,0.9459849,0.98151606,0.9614026,0.9370936,0.9780136,0.9243322,0.9669053,0.8670998,0.9717185,0.96448374,0.9567994,0.95754725,0.98081625,0.9818342,0.94246525,0.9674766,0.9595267,0.95667124,0.96606034,0.9744984,0.9706841,0.97546995,0.98151606,0.9636224,0.9861102,0.96781135,0.9750176,0.9545661,0.97044235,0.97307503,0.9743153,0.9550626,0.9557127,0.9786635,0.9786277,0.96134675,0.97791183,0.983688,0.98169136,0.94267863,0.9479605,0.98708135,0.85348797,0.97820973,0.87490517,0.9750042,0.97734827,0.9858004,0.94733363,0.98587006,0.9878741,0.96977556,0.9765844,0.97968435,0.96817344,0.98341566,0.9815561,0.97047055,0.95345056,0.9629761,0.9261847,0.96471274,0.9540107,0.9935016,0.97504693,0.96428,0.9661213,0.9733547,0.94627124,0.9774688,0.9686797,0.98863745,0.9685919,0.9615146,0.97272897,0.9630342,0.9810923,0.9764169,0.9460687,0.9716964,0.9710092,0.9689683,0.9755024,0.97594,0.87330705,0.96353596,0.9746545,0.9598396,0.9748516,0.97586936,0.97529143,0.98863745,0.9741676,0.98291045,0.97843,0.9664068
artofracingmovie,0.9742932,0.9224012,0.978013,0.9714197,0.98632336,0.9793803,0.98043597,0.971237,0.9820662,0.94385153,0.96324825,0.9589665,0.97617173,0.97517306,0.970614,0.93721056,0.96106356,0.99999994,0.96256834,0.96379703,0.9709628,0.97573453,0.97173953,0.9754851,0.96095353,0.8520621,0.9780514,0.96240956,0.9748024,0.94909066,0.966569,0.96593153,0.971582,0.9467955,0.9682701,0.8664318,0.9846326,0.98130494,0.9671282,0.9658323,0.9773929,0.97254294,0.9618971,0.966437,0.9760083,0.972803,0.9715651,0.9686364,0.95252573,0.98004425,0.97223055,0.97275907,0.93905133,0.95985824,0.9671371,0.9806685,0.9479687,0.94719887,0.98594195,0.98648757,0.9317173,0.96920586,0.966175,0.96975785,0.9440248,0.9459225,0.95226735,0.9389487,0.9424666,0.9137484,0.982986,0.95134455,0.9375611,0.9665466,0.9475953,0.9575913,0.8324608,0.96121085,0.9714873,0.94306666,0.96462417,0.98162884,0.97266495,0.9537983,0.9510697,0.9280364,0.9603419,0.97637075,0.97840524,0.9703984,0.9555885,0.982986,0.9205087,0.96761984,0.967023,0.9741361,0.93895173,0.9737369,0.9699943,0.96638566,0.9711105,0.9582618,0.9819674,0.9807664,0.9437621,0.9706951,0.9700412,0.96599275,0.9118945,0.93600976,0.9782833,0.7966794,0.95738536,0.90234625,0.9685679,0.97243315,0.9766139,0.9485008,0.974624,0.9619535,0.9603893,0.9534698,0.9717549,0.9778986,0.96957,0.9741569,0.9810604,0.93436456,0.96843517,0.88565904,0.969907,0.9585293,0.9597471,0.9461141,0.946733,0.95726776,0.9735898,0.9354921,0.97387785,0.97262466,0.9820662,0.9758456,0.9666368,0.966309,0.96783286,0.9656376,0.94139683,0.9726054,0.94297475,0.9742079,0.98152035,0.9690439,0.95903873,0.843126,0.97844684,0.97965103,0.9560312,0.99035555,0.97021425,0.96903795,0.9820662,0.9738002,0.9722246,0.97995424,0.9557721
avengers,0.98776436,0.94262815,0.9733946,0.965848,0.9741339,0.95994383,0.9743057,0.9800726,0.9880766,0.95273113,0.97061676,0.96593934,0.9625397,0.9859284,0.9699774,0.9443651,0.9820086,0.96256834,0.9999999,0.97885585,0.971778,0.96275777,0.97406465,0.97910017,0.9650234,0.76979655,0.9662337,0.97841555,0.9766974,0.96487004,0.993822,0.95512927,0.9748698,0.9508605,0.9653568,0.8468925,0.97117317,0.96888524,0.97470164,0.9820902,0.97620153,0.9727117,0.94598657,0.9631073,0.97693753,0.9692023,0.97763723,0.98137844,0.9755772,0.9766051,0.983155,0.98036695,0.95483017,0.98347276,0.9618761,0.9753348,0.9761759,0.97150934,0.98387265,0.97197366,0.9608306,0.95905304,0.9784164,0.98107326,0.9531684,0.95752966,0.9820492,0.9661896,0.96308345,0.92312044,0.9744,0.95485073,0.94505686,0.9805512,0.9412736,0.9699341,0.85992926,0.95670694,0.965193,0.9790236,0.9674935,0.97353715,0.9836222,0.951429,0.97683245,0.9584634,0.96680146,0.97212976,0.9678388,0.9830477,0.9505914,0.9744,0.96029043,0.9703103,0.9748218,0.9757279,0.9579817,0.9804752,0.96842384,0.96937376,0.9594773,0.9632855,0.9757597,0.97415775,0.9734452,0.9854172,0.99057233,0.9819621,0.9155576,0.94596875,0.98195255,0.8156679,0.9697109,0.907042,0.9755976,0.9721115,0.97980034,0.96526146,0.9800953,0.96754444,0.9534058,0.9775526,0.98536205,0.96480703,0.98623204,0.98453593,0.9603884,0.96175635,0.972507,0.91507256,0.9762841,0.9556511,0.98133147,0.9644164,0.96319944,0.9643062,0.9730432,0.96029025,0.9698879,0.9742174,0.9880766,0.97642267,0.96854913,0.97015315,0.9671918,0.97609323,0.9647572,0.94637465,0.96667236,0.96394074,0.9770932,0.9617355,0.98188895,0.8890654,0.9761259,0.9635306,0.97126114,0.9698978,0.9711422,0.9737484,0.9880766,0.9683288,0.97889054,0.9857002,0.98425967
beachbummovie,0.97337025,0.9594844,0.97646374,0.9493253,0.9741589,0.95253897,0.9751209,0.96614784,0.9835448,0.9693186,0.96650124,0.9454264,0.9714829,0.97196555,0.98611546,0.9643642,0.9685027,0.96379703,0.97885585,1.0000001,0.97550946,0.9716872,0.96431667,0.9784303,0.96057075,0.77024823,0.96345043,0.9699687,0.97155535,0.95940405,0.97228473,0.97353214,0.96854866,0.9530872,0.94421285,0.84222066,0.9665275,0.9581016,0.9734859,0.970522,0.9557445,0.9664064,0.93447536,0.94916576,0.9770213,0.9645005,0.96502817,0.96812296,0.97368705,0.9624087,0.975411,0.9783135,0.95603585,0.9750512,0.94150996,0.9647666,0.9689961,0.9657955,0.9740707,0.9702239,0.96445096,0.9463392,0.97537,0.9772402,0.964034,0.9450297,0.9652669,0.96197385,0.95326835,0.9008434,0.9712703,0.9651384,0.9269018,0.9716675,0.927916,0.963817,0.8615214,0.95005625,0.9562268,0.96933895,0.95252997,0.97128534,0.97994566,0.9597514,0.9611989,0.9594084,0.95618415,0.9774618,0.95392114,0.9682466,0.9493042,0.9712703,0.94154835,0.96267736,0.96807057,0.9733976,0.9647287,0.9891025,0.9648712,0.95267504,0.9546832,0.97338766,0.96912104,0.9733202,0.9655586,0.9776422,0.97895813,0.97951716,0.9219991,0.9441006,0.9741242,0.8037292,0.960112,0.8948965,0.9610926,0.9607097,0.9685715,0.9610842,0.96113807,0.9641832,0.96710324,0.96347225,0.9806506,0.945943,0.9774046,0.9692288,0.96258515,0.9457013,0.97808313,0.8784222,0.9679176,0.96949345,0.9714343,0.95426935,0.96119595,0.9631855,0.9598288,0.9584449,0.9613264,0.972885,0.9835448,0.98017865,0.9748346,0.950623,0.97373986,0.9754631,0.93903184,0.9463214,0.9532506,0.93486875,0.9756595,0.94729704,0.9661871,0.8857669,0.96837145,0.96374315,0.94196135,0.96756506,0.9699249,0.9596006,0.9835448,0.9669776,0.9709772,0.9837185,0.97634375
bernadettefilm,0.98008764,0.9632901,0.9702283,0.9650844,0.97137856,0.94868666,0.9724208,0.97409004,0.98489016,0.9578264,0.9826661,0.9334276,0.9783033,0.97096735,0.9803995,0.97018915,0.9716797,0.9709628,0.971778,0.97550946,1.0000002,0.97255033,0.97078145,0.9786541,0.9795319,0.8172926,0.9640087,0.9678651,0.96775115,0.9588085,0.97565925,0.98751456,0.97057563,0.9483148,0.9551591,0.8200515,0.9643218,0.9765624,0.9650371,0.974488,0.9582976,0.9888029,0.96453714,0.97812814,0.98056525,0.9564253,0.9671447,0.973428,0.9786345,0.9819451,0.96966416,0.98632026,0.9602209,0.9780356,0.95738333,0.9670132,0.97123337,0.9706976,0.9803943,0.9653826,0.96863973,0.9628147,0.9716104,0.9769711,0.98436695,0.9747245,0.95906687,0.9778761,0.9701505,0.90686053,0.9673894,0.95143366,0.91834486,0.9783784,0.9250274,0.9569212,0.8737985,0.97053874,0.9640842,0.9627644,0.9541018,0.98186946,0.98346585,0.9383744,0.95133203,0.9593097,0.95967317,0.9825751,0.95675796,0.96058077,0.967292,0.9673894,0.9586482,0.97163373,0.9669016,0.9827912,0.9681833,0.97744393,0.9644603,0.9608133,0.9415538,0.968707,0.97003984,0.9715843,0.95019996,0.97033954,0.9798039,0.9785222,0.9303106,0.96078587,0.9735632,0.82483304,0.9687409,0.8744984,0.96062815,0.9757698,0.9802412,0.9482887,0.9634481,0.9683989,0.9773795,0.9678382,0.9802657,0.9646673,0.9710294,0.9733394,0.9765079,0.940679,0.9844802,0.91588867,0.97363627,0.9721583,0.9723802,0.9510744,0.9665237,0.9590334,0.97050166,0.9612752,0.95408976,0.9625955,0.98489016,0.97960114,0.95791876,0.9667185,0.9795637,0.9804202,0.94395447,0.95037585,0.97209394,0.95371383,0.9660046,0.9755931,0.97631806,0.86003286,0.9577398,0.9578487,0.93808776,0.9657067,0.9636469,0.9539802,0.98489016,0.96484894,0.98309803,0.9838537,0.96558887
