movie,21bridgesmovie,47metersdown,abeautifuldaymovie,abominablemovie,adastramovie,adogsjourneymovie,aftermathmovie,aftermovie,ahiddenlifefilm,alitamovie,angelhasfallen,angrybirdsmovie,annabellemovie,annamovie,apollo11movie,arcticdogsmovie,arcticmovie,artofracingmovie,avengers,beachbummovie,bernadettefilm,blackandbluemovie,blackchristmas,blindedbythelightmovie,bombshellmovie,booksmart,breakthroughmovie,brianbanksmovie,brightburnmovie,brittanyrunsmov,captainmarvelofficial,captivestatemovie,catsmovie,charliesangels,childsplaymovie,clarathefilm,coldpursuitmovie,countdown,currentwarmovie,darkwatersmovie,detectivepikachumovie,disneyaladdin,disneyfrozen,disneymaleficent,doctorsleepmovie,dolemiteismyname,dontletgomovie,doramovie,downtonabbey_official,dumbo,escaperoom,everybodyknowsmovie,fastandfuriousmovie,fightingwmyfam,fivefeetapartfilm,fordvferrari,freaksthefilm,geminimanmovie,glassmovie,gloriabellmovie,godzillamovie,goldfinchmovie,goodboysmovie,goodliarmovie,gretafilm,halathemovie,happydeathdaymovie,harrietfilm,hellboymovie,hersmellmovie,highlifemovie,highstrungmovie,honeyboymovie,hotelmumbaifilm,httydragon,hustlemovie,hustlersmovie,isntitromantic,itmovieofficial,jayandsilentbob,johnwickmovie,jojorabbitmovie,jokermovie,judythefilm,jumanjimovie,justmercyfilm,knivesout,lalloronamovie,lastblackmansf,lastchristmasthemovie,latenightmovie,lighthousemovie,lionking,littlethemovie,littlewomenmovie,littlewoodsfilm,longshotmovie,lordsofchaosmovie,lucyintheskyfilm,mamovie2019,marriagestory,meettheaddams,meninblack,midsommarmovie,midwaymovie,missbalamovie,missinglinkfilm,motherlessbklyn,onceinhollywood,onthebasisofsex,overcomermovie,peanutbutterfalcon,petsematarymovie,piercingmovie,playingwithfire,playmobilthemovie,pomsmovie,queenandslim,rambomovie,readyornotfilm,richardjewellfilm,rocketmanmovie,scarystoriesmovie,secretlifeofpets,serenityfilm,shaftmovie,shazammovie,spidermanmovie,spiesindisguise,starwars,stormboymovie,stubermovie,taosdfilm,teenspiritmov,terminator,theaeronautsmov,thebestofenemies,thedeaddontdie,thefarewell,thehighwaymen,thehummingbirdprojectfilm,theintrudermovie,theirishmanfilm,thekitchenmovie,thelegomovie,themustangfilm,thenightingalefilm,theprodigymovie,thesunisalsoastar,theupsidefilm,tolkienmovie,toystory,triplefrontier,uglydolls,uncutgems,underthesilverlake,usmovie,wavesmovie,whatmenwant,wonderparkmovie,wrinklestheclown,xmenmovies,yardiefilm,yesterdaymovie,zombieland
21bridgesmovie,1.0,0.9743032,0.98564154,0.93060356,0.9692327,0.8707397,0.99131423,0.9866587,0.9882536,0.98138505,0.98534954,0.8248462,0.9871072,0.9870714,0.9566437,0.9667551,0.9874238,0.98009,0.97697663,0.96303874,0.98194057,0.96096385,0.9907444,0.9781094,0.92743,0.41620508,0.9517231,0.9854213,0.9761437,0.96597564,0.96097416,0.9590608,0.90719235,0.9612017,0.513677,0.55919665,0.985843,0.958274,0.980835,0.9261067,0.9578129,0.97767556,0.8965441,0.986311,0.984476,0.94374007,0.98632437,0.9825182,0.9507911,0.98522186,0.9658041,0.9821311,0.9685303,0.9469592,0.83845717,0.95180905,0.9699471,0.98125356,0.9764287,0.97820646,0.9764249,0.9536897,0.99007595,0.96164197,0.9654882,0.9579731,0.9778116,0.9689989,0.9573108,0.95606905,0.9830049,0.17398827,0.85492134,0.9859259,0.8623393,0.8551872,0.430249,0.9810539,0.9863775,0.9098495,0.9455224,0.97360235,0.9797352,0.9628663,0.95706934,0.9798824,0.95757043,0.97996634,0.9636102,0.98892295,0.97203374,0.9830049,0.90155834,0.9637806,0.9781553,0.95786774,0.9829721,0.98703647,0.9867348,0.9565419,0.93767244,0.96047765,0.9646145,0.98724216,0.9496632,0.9679465,0.9847174,0.9349064,0.92842275,0.89045936,0.98156667,0.3824351,0.97951174,0.4184912,0.9813289,0.986415,0.9981774,0.89344037,0.98657024,0.99253744,0.98765415,0.981479,0.99081904,0.90644014,0.9773744,0.96090084,0.97643065,0.9510446,0.9628186,0.679327,0.9879465,0.9553792,0.99257123,0.87131715,0.97394854,0.9681177,0.98763824,0.96805954,0.9803814,0.9859457,0.9882536,0.9877468,0.94839007,0.9183021,0.9224901,0.98211455,0.9309441,0.6495654,0.9497018,0.96385443,0.98350024,0.9673049,0.9869829,0.80995876,0.95431584,0.9782494,0.9647299,0.9664539,0.9794252,0.9543409,0.9882536,0.9420473,0.9864493,0.98253566,0.93663645
47metersdown,0.9743032,0.99999976,0.9648275,0.9298807,0.95879674,0.881448,0.9676468,0.9645649,0.9685486,0.95107025,0.95724803,0.7663861,0.9807838,0.9792618,0.9249803,0.95910585,0.9602616,0.9718599,0.96241707,0.942527,0.9675397,0.9207696,0.9704974,0.9607086,0.9363034,0.37236926,0.94347274,0.97199655,0.9594189,0.93953395,0.95741516,0.9268278,0.91907805,0.90644866,0.4005425,0.4574472,0.96264106,0.9474608,0.95660037,0.93835413,0.9663449,0.96809345,0.92431116,0.9752416,0.97613347,0.9109817,0.9688308,0.95903975,0.9266183,0.9763421,0.9485372,0.9639497,0.9114701,0.9416757,0.8400726,0.9520104,0.93728006,0.9764435,0.96384776,0.9586936,0.9749348,0.9547074,0.984383,0.97706133,0.9375266,0.9225965,0.95880914,0.95143294,0.9052614,0.91822493,0.96581817,0.15841162,0.8320565,0.96399343,0.80081856,0.80816054,0.38720152,0.97656035,0.97962654,0.8639316,0.9371583,0.9375243,0.9594486,0.93754506,0.97858006,0.9723081,0.92914844,0.95750105,0.93586534,0.9743976,0.96747094,0.96581817,0.9492674,0.9559755,0.9501022,0.9276711,0.96300983,0.97683233,0.95865285,0.9202605,0.9056668,0.9377182,0.9723462,0.9647332,0.97770935,0.9545894,0.9600318,0.9636639,0.89382005,0.90807,0.96954834,0.34172347,0.9843098,0.30132842,0.9676822,0.95706284,0.9756535,0.8362834,0.97865254,0.9590204,0.9700526,0.98713285,0.96729815,0.915635,0.9586328,0.94417614,0.9482377,0.911557,0.9455758,0.7532378,0.9560885,0.92559195,0.97442514,0.8128148,0.9665403,0.95884484,0.9581854,0.96027267,0.9611494,0.9598968,0.9685486,0.9553453,0.94202816,0.94642085,0.9215727,0.95173633,0.86419165,0.5445479,0.96895444,0.95173687,0.9573065,0.9763181,0.9563842,0.77171403,0.9471178,0.9692638,0.9192032,0.9370953,0.97716504,0.95342594,0.9685486,0.92341155,0.972015,0.9618429,0.9338767
abeautifuldaymovie,0.98564154,0.9648275,1.0000001,0.9239538,0.9859495,0.9090479,0.9917444,0.98254734,0.9959588,0.9741631,0.98124063,0.85331,0.9800414,0.99308515,0.9850623,0.9815086,0.9824517,0.9819475,0.96540636,0.9866861,0.98062193,0.95988154,0.9900783,0.9891755,0.9333056,0.3943799,0.97119194,0.9770466,0.98579943,0.96781355,0.97609466,0.9720334,0.9187013,0.9562096,0.52559847,0.58202374,0.98788226,0.9146419,0.99447775,0.9470773,0.9584251,0.9884277,0.9242504,0.99535465,0.98845106,0.94067955,0.9853297,0.9798835,0.97757214,0.9951956,0.9797128,0.98787045,0.9704462,0.93924683,0.7794415,0.97052723,0.96960074,0.9843543,0.99014825,0.9828219,0.963111,0.9437745,0.9751127,0.9719672,0.97659904,0.9616103,0.9920664,0.97816193,0.9552937,0.9257256,0.9885365,0.21148783,0.8717829,0.9968338,0.858075,0.8775548,0.37952262,0.9849945,0.98813665,0.91789305,0.9407852,0.9614861,0.9828001,0.95266026,0.9475385,0.9855455,0.95879865,0.9875925,0.948001,0.9839481,0.9560863,0.9885365,0.88194543,0.9725413,0.9746719,0.9851044,0.9721632,0.9786,0.9933117,0.9458159,0.9411339,0.9739612,0.9670989,0.9833264,0.9428488,0.98098946,0.9942461,0.94582266,0.93480086,0.92004174,0.99047375,0.37240836,0.98123354,0.43396723,0.9771283,0.9904792,0.9912082,0.8963024,0.9884663,0.989777,0.98905367,0.9727562,0.9917802,0.9250022,0.993595,0.9882821,0.97781134,0.96297747,0.98277587,0.68298835,0.9868181,0.9737534,0.9885252,0.8496529,0.986973,0.96914315,0.97746205,0.9559945,0.98436046,0.99083376,0.9959588,0.99102926,0.9625821,0.8860766,0.9218101,0.98911095,0.92598134,0.66651493,0.9587435,0.9265689,0.98181146,0.9844315,0.98607206,0.7972368,0.9583874,0.9846416,0.9779992,0.98345125,0.9806497,0.9728849,0.9959588,0.9626002,0.99179107,0.9955691,0.9492445
abominablemovie,0.93060356,0.9298807,0.9239538,1.0,0.9295316,0.8811929,0.9214185,0.9247699,0.92725956,0.9216693,0.89595157,0.7403833,0.94546986,0.94656634,0.8710109,0.9223773,0.9489585,0.940378,0.9434978,0.8836603,0.9471182,0.9131138,0.9359372,0.92906356,0.8953921,0.33024055,0.94740456,0.94774985,0.8775268,0.93064135,0.9419612,0.8984038,0.93454367,0.8519596,0.5663589,0.6084177,0.94765586,0.9436071,0.91787905,0.8754133,0.9492485,0.88993174,0.8085086,0.9116519,0.9115921,0.92357177,0.9424594,0.8925775,0.903556,0.91568244,0.8573759,0.9110242,0.8557763,0.93440616,0.86305743,0.92685163,0.9422545,0.90929323,0.93088317,0.9083738,0.9252637,0.95233476,0.93803567,0.93995565,0.8978929,0.86108756,0.9287677,0.8990305,0.8438575,0.90538424,0.912388,0.19678885,0.92833614,0.9334993,0.89516866,0.71221805,0.33022895,0.8944468,0.9367126,0.82278395,0.91727334,0.96412647,0.93384284,0.9574209,0.9060627,0.9101044,0.90608346,0.89418155,0.9049717,0.94992036,0.97597915,0.912388,0.93842155,0.9079326,0.8873157,0.88850576,0.904977,0.908418,0.9336865,0.9126765,0.93798053,0.94249564,0.91298944,0.91081023,0.94059926,0.8677184,0.932587,0.92919046,0.92051584,0.8645259,0.94016016,0.31604883,0.9337444,0.41466776,0.9165084,0.91634345,0.93045366,0.9058147,0.93579704,0.9176347,0.9375503,0.94111717,0.9210084,0.8190118,0.9171537,0.9170553,0.87284154,0.81932193,0.918683,0.78143454,0.94353634,0.93543327,0.9509256,0.91769284,0.90123755,0.95452213,0.9382862,0.8845031,0.90942556,0.92200184,0.92725956,0.89798135,0.91555685,0.89023507,0.85085404,0.9191549,0.9063548,0.71321756,0.95023197,0.95471644,0.9098738,0.9158673,0.9483497,0.868042,0.8461658,0.9285961,0.89803475,0.931383,0.92428356,0.90133613,0.92725956,0.92358255,0.92323846,0.91562605,0.82184213
adastramovie,0.9692327,0.95879674,0.9859495,0.9295316,1.0000001,0.9171382,0.9795245,0.9723344,0.9906853,0.967874,0.9721406,0.83575535,0.9741591,0.98959047,0.97347474,0.9837241,0.9797842,0.9899699,0.94724727,0.9864555,0.96396637,0.9247143,0.98291135,0.9941063,0.9458743,0.37712187,0.97276634,0.9719873,0.9763639,0.9701667,0.97771883,0.9644581,0.91681415,0.9426506,0.51213616,0.55291605,0.98292696,0.900967,0.9878053,0.9556922,0.9594837,0.97622216,0.9076648,0.98139864,0.9782528,0.9349778,0.9837552,0.9552446,0.9707505,0.98574567,0.9575918,0.98490584,0.9534469,0.9546923,0.7541993,0.9898197,0.9688801,0.9854846,0.9888407,0.9849988,0.9676295,0.97120327,0.96849376,0.96504706,0.9764896,0.9413395,0.9837577,0.97741604,0.9470933,0.9094872,0.9890906,0.20777655,0.87803185,0.99087495,0.84299296,0.863809,0.39829075,0.97361857,0.9898926,0.89229864,0.94017464,0.9535893,0.97558624,0.93936706,0.9427699,0.9833306,0.94781065,0.9828989,0.93286306,0.9863512,0.95009726,0.9890906,0.8729892,0.9467958,0.9518507,0.97678536,0.97098017,0.9634249,0.9873306,0.92951596,0.9299862,0.9893506,0.9419629,0.98282164,0.93301946,0.9630897,0.9869046,0.9465129,0.925196,0.9316955,0.9951423,0.35398588,0.9823066,0.39212123,0.96592814,0.98203754,0.9802186,0.8744934,0.9846208,0.97423166,0.98000205,0.97639185,0.9830165,0.9070689,0.9870823,0.9841906,0.97356874,0.9139601,0.9862812,0.707173,0.97366256,0.98777276,0.9840469,0.8493252,0.98636466,0.97553813,0.96282923,0.9467568,0.9877631,0.9731162,0.9906853,0.96347225,0.94201076,0.89029694,0.93663836,0.97761446,0.91035867,0.662283,0.95717096,0.935231,0.96799785,0.9760724,0.9784594,0.79781073,0.9482397,0.99519956,0.97447586,0.9917307,0.97053593,0.98854864,0.9906853,0.97948205,0.99008656,0.986223,0.92607456
adogsjourneymovie,0.8707397,0.881448,0.9090479,0.8811929,0.9171382,0.99999994,0.9078508,0.90635496,0.9055708,0.88246506,0.87592113,0.6637517,0.90006125,0.92080885,0.9119819,0.88272166,0.88982064,0.91190827,0.8991353,0.9048249,0.8992334,0.8141119,0.9193169,0.9268508,0.8779088,0.29840606,0.93967205,0.858544,0.894553,0.85841656,0.9488555,0.9100494,0.93541676,0.8206319,0.3407067,0.4402493,0.89210355,0.77665883,0.9143132,0.9291548,0.89979416,0.91904044,0.8947546,0.90368474,0.91666317,0.84349674,0.9216129,0.8747171,0.9254394,0.9098672,0.87143993,0.91917074,0.8456543,0.84451884,0.74298024,0.92186266,0.86352044,0.90348244,0.93852085,0.89811265,0.83878225,0.8877238,0.88936436,0.9439991,0.92994094,0.914286,0.879366,0.9232647,0.8132377,0.76757336,0.8994381,0.27084032,0.80095214,0.9074538,0.74465513,0.76998365,0.25857642,0.90573245,0.91710544,0.8945394,0.8940652,0.8679112,0.9009073,0.8117436,0.86732924,0.90081096,0.81617975,0.90410036,0.8462892,0.89847904,0.88112235,0.8994381,0.85213065,0.8720326,0.85610354,0.9112422,0.84877324,0.8807856,0.9221066,0.8429418,0.8551501,0.9196462,0.9086708,0.8869508,0.9043206,0.87027407,0.9178459,0.92648304,0.8510439,0.8768429,0.9270352,0.3074209,0.89282936,0.21190019,0.88353306,0.86454886,0.8794383,0.7595121,0.9188723,0.89880437,0.91277766,0.9077426,0.8968749,0.93808794,0.927581,0.9269631,0.8941022,0.8206188,0.9192604,0.7788359,0.8971127,0.9171366,0.8916936,0.73907137,0.9071612,0.8790907,0.87062335,0.88008416,0.8949671,0.87506455,0.9055708,0.8797755,0.8814235,0.8239235,0.8330413,0.91178536,0.7728346,0.51650566,0.92310584,0.8378111,0.90782124,0.91651833,0.89849514,0.7987079,0.86459625,0.91205233,0.8968592,0.910892,0.86333627,0.90365225,0.9055708,0.9448789,0.9069907,0.91585934,0.85994554
aftermathmovie,0.99131423,0.9676468,0.9917444,0.9214185,0.9795245,0.9078508,0.99999976,0.9945549,0.99564713,0.98300093,0.98493844,0.8399678,0.9872376,0.9895924,0.9781073,0.96997255,0.9828799,0.9810623,0.97256243,0.9764603,0.9876309,0.9502548,0.9944843,0.98857737,0.9284903,0.380716,0.9542639,0.96789074,0.9914076,0.961077,0.973548,0.96582544,0.9050976,0.96091425,0.4964404,0.53565,0.9887268,0.92391235,0.9854693,0.93604887,0.94960946,0.99194515,0.9219225,0.9939478,0.9951614,0.9353087,0.9873905,0.990055,0.96067667,0.9941224,0.9806741,0.99301404,0.974266,0.9338409,0.8113435,0.96246284,0.9600467,0.9881091,0.98604643,0.9911946,0.9656734,0.9528408,0.98913026,0.971114,0.9858199,0.97172165,0.9828035,0.9858651,0.9663228,0.9287321,0.9944071,0.1758184,0.845778,0.9907981,0.8351293,0.8606144,0.39894456,0.98938984,0.9898352,0.9432539,0.93434906,0.96496886,0.9872682,0.94007444,0.9532334,0.9899468,0.9575638,0.99428725,0.96418256,0.987085,0.95971894,0.9944071,0.8827611,0.9661706,0.98151964,0.97113,0.9800119,0.98856235,0.9945684,0.9359543,0.9319061,0.9740764,0.9590402,0.9914548,0.94286984,0.98153394,0.9941208,0.9452915,0.9191938,0.8905378,0.9900575,0.3530044,0.97666657,0.39760092,0.9774299,0.9846558,0.99372804,0.8670756,0.9910787,0.9981946,0.99280643,0.9800379,0.99515694,0.93653435,0.98908085,0.9770707,0.98982054,0.95679736,0.96832794,0.68358535,0.99399865,0.9654378,0.9891778,0.8464134,0.9815971,0.9616334,0.9752112,0.9758277,0.99283636,0.98225063,0.99564713,0.9929459,0.94227934,0.9119038,0.921872,0.99140805,0.91051877,0.63517344,0.95394045,0.93984723,0.99283445,0.97134984,0.9912449,0.803568,0.9692261,0.98822707,0.967368,0.97367656,0.9673937,0.9599429,0.99564713,0.9552926,0.9935161,0.989923,0.9600399
aftermovie,0.9866587,0.9645649,0.98254734,0.9247699,0.9723344,0.90635496,0.9945549,1.0,0.99104804,0.97484046,0.977055,0.8145943,0.9904981,0.9845157,0.972977,0.9503563,0.9779762,0.98002577,0.97834563,0.9684915,0.9804658,0.9380441,0.9914122,0.98560613,0.9170496,0.36182415,0.95398366,0.9601198,0.9796641,0.9527158,0.9690721,0.9580408,0.9042133,0.9396686,0.50865,0.5309629,0.98866194,0.92071295,0.98204803,0.9209269,0.94186556,0.98160297,0.9161351,0.98865354,0.9899754,0.93832624,0.9865499,0.98867804,0.9484834,0.98740643,0.9615222,0.990252,0.95378083,0.9210665,0.83612096,0.9642886,0.9472965,0.9783436,0.9819621,0.9826159,0.9581483,0.9516922,0.9891822,0.9714559,0.9859906,0.9727589,0.96951985,0.98179954,0.95882803,0.9123663,0.98651564,0.16724615,0.84854704,0.9820952,0.8359989,0.8327507,0.3820993,0.97774756,0.98168457,0.9509259,0.9319656,0.96304655,0.99149007,0.94174755,0.9379938,0.986086,0.941296,0.98912257,0.9642565,0.9885087,0.9539809,0.98651564,0.8884789,0.96713275,0.9673333,0.9600587,0.96879005,0.9811376,0.9922197,0.9234864,0.934868,0.970996,0.9492493,0.98019916,0.9353258,0.9624291,0.9909473,0.94423705,0.9157098,0.8683487,0.98607457,0.33516422,0.9655829,0.4012158,0.9666445,0.972529,0.98760086,0.863448,0.9888807,0.99373794,0.9920896,0.97693133,0.99397147,0.92223257,0.9769763,0.967969,0.9853754,0.937194,0.9546828,0.7137507,0.98825955,0.9631771,0.9823308,0.83316565,0.9728457,0.95520633,0.961686,0.9782967,0.9851508,0.9723363,0.99104804,0.9814671,0.93303216,0.923579,0.9085057,0.9942098,0.90871626,0.63952506,0.95633394,0.94446373,0.992529,0.9634104,0.9919025,0.80992264,0.95034564,0.981056,0.9543205,0.9624043,0.9590318,0.95293564,0.99104804,0.9526945,0.9893241,0.97854906,0.93696856
ahiddenlifefilm,0.9882536,0.9685486,0.9959588,0.92725956,0.9906853,0.9055708,0.99564713,0.99104804,0.9999999,0.9812539,0.98550445,0.84281254,0.9857483,0.99386084,0.98399776,0.9777376,0.9849099,0.9884592,0.97118825,0.98845184,0.9820065,0.947947,0.9937056,0.99545836,0.9389641,0.3896847,0.9678231,0.97584116,0.98947704,0.9717594,0.9773575,0.9708071,0.9129064,0.95458686,0.51489115,0.55441964,0.99287575,0.9179549,0.992544,0.94340956,0.9565238,0.98918843,0.91790646,0.9957071,0.993002,0.9393461,0.98914045,0.98471004,0.9702247,0.99705386,0.9752312,0.99433124,0.9681438,0.9446644,0.78881216,0.9785272,0.96656686,0.98969215,0.9921355,0.9911817,0.97213423,0.9618042,0.9849068,0.9703976,0.98452175,0.9644009,0.9904767,0.9860527,0.9671711,0.9233169,0.99597305,0.19182612,0.8636286,0.9966154,0.84539914,0.867754,0.3992094,0.9847581,0.99224055,0.9242328,0.94056684,0.96150213,0.9889255,0.9507115,0.94662136,0.99166477,0.9571598,0.9934984,0.95331043,0.9922304,0.9582974,0.99597305,0.8811321,0.9668203,0.97136617,0.979659,0.98070055,0.98529524,0.99594784,0.93651956,0.9355338,0.98259485,0.95839703,0.98906755,0.9415681,0.978194,0.9972208,0.9454217,0.9259457,0.9115746,0.9959177,0.36262518,0.98084134,0.41050148,0.9742415,0.9896471,0.99372405,0.8801403,0.9940804,0.99306315,0.99274457,0.98077255,0.99534285,0.92082345,0.9906348,0.9839595,0.98700327,0.94887775,0.97850263,0.6908359,0.98975205,0.97783494,0.9912664,0.84533703,0.9865736,0.9734913,0.97212374,0.9706989,0.99366933,0.98579615,0.9999999,0.98808163,0.9469669,0.9013883,0.9318742,0.993573,0.91917,0.65459734,0.95710427,0.9400228,0.9853477,0.9805165,0.99251765,0.8044313,0.96098447,0.99327374,0.97425926,0.9821989,0.97460955,0.9756143,0.9999999,0.9645463,0.9983916,0.9928349,0.94784373
alitamovie,0.98138505,0.95107025,0.9741631,0.9216693,0.967874,0.88246506,0.98300093,0.97484046,0.9812539,1.0000001,0.9831251,0.8003578,0.9608774,0.97035295,0.95258254,0.95927835,0.9641969,0.98017234,0.9644923,0.96123254,0.9648471,0.9174924,0.9781173,0.9751978,0.94857913,0.4548525,0.94229835,0.95720345,0.97579765,0.94622064,0.9467456,0.9797766,0.89959544,0.95398694,0.4846556,0.55597144,0.97451735,0.921141,0.97063345,0.93380404,0.93904674,0.9700596,0.84831464,0.9694482,0.9737759,0.8980397,0.9723909,0.9659268,0.9581615,0.97440624,0.9535242,0.98400646,0.96176314,0.9584341,0.79195195,0.9434414,0.94297075,0.9727364,0.9699944,0.9816685,0.96984476,0.96276265,0.97357297,0.9340763,0.97131765,0.96766096,0.9665944,0.9814573,0.96166754,0.9212324,0.98295027,0.18484361,0.8149524,0.9831746,0.8208418,0.89195335,0.5103523,0.96563786,0.98175114,0.9055867,0.94245327,0.9568399,0.96330875,0.9337188,0.93736434,0.96638566,0.92822486,0.9682397,0.92176104,0.97492856,0.9536768,0.98295027,0.85128415,0.91762584,0.9550603,0.9461327,0.98357546,0.9819604,0.98202455,0.91436446,0.89238816,0.9638412,0.9433556,0.9814224,0.93655306,0.9597261,0.97519636,0.89752424,0.9071386,0.9111825,0.98239857,0.41449645,0.9603284,0.40338352,0.94364613,0.97794026,0.98359466,0.843315,0.98533934,0.98606926,0.9726246,0.97446287,0.9714317,0.9166109,0.9672005,0.94238055,0.97722745,0.9262975,0.9626825,0.6309158,0.9809042,0.9613884,0.9743496,0.8557727,0.9525802,0.95505035,0.97054017,0.9774526,0.9831359,0.96285087,0.9812539,0.97514963,0.8962765,0.86982894,0.9585922,0.97925216,0.9162136,0.6254668,0.9173408,0.95075506,0.9684557,0.9471202,0.97555244,0.83560836,0.9324971,0.9761363,0.96056795,0.9613245,0.94311327,0.94563854,0.9812539,0.9466066,0.981116,0.9721034,0.9296733
angelhasfallen,0.98534954,0.95724803,0.98124063,0.89595157,0.9721406,0.87592113,0.98493844,0.977055,0.98550445,0.9831251,1.0000001,0.81233513,0.96404755,0.9781041,0.9626474,0.9704625,0.96623904,0.9768455,0.9572845,0.9729831,0.9582913,0.9344816,0.9829889,0.981255,0.9170928,0.4447523,0.947429,0.9667023,0.9825755,0.9433539,0.95341617,0.97984886,0.8984079,0.94943273,0.45962694,0.52670455,0.9677723,0.9152864,0.97835386,0.9533821,0.9310182,0.9819052,0.89460534,0.9804593,0.98320115,0.8981464,0.9747464,0.9802041,0.9683677,0.9839977,0.96588206,0.989962,0.9712149,0.94366556,0.76169336,0.95036364,0.9467831,0.9875873,0.97751194,0.98744756,0.9583497,0.9503671,0.9752916,0.9419538,0.97598046,0.9707303,0.96668214,0.9859588,0.9763696,0.92259395,0.9871642,0.21153632,0.80622756,0.9840357,0.8205993,0.898087,0.48333934,0.98167664,0.9802399,0.90071577,0.9612761,0.94734704,0.9587755,0.9257929,0.9494746,0.9825252,0.9447687,0.9799276,0.92255056,0.98086315,0.9391055,0.9871642,0.8519513,0.93510735,0.9599518,0.9723279,0.9896713,0.984045,0.9841176,0.92617846,0.8906727,0.952018,0.95436114,0.9892318,0.9397216,0.96965814,0.9824031,0.9052722,0.8892217,0.91920084,0.98233724,0.41259354,0.9733722,0.3862946,0.96171844,0.98839974,0.9876389,0.8496732,0.9863512,0.98485816,0.9698687,0.9761842,0.9840657,0.90929884,0.9812035,0.9613414,0.98727554,0.9477424,0.9760888,0.6236822,0.9711821,0.9633763,0.97516465,0.82180834,0.97898936,0.9450989,0.9728343,0.9707199,0.9836471,0.9675379,0.98550445,0.9834656,0.9195486,0.8713835,0.936941,0.9794966,0.90596277,0.6057921,0.9172084,0.9336649,0.9681529,0.9687464,0.97423035,0.7957122,0.95826447,0.97915524,0.9721211,0.9669793,0.96494085,0.96683425,0.98550445,0.93902516,0.9873653,0.9869296,0.9397195
angrybirdsmovie,0.8248462,0.7663861,0.85331,0.7403833,0.83575535,0.6637517,0.8399678,0.8145943,0.84281254,0.8003578,0.81233513,1.0000001,0.8182499,0.8166665,0.8459583,0.86778706,0.8364578,0.79685736,0.7315348,0.82526577,0.8350115,0.8952278,0.80482376,0.8088092,0.7112655,0.22532268,0.7473276,0.8162131,0.8458106,0.82818,0.77524316,0.7697578,0.6262775,0.8862213,0.7290025,0.6676772,0.851127,0.76827735,0.8307887,0.7078062,0.74620897,0.8171996,0.7751416,0.84163034,0.808041,0.8434526,0.79190934,0.82637405,0.78377277,0.83228606,0.88032407,0.80333996,0.88727427,0.76161736,0.55190194,0.7880353,0.8485908,0.8140548,0.78956085,0.8434846,0.80605185,0.7353727,0.7915421,0.7754998,0.8050124,0.7495093,0.8808852,0.7899073,0.8623638,0.83324873,0.8465714,0.10869442,0.8095138,0.8421901,0.78268385,0.73408073,0.2641809,0.82452166,0.80701655,0.7741528,0.6812231,0.84528893,0.83908165,0.8302039,0.78829074,0.8315962,0.9224218,0.8482038,0.8552427,0.8071135,0.7652632,0.8465714,0.63689303,0.85828495,0.8862233,0.83958656,0.8278019,0.78705007,0.8301359,0.7873297,0.845338,0.82743585,0.72556484,0.8434883,0.68602103,0.8792055,0.8333412,0.76214635,0.8155736,0.68658704,0.81187266,0.20877443,0.8224648,0.6797333,0.83496255,0.8767407,0.8402106,0.82838696,0.78709567,0.8394074,0.82490283,0.7599407,0.8492463,0.70698476,0.83958477,0.8567212,0.8190394,0.8807383,0.8096305,0.4388128,0.8555112,0.82197005,0.8376114,0.7987839,0.8362742,0.7964425,0.83328354,0.7403696,0.8511251,0.86173064,0.84281254,0.85653794,0.82047534,0.7231908,0.7206116,0.81862235,0.8682169,0.79384667,0.78268987,0.7157147,0.83255845,0.7836396,0.8361325,0.56169057,0.84280485,0.827968,0.8205305,0.8550237,0.8401031,0.7933527,0.84281254,0.77580047,0.8191004,0.8355763,0.8424778
annabellemovie,0.9871072,0.9807838,0.9800414,0.94546986,0.9741591,0.90006125,0.9872376,0.9904981,0.9857483,0.9608774,0.96404755,0.8182499,0.9999999,0.9905547,0.95674694,0.95837045,0.98835474,0.97960466,0.9735845,0.95834297,0.9864738,0.94937634,0.98983365,0.97942555,0.926766,0.3546316,0.95698917,0.9774696,0.9682608,0.9659558,0.97473025,0.93911934,0.9178632,0.93696034,0.5189711,0.5418633,0.9902323,0.9498348,0.9783351,0.919944,0.9679546,0.9739375,0.9237852,0.9863599,0.9839707,0.9609357,0.99017525,0.974339,0.9377332,0.9836627,0.956639,0.9772407,0.9408976,0.9347089,0.8675716,0.96822983,0.9658775,0.9772391,0.97832,0.97175807,0.97214895,0.9573594,0.9921669,0.9855584,0.9667624,0.943543,0.97382677,0.96146375,0.93088573,0.93785447,0.97879404,0.17358232,0.8834717,0.97944576,0.8607983,0.80903965,0.36221987,0.9779948,0.98549294,0.92406493,0.9315572,0.97207123,0.9913148,0.95998377,0.958822,0.9834546,0.95121384,0.98149484,0.9769464,0.9897417,0.97489077,0.97879404,0.93042743,0.97758,0.972116,0.9485261,0.9631845,0.9738579,0.98369646,0.9463156,0.9587,0.97070366,0.9552187,0.97739136,0.95011705,0.95827204,0.9836436,0.97191113,0.9363308,0.87560135,0.98240227,0.33096305,0.98037404,0.40122232,0.9822343,0.9703348,0.98856604,0.8873949,0.9830412,0.98327816,0.9929194,0.9830936,0.99105805,0.9122006,0.97436494,0.96815884,0.96669686,0.92458165,0.95213884,0.7590982,0.9853539,0.95508426,0.99098945,0.86388916,0.975653,0.97218424,0.97162896,0.96010774,0.9767242,0.97902226,0.9857483,0.9719213,0.96001947,0.95535976,0.9027159,0.97930026,0.9125014,0.6506456,0.98112845,0.9613449,0.98861307,0.9685682,0.98661554,0.80817765,0.95015806,0.98050183,0.9453165,0.9652329,0.97718066,0.95726234,0.9857483,0.95583665,0.98331636,0.97390914,0.9304314
annamovie,0.9870714,0.9792618,0.99308515,0.94656634,0.98959047,0.92080885,0.9895924,0.9845157,0.99386084,0.97035295,0.9781041,0.8166665,0.9905547,1.0,0.9705312,0.98011774,0.99027216,0.98769313,0.9737075,0.97897756,0.98462844,0.9510215,0.9957709,0.99308586,0.94100016,0.37896666,0.979622,0.98630387,0.9771975,0.97365326,0.98864746,0.9643294,0.9405613,0.9407842,0.49347878,0.5441125,0.988449,0.9348122,0.9899265,0.9563158,0.9765491,0.9852562,0.9277726,0.9918263,0.99033445,0.94737464,0.9948141,0.97456634,0.9713063,0.99328643,0.9651972,0.98770094,0.95354974,0.95209116,0.8164278,0.9805789,0.9762992,0.9897805,0.9947994,0.98177093,0.97145164,0.96711,0.9869882,0.9858416,0.97475624,0.9519857,0.98557055,0.97630477,0.9398807,0.9325596,0.9870685,0.2041327,0.88141716,0.99362046,0.8599722,0.8471604,0.3721978,0.98562205,0.9948017,0.9088066,0.95605636,0.9671213,0.9837028,0.9556659,0.9616595,0.9890421,0.9551157,0.98508996,0.9534711,0.99359465,0.97506404,0.9870685,0.91958326,0.9693443,0.9672971,0.9761538,0.9732205,0.98020744,0.99164045,0.9545963,0.9474026,0.97898936,0.97238183,0.9852196,0.96394295,0.9682236,0.9935679,0.9678529,0.9340751,0.92405003,0.9944655,0.35766742,0.9909043,0.37803945,0.9843669,0.9829125,0.9914506,0.8931117,0.9928125,0.984516,0.99146295,0.98880506,0.9917137,0.9218949,0.9922783,0.98597896,0.9727012,0.93462926,0.9823435,0.73172754,0.98486966,0.97460574,0.9948614,0.8590197,0.9895536,0.98082995,0.9792253,0.958676,0.98260075,0.9853259,0.99386084,0.97959137,0.96814924,0.9187766,0.9219062,0.9835944,0.9121943,0.6437652,0.97550386,0.95219624,0.9809258,0.98914933,0.9880798,0.8125941,0.9577345,0.9905171,0.9713167,0.983978,0.9847605,0.9800486,0.99386084,0.97000486,0.9933201,0.9923388,0.9376743
apollo11movie,0.9566437,0.9249803,0.9850623,0.8710109,0.97347474,0.9119819,0.9781073,0.972977,0.98399776,0.95258254,0.9626474,0.8459583,0.95674694,0.9705312,0.9999999,0.94840497,0.95787734,0.9615293,0.9419251,0.99166256,0.9543377,0.92167616,0.97342986,0.9812156,0.9161668,0.38952604,0.9529746,0.9364796,0.9809522,0.94870555,0.96035016,0.96207345,0.88790476,0.9443868,0.5124816,0.55979115,0.97197115,0.84513503,0.9864284,0.92573607,0.9239227,0.9809041,0.92374384,0.9839355,0.97592926,0.9215857,0.96797144,0.9689304,0.9653694,0.982651,0.97083604,0.98023677,0.96137506,0.89601654,0.7299818,0.96368814,0.93814796,0.9645653,0.9801523,0.96910053,0.93016833,0.9125731,0.9472604,0.9501637,0.97883815,0.9675708,0.97264695,0.97224665,0.9542604,0.8721792,0.9763845,0.22974871,0.8369426,0.98041135,0.81531864,0.8875637,0.36148807,0.9662314,0.96687007,0.94355124,0.90395236,0.9213737,0.9754407,0.90873414,0.89822483,0.97145975,0.923624,0.98581994,0.9298364,0.959915,0.90784854,0.9763845,0.82029843,0.9557189,0.95484716,0.98075926,0.942689,0.95682013,0.9812473,0.90924186,0.9185026,0.9666215,0.93252444,0.9623792,0.89213425,0.9685238,0.9832182,0.92176795,0.915588,0.89153564,0.975251,0.37153858,0.9451085,0.42429006,0.94759107,0.9661251,0.96603936,0.8547815,0.9694895,0.97717977,0.9763086,0.9414664,0.9780652,0.9284092,0.97945905,0.9793016,0.9782706,0.95321274,0.9615776,0.66201,0.9675656,0.9619019,0.9608754,0.7914327,0.97156537,0.9419982,0.9365074,0.9471082,0.9735901,0.9714091,0.98399776,0.9766026,0.93255866,0.85238886,0.90599036,0.9861391,0.89474154,0.64428085,0.9327929,0.8789961,0.9752409,0.96326566,0.9701131,0.7722455,0.94369704,0.96879077,0.9666555,0.9667625,0.94354737,0.9588028,0.98399776,0.9598845,0.9799044,0.97931534,0.9415884
arcticdogsmovie,0.9667551,0.95910585,0.9815086,0.9223773,0.9837241,0.88272166,0.96997255,0.9503563,0.9777376,0.95927835,0.9704625,0.86778706,0.95837045,0.98011774,0.94840497,1.0,0.96770865,0.9712307,0.9261717,0.9644353,0.96146446,0.9490482,0.96741414,0.97243917,0.91759604,0.36132303,0.9510091,0.9741989,0.96945643,0.9528913,0.9597205,0.9509543,0.8951196,0.943126,0.50890434,0.55802876,0.9651747,0.9171256,0.96962005,0.95318174,0.9454026,0.9684946,0.9044011,0.97247934,0.9675484,0.9124462,0.96219397,0.9499313,0.9641703,0.97727436,0.96637326,0.9672194,0.9591274,0.95339954,0.72296524,0.9583788,0.9666331,0.9820113,0.96911603,0.9793886,0.959133,0.9499212,0.958455,0.9506604,0.9511946,0.914894,0.98386437,0.9618701,0.9422687,0.9284385,0.9800774,0.18505932,0.86597574,0.9826061,0.8410921,0.8583717,0.39072177,0.9748865,0.9780627,0.8518219,0.93494505,0.9540516,0.94932586,0.937679,0.96356475,0.9748599,0.97299176,0.96609557,0.91949236,0.97151667,0.9480447,0.9800774,0.8710004,0.94198704,0.9585364,0.97223437,0.97663975,0.9591727,0.9715933,0.92908174,0.9124175,0.9607808,0.94607407,0.9812008,0.94084656,0.9730954,0.973067,0.9307243,0.9029176,0.9339507,0.97855276,0.33748308,0.9883891,0.41172954,0.96841294,0.98829556,0.9763727,0.8807198,0.9706378,0.9628204,0.95991015,0.9663666,0.9713646,0.89016736,0.9840995,0.9779409,0.95513827,0.93452483,0.98532575,0.6492145,0.9656067,0.9686685,0.9777525,0.85844487,0.9826854,0.9580343,0.9731959,0.9239055,0.9766845,0.9692681,0.9777376,0.9661974,0.9455287,0.868342,0.91854364,0.9533716,0.90942264,0.661866,0.93941194,0.91700804,0.94726366,0.97308356,0.96263486,0.7600649,0.9587125,0.9819326,0.9653738,0.9831423,0.9794198,0.9741476,0.9777376,0.94258994,0.9749769,0.9845705,0.93913627
arcticmovie,0.9874238,0.9602616,0.9824517,0.9489585,0.9797842,0.88982064,0.9828799,0.9779762,0.9849099,0.9641969,0.96623904,0.8364578,0.98835474,0.99027216,0.95787734,0.96770865,0.99999994,0.9782512,0.9671016,0.96479887,0.9823655,0.96161824,0.9898085,0.982317,0.93145984,0.4022786,0.965848,0.9887727,0.961677,0.98654425,0.97576714,0.9465423,0.9225517,0.9590942,0.56017905,0.59635866,0.99025905,0.9515463,0.9817972,0.9199769,0.97325504,0.96607465,0.89455146,0.9784056,0.9739571,0.9741362,0.99174595,0.9609765,0.9496649,0.9774038,0.95123714,0.9716306,0.9608203,0.9505306,0.8402963,0.96910155,0.9924144,0.9731003,0.9802386,0.9690618,0.9716021,0.9615696,0.9801235,0.96860886,0.9606284,0.9348461,0.9819078,0.95405024,0.9371349,0.96008587,0.97594327,0.21261671,0.9082229,0.98475426,0.8984622,0.83308333,0.39252773,0.96840245,0.9859453,0.9050588,0.93659675,0.9797784,0.9846085,0.9687598,0.9437617,0.97292143,0.9602233,0.9774319,0.9732962,0.9886854,0.97914886,0.97594327,0.9088512,0.9645206,0.9705923,0.96026343,0.9642828,0.96577865,0.9849242,0.97428805,0.970157,0.9809602,0.94916767,0.9800343,0.93703324,0.9527845,0.98480743,0.95501924,0.95641905,0.89003265,0.9822058,0.37871286,0.9778725,0.43258607,0.98599875,0.97874177,0.9891799,0.92380726,0.97635406,0.98209286,0.98953897,0.9739611,0.98668987,0.89107794,0.9788289,0.9731471,0.9617875,0.92454606,0.9654456,0.7255958,0.98733425,0.9677893,0.9970112,0.90767026,0.9738841,0.9857464,0.9844995,0.9396203,0.97428584,0.9877029,0.9849099,0.9722393,0.96605146,0.9240875,0.90505105,0.97495323,0.93839186,0.70170313,0.9669078,0.96558493,0.9801241,0.963371,0.9888577,0.8308073,0.94363344,0.9811853,0.97051835,0.98278654,0.9772395,0.9613619,0.9849099,0.9670678,0.98144674,0.9787364,0.9157476
artofracingmovie,0.98009,0.9718599,0.9819475,0.940378,0.9899699,0.91190827,0.9810623,0.98002577,0.9884592,0.98017234,0.9768455,0.79685736,0.97960466,0.98769313,0.9615293,0.9712307,0.9782512,1.0,0.96740544,0.9768433,0.9613835,0.9182873,0.9838383,0.98970944,0.9542944,0.4133748,0.9739117,0.9758708,0.97131205,0.95996755,0.9666426,0.9687781,0.9258237,0.9399527,0.49023128,0.5459452,0.98472416,0.9222744,0.987502,0.9490934,0.960541,0.9728142,0.8913801,0.98037565,0.97776574,0.9346234,0.98573136,0.95826536,0.96078277,0.9837948,0.94622517,0.9868625,0.9456086,0.9610084,0.79816455,0.9821176,0.95925575,0.9803322,0.98492324,0.9792594,0.9747161,0.97590995,0.97645086,0.9648323,0.97185326,0.9574463,0.973199,0.9784056,0.9427693,0.910552,0.98439944,0.20685771,0.8691238,0.9873704,0.8413654,0.8614003,0.4394617,0.970269,0.9923106,0.8889094,0.95122564,0.9600801,0.9788784,0.9486909,0.943549,0.9754737,0.93055487,0.9746957,0.9344098,0.99040383,0.95819193,0.98439944,0.8941092,0.94749653,0.9481236,0.9610627,0.9728174,0.9715402,0.98858,0.9272936,0.9247144,0.98054284,0.9541824,0.9795174,0.9460982,0.9530272,0.9821508,0.9383263,0.9307894,0.92615396,0.99469066,0.38419336,0.9781533,0.3792901,0.9599042,0.97847754,0.98564863,0.8682759,0.9916278,0.98025596,0.9849746,0.98370075,0.9820516,0.9107526,0.97589153,0.96512794,0.97436655,0.9094993,0.97702664,0.7343619,0.97387546,0.98024607,0.9846288,0.8497694,0.97453994,0.97311866,0.96758306,0.96536374,0.9837763,0.97318745,0.9884592,0.9629645,0.9298175,0.9068491,0.9500872,0.983181,0.91962534,0.6399194,0.95930064,0.95976156,0.97155243,0.9715479,0.98020035,0.8204361,0.9305508,0.9894198,0.96639246,0.9766587,0.9707221,0.9748709,0.9884592,0.9720147,0.9893414,0.9788018,0.912639
avengers,0.97697663,0.96241707,0.96540636,0.9434978,0.94724727,0.8991353,0.97256243,0.97834563,0.97118825,0.9644923,0.9572845,0.7315348,0.9735845,0.9737075,0.9419251,0.9261717,0.9671016,0.96740544,0.99999994,0.94765973,0.97232974,0.92495173,0.97967166,0.96932876,0.92760086,0.4362669,0.9655232,0.9601405,0.9475054,0.9531795,0.96602345,0.9475998,0.94508547,0.9056063,0.45800948,0.53172165,0.9708831,0.92984605,0.96227413,0.91046256,0.95488775,0.9583932,0.8811975,0.9676177,0.9737119,0.92451406,0.97661924,0.9672153,0.9411734,0.9687206,0.9234813,0.9677419,0.9177957,0.9236596,0.8671524,0.95227885,0.93984413,0.955133,0.97379017,0.9494039,0.95029515,0.952181,0.979638,0.96282065,0.95423365,0.95491046,0.95369595,0.9577481,0.9197038,0.9089596,0.95693934,0.22506726,0.8505119,0.96467817,0.84957737,0.8073763,0.3978303,0.9512424,0.9692946,0.90962285,0.9449043,0.94476503,0.9720231,0.9469076,0.9183413,0.9554046,0.9024208,0.9556875,0.9397444,0.9778627,0.9692605,0.95693934,0.9237417,0.9477273,0.9300265,0.9373105,0.9443635,0.9770353,0.97295266,0.9344449,0.92201173,0.9538132,0.9715551,0.9495359,0.95863026,0.92535526,0.97424763,0.93624556,0.91156775,0.88109344,0.9702562,0.4099836,0.9470578,0.33786798,0.95198846,0.947184,0.9709012,0.8712484,0.9810847,0.9731463,0.9793646,0.9697997,0.9657765,0.90444213,0.9531681,0.9427106,0.9525626,0.9093081,0.9402292,0.75013304,0.97021973,0.94099325,0.97219986,0.838262,0.9428779,0.9629442,0.95404357,0.9667315,0.9526272,0.95922416,0.97118825,0.9623955,0.927263,0.904961,0.8968888,0.9760638,0.889692,0.60345674,0.94868547,0.9566475,0.96372575,0.9603573,0.97855216,0.8639912,0.91356426,0.9589878,0.9428954,0.9356326,0.94397414,0.9313079,0.97118825,0.93606555,0.97310567,0.96046275,0.89892924
beachbummovie,0.96303874,0.942527,0.9866861,0.8836603,0.9864555,0.9048249,0.9764603,0.9684915,0.98845184,0.96123254,0.9729831,0.82526577,0.95834297,0.97897756,0.99166256,0.9644353,0.96479887,0.9768433,0.94765973,1.0,0.95123416,0.91509926,0.97693926,0.9898649,0.94075745,0.4237421,0.96553373,0.9561243,0.98224545,0.96277183,0.9656636,0.9676798,0.9041947,0.94503796,0.47524878,0.53559464,0.97317505,0.8624609,0.9891976,0.94675916,0.9414436,0.9823989,0.9161291,0.9851074,0.9789557,0.91888964,0.97375244,0.9635889,0.9719045,0.9876441,0.9657631,0.98467964,0.9597024,0.92637706,0.71999055,0.97920054,0.95032257,0.9771181,0.9875699,0.9751265,0.9517994,0.9412236,0.95465547,0.9503483,0.9737614,0.959445,0.97906923,0.976519,0.95708877,0.8837252,0.9826608,0.23753732,0.83951426,0.9862748,0.8134279,0.8972308,0.4032657,0.9699105,0.97949433,0.9053981,0.9255314,0.91988665,0.9712944,0.9177904,0.91253805,0.9754237,0.92537767,0.9843306,0.92011625,0.97172064,0.921244,0.9826608,0.83868504,0.94733936,0.94685954,0.9836779,0.9586711,0.9665157,0.98154837,0.9192586,0.90926605,0.97354156,0.9452063,0.9707744,0.9126643,0.96762687,0.98410034,0.92440426,0.9137301,0.9268885,0.98492235,0.3998105,0.96093553,0.37631783,0.95338947,0.9745026,0.97294223,0.8545402,0.9793648,0.9739199,0.9766697,0.9578832,0.97749513,0.91883445,0.982013,0.978831,0.97988933,0.9396457,0.9763019,0.6736378,0.96295613,0.97059405,0.9703362,0.79743606,0.97960776,0.96125007,0.94455075,0.9531085,0.9796609,0.9747434,0.98845184,0.9720364,0.93250495,0.858213,0.9350427,0.9823542,0.89277464,0.6209767,0.9354271,0.9024055,0.9654205,0.97694033,0.97041917,0.7792336,0.9466112,0.98173565,0.97560227,0.9741322,0.9573274,0.9784544,0.98845184,0.96537226,0.98903537,0.98457104,0.9355943
bernadettefilm,0.98194057,0.9675397,0.98062193,0.9471182,0.96396637,0.8992334,0.9876309,0.9804658,0.9820065,0.9648471,0.9582913,0.8350115,0.9864738,0.98462844,0.9543377,0.96146446,0.9823655,0.9613835,0.97232974,0.95123416,1.0,0.96243477,0.9859846,0.972099,0.9230679,0.359746,0.9472527,0.9676104,0.9697319,0.9678996,0.97740906,0.9390842,0.91694206,0.94070375,0.51745856,0.5573776,0.9840369,0.9435505,0.96544415,0.9133155,0.9638006,0.97416943,0.9125749,0.98120314,0.983368,0.9431724,0.97998255,0.9762846,0.9437072,0.980613,0.96645314,0.96964335,0.9492964,0.92888725,0.85056955,0.9498031,0.96559244,0.972293,0.9741394,0.9712241,0.96332014,0.94820076,0.9872144,0.9766888,0.9617314,0.9352926,0.98190033,0.9587333,0.9324529,0.9451409,0.9765512,0.17927355,0.8743276,0.9789027,0.8596839,0.81139684,0.35223204,0.97545063,0.9792405,0.9290499,0.9202552,0.9682622,0.9811794,0.95263225,0.95646405,0.9768245,0.96072245,0.97631896,0.9712147,0.9777223,0.98081815,0.9765512,0.9176007,0.96722525,0.97549725,0.9489829,0.9613936,0.9786593,0.97837126,0.94636285,0.94919556,0.96745366,0.9585161,0.973967,0.95387095,0.9671308,0.9834693,0.9638607,0.92501646,0.87569755,0.975519,0.3377282,0.9722636,0.40378478,0.97879696,0.96869934,0.98248106,0.8874493,0.97705805,0.9823459,0.98610145,0.9733984,0.9804117,0.9199678,0.9763161,0.9694053,0.95825773,0.94037324,0.94963396,0.7115936,0.99292,0.94553643,0.98795897,0.87836057,0.9647439,0.970215,0.9734803,0.95324105,0.9736456,0.97634906,0.9820065,0.98142457,0.95625335,0.92405427,0.89090854,0.97174543,0.90173256,0.6526999,0.96568745,0.9426722,0.98068625,0.963532,0.9855487,0.82347476,0.9590453,0.97474784,0.9454587,0.9618518,0.96186066,0.9405015,0.9820065,0.94222534,0.9777903,0.9752884,0.9506071
