movie,21bridgesmovie,47metersdown,abeautifuldaymovie,abominablemovie,adastramovie,adogsjourneymovie,aftermathmovie,aftermovie,ahiddenlifefilm,alitamovie,angelhasfallen,angrybirdsmovie,annabellemovie,annamovie,apollo11movie,arcticdogsmovie,arcticmovie,artofracingmovie,avengers,beachbummovie,bernadettefilm,blackandbluemovie,blackchristmas,blindedbythelightmovie,bombshellmovie,booksmart,breakthroughmovie,brianbanksmovie,brightburnmovie,brittanyrunsmov,captainmarvelofficial,captivestatemovie,catsmovie,charliesangels,childsplaymovie,clarathefilm,coldpursuitmovie,countdown,currentwarmovie,darkwatersmovie,detectivepikachumovie,disneyaladdin,disneyfrozen,disneymaleficent,doctorsleepmovie,dolemiteismyname,dontletgomovie,doramovie,downtonabbey_official,dumbo,escaperoom,everybodyknowsmovie,fastandfuriousmovie,fightingwmyfam,fivefeetapartfilm,fordvferrari,freaksthefilm,geminimanmovie,glassmovie,gloriabellmovie,godzillamovie,goldfinchmovie,goodboysmovie,goodliarmovie,gretafilm,halathemovie,happydeathdaymovie,harrietfilm,hellboymovie,hersmellmovie,highlifemovie,highstrungmovie,honeyboymovie,hotelmumbaifilm,httydragon,hustlemovie,hustlersmovie,isntitromantic,itmovieofficial,jayandsilentbob,johnwickmovie,jojorabbitmovie,jokermovie,judythefilm,jumanjimovie,justmercyfilm,knivesout,lalloronamovie,lastblackmansf,lastchristmasthemovie,latenightmovie,lighthousemovie,lionking,littlethemovie,littlewomenmovie,littlewoodsfilm,longshotmovie,lordsofchaosmovie,lucyintheskyfilm,mamovie2019,marriagestory,meettheaddams,meninblack,midsommarmovie,midwaymovie,missbalamovie,missinglinkfilm,motherlessbklyn,onceinhollywood,onthebasisofsex,overcomermovie,peanutbutterfalcon,petsematarymovie,piercingmovie,playingwithfire,playmobilthemovie,pomsmovie,queenandslim,rambomovie,readyornotfilm,richardjewellfilm,rocketmanmovie,scarystoriesmovie,secretlifeofpets,serenityfilm,shaftmovie,shazammovie,spidermanmovie,spiesindisguise,starwars,stormboymovie,stubermovie,taosdfilm,teenspiritmov,terminator,theaeronautsmov,thebestofenemies,thedeaddontdie,thefarewell,thehighwaymen,thehummingbirdprojectfilm,theintrudermovie,theirishmanfilm,thekitchenmovie,thelegomovie,themustangfilm,thenightingalefilm,theprodigymovie,thesunisalsoastar,theupsidefilm,tolkienmovie,toystory,triplefrontier,uglydolls,uncutgems,underthesilverlake,usmovie,wavesmovie,whatmenwant,wonderparkmovie,wrinklestheclown,xmenmovies,yardiefilm,yesterdaymovie,zombieland
21bridgesmovie,0.99999994,0.9536106,0.99156755,0.82247853,0.9880078,0.8068039,0.9885454,0.9867581,0.99509406,0.95314103,0.9836033,0.89352983,0.9573814,0.9907611,0.98808515,0.9757857,0.9600121,0.965872,0.9921448,0.97579885,0.9718097,0.898215,0.96859485,0.9848238,0.91199636,0.28217283,0.8662615,0.9540768,0.97887003,0.946104,0.98425406,0.94470525,0.88460237,0.85552174,0.63455135,0.5625697,0.9918853,0.9606524,0.9774308,0.9117009,0.9627725,0.9666135,0.8087161,0.9816191,0.979772,0.92717177,0.96130383,0.9555705,0.90748274,0.98811483,0.97922456,0.990378,0.76378363,0.941677,0.9238994,0.9787928,0.9088957,0.9514366,0.9657805,0.9896636,0.95242137,0.94738984,0.9405981,0.9845522,0.9583815,0.8974817,0.9549721,0.9685161,0.98763853,0.7779373,0.99457335,0.13882574,0.7955703,0.98083127,0.6757775,0.7452509,0.48823157,0.9560751,0.95919657,0.91026217,0.90829647,0.9484616,0.9867696,0.9238733,0.92649114,0.9624902,0.90862566,0.989408,0.9228674,0.99124837,0.9101141,0.99457335,0.8777864,0.9499087,0.9597576,0.9760714,0.9656838,0.9866583,0.96778584,0.87081707,0.91352236,0.9670529,0.91950744,0.97394264,0.94010115,0.9711535,0.99627054,0.926539,0.82867897,0.8420306,0.9904445,0.24587974,0.94726944,0.53509563,0.9160231,0.98251474,0.9977471,0.78187126,0.9932402,0.9888239,0.97189415,0.9689088,0.99135107,0.8042246,0.9840552,0.98406255,0.95460254,0.93718475,0.9071455,0.6151081,0.98386925,0.9581625,0.978741,0.7745017,0.9600327,0.96275705,0.96364397,0.9719955,0.9906085,0.9453711,0.99509406,0.9504431,0.8589438,0.8827359,0.8716119,0.98003036,0.8738441,0.72704697,0.94890904,0.9455599,0.9756237,0.97029895,0.98548794,0.69185126,0.94856775,0.98031974,0.94522184,0.93917876,0.95302933,0.9022555,0.99509406,0.9587292,0.9828445,0.96654123,0.9318352
47metersdown,0.9536106,0.9999999,0.94176763,0.76977783,0.95703745,0.75868887,0.94919276,0.9443471,0.94875455,0.9332583,0.9349267,0.90710175,0.9085323,0.96328104,0.93298155,0.9467315,0.8964112,0.9405721,0.95065904,0.92231303,0.91943204,0.83797395,0.94468313,0.92769426,0.8857385,0.2435383,0.86210626,0.8994092,0.9468396,0.87684274,0.9505092,0.8791415,0.8919668,0.8239292,0.5594496,0.5253018,0.95979184,0.90338624,0.9520701,0.8843255,0.93408775,0.91066355,0.7469463,0.9323693,0.9166308,0.9370682,0.94127417,0.89849955,0.93644685,0.9435435,0.94746137,0.9547989,0.7454606,0.87959987,0.8866057,0.9452705,0.9265517,0.87834555,0.943301,0.96923757,0.9205496,0.93309605,0.88584757,0.95454806,0.93629783,0.85419637,0.91253674,0.93448293,0.9293905,0.7418607,0.96544933,0.16808586,0.776449,0.93546027,0.56947047,0.66301507,0.409249,0.8809911,0.9307948,0.84466547,0.8506662,0.9383167,0.93628055,0.8654207,0.95416164,0.95585966,0.88080454,0.94509923,0.9268852,0.94532424,0.89363265,0.96544933,0.8162426,0.9104758,0.95269483,0.9438011,0.9687296,0.92992276,0.9181968,0.91235685,0.9126152,0.9482225,0.8782043,0.962292,0.95873433,0.944101,0.96106094,0.92877793,0.786112,0.8239217,0.93162346,0.22651486,0.87740767,0.49734226,0.8624458,0.9198151,0.9502004,0.6896532,0.94966245,0.9523922,0.9337353,0.9139187,0.9617471,0.79387766,0.95110834,0.94460684,0.9208085,0.8885239,0.8812646,0.53400177,0.95399153,0.92852837,0.9273255,0.6998655,0.896592,0.9039972,0.90222424,0.9139821,0.9655872,0.9327109,0.94875455,0.90791565,0.8607671,0.8902128,0.8593432,0.93340635,0.82260627,0.64463264,0.92064357,0.9409898,0.93715346,0.91084903,0.9448289,0.6481707,0.907298,0.9653352,0.88932294,0.9513976,0.89189273,0.8425853,0.94875455,0.96074545,0.9357258,0.94944316,0.8910296
abeautifuldaymovie,0.99156755,0.94176763,0.99999994,0.8369289,0.9854418,0.82787913,0.9876527,0.98554224,0.9920714,0.9596167,0.9919913,0.90465105,0.957123,0.9808886,0.9778593,0.9764739,0.96319675,0.9690978,0.9807455,0.9636789,0.9798709,0.9105291,0.9748382,0.98602504,0.91332173,0.27946052,0.8495414,0.96480113,0.9888106,0.94054145,0.9737442,0.94893754,0.87979156,0.8686835,0.6270412,0.5357391,0.98205423,0.96267897,0.96757615,0.9239186,0.9560909,0.9645099,0.82151383,0.97511625,0.97918814,0.9110075,0.9683194,0.96011364,0.8767335,0.9818679,0.9894315,0.9894785,0.78511137,0.95103085,0.9271188,0.9688257,0.9014185,0.9596141,0.9614347,0.9848096,0.9467089,0.9467244,0.93620527,0.97897375,0.9658514,0.9038291,0.9455453,0.97174186,0.9792197,0.7503945,0.99094784,0.1381696,0.7774405,0.986395,0.704917,0.7515954,0.5030861,0.96009195,0.9573912,0.9242108,0.90720654,0.9440488,0.9850217,0.92647743,0.9274081,0.9552628,0.9019901,0.9866727,0.91729367,0.99179554,0.89877033,0.99094784,0.87410027,0.9488938,0.9675343,0.9710735,0.9592787,0.97964245,0.9637694,0.85394084,0.8947612,0.9576041,0.94001764,0.97733164,0.9326248,0.98244226,0.9860291,0.9234762,0.8439891,0.8539789,0.98812646,0.24432538,0.9550608,0.5119307,0.9165649,0.9809263,0.9909085,0.796067,0.98987246,0.98418444,0.9660555,0.972474,0.98243105,0.8203937,0.98237735,0.97375476,0.9569041,0.95008975,0.90819114,0.6290785,0.98378533,0.9570989,0.9846672,0.78567123,0.96450317,0.9551081,0.9601255,0.96712506,0.986779,0.94751,0.9920714,0.9640483,0.83714706,0.8682345,0.871868,0.97493833,0.8538122,0.72781944,0.95053124,0.9326972,0.97774076,0.97691834,0.98272383,0.6967401,0.946215,0.97203034,0.95311314,0.9410315,0.96133685,0.90792614,0.9920714,0.94629747,0.9852288,0.96625584,0.95245594
abominablemovie,0.82247853,0.76977783,0.8369289,1.0,0.8336841,0.8718741,0.84337014,0.8475081,0.84569466,0.8271974,0.846182,0.77091384,0.83723855,0.8307885,0.81848603,0.8919236,0.87336814,0.83962023,0.8056574,0.8164677,0.851843,0.90976954,0.89963585,0.83604294,0.9002808,0.5018518,0.8027812,0.893794,0.8165423,0.85116583,0.7926399,0.89285874,0.9004256,0.820011,0.6748208,0.5052301,0.82116985,0.7967757,0.8264653,0.89446783,0.7882588,0.843787,0.7191783,0.8293483,0.8606017,0.74370193,0.9045905,0.80702394,0.75225544,0.82841456,0.82181126,0.84152406,0.90426844,0.8015669,0.8591951,0.87403095,0.85523385,0.8660111,0.88365495,0.8069359,0.8068766,0.90619415,0.8558614,0.8317037,0.85573107,0.8680966,0.88641036,0.85216874,0.8073622,0.6297126,0.8134416,0.2272393,0.8259911,0.8622105,0.84843165,0.8447495,0.5040154,0.88434166,0.8684746,0.8077497,0.8356245,0.8193901,0.8249566,0.9171074,0.80286825,0.83840364,0.7416799,0.8486095,0.7322369,0.8448805,0.8811034,0.8134416,0.8331965,0.8905894,0.8198167,0.8706327,0.8338232,0.80585486,0.8372904,0.8302844,0.7313059,0.88935256,0.86774635,0.81694806,0.82879925,0.81573665,0.83079284,0.8265623,0.90079737,0.8831502,0.8503733,0.38194638,0.89728093,0.5115081,0.8615267,0.8616638,0.8264069,0.8982398,0.8406243,0.82700765,0.8009231,0.85848093,0.835352,0.7946693,0.8321936,0.8447248,0.805551,0.8346653,0.78653014,0.6462518,0.84955937,0.8479805,0.87241703,0.84901255,0.87284034,0.8540905,0.7975937,0.84375817,0.8049187,0.8112231,0.84569466,0.8235518,0.7172101,0.76300675,0.8317196,0.86169356,0.7309971,0.7473649,0.8415734,0.8240108,0.8512596,0.84021324,0.8632084,0.6154439,0.7531112,0.78528565,0.9073839,0.80195636,0.8637268,0.8984667,0.84569466,0.8512761,0.84292054,0.88364,0.8268836
adastramovie,0.9880078,0.95703745,0.9854418,0.8336841,1.0000001,0.8348975,0.99244094,0.9814618,0.99275696,0.96853095,0.98021555,0.9063225,0.9410372,0.98861206,0.97837514,0.9736585,0.9651789,0.98524165,0.9818918,0.9597145,0.9735472,0.9050207,0.9723021,0.98605216,0.910951,0.27068478,0.8833137,0.9627076,0.97220945,0.9457809,0.9679054,0.9236624,0.89448124,0.8394004,0.5947811,0.5300368,0.98532915,0.94618344,0.9818701,0.92260355,0.9560437,0.97445405,0.8215536,0.9793212,0.97596747,0.92081904,0.96398854,0.9544248,0.89164406,0.9900321,0.9798813,0.9842836,0.7893271,0.9404592,0.9199716,0.98778903,0.9151826,0.96155816,0.95988023,0.98573273,0.93974864,0.9421468,0.9447369,0.975358,0.9562238,0.90476674,0.95404494,0.95893914,0.97183156,0.76114386,0.99242735,0.1382843,0.7801504,0.9852477,0.65554804,0.72545695,0.46689546,0.95082265,0.96089333,0.88510585,0.9150792,0.94592774,0.9814091,0.909304,0.92342234,0.9653644,0.8935144,0.98483175,0.91552705,0.9894052,0.91137683,0.99242735,0.8713032,0.96137357,0.9553979,0.97274184,0.969438,0.97085434,0.9735257,0.8699274,0.908418,0.9687187,0.9237004,0.9764611,0.954578,0.97891647,0.99055547,0.9314979,0.81100017,0.85392207,0.9888221,0.22982332,0.95151705,0.503924,0.9341115,0.97385347,0.9895487,0.7682471,0.98997945,0.9894341,0.96721405,0.97311395,0.9915756,0.81853896,0.981887,0.97811306,0.9448849,0.93273985,0.93824923,0.6103551,0.98304236,0.9751979,0.9823317,0.76065356,0.96642244,0.96544486,0.94418335,0.95061934,0.9865307,0.9475045,0.99275696,0.9476883,0.84630495,0.8781311,0.84578323,0.96875405,0.8505176,0.68888277,0.94958085,0.9376697,0.98403966,0.96910447,0.97701037,0.64633584,0.9385802,0.9753478,0.95003915,0.95166075,0.9575667,0.91291934,0.99275696,0.96375144,0.98397326,0.9747176,0.9316781
adogsjourneymovie,0.8068039,0.75868887,0.82787913,0.8718741,0.8348975,1.0000001,0.82930547,0.7993961,0.8257271,0.8146014,0.846284,0.8051508,0.8522162,0.80413157,0.800443,0.85785127,0.8508628,0.86121446,0.7713207,0.78795147,0.83260256,0.93155605,0.8924689,0.8371856,0.81404364,0.2833436,0.7968706,0.8455707,0.79473263,0.82480556,0.7700307,0.8074488,0.8051015,0.8193903,0.49245468,0.32853362,0.7975949,0.79956234,0.8068437,0.87552005,0.8030801,0.85912764,0.8126048,0.8208106,0.79447865,0.7365288,0.8923945,0.81585497,0.7045798,0.8300181,0.80965567,0.82082623,0.92994905,0.78322935,0.8047416,0.8429576,0.7633138,0.86353827,0.8113192,0.7961421,0.82168484,0.84240186,0.8174014,0.83804303,0.8591863,0.824387,0.78957415,0.7849841,0.81269497,0.5674399,0.8021928,0.052475944,0.6189637,0.82753736,0.6776857,0.73030704,0.40932292,0.8816607,0.85387915,0.8119665,0.86491674,0.83381075,0.84365284,0.8153606,0.76701796,0.8207909,0.7421716,0.85155743,0.72404385,0.8326531,0.8275697,0.8021928,0.82582057,0.8792593,0.78368294,0.8270535,0.834674,0.79874307,0.80609524,0.75721556,0.6955795,0.835285,0.84821284,0.8003637,0.8162786,0.81565815,0.8097192,0.87479484,0.7062367,0.798691,0.82733274,0.20344867,0.87006897,0.37488413,0.8327316,0.8615895,0.81717116,0.7457821,0.85088277,0.80507714,0.8207006,0.85825866,0.8051388,0.93180966,0.8351953,0.84697783,0.8150539,0.7998003,0.7914231,0.5749437,0.8607096,0.81275266,0.83699316,0.6667456,0.8618879,0.8382213,0.8030649,0.76961744,0.7871402,0.7774811,0.8257271,0.8242726,0.68652606,0.869761,0.8097227,0.86154723,0.65861475,0.5659192,0.887451,0.83750784,0.844107,0.85564494,0.82660496,0.39305633,0.786597,0.77978176,0.89639413,0.7685977,0.8602717,0.88583195,0.8257271,0.80683273,0.8084736,0.8914108,0.817653
aftermathmovie,0.9885454,0.94919276,0.9876527,0.84337014,0.99244094,0.82930547,1.0,0.98799294,0.9955355,0.9599046,0.9793867,0.90953547,0.9483253,0.9888128,0.97862303,0.98117656,0.98212874,0.97247654,0.9840497,0.95855993,0.97396487,0.91094077,0.9720843,0.9904303,0.92766565,0.3018001,0.8715917,0.97042257,0.9723396,0.9666527,0.96409035,0.9413996,0.9091113,0.84235966,0.62365574,0.5369919,0.984458,0.9477486,0.97476566,0.9275645,0.9688944,0.9701253,0.7975669,0.9760185,0.9825887,0.9031152,0.96605587,0.96394855,0.88496405,0.98588276,0.9812122,0.98630536,0.79084307,0.95344573,0.9171616,0.9821949,0.91269445,0.9644963,0.9654378,0.98189485,0.95864934,0.95144784,0.95132416,0.98032546,0.95513844,0.92455924,0.9635603,0.9647551,0.9686493,0.7343585,0.99128073,0.14364131,0.78321546,0.9891077,0.6833922,0.76044995,0.48663253,0.96115345,0.96423954,0.88928306,0.9106883,0.9492871,0.98511237,0.9193118,0.9234749,0.96087414,0.8865614,0.9881075,0.90552825,0.9916277,0.9313127,0.99128073,0.88883924,0.95712805,0.9583027,0.96984106,0.96865875,0.9684291,0.9825988,0.87068045,0.88513726,0.96711314,0.9254813,0.9767965,0.9528804,0.97968245,0.9904891,0.92358774,0.8317173,0.87029403,0.9935954,0.2552453,0.95831907,0.5246743,0.9376393,0.9793572,0.9890192,0.79248166,0.99383664,0.9961494,0.9761603,0.9782807,0.9901639,0.82405216,0.9807509,0.97528434,0.94283247,0.93770665,0.9300201,0.5956507,0.9799403,0.9757603,0.98905104,0.7816133,0.9659752,0.97645855,0.9424479,0.9562255,0.9894342,0.93388736,0.9955355,0.9507563,0.8227481,0.868608,0.85599685,0.9682478,0.855056,0.71060276,0.9533428,0.93695635,0.99055207,0.95883524,0.97248745,0.6715857,0.92904675,0.9653531,0.9600247,0.9456982,0.9626588,0.91865635,0.9955355,0.9529178,0.992455,0.973224,0.9316886
aftermovie,0.9867581,0.9443471,0.98554224,0.8475081,0.9814618,0.7993961,0.98799294,0.9999999,0.99125093,0.94422597,0.9786621,0.91511166,0.9548842,0.9826597,0.9786203,0.9762938,0.97204024,0.96650726,0.985128,0.964287,0.9646318,0.89956385,0.9701279,0.985,0.92882997,0.29064503,0.869159,0.97069186,0.9747263,0.9613747,0.98183405,0.944096,0.89926,0.8428752,0.66902846,0.56895244,0.9824013,0.9498895,0.96730345,0.92332083,0.96169627,0.96409637,0.79955083,0.9734006,0.98827666,0.9120541,0.9641996,0.96223456,0.89516145,0.9800163,0.98104537,0.98175436,0.76263833,0.96044207,0.94463134,0.9776596,0.9115303,0.96074206,0.9669508,0.9797571,0.952557,0.9548415,0.9613036,0.97477907,0.94693094,0.91941243,0.9538857,0.9634769,0.9676717,0.7671247,0.9878295,0.15447429,0.8220005,0.9846552,0.7274971,0.76855135,0.52514064,0.94701385,0.9598424,0.9065116,0.91243845,0.9512132,0.9795645,0.9349874,0.93896705,0.9730795,0.9011721,0.9862738,0.9215852,0.9896046,0.92503077,0.9878295,0.87287426,0.9513597,0.9628473,0.9675426,0.96858597,0.9792162,0.9700465,0.87448704,0.8981059,0.9657852,0.92191243,0.97584134,0.9359168,0.97690535,0.9849038,0.9137148,0.8580259,0.85570174,0.9864496,0.2550962,0.9636318,0.5493588,0.9348067,0.9770099,0.98589593,0.83249295,0.9843232,0.98798645,0.96101475,0.9760481,0.99020547,0.8002942,0.98571527,0.9731295,0.95641303,0.9514399,0.92256397,0.6266965,0.96503377,0.97053176,0.9857465,0.7715312,0.9641408,0.9725572,0.9546541,0.96943104,0.9877111,0.94433314,0.99125093,0.9528079,0.8472804,0.84473497,0.8607359,0.9601519,0.8700268,0.76421237,0.9410276,0.9331073,0.97345537,0.9629313,0.97699755,0.7135594,0.92598337,0.9652887,0.94259125,0.94943464,0.9677134,0.9256701,0.99125093,0.94915354,0.9808411,0.9673199,0.9428395
ahiddenlifefilm,0.99509406,0.94875455,0.9920714,0.84569466,0.99275696,0.8257271,0.9955355,0.99125093,1.0,0.95725393,0.9835533,0.8923215,0.95255667,0.9902244,0.9889941,0.9809421,0.9749467,0.9709688,0.9912857,0.9724936,0.9755679,0.909303,0.9753391,0.99333346,0.9247956,0.29903445,0.86530924,0.9668861,0.97841066,0.959557,0.9746125,0.94675165,0.9026411,0.84914047,0.63283366,0.5465256,0.98956186,0.95268005,0.97376806,0.9230753,0.9596583,0.968583,0.8069331,0.98001903,0.986039,0.9102355,0.96741074,0.96393704,0.8863546,0.9883945,0.9830582,0.9928873,0.78476095,0.94696057,0.9206554,0.9839579,0.9128625,0.9611975,0.9672921,0.98415565,0.95089626,0.9526495,0.94593847,0.98097914,0.9583978,0.9056889,0.9622851,0.9732231,0.9823749,0.7540412,0.9933608,0.1443743,0.7897284,0.9894988,0.6924018,0.75803155,0.49262357,0.9623143,0.96128577,0.90198845,0.90732384,0.9450788,0.9880332,0.92625964,0.92032355,0.9632731,0.8919327,0.9906011,0.9091826,0.9957265,0.91873145,0.9933608,0.87913,0.9587975,0.9574308,0.9772696,0.9637168,0.9811172,0.97657025,0.86215943,0.89399755,0.96745735,0.9266967,0.972884,0.9440255,0.9774995,0.9954151,0.9224075,0.8352861,0.85425234,0.99591744,0.25180504,0.95673496,0.52775544,0.92853206,0.9819103,0.99578303,0.79614526,0.9948417,0.9935724,0.9745462,0.9755936,0.9932171,0.81269735,0.9828667,0.97882056,0.947656,0.93940806,0.91341263,0.6107718,0.985028,0.9675544,0.98909587,0.79063046,0.9663725,0.9727271,0.9541417,0.96767104,0.98868227,0.93895066,1.0,0.95381397,0.8375087,0.8662128,0.8629661,0.9763596,0.86200005,0.72414815,0.9481517,0.93289953,0.98174167,0.96777564,0.984132,0.68560076,0.93559986,0.9715213,0.9581479,0.9373254,0.96097714,0.9135265,1.0,0.9567809,0.9921878,0.9735946,0.9381398
alitamovie,0.95314103,0.9332583,0.9596167,0.8271974,0.96853095,0.8146014,0.9599046,0.94422597,0.95725393,1.0000001,0.9469486,0.8900709,0.90833306,0.96307343,0.9361093,0.9474732,0.9247101,0.96672916,0.94307655,0.912558,0.97926474,0.8771973,0.9417895,0.9394908,0.88084924,0.31995165,0.87820643,0.92763793,0.9443457,0.8965634,0.9344052,0.9192469,0.8862952,0.7901106,0.5864175,0.5270008,0.95024765,0.92052764,0.95719427,0.9011525,0.91073453,0.9510494,0.82793844,0.960799,0.9444346,0.9235994,0.9438766,0.89447737,0.8776797,0.9647373,0.9560692,0.9533838,0.7951715,0.8965663,0.89952797,0.94967335,0.91367286,0.9429187,0.9523841,0.96067697,0.9043147,0.9073025,0.9150606,0.9468121,0.95107895,0.8816607,0.94218355,0.93843853,0.9326895,0.7562814,0.96178246,0.17088474,0.7689703,0.9552174,0.6508766,0.7182381,0.4692505,0.910315,0.931103,0.8371643,0.88832474,0.9230493,0.9402589,0.9032313,0.8978818,0.9309146,0.88404536,0.95425695,0.9035235,0.957027,0.8769381,0.96178246,0.84304893,0.92185956,0.940487,0.9477149,0.9347781,0.91664964,0.95052636,0.8753484,0.9153549,0.95506746,0.9157259,0.9516083,0.9629035,0.9490222,0.9589739,0.9118333,0.8362905,0.86869985,0.95531476,0.26824895,0.9225149,0.5001961,0.9240887,0.93426466,0.9514228,0.7429624,0.95473915,0.9610606,0.918293,0.9484506,0.9518285,0.8011871,0.95245457,0.9491889,0.9233908,0.9148641,0.9274,0.6466169,0.96791154,0.95566905,0.9544608,0.80229986,0.9564815,0.9213921,0.8958421,0.9073604,0.9550565,0.95569104,0.95725393,0.9189973,0.84895194,0.8695928,0.83114564,0.93956846,0.82340395,0.68245643,0.9329302,0.9104871,0.9592316,0.95430976,0.9479705,0.65811616,0.92196846,0.9560827,0.9305063,0.95215994,0.908764,0.87418455,0.95725393,0.94826734,0.96212286,0.94115156,0.9143215
angelhasfallen,0.9836033,0.9349267,0.9919913,0.846182,0.98021555,0.846284,0.9793867,0.9786621,0.9835533,0.9469486,0.99999994,0.9212107,0.95961535,0.9726347,0.9648998,0.97737557,0.957861,0.97356737,0.96960026,0.9570867,0.96449536,0.93074054,0.97723883,0.976136,0.9196066,0.2750854,0.8621044,0.9668029,0.98791015,0.9293343,0.9724073,0.95158917,0.86390626,0.89171743,0.6221807,0.5240663,0.9746762,0.9664515,0.9666366,0.9469312,0.9600895,0.9676245,0.8247651,0.96671623,0.97262734,0.91457015,0.97024643,0.95344675,0.8820436,0.97517294,0.988811,0.98631585,0.8039282,0.95438063,0.93451643,0.96706337,0.8946217,0.95885015,0.96073884,0.9789535,0.94181836,0.9536924,0.9457042,0.9815425,0.97677654,0.91761005,0.9364109,0.9692103,0.9769717,0.7578531,0.9839983,0.12330288,0.78081363,0.98289865,0.70417607,0.7539948,0.49821374,0.95642823,0.9634943,0.93711835,0.928149,0.94803256,0.9826139,0.92284095,0.9345925,0.95831984,0.90524673,0.9834726,0.93103725,0.98285735,0.90465546,0.9839983,0.88528204,0.95255494,0.9681298,0.9634953,0.965838,0.97699547,0.9518607,0.85927284,0.8903487,0.9618799,0.9534777,0.9796489,0.9315955,0.9854321,0.9763041,0.9414111,0.8426105,0.87062675,0.9796011,0.24357861,0.9622104,0.5042222,0.9104374,0.983492,0.9841806,0.8042606,0.9876174,0.97464335,0.96458924,0.97373044,0.97598624,0.8389289,0.9845504,0.97625524,0.9574052,0.96177804,0.91427445,0.6424561,0.97183967,0.9481587,0.9740281,0.76239055,0.96265304,0.94936776,0.9636266,0.96775275,0.97933656,0.9501764,0.9835533,0.9763859,0.8423998,0.88520247,0.8926827,0.97739893,0.8465995,0.7183256,0.96665627,0.94040745,0.9715041,0.9740131,0.9756183,0.6671108,0.9437893,0.9697443,0.9453655,0.94230974,0.97152555,0.9259332,0.9835533,0.94211763,0.96786433,0.9680506,0.9638451
angrybirdsmovie,0.89352983,0.90710175,0.90465105,0.77091384,0.9063225,0.8051508,0.90953547,0.91511166,0.8923215,0.8900709,0.9212107,1.0000002,0.9088478,0.90279263,0.85050607,0.9054019,0.8873297,0.9379708,0.87421495,0.8428477,0.8865078,0.86528224,0.9147526,0.8897954,0.848351,0.19568776,0.8554787,0.89860684,0.90225303,0.87070274,0.9118239,0.86309665,0.8141293,0.7950894,0.5854573,0.49561366,0.8917932,0.9128375,0.9166674,0.92096215,0.9315916,0.91404444,0.77919835,0.8945807,0.8908027,0.904473,0.9177087,0.8741325,0.90109605,0.9029646,0.9208756,0.8903805,0.7497251,0.90719444,0.9250744,0.89741945,0.864282,0.9020051,0.9022316,0.9133103,0.9129335,0.886583,0.92659336,0.9215532,0.91518515,0.91753995,0.8387893,0.85536385,0.86309564,0.7240299,0.9108384,0.15836592,0.77179736,0.9064144,0.6437671,0.67476135,0.45935842,0.85987604,0.92172784,0.86770046,0.9007646,0.9399005,0.89788073,0.8543316,0.9422324,0.9452369,0.88425356,0.9123114,0.93784153,0.8960257,0.8761819,0.9108384,0.84483886,0.88103735,0.9267854,0.8698901,0.95974535,0.8815376,0.8745021,0.8747166,0.8692814,0.90426946,0.8966989,0.94885737,0.9116955,0.9289444,0.8883125,0.910049,0.78162754,0.8546723,0.88524,0.20490359,0.9108848,0.47667375,0.8978427,0.90771943,0.8906134,0.7686224,0.91140956,0.9081374,0.87681293,0.9296746,0.908407,0.82760006,0.9409304,0.913117,0.9316606,0.9166111,0.9219564,0.5705298,0.8785043,0.90649015,0.89566547,0.6184078,0.90230834,0.89084727,0.87426066,0.8715152,0.91759247,0.9263391,0.8923215,0.9130229,0.8279844,0.8723485,0.83180434,0.8782747,0.78018135,0.6834261,0.93327886,0.9225757,0.91977936,0.89917713,0.8879876,0.6187381,0.8759474,0.8986694,0.85118175,0.95196056,0.9190884,0.9041393,0.8923215,0.88054925,0.87111455,0.9190604,0.91194224
annabellemovie,0.9573814,0.9085323,0.957123,0.83723855,0.9410372,0.8522162,0.9483253,0.9548842,0.95255667,0.90833306,0.95961535,0.9088478,0.99999976,0.9487787,0.9428335,0.9588135,0.93632156,0.93937874,0.92663145,0.9473251,0.94225055,0.92736197,0.9638181,0.9478598,0.89719254,0.3515914,0.9092853,0.9301887,0.9414134,0.9221868,0.9653222,0.9383149,0.83142257,0.89088583,0.73425025,0.6063454,0.9520383,0.9643885,0.935325,0.8983806,0.9600456,0.9628149,0.8609897,0.9695917,0.92735183,0.92155385,0.96713066,0.95992076,0.8998776,0.9610006,0.9372888,0.94341105,0.7789095,0.9486046,0.94081086,0.9497892,0.8621358,0.9526316,0.93153805,0.9532979,0.9760199,0.9411519,0.9409966,0.97435635,0.943755,0.92583716,0.90628606,0.91311234,0.9614352,0.79677993,0.95071274,0.12999445,0.80991346,0.9319385,0.75955445,0.82175326,0.5868951,0.9538246,0.97199535,0.9457458,0.9521244,0.9836181,0.97568405,0.9455576,0.92699593,0.9560269,0.94669825,0.9768199,0.9088215,0.965522,0.9408832,0.95071274,0.92010474,0.93325454,0.9367621,0.93858725,0.94888955,0.966585,0.942081,0.8963771,0.8950087,0.95466876,0.8837919,0.9451487,0.91859895,0.93033504,0.95338184,0.92906916,0.8592299,0.8383408,0.9554711,0.31203294,0.9529495,0.6214837,0.9034078,0.97643805,0.9613165,0.8587894,0.9645636,0.9355796,0.95367396,0.96521205,0.94151145,0.8771667,0.97402644,0.976762,0.97472644,0.9307274,0.9033032,0.66020834,0.9533221,0.9365111,0.94507426,0.72442067,0.9590739,0.94224584,0.97019446,0.9424158,0.9498187,0.9298413,0.95255667,0.92123306,0.8844011,0.9198243,0.92483383,0.96624494,0.9083367,0.8053594,0.9538111,0.96206737,0.9492867,0.9644368,0.9606754,0.6447227,0.96171844,0.9501586,0.9460796,0.8945681,0.9533117,0.9319394,0.95255667,0.9302566,0.9276001,0.95643616,0.91166866
annamovie,0.9907611,0.96328104,0.9808886,0.8307885,0.98861206,0.80413157,0.9888128,0.9826597,0.9902244,0.96307343,0.9726347,0.90279263,0.9487787,1.0,0.9752274,0.9727381,0.9543224,0.9700024,0.9853096,0.95949495,0.9726478,0.8832379,0.9664673,0.97817314,0.9070077,0.31467468,0.8761408,0.9495712,0.96907824,0.93804944,0.9750737,0.9397852,0.9051347,0.83619153,0.62289065,0.5544458,0.99014676,0.9494502,0.98446083,0.911632,0.9647432,0.9689355,0.7817101,0.9793994,0.9718868,0.93706745,0.9605507,0.9472869,0.91579497,0.98432815,0.9738914,0.98441553,0.76494086,0.935375,0.92187876,0.9804949,0.9114726,0.9512492,0.967183,0.99102753,0.956318,0.94890296,0.9497047,0.9867698,0.957856,0.9041655,0.96912444,0.96414816,0.97316575,0.7618378,0.99339676,0.15785061,0.79504204,0.9759981,0.65383935,0.7345491,0.45728016,0.94676095,0.9544124,0.8883188,0.8968129,0.9535327,0.9763783,0.9138098,0.9383112,0.9673158,0.8972965,0.981128,0.9158197,0.9853032,0.92305124,0.99339676,0.88899463,0.9574202,0.9642499,0.97025305,0.9712608,0.96868104,0.96457416,0.891611,0.91931516,0.97942173,0.9058078,0.9787718,0.9649786,0.9659322,0.99374205,0.9187449,0.83207756,0.8503732,0.9857849,0.26932842,0.93907386,0.52848357,0.92806154,0.9692644,0.988708,0.77351904,0.9868433,0.9868189,0.9652581,0.964831,0.99074626,0.801099,0.9792799,0.9830097,0.9453438,0.9368138,0.9245203,0.5787415,0.97808844,0.964906,0.9748709,0.76924175,0.9544096,0.9584777,0.93702257,0.9666042,0.9923005,0.94714695,0.9902244,0.9340879,0.84851116,0.8798882,0.8608279,0.9695178,0.86694694,0.71503013,0.9447425,0.9479179,0.9835126,0.95562106,0.98141825,0.6860351,0.93603057,0.9808734,0.9378644,0.9519783,0.94262975,0.8973755,0.9902244,0.96762836,0.9822419,0.96858984,0.91582566
apollo11movie,0.98808515,0.93298155,0.9778593,0.81848603,0.97837514,0.800443,0.97862303,0.9786203,0.9889941,0.9361093,0.9648998,0.85050607,0.9428335,0.9752274,0.99999994,0.9616715,0.95857084,0.9427145,0.9866072,0.9857748,0.957289,0.88527304,0.95515275,0.9841158,0.9159597,0.30124438,0.85344195,0.93896526,0.95992863,0.9472166,0.9674866,0.92320406,0.87811375,0.83487165,0.65544957,0.57304597,0.9804448,0.9293757,0.94939077,0.8789483,0.94426143,0.9532386,0.82132965,0.97708994,0.97090614,0.8915101,0.94658446,0.95686644,0.8708788,0.9831462,0.96014595,0.9775418,0.74698323,0.93519187,0.90090376,0.96789706,0.8835186,0.9425762,0.94251436,0.96855325,0.9365187,0.9329068,0.9192363,0.9626774,0.92899233,0.86687267,0.94850934,0.9524568,0.98247916,0.76060265,0.9805334,0.14549866,0.77395844,0.9676799,0.689436,0.7652059,0.5277051,0.94170547,0.9431366,0.87612605,0.89862865,0.9266756,0.9833777,0.9066406,0.8916526,0.9392112,0.8890298,0.98176855,0.8892737,0.9864081,0.9036483,0.9805334,0.8413121,0.9416501,0.9289549,0.9810436,0.9386879,0.9822669,0.97313356,0.8515212,0.8862788,0.9525635,0.8852301,0.94574744,0.92263347,0.9547823,0.9865847,0.9072575,0.81097656,0.81394553,0.9844842,0.26447815,0.93579876,0.56802106,0.90080094,0.96613085,0.9875668,0.77928954,0.981743,0.9803863,0.96995825,0.95226717,0.9796705,0.8056456,0.9641796,0.96461946,0.93429554,0.90981025,0.88583046,0.6340548,0.97543013,0.956478,0.9760557,0.7775565,0.9525699,0.9593509,0.9544599,0.9499034,0.97443485,0.9187736,0.9889941,0.9197109,0.8419858,0.85391504,0.8479227,0.96567816,0.87693805,0.7330151,0.9283396,0.92161626,0.9538015,0.9620328,0.96899813,0.6888824,0.93099165,0.9610907,0.9480033,0.905182,0.94382304,0.88335377,0.9889941,0.93918186,0.9760521,0.9543176,0.90415996
arcticdogsmovie,0.9757857,0.9467315,0.9764739,0.8919236,0.9736585,0.85785127,0.98117656,0.9762938,0.9809421,0.9474732,0.97737557,0.9054019,0.9588135,0.9727381,0.9616715,1.0000002,0.97092605,0.9614647,0.9596422,0.9457841,0.9548682,0.9469364,0.9858266,0.9633913,0.94974697,0.3466998,0.8947961,0.975597,0.97082835,0.94618046,0.9607022,0.9579304,0.9278079,0.9088147,0.63986546,0.5358234,0.978908,0.9465424,0.96437967,0.9500424,0.946909,0.9535646,0.79831785,0.96178657,0.96864474,0.90491116,0.98439324,0.942451,0.90049535,0.96723974,0.9717842,0.9849587,0.8559781,0.93654203,0.9303736,0.9788763,0.93807286,0.9466768,0.9824801,0.9715286,0.94794965,0.9867689,0.9438062,0.97982067,0.97386724,0.92844033,0.95741445,0.97640383,0.95974594,0.7507919,0.97460026,0.1367905,0.8203134,0.9796954,0.72635716,0.7963386,0.5006855,0.9635262,0.9761996,0.9122571,0.9309916,0.95587695,0.9735295,0.94799477,0.94777054,0.96507925,0.89067334,0.9847463,0.910171,0.9819682,0.94613147,0.97460026,0.89331716,0.95521,0.96974283,0.97008026,0.96686256,0.95632607,0.96359015,0.9071669,0.887603,0.978094,0.9473302,0.96844935,0.94496775,0.9665335,0.9811034,0.9535509,0.8869197,0.9062794,0.9776999,0.28574476,0.96195537,0.52206886,0.90949965,0.9814703,0.9788224,0.8244607,0.98519534,0.97361857,0.9594024,0.9691205,0.9716246,0.8630173,0.97703165,0.9773782,0.93965644,0.94392,0.90491885,0.64398634,0.9793088,0.955204,0.9796495,0.8143835,0.96266997,0.9598531,0.9526894,0.956379,0.972507,0.9315076,0.9809421,0.95962894,0.8488984,0.89734834,0.92160183,0.9830992,0.85300773,0.72656834,0.96762383,0.9606941,0.9733348,0.9560633,0.97418123,0.65202856,0.9228959,0.9600642,0.9729217,0.9406782,0.95985436,0.9332532,0.9809421,0.9693953,0.9711697,0.98277766,0.9373159
arcticmovie,0.9600121,0.8964112,0.96319675,0.87336814,0.9651789,0.8508628,0.98212874,0.97204024,0.9749467,0.9247101,0.957861,0.8873297,0.93632156,0.9543224,0.95857084,0.97092605,1.0,0.9472677,0.95415646,0.9376265,0.9484562,0.93170565,0.95953023,0.9759666,0.9486444,0.3714742,0.86409605,0.980136,0.9438352,0.9902376,0.9319733,0.9382213,0.9117113,0.8396857,0.65902334,0.55064625,0.95376706,0.92683226,0.9427362,0.9307709,0.9502847,0.9557091,0.79060495,0.9537005,0.9732655,0.84096885,0.9551088,0.9576573,0.8408891,0.96317303,0.9564607,0.9606593,0.8166071,0.95645326,0.9057758,0.9656113,0.8957872,0.96577805,0.9489554,0.94353414,0.947915,0.94486576,0.9554969,0.9551671,0.9285903,0.93769795,0.95115197,0.94130474,0.94223624,0.70645434,0.95762247,0.17042097,0.7986727,0.9762705,0.74136716,0.818003,0.54594153,0.96558475,0.9602361,0.8854365,0.92172134,0.92872125,0.9669961,0.9275891,0.8863922,0.9394183,0.85356194,0.9739964,0.86483,0.97093654,0.93637633,0.95762247,0.89656997,0.9533052,0.9266699,0.94958574,0.94254595,0.9470845,0.9739812,0.85332775,0.82615864,0.94371575,0.9158072,0.94512486,0.9177174,0.95872456,0.96280205,0.90752757,0.84110814,0.89132035,0.97909373,0.32159463,0.9715048,0.5553668,0.94077384,0.9718954,0.9629811,0.8446537,0.9767747,0.97492754,0.9567318,0.9752875,0.96242326,0.83821243,0.96012104,0.95218056,0.9208356,0.92914724,0.90990365,0.6224402,0.9528223,0.9584838,0.98571104,0.809317,0.9658676,0.9901333,0.92933375,0.9340907,0.9551369,0.8908065,0.9749467,0.9392946,0.78176594,0.84057593,0.8560873,0.9494416,0.84964085,0.72193015,0.94657797,0.9099259,0.9725049,0.93701017,0.9452391,0.6554257,0.8942856,0.9204996,0.973466,0.9115916,0.97078913,0.94376034,0.9749467,0.9235624,0.9752937,0.9623759,0.923709
artofracingmovie,0.965872,0.9405721,0.9690978,0.83962023,0.98524165,0.86121446,0.97247654,0.96650726,0.9709688,0.96672916,0.97356737,0.9379708,0.93937874,0.9700024,0.9427145,0.9614647,0.9472677,1.0,0.95214564,0.9223707,0.96645784,0.91239077,0.96939796,0.96269774,0.88920903,0.23786786,0.9060368,0.9582479,0.9558592,0.92740136,0.9600252,0.9159001,0.87169313,0.82724047,0.5803512,0.5115949,0.96428657,0.9458843,0.9799374,0.94065356,0.9420774,0.9795502,0.84482217,0.96759295,0.95891756,0.9359603,0.9635398,0.9300401,0.898408,0.9780601,0.96838105,0.96475637,0.8045763,0.930182,0.9341514,0.97921276,0.9142465,0.9669255,0.9546308,0.97309476,0.9262302,0.930188,0.9567092,0.9664556,0.96140856,0.9147173,0.92543334,0.93523866,0.9486545,0.78066957,0.97529656,0.12517051,0.7876465,0.9697641,0.6602586,0.7036758,0.45581552,0.9361106,0.9593545,0.8922764,0.93231434,0.9506506,0.96346754,0.9112973,0.92630583,0.9734006,0.8994876,0.97257173,0.9316744,0.97101676,0.90319645,0.97529656,0.8789915,0.9531581,0.95137566,0.9439902,0.97183573,0.9486865,0.9463322,0.8680115,0.9166569,0.9613525,0.9366124,0.97562695,0.9505472,0.9678778,0.96592695,0.93975484,0.8065815,0.8597343,0.96730864,0.19922832,0.96088314,0.47607607,0.9478259,0.96660274,0.9683479,0.78125566,0.9738727,0.9678351,0.9378463,0.97750777,0.9754677,0.8286199,0.9823139,0.9747056,0.9542636,0.93815774,0.9590862,0.6238649,0.96396047,0.9619247,0.9637555,0.7224311,0.9716415,0.9545017,0.9335336,0.93696874,0.9693272,0.9609361,0.9709688,0.9532113,0.8621486,0.89294046,0.8431545,0.95880955,0.83275515,0.68669075,0.9584174,0.93744093,0.9776595,0.970767,0.96539485,0.6042843,0.93431056,0.9659792,0.9307184,0.96495396,0.9609127,0.9392575,0.9709688,0.9521052,0.956936,0.9694295,0.9414275
avengers,0.9921448,0.95065904,0.9807455,0.8056574,0.9818918,0.7713207,0.9840497,0.985128,0.9912857,0.94307655,0.96960026,0.87421495,0.92663145,0.9853096,0.9866072,0.9596422,0.95415646,0.95214564,0.99999994,0.97308695,0.96008873,0.8675604,0.9503188,0.9827726,0.9099384,0.26154453,0.8332066,0.94315016,0.96828115,0.94582796,0.97333366,0.9283616,0.89225435,0.8141191,0.6157779,0.5485562,0.9822582,0.931673,0.96417993,0.8961022,0.9537587,0.95023495,0.77191484,0.96533304,0.9797026,0.9055471,0.9400982,0.94561553,0.8855892,0.97751844,0.9734318,0.98388046,0.73413885,0.93038476,0.90504366,0.9676094,0.8979591,0.93599063,0.9537899,0.9787368,0.9350444,0.93105346,0.92966413,0.9689928,0.9358412,0.8779946,0.9585726,0.96480554,0.97597253,0.74905145,0.9888881,0.15364823,0.77774256,0.9757766,0.6521306,0.7248496,0.46569854,0.9344725,0.93362504,0.87734765,0.8721268,0.92209804,0.97444445,0.8985366,0.90573937,0.9469754,0.87727195,0.9751737,0.90238297,0.98176754,0.895927,0.9888881,0.8499616,0.9393449,0.94256365,0.96774745,0.95383435,0.97731096,0.9622123,0.8464934,0.88970816,0.95361507,0.90375304,0.9614229,0.9337309,0.96721447,0.98905313,0.89782166,0.80477434,0.8187728,0.98355746,0.22978757,0.9292207,0.5223818,0.909349,0.9629603,0.98764277,0.7593752,0.9817915,0.98961323,0.96702135,0.9520695,0.99065286,0.7629449,0.96837574,0.9645324,0.9310291,0.9233333,0.8931604,0.5864067,0.9681325,0.9524563,0.97030336,0.7654175,0.93924475,0.95853937,0.9399831,0.96371603,0.98525506,0.92861134,0.9912857,0.93735266,0.82685363,0.84046155,0.832469,0.95654297,0.84988517,0.70612425,0.92483974,0.913576,0.96235085,0.9485404,0.970254,0.7132496,0.91846555,0.9665435,0.92417663,0.9308974,0.93775535,0.8800449,0.9912857,0.9430073,0.9837061,0.9495087,0.9212567
beachbummovie,0.97579885,0.92231303,0.9636789,0.8164677,0.9597145,0.78795147,0.95855993,0.964287,0.9724936,0.912558,0.9570867,0.8428477,0.9473251,0.95949495,0.9857748,0.9457841,0.9376265,0.9223707,0.97308695,1.0,0.94330233,0.892149,0.94232756,0.9703313,0.9182988,0.35326463,0.85623264,0.9137858,0.9514736,0.92814976,0.9638281,0.92004824,0.8476147,0.8398601,0.7171001,0.63462913,0.9602283,0.93534213,0.92962897,0.8644146,0.9438625,0.94472176,0.83335274,0.97002125,0.94975513,0.89403915,0.934035,0.95902073,0.87088406,0.9712848,0.9470913,0.95920897,0.7379614,0.9281426,0.9126469,0.9537783,0.869622,0.93121684,0.9212329,0.9571469,0.93439245,0.9198392,0.90278333,0.95584005,0.9132824,0.87203145,0.93487746,0.93330747,0.98436654,0.791238,0.96392304,0.21104105,0.798845,0.9461602,0.7241689,0.8062815,0.5835663,0.9367138,0.94732696,0.89482844,0.8988273,0.93072623,0.9752117,0.9167464,0.8804386,0.9262059,0.9162411,0.97278166,0.88758147,0.97262704,0.9007808,0.96392304,0.8564344,0.9378203,0.90554976,0.97582173,0.9260595,0.98799294,0.96065664,0.85273397,0.8798297,0.9444996,0.87128997,0.9258015,0.9118122,0.9433543,0.9717529,0.9009228,0.82484037,0.80334663,0.96982574,0.32470083,0.918197,0.63739926,0.88071173,0.96150684,0.97761744,0.80183786,0.9666268,0.9586388,0.9696665,0.940029,0.96538395,0.8007583,0.95524114,0.95886326,0.94113797,0.9102494,0.87013894,0.66951483,0.9607794,0.9429227,0.9528147,0.7682741,0.9328029,0.9439167,0.9598135,0.9434428,0.9569792,0.92041326,0.9724936,0.9102956,0.8611364,0.86141163,0.8653288,0.9519763,0.8943093,0.7727609,0.9128944,0.91628176,0.93078136,0.95110524,0.9597506,0.7272348,0.941033,0.95131874,0.936141,0.8732606,0.9326047,0.8716539,0.9724936,0.93169147,0.9538037,0.94019216,0.9040731
bernadettefilm,0.9718097,0.91943204,0.9798709,0.851843,0.9735472,0.83260256,0.97396487,0.9646318,0.9755679,0.97926474,0.96449536,0.8865078,0.94225055,0.9726478,0.957289,0.9548682,0.9484562,0.96645784,0.96008873,0.94330233,1.0,0.89651614,0.95920813,0.96966755,0.8848994,0.33092013,0.870143,0.94421196,0.9580205,0.9325947,0.9494666,0.944931,0.87324065,0.803844,0.6547381,0.56005335,0.95612884,0.9497888,0.9614446,0.90019405,0.93506676,0.9730131,0.83887184,0.97715706,0.9635667,0.9152202,0.956966,0.94280595,0.86486953,0.97937244,0.96269083,0.9628643,0.78179014,0.9305457,0.9247374,0.96265715,0.8949313,0.97521466,0.9491213,0.96975344,0.93978864,0.9155045,0.9344328,0.9629686,0.9482185,0.90676194,0.9472601,0.9426216,0.9616185,0.75367016,0.9720855,0.1671205,0.7866094,0.96580446,0.71858335,0.7658644,0.50039935,0.9549131,0.9454992,0.8945709,0.8970605,0.9395446,0.96391976,0.9352457,0.88758904,0.9401242,0.9004923,0.9710354,0.89339966,0.9759422,0.89745295,0.9720855,0.89475197,0.94666123,0.9357539,0.9589044,0.93862027,0.95191854,0.9617106,0.8523625,0.89653254,0.95484143,0.91269124,0.9573189,0.9430638,0.9519136,0.96845275,0.89788026,0.8501114,0.84502083,0.9795875,0.27234215,0.95233816,0.54160553,0.9516911,0.965129,0.9707151,0.8067279,0.9700945,0.9695436,0.94307274,0.9740629,0.96868384,0.798215,0.9644453,0.96324426,0.95458305,0.9313866,0.9225651,0.6298488,0.9764121,0.9586288,0.9707507,0.8003119,0.97456294,0.9479911,0.92456657,0.9420541,0.9657499,0.95114166,0.9755679,0.9310894,0.842356,0.8644268,0.8368447,0.9539324,0.85283005,0.75444937,0.93155384,0.912275,0.9771182,0.9710775,0.9736564,0.69877905,0.9381367,0.9568306,0.9473251,0.9315,0.9401927,0.9076886,0.9755679,0.9363632,0.97924215,0.9512249,0.9290291
