movie,21bridgesmovie,47metersdown,abeautifuldaymovie,abominablemovie,adastramovie,adogsjourneymovie,aftermathmovie,aftermovie,ahiddenlifefilm,alitamovie,angelhasfallen,angrybirdsmovie,annabellemovie,annamovie,apollo11movie,arcticdogsmovie,arcticmovie,artofracingmovie,avengers,beachbummovie,bernadettefilm,blackandbluemovie,blackchristmas,blindedbythelightmovie,bombshellmovie,booksmart,breakthroughmovie,brianbanksmovie,brightburnmovie,brittanyrunsmov,captainmarvelofficial,captivestatemovie,catsmovie,charliesangels,childsplaymovie,clarathefilm,coldpursuitmovie,countdown,currentwarmovie,darkwatersmovie,detectivepikachumovie,disneyaladdin,disneyfrozen,disneymaleficent,doctorsleepmovie,dolemiteismyname,dontletgomovie,doramovie,downtonabbey_official,dumbo,escaperoom,everybodyknowsmovie,fastandfuriousmovie,fightingwmyfam,fivefeetapartfilm,fordvferrari,freaksthefilm,geminimanmovie,glassmovie,gloriabellmovie,godzillamovie,goldfinchmovie,goodboysmovie,goodliarmovie,gretafilm,halathemovie,happydeathdaymovie,harrietfilm,hellboymovie,hersmellmovie,highlifemovie,highstrungmovie,honeyboymovie,hotelmumbaifilm,httydragon,hustlemovie,hustlersmovie,isntitromantic,itmovieofficial,jayandsilentbob,johnwickmovie,jojorabbitmovie,jokermovie,judythefilm,jumanjimovie,justmercyfilm,knivesout,lalloronamovie,lastblackmansf,lastchristmasthemovie,latenightmovie,lighthousemovie,lionking,littlethemovie,littlewomenmovie,littlewoodsfilm,longshotmovie,lordsofchaosmovie,lucyintheskyfilm,mamovie2019,marriagestory,meettheaddams,meninblack,midsommarmovie,midwaymovie,missbalamovie,missinglinkfilm,motherlessbklyn,onceinhollywood,onthebasisofsex,overcomermovie,peanutbutterfalcon,petsematarymovie,piercingmovie,playingwithfire,playmobilthemovie,pomsmovie,queenandslim,rambomovie,readyornotfilm,richardjewellfilm,rocketmanmovie,scarystoriesmovie,secretlifeofpets,serenityfilm,shaftmovie,shazammovie,spidermanmovie,spiesindisguise,starwars,stormboymovie,stubermovie,taosdfilm,teenspiritmov,terminator,theaeronautsmov,thebestofenemies,thedeaddontdie,thefarewell,thehighwaymen,thehummingbirdprojectfilm,theintrudermovie,theirishmanfilm,thekitchenmovie,thelegomovie,themustangfilm,thenightingalefilm,theprodigymovie,thesunisalsoastar,theupsidefilm,tolkienmovie,toystory,triplefrontier,uglydolls,uncutgems,underthesilverlake,usmovie,wavesmovie,whatmenwant,wonderparkmovie,wrinklestheclown,xmenmovies,yardiefilm,yesterdaymovie,zombieland
21bridgesmovie,1.0000001,0.95145077,0.9906294,0.9494337,0.9847622,0.8516337,0.9923768,0.9898545,0.9949376,0.9616663,0.98693645,0.7460757,0.9827068,0.98461664,0.98399055,0.9788366,0.98628426,0.98556364,0.98857075,0.9724443,0.9883798,0.92723197,0.9842174,0.98534304,0.94577974,0.34546405,0.8623257,0.98999655,0.98134804,0.95158905,0.9746446,0.9779461,0.9685146,0.8733472,0.80985034,0.7627072,0.99252576,0.967002,0.9755462,0.9738719,0.9437665,0.9846439,0.9173497,0.9917797,0.991077,0.9519208,0.98244315,0.9856925,0.9427246,0.9948882,0.9755646,0.9879517,0.93106365,0.9593147,0.9363905,0.9747933,0.9501294,0.9831017,0.9790198,0.98847824,0.96330184,0.971284,0.97254086,0.9719772,0.97069496,0.9441642,0.95009106,0.9792099,0.9803277,0.94087917,0.98993796,0.39508706,0.8980183,0.98688585,0.81382215,0.9390656,0.71446615,0.98188454,0.9841419,0.92551893,0.96779746,0.9622784,0.9888475,0.9719361,0.8652734,0.96733445,0.97896564,0.99060524,0.9669981,0.9863006,0.97168016,0.98993796,0.94289434,0.96268487,0.96459675,0.98586184,0.97984517,0.98896307,0.97351694,0.9470333,0.9622046,0.9599797,0.9054637,0.9851154,0.9078835,0.9768114,0.9913465,0.91235995,0.9660625,0.9273825,0.99334645,0.8238736,0.9794794,0.7505255,0.94541186,0.9927492,0.9970076,0.92337793,0.98906,0.99128693,0.9866202,0.97708887,0.9906798,0.8240171,0.98081225,0.98687816,0.97791564,0.8991519,0.95590216,0.79579383,0.98535794,0.95728415,0.98538625,0.8781516,0.976305,0.98120475,0.9898209,0.97317034,0.9874596,0.95522374,0.9949376,0.93886256,0.9195941,0.84773016,0.9716304,0.978174,0.9545949,0.9372761,0.9503359,0.9475,0.97952414,0.982307,0.97931933,0.89410293,0.96703297,0.973292,0.9539664,0.97033536,0.97274274,0.9604035,0.9949376,0.9703239,0.98907673,0.98292106,0.9271796
47metersdown,0.95145077,1.0,0.9497322,0.9229043,0.94501406,0.8219982,0.95717883,0.96595514,0.9574416,0.91509897,0.93230927,0.65746754,0.9528879,0.9590194,0.94698244,0.96005446,0.9387795,0.92638344,0.9378297,0.941524,0.94519216,0.85700226,0.9602674,0.94416356,0.92279536,0.38581103,0.8009057,0.95581686,0.923605,0.89318657,0.93484735,0.9346773,0.9706244,0.81742907,0.7607328,0.7129944,0.9609306,0.93164486,0.940385,0.9306645,0.92661566,0.93371916,0.8685454,0.9482276,0.9408415,0.9206489,0.95944124,0.95015407,0.9110931,0.95406514,0.9179749,0.94198537,0.8906061,0.9007642,0.9236737,0.95213217,0.9136411,0.93641865,0.93052894,0.9590494,0.9265267,0.9530959,0.9481403,0.93551767,0.9212524,0.89872426,0.9271269,0.94158417,0.92953223,0.9290212,0.9571438,0.49139825,0.8483,0.954077,0.85843223,0.9363101,0.7311067,0.94905293,0.9320948,0.90177643,0.9032682,0.92592347,0.97241724,0.9189936,0.79134256,0.9449261,0.90434694,0.9615895,0.9481975,0.94858223,0.9333535,0.9571438,0.93008626,0.94501823,0.911522,0.93814254,0.94021475,0.9346556,0.9637872,0.9407878,0.91807985,0.9344365,0.8413211,0.9588096,0.93499905,0.91821355,0.9595727,0.8583599,0.9110333,0.8359353,0.9363586,0.77191216,0.9278653,0.69492805,0.9407037,0.93412465,0.95482457,0.91021293,0.9394078,0.9463942,0.94745076,0.9409931,0.95453715,0.7897263,0.9442435,0.9558798,0.9473491,0.8169195,0.89732164,0.7864063,0.95020884,0.92114216,0.9466614,0.8608342,0.93571573,0.9308522,0.9476277,0.93363863,0.9447851,0.93642634,0.9574416,0.8676502,0.88502854,0.79820913,0.92803246,0.9322636,0.9140919,0.8723742,0.8889226,0.9287926,0.9424741,0.96279883,0.9388348,0.89453316,0.93270576,0.95385003,0.9283811,0.93475765,0.95456123,0.95294124,0.9574416,0.9595616,0.9422529,0.96729505,0.8588359
abeautifuldaymovie,0.9906294,0.9497322,0.99999994,0.9200548,0.98191243,0.8792927,0.98317707,0.97805744,0.9947223,0.9574281,0.98143363,0.75132483,0.97809726,0.9776838,0.9914342,0.98212075,0.98547703,0.97818655,0.97201085,0.98159003,0.9838039,0.93317246,0.98617387,0.9821381,0.94536287,0.30559137,0.8619985,0.984683,0.9843251,0.96455914,0.96350455,0.98107934,0.9564189,0.8766772,0.7931326,0.7422942,0.9871802,0.95020473,0.9826304,0.96650225,0.9461984,0.97816664,0.9121048,0.9819407,0.9924116,0.95169276,0.9870916,0.97952074,0.94007915,0.9894733,0.980894,0.9890248,0.9131625,0.95647025,0.908716,0.9805823,0.9556029,0.97586256,0.9701574,0.9914186,0.9689776,0.9555561,0.96526533,0.96771187,0.9781025,0.92269444,0.9530312,0.98469234,0.9881011,0.94098765,0.9928495,0.40289727,0.9107432,0.9801033,0.79505855,0.93250465,0.67974514,0.978048,0.9740823,0.9078676,0.968533,0.9503918,0.98755187,0.9698798,0.8691302,0.96041,0.9650422,0.9894528,0.9586961,0.98742896,0.96759045,0.9928495,0.9269446,0.94800085,0.9659772,0.98437846,0.9784484,0.9851372,0.9584281,0.9223569,0.97085845,0.971931,0.9247222,0.9877939,0.9083045,0.98254776,0.9876409,0.92475337,0.9681256,0.9074535,0.9875036,0.82066286,0.9716561,0.7268377,0.9337939,0.986228,0.991657,0.90288126,0.98964626,0.97931194,0.98709697,0.97453916,0.9838996,0.84298456,0.97882664,0.98440653,0.9705895,0.90477246,0.9612942,0.7951051,0.9822288,0.9592844,0.9827605,0.83903205,0.9708857,0.98766255,0.98570555,0.97452456,0.9917986,0.9635035,0.9947223,0.9484873,0.9467933,0.8542158,0.9712898,0.97480476,0.9476878,0.91377467,0.9508076,0.93874145,0.9679745,0.98943186,0.978963,0.8945604,0.9710935,0.9776622,0.9552108,0.9760166,0.9647219,0.9425473,0.9947223,0.96256393,0.9783368,0.9821435,0.93342876
abominablemovie,0.9494337,0.9229043,0.9200548,1.0000001,0.9471376,0.76763076,0.9479116,0.9468364,0.9345766,0.91957897,0.9423118,0.70418066,0.9504763,0.9411667,0.9122229,0.94750524,0.9301978,0.93623817,0.9463503,0.8972631,0.93826133,0.8629078,0.9266412,0.9268666,0.9546001,0.51905227,0.84023345,0.9412753,0.91950375,0.8754624,0.93913233,0.918833,0.9384408,0.8341987,0.8249508,0.7837558,0.93302095,0.95334035,0.9069674,0.92148733,0.88965917,0.9419117,0.87518704,0.949271,0.9342422,0.8871713,0.9176406,0.9393088,0.91728723,0.9420412,0.91201943,0.9273138,0.90455925,0.92266804,0.95703435,0.91752017,0.87886745,0.9446715,0.94785446,0.92294,0.91343796,0.9692209,0.95622456,0.93079835,0.9045551,0.9627807,0.911609,0.91287863,0.9115001,0.8828628,0.9262969,0.44034562,0.82540923,0.9532358,0.869619,0.9238511,0.8273913,0.94259936,0.9434714,0.90722364,0.9333592,0.957888,0.92936534,0.9140748,0.81859034,0.9211038,0.9336602,0.9446629,0.91786337,0.9215374,0.9374751,0.9262969,0.94302577,0.94552493,0.9152119,0.9470596,0.9487771,0.9225241,0.94378674,0.9610901,0.89932007,0.90722144,0.82523936,0.9264406,0.8866192,0.9138217,0.93478304,0.86009085,0.943256,0.92184776,0.9344647,0.80402493,0.9473231,0.7858601,0.9311549,0.95052826,0.9461821,0.92187494,0.9224079,0.93817806,0.9374056,0.9381372,0.9458276,0.7570731,0.9179398,0.9391718,0.9250959,0.84037805,0.8994735,0.7669895,0.9390426,0.9156463,0.9338458,0.9094591,0.9385765,0.91563016,0.93922496,0.90803283,0.9232491,0.8843121,0.9345766,0.8745276,0.8393626,0.8030235,0.9137213,0.92417556,0.9064549,0.9241453,0.9005806,0.9475114,0.94518656,0.9117161,0.9219303,0.82167274,0.9117744,0.9118622,0.89332443,0.9010603,0.939105,0.9496488,0.9345766,0.9423656,0.93927985,0.92679435,0.8665874
adastramovie,0.9847622,0.94501406,0.98191243,0.9471376,0.9999999,0.85483694,0.9863863,0.9856136,0.9865163,0.9664476,0.9765013,0.7764207,0.9803011,0.9780697,0.9762548,0.9802464,0.97642577,0.98717386,0.97502,0.9618963,0.98150206,0.92195994,0.9745525,0.9795867,0.9527534,0.3613249,0.85683364,0.97554606,0.9792297,0.9553788,0.9686941,0.97543174,0.95452654,0.87664235,0.79182893,0.7523571,0.9798475,0.95269376,0.95015204,0.9770379,0.938426,0.9834193,0.9044015,0.9797034,0.9781464,0.93398535,0.9720416,0.9806501,0.9228882,0.9831638,0.9777034,0.9874488,0.9355882,0.96804774,0.9296305,0.978508,0.9302933,0.97362816,0.9707325,0.9825522,0.96458364,0.9677856,0.9669535,0.9657835,0.97489476,0.950864,0.9312858,0.975964,0.9737322,0.9169165,0.98109376,0.4216933,0.87274414,0.9768629,0.81364006,0.927154,0.71732336,0.9730013,0.9734206,0.9370167,0.96401054,0.9740493,0.9765274,0.96663797,0.8878211,0.96029633,0.96850395,0.98435646,0.9584913,0.9797991,0.9591986,0.98109376,0.94235563,0.95818275,0.96300566,0.97242576,0.97801363,0.97462094,0.9669051,0.9365977,0.94732344,0.96005386,0.903317,0.974715,0.91352135,0.97954524,0.9830469,0.90615827,0.96906435,0.9310566,0.9749893,0.84826094,0.9656981,0.7334479,0.9308465,0.97577477,0.9862456,0.9268506,0.9840569,0.9827131,0.9811791,0.96963954,0.9854038,0.8184795,0.96808773,0.97242886,0.966743,0.90920955,0.96363807,0.80921984,0.9825615,0.97101164,0.9740479,0.86120164,0.966819,0.97877765,0.98441994,0.9712008,0.9837239,0.9338397,0.9865163,0.9433408,0.8986409,0.8506629,0.96411544,0.9787774,0.9625635,0.91158885,0.93690413,0.93635345,0.97145516,0.96249896,0.974284,0.86821514,0.9505488,0.9612537,0.9423669,0.9617753,0.96444225,0.94461125,0.9865163,0.964883,0.97633827,0.96580404,0.9397076
adogsjourneymovie,0.8516337,0.8219982,0.8792927,0.76763076,0.85483694,0.9999999,0.84789723,0.8417365,0.86757845,0.90136313,0.8707462,0.84523094,0.8714554,0.8822128,0.8695495,0.840475,0.8980387,0.87088656,0.8615183,0.9165133,0.8455148,0.9180098,0.8723274,0.86068344,0.8073108,0.18762925,0.85740435,0.85140336,0.88324267,0.92696047,0.85777545,0.8957826,0.80066776,0.8940933,0.5524371,0.48770112,0.86292845,0.7876038,0.85307854,0.8425752,0.9027963,0.8662094,0.91563034,0.8454808,0.88089377,0.91826284,0.8821224,0.8751293,0.7608256,0.8576576,0.90909606,0.8858369,0.88044614,0.85852414,0.7684732,0.8856347,0.87921065,0.8352579,0.852016,0.88341653,0.92303824,0.8149543,0.8729913,0.89885837,0.8705489,0.77186185,0.78732824,0.90331554,0.88976157,0.798134,0.8787476,0.2594263,0.8225332,0.8371579,0.6231505,0.7986465,0.47525647,0.85954684,0.8494371,0.85964817,0.88665926,0.787759,0.8744318,0.8155704,0.9117978,0.8422658,0.8382969,0.8667039,0.8585153,0.89785486,0.8407731,0.8787476,0.80861044,0.7999113,0.9109094,0.87536067,0.89259744,0.8751752,0.82890224,0.79350024,0.9143136,0.9165012,0.9417553,0.89236164,0.87691045,0.90694183,0.85426944,0.9134733,0.8584461,0.84138846,0.8755482,0.635692,0.8258475,0.4846964,0.80709827,0.84359616,0.8477063,0.7738082,0.8741122,0.8475983,0.8426127,0.8098855,0.8467495,0.9705633,0.8559217,0.86946356,0.83623755,0.9049319,0.91005105,0.87620646,0.84487903,0.9077149,0.8628652,0.7371894,0.8153125,0.89336205,0.8506425,0.8858595,0.88628167,0.873354,0.86757845,0.9259269,0.9073915,0.91548836,0.88290626,0.8216075,0.75593144,0.7286466,0.8768872,0.8204015,0.8270426,0.8820371,0.8346745,0.74994606,0.8887937,0.88621056,0.8760762,0.8972497,0.80253655,0.7735144,0.86757845,0.86765504,0.8215152,0.8708887,0.8989792
aftermathmovie,0.9923768,0.95717883,0.98317707,0.9479116,0.9863863,0.84789723,0.9999998,0.9902303,0.9925591,0.9595725,0.9782449,0.7193791,0.9765357,0.98778015,0.9803435,0.97568417,0.9833392,0.97778124,0.9765241,0.9681684,0.98427624,0.89865494,0.9848627,0.98630995,0.9473333,0.3508785,0.84667385,0.98427033,0.9696648,0.9440768,0.9704948,0.9695659,0.97429943,0.85009605,0.807661,0.7764251,0.9876137,0.961315,0.9654675,0.9740353,0.92907655,0.9765242,0.89629084,0.98086107,0.97865766,0.93290794,0.98347926,0.9849172,0.9389355,0.9869202,0.96271795,0.9852442,0.92495817,0.9558324,0.9290714,0.9708719,0.9337962,0.9853711,0.97112346,0.9873133,0.95803565,0.96492475,0.96452075,0.96666056,0.9574511,0.93654984,0.94150484,0.9730245,0.9747721,0.94502187,0.9880283,0.4149344,0.8930724,0.9861827,0.8235337,0.94231313,0.734806,0.9737355,0.97621554,0.92491657,0.9581671,0.97011083,0.9843356,0.9750106,0.84942275,0.97452945,0.96833295,0.98700476,0.9617114,0.9826544,0.95595604,0.9880283,0.93467057,0.97789633,0.9481455,0.9803768,0.9774709,0.9849984,0.9896379,0.9468502,0.9423122,0.9466192,0.8809836,0.9792712,0.9079663,0.96674806,0.9907864,0.8923067,0.9522424,0.9180524,0.9843702,0.84972054,0.97534907,0.7554521,0.9526396,0.9817454,0.99306446,0.92995185,0.98729205,0.99691933,0.97623754,0.979433,0.9941666,0.8094391,0.9777349,0.985414,0.98314834,0.87780297,0.9485121,0.7780769,0.98311365,0.9483721,0.97834784,0.85831666,0.9806387,0.97647226,0.98624814,0.96708775,0.98291713,0.9458759,0.9925591,0.9172081,0.8984074,0.8306284,0.9575576,0.9792558,0.9627286,0.92634743,0.93358666,0.9409185,0.9875569,0.97321457,0.98108673,0.8973642,0.9575471,0.9723157,0.945791,0.96164733,0.98031247,0.9654868,0.9925591,0.9741892,0.99243873,0.98472947,0.9063937
aftermovie,0.9898545,0.96595514,0.97805744,0.9468364,0.9856136,0.8417365,0.9902303,0.99999994,0.98875535,0.9509086,0.9700242,0.73146987,0.9748083,0.9838489,0.9747688,0.9777208,0.9792868,0.9788475,0.98245007,0.965769,0.9817143,0.90536976,0.9817714,0.97946966,0.9362651,0.3720104,0.8308795,0.983271,0.96848464,0.9355058,0.9737575,0.96954036,0.9707172,0.8508451,0.7811581,0.7428068,0.9904183,0.9498355,0.95812494,0.9789131,0.93670017,0.9739787,0.9007061,0.9848712,0.97483176,0.9439155,0.97845215,0.9850436,0.9199874,0.9862966,0.9614829,0.9806464,0.92806023,0.9456445,0.93038595,0.97206646,0.9266426,0.97257346,0.97060645,0.98579973,0.95268446,0.9673234,0.9654964,0.96125853,0.96261925,0.9360993,0.93432593,0.9702602,0.9687829,0.9350003,0.9857468,0.40978408,0.8720451,0.97977024,0.8316733,0.93991876,0.7193358,0.9725414,0.9770157,0.9421653,0.9522321,0.95794916,0.98906887,0.9641408,0.8483526,0.96536773,0.9628669,0.9895749,0.97118324,0.9853825,0.9573404,0.9857468,0.9463866,0.97070354,0.9464729,0.97512484,0.971658,0.97777367,0.9823743,0.95451856,0.94684416,0.9504594,0.8881453,0.9825384,0.9177255,0.9617825,0.991181,0.889194,0.9491821,0.9132956,0.9804159,0.82221544,0.9632179,0.7243628,0.9378727,0.9755755,0.98672944,0.93592507,0.98733974,0.98842835,0.97819006,0.96854097,0.98722225,0.8175608,0.9790175,0.9817157,0.9829653,0.8811076,0.94524467,0.8056206,0.9860178,0.949627,0.98012626,0.89636075,0.96508527,0.9676371,0.98251784,0.967589,0.9799931,0.9443543,0.98875535,0.92112345,0.9023388,0.8324361,0.9539331,0.9733889,0.9612223,0.9201055,0.92957443,0.93344736,0.97197825,0.9725174,0.9774782,0.8893786,0.9562175,0.9675653,0.95351803,0.96306175,0.9765116,0.9582963,0.98875535,0.97152585,0.9841825,0.98176867,0.9101701
ahiddenlifefilm,0.9949376,0.9574416,0.9947223,0.9345766,0.9865163,0.86757845,0.9925591,0.98875535,1.0000001,0.95984054,0.9853822,0.736306,0.97965586,0.98801655,0.9926468,0.98504156,0.98936206,0.98322487,0.9784473,0.98372394,0.99121183,0.91980124,0.99264926,0.99178934,0.9441262,0.336367,0.85328,0.9895279,0.97991425,0.95320153,0.9719322,0.97854894,0.96333176,0.8635225,0.7851274,0.75182205,0.99448895,0.9526263,0.9763129,0.9719897,0.9438099,0.98116,0.9063991,0.9864024,0.9899866,0.9481671,0.9915285,0.98335063,0.93757236,0.9939414,0.9747663,0.9925194,0.92135406,0.9523473,0.91670966,0.98460674,0.94809765,0.9800434,0.97142273,0.99640095,0.964595,0.95890737,0.966591,0.96719354,0.9713614,0.93027514,0.9588689,0.98530614,0.98845845,0.94553685,0.9964448,0.38678718,0.90137666,0.98974144,0.8142491,0.9419773,0.70364213,0.98022103,0.9770841,0.91661197,0.96619534,0.9575187,0.99186814,0.97383213,0.85970694,0.9707261,0.96804804,0.99323016,0.9609982,0.99220276,0.95975614,0.9964448,0.9332934,0.9635799,0.95744663,0.98491836,0.9794968,0.99141896,0.9752905,0.94306785,0.9603486,0.9628248,0.90434253,0.98738045,0.9143313,0.97637445,0.99679416,0.9068188,0.9608218,0.91494644,0.99213827,0.8306668,0.9722706,0.7307937,0.9469255,0.986115,0.9956875,0.9221461,0.9949408,0.9893476,0.9888749,0.97865665,0.9933962,0.8322848,0.9866643,0.9854391,0.981891,0.8932068,0.95405394,0.78738844,0.98935366,0.9563746,0.98849094,0.85855496,0.97487754,0.98320127,0.9895313,0.97817284,0.99169064,0.9613325,1.0000001,0.93495935,0.9280967,0.8412714,0.9667097,0.9814635,0.9595776,0.91323733,0.93917364,0.9423269,0.9756977,0.9857444,0.9818861,0.901589,0.9670334,0.98081857,0.95689255,0.9759569,0.97539204,0.9565604,1.0000001,0.96952003,0.98859835,0.98979634,0.92071915
alitamovie,0.9616663,0.91509897,0.9574281,0.91957897,0.9664476,0.90136313,0.9595725,0.9509086,0.95984054,1.0000001,0.9553653,0.8367451,0.96431184,0.96230614,0.9494546,0.9484023,0.96035343,0.9782125,0.9615791,0.956692,0.94170016,0.93443,0.94171,0.9506635,0.925164,0.33956206,0.90752125,0.94069684,0.9592038,0.9681435,0.9572464,0.9685111,0.92404526,0.9171456,0.76024014,0.70168805,0.9497001,0.9350306,0.9403179,0.9440577,0.94367516,0.96223384,0.9580662,0.9517598,0.96507365,0.9422601,0.9460244,0.96227497,0.8901446,0.9563521,0.968086,0.9675539,0.9481647,0.956361,0.926308,0.96396184,0.9334604,0.95564204,0.97239834,0.9626037,0.9743355,0.9550841,0.9519664,0.97137046,0.9593385,0.9225697,0.88656944,0.9625924,0.9470183,0.9048996,0.96089816,0.36724398,0.909109,0.9441745,0.73330176,0.89556813,0.6660983,0.94427466,0.96576613,0.94019425,0.957263,0.94464827,0.95763534,0.93049204,0.9215579,0.9529852,0.9589398,0.9515704,0.96196914,0.9601822,0.95166516,0.96089816,0.928491,0.92964846,0.9656185,0.9566137,0.96193373,0.963673,0.9433125,0.8966071,0.943277,0.95630074,0.9243696,0.9601708,0.921306,0.96508867,0.9517498,0.94803023,0.9652043,0.94915426,0.9673923,0.8097986,0.9486696,0.68729407,0.91396004,0.95558304,0.96138126,0.87993,0.9569186,0.9593402,0.9501114,0.9348082,0.96114975,0.8680723,0.9341437,0.95908815,0.9289952,0.9285566,0.9606399,0.86755294,0.94001865,0.97364056,0.94349134,0.8465233,0.9461838,0.97622603,0.9492258,0.9511365,0.9701719,0.93302983,0.95984054,0.95801663,0.9024797,0.90913284,0.9580638,0.93846524,0.8891768,0.89829326,0.95897174,0.9243075,0.9601876,0.95138854,0.93638253,0.854941,0.95283633,0.95440006,0.9167719,0.96665484,0.9259135,0.91543525,0.95984054,0.95997,0.9446943,0.9377351,0.9445943
angelhasfallen,0.98693645,0.93230927,0.98143363,0.9423118,0.9765013,0.8707462,0.9782449,0.9700242,0.9853822,0.9553653,0.9999998,0.7694423,0.97986794,0.97842765,0.9812766,0.96830374,0.9835788,0.9771701,0.9813583,0.9737132,0.98485875,0.9457339,0.97838134,0.978036,0.94377375,0.3437134,0.8704563,0.98632187,0.9828973,0.94451046,0.9683954,0.96350944,0.948753,0.8864475,0.77898365,0.72967565,0.9827706,0.958548,0.96235704,0.9594103,0.9421069,0.9820262,0.9147208,0.9856878,0.98641676,0.95771766,0.9781662,0.9754133,0.9287137,0.9886296,0.97922987,0.98202354,0.93982977,0.9516564,0.9247919,0.9741501,0.9580166,0.96668977,0.96771216,0.98041594,0.9637468,0.96025676,0.9731236,0.97008103,0.96177006,0.9435551,0.9532242,0.981309,0.9841161,0.90755594,0.98108584,0.35045794,0.8777124,0.98472536,0.81319696,0.93735456,0.71121997,0.98166674,0.97493213,0.91079295,0.9746438,0.9463309,0.975723,0.9559666,0.89078575,0.94905496,0.97707146,0.9826718,0.9460859,0.982539,0.96523124,0.98108584,0.9327543,0.93674946,0.96996224,0.981697,0.9780782,0.9837631,0.95167345,0.94216454,0.97032905,0.9570289,0.9179672,0.9757083,0.91484797,0.9808141,0.9773794,0.914343,0.96261096,0.92663276,0.985774,0.8019978,0.96693665,0.7319605,0.94075334,0.98368347,0.981951,0.92126185,0.97921795,0.9760667,0.9803535,0.9628835,0.9748692,0.8425799,0.9800771,0.9701284,0.95742583,0.91578156,0.9553622,0.7878316,0.9778246,0.96497965,0.9854265,0.8664835,0.9594296,0.9695064,0.9756891,0.9712432,0.9833647,0.9478677,0.9853822,0.94675094,0.92450505,0.8546517,0.97833216,0.96624154,0.93223035,0.9089845,0.9363754,0.9483672,0.9581562,0.96759266,0.95980096,0.8598186,0.96633345,0.96630347,0.9561029,0.96277744,0.94892025,0.9433782,0.9853822,0.9620217,0.97055894,0.97220504,0.9393917
angrybirdsmovie,0.7460757,0.65746754,0.75132483,0.70418066,0.7764207,0.84523094,0.7193791,0.73146987,0.736306,0.8367451,0.7694423,0.99999994,0.7983668,0.73876584,0.7312647,0.72231585,0.7548798,0.8097388,0.7889307,0.7541927,0.7362291,0.89754957,0.7093579,0.7263691,0.6917487,0.17601633,0.85575765,0.7178446,0.81927305,0.8481684,0.77244854,0.8139414,0.67183626,0.9279456,0.49774536,0.37973595,0.73481226,0.72974426,0.7085968,0.74922025,0.8262724,0.80102706,0.87829393,0.7622708,0.7815813,0.82023954,0.7152251,0.7686244,0.6230057,0.75512016,0.84551704,0.782919,0.86749417,0.821538,0.74106246,0.7816501,0.7621776,0.720227,0.792497,0.7495707,0.83588666,0.7625522,0.7789451,0.8147768,0.82133764,0.7590183,0.63533914,0.7860861,0.74836206,0.60979086,0.74468166,0.19599448,0.6975901,0.6998923,0.43175384,0.63416874,0.35694978,0.75744915,0.79261655,0.82523793,0.799243,0.73317397,0.7378324,0.6841801,0.95018774,0.7270487,0.79640645,0.7491614,0.77411425,0.76478636,0.7766179,0.74468166,0.75957227,0.6644317,0.8631523,0.74440604,0.7913346,0.7459747,0.66937083,0.65675247,0.8125648,0.8266007,0.88538593,0.76722604,0.73579323,0.83617866,0.7229716,0.8686214,0.80166477,0.8232068,0.7615312,0.5708122,0.7339057,0.4022582,0.6559238,0.7437349,0.73455924,0.63508886,0.75246966,0.7338472,0.7467184,0.6929812,0.72136974,0.836533,0.7080913,0.73038197,0.6959427,0.90294,0.8437924,0.8926709,0.7296565,0.853325,0.7281388,0.68051296,0.70192593,0.7996528,0.7321268,0.7888759,0.7848263,0.7050281,0.736306,0.90636843,0.7423249,0.90624386,0.8187943,0.7259609,0.65741044,0.68519783,0.84149706,0.6876811,0.71674067,0.7270239,0.7024323,0.54999834,0.75796205,0.743587,0.7430745,0.7957175,0.6563047,0.6323734,0.736306,0.74331284,0.69707364,0.68454367,0.9048378
annabellemovie,0.9827068,0.9528879,0.97809726,0.9504763,0.9803011,0.8714554,0.9765357,0.9748083,0.97965586,0.96431184,0.97986794,0.7983668,0.9999999,0.9727673,0.9728358,0.9655177,0.9709535,0.9771515,0.9741234,0.957247,0.9809,0.9435772,0.9721779,0.97270924,0.94930506,0.36773974,0.8908174,0.98056126,0.9802131,0.9527563,0.96780854,0.9794141,0.96182436,0.9072799,0.78610826,0.7184596,0.977309,0.97570837,0.9564066,0.96765673,0.96011484,0.9876341,0.92647815,0.98163587,0.98462516,0.95452195,0.97094727,0.9800362,0.93281,0.98348033,0.9803468,0.98648185,0.9504178,0.97298855,0.95023876,0.97490066,0.95320773,0.96790373,0.97432065,0.9757,0.97647196,0.978103,0.9828223,0.9802261,0.9771657,0.9599309,0.9415811,0.9832403,0.9635432,0.908341,0.9762478,0.4160938,0.8824865,0.9753452,0.80219865,0.9361043,0.7168814,0.9867633,0.98000836,0.94669646,0.9606195,0.96462053,0.9777611,0.94602954,0.9033148,0.9538538,0.97251946,0.98395926,0.9557692,0.97501606,0.9747393,0.9762478,0.9627912,0.95098346,0.97467285,0.9716794,0.98504734,0.9648697,0.957282,0.9412216,0.9632967,0.9714205,0.9174407,0.97942024,0.91751635,0.9829438,0.9761592,0.9207755,0.96631885,0.9285673,0.9717855,0.8150002,0.96947515,0.7175543,0.94663846,0.97545403,0.9821729,0.9161024,0.9704524,0.9736559,0.97728634,0.96531993,0.97614205,0.8401662,0.959808,0.9708552,0.96043336,0.92121875,0.9654192,0.83679795,0.97607875,0.96900094,0.9725934,0.87538195,0.963581,0.97574615,0.9713123,0.97887987,0.977954,0.9327068,0.97965586,0.9538007,0.9072483,0.8730242,0.9783152,0.9708994,0.938004,0.9163151,0.95137995,0.94319165,0.9614772,0.97012085,0.9538666,0.8505931,0.96631753,0.9670539,0.94657135,0.9649573,0.951741,0.9510751,0.97965586,0.97129995,0.9610843,0.96471375,0.947444
annamovie,0.98461664,0.9590194,0.9776838,0.9411667,0.9780697,0.8822128,0.98778015,0.9838489,0.98801655,0.96230614,0.97842765,0.73876584,0.9727673,1.0,0.9731284,0.9721037,0.98510367,0.97693497,0.97820586,0.98053473,0.98379856,0.90763944,0.9840815,0.9872237,0.93584746,0.35151938,0.8672131,0.9788358,0.9690789,0.9428535,0.97825354,0.9649176,0.9528377,0.872242,0.75721234,0.7200591,0.9834637,0.9487357,0.9559337,0.9593464,0.9446821,0.97444254,0.91190326,0.97767437,0.9756315,0.947791,0.9816204,0.9829376,0.9110203,0.98358834,0.965433,0.98062485,0.9372096,0.9368486,0.92710036,0.9769279,0.94267493,0.97055763,0.9680542,0.98885703,0.96486014,0.9581993,0.9662761,0.97533786,0.95429534,0.9298584,0.94086164,0.9762612,0.9775244,0.93037915,0.9860994,0.3799168,0.87812763,0.98389244,0.8111487,0.9335001,0.69544405,0.9749484,0.96938586,0.92744654,0.96154743,0.9445199,0.9841996,0.95068014,0.87235904,0.9767005,0.9593288,0.9817613,0.96667904,0.9895108,0.9503832,0.9860994,0.9208764,0.9589198,0.9544929,0.97786224,0.9797487,0.98681927,0.98158145,0.95385593,0.9488594,0.9582755,0.9003262,0.98022896,0.9405709,0.9647715,0.9876636,0.91119134,0.9478636,0.92763543,0.9856886,0.8178308,0.96286416,0.70978004,0.9572233,0.9734732,0.98545444,0.9224504,0.9840562,0.9825149,0.9752576,0.958165,0.9892032,0.8584298,0.97659516,0.98404354,0.97437453,0.89284176,0.9487422,0.8036829,0.98348546,0.953801,0.97804385,0.86901486,0.962366,0.97266996,0.974713,0.9675366,0.9809381,0.9494003,0.98801655,0.9249394,0.91062564,0.86514753,0.9595331,0.95702755,0.9327673,0.8979764,0.93314976,0.9529363,0.97171515,0.9682919,0.95748985,0.88197243,0.9591627,0.97816133,0.9500254,0.9624863,0.9628018,0.95754796,0.98801655,0.9800314,0.97666585,0.9849124,0.90844977
apollo11movie,0.98399055,0.94698244,0.9914342,0.9122229,0.9762548,0.8695495,0.9803435,0.9747688,0.9926468,0.9494546,0.9812766,0.7312647,0.9728358,0.9731284,1.0000001,0.9763112,0.9840731,0.972318,0.96722627,0.98286223,0.979625,0.9198069,0.9873026,0.97981286,0.9433113,0.31670862,0.8296065,0.98437774,0.97105026,0.95056623,0.96605664,0.96714413,0.9514737,0.8497019,0.7757676,0.72995126,0.9846617,0.94283473,0.9729237,0.9692973,0.93152696,0.96943146,0.89381635,0.9744603,0.98403484,0.94572306,0.98994404,0.97439784,0.9345992,0.9836851,0.96734744,0.9868946,0.9037241,0.94969726,0.8952169,0.97987103,0.9530581,0.96688485,0.96179247,0.98749,0.95620286,0.9506,0.95796984,0.9558583,0.96680653,0.91579247,0.9537918,0.98793644,0.9889702,0.92844814,0.9885969,0.4009269,0.89852,0.98100024,0.8082687,0.95320684,0.70357287,0.9739364,0.9711761,0.9050922,0.96722376,0.946081,0.9859119,0.9699197,0.85365874,0.9491699,0.9624204,0.9854654,0.9465498,0.9870976,0.9555175,0.9885969,0.92867965,0.9466858,0.94699407,0.9786751,0.9682629,0.97975725,0.95792866,0.9226155,0.96178895,0.95713884,0.9034963,0.9814899,0.90753984,0.9708999,0.986899,0.8957585,0.9527274,0.8963164,0.9816851,0.82233083,0.9600658,0.71493113,0.93015236,0.97711265,0.9837328,0.9197366,0.98949975,0.97718716,0.97657025,0.97088665,0.97912073,0.82594645,0.9873738,0.9756946,0.97026044,0.89323074,0.9465119,0.7732892,0.9808669,0.9529092,0.98927206,0.8374245,0.9655977,0.97727245,0.97898924,0.9763762,0.98632616,0.9643948,0.9926468,0.93163097,0.9367764,0.8215897,0.96309507,0.978337,0.94833064,0.9010421,0.92792815,0.92761976,0.956943,0.98343486,0.9761225,0.9113329,0.96937746,0.96870714,0.95678437,0.9662679,0.9658682,0.94169575,0.9926468,0.957232,0.97353536,0.98222786,0.91862077
arcticdogsmovie,0.9788366,0.96005446,0.98212075,0.94750524,0.9802464,0.840475,0.97568417,0.9777208,0.98504156,0.9484023,0.96830374,0.72231585,0.9655177,0.9721037,0.9763112,0.99999994,0.97078043,0.9661713,0.9619664,0.96641403,0.9731391,0.89970946,0.9775254,0.9682536,0.9580967,0.40560693,0.83821344,0.973256,0.96300435,0.93298113,0.9598134,0.96393865,0.9515106,0.852011,0.8158125,0.7826835,0.9769922,0.9379949,0.9696042,0.9568558,0.9298194,0.96330804,0.89584136,0.97765034,0.9759133,0.92936563,0.9761439,0.96520454,0.93385446,0.9796408,0.9566874,0.9722688,0.89822686,0.9349558,0.9255809,0.975465,0.9311328,0.96441454,0.9683369,0.98414826,0.9496784,0.9609108,0.96112156,0.948355,0.9604429,0.9340399,0.95152855,0.96581364,0.96893424,0.9495978,0.9855079,0.43617818,0.8972851,0.9799441,0.8369236,0.948659,0.741447,0.9667017,0.96488893,0.8946017,0.96350515,0.9588052,0.98078686,0.9635016,0.8394611,0.9631616,0.9488059,0.9863242,0.9605489,0.97512376,0.9578299,0.9855079,0.9332729,0.9506199,0.9438386,0.97726285,0.96707904,0.9733891,0.9632728,0.9401589,0.9507995,0.9558368,0.8857819,0.98038,0.91582966,0.95565075,0.9798724,0.90648735,0.9726681,0.8951513,0.9756842,0.81804204,0.9556579,0.76593554,0.9239822,0.9781637,0.9804394,0.9119786,0.9771578,0.96866024,0.9849304,0.9660319,0.9796795,0.8073753,0.9704707,0.9767537,0.96469176,0.8700429,0.9342138,0.78121287,0.97852564,0.94480014,0.97595793,0.87263924,0.960597,0.9686859,0.97400934,0.9523292,0.98227215,0.95460707,0.98504156,0.9191365,0.9310593,0.83039105,0.9495622,0.9624112,0.9442544,0.91651773,0.93144214,0.9384436,0.9628735,0.9731019,0.9745995,0.8960158,0.9594035,0.9699361,0.94205606,0.96903473,0.96165276,0.9396703,0.98504156,0.95930487,0.97143406,0.9722578,0.9054277
arcticmovie,0.98628426,0.9387795,0.98547703,0.9301978,0.97642577,0.8980387,0.9833392,0.9792868,0.98936206,0.96035343,0.9835788,0.7548798,0.9709535,0.98510367,0.9840731,0.97078043,1.0,0.9797943,0.9784496,0.98806375,0.9780468,0.9276503,0.9850332,0.9797406,0.9469255,0.32818854,0.8593504,0.98033136,0.9741082,0.95480436,0.9700249,0.9744546,0.9514883,0.87704957,0.76358837,0.719521,0.98362863,0.93542933,0.97153485,0.966083,0.9425378,0.974828,0.92379826,0.98122793,0.9825492,0.9541225,0.9854954,0.97802335,0.9207507,0.9842269,0.972243,0.9850418,0.9236269,0.952664,0.9081832,0.9766153,0.9353872,0.9707173,0.97094077,0.98612505,0.96984476,0.95237917,0.9597868,0.9665673,0.9622278,0.9219143,0.93800557,0.9822455,0.98893607,0.9257444,0.98902875,0.37711596,0.8942689,0.9778387,0.79731977,0.9439578,0.70606947,0.9749154,0.9725546,0.92117536,0.98100346,0.9451656,0.9815498,0.9621725,0.87399375,0.9608629,0.96123666,0.9865908,0.95678824,0.99130917,0.9544294,0.98902875,0.92489487,0.95233625,0.96095604,0.9878768,0.97753924,0.98635536,0.9678954,0.9365407,0.96218765,0.9647533,0.922049,0.98638755,0.9209359,0.9738716,0.98522955,0.92284495,0.95420355,0.92894816,0.99024445,0.8128196,0.9632306,0.70476097,0.92911315,0.9829651,0.98190475,0.9114513,0.99003345,0.9813911,0.97412014,0.9583699,0.9809969,0.86952823,0.9798049,0.9837182,0.97551024,0.9077912,0.9606293,0.8094269,0.9779302,0.96190476,0.9860172,0.8726711,0.9625334,0.97574985,0.9746708,0.97164154,0.9859751,0.9642925,0.98936206,0.9430427,0.93429834,0.8663196,0.9621422,0.9687481,0.93299836,0.909441,0.94408286,0.940545,0.9681686,0.9759271,0.97028434,0.8948397,0.96937686,0.9731868,0.96470547,0.9694802,0.95859295,0.9390982,0.98936206,0.9695206,0.9773368,0.9841896,0.92560154
artofracingmovie,0.98556364,0.92638344,0.97818655,0.93623817,0.98717386,0.87088656,0.97778124,0.9788475,0.98322487,0.9782125,0.9771701,0.8097388,0.9771515,0.97693497,0.972318,0.9661713,0.9797943,0.9999999,0.9837317,0.9705729,0.97629786,0.9398178,0.9681317,0.9746596,0.9310252,0.32916203,0.8886095,0.9714997,0.98421687,0.96122015,0.9756267,0.9793444,0.9462304,0.90820426,0.75894624,0.70257044,0.9781799,0.9502208,0.9566193,0.97102934,0.95694536,0.98681355,0.9334299,0.9815089,0.9839059,0.9553628,0.9668829,0.98308945,0.9091613,0.98452467,0.9811671,0.9895052,0.9517204,0.96022505,0.92343813,0.9810479,0.93485206,0.97054046,0.981336,0.98007905,0.9749803,0.964865,0.96505105,0.9778836,0.9821633,0.9452882,0.92175555,0.97979546,0.9746011,0.90045685,0.980362,0.35010883,0.8827876,0.9698678,0.7647318,0.90800726,0.6665461,0.9705214,0.98406464,0.9474008,0.96737117,0.95580083,0.9759017,0.9471895,0.9053662,0.96161544,0.97658056,0.97678024,0.966833,0.983053,0.9637368,0.980362,0.93681604,0.9494702,0.9700849,0.9753977,0.97811675,0.97958696,0.95296496,0.92606694,0.95419186,0.9690715,0.9231396,0.9749319,0.9096513,0.979964,0.9825175,0.9289307,0.9639393,0.9565723,0.98585975,0.8158037,0.97065264,0.6865439,0.9269519,0.9770451,0.98337984,0.9059198,0.98490363,0.98056465,0.97719246,0.9582402,0.98017794,0.84805536,0.96354985,0.9732321,0.964269,0.9287263,0.97329444,0.82437885,0.9768445,0.974043,0.9720425,0.8677417,0.9614987,0.9804113,0.9738758,0.9817346,0.9865073,0.9387335,0.98322487,0.9589723,0.90317404,0.88176244,0.9743453,0.9731452,0.9404772,0.915068,0.95848006,0.93328524,0.97073364,0.9633311,0.95792925,0.85697347,0.9565027,0.9660399,0.94617164,0.96658677,0.9544388,0.9394601,0.98322487,0.97049624,0.97262275,0.9620929,0.9474039
avengers,0.98857075,0.9378297,0.97201085,0.9463503,0.97502,0.8615183,0.9765241,0.98245007,0.9784473,0.9615791,0.9813583,0.7889307,0.9741234,0.97820586,0.96722627,0.9619664,0.9784496,0.9837317,1.0000002,0.9686074,0.97059584,0.9391971,0.968151,0.9681515,0.9287309,0.35269305,0.8568264,0.9733578,0.9744583,0.9514382,0.9830484,0.9664319,0.9518044,0.8906666,0.76667583,0.69695413,0.97828263,0.9547445,0.95174474,0.96444947,0.94168156,0.9735605,0.9346743,0.9834679,0.9777133,0.96297073,0.9669778,0.9813129,0.8982032,0.9811417,0.9721244,0.9733321,0.9480374,0.95249283,0.9411292,0.9668227,0.9423155,0.9606185,0.9777816,0.9730848,0.9573069,0.9713648,0.96690893,0.97113436,0.9617747,0.93710357,0.9205296,0.97072566,0.971015,0.8987278,0.972789,0.36579078,0.8630114,0.9681527,0.80155593,0.9227263,0.67479634,0.9691002,0.98003566,0.94614565,0.967296,0.94308406,0.9794537,0.9409856,0.8919229,0.952388,0.9791434,0.9768139,0.9709804,0.9814952,0.9679557,0.972789,0.94801795,0.94129544,0.9651347,0.9726045,0.97041583,0.9758482,0.9565865,0.9448206,0.959947,0.9568871,0.9193755,0.9762951,0.9245712,0.970377,0.973987,0.91895133,0.9574147,0.9367282,0.9847884,0.7820163,0.9618837,0.6972706,0.92500055,0.9776487,0.9787467,0.9222832,0.9776221,0.97812,0.9673821,0.9485463,0.971708,0.84517336,0.9733956,0.9737721,0.9604769,0.9186871,0.9489793,0.8340024,0.969935,0.96702284,0.97807926,0.90350753,0.95166624,0.9712903,0.975074,0.96519524,0.9761264,0.94968337,0.9784473,0.94853586,0.90998554,0.8718913,0.97170347,0.9510453,0.92044866,0.9242335,0.95160335,0.93962616,0.9611328,0.9633817,0.9593186,0.86859787,0.95746666,0.95291406,0.95608664,0.9559785,0.9496962,0.9403183,0.9784473,0.96184546,0.96665555,0.9671994,0.93823034
beachbummovie,0.9724443,0.941524,0.98159003,0.8972631,0.9618963,0.9165133,0.9681684,0.965769,0.98372394,0.956692,0.9737132,0.7541927,0.957247,0.98053473,0.98286223,0.96641403,0.98806375,0.9705729,0.9686074,1.0,0.9657513,0.92524,0.98402363,0.9734459,0.92328686,0.30406597,0.8457602,0.96786016,0.96629626,0.95645195,0.9644854,0.9631214,0.93496686,0.87385625,0.71028936,0.6640272,0.97584736,0.91441846,0.9669307,0.94911516,0.9448855,0.9564256,0.91981226,0.96543217,0.97457695,0.9621742,0.98722416,0.9701164,0.8927569,0.9733537,0.96599746,0.97719467,0.9144484,0.9247776,0.8855056,0.9811838,0.9431034,0.94923544,0.9568595,0.985148,0.96575254,0.9336893,0.94977933,0.9620833,0.9590872,0.88805884,0.9362334,0.98307735,0.98751837,0.91376853,0.984352,0.33291188,0.88752896,0.9691045,0.7833572,0.92657113,0.6391797,0.9595357,0.95735407,0.91181374,0.96399444,0.9148532,0.98306,0.93589276,0.8734182,0.95544994,0.9462948,0.9746609,0.95547533,0.99070597,0.94516927,0.984352,0.91233975,0.93248093,0.94868785,0.97597104,0.96701294,0.9815261,0.95105314,0.92190397,0.96205527,0.9682391,0.92978776,0.9806057,0.9365817,0.9647188,0.97802746,0.9237597,0.9418209,0.9049032,0.98274916,0.7737255,0.9439051,0.64615697,0.92264426,0.9641162,0.97023404,0.8990912,0.98349696,0.96572644,0.9655437,0.94029796,0.9690748,0.88669956,0.9781963,0.97366816,0.96140754,0.9064294,0.9479458,0.8122964,0.967804,0.95891666,0.9801958,0.84698516,0.94238687,0.9734448,0.963809,0.971137,0.9825191,0.974441,0.98372394,0.93931437,0.9487101,0.87005746,0.9608502,0.9478173,0.90737516,0.8701116,0.9352068,0.9318157,0.9497725,0.977191,0.9571588,0.8887835,0.9660045,0.9719888,0.96559846,0.9667404,0.9447229,0.92432445,0.98372394,0.96146214,0.9580556,0.98368526,0.9191389
bernadettefilm,0.9883798,0.94519216,0.9838039,0.93826133,0.98150206,0.8455148,0.98427624,0.9817143,0.99121183,0.94170016,0.98485875,0.7362291,0.9809,0.98379856,0.979625,0.9731391,0.9780468,0.97629786,0.97059584,0.9657513,1.0000001,0.9173444,0.9836341,0.9896506,0.9338652,0.34976038,0.8645514,0.9885049,0.9809504,0.9336944,0.9665709,0.96708775,0.95405275,0.86872435,0.77867013,0.7464001,0.98887295,0.9607631,0.95978713,0.96338725,0.9423141,0.98620033,0.88395494,0.9870523,0.9837776,0.9393344,0.9781343,0.9777118,0.9346995,0.9924406,0.9723404,0.9873016,0.9289079,0.9441417,0.9219768,0.97464246,0.94373864,0.97344947,0.9622245,0.987519,0.9581446,0.95377034,0.96836007,0.9683288,0.96752834,0.94675636,0.9647138,0.97878337,0.9790638,0.9243332,0.98669297,0.38177153,0.87494594,0.99047387,0.8042821,0.9314418,0.7056085,0.9844515,0.9721367,0.9103774,0.9560644,0.95272803,0.97861326,0.96070325,0.86442006,0.96737146,0.9652781,0.9882176,0.9476373,0.98308134,0.9555,0.98669297,0.92359585,0.95516515,0.9560009,0.9774411,0.9816837,0.9838083,0.9649051,0.94651556,0.950845,0.9565131,0.89534265,0.9760063,0.895358,0.97439045,0.99139535,0.8962882,0.9492254,0.9182484,0.9825195,0.8314314,0.97103035,0.7357045,0.95233005,0.9800641,0.9903562,0.91448414,0.985187,0.98069555,0.990311,0.973682,0.98968804,0.8205822,0.9768149,0.9746763,0.97805995,0.8922878,0.9527858,0.76491547,0.9928652,0.9419414,0.9798262,0.8554426,0.9679829,0.9708682,0.9795289,0.97546196,0.9817514,0.92942435,0.99121183,0.92559224,0.90323645,0.8386711,0.9633416,0.97882116,0.9650623,0.9049061,0.92925394,0.93970495,0.9641812,0.9655494,0.96199864,0.8634202,0.9524149,0.97540784,0.94636184,0.961941,0.9642353,0.95718604,0.99121183,0.966363,0.9823822,0.9780234,0.916418
