movie,21bridgesmovie,47metersdown,abeautifuldaymovie,abominablemovie,adastramovie,adogsjourneymovie,aftermathmovie,aftermovie,ahiddenlifefilm,alitamovie,angelhasfallen,angrybirdsmovie,annabellemovie,annamovie,apollo11movie,arcticdogsmovie,arcticmovie,artofracingmovie,avengers,beachbummovie,bernadettefilm,blackandbluemovie,blackchristmas,blindedbythelightmovie,bombshellmovie,booksmart,breakthroughmovie,brianbanksmovie,brightburnmovie,brittanyrunsmov,captainmarvelofficial,captivestatemovie,catsmovie,charliesangels,childsplaymovie,clarathefilm,coldpursuitmovie,countdown,currentwarmovie,darkwatersmovie,detectivepikachumovie,disneyaladdin,disneyfrozen,disneymaleficent,doctorsleepmovie,dolemiteismyname,dontletgomovie,doramovie,downtonabbey_official,dumbo,escaperoom,everybodyknowsmovie,fastandfuriousmovie,fightingwmyfam,fivefeetapartfilm,fordvferrari,freaksthefilm,geminimanmovie,glassmovie,gloriabellmovie,godzillamovie,goldfinchmovie,goodboysmovie,goodliarmovie,gretafilm,halathemovie,happydeathdaymovie,harrietfilm,hellboymovie,hersmellmovie,highlifemovie,highstrungmovie,honeyboymovie,hotelmumbaifilm,httydragon,hustlemovie,hustlersmovie,isntitromantic,itmovieofficial,jayandsilentbob,johnwickmovie,jojorabbitmovie,jokermovie,judythefilm,jumanjimovie,justmercyfilm,knivesout,lalloronamovie,lastblackmansf,lastchristmasthemovie,latenightmovie,lighthousemovie,lionking,littlethemovie,littlewomenmovie,littlewoodsfilm,longshotmovie,lordsofchaosmovie,lucyintheskyfilm,mamovie2019,marriagestory,meettheaddams,meninblack,midsommarmovie,midwaymovie,missbalamovie,missinglinkfilm,motherlessbklyn,onceinhollywood,onthebasisofsex,overcomermovie,peanutbutterfalcon,petsematarymovie,piercingmovie,playingwithfire,playmobilthemovie,pomsmovie,queenandslim,rambomovie,readyornotfilm,richardjewellfilm,rocketmanmovie,scarystoriesmovie,secretlifeofpets,serenityfilm,shaftmovie,shazammovie,spidermanmovie,spiesindisguise,starwars,stormboymovie,stubermovie,taosdfilm,teenspiritmov,terminator,theaeronautsmov,thebestofenemies,thedeaddontdie,thefarewell,thehighwaymen,thehummingbirdprojectfilm,theintrudermovie,theirishmanfilm,thekitchenmovie,thelegomovie,themustangfilm,thenightingalefilm,theprodigymovie,thesunisalsoastar,theupsidefilm,tolkienmovie,toystory,triplefrontier,uglydolls,uncutgems,underthesilverlake,usmovie,wavesmovie,whatmenwant,wonderparkmovie,wrinklestheclown,xmenmovies,yardiefilm,yesterdaymovie,zombieland
21bridgesmovie,0.9999999,0.9729801,0.96084106,0.88395584,0.947748,0.89112705,0.98161477,0.97772497,0.9750285,0.9795671,0.9588057,0.78442276,0.9852581,0.9775938,0.95854133,0.9619376,0.95967823,0.96415895,0.9767312,0.9696673,0.94007176,0.8867564,0.9741063,0.97080535,0.95326126,0.2390513,0.8500719,0.97946835,0.96539813,0.9467663,0.9682423,0.96828717,0.9208117,0.9205148,0.55082506,0.39091584,0.97114,0.96064067,0.9717553,0.96753985,0.9755491,0.9415952,0.8458536,0.93990386,0.97929096,0.9198698,0.9652547,0.98117,0.9200095,0.9543291,0.97223556,0.9884291,0.94325835,0.93385905,0.8954846,0.95460486,0.931881,0.9564101,0.9752671,0.9595556,0.97208375,0.97693735,0.98045653,0.9864104,0.9586913,0.83171934,0.9104107,0.9858613,0.97213113,0.8104262,0.96979916,0.25953496,0.8622794,0.9836462,0.74948835,0.8899139,0.44818935,0.9752952,0.9862376,0.9467415,0.8725088,0.9536598,0.96328276,0.8403067,0.9570761,0.96527225,0.8880329,0.98460954,0.8948031,0.98032546,0.9432929,0.96979916,0.92960864,0.9791805,0.9557429,0.9466403,0.98158187,0.9695063,0.9586059,0.90995306,0.90163314,0.9794692,0.9054381,0.97214127,0.9442213,0.9727401,0.9731849,0.9254218,0.92691004,0.87467664,0.9711505,0.4021163,0.94919866,0.3437368,0.9449208,0.9860108,0.9942166,0.7972939,0.96871793,0.98000354,0.94337124,0.98220724,0.9807192,0.9270236,0.97403073,0.96820426,0.972435,0.92906445,0.9024041,0.74215716,0.9491632,0.9117462,0.9693932,0.7372708,0.94301575,0.96103203,0.97860783,0.960022,0.96934897,0.92302823,0.9750285,0.9507902,0.86766547,0.7859791,0.91179276,0.9725193,0.8957883,0.73072326,0.9188503,0.97334903,0.98247474,0.94881064,0.9784359,0.84537095,0.8701914,0.96939546,0.970156,0.9284205,0.97746205,0.9544561,0.9750285,0.8828443,0.9694773,0.96842307,0.9448347
47metersdown,0.9729801,1.0,0.93043995,0.83622086,0.8873958,0.8974938,0.9413423,0.9348786,0.9332426,0.95963913,0.91531515,0.79876184,0.9520839,0.9461701,0.92073935,0.96004546,0.9323666,0.93728447,0.9610356,0.92739034,0.8876369,0.8549129,0.9350618,0.9300353,0.9398333,0.17734672,0.8407966,0.95720613,0.93808526,0.91600317,0.9364014,0.97297853,0.8489611,0.94594246,0.46886978,0.3021983,0.9362263,0.9453377,0.91475135,0.969958,0.9468941,0.9143825,0.8398687,0.9148798,0.9501307,0.89584064,0.9221248,0.93722695,0.8579213,0.91991204,0.938524,0.9624445,0.95831335,0.9067245,0.8516976,0.92023605,0.8785556,0.9361866,0.9296806,0.91089296,0.9432894,0.97352743,0.966316,0.95961183,0.94277376,0.7809197,0.8667054,0.963152,0.9494788,0.77876395,0.91698223,0.19099444,0.80662644,0.964248,0.66400224,0.8607013,0.3602613,0.9463232,0.9459826,0.9412087,0.8583419,0.8896223,0.9338967,0.7522613,0.9206851,0.95068854,0.85622853,0.9548418,0.86297786,0.9348731,0.93977654,0.91698223,0.9602757,0.9577633,0.94444907,0.9095149,0.97247773,0.928871,0.916845,0.8639952,0.8550755,0.9798111,0.89671177,0.92965674,0.9490997,0.9409246,0.93296385,0.92725706,0.9003788,0.9243119,0.9269889,0.32539842,0.94949,0.2464614,0.93017846,0.96385133,0.95949626,0.7373448,0.9318605,0.9458478,0.91206586,0.95078796,0.9479498,0.9135369,0.94676214,0.9174423,0.9417914,0.9108725,0.8382903,0.76374793,0.9002138,0.8601025,0.94475347,0.68748426,0.94032687,0.9265253,0.96120054,0.9409441,0.917512,0.8968971,0.9332426,0.9378693,0.7755464,0.79748994,0.9216913,0.9502402,0.8322476,0.67939776,0.89300555,0.9257581,0.94410807,0.9416499,0.94374555,0.8367965,0.7903594,0.92216873,0.9328894,0.8812578,0.9549373,0.9308034,0.9332426,0.83370405,0.9234964,0.91499835,0.9031748
abeautifuldaymovie,0.96084106,0.93043995,1.0000001,0.8235427,0.96550196,0.82747674,0.97302496,0.9752288,0.9868136,0.96979743,0.96232456,0.79557675,0.9556675,0.9796709,0.985056,0.93970114,0.980521,0.9696756,0.9401397,0.98279667,0.9639371,0.83080673,0.9671241,0.985293,0.96296406,0.27283835,0.8453977,0.9471144,0.9833631,0.9762795,0.9482737,0.9537566,0.8750143,0.87965345,0.5657453,0.4255529,0.97054887,0.89439815,0.95191896,0.94986755,0.9670729,0.9481849,0.8398877,0.9673413,0.97885305,0.8539189,0.96815115,0.96220547,0.88350624,0.97605455,0.9802658,0.97672915,0.86931187,0.8918232,0.8215234,0.98387885,0.89229006,0.9486111,0.93029004,0.9743882,0.9778402,0.9614222,0.9622188,0.96938795,0.8898647,0.79912585,0.94673634,0.96683455,0.9500427,0.73181415,0.98191816,0.30753744,0.8570659,0.9853231,0.69870955,0.94309795,0.43856665,0.9489954,0.962244,0.86340964,0.90015113,0.9247774,0.992748,0.8400684,0.8861837,0.93903583,0.86532235,0.98490447,0.8623717,0.98297316,0.9223221,0.98191816,0.8860133,0.9801863,0.9315357,0.99342966,0.95442355,0.9607151,0.97585213,0.8418798,0.8194706,0.9430075,0.96677005,0.9700336,0.9066907,0.97439337,0.98855263,0.9065479,0.8671999,0.8085946,0.9791893,0.4018297,0.9583159,0.3774476,0.92730576,0.96431386,0.9745155,0.7246983,0.9910477,0.9766017,0.9831536,0.9684456,0.98138845,0.8601499,0.9855361,0.9838936,0.9284029,0.86925673,0.92925096,0.66051143,0.9866319,0.94404894,0.9776873,0.8139681,0.9343209,0.9789584,0.92845744,0.9048656,0.97632796,0.87433505,0.9868136,0.94177747,0.8038427,0.8170364,0.9299461,0.9645799,0.85660946,0.7021225,0.94328964,0.9833307,0.9400789,0.9606475,0.9638538,0.8573014,0.88724154,0.96967906,0.98130137,0.95133674,0.9505265,0.94811904,0.9868136,0.8458338,0.98250383,0.9724497,0.9029316
abominablemovie,0.88395584,0.83622086,0.8235427,0.99999976,0.9025773,0.8296591,0.88993794,0.87642574,0.88409394,0.85013646,0.87887305,0.6659656,0.8992741,0.8948942,0.8522658,0.89683443,0.8793855,0.90614337,0.87627584,0.8477553,0.87887067,0.9112775,0.915436,0.86073107,0.88658476,0.4324204,0.8478733,0.887423,0.86991596,0.8273418,0.91334975,0.86236894,0.963864,0.8229833,0.758999,0.6328055,0.9094906,0.9137771,0.89835006,0.7998647,0.84202164,0.8392704,0.78322977,0.7998295,0.89657164,0.9406882,0.91434675,0.9243126,0.9050552,0.8388547,0.893884,0.89643186,0.8265933,0.89454776,0.9536821,0.8698302,0.94140077,0.8841086,0.95507824,0.8821534,0.80822295,0.87442994,0.8540683,0.88140374,0.9397175,0.9040559,0.8566115,0.87986094,0.85230124,0.8679965,0.8802787,0.457561,0.9246921,0.8546726,0.9056597,0.85184896,0.66939336,0.91929734,0.9085804,0.8196228,0.7233884,0.93776226,0.83588356,0.93911636,0.93774354,0.90529054,0.9102963,0.8548063,0.89717954,0.87771815,0.88397455,0.8802787,0.74792653,0.8342344,0.8949589,0.827423,0.8770813,0.90061736,0.8787187,0.9625891,0.9643921,0.8926116,0.72642124,0.89459634,0.8582204,0.9034606,0.868238,0.8073526,0.89629227,0.75780386,0.8755369,0.6076138,0.86293507,0.5925622,0.9164374,0.8984517,0.88766867,0.92093164,0.87299854,0.8776819,0.8149352,0.890075,0.8751832,0.8085376,0.8621596,0.8825787,0.9121453,0.8564956,0.90988576,0.81335586,0.8475989,0.8924582,0.8848591,0.6409545,0.8605186,0.859283,0.84194666,0.95666873,0.89209706,0.9304604,0.88409394,0.87323725,0.9450294,0.624088,0.8106445,0.8999563,0.9538939,0.8757708,0.805684,0.83999324,0.8964791,0.80317336,0.896159,0.8886424,0.9180733,0.87462205,0.8854866,0.8752695,0.8546487,0.8650074,0.88409394,0.9451724,0.88719326,0.8917326,0.90488374
adastramovie,0.947748,0.8873958,0.96550196,0.9025773,0.99999994,0.7946597,0.98369783,0.97052354,0.98968554,0.9553856,0.9619805,0.72585076,0.9575999,0.9781828,0.9844592,0.93383515,0.97375214,0.9708243,0.93601805,0.9739395,0.9753031,0.86005497,0.9766297,0.9815498,0.9597666,0.3643327,0.8769023,0.9352425,0.9695989,0.96559787,0.9678482,0.9220315,0.9449565,0.8258806,0.6907244,0.5576246,0.9786279,0.9078351,0.97546446,0.9017957,0.9454466,0.9268598,0.79561406,0.9320191,0.98373467,0.88681865,0.9787446,0.97404504,0.9407104,0.9546747,0.96739936,0.97406346,0.82681876,0.8836244,0.8874545,0.98224986,0.9433853,0.94434077,0.966515,0.980931,0.9481483,0.9399056,0.9372309,0.9528243,0.91336495,0.85271055,0.9557609,0.9631182,0.94380087,0.79260314,0.9858758,0.40388352,0.9274633,0.96092963,0.8036135,0.9443074,0.5483293,0.9559536,0.9690729,0.8426376,0.8390466,0.96663123,0.96778846,0.9413179,0.9018894,0.9550849,0.91461897,0.9676491,0.88766015,0.9830888,0.9220691,0.9858758,0.81166965,0.94268554,0.9099715,0.97458416,0.9392341,0.9838846,0.9859808,0.9045901,0.88531995,0.9234843,0.9076673,0.9656856,0.8975999,0.96026313,0.98601806,0.8593716,0.8894149,0.7329887,0.9874788,0.5144065,0.93208283,0.5153988,0.9272456,0.9566429,0.9684825,0.81139064,0.9838362,0.98227143,0.9612926,0.96646124,0.98151606,0.8154889,0.97107977,0.9881576,0.9336473,0.84490734,0.9703215,0.65840167,0.97570384,0.9696098,0.96410936,0.7858942,0.91785234,0.9848722,0.903639,0.9368674,0.9885399,0.9002875,0.98968554,0.9214587,0.9054201,0.7265123,0.8738024,0.96179265,0.91860884,0.7955665,0.9067744,0.9648861,0.9618281,0.9018555,0.9692027,0.9099559,0.94498,0.9703489,0.97275,0.9702602,0.9332002,0.9408209,0.98968554,0.9132648,0.99015456,0.9894126,0.90101486
adogsjourneymovie,0.89112705,0.8974938,0.82747674,0.8296591,0.7946597,0.99999994,0.8385758,0.83795255,0.83729595,0.87866205,0.836621,0.73320097,0.85323274,0.8624417,0.79062665,0.88522786,0.82190436,0.84923285,0.87624484,0.82502925,0.8176928,0.92216927,0.8887068,0.83844566,0.8760077,0.35377747,0.7641979,0.8900035,0.8598108,0.792137,0.87003285,0.8745549,0.83005375,0.87089986,0.5951787,0.41239306,0.85688794,0.8815589,0.84808034,0.8219533,0.83857787,0.79255044,0.76497227,0.7557821,0.8503389,0.9373505,0.86860734,0.87310845,0.78734154,0.7807438,0.89229316,0.8675561,0.89481395,0.89576966,0.8424517,0.8090859,0.8616623,0.83838564,0.8803607,0.8533569,0.8289247,0.9171337,0.8715349,0.8849578,0.92823315,0.83405006,0.837596,0.8535721,0.80498034,0.84800863,0.84996665,0.3536569,0.83592683,0.8747578,0.80535024,0.74871194,0.5452308,0.84055597,0.868762,0.89269596,0.74571574,0.8045773,0.8208161,0.7444713,0.90927184,0.8599292,0.8227028,0.8484772,0.9248053,0.8467413,0.89974517,0.84996665,0.82414097,0.8451652,0.96042097,0.7899564,0.8598979,0.84006196,0.7937965,0.88538176,0.8576484,0.93115765,0.77525926,0.89009154,0.93879455,0.9039607,0.82358015,0.818763,0.84829456,0.9205899,0.8291757,0.4959578,0.8862532,0.3754869,0.9254363,0.890363,0.88329846,0.8684151,0.839527,0.84043795,0.8050419,0.8613483,0.84342825,0.9595395,0.84703004,0.84040344,0.929424,0.94659066,0.7751729,0.887632,0.8068141,0.77068335,0.8504512,0.49791875,0.8620823,0.8119189,0.89122534,0.9002825,0.853482,0.94657785,0.83729595,0.8973224,0.72541374,0.6652432,0.8357487,0.8571013,0.8286217,0.77608997,0.79001397,0.83607477,0.84244806,0.82194877,0.8950618,0.7708719,0.8264318,0.86766374,0.8627158,0.8566076,0.85409087,0.89551324,0.83729595,0.83070797,0.84301996,0.8412318,0.9558645
aftermathmovie,0.98161477,0.9413423,0.97302496,0.88993794,0.98369783,0.8385758,0.9999998,0.9870968,0.9936718,0.98029166,0.9731299,0.76177984,0.9788802,0.9898459,0.9860685,0.9576062,0.9833797,0.97802204,0.9592255,0.9837781,0.96835834,0.8644516,0.98697495,0.9897447,0.9584467,0.29111436,0.8697408,0.9718289,0.9702818,0.9762992,0.97957593,0.9470996,0.9308639,0.87395453,0.6072502,0.46334812,0.98897636,0.93353873,0.9809034,0.9409128,0.9680819,0.9475818,0.82522154,0.9499463,0.9939239,0.90725684,0.98510087,0.9864432,0.93113446,0.96637994,0.97203904,0.99063116,0.890645,0.9010793,0.88869655,0.9835302,0.95535296,0.96839315,0.9774178,0.9820661,0.9715953,0.9716082,0.9724501,0.97947425,0.9356891,0.85361797,0.94040006,0.98375404,0.9675808,0.82129306,0.9859588,0.32362497,0.9032562,0.9841525,0.76508224,0.9179255,0.47911915,0.9775703,0.9880649,0.90562755,0.87588245,0.9682859,0.9795923,0.8937284,0.9285861,0.97331214,0.9225914,0.98816806,0.90366125,0.9933274,0.94692487,0.9859588,0.87539285,0.9677796,0.93220127,0.9724169,0.9644092,0.9925818,0.99248666,0.91122544,0.9015233,0.95508367,0.9101069,0.97220963,0.9325492,0.9677017,0.9894629,0.90663606,0.90003437,0.8063021,0.98870033,0.4441156,0.95727515,0.41790903,0.9415862,0.9804876,0.99236447,0.8025031,0.9882624,0.99855715,0.9620931,0.98880535,0.99105424,0.86397994,0.9878416,0.98652035,0.95366156,0.8763139,0.9359749,0.7029698,0.97167695,0.9490262,0.9804958,0.7715602,0.95402503,0.9890492,0.95571893,0.9583502,0.9892696,0.91758484,0.9936718,0.9359999,0.8869244,0.7722585,0.8993461,0.9768028,0.91231304,0.7503674,0.9202776,0.9791327,0.9892418,0.93420076,0.98449516,0.88303167,0.90599906,0.9726216,0.98432165,0.95799315,0.9764634,0.9656956,0.9936718,0.89198893,0.9906858,0.9873947,0.91294354
aftermovie,0.97772497,0.9348786,0.9752288,0.87642574,0.97052354,0.83795255,0.9870968,1.0,0.98424894,0.9601357,0.98479867,0.8255305,0.9872493,0.97579914,0.97270906,0.95349103,0.97551656,0.9707786,0.9384965,0.97192234,0.95889294,0.8445236,0.9801644,0.9769794,0.9447055,0.23742524,0.83868104,0.9649087,0.959658,0.9624838,0.955973,0.9347518,0.91644585,0.9107867,0.5597241,0.41343704,0.98526245,0.93907607,0.9652255,0.9532428,0.9825073,0.9723971,0.8706391,0.97328454,0.98285973,0.8826138,0.9838258,0.98248255,0.9045675,0.9844431,0.97126466,0.98032033,0.9012783,0.895359,0.8905116,0.98044866,0.9423347,0.9759759,0.9607039,0.9665106,0.9762296,0.95603734,0.9831942,0.9858985,0.9155201,0.8579883,0.9098023,0.9657819,0.96692055,0.79749936,0.97602767,0.26850054,0.87567204,0.9794552,0.7440335,0.9206552,0.45766252,0.9732151,0.97872454,0.8796061,0.9171823,0.96860236,0.98258454,0.8624169,0.9421219,0.9503355,0.8992893,0.9892766,0.8797809,0.98838973,0.93562436,0.97602767,0.88938266,0.9719565,0.9381942,0.97076935,0.9717466,0.97445184,0.9799915,0.9010662,0.8844202,0.9488262,0.91859007,0.9667252,0.9053915,0.9693352,0.9820623,0.9443831,0.8850845,0.81437135,0.9766613,0.39695796,0.95882905,0.3764672,0.9266228,0.9796814,0.9898203,0.7762095,0.98401767,0.9835004,0.9642724,0.99461836,0.97666395,0.88085556,0.98951477,0.97907895,0.9378309,0.88899285,0.9307882,0.7137821,0.96941984,0.9349903,0.9752092,0.8063615,0.95619786,0.97060215,0.96502435,0.9358506,0.9766274,0.8924239,0.98424894,0.9258758,0.8734321,0.8439356,0.93401694,0.9614201,0.888504,0.70499474,0.9583526,0.988719,0.97083586,0.9618335,0.9677472,0.8419381,0.88996255,0.9541963,0.98783785,0.93294847,0.98307395,0.96486145,0.98424894,0.86236286,0.97365415,0.97109956,0.9156816
ahiddenlifefilm,0.9750285,0.9332426,0.9868136,0.88409394,0.98968554,0.83729595,0.9936718,0.98424894,0.99999994,0.9803113,0.9680106,0.7518479,0.9742111,0.99329513,0.9941252,0.9500976,0.9860231,0.9813909,0.9599343,0.9913858,0.9787865,0.86627626,0.9860467,0.99646235,0.9722363,0.30811542,0.8628498,0.9597084,0.9862447,0.9813053,0.9782861,0.95275754,0.9257378,0.8689693,0.6260258,0.4789711,0.9885459,0.92292356,0.98175764,0.9430319,0.9701319,0.9467358,0.826502,0.95380014,0.995128,0.89695084,0.98668456,0.9835635,0.9275511,0.9720262,0.98394793,0.991659,0.8773399,0.9046723,0.87521946,0.9896672,0.93646765,0.95813644,0.96967584,0.9893033,0.9770346,0.9693925,0.963992,0.9765115,0.9280284,0.8362243,0.9572014,0.9837731,0.9648122,0.787553,0.9954161,0.34361607,0.9017717,0.9883755,0.76848835,0.93863416,0.49027178,0.97060657,0.98447174,0.8862869,0.86849815,0.95839703,0.98910105,0.9003853,0.91591614,0.966603,0.9007425,0.9898813,0.8950909,0.9954223,0.9402378,0.9954161,0.87236184,0.97587335,0.936258,0.9856921,0.9624158,0.98940974,0.99043775,0.8976281,0.87966853,0.95404446,0.937943,0.9825451,0.9234002,0.97818416,0.99744606,0.8942313,0.8966794,0.7980643,0.995936,0.45359614,0.9554988,0.43078426,0.9446079,0.9767415,0.9879243,0.7896292,0.9961898,0.9946582,0.97855175,0.9814616,0.99362755,0.86166376,0.9897163,0.9964949,0.9556258,0.87747824,0.94989705,0.6842403,0.98647815,0.9600819,0.9832587,0.78533626,0.9382887,0.9925668,0.93831193,0.9448305,0.99461925,0.9095234,0.99999994,0.94185823,0.8729715,0.7685674,0.9070333,0.9769114,0.90406847,0.76099515,0.9294358,0.9816959,0.9732476,0.93793887,0.98568374,0.89388794,0.9233508,0.9843013,0.98528105,0.9696428,0.9597038,0.95768154,0.99999994,0.8935455,0.9974529,0.9939358,0.9218632
alitamovie,0.9795671,0.95963913,0.96979743,0.85013646,0.9553856,0.87866205,0.98029166,0.9601357,0.9803113,1.0000001,0.9388403,0.74077845,0.95570767,0.9774565,0.9708375,0.9446854,0.9593267,0.9573501,0.970573,0.98267275,0.949675,0.8914641,0.968855,0.9855119,0.96506596,0.29340973,0.85575503,0.9607022,0.9745318,0.9742187,0.9737241,0.9637955,0.8874685,0.8693109,0.5848766,0.43046334,0.9719722,0.91438216,0.9723574,0.9472849,0.9601553,0.9063321,0.7920634,0.91748655,0.9772117,0.91511685,0.95852286,0.9610324,0.90358645,0.9328637,0.97218484,0.9859297,0.9143489,0.9161084,0.8469859,0.9643077,0.92345625,0.9334778,0.95776075,0.9774673,0.9750647,0.98496145,0.96121746,0.96792656,0.9404786,0.7983578,0.9528398,0.98606753,0.9495994,0.79544836,0.9790705,0.32076952,0.87964576,0.9880389,0.7492254,0.88643765,0.45125186,0.9448741,0.97343147,0.93574184,0.851217,0.9200638,0.96880317,0.8467899,0.9060014,0.9667477,0.8796147,0.9790625,0.9051073,0.9781209,0.95519304,0.9790705,0.8992554,0.9614021,0.9476746,0.96105343,0.9537081,0.97599304,0.96323436,0.8822658,0.87488914,0.96880126,0.9167282,0.9760891,0.9554658,0.9693331,0.97862387,0.8833009,0.9048039,0.8599273,0.9770572,0.43907487,0.9470251,0.37996268,0.94683635,0.97052366,0.9850061,0.78861177,0.9766538,0.9856041,0.96308786,0.9653134,0.981926,0.8937524,0.9723157,0.9732304,0.96358615,0.9124248,0.8941528,0.6953888,0.95893306,0.9149064,0.96388006,0.70735914,0.93260497,0.98180616,0.95466554,0.9483953,0.97930807,0.9192485,0.9803113,0.9591443,0.8268586,0.74172664,0.87706584,0.9729419,0.8839318,0.74615765,0.8973984,0.9635579,0.97349876,0.91589063,0.9880763,0.86207265,0.8861337,0.9788105,0.96718806,0.96230173,0.9536681,0.9521261,0.9803113,0.88457334,0.9797658,0.9749311,0.92664313
angelhasfallen,0.9588057,0.91531515,0.96232456,0.87887305,0.9619805,0.836621,0.9731299,0.98479867,0.9680106,0.9388403,0.99999994,0.85708874,0.96458966,0.9595955,0.9518856,0.9620384,0.97483605,0.98002857,0.9105288,0.9427499,0.9482592,0.8333699,0.9774622,0.9567631,0.9333512,0.30206373,0.8646025,0.96079504,0.94034064,0.940139,0.9426413,0.92102194,0.9148486,0.9092552,0.59057385,0.4655627,0.97205466,0.92228836,0.9313097,0.9192311,0.9516673,0.97531056,0.89297825,0.9646217,0.9726269,0.88925946,0.9796095,0.9784445,0.8853303,0.9763766,0.963347,0.9609626,0.8761068,0.88262355,0.9029911,0.9760533,0.9478487,0.9856885,0.95176035,0.9503858,0.936738,0.94749486,0.9743937,0.9677822,0.8999565,0.89481825,0.8971111,0.9391418,0.9497943,0.82915807,0.9569794,0.32993624,0.8880667,0.96096087,0.7467466,0.9188608,0.5042732,0.9698663,0.96621335,0.8416623,0.93066216,0.95761824,0.96113425,0.86990273,0.9421173,0.92489517,0.93469316,0.96393037,0.8730045,0.9745811,0.9072596,0.9569794,0.8579538,0.9508149,0.93489206,0.9537751,0.964581,0.95717126,0.9710552,0.89555526,0.89088655,0.94156307,0.903223,0.94105434,0.8955149,0.96108395,0.9645633,0.9385703,0.861849,0.80788535,0.9531107,0.43689796,0.9636891,0.43469727,0.9204802,0.9744414,0.97516817,0.7961641,0.9752687,0.9658624,0.9276268,0.98222184,0.9682112,0.8550438,0.97948205,0.95958656,0.9114522,0.8817729,0.94478995,0.760133,0.95558304,0.95155895,0.9699753,0.81835407,0.9693062,0.9499131,0.95223504,0.9358786,0.9602935,0.90566224,0.9680106,0.9259891,0.8747755,0.8398823,0.93136257,0.9647062,0.89211684,0.7128738,0.93697107,0.96716017,0.94642127,0.96364117,0.95318043,0.8529221,0.8948622,0.9373093,0.9823283,0.9214739,0.97495466,0.9616219,0.9680106,0.85502815,0.9608316,0.95328367,0.9104563
angrybirdsmovie,0.78442276,0.79876184,0.79557675,0.6659656,0.72585076,0.73320097,0.76177984,0.8255305,0.7518479,0.74077845,0.85708874,0.99999994,0.78645456,0.7529628,0.73201185,0.8346059,0.7941339,0.79842293,0.68821704,0.7190654,0.74160385,0.6389832,0.77843314,0.7355362,0.76115876,0.14316747,0.70979476,0.80233157,0.73945814,0.7426593,0.6858719,0.78472185,0.67355055,0.91176546,0.3385877,0.24484956,0.7895499,0.7682309,0.69509965,0.8090282,0.7984643,0.86357856,0.90255,0.8500764,0.7711909,0.68064713,0.78066564,0.79271007,0.65412754,0.82805806,0.78711045,0.7732417,0.7727232,0.6890203,0.7199299,0.7846342,0.7513903,0.8650827,0.72057945,0.7274964,0.7642533,0.78934,0.8675325,0.80739737,0.7180224,0.7777487,0.6668154,0.7424422,0.76526654,0.68364865,0.73534536,0.1498176,0.6627581,0.77760524,0.49326265,0.76999974,0.34360564,0.7778712,0.7617363,0.64442456,0.9091977,0.7614587,0.7791002,0.56994146,0.8166485,0.73522985,0.77610046,0.7881866,0.6735955,0.7698712,0.76302093,0.73534536,0.7861989,0.78313166,0.8196054,0.7709664,0.8315071,0.7203642,0.76485825,0.69307184,0.6850341,0.80577433,0.76295704,0.73197323,0.7260869,0.7924235,0.7503042,0.90080154,0.6765258,0.78255445,0.72220874,0.25754386,0.85098004,0.23370577,0.75607175,0.8135928,0.79602844,0.57965404,0.7774247,0.7539489,0.74444586,0.8260001,0.76147157,0.76956284,0.79554427,0.73342484,0.6990105,0.78015447,0.74821144,0.75117826,0.76064044,0.7507391,0.7866123,0.76045436,0.87147784,0.73260236,0.84440184,0.74235326,0.7415487,0.7196506,0.7518479,0.7770183,0.6028918,0.91389185,0.8881228,0.7754021,0.6263381,0.45312467,0.8326266,0.80620694,0.7284663,0.8807049,0.7363453,0.6011992,0.645265,0.70662063,0.81117815,0.6928424,0.84045255,0.82657033,0.7518479,0.6096264,0.73035645,0.704051,0.7363986
annabellemovie,0.9852581,0.9520839,0.9556675,0.8992741,0.9575999,0.85323274,0.9788802,0.9872493,0.9742111,0.95570767,0.96458966,0.78645456,1.0,0.9694059,0.95791113,0.9607009,0.9600803,0.9612985,0.9628128,0.9600132,0.939338,0.86653376,0.97039914,0.96330595,0.9453808,0.20791247,0.8418743,0.9678925,0.95776784,0.94094163,0.96743995,0.94206727,0.93255323,0.91532785,0.55022067,0.39435327,0.97313327,0.97115535,0.9658924,0.9587523,0.97991097,0.95330244,0.8457571,0.95140696,0.9785301,0.9027314,0.97009975,0.97550434,0.91639507,0.9678605,0.96360123,0.97892636,0.9320059,0.9277521,0.9104319,0.96380955,0.9315595,0.9613439,0.9735442,0.9521286,0.9691285,0.95287156,0.97481287,0.9850207,0.9388956,0.84082955,0.88859534,0.96837187,0.9707081,0.7875159,0.9631375,0.2331644,0.8672061,0.9750125,0.7539639,0.9087193,0.44621453,0.98042506,0.97953445,0.9113687,0.87598014,0.96973723,0.96781147,0.8547397,0.9519794,0.9609257,0.88313496,0.9845832,0.8814248,0.9778198,0.94021523,0.9631375,0.91723657,0.97277975,0.9405492,0.9491238,0.9818217,0.96796185,0.9607503,0.9131636,0.8989203,0.9591896,0.90302813,0.9678956,0.9155397,0.9649024,0.9730629,0.9393641,0.9203168,0.82965827,0.9727073,0.38156644,0.946843,0.35408038,0.9303095,0.98332846,0.9866375,0.7844855,0.9680219,0.9752373,0.95056707,0.98947597,0.97232896,0.89315045,0.98032475,0.9712964,0.95498,0.89828825,0.91268605,0.71401143,0.9489859,0.90934813,0.97021043,0.75042,0.9399805,0.9586969,0.961138,0.9492349,0.9624357,0.895117,0.9742111,0.92900836,0.8934816,0.81080025,0.92146754,0.9568631,0.90454775,0.72227323,0.9437528,0.9758856,0.9752007,0.95101273,0.9649661,0.85839415,0.8739564,0.9499097,0.9727095,0.9165771,0.9728552,0.949099,0.9742111,0.88140726,0.9629074,0.9664633,0.9250358
annamovie,0.9775938,0.9461701,0.9796709,0.8948942,0.9781828,0.8624417,0.9898459,0.97579914,0.99329513,0.9774565,0.9595955,0.7529628,0.9694059,1.0,0.987715,0.95443255,0.9850002,0.9793722,0.96715444,0.9862934,0.9712016,0.87493795,0.9881616,0.9885698,0.97600543,0.3312747,0.86922026,0.9675571,0.9848911,0.97060347,0.97706085,0.96448064,0.9298908,0.8815374,0.6432423,0.49060658,0.985546,0.9332703,0.97944856,0.943194,0.965098,0.9400336,0.82691205,0.9431682,0.9928656,0.9068231,0.9862419,0.98805344,0.9325043,0.9599212,0.9810405,0.9936871,0.8797405,0.90930575,0.88362145,0.9754361,0.9392237,0.95855856,0.9721482,0.9829133,0.9681689,0.9784028,0.96216893,0.9812483,0.9476909,0.85030097,0.9617969,0.9875952,0.9610491,0.8142955,0.98818326,0.36318898,0.90711427,0.98597395,0.77741104,0.9385375,0.5115113,0.9732317,0.98367447,0.9045857,0.861274,0.95589167,0.98203814,0.8978252,0.9238009,0.97671324,0.91455305,0.9849182,0.912673,0.98673457,0.95255595,0.98818326,0.87255,0.9761492,0.9439316,0.9783752,0.9612827,0.9870839,0.9853435,0.9142646,0.8890658,0.9622812,0.92689437,0.9800512,0.9462351,0.9772946,0.98867774,0.89625275,0.9007625,0.8184212,0.9883566,0.47888416,0.9631538,0.4347416,0.9565039,0.9762946,0.985035,0.80989677,0.98869145,0.9914378,0.9692571,0.9786833,0.9901437,0.8813037,0.981451,0.98870987,0.96888286,0.8790204,0.94699347,0.7231134,0.97541094,0.95616895,0.9826028,0.78048354,0.9437411,0.98571986,0.93798655,0.9556488,0.98925227,0.9308661,0.99329513,0.9398271,0.86418647,0.7658809,0.9212108,0.9780928,0.9084953,0.7878592,0.92169356,0.9734202,0.97394484,0.9346248,0.98298717,0.90490985,0.9157308,0.98057926,0.9815131,0.9678341,0.9616777,0.96276724,0.99329513,0.9024713,0.9942324,0.9880359,0.92580134
apollo11movie,0.95854133,0.92073935,0.985056,0.8522658,0.9844592,0.79062665,0.9860685,0.97270906,0.9941252,0.9708375,0.9518856,0.73201185,0.95791113,0.987715,1.0000001,0.9287203,0.9806671,0.9682655,0.9519179,0.9917918,0.9670353,0.82593364,0.9704834,0.9905692,0.96108115,0.2914883,0.85652673,0.93658644,0.98049307,0.9809953,0.9637276,0.9452715,0.90047127,0.84775525,0.60873646,0.46508476,0.9750491,0.90210646,0.96990085,0.9420076,0.96558064,0.9390164,0.80081195,0.95824516,0.9876717,0.85427725,0.9715888,0.9675536,0.9168428,0.9700223,0.96737224,0.983241,0.84452754,0.8729068,0.8465664,0.98308575,0.9085159,0.9426289,0.94731915,0.9757878,0.9748773,0.9524244,0.9485015,0.96354616,0.9024822,0.79642624,0.9528813,0.9795378,0.9651239,0.7483955,0.9850456,0.3310398,0.87619567,0.978845,0.72516173,0.94418204,0.45480034,0.9568392,0.96739364,0.866596,0.8629141,0.94329274,0.9871625,0.8852103,0.881197,0.9561775,0.87955344,0.98278934,0.86038125,0.98569614,0.92134196,0.9850456,0.85507333,0.9694732,0.90215373,0.9910015,0.9494883,0.9841826,0.9900008,0.8691399,0.8416181,0.93022966,0.94411665,0.96349704,0.90516084,0.95824486,0.99536705,0.8775399,0.8762858,0.7642743,0.9921081,0.43142322,0.9378464,0.4118918,0.9159398,0.95581573,0.9717133,0.7444018,0.99026734,0.99000925,0.98027015,0.9660807,0.98858374,0.827805,0.9809884,0.9871744,0.9316656,0.83802915,0.9418809,0.6304789,0.9798688,0.9551584,0.97039515,0.81321186,0.9190302,0.99320304,0.91399235,0.9186636,0.98363215,0.8738405,0.9941252,0.9196415,0.8477082,0.76580465,0.9022293,0.9672997,0.8762048,0.7403949,0.9247781,0.9711481,0.9639086,0.92884827,0.9666449,0.8889703,0.8952965,0.97207296,0.97355574,0.95737845,0.9453767,0.9355545,0.9941252,0.8759894,0.9910332,0.9864311,0.88178897
arcticdogsmovie,0.9619376,0.96004546,0.93970114,0.89683443,0.93383515,0.88522786,0.9576062,0.95349103,0.9500976,0.9446854,0.9620384,0.8346059,0.9607009,0.95443255,0.9287203,0.99999994,0.96212345,0.97167975,0.93565613,0.91524875,0.93022346,0.88131297,0.96403086,0.9376642,0.9590615,0.26150933,0.91605914,0.9673934,0.95060366,0.9177869,0.94595987,0.95559937,0.9194072,0.927007,0.5733859,0.42458132,0.9569517,0.9488063,0.92448854,0.92109793,0.923134,0.9369719,0.8638681,0.92230034,0.97175074,0.92698145,0.95447487,0.9619351,0.90338135,0.937994,0.96357733,0.96109354,0.9122026,0.9083941,0.8897329,0.9551764,0.9279551,0.9719918,0.95764685,0.93987954,0.9195141,0.9698141,0.97676045,0.9528421,0.9446308,0.884183,0.88738376,0.94853956,0.93009585,0.8222386,0.9372088,0.28148907,0.8895844,0.95323014,0.7367518,0.9152119,0.46208185,0.96590567,0.95801175,0.87943465,0.8549295,0.9403836,0.9343945,0.8391711,0.94662875,0.959281,0.9337494,0.9557335,0.90845174,0.9577173,0.94297874,0.9372088,0.9052359,0.94362664,0.96358806,0.92052084,0.97069657,0.93933886,0.94589055,0.8951589,0.8866935,0.9767778,0.9006971,0.93941426,0.9364702,0.9628306,0.94163805,0.91462725,0.9201242,0.86153126,0.9415277,0.4090938,0.9776011,0.38822374,0.9658162,0.97980785,0.9658309,0.8009288,0.9481916,0.9545801,0.9063452,0.9710421,0.959991,0.8792209,0.9620135,0.9415438,0.9311902,0.8954451,0.9086801,0.8020807,0.9272829,0.9179937,0.9657531,0.69654536,0.97325516,0.93722296,0.9490953,0.96402687,0.9430629,0.9301974,0.9500976,0.95805216,0.8381024,0.7723857,0.9200895,0.95414764,0.8831717,0.73441374,0.8831567,0.94483894,0.9437923,0.9450911,0.9542034,0.8920806,0.87552685,0.93470037,0.95911574,0.91730005,0.953955,0.9670279,0.9500976,0.87267894,0.9450409,0.9359535,0.92372763
arcticmovie,0.95967823,0.9323666,0.980521,0.8793855,0.97375214,0.82190436,0.9833797,0.97551656,0.9860231,0.9593267,0.97483605,0.7941339,0.9600803,0.9850002,0.9806671,0.96212345,1.0000002,0.99007833,0.9290333,0.9665088,0.979166,0.8280484,0.9764938,0.9778516,0.96655226,0.33259892,0.8616447,0.9690281,0.9675849,0.97674555,0.96088576,0.9465595,0.90857255,0.8833935,0.61248726,0.49316084,0.98293227,0.9024463,0.9493356,0.92855966,0.94794184,0.96431607,0.8723208,0.9615507,0.9878613,0.88739085,0.98287827,0.979625,0.9092926,0.9763526,0.97189015,0.97812027,0.8694387,0.8825944,0.85777676,0.9892018,0.93591404,0.98105794,0.95409405,0.97511935,0.9525917,0.9697488,0.96696526,0.9625832,0.9054862,0.8661339,0.9368018,0.96537983,0.94705755,0.80668956,0.9754435,0.36587796,0.8996496,0.97544366,0.73178506,0.94954395,0.4995586,0.9797172,0.97969306,0.85766554,0.89184654,0.95141506,0.9801075,0.87956995,0.9080693,0.9607554,0.92951983,0.9776834,0.88445044,0.9809288,0.9320495,0.9754435,0.87797624,0.97116,0.92947966,0.97646356,0.95815724,0.9681234,0.99170756,0.8791517,0.8757976,0.9526576,0.92972845,0.9614617,0.90669113,0.9661738,0.97895575,0.91103536,0.86322963,0.79683983,0.97329277,0.45398375,0.9756922,0.44504347,0.94620943,0.9787606,0.9749665,0.7698046,0.98695177,0.9810989,0.95527726,0.97964185,0.9812821,0.8295633,0.98484993,0.97908914,0.9309728,0.8466081,0.95241916,0.71941847,0.9830463,0.97329587,0.9944826,0.81265175,0.96699363,0.97928685,0.9355414,0.9413595,0.9767997,0.90652984,0.9860231,0.92955434,0.8564541,0.800232,0.92400205,0.9770857,0.8942397,0.73095715,0.91758263,0.96771926,0.9519284,0.9534637,0.9700847,0.88963413,0.90595275,0.9614086,0.9807732,0.9522986,0.964096,0.96270335,0.9860231,0.8571248,0.98303294,0.9701707,0.8957871
artofracingmovie,0.96415895,0.93728447,0.9696756,0.90614337,0.9708243,0.84923285,0.97802204,0.9707786,0.9813909,0.9573501,0.98002857,0.79842293,0.9612985,0.9793722,0.9682655,0.97167975,0.99007833,1.0,0.93494046,0.9561621,0.9664378,0.86044,0.9810788,0.973542,0.96575916,0.32507136,0.88233924,0.96790856,0.9658319,0.95892316,0.9641507,0.9576932,0.9200294,0.9025518,0.6193721,0.48866552,0.98331934,0.91919965,0.9446327,0.92909557,0.9405268,0.9599178,0.888401,0.94930995,0.98732954,0.9138532,0.98332566,0.9850563,0.9012917,0.9691551,0.97682184,0.9797059,0.88414025,0.9012746,0.8945899,0.9848764,0.94220364,0.9799994,0.96515185,0.96908283,0.93560207,0.97082496,0.9643264,0.96433055,0.9279508,0.8727325,0.93051565,0.9649879,0.95559824,0.82010686,0.970369,0.35613042,0.8985483,0.97429246,0.7556428,0.93179154,0.50433075,0.9805002,0.9773269,0.8572134,0.8862844,0.9476546,0.96950614,0.89433444,0.9316452,0.95129424,0.9348389,0.9656705,0.8853354,0.97673494,0.92220277,0.970369,0.87713456,0.9641717,0.9443011,0.960014,0.96992254,0.96798974,0.9791423,0.8945999,0.90252143,0.96342885,0.91835564,0.95795196,0.9139413,0.97414106,0.97553355,0.9124206,0.8781555,0.8304862,0.9654917,0.44978324,0.973127,0.4387204,0.95299196,0.98062277,0.97542894,0.7998661,0.98480725,0.97418994,0.93846184,0.9742457,0.98171306,0.84351766,0.9791841,0.9713453,0.93679947,0.8805217,0.9560909,0.76502836,0.9697382,0.9759625,0.9874651,0.79618543,0.96421343,0.9642468,0.9372409,0.96135396,0.9721213,0.92903996,0.9813909,0.9469478,0.8699143,0.78601557,0.921773,0.98614,0.9024821,0.74929947,0.91589636,0.95515186,0.94966424,0.9538014,0.9723317,0.9108121,0.9175471,0.9608143,0.9751648,0.94375247,0.9620497,0.9564778,0.9813909,0.87881726,0.9783216,0.9654948,0.9213645
avengers,0.9767312,0.9610356,0.9401397,0.87627584,0.93601805,0.87624484,0.9592255,0.9384965,0.9599343,0.970573,0.9105288,0.68821704,0.9628128,0.96715444,0.9519179,0.93565613,0.9290333,0.93494046,1.0000001,0.9635224,0.9041827,0.9009579,0.95573795,0.9540608,0.9490668,0.25996804,0.8712583,0.93706024,0.9695674,0.91934144,0.97408706,0.9639099,0.914606,0.8737747,0.5946652,0.4185268,0.94000876,0.96242225,0.96171254,0.9474972,0.9585036,0.8854393,0.7445161,0.89939487,0.96461475,0.9098861,0.93776506,0.9490998,0.916101,0.91517806,0.9559148,0.9738929,0.9133255,0.9431849,0.890126,0.92886716,0.89050996,0.9007011,0.96449286,0.93782455,0.9543045,0.9547134,0.93425465,0.9659759,0.9617568,0.7695319,0.91881764,0.97863173,0.9619581,0.7626061,0.9512919,0.28251234,0.8541481,0.9666587,0.7623706,0.88875675,0.44778514,0.9479082,0.9559499,0.9545384,0.8013285,0.9248905,0.942086,0.8461405,0.91692156,0.95762503,0.84697914,0.9615337,0.88586754,0.9573014,0.9314353,0.9512919,0.8947277,0.95527774,0.9293963,0.93502486,0.9585137,0.9651286,0.93287426,0.90520877,0.87054574,0.9571331,0.8984189,0.9592037,0.95541847,0.9559268,0.9646852,0.8673196,0.9489982,0.8489751,0.9673175,0.42940405,0.90986836,0.36300272,0.924613,0.9526653,0.9654186,0.79792434,0.9501444,0.9649432,0.93673193,0.9444404,0.9700654,0.9085337,0.9513208,0.9543588,0.9698631,0.9078977,0.8813457,0.68960994,0.9167208,0.88035524,0.9382719,0.6828655,0.8867437,0.9531114,0.9214409,0.9448958,0.9492908,0.9050774,0.9599343,0.94406265,0.85174596,0.70677525,0.8833102,0.95729613,0.89851904,0.791212,0.89069533,0.9379818,0.969001,0.9032983,0.95877534,0.88522935,0.8527984,0.9610474,0.9458418,0.92305404,0.92625105,0.90867937,0.9599343,0.9215279,0.959142,0.96607465,0.9262889
beachbummovie,0.9696673,0.92739034,0.98279667,0.8477553,0.9739395,0.82502925,0.9837781,0.97192234,0.9913858,0.98267275,0.9427499,0.7190654,0.9600132,0.9862934,0.9917918,0.91524875,0.9665088,0.9561621,0.9635224,1.0,0.9586532,0.853758,0.9703891,0.9930081,0.9541434,0.29241937,0.8294523,0.94283473,0.97878426,0.9799104,0.96914977,0.9473066,0.8941032,0.84872186,0.6013394,0.4514745,0.9745867,0.90579766,0.97962826,0.9482422,0.9753192,0.9224923,0.7879672,0.94320834,0.9787905,0.8715131,0.9688725,0.96622986,0.9067771,0.956636,0.9695825,0.985424,0.87291425,0.8998818,0.8473853,0.9716986,0.91217506,0.92776513,0.9512801,0.9788061,0.98423755,0.958464,0.9456076,0.97353834,0.914225,0.783158,0.95937425,0.98310757,0.9619157,0.7575769,0.98868483,0.32874602,0.8693697,0.9858078,0.7469338,0.91420156,0.46132684,0.9486998,0.9707932,0.90400445,0.8651209,0.9355727,0.9865514,0.87257123,0.89005303,0.95280063,0.85953575,0.983669,0.8748994,0.98372406,0.93116474,0.98868483,0.8659706,0.97049856,0.9158739,0.9859236,0.9451556,0.9842799,0.97782546,0.8782501,0.8555886,0.93616104,0.9290604,0.9771456,0.92067856,0.96497416,0.9936292,0.8824063,0.8827088,0.7984874,0.9894247,0.44063452,0.92906654,0.39677086,0.9179962,0.9562834,0.97891605,0.76411194,0.9881566,0.9882387,0.98383194,0.96414196,0.9837759,0.8657429,0.97711337,0.9873514,0.9520574,0.8739534,0.9208128,0.6381168,0.97525525,0.93318546,0.9646834,0.78723454,0.90858614,0.9886148,0.92763966,0.9215371,0.9853223,0.88567257,0.9913858,0.9280404,0.8458734,0.7662339,0.8926826,0.9679564,0.8863049,0.74705416,0.9308563,0.97394687,0.9696846,0.9215451,0.9750175,0.8613594,0.8934968,0.97809076,0.9739623,0.95950127,0.9484951,0.9334327,0.9913858,0.88347965,0.98958176,0.98749226,0.90480435
bernadettefilm,0.94007176,0.8876369,0.9639371,0.87887067,0.9753031,0.8176928,0.96835834,0.95889294,0.9787865,0.949675,0.9482592,0.74160385,0.939338,0.9712016,0.9670353,0.93022346,0.979166,0.9664378,0.9041827,0.9586532,1.0,0.8364866,0.9620384,0.973909,0.969453,0.40040222,0.8149865,0.94822353,0.9603377,0.9724391,0.9460481,0.9138577,0.91959673,0.82929826,0.6732052,0.55309206,0.97290444,0.86763126,0.96378917,0.8905971,0.92577386,0.9328803,0.8435908,0.92132515,0.9712808,0.88473344,0.9726719,0.96902037,0.93483967,0.9471978,0.9665205,0.96281475,0.8309266,0.8587643,0.83193153,0.9716611,0.93493396,0.95167184,0.946413,0.98583704,0.9453775,0.95373774,0.9431334,0.933292,0.89543325,0.87295884,0.9492228,0.9514888,0.9072167,0.8060103,0.9847852,0.4340273,0.92617047,0.95557195,0.78385675,0.9378658,0.5700918,0.9501225,0.9757327,0.82956266,0.8281428,0.94481534,0.96057874,0.9047779,0.8932926,0.9548915,0.9098736,0.9661316,0.89535624,0.9742307,0.9256583,0.9847852,0.8393671,0.9516587,0.9239023,0.95960987,0.9239337,0.9539456,0.97417504,0.8778529,0.86831695,0.9380584,0.91500795,0.97074896,0.8811941,0.9566998,0.96456707,0.8506308,0.85065275,0.7417058,0.9719759,0.5239574,0.9481475,0.5125404,0.94914025,0.96367866,0.9622017,0.7900788,0.9707097,0.96581805,0.9513091,0.96224153,0.9649196,0.8238834,0.96056044,0.9826709,0.9378704,0.83749515,0.96011823,0.68586284,0.9905985,0.97132546,0.9756444,0.7649213,0.9303387,0.97359955,0.9174083,0.9213237,0.9855797,0.9060667,0.9787865,0.9079977,0.86647093,0.7266221,0.86871296,0.94653594,0.8874022,0.75636137,0.87610805,0.96271443,0.93413585,0.90311456,0.97453177,0.864829,0.95003444,0.9751793,0.95931107,0.9761918,0.9288832,0.9579552,0.9787865,0.8522348,0.97997224,0.9723302,0.9101673
