movie,21bridgesmovie,47metersdown,abeautifuldaymovie,abominablemovie,adastramovie,adogsjourneymovie,aftermathmovie,aftermovie,ahiddenlifefilm,alitamovie,angelhasfallen,angrybirdsmovie,annabellemovie,annamovie,apollo11movie,arcticdogsmovie,arcticmovie,artofracingmovie,avengers,beachbummovie,bernadettefilm,blackandbluemovie,blackchristmas,blindedbythelightmovie,bombshellmovie,booksmart,breakthroughmovie,brianbanksmovie,brightburnmovie,brittanyrunsmov,captainmarvelofficial,captivestatemovie,catsmovie,charliesangels,childsplaymovie,clarathefilm,coldpursuitmovie,countdown,currentwarmovie,darkwatersmovie,detectivepikachumovie,disneyaladdin,disneyfrozen,disneymaleficent,doctorsleepmovie,dolemiteismyname,dontletgomovie,doramovie,downtonabbey_official,dumbo,escaperoom,everybodyknowsmovie,fastandfuriousmovie,fightingwmyfam,fivefeetapartfilm,fordvferrari,freaksthefilm,geminimanmovie,glassmovie,gloriabellmovie,godzillamovie,goldfinchmovie,goodboysmovie,goodliarmovie,gretafilm,halathemovie,happydeathdaymovie,harrietfilm,hellboymovie,hersmellmovie,highlifemovie,highstrungmovie,honeyboymovie,hotelmumbaifilm,httydragon,hustlemovie,hustlersmovie,isntitromantic,itmovieofficial,jayandsilentbob,johnwickmovie,jojorabbitmovie,jokermovie,judythefilm,jumanjimovie,justmercyfilm,knivesout,lalloronamovie,lastblackmansf,lastchristmasthemovie,latenightmovie,lighthousemovie,lionking,littlethemovie,littlewomenmovie,littlewoodsfilm,longshotmovie,lordsofchaosmovie,lucyintheskyfilm,mamovie2019,marriagestory,meettheaddams,meninblack,midsommarmovie,midwaymovie,missbalamovie,missinglinkfilm,motherlessbklyn,onceinhollywood,onthebasisofsex,overcomermovie,peanutbutterfalcon,petsematarymovie,piercingmovie,playingwithfire,playmobilthemovie,pomsmovie,queenandslim,rambomovie,readyornotfilm,richardjewellfilm,rocketmanmovie,scarystoriesmovie,secretlifeofpets,serenityfilm,shaftmovie,shazammovie,spidermanmovie,spiesindisguise,starwars,stormboymovie,stubermovie,taosdfilm,teenspiritmov,terminator,theaeronautsmov,thebestofenemies,thedeaddontdie,thefarewell,thehighwaymen,thehummingbirdprojectfilm,theintrudermovie,theirishmanfilm,thekitchenmovie,thelegomovie,themustangfilm,thenightingalefilm,theprodigymovie,thesunisalsoastar,theupsidefilm,tolkienmovie,toystory,triplefrontier,uglydolls,uncutgems,underthesilverlake,usmovie,wavesmovie,whatmenwant,wonderparkmovie,wrinklestheclown,xmenmovies,yardiefilm,yesterdaymovie,zombieland
21bridgesmovie,1.0,0.9314859,0.9767465,0.957892,0.9856101,0.9544939,0.9705015,0.9808308,0.9888817,0.9601766,0.9720904,0.9334208,0.9711787,0.96563125,0.9875992,0.96716017,0.972077,0.9710508,0.98791635,0.9655982,0.9578719,0.9799461,0.97711194,0.9890767,0.9613891,0.47712225,0.95543426,0.9751811,0.9497258,0.9758804,0.9754325,0.97603834,0.9490026,0.9291046,0.8713215,0.8751822,0.97067267,0.97411966,0.98080295,0.96445435,0.9485853,0.964344,0.9535657,0.97091466,0.97825587,0.9628692,0.9785878,0.9565146,0.9609761,0.9755094,0.9616772,0.98772043,0.97300524,0.9682873,0.9204156,0.9791698,0.94737923,0.97942644,0.98475987,0.9798067,0.9662341,0.9676342,0.97976696,0.98619944,0.97095454,0.97219807,0.96897537,0.98949564,0.96566457,0.9757403,0.9788336,0.29382226,0.96711326,0.97655356,0.93527675,0.96323836,0.669741,0.95674914,0.9775864,0.97234386,0.9779587,0.96291995,0.9782243,0.96510303,0.95469344,0.97825277,0.9414096,0.9774539,0.9756536,0.98361945,0.9791265,0.9788336,0.9577669,0.9681424,0.97414494,0.9884915,0.9613816,0.98243374,0.9545389,0.9492047,0.9645291,0.9595849,0.9628013,0.98625076,0.95883,0.95177263,0.9828466,0.98316807,0.9585516,0.94881,0.98529905,0.63446623,0.9699734,0.7003688,0.96608496,0.9822533,0.99577224,0.96901333,0.98431367,0.96704876,0.9550999,0.96729213,0.9579448,0.9388381,0.9829552,0.9771423,0.9764506,0.95142984,0.9744438,0.88007814,0.9656012,0.97749007,0.97042936,0.953957,0.977466,0.97850955,0.9863452,0.9767392,0.9773427,0.9585767,0.9888817,0.9688154,0.9806337,0.9591889,0.9402057,0.9780035,0.9490324,0.9401253,0.97559583,0.9727002,0.9702037,0.9800521,0.981312,0.8320839,0.94717926,0.9611223,0.96516335,0.9806159,0.96513057,0.9722953,0.9888817,0.9797499,0.97105443,0.96583295,0.9584785
47metersdown,0.9314859,1.0,0.9464558,0.90293694,0.9395462,0.9472267,0.9292948,0.93613344,0.9533655,0.9021739,0.90471643,0.8944628,0.94627416,0.9360631,0.9363694,0.96817404,0.95580924,0.93626106,0.9352974,0.9247192,0.9215188,0.9536596,0.9627735,0.92306423,0.9576309,0.46369347,0.9266757,0.92938215,0.9256873,0.9404063,0.90605134,0.96015185,0.9071165,0.8801966,0.7906402,0.8171305,0.9590123,0.9197956,0.94387186,0.9409566,0.93773556,0.91013116,0.9043097,0.9267381,0.9253017,0.9635118,0.9575341,0.94622433,0.9491974,0.92900604,0.93301016,0.9583703,0.94847035,0.93559396,0.89033365,0.91685987,0.9319111,0.9495005,0.8991478,0.9087978,0.967963,0.9018679,0.9332824,0.9567343,0.9590796,0.90499586,0.89297724,0.9411346,0.9144049,0.920752,0.91870517,0.2233874,0.89248955,0.9237557,0.8735263,0.8943593,0.57721895,0.9235513,0.93643546,0.9196662,0.9385896,0.9258577,0.92896104,0.9080705,0.8727835,0.92789507,0.90939146,0.9551825,0.931589,0.9223782,0.92212206,0.91870517,0.93103987,0.91894954,0.9461607,0.9276971,0.9320208,0.91739035,0.88922,0.94315016,0.9515852,0.9456802,0.9171826,0.937001,0.9152868,0.9360403,0.93419987,0.9196166,0.9465602,0.95183486,0.93856615,0.5222105,0.92628545,0.6201479,0.98175675,0.91691196,0.93611735,0.95014817,0.94470423,0.9220571,0.91679275,0.97234404,0.93197954,0.91384315,0.93784386,0.8954413,0.95446897,0.91054034,0.9136892,0.82301944,0.93115145,0.92317617,0.93802476,0.9093696,0.9550425,0.92743665,0.9244733,0.959447,0.9093106,0.9478222,0.9533655,0.95559627,0.93169475,0.9027116,0.9004922,0.9458924,0.8802679,0.8780984,0.9214549,0.8851742,0.92750555,0.9221523,0.91225654,0.7517929,0.91546565,0.90160173,0.9304677,0.9268323,0.9244437,0.93921924,0.9533655,0.9355366,0.9547813,0.96239835,0.9442205
abeautifuldaymovie,0.9767465,0.9464558,1.0000002,0.97112334,0.9817234,0.97355586,0.9744844,0.986997,0.9905329,0.9529275,0.9764158,0.9495076,0.9808276,0.9905131,0.97243667,0.9707773,0.9643258,0.98253685,0.9814422,0.94792604,0.97108614,0.9942404,0.9846161,0.9652379,0.977843,0.4317295,0.9491058,0.96699333,0.9782586,0.9675242,0.9796816,0.96270394,0.9736515,0.95387983,0.89302677,0.9122664,0.9784979,0.98319983,0.98306316,0.96003616,0.94276357,0.97398096,0.973689,0.98427564,0.97152925,0.97426987,0.9877764,0.9808124,0.97379243,0.9860153,0.9867208,0.98164517,0.9860599,0.9647327,0.9377397,0.9732213,0.9662936,0.98000544,0.96610177,0.96801215,0.9798757,0.9476491,0.98640215,0.99036086,0.974446,0.94644827,0.9629532,0.979094,0.9552621,0.97542495,0.9718606,0.24653666,0.9697704,0.9697188,0.9616014,0.9608755,0.6283184,0.96283454,0.97434664,0.9735173,0.97997767,0.9697027,0.9748239,0.9670993,0.9766287,0.9707433,0.9470812,0.96630573,0.97370046,0.97710526,0.9626134,0.9718606,0.9692743,0.9593184,0.9933357,0.9831394,0.9831393,0.977246,0.9450828,0.96436626,0.9816325,0.9819151,0.94476646,0.9781028,0.9761306,0.97962093,0.9682404,0.9641284,0.9847256,0.93693244,0.9794588,0.6349321,0.9640673,0.712779,0.96620166,0.98425436,0.98512715,0.966317,0.9741388,0.9669612,0.94351894,0.9788941,0.97568923,0.9769915,0.984464,0.96686256,0.974028,0.979459,0.97446316,0.8760929,0.9829426,0.9786536,0.9645344,0.9674553,0.98044544,0.9669962,0.9839867,0.96619856,0.97550243,0.96210444,0.9905329,0.9899009,0.9772241,0.9471529,0.9551249,0.9563829,0.9391705,0.9413279,0.9466761,0.949531,0.9741451,0.9864165,0.96815705,0.75142723,0.9481387,0.95458925,0.984175,0.974277,0.96502763,0.97403115,0.9905329,0.9806818,0.98906016,0.98655766,0.988709
abominablemovie,0.957892,0.90293694,0.97112334,0.9999999,0.9583129,0.9430862,0.9548018,0.97775966,0.9708004,0.92943877,0.9717498,0.9110318,0.9732147,0.9622754,0.9409881,0.9557571,0.94179744,0.9508543,0.9439507,0.92368484,0.9340736,0.97175443,0.96875924,0.95272917,0.9469969,0.5032919,0.908536,0.95942783,0.9392295,0.93015444,0.9547226,0.9437948,0.94897956,0.93748647,0.9119555,0.9200758,0.9605914,0.9856147,0.9575296,0.931954,0.9184883,0.9714626,0.9631506,0.96403384,0.956051,0.9389505,0.9704622,0.9518585,0.9523085,0.968468,0.9428817,0.9482759,0.96404094,0.9544816,0.95511585,0.9434578,0.9601232,0.97224385,0.9599423,0.94606304,0.93434864,0.9422839,0.9795027,0.9649101,0.9456867,0.94157964,0.9516497,0.9587742,0.93057805,0.9728336,0.9529203,0.26169747,0.9316218,0.9597435,0.96516186,0.9620611,0.70913076,0.94907504,0.956764,0.9449182,0.9426748,0.971253,0.94998676,0.9356812,0.9518753,0.96046776,0.94225305,0.9445343,0.9636337,0.962858,0.94592744,0.9529203,0.9368798,0.9419349,0.9613981,0.9576075,0.94700885,0.97744286,0.9386111,0.9392562,0.94977206,0.9539767,0.8852218,0.95784545,0.9583718,0.93681943,0.951261,0.9502621,0.9702991,0.9343421,0.96829,0.7059747,0.9405681,0.78834814,0.92566717,0.96073955,0.9697858,0.9508579,0.95518607,0.95735353,0.9315088,0.9582464,0.9621262,0.949125,0.9616048,0.952998,0.9485466,0.9322238,0.95979005,0.8762121,0.963998,0.9460583,0.9471222,0.94837296,0.95438576,0.93316656,0.9591633,0.9330032,0.953297,0.9292395,0.9708004,0.95664084,0.96067715,0.930625,0.9261223,0.92697364,0.94700724,0.96737254,0.9375016,0.9094025,0.9515148,0.96824485,0.9415663,0.711144,0.93000144,0.9488074,0.9664257,0.96050525,0.9444801,0.9506272,0.9708004,0.9533047,0.96316874,0.9602229,0.9435266
adastramovie,0.9856101,0.9395462,0.9817234,0.9583129,0.9999999,0.9362146,0.9618207,0.9884756,0.9895369,0.9718312,0.97517174,0.9247744,0.9808006,0.974053,0.9904819,0.97787726,0.9714734,0.98618156,0.9716191,0.9729961,0.9594505,0.9784279,0.97071856,0.99091005,0.9671415,0.5378329,0.95459247,0.9675714,0.9447295,0.9793312,0.9766608,0.96342236,0.95286095,0.9357786,0.88767725,0.88962436,0.98335856,0.9712689,0.98357505,0.9569358,0.947711,0.9732837,0.96208316,0.9754651,0.98098284,0.96531004,0.9726733,0.96281445,0.94484353,0.98104024,0.9603281,0.98022497,0.97366226,0.9696537,0.91846544,0.9821626,0.962908,0.9828355,0.97908574,0.9719834,0.97080755,0.9566614,0.9866248,0.97647095,0.9751876,0.9607025,0.97110724,0.975025,0.97604465,0.9726473,0.9764426,0.32579285,0.95611846,0.98404497,0.9471225,0.9508614,0.6901788,0.95631737,0.97828615,0.96714485,0.98220134,0.95847917,0.97265935,0.9585464,0.9639108,0.98023045,0.94906574,0.9844861,0.97980154,0.9750489,0.96400535,0.9764426,0.9727735,0.96534204,0.97950166,0.9798585,0.966602,0.9740215,0.93403745,0.96299154,0.96647024,0.9661109,0.95212257,0.9798649,0.9770778,0.9541461,0.9768835,0.9677326,0.961576,0.93551123,0.98519766,0.6471666,0.95944643,0.7238906,0.96368635,0.98371214,0.9893416,0.9613167,0.9894694,0.95687956,0.95388407,0.9665622,0.95882523,0.92532814,0.9889697,0.97667956,0.98550034,0.9635682,0.9935693,0.8877077,0.9659456,0.9909172,0.96864676,0.9617554,0.9746878,0.97928494,0.9821782,0.9590768,0.9771634,0.9643549,0.9895369,0.9640959,0.9738005,0.9401485,0.92049026,0.96827006,0.95166093,0.9475891,0.95964175,0.96531254,0.96092314,0.9884377,0.968013,0.8265042,0.9468436,0.9627954,0.966227,0.9755298,0.96502703,0.9683443,0.9895369,0.9877497,0.96954113,0.96208197,0.9645032
adogsjourneymovie,0.9544939,0.9472267,0.97355586,0.9430862,0.9362146,1.0,0.9569786,0.9541261,0.96370685,0.9024994,0.92850006,0.9244163,0.9445205,0.9635149,0.93269306,0.94260424,0.9334915,0.93519855,0.9672153,0.908964,0.9419586,0.9715499,0.9837207,0.92117316,0.966492,0.30788955,0.9023473,0.95564574,0.96424586,0.94003356,0.9393602,0.95534885,0.96604043,0.9145129,0.86306244,0.8767914,0.94167584,0.9508414,0.9616933,0.945064,0.9284865,0.9138353,0.93584454,0.93576163,0.93521935,0.95649546,0.9820515,0.96527445,0.9792304,0.93826365,0.96366626,0.96236354,0.964225,0.9285099,0.915146,0.9394552,0.93270844,0.942134,0.9192438,0.9441551,0.95848167,0.92806834,0.9499898,0.9802558,0.9563692,0.90685123,0.9342499,0.96514606,0.8855486,0.949372,0.9465641,0.16272675,0.9390919,0.9368811,0.9330234,0.9243996,0.57972217,0.94534665,0.9391772,0.9348588,0.93661207,0.94992095,0.9551242,0.94790685,0.9191355,0.93221134,0.8858934,0.93426985,0.94697183,0.95485634,0.94884807,0.9465641,0.9417694,0.9350694,0.9616397,0.95374113,0.9415586,0.95800793,0.9364966,0.96025485,0.9521904,0.9596623,0.91740483,0.9566202,0.91921395,0.9545962,0.93845123,0.94601613,0.97039807,0.94705456,0.94214714,0.6240031,0.9533809,0.6861511,0.9624779,0.94697624,0.954565,0.9693596,0.9347904,0.95360565,0.9337383,0.966978,0.9508546,0.9846313,0.9476031,0.928905,0.94190615,0.936157,0.9114183,0.8107727,0.966802,0.92777354,0.94778615,0.9235341,0.95931125,0.9439119,0.9559275,0.97192264,0.9432217,0.9238968,0.96370685,0.9735016,0.94320923,0.94245,0.96810865,0.9379218,0.9088252,0.9157694,0.94132596,0.9027887,0.9585575,0.94164264,0.93020105,0.6845118,0.91417754,0.9284409,0.97413653,0.9605083,0.94026726,0.9574677,0.96370685,0.9423707,0.9852152,0.98518735,0.95958203
aftermathmovie,0.9705015,0.9292948,0.9744844,0.9548018,0.9618207,0.9569786,0.9999999,0.97601223,0.9784837,0.92841846,0.94442093,0.9050815,0.96864104,0.96702194,0.9630969,0.9637003,0.9606471,0.95354325,0.96221215,0.94902986,0.9539434,0.97311443,0.9671834,0.95687973,0.9675235,0.4341784,0.93658525,0.96472925,0.95195085,0.9603958,0.9501463,0.97138125,0.94965696,0.9267485,0.8631486,0.8813575,0.9698281,0.96230936,0.9837782,0.96070796,0.9291247,0.95046663,0.9600709,0.9600751,0.97278243,0.95982236,0.9693734,0.95957804,0.9642023,0.9629896,0.95408684,0.9718224,0.97828686,0.9391225,0.90734804,0.9670578,0.9265713,0.9680698,0.97137445,0.9641242,0.9683183,0.96046686,0.972001,0.98221785,0.9601853,0.961054,0.94710034,0.97035706,0.9469842,0.95456135,0.96560943,0.30051184,0.97085536,0.9584359,0.91426665,0.97420186,0.65843934,0.972093,0.97219527,0.9585782,0.960581,0.9886122,0.96655375,0.9417562,0.94312865,0.96618074,0.93619394,0.96693724,0.9567398,0.95435464,0.9783349,0.96560943,0.94824564,0.9597477,0.9645819,0.97488934,0.95653564,0.97752136,0.9851445,0.9412993,0.9630855,0.97428066,0.9366872,0.9710228,0.9479877,0.947212,0.953853,0.972653,0.9480593,0.9615299,0.9786039,0.6486292,0.9758119,0.69200015,0.9707236,0.96727866,0.96960485,0.9556967,0.96453154,0.99564874,0.94407934,0.9648437,0.9369788,0.9548294,0.9703239,0.9660295,0.961214,0.92988026,0.95330584,0.8295941,0.9624296,0.96643925,0.9740287,0.9415784,0.9811281,0.96066177,0.964107,0.962572,0.9611009,0.9473365,0.9784837,0.9670568,0.96218574,0.9696922,0.9477418,0.9598487,0.9239906,0.92329746,0.9626697,0.95039546,0.9974607,0.96326005,0.9712375,0.770894,0.96290636,0.93717426,0.96078384,0.9712104,0.96764016,0.98377144,0.9784837,0.9715038,0.966533,0.9642417,0.95337504
aftermovie,0.9808308,0.93613344,0.986997,0.97775966,0.9884756,0.9541261,0.97601223,0.9999999,0.99434686,0.97041196,0.9783047,0.9067035,0.98890036,0.9860711,0.9810857,0.9813325,0.9737167,0.97969466,0.9720122,0.966026,0.9682163,0.9809437,0.97830045,0.9839072,0.97752875,0.52192277,0.92995024,0.9845519,0.95662564,0.96275455,0.98271334,0.96951306,0.96249396,0.9442195,0.8961698,0.905801,0.98724085,0.9854099,0.9908615,0.9640976,0.95769954,0.9766456,0.9759024,0.971719,0.9816661,0.9640588,0.97837245,0.97280014,0.9643935,0.9789309,0.96229875,0.97722065,0.9723543,0.9652325,0.9440198,0.98030096,0.9543512,0.9899034,0.9826326,0.98345244,0.97287,0.9669596,0.9922773,0.98655343,0.98273206,0.95323455,0.9749553,0.9712264,0.9613525,0.9701602,0.9890936,0.32123554,0.9570955,0.99120677,0.9611829,0.96564615,0.7031511,0.98274326,0.9873626,0.95928323,0.9778866,0.97458637,0.9833691,0.95453143,0.9616317,0.9843028,0.95625687,0.98005754,0.9890298,0.9754463,0.9654617,0.9890936,0.9773973,0.97956896,0.979253,0.97957003,0.9584574,0.98610073,0.9568912,0.97419906,0.961698,0.97998303,0.9301542,0.9878286,0.9835106,0.9568502,0.9733944,0.9751947,0.96997714,0.9463878,0.9891525,0.6783944,0.97384614,0.7430842,0.9661732,0.98840356,0.9872494,0.96570283,0.98690724,0.9719627,0.96757126,0.97984904,0.97156507,0.9493323,0.99086624,0.9863919,0.9862344,0.95259637,0.9833374,0.88242996,0.983264,0.9758509,0.9835552,0.9672362,0.9848853,0.9730098,0.9760819,0.9633507,0.98717195,0.9464763,0.99434686,0.967655,0.9689825,0.9577566,0.9465803,0.97250164,0.96766645,0.959698,0.97090244,0.9528855,0.97190744,0.9895249,0.9607438,0.7606967,0.9664334,0.9795373,0.9780732,0.9846371,0.98251444,0.9852259,0.99434686,0.98113066,0.9766641,0.97109455,0.9666644
ahiddenlifefilm,0.9888817,0.9533655,0.9905329,0.9708004,0.9895369,0.96370685,0.9784837,0.99434686,1.0,0.97018,0.9823184,0.9313569,0.990478,0.98514783,0.9871742,0.9871875,0.983005,0.9830229,0.9835042,0.96413714,0.9745896,0.9905442,0.98593545,0.9845826,0.9782766,0.5058215,0.95261896,0.98587465,0.9684539,0.9733116,0.9824178,0.9821896,0.96088713,0.94645983,0.88835496,0.9020842,0.9901584,0.9863502,0.9899499,0.9737689,0.96420693,0.9795004,0.9710587,0.9823001,0.98081136,0.9772845,0.98767275,0.97840613,0.97692156,0.98626643,0.9757723,0.9913963,0.9812877,0.9779469,0.949179,0.98238736,0.96473044,0.99169767,0.9818937,0.9811861,0.98287565,0.9648832,0.99378985,0.99385107,0.9863266,0.96432626,0.97215223,0.9859752,0.96803176,0.9753644,0.98677325,0.28781942,0.9616669,0.98678285,0.9544118,0.9656022,0.66670096,0.97547066,0.9900472,0.96920174,0.98650354,0.972552,0.98655874,0.964829,0.9631486,0.98467493,0.96269774,0.98721135,0.9893568,0.98764586,0.97215265,0.98677325,0.97316724,0.9791775,0.98819816,0.9895673,0.97254044,0.98351425,0.957762,0.9684368,0.9771523,0.9819965,0.9519353,0.9928327,0.98177284,0.9712726,0.9879761,0.9813216,0.9787329,0.95665216,0.9924536,0.6470094,0.97433746,0.72224975,0.975965,0.98982656,0.9937213,0.97611666,0.99403584,0.97433764,0.9629638,0.98629725,0.9805031,0.95637935,0.9935537,0.98205596,0.9892648,0.96490663,0.9815294,0.8948787,0.98695725,0.9792148,0.9828239,0.9671142,0.9895344,0.9776948,0.98410404,0.977537,0.98447365,0.96328044,1.0,0.9829518,0.9819437,0.95998365,0.95166343,0.9783873,0.96135545,0.9531809,0.9743762,0.95738465,0.9748848,0.9867846,0.971124,0.78986424,0.9650441,0.97443616,0.9776832,0.9853624,0.97774625,0.98329234,1.0,0.9840463,0.9843186,0.9825277,0.97880346
alitamovie,0.9601766,0.9021739,0.9529275,0.92943877,0.9718312,0.9024994,0.92841846,0.97041196,0.97018,1.0,0.9607106,0.8824201,0.9623834,0.94643724,0.96927595,0.95567816,0.9538775,0.96120375,0.94846946,0.9454515,0.95371544,0.94725156,0.93022335,0.9759316,0.92495584,0.564045,0.9215913,0.9677861,0.92443776,0.93288857,0.9642791,0.9470619,0.9091642,0.9195154,0.87214476,0.8515047,0.95786613,0.9556271,0.9563653,0.95018476,0.9491303,0.9602347,0.94003665,0.95532423,0.95562905,0.9408202,0.93428403,0.92570376,0.9290667,0.96292603,0.94094044,0.9577238,0.94135463,0.9655427,0.9226048,0.954215,0.93275213,0.9606603,0.9563083,0.95732796,0.9481426,0.92567873,0.96822464,0.95128936,0.95025444,0.92452925,0.94833255,0.9474924,0.9469928,0.9428328,0.9653946,0.32394096,0.9182781,0.983757,0.9337712,0.91765034,0.7155573,0.9481133,0.96243304,0.9317996,0.9678169,0.9109554,0.968346,0.9197745,0.95162964,0.96907663,0.95216393,0.9653899,0.9765266,0.95790863,0.9186404,0.9653946,0.9469411,0.9522497,0.9551517,0.9528571,0.9373887,0.94388485,0.92439795,0.9352002,0.93432695,0.9404793,0.91029507,0.9699533,0.9784484,0.9390252,0.96880794,0.9501227,0.9346188,0.9037166,0.9656392,0.65188766,0.9320259,0.7071858,0.9304331,0.9627604,0.96617234,0.93324006,0.9759988,0.92852443,0.9430096,0.9466756,0.9565645,0.8985856,0.9674782,0.9712643,0.96622455,0.9366808,0.97483784,0.894998,0.9625025,0.9526188,0.9531647,0.94447654,0.9452864,0.9482899,0.9531442,0.9264606,0.9657613,0.92783505,0.97018,0.93668157,0.9565435,0.9156895,0.89886636,0.94534284,0.93985516,0.93206364,0.9438448,0.948881,0.923173,0.9708071,0.93467677,0.7870721,0.92719454,0.9653209,0.92853487,0.9425713,0.94899285,0.9410114,0.97018,0.95792466,0.9350279,0.9285828,0.9458311
angelhasfallen,0.9720904,0.90471643,0.9764158,0.9717498,0.97517174,0.92850006,0.94442093,0.9783047,0.9823184,0.9607106,1.0000001,0.93012226,0.9777052,0.9667592,0.9717347,0.9620934,0.9628685,0.9641127,0.96659166,0.94233555,0.94667315,0.9770236,0.9597231,0.9715542,0.9517235,0.54133594,0.9351232,0.9640077,0.94614226,0.9395576,0.9798456,0.9462968,0.9338559,0.92955947,0.8902604,0.9105282,0.9629173,0.9826811,0.96075463,0.9305544,0.9531339,0.9887582,0.9741353,0.981796,0.97081393,0.9421008,0.96804786,0.9535412,0.9465453,0.9848023,0.9615578,0.9629129,0.95599216,0.9703609,0.9494819,0.9564227,0.966106,0.9819177,0.9751257,0.9667092,0.9599689,0.95642096,0.98648345,0.96956956,0.96146697,0.9618466,0.96721745,0.9664621,0.9678893,0.97856045,0.9715067,0.28021365,0.93689287,0.9682235,0.9698213,0.95556927,0.6691063,0.9418131,0.9786658,0.9636378,0.98201954,0.94197345,0.9751408,0.9419627,0.976485,0.9670498,0.96692723,0.9580106,0.9753386,0.9871675,0.95338285,0.9715067,0.9459232,0.9530735,0.97100306,0.9825923,0.96395755,0.9734123,0.9241793,0.9352424,0.95420945,0.9625952,0.9275879,0.9707008,0.9806283,0.9541274,0.979152,0.96834075,0.9715314,0.91003025,0.97689307,0.6516959,0.950558,0.74202627,0.92509985,0.9841327,0.9862702,0.95241284,0.98078036,0.94011366,0.9432038,0.9644333,0.97532284,0.9387681,0.975126,0.9644938,0.96964556,0.9654357,0.9798768,0.92957556,0.9679935,0.9669757,0.94988245,0.94940346,0.9633949,0.94277495,0.98149157,0.9382186,0.977754,0.93610704,0.9823184,0.96655107,0.9742819,0.940783,0.9191577,0.94143677,0.95838994,0.95150685,0.9482762,0.95157206,0.94210637,0.9869933,0.95521003,0.78002506,0.9516356,0.9673096,0.96134144,0.96863115,0.9494665,0.9563994,0.9823184,0.95847064,0.95530564,0.95593166,0.9667735
angrybirdsmovie,0.9334208,0.8944628,0.9495076,0.9110318,0.9247744,0.9244163,0.9050815,0.9067035,0.9313569,0.8824201,0.93012226,1.0,0.90866107,0.93218255,0.90801036,0.9043013,0.8934011,0.935683,0.94004923,0.8545513,0.9116948,0.9547239,0.93927467,0.90694654,0.90644234,0.36512545,0.9545129,0.8768059,0.9534901,0.94723976,0.91982615,0.9017534,0.91115373,0.9196686,0.83705544,0.88454574,0.90832925,0.9353646,0.9070858,0.9062074,0.85322523,0.9314534,0.91526324,0.9601195,0.8927182,0.9478964,0.94813263,0.9261573,0.9297355,0.9525004,0.9685603,0.944903,0.94698596,0.9412262,0.90810335,0.9172172,0.9500052,0.90938693,0.9030904,0.8793047,0.915284,0.8650092,0.93306667,0.93233186,0.89732945,0.91107833,0.8868402,0.96095604,0.9133589,0.9396189,0.88315004,0.14666303,0.9384804,0.88109154,0.8902379,0.8949187,0.46415153,0.856339,0.89757866,0.9494242,0.92412245,0.9060844,0.89592606,0.94877315,0.94701886,0.9041258,0.89747185,0.8934888,0.90382427,0.941088,0.9064992,0.88315004,0.8955621,0.8769632,0.9598755,0.94253695,0.9779813,0.9091718,0.8682644,0.8630174,0.9699333,0.9099182,0.9415865,0.9133279,0.9145363,0.9637149,0.92738295,0.89687115,0.95638424,0.8687869,0.91348267,0.51172566,0.8700213,0.65389204,0.89440715,0.92771053,0.9403939,0.90100265,0.9129046,0.897912,0.83315784,0.9105729,0.93900603,0.939381,0.92440414,0.8866997,0.8869753,0.9684815,0.9150113,0.87316906,0.9183871,0.9338174,0.8599829,0.9165652,0.9034856,0.91556495,0.94797665,0.90802485,0.89202505,0.9587183,0.9313569,0.96496195,0.9606455,0.86506605,0.9026005,0.88754356,0.85569435,0.85641146,0.86468,0.8943724,0.91110605,0.9208409,0.9518109,0.79229563,0.85355294,0.8647088,0.9244161,0.89460105,0.86525285,0.8781367,0.9313569,0.9180202,0.94030327,0.94625485,0.9616625
annabellemovie,0.9711787,0.94627416,0.9808276,0.9732147,0.9808006,0.9445205,0.96864104,0.98890036,0.990478,0.9623834,0.9777052,0.90866107,1.0000001,0.97619724,0.97767234,0.98574513,0.9723571,0.9711655,0.9592081,0.96419054,0.9575923,0.97982126,0.967012,0.9737877,0.96809113,0.5406698,0.9401186,0.9820658,0.94714886,0.95457774,0.96360946,0.9721208,0.94389987,0.9320338,0.88114417,0.8888538,0.98951954,0.9851726,0.97901165,0.9533352,0.96132636,0.97724146,0.9681672,0.9759717,0.979025,0.9573334,0.9724743,0.97226137,0.95558023,0.97921085,0.95488477,0.9727888,0.97137815,0.9681606,0.94384664,0.9638261,0.962366,0.99316275,0.9750972,0.96707845,0.9754032,0.9572232,0.9882854,0.97978747,0.9748834,0.9605059,0.95194596,0.967644,0.963445,0.96826285,0.9772323,0.32151702,0.9412976,0.9830817,0.94713753,0.95926803,0.67523205,0.9725713,0.98636824,0.95847887,0.97523415,0.9644269,0.9773388,0.93940127,0.95637965,0.98510396,0.9665371,0.986399,0.98068804,0.97162694,0.9610428,0.9772323,0.959719,0.9671776,0.9765799,0.9756906,0.9598464,0.9738026,0.94917214,0.9590176,0.9618961,0.9802895,0.92097634,0.98010486,0.9850827,0.9513256,0.9755695,0.9701109,0.9684172,0.94872636,0.98732305,0.6215557,0.96979636,0.70362115,0.96395725,0.977053,0.9814229,0.97009593,0.98516953,0.9643259,0.962121,0.98193616,0.9704969,0.93844163,0.9803109,0.97264856,0.9844206,0.9468598,0.9786372,0.88927126,0.97492915,0.9689828,0.98094183,0.9568789,0.98659927,0.9614025,0.9723811,0.95693976,0.9744036,0.95323056,0.990478,0.97136676,0.96454805,0.9507888,0.9225693,0.9603712,0.95646226,0.9583808,0.9642481,0.938466,0.9637817,0.9794541,0.9477148,0.77110213,0.963338,0.97255343,0.95543194,0.9762614,0.97484833,0.9792622,0.990478,0.97515374,0.9706088,0.9654626,0.96355313
annamovie,0.96563125,0.9360631,0.9905131,0.9622754,0.974053,0.9635149,0.96702194,0.9860711,0.98514783,0.94643724,0.9667592,0.93218255,0.97619724,1.0,0.9671355,0.9676667,0.95119715,0.9826599,0.9687972,0.93992805,0.97088516,0.9816938,0.9771356,0.9605893,0.9831574,0.43308222,0.9246624,0.9636866,0.9802517,0.9675444,0.9789007,0.9551753,0.97478145,0.95963794,0.87820244,0.90833735,0.977846,0.9806617,0.98424727,0.9613096,0.9314232,0.9629563,0.9680476,0.9668606,0.95928395,0.9685005,0.97729826,0.9882537,0.9656419,0.9691947,0.97870475,0.9762712,0.9680248,0.95616,0.9441489,0.9770445,0.9450842,0.9742765,0.96685266,0.9719729,0.96949166,0.94539917,0.9817538,0.9848447,0.98101,0.9286277,0.9548547,0.9662995,0.9474721,0.95120186,0.97847027,0.27989963,0.970056,0.9655938,0.95313436,0.95336634,0.5959905,0.97434604,0.9742561,0.9523015,0.9694878,0.9631034,0.9689488,0.9683493,0.9624998,0.9659977,0.93331856,0.96099335,0.979116,0.96424484,0.95280623,0.97847027,0.98575395,0.97433287,0.9878002,0.97470564,0.96789825,0.96727794,0.9330345,0.96928495,0.967983,0.9814923,0.9384434,0.9802825,0.97904444,0.97337323,0.95395947,0.95388246,0.9788626,0.9250007,0.96769565,0.62119526,0.9621759,0.68996173,0.95818985,0.98775685,0.9741362,0.9540492,0.966827,0.95417434,0.9441129,0.97395,0.97724414,0.9668843,0.9864777,0.97302234,0.9714255,0.97014534,0.96291393,0.85586256,0.97966594,0.96713567,0.9654178,0.97511196,0.9797359,0.9741001,0.9707679,0.96260023,0.97998834,0.94762564,0.98514783,0.97492665,0.95674914,0.9419409,0.9697469,0.96425027,0.9550447,0.9285924,0.94997716,0.92923456,0.9653372,0.9756246,0.9543475,0.72929895,0.9551754,0.96780777,0.9795213,0.97451794,0.97579455,0.9736372,0.98514783,0.9725987,0.9841362,0.97924376,0.9823434
apollo11movie,0.9875992,0.9363694,0.97243667,0.9409881,0.9904819,0.93269306,0.9630969,0.9810857,0.9871742,0.96927595,0.9717347,0.90801036,0.97767234,0.9671355,0.9999998,0.9718475,0.9756151,0.97503155,0.9769552,0.98381746,0.9558213,0.9722079,0.96079135,0.987754,0.96775544,0.52266884,0.9490095,0.9743918,0.9384775,0.9693178,0.97307515,0.9737106,0.9385717,0.9208045,0.86054593,0.85750544,0.9755151,0.9612277,0.9825477,0.9576557,0.9598841,0.9633309,0.95170164,0.96546644,0.9866202,0.9529071,0.9638208,0.9579911,0.94283414,0.97047806,0.9523155,0.982251,0.96410483,0.96319664,0.90268314,0.9782223,0.93979204,0.9829143,0.98374945,0.98357856,0.97603023,0.9681655,0.97942597,0.9793052,0.9808434,0.9675664,0.9656476,0.97300375,0.97578216,0.9628568,0.9844213,0.353084,0.95527536,0.9789819,0.9320969,0.9531136,0.68181473,0.96102136,0.9833676,0.96311426,0.9880467,0.94688535,0.982402,0.9475328,0.9518167,0.9761922,0.943628,0.9882091,0.9782363,0.9740278,0.9728768,0.9844213,0.96944636,0.9726817,0.96908706,0.98529047,0.9516517,0.970844,0.94075763,0.95717156,0.95182526,0.96732396,0.95770854,0.9838542,0.97108525,0.94326955,0.97928923,0.97724104,0.9482523,0.94103414,0.98195153,0.62712777,0.97533894,0.6737862,0.96516365,0.98218596,0.986479,0.9654703,0.9886104,0.95467967,0.9667893,0.9677047,0.9516872,0.9165555,0.98421544,0.9773295,0.9916593,0.9513855,0.982497,0.8708819,0.95798546,0.9848267,0.97829837,0.949804,0.98227125,0.97737616,0.9807058,0.9703284,0.98499376,0.9515217,0.9871742,0.9592007,0.96406466,0.956116,0.92503786,0.9767548,0.9515114,0.93645,0.9742899,0.97223693,0.9621292,0.98187983,0.9650501,0.8421088,0.9610323,0.96925426,0.95268357,0.97989243,0.9738278,0.9766287,0.9871742,0.98507756,0.96029454,0.95251626,0.9570132
arcticdogsmovie,0.96716017,0.96817404,0.9707773,0.9557571,0.97787726,0.94260424,0.9637003,0.9813325,0.9871875,0.95567816,0.9620934,0.9043013,0.98574513,0.9676667,0.9718475,1.0,0.9748759,0.96425855,0.9513934,0.94858074,0.9463084,0.9732815,0.9738757,0.9733888,0.9749397,0.5488384,0.93469596,0.9700202,0.9363977,0.9613972,0.95079243,0.9733213,0.93338174,0.9119318,0.84988683,0.8748109,0.9896696,0.9706206,0.9818955,0.9574978,0.96654826,0.96358615,0.96026117,0.96354514,0.97244674,0.9663121,0.97669834,0.960421,0.95669043,0.96846706,0.9455391,0.97529376,0.96687645,0.9657953,0.9441766,0.9549194,0.9563527,0.98502207,0.9605605,0.9539514,0.97936326,0.9548201,0.97870857,0.97907084,0.9753837,0.95693314,0.9511508,0.965641,0.96228623,0.9565555,0.96750045,0.28738755,0.9240497,0.9746625,0.9326772,0.9493433,0.6608944,0.96845657,0.9856243,0.93990326,0.9750211,0.9598632,0.96912646,0.9334781,0.9322979,0.9789685,0.9572564,0.9835299,0.9792848,0.9654503,0.9628997,0.96750045,0.9660151,0.95808244,0.96754444,0.9709889,0.9578318,0.9608455,0.93378365,0.9602,0.9642878,0.96655816,0.9216192,0.97369957,0.96826446,0.94580877,0.9698497,0.9722396,0.9690837,0.9622242,0.98185384,0.6166269,0.9638023,0.704229,0.9759866,0.9671204,0.9769651,0.9730414,0.98707974,0.96190965,0.96133006,0.9874712,0.96212655,0.9271947,0.9753239,0.95940197,0.9837204,0.9322175,0.9654615,0.88496476,0.96562046,0.95760167,0.9705179,0.94488287,0.9799233,0.9578762,0.96535444,0.9583594,0.9609408,0.95742077,0.9871875,0.96241695,0.96786356,0.95199555,0.92430097,0.96739274,0.95563996,0.93541896,0.9658247,0.93066174,0.96256346,0.9705013,0.94616276,0.78197914,0.9597021,0.96178913,0.9609983,0.9714739,0.9617325,0.97219354,0.9871875,0.96407646,0.963442,0.9727434,0.9563118
arcticmovie,0.972077,0.95580924,0.9643258,0.94179744,0.9714734,0.9334915,0.9606471,0.9737167,0.983005,0.9538775,0.9628685,0.8934011,0.9723571,0.95119715,0.9756151,0.9748759,1.0000001,0.96262807,0.97117794,0.96507645,0.9627445,0.97329044,0.9660888,0.9705993,0.9545356,0.56330544,0.9556142,0.9700462,0.9418806,0.9495449,0.9671516,0.9794899,0.92144585,0.92186135,0.85810584,0.8748492,0.9785908,0.95612407,0.96483666,0.96629494,0.9634508,0.96940154,0.94207215,0.96738213,0.96356356,0.9676394,0.9665125,0.9564284,0.95834154,0.9726917,0.9519718,0.9774848,0.962272,0.9679931,0.92108905,0.960826,0.94300085,0.9859748,0.9664323,0.96673083,0.9724957,0.95051366,0.9708691,0.9728181,0.97610086,0.9553049,0.95572364,0.9616928,0.9666302,0.95377004,0.9680341,0.29180434,0.9341593,0.9672324,0.9184565,0.9565666,0.6984455,0.95457906,0.9778741,0.9617592,0.9779248,0.95793116,0.96856433,0.93561953,0.92285335,0.95806205,0.97055036,0.9815838,0.962855,0.96629053,0.95124793,0.9680341,0.9382638,0.9674932,0.9647445,0.9670452,0.94826144,0.96166927,0.9404475,0.946876,0.96144295,0.9669384,0.94726324,0.9781097,0.95648515,0.95215696,0.9799466,0.963314,0.9453565,0.94676435,0.98595834,0.6270454,0.9567452,0.70331156,0.9768366,0.9662076,0.976147,0.953744,0.9874082,0.95363146,0.9449111,0.9762735,0.95788074,0.92123276,0.9787922,0.95626456,0.98122203,0.93825346,0.9646948,0.90026665,0.9643885,0.9613321,0.9735739,0.94909215,0.9814747,0.953085,0.956177,0.96797913,0.96109504,0.95143765,0.983005,0.9665345,0.9659244,0.9359495,0.9143333,0.974485,0.9224376,0.93352747,0.9595191,0.95283663,0.9515937,0.9657867,0.95971894,0.79185116,0.96356344,0.9481404,0.94943583,0.9605647,0.9658693,0.97037375,0.983005,0.9671987,0.95718026,0.9576472,0.95799726
artofracingmovie,0.9710508,0.93626106,0.98253685,0.9508543,0.98618156,0.93519855,0.95354325,0.97969466,0.9830229,0.96120375,0.9641127,0.935683,0.9711655,0.9826599,0.97503155,0.96425855,0.96262807,1.0,0.9712267,0.9485418,0.9822713,0.97809964,0.967832,0.9731226,0.95534253,0.49264318,0.9560507,0.95363677,0.97118545,0.9752041,0.98278075,0.95581,0.964166,0.97176284,0.88711834,0.90015316,0.9850295,0.97376096,0.97176874,0.9725413,0.9144619,0.97307396,0.9402832,0.9774967,0.9508487,0.97391486,0.96551204,0.97309875,0.955478,0.979387,0.97506213,0.98297113,0.97016895,0.9676198,0.93114424,0.9852783,0.9494968,0.9736279,0.9685059,0.9609745,0.9561513,0.919323,0.97636247,0.97253853,0.9698841,0.92751205,0.9539605,0.96700615,0.96339,0.9449902,0.9652562,0.29231447,0.96827716,0.9692393,0.93652165,0.9498439,0.62878335,0.9548853,0.96329856,0.95880634,0.96952873,0.9559305,0.9514375,0.97677535,0.96074903,0.96894777,0.9441006,0.9709549,0.9700151,0.9630688,0.934015,0.9652562,0.97353846,0.96860415,0.9918747,0.9671996,0.9721143,0.9523944,0.9168509,0.9534398,0.9776655,0.95845884,0.95100975,0.97723204,0.9779795,0.97226566,0.9665879,0.9397884,0.9610486,0.9168158,0.9738649,0.61764824,0.936808,0.70134336,0.9583502,0.9787174,0.9751881,0.9395434,0.97542965,0.9427898,0.917949,0.9566401,0.9724177,0.93365103,0.9914837,0.9736647,0.9727392,0.97692555,0.9806086,0.8770857,0.97197026,0.97801846,0.9588595,0.9858975,0.9693551,0.97868335,0.9613887,0.96138805,0.9668088,0.96926266,0.9830229,0.96864617,0.9666163,0.9062088,0.9373976,0.96839416,0.9395491,0.9299636,0.93100274,0.93720263,0.9483321,0.971746,0.9648322,0.7819168,0.9299446,0.9488169,0.96318394,0.95654446,0.9646741,0.95291835,0.9830229,0.98811275,0.976264,0.9672036,0.97620165
avengers,0.98791635,0.9352974,0.9814422,0.9439507,0.9716191,0.9672153,0.96221215,0.9720122,0.9835042,0.94846946,0.96659166,0.94004923,0.9592081,0.9687972,0.9769552,0.9513934,0.97117794,0.9712267,0.9999998,0.9496122,0.97257614,0.97965443,0.9782743,0.96589583,0.960596,0.4285726,0.95385,0.96681166,0.9690017,0.96167594,0.98308,0.9663429,0.95564514,0.9354215,0.8722,0.89042914,0.96273196,0.9652778,0.96951497,0.9638884,0.945692,0.9602139,0.9469112,0.97122115,0.96105796,0.96366334,0.9785572,0.96360546,0.9743138,0.97368264,0.97819895,0.98522955,0.9663166,0.95607007,0.9172814,0.9770405,0.93805915,0.97081006,0.9659057,0.9753115,0.96820486,0.94440264,0.9700913,0.98578924,0.9705424,0.9480928,0.9636044,0.9811388,0.9480912,0.9628319,0.97079545,0.25878567,0.96873707,0.9634714,0.9346314,0.95087487,0.6204854,0.94738436,0.9645339,0.97563857,0.9770525,0.95218873,0.97310346,0.9724745,0.9535766,0.9594728,0.93554735,0.96056896,0.9609745,0.98106515,0.9600208,0.97079545,0.9510464,0.96184933,0.97878283,0.9843662,0.9616568,0.970754,0.9418548,0.9490926,0.96746224,0.9614411,0.965468,0.9791307,0.9541683,0.96839404,0.97847646,0.96850413,0.95896286,0.93008506,0.975827,0.6209538,0.9600529,0.6922733,0.96461964,0.9762324,0.98450434,0.9582846,0.97330946,0.9553818,0.9368246,0.9640543,0.9640942,0.959192,0.977727,0.9634071,0.9689679,0.966662,0.9600431,0.88183075,0.97309434,0.9695192,0.96216524,0.9534918,0.9746691,0.968756,0.9750276,0.9805048,0.9718535,0.9485835,0.9835042,0.9789009,0.97241306,0.9456106,0.9507904,0.97193766,0.9311261,0.92537844,0.9542495,0.96083105,0.9594622,0.97109276,0.97499424,0.7908333,0.93750644,0.9481869,0.9701725,0.9680927,0.9586553,0.9673916,0.9835042,0.9728042,0.9760818,0.97149944,0.9734821
beachbummovie,0.9655982,0.9247192,0.94792604,0.92368484,0.9729961,0.908964,0.94902986,0.966026,0.96413714,0.9454515,0.94233555,0.8545513,0.96419054,0.93992805,0.98381746,0.94858074,0.96507645,0.9485418,0.9496122,0.99999994,0.9241064,0.9489238,0.9356493,0.97244793,0.9505202,0.5428342,0.92234063,0.9604717,0.9012094,0.94171125,0.94418794,0.9618094,0.9085444,0.8887427,0.8292622,0.8066741,0.955927,0.9322719,0.9629053,0.9304558,0.9454256,0.9348209,0.9278627,0.9319914,0.97645426,0.92762196,0.9325778,0.93552524,0.91309965,0.94094473,0.91525024,0.95422465,0.9427574,0.93560666,0.8515661,0.95372653,0.91571105,0.97070825,0.9685578,0.97190535,0.9601214,0.9637556,0.956779,0.9558233,0.9696214,0.94745255,0.93523675,0.94332415,0.9574187,0.9476861,0.96883243,0.4031933,0.92950517,0.96358144,0.89911115,0.9330035,0.7277298,0.9479084,0.9643925,0.9469886,0.959961,0.9361933,0.966663,0.90300333,0.9156208,0.9566846,0.923381,0.97886986,0.9550062,0.93726504,0.9543322,0.96883243,0.9427616,0.95973486,0.93779314,0.9510125,0.9120685,0.96301126,0.9347821,0.9463711,0.91600794,0.9595968,0.9336599,0.9622276,0.9449463,0.90505457,0.9507143,0.95077974,0.9129855,0.9320052,0.96243995,0.60805726,0.965893,0.6398053,0.9562068,0.95627457,0.96217936,0.9413833,0.9653066,0.93751466,0.9603208,0.9524039,0.9149317,0.8808685,0.9616067,0.95520586,0.9798149,0.9112629,0.9671845,0.8242895,0.92630166,0.9689967,0.97521573,0.9218399,0.96901244,0.9524223,0.9532164,0.9535732,0.96690416,0.9235665,0.96413714,0.9317686,0.9284068,0.937326,0.884843,0.96142733,0.9180619,0.92203724,0.9619722,0.9621682,0.94431645,0.96408844,0.9366121,0.82628477,0.95778114,0.94781905,0.9195289,0.9622819,0.96807534,0.97085077,0.96413714,0.96946794,0.9374315,0.9177208,0.9239762
bernadettefilm,0.9578719,0.9215188,0.97108614,0.9340736,0.9594505,0.9419586,0.9539434,0.9682163,0.9745896,0.95371544,0.94667315,0.9116948,0.9575923,0.97088516,0.9558213,0.9463084,0.9627445,0.9822713,0.97257614,0.9241064,0.99999994,0.9659773,0.9583805,0.9476195,0.93643624,0.4491849,0.9428725,0.96177155,0.9797524,0.9525757,0.98074484,0.95519674,0.9629759,0.9739639,0.9014662,0.91218716,0.97398686,0.9623538,0.9589597,0.9833689,0.9120975,0.95923185,0.9238084,0.9666999,0.9278371,0.9684218,0.9578895,0.97250557,0.9663357,0.96741784,0.97561073,0.97593194,0.95897424,0.9534641,0.9345265,0.98143804,0.92219526,0.9586042,0.9528321,0.9592857,0.94358027,0.899402,0.9623305,0.9661372,0.95892084,0.90506405,0.95083547,0.9543738,0.9304037,0.9206585,0.96172154,0.2551545,0.96411085,0.96375024,0.9255024,0.9439164,0.6208407,0.9579069,0.95159984,0.94705564,0.95554894,0.9499423,0.94760674,0.9769142,0.941676,0.95006704,0.9397026,0.95895195,0.9566252,0.9581508,0.91566634,0.96172154,0.95059663,0.9710042,0.9832743,0.9564136,0.95402795,0.9395215,0.93159264,0.9472048,0.9686718,0.9541915,0.9390303,0.97807366,0.9641709,0.97569335,0.96429634,0.93395525,0.9429565,0.9090384,0.9690615,0.6415467,0.93087363,0.7080067,0.9563589,0.9675747,0.9588567,0.9317104,0.9648105,0.9455832,0.90787095,0.94528204,0.9709878,0.94645387,0.98291117,0.97126704,0.9573372,0.9644012,0.953495,0.8712948,0.98562574,0.95278734,0.9620363,0.98099077,0.9665067,0.971136,0.9397464,0.9619402,0.9576808,0.9452473,0.9745896,0.9659326,0.95172644,0.90213263,0.95008683,0.9628552,0.92208624,0.92827225,0.92726,0.92028725,0.9422978,0.94890326,0.95165306,0.7237532,0.9217944,0.94345325,0.95590365,0.945696,0.96484333,0.95015955,0.9745896,0.97341627,0.97290736,0.9627817,0.9709726
