movie,21bridgesmovie,47metersdown,abeautifuldaymovie,abominablemovie,adastramovie,adogsjourneymovie,aftermathmovie,aftermovie,ahiddenlifefilm,alitamovie,angelhasfallen,angrybirdsmovie,annabellemovie,annamovie,apollo11movie,arcticdogsmovie,arcticmovie,artofracingmovie,avengers,beachbummovie,bernadettefilm,blackandbluemovie,blackchristmas,blindedbythelightmovie,bombshellmovie,booksmart,breakthroughmovie,brianbanksmovie,brightburnmovie,brittanyrunsmov,captainmarvelofficial,captivestatemovie,catsmovie,charliesangels,childsplaymovie,clarathefilm,coldpursuitmovie,countdown,currentwarmovie,darkwatersmovie,detectivepikachumovie,disneyaladdin,disneyfrozen,disneymaleficent,doctorsleepmovie,dolemiteismyname,dontletgomovie,doramovie,downtonabbey_official,dumbo,escaperoom,everybodyknowsmovie,fastandfuriousmovie,fightingwmyfam,fivefeetapartfilm,fordvferrari,freaksthefilm,geminimanmovie,glassmovie,gloriabellmovie,godzillamovie,goldfinchmovie,goodboysmovie,goodliarmovie,gretafilm,halathemovie,happydeathdaymovie,harrietfilm,hellboymovie,hersmellmovie,highlifemovie,highstrungmovie,honeyboymovie,hotelmumbaifilm,httydragon,hustlemovie,hustlersmovie,isntitromantic,itmovieofficial,jayandsilentbob,johnwickmovie,jojorabbitmovie,jokermovie,judythefilm,jumanjimovie,justmercyfilm,knivesout,lalloronamovie,lastblackmansf,lastchristmasthemovie,latenightmovie,lighthousemovie,lionking,littlethemovie,littlewomenmovie,littlewoodsfilm,longshotmovie,lordsofchaosmovie,lucyintheskyfilm,mamovie2019,marriagestory,meettheaddams,meninblack,midsommarmovie,midwaymovie,missbalamovie,missinglinkfilm,motherlessbklyn,onceinhollywood,onthebasisofsex,overcomermovie,peanutbutterfalcon,petsematarymovie,piercingmovie,playingwithfire,playmobilthemovie,pomsmovie,queenandslim,rambomovie,readyornotfilm,richardjewellfilm,rocketmanmovie,scarystoriesmovie,secretlifeofpets,serenityfilm,shaftmovie,shazammovie,spidermanmovie,spiesindisguise,starwars,stormboymovie,stubermovie,taosdfilm,teenspiritmov,terminator,theaeronautsmov,thebestofenemies,thedeaddontdie,thefarewell,thehighwaymen,thehummingbirdprojectfilm,theintrudermovie,theirishmanfilm,thekitchenmovie,thelegomovie,themustangfilm,thenightingalefilm,theprodigymovie,thesunisalsoastar,theupsidefilm,tolkienmovie,toystory,triplefrontier,uglydolls,uncutgems,underthesilverlake,usmovie,wavesmovie,whatmenwant,wonderparkmovie,wrinklestheclown,xmenmovies,yardiefilm,yesterdaymovie,zombieland
21bridgesmovie,0.99999994,0.98435503,0.99298316,0.96353084,0.98216075,0.96332794,0.990817,0.9911179,0.9960897,0.95551276,0.98467135,0.8245064,0.97881925,0.99644905,0.99009967,0.9799358,0.9870111,0.98347694,0.99102265,0.96770126,0.9836439,0.94455063,0.99079126,0.99689263,0.97022384,0.4454341,0.95779204,0.9826543,0.98134166,0.9669885,0.9793416,0.98652107,0.96671903,0.8299196,0.7385377,0.4433917,0.9928076,0.96867913,0.9698098,0.9723701,0.96856827,0.9747971,0.9303797,0.98512274,0.9881902,0.96414286,0.9863153,0.9885073,0.94900787,0.9881322,0.9745138,0.9894587,0.9385518,0.9699256,0.90905213,0.9795672,0.9653452,0.979414,0.97794175,0.99034065,0.98199207,0.9868814,0.9936235,0.9873869,0.98815227,0.9532817,0.95211375,0.9921847,0.9933847,0.95503384,0.9949405,0.17520456,0.88101935,0.98467934,0.8593341,0.95731235,0.70556635,0.9891573,0.9790381,0.94578266,0.9570837,0.97317463,0.9927547,0.97977775,0.9529919,0.989193,0.97683805,0.9875599,0.9613652,0.99164337,0.9864594,0.9949405,0.9543548,0.9738251,0.9845375,0.9771969,0.98138595,0.99076897,0.990565,0.97088176,0.94651115,0.9817659,0.9002313,0.9906421,0.9857857,0.9817746,0.99676824,0.9719829,0.9405,0.91702664,0.99185467,0.34159428,0.97860724,0.4240829,0.9632211,0.98963267,0.99855894,0.96543235,0.9952278,0.9802539,0.99098176,0.9835502,0.99049866,0.9299314,0.9919434,0.9852144,0.98443604,0.95599174,0.9636078,0.9256524,0.9830019,0.98150015,0.98823637,0.85757357,0.97831714,0.9802725,0.98950624,0.9792032,0.9927291,0.98009807,0.9960897,0.9731503,0.9164561,0.9561821,0.9505261,0.9779446,0.9379174,0.8613651,0.9649608,0.9691096,0.9784899,0.98308253,0.9858929,0.54827034,0.9740616,0.9870155,0.97680295,0.9913324,0.98172826,0.96533984,0.9960897,0.98863786,0.98324627,0.99078554,0.9592813
47metersdown,0.98435503,1.0000001,0.982047,0.9464327,0.9750952,0.9345596,0.9702804,0.9751668,0.98377997,0.9378103,0.95916975,0.7877742,0.95114124,0.985063,0.977803,0.9919333,0.96088445,0.97690964,0.9809777,0.96169364,0.9670564,0.92533726,0.9677025,0.9841726,0.9404538,0.40138024,0.9344885,0.95161295,0.971179,0.94474244,0.9703642,0.9727822,0.94472134,0.79009676,0.7218615,0.42652062,0.98146814,0.9463996,0.9588218,0.9678775,0.9599492,0.96980786,0.92992306,0.9694576,0.984776,0.94454116,0.9626501,0.9697828,0.94320554,0.97897726,0.95231456,0.98795736,0.9164044,0.9740782,0.8809655,0.96240354,0.9640807,0.98021024,0.977441,0.974113,0.9695338,0.9777421,0.9876199,0.9828213,0.9841522,0.91716015,0.9485486,0.9922071,0.9819898,0.9398627,0.9797622,0.13943085,0.8411691,0.96193844,0.8261349,0.92144555,0.6627058,0.9648093,0.970432,0.9445905,0.92958724,0.95881563,0.98954797,0.9640512,0.914101,0.9735378,0.9570192,0.9763153,0.9268886,0.98188263,0.9664283,0.9797622,0.9544865,0.97885084,0.964985,0.9540903,0.9665607,0.9806957,0.98528934,0.9415204,0.9286106,0.96166253,0.8625976,0.9806971,0.97265583,0.9604029,0.98468786,0.9664464,0.9101097,0.87997496,0.97156197,0.32453898,0.9852078,0.409838,0.9717815,0.972524,0.9841437,0.93347996,0.9865941,0.9615438,0.97568005,0.9868375,0.9661881,0.90196246,0.9785469,0.9823618,0.9803443,0.94255894,0.9540673,0.9257371,0.9688382,0.97666156,0.9678378,0.7942392,0.9804951,0.95313954,0.9760174,0.97741264,0.9770178,0.9637352,0.98377997,0.9466645,0.8973143,0.9606119,0.97344613,0.9830336,0.94666326,0.8205542,0.96683,0.9344892,0.95768625,0.9785076,0.966595,0.4894313,0.96306974,0.98158956,0.95020103,0.9797306,0.98209816,0.97268265,0.98377997,0.96291816,0.9705711,0.96879077,0.9269925
abeautifuldaymovie,0.99298316,0.982047,0.9999999,0.9459147,0.9835208,0.9626921,0.98638785,0.9914094,0.9946472,0.96579343,0.97646296,0.8336283,0.95961785,0.99227613,0.9938651,0.97867,0.97896343,0.98601025,0.98472303,0.982955,0.9827793,0.9414392,0.98980486,0.9881427,0.95848393,0.42881185,0.94277555,0.97183454,0.9898505,0.965659,0.9693503,0.98478764,0.95495915,0.8291287,0.69701034,0.41926166,0.99082077,0.94804454,0.9647797,0.9761056,0.9533789,0.9703346,0.9323969,0.98030627,0.98984647,0.96009946,0.9840549,0.98419416,0.9569537,0.98429704,0.9807947,0.9935864,0.9307083,0.96589404,0.886669,0.9795284,0.95966864,0.9782172,0.97563064,0.9809964,0.9647495,0.9820873,0.9912257,0.9739731,0.9800926,0.9495452,0.9620623,0.99173105,0.9898573,0.9558298,0.98577875,0.17724065,0.84826785,0.9768453,0.82943743,0.9377889,0.6656406,0.9807386,0.9698684,0.9658081,0.928992,0.9629071,0.9835098,0.9650139,0.9351572,0.9786515,0.9599946,0.98681253,0.94177836,0.9915389,0.9807633,0.98577875,0.94167846,0.96805453,0.9779299,0.9756208,0.9753459,0.99457717,0.99008155,0.9584639,0.9349401,0.96908915,0.88727206,0.9817728,0.9833649,0.98752797,0.9930608,0.95509577,0.91544545,0.9167112,0.99028236,0.3396765,0.9774391,0.40770537,0.96069604,0.9813346,0.9910324,0.93942374,0.99059194,0.9783167,0.9906578,0.980198,0.98385555,0.90597767,0.9869908,0.9800031,0.98897916,0.95317656,0.94802475,0.925978,0.98916805,0.97092587,0.99118143,0.8375575,0.9838921,0.9689381,0.980135,0.983287,0.9814903,0.98959726,0.9946472,0.9734001,0.9172811,0.93165016,0.95465404,0.9774585,0.93097377,0.81980723,0.9464528,0.9469055,0.97637093,0.9868618,0.9856271,0.53563064,0.97231096,0.9767924,0.97097623,0.978298,0.97666574,0.96400976,0.9946472,0.9801404,0.9871041,0.9882844,0.96444297
abominablemovie,0.96353084,0.9464327,0.9459147,1.0,0.95586175,0.9422753,0.9550277,0.940696,0.95107377,0.9307726,0.97461337,0.74982804,0.96330184,0.9629692,0.93288106,0.9381989,0.97354627,0.9382263,0.9409004,0.9033502,0.9557235,0.92929053,0.94801956,0.96187717,0.9285891,0.47429788,0.9640513,0.9526233,0.92986226,0.9102922,0.9291482,0.9552717,0.9471518,0.7475622,0.84306765,0.5933957,0.9530073,0.97423774,0.9196899,0.9363755,0.9491715,0.9446395,0.9419949,0.9535376,0.94126356,0.96922654,0.9555638,0.93173707,0.8767291,0.94959897,0.9285477,0.9388783,0.8699715,0.92445225,0.93511575,0.91912574,0.9158031,0.9463338,0.9256672,0.96850795,0.9642347,0.93425196,0.9418397,0.96548164,0.94257915,0.931234,0.90409666,0.95235187,0.95510876,0.9563759,0.96650004,0.27101687,0.83109975,0.95173675,0.9106583,0.93805933,0.75517875,0.9586882,0.9353638,0.89046055,0.931794,0.98353046,0.95554405,0.9578682,0.9546231,0.96300846,0.97116905,0.9326808,0.967971,0.9384054,0.9444954,0.96650004,0.8889827,0.92654306,0.96194106,0.9465994,0.94829845,0.9579187,0.94896054,0.9425271,0.9773344,0.9464902,0.88606095,0.9738851,0.95028925,0.9357429,0.9529509,0.96813524,0.90945137,0.8524164,0.9483216,0.47314733,0.93126017,0.5633242,0.9457427,0.9581165,0.9642101,0.9436805,0.9542028,0.95348716,0.9438617,0.93976074,0.95095354,0.91067296,0.9469517,0.9316464,0.947205,0.92948365,0.9546745,0.9232389,0.9326113,0.9677697,0.9377158,0.86803997,0.9351949,0.96945673,0.96066064,0.92343044,0.97187525,0.9412547,0.95107377,0.95013845,0.95887375,0.94177234,0.90165913,0.9517896,0.95086896,0.9277266,0.9500815,0.94890493,0.9329638,0.9328425,0.9490724,0.6188849,0.96460116,0.96417695,0.9357504,0.9552167,0.95064944,0.9314443,0.95107377,0.94016016,0.9199664,0.94196945,0.92198664
adastramovie,0.98216075,0.9750952,0.9835208,0.95586175,1.0,0.95575374,0.9791931,0.977846,0.9866485,0.95073956,0.9778132,0.7655277,0.9525272,0.9869908,0.9768165,0.9724688,0.97120124,0.9892065,0.9833673,0.9541301,0.98514456,0.9017871,0.9836412,0.9810375,0.9376561,0.342997,0.96851087,0.96754456,0.96357495,0.936013,0.97395337,0.98097277,0.95007604,0.76455903,0.692226,0.4131305,0.9837931,0.9481981,0.9490549,0.97485924,0.95402145,0.9771916,0.9446833,0.97269136,0.98474926,0.96932995,0.97959673,0.96747863,0.9260395,0.9821251,0.94504774,0.98663783,0.8979279,0.9574443,0.846409,0.9731036,0.9262865,0.9866787,0.97893476,0.98695785,0.95869815,0.96819836,0.97766256,0.9742493,0.96821016,0.9608052,0.95055753,0.98541206,0.98370916,0.97006994,0.9864765,0.14699824,0.8208451,0.9697617,0.8687833,0.9380049,0.62330914,0.96131337,0.9727796,0.9541758,0.93234664,0.96685916,0.980312,0.9428411,0.9016038,0.97490966,0.95083845,0.9786062,0.9504453,0.98371136,0.97579587,0.9864765,0.9308277,0.9802179,0.9531303,0.9479598,0.971793,0.99113935,0.9817469,0.96251535,0.9453833,0.9526887,0.82673836,0.9813978,0.98618764,0.95569795,0.98717666,0.9685475,0.88335824,0.8811228,0.97664344,0.35538834,0.9833129,0.402908,0.9786877,0.98293346,0.98521465,0.9343645,0.9858117,0.97964126,0.98346025,0.98426807,0.9674361,0.8838694,0.98312515,0.9795695,0.9882166,0.9164294,0.95756733,0.95170945,0.9813661,0.9701084,0.9785084,0.79352015,0.9878593,0.9645153,0.9798304,0.9741909,0.9798306,0.9861322,0.9866485,0.95049596,0.92078096,0.9455002,0.9760734,0.9803382,0.9252323,0.83355194,0.9598488,0.9172572,0.959486,0.9896384,0.978931,0.48251954,0.97582275,0.98453,0.956839,0.97646755,0.98557246,0.97588253,0.9866485,0.9677292,0.976955,0.9748054,0.92478883
adogsjourneymovie,0.96332794,0.9345596,0.9626921,0.9422753,0.95575374,1.0,0.9449761,0.9470547,0.9555756,0.95073086,0.96866834,0.79287237,0.93672544,0.9664891,0.95082134,0.91897726,0.9500781,0.92980045,0.94666195,0.92993927,0.9518252,0.91909784,0.9667746,0.9544247,0.9237515,0.4356861,0.96479785,0.942622,0.956648,0.93543756,0.9174821,0.97978044,0.95632756,0.7780379,0.7672786,0.5183716,0.96287936,0.955447,0.9111465,0.9690448,0.9148738,0.94870734,0.94268936,0.9523985,0.9455552,0.96467644,0.96839744,0.93791467,0.8873303,0.9550048,0.94313645,0.9487067,0.8835712,0.94392926,0.9070201,0.9231058,0.9076143,0.9431087,0.91771454,0.9673998,0.92057246,0.947352,0.94940674,0.9518424,0.9313452,0.9604126,0.90471244,0.9478972,0.96318626,0.97455776,0.966391,0.2708624,0.8220716,0.9468696,0.89270574,0.95818555,0.72912496,0.9652348,0.92996114,0.92518926,0.9107931,0.943182,0.940237,0.9293632,0.9241317,0.9505588,0.9439041,0.941715,0.9651327,0.94590056,0.94963306,0.966391,0.8883184,0.9216126,0.97103864,0.9419192,0.9553531,0.96169055,0.93784887,0.96393824,0.9669445,0.93695897,0.8553289,0.97132933,0.9569072,0.9487109,0.956559,0.93478465,0.90146744,0.85974616,0.9554561,0.4465024,0.9295486,0.516525,0.94152445,0.96648085,0.96507627,0.9325082,0.95628226,0.9333002,0.9705871,0.9298687,0.96045434,0.92104644,0.9500208,0.93089384,0.9660408,0.90860105,0.9217906,0.92694306,0.9408652,0.9378521,0.94619125,0.8318056,0.933264,0.9660785,0.9564823,0.9279426,0.96410835,0.9646255,0.9555756,0.9691336,0.94210213,0.90760785,0.8979011,0.949141,0.91295475,0.8839049,0.9259546,0.94721335,0.93300533,0.953022,0.96406066,0.6269986,0.96693236,0.9606251,0.95030314,0.9611402,0.95086396,0.93303484,0.9555756,0.95955545,0.94312876,0.96114767,0.9251643
aftermathmovie,0.990817,0.9702804,0.98638785,0.9550277,0.9791931,0.9449761,0.9999999,0.99137044,0.9936036,0.94245076,0.984351,0.83740574,0.97306216,0.98902345,0.9889556,0.9633466,0.9863175,0.9866145,0.98030376,0.96792996,0.9834665,0.9308606,0.9879234,0.9876788,0.97379524,0.4695434,0.94682866,0.9873425,0.98331,0.9580812,0.97548825,0.9664868,0.9373066,0.85043186,0.68593085,0.39695126,0.992997,0.94593126,0.97867316,0.9489513,0.9563824,0.97299945,0.9114077,0.9868534,0.98614985,0.94613814,0.9809665,0.9888733,0.95248383,0.98736346,0.97934127,0.9849453,0.93651617,0.93935615,0.89296377,0.9805185,0.95435745,0.97270304,0.97440946,0.9892865,0.97830236,0.9800531,0.98575634,0.97023064,0.9824316,0.958588,0.9676176,0.9861983,0.9903766,0.9328987,0.9913201,0.17723878,0.8697396,0.99227136,0.8269255,0.9393917,0.6622182,0.9815826,0.96933264,0.9427331,0.9383586,0.97113055,0.9868723,0.9673125,0.9476547,0.99087435,0.95845133,0.986393,0.9378189,0.9912776,0.98213154,0.9913201,0.9455328,0.9641589,0.9747998,0.97512215,0.9857231,0.9877441,0.98888767,0.9478049,0.92828196,0.9792602,0.8987154,0.9763644,0.97678316,0.98315376,0.9917771,0.9540468,0.9217423,0.9374143,0.9937173,0.29251474,0.9679428,0.37316665,0.9425116,0.97640216,0.9876061,0.95322454,0.9890695,0.99528754,0.9836619,0.97425336,0.99073106,0.9059618,0.98924977,0.97442013,0.97416675,0.9563588,0.9585331,0.9047929,0.9871811,0.9652854,0.9900141,0.87209195,0.96912706,0.97069705,0.97438836,0.98032844,0.98712885,0.9808367,0.9936036,0.970871,0.90056276,0.93223494,0.9459361,0.9580438,0.9096938,0.8239507,0.9396987,0.94894457,0.9924524,0.9736296,0.9881126,0.524889,0.9542146,0.9782866,0.9762453,0.9799468,0.96546125,0.9401046,0.9936036,0.97410196,0.97251683,0.9867588,0.96956605
aftermovie,0.9911179,0.9751668,0.9914094,0.940696,0.977846,0.9470547,0.99137044,1.0000001,0.99423444,0.95405996,0.9766691,0.8357777,0.966018,0.98755616,0.99417317,0.973786,0.9791847,0.9858595,0.98240966,0.98446196,0.98201275,0.94698435,0.9859607,0.98435056,0.9752075,0.45119113,0.94041884,0.9761125,0.9841944,0.9675703,0.97897476,0.9696688,0.9488843,0.85680324,0.6884833,0.4126291,0.9895741,0.941647,0.9845002,0.9604885,0.94856495,0.96813107,0.9152437,0.98325974,0.99148,0.94933,0.977309,0.9904334,0.96848536,0.9850802,0.98071826,0.9885633,0.9519945,0.95242804,0.8813763,0.9897429,0.96967983,0.978654,0.98175746,0.9843198,0.975879,0.9828475,0.9927623,0.96618617,0.98397017,0.95856947,0.97240984,0.9877549,0.99048686,0.9339742,0.9867072,0.20086765,0.8732042,0.9875483,0.82688147,0.933449,0.6738881,0.9791309,0.97022474,0.94908136,0.94283926,0.96008164,0.9859384,0.97309756,0.9423055,0.9872034,0.95159334,0.9923547,0.936051,0.9915093,0.9815475,0.9867072,0.94893754,0.9670005,0.970818,0.97560686,0.9789077,0.98515284,0.9898511,0.9516297,0.91874903,0.98245406,0.8993073,0.9771039,0.98228765,0.9832687,0.9917683,0.9468609,0.9207946,0.9445236,0.98981345,0.32187933,0.9778516,0.39774865,0.95324045,0.9731807,0.987997,0.9589599,0.99105954,0.98107463,0.9840803,0.98177475,0.9811618,0.8958929,0.9884742,0.9798714,0.9774237,0.9630465,0.95912915,0.897515,0.9890997,0.96995956,0.99067384,0.8454856,0.9778459,0.9670146,0.9795047,0.9809699,0.98249316,0.983926,0.99423444,0.97147924,0.90238774,0.9214494,0.9516952,0.968377,0.9260518,0.8171761,0.93543667,0.9485137,0.98714644,0.974834,0.9809106,0.5475763,0.9538852,0.97960335,0.96945727,0.97940344,0.9754642,0.9514962,0.99423444,0.9776231,0.9851843,0.9863765,0.97116596
ahiddenlifefilm,0.9960897,0.98377997,0.9946472,0.95107377,0.9866485,0.9555756,0.9936036,0.99423444,0.99999994,0.95232373,0.98400867,0.83865553,0.97153246,0.9961625,0.9961949,0.9799982,0.98607063,0.98967284,0.9925013,0.97718054,0.98567444,0.9302216,0.9934319,0.99404764,0.9731968,0.44309402,0.9495428,0.9835735,0.9864635,0.97199297,0.98507553,0.9830791,0.9580387,0.8443703,0.7028526,0.40470058,0.9954528,0.95119137,0.97451496,0.9726482,0.96541524,0.9760071,0.9253028,0.9876799,0.9903768,0.9572015,0.9883557,0.98949355,0.9610852,0.9908089,0.978693,0.9961048,0.9423396,0.96009636,0.88596886,0.9880504,0.96698105,0.97876585,0.9850319,0.99125427,0.9756855,0.98990417,0.99377215,0.9798729,0.9910366,0.9543227,0.9666567,0.9949475,0.99468917,0.94674,0.99394494,0.16637042,0.8788754,0.98510617,0.8423259,0.95337224,0.6758994,0.98707813,0.9842619,0.9470067,0.95301723,0.966741,0.9926504,0.970197,0.9383228,0.9859822,0.9678809,0.99449474,0.94897544,0.99830765,0.98882735,0.99394494,0.95539737,0.97849405,0.9774467,0.97883236,0.98251945,0.9940783,0.9940274,0.96446383,0.93189985,0.9800903,0.8912746,0.9829369,0.98364335,0.9855751,0.9993842,0.9596828,0.9307031,0.9271723,0.9964731,0.31846315,0.9803172,0.38648865,0.9603263,0.9886576,0.9955919,0.9549161,0.99665385,0.98364055,0.9923919,0.9874944,0.99059427,0.92101395,0.9971045,0.9881745,0.9832333,0.9511139,0.9558226,0.922315,0.9905126,0.97552717,0.99517053,0.85021967,0.980206,0.97686136,0.98279715,0.9887682,0.9899852,0.98567444,0.99999994,0.965427,0.9048992,0.946201,0.9594141,0.9761012,0.92279065,0.83374995,0.9547457,0.9534257,0.9822436,0.9875883,0.98861265,0.52243805,0.969425,0.9822687,0.980655,0.9897404,0.9785713,0.9623112,0.99999994,0.98558664,0.98973864,0.99290264,0.9600973
alitamovie,0.95551276,0.9378103,0.96579343,0.9307726,0.95073956,0.95073086,0.94245076,0.95405996,0.95232373,1.0,0.94568104,0.79811513,0.91728044,0.9473972,0.9554494,0.93481416,0.9521984,0.9424455,0.9373319,0.95063275,0.94874454,0.949116,0.95205677,0.9450402,0.9325272,0.40895578,0.9178142,0.9236812,0.9526098,0.9521731,0.9184577,0.95523244,0.92992896,0.7766217,0.7401245,0.56000316,0.94458014,0.9248032,0.9134672,0.96524864,0.90205,0.91573447,0.92113537,0.9248149,0.94707507,0.95121974,0.94509274,0.95418423,0.9134748,0.93057954,0.9527,0.9537728,0.922155,0.935694,0.8733749,0.93297875,0.9294882,0.9456806,0.91937876,0.94029444,0.91973954,0.93564147,0.9505672,0.9271289,0.9381801,0.91957504,0.9463009,0.9547833,0.95378464,0.9664953,0.9414167,0.3032257,0.8124288,0.92774147,0.86470735,0.90675175,0.72131324,0.94227856,0.92628944,0.93265516,0.8809601,0.9320116,0.93173367,0.93989444,0.92218775,0.9449168,0.91845083,0.9422416,0.9261018,0.9467546,0.92775387,0.9414167,0.8897664,0.89932054,0.952391,0.95317256,0.9235737,0.95667124,0.9491682,0.92076653,0.9393617,0.9320156,0.86480683,0.95851964,0.9646668,0.956797,0.94731474,0.914486,0.85713565,0.86328995,0.9477017,0.52571565,0.93422925,0.56132644,0.9372193,0.9418182,0.95398396,0.91343415,0.9474966,0.9355583,0.93898994,0.93393695,0.9447775,0.8452654,0.9488579,0.9271662,0.9507797,0.93905693,0.91938514,0.8770396,0.9442109,0.9298816,0.953418,0.8065305,0.9548298,0.96210104,0.9469608,0.9400442,0.9347618,0.9663385,0.95232373,0.94632584,0.941644,0.8764644,0.89537,0.9624712,0.9501775,0.8350206,0.8994358,0.9075532,0.93543077,0.944098,0.9365049,0.65391564,0.94127333,0.93656933,0.92083335,0.9271019,0.93737173,0.94248235,0.95232373,0.938286,0.95550364,0.9465459,0.94467926
angelhasfallen,0.98467135,0.95916975,0.97646296,0.97461337,0.9778132,0.96866834,0.984351,0.9766691,0.98400867,0.94568104,0.99999994,0.8022746,0.97222495,0.9870286,0.97558725,0.94534034,0.98517364,0.9656437,0.9712716,0.9528539,0.97987145,0.93273175,0.9871309,0.9797839,0.9657093,0.48007622,0.9778848,0.97676605,0.9731727,0.9556385,0.958601,0.97926664,0.9575581,0.8115264,0.7653176,0.49298018,0.9872176,0.9705471,0.95929843,0.9634033,0.94426274,0.97707874,0.9507335,0.9886506,0.9684054,0.97582614,0.989089,0.96319497,0.9186921,0.98578197,0.968058,0.97263944,0.91382855,0.9380921,0.9165577,0.96024984,0.94204175,0.9675972,0.9524919,0.99305886,0.9634073,0.9641709,0.9705388,0.9667688,0.9665863,0.97503686,0.9416673,0.97775555,0.9897619,0.957362,0.99084044,0.21994913,0.863586,0.97922856,0.8891489,0.9623017,0.7308816,0.98588854,0.96316427,0.9259027,0.95179254,0.98216206,0.97153795,0.9623528,0.9571931,0.9842432,0.968484,0.9741647,0.9702343,0.977234,0.97123706,0.99084044,0.9244631,0.9542954,0.98316085,0.9772612,0.9845767,0.983223,0.9697282,0.9657544,0.96650416,0.9747423,0.89017135,0.983334,0.9713077,0.9715094,0.98365325,0.9497143,0.92028195,0.906668,0.9870804,0.38306755,0.9535428,0.4724964,0.955557,0.98498654,0.98647964,0.96721274,0.9856367,0.97713065,0.97854143,0.96560365,0.983971,0.92744666,0.9814051,0.9552273,0.97037864,0.94814295,0.9625964,0.93354106,0.9678027,0.9672847,0.9752409,0.8861683,0.9572686,0.984311,0.97659236,0.9567458,0.99101806,0.9801797,0.98400867,0.97604614,0.94564885,0.92988455,0.9258864,0.9605724,0.9271711,0.8904099,0.93900096,0.95768374,0.9715465,0.96910423,0.9798092,0.58632797,0.9705733,0.9780616,0.97308564,0.98107773,0.96512127,0.94427055,0.98400867,0.9733589,0.96144056,0.9802552,0.9569944
angrybirdsmovie,0.8245064,0.7877742,0.8336283,0.74982804,0.7655277,0.79287237,0.83740574,0.8357777,0.83865553,0.79811513,0.8022746,1.0,0.81344754,0.8209999,0.85492563,0.79495436,0.8559911,0.8051324,0.80650055,0.8510682,0.8089665,0.8118085,0.81957465,0.83038294,0.8883021,0.7096103,0.68767256,0.8611748,0.8631242,0.8915099,0.8187917,0.78934795,0.77805525,0.95524204,0.5805514,0.30942863,0.8222323,0.72078496,0.8171039,0.78027445,0.8285264,0.7360406,0.64373237,0.81006354,0.80324,0.71405417,0.8155381,0.85965836,0.89840376,0.7878905,0.8985994,0.8247724,0.8794448,0.7457822,0.8150445,0.8366086,0.8769337,0.7369068,0.81570315,0.8102805,0.8132582,0.87617457,0.83555394,0.79332787,0.8592116,0.73485976,0.84912235,0.80954653,0.80889297,0.712533,0.8141827,0.3256378,0.8740454,0.83356655,0.59532565,0.82278395,0.67474455,0.86595505,0.8256799,0.71912736,0.7962304,0.76212275,0.8216849,0.83600336,0.84581286,0.80054927,0.83304834,0.83130866,0.75309956,0.8414468,0.85974497,0.8141827,0.79581285,0.7543602,0.8424754,0.8699609,0.80374366,0.8200448,0.8430547,0.7673205,0.70203906,0.8496442,0.92135036,0.78365713,0.77053714,0.8976623,0.83269393,0.7417231,0.88020605,0.8768552,0.8541041,0.25438392,0.7618577,0.2702445,0.6998623,0.8059479,0.81327564,0.77126175,0.80479026,0.8065547,0.825264,0.7860044,0.86583364,0.83776975,0.8447956,0.8199423,0.76846445,0.8416428,0.71227765,0.63361204,0.84342027,0.78172714,0.87021804,0.85010105,0.75161296,0.8337919,0.7554046,0.8660897,0.81745666,0.79498196,0.83865553,0.8116762,0.6914461,0.734143,0.7018874,0.7563349,0.68700486,0.65599215,0.7420887,0.84988236,0.84201974,0.7715035,0.8381702,0.5924882,0.7693133,0.76656944,0.86281353,0.8222363,0.74599135,0.7132513,0.83865553,0.82248825,0.831643,0.84423244,0.8846375
annabellemovie,0.97881925,0.95114124,0.95961785,0.96330184,0.9525272,0.93672544,0.97306216,0.966018,0.97153246,0.91728044,0.97222495,0.81344754,1.0,0.9754114,0.9604641,0.9539346,0.9830201,0.95331067,0.9735403,0.93064976,0.94441175,0.92815256,0.9618343,0.9724592,0.9649883,0.48826486,0.94666547,0.9766621,0.948051,0.9554316,0.9705276,0.96257466,0.9447648,0.844087,0.7650943,0.43913618,0.97218305,0.97538054,0.96138215,0.9254782,0.966202,0.9611502,0.9005348,0.97518265,0.94817096,0.94845027,0.9632512,0.9628271,0.9085363,0.9686885,0.953442,0.9543914,0.940064,0.92564046,0.92034984,0.96578884,0.94526136,0.946326,0.95467806,0.97354996,0.98778903,0.96709174,0.96253353,0.97207415,0.96204233,0.935728,0.92475903,0.9573307,0.9682865,0.929795,0.9731333,0.19038764,0.9141178,0.969699,0.8508374,0.95891637,0.7447271,0.9838014,0.9694294,0.90262985,0.9675795,0.97746956,0.97705597,0.9591383,0.9587557,0.9720653,0.97537297,0.9734653,0.955504,0.96244913,0.9668042,0.9731333,0.9389552,0.94697803,0.9678478,0.9547314,0.96575487,0.96008164,0.9666849,0.9592015,0.92362,0.97063017,0.9110565,0.95902085,0.9454137,0.9569608,0.9720268,0.9626013,0.9593204,0.9081092,0.97488254,0.33364096,0.9348497,0.40985712,0.9147589,0.9671072,0.97526544,0.9648282,0.97539854,0.95657325,0.97114134,0.95438933,0.97722346,0.94580394,0.96805924,0.95876974,0.95303446,0.938394,0.96234953,0.9135744,0.94470274,0.97807837,0.96217346,0.88168335,0.93420875,0.98028374,0.9790184,0.94214857,0.9736751,0.94361585,0.97153246,0.9460535,0.8957618,0.9541368,0.9136806,0.9419837,0.9229492,0.8884473,0.9471274,0.9716134,0.9665544,0.95183134,0.9567914,0.5652509,0.93867785,0.9647297,0.95624876,0.97164524,0.9489146,0.9143054,0.97153246,0.9717705,0.95076567,0.9615506,0.9387552
annamovie,0.99644905,0.985063,0.99227613,0.9629692,0.9869908,0.9664891,0.98902345,0.98755616,0.9961625,0.9473972,0.9870286,0.8209999,0.9754114,0.99999994,0.9871965,0.9793239,0.98604864,0.98282343,0.9900961,0.963736,0.9815092,0.92907953,0.9913512,0.99373794,0.9607663,0.42720783,0.9625608,0.9802981,0.9819061,0.96231467,0.97787327,0.9907493,0.9639164,0.8201321,0.73396045,0.42674154,0.9961782,0.96699536,0.9641238,0.9746866,0.9727863,0.9795124,0.93787134,0.9868152,0.98514,0.9649003,0.98947537,0.9817626,0.9440475,0.990922,0.9701819,0.9921117,0.92492455,0.9640075,0.89969534,0.9778373,0.96090615,0.97646886,0.9782998,0.99355114,0.9768261,0.98709035,0.98936754,0.99025905,0.98549736,0.95610917,0.94893956,0.9933363,0.99434114,0.95702034,0.99620396,0.1581098,0.8694269,0.9802533,0.8570708,0.9585962,0.68393666,0.9894094,0.979543,0.9427372,0.9545639,0.9749561,0.9931292,0.96635973,0.9413001,0.9836503,0.9764049,0.9871927,0.963123,0.9905525,0.9877105,0.99620396,0.94569564,0.9769985,0.9835488,0.97119975,0.9826094,0.9937866,0.9912265,0.971343,0.94666326,0.9728218,0.88586193,0.9883398,0.982687,0.97803175,0.9970979,0.97250247,0.9342228,0.9058035,0.99207395,0.33047146,0.9760148,0.41005072,0.9650986,0.99347913,0.99761456,0.95233154,0.9955226,0.9790354,0.9956018,0.9834423,0.98945934,0.93243927,0.992858,0.98458064,0.9863953,0.9430513,0.95588595,0.93965626,0.9828069,0.97782063,0.9873978,0.84298015,0.9752012,0.9780475,0.98792726,0.98142385,0.99465823,0.9809628,0.9961625,0.9694789,0.9140634,0.9599356,0.9590048,0.97982574,0.9314757,0.858043,0.96870416,0.9606372,0.9737586,0.98723876,0.9867137,0.52192134,0.97960216,0.9878124,0.978325,0.9935522,0.980832,0.96523553,0.9961625,0.982523,0.98067683,0.9898472,0.9490375
apollo11movie,0.99009967,0.977803,0.9938651,0.93288106,0.9768165,0.95082134,0.9889556,0.99417317,0.9961949,0.9554494,0.97558725,0.85492563,0.9604641,0.9871965,0.99999994,0.97228265,0.97699326,0.9848671,0.9851686,0.9898542,0.9813757,0.9364908,0.98883593,0.98633754,0.97641903,0.47032434,0.93262434,0.9755811,0.99114656,0.97715855,0.97823805,0.9734091,0.94798803,0.8653428,0.6780643,0.39592016,0.9903515,0.9341457,0.9777347,0.96883225,0.9457306,0.9688275,0.9142321,0.9841839,0.98894083,0.94677866,0.9816645,0.9877691,0.9705478,0.98541653,0.98649645,0.99257845,0.953263,0.9533343,0.8810444,0.98571014,0.967713,0.9754005,0.9798369,0.98226786,0.96446353,0.9872254,0.99244136,0.9635035,0.98694223,0.9500287,0.97545594,0.9890494,0.9905028,0.93543416,0.9852874,0.19099972,0.87483495,0.9826426,0.8184899,0.9416841,0.6786299,0.9823562,0.9781598,0.95290166,0.93848735,0.9535647,0.9833135,0.9678868,0.93429595,0.9812744,0.9536039,0.99394506,0.9295804,0.99731064,0.98139435,0.9852874,0.95333624,0.96837854,0.9735713,0.98174226,0.9793472,0.9893051,0.9874116,0.95359814,0.91883284,0.9823787,0.8972202,0.9739792,0.9757764,0.99058783,0.99366254,0.9382832,0.9226407,0.9410096,0.9939161,0.31245556,0.97509116,0.37947512,0.95012486,0.9767303,0.9873405,0.95170206,0.99129593,0.9770345,0.9858177,0.98127735,0.9862011,0.90908253,0.9914852,0.9804516,0.9796078,0.9590047,0.9491155,0.90413326,0.98994344,0.9679638,0.9933488,0.85439295,0.97698593,0.970215,0.9722759,0.9861652,0.97923845,0.9854444,0.9961949,0.96645576,0.9000479,0.9215458,0.9492414,0.9659141,0.9150269,0.807133,0.93094647,0.9456884,0.98469794,0.9810069,0.9859712,0.5404779,0.9554052,0.97236896,0.9765099,0.98028904,0.96951467,0.9504232,0.9961949,0.9822527,0.98981076,0.98994243,0.96998775
arcticdogsmovie,0.9799358,0.9919333,0.97867,0.9381989,0.9724688,0.91897726,0.9633466,0.973786,0.9799982,0.93481416,0.94534034,0.79495436,0.9539346,0.9793239,0.97228265,0.99999994,0.9630094,0.9791154,0.9830861,0.9559763,0.9608187,0.9173913,0.95985734,0.98089904,0.93709207,0.37508982,0.9184843,0.95337355,0.9555524,0.94371164,0.9790978,0.96747094,0.94741035,0.7960967,0.71141165,0.4031237,0.9696924,0.9375681,0.9514648,0.95968574,0.97261447,0.95282805,0.9081069,0.9570459,0.9788267,0.9378395,0.9546967,0.96986765,0.9484097,0.9655415,0.94301283,0.9835933,0.9207505,0.96942693,0.8583451,0.9739094,0.96264046,0.97113687,0.9862601,0.9635421,0.9744123,0.97748756,0.9839456,0.98146856,0.9814544,0.9007887,0.94311804,0.9839405,0.9683272,0.9339151,0.9695989,0.13056584,0.8556809,0.9541774,0.8182623,0.9185485,0.6477682,0.95825166,0.9751053,0.93461037,0.9385119,0.9501769,0.9890368,0.96025926,0.90454584,0.9610201,0.9593787,0.97601867,0.92500407,0.9770813,0.97126883,0.9695989,0.9514514,0.97913736,0.9471236,0.94432193,0.94831264,0.97501016,0.9877981,0.94313306,0.9045666,0.9534167,0.86317676,0.9687817,0.9687723,0.95454085,0.9813429,0.9714252,0.91755193,0.8813246,0.9649057,0.33025014,0.98358387,0.38560218,0.96248055,0.9672167,0.97907543,0.92359847,0.9793316,0.9530141,0.9721329,0.9870018,0.95654815,0.8957208,0.97519886,0.99018127,0.97254694,0.92909664,0.94451684,0.9176542,0.9687312,0.9803467,0.97056705,0.77742696,0.9797471,0.9488875,0.97474647,0.97749025,0.9672679,0.9545789,0.9799982,0.9273252,0.8796089,0.96286887,0.9721871,0.98098034,0.94017226,0.81419796,0.9709642,0.9308092,0.9466029,0.97422165,0.95665646,0.4746632,0.9587371,0.97159564,0.94263405,0.9718578,0.97989446,0.97135633,0.9799982,0.96282154,0.97658724,0.96217793,0.9177419
arcticmovie,0.9870111,0.96088445,0.97896343,0.97354627,0.97120124,0.9500781,0.9863175,0.9791847,0.98607063,0.9521984,0.98517364,0.8559911,0.9830201,0.98604864,0.97699326,0.9630094,1.0,0.97278625,0.9751656,0.9524301,0.9752429,0.9407492,0.97867537,0.9859206,0.97683275,0.50301087,0.9466613,0.98867506,0.9689235,0.9694382,0.9722777,0.97210157,0.95453364,0.8493836,0.7673329,0.4768992,0.98007244,0.9597409,0.9558388,0.95328796,0.97478306,0.95190716,0.9103871,0.974858,0.9655589,0.9561952,0.97931784,0.978659,0.9415482,0.96953654,0.97560084,0.9741802,0.9389642,0.9339133,0.91969645,0.973403,0.9607942,0.9539605,0.96565354,0.98381305,0.98096734,0.97901076,0.9754803,0.97514725,0.97996026,0.9403422,0.95010114,0.97655106,0.9788899,0.94531476,0.9840524,0.22698227,0.90114075,0.97627664,0.863272,0.96008354,0.7366792,0.98968035,0.974615,0.91008055,0.95937634,0.977764,0.9811079,0.9727932,0.9665063,0.97691685,0.9836914,0.97641546,0.9627435,0.9789473,0.9838762,0.9840524,0.93079203,0.94874364,0.97854745,0.9792238,0.96780103,0.9825306,0.9851582,0.9579196,0.9396319,0.9760177,0.9257908,0.9752026,0.9662391,0.9819964,0.9853545,0.96197087,0.9464237,0.9165013,0.9873069,0.38829485,0.9508627,0.44890067,0.9374474,0.9809973,0.9857359,0.9540049,0.9797051,0.976096,0.9763329,0.96663874,0.9876491,0.9319661,0.9861227,0.96946305,0.9608111,0.953426,0.9489012,0.90735036,0.9733797,0.97378373,0.98712134,0.8902601,0.95477974,0.9887882,0.97193825,0.9728037,0.9853644,0.9665591,0.98607063,0.9608639,0.9207547,0.942487,0.9192208,0.9598731,0.9256972,0.88222235,0.9505289,0.9664258,0.97081894,0.9612046,0.9744498,0.58869934,0.9639209,0.9680878,0.97249526,0.97780925,0.956503,0.9381741,0.98607063,0.97247046,0.9687065,0.97812885,0.9637942
artofracingmovie,0.98347694,0.97690964,0.98601025,0.9382263,0.9892065,0.92980045,0.9866145,0.9858595,0.98967284,0.9424455,0.9656437,0.8051324,0.95331067,0.98282343,0.9848671,0.9791154,0.97278625,0.99999994,0.9853405,0.96664304,0.98622537,0.91437113,0.97649,0.98559284,0.9532689,0.3823246,0.94025564,0.9773752,0.9703198,0.9429235,0.9846656,0.9638183,0.92763895,0.80381715,0.6470709,0.349184,0.9820247,0.92812634,0.9636527,0.9549216,0.95706904,0.9658044,0.90208817,0.9704693,0.9898048,0.93824124,0.9661365,0.98158497,0.94837296,0.97709996,0.9585226,0.9864397,0.92143404,0.955003,0.84526783,0.98440766,0.9413678,0.9848032,0.9909146,0.97842044,0.96875775,0.97800845,0.98819417,0.9684929,0.97896725,0.93749946,0.96031713,0.9849128,0.98072565,0.93811345,0.9825818,0.10540055,0.8464589,0.97638595,0.8096563,0.91633034,0.61114675,0.9597131,0.97525096,0.95518535,0.92819124,0.9607253,0.9855505,0.95431125,0.91039306,0.97829986,0.9489779,0.9836755,0.9204509,0.9902647,0.9826529,0.9825818,0.9518894,0.97986746,0.94877243,0.951102,0.973709,0.9888009,0.99186635,0.9412703,0.90934604,0.96470046,0.8520901,0.97296244,0.9766933,0.9672518,0.9890946,0.96179414,0.893208,0.9029989,0.9795174,0.27951774,0.9875824,0.33059454,0.9626231,0.9731928,0.98151267,0.9330808,0.9843225,0.98704994,0.979129,0.99042916,0.9720359,0.8721842,0.9859821,0.9873737,0.98028404,0.9375235,0.9578193,0.92078775,0.98871785,0.96996164,0.9879777,0.8059229,0.9901549,0.9534706,0.96985966,0.98795325,0.9756109,0.9770088,0.98967284,0.94916624,0.88770986,0.93743324,0.97212714,0.9640349,0.90702325,0.7934302,0.9515236,0.91822934,0.97227716,0.9814355,0.97566146,0.45276913,0.95295,0.9784195,0.95096356,0.97233737,0.9783441,0.9656127,0.98967284,0.96494275,0.97852266,0.9719585,0.9434248
avengers,0.99102265,0.9809777,0.98472303,0.9409004,0.9833673,0.94666195,0.98030376,0.98240966,0.9925013,0.9373319,0.9712716,0.80650055,0.9735403,0.9900961,0.9851686,0.9830861,0.9751656,0.9853405,1.0,0.95869946,0.97161406,0.90955704,0.98382086,0.9909111,0.9606764,0.3919686,0.9500238,0.978507,0.9681009,0.96349686,0.9910852,0.9839894,0.95742655,0.8173644,0.69585663,0.36820632,0.9862205,0.95586425,0.9646504,0.96625316,0.968855,0.97588754,0.917973,0.9794504,0.98060715,0.953271,0.97796595,0.98005784,0.9373109,0.98561454,0.95539683,0.98846763,0.93462574,0.97121096,0.8664892,0.98739564,0.9542411,0.9762654,0.98600215,0.98224247,0.97465664,0.98411506,0.98866904,0.9818437,0.9826714,0.9387053,0.94477344,0.98620737,0.9847154,0.9480198,0.9862392,0.10525518,0.88955045,0.972998,0.8458359,0.9571557,0.66643107,0.9772127,0.98800045,0.9430231,0.9623684,0.9611722,0.99088794,0.95911354,0.91931844,0.9773447,0.9667571,0.991365,0.94807386,0.9910659,0.9835056,0.9862392,0.97095233,0.9884324,0.9617019,0.95813555,0.9737719,0.9826392,0.9867506,0.96861535,0.9192121,0.9679091,0.8612191,0.9756002,0.97649795,0.96571153,0.9943194,0.96800095,0.9346702,0.8994214,0.98661757,0.3003296,0.9814923,0.35075787,0.9583995,0.98774934,0.99091816,0.9525541,0.9937064,0.96894735,0.9902912,0.9898685,0.98178023,0.92732215,0.9902342,0.992555,0.9784599,0.92829424,0.95894504,0.93630666,0.9743902,0.9786663,0.9848724,0.8218544,0.9779977,0.97081554,0.9857051,0.9781193,0.9815942,0.9731313,0.9925013,0.9422503,0.88559973,0.9649206,0.96528256,0.97349364,0.91649693,0.83863467,0.9679012,0.94937164,0.9663857,0.9905231,0.9743023,0.47978535,0.96262294,0.97861516,0.9657522,0.98635113,0.9825419,0.9690777,0.9925013,0.98887664,0.98785776,0.98108226,0.9308164
beachbummovie,0.96770126,0.96169364,0.982955,0.9033502,0.9541301,0.92993927,0.96792996,0.98446196,0.97718054,0.95063275,0.9528539,0.8510682,0.93064976,0.963736,0.9898542,0.9559763,0.9524301,0.96664304,0.95869946,1.0,0.9633417,0.9436412,0.96647567,0.9593134,0.96077085,0.4941248,0.9004251,0.9457371,0.9859129,0.96478075,0.95203716,0.94870985,0.9225655,0.8701628,0.64927983,0.40399867,0.97101396,0.901728,0.97331816,0.9510905,0.9054584,0.9494453,0.90361464,0.9692202,0.976847,0.9284784,0.9580807,0.96665215,0.97131366,0.9671667,0.9843686,0.97621346,0.9459132,0.933911,0.8643912,0.97069347,0.9609414,0.9625766,0.96134824,0.9567501,0.9401901,0.9654143,0.977678,0.92861587,0.96461684,0.9336284,0.9763784,0.9709554,0.9724004,0.91150004,0.9591654,0.23772433,0.8399346,0.96542776,0.7746141,0.9009756,0.6674466,0.96047753,0.94933176,0.95543236,0.9006519,0.93209535,0.95804256,0.95318097,0.91856027,0.9622962,0.92032826,0.9797011,0.8908522,0.9790139,0.9554001,0.9591654,0.9307974,0.9432277,0.9551722,0.97240484,0.9616636,0.9713896,0.9686307,0.9202506,0.8926464,0.96852034,0.8937457,0.9509694,0.95403695,0.98312175,0.9713271,0.8988969,0.8914865,0.94389224,0.975038,0.32440028,0.95897484,0.39304492,0.9324336,0.94420445,0.9621003,0.9289285,0.9720944,0.9554512,0.9635311,0.963567,0.9602336,0.86975867,0.966672,0.9547604,0.96471095,0.963947,0.93268675,0.8753187,0.97646964,0.950292,0.9760916,0.8379805,0.964829,0.94404334,0.9487415,0.96780497,0.95312256,0.9764447,0.97718054,0.96029997,0.8974294,0.87106705,0.9306866,0.9469447,0.909891,0.7612971,0.88646644,0.9180726,0.9733003,0.9585452,0.9653566,0.5658568,0.9292938,0.9494175,0.9503095,0.9505722,0.9511715,0.9270545,0.97718054,0.95760804,0.9746766,0.9678986,0.9735461
bernadettefilm,0.9836439,0.9670564,0.9827793,0.9557235,0.98514456,0.9518252,0.9834665,0.98201275,0.98567444,0.94874454,0.97987145,0.8089665,0.94441175,0.9815092,0.9813757,0.9608187,0.9752429,0.98622537,0.97161406,0.9633417,1.0000001,0.92757726,0.9827738,0.98674434,0.95753676,0.43869233,0.9557934,0.9772946,0.9700598,0.93899035,0.966164,0.9664291,0.95088947,0.799031,0.7066931,0.44584036,0.97754985,0.9342801,0.951565,0.96824926,0.9452529,0.95788205,0.9213924,0.9711621,0.9880762,0.954961,0.9774918,0.9726328,0.9481548,0.97346103,0.9621529,0.9784666,0.90421146,0.95288265,0.87707406,0.96639186,0.93753415,0.98017997,0.9748024,0.98511106,0.9569633,0.9708517,0.98291904,0.9642508,0.9759176,0.95624524,0.94897205,0.9811557,0.9810924,0.946623,0.98825455,0.18915397,0.8377908,0.98031485,0.85733527,0.9334711,0.667021,0.96514046,0.9641969,0.9388768,0.93401194,0.95899886,0.97436273,0.9689547,0.9310578,0.97950685,0.9585644,0.9695093,0.9453884,0.9847665,0.98319846,0.98825455,0.92721605,0.96678025,0.9606123,0.9669999,0.9740503,0.98970866,0.97926116,0.9546397,0.9437706,0.9732427,0.8734515,0.9856583,0.9812129,0.9711488,0.98628354,0.9545704,0.8978322,0.90958947,0.97700036,0.35027635,0.9809224,0.4242241,0.9736395,0.97800374,0.98378366,0.9507067,0.9782396,0.98385483,0.9729035,0.9799566,0.97086245,0.88597023,0.9827646,0.97425425,0.97627527,0.9440739,0.95202327,0.91416776,0.9898509,0.9663714,0.9838224,0.84489053,0.9821741,0.9601045,0.96296674,0.97763276,0.985219,0.9801814,0.98567444,0.96894306,0.92529804,0.9215933,0.9451165,0.9620123,0.9099422,0.8375099,0.94450355,0.9363021,0.9635182,0.96917754,0.9850039,0.5330901,0.9715713,0.97977185,0.9640985,0.97745407,0.977668,0.9652601,0.98567444,0.9681651,0.97170955,0.9790641,0.9547832
