movie,21bridgesmovie,47metersdown,abeautifuldaymovie,abominablemovie,adastramovie,adogsjourneymovie,aftermathmovie,aftermovie,ahiddenlifefilm,alitamovie,angelhasfallen,angrybirdsmovie,annabellemovie,annamovie,apollo11movie,arcticdogsmovie,arcticmovie,artofracingmovie,avengers,beachbummovie,bernadettefilm,blackandbluemovie,blackchristmas,blindedbythelightmovie,bombshellmovie,booksmart,breakthroughmovie,brianbanksmovie,brightburnmovie,brittanyrunsmov,captainmarvelofficial,captivestatemovie,catsmovie,charliesangels,childsplaymovie,clarathefilm,coldpursuitmovie,countdown,currentwarmovie,darkwatersmovie,detectivepikachumovie,disneyaladdin,disneyfrozen,disneymaleficent,doctorsleepmovie,dolemiteismyname,dontletgomovie,doramovie,downtonabbey_official,dumbo,escaperoom,everybodyknowsmovie,fastandfuriousmovie,fightingwmyfam,fivefeetapartfilm,fordvferrari,freaksthefilm,geminimanmovie,glassmovie,gloriabellmovie,godzillamovie,goldfinchmovie,goodboysmovie,goodliarmovie,gretafilm,halathemovie,happydeathdaymovie,harrietfilm,hellboymovie,hersmellmovie,highlifemovie,highstrungmovie,honeyboymovie,hotelmumbaifilm,httydragon,hustlemovie,hustlersmovie,isntitromantic,itmovieofficial,jayandsilentbob,johnwickmovie,jojorabbitmovie,jokermovie,judythefilm,jumanjimovie,justmercyfilm,knivesout,lalloronamovie,lastblackmansf,lastchristmasthemovie,latenightmovie,lighthousemovie,lionking,littlethemovie,littlewomenmovie,littlewoodsfilm,longshotmovie,lordsofchaosmovie,lucyintheskyfilm,mamovie2019,marriagestory,meettheaddams,meninblack,midsommarmovie,midwaymovie,missbalamovie,missinglinkfilm,motherlessbklyn,onceinhollywood,onthebasisofsex,overcomermovie,peanutbutterfalcon,petsematarymovie,piercingmovie,playingwithfire,playmobilthemovie,pomsmovie,queenandslim,rambomovie,readyornotfilm,richardjewellfilm,rocketmanmovie,scarystoriesmovie,secretlifeofpets,serenityfilm,shaftmovie,shazammovie,spidermanmovie,spiesindisguise,starwars,stormboymovie,stubermovie,taosdfilm,teenspiritmov,terminator,theaeronautsmov,thebestofenemies,thedeaddontdie,thefarewell,thehighwaymen,thehummingbirdprojectfilm,theintrudermovie,theirishmanfilm,thekitchenmovie,thelegomovie,themustangfilm,thenightingalefilm,theprodigymovie,thesunisalsoastar,theupsidefilm,tolkienmovie,toystory,triplefrontier,uglydolls,uncutgems,underthesilverlake,usmovie,wavesmovie,whatmenwant,wonderparkmovie,wrinklestheclown,xmenmovies,yardiefilm,yesterdaymovie,zombieland
21bridgesmovie,0.99999994,0.8938416,0.96969444,0.9004187,0.9681463,0.92734957,0.95269585,0.9675401,0.9788707,0.92370176,0.950003,0.9266055,0.95418996,0.9671971,0.96834874,0.9476888,0.96506107,0.9671692,0.97500765,0.9616215,0.9275393,0.9465721,0.95444214,0.95449275,0.95561945,0.7865053,0.9510672,0.95550185,0.9435137,0.9468209,0.9544994,0.9593731,0.94011456,0.91035336,0.844933,0.7107532,0.9606656,0.9413585,0.95899963,0.9554248,0.95577294,0.9529477,0.9087362,0.9637979,0.96935314,0.9488719,0.94085896,0.9536253,0.9563901,0.96321213,0.94807506,0.98169243,0.9491282,0.8971076,0.95123607,0.9655344,0.9539242,0.96411574,0.943463,0.96482277,0.9510723,0.9611446,0.9186161,0.9620204,0.96206397,0.974952,0.95946586,0.9615583,0.95320934,0.9533128,0.9714375,0.43185878,0.90555024,0.96791667,0.9186967,0.93032604,0.77925336,0.95101047,0.95427907,0.94928086,0.94913125,0.9484433,0.96319336,0.93808854,0.9511498,0.95577806,0.9196917,0.9685177,0.94214666,0.9687243,0.9584794,0.9714375,0.9502332,0.91366506,0.9612248,0.97360414,0.9335648,0.95926374,0.9410625,0.94867903,0.934362,0.9279875,0.95732796,0.9711369,0.9501552,0.94787145,0.9513055,0.95134276,0.96477515,0.9251897,0.9464945,0.7957274,0.97415596,0.75693065,0.9288718,0.96102476,0.98989946,0.9142025,0.9737095,0.96406144,0.96257883,0.95565766,0.9546363,0.9388851,0.9632301,0.95865124,0.9483391,0.94463384,0.963651,0.90618974,0.9648653,0.9519452,0.97153103,0.9019824,0.9645918,0.939845,0.95103014,0.95879656,0.9671112,0.9464554,0.9788707,0.9482291,0.94804037,0.9607629,0.92470676,0.9692035,0.91745603,0.9261653,0.9608374,0.97559005,0.9602118,0.9635544,0.955525,0.92031693,0.9606992,0.9674486,0.94497806,0.95463765,0.96143824,0.9337525,0.9788707,0.9443821,0.96311843,0.95741606,0.9484289
47metersdown,0.8938416,1.0000001,0.9141131,0.8546501,0.8748765,0.88855547,0.9170205,0.90968716,0.93244225,0.84354705,0.9529369,0.90392095,0.9242213,0.9320774,0.94200635,0.95022005,0.92871535,0.91933686,0.90651524,0.9119714,0.9110346,0.9056591,0.95032156,0.9015808,0.92453057,0.6180323,0.89454603,0.90410507,0.9171761,0.9033142,0.9171338,0.9085721,0.9118189,0.87971133,0.81255364,0.76363975,0.9280099,0.9410583,0.89393157,0.903187,0.8964254,0.883379,0.88087285,0.88864195,0.9456048,0.90529186,0.94196534,0.91226745,0.8733805,0.89161456,0.915205,0.9111603,0.940302,0.9492163,0.8574352,0.84205663,0.8914823,0.9133192,0.8894263,0.9199735,0.9219586,0.89765334,0.93115103,0.8958815,0.90215725,0.8957984,0.9416526,0.8729747,0.9384982,0.8861902,0.90980244,0.4354457,0.8580517,0.93364185,0.9097091,0.9021703,0.7206686,0.90112925,0.9361102,0.89741135,0.9090507,0.9279016,0.90443856,0.8885493,0.9148735,0.89540905,0.94233644,0.9071989,0.9139237,0.8669289,0.8988271,0.90980244,0.9406784,0.9362523,0.92515326,0.91257596,0.9623338,0.9011194,0.88665307,0.9422223,0.9000685,0.91735685,0.89330935,0.9252456,0.9068487,0.9289491,0.9424251,0.90517074,0.87599653,0.9353899,0.95110005,0.8203473,0.9293578,0.7806967,0.93035257,0.9311299,0.9068579,0.9215956,0.94127625,0.91976154,0.9207959,0.9368103,0.9168876,0.9216586,0.9265102,0.92537796,0.9117417,0.8840973,0.85603404,0.864318,0.9255017,0.84124446,0.92871284,0.8469644,0.90333027,0.9037397,0.8889173,0.8807279,0.9196383,0.9197284,0.93244225,0.90283114,0.9152981,0.90661013,0.8756582,0.9073293,0.92481416,0.88032293,0.9167325,0.87288475,0.928966,0.91411984,0.9044843,0.79466,0.90683323,0.9100568,0.9448238,0.8970499,0.93229544,0.9316273,0.93244225,0.8901111,0.9169211,0.948336,0.9054028
abeautifuldaymovie,0.96969444,0.9141131,0.9999999,0.9150081,0.95564497,0.9453467,0.9761438,0.9778989,0.98628163,0.90391296,0.9505015,0.9683783,0.96437204,0.98453295,0.9605278,0.9629187,0.9770429,0.9803777,0.97106194,0.94616586,0.96988654,0.9847519,0.96546304,0.9619411,0.9675069,0.7981524,0.96592474,0.97484857,0.98143595,0.9611143,0.9663792,0.9771657,0.959028,0.95653254,0.86927176,0.7920274,0.9768317,0.9497929,0.9653497,0.9723103,0.95158213,0.9570412,0.93866247,0.9625416,0.9770523,0.975095,0.9496235,0.95824164,0.9637785,0.9637242,0.986968,0.9893253,0.9706959,0.92631954,0.9567192,0.9506942,0.95295584,0.9801758,0.9529324,0.9836361,0.9566278,0.9681861,0.9563771,0.97127163,0.98719877,0.9651993,0.9673805,0.96639043,0.9762132,0.9425083,0.97574896,0.42150617,0.9297242,0.9818523,0.93190974,0.9518125,0.77678496,0.9683471,0.96485776,0.96770537,0.9522285,0.9726054,0.96349627,0.95201373,0.9811766,0.9644451,0.93149245,0.97441447,0.9622479,0.9562236,0.9658649,0.97574896,0.9519652,0.95663273,0.9825437,0.97084963,0.9650348,0.9655232,0.96068186,0.9547659,0.9691331,0.9557006,0.98414606,0.9757096,0.9500045,0.98512644,0.96211505,0.97182584,0.949096,0.962869,0.9729282,0.806133,0.9792601,0.812939,0.97383416,0.9714147,0.9706591,0.95440376,0.97951293,0.97302866,0.963327,0.9856504,0.969713,0.9349469,0.9749681,0.97748286,0.95222265,0.9770083,0.9583428,0.8988498,0.97422665,0.9640136,0.9609211,0.9077469,0.9753096,0.9448799,0.9251614,0.97632986,0.9755108,0.98225677,0.98628163,0.98241436,0.9662172,0.9822304,0.91654986,0.97917616,0.94412893,0.9475652,0.98388696,0.974236,0.97778034,0.9771266,0.97734815,0.8516668,0.96557766,0.9716494,0.9744701,0.9647289,0.9690827,0.96968955,0.98628163,0.9444191,0.9747521,0.9747182,0.98322725
abominablemovie,0.9004187,0.8546501,0.9150081,1.0000001,0.94974613,0.8890743,0.8939282,0.9297777,0.9396533,0.90748686,0.86298484,0.9052021,0.92940503,0.91436267,0.93195415,0.9225115,0.9156195,0.94913876,0.86479956,0.9365021,0.92461973,0.9239414,0.89874595,0.9422661,0.9387757,0.81147635,0.90313697,0.90945053,0.9429119,0.92834556,0.91698354,0.93992984,0.87427694,0.9336193,0.8295352,0.69673765,0.9191485,0.9033079,0.9341356,0.92218786,0.93236953,0.94492817,0.8555978,0.93955165,0.9224644,0.9339174,0.90111697,0.92933756,0.8907242,0.94118726,0.9369869,0.93576354,0.8726587,0.8122812,0.9305212,0.9450009,0.9092494,0.9246015,0.9680995,0.90735596,0.93092096,0.94785416,0.8794048,0.92619115,0.88383543,0.901967,0.8707581,0.92705667,0.90629286,0.85131544,0.9227893,0.38650677,0.89830023,0.9065699,0.90383697,0.9128631,0.7003257,0.92819214,0.9341516,0.9118465,0.8956509,0.8995187,0.94219387,0.9063136,0.8903797,0.9342484,0.8540951,0.9401195,0.8825087,0.9454419,0.9101149,0.9227893,0.9046798,0.9146092,0.90457916,0.9408448,0.87381154,0.9126485,0.9043543,0.86761224,0.90849,0.89646167,0.92018795,0.90380347,0.89317447,0.9285788,0.942709,0.92805976,0.8879628,0.90656865,0.9270935,0.68283606,0.92104363,0.79619914,0.9158391,0.89502054,0.9336536,0.8790598,0.9192522,0.90726864,0.9133027,0.9062669,0.9239854,0.87644494,0.9211171,0.9317974,0.9370234,0.92924255,0.94926727,0.8402306,0.92935526,0.9235987,0.92597514,0.9074418,0.93766636,0.94172174,0.9030878,0.91493654,0.9140594,0.92853934,0.9396533,0.94306684,0.91283554,0.92917335,0.93378496,0.9375319,0.8836416,0.8825594,0.92135745,0.9334505,0.9125005,0.9098328,0.9344854,0.8187339,0.863351,0.92265916,0.89656407,0.93321407,0.9170156,0.92541164,0.9396533,0.9335559,0.92408824,0.88476074,0.9327799
adastramovie,0.9681463,0.8748765,0.95564497,0.94974613,0.99999976,0.9372575,0.9350554,0.9595007,0.97308576,0.95099974,0.9155,0.9079865,0.9619398,0.95857555,0.9586749,0.9328204,0.95377845,0.9780323,0.9450989,0.9666356,0.91791195,0.95655406,0.9303566,0.966861,0.95695555,0.7957176,0.95781726,0.9540784,0.95869213,0.9423336,0.9541112,0.96159333,0.9241861,0.9263872,0.8346874,0.69096303,0.9583443,0.91704357,0.9684663,0.96250355,0.9745241,0.96150315,0.89110905,0.97197044,0.957133,0.9545989,0.9235886,0.94383645,0.9358163,0.96778166,0.95041883,0.97258866,0.9278482,0.85750943,0.9656464,0.9792536,0.93162936,0.95463234,0.97837114,0.941355,0.9619677,0.96635306,0.913512,0.97248447,0.94227475,0.96566564,0.92930406,0.94200754,0.9425566,0.93328154,0.95977,0.39526764,0.9057278,0.95104724,0.91045344,0.9214403,0.72995394,0.92927104,0.9481902,0.9361233,0.94562596,0.9249356,0.9634325,0.9198352,0.93242306,0.9457774,0.8884539,0.97292477,0.91736853,0.97284025,0.9500933,0.95977,0.92920035,0.9190643,0.94715905,0.96922314,0.9106844,0.9491337,0.935084,0.90810525,0.9291126,0.949329,0.96309125,0.94992125,0.9535575,0.94471073,0.9444076,0.94535625,0.94458497,0.9110484,0.9480184,0.7485504,0.9599824,0.76256186,0.92420894,0.93231845,0.97617406,0.9071166,0.9610267,0.9507124,0.95577323,0.9421799,0.96179706,0.92685217,0.96408194,0.9613119,0.9586102,0.9506789,0.977868,0.88121843,0.94714844,0.9649421,0.9599499,0.92641234,0.965088,0.9495031,0.94325626,0.9435541,0.9498566,0.9447877,0.97308576,0.9550536,0.931456,0.9598096,0.94258803,0.97109234,0.919272,0.90684336,0.9548319,0.9724801,0.9424309,0.94426996,0.9542747,0.9025555,0.9365935,0.96241695,0.9253569,0.95370096,0.9495267,0.9353024,0.97308576,0.96087956,0.95133805,0.93036705,0.9510643
adogsjourneymovie,0.92734957,0.88855547,0.9453467,0.8890743,0.9372575,0.99999976,0.9495761,0.94501877,0.9489631,0.90691763,0.9064689,0.9109077,0.921358,0.93204117,0.93234193,0.9028127,0.93635637,0.9463875,0.9243905,0.92680734,0.8938934,0.93722737,0.9403153,0.93636346,0.9212454,0.75833845,0.93084013,0.95048684,0.9370746,0.94779456,0.9302564,0.9434355,0.9068753,0.91048425,0.8727535,0.76377803,0.9486987,0.93294966,0.9459758,0.9258406,0.9243674,0.93872863,0.940937,0.93276256,0.95107275,0.92285603,0.93684095,0.91082335,0.94054693,0.9339524,0.9500602,0.9433505,0.92654866,0.9143088,0.9493484,0.92586094,0.8934619,0.96851116,0.934015,0.9583174,0.9140398,0.9418862,0.94615924,0.9373742,0.93168485,0.9389089,0.9419896,0.9117455,0.91938746,0.9205816,0.9578824,0.39220908,0.914881,0.9481423,0.91073066,0.90660286,0.7469097,0.9134124,0.9506395,0.9251983,0.89569896,0.93942404,0.9280623,0.9208688,0.93137324,0.90577435,0.8882576,0.9228567,0.9527011,0.9446493,0.93426067,0.9578824,0.9510526,0.916455,0.9547794,0.9391561,0.9205591,0.9345232,0.9348259,0.914378,0.9194921,0.9259539,0.93855816,0.96038103,0.92883384,0.9604833,0.9460624,0.92097086,0.87571853,0.9112471,0.95455915,0.7751142,0.95549244,0.83513266,0.9263901,0.92686623,0.9416454,0.94487053,0.9424834,0.95318735,0.9300959,0.95051223,0.9416533,0.95769423,0.93546885,0.93319243,0.926928,0.9510025,0.9435729,0.94472545,0.936193,0.92882365,0.93101686,0.8884459,0.95774835,0.92262363,0.8923676,0.92976904,0.9514628,0.93959725,0.9489631,0.9394426,0.9276912,0.9407613,0.84674996,0.927613,0.9357499,0.9261454,0.94475675,0.9255208,0.9605176,0.95430344,0.90309054,0.8163988,0.9365331,0.96328795,0.9382944,0.95987695,0.9315253,0.9451718,0.9489631,0.94971114,0.91580266,0.9523961,0.93852735
aftermathmovie,0.95269585,0.9170205,0.9761438,0.8939282,0.9350554,0.9495761,1.0000001,0.98413205,0.9802401,0.8844472,0.9604978,0.94265765,0.9583338,0.9640706,0.96317685,0.955627,0.97254735,0.956604,0.95059997,0.9400102,0.95497954,0.95792365,0.95698875,0.9575975,0.944796,0.75184387,0.92713773,0.9691202,0.962722,0.95491385,0.94859105,0.9486997,0.9366248,0.9444839,0.8460477,0.767995,0.9784348,0.9629739,0.9597513,0.9530461,0.949578,0.9527049,0.9439651,0.9478785,0.9691351,0.9535026,0.9400708,0.9467244,0.9597943,0.9585084,0.9735292,0.97343624,0.9576655,0.9417195,0.95117235,0.93801904,0.94414365,0.9730134,0.94276565,0.9739861,0.94496703,0.96444005,0.9537686,0.9647825,0.97178596,0.96139985,0.9511803,0.95254475,0.9727207,0.9427781,0.9727078,0.4084095,0.9423681,0.97503227,0.9277985,0.95869887,0.78757834,0.9460331,0.9664688,0.962564,0.93378335,0.9830113,0.9614821,0.94104344,0.95885223,0.9503574,0.9478227,0.959931,0.9753489,0.95540994,0.9722164,0.9727078,0.9549739,0.96034986,0.9776299,0.95952004,0.9510022,0.95067906,0.97789633,0.94342184,0.9595363,0.9302267,0.95777804,0.97394603,0.93101245,0.97506636,0.96414214,0.968895,0.92721957,0.9534924,0.95981777,0.812951,0.9724353,0.8042494,0.9578825,0.97349566,0.96351933,0.9507404,0.9726722,0.9922818,0.95986474,0.9774516,0.9602281,0.9332705,0.9748168,0.9710823,0.950215,0.95534855,0.94242585,0.9168049,0.974809,0.95754135,0.9588577,0.9085943,0.9596166,0.95185614,0.9202613,0.959534,0.96279556,0.957273,0.9802401,0.9448863,0.9561105,0.9653225,0.90325654,0.955939,0.94102037,0.93367803,0.9714921,0.9520473,0.9883389,0.97618556,0.95019823,0.824503,0.9535843,0.97085214,0.968047,0.9680701,0.9628649,0.9775361,0.9802401,0.926432,0.9547832,0.97077155,0.9678333
aftermovie,0.9675401,0.90968716,0.9778989,0.9297777,0.9595007,0.94501877,0.98413205,0.9999999,0.99232084,0.9320818,0.96063876,0.9384289,0.9762085,0.97601914,0.9772732,0.96299535,0.98063385,0.9771749,0.9549389,0.96785074,0.95041126,0.9608224,0.96583265,0.9759028,0.96283126,0.79409325,0.95214593,0.97626483,0.96320075,0.9624949,0.96851337,0.9724008,0.9457675,0.95283204,0.884793,0.76468205,0.9770049,0.96419746,0.9799125,0.95693886,0.9689949,0.97918034,0.9341395,0.9697028,0.978452,0.97000813,0.9570522,0.97585094,0.97206604,0.97790706,0.9717637,0.9851197,0.9588902,0.93296874,0.9699924,0.9575083,0.9592309,0.98143417,0.97413605,0.9781686,0.97014594,0.9791841,0.95063156,0.97752565,0.9733682,0.9778781,0.95277756,0.9717339,0.97470874,0.9585077,0.9829797,0.42164648,0.93179345,0.9784708,0.94463277,0.95320946,0.8036611,0.95181555,0.97568405,0.9733695,0.9501573,0.97222155,0.98465383,0.953096,0.96983796,0.9711179,0.94356686,0.97802085,0.961526,0.97914076,0.97237974,0.9829797,0.95913625,0.9591715,0.9700454,0.9783473,0.9479281,0.9733461,0.98054516,0.9519742,0.96283084,0.9393126,0.96641684,0.9757634,0.96076393,0.97311366,0.9661164,0.9763862,0.95644593,0.9540196,0.9642066,0.7850643,0.97634214,0.80836326,0.95943,0.9719095,0.98172104,0.9497631,0.9788306,0.98776203,0.9729723,0.9740867,0.9793756,0.9254972,0.98706895,0.9836012,0.96610874,0.9657929,0.970663,0.92197436,0.97332263,0.97170305,0.97770864,0.94277525,0.9765899,0.96274614,0.939822,0.96866465,0.9754889,0.971548,0.99232084,0.95879495,0.9574336,0.96761763,0.9172534,0.97157586,0.9443666,0.9562331,0.9824825,0.9684365,0.98371094,0.9804147,0.9649149,0.88194704,0.953631,0.9813638,0.971387,0.9726899,0.9737869,0.97480863,0.99232084,0.9579209,0.97075504,0.97271544,0.9733559
ahiddenlifefilm,0.9788707,0.93244225,0.98628163,0.9396533,0.97308576,0.9489631,0.9802401,0.99232084,1.0,0.938763,0.96952885,0.95533323,0.98484415,0.9883492,0.98682886,0.9792123,0.98538125,0.9865794,0.96791303,0.972355,0.9662779,0.97491354,0.97751105,0.9812439,0.97882503,0.78105545,0.96390873,0.98067755,0.97803044,0.972999,0.9762441,0.98185503,0.9557827,0.9585946,0.88033116,0.76873446,0.9893967,0.96947074,0.9841574,0.973739,0.9772454,0.9813757,0.9388538,0.9794213,0.9869415,0.9812361,0.9674899,0.98238367,0.9694289,0.9857378,0.9795981,0.99481165,0.9715195,0.93397737,0.9695165,0.9635655,0.9708088,0.9864344,0.97882813,0.98250675,0.9793633,0.9866758,0.9540413,0.98235166,0.97884303,0.9831647,0.9695789,0.97424036,0.984375,0.9590755,0.98917377,0.43555638,0.9360608,0.9881486,0.9546023,0.960718,0.7922589,0.9624492,0.98061526,0.97720194,0.9654091,0.97352755,0.9883031,0.9567087,0.97463274,0.9725154,0.94950986,0.9873214,0.9658916,0.97873455,0.97906303,0.98917377,0.96933687,0.96674824,0.9815315,0.9857628,0.9628056,0.9781443,0.97309434,0.9641116,0.9733295,0.9572319,0.97646165,0.9868489,0.9673424,0.9793388,0.97880024,0.98176455,0.9651502,0.96463186,0.97976035,0.7965505,0.98759013,0.8142911,0.972349,0.9785403,0.9906189,0.9573943,0.99107254,0.9848034,0.9818804,0.9816833,0.98512644,0.94285446,0.9876635,0.99049485,0.9768501,0.97156817,0.974024,0.9203063,0.9835579,0.9665421,0.985719,0.9335723,0.9856481,0.974721,0.95554274,0.97434735,0.9843705,0.97946846,1.0,0.9723039,0.971291,0.97731066,0.9395263,0.9859706,0.9485389,0.9530624,0.98723775,0.9780664,0.9841284,0.9837771,0.9772858,0.8872125,0.9664646,0.98476195,0.9759997,0.9777246,0.9852716,0.97980756,1.0,0.9625652,0.98075247,0.98053765,0.9790836
alitamovie,0.92370176,0.84354705,0.90391296,0.90748686,0.95099974,0.90691763,0.8844472,0.9320818,0.938763,0.9999997,0.8927983,0.8716764,0.92863154,0.92947155,0.9281551,0.89844996,0.9032334,0.9351966,0.89102095,0.9308564,0.8596609,0.9102797,0.9124791,0.9223383,0.9296023,0.7329444,0.938744,0.90286493,0.89519,0.9200655,0.90701264,0.93285066,0.87165254,0.87728673,0.8752056,0.717907,0.92073,0.8851079,0.9296345,0.9136945,0.94316924,0.94952863,0.8788212,0.9394569,0.9234035,0.9271851,0.92267597,0.9304052,0.9172611,0.947362,0.89540946,0.93510324,0.8930969,0.8640766,0.9405044,0.9281229,0.92837054,0.9254045,0.950635,0.9092037,0.92148143,0.9489276,0.87914133,0.9174499,0.90057665,0.9344204,0.89186484,0.91737247,0.91759974,0.9090918,0.9316703,0.38834977,0.86010647,0.91623515,0.9123832,0.85301554,0.70316243,0.8579486,0.9158829,0.90087974,0.9118514,0.87557757,0.93659955,0.9129214,0.9035487,0.89841586,0.86602294,0.93359727,0.88215995,0.94570553,0.9223414,0.9316703,0.9130954,0.87272495,0.90800434,0.93715423,0.87389845,0.9406615,0.8990267,0.89226323,0.9050491,0.9180184,0.89834714,0.9325138,0.95908487,0.89555,0.90546805,0.8905468,0.9220364,0.8915115,0.9118707,0.7464706,0.91845894,0.8117501,0.90538216,0.8709529,0.9390003,0.8991962,0.9256312,0.9036957,0.9381778,0.89702946,0.9484353,0.89741737,0.925766,0.9189877,0.9361365,0.90344757,0.9338667,0.8999271,0.89032036,0.9013566,0.93509126,0.9143094,0.9471172,0.9217595,0.8922987,0.92123276,0.9200152,0.9163027,0.938763,0.8992681,0.8939314,0.8911069,0.87700236,0.9320756,0.8757134,0.91446227,0.91407657,0.9205942,0.88817644,0.9254219,0.90206516,0.9192208,0.92576736,0.9381433,0.8942121,0.9182784,0.9108235,0.90884334,0.938763,0.9239534,0.9214676,0.90731543,0.89840806
angelhasfallen,0.950003,0.9529369,0.9505015,0.86298484,0.9155,0.9064689,0.9604978,0.96063876,0.96952885,0.8927983,1.0,0.93286914,0.9605142,0.96510965,0.97097707,0.96546775,0.95646423,0.9461452,0.9520816,0.92622787,0.9281417,0.93196476,0.96406066,0.9362441,0.9486375,0.67444915,0.9341594,0.9388778,0.9318981,0.9505954,0.93860507,0.933326,0.9323865,0.92372984,0.85003996,0.75542265,0.9678909,0.9546707,0.9438485,0.93207544,0.9422945,0.94389236,0.9296733,0.946159,0.96448714,0.9402246,0.9503567,0.95286626,0.9295385,0.954333,0.94011223,0.95990026,0.96769935,0.9516821,0.9190702,0.8985501,0.94328827,0.95161927,0.9239255,0.9557816,0.95298284,0.9434543,0.935914,0.9449663,0.95266795,0.95541227,0.96179193,0.93344253,0.9739582,0.94044584,0.95469695,0.44818386,0.8972946,0.96694756,0.93969727,0.92487407,0.798088,0.91736794,0.9595169,0.9462422,0.9577196,0.9479344,0.9564339,0.92374945,0.9611371,0.9282571,0.95797944,0.94989777,0.9395539,0.9323248,0.95450276,0.95469695,0.95820194,0.95473784,0.96831244,0.9579755,0.9700787,0.9354972,0.9386647,0.96267134,0.9460208,0.9265878,0.9308937,0.9681672,0.9479695,0.9443084,0.94499946,0.94994205,0.9457138,0.9520936,0.9598394,0.8333281,0.95899117,0.783913,0.94488955,0.97008467,0.9565069,0.93956274,0.9743232,0.95959336,0.9624017,0.9592056,0.9600372,0.9236789,0.9597956,0.9571667,0.94435203,0.92889565,0.91019803,0.9030192,0.9518865,0.90961766,0.9591833,0.89816266,0.9432131,0.95379215,0.9296194,0.93553746,0.9519754,0.9372919,0.96952885,0.9192895,0.9490437,0.9408155,0.89655036,0.9468535,0.9300056,0.92177856,0.95073146,0.9273614,0.9588106,0.9585869,0.93339,0.85637766,0.9528073,0.9539097,0.9520398,0.9367105,0.9690276,0.9500032,0.96952885,0.9135407,0.9518663,0.96358705,0.93582594
angrybirdsmovie,0.9266055,0.90392095,0.9683783,0.9052021,0.9079865,0.9109077,0.94265765,0.9384289,0.95533323,0.8716764,0.93286914,1.0,0.92454106,0.9571909,0.9301886,0.95322144,0.93525946,0.95023257,0.9306489,0.89737207,0.9647942,0.9658355,0.9526813,0.9169653,0.9578099,0.75275934,0.94195455,0.9297675,0.9647424,0.96516114,0.92629325,0.94118655,0.9290801,0.95338684,0.88055533,0.8348339,0.9536539,0.92511463,0.9243971,0.9380905,0.91598135,0.93213445,0.95515454,0.9318712,0.9516283,0.9550882,0.94666094,0.9395361,0.92768806,0.94303966,0.97513485,0.9627064,0.94890344,0.90802336,0.9217813,0.91079396,0.94181067,0.9585365,0.9186722,0.9675022,0.92669183,0.9461186,0.9299916,0.9321101,0.9520052,0.9202887,0.93635374,0.9399288,0.95464826,0.89564145,0.9506953,0.41194412,0.93582195,0.9536658,0.9572527,0.92919505,0.7358867,0.9432149,0.94253945,0.9371329,0.9308812,0.93741745,0.9405802,0.96232533,0.9664898,0.9300463,0.89606047,0.93134266,0.941579,0.91716903,0.9381262,0.9506953,0.93131953,0.9453024,0.9698054,0.9378795,0.9578563,0.944949,0.9261963,0.9443075,0.960643,0.9249821,0.944728,0.9578445,0.90247476,0.96769863,0.9475677,0.9527526,0.9111804,0.9596401,0.96772933,0.82422614,0.94972324,0.88114893,0.9697899,0.9361617,0.9330581,0.9581888,0.95848286,0.92373514,0.9404842,0.9587244,0.9470193,0.9190323,0.9253965,0.9500856,0.9237074,0.9650298,0.9164459,0.87898856,0.94647336,0.9084303,0.91967213,0.85101366,0.95793265,0.9341528,0.8917921,0.96210814,0.9522249,0.95803356,0.95533323,0.9623534,0.96314466,0.9622442,0.89201665,0.95383215,0.9273966,0.931338,0.95403606,0.94491845,0.94256246,0.95108116,0.9451197,0.78587663,0.94182277,0.9516129,0.944059,0.9475147,0.94988173,0.9611329,0.95533323,0.9057792,0.9572781,0.94847584,0.9617876
annabellemovie,0.95418996,0.9242213,0.96437204,0.92940503,0.9619398,0.921358,0.9583338,0.9762085,0.98484415,0.92863154,0.9605142,0.92454106,1.0,0.9773194,0.9832375,0.9686624,0.96932966,0.97518593,0.9447314,0.97072256,0.95164025,0.962729,0.9560791,0.9774809,0.96618164,0.7660742,0.9600878,0.96687335,0.9642003,0.9471127,0.95909125,0.9735313,0.93530864,0.9627637,0.8560985,0.7241548,0.9789319,0.9598193,0.97323525,0.95961297,0.9801649,0.9688888,0.9023559,0.96562487,0.96942914,0.9701545,0.9441313,0.9744171,0.9373108,0.97246295,0.9588656,0.9733821,0.96955055,0.91951406,0.95201105,0.9361615,0.9424688,0.9630435,0.9776106,0.94916856,0.98472357,0.9710287,0.9369622,0.9810058,0.9632766,0.9633084,0.9506981,0.95246327,0.97292316,0.9413071,0.9612915,0.42616034,0.8906835,0.9735045,0.9384697,0.93692505,0.8113184,0.9449372,0.96877784,0.973477,0.97307426,0.9534961,0.9799924,0.91643864,0.9600786,0.94377697,0.93976814,0.98957545,0.9319147,0.9574633,0.9558092,0.9612915,0.959534,0.9699776,0.96023613,0.9763899,0.9481356,0.95245737,0.95326954,0.9427117,0.95759076,0.9497753,0.96724105,0.960534,0.96061385,0.95949566,0.953489,0.9713212,0.9550177,0.94854015,0.9708202,0.778174,0.9733624,0.7608296,0.95909315,0.9731056,0.97583616,0.94496065,0.9796162,0.9664708,0.9632402,0.9655666,0.97087455,0.9009285,0.980712,0.980815,0.974882,0.952333,0.9523451,0.90055305,0.9672563,0.9499007,0.968659,0.93126184,0.9629804,0.9614995,0.96412116,0.94806576,0.96008754,0.9606396,0.98484415,0.9599777,0.94600964,0.96368414,0.9472401,0.9701167,0.92548394,0.92935556,0.97647154,0.95309156,0.9679402,0.96806693,0.9727825,0.88795567,0.9370276,0.9623217,0.958534,0.9502493,0.9774882,0.9637439,0.98484415,0.94558483,0.9559867,0.95708954,0.96327376
annamovie,0.9671971,0.9320774,0.98453295,0.91436267,0.95857555,0.93204117,0.9640706,0.97601914,0.9883492,0.92947155,0.96510965,0.9571909,0.9773194,1.0000001,0.9703961,0.9751925,0.9722472,0.97687596,0.9647465,0.95261204,0.9598739,0.9754633,0.9740073,0.96076095,0.9799748,0.7531813,0.971664,0.9674216,0.97452056,0.95729816,0.97236633,0.9739582,0.96551937,0.9507183,0.8751327,0.7926181,0.9817687,0.9452912,0.96736026,0.9735204,0.96372163,0.96223223,0.93635535,0.96672237,0.98117334,0.98875916,0.9636449,0.972704,0.953129,0.9692184,0.97379196,0.9863568,0.97997814,0.932097,0.95508385,0.932473,0.96025884,0.9762184,0.96859246,0.9731793,0.9729008,0.96817744,0.9584263,0.9734997,0.9809617,0.97760034,0.9696936,0.95519066,0.9779197,0.9619675,0.97351307,0.40367806,0.90226144,0.9870835,0.9469384,0.93900543,0.7648112,0.9564891,0.9641816,0.97775346,0.9619538,0.95710796,0.9696584,0.94550633,0.9799254,0.94644684,0.93339926,0.97495973,0.945857,0.95295167,0.9647452,0.97351307,0.96081495,0.96735007,0.9749854,0.9718256,0.9643158,0.9715828,0.9478791,0.9687555,0.97693276,0.9755104,0.97717774,0.97832215,0.97409666,0.9716116,0.95445716,0.9685709,0.96203077,0.96913016,0.9758217,0.8031397,0.9817374,0.8120939,0.9783624,0.9660069,0.97492146,0.9611158,0.9842798,0.9660908,0.9718794,0.97834486,0.9828563,0.92636234,0.97840637,0.98655635,0.9593529,0.96605194,0.9512304,0.9056115,0.96733904,0.9486041,0.9667333,0.9172834,0.98138934,0.9494519,0.9437994,0.96486056,0.9772607,0.9826467,0.9883492,0.97339696,0.9644748,0.9693354,0.918853,0.97895813,0.9383158,0.9441373,0.9771284,0.9634411,0.9693428,0.9753072,0.98352647,0.8872231,0.9638912,0.96626985,0.96766037,0.9515334,0.9838767,0.9697636,0.9883492,0.94664675,0.9781932,0.97668123,0.97857326
apollo11movie,0.96834874,0.94200635,0.9605278,0.93195415,0.9586749,0.93234193,0.96317685,0.9772732,0.98682886,0.9281551,0.97097707,0.9301886,0.9832375,0.9703961,1.0,0.9732036,0.9656938,0.9705565,0.9475641,0.97844446,0.94871545,0.95072347,0.9637778,0.97559094,0.9670131,0.7503498,0.9498383,0.95828414,0.9571179,0.95742893,0.95334584,0.9672936,0.9229563,0.9430099,0.85771084,0.72132593,0.97603977,0.97048944,0.9660311,0.9520697,0.9739841,0.96747965,0.9137542,0.96396977,0.97541744,0.96002233,0.95456475,0.9753455,0.93917924,0.97259605,0.95913005,0.97497165,0.96345884,0.9305602,0.95137995,0.9448877,0.9566436,0.9666223,0.96649086,0.96121526,0.97264266,0.9754721,0.9321905,0.9649183,0.9535944,0.9672271,0.9640605,0.9613498,0.9715996,0.9340194,0.9707844,0.42395493,0.9095907,0.9730301,0.94387066,0.94585025,0.79950434,0.95052755,0.97807276,0.9652108,0.9676168,0.9601778,0.9770086,0.93210655,0.95247,0.9494405,0.95014876,0.9789869,0.9445952,0.9678557,0.9603072,0.9707844,0.97890997,0.95888644,0.968273,0.98705345,0.9532323,0.94990486,0.9471828,0.9530414,0.94771254,0.93352044,0.9534639,0.9753813,0.9525394,0.96463764,0.97546685,0.9660999,0.95032394,0.948694,0.97347426,0.79773074,0.9777595,0.7788732,0.9510872,0.9743981,0.9849543,0.9401929,0.98438275,0.9721851,0.96252507,0.9613108,0.9628189,0.9273816,0.97578907,0.97351617,0.9752019,0.9495613,0.9537276,0.9268279,0.974584,0.9401872,0.97876763,0.91506135,0.9635049,0.96964926,0.9644826,0.9508525,0.9649207,0.9522113,0.98682886,0.9524926,0.957769,0.9571985,0.94928664,0.97012806,0.92915744,0.9310898,0.965303,0.95917,0.9743773,0.9692895,0.9611438,0.88665694,0.94793063,0.970276,0.9577434,0.9659442,0.978885,0.9589308,0.98682886,0.9489746,0.9594407,0.96223205,0.95627576
arcticdogsmovie,0.9476888,0.95022005,0.9629187,0.9225115,0.9328204,0.9028127,0.955627,0.96299535,0.9792123,0.89844996,0.96546775,0.95322144,0.9686624,0.9751925,0.9732036,0.9999999,0.96720356,0.9662059,0.941378,0.9441327,0.97486115,0.9556972,0.9763131,0.96027166,0.98017573,0.717216,0.9383384,0.9541319,0.9682467,0.9624114,0.95523036,0.9546457,0.938375,0.94813496,0.8593309,0.77588457,0.9678669,0.9603985,0.9498663,0.9549507,0.94596726,0.95003176,0.9179621,0.9456551,0.9723758,0.9720419,0.9661648,0.97094077,0.9246427,0.9592913,0.9668617,0.9727135,0.967845,0.9237963,0.9251914,0.91472316,0.95990855,0.9587163,0.9526153,0.96316236,0.96069455,0.9638627,0.9372372,0.95106137,0.9546591,0.9488775,0.94980586,0.9553146,0.97428733,0.92542785,0.96377474,0.44495538,0.9031574,0.97522825,0.9546769,0.9468692,0.7764904,0.9544817,0.9702302,0.9593615,0.9481206,0.9483817,0.966717,0.93996865,0.95411193,0.9546666,0.9562643,0.9692479,0.94798666,0.9384107,0.9494492,0.96377474,0.9560718,0.9751448,0.96106297,0.9614669,0.96372163,0.9501942,0.93953604,0.9695486,0.96274227,0.9476046,0.95087343,0.96794665,0.93787986,0.9645084,0.97129995,0.9720508,0.94270486,0.97031224,0.96711624,0.7932225,0.96415144,0.80599993,0.96727437,0.9632263,0.96014106,0.94705296,0.9755386,0.9598038,0.95654505,0.9604131,0.96147805,0.9186191,0.9583268,0.97950643,0.9647656,0.9504339,0.9357164,0.89331436,0.970025,0.92796105,0.969532,0.9020603,0.9620114,0.9611033,0.92944664,0.9393065,0.96550983,0.9643378,0.9792123,0.95612055,0.96311474,0.9570411,0.9340154,0.97133994,0.920723,0.9293346,0.9675534,0.9462266,0.9612116,0.9564105,0.96732277,0.84228086,0.9479178,0.9538336,0.9719612,0.94575536,0.97330046,0.9623471,0.9792123,0.9367602,0.9678566,0.9672223,0.96554667
arcticmovie,0.96506107,0.92871535,0.9770429,0.9156195,0.95377845,0.93635637,0.97254735,0.98063385,0.98538125,0.9032334,0.95646423,0.93525946,0.96932966,0.9722472,0.9656938,0.96720356,0.9999999,0.9742246,0.9698961,0.9530543,0.95427424,0.9570654,0.969223,0.9676001,0.9553461,0.77452224,0.9411227,0.9879055,0.9663593,0.9521032,0.98168194,0.96362716,0.96835667,0.94178164,0.8455172,0.7398187,0.9755888,0.96276325,0.9751608,0.96733195,0.95333797,0.9576886,0.915434,0.9621024,0.98079276,0.96176636,0.95416063,0.96273506,0.95280695,0.9623392,0.9635465,0.97529227,0.9614621,0.9300123,0.94125766,0.94925374,0.94639957,0.9682607,0.95998204,0.96914977,0.96954876,0.9687412,0.95421225,0.97412443,0.96263486,0.97036016,0.95303214,0.9457828,0.96975654,0.94754267,0.97044665,0.41610453,0.92739546,0.97862923,0.9259161,0.94711953,0.7743287,0.95633614,0.9699498,0.9588227,0.93708545,0.9724006,0.97535247,0.92714834,0.96033955,0.97523475,0.95011413,0.9712001,0.95656556,0.953031,0.96841204,0.97044665,0.9477993,0.95598364,0.9598043,0.96128386,0.9647911,0.9613063,0.96924454,0.95144564,0.95349413,0.9451229,0.96720916,0.9626799,0.9523967,0.965978,0.96929884,0.97102386,0.9587756,0.9531438,0.9664361,0.791665,0.97249556,0.7781529,0.95530695,0.9787102,0.971571,0.93531585,0.9712356,0.98074347,0.9778328,0.97688836,0.97043955,0.93832386,0.98277473,0.98153496,0.9449622,0.9492952,0.9622079,0.8961643,0.9806094,0.9624249,0.9836273,0.9436029,0.9619203,0.9522319,0.9245654,0.9427495,0.96767086,0.9663299,0.98538125,0.95767224,0.9544902,0.97299093,0.9114037,0.96924436,0.9407194,0.9308137,0.9866592,0.9533593,0.97792226,0.9660351,0.96142733,0.8717006,0.9567829,0.96226436,0.9790074,0.950171,0.9722215,0.9666003,0.98538125,0.9497044,0.9653026,0.9735096,0.96320766
artofracingmovie,0.9671692,0.91933686,0.9803777,0.94913876,0.9780323,0.9463875,0.956604,0.9771749,0.9865794,0.9351966,0.9461452,0.95023257,0.97518593,0.97687596,0.9705565,0.9662059,0.9742246,0.9999998,0.95496255,0.9665728,0.94892484,0.9780017,0.96778405,0.97598803,0.9808589,0.7909822,0.9745725,0.9714065,0.97918063,0.9701882,0.9655652,0.97726125,0.9494628,0.95756495,0.8889421,0.76828355,0.9699677,0.94660676,0.97811997,0.95966464,0.9673186,0.96847415,0.92608887,0.9691954,0.9779663,0.97029054,0.95916617,0.9670988,0.95605123,0.9706886,0.9784053,0.98502916,0.96382743,0.9087362,0.9614001,0.96043426,0.9412882,0.9761222,0.9752431,0.97432345,0.9759875,0.97251,0.9385924,0.97593033,0.9677125,0.9626615,0.9570842,0.9584255,0.96726143,0.93848205,0.9716649,0.43996114,0.9208308,0.9705845,0.94648623,0.9447137,0.78773916,0.9569644,0.975022,0.9519429,0.9569099,0.9501849,0.9777567,0.94801587,0.97074264,0.96231353,0.9217968,0.98338765,0.93849,0.9688509,0.94999605,0.9716649,0.95425713,0.954818,0.9678008,0.97899324,0.95545876,0.9635388,0.9581029,0.94565654,0.95246917,0.9587958,0.97407174,0.96429527,0.9528675,0.97637016,0.96698165,0.96856993,0.953157,0.94338036,0.9778136,0.78699416,0.97517955,0.811347,0.95920706,0.96243805,0.97710574,0.9468713,0.97711325,0.96478957,0.9640006,0.97394717,0.9760002,0.9342561,0.97067213,0.982082,0.9701693,0.97780335,0.97469527,0.90356696,0.9644541,0.96365935,0.9723825,0.93060595,0.9786614,0.9586821,0.939664,0.9590657,0.9708991,0.972628,0.9865794,0.98062134,0.9568218,0.9764714,0.93155235,0.9840233,0.94973326,0.9508599,0.9807583,0.9752925,0.96760446,0.9680391,0.9679972,0.8800806,0.9488383,0.9776893,0.9691359,0.9648611,0.96946853,0.96077305,0.9865794,0.9777573,0.9683893,0.9653594,0.9723991
avengers,0.97500765,0.90651524,0.97106194,0.86479956,0.9450989,0.9243905,0.95059997,0.9549389,0.96791303,0.89102095,0.9520816,0.9306489,0.9447314,0.9647465,0.9475641,0.941378,0.9698961,0.95496255,1.0000001,0.9346209,0.92882836,0.9447792,0.9489956,0.94302213,0.9386076,0.73077667,0.9524021,0.9643406,0.94679826,0.940891,0.9691828,0.94943935,0.96272504,0.9142024,0.83095175,0.7506016,0.9603878,0.92758393,0.9484004,0.957222,0.9425849,0.9305095,0.9076565,0.94363886,0.9701899,0.9439662,0.93693125,0.93784577,0.9386458,0.9416583,0.9471325,0.96696264,0.9543646,0.91373,0.92598397,0.9335694,0.9348376,0.95749414,0.9254677,0.96146196,0.945006,0.94341946,0.94670266,0.9643731,0.9677538,0.96819514,0.9551277,0.93101937,0.94773364,0.9584846,0.9611219,0.41522092,0.9091207,0.9754055,0.9139283,0.9153623,0.7401416,0.9281328,0.9442745,0.94474286,0.9428874,0.94672614,0.948682,0.92766404,0.9585078,0.94896036,0.9181565,0.95023936,0.9508797,0.9349118,0.9553684,0.9611219,0.9246157,0.9271488,0.96145445,0.9473642,0.9548544,0.95153874,0.92938924,0.9451493,0.9457428,0.9419102,0.9607595,0.96149415,0.9501469,0.9507668,0.9323173,0.9584938,0.9493769,0.934433,0.9457883,0.82436407,0.9667679,0.7728424,0.9338531,0.95330304,0.9591287,0.9278187,0.9691503,0.9539581,0.96123004,0.95765805,0.9533793,0.9402015,0.9627423,0.95772254,0.928157,0.94211155,0.9391442,0.8920707,0.9491106,0.9381598,0.9494458,0.8866001,0.9473934,0.9278889,0.9210919,0.9415706,0.95920503,0.94804424,0.96791303,0.94000286,0.95079917,0.9675928,0.90364,0.9534681,0.9387131,0.9153729,0.96783566,0.952662,0.9574597,0.94804883,0.9462296,0.8757008,0.9631282,0.9601957,0.9492518,0.9416754,0.9624878,0.94346464,0.96791303,0.9266836,0.9584076,0.9627482,0.9478671
beachbummovie,0.9616215,0.9119714,0.94616586,0.9365021,0.9666356,0.92680734,0.9400102,0.96785074,0.972355,0.9308564,0.92622787,0.89737207,0.97072256,0.95261204,0.97844446,0.9441327,0.9530543,0.9665728,0.9346209,0.9999999,0.91918594,0.94216675,0.9429913,0.9655984,0.95054704,0.80781037,0.9500885,0.9502207,0.94604045,0.92793965,0.95099396,0.9613429,0.91433495,0.91955036,0.8567549,0.6937239,0.947806,0.9497023,0.95522106,0.9324169,0.9676631,0.9474986,0.87810206,0.94531626,0.96379215,0.94133556,0.9414042,0.95808613,0.9269362,0.9486686,0.94255537,0.9588799,0.93925375,0.89263314,0.9514757,0.9523473,0.92892736,0.94939554,0.9674887,0.9427385,0.96097535,0.9521911,0.91947335,0.9653965,0.93396986,0.95118487,0.94012284,0.9460394,0.9407771,0.937163,0.95728666,0.41998953,0.8753226,0.9525712,0.92787087,0.9181694,0.77143085,0.9408747,0.957113,0.9489263,0.94992155,0.93718433,0.96278864,0.9271351,0.92865247,0.9451769,0.9079591,0.967947,0.9217656,0.96086144,0.92690694,0.95728666,0.94926757,0.9285121,0.9379609,0.9732407,0.91963416,0.95649755,0.93560344,0.9274259,0.91220903,0.9258357,0.95041764,0.9486208,0.94487673,0.94764775,0.9541067,0.9461972,0.9361401,0.9128577,0.9546722,0.7537479,0.96066666,0.7459481,0.9182264,0.9474572,0.9762629,0.9219884,0.9676948,0.95882076,0.94064474,0.9394669,0.9475686,0.9116309,0.96788615,0.96164364,0.95802623,0.9389753,0.9540183,0.9067264,0.9528411,0.94160396,0.9604307,0.9072301,0.95246166,0.93378246,0.9593638,0.9350772,0.954228,0.9398445,0.972355,0.95042294,0.9139776,0.9521477,0.94354254,0.953186,0.9240152,0.91690445,0.9597974,0.9571393,0.9575802,0.94496936,0.9501371,0.9107265,0.92192477,0.96151835,0.94278646,0.9524722,0.9521519,0.9376455,0.972355,0.960124,0.942625,0.9443568,0.9476844
bernadettefilm,0.9275393,0.9110346,0.96988654,0.92461973,0.91791195,0.8938934,0.95497954,0.95041126,0.9662779,0.8596609,0.9281417,0.9647942,0.95164025,0.9598739,0.94871545,0.97486115,0.95427424,0.94892484,0.92882836,0.91918594,1.0000002,0.963422,0.94849753,0.95569706,0.9558799,0.74986494,0.9179089,0.943909,0.97804075,0.9474864,0.94335914,0.95273936,0.92326206,0.96451867,0.8224047,0.7680479,0.9630194,0.94275516,0.93484443,0.9586174,0.9290699,0.9390012,0.913664,0.9372361,0.94961995,0.9705158,0.93191165,0.9524064,0.92203933,0.94933397,0.975213,0.9654928,0.9488128,0.9047198,0.9114369,0.91661555,0.9520301,0.95417684,0.93880516,0.9506518,0.9398373,0.9601304,0.9291095,0.94499713,0.9541996,0.929243,0.9303611,0.9518679,0.9643551,0.8934254,0.95097584,0.41089013,0.9179164,0.96179104,0.9315677,0.9541126,0.7515919,0.9581273,0.95129955,0.95979667,0.93269813,0.9557817,0.953262,0.92315525,0.947707,0.9521822,0.9349251,0.9586488,0.9514193,0.9247571,0.9509621,0.95097584,0.93369216,0.9638534,0.95926905,0.94544965,0.9476162,0.9321285,0.938917,0.943164,0.96998227,0.9307239,0.9619569,0.9515362,0.90767014,0.9695129,0.9613448,0.97566384,0.91395426,0.9674448,0.95228505,0.77848494,0.95319873,0.80767775,0.9731381,0.95293796,0.9411754,0.93462783,0.9569534,0.94487566,0.9396411,0.9538622,0.93756545,0.89625174,0.9462229,0.9674128,0.94682616,0.94926935,0.93137294,0.87026906,0.97136474,0.93530756,0.93960613,0.87782973,0.9491599,0.94662803,0.9122823,0.94584805,0.9489279,0.9645106,0.9662779,0.9607278,0.9656918,0.9603286,0.93518084,0.9670097,0.90570223,0.90631235,0.95997983,0.94327366,0.95503,0.9550016,0.965382,0.7909655,0.9302642,0.9371113,0.9524369,0.9455424,0.95422626,0.9663114,0.9662779,0.9023977,0.9516236,0.94963497,0.97490513
