movie,21bridgesmovie,47metersdown,abeautifuldaymovie,abominablemovie,adastramovie,adogsjourneymovie,aftermathmovie,aftermovie,ahiddenlifefilm,alitamovie,angelhasfallen,angrybirdsmovie,annabellemovie,annamovie,apollo11movie,arcticdogsmovie,arcticmovie,artofracingmovie,avengers,beachbummovie,bernadettefilm,blackandbluemovie,blackchristmas,blindedbythelightmovie,bombshellmovie,booksmart,breakthroughmovie,brianbanksmovie,brightburnmovie,brittanyrunsmov,captainmarvelofficial,captivestatemovie,catsmovie,charliesangels,childsplaymovie,clarathefilm,coldpursuitmovie,countdown,currentwarmovie,darkwatersmovie,detectivepikachumovie,disneyaladdin,disneyfrozen,disneymaleficent,doctorsleepmovie,dolemiteismyname,dontletgomovie,doramovie,downtonabbey_official,dumbo,escaperoom,everybodyknowsmovie,fastandfuriousmovie,fightingwmyfam,fivefeetapartfilm,fordvferrari,freaksthefilm,geminimanmovie,glassmovie,gloriabellmovie,godzillamovie,goldfinchmovie,goodboysmovie,goodliarmovie,gretafilm,halathemovie,happydeathdaymovie,harrietfilm,hellboymovie,hersmellmovie,highlifemovie,highstrungmovie,honeyboymovie,hotelmumbaifilm,httydragon,hustlemovie,hustlersmovie,isntitromantic,itmovieofficial,jayandsilentbob,johnwickmovie,jojorabbitmovie,jokermovie,judythefilm,jumanjimovie,justmercyfilm,knivesout,lalloronamovie,lastblackmansf,lastchristmasthemovie,latenightmovie,lighthousemovie,lionking,littlethemovie,littlewomenmovie,littlewoodsfilm,longshotmovie,lordsofchaosmovie,lucyintheskyfilm,mamovie2019,marriagestory,meettheaddams,meninblack,midsommarmovie,midwaymovie,missbalamovie,missinglinkfilm,motherlessbklyn,onceinhollywood,onthebasisofsex,overcomermovie,peanutbutterfalcon,petsematarymovie,piercingmovie,playingwithfire,playmobilthemovie,pomsmovie,queenandslim,rambomovie,readyornotfilm,richardjewellfilm,rocketmanmovie,scarystoriesmovie,secretlifeofpets,serenityfilm,shaftmovie,shazammovie,spidermanmovie,spiesindisguise,starwars,stormboymovie,stubermovie,taosdfilm,teenspiritmov,terminator,theaeronautsmov,thebestofenemies,thedeaddontdie,thefarewell,thehighwaymen,thehummingbirdprojectfilm,theintrudermovie,theirishmanfilm,thekitchenmovie,thelegomovie,themustangfilm,thenightingalefilm,theprodigymovie,thesunisalsoastar,theupsidefilm,tolkienmovie,toystory,triplefrontier,uglydolls,uncutgems,underthesilverlake,usmovie,wavesmovie,whatmenwant,wonderparkmovie,wrinklestheclown,xmenmovies,yardiefilm,yesterdaymovie,zombieland
21bridgesmovie,0.99999994,0.95232666,0.97997195,0.93608165,0.97579414,0.9665771,0.9804824,0.97802037,0.992858,0.9877292,0.9704699,0.9643558,0.97645336,0.98301077,0.97478426,0.98632056,0.98334855,0.97754496,0.9796142,0.96399325,0.9777815,0.9777704,0.9663541,0.98704886,0.9791317,0.67604816,0.9743396,0.9758438,0.97937685,0.96912783,0.9785083,0.96656966,0.95287865,0.9655961,0.92511183,0.80319864,0.97526693,0.98577267,0.97977805,0.96138954,0.9797762,0.9857817,0.94115615,0.9830962,0.98038757,0.9651546,0.9751117,0.98361194,0.9748307,0.9887458,0.9790707,0.98475975,0.97645956,0.9684116,0.97813,0.9695044,0.9694482,0.97409385,0.9610453,0.9903749,0.9680579,0.9758837,0.97126395,0.9827275,0.9644118,0.97384465,0.9656792,0.9820675,0.9607768,0.95407027,0.99027944,0.5600113,0.9369728,0.97634476,0.953222,0.98265034,0.7458327,0.9708915,0.9686077,0.96942925,0.97307026,0.9843661,0.98935884,0.9686909,0.96941036,0.95255715,0.9507403,0.98359376,0.97436833,0.9908319,0.98377967,0.99027944,0.9655797,0.973216,0.97282076,0.96573514,0.9698604,0.98418266,0.97739136,0.96778774,0.9516515,0.9700734,0.96240824,0.98579186,0.9632633,0.97580695,0.9711493,0.98613524,0.97728586,0.9471727,0.9895694,0.5573294,0.97721845,0.7874556,0.9778682,0.9888148,0.9977488,0.9630889,0.976207,0.9757137,0.99003136,0.97043484,0.9870119,0.94964767,0.98003525,0.98080295,0.9814081,0.9598349,0.9825628,0.85704875,0.97934943,0.94598746,0.9772189,0.9727681,0.97770786,0.96878284,0.9883628,0.97038627,0.9869779,0.9746826,0.992858,0.97622406,0.96959186,0.9830123,0.9196765,0.9731227,0.9633413,0.9675366,0.98605525,0.9673316,0.97847307,0.98434186,0.9808222,0.91757274,0.97271496,0.98447305,0.9615427,0.9740834,0.9832471,0.98370236,0.992858,0.98132294,0.9796381,0.97224265,0.9679478
47metersdown,0.95232666,1.0,0.9527971,0.9552896,0.97183317,0.9224123,0.9511603,0.91700846,0.96381956,0.95085984,0.93756664,0.92969525,0.9657395,0.9570992,0.9468915,0.9566484,0.92085373,0.934963,0.9165237,0.92706406,0.93941325,0.91570765,0.942828,0.9605872,0.9683988,0.58267254,0.9340628,0.91713625,0.92021585,0.9319243,0.9239027,0.9437874,0.9182307,0.8841739,0.8654406,0.75508463,0.9566659,0.96274114,0.94367105,0.97312075,0.94978297,0.9400173,0.8321285,0.9288278,0.9468292,0.9712333,0.94455075,0.94762653,0.93586403,0.9296519,0.9252384,0.9593813,0.9352211,0.91180336,0.93045163,0.9032482,0.94991386,0.94945157,0.97947335,0.94623744,0.9096422,0.9643209,0.94013065,0.9388945,0.9377288,0.9587729,0.9324206,0.95923376,0.93808764,0.9169572,0.9443849,0.5091744,0.85202587,0.9434099,0.87530947,0.9652742,0.6799673,0.91536427,0.96952057,0.9085064,0.93828464,0.95055056,0.9509893,0.9041167,0.9636953,0.879067,0.9457544,0.9542556,0.93057835,0.93919843,0.9673199,0.9443849,0.9443771,0.94391525,0.93051034,0.934926,0.9155849,0.9467732,0.9150861,0.9534324,0.95103544,0.936862,0.9394746,0.9415789,0.9726606,0.9219782,0.9464823,0.94184417,0.94940984,0.95801115,0.96396685,0.5883457,0.9575389,0.7400722,0.94748837,0.93536,0.9538687,0.8781447,0.94191515,0.9395737,0.952338,0.95490056,0.9467809,0.9231786,0.97031796,0.9532364,0.9519992,0.8635482,0.9370555,0.74658495,0.93291736,0.92129135,0.9235011,0.94223374,0.9455098,0.9400601,0.9371094,0.91981953,0.9562758,0.9624407,0.96381956,0.9188583,0.9671006,0.9503704,0.921954,0.96031165,0.9415506,0.9120165,0.940106,0.94398123,0.92791647,0.96240675,0.9498769,0.87776834,0.9440459,0.9453023,0.915954,0.9419513,0.94164443,0.9685846,0.96381956,0.94780874,0.95911604,0.9437536,0.92287254
abeautifuldaymovie,0.97997195,0.9527971,1.0000001,0.9238941,0.97593236,0.9488547,0.9740819,0.9708233,0.9835126,0.9719476,0.9774271,0.9616706,0.96846944,0.9777523,0.961281,0.9794423,0.9683606,0.96732014,0.94620425,0.9492678,0.9820486,0.9814451,0.9591815,0.978958,0.975412,0.6212079,0.9680681,0.97031736,0.986822,0.94063824,0.9617213,0.97669977,0.96118164,0.95439845,0.89768285,0.7664032,0.9792635,0.96806306,0.97503966,0.9741274,0.97895634,0.9739452,0.8947624,0.97409326,0.9693465,0.9623822,0.9592563,0.9659535,0.9684986,0.97444475,0.9826221,0.97690356,0.96115476,0.9483405,0.96485275,0.9633941,0.9648215,0.97894436,0.9560143,0.98046964,0.97615534,0.9657502,0.9658227,0.96728617,0.9576326,0.9881243,0.9682475,0.97464126,0.9681078,0.9458778,0.9824352,0.49335057,0.9104253,0.9791664,0.93215954,0.98390365,0.68961054,0.96328056,0.95906806,0.95317864,0.97885036,0.9756982,0.9831819,0.95537025,0.9656093,0.9367218,0.94347155,0.97307104,0.9641144,0.9725907,0.9748456,0.9824352,0.96701026,0.95746285,0.98531294,0.95777184,0.96668845,0.96079546,0.9659854,0.9704158,0.9556316,0.967111,0.98094887,0.9838992,0.96609294,0.98395336,0.959328,0.9703702,0.9806154,0.95272565,0.9784132,0.50000507,0.9801671,0.7305425,0.9658347,0.9694646,0.9792688,0.937965,0.9703659,0.9652882,0.9752229,0.96765095,0.9803704,0.9483867,0.9832726,0.9712754,0.9645558,0.9391592,0.9745577,0.80504906,0.9842354,0.9485371,0.96046686,0.9502556,0.98661363,0.94311666,0.9814578,0.9580798,0.9786076,0.9731745,0.9835126,0.978154,0.9689124,0.982179,0.9353078,0.9644668,0.9584373,0.9523126,0.9761152,0.9623009,0.9684653,0.98675007,0.9816931,0.89361835,0.96318704,0.97271013,0.93703926,0.97939444,0.98515815,0.9843353,0.9835126,0.96208763,0.9795845,0.96680427,0.9839468
abominablemovie,0.93608165,0.9552896,0.9238941,1.0000001,0.91022503,0.9202563,0.9475677,0.92821044,0.9532209,0.919429,0.9186003,0.95247704,0.962984,0.9434834,0.9196627,0.91726476,0.91044086,0.89364046,0.88994175,0.9083487,0.93550026,0.88691336,0.95522743,0.9338611,0.9542698,0.5784841,0.9008315,0.9029936,0.89644575,0.9100063,0.91051555,0.9087669,0.89874876,0.88292366,0.82608306,0.70440483,0.9287319,0.9620683,0.9527331,0.93010324,0.92802626,0.92833525,0.8487232,0.9202177,0.94067657,0.9594656,0.9528139,0.9477184,0.9264143,0.92058426,0.91036016,0.9417663,0.91690326,0.91516227,0.9281083,0.8672091,0.89635843,0.93967766,0.9743983,0.93134433,0.8901654,0.97529715,0.91847503,0.9256243,0.9376115,0.9206432,0.92558324,0.9442952,0.9387457,0.91347086,0.9359524,0.42234153,0.8476465,0.9264453,0.8507617,0.9327853,0.62029207,0.8847197,0.9685939,0.87365437,0.9099892,0.9512177,0.93953764,0.8721913,0.9605526,0.8773055,0.9790034,0.94727135,0.9095084,0.92681205,0.960401,0.9359524,0.9605508,0.96978813,0.9104765,0.91522455,0.9128407,0.93952054,0.92143553,0.949718,0.93118423,0.9327761,0.88578415,0.9310289,0.957831,0.91403234,0.94896764,0.91054475,0.9203731,0.9240378,0.9382135,0.5722801,0.9623863,0.67030233,0.95890623,0.9279301,0.94408184,0.8665873,0.92908925,0.93071556,0.9305804,0.96147066,0.9481606,0.9119502,0.9402992,0.9605233,0.9539149,0.8567962,0.92302924,0.7072102,0.9309666,0.8581267,0.90913796,0.9362341,0.9183846,0.9250416,0.9060864,0.89738655,0.9512744,0.9394649,0.9532209,0.8887536,0.95389944,0.92158055,0.94035417,0.9289396,0.9109289,0.9002619,0.90738565,0.9194394,0.9152784,0.9355619,0.9348573,0.8367856,0.9446781,0.9268601,0.9242775,0.92001885,0.9347912,0.95396453,0.9532209,0.926886,0.9514754,0.94288,0.9021783
adastramovie,0.97579414,0.97183317,0.97593236,0.91022503,1.0,0.92861617,0.9614389,0.9421806,0.9757631,0.9819941,0.9664878,0.92635876,0.96525306,0.9737838,0.9600283,0.9767895,0.961493,0.98344475,0.955611,0.93922055,0.9607101,0.96263266,0.9407273,0.9809984,0.9738555,0.6736567,0.971383,0.94913894,0.9650777,0.94154596,0.95457596,0.9584976,0.95058817,0.92690337,0.90988284,0.80646074,0.96823424,0.9681473,0.9570091,0.97460264,0.97583956,0.9689167,0.8815181,0.9633704,0.9627743,0.95266134,0.94545984,0.9454085,0.9582568,0.96399516,0.9634688,0.9713702,0.9562427,0.9366974,0.9544462,0.9633405,0.97978127,0.96838194,0.9581936,0.9685408,0.95427984,0.95739114,0.9647592,0.9668396,0.9441411,0.9825464,0.94825643,0.96431446,0.9559743,0.93306583,0.970268,0.55454034,0.9098084,0.9598179,0.92666835,0.97690624,0.72378576,0.952511,0.9606967,0.94686645,0.9635488,0.9625629,0.9778596,0.94369537,0.9631607,0.9282437,0.9302519,0.9629505,0.96589506,0.9681147,0.9618549,0.970268,0.94162774,0.9381219,0.96484673,0.94650537,0.94426924,0.95628613,0.9439228,0.9535813,0.94533473,0.9490509,0.9775489,0.9700431,0.9681411,0.9583136,0.9485993,0.97131175,0.96870816,0.95340914,0.98323333,0.5871416,0.9630799,0.79099536,0.954427,0.9644765,0.9749993,0.92740476,0.9573736,0.9564154,0.9744975,0.95433086,0.9669827,0.9229181,0.9797858,0.950216,0.95390534,0.9267474,0.9675952,0.8315587,0.95689404,0.9655427,0.95160425,0.94192314,0.970557,0.94411564,0.9731793,0.9494045,0.9702873,0.97189593,0.9757631,0.9585376,0.9581091,0.97031295,0.90201217,0.963437,0.95273674,0.94045043,0.97365385,0.9612021,0.9582948,0.97360146,0.96077496,0.9301492,0.9455717,0.9670193,0.9232864,0.9721068,0.96301824,0.97694945,0.9757631,0.97320366,0.9640327,0.948818,0.9625623
adogsjourneymovie,0.9665771,0.9224123,0.9488547,0.9202563,0.92861617,1.0,0.9736256,0.9684742,0.9728164,0.94908774,0.9469164,0.9629824,0.9470085,0.94684905,0.96378654,0.96029556,0.9518849,0.93512625,0.92908704,0.95974666,0.9401113,0.94318265,0.98057425,0.9635409,0.9514537,0.60029805,0.91268843,0.94615734,0.95308006,0.9327208,0.9423948,0.935807,0.9235372,0.93425757,0.8492974,0.67566985,0.9635386,0.95965326,0.9622415,0.9349584,0.9274869,0.95849985,0.90684694,0.9594035,0.9770646,0.95652324,0.9807929,0.9484748,0.9563901,0.96551806,0.95999247,0.9598741,0.9577048,0.9427229,0.9636718,0.9113626,0.93319166,0.9607704,0.92907447,0.96813613,0.92068857,0.95137686,0.95666623,0.9397283,0.9574403,0.92753476,0.94945145,0.9618016,0.95130104,0.94854873,0.9699209,0.454845,0.8900284,0.9571992,0.9131333,0.9494109,0.6333233,0.93314075,0.9429809,0.9269568,0.9722165,0.96917075,0.9592313,0.92653537,0.9496413,0.94079393,0.93185264,0.96672124,0.9449491,0.9682315,0.9486483,0.9699209,0.9486584,0.9622613,0.956336,0.9601,0.9538653,0.97504634,0.9725774,0.9576616,0.9451477,0.96177953,0.93591994,0.9576119,0.94162655,0.9570757,0.9609736,0.9430925,0.9396101,0.9245617,0.9597268,0.5102822,0.9655099,0.67671007,0.9386435,0.95759255,0.9682915,0.9476526,0.9781215,0.96715176,0.9532656,0.957316,0.96768975,0.9545233,0.9540865,0.96664584,0.97499955,0.9262063,0.9583501,0.78939795,0.9498191,0.8900427,0.9491962,0.95106554,0.9590573,0.92531836,0.9601092,0.965938,0.9716686,0.9591066,0.9728164,0.95044154,0.9385683,0.9598696,0.9169389,0.9409444,0.92425233,0.91526073,0.945579,0.9197877,0.9651019,0.97056395,0.9654277,0.86033833,0.9511672,0.9576137,0.9771971,0.9465256,0.9589249,0.9562625,0.9728164,0.94375837,0.9561135,0.9802979,0.9426961
aftermathmovie,0.9804824,0.9511603,0.9740819,0.9475677,0.9614389,0.9736256,0.9999999,0.9651713,0.98993844,0.9694028,0.97118723,0.97073144,0.9702403,0.9785105,0.9825439,0.9748913,0.9660854,0.965734,0.9455404,0.9658254,0.9652608,0.9662901,0.97993463,0.9852657,0.9803046,0.63352954,0.95622844,0.9594983,0.97375953,0.9403236,0.9661285,0.96507263,0.9499021,0.9530911,0.86186844,0.71492654,0.9858638,0.97879773,0.9818048,0.97588515,0.9554341,0.9784649,0.91099477,0.9699089,0.98024625,0.98134935,0.9808037,0.967705,0.97623575,0.9743797,0.9768375,0.9842511,0.95648444,0.9352806,0.9676323,0.94085497,0.9706096,0.98309314,0.9747166,0.98420626,0.9535621,0.9799673,0.9683765,0.96709913,0.96782655,0.95714915,0.9677046,0.9868416,0.9701584,0.9502118,0.9885415,0.44395807,0.9086569,0.9610634,0.91355205,0.97542506,0.6317315,0.96021295,0.9779681,0.94694144,0.98176444,0.9824418,0.9792932,0.9350683,0.9673686,0.9342757,0.9587857,0.97535247,0.96477324,0.97309685,0.973618,0.9885415,0.9675408,0.9758925,0.97759026,0.97430634,0.9636542,0.97546214,0.98593503,0.97687685,0.97477907,0.9653638,0.95879006,0.98306465,0.9752264,0.97616565,0.9783715,0.9626781,0.9588759,0.95105267,0.9820594,0.5475024,0.98489654,0.6986699,0.9669517,0.97642344,0.9814028,0.93951255,0.991015,0.99314535,0.97209024,0.9732384,0.9821236,0.9456802,0.98747045,0.98814064,0.9817558,0.9419819,0.97804695,0.8021856,0.971491,0.92822975,0.9715804,0.9537566,0.978679,0.93929726,0.9745724,0.97065127,0.98875487,0.9831055,0.98993844,0.9669973,0.9778247,0.96996266,0.93838346,0.9622646,0.94200265,0.93149185,0.9641967,0.93453425,0.98816055,0.98402554,0.9775499,0.9012202,0.98103905,0.98374367,0.96237457,0.9789628,0.97997373,0.9873209,0.98993844,0.97105056,0.9712576,0.9860188,0.9680716
aftermovie,0.97802037,0.91700846,0.9708233,0.92821044,0.9421806,0.9684742,0.9651713,1.0000001,0.9761201,0.9604813,0.9634823,0.9756341,0.9639478,0.96639067,0.9431261,0.95878255,0.9666206,0.95323926,0.9470909,0.94023424,0.9687013,0.9691245,0.97088695,0.9657363,0.96014774,0.6464225,0.95097727,0.95991766,0.972474,0.9492476,0.9597316,0.94666463,0.9520645,0.9522318,0.89756405,0.7538946,0.9587878,0.9725045,0.978947,0.92721105,0.958507,0.96575356,0.93134457,0.9737001,0.97065985,0.9414166,0.9728654,0.9660551,0.95976365,0.9773649,0.98117036,0.9651144,0.9561586,0.96839756,0.98416185,0.9498235,0.92066085,0.9667029,0.93012494,0.97482646,0.9475408,0.9621519,0.94491005,0.96236455,0.9590653,0.95441663,0.9620906,0.95840156,0.95626324,0.92902714,0.9805312,0.5010706,0.92390054,0.9669625,0.9341948,0.95412266,0.69151497,0.94122064,0.9410984,0.94719476,0.9720994,0.97959876,0.9790608,0.9412668,0.962365,0.94795275,0.9466056,0.97568494,0.95495087,0.9746886,0.9641825,0.9805312,0.96598667,0.9705776,0.9768967,0.9453685,0.9560199,0.9651579,0.96501154,0.95982116,0.92802024,0.9644611,0.95533615,0.9792388,0.9451991,0.98173803,0.95640475,0.96227705,0.9659313,0.92513365,0.9641568,0.49806252,0.9767139,0.7238574,0.9614159,0.97093856,0.97953016,0.96547633,0.9664348,0.9611348,0.9683521,0.97427744,0.9803668,0.93404984,0.95766205,0.9689214,0.97243947,0.96165276,0.97330415,0.8342956,0.9722402,0.90748453,0.9442466,0.95541626,0.9637279,0.94383633,0.9649518,0.9565295,0.9767031,0.9506304,0.9761201,0.96953887,0.9433723,0.97658306,0.9138972,0.9455599,0.940585,0.9474777,0.9695069,0.95561075,0.9638431,0.96819085,0.9738764,0.8881808,0.9546908,0.96102434,0.9635178,0.9632984,0.97952086,0.96847874,0.9761201,0.9575968,0.9725436,0.96651053,0.97261506
ahiddenlifefilm,0.992858,0.96381956,0.9835126,0.9532209,0.9757631,0.9728164,0.98993844,0.9761201,1.0000001,0.983896,0.9779054,0.97596383,0.9852005,0.9824679,0.98594266,0.9854862,0.9806306,0.96970934,0.96865773,0.97676593,0.9830539,0.9715429,0.9838737,0.9889745,0.98604643,0.6544177,0.964994,0.97787505,0.9817851,0.96306,0.9755763,0.97273004,0.9601345,0.964132,0.90250754,0.7699048,0.9837024,0.98749864,0.98287916,0.9766479,0.9764904,0.9878994,0.9213038,0.98346424,0.9894453,0.9770785,0.98730123,0.9782614,0.980859,0.98628634,0.98214203,0.9921118,0.973601,0.9582858,0.9756088,0.9578153,0.9703292,0.98916453,0.9724283,0.9916948,0.96767545,0.9834064,0.9789289,0.976135,0.9799833,0.9775654,0.97498876,0.99010473,0.97561866,0.9684857,0.99211776,0.50724274,0.9232121,0.9842772,0.9408842,0.9874236,0.7026514,0.97196484,0.980076,0.9538578,0.9802005,0.98672366,0.9920249,0.9598246,0.9795802,0.954501,0.9696751,0.9913068,0.974147,0.98677826,0.98352116,0.99211776,0.9794407,0.9815962,0.9786709,0.9804905,0.97506386,0.9880882,0.98088187,0.9806574,0.9639263,0.975818,0.96909106,0.98697007,0.97685355,0.9801074,0.9865006,0.9786056,0.9778013,0.9613896,0.9919318,0.56090647,0.9911385,0.7482228,0.98347425,0.98562366,0.994514,0.9557688,0.9886856,0.9804287,0.98682874,0.98632485,0.992103,0.9637136,0.9889701,0.987103,0.99117196,0.9500247,0.9825636,0.8194664,0.9857915,0.9494307,0.97687256,0.96834797,0.98682964,0.96726805,0.9822704,0.9774559,0.99212396,0.9832254,1.0000001,0.9759409,0.9760342,0.9812197,0.9452731,0.97863203,0.9609612,0.9594863,0.97839606,0.9647711,0.98066217,0.9875352,0.98334384,0.9098132,0.9785895,0.9843427,0.97131675,0.97931004,0.9874327,0.9906837,1.0000001,0.9786809,0.9875806,0.98774135,0.9731209
alitamovie,0.9877292,0.95085984,0.9719476,0.919429,0.9819941,0.94908774,0.9694028,0.9604813,0.983896,0.9999999,0.97405183,0.9532837,0.97295576,0.97822493,0.97017866,0.97458,0.9836953,0.98336595,0.974154,0.95758873,0.96731836,0.97468454,0.9537744,0.9827452,0.9636985,0.68639404,0.979004,0.9719214,0.97450966,0.9503376,0.9754439,0.96183246,0.9574919,0.94595194,0.92957354,0.8110934,0.96265835,0.97836226,0.96907413,0.9593174,0.9816346,0.9791666,0.9145247,0.9724434,0.9747677,0.95341325,0.96426994,0.95651454,0.9734217,0.97853017,0.9783018,0.9775341,0.9736797,0.9484769,0.976556,0.97265214,0.9721734,0.97409993,0.95189667,0.9810782,0.96490663,0.9664353,0.97265136,0.9777794,0.9545215,0.97884256,0.9579461,0.9670191,0.9599738,0.9498534,0.98255026,0.5720099,0.93938524,0.9642019,0.95523673,0.97386706,0.7483638,0.9638548,0.95996666,0.9581951,0.96583766,0.9757595,0.98614913,0.96569526,0.973638,0.9534954,0.9457772,0.971395,0.9729917,0.9845503,0.96961945,0.98255026,0.95188016,0.964983,0.9667466,0.95861065,0.96294224,0.97586685,0.9632566,0.9574918,0.9367243,0.95900255,0.96731263,0.9805331,0.9683926,0.9727429,0.9579329,0.98174864,0.97070247,0.93995667,0.989028,0.5682766,0.9665573,0.8126621,0.9727944,0.9856541,0.98918444,0.9569352,0.96914834,0.9630215,0.98452765,0.95814496,0.98613137,0.92789423,0.97607523,0.9686308,0.9650058,0.9540659,0.9820642,0.8688378,0.96984607,0.9543036,0.9738563,0.9585586,0.97265685,0.9532125,0.9854621,0.965437,0.98452467,0.9701699,0.983896,0.97298163,0.96172255,0.97194624,0.90062785,0.96268517,0.95755446,0.96171725,0.98151165,0.9579431,0.9695844,0.97225493,0.97219735,0.9162343,0.95297134,0.97907144,0.95173687,0.9791569,0.9765,0.9791089,0.983896,0.97494704,0.9692069,0.96314144,0.9671888
angelhasfallen,0.9704699,0.93756664,0.9774271,0.9186003,0.9664878,0.9469164,0.97118723,0.9634823,0.9779054,0.97405183,1.0,0.946461,0.9736943,0.9729995,0.96693313,0.9665391,0.959292,0.9675098,0.9531303,0.95985657,0.9738482,0.9775212,0.96668935,0.98288476,0.97274673,0.69770586,0.9639319,0.96195465,0.977443,0.9328163,0.9758125,0.9588842,0.9824756,0.96074957,0.90695006,0.78465337,0.9738136,0.97242033,0.9640018,0.9606271,0.967433,0.9812747,0.92371166,0.975932,0.9738103,0.9612048,0.96960616,0.9515727,0.9655227,0.9792863,0.9790397,0.96807474,0.9758191,0.9520861,0.9680859,0.9636364,0.9528229,0.9802825,0.94495064,0.97437483,0.9662899,0.9575178,0.9715499,0.9705402,0.9627814,0.97445774,0.97440284,0.96827394,0.975974,0.94613135,0.98261076,0.5054932,0.9312496,0.95954555,0.95267123,0.969627,0.67969155,0.9684003,0.9488586,0.959912,0.9779297,0.96957505,0.97981715,0.9436959,0.9681273,0.9574742,0.9581348,0.97464925,0.9779156,0.97083676,0.96130055,0.98261076,0.9756084,0.9594041,0.98561627,0.9658796,0.9832368,0.9665909,0.960557,0.9824201,0.96002805,0.9653657,0.9723872,0.9897149,0.9526885,0.9806441,0.9574759,0.9701806,0.954602,0.9202683,0.9700061,0.56891465,0.97754353,0.7332595,0.96166307,0.9850495,0.9746599,0.95674676,0.9726876,0.96008116,0.9666952,0.9700617,0.9794143,0.9273389,0.9751633,0.9727416,0.9683937,0.95101136,0.97163916,0.8524243,0.9798834,0.9609294,0.9468394,0.9319754,0.9786941,0.9330793,0.9804101,0.94598085,0.977072,0.9691295,0.9779054,0.9732618,0.9599588,0.95159876,0.8918968,0.9417951,0.9329592,0.9569723,0.96470374,0.9602519,0.97948843,0.9697515,0.97832274,0.9090382,0.9622924,0.9786383,0.9575169,0.98197544,0.9860669,0.96667767,0.9779054,0.96713734,0.97445834,0.97373295,0.97987545
angrybirdsmovie,0.9643558,0.92969525,0.9616706,0.95247704,0.92635876,0.9629824,0.97073144,0.9756341,0.97596383,0.9532837,0.946461,1.0,0.9654621,0.9577531,0.94805354,0.9473862,0.9588393,0.93205446,0.93382144,0.9482666,0.95632327,0.9472769,0.974013,0.95100385,0.9526304,0.56208634,0.931805,0.9543098,0.9596712,0.93128383,0.9530045,0.9451494,0.9301472,0.9349397,0.8574861,0.70320994,0.9609968,0.96009064,0.9749031,0.9385024,0.9465306,0.9550073,0.89182645,0.95604765,0.96830875,0.9543453,0.9731602,0.96315837,0.9580233,0.958182,0.9711946,0.96570057,0.93550324,0.93972784,0.963509,0.9279678,0.92234117,0.9737884,0.95320094,0.9685512,0.9359414,0.9719574,0.93568945,0.94708997,0.9541668,0.94446075,0.9634029,0.96333283,0.9550247,0.92863864,0.97134894,0.45688814,0.91113216,0.9586637,0.9076757,0.95257956,0.64009464,0.9330606,0.960357,0.92672765,0.9600419,0.97954893,0.97130704,0.92763513,0.96930164,0.9222989,0.9558616,0.9709926,0.9365202,0.9535837,0.96042424,0.97134894,0.95854056,0.9787744,0.9599032,0.9432945,0.9406523,0.9570661,0.9671622,0.96074086,0.93632865,0.9462422,0.9357069,0.9647197,0.9649824,0.97103804,0.96821713,0.94509274,0.9566704,0.9289778,0.9590086,0.48882508,0.98003244,0.6818244,0.9600875,0.95593256,0.9670179,0.9272754,0.96650934,0.96521866,0.9561902,0.9733562,0.97505337,0.93821645,0.962839,0.97747713,0.97208756,0.92723805,0.9664039,0.7796353,0.9622499,0.89497775,0.9536295,0.9432905,0.9658337,0.9295056,0.9494945,0.9574637,0.976452,0.9550895,0.97596383,0.9538925,0.95795053,0.96489173,0.95108294,0.9494809,0.9363336,0.9285676,0.95172995,0.9339278,0.9583917,0.9620445,0.97397035,0.85603124,0.96474344,0.95448875,0.95179313,0.9598814,0.9753193,0.9749476,0.97596383,0.94815505,0.96250254,0.96913993,0.9605988
annabellemovie,0.97645336,0.9657395,0.96846944,0.962984,0.96525306,0.9470085,0.9702403,0.9639478,0.9852005,0.97295576,0.9736943,0.9654621,1.0,0.9836717,0.96600103,0.95795405,0.96196973,0.9571701,0.9612482,0.954432,0.9715079,0.9513098,0.9717711,0.9741047,0.9815162,0.6693166,0.9620693,0.958403,0.954082,0.9508412,0.9712836,0.95872283,0.95542735,0.9386848,0.9145506,0.78555644,0.96863943,0.9884802,0.9776401,0.9569375,0.97513026,0.98051625,0.91467315,0.9770723,0.97755754,0.96394604,0.9748314,0.9642779,0.97494876,0.97758377,0.9617687,0.9821072,0.9634291,0.95884794,0.970019,0.9501587,0.9424897,0.98044336,0.9693268,0.98103774,0.9473872,0.9836516,0.97064227,0.97876793,0.97691333,0.9711071,0.9621594,0.97403806,0.9689298,0.95235986,0.98149806,0.5085398,0.9205677,0.9599766,0.92444754,0.9770727,0.706509,0.94874126,0.9731587,0.9375284,0.9570385,0.9788125,0.98094255,0.9318471,0.9847308,0.9400347,0.97318196,0.9901438,0.9682644,0.97396934,0.97915137,0.98149806,0.9806492,0.97708166,0.9642844,0.95903814,0.9595761,0.97700804,0.9532761,0.9771277,0.9509354,0.9728103,0.94856274,0.97995317,0.9735638,0.9616307,0.962252,0.9783292,0.95840156,0.9376764,0.9804408,0.6037545,0.98327667,0.75788695,0.98182786,0.98086816,0.98286873,0.9426073,0.9660873,0.961777,0.97800493,0.9858299,0.984796,0.92991334,0.97305316,0.9765335,0.98224574,0.92892057,0.9770326,0.82622725,0.9700285,0.9423395,0.95233554,0.9582674,0.9688766,0.9540552,0.9630986,0.94911355,0.9857191,0.96504587,0.9852005,0.9554662,0.97194463,0.96594864,0.91688704,0.96289986,0.9450332,0.9630016,0.9751802,0.9716571,0.96333563,0.97564554,0.9732419,0.88667053,0.9639058,0.971522,0.9569526,0.9740573,0.9818993,0.97770816,0.9852005,0.96514887,0.9831366,0.97214615,0.9585632
annamovie,0.98301077,0.9570992,0.9777523,0.9434834,0.9737838,0.94684905,0.9785105,0.96639067,0.9824679,0.97822493,0.9729995,0.9577531,0.9836717,1.0000001,0.9632544,0.9677841,0.96756774,0.9775727,0.9606727,0.94114345,0.96311337,0.96719235,0.9610758,0.9820544,0.9854316,0.6573328,0.98246557,0.9541359,0.964843,0.94817257,0.9736956,0.96516955,0.9594149,0.94321626,0.90255195,0.7694856,0.9783397,0.9887388,0.98656774,0.96021235,0.979456,0.9807699,0.9166997,0.97482383,0.9682479,0.9657625,0.96451867,0.96651876,0.9796998,0.9772847,0.9721252,0.98207545,0.9624063,0.96057874,0.97078174,0.961939,0.960898,0.97432184,0.9720847,0.9847963,0.95845723,0.9856826,0.9622939,0.9921426,0.96102446,0.97321415,0.955403,0.97315407,0.9576731,0.93607026,0.9897425,0.5074697,0.9267889,0.9540681,0.9213464,0.98026437,0.6853656,0.95085144,0.9754717,0.95703274,0.9613352,0.98220104,0.98267835,0.9320383,0.97908944,0.93801576,0.95394003,0.9756727,0.9749419,0.9775326,0.98357874,0.9897425,0.96713763,0.97381634,0.97699213,0.9525299,0.95656425,0.9699745,0.96324843,0.9705037,0.96133506,0.9673389,0.9559347,0.98712534,0.9786462,0.97236574,0.9513887,0.9846377,0.9615991,0.94166195,0.9852699,0.5772027,0.97625065,0.7522601,0.9722959,0.9841617,0.98542565,0.9410467,0.9662373,0.9779419,0.9834234,0.97262055,0.98331285,0.91707677,0.9787817,0.97844744,0.97076696,0.9459593,0.9834151,0.8451914,0.9684899,0.9333837,0.96174085,0.9600354,0.96848226,0.9459938,0.97485584,0.95459586,0.9904778,0.9709559,0.9824679,0.96777236,0.9785038,0.9761128,0.91134125,0.9570886,0.94883734,0.95268965,0.98540056,0.962247,0.9741491,0.98248756,0.9797487,0.9178967,0.970004,0.9826902,0.94096345,0.9871289,0.9805249,0.9841646,0.9824679,0.97541994,0.98237497,0.967657,0.9697414
apollo11movie,0.97478426,0.9468915,0.961281,0.9196627,0.9600283,0.96378654,0.9825439,0.9431261,0.98594266,0.97017866,0.96693313,0.94805354,0.96600103,0.9632544,1.0000001,0.9744205,0.9671113,0.95245415,0.96149915,0.988449,0.9651146,0.9590636,0.9685977,0.98146075,0.96723086,0.6553872,0.95252997,0.9683095,0.9675891,0.9496864,0.96861297,0.970814,0.952016,0.960051,0.8886876,0.7483817,0.9724395,0.96715003,0.95519745,0.9740452,0.95091975,0.9771515,0.916058,0.9648139,0.9753879,0.97075397,0.9772574,0.95508903,0.97296244,0.9715182,0.9630563,0.98696786,0.96344274,0.92387134,0.9524504,0.9370721,0.9685682,0.97296685,0.95232034,0.9845556,0.95204496,0.95904005,0.97415227,0.9595347,0.97455764,0.95284826,0.95812225,0.9840625,0.9543749,0.9635267,0.9783679,0.47991222,0.90107787,0.9612456,0.92854047,0.9763542,0.6861991,0.97375035,0.9566344,0.94342625,0.9730569,0.9624286,0.96667105,0.95154744,0.9556933,0.9372967,0.94702977,0.9758391,0.9627593,0.9708581,0.9639717,0.9783679,0.9622933,0.9601378,0.959759,0.9930933,0.96756256,0.9852231,0.96661085,0.9671466,0.9599388,0.9650483,0.9540757,0.9705862,0.9553027,0.95791274,0.974851,0.96822685,0.9533865,0.94701225,0.9784299,0.5495759,0.96573627,0.74223804,0.96745294,0.9758978,0.97643244,0.9497771,0.98852265,0.97296864,0.9708201,0.9661293,0.9721127,0.9500762,0.9812607,0.97414905,0.9805464,0.9413045,0.9688731,0.81990683,0.9722069,0.9449188,0.97583485,0.95330113,0.9708976,0.9534071,0.9714983,0.9746026,0.9769519,0.9696454,0.98594266,0.9675818,0.9656889,0.9553562,0.91055006,0.9723296,0.94521713,0.9470321,0.9613082,0.9366027,0.9733858,0.9728913,0.96524066,0.8863471,0.9674364,0.97872967,0.97085726,0.9656853,0.96720535,0.96908104,0.98594266,0.9628278,0.97039247,0.98278534,0.9495292
arcticdogsmovie,0.98632056,0.9566484,0.9794423,0.91726476,0.9767895,0.96029556,0.9748913,0.95878255,0.9854862,0.97458,0.9665391,0.9473862,0.95795405,0.9677841,0.9744205,1.0000002,0.9668079,0.968773,0.95951015,0.9603246,0.9698378,0.9733719,0.961695,0.9860094,0.97487605,0.6417357,0.96028304,0.9650785,0.9798676,0.9630475,0.958787,0.97256505,0.94582486,0.9553637,0.90437925,0.79360396,0.9776403,0.96779346,0.9646399,0.9768763,0.967647,0.9657346,0.90749514,0.96321523,0.97493434,0.96581244,0.9671639,0.972502,0.9638212,0.96661747,0.9742495,0.97983,0.9716195,0.94304216,0.95852745,0.94884,0.9736807,0.96215934,0.95672,0.97540563,0.9706885,0.96417105,0.9652394,0.9637939,0.9602905,0.9762952,0.9637823,0.9801544,0.9506295,0.9425111,0.9786156,0.5709664,0.9008116,0.9808028,0.94693065,0.9794075,0.7355947,0.9652544,0.96394825,0.96691126,0.9717771,0.9621042,0.9792531,0.96562046,0.9508444,0.94705486,0.93445385,0.97385335,0.976482,0.9797418,0.9759978,0.9786156,0.9535741,0.9494164,0.9717293,0.9674269,0.96833426,0.9683929,0.9653269,0.96387756,0.9563091,0.9637378,0.9735114,0.9731477,0.95481795,0.97119445,0.97367847,0.9734818,0.9804548,0.9610762,0.9785344,0.5377233,0.9702223,0.77252144,0.96137065,0.96942955,0.98013246,0.9465095,0.97129524,0.96895117,0.97714025,0.95749205,0.96874386,0.95971066,0.9819928,0.9689062,0.975585,0.9481865,0.95659435,0.8258777,0.9703357,0.9479057,0.9681424,0.9617879,0.9762536,0.9602215,0.9830308,0.9738331,0.971161,0.972478,0.9854862,0.9714123,0.9613647,0.9734008,0.9262405,0.97902423,0.96421736,0.9464679,0.9686678,0.9539534,0.9719676,0.97698045,0.9712662,0.9149853,0.96913046,0.97474647,0.94626105,0.96736485,0.970529,0.97678703,0.9854862,0.97152984,0.9747004,0.971378,0.9678768
arcticmovie,0.98334855,0.92085373,0.9683606,0.91044086,0.961493,0.9518849,0.9660854,0.9666206,0.9806306,0.9836953,0.959292,0.9588393,0.96196973,0.96756774,0.9671113,0.9668079,1.0000001,0.97314906,0.971048,0.95589626,0.9756221,0.97119194,0.9534541,0.97184896,0.95697933,0.6760216,0.96248525,0.98157746,0.9769501,0.9509979,0.9647009,0.9527548,0.9487604,0.95948255,0.9226661,0.79536027,0.95208514,0.96219385,0.9661341,0.94271713,0.9775308,0.9751545,0.93185747,0.9786159,0.9796364,0.9338624,0.96183485,0.94675237,0.9787894,0.9801894,0.9750075,0.9760633,0.9678274,0.9536979,0.96944547,0.96088165,0.95759314,0.9695191,0.9323335,0.9821534,0.96537274,0.962962,0.9713345,0.9748027,0.95400596,0.9646188,0.95647866,0.9579902,0.962504,0.9532142,0.98050517,0.53880423,0.93399596,0.96578294,0.95094365,0.9604199,0.73453134,0.9543816,0.94759655,0.9444783,0.9622583,0.9731504,0.98278564,0.97207296,0.9580204,0.9621175,0.9345307,0.97124565,0.9675151,0.98504287,0.95709294,0.98050517,0.9502385,0.9600183,0.96037084,0.95556694,0.9650025,0.97387064,0.9718468,0.94997907,0.9170354,0.96073174,0.9536197,0.9728974,0.9500167,0.9697168,0.9619346,0.97323126,0.9633638,0.92819935,0.9792056,0.51127124,0.96260583,0.7917474,0.97220284,0.9763193,0.984447,0.96392035,0.96673954,0.9604438,0.98030204,0.95694166,0.98418146,0.93546605,0.9669365,0.955983,0.96790403,0.9610007,0.97729045,0.854621,0.97889215,0.93770874,0.9877763,0.96351075,0.9641601,0.9505595,0.97602904,0.9705649,0.98021114,0.9541977,0.9806306,0.9628236,0.9404694,0.9651392,0.9038404,0.9622773,0.95117074,0.9622277,0.9739045,0.9488426,0.96278375,0.96404654,0.956747,0.89091116,0.94656664,0.967141,0.95224917,0.9661978,0.9700746,0.96756744,0.9806306,0.96819675,0.96599025,0.9643426,0.96004236
artofracingmovie,0.97754496,0.934963,0.96732014,0.89364046,0.98344475,0.93512625,0.965734,0.95323926,0.96970934,0.98336595,0.9675098,0.93205446,0.9571701,0.9775727,0.95245415,0.968773,0.97314906,0.99999994,0.9664469,0.930553,0.9509638,0.97201246,0.9369104,0.9782219,0.9630509,0.68843997,0.97487575,0.9471164,0.9713411,0.93835014,0.96784455,0.94669414,0.9546315,0.9390391,0.9130626,0.80929005,0.96513593,0.9650609,0.9649805,0.9494866,0.9683447,0.9725563,0.9154747,0.9714241,0.96626914,0.9382583,0.9433776,0.93980944,0.9606645,0.97275954,0.9734018,0.9625509,0.9543681,0.9455558,0.96821845,0.97502744,0.9705923,0.9638533,0.94338953,0.96939504,0.95868814,0.9571252,0.96058446,0.9763567,0.93309295,0.9708326,0.9436788,0.95140386,0.95128447,0.91632384,0.9773152,0.5770061,0.9455803,0.945158,0.9437021,0.9600448,0.7161973,0.9506271,0.954984,0.96073747,0.965688,0.9689765,0.9778009,0.94241244,0.9540065,0.946854,0.9163638,0.9564536,0.9755746,0.97310936,0.9523791,0.9773152,0.9331154,0.94160825,0.9713153,0.9348943,0.9482865,0.95292044,0.958237,0.94523025,0.9377453,0.94444036,0.96943,0.97760737,0.9565302,0.9685999,0.93942446,0.97227174,0.95742273,0.92428803,0.9789327,0.59225315,0.95811975,0.7967128,0.9467637,0.9743568,0.97584486,0.9447912,0.95618546,0.96904474,0.96843946,0.9435881,0.9702033,0.8985045,0.9691725,0.9506893,0.9516496,0.95141613,0.974575,0.879196,0.9527328,0.94868565,0.9566138,0.9377111,0.96294945,0.93025315,0.9778178,0.9524479,0.9741548,0.9687241,0.96970934,0.96424544,0.9495549,0.96380556,0.87758774,0.9453162,0.9417299,0.93744236,0.97443503,0.9514256,0.975507,0.96568984,0.9614271,0.93091446,0.9451148,0.968891,0.92284334,0.9770757,0.96585524,0.9672765,0.96970934,0.9797424,0.9530617,0.9462453,0.96968347
avengers,0.9796142,0.9165237,0.94620425,0.88994175,0.955611,0.92908704,0.9455404,0.9470909,0.96865773,0.974154,0.9531303,0.93382144,0.9612482,0.9606727,0.96149915,0.95951015,0.971048,0.9664469,1.0,0.95743465,0.95468664,0.95681053,0.9310271,0.9626102,0.95044285,0.7036318,0.9618164,0.96005684,0.95983505,0.96130896,0.9831895,0.944963,0.94077617,0.9656912,0.94211733,0.85084045,0.94892883,0.95839787,0.9461775,0.9253478,0.9572178,0.97666293,0.95523375,0.97339314,0.95976466,0.9270589,0.9472717,0.9563728,0.9491263,0.9781276,0.95636207,0.96266234,0.9537397,0.9550732,0.9522069,0.97294813,0.94127846,0.95242786,0.92415565,0.9738371,0.95221084,0.9450277,0.95223325,0.9698993,0.9449851,0.95231265,0.9376518,0.9530662,0.9257623,0.92824906,0.9688951,0.6220329,0.96222174,0.9486426,0.96359724,0.9594733,0.7831153,0.97044486,0.9400213,0.96748567,0.9457789,0.95518947,0.965638,0.9577557,0.94383985,0.94617033,0.9166688,0.96879363,0.96606356,0.96811515,0.95130795,0.9688951,0.9374105,0.94201607,0.9468526,0.94684404,0.9497174,0.96833557,0.94543195,0.9364368,0.9211163,0.94312245,0.9366118,0.966915,0.9277832,0.94853514,0.9455437,0.9804503,0.9498925,0.90306944,0.9656327,0.60174227,0.9465689,0.82475084,0.95652646,0.97947437,0.97717,0.95925754,0.9471253,0.94955623,0.96694255,0.9466228,0.9620672,0.9057223,0.9513226,0.95116967,0.96308714,0.9573478,0.96592003,0.9047066,0.9559744,0.95109737,0.95964736,0.93838125,0.9546335,0.95783705,0.9704864,0.951009,0.9603374,0.9488031,0.96865773,0.9638105,0.9435669,0.94980794,0.86386687,0.9540632,0.9467519,0.96530294,0.97223204,0.9636103,0.96174717,0.951777,0.9577688,0.90398026,0.9476123,0.9595563,0.93692285,0.95525163,0.9612526,0.94683343,0.96865773,0.97445333,0.95206815,0.93930197,0.94670945
beachbummovie,0.96399325,0.92706406,0.9492678,0.9083487,0.93922055,0.95974666,0.9658254,0.94023424,0.97676593,0.95758873,0.95985657,0.9482666,0.954432,0.94114345,0.988449,0.9603246,0.95589626,0.930553,0.95743465,0.99999994,0.96321183,0.952825,0.9581937,0.96405286,0.9522625,0.6561762,0.9329557,0.96340626,0.96140265,0.94411755,0.961264,0.95115817,0.946075,0.9633139,0.8734237,0.7433242,0.9623137,0.9532848,0.94142926,0.9524409,0.9376564,0.97301763,0.9138727,0.9577173,0.96790713,0.9648249,0.96799064,0.9488307,0.95088464,0.96571946,0.9565899,0.97004867,0.9540647,0.92695594,0.94881356,0.93370056,0.9423441,0.96553785,0.9316805,0.97540253,0.9391696,0.94187045,0.959296,0.93856645,0.96626604,0.9385236,0.94733685,0.97332454,0.9480773,0.95800513,0.9674183,0.45503494,0.9146638,0.9577833,0.9290982,0.9696245,0.685283,0.97657394,0.93853205,0.93660027,0.96685386,0.95566785,0.9601368,0.94300365,0.94509315,0.924072,0.93944716,0.9687634,0.9481148,0.95675355,0.95139474,0.9674183,0.95514053,0.95504427,0.9505559,0.98353285,0.96062976,0.9830783,0.9612142,0.95452803,0.9515849,0.956305,0.9398191,0.9630268,0.93672836,0.95192707,0.9678476,0.94892544,0.941781,0.91579795,0.96427387,0.5390536,0.95882225,0.72726846,0.9587141,0.96743035,0.9644832,0.93802917,0.9796951,0.95541674,0.9573757,0.96152514,0.9656892,0.9420471,0.96437526,0.9674904,0.97528696,0.93389726,0.9598332,0.80473936,0.97170186,0.93273985,0.96386534,0.9397326,0.96670175,0.9473175,0.9623447,0.9638174,0.96533793,0.9611665,0.97676593,0.96388805,0.9497054,0.93905693,0.90816486,0.95886815,0.93790567,0.9366563,0.94457513,0.9269571,0.96137846,0.9575989,0.96590656,0.8678489,0.96447015,0.96646726,0.9688696,0.9487033,0.958664,0.9542033,0.97676593,0.9537297,0.9607267,0.96998435,0.9382275
bernadettefilm,0.9777815,0.93941325,0.9820486,0.93550026,0.9607101,0.9401113,0.9652608,0.9687013,0.9830539,0.96731836,0.9738482,0.95632327,0.9715079,0.96311337,0.9651146,0.9698378,0.9756221,0.9509638,0.95468664,0.96321183,1.0,0.97553664,0.9574132,0.97430384,0.97184986,0.677993,0.95774984,0.9801743,0.9793,0.9548732,0.95852745,0.96316206,0.961287,0.9632015,0.91388404,0.8044185,0.9565421,0.969029,0.9650071,0.95853895,0.97746986,0.97475344,0.9169163,0.9728799,0.9749558,0.95426476,0.96445936,0.96155995,0.96275604,0.97536904,0.9735639,0.9767788,0.96484137,0.9515836,0.9649967,0.9514371,0.9439578,0.9704713,0.94439304,0.9788886,0.9675408,0.9634119,0.969133,0.96165144,0.9678505,0.97631395,0.96648085,0.97214097,0.9710922,0.95503265,0.97648716,0.48445758,0.9120227,0.9783642,0.93929714,0.9751205,0.7194137,0.9618777,0.94904363,0.94197464,0.96793467,0.9677082,0.981127,0.96043545,0.9603806,0.9415611,0.9579193,0.978882,0.9631301,0.97342354,0.9728274,0.97648716,0.9790256,0.963724,0.96836615,0.96357834,0.97367084,0.9736789,0.9579887,0.96515584,0.93516064,0.9732645,0.96301115,0.97808003,0.95020604,0.97418517,0.9690006,0.96516716,0.97462577,0.93802303,0.96985155,0.48622867,0.97443277,0.755837,0.98378175,0.97082365,0.97786087,0.94558775,0.9677324,0.9496835,0.9761472,0.9715135,0.98109084,0.94471705,0.97185946,0.967186,0.97476673,0.9504954,0.9672061,0.80355793,0.9941697,0.9413591,0.96674716,0.956671,0.96958,0.9633434,0.96871907,0.9511,0.97264034,0.95705163,0.9830539,0.96714056,0.95212054,0.9613208,0.9222617,0.96829677,0.95481956,0.9644859,0.9641072,0.9588565,0.9580098,0.9660769,0.96537286,0.8766315,0.961528,0.9636908,0.95030874,0.9616458,0.9776923,0.97095686,0.9830539,0.9607746,0.9818908,0.9643926,0.96475196
