movie,21bridgesmovie,47metersdown,abeautifuldaymovie,abominablemovie,adastramovie,adogsjourneymovie,aftermathmovie,aftermovie,ahiddenlifefilm,alitamovie,angelhasfallen,angrybirdsmovie,annabellemovie,annamovie,apollo11movie,arcticdogsmovie,arcticmovie,artofracingmovie,avengers,beachbummovie,bernadettefilm,blackandbluemovie,blackchristmas,blindedbythelightmovie,bombshellmovie,booksmart,breakthroughmovie,brianbanksmovie,brightburnmovie,brittanyrunsmov,captainmarvelofficial,captivestatemovie,catsmovie,charliesangels,childsplaymovie,clarathefilm,coldpursuitmovie,countdown,currentwarmovie,darkwatersmovie,detectivepikachumovie,disneyaladdin,disneyfrozen,disneymaleficent,doctorsleepmovie,dolemiteismyname,dontletgomovie,doramovie,downtonabbey_official,dumbo,escaperoom,everybodyknowsmovie,fastandfuriousmovie,fightingwmyfam,fivefeetapartfilm,fordvferrari,freaksthefilm,geminimanmovie,glassmovie,gloriabellmovie,godzillamovie,goldfinchmovie,goodboysmovie,goodliarmovie,gretafilm,halathemovie,happydeathdaymovie,harrietfilm,hellboymovie,hersmellmovie,highlifemovie,highstrungmovie,honeyboymovie,hotelmumbaifilm,httydragon,hustlemovie,hustlersmovie,isntitromantic,itmovieofficial,jayandsilentbob,johnwickmovie,jojorabbitmovie,jokermovie,judythefilm,jumanjimovie,justmercyfilm,knivesout,lalloronamovie,lastblackmansf,lastchristmasthemovie,latenightmovie,lighthousemovie,lionking,littlethemovie,littlewomenmovie,littlewoodsfilm,longshotmovie,lordsofchaosmovie,lucyintheskyfilm,mamovie2019,marriagestory,meettheaddams,meninblack,midsommarmovie,midwaymovie,missbalamovie,missinglinkfilm,motherlessbklyn,onceinhollywood,onthebasisofsex,overcomermovie,peanutbutterfalcon,petsematarymovie,piercingmovie,playingwithfire,playmobilthemovie,pomsmovie,queenandslim,rambomovie,readyornotfilm,richardjewellfilm,rocketmanmovie,scarystoriesmovie,secretlifeofpets,serenityfilm,shaftmovie,shazammovie,spidermanmovie,spiesindisguise,starwars,stormboymovie,stubermovie,taosdfilm,teenspiritmov,terminator,theaeronautsmov,thebestofenemies,thedeaddontdie,thefarewell,thehighwaymen,thehummingbirdprojectfilm,theintrudermovie,theirishmanfilm,thekitchenmovie,thelegomovie,themustangfilm,thenightingalefilm,theprodigymovie,thesunisalsoastar,theupsidefilm,tolkienmovie,toystory,triplefrontier,uglydolls,uncutgems,underthesilverlake,usmovie,wavesmovie,whatmenwant,wonderparkmovie,wrinklestheclown,xmenmovies,yardiefilm,yesterdaymovie,zombieland
21bridgesmovie,1.0,0.96880615,0.98303515,0.97684044,0.97820824,0.97052634,0.98794,0.9828015,0.9921944,0.98527795,0.9900332,0.97485334,0.9940767,0.9901272,0.96795124,0.975556,0.98267365,0.9839473,0.9925686,0.96955085,0.9709844,0.96984464,0.99019855,0.98251134,0.982228,0.85565287,0.9763837,0.97911114,0.96592087,0.977595,0.9737359,0.9718684,0.9632191,0.9716051,0.95089895,0.88843286,0.982454,0.98102915,0.9863913,0.9767663,0.989641,0.9818071,0.967205,0.98469216,0.9756956,0.9712714,0.98662704,0.9709896,0.9782772,0.9878777,0.98588836,0.97932535,0.96746224,0.9842728,0.95478225,0.98909295,0.97768074,0.99051845,0.98427063,0.9772228,0.99016154,0.97795516,0.96695006,0.98057365,0.9683286,0.98118234,0.94560593,0.9623617,0.9676121,0.96606123,0.98349464,0.5533926,0.9525651,0.974707,0.94091403,0.91442764,0.8139653,0.95396584,0.9805543,0.98432136,0.9909801,0.97513735,0.9907748,0.9569624,0.98333776,0.9747608,0.96647274,0.98437035,0.96451175,0.9895574,0.98138493,0.98349464,0.97699535,0.9829882,0.98223966,0.9681192,0.9743842,0.97899455,0.98075145,0.9843436,0.97223973,0.97647434,0.9769343,0.9881142,0.97477585,0.9875008,0.9837179,0.9802869,0.96955216,0.9747472,0.989112,0.41490772,0.9853333,0.88199425,0.9771202,0.9867336,0.9965032,0.95170236,0.98762566,0.9860625,0.98686767,0.98069185,0.98966,0.95710766,0.9798006,0.97576994,0.98431015,0.9706767,0.9818503,0.9251569,0.97920513,0.9832782,0.98030716,0.9368536,0.9835087,0.97990906,0.98548603,0.96928626,0.99001294,0.95755345,0.9921944,0.9740446,0.9673063,0.9701362,0.9274291,0.96548355,0.9648643,0.9729018,0.96014184,0.98010665,0.9885375,0.9895067,0.9648483,0.940385,0.9721329,0.9835233,0.9637256,0.99416566,0.98139465,0.9793578,0.9921944,0.97171336,0.9874844,0.9790074,0.98864925
47metersdown,0.96880615,1.0,0.9759658,0.947507,0.9717539,0.9641504,0.9709515,0.9575878,0.9802645,0.9595131,0.95927656,0.952484,0.97767425,0.962869,0.963982,0.98107356,0.96302813,0.9684713,0.9651826,0.9710569,0.96562123,0.9793836,0.9764434,0.9656835,0.9583344,0.8202729,0.94039494,0.9695902,0.9650527,0.9703464,0.9822899,0.96723264,0.95279115,0.9350079,0.95309657,0.8584653,0.9757768,0.9568938,0.97506523,0.9484768,0.96970785,0.93514997,0.93388236,0.94091725,0.96996,0.96286106,0.97118586,0.94388723,0.9596858,0.9471772,0.96706295,0.966817,0.958759,0.951411,0.91517043,0.96020293,0.97204876,0.9544682,0.9705114,0.97524756,0.97136396,0.94960713,0.9441206,0.9696508,0.968801,0.9630986,0.9412835,0.9439183,0.97054046,0.9651861,0.97871226,0.5897406,0.90505093,0.96880877,0.96171755,0.93712234,0.83367544,0.9342149,0.96233946,0.94862944,0.9652651,0.93634075,0.9764603,0.9599165,0.9514819,0.96556276,0.92987996,0.9792544,0.95386106,0.95476884,0.9558639,0.97871226,0.96432096,0.9600528,0.9691447,0.9570792,0.9656458,0.97333807,0.96554387,0.9582539,0.9551981,0.9649769,0.9631036,0.9755746,0.96208465,0.9672168,0.97322667,0.971282,0.9464327,0.95731586,0.9706038,0.47099373,0.96305573,0.86931676,0.9578054,0.98155,0.9781856,0.9620243,0.972344,0.973692,0.97677326,0.9525659,0.96130425,0.92970246,0.9809501,0.96945125,0.9805894,0.96516615,0.9721043,0.8927636,0.9452029,0.9793383,0.9696052,0.90220463,0.95725775,0.968877,0.9670171,0.95488477,0.9734596,0.9467184,0.9802645,0.9702038,0.92772835,0.9746315,0.93748087,0.9554054,0.9406592,0.96207434,0.9625453,0.96757203,0.97300535,0.96318257,0.935482,0.93142706,0.93894583,0.97557414,0.9485531,0.96862227,0.9501563,0.95517296,0.9802645,0.9521624,0.96096325,0.9679184,0.9545942
abeautifuldaymovie,0.98303515,0.9759658,0.9999999,0.9734265,0.98300314,0.9493461,0.98291284,0.9726569,0.9917251,0.9899691,0.9821272,0.96063256,0.98476166,0.98621184,0.97761893,0.9869226,0.9606448,0.98585385,0.9858483,0.96893543,0.9779913,0.9886969,0.9751232,0.9745045,0.9765898,0.8555372,0.95985776,0.9642876,0.98911756,0.9778081,0.9809471,0.97650224,0.9615748,0.9669399,0.944934,0.8951866,0.9830909,0.9707416,0.9860212,0.97243994,0.97652173,0.9613146,0.95118874,0.9675248,0.97925746,0.9647885,0.9727514,0.95856863,0.9691741,0.9686118,0.9885931,0.9731397,0.962744,0.97260904,0.9146803,0.96436745,0.9767348,0.9823896,0.990043,0.9865717,0.9810371,0.9666387,0.97542655,0.98170716,0.9639969,0.975135,0.9637487,0.96203226,0.96363866,0.95526665,0.9893957,0.5510848,0.9186012,0.966704,0.9573649,0.944089,0.82539654,0.97276264,0.9825181,0.9686683,0.9723533,0.96554774,0.9804506,0.94235116,0.9678854,0.9837555,0.95529044,0.9822992,0.96141535,0.97913855,0.96083194,0.9893957,0.963509,0.9821879,0.9829992,0.9680345,0.98103327,0.97344226,0.96233475,0.96419317,0.96312606,0.9809769,0.97603714,0.98608017,0.98586184,0.9865301,0.98404014,0.9797047,0.96590286,0.9647377,0.9841514,0.48479638,0.9847136,0.8759686,0.9762696,0.98196334,0.9811362,0.95956737,0.9801502,0.9868431,0.98315406,0.96904665,0.9741912,0.93398786,0.9863834,0.98471314,0.9765204,0.9769504,0.98084426,0.9015897,0.9680963,0.9808951,0.9660296,0.914395,0.9797082,0.98537946,0.97892725,0.96162033,0.97932965,0.9577332,0.9917251,0.9889584,0.96112645,0.97578543,0.9498819,0.95799625,0.97010726,0.976829,0.9648216,0.97114164,0.98247814,0.98655766,0.9675151,0.94750655,0.9731253,0.98610115,0.95300853,0.9834032,0.9759213,0.9832109,0.9917251,0.97442186,0.9836583,0.96158206,0.97492045
abominablemovie,0.97684044,0.947507,0.9734265,0.9999998,0.975265,0.9489926,0.97727036,0.9663168,0.9807492,0.96940774,0.9791872,0.95466375,0.9697349,0.97168386,0.9734542,0.96244264,0.95905584,0.96895266,0.97258717,0.93561816,0.9582433,0.9506989,0.9709003,0.97236145,0.9662317,0.8623178,0.95703465,0.9595215,0.9588646,0.9576707,0.9618827,0.95293695,0.94340503,0.9485751,0.9543701,0.9239659,0.9757516,0.95718324,0.9747102,0.953848,0.9678022,0.9694566,0.97397953,0.97616976,0.96788603,0.9655731,0.9746408,0.9748607,0.97017676,0.97707254,0.9719552,0.9586959,0.94329107,0.97722656,0.9452134,0.9663463,0.967953,0.9844365,0.9842619,0.9653235,0.9767688,0.96159357,0.9588243,0.9497347,0.9456158,0.9741786,0.9460523,0.93609506,0.9542053,0.94666266,0.97094965,0.5864444,0.9419975,0.96658814,0.92491555,0.91448706,0.8311558,0.94758695,0.96488106,0.9723705,0.9776469,0.9849895,0.9690377,0.94649494,0.9752064,0.9695379,0.95447063,0.9709144,0.95133126,0.97399324,0.96907604,0.97094965,0.9652538,0.9800568,0.97556823,0.969537,0.96584874,0.9614944,0.96507,0.96194214,0.970375,0.9597513,0.9505751,0.97366095,0.963285,0.9775968,0.9800009,0.9495177,0.94105816,0.9617878,0.97825515,0.4508138,0.9806639,0.9083355,0.963732,0.9663286,0.97288007,0.93712384,0.9753041,0.9785711,0.96109957,0.974116,0.975613,0.95058036,0.960713,0.9801515,0.9619658,0.96345985,0.97840774,0.9385755,0.9622825,0.9788915,0.95405483,0.92886585,0.9814269,0.9601761,0.96977216,0.93326646,0.9792351,0.9582755,0.9807492,0.9575589,0.97917235,0.94423246,0.9167522,0.95268005,0.96776193,0.9634451,0.9269665,0.96338236,0.9779457,0.9819719,0.96287113,0.9204684,0.9620412,0.9656252,0.94676673,0.9800727,0.9650675,0.97579926,0.9807492,0.9620151,0.9787553,0.96453434,0.97152793
adastramovie,0.97820824,0.9717539,0.98300314,0.975265,0.9999999,0.9633424,0.9746333,0.96074706,0.9851945,0.98071325,0.97245634,0.9663046,0.97410715,0.979809,0.9724132,0.9792323,0.96288747,0.9767089,0.96874195,0.94772834,0.95623845,0.9725641,0.97748023,0.9678905,0.9572249,0.812747,0.9640592,0.96638846,0.97509736,0.9864192,0.976347,0.97369516,0.96663946,0.9589168,0.9600988,0.908538,0.98307604,0.953961,0.97232705,0.9572271,0.96648914,0.950354,0.9607709,0.95796496,0.9715331,0.9739283,0.97858423,0.9537094,0.96962994,0.96127653,0.978868,0.9603396,0.9630726,0.9606006,0.9334936,0.9734315,0.9740364,0.9744348,0.9848475,0.9787361,0.97654235,0.945555,0.949242,0.9648108,0.95436937,0.9698927,0.97272915,0.93554574,0.9526713,0.96779436,0.98209536,0.6065684,0.91584903,0.97174627,0.94486356,0.9491256,0.86109376,0.9543916,0.96529865,0.9666854,0.9727051,0.9647998,0.9707936,0.94552076,0.96780515,0.9743799,0.93411064,0.9833298,0.97425616,0.96187556,0.9672987,0.98209536,0.9717539,0.9845116,0.97868013,0.94747704,0.96216947,0.97359073,0.9644409,0.97607505,0.9607797,0.95748466,0.9474782,0.9813456,0.96193177,0.9805087,0.9865053,0.95707065,0.9490843,0.9756953,0.9846892,0.46445042,0.9857598,0.91156673,0.9697108,0.973641,0.9805413,0.95915234,0.97613174,0.97829264,0.97826266,0.9716491,0.9677421,0.9524277,0.976498,0.98481953,0.98199713,0.96885884,0.9759569,0.9226518,0.9490822,0.98072505,0.9669333,0.9257521,0.9815742,0.9768619,0.97976804,0.93984026,0.98224705,0.95745164,0.9851945,0.9740153,0.96534747,0.95317,0.92364347,0.9496043,0.9629302,0.9685944,0.93464833,0.97529733,0.9758695,0.9730814,0.96527284,0.9392249,0.9496762,0.96539813,0.97324026,0.97494596,0.9718298,0.9805,0.9851945,0.98455423,0.97507304,0.9696688,0.97362196
adogsjourneymovie,0.97052634,0.9641504,0.9493461,0.9489926,0.9633424,0.99999976,0.9597146,0.9605089,0.96896815,0.94462043,0.956194,0.94788,0.97146034,0.9537149,0.95386094,0.9650166,0.96829224,0.9507842,0.95805985,0.96462727,0.9444971,0.9572404,0.9793664,0.9525793,0.9593992,0.79961234,0.9512881,0.9696491,0.9498516,0.9595526,0.9671988,0.96475023,0.94832355,0.9339913,0.9410835,0.8509799,0.9647814,0.93879396,0.9476204,0.9440576,0.9804136,0.93341523,0.9276454,0.93798786,0.9522322,0.9703069,0.98053896,0.93051815,0.9520241,0.93978345,0.96519333,0.9662279,0.9692938,0.9565978,0.9478369,0.96528846,0.9547268,0.9559843,0.95441574,0.96041536,0.97839713,0.94413817,0.9206681,0.9511843,0.9723671,0.9585006,0.930997,0.93916005,0.9585657,0.9781331,0.96513224,0.5864178,0.9093013,0.954129,0.9401724,0.8977139,0.8221737,0.9031444,0.93870133,0.96529126,0.9725322,0.9267325,0.9671783,0.9647185,0.9663123,0.9515967,0.91361547,0.9709331,0.95571506,0.9485517,0.9601259,0.96513224,0.9786532,0.9661659,0.96046054,0.9485391,0.9481021,0.98135704,0.9613237,0.97483754,0.95636946,0.95308954,0.94546014,0.9624657,0.9412621,0.9688947,0.969729,0.9544096,0.9592304,0.9630835,0.96175724,0.43597013,0.9633091,0.89142674,0.95809716,0.9588453,0.9744066,0.9677155,0.96893114,0.9551146,0.9670497,0.97002167,0.9552179,0.96798694,0.95912117,0.9504036,0.9803725,0.9614368,0.9645339,0.9082175,0.93104595,0.9700064,0.9699648,0.93626285,0.95854574,0.9532919,0.96755403,0.9549073,0.97970754,0.9501512,0.96896815,0.9570377,0.9251612,0.936331,0.90654814,0.96127045,0.939366,0.95424867,0.9453481,0.9650671,0.95957285,0.9482538,0.9372671,0.91612864,0.9148494,0.9595458,0.9537823,0.96031773,0.9697381,0.9513754,0.96896815,0.94745815,0.95043176,0.9772804,0.9638469
aftermathmovie,0.98794,0.9709515,0.98291284,0.97727036,0.9746333,0.9597146,1.0,0.98956066,0.99397385,0.9728863,0.97927475,0.95815086,0.98795694,0.9863383,0.97791874,0.9724343,0.9840406,0.9811776,0.98752964,0.97647244,0.97670066,0.96780604,0.98527575,0.9869355,0.9833227,0.87430185,0.95206505,0.97830874,0.96949464,0.9771648,0.97365445,0.97683746,0.96301615,0.96226203,0.93659806,0.8849102,0.9818185,0.9713778,0.9922843,0.9803018,0.9883748,0.9761508,0.9637873,0.9809728,0.9704287,0.96950114,0.9824796,0.97234005,0.9797279,0.9855993,0.98199123,0.98778075,0.9563429,0.98417485,0.95638484,0.97826,0.97933584,0.9852388,0.97937524,0.9767391,0.98782617,0.97595793,0.96039253,0.97790205,0.9744258,0.9661284,0.9434355,0.96621525,0.9718508,0.9505654,0.9821178,0.56504345,0.94339025,0.97546643,0.929979,0.9266438,0.8083952,0.9687307,0.97775984,0.97544974,0.97736907,0.98212165,0.9874206,0.9573435,0.973735,0.9825155,0.9587044,0.97974354,0.9457121,0.982063,0.9784276,0.9821178,0.97601813,0.9816709,0.97474545,0.9726189,0.97106206,0.9749404,0.98735267,0.97178805,0.97190195,0.9791166,0.96890986,0.98138463,0.9720146,0.9827815,0.9845403,0.97591186,0.9593595,0.9716006,0.9859582,0.44663334,0.9796364,0.8578427,0.9771176,0.98549056,0.9836848,0.9389312,0.98495746,0.99295557,0.98890316,0.97478795,0.9881343,0.938625,0.98000884,0.97605795,0.980057,0.96815634,0.97935206,0.91588366,0.98360944,0.9836174,0.9871042,0.9360706,0.9728309,0.98654693,0.9695841,0.9708662,0.9828177,0.96487004,0.99397385,0.9660104,0.96062964,0.96461,0.942784,0.97416055,0.96629745,0.9585322,0.9651759,0.9744572,0.9951192,0.979064,0.9583306,0.9536434,0.960484,0.9822687,0.96661353,0.9876355,0.97545046,0.98298943,0.99397385,0.9626121,0.98195004,0.97005916,0.9777054
aftermovie,0.9828015,0.9575878,0.9726569,0.9663168,0.96074706,0.9605089,0.98956066,0.99999994,0.9871501,0.9604503,0.9766805,0.9537589,0.9864148,0.9806199,0.9702755,0.9618845,0.98076534,0.9788199,0.98241127,0.98157376,0.97309005,0.9580116,0.9840117,0.98861486,0.9905253,0.8561225,0.94224435,0.97898996,0.95801324,0.96214837,0.96468693,0.9667767,0.94290054,0.9607167,0.9263535,0.8919094,0.97563696,0.97526866,0.9835168,0.97778744,0.98652214,0.97343814,0.9560243,0.9844908,0.97086644,0.96919507,0.9826746,0.9737407,0.97371864,0.9811191,0.9737697,0.98625755,0.9535464,0.98782206,0.9527135,0.9741632,0.9695628,0.97926843,0.97079146,0.9711759,0.98567563,0.9779406,0.9649222,0.9729301,0.9690192,0.9619417,0.93591315,0.9720108,0.96967846,0.94245845,0.97546154,0.5378381,0.9410143,0.961414,0.92875963,0.90804476,0.79765826,0.95957255,0.97297233,0.97793806,0.97700226,0.9728059,0.980686,0.95697314,0.9697827,0.9749441,0.9651739,0.9699421,0.9388773,0.9761142,0.968261,0.97546154,0.96671754,0.96978205,0.9718502,0.97756594,0.97332036,0.96648675,0.9744343,0.9723689,0.9735461,0.9803093,0.96066,0.97482675,0.9709443,0.97712034,0.974213,0.97344863,0.9641294,0.96181655,0.97905207,0.41880053,0.9706753,0.84041613,0.96196145,0.9758816,0.9784557,0.938958,0.9808191,0.9799436,0.9818145,0.97088635,0.9836318,0.937232,0.9713247,0.9633672,0.973814,0.96333313,0.97911376,0.91131467,0.97744226,0.9726685,0.9820531,0.9477052,0.9627745,0.97650546,0.9648011,0.96764374,0.9743797,0.9709311,0.9871501,0.9548234,0.95696706,0.95809245,0.93221444,0.97948563,0.9645903,0.9574555,0.96615297,0.9748186,0.9804527,0.971055,0.95861876,0.93172294,0.96892,0.97668695,0.95613915,0.9774982,0.97684455,0.96652424,0.9871501,0.951179,0.9737896,0.97031814,0.9766278
ahiddenlifefilm,0.9921944,0.9802645,0.9917251,0.9807492,0.9851945,0.96896815,0.99397385,0.9871501,1.0,0.9831128,0.9854456,0.9658556,0.9938329,0.98931736,0.98401767,0.9833224,0.9797906,0.9876427,0.9909756,0.9776681,0.9846631,0.9823974,0.9888923,0.98779726,0.9872326,0.8574508,0.9648193,0.98104787,0.9819767,0.98148775,0.98712647,0.98285,0.9713009,0.9710133,0.9567076,0.9012199,0.9916174,0.9766039,0.99372154,0.97910887,0.9881138,0.97722685,0.96407217,0.9815539,0.98364323,0.9787511,0.98798734,0.9746251,0.97803175,0.983691,0.9894562,0.98652893,0.9677742,0.9874069,0.9448847,0.98409086,0.98270124,0.99103916,0.9914545,0.9894164,0.9921777,0.97699517,0.974885,0.9840118,0.9746953,0.977323,0.96502185,0.9735089,0.97755235,0.96491647,0.99423313,0.5633867,0.9403951,0.976506,0.95617956,0.9434496,0.8388071,0.9682858,0.9821926,0.98188674,0.9870759,0.9758129,0.9913946,0.9665239,0.9796647,0.9918726,0.95981914,0.9886135,0.96655625,0.98683393,0.9763408,0.99423313,0.9808841,0.98780984,0.98735183,0.97629344,0.9849711,0.98263764,0.9828575,0.9786232,0.97636706,0.98462784,0.97374076,0.99242246,0.9812508,0.99045444,0.99396586,0.98122674,0.9698839,0.97226185,0.99159735,0.4696611,0.9867745,0.88038224,0.9790778,0.98967063,0.9917374,0.95924467,0.9927229,0.99030393,0.98936915,0.9782289,0.98512787,0.9565213,0.9920585,0.9850699,0.98861253,0.981506,0.99115413,0.91955346,0.98151314,0.9898629,0.98552436,0.93427306,0.98389226,0.987109,0.9825519,0.9718012,0.991667,0.9689703,1.0,0.9794135,0.9670534,0.9741726,0.95036036,0.9738059,0.97519815,0.9782463,0.96801054,0.9860213,0.99370116,0.9880448,0.9676589,0.9514469,0.97115386,0.99099535,0.9652886,0.992266,0.98230016,0.98277944,1.0,0.97760415,0.98972684,0.9789202,0.9826641
alitamovie,0.98527795,0.9595131,0.9899691,0.96940774,0.98071325,0.94462043,0.9728863,0.9604503,0.9831128,1.0,0.9838814,0.9607833,0.98073983,0.98364526,0.960258,0.9751422,0.9541749,0.9782595,0.9811339,0.9518982,0.9682188,0.9771266,0.96984595,0.9662008,0.96773803,0.8384391,0.96529275,0.9551057,0.97921956,0.9738318,0.96797997,0.9643234,0.96412194,0.96489114,0.94610775,0.8973402,0.97220355,0.96555877,0.9752757,0.9607863,0.97005814,0.96097696,0.9488442,0.96150196,0.96553814,0.9527499,0.96614915,0.9515965,0.96149373,0.9660248,0.9827701,0.95679057,0.9618124,0.96536064,0.90931594,0.96590894,0.9724482,0.980623,0.9849755,0.9747704,0.97887194,0.9567494,0.960167,0.978031,0.94592035,0.97529566,0.9573093,0.94405305,0.9415746,0.9560759,0.9794103,0.5622689,0.9236432,0.95938563,0.9471512,0.92732203,0.824427,0.95953995,0.9743081,0.9681041,0.9687221,0.9579718,0.98104763,0.9337904,0.9648798,0.9700339,0.95274866,0.9802515,0.956838,0.9760543,0.96178913,0.9794103,0.95859385,0.97978693,0.9760154,0.9528514,0.9701784,0.97415024,0.95827675,0.96124166,0.9513253,0.9651364,0.97495747,0.98160404,0.9746903,0.97886664,0.97533643,0.972591,0.96207654,0.9662487,0.9777615,0.43241844,0.9847738,0.8939178,0.9740753,0.97491187,0.98255277,0.9529874,0.9740982,0.9783455,0.97273135,0.96765965,0.9698547,0.93941736,0.9747673,0.9782474,0.9735011,0.96353644,0.9704904,0.8937782,0.96419704,0.97505665,0.960498,0.90628153,0.98234737,0.9780485,0.97704947,0.9510806,0.9746707,0.94347626,0.9831128,0.9826016,0.95811886,0.96976674,0.93493634,0.9393594,0.96027875,0.9745528,0.95287114,0.9663373,0.97551435,0.9854339,0.962008,0.93880194,0.9677033,0.9749588,0.95176756,0.98453796,0.9727048,0.9824089,0.9831128,0.9757326,0.98143166,0.953887,0.97724813
angelhasfallen,0.9900332,0.95927656,0.9821272,0.9791872,0.97245634,0.956194,0.97927475,0.9766805,0.9854456,0.9838814,0.9999999,0.9661793,0.986843,0.9834571,0.9592368,0.9672847,0.96796,0.9781435,0.98406786,0.95831805,0.9731456,0.9641065,0.98091286,0.97531635,0.9788097,0.86826,0.9715285,0.9791953,0.96170324,0.96688837,0.9662678,0.96610177,0.9560769,0.9653132,0.9472177,0.9026951,0.9756802,0.9811797,0.98078793,0.96646774,0.9794028,0.9804655,0.96931005,0.98232865,0.9717932,0.96823555,0.9785408,0.97493976,0.97439027,0.9846936,0.9820998,0.9746252,0.95515436,0.9783434,0.9447806,0.9718847,0.9732866,0.9856696,0.9788592,0.97422373,0.98426485,0.97334385,0.97091186,0.972361,0.96148026,0.98489726,0.9427783,0.954903,0.95841837,0.95901424,0.97892016,0.5657376,0.9383802,0.9738602,0.9409323,0.89977944,0.7882414,0.9507296,0.974567,0.98140574,0.98654956,0.9750723,0.9788378,0.94426674,0.9721757,0.9716434,0.9707526,0.98475605,0.9663734,0.9861139,0.9670343,0.97892016,0.97326493,0.9778715,0.9794304,0.97057235,0.9760936,0.96761924,0.9628387,0.9737027,0.9703898,0.97294945,0.978398,0.9816669,0.9807545,0.982169,0.9770474,0.96552384,0.966874,0.97454673,0.984449,0.4392481,0.9773948,0.8777437,0.97335136,0.9725487,0.98517674,0.9602544,0.9820182,0.979822,0.974632,0.97645396,0.98723066,0.9452067,0.97104836,0.9740897,0.9741632,0.972172,0.97655684,0.93849224,0.97016066,0.9812451,0.96921104,0.92744887,0.9757946,0.97122335,0.9725489,0.96179837,0.97877514,0.9628526,0.9854456,0.9725184,0.9652921,0.96163386,0.91691077,0.96961856,0.96129787,0.96453965,0.9479606,0.9737991,0.9784754,0.98934346,0.9792179,0.91319335,0.9786359,0.9828571,0.9482627,0.9873318,0.9692052,0.9673479,0.9854456,0.9629545,0.9847882,0.9705501,0.98350096
angrybirdsmovie,0.97485334,0.952484,0.96063256,0.95466375,0.9663046,0.94788,0.95815086,0.9537589,0.9658556,0.9607833,0.9661793,1.0,0.9706281,0.9620186,0.94023734,0.9541919,0.95333403,0.9701307,0.96784276,0.9373732,0.928416,0.940741,0.9723517,0.95591575,0.95419705,0.7611269,0.95271546,0.95990384,0.93830854,0.96463245,0.95071715,0.9312292,0.9171748,0.944921,0.92363685,0.8941679,0.9750854,0.9781905,0.96456796,0.95706373,0.95589757,0.9472073,0.94838995,0.9603032,0.96374786,0.9639289,0.9685376,0.9558423,0.9710378,0.96016425,0.9636293,0.9472853,0.93346435,0.9449143,0.9472173,0.9641485,0.95837617,0.95974636,0.9664664,0.9562661,0.9599952,0.95477134,0.9493444,0.95603055,0.93177706,0.9650592,0.9302087,0.9268888,0.94543403,0.9418284,0.9603413,0.48097792,0.9212606,0.96906567,0.90982234,0.8997014,0.76612216,0.9271396,0.9544799,0.9497881,0.96874076,0.9613487,0.9644187,0.9160991,0.9759164,0.94171256,0.95562035,0.9539844,0.9615249,0.95794576,0.96421593,0.9603413,0.9447565,0.95018244,0.9717132,0.9394176,0.95346403,0.95567536,0.95772314,0.9671134,0.97134244,0.9492437,0.94257915,0.9680034,0.9577887,0.96829367,0.9548228,0.957457,0.93658465,0.95041883,0.97776467,0.35722715,0.97131264,0.88694185,0.9454092,0.96436495,0.97482985,0.9334939,0.9580083,0.95657516,0.9618393,0.95310605,0.9745285,0.9260159,0.9549604,0.9564018,0.95909256,0.9479419,0.95460826,0.92198163,0.9418553,0.9541775,0.94692796,0.91097707,0.9671139,0.95003057,0.97337896,0.92274207,0.9726879,0.9484844,0.9658556,0.9393579,0.9624082,0.95427597,0.89670473,0.9431891,0.950295,0.95224684,0.9251312,0.96890056,0.9572897,0.9638845,0.95499754,0.9024875,0.9616184,0.94429356,0.94497705,0.9701183,0.9526184,0.9602992,0.9658556,0.94530463,0.9526747,0.96764976,0.9724707
annabellemovie,0.9940767,0.97767425,0.98476166,0.9697349,0.97410715,0.97146034,0.98795694,0.9864148,0.9938329,0.98073983,0.986843,0.9706281,1.0000001,0.98683923,0.9746727,0.97587806,0.98214376,0.98171437,0.9883719,0.9818171,0.9814186,0.9775802,0.99335563,0.9868955,0.98761374,0.8464018,0.9587124,0.98368967,0.97248906,0.97296184,0.98163676,0.9724012,0.9636843,0.9687461,0.9502646,0.8822365,0.9862494,0.984467,0.98754066,0.9749593,0.9903066,0.9729177,0.9604944,0.9799385,0.9821673,0.97025174,0.9895422,0.97310394,0.9778614,0.98055637,0.9845867,0.984645,0.97044706,0.9861911,0.9459687,0.9791185,0.97869474,0.9846523,0.98430675,0.9812933,0.99309224,0.97821546,0.97071207,0.9891965,0.9751641,0.9770343,0.94487906,0.9700286,0.9749397,0.96027106,0.98811847,0.5407741,0.93448526,0.9741351,0.953479,0.92136717,0.80658257,0.95690703,0.9799046,0.9786191,0.9869992,0.9666467,0.9952492,0.9630641,0.9804037,0.97813374,0.9620879,0.9871659,0.9611681,0.9852619,0.97299457,0.98811847,0.9708359,0.98017895,0.9854174,0.97665846,0.98464763,0.98550016,0.9781566,0.9787911,0.96985424,0.98725957,0.984384,0.98922306,0.98006463,0.98505133,0.98295176,0.987187,0.9705372,0.97214985,0.9876162,0.43946633,0.98486847,0.86881965,0.9700751,0.99292547,0.99458444,0.96181613,0.98628885,0.985975,0.9873314,0.972726,0.986461,0.95228153,0.9861648,0.9775617,0.9869814,0.97213215,0.985009,0.91313916,0.9770864,0.9845089,0.9845898,0.9400974,0.976026,0.9778633,0.97912604,0.9706722,0.98606527,0.95930195,0.9938329,0.97295076,0.9541464,0.98197484,0.9451971,0.97332114,0.96809834,0.97619504,0.9769756,0.98389626,0.983525,0.9864909,0.9627838,0.9386362,0.97235614,0.98680556,0.9633392,0.9923196,0.97843796,0.97574204,0.9938329,0.9674705,0.9815355,0.9809343,0.98365325
annamovie,0.9901272,0.962869,0.98621184,0.97168386,0.979809,0.9537149,0.9863383,0.9806199,0.98931736,0.98364526,0.9834571,0.9620186,0.98683923,0.9999998,0.9669034,0.97353524,0.9655733,0.98483354,0.98285204,0.96718127,0.97257614,0.9695194,0.9796773,0.98274493,0.97375447,0.852763,0.9663755,0.962529,0.97008395,0.9806638,0.97576475,0.96785504,0.96181244,0.96167576,0.9397058,0.8785122,0.9799412,0.97202635,0.98117626,0.97000635,0.9762624,0.97088575,0.9552258,0.9790633,0.9722405,0.9544783,0.9730397,0.9579625,0.96205205,0.9793265,0.974696,0.97252625,0.94969213,0.9816622,0.93314326,0.9796163,0.9640639,0.9807268,0.9840456,0.98329407,0.98306775,0.9678837,0.96528417,0.9877467,0.9575485,0.9629844,0.9573992,0.95866627,0.95104295,0.9487296,0.9853939,0.569451,0.92722905,0.9566349,0.94436467,0.9142494,0.82401687,0.9778789,0.98374,0.97868913,0.98298454,0.97187626,0.98089147,0.94673645,0.96602696,0.9765041,0.95325816,0.9750436,0.95359826,0.97854406,0.95846707,0.9853939,0.96402156,0.97769505,0.9714338,0.95597214,0.9686466,0.975068,0.9651091,0.97751564,0.9569796,0.97407097,0.96678853,0.9853095,0.9805022,0.9757529,0.9795979,0.9776157,0.9558814,0.9636274,0.988645,0.45395526,0.97690296,0.8570423,0.9762271,0.9855241,0.9887897,0.9435432,0.9877648,0.9867672,0.99086815,0.963878,0.97914934,0.93634987,0.9814649,0.98358244,0.9757297,0.9617101,0.97948986,0.90825623,0.9717862,0.97674394,0.9710828,0.9236538,0.9732173,0.9850193,0.9805756,0.9657354,0.9819171,0.9501659,0.98931736,0.9712363,0.95800954,0.9724758,0.9429854,0.9529936,0.95371544,0.96877885,0.96471137,0.96862936,0.98509157,0.9830767,0.9600494,0.94465476,0.9727327,0.98207235,0.9540349,0.98775125,0.97386134,0.97901344,0.98931736,0.9806577,0.98336786,0.956314,0.972076
apollo11movie,0.96795124,0.963982,0.97761893,0.9734542,0.9724132,0.95386094,0.97791874,0.9702755,0.98401767,0.960258,0.9592368,0.94023734,0.9746727,0.9669034,1.0,0.9697509,0.9633164,0.9627935,0.9700322,0.9645428,0.9602386,0.9723085,0.97564,0.96508616,0.9697892,0.84690106,0.9338681,0.9587803,0.9744723,0.95231205,0.9756913,0.9704464,0.94800574,0.9552498,0.95598155,0.9021921,0.980876,0.952306,0.9713687,0.9617079,0.97319597,0.94619244,0.95506686,0.9630809,0.9670511,0.96637136,0.9810997,0.96108997,0.9635837,0.957579,0.9797742,0.97268313,0.97076964,0.97846484,0.93056977,0.9550061,0.9710319,0.9736244,0.9802348,0.9774393,0.9748924,0.9459021,0.9621365,0.9576448,0.9581592,0.96059906,0.9588471,0.9574819,0.97295785,0.94783,0.9821886,0.59716195,0.9179651,0.9557347,0.9420068,0.9463024,0.837402,0.94619995,0.9618981,0.9643147,0.9657018,0.9589207,0.97070175,0.94814086,0.9706452,0.9826064,0.92849493,0.97542566,0.95443964,0.966512,0.95722234,0.9821886,0.9588311,0.985261,0.9830974,0.97912616,0.9776317,0.96965456,0.9623025,0.9665232,0.9607116,0.97267044,0.9511994,0.97665536,0.9627164,0.9794464,0.98639894,0.96045214,0.9473043,0.9573424,0.9739548,0.49421462,0.97905153,0.88782716,0.94602305,0.97701085,0.9672493,0.9572296,0.96562564,0.9762047,0.97096026,0.95936406,0.9609459,0.95703644,0.97737235,0.97269005,0.97420233,0.97207814,0.9756304,0.9119798,0.95547706,0.9706222,0.9639178,0.945985,0.9700861,0.9599337,0.9683975,0.9514032,0.9743038,0.9568935,0.98401767,0.96648073,0.95778966,0.9556222,0.93189806,0.96338266,0.9748113,0.972189,0.9488849,0.9703866,0.9702903,0.9740262,0.95623094,0.9431537,0.9485217,0.9690655,0.96656513,0.9727845,0.97709215,0.97236675,0.98401767,0.96526533,0.9672448,0.97024953,0.9687714
arcticdogsmovie,0.975556,0.98107356,0.9869226,0.96244264,0.9792323,0.9650166,0.9724343,0.9618845,0.9833224,0.9751422,0.9672847,0.9541919,0.97587806,0.97353524,0.9697509,1.0,0.96167743,0.97395796,0.97307706,0.9705956,0.9653443,0.9846595,0.9717284,0.96791315,0.965259,0.8345377,0.94858146,0.9617354,0.98371106,0.974069,0.9791294,0.9783924,0.9534159,0.9369024,0.93806833,0.8603957,0.97568697,0.9579017,0.9707778,0.96060926,0.9755438,0.93805873,0.9330284,0.9479072,0.97398424,0.95866466,0.9687865,0.9350274,0.96077317,0.94885147,0.98150223,0.9705149,0.95987445,0.9593759,0.90689,0.9647171,0.961067,0.9730031,0.9768013,0.9783747,0.97817135,0.95633733,0.9595194,0.9713075,0.9729988,0.96934277,0.9567766,0.95490766,0.970347,0.9648306,0.9800953,0.5672979,0.9103018,0.96057266,0.9659121,0.93068486,0.8300438,0.944095,0.9716345,0.9524566,0.9652351,0.946748,0.9709259,0.93593925,0.96046877,0.9737363,0.9401374,0.9772319,0.9632863,0.96026695,0.9574164,0.9800953,0.965324,0.97310853,0.96848685,0.9637473,0.9706168,0.9747087,0.95493597,0.95815843,0.95273083,0.96859574,0.96293,0.9750459,0.97073936,0.9816892,0.9795911,0.9775507,0.9646013,0.9589885,0.9666468,0.4675923,0.9771935,0.8719895,0.9647788,0.9710438,0.9769602,0.9679561,0.97383195,0.9730335,0.98174345,0.96889466,0.9657272,0.93295264,0.9785065,0.973941,0.9715137,0.9760432,0.97490287,0.882885,0.9546581,0.9776517,0.9621914,0.897005,0.9826837,0.9829452,0.9805846,0.96361274,0.9778142,0.94581693,0.9833224,0.99155295,0.94134,0.97145396,0.9491701,0.951211,0.9461849,0.9681448,0.9595894,0.9670633,0.9763836,0.9716117,0.94046855,0.933135,0.9500506,0.9796,0.9467173,0.9716985,0.974394,0.97216994,0.9833224,0.9601261,0.9667253,0.9645418,0.9631753
arcticmovie,0.98267365,0.96302813,0.9606448,0.95905584,0.96288747,0.96829224,0.9840406,0.98076534,0.9797906,0.9541749,0.96796,0.95333403,0.98214376,0.9655733,0.9633164,0.96167743,1.0,0.95950633,0.97118723,0.96591896,0.9548348,0.9495331,0.98767525,0.9771305,0.97064406,0.8559599,0.9430829,0.9877771,0.9470237,0.9615495,0.9573203,0.972249,0.9561115,0.9621848,0.9281022,0.8631025,0.96614474,0.9662828,0.9774868,0.9680757,0.98769253,0.9671649,0.9678113,0.97411966,0.9622012,0.9702478,0.98839474,0.9663144,0.9828172,0.9768783,0.97506577,0.98273474,0.96513855,0.9730741,0.9685033,0.9749261,0.9742596,0.978093,0.9589339,0.95059985,0.9799228,0.9618686,0.9423025,0.9562267,0.97888327,0.9624383,0.9130234,0.95405704,0.97444785,0.95468163,0.96229076,0.5511107,0.9440102,0.97915155,0.9092764,0.9148864,0.7941137,0.927353,0.95475096,0.96420896,0.9720307,0.9689614,0.97881746,0.95077264,0.9717721,0.9609032,0.9459724,0.9760539,0.9503532,0.9682984,0.9809568,0.96229076,0.9707431,0.9735468,0.966748,0.9661183,0.95422024,0.96087897,0.9802176,0.9735943,0.9619613,0.962381,0.95733476,0.9642249,0.9393729,0.978527,0.9726478,0.9628329,0.95897156,0.97880805,0.96858126,0.3909915,0.97578984,0.855039,0.95770127,0.9724615,0.97900915,0.9359198,0.96777815,0.9756565,0.97732735,0.97974366,0.98404455,0.94334036,0.9628034,0.9534489,0.975685,0.9598216,0.96432465,0.91911054,0.9737613,0.97045463,0.98737764,0.95470226,0.9667005,0.96721286,0.96003544,0.9593022,0.96943974,0.95120937,0.9797906,0.9545775,0.9520333,0.94493073,0.90304804,0.9738231,0.9545014,0.93767935,0.94474125,0.97488695,0.9775974,0.96136487,0.9471745,0.934254,0.9401748,0.9637305,0.9793899,0.97343326,0.97423875,0.9665089,0.9797906,0.9448589,0.96732306,0.9862234,0.98051846
artofracingmovie,0.9839473,0.9684713,0.98585385,0.96895266,0.9767089,0.9507842,0.9811776,0.9788199,0.9876427,0.9782595,0.9781435,0.9701307,0.98171437,0.98483354,0.9627935,0.97395796,0.95950633,0.99999994,0.98794156,0.96302676,0.9714105,0.97272736,0.9760764,0.98060596,0.98264956,0.8230329,0.9630322,0.9654942,0.9699053,0.9798122,0.9697224,0.9606958,0.94940335,0.9608976,0.9419082,0.9079061,0.98529625,0.9700336,0.9842031,0.98149985,0.97092736,0.97004235,0.945774,0.9727832,0.9842833,0.965307,0.9713766,0.9675142,0.966499,0.97475463,0.97668636,0.9705336,0.94763154,0.96800053,0.9272815,0.9765628,0.97610897,0.9786684,0.9842591,0.98289406,0.9761666,0.98265946,0.9761542,0.9753233,0.9531451,0.9714456,0.9558246,0.965127,0.9579415,0.9485975,0.9827594,0.5336499,0.93537843,0.96178895,0.9468153,0.9274396,0.82597697,0.971351,0.99022996,0.9726293,0.9763897,0.96876633,0.97624165,0.945312,0.9648773,0.9728151,0.96966535,0.9689625,0.9496569,0.9781124,0.9715289,0.9827594,0.9656033,0.97080576,0.9784907,0.9579615,0.9782027,0.96554035,0.9675088,0.96466416,0.97559524,0.9792051,0.9626817,0.9881413,0.9832601,0.9773702,0.9729319,0.97611517,0.9639341,0.9468007,0.98779964,0.42748058,0.9761002,0.8665248,0.9696502,0.9784153,0.9809521,0.94282174,0.98190117,0.9827256,0.98217314,0.9654511,0.97821146,0.93648607,0.9759175,0.97307855,0.974184,0.96853966,0.97782075,0.902166,0.96591336,0.9745134,0.9635896,0.911901,0.9730331,0.9823928,0.9778662,0.9546095,0.9823131,0.9726793,0.9876427,0.96639204,0.9625624,0.96621627,0.94703335,0.9624729,0.9678814,0.97438824,0.95645726,0.9759303,0.97966075,0.9817326,0.96505,0.927787,0.9793373,0.9756231,0.94261605,0.98041713,0.9671522,0.9739914,0.9876427,0.96101767,0.98432773,0.9618153,0.9725004
avengers,0.9925686,0.9651826,0.9858483,0.97258717,0.96874195,0.95805985,0.98752964,0.98241127,0.9909756,0.9811339,0.98406786,0.96784276,0.9883719,0.98285204,0.9700322,0.97307706,0.97118723,0.98794156,0.9999998,0.9730791,0.97310597,0.97452646,0.98000777,0.9762014,0.98787296,0.8649936,0.96987075,0.97101533,0.9703989,0.9699927,0.96867096,0.96964824,0.9516261,0.96807194,0.9389447,0.89616704,0.98072827,0.9777697,0.98693365,0.98559755,0.9847603,0.9781026,0.954319,0.97941947,0.97464484,0.9691874,0.97731394,0.97015613,0.97537917,0.9834314,0.9876097,0.9791518,0.96338284,0.98094416,0.9410438,0.9801862,0.9760572,0.9869725,0.9823753,0.97920024,0.9839978,0.9832122,0.9760855,0.97593457,0.9632462,0.9817562,0.9458737,0.96882385,0.96813667,0.9549409,0.98329484,0.5162124,0.95399606,0.9687257,0.9430764,0.9144205,0.8055355,0.9589773,0.98452723,0.98001957,0.98006535,0.9718742,0.9850156,0.95323676,0.98024344,0.9782805,0.9744905,0.9763683,0.9548804,0.9931064,0.97923386,0.98329484,0.9719631,0.979491,0.98225504,0.9713751,0.97995377,0.9716457,0.98027813,0.96974593,0.97451353,0.982958,0.977837,0.98832536,0.9840551,0.9877824,0.9793112,0.9789498,0.96771836,0.959435,0.9867018,0.4315064,0.9785331,0.86383164,0.9712848,0.9814182,0.9846305,0.9464716,0.9831319,0.9836405,0.98178566,0.97309566,0.9843141,0.9479609,0.97729725,0.96911275,0.9763914,0.9710829,0.97915435,0.91717494,0.9778008,0.97849375,0.9708617,0.92834437,0.9773405,0.9783591,0.97574013,0.9672405,0.9864679,0.9610926,0.9909756,0.97281086,0.96392864,0.96650124,0.9359073,0.96654695,0.9714678,0.9739507,0.9605013,0.97386354,0.9871898,0.9893521,0.9622442,0.939432,0.9749305,0.9833042,0.9490206,0.9873641,0.97568977,0.97620434,0.9909756,0.95965624,0.986368,0.96893376,0.9839784
beachbummovie,0.96955085,0.9710569,0.96893543,0.93561816,0.94772834,0.96462727,0.97647244,0.98157376,0.9776681,0.9518982,0.95831805,0.9373732,0.9818171,0.96718127,0.9645428,0.9705956,0.96591896,0.96302676,0.9730791,1.0,0.9718872,0.97245634,0.9713811,0.97035426,0.9797022,0.8407412,0.9199013,0.9666956,0.9658962,0.95213443,0.96544766,0.9705174,0.9372872,0.9376878,0.91773754,0.8435512,0.96373194,0.9632327,0.9677806,0.96316576,0.98216236,0.9369617,0.9177366,0.9491132,0.9555832,0.9537841,0.9677873,0.93870133,0.9561366,0.94902945,0.9707135,0.98304754,0.9586463,0.9696322,0.92067534,0.9570641,0.9521118,0.95631164,0.95456904,0.96909845,0.9820245,0.9616296,0.94780207,0.9786076,0.9757108,0.95055735,0.9293394,0.9681771,0.9715214,0.9492721,0.9711213,0.5414735,0.9126224,0.94705707,0.95340276,0.9018575,0.7841401,0.9411119,0.96081144,0.9560059,0.9571849,0.931541,0.9767931,0.95270866,0.9569152,0.9700743,0.9414446,0.96544474,0.9321042,0.9585325,0.94979954,0.9711213,0.9572077,0.9578103,0.9585761,0.9690406,0.9703306,0.9762242,0.96347487,0.95645875,0.9488493,0.9789242,0.96539277,0.964624,0.968517,0.96977895,0.9676408,0.9812857,0.9641788,0.95189387,0.96093714,0.45683643,0.9547324,0.81814766,0.94829494,0.9732915,0.9688965,0.95508957,0.9673141,0.96573436,0.98051274,0.94841063,0.9625725,0.9229451,0.97182673,0.94937384,0.96923226,0.96275043,0.96910113,0.87436986,0.9581117,0.9634113,0.97423714,0.9191144,0.947891,0.97108704,0.95402455,0.97603637,0.96340024,0.95006275,0.9776681,0.9640371,0.91411585,0.9704213,0.9466429,0.9682572,0.942714,0.95756346,0.98512745,0.964883,0.96783215,0.95526314,0.9290226,0.93124795,0.94076407,0.9765139,0.9420556,0.9633916,0.9664915,0.950925,0.9776681,0.9374447,0.94906604,0.95707494,0.95968413
bernadettefilm,0.9709844,0.96562123,0.9779913,0.9582433,0.95623845,0.9444971,0.97670066,0.97309005,0.9846631,0.9682188,0.9731456,0.928416,0.9814186,0.97257614,0.9602386,0.9653443,0.9548348,0.9714105,0.97310597,0.9718872,0.99999994,0.97803307,0.9637427,0.9819858,0.98032284,0.865507,0.9347922,0.96668524,0.9746052,0.9612928,0.97299945,0.9709624,0.9609494,0.94887304,0.94068027,0.8772918,0.97141343,0.9569221,0.98040485,0.9593074,0.96846586,0.9635594,0.9382911,0.96141374,0.9737557,0.9533057,0.96248233,0.95893353,0.9513524,0.9663446,0.9686969,0.9740138,0.939897,0.97632295,0.9021848,0.9571268,0.9582638,0.97343886,0.9731438,0.9731327,0.98285913,0.9758304,0.96729666,0.9824556,0.96685565,0.95447594,0.94777155,0.97031814,0.96444714,0.9371803,0.97928184,0.5375561,0.909925,0.9520761,0.9646222,0.92123836,0.8188342,0.9648921,0.9722356,0.9592703,0.96508336,0.9490707,0.98015493,0.959421,0.9474524,0.9817165,0.94451094,0.9718507,0.93501365,0.9730311,0.9475489,0.97928184,0.9635579,0.9627974,0.9634565,0.9611384,0.9800013,0.96930826,0.9604653,0.94453293,0.95072716,0.98359215,0.9728165,0.97592336,0.9740887,0.9688325,0.975224,0.9756166,0.9603268,0.9465991,0.9672546,0.49725255,0.9610373,0.82941186,0.96523386,0.9734182,0.9719242,0.94311666,0.9782501,0.97238576,0.9703325,0.95005524,0.9617603,0.92344445,0.97859305,0.96927154,0.9672963,0.9693848,0.9819057,0.8821459,0.975149,0.9755694,0.9688469,0.8949613,0.95732,0.9776781,0.95042205,0.96318185,0.9659326,0.95125645,0.9846631,0.96688145,0.9321185,0.9709501,0.96706736,0.96179634,0.959365,0.966947,0.9754181,0.9687369,0.9759842,0.971513,0.9454891,0.92110693,0.9574081,0.9880742,0.9255991,0.9753771,0.9529704,0.9538321,0.9846631,0.9526065,0.97358435,0.94911706,0.9520959
