movie,21bridgesmovie,47metersdown,abeautifuldaymovie,abominablemovie,adastramovie,adogsjourneymovie,aftermathmovie,aftermovie,ahiddenlifefilm,alitamovie,angelhasfallen,angrybirdsmovie,annabellemovie,annamovie,apollo11movie,arcticdogsmovie,arcticmovie,artofracingmovie,avengers,beachbummovie,bernadettefilm,blackandbluemovie,blackchristmas,blindedbythelightmovie,bombshellmovie,booksmart,breakthroughmovie,brianbanksmovie,brightburnmovie,brittanyrunsmov,captainmarvelofficial,captivestatemovie,catsmovie,charliesangels,childsplaymovie,clarathefilm,coldpursuitmovie,countdown,currentwarmovie,darkwatersmovie,detectivepikachumovie,disneyaladdin,disneyfrozen,disneymaleficent,doctorsleepmovie,dolemiteismyname,dontletgomovie,doramovie,downtonabbey_official,dumbo,escaperoom,everybodyknowsmovie,fastandfuriousmovie,fightingwmyfam,fivefeetapartfilm,fordvferrari,freaksthefilm,geminimanmovie,glassmovie,gloriabellmovie,godzillamovie,goldfinchmovie,goodboysmovie,goodliarmovie,gretafilm,halathemovie,happydeathdaymovie,harrietfilm,hellboymovie,hersmellmovie,highlifemovie,highstrungmovie,honeyboymovie,hotelmumbaifilm,httydragon,hustlemovie,hustlersmovie,isntitromantic,itmovieofficial,jayandsilentbob,johnwickmovie,jojorabbitmovie,jokermovie,judythefilm,jumanjimovie,justmercyfilm,knivesout,lalloronamovie,lastblackmansf,lastchristmasthemovie,latenightmovie,lighthousemovie,lionking,littlethemovie,littlewomenmovie,littlewoodsfilm,longshotmovie,lordsofchaosmovie,lucyintheskyfilm,mamovie2019,marriagestory,meettheaddams,meninblack,midsommarmovie,midwaymovie,missbalamovie,missinglinkfilm,motherlessbklyn,onceinhollywood,onthebasisofsex,overcomermovie,peanutbutterfalcon,petsematarymovie,piercingmovie,playingwithfire,playmobilthemovie,pomsmovie,queenandslim,rambomovie,readyornotfilm,richardjewellfilm,rocketmanmovie,scarystoriesmovie,secretlifeofpets,serenityfilm,shaftmovie,shazammovie,spidermanmovie,spiesindisguise,starwars,stormboymovie,stubermovie,taosdfilm,teenspiritmov,terminator,theaeronautsmov,thebestofenemies,thedeaddontdie,thefarewell,thehighwaymen,thehummingbirdprojectfilm,theintrudermovie,theirishmanfilm,thekitchenmovie,thelegomovie,themustangfilm,thenightingalefilm,theprodigymovie,thesunisalsoastar,theupsidefilm,tolkienmovie,toystory,triplefrontier,uglydolls,uncutgems,underthesilverlake,usmovie,wavesmovie,whatmenwant,wonderparkmovie,wrinklestheclown,xmenmovies,yardiefilm,yesterdaymovie,zombieland
21bridgesmovie,1.0000001,0.96752435,0.9872112,0.9929438,0.99054366,0.97830415,0.99189353,0.9889273,0.99611276,0.9971767,0.98488754,0.9598803,0.99908584,0.9947244,0.99241066,0.98041064,0.9937423,0.990125,0.9922488,0.9897253,0.99494356,0.9912723,0.99435645,0.9827288,0.9907557,0.6135091,0.98308355,0.9983852,0.99031675,0.9984073,0.97265273,0.99924433,0.99503773,0.9661157,0.9093645,0.8661643,0.99691397,0.9981897,0.9897974,0.9930244,0.9862527,0.9907122,0.9860366,0.9767959,0.9894996,0.9734184,0.9963625,0.9963589,0.9845346,0.98751533,0.99249095,0.9984819,0.9849313,0.9941986,0.99549663,0.9687889,0.9886477,0.9951707,0.98595464,0.9898946,0.99042267,0.978221,0.98054653,0.9974546,0.9943921,0.9862666,0.99909645,0.99502635,0.9838302,0.99463195,0.99651825,0.38547695,0.980399,0.9986872,0.9730487,0.97408724,0.85290396,0.99487674,0.9762784,0.9852079,0.9897681,0.98815364,0.9931609,0.9712584,0.9918183,0.9807618,0.99082434,0.99557173,0.9911722,0.9994432,0.9897878,0.99651825,0.99703413,0.9802166,0.9945891,0.9922863,0.9869862,0.98677856,0.99327546,0.9827889,0.9854193,0.99367386,0.97801334,0.9958702,0.9905858,0.9953035,0.9865698,0.971402,0.98688763,0.9948643,0.9922571,0.74438494,0.9948549,0.7643295,0.9929059,0.99654377,0.99852467,0.9758512,0.9941792,0.9913997,0.9898008,0.9954886,0.9977325,0.95361394,0.99073786,0.98175675,0.9871344,0.9915586,0.9854834,0.8484967,0.98348486,0.97296983,0.98705536,0.93110454,0.98759776,0.9991466,0.9971796,0.9924733,0.98745704,0.9991044,0.99611276,0.9899007,0.9793475,0.9953592,0.9735967,0.99416196,0.9787543,0.9870936,0.9888295,0.99010795,0.99463266,0.97992337,0.9861668,0.87675935,0.9820849,0.99778086,0.99726284,0.99676317,0.9894574,0.9812937,0.99611276,0.96832734,0.9947364,0.99252033,0.9964711
47metersdown,0.96752435,1.0,0.9781707,0.96161515,0.98988205,0.9775797,0.990236,0.98414296,0.97856194,0.97588956,0.9772813,0.94674206,0.97380054,0.982029,0.9824877,0.99398357,0.98114747,0.989491,0.961253,0.9685717,0.9772977,0.9889254,0.9845329,0.9856358,0.951121,0.5268135,0.9958966,0.9633457,0.9712622,0.97109234,0.94917035,0.9735803,0.9806051,0.9797127,0.9241172,0.8987903,0.9784834,0.9742195,0.96097773,0.9532275,0.9386213,0.9809364,0.95615065,0.9774978,0.96268326,0.98260283,0.97962135,0.95139533,0.9755991,0.9816464,0.9776057,0.9773196,0.9657092,0.95102155,0.94499516,0.96340656,0.9939806,0.965615,0.974824,0.94521666,0.95031244,0.97327536,0.9525795,0.9702356,0.9602283,0.92461455,0.9670727,0.9761846,0.9708179,0.96342075,0.9546542,0.4456384,0.95709085,0.96984214,0.9251472,0.93425775,0.92998135,0.965372,0.9772706,0.9905653,0.9914236,0.9906199,0.9483466,0.97343785,0.9756235,0.9680661,0.98291016,0.97916436,0.9676203,0.9733791,0.97940356,0.9546542,0.9701318,0.9723156,0.96950775,0.97830784,0.986954,0.93925506,0.9662614,0.9890148,0.97741,0.9756077,0.94256616,0.94648826,0.97451603,0.97280943,0.9895008,0.95541817,0.9892178,0.96369857,0.98739415,0.7738795,0.9617016,0.76277715,0.9811224,0.9655471,0.9765868,0.93487537,0.9836013,0.98503107,0.9610697,0.96868974,0.9646863,0.94264853,0.953922,0.9607056,0.9681751,0.97748435,0.9819316,0.81570154,0.9940567,0.97082126,0.9930701,0.95930064,0.9463451,0.9709308,0.97707754,0.95759916,0.9451018,0.975166,0.97856194,0.9846707,0.98187137,0.97524446,0.9502878,0.982471,0.97583026,0.9889418,0.9685032,0.9652375,0.9828981,0.9809469,0.98297775,0.94754034,0.95112777,0.95477694,0.9547613,0.97143394,0.96837723,0.9523197,0.97856194,0.97768867,0.9766049,0.96940744,0.9833465
abeautifuldaymovie,0.9872112,0.9781707,0.9999999,0.97278506,0.990398,0.98997194,0.9916139,0.99791175,0.9957067,0.990695,0.9940679,0.9846085,0.98726386,0.99525166,0.9932853,0.9760897,0.9949945,0.99552226,0.9692418,0.9898294,0.9868728,0.9940223,0.99345195,0.99618673,0.9859149,0.58637464,0.9850549,0.97752166,0.99904317,0.9927715,0.9778831,0.99183464,0.9808698,0.9918832,0.8794245,0.84098786,0.99485487,0.9865077,0.98886895,0.983335,0.98437685,0.98957413,0.965357,0.9839852,0.9969769,0.9922495,0.99206066,0.9777765,0.9728157,0.9895147,0.9987778,0.989551,0.9556331,0.97683936,0.9836032,0.9693224,0.99082595,0.9767089,0.9995455,0.98506045,0.9904794,0.98718995,0.99497306,0.98765695,0.9721588,0.9781084,0.99195117,0.98571634,0.9966128,0.9692247,0.9810549,0.41607767,0.961829,0.9869867,0.9392268,0.9731232,0.8688054,0.97576207,0.99787366,0.9756127,0.98737246,0.9807371,0.9889893,0.9552665,0.99008363,0.99694306,0.98239595,0.9860553,0.97412103,0.98943496,0.99286264,0.9810549,0.98669875,0.9989268,0.9965992,0.9863315,0.9982901,0.9861555,0.975431,0.99557406,0.9911982,0.99655855,0.980278,0.9795044,0.9838116,0.9958381,0.9947231,0.949312,0.9916124,0.9950978,0.9961467,0.6775016,0.99305564,0.7231972,0.99374723,0.987507,0.9924847,0.93752754,0.99310154,0.9929062,0.9845561,0.98479944,0.9833035,0.98409754,0.9936163,0.9966197,0.99352854,0.99802697,0.99642295,0.7762464,0.983886,0.9753311,0.9945811,0.9339815,0.97928256,0.98468316,0.99422425,0.99219507,0.97905856,0.99030113,0.9957067,0.9979662,0.9734042,0.9788761,0.9927276,0.9827181,0.9659332,0.9783343,0.97691184,0.97791123,0.99434036,0.996698,0.9810082,0.89604366,0.94787854,0.9815259,0.9872411,0.98510903,0.9971137,0.97829926,0.9957067,0.99321026,0.9937436,0.99192,0.9952699
abominablemovie,0.9929438,0.96161515,0.97278506,1.0,0.9778649,0.957357,0.9808327,0.97607404,0.982454,0.9874693,0.9792268,0.92528963,0.99499345,0.9807694,0.98116636,0.9822751,0.97792614,0.976755,0.98426497,0.9767873,0.98008597,0.98685026,0.9807991,0.9768496,0.97796315,0.5330068,0.9756159,0.9934854,0.9760443,0.9922146,0.938943,0.98931056,0.99485093,0.95831394,0.89170533,0.8426747,0.98543423,0.9969925,0.9662523,0.9913021,0.9742572,0.9926844,0.9986362,0.98275346,0.97134364,0.9700154,0.98332316,0.98891145,0.96812785,0.9898219,0.97924536,0.98859054,0.9899922,0.9783565,0.98717237,0.9399505,0.97927135,0.9859266,0.96981156,0.9704297,0.9811582,0.98136246,0.96107477,0.9968442,0.9835434,0.97334266,0.98884803,0.9803769,0.9674352,0.99471396,0.9834359,0.4257348,0.9652633,0.98936313,0.95901704,0.9444993,0.85902524,0.9839042,0.9624157,0.98494905,0.9878222,0.98817956,0.9789326,0.95621836,0.9740535,0.97038853,0.9922797,0.9845249,0.9994093,0.99326456,0.98607606,0.9834359,0.9953292,0.9620053,0.9787945,0.9801122,0.9773715,0.9746456,0.9800508,0.96646076,0.9866641,0.9767022,0.94659495,0.98253536,0.9717764,0.9826721,0.97229105,0.99171853,0.98397076,0.980853,0.98013884,0.7965963,0.97727996,0.7212488,0.9847046,0.98051107,0.98754525,0.9693267,0.9821038,0.9753337,0.9852864,0.9793619,0.98661935,0.92218846,0.9738127,0.9609134,0.9662854,0.9743196,0.96565807,0.8927326,0.98146635,0.9445295,0.9773162,0.9455168,0.96339166,0.99516547,0.98395926,0.973055,0.96382505,0.99380857,0.982454,0.97412187,0.9889649,0.99769735,0.95971024,0.9851663,0.9637745,0.9782983,0.99738145,0.9967879,0.98079383,0.9727772,0.99179435,0.8577721,0.99174213,0.9858707,0.98630005,0.9937106,0.9691791,0.9538133,0.982454,0.9437243,0.9796811,0.9719052,0.98743397
adastramovie,0.99054366,0.98988205,0.990398,0.9778649,1.0,0.98830396,0.99973387,0.9950167,0.9966256,0.99352145,0.98598856,0.9693631,0.9916209,0.9980621,0.99654156,0.99020463,0.9979428,0.99894,0.9848177,0.9892114,0.99703896,0.99435335,0.9990573,0.9882452,0.97738504,0.6171884,0.99614173,0.9878057,0.9887687,0.9903365,0.9787755,0.994141,0.9920136,0.97595924,0.9342836,0.90464216,0.9954326,0.99030626,0.9888308,0.97500175,0.97018427,0.98716474,0.96866995,0.97604924,0.9858144,0.97990966,0.99710685,0.98008305,0.9923585,0.9857407,0.9932995,0.9960749,0.9790135,0.9835354,0.9762281,0.98243725,0.99903595,0.98856366,0.98837876,0.9777905,0.97615033,0.97565216,0.9755098,0.98715365,0.9872487,0.9626921,0.99059194,0.9965273,0.9869711,0.98461336,0.9847115,0.40455964,0.9794219,0.99292266,0.9603532,0.9720705,0.8971237,0.9908835,0.9835436,0.9932991,0.99543315,0.9940586,0.97857386,0.9864293,0.994428,0.97954696,0.9908452,0.99611413,0.9791498,0.9929241,0.9892486,0.9847115,0.98668027,0.9848384,0.9911114,0.9960291,0.992716,0.970264,0.9904879,0.9950357,0.9821238,0.99463934,0.97739327,0.9803831,0.9951252,0.99279004,0.99789125,0.95773214,0.9909594,0.9880024,0.9984595,0.74532986,0.98857117,0.79762375,0.9922736,0.9924692,0.9959431,0.96442443,0.99701303,0.9992151,0.9815529,0.9933579,0.9897041,0.9607558,0.98105663,0.9807767,0.9881961,0.9943141,0.9945388,0.8192864,0.9940711,0.98956025,0.9975027,0.94467306,0.9808464,0.991095,0.9964283,0.9856804,0.9795894,0.9930335,0.9966256,0.99675775,0.97861445,0.9886863,0.9673463,0.9969349,0.9911945,0.99723876,0.97717834,0.9766076,0.99858046,0.9840978,0.98584217,0.92915756,0.96742886,0.9852004,0.98429924,0.98800385,0.98980033,0.98181784,0.9966256,0.98541254,0.9962448,0.9935345,0.99698925
adogsjourneymovie,0.97830415,0.9775797,0.98997194,0.957357,0.98830396,1.0000001,0.9894761,0.98558784,0.98852473,0.9899597,0.9712751,0.98255545,0.9801382,0.98879826,0.98006916,0.97434217,0.9900826,0.9910214,0.97562474,0.9697752,0.98777777,0.98648876,0.99068296,0.9810217,0.9853419,0.608908,0.98820573,0.9704072,0.9857912,0.9792705,0.9868004,0.98501635,0.9758427,0.97855514,0.9121939,0.8729417,0.99107945,0.97444373,0.9895611,0.97303486,0.9586487,0.9744216,0.9478388,0.9606694,0.9852617,0.97610945,0.9911786,0.97542447,0.9848756,0.9714012,0.9867686,0.9858382,0.9540167,0.97879094,0.9699265,0.9900169,0.98873705,0.9809263,0.99226373,0.98418224,0.96872383,0.961868,0.98095936,0.972387,0.97441584,0.9605595,0.98250496,0.98696667,0.9785458,0.96022105,0.9806521,0.30339,0.9806086,0.9760643,0.95706314,0.96086186,0.8408421,0.97068024,0.9835986,0.96965784,0.9769849,0.97238207,0.9797781,0.96502024,0.99535996,0.9771746,0.96582544,0.98855126,0.9596984,0.97840446,0.9719867,0.9806521,0.9792993,0.9901019,0.9903089,0.97510135,0.9900808,0.9624143,0.98075885,0.9965568,0.97244173,0.99310225,0.9798275,0.9752604,0.9900302,0.98206663,0.98697805,0.93309724,0.9868458,0.9813239,0.9887884,0.689784,0.9867455,0.7617065,0.9924629,0.9811801,0.9862729,0.95027506,0.9938487,0.99013066,0.95746094,0.9865222,0.9835398,0.98291117,0.9837774,0.9895239,0.9968721,0.993839,0.996982,0.7787551,0.972498,0.98391384,0.98676205,0.8972714,0.98358136,0.97326857,0.98761004,0.9876721,0.9840001,0.9790603,0.98852473,0.9935005,0.9655355,0.9675952,0.9731307,0.98401713,0.96668357,0.98033226,0.9629687,0.9664691,0.9887271,0.9825502,0.9621854,0.89230925,0.94506896,0.97769284,0.97232497,0.9819176,0.9912825,0.98968804,0.98852473,0.98902905,0.98442924,0.98931575,0.9875441
aftermathmovie,0.99189353,0.990236,0.9916139,0.9808327,0.99973387,0.9894761,1.0,0.9952576,0.9970258,0.99526715,0.98707074,0.96843565,0.99350804,0.99815464,0.996209,0.9918968,0.9978435,0.99910754,0.98611134,0.98840576,0.9969095,0.99632627,0.99924624,0.9900455,0.98038983,0.60378975,0.99709076,0.9888496,0.9898683,0.99201113,0.9773117,0.9952373,0.9937867,0.9785148,0.9304965,0.89798003,0.9967349,0.99219596,0.9885776,0.9789162,0.9711315,0.9899155,0.9726444,0.9791262,0.9865919,0.98255366,0.99781466,0.9824778,0.99182904,0.98831236,0.99402606,0.99690384,0.98053443,0.98420054,0.9784897,0.98137313,0.9995048,0.9898588,0.9898482,0.9793703,0.9780373,0.9785325,0.9768952,0.989407,0.9876056,0.9648453,0.99190867,0.9964079,0.9868681,0.98559666,0.9860312,0.40059167,0.9804317,0.99316645,0.9612947,0.9693021,0.89300406,0.99024105,0.9848176,0.993703,0.9963842,0.994885,0.98058605,0.98403996,0.99506074,0.9814591,0.991776,0.99691206,0.9823554,0.9940632,0.99037576,0.9860312,0.98962003,0.98606026,0.9922116,0.9949205,0.99438447,0.971668,0.99066335,0.995737,0.985177,0.9952581,0.9759373,0.98167616,0.9946921,0.9931988,0.9974535,0.9623767,0.99361545,0.9888367,0.9987393,0.7497783,0.9893052,0.78661233,0.9946877,0.9921508,0.9966952,0.96528256,0.9981675,0.9987616,0.98194087,0.9934459,0.990973,0.9616202,0.9826477,0.98214924,0.9893746,0.994976,0.9948572,0.8257685,0.99443394,0.98689175,0.99791914,0.9445419,0.9808597,0.99223006,0.9968441,0.98658097,0.97995234,0.99438983,0.9970258,0.9971803,0.9824432,0.99044347,0.9698494,0.9973234,0.9886347,0.99687195,0.9811139,0.9807828,0.99858457,0.98644865,0.98771566,0.9227157,0.97038126,0.98634106,0.98517126,0.99077225,0.99027365,0.9816005,0.9970258,0.98480296,0.9958957,0.9931334,0.9980347
aftermovie,0.9889273,0.98414296,0.99791175,0.97607404,0.9950167,0.98558784,0.9952576,1.0000001,0.99719566,0.9900235,0.996456,0.9791906,0.98880947,0.99768895,0.9982673,0.98169863,0.99716944,0.99807876,0.9715047,0.99510556,0.99005675,0.9949576,0.99598897,0.9963621,0.9790599,0.5974971,0.98848605,0.98159766,0.99729156,0.993512,0.97566444,0.99297863,0.98504275,0.9882632,0.8949792,0.86294293,0.99457985,0.98932064,0.98765194,0.9787824,0.98362046,0.99081093,0.9679382,0.98559976,0.9943174,0.9906447,0.9931961,0.9759664,0.97712743,0.99134666,0.99900365,0.9918415,0.96368414,0.9767545,0.9810762,0.9690444,0.99464357,0.97817034,0.9957765,0.979538,0.9881958,0.9878454,0.98920804,0.98930645,0.97592086,0.9731038,0.99198574,0.98900235,0.9975633,0.97609246,0.9800582,0.44940105,0.9617913,0.99121547,0.93991596,0.9764916,0.89419967,0.98252916,0.9955018,0.9843962,0.99307734,0.98807275,0.9843423,0.96659386,0.9892158,0.9939591,0.989679,0.988168,0.9772575,0.9922352,0.996337,0.9800582,0.9858069,0.99473387,0.994489,0.99366355,0.99735415,0.9838411,0.9786987,0.9948753,0.99068725,0.9956591,0.97878027,0.9782236,0.98617303,0.9974498,0.9986724,0.95368385,0.99108577,0.99445117,0.9988453,0.69935596,0.9912651,0.7490407,0.99145955,0.9902919,0.99429464,0.94234985,0.9932641,0.99629503,0.9898254,0.9865817,0.9836148,0.9740843,0.9889008,0.99058115,0.98887277,0.9967572,0.99516183,0.7871185,0.9914891,0.9802256,0.9980129,0.9502146,0.97696984,0.98868024,0.9959475,0.98888975,0.97586757,0.99280256,0.99719566,0.9983019,0.9753592,0.9841145,0.9856681,0.98731005,0.9774241,0.98565626,0.97764915,0.9769456,0.99720365,0.99426854,0.9870675,0.917583,0.9533119,0.98160785,0.98810107,0.98433614,0.9947186,0.9753601,0.99719566,0.9921068,0.996961,0.9926574,0.996991
ahiddenlifefilm,0.99611276,0.97856194,0.9957067,0.982454,0.9966256,0.98852473,0.9970258,0.99719566,1.0,0.9966453,0.9907511,0.9777434,0.99516445,0.9997498,0.9976974,0.98185503,0.99955434,0.99778485,0.9853043,0.9943892,0.9969865,0.9944673,0.99902374,0.9904353,0.98832595,0.6259905,0.9890543,0.9914121,0.9965434,0.99694765,0.9833511,0.99862343,0.9907613,0.9786053,0.9110184,0.8748607,0.9989,0.9938835,0.9948749,0.9859843,0.9857676,0.98990357,0.9734827,0.9786933,0.99557847,0.982247,0.9986247,0.9883712,0.9868692,0.98823696,0.9984805,0.9980442,0.9743157,0.9900269,0.98947644,0.9784077,0.99477476,0.99013877,0.99459726,0.98957807,0.9899451,0.9808779,0.98848146,0.9929955,0.9888246,0.9813303,0.9977802,0.9964867,0.99352765,0.98560995,0.9919746,0.39903936,0.9773069,0.9969946,0.96222824,0.98151284,0.8716294,0.9917779,0.98851603,0.9857014,0.99212164,0.9886442,0.9916497,0.9747121,0.99595624,0.98856753,0.9895734,0.9956563,0.9820421,0.9971524,0.9929354,0.9919746,0.99199414,0.99150085,0.9982786,0.9957931,0.99453753,0.98632306,0.99051255,0.9936455,0.98693377,0.99903256,0.9860933,0.99034315,0.99424946,0.9988005,0.99623555,0.9576049,0.99026525,0.9972576,0.99865156,0.7134354,0.9971512,0.77176243,0.9948393,0.9973354,0.99925536,0.9628645,0.9975232,0.998292,0.98918056,0.99578345,0.99409,0.97130567,0.9932858,0.990811,0.9937744,0.9985167,0.99578613,0.8095151,0.98820764,0.9849625,0.99514836,0.9355313,0.9888348,0.99473304,0.99986535,0.99529546,0.9881174,0.99705416,1.0,0.99821484,0.9756458,0.9892704,0.98142123,0.99405926,0.98292893,0.98988694,0.9809832,0.98185396,0.999541,0.98826647,0.98477757,0.90307814,0.96641994,0.992805,0.9944842,0.9918599,0.99686426,0.986361,1.0,0.9863049,0.9993353,0.99786294,0.99904335
alitamovie,0.9971767,0.97588956,0.990695,0.9874693,0.99352145,0.9899597,0.99526715,0.9900235,0.9966453,0.99999994,0.9824502,0.9667765,0.99810624,0.99574584,0.9905696,0.98524994,0.99535877,0.99374723,0.99331313,0.98387104,0.9965373,0.99469644,0.9967962,0.9855444,0.99405485,0.60154593,0.99051297,0.9940836,0.99094445,0.9959038,0.97863996,0.99858445,0.9949086,0.9735993,0.91709065,0.8728009,0.99923843,0.99534774,0.9920525,0.9922414,0.97775173,0.9905365,0.9806103,0.97603667,0.989705,0.978129,0.99889946,0.9951108,0.9898884,0.98689026,0.99299526,0.99874634,0.9823238,0.9934179,0.9907244,0.97988737,0.99316376,0.9964552,0.99081403,0.99144286,0.9852641,0.97653437,0.9818009,0.9938848,0.9929268,0.9799569,0.99727255,0.9964281,0.98262805,0.98874843,0.99590653,0.34865162,0.98751116,0.99447584,0.97492576,0.96810627,0.8494967,0.9905083,0.98058057,0.9855588,0.9902193,0.98825336,0.9919378,0.9736398,0.9973109,0.98150015,0.98692006,0.99842685,0.98744804,0.9965576,0.98668987,0.99590653,0.99714303,0.9855068,0.9961987,0.9887937,0.99182963,0.97977537,0.99423665,0.9910724,0.98566896,0.9965678,0.978941,0.993057,0.99437225,0.99312276,0.9891286,0.96757925,0.9927388,0.9924966,0.9942755,0.7437981,0.99481213,0.7636178,0.9982657,0.9940816,0.998301,0.9750693,0.99883735,0.9939534,0.980642,0.99650234,0.99808156,0.96387434,0.99086434,0.9862686,0.9939411,0.99520546,0.9922719,0.8414768,0.98409855,0.9783491,0.99042946,0.92252463,0.98919165,0.9950101,0.99725395,0.99351543,0.9895487,0.99672306,0.9966453,0.9940784,0.9827234,0.99188364,0.9749323,0.99601513,0.9778012,0.9898788,0.9872701,0.98944414,0.99578595,0.9842523,0.9832119,0.8813096,0.9785626,0.99540055,0.9915901,0.9981974,0.9921056,0.9873559,0.9966453,0.9760766,0.99355334,0.9937447,0.99748015
angelhasfallen,0.98488754,0.9772813,0.9940679,0.9792268,0.98598856,0.9712751,0.98707074,0.996456,0.9907511,0.9824502,1.0,0.96615314,0.98518294,0.9906407,0.99451166,0.97739416,0.98888737,0.9906572,0.95987636,0.99357384,0.9788516,0.9923662,0.98739666,0.9973373,0.9719604,0.55157804,0.9795442,0.97654647,0.99457437,0.9924082,0.95630217,0.9874287,0.98116636,0.9894386,0.8650795,0.8300993,0.98781216,0.9885716,0.97488445,0.97906196,0.98629963,0.99355066,0.9741927,0.9937282,0.9896843,0.9937223,0.9841384,0.9695448,0.9601117,0.99551916,0.995487,0.9846012,0.95849675,0.96505743,0.9797625,0.9456577,0.98715395,0.96745193,0.9905941,0.9698045,0.9906313,0.99614275,0.98628134,0.99055094,0.96468157,0.97264457,0.98774713,0.97763073,0.99571556,0.9727401,0.9707053,0.5043357,0.9430805,0.9866501,0.9210318,0.96601254,0.8994088,0.9738201,0.9942903,0.98002505,0.99114716,0.9853099,0.9799129,0.9491309,0.9764421,0.9962282,0.9909248,0.9778556,0.98062295,0.9893121,0.9991403,0.9707053,0.9838714,0.98987085,0.9879229,0.98775095,0.99411297,0.98607135,0.9656371,0.98526216,0.99555254,0.9871896,0.9639258,0.9704587,0.97153157,0.99424344,0.9921322,0.9617271,0.9883444,0.99129504,0.992985,0.70087445,0.983769,0.70480275,0.98549515,0.98181516,0.9880121,0.9271027,0.98428524,0.98671985,0.99411154,0.9747682,0.9744277,0.9633224,0.98416907,0.9842603,0.9772204,0.98880243,0.9844846,0.7919701,0.9896654,0.96098596,0.9932549,0.96348363,0.96228904,0.9861825,0.9892161,0.9804242,0.961336,0.99043447,0.9907511,0.99069035,0.97735536,0.983459,0.9877957,0.97754,0.9639631,0.975148,0.98181504,0.97975785,0.9896845,0.9951898,0.99131125,0.9042425,0.950718,0.97384155,0.98560244,0.9799951,0.9867191,0.9569029,0.9907511,0.9825203,0.9904653,0.981895,0.9923641
angrybirdsmovie,0.9598803,0.94674206,0.9846085,0.92528963,0.9693631,0.98255545,0.96843565,0.9791906,0.9777434,0.9667765,0.96615314,0.99999994,0.95526934,0.9773217,0.97151345,0.9334036,0.9797265,0.9763594,0.9415777,0.9716575,0.969305,0.96248347,0.97441787,0.9681126,0.96886325,0.67726177,0.9560162,0.9462958,0.9838361,0.9649171,0.98956287,0.9685101,0.9420736,0.9678315,0.8614446,0.8312318,0.9737422,0.9505044,0.9857579,0.9504483,0.96787727,0.9496507,0.9103781,0.9393612,0.98776233,0.9613391,0.972502,0.95162666,0.9560972,0.94932365,0.9811974,0.9654098,0.9081785,0.96211004,0.960449,0.97163147,0.96507686,0.9512234,0.98690325,0.97766054,0.96955544,0.94728476,0.98917806,0.95158964,0.94879127,0.96347445,0.9698569,0.9677992,0.9844873,0.9301996,0.962667,0.3448087,0.94411093,0.9625239,0.9206751,0.98009336,0.8211405,0.9525145,0.9824227,0.93570936,0.9512143,0.94104207,0.9745158,0.9351843,0.97744757,0.9773258,0.9417321,0.96292347,0.92469275,0.9606434,0.9614354,0.962667,0.9519959,0.98977256,0.9828766,0.96516323,0.9750871,0.97001624,0.9552003,0.9811078,0.9534071,0.98377496,0.9895829,0.9622258,0.97178024,0.97726387,0.97696424,0.88258255,0.9579812,0.9793835,0.9754614,0.5635496,0.9820519,0.74524367,0.96805143,0.9728918,0.97038734,0.9071516,0.9721297,0.97736937,0.9550056,0.96957463,0.96133345,0.9961532,0.9831086,0.99188113,0.9869255,0.98581064,0.9874321,0.6755532,0.947478,0.97686845,0.97019696,0.8757212,0.97739154,0.95244557,0.97550464,0.9842314,0.97651327,0.96027833,0.9777434,0.9830576,0.9213223,0.9369458,0.97988546,0.95598847,0.9466187,0.9504484,0.927621,0.9315924,0.9760061,0.9712202,0.9348702,0.8826957,0.89489484,0.9615098,0.96694934,0.95182985,0.9901162,0.98050433,0.9777434,0.99213415,0.97769344,0.98412323,0.9703885
annabellemovie,0.99908584,0.97380054,0.98726386,0.99499345,0.9916209,0.9801382,0.99350804,0.98880947,0.99516445,0.99810624,0.98518294,0.95526934,1.0,0.99410355,0.9915528,0.9868575,0.9928358,0.9911289,0.99285537,0.98633194,0.9942537,0.99456245,0.99455863,0.9853828,0.99004465,0.5858507,0.98784643,0.99754274,0.9889248,0.9979304,0.96791553,0.99859995,0.99791116,0.9702201,0.9121451,0.8676339,0.99722165,0.9992299,0.98628515,0.9938297,0.9807895,0.99405265,0.98964274,0.98126423,0.98654455,0.9776093,0.9964741,0.99542546,0.98535454,0.99088794,0.9916049,0.99846315,0.98834777,0.99126273,0.9925481,0.9683094,0.9914305,0.99549943,0.9859408,0.9864838,0.9873043,0.9812618,0.97738206,0.9981613,0.9931048,0.9808203,0.99759537,0.9942881,0.98136985,0.99480873,0.9944102,0.38589093,0.9816388,0.9967989,0.97168404,0.9652323,0.85969025,0.99262196,0.97705513,0.9891129,0.99291486,0.9918489,0.9900823,0.9719427,0.9917424,0.9805629,0.9928862,0.996474,0.99451596,0.99899805,0.9903732,0.9944102,0.99887043,0.979838,0.99303174,0.9905121,0.98933,0.9818231,0.9925311,0.984919,0.9886331,0.99262434,0.9714473,0.99249625,0.98970926,0.9933228,0.9870331,0.9783646,0.99167436,0.99200785,0.99281394,0.7636967,0.99187773,0.7560935,0.9954921,0.99335104,0.9979224,0.9759496,0.9955809,0.9910862,0.98713917,0.99383813,0.9969426,0.9510707,0.9876839,0.97980815,0.9863824,0.9908338,0.9856701,0.8605454,0.9870413,0.9705659,0.98921,0.9362166,0.9831937,0.99880874,0.9961089,0.9892838,0.9833393,0.99916375,0.99516445,0.9901739,0.9867737,0.99740344,0.9720509,0.99551356,0.97787994,0.9894554,0.9931104,0.9940085,0.9941612,0.98262763,0.98984575,0.8795544,0.98588645,0.99528,0.99364126,0.998854,0.98715156,0.97818893,0.99516445,0.96787316,0.9927464,0.9896907,0.99718
annamovie,0.9947244,0.982029,0.99525166,0.9807694,0.9980621,0.98879826,0.99815464,0.99768895,0.9997498,0.99574584,0.9906407,0.9773217,0.99410355,0.9999999,0.9983566,0.9838011,0.99986225,0.99880314,0.98446715,0.9943459,0.99727094,0.99467397,0.99952906,0.9907043,0.9852555,0.626481,0.9909906,0.99027807,0.9954758,0.9955536,0.9831202,0.99768764,0.99075496,0.9789,0.9163876,0.8827248,0.99825025,0.9929315,0.99396306,0.98272544,0.98281884,0.98932004,0.9714972,0.97848916,0.994047,0.9824388,0.99846596,0.9857088,0.9881867,0.9879269,0.9980309,0.99766296,0.97463757,0.98820657,0.9861357,0.9797056,0.99629563,0.98923665,0.9938167,0.98670137,0.98714,0.9802128,0.9862854,0.99153507,0.98810345,0.9769319,0.9962049,0.99671817,0.9933173,0.9850142,0.9899062,0.4052126,0.97702044,0.99634755,0.96053684,0.9807638,0.8804518,0.99176157,0.9884982,0.987751,0.9933288,0.9901815,0.98856074,0.97793955,0.9957534,0.98736197,0.99024826,0.99570185,0.98077375,0.9962799,0.99283415,0.9899062,0.99027413,0.99087733,0.9969844,0.9967344,0.9947044,0.98313,0.990281,0.9946796,0.98607206,0.99849653,0.98499626,0.9876955,0.9947309,0.9980979,0.9976998,0.95653653,0.9904756,0.99565184,0.9993353,0.7178277,0.995498,0.77916527,0.9941345,0.99663,0.99872315,0.9619935,0.99754786,0.99926156,0.9882157,0.99531305,0.9927434,0.9700347,0.9907525,0.9891773,0.99275357,0.9981444,0.9962456,0.8081612,0.99029577,0.9871742,0.99652827,0.93917376,0.987065,0.9938697,0.9995021,0.99335504,0.9861054,0.99621505,0.9997498,0.99862194,0.97580755,0.9888988,0.97893,0.99476117,0.9856885,0.99193305,0.979448,0.97984236,0.9999439,0.98799187,0.9852987,0.91223866,0.9653366,0.9907581,0.9923461,0.9903969,0.99593294,0.98548245,0.9997498,0.9876477,0.9993877,0.99749005,0.99892026
apollo11movie,0.99241066,0.9824877,0.9932853,0.98116636,0.99654156,0.98006916,0.996209,0.9982673,0.9976974,0.9905696,0.99451166,0.97151345,0.9915528,0.9983566,1.0,0.98332375,0.9976439,0.9972821,0.9775725,0.99767387,0.99326885,0.99336576,0.9969041,0.99189985,0.9766826,0.6164544,0.98811024,0.98813075,0.9940869,0.9946424,0.97435427,0.99489355,0.9891403,0.9787571,0.90904176,0.87928385,0.9943729,0.99250925,0.98779166,0.9780715,0.98418444,0.99011743,0.97237945,0.98268354,0.9914012,0.9836574,0.9942998,0.97926116,0.98157734,0.990134,0.9972149,0.9945654,0.9731352,0.98118293,0.9827439,0.9689173,0.9948036,0.98281085,0.9902276,0.97847956,0.9870517,0.9843746,0.98317975,0.99151653,0.98292506,0.9732697,0.993474,0.9925742,0.99487734,0.9847374,0.98334527,0.4556748,0.96579885,0.99585503,0.9485128,0.9799491,0.8999859,0.9903401,0.9884016,0.98934704,0.9949626,0.9918222,0.9832975,0.97540426,0.988926,0.9879803,0.9938957,0.99083304,0.9812353,0.9954217,0.99631256,0.98334527,0.9867934,0.98784107,0.9928717,0.99840283,0.99308103,0.98327327,0.98435456,0.99060315,0.9874912,0.99434197,0.97879404,0.98183477,0.9888395,0.997923,0.99796915,0.958491,0.98800343,0.9941373,0.99852896,0.72059023,0.9910596,0.7736457,0.9890754,0.99403584,0.9962072,0.95351225,0.9928465,0.9971826,0.9933259,0.9900002,0.9869605,0.9623437,0.98614484,0.9841444,0.9849906,0.9943225,0.99154115,0.8059754,0.993503,0.98239565,0.99677694,0.95490575,0.97862387,0.99345464,0.99720395,0.9876908,0.9770605,0.9954296,0.9976974,0.9960004,0.9752477,0.9893561,0.9773926,0.99147874,0.9857834,0.9902588,0.97904044,0.97773284,0.9982466,0.987786,0.9894737,0.92220914,0.96254563,0.9856302,0.9910959,0.98570806,0.9918366,0.9752713,0.9976974,0.9853544,0.9986527,0.9934159,0.9973581
arcticdogsmovie,0.98041064,0.99398357,0.9760897,0.9822751,0.99020463,0.97434217,0.9918968,0.98169863,0.98185503,0.98524994,0.97739416,0.9334036,0.9868575,0.9838011,0.98332375,0.99999994,0.98201644,0.9880501,0.97836405,0.96980935,0.98292387,0.99321824,0.98688334,0.9840778,0.96359426,0.51509464,0.99674106,0.9797868,0.9718254,0.98093903,0.9447709,0.9825646,0.99383307,0.97270185,0.92898405,0.8935961,0.9845395,0.9874038,0.96331346,0.97083044,0.9467968,0.98988956,0.9793814,0.98266834,0.9635577,0.9798262,0.98523045,0.9700521,0.98104674,0.9884888,0.97826666,0.98603714,0.9863168,0.9647791,0.9608527,0.96057314,0.9943889,0.9804051,0.97287464,0.95479006,0.9589283,0.97753847,0.9514154,0.9836433,0.9752461,0.93918467,0.97695667,0.9825311,0.96644825,0.9819507,0.9689605,0.42364383,0.9700826,0.9795497,0.9474623,0.9323134,0.9098215,0.9766344,0.97036266,0.99714917,0.99598753,0.9973433,0.95903075,0.9763312,0.97934955,0.96656424,0.99149495,0.9874738,0.9866693,0.98406893,0.9828545,0.9689605,0.98491156,0.9670326,0.97354317,0.9810713,0.986011,0.94769615,0.9779784,0.9842131,0.9835464,0.97750914,0.9409876,0.9618802,0.9783854,0.9763057,0.9852202,0.9799576,0.99358535,0.9688477,0.9874113,0.8166713,0.9673842,0.7576927,0.98763645,0.9724746,0.9838177,0.95919806,0.9880754,0.98446226,0.9686438,0.976685,0.9777631,0.93018985,0.9595355,0.95847434,0.96919155,0.9774171,0.97784936,0.8703337,0.9953409,0.96389073,0.99086154,0.958476,0.95367986,0.9840776,0.9818553,0.96287334,0.95330244,0.9856024,0.98185503,0.98270285,0.9945847,0.9903378,0.949231,0.9906299,0.9775153,0.9931215,0.986312,0.9838742,0.9847893,0.9789703,0.99182945,0.9194217,0.9783081,0.96935195,0.9660819,0.9861782,0.96778876,0.9552143,0.98185503,0.96372837,0.9786616,0.9710731,0.9882702
arcticmovie,0.9937423,0.98114747,0.9949945,0.97792614,0.9979428,0.9900826,0.9978435,0.99716944,0.99955434,0.99535877,0.98888737,0.9797265,0.9928358,0.99986225,0.9976439,0.98201644,0.9999998,0.9986521,0.98422784,0.99358463,0.9975559,0.9933701,0.9994899,0.98924786,0.9852511,0.63597476,0.99045664,0.9891475,0.99509513,0.9942667,0.9859031,0.99709785,0.98911875,0.9777098,0.91841173,0.88543594,0.9979358,0.9911365,0.99524385,0.98107,0.9817611,0.9869979,0.96793747,0.9753716,0.9941903,0.9806451,0.9984528,0.985059,0.9891033,0.9854429,0.99758077,0.9971909,0.97259474,0.98870033,0.98513514,0.9823807,0.9957803,0.9890392,0.9938655,0.98747027,0.98589575,0.9773428,0.9864826,0.98954505,0.9880374,0.97632855,0.9955549,0.99699736,0.9929912,0.9832495,0.9899756,0.39544946,0.9780872,0.9955492,0.96152455,0.9822879,0.8772442,0.9914139,0.98798937,0.9860721,0.9916459,0.98836666,0.98839134,0.97863764,0.9965249,0.9862581,0.9879591,0.9956057,0.9778164,0.9951,0.9909439,0.9899756,0.98871523,0.9910962,0.99707085,0.9962355,0.99395424,0.9821585,0.99059033,0.99506235,0.98367786,0.99882233,0.98716444,0.98765707,0.9956817,0.9975315,0.99752355,0.9521429,0.98909754,0.9952543,0.998934,0.71128356,0.99581146,0.78465843,0.9935225,0.9967862,0.99827224,0.9619174,0.9974711,0.9995085,0.9862258,0.995793,0.9925953,0.97208846,0.990846,0.98979104,0.9937898,0.99846035,0.9970306,0.8020781,0.98857594,0.98932445,0.995818,0.9346244,0.98860085,0.99243706,0.999287,0.9939514,0.9875998,0.99491835,0.99955434,0.99874705,0.9728975,0.9867405,0.9782504,0.99438584,0.9860153,0.9915526,0.976454,0.97716486,0.99982744,0.9867153,0.98242694,0.9128476,0.96274155,0.9905613,0.99159163,0.9891608,0.99654484,0.98765326,0.99955434,0.98877454,0.99927884,0.9982929,0.99816304
artofracingmovie,0.990125,0.989491,0.99552226,0.976755,0.99894,0.9910214,0.99910754,0.99807876,0.99778485,0.99374723,0.9906572,0.9763594,0.9911289,0.99880314,0.9972821,0.9880501,0.9986521,0.99999994,0.9801882,0.9908219,0.9950114,0.99627775,0.998947,0.99328136,0.9806199,0.6049519,0.9950662,0.98487115,0.9936898,0.9921316,0.979755,0.9944047,0.98965144,0.98416144,0.9182438,0.8864692,0.9966038,0.9900676,0.98984367,0.97810125,0.97517854,0.98964864,0.9681495,0.98087686,0.99071413,0.9866761,0.9968425,0.97936594,0.9874663,0.9888834,0.99677384,0.9950929,0.9721718,0.98149556,0.9786395,0.979943,0.9986726,0.98530126,0.99392986,0.98046327,0.9814711,0.9814953,0.98317945,0.9882362,0.9827211,0.9673832,0.9918264,0.9942206,0.9920228,0.98007315,0.98374563,0.41252103,0.974429,0.99184346,0.9530043,0.97309345,0.8930578,0.98663473,0.99073946,0.9896387,0.9949243,0.9917614,0.9823126,0.97810847,0.99442565,0.98715305,0.98977315,0.9941115,0.9783881,0.99275684,0.9922453,0.98374563,0.98755354,0.991558,0.9941016,0.99440217,0.99681264,0.97582054,0.98630595,0.9977241,0.98697263,0.99673927,0.979159,0.9800443,0.99278086,0.99510485,0.9992379,0.9559811,0.993376,0.991299,0.99970955,0.7244557,0.9908743,0.77424175,0.99436647,0.99166673,0.9959989,0.9553967,0.9973839,0.9990581,0.9835625,0.9914592,0.98819,0.9705181,0.98593014,0.98750204,0.99138355,0.99721116,0.9972869,0.80430186,0.99325746,0.986959,0.9990122,0.9444069,0.9807119,0.9898132,0.99702597,0.9885932,0.97973746,0.99320894,0.99778485,0.9991989,0.978896,0.98653436,0.9771879,0.9937276,0.9847283,0.9930548,0.9781593,0.9779128,0.99887395,0.99062103,0.98616153,0.92335886,0.9612739,0.9841941,0.98563987,0.9879458,0.993642,0.98156047,0.99778485,0.9908349,0.996881,0.99424976,0.9980235
avengers,0.9922488,0.961253,0.9692418,0.98426497,0.9848177,0.97562474,0.98611134,0.9715047,0.9853043,0.99331313,0.95987636,0.9415777,0.99285537,0.98446715,0.9775725,0.97836405,0.98422784,0.9801882,1.0,0.96938574,0.9932631,0.9803354,0.98760456,0.9621051,0.98449975,0.63004154,0.9814204,0.99534947,0.97097915,0.98469394,0.9698679,0.9911275,0.9924329,0.94223505,0.9433444,0.8992434,0.9891695,0.9886027,0.98358566,0.98226136,0.9603427,0.975577,0.9763518,0.953259,0.97103107,0.9503244,0.99181163,0.9946431,0.99317056,0.9692719,0.97553295,0.9936619,0.99123996,0.99503624,0.9822888,0.978161,0.98247594,0.99945116,0.9693265,0.98288506,0.9671307,0.9519001,0.95721865,0.98446673,0.9985725,0.96758205,0.9884132,0.99403936,0.95986795,0.99277616,0.99498737,0.29733992,0.99550384,0.98936605,0.99213886,0.9578075,0.82998264,0.99295396,0.95233756,0.981805,0.97959745,0.9817943,0.9800506,0.9813658,0.99042577,0.9541567,0.9781984,0.9958108,0.98253995,0.9895649,0.96863073,0.99498737,0.9898088,0.96049094,0.9825675,0.98155445,0.9718694,0.9616911,0.998266,0.97397184,0.96479714,0.9838972,0.9688932,0.99134994,0.99215823,0.97900456,0.9734593,0.9647307,0.977461,0.97786045,0.9806106,0.7836302,0.9837679,0.80624825,0.98625904,0.9889598,0.9905571,0.9941596,0.98990244,0.98386467,0.96633357,0.9946839,0.9970324,0.93355256,0.97472537,0.9637048,0.9804118,0.98002493,0.9762345,0.8768959,0.9722194,0.9733478,0.97451234,0.90308225,0.9860869,0.9908472,0.98768574,0.9817691,0.9863329,0.9887422,0.9853043,0.9783111,0.9727817,0.9889212,0.9447488,0.99492,0.98060983,0.98844296,0.9785112,0.98120636,0.9854292,0.958317,0.97098505,0.86828756,0.98872817,0.994112,0.9830713,0.9932173,0.975546,0.9834788,0.9853043,0.9506745,0.9826449,0.9844183,0.9861084
beachbummovie,0.9897253,0.9685717,0.9898294,0.9767873,0.9892114,0.9697752,0.98840576,0.99510556,0.9943892,0.98387104,0.99357384,0.9716575,0.98633194,0.9943459,0.99767387,0.96980935,0.99358463,0.9908219,0.96938574,1.0,0.9875126,0.9853603,0.9910211,0.9865202,0.97265285,0.63744193,0.9753855,0.9847632,0.99313486,0.9926374,0.9717081,0.99132484,0.98086363,0.9715997,0.89038694,0.8616226,0.98902225,0.9882557,0.9857773,0.97461677,0.99122155,0.98407733,0.96692026,0.9773289,0.9919853,0.9769631,0.9882825,0.9755247,0.9711992,0.9846955,0.99513596,0.98936135,0.96321905,0.97836196,0.9841952,0.95823264,0.9856006,0.97549456,0.98635375,0.97742605,0.9905297,0.98124814,0.9849237,0.9885954,0.97773045,0.97888,0.9917077,0.986796,0.9959743,0.98044175,0.98026127,0.47688985,0.95396507,0.994444,0.940165,0.9868486,0.8905317,0.98767096,0.98513675,0.9794711,0.9873333,0.98293877,0.98387355,0.96499884,0.9817693,0.9874238,0.9890148,0.9830249,0.97508657,0.99254876,0.99450284,0.98026127,0.9809053,0.984764,0.9904712,0.99643445,0.9864228,0.9893985,0.97772443,0.98176557,0.9826491,0.99045074,0.9805925,0.9812498,0.982028,0.9974665,0.9927382,0.94874954,0.9777594,0.9949942,0.99331903,0.6893801,0.9903181,0.7657694,0.98072004,0.99306935,0.9923174,0.944338,0.98501366,0.99173826,0.9967613,0.98536927,0.98200285,0.96044666,0.9867267,0.9827308,0.97947127,0.99023664,0.98512584,0.7865423,0.98538643,0.9762744,0.9897208,0.95067716,0.9770122,0.990495,0.9939048,0.9869149,0.975078,0.99205345,0.9943892,0.9906081,0.96274376,0.98354846,0.978858,0.98318326,0.9793504,0.9802462,0.9719294,0.97063595,0.99380857,0.98238426,0.98345983,0.9113206,0.95298004,0.9837457,0.99312335,0.97845316,0.9901166,0.97034997,0.9943892,0.9806779,0.99686944,0.99119025,0.9922882
bernadettefilm,0.99494356,0.9772977,0.9868728,0.98008597,0.99703896,0.98777777,0.9969095,0.99005675,0.9969865,0.9965373,0.9788516,0.969305,0.9942537,0.99727094,0.99326885,0.98292387,0.9975559,0.9950114,0.9932631,0.9875126,1.0,0.9897395,0.998447,0.97976506,0.9853361,0.6509129,0.9903234,0.993807,0.98744076,0.99168694,0.98543596,0.9970025,0.99221665,0.96427685,0.9383957,0.90409505,0.99677247,0.9912512,0.9947178,0.9803653,0.97421026,0.9826128,0.969699,0.9659654,0.98725486,0.9689703,0.9989696,0.98975897,0.9960429,0.97921985,0.991288,0.99859595,0.9821617,0.99424887,0.98427945,0.9871039,0.9940805,0.99584174,0.98608685,0.9874827,0.9787387,0.96663827,0.9762736,0.9880179,0.9957211,0.9728306,0.9945162,0.9999673,0.9828123,0.9892143,0.99417573,0.3563027,0.98887926,0.9959984,0.9772368,0.9783902,0.8657715,0.99621767,0.97569436,0.98778695,0.9893816,0.98853993,0.9859529,0.9869971,0.9976982,0.9741996,0.98613566,0.99895173,0.9792293,0.9948727,0.983623,0.99417573,0.9893788,0.9810969,0.99359924,0.99490863,0.98702514,0.9746166,0.99760455,0.99018914,0.97578347,0.9959588,0.98510486,0.99103147,0.999082,0.99279004,0.9921438,0.9550339,0.9854938,0.99039227,0.99501073,0.73948485,0.9936102,0.8106389,0.9919751,0.99743015,0.9979354,0.97815865,0.9973047,0.9976958,0.98005664,0.99920374,0.9967772,0.95963347,0.9858225,0.9813699,0.9913096,0.99415237,0.9925494,0.8281253,0.98526,0.99043167,0.99065,0.92427796,0.9914733,0.99373055,0.99776167,0.99159163,0.9906151,0.99421465,0.9969865,0.9939903,0.97239125,0.9889564,0.96484345,0.99828595,0.9907481,0.9950031,0.97607946,0.97741956,0.9977903,0.9761652,0.97882235,0.906439,0.97344965,0.9941573,0.99001354,0.9914602,0.9912243,0.99067205,0.9969865,0.97822136,0.99642974,0.9969299,0.9957963
