movie,21bridgesmovie,47metersdown,abeautifuldaymovie,abominablemovie,adastramovie,adogsjourneymovie,aftermathmovie,aftermovie,ahiddenlifefilm,alitamovie,angelhasfallen,angrybirdsmovie,annabellemovie,annamovie,apollo11movie,arcticdogsmovie,arcticmovie,artofracingmovie,avengers,beachbummovie,bernadettefilm,blackandbluemovie,blackchristmas,blindedbythelightmovie,bombshellmovie,booksmart,breakthroughmovie,brianbanksmovie,brightburnmovie,brittanyrunsmov,captainmarvelofficial,captivestatemovie,catsmovie,charliesangels,childsplaymovie,clarathefilm,coldpursuitmovie,countdown,currentwarmovie,darkwatersmovie,detectivepikachumovie,disneyaladdin,disneyfrozen,disneymaleficent,doctorsleepmovie,dolemiteismyname,dontletgomovie,doramovie,downtonabbey_official,dumbo,escaperoom,everybodyknowsmovie,fastandfuriousmovie,fightingwmyfam,fivefeetapartfilm,fordvferrari,freaksthefilm,geminimanmovie,glassmovie,gloriabellmovie,godzillamovie,goldfinchmovie,goodboysmovie,goodliarmovie,gretafilm,halathemovie,happydeathdaymovie,harrietfilm,hellboymovie,hersmellmovie,highlifemovie,highstrungmovie,honeyboymovie,hotelmumbaifilm,httydragon,hustlemovie,hustlersmovie,isntitromantic,itmovieofficial,jayandsilentbob,johnwickmovie,jojorabbitmovie,jokermovie,judythefilm,jumanjimovie,justmercyfilm,knivesout,lalloronamovie,lastblackmansf,lastchristmasthemovie,latenightmovie,lighthousemovie,lionking,littlethemovie,littlewomenmovie,littlewoodsfilm,longshotmovie,lordsofchaosmovie,lucyintheskyfilm,mamovie2019,marriagestory,meettheaddams,meninblack,midsommarmovie,midwaymovie,missbalamovie,missinglinkfilm,motherlessbklyn,onceinhollywood,onthebasisofsex,overcomermovie,peanutbutterfalcon,petsematarymovie,piercingmovie,playingwithfire,playmobilthemovie,pomsmovie,queenandslim,rambomovie,readyornotfilm,richardjewellfilm,rocketmanmovie,scarystoriesmovie,secretlifeofpets,serenityfilm,shaftmovie,shazammovie,spidermanmovie,spiesindisguise,starwars,stormboymovie,stubermovie,taosdfilm,teenspiritmov,terminator,theaeronautsmov,thebestofenemies,thedeaddontdie,thefarewell,thehighwaymen,thehummingbirdprojectfilm,theintrudermovie,theirishmanfilm,thekitchenmovie,thelegomovie,themustangfilm,thenightingalefilm,theprodigymovie,thesunisalsoastar,theupsidefilm,tolkienmovie,toystory,triplefrontier,uglydolls,uncutgems,underthesilverlake,usmovie,wavesmovie,whatmenwant,wonderparkmovie,wrinklestheclown,xmenmovies,yardiefilm,yesterdaymovie,zombieland
21bridgesmovie,1.0000001,0.97864074,0.9709985,0.9698037,0.9575888,0.94375765,0.9879469,0.9727872,0.987376,0.9636975,0.9480308,0.9186122,0.98286366,0.96239763,0.9866293,0.97193915,0.98152083,0.9532994,0.9823215,0.96409863,0.96437263,0.9720202,0.97085524,0.97602814,0.9666186,0.59567755,0.9617512,0.97378784,0.97084755,0.9473742,0.9702231,0.94280034,0.8529947,0.9684575,0.9474853,0.85788304,0.970426,0.96568626,0.96734405,0.9575049,0.9782977,0.97169816,0.9454218,0.9775542,0.97347003,0.9596888,0.9719035,0.9722795,0.96440035,0.97205013,0.97057664,0.98185307,0.9687575,0.9525294,0.95946133,0.9553867,0.9590065,0.9607257,0.97759765,0.979959,0.9753604,0.97197556,0.96543354,0.97484607,0.9609772,0.96177185,0.96526736,0.98354733,0.94326615,0.91095865,0.9825905,0.50484705,0.9324874,0.96876246,0.940617,0.93519205,0.9167658,0.9665281,0.96430224,0.9549766,0.9547187,0.9751553,0.96479094,0.94173163,0.9664838,0.95276034,0.9615176,0.9735321,0.9672119,0.97931534,0.9627366,0.9825905,0.9546776,0.94753045,0.979071,0.9782037,0.9746552,0.96320814,0.954851,0.92786264,0.9624863,0.9588438,0.9404233,0.97876537,0.9458972,0.96873844,0.9761908,0.9687373,0.96416116,0.91100425,0.97410417,0.79657257,0.97125715,0.92066276,0.97781205,0.982864,0.9931933,0.97043717,0.9702953,0.97994256,0.98289347,0.97331065,0.9686928,0.8976295,0.975744,0.98056257,0.9742153,0.94747853,0.9577418,0.94006974,0.9565277,0.95879894,0.9804787,0.93879044,0.94445914,0.9602458,0.96913207,0.9607164,0.9734908,0.9395093,0.987376,0.9696843,0.9744276,0.95531625,0.9356327,0.9687197,0.9591255,0.9461051,0.9735303,0.9618977,0.9768159,0.9657085,0.97900957,0.9039169,0.9775522,0.960952,0.948403,0.9737385,0.9625533,0.9578116,0.987376,0.9514584,0.95776737,0.9766354,0.95431316
47metersdown,0.97864074,0.9999999,0.9637838,0.96053374,0.95833546,0.932685,0.9791043,0.9678319,0.98423445,0.97697926,0.9332324,0.91978544,0.9819511,0.95981425,0.98028356,0.9744495,0.9780154,0.95917076,0.96092445,0.94563377,0.94759834,0.96261185,0.9593174,0.9782367,0.9610558,0.6175948,0.9702455,0.96105176,0.9696071,0.962393,0.96493113,0.95550686,0.85081196,0.95766425,0.9375324,0.8491652,0.96078354,0.9507074,0.97527313,0.9659838,0.9697344,0.96850353,0.9256281,0.9731792,0.97269404,0.95739156,0.96445036,0.9592552,0.9544412,0.97128874,0.97080094,0.9841458,0.9599512,0.944298,0.9513377,0.9479378,0.94995254,0.96198446,0.98517925,0.97422504,0.9741226,0.97797745,0.9686983,0.9656135,0.9643239,0.95908785,0.96219623,0.97940123,0.93615323,0.9294014,0.9741358,0.5445801,0.9379027,0.96641976,0.95029837,0.9338605,0.9038015,0.9724955,0.9711977,0.9554704,0.95040464,0.9712286,0.9476,0.92557395,0.96301615,0.9675028,0.9676188,0.9852441,0.9625221,0.96520334,0.9645836,0.9741358,0.958248,0.9510553,0.97088575,0.96904033,0.9628764,0.96375346,0.9354336,0.92819256,0.9556078,0.95418197,0.9375348,0.95900214,0.94985014,0.9705957,0.9709768,0.9656153,0.9576886,0.93855095,0.97558486,0.80753374,0.9715235,0.9238712,0.97253853,0.9763863,0.98014146,0.9587314,0.9709819,0.9622227,0.97248495,0.9785734,0.96354705,0.85466665,0.97157705,0.9804993,0.987461,0.9648778,0.96472347,0.9395418,0.9429246,0.9606663,0.9757741,0.93145317,0.9529843,0.96017927,0.97002125,0.958035,0.962563,0.94577056,0.98423445,0.976945,0.9703239,0.9430937,0.9117299,0.9640651,0.96169746,0.9363078,0.96819496,0.94043034,0.9826937,0.9587911,0.9735758,0.9124112,0.97048074,0.94633305,0.9465769,0.9680462,0.95977056,0.9540739,0.98423445,0.9608037,0.9577368,0.9647534,0.95301926
abeautifuldaymovie,0.9709985,0.9637838,0.9999998,0.9359713,0.947118,0.96827334,0.9645539,0.97889185,0.98286337,0.95922035,0.97652113,0.9240035,0.9626149,0.9480517,0.96583784,0.94840467,0.958181,0.94136584,0.95023155,0.96545684,0.9579267,0.9689338,0.974982,0.97878414,0.9459829,0.53051823,0.92426515,0.972129,0.9866251,0.9627816,0.93842673,0.93571097,0.89826214,0.9369443,0.9267245,0.7915336,0.9844839,0.9506444,0.97007823,0.9630695,0.97382885,0.94715536,0.90251464,0.9684333,0.9708237,0.96762806,0.9752604,0.9711375,0.91569585,0.95982265,0.9911054,0.9719599,0.9505265,0.9436873,0.9599946,0.9537193,0.9604598,0.9651496,0.9633734,0.9661234,0.96735066,0.9549118,0.9664254,0.97068155,0.938438,0.9425862,0.9723185,0.95794606,0.9741028,0.8851801,0.9754985,0.51530653,0.92918795,0.97438437,0.9426139,0.91847336,0.8735388,0.9224815,0.93796146,0.9693898,0.9803311,0.9430697,0.95084524,0.9228414,0.9685448,0.9450661,0.946542,0.9649326,0.9649644,0.97508657,0.9286477,0.9754985,0.93972236,0.94335955,0.9912515,0.96251535,0.977672,0.97116286,0.91362023,0.94201255,0.9737674,0.9483497,0.9776088,0.971549,0.9511919,0.99075943,0.9652073,0.9671813,0.96072376,0.9242994,0.9693687,0.7737939,0.97676617,0.8854166,0.9851648,0.97577417,0.9714427,0.9582389,0.97113305,0.9590321,0.9657395,0.9745983,0.9611367,0.92128104,0.96948594,0.9654486,0.9713201,0.9602734,0.9461615,0.91,0.9643365,0.95845884,0.9645666,0.91052663,0.9565338,0.9623005,0.9343964,0.9292236,0.951768,0.94470495,0.98286337,0.96254164,0.9580374,0.93870366,0.904864,0.9731283,0.9471336,0.90147775,0.96799576,0.9619591,0.96772057,0.97289586,0.9655268,0.88045967,0.9610991,0.9275704,0.973368,0.972707,0.95504165,0.96783584,0.98286337,0.9131461,0.96045953,0.97907275,0.9860052
abominablemovie,0.9698037,0.96053374,0.9359713,0.99999994,0.95219475,0.8987106,0.97615176,0.9494546,0.9691554,0.96951807,0.9227287,0.87797713,0.9761263,0.96167964,0.9692185,0.9358715,0.9563191,0.9403353,0.9591214,0.95600545,0.93866116,0.9680574,0.95318073,0.95959663,0.9719906,0.59770936,0.97658503,0.9610943,0.9464934,0.9290486,0.94758385,0.94853055,0.85300946,0.97598475,0.9352568,0.8867216,0.9433877,0.9680369,0.9430563,0.9411999,0.9549229,0.97008574,0.92658985,0.96513444,0.95231897,0.94900554,0.9545255,0.9486447,0.96794534,0.9607202,0.94226474,0.9743552,0.95651156,0.9203359,0.95431095,0.9383756,0.9328917,0.9589659,0.97389764,0.9551642,0.94438654,0.9722327,0.9616149,0.9421206,0.9715646,0.97729474,0.9229839,0.9739886,0.91984123,0.90721744,0.95210403,0.49489623,0.9045044,0.9554321,0.9268478,0.91227955,0.8784133,0.9624823,0.9688669,0.92005026,0.9313573,0.98194814,0.93628484,0.94030863,0.93750864,0.9255531,0.9460728,0.966956,0.9311873,0.9458424,0.9709842,0.95210403,0.9576227,0.9514545,0.9422959,0.97426635,0.9548847,0.9395223,0.9522997,0.9201414,0.9348829,0.95107436,0.9045178,0.9491208,0.92869973,0.9336433,0.94188046,0.92605597,0.9186512,0.9109052,0.9681764,0.8579419,0.9510129,0.9419709,0.9551435,0.94553125,0.969541,0.96044314,0.9599202,0.97568756,0.96162885,0.9596025,0.95246255,0.8252877,0.95541626,0.97257775,0.9565009,0.9387466,0.94931394,0.90268135,0.9280646,0.9365053,0.95584804,0.94779265,0.93898636,0.9525715,0.9461409,0.9619734,0.9462058,0.9397682,0.9691554,0.95605636,0.9528069,0.92234397,0.9307141,0.9586219,0.9627009,0.94406873,0.94402146,0.9268156,0.95238906,0.9526201,0.95137304,0.8871563,0.9524772,0.91616744,0.91006035,0.9549328,0.9496621,0.91869116,0.9691554,0.95456296,0.9606441,0.9622148,0.919326
adastramovie,0.9575888,0.95833546,0.947118,0.95219475,0.99999994,0.9234295,0.9671433,0.96946687,0.9784521,0.9747386,0.936612,0.9349577,0.96504045,0.9596524,0.96813124,0.95507956,0.9596475,0.9890054,0.96686614,0.95739585,0.92785716,0.96450084,0.94616723,0.9633417,0.9637657,0.64937437,0.96745497,0.9572677,0.95734495,0.93686545,0.97113276,0.9598435,0.8304921,0.9490072,0.94635,0.85137254,0.96681255,0.9286288,0.9723474,0.96179605,0.9410191,0.95468557,0.9318049,0.95423275,0.94268054,0.9587559,0.95026803,0.95744187,0.96454406,0.9593438,0.96095693,0.97481483,0.9552971,0.92863345,0.97142065,0.98172253,0.9575156,0.9615367,0.95379615,0.985058,0.9586245,0.9818539,0.9627637,0.9691041,0.9661913,0.9670073,0.95186305,0.9574811,0.9282424,0.9011733,0.97913575,0.53111804,0.9256196,0.9560893,0.95136523,0.9288768,0.87507355,0.9332757,0.9483724,0.9719253,0.9488205,0.9530363,0.96429646,0.92828226,0.9678292,0.952135,0.93142235,0.9674602,0.95522517,0.9624294,0.96693015,0.97913575,0.95693874,0.9696912,0.9636109,0.97011644,0.9492809,0.9578715,0.9588319,0.9182915,0.94805735,0.9735711,0.92190236,0.9586652,0.94528824,0.9582756,0.96855426,0.97027326,0.9357132,0.935868,0.95528543,0.85027003,0.9447697,0.93332946,0.9527194,0.9401643,0.9499944,0.94635314,0.9804642,0.9484204,0.9588592,0.9556364,0.9754178,0.8523603,0.97860605,0.9680029,0.9709934,0.95563906,0.98252165,0.92204666,0.9555368,0.9777871,0.9636394,0.9269397,0.95031255,0.962882,0.94566166,0.9440035,0.97523975,0.9615472,0.9784521,0.96392393,0.9597528,0.9431798,0.9419344,0.963233,0.9566224,0.9508405,0.95556843,0.9296962,0.96901834,0.945779,0.97770715,0.87815493,0.94775844,0.95834666,0.93183637,0.96955687,0.9797608,0.94416356,0.9784521,0.9570525,0.96414524,0.9467543,0.95808846
adogsjourneymovie,0.94375765,0.932685,0.96827334,0.8987106,0.9234295,0.9999999,0.94656754,0.95872337,0.9661093,0.9314146,0.97068065,0.9604861,0.943671,0.94970095,0.93957114,0.9278304,0.94370824,0.93993735,0.93033284,0.9514969,0.9667531,0.9390833,0.9763221,0.9614756,0.93001765,0.6086467,0.88851416,0.9477736,0.9731069,0.9313407,0.92145103,0.92789143,0.9028906,0.9308916,0.88916135,0.802801,0.9559377,0.943206,0.94741267,0.9540037,0.9404228,0.9260397,0.8971009,0.93869334,0.93833476,0.9696979,0.9698885,0.97431934,0.88442695,0.9357592,0.97273743,0.9378125,0.9290209,0.93825847,0.94141006,0.93942076,0.9528911,0.958282,0.9196175,0.93775415,0.9425884,0.939713,0.9408338,0.9594424,0.88437456,0.9012689,0.95568115,0.9305131,0.96956867,0.89495915,0.94558,0.47735205,0.9326683,0.9629451,0.910548,0.91994256,0.8902762,0.89898515,0.90503013,0.93778026,0.9588795,0.9183066,0.9426854,0.89812726,0.95450133,0.9476238,0.9389676,0.9388923,0.95154285,0.96982265,0.9005343,0.94558,0.91392136,0.9071225,0.96518975,0.9383381,0.96377456,0.97603655,0.91232413,0.9428409,0.9678764,0.936503,0.9624836,0.95511377,0.96124464,0.9710504,0.9580692,0.9490126,0.94301397,0.9171854,0.9351246,0.75494033,0.9565861,0.83826977,0.9666248,0.9643274,0.95273185,0.930504,0.9442962,0.9404297,0.94290525,0.9547334,0.9474425,0.9697508,0.95863026,0.9395695,0.94311756,0.9202254,0.9203615,0.8783048,0.9542251,0.9613244,0.9398115,0.89492023,0.95591074,0.9377943,0.9160349,0.9034789,0.9321462,0.9496837,0.9661093,0.94297034,0.9567726,0.93952674,0.8949788,0.95907825,0.93280804,0.8763862,0.95361066,0.9683845,0.9378778,0.9453939,0.9513979,0.8380536,0.9470803,0.8967217,0.9627951,0.96256334,0.9352144,0.95345473,0.9661093,0.8825869,0.94862115,0.97059387,0.96349466
aftermathmovie,0.9879469,0.9791043,0.9645539,0.97615176,0.9671433,0.94656754,1.0000001,0.97879,0.99131066,0.97215533,0.9466378,0.9356655,0.979067,0.97686666,0.981491,0.971703,0.98672783,0.9626269,0.97570944,0.9593617,0.9668077,0.9743261,0.9701326,0.9846187,0.97401303,0.63222665,0.9664242,0.97920746,0.97005534,0.9527282,0.9712037,0.9612545,0.85267186,0.9794422,0.9400234,0.8833221,0.9678055,0.9625312,0.9779421,0.9721112,0.9753688,0.9815637,0.9409666,0.9804485,0.9778203,0.9643958,0.970762,0.97494245,0.97014,0.9803224,0.9724574,0.98949564,0.9752303,0.9578094,0.97143173,0.95707405,0.9695892,0.96883696,0.97336143,0.980062,0.9713238,0.9803359,0.98275787,0.9770084,0.9650837,0.9655096,0.9570392,0.99020785,0.9561153,0.9354299,0.98238796,0.5163957,0.9413478,0.97004247,0.94979537,0.94149,0.9127984,0.96767014,0.96890324,0.96304196,0.95885426,0.9772185,0.9628742,0.943378,0.9718276,0.96809554,0.95780116,0.97705394,0.97313815,0.9700074,0.9768938,0.98238796,0.9720412,0.9682984,0.9733562,0.97727585,0.97982854,0.9685725,0.9733658,0.93686455,0.9595894,0.96535695,0.9318323,0.9736618,0.9526322,0.9716669,0.98170185,0.9667438,0.9623154,0.9305632,0.9708709,0.8208427,0.9742369,0.93983454,0.9737825,0.9737816,0.98968726,0.9685923,0.97422665,0.99019855,0.9764797,0.97604537,0.9788816,0.8938389,0.98409754,0.9828735,0.97790515,0.9534497,0.95982206,0.9289072,0.9646247,0.96368676,0.9873733,0.9649429,0.95453006,0.96979886,0.97317165,0.9744549,0.9802538,0.95353097,0.99131066,0.9766225,0.9678354,0.96626776,0.9504976,0.97893816,0.97509605,0.94629997,0.9783343,0.95654076,0.9870683,0.96541876,0.9858359,0.8952732,0.97412056,0.9547567,0.9478929,0.9764987,0.97789496,0.9525627,0.99131066,0.95782334,0.97106224,0.9725391,0.95114124
aftermovie,0.9727872,0.9678319,0.97889185,0.9494546,0.96946687,0.95872337,0.97879,0.99999994,0.98687476,0.968921,0.96275586,0.938181,0.9728674,0.953249,0.97191054,0.95593584,0.97014797,0.96532696,0.96671826,0.9616086,0.9525813,0.9724692,0.9690827,0.97340816,0.9531857,0.5818409,0.9386474,0.9716479,0.97653776,0.9531217,0.9597274,0.9456467,0.8760535,0.9525549,0.93368894,0.8208991,0.9779104,0.9580682,0.976964,0.9746071,0.9719401,0.95862514,0.92636967,0.96357334,0.976959,0.9634291,0.96927303,0.975724,0.93906736,0.9647059,0.98003805,0.97356504,0.9498166,0.93279755,0.9747948,0.95901424,0.959429,0.96933395,0.9632698,0.9810799,0.9710408,0.9699778,0.97646695,0.98097515,0.94967043,0.9472019,0.9598847,0.9593101,0.9641943,0.8976991,0.97569335,0.48696253,0.9325953,0.96022516,0.94312334,0.9261544,0.8905995,0.94397163,0.9565989,0.9667862,0.96773255,0.9599415,0.96843797,0.92061114,0.9730747,0.95731765,0.9503515,0.96768343,0.9604836,0.9757603,0.96057516,0.97569335,0.9489426,0.961582,0.97775006,0.97153336,0.97251487,0.9710321,0.9453522,0.9355822,0.957525,0.9660072,0.9477535,0.97040594,0.9621217,0.97830856,0.97163284,0.96786964,0.96001035,0.9180595,0.9667079,0.8215056,0.98383176,0.91289854,0.9836539,0.97311306,0.97023106,0.9537507,0.9773636,0.9695426,0.96961004,0.9757311,0.96553415,0.9099283,0.9834875,0.96979076,0.9724972,0.9621695,0.9655125,0.92852414,0.9620443,0.97136575,0.9681816,0.91824794,0.95631665,0.9719163,0.94881076,0.94059414,0.9660422,0.9497694,0.98687476,0.96138674,0.96171623,0.95742476,0.93834686,0.96700084,0.9598601,0.928779,0.97511446,0.9514111,0.97412133,0.97120166,0.9741704,0.89019734,0.9748002,0.935959,0.96062124,0.9703888,0.98481375,0.97901964,0.98687476,0.94852567,0.9731175,0.97540367,0.9709488
ahiddenlifefilm,0.987376,0.98423445,0.98286337,0.9691554,0.9784521,0.9661093,0.99131066,0.98687476,1.0,0.9853225,0.9696905,0.9493265,0.98826724,0.9816161,0.9860089,0.9732063,0.98451287,0.97623664,0.97645795,0.9740513,0.97075975,0.9831439,0.98371637,0.9905135,0.9787431,0.6184863,0.96720207,0.9808864,0.98899955,0.9663038,0.9753956,0.9705759,0.8821428,0.97381556,0.9505299,0.86637753,0.9848331,0.9662844,0.98632914,0.982724,0.97652936,0.9758456,0.93776417,0.98139983,0.97885,0.9808462,0.985764,0.98637176,0.96274364,0.97921973,0.99005204,0.9924052,0.9782994,0.9627607,0.97788435,0.97672796,0.9737357,0.98242617,0.9808856,0.98648,0.9820151,0.98718476,0.9848337,0.98641247,0.96715534,0.9712226,0.9777322,0.9847494,0.9682104,0.9325852,0.9886564,0.5231236,0.95390356,0.9849337,0.96288127,0.9432576,0.9083609,0.9597847,0.97061133,0.9734863,0.97583723,0.9730089,0.97321075,0.9476863,0.9850246,0.9757577,0.9696528,0.98814934,0.980474,0.98599935,0.9705617,0.9886564,0.96673924,0.96964544,0.9887278,0.98411596,0.9864361,0.9843504,0.959648,0.95387495,0.976439,0.97626287,0.9631413,0.983718,0.97066396,0.9881114,0.9872031,0.9820099,0.97011274,0.94680464,0.9814557,0.82643497,0.9802823,0.9280896,0.9852741,0.9827297,0.9888692,0.9744831,0.98765385,0.98095685,0.9859675,0.9872527,0.9856783,0.9078742,0.9910325,0.9867533,0.98947066,0.9686609,0.9705045,0.93369865,0.9753007,0.9806386,0.9843471,0.9466886,0.9713374,0.97890925,0.9685722,0.96398073,0.97939414,0.9699534,1.0,0.9849744,0.9818219,0.9673165,0.94533646,0.9873879,0.97383237,0.94488525,0.98347145,0.9684311,0.986403,0.9729774,0.98769784,0.9008978,0.9780144,0.95442545,0.9661691,0.9862252,0.98127556,0.96686685,1.0,0.9556223,0.98243743,0.9845322,0.9777302
alitamovie,0.9636975,0.97697926,0.95922035,0.96951807,0.9747386,0.9314146,0.97215533,0.968921,0.9853225,0.99999994,0.94706464,0.92944586,0.9817439,0.9708855,0.96686006,0.9573486,0.9618901,0.9689711,0.95779246,0.95383143,0.9361999,0.9709645,0.96548057,0.96976966,0.96805036,0.5877538,0.97791785,0.9558912,0.9698553,0.96522903,0.9629384,0.9692882,0.8844078,0.96052754,0.94063234,0.8654453,0.9717504,0.9543464,0.9677095,0.97090566,0.9552192,0.95313334,0.90544635,0.96077245,0.96874994,0.96232265,0.97213155,0.96429485,0.956366,0.95684475,0.9712947,0.9843327,0.9661767,0.94772446,0.97644717,0.97248083,0.9427268,0.9766898,0.9838054,0.97095364,0.9672417,0.9778494,0.97343194,0.9729276,0.97063065,0.9782373,0.95830554,0.9717973,0.94319713,0.927154,0.9660944,0.5495618,0.9406968,0.9656362,0.9572109,0.92291147,0.8860757,0.9536405,0.975466,0.95317274,0.9578376,0.97441834,0.9564772,0.92511255,0.9685492,0.9598704,0.96951014,0.9866363,0.9612835,0.97166413,0.97067773,0.9660944,0.9450582,0.964584,0.96834004,0.9770075,0.9577358,0.9671774,0.94036627,0.9384259,0.94993585,0.96187085,0.94722074,0.96216244,0.96545726,0.96991843,0.96650416,0.96676654,0.9396886,0.94921124,0.9742927,0.8504875,0.9713132,0.924793,0.9719117,0.9599873,0.96388674,0.96433824,0.9803817,0.96216446,0.9749835,0.9784094,0.9766315,0.84826654,0.9750954,0.9768295,0.9845735,0.969017,0.96289444,0.9122928,0.95080596,0.9656993,0.95979494,0.9258874,0.96865445,0.9735902,0.94793737,0.95498455,0.9524334,0.9642083,0.9853225,0.9752985,0.9658993,0.9512362,0.9324475,0.9721349,0.9711111,0.9365841,0.96516746,0.9280141,0.973033,0.9453282,0.96875864,0.910537,0.9590077,0.93110704,0.9531338,0.9638473,0.9714754,0.9539007,0.9853225,0.96468973,0.97803116,0.96864974,0.96212876
angelhasfallen,0.9480308,0.9332324,0.97652113,0.9227287,0.936612,0.97068065,0.9466378,0.96275586,0.9696905,0.94706464,1.0,0.9230263,0.95587784,0.9642623,0.9469243,0.9206568,0.9339761,0.9427545,0.9316291,0.96093804,0.96717215,0.9497598,0.9784578,0.9656801,0.94667494,0.53690237,0.90447575,0.9650458,0.976379,0.9457613,0.9151413,0.93460745,0.9294301,0.93496203,0.91761446,0.80529183,0.97572935,0.95366216,0.9508929,0.9506786,0.92819685,0.93758106,0.89171356,0.9508622,0.94010043,0.9712708,0.97355396,0.98239225,0.89663655,0.94241357,0.9720988,0.95456046,0.9469217,0.93961537,0.9525404,0.9501956,0.95464885,0.9672175,0.932537,0.93608403,0.9406295,0.94993407,0.9466262,0.9588524,0.9028055,0.92102605,0.96464515,0.9373788,0.9890671,0.86462253,0.9446113,0.45573387,0.9254573,0.9817006,0.9279545,0.89789647,0.8645687,0.89605814,0.9188183,0.9453012,0.9818288,0.92306435,0.9540135,0.9299693,0.95907694,0.93524194,0.9415869,0.95403504,0.93956524,0.9687103,0.8996942,0.9446113,0.91128284,0.9244465,0.9685876,0.9584883,0.97057337,0.96678376,0.91453934,0.9619747,0.97195375,0.948134,0.97522557,0.9548378,0.9578786,0.9699443,0.9483925,0.9487221,0.9346018,0.93010813,0.9659469,0.77424955,0.9601547,0.88069475,0.9712478,0.9725078,0.9558436,0.9406317,0.9518196,0.95312387,0.94459987,0.9639501,0.9402141,0.9263593,0.95223564,0.93974006,0.9436896,0.91601413,0.92478913,0.87478375,0.9793001,0.95513517,0.93708515,0.9028847,0.9636743,0.95881957,0.91318136,0.90435123,0.9229606,0.96365577,0.9696905,0.9396553,0.95918095,0.9203634,0.9058829,0.9743443,0.92757833,0.8808454,0.9499107,0.9614747,0.9412684,0.96238965,0.95256054,0.8466008,0.9441094,0.8799908,0.9692798,0.9646098,0.9433609,0.9570501,0.9696905,0.8773153,0.96738493,0.97434384,0.97485846
angrybirdsmovie,0.9186122,0.91978544,0.9240035,0.87797713,0.9349577,0.9604861,0.9356655,0.938181,0.9493265,0.92944586,0.9230263,1.0000002,0.9188023,0.9410232,0.909538,0.92367584,0.9302892,0.9537857,0.9199663,0.9005701,0.9201686,0.9202089,0.93005025,0.937034,0.9180294,0.6734958,0.8874296,0.91328627,0.93696594,0.9118913,0.9388967,0.93940705,0.83850884,0.9152582,0.889461,0.8383826,0.92691463,0.89856625,0.92914724,0.9498543,0.90473944,0.92090064,0.90126604,0.92886055,0.9180329,0.95149034,0.9268953,0.9491229,0.89209896,0.9349887,0.9488905,0.9247656,0.91234577,0.9115322,0.9431759,0.94045615,0.93716633,0.9513553,0.90649176,0.9415126,0.92587113,0.932462,0.93492895,0.94640356,0.88588476,0.9031462,0.94225496,0.92332387,0.92517304,0.8964347,0.9393218,0.46106192,0.92308664,0.93170506,0.91000867,0.90638494,0.87503767,0.8954705,0.90400857,0.9316388,0.92616796,0.8998659,0.94170225,0.8818439,0.9544067,0.9579369,0.92270744,0.92279816,0.95729554,0.95265937,0.9098975,0.9393218,0.91399467,0.9028584,0.9397553,0.9184854,0.931133,0.9497329,0.9254759,0.8955961,0.93567586,0.93822116,0.92031753,0.934294,0.9605312,0.9466109,0.9380301,0.9422857,0.9089333,0.93007475,0.91091686,0.7831549,0.9329674,0.8517334,0.93209296,0.9303155,0.92607313,0.9151586,0.9413307,0.9190264,0.91596204,0.94510376,0.9527288,0.9176366,0.94564044,0.93705016,0.925543,0.90851045,0.9149025,0.89220923,0.92799956,0.94825387,0.92818886,0.8741582,0.957759,0.9211822,0.9100427,0.9001409,0.94472957,0.9461181,0.9493265,0.94119877,0.93761563,0.9449054,0.9145764,0.93866676,0.9263101,0.88938725,0.9284288,0.93907773,0.9304028,0.91061234,0.9483641,0.82044727,0.92488253,0.9079957,0.92044896,0.95186454,0.94418937,0.9328703,0.9493265,0.8866879,0.93024206,0.9242955,0.9389017
annabellemovie,0.98286366,0.9819511,0.9626149,0.9761263,0.96504045,0.943671,0.979067,0.9728674,0.98826724,0.9817439,0.95587784,0.9188023,0.99999994,0.97416055,0.98624474,0.9602567,0.9729376,0.96813905,0.97782373,0.97404814,0.9630787,0.97210157,0.97805125,0.9725228,0.97877127,0.60575277,0.9701868,0.9642868,0.97687274,0.9501083,0.96692246,0.9540444,0.8907926,0.97405976,0.9440647,0.86551714,0.96675813,0.9763772,0.9669534,0.96256775,0.96614414,0.9687971,0.9382936,0.9715756,0.969752,0.9713036,0.981955,0.97569674,0.96110517,0.96929806,0.96700686,0.98192126,0.96870893,0.94775766,0.9598163,0.9604766,0.9487991,0.97095484,0.9805815,0.9732473,0.9742751,0.98317456,0.9668767,0.974419,0.9608255,0.97138715,0.9635606,0.9749777,0.9465117,0.9306702,0.96972364,0.51127374,0.93450147,0.9766026,0.94330806,0.92441714,0.90288234,0.969955,0.97723764,0.93636656,0.9563903,0.98007554,0.96777225,0.9420126,0.96545154,0.95340365,0.97558874,0.9895067,0.95949817,0.9820504,0.9637956,0.96972364,0.9517998,0.9508091,0.96779835,0.9795619,0.9707256,0.9698012,0.95325273,0.9503613,0.9614814,0.9678889,0.94136196,0.9736555,0.9643714,0.9618908,0.96898216,0.96419144,0.9532495,0.9224686,0.98523146,0.8350269,0.971887,0.91637033,0.97736394,0.97752386,0.9824328,0.96114427,0.97631156,0.97262245,0.9873984,0.9789358,0.96558964,0.877726,0.97246146,0.97853273,0.9806423,0.9519804,0.9599573,0.9321436,0.95620173,0.96675557,0.9622641,0.93675154,0.956647,0.9630471,0.96252644,0.949208,0.9572114,0.9606672,0.98826724,0.9664607,0.9826035,0.9504789,0.9396952,0.97286546,0.9593493,0.94186646,0.97213453,0.9563119,0.9656983,0.96377975,0.96701914,0.91143405,0.97371274,0.9364502,0.9516631,0.9710808,0.9630504,0.9537992,0.98826724,0.9614287,0.98287255,0.9823839,0.9558215
annamovie,0.96239763,0.95981425,0.9480517,0.96167964,0.9596524,0.94970095,0.97686666,0.953249,0.9816161,0.9708855,0.9642623,0.9410232,0.97416055,1.0,0.9612273,0.95272243,0.96879065,0.96330065,0.9503561,0.94919133,0.9672064,0.95825803,0.97785246,0.9790849,0.98149633,0.6517249,0.96110654,0.9711541,0.9682395,0.95118845,0.9526794,0.96925515,0.8805186,0.97700906,0.9292755,0.899415,0.96477664,0.9607837,0.9632263,0.968358,0.9314179,0.970365,0.91247416,0.96817696,0.9444573,0.9759925,0.97612,0.98223054,0.95294416,0.96696323,0.96400905,0.98056877,0.97185206,0.96397835,0.9677173,0.96533734,0.9679329,0.9745784,0.9525887,0.95290303,0.9439798,0.98137504,0.9656355,0.9638176,0.94468486,0.9561235,0.96597236,0.9787414,0.965636,0.93939483,0.9591241,0.48259357,0.95577484,0.98363847,0.94843847,0.9271151,0.8984145,0.936429,0.9560196,0.94584674,0.9676392,0.9520648,0.95227915,0.9464625,0.9653904,0.96883166,0.95352554,0.978786,0.9627066,0.9665119,0.95135134,0.9591241,0.94916886,0.95590043,0.9628498,0.96713394,0.9701235,0.97372705,0.9623559,0.96699136,0.9690669,0.96549946,0.9385376,0.9620023,0.9638951,0.9616053,0.967053,0.9579603,0.9405914,0.958832,0.9729629,0.8067355,0.9529665,0.9290658,0.9605477,0.96338665,0.97254384,0.9570968,0.9693269,0.97732216,0.95723563,0.97359943,0.9698022,0.88843393,0.9700531,0.96722114,0.9657396,0.9241508,0.9400835,0.8899535,0.97384167,0.9648803,0.96872425,0.9599281,0.97023433,0.9687291,0.9510846,0.95423615,0.95509654,0.9757858,0.9816161,0.9698298,0.96820396,0.9512159,0.93365365,0.9900232,0.9636632,0.92070115,0.96187276,0.9611414,0.9656845,0.95103216,0.97672886,0.8589331,0.9485729,0.9158989,0.94947505,0.9731472,0.9614786,0.9360755,0.9816161,0.9252633,0.9807949,0.96900475,0.9483203
apollo11movie,0.9866293,0.98028356,0.96583784,0.9692185,0.96813124,0.93957114,0.981491,0.97191054,0.9860089,0.96686006,0.9469243,0.909538,0.98624474,0.9612273,0.99999994,0.95535827,0.98001415,0.96907514,0.97628325,0.9797212,0.9707988,0.971668,0.9691599,0.9789162,0.965823,0.5856542,0.9655211,0.980847,0.9716422,0.94469994,0.9658011,0.9443225,0.8547464,0.9631647,0.94822836,0.8513149,0.9699767,0.96310014,0.98170555,0.9559063,0.977905,0.97033143,0.94892156,0.97589666,0.9640831,0.96961707,0.97134066,0.9705765,0.96856195,0.9739945,0.97044295,0.98133206,0.95910466,0.93561846,0.9568962,0.95495856,0.9594817,0.95705235,0.9709499,0.979924,0.9729916,0.98018175,0.96119076,0.96699566,0.95906025,0.9615361,0.95606333,0.97707564,0.9374246,0.91545355,0.9771251,0.547287,0.9226449,0.9739937,0.9423644,0.9242247,0.89663273,0.9537259,0.951394,0.95441145,0.954926,0.97420514,0.96077865,0.9321425,0.96445787,0.9458269,0.9610257,0.97641116,0.95173496,0.9727963,0.9636307,0.9771251,0.96453106,0.9488347,0.972313,0.98115134,0.9677646,0.9685912,0.95529836,0.93953073,0.971861,0.9627793,0.9362319,0.9616207,0.95076483,0.9687195,0.97769296,0.96351016,0.9460833,0.91150206,0.97279954,0.8233714,0.9641748,0.91886455,0.97227156,0.97460026,0.98413885,0.9619146,0.9714754,0.9664006,0.9794489,0.9694129,0.95660657,0.88019186,0.97518647,0.98199683,0.97773844,0.9493425,0.97236735,0.9457065,0.9577458,0.97009015,0.9740242,0.939799,0.9424993,0.9575172,0.97170115,0.9579686,0.9656904,0.9556355,0.9860089,0.9682805,0.9856865,0.93742293,0.9293867,0.9688399,0.9512891,0.9518689,0.96597534,0.96365035,0.97362894,0.9729156,0.976357,0.91042405,0.98070055,0.9524024,0.9444766,0.9730689,0.9602484,0.9536766,0.9860089,0.9564233,0.96055764,0.9776213,0.9626822
arcticdogsmovie,0.97193915,0.9744495,0.94840467,0.9358715,0.95507956,0.9278304,0.971703,0.95593584,0.9732063,0.9573486,0.9206568,0.92367584,0.9602567,0.95272243,0.95535827,0.9999998,0.96813786,0.9458763,0.9577932,0.92144436,0.92723346,0.93950987,0.94372815,0.9651262,0.95912045,0.67180383,0.95158464,0.94038606,0.952244,0.9482222,0.9658131,0.9432865,0.8094481,0.94712895,0.9199716,0.83630866,0.9513676,0.9199658,0.9599819,0.9608563,0.9481148,0.9559133,0.9119741,0.95369416,0.95266795,0.93809986,0.94800353,0.9467153,0.94300157,0.9516571,0.9531352,0.9733115,0.961256,0.95693487,0.94212943,0.9461067,0.93996495,0.9530693,0.9670223,0.9635993,0.9653112,0.96719867,0.9546946,0.9709853,0.9558038,0.9494726,0.9615803,0.96923244,0.9291143,0.92559814,0.973737,0.5335481,0.93758124,0.94832283,0.9406288,0.9496304,0.9168891,0.95696276,0.96485,0.9577754,0.9418803,0.94656175,0.9504336,0.91939896,0.9482641,0.9647275,0.93662125,0.9720527,0.9708246,0.9574212,0.95671487,0.973737,0.94366163,0.9529173,0.96044064,0.95361096,0.9526711,0.94935274,0.93861955,0.90250874,0.93771756,0.95091456,0.91700745,0.96639013,0.9197235,0.9569479,0.96764326,0.978053,0.96973276,0.9340982,0.94819945,0.76103395,0.9530428,0.90896654,0.95726573,0.95692724,0.96585685,0.94447464,0.9592488,0.9555364,0.9628766,0.9566117,0.9689131,0.87263894,0.9709197,0.9623601,0.97517914,0.9420085,0.9512466,0.9177367,0.9433338,0.9509012,0.97126794,0.9275578,0.94229305,0.95459783,0.96268207,0.94649655,0.96545386,0.92243433,0.9732063,0.9584002,0.94688815,0.95905125,0.92242557,0.9526112,0.95089257,0.92548,0.96718425,0.9265092,0.9772853,0.9276753,0.974309,0.89218843,0.9452136,0.9610563,0.94523466,0.9581216,0.9658334,0.9437578,0.9732063,0.95261925,0.9423653,0.9431907,0.9272237
arcticmovie,0.98152083,0.9780154,0.958181,0.9563191,0.9596475,0.94370824,0.98672783,0.97014797,0.98451287,0.9618901,0.9339761,0.9302892,0.9729376,0.96879065,0.98001415,0.96813786,1.0000001,0.95776165,0.96255565,0.9488614,0.9625796,0.96834713,0.96775514,0.9825245,0.9595114,0.6283164,0.9609987,0.97609144,0.972141,0.944616,0.968801,0.94600606,0.83446217,0.9757471,0.925538,0.86226934,0.9662655,0.95728743,0.9808439,0.9740573,0.96931726,0.96649516,0.9225723,0.96726006,0.9713728,0.95465213,0.9715031,0.9704102,0.95660067,0.966779,0.9724078,0.9813694,0.95503646,0.9591942,0.9586075,0.9569154,0.9688469,0.9517399,0.96041626,0.97277707,0.9639247,0.9705198,0.9753877,0.9718373,0.9627706,0.9517259,0.95309204,0.98583853,0.942945,0.9458916,0.9791376,0.48562694,0.9546688,0.96105105,0.9493819,0.927037,0.9164953,0.9532189,0.9582125,0.95406234,0.950702,0.96460754,0.9486867,0.9261103,0.9655213,0.9694458,0.9510127,0.9679071,0.9649963,0.9680032,0.9631166,0.9791376,0.95198625,0.96198463,0.9754398,0.96242166,0.96883744,0.9788504,0.9561459,0.9453944,0.9630018,0.95611876,0.93285054,0.97335035,0.9484939,0.9721047,0.9822771,0.9659528,0.96691847,0.9125689,0.9604556,0.79397094,0.96318525,0.92073804,0.96511054,0.9684423,0.98539454,0.95791227,0.9744204,0.9686152,0.9733043,0.9653556,0.9699577,0.89795667,0.98716694,0.9822239,0.9812932,0.95309335,0.95557636,0.93385166,0.9521953,0.9665409,0.9909748,0.9625995,0.9394352,0.95929456,0.9814395,0.9607918,0.9749613,0.9344713,0.98451287,0.97782344,0.9632268,0.9637556,0.9226788,0.9745606,0.9553296,0.93531007,0.97626096,0.96097565,0.9765059,0.9511613,0.98301595,0.8704439,0.970035,0.9551511,0.9393512,0.9634626,0.96741104,0.9503727,0.98451287,0.95611006,0.96284115,0.9650596,0.9503413
artofracingmovie,0.9532994,0.95917076,0.94136584,0.9403353,0.9890054,0.93993735,0.9626269,0.96532696,0.97623664,0.9689711,0.9427545,0.9537857,0.96813905,0.96330065,0.96907514,0.9458763,0.95776165,0.9999999,0.96776676,0.9565029,0.93780774,0.9581098,0.9521979,0.963163,0.9601658,0.6594985,0.95546854,0.953525,0.9598848,0.9303409,0.96968096,0.96096617,0.84521645,0.9464327,0.9434954,0.85395974,0.96137,0.93231845,0.96870965,0.96483856,0.93608075,0.9583457,0.94508743,0.95531726,0.93673366,0.9704425,0.9532379,0.96244013,0.9508581,0.96198636,0.9611527,0.9674607,0.9446052,0.9194072,0.9640311,0.9727793,0.9573065,0.9653912,0.9447332,0.97881275,0.9614946,0.98074186,0.95503324,0.9645051,0.9467346,0.95075303,0.9508184,0.95420927,0.93181616,0.89964956,0.971415,0.51701784,0.92048293,0.96333116,0.9399108,0.92402214,0.8853781,0.9376958,0.9419251,0.9573629,0.9511322,0.95092475,0.97185403,0.9270674,0.9644854,0.95699906,0.94301516,0.9638469,0.95029444,0.97035855,0.9503437,0.971415,0.9490591,0.9448133,0.95671326,0.9697923,0.94973105,0.9627163,0.96481746,0.921964,0.9572642,0.9772222,0.92813927,0.9494034,0.9569678,0.9563911,0.9633769,0.96642715,0.927461,0.9385019,0.95616126,0.8460835,0.94956064,0.91525453,0.95464295,0.9508185,0.94957036,0.9375032,0.97667,0.944136,0.95240426,0.95954466,0.9633803,0.87685776,0.97355956,0.9694398,0.96593463,0.9389761,0.9810825,0.9347889,0.95191014,0.9831423,0.95502377,0.9147445,0.9614008,0.95135,0.94676274,0.9355256,0.9674345,0.9732662,0.97623664,0.9626527,0.97393095,0.9379543,0.9386217,0.96087074,0.94531786,0.94962174,0.9545042,0.94292456,0.9607175,0.950705,0.97513765,0.87155235,0.9591641,0.9470677,0.9370322,0.97692055,0.9710291,0.951087,0.97623664,0.94556653,0.9629425,0.95097184,0.9606302
avengers,0.9823215,0.96092445,0.95023155,0.9591214,0.96686614,0.93033284,0.97570944,0.96671826,0.97645795,0.95779246,0.9316291,0.9199663,0.97782373,0.9503561,0.97628325,0.9577932,0.96255565,0.96776676,0.9999998,0.9620297,0.93528825,0.95413935,0.9587903,0.95584553,0.97239673,0.6380148,0.9559726,0.9493836,0.9533812,0.9300984,0.97537345,0.92958796,0.8429284,0.9457661,0.9272151,0.83425087,0.96017873,0.9435684,0.9553663,0.9489446,0.9674464,0.9622888,0.952816,0.964934,0.95586026,0.9583316,0.9615249,0.95001996,0.9555899,0.9658926,0.9502528,0.9685871,0.95122606,0.92686456,0.9571244,0.9520382,0.94477737,0.9532781,0.9583121,0.98341966,0.97847384,0.9730386,0.95468026,0.970093,0.9502861,0.96362,0.94957715,0.9620698,0.923881,0.9006414,0.9812665,0.54280686,0.89762074,0.9508017,0.9103605,0.9335112,0.87982494,0.9600254,0.95787007,0.94250715,0.9469501,0.9682,0.9770363,0.9217564,0.9487933,0.93560493,0.9495861,0.96342397,0.96342105,0.9772176,0.9595307,0.9812665,0.9532945,0.9320852,0.95914316,0.9689899,0.96053004,0.9440768,0.97217524,0.9113168,0.94693696,0.96906453,0.9108954,0.9720967,0.9366031,0.9480726,0.96245193,0.9697469,0.9472998,0.89453053,0.9655402,0.79072934,0.957575,0.8926607,0.9649357,0.95802027,0.965016,0.9330433,0.9727019,0.9709877,0.97402245,0.96152025,0.9668825,0.8887999,0.96897316,0.9683818,0.9653335,0.9313252,0.9607235,0.93899125,0.9431974,0.9615114,0.9605989,0.92728645,0.9366528,0.9480687,0.9480128,0.93175006,0.97032815,0.9431147,0.97645795,0.94784474,0.9665282,0.94767684,0.9500039,0.9538609,0.9446606,0.9382462,0.9699394,0.9468547,0.9653306,0.9576784,0.9695208,0.90643686,0.97232634,0.9696032,0.9428273,0.97298133,0.95912814,0.9490505,0.97645795,0.9582837,0.96066004,0.9585068,0.9444762
beachbummovie,0.96409863,0.94563377,0.96545684,0.95600545,0.95739585,0.9514969,0.9593617,0.9616086,0.9740513,0.95383143,0.96093804,0.9005701,0.97404814,0.94919133,0.9797212,0.92144436,0.9488614,0.9565029,0.9620297,1.0000001,0.96709543,0.9673978,0.9711947,0.9613151,0.95170265,0.5655907,0.9391426,0.9644993,0.9728232,0.92594904,0.9345621,0.93304807,0.8980252,0.9497847,0.930705,0.82778156,0.9630369,0.9619813,0.95979327,0.93988436,0.9626293,0.9415909,0.9291641,0.95031565,0.9481678,0.9667259,0.97198266,0.96504027,0.93600667,0.94613457,0.96254975,0.95931077,0.94921744,0.9293972,0.94847864,0.95603544,0.9539667,0.9532471,0.9483841,0.96262133,0.96034163,0.9616619,0.9457525,0.96062535,0.9302823,0.952915,0.9442214,0.9458858,0.94663984,0.89425725,0.95918727,0.5061811,0.90873176,0.96840066,0.9248838,0.916496,0.87423307,0.92547184,0.92881554,0.9355345,0.9465339,0.9600144,0.9567265,0.9279848,0.95596784,0.9183658,0.94441706,0.9588396,0.93819654,0.96647906,0.9332607,0.95918727,0.9408205,0.9317907,0.96258765,0.96857613,0.9615326,0.963069,0.93135405,0.9393097,0.9620298,0.9465242,0.9442107,0.9585772,0.94522274,0.9566189,0.9605732,0.94935685,0.93370575,0.8900406,0.9615786,0.8374921,0.951754,0.88505864,0.96504223,0.9571914,0.9644239,0.9455236,0.95787704,0.95076203,0.9736213,0.9480401,0.9512147,0.8942916,0.9590394,0.95649964,0.9564003,0.94005567,0.9533643,0.89817715,0.9568523,0.9663316,0.94249266,0.9203119,0.9352854,0.94249165,0.9325012,0.9236893,0.94332767,0.9548515,0.9740513,0.9478008,0.97085255,0.92787033,0.9275637,0.959416,0.94040835,0.923807,0.9571873,0.9544677,0.9433345,0.9594743,0.9486097,0.88198125,0.9547123,0.92384356,0.94222087,0.96077055,0.9402918,0.937948,0.9740513,0.92600065,0.9648504,0.9765608,0.961505
bernadettefilm,0.96437263,0.94759834,0.9579267,0.93866116,0.92785716,0.9667531,0.9668077,0.9525813,0.97075975,0.9361999,0.96717215,0.9201686,0.9630787,0.9672064,0.9707988,0.92723346,0.9625796,0.93780774,0.93528825,0.96709543,0.9999999,0.9507158,0.97507876,0.9736652,0.94436806,0.5657485,0.91587526,0.97611684,0.96687055,0.9276214,0.92451334,0.9307155,0.89205617,0.9620175,0.91557634,0.85410744,0.95247,0.96654207,0.96093285,0.93975616,0.94762397,0.94982994,0.917433,0.95822746,0.94685584,0.966783,0.9710988,0.98454195,0.92946935,0.954189,0.9628287,0.9562316,0.9525446,0.9454605,0.93724567,0.9313545,0.9599906,0.9487161,0.93522525,0.9374324,0.9356613,0.9513711,0.9462794,0.9522475,0.90429765,0.9204307,0.9481491,0.95828706,0.96349335,0.9118628,0.94268787,0.485172,0.9325731,0.97746503,0.9281429,0.90096515,0.89929616,0.91522956,0.915718,0.9305321,0.94992274,0.9413001,0.93752956,0.92487895,0.9584307,0.940967,0.9489001,0.95360965,0.9379365,0.9605057,0.9214657,0.94268787,0.93694824,0.92616946,0.95974916,0.95547223,0.96898156,0.9731757,0.9335095,0.9614927,0.97226155,0.93556213,0.9444432,0.94799,0.9561833,0.9616341,0.96598643,0.933796,0.93121225,0.90824056,0.9515154,0.78994,0.9509453,0.8920435,0.9599046,0.97502255,0.9797,0.9533286,0.9375453,0.9578092,0.9551271,0.95624715,0.9364861,0.9215426,0.95383686,0.9523038,0.9450585,0.91287446,0.92115015,0.89616793,0.97038734,0.94782543,0.95372605,0.93847877,0.939491,0.9431506,0.9502989,0.9368546,0.9345206,0.9543919,0.97075975,0.9473248,0.9723673,0.92801106,0.9089771,0.9700734,0.93560916,0.90470463,0.9465941,0.9747559,0.9467174,0.958544,0.9576736,0.8579963,0.9543136,0.8956868,0.94163704,0.9559231,0.9343255,0.9365134,0.97075975,0.89736915,0.95236653,0.97626716,0.95222706
