movie,21bridgesmovie,47metersdown,abeautifuldaymovie,abominablemovie,adastramovie,adogsjourneymovie,aftermathmovie,aftermovie,ahiddenlifefilm,alitamovie,angelhasfallen,angrybirdsmovie,annabellemovie,annamovie,apollo11movie,arcticdogsmovie,arcticmovie,artofracingmovie,avengers,beachbummovie,bernadettefilm,blackandbluemovie,blackchristmas,blindedbythelightmovie,bombshellmovie,booksmart,breakthroughmovie,brianbanksmovie,brightburnmovie,brittanyrunsmov,captainmarvelofficial,captivestatemovie,catsmovie,charliesangels,childsplaymovie,clarathefilm,coldpursuitmovie,countdown,currentwarmovie,darkwatersmovie,detectivepikachumovie,disneyaladdin,disneyfrozen,disneymaleficent,doctorsleepmovie,dolemiteismyname,dontletgomovie,doramovie,downtonabbey_official,dumbo,escaperoom,everybodyknowsmovie,fastandfuriousmovie,fightingwmyfam,fivefeetapartfilm,fordvferrari,freaksthefilm,geminimanmovie,glassmovie,gloriabellmovie,godzillamovie,goldfinchmovie,goodboysmovie,goodliarmovie,gretafilm,halathemovie,happydeathdaymovie,harrietfilm,hellboymovie,hersmellmovie,highlifemovie,highstrungmovie,honeyboymovie,hotelmumbaifilm,httydragon,hustlemovie,hustlersmovie,isntitromantic,itmovieofficial,jayandsilentbob,johnwickmovie,jojorabbitmovie,jokermovie,judythefilm,jumanjimovie,justmercyfilm,knivesout,lalloronamovie,lastblackmansf,lastchristmasthemovie,latenightmovie,lighthousemovie,lionking,littlethemovie,littlewomenmovie,littlewoodsfilm,longshotmovie,lordsofchaosmovie,lucyintheskyfilm,mamovie2019,marriagestory,meettheaddams,meninblack,midsommarmovie,midwaymovie,missbalamovie,missinglinkfilm,motherlessbklyn,onceinhollywood,onthebasisofsex,overcomermovie,peanutbutterfalcon,petsematarymovie,piercingmovie,playingwithfire,playmobilthemovie,pomsmovie,queenandslim,rambomovie,readyornotfilm,richardjewellfilm,rocketmanmovie,scarystoriesmovie,secretlifeofpets,serenityfilm,shaftmovie,shazammovie,spidermanmovie,spiesindisguise,starwars,stormboymovie,stubermovie,taosdfilm,teenspiritmov,terminator,theaeronautsmov,thebestofenemies,thedeaddontdie,thefarewell,thehighwaymen,thehummingbirdprojectfilm,theintrudermovie,theirishmanfilm,thekitchenmovie,thelegomovie,themustangfilm,thenightingalefilm,theprodigymovie,thesunisalsoastar,theupsidefilm,tolkienmovie,toystory,triplefrontier,uglydolls,uncutgems,underthesilverlake,usmovie,wavesmovie,whatmenwant,wonderparkmovie,wrinklestheclown,xmenmovies,yardiefilm,yesterdaymovie,zombieland
21bridgesmovie,1.0,0.9534768,0.9718411,0.9315389,0.96892107,0.9733025,0.9719927,0.9552799,0.98134714,0.9645738,0.94897556,0.9619249,0.95725083,0.9803893,0.9546592,0.9813322,0.94628143,0.9751295,0.9790337,0.95221925,0.96945405,0.94818866,0.9803919,0.96613574,0.96581763,0.643135,0.956449,0.956205,0.9547575,0.9497945,0.96309465,0.97056526,0.9561752,0.9299087,0.85874796,0.88204885,0.9687708,0.96769166,0.97487146,0.96354353,0.9414582,0.95394784,0.9063468,0.9484546,0.9786496,0.9543971,0.97066015,0.9675337,0.96727705,0.95287627,0.96860784,0.97285146,0.9610102,0.92135906,0.93258977,0.9476612,0.9462788,0.96717227,0.97116214,0.9654957,0.96561724,0.9592667,0.9728693,0.97621506,0.9629982,0.95014477,0.9575772,0.95510846,0.95745116,0.9039995,0.97215176,0.40564722,0.9307285,0.97439235,0.951517,0.885343,0.87820554,0.9389818,0.9548435,0.97154754,0.97205746,0.95760113,0.9733143,0.9705449,0.9543141,0.9669927,0.9509305,0.9496595,0.9489904,0.98230356,0.9530889,0.97215176,0.9732249,0.9502517,0.9656142,0.954256,0.97577125,0.9697476,0.9745184,0.96930224,0.9640234,0.97004694,0.96255815,0.9603929,0.9582294,0.9674241,0.9584,0.9711705,0.9415743,0.9703953,0.97118115,0.39934805,0.9750471,0.7997206,0.9579498,0.96892667,0.99275124,0.9661144,0.97807515,0.9573836,0.94086266,0.9636408,0.95522004,0.958851,0.9533264,0.9708781,0.9354447,0.96852213,0.9672601,0.83511925,0.97306067,0.94510615,0.9535459,0.9271849,0.96869206,0.94440925,0.9706124,0.95429504,0.9679219,0.95235074,0.98134714,0.9583035,0.956868,0.94861645,0.93895984,0.964132,0.9484431,0.92964584,0.9591474,0.963969,0.976884,0.968246,0.9437352,0.91129494,0.94913065,0.9707936,0.9523043,0.97238964,0.9697761,0.95810527,0.98134714,0.9592842,0.9723415,0.9811989,0.97397864
47metersdown,0.9534768,1.0000002,0.9570455,0.94297636,0.93092036,0.9422372,0.9531155,0.96589917,0.96175784,0.9580744,0.9365353,0.9122406,0.94646853,0.9567865,0.9375881,0.9552017,0.92947227,0.9627888,0.9417661,0.94248134,0.9476039,0.9488967,0.9407119,0.92961043,0.93409324,0.6652045,0.9262949,0.9463175,0.94493616,0.91671866,0.9334975,0.9415545,0.8963546,0.9174891,0.91501033,0.88539404,0.934198,0.94407594,0.9477376,0.9291756,0.92417544,0.9345965,0.88748795,0.9367171,0.973521,0.94037825,0.9380752,0.9394736,0.93535405,0.9267037,0.9451667,0.9485923,0.932194,0.90985006,0.92633086,0.9311971,0.9197583,0.9536817,0.9533247,0.95358473,0.9495456,0.9686019,0.94820523,0.9409209,0.94425386,0.92781216,0.93975466,0.93783396,0.94300026,0.8675377,0.9562784,0.4506507,0.9067325,0.9594491,0.93952346,0.8567666,0.8657664,0.9151682,0.9562173,0.9600152,0.93507534,0.9479092,0.9563404,0.9713091,0.9461254,0.95020014,0.9552134,0.9458733,0.954132,0.9663107,0.9512317,0.9562784,0.97302836,0.92988604,0.9315532,0.93900174,0.9467895,0.9513448,0.9464169,0.94098675,0.93500865,0.9408365,0.95381516,0.94445604,0.9875865,0.94790506,0.9166029,0.9347579,0.92092365,0.9491632,0.9568997,0.43605024,0.96867126,0.8210416,0.9454571,0.947057,0.9585632,0.94929194,0.9574883,0.9310608,0.9236825,0.9583018,0.9274038,0.9243962,0.92567253,0.95827204,0.9356532,0.9421325,0.9538176,0.8045262,0.93527824,0.9258714,0.92701805,0.9331462,0.95107317,0.91921866,0.9027058,0.932864,0.9567602,0.94665533,0.96175784,0.936674,0.9297885,0.91333884,0.91873294,0.9545163,0.93058074,0.94854265,0.9330275,0.95674795,0.9590603,0.95631593,0.9260621,0.880233,0.9531273,0.9417512,0.9213883,0.9675221,0.94594145,0.93123215,0.96175784,0.9251704,0.93313384,0.93501455,0.9654741
abeautifuldaymovie,0.9718411,0.9570455,0.99999994,0.948621,0.97349143,0.9763137,0.9753292,0.9737789,0.98766184,0.96550596,0.9695433,0.9583259,0.9731641,0.9745177,0.96228397,0.97334236,0.9494754,0.9727482,0.96614844,0.9513924,0.9703545,0.9717187,0.971851,0.9672787,0.9585695,0.66461074,0.95381147,0.9563337,0.98398745,0.9605787,0.96781737,0.9719902,0.94780105,0.94845986,0.86074257,0.8451435,0.971952,0.9517323,0.9630548,0.9676499,0.957675,0.95695513,0.9160001,0.9525757,0.9804533,0.9605737,0.96771604,0.97695184,0.9599539,0.95216316,0.9856285,0.96848786,0.96544904,0.94366497,0.9372502,0.9679855,0.9441852,0.9733504,0.96773046,0.9757344,0.9657092,0.9543993,0.9724229,0.96844566,0.95751536,0.9611093,0.9653986,0.9578206,0.97696877,0.9164314,0.9805912,0.44910598,0.94079673,0.98188376,0.9406517,0.90603805,0.89725006,0.9458149,0.96773666,0.97479063,0.9634721,0.96715975,0.97452426,0.95659435,0.9763994,0.9559212,0.95621026,0.97262895,0.9498214,0.97256047,0.9623204,0.9805912,0.964741,0.9554432,0.9783692,0.96229154,0.9697756,0.9628233,0.9646659,0.9605165,0.9638546,0.97478837,0.982913,0.9796449,0.96314085,0.98297787,0.9661359,0.9696964,0.95226574,0.9781837,0.9811818,0.4130084,0.97854495,0.74915975,0.96486616,0.9557552,0.97312,0.95080566,0.9750914,0.9669098,0.9621155,0.97461474,0.95004076,0.9640296,0.9689238,0.97558916,0.96412605,0.9684156,0.9637468,0.83669394,0.96161705,0.95477366,0.96266025,0.92616343,0.9759433,0.9628296,0.93629485,0.9592401,0.9777366,0.9604643,0.98766184,0.9770801,0.95189613,0.95715934,0.9627781,0.9687589,0.92902786,0.9359644,0.97031766,0.9606287,0.97563434,0.9853307,0.95346016,0.9066406,0.957841,0.9778175,0.9630288,0.9752188,0.9744596,0.9596821,0.98766184,0.9598511,0.971032,0.97084135,0.9862036
abominablemovie,0.9315389,0.94297636,0.948621,1.0000004,0.9369696,0.94467545,0.9576809,0.96322525,0.96412504,0.9490917,0.9307331,0.91489357,0.9572989,0.9591205,0.9567907,0.9443857,0.93595695,0.948253,0.93636394,0.9492783,0.92103904,0.94647527,0.94217116,0.9307803,0.9224391,0.66834927,0.9090527,0.94309586,0.9424185,0.934426,0.94302744,0.9190276,0.91835004,0.92714083,0.9137341,0.8358601,0.93511516,0.9282017,0.945692,0.8991891,0.9436102,0.92876655,0.8992177,0.94131577,0.9522749,0.93420964,0.9468128,0.95103115,0.92414325,0.9258985,0.94679534,0.9377711,0.9096799,0.9198513,0.9130389,0.94749033,0.90538347,0.94787073,0.9631282,0.9604107,0.9374877,0.9492502,0.939197,0.95186347,0.94414014,0.93020225,0.9481424,0.9505085,0.95182127,0.9022337,0.9592189,0.4599389,0.9233251,0.94635475,0.942291,0.9026288,0.8936946,0.93795353,0.9570242,0.96083975,0.91799504,0.9534372,0.95270586,0.9456345,0.9490087,0.9296526,0.96026117,0.9504599,0.9251943,0.94732213,0.9582878,0.9592189,0.93336684,0.9468171,0.93072027,0.9699038,0.9416368,0.93016255,0.9384259,0.93928194,0.9343659,0.93173534,0.9582616,0.9480914,0.959114,0.9461519,0.9337402,0.9461808,0.9213899,0.9236685,0.93981713,0.4819972,0.9646596,0.74118984,0.9482628,0.9349906,0.92476654,0.93111056,0.95618427,0.95045775,0.94452184,0.9492234,0.9213673,0.93938464,0.9397093,0.96194947,0.9504895,0.93285197,0.9390241,0.780552,0.9348226,0.94391984,0.9401828,0.90171796,0.97020024,0.9361017,0.8749531,0.9274127,0.9649553,0.90912074,0.96412504,0.94476,0.93256176,0.9415393,0.93684095,0.9395073,0.9013319,0.9676781,0.94971234,0.9301675,0.9537012,0.9484821,0.92097473,0.9021324,0.96322805,0.94956255,0.93900996,0.9576383,0.9589262,0.9596785,0.96412504,0.9351734,0.94261014,0.93227667,0.9503066
adastramovie,0.96892107,0.93092036,0.97349143,0.9369696,1.0000002,0.9741765,0.97603834,0.949917,0.9848082,0.9538214,0.9666591,0.95853066,0.9714039,0.97834593,0.9689758,0.9732602,0.9393286,0.9737803,0.9690171,0.95041686,0.96954936,0.9446976,0.9712997,0.96840835,0.9505646,0.5965014,0.96906435,0.950773,0.9599459,0.9653168,0.96538866,0.9741725,0.96248007,0.93649346,0.8430504,0.81084126,0.97650087,0.9550891,0.9790234,0.97323483,0.9558685,0.94924414,0.91875696,0.9369023,0.9773505,0.9534093,0.96126705,0.97868735,0.96356434,0.9401072,0.9678995,0.9715415,0.9491168,0.9354312,0.94880474,0.9703294,0.94645894,0.97757363,0.9601867,0.97186786,0.9642701,0.9366636,0.96948916,0.9767278,0.9497478,0.9624214,0.9620561,0.9446097,0.96251833,0.930325,0.9752075,0.41115198,0.93907607,0.9732883,0.9449472,0.91389924,0.90167314,0.9630132,0.9535892,0.9641736,0.96950024,0.9602647,0.96832746,0.94209194,0.97290045,0.94915295,0.95577496,0.96536404,0.9407543,0.96708834,0.9578004,0.9752075,0.9617431,0.95865,0.96971524,0.9685229,0.97182435,0.9687947,0.9675431,0.96326005,0.9620243,0.9567898,0.9539904,0.9650727,0.9487179,0.96603805,0.971993,0.98508257,0.9241191,0.9663569,0.9782405,0.3888919,0.9786811,0.76587886,0.9797848,0.9633519,0.96393883,0.9473748,0.9699092,0.9771772,0.9610788,0.9760184,0.9569343,0.9706429,0.979566,0.96507627,0.9651429,0.95029455,0.9730922,0.8272156,0.9721468,0.9696009,0.956422,0.91258913,0.9760696,0.95178235,0.94805324,0.9745153,0.97193813,0.935948,0.9848082,0.9639992,0.9546902,0.96317863,0.95404625,0.96809614,0.94166976,0.92892295,0.96883106,0.9522159,0.9771012,0.9779763,0.9525928,0.92373335,0.9611821,0.97841907,0.95589656,0.9607409,0.9666552,0.96441317,0.9848082,0.9620252,0.9842755,0.9794648,0.9671547
adogsjourneymovie,0.9733025,0.9422372,0.9763137,0.94467545,0.9741765,0.99999994,0.9734079,0.95971674,0.98293406,0.9584501,0.9445539,0.96298194,0.97041476,0.9736508,0.9627746,0.9713286,0.95577323,0.9760036,0.9683721,0.9605155,0.9618539,0.9431322,0.98250556,0.96407086,0.9540024,0.6431703,0.951553,0.9594206,0.9595399,0.95633376,0.9660082,0.96479076,0.9528166,0.9388774,0.8664619,0.8624981,0.97701985,0.9640561,0.96742606,0.9555573,0.946608,0.9594674,0.93617743,0.9493872,0.9836852,0.94849473,0.9764489,0.9675647,0.9537022,0.95563036,0.9698739,0.96266764,0.9512912,0.9297914,0.94917387,0.9594018,0.9425965,0.96500945,0.9782123,0.9627365,0.9641357,0.94776577,0.98227036,0.9762134,0.95429647,0.9544595,0.95507365,0.94706434,0.9576008,0.94107103,0.97860116,0.41646567,0.9546653,0.9818549,0.95278025,0.8884384,0.894646,0.9443495,0.9558491,0.9702154,0.96428746,0.96481633,0.97613126,0.94794357,0.96923286,0.95650774,0.9459153,0.95882195,0.9512104,0.97590464,0.95519257,0.97860116,0.95475376,0.952761,0.9665997,0.9598194,0.9650943,0.97031754,0.9721981,0.9709276,0.97313756,0.9595536,0.96385336,0.96412075,0.95125306,0.9676895,0.9705029,0.98063076,0.94133157,0.9648537,0.97095805,0.42386663,0.98001504,0.80281466,0.9590944,0.9458883,0.96960515,0.9601128,0.97879124,0.96196693,0.9647424,0.9669827,0.9601262,0.9698114,0.9679972,0.9753671,0.96186227,0.9613985,0.97285134,0.84196734,0.96404177,0.9504977,0.9579337,0.91257674,0.9704747,0.96102804,0.9435464,0.96061254,0.9755016,0.9474596,0.98293406,0.96630293,0.9623447,0.96269274,0.95704263,0.9572204,0.9476705,0.9511174,0.9698847,0.9542599,0.96871644,0.9710079,0.95357144,0.8982814,0.9557595,0.9749628,0.9684024,0.9693922,0.97222817,0.96926415,0.98293406,0.9645267,0.97540796,0.9751457,0.9690954
aftermathmovie,0.9719927,0.9531155,0.9753292,0.9576809,0.97603834,0.9734079,1.0000001,0.9733017,0.987743,0.9836084,0.96188515,0.96196574,0.97309107,0.9842329,0.9729795,0.9782772,0.95482856,0.9806609,0.9631223,0.95795554,0.96757483,0.96017706,0.97013354,0.9607915,0.9512018,0.64971817,0.9705169,0.94722724,0.9766721,0.97567,0.96600497,0.97262675,0.9632384,0.9505646,0.86692137,0.8397149,0.96362305,0.96397537,0.98298836,0.9609579,0.9655688,0.9523155,0.92685854,0.95499754,0.9810917,0.9756984,0.9587287,0.9739711,0.96206427,0.9492929,0.9806064,0.9746567,0.96102214,0.94000804,0.9254883,0.97059005,0.94046116,0.97649723,0.97729963,0.9767159,0.9588762,0.95111847,0.9657414,0.97247887,0.9728856,0.97193056,0.96969855,0.9593461,0.947891,0.8993234,0.97186124,0.4496537,0.95630676,0.97268033,0.9457036,0.91951513,0.9257675,0.96866363,0.9705372,0.9791494,0.96787304,0.98627746,0.9734238,0.9674918,0.9791942,0.94954574,0.9603323,0.96106887,0.9456238,0.9762107,0.97366107,0.97186124,0.96644235,0.94522,0.96164167,0.9735233,0.95747584,0.9648879,0.9809287,0.963363,0.97163206,0.96416664,0.9656909,0.9596394,0.969712,0.9788815,0.97186166,0.97575396,0.9452718,0.9757848,0.9809006,0.41784936,0.98822004,0.7732889,0.9687595,0.97251624,0.9770884,0.9543982,0.98144525,0.9906397,0.944466,0.97905934,0.93561184,0.9792128,0.95344585,0.9720089,0.96456105,0.97757506,0.97062933,0.8495023,0.97457874,0.9646779,0.9543424,0.9384866,0.98289806,0.96901894,0.9401552,0.9631517,0.9687001,0.95458376,0.987743,0.97332335,0.976975,0.95770574,0.9486694,0.97035044,0.93823296,0.9445377,0.95733255,0.96648395,0.9939996,0.97312236,0.95669734,0.92066956,0.9594752,0.972955,0.9430433,0.9753497,0.9691284,0.9712461,0.987743,0.9798402,0.97751206,0.97089076,0.97828025
aftermovie,0.9552799,0.96589917,0.9737789,0.96322525,0.949917,0.95971674,0.9733017,0.9999999,0.9800728,0.9734138,0.94453543,0.93522257,0.96587414,0.9676679,0.96304387,0.96176213,0.95395154,0.9663814,0.9364205,0.95441717,0.958999,0.9739788,0.95804554,0.95628965,0.9473124,0.6647406,0.95039034,0.95256996,0.97118354,0.94415045,0.94266826,0.955492,0.9294905,0.94956946,0.9173654,0.8532508,0.9657287,0.94379747,0.9619323,0.9432905,0.96951103,0.95215005,0.9264684,0.961046,0.9682948,0.96490973,0.9563221,0.9603907,0.9393171,0.9534764,0.9711839,0.9651091,0.95484906,0.93431604,0.9215563,0.9619551,0.9456803,0.96452993,0.9735,0.9643826,0.9660166,0.9607906,0.95854324,0.9520966,0.9671683,0.95455784,0.94800705,0.9543129,0.9571751,0.9005088,0.97252613,0.48342338,0.93700725,0.9717249,0.95460945,0.9076238,0.91510487,0.94913876,0.9663421,0.9708784,0.95177567,0.9615819,0.9735546,0.9618079,0.9565315,0.94019634,0.9511359,0.966856,0.9544542,0.9632364,0.97061837,0.97252613,0.9599478,0.9447093,0.9577767,0.9624365,0.9552791,0.96339154,0.9586169,0.9539648,0.96113825,0.95697296,0.9689058,0.9711455,0.97523445,0.96805966,0.9607351,0.951921,0.9457733,0.96511096,0.9648726,0.42750537,0.97135454,0.7499085,0.96835667,0.9545388,0.9624287,0.95635265,0.97283894,0.9577145,0.94287455,0.96698934,0.9331377,0.9556788,0.93776137,0.9699772,0.9508654,0.9471457,0.95003366,0.81637245,0.9549892,0.9389,0.9664876,0.9439861,0.9712077,0.94474596,0.9219289,0.9485734,0.9740297,0.956242,0.9800728,0.96605146,0.95473015,0.9476645,0.95610136,0.9613686,0.9291704,0.9662642,0.9460489,0.96711606,0.9702929,0.97492266,0.9590501,0.9211183,0.9594606,0.9544827,0.95485145,0.97370964,0.97504544,0.9487615,0.9800728,0.9594457,0.96493137,0.94938207,0.97970515
ahiddenlifefilm,0.98134714,0.96175784,0.98766184,0.96412504,0.9848082,0.98293406,0.987743,0.9800728,1.0,0.97663015,0.9682243,0.9669378,0.9847192,0.98975575,0.98656195,0.98239976,0.9675379,0.9819425,0.9723416,0.9754092,0.982455,0.97441196,0.9859393,0.97982436,0.96772873,0.65368164,0.96719366,0.96999276,0.98148,0.97336954,0.9748657,0.98089767,0.9620034,0.96579015,0.8851242,0.8566531,0.9861713,0.9648508,0.9855225,0.96942157,0.9725274,0.97141755,0.9394527,0.96796703,0.9898358,0.97463614,0.9792586,0.98547596,0.9777809,0.9660183,0.9880571,0.9883392,0.97211915,0.9536621,0.9525635,0.97653913,0.96053815,0.98483515,0.986194,0.9866748,0.98070914,0.96429646,0.9809144,0.98372686,0.9773121,0.9723305,0.97537106,0.97608674,0.97476995,0.93131584,0.98985285,0.46075848,0.95313585,0.98712605,0.96187586,0.91716874,0.9173929,0.9679681,0.9762129,0.9833015,0.96968055,0.97776204,0.9867932,0.9733457,0.978633,0.97153914,0.9705745,0.97986877,0.9561973,0.9870151,0.9750788,0.98985285,0.9728291,0.9651696,0.98396856,0.98560786,0.98399144,0.9745439,0.97844553,0.97728056,0.97918564,0.9770297,0.97891885,0.9809384,0.970898,0.9865436,0.9808679,0.98368984,0.9512308,0.98201686,0.9900585,0.43836284,0.992445,0.7790031,0.9802952,0.97297895,0.9832907,0.96723694,0.98762923,0.97993225,0.9698584,0.9814275,0.967648,0.9757184,0.9696969,0.9831936,0.9758728,0.9680831,0.97528356,0.84829307,0.9829799,0.964146,0.9768296,0.93940306,0.9904672,0.9702441,0.9513971,0.9742219,0.987005,0.9608895,1.0,0.985532,0.97282904,0.97363806,0.9720578,0.9829917,0.95435923,0.95504934,0.9762809,0.97224957,0.9871039,0.9875452,0.96974766,0.92946506,0.9752491,0.98699695,0.97296274,0.98637265,0.98727155,0.9798695,1.0,0.9739165,0.98612624,0.98751956,0.99114186
alitamovie,0.9645738,0.9580744,0.96550596,0.9490917,0.9538214,0.9584501,0.9836084,0.9734138,0.97663015,1.0,0.94823223,0.9535198,0.9608321,0.9741988,0.9607832,0.9671994,0.9482078,0.97361165,0.95681137,0.95856667,0.95604855,0.9608108,0.956728,0.95338124,0.94480693,0.6433356,0.95365137,0.9412449,0.96964127,0.9573012,0.9623225,0.9553768,0.9545495,0.94882625,0.8771454,0.83245605,0.9440914,0.9553013,0.9659859,0.9514864,0.9508647,0.934786,0.9116647,0.9451355,0.9732462,0.9623999,0.9539489,0.9584468,0.94397897,0.9360642,0.97330683,0.9667545,0.96799034,0.93208647,0.91592455,0.96180856,0.94589794,0.958181,0.96665114,0.9623796,0.943248,0.9455794,0.95172983,0.9586546,0.96703774,0.95459044,0.9449393,0.95185,0.94051164,0.8777104,0.96168953,0.47909394,0.9302835,0.95620686,0.94135725,0.9116962,0.89204425,0.9532637,0.9482081,0.9616792,0.95382184,0.9730207,0.9587142,0.97539145,0.9670058,0.9410001,0.9479115,0.95212406,0.94270784,0.9679967,0.97756666,0.96168953,0.95853573,0.93369305,0.9480414,0.95479107,0.95131046,0.96056306,0.95714974,0.9543173,0.95827925,0.94552517,0.95672506,0.94623,0.9700292,0.9700987,0.9586305,0.9528159,0.93590754,0.95990366,0.9777974,0.43233353,0.97983986,0.75171816,0.95671964,0.96032345,0.97031367,0.9479041,0.9728076,0.96623963,0.9299071,0.967925,0.9237484,0.9486322,0.9457259,0.972067,0.942469,0.9706251,0.9534775,0.842863,0.9512067,0.9410998,0.94718957,0.95135593,0.96910864,0.9561557,0.9370689,0.9561542,0.9596045,0.95335233,0.97663015,0.9636477,0.9565053,0.9379522,0.93428373,0.9555305,0.923085,0.94122994,0.9385849,0.95856273,0.9779661,0.9635449,0.9441991,0.9147286,0.95235234,0.95807546,0.94126296,0.9710497,0.9654694,0.9514676,0.97663015,0.9682031,0.95844764,0.958031,0.9763123
angelhasfallen,0.94897556,0.9365353,0.9695433,0.9307331,0.9666591,0.9445539,0.96188515,0.94453543,0.9682243,0.94823223,1.0000001,0.9347307,0.9474127,0.955576,0.9380676,0.9515827,0.91532564,0.9577226,0.9477761,0.9178224,0.9484046,0.9534325,0.95057464,0.9349989,0.9502025,0.6021091,0.9478228,0.93061304,0.95440716,0.9722153,0.95521414,0.96880674,0.9388062,0.91339844,0.8439337,0.7822963,0.94993395,0.9204995,0.96167934,0.96705663,0.933869,0.9226702,0.8682952,0.9249245,0.9578308,0.95457256,0.9402291,0.96204776,0.946484,0.9175467,0.9596303,0.951625,0.9390654,0.92036057,0.89971495,0.94751614,0.9195512,0.9692566,0.94633454,0.96999747,0.9431971,0.9435789,0.9354607,0.94363403,0.94718593,0.9504372,0.9679271,0.9309668,0.9704025,0.87557185,0.9615926,0.44978398,0.9183502,0.96421105,0.9368266,0.9113716,0.8590065,0.9437663,0.9540412,0.94684184,0.9701651,0.949473,0.9459913,0.9470519,0.96064055,0.93155104,0.94582134,0.95780116,0.94672465,0.94237447,0.956189,0.9615926,0.951497,0.94717824,0.9591645,0.96028984,0.9577496,0.9461666,0.9537314,0.9364497,0.944479,0.95509505,0.95360637,0.9676312,0.9467734,0.9552434,0.9378116,0.94793016,0.92099255,0.9547047,0.9594866,0.34087372,0.96268225,0.7069857,0.95558965,0.96394324,0.9474543,0.94542944,0.94853294,0.96200746,0.91336393,0.97607064,0.91529256,0.95848376,0.96184283,0.9645215,0.9495161,0.94516313,0.93946034,0.79705495,0.94265974,0.939819,0.93258876,0.9074021,0.9628958,0.9466762,0.9232648,0.9475799,0.9550853,0.9345023,0.9682243,0.94804436,0.92991364,0.91991407,0.9179277,0.9489109,0.8845965,0.90508157,0.93090487,0.95480055,0.96450037,0.96148366,0.9252624,0.903689,0.94094735,0.9689822,0.9235837,0.9529318,0.9494408,0.93242407,0.9682243,0.94891423,0.9559058,0.95753527,0.9640526
angrybirdsmovie,0.9619249,0.9122406,0.9583259,0.91489357,0.95853066,0.96298194,0.96196574,0.93522257,0.9669378,0.9535198,0.9347307,1.0000001,0.9602999,0.97234553,0.95880127,0.9518827,0.9478953,0.953552,0.95871663,0.95287454,0.961728,0.94180155,0.9671481,0.9578557,0.9436391,0.60684985,0.94480944,0.94698304,0.9583684,0.94532084,0.9580773,0.9505954,0.972177,0.961183,0.78063834,0.80121285,0.9549303,0.9501962,0.9558896,0.94539046,0.9273355,0.93940884,0.9028357,0.9463454,0.9626964,0.943581,0.959477,0.9622531,0.95290905,0.9448537,0.97394025,0.958152,0.9712252,0.936217,0.91468596,0.93915796,0.9374771,0.9346188,0.95472527,0.95287687,0.9328018,0.9048749,0.95615494,0.9695325,0.9518799,0.95432854,0.94342285,0.9399727,0.93690073,0.8803883,0.9589107,0.3415605,0.9144175,0.94592494,0.9094362,0.89449173,0.872347,0.940876,0.940558,0.9519592,0.93947786,0.96112216,0.9445398,0.93055654,0.9630511,0.93431544,0.93252933,0.9417773,0.92695504,0.957027,0.9348493,0.9589107,0.9336692,0.9156394,0.96644676,0.9433669,0.9498782,0.9465458,0.9527604,0.9629854,0.952184,0.94977283,0.93952703,0.9426294,0.9220951,0.97089136,0.96532935,0.9569569,0.950958,0.9590813,0.9607949,0.3966707,0.9583191,0.7507563,0.9361183,0.94551307,0.96554893,0.9417316,0.95214814,0.9449336,0.93716294,0.94983184,0.9330156,0.95239365,0.9441813,0.9474856,0.93939495,0.971107,0.93593675,0.8566215,0.9492862,0.924355,0.94617116,0.9470273,0.94193363,0.9381218,0.95993185,0.94153464,0.952003,0.9183502,0.9669378,0.964791,0.946574,0.9490065,0.9430481,0.93700486,0.9251664,0.88832074,0.9428942,0.9070234,0.9529516,0.9555014,0.92933434,0.8902247,0.9271695,0.97629833,0.9426869,0.9579083,0.9562064,0.942701,0.9669378,0.96431196,0.9570499,0.97464854,0.9624049
annabellemovie,0.95725083,0.94646853,0.9731641,0.9572989,0.9714039,0.97041476,0.97309107,0.96587414,0.9847192,0.9608321,0.9474127,0.9602999,1.0,0.9806026,0.97616065,0.95347404,0.9601721,0.96795774,0.9522926,0.9698974,0.97482425,0.9688869,0.97398627,0.96407515,0.96446943,0.62313616,0.9513165,0.9572325,0.9760962,0.9605656,0.9653952,0.9713494,0.9543174,0.96751213,0.8567951,0.8469535,0.9704607,0.97107357,0.97207254,0.95343655,0.9511241,0.96470714,0.9218217,0.95851684,0.97999525,0.95748204,0.9754958,0.965349,0.95215243,0.9587029,0.9794322,0.96366125,0.9683804,0.9505727,0.95609164,0.9598594,0.9457334,0.95642394,0.97339296,0.96982414,0.97145677,0.9315435,0.9708281,0.9807226,0.9503795,0.9646401,0.94639206,0.9523908,0.95571274,0.93478715,0.97866386,0.41491807,0.93240654,0.9611581,0.94594723,0.89392483,0.8894071,0.95460165,0.95752925,0.97172946,0.9481665,0.97597694,0.9702707,0.9569585,0.9768852,0.96434855,0.9602746,0.9810714,0.9524691,0.97328806,0.96257204,0.97866386,0.956765,0.9550921,0.96969473,0.9709671,0.968218,0.9614635,0.96161526,0.9602914,0.963002,0.95603245,0.96218485,0.96426934,0.9558541,0.97635585,0.962091,0.9736111,0.93365514,0.9674485,0.97433233,0.45065498,0.98300076,0.77715224,0.9698633,0.9481559,0.96598864,0.9519552,0.97096354,0.95830125,0.9717507,0.95711833,0.9673604,0.9556524,0.9632551,0.9674206,0.9782016,0.96011734,0.96620566,0.8437734,0.96829313,0.95328295,0.96247363,0.93156004,0.968339,0.9602226,0.93120784,0.9637559,0.97460264,0.92710334,0.9847192,0.9799772,0.95235,0.9808067,0.9720847,0.956931,0.95816404,0.94066447,0.97475135,0.9538948,0.97726715,0.9742012,0.94776875,0.9012406,0.9633076,0.9813719,0.95836127,0.9760543,0.97546023,0.95852345,0.9847192,0.9647931,0.97421104,0.9722032,0.975933
annamovie,0.9803893,0.9567865,0.9745177,0.9591205,0.97834593,0.9736508,0.9842329,0.9676679,0.98975575,0.9741988,0.955576,0.97234553,0.9806026,0.9999999,0.9764399,0.9736517,0.9631623,0.974451,0.9644416,0.96974987,0.97657895,0.9670625,0.97613865,0.97176945,0.9673486,0.60678405,0.9622387,0.9654637,0.975791,0.9667217,0.9647872,0.96613836,0.9621263,0.9642467,0.87657726,0.8534765,0.9700923,0.9716194,0.9805179,0.95243484,0.95174533,0.9593821,0.91426545,0.9578564,0.9846626,0.95926124,0.97105175,0.97626495,0.967671,0.9564533,0.97978234,0.9744025,0.9653891,0.94780135,0.9487224,0.96434325,0.9488922,0.9680754,0.9749035,0.9719975,0.9696628,0.9555947,0.97728336,0.98836786,0.962677,0.96233344,0.9647875,0.96133643,0.96026653,0.9138891,0.9746153,0.39191526,0.9376698,0.9668261,0.9518177,0.89163655,0.9068157,0.95426726,0.958149,0.9805703,0.95708066,0.9746137,0.9699297,0.9744669,0.9717555,0.9690235,0.9718044,0.9676651,0.9486193,0.9836395,0.96742874,0.9746153,0.9751516,0.96475685,0.9689706,0.9737724,0.9780045,0.9719322,0.9723885,0.97769207,0.96147484,0.9724281,0.97430784,0.9599616,0.9681823,0.9809235,0.9682953,0.97300136,0.9485654,0.97223246,0.98009866,0.4168333,0.9865811,0.78829396,0.9765327,0.9646816,0.97951514,0.96439034,0.97623533,0.9741548,0.9599632,0.97805464,0.9636431,0.9669236,0.9613417,0.9784003,0.9600972,0.96754456,0.96910906,0.8320287,0.97625625,0.9650684,0.9685628,0.94684446,0.97660154,0.95810384,0.9599881,0.9656121,0.97457486,0.9375908,0.98975575,0.976481,0.9560099,0.9631672,0.9596398,0.9640093,0.9544138,0.9488178,0.96671325,0.95582783,0.9847852,0.97547746,0.94922566,0.9071719,0.9697738,0.979191,0.9590811,0.97649926,0.98055184,0.96493274,0.98975575,0.96558297,0.9814253,0.9811807,0.98044586
apollo11movie,0.9546592,0.9375881,0.96228397,0.9567907,0.9689758,0.9627746,0.9729795,0.96304387,0.98656195,0.9607832,0.9380676,0.95880127,0.97616065,0.9764399,0.99999994,0.9570323,0.9587038,0.95528233,0.94959444,0.9878007,0.9697359,0.9635081,0.9716807,0.976364,0.9426562,0.6460171,0.9419619,0.96307653,0.96997577,0.9505262,0.9571824,0.95959795,0.95263743,0.9707896,0.867636,0.8192379,0.9736091,0.94888765,0.97101915,0.94332963,0.9668824,0.9631342,0.9458424,0.96598184,0.9707737,0.9562874,0.96656495,0.9782447,0.9700366,0.9602779,0.9763594,0.9791284,0.9648727,0.95692104,0.9475259,0.95959264,0.95346975,0.96942097,0.9734252,0.97587276,0.9653201,0.9405971,0.9613213,0.97512156,0.965022,0.96340007,0.95367175,0.9750053,0.95275956,0.92161125,0.97760403,0.44548795,0.9338311,0.9618684,0.9509161,0.91651845,0.92154264,0.9609452,0.96776587,0.97015154,0.9347851,0.9721294,0.97240186,0.9476128,0.9665033,0.9589552,0.96450806,0.96840876,0.9330743,0.9750084,0.95969903,0.97760403,0.9474701,0.9461995,0.97323763,0.9839892,0.9702093,0.9470647,0.9611794,0.9688374,0.9606271,0.95829844,0.9554784,0.96164227,0.94967574,0.97777104,0.9744516,0.97013086,0.92656714,0.96864575,0.97519,0.47747657,0.9781153,0.77492046,0.9681198,0.96090096,0.9636423,0.9543907,0.9652312,0.96512,0.9676097,0.9640804,0.9617359,0.9612724,0.94960064,0.959645,0.9708532,0.9451477,0.95476,0.84549785,0.97406495,0.94936264,0.96935564,0.9362285,0.97745794,0.95229685,0.93599224,0.9538938,0.976202,0.92754793,0.98656195,0.9786768,0.96257234,0.9699164,0.97586834,0.96847177,0.94183344,0.94383496,0.96789694,0.9437611,0.9690585,0.96841973,0.9567868,0.92193156,0.97373855,0.9765279,0.97018576,0.9734914,0.97643775,0.9750877,0.98656195,0.9654339,0.9674905,0.97621745,0.97701067
arcticdogsmovie,0.9813322,0.9552017,0.97334236,0.9443857,0.9732602,0.9713286,0.9782772,0.96176213,0.98239976,0.9671994,0.9515827,0.9518827,0.95347404,0.9736517,0.9570323,1.0000001,0.94597596,0.9846257,0.97802776,0.9426169,0.9674644,0.93153465,0.96996945,0.96060896,0.94010353,0.6869331,0.9683057,0.9556148,0.94628906,0.947827,0.9691314,0.96004355,0.9512989,0.9293259,0.87154514,0.87200916,0.96500695,0.9458689,0.9769275,0.9703316,0.9595243,0.9474148,0.92418724,0.94500613,0.98300374,0.9602112,0.95848703,0.9743265,0.9609937,0.9426618,0.95965403,0.974207,0.94836336,0.92051125,0.9251137,0.9687726,0.9419973,0.97244304,0.97214353,0.96914387,0.96287924,0.958585,0.97929716,0.96316797,0.96506834,0.9485702,0.9636228,0.9524044,0.9615022,0.9074499,0.97071725,0.46009383,0.9485622,0.98335165,0.9359239,0.91206515,0.91160244,0.9589419,0.9636841,0.9642023,0.9690396,0.9533787,0.9742002,0.9628625,0.95976204,0.95868164,0.9467478,0.94978267,0.9352165,0.9804178,0.95214546,0.97071725,0.96552694,0.9488413,0.95972145,0.9591485,0.96759135,0.9680665,0.96693194,0.9608067,0.9671679,0.9522103,0.9599016,0.9646366,0.9668379,0.95867187,0.96962214,0.9739082,0.94764215,0.9574842,0.97490007,0.39893344,0.9780044,0.7698415,0.96474576,0.9628601,0.9743535,0.9416736,0.9895537,0.9724064,0.94238263,0.96659344,0.9339196,0.9653687,0.96108526,0.9703195,0.9471219,0.9601137,0.9701768,0.85405177,0.9657583,0.9575613,0.9499806,0.91418844,0.97832614,0.9421316,0.9316081,0.9583543,0.9689382,0.96353227,0.98239976,0.9509635,0.9668241,0.9442789,0.9306138,0.97009176,0.94156307,0.9384758,0.9558145,0.9552868,0.97640896,0.97754663,0.95963484,0.9321402,0.9497607,0.9660565,0.9416945,0.96690476,0.96674407,0.96748513,0.98239976,0.95933384,0.97035915,0.9701619,0.9701559
arcticmovie,0.94628143,0.92947227,0.9494754,0.93595695,0.9393286,0.95577323,0.95482856,0.95395154,0.9675379,0.9482078,0.91532564,0.9478953,0.9601721,0.9631623,0.9587038,0.94597596,0.9999998,0.9517106,0.9306754,0.9576947,0.95612395,0.9498879,0.96155655,0.9581693,0.92508006,0.64602953,0.9409895,0.9745478,0.9537305,0.94398713,0.94502836,0.9399928,0.9341065,0.9544899,0.87948596,0.8702872,0.9636703,0.9434177,0.94591904,0.9207779,0.9293844,0.958526,0.9437239,0.9636048,0.9616978,0.9453828,0.9571114,0.9481715,0.9397071,0.96355206,0.9553994,0.95989144,0.95151114,0.9306576,0.92915195,0.94537836,0.96391803,0.93394697,0.9707558,0.9398313,0.9456496,0.93854654,0.9674829,0.9498607,0.9528756,0.9353141,0.9291224,0.9519803,0.9289143,0.9231629,0.9515035,0.47967184,0.9192413,0.9559685,0.9432736,0.8960649,0.88352823,0.93613136,0.94133216,0.95425737,0.9208052,0.94637865,0.95417887,0.9496943,0.9350332,0.95404345,0.9271874,0.95602566,0.91756535,0.96777356,0.9373501,0.9515035,0.926692,0.9147495,0.9510402,0.95509785,0.952019,0.94555545,0.954157,0.9563686,0.9588992,0.95972556,0.9507277,0.93765193,0.9375033,0.9555168,0.95947176,0.93565744,0.92618555,0.9445985,0.9600758,0.45230612,0.957463,0.7765524,0.9454793,0.93618727,0.95699596,0.950976,0.9642534,0.9363778,0.9343794,0.93961173,0.94536316,0.9287839,0.91643196,0.95928663,0.9497257,0.93583816,0.95047444,0.91738296,0.9460132,0.91263354,0.98144424,0.93328136,0.9450975,0.9531521,0.93543726,0.94646364,0.95341504,0.9427551,0.9675379,0.9642241,0.9481717,0.9375573,0.94708645,0.943108,0.9479684,0.944111,0.9298893,0.93801296,0.94539386,0.96373373,0.9613923,0.89607584,0.93802845,0.9474522,0.96036947,0.95441765,0.97126937,0.9452117,0.9675379,0.9351509,0.9472093,0.95816886,0.96506435
artofracingmovie,0.9751295,0.9627888,0.9727482,0.948253,0.9737803,0.9760036,0.9806609,0.9663814,0.9819425,0.97361165,0.9577226,0.953552,0.96795774,0.974451,0.95528233,0.9846257,0.9517106,1.0,0.97062975,0.9491949,0.9671031,0.94444877,0.96741354,0.96017945,0.9482902,0.66064507,0.9805984,0.95323735,0.9523682,0.9558949,0.9712929,0.97312695,0.9588127,0.93633795,0.8689357,0.8719557,0.96655875,0.96084,0.9785325,0.9733532,0.9424263,0.9489791,0.9166966,0.9444475,0.98656106,0.9679167,0.9612298,0.96435434,0.9448119,0.9431056,0.95970064,0.96789724,0.9543132,0.9109853,0.9317175,0.96946216,0.94597507,0.96396,0.97441953,0.96475565,0.95669276,0.9521898,0.9750033,0.96257216,0.9636251,0.95032346,0.9534626,0.9404963,0.9541979,0.9176047,0.9724286,0.4641679,0.9478521,0.97824925,0.94658726,0.9080283,0.8879643,0.9694146,0.96244216,0.96238136,0.9730039,0.95970607,0.9704376,0.96843904,0.96180856,0.960184,0.93903804,0.96480393,0.95814073,0.9799575,0.95751923,0.9724286,0.96437573,0.94844496,0.94871277,0.955397,0.96350956,0.9726469,0.97211283,0.9517093,0.97557414,0.9501029,0.9562332,0.9593782,0.9736115,0.95631003,0.9608705,0.97142696,0.9343246,0.9617934,0.9756208,0.40758696,0.985579,0.77899057,0.9688388,0.96023816,0.97455317,0.9512468,0.9902035,0.96658033,0.93294257,0.9678862,0.9373128,0.95729345,0.962771,0.9751828,0.9581919,0.9701031,0.9768228,0.8527061,0.9562082,0.9534714,0.9480333,0.92520946,0.97106165,0.94955856,0.9342985,0.9736264,0.96550417,0.9668129,0.9819425,0.9584935,0.9660405,0.95133185,0.9320345,0.96359473,0.9545216,0.94485736,0.9506468,0.9621413,0.98107314,0.9797378,0.9567391,0.9220886,0.94257593,0.9690052,0.940297,0.9710722,0.969368,0.95713294,0.9819425,0.96639603,0.9721781,0.96644604,0.9668774
avengers,0.9790337,0.9417661,0.96614844,0.93636394,0.9690171,0.9683721,0.9631223,0.9364205,0.9723416,0.95681137,0.9477761,0.95871663,0.9522926,0.9644416,0.94959444,0.97802776,0.9306754,0.97062975,1.0,0.9424904,0.9517124,0.93127066,0.96608216,0.95227575,0.9394757,0.67451954,0.9466033,0.94276154,0.9383205,0.9475927,0.9797537,0.9573505,0.94901735,0.9144158,0.8299542,0.84930956,0.95511466,0.948258,0.9641139,0.95738643,0.93812984,0.9428502,0.902586,0.9354185,0.97317344,0.949508,0.957879,0.96342057,0.9613733,0.93358475,0.95895237,0.9613186,0.94167525,0.9261305,0.9218144,0.95267,0.9401858,0.96561503,0.95969766,0.9642166,0.945126,0.93639416,0.962573,0.96789646,0.94604385,0.95688784,0.95217663,0.94442105,0.95249546,0.9048374,0.96711206,0.43110824,0.9274432,0.9640957,0.93101734,0.90709305,0.87953126,0.94467795,0.9481654,0.9604805,0.96014553,0.9554309,0.9611761,0.9495137,0.968678,0.9464552,0.9445574,0.93830156,0.936103,0.9696082,0.9546708,0.96711206,0.9478856,0.93058205,0.95645034,0.9490262,0.9570298,0.95527756,0.959698,0.9571075,0.96268827,0.9449562,0.9424335,0.950052,0.94797635,0.95898336,0.9556349,0.97796863,0.92740923,0.9519107,0.96558976,0.417264,0.97412205,0.7760968,0.9511826,0.9627694,0.9672143,0.94165677,0.97065187,0.9542246,0.94679654,0.9518947,0.9360272,0.95157754,0.96045184,0.959794,0.94327587,0.96759975,0.9696072,0.8412847,0.9558324,0.9468084,0.93075866,0.9133219,0.9697747,0.94659936,0.93865496,0.95531154,0.9655264,0.94304967,0.9723416,0.9454007,0.9583803,0.94239277,0.9348015,0.95540845,0.9276774,0.91861355,0.96394384,0.9396765,0.96367097,0.96486455,0.9334999,0.9143905,0.9430489,0.96745324,0.9421848,0.95866364,0.9542618,0.96301854,0.9723416,0.95133865,0.95450246,0.9723797,0.96351206
beachbummovie,0.95221925,0.94248134,0.9513924,0.9492783,0.95041686,0.9605155,0.95795554,0.95441717,0.9754092,0.95856667,0.9178224,0.95287454,0.9698974,0.96974987,0.9878007,0.9426169,0.9576947,0.9491949,0.9424904,0.99999976,0.95539343,0.9582901,0.9604004,0.96230024,0.9343867,0.6235923,0.9243117,0.9616464,0.96234006,0.93345225,0.94855416,0.94490325,0.9402247,0.96492267,0.8686456,0.8376642,0.96238035,0.94606715,0.9491906,0.9278495,0.93644327,0.96446675,0.9413713,0.967733,0.966872,0.941329,0.9596435,0.9597134,0.9582613,0.96598285,0.96912014,0.9686583,0.9614265,0.9434676,0.9491944,0.9456047,0.9440413,0.9511945,0.97197276,0.9593226,0.9464602,0.94099337,0.955087,0.9694994,0.95546436,0.94368416,0.93122673,0.9678711,0.93987274,0.9242551,0.9689479,0.42188263,0.92470455,0.9513523,0.94486356,0.89123386,0.8905311,0.9386438,0.9548124,0.96814084,0.9195136,0.9643715,0.9608441,0.9466558,0.95605373,0.9564261,0.96006656,0.9694818,0.92708516,0.9722574,0.9488382,0.9689479,0.938305,0.93100774,0.95907617,0.96219903,0.96468616,0.9456121,0.95440096,0.96236074,0.9554738,0.956491,0.94999677,0.9447805,0.9467468,0.96989995,0.9568411,0.9546816,0.9063665,0.9532496,0.9654706,0.49776018,0.9718938,0.8090104,0.95265913,0.9538879,0.96372104,0.94962746,0.9570061,0.9417275,0.9610634,0.9515637,0.9605405,0.9297156,0.93751913,0.9546586,0.9653419,0.9418805,0.9506967,0.8428742,0.95680296,0.9308004,0.9561217,0.9364021,0.9636046,0.94843465,0.93591535,0.94850576,0.9652721,0.9289247,0.9754092,0.97356534,0.94876343,0.9519345,0.96441394,0.95384824,0.94454026,0.941676,0.95449173,0.9377063,0.9583809,0.9579974,0.94619066,0.8992821,0.96905535,0.9654419,0.9719297,0.9718771,0.9750238,0.9656149,0.9754092,0.9456052,0.95539564,0.9641164,0.97064507
bernadettefilm,0.96945405,0.9476039,0.9703545,0.92103904,0.96954936,0.9618539,0.96757483,0.958999,0.982455,0.95604855,0.9484046,0.961728,0.97482425,0.97657895,0.9697359,0.9674644,0.95612395,0.9671031,0.9517124,0.95539343,1.0000002,0.95154583,0.9746853,0.9814724,0.95809174,0.6389065,0.9609091,0.959518,0.96418345,0.9497373,0.95424926,0.9753681,0.948682,0.9552953,0.84757906,0.86042917,0.9754884,0.96356165,0.9744555,0.971311,0.95802593,0.95587105,0.9117573,0.9470556,0.98069584,0.9585361,0.9628876,0.9662164,0.9598542,0.951997,0.97117066,0.96999896,0.975497,0.9385345,0.9496966,0.9525325,0.9476198,0.9577251,0.96360016,0.96303654,0.9741453,0.93189234,0.97985595,0.97089565,0.9551588,0.9619062,0.94315594,0.94250566,0.95558584,0.91748065,0.9726108,0.45320076,0.9260656,0.97139287,0.94641304,0.88813967,0.9009399,0.9439106,0.95361006,0.95747834,0.9616305,0.95684254,0.9715366,0.9559564,0.9579939,0.9634256,0.95066077,0.96284455,0.94014233,0.97819185,0.94491696,0.9726108,0.96498054,0.9448668,0.97237605,0.9643967,0.97281003,0.9680781,0.95933056,0.96094114,0.96034014,0.9653586,0.95771587,0.9664976,0.96045935,0.9712884,0.97338337,0.96593916,0.93028414,0.9734853,0.9796864,0.4324542,0.9726912,0.76978683,0.96913546,0.95306426,0.9801649,0.9511199,0.97247505,0.9529525,0.9485905,0.9593031,0.9640516,0.9620118,0.9520201,0.9574137,0.95391095,0.9464237,0.95434266,0.86236477,0.981708,0.9493428,0.96344256,0.92953354,0.96282744,0.9380812,0.9577763,0.95353115,0.9674128,0.93921375,0.982455,0.96714896,0.95433027,0.9643682,0.9603892,0.95831186,0.96184945,0.9248479,0.9572719,0.954502,0.97105736,0.97189987,0.9584575,0.91106623,0.9509401,0.97540057,0.94775206,0.9688962,0.96758026,0.9415948,0.982455,0.9679717,0.97355336,0.9795699,0.97099185
