movie,21bridgesmovie,47metersdown,abeautifuldaymovie,abominablemovie,adastramovie,adogsjourneymovie,aftermathmovie,aftermovie,ahiddenlifefilm,alitamovie,angelhasfallen,angrybirdsmovie,annabellemovie,annamovie,apollo11movie,arcticdogsmovie,arcticmovie,artofracingmovie,avengers,beachbummovie,bernadettefilm,blackandbluemovie,blackchristmas,blindedbythelightmovie,bombshellmovie,booksmart,breakthroughmovie,brianbanksmovie,brightburnmovie,brittanyrunsmov,captainmarvelofficial,captivestatemovie,catsmovie,charliesangels,childsplaymovie,clarathefilm,coldpursuitmovie,countdown,currentwarmovie,darkwatersmovie,detectivepikachumovie,disneyaladdin,disneyfrozen,disneymaleficent,doctorsleepmovie,dolemiteismyname,dontletgomovie,doramovie,downtonabbey_official,dumbo,escaperoom,everybodyknowsmovie,fastandfuriousmovie,fightingwmyfam,fivefeetapartfilm,fordvferrari,freaksthefilm,geminimanmovie,glassmovie,gloriabellmovie,godzillamovie,goldfinchmovie,goodboysmovie,goodliarmovie,gretafilm,halathemovie,happydeathdaymovie,harrietfilm,hellboymovie,hersmellmovie,highlifemovie,highstrungmovie,honeyboymovie,hotelmumbaifilm,httydragon,hustlemovie,hustlersmovie,isntitromantic,itmovieofficial,jayandsilentbob,johnwickmovie,jojorabbitmovie,jokermovie,judythefilm,jumanjimovie,justmercyfilm,knivesout,lalloronamovie,lastblackmansf,lastchristmasthemovie,latenightmovie,lighthousemovie,lionking,littlethemovie,littlewomenmovie,littlewoodsfilm,longshotmovie,lordsofchaosmovie,lucyintheskyfilm,mamovie2019,marriagestory,meettheaddams,meninblack,midsommarmovie,midwaymovie,missbalamovie,missinglinkfilm,motherlessbklyn,onceinhollywood,onthebasisofsex,overcomermovie,peanutbutterfalcon,petsematarymovie,piercingmovie,playingwithfire,playmobilthemovie,pomsmovie,queenandslim,rambomovie,readyornotfilm,richardjewellfilm,rocketmanmovie,scarystoriesmovie,secretlifeofpets,serenityfilm,shaftmovie,shazammovie,spidermanmovie,spiesindisguise,starwars,stormboymovie,stubermovie,taosdfilm,teenspiritmov,terminator,theaeronautsmov,thebestofenemies,thedeaddontdie,thefarewell,thehighwaymen,thehummingbirdprojectfilm,theintrudermovie,theirishmanfilm,thekitchenmovie,thelegomovie,themustangfilm,thenightingalefilm,theprodigymovie,thesunisalsoastar,theupsidefilm,tolkienmovie,toystory,triplefrontier,uglydolls,uncutgems,underthesilverlake,usmovie,wavesmovie,whatmenwant,wonderparkmovie,wrinklestheclown,xmenmovies,yardiefilm,yesterdaymovie,zombieland
21bridgesmovie,0.99999994,0.94264007,0.9729198,0.93986386,0.9782634,0.94497555,0.97805274,0.96757036,0.98400944,0.9565219,0.9545504,0.9613698,0.9661838,0.97612876,0.97702533,0.9570043,0.95613694,0.96894854,0.9840434,0.954231,0.9597617,0.97320527,0.9765713,0.95213187,0.92519814,0.47404262,0.95576346,0.9570215,0.9716142,0.9689258,0.9585398,0.94088,0.967097,0.9522479,0.92290527,0.837021,0.9684464,0.97158617,0.9855566,0.9583466,0.9610837,0.9678922,0.95812,0.9581377,0.9808057,0.9578157,0.9753542,0.968093,0.9662898,0.9692088,0.9735043,0.9708297,0.9615277,0.9567881,0.9479692,0.95303845,0.9240428,0.96962816,0.95381683,0.9601218,0.9464044,0.9564349,0.9819403,0.97885597,0.96493626,0.9634012,0.9325181,0.9629538,0.961814,0.95375854,0.9721477,0.4795118,0.9405389,0.96150994,0.94215244,0.9346258,0.68122774,0.9531701,0.95207864,0.95684826,0.9707216,0.96462095,0.9688789,0.95031387,0.9654941,0.9324979,0.9464057,0.9672295,0.95974994,0.9760339,0.95342916,0.9721477,0.96644735,0.96588326,0.97176445,0.9786116,0.9698256,0.95239455,0.94521767,0.97578406,0.94549966,0.9581097,0.95289177,0.97702676,0.9441567,0.9716218,0.9647345,0.9718851,0.9213459,0.9533355,0.97612125,0.571408,0.9660139,0.8879739,0.95728165,0.98377985,0.9932363,0.96317524,0.9747612,0.9746128,0.976619,0.9635582,0.97528,0.9187765,0.9680938,0.9598513,0.94832855,0.9628065,0.95273966,0.9015885,0.9594248,0.9380966,0.957642,0.93563247,0.96069413,0.9634627,0.97531325,0.9555176,0.9680794,0.9548997,0.98400944,0.9765957,0.95190203,0.967788,0.9493011,0.9722504,0.95106924,0.9340637,0.9796506,0.9860541,0.97785807,0.9639193,0.9715738,0.90350425,0.9641057,0.97539455,0.9495859,0.9596336,0.9659687,0.97356606,0.98400944,0.948047,0.97405225,0.9764061,0.96166116
47metersdown,0.94264007,0.9999998,0.9474573,0.9103676,0.95260733,0.93225175,0.9345665,0.9544484,0.9635335,0.93320024,0.9257039,0.9260285,0.94221026,0.9444603,0.9424556,0.9707319,0.92593545,0.9438081,0.9344962,0.93803686,0.9346021,0.9499412,0.946809,0.9359998,0.9309233,0.42951864,0.9428767,0.9263279,0.94067836,0.9349879,0.94202197,0.9166567,0.93404496,0.91802573,0.9109785,0.79267275,0.96548325,0.94515294,0.9463466,0.93527734,0.9372146,0.956875,0.93877906,0.95266414,0.9590305,0.9495643,0.94966435,0.9530634,0.9531449,0.95336187,0.9470934,0.95687455,0.91109514,0.9165879,0.91544616,0.9176334,0.91700494,0.9649441,0.94513994,0.9365086,0.9176847,0.9350557,0.94625825,0.9665974,0.94612366,0.96089226,0.92589444,0.95577186,0.9145421,0.9375568,0.94289994,0.45073846,0.92051053,0.9488598,0.93369746,0.89433897,0.6646408,0.91992193,0.9395417,0.91618407,0.93330526,0.9331725,0.94531554,0.93554395,0.93038166,0.88539886,0.91850275,0.94710696,0.94097733,0.94362587,0.93401676,0.94289994,0.9485181,0.9262971,0.95007706,0.941164,0.9271566,0.94905764,0.9237178,0.9297922,0.9579842,0.9467647,0.93078595,0.94689375,0.95043296,0.9417938,0.948418,0.9605439,0.9471256,0.92920005,0.95392704,0.5923307,0.957568,0.87873197,0.9346033,0.934383,0.9549269,0.93845695,0.94667387,0.93263406,0.9565487,0.93980074,0.94350195,0.92387015,0.9600597,0.9540616,0.94873935,0.93952423,0.94318044,0.89149666,0.9468355,0.9275284,0.9226498,0.90367377,0.959172,0.9382891,0.9306957,0.936674,0.93895847,0.95004696,0.9635335,0.94683564,0.94331694,0.9548242,0.91881937,0.96027255,0.92985624,0.92749405,0.9543616,0.9386229,0.93235886,0.9478119,0.9469493,0.851534,0.945593,0.9374362,0.9219602,0.93083346,0.92646295,0.9417086,0.9635335,0.93824077,0.93367386,0.94725573,0.9473266
abeautifuldaymovie,0.9729198,0.9474573,0.99999964,0.96600187,0.97322845,0.95777994,0.97462726,0.97862077,0.98885,0.9621354,0.97318584,0.9679346,0.96228755,0.9723166,0.96561074,0.9694778,0.96401066,0.9620376,0.9600098,0.9565537,0.95425963,0.9704474,0.98795885,0.97873545,0.952839,0.45535627,0.9520673,0.9577983,0.9864217,0.9583161,0.9639657,0.9500174,0.9624948,0.9636721,0.91113025,0.7953388,0.97765493,0.96947426,0.9686514,0.96116745,0.9555198,0.9674318,0.95869696,0.96524364,0.9734105,0.9711031,0.9851303,0.9752991,0.9546348,0.9716411,0.9914564,0.97092444,0.9580179,0.95525354,0.9420329,0.963044,0.94449204,0.9738251,0.9689173,0.96473044,0.93706083,0.9697063,0.9740127,0.97761905,0.96657145,0.9688515,0.93962437,0.96998745,0.96350414,0.9736995,0.9783481,0.4546782,0.95016444,0.96139395,0.95911914,0.9386925,0.6803353,0.96663463,0.9615087,0.96164495,0.97117037,0.96439564,0.9697797,0.9547891,0.97824085,0.9365153,0.9571175,0.9688415,0.970724,0.98013234,0.9467324,0.9783481,0.9652604,0.9623618,0.9889533,0.96976876,0.9694912,0.9725584,0.9463558,0.9684579,0.96236634,0.9597094,0.96380764,0.983099,0.9517251,0.98686534,0.9726357,0.9760897,0.94700736,0.94980156,0.9706251,0.5884075,0.9715771,0.87801695,0.9628463,0.9793107,0.9832353,0.97590137,0.97622836,0.9743928,0.9760996,0.97856957,0.9700527,0.9313959,0.9796134,0.9767649,0.95709145,0.96680444,0.954812,0.9080681,0.96497023,0.95768595,0.9684523,0.9421468,0.9701483,0.9653396,0.9705751,0.95063406,0.9764713,0.96910125,0.98885,0.978937,0.9586494,0.9751513,0.95299125,0.96894777,0.95110667,0.9365807,0.97673637,0.9643254,0.9718521,0.97351265,0.9772503,0.8815011,0.97071195,0.9752653,0.97326773,0.9704838,0.96083516,0.9698927,0.98885,0.9510767,0.97266626,0.97920436,0.9779891
abominablemovie,0.93986386,0.9103676,0.96600187,1.0000001,0.95503676,0.9224665,0.9561921,0.9639422,0.96945554,0.95291543,0.96101505,0.93195504,0.9580179,0.9374017,0.94356656,0.93053794,0.96159923,0.95387685,0.92432827,0.9288152,0.93094504,0.9417857,0.9474993,0.9676413,0.9658771,0.48212203,0.9417083,0.9653075,0.9591251,0.93899477,0.9394716,0.92872715,0.93203056,0.9401019,0.8797304,0.7485575,0.9482039,0.9627927,0.9343491,0.9431682,0.93824756,0.9344206,0.90757865,0.9446652,0.95789087,0.9473374,0.9455952,0.96257555,0.9337981,0.9413362,0.9650926,0.9564648,0.95698863,0.95090747,0.9155116,0.96474636,0.9131178,0.953569,0.96272886,0.95089686,0.92503035,0.9689779,0.9641089,0.9368492,0.9615371,0.9466521,0.94883764,0.95173347,0.9582147,0.9227629,0.95993316,0.44532827,0.9297781,0.9508612,0.9347011,0.93289196,0.6596161,0.9592128,0.9429995,0.96241516,0.9603794,0.95578253,0.9513512,0.92788756,0.9604983,0.9308496,0.93291396,0.96325564,0.96001536,0.96809095,0.93462193,0.95993316,0.9323477,0.9491341,0.9638384,0.9627276,0.965431,0.9449095,0.9370767,0.9381329,0.9251134,0.958436,0.93510807,0.96493,0.9374932,0.96209276,0.9615108,0.94416124,0.9273802,0.9417577,0.9589873,0.5753211,0.94971186,0.8117483,0.9636477,0.95791274,0.9531233,0.94128966,0.9567752,0.9552347,0.95422846,0.9565129,0.95329773,0.89821476,0.96078813,0.9661876,0.9431579,0.9379075,0.9415759,0.87521005,0.9533317,0.9517911,0.96597856,0.96346146,0.93973583,0.9552366,0.9449046,0.9382325,0.95869434,0.94756347,0.96945554,0.94295585,0.929986,0.9476135,0.9320498,0.95013106,0.9282054,0.9101094,0.95147234,0.9498259,0.9598897,0.9269903,0.96618074,0.87179416,0.94684356,0.9530098,0.94016,0.95808566,0.9578106,0.9563876,0.96945554,0.94941336,0.9635778,0.9614131,0.95172995
adastramovie,0.9782634,0.95260733,0.97322845,0.95503676,1.0000002,0.94405276,0.9741503,0.96973276,0.9872404,0.9771565,0.9568082,0.9517093,0.9681804,0.96845996,0.9702717,0.9577398,0.96399975,0.9883996,0.9684121,0.95600075,0.9582028,0.96773547,0.9774255,0.96146995,0.9437938,0.483771,0.96486765,0.9697544,0.9635936,0.95760393,0.9569189,0.95223206,0.9503332,0.9440458,0.91736215,0.8286984,0.97680974,0.9754664,0.9788403,0.96005774,0.9668158,0.9732618,0.9523948,0.96788174,0.9823633,0.9511301,0.97676325,0.9702096,0.9696766,0.9764712,0.9692862,0.9769746,0.95425445,0.9463895,0.93758607,0.974631,0.93171537,0.97272915,0.96256286,0.96377236,0.9442368,0.9721558,0.97923416,0.97244304,0.96444887,0.9709788,0.9414442,0.9751967,0.96052366,0.9510976,0.97060764,0.46597245,0.9548495,0.9691991,0.944469,0.93113595,0.66410387,0.96431977,0.96854866,0.9561672,0.9592305,0.96554434,0.9636379,0.94342077,0.96503276,0.93171513,0.95868826,0.97458994,0.96068144,0.9775895,0.9646524,0.97060764,0.9649114,0.9615408,0.9743103,0.9719197,0.9740513,0.9680623,0.9426193,0.97064054,0.94962627,0.96624887,0.95749336,0.9785635,0.9551496,0.96343905,0.9778438,0.9710596,0.92966217,0.960814,0.9755946,0.5978137,0.97450054,0.8823906,0.9550747,0.96852005,0.9819001,0.96656436,0.9672486,0.97167844,0.9784199,0.9699268,0.974074,0.9315549,0.9784857,0.96464103,0.9601322,0.96223533,0.9669456,0.9091818,0.9661428,0.9716357,0.9654231,0.9485477,0.9721827,0.9606974,0.96835476,0.964545,0.967214,0.9590293,0.9872404,0.966637,0.95569825,0.96145016,0.95175153,0.97382206,0.94604254,0.94008654,0.9799987,0.96989894,0.9700457,0.9621848,0.97731924,0.88834655,0.9682823,0.970841,0.95915735,0.96849203,0.9692511,0.97328615,0.9872404,0.96496594,0.9696887,0.97816336,0.9604161
adogsjourneymovie,0.94497555,0.93225175,0.95777994,0.9224665,0.94405276,1.0000001,0.94491214,0.9480453,0.9582339,0.9397759,0.918473,0.9146337,0.93462795,0.94023716,0.93684405,0.95589346,0.9466291,0.9333869,0.93302757,0.95404106,0.93238807,0.95510936,0.9566601,0.9452061,0.9338039,0.4277742,0.9104854,0.93528116,0.9440411,0.92321604,0.93062866,0.925064,0.94602144,0.91265655,0.9405952,0.8156446,0.9524232,0.94557554,0.94058657,0.9285516,0.9421113,0.94008785,0.93351054,0.9495964,0.9528935,0.93677574,0.9629627,0.9516506,0.91739947,0.94902927,0.9489941,0.9411657,0.94176227,0.914483,0.9076028,0.926874,0.87777925,0.9251118,0.9300404,0.92663544,0.9457681,0.9423741,0.95396256,0.9458278,0.9251559,0.92305887,0.9489719,0.94334066,0.9064909,0.94441074,0.94413203,0.54046476,0.90635085,0.9460108,0.9691842,0.9149237,0.70809126,0.94857246,0.94756263,0.9617841,0.9382806,0.93663895,0.9505321,0.95098215,0.9328708,0.90766066,0.915511,0.9418041,0.935664,0.9414674,0.93377084,0.94413203,0.95445365,0.93263525,0.9527776,0.94578195,0.9320592,0.95347434,0.91687524,0.9491666,0.92530435,0.95166016,0.95715344,0.9445196,0.92715174,0.9382937,0.9544958,0.9536223,0.9081084,0.9095501,0.9397123,0.6267094,0.9458627,0.861686,0.93516624,0.94112945,0.9565167,0.94243056,0.9419085,0.9412777,0.94750565,0.93297225,0.9312689,0.9512423,0.9545905,0.9524263,0.94721574,0.9178516,0.92628396,0.9293779,0.9476711,0.9370463,0.94359183,0.92582196,0.9299726,0.92355716,0.9385927,0.91452664,0.9346806,0.94956,0.9582339,0.9395959,0.920404,0.95115566,0.9106064,0.9411029,0.9145173,0.92594856,0.9509171,0.94887686,0.95166886,0.9511254,0.9413303,0.8924251,0.96033543,0.94622517,0.9511946,0.92041034,0.92101216,0.92265785,0.9582339,0.93653584,0.9536094,0.9629279,0.95947343
aftermathmovie,0.97805274,0.9345665,0.97462726,0.9561921,0.9741503,0.94491214,1.0,0.9677896,0.9854029,0.97423697,0.9695707,0.9490312,0.9673304,0.9681371,0.9774331,0.9574488,0.9715884,0.9797902,0.96760654,0.96351206,0.9634424,0.97350806,0.971663,0.960723,0.9475985,0.5070167,0.96150047,0.9717563,0.9746901,0.9611812,0.9666132,0.95876986,0.9650403,0.95555294,0.908063,0.833907,0.97156125,0.96504164,0.9767175,0.96826905,0.96470106,0.96547985,0.9533285,0.96607745,0.9823855,0.9606486,0.9690627,0.9636373,0.95926034,0.9680723,0.97211945,0.9743153,0.9736401,0.95661575,0.9383919,0.9593226,0.9361419,0.9739431,0.9616353,0.97061163,0.95195097,0.96810013,0.965469,0.97550315,0.9661868,0.9661954,0.94614106,0.97363055,0.9636963,0.9554779,0.9805294,0.4933553,0.951028,0.9652188,0.95450705,0.95214987,0.7075235,0.963917,0.96046364,0.9501751,0.97280884,0.98598593,0.9752872,0.9539562,0.9565963,0.9405371,0.947214,0.97439873,0.97574687,0.9796567,0.9489578,0.9805294,0.9456947,0.9569519,0.9650685,0.97401005,0.9717937,0.95370936,0.97322375,0.97909045,0.9574529,0.963629,0.9375517,0.9762546,0.9506279,0.9706327,0.96778905,0.9752504,0.9262797,0.95924544,0.9785544,0.6202662,0.9668183,0.8872568,0.967306,0.9772345,0.9778221,0.97288907,0.96555686,0.9894226,0.97619665,0.9698884,0.9741113,0.9137079,0.9735998,0.96826977,0.9619549,0.96432817,0.95981973,0.9167181,0.9698899,0.9535708,0.97332907,0.9463685,0.9676784,0.9650542,0.9703309,0.95848566,0.97677606,0.9649736,0.9854029,0.97332793,0.9684421,0.96150243,0.9572318,0.9700081,0.9598726,0.9425815,0.9771104,0.97908586,0.9868914,0.96720016,0.97594804,0.9092542,0.96721923,0.9776633,0.9572581,0.96318895,0.96194834,0.97097915,0.9854029,0.9663803,0.9764542,0.9744847,0.9578745
aftermovie,0.96757036,0.9544484,0.97862077,0.9639422,0.96973276,0.9480453,0.9677896,0.99999994,0.9895025,0.96440244,0.97156787,0.95136195,0.97181535,0.97889626,0.9729198,0.96866184,0.9720752,0.9619316,0.9561496,0.96026343,0.9592125,0.9714714,0.9742665,0.9753971,0.95766777,0.48711208,0.94655526,0.962477,0.9774932,0.9539876,0.96462244,0.9505072,0.9602138,0.9518509,0.9037938,0.7732517,0.9831953,0.97913074,0.9632404,0.9618812,0.9594391,0.95453846,0.9451141,0.9542552,0.97268,0.9805233,0.97346,0.9767092,0.9660513,0.95527524,0.9802463,0.970451,0.9559193,0.959235,0.93586886,0.960948,0.94276273,0.9749927,0.97708416,0.9759571,0.94542146,0.97206944,0.96910375,0.9740262,0.97256005,0.97294503,0.9488616,0.9725802,0.9650097,0.9569703,0.98078567,0.5034927,0.9360411,0.96779335,0.947257,0.95174485,0.6888453,0.9713118,0.9746698,0.95433146,0.96215814,0.9677733,0.9706717,0.9502833,0.96601224,0.9404413,0.9523426,0.9791448,0.9770527,0.98165363,0.9428267,0.98078567,0.9538331,0.96295923,0.982502,0.9781267,0.96767586,0.96755654,0.95685554,0.9668386,0.9741887,0.96975964,0.9609334,0.9869119,0.97092223,0.9763248,0.9728051,0.97275245,0.94078726,0.94106483,0.97987103,0.60523933,0.9668418,0.866433,0.9666877,0.96835744,0.97811687,0.96142095,0.96714324,0.97222847,0.97221166,0.97037166,0.9610033,0.9323726,0.97406304,0.97299576,0.96798515,0.9637816,0.9466114,0.89741445,0.97281116,0.9440242,0.9735673,0.9377726,0.969789,0.9583733,0.9724251,0.9487882,0.9707171,0.97468835,0.9895025,0.97532666,0.9700277,0.9668341,0.95112336,0.9709397,0.9601084,0.9436132,0.971917,0.96746325,0.9652681,0.95673186,0.97783107,0.9101768,0.9712086,0.97532743,0.95910615,0.97381866,0.97881705,0.96849453,0.9895025,0.9538053,0.9736814,0.9826419,0.9661545
ahiddenlifefilm,0.98400944,0.9635335,0.98885,0.96945554,0.9872404,0.9582339,0.9854029,0.9895025,1.0000002,0.97919214,0.9798185,0.96644807,0.9827459,0.9805574,0.98269063,0.9752463,0.97831106,0.9825668,0.9745119,0.97524226,0.9733332,0.9811337,0.9858791,0.98047465,0.9642205,0.48700786,0.9695324,0.97909665,0.98559284,0.9715971,0.9785032,0.96655494,0.9707892,0.96564126,0.9235302,0.8183586,0.9899957,0.9829037,0.98553866,0.9787712,0.9722309,0.9771855,0.96420646,0.97654855,0.99058604,0.97704065,0.98540676,0.98501456,0.9758244,0.9800612,0.989162,0.9881212,0.96982807,0.9648905,0.9487214,0.9718362,0.94774646,0.987217,0.98057294,0.98167795,0.9545025,0.98012066,0.9847931,0.9870117,0.98060334,0.9822589,0.9546749,0.9860498,0.97438514,0.96986234,0.98882836,0.4864374,0.95924544,0.98072994,0.961109,0.95233446,0.69121784,0.9778467,0.9778968,0.968228,0.9782238,0.9784192,0.9849779,0.9629194,0.9773844,0.94992757,0.96172565,0.98771477,0.98325926,0.9922091,0.9633335,0.98882836,0.9683607,0.9721457,0.987533,0.9845289,0.98198736,0.98020875,0.9675863,0.9780582,0.97357416,0.9753564,0.96532685,0.99202144,0.9696382,0.985573,0.9838177,0.98528576,0.95311356,0.96426314,0.9899395,0.6035064,0.9803793,0.8822344,0.97779846,0.98534393,0.9917898,0.975737,0.9826652,0.9864131,0.98727417,0.9805513,0.9812454,0.93150944,0.9905119,0.9826158,0.9752059,0.9780097,0.97211516,0.91273373,0.9813652,0.96782416,0.9830965,0.9573786,0.98229176,0.97724974,0.9796437,0.9717667,0.9823976,0.97825944,1.0000002,0.9834492,0.9749135,0.97578704,0.96418816,0.98520046,0.96529937,0.9529795,0.98644894,0.98174727,0.98412,0.9725008,0.9891919,0.91222805,0.97985655,0.9847348,0.9710011,0.9810194,0.9782737,0.9837347,1.0000002,0.97166085,0.9851597,0.9887759,0.9743678
alitamovie,0.9565219,0.93320024,0.9621354,0.95291543,0.9771565,0.9397759,0.97423697,0.96440244,0.97919214,0.99999976,0.96402866,0.9344401,0.9657397,0.9642061,0.9686639,0.95268065,0.9721953,0.98232645,0.9539254,0.9596482,0.95464927,0.96361953,0.9627992,0.9582945,0.95778036,0.48232847,0.9548626,0.9768396,0.9620436,0.94804543,0.9526851,0.95119894,0.9413664,0.9358286,0.9038127,0.82306206,0.97562265,0.96340024,0.96382713,0.95994973,0.9717344,0.9519549,0.93423903,0.95372146,0.9719304,0.94655657,0.96354043,0.9653402,0.9488165,0.955174,0.96248746,0.9647622,0.95726156,0.94549775,0.9247903,0.9621748,0.92537403,0.9547185,0.96089363,0.96137995,0.9389761,0.9767319,0.9586705,0.96175206,0.9441564,0.95588964,0.9501326,0.97735864,0.9523795,0.95193744,0.96477485,0.4772808,0.9493935,0.9705162,0.95247686,0.9375475,0.6780583,0.9630621,0.96151423,0.9403169,0.953138,0.96944666,0.9691786,0.942482,0.9485014,0.94102156,0.94653094,0.97112244,0.9631077,0.97111374,0.958448,0.96477485,0.93217814,0.9524805,0.9679354,0.96826017,0.97181624,0.95972466,0.9527293,0.96941125,0.9559461,0.9624979,0.94834334,0.97190756,0.97118956,0.955148,0.96231955,0.96925193,0.9179857,0.9566149,0.97174567,0.63199556,0.9647289,0.85497457,0.9483855,0.95781296,0.96274143,0.9554362,0.9455205,0.9664875,0.97330946,0.95662016,0.95963645,0.90980613,0.9691467,0.9588211,0.9628953,0.9622147,0.9530624,0.91811925,0.9662891,0.96244437,0.97594815,0.9459597,0.9595181,0.9562126,0.9594698,0.951336,0.9586818,0.97057694,0.97919214,0.9584169,0.96567756,0.9377824,0.95277953,0.9586692,0.9585858,0.9443321,0.9680654,0.9598326,0.96448594,0.9483312,0.9739133,0.90881026,0.95868164,0.9623028,0.95388067,0.95250124,0.96744215,0.9598534,0.97919214,0.9628256,0.96080405,0.966334,0.9524112
angelhasfallen,0.9545504,0.9257039,0.97318584,0.96101505,0.9568082,0.918473,0.9695707,0.97156787,0.9798185,0.96402866,1.0,0.9507406,0.9577727,0.9686658,0.96664995,0.9569018,0.9574651,0.9573557,0.94386643,0.9586177,0.9710706,0.9547696,0.96981823,0.9681284,0.94339067,0.48016432,0.9425119,0.9630104,0.976041,0.9461583,0.96833587,0.9595213,0.9445911,0.95826507,0.8662022,0.7645126,0.96723163,0.95624506,0.960263,0.960677,0.9420805,0.95251036,0.93751544,0.9477646,0.9615515,0.9609815,0.96212673,0.9695991,0.9463287,0.95248014,0.9727659,0.9659563,0.94789195,0.9496608,0.91157335,0.96026987,0.9319025,0.96573955,0.9772169,0.9624815,0.9220741,0.954408,0.95797,0.96472555,0.9605194,0.9670185,0.9155087,0.9640403,0.9797567,0.95478004,0.96959025,0.4567793,0.94970775,0.9560199,0.93585324,0.9533434,0.6847774,0.9648526,0.95738727,0.93696016,0.97208464,0.95986694,0.95681036,0.9288392,0.9600379,0.94434047,0.9558183,0.9675845,0.9685013,0.98448527,0.92825514,0.96959025,0.9311266,0.9597365,0.9663467,0.96944684,0.97492963,0.96105045,0.9432623,0.95656717,0.9567501,0.94555557,0.9329681,0.97222817,0.94686127,0.97297275,0.96632516,0.96422696,0.93276983,0.94888735,0.9700657,0.56599104,0.94869757,0.8417677,0.9628796,0.97700965,0.9659627,0.9627028,0.9635149,0.9761187,0.9601427,0.96422,0.953743,0.88897556,0.96961325,0.96771747,0.94862586,0.970457,0.95362586,0.86483234,0.9716015,0.94552726,0.969894,0.92880154,0.9585164,0.95672315,0.97254187,0.9518011,0.9668519,0.95269567,0.9798185,0.96855,0.9607838,0.95156896,0.9494825,0.9583003,0.9510725,0.92379683,0.9547064,0.94916975,0.9603647,0.9487284,0.97116274,0.884199,0.9582756,0.9610432,0.9500909,0.9665652,0.96735525,0.96798116,0.9798185,0.9555196,0.96623355,0.96038556,0.94073844
angrybirdsmovie,0.9613698,0.9260285,0.9679346,0.93195504,0.9517093,0.9146337,0.9490312,0.95136195,0.96644807,0.9344401,0.9507406,1.0,0.9460549,0.9540779,0.93790346,0.94471514,0.9346036,0.93798053,0.94264925,0.91774577,0.9223206,0.9599333,0.9681106,0.9499507,0.91530025,0.4481403,0.96857595,0.9211331,0.9775716,0.95998883,0.9404803,0.9395741,0.94973904,0.9767313,0.9155818,0.80179226,0.950875,0.9494327,0.9591766,0.9505784,0.9292138,0.9571886,0.94931185,0.9470732,0.95629364,0.9399913,0.96435946,0.9640105,0.9301581,0.9545659,0.9741089,0.967967,0.9370797,0.9365032,0.91918373,0.93021774,0.9553953,0.9689095,0.9444945,0.95149386,0.88944906,0.94091994,0.94858694,0.9595667,0.9642309,0.95559704,0.9026409,0.9588985,0.94423133,0.9402784,0.9556832,0.4565298,0.94776136,0.9391374,0.9170134,0.91549534,0.66436446,0.946193,0.938915,0.9422149,0.933476,0.9363531,0.9479006,0.93125945,0.97280025,0.9099421,0.9328887,0.9387454,0.94731677,0.95595855,0.9338443,0.9556832,0.9422824,0.93546784,0.9670674,0.9499358,0.9418482,0.94673,0.939554,0.94622976,0.9364602,0.92991436,0.93518883,0.9640795,0.9137454,0.9743414,0.943324,0.9461703,0.9399089,0.94789755,0.96241295,0.5653553,0.96329916,0.86188006,0.9388487,0.96804535,0.9694275,0.96032935,0.95301366,0.94824916,0.947301,0.9601724,0.95784354,0.88106537,0.961471,0.93789834,0.9335611,0.9673827,0.94132453,0.8462817,0.92777497,0.9215387,0.93399787,0.9197595,0.9593458,0.960846,0.94363725,0.95195466,0.965856,0.9233491,0.96644807,0.9691381,0.93203264,0.94945383,0.9612041,0.9610914,0.9165886,0.927911,0.94534343,0.952887,0.9514235,0.94564414,0.9526629,0.87546515,0.93676263,0.9599716,0.949573,0.9566863,0.9513573,0.96545196,0.96644807,0.9342928,0.9499093,0.9511761,0.9496664
annabellemovie,0.9661838,0.94221026,0.96228755,0.9580179,0.9681804,0.93462795,0.9673304,0.97181535,0.9827459,0.9657397,0.9577727,0.9460549,1.0,0.94920236,0.9660037,0.94568646,0.97202474,0.96626383,0.95675516,0.96154803,0.9528677,0.9702478,0.96153736,0.9592526,0.9629251,0.4754258,0.9571562,0.9744344,0.96166754,0.9701325,0.95820457,0.9479074,0.9603248,0.9516911,0.91459715,0.80292994,0.97353786,0.9663693,0.9760326,0.9714389,0.9615414,0.9741279,0.94874793,0.9725365,0.9729153,0.9510678,0.9625099,0.96740234,0.9671365,0.97155195,0.9735228,0.98032045,0.9722009,0.953502,0.9445598,0.9380891,0.937639,0.9689847,0.95325774,0.97785264,0.95503235,0.9690036,0.9690291,0.9631842,0.9670126,0.96370685,0.9285049,0.9693533,0.959289,0.9400012,0.9814786,0.47872907,0.920557,0.9763262,0.9326561,0.94279635,0.6702959,0.97005194,0.96007806,0.9632679,0.9632628,0.9656114,0.9856875,0.950868,0.97348833,0.9587637,0.93272656,0.99139845,0.9672548,0.9755281,0.9584829,0.9814786,0.94457954,0.9569537,0.9702801,0.96851987,0.9702247,0.9587126,0.9605892,0.9529391,0.953436,0.95993066,0.96437746,0.9834873,0.9644675,0.9685819,0.9568166,0.9632076,0.9501347,0.9475448,0.97149277,0.60600215,0.95841676,0.8555704,0.970894,0.9663136,0.968211,0.9364705,0.9650473,0.9738547,0.9704946,0.9530382,0.9707714,0.9023924,0.9749195,0.963165,0.98029286,0.9661381,0.9654187,0.9077421,0.9625225,0.9533127,0.97778994,0.95876515,0.9559916,0.9719239,0.9555183,0.9666909,0.971877,0.9671589,0.9827459,0.9604914,0.9588403,0.93758506,0.9483939,0.972161,0.94436985,0.9500591,0.96738136,0.9787994,0.98237324,0.9485249,0.97324693,0.9125489,0.9591528,0.9827086,0.9478955,0.96255577,0.96119523,0.9639147,0.9827459,0.95985186,0.972967,0.9731561,0.9619573
annamovie,0.97612876,0.9444603,0.9723166,0.9374017,0.96845996,0.94023716,0.9681371,0.97889626,0.9805574,0.9642061,0.9686658,0.9540779,0.94920236,1.0000001,0.977248,0.96421504,0.9599984,0.95861083,0.9640308,0.95239687,0.95926636,0.9643641,0.9730441,0.9600558,0.9163659,0.4699199,0.939008,0.94819367,0.96781707,0.9462198,0.9540929,0.9462818,0.94657236,0.9444552,0.9045967,0.81561154,0.96861136,0.97097635,0.9670939,0.95029044,0.95630413,0.94988775,0.9477542,0.94075376,0.96822125,0.95953465,0.96977806,0.97759503,0.9563989,0.9483595,0.968376,0.95911247,0.93476915,0.9546775,0.9219157,0.9600195,0.929312,0.96177214,0.96463835,0.9549129,0.92940223,0.9510613,0.9631143,0.98124516,0.95927286,0.9608057,0.9237575,0.96305424,0.9661746,0.9612889,0.9646936,0.49632365,0.94485575,0.9486486,0.94499123,0.94970614,0.70071626,0.95292413,0.96434724,0.9351802,0.96008825,0.96579546,0.9551041,0.94603634,0.94838977,0.92739576,0.95626897,0.95910007,0.9573524,0.9729532,0.9343772,0.9646936,0.94651777,0.9592707,0.97314316,0.9828242,0.9618515,0.95343053,0.93814623,0.97656286,0.952997,0.95336586,0.9484079,0.97238284,0.9571577,0.96476537,0.96919763,0.96958953,0.91169775,0.9474199,0.97764575,0.59541065,0.9635409,0.88682747,0.94620985,0.9691205,0.9803585,0.97221506,0.9577091,0.96661323,0.97066545,0.96727294,0.9588948,0.9222711,0.95866233,0.9577671,0.9490863,0.9644605,0.9312101,0.89096105,0.9708585,0.9294254,0.962149,0.9214381,0.96408904,0.94657063,0.9804832,0.9427135,0.95849186,0.951866,0.9805574,0.97341406,0.9565199,0.9612373,0.94643474,0.9587831,0.9530941,0.94126594,0.96452326,0.9588256,0.9552997,0.9617083,0.9665588,0.90589005,0.9543592,0.9656595,0.9530644,0.96398205,0.9813703,0.9685437,0.9805574,0.94337875,0.96374923,0.9687062,0.94653904
apollo11movie,0.97702533,0.9424556,0.96561074,0.94356656,0.9702717,0.93684405,0.9774331,0.9729198,0.98269063,0.9686639,0.96664995,0.93790346,0.9660037,0.977248,0.9999999,0.94781786,0.960454,0.9674907,0.9743361,0.97189105,0.95659596,0.9625208,0.9652823,0.95232636,0.9338936,0.46928412,0.950582,0.961502,0.95850194,0.9644636,0.9620133,0.9369082,0.9577418,0.9413904,0.90071315,0.80469394,0.9739648,0.9643581,0.9758687,0.94980407,0.95953697,0.95742744,0.9381198,0.9501301,0.97651786,0.96195066,0.96245104,0.96636814,0.9674473,0.9524607,0.96311206,0.95944667,0.95441025,0.95927244,0.9304512,0.95314145,0.92382663,0.9683439,0.9525631,0.96067107,0.9390547,0.9515159,0.965974,0.9706704,0.95321965,0.95915014,0.92603374,0.95689064,0.968414,0.9446482,0.9727082,0.49030557,0.9327644,0.9554015,0.9402127,0.95086277,0.67251474,0.9579192,0.9534163,0.93260574,0.9726217,0.9708449,0.96779877,0.95113474,0.9480199,0.9402892,0.9455776,0.9753067,0.96371025,0.9763789,0.94056183,0.9727082,0.94669974,0.9696697,0.9671211,0.9831187,0.9744361,0.9475825,0.9520454,0.97469646,0.96117526,0.96139014,0.9371827,0.97499436,0.9688214,0.9605978,0.95823234,0.96594876,0.9197427,0.93888754,0.9797407,0.59596044,0.95648664,0.86431396,0.9506694,0.9759107,0.97814924,0.9511547,0.96807176,0.97004,0.976896,0.9622802,0.9691534,0.90794337,0.969653,0.95984185,0.96353954,0.9623766,0.9491258,0.8947201,0.9690412,0.9382605,0.97086865,0.9266739,0.9587211,0.96323967,0.97646445,0.9488659,0.95969325,0.96441674,0.98269063,0.96601546,0.96774,0.9457058,0.9389646,0.9640055,0.96637094,0.9436644,0.9698996,0.97327477,0.9728148,0.9514878,0.97334445,0.9260914,0.95717794,0.967637,0.9380945,0.95644975,0.97602576,0.96513796,0.98269063,0.9536305,0.9719276,0.97070426,0.94437695
arcticdogsmovie,0.9570043,0.9707319,0.9694778,0.93053794,0.9577398,0.95589346,0.9574488,0.96866184,0.9752463,0.95268065,0.9569018,0.94471514,0.94568646,0.96421504,0.94781786,1.0000001,0.9475058,0.95351833,0.950524,0.9500604,0.9636606,0.9720637,0.97153044,0.9529551,0.94093907,0.47169626,0.94294655,0.9421187,0.9717993,0.93412775,0.964747,0.95226,0.9434994,0.94899666,0.9066094,0.7986872,0.9716023,0.95144683,0.95092183,0.95148593,0.9427021,0.95642793,0.9447789,0.95242184,0.9637017,0.9662436,0.97139525,0.96268153,0.95170116,0.95670086,0.9701313,0.9638291,0.93715,0.9247075,0.90890443,0.9392667,0.9178253,0.9641086,0.9649505,0.9535913,0.9310794,0.948142,0.9517745,0.9758211,0.95491743,0.95764345,0.9351137,0.967922,0.9285365,0.9579811,0.961211,0.48234415,0.9396626,0.95249695,0.9530333,0.9278615,0.701935,0.94006604,0.94923824,0.93590266,0.9542303,0.94704485,0.95434356,0.92892617,0.9470942,0.9163952,0.9382495,0.9567471,0.9539175,0.96362823,0.93577737,0.961211,0.94370645,0.93671894,0.9614661,0.95591974,0.9430882,0.9587694,0.9369732,0.9642718,0.9642353,0.95053524,0.9463461,0.9625703,0.9485018,0.96730655,0.96450263,0.97975117,0.946607,0.94617,0.9619593,0.5934545,0.9626563,0.8604177,0.9506073,0.9600129,0.9670621,0.96610266,0.95064276,0.95814615,0.9606755,0.95233905,0.9377772,0.93725586,0.9682831,0.9648719,0.9561013,0.9598489,0.9468653,0.8980288,0.9661204,0.9387049,0.9477416,0.921475,0.96282905,0.93626106,0.9595811,0.9321402,0.96066135,0.95768267,0.9752463,0.97132695,0.9612266,0.96702546,0.9401623,0.96210194,0.9511025,0.92843735,0.9648619,0.95193046,0.9429245,0.9592389,0.9667823,0.85987437,0.9657608,0.9479613,0.9477211,0.9450832,0.94225866,0.9553287,0.9752463,0.94785756,0.9496545,0.96521246,0.9620762
arcticmovie,0.95613694,0.92593545,0.96401066,0.96159923,0.96399975,0.9466291,0.9715884,0.9720752,0.97831106,0.9721953,0.9574651,0.9346036,0.97202474,0.9599984,0.960454,0.9475058,1.0000001,0.9725125,0.94842666,0.9654509,0.9502301,0.96396977,0.95783186,0.9583352,0.9604087,0.506938,0.9456312,0.98039216,0.9588335,0.94230056,0.9389472,0.9478282,0.9420989,0.93624645,0.9107821,0.83048105,0.9682801,0.959737,0.9649524,0.9612457,0.96052974,0.94259375,0.9334312,0.94274145,0.9649169,0.9559396,0.9593219,0.9589881,0.9565168,0.9427736,0.9697078,0.9668195,0.9640247,0.9522613,0.9261207,0.9646564,0.91697097,0.955205,0.95498776,0.96317023,0.95981336,0.97718537,0.9614014,0.9628161,0.9565578,0.95490634,0.9525973,0.9710239,0.95009565,0.95012426,0.9697141,0.5099985,0.9321811,0.96876585,0.94750446,0.95836085,0.71064216,0.97246706,0.97026616,0.9615609,0.9591051,0.96993494,0.97057605,0.9429879,0.9529515,0.9585933,0.94090587,0.9781591,0.9679437,0.9694908,0.943185,0.9697141,0.9299008,0.9520943,0.9699027,0.97006553,0.9714589,0.94665563,0.96158016,0.96367615,0.9508421,0.97036713,0.95559025,0.9740917,0.9577761,0.96432984,0.97177655,0.9650232,0.9080957,0.9481594,0.9648859,0.6327525,0.9533401,0.8650667,0.95708585,0.9538771,0.96005255,0.94947594,0.9485429,0.97136086,0.9614908,0.9551107,0.9579293,0.9019321,0.9613305,0.95853484,0.96686417,0.95645875,0.9499187,0.90596485,0.97261524,0.9591189,0.9889017,0.95803744,0.9516711,0.94608694,0.9554167,0.9471299,0.9626195,0.96986777,0.97831106,0.9583505,0.9576554,0.9539329,0.9345883,0.9537672,0.9557454,0.94458073,0.96635747,0.96574956,0.97134,0.94985783,0.9769281,0.9110859,0.9699721,0.9717328,0.9517569,0.96576273,0.962034,0.95649385,0.97831106,0.9553,0.96722543,0.9754365,0.954135
artofracingmovie,0.96894854,0.9438081,0.9620376,0.95387685,0.9883996,0.9333869,0.9797902,0.9619316,0.9825668,0.98232645,0.9573557,0.93798053,0.96626383,0.95861083,0.9674907,0.95351833,0.9725125,1.0000002,0.9617971,0.95803213,0.9640132,0.96496266,0.9669859,0.95141053,0.9464091,0.4909403,0.9688684,0.98174286,0.9587333,0.9543458,0.9544556,0.9538478,0.94084495,0.9398613,0.9078396,0.84431386,0.9711619,0.96372867,0.97624284,0.9638949,0.95942634,0.96327245,0.94557196,0.95720994,0.97862035,0.9455151,0.96628267,0.959256,0.9621752,0.9635901,0.96108896,0.9765114,0.958627,0.9460274,0.9283568,0.974068,0.9224715,0.96706975,0.9593147,0.96051425,0.9346125,0.9756086,0.96939826,0.9662658,0.9621747,0.96621263,0.947904,0.98190665,0.95441437,0.94779557,0.9639094,0.45525286,0.9601476,0.9689744,0.94201577,0.9387366,0.66615725,0.9588176,0.9622211,0.94702816,0.96038383,0.97060585,0.96243143,0.9316005,0.9505134,0.93469507,0.9503099,0.9753751,0.9596024,0.9760175,0.96261007,0.9639094,0.9408219,0.95195764,0.9614647,0.96652865,0.97446215,0.9573623,0.95307106,0.97070026,0.95009434,0.97067773,0.93977237,0.9695834,0.956749,0.9578222,0.96958226,0.9679347,0.9148177,0.9599881,0.97245544,0.60609573,0.96488833,0.8706756,0.95137006,0.9615833,0.9684899,0.9631079,0.9554529,0.96935314,0.9687267,0.9582473,0.96616334,0.9154198,0.97530633,0.9549185,0.96081936,0.9597781,0.97128123,0.9033277,0.9674698,0.9749771,0.9714525,0.942506,0.9598738,0.95846474,0.9598849,0.96678126,0.95719457,0.96181667,0.9825668,0.9643732,0.95940983,0.9509282,0.9426798,0.9706674,0.9554915,0.93825984,0.97493535,0.9709586,0.9674069,0.95342124,0.97609985,0.8904039,0.9666636,0.9614324,0.9437006,0.9600358,0.96196336,0.96940374,0.9825668,0.9654306,0.9652164,0.97196525,0.9476396
avengers,0.9840434,0.9344962,0.9600098,0.92432827,0.9684121,0.93302757,0.96760654,0.9561496,0.9745119,0.9539254,0.94386643,0.94264925,0.95675516,0.9640308,0.9743361,0.950524,0.94842666,0.9617971,0.99999994,0.9589161,0.9510067,0.96540886,0.95485806,0.9374559,0.91939527,0.5002074,0.94827956,0.9491699,0.9580072,0.96688586,0.96055377,0.9372668,0.94658864,0.9410778,0.9159232,0.8426491,0.9670555,0.95273703,0.9797701,0.95031494,0.9478574,0.9585243,0.9444886,0.9496732,0.97328675,0.9586862,0.95505476,0.95023835,0.96440613,0.95965093,0.96391904,0.95815134,0.94385517,0.93047255,0.9495814,0.9483176,0.9125025,0.96009654,0.9321552,0.95470285,0.9317413,0.9377467,0.960187,0.9714036,0.941454,0.94952685,0.9237234,0.95217866,0.9547148,0.94400084,0.965154,0.49166578,0.9334715,0.94909775,0.9354289,0.92099583,0.7067019,0.93697363,0.93245053,0.93934023,0.9588434,0.951261,0.9648115,0.95328027,0.9510067,0.92655486,0.9536968,0.96498793,0.95670253,0.9693975,0.9352737,0.965154,0.95960873,0.9619569,0.95979404,0.9596376,0.95669746,0.9409227,0.946833,0.9718972,0.94916564,0.94260025,0.93843585,0.9666708,0.94034433,0.9592733,0.95795965,0.9645558,0.9174019,0.94990206,0.9699312,0.5989376,0.95540935,0.87525004,0.9462998,0.97075,0.97471666,0.9493777,0.96030074,0.9643479,0.96836233,0.94911176,0.9678718,0.9007304,0.95853347,0.9532772,0.9455284,0.97204685,0.94217324,0.899934,0.95106256,0.92982626,0.9573433,0.92976195,0.9594547,0.95515376,0.9686862,0.9351213,0.9624894,0.94872624,0.9745119,0.96573925,0.95665777,0.9451431,0.9376579,0.95376515,0.9474876,0.93788946,0.96580666,0.9706637,0.9683079,0.9574277,0.9694149,0.9046497,0.9589835,0.95981175,0.93955976,0.9524392,0.9546744,0.96007127,0.9745119,0.9405026,0.9597815,0.9568679,0.94927543
beachbummovie,0.954231,0.93803686,0.9565537,0.9288152,0.95600075,0.95404106,0.96351206,0.96026343,0.97524226,0.9596482,0.9586177,0.91774577,0.96154803,0.95239687,0.97189105,0.9500604,0.9654509,0.95803213,0.9589161,0.99999976,0.96495247,0.9595384,0.95491636,0.9467737,0.9469468,0.45789838,0.92462015,0.96705765,0.9517251,0.9462626,0.9657075,0.95761424,0.9479747,0.92456055,0.9054186,0.83939356,0.97421485,0.94629663,0.971001,0.96182287,0.95930165,0.9551645,0.9416978,0.9500423,0.965569,0.950472,0.95853114,0.9535078,0.9543639,0.95299244,0.9561157,0.9632786,0.9465085,0.9305697,0.92100227,0.9440053,0.89872724,0.9542961,0.9509996,0.95184845,0.95490104,0.9491707,0.9573694,0.96272594,0.94270676,0.9556051,0.93140286,0.95654994,0.94820637,0.9616895,0.96310425,0.52128845,0.9362441,0.9655551,0.95860773,0.94033444,0.70922834,0.96254593,0.95951295,0.9453574,0.9657568,0.9537081,0.96985024,0.95090646,0.934511,0.94057226,0.9313257,0.97577226,0.95924944,0.9711286,0.9397806,0.96310425,0.940564,0.9565826,0.9526905,0.9620445,0.96083426,0.96386415,0.94246423,0.96040267,0.9579036,0.95511436,0.94739187,0.96183246,0.9474094,0.9511109,0.9599652,0.9660384,0.919274,0.9401911,0.9612792,0.6207267,0.94181144,0.8761794,0.95323706,0.9605647,0.96279377,0.9429774,0.95664006,0.9701092,0.96345514,0.9419417,0.9494185,0.90309685,0.96984553,0.96421427,0.9628594,0.9507632,0.95633364,0.91194624,0.9732522,0.9515372,0.97668195,0.94033104,0.95302063,0.94684964,0.96148074,0.9450086,0.9472527,0.96404594,0.97524226,0.94874525,0.96120965,0.94284457,0.931521,0.9559396,0.95388204,0.9392085,0.95911,0.95534194,0.96754044,0.948941,0.96542615,0.91385806,0.9599742,0.9557328,0.950058,0.94640255,0.94439656,0.9497196,0.97524226,0.95478415,0.9654809,0.9628127,0.9409415
bernadettefilm,0.9597617,0.9346021,0.95425963,0.93094504,0.9582028,0.93238807,0.9634424,0.9592125,0.9733332,0.95464927,0.9710706,0.9223206,0.9528677,0.95926636,0.95659596,0.9636606,0.9502301,0.9640132,0.9510067,0.96495247,1.0,0.9590828,0.964685,0.94517374,0.9239547,0.5077044,0.9285977,0.9688791,0.95883465,0.94352067,0.968081,0.97355026,0.93840957,0.9373341,0.8774308,0.8079653,0.96280736,0.9472819,0.9664155,0.9610916,0.9318357,0.9519637,0.94986755,0.94466156,0.95843214,0.9417453,0.9639593,0.9576943,0.945597,0.9530064,0.954554,0.9614158,0.9430711,0.92778987,0.90341944,0.95320886,0.904308,0.95352286,0.96452326,0.956765,0.9336383,0.9384756,0.9567861,0.960603,0.9513819,0.9577254,0.9089974,0.96045196,0.9535931,0.951341,0.95890343,0.49534112,0.94434947,0.95550674,0.9315724,0.95477283,0.71385306,0.9508286,0.95872694,0.9349189,0.96835107,0.9539807,0.9514035,0.9111696,0.94024026,0.9361353,0.94577897,0.9661993,0.9507446,0.9739226,0.93045783,0.95890343,0.9245289,0.9454102,0.9471922,0.95707726,0.9622741,0.95953935,0.9340094,0.96393657,0.9435404,0.9397807,0.92976004,0.96006423,0.93615323,0.95362836,0.96549994,0.96054214,0.92124045,0.93110704,0.9584689,0.5662721,0.9358543,0.85454184,0.9587702,0.9661554,0.9628162,0.956636,0.94952655,0.97349346,0.9494222,0.93818784,0.93564427,0.91422206,0.96489966,0.94949955,0.9517891,0.9549591,0.96581256,0.88298994,0.9805856,0.95560277,0.9662509,0.9178852,0.94470596,0.9470702,0.9772032,0.94333327,0.9456732,0.9367953,0.9733332,0.96501046,0.9480981,0.9459184,0.9287749,0.9522044,0.94339126,0.92272043,0.95313996,0.9534754,0.95176,0.9419098,0.9562567,0.88426423,0.951732,0.95000803,0.9393418,0.9523446,0.949173,0.9593849,0.9733332,0.9551245,0.96173155,0.95894516,0.9292818
