movie,21bridgesmovie,47metersdown,abeautifuldaymovie,abominablemovie,adastramovie,adogsjourneymovie,aftermathmovie,aftermovie,ahiddenlifefilm,alitamovie,angelhasfallen,angrybirdsmovie,annabellemovie,annamovie,apollo11movie,arcticdogsmovie,arcticmovie,artofracingmovie,avengers,beachbummovie,bernadettefilm,blackandbluemovie,blackchristmas,blindedbythelightmovie,bombshellmovie,booksmart,breakthroughmovie,brianbanksmovie,brightburnmovie,brittanyrunsmov,captainmarvelofficial,captivestatemovie,catsmovie,charliesangels,childsplaymovie,clarathefilm,coldpursuitmovie,countdown,currentwarmovie,darkwatersmovie,detectivepikachumovie,disneyaladdin,disneyfrozen,disneymaleficent,doctorsleepmovie,dolemiteismyname,dontletgomovie,doramovie,downtonabbey_official,dumbo,escaperoom,everybodyknowsmovie,fastandfuriousmovie,fightingwmyfam,fivefeetapartfilm,fordvferrari,freaksthefilm,geminimanmovie,glassmovie,gloriabellmovie,godzillamovie,goldfinchmovie,goodboysmovie,goodliarmovie,gretafilm,halathemovie,happydeathdaymovie,harrietfilm,hellboymovie,hersmellmovie,highlifemovie,highstrungmovie,honeyboymovie,hotelmumbaifilm,httydragon,hustlemovie,hustlersmovie,isntitromantic,itmovieofficial,jayandsilentbob,johnwickmovie,jojorabbitmovie,jokermovie,judythefilm,jumanjimovie,justmercyfilm,knivesout,lalloronamovie,lastblackmansf,lastchristmasthemovie,latenightmovie,lighthousemovie,lionking,littlethemovie,littlewomenmovie,littlewoodsfilm,longshotmovie,lordsofchaosmovie,lucyintheskyfilm,mamovie2019,marriagestory,meettheaddams,meninblack,midsommarmovie,midwaymovie,missbalamovie,missinglinkfilm,motherlessbklyn,onceinhollywood,onthebasisofsex,overcomermovie,peanutbutterfalcon,petsematarymovie,piercingmovie,playingwithfire,playmobilthemovie,pomsmovie,queenandslim,rambomovie,readyornotfilm,richardjewellfilm,rocketmanmovie,scarystoriesmovie,secretlifeofpets,serenityfilm,shaftmovie,shazammovie,spidermanmovie,spiesindisguise,starwars,stormboymovie,stubermovie,taosdfilm,teenspiritmov,terminator,theaeronautsmov,thebestofenemies,thedeaddontdie,thefarewell,thehighwaymen,thehummingbirdprojectfilm,theintrudermovie,theirishmanfilm,thekitchenmovie,thelegomovie,themustangfilm,thenightingalefilm,theprodigymovie,thesunisalsoastar,theupsidefilm,tolkienmovie,toystory,triplefrontier,uglydolls,uncutgems,underthesilverlake,usmovie,wavesmovie,whatmenwant,wonderparkmovie,wrinklestheclown,xmenmovies,yardiefilm,yesterdaymovie,zombieland
21bridgesmovie,1.0,0.95601577,0.9615067,0.9686926,0.9740413,0.9545912,0.9719367,0.9631561,0.98599577,0.9583169,0.9535466,0.94062215,0.9672978,0.97126997,0.9655409,0.9697047,0.9626137,0.9688949,0.9858344,0.9533296,0.97651446,0.9752672,0.9546881,0.97500837,0.9672097,0.6923379,0.95571774,0.9745545,0.96774244,0.9403521,0.9653343,0.96598536,0.9518428,0.95332164,0.941468,0.81881046,0.9808495,0.9595202,0.9775501,0.94191545,0.9415568,0.97109526,0.9494103,0.9573768,0.9755369,0.9567501,0.950437,0.95330113,0.94507146,0.9677893,0.9665284,0.97444546,0.95633733,0.9707402,0.93650234,0.9685996,0.96090794,0.96869713,0.96868706,0.96751696,0.95744467,0.97246933,0.95015794,0.95479244,0.9281379,0.95423114,0.94550765,0.95614886,0.93696666,0.89864624,0.96524644,0.6259862,0.9478447,0.98137146,0.96531236,0.9459767,0.79511976,0.9586724,0.9695663,0.9540272,0.95734,0.9658631,0.9643368,0.9628082,0.9568985,0.95229113,0.94802964,0.96581495,0.95875245,0.96288705,0.9590132,0.96524644,0.9422108,0.94687456,0.9687486,0.97714025,0.9487397,0.9437715,0.96809876,0.94288,0.9532018,0.94407105,0.9557999,0.97750914,0.9525764,0.96697825,0.9686923,0.9604302,0.94472915,0.9699484,0.95507956,0.71820927,0.96416366,0.8845901,0.9649167,0.9570646,0.99049675,0.9572267,0.97469467,0.96601385,0.95261276,0.9545634,0.9625057,0.9330246,0.9634303,0.9685895,0.9665195,0.9644366,0.9759118,0.8906555,0.9747334,0.9737827,0.96147984,0.9405641,0.9575642,0.95470303,0.97396934,0.95869255,0.9680561,0.9423761,0.98599577,0.9800869,0.9465012,0.95288944,0.94317377,0.97397006,0.96087414,0.9498211,0.9577844,0.9743098,0.97158146,0.9617742,0.9546879,0.936653,0.9567449,0.95607555,0.97112125,0.9482004,0.9669724,0.9546376,0.98599577,0.97637993,0.9668589,0.9693888,0.9728851
47metersdown,0.95601577,1.0,0.9406154,0.93978304,0.9581706,0.94130874,0.94324476,0.9526433,0.9701395,0.91426563,0.93370694,0.9076489,0.94767296,0.94561213,0.9681022,0.95837605,0.9497735,0.9606816,0.9543244,0.9449084,0.94507164,0.95778906,0.961348,0.96191174,0.95979816,0.64762014,0.93448484,0.9549416,0.93578655,0.93095225,0.9624396,0.9349598,0.92717355,0.92427737,0.9318975,0.7769021,0.9606253,0.9339022,0.9509859,0.94178843,0.9481703,0.96120244,0.9596865,0.9529927,0.95770717,0.94313097,0.9508789,0.95503026,0.921017,0.9582149,0.9382997,0.95201457,0.9317036,0.9412633,0.9263599,0.9438392,0.93894416,0.95893717,0.95068157,0.9652985,0.9386737,0.9505302,0.93486786,0.95157385,0.9284554,0.9426649,0.92636806,0.9353318,0.94050735,0.90662086,0.96092165,0.56426215,0.9148579,0.9547091,0.93652505,0.9271478,0.7637871,0.93168664,0.95233345,0.9205236,0.9334814,0.92514807,0.96983075,0.95878357,0.9282482,0.9489295,0.95820695,0.94815683,0.9425669,0.9533693,0.9413009,0.96092165,0.9380604,0.94765174,0.94175345,0.964631,0.94512653,0.9391445,0.939876,0.93520606,0.9393326,0.9382958,0.93731594,0.96474814,0.94757086,0.9438496,0.9565127,0.95145345,0.9441984,0.9429618,0.9586734,0.70042634,0.95166135,0.8533906,0.9689517,0.9434892,0.96208674,0.95077777,0.95402926,0.94523364,0.9485934,0.93896466,0.961958,0.9498565,0.96658784,0.9668439,0.9444699,0.9436151,0.96155006,0.9058947,0.94483083,0.9576744,0.9430029,0.9264485,0.9465967,0.9434686,0.96233606,0.93941486,0.9502966,0.9389044,0.9701395,0.94026744,0.94259095,0.93822825,0.93156034,0.9406104,0.9366553,0.9311145,0.9438562,0.9376325,0.94229954,0.94698894,0.9401134,0.89899355,0.96875876,0.9465829,0.9657856,0.9416701,0.9554576,0.95286155,0.9701395,0.9560444,0.9505264,0.9572808,0.94330585
abeautifuldaymovie,0.9615067,0.9406154,1.0,0.95580727,0.9553803,0.9481767,0.9546604,0.96201396,0.98091197,0.9426362,0.94965243,0.9615434,0.97030634,0.96681213,0.9528778,0.96032614,0.9567541,0.94690645,0.95825887,0.95785713,0.9661334,0.97515553,0.95189303,0.9745498,0.9607874,0.70473826,0.9386294,0.9653436,0.9851065,0.9313337,0.9663856,0.95934856,0.9398519,0.9602575,0.9207841,0.8471575,0.9637279,0.96097773,0.9616744,0.9417122,0.9395503,0.965761,0.9499383,0.97927636,0.96267015,0.9612038,0.9512823,0.9651611,0.9327577,0.9755959,0.98115903,0.9673906,0.9321491,0.9460132,0.9643153,0.94408166,0.9646402,0.9696796,0.96223867,0.96790975,0.94809747,0.9675838,0.9392911,0.96407104,0.9489825,0.96362513,0.9555706,0.94732165,0.917724,0.910885,0.9603486,0.6555069,0.9360896,0.9483644,0.9426915,0.94758344,0.81352293,0.95261395,0.960936,0.92611414,0.9413109,0.9585781,0.964212,0.94375193,0.96146095,0.9607332,0.9420577,0.96618754,0.9548013,0.9552561,0.95311683,0.9603486,0.95698255,0.9416067,0.97508186,0.96241933,0.94410217,0.9515209,0.9439438,0.92546546,0.96584886,0.950363,0.9601721,0.970629,0.95761144,0.98234075,0.95826197,0.956282,0.9530631,0.9537924,0.94851476,0.76389503,0.9567652,0.8810646,0.9569987,0.94793767,0.9709212,0.94204617,0.96686983,0.95276475,0.9545069,0.96381146,0.96487117,0.9420283,0.9668267,0.959115,0.961722,0.9658777,0.95124906,0.9081371,0.9793688,0.9685275,0.9730227,0.94062525,0.9596107,0.9348157,0.96037775,0.9617302,0.9658998,0.96199745,0.98091197,0.97961885,0.97397196,0.953662,0.9387809,0.95510393,0.92667955,0.9252792,0.94051945,0.9673812,0.94453406,0.98610026,0.954533,0.9113227,0.9541335,0.9496401,0.9362748,0.94286525,0.95326966,0.9488295,0.98091197,0.9668555,0.95455706,0.96123224,0.9650848
abominablemovie,0.9686926,0.93978304,0.95580727,1.0000001,0.94683075,0.9324422,0.956571,0.9504652,0.97389436,0.92702234,0.9396512,0.94013506,0.976671,0.95455754,0.9543006,0.9479283,0.95051104,0.9354226,0.9554261,0.948066,0.9558028,0.9538162,0.9438198,0.9480166,0.9408966,0.64589167,0.9351791,0.9642554,0.9538177,0.9232432,0.9515391,0.9539097,0.9481485,0.9408634,0.94934183,0.8122161,0.96878445,0.9506821,0.96669495,0.9215618,0.9146585,0.9743056,0.9477927,0.9603983,0.958549,0.9471129,0.9353817,0.94308615,0.92151344,0.97132593,0.96243846,0.96104324,0.9295958,0.96861553,0.93619835,0.9410427,0.9433328,0.96426904,0.9704747,0.95484567,0.9363183,0.9639471,0.93114895,0.93832976,0.918784,0.9530161,0.95725226,0.9470939,0.9302435,0.8831446,0.95408875,0.6114351,0.9336116,0.95593154,0.9447739,0.9272123,0.7619141,0.9420353,0.95208615,0.92977417,0.948588,0.95834905,0.95748013,0.936904,0.94681734,0.93681824,0.94699293,0.9715536,0.9351966,0.95252013,0.93734133,0.95408875,0.9387858,0.94524574,0.9653907,0.96763706,0.9370974,0.9446403,0.95236266,0.94344735,0.94881153,0.9284355,0.9336314,0.9629286,0.93430495,0.96382904,0.9514267,0.9378507,0.92297435,0.9321682,0.94695985,0.7027292,0.95676076,0.8491803,0.9547272,0.9538848,0.97117215,0.9378935,0.952286,0.9506345,0.9520963,0.9590309,0.95277125,0.92437893,0.95677346,0.95380235,0.95487404,0.9612239,0.9529246,0.9021848,0.9691316,0.9505885,0.95749646,0.9248447,0.9537575,0.93479836,0.9606683,0.94998896,0.9608285,0.92058235,0.97389436,0.962232,0.9273126,0.9388647,0.93313223,0.9548034,0.91541314,0.9643986,0.943081,0.95801777,0.95998317,0.9552801,0.9407954,0.92455155,0.9384955,0.9522565,0.93785685,0.9433993,0.959338,0.9563841,0.97389436,0.971104,0.9537736,0.95155305,0.9478119
adastramovie,0.9740413,0.9581706,0.9553803,0.94683075,0.99999994,0.95341176,0.96310383,0.952834,0.976679,0.9673114,0.93180025,0.93347955,0.95163745,0.9562291,0.95839995,0.9645262,0.9533568,0.97870725,0.9618316,0.9345039,0.95884967,0.96322924,0.9649136,0.9689101,0.9432346,0.6833999,0.9566919,0.9677798,0.95200163,0.94843847,0.95035964,0.9524007,0.93751353,0.93227386,0.9244479,0.79083943,0.9773983,0.9516346,0.96008646,0.94702667,0.95844483,0.96417016,0.9433696,0.95874184,0.9639877,0.93534976,0.96997935,0.95327735,0.9216633,0.9690632,0.951511,0.9645152,0.9409386,0.951071,0.92629385,0.9644066,0.94730556,0.967621,0.9493366,0.9634686,0.9573517,0.9595074,0.95087075,0.9569866,0.92672825,0.939123,0.9405077,0.9350222,0.93317366,0.9041764,0.9602091,0.618544,0.93060267,0.96933454,0.94804204,0.93077767,0.7752234,0.93573505,0.95154697,0.93502593,0.9286072,0.94561195,0.96449035,0.95970327,0.94264853,0.9502925,0.9454386,0.9409728,0.96580875,0.9658017,0.9518451,0.9602091,0.93110806,0.9405043,0.96665186,0.9641521,0.9430448,0.93804127,0.95448995,0.93707204,0.9375056,0.9326281,0.9481363,0.96903217,0.960277,0.95657927,0.9519464,0.96924025,0.9414628,0.94449854,0.9558563,0.7005896,0.9554979,0.867061,0.9546332,0.9438481,0.9762838,0.94806325,0.9529422,0.95843863,0.95572,0.94789094,0.96051544,0.9422533,0.95656,0.9606772,0.95125014,0.9478384,0.9741357,0.879053,0.9576244,0.9789389,0.9497408,0.9318972,0.9561693,0.9600771,0.95935315,0.9512477,0.95538914,0.94408387,0.976679,0.9646027,0.94314516,0.94837224,0.92025524,0.9668429,0.95114744,0.91839707,0.96116155,0.96294487,0.959455,0.95661706,0.93781054,0.9205747,0.9585166,0.9497892,0.9652122,0.94131494,0.9561582,0.94528353,0.976679,0.96233505,0.95269716,0.9619549,0.96025485
adogsjourneymovie,0.9545912,0.94130874,0.9481767,0.9324422,0.95341176,1.0,0.96311873,0.9355643,0.9679016,0.91427076,0.9400319,0.9420268,0.945203,0.95941204,0.9544937,0.95586044,0.9385906,0.9310607,0.9605937,0.9379013,0.9516282,0.95215756,0.9582074,0.9570386,0.9434126,0.694525,0.9402353,0.96071714,0.94516295,0.9631878,0.9516342,0.9598414,0.94589114,0.93851763,0.9219086,0.78652346,0.9486186,0.94161916,0.94734865,0.9325748,0.94014925,0.9515522,0.92899776,0.9375997,0.96925116,0.93064874,0.9655729,0.9601918,0.9259214,0.94282717,0.9544951,0.95438427,0.9511428,0.9489279,0.9296179,0.94371516,0.9527556,0.95392424,0.94228023,0.94969344,0.936861,0.9611529,0.9600356,0.9209835,0.9109672,0.95709044,0.93433195,0.9242563,0.951756,0.9205824,0.95615774,0.6083454,0.939678,0.9454527,0.96624756,0.92111987,0.769037,0.94164425,0.95783275,0.95641106,0.9540595,0.9431286,0.9435943,0.9478491,0.942993,0.9258124,0.94202614,0.9497115,0.9608821,0.967679,0.95828176,0.95615774,0.8985461,0.9469901,0.95411694,0.96007186,0.9422113,0.95117694,0.959285,0.9406721,0.9300493,0.9361078,0.94847244,0.9645873,0.94483864,0.9597147,0.9399347,0.9328297,0.92207485,0.95913845,0.9453883,0.68330634,0.9423057,0.8805031,0.9298101,0.9361538,0.95148903,0.97548765,0.95848835,0.95785475,0.93393916,0.93896776,0.9410294,0.96740615,0.95604557,0.94245553,0.9659125,0.93643206,0.9484052,0.86868423,0.9600684,0.9436646,0.9477058,0.9197679,0.940733,0.9655177,0.95539945,0.9490049,0.9555572,0.9242251,0.9679016,0.95016557,0.9304295,0.9388712,0.89616084,0.95889115,0.9491085,0.9360378,0.9034784,0.92332,0.95480573,0.9411354,0.93760574,0.8957724,0.9527294,0.953474,0.9758898,0.9491986,0.9471378,0.93272704,0.9679016,0.9498133,0.96747714,0.97072715,0.9559956
aftermathmovie,0.9719367,0.94324476,0.9546604,0.956571,0.96310383,0.96311873,0.9999999,0.9503149,0.97820777,0.9458388,0.9335567,0.9557916,0.9626965,0.97055906,0.94373876,0.9760618,0.9317265,0.95551467,0.9714326,0.9383103,0.9514889,0.962548,0.9552504,0.96539575,0.937684,0.674356,0.9652461,0.95112544,0.9659661,0.96698195,0.9568658,0.9720582,0.9498349,0.9650143,0.94247997,0.8127955,0.9747653,0.9569194,0.9724945,0.9442487,0.9383521,0.9668672,0.928028,0.9512626,0.9838101,0.9394876,0.960343,0.96206456,0.95513505,0.9565635,0.96964806,0.96634233,0.93849194,0.96492094,0.9383418,0.9692783,0.95542175,0.9658507,0.9631901,0.955775,0.9393367,0.96893096,0.96997523,0.9438148,0.9444174,0.9477917,0.9446536,0.93666077,0.9454296,0.9214875,0.96282864,0.58828133,0.9358162,0.95785373,0.96085745,0.9369789,0.7997108,0.9531671,0.9441136,0.9380657,0.9727762,0.9832599,0.95729977,0.9465958,0.9711088,0.9217559,0.95249164,0.9577771,0.9585523,0.9744952,0.965845,0.96282864,0.9259904,0.9433824,0.9732382,0.959255,0.9348185,0.9506664,0.9868358,0.9480431,0.9457692,0.9264281,0.9516441,0.96725446,0.9569552,0.97142696,0.939152,0.9518381,0.9420424,0.9578308,0.9568635,0.7417576,0.9674739,0.90580654,0.95044374,0.9534103,0.9669297,0.95717955,0.97770166,0.99319935,0.9446923,0.96463656,0.96210736,0.9370768,0.95755416,0.95286417,0.9681501,0.96096617,0.97251517,0.87919974,0.96663123,0.9593793,0.9476087,0.92728966,0.9558118,0.97513485,0.9591696,0.95115983,0.96832347,0.92981786,0.97820777,0.9700288,0.9442416,0.941953,0.9159474,0.96565604,0.9481934,0.95277876,0.92405,0.95248026,0.99346554,0.9498936,0.92526835,0.929968,0.95289415,0.9647065,0.9633275,0.9644144,0.9616588,0.95585144,0.97820777,0.9689081,0.96952814,0.971206,0.9539437
aftermovie,0.9631561,0.9526433,0.96201396,0.9504652,0.952834,0.9355643,0.9503149,0.99999976,0.98191786,0.9366509,0.9664761,0.9422384,0.95998675,0.9696223,0.9592662,0.95923,0.963628,0.9525698,0.9516425,0.9621212,0.9700947,0.9446438,0.9626349,0.9619371,0.96872026,0.68206906,0.9427755,0.9596898,0.951357,0.91554165,0.9626846,0.9440985,0.9269181,0.93476695,0.93461686,0.8536871,0.9655676,0.93780947,0.97453916,0.94251186,0.9452169,0.9649908,0.95320505,0.9694544,0.9701596,0.9762031,0.95604527,0.9659547,0.93255514,0.9709293,0.94727975,0.96772444,0.95137614,0.9614643,0.92646515,0.923021,0.9414327,0.96356577,0.9605933,0.97431386,0.96186304,0.9506647,0.95446265,0.96253705,0.9341902,0.960782,0.947642,0.9633517,0.94311106,0.90616375,0.9685659,0.6021692,0.9417256,0.9465897,0.96200174,0.93399656,0.7726534,0.94841856,0.9619056,0.951567,0.949398,0.93930715,0.97390795,0.9578523,0.9322497,0.96580863,0.95105875,0.9662856,0.94744986,0.954878,0.9321432,0.9685659,0.95589256,0.952043,0.94194394,0.9708119,0.9728236,0.9546325,0.9454432,0.95011175,0.96994805,0.9600367,0.94575363,0.9673705,0.9604999,0.9502751,0.9788718,0.9643425,0.9194204,0.9505741,0.967049,0.73911965,0.96182865,0.86919767,0.96710056,0.95740247,0.9675513,0.9559352,0.96691394,0.95296913,0.9496774,0.95471245,0.9414262,0.93076426,0.97230023,0.9656528,0.95917976,0.9580149,0.95392215,0.8847665,0.9671585,0.9517224,0.9663148,0.9513234,0.9777668,0.9214111,0.9636193,0.96270233,0.9640454,0.96209514,0.98191786,0.95383966,0.9643681,0.9739185,0.9616102,0.96440077,0.9418696,0.9374648,0.9678023,0.95651066,0.948373,0.9650287,0.96421987,0.8999707,0.9614137,0.9552792,0.9571897,0.9547943,0.96545094,0.9617624,0.98191786,0.96626264,0.9555813,0.96426135,0.94857377
ahiddenlifefilm,0.98599577,0.9701395,0.98091197,0.97389436,0.976679,0.9679016,0.97820777,0.98191786,1.0,0.9518562,0.9704826,0.96681833,0.98246086,0.98343444,0.9777623,0.98277533,0.97697073,0.97276103,0.9782722,0.97482353,0.9828396,0.98083925,0.97757924,0.98421293,0.9738364,0.6949507,0.96598905,0.98337656,0.97792596,0.9556653,0.98242706,0.97171444,0.96020097,0.9634243,0.9505616,0.84160495,0.9871324,0.9648616,0.9881749,0.9566598,0.9590058,0.9838082,0.97101456,0.9797693,0.98805696,0.97844374,0.9736745,0.9811552,0.95165086,0.98467094,0.9797367,0.9838604,0.964161,0.9788215,0.950525,0.9619312,0.97133106,0.98264724,0.9835522,0.98826414,0.97086143,0.9820435,0.9702866,0.9751266,0.95458204,0.97845083,0.9640082,0.9689818,0.95737886,0.9293395,0.98662275,0.6184323,0.9538868,0.97408855,0.97033185,0.95748514,0.79498684,0.96586555,0.9810571,0.95972735,0.97182465,0.9701302,0.98795974,0.9695245,0.965958,0.97028893,0.97089833,0.98377526,0.9727382,0.9839241,0.97288954,0.98662275,0.9640361,0.9671176,0.97682387,0.9868017,0.96950346,0.9738365,0.972882,0.9630158,0.9773051,0.96935695,0.96934694,0.990729,0.9678878,0.98161936,0.9831744,0.9756136,0.95223635,0.96679205,0.97978127,0.7420329,0.9794215,0.8885931,0.9809578,0.97307765,0.9906902,0.97353756,0.98555005,0.97858924,0.97272825,0.9774231,0.97179043,0.95743537,0.98566806,0.9820208,0.97709745,0.9737615,0.97704345,0.9152694,0.9894155,0.9778601,0.97836393,0.9566169,0.9782163,0.96281844,0.9850489,0.973161,0.9872585,0.9677717,1.0,0.9826088,0.9732485,0.9738435,0.95894194,0.9791143,0.96178675,0.9596783,0.9655625,0.97419614,0.9758266,0.9812842,0.9725519,0.93100005,0.980298,0.9790262,0.9749851,0.97339135,0.9780246,0.97605956,1.0,0.98903,0.9774323,0.9845718,0.9769906
alitamovie,0.9583169,0.91426563,0.9426362,0.92702234,0.9673114,0.91427076,0.9458388,0.9366509,0.9518562,1.0000001,0.8973945,0.9076522,0.9260152,0.9355877,0.92397064,0.9470274,0.9386542,0.94572514,0.9511116,0.9049508,0.9431587,0.9290825,0.93549585,0.9423827,0.9193865,0.6804723,0.93500614,0.9352834,0.9350495,0.90820074,0.9300931,0.92634434,0.91520244,0.9158912,0.898939,0.80312294,0.9547867,0.9184639,0.9359694,0.93541205,0.9194284,0.94130665,0.9095976,0.9478575,0.9450482,0.91671294,0.94173783,0.910926,0.88866884,0.9501126,0.9290656,0.93804896,0.917688,0.9314106,0.89534926,0.9482252,0.9208077,0.9459796,0.9282069,0.9367405,0.9428104,0.9304672,0.91583025,0.9423308,0.90450716,0.9085782,0.9239586,0.9106911,0.8851864,0.8662025,0.9304008,0.66477877,0.916495,0.9361584,0.92120445,0.90914416,0.7641534,0.91087335,0.9207756,0.9111202,0.89322186,0.92609787,0.9370619,0.9253367,0.9211151,0.92865443,0.9128989,0.9159711,0.9367958,0.9300786,0.91497713,0.9304008,0.92067635,0.9021249,0.94910526,0.92525685,0.9128578,0.90129024,0.9278285,0.9009779,0.92034054,0.89665914,0.92476755,0.9516745,0.94874215,0.934087,0.92541236,0.95116615,0.9425368,0.91798174,0.91935444,0.7215802,0.93865347,0.8497291,0.9245771,0.91950446,0.9573754,0.90525657,0.935008,0.9365188,0.92670834,0.9343655,0.9346484,0.87413526,0.9262689,0.9299068,0.9178194,0.9376643,0.95911205,0.8514707,0.9418429,0.95225286,0.92636025,0.9175174,0.93833464,0.919378,0.9388002,0.9207141,0.9335415,0.9335207,0.9518562,0.9477296,0.93174005,0.9183098,0.8999731,0.94385296,0.91425025,0.8752973,0.935468,0.9610536,0.93870246,0.9496373,0.9129215,0.91824955,0.928652,0.92359465,0.92805034,0.9098437,0.9346146,0.91790634,0.9518562,0.93343514,0.9211415,0.9295559,0.9368076
angelhasfallen,0.9535466,0.93370694,0.94965243,0.9396512,0.93180025,0.9400319,0.9335567,0.9664761,0.9704826,0.8973945,0.99999994,0.9407498,0.94535565,0.9527068,0.95495844,0.9340003,0.95700216,0.94063747,0.9455342,0.9655186,0.9703465,0.9554703,0.9481692,0.94907296,0.9662766,0.6937549,0.9422915,0.96706706,0.94577754,0.9053759,0.9619604,0.94018066,0.91400725,0.9249238,0.9371794,0.83043784,0.9384954,0.9260215,0.9612508,0.9084847,0.9335393,0.95532805,0.95287514,0.9481005,0.9532997,0.9739222,0.9397969,0.94663584,0.92473733,0.9502632,0.94713753,0.94769317,0.95146847,0.94818866,0.923043,0.8982322,0.9334062,0.9473766,0.954805,0.95820284,0.9563099,0.94946456,0.9369661,0.9352589,0.91085124,0.9800917,0.9359167,0.9394897,0.9612467,0.90644497,0.9608344,0.6240568,0.91424924,0.9510321,0.9586429,0.8991002,0.7363506,0.93069583,0.9665278,0.9475306,0.96157163,0.9265784,0.95289063,0.95203257,0.92936474,0.9600914,0.96390444,0.95539147,0.95357233,0.9463839,0.94191617,0.9608344,0.9473515,0.96392053,0.9172388,0.96791226,0.9697415,0.95487916,0.9343317,0.94494236,0.95939803,0.9505641,0.937637,0.95387185,0.9378946,0.9472622,0.9703374,0.93958515,0.8873436,0.93450457,0.9558623,0.7111978,0.9402389,0.8569291,0.95857924,0.963622,0.96432114,0.95911455,0.94718045,0.94878244,0.92994004,0.9284869,0.93529797,0.9280397,0.96055126,0.9659023,0.9544958,0.95192695,0.9414952,0.8928845,0.9638661,0.93722653,0.9670547,0.9374696,0.9515291,0.9134656,0.9555831,0.93559396,0.9607866,0.9494225,0.9704826,0.94868606,0.94815177,0.9550486,0.9454889,0.94688517,0.9453748,0.9517658,0.94287133,0.9404854,0.9275763,0.95816594,0.96605253,0.9089476,0.9505737,0.9510379,0.94725025,0.94753045,0.95718277,0.9464796,0.9704826,0.960221,0.94650024,0.95408666,0.9582216
angrybirdsmovie,0.94062215,0.9076489,0.9615434,0.94013506,0.93347955,0.9420268,0.9557916,0.9422384,0.96681833,0.9076522,0.9407498,1.0,0.9543831,0.95382017,0.914025,0.9605117,0.92502546,0.93230987,0.93931603,0.94593567,0.94600314,0.95662326,0.9528599,0.95178306,0.93380344,0.7032609,0.9502906,0.9402526,0.96541214,0.9415325,0.9569357,0.9429097,0.93159103,0.97501785,0.9172768,0.8418746,0.95034593,0.93421054,0.95706487,0.8976822,0.9156803,0.9488024,0.94175303,0.95048386,0.9584525,0.9586872,0.9503497,0.96170354,0.91775846,0.94978344,0.9770204,0.93880063,0.94280803,0.95896035,0.93254644,0.9233766,0.9534395,0.947961,0.9629984,0.9647406,0.9379506,0.9615747,0.95625377,0.9305573,0.9269555,0.959047,0.9457472,0.9309536,0.9177607,0.9191226,0.9642502,0.6200779,0.9334152,0.92615515,0.94504434,0.93440247,0.7952091,0.92571574,0.9424574,0.91718704,0.95599526,0.95522785,0.95335615,0.9228659,0.9730441,0.93035203,0.9360531,0.9544851,0.94012314,0.9637584,0.963149,0.9642502,0.94007427,0.9282316,0.96249616,0.95295197,0.9391383,0.97285503,0.94894755,0.9558815,0.9665285,0.9473872,0.9450874,0.96140826,0.9287185,0.9749263,0.94482076,0.9359359,0.90719175,0.9241177,0.9522968,0.72543573,0.95351905,0.8847056,0.9442475,0.92831635,0.9505189,0.9533437,0.9560013,0.956037,0.9347076,0.96238184,0.9231928,0.9308795,0.9487549,0.94315964,0.9485127,0.9577652,0.9303459,0.8928546,0.967473,0.94443583,0.93621045,0.9237929,0.9542899,0.9341602,0.9524759,0.9323444,0.9747483,0.9461027,0.96681833,0.9653514,0.95298845,0.9437663,0.92209643,0.93897957,0.9356837,0.9439707,0.90803206,0.94825107,0.95418644,0.9570503,0.9344047,0.9108273,0.944657,0.9673895,0.9255194,0.96884644,0.9403088,0.94311297,0.96681833,0.96555847,0.95285,0.968822,0.95455384
annabellemovie,0.9672978,0.94767296,0.97030634,0.976671,0.95163745,0.945203,0.9626965,0.95998675,0.98246086,0.9260152,0.94535565,0.9543831,1.0,0.9733989,0.95175064,0.96251035,0.95664775,0.94338655,0.9620063,0.95107037,0.95704895,0.965716,0.9518558,0.9667734,0.9479418,0.6431996,0.93206125,0.97405493,0.96658254,0.9306078,0.9692011,0.9640549,0.9642036,0.9510256,0.9326882,0.83215904,0.9732609,0.9669066,0.9762422,0.92308736,0.938604,0.97164345,0.9549611,0.9681053,0.97101605,0.9612221,0.94905084,0.9692325,0.93750125,0.97454643,0.97077674,0.96038276,0.94355017,0.9678894,0.9521303,0.94735515,0.96907616,0.97172505,0.971456,0.9651565,0.947272,0.96084166,0.94954175,0.9658534,0.93693995,0.96530443,0.942023,0.94685525,0.9373331,0.9131098,0.9655799,0.5705007,0.9458252,0.9468442,0.943867,0.94785494,0.78052914,0.94875145,0.95748985,0.93247926,0.96102077,0.9688538,0.97403926,0.9355259,0.95701534,0.95231616,0.9543347,0.98769516,0.94656944,0.9699654,0.95827264,0.9655799,0.94807404,0.957971,0.9698546,0.9685439,0.94108987,0.95438665,0.9558286,0.9443858,0.969309,0.94980764,0.95613366,0.9718883,0.94380623,0.9714912,0.96133494,0.9585796,0.9377109,0.94369686,0.962491,0.73526514,0.96859044,0.8604533,0.96345896,0.9630081,0.9742135,0.9507441,0.9690473,0.9629786,0.97445637,0.9801276,0.9545581,0.9450573,0.9658339,0.96220636,0.9682687,0.9583349,0.9488691,0.91267025,0.97713,0.9637202,0.97396594,0.94343483,0.96712416,0.9385323,0.9711308,0.94883317,0.97434586,0.9456418,0.98246086,0.9705029,0.95696807,0.95953286,0.9544578,0.95247316,0.929635,0.95385265,0.9457932,0.95070165,0.9647244,0.9663504,0.96080106,0.90472025,0.95324653,0.9626746,0.9484049,0.95850754,0.96491736,0.96921647,0.98246086,0.9746183,0.96386296,0.967756,0.94642586
annamovie,0.97126997,0.94561213,0.96681213,0.95455754,0.9562291,0.95941204,0.97055906,0.9696223,0.98343444,0.9355877,0.9527068,0.95382017,0.9733989,0.99999994,0.9527627,0.97284776,0.95749795,0.9513467,0.96862453,0.95440674,0.95896244,0.96428853,0.9581235,0.97510463,0.95397997,0.6818884,0.957119,0.9636423,0.9682147,0.9307131,0.96713597,0.95544803,0.95248485,0.9571376,0.93439054,0.85936505,0.9732289,0.95185,0.9742798,0.9356125,0.93947095,0.9706287,0.9436336,0.9655823,0.9804353,0.9687369,0.96139956,0.9640395,0.93999016,0.967642,0.96653354,0.96313035,0.9514332,0.9539246,0.944326,0.9463597,0.97100717,0.96615094,0.9617919,0.9710317,0.9441797,0.9585129,0.96379536,0.9650792,0.93334085,0.9565,0.9406276,0.9396406,0.9453837,0.9445459,0.96809286,0.5987416,0.9552198,0.9521134,0.969832,0.9574104,0.78742707,0.960293,0.9523806,0.9460577,0.9658102,0.96282905,0.96847415,0.9543052,0.9554919,0.951344,0.9486908,0.9761587,0.95105606,0.9665147,0.9536443,0.96809286,0.9506175,0.9543075,0.9633256,0.9602372,0.9590889,0.95254123,0.96675444,0.9513748,0.96744084,0.9525573,0.96396005,0.971435,0.96748585,0.9654386,0.97207737,0.9641191,0.93398356,0.95793927,0.9746533,0.745801,0.96068776,0.88575643,0.9570451,0.9558527,0.9656755,0.95827633,0.9776862,0.97217816,0.9625901,0.96766526,0.9621754,0.93851763,0.9655594,0.9633449,0.9679333,0.95010626,0.96003836,0.9049707,0.97372764,0.9682488,0.9702046,0.9407064,0.96204424,0.939666,0.9695157,0.94960344,0.97526103,0.9601786,0.98343444,0.9725545,0.95510924,0.9661487,0.94576025,0.96043426,0.9453112,0.9425656,0.9446566,0.9475674,0.96453154,0.9632857,0.96154183,0.90687585,0.9571195,0.9626563,0.96140766,0.9579889,0.9660194,0.9629513,0.98343444,0.9634799,0.9611094,0.9684353,0.9508478
apollo11movie,0.9655409,0.9681022,0.9528778,0.9543006,0.95839995,0.9544937,0.94373876,0.9592662,0.9777623,0.92397064,0.95495844,0.914025,0.95175064,0.9527627,0.9999999,0.94502264,0.9711854,0.9571049,0.9576715,0.9659329,0.96618044,0.952178,0.96211183,0.95122033,0.95738363,0.6674252,0.93587244,0.97296214,0.93794745,0.93627524,0.9534982,0.94552785,0.9425693,0.90571624,0.92574364,0.78319645,0.96265805,0.9323496,0.95864046,0.95406824,0.93775,0.961084,0.963302,0.9526293,0.9625721,0.9478688,0.9550065,0.9592265,0.91716903,0.9627309,0.9385531,0.97010094,0.94702446,0.95522624,0.9128622,0.93791515,0.92634755,0.95592093,0.95253164,0.96406627,0.94666606,0.96782124,0.9355075,0.9473438,0.9259349,0.9540967,0.93127173,0.9664758,0.93424815,0.87709594,0.9625781,0.61918414,0.9182506,0.9651972,0.9451999,0.9201414,0.7503121,0.94032323,0.9735076,0.9443623,0.936942,0.92990977,0.9625721,0.946559,0.92456967,0.9472224,0.95729977,0.958797,0.9478103,0.9549516,0.9427284,0.9625781,0.9263815,0.9399951,0.937847,0.9777425,0.94741464,0.9447658,0.94746226,0.93388635,0.93267816,0.952903,0.9321984,0.9697025,0.95780927,0.94352704,0.9630357,0.93869257,0.93121177,0.95012915,0.9541789,0.68452364,0.9514513,0.831846,0.95694405,0.9522449,0.9686357,0.9525924,0.9586296,0.94534975,0.9436757,0.9407386,0.95291966,0.9475885,0.96997595,0.9574702,0.9568908,0.94204766,0.9651655,0.90006465,0.96804714,0.9546494,0.9551612,0.91378117,0.9463649,0.950153,0.9690893,0.96089274,0.9521952,0.93755627,0.9777623,0.94421995,0.93834525,0.9376754,0.9220994,0.96326745,0.93071353,0.9366221,0.9445715,0.9454525,0.9453634,0.95306706,0.9553379,0.9073005,0.97119755,0.95259696,0.96326196,0.93752563,0.9521607,0.9565234,0.9777623,0.9604355,0.95913994,0.9578583,0.95532405
arcticdogsmovie,0.9697047,0.95837605,0.96032614,0.9479283,0.9645262,0.95586044,0.9760618,0.95923,0.98277533,0.9470274,0.9340003,0.9605117,0.96251035,0.97284776,0.94502264,1.0000001,0.948426,0.9540014,0.9668859,0.9528839,0.95518726,0.9668671,0.9624924,0.9794922,0.95002604,0.6699628,0.9639388,0.9507428,0.9702298,0.9464387,0.9690682,0.9472866,0.94900227,0.9689697,0.93856955,0.8274091,0.97662956,0.94866717,0.9663943,0.9448007,0.9414507,0.9654729,0.946213,0.9616039,0.9760268,0.9593277,0.9624567,0.96488285,0.9285519,0.9613085,0.9717648,0.95787823,0.9410225,0.95881844,0.94206387,0.96143985,0.9727938,0.96863645,0.96686506,0.9788056,0.95516086,0.9627492,0.97259957,0.9661683,0.9412119,0.9505654,0.9581341,0.9330811,0.94381887,0.9396075,0.97303927,0.58843774,0.9494486,0.9533305,0.9601724,0.9560609,0.8006184,0.95676315,0.9493603,0.9435611,0.9622939,0.9643045,0.9784722,0.96531963,0.963129,0.95055217,0.950038,0.95987797,0.9574386,0.9719291,0.96093744,0.97303927,0.951589,0.95408076,0.9757088,0.95828044,0.9505545,0.9646107,0.96452874,0.9493505,0.96664053,0.9463455,0.96969366,0.9833945,0.95732653,0.97529614,0.9562075,0.9790405,0.95204836,0.954441,0.97482437,0.74067044,0.96259576,0.88781375,0.9614678,0.9552632,0.9702862,0.95634526,0.9757966,0.97271836,0.9657665,0.9688898,0.96210235,0.94306284,0.96716326,0.97029036,0.9552133,0.9640972,0.96723235,0.8963181,0.9684206,0.96617204,0.95401657,0.9418302,0.96156496,0.95170456,0.97001326,0.94461477,0.97619116,0.9549655,0.98277533,0.97140145,0.96143365,0.97140497,0.94306314,0.95371354,0.94849896,0.93009865,0.9424326,0.952366,0.9700964,0.9569224,0.9469135,0.9188269,0.96318465,0.9655799,0.9597247,0.9722252,0.96353287,0.9554488,0.98277533,0.9682038,0.9662062,0.9684921,0.95936036
arcticmovie,0.9626137,0.9497735,0.9567541,0.95051104,0.9533568,0.9385906,0.9317265,0.963628,0.97697073,0.9386542,0.95700216,0.92502546,0.95664775,0.95749795,0.9711854,0.948426,1.0,0.93986183,0.95659906,0.9456967,0.9630829,0.95360184,0.9524314,0.95778537,0.950133,0.670871,0.9286606,0.96824586,0.9484999,0.8980681,0.96363527,0.93206394,0.93499696,0.9123701,0.9130703,0.82410026,0.9605424,0.9160437,0.96362996,0.92894393,0.9265813,0.9549997,0.9576851,0.95691115,0.9543929,0.9625797,0.9446214,0.94669545,0.89947224,0.9635462,0.94762737,0.9554437,0.9462089,0.95730555,0.9067931,0.9319395,0.94155735,0.9467812,0.9570241,0.9664375,0.95689267,0.9486152,0.921014,0.9627271,0.90699303,0.95413554,0.9360235,0.9560068,0.93391645,0.88712585,0.95533454,0.62879044,0.93964493,0.94851345,0.9406469,0.9366779,0.73165536,0.9337697,0.9696728,0.94710666,0.9376657,0.919197,0.9684181,0.95071805,0.9180663,0.9574949,0.94442326,0.9672136,0.9402733,0.95357674,0.9410468,0.95533454,0.94570136,0.9497929,0.9398875,0.9691026,0.94874805,0.9359424,0.9256164,0.9311565,0.9594421,0.95009536,0.9424142,0.9663349,0.93364817,0.9493551,0.9783771,0.9572642,0.9243093,0.93482447,0.957964,0.70093936,0.9486877,0.82838213,0.95242965,0.9442136,0.96839684,0.93870974,0.95170295,0.9345177,0.95580614,0.9427267,0.9374575,0.92539203,0.9663778,0.96824914,0.9436631,0.9488178,0.94799024,0.9052968,0.96669024,0.93964297,0.9690797,0.9486142,0.9433633,0.9131115,0.9706676,0.94731694,0.95914114,0.95616496,0.97697073,0.95903003,0.9599101,0.9556544,0.96129584,0.94777733,0.93094397,0.91585255,0.9569167,0.94469994,0.93154323,0.96051806,0.97099274,0.87869066,0.9560487,0.9444529,0.95057744,0.933808,0.9499625,0.9488763,0.97697073,0.9579906,0.94122714,0.9526991,0.962079
artofracingmovie,0.9688949,0.9606816,0.94690645,0.9354226,0.97870725,0.9310607,0.95551467,0.9525698,0.97276103,0.94572514,0.94063747,0.93230987,0.94338655,0.9513467,0.9571049,0.9540014,0.93986183,1.0000001,0.95812696,0.9448521,0.9620133,0.96530676,0.9610743,0.95924145,0.95016664,0.69346285,0.95039356,0.9619266,0.94273597,0.9407295,0.94998187,0.94890356,0.93362796,0.92796665,0.9205488,0.80375147,0.97013295,0.942166,0.95928353,0.94432867,0.9532149,0.9587292,0.9560522,0.95528966,0.95895195,0.9461075,0.95768887,0.95501214,0.9393723,0.96504027,0.9407473,0.964885,0.9392323,0.94430196,0.91694546,0.9537735,0.9295368,0.96048635,0.95014834,0.9601411,0.94825506,0.95754373,0.94024396,0.9556344,0.94910854,0.936364,0.923694,0.9441807,0.92539275,0.8891188,0.96058047,0.58635473,0.90335095,0.9720541,0.9363765,0.92350566,0.79148215,0.9233572,0.947091,0.91843027,0.9291734,0.9466901,0.9590183,0.94611245,0.94429535,0.9442492,0.9462217,0.9359469,0.95579004,0.9589449,0.949691,0.96058047,0.93442774,0.92983013,0.9449211,0.9600214,0.9373801,0.93773,0.9523843,0.9363881,0.94084543,0.9406616,0.9351039,0.96048874,0.95919603,0.94195646,0.9497714,0.95552605,0.93459743,0.9432958,0.9514065,0.7366278,0.9638215,0.8709096,0.97077835,0.9447642,0.9718842,0.94764096,0.95490557,0.95727384,0.9416882,0.9416483,0.95266485,0.92547786,0.9552643,0.9581071,0.94882303,0.94205046,0.97378886,0.90629566,0.950192,0.9773027,0.9394349,0.91143245,0.95817906,0.9535521,0.9548489,0.9481955,0.9528922,0.95547414,0.97276103,0.95686984,0.94834226,0.930696,0.91851497,0.96536964,0.9535261,0.9279786,0.9524132,0.96523446,0.95691514,0.9604268,0.93435013,0.93117905,0.96281767,0.9518401,0.95672834,0.94360304,0.95659685,0.9617545,0.97276103,0.96759343,0.95191574,0.9632437,0.9495164
avengers,0.9858344,0.9543244,0.95825887,0.9554261,0.9618316,0.9605937,0.9714326,0.9516425,0.9782722,0.9511116,0.9455342,0.93931603,0.9620063,0.96862453,0.9576715,0.9668859,0.95659906,0.95812696,0.99999994,0.9358444,0.9697082,0.9712531,0.947476,0.963742,0.9562799,0.68329006,0.9451864,0.97481894,0.96265197,0.93695915,0.9722946,0.95879334,0.95776296,0.94985676,0.9435807,0.81837183,0.9744015,0.9366081,0.96755373,0.9354492,0.94320977,0.9712367,0.952608,0.95104283,0.96859616,0.95172834,0.9472039,0.9534929,0.9352266,0.9628725,0.96235156,0.9614226,0.95564735,0.9628638,0.934066,0.97447234,0.94940966,0.9677142,0.96097934,0.9527263,0.95577985,0.9631853,0.9373057,0.95037746,0.9199595,0.94949764,0.9342191,0.9387209,0.9351194,0.88947326,0.95221305,0.6047908,0.9515837,0.9754325,0.9584713,0.9321004,0.7932662,0.94093126,0.96204394,0.9489199,0.9585705,0.95408726,0.9538464,0.9571273,0.96058697,0.93125826,0.9447507,0.96704787,0.942806,0.9571278,0.9551697,0.95221305,0.9217292,0.9485925,0.95857114,0.9674762,0.93774503,0.93671894,0.9563164,0.93623906,0.9500099,0.9298233,0.9570765,0.96564275,0.9498817,0.96255547,0.9572126,0.9547786,0.94807464,0.97207767,0.945292,0.71692026,0.96588707,0.88161576,0.9561716,0.94035673,0.97250813,0.9528534,0.9662149,0.9688326,0.9418274,0.9445928,0.95474535,0.9312535,0.9592565,0.95996803,0.9683309,0.96217406,0.973483,0.9176127,0.9695378,0.9699554,0.9603415,0.92586684,0.9543998,0.9528106,0.97144616,0.93945545,0.95930403,0.9412359,0.9782722,0.97380424,0.9521797,0.9480244,0.94193786,0.96348006,0.9497113,0.944815,0.9360428,0.95858425,0.9702121,0.96379423,0.95017105,0.9144506,0.9537156,0.95407313,0.9650065,0.94748116,0.97240233,0.95640427,0.9782722,0.96103394,0.9704052,0.96676457,0.9662359
beachbummovie,0.9533296,0.9449084,0.95785713,0.948066,0.9345039,0.9379013,0.9383103,0.9621212,0.97482353,0.9049508,0.9655186,0.94593567,0.95107037,0.95440674,0.9659329,0.9528839,0.9456967,0.9448521,0.9358444,0.99999994,0.96893746,0.95853186,0.95537823,0.95947087,0.965923,0.70943177,0.9413106,0.9586088,0.9505577,0.92764795,0.954963,0.93285984,0.92479825,0.9309475,0.9287539,0.8229502,0.94450384,0.9397022,0.9532494,0.93686295,0.93873566,0.954983,0.9542004,0.96045196,0.96129256,0.974062,0.9464999,0.9528803,0.92595285,0.9585497,0.94924325,0.95740664,0.9439117,0.94370043,0.93283725,0.91138124,0.94260085,0.9545251,0.9624344,0.9711329,0.9509261,0.96567065,0.9520576,0.94286907,0.94120836,0.9701794,0.9463301,0.95012647,0.9342386,0.910546,0.9715245,0.6513301,0.9061463,0.94961774,0.9490351,0.92455345,0.78018665,0.9464664,0.96471155,0.9486422,0.9460838,0.9381627,0.9665744,0.94640404,0.9279882,0.9557772,0.95635444,0.96138215,0.95318055,0.95363337,0.9411471,0.9715245,0.9557374,0.948143,0.9348034,0.9616847,0.9579606,0.96685535,0.9415089,0.93712705,0.9543236,0.97676736,0.9430356,0.9735045,0.9496049,0.9506659,0.9645098,0.94483775,0.91221035,0.94004804,0.96075857,0.7296484,0.94924426,0.85823846,0.9728843,0.95186883,0.9648468,0.95529604,0.96193767,0.9467308,0.9417026,0.9506448,0.9487111,0.9218043,0.96381176,0.9678264,0.9453919,0.9380205,0.9392204,0.9020863,0.96979356,0.9498277,0.9508317,0.9210805,0.955211,0.9283574,0.95335567,0.9534029,0.9642097,0.95957094,0.97482353,0.94238174,0.950646,0.94953907,0.9297054,0.9521599,0.93732464,0.94727373,0.9362183,0.9500949,0.93813777,0.9588909,0.96302116,0.9321866,0.9668025,0.9531745,0.9434612,0.9494436,0.95275253,0.9546177,0.97482353,0.9696025,0.95101017,0.9523642,0.95609456
bernadettefilm,0.97651446,0.94507164,0.9661334,0.9558028,0.95884967,0.9516282,0.9514889,0.9700947,0.9828396,0.9431587,0.9703465,0.94600314,0.95704895,0.95896244,0.96618044,0.95518726,0.9630829,0.9620133,0.9697082,0.96893746,0.99999976,0.9658597,0.9604382,0.9638975,0.9718017,0.6894776,0.9506497,0.9774822,0.96470225,0.9296648,0.96572226,0.96320957,0.94196576,0.9376744,0.9414087,0.84381795,0.963067,0.9388623,0.97575915,0.95077723,0.94252306,0.9677306,0.95993805,0.96298194,0.96317506,0.9696962,0.9522636,0.9514573,0.9374576,0.9692054,0.9605912,0.97548604,0.95161355,0.9595957,0.91983503,0.93897676,0.9414873,0.9585871,0.96956867,0.9701381,0.9684954,0.96391326,0.94186676,0.95524997,0.93866575,0.9682277,0.9478662,0.9627678,0.94355625,0.8835742,0.96955323,0.63417447,0.92917156,0.9763218,0.9542271,0.919617,0.78162664,0.94101244,0.9759944,0.9583351,0.9543436,0.9445667,0.9618873,0.9574044,0.94394994,0.95489657,0.95313936,0.96129847,0.9571793,0.954047,0.9437377,0.96955323,0.9448331,0.94607735,0.9464926,0.9744762,0.9564185,0.956606,0.93890464,0.9470187,0.9567783,0.9520642,0.9541388,0.9723143,0.94828993,0.9615969,0.97087836,0.95723003,0.9309427,0.96023047,0.9540772,0.7292773,0.95401293,0.87086946,0.9698323,0.9575622,0.9783829,0.9553035,0.95847267,0.95562506,0.9424764,0.9420269,0.95048416,0.9321694,0.96994865,0.9671528,0.96109444,0.9642055,0.9678412,0.8950724,0.98139,0.9624165,0.9677723,0.94368213,0.96148366,0.9376306,0.963782,0.9625199,0.9657597,0.95218056,0.9828396,0.96797025,0.96004397,0.9553379,0.9490386,0.9776329,0.94648343,0.94522214,0.95857155,0.97149086,0.95036113,0.9731004,0.9675905,0.9326175,0.9660634,0.9604823,0.9555902,0.9520968,0.9565019,0.9522786,0.9828396,0.97523975,0.9612827,0.9633547,0.97109634
