movie,21bridgesmovie,47metersdown,abeautifuldaymovie,abominablemovie,adastramovie,adogsjourneymovie,aftermathmovie,aftermovie,ahiddenlifefilm,alitamovie,angelhasfallen,angrybirdsmovie,annabellemovie,annamovie,apollo11movie,arcticdogsmovie,arcticmovie,artofracingmovie,avengers,beachbummovie,bernadettefilm,blackandbluemovie,blackchristmas,blindedbythelightmovie,bombshellmovie,booksmart,breakthroughmovie,brianbanksmovie,brightburnmovie,brittanyrunsmov,captainmarvelofficial,captivestatemovie,catsmovie,charliesangels,childsplaymovie,clarathefilm,coldpursuitmovie,countdown,currentwarmovie,darkwatersmovie,detectivepikachumovie,disneyaladdin,disneyfrozen,disneymaleficent,doctorsleepmovie,dolemiteismyname,dontletgomovie,doramovie,downtonabbey_official,dumbo,escaperoom,everybodyknowsmovie,fastandfuriousmovie,fightingwmyfam,fivefeetapartfilm,fordvferrari,freaksthefilm,geminimanmovie,glassmovie,gloriabellmovie,godzillamovie,goldfinchmovie,goodboysmovie,goodliarmovie,gretafilm,halathemovie,happydeathdaymovie,harrietfilm,hellboymovie,hersmellmovie,highlifemovie,highstrungmovie,honeyboymovie,hotelmumbaifilm,httydragon,hustlemovie,hustlersmovie,isntitromantic,itmovieofficial,jayandsilentbob,johnwickmovie,jojorabbitmovie,jokermovie,judythefilm,jumanjimovie,justmercyfilm,knivesout,lalloronamovie,lastblackmansf,lastchristmasthemovie,latenightmovie,lighthousemovie,lionking,littlethemovie,littlewomenmovie,littlewoodsfilm,longshotmovie,lordsofchaosmovie,lucyintheskyfilm,mamovie2019,marriagestory,meettheaddams,meninblack,midsommarmovie,midwaymovie,missbalamovie,missinglinkfilm,motherlessbklyn,onceinhollywood,onthebasisofsex,overcomermovie,peanutbutterfalcon,petsematarymovie,piercingmovie,playingwithfire,playmobilthemovie,pomsmovie,queenandslim,rambomovie,readyornotfilm,richardjewellfilm,rocketmanmovie,scarystoriesmovie,secretlifeofpets,serenityfilm,shaftmovie,shazammovie,spidermanmovie,spiesindisguise,starwars,stormboymovie,stubermovie,taosdfilm,teenspiritmov,terminator,theaeronautsmov,thebestofenemies,thedeaddontdie,thefarewell,thehighwaymen,thehummingbirdprojectfilm,theintrudermovie,theirishmanfilm,thekitchenmovie,thelegomovie,themustangfilm,thenightingalefilm,theprodigymovie,thesunisalsoastar,theupsidefilm,tolkienmovie,toystory,triplefrontier,uglydolls,uncutgems,underthesilverlake,usmovie,wavesmovie,whatmenwant,wonderparkmovie,wrinklestheclown,xmenmovies,yardiefilm,yesterdaymovie,zombieland
21bridgesmovie,0.99999994,0.9589438,0.98558295,0.9787533,0.9845957,0.9701636,0.98495215,0.9806791,0.991637,0.9831427,0.98288345,0.97876143,0.97884357,0.97567827,0.98260915,0.9804867,0.9853177,0.99020296,0.9903261,0.9786563,0.9700031,0.97607934,0.97747785,0.97794735,0.980725,0.6538479,0.9816519,0.97981036,0.9846273,0.9509596,0.976067,0.98045266,0.9701349,0.9736865,0.93535715,0.7170125,0.99096394,0.9707453,0.97538483,0.98482096,0.97666,0.98821205,0.9721764,0.983631,0.98671645,0.96190447,0.9726594,0.9869318,0.98042905,0.9868293,0.9771701,0.9823297,0.96458143,0.96987265,0.944262,0.9910614,0.96915156,0.9871898,0.98237,0.974755,0.97520286,0.9784092,0.97549766,0.9798199,0.9834367,0.9672327,0.97893894,0.9767508,0.9843178,0.96967804,0.9736934,0.35302976,0.96957743,0.97460973,0.9504467,0.9541535,0.7355383,0.9733424,0.9764587,0.9691609,0.9667512,0.9820123,0.9863018,0.9668245,0.98272467,0.96921676,0.98012584,0.97842276,0.95811206,0.9859461,0.9860095,0.9736934,0.9820346,0.97782964,0.9758375,0.9861039,0.9834355,0.9698494,0.966586,0.96619654,0.97754997,0.9746655,0.97304726,0.9797389,0.9858763,0.97483355,0.9744825,0.98830223,0.97249913,0.9679107,0.98824894,0.47460032,0.9866298,0.6488028,0.96724135,0.98789406,0.9951317,0.95635027,0.987511,0.9811265,0.9818862,0.9796801,0.97318023,0.97675806,0.9873475,0.9841375,0.96969146,0.9717693,0.9638438,0.8911371,0.96667624,0.9799513,0.9828739,0.95441574,0.98722714,0.9539581,0.9822044,0.96514636,0.9743509,0.973257,0.991637,0.97284406,0.9778405,0.9860393,0.9776569,0.97488695,0.98336643,0.97534406,0.9836936,0.97055256,0.98012275,0.98299074,0.94127625,0.9523453,0.98551446,0.9732695,0.97799253,0.9894432,0.98419124,0.981847,0.991637,0.9743846,0.9826485,0.98747313,0.97213876
47metersdown,0.9589438,0.9999999,0.9478761,0.9527447,0.95605797,0.9614238,0.9523634,0.9576615,0.9608698,0.9687681,0.96123064,0.91726404,0.9515052,0.9444087,0.9395226,0.9848704,0.9604251,0.95830667,0.9440897,0.9451677,0.9740763,0.9415675,0.96870106,0.96039987,0.95060694,0.6422513,0.9594509,0.9627223,0.95600575,0.93379813,0.9557922,0.9396204,0.9357226,0.92609286,0.9273522,0.7679557,0.9493638,0.9367156,0.9556638,0.9478479,0.9584573,0.9588561,0.94123316,0.9599324,0.95066315,0.9497695,0.964465,0.9542661,0.9351949,0.96094894,0.94339603,0.9391499,0.94247043,0.95146716,0.9299167,0.9631628,0.9074057,0.94751406,0.95796734,0.95074534,0.95589006,0.95987105,0.94374603,0.94919443,0.94866866,0.94734937,0.97297764,0.92541677,0.94090146,0.9564914,0.95063806,0.34724414,0.9646249,0.95120734,0.91942275,0.9545374,0.77248096,0.9444458,0.96170497,0.9389995,0.93322283,0.955127,0.9617962,0.9195365,0.9456761,0.9354453,0.95902115,0.95287097,0.9382599,0.96767855,0.9681937,0.95063806,0.94592243,0.9344596,0.9395244,0.94683224,0.9566269,0.9577166,0.9568481,0.9498359,0.96139866,0.9492227,0.9536441,0.9545952,0.93820035,0.9403589,0.9558382,0.97028905,0.9216837,0.93337363,0.9522979,0.43158916,0.96832556,0.6827314,0.9297011,0.95535994,0.9552051,0.93214834,0.9520895,0.94391346,0.9394277,0.952542,0.92935735,0.9465547,0.97092074,0.95385784,0.95264167,0.93868876,0.9329167,0.8469638,0.9642539,0.94895554,0.96071106,0.9412616,0.96575135,0.9406317,0.948958,0.94059694,0.9430374,0.9599925,0.9608698,0.95776874,0.9478801,0.9584184,0.94309884,0.936439,0.97526014,0.92742056,0.9605698,0.9168658,0.95437104,0.9473227,0.9573795,0.9077143,0.9390423,0.96187776,0.95449597,0.9569374,0.9651317,0.9566646,0.9608698,0.95917517,0.9409646,0.9591798,0.9240952
abeautifuldaymovie,0.98558295,0.9478761,1.0000001,0.97598356,0.98690367,0.96261376,0.9953089,0.9819327,0.99286634,0.98368055,0.9847169,0.9797041,0.98073906,0.97248226,0.9783707,0.9744591,0.9840681,0.9792929,0.97392577,0.9666349,0.97354275,0.98465925,0.99065894,0.9759215,0.9818613,0.63578576,0.9827901,0.98490375,0.98723376,0.95640457,0.9800043,0.98933,0.9779564,0.9647612,0.9478658,0.74418545,0.9755507,0.967097,0.9843,0.9806812,0.97658396,0.9904025,0.9811036,0.9891603,0.9940296,0.9807104,0.98903674,0.9905956,0.97691494,0.9933455,0.98609334,0.9929386,0.97331125,0.9717466,0.9534696,0.9854518,0.9775728,0.9900055,0.98390543,0.9761777,0.9714214,0.9797861,0.98577994,0.9874688,0.98721886,0.9841311,0.9634184,0.985677,0.97708595,0.96592766,0.9829556,0.33915314,0.9750537,0.98459774,0.9479478,0.9677041,0.76031965,0.9700555,0.97210574,0.97704947,0.9653378,0.9817071,0.99333334,0.969941,0.9852369,0.94982225,0.9816266,0.98010135,0.9701317,0.98636097,0.9858507,0.9829556,0.99197465,0.9902227,0.97291243,0.9757765,0.98259467,0.9723701,0.9755333,0.972688,0.9794577,0.98054403,0.98081106,0.98018324,0.97546536,0.983903,0.98895735,0.9878808,0.98508024,0.9851201,0.9875842,0.41835546,0.9868069,0.68395835,0.9761492,0.99088293,0.9937556,0.95768535,0.97986,0.98770523,0.9860601,0.978253,0.9841617,0.97063136,0.98451346,0.9857256,0.9691528,0.9735703,0.97608924,0.8949177,0.9700517,0.9845326,0.98063135,0.9739552,0.98505807,0.9659922,0.97804224,0.9835683,0.9853104,0.9830418,0.99286634,0.9836807,0.98551,0.9813575,0.9625698,0.9889862,0.9824625,0.9803444,0.9899607,0.9788771,0.9923381,0.99334604,0.94852585,0.9153224,0.98727906,0.9725904,0.98962826,0.98232263,0.9870051,0.98437434,0.99286634,0.97848904,0.9875237,0.98950493,0.9883649
abominablemovie,0.9787533,0.9527447,0.97598356,0.9999999,0.9678112,0.9691389,0.9848931,0.9822924,0.98229796,0.9733111,0.9872733,0.9669661,0.9814368,0.9714061,0.9679634,0.97602177,0.9678638,0.97125393,0.9641608,0.9730124,0.9575691,0.9784616,0.97683996,0.9684934,0.9604846,0.6707921,0.9766573,0.96716654,0.98683095,0.9363821,0.97998387,0.96975636,0.9625378,0.9695002,0.9577736,0.80641514,0.9684725,0.98022527,0.9707749,0.9691627,0.97556794,0.9812348,0.9814076,0.9801221,0.9778273,0.9567915,0.97061455,0.9787771,0.97152007,0.98101336,0.97559756,0.97612774,0.97658545,0.9712224,0.96983176,0.9721951,0.96684843,0.97287387,0.9796518,0.97619903,0.9676359,0.9835356,0.95657545,0.9683402,0.9777384,0.9710254,0.970107,0.96908677,0.9671286,0.9807537,0.98037773,0.38973778,0.9765836,0.96860456,0.9750751,0.96540594,0.8101021,0.96104413,0.9784754,0.9540306,0.96643144,0.9826523,0.9802554,0.9440839,0.9782951,0.9748667,0.9769507,0.97245914,0.97849846,0.9775104,0.9803128,0.98037773,0.96396714,0.9551681,0.97150666,0.97848874,0.9762972,0.9723131,0.9812262,0.9793797,0.9661448,0.96844935,0.9504807,0.9827302,0.97254735,0.97163504,0.968649,0.9799316,0.9567949,0.9697359,0.98571265,0.4714138,0.96987814,0.7298942,0.9270666,0.97922117,0.9752245,0.96712184,0.97480303,0.98255205,0.9557216,0.95449233,0.97813445,0.95557183,0.97887343,0.98527586,0.9753318,0.9691037,0.95634586,0.9290456,0.96683,0.96684885,0.9643021,0.95291364,0.9731649,0.9443967,0.9675256,0.97367334,0.9773331,0.9788111,0.98229796,0.97964436,0.96896076,0.97374314,0.9633711,0.9791739,0.9837204,0.97742873,0.98489493,0.956241,0.9751571,0.9698386,0.9603195,0.9168298,0.9760194,0.9778204,0.97767615,0.9785946,0.96941584,0.9602858,0.98229796,0.9701019,0.97689015,0.9866597,0.97855777
adastramovie,0.9845957,0.95605797,0.98690367,0.9678112,0.9999999,0.96421236,0.9858585,0.9772844,0.9922551,0.98001325,0.9763069,0.9786932,0.97462887,0.9628379,0.97740996,0.9793686,0.98626643,0.9866448,0.9768609,0.97022957,0.97226316,0.9689278,0.98079944,0.9697859,0.97905684,0.6455825,0.9849364,0.98550457,0.9805162,0.9583068,0.96246046,0.9811835,0.96256214,0.9555685,0.9444687,0.73937625,0.9746648,0.9550864,0.9875988,0.9900158,0.9751604,0.99068123,0.96603143,0.98887,0.9837731,0.9688567,0.9778087,0.98260355,0.97278255,0.9916475,0.9754831,0.98460996,0.9536395,0.9682733,0.9435059,0.99269295,0.95448893,0.9882436,0.9861852,0.9763115,0.9725483,0.97379535,0.9864492,0.97732824,0.9870868,0.98502517,0.97433794,0.98552597,0.96614116,0.9552987,0.983636,0.34450307,0.9636923,0.9817568,0.92948115,0.9645734,0.76804847,0.9859847,0.96922386,0.9723234,0.95727277,0.977016,0.98822796,0.96941626,0.9777713,0.9381452,0.97685236,0.97627795,0.9618599,0.98257333,0.97826314,0.983636,0.9842206,0.9817516,0.9653747,0.96930695,0.98212546,0.9808802,0.97047156,0.9522399,0.9698305,0.97766733,0.97111374,0.9812195,0.9666706,0.9743236,0.98914033,0.9808536,0.9742093,0.9659985,0.98324573,0.42761582,0.98941356,0.7007594,0.96787393,0.99052596,0.98881626,0.950489,0.9739816,0.97848135,0.97521317,0.9805006,0.97065854,0.9720289,0.9809565,0.9817019,0.9694772,0.96659094,0.98266816,0.87049943,0.9828141,0.99233574,0.98553777,0.97072554,0.99082375,0.961602,0.97390676,0.971091,0.989013,0.97194695,0.9922551,0.97281796,0.9729868,0.98607653,0.97541344,0.97923416,0.9861145,0.96516,0.9849146,0.97623944,0.98501325,0.9793884,0.95137274,0.9302455,0.9823636,0.9769823,0.9849895,0.99004024,0.99247724,0.98508286,0.9922551,0.9733123,0.98322606,0.9812297,0.97110516
adogsjourneymovie,0.9701636,0.9614238,0.96261376,0.9691389,0.96421236,1.0000001,0.96127594,0.96067333,0.9698787,0.9571242,0.9706517,0.96070546,0.9788208,0.9432075,0.954089,0.9685549,0.9522342,0.9513549,0.9497941,0.9449156,0.9453097,0.94714946,0.9742107,0.96921384,0.9483107,0.65386605,0.96602947,0.9485015,0.97410375,0.9215548,0.9629238,0.9610422,0.9392283,0.95079327,0.93411887,0.75437915,0.9500596,0.95588636,0.95637923,0.9499355,0.95431405,0.969009,0.96258146,0.96492654,0.9636073,0.927871,0.96584696,0.9694462,0.95908576,0.9691005,0.95459324,0.95098495,0.9609312,0.9597497,0.91781574,0.9659527,0.9462517,0.95313036,0.96228725,0.9686818,0.95722854,0.95800024,0.9439714,0.94925576,0.9594475,0.9473376,0.9780629,0.94631976,0.9404771,0.9584704,0.9632414,0.34608608,0.9678766,0.94146466,0.9420102,0.95316267,0.7464459,0.95665574,0.95829755,0.94729286,0.9422135,0.9772392,0.9674787,0.93204886,0.96028084,0.95855874,0.96705735,0.9699663,0.9430753,0.9671586,0.9717871,0.9632414,0.9579428,0.93452245,0.9480645,0.96573657,0.9543318,0.94572985,0.9571475,0.96028996,0.9460082,0.9554552,0.95263803,0.9584614,0.95167017,0.951035,0.9638543,0.9726664,0.9492993,0.95292425,0.97233135,0.48199135,0.9681576,0.6589107,0.92230403,0.9587499,0.96748906,0.93810976,0.96360165,0.9602522,0.9420128,0.9482512,0.94029605,0.9747351,0.9756258,0.9696535,0.96987766,0.9475034,0.92948645,0.88472384,0.95437014,0.94562566,0.94937485,0.9280306,0.95785856,0.9265262,0.95661473,0.945534,0.9624651,0.94016916,0.9698787,0.9674733,0.94455206,0.9705872,0.97333723,0.9597591,0.97810805,0.9614859,0.9789773,0.92546296,0.95834506,0.9670734,0.9215573,0.91841894,0.95769054,0.9784854,0.9750358,0.984204,0.96381724,0.95249814,0.9698787,0.95347965,0.9545227,0.9806789,0.95374095
aftermathmovie,0.98495215,0.9523634,0.9953089,0.9848931,0.9858585,0.96127594,1.0,0.9834707,0.992146,0.98854256,0.98558336,0.9791609,0.97843957,0.9732213,0.97116727,0.9746857,0.9861549,0.97757864,0.9737134,0.97248167,0.9762454,0.98668194,0.99044454,0.97378117,0.9747522,0.6686456,0.9829513,0.9848758,0.9891463,0.95988184,0.97814566,0.9855214,0.9695705,0.964961,0.9659242,0.78508884,0.9728736,0.9672253,0.9834744,0.9840588,0.98106813,0.99009323,0.9830211,0.9897376,0.9931464,0.9825553,0.9888954,0.9880087,0.9726042,0.9920768,0.9851398,0.9934617,0.9742118,0.9709481,0.9613044,0.98700655,0.97781754,0.9872612,0.9833264,0.9719637,0.9766075,0.9806332,0.9881341,0.98494184,0.98832387,0.9854923,0.9702286,0.98582745,0.9725583,0.9681894,0.9825641,0.3668395,0.98216087,0.9825133,0.9607637,0.9706267,0.7913384,0.9691885,0.97519416,0.9670041,0.96837217,0.9836056,0.9948207,0.97178274,0.9822077,0.9579666,0.98066795,0.97482795,0.97389,0.98729396,0.98444486,0.9825641,0.9849911,0.9855832,0.9725205,0.97149944,0.9886853,0.98365206,0.9869462,0.9735574,0.9802479,0.98220384,0.96815604,0.98272765,0.9787324,0.98205584,0.9880723,0.9855735,0.9733516,0.9823177,0.98708403,0.4413862,0.9845165,0.72336143,0.96353436,0.991394,0.98828954,0.9670919,0.9788936,0.9954085,0.9837401,0.9692336,0.98681694,0.9603917,0.98512846,0.9857884,0.9695187,0.9707335,0.97386783,0.90808326,0.971256,0.98202455,0.9848659,0.97163993,0.98389643,0.9649936,0.9758892,0.9846124,0.9857657,0.98659116,0.992146,0.9855667,0.9867058,0.9802061,0.96487314,0.9889706,0.983537,0.98625374,0.9914843,0.97212964,0.99480426,0.98661333,0.95770866,0.92666507,0.9853142,0.97095245,0.98898906,0.9806526,0.9853618,0.97950923,0.992146,0.97431386,0.98101276,0.9882681,0.9875438
aftermovie,0.9806791,0.9576615,0.9819327,0.9822924,0.9772844,0.96067333,0.9834707,1.0,0.9905754,0.9775255,0.9899216,0.9670524,0.9811288,0.9773204,0.9726906,0.9839381,0.97493017,0.98088807,0.9683039,0.9702898,0.9673886,0.99130857,0.98123914,0.97259825,0.96986544,0.62865674,0.97760695,0.98623735,0.9932736,0.92610437,0.9809092,0.9726819,0.9715061,0.9688622,0.94655335,0.77124405,0.98216814,0.98433197,0.9873954,0.9727389,0.98763025,0.9869951,0.97724605,0.98693836,0.9792376,0.98024255,0.97417784,0.98438627,0.97644293,0.9881899,0.9918526,0.98310995,0.97884643,0.9883756,0.9834307,0.9866558,0.95727926,0.9804693,0.9795544,0.9815651,0.9627928,0.98259836,0.96718985,0.9830325,0.98752755,0.9745611,0.9706883,0.9841979,0.98082346,0.97583985,0.9884355,0.35279828,0.9779117,0.9891598,0.95288175,0.96220124,0.7753206,0.97326833,0.99125284,0.963185,0.9702074,0.9885996,0.9864427,0.9694384,0.98883075,0.96526736,0.990801,0.97522837,0.98625183,0.98938966,0.97852445,0.9884355,0.97492075,0.96778107,0.9870056,0.98322725,0.9804043,0.9748854,0.9675902,0.9720122,0.988975,0.9840648,0.97105855,0.9938029,0.9684844,0.99043876,0.97645676,0.98737985,0.9727595,0.96937734,0.9904691,0.43083623,0.97650975,0.71774805,0.9444848,0.98442423,0.9847637,0.96359736,0.97752684,0.9810909,0.9685594,0.9656902,0.9848827,0.9513819,0.98225594,0.9841483,0.97634494,0.9851315,0.97506887,0.89795864,0.97763526,0.9803762,0.9716365,0.96613336,0.98433375,0.9458872,0.96171534,0.9781981,0.98276716,0.9830095,0.9905754,0.9920537,0.98864055,0.9815268,0.966299,0.97572154,0.98841304,0.96268404,0.98851836,0.9611774,0.9752146,0.96934766,0.97415996,0.914406,0.983428,0.9807438,0.9798093,0.980888,0.9862383,0.9673638,0.9905754,0.96926796,0.9840873,0.9888322,0.9788105
ahiddenlifefilm,0.991637,0.9608698,0.99286634,0.98229796,0.9922551,0.9698787,0.992146,0.9905754,0.99999994,0.9875948,0.9924014,0.97863364,0.98631334,0.98160964,0.98841256,0.9865351,0.99097455,0.9906199,0.9850761,0.98332244,0.97380257,0.9862291,0.9901067,0.9858105,0.98378915,0.6271548,0.9921102,0.99238217,0.9922145,0.95759934,0.9821679,0.9857547,0.97861516,0.96870005,0.94357395,0.75045764,0.98734653,0.97628945,0.99254364,0.98421127,0.98480666,0.99402946,0.97867715,0.99526,0.9926648,0.97888285,0.9842552,0.99096525,0.98199725,0.9960738,0.98943025,0.992773,0.9747162,0.9819194,0.96282756,0.9925086,0.9672542,0.992294,0.98806554,0.9874143,0.9715118,0.9849993,0.98677576,0.98561466,0.9953027,0.9834443,0.9780111,0.99061394,0.98428637,0.9757416,0.9927589,0.34267446,0.975379,0.988125,0.95431316,0.9672841,0.75803137,0.98379487,0.9826909,0.9753298,0.97620845,0.9865388,0.9934622,0.9746551,0.9874574,0.96196854,0.98894656,0.9881516,0.97936237,0.99338305,0.9835421,0.9927589,0.98974144,0.9834484,0.982166,0.98820794,0.98828006,0.98424554,0.9722094,0.9718092,0.98207396,0.9901384,0.97695786,0.9921924,0.9835651,0.9873027,0.98889863,0.9894394,0.9795631,0.97444874,0.9964042,0.43194002,0.98881197,0.69525915,0.9664619,0.9951369,0.99508727,0.9686381,0.989371,0.9853463,0.97801775,0.98375684,0.98219794,0.97074777,0.9889991,0.9925534,0.982399,0.98503023,0.9830775,0.88798255,0.9833132,0.9912998,0.9880547,0.97610873,0.9928644,0.9673864,0.98006064,0.9856033,0.9910649,0.98580134,0.99999994,0.9888299,0.9837129,0.98880804,0.97520286,0.9900701,0.99157834,0.9749613,0.9926903,0.9747861,0.98958606,0.9827992,0.961894,0.9332297,0.99108386,0.9875939,0.99196476,0.99380696,0.99209803,0.98580974,0.99999994,0.9769339,0.9926197,0.9948046,0.9847559
alitamovie,0.9831427,0.9687681,0.98368055,0.9733111,0.98001325,0.9571242,0.98854256,0.9775255,0.9875948,0.99999994,0.97978556,0.96612644,0.9669099,0.97049564,0.9620403,0.9827707,0.98499626,0.98221016,0.97347236,0.9750753,0.98256475,0.9804454,0.98479176,0.96703064,0.9787168,0.6288844,0.9874745,0.9844548,0.9825,0.94862676,0.97184575,0.96993357,0.9728147,0.96154577,0.9456511,0.7583266,0.977759,0.9611804,0.97527367,0.97761405,0.9802068,0.98540837,0.9651813,0.9791152,0.9816024,0.97830474,0.9811454,0.98378164,0.9599395,0.9816811,0.97921956,0.98241967,0.9705376,0.9674716,0.9511605,0.989048,0.9553171,0.97938144,0.9709761,0.9661637,0.96508056,0.9714544,0.98674583,0.9785776,0.9839998,0.97839814,0.9730426,0.9733563,0.9737963,0.9639773,0.9713609,0.34313986,0.97767806,0.96950173,0.9443968,0.9680878,0.763131,0.9675873,0.969417,0.95962846,0.96478933,0.977331,0.9845252,0.97045106,0.97784686,0.9555029,0.97264826,0.9701214,0.9658152,0.984544,0.9738342,0.9713609,0.9785385,0.98019356,0.97356874,0.9661254,0.9897617,0.9812867,0.98344415,0.9658666,0.97773916,0.98481953,0.9714939,0.9787291,0.98174876,0.977133,0.97524756,0.98569554,0.95737225,0.9679454,0.9791065,0.42417377,0.97944206,0.6962117,0.95870465,0.98681414,0.98519343,0.9658349,0.98128164,0.9843869,0.9722203,0.96900743,0.968202,0.9527416,0.9817084,0.98022115,0.9601636,0.9696257,0.9663906,0.8751283,0.9776594,0.9771837,0.9889942,0.9593409,0.98066473,0.95313215,0.971873,0.97320366,0.97288495,0.98481727,0.9875948,0.9790116,0.9793798,0.97718847,0.9560811,0.9747359,0.9847024,0.9676864,0.9829285,0.9621691,0.98286706,0.9713501,0.9581995,0.93682206,0.9785484,0.9654182,0.97955245,0.9772226,0.9792244,0.97786105,0.9875948,0.969967,0.9735089,0.983829,0.9680946
angelhasfallen,0.98288345,0.96123064,0.9847169,0.9872733,0.9763069,0.9706517,0.98558336,0.9899216,0.9924014,0.97978556,1.0000001,0.9659719,0.98950636,0.9824769,0.9817068,0.9850253,0.9760707,0.9771512,0.97397554,0.97958064,0.9600634,0.9832855,0.9856135,0.9860072,0.97341174,0.6141239,0.98461694,0.98165566,0.9922225,0.937396,0.9944321,0.98128676,0.9730496,0.96460867,0.9499267,0.7894252,0.9777703,0.9868053,0.9836208,0.96798205,0.98360825,0.98850596,0.986002,0.9890115,0.9866851,0.97366554,0.9772902,0.9893673,0.9761047,0.9902987,0.9852539,0.9823357,0.9841441,0.9822493,0.96800274,0.9802889,0.9675636,0.9806698,0.9825591,0.9861279,0.9685063,0.98695385,0.9685145,0.9770431,0.9852079,0.97640175,0.97427744,0.9767644,0.9801846,0.9835574,0.9883554,0.36340532,0.9834466,0.98216057,0.9667967,0.9698326,0.7837177,0.9751809,0.9872646,0.9656826,0.98484504,0.9880787,0.9837627,0.96024644,0.9805052,0.97499615,0.9921685,0.98732376,0.987678,0.9884631,0.98021865,0.9883554,0.9789485,0.9700077,0.97755206,0.99091226,0.9826793,0.97415227,0.9724285,0.9840839,0.9765175,0.9869393,0.9674277,0.98843145,0.9781714,0.9834793,0.9745564,0.9848319,0.9699098,0.9742811,0.99445975,0.4402777,0.9783346,0.72097844,0.94453,0.98933107,0.98380727,0.9724177,0.9871146,0.98023427,0.9604247,0.97147584,0.9796954,0.9635312,0.9844816,0.99341655,0.987142,0.97795784,0.96921957,0.91636413,0.9769849,0.98016363,0.97074705,0.9690917,0.9826572,0.9557501,0.9711856,0.9831058,0.98225,0.98025036,0.9924014,0.9936586,0.9795717,0.978911,0.96840906,0.983084,0.98649484,0.971659,0.9879539,0.95647264,0.97960997,0.9773784,0.968121,0.9197074,0.9823926,0.98918843,0.98767513,0.98464775,0.9815514,0.9718745,0.9924014,0.96567565,0.98392355,0.99243796,0.9859751
angrybirdsmovie,0.97876143,0.91726404,0.9797041,0.9669661,0.9786932,0.96070546,0.9791609,0.9670524,0.97863364,0.96612644,0.9659719,1.0000001,0.96632445,0.954222,0.9580095,0.95451325,0.96013385,0.9658226,0.9724641,0.9565058,0.9360084,0.9727344,0.9673041,0.9532758,0.9668527,0.64610904,0.9745267,0.95688754,0.9812714,0.9208824,0.9572555,0.97558117,0.9593628,0.97684085,0.9360201,0.73131365,0.96764225,0.9624934,0.95986474,0.9646689,0.95635104,0.9857219,0.9684827,0.9706531,0.97209847,0.94961977,0.96034,0.98208135,0.9781695,0.9778489,0.97687066,0.9831668,0.96391803,0.9583209,0.9309884,0.97928476,0.96948516,0.9827351,0.9583961,0.96950394,0.9502647,0.95426947,0.9692663,0.96706635,0.9761234,0.96707195,0.94749546,0.9833751,0.9562797,0.94067043,0.9659826,0.3430665,0.9528424,0.95662427,0.9435749,0.9358345,0.74339575,0.9624563,0.94447505,0.95934016,0.9473413,0.9755797,0.9755251,0.97025526,0.9825417,0.947297,0.96024644,0.95905423,0.9563885,0.9595808,0.96243113,0.9659826,0.98038346,0.9609151,0.96962905,0.9586875,0.96831703,0.95110303,0.9671728,0.9518092,0.9523009,0.9670341,0.9589639,0.9645079,0.9750678,0.9763361,0.9630463,0.9693661,0.9761478,0.9684107,0.97138613,0.47298405,0.96804285,0.68323034,0.9538041,0.97271115,0.98249274,0.9565213,0.96739084,0.9769309,0.96348256,0.95860386,0.96411693,0.96720433,0.9649869,0.9678976,0.9524919,0.9659302,0.9571322,0.89522547,0.9505795,0.971404,0.9625071,0.93821126,0.9728175,0.91923916,0.96262944,0.95756984,0.9765952,0.9540025,0.97863364,0.96266353,0.96887034,0.96733624,0.9659555,0.9731379,0.97111344,0.9832782,0.9752089,0.9718392,0.96770644,0.96833646,0.9162029,0.9196035,0.9845188,0.96131897,0.97950083,0.9818567,0.9686894,0.9668904,0.97863364,0.9443544,0.9743599,0.98081446,0.9802588
annabellemovie,0.97884357,0.9515052,0.98073906,0.9814368,0.97462887,0.9788208,0.97843957,0.9811288,0.98631334,0.9669099,0.98950636,0.96632445,0.99999994,0.9607073,0.9753686,0.9734841,0.9627956,0.97085935,0.9656828,0.9559594,0.956085,0.96719724,0.9778632,0.9771855,0.953755,0.624688,0.97661513,0.96574795,0.99015707,0.93657786,0.9842752,0.9685536,0.9576312,0.9637601,0.9442407,0.76854825,0.96272427,0.9843459,0.97896767,0.9650188,0.96901006,0.980532,0.9778053,0.98407364,0.987851,0.9502824,0.9679016,0.9866786,0.97074294,0.98350084,0.97490335,0.9713479,0.98119056,0.9839485,0.9516075,0.9731883,0.9703487,0.969384,0.980514,0.9858907,0.9624087,0.9748435,0.96076554,0.96159714,0.9734247,0.962792,0.97512424,0.96843714,0.9625506,0.97607344,0.98699653,0.3492764,0.9748593,0.97032267,0.9470141,0.95149815,0.75174236,0.96982163,0.9793131,0.9565667,0.96485704,0.9899198,0.9786788,0.95490783,0.97193295,0.96443117,0.9871495,0.99225396,0.97479737,0.9834793,0.97802013,0.98699653,0.9681316,0.9624716,0.96704036,0.9821756,0.9646035,0.9608621,0.9624234,0.96776956,0.9595326,0.9721387,0.9533199,0.9850408,0.96393335,0.9736338,0.9749081,0.9776,0.96842676,0.9603131,0.99120444,0.44669503,0.9794847,0.68432045,0.9356006,0.9820978,0.97863084,0.9472732,0.9753002,0.976846,0.9571301,0.9577125,0.9741965,0.96542376,0.974981,0.9880783,0.9832425,0.9629589,0.95540446,0.90761554,0.97659343,0.9722484,0.95616335,0.96214443,0.97344553,0.95601034,0.96414196,0.96487105,0.9770326,0.964032,0.98631334,0.9856808,0.95985323,0.97937137,0.97523284,0.9796649,0.98405296,0.97063076,0.9894105,0.9437657,0.9762478,0.98130864,0.9475291,0.92035013,0.9696013,0.98984545,0.98273724,0.98719746,0.9826621,0.96762496,0.98631334,0.96488494,0.9782212,0.9859626,0.97742426
annamovie,0.97567827,0.9444087,0.97248226,0.9714061,0.9628379,0.9432075,0.9732213,0.9773204,0.98160964,0.97049564,0.9824769,0.954222,0.9607073,1.0000001,0.97445786,0.97533154,0.97454774,0.97147393,0.96577054,0.97763133,0.9406452,0.984213,0.97153294,0.96781987,0.9795462,0.6281127,0.9782867,0.9794635,0.97314614,0.939459,0.97470087,0.9785385,0.9715077,0.949578,0.9319721,0.75728285,0.9835961,0.96687543,0.97835463,0.9628625,0.9603311,0.9700201,0.9678013,0.9711079,0.9743578,0.9720913,0.96649414,0.96865535,0.9857473,0.9733528,0.97315806,0.9826855,0.95794815,0.95365,0.9651402,0.971103,0.9596516,0.9769294,0.9714105,0.9679712,0.9525144,0.990149,0.96110684,0.9869605,0.9818234,0.9595358,0.9534845,0.97115105,0.9745134,0.9769865,0.97464,0.36050168,0.9704339,0.9749559,0.974243,0.95345694,0.7761489,0.9604437,0.97125286,0.97104305,0.98506093,0.9576634,0.9796487,0.96120304,0.96574134,0.9556233,0.96506864,0.9717959,0.9732458,0.98078644,0.9587463,0.97464,0.96671474,0.9673206,0.9662985,0.9809477,0.9760208,0.9737948,0.95522314,0.98196125,0.9758492,0.97318685,0.9588418,0.977549,0.98527634,0.9728006,0.96418935,0.9711721,0.9676169,0.9675684,0.9808771,0.45210212,0.95679104,0.7073467,0.9466274,0.975655,0.9795679,0.9832225,0.98567986,0.96171755,0.9590226,0.9736662,0.9791145,0.953379,0.97118497,0.9824607,0.9813722,0.9808543,0.96646684,0.89508015,0.95356816,0.96718323,0.9725213,0.969148,0.97265166,0.94768876,0.98222756,0.9852126,0.9768004,0.97903675,0.98160964,0.97691476,0.97891355,0.962739,0.95927984,0.97778803,0.97198623,0.9554546,0.969342,0.96386135,0.9715034,0.96019804,0.96263725,0.9052225,0.98812896,0.96829796,0.97226745,0.96946836,0.9713267,0.9561922,0.98160964,0.9646734,0.9792817,0.9799151,0.9707205
apollo11movie,0.98260915,0.9395226,0.9783707,0.9679634,0.97740996,0.954089,0.97116727,0.9726906,0.98841256,0.9620403,0.9817068,0.9580095,0.9753686,0.97445786,1.0000001,0.96940285,0.98121303,0.98455215,0.9831885,0.98306876,0.95044446,0.9657101,0.9726654,0.9830634,0.97564435,0.5905903,0.98001176,0.9809994,0.9724851,0.95190483,0.97063166,0.9770851,0.97024083,0.9540867,0.9060416,0.7028335,0.98319066,0.96292675,0.97958237,0.9706994,0.9676382,0.9792187,0.9605374,0.9853263,0.9808577,0.95698994,0.9677519,0.973275,0.9729351,0.98385537,0.97216696,0.9751733,0.95434296,0.9651875,0.94047344,0.9711458,0.9499222,0.98471427,0.98556095,0.9790186,0.9543037,0.9767359,0.96679974,0.9684301,0.982038,0.96818584,0.95926315,0.9759184,0.9847434,0.97077435,0.98124075,0.32933474,0.94612825,0.9805637,0.93729854,0.9468066,0.7200653,0.97638273,0.9719732,0.9682407,0.96384305,0.9651133,0.97461027,0.94331884,0.9715301,0.9469751,0.9774151,0.9849174,0.9635278,0.9775166,0.97352284,0.98124075,0.97900677,0.97019815,0.96933764,0.99195665,0.9671363,0.9640891,0.9381565,0.96044797,0.96453947,0.970921,0.9687349,0.9786731,0.97170913,0.9678403,0.9744807,0.9723494,0.96731806,0.9582201,0.98781395,0.4123089,0.97763556,0.64562875,0.9641123,0.9854018,0.9839633,0.947707,0.977207,0.95874447,0.9625784,0.9871537,0.96352005,0.9727533,0.9743028,0.9841351,0.97484934,0.9758338,0.97857505,0.8698234,0.9641428,0.97977495,0.97223544,0.9698774,0.9841155,0.964732,0.9707242,0.9732868,0.9745171,0.96969813,0.98841256,0.9680985,0.9615443,0.9764133,0.96226764,0.9800976,0.97447276,0.9514909,0.97143686,0.9698819,0.9704913,0.9713196,0.9425868,0.9159294,0.97755104,0.98129636,0.9739853,0.9833557,0.9751357,0.9805105,0.98841256,0.9713793,0.9903348,0.98037183,0.9712911
arcticdogsmovie,0.9804867,0.9848704,0.9744591,0.97602177,0.9793686,0.9685549,0.9746857,0.9839381,0.9865351,0.9827707,0.9850253,0.95451325,0.9734841,0.97533154,0.96940285,1.0,0.9778933,0.9829007,0.96710217,0.9704653,0.97530586,0.97253805,0.9794837,0.97531605,0.98021495,0.6249623,0.9814636,0.9817813,0.978955,0.9428904,0.978766,0.96953565,0.9710037,0.9524563,0.9336264,0.7563372,0.97776777,0.96836376,0.98051506,0.9699693,0.9792501,0.98264235,0.9703931,0.98171854,0.9719767,0.96747553,0.9717647,0.9796414,0.9716985,0.9848009,0.97220814,0.9739337,0.9616769,0.9719401,0.9622647,0.98379415,0.9418822,0.97550815,0.97681874,0.98014647,0.96970594,0.98394555,0.9635738,0.9774856,0.9786768,0.9699819,0.9775546,0.9640452,0.97043985,0.9714311,0.9809449,0.34824723,0.97303313,0.97508717,0.94743246,0.9712149,0.78022194,0.96860224,0.9778562,0.9684465,0.96816444,0.97489136,0.9817488,0.9544903,0.9776467,0.9594381,0.9796049,0.97380376,0.96940845,0.98542213,0.9782633,0.9809449,0.9737279,0.9618902,0.96740437,0.9772824,0.9817844,0.9753696,0.9698454,0.9674659,0.9757346,0.9754707,0.97223437,0.9809463,0.9673679,0.971683,0.97197825,0.9888674,0.96435773,0.96094984,0.9817865,0.43960515,0.97877204,0.700565,0.9465213,0.97893536,0.9826352,0.96120954,0.9836364,0.9664859,0.95801854,0.9739083,0.9657215,0.9606393,0.9863063,0.9800973,0.9769195,0.97357434,0.9625813,0.8771199,0.98374534,0.98109084,0.97700185,0.9605037,0.98530257,0.9526226,0.97405773,0.9711069,0.9778648,0.9809586,0.9865351,0.97815716,0.97243583,0.97982216,0.96300143,0.9670101,0.9902625,0.9544645,0.9820969,0.9574318,0.97459614,0.9678497,0.9684722,0.91891783,0.9766809,0.9816755,0.9781457,0.98166907,0.9833704,0.97136134,0.9865351,0.9739535,0.977714,0.9850679,0.9607377
arcticmovie,0.9853177,0.9604251,0.9840681,0.9678638,0.98626643,0.9522342,0.9861549,0.97493017,0.99097455,0.98499626,0.9760707,0.96013385,0.9627956,0.97454774,0.98121303,0.9778933,1.0,0.98753065,0.9809183,0.9817653,0.9797553,0.974513,0.9842745,0.98075676,0.98181194,0.6369211,0.98217946,0.9940479,0.97324705,0.9716589,0.96499336,0.97633725,0.97212183,0.9489566,0.93278015,0.7283993,0.9831923,0.9469338,0.98572135,0.9843968,0.9752878,0.9802531,0.957022,0.9857825,0.98393816,0.977451,0.9834204,0.97492516,0.9667098,0.9853475,0.97565144,0.9844851,0.9492289,0.96256757,0.94931215,0.98737663,0.9493946,0.98619485,0.9804677,0.966737,0.96819836,0.9782483,0.9872259,0.9819166,0.9899887,0.9768622,0.97591037,0.98135513,0.97992706,0.9660849,0.9781516,0.34039792,0.9635978,0.98183864,0.94048345,0.96880496,0.75330144,0.97616047,0.9727748,0.9718559,0.9670187,0.96782243,0.9875946,0.96267694,0.97284627,0.9404668,0.97467774,0.9712973,0.95640236,0.9887298,0.98008275,0.9781516,0.98203796,0.9842094,0.96841186,0.9749141,0.98389953,0.98655397,0.96381116,0.95784235,0.9820875,0.9817983,0.9727483,0.9784039,0.9753845,0.9718605,0.98761475,0.9820451,0.9636163,0.95984983,0.98303634,0.4138308,0.9847132,0.6776498,0.97103465,0.98670995,0.98805666,0.95604664,0.9804978,0.97541463,0.9789531,0.9843508,0.9689721,0.95668936,0.98806524,0.977938,0.9631393,0.97386605,0.97835815,0.8604908,0.97152644,0.9837965,0.9964923,0.9703222,0.987059,0.9729372,0.9758488,0.97991353,0.98003,0.9846163,0.99097455,0.97264725,0.97783935,0.9824216,0.95857847,0.98014086,0.9792311,0.9609472,0.9794965,0.97270846,0.9873197,0.9731638,0.95347166,0.93814623,0.9817384,0.9687257,0.9806667,0.98029226,0.98197156,0.98327667,0.99097455,0.9749433,0.9796365,0.9805643,0.9685005
artofracingmovie,0.99020296,0.95830667,0.9792929,0.97125393,0.9866448,0.9513549,0.97757864,0.98088807,0.9906199,0.98221016,0.9771512,0.9658226,0.97085935,0.97147393,0.98455215,0.9829007,0.98753065,1.0000001,0.9856283,0.9799171,0.973428,0.9737874,0.9718176,0.9701109,0.98325515,0.60342616,0.9858924,0.98712784,0.9792195,0.94637376,0.966293,0.9653367,0.9792473,0.97010213,0.91690516,0.6988491,0.99204445,0.9674191,0.98232126,0.98482794,0.9739322,0.9852708,0.95263714,0.98163146,0.9786143,0.9646904,0.9667843,0.9801388,0.9732295,0.9823836,0.9790409,0.9783121,0.9583743,0.9758373,0.95583034,0.98998404,0.94350326,0.98814386,0.98212636,0.97888327,0.95720524,0.9778161,0.9740196,0.9746972,0.98731834,0.97566265,0.9714656,0.9801481,0.9865982,0.97149324,0.97950226,0.32584232,0.9546846,0.98106766,0.92733294,0.95617217,0.73174715,0.9836214,0.97622,0.9737418,0.9608792,0.97516644,0.97882223,0.9593021,0.9825047,0.94371146,0.9755458,0.97807044,0.96480834,0.9832763,0.97915196,0.97950226,0.9772166,0.97881335,0.98111683,0.9806982,0.97633207,0.97336113,0.959886,0.9557606,0.97653854,0.9778406,0.97454923,0.98720694,0.97503,0.97827375,0.9750535,0.9828141,0.96567947,0.95346016,0.9840325,0.4039996,0.98415416,0.64958245,0.96549535,0.98824686,0.9910824,0.9497495,0.97934175,0.9683119,0.9689397,0.98590547,0.9675378,0.9626997,0.9788479,0.98158586,0.96283996,0.9783699,0.9798166,0.8590489,0.9830298,0.9895131,0.9841295,0.9631765,0.9910802,0.9545274,0.97372806,0.9663682,0.9767925,0.9814658,0.9906199,0.96813047,0.9719262,0.9838091,0.961404,0.9715652,0.98526824,0.9510535,0.9754818,0.9794814,0.9727764,0.96810997,0.9572077,0.933837,0.9825414,0.97433245,0.97316206,0.985174,0.98373693,0.98358965,0.9906199,0.97807646,0.9895227,0.97985023,0.9638697
avengers,0.9903261,0.9440897,0.97392577,0.9641608,0.9768609,0.9497941,0.9737134,0.9683039,0.9850761,0.97347236,0.97397554,0.9724641,0.9656828,0.96577054,0.9831885,0.96710217,0.9809183,0.9856283,1.0000001,0.9813396,0.9548013,0.96671176,0.9674689,0.9754135,0.9706607,0.61965317,0.97943795,0.9734807,0.97452664,0.9493591,0.96828836,0.9700181,0.96386576,0.96681476,0.9147261,0.71191514,0.98730904,0.95879734,0.9646581,0.9679732,0.9681107,0.9840234,0.9552913,0.9818744,0.9784581,0.9551058,0.96057993,0.981518,0.96860933,0.9808549,0.97342426,0.975434,0.9568428,0.96069497,0.9273204,0.9797139,0.955047,0.98741055,0.96911234,0.9676405,0.9580366,0.9610705,0.97502077,0.9656063,0.9756026,0.96010363,0.9622383,0.9749819,0.9809513,0.95512104,0.9665393,0.34955364,0.9455739,0.9685649,0.93268496,0.93011254,0.7188106,0.96696305,0.96194196,0.95290476,0.9570583,0.9681633,0.97305477,0.9614809,0.976098,0.9550853,0.9737291,0.9686305,0.95215243,0.9714515,0.9709564,0.9665393,0.9809695,0.96532357,0.97609556,0.9784851,0.973023,0.96202606,0.9499308,0.94743353,0.96508557,0.97024655,0.96595156,0.9704276,0.98348725,0.9688193,0.9614556,0.97536236,0.96268064,0.94635516,0.97672164,0.46905997,0.9832551,0.6554953,0.97053576,0.98389083,0.9848753,0.94732237,0.9756786,0.9679345,0.9686322,0.9779228,0.9553174,0.9668877,0.97620314,0.96896005,0.95339006,0.9705748,0.9640629,0.8803504,0.9574287,0.979556,0.9806124,0.95348275,0.98867214,0.952819,0.96222395,0.9550216,0.9627722,0.96501297,0.9850761,0.96079004,0.96503,0.9775292,0.964665,0.9703009,0.97395754,0.9667438,0.9689137,0.9655212,0.9688885,0.9650706,0.92709684,0.9535071,0.975779,0.9693024,0.9690587,0.9805824,0.9725646,0.988127,0.9850761,0.9529629,0.97762823,0.97682554,0.96981424
beachbummovie,0.9786563,0.9451677,0.9666349,0.9730124,0.97022957,0.9449156,0.97248167,0.9702898,0.98332244,0.9750753,0.97958064,0.9565058,0.9559594,0.97763133,0.98306876,0.9704653,0.9817653,0.9799171,0.9813396,1.0,0.94872266,0.9705322,0.96960205,0.9755519,0.9766839,0.6030401,0.9819418,0.9806979,0.9697475,0.93827575,0.96259856,0.97046196,0.9651468,0.9559194,0.916393,0.74178153,0.9837653,0.95851123,0.9675495,0.96769935,0.97548497,0.9796088,0.95905197,0.97693384,0.96688896,0.96346617,0.9647468,0.964913,0.9608733,0.976849,0.9707368,0.9745153,0.9533605,0.95600617,0.944959,0.97311485,0.9357051,0.9810092,0.97232187,0.9680446,0.9510219,0.9701003,0.96870905,0.96370894,0.9842585,0.9725953,0.9578734,0.9729248,0.9836989,0.9656899,0.9685633,0.34953985,0.95079476,0.9695054,0.955308,0.9527893,0.74896467,0.97190356,0.96558124,0.9529954,0.96736336,0.96078867,0.96885806,0.94247365,0.9696592,0.9593559,0.96653605,0.96637934,0.966527,0.9695673,0.9619834,0.9685633,0.9727907,0.95961964,0.97097373,0.98201036,0.9807124,0.973886,0.9539222,0.9629174,0.96436036,0.9779335,0.95835865,0.9733202,0.9822389,0.96568495,0.9606943,0.96651566,0.9420105,0.95983636,0.97956395,0.42649406,0.9634233,0.6898051,0.9465371,0.9811262,0.9745124,0.97190654,0.9782779,0.9623579,0.9512697,0.9773816,0.95430607,0.95550746,0.9706087,0.98024726,0.96666104,0.97526646,0.97436255,0.86963695,0.95922816,0.97157717,0.97881335,0.95208174,0.9788621,0.9415787,0.9662481,0.97461635,0.9676299,0.9739277,0.98332244,0.96503884,0.9667675,0.96411884,0.9512498,0.9703377,0.9705618,0.9523762,0.9633155,0.96249133,0.9629233,0.94942683,0.95372385,0.923196,0.9768558,0.96894324,0.969546,0.9753447,0.9610998,0.96898896,0.98332244,0.95592946,0.9776841,0.9781883,0.9640866
bernadettefilm,0.9700031,0.9740763,0.97354275,0.9575691,0.97226316,0.9453097,0.9762454,0.9673886,0.97380257,0.98256475,0.9600634,0.9360084,0.956085,0.9406452,0.95044446,0.97530586,0.9797553,0.973428,0.9548013,0.94872266,1.0000001,0.9573117,0.9750472,0.95762736,0.9579313,0.6516216,0.9607592,0.97794706,0.9629374,0.9575008,0.95371425,0.9514955,0.95102096,0.9335618,0.9321406,0.7318108,0.9575662,0.93418527,0.9682002,0.9752482,0.9764689,0.96858484,0.9486275,0.9742546,0.97078913,0.96727073,0.97601306,0.96590006,0.9333875,0.9741951,0.95900035,0.9615717,0.9432157,0.9581563,0.93992835,0.9763009,0.93260217,0.96188486,0.9700598,0.9471551,0.9690714,0.95849043,0.9732523,0.9649724,0.96434474,0.9645781,0.97095954,0.95261484,0.95955676,0.94673187,0.96033037,0.33685014,0.96083724,0.96764934,0.9072559,0.961573,0.75082815,0.949023,0.96677643,0.9437977,0.9312975,0.96386695,0.97728777,0.94465643,0.9633588,0.93188375,0.9681761,0.95320404,0.938305,0.9788882,0.97954726,0.96033037,0.9638623,0.97021717,0.9516608,0.9495949,0.97319883,0.970718,0.9644034,0.9373649,0.9745602,0.9594415,0.96465564,0.96518254,0.9437158,0.9540798,0.9764896,0.98148894,0.9428742,0.94824183,0.9646596,0.40088964,0.9817336,0.6642239,0.9551259,0.9729151,0.97160465,0.919661,0.95655686,0.97242457,0.97554904,0.9554791,0.9556567,0.9369782,0.9786724,0.95921665,0.9387692,0.9455329,0.9532049,0.8451005,0.9707631,0.9670791,0.9792799,0.95205396,0.97285056,0.9648122,0.9520459,0.9527494,0.955459,0.9759454,0.97380257,0.9615012,0.9642097,0.9748331,0.93983746,0.95478904,0.9739326,0.9463046,0.9754243,0.9452013,0.9778127,0.9699617,0.947808,0.9251987,0.9508452,0.9496503,0.95954555,0.96011084,0.97591627,0.97320455,0.97380257,0.97635734,0.9570065,0.9643153,0.9429528
