movie,21bridgesmovie,47metersdown,abeautifuldaymovie,abominablemovie,adastramovie,adogsjourneymovie,aftermathmovie,aftermovie,ahiddenlifefilm,alitamovie,angelhasfallen,angrybirdsmovie,annabellemovie,annamovie,apollo11movie,arcticdogsmovie,arcticmovie,artofracingmovie,avengers,beachbummovie,bernadettefilm,blackandbluemovie,blackchristmas,blindedbythelightmovie,bombshellmovie,booksmart,breakthroughmovie,brianbanksmovie,brightburnmovie,brittanyrunsmov,captainmarvelofficial,captivestatemovie,catsmovie,charliesangels,childsplaymovie,clarathefilm,coldpursuitmovie,countdown,currentwarmovie,darkwatersmovie,detectivepikachumovie,disneyaladdin,disneyfrozen,disneymaleficent,doctorsleepmovie,dolemiteismyname,dontletgomovie,doramovie,downtonabbey_official,dumbo,escaperoom,everybodyknowsmovie,fastandfuriousmovie,fightingwmyfam,fivefeetapartfilm,fordvferrari,freaksthefilm,geminimanmovie,glassmovie,gloriabellmovie,godzillamovie,goldfinchmovie,goodboysmovie,goodliarmovie,gretafilm,halathemovie,happydeathdaymovie,harrietfilm,hellboymovie,hersmellmovie,highlifemovie,highstrungmovie,honeyboymovie,hotelmumbaifilm,httydragon,hustlemovie,hustlersmovie,isntitromantic,itmovieofficial,jayandsilentbob,johnwickmovie,jojorabbitmovie,jokermovie,judythefilm,jumanjimovie,justmercyfilm,knivesout,lalloronamovie,lastblackmansf,lastchristmasthemovie,latenightmovie,lighthousemovie,lionking,littlethemovie,littlewomenmovie,littlewoodsfilm,longshotmovie,lordsofchaosmovie,lucyintheskyfilm,mamovie2019,marriagestory,meettheaddams,meninblack,midsommarmovie,midwaymovie,missbalamovie,missinglinkfilm,motherlessbklyn,onceinhollywood,onthebasisofsex,overcomermovie,peanutbutterfalcon,petsematarymovie,piercingmovie,playingwithfire,playmobilthemovie,pomsmovie,queenandslim,rambomovie,readyornotfilm,richardjewellfilm,rocketmanmovie,scarystoriesmovie,secretlifeofpets,serenityfilm,shaftmovie,shazammovie,spidermanmovie,spiesindisguise,starwars,stormboymovie,stubermovie,taosdfilm,teenspiritmov,terminator,theaeronautsmov,thebestofenemies,thedeaddontdie,thefarewell,thehighwaymen,thehummingbirdprojectfilm,theintrudermovie,theirishmanfilm,thekitchenmovie,thelegomovie,themustangfilm,thenightingalefilm,theprodigymovie,thesunisalsoastar,theupsidefilm,tolkienmovie,toystory,triplefrontier,uglydolls,uncutgems,underthesilverlake,usmovie,wavesmovie,whatmenwant,wonderparkmovie,wrinklestheclown,xmenmovies,yardiefilm,yesterdaymovie,zombieland
21bridgesmovie,1.0000001,0.95343214,0.97388065,0.94844973,0.9607308,0.9448392,0.96868527,0.9689222,0.9825911,0.9547213,0.9721467,0.93176466,0.9545239,0.9723201,0.954426,0.95821315,0.9557009,0.9612035,0.9845275,0.9567522,0.9594642,0.97654736,0.9508947,0.95756066,0.9670926,0.8145347,0.9515767,0.9701304,0.96756047,0.9404498,0.95870346,0.9709727,0.93068033,0.95527923,0.92299914,0.87630504,0.97520417,0.980621,0.96521896,0.9496461,0.96280766,0.9767559,0.9620929,0.9654106,0.96689224,0.95504415,0.9535912,0.9702015,0.9763484,0.97119105,0.9718593,0.9763694,0.9406974,0.9454665,0.9238074,0.94408774,0.9552633,0.9589001,0.9647559,0.9643419,0.949824,0.95883524,0.959189,0.96221256,0.96821195,0.96519613,0.93087494,0.960768,0.97122824,0.9707197,0.95708436,0.9605733,0.9468325,0.96651113,0.9452859,0.94226235,0.9096394,0.94418466,0.9487066,0.96124446,0.96557015,0.9743429,0.95740294,0.9536135,0.9440521,0.95038176,0.98213047,0.95938265,0.94555825,0.9504583,0.9828277,0.95708436,0.96480626,0.9409162,0.97269315,0.95398664,0.96257275,0.9605692,0.9622063,0.94611996,0.9620383,0.9618539,0.9638727,0.9681707,0.97186553,0.9720941,0.98418015,0.9222839,0.95769036,0.928536,0.966943,0.81786036,0.98168325,0.8853873,0.95994556,0.98620546,0.99561405,0.9590805,0.9625888,0.96341854,0.96955,0.9678482,0.95590293,0.9346861,0.94699365,0.97723866,0.95521426,0.95224726,0.96215534,0.93555593,0.9603946,0.93648326,0.94704354,0.965365,0.97661805,0.94303566,0.98452896,0.95540756,0.96611464,0.9706923,0.9825911,0.96619356,0.93800354,0.9349191,0.94228685,0.9578501,0.94736725,0.9477916,0.93837523,0.9696363,0.9680533,0.967563,0.9677569,0.9668154,0.97568953,0.95787436,0.96725,0.95655286,0.96287245,0.9782914,0.9825911,0.9627248,0.97162503,0.96475184,0.9669606
47metersdown,0.95343214,0.99999994,0.95868665,0.93537027,0.95214224,0.9248313,0.93537265,0.96747965,0.97244626,0.9444809,0.9756515,0.905173,0.9150244,0.9712873,0.9521457,0.97029364,0.96567976,0.9738825,0.96280605,0.9671128,0.96478087,0.95883256,0.9576332,0.94476664,0.95828384,0.80579185,0.96115327,0.9747143,0.9442448,0.96306854,0.958747,0.93957204,0.9321031,0.9354576,0.89213514,0.83619964,0.964109,0.9453623,0.9623982,0.95630634,0.94496197,0.96048945,0.9448138,0.9407471,0.95320773,0.92093194,0.9625159,0.95163476,0.9248764,0.9475414,0.9590614,0.95756716,0.9158707,0.9153756,0.9439008,0.9390576,0.9536649,0.96914166,0.95691377,0.96632165,0.92795676,0.95492595,0.9608123,0.9487371,0.95658916,0.9351176,0.9278533,0.94556344,0.96105623,0.9176654,0.95768934,0.94163465,0.94132155,0.9686846,0.94204396,0.93398243,0.8375051,0.92476314,0.93461454,0.9455092,0.97942835,0.92702335,0.9424395,0.94046235,0.9315102,0.9505826,0.94656277,0.9241229,0.9497827,0.94628227,0.9627194,0.95768934,0.9453705,0.9479687,0.965878,0.9414403,0.95632964,0.960892,0.9454531,0.92724705,0.92623544,0.9502013,0.95536,0.96914786,0.9658275,0.95737815,0.9738869,0.9188765,0.93349695,0.91091603,0.9652833,0.76560456,0.96453655,0.859491,0.93781775,0.9633541,0.95951396,0.95957124,0.96911585,0.9199041,0.94764805,0.95119697,0.93630105,0.9427543,0.9544524,0.9654051,0.93400466,0.9360276,0.9562554,0.9109967,0.9599823,0.9256652,0.96263003,0.9219028,0.96505135,0.9609269,0.95324236,0.95217115,0.95176095,0.9539933,0.97244626,0.96127707,0.9023451,0.9290239,0.8964048,0.9370908,0.95221955,0.9233073,0.9227694,0.9557478,0.9483002,0.9533955,0.96478564,0.9372818,0.96813184,0.95422727,0.9685463,0.94764555,0.949743,0.9598685,0.97244626,0.9510622,0.94739527,0.9645813,0.96586597
abeautifuldaymovie,0.97388065,0.95868665,1.0,0.9555509,0.9723705,0.9458523,0.95180535,0.97576064,0.9816271,0.9558905,0.96348196,0.95147544,0.9528001,0.97706836,0.9691869,0.9609978,0.95762914,0.97646374,0.9744006,0.97868294,0.96351457,0.97548753,0.95944536,0.9506605,0.9636972,0.82234496,0.95549124,0.9736501,0.98204356,0.94943655,0.9600266,0.9732328,0.9528347,0.97680926,0.87709135,0.85452783,0.98130965,0.9478482,0.95983565,0.96870786,0.9667575,0.97842073,0.95559496,0.9646925,0.9656836,0.94774085,0.9600689,0.9692743,0.95358205,0.9722802,0.9882381,0.981707,0.93712044,0.9285696,0.9381164,0.9541684,0.94825715,0.96385634,0.979732,0.95950735,0.9491426,0.96545583,0.96052575,0.9626473,0.97220385,0.94562966,0.9589283,0.96799284,0.9567311,0.96674424,0.95690936,0.962192,0.9400202,0.9691873,0.9570311,0.95015943,0.88967323,0.9533622,0.9524394,0.95999855,0.95832807,0.95884526,0.96525043,0.93126684,0.96060896,0.94434303,0.9668114,0.94579947,0.94188964,0.9433093,0.9682282,0.95690936,0.9688341,0.9571005,0.99289095,0.9553774,0.9521804,0.95859116,0.9626017,0.9481805,0.95632946,0.94309187,0.9792565,0.97205997,0.9525235,0.9839258,0.9759509,0.9354646,0.97163945,0.94100153,0.97704196,0.8334032,0.97316474,0.8496385,0.95066917,0.97484565,0.9789518,0.96051645,0.96173626,0.944786,0.97658074,0.9540227,0.9594635,0.9490694,0.9537517,0.9823117,0.9430586,0.9576696,0.97462255,0.9234726,0.9766677,0.94857615,0.9618481,0.9391118,0.97342587,0.9509101,0.9685451,0.97031903,0.96346796,0.968673,0.9816271,0.9842943,0.93110824,0.9438849,0.9427547,0.9674288,0.9598125,0.92129046,0.9364172,0.964253,0.95330393,0.98644096,0.9663429,0.9298184,0.96385664,0.95546347,0.9731143,0.9549897,0.9543313,0.96526074,0.9816271,0.9672033,0.96380097,0.96570057,0.9748908
abominablemovie,0.94844973,0.93537027,0.9555509,0.99999994,0.95978,0.92326546,0.95963967,0.9730667,0.97445685,0.94678533,0.9631661,0.91517603,0.962262,0.9612078,0.96130204,0.9708694,0.9727106,0.9589756,0.95751715,0.95804876,0.9620104,0.94152266,0.97339225,0.96953607,0.9544778,0.7470681,0.9707729,0.96026117,0.95996726,0.95703363,0.9578168,0.94247127,0.9534358,0.94715434,0.84182566,0.8381098,0.95979804,0.93286747,0.9400541,0.9417251,0.9587979,0.9727806,0.93535954,0.959453,0.95521486,0.946544,0.9720027,0.93207276,0.9306563,0.96386164,0.9523558,0.9633884,0.9393986,0.93050784,0.92773634,0.95425344,0.9248941,0.9728505,0.97652155,0.9609641,0.9623132,0.9757849,0.9443622,0.96944577,0.9577578,0.93849254,0.9455756,0.9645479,0.96007,0.9254567,0.9640213,0.9716395,0.93248045,0.9676825,0.9747973,0.93385947,0.83056957,0.9556793,0.9669309,0.9331921,0.9624729,0.9427062,0.9640264,0.9433884,0.9259364,0.95751953,0.9530036,0.9477809,0.9540817,0.95054996,0.94258195,0.9640213,0.94079363,0.9435178,0.9531654,0.95026094,0.95828927,0.93257624,0.9544192,0.95654315,0.9527218,0.93103683,0.94667137,0.95832705,0.9345606,0.95194304,0.9660968,0.958688,0.95223534,0.9362111,0.9738179,0.77802724,0.9602893,0.81756073,0.9550052,0.9533275,0.9579441,0.94878536,0.9639996,0.95086896,0.9680302,0.9454202,0.9535713,0.93079,0.9604736,0.9554906,0.95266974,0.93755156,0.9473596,0.86950934,0.9787983,0.9579389,0.97286314,0.91562814,0.9720161,0.952464,0.9530331,0.9382789,0.9600547,0.95995754,0.97445685,0.94269097,0.9284923,0.9524353,0.964132,0.95422345,0.92694056,0.9031589,0.9652713,0.93739384,0.9466838,0.9469249,0.95580965,0.91981953,0.9572084,0.95183563,0.9736131,0.9536084,0.95303184,0.9576504,0.97445685,0.9348716,0.96946025,0.9742609,0.94586974
adastramovie,0.9607308,0.95214224,0.9723705,0.95978,1.0,0.92161167,0.9626823,0.97511744,0.9808075,0.9616128,0.9649799,0.9283123,0.9489739,0.97088766,0.9708065,0.958229,0.96518797,0.9765062,0.97684705,0.9786715,0.96288586,0.9720324,0.9692598,0.9678282,0.97095096,0.8366349,0.9666098,0.9645801,0.9715117,0.96180505,0.96784216,0.9607155,0.97434837,0.9517757,0.86295867,0.86897296,0.976113,0.94256544,0.95066756,0.9682721,0.9559448,0.97598636,0.9338369,0.959797,0.9706443,0.9436721,0.9722157,0.9726416,0.9290115,0.9724706,0.9687385,0.98240817,0.96600324,0.9502255,0.94698673,0.98186576,0.9585173,0.96923053,0.9658732,0.95113003,0.953291,0.9651098,0.9470974,0.96455103,0.97694796,0.9279803,0.9671151,0.97117984,0.952578,0.9395552,0.9535588,0.96791106,0.9557801,0.9717533,0.946059,0.95160884,0.87761384,0.9509332,0.95813084,0.9298673,0.9696575,0.96243596,0.96159655,0.9518867,0.94368,0.9619233,0.9566828,0.9487803,0.93251723,0.9536229,0.9644991,0.9535588,0.9634793,0.9566111,0.9705008,0.9593231,0.95787865,0.9580851,0.9679563,0.9495387,0.9581718,0.95980126,0.9719942,0.9633454,0.94372475,0.9700894,0.96752477,0.9566675,0.9657662,0.9483951,0.9768866,0.84012634,0.9725745,0.85617846,0.93750405,0.9553773,0.96573544,0.9355865,0.9649115,0.9467217,0.9582182,0.9644841,0.97382504,0.9239685,0.96687937,0.9661632,0.94663805,0.9410347,0.97683716,0.9112627,0.9740061,0.9687038,0.9716629,0.91711885,0.9722029,0.95848876,0.9489196,0.95984864,0.9519091,0.96855617,0.9808075,0.9743231,0.94179237,0.95152116,0.9345882,0.97671664,0.9472593,0.90721184,0.95235753,0.94280934,0.95433366,0.9599746,0.95882255,0.9397002,0.95256484,0.9577603,0.9675391,0.94486386,0.9480199,0.97300506,0.9808075,0.9485312,0.96667504,0.972111,0.9553312
adogsjourneymovie,0.9448392,0.9248313,0.9458523,0.92326546,0.92161167,0.9999998,0.9399536,0.9376014,0.95375764,0.9168795,0.9350226,0.9207497,0.94976115,0.9431394,0.9194391,0.95721817,0.90587956,0.9168802,0.94361395,0.9159546,0.9165632,0.94559836,0.9261186,0.9248802,0.9322487,0.8427332,0.9008263,0.9375827,0.9614144,0.9195685,0.92192143,0.96174574,0.89832556,0.94682646,0.9296088,0.91458017,0.92767835,0.9380278,0.9533445,0.92843986,0.9766772,0.96402925,0.96542,0.94140893,0.9471385,0.93751895,0.92750406,0.915117,0.9326235,0.9470688,0.96147263,0.9539753,0.8927627,0.93223083,0.9378074,0.9385229,0.9163144,0.9206349,0.9374485,0.9188828,0.91599196,0.93291163,0.9533657,0.941349,0.93878937,0.929449,0.8923328,0.9468575,0.96006155,0.94274414,0.9104008,0.9312117,0.9350771,0.9455975,0.9223898,0.89291626,0.8631893,0.9151063,0.91841817,0.96620566,0.9354415,0.9511885,0.92055523,0.93934876,0.9502843,0.9000257,0.9596789,0.94625586,0.9262743,0.9257041,0.9341989,0.9104008,0.94097406,0.9592685,0.9515186,0.9342312,0.94360054,0.90853447,0.9330298,0.9024684,0.93694943,0.9270317,0.94917303,0.9280779,0.9279589,0.96432036,0.9512371,0.9207939,0.9319848,0.94420666,0.92694646,0.74315554,0.9500564,0.8761798,0.91234374,0.93272626,0.94375664,0.9491628,0.92377204,0.9431203,0.93268883,0.92511004,0.95183516,0.9592918,0.9240946,0.95328116,0.9396472,0.9669071,0.96423405,0.93663585,0.9316006,0.9131646,0.9143505,0.90843993,0.9275257,0.9256546,0.9176803,0.94714236,0.914779,0.9366246,0.95375764,0.9538069,0.9431755,0.93615276,0.9286967,0.9359716,0.9326029,0.94443524,0.9088689,0.9702516,0.9554282,0.96011865,0.9508748,0.90472925,0.93251795,0.8916377,0.9176454,0.9100216,0.94045687,0.92022645,0.95375764,0.9652794,0.9422696,0.92876875,0.9646471
aftermathmovie,0.96868527,0.93537265,0.95180535,0.95963967,0.9626823,0.9399536,0.9999998,0.9673218,0.9856647,0.9599063,0.97039866,0.92033625,0.979225,0.97376937,0.94364214,0.95831597,0.95913684,0.9480582,0.9759396,0.9475311,0.96965873,0.9645724,0.9682203,0.97448313,0.9708228,0.8011227,0.94911796,0.96345735,0.952694,0.94695956,0.96370065,0.97139776,0.9515513,0.92771363,0.9099984,0.8921215,0.9569592,0.97657347,0.9616069,0.9486781,0.9649021,0.9817759,0.9557039,0.9677979,0.9654359,0.9837492,0.9621942,0.9510578,0.9693077,0.97079474,0.9491983,0.9787945,0.96760666,0.97502136,0.92725426,0.96811163,0.94759893,0.97494334,0.967848,0.9621203,0.97614294,0.97178847,0.9591538,0.97389954,0.96665514,0.9656133,0.93643093,0.98341924,0.96953243,0.9546247,0.96441257,0.96299905,0.9714284,0.9626486,0.96170056,0.9431911,0.886566,0.95493364,0.9832302,0.9533766,0.95281476,0.98070264,0.97495234,0.9705872,0.92194366,0.9554546,0.9675968,0.9765062,0.9717756,0.97672665,0.9610067,0.96441257,0.9804274,0.9654055,0.94511634,0.9542629,0.97388816,0.96299237,0.983632,0.9663603,0.9865652,0.9657469,0.96075666,0.9640493,0.962977,0.9559458,0.97258294,0.96594685,0.93985635,0.96122307,0.9457167,0.8112205,0.97688186,0.90405804,0.95896286,0.95428675,0.9757388,0.96597165,0.95274764,0.9946193,0.9639304,0.9726351,0.9678164,0.9346997,0.9661315,0.97124416,0.97500014,0.951523,0.9593655,0.91183156,0.9734801,0.96802735,0.95625246,0.92635125,0.97887254,0.9482105,0.96195716,0.95065933,0.9670975,0.9716403,0.9856647,0.94339633,0.9688273,0.9729511,0.9446067,0.96634156,0.94032454,0.9599877,0.9799141,0.9505221,0.9853686,0.95074177,0.9659178,0.9355523,0.97247386,0.96110195,0.9462498,0.960709,0.9745454,0.9692172,0.9856647,0.96585417,0.9877086,0.9756683,0.94370407
aftermovie,0.9689222,0.96747965,0.97576064,0.9730667,0.97511744,0.9376014,0.9673218,0.99999994,0.990825,0.9757976,0.9766018,0.93512774,0.95635116,0.9799297,0.97056437,0.977175,0.9851144,0.98035866,0.9738035,0.9758975,0.9875668,0.97715485,0.98272467,0.9763781,0.97227305,0.8243198,0.9717869,0.9784364,0.97435814,0.97388434,0.9645903,0.96694046,0.9635806,0.96052456,0.88439894,0.8599725,0.97808045,0.9589878,0.9593605,0.96867055,0.9637999,0.9857708,0.9480904,0.97927624,0.9707457,0.95241153,0.98359305,0.965279,0.9386323,0.9820175,0.97160465,0.98497295,0.95616424,0.9395936,0.96191484,0.9718832,0.9557885,0.97962123,0.97333294,0.9758153,0.952867,0.9703173,0.970303,0.97547436,0.9811301,0.9409462,0.9677228,0.97394776,0.9669975,0.94264925,0.97261256,0.9796447,0.9533629,0.98521805,0.97038406,0.94341934,0.88526684,0.95570445,0.9607623,0.9523028,0.97692406,0.9647717,0.9727478,0.9640989,0.9485082,0.97153103,0.9623803,0.95075774,0.9529036,0.9627863,0.96949345,0.97261256,0.9737399,0.9723962,0.97755665,0.95875955,0.97483766,0.95449156,0.96546024,0.96662545,0.96073306,0.960917,0.9712108,0.9788145,0.9617308,0.97474307,0.9765499,0.9563653,0.9678763,0.9497989,0.98792523,0.80595696,0.9729572,0.8498106,0.9621864,0.97116023,0.9806655,0.96053773,0.9830761,0.9612188,0.97588664,0.9658183,0.97589236,0.9506573,0.95947677,0.9830271,0.9542078,0.9484299,0.9695699,0.9114413,0.98416334,0.9633068,0.98313916,0.9499473,0.97824216,0.9684794,0.9690254,0.9727202,0.9703955,0.96807826,0.990825,0.97320974,0.9388454,0.9601156,0.9498638,0.97167325,0.95869726,0.93054307,0.9596381,0.9543201,0.9655766,0.9684628,0.96799356,0.93267465,0.97502065,0.9638043,0.9791162,0.96819466,0.9716795,0.9727151,0.990825,0.9678613,0.9742183,0.9811474,0.9602807
ahiddenlifefilm,0.9825911,0.97244626,0.9816271,0.97445685,0.9808075,0.95375764,0.9856647,0.990825,1.0,0.9755999,0.98514575,0.94462156,0.9749905,0.99260914,0.9733395,0.9815994,0.98149693,0.9823255,0.98874587,0.9797755,0.98470134,0.9828562,0.98477286,0.98303324,0.98413813,0.81770533,0.97174084,0.9882164,0.9798484,0.9737959,0.98067635,0.98016256,0.9662625,0.9656377,0.9103426,0.8866426,0.9834573,0.97366834,0.97906977,0.97361887,0.979749,0.9931639,0.964585,0.976907,0.9799482,0.9769679,0.9834501,0.97289944,0.9655895,0.98278636,0.9800809,0.99342185,0.9647602,0.96410364,0.9540087,0.97933763,0.96647626,0.9896361,0.9848202,0.98045826,0.9742214,0.9843737,0.97822577,0.9842778,0.98536366,0.96876454,0.961502,0.9876627,0.98119944,0.9649534,0.9787586,0.9804234,0.9710848,0.98790973,0.97365654,0.9597444,0.8958143,0.9686971,0.97790414,0.97069645,0.98101175,0.9786205,0.9833491,0.9695242,0.9561869,0.97310185,0.977212,0.97411466,0.9732887,0.9754723,0.9834471,0.9787586,0.98414254,0.9776146,0.97936577,0.9710599,0.98179203,0.97587264,0.9815692,0.9723708,0.9824524,0.9735037,0.97946113,0.984074,0.9760698,0.98276246,0.9903911,0.96579826,0.96757615,0.9570009,0.978863,0.8158829,0.987532,0.8889855,0.973695,0.98056835,0.98994356,0.97649896,0.9795788,0.9772785,0.98226756,0.98227584,0.9774624,0.9565309,0.9784425,0.9904909,0.973724,0.96849006,0.9815955,0.92814994,0.9888349,0.9735881,0.98039544,0.9521522,0.9907047,0.9735731,0.97773874,0.9744214,0.9811526,0.9855307,1.0,0.97467417,0.96268743,0.9733924,0.9570508,0.9818631,0.9661014,0.95196176,0.97356546,0.97103953,0.984791,0.9746075,0.98487234,0.95201313,0.9869506,0.9720584,0.9768856,0.97248065,0.9789892,0.9808148,1.0,0.9799391,0.98819613,0.9871952,0.9751054
alitamovie,0.9547213,0.9444809,0.9558905,0.94678533,0.9616128,0.9168795,0.9599063,0.9757976,0.9755999,0.9999999,0.96360296,0.92685145,0.9436225,0.9694332,0.9582213,0.9527964,0.96866393,0.9677722,0.9652749,0.9606014,0.95856416,0.95709,0.9542231,0.942475,0.9534961,0.8021442,0.9494439,0.9640157,0.9476864,0.96035326,0.9495338,0.95912766,0.9402008,0.93572605,0.9036929,0.8521518,0.96731997,0.9552962,0.93160623,0.94015396,0.94388616,0.9702309,0.9446195,0.9497896,0.9507562,0.94282514,0.9584199,0.94449526,0.9402536,0.95804465,0.94415057,0.9676839,0.94415617,0.93661493,0.94609404,0.9681619,0.9212511,0.97266483,0.9429652,0.94683534,0.92837465,0.94365734,0.9577573,0.95715034,0.9671008,0.9496806,0.9270511,0.9625485,0.95269585,0.9314296,0.9429251,0.96587014,0.94607997,0.9610536,0.96198857,0.91516435,0.9069271,0.948713,0.9502166,0.9335066,0.95556015,0.96229315,0.9568467,0.9536502,0.92388433,0.9433703,0.9484226,0.9573562,0.9320016,0.939751,0.96678793,0.9429251,0.9756126,0.9603257,0.95018566,0.96304876,0.95274544,0.95104253,0.9596657,0.94150025,0.9481137,0.9514029,0.9506481,0.94862986,0.9686765,0.9473174,0.9628094,0.93179876,0.9380323,0.94033825,0.9587888,0.79529,0.96876705,0.87562037,0.9543639,0.9600553,0.9660685,0.94528735,0.9666664,0.9528364,0.9534763,0.96537375,0.957471,0.8920636,0.93287474,0.9706802,0.96450835,0.9330767,0.94803154,0.91439825,0.96287143,0.93416226,0.95896333,0.93473744,0.97531766,0.95902705,0.95521104,0.9498377,0.94958174,0.94875485,0.9755999,0.9523528,0.9255372,0.9515451,0.91143423,0.9595393,0.94142556,0.932819,0.95218223,0.92838323,0.9608388,0.95623654,0.947831,0.9186702,0.96329504,0.9351666,0.9526572,0.93617,0.974201,0.96667933,0.9755999,0.95656353,0.9700771,0.95341504,0.9278283
angelhasfallen,0.9721467,0.9756515,0.96348196,0.9631661,0.9649799,0.9350226,0.97039866,0.9766018,0.98514575,0.96360296,0.9999998,0.9137626,0.95125467,0.97495294,0.9681154,0.9731525,0.9680828,0.97354233,0.9734756,0.9682822,0.9733845,0.9607563,0.96950597,0.967771,0.96055824,0.7992618,0.968524,0.9735784,0.95474356,0.95197606,0.9568157,0.96508145,0.9448651,0.9401573,0.90252215,0.8467552,0.9760489,0.9668815,0.9631577,0.9514881,0.9605977,0.9823343,0.9631787,0.9678357,0.9598771,0.9497406,0.9719232,0.95793957,0.9544406,0.96976274,0.96255547,0.9699589,0.9440312,0.9406582,0.9322103,0.9492207,0.9396948,0.9815024,0.9694621,0.9646054,0.95674014,0.96947473,0.96124756,0.9624363,0.96781856,0.9665333,0.92762846,0.9661187,0.9814586,0.9399364,0.9575647,0.9706676,0.94238365,0.9751435,0.9608531,0.94308716,0.85106486,0.944967,0.962182,0.9536423,0.98532397,0.95781606,0.95916575,0.95422536,0.93327713,0.95494545,0.9834897,0.957984,0.96096516,0.9608439,0.96954983,0.9575647,0.96470267,0.949934,0.9637108,0.9634264,0.97572255,0.96522963,0.96623164,0.9534206,0.9515229,0.9593533,0.9642212,0.9647702,0.9800747,0.96241003,0.9864143,0.93645567,0.9321131,0.9333017,0.9727336,0.77677006,0.9790286,0.8825872,0.9615784,0.97813725,0.97635746,0.96041197,0.97586256,0.9600176,0.96664315,0.9709513,0.9507094,0.93606794,0.95454556,0.96648324,0.96256447,0.9416528,0.966555,0.90148264,0.9770922,0.94532365,0.96530676,0.9421813,0.9852495,0.946057,0.97565114,0.9445108,0.95419675,0.9585722,0.98514575,0.96033424,0.93253326,0.9432895,0.9321882,0.9512951,0.9434754,0.93799406,0.94780576,0.95916235,0.9674989,0.958789,0.9650993,0.94469243,0.9728951,0.9567742,0.97988355,0.95257616,0.9696026,0.982806,0.98514575,0.9591384,0.97896117,0.98169065,0.9621619
angrybirdsmovie,0.93176466,0.905173,0.95147544,0.91517603,0.9283123,0.9207497,0.92033625,0.93512774,0.94462156,0.92685145,0.9137626,0.99999994,0.9159121,0.9526846,0.9282473,0.91029644,0.9127161,0.92764425,0.9290352,0.92457056,0.906544,0.9378893,0.9347463,0.9058981,0.9075016,0.8072635,0.9013979,0.9387246,0.9514125,0.91434574,0.9168934,0.95259404,0.943163,0.97210044,0.86211383,0.8281957,0.94877464,0.90270185,0.91972965,0.9312735,0.9277371,0.9327713,0.8950375,0.9043444,0.9084279,0.9439709,0.9387216,0.9230877,0.8970708,0.901675,0.9615833,0.94437146,0.9299332,0.89884675,0.9012984,0.94301397,0.90025157,0.92395675,0.94505,0.9286021,0.89876556,0.9373993,0.91201407,0.9060089,0.9431629,0.91958064,0.922429,0.95149297,0.91442484,0.93432105,0.9159116,0.91036654,0.89428675,0.9210556,0.93051964,0.9114941,0.927764,0.9490733,0.9118646,0.9294452,0.9166112,0.94337505,0.9251947,0.8736254,0.97443795,0.90162826,0.92782384,0.9161359,0.9006254,0.8961864,0.93049765,0.9159116,0.94432306,0.94034916,0.9585435,0.95281494,0.91610444,0.8932772,0.90833557,0.93317086,0.93957275,0.91271687,0.9679013,0.92461205,0.9335998,0.9551314,0.92824966,0.8942771,0.9296464,0.90090775,0.9201622,0.74164927,0.92687124,0.81273234,0.9403509,0.92205626,0.9281484,0.9229996,0.9398663,0.90905464,0.9121878,0.9388283,0.9099949,0.9078026,0.9282924,0.95111245,0.8992168,0.9483506,0.9387514,0.90224963,0.9321086,0.932061,0.92090714,0.8907401,0.9214823,0.91560525,0.9054019,0.9199824,0.93069655,0.94204354,0.94462156,0.93488365,0.9400053,0.91616964,0.9263931,0.9404969,0.9073177,0.8946251,0.89648247,0.9344829,0.9154844,0.9248929,0.93481517,0.91212875,0.92875344,0.91442513,0.9210721,0.9138608,0.9277856,0.9275544,0.94462156,0.9346966,0.9207706,0.93400866,0.95421255
annabellemovie,0.9545239,0.9150244,0.9528001,0.962262,0.9489739,0.94976115,0.979225,0.95635116,0.9749905,0.9436225,0.95125467,0.9159121,1.0000001,0.9692201,0.94573337,0.96416664,0.9455312,0.9431216,0.9588317,0.9476264,0.9505195,0.9386334,0.9538317,0.9687713,0.96141154,0.752925,0.9245975,0.95427495,0.95955974,0.93594646,0.9506807,0.97338045,0.9368537,0.9355521,0.8902578,0.8753076,0.9548164,0.9546638,0.9634444,0.93867034,0.9760198,0.97712547,0.9573209,0.9625472,0.952977,0.97013634,0.94478405,0.9234733,0.9581867,0.9664928,0.9533101,0.97219956,0.9399627,0.9579164,0.91176766,0.95805216,0.921742,0.95922846,0.9668212,0.9358797,0.9685717,0.95933783,0.9430282,0.9803171,0.9532432,0.9515854,0.93333507,0.9728645,0.96358293,0.9513984,0.9417943,0.95756984,0.9523155,0.96145624,0.9493899,0.92441547,0.8686306,0.94233346,0.9756348,0.94813246,0.93346304,0.9664204,0.9770894,0.9465514,0.9213469,0.9267825,0.95733696,0.98598343,0.955128,0.9596016,0.9483444,0.9417943,0.96109104,0.9591082,0.9461297,0.94184494,0.9487471,0.9505076,0.9714095,0.9553458,0.9823254,0.92790246,0.95195526,0.94667786,0.9305265,0.95631605,0.961699,0.9631225,0.9392539,0.95233655,0.93415916,0.7756042,0.9613914,0.8757442,0.9509153,0.9501999,0.9655025,0.9418846,0.9336413,0.97833663,0.97594386,0.95017296,0.9586121,0.93444633,0.95891625,0.96365184,0.9773271,0.947588,0.95402354,0.89316165,0.96580267,0.9585029,0.95060426,0.929953,0.9653834,0.93781805,0.9505912,0.9413384,0.94980675,0.9645107,0.9749905,0.93865156,0.9610691,0.96205884,0.9552127,0.95789397,0.9223351,0.93595374,0.97049165,0.9364285,0.9799895,0.95123357,0.95003563,0.9102042,0.96209,0.93073833,0.9415874,0.9410858,0.95860183,0.94261926,0.9749905,0.96513337,0.9749792,0.9524359,0.94290435
annamovie,0.9723201,0.9712873,0.97706836,0.9612078,0.97088766,0.9431394,0.97376937,0.9799297,0.99260914,0.9694332,0.97495294,0.9526846,0.9692201,1.0000001,0.9718429,0.974975,0.9749787,0.9819906,0.98225164,0.97846997,0.9730583,0.97363955,0.9769561,0.9720818,0.97544515,0.7903311,0.96288127,0.9845805,0.97055703,0.96989655,0.97750777,0.9771659,0.96400696,0.9634388,0.9052385,0.85654485,0.9827516,0.96296453,0.97818613,0.97202384,0.9704596,0.98292553,0.95479584,0.9611153,0.9681118,0.9721506,0.9754537,0.9582709,0.9571302,0.96565324,0.9776859,0.9863513,0.9601595,0.95409864,0.94683474,0.97231907,0.95295525,0.98511666,0.9828355,0.9721986,0.958889,0.9762019,0.96925443,0.9779945,0.9763596,0.9659532,0.9586539,0.9799217,0.9725529,0.9586256,0.96866775,0.9662146,0.95908356,0.9800742,0.96534806,0.94956553,0.90542686,0.9615648,0.9724162,0.96229774,0.97103727,0.97115606,0.97749275,0.94888,0.9550777,0.95447457,0.96279675,0.97202283,0.9637418,0.96174866,0.98431545,0.96866775,0.97924274,0.97372216,0.9782774,0.9687572,0.96828675,0.9733464,0.970941,0.96901876,0.97968286,0.9575291,0.98014313,0.9760647,0.9740798,0.9767948,0.9811966,0.95219034,0.9550685,0.9451688,0.9659422,0.7803916,0.98218477,0.8781036,0.97090423,0.97562516,0.9799543,0.9678035,0.9727343,0.96187377,0.9716093,0.9754567,0.9589729,0.94729495,0.976765,0.9879088,0.9706735,0.9656046,0.97111845,0.9252928,0.9805896,0.9674441,0.9758756,0.93824154,0.98381156,0.9700839,0.9636053,0.96836114,0.97462827,0.9833591,0.99260914,0.9685283,0.9590945,0.9633894,0.9400789,0.9720111,0.95798177,0.9499775,0.96323764,0.963032,0.97940284,0.96674424,0.9784904,0.9431799,0.98385364,0.96473724,0.96884567,0.96468014,0.9710491,0.9719394,0.99260914,0.9798778,0.97811747,0.97606254,0.97176105
apollo11movie,0.954426,0.9521457,0.9691869,0.96130204,0.9708065,0.9194391,0.94364214,0.97056437,0.9733395,0.9582213,0.9681154,0.9282473,0.94573337,0.9718429,0.99999994,0.956881,0.9600444,0.97276795,0.95679706,0.98743486,0.9582025,0.9561364,0.9730642,0.9573579,0.9488879,0.7841863,0.9556253,0.9629443,0.97060996,0.94953877,0.95215917,0.95470124,0.95994323,0.95730895,0.8535476,0.8149933,0.97127765,0.940622,0.9553043,0.9452777,0.94602776,0.9698318,0.9401574,0.95573384,0.96105844,0.9338091,0.975333,0.93611383,0.93087095,0.9596899,0.97022223,0.9687742,0.9402828,0.92470074,0.93808144,0.9568608,0.91119707,0.9657363,0.9646731,0.9326065,0.94143486,0.95688015,0.95618606,0.9494206,0.9668845,0.9402107,0.94825727,0.96368784,0.96806747,0.9496933,0.9320042,0.97092116,0.9198407,0.97711575,0.945157,0.94532365,0.8619858,0.9524136,0.9409998,0.9323567,0.9739349,0.9500883,0.94494295,0.92872596,0.9459407,0.9509135,0.9590399,0.9473298,0.9220489,0.9370978,0.9562015,0.9320042,0.9509427,0.950434,0.96707964,0.97365296,0.95917785,0.94992584,0.94803107,0.9488524,0.94259,0.9373435,0.9621147,0.94454974,0.9541174,0.96207726,0.9618918,0.92172825,0.9411416,0.92590874,0.9748479,0.7552329,0.9574027,0.82612896,0.9535902,0.96744144,0.9624498,0.93617415,0.9709048,0.92371804,0.96049505,0.9519274,0.9471397,0.9197319,0.94994456,0.95891076,0.93885547,0.9443335,0.96246934,0.895683,0.9751794,0.9458302,0.9597311,0.92634654,0.97124916,0.94369835,0.95275545,0.95517987,0.9340538,0.95812535,0.9733395,0.97098947,0.9227656,0.92601514,0.92534864,0.9619093,0.9417538,0.8944605,0.93656236,0.9337509,0.94794595,0.9527297,0.95916003,0.91724414,0.9510166,0.93306714,0.97469467,0.9271384,0.9415485,0.96211076,0.9733395,0.9468057,0.9656581,0.96939987,0.9547092
arcticdogsmovie,0.95821315,0.97029364,0.9609978,0.9708694,0.958229,0.95721817,0.95831597,0.977175,0.9815994,0.9527964,0.9731525,0.91029644,0.96416664,0.974975,0.956881,0.99999994,0.974309,0.96573794,0.9696042,0.9630122,0.9646298,0.9534652,0.9681193,0.96334106,0.9700314,0.7797574,0.95159775,0.97020894,0.9610275,0.96786743,0.9587749,0.9546982,0.9313308,0.94280607,0.8999597,0.8680124,0.9670839,0.95622385,0.9695535,0.9516432,0.9726902,0.9812597,0.96413016,0.968798,0.9653644,0.9435129,0.9714093,0.94053537,0.9389447,0.97316784,0.961221,0.9725453,0.91435015,0.9396245,0.95547026,0.9595448,0.9470528,0.96943945,0.9636724,0.96662307,0.9458664,0.96140224,0.96351683,0.98181576,0.9633922,0.94978344,0.93663347,0.9606863,0.9748992,0.93686277,0.9672874,0.96674156,0.9499123,0.9810318,0.9575346,0.92387795,0.8389787,0.9282117,0.9605388,0.9554714,0.9730062,0.95043397,0.96339196,0.9575213,0.930101,0.9459285,0.9612558,0.95612615,0.9634191,0.9663753,0.9585416,0.9672874,0.9519236,0.96018374,0.9653865,0.9403437,0.96373117,0.9538867,0.9604593,0.93664855,0.9538071,0.9400239,0.9531785,0.97169054,0.94583344,0.96251136,0.97387207,0.9470765,0.9567452,0.9428104,0.9684598,0.7647559,0.9699838,0.8596099,0.93675184,0.9644087,0.96757287,0.9601197,0.9699817,0.9537617,0.9698347,0.94273627,0.96060187,0.949043,0.95491624,0.96905136,0.95859337,0.9477064,0.96594095,0.91579074,0.9683604,0.94322115,0.97542024,0.9443996,0.96850574,0.959187,0.9520989,0.95981795,0.9601615,0.96287364,0.9815994,0.95960975,0.9294364,0.9452821,0.9442281,0.9504722,0.9472715,0.93718815,0.94835454,0.9543682,0.96669334,0.9640975,0.96828187,0.91680235,0.9744708,0.95001733,0.97530276,0.9627724,0.9533723,0.9506957,0.9815994,0.96044165,0.9680746,0.9647078,0.96176565
arcticmovie,0.9557009,0.96567976,0.95762914,0.9727106,0.96518797,0.90587956,0.95913684,0.9851144,0.98149693,0.96866393,0.9680828,0.9127161,0.9455312,0.9749787,0.9600444,0.974309,0.99999994,0.97295445,0.96758735,0.9655395,0.97520524,0.9550938,0.97729164,0.96635157,0.9710806,0.7673421,0.97317106,0.98033696,0.9472274,0.97234106,0.9685079,0.9437442,0.9593492,0.93513304,0.8591772,0.8249045,0.9735283,0.94995695,0.94542694,0.9482129,0.94425243,0.9690408,0.93598163,0.9557743,0.95865107,0.94188154,0.97905,0.94882095,0.927229,0.9625393,0.94491255,0.9666283,0.9455791,0.92579687,0.9424271,0.9599185,0.9506878,0.980864,0.96957433,0.9800088,0.9484208,0.9688348,0.9581651,0.9744108,0.95884395,0.9367756,0.95431083,0.95612586,0.95659196,0.9189939,0.9800748,0.9636275,0.9466204,0.9736704,0.9664599,0.93378663,0.8546447,0.94957846,0.96682644,0.925526,0.96915996,0.9458624,0.9693454,0.9451797,0.91453505,0.9663045,0.9410722,0.9423598,0.9544734,0.9591087,0.9645882,0.9800748,0.955032,0.94823575,0.95686734,0.94284064,0.96003634,0.9524213,0.9547034,0.95682544,0.9536858,0.94632363,0.9462839,0.97423273,0.9566329,0.9448461,0.967951,0.9464254,0.95926553,0.9278257,0.9759666,0.79112405,0.96857035,0.8277918,0.9592656,0.9609716,0.96915704,0.9524814,0.9819308,0.94909126,0.9680813,0.9572449,0.95026785,0.919986,0.95758903,0.97425747,0.948024,0.92313623,0.94445175,0.90579325,0.97212625,0.95644313,0.9886189,0.93478596,0.9740778,0.9662233,0.95987904,0.9475068,0.97330135,0.96446264,0.98149693,0.9438894,0.9176365,0.950016,0.9380348,0.9516144,0.9346416,0.9112068,0.96327955,0.9336917,0.9497301,0.9490478,0.9607643,0.9255853,0.9768877,0.97231007,0.97738755,0.9733812,0.9605663,0.96395767,0.98149693,0.94682014,0.9662784,0.9725899,0.939847
artofracingmovie,0.9612035,0.9738825,0.97646374,0.9589756,0.9765062,0.9168802,0.9480582,0.98035866,0.9823255,0.9677722,0.97354233,0.92764425,0.9431216,0.9819906,0.97276795,0.96573794,0.97295445,1.0000001,0.97239006,0.98426723,0.9683323,0.9588154,0.9726608,0.9631875,0.9682545,0.78877074,0.9651421,0.97867584,0.9628931,0.9678859,0.96893686,0.95917773,0.96127385,0.9594969,0.8730354,0.8403061,0.98551524,0.934975,0.95846844,0.9739247,0.9600091,0.9691824,0.93204623,0.94958794,0.95018643,0.9388927,0.97328407,0.96751386,0.93448645,0.95874655,0.9680497,0.97694427,0.94713384,0.9178296,0.9401645,0.96496636,0.9505616,0.9805135,0.9723265,0.9629005,0.9491766,0.96737665,0.9499213,0.9606022,0.97698265,0.9438154,0.96720326,0.96177083,0.95767015,0.93449855,0.9599323,0.9686045,0.9491547,0.97343904,0.95754194,0.9471533,0.869461,0.9490286,0.95181245,0.94399637,0.9744959,0.9440015,0.97140884,0.93815273,0.9458313,0.96167505,0.9534511,0.94694054,0.9431943,0.9424309,0.97932434,0.9599323,0.9618532,0.9587708,0.97743946,0.9593094,0.95723945,0.9693683,0.9633219,0.9640821,0.9516443,0.9460889,0.96419114,0.97224313,0.9597206,0.9667588,0.973986,0.9375574,0.9546263,0.92035633,0.9780264,0.82116336,0.9651735,0.8565634,0.957277,0.9762902,0.97133434,0.95040095,0.96742076,0.9340687,0.9689911,0.9637792,0.95245224,0.9250087,0.96319616,0.9738634,0.9554837,0.9376515,0.9673599,0.88889736,0.9793529,0.9554785,0.98249274,0.93921745,0.9797804,0.96583617,0.96741843,0.9600263,0.9640669,0.96703684,0.9823255,0.96532524,0.9292146,0.94420797,0.9222816,0.96810263,0.9612582,0.91411215,0.94056237,0.94450027,0.95592767,0.9606405,0.96281713,0.9301217,0.9738726,0.9530004,0.97754425,0.94692385,0.95649976,0.9686587,0.9823255,0.9622413,0.96003336,0.97548425,0.9575116
avengers,0.9845275,0.96280605,0.9744006,0.95751715,0.97684705,0.94361395,0.9759396,0.9738035,0.98874587,0.9652749,0.9734756,0.9290352,0.9588317,0.98225164,0.95679706,0.9696042,0.96758735,0.97239006,0.99999994,0.9628144,0.9726091,0.9788454,0.9640997,0.9726226,0.98878914,0.8280164,0.9650811,0.97511023,0.97142214,0.9612777,0.9867476,0.9666921,0.94513667,0.9509634,0.9092522,0.88681734,0.97281647,0.9710623,0.96821195,0.958048,0.9704843,0.97869587,0.95670193,0.96037877,0.9753976,0.9600357,0.9660523,0.9796665,0.9629653,0.971694,0.9701703,0.98066056,0.95632285,0.9568374,0.94588757,0.9659707,0.96961737,0.9764271,0.96766675,0.9693121,0.95898247,0.9737346,0.96970665,0.9758683,0.97426134,0.9659365,0.9415229,0.96766263,0.9721067,0.9604753,0.96959144,0.96268225,0.9612037,0.96931493,0.95304,0.9448042,0.90340185,0.95277715,0.9649508,0.9673859,0.97098976,0.96908253,0.9660654,0.95960987,0.9379176,0.9667364,0.9681273,0.967109,0.9605044,0.9610392,0.98729455,0.96959144,0.972237,0.95928746,0.970725,0.9619878,0.9705811,0.97107905,0.974592,0.95237696,0.9690429,0.9749061,0.9687051,0.97437537,0.9668397,0.9730551,0.98647195,0.9474272,0.96706384,0.9420454,0.9707785,0.8287969,0.9839527,0.8852968,0.9555571,0.977967,0.98554367,0.9668733,0.9626893,0.96938217,0.969499,0.97777086,0.9704313,0.9372657,0.96284264,0.98327553,0.96508324,0.9642812,0.9768227,0.9344164,0.97616285,0.9581109,0.9666171,0.94897956,0.9825588,0.9611851,0.97120005,0.96300495,0.9754328,0.9782007,0.98874587,0.9684982,0.9452251,0.9593748,0.94342196,0.9682848,0.9565544,0.94542575,0.9577083,0.97162044,0.9757343,0.96436006,0.97927076,0.95427847,0.9735102,0.96752393,0.9671839,0.9624595,0.9637473,0.9761011,0.98874587,0.96889716,0.9806918,0.97125226,0.96418655
beachbummovie,0.9567522,0.9671128,0.97868294,0.95804876,0.9786715,0.9159546,0.9475311,0.9758975,0.9797755,0.9606014,0.9682822,0.92457056,0.9476264,0.97846997,0.98743486,0.9630122,0.9655395,0.98426723,0.9628144,0.9999999,0.9689344,0.96485764,0.97055787,0.95914376,0.96356106,0.78765035,0.961134,0.9734966,0.9698363,0.96105397,0.9586401,0.9527281,0.96061367,0.9563031,0.8572142,0.8356914,0.9743412,0.94146574,0.96100134,0.9651284,0.9521932,0.9742497,0.9407567,0.96101165,0.9671373,0.9416962,0.97145706,0.9508814,0.9378255,0.9685473,0.97292477,0.978444,0.94200146,0.9319171,0.9412768,0.9619828,0.9402725,0.9752707,0.9702948,0.94950455,0.94987154,0.9594413,0.9574953,0.96098745,0.97292024,0.93681246,0.96275324,0.9694632,0.95754486,0.950257,0.95020884,0.9707815,0.93930167,0.9826401,0.94707453,0.957856,0.85823256,0.9459648,0.9514372,0.93752736,0.96945685,0.9466565,0.9625772,0.94144183,0.9454421,0.9552815,0.9529356,0.94558215,0.9391083,0.9549072,0.9602025,0.95020884,0.9613172,0.95529705,0.9731201,0.9596166,0.95448416,0.967676,0.96094626,0.94655174,0.9507511,0.9429664,0.9658719,0.9620321,0.9506187,0.96979046,0.9681379,0.93603957,0.9550299,0.93125933,0.976386,0.80781925,0.96461105,0.842911,0.9493794,0.9679718,0.96828,0.94357234,0.9698282,0.9303593,0.9690882,0.95582277,0.95616937,0.92933565,0.9619554,0.96733624,0.9429401,0.9416491,0.965858,0.8977808,0.9772629,0.95403975,0.96871454,0.93045133,0.9791271,0.9574192,0.9588198,0.9678982,0.951566,0.9699398,0.9797755,0.9740866,0.9253956,0.9350381,0.9202643,0.9704422,0.9601471,0.9022559,0.9432596,0.93665135,0.9530958,0.96588916,0.96405876,0.9259767,0.96376675,0.95009077,0.9738877,0.94385076,0.94652945,0.9648223,0.9797755,0.95157105,0.9659866,0.9696281,0.9606359
bernadettefilm,0.9594642,0.96478087,0.96351457,0.9620104,0.96288586,0.9165632,0.96965873,0.9875668,0.98470134,0.95856416,0.9733845,0.906544,0.9505195,0.9730583,0.9582025,0.9646298,0.97520524,0.9683323,0.9726091,0.9689344,1.0,0.97095805,0.97651815,0.98318994,0.97711205,0.8095548,0.96969,0.9717547,0.962726,0.96422166,0.9705651,0.94944173,0.9490559,0.9387947,0.86085045,0.8508162,0.9581167,0.9567917,0.96036327,0.96026105,0.95364046,0.9741049,0.93792105,0.9707164,0.9704269,0.9526929,0.9719119,0.96462005,0.9417617,0.97371167,0.95971584,0.97401416,0.9533757,0.94529366,0.9401522,0.9528637,0.95581836,0.98007834,0.96846294,0.97247267,0.9662553,0.97109306,0.97175366,0.9737393,0.9675561,0.941422,0.95459116,0.9664529,0.96145886,0.9376344,0.97562,0.969327,0.9482509,0.9750599,0.95874465,0.9527717,0.85918945,0.94752556,0.9620339,0.9549901,0.96618676,0.9490956,0.9714532,0.95901185,0.92140317,0.9773285,0.94744366,0.94332904,0.96767825,0.97003263,0.9598312,0.97562,0.96585476,0.96088946,0.959668,0.9434784,0.9769671,0.96392,0.9681871,0.96430755,0.95805526,0.9629373,0.9596459,0.97892445,0.95265377,0.96604526,0.9719323,0.96055233,0.95274854,0.9372008,0.973848,0.8107466,0.96437156,0.8455765,0.95982105,0.9607982,0.97451615,0.96355265,0.96542406,0.9624847,0.97664016,0.96480095,0.9650568,0.9515152,0.9641038,0.974464,0.94794226,0.9458081,0.9604309,0.8880097,0.9841975,0.96240467,0.97033656,0.94096255,0.977433,0.9575793,0.9711513,0.96505755,0.97194445,0.9649471,0.98470134,0.95826155,0.93127304,0.96189576,0.93649685,0.96323377,0.95367503,0.92358804,0.9696618,0.94535506,0.9658299,0.95119625,0.96960354,0.92421263,0.968819,0.97301525,0.9647763,0.9694007,0.96194464,0.96305233,0.98470134,0.96092576,0.9751528,0.97821647,0.9505159
