movie,21bridgesmovie,47metersdown,abeautifuldaymovie,abominablemovie,adastramovie,adogsjourneymovie,aftermathmovie,aftermovie,ahiddenlifefilm,alitamovie,angelhasfallen,angrybirdsmovie,annabellemovie,annamovie,apollo11movie,arcticdogsmovie,arcticmovie,artofracingmovie,avengers,beachbummovie,bernadettefilm,blackandbluemovie,blackchristmas,blindedbythelightmovie,bombshellmovie,booksmart,breakthroughmovie,brianbanksmovie,brightburnmovie,brittanyrunsmov,captainmarvelofficial,captivestatemovie,catsmovie,charliesangels,childsplaymovie,clarathefilm,coldpursuitmovie,countdown,currentwarmovie,darkwatersmovie,detectivepikachumovie,disneyaladdin,disneyfrozen,disneymaleficent,doctorsleepmovie,dolemiteismyname,dontletgomovie,doramovie,downtonabbey_official,dumbo,escaperoom,everybodyknowsmovie,fastandfuriousmovie,fightingwmyfam,fivefeetapartfilm,fordvferrari,freaksthefilm,geminimanmovie,glassmovie,gloriabellmovie,godzillamovie,goldfinchmovie,goodboysmovie,goodliarmovie,gretafilm,halathemovie,happydeathdaymovie,harrietfilm,hellboymovie,hersmellmovie,highlifemovie,highstrungmovie,honeyboymovie,hotelmumbaifilm,httydragon,hustlemovie,hustlersmovie,isntitromantic,itmovieofficial,jayandsilentbob,johnwickmovie,jojorabbitmovie,jokermovie,judythefilm,jumanjimovie,justmercyfilm,knivesout,lalloronamovie,lastblackmansf,lastchristmasthemovie,latenightmovie,lighthousemovie,lionking,littlethemovie,littlewomenmovie,littlewoodsfilm,longshotmovie,lordsofchaosmovie,lucyintheskyfilm,mamovie2019,marriagestory,meettheaddams,meninblack,midsommarmovie,midwaymovie,missbalamovie,missinglinkfilm,motherlessbklyn,onceinhollywood,onthebasisofsex,overcomermovie,peanutbutterfalcon,petsematarymovie,piercingmovie,playingwithfire,playmobilthemovie,pomsmovie,queenandslim,rambomovie,readyornotfilm,richardjewellfilm,rocketmanmovie,scarystoriesmovie,secretlifeofpets,serenityfilm,shaftmovie,shazammovie,spidermanmovie,spiesindisguise,starwars,stormboymovie,stubermovie,taosdfilm,teenspiritmov,terminator,theaeronautsmov,thebestofenemies,thedeaddontdie,thefarewell,thehighwaymen,thehummingbirdprojectfilm,theintrudermovie,theirishmanfilm,thekitchenmovie,thelegomovie,themustangfilm,thenightingalefilm,theprodigymovie,thesunisalsoastar,theupsidefilm,tolkienmovie,toystory,triplefrontier,uglydolls,uncutgems,underthesilverlake,usmovie,wavesmovie,whatmenwant,wonderparkmovie,wrinklestheclown,xmenmovies,yardiefilm,yesterdaymovie,zombieland
21bridgesmovie,1.0,0.95798206,0.9581304,0.95926565,0.9746622,0.9595019,0.96776605,0.9720682,0.9830479,0.9567386,0.9584419,0.9440428,0.9695131,0.9603024,0.9596315,0.967425,0.95763624,0.97193426,0.9776757,0.9546628,0.9531892,0.96715945,0.96294296,0.9673271,0.94954044,0.8232416,0.95942914,0.957951,0.9580169,0.95370984,0.9573078,0.95900446,0.95915174,0.94770634,0.9056119,0.8187631,0.9704951,0.97019684,0.9543977,0.9531084,0.9624047,0.9531437,0.9620077,0.9637479,0.97139096,0.96329117,0.9652677,0.92918116,0.94393253,0.96653736,0.9612501,0.97944295,0.9599009,0.950109,0.9614767,0.9626878,0.93529296,0.9706925,0.9626457,0.9765102,0.96535546,0.96031725,0.95103383,0.9675765,0.9607371,0.9379877,0.96119225,0.9717857,0.9739958,0.9063697,0.98343474,0.62118226,0.92321086,0.9662807,0.9239108,0.9407154,0.86336577,0.9373621,0.95509,0.9340964,0.95143145,0.9467183,0.97229725,0.9433408,0.9551032,0.9494171,0.9629391,0.9630237,0.9672545,0.96920377,0.95263785,0.98343474,0.9465398,0.95306504,0.9563295,0.96760505,0.9649941,0.9592436,0.94799405,0.93267846,0.95796514,0.95957834,0.9526432,0.97664565,0.94378823,0.95753324,0.94848555,0.97599316,0.92536694,0.91812986,0.97369546,0.695348,0.975308,0.8684915,0.9665011,0.97815156,0.9930138,0.93715745,0.9625127,0.96648556,0.9648873,0.9664974,0.96482825,0.93990177,0.9472802,0.96457124,0.94953424,0.93601424,0.9522067,0.8962866,0.96673185,0.9531723,0.9680813,0.8923487,0.9724666,0.94805616,0.9666601,0.97048384,0.9825929,0.9659692,0.9830479,0.9638597,0.9549976,0.95476437,0.94462526,0.9509532,0.9488685,0.93424934,0.9784321,0.96264064,0.95802546,0.95969546,0.96484697,0.9609605,0.97400063,0.97455984,0.9412612,0.9696904,0.9708773,0.96258515,0.9830479,0.96590537,0.9706283,0.9669568,0.9623418
47metersdown,0.95798206,1.0000001,0.93868446,0.93219334,0.93299353,0.9407124,0.9417202,0.95194453,0.9642472,0.9432344,0.9213685,0.94264007,0.94705343,0.9495071,0.947594,0.9705127,0.93463033,0.9363106,0.95264417,0.9479556,0.95548034,0.9410231,0.9423951,0.9601185,0.9438389,0.7824951,0.9020497,0.9295734,0.9376673,0.96255195,0.9444114,0.9416025,0.9324345,0.939395,0.87003136,0.77424115,0.95099515,0.94903785,0.95429236,0.91643935,0.9260417,0.9524452,0.93791837,0.94826627,0.9539475,0.920964,0.9490799,0.9368404,0.934107,0.9518189,0.94261384,0.9607482,0.95285195,0.9464038,0.93796813,0.929591,0.91733176,0.9457555,0.94369924,0.9532346,0.94381166,0.95504403,0.92955667,0.9492272,0.9529434,0.9549651,0.93797326,0.961309,0.93469155,0.8977261,0.9563206,0.64648706,0.9140664,0.93609077,0.8996225,0.9247023,0.819696,0.90413105,0.93847364,0.9294948,0.9130475,0.9110474,0.9461912,0.9259726,0.9618852,0.93429655,0.9352618,0.9436524,0.9525621,0.9577636,0.9548975,0.9563206,0.9232289,0.9437396,0.9333785,0.95111173,0.9285304,0.9429798,0.9196305,0.91791725,0.93185806,0.9315667,0.93360186,0.95352364,0.97130716,0.9359237,0.9347281,0.9644901,0.9070435,0.89722484,0.94703305,0.6935757,0.9370871,0.82927555,0.9307826,0.92041093,0.9492001,0.9275166,0.94870186,0.94518834,0.9624894,0.9357074,0.95971704,0.9207701,0.94312626,0.9489174,0.930194,0.95171446,0.956522,0.90045184,0.95688146,0.9246126,0.94658726,0.88562566,0.94053054,0.9521452,0.9172122,0.9423519,0.97177863,0.9412498,0.9642472,0.95144874,0.9253435,0.9429163,0.94940317,0.94705003,0.91575503,0.8989173,0.957452,0.9503938,0.935756,0.9506266,0.9302497,0.9208807,0.9352486,0.94215417,0.9139891,0.9496017,0.9397727,0.92114556,0.9642472,0.9446648,0.95326203,0.94668895,0.9537647
abeautifuldaymovie,0.9581304,0.93868446,1.0000001,0.9581295,0.9675807,0.95177215,0.960815,0.9610985,0.9781174,0.94226366,0.9599722,0.9467636,0.9609513,0.9769866,0.9543884,0.96333605,0.952144,0.9572717,0.9406451,0.926243,0.9653372,0.9751632,0.9578203,0.95989376,0.926482,0.82257485,0.9450781,0.9386756,0.988032,0.9218793,0.95133823,0.96112525,0.95922905,0.97381383,0.91914696,0.8257455,0.9535937,0.9548476,0.9549201,0.9592971,0.93137896,0.95525324,0.95371014,0.9574745,0.96575433,0.9551017,0.9512218,0.9420357,0.94951296,0.9575654,0.98942715,0.971892,0.95474917,0.9423144,0.942987,0.9722275,0.9162543,0.96844685,0.96552676,0.9715274,0.9488495,0.9522496,0.94873375,0.9625057,0.9579992,0.9365966,0.96778965,0.95571685,0.9552523,0.9237289,0.96811163,0.5886008,0.9331575,0.958163,0.94807965,0.9465262,0.8527788,0.9450623,0.9399864,0.93360984,0.94940686,0.9490052,0.9625715,0.9398594,0.96072763,0.9326999,0.9592818,0.9669397,0.9597083,0.9614494,0.96370584,0.96811163,0.95248646,0.94668925,0.9674341,0.9611695,0.9526316,0.9340415,0.9614152,0.9492786,0.94120896,0.953116,0.95615536,0.9543207,0.9303004,0.9872025,0.9572185,0.96095735,0.93958515,0.93941146,0.97161025,0.6695226,0.97520363,0.89737916,0.9582368,0.95135987,0.96711516,0.9398031,0.9469389,0.9514615,0.9453111,0.96262276,0.9585976,0.9403748,0.9583966,0.95093155,0.9642673,0.9549735,0.95914626,0.9023027,0.96129054,0.94950163,0.9593362,0.90510064,0.969876,0.91625965,0.9430914,0.95131284,0.957321,0.951104,0.9781174,0.97432584,0.950458,0.95478237,0.9407572,0.95408005,0.94717526,0.9550498,0.951542,0.94554347,0.95775604,0.9669185,0.959935,0.93572646,0.9627713,0.94994295,0.94015753,0.96152115,0.9609893,0.94630843,0.9781174,0.9630374,0.97463566,0.96173537,0.9793018
abominablemovie,0.95926565,0.93219334,0.9581295,1.0000001,0.966719,0.9575937,0.947704,0.95015454,0.9737724,0.927514,0.94245315,0.9419403,0.966745,0.9620496,0.9564034,0.94519013,0.9487909,0.9676133,0.9533661,0.92181623,0.94517994,0.9616137,0.96571225,0.9577261,0.93964106,0.8090574,0.9313434,0.9369078,0.9628987,0.9256174,0.9550938,0.9466251,0.9509605,0.9492796,0.88538176,0.82163775,0.9624608,0.96263665,0.9348935,0.94348943,0.9364825,0.9528951,0.93928313,0.95156825,0.95945835,0.96151596,0.9638009,0.9377786,0.9526198,0.9513633,0.963095,0.9664644,0.95288134,0.9327518,0.950478,0.9613502,0.93179345,0.95721495,0.9661963,0.95557356,0.9486337,0.9638991,0.9386897,0.9681648,0.95639604,0.94071597,0.94786054,0.94858724,0.9343334,0.91615397,0.96411586,0.6187523,0.9307977,0.9540048,0.9463446,0.92616934,0.86204,0.93807995,0.9476063,0.93099797,0.9491058,0.94653636,0.9574812,0.93827647,0.9515771,0.9472161,0.95544606,0.9651664,0.96562177,0.9669534,0.95712715,0.96411586,0.95307916,0.9469743,0.9454429,0.9744564,0.9499068,0.94452715,0.92222434,0.93683636,0.9610393,0.9477379,0.9575584,0.9508692,0.9349086,0.9648933,0.93886536,0.9623026,0.92025566,0.92109233,0.9647784,0.6942629,0.9717673,0.89491963,0.9633186,0.9509485,0.9641833,0.93916655,0.9647159,0.9416371,0.95765424,0.94042236,0.9482058,0.9440397,0.9500834,0.96353346,0.95480925,0.94113356,0.9393154,0.91583174,0.9538387,0.9556689,0.9462913,0.89074457,0.96127164,0.9242724,0.9502703,0.95504177,0.96033466,0.96882033,0.9737724,0.9469241,0.9710522,0.9592662,0.9404052,0.955799,0.9347802,0.92529154,0.9587611,0.94527054,0.9392092,0.9666914,0.9535464,0.92332375,0.9538936,0.94560856,0.94210875,0.9450578,0.9526967,0.95506966,0.9737724,0.9552887,0.965234,0.96641076,0.9603948
adastramovie,0.9746622,0.93299353,0.9675807,0.966719,1.0000002,0.9544586,0.96603644,0.95933235,0.9826515,0.9624961,0.965981,0.94459176,0.96457946,0.9628336,0.9582842,0.9591696,0.95376724,0.97280496,0.96092373,0.9442789,0.95211786,0.97367734,0.9557077,0.9630634,0.9501933,0.8168896,0.95463145,0.96247596,0.95760053,0.93748724,0.9653951,0.9551212,0.9540325,0.95523816,0.9018703,0.8238643,0.97674024,0.962654,0.94704676,0.9629109,0.9462584,0.9585288,0.94861466,0.97348785,0.9654533,0.96912557,0.96007514,0.9420782,0.94328094,0.97009975,0.9668042,0.97641116,0.9548042,0.94294053,0.95835716,0.9812109,0.9303848,0.9619221,0.9649916,0.97402394,0.94912106,0.9663844,0.9541529,0.965391,0.9520266,0.93276405,0.96117455,0.96194434,0.95806986,0.9150626,0.98081076,0.6249783,0.9341315,0.9682646,0.93431497,0.9423986,0.8581082,0.9541107,0.9620127,0.9387615,0.96233815,0.9471528,0.95899725,0.9601925,0.942249,0.9415963,0.9577546,0.9718745,0.9517279,0.96636987,0.9548519,0.98081076,0.945351,0.9501536,0.9680285,0.96838343,0.96057934,0.95153224,0.93973565,0.92961174,0.9720357,0.9673337,0.9604992,0.97623,0.9252314,0.9637354,0.94978076,0.9624201,0.92370445,0.9348571,0.9672985,0.69570273,0.969627,0.87813795,0.951728,0.9728473,0.97929657,0.9446462,0.9583792,0.9645831,0.9487903,0.95777833,0.9571409,0.94242567,0.95467985,0.9680289,0.96069753,0.9366955,0.9536317,0.8964871,0.963974,0.9658935,0.9631239,0.9222892,0.96490383,0.9387537,0.9539141,0.9731786,0.9730165,0.95985407,0.9826515,0.9601182,0.96390486,0.9549991,0.9320687,0.9544611,0.950103,0.93005544,0.9688176,0.9592526,0.9519582,0.9654797,0.9692124,0.94485635,0.9786491,0.9641588,0.94540036,0.9665262,0.97115815,0.95299155,0.9826515,0.974457,0.9677279,0.9609284,0.9622867
adogsjourneymovie,0.9595019,0.9407124,0.95177215,0.9575937,0.9544586,0.99999976,0.9619145,0.96962214,0.9738332,0.9206618,0.9543174,0.9298399,0.9717967,0.9699959,0.9607955,0.95755965,0.96531934,0.95058984,0.95326525,0.93823516,0.9509402,0.95803976,0.9642728,0.9629428,0.9556655,0.8091945,0.9373993,0.9618383,0.96673054,0.91570437,0.94673645,0.9563477,0.95600307,0.94026124,0.8988602,0.80997646,0.9500886,0.9623034,0.9552681,0.9390189,0.95756304,0.9434427,0.9419857,0.9427577,0.9639906,0.96063507,0.9670311,0.9454462,0.9379102,0.94735736,0.9708473,0.95890915,0.95250696,0.9381041,0.9593954,0.9483045,0.9314714,0.96842974,0.96052057,0.9598108,0.9573299,0.95780814,0.9410616,0.9688167,0.9376068,0.943191,0.9593284,0.937469,0.95246136,0.89500374,0.96332276,0.60045785,0.92629427,0.9686458,0.9380872,0.9178748,0.83234394,0.95120865,0.9458467,0.91644746,0.94538784,0.955968,0.9764618,0.9387558,0.9654228,0.9495567,0.9452799,0.96585506,0.98589116,0.97007936,0.9394085,0.96332276,0.94443506,0.9562209,0.9473346,0.9684349,0.93526435,0.94576377,0.95574677,0.9326283,0.9451923,0.9416993,0.9535066,0.95812726,0.9426177,0.9670039,0.94379526,0.9747421,0.9402392,0.9285999,0.9705691,0.68688154,0.9704998,0.8697178,0.96890616,0.95331144,0.9570853,0.9325365,0.9573454,0.9580358,0.9619368,0.9518373,0.97084624,0.9509107,0.93624395,0.96345055,0.9638945,0.957017,0.9510772,0.89880157,0.9615678,0.9394651,0.95978665,0.91143227,0.9601058,0.9133454,0.92373675,0.9545402,0.9648521,0.9477113,0.9738332,0.9676507,0.9606581,0.96800625,0.92440754,0.9529778,0.9547009,0.9345762,0.9709867,0.96926534,0.9514259,0.9472889,0.947117,0.9392966,0.94814634,0.9538182,0.96495396,0.94748586,0.9658314,0.9535374,0.9738332,0.9586757,0.9696279,0.97353095,0.96681225
aftermathmovie,0.96776605,0.9417202,0.960815,0.947704,0.96603644,0.9619145,0.9999998,0.9609696,0.9847156,0.95763534,0.967745,0.9356184,0.95853114,0.97387064,0.9659273,0.9692662,0.96798426,0.9649712,0.9539201,0.94924504,0.9617213,0.9734608,0.9700025,0.9553413,0.9530777,0.8112133,0.94277245,0.97189415,0.95876133,0.94329834,0.94409317,0.9648393,0.953344,0.94238585,0.9283842,0.86701035,0.96889704,0.9529651,0.9614549,0.95888585,0.93538547,0.9734418,0.9670531,0.9724927,0.9676187,0.9712512,0.97101855,0.9549248,0.96468145,0.9754639,0.962594,0.97550267,0.9631465,0.96388996,0.96726424,0.9608075,0.9384595,0.9826787,0.95928705,0.97422016,0.9480997,0.9470508,0.9542282,0.9547053,0.95717233,0.95872676,0.9721409,0.96276647,0.96824455,0.9375853,0.97208744,0.6447892,0.9264206,0.9748537,0.9497182,0.9433007,0.8713622,0.95788264,0.9536647,0.93001676,0.9694615,0.9740793,0.96791816,0.96847254,0.94256383,0.9316248,0.96486795,0.97739464,0.9524567,0.9718384,0.9519458,0.97208744,0.96217626,0.9571972,0.9558962,0.9655255,0.9553442,0.9636667,0.9758784,0.95958966,0.9704576,0.9594246,0.95752406,0.9733895,0.9525232,0.9606746,0.95762485,0.9652189,0.9486256,0.92645603,0.96692336,0.71023023,0.9656262,0.88298386,0.9644331,0.96523196,0.9717025,0.9414639,0.96597034,0.99085516,0.94378835,0.9604652,0.9731423,0.9383098,0.9587532,0.960113,0.9704188,0.94144326,0.952205,0.9033239,0.9601233,0.935771,0.97741896,0.93246126,0.96313554,0.93878496,0.95030594,0.9578452,0.9615651,0.96397454,0.9847156,0.971201,0.9640023,0.9609948,0.9234494,0.9478085,0.9382304,0.94260937,0.9525155,0.9584006,0.9844989,0.95917875,0.9666384,0.9366425,0.96028066,0.9590335,0.9449872,0.9581731,0.9694903,0.945775,0.9847156,0.96280986,0.9753611,0.97274995,0.9578862
aftermovie,0.9720682,0.95194453,0.9610985,0.95015454,0.95933235,0.96962214,0.9609696,0.9999996,0.9795747,0.940953,0.9577584,0.93273115,0.961924,0.97541153,0.9618827,0.95789146,0.9587199,0.9598125,0.95536005,0.94891405,0.94991755,0.97333014,0.9665934,0.9594991,0.9462378,0.78394675,0.94521505,0.96013117,0.96295387,0.9473176,0.94149214,0.96846735,0.9596141,0.94550675,0.886225,0.78155047,0.9556117,0.9725927,0.9513456,0.9393238,0.965658,0.9436368,0.9419428,0.9618623,0.9648347,0.95283943,0.9633538,0.95142996,0.9314331,0.95665395,0.9673849,0.97359735,0.95057786,0.9450915,0.9692882,0.9511204,0.9395028,0.9725331,0.9635932,0.97354513,0.9618436,0.96606123,0.9413342,0.9742399,0.9484114,0.94038624,0.9528334,0.96596795,0.96290946,0.89385027,0.97595996,0.614534,0.9324164,0.962199,0.92817396,0.9374995,0.8355227,0.9451883,0.94432795,0.9236329,0.9605525,0.9484588,0.9806252,0.9358218,0.9683832,0.92834884,0.94785696,0.95426315,0.96915597,0.9659481,0.9651354,0.97595996,0.93608975,0.94937205,0.9526287,0.96439046,0.94529843,0.9513847,0.95487714,0.92510885,0.9460179,0.9474121,0.94262123,0.9652727,0.94642943,0.95745695,0.9510327,0.9769367,0.942852,0.92366457,0.9662598,0.6748107,0.9746365,0.8464962,0.965889,0.9721126,0.9690796,0.9317783,0.96508515,0.95521337,0.9714226,0.9671547,0.9702663,0.94643795,0.93541366,0.9575521,0.94799656,0.9499033,0.95038426,0.88643795,0.97832274,0.94112474,0.96390826,0.9082508,0.97478646,0.9471985,0.9426109,0.96505076,0.9750576,0.949294,0.9795747,0.9706477,0.95468646,0.95016235,0.92854035,0.9583332,0.9717693,0.9181217,0.97328633,0.9765248,0.9505784,0.942501,0.9552096,0.94730896,0.9560967,0.9682535,0.9520505,0.961563,0.97846353,0.9630099,0.9795747,0.9566942,0.97579736,0.9621658,0.9628866
ahiddenlifefilm,0.9830479,0.9642472,0.9781174,0.9737724,0.9826515,0.9738332,0.9847156,0.9795747,1.0000001,0.9676327,0.9718505,0.95770895,0.97904754,0.98729974,0.9813248,0.98297554,0.975271,0.9779061,0.97087705,0.965574,0.97768533,0.9810784,0.9829138,0.98135597,0.967118,0.82326895,0.9581989,0.97241515,0.97567743,0.95985585,0.9717732,0.9724907,0.97480655,0.9633814,0.92281485,0.84589326,0.9828345,0.97329974,0.9744962,0.96886086,0.9600909,0.97714764,0.96632874,0.9815892,0.98354954,0.9779575,0.98334,0.96624374,0.9676247,0.98264474,0.981216,0.99118865,0.9802875,0.971325,0.9770419,0.9787021,0.9550587,0.9872399,0.98135525,0.98571026,0.9649037,0.9781485,0.9709853,0.9831831,0.9749337,0.96644,0.98137194,0.9796487,0.9703188,0.9373875,0.9887101,0.6475134,0.9424364,0.98344946,0.9577607,0.9590544,0.88068515,0.96947485,0.9730996,0.9530715,0.97027105,0.9682524,0.981748,0.97250706,0.9727575,0.9593877,0.9746786,0.98616785,0.9770305,0.9877042,0.9736329,0.9887101,0.96851987,0.977132,0.9737271,0.98371595,0.9691006,0.97329193,0.9677561,0.95875174,0.97792286,0.9746596,0.96761566,0.9844239,0.96213996,0.97775096,0.9691357,0.98495436,0.95052606,0.9428226,0.9864536,0.70754516,0.9849657,0.89245254,0.9789492,0.9781168,0.9868108,0.960522,0.9763692,0.9814248,0.9726298,0.972693,0.9842197,0.9539328,0.97063065,0.98056704,0.97482663,0.9619915,0.9716615,0.919986,0.98199785,0.96578795,0.9791891,0.9297211,0.9847728,0.95538324,0.96742684,0.9819222,0.9872657,0.978239,1.0000001,0.9777074,0.97575533,0.9736475,0.95635134,0.9728626,0.957144,0.94799405,0.9808425,0.97575897,0.97752935,0.977217,0.9788897,0.9538598,0.97398347,0.9724693,0.95945996,0.97324276,0.98495173,0.9705496,1.0000001,0.9801638,0.99122155,0.9851631,0.9763987
alitamovie,0.9567386,0.9432344,0.94226366,0.927514,0.9624961,0.9206618,0.95763534,0.940953,0.9676327,0.99999994,0.9365637,0.9073469,0.9511716,0.9502912,0.9304768,0.95994043,0.94537115,0.9529278,0.9395985,0.9343811,0.9499952,0.9536396,0.95577234,0.94549817,0.93453234,0.7807379,0.9473908,0.9571002,0.9290961,0.9420857,0.92348576,0.9385672,0.9289515,0.9362386,0.8896693,0.79100794,0.9564828,0.9451778,0.9376253,0.92007786,0.91838855,0.9415835,0.9436885,0.95576197,0.94674885,0.9407812,0.9584054,0.92472357,0.9352467,0.9501034,0.9328711,0.96239775,0.9575,0.9561086,0.95268077,0.9578164,0.9233785,0.94934326,0.9373528,0.95536,0.9502355,0.94441956,0.9304879,0.9439817,0.9362164,0.9309004,0.93772054,0.96177685,0.9599369,0.9225896,0.96432126,0.67043483,0.88487726,0.94530225,0.91425115,0.9286861,0.8408231,0.9379509,0.9588537,0.9405636,0.95019096,0.92988443,0.9342327,0.94182193,0.92607397,0.9146878,0.9612147,0.9631541,0.92000824,0.94335914,0.94046223,0.96432126,0.9181401,0.93359506,0.9411281,0.9330533,0.95123076,0.96048236,0.92728066,0.928244,0.945271,0.93806434,0.934651,0.96843094,0.9383629,0.9334033,0.93602026,0.94921446,0.91264725,0.8850634,0.94432163,0.71135765,0.94110805,0.8463684,0.93037015,0.9493375,0.95149,0.9312551,0.9370439,0.9599252,0.9358657,0.93318206,0.9496683,0.90777075,0.9223363,0.93314123,0.93088704,0.9089793,0.95064414,0.86685604,0.93797344,0.95613015,0.9468675,0.90028673,0.94747937,0.93677014,0.9394475,0.95486915,0.9624521,0.9475684,0.9676327,0.948436,0.92337394,0.9290602,0.9372445,0.9405599,0.9199694,0.90926427,0.95179844,0.9295241,0.95384884,0.93537486,0.94077677,0.91912895,0.95221174,0.9559978,0.92313135,0.9473175,0.9493047,0.9200685,0.9676327,0.94026905,0.9478599,0.9522942,0.9455137
angelhasfallen,0.9584419,0.9213685,0.9599722,0.94245315,0.965981,0.9543174,0.967745,0.9577584,0.9718505,0.9365637,0.9999999,0.9284947,0.9515043,0.9640289,0.9485303,0.95719355,0.94770813,0.94089264,0.9596944,0.9419278,0.93957376,0.955748,0.9550057,0.94268835,0.9527086,0.8160246,0.9285299,0.95518655,0.95520234,0.92820084,0.9520319,0.95232725,0.96457505,0.9290961,0.92375356,0.82665104,0.95838374,0.9355193,0.9469588,0.95414007,0.92174953,0.94958824,0.9460179,0.9547963,0.9588719,0.954202,0.9550827,0.9377274,0.94394195,0.9539748,0.9604642,0.9560566,0.94850117,0.9386493,0.9323253,0.94172066,0.9210434,0.9757492,0.95869964,0.9659773,0.92399347,0.95429116,0.9646566,0.95302254,0.93576616,0.9597534,0.9590269,0.9459492,0.9598383,0.93191606,0.96808773,0.63039804,0.9359957,0.9656713,0.95122313,0.9500242,0.87563694,0.9436389,0.94060934,0.9011227,0.974975,0.94746023,0.9641775,0.9529205,0.93993986,0.9180405,0.9537073,0.9600274,0.9461075,0.9601612,0.9515428,0.96808773,0.949796,0.9420837,0.95502454,0.96830493,0.96735257,0.9606309,0.96641934,0.9451806,0.95805925,0.95771605,0.94711727,0.9593769,0.9223041,0.95546556,0.9557509,0.9541937,0.95804006,0.94266653,0.95686054,0.7137745,0.9685539,0.8933764,0.9492212,0.9633017,0.96100557,0.95527214,0.93956244,0.95160383,0.9382733,0.9608369,0.96072197,0.95322526,0.9495256,0.9484659,0.9435605,0.92245483,0.9291595,0.8823521,0.95317256,0.91959774,0.9670043,0.91399586,0.9722555,0.93122673,0.93722874,0.9381424,0.954349,0.94011015,0.9718505,0.95848686,0.95778096,0.93509406,0.9120076,0.95807475,0.9551299,0.9370592,0.9438746,0.94628567,0.954841,0.94349664,0.9509572,0.9524054,0.9716473,0.9353077,0.92558706,0.97533774,0.9650324,0.9440399,0.9718505,0.94991297,0.9642315,0.9663639,0.94145006
angrybirdsmovie,0.9440428,0.94264007,0.9467636,0.9419403,0.94459176,0.9298399,0.9356184,0.93273115,0.95770895,0.9073469,0.9284947,1.0,0.94752455,0.94671977,0.949178,0.95312995,0.9042725,0.92926216,0.9547669,0.94223017,0.94421244,0.93618613,0.92147684,0.9596799,0.905161,0.8451507,0.884165,0.8960853,0.9427444,0.9386892,0.9717018,0.94497013,0.93388015,0.93567914,0.8810439,0.79375166,0.94921106,0.9175114,0.9541082,0.97055066,0.92917305,0.95430905,0.91996807,0.9489127,0.93598247,0.9206312,0.923642,0.93979865,0.9429024,0.9529574,0.95847195,0.96059614,0.9181558,0.926727,0.9303558,0.94583315,0.919938,0.9390745,0.9402437,0.9559701,0.9212056,0.95065457,0.93513757,0.955169,0.95450157,0.94178873,0.9505866,0.9475462,0.91465455,0.89324486,0.9529738,0.6467877,0.9599016,0.92761177,0.9164229,0.9313053,0.83271116,0.9072281,0.9237054,0.9114366,0.9114298,0.91007847,0.95578605,0.9349498,0.93971556,0.9133051,0.9265523,0.9361802,0.93654865,0.96128607,0.9539096,0.9529738,0.9362136,0.9269544,0.9560124,0.96846074,0.9248466,0.92121655,0.92829573,0.91376555,0.9404158,0.9396828,0.93794346,0.942068,0.9408815,0.94698715,0.9088901,0.95280904,0.9003216,0.9497977,0.93864536,0.7232431,0.9402278,0.89539695,0.9242017,0.924715,0.953912,0.94120586,0.9389595,0.9327902,0.9540868,0.94947004,0.9480286,0.94913155,0.9687798,0.9495973,0.9260726,0.94911826,0.9541955,0.92112714,0.9532071,0.92148864,0.9316185,0.8620997,0.9411905,0.9287945,0.91009784,0.942877,0.9568543,0.9358253,0.95770895,0.9267554,0.93809915,0.9459093,0.93682694,0.94930184,0.9124922,0.90424097,0.94570965,0.9320216,0.9348373,0.95178854,0.9386597,0.9092222,0.9451733,0.91242105,0.89907604,0.9481702,0.92949325,0.90941656,0.95770895,0.9444254,0.95748156,0.93985885,0.95231503
annabellemovie,0.9695131,0.94705343,0.9609513,0.966745,0.96457946,0.9717967,0.95853114,0.961924,0.97904754,0.9511716,0.9515043,0.94752455,1.0,0.9704099,0.9519439,0.96115816,0.95979935,0.96114516,0.9680802,0.9348241,0.9606165,0.96091753,0.9644542,0.97458774,0.936499,0.8163065,0.9457971,0.95347345,0.9637368,0.93441296,0.956303,0.96928144,0.95806164,0.95322436,0.9060996,0.81506526,0.96008617,0.97277725,0.9538363,0.9577854,0.96000206,0.9532677,0.9536588,0.9605031,0.9625002,0.96287364,0.96169466,0.9395994,0.9531338,0.9610385,0.9688429,0.9726942,0.9583576,0.9512516,0.9609491,0.9668964,0.9469013,0.9645291,0.964915,0.9653946,0.9715572,0.97028005,0.9359714,0.9790288,0.9499847,0.94746006,0.9608622,0.96050644,0.95565456,0.9050358,0.9682975,0.6487574,0.9327201,0.9652074,0.9405446,0.9337778,0.87346834,0.95169115,0.9541287,0.9317132,0.9477853,0.95650816,0.9781531,0.94640386,0.9624333,0.93647623,0.96290624,0.9805256,0.96853644,0.97349304,0.9550531,0.9682975,0.95332557,0.957262,0.9522758,0.96478766,0.94472694,0.9559195,0.94566125,0.93780166,0.9508801,0.94285643,0.95158064,0.9577427,0.94385636,0.96785325,0.9311323,0.97323024,0.9295323,0.93440145,0.96615183,0.7310572,0.97062826,0.89156777,0.9714087,0.9596421,0.9659598,0.9493158,0.9635156,0.9621414,0.9696223,0.9584529,0.9582118,0.9484012,0.94638044,0.9571689,0.95645076,0.95971644,0.9620946,0.9197501,0.9606496,0.96655226,0.950343,0.8994246,0.96422726,0.9298397,0.94099355,0.96964264,0.9717226,0.9576405,0.97904754,0.955866,0.9540112,0.9672491,0.94275576,0.9535737,0.93846893,0.94572955,0.98191595,0.95714617,0.94894105,0.95832,0.9467785,0.94648236,0.9533446,0.9623831,0.954857,0.95232046,0.96617466,0.9499676,0.97904754,0.950655,0.9717963,0.9693453,0.9717226
annamovie,0.9603024,0.9495071,0.9769866,0.9620496,0.9628336,0.9699959,0.97387064,0.97541153,0.98729974,0.9502912,0.9640289,0.94671977,0.9704099,0.99999994,0.96634406,0.9679895,0.9690411,0.9699243,0.9568508,0.9438377,0.96719533,0.975166,0.97517633,0.96536803,0.956803,0.81229424,0.94470775,0.96310174,0.9755388,0.9445459,0.95618075,0.9697722,0.9685508,0.9538996,0.911387,0.8297095,0.9661738,0.96674544,0.96603084,0.95489264,0.9408159,0.96786946,0.96000147,0.9694036,0.97167224,0.96626574,0.9701441,0.9716319,0.96484095,0.9669595,0.9784764,0.9797249,0.97296005,0.9609857,0.9637968,0.9723546,0.9390568,0.9820037,0.9743873,0.9712496,0.9538038,0.9672008,0.9595971,0.97466207,0.96558505,0.960656,0.9630118,0.9700695,0.95593137,0.9271998,0.9716597,0.6507251,0.9441453,0.97229266,0.9550402,0.94335824,0.86788225,0.9697499,0.95405394,0.9273416,0.96286315,0.96912813,0.97459203,0.95665514,0.97092426,0.9424947,0.9646344,0.97767335,0.9712202,0.978365,0.97054696,0.9716597,0.95972544,0.95471174,0.9665955,0.972728,0.9639309,0.962537,0.9720141,0.9575856,0.961735,0.9660977,0.9497094,0.9592443,0.95582736,0.97626203,0.95584166,0.9684744,0.95937395,0.94217116,0.9755382,0.7236459,0.98133624,0.8981792,0.9682065,0.96591556,0.9647628,0.953348,0.9558752,0.96665895,0.95822585,0.9637165,0.9738931,0.95583916,0.9561731,0.96014744,0.96133137,0.9610688,0.9702053,0.9231207,0.96905035,0.9507708,0.96323335,0.92161536,0.97280854,0.9421884,0.946312,0.9684572,0.9673851,0.96823835,0.98729974,0.9716456,0.96816206,0.95766836,0.9366653,0.97636443,0.9582371,0.9393804,0.95931536,0.9590807,0.9660463,0.957843,0.95823735,0.9365214,0.9588645,0.94874215,0.9568269,0.96768004,0.96922046,0.952475,0.98729974,0.9594225,0.98421437,0.9793033,0.9688763
apollo11movie,0.9596315,0.947594,0.9543884,0.9564034,0.9582842,0.9607955,0.9659273,0.9618827,0.9813248,0.9304768,0.9485303,0.949178,0.9519439,0.96634406,0.9999995,0.9689335,0.9555626,0.9497478,0.9513023,0.9744913,0.9613202,0.9553283,0.9607044,0.9652623,0.9483032,0.8397803,0.92083347,0.95730895,0.9585002,0.9463543,0.96719056,0.94108564,0.9554773,0.92937064,0.9042606,0.83816695,0.96433145,0.9499798,0.9715614,0.95768994,0.94847447,0.96492416,0.9402103,0.96198606,0.9682925,0.9634002,0.9660994,0.9583654,0.9546809,0.96797276,0.963949,0.9677514,0.9545389,0.9508527,0.9627708,0.94290173,0.9625279,0.9692815,0.97477275,0.96406347,0.93258727,0.97356045,0.96997404,0.96497744,0.96351635,0.9588892,0.969488,0.9538602,0.9303116,0.93590474,0.96843964,0.65606153,0.94028896,0.9647196,0.9475548,0.94277287,0.86934257,0.94363946,0.9653988,0.94357955,0.9441494,0.9507237,0.9701616,0.9591639,0.9688442,0.95789057,0.95671374,0.9602091,0.9735221,0.9755081,0.9547291,0.96843964,0.9504571,0.97430503,0.9542278,0.9841354,0.9436696,0.9557437,0.95145625,0.9389374,0.9679639,0.9691374,0.95339775,0.9700387,0.952172,0.95890075,0.95658046,0.96894187,0.9334765,0.9142176,0.97128826,0.7098268,0.9573646,0.8783036,0.9677759,0.9486505,0.9708195,0.945271,0.96278954,0.959676,0.9611582,0.9414718,0.97532415,0.9359876,0.9595836,0.9782953,0.95723796,0.9578838,0.95228475,0.9144539,0.97303665,0.9444561,0.97460645,0.92670894,0.96376204,0.9368381,0.94819236,0.9523239,0.96865755,0.9581535,0.9813248,0.9579354,0.9719997,0.9649473,0.9515984,0.9542387,0.9308021,0.9274704,0.95676994,0.96655625,0.9684518,0.96781725,0.96411735,0.93628824,0.9523954,0.94083977,0.9508128,0.9507554,0.97332907,0.94899994,0.9813248,0.9782195,0.978636,0.9663192,0.9533208
arcticdogsmovie,0.967425,0.9705127,0.96333605,0.94519013,0.9591696,0.95755965,0.9692662,0.95789146,0.98297554,0.95994043,0.95719355,0.95312995,0.96115816,0.9679895,0.9689335,1.0000001,0.9540796,0.9431567,0.95649886,0.96466345,0.96871674,0.9576981,0.96548337,0.9711391,0.9533108,0.81965476,0.930341,0.9497561,0.96024823,0.9594092,0.9636336,0.94946474,0.9516552,0.9534068,0.908881,0.81124586,0.95969075,0.94484144,0.97487324,0.949333,0.93406403,0.9694609,0.9492708,0.96517897,0.97038996,0.9474222,0.9682638,0.9577967,0.95591354,0.9677406,0.96656865,0.9720412,0.96710724,0.96478295,0.9593117,0.9545161,0.95408815,0.9748604,0.9626495,0.9754442,0.9501118,0.9601429,0.9627503,0.9643726,0.9546986,0.96870583,0.9744297,0.960706,0.95639294,0.94620556,0.97975874,0.6787016,0.9320574,0.9645174,0.94066775,0.94777995,0.8617052,0.94153893,0.9592702,0.9503494,0.9475501,0.94620293,0.9718117,0.9493751,0.9644125,0.9432578,0.9657783,0.96724856,0.9588829,0.9681575,0.95339847,0.97975874,0.94791555,0.96398073,0.95576704,0.9700581,0.9568907,0.9631785,0.965194,0.9515004,0.9591504,0.95766664,0.95118207,0.9761775,0.9577964,0.95909137,0.962076,0.9790759,0.9453519,0.9250469,0.9716326,0.7301751,0.95978725,0.8759708,0.9535804,0.95096713,0.97125876,0.950933,0.9568092,0.96795964,0.96095496,0.9579919,0.9784718,0.94488823,0.96366644,0.96597844,0.9565342,0.9515517,0.96687675,0.8972819,0.96417004,0.9429868,0.9675337,0.92558706,0.969054,0.9483962,0.9431271,0.9536945,0.9780081,0.9505577,0.98297554,0.9648767,0.9540156,0.9627369,0.95765096,0.9632319,0.93546367,0.93491286,0.9688754,0.95540655,0.972682,0.956939,0.9554311,0.9397789,0.9672803,0.9551287,0.92836076,0.96693975,0.9603432,0.9416086,0.98297554,0.96639013,0.9810986,0.968131,0.96839947
arcticmovie,0.95763624,0.93463033,0.952144,0.9487909,0.95376724,0.96531934,0.96798426,0.9587199,0.975271,0.94537115,0.94770813,0.9042725,0.95979935,0.9690411,0.9555626,0.9540796,0.99999994,0.9617399,0.9397909,0.92742306,0.9494488,0.9675934,0.9629744,0.9522242,0.9594463,0.77694494,0.9601085,0.9780224,0.9546789,0.92789066,0.92623496,0.9454007,0.95728105,0.93821305,0.9160321,0.8530033,0.95280564,0.96282905,0.9372586,0.93466735,0.9415469,0.9535333,0.95219433,0.96430016,0.9681536,0.9708615,0.9651651,0.94395477,0.9522393,0.96439695,0.95335776,0.9682684,0.9777889,0.96099746,0.95595056,0.95560706,0.93548197,0.96632665,0.9700791,0.95026624,0.9464612,0.9540996,0.9467527,0.9563553,0.9473938,0.9278872,0.94535834,0.9485906,0.9604013,0.91670287,0.95786875,0.6330392,0.8904721,0.9780375,0.941762,0.9109867,0.87921566,0.96992064,0.946328,0.9234632,0.94664294,0.968807,0.9542172,0.9398957,0.95446426,0.9474321,0.9520647,0.97459155,0.9579823,0.96114475,0.92457515,0.95786875,0.9549233,0.9570473,0.9390814,0.9499788,0.9478669,0.9531093,0.95395035,0.9277153,0.95133924,0.9586527,0.93048936,0.9564865,0.92247695,0.9598199,0.95466846,0.956265,0.9179765,0.90065676,0.9679494,0.6940205,0.9627512,0.8759294,0.9721121,0.95880884,0.9580499,0.9220189,0.9503213,0.96873194,0.92985713,0.93923426,0.9603225,0.9175777,0.9226145,0.9515074,0.97053206,0.9312217,0.93724024,0.8990669,0.952177,0.9357114,0.9678287,0.95095426,0.9596733,0.92220825,0.95196843,0.9663998,0.9557342,0.9483558,0.975271,0.96291643,0.96280044,0.9636005,0.92114514,0.9491126,0.9445628,0.9418893,0.9531299,0.96876514,0.94869626,0.9487396,0.95412576,0.9347311,0.9449378,0.95487213,0.96487707,0.9396588,0.97127527,0.96725434,0.975271,0.96381587,0.97218204,0.96267086,0.9467051
artofracingmovie,0.97193426,0.9363106,0.9572717,0.9676133,0.97280496,0.95058984,0.9649712,0.9598125,0.9779061,0.9529278,0.94089264,0.92926216,0.96114516,0.9699243,0.9497478,0.9431567,0.9617399,0.9999999,0.95696676,0.9232511,0.9564197,0.97399724,0.9606434,0.95904577,0.945106,0.8000526,0.96139383,0.9544635,0.95466083,0.94042635,0.9370487,0.964123,0.9492234,0.94238555,0.90784895,0.8366704,0.97050744,0.96964407,0.93015116,0.94600314,0.95649046,0.94883096,0.9537079,0.9639238,0.95552635,0.9668083,0.96047395,0.9403313,0.9425622,0.9599888,0.9578195,0.9816542,0.959858,0.94983643,0.96032745,0.9737464,0.91252065,0.9620999,0.9594033,0.9674181,0.9592137,0.9554138,0.93472034,0.9580963,0.9610319,0.9237226,0.942102,0.97234595,0.9582457,0.8941605,0.9679641,0.60768753,0.9146551,0.96098995,0.9325411,0.92622924,0.85245204,0.9560215,0.95149815,0.93609184,0.95073104,0.9523911,0.95226544,0.9475538,0.9414788,0.933714,0.9472362,0.96785986,0.9519332,0.9627498,0.9512324,0.9679641,0.94123274,0.93161374,0.95478475,0.9516238,0.9551989,0.9497311,0.93327796,0.9277658,0.95985484,0.95494086,0.9494309,0.9568917,0.9298727,0.9628084,0.9403018,0.952862,0.92293686,0.91529936,0.96208614,0.67221785,0.9683266,0.8824653,0.9639558,0.96819246,0.9688604,0.9278802,0.9588625,0.9651451,0.94961226,0.948064,0.947758,0.92469853,0.9352623,0.96175414,0.9571524,0.9326234,0.9492101,0.90284646,0.9587397,0.9587467,0.9505143,0.8948316,0.9631557,0.93862,0.9576483,0.97514355,0.96510214,0.97160727,0.9779061,0.959626,0.9550881,0.9465455,0.91141254,0.956001,0.95019805,0.93414485,0.95751965,0.9480365,0.94528794,0.95503414,0.9553164,0.9206699,0.9533932,0.9648537,0.9446136,0.9498526,0.9591165,0.959897,0.9779061,0.9609092,0.9672523,0.9523422,0.9538907
avengers,0.9776757,0.95264417,0.9406451,0.9533661,0.96092373,0.95326525,0.9539201,0.95536005,0.97087705,0.9395985,0.9596944,0.9547669,0.9680802,0.9568508,0.9513023,0.95649886,0.9397909,0.95696676,0.99999994,0.95040643,0.94147164,0.954698,0.9529757,0.9630821,0.9427456,0.85523206,0.92435205,0.9475629,0.95028657,0.95470715,0.9669159,0.9552478,0.9511612,0.932692,0.90611196,0.80979204,0.9574995,0.94815874,0.94669557,0.9499078,0.9452863,0.95019764,0.93747526,0.9509652,0.96180654,0.94048953,0.9566153,0.9283928,0.9405558,0.9536515,0.9542956,0.96751934,0.9432768,0.9481704,0.94610846,0.94980854,0.93184185,0.96058375,0.94815373,0.9687179,0.9439204,0.957085,0.9480965,0.9610343,0.95546955,0.9537976,0.9457743,0.9608988,0.95319057,0.9021324,0.97463983,0.6592128,0.9547596,0.950194,0.9284686,0.92899096,0.8543313,0.9214022,0.9371353,0.9151635,0.9425979,0.9303129,0.9690782,0.95321006,0.9489476,0.92926466,0.9479813,0.95753163,0.9573176,0.96660125,0.9546467,0.97463983,0.93620497,0.9298894,0.94554573,0.97039753,0.958317,0.95721877,0.93797356,0.92978734,0.94369,0.94538164,0.9480613,0.9628465,0.95375216,0.9539002,0.9216932,0.95982504,0.9336849,0.92349803,0.95465267,0.74906284,0.96082693,0.89031905,0.94751537,0.95064557,0.9650564,0.95639515,0.9525003,0.9480684,0.96377015,0.9547,0.96398395,0.9628712,0.9470873,0.94560987,0.9252443,0.94322306,0.94560796,0.88984895,0.95395166,0.933994,0.9594331,0.8850661,0.9597506,0.9539176,0.93293834,0.95424795,0.97107744,0.9515036,0.97087705,0.95050055,0.94310147,0.94538724,0.9397564,0.9600688,0.929454,0.92364293,0.96000314,0.95071566,0.9427366,0.9412354,0.94453675,0.956257,0.96851,0.94420975,0.93799895,0.9725251,0.95089,0.9366631,0.97087705,0.9504845,0.96372515,0.95958,0.95007277
beachbummovie,0.9546628,0.9479556,0.926243,0.92181623,0.9442789,0.93823516,0.94924504,0.94891405,0.965574,0.9343811,0.9419278,0.94223017,0.9348241,0.9438377,0.9744913,0.96466345,0.92742306,0.9232511,0.95040643,0.9999999,0.9464583,0.9292633,0.9338025,0.95998186,0.9332869,0.8493257,0.9060733,0.94061,0.9322713,0.9557767,0.9566464,0.92104083,0.93476117,0.9018553,0.87715656,0.78353494,0.9568246,0.92715293,0.96618164,0.93848664,0.93293667,0.9351024,0.9227994,0.94123524,0.9492553,0.9298018,0.9423775,0.9397685,0.9321293,0.9418649,0.943519,0.95177746,0.9347113,0.9343314,0.9312626,0.92356527,0.9446956,0.94485986,0.94172055,0.94479364,0.9150845,0.9554723,0.9539818,0.9488111,0.9384231,0.94452304,0.9486777,0.94860137,0.9378503,0.9192966,0.9553081,0.7050818,0.93822986,0.9417731,0.91813,0.9357437,0.8510678,0.9210076,0.9663442,0.91613907,0.9304786,0.91700405,0.953126,0.94477576,0.95095766,0.94736254,0.9522778,0.9385492,0.9446925,0.96107984,0.938257,0.9553081,0.9102428,0.9498019,0.9532781,0.9690335,0.94431907,0.9605847,0.9399082,0.9109959,0.9497927,0.9583547,0.9429006,0.962663,0.94862324,0.93040776,0.9271123,0.9568034,0.9219191,0.89639246,0.955347,0.74073875,0.93729955,0.8620482,0.92848635,0.9332866,0.9571851,0.93774754,0.9388534,0.94670826,0.95982707,0.9239767,0.96301335,0.9303212,0.9441693,0.9470097,0.92145485,0.93411964,0.9358909,0.8856763,0.95977575,0.9198101,0.9574763,0.8933917,0.94561315,0.9531552,0.9176677,0.93752533,0.95853233,0.94139874,0.965574,0.9431394,0.9398492,0.9337746,0.9432908,0.9426799,0.9111567,0.8932928,0.9478135,0.9558126,0.94815385,0.9360934,0.94087595,0.9324901,0.94224143,0.9210902,0.923801,0.9508422,0.95261675,0.9172908,0.965574,0.9517948,0.95471036,0.95248914,0.9324721
bernadettefilm,0.9531892,0.95548034,0.9653372,0.94517994,0.95211786,0.9509402,0.9617213,0.94991755,0.97768533,0.9499952,0.93957376,0.94421244,0.9606165,0.96719533,0.9613202,0.96871674,0.9494488,0.9564197,0.94147164,0.9464583,1.0,0.95808995,0.9578374,0.970922,0.9351012,0.7962408,0.941894,0.9398178,0.9659986,0.93218565,0.94514537,0.9492194,0.9547496,0.9499655,0.90909094,0.83403754,0.9571416,0.94027185,0.9619221,0.9493186,0.9447672,0.9558247,0.9546744,0.9557216,0.96782666,0.95393145,0.96009207,0.94863814,0.93894666,0.96134895,0.9729937,0.96611583,0.9601941,0.9557029,0.94795215,0.9514471,0.93605715,0.9611803,0.95928586,0.96360946,0.9500164,0.9583676,0.9517235,0.96133524,0.94486475,0.94492614,0.9651242,0.96321046,0.948334,0.9085855,0.96207935,0.6174688,0.9134681,0.95179147,0.9365712,0.94133633,0.8627146,0.94264793,0.95770556,0.9471403,0.92701995,0.94322735,0.9560505,0.961672,0.9679643,0.9341484,0.9501001,0.9631891,0.9521663,0.9693772,0.9476099,0.96207935,0.94429976,0.9518696,0.96245766,0.9555766,0.93613625,0.94102645,0.9426096,0.9323638,0.9490375,0.95218223,0.95123994,0.9603871,0.9472859,0.97065514,0.94492143,0.96305853,0.9283401,0.9163859,0.96833634,0.6718884,0.9604311,0.8718596,0.96555364,0.94218594,0.956642,0.9445649,0.95067185,0.9630785,0.9577454,0.95113933,0.95732474,0.9180604,0.9519752,0.9640111,0.95702296,0.9594869,0.9715523,0.9079031,0.97766685,0.9621976,0.95063615,0.88890105,0.96039355,0.9194917,0.9384439,0.95683724,0.9677059,0.9497562,0.97768533,0.96615964,0.94161916,0.94507855,0.9428058,0.94146526,0.9223525,0.9401512,0.95881,0.94265294,0.963513,0.9670024,0.95278317,0.9313035,0.9370913,0.9534944,0.9350413,0.9497513,0.955523,0.943585,0.97768533,0.95925885,0.97345215,0.9611059,0.97385246
