movie,21bridgesmovie,47metersdown,abeautifuldaymovie,abominablemovie,adastramovie,adogsjourneymovie,aftermathmovie,aftermovie,ahiddenlifefilm,alitamovie,angelhasfallen,angrybirdsmovie,annabellemovie,annamovie,apollo11movie,arcticdogsmovie,arcticmovie,artofracingmovie,avengers,beachbummovie,bernadettefilm,blackandbluemovie,blackchristmas,blindedbythelightmovie,bombshellmovie,booksmart,breakthroughmovie,brianbanksmovie,brightburnmovie,brittanyrunsmov,captainmarvelofficial,captivestatemovie,catsmovie,charliesangels,childsplaymovie,clarathefilm,coldpursuitmovie,countdown,currentwarmovie,darkwatersmovie,detectivepikachumovie,disneyaladdin,disneyfrozen,disneymaleficent,doctorsleepmovie,dolemiteismyname,dontletgomovie,doramovie,downtonabbey_official,dumbo,escaperoom,everybodyknowsmovie,fastandfuriousmovie,fightingwmyfam,fivefeetapartfilm,fordvferrari,freaksthefilm,geminimanmovie,glassmovie,gloriabellmovie,godzillamovie,goldfinchmovie,goodboysmovie,goodliarmovie,gretafilm,halathemovie,happydeathdaymovie,harrietfilm,hellboymovie,hersmellmovie,highlifemovie,highstrungmovie,honeyboymovie,hotelmumbaifilm,httydragon,hustlemovie,hustlersmovie,isntitromantic,itmovieofficial,jayandsilentbob,johnwickmovie,jojorabbitmovie,jokermovie,judythefilm,jumanjimovie,justmercyfilm,knivesout,lalloronamovie,lastblackmansf,lastchristmasthemovie,latenightmovie,lighthousemovie,lionking,littlethemovie,littlewomenmovie,littlewoodsfilm,longshotmovie,lordsofchaosmovie,lucyintheskyfilm,mamovie2019,marriagestory,meettheaddams,meninblack,midsommarmovie,midwaymovie,missbalamovie,missinglinkfilm,motherlessbklyn,onceinhollywood,onthebasisofsex,overcomermovie,peanutbutterfalcon,petsematarymovie,piercingmovie,playingwithfire,playmobilthemovie,pomsmovie,queenandslim,rambomovie,readyornotfilm,richardjewellfilm,rocketmanmovie,scarystoriesmovie,secretlifeofpets,serenityfilm,shaftmovie,shazammovie,spidermanmovie,spiesindisguise,starwars,stormboymovie,stubermovie,taosdfilm,teenspiritmov,terminator,theaeronautsmov,thebestofenemies,thedeaddontdie,thefarewell,thehighwaymen,thehummingbirdprojectfilm,theintrudermovie,theirishmanfilm,thekitchenmovie,thelegomovie,themustangfilm,thenightingalefilm,theprodigymovie,thesunisalsoastar,theupsidefilm,tolkienmovie,toystory,triplefrontier,uglydolls,uncutgems,underthesilverlake,usmovie,wavesmovie,whatmenwant,wonderparkmovie,wrinklestheclown,xmenmovies,yardiefilm,yesterdaymovie,zombieland
21bridgesmovie,1.0000001,0.98698974,0.9817828,0.9504782,0.96687436,0.93804955,0.99205023,0.98866916,0.99175227,0.9716861,0.9923299,0.95866543,0.96526206,0.98747134,0.98276764,0.9728834,0.9856308,0.9802946,0.9898383,0.99367595,0.98349005,0.94817287,0.97881836,0.9827891,0.9615585,0.44454795,0.9680897,0.99418527,0.97164214,0.97797364,0.98447603,0.9917236,0.9756703,0.959265,0.8140828,0.8129024,0.97421575,0.9751046,0.99114656,0.9734161,0.98288506,0.9714232,0.93902606,0.9839849,0.98988646,0.98222303,0.9752672,0.9874292,0.9806181,0.97753435,0.9676777,0.9868011,0.9464075,0.9863562,0.9441965,0.9716864,0.9888996,0.95392245,0.9830909,0.97331005,0.9561223,0.96997464,0.95509285,0.9922618,0.9450338,0.9533887,0.98666054,0.98235023,0.98680854,0.9623019,0.9799982,0.24020939,0.89724296,0.9937353,0.8795669,0.9737979,0.31515682,0.9893593,0.9875177,0.9348707,0.99307925,0.9796419,0.982912,0.942765,0.96123147,0.9672465,0.96637934,0.97517896,0.9652342,0.98706007,0.97630095,0.9799982,0.9727355,0.9678368,0.9753452,0.98765516,0.98773813,0.99158156,0.9773509,0.97717315,0.9768531,0.98193455,0.95550257,0.9760923,0.9892768,0.96474975,0.9957168,0.9860065,0.9400281,0.9650107,0.9849535,0.24020939,0.9767585,0.6394264,0.983026,0.99344856,0.99763334,0.8796588,0.99324507,0.9908024,0.97567725,0.9625125,0.9839628,0.914424,0.9819823,0.9736218,0.9855982,0.9484315,0.9803133,0.8470384,0.98156285,0.98760587,0.9777443,0.9670843,0.958158,0.97306335,0.98649114,0.9734533,0.9788219,0.9862643,0.99175227,0.96789926,0.97373676,0.9950017,0.9762475,0.9827577,0.9747471,0.87635297,0.98955667,0.9609534,0.9877496,0.97934204,0.97472006,0.9605237,0.96142703,0.9843235,0.98276687,0.96858126,0.97963,0.9651003,0.99175227,0.9813979,0.9917608,0.97576195,0.9524628
47metersdown,0.98698974,0.9999999,0.9819234,0.944901,0.97965246,0.970628,0.98991066,0.9848072,0.99185795,0.98254424,0.9916454,0.9817292,0.9817898,0.98586166,0.9921195,0.986199,0.9962622,0.9860249,0.9795145,0.992615,0.9871931,0.97133934,0.9876759,0.98299706,0.9818114,0.46639326,0.97570944,0.9872898,0.9799912,0.98915416,0.987313,0.99320424,0.9805332,0.9507151,0.8419274,0.8039348,0.9714862,0.97606736,0.9930222,0.9744187,0.9736251,0.97999716,0.9532619,0.99026185,0.9945274,0.97436535,0.98243856,0.99115384,0.9925686,0.98556125,0.9754387,0.98432904,0.9839717,0.98120344,0.9310463,0.98216605,0.9797777,0.9684374,0.9888411,0.9789525,0.95797396,0.97483945,0.9651461,0.9860188,0.941535,0.9595193,0.9975132,0.9683066,0.9910796,0.9509958,0.9818313,0.33147418,0.9107984,0.9882802,0.9071063,0.98128694,0.3882231,0.97817934,0.9882742,0.9520969,0.98784685,0.97015226,0.9865056,0.9599689,0.9645886,0.98511714,0.9673509,0.9902551,0.97817415,0.9895727,0.9878401,0.9818313,0.97515184,0.9810742,0.9748475,0.99196154,0.9864046,0.9887235,0.99069625,0.9792312,0.96576333,0.9932148,0.9507849,0.97715396,0.97833776,0.96858805,0.9798922,0.993122,0.9616276,0.9486038,0.98567444,0.33147418,0.97259176,0.640932,0.9879738,0.9851028,0.98927027,0.9226363,0.9825823,0.9835021,0.97465307,0.96652645,0.9765192,0.95719486,0.98471653,0.9936966,0.9917203,0.95630574,0.9897464,0.85245824,0.99253005,0.9921634,0.98459744,0.947966,0.9621487,0.98329324,0.9835522,0.981057,0.9780143,0.95998067,0.99185795,0.9801844,0.9705145,0.9805254,0.97218573,0.98752874,0.97797376,0.89122653,0.9752687,0.96232307,0.9873694,0.97435886,0.9593469,0.95206577,0.96552175,0.98617023,0.9961009,0.9794621,0.9824308,0.9723098,0.99185795,0.9828046,0.9923087,0.99020946,0.9616328
abeautifuldaymovie,0.9817828,0.9819234,0.99999994,0.9734935,0.98624665,0.9649115,0.99026567,0.99169767,0.9953877,0.98109996,0.9928604,0.9865233,0.98724043,0.9931816,0.98811173,0.9737287,0.9875891,0.9865825,0.9879497,0.99065113,0.9844841,0.9786652,0.9914527,0.9893399,0.969746,0.52768904,0.9668946,0.9895378,0.9949254,0.9849732,0.98905617,0.9919751,0.9814984,0.97183096,0.8642718,0.82299924,0.9859511,0.9911556,0.9892132,0.9791708,0.9904963,0.9797141,0.93761855,0.99005747,0.99180996,0.99309415,0.99168104,0.99268264,0.98888874,0.981179,0.9900586,0.98455906,0.95910335,0.9888392,0.96443146,0.9845635,0.9844149,0.975821,0.98629904,0.99341977,0.98501027,0.9806021,0.9702073,0.9835267,0.94487286,0.9615697,0.981851,0.96860385,0.99231565,0.97349405,0.9959036,0.34753302,0.94176424,0.9928886,0.9417733,0.97385323,0.4186053,0.98124856,0.9918048,0.9702049,0.9944161,0.9883168,0.9940779,0.97956574,0.98591906,0.99046737,0.9926064,0.9773541,0.9858012,0.9935917,0.98153,0.9959036,0.9955592,0.99026644,0.9910261,0.98551977,0.9931477,0.9820001,0.9930951,0.99034035,0.9888656,0.99017423,0.9791524,0.99249214,0.9819891,0.9889864,0.98555905,0.9856029,0.9485917,0.9613489,0.99261856,0.34753302,0.98752856,0.6905502,0.9871304,0.9890044,0.9841768,0.94291574,0.98917454,0.98600984,0.9749856,0.97825694,0.99368095,0.9478209,0.99369603,0.98406875,0.987982,0.9718509,0.9781659,0.8468969,0.98393625,0.9855469,0.9733016,0.97349715,0.9822325,0.9685166,0.9792961,0.9913075,0.99412376,0.98123974,0.9953877,0.99012035,0.98817456,0.98185545,0.9787259,0.9894833,0.992465,0.91342616,0.96782494,0.9542818,0.9918698,0.9826779,0.986436,0.9353283,0.98949885,0.99425095,0.9829188,0.9897829,0.988281,0.97687757,0.9953877,0.9834641,0.9884132,0.98718745,0.98135626
abominablemovie,0.9504782,0.944901,0.9734935,1.0000001,0.9526504,0.9323325,0.94800407,0.95402706,0.9704571,0.9520421,0.95620245,0.96320564,0.9623001,0.95828086,0.95290923,0.9597513,0.96359354,0.9263889,0.9490859,0.9584641,0.9814236,0.93420315,0.9646217,0.98200953,0.969699,0.6178104,0.90812266,0.9650943,0.96855736,0.97229236,0.9450036,0.96347404,0.92772466,0.9462015,0.8307805,0.8061064,0.9869081,0.9804064,0.96244895,0.9790758,0.95492136,0.91520876,0.8468281,0.94589967,0.9689656,0.9637866,0.96159714,0.97133356,0.95726275,0.9192878,0.96859574,0.97490764,0.932133,0.9705727,0.9886037,0.9706305,0.96517795,0.94751173,0.97571594,0.96074647,0.9413704,0.9788407,0.9772638,0.9351108,0.9341997,0.89556885,0.9453327,0.9600903,0.9547672,0.97427964,0.97591406,0.42424262,0.963742,0.9551099,0.9532399,0.97698265,0.5027317,0.9651536,0.96582264,0.96689135,0.966762,0.9720481,0.94433314,0.9489975,0.98404855,0.9555953,0.9799717,0.9582301,0.93659765,0.95845544,0.9337643,0.97591406,0.9813531,0.9598192,0.98233753,0.9450727,0.98291034,0.94302255,0.9522628,0.95848626,0.9847914,0.9679978,0.9551007,0.9717515,0.95965326,0.9693673,0.95846695,0.9485099,0.93095577,0.9625436,0.9694269,0.42424262,0.94796324,0.7238387,0.93717223,0.9487918,0.9581171,0.9085434,0.9609216,0.93649536,0.90665376,0.974804,0.98076713,0.89932656,0.97708416,0.94730383,0.9412611,0.94805026,0.93512946,0.75428236,0.9645113,0.9581896,0.96175456,0.96655077,0.9487879,0.9646437,0.9642438,0.970931,0.98513895,0.95209974,0.9704571,0.9595666,0.9837265,0.9430144,0.9158401,0.9727812,0.95957196,0.8655526,0.9112976,0.94252354,0.9532741,0.9188128,0.9907572,0.925341,0.974343,0.9607985,0.945343,0.97348183,0.96120584,0.93996125,0.9704571,0.96365184,0.9675456,0.9437272,0.9631932
adastramovie,0.96687436,0.97965246,0.98624665,0.9526504,0.9999999,0.9496892,0.9768311,0.97783643,0.987645,0.99220204,0.97869384,0.9887444,0.99132854,0.9905622,0.9873284,0.9832637,0.9809483,0.9837121,0.9636617,0.98081964,0.9737441,0.9753853,0.99516976,0.9851542,0.96919507,0.43669745,0.9852509,0.9853676,0.9792439,0.97793007,0.979574,0.9804638,0.98332494,0.9412445,0.82916015,0.74123085,0.974613,0.98963135,0.9750708,0.959349,0.9737435,0.9871833,0.9464457,0.99435097,0.9858976,0.96616375,0.99012965,0.98427397,0.9849042,0.98760813,0.9780051,0.9724314,0.9720433,0.9706433,0.9387008,0.9913403,0.9748358,0.99650985,0.97893745,0.99448025,0.9737246,0.98451376,0.971621,0.97822595,0.9322548,0.9612621,0.97528815,0.94988626,0.9869486,0.94165635,0.9896601,0.32717085,0.9189234,0.98663545,0.91592735,0.9659921,0.37543944,0.9529803,0.9719329,0.9430105,0.98187876,0.9547056,0.98548454,0.95786494,0.9842757,0.9884554,0.96521753,0.9762245,0.9922099,0.97877985,0.99286366,0.9896601,0.98127055,0.9875184,0.9785293,0.981399,0.9787187,0.96519125,0.9933253,0.982979,0.9643791,0.98203117,0.9463455,0.988767,0.9722571,0.9712488,0.97173136,0.98785543,0.9751172,0.9126372,0.99170107,0.32717085,0.98584783,0.6023092,0.99000525,0.97477233,0.9775868,0.930902,0.97987074,0.9693449,0.9761968,0.98470676,0.9755637,0.9565524,0.98903304,0.9873164,0.9773279,0.93674195,0.9900494,0.8149445,0.9806399,0.98688424,0.9752962,0.93011224,0.9948924,0.9687709,0.9829962,0.9831699,0.98640615,0.95068336,0.987645,0.98779744,0.96624535,0.9628059,0.9594175,0.97926134,0.98984593,0.88256097,0.95653284,0.97597355,0.97588366,0.9666667,0.9594288,0.9462979,0.9676501,0.99357784,0.9838301,0.9886804,0.995112,0.98586804,0.987645,0.9621963,0.9791093,0.9902718,0.9596469
adogsjourneymovie,0.93804955,0.970628,0.9649115,0.9323325,0.9496892,0.99999994,0.961611,0.95746404,0.9590218,0.949965,0.9623288,0.9783807,0.9574945,0.94877577,0.96445316,0.9456201,0.97532284,0.95847785,0.9512442,0.9580153,0.9598063,0.97579217,0.96233475,0.9510364,0.959512,0.6149146,0.9212045,0.942671,0.9783372,0.966938,0.9621894,0.96303517,0.94151664,0.9438832,0.89246553,0.8484277,0.94260854,0.9451933,0.9680523,0.94978166,0.94479465,0.947757,0.92345893,0.95365995,0.96290344,0.95880055,0.9637019,0.9618051,0.96489745,0.94856024,0.96919394,0.94557565,0.97625834,0.95279527,0.9218096,0.94752973,0.9296569,0.9341167,0.9632121,0.95181715,0.95090896,0.94062203,0.9301088,0.9362387,0.89814514,0.92598516,0.9674539,0.91739756,0.961028,0.93934417,0.9525306,0.50133955,0.9236279,0.9481988,0.95947653,0.95500404,0.55773246,0.94838935,0.9722906,0.9678779,0.9548391,0.95974183,0.96596473,0.97518116,0.93915015,0.9816292,0.9680711,0.95744526,0.9511946,0.9675569,0.94778657,0.9525306,0.95680755,0.9596857,0.9525212,0.9545692,0.9626288,0.96020234,0.9733351,0.96107566,0.93764144,0.97235465,0.95693034,0.9433831,0.93465436,0.9665833,0.9341502,0.94995594,0.91037345,0.93072474,0.94632834,0.50133955,0.94376844,0.73266226,0.957981,0.9488435,0.9384778,0.9734329,0.94214225,0.95500195,0.93195105,0.92965686,0.9581361,0.9742895,0.96027565,0.97124785,0.9671503,0.9751416,0.950053,0.8629484,0.9632995,0.95887,0.940945,0.9309687,0.9246428,0.94706774,0.9288288,0.9620228,0.94890285,0.92272055,0.9590218,0.96940005,0.9482256,0.9379343,0.9504718,0.9592603,0.9528152,0.9197012,0.9195182,0.8922347,0.9676496,0.94852304,0.9325841,0.8805801,0.9575726,0.94894075,0.9715301,0.95792395,0.94223595,0.9467055,0.9590218,0.9647714,0.9567432,0.9681908,0.9639628
aftermathmovie,0.99205023,0.98991066,0.99026567,0.94800407,0.9768311,0.961611,1.0,0.9915228,0.99359906,0.97401625,0.99807703,0.9766885,0.9723958,0.9878032,0.9912597,0.9730632,0.9900548,0.9908751,0.98881304,0.99448013,0.98075026,0.96489155,0.98357725,0.9839204,0.962794,0.48441294,0.9689074,0.9911929,0.98327667,0.98141825,0.9875423,0.9963038,0.9788373,0.959415,0.8352833,0.8157468,0.97472805,0.9757827,0.99414754,0.9757174,0.9856805,0.9828813,0.9531668,0.99105,0.9917849,0.9857372,0.98109144,0.98751587,0.9849819,0.9876088,0.97623,0.9846146,0.956482,0.98206264,0.9385304,0.9742528,0.98613334,0.9602652,0.97944957,0.9823336,0.96923465,0.97052306,0.95510083,0.98883265,0.95064044,0.95628375,0.98944134,0.97754914,0.9950208,0.96001863,0.9845356,0.31110594,0.90703714,0.9946493,0.9054182,0.97087187,0.37885264,0.97957796,0.99119425,0.9520691,0.9939709,0.981225,0.9944701,0.9666633,0.9614239,0.9819136,0.97695345,0.975463,0.9755329,0.9934196,0.979946,0.9845356,0.9792335,0.97564006,0.9753712,0.9914618,0.9883702,0.9894746,0.9913696,0.9809347,0.9742451,0.9897351,0.9625177,0.97808206,0.97848856,0.9746515,0.98833907,0.98585445,0.9447724,0.95781034,0.9833395,0.31110594,0.98446006,0.65110743,0.99213105,0.9946146,0.98924017,0.91659075,0.99000645,0.9971162,0.9803305,0.9666422,0.98517483,0.9391794,0.98912454,0.9796385,0.9902309,0.9616602,0.9836912,0.8571881,0.9869215,0.9901678,0.9778421,0.9597914,0.9659394,0.97054905,0.9801869,0.9852585,0.98140615,0.98066187,0.99359906,0.97845536,0.9703433,0.9922177,0.9837854,0.98707336,0.97942835,0.892295,0.9819374,0.9498202,0.99809855,0.9888207,0.9701123,0.94259965,0.9677277,0.9884141,0.9855263,0.97724575,0.98350644,0.9809011,0.99359906,0.98014295,0.98862505,0.98375154,0.96237797
aftermovie,0.98866916,0.9848072,0.99169767,0.95402706,0.97783643,0.95746404,0.9915228,1.0,0.99100995,0.98218054,0.9924497,0.97522897,0.9782557,0.99491477,0.9810978,0.96243155,0.9874468,0.98959404,0.996195,0.98578846,0.976058,0.977333,0.98714375,0.9804986,0.9593199,0.49600676,0.9738839,0.99031794,0.9902558,0.9733788,0.99775445,0.9890097,0.98652655,0.98110706,0.8814296,0.8498639,0.9670463,0.985349,0.9848676,0.9650096,0.99800956,0.98404026,0.95685476,0.98937005,0.98942137,0.9941461,0.9903697,0.99247754,0.9797321,0.9840237,0.9884717,0.9755391,0.95217144,0.9942584,0.95872915,0.9747792,0.98311424,0.9656362,0.9838528,0.9895723,0.9863068,0.9719181,0.95013386,0.99208766,0.91856426,0.9776868,0.988611,0.9636266,0.98419833,0.9793552,0.98738164,0.2917773,0.92853546,0.9954097,0.9188055,0.96504396,0.36836785,0.9876479,0.9949659,0.9561982,0.9937526,0.98920214,0.99319804,0.9730342,0.97445834,0.97942114,0.9834291,0.9666446,0.98109114,0.99303454,0.98348165,0.98738164,0.9822746,0.983363,0.98622894,0.981973,0.9885934,0.9858849,0.9877041,0.99335766,0.981849,0.98259234,0.9803487,0.987307,0.99261606,0.9876964,0.9902054,0.98390645,0.93363667,0.95938,0.9878453,0.2917773,0.9876589,0.70492315,0.9883107,0.99362624,0.98980904,0.92497474,0.9928081,0.9897544,0.9835089,0.9574776,0.98979425,0.93853736,0.9832652,0.9785907,0.99265856,0.97450566,0.97656214,0.890885,0.97642136,0.98310393,0.96529317,0.97470367,0.973382,0.9580867,0.9754983,0.9733564,0.98352,0.98668194,0.99100995,0.98621917,0.9800899,0.99460053,0.98323053,0.9772749,0.9919299,0.9315448,0.9842979,0.95140904,0.991504,0.98859215,0.9763598,0.9531002,0.97973984,0.98877454,0.98334044,0.9763588,0.9838461,0.9653026,0.99100995,0.99002916,0.98439914,0.9813244,0.9803168
ahiddenlifefilm,0.99175227,0.99185795,0.9953877,0.9704571,0.987645,0.9590218,0.99359906,0.99100995,1.0000001,0.9866372,0.99588484,0.9852113,0.9875835,0.99481136,0.99276614,0.9874515,0.9945785,0.98600364,0.98685294,0.99691546,0.9927758,0.9685768,0.9928236,0.9954327,0.9802777,0.48835304,0.9743289,0.9965749,0.98700947,0.992812,0.9883635,0.99803436,0.983774,0.95997775,0.8376202,0.8017477,0.9889827,0.991844,0.99567723,0.9856512,0.9863963,0.9798319,0.93720746,0.99435645,0.99810857,0.9871141,0.98833364,0.9970893,0.9937796,0.984803,0.98274356,0.9941202,0.9679828,0.99049073,0.9571373,0.99161446,0.99271125,0.9771715,0.9914014,0.9905357,0.9718748,0.9864581,0.9787488,0.98980445,0.95757467,0.9582148,0.99091923,0.9815435,0.9964334,0.9678213,0.9954854,0.32433438,0.93187845,0.9965815,0.9200019,0.9857596,0.38968852,0.98513204,0.99249196,0.9621958,0.9964229,0.98309517,0.9913391,0.96723664,0.983114,0.9866736,0.9831589,0.988356,0.98359025,0.9949853,0.9867172,0.9954854,0.9912184,0.9878216,0.9882065,0.99195594,0.9960317,0.9878729,0.9927896,0.9856715,0.98702157,0.995485,0.9633335,0.9918337,0.9870059,0.9790839,0.99022806,0.9944034,0.9640747,0.9613071,0.99653083,0.32433438,0.9838262,0.6532959,0.98965913,0.9929157,0.9948294,0.92084724,0.99232477,0.98710996,0.97576296,0.984446,0.9916024,0.9409368,0.99624074,0.988778,0.9903842,0.95876646,0.987366,0.83062553,0.99377406,0.9935416,0.98813987,0.9661848,0.97996783,0.98465055,0.99217385,0.9926209,0.9948935,0.9793665,1.0000001,0.984603,0.9867366,0.9870762,0.97348285,0.9956396,0.9879803,0.8912902,0.9767221,0.97065574,0.99294555,0.97896355,0.9838275,0.9573013,0.9803902,0.99667746,0.98985237,0.989274,0.9923016,0.98066765,1.0000001,0.98596424,0.9972074,0.9885533,0.97032166
alitamovie,0.9716861,0.98254424,0.98109996,0.9520421,0.99220204,0.949965,0.97401625,0.98218054,0.9866372,0.99999994,0.97408515,0.9842461,0.98416305,0.9916607,0.9761614,0.97794443,0.98660797,0.97829,0.9705572,0.9779546,0.9748604,0.96938586,0.99151665,0.9841014,0.96847486,0.4456007,0.9814282,0.98464483,0.9753262,0.97972935,0.98415595,0.9797373,0.9868154,0.94380975,0.845229,0.7684721,0.96447927,0.9901347,0.9775556,0.9551372,0.97629493,0.9818694,0.93783516,0.99094063,0.98405075,0.9709268,0.9867311,0.98956984,0.98000544,0.9824872,0.97419953,0.970068,0.9731335,0.98157465,0.946997,0.9913576,0.97123873,0.985902,0.9806168,0.9876472,0.97545886,0.97834784,0.96401954,0.98101753,0.9173251,0.96695954,0.9808587,0.94702387,0.9796728,0.95290697,0.9824229,0.32726824,0.9285084,0.9866227,0.9095737,0.9744227,0.3783709,0.9661903,0.97985566,0.9430632,0.9775282,0.9616775,0.9811381,0.9541121,0.9799963,0.98193824,0.9637438,0.9721257,0.986847,0.9829981,0.98915577,0.9824229,0.97273946,0.981462,0.97482157,0.9710724,0.97937566,0.9740894,0.9860593,0.9830878,0.9654301,0.97914124,0.94656324,0.9846234,0.9837518,0.96774817,0.9714429,0.98738056,0.9606606,0.9168613,0.9907823,0.32726824,0.97671765,0.6318459,0.9864712,0.9807783,0.98295593,0.91724,0.97833014,0.96609455,0.9719055,0.97370744,0.980118,0.9407671,0.983521,0.9850583,0.9833569,0.9386194,0.98655325,0.83043563,0.9779357,0.9837704,0.97122854,0.9358115,0.98670244,0.97222275,0.9799634,0.9733216,0.9817944,0.9576651,0.9866372,0.9798606,0.97079027,0.9694721,0.9532183,0.9747794,0.98610735,0.90072817,0.96689045,0.97018564,0.9766206,0.965369,0.9589068,0.9695987,0.9634084,0.98882896,0.98797643,0.97524166,0.98651785,0.97684133,0.9866372,0.97737974,0.98392034,0.98396355,0.9581827
angelhasfallen,0.9923299,0.9916454,0.9928604,0.95620245,0.97869384,0.9623288,0.99807703,0.9924497,0.99588484,0.97408515,1.0000001,0.979095,0.98106444,0.98986757,0.99365,0.9779511,0.9910109,0.99007404,0.98989373,0.99553514,0.98583853,0.97036546,0.9863233,0.9863423,0.97206384,0.49309748,0.9708751,0.9924943,0.9874433,0.9846948,0.9894487,0.9975717,0.9801835,0.96560115,0.84676534,0.8233606,0.9810448,0.9807865,0.9937663,0.98230976,0.98771966,0.9810307,0.9515768,0.9914287,0.99574685,0.9875805,0.9845123,0.991537,0.9904028,0.9859716,0.9823347,0.9894346,0.96057963,0.9860438,0.94478023,0.9787134,0.99096197,0.9651271,0.9857081,0.98646593,0.969319,0.97691196,0.9654826,0.9899373,0.9535791,0.95988095,0.99229735,0.98116064,0.9955611,0.9655453,0.9907936,0.31197697,0.9185263,0.9948043,0.915051,0.9740578,0.38220355,0.9833452,0.9920512,0.96040666,0.99711436,0.9838969,0.9935705,0.9713277,0.97046643,0.98302656,0.98201215,0.982989,0.9786122,0.9939186,0.983044,0.9907936,0.9871347,0.98405284,0.98375124,0.9950787,0.99188286,0.98729664,0.9921307,0.98347145,0.9816573,0.99347556,0.9673522,0.9853273,0.9808876,0.9800013,0.9900201,0.9896946,0.9529557,0.9667387,0.98813534,0.31197697,0.9837671,0.6650077,0.9889283,0.9922121,0.99090004,0.9242548,0.9913144,0.9938118,0.97947216,0.97077996,0.98529947,0.9448227,0.9902759,0.984489,0.9907607,0.96718735,0.9822455,0.8569161,0.9902136,0.9900035,0.98214203,0.9681157,0.96864164,0.97365403,0.9843424,0.98798203,0.98699623,0.97973585,0.99588484,0.983331,0.97874343,0.99130774,0.98345584,0.9912795,0.9841682,0.89729357,0.97915614,0.95750237,0.9952386,0.9857798,0.9772533,0.94193226,0.9779188,0.99152845,0.98552614,0.98511654,0.9868732,0.9744946,0.99588484,0.9828905,0.9907536,0.98583424,0.9720088
angrybirdsmovie,0.95866543,0.9817292,0.9865233,0.96320564,0.9887444,0.9783807,0.9766885,0.97522897,0.9852113,0.9842461,0.979095,0.9999999,0.98915666,0.9790355,0.9839964,0.9801551,0.9890088,0.973845,0.9616682,0.9760189,0.9801838,0.97901803,0.9882819,0.98549086,0.98203194,0.5499463,0.9591662,0.97526056,0.9869071,0.98690337,0.9752564,0.9837895,0.9696992,0.9434137,0.86609143,0.7893197,0.9751239,0.9851622,0.9798767,0.97348624,0.96896595,0.97142345,0.9280818,0.98465073,0.986434,0.96984524,0.9840503,0.9860989,0.984012,0.9737507,0.98292285,0.9752195,0.9820346,0.97306913,0.94769824,0.9889172,0.96976113,0.9788738,0.9801832,0.9872866,0.9701621,0.98186976,0.9750926,0.9628534,0.93709755,0.94525564,0.9806558,0.95259887,0.98368293,0.95521516,0.98645437,0.44964308,0.95044976,0.97630715,0.95392287,0.9777407,0.49973762,0.957144,0.9808695,0.97565955,0.9770124,0.96588784,0.9812182,0.98142123,0.9796132,0.99089247,0.9802989,0.97888947,0.9806936,0.98322594,0.977543,0.98645437,0.9843198,0.9864365,0.97856456,0.97407913,0.9835356,0.9633844,0.9926813,0.9769187,0.9683198,0.9910506,0.95403266,0.9823238,0.9615473,0.9787666,0.9587268,0.9791316,0.9658357,0.9314543,0.9820285,0.44964308,0.97142833,0.6748602,0.97934026,0.96983606,0.9675525,0.9602446,0.96814114,0.9639207,0.95433694,0.97895116,0.9774836,0.96472895,0.98968905,0.98612326,0.97708625,0.9602322,0.9756056,0.81873745,0.98744094,0.98141426,0.9769135,0.93778443,0.9763038,0.9750936,0.971621,0.98854905,0.9856878,0.9434587,0.9852113,0.986187,0.97206527,0.95803386,0.9500655,0.9845198,0.9804024,0.9030752,0.9395147,0.9527612,0.9809278,0.9582998,0.962486,0.93405926,0.97556037,0.98405087,0.9811657,0.98872155,0.98293835,0.97903746,0.9852113,0.97371805,0.9785295,0.9827191,0.9734905
annabellemovie,0.96526206,0.9817898,0.98724043,0.9623001,0.99132854,0.9574945,0.9723958,0.9782557,0.9875835,0.98416305,0.98106444,0.98915666,0.99999994,0.9876227,0.9851631,0.9831884,0.9822951,0.9782097,0.9678875,0.9791569,0.979909,0.9824182,0.99103117,0.98266214,0.983077,0.48481894,0.97690916,0.98012406,0.98538005,0.9825529,0.98159,0.9818321,0.98147655,0.9532376,0.8666134,0.7849038,0.9784958,0.99041605,0.9745626,0.97180027,0.9753988,0.97629213,0.9380525,0.9882212,0.9891558,0.9717653,0.9885406,0.9896771,0.9915813,0.9782218,0.9854085,0.9782778,0.97598994,0.9784018,0.9458495,0.9915236,0.97869396,0.988945,0.98556745,0.99376106,0.9708955,0.98506457,0.98245674,0.97609556,0.934919,0.965034,0.9819933,0.95506203,0.98366106,0.954606,0.99443644,0.3520179,0.94451475,0.9815582,0.9367694,0.97049177,0.40847188,0.9635224,0.9762124,0.96581656,0.982936,0.9639626,0.9810209,0.9720272,0.99040353,0.9855818,0.97657716,0.9865432,0.9904715,0.9812342,0.9894325,0.99443644,0.99155974,0.99834514,0.98795205,0.9826448,0.982159,0.96269435,0.9895293,0.98157215,0.9768214,0.98783845,0.9568877,0.9947061,0.9718209,0.9785934,0.96857446,0.9897386,0.9756296,0.9379681,0.99273825,0.3520179,0.9738371,0.65887684,0.97702444,0.96980214,0.9756372,0.9483333,0.97497517,0.9619251,0.96782595,0.97957236,0.9727019,0.96191466,0.98433906,0.9921671,0.9797358,0.9545916,0.977322,0.8279059,0.98401105,0.97885466,0.97713166,0.9500413,0.98573035,0.9705763,0.9804817,0.98420274,0.98982495,0.9492976,0.9875835,0.98958045,0.9815604,0.96160007,0.958366,0.9846226,0.9906559,0.90420717,0.9506339,0.97241175,0.9716344,0.961274,0.96973276,0.9375353,0.9860933,0.9920895,0.9802389,0.99460256,0.9895446,0.96369416,0.9875835,0.97214895,0.9808674,0.98732734,0.9788189
annamovie,0.98747134,0.98586166,0.9931816,0.95828086,0.9905622,0.94877577,0.9878032,0.99491477,0.99481136,0.9916607,0.98986757,0.9790355,0.9876227,1.0000001,0.9857551,0.9755643,0.98677707,0.9909892,0.9894152,0.9898901,0.97951585,0.9763016,0.9942051,0.98636055,0.96527636,0.44780147,0.9864408,0.9942494,0.9864197,0.9792467,0.9949811,0.9888876,0.99317795,0.96829826,0.8543578,0.8026178,0.97534966,0.99252516,0.9850412,0.965598,0.99273926,0.9893044,0.9533598,0.99589634,0.991519,0.98786473,0.99358827,0.9942524,0.98749685,0.9898507,0.9848632,0.9797295,0.96033555,0.9908861,0.9546845,0.9868064,0.9854141,0.9834319,0.98650485,0.99493533,0.9846089,0.9799168,0.96413326,0.99496216,0.92944854,0.9784901,0.9858798,0.9631491,0.9893785,0.96649206,0.9929151,0.27179345,0.92437685,0.9979576,0.9107397,0.9696141,0.33874923,0.9813881,0.9884276,0.94831115,0.9935166,0.97891587,0.99320513,0.9630294,0.9843312,0.9845161,0.9772804,0.9759698,0.991407,0.9913221,0.9932239,0.9929151,0.9860639,0.98946416,0.98731416,0.9862327,0.98796,0.98449224,0.9909769,0.99296755,0.98141104,0.9840091,0.96864665,0.99384516,0.9929165,0.9808521,0.9902466,0.992827,0.95424205,0.9454301,0.9970908,0.27179345,0.9899114,0.6534523,0.99226373,0.9921968,0.9926896,0.9195942,0.9934499,0.9849553,0.987659,0.97348255,0.9885587,0.94153583,0.9880121,0.9866902,0.99160194,0.95647544,0.9872695,0.85879904,0.98017585,0.9878061,0.97270465,0.9638359,0.9886017,0.967045,0.98550856,0.9799223,0.9893955,0.98089457,0.99481136,0.98798096,0.9820735,0.9870132,0.9787469,0.9822546,0.996023,0.9109803,0.98299897,0.9702047,0.9867779,0.9846716,0.9764462,0.9588438,0.9791716,0.9969727,0.9881479,0.98342955,0.99256325,0.9744993,0.99481136,0.9830046,0.98929185,0.9894924,0.97205025
apollo11movie,0.98276764,0.9921195,0.98811173,0.95290923,0.9873284,0.96445316,0.9912597,0.9810978,0.99276614,0.9761614,0.99365,0.9839964,0.9851631,0.9857551,1.0000001,0.98878336,0.9888922,0.98779273,0.9729005,0.99412364,0.9863486,0.9729916,0.9921459,0.9868836,0.97829276,0.46441984,0.9758398,0.9902719,0.98368335,0.9852788,0.98131305,0.99199444,0.97392017,0.9510423,0.81981105,0.7749435,0.9838639,0.9789179,0.9894152,0.97698975,0.973063,0.98225623,0.95376515,0.99160516,0.9947836,0.9713112,0.9870275,0.98522127,0.9923403,0.98657525,0.9798703,0.98584825,0.9757971,0.9720091,0.9341302,0.9819142,0.98315126,0.9794599,0.98748696,0.9857159,0.95871055,0.9834089,0.97129035,0.981508,0.9526513,0.94943434,0.9865029,0.9709823,0.9957489,0.94545555,0.98895544,0.32680878,0.9031733,0.98901,0.9144528,0.97352517,0.38417637,0.9665159,0.98052645,0.948549,0.9926967,0.96597517,0.9891158,0.9595454,0.97234243,0.9898775,0.9701444,0.9882793,0.9801173,0.98359525,0.987892,0.98895544,0.98332006,0.9829988,0.98059833,0.9976647,0.98774093,0.97918683,0.995303,0.9814076,0.9673812,0.9925461,0.9537253,0.98153484,0.97093415,0.97400707,0.98342615,0.989493,0.97030425,0.9442642,0.9870477,0.32680878,0.9852007,0.61568075,0.99107593,0.97983205,0.98498565,0.92864966,0.98729503,0.9863613,0.9760061,0.97991824,0.9776493,0.9638548,0.99218595,0.9901902,0.9820518,0.9529504,0.9918114,0.83002335,0.99175036,0.99573106,0.9861603,0.9454657,0.9724762,0.97828364,0.9873346,0.9892108,0.98473,0.9583343,0.99276614,0.987562,0.96709394,0.97468215,0.97528976,0.98968923,0.98258895,0.87015545,0.96400535,0.9688022,0.98608005,0.9735767,0.9650066,0.9337139,0.9684782,0.990036,0.98946893,0.9912555,0.9918154,0.98343617,0.99276614,0.96749955,0.9868763,0.9931279,0.96161443
arcticdogsmovie,0.9728834,0.986199,0.9737287,0.9597513,0.9832637,0.9456201,0.9730632,0.96243155,0.9874515,0.97794443,0.9779511,0.9801551,0.9831884,0.9755643,0.98878336,1.0,0.98569435,0.9640188,0.95175683,0.98511875,0.9906368,0.9488648,0.9846596,0.9901795,0.99090993,0.44914827,0.96585,0.98427784,0.9641768,0.99105436,0.96228355,0.9850476,0.9621724,0.91938055,0.78401333,0.7278618,0.9859753,0.9796435,0.98265517,0.9810389,0.9524434,0.96071106,0.9143558,0.98224247,0.99033993,0.95128036,0.9721306,0.9827945,0.98842067,0.96938205,0.96205926,0.9895961,0.9801156,0.9650398,0.9315338,0.9915598,0.9812011,0.9787043,0.9852399,0.97446525,0.9335162,0.9887147,0.9891318,0.967974,0.9628445,0.9257158,0.9800111,0.973682,0.98583686,0.93336457,0.98297894,0.35036787,0.91190386,0.97664183,0.900956,0.98728055,0.39661047,0.957594,0.96782434,0.9433161,0.9787398,0.9482487,0.96719694,0.938907,0.97396624,0.97575974,0.9549964,0.99446785,0.9682333,0.9723308,0.97909725,0.98297894,0.9757015,0.97527236,0.9723746,0.9850051,0.98274785,0.9655814,0.9812591,0.96220213,0.96326655,0.98965967,0.921769,0.97710973,0.96372837,0.95282495,0.9690898,0.98789036,0.98852533,0.93209213,0.985688,0.35036787,0.9625235,0.57856065,0.9740399,0.96619713,0.98148626,0.90202343,0.9728625,0.9603607,0.9505754,0.9903652,0.9674404,0.9412567,0.9881431,0.98558646,0.96749383,0.9229988,0.9855222,0.7646289,0.9943111,0.989581,0.99619246,0.926618,0.9677187,0.99443895,0.9933732,0.9859916,0.98396754,0.9382615,0.9874515,0.970182,0.96617913,0.95709336,0.9394965,0.9903819,0.9675003,0.8335111,0.94672817,0.9838172,0.96924907,0.9429052,0.96086293,0.95287967,0.95622087,0.98358965,0.98235434,0.9864038,0.9866011,0.975585,0.9874515,0.96074176,0.98759335,0.98029894,0.94295526
arcticmovie,0.9856308,0.9962622,0.9875891,0.96359354,0.9809483,0.97532284,0.9900548,0.9874468,0.9945785,0.98660797,0.9910109,0.9890088,0.9822951,0.98677707,0.9888922,0.98569435,0.9999999,0.98011965,0.9811361,0.9910128,0.99273527,0.9702686,0.98940384,0.99125755,0.98571074,0.52181727,0.96504134,0.9891457,0.9857085,0.9942245,0.98634475,0.9954699,0.9764271,0.9555512,0.853382,0.81781745,0.9787256,0.9847029,0.9955302,0.98230195,0.9782287,0.97347426,0.9356471,0.9884504,0.9959444,0.9811652,0.9845022,0.99547106,0.9895787,0.97864413,0.9812224,0.98836124,0.9813944,0.98812157,0.9529055,0.98771524,0.9823919,0.96800864,0.9916198,0.9819416,0.9649933,0.9817091,0.9719077,0.9808584,0.9446489,0.9519272,0.9954726,0.97298473,0.99004686,0.9670504,0.985911,0.38106772,0.9354875,0.9885225,0.9283522,0.99054444,0.44149783,0.9832317,0.99451286,0.9670228,0.9889015,0.98044175,0.9857471,0.96988523,0.97353226,0.9867028,0.97951955,0.9872774,0.9752626,0.9930926,0.981204,0.985911,0.9814414,0.98140246,0.98134106,0.9851414,0.9937429,0.9875551,0.9908207,0.98192054,0.9762794,0.99618685,0.9590705,0.98128647,0.9818626,0.97701466,0.9799805,0.9889032,0.95810103,0.9569319,0.9875662,0.38106772,0.9738049,0.67579204,0.9857255,0.9872473,0.98916,0.92941296,0.98368835,0.98132503,0.964873,0.97392684,0.9873896,0.9497709,0.9916147,0.98932904,0.98995054,0.964621,0.9844356,0.8410915,0.9947541,0.99225426,0.98643965,0.9570341,0.96540684,0.98765796,0.98410076,0.98632747,0.9861282,0.96640366,0.9945785,0.9818444,0.97958505,0.98171526,0.9646053,0.99116147,0.9797372,0.8998136,0.9690265,0.9595703,0.9915124,0.9706563,0.97171307,0.9588181,0.9724942,0.98671514,0.9933331,0.982345,0.9833668,0.9763731,0.9945785,0.99033296,0.99450195,0.9853658,0.9695589
artofracingmovie,0.9802946,0.9860249,0.9865825,0.9263889,0.9837121,0.95847785,0.9908751,0.98959404,0.98600364,0.97829,0.99007404,0.973845,0.9782097,0.9909892,0.98779273,0.9640188,0.98011965,1.0,0.9852301,0.987424,0.96386194,0.9808831,0.9860003,0.96915317,0.9495389,0.42420816,0.98690844,0.9827948,0.98243296,0.96843624,0.99292,0.98433274,0.9915435,0.9603986,0.8522913,0.80038583,0.9582668,0.9718173,0.9813472,0.9512138,0.98440593,0.99750555,0.97812647,0.99426365,0.9832785,0.9804717,0.9867742,0.981508,0.9849985,0.99757504,0.9765395,0.9659315,0.9598312,0.9744194,0.91951716,0.9695589,0.97161263,0.97263104,0.9724021,0.9869044,0.980453,0.95960504,0.9411947,0.9921662,0.92262274,0.98066723,0.9839121,0.94872195,0.99017286,0.9429045,0.98095286,0.26588354,0.89197797,0.9923127,0.89776385,0.94970924,0.32699293,0.96666396,0.98132044,0.9368721,0.9870004,0.9674664,0.99790174,0.96322274,0.9605074,0.9864415,0.9663473,0.9688898,0.9910485,0.9877375,0.9921147,0.98095286,0.9738634,0.9825467,0.9701972,0.9893444,0.9740153,0.9839849,0.99326146,0.98608816,0.96019506,0.9787598,0.96252006,0.97852796,0.9750124,0.9720276,0.98039854,0.9876718,0.94239306,0.9305148,0.98319215,0.26588354,0.9874862,0.6300343,0.9958391,0.9880813,0.9804785,0.9300973,0.9843246,0.9917083,0.995987,0.95495576,0.9735378,0.95791864,0.9776946,0.9861484,0.9927413,0.95559764,0.987541,0.88494265,0.97315264,0.9828364,0.96018237,0.94649965,0.97652626,0.951334,0.9693722,0.9745046,0.9718187,0.96963793,0.98600364,0.98443854,0.96133435,0.9817979,0.992088,0.9734691,0.98753476,0.91075367,0.98281527,0.9477515,0.98777175,0.9946865,0.9525343,0.928173,0.9668026,0.9894985,0.9874339,0.97406554,0.98266965,0.97497654,0.98600364,0.97009027,0.9784999,0.9926218,0.9621344
avengers,0.9898383,0.9795145,0.9879497,0.9490859,0.9636617,0.9512442,0.98881304,0.996195,0.98685294,0.9705572,0.98989373,0.9616682,0.9678875,0.9894152,0.9729005,0.95175683,0.9811361,0.9852301,1.0,0.98522985,0.97148603,0.9673331,0.9761278,0.9718431,0.94909954,0.4968561,0.96351296,0.98374516,0.9840972,0.9697037,0.99409187,0.98594,0.9834676,0.9803766,0.87747246,0.8672824,0.96219873,0.97543824,0.9846688,0.9632019,0.994585,0.9755496,0.9465431,0.981221,0.982673,0.99694586,0.98029566,0.98796535,0.9772139,0.97698283,0.97893876,0.9730908,0.93923926,0.993211,0.9523788,0.96433824,0.9781636,0.94877154,0.9771883,0.9785473,0.9811616,0.9568775,0.9406767,0.9911442,0.9204271,0.97420484,0.98383826,0.9628641,0.98059857,0.9765069,0.9801972,0.26777613,0.92095333,0.99142116,0.90818644,0.9600391,0.35112315,0.993081,0.99366397,0.95268315,0.989659,0.9923089,0.98961735,0.96698785,0.9637554,0.9717751,0.9817185,0.9624925,0.9739057,0.9925798,0.9738024,0.9801972,0.9780264,0.9764514,0.97880965,0.9777298,0.98343796,0.99030554,0.9782068,0.985719,0.9822889,0.9767121,0.9804259,0.9795999,0.9893247,0.9790855,0.9884323,0.97979116,0.9151529,0.96951026,0.98213756,0.26777613,0.9770095,0.7138459,0.9801049,0.9944046,0.9867879,0.9137676,0.98758346,0.98971826,0.98019296,0.9457855,0.9868875,0.9233964,0.9743574,0.9725478,0.9927676,0.972998,0.9670386,0.8944258,0.969005,0.97369385,0.95575035,0.98294026,0.9606616,0.95159394,0.96669596,0.96851015,0.9761423,0.9934019,0.98685294,0.9746813,0.9817203,0.9946305,0.98695457,0.97432077,0.98337704,0.93177646,0.9884485,0.9353968,0.9893712,0.99096054,0.9770352,0.94125915,0.9785031,0.9829042,0.9781431,0.96496224,0.97091764,0.9526594,0.98685294,0.99025273,0.9837958,0.9749828,0.9741105
beachbummovie,0.99367595,0.992615,0.99065113,0.9584641,0.98081964,0.9580153,0.99448013,0.98578846,0.99691546,0.9779546,0.99553514,0.9760189,0.9791569,0.9898901,0.99412364,0.98511875,0.9910128,0.987424,0.98522985,1.0000001,0.9896835,0.9630424,0.9881633,0.9886544,0.9733731,0.46153143,0.97272605,0.99347526,0.9810183,0.9898937,0.98478615,0.9961259,0.9801644,0.95419204,0.81595874,0.79341155,0.9852742,0.9801794,0.9971169,0.98104084,0.9785217,0.97930574,0.9418004,0.9911228,0.99451965,0.9824881,0.9828348,0.99035573,0.9939298,0.98530495,0.9740643,0.9913194,0.9664009,0.9824411,0.94122744,0.9823176,0.98672,0.969522,0.9876061,0.98129576,0.9622572,0.97646415,0.9692066,0.9895392,0.95992446,0.9528157,0.988213,0.97889537,0.9974553,0.9536431,0.98798674,0.29715002,0.9064891,0.9942173,0.90369326,0.9803259,0.36166415,0.98266476,0.9880655,0.94876593,0.99448115,0.9775585,0.99073094,0.95547277,0.97039187,0.98573995,0.97409356,0.98826665,0.97893715,0.9916434,0.9843225,0.98798674,0.983681,0.9800186,0.97917944,0.9953881,0.9907851,0.9928383,0.9899921,0.980537,0.9773319,0.9918986,0.9573583,0.9816938,0.98097456,0.9694107,0.9902984,0.99295306,0.9568949,0.9590389,0.990801,0.29715002,0.98063076,0.6263738,0.9899862,0.9916812,0.99308044,0.91117495,0.9904394,0.9915748,0.97813046,0.977346,0.9859802,0.9418633,0.9912482,0.98820305,0.9896806,0.9521298,0.98973644,0.8315319,0.99062204,0.99354786,0.98424697,0.96063,0.96971834,0.9820549,0.98830956,0.98957896,0.98593265,0.97727,0.99691546,0.97878116,0.97814226,0.9848042,0.9802564,0.993098,0.9805652,0.87575346,0.9797901,0.9631454,0.9915798,0.98156506,0.97531897,0.9443082,0.9710231,0.9920635,0.99160707,0.98246896,0.98607206,0.97957814,0.99691546,0.9788377,0.9963121,0.99038523,0.9579868
bernadettefilm,0.98349005,0.9871931,0.9844841,0.9814236,0.9737441,0.9598063,0.98075026,0.976058,0.9927758,0.9748604,0.98583853,0.9801838,0.979909,0.97951585,0.9863486,0.9906368,0.99273527,0.96386194,0.97148603,0.9896835,1.0,0.95513964,0.9852131,0.9951389,0.9920044,0.5343653,0.95079416,0.9886512,0.9794894,0.9952218,0.97249657,0.9914504,0.95995957,0.950632,0.8238138,0.80139744,0.99304247,0.9851991,0.9919195,0.9925093,0.96834713,0.953869,0.90624994,0.9775331,0.994786,0.9739819,0.978183,0.9911726,0.9875664,0.96126723,0.9768318,0.99573594,0.9723152,0.9835337,0.96393824,0.9872262,0.9858098,0.9652636,0.99504274,0.9749849,0.9472479,0.9891355,0.98576075,0.9705981,0.95838434,0.92831856,0.9845502,0.98254967,0.9854185,0.9668705,0.98734975,0.3757088,0.93723494,0.9813799,0.9291958,0.9954933,0.44168973,0.9825399,0.98597825,0.9648073,0.98834753,0.97761047,0.97238857,0.9560198,0.9801823,0.9782959,0.9782001,0.99116075,0.9620691,0.98282903,0.97013795,0.98734975,0.985686,0.97663265,0.98613846,0.9831908,0.9963489,0.978512,0.9803096,0.97395444,0.9829143,0.99384654,0.953638,0.98098105,0.9776722,0.97248197,0.98117214,0.98331916,0.9631181,0.968385,0.9870622,0.3757088,0.96664476,0.66741025,0.971974,0.97652,0.9875372,0.91333544,0.9824297,0.970949,0.9473999,0.98380417,0.98640764,0.9356383,0.9922658,0.9819276,0.9751491,0.95537984,0.9760367,0.7978393,0.9942751,0.98966974,0.9916247,0.9631423,0.95908123,0.9931527,0.9898458,0.9877411,0.99082214,0.96285254,0.9927758,0.97578824,0.9847131,0.9721691,0.95115215,0.9943482,0.9731028,0.86797595,0.9540493,0.9681097,0.9802055,0.9522818,0.9835226,0.9525767,0.9738315,0.98238796,0.98332083,0.9865322,0.9820497,0.96742535,0.9927758,0.9816679,0.9939915,0.97709227,0.96450055
