movie,21bridgesmovie,47metersdown,abeautifuldaymovie,abominablemovie,adastramovie,adogsjourneymovie,aftermathmovie,aftermovie,ahiddenlifefilm,alitamovie,angelhasfallen,angrybirdsmovie,annabellemovie,annamovie,apollo11movie,arcticdogsmovie,arcticmovie,artofracingmovie,avengers,beachbummovie,bernadettefilm,blackandbluemovie,blackchristmas,blindedbythelightmovie,bombshellmovie,booksmart,breakthroughmovie,brianbanksmovie,brightburnmovie,brittanyrunsmov,captainmarvelofficial,captivestatemovie,catsmovie,charliesangels,childsplaymovie,clarathefilm,coldpursuitmovie,countdown,currentwarmovie,darkwatersmovie,detectivepikachumovie,disneyaladdin,disneyfrozen,disneymaleficent,doctorsleepmovie,dolemiteismyname,dontletgomovie,doramovie,downtonabbey_official,dumbo,escaperoom,everybodyknowsmovie,fastandfuriousmovie,fightingwmyfam,fivefeetapartfilm,fordvferrari,freaksthefilm,geminimanmovie,glassmovie,gloriabellmovie,godzillamovie,goldfinchmovie,goodboysmovie,goodliarmovie,gretafilm,halathemovie,happydeathdaymovie,harrietfilm,hellboymovie,hersmellmovie,highlifemovie,highstrungmovie,honeyboymovie,hotelmumbaifilm,httydragon,hustlemovie,hustlersmovie,isntitromantic,itmovieofficial,jayandsilentbob,johnwickmovie,jojorabbitmovie,jokermovie,judythefilm,jumanjimovie,justmercyfilm,knivesout,lalloronamovie,lastblackmansf,lastchristmasthemovie,latenightmovie,lighthousemovie,lionking,littlethemovie,littlewomenmovie,littlewoodsfilm,longshotmovie,lordsofchaosmovie,lucyintheskyfilm,mamovie2019,marriagestory,meettheaddams,meninblack,midsommarmovie,midwaymovie,missbalamovie,missinglinkfilm,motherlessbklyn,onceinhollywood,onthebasisofsex,overcomermovie,peanutbutterfalcon,petsematarymovie,piercingmovie,playingwithfire,playmobilthemovie,pomsmovie,queenandslim,rambomovie,readyornotfilm,richardjewellfilm,rocketmanmovie,scarystoriesmovie,secretlifeofpets,serenityfilm,shaftmovie,shazammovie,spidermanmovie,spiesindisguise,starwars,stormboymovie,stubermovie,taosdfilm,teenspiritmov,terminator,theaeronautsmov,thebestofenemies,thedeaddontdie,thefarewell,thehighwaymen,thehummingbirdprojectfilm,theintrudermovie,theirishmanfilm,thekitchenmovie,thelegomovie,themustangfilm,thenightingalefilm,theprodigymovie,thesunisalsoastar,theupsidefilm,tolkienmovie,toystory,triplefrontier,uglydolls,uncutgems,underthesilverlake,usmovie,wavesmovie,whatmenwant,wonderparkmovie,wrinklestheclown,xmenmovies,yardiefilm,yesterdaymovie,zombieland
21bridgesmovie,0.9999999,0.945033,0.9704699,0.9513001,0.9697065,0.9660382,0.9787158,0.9743065,0.9849496,0.96448433,0.96095926,0.9463981,0.97781265,0.9789954,0.97478354,0.9448246,0.97413564,0.97171587,0.97794336,0.9721128,0.98386353,0.97287446,0.97856027,0.9679493,0.951025,0.85341865,0.964406,0.9685377,0.9647372,0.94408655,0.9516939,0.9644205,0.955014,0.93296415,0.9521773,0.9018575,0.9636686,0.9698902,0.9748552,0.970614,0.9495779,0.9708838,0.95742506,0.9667274,0.97116977,0.9744497,0.97722626,0.9761423,0.9580775,0.97006404,0.95613426,0.9750352,0.96727127,0.96746725,0.9542902,0.9644146,0.96869516,0.9741018,0.97408175,0.977859,0.952216,0.9718424,0.9610866,0.9731728,0.9616112,0.96497107,0.9648826,0.95422536,0.9612649,0.9611571,0.9768182,0.73728657,0.9517027,0.9621363,0.9538619,0.9480719,0.8327009,0.9458869,0.9722184,0.9684472,0.94142425,0.96036536,0.9735471,0.9707407,0.9580521,0.9382959,0.95362467,0.9779057,0.93769175,0.96840715,0.95141435,0.9768182,0.9513236,0.9558596,0.94599813,0.9724586,0.9539608,0.9714878,0.9646568,0.9644426,0.9691256,0.96894854,0.96163493,0.9793833,0.9736254,0.9621512,0.97253644,0.9761658,0.9313975,0.95698804,0.97943795,0.8589897,0.9752014,0.8488034,0.97116834,0.980906,0.9942551,0.9574836,0.9665055,0.97708344,0.9655022,0.9751764,0.9780162,0.9709727,0.98174655,0.95939285,0.9699371,0.94944954,0.9714697,0.8983581,0.9714692,0.97652197,0.9763256,0.93665224,0.9775648,0.9470725,0.9852053,0.9638975,0.9746181,0.9630187,0.9849496,0.96105915,0.9594778,0.9630482,0.95046246,0.9730947,0.96206385,0.9610374,0.9661679,0.974251,0.9783456,0.98265886,0.9637085,0.92472583,0.94612503,0.98285997,0.97342485,0.9727904,0.9704386,0.96287364,0.9849496,0.94648796,0.96014816,0.9705702,0.96103555
47metersdown,0.945033,1.0,0.9456991,0.925388,0.9407854,0.9555397,0.9634201,0.9551598,0.96392196,0.9332204,0.9428547,0.94119424,0.92911536,0.957312,0.96458703,0.9605419,0.9237766,0.93359375,0.9147476,0.94296765,0.9560244,0.9397433,0.9519289,0.9636111,0.94337654,0.7561439,0.9366355,0.926434,0.95655507,0.92650336,0.9066273,0.917654,0.9525304,0.9335969,0.88950276,0.8346595,0.9633615,0.9412555,0.9481113,0.9516596,0.92057407,0.9477451,0.9032659,0.92141616,0.94809484,0.93429387,0.94445455,0.9566943,0.96785706,0.93118083,0.95129335,0.95446455,0.9163634,0.9450165,0.94532394,0.95398676,0.9626688,0.96387726,0.952514,0.9242806,0.91518915,0.9485831,0.94853365,0.9454652,0.91735876,0.9443102,0.9358997,0.96091014,0.94394004,0.92308074,0.9374642,0.7210043,0.93559307,0.9330645,0.8698818,0.91854894,0.8539371,0.95685905,0.9500858,0.9443577,0.9155598,0.9622083,0.93960744,0.947981,0.91173965,0.93698764,0.92950195,0.9440977,0.9366356,0.9543037,0.9286526,0.9374642,0.9144218,0.9528361,0.9515583,0.95818305,0.9333847,0.93864185,0.95919293,0.9236747,0.94728696,0.9321476,0.93282187,0.95474845,0.96186966,0.94303286,0.9676491,0.954747,0.9389128,0.9607545,0.9468758,0.8572202,0.9522898,0.7810405,0.92926633,0.94751173,0.95228624,0.9242976,0.952229,0.9573389,0.94543,0.9606541,0.96749765,0.96259356,0.9386076,0.9419182,0.9420243,0.9198722,0.9314964,0.8248343,0.9490705,0.94373584,0.945821,0.9041122,0.9669308,0.93546724,0.9486577,0.9472174,0.9412502,0.93374574,0.96392196,0.9233772,0.93420565,0.93124205,0.9475654,0.9548156,0.9295472,0.917717,0.9509572,0.9499619,0.9524112,0.9359735,0.9632268,0.90671945,0.9189966,0.95916975,0.94744587,0.9406014,0.9595981,0.94889873,0.96392196,0.9417391,0.95318246,0.95217854,0.9613162
abeautifuldaymovie,0.9704699,0.9456991,0.99999994,0.9480778,0.9799095,0.95446736,0.961527,0.9814781,0.9848584,0.9806807,0.95244014,0.98662114,0.96689034,0.9721578,0.9689564,0.96005034,0.9671611,0.96668595,0.9413529,0.9714174,0.9763353,0.98358065,0.9705529,0.9656868,0.9695142,0.8028947,0.97300327,0.964976,0.9746903,0.9484574,0.9326295,0.96908265,0.94464666,0.96992993,0.9395123,0.8625673,0.9755674,0.95361966,0.96760976,0.9737543,0.9725601,0.9732349,0.9437591,0.9696582,0.9727045,0.9677681,0.9678964,0.9725636,0.972395,0.97441614,0.9894207,0.9770097,0.9617316,0.9647188,0.9569079,0.9733254,0.9739291,0.97296095,0.97592646,0.94948924,0.9654611,0.9717711,0.9577832,0.9683633,0.9500458,0.9594994,0.9677369,0.9721593,0.950755,0.94449437,0.9588042,0.7027026,0.95071244,0.9609177,0.9349881,0.9512459,0.82376254,0.966985,0.9738244,0.9490696,0.9481535,0.9675248,0.9739644,0.9772713,0.9705311,0.93632865,0.9545672,0.9679688,0.91599905,0.9785184,0.9674076,0.9588042,0.96170485,0.95425487,0.9773364,0.9711966,0.96025044,0.95539635,0.9545977,0.962758,0.95124745,0.95688,0.9641538,0.9675135,0.96076787,0.99106944,0.96938264,0.9820862,0.9642213,0.964013,0.972172,0.87116194,0.9789768,0.824575,0.97669065,0.9715777,0.98119086,0.947885,0.9629742,0.9603492,0.9697618,0.9681991,0.9718976,0.96538305,0.966736,0.97100955,0.96552044,0.9649202,0.963818,0.8853833,0.9638825,0.97762394,0.9751538,0.9461011,0.9834911,0.95119965,0.97858375,0.9654408,0.965062,0.9512983,0.9848584,0.97916085,0.9454165,0.9758115,0.9530422,0.9714593,0.9355203,0.96515644,0.97434634,0.9654709,0.95185375,0.98337907,0.9745421,0.90136325,0.9387148,0.972196,0.9674174,0.9588435,0.9702483,0.96732956,0.9848584,0.9647767,0.94822204,0.974143,0.9853227
abominablemovie,0.9513001,0.925388,0.9480778,0.99999994,0.9642791,0.9334147,0.95418745,0.95591587,0.96014863,0.92269456,0.9113729,0.93636245,0.95236886,0.9524007,0.9511709,0.9193442,0.950118,0.9681026,0.9340123,0.9590758,0.95457715,0.9608101,0.9484322,0.9503771,0.9268865,0.82774174,0.94340223,0.9267739,0.9725052,0.94335234,0.91374594,0.938233,0.91981214,0.9496113,0.9352677,0.8837705,0.95968527,0.94469,0.9470099,0.9385247,0.90886724,0.95928496,0.9529928,0.94855034,0.9490884,0.9546201,0.94594467,0.9543802,0.92311287,0.9513141,0.96077573,0.9532996,0.9052179,0.921699,0.95178735,0.9469912,0.93847674,0.94736534,0.9443592,0.94782186,0.9225257,0.9583675,0.94010097,0.94896483,0.93633974,0.92078996,0.95199496,0.94751084,0.91984177,0.895903,0.9478566,0.71284044,0.9103528,0.94032574,0.9174013,0.94211894,0.8407373,0.94028145,0.9345962,0.9274209,0.8968492,0.9696144,0.94550264,0.95435905,0.9448893,0.9168942,0.96904415,0.9414946,0.89348584,0.95640373,0.9241441,0.9478566,0.92302954,0.92098236,0.9513391,0.9309296,0.9168761,0.94872504,0.94505554,0.926532,0.94769925,0.9416564,0.9572268,0.9566879,0.93476063,0.9552688,0.96180373,0.9630066,0.9043227,0.9442069,0.9570869,0.84550935,0.9581144,0.8473171,0.949728,0.9417412,0.9520442,0.907235,0.9474156,0.9448989,0.9432862,0.94130635,0.95302474,0.9491968,0.9461117,0.9287978,0.9238497,0.94358003,0.9442701,0.8697494,0.9504327,0.96384317,0.94028986,0.9125451,0.9439678,0.9381059,0.9359807,0.95649594,0.9357817,0.94450206,0.96014863,0.9565856,0.9396726,0.9458829,0.92757577,0.956291,0.9465103,0.94682163,0.94269884,0.954398,0.9535817,0.94138575,0.94627076,0.9012568,0.95054436,0.9596278,0.94033307,0.9381263,0.94120806,0.938117,0.96014863,0.9395707,0.93451965,0.9279798,0.9555372
adastramovie,0.9697065,0.9407854,0.9799095,0.9642791,1.0,0.9579125,0.9716333,0.9801207,0.98541236,0.9693934,0.9529849,0.976146,0.9681456,0.9741321,0.96638703,0.95372033,0.97983915,0.985918,0.9501227,0.974446,0.97591734,0.98084205,0.97888786,0.96196616,0.97181594,0.8191868,0.97286075,0.9689822,0.9728709,0.9538338,0.94235444,0.9697255,0.9442901,0.9599103,0.95081955,0.88238984,0.9716753,0.95602405,0.97162664,0.97470015,0.96718246,0.97582656,0.95065004,0.97175884,0.9783843,0.9791321,0.9763922,0.9756642,0.9629352,0.96978617,0.9771232,0.98276246,0.96089,0.96541804,0.9603616,0.97842014,0.96952564,0.970695,0.9711879,0.95721644,0.95844454,0.97737545,0.9626838,0.9669752,0.96390975,0.96062815,0.97732013,0.97709155,0.9641005,0.93384445,0.9642724,0.68520606,0.9469649,0.96358037,0.9441846,0.9487973,0.83434725,0.95967776,0.9629843,0.9569269,0.9451414,0.96897703,0.9766551,0.9768883,0.9757535,0.9484934,0.96679085,0.9683057,0.9194358,0.9711916,0.9633925,0.9642724,0.9516736,0.95237213,0.9696159,0.96671295,0.9622705,0.9629686,0.9692586,0.97432977,0.9624955,0.96930605,0.9579136,0.9719503,0.95895547,0.97806174,0.9713394,0.9864417,0.94305855,0.97174317,0.9787018,0.8725991,0.9808098,0.84306246,0.9811659,0.97575516,0.98073536,0.955349,0.9652088,0.9668776,0.9770039,0.97127706,0.9734473,0.9632424,0.97252744,0.9652936,0.96509093,0.94899994,0.96661645,0.8755064,0.97982955,0.98517305,0.97703505,0.9432434,0.98140955,0.9533183,0.97197205,0.9726163,0.9704942,0.9615354,0.98541236,0.979406,0.9625447,0.97110504,0.94953203,0.9674589,0.94231445,0.9782742,0.97258455,0.9707302,0.9709928,0.97447133,0.9795843,0.9123667,0.95576334,0.9748903,0.96793795,0.95746905,0.9677982,0.969214,0.98541236,0.9696454,0.9406973,0.9721667,0.9713651
adogsjourneymovie,0.9660382,0.9555397,0.95446736,0.9334147,0.9579125,1.0,0.9700519,0.96738493,0.9766686,0.955933,0.9522652,0.9469609,0.9694722,0.9623851,0.95998895,0.93861866,0.9675681,0.9648562,0.94703716,0.9508733,0.9575877,0.97213626,0.9640838,0.973599,0.9652009,0.82306594,0.962999,0.9672404,0.9578294,0.9570432,0.927279,0.9530418,0.9455825,0.9265423,0.9489433,0.8385574,0.95732266,0.96123886,0.9631311,0.96167505,0.9417922,0.9582136,0.9255043,0.9447685,0.9660464,0.94410884,0.9652028,0.94934535,0.9648622,0.9485614,0.94607073,0.9630128,0.95088565,0.96086526,0.9472431,0.9706854,0.9641492,0.9739648,0.9640673,0.9410753,0.95154494,0.9742565,0.96679455,0.96676636,0.93335503,0.9516381,0.95091534,0.94822353,0.95241684,0.9371531,0.9527459,0.6829734,0.9678398,0.96231985,0.9223744,0.9269923,0.8352385,0.95986027,0.96301204,0.9668376,0.92938113,0.95488554,0.9555989,0.96828955,0.9380899,0.9292426,0.94299585,0.97205913,0.93588924,0.9581972,0.9614304,0.9527459,0.9391355,0.97468925,0.93527037,0.9664579,0.9656626,0.95052063,0.9578823,0.94784516,0.9305447,0.97992146,0.9628064,0.9567834,0.9636286,0.9503472,0.956925,0.9591125,0.94896805,0.9584064,0.9604036,0.82067865,0.9575417,0.7664314,0.9336262,0.96427387,0.9699346,0.96260494,0.96170276,0.96991396,0.9621841,0.9619373,0.96976054,0.9903139,0.95168245,0.9623928,0.9763387,0.9432598,0.9553912,0.8513739,0.9691536,0.96296567,0.9700457,0.94615483,0.9615706,0.9642374,0.97286695,0.9569993,0.9557564,0.93823045,0.9766686,0.95927286,0.92519546,0.95481366,0.9659949,0.95308113,0.9379549,0.9617261,0.9691581,0.9681593,0.9664067,0.9554978,0.9588752,0.9215482,0.9263173,0.97173625,0.96275693,0.9598595,0.96878076,0.9413637,0.9766686,0.94908893,0.962554,0.97306114,0.9584121
aftermathmovie,0.9787158,0.9634201,0.961527,0.95418745,0.9716333,0.9700519,1.0,0.97565734,0.98799723,0.95372236,0.97071296,0.9445516,0.9635514,0.98558015,0.9750115,0.95357156,0.9589037,0.9798082,0.9715057,0.9692821,0.98110133,0.9634833,0.98166674,0.9819002,0.96212244,0.8098547,0.9664707,0.9597729,0.9713646,0.96429443,0.96380204,0.949745,0.9675381,0.93870866,0.94146985,0.88004094,0.9683827,0.9680614,0.96345806,0.95964307,0.94978577,0.98015475,0.94980794,0.9625731,0.983577,0.96867627,0.97930014,0.969932,0.96189207,0.9671959,0.96138275,0.971252,0.95134723,0.97176653,0.9577987,0.96306854,0.9789503,0.9862144,0.97665685,0.9727122,0.9391429,0.97251225,0.97301966,0.98028755,0.9554752,0.9802621,0.95989466,0.9617376,0.9692239,0.959297,0.9797723,0.71930677,0.94236207,0.9681037,0.9279526,0.95185274,0.8596989,0.96120524,0.9704139,0.97259206,0.9566775,0.97665155,0.9741602,0.9716027,0.9579881,0.9535405,0.95677507,0.9688329,0.9608808,0.9746954,0.960533,0.9797723,0.95197076,0.97160184,0.9534719,0.9822475,0.95170426,0.98547715,0.9824222,0.9589764,0.96976954,0.96819246,0.9532066,0.9778074,0.9765405,0.96395314,0.9806345,0.9760562,0.9373008,0.962667,0.98285705,0.8566141,0.9769057,0.8314852,0.9604824,0.9717876,0.9806533,0.95461,0.9833497,0.9933346,0.976193,0.9768579,0.98199224,0.97655714,0.9734746,0.97145706,0.9621055,0.93426085,0.96459335,0.8655517,0.975589,0.9740482,0.97196335,0.93150085,0.978723,0.9596556,0.9794251,0.9648214,0.97593826,0.9634363,0.98799723,0.9513801,0.96301603,0.9555853,0.95632756,0.96736246,0.956609,0.95745,0.9647491,0.9661737,0.98445445,0.9714909,0.9731313,0.9242756,0.96350443,0.9868581,0.9791802,0.96922433,0.9752181,0.95824325,0.98799723,0.95602435,0.9736663,0.97478765,0.9628579
aftermovie,0.9743065,0.9551598,0.9814781,0.95591587,0.9801207,0.96738493,0.97565734,0.9999998,0.9895043,0.966611,0.9566117,0.9742029,0.97613835,0.97290426,0.9811498,0.9633392,0.9739599,0.9702053,0.9507111,0.97894996,0.9779807,0.9766092,0.9742392,0.9756166,0.9630796,0.81261885,0.9699815,0.9660626,0.9732671,0.96527547,0.9476314,0.9632052,0.96221364,0.9626308,0.94884527,0.88047516,0.97913694,0.96972096,0.9769753,0.97777975,0.955995,0.9790195,0.9405737,0.9748144,0.978996,0.96611446,0.97174406,0.97730345,0.9702961,0.976892,0.97398186,0.9763324,0.9595524,0.96448934,0.9709157,0.97680116,0.97386706,0.97792095,0.97854877,0.9685691,0.9570176,0.9824395,0.97626317,0.97264934,0.94237214,0.9706487,0.96336025,0.96701205,0.9709323,0.94427013,0.97507566,0.66608465,0.9487851,0.9679128,0.9301511,0.95047027,0.8665757,0.97416633,0.97476214,0.9572719,0.95005673,0.97589064,0.9676949,0.9711784,0.9734988,0.9475703,0.97079426,0.9802081,0.94325495,0.9812306,0.9739327,0.97507566,0.96257895,0.9666269,0.9696731,0.97733456,0.9647986,0.963473,0.95600355,0.96315503,0.9627424,0.9664105,0.9635357,0.97936404,0.96466494,0.97391325,0.97765803,0.97954047,0.9503937,0.9587049,0.9839008,0.85286874,0.98184264,0.8332879,0.9739239,0.9859357,0.9829863,0.95073,0.9711663,0.9692319,0.96062535,0.9739339,0.9832969,0.9730248,0.97687244,0.97430825,0.9671934,0.9592328,0.96835554,0.87165016,0.9743492,0.98693645,0.9755207,0.93274516,0.9834717,0.9612779,0.9790502,0.96406156,0.9750742,0.95612353,0.9895043,0.9696607,0.95949036,0.9638905,0.9532539,0.9707531,0.94161314,0.97036725,0.9677919,0.97757417,0.97169477,0.9760121,0.9753678,0.9006559,0.96115834,0.9789395,0.9668753,0.96271414,0.9806782,0.97903836,0.9895043,0.96606976,0.96265996,0.97617614,0.97389585
ahiddenlifefilm,0.9849496,0.96392196,0.9848584,0.96014863,0.98541236,0.9766686,0.98799723,0.9895043,1.0000001,0.97429943,0.97094625,0.9723417,0.9796587,0.9885906,0.9882216,0.96887994,0.9786386,0.98336273,0.9684238,0.9868977,0.9895709,0.9816988,0.9846674,0.98625994,0.9742885,0.82016134,0.97923106,0.97348034,0.98310935,0.9721371,0.95938134,0.97014916,0.9695715,0.95912695,0.95195174,0.8800034,0.985985,0.97159445,0.9825913,0.9770493,0.96932757,0.985785,0.95242006,0.97879845,0.98838395,0.9808825,0.98210615,0.9811205,0.9758847,0.98137265,0.98023224,0.9871024,0.96643645,0.9754206,0.9627347,0.98059714,0.9878195,0.99157673,0.9891341,0.97465026,0.9672513,0.9853371,0.9829347,0.98696977,0.9641254,0.9761126,0.9764479,0.9796334,0.97509855,0.9588997,0.9818049,0.7164213,0.96123075,0.9807036,0.9406096,0.9642254,0.85917974,0.9766611,0.9822117,0.9705318,0.9603412,0.97753364,0.9838023,0.9868926,0.9695335,0.9625992,0.9693283,0.98454565,0.9570252,0.9865555,0.980043,0.9818049,0.9664431,0.97852325,0.9747087,0.98405385,0.9767866,0.979369,0.97586346,0.9684946,0.9739258,0.97581166,0.97055596,0.98438936,0.9795192,0.98093617,0.9875304,0.98688823,0.96251273,0.97446674,0.9916919,0.8678566,0.98891234,0.8277749,0.97992104,0.98734754,0.9918438,0.96324927,0.985293,0.9848902,0.98104274,0.9813925,0.98842245,0.9798503,0.9832101,0.98611337,0.9798776,0.961957,0.97092,0.8825275,0.987925,0.9853976,0.9877959,0.9481148,0.99061763,0.9739321,0.98979104,0.97970104,0.98213506,0.9733616,1.0000001,0.97678024,0.962488,0.9742319,0.97298586,0.98402333,0.9642265,0.972812,0.97816694,0.9801914,0.9818878,0.9828169,0.98438454,0.9238015,0.96222806,0.9912432,0.9812275,0.9759898,0.98622155,0.9768827,1.0000001,0.9691303,0.97716606,0.9847041,0.98108155
alitamovie,0.96448433,0.9332204,0.9806807,0.92269456,0.9693934,0.955933,0.95372236,0.966611,0.97429943,0.9999999,0.94474685,0.9733722,0.96961606,0.96401364,0.9591178,0.9419352,0.96097565,0.94971746,0.94183,0.9519212,0.9655657,0.96925163,0.9633293,0.95255715,0.9602728,0.79682785,0.9618224,0.95735174,0.9535936,0.9472153,0.93624115,0.94774073,0.94441855,0.93917286,0.9499617,0.8741905,0.9606001,0.9559692,0.9582094,0.9712508,0.9586195,0.95464414,0.9193727,0.9544255,0.95809627,0.9492412,0.96001047,0.9633388,0.9541245,0.9561275,0.96165466,0.9561417,0.9626268,0.95472103,0.93579286,0.96084625,0.96567184,0.95836693,0.9716564,0.9423385,0.9587957,0.9697932,0.9489713,0.9554596,0.93833786,0.94884443,0.9580058,0.9499565,0.9475518,0.93991286,0.949176,0.6739058,0.96111524,0.95420057,0.94149,0.94040126,0.78610635,0.9516127,0.9758347,0.94876176,0.9411376,0.9469737,0.95728683,0.96357137,0.95674855,0.93463343,0.9363129,0.9732982,0.9173284,0.9620094,0.95275927,0.949176,0.9463501,0.9436399,0.95486057,0.96305406,0.96664125,0.9447054,0.94018906,0.97036123,0.9412507,0.96077555,0.9576381,0.9568377,0.96149147,0.9663175,0.94907546,0.9732407,0.9448163,0.9540319,0.9623902,0.8218987,0.9536291,0.8117929,0.9586327,0.9689458,0.96997815,0.9528561,0.95225614,0.9532899,0.9517626,0.9568707,0.9554082,0.9594919,0.96969396,0.9606372,0.97812295,0.9476574,0.94630134,0.8786633,0.95807004,0.95893544,0.97288483,0.9450411,0.9727975,0.95237786,0.97166884,0.9555843,0.9591834,0.93290895,0.97429943,0.9641749,0.93290836,0.96280324,0.94530624,0.9565791,0.92845434,0.96622217,0.9680098,0.9602414,0.9492399,0.9768889,0.95789385,0.87762684,0.92089033,0.9635177,0.96223474,0.949302,0.9502941,0.9512218,0.97429943,0.9692587,0.92985547,0.9759644,0.96193063
angelhasfallen,0.96095926,0.9428547,0.95244014,0.9113729,0.9529849,0.9522652,0.97071296,0.9566117,0.97094625,0.94474685,1.0000001,0.937206,0.959134,0.9642374,0.9597291,0.957296,0.95138437,0.9520255,0.95350885,0.96137017,0.96337116,0.9460765,0.95273787,0.9562358,0.945185,0.8109075,0.9508585,0.9634469,0.93641263,0.95481575,0.9355325,0.9403509,0.93856514,0.90150887,0.93272513,0.83653826,0.9354664,0.953786,0.9626264,0.95349157,0.9502017,0.9553572,0.9173245,0.94638,0.9559929,0.9586988,0.9546151,0.95420676,0.9615066,0.9493107,0.9361003,0.9572589,0.9653994,0.97099715,0.92702496,0.9501784,0.9694982,0.9779236,0.96758443,0.94963723,0.9324778,0.94878125,0.9484786,0.9707152,0.9466855,0.97113127,0.939207,0.94609326,0.98069644,0.9680159,0.9549407,0.6617126,0.93783057,0.941094,0.92238957,0.9011718,0.8237741,0.92821425,0.9577222,0.95705646,0.9791623,0.94479066,0.9693311,0.9535302,0.931076,0.9359724,0.9472552,0.96528226,0.9436764,0.9513709,0.94852316,0.9549407,0.9460234,0.9686768,0.9279877,0.98647696,0.96433276,0.96219516,0.9577019,0.93689084,0.9404123,0.9546188,0.91959715,0.9583375,0.9576879,0.9396527,0.9569691,0.9639624,0.9335632,0.9384599,0.96293145,0.83720136,0.95017266,0.78062016,0.93731886,0.96091163,0.96469665,0.96190727,0.9537522,0.9650677,0.9670726,0.96272963,0.96112233,0.95353436,0.95002735,0.96939117,0.9507631,0.9310562,0.9645059,0.8215967,0.9609056,0.9464043,0.9641066,0.94097227,0.9676969,0.94631326,0.968263,0.93808603,0.9551342,0.9447999,0.97094625,0.9201721,0.94197685,0.955539,0.94194317,0.9426198,0.9139937,0.951896,0.96559525,0.92972666,0.96424425,0.9618451,0.95926136,0.8897123,0.9320761,0.9660009,0.95256644,0.94801676,0.9555032,0.9386842,0.97094625,0.9345533,0.93757474,0.96512485,0.93893194
angrybirdsmovie,0.9463981,0.94119424,0.98662114,0.93636245,0.976146,0.9469609,0.9445516,0.9742029,0.9723417,0.9733722,0.937206,0.99999994,0.9556042,0.9492572,0.96036804,0.9530888,0.9560065,0.9513813,0.910153,0.9573137,0.9670636,0.97238475,0.9485392,0.9500603,0.96189904,0.7757396,0.9602352,0.9488816,0.9653745,0.947647,0.91006,0.95439833,0.9241724,0.9724612,0.9335228,0.85582083,0.96459574,0.9425956,0.9644744,0.9734097,0.9612774,0.9645311,0.91972274,0.961369,0.9557786,0.9575835,0.9472201,0.9664128,0.97034365,0.96149844,0.9793463,0.97002715,0.9493276,0.9528829,0.9610679,0.9675393,0.9614488,0.9582524,0.9646366,0.9246266,0.95117,0.9693778,0.94953537,0.94481784,0.92529976,0.9387681,0.9612668,0.9728983,0.94352514,0.9159085,0.9389127,0.65770286,0.9367278,0.94876254,0.9175453,0.9346913,0.8114426,0.96673924,0.9632768,0.93578446,0.9334211,0.96033216,0.95643634,0.96130073,0.9641224,0.9293374,0.9476756,0.95969266,0.8960586,0.9594697,0.96353436,0.9389127,0.9582868,0.9432913,0.97500765,0.9608145,0.9623257,0.925826,0.9455176,0.9543183,0.9361957,0.9436415,0.95528316,0.9534417,0.950684,0.9765515,0.9513006,0.97558236,0.9575645,0.96145195,0.9574601,0.8452605,0.9646465,0.8064053,0.96714824,0.96088934,0.9586044,0.9258484,0.9503236,0.93567,0.9532249,0.956044,0.96800435,0.9541485,0.9550076,0.95717734,0.9593631,0.9593302,0.9439473,0.8420509,0.9635036,0.9625793,0.97039133,0.942905,0.97322375,0.94336617,0.9607685,0.95583445,0.9531317,0.93499094,0.9723417,0.970491,0.9346966,0.9683485,0.9489157,0.95570767,0.921772,0.9620212,0.96657795,0.94886816,0.938454,0.96425796,0.9681788,0.873854,0.9227596,0.9583477,0.94466335,0.9355715,0.95990187,0.9651109,0.9723417,0.9669222,0.93323284,0.9607205,0.97538286
annabellemovie,0.97781265,0.92911536,0.96689034,0.95236886,0.9681456,0.9694722,0.9635514,0.97613835,0.9796587,0.96961606,0.959134,0.9556042,1.0000001,0.96839195,0.9678478,0.9375486,0.9812621,0.9640769,0.95992917,0.9697249,0.96984196,0.97782767,0.95780504,0.96291244,0.94466096,0.8474181,0.96939063,0.9707766,0.9585681,0.9652308,0.93329334,0.9616464,0.9444227,0.9245068,0.96836466,0.8771976,0.9549737,0.97603035,0.98030937,0.96633303,0.9441116,0.96320957,0.94323313,0.96894693,0.95812184,0.9628839,0.9611181,0.96439844,0.954512,0.96715367,0.95035785,0.96768934,0.9704412,0.95269245,0.9491636,0.9697083,0.96341556,0.9668196,0.9754213,0.96233815,0.9585911,0.97882354,0.95874405,0.9714726,0.94914144,0.9489761,0.9586348,0.94912547,0.9625239,0.94852406,0.9611333,0.67788744,0.95404434,0.9548223,0.94582266,0.9343744,0.82469356,0.9455433,0.9702894,0.96152586,0.94885015,0.9556828,0.9656253,0.9630249,0.9559778,0.91876924,0.9654423,0.9905231,0.9192961,0.9638789,0.96230865,0.9611333,0.95330733,0.95870316,0.93978393,0.97025657,0.9710287,0.95435786,0.9464634,0.9563832,0.94300175,0.97146076,0.96636593,0.96472996,0.9569897,0.956145,0.9588022,0.97324187,0.9297315,0.941586,0.9770881,0.80432236,0.9591661,0.80880654,0.95880526,0.97796756,0.9754534,0.95916414,0.956591,0.95856625,0.9583887,0.95618856,0.9645332,0.9683748,0.972312,0.9624919,0.9734964,0.9646027,0.9770824,0.8688508,0.96938324,0.97244984,0.9781379,0.9577544,0.96527934,0.96206427,0.9702271,0.9606426,0.9579637,0.93987614,0.9796587,0.9639352,0.9432611,0.9681946,0.95132434,0.9634666,0.943107,0.976931,0.9743116,0.9629641,0.97451305,0.9728762,0.9587563,0.8801686,0.9422625,0.97242224,0.9608128,0.9572326,0.9603489,0.9548467,0.9796587,0.95285285,0.9479602,0.97375196,0.94966996
annamovie,0.9789954,0.957312,0.9721578,0.9524007,0.9741321,0.9623851,0.98558015,0.97290426,0.9885906,0.96401364,0.9642374,0.9492572,0.96839195,0.99999994,0.97553134,0.9512983,0.96116495,0.97535163,0.9681524,0.9769056,0.98308545,0.9670136,0.9837655,0.9763468,0.9643016,0.79453444,0.9771032,0.9548997,0.9685549,0.952704,0.9592778,0.9520883,0.9624358,0.9404242,0.9419673,0.8741596,0.97549456,0.9642819,0.96794116,0.95730466,0.9684062,0.96840715,0.93886465,0.9578598,0.97665304,0.97748,0.9812361,0.9739795,0.9626682,0.9604324,0.96553105,0.9763976,0.9572722,0.96358234,0.9468551,0.96086776,0.9835845,0.9794938,0.9779592,0.9693539,0.9571713,0.96849567,0.9635753,0.985007,0.9692936,0.970637,0.970329,0.97163266,0.96374094,0.9524927,0.9709755,0.7346484,0.948552,0.9667418,0.9426837,0.9501638,0.83736205,0.9602085,0.970215,0.96757156,0.95368385,0.9706993,0.9772165,0.982957,0.952866,0.9543962,0.95002884,0.9685179,0.9497499,0.9770679,0.9568413,0.9709755,0.93672854,0.9657468,0.95441186,0.974208,0.9543446,0.97999555,0.96939194,0.9735477,0.966546,0.96927017,0.94890755,0.9725968,0.9682715,0.96923465,0.9754401,0.9748226,0.94342315,0.97338337,0.9858562,0.8411087,0.97067475,0.83147126,0.9686865,0.9711836,0.9844119,0.96094066,0.9738006,0.9872847,0.9757945,0.9620351,0.9688516,0.9678133,0.97213584,0.9748659,0.967551,0.93217397,0.9612012,0.9003471,0.97422975,0.9749716,0.9702229,0.9287103,0.97798,0.9572163,0.9791388,0.98062116,0.97073835,0.96429795,0.9885906,0.95814025,0.95420474,0.9633906,0.9580632,0.9714406,0.9571622,0.957528,0.96421283,0.9764744,0.9830869,0.97716194,0.9807428,0.9324898,0.9491469,0.9845371,0.9812316,0.9673214,0.968306,0.9532548,0.9885906,0.9639612,0.96117884,0.980129,0.964205
apollo11movie,0.97478354,0.96458703,0.9689564,0.9511709,0.96638703,0.95998895,0.9750115,0.9811498,0.9882216,0.9591178,0.9597291,0.96036804,0.9678478,0.97553134,1.0,0.9693807,0.9632846,0.9596433,0.94456965,0.9838489,0.9873797,0.96324027,0.96508735,0.9735825,0.9501805,0.8158289,0.9564467,0.9540034,0.97251505,0.964427,0.9340587,0.9573695,0.96250975,0.95112586,0.932327,0.89281577,0.98487246,0.9640984,0.98057705,0.9738319,0.9474358,0.97892827,0.94527334,0.97618365,0.9661462,0.9707397,0.960802,0.97524536,0.9623228,0.97802013,0.96483356,0.97403675,0.9523509,0.9567887,0.9640232,0.9688254,0.98143625,0.9805127,0.97712034,0.96944904,0.9450613,0.9760316,0.9776104,0.9689072,0.9403315,0.9674087,0.95547736,0.9665052,0.9736363,0.94083416,0.973649,0.7186165,0.9405382,0.9652478,0.9156598,0.9537099,0.86546344,0.9717153,0.97713107,0.95446414,0.9411595,0.9668023,0.9674869,0.96467227,0.9486163,0.94981027,0.967945,0.98228073,0.9600374,0.97423923,0.96892214,0.973649,0.96205366,0.97048944,0.97473836,0.97654915,0.96868026,0.9548621,0.95783406,0.94668,0.97882795,0.95619047,0.95707136,0.9817461,0.9768267,0.9602812,0.98336506,0.9775124,0.95008093,0.962212,0.9803859,0.8387167,0.97784936,0.8329458,0.9732655,0.98355746,0.9775355,0.94041365,0.9685867,0.9706696,0.9555419,0.97990924,0.983815,0.96464187,0.98211557,0.9737028,0.9624661,0.96084607,0.954963,0.8723383,0.98278016,0.96688706,0.97693896,0.9363494,0.98505,0.96836156,0.9783249,0.9633023,0.96968514,0.96018016,0.9882216,0.95302355,0.95626783,0.95301974,0.9697394,0.98016024,0.9632685,0.95448804,0.9583139,0.97187483,0.97508234,0.9708026,0.97166824,0.8966563,0.9487183,0.97910416,0.9665866,0.9659495,0.9830643,0.98086697,0.9882216,0.96267086,0.97096837,0.9675247,0.96849275
arcticdogsmovie,0.9448246,0.9605419,0.96005034,0.9193442,0.95372033,0.93861866,0.95357156,0.9633392,0.96887994,0.9419352,0.957296,0.9530888,0.9375486,0.9512983,0.9693807,1.0000001,0.9371682,0.94281346,0.9202849,0.9613909,0.9603124,0.9470454,0.9538039,0.95986474,0.9562958,0.78088033,0.946206,0.93860734,0.94609135,0.9310118,0.91189176,0.9438521,0.93810254,0.93721557,0.9057606,0.8597676,0.9653332,0.9210593,0.96032506,0.9494278,0.9519957,0.95651066,0.9146906,0.94843763,0.95507073,0.94960093,0.9546656,0.9617445,0.9599726,0.9540019,0.9588986,0.95197356,0.9534372,0.9585246,0.9275999,0.9489971,0.9638508,0.96131974,0.9698679,0.93105876,0.9524738,0.94375557,0.957602,0.9609856,0.90824836,0.9448188,0.93140197,0.95509624,0.95295423,0.93409693,0.9312887,0.66750664,0.91740024,0.9332724,0.88367134,0.9239847,0.8606034,0.9498948,0.96471626,0.936982,0.9273355,0.94196814,0.96827894,0.94241416,0.9224925,0.95185566,0.9503248,0.9590352,0.91449213,0.9564744,0.9446063,0.9312887,0.943134,0.9433668,0.96143556,0.9609796,0.9610313,0.9379137,0.9554618,0.9202182,0.9574221,0.9364988,0.9120043,0.9401641,0.9344373,0.9540637,0.97827244,0.9603242,0.96917534,0.94224787,0.9521593,0.8906906,0.96108586,0.81720114,0.9433569,0.95371765,0.96000576,0.9291751,0.9449917,0.9500517,0.9561376,0.9692201,0.9603099,0.94259405,0.9441487,0.9584653,0.93914294,0.94365877,0.9332333,0.8232104,0.95439416,0.94043237,0.95938593,0.9192464,0.9687789,0.93539715,0.95645255,0.9317798,0.9354962,0.94651264,0.96887994,0.9299026,0.9293802,0.93286854,0.93917066,0.9500603,0.91328514,0.9308758,0.9505585,0.9372489,0.9399144,0.94352525,0.9597043,0.89091444,0.90504533,0.9504063,0.9544452,0.92890584,0.95759344,0.95355684,0.96887994,0.95179003,0.9345681,0.95923275,0.9608427
arcticmovie,0.97413564,0.9237766,0.9671611,0.950118,0.97983915,0.9675681,0.9589037,0.9739599,0.9786386,0.96097565,0.95138437,0.9560065,0.9812621,0.96116495,0.9632846,0.9371682,1.0,0.9708832,0.96014744,0.9709745,0.964588,0.98190266,0.9636334,0.96140724,0.95399505,0.8462227,0.9600883,0.98424894,0.95440114,0.9533886,0.937472,0.9736986,0.93012685,0.9280208,0.9650246,0.89161867,0.9567616,0.9655127,0.9774265,0.97214246,0.9501696,0.96292233,0.9478919,0.9684814,0.9701203,0.9664724,0.9651572,0.96742,0.951755,0.96569014,0.95230883,0.97698486,0.9577639,0.94684213,0.9506222,0.9780545,0.9544974,0.9646352,0.9680903,0.9646802,0.9627287,0.977185,0.96090215,0.9617188,0.96048564,0.9517752,0.9646325,0.9546057,0.9674535,0.9348459,0.9689319,0.68086594,0.9624245,0.95381385,0.95255214,0.9289433,0.839834,0.9448349,0.96123576,0.9640707,0.93976414,0.94871825,0.967115,0.9710555,0.9580953,0.9309566,0.9689582,0.97430396,0.91895896,0.9667522,0.95988595,0.9689319,0.9503449,0.95694256,0.9447723,0.96219444,0.96729016,0.95666814,0.94970775,0.9572501,0.951303,0.97749686,0.95971376,0.9717348,0.9490985,0.9562142,0.962241,0.97319174,0.92333245,0.95379835,0.9696596,0.83879185,0.96789676,0.8301575,0.9681692,0.9794625,0.98038083,0.96360034,0.94808114,0.9542508,0.9598365,0.96604747,0.96433705,0.97047716,0.96642387,0.9609231,0.9651598,0.95668435,0.9717051,0.89631385,0.97351056,0.97343826,0.9826234,0.95007885,0.970304,0.9548988,0.97121364,0.9649909,0.9675156,0.94921106,0.9786386,0.9739311,0.9563954,0.9687105,0.94317347,0.9654654,0.9392979,0.9737887,0.96699905,0.96986747,0.97321063,0.9686842,0.96469253,0.8993917,0.9572945,0.9727819,0.95837605,0.9644727,0.9650492,0.9583285,0.9786386,0.95109576,0.9374314,0.9679664,0.94891286
artofracingmovie,0.97171587,0.93359375,0.96668595,0.9681026,0.985918,0.9648562,0.9798082,0.9702053,0.98336273,0.94971746,0.9520255,0.9513813,0.9640769,0.97535163,0.9596433,0.94281346,0.9708832,0.9999998,0.96576285,0.9740577,0.96901315,0.9760788,0.98112655,0.9633497,0.96692336,0.8410272,0.9712778,0.9666754,0.9718594,0.9539009,0.94957674,0.96926904,0.9429959,0.95065117,0.95062333,0.8684946,0.9634416,0.95043683,0.9596297,0.9540166,0.95413417,0.9775402,0.9565995,0.96532774,0.9811711,0.9746088,0.98013216,0.95778406,0.95328546,0.96642375,0.9682473,0.973199,0.95158017,0.96750385,0.95153093,0.9662937,0.96603143,0.97887695,0.96738476,0.96233445,0.95607257,0.96644473,0.96905714,0.97914755,0.96040416,0.95992434,0.9716536,0.96261424,0.951436,0.9384279,0.9687327,0.7024769,0.9403253,0.9731794,0.9400532,0.94627535,0.8396333,0.94913226,0.9518055,0.95801085,0.9356201,0.9660621,0.978362,0.97695446,0.96262985,0.9411545,0.9606649,0.96064824,0.9240237,0.9715182,0.96156174,0.9687327,0.94847673,0.9584987,0.9533928,0.96315426,0.95299155,0.97658545,0.9737128,0.9593138,0.95459646,0.97450644,0.9568877,0.96447015,0.95553446,0.9738223,0.97052044,0.9738183,0.93692696,0.9682076,0.97790927,0.8729806,0.97838795,0.8317662,0.9636499,0.9588018,0.9794069,0.9504488,0.9719846,0.9765245,0.9850158,0.9620061,0.97168225,0.96826726,0.96074677,0.96672654,0.95642865,0.93858594,0.96620756,0.8741792,0.9754146,0.980558,0.97015715,0.94435513,0.96773994,0.9500258,0.96900904,0.9716412,0.96677446,0.97277874,0.98336273,0.97139424,0.9473797,0.9644868,0.95296335,0.9577017,0.94896024,0.97248894,0.96819174,0.96630234,0.9697778,0.96642286,0.97058284,0.9304184,0.95442134,0.9801235,0.9725417,0.9575648,0.9688401,0.9530655,0.98336273,0.9491067,0.9558144,0.96882766,0.9672959
avengers,0.97794336,0.9147476,0.9413529,0.9340123,0.9501227,0.94703716,0.9715057,0.9507111,0.9684238,0.94183,0.95350885,0.910153,0.95992917,0.9681524,0.94456965,0.9202849,0.96014744,0.96576285,0.9999998,0.9566042,0.96066326,0.94584215,0.96799207,0.95555633,0.92925334,0.83693886,0.9503562,0.95646423,0.9370293,0.93245995,0.9825701,0.9397529,0.94008636,0.8932033,0.9487046,0.88202816,0.9372334,0.9480447,0.9503016,0.93300605,0.93174875,0.9512644,0.9329729,0.9434795,0.96691096,0.9548007,0.96813375,0.9518214,0.93293303,0.9470399,0.92869455,0.953579,0.948872,0.9539007,0.9144644,0.93583333,0.94745797,0.96478,0.9653056,0.9768899,0.9476394,0.9452737,0.9466576,0.97270596,0.9617927,0.9545802,0.94963276,0.93214613,0.95073044,0.96503913,0.9701023,0.70681614,0.939317,0.9537488,0.9532971,0.93109095,0.8224994,0.914454,0.9492966,0.9603112,0.9399739,0.93644077,0.9576701,0.9628788,0.93434715,0.94785845,0.93713355,0.95547175,0.9312065,0.95652515,0.92351335,0.9701023,0.92516863,0.94411683,0.9092853,0.95387274,0.9426264,0.9818713,0.9467789,0.9454431,0.94966286,0.9644238,0.93023115,0.95577604,0.94925076,0.94059473,0.95900446,0.9561046,0.8963968,0.9344473,0.96461105,0.8413274,0.9529742,0.82685584,0.94148034,0.95401126,0.97411203,0.9521595,0.9574633,0.96813697,0.95083624,0.94487995,0.95031697,0.95230335,0.9602661,0.9547036,0.9523768,0.92332757,0.95315766,0.8929011,0.95013,0.95354795,0.9587134,0.9027878,0.9516732,0.924499,0.96395206,0.9543583,0.96378016,0.9631833,0.9684238,0.9363517,0.9461533,0.9487857,0.92311305,0.95065093,0.9383506,0.9437699,0.94866294,0.94693154,0.9667668,0.9547155,0.9436876,0.91846037,0.9486039,0.9716181,0.9632998,0.9564034,0.94812536,0.9276534,0.9684238,0.920847,0.94318056,0.9617031,0.93416286
beachbummovie,0.9721128,0.94296765,0.9714174,0.9590758,0.974446,0.9508733,0.9692821,0.97894996,0.9868977,0.9519212,0.96137017,0.9573137,0.9697249,0.9769056,0.9838489,0.9613909,0.9709745,0.9740577,0.9566042,1.0,0.9793379,0.9687564,0.9623527,0.96717966,0.95585805,0.8249684,0.96389437,0.96135914,0.97030944,0.96476287,0.9429388,0.9624034,0.9399895,0.9501936,0.9424173,0.87991893,0.9712904,0.9566875,0.979389,0.96080524,0.953927,0.97911775,0.94313765,0.973095,0.97064114,0.98462945,0.95846707,0.96976805,0.96490496,0.97713244,0.96793693,0.9773573,0.9503343,0.9549655,0.95151025,0.9636026,0.9744854,0.9821992,0.9769238,0.9675593,0.9514197,0.9749223,0.9763873,0.97901195,0.9504282,0.9626496,0.9662591,0.96667755,0.96866906,0.94078195,0.97027475,0.6903297,0.9432886,0.96473575,0.9271488,0.94563895,0.8609493,0.96305144,0.96983314,0.9403082,0.9427863,0.967217,0.97755283,0.97171783,0.9445611,0.9469692,0.9774829,0.9731432,0.9386152,0.9689588,0.9689412,0.97027475,0.95936394,0.9595011,0.9615723,0.971264,0.9689516,0.96902424,0.9529868,0.94616544,0.9723737,0.9659674,0.9502494,0.9730775,0.9558762,0.9649476,0.97643757,0.97656024,0.9471746,0.9551743,0.98236066,0.8516182,0.97368664,0.8270148,0.9715611,0.9708175,0.97861725,0.93582004,0.9634767,0.96361655,0.96869266,0.96210575,0.97464395,0.96058595,0.97086555,0.97540206,0.9576765,0.9601722,0.9623286,0.8673493,0.9784531,0.97186625,0.9745715,0.93967897,0.9761369,0.96580166,0.9737866,0.97308594,0.9598163,0.97761875,0.9868977,0.9643772,0.9577281,0.9714987,0.95599645,0.97115976,0.94394106,0.9618132,0.9631841,0.9646743,0.96736217,0.9688858,0.9736004,0.892099,0.95217294,0.9783845,0.9586095,0.9565142,0.97367007,0.96316695,0.9868977,0.951058,0.95809144,0.96296185,0.96404403
bernadettefilm,0.98386353,0.9560244,0.9763353,0.95457715,0.97591734,0.9575877,0.98110133,0.9779807,0.9895709,0.9655657,0.96337116,0.9670636,0.96984196,0.98308545,0.9873797,0.9603124,0.964588,0.96901315,0.96066326,0.9793379,1.0000001,0.96393,0.97471625,0.97311753,0.95728225,0.80613023,0.97287947,0.9558639,0.9723587,0.9581446,0.95334774,0.958858,0.95697147,0.95270145,0.9431399,0.89202535,0.9795266,0.96032196,0.9800133,0.9680752,0.96592903,0.97702587,0.9442168,0.9725704,0.97267437,0.9785153,0.9722632,0.9839251,0.96680915,0.973989,0.96833634,0.9817407,0.9666399,0.97045463,0.9625272,0.96516097,0.97908014,0.9772757,0.9790152,0.96993273,0.9523881,0.9760578,0.9662291,0.9734055,0.95435387,0.9654041,0.97008723,0.97059053,0.96826696,0.9559055,0.97333014,0.7385395,0.93445975,0.96559656,0.94082415,0.9593071,0.8380698,0.96467084,0.9790696,0.95990413,0.9505284,0.9667091,0.97381425,0.97403306,0.9622699,0.9575219,0.9571363,0.97796154,0.94761276,0.97320986,0.96384054,0.97333014,0.9608516,0.96435493,0.96673185,0.97871757,0.96546274,0.9665745,0.9673022,0.9668834,0.97309434,0.95943654,0.9544088,0.97640526,0.9744662,0.97036415,0.97814816,0.9823685,0.94653857,0.96584064,0.9873296,0.8475364,0.9805695,0.83111644,0.9816102,0.9804985,0.98353124,0.94696045,0.97707176,0.9777718,0.96646976,0.9735954,0.9835262,0.9624353,0.98584926,0.97349244,0.9696792,0.95594394,0.9587447,0.8740993,0.98278284,0.9742998,0.978954,0.93249536,0.98305017,0.956702,0.9855317,0.9698872,0.9748247,0.9611184,0.9895709,0.95965177,0.957348,0.9639851,0.96242195,0.97864807,0.9665345,0.9589831,0.9658789,0.96735054,0.9774563,0.97981435,0.9716906,0.9149432,0.94546413,0.98256165,0.97490907,0.9623513,0.9789252,0.9727879,0.9895709,0.96134514,0.96931034,0.9744583,0.96753174
