movie,21bridgesmovie,47metersdown,abeautifuldaymovie,abominablemovie,adastramovie,adogsjourneymovie,aftermathmovie,aftermovie,ahiddenlifefilm,alitamovie,angelhasfallen,angrybirdsmovie,annabellemovie,annamovie,apollo11movie,arcticdogsmovie,arcticmovie,artofracingmovie,avengers,beachbummovie,bernadettefilm,blackandbluemovie,blackchristmas,blindedbythelightmovie,bombshellmovie,booksmart,breakthroughmovie,brianbanksmovie,brightburnmovie,brittanyrunsmov,captainmarvelofficial,captivestatemovie,catsmovie,charliesangels,childsplaymovie,clarathefilm,coldpursuitmovie,countdown,currentwarmovie,darkwatersmovie,detectivepikachumovie,disneyaladdin,disneyfrozen,disneymaleficent,doctorsleepmovie,dolemiteismyname,dontletgomovie,doramovie,downtonabbey_official,dumbo,escaperoom,everybodyknowsmovie,fastandfuriousmovie,fightingwmyfam,fivefeetapartfilm,fordvferrari,freaksthefilm,geminimanmovie,glassmovie,gloriabellmovie,godzillamovie,goldfinchmovie,goodboysmovie,goodliarmovie,gretafilm,halathemovie,happydeathdaymovie,harrietfilm,hellboymovie,hersmellmovie,highlifemovie,highstrungmovie,honeyboymovie,hotelmumbaifilm,httydragon,hustlemovie,hustlersmovie,isntitromantic,itmovieofficial,jayandsilentbob,johnwickmovie,jojorabbitmovie,jokermovie,judythefilm,jumanjimovie,justmercyfilm,knivesout,lalloronamovie,lastblackmansf,lastchristmasthemovie,latenightmovie,lighthousemovie,lionking,littlethemovie,littlewomenmovie,littlewoodsfilm,longshotmovie,lordsofchaosmovie,lucyintheskyfilm,mamovie2019,marriagestory,meettheaddams,meninblack,midsommarmovie,midwaymovie,missbalamovie,missinglinkfilm,motherlessbklyn,onceinhollywood,onthebasisofsex,overcomermovie,peanutbutterfalcon,petsematarymovie,piercingmovie,playingwithfire,playmobilthemovie,pomsmovie,queenandslim,rambomovie,readyornotfilm,richardjewellfilm,rocketmanmovie,scarystoriesmovie,secretlifeofpets,serenityfilm,shaftmovie,shazammovie,spidermanmovie,spiesindisguise,starwars,stormboymovie,stubermovie,taosdfilm,teenspiritmov,terminator,theaeronautsmov,thebestofenemies,thedeaddontdie,thefarewell,thehighwaymen,thehummingbirdprojectfilm,theintrudermovie,theirishmanfilm,thekitchenmovie,thelegomovie,themustangfilm,thenightingalefilm,theprodigymovie,thesunisalsoastar,theupsidefilm,tolkienmovie,toystory,triplefrontier,uglydolls,uncutgems,underthesilverlake,usmovie,wavesmovie,whatmenwant,wonderparkmovie,wrinklestheclown,xmenmovies,yardiefilm,yesterdaymovie,zombieland
21bridgesmovie,1.0000001,0.93641,0.9471017,0.93675435,0.9394828,0.93006176,0.9680977,0.95257646,0.97594863,0.95398253,0.96700627,0.94978845,0.9625228,0.94000137,0.9596099,0.9661546,0.9499669,0.9549722,0.9759842,0.9473858,0.95211345,0.9512789,0.9593205,0.94927245,0.9549626,0.86414546,0.93582255,0.9477109,0.9448165,0.9653487,0.94172645,0.9534194,0.9210248,0.9304865,0.8987168,0.8736303,0.96789974,0.9694917,0.957583,0.96583486,0.9483437,0.9600723,0.9128708,0.9605202,0.9393544,0.95468515,0.95960015,0.9546214,0.9543878,0.95742315,0.9563135,0.96713793,0.953954,0.9465772,0.9359703,0.92561746,0.93440753,0.95973057,0.9529899,0.9599275,0.9496906,0.95037,0.9359361,0.9554533,0.94202024,0.9518261,0.93738765,0.96252275,0.93843037,0.9220289,0.96497333,0.75171596,0.91991585,0.9539879,0.93840635,0.9505406,0.90677834,0.9524662,0.94845235,0.952489,0.9674654,0.94246304,0.97221804,0.9621722,0.93590856,0.95366544,0.93459266,0.9659963,0.9592276,0.9529203,0.95936286,0.96497333,0.949067,0.9473882,0.9536078,0.9648369,0.9585929,0.95069283,0.96175784,0.9352809,0.93973887,0.9513089,0.93240815,0.9706523,0.93398976,0.95249754,0.9388429,0.9617251,0.9166084,0.9602555,0.96647066,0.8495638,0.9407704,0.8732571,0.9515931,0.9708885,0.98982465,0.9557818,0.96565396,0.95930326,0.9582213,0.9454012,0.95394415,0.9314007,0.9645219,0.9502834,0.94517297,0.93481576,0.9478265,0.9344841,0.9425675,0.93951434,0.95397586,0.94264966,0.95478994,0.95382303,0.9766454,0.95263416,0.957056,0.94957536,0.97594863,0.9444448,0.9261485,0.957205,0.9521574,0.9698248,0.94194204,0.9162853,0.9661662,0.9587849,0.9652712,0.93374324,0.95722204,0.9432257,0.9436764,0.95027596,0.9498044,0.9492327,0.95058256,0.9582802,0.97594863,0.92998725,0.94545203,0.96556103,0.9491463
47metersdown,0.93641,1.0000002,0.9234879,0.91082406,0.9335097,0.891019,0.95035625,0.9505985,0.95857286,0.9556348,0.9430075,0.9375509,0.93822485,0.93698126,0.94301933,0.9543532,0.9496265,0.93248993,0.9316052,0.93178296,0.9372646,0.9258408,0.9336646,0.9323335,0.93965685,0.8196878,0.9262274,0.9395162,0.91821355,0.93443364,0.9425465,0.9437153,0.8950764,0.9039548,0.92884743,0.88027954,0.9323469,0.92537177,0.93043685,0.93403846,0.9218744,0.9335698,0.8908702,0.94472677,0.9430457,0.9308712,0.9261499,0.9555688,0.9302027,0.9467057,0.9341549,0.9480266,0.9359446,0.9165667,0.9332409,0.9335711,0.93397856,0.93131214,0.9493641,0.9377637,0.92033,0.93473184,0.93377024,0.9301598,0.93122226,0.9136258,0.92804056,0.922602,0.903074,0.91587764,0.9475937,0.77540153,0.93122977,0.9431206,0.91158587,0.92525613,0.915843,0.91679424,0.9252179,0.9489308,0.9393566,0.9326396,0.9384307,0.9506918,0.92567647,0.9216247,0.925567,0.94405276,0.9311292,0.935969,0.9406968,0.9475937,0.93054146,0.9004135,0.9290693,0.9332557,0.9405293,0.9458171,0.94033074,0.90491134,0.9132565,0.9251008,0.9014203,0.95731354,0.94012964,0.9308228,0.9405527,0.93313634,0.89924574,0.9257304,0.9392903,0.90301645,0.955873,0.92719954,0.92371684,0.9223007,0.9430325,0.9337916,0.9469871,0.9347324,0.92561424,0.9479569,0.94307894,0.8972432,0.944357,0.9492445,0.9252424,0.91261864,0.9248758,0.9020215,0.91919124,0.905388,0.93554723,0.94609547,0.9452108,0.9386837,0.9444399,0.9252766,0.95917034,0.9411077,0.95857286,0.9239308,0.9308532,0.918842,0.9232544,0.93959427,0.8960732,0.93017876,0.924602,0.91055024,0.9423119,0.92379206,0.9321695,0.87694085,0.9226243,0.93705773,0.9247279,0.93440706,0.9508766,0.93084395,0.95857286,0.9295605,0.92899865,0.923572,0.94009084
abeautifuldaymovie,0.9471017,0.9234879,0.9999998,0.94105697,0.9512806,0.94641817,0.95033634,0.95590824,0.9767684,0.9570695,0.92899036,0.9641518,0.96117646,0.95274794,0.9471474,0.96063757,0.9443469,0.96246666,0.9581155,0.934873,0.9473678,0.9661612,0.96325827,0.9517736,0.94895536,0.86610836,0.9518515,0.9460575,0.9759929,0.92991614,0.9481481,0.9687147,0.95602334,0.9617597,0.8945934,0.855059,0.96467245,0.938432,0.93793106,0.9544972,0.9521435,0.9614245,0.93532234,0.96121085,0.9569832,0.95035547,0.9589791,0.95385057,0.93099034,0.9676981,0.97969484,0.95805246,0.9603062,0.9509925,0.9232231,0.9444105,0.956629,0.95454687,0.9503682,0.96872413,0.9481622,0.95850736,0.95439374,0.961436,0.95543444,0.93323076,0.94488716,0.9443524,0.9185973,0.92986596,0.9622354,0.757889,0.9338635,0.97032505,0.9321226,0.9181649,0.90922487,0.94653493,0.95804447,0.95400995,0.9437523,0.93289554,0.9688571,0.9342726,0.9494569,0.9531664,0.92753804,0.96751004,0.961909,0.9652417,0.9416971,0.9622354,0.9480736,0.940318,0.96750176,0.953121,0.93501323,0.9502803,0.945309,0.95616037,0.9456212,0.9537574,0.96265966,0.9597867,0.9520726,0.9807268,0.9559359,0.96776927,0.9562533,0.9558743,0.97602624,0.8417549,0.9482972,0.8752471,0.942502,0.92425615,0.9503968,0.95847005,0.95232177,0.95015407,0.9575856,0.94277126,0.9481517,0.9431217,0.9478467,0.9654777,0.9460484,0.9550458,0.9466328,0.9326726,0.94939274,0.9473439,0.96047544,0.93093526,0.9513188,0.93531054,0.9485462,0.95574737,0.96063995,0.9563135,0.9767684,0.9768038,0.93328315,0.96082556,0.9569447,0.9481034,0.90589195,0.93476534,0.96228975,0.934676,0.94976974,0.9796393,0.95695806,0.8985679,0.94235367,0.9576734,0.9432712,0.9600202,0.93930316,0.9508237,0.9767684,0.9421926,0.97008413,0.96247995,0.9635289
abominablemovie,0.93675435,0.91082406,0.94105697,0.99999994,0.9370974,0.93162286,0.94291234,0.95612776,0.9686163,0.94804406,0.93256855,0.9193771,0.96882194,0.9487398,0.95342964,0.9481111,0.9438779,0.9468204,0.9425508,0.92676747,0.94507724,0.9255666,0.94437927,0.94593203,0.95040065,0.8567738,0.9263332,0.94811547,0.9311025,0.94439757,0.92977446,0.9455668,0.92442393,0.9155579,0.90768737,0.884372,0.9502021,0.95119584,0.94482654,0.949894,0.9535512,0.9335097,0.9193904,0.9477969,0.94126076,0.9453883,0.9338035,0.9431655,0.9358611,0.9466465,0.94228077,0.9503692,0.9483728,0.92165744,0.95003057,0.93837035,0.9394159,0.94797605,0.94645745,0.9575658,0.9427111,0.9483143,0.94607276,0.9593084,0.94306904,0.9258206,0.92605144,0.9334882,0.9316352,0.9419153,0.95292133,0.73038405,0.93042725,0.94962806,0.93679744,0.91817945,0.92091805,0.95741737,0.9407979,0.94620746,0.9433808,0.9543523,0.9571847,0.9349068,0.9382062,0.9391386,0.9518492,0.9651335,0.9389751,0.9492162,0.9312792,0.95292133,0.9424193,0.9356754,0.9272093,0.9492178,0.9525721,0.93502104,0.9389537,0.9436481,0.94956017,0.9373926,0.91860265,0.95006007,0.941657,0.9378407,0.9493094,0.9481957,0.9173033,0.9431302,0.9462788,0.8093504,0.94283235,0.88117325,0.9265076,0.9215968,0.9383664,0.95252013,0.95563847,0.932894,0.9419624,0.95333374,0.9498096,0.9428788,0.95182407,0.94639504,0.94552296,0.9221996,0.94537795,0.9123964,0.95380837,0.93238074,0.9538204,0.9162995,0.9586566,0.9551702,0.9289855,0.93644345,0.94635826,0.957566,0.9686163,0.93749195,0.9370695,0.9387703,0.9463416,0.94740546,0.9285106,0.9308892,0.948309,0.9308884,0.9349044,0.94319224,0.9553046,0.89723843,0.9395885,0.95216686,0.9207173,0.93290406,0.94498736,0.9541194,0.9686163,0.9173462,0.94477344,0.9460226,0.95169103
adastramovie,0.9394828,0.9335097,0.9512806,0.9370974,0.99999994,0.9181766,0.9652595,0.95093197,0.96825224,0.9678157,0.9304963,0.9487771,0.9567637,0.9590884,0.9426133,0.95362043,0.9532481,0.9856198,0.92498285,0.9178812,0.94779974,0.95200294,0.92770624,0.95368975,0.94367146,0.81210566,0.9503558,0.93118894,0.95249844,0.9316737,0.9136363,0.953356,0.8935806,0.92527854,0.89797556,0.8732165,0.9539659,0.93325037,0.94703466,0.941136,0.9460294,0.9497153,0.9409998,0.94419533,0.92920077,0.9523218,0.9229207,0.95170176,0.92577493,0.9529652,0.9509465,0.9476323,0.9489892,0.930705,0.9177162,0.97671527,0.94537336,0.9418602,0.94170284,0.95518696,0.9331922,0.94104034,0.92636114,0.95469725,0.9281987,0.9329098,0.94231606,0.9220743,0.9288117,0.9277312,0.94996464,0.7309822,0.9408724,0.95676327,0.9285761,0.9346791,0.8990911,0.93847364,0.9404521,0.94788456,0.9429301,0.92322856,0.9532267,0.94266045,0.9266386,0.9304353,0.9254145,0.9642725,0.935054,0.9588463,0.94522524,0.94996464,0.9407429,0.9212629,0.94897574,0.93670315,0.9414651,0.94818175,0.9394275,0.9334737,0.9441723,0.951645,0.94090277,0.9498791,0.94442034,0.95456135,0.9483085,0.95405847,0.94545174,0.92253673,0.95985055,0.8739003,0.9332723,0.8963039,0.94030863,0.92499715,0.94850004,0.9400068,0.9479876,0.95839477,0.9265875,0.93207943,0.95384055,0.91702634,0.9398242,0.94745207,0.9587841,0.9176246,0.9707891,0.91251576,0.95356655,0.96080256,0.9518689,0.93924713,0.9356128,0.9328933,0.95011216,0.93954736,0.9448806,0.95636725,0.96825224,0.9549585,0.94089097,0.9444949,0.9533266,0.9412317,0.9122146,0.9237978,0.95078826,0.90692043,0.9594032,0.9399765,0.9429715,0.8729318,0.9489225,0.951703,0.9244617,0.93603575,0.9350026,0.9282001,0.96825224,0.9460324,0.94101524,0.9332891,0.937618
adogsjourneymovie,0.93006176,0.891019,0.94641817,0.93162286,0.9181766,0.99999994,0.9361635,0.939436,0.9591783,0.9401499,0.93484324,0.9217094,0.93653023,0.9384168,0.93865675,0.9334838,0.92159253,0.93539476,0.9307131,0.9176574,0.9259291,0.91869766,0.9640779,0.9534739,0.93511283,0.88062555,0.92638695,0.9420213,0.918867,0.91804916,0.9055393,0.9261009,0.9173976,0.90882814,0.8588579,0.84548867,0.9436283,0.9288937,0.9342176,0.9286336,0.91805786,0.94148785,0.94285077,0.9349245,0.9402767,0.93396425,0.95091474,0.9356533,0.915716,0.9440571,0.9279618,0.92947054,0.94685936,0.9392134,0.9262726,0.9291206,0.93450487,0.9440058,0.92662895,0.9474362,0.91149324,0.93937707,0.93538505,0.9327261,0.91598797,0.92638505,0.9210217,0.92076486,0.91052145,0.9158675,0.9512304,0.739936,0.90664464,0.9533451,0.91773796,0.9005548,0.8760942,0.9381947,0.93710876,0.93968976,0.9281792,0.92523706,0.92664754,0.92802167,0.92059785,0.90138894,0.92828465,0.952821,0.9258728,0.9448378,0.9292095,0.9512304,0.9423109,0.9457043,0.9219889,0.9401672,0.93502825,0.9451445,0.9243438,0.9468578,0.93428785,0.9282324,0.9230818,0.9368151,0.9364047,0.9278263,0.9486472,0.93586606,0.8967024,0.9239161,0.94871944,0.8024926,0.9513946,0.8669276,0.9320228,0.92901707,0.928939,0.94969076,0.93455684,0.94376403,0.91891307,0.9264437,0.94007206,0.97404265,0.9421765,0.9348111,0.9550747,0.8924711,0.94342023,0.91848534,0.9227254,0.9366809,0.9467529,0.8950315,0.9417445,0.9241379,0.9155289,0.94427425,0.94082034,0.931951,0.9591783,0.9137895,0.91472363,0.92843455,0.9308657,0.9309016,0.912041,0.9091558,0.93727577,0.92231554,0.9317384,0.95007807,0.9514193,0.9017342,0.93647265,0.9434488,0.9512039,0.93227947,0.93726367,0.9643894,0.9591783,0.93096495,0.9303636,0.95567656,0.9214176
aftermathmovie,0.9680977,0.95035625,0.95033634,0.94291234,0.9652595,0.9361635,0.99999994,0.96371967,0.9780867,0.9681967,0.9543504,0.94925153,0.9632352,0.9511586,0.9498297,0.9726476,0.9545622,0.9691116,0.9536808,0.9386106,0.9619031,0.9481534,0.9543982,0.9588146,0.956983,0.85019976,0.9413934,0.9497174,0.9468777,0.95458674,0.93544096,0.95355994,0.9195028,0.9330476,0.8985521,0.86729187,0.9702729,0.9639907,0.9543072,0.9481373,0.93791115,0.96230996,0.9174234,0.95552117,0.9436321,0.9505633,0.9505585,0.9532839,0.9532814,0.96092594,0.95809317,0.9580146,0.95929885,0.94570524,0.9392584,0.955314,0.9490957,0.9649013,0.9503524,0.9647186,0.93050724,0.950279,0.9410269,0.94641787,0.93427426,0.95885485,0.9509799,0.9443224,0.938121,0.9230683,0.97111565,0.7489865,0.9247001,0.970594,0.9319818,0.9559642,0.90746117,0.95474464,0.943798,0.94984967,0.9487581,0.96532077,0.96018654,0.9624366,0.94302803,0.94393533,0.9368359,0.96891874,0.9576404,0.9591491,0.9563952,0.97111565,0.95233923,0.93361557,0.95595044,0.9578497,0.95069325,0.9567635,0.9795238,0.9376603,0.93349904,0.9456644,0.9384118,0.96903354,0.94279027,0.9595053,0.94961727,0.958736,0.937686,0.95432425,0.96146375,0.8765314,0.9486513,0.9075367,0.9509274,0.9552227,0.9718946,0.9503282,0.9527949,0.98681223,0.9470755,0.94584286,0.9563176,0.9300744,0.95785004,0.95193714,0.9700816,0.92253125,0.96864617,0.92026156,0.94622105,0.94280845,0.95449984,0.94088316,0.9565519,0.9479425,0.96322054,0.9471731,0.9686374,0.95593065,0.9780867,0.94388515,0.93334764,0.95406467,0.9536279,0.9548121,0.93039924,0.9180981,0.95693904,0.9402668,0.9831078,0.9365785,0.9521567,0.91736615,0.9443908,0.9580349,0.9400786,0.94313693,0.9509667,0.95063186,0.9780867,0.9379259,0.95168036,0.9564341,0.9443308
aftermovie,0.95257646,0.9505985,0.95590824,0.95612776,0.95093197,0.939436,0.96371967,0.99999994,0.9803283,0.96163535,0.9576955,0.9507808,0.96712327,0.958588,0.96233857,0.963907,0.9570836,0.9613039,0.9533638,0.9375632,0.94977,0.935376,0.9575438,0.96564865,0.961816,0.85728115,0.95095056,0.9566816,0.94660795,0.95247215,0.94815105,0.95664835,0.9233454,0.9270611,0.911698,0.90339077,0.9688131,0.9508434,0.95223224,0.9559905,0.95590365,0.96041644,0.94324946,0.9719603,0.9633076,0.952393,0.94698715,0.96543,0.959395,0.97240025,0.9555953,0.9621217,0.95471483,0.95744354,0.9569724,0.953224,0.95331675,0.95889693,0.96286035,0.9652636,0.9555381,0.95590264,0.95130074,0.9587447,0.9428475,0.9321141,0.9543186,0.9496428,0.95413345,0.9371787,0.9659773,0.7969214,0.945405,0.96012336,0.9441887,0.94344145,0.93038374,0.955463,0.9557952,0.955104,0.9451052,0.9669543,0.9646168,0.9614984,0.9600653,0.9491812,0.9610419,0.96990067,0.9411883,0.9668597,0.93740976,0.9659773,0.9534756,0.94260484,0.9493741,0.9607176,0.9614906,0.96457237,0.96125793,0.93807346,0.95534474,0.9379757,0.9319021,0.96720856,0.95853704,0.95798033,0.9580306,0.9548556,0.93212694,0.9562777,0.9624995,0.87431294,0.96384144,0.9101114,0.9473824,0.9376544,0.95457876,0.95777404,0.9706595,0.96282566,0.942268,0.96167505,0.95094246,0.9359488,0.9614714,0.96828645,0.96233296,0.92479146,0.95481604,0.9261737,0.9472767,0.9447751,0.96584535,0.9330401,0.96142644,0.95579636,0.94245136,0.941828,0.9720585,0.9725108,0.9803283,0.93914324,0.94808877,0.9383062,0.94959664,0.96152383,0.9352552,0.9503972,0.9571645,0.9218262,0.9488131,0.9557296,0.96591467,0.9022849,0.9425309,0.9691599,0.9513408,0.954889,0.9665015,0.96089935,0.9803283,0.9399777,0.94942987,0.9594202,0.94947606
ahiddenlifefilm,0.97594863,0.95857286,0.9767684,0.9686163,0.96825224,0.9591783,0.9780867,0.9803283,0.9999999,0.981236,0.9679861,0.9715553,0.97887665,0.9764032,0.9809208,0.9801878,0.9755919,0.9789287,0.9726722,0.9624975,0.9719792,0.96656674,0.98015195,0.9734739,0.9722376,0.8741863,0.964138,0.9750612,0.9690753,0.9698418,0.95806485,0.97778904,0.9452594,0.9536044,0.92097265,0.8940824,0.9844231,0.9677534,0.9740518,0.97457254,0.967212,0.97470903,0.9485813,0.97772944,0.97372127,0.9738988,0.974182,0.9796157,0.96368873,0.9819269,0.98002315,0.9826465,0.97357196,0.96528256,0.95766366,0.96886104,0.96961945,0.97517645,0.9766479,0.98389333,0.961757,0.97724634,0.97019976,0.9766539,0.967812,0.95697707,0.9617873,0.9694661,0.95311636,0.9610419,0.9847454,0.77326876,0.95615697,0.98398525,0.95598626,0.95110667,0.93195367,0.9724897,0.9755494,0.9779274,0.96802676,0.96496284,0.98231405,0.9671065,0.96549875,0.965052,0.9614776,0.9873902,0.9720486,0.9824636,0.96814156,0.9847454,0.9718011,0.9637732,0.9703314,0.9767194,0.9751049,0.97620296,0.97021246,0.96630484,0.96758366,0.9703468,0.95750195,0.9830632,0.9731327,0.97688293,0.97882235,0.97954744,0.94844705,0.96967643,0.9861881,0.86285836,0.97600925,0.90664995,0.968999,0.95592153,0.97702336,0.97548944,0.98049843,0.9709646,0.96700794,0.9725438,0.97781134,0.960299,0.97922325,0.97981143,0.9717569,0.95019144,0.9735646,0.94359905,0.9687249,0.96311915,0.98338884,0.9578744,0.9795126,0.97166824,0.9694707,0.97190726,0.9831922,0.9771116,0.9999999,0.9698359,0.958818,0.9699189,0.97246766,0.9799629,0.94746614,0.95257396,0.97890645,0.95434827,0.97461253,0.9706378,0.9800061,0.9250822,0.96744096,0.98010784,0.96360105,0.97193396,0.97374,0.97527784,0.9999999,0.9567842,0.97517765,0.9776172,0.9737091
alitamovie,0.95398253,0.9556348,0.9570695,0.94804406,0.9678157,0.9401499,0.9681967,0.96163535,0.981236,1.0,0.953224,0.9601431,0.96146727,0.9580377,0.95680606,0.9621436,0.9657483,0.9702699,0.9449496,0.9381205,0.95835125,0.95054746,0.95607334,0.9603139,0.95263296,0.8518787,0.9539996,0.9581999,0.9464565,0.95194685,0.9293122,0.9615908,0.9084302,0.9266786,0.91210055,0.8741569,0.9606771,0.94011164,0.9589918,0.9440819,0.9458528,0.9524251,0.9309546,0.9510054,0.94732493,0.95560426,0.94772947,0.9669617,0.9422511,0.958079,0.95503217,0.9568927,0.95911694,0.9407062,0.9365181,0.9638503,0.9599927,0.9553113,0.955419,0.9640147,0.9349401,0.95009893,0.9462109,0.9574845,0.9420826,0.9380621,0.9483482,0.9343989,0.92067003,0.9558308,0.9656378,0.7607339,0.94579387,0.9693716,0.95584375,0.93549967,0.9218819,0.9531104,0.9485771,0.96029943,0.9515466,0.94306946,0.9575889,0.9595971,0.93858546,0.93462163,0.9282816,0.97254074,0.94514674,0.9611149,0.96291363,0.9656378,0.9410256,0.939839,0.94908476,0.9536455,0.95251423,0.9619755,0.94888186,0.9426186,0.94850874,0.9536887,0.9387573,0.9621771,0.97291857,0.9548983,0.9676844,0.96041554,0.92624056,0.9437465,0.9711099,0.8689429,0.9587858,0.9122619,0.9582863,0.93840736,0.95696974,0.96657556,0.95781016,0.95809793,0.93805903,0.9434735,0.9621918,0.9475927,0.9570218,0.9557934,0.96250093,0.9222289,0.9721881,0.9214736,0.9384435,0.9559259,0.97220504,0.9535045,0.9575253,0.9584835,0.9553672,0.9506462,0.9666822,0.9674595,0.981236,0.9551724,0.94520545,0.94589335,0.95301807,0.95252293,0.9191793,0.94273907,0.9524794,0.9303534,0.9672047,0.9448802,0.95845205,0.91187066,0.9557903,0.96714747,0.9538175,0.95409817,0.9529132,0.94695574,0.981236,0.95737153,0.94831854,0.95233274,0.95380044
angelhasfallen,0.96700627,0.9430075,0.92899036,0.93256855,0.9304963,0.93484324,0.9543504,0.9576955,0.9679861,0.953224,0.9999998,0.9359604,0.9453636,0.9458324,0.95919067,0.94597167,0.95146185,0.9527396,0.9517233,0.94320613,0.9403747,0.9277698,0.9582525,0.9433845,0.9481718,0.843409,0.9313679,0.9500293,0.9186576,0.9570961,0.9291844,0.9343068,0.9076193,0.91005176,0.91617566,0.9135156,0.9572095,0.95175594,0.961348,0.9440029,0.93554634,0.93893033,0.9248423,0.9468431,0.94411725,0.95426387,0.9516351,0.9544593,0.94299483,0.9464835,0.93343335,0.9480481,0.9389535,0.9478134,0.94416666,0.93776226,0.9331179,0.93944293,0.94403124,0.94289935,0.9267858,0.93101305,0.9452746,0.940973,0.9204759,0.92918605,0.9423257,0.9379814,0.9534866,0.9251159,0.9511074,0.80461925,0.9297172,0.9388902,0.9552447,0.9422526,0.92611665,0.95616674,0.9309751,0.9523671,0.9703696,0.94792765,0.9528697,0.96263,0.9440026,0.9330292,0.9475686,0.9495517,0.93480855,0.9478954,0.94728845,0.9511074,0.9524236,0.9495114,0.93428046,0.955575,0.9708496,0.9595313,0.94908494,0.93533415,0.95084184,0.9361012,0.91168416,0.9546125,0.9416141,0.9289988,0.94783896,0.94289947,0.9054207,0.93881625,0.95008713,0.8638636,0.94813305,0.89606714,0.928757,0.96803015,0.9607731,0.9492994,0.9647889,0.94482213,0.9291839,0.9388807,0.95204306,0.9415154,0.95500016,0.9445083,0.94815415,0.9150247,0.95408165,0.92552406,0.9317527,0.9431844,0.951083,0.92181087,0.94554657,0.94487536,0.93984157,0.9307253,0.9540788,0.9566016,0.9679861,0.9131395,0.9381047,0.9353133,0.9433262,0.95998424,0.9549656,0.93714887,0.9500374,0.9317904,0.9467368,0.9259085,0.96688396,0.9166607,0.9281799,0.95299363,0.94308215,0.92916507,0.94912785,0.9629177,0.9679861,0.93074435,0.91960925,0.9490157,0.93058103
angrybirdsmovie,0.94978845,0.9375509,0.9641518,0.9193771,0.9487771,0.9217094,0.94925153,0.9507808,0.9715553,0.9601431,0.9359604,1.0,0.94735813,0.9416706,0.9417515,0.9547752,0.9575337,0.9653157,0.9514698,0.93475026,0.9519439,0.9640247,0.94882756,0.9480454,0.9362119,0.85170156,0.93967247,0.93710184,0.9702119,0.94472015,0.9437915,0.9651554,0.9279333,0.9565848,0.8966237,0.84739405,0.95857346,0.9229571,0.93815744,0.9431852,0.95858884,0.95646554,0.9381198,0.95195967,0.94906294,0.94429725,0.9419066,0.96654266,0.92958564,0.95865387,0.9796606,0.95687884,0.94861966,0.9474536,0.9189386,0.9451959,0.9437516,0.94280887,0.9513106,0.9532724,0.93877566,0.94319075,0.9424781,0.9586497,0.9382257,0.93880105,0.9371986,0.9485084,0.9232038,0.940843,0.95892966,0.76636106,0.9430252,0.9578883,0.93666947,0.91934884,0.9070885,0.9541273,0.9560605,0.94526327,0.93757004,0.9234345,0.9632913,0.9318685,0.9376102,0.95932305,0.9257485,0.96062356,0.9658681,0.95030767,0.94405836,0.95892966,0.94282717,0.927965,0.9629658,0.9465453,0.9420538,0.95339996,0.9361639,0.9411173,0.9288032,0.939733,0.95269924,0.96187675,0.9515761,0.97791463,0.94844925,0.9623876,0.93156177,0.9498865,0.96675694,0.85354036,0.9463885,0.8696042,0.94805044,0.9196354,0.9477487,0.9566762,0.9448813,0.9413423,0.9427058,0.9413038,0.9400157,0.9128676,0.94736826,0.9646301,0.9369965,0.94680214,0.9419491,0.9340493,0.9449434,0.93705976,0.9572349,0.928026,0.9440842,0.9340601,0.9472812,0.9500037,0.9593988,0.9616013,0.9715553,0.97122675,0.9132432,0.9668587,0.95995516,0.9502782,0.9014419,0.9338368,0.96170926,0.9061093,0.94900006,0.94596076,0.9514513,0.878488,0.94100577,0.95767206,0.934172,0.9591433,0.9364672,0.93029267,0.9715553,0.942585,0.94521147,0.95226616,0.96422106
annabellemovie,0.9625228,0.93822485,0.96117646,0.96882194,0.9567637,0.93653023,0.9632352,0.96712327,0.97887665,0.96146727,0.9453636,0.94735813,1.0000001,0.9515161,0.9615912,0.9646129,0.963151,0.95886713,0.96666205,0.9437262,0.9602262,0.95060265,0.96075624,0.96291554,0.96098953,0.85790604,0.9490057,0.95326155,0.95352745,0.94590664,0.9515794,0.9691586,0.93402547,0.9413677,0.923671,0.8778581,0.95977527,0.9703619,0.9557591,0.96187466,0.966953,0.9617092,0.9302515,0.9664116,0.9525842,0.953016,0.9549327,0.96054274,0.95554763,0.96514726,0.9599853,0.9673857,0.9680125,0.95364946,0.9543787,0.94397587,0.9558244,0.9632925,0.9617002,0.96624684,0.9627446,0.9591217,0.9584634,0.9700268,0.94711524,0.94259185,0.9490261,0.94783056,0.94309825,0.9383148,0.9683571,0.75801057,0.93711346,0.9608528,0.94180423,0.9450974,0.92179036,0.9570248,0.9522443,0.959644,0.96223265,0.9592717,0.9771107,0.9576831,0.95116365,0.9489391,0.9624273,0.98244333,0.9585141,0.96438324,0.9511823,0.9683571,0.9436956,0.941942,0.9533317,0.9602629,0.96204704,0.95180744,0.9613714,0.9460545,0.9507532,0.9513476,0.94055015,0.9727144,0.9427868,0.95672935,0.94852626,0.9673538,0.9347695,0.9561313,0.9677901,0.8455502,0.9535091,0.89615613,0.9484931,0.9423273,0.9646531,0.9605077,0.9667409,0.95964825,0.9660434,0.95818615,0.9597304,0.9390148,0.9642971,0.9618776,0.96254104,0.9413462,0.9587034,0.9425574,0.95832306,0.94238377,0.96743935,0.9467475,0.96098626,0.9482883,0.96412903,0.9511863,0.9606293,0.96475387,0.97887665,0.95507514,0.94863987,0.9578372,0.9612574,0.96162,0.92624485,0.943481,0.9655499,0.94354635,0.9556371,0.954492,0.96904266,0.90188533,0.951509,0.95659983,0.9452733,0.95038575,0.9536052,0.95815694,0.97887665,0.9420151,0.9554377,0.95944375,0.95918006
annamovie,0.94000137,0.93698126,0.95274794,0.9487398,0.9590884,0.9384168,0.9511586,0.958588,0.9764032,0.9580377,0.9458324,0.9416706,0.9515161,0.99999976,0.95964384,0.95247555,0.9494479,0.9658859,0.9347729,0.94462574,0.9333911,0.9397153,0.9581232,0.9488421,0.9542334,0.8315766,0.95606154,0.94460785,0.9400797,0.9443474,0.9301849,0.9454557,0.9094446,0.9168774,0.8929871,0.8726625,0.95915323,0.9394532,0.950355,0.95064056,0.94476867,0.9483441,0.9302484,0.9489302,0.959012,0.95222664,0.94974214,0.9711164,0.9329328,0.9589137,0.9477635,0.94607574,0.9536402,0.9420482,0.9561566,0.95879674,0.94890684,0.94131875,0.964563,0.9687677,0.9390499,0.96438295,0.9591466,0.962138,0.9355672,0.9136726,0.9491263,0.93258613,0.9360565,0.9336254,0.970385,0.7436836,0.9376038,0.95485747,0.9290419,0.92093676,0.9024173,0.93914646,0.96047217,0.9634022,0.94511485,0.9453319,0.9557463,0.9363423,0.94804174,0.9320782,0.946234,0.96400297,0.94021106,0.97268707,0.94424736,0.970385,0.9519931,0.94398403,0.9403835,0.9434468,0.9614655,0.9679573,0.9448774,0.96431535,0.95295304,0.9609772,0.9236683,0.9610568,0.9713612,0.943562,0.96833485,0.95862705,0.9218453,0.9300392,0.96335,0.8625933,0.9579387,0.9078274,0.9337675,0.9278918,0.94447917,0.95157814,0.9536321,0.94663644,0.93853754,0.94620734,0.97210425,0.9443229,0.95449317,0.96189994,0.9455011,0.9122372,0.9565348,0.90813655,0.9564454,0.9388997,0.9640451,0.9438651,0.94537777,0.9554516,0.93269825,0.9361876,0.96830344,0.9581789,0.9764032,0.9406567,0.9577304,0.9486124,0.946079,0.95050305,0.9303059,0.928902,0.9582228,0.92895,0.9486469,0.9516514,0.9621088,0.8880767,0.9596332,0.97197735,0.9505833,0.9601239,0.9404251,0.9488578,0.9764032,0.93928856,0.9510081,0.94948006,0.9396485
apollo11movie,0.9596099,0.94301933,0.9471474,0.95342964,0.9426133,0.93865675,0.9498297,0.96233857,0.9809208,0.95680606,0.95919067,0.9417515,0.9615912,0.95964384,1.0000002,0.9602008,0.949235,0.9545121,0.95625633,0.9716812,0.9471712,0.9363295,0.9580838,0.9492513,0.9466459,0.87407,0.9368218,0.96048707,0.9388933,0.95528597,0.946426,0.9620641,0.9190317,0.9292879,0.90704125,0.88607407,0.9608455,0.9557434,0.96977437,0.96643656,0.95009553,0.94577414,0.93417835,0.94998014,0.9579911,0.9571499,0.9543246,0.9591508,0.95872694,0.953819,0.95160073,0.97199553,0.94935143,0.94795,0.95854634,0.9481085,0.93967575,0.9542688,0.9705806,0.96216226,0.9522562,0.9570948,0.95060265,0.9617124,0.95577717,0.9422521,0.9360505,0.9581536,0.93745553,0.9425078,0.9676528,0.76771456,0.94110817,0.95055395,0.9346113,0.9355775,0.9216983,0.9537199,0.9655645,0.9597834,0.9510046,0.9460934,0.9692354,0.94900334,0.94758576,0.94533896,0.9518405,0.95970374,0.9471067,0.96549225,0.9425541,0.9676528,0.9572222,0.9432637,0.94525474,0.9701002,0.97071433,0.96307266,0.9479565,0.9405038,0.9528761,0.9499601,0.9141816,0.97200394,0.9521691,0.9451599,0.95547855,0.9635072,0.919568,0.9478847,0.95835805,0.84194463,0.96808934,0.88524854,0.9497737,0.94355917,0.9608503,0.9583338,0.9717493,0.95005244,0.9446266,0.9633234,0.96548826,0.9389396,0.95946854,0.96362394,0.95358866,0.93433964,0.95409995,0.9330944,0.9477624,0.9370201,0.9584245,0.93878424,0.968892,0.95568955,0.9521433,0.95376074,0.9652081,0.9554333,0.9809208,0.9365817,0.93861663,0.9501521,0.959336,0.96938354,0.9296209,0.93874633,0.9726064,0.94096535,0.9554422,0.9400475,0.96216524,0.9137983,0.9442829,0.9573302,0.9465562,0.95585746,0.96163815,0.96894836,0.9809208,0.9385472,0.9405711,0.9519896,0.94886816
arcticdogsmovie,0.9661546,0.9543532,0.96063757,0.9481111,0.95362043,0.9334838,0.9726476,0.963907,0.9801878,0.9621436,0.94597167,0.9547752,0.9646129,0.95247555,0.9602008,1.0,0.9529712,0.9616691,0.9596567,0.9366218,0.9542548,0.94873846,0.95784837,0.95170826,0.9626501,0.86377066,0.9459945,0.9550319,0.95606357,0.9512971,0.9514587,0.9684429,0.9360316,0.94378537,0.90565187,0.86938214,0.9650412,0.9624735,0.9652197,0.9574413,0.9531588,0.9660013,0.9228661,0.9664086,0.9603641,0.94307005,0.9541543,0.95650184,0.9559508,0.9703312,0.9675398,0.97120893,0.96051973,0.9473074,0.941105,0.939563,0.9506293,0.9577639,0.9619959,0.9709555,0.9529302,0.95694524,0.95787936,0.962417,0.96358365,0.9458875,0.93649435,0.96142066,0.92904425,0.9313296,0.9681618,0.72779435,0.9355221,0.9613002,0.9298058,0.9413788,0.9003254,0.9547508,0.9639453,0.9629001,0.9574576,0.9544305,0.9690624,0.9634831,0.93987966,0.9605217,0.93636894,0.96930313,0.96972674,0.9703322,0.9490849,0.9681618,0.960189,0.93187815,0.9521984,0.9627412,0.9546119,0.9520223,0.96272945,0.9429505,0.9341046,0.9515801,0.9416649,0.9695673,0.9429406,0.9642796,0.95715964,0.97140247,0.93932134,0.9576272,0.9692596,0.857213,0.958386,0.88458544,0.94961077,0.9497468,0.9704076,0.966327,0.97128886,0.96104443,0.9604148,0.9560124,0.9498721,0.9396375,0.9665371,0.9674266,0.9524684,0.9481036,0.951179,0.9326769,0.95490104,0.92925775,0.96250033,0.9547192,0.96615857,0.9524671,0.95990497,0.9425641,0.9639381,0.9507284,0.9801878,0.9589938,0.9326109,0.9597899,0.9517765,0.9550561,0.92014,0.9274085,0.966815,0.95453364,0.970667,0.956218,0.9476412,0.90249926,0.9501874,0.95867187,0.94310945,0.9603364,0.9530844,0.9613538,0.9801878,0.9467496,0.9507019,0.9657314,0.96289986
arcticmovie,0.9499669,0.9496265,0.9443469,0.9438779,0.9532481,0.92159253,0.9545622,0.9570836,0.9755919,0.9657483,0.95146185,0.9575337,0.963151,0.9494479,0.949235,0.9529712,0.99999994,0.9599269,0.9426484,0.9379625,0.9622184,0.9588699,0.9579238,0.95885706,0.9607048,0.8386882,0.9533113,0.96348196,0.9546196,0.9551204,0.9361827,0.9554882,0.9222461,0.9324428,0.92355496,0.8894473,0.959145,0.95247537,0.95375806,0.94649184,0.9419804,0.9526274,0.92848283,0.9628172,0.9501455,0.95867145,0.9538877,0.96208256,0.93162364,0.96514904,0.9609765,0.95486283,0.95442903,0.9455825,0.93414354,0.9585395,0.95785195,0.95206517,0.94333786,0.9520128,0.9290523,0.94327563,0.95109445,0.94876283,0.9361595,0.920019,0.9499906,0.930075,0.94960964,0.9533976,0.95294464,0.795284,0.9577701,0.9658178,0.95595,0.94185185,0.9278505,0.95749944,0.94317985,0.95809084,0.9473995,0.94275683,0.95389664,0.9548174,0.94456863,0.93950725,0.9462346,0.9734806,0.9524601,0.9480663,0.954115,0.95294464,0.948894,0.94757557,0.9516284,0.94579035,0.9616069,0.9511807,0.9465935,0.94050926,0.95208,0.9575487,0.95149964,0.96091473,0.9537919,0.95769984,0.9523408,0.9477659,0.9374797,0.9505845,0.9684142,0.86540395,0.9531264,0.88195705,0.96444666,0.9340773,0.95781386,0.95366573,0.95948124,0.94322395,0.9429013,0.9583852,0.9587692,0.93288153,0.9643905,0.9518597,0.9501773,0.92750216,0.95172864,0.92292506,0.94952387,0.95711386,0.9750792,0.9509708,0.953376,0.949171,0.94880044,0.9474637,0.95648974,0.9654166,0.9755919,0.95453626,0.94548726,0.93919706,0.9466302,0.95508164,0.93656445,0.9431873,0.945046,0.9173197,0.94943637,0.9422403,0.96514064,0.89307386,0.9415225,0.9571895,0.9479971,0.9310029,0.9576288,0.9505683,0.9755919,0.93449605,0.94956374,0.9569272,0.958784
artofracingmovie,0.9549722,0.93248993,0.96246666,0.9468204,0.9856198,0.93539476,0.9691116,0.9613039,0.9789287,0.9702699,0.9527396,0.9653157,0.95886713,0.9658859,0.9545121,0.9616691,0.9599269,0.9999996,0.93304336,0.9274074,0.9542936,0.95600563,0.95031756,0.9613442,0.94658107,0.82499534,0.9537527,0.94783604,0.95904803,0.94837344,0.91848415,0.96210647,0.91974694,0.93623316,0.900665,0.8791411,0.9670573,0.9455508,0.95627886,0.9523423,0.95812523,0.9577144,0.9451046,0.9525371,0.9404869,0.9625142,0.9441168,0.9624003,0.9358656,0.95941776,0.96270454,0.9577497,0.94863266,0.94890994,0.9311562,0.9749199,0.9473947,0.9530159,0.94968104,0.96562475,0.9450575,0.94615656,0.9410503,0.97074234,0.94465935,0.94154894,0.95543224,0.9407067,0.94402516,0.93625295,0.9627822,0.7549293,0.94545,0.9620353,0.9443517,0.94448245,0.9127706,0.9622503,0.9522299,0.9586419,0.95360595,0.9358421,0.96470094,0.9509227,0.94187725,0.94101536,0.9353752,0.9678555,0.954807,0.96482813,0.95671237,0.9627822,0.956519,0.95060223,0.95251316,0.953988,0.9562883,0.96181303,0.94842094,0.95400876,0.95781153,0.96054184,0.9536822,0.9590699,0.95489377,0.96537334,0.9604477,0.9661768,0.9478078,0.9381995,0.9652208,0.8645236,0.94076866,0.89026994,0.9535223,0.94601744,0.9636442,0.9578465,0.95902294,0.960471,0.93997186,0.9366476,0.9619416,0.93265855,0.95247304,0.9590757,0.9644763,0.92501557,0.978203,0.91776294,0.9543903,0.9681555,0.9623349,0.9423664,0.9513089,0.94381285,0.9548836,0.9506956,0.9595808,0.9694852,0.9789287,0.9582895,0.9470452,0.96296036,0.96231246,0.9540103,0.9379597,0.93445253,0.96911407,0.9218537,0.96348023,0.9460227,0.9616368,0.89586186,0.96227604,0.9678366,0.9373517,0.9499917,0.94350463,0.9475048,0.9789287,0.9528663,0.9467945,0.9556397,0.9433022
avengers,0.9759842,0.9316052,0.9581155,0.9425508,0.92498285,0.9307131,0.9536808,0.9533638,0.9726722,0.9449496,0.9517233,0.9514698,0.96666205,0.9347729,0.95625633,0.9596567,0.9426484,0.93304336,1.0000002,0.9541248,0.95373553,0.94820917,0.95997936,0.9455047,0.94908047,0.8788085,0.929805,0.9440003,0.9503708,0.9573597,0.9743742,0.9541939,0.93944097,0.9455049,0.90247923,0.86439365,0.96228456,0.9557715,0.945419,0.9573115,0.9514768,0.95900345,0.9172073,0.96157193,0.9524738,0.9449179,0.9573201,0.9526971,0.94873405,0.9593061,0.9625238,0.96095765,0.9582544,0.9417043,0.9349778,0.91812426,0.935945,0.9529499,0.95820713,0.9534422,0.94888306,0.95324266,0.9434854,0.9501325,0.93619686,0.9415168,0.9283793,0.9597262,0.92687154,0.9217662,0.9629805,0.7683492,0.91603047,0.9546752,0.9246711,0.9341544,0.90916187,0.95085526,0.9521638,0.94774693,0.95701987,0.9499015,0.97083443,0.94535357,0.9421887,0.9637329,0.9505918,0.9629748,0.95839554,0.9473721,0.9407037,0.9629805,0.9536958,0.9272159,0.95919514,0.9546785,0.94719017,0.94506204,0.9549146,0.9348627,0.929667,0.93289435,0.92302984,0.9678799,0.93062615,0.95563656,0.9377227,0.9592402,0.9196995,0.9611783,0.9674584,0.8317259,0.94632846,0.8686269,0.9344319,0.9417153,0.96188176,0.94911706,0.9511626,0.9484792,0.9638994,0.95852536,0.9406271,0.9318882,0.953217,0.9574587,0.93286395,0.95520175,0.92797107,0.948963,0.9513256,0.9211807,0.9511966,0.9292206,0.9481828,0.94969845,0.95790255,0.9416206,0.9577353,0.9457434,0.9726722,0.9505334,0.919117,0.9549038,0.9515251,0.9629029,0.9129704,0.9255056,0.9592978,0.94193715,0.9513599,0.9514794,0.95732796,0.9123308,0.9272067,0.945747,0.94097865,0.9483094,0.9460307,0.95171,0.9726722,0.92718434,0.9509567,0.9538164,0.96077
beachbummovie,0.9473858,0.93178296,0.934873,0.92676747,0.9178812,0.9176574,0.9386106,0.9375632,0.9624975,0.9381205,0.94320613,0.93475026,0.9437262,0.94462574,0.9716812,0.9366218,0.9379625,0.9274074,0.9541248,1.0000004,0.92297655,0.9448062,0.9467875,0.94128746,0.9399515,0.8689184,0.92617375,0.9351037,0.91868526,0.94089204,0.94498044,0.93214554,0.90500474,0.92057264,0.8891016,0.85259026,0.941744,0.9382601,0.9449728,0.941346,0.91971034,0.9328445,0.90563637,0.93344885,0.9537631,0.94427776,0.9416805,0.9489004,0.92285997,0.94031733,0.9385052,0.9362725,0.9437869,0.9261692,0.94450563,0.92540383,0.9245618,0.9328554,0.9564743,0.94725156,0.9188158,0.9447426,0.9487471,0.9335587,0.91510445,0.9189722,0.9152464,0.9260089,0.91357034,0.9295355,0.9626833,0.75648963,0.9162992,0.94151217,0.922133,0.913004,0.9118811,0.9300134,0.94566494,0.9436525,0.9372826,0.9332924,0.94793576,0.9233154,0.93149084,0.9354347,0.93132025,0.94995993,0.94439095,0.9502879,0.92853904,0.9626833,0.9401927,0.92362756,0.93463475,0.9326952,0.94161475,0.9602837,0.9349696,0.9267147,0.92463005,0.94295526,0.8893945,0.96011245,0.9343599,0.92779,0.94085765,0.94624084,0.90613836,0.9359392,0.9510832,0.8323426,0.9505735,0.87959385,0.9286651,0.9172942,0.9398412,0.9380119,0.9440774,0.93513453,0.9404982,0.9393022,0.9532838,0.9175607,0.94421667,0.94787675,0.92253315,0.91930866,0.9291684,0.91628027,0.9331662,0.9087251,0.94548094,0.9267359,0.93457276,0.9350707,0.92873025,0.9301584,0.9588131,0.93505543,0.9624975,0.92265546,0.9123565,0.93758315,0.9294092,0.94361633,0.9004229,0.91638833,0.9544928,0.9365982,0.9428304,0.92429763,0.9436705,0.8938485,0.92635155,0.94638336,0.93800044,0.94632846,0.9300851,0.938512,0.9624975,0.9195984,0.9355873,0.933864,0.9341981
bernadettefilm,0.95211345,0.9372646,0.9473678,0.94507724,0.94779974,0.9259291,0.9619031,0.94977,0.9719792,0.95835125,0.9403747,0.9519439,0.9602262,0.9333911,0.9471712,0.9542548,0.9622184,0.9542936,0.95373553,0.92297655,0.9999997,0.9342836,0.9498201,0.9390575,0.94200927,0.8377189,0.9311936,0.95709306,0.94914883,0.955944,0.9381014,0.9533109,0.9215604,0.9297161,0.9045039,0.8887266,0.95828444,0.94569474,0.9461059,0.94305485,0.9494232,0.94599134,0.9147481,0.9490275,0.9253963,0.95404035,0.9476269,0.9516347,0.945959,0.9519251,0.9579231,0.9562049,0.9475214,0.93354875,0.9217104,0.94815546,0.9432135,0.95230204,0.9401811,0.95137393,0.9308256,0.9480911,0.9338328,0.94123936,0.93696547,0.9334648,0.93574655,0.9440864,0.9314946,0.9415739,0.9523469,0.76510406,0.9287441,0.96841145,0.9246157,0.92365205,0.89015853,0.95740306,0.9382251,0.9445695,0.9436179,0.9377746,0.9512685,0.946578,0.91686106,0.9438613,0.9326744,0.9693026,0.94793266,0.9376472,0.94432986,0.9523469,0.9473694,0.9267293,0.951825,0.9600581,0.94897354,0.927373,0.9499695,0.9297786,0.9415696,0.94622004,0.9410777,0.9611201,0.9309718,0.9553349,0.9450543,0.9435925,0.92536306,0.94890845,0.9519323,0.8310897,0.9355595,0.8693461,0.9530173,0.92464906,0.94923115,0.94986486,0.9403197,0.9521496,0.9318652,0.9513751,0.9462755,0.92170143,0.9529085,0.9412048,0.95250994,0.93997836,0.950014,0.92788583,0.95483124,0.9504508,0.95673,0.9326482,0.9502244,0.95272917,0.9545707,0.946643,0.9485326,0.95210433,0.9719792,0.95232904,0.9283791,0.9475774,0.96235645,0.9535239,0.9135925,0.9221662,0.93826234,0.9102015,0.95525235,0.9450422,0.9517378,0.9070858,0.9304279,0.94796056,0.92194015,0.92647606,0.9502882,0.9408967,0.9719792,0.9127295,0.9479789,0.946357,0.95492494
