movie,21bridgesmovie,47metersdown,abeautifuldaymovie,abominablemovie,adastramovie,adogsjourneymovie,aftermathmovie,aftermovie,ahiddenlifefilm,alitamovie,angelhasfallen,angrybirdsmovie,annabellemovie,annamovie,apollo11movie,arcticdogsmovie,arcticmovie,artofracingmovie,avengers,beachbummovie,bernadettefilm,blackandbluemovie,blackchristmas,blindedbythelightmovie,bombshellmovie,booksmart,breakthroughmovie,brianbanksmovie,brightburnmovie,brittanyrunsmov,captainmarvelofficial,captivestatemovie,catsmovie,charliesangels,childsplaymovie,clarathefilm,coldpursuitmovie,countdown,currentwarmovie,darkwatersmovie,detectivepikachumovie,disneyaladdin,disneyfrozen,disneymaleficent,doctorsleepmovie,dolemiteismyname,dontletgomovie,doramovie,downtonabbey_official,dumbo,escaperoom,everybodyknowsmovie,fastandfuriousmovie,fightingwmyfam,fivefeetapartfilm,fordvferrari,freaksthefilm,geminimanmovie,glassmovie,gloriabellmovie,godzillamovie,goldfinchmovie,goodboysmovie,goodliarmovie,gretafilm,halathemovie,happydeathdaymovie,harrietfilm,hellboymovie,hersmellmovie,highlifemovie,highstrungmovie,honeyboymovie,hotelmumbaifilm,httydragon,hustlemovie,hustlersmovie,isntitromantic,itmovieofficial,jayandsilentbob,johnwickmovie,jojorabbitmovie,jokermovie,judythefilm,jumanjimovie,justmercyfilm,knivesout,lalloronamovie,lastblackmansf,lastchristmasthemovie,latenightmovie,lighthousemovie,lionking,littlethemovie,littlewomenmovie,littlewoodsfilm,longshotmovie,lordsofchaosmovie,lucyintheskyfilm,mamovie2019,marriagestory,meettheaddams,meninblack,midsommarmovie,midwaymovie,missbalamovie,missinglinkfilm,motherlessbklyn,onceinhollywood,onthebasisofsex,overcomermovie,peanutbutterfalcon,petsematarymovie,piercingmovie,playingwithfire,playmobilthemovie,pomsmovie,queenandslim,rambomovie,readyornotfilm,richardjewellfilm,rocketmanmovie,scarystoriesmovie,secretlifeofpets,serenityfilm,shaftmovie,shazammovie,spidermanmovie,spiesindisguise,starwars,stormboymovie,stubermovie,taosdfilm,teenspiritmov,terminator,theaeronautsmov,thebestofenemies,thedeaddontdie,thefarewell,thehighwaymen,thehummingbirdprojectfilm,theintrudermovie,theirishmanfilm,thekitchenmovie,thelegomovie,themustangfilm,thenightingalefilm,theprodigymovie,thesunisalsoastar,theupsidefilm,tolkienmovie,toystory,triplefrontier,uglydolls,uncutgems,underthesilverlake,usmovie,wavesmovie,whatmenwant,wonderparkmovie,wrinklestheclown,xmenmovies,yardiefilm,yesterdaymovie,zombieland
21bridgesmovie,1.0000004,0.94922227,0.9659672,0.9498736,0.9683769,0.942478,0.95821315,0.95100266,0.98098826,0.95019567,0.9570024,0.9531893,0.9654946,0.9500377,0.9388545,0.9700265,0.9451318,0.968722,0.9682788,0.93121785,0.96554095,0.960876,0.9535993,0.9552845,0.94635254,0.772459,0.96247566,0.9483424,0.96281683,0.9497557,0.9533881,0.96267426,0.9460559,0.95037544,0.94055307,0.9239003,0.96383375,0.97281855,0.95996046,0.96221614,0.96463174,0.9673822,0.9329451,0.9646671,0.9701183,0.96987224,0.9588513,0.9562126,0.9446494,0.9663902,0.9753713,0.95803493,0.9590304,0.9294471,0.9417387,0.96214736,0.9473818,0.9641041,0.95917004,0.9655702,0.947162,0.9576383,0.966774,0.95725274,0.94170994,0.94835126,0.9301527,0.955702,0.9490217,0.9352627,0.97002316,0.7497068,0.9556916,0.9546467,0.94164294,0.9368831,0.9090148,0.95650715,0.93214536,0.9260496,0.93751764,0.93568856,0.96834326,0.9386872,0.9561496,0.9517236,0.95449704,0.9645448,0.95097136,0.96140474,0.9667135,0.97002316,0.95628875,0.95193684,0.9651581,0.95404524,0.9636415,0.94988334,0.9707393,0.94418067,0.95008594,0.9409231,0.95230204,0.9552492,0.9399098,0.9695768,0.9590019,0.9518934,0.9504943,0.9346414,0.9666889,0.8544007,0.9654698,0.9430018,0.95875484,0.9778671,0.9921153,0.9453494,0.95095295,0.9466166,0.9547891,0.9643559,0.9596188,0.94281644,0.9734048,0.9610501,0.95429564,0.9437947,0.9570466,0.91093075,0.942443,0.9465133,0.9567628,0.93447244,0.95511454,0.95500565,0.9600473,0.9441695,0.96874624,0.9407133,0.98098826,0.9671464,0.9282349,0.9519082,0.97220516,0.95414656,0.96352935,0.94414157,0.96088654,0.9680063,0.95236546,0.9647486,0.9526162,0.93976355,0.93937045,0.96039236,0.9334397,0.96485466,0.9541738,0.9694728,0.98098826,0.9389741,0.9767429,0.94974715,0.96463317
47metersdown,0.94922227,1.0,0.9396977,0.9504686,0.9391675,0.9476402,0.9340684,0.9457491,0.9629775,0.9409843,0.928168,0.9523858,0.93758774,0.95790166,0.93981713,0.9548292,0.94152784,0.9375998,0.9383242,0.9259037,0.94075173,0.9471588,0.9422893,0.93441933,0.9134442,0.7691173,0.95156956,0.9373262,0.9528321,0.9216421,0.95452183,0.9410484,0.9519281,0.92723817,0.9106367,0.87341094,0.9450883,0.9508355,0.94260496,0.95477474,0.9116568,0.9574573,0.91262776,0.9576584,0.96218985,0.9461002,0.94582385,0.95034665,0.9176752,0.9651048,0.9571886,0.94941455,0.94523823,0.9141024,0.91377956,0.94239014,0.92086047,0.9326846,0.9594204,0.9519071,0.89444363,0.9565717,0.95430964,0.94224095,0.9304764,0.94495666,0.9041408,0.94102985,0.92760223,0.9194623,0.9567615,0.74287033,0.9362215,0.9328859,0.9288191,0.945954,0.879628,0.94878066,0.9377359,0.9439146,0.9240497,0.93884945,0.9277056,0.9263515,0.92876154,0.9568167,0.9350365,0.95311964,0.95635056,0.9413722,0.9560852,0.9567615,0.9751465,0.9351529,0.94732815,0.9462639,0.95069,0.92895055,0.9369528,0.93281084,0.9199353,0.9312696,0.93496674,0.936366,0.9371208,0.9548291,0.93340075,0.94059134,0.9370797,0.93095446,0.9371878,0.85310906,0.94887984,0.9242437,0.9571412,0.93760616,0.9470627,0.93769777,0.95178956,0.92457443,0.91127676,0.96086407,0.94087225,0.93523514,0.96688515,0.9599207,0.9518287,0.93914616,0.9497871,0.9135828,0.9202164,0.9465325,0.9413098,0.891072,0.9416904,0.9279139,0.91076165,0.92937326,0.95082635,0.9160603,0.9629775,0.95273775,0.9136859,0.94663835,0.9535751,0.94175595,0.92967737,0.92115766,0.9324428,0.9270771,0.9413043,0.9544643,0.93145716,0.9066074,0.9295393,0.94750196,0.9360014,0.95241255,0.94222003,0.95206743,0.9629775,0.9421813,0.9465765,0.9439663,0.94694066
abeautifuldaymovie,0.9659672,0.9396977,0.99999994,0.93969256,0.9481125,0.9480917,0.93477064,0.9578448,0.9760276,0.92408454,0.96212536,0.9504458,0.96368104,0.95321006,0.9511004,0.96467423,0.9520387,0.9640613,0.9609292,0.94783384,0.95249146,0.96825427,0.9525827,0.9512468,0.9415134,0.7825086,0.949695,0.9468886,0.96144307,0.9418837,0.9536389,0.94954044,0.93223506,0.95423806,0.92335445,0.906717,0.961376,0.9578861,0.94587255,0.9533654,0.9518164,0.9508472,0.9235211,0.953293,0.9639994,0.96449673,0.955495,0.96391267,0.9379863,0.9603833,0.97190046,0.95626664,0.9565218,0.9313202,0.94925684,0.94949275,0.941985,0.95236105,0.95260996,0.9467689,0.94878215,0.95373225,0.9609007,0.9532687,0.92895514,0.9461725,0.9285007,0.95163697,0.9532155,0.9351096,0.9595547,0.7542532,0.9492398,0.9397547,0.9367256,0.92800874,0.89048684,0.95457876,0.93885624,0.9355601,0.94265527,0.93024606,0.95207477,0.92471397,0.962606,0.94846016,0.96049726,0.9644121,0.9435838,0.9594579,0.9599252,0.9595547,0.94360006,0.94367015,0.9673806,0.95212346,0.95329446,0.95816696,0.9439451,0.9380471,0.94835794,0.9421511,0.9673736,0.940326,0.93711096,0.96327925,0.9581099,0.95608115,0.9572612,0.93090194,0.9623085,0.85038584,0.95996076,0.9192077,0.95183456,0.96133685,0.96932983,0.942267,0.95549816,0.93215275,0.93528056,0.9656511,0.9467547,0.9412925,0.95829403,0.95909667,0.9490484,0.942746,0.9333771,0.9306286,0.94389725,0.9324652,0.9469573,0.908667,0.9603876,0.94595,0.9485616,0.94646466,0.9554244,0.94743156,0.9760276,0.96876,0.93921435,0.9602079,0.96734565,0.94158804,0.94753796,0.9297233,0.95727926,0.94616586,0.93446815,0.9771095,0.9517569,0.92463267,0.93951285,0.9447941,0.93014324,0.95571077,0.9618152,0.9579369,0.9760276,0.93610835,0.9591286,0.94403136,0.965236
abominablemovie,0.9498736,0.9504686,0.93969256,0.99999994,0.95428145,0.95478207,0.9320324,0.96411926,0.9710378,0.9467117,0.93655884,0.94752276,0.95376974,0.9573104,0.94348717,0.95405126,0.95154035,0.95860654,0.95316595,0.93410915,0.9517561,0.94655526,0.96149635,0.9413758,0.92291266,0.7765004,0.9582492,0.9464515,0.96009684,0.9304546,0.95726496,0.9554643,0.95822436,0.9465651,0.9248139,0.8818024,0.9694085,0.95738864,0.96910673,0.95204294,0.92939997,0.9710495,0.92909086,0.9660578,0.97650886,0.9429362,0.95514625,0.95358616,0.928688,0.9702043,0.9631831,0.9518276,0.9420871,0.9223728,0.93756753,0.94807565,0.93705535,0.9502611,0.96577203,0.957497,0.9122463,0.9587357,0.95870644,0.9618237,0.93165976,0.9503589,0.93219554,0.93789715,0.91475147,0.94037557,0.9674383,0.73682845,0.9487627,0.9450745,0.96132576,0.93986565,0.9135285,0.95610243,0.94808877,0.94092304,0.94210285,0.9442609,0.9520485,0.9228958,0.9540443,0.9356134,0.9356861,0.9530074,0.95161074,0.96103346,0.9616866,0.9674383,0.95595044,0.95234084,0.9589009,0.95213765,0.94230175,0.94058925,0.9443109,0.96167654,0.93496376,0.9256982,0.9443278,0.9542824,0.9521744,0.96044505,0.94439834,0.9630731,0.9401105,0.9059868,0.96351534,0.8617451,0.958163,0.9114733,0.954158,0.9395587,0.95332694,0.9518002,0.95993686,0.92254055,0.95449096,0.95657927,0.95705956,0.9416898,0.9648466,0.9628822,0.9692961,0.955069,0.96051586,0.91743743,0.9390058,0.9425277,0.9462466,0.92710435,0.948395,0.9469208,0.9339691,0.9270082,0.958079,0.93882257,0.9710378,0.952102,0.93049616,0.95812064,0.9594533,0.9430072,0.9507248,0.9392508,0.9550042,0.92845345,0.9496455,0.9348075,0.9419539,0.91733235,0.95141757,0.9551026,0.9579935,0.96606904,0.9610685,0.95696896,0.9710378,0.9499131,0.9646548,0.96007496,0.9494843
adastramovie,0.9683769,0.9391675,0.9481125,0.95428145,0.99999994,0.93412554,0.9478287,0.94119126,0.9712885,0.9475847,0.93670595,0.93709725,0.9619478,0.9463331,0.9310041,0.9467441,0.95062023,0.97422904,0.946078,0.92549187,0.95440704,0.95074624,0.9432274,0.9473553,0.93149215,0.762913,0.9528753,0.94658893,0.9502141,0.9328362,0.94801307,0.94398475,0.9417638,0.92541033,0.9103204,0.9057914,0.9641929,0.96364194,0.95649785,0.94803077,0.94056374,0.9585641,0.9228512,0.9565835,0.96148795,0.95092136,0.945784,0.9402417,0.9423562,0.957569,0.9653316,0.9638988,0.9434397,0.91858536,0.92646456,0.970468,0.9340443,0.95108014,0.94518536,0.955393,0.9358772,0.9468165,0.9557924,0.9489053,0.9481379,0.94195443,0.94159466,0.95184016,0.94170153,0.9355828,0.96455985,0.76034576,0.9478034,0.94787306,0.9307526,0.92806953,0.9022455,0.9399414,0.92807066,0.92238444,0.9301715,0.9416528,0.9614872,0.92970115,0.94972265,0.9474701,0.947276,0.9660541,0.9481145,0.9532187,0.9545442,0.96455985,0.94042534,0.93677056,0.9561761,0.9499864,0.9517265,0.9432047,0.97294533,0.93388534,0.9428124,0.93474185,0.9475963,0.9500652,0.9354324,0.9650048,0.9427908,0.945713,0.92376786,0.92925066,0.94470876,0.8544443,0.9447878,0.9335357,0.9525511,0.95117635,0.97158056,0.92920625,0.94945836,0.93065786,0.948586,0.9544206,0.95120007,0.93834454,0.96041137,0.9471244,0.95045453,0.93972945,0.95784944,0.90117204,0.9384575,0.9554794,0.951827,0.9209136,0.9426634,0.94559157,0.939871,0.9344757,0.96349746,0.9380754,0.9712885,0.9532192,0.92967564,0.94346714,0.95762044,0.9558588,0.9479233,0.91789234,0.93904424,0.94466835,0.9570105,0.9448966,0.9537258,0.91390127,0.9428584,0.95316535,0.92867,0.96183735,0.9366153,0.9478885,0.9712885,0.9334779,0.9631167,0.93832403,0.954262
adogsjourneymovie,0.942478,0.9476402,0.9480917,0.95478207,0.93412554,1.0000002,0.9207349,0.9534534,0.9672713,0.94676626,0.9363814,0.96272486,0.95189047,0.9583671,0.95725673,0.9513408,0.9517592,0.9543736,0.95445925,0.9432668,0.9311335,0.9476244,0.96786094,0.95117444,0.91470724,0.8015946,0.9609283,0.9508875,0.9556928,0.9386649,0.9629841,0.95571715,0.95655805,0.9388389,0.91488785,0.88097113,0.9542602,0.94686615,0.9597257,0.94441146,0.9252405,0.9632414,0.9157582,0.95475906,0.96280295,0.95328367,0.9678662,0.9590032,0.94101936,0.95766526,0.9613364,0.9585999,0.95805466,0.92653877,0.9287896,0.9398404,0.9255304,0.9505102,0.95817167,0.95566326,0.9043828,0.9483535,0.9593293,0.9563876,0.9459769,0.9582955,0.93531686,0.9366472,0.9341382,0.94153357,0.9625527,0.7364565,0.9590065,0.94864345,0.96192414,0.9242111,0.90308833,0.94835544,0.95274466,0.95348066,0.91738194,0.9395353,0.9433314,0.9237865,0.9595384,0.9436554,0.93620706,0.947812,0.95564085,0.9481082,0.957743,0.9625527,0.9545179,0.9528984,0.960184,0.95337933,0.93901145,0.94221914,0.9354357,0.9486702,0.95091075,0.9292788,0.94943136,0.9530101,0.9443851,0.9501892,0.9396763,0.96533394,0.9431115,0.93272424,0.9526236,0.8881605,0.9563558,0.9254948,0.9425138,0.919214,0.945351,0.9644446,0.9481047,0.92154455,0.93724865,0.9626621,0.9523435,0.9631923,0.9529357,0.9576187,0.9557351,0.9595931,0.96318173,0.9135132,0.93878,0.9461587,0.94366896,0.8987299,0.96599627,0.9438113,0.91512966,0.93363464,0.9540836,0.949659,0.9672713,0.9582601,0.9480653,0.9662991,0.9576922,0.9434534,0.9309492,0.9392156,0.9531158,0.9252315,0.94072586,0.94145286,0.9492999,0.88700867,0.9452179,0.9502568,0.95994717,0.95705277,0.95973927,0.9406261,0.9672713,0.9527862,0.9409199,0.9713056,0.9431211
aftermathmovie,0.95821315,0.9340684,0.93477064,0.9320324,0.9478287,0.9207349,1.0000004,0.92331415,0.9674854,0.92573935,0.94361097,0.939526,0.96356606,0.93313915,0.92332417,0.9438655,0.9240919,0.94333184,0.93679905,0.9194732,0.9462448,0.9543079,0.9225116,0.93863046,0.91818607,0.74503577,0.95021564,0.93975234,0.94167256,0.92408895,0.9372419,0.9374764,0.9279681,0.92949146,0.9200244,0.89706403,0.9599371,0.95661134,0.94903815,0.9386121,0.9411262,0.9440918,0.91960657,0.9297735,0.95554525,0.94583166,0.92382354,0.9419112,0.94045174,0.9375631,0.9532155,0.95362633,0.94148487,0.9162447,0.91558915,0.9442417,0.92422247,0.9472949,0.9289524,0.95915663,0.9207665,0.94335824,0.933738,0.94624645,0.92860883,0.9456812,0.93034786,0.93298775,0.9340256,0.92263186,0.9612651,0.7734148,0.9345512,0.9482839,0.9239364,0.93004894,0.90029395,0.94410616,0.9330998,0.9239369,0.907778,0.95588416,0.9501023,0.94367635,0.9451626,0.9252998,0.9448381,0.96379215,0.9463248,0.95769143,0.9499543,0.9612651,0.92909384,0.93592036,0.9500003,0.9372028,0.94021875,0.94661796,0.9712477,0.9164632,0.9394452,0.91388065,0.93015337,0.9345845,0.915411,0.95341176,0.9363512,0.94734704,0.92224646,0.9091867,0.9503788,0.86258376,0.9503653,0.9179415,0.94117934,0.9525267,0.9651824,0.926579,0.9433551,0.98232824,0.9412104,0.95952195,0.94598305,0.93525493,0.9467681,0.94446766,0.94139796,0.91001475,0.93805206,0.88910854,0.9371113,0.91401577,0.92462313,0.8974752,0.9473441,0.9325947,0.9457164,0.94135106,0.96543694,0.9166406,0.9674854,0.9539623,0.93035877,0.949013,0.95304334,0.9529159,0.9499241,0.92399186,0.95560366,0.95348996,0.9756585,0.93521553,0.9338589,0.9070692,0.94744575,0.95266396,0.9106026,0.9564954,0.9351717,0.9443975,0.9674854,0.9240562,0.95955354,0.9334604,0.9408942
aftermovie,0.95100266,0.9457491,0.9578448,0.96411926,0.94119126,0.9534534,0.92331415,1.0,0.9734936,0.9537088,0.94818074,0.9535644,0.9571596,0.9545306,0.9413089,0.95911133,0.9492825,0.94732845,0.9603481,0.93589556,0.94614744,0.94543666,0.9658624,0.94139546,0.93189484,0.7744561,0.95559454,0.94937336,0.9597223,0.95083594,0.95392144,0.97015387,0.9539923,0.9494266,0.91676354,0.8850776,0.95925623,0.9557253,0.96185476,0.9641515,0.93218756,0.9704605,0.9429847,0.9630205,0.96879095,0.9575655,0.97028995,0.9568772,0.93217915,0.96679187,0.95736814,0.95307714,0.94831496,0.9313644,0.9565153,0.9421946,0.936225,0.9644998,0.96491903,0.96103704,0.91314137,0.9627759,0.959794,0.9448417,0.9347445,0.9517169,0.92077535,0.94158745,0.93046105,0.94018906,0.9692749,0.72378206,0.94521445,0.95529854,0.94918895,0.9377504,0.9034343,0.95698816,0.9584127,0.9400649,0.93861115,0.92282295,0.9533268,0.9019388,0.945984,0.94114816,0.9484942,0.95646167,0.95008945,0.9563325,0.9556381,0.9692749,0.9558063,0.9421902,0.95753604,0.9500004,0.9423287,0.94264907,0.9428806,0.96323603,0.94238293,0.9259361,0.94707096,0.9607432,0.96407557,0.9506576,0.95638394,0.9637596,0.94649166,0.9268885,0.9714994,0.8602499,0.95273316,0.91915244,0.9453022,0.94591266,0.95684767,0.9413741,0.9545281,0.92335165,0.9507707,0.96620345,0.95834327,0.9434847,0.9598616,0.9468282,0.95973235,0.94961053,0.95593494,0.93373454,0.9277898,0.93561184,0.94602555,0.91492647,0.95793873,0.9601015,0.9300982,0.9335318,0.9551483,0.9544614,0.9734936,0.9520477,0.93075234,0.9624411,0.9584273,0.9522589,0.9639673,0.932058,0.957279,0.9396467,0.9373718,0.9496234,0.94780684,0.93010974,0.9617767,0.9516859,0.95462215,0.9710481,0.9631746,0.9604471,0.9734936,0.9449446,0.9657769,0.9656969,0.9559771
ahiddenlifefilm,0.98098826,0.9629775,0.9760276,0.9710378,0.9712885,0.9672713,0.9674854,0.9734936,0.9999997,0.9609867,0.9703512,0.97427994,0.9800122,0.9776287,0.96934104,0.97644675,0.97054,0.977108,0.97639763,0.9575122,0.9752194,0.9766087,0.9759206,0.97742397,0.95323783,0.78860396,0.97292846,0.97482055,0.9760229,0.9625953,0.9748602,0.97573036,0.9679902,0.9602475,0.9494056,0.9190332,0.9851214,0.97888523,0.9799777,0.9759688,0.967652,0.98328304,0.95530576,0.98007774,0.98831785,0.9773952,0.9764437,0.9786696,0.970307,0.9842084,0.9854597,0.98193794,0.9731662,0.9518208,0.95560384,0.97027135,0.95956194,0.9798962,0.97713,0.9843875,0.9480436,0.9804577,0.9771809,0.9776194,0.96383834,0.972304,0.96093357,0.96952444,0.96418476,0.9607783,0.990738,0.75253755,0.9692191,0.97658825,0.9677002,0.9581475,0.91609323,0.9766414,0.9640587,0.9577217,0.9567525,0.95697534,0.9755467,0.95637447,0.97460175,0.967935,0.96855783,0.9816248,0.9738962,0.9852925,0.981769,0.990738,0.9696513,0.9701959,0.978829,0.97212523,0.9745247,0.9719807,0.9715586,0.9670603,0.97025526,0.9559384,0.96814996,0.97123754,0.9693873,0.9807211,0.97745067,0.9785951,0.9601515,0.95045877,0.98175484,0.87527657,0.981217,0.9448331,0.9692975,0.9753949,0.98448604,0.9680119,0.9785551,0.96172404,0.9666651,0.9849301,0.9789193,0.96264017,0.98020655,0.98009795,0.97566795,0.96596664,0.9739373,0.94164574,0.96488905,0.9611426,0.9693369,0.9373569,0.98054457,0.97048146,0.96113604,0.9645642,0.98652405,0.9648898,0.9999997,0.9804526,0.9578316,0.97897357,0.9795321,0.97406834,0.97052145,0.95542485,0.9799704,0.9695305,0.9702371,0.97567123,0.9713205,0.93295544,0.97338474,0.98009723,0.96046805,0.98748404,0.97182465,0.9752162,0.9999997,0.96526444,0.9842932,0.9764033,0.9801687
alitamovie,0.95019567,0.9409843,0.92408454,0.9467117,0.9475847,0.94676626,0.92573935,0.9537088,0.9609867,1.0000002,0.9258304,0.93066955,0.947275,0.9488289,0.9428421,0.9346741,0.93873113,0.9413355,0.9478711,0.9325582,0.9403846,0.944672,0.9520052,0.9212275,0.91623324,0.7487969,0.934671,0.9315468,0.9514632,0.930183,0.9442679,0.9569471,0.95563436,0.9251005,0.9157623,0.8657172,0.95077556,0.95050055,0.9464286,0.94170374,0.9156415,0.9593721,0.91475415,0.9507872,0.9559294,0.94613385,0.9535197,0.9342739,0.9280904,0.9518097,0.9517621,0.94324315,0.94089097,0.9224303,0.92520237,0.9493271,0.9163295,0.9485209,0.95112294,0.9589398,0.8951193,0.9533065,0.9466028,0.9476513,0.9324716,0.9433405,0.9240175,0.9370886,0.92369395,0.92692757,0.96195084,0.69806725,0.9406042,0.93046486,0.9315276,0.92000246,0.8922493,0.9293734,0.92767924,0.9296608,0.92038447,0.91079015,0.94718224,0.91526175,0.9297675,0.9341891,0.9222382,0.9439719,0.95579565,0.9460101,0.94952184,0.96195084,0.947681,0.942254,0.9452501,0.9345585,0.93770707,0.9258764,0.9387002,0.9480259,0.92885447,0.93145835,0.9203611,0.94663614,0.9488447,0.94582367,0.9273175,0.9479924,0.9293037,0.92131144,0.93464625,0.8495669,0.9431342,0.91447514,0.92991376,0.93842316,0.9479352,0.94517815,0.9223666,0.9082069,0.94701993,0.9545639,0.9520567,0.9306292,0.9520441,0.9433994,0.9420887,0.9505692,0.9459097,0.91748375,0.9147195,0.93393975,0.9399614,0.91849226,0.9479736,0.9416135,0.9128536,0.9291634,0.9531967,0.9340555,0.9609867,0.94955856,0.9194519,0.9377411,0.9431854,0.95038646,0.93272346,0.9294927,0.9292176,0.93712056,0.9342851,0.93155926,0.9465421,0.9217076,0.9345741,0.9494112,0.9369964,0.96214145,0.9418012,0.93558294,0.9609867,0.94296986,0.95533234,0.9466566,0.9376164
angelhasfallen,0.9570024,0.928168,0.96212536,0.93655884,0.93670595,0.9363814,0.94361097,0.94818074,0.9703512,0.9258304,0.99999994,0.9440805,0.9614015,0.94864,0.942167,0.95700085,0.9379971,0.9430377,0.9615916,0.9303828,0.9436269,0.95627147,0.93904674,0.9438194,0.9368573,0.75425774,0.9483245,0.93705904,0.95571095,0.9258588,0.9431258,0.9389488,0.92779356,0.95088273,0.92828393,0.9112656,0.95206475,0.9501533,0.93879527,0.9481181,0.9458294,0.9431504,0.9135254,0.9403704,0.9575075,0.9551678,0.9434316,0.9514998,0.9281459,0.9439972,0.9627255,0.95018065,0.9536323,0.9239154,0.95591515,0.93983954,0.9367032,0.9488155,0.94094604,0.95073783,0.9169756,0.9460457,0.9501248,0.94421566,0.923777,0.95941406,0.9276761,0.9303975,0.95758724,0.93343526,0.9636262,0.76089984,0.94537216,0.94363105,0.9443,0.9274375,0.91108465,0.9453437,0.93027544,0.9356056,0.9553957,0.9245059,0.946655,0.9356368,0.95484555,0.9340012,0.95171744,0.96366525,0.9442582,0.96263874,0.96444833,0.9636262,0.93933904,0.9447039,0.95792603,0.9541033,0.95402783,0.9446753,0.9395394,0.9424863,0.94367576,0.9227799,0.95129997,0.9403309,0.9373544,0.95684487,0.9626623,0.95117396,0.94411945,0.93083715,0.95638376,0.8632328,0.9583174,0.9213094,0.9392106,0.95352304,0.9559147,0.94002306,0.9396854,0.9353044,0.93466455,0.95971304,0.96222264,0.93030906,0.9537147,0.9494686,0.9541356,0.9435542,0.93052113,0.9261389,0.9356207,0.9087156,0.94544905,0.9163548,0.9550073,0.93414116,0.94239736,0.9399193,0.957796,0.93453074,0.9703512,0.9541131,0.9386535,0.96335393,0.94764966,0.93928796,0.9436937,0.9313845,0.9585722,0.9361985,0.94137114,0.95347303,0.94178075,0.90255725,0.9336294,0.95317066,0.91883165,0.95427465,0.9456634,0.9501549,0.9703512,0.9387583,0.9549213,0.9296399,0.9500853
angrybirdsmovie,0.9531893,0.9523858,0.9504458,0.94752276,0.93709725,0.96272486,0.939526,0.9535644,0.97427994,0.93066955,0.9440805,1.0000001,0.94533944,0.9610136,0.9488411,0.9553091,0.95020306,0.9575969,0.94559485,0.9394585,0.94921035,0.95348215,0.9612537,0.9598198,0.9083846,0.7855157,0.9606424,0.95466393,0.9516365,0.94967264,0.95427173,0.9498125,0.95160156,0.9571832,0.90426683,0.904277,0.95401126,0.9584963,0.95678425,0.95777357,0.9398962,0.96394426,0.9337152,0.95911634,0.9674901,0.9507708,0.96236706,0.96200883,0.94084907,0.9651706,0.9651664,0.95715356,0.9603494,0.93100846,0.93897027,0.9496119,0.9335624,0.95691836,0.95732474,0.9596872,0.9032352,0.94614404,0.9478439,0.94709873,0.9455477,0.9534032,0.92667425,0.9431955,0.9393045,0.91921663,0.9672934,0.7224661,0.96148354,0.96644926,0.9515365,0.9501998,0.906964,0.9669597,0.9483369,0.94556254,0.9262195,0.9498094,0.9384939,0.93263674,0.95765215,0.9436142,0.9390457,0.9488561,0.9505496,0.9614554,0.9648259,0.9672934,0.9586265,0.9581491,0.9625818,0.9625436,0.9429833,0.932095,0.93689984,0.9454435,0.9511028,0.9118541,0.9491759,0.95571965,0.9509146,0.9590731,0.966804,0.95525897,0.9301601,0.9409314,0.9642131,0.8705538,0.97113466,0.95222163,0.9542954,0.938656,0.9576666,0.94944715,0.96942484,0.9409142,0.93046826,0.965405,0.94916016,0.95832163,0.96011734,0.96550894,0.954574,0.9420604,0.9569773,0.9144357,0.9414794,0.9508606,0.9354015,0.9024019,0.968136,0.9473859,0.92029804,0.93218833,0.96866244,0.94989467,0.97427994,0.95830643,0.9420385,0.9611337,0.97296596,0.9484213,0.9460126,0.91675705,0.9525016,0.93393666,0.9501852,0.9497065,0.95776856,0.8883791,0.9506061,0.95179766,0.9539779,0.9668376,0.95386696,0.9587659,0.97427994,0.96244526,0.95387477,0.9660355,0.9615338
annabellemovie,0.9654946,0.93758774,0.96368104,0.95376974,0.9619478,0.95189047,0.96356606,0.9571596,0.9800122,0.947275,0.9614015,0.94533944,0.99999994,0.95214355,0.9371901,0.9563773,0.9490866,0.95963687,0.9703529,0.9306371,0.95756197,0.95872235,0.9508295,0.959204,0.94842243,0.7959574,0.9584788,0.9490513,0.9606117,0.9503505,0.955947,0.96259505,0.9425184,0.94616735,0.93143964,0.9119132,0.96322453,0.9683069,0.9655852,0.9583068,0.9608972,0.9654563,0.93837893,0.95363015,0.9738357,0.9619764,0.95283455,0.9579424,0.9564522,0.9562045,0.97046065,0.96455514,0.95919436,0.92992187,0.9422729,0.95703334,0.9362637,0.9681259,0.94478375,0.96309686,0.9502835,0.95201004,0.9634103,0.9620254,0.93618786,0.95731795,0.9465677,0.9406669,0.9428519,0.94372153,0.9671515,0.78629595,0.95110655,0.95623153,0.94627273,0.94206,0.916489,0.9528665,0.948015,0.9346051,0.9439235,0.956008,0.978403,0.9315632,0.9725022,0.9454821,0.96172875,0.9823968,0.94853187,0.96631306,0.9593852,0.9671515,0.93957925,0.9534405,0.9645923,0.9484964,0.9543515,0.96651816,0.9680061,0.94495314,0.95412755,0.9287827,0.9557154,0.94695985,0.9463725,0.9694801,0.94731987,0.97686404,0.95125806,0.93861854,0.96834815,0.868768,0.9591619,0.9273292,0.95054805,0.96223575,0.96820724,0.9469077,0.96052706,0.95581657,0.9680936,0.97164154,0.9616034,0.9488385,0.9616791,0.95191693,0.96262604,0.9519834,0.95827484,0.92138904,0.9489338,0.92761683,0.9445939,0.92008656,0.96609443,0.9596922,0.95198214,0.94996065,0.96083134,0.954493,0.9800122,0.9670865,0.9522352,0.97119343,0.9641007,0.96605694,0.9617811,0.93483794,0.9708345,0.95614296,0.9586213,0.95873785,0.9411469,0.9235254,0.95632267,0.95647043,0.9360984,0.97002864,0.95666957,0.9560026,0.9800122,0.9370134,0.9697978,0.9574924,0.9559116
annamovie,0.9500377,0.95790166,0.95321006,0.9573104,0.9463331,0.9583671,0.93313915,0.9545306,0.9776287,0.9488289,0.94864,0.9610136,0.95214355,1.0000001,0.9678297,0.9495472,0.95139194,0.949146,0.95669746,0.947415,0.9566466,0.9542558,0.963058,0.9572123,0.91098815,0.746083,0.95696425,0.95091593,0.95979255,0.93021417,0.9707862,0.9528183,0.9582916,0.9499955,0.92055017,0.87420803,0.96840847,0.96113926,0.95357335,0.95800066,0.9406469,0.96380883,0.94624925,0.9707943,0.9746955,0.9593501,0.9612962,0.9676588,0.9414853,0.9738127,0.9695181,0.9646591,0.9593308,0.93795425,0.94058806,0.9431843,0.9377769,0.9499313,0.97635555,0.964954,0.90378636,0.9655537,0.96046084,0.9774609,0.95781,0.9631156,0.93549013,0.95479083,0.94360226,0.92686343,0.9718766,0.6938108,0.9424843,0.94335914,0.95997816,0.94805163,0.8849476,0.9649556,0.9526356,0.9416462,0.9489641,0.9279994,0.94867355,0.93280405,0.9565134,0.9559676,0.94551796,0.95376414,0.96355796,0.9720699,0.968705,0.9718766,0.9602528,0.9522681,0.9681057,0.955756,0.95416003,0.9505692,0.9362401,0.9674764,0.95533836,0.94082433,0.953337,0.95375186,0.97371036,0.9667181,0.9657631,0.9633336,0.9256648,0.94591707,0.9570273,0.8519334,0.9633306,0.9331094,0.9503669,0.9474075,0.955301,0.9664831,0.95760703,0.9311323,0.947945,0.96370816,0.96614856,0.9413952,0.95890355,0.97512984,0.95677316,0.96380687,0.9458954,0.9564117,0.9514447,0.9494139,0.95504165,0.9139532,0.9693813,0.9392281,0.9279477,0.9389037,0.96285105,0.94865566,0.9776287,0.9612722,0.93929935,0.9589856,0.95421493,0.9470901,0.9445848,0.9379857,0.953438,0.93764025,0.9403327,0.9566251,0.95703495,0.90646803,0.9449042,0.9673246,0.94790256,0.9653769,0.958187,0.9527087,0.9776287,0.96366805,0.9567671,0.9623255,0.9620466
apollo11movie,0.9388545,0.93981713,0.9511004,0.94348717,0.9310041,0.95725673,0.92332417,0.9413089,0.96934104,0.9428421,0.942167,0.9488411,0.9371901,0.9678297,0.9999999,0.9420407,0.956635,0.9490114,0.9538072,0.9802231,0.95099604,0.95555806,0.96211123,0.9500736,0.91162556,0.75874084,0.93796617,0.95338255,0.94896,0.9190407,0.95457506,0.94733477,0.94244796,0.940787,0.92276156,0.8624625,0.96274626,0.937842,0.94977725,0.93761456,0.92453146,0.953618,0.9392827,0.95240784,0.9590926,0.95411694,0.95979714,0.96170056,0.94885176,0.96098846,0.95828617,0.95939314,0.9520697,0.9494033,0.924347,0.9370571,0.9438988,0.9364482,0.96011746,0.9488262,0.9034236,0.95835257,0.9497652,0.9571325,0.9550399,0.9568712,0.92867935,0.9550574,0.9371721,0.93579614,0.9600623,0.71399045,0.9464131,0.94459313,0.9539781,0.9257616,0.86015296,0.9477748,0.9400335,0.93884856,0.9422257,0.91743785,0.9398116,0.9455152,0.934225,0.948924,0.9327618,0.94631356,0.9626705,0.9648849,0.9506236,0.9600623,0.94929,0.9417567,0.9571541,0.96497875,0.9447513,0.94482344,0.915725,0.95705044,0.9434202,0.9505159,0.93212163,0.9359934,0.94859564,0.95119715,0.9537467,0.95449597,0.9378767,0.944342,0.9434072,0.8393061,0.9460445,0.9054244,0.94000244,0.9249182,0.93687403,0.9712377,0.94474095,0.9215417,0.92842436,0.9566723,0.95693874,0.92822474,0.9451453,0.9653053,0.9461212,0.95028305,0.9381153,0.9386913,0.95475847,0.94782865,0.95069885,0.89809203,0.9555344,0.9283736,0.92630994,0.9472056,0.95330036,0.9303832,0.96934104,0.95515805,0.93773407,0.9584169,0.94929874,0.9314814,0.909668,0.9454289,0.94962525,0.9198293,0.92808604,0.9518744,0.9556109,0.8840067,0.936741,0.9471024,0.9397752,0.95652944,0.94813067,0.9322312,0.96934104,0.9476746,0.9457966,0.9542903,0.9499844
arcticdogsmovie,0.9700265,0.9548292,0.96467423,0.95405126,0.9467441,0.9513408,0.9438655,0.95911133,0.97644675,0.9346741,0.95700085,0.9553091,0.9563773,0.9495472,0.9420407,0.99999994,0.9424909,0.9628075,0.9610631,0.93213314,0.9550988,0.9627663,0.95109946,0.94306254,0.9469444,0.7865159,0.95641637,0.9470383,0.96359956,0.946583,0.95055836,0.9526264,0.9457913,0.94755846,0.9265305,0.9089535,0.9598001,0.95923066,0.9521888,0.96877337,0.9450562,0.9667504,0.9233799,0.96383774,0.9655564,0.9639039,0.95552176,0.9606728,0.9336298,0.9683821,0.9683892,0.9513592,0.9526882,0.9239337,0.94795007,0.9531903,0.94798607,0.9631384,0.9674133,0.96420795,0.9371137,0.96003455,0.9611577,0.9559763,0.93194646,0.9347618,0.9240355,0.947048,0.9570377,0.94928086,0.973499,0.7364181,0.95476574,0.9444886,0.94199824,0.9283932,0.90600413,0.9591907,0.94813323,0.95103955,0.9406205,0.9386554,0.95470595,0.92226905,0.96590036,0.94004226,0.9592705,0.95388675,0.948061,0.9559846,0.96343124,0.973499,0.9603101,0.9620056,0.96401507,0.9446788,0.9675405,0.9525541,0.956728,0.93791443,0.9496068,0.9377855,0.9558578,0.96103805,0.93933845,0.96184963,0.96075356,0.9561288,0.95892733,0.92445886,0.9640902,0.8832176,0.96983975,0.9321387,0.96205235,0.96423805,0.97218376,0.9353923,0.9558082,0.94355035,0.94113123,0.96858394,0.958969,0.9495048,0.9696454,0.9589812,0.9557366,0.9501001,0.9543861,0.9176529,0.9363618,0.93575716,0.95895255,0.926558,0.96186894,0.95133513,0.94556403,0.9325246,0.97033936,0.95274544,0.97644675,0.96270716,0.93411255,0.9518396,0.9666151,0.94308716,0.9570065,0.93300337,0.9509978,0.9503932,0.9484956,0.95727706,0.9523634,0.9074475,0.94315356,0.95884836,0.94008064,0.96231246,0.9653758,0.9718277,0.97644675,0.9482751,0.9611823,0.9544317,0.96414226
arcticmovie,0.9451318,0.94152784,0.9520387,0.95154035,0.95062023,0.9517592,0.9240919,0.9492825,0.97054,0.93873113,0.9379971,0.95020306,0.9490866,0.95139194,0.956635,0.9424909,1.0000002,0.9534603,0.94765055,0.94834465,0.94377416,0.94664305,0.95019305,0.94912916,0.9374291,0.778387,0.94457316,0.97715795,0.956347,0.93183017,0.95025074,0.95005155,0.9418597,0.9180704,0.9176696,0.9102648,0.957565,0.9422192,0.95598465,0.95130825,0.93452466,0.9600693,0.92103434,0.96100736,0.96169525,0.9492204,0.94717884,0.9494708,0.9430854,0.9666509,0.9607967,0.95393443,0.94954103,0.92707396,0.9327682,0.95995057,0.9446398,0.95063066,0.9503357,0.95196116,0.92921406,0.95159674,0.95764804,0.94385105,0.93993795,0.9502693,0.9555744,0.9379679,0.93736273,0.9476446,0.9591653,0.7383058,0.9574407,0.94853735,0.9429201,0.9334264,0.88073504,0.94287217,0.93518555,0.9354006,0.9558803,0.91730976,0.94232523,0.94483733,0.9349189,0.9606405,0.9239182,0.96442646,0.95536536,0.9526703,0.9492878,0.9591653,0.95080614,0.94074273,0.9464324,0.9663299,0.95110446,0.9504464,0.9323406,0.9409316,0.95096457,0.92864037,0.94210434,0.93476164,0.9327106,0.95796824,0.93851405,0.9516408,0.9360992,0.94056255,0.94704556,0.8312507,0.95001644,0.9251147,0.9398298,0.93657094,0.94729805,0.94788593,0.95855,0.9232305,0.9359832,0.95671487,0.9498662,0.9410643,0.95264363,0.9503723,0.96511275,0.9311328,0.9576712,0.9210209,0.9397182,0.9593345,0.97513723,0.91319555,0.95451725,0.9487778,0.92521274,0.9380917,0.9537228,0.9374581,0.97054,0.9488145,0.94270873,0.95998263,0.9576863,0.95368505,0.9412302,0.91967183,0.94910145,0.91938156,0.944321,0.944873,0.9635062,0.8894616,0.9385156,0.93844265,0.94008654,0.9548398,0.94261163,0.93944925,0.97054,0.9405555,0.9556088,0.9510905,0.9570509
artofracingmovie,0.968722,0.9375998,0.9640613,0.95860654,0.97422904,0.9543736,0.94333184,0.94732845,0.977108,0.9413355,0.9430377,0.9575969,0.95963687,0.949146,0.9490114,0.9628075,0.9534603,0.9999996,0.9552149,0.9457601,0.9575029,0.9576686,0.9593934,0.95966226,0.9375331,0.8030169,0.9545059,0.9585471,0.94836235,0.9409864,0.9489733,0.95427126,0.94454813,0.94803184,0.9257076,0.90673274,0.96487695,0.9650391,0.9671331,0.9476016,0.941312,0.9695005,0.93115276,0.9630425,0.96529645,0.96070355,0.96187633,0.9591001,0.9495213,0.96915203,0.9653677,0.9631727,0.9500603,0.93621737,0.93180263,0.9744902,0.94477034,0.9592472,0.95059615,0.9540394,0.9492383,0.9447083,0.95772344,0.9543759,0.9440115,0.94858754,0.9416777,0.9583772,0.94509536,0.94450134,0.96938944,0.7526334,0.968268,0.9579397,0.9428305,0.9231406,0.89848804,0.94676304,0.93380576,0.93992364,0.92972565,0.950589,0.95647174,0.9325616,0.9620677,0.945609,0.9518641,0.96027106,0.9537001,0.9643597,0.9589365,0.96938944,0.9515043,0.95547867,0.9663188,0.95575315,0.9569229,0.9482189,0.9569238,0.938927,0.9534891,0.9391194,0.9493707,0.95247,0.9365914,0.9631496,0.95809895,0.95430946,0.9464599,0.9230759,0.96012884,0.87777215,0.9576761,0.9248143,0.9496868,0.9481651,0.97011495,0.9487467,0.9545537,0.93395764,0.9427143,0.9615259,0.95298696,0.94221294,0.95766234,0.95668244,0.95887464,0.94637096,0.9644563,0.90372336,0.9400763,0.9530198,0.9496792,0.9317005,0.95165354,0.9501,0.9355535,0.9480721,0.9710936,0.9578158,0.977108,0.9599182,0.9418847,0.951125,0.9713552,0.9474344,0.94078606,0.9359715,0.95249987,0.94574565,0.9529306,0.95961136,0.96128416,0.90112287,0.9525842,0.95112246,0.94389004,0.9655153,0.954435,0.94895816,0.977108,0.94298714,0.9662647,0.9549255,0.958985
avengers,0.9682788,0.9383242,0.9609292,0.95316595,0.946078,0.95445925,0.93679905,0.9603481,0.97639763,0.9478711,0.9615916,0.94559485,0.9703529,0.95669746,0.9538072,0.9610631,0.94765055,0.9552149,0.99999976,0.9353925,0.9517003,0.9453009,0.9556956,0.9520326,0.9357679,0.7846718,0.95749485,0.94647557,0.9529189,0.94577295,0.97489107,0.96343577,0.94789624,0.9424237,0.93130654,0.8848944,0.955818,0.96062887,0.959208,0.9567187,0.9551445,0.9638832,0.9408334,0.9612902,0.9701363,0.956991,0.9634382,0.9516777,0.94947225,0.96228385,0.967098,0.9588924,0.9554035,0.9227387,0.93922484,0.9490254,0.9349239,0.9534259,0.9553661,0.96533614,0.93184775,0.96172434,0.96918434,0.9548512,0.94042695,0.96056706,0.92573166,0.9554272,0.9429872,0.935159,0.9698851,0.7754244,0.94232935,0.9397272,0.96504027,0.93272126,0.9043032,0.96270454,0.94789064,0.92701715,0.94151527,0.9260675,0.96554285,0.9281146,0.9550671,0.9468253,0.9488605,0.9655523,0.96181524,0.95501727,0.9619455,0.9698851,0.9496364,0.9463134,0.9639374,0.9508102,0.9572495,0.9538841,0.95197994,0.95542455,0.9415523,0.9347132,0.9518343,0.9523933,0.95144534,0.9555111,0.9594959,0.96420056,0.95119727,0.9364791,0.9719226,0.8568684,0.95435107,0.9203329,0.93894243,0.95008373,0.96207213,0.9657251,0.94711626,0.93254733,0.95806146,0.958158,0.9695019,0.9300982,0.9661383,0.9526127,0.96173847,0.961083,0.955153,0.93927157,0.94658357,0.9357574,0.9551091,0.9230506,0.9570757,0.95529175,0.9444891,0.943747,0.9585948,0.9421858,0.97639763,0.96120685,0.92923194,0.9633812,0.9558647,0.9537877,0.9498172,0.94079024,0.9625586,0.9505392,0.9333144,0.9650982,0.9399708,0.92615545,0.94718,0.9610455,0.94226146,0.96700114,0.9534873,0.9442026,0.97639763,0.94014966,0.9664368,0.960654,0.95369023
beachbummovie,0.93121785,0.9259037,0.94783384,0.93410915,0.92549187,0.9432668,0.9194732,0.93589556,0.9575122,0.9325582,0.9303828,0.9394585,0.9306371,0.947415,0.9802231,0.93213314,0.94834465,0.9457601,0.9353925,0.9999999,0.94223374,0.9552073,0.94026816,0.9331167,0.90114725,0.72901416,0.925715,0.9415949,0.9446742,0.9184251,0.9343452,0.94216436,0.9255249,0.9420918,0.90651286,0.8490048,0.95491827,0.9231932,0.9427616,0.9230206,0.91633004,0.9423278,0.9239828,0.942575,0.94869953,0.9501978,0.93767214,0.95412093,0.9370638,0.9483624,0.9517472,0.9444236,0.930138,0.9475368,0.9176271,0.9372409,0.93516505,0.92928773,0.94153875,0.9318832,0.91074294,0.94630843,0.94083375,0.9405215,0.93214035,0.9426786,0.9242176,0.9373321,0.9207926,0.9266504,0.94848055,0.69739205,0.939266,0.9354586,0.9279692,0.9150454,0.8411778,0.9328965,0.9302676,0.9361256,0.93020076,0.9112314,0.9320789,0.9224711,0.92778075,0.939499,0.91471916,0.93798417,0.9437116,0.9544328,0.93953395,0.94848055,0.93922913,0.92884463,0.9540373,0.9525057,0.92642856,0.94739425,0.91098994,0.9347728,0.9381578,0.9430436,0.9308841,0.9245444,0.92895114,0.94477767,0.9379667,0.9444563,0.9290001,0.91885495,0.93264884,0.8355861,0.9403476,0.88535,0.92817104,0.9176935,0.93413395,0.95007217,0.93562776,0.9181314,0.90903217,0.94709325,0.93696666,0.91540253,0.9326387,0.94948477,0.9390912,0.9353163,0.92636067,0.90657216,0.949526,0.92816746,0.9347724,0.88766974,0.9415173,0.92668384,0.9252099,0.93427825,0.94040513,0.9258843,0.9575122,0.95216334,0.93813914,0.9465668,0.9493757,0.9194035,0.901874,0.9296045,0.9396263,0.9171184,0.9202822,0.9378325,0.9536284,0.8852895,0.9368946,0.93102384,0.923718,0.9374564,0.94076216,0.9223886,0.9575122,0.9332621,0.9383291,0.93849486,0.9430284
bernadettefilm,0.96554095,0.94075173,0.95249146,0.9517561,0.95440704,0.9311335,0.9462448,0.94614744,0.9752194,0.9403846,0.9436269,0.94921035,0.95756197,0.9566466,0.95099604,0.9550988,0.94377416,0.9575029,0.9517003,0.94223374,0.99999994,0.9493318,0.950915,0.95526284,0.93692446,0.76533,0.94773465,0.94513094,0.9446001,0.93824315,0.9551767,0.95326287,0.9475809,0.9457219,0.9208381,0.91157854,0.9678407,0.9573158,0.9595778,0.9557644,0.95399225,0.963986,0.9511912,0.9590321,0.96737856,0.95428205,0.9470985,0.9526917,0.9557047,0.96635675,0.9630196,0.955962,0.95769274,0.9373546,0.9351738,0.9533465,0.9537562,0.956013,0.9613477,0.9583822,0.93927413,0.9523238,0.94140685,0.95614266,0.9482887,0.94065064,0.9215655,0.95364624,0.94484365,0.9483889,0.9640427,0.7452099,0.94910467,0.94311994,0.9432225,0.94650763,0.8851038,0.96024925,0.93436295,0.9175562,0.95384717,0.9353214,0.9627445,0.94394606,0.9461814,0.9501743,0.9457448,0.9507034,0.9495724,0.96235096,0.96815866,0.9640427,0.94290197,0.95256746,0.9596251,0.9487684,0.9594996,0.9551307,0.95059407,0.94637656,0.9470308,0.939803,0.93949866,0.94897443,0.9519992,0.96154386,0.96066207,0.95168316,0.9270279,0.9412924,0.9590041,0.861513,0.96527743,0.93077797,0.96572554,0.96411777,0.9649231,0.95049375,0.96070045,0.95002204,0.9543343,0.9602246,0.95551556,0.93639314,0.9648564,0.97173166,0.94677407,0.9362604,0.94543,0.9252661,0.96883285,0.9507911,0.9475532,0.9249632,0.9525331,0.9484503,0.94877934,0.94269276,0.9599372,0.940574,0.9752194,0.9539687,0.92853945,0.9464061,0.95081747,0.942851,0.9465159,0.94371736,0.9494726,0.9379924,0.94301176,0.9594634,0.9537683,0.9167136,0.94126886,0.9534535,0.9373689,0.96862763,0.9612718,0.9608837,0.9752194,0.95030165,0.96339446,0.9464253,0.9608519
