movie,21bridgesmovie,47metersdown,abeautifuldaymovie,abominablemovie,adastramovie,adogsjourneymovie,aftermathmovie,aftermovie,ahiddenlifefilm,alitamovie,angelhasfallen,angrybirdsmovie,annabellemovie,annamovie,apollo11movie,arcticdogsmovie,arcticmovie,artofracingmovie,avengers,beachbummovie,bernadettefilm,blackandbluemovie,blackchristmas,blindedbythelightmovie,bombshellmovie,booksmart,breakthroughmovie,brianbanksmovie,brightburnmovie,brittanyrunsmov,captainmarvelofficial,captivestatemovie,catsmovie,charliesangels,childsplaymovie,clarathefilm,coldpursuitmovie,countdown,currentwarmovie,darkwatersmovie,detectivepikachumovie,disneyaladdin,disneyfrozen,disneymaleficent,doctorsleepmovie,dolemiteismyname,dontletgomovie,doramovie,downtonabbey_official,dumbo,escaperoom,everybodyknowsmovie,fastandfuriousmovie,fightingwmyfam,fivefeetapartfilm,fordvferrari,freaksthefilm,geminimanmovie,glassmovie,gloriabellmovie,godzillamovie,goldfinchmovie,goodboysmovie,goodliarmovie,gretafilm,halathemovie,happydeathdaymovie,harrietfilm,hellboymovie,hersmellmovie,highlifemovie,highstrungmovie,honeyboymovie,hotelmumbaifilm,httydragon,hustlemovie,hustlersmovie,isntitromantic,itmovieofficial,jayandsilentbob,johnwickmovie,jojorabbitmovie,jokermovie,judythefilm,jumanjimovie,justmercyfilm,knivesout,lalloronamovie,lastblackmansf,lastchristmasthemovie,latenightmovie,lighthousemovie,lionking,littlethemovie,littlewomenmovie,littlewoodsfilm,longshotmovie,lordsofchaosmovie,lucyintheskyfilm,mamovie2019,marriagestory,meettheaddams,meninblack,midsommarmovie,midwaymovie,missbalamovie,missinglinkfilm,motherlessbklyn,onceinhollywood,onthebasisofsex,overcomermovie,peanutbutterfalcon,petsematarymovie,piercingmovie,playingwithfire,playmobilthemovie,pomsmovie,queenandslim,rambomovie,readyornotfilm,richardjewellfilm,rocketmanmovie,scarystoriesmovie,secretlifeofpets,serenityfilm,shaftmovie,shazammovie,spidermanmovie,spiesindisguise,starwars,stormboymovie,stubermovie,taosdfilm,teenspiritmov,terminator,theaeronautsmov,thebestofenemies,thedeaddontdie,thefarewell,thehighwaymen,thehummingbirdprojectfilm,theintrudermovie,theirishmanfilm,thekitchenmovie,thelegomovie,themustangfilm,thenightingalefilm,theprodigymovie,thesunisalsoastar,theupsidefilm,tolkienmovie,toystory,triplefrontier,uglydolls,uncutgems,underthesilverlake,usmovie,wavesmovie,whatmenwant,wonderparkmovie,wrinklestheclown,xmenmovies,yardiefilm,yesterdaymovie,zombieland
21bridgesmovie,1.0,0.97204155,0.98454607,0.9516346,0.98291785,0.9419266,0.9955352,0.989869,0.9976704,0.9602742,0.9853302,0.9605338,0.99400675,0.9905125,0.99285674,0.98759055,0.9897806,0.9867162,0.9938568,0.98185843,0.9925233,0.9925765,0.9889601,0.9773049,0.99077123,0.5911431,0.99066883,0.9845763,0.98895276,0.9839296,0.985855,0.9838931,0.9671332,0.96269023,0.9494322,0.7802775,0.99290395,0.9916799,0.99666834,0.9646509,0.98415715,0.9831694,0.9701048,0.98135877,0.9897047,0.9710733,0.98940307,0.9829161,0.9700533,0.9831604,0.99119693,0.9895734,0.9917474,0.974456,0.97790116,0.97925526,0.9885715,0.993307,0.99407506,0.9899721,0.99073243,0.980443,0.9568974,0.99350584,0.9941717,0.9869404,0.95928717,0.9770984,0.9870261,0.9525471,0.993691,0.2899875,0.9825107,0.9921992,0.9867402,0.9875083,0.8368976,0.97291416,0.98942065,0.98170763,0.974477,0.99154687,0.9884549,0.99410874,0.994422,0.9847736,0.97976166,0.9949361,0.9842292,0.991524,0.9938055,0.993691,0.9842003,0.9824617,0.9910788,0.9787677,0.9876759,0.9916842,0.9731385,0.967441,0.97671765,0.9674363,0.98677695,0.98658,0.9777656,0.9835127,0.99448746,0.98850006,0.94909084,0.9600209,0.99418837,0.5283559,0.9810556,0.77597666,0.9845228,0.98927355,0.9990147,0.9814108,0.9909584,0.9910202,0.99118066,0.9914947,0.99551743,0.9432083,0.986643,0.98000664,0.9839848,0.9861972,0.9894451,0.71803117,0.9877155,0.97501135,0.99211633,0.954628,0.98616606,0.98812914,0.9850534,0.9773584,0.99177045,0.97011757,0.9976704,0.9909357,0.9702389,0.96824527,0.993175,0.9865805,0.96644235,0.9677095,0.9869261,0.9912262,0.995924,0.973395,0.99082327,0.8715292,0.9874643,0.995601,0.97883874,0.9859212,0.9789645,0.9856109,0.9976704,0.97501004,0.9883522,0.99181026,0.993381
47metersdown,0.97204155,1.0000001,0.928203,0.97077113,0.96098167,0.9015747,0.9626917,0.9643696,0.97485155,0.9479054,0.9850805,0.9501438,0.97591645,0.9839923,0.98871565,0.98552126,0.9713931,0.9518588,0.9630815,0.9706033,0.96285534,0.9762639,0.9715963,0.9837202,0.9881187,0.6325691,0.9755024,0.9696716,0.96041065,0.9478412,0.9656491,0.96872866,0.9620573,0.94627506,0.9041015,0.7742944,0.9688586,0.96708834,0.9762373,0.9479826,0.9502994,0.92975783,0.9157754,0.9296723,0.9774549,0.95008767,0.96164423,0.97833073,0.9287143,0.9321274,0.9603571,0.97927445,0.9693933,0.938003,0.96499133,0.9619031,0.9718042,0.9612617,0.9633897,0.9601058,0.96216667,0.9830563,0.9805104,0.97091997,0.97392976,0.95170325,0.9190786,0.98286813,0.9662729,0.9343362,0.96085966,0.3777407,0.96411246,0.95562357,0.9790169,0.97227144,0.7386336,0.9358116,0.9568697,0.94682795,0.9654435,0.9490631,0.9405075,0.95837706,0.96317375,0.9698658,0.95533085,0.9814434,0.9537981,0.95338863,0.9597917,0.96085966,0.97467893,0.9564447,0.96136975,0.98782533,0.98312396,0.97105265,0.910821,0.97169113,0.95342225,0.98236734,0.97178,0.957403,0.98159,0.9482264,0.9574975,0.96808463,0.9256525,0.95100677,0.982956,0.54180706,0.96788365,0.73935986,0.92652744,0.96924543,0.97689444,0.95198005,0.9785353,0.9648915,0.9542055,0.97582674,0.9679562,0.91973865,0.97661793,0.94154704,0.95072997,0.9493565,0.95645136,0.6338941,0.95060956,0.96135736,0.97009546,0.912721,0.96469915,0.95272213,0.9919151,0.95946026,0.9584889,0.9348532,0.97485155,0.9719079,0.9398863,0.9247918,0.97082484,0.9759081,0.95202506,0.9504268,0.9538733,0.9490349,0.9683097,0.91312635,0.95920867,0.872358,0.9621023,0.96762675,0.9598578,0.9707887,0.9679349,0.96802866,0.97485155,0.9389845,0.9810382,0.9679683,0.9646007
abeautifuldaymovie,0.98454607,0.928203,1.0000001,0.89246166,0.98267305,0.93596894,0.99086887,0.9877047,0.9845689,0.9521288,0.9615954,0.9481978,0.9654311,0.9714438,0.96821654,0.9674134,0.9769217,0.9930082,0.9885778,0.96458536,0.97462136,0.9728236,0.9700933,0.94224846,0.96585625,0.53157425,0.96856946,0.9760698,0.9841981,0.98330677,0.9774448,0.96714693,0.95144075,0.9497557,0.94269204,0.7498952,0.9852391,0.97822744,0.9801696,0.9574189,0.9625456,0.98580885,0.95798725,0.9881623,0.96302104,0.95919085,0.97661775,0.96365446,0.9675436,0.9823011,0.9888082,0.97134656,0.9743984,0.96385735,0.95856076,0.9769326,0.9797212,0.98952943,0.98341185,0.9823603,0.9673209,0.9515985,0.9261143,0.9794851,0.9802651,0.9800897,0.96254855,0.9546888,0.97291934,0.9454037,0.98819315,0.20341991,0.9747781,0.98176074,0.94848406,0.9681167,0.83288616,0.97417283,0.985706,0.97488695,0.9554326,0.98205394,0.9819658,0.9883361,0.98148584,0.9646018,0.9753805,0.97253513,0.9801144,0.99108356,0.978896,0.98819315,0.9717133,0.9733809,0.9860458,0.9460366,0.96641624,0.98226213,0.98550653,0.9394716,0.9685624,0.9338199,0.97526306,0.98117983,0.95239276,0.9877092,0.9918892,0.976035,0.9548663,0.9187657,0.974904,0.4782731,0.9626809,0.7583419,0.9874975,0.98173547,0.9806229,0.9673464,0.97433877,0.98439074,0.9840255,0.9704023,0.9840119,0.92636126,0.97187424,0.9813453,0.96848136,0.9867169,0.98882437,0.73147416,0.97622496,0.966723,0.9798039,0.9478426,0.9737223,0.98252267,0.9545273,0.9711407,0.9855139,0.970984,0.9845689,0.9764685,0.95527965,0.9647999,0.9789794,0.9690704,0.96091837,0.9535204,0.9766573,0.9811218,0.9898025,0.9806078,0.9825768,0.80901086,0.974925,0.9836396,0.9570331,0.97038186,0.97037685,0.96806484,0.9845689,0.97302014,0.9690551,0.9804013,0.98466384
abominablemovie,0.9516346,0.97077113,0.89246166,1.0,0.9014032,0.87022024,0.94028807,0.9296738,0.9502081,0.89012206,0.9501379,0.91001844,0.96878713,0.9466121,0.9670619,0.94207156,0.94667417,0.9022234,0.9278976,0.96061516,0.95379364,0.9528569,0.95045716,0.98695976,0.9566281,0.67924565,0.9409556,0.9403494,0.931497,0.92432505,0.9182152,0.9423931,0.92521876,0.9194057,0.87698954,0.75219715,0.9312601,0.9414886,0.9557373,0.9106918,0.9468318,0.91125387,0.92165756,0.90013367,0.97146755,0.9432013,0.9428455,0.95616347,0.9092029,0.91706955,0.92630315,0.9471343,0.9365279,0.92597276,0.94385964,0.9143515,0.9399428,0.9369727,0.93640715,0.92934674,0.967349,0.970774,0.95722556,0.9370738,0.9432993,0.91600835,0.89008313,0.9475592,0.93325335,0.9013519,0.93236464,0.3793891,0.91988623,0.94334733,0.9771189,0.9625906,0.758357,0.9254289,0.9334858,0.9252917,0.92659366,0.9458287,0.9259069,0.93795896,0.94166327,0.9565882,0.90983343,0.96002144,0.9281646,0.9200011,0.9458519,0.93236464,0.93979377,0.9267104,0.9265996,0.9618941,0.95748967,0.9473062,0.87965226,0.9412018,0.9382595,0.969734,0.93848425,0.93295413,0.95908767,0.90763426,0.93394893,0.93638474,0.86521685,0.9586466,0.9545779,0.59144574,0.9559382,0.7522461,0.8945648,0.9396413,0.95556635,0.92786455,0.94095993,0.9428938,0.93327856,0.95192295,0.9489047,0.8936969,0.94946253,0.9024322,0.93237704,0.9200847,0.9119661,0.60652536,0.9512753,0.89537984,0.9404769,0.88591254,0.9511536,0.9358186,0.9633938,0.9145683,0.9334079,0.91273016,0.9502081,0.9441791,0.94285333,0.903263,0.95101655,0.94480604,0.9025196,0.93614936,0.9320392,0.93216264,0.9366202,0.9061151,0.94628257,0.8727425,0.9229085,0.9416554,0.94186425,0.93819374,0.93908167,0.9638447,0.9502081,0.8941741,0.9502261,0.9369552,0.94337386
adastramovie,0.98291785,0.96098167,0.98267305,0.9014032,1.0,0.9353746,0.9823612,0.9875206,0.98461366,0.97709703,0.9804085,0.95897627,0.9659205,0.98381084,0.9782976,0.98538566,0.97812784,0.9963523,0.9858057,0.9578424,0.96998024,0.9803885,0.9763424,0.94788915,0.9783041,0.546481,0.98611385,0.97602826,0.9788405,0.9826005,0.9879288,0.97507834,0.9739918,0.950395,0.9479647,0.76602143,0.98330104,0.97627026,0.9806924,0.9671337,0.95988715,0.96421444,0.93250173,0.9702301,0.9605008,0.9417833,0.9760869,0.9692838,0.95923847,0.9596166,0.9853038,0.9818295,0.9874875,0.96316975,0.9559479,0.99076843,0.9788833,0.98335534,0.98812264,0.982655,0.95591336,0.96348053,0.94072354,0.9864948,0.9850451,0.98583883,0.95619875,0.967774,0.9744956,0.9443336,0.98632264,0.24887201,0.98120224,0.96663594,0.95471644,0.96807253,0.76833874,0.95894885,0.9816748,0.96812195,0.9721489,0.96200657,0.97087336,0.98140234,0.97423804,0.9679193,0.9814293,0.978247,0.97062606,0.98640716,0.9751943,0.98632264,0.9776797,0.9692396,0.984863,0.96857476,0.97276914,0.97961354,0.967923,0.96623033,0.9520988,0.94137126,0.9865344,0.9784879,0.9598088,0.98562413,0.981973,0.97948563,0.9681328,0.91861933,0.97941923,0.48120996,0.95855325,0.74676573,0.9740507,0.9829458,0.9827018,0.96758026,0.98816305,0.97794026,0.9794471,0.97529536,0.97913325,0.9263531,0.97820807,0.9782061,0.96718925,0.97604966,0.9943885,0.6810786,0.95991546,0.9944131,0.98249185,0.94443464,0.9683993,0.9788574,0.9751717,0.982621,0.9820235,0.95165616,0.98461366,0.98238087,0.9312195,0.95495504,0.97616816,0.9771797,0.9734181,0.95624954,0.9757808,0.9748033,0.9862848,0.9511663,0.96783334,0.8332007,0.98844105,0.98615867,0.96376777,0.978613,0.9706827,0.96014947,0.98461366,0.9793225,0.98083115,0.98493356,0.97493595
adogsjourneymovie,0.9419266,0.9015747,0.93596894,0.87022024,0.9353746,1.0,0.9481635,0.944452,0.9515636,0.9310242,0.94567126,0.944684,0.9358661,0.9465299,0.9237663,0.9310149,0.96041065,0.9396764,0.9201377,0.8990671,0.9108604,0.9512657,0.96189463,0.90029806,0.9322641,0.6757642,0.9197353,0.94231546,0.93124264,0.9495938,0.93567103,0.973886,0.964337,0.9076994,0.97453743,0.86585385,0.9360483,0.9219647,0.9505052,0.9608362,0.94898134,0.9213335,0.8923875,0.92395335,0.92823535,0.9080101,0.9675772,0.9504299,0.9687926,0.9216397,0.94043076,0.95653623,0.9360751,0.965681,0.919449,0.9127835,0.9438771,0.9500187,0.956385,0.9480135,0.9300642,0.93397355,0.87743646,0.96528673,0.94789004,0.9664395,0.97376674,0.9208513,0.94907105,0.9495745,0.9530355,0.36767426,0.95773184,0.94899917,0.9463405,0.910656,0.8000068,0.94554216,0.96434677,0.9143629,0.95275337,0.95221263,0.9658029,0.9540015,0.9216041,0.9459968,0.91978484,0.95236385,0.9311737,0.9574216,0.96514344,0.9530355,0.90357333,0.9464243,0.95149016,0.9344853,0.9112726,0.9440759,0.9663598,0.9590328,0.92933935,0.89167166,0.9411411,0.9515995,0.9148866,0.94783056,0.9475952,0.95674783,0.90901774,0.935253,0.9389676,0.6260221,0.9485132,0.87717336,0.96253055,0.93278265,0.95067286,0.9769653,0.95903295,0.95479274,0.95890117,0.9626002,0.95731467,0.9917042,0.9434772,0.9568144,0.98455787,0.9256023,0.938781,0.6039688,0.91646755,0.93893045,0.9514182,0.9823678,0.94318104,0.9489357,0.9239491,0.9711817,0.96556675,0.9252887,0.9515636,0.94755423,0.9255555,0.98559546,0.94549054,0.95463073,0.9515581,0.9610252,0.9646109,0.9537382,0.9314402,0.907844,0.92215145,0.8286997,0.9320837,0.9568512,0.9755568,0.96026295,0.9346197,0.9442022,0.9515636,0.9826339,0.94262767,0.9686368,0.9268096
aftermathmovie,0.9955352,0.9626917,0.99086887,0.94028807,0.9823612,0.9481635,1.0,0.9942807,0.9982522,0.95806015,0.98377866,0.962203,0.9858251,0.98881394,0.9897829,0.98323256,0.99302787,0.99036664,0.99038446,0.98559684,0.985862,0.98889595,0.98942643,0.9750549,0.9873344,0.59821904,0.97828317,0.9908217,0.9902626,0.989245,0.9808705,0.9873934,0.9713658,0.9603477,0.9447852,0.77709436,0.9934661,0.9888052,0.9954034,0.9689934,0.97757834,0.9858022,0.96328104,0.9860027,0.9883849,0.97932845,0.9916729,0.98882896,0.97430414,0.9856847,0.99258083,0.9886817,0.9823374,0.97426546,0.9753791,0.98045474,0.9934303,0.9990117,0.991874,0.9873255,0.98524624,0.98106134,0.9606705,0.99087447,0.99157107,0.98518926,0.97189623,0.9780936,0.98767555,0.96135676,0.9935061,0.2861662,0.9873285,0.9933617,0.97828585,0.9852099,0.82270575,0.9867072,0.99614036,0.9793558,0.9726051,0.9932283,0.98637205,0.997884,0.9885137,0.9846975,0.9765151,0.9930414,0.98676836,0.9960058,0.9914135,0.9935061,0.98547083,0.9836735,0.99141395,0.9735662,0.98757815,0.99573314,0.9790075,0.9649939,0.9867862,0.9694741,0.98704565,0.98900914,0.97804505,0.98719835,0.9991731,0.98840874,0.9486003,0.95183665,0.9932702,0.52763313,0.98729914,0.78187907,0.98288095,0.99357545,0.99522245,0.9816311,0.99080855,0.99798054,0.9910988,0.9915079,0.9973051,0.9489943,0.9887929,0.9816086,0.9839043,0.9866263,0.9882668,0.69875896,0.98860353,0.9712678,0.99272835,0.9570719,0.99258906,0.9906948,0.97803426,0.9832855,0.9939378,0.97933,0.9982522,0.9882665,0.97641194,0.9733317,0.9927419,0.98806924,0.9690284,0.9732294,0.9856652,0.98541826,0.996321,0.97843385,0.99359655,0.8466153,0.9773375,0.99333304,0.98009145,0.98465663,0.9879753,0.9921198,0.9982522,0.97819537,0.9895531,0.9939478,0.99306196
aftermovie,0.989869,0.9643696,0.9877047,0.9296738,0.9875206,0.944452,0.9942807,0.9999999,0.9937779,0.96553385,0.98472315,0.96727705,0.9761928,0.9916522,0.98483473,0.98487836,0.993814,0.99240124,0.98986304,0.9769467,0.9724154,0.9880074,0.98153853,0.972856,0.98135674,0.6099901,0.97621274,0.9925875,0.98945415,0.9864403,0.9905646,0.9833001,0.9739072,0.962628,0.95174295,0.7713723,0.9908556,0.98154086,0.99319786,0.97969776,0.96702427,0.97352904,0.94701284,0.97573656,0.97484595,0.9739537,0.984243,0.9884105,0.9709117,0.9706517,0.99398357,0.9907054,0.97935116,0.97072697,0.9824021,0.9888188,0.9941754,0.9933853,0.9866529,0.9912491,0.9751743,0.981016,0.9592272,0.9907824,0.99093604,0.9808243,0.97036535,0.98016655,0.9842796,0.95590276,0.99358165,0.2415987,0.98853606,0.98219925,0.970708,0.9834348,0.8051161,0.98012286,0.99132967,0.9821484,0.97102565,0.9841358,0.9808782,0.9892934,0.98216313,0.9790095,0.9810458,0.9868237,0.9860354,0.9890508,0.9848318,0.99358165,0.9854896,0.9795574,0.9932025,0.9738211,0.97916645,0.9945037,0.9714471,0.97005415,0.9809596,0.96096087,0.98857844,0.9920542,0.98093534,0.9920733,0.9913541,0.9889279,0.9679279,0.9371458,0.9884503,0.53909373,0.980311,0.775559,0.9753609,0.99420434,0.9913208,0.9773432,0.9871356,0.9935903,0.9882967,0.98380995,0.9951634,0.9469911,0.9930423,0.98334706,0.97735584,0.99116105,0.9865194,0.69575375,0.97316545,0.974292,0.9853762,0.9507797,0.987015,0.98992044,0.9817926,0.9834249,0.9915599,0.9813843,0.9937779,0.9903011,0.96852475,0.9695092,0.9903819,0.9859302,0.9809185,0.978937,0.9843416,0.9827208,0.9937826,0.9697501,0.98890996,0.8148135,0.9808716,0.9900504,0.96840626,0.9906456,0.9872322,0.98457694,0.9937779,0.9784379,0.98374313,0.98819375,0.9932076
ahiddenlifefilm,0.9976704,0.97485155,0.9845689,0.9502081,0.98461366,0.9515636,0.9982522,0.9937779,1.0000001,0.96369445,0.99007773,0.9689584,0.9915044,0.99445957,0.99446654,0.9903349,0.9957621,0.9884752,0.9909847,0.98516047,0.9870472,0.99404335,0.9935992,0.9797577,0.9935323,0.61162513,0.9850513,0.9922139,0.9906494,0.9867037,0.9855848,0.9917691,0.977178,0.9652493,0.9495606,0.79392093,0.99465704,0.99006915,0.99849147,0.97360045,0.9807492,0.97962695,0.9592584,0.9796161,0.9915711,0.97574455,0.993574,0.9917596,0.9754627,0.98002136,0.99288476,0.9944136,0.9879717,0.97679096,0.978933,0.9802963,0.9948948,0.9968083,0.99389505,0.99016863,0.98776567,0.9859499,0.9658144,0.99559605,0.9956915,0.9876343,0.96822816,0.98375165,0.9896273,0.9650448,0.99471414,0.3115439,0.98890865,0.9934137,0.98623943,0.9867324,0.8169321,0.98047787,0.9948631,0.97742325,0.9798932,0.99182504,0.98695886,0.99608266,0.99038684,0.9891025,0.97939634,0.99754405,0.9866968,0.9940733,0.9936462,0.99471414,0.98579806,0.9865775,0.99319285,0.9834509,0.99024296,0.9966188,0.9754396,0.9750495,0.9837874,0.974286,0.99048483,0.9901616,0.98270714,0.9868697,0.9965429,0.9925233,0.9517953,0.96190065,0.9971292,0.54167455,0.9892491,0.7892457,0.9818222,0.99256676,0.9987034,0.98544973,0.99549663,0.99722826,0.99171585,0.99559367,0.99807435,0.9549212,0.9924659,0.9828367,0.9870359,0.9857135,0.9890996,0.6914436,0.9856418,0.9765868,0.9955845,0.9603058,0.9913258,0.988859,0.98699635,0.9867755,0.99506027,0.9743135,1.0000001,0.992798,0.97333467,0.97479534,0.99549156,0.9926882,0.97434735,0.9760502,0.98853785,0.9875786,0.99628687,0.9692588,0.9906856,0.8606755,0.9829226,0.99627876,0.98501444,0.99029523,0.98839664,0.9919415,1.0000001,0.9797407,0.9932104,0.99658614,0.99286693
alitamovie,0.9602742,0.9479054,0.9521288,0.89012206,0.97709703,0.9310242,0.95806015,0.96553385,0.96369445,0.99999994,0.9807856,0.9709395,0.9420878,0.9742021,0.96250767,0.975775,0.96147645,0.97097194,0.95338583,0.9447196,0.9361876,0.9779426,0.9520683,0.92969984,0.9628297,0.670283,0.9724642,0.9634621,0.9708239,0.96271074,0.97436404,0.9619013,0.95599127,0.959723,0.9363288,0.7341204,0.9555196,0.9716211,0.9646585,0.97110206,0.9200612,0.92216885,0.878659,0.9376555,0.94654584,0.92826205,0.9485579,0.95784765,0.95376843,0.9243731,0.9735384,0.9731322,0.9764219,0.9584394,0.95273715,0.96973974,0.95817405,0.9583089,0.9728631,0.97055393,0.9278457,0.9632668,0.93771017,0.9678001,0.9724329,0.98208404,0.943265,0.9697378,0.96489865,0.9435513,0.9712791,0.17902246,0.9706588,0.93985397,0.9344317,0.9658853,0.72191024,0.9467187,0.9644695,0.924089,0.9881471,0.94596976,0.9459478,0.9583323,0.9563048,0.9606841,0.9841378,0.95314837,0.9680314,0.95910907,0.96706545,0.9712791,0.95064783,0.9648519,0.9748841,0.9708695,0.9518504,0.9577551,0.95722896,0.9700176,0.9333183,0.92914355,0.9834233,0.9672168,0.9599795,0.97780573,0.95935243,0.9757083,0.97736067,0.898268,0.9592436,0.6059228,0.9572103,0.82259554,0.9593503,0.96506155,0.9643248,0.97540957,0.97511995,0.9554445,0.94374937,0.9547818,0.9559947,0.9226381,0.9680904,0.9780261,0.953284,0.9566298,0.9811241,0.5794417,0.91732377,0.97418344,0.9536704,0.9060533,0.95955133,0.95340675,0.9693334,0.959483,0.96599656,0.93491995,0.96369445,0.96823615,0.907995,0.9506561,0.9598062,0.97881705,0.975853,0.9654269,0.974223,0.9507263,0.96439624,0.9040936,0.942628,0.7793036,0.9640021,0.96994495,0.9471099,0.9686719,0.96670705,0.9443448,0.96369445,0.9647478,0.94852215,0.9671905,0.9529318
angelhasfallen,0.9853302,0.9850805,0.9615954,0.9501379,0.9804085,0.94567126,0.98377866,0.98472315,0.99007773,0.9807856,1.0,0.9700317,0.9768608,0.995681,0.9913999,0.9912719,0.9869944,0.97898805,0.97358334,0.9781355,0.9664599,0.99201185,0.9822862,0.9766019,0.99153674,0.67401993,0.9822682,0.9848897,0.98026836,0.97683454,0.9806386,0.9868285,0.9763048,0.95933145,0.93816686,0.7671316,0.9819446,0.9863309,0.98928404,0.9732698,0.95857084,0.9554833,0.9279721,0.96177995,0.9837795,0.9704094,0.97824585,0.9922982,0.95913213,0.95860535,0.9824389,0.99211913,0.98252517,0.96520656,0.9785162,0.98078716,0.98495907,0.9844684,0.9855919,0.97898126,0.96578187,0.9935269,0.9766558,0.98694557,0.9875062,0.983711,0.96522397,0.9919031,0.99059916,0.9552099,0.9823025,0.3075242,0.991463,0.9711837,0.97936386,0.9851146,0.77152205,0.9723992,0.98432827,0.9605908,0.98850095,0.9730831,0.9647548,0.9832266,0.97498846,0.9806742,0.97747254,0.98864436,0.97681534,0.98077494,0.98458445,0.9823025,0.9830533,0.9760108,0.98392284,0.9898466,0.9866774,0.9838404,0.95498574,0.9832144,0.97437775,0.9771776,0.98938775,0.9784139,0.9895449,0.9774399,0.98270434,0.9875522,0.95389664,0.9442855,0.99053365,0.5873391,0.9862132,0.7984666,0.9641055,0.9896853,0.9900672,0.9848057,0.9950255,0.9841155,0.970731,0.9898463,0.98578614,0.95186657,0.98830616,0.974005,0.97853,0.9684474,0.9810455,0.6334489,0.9592443,0.9802307,0.9802524,0.93596125,0.9889133,0.9771215,0.9908354,0.9784705,0.9817103,0.96639246,0.99007773,0.9833847,0.9605862,0.96097547,0.98268735,0.9950205,0.97475463,0.9784622,0.9804679,0.96732926,0.98440224,0.94066983,0.97705,0.8512501,0.97118515,0.98520464,0.9776606,0.9857434,0.98692507,0.98376065,0.99007773,0.9763321,0.98638946,0.9884963,0.97876716
angrybirdsmovie,0.9605338,0.9501438,0.9481978,0.91001844,0.95897627,0.944684,0.962203,0.96727705,0.9689584,0.9709395,0.9700317,0.99999994,0.9605709,0.97831887,0.9649799,0.9808276,0.98062253,0.953074,0.95697755,0.95312464,0.9384845,0.983151,0.96695733,0.9432182,0.96911657,0.68610024,0.95708567,0.9843427,0.9823708,0.947304,0.9770137,0.9762575,0.962954,0.99080783,0.9419932,0.8407275,0.9637262,0.96199834,0.9764291,0.9918146,0.92930216,0.9089013,0.8692733,0.91649526,0.9585736,0.92925364,0.96245,0.9674352,0.98294634,0.91195995,0.9808663,0.9867399,0.9674881,0.97069085,0.96301484,0.9388925,0.97782254,0.95518863,0.9638504,0.983174,0.95356596,0.96084493,0.9445789,0.9769896,0.98417544,0.96911645,0.9263285,0.9756931,0.9524375,0.9897603,0.9793397,0.2670445,0.9593645,0.96538156,0.9492363,0.9605342,0.7355253,0.9382726,0.96601146,0.909988,0.98948896,0.9636002,0.96057326,0.9527706,0.9657894,0.98347026,0.98144823,0.96299773,0.9838591,0.9508039,0.96898764,0.9793397,0.9349003,0.9909046,0.9848594,0.98337066,0.94961846,0.97677284,0.9658273,0.98021495,0.94553113,0.94206184,0.9835244,0.98458916,0.9651329,0.9836133,0.9564629,0.9910506,0.9769675,0.9519666,0.9686637,0.644658,0.9767121,0.87429494,0.9572696,0.95089436,0.9674341,0.9801844,0.9708887,0.9701135,0.9557833,0.95976996,0.96504545,0.9531528,0.9850975,0.9884123,0.9579354,0.97206324,0.9690274,0.5811215,0.9255267,0.94366527,0.97043467,0.93736994,0.95321226,0.9416914,0.9774397,0.9743027,0.9794751,0.9315757,0.9689584,0.9847906,0.9184662,0.9775301,0.9817341,0.9857535,0.9947443,0.9775131,0.9838736,0.9631661,0.96601397,0.8912736,0.9416686,0.75988775,0.9621773,0.9765532,0.9585296,0.9866812,0.9793831,0.9572771,0.9689584,0.95038015,0.9496349,0.97217846,0.96334213
annabellemovie,0.99400675,0.97591645,0.9654311,0.96878713,0.9659205,0.9358661,0.9858251,0.9761928,0.9915044,0.9420878,0.9768608,0.9605709,1.0000001,0.98378026,0.9909789,0.9834336,0.9864933,0.9664134,0.98389894,0.9773996,0.9919558,0.9894304,0.99067926,0.98106605,0.98940516,0.6007523,0.98470026,0.9794403,0.980998,0.96960276,0.97502536,0.9828433,0.9650219,0.96426,0.9435758,0.81926143,0.9836426,0.9809997,0.99347246,0.9595371,0.98691803,0.96586394,0.9611132,0.9592761,0.9917613,0.9577758,0.9882038,0.9776489,0.9699075,0.9671533,0.980721,0.98691064,0.98649037,0.9739577,0.9692189,0.9569778,0.9827278,0.9812412,0.98574567,0.9837168,0.9968709,0.9765091,0.95418775,0.9890159,0.9905901,0.97552884,0.9381982,0.97094715,0.9724857,0.9574258,0.9862242,0.3500785,0.9656437,0.99211156,0.9935094,0.98031265,0.8257049,0.9566605,0.97970164,0.96504986,0.9701646,0.98774636,0.9851077,0.9832224,0.9899522,0.9892132,0.9672996,0.9941545,0.976425,0.97728026,0.98887724,0.9862242,0.9687267,0.9809246,0.98234063,0.98309636,0.9821075,0.98770005,0.961098,0.96973765,0.96595067,0.9690956,0.9799084,0.9812634,0.9714275,0.97034633,0.98223114,0.9843466,0.9320943,0.9826781,0.99052376,0.5454067,0.9798943,0.7898653,0.9714433,0.9729412,0.99434227,0.9753128,0.9840234,0.9847167,0.9865945,0.9880624,0.98880357,0.943066,0.98318654,0.96988344,0.97927946,0.9760467,0.9756625,0.69573706,0.9854655,0.9575111,0.9913011,0.95680845,0.9747159,0.974903,0.98576176,0.9724713,0.98646694,0.94907707,0.9915044,0.9893361,0.9609739,0.96582824,0.9924086,0.98153377,0.9592232,0.9625468,0.9824753,0.9884103,0.9852107,0.9539629,0.97841096,0.88595086,0.9818249,0.991363,0.98113245,0.9827025,0.97117335,0.98240507,0.9915044,0.95842457,0.9841029,0.98626125,0.9845242
annamovie,0.9905125,0.9839923,0.9714438,0.9466121,0.98381084,0.9465299,0.98881394,0.9916522,0.99445957,0.9742021,0.995681,0.97831887,0.98378026,1.0000001,0.9925201,0.99661714,0.9938319,0.9827436,0.9861037,0.9805889,0.97161126,0.9941219,0.9849713,0.9772878,0.9946734,0.6426932,0.9836646,0.99279344,0.98916435,0.9734646,0.9915106,0.98789346,0.9741639,0.97151417,0.94313467,0.7908902,0.9925783,0.98782307,0.9951602,0.9795522,0.9630791,0.96124214,0.9353727,0.965241,0.98493385,0.9722209,0.9820224,0.99248075,0.96731484,0.96283495,0.99137527,0.99734855,0.9844867,0.966343,0.9875068,0.9797338,0.9946794,0.9865445,0.9851427,0.9892803,0.97527766,0.9876661,0.9748789,0.99369425,0.99491674,0.9821736,0.95952475,0.9939651,0.990547,0.9657396,0.9897768,0.30706826,0.9915641,0.982176,0.9815814,0.9843878,0.7975598,0.96740633,0.98494995,0.96783966,0.9864732,0.98065716,0.9737952,0.9837758,0.98558533,0.98424023,0.9847797,0.9923622,0.986379,0.983187,0.98573035,0.9897768,0.9849026,0.9866292,0.99285394,0.9897133,0.98748934,0.99216014,0.962786,0.9805306,0.9798318,0.97676116,0.99024993,0.9867575,0.9913424,0.98594075,0.9858306,0.99445873,0.9640284,0.95466465,0.99617636,0.5689943,0.9873924,0.79371953,0.9719776,0.9893764,0.99423647,0.98471296,0.99414146,0.98978156,0.97941726,0.99097925,0.99163437,0.9567195,0.99452436,0.9826925,0.9790892,0.9834251,0.98441416,0.6774329,0.9645778,0.9782521,0.98782295,0.947007,0.9853428,0.9766991,0.9939492,0.9836915,0.98831046,0.9724898,0.99445957,0.9917336,0.9655842,0.96830654,0.9920583,0.9959191,0.9841183,0.9772346,0.9845214,0.97740173,0.9921876,0.9471867,0.9826716,0.8423609,0.97973096,0.9901774,0.9755609,0.99412364,0.98977566,0.98417866,0.99445957,0.9754576,0.9873844,0.99051166,0.9897891
apollo11movie,0.99285674,0.98871565,0.96821654,0.9670619,0.9782976,0.9237663,0.9897829,0.98483473,0.99446654,0.96250767,0.9913999,0.9649799,0.9909789,0.9925201,1.0,0.9931445,0.98812324,0.97790396,0.985482,0.991433,0.9877214,0.99204445,0.9878886,0.988904,0.9969972,0.6178595,0.98805755,0.9882248,0.9867764,0.9768705,0.9792966,0.9837538,0.970422,0.9670483,0.9252993,0.7723649,0.98812276,0.9904947,0.99404335,0.96355104,0.9703274,0.96552616,0.9472273,0.9657594,0.99480695,0.9722856,0.98314303,0.9889113,0.96030426,0.9676769,0.9859354,0.9906944,0.9870378,0.9654581,0.97601646,0.97770375,0.9892431,0.98779464,0.9868912,0.9818533,0.98433423,0.9900932,0.980772,0.9864681,0.9918048,0.9771357,0.9460137,0.98899883,0.982174,0.95706725,0.9859502,0.31947845,0.97910863,0.98386276,0.9847547,0.991595,0.78035307,0.9691225,0.9841002,0.9663516,0.97910535,0.98062843,0.9705041,0.98654544,0.98780775,0.9887007,0.97750914,0.99396,0.9817299,0.98137194,0.9844048,0.9859502,0.9873894,0.9805478,0.98461616,0.99046665,0.9959775,0.99162173,0.9541667,0.97404575,0.9764154,0.98624766,0.9900584,0.981666,0.98775184,0.976197,0.98729074,0.9864879,0.9451528,0.9600509,0.99611956,0.5391954,0.9870182,0.76946175,0.9626441,0.9883949,0.9939559,0.9740599,0.9916724,0.9888025,0.9781937,0.98914415,0.98859316,0.9321035,0.9903348,0.9704974,0.97122186,0.97680557,0.98307323,0.66206056,0.98102444,0.97085756,0.9897817,0.9347038,0.9869235,0.9778997,0.99388456,0.97523487,0.9839266,0.9606929,0.99446654,0.98858714,0.962461,0.9544291,0.9910079,0.99053967,0.9657953,0.9678927,0.9788498,0.9751403,0.9917293,0.952729,0.98470724,0.8631654,0.9779589,0.98943657,0.9761323,0.9826326,0.9874079,0.9882471,0.99446654,0.95998955,0.991198,0.9878502,0.9871488
arcticdogsmovie,0.98759055,0.98552126,0.9674134,0.94207156,0.98538566,0.9310149,0.98323256,0.98487836,0.9903349,0.975775,0.9912719,0.9808276,0.9834336,0.99661714,0.9931445,1.0,0.9879384,0.979777,0.98664385,0.97916365,0.974461,0.99246347,0.98245317,0.9718859,0.9959803,0.61306375,0.9886027,0.9897416,0.98984635,0.9668005,0.9910393,0.9824481,0.97004664,0.9782357,0.9326462,0.79363996,0.99020326,0.98754245,0.9914844,0.9750509,0.95695555,0.9521361,0.9246928,0.95676583,0.9830233,0.95821375,0.9766514,0.9832875,0.96462923,0.953746,0.9902938,0.9948306,0.98864055,0.9627644,0.97836053,0.97565097,0.9907915,0.9795078,0.98301256,0.9879431,0.97239363,0.9799221,0.9733182,0.99031204,0.99523664,0.9797015,0.9395872,0.9921942,0.98077685,0.9679967,0.98779094,0.30664876,0.98166597,0.97885114,0.9743573,0.98183614,0.7732911,0.9534151,0.97796977,0.9557429,0.9879911,0.9728179,0.96795654,0.9770321,0.9873402,0.98512274,0.98900723,0.9881973,0.9856125,0.97681946,0.97972775,0.98779094,0.9800996,0.9880829,0.99090713,0.9920504,0.98728997,0.98910683,0.9593194,0.9781465,0.9674346,0.97426385,0.99165934,0.98378456,0.9853548,0.98431134,0.98000795,0.9927915,0.96704835,0.9542615,0.9940794,0.54685557,0.98118997,0.7839419,0.96736056,0.98130816,0.9901091,0.97754693,0.9917247,0.98355573,0.97352046,0.9839869,0.9833013,0.93999124,0.9916038,0.981794,0.9678766,0.98137295,0.98723525,0.66563016,0.96099436,0.9785586,0.98839146,0.93767077,0.9748525,0.9663719,0.9954844,0.9805847,0.98429716,0.9552249,0.9903349,0.9917742,0.946668,0.9601237,0.99050176,0.9931643,0.98280925,0.96650904,0.98131716,0.97417575,0.99068743,0.9337271,0.97345024,0.83922726,0.9834164,0.98900276,0.9697792,0.9896301,0.98635155,0.97441494,0.9903349,0.9641738,0.9837964,0.9866385,0.98481727
arcticmovie,0.9897806,0.9713931,0.9769217,0.94667417,0.97812784,0.96041065,0.99302787,0.993814,0.9957621,0.96147645,0.9869944,0.98062253,0.9864933,0.9938319,0.98812324,0.9879384,1.0000001,0.9806263,0.98309135,0.9778891,0.9734902,0.9938006,0.99250627,0.9783153,0.98736316,0.647518,0.97415143,0.9965655,0.98937553,0.9814397,0.9860817,0.99495506,0.98326933,0.971998,0.95854104,0.82464844,0.98871136,0.9789333,0.99750435,0.9875283,0.97459865,0.9625846,0.93863845,0.9625047,0.98424566,0.9693301,0.9927187,0.9937853,0.98414373,0.962309,0.9917624,0.9975914,0.98029566,0.98157114,0.9805308,0.9717257,0.9967125,0.9904801,0.98744553,0.9924208,0.98446715,0.9856972,0.9627888,0.99558437,0.9951569,0.9824167,0.96716464,0.9834024,0.9816972,0.97636646,0.9943695,0.31206885,0.98513186,0.99024576,0.9836281,0.981154,0.7990724,0.97684145,0.9931225,0.96729726,0.9811725,0.9895816,0.98628205,0.98811233,0.98248625,0.99202186,0.9768065,0.993583,0.9873375,0.98549175,0.99052835,0.9943695,0.9743214,0.9890627,0.9939057,0.9862669,0.97929776,0.99780124,0.974418,0.9839134,0.9805979,0.96867794,0.990465,0.9952617,0.98222625,0.98910433,0.9885255,0.99553543,0.9598505,0.96690524,0.99223137,0.5825108,0.99140596,0.81948715,0.974858,0.98575646,0.9938739,0.98714954,0.99117255,0.9969617,0.9903401,0.9910662,0.9966923,0.96747506,0.99742407,0.98582083,0.98652613,0.9862313,0.98142713,0.661977,0.9737988,0.9665244,0.9925111,0.96651745,0.98634565,0.9840261,0.9875005,0.9910339,0.996491,0.9707185,0.9957621,0.9955143,0.968412,0.98365873,0.9967355,0.99320245,0.9858681,0.98706275,0.99114215,0.98611337,0.9894437,0.95446914,0.9821824,0.83186114,0.9786841,0.9941365,0.9841329,0.9968238,0.990434,0.99077547,0.9957621,0.9776563,0.98676497,0.99421257,0.98933345
artofracingmovie,0.9867162,0.9518588,0.9930082,0.9022234,0.9963523,0.9396764,0.99036664,0.99240124,0.9884752,0.97097194,0.97898805,0.953074,0.9664134,0.9827436,0.97790396,0.979777,0.9806263,1.0,0.9885515,0.9656089,0.9732988,0.97952574,0.97619957,0.95102924,0.97633064,0.5515042,0.98044467,0.978812,0.9821655,0.98891056,0.984825,0.97529334,0.96855193,0.94691753,0.9465123,0.74751055,0.98726994,0.9811442,0.9831743,0.96422917,0.96323997,0.9797742,0.9487946,0.985088,0.96534896,0.9585747,0.979213,0.9737247,0.9613491,0.9758857,0.98848957,0.9798104,0.9828855,0.9639027,0.9618139,0.99259424,0.98231477,0.99180907,0.9895019,0.98279494,0.9611233,0.9658382,0.94189817,0.9855958,0.9840556,0.986597,0.9694971,0.9672707,0.9815711,0.94275737,0.9884849,0.2305646,0.98640305,0.97388905,0.95580965,0.97281474,0.7979023,0.9745351,0.98827684,0.9782417,0.9671939,0.9729707,0.97607106,0.9898455,0.9776695,0.9669722,0.9794765,0.97968113,0.9756461,0.99386334,0.97987586,0.9884849,0.9831614,0.97025585,0.98676664,0.9609384,0.97568905,0.98324746,0.9755615,0.95756596,0.9666666,0.94473875,0.9841766,0.98062384,0.96299875,0.9879422,0.99124753,0.9793256,0.96218514,0.9159217,0.9812371,0.48227468,0.96474284,0.74780464,0.9811133,0.9903607,0.98528075,0.9708039,0.98698413,0.98476595,0.98348755,0.9785466,0.9855899,0.93049204,0.97818947,0.97959566,0.97229034,0.981094,0.9940917,0.70275766,0.9702855,0.9882839,0.98259836,0.9461773,0.9788276,0.98694634,0.9688179,0.9803869,0.98520905,0.96905917,0.9884752,0.98026544,0.95030665,0.95958316,0.9782482,0.9775262,0.9686171,0.9597557,0.97715783,0.9772922,0.991006,0.9710106,0.9804786,0.82879466,0.98232436,0.9866066,0.9646346,0.9768782,0.9752224,0.9698086,0.9884752,0.98302406,0.9815013,0.98660433,0.9821573
avengers,0.9938568,0.9630815,0.9885778,0.9278976,0.9858057,0.9201377,0.99038446,0.98986304,0.9909847,0.95338583,0.97358334,0.95697755,0.98389894,0.9861037,0.985482,0.98664385,0.98309135,0.9885515,1.0000001,0.9767291,0.98653895,0.98279387,0.97638774,0.9652731,0.98479503,0.53186744,0.98605007,0.9827743,0.98981476,0.97269726,0.9905286,0.96978897,0.9532012,0.9644514,0.9345265,0.7654968,0.9955308,0.98672116,0.9898125,0.9586703,0.96896434,0.9800389,0.9624241,0.9793764,0.9769506,0.9633762,0.9771679,0.9714721,0.96004313,0.9775932,0.9924573,0.9830462,0.9854935,0.9580135,0.9762021,0.98031354,0.9883554,0.9862621,0.98342925,0.9891989,0.9811231,0.9638118,0.9509256,0.9874094,0.99082994,0.97542614,0.94162005,0.9730154,0.9781315,0.94716424,0.9904295,0.25373945,0.97572243,0.98646396,0.9687813,0.9791381,0.8343155,0.95786166,0.9786626,0.9810299,0.96273017,0.98166966,0.9794424,0.9839709,0.99464256,0.973401,0.98377424,0.98495215,0.984464,0.985169,0.9794102,0.9904295,0.98446816,0.98028255,0.9902603,0.967216,0.9825054,0.98894966,0.96758103,0.95099735,0.97094005,0.9578994,0.9808,0.9829664,0.9715925,0.98503536,0.9883387,0.98346615,0.9586636,0.94222695,0.9896506,0.47624558,0.96774,0.73692596,0.9793373,0.9841619,0.99078506,0.96538293,0.980974,0.9846718,0.9850902,0.9784204,0.9879566,0.9232229,0.982487,0.97849435,0.96562153,0.99261284,0.9888277,0.7542594,0.97959083,0.97240674,0.98743165,0.94203514,0.9725546,0.977376,0.9791197,0.9711829,0.9848027,0.96780777,0.9909847,0.9874204,0.95856345,0.9549876,0.98912024,0.976922,0.96683,0.95136136,0.9765023,0.9851723,0.9969682,0.9704258,0.9871452,0.8405675,0.9878984,0.9884266,0.9582052,0.9811061,0.9743718,0.9715027,0.9909847,0.96294576,0.9798868,0.9815376,0.9946613
beachbummovie,0.98185843,0.9706033,0.96458536,0.96061516,0.9578424,0.8990671,0.98559684,0.9769467,0.98516047,0.9447196,0.9781355,0.95312464,0.9773996,0.9805889,0.991433,0.97916365,0.9778891,0.9656089,0.9767291,0.99999994,0.9779073,0.9787111,0.9705446,0.98572046,0.98649406,0.6241463,0.9667882,0.9852041,0.9846403,0.96428216,0.9628989,0.9673614,0.94403976,0.9638301,0.88996404,0.72579736,0.9820701,0.9888146,0.9841694,0.94760996,0.9475122,0.9643118,0.9416733,0.96587175,0.99285364,0.986194,0.9670229,0.98350644,0.94684196,0.969468,0.98018056,0.9765053,0.9659948,0.94592315,0.97585917,0.9654165,0.9849033,0.9823009,0.96959466,0.9685933,0.9762775,0.9828146,0.98684853,0.96763724,0.9792937,0.95838577,0.9359679,0.9866411,0.9759405,0.95093524,0.9741323,0.28277883,0.97017074,0.9794287,0.9675392,0.99071556,0.783727,0.97262776,0.9751168,0.9561574,0.9643154,0.97925705,0.9537555,0.9790776,0.98284036,0.97808915,0.9694364,0.98012084,0.9830043,0.9713149,0.97135526,0.9741323,0.9849124,0.9753206,0.97526556,0.9740274,0.9935597,0.98612446,0.9446961,0.94827706,0.9863818,0.9908744,0.97752833,0.97185946,0.98848,0.9675686,0.983884,0.97583526,0.9310836,0.9429027,0.98861355,0.5380527,0.9878303,0.75812495,0.9499199,0.98467237,0.9814239,0.96121013,0.9751473,0.9845242,0.9609273,0.9758496,0.9797664,0.9134372,0.9816846,0.96003115,0.9524754,0.9734328,0.96918106,0.6631249,0.97794324,0.9434275,0.97609574,0.90625495,0.98733586,0.96551526,0.9787502,0.9551871,0.9716349,0.96945816,0.98516047,0.9737524,0.97148883,0.9401036,0.98327833,0.9821213,0.9504703,0.9580701,0.96452,0.9570726,0.9873277,0.95484066,0.98823273,0.82336044,0.9521547,0.97399473,0.9562229,0.96654207,0.9896973,0.9887557,0.98516047,0.9377114,0.9765661,0.9728336,0.9859249
bernadettefilm,0.9925233,0.96285534,0.97462136,0.95379364,0.96998024,0.9108604,0.985862,0.9724154,0.9870472,0.9361876,0.9664599,0.9384845,0.9919558,0.97161126,0.9877214,0.974461,0.9734902,0.9732988,0.98653895,0.9779073,1.0,0.97902226,0.98237336,0.9724325,0.98214555,0.5332509,0.986119,0.96893424,0.97707,0.97526497,0.96624315,0.9688776,0.952819,0.94979864,0.9257199,0.7679304,0.98026425,0.98222333,0.98488176,0.93870836,0.9834882,0.9782478,0.9731981,0.97194624,0.9862989,0.95385665,0.9813655,0.9644446,0.95592564,0.9776743,0.9768203,0.9724501,0.9859511,0.9640962,0.95293134,0.9648626,0.97313017,0.98304904,0.98586565,0.9747466,0.99038804,0.9651907,0.94485694,0.97813326,0.9822103,0.9724416,0.93160725,0.9578537,0.9654058,0.9367595,0.98132944,0.30391252,0.9574133,0.9859921,0.9776615,0.9793965,0.81807125,0.9583796,0.9771182,0.9697681,0.95548916,0.98090255,0.97857183,0.98553854,0.98859906,0.9783909,0.9638312,0.9859236,0.9695283,0.98023313,0.98144066,0.98132944,0.97329134,0.9684786,0.9742944,0.9668709,0.98309463,0.9809928,0.95892054,0.94868803,0.95882535,0.9602996,0.9753163,0.9721447,0.9580465,0.965495,0.9850593,0.97093123,0.9229112,0.9577947,0.98337024,0.47478932,0.96619886,0.7398229,0.9693823,0.97421086,0.98813635,0.959191,0.9774712,0.9790783,0.9827331,0.9781945,0.98153394,0.90881836,0.9709153,0.9604536,0.96563756,0.9720543,0.9802315,0.7113297,0.994148,0.95945156,0.9866695,0.93918115,0.9715463,0.9770036,0.97287023,0.9613059,0.97862744,0.94385856,0.9870472,0.9791676,0.9515662,0.9466902,0.98276144,0.9686835,0.9398094,0.9433259,0.9716335,0.9825532,0.9859496,0.9685356,0.97989345,0.8847227,0.98029643,0.98609155,0.9687974,0.96503675,0.9629216,0.97452354,0.9870472,0.95014685,0.981139,0.97941864,0.98054796
