movie,21bridgesmovie,47metersdown,abeautifuldaymovie,abominablemovie,adastramovie,adogsjourneymovie,aftermathmovie,aftermovie,ahiddenlifefilm,alitamovie,angelhasfallen,angrybirdsmovie,annabellemovie,annamovie,apollo11movie,arcticdogsmovie,arcticmovie,artofracingmovie,avengers,beachbummovie,bernadettefilm,blackandbluemovie,blackchristmas,blindedbythelightmovie,bombshellmovie,booksmart,breakthroughmovie,brianbanksmovie,brightburnmovie,brittanyrunsmov,captainmarvelofficial,captivestatemovie,catsmovie,charliesangels,childsplaymovie,clarathefilm,coldpursuitmovie,countdown,currentwarmovie,darkwatersmovie,detectivepikachumovie,disneyaladdin,disneyfrozen,disneymaleficent,doctorsleepmovie,dolemiteismyname,dontletgomovie,doramovie,downtonabbey_official,dumbo,escaperoom,everybodyknowsmovie,fastandfuriousmovie,fightingwmyfam,fivefeetapartfilm,fordvferrari,freaksthefilm,geminimanmovie,glassmovie,gloriabellmovie,godzillamovie,goldfinchmovie,goodboysmovie,goodliarmovie,gretafilm,halathemovie,happydeathdaymovie,harrietfilm,hellboymovie,hersmellmovie,highlifemovie,highstrungmovie,honeyboymovie,hotelmumbaifilm,httydragon,hustlemovie,hustlersmovie,isntitromantic,itmovieofficial,jayandsilentbob,johnwickmovie,jojorabbitmovie,jokermovie,judythefilm,jumanjimovie,justmercyfilm,knivesout,lalloronamovie,lastblackmansf,lastchristmasthemovie,latenightmovie,lighthousemovie,lionking,littlethemovie,littlewomenmovie,littlewoodsfilm,longshotmovie,lordsofchaosmovie,lucyintheskyfilm,mamovie2019,marriagestory,meettheaddams,meninblack,midsommarmovie,midwaymovie,missbalamovie,missinglinkfilm,motherlessbklyn,onceinhollywood,onthebasisofsex,overcomermovie,peanutbutterfalcon,petsematarymovie,piercingmovie,playingwithfire,playmobilthemovie,pomsmovie,queenandslim,rambomovie,readyornotfilm,richardjewellfilm,rocketmanmovie,scarystoriesmovie,secretlifeofpets,serenityfilm,shaftmovie,shazammovie,spidermanmovie,spiesindisguise,starwars,stormboymovie,stubermovie,taosdfilm,teenspiritmov,terminator,theaeronautsmov,thebestofenemies,thedeaddontdie,thefarewell,thehighwaymen,thehummingbirdprojectfilm,theintrudermovie,theirishmanfilm,thekitchenmovie,thelegomovie,themustangfilm,thenightingalefilm,theprodigymovie,thesunisalsoastar,theupsidefilm,tolkienmovie,toystory,triplefrontier,uglydolls,uncutgems,underthesilverlake,usmovie,wavesmovie,whatmenwant,wonderparkmovie,wrinklestheclown,xmenmovies,yardiefilm,yesterdaymovie,zombieland
21bridgesmovie,0.9999999,0.95401275,0.9557874,0.9265695,0.958667,0.9182993,0.95665425,0.9402643,0.97896546,0.9470883,0.95505846,0.95469177,0.952757,0.9567014,0.9607491,0.9690031,0.96123916,0.95864874,0.9787561,0.9464182,0.9525976,0.9497151,0.963236,0.9678611,0.9404329,0.7500912,0.9542288,0.9487778,0.96066535,0.95070946,0.95149696,0.96227026,0.95558774,0.94732225,0.9350099,0.90779626,0.9625377,0.96615386,0.95137376,0.95593596,0.9497655,0.96141773,0.9260755,0.9593253,0.9680914,0.94485676,0.9605233,0.952937,0.9313079,0.9604678,0.96540684,0.96815,0.92537427,0.9330967,0.9169773,0.96539074,0.9264107,0.95252305,0.9418833,0.9591664,0.94429356,0.9469203,0.9545709,0.9474031,0.9539537,0.948373,0.9419617,0.95215195,0.94754297,0.9333966,0.9587082,0.6988327,0.9357306,0.94772506,0.9432652,0.9419715,0.87352806,0.9382425,0.93077433,0.95319796,0.9527394,0.9321513,0.95541847,0.94591206,0.94552803,0.94491893,0.9276312,0.9594503,0.94963026,0.9541834,0.9514818,0.9587082,0.93533075,0.95622665,0.95616406,0.95490175,0.9407958,0.95450974,0.9456662,0.95504797,0.9510696,0.94040823,0.95394844,0.95847857,0.95512086,0.9634257,0.96211374,0.9563138,0.9500773,0.94408184,0.96585953,0.8703344,0.94623923,0.9013928,0.95172316,0.96970963,0.98783904,0.93169254,0.9599096,0.9421258,0.94050604,0.96042746,0.94759,0.9261799,0.96205974,0.9562725,0.9539503,0.9399894,0.95803916,0.91447395,0.9693958,0.9504356,0.9581955,0.93445146,0.959408,0.94707406,0.9701543,0.94391805,0.9517865,0.96160793,0.97896546,0.953549,0.93681127,0.9476098,0.9300558,0.96294653,0.9709494,0.93140286,0.9490463,0.9584111,0.9566211,0.9301682,0.9637522,0.939996,0.94126767,0.9405793,0.94606817,0.94701725,0.94963866,0.94378513,0.97896546,0.9612342,0.9667047,0.94959575,0.96065456
47metersdown,0.95401275,1.0000001,0.95391184,0.90736204,0.9362176,0.88345534,0.956487,0.94340247,0.967505,0.93770105,0.9508837,0.9320437,0.93975574,0.93038654,0.96228325,0.9604758,0.9619428,0.9370934,0.9496559,0.9275326,0.93473476,0.9226398,0.94413966,0.9517171,0.90860313,0.7495058,0.9220926,0.9406151,0.94151807,0.94348234,0.92621285,0.9324613,0.9405679,0.93531364,0.92518145,0.8667754,0.9439738,0.94458896,0.9486739,0.93012357,0.93834496,0.9527314,0.94690996,0.9579024,0.96384436,0.9043015,0.93459505,0.9448817,0.9227852,0.9535153,0.9450328,0.93976134,0.89699805,0.93262583,0.90334976,0.9413066,0.93507785,0.9272672,0.9308834,0.93442684,0.92909724,0.9295875,0.95203763,0.95017266,0.93423545,0.9347232,0.93602854,0.92375094,0.9367593,0.94256264,0.93847924,0.7326687,0.92390865,0.94387764,0.92173,0.92980915,0.84362286,0.929012,0.93173295,0.93783075,0.9493868,0.92857283,0.9429259,0.9101173,0.9341278,0.94293445,0.9380388,0.9389817,0.92794603,0.9425379,0.93735486,0.93847924,0.92545563,0.94631565,0.9463914,0.9507006,0.92274064,0.9508576,0.9476334,0.91928494,0.92098784,0.90711296,0.9493469,0.9489802,0.9467845,0.9495382,0.9450453,0.9558127,0.9083453,0.9301334,0.9452187,0.8558593,0.94893837,0.8914834,0.9366621,0.9454969,0.9598462,0.92342675,0.9567692,0.93967205,0.92589355,0.930092,0.9315261,0.9169348,0.95278245,0.9341247,0.9457081,0.9271471,0.9429744,0.93224317,0.9564331,0.93009675,0.95308083,0.9040824,0.94240314,0.9428639,0.9527958,0.9390096,0.9342014,0.9191388,0.967505,0.9376222,0.9176253,0.9585846,0.9368915,0.9362813,0.95468974,0.93174917,0.95090187,0.93601704,0.9577589,0.94494784,0.9376514,0.9021337,0.9316198,0.91457886,0.9193262,0.94124526,0.93437207,0.943818,0.967505,0.94368356,0.9582048,0.9338865,0.94446737
abeautifuldaymovie,0.9557874,0.95391184,1.0,0.9450873,0.9589741,0.9262261,0.96202195,0.9535352,0.97946584,0.95168114,0.96221006,0.96492136,0.9579363,0.94613254,0.9643944,0.95337445,0.9657819,0.96037334,0.95463854,0.9305889,0.96156085,0.97124106,0.9515632,0.9663977,0.9404186,0.8089002,0.9561511,0.9634556,0.96819896,0.9511155,0.9507143,0.95451474,0.95687026,0.94970834,0.94169337,0.90454364,0.9479053,0.95447177,0.9532617,0.9452187,0.95684224,0.95442027,0.94372845,0.96870035,0.95118153,0.9352368,0.94820285,0.9662496,0.9390412,0.96578765,0.9744329,0.968886,0.9270956,0.95343924,0.9314168,0.9606734,0.94653076,0.9426105,0.9478329,0.95571816,0.9367366,0.9409845,0.9399437,0.9531773,0.9632764,0.93971485,0.9487666,0.9436472,0.9307871,0.93444633,0.9583863,0.7577865,0.9417835,0.9593694,0.9506036,0.9386426,0.88407135,0.9537231,0.94493073,0.9395277,0.9557135,0.9432413,0.95923793,0.95084214,0.96310145,0.94184214,0.9383816,0.96206427,0.94379133,0.96095604,0.95725745,0.9583863,0.94370127,0.9576217,0.96136695,0.9738306,0.93237376,0.9436349,0.96089727,0.9346089,0.9358327,0.94896156,0.9574274,0.96214104,0.9446093,0.97536516,0.9518831,0.94965893,0.9328113,0.9403392,0.97048396,0.8779698,0.9488049,0.9033738,0.9432079,0.9615516,0.9673184,0.94112146,0.9677849,0.95862085,0.9448796,0.9637218,0.9610459,0.9377606,0.9617489,0.96271545,0.95791113,0.9526767,0.9454597,0.93337804,0.9683532,0.943368,0.96440965,0.92763317,0.9630487,0.9470371,0.958852,0.952482,0.95848274,0.9471423,0.97946584,0.9678585,0.9382541,0.9556375,0.9316336,0.9576378,0.9535718,0.94541657,0.9522225,0.95505524,0.9511379,0.9614324,0.9453718,0.9167736,0.9532292,0.95619446,0.93524766,0.9575881,0.9539474,0.9506597,0.97946584,0.9538449,0.97287434,0.9476456,0.9693654
abominablemovie,0.9265695,0.90736204,0.9450873,1.0000002,0.9562996,0.93478554,0.9322385,0.95110166,0.9524681,0.93413764,0.92999536,0.943916,0.9502824,0.9358366,0.9128008,0.9414523,0.9335897,0.95301265,0.9296475,0.8888145,0.91587275,0.9349183,0.93433374,0.93273914,0.8974032,0.7638728,0.9559242,0.92847186,0.9411329,0.91600496,0.9114205,0.94770163,0.92405105,0.93842983,0.91216433,0.88979983,0.9174953,0.9507475,0.9136243,0.9219277,0.9099069,0.9189429,0.89058983,0.92713886,0.9238588,0.9227375,0.93367606,0.9273808,0.89746505,0.92721015,0.9481963,0.956445,0.94517994,0.9346985,0.9381864,0.9388223,0.92448163,0.91904837,0.9395176,0.9328276,0.9249274,0.9189177,0.9137094,0.9326627,0.958004,0.9139962,0.9028284,0.9324128,0.9085889,0.89466614,0.932162,0.70026463,0.89446837,0.9324738,0.94607514,0.93001086,0.87554365,0.94378036,0.9356362,0.9320836,0.9198836,0.9361347,0.9378528,0.9007535,0.95857596,0.90816385,0.92141014,0.9358113,0.9224341,0.9190083,0.9227348,0.932162,0.8958472,0.9347024,0.9349028,0.94864625,0.9178712,0.91976017,0.9302127,0.92793626,0.92426544,0.9408439,0.9397874,0.93491167,0.9097371,0.9483567,0.9414517,0.92771506,0.8811092,0.9074722,0.94453824,0.86567146,0.921474,0.88376224,0.91986233,0.93600416,0.9343482,0.9107616,0.9285264,0.91662073,0.9057617,0.9479925,0.9418072,0.9305725,0.9203685,0.9408022,0.9294784,0.92631096,0.9289447,0.87128913,0.9317024,0.9270771,0.92334664,0.88743854,0.9353717,0.9130895,0.9298312,0.94869196,0.9348348,0.93528485,0.9524681,0.9342128,0.9319068,0.9287742,0.930595,0.9338345,0.915399,0.9344623,0.91999364,0.91685426,0.91961956,0.91060597,0.930929,0.8812259,0.9335718,0.93934906,0.88707834,0.93927634,0.9342725,0.9276337,0.9524681,0.93367815,0.944514,0.9263403,0.9327542
adastramovie,0.958667,0.9362176,0.9589741,0.9562996,1.0000001,0.9298319,0.9597365,0.96790606,0.97618824,0.9668012,0.95693773,0.94911367,0.96272814,0.9453206,0.94583035,0.94924307,0.9559948,0.98102736,0.9585113,0.9274829,0.95134646,0.9422299,0.95186514,0.9705547,0.9240423,0.7532978,0.96692276,0.9539697,0.9481902,0.93983597,0.9455974,0.9743455,0.94860816,0.9393935,0.91814965,0.8978119,0.9572776,0.96427506,0.93511117,0.947465,0.93213,0.94947696,0.9223158,0.95440614,0.9523538,0.9485488,0.94588715,0.9522185,0.93067336,0.9525608,0.95448,0.970887,0.9423812,0.9473404,0.95222974,0.96929216,0.9350064,0.9506792,0.95137125,0.9580025,0.941128,0.94125223,0.9286284,0.9418405,0.95565885,0.9466007,0.91146475,0.94720936,0.9384477,0.92715096,0.9551495,0.731849,0.9292531,0.9621526,0.9509865,0.9430247,0.8891027,0.9544157,0.9470982,0.95067084,0.9502051,0.95360327,0.9475028,0.9231439,0.95730805,0.94083244,0.94232965,0.96238244,0.94634235,0.94417274,0.94115853,0.9551495,0.91831106,0.95518005,0.95246947,0.9611058,0.94133604,0.9633439,0.9433131,0.94100744,0.96196985,0.9382348,0.9581592,0.9595366,0.9358621,0.95796,0.9549456,0.9506638,0.9168922,0.93307453,0.9526929,0.8587421,0.93970966,0.91496736,0.9438417,0.96422696,0.96348757,0.93663967,0.95365,0.9462923,0.9287978,0.95571154,0.9579525,0.9365268,0.95387894,0.9621867,0.95317215,0.94062364,0.9668811,0.8997942,0.96366453,0.9669874,0.94994605,0.9193081,0.959895,0.94665664,0.95822316,0.9463655,0.94969326,0.9556391,0.97618824,0.9498104,0.962223,0.94582677,0.9238637,0.9506691,0.9569199,0.93457603,0.9414146,0.9441882,0.94710386,0.9285259,0.9579213,0.90473956,0.9554356,0.95005316,0.91302055,0.95193076,0.9476638,0.94465226,0.97618824,0.9600359,0.969189,0.9405388,0.94426405
adogsjourneymovie,0.9182993,0.88345534,0.9262261,0.93478554,0.9298319,1.0,0.9352757,0.9180466,0.94428253,0.91922355,0.91916937,0.94876236,0.9345,0.9267076,0.9109105,0.9243824,0.9080769,0.93616503,0.9377593,0.88857657,0.92130435,0.9329579,0.94201845,0.9168703,0.9033002,0.78857327,0.9321905,0.9218286,0.9354785,0.91185224,0.9381366,0.94165677,0.91833097,0.92573726,0.91208494,0.91962135,0.913884,0.94099575,0.9007274,0.92433655,0.9157047,0.91673297,0.87944525,0.9213885,0.91324234,0.9186837,0.9416414,0.92080516,0.91169393,0.92594516,0.94567263,0.9460677,0.94563323,0.90885574,0.93466085,0.9244271,0.90106416,0.92140245,0.92909455,0.93738014,0.92240244,0.9154902,0.90189743,0.90649295,0.9301562,0.9073289,0.8916347,0.926443,0.91424465,0.8754432,0.9431666,0.71959525,0.92343473,0.90794134,0.92308384,0.92355037,0.86728895,0.9527483,0.9362072,0.9220844,0.9097265,0.9239223,0.92819667,0.90575814,0.94592315,0.9012672,0.93152183,0.92651457,0.93158656,0.9133443,0.9183728,0.9431666,0.88615257,0.913929,0.93590504,0.94527,0.92127407,0.88337,0.9253909,0.9326179,0.9213526,0.95286936,0.9253813,0.94396734,0.8864821,0.94457465,0.93493295,0.90774494,0.9146421,0.8874814,0.9332145,0.8278672,0.89621747,0.8913894,0.9160679,0.93824434,0.9245811,0.9011717,0.92759794,0.92164224,0.9025106,0.9436396,0.9459417,0.9706964,0.93305916,0.9314908,0.94159085,0.9266056,0.89398885,0.8365841,0.9144495,0.9106572,0.91298056,0.86299646,0.9271157,0.9190285,0.9099786,0.92116135,0.95128834,0.9296351,0.94428253,0.93500334,0.92465967,0.92164683,0.91609937,0.9319283,0.91772926,0.92711395,0.906344,0.9264463,0.9205618,0.8904282,0.9325113,0.897882,0.9311302,0.94314516,0.9050619,0.9397316,0.91556627,0.90077597,0.94428253,0.92332417,0.9319978,0.94772047,0.93130696
aftermathmovie,0.95665425,0.956487,0.96202195,0.9322385,0.9597365,0.9352757,1.0000002,0.96050394,0.97973526,0.95359683,0.9632681,0.9436104,0.96736765,0.94663805,0.9564196,0.9535223,0.97186553,0.9538018,0.9640559,0.9392485,0.95041114,0.95729744,0.9664364,0.97183156,0.94388646,0.7851344,0.94598657,0.9598831,0.96087366,0.937809,0.9520009,0.96604043,0.9517735,0.9461199,0.937966,0.9067858,0.9693364,0.9643199,0.9675186,0.9597761,0.94585663,0.9572897,0.93400025,0.9653649,0.96098065,0.94972277,0.9650233,0.9557602,0.9393883,0.96340466,0.9659517,0.9663512,0.92933404,0.9542606,0.9333724,0.9581171,0.9428731,0.94500256,0.95229864,0.9604291,0.95910597,0.93765575,0.943481,0.9442263,0.95793974,0.9495686,0.94134,0.9444511,0.94941807,0.95281523,0.9640107,0.74996084,0.9352895,0.96337074,0.9427746,0.93571335,0.86803985,0.96279234,0.9495868,0.9393856,0.9614722,0.97068995,0.96052265,0.934786,0.95280254,0.9548478,0.95782226,0.96568817,0.96183825,0.94344884,0.9414354,0.9640107,0.959623,0.95545435,0.9626491,0.9570084,0.9503786,0.95083255,0.978922,0.94886255,0.9606043,0.9450843,0.94851655,0.9665879,0.9594574,0.9691954,0.96575445,0.94837296,0.94964105,0.9480444,0.96693015,0.8669822,0.946397,0.92111766,0.9581559,0.9638404,0.96275526,0.9486922,0.9575301,0.98546517,0.9389635,0.9624237,0.9650949,0.9424721,0.96787256,0.96212643,0.9670415,0.95302427,0.950183,0.925798,0.9583398,0.9427984,0.9570515,0.90827453,0.956444,0.94555,0.9556769,0.9412876,0.9575849,0.9576038,0.97973526,0.959404,0.9534581,0.95678276,0.9356327,0.9601581,0.9592197,0.9441833,0.95398265,0.9398781,0.9876529,0.9410679,0.9625729,0.92529875,0.95128703,0.957654,0.95504534,0.95728916,0.9457759,0.9441369,0.97973526,0.9586136,0.9770192,0.9558018,0.96225697
aftermovie,0.9402643,0.94340247,0.9535352,0.95110166,0.96790606,0.9180466,0.96050394,1.0,0.97231865,0.9432743,0.9485124,0.9295562,0.96401227,0.9408108,0.9384521,0.9471497,0.948995,0.96094775,0.9406604,0.93319696,0.93930787,0.94737643,0.94797003,0.96614915,0.91068524,0.7853746,0.95278925,0.9521308,0.93970954,0.94068223,0.9340834,0.9538288,0.93927836,0.93890905,0.93388313,0.88556576,0.9593122,0.96141195,0.93643945,0.9252135,0.9233215,0.9490383,0.9410418,0.9602941,0.9470916,0.95256424,0.9501647,0.9465068,0.923142,0.9577685,0.9461303,0.9610801,0.94070554,0.96336263,0.96781456,0.9459152,0.9427891,0.94344604,0.93869746,0.9516819,0.9275291,0.93145406,0.9209434,0.93939304,0.9555861,0.937589,0.919987,0.9423986,0.93147033,0.9259866,0.94699776,0.71400535,0.9092455,0.9602256,0.93043697,0.9288202,0.8674915,0.9561605,0.932868,0.94914246,0.9449044,0.9578614,0.9496215,0.9130551,0.96208936,0.93379134,0.95199054,0.95845705,0.9428234,0.93694043,0.9382173,0.94699776,0.9206757,0.95530766,0.95586956,0.94802374,0.93291056,0.96239895,0.949343,0.93122303,0.9589252,0.93492556,0.9498393,0.95734173,0.9326246,0.9524393,0.9461236,0.9390892,0.91026294,0.9275862,0.9422573,0.87040687,0.9430354,0.92420983,0.94707817,0.96365917,0.9552952,0.93052214,0.94784933,0.944741,0.930146,0.9477491,0.9674068,0.9316711,0.94283324,0.95876956,0.949785,0.93602514,0.9443812,0.91568846,0.9625413,0.94641495,0.942955,0.90600955,0.95594716,0.9467618,0.95308185,0.9439575,0.9393094,0.94227505,0.97231865,0.9498913,0.9548854,0.9379083,0.9391816,0.93961334,0.9389745,0.9331516,0.9454926,0.94777983,0.9488661,0.945603,0.94169366,0.8846923,0.946457,0.9435442,0.90376,0.94494617,0.9599996,0.9491286,0.97231865,0.9324418,0.9672507,0.9275808,0.93862593
ahiddenlifefilm,0.97896546,0.967505,0.97946584,0.9524681,0.97618824,0.94428253,0.97973526,0.97231865,1.0000002,0.97029895,0.97899973,0.9667019,0.98070884,0.9762775,0.98081213,0.98033535,0.9807617,0.98238987,0.9751035,0.9583702,0.9706824,0.96779484,0.9795328,0.9857919,0.9611048,0.8050318,0.96565133,0.97864854,0.97104895,0.97479737,0.9716577,0.9767224,0.96534127,0.96283555,0.953765,0.923632,0.9780117,0.9753827,0.9721363,0.9692934,0.97134674,0.9837519,0.9617592,0.9877408,0.97831047,0.96287394,0.9793505,0.97225285,0.96101576,0.9866891,0.9774025,0.987544,0.9512484,0.967567,0.95416844,0.97655314,0.96199363,0.97582793,0.97177845,0.9814267,0.9666944,0.96462786,0.95930547,0.97073543,0.9758689,0.9728573,0.9566471,0.9722294,0.9695185,0.9586487,0.98278457,0.7509796,0.95722336,0.97450674,0.95610785,0.9592883,0.88625455,0.9677563,0.96594375,0.9602824,0.97537756,0.95895964,0.979698,0.9616842,0.9728096,0.9699933,0.9712773,0.9823693,0.9695346,0.9705711,0.972714,0.98278457,0.953155,0.97470796,0.9726465,0.9795775,0.9680443,0.9707844,0.97258633,0.9647803,0.97231966,0.96419525,0.9674432,0.98608494,0.968116,0.98032254,0.97480416,0.9707334,0.9571934,0.9553782,0.9758588,0.8761546,0.974453,0.9316306,0.9703825,0.9837005,0.9838734,0.96257365,0.98118675,0.9686112,0.963621,0.97824645,0.9788821,0.95445025,0.98184615,0.98127806,0.97970784,0.95778084,0.9705248,0.9354618,0.98412424,0.97208667,0.98185074,0.9397019,0.98359257,0.9753549,0.9767362,0.9708232,0.97678983,0.9732604,1.0000002,0.97344273,0.96857053,0.97080934,0.9528169,0.9772756,0.98043174,0.95838064,0.9748938,0.96940076,0.9734998,0.9688906,0.97733855,0.93071514,0.97406816,0.9681976,0.9534529,0.9768348,0.9739929,0.96955186,1.0000002,0.97394407,0.98751247,0.9702765,0.9703381
alitamovie,0.9470883,0.93770105,0.95168114,0.93413764,0.9668012,0.91922355,0.95359683,0.9432743,0.97029895,0.99999994,0.9470945,0.928713,0.9556186,0.9527931,0.9437411,0.9415707,0.9547684,0.9596462,0.9448152,0.9218741,0.93639606,0.93637455,0.96045774,0.9619869,0.92980915,0.7659439,0.9328229,0.94790155,0.9462277,0.9349981,0.9511602,0.9476574,0.94430184,0.93297935,0.9117832,0.8812905,0.940543,0.9575136,0.93403333,0.93828166,0.9276405,0.9531663,0.91320163,0.95512795,0.94829243,0.94924134,0.95662665,0.951568,0.9225205,0.95668846,0.94772923,0.96190274,0.9459468,0.9382718,0.92505157,0.95567673,0.926465,0.94332045,0.95645994,0.9493487,0.94766366,0.94011396,0.9281416,0.9442374,0.94406533,0.9444386,0.9196755,0.93908584,0.9340455,0.92946213,0.95642805,0.74162525,0.9398505,0.95356,0.93546724,0.93634164,0.85525984,0.95904076,0.94403195,0.93964165,0.9429284,0.9453947,0.95073074,0.9279701,0.944464,0.9521533,0.9295699,0.956159,0.93961823,0.9304439,0.94521,0.95642805,0.9075038,0.94316244,0.9383245,0.95197433,0.93830824,0.9478605,0.9449039,0.9433514,0.95205766,0.9309578,0.9451026,0.9569912,0.94477963,0.95368016,0.9367228,0.9441755,0.9286399,0.9222567,0.94086415,0.819514,0.93601483,0.8891533,0.9216309,0.9535386,0.9582609,0.9297142,0.9561175,0.9477592,0.92604494,0.9502147,0.9446747,0.9230512,0.9518509,0.9561536,0.9443172,0.93609095,0.95658624,0.88972497,0.9456624,0.9658761,0.945927,0.90752804,0.95054,0.9486744,0.9533006,0.94617534,0.9457032,0.94853485,0.97029895,0.9447732,0.9549081,0.94512355,0.9197112,0.9422809,0.9550694,0.920968,0.9403405,0.9377424,0.9379402,0.9279984,0.95539767,0.92765087,0.95012313,0.93952537,0.92971486,0.95360154,0.92774105,0.9249138,0.97029895,0.9579421,0.9574071,0.950967,0.9474985
angelhasfallen,0.95505846,0.9508837,0.96221006,0.92999536,0.95693773,0.91916937,0.9632681,0.9485124,0.97899973,0.9470945,1.0,0.94296366,0.9727816,0.9659388,0.95548475,0.95592976,0.96257675,0.9541955,0.95164466,0.93682474,0.9572532,0.95092994,0.94939,0.96365386,0.9490184,0.7554618,0.9374347,0.9780651,0.9441265,0.96346295,0.9443807,0.95766425,0.95278144,0.9353557,0.9273463,0.9016459,0.9512764,0.94963485,0.9578825,0.95222354,0.9475518,0.95849717,0.95014817,0.9704183,0.95919776,0.9305373,0.9512028,0.95766073,0.9472738,0.96717536,0.95394987,0.97195363,0.9202142,0.95413536,0.92173266,0.9589524,0.9535589,0.9448842,0.95056057,0.95742416,0.9596758,0.9374814,0.9345482,0.9584704,0.9621091,0.94604415,0.9320727,0.9541621,0.96461844,0.9403996,0.959855,0.71787053,0.9473007,0.97362596,0.9364902,0.935159,0.88130915,0.9377142,0.9566662,0.93671787,0.97999245,0.9405339,0.96047986,0.93835914,0.9553754,0.9577706,0.9615454,0.9744447,0.9376368,0.9422712,0.9479488,0.959855,0.9327681,0.9573094,0.9406623,0.9684864,0.9589336,0.9608243,0.9540327,0.9421175,0.94623375,0.9483594,0.9571275,0.96352446,0.9592828,0.95906115,0.9589287,0.9544326,0.9247897,0.9455398,0.954709,0.8780757,0.96151584,0.9277188,0.94024247,0.9709414,0.9669062,0.94393766,0.96374106,0.95464265,0.9420816,0.94997907,0.95524603,0.930068,0.9659475,0.9589958,0.9564933,0.9297126,0.9445623,0.9111159,0.9704056,0.95158106,0.9698504,0.92478865,0.96246606,0.956125,0.9661817,0.9518927,0.94738245,0.945964,0.97899973,0.95424193,0.9446184,0.9532586,0.9185613,0.959038,0.961258,0.94024897,0.96626276,0.94316417,0.96114236,0.9513669,0.948669,0.90264696,0.9509826,0.9431869,0.9358783,0.9596673,0.9538386,0.95440567,0.97899973,0.9474748,0.9694557,0.9461022,0.954816
angrybirdsmovie,0.95469177,0.9320437,0.96492136,0.943916,0.94911367,0.94876236,0.9436104,0.9295562,0.9667019,0.928713,0.94296366,1.0,0.9416685,0.94630295,0.9510784,0.9476898,0.9424253,0.9580302,0.9496065,0.9222479,0.95063454,0.93991727,0.95277977,0.94389135,0.9231632,0.7749114,0.9483243,0.94850224,0.95461565,0.9455012,0.9376675,0.955416,0.92853403,0.9534417,0.91322196,0.90449965,0.9360008,0.9512458,0.9318158,0.94696385,0.9346531,0.94091696,0.9165685,0.9470126,0.9441126,0.9241774,0.94152147,0.9493596,0.92715555,0.94356424,0.96617603,0.96694607,0.93488276,0.93198943,0.9256824,0.9554933,0.9263852,0.94178766,0.93490285,0.95591426,0.9215548,0.93055373,0.93709934,0.9282248,0.9602848,0.9223724,0.9134597,0.9592821,0.929363,0.8974259,0.9583093,0.70943904,0.9428165,0.9356264,0.93796,0.9378642,0.8693868,0.9322448,0.9311621,0.9324343,0.9433692,0.91210544,0.93361574,0.9328088,0.9647449,0.9217165,0.9257842,0.95196325,0.9424312,0.94855607,0.9405677,0.9583093,0.9166683,0.94778705,0.9573598,0.96903497,0.92486376,0.9232559,0.930492,0.93671733,0.9293379,0.9445299,0.94531715,0.9577892,0.92503184,0.96676725,0.9638074,0.92529655,0.9227144,0.9223988,0.9553176,0.8439674,0.9382227,0.8865079,0.9365697,0.954689,0.95575774,0.9226695,0.95373416,0.92770267,0.9160236,0.9643198,0.95656586,0.9498459,0.9443641,0.94450355,0.9412622,0.93466544,0.9323412,0.8840245,0.9522275,0.9337912,0.9441881,0.91818917,0.95194834,0.9341966,0.94386905,0.94807994,0.97254974,0.93975717,0.9667019,0.9431981,0.9271953,0.936264,0.91657853,0.9632552,0.9435987,0.93095493,0.9240833,0.9337773,0.93786275,0.9244913,0.9416728,0.9204112,0.9472832,0.9543819,0.927337,0.95729554,0.94680864,0.94541883,0.9667019,0.9423709,0.95595324,0.9520412,0.9494487
annabellemovie,0.952757,0.93975574,0.9579363,0.9502824,0.96272814,0.9345,0.96736765,0.96401227,0.98070884,0.9556186,0.9727816,0.9416685,1.0000001,0.96510893,0.9533403,0.9581769,0.96545213,0.96843,0.9511722,0.9339151,0.9471945,0.95684755,0.9601838,0.97214735,0.9438309,0.78725,0.94535494,0.9696683,0.94550353,0.9580397,0.94587654,0.96500814,0.9512905,0.939715,0.9357816,0.91557914,0.9622679,0.96809983,0.95788765,0.95549697,0.95956695,0.9651647,0.94322586,0.969067,0.95369035,0.95021266,0.965319,0.9541972,0.9480989,0.9666551,0.95813495,0.97321886,0.9363067,0.9608057,0.9461342,0.9580081,0.95060027,0.95201343,0.95849603,0.9620723,0.9730985,0.9523693,0.9271139,0.9622525,0.96299857,0.9551898,0.933088,0.9570192,0.94972223,0.94987243,0.96555614,0.72009706,0.9446414,0.96625304,0.93881476,0.9292889,0.86201185,0.9535205,0.9633395,0.93463844,0.9650353,0.9489847,0.97699475,0.9386336,0.96388984,0.94572926,0.9618879,0.986179,0.940604,0.9439009,0.9566788,0.96555614,0.9349506,0.95170194,0.95878184,0.96817064,0.9491457,0.9589208,0.9686903,0.9454461,0.963569,0.94757366,0.95447767,0.97567195,0.95828855,0.9619003,0.9665662,0.95934767,0.9242882,0.9311313,0.962164,0.8636781,0.95844376,0.9311184,0.95388085,0.96778774,0.9667786,0.9493267,0.9575225,0.9554613,0.96476835,0.95830613,0.96419877,0.94277215,0.9637331,0.9604994,0.9714075,0.942894,0.95343125,0.9132204,0.95856327,0.95318085,0.9557602,0.9170249,0.96495324,0.96095574,0.9632474,0.953114,0.9538863,0.958111,0.98070884,0.9528152,0.9617795,0.9630539,0.9424168,0.9567277,0.9555161,0.94046956,0.9692672,0.95411354,0.95572335,0.9506711,0.95935756,0.9057937,0.9574607,0.95895237,0.9465462,0.958276,0.9578945,0.95011604,0.98070884,0.9572066,0.97275454,0.95457417,0.95659566
annamovie,0.9567014,0.93038654,0.94613254,0.9358366,0.9453206,0.9267076,0.94663805,0.9408108,0.9762775,0.9527931,0.9659388,0.94630295,0.96510893,1.0000001,0.96123874,0.9615767,0.95093197,0.95555556,0.9506852,0.9365798,0.9455588,0.9488924,0.96420175,0.9614436,0.94107616,0.7826294,0.93905824,0.96337354,0.9471696,0.963636,0.95459354,0.9514007,0.9503956,0.945736,0.92276824,0.9015271,0.95474356,0.953838,0.95762473,0.9421666,0.94211346,0.968393,0.9322929,0.9678643,0.95087224,0.9336632,0.9651548,0.9647669,0.941868,0.96657884,0.9575163,0.96773136,0.9362208,0.9439169,0.9171404,0.94821244,0.9475398,0.9529487,0.9569776,0.9638731,0.9503928,0.9513028,0.927605,0.963457,0.9592112,0.9509848,0.9364689,0.9668417,0.9491243,0.9288244,0.96748686,0.73688847,0.9396798,0.9565117,0.9214878,0.9348443,0.8680773,0.94484437,0.9536481,0.9418512,0.9560354,0.9279177,0.96165,0.94498765,0.95867807,0.943575,0.94084316,0.96313804,0.93835413,0.94467735,0.9594229,0.96748686,0.91756356,0.9503696,0.9430701,0.9541399,0.9419667,0.95164955,0.94604975,0.9651071,0.94932276,0.952777,0.94275904,0.96235,0.9566063,0.9631434,0.9546522,0.94248533,0.9346953,0.92805004,0.9437595,0.8450795,0.9575011,0.90418804,0.9285668,0.9666886,0.96032345,0.93464535,0.9596704,0.93610024,0.93797123,0.9587605,0.953171,0.93933463,0.9562755,0.9656222,0.9497332,0.9389226,0.94996804,0.89184576,0.9660049,0.9543259,0.96221787,0.93569285,0.9591328,0.95325136,0.9557706,0.9499558,0.96021515,0.9473642,0.9762775,0.9552361,0.9358341,0.9492032,0.9177626,0.96179765,0.9599105,0.921864,0.9530477,0.94579405,0.9454043,0.94493145,0.960168,0.9121649,0.9548264,0.9518538,0.938517,0.9609673,0.9472181,0.9453041,0.9762775,0.9489613,0.96557426,0.94850874,0.9513176
apollo11movie,0.9607491,0.96228325,0.9643944,0.9128008,0.94583035,0.9109105,0.9564196,0.9384521,0.98081213,0.9437411,0.95548475,0.9510784,0.9533403,0.96123874,1.0,0.965559,0.9732358,0.9621762,0.9587589,0.95749193,0.9468648,0.9464679,0.9585386,0.96816033,0.9516261,0.8095835,0.9378972,0.95644826,0.95093316,0.96018046,0.95404047,0.9445784,0.93792856,0.94350034,0.93266374,0.8995679,0.96044236,0.94264084,0.9646246,0.948726,0.9658363,0.97145057,0.95014095,0.97609985,0.958134,0.92830765,0.9547558,0.9576615,0.95307064,0.96948093,0.9631343,0.9575853,0.9180538,0.9496848,0.91847354,0.9491769,0.94387573,0.9564988,0.95073557,0.9599966,0.9459328,0.94917846,0.9583699,0.963558,0.9502403,0.9493474,0.9573846,0.95110637,0.9482918,0.9474145,0.9640326,0.7507377,0.94142795,0.9487489,0.9291418,0.93702304,0.8515877,0.94130814,0.95478123,0.9336834,0.96473604,0.920697,0.9627638,0.95717883,0.9495167,0.95466524,0.9483577,0.961015,0.9456163,0.9641437,0.95791274,0.9640326,0.94023603,0.9605526,0.9603684,0.96994895,0.9483282,0.9502869,0.9577361,0.94591546,0.9465226,0.9492015,0.94407105,0.97110105,0.9518976,0.9665885,0.9572807,0.95431745,0.940639,0.93290406,0.95429224,0.847273,0.95638835,0.90600634,0.94966054,0.95908755,0.9614558,0.9468732,0.97224516,0.9464218,0.9583034,0.952519,0.95656455,0.94005316,0.96484923,0.96706355,0.9618736,0.9309405,0.9536342,0.92596304,0.9684563,0.9526336,0.97620624,0.93370163,0.9623032,0.9538174,0.96082664,0.9477625,0.9627366,0.9537551,0.98081213,0.9577153,0.94005334,0.95986897,0.9273774,0.95798814,0.96776813,0.9361402,0.9658876,0.94931406,0.9600402,0.9556571,0.9641862,0.9104113,0.9597733,0.9499422,0.9397287,0.96168685,0.9535674,0.9494419,0.98081213,0.95801663,0.97255135,0.95204854,0.95037264
arcticdogsmovie,0.9690031,0.9604758,0.95337445,0.9414523,0.94924307,0.9243824,0.9535223,0.9471497,0.98033535,0.9415707,0.95592976,0.9476898,0.9581769,0.9615767,0.965559,0.9999999,0.960868,0.96613055,0.9674757,0.93086714,0.948338,0.9389353,0.96411306,0.9553512,0.92639846,0.76817125,0.95044255,0.95443386,0.9597298,0.9600733,0.9480557,0.9565239,0.9484438,0.95675194,0.9389994,0.9293091,0.96064055,0.9500291,0.94783026,0.9496956,0.95691615,0.9671452,0.93634486,0.9578243,0.9630237,0.93521184,0.9581616,0.9424848,0.9381326,0.96239483,0.9612434,0.9707564,0.9325382,0.94123536,0.92953867,0.95662624,0.9497732,0.9599351,0.9462738,0.9538487,0.95029217,0.95078564,0.94940543,0.9643632,0.9591947,0.9521281,0.93868554,0.95245695,0.96295696,0.9466528,0.95888233,0.723101,0.9421267,0.9523645,0.9500486,0.9433254,0.87898463,0.9438981,0.9483463,0.9547793,0.9555589,0.93075705,0.96998847,0.9374013,0.9519277,0.9461998,0.9514226,0.95360327,0.9404509,0.958542,0.96027875,0.95888233,0.92455006,0.9447045,0.95706123,0.9613887,0.94853354,0.9492476,0.9527979,0.9516723,0.95322335,0.9396131,0.95780134,0.963798,0.94892496,0.96023315,0.96195483,0.97151834,0.9273058,0.9327622,0.9714217,0.88219476,0.9654062,0.9042354,0.954161,0.9597349,0.96166974,0.9448036,0.9536265,0.9379553,0.94919795,0.95977056,0.9459404,0.93054533,0.9630449,0.9493815,0.9607323,0.9391257,0.9570846,0.9028934,0.9611801,0.9432132,0.9672733,0.9299528,0.966425,0.9600599,0.95807624,0.9612062,0.95320016,0.9606199,0.98033535,0.9532322,0.94555664,0.95994526,0.94917345,0.9678037,0.9667793,0.9500024,0.9609897,0.95068055,0.95245117,0.94528943,0.9670813,0.8930954,0.947733,0.9378029,0.9295689,0.95464367,0.950553,0.9549035,0.98033535,0.95470154,0.9653624,0.95056087,0.9495474
arcticmovie,0.96123916,0.9619428,0.9657819,0.9335897,0.9559948,0.9080769,0.97186553,0.948995,0.9807617,0.9547684,0.96257675,0.9424253,0.96545213,0.95093197,0.9732358,0.960868,1.0000001,0.9589334,0.9526353,0.94337136,0.93738514,0.95255077,0.9632731,0.96844256,0.953732,0.80279064,0.94134426,0.9638191,0.9606394,0.9517108,0.94926083,0.9544435,0.93910134,0.9474998,0.924334,0.89505374,0.9586193,0.9643024,0.9606677,0.95701414,0.9574362,0.96759105,0.9489065,0.97338396,0.96681964,0.9334001,0.9624794,0.94595885,0.9341008,0.96850777,0.9663772,0.96859586,0.9152848,0.941366,0.92194664,0.9543223,0.94225854,0.94853866,0.95852995,0.9599417,0.961107,0.9429362,0.95963633,0.96316546,0.95794326,0.96350795,0.94938713,0.9500768,0.9531827,0.9553319,0.9692509,0.7319976,0.9409903,0.96108115,0.93802154,0.94217664,0.85701483,0.9429991,0.9474081,0.93351185,0.9648935,0.93911713,0.96629,0.9425426,0.9513143,0.9728035,0.9447613,0.96633935,0.95765156,0.9638498,0.9552626,0.9692509,0.9448219,0.9624928,0.95545906,0.9624914,0.9558759,0.94551104,0.9711753,0.9482991,0.9518555,0.9442336,0.9477496,0.9676232,0.95279366,0.9669613,0.9611166,0.9608366,0.9442893,0.93947834,0.9635044,0.85475075,0.9551219,0.90880126,0.94668865,0.9617824,0.9703586,0.9474369,0.97446203,0.9600972,0.95824015,0.95353025,0.95100874,0.9285763,0.9642894,0.96531487,0.9539369,0.94267595,0.9654001,0.94252574,0.9592177,0.95751375,0.9707001,0.92925304,0.9617746,0.95677274,0.9687161,0.9561207,0.96222264,0.9619773,0.9807617,0.9566305,0.9461473,0.96053445,0.9391537,0.9548502,0.9718248,0.9362398,0.9667669,0.94715154,0.9665555,0.94734585,0.96401334,0.91906995,0.9599964,0.9510988,0.94352126,0.970601,0.956014,0.9431246,0.9807617,0.9634198,0.97916585,0.94640654,0.95938265
artofracingmovie,0.95864874,0.9370934,0.96037334,0.95301265,0.98102736,0.93616503,0.9538018,0.96094775,0.98238987,0.9596462,0.9541955,0.9580302,0.96843,0.95555556,0.9621762,0.96613055,0.9589334,0.9999999,0.9586087,0.9356916,0.95658624,0.94278944,0.9604825,0.97060096,0.93997204,0.7890845,0.97017664,0.95944804,0.94763356,0.9568095,0.9603731,0.96945965,0.93895566,0.94944674,0.9359346,0.91758525,0.95908785,0.9611092,0.94024694,0.9521496,0.9552131,0.96513385,0.9443981,0.96722955,0.95137006,0.94832724,0.95626384,0.9530718,0.952133,0.96704096,0.95740545,0.9777393,0.9539685,0.953372,0.9617544,0.97531414,0.95118684,0.9664685,0.9600902,0.9648672,0.9492519,0.9595737,0.928651,0.9547509,0.96206546,0.9563407,0.9312254,0.96210796,0.94604796,0.9429895,0.963055,0.74267226,0.939865,0.9585373,0.94669443,0.9403741,0.8870258,0.9534201,0.9557374,0.94571406,0.9501444,0.9395394,0.9606739,0.93588924,0.96221274,0.94789547,0.9565066,0.9683127,0.94789535,0.953162,0.9518986,0.963055,0.92049223,0.9528506,0.9596363,0.9685403,0.9453111,0.9607118,0.94980454,0.94822556,0.9622096,0.9512002,0.9531088,0.9744981,0.93464106,0.9570932,0.9601405,0.962826,0.9235518,0.92751294,0.9605452,0.8565102,0.9517476,0.9169285,0.9580501,0.96430105,0.9632392,0.94684935,0.95469475,0.9426513,0.9482899,0.9659452,0.9651285,0.9357338,0.96134424,0.96720266,0.9622657,0.93342,0.96609306,0.9063278,0.96242994,0.96800107,0.96278954,0.92539454,0.97109395,0.95754504,0.956574,0.96407604,0.9613703,0.9609086,0.98238987,0.9536337,0.96504295,0.9518813,0.9334627,0.96264035,0.96115106,0.9477103,0.9556362,0.95132065,0.94006824,0.94800985,0.96058255,0.9072138,0.96581846,0.95766795,0.91833544,0.9578493,0.95657486,0.95510006,0.98238987,0.96586317,0.97198504,0.9494738,0.94415855
avengers,0.9787561,0.9496559,0.95463854,0.9296475,0.9585113,0.9377593,0.9640559,0.9406604,0.9751035,0.9448152,0.95164466,0.9496065,0.9511722,0.9506852,0.9587589,0.9674757,0.9526353,0.9586087,1.0000002,0.93011355,0.9437094,0.9491306,0.96185595,0.9599543,0.9245855,0.7657653,0.94872534,0.94002837,0.9679042,0.9386267,0.96608424,0.96656823,0.95777893,0.9586511,0.9324487,0.91434115,0.96364754,0.95488983,0.9528099,0.96469045,0.94726664,0.9627282,0.92142886,0.9521684,0.954113,0.9422323,0.95791924,0.9461406,0.9323953,0.96174455,0.97193605,0.9673065,0.9218827,0.92517555,0.921403,0.95792186,0.9361375,0.95319295,0.94787586,0.94844747,0.9396936,0.9527873,0.93984854,0.94647044,0.9514022,0.94769555,0.9322704,0.941081,0.94398165,0.93650717,0.95306265,0.7445882,0.9394977,0.9421073,0.945731,0.9395697,0.88902384,0.9473594,0.9440268,0.95759547,0.9450352,0.9381475,0.9531786,0.937266,0.9518717,0.9366044,0.9395555,0.95174176,0.94703126,0.9538766,0.94899595,0.95306265,0.9345418,0.94538903,0.96536875,0.96239716,0.9334037,0.94023407,0.95380145,0.95040536,0.95687026,0.9398697,0.95708305,0.9624439,0.9478509,0.96909195,0.9640819,0.96021897,0.94573617,0.9472332,0.9608432,0.88226295,0.93486255,0.9048144,0.94682115,0.9596433,0.96529096,0.92832875,0.95297337,0.94632334,0.94090927,0.9526704,0.9421287,0.9400402,0.962844,0.95453995,0.96701247,0.9608787,0.9596339,0.90746963,0.95945686,0.94208544,0.95242774,0.9012473,0.95642835,0.9387349,0.9509122,0.94671935,0.94750446,0.95989656,0.9751035,0.95836496,0.939663,0.94494355,0.9408497,0.96535885,0.9612779,0.9305383,0.94258577,0.9582319,0.9620795,0.9267793,0.9654512,0.92446834,0.94594073,0.93894464,0.9321546,0.94028777,0.9367831,0.9389269,0.9751035,0.96107876,0.9669737,0.95068944,0.96364677
beachbummovie,0.9464182,0.9275326,0.9305889,0.8888145,0.9274829,0.88857657,0.9392485,0.93319696,0.9583702,0.9218741,0.93682474,0.9222479,0.9339151,0.9365798,0.95749193,0.93086714,0.94337136,0.9356916,0.93011355,0.99999964,0.92569345,0.9388662,0.9432303,0.9530092,0.9336357,0.775474,0.9136139,0.9336607,0.9236451,0.9298431,0.93285424,0.9292906,0.9153429,0.9094115,0.9075842,0.88476425,0.93926704,0.9257332,0.9473167,0.9219528,0.9230864,0.9448651,0.9278971,0.9538134,0.9418524,0.94450605,0.94345707,0.9440181,0.9391699,0.95007855,0.9301562,0.9435464,0.9023809,0.92415595,0.90374553,0.9280092,0.9009202,0.94620454,0.9251297,0.94373035,0.9201025,0.91500145,0.9203173,0.91899943,0.9281642,0.92603266,0.92373216,0.9428206,0.93776274,0.9297271,0.941819,0.7312275,0.9096671,0.93929946,0.9018753,0.9061213,0.8484165,0.91826534,0.9158882,0.92030543,0.94412774,0.90479314,0.93442804,0.9298059,0.9279207,0.94313055,0.9175355,0.9476722,0.9504818,0.9188787,0.9218019,0.941819,0.9207654,0.9315034,0.9292606,0.9359085,0.9269897,0.954588,0.93168837,0.93618584,0.9398461,0.9304798,0.92253435,0.9402626,0.9499695,0.93230855,0.9343941,0.9164337,0.9405064,0.9218688,0.92549473,0.8219292,0.9345936,0.91509527,0.9391576,0.94326746,0.9497334,0.9262199,0.95206404,0.9161811,0.92373586,0.9360088,0.94933516,0.9139102,0.93287313,0.94761705,0.93494886,0.9074895,0.9361073,0.8885218,0.94717276,0.9570727,0.94617647,0.90045875,0.94485575,0.92815745,0.94745666,0.92185146,0.93463826,0.9472293,0.9583702,0.9382652,0.932177,0.9188206,0.8922277,0.950145,0.95603734,0.90333104,0.93191487,0.9253779,0.9450633,0.9354539,0.940715,0.9053699,0.9308025,0.93228614,0.9203891,0.9400649,0.92771363,0.93319166,0.9583702,0.9258645,0.9597047,0.9303259,0.92855793
bernadettefilm,0.9525976,0.93473476,0.96156085,0.91587275,0.95134646,0.92130435,0.95041114,0.93930787,0.9706824,0.93639606,0.9572532,0.95063454,0.9471945,0.9455588,0.9468648,0.948338,0.93738514,0.95658624,0.9437094,0.92569345,1.0000001,0.9460011,0.94673866,0.96052486,0.93925786,0.7819895,0.95790815,0.95938694,0.94354934,0.9385943,0.93512756,0.9529735,0.9525123,0.92920005,0.93089026,0.921448,0.95010275,0.93606234,0.94620997,0.93435204,0.9406436,0.9526104,0.93124074,0.9625296,0.95561445,0.9276401,0.94100535,0.95874536,0.9559965,0.9619014,0.9525544,0.9612526,0.9281888,0.95029587,0.9285084,0.9689113,0.94244605,0.95022154,0.9344476,0.96954554,0.92819077,0.9215826,0.917981,0.92696726,0.9460989,0.93467116,0.9162071,0.951261,0.9412227,0.92584556,0.96253735,0.75600123,0.9351528,0.9538134,0.9397743,0.93111694,0.88207746,0.9402832,0.93090916,0.91896164,0.94751453,0.9403986,0.9408695,0.9470477,0.9454504,0.9338385,0.9445153,0.9553089,0.9394051,0.9330142,0.9256652,0.96253735,0.9302267,0.9404267,0.94358045,0.9515219,0.9322543,0.94275904,0.93292207,0.94266534,0.93208027,0.9316644,0.94395286,0.95995086,0.94251615,0.95601404,0.9439665,0.9317819,0.93079984,0.9261287,0.95975935,0.87286603,0.953398,0.91904056,0.9584447,0.9621185,0.95668143,0.9408538,0.95275754,0.93511945,0.9251643,0.95712477,0.96257395,0.92987037,0.9553919,0.94517803,0.95012546,0.9390837,0.92710876,0.8965842,0.97423035,0.94400406,0.94979733,0.9258717,0.96125835,0.9382171,0.941268,0.9262567,0.9559089,0.9239637,0.9706824,0.9440868,0.92832875,0.9348608,0.9058708,0.94995713,0.94896513,0.9448528,0.93548423,0.9300837,0.94442785,0.9472863,0.9367066,0.9098396,0.93975174,0.9575597,0.9307037,0.9528086,0.9484602,0.96299917,0.9706824,0.9465619,0.95983183,0.94301695,0.9391905
