movie,21bridgesmovie,47metersdown,abeautifuldaymovie,abominablemovie,adastramovie,adogsjourneymovie,aftermathmovie,aftermovie,ahiddenlifefilm,alitamovie,angelhasfallen,angrybirdsmovie,annabellemovie,annamovie,apollo11movie,arcticdogsmovie,arcticmovie,artofracingmovie,avengers,beachbummovie,bernadettefilm,blackandbluemovie,blackchristmas,blindedbythelightmovie,bombshellmovie,booksmart,breakthroughmovie,brianbanksmovie,brightburnmovie,brittanyrunsmov,captainmarvelofficial,captivestatemovie,catsmovie,charliesangels,childsplaymovie,clarathefilm,coldpursuitmovie,countdown,currentwarmovie,darkwatersmovie,detectivepikachumovie,disneyaladdin,disneyfrozen,disneymaleficent,doctorsleepmovie,dolemiteismyname,dontletgomovie,doramovie,downtonabbey_official,dumbo,escaperoom,everybodyknowsmovie,fastandfuriousmovie,fightingwmyfam,fivefeetapartfilm,fordvferrari,freaksthefilm,geminimanmovie,glassmovie,gloriabellmovie,godzillamovie,goldfinchmovie,goodboysmovie,goodliarmovie,gretafilm,halathemovie,happydeathdaymovie,harrietfilm,hellboymovie,hersmellmovie,highlifemovie,highstrungmovie,honeyboymovie,hotelmumbaifilm,httydragon,hustlemovie,hustlersmovie,isntitromantic,itmovieofficial,jayandsilentbob,johnwickmovie,jojorabbitmovie,jokermovie,judythefilm,jumanjimovie,justmercyfilm,knivesout,lalloronamovie,lastblackmansf,lastchristmasthemovie,latenightmovie,lighthousemovie,lionking,littlethemovie,littlewomenmovie,littlewoodsfilm,longshotmovie,lordsofchaosmovie,lucyintheskyfilm,mamovie2019,marriagestory,meettheaddams,meninblack,midsommarmovie,midwaymovie,missbalamovie,missinglinkfilm,motherlessbklyn,onceinhollywood,onthebasisofsex,overcomermovie,peanutbutterfalcon,petsematarymovie,piercingmovie,playingwithfire,playmobilthemovie,pomsmovie,queenandslim,rambomovie,readyornotfilm,richardjewellfilm,rocketmanmovie,scarystoriesmovie,secretlifeofpets,serenityfilm,shaftmovie,shazammovie,spidermanmovie,spiesindisguise,starwars,stormboymovie,stubermovie,taosdfilm,teenspiritmov,terminator,theaeronautsmov,thebestofenemies,thedeaddontdie,thefarewell,thehighwaymen,thehummingbirdprojectfilm,theintrudermovie,theirishmanfilm,thekitchenmovie,thelegomovie,themustangfilm,thenightingalefilm,theprodigymovie,thesunisalsoastar,theupsidefilm,tolkienmovie,toystory,triplefrontier,uglydolls,uncutgems,underthesilverlake,usmovie,wavesmovie,whatmenwant,wonderparkmovie,wrinklestheclown,xmenmovies,yardiefilm,yesterdaymovie,zombieland
21bridgesmovie,0.9999999,0.93763256,0.9668008,0.9500712,0.9490937,0.93501437,0.96643156,0.95373803,0.9814554,0.950941,0.9489198,0.943913,0.97117174,0.95536643,0.94980866,0.9610236,0.95590085,0.95363855,0.98099643,0.947974,0.9625699,0.95892245,0.95788217,0.95840484,0.94988734,0.7906709,0.93610424,0.962439,0.9674656,0.95325595,0.96156543,0.9600835,0.9424217,0.9481749,0.9315825,0.9205002,0.9672862,0.97499377,0.95638406,0.9477243,0.96247977,0.96130556,0.94933873,0.9512254,0.95321697,0.9441082,0.9608479,0.94911027,0.9415749,0.9548112,0.966926,0.9719308,0.95397186,0.93397707,0.9575777,0.93960595,0.95773435,0.97526866,0.9622108,0.96146256,0.9575886,0.946337,0.9582859,0.9679535,0.9558403,0.9625617,0.9607681,0.964104,0.93567693,0.94138837,0.96984404,0.5601857,0.9426143,0.9715347,0.94020617,0.940971,0.881327,0.9597313,0.96215796,0.95333064,0.9589957,0.9538864,0.966129,0.95021105,0.9626414,0.9564978,0.9556583,0.9612405,0.9566615,0.95902866,0.94514924,0.96984404,0.9487355,0.9531256,0.9523028,0.94896483,0.94244915,0.96761125,0.94895005,0.9468582,0.954723,0.9500167,0.95071244,0.9578268,0.9611901,0.9634001,0.9594161,0.9710994,0.93992275,0.95071393,0.9618121,0.77197737,0.96556723,0.9242811,0.9654695,0.9737136,0.9880934,0.9422047,0.96123695,0.96110064,0.9661489,0.9555052,0.9564538,0.92643386,0.9532948,0.95823264,0.9526254,0.9523353,0.97110444,0.9351877,0.960917,0.9318286,0.9598279,0.93576753,0.97508323,0.94471383,0.96994203,0.9581123,0.97268885,0.9408346,0.9814554,0.9655182,0.94157135,0.9621696,0.9575713,0.95768344,0.9374249,0.9455529,0.9680418,0.9611035,0.9611781,0.9614971,0.9666537,0.94476914,0.9363857,0.9647627,0.9541907,0.9608379,0.966706,0.96675724,0.9814554,0.9488624,0.9647566,0.95124,0.9697942
47metersdown,0.93763256,1.0000005,0.9488879,0.9255608,0.94594914,0.9379068,0.9507676,0.9451162,0.96035445,0.93935645,0.9430416,0.912172,0.92817765,0.94904584,0.94279724,0.9550065,0.9465547,0.95148283,0.9352399,0.92431194,0.9465922,0.9216392,0.94812995,0.9366732,0.9458608,0.712256,0.9111159,0.9381238,0.92950255,0.93894625,0.94059783,0.9229811,0.91280276,0.91613203,0.9352848,0.8662926,0.9601033,0.9313497,0.9307162,0.92730427,0.9167631,0.9272395,0.93423223,0.93829954,0.9334387,0.92992234,0.94531095,0.9273654,0.9400713,0.93461454,0.9410566,0.9369676,0.9356142,0.94751894,0.9226967,0.9350212,0.93675214,0.93769866,0.94282216,0.93914366,0.9406024,0.9341976,0.9365265,0.93421316,0.9179358,0.9265964,0.9481333,0.92382157,0.94007295,0.92531985,0.94263405,0.5347715,0.9170011,0.93049127,0.9002618,0.9201051,0.82358044,0.9380428,0.9433688,0.93499213,0.94652534,0.93341076,0.9388045,0.9185782,0.9319242,0.9353789,0.94832116,0.92940825,0.9388993,0.93667376,0.94651574,0.94263405,0.9282143,0.9535823,0.94739103,0.94049394,0.919487,0.94758785,0.93802506,0.9287047,0.93552953,0.9340702,0.94126457,0.945959,0.9506592,0.9414923,0.9384936,0.9221094,0.9262457,0.9265181,0.9403845,0.7586489,0.9269295,0.8828614,0.93842876,0.92116886,0.93293184,0.90971744,0.94947624,0.9550887,0.9438242,0.94062,0.9551593,0.9169096,0.9573955,0.95109916,0.92971766,0.9215529,0.93910146,0.91793567,0.943201,0.9248309,0.94323397,0.91542315,0.9299953,0.9446844,0.9201285,0.92970955,0.94110096,0.9334169,0.96035445,0.9383165,0.92152447,0.931438,0.931245,0.9319367,0.9368564,0.93554944,0.9405877,0.9152055,0.9467965,0.9396878,0.9383785,0.89442617,0.9264456,0.9315804,0.94203234,0.942097,0.9471526,0.9178979,0.96035445,0.9316798,0.9382132,0.94751394,0.93789667
abeautifuldaymovie,0.9668008,0.9488879,1.0,0.9427947,0.9700903,0.94972,0.95621896,0.9572249,0.9837337,0.9683964,0.95565283,0.95465225,0.9666333,0.964815,0.9581001,0.9698852,0.9556214,0.9704479,0.95811576,0.95077324,0.95444524,0.969523,0.95880014,0.9558567,0.9578723,0.8174241,0.9597626,0.9664449,0.9738293,0.9490875,0.9593937,0.96116424,0.937255,0.96154344,0.9589018,0.91926515,0.9652247,0.95809484,0.95166326,0.9477345,0.94941664,0.9596683,0.9516147,0.95692664,0.9612942,0.9427806,0.9566678,0.95911115,0.95148945,0.9582158,0.9732649,0.9659382,0.95688045,0.94563353,0.9543658,0.95969474,0.95317745,0.9656938,0.96521366,0.96947324,0.961367,0.9575554,0.9547804,0.95786417,0.9533141,0.96271086,0.9618581,0.9550287,0.947938,0.95930433,0.9777389,0.561356,0.96141046,0.9650855,0.9395988,0.95130587,0.8884164,0.9670394,0.9679927,0.9545842,0.96502686,0.9548589,0.9470191,0.96342474,0.9669737,0.95242584,0.9598797,0.95987934,0.9627393,0.9689469,0.9422442,0.9777389,0.9497493,0.9635006,0.9656222,0.95757145,0.94777584,0.97045267,0.94260687,0.9517378,0.95708,0.95904833,0.96189755,0.96876335,0.95779485,0.9697948,0.9757914,0.9595047,0.9603376,0.94882643,0.96452284,0.80871254,0.959573,0.9386956,0.9565513,0.9526409,0.96502566,0.95219624,0.9721923,0.9512378,0.95292675,0.95762223,0.96248436,0.94313467,0.96222353,0.9589072,0.94957,0.96259546,0.96971524,0.9235739,0.9617457,0.95818067,0.9629352,0.936525,0.9668467,0.9428246,0.95422864,0.93120486,0.9748459,0.95851964,0.9837337,0.97909045,0.9485427,0.9661507,0.95406204,0.956117,0.9484426,0.96361804,0.96182036,0.9644503,0.95988214,0.9769305,0.96076185,0.91293293,0.9575339,0.97333944,0.96095437,0.97673947,0.9638342,0.95567286,0.9837337,0.96242964,0.9658455,0.9617818,0.9749576
abominablemovie,0.9500712,0.9255608,0.9427947,0.99999994,0.9243593,0.9381712,0.94965047,0.93620396,0.9621677,0.9285124,0.9210448,0.93294334,0.94413203,0.9398693,0.9373818,0.93393224,0.91984665,0.92360944,0.9376257,0.92030156,0.93348837,0.9431601,0.94733906,0.93407637,0.9344556,0.78520465,0.9168878,0.92902464,0.9466894,0.9418045,0.9327839,0.9370256,0.93529695,0.94772035,0.9284655,0.89550716,0.95072365,0.9421848,0.93596905,0.9063706,0.92903984,0.9404123,0.93652093,0.9415684,0.959107,0.9101777,0.951242,0.93779224,0.9153909,0.9406231,0.94795847,0.9381117,0.9348933,0.92931867,0.93051386,0.9134364,0.91989475,0.93718636,0.94890994,0.93497413,0.94150186,0.92782295,0.9386654,0.931447,0.93014556,0.93296957,0.940505,0.91384983,0.9283996,0.9318219,0.9448296,0.5162494,0.9253786,0.9487382,0.9407,0.92570555,0.88809395,0.94145715,0.94076407,0.93657774,0.94820374,0.9512683,0.93076,0.93129754,0.9444688,0.9270079,0.9517065,0.93744373,0.9261358,0.95220095,0.9156103,0.9448296,0.921001,0.9371639,0.94398695,0.945712,0.9311226,0.95738816,0.9240855,0.93266934,0.9366533,0.9368843,0.9353079,0.93268365,0.9486655,0.94340485,0.9385935,0.93560344,0.91599303,0.921526,0.9403781,0.7741571,0.9465022,0.9056217,0.93684053,0.9477059,0.94537354,0.92407626,0.9459929,0.9537613,0.93646556,0.94134235,0.9271735,0.92450345,0.9405521,0.9375674,0.9390986,0.9347641,0.94518024,0.9252477,0.93927413,0.9216218,0.93006945,0.90988714,0.94459194,0.936523,0.9239363,0.92555624,0.93863606,0.91346157,0.9621677,0.9413902,0.9311154,0.92865133,0.9274256,0.9357532,0.9249406,0.9457471,0.9331963,0.9179216,0.94885045,0.94691324,0.9499748,0.90234923,0.92301154,0.9332247,0.94603825,0.944559,0.9325231,0.9304577,0.9621677,0.93350136,0.9493482,0.9432536,0.952454
adastramovie,0.9490937,0.94594914,0.9700903,0.9243593,1.0000002,0.9381042,0.9450807,0.9456626,0.9731983,0.9718392,0.9416601,0.9371145,0.951052,0.9646007,0.9543084,0.952523,0.9527329,0.97503066,0.94468296,0.94081223,0.95541584,0.93290037,0.94561094,0.9614021,0.95931965,0.7783618,0.95759654,0.9556894,0.9396386,0.9410261,0.9550994,0.9503743,0.9341677,0.94878507,0.9355847,0.8935841,0.9425588,0.94754344,0.942443,0.92694265,0.9404431,0.9606432,0.9493382,0.9538199,0.9438852,0.93105763,0.9398571,0.94033056,0.9435145,0.9522379,0.94672257,0.95485795,0.9397147,0.94306356,0.93584853,0.9767469,0.9429224,0.95043653,0.9533675,0.95463234,0.9523382,0.9544663,0.9354296,0.9596145,0.9473561,0.94528574,0.9482096,0.9438742,0.94688964,0.9425606,0.96235704,0.55185336,0.96099454,0.95164037,0.90435004,0.9372666,0.84537625,0.946438,0.94883054,0.9492204,0.95411825,0.93582326,0.95988756,0.93858594,0.9427675,0.9517931,0.9570898,0.9477993,0.95750165,0.9627112,0.9399192,0.96235704,0.9366873,0.9481052,0.9362332,0.94136566,0.935838,0.9479834,0.93215656,0.93845886,0.93728685,0.9521542,0.9389267,0.95174176,0.94956666,0.94612676,0.9656232,0.9350433,0.937131,0.93581796,0.9569494,0.789056,0.939954,0.905995,0.9488816,0.9328455,0.95288986,0.9104553,0.96656334,0.9408692,0.9680325,0.95022637,0.9514752,0.9334926,0.9655493,0.9550646,0.9256089,0.9336615,0.9652655,0.9231939,0.95479125,0.97066,0.96005183,0.9307278,0.94436175,0.9349637,0.9438263,0.9198102,0.9595287,0.9464257,0.9731983,0.9517463,0.9297857,0.9509671,0.9477109,0.9355794,0.9344695,0.94513786,0.95024544,0.95128846,0.9542661,0.96411884,0.94958526,0.90048337,0.93547493,0.96382004,0.9425004,0.9651852,0.9512704,0.94065094,0.9731983,0.96916217,0.9506883,0.9427826,0.948038
adogsjourneymovie,0.93501437,0.9379068,0.94972,0.9381712,0.9381042,1.0000002,0.948129,0.92784095,0.96784526,0.9444254,0.94096464,0.9444433,0.93920165,0.9588098,0.952582,0.948738,0.92369604,0.94389296,0.92657405,0.9400447,0.9345882,0.94306785,0.96630394,0.94627386,0.9480563,0.80370873,0.9454859,0.9418124,0.9477592,0.9516577,0.937074,0.953582,0.92989826,0.9369195,0.9400353,0.89262545,0.9488275,0.91751087,0.9451931,0.9189442,0.9306323,0.95205593,0.94633347,0.9494583,0.94204533,0.9229788,0.96423334,0.93020636,0.94841456,0.94399,0.9585266,0.94131607,0.9412116,0.9182445,0.910727,0.9245746,0.94075793,0.95365024,0.95145893,0.9382763,0.9498958,0.95214254,0.96196765,0.9297066,0.940438,0.94575393,0.9433232,0.9224115,0.95450777,0.95531,0.9463369,0.5109326,0.93811715,0.93885976,0.93221444,0.9384752,0.85369766,0.93886435,0.94947845,0.9417386,0.9553129,0.93201274,0.92662036,0.935163,0.9495705,0.9435753,0.9495297,0.94812435,0.94880545,0.94354975,0.9472971,0.9463369,0.93887,0.9387251,0.94660115,0.9475042,0.9602757,0.9591969,0.92698246,0.9488779,0.9432656,0.9600342,0.94910014,0.9353793,0.94702345,0.9512894,0.947808,0.9405103,0.9206101,0.9422746,0.9465304,0.7721892,0.94544405,0.8912571,0.9339107,0.9477728,0.9329269,0.93390745,0.9599491,0.9434773,0.9289999,0.9504023,0.9332236,0.9576729,0.9391822,0.95661664,0.93869567,0.9464908,0.9516636,0.9220387,0.92817235,0.9332428,0.9517951,0.9360231,0.9499487,0.942325,0.92657906,0.9068186,0.94885945,0.92625237,0.96784526,0.9526187,0.93179125,0.9437575,0.93947995,0.93253356,0.9167543,0.9549153,0.93768966,0.92222315,0.95337844,0.95681906,0.9386526,0.89628035,0.9034578,0.94520515,0.9653213,0.95045215,0.9289693,0.94777226,0.96784526,0.9505867,0.9516027,0.9632052,0.9538028
aftermathmovie,0.96643156,0.9507676,0.95621896,0.94965047,0.9450807,0.948129,1.0,0.9495126,0.9783924,0.942554,0.95476705,0.9307726,0.96391976,0.97053635,0.94675046,0.9600977,0.9438111,0.9484626,0.9585587,0.9367125,0.94894385,0.94829506,0.9711921,0.9530142,0.95328486,0.78622466,0.9299793,0.9533762,0.95519304,0.948546,0.9631107,0.95299524,0.9443189,0.94072324,0.9410626,0.90945584,0.96724945,0.9581618,0.9575673,0.931277,0.9565699,0.95832473,0.9461932,0.9552048,0.9530904,0.93470186,0.97630715,0.9516497,0.95829684,0.9534887,0.95911324,0.9582175,0.9481034,0.95231295,0.95328176,0.9357311,0.9503369,0.9619436,0.9646813,0.9596774,0.9666938,0.95056725,0.9517333,0.9705522,0.94991755,0.96321136,0.9642012,0.9443047,0.9607007,0.94938046,0.96077234,0.54820365,0.9436193,0.95428383,0.92767996,0.93332946,0.86182785,0.9494313,0.96118563,0.9497915,0.95937616,0.9771898,0.9625976,0.9318318,0.9560551,0.94573015,0.9665713,0.95185727,0.95597285,0.95716673,0.9542143,0.96077234,0.95405865,0.9505544,0.961571,0.9539951,0.94461185,0.95388526,0.9678239,0.9574431,0.9483551,0.95278513,0.95096034,0.9607649,0.95658785,0.9601285,0.9533552,0.9649111,0.9328959,0.9499517,0.9571427,0.77323073,0.9578363,0.9102963,0.9509357,0.96419287,0.96780795,0.9295904,0.96597886,0.99163693,0.9611284,0.957694,0.9625893,0.93361145,0.95204365,0.9676148,0.9524242,0.9436831,0.9633713,0.9425723,0.9470846,0.9178644,0.95229244,0.92703134,0.9659459,0.94894356,0.9490233,0.94562435,0.9604094,0.933798,0.9783924,0.9561097,0.9353392,0.9567603,0.95462674,0.9469367,0.9336683,0.9550604,0.9698238,0.94485676,0.984608,0.9652663,0.9504935,0.91734964,0.938732,0.95504814,0.9545507,0.9546257,0.9609885,0.95283306,0.9783924,0.95077026,0.96596736,0.96339375,0.9596164
aftermovie,0.95373803,0.9451162,0.9572249,0.93620396,0.9456626,0.92784095,0.9495126,1.0000002,0.9698155,0.939069,0.9603626,0.943999,0.95031923,0.94833356,0.9464503,0.95213187,0.9528153,0.95924824,0.96343374,0.9345566,0.95144,0.95386994,0.9413437,0.9460021,0.9373708,0.7843872,0.9263756,0.94750714,0.95710325,0.9546397,0.9608511,0.9525926,0.9218656,0.9334195,0.93403774,0.91911566,0.9628037,0.95078856,0.9533657,0.94770014,0.94153947,0.9472063,0.94181454,0.95006484,0.9504347,0.95782715,0.94362754,0.9455735,0.94776857,0.95226055,0.96433693,0.96192867,0.9258405,0.94410026,0.9694737,0.94005084,0.9489745,0.9471647,0.95005655,0.95001763,0.95452154,0.9347931,0.94820225,0.9490036,0.9389552,0.94227266,0.9471085,0.9463494,0.9333056,0.92356735,0.95585465,0.5827668,0.9217556,0.9516715,0.9252083,0.9299379,0.8691703,0.9423862,0.9524427,0.93097,0.96417767,0.94282335,0.9531534,0.9453444,0.95827025,0.93769956,0.9406605,0.94516397,0.9480722,0.9533221,0.9395753,0.95585465,0.92960113,0.9517999,0.95885855,0.9532566,0.92358315,0.95113176,0.9427985,0.92910445,0.95903754,0.93525493,0.9463483,0.9524918,0.95839274,0.9633764,0.95297056,0.956122,0.93799,0.9459054,0.95147216,0.7654867,0.9476542,0.9193715,0.9450852,0.93208206,0.9540177,0.91918546,0.9673554,0.9481348,0.94328374,0.95290893,0.9613505,0.9146497,0.94580835,0.94052106,0.9443013,0.95952517,0.9628688,0.9396021,0.95940304,0.9427506,0.9531595,0.9256609,0.9508968,0.9441105,0.94074875,0.9389791,0.9550939,0.956257,0.9698155,0.9636766,0.94977725,0.9510645,0.9353626,0.9616656,0.9371421,0.93978405,0.95346415,0.93404406,0.9451064,0.94775414,0.9474307,0.8969971,0.93170947,0.9381222,0.9437561,0.95119864,0.9758203,0.9408811,0.9698155,0.94100255,0.9492936,0.95198995,0.96332216
ahiddenlifefilm,0.9814554,0.96035445,0.9837337,0.9621677,0.9731983,0.96784526,0.9783924,0.9698155,0.9999997,0.97325826,0.9690986,0.96429694,0.9774501,0.98022354,0.9769678,0.97731084,0.9718628,0.9763057,0.9759304,0.9607077,0.9726196,0.97893965,0.9807328,0.97835034,0.9712929,0.81122965,0.9597604,0.97712743,0.9801611,0.9705572,0.9767054,0.9790499,0.95920116,0.96662754,0.9605159,0.93209726,0.98280907,0.97083384,0.97017026,0.9660376,0.97313,0.97823966,0.9714779,0.9774679,0.97436017,0.9618736,0.9788153,0.96559983,0.9674865,0.97654283,0.98250496,0.9826793,0.9698745,0.95582914,0.97014314,0.9680489,0.96846163,0.9829003,0.980019,0.9788707,0.9784179,0.9705235,0.9745308,0.9747813,0.9682802,0.97319835,0.9741654,0.9685259,0.9665923,0.9679793,0.9853941,0.55908614,0.96790403,0.9803941,0.9559907,0.96161026,0.88958615,0.9761681,0.9779669,0.97061443,0.98142785,0.96631455,0.9720615,0.9674047,0.97619015,0.97464603,0.97468364,0.9743975,0.97434944,0.9803412,0.9669853,0.9853941,0.9645551,0.9724208,0.9747762,0.97398096,0.96837103,0.98264825,0.9641579,0.9677702,0.9735969,0.9715007,0.9689805,0.9758452,0.977004,0.9803062,0.9829522,0.97693294,0.95663375,0.96874714,0.97801226,0.79227084,0.97981703,0.9308357,0.97504085,0.97430277,0.980342,0.95870733,0.9874084,0.97516906,0.97416914,0.97329825,0.97686636,0.95673513,0.9763049,0.97741956,0.9661192,0.9726632,0.9825993,0.9525868,0.97631097,0.9622231,0.97973,0.9550757,0.9814132,0.9643384,0.9689084,0.9565011,0.9854351,0.96515703,0.9999997,0.98362184,0.96351886,0.97561556,0.9713815,0.9696735,0.9526565,0.9710812,0.97749144,0.9664345,0.9776941,0.9808806,0.9779695,0.9332471,0.95556843,0.97813344,0.97757936,0.9823404,0.9776888,0.9766088,0.9999997,0.97231835,0.9838392,0.97833604,0.98296475
alitamovie,0.950941,0.93935645,0.9683964,0.9285124,0.9718392,0.9444254,0.942554,0.939069,0.97325826,0.99999994,0.94752693,0.946758,0.9526619,0.962644,0.9558965,0.94929,0.94221133,0.97153467,0.9523876,0.9413992,0.95258003,0.94449735,0.9556695,0.9531333,0.96497536,0.77001184,0.9538761,0.9562848,0.95378697,0.95322686,0.9558621,0.9538207,0.92544204,0.9465082,0.93949145,0.8981559,0.95020634,0.9510179,0.9514202,0.93866044,0.93767786,0.95461327,0.95039624,0.95632976,0.9454301,0.92337054,0.95161235,0.9292974,0.9483462,0.9524237,0.96015996,0.95108134,0.9649678,0.93874365,0.92855674,0.9597707,0.94601405,0.9574271,0.96148795,0.94816166,0.94873327,0.97161525,0.93766534,0.9455283,0.9430137,0.952283,0.9414229,0.93051755,0.95376337,0.9486545,0.95462,0.49989974,0.95721585,0.95316267,0.91371435,0.9397447,0.8466063,0.94629174,0.96131134,0.9503529,0.9546875,0.9376779,0.93955886,0.9464721,0.95714515,0.95404935,0.95430934,0.9506665,0.9542486,0.95822084,0.95453584,0.95462,0.931533,0.94919926,0.9473215,0.9489043,0.9395311,0.9456865,0.9269675,0.94466424,0.9438881,0.9639658,0.9451058,0.9416407,0.9669792,0.9570637,0.96096265,0.9455956,0.93388337,0.9465985,0.9474586,0.7731363,0.9484651,0.9072254,0.946912,0.9396243,0.9483924,0.92997086,0.96576416,0.93396837,0.95307785,0.9524538,0.9472456,0.95123285,0.96113753,0.9582021,0.9370798,0.95346725,0.9716521,0.92957896,0.9432121,0.9533295,0.95829296,0.9289877,0.9584398,0.94966775,0.9375448,0.9096902,0.9531042,0.94749415,0.97325826,0.9561895,0.9457055,0.94796246,0.9397073,0.9439052,0.93775344,0.95232576,0.94211257,0.9551374,0.95032555,0.9610266,0.9501143,0.8921212,0.92991835,0.9632755,0.9533831,0.96095884,0.94711196,0.94325346,0.97325826,0.9581144,0.95480186,0.950943,0.9647803
angelhasfallen,0.9489198,0.9430416,0.95565283,0.9210448,0.9416601,0.94096464,0.95476705,0.9603626,0.9690986,0.94752693,1.0,0.9284688,0.9527517,0.9546457,0.9484435,0.96218765,0.94389874,0.9487913,0.9435721,0.93570143,0.93716276,0.9550226,0.9542068,0.9463968,0.9526931,0.7824696,0.9276861,0.95143026,0.95046127,0.9383375,0.94764477,0.9457229,0.9274865,0.92165154,0.92778945,0.8874516,0.9605014,0.94878083,0.95422715,0.9486817,0.9358769,0.94218755,0.93272173,0.942194,0.95175624,0.957333,0.9528583,0.9339408,0.9524649,0.94130754,0.955177,0.9564912,0.9455566,0.9424522,0.9495258,0.9412171,0.93534136,0.95331913,0.9498889,0.9424499,0.9574505,0.94632787,0.9468603,0.9409246,0.94238687,0.9594846,0.93381894,0.9483479,0.9644368,0.92453206,0.9442014,0.56012595,0.92488986,0.9380989,0.92380476,0.93993247,0.8743494,0.9404083,0.94836974,0.9395622,0.97252405,0.9458798,0.93889314,0.9478239,0.9553827,0.95761395,0.9599189,0.94416606,0.95308906,0.9514149,0.9465328,0.9442014,0.9404273,0.9351976,0.9590263,0.9557025,0.9516322,0.9538624,0.92470425,0.92999935,0.95793813,0.9511539,0.9474555,0.94368166,0.95113504,0.9522687,0.95919,0.94756496,0.9454964,0.94142056,0.94840735,0.77293724,0.9498375,0.88550717,0.93846047,0.9503685,0.953406,0.9354222,0.96763414,0.94967425,0.935446,0.9506673,0.9608092,0.93044615,0.9509361,0.93547523,0.9329282,0.9450979,0.9627024,0.91801643,0.94514215,0.94522786,0.94879735,0.9155319,0.9504397,0.9494081,0.9503545,0.93074864,0.9512398,0.94858557,0.9690986,0.9510358,0.94142956,0.93834513,0.94548875,0.94700503,0.9217861,0.9329305,0.95045936,0.9333984,0.9486432,0.9457164,0.9525061,0.91548586,0.9231666,0.9383001,0.9516487,0.9451242,0.95376116,0.9422449,0.9690986,0.93977135,0.9486804,0.9560829,0.9503471
angrybirdsmovie,0.943913,0.912172,0.95465225,0.93294334,0.9371145,0.9444433,0.9307726,0.943999,0.96429694,0.946758,0.9284688,1.0,0.9413188,0.9290427,0.94619024,0.93078744,0.9441691,0.9439809,0.9490489,0.9289326,0.9355506,0.94899696,0.9423803,0.940544,0.93311465,0.8197413,0.93057305,0.93893284,0.9679182,0.948616,0.94296724,0.93656456,0.92437565,0.95415795,0.91846156,0.9087683,0.94468474,0.93203115,0.93488103,0.9323153,0.9375669,0.9413486,0.939057,0.9335598,0.9473579,0.94047827,0.9409906,0.94126683,0.92613983,0.9345674,0.96761566,0.94866073,0.9359429,0.90416247,0.94009256,0.9249229,0.9327247,0.9425032,0.93957543,0.9489261,0.9388615,0.94028914,0.9391275,0.92317647,0.9241742,0.94386053,0.9458376,0.9335095,0.92954993,0.93605053,0.94965273,0.5273138,0.9322776,0.9503128,0.9155592,0.94194734,0.84365356,0.94267154,0.950124,0.92825615,0.9423667,0.9331571,0.92773604,0.9336992,0.9635132,0.9349569,0.9328001,0.9393044,0.9488738,0.94517684,0.93515885,0.94965273,0.9194544,0.9503976,0.9474634,0.94118977,0.9297803,0.94861495,0.91605574,0.9171806,0.95545965,0.94082695,0.94077474,0.93679315,0.9384578,0.9592979,0.94500166,0.9449193,0.93561935,0.928912,0.94540334,0.7706951,0.9466987,0.9135067,0.93127674,0.9316369,0.93715703,0.9208812,0.9434642,0.9205984,0.93438256,0.9526659,0.93474007,0.9294342,0.9486831,0.9321005,0.9229361,0.9678376,0.95303804,0.9232056,0.9305796,0.9336336,0.95414495,0.9341436,0.94428104,0.9217686,0.92668843,0.92235863,0.9560225,0.9443502,0.96429694,0.9633105,0.95209557,0.944919,0.93603444,0.9382747,0.92274106,0.9306453,0.9270904,0.9299098,0.9422046,0.92977095,0.9518381,0.8930802,0.9094814,0.9450332,0.9547424,0.9546035,0.9462265,0.93788534,0.96429694,0.93424207,0.94211674,0.94103944,0.96217495
annabellemovie,0.97117174,0.92817765,0.9666333,0.94413203,0.951052,0.93920165,0.96391976,0.95031923,0.9774501,0.9526619,0.9527517,0.9413188,0.9999999,0.9562942,0.9581393,0.95135,0.95401055,0.95903885,0.96729505,0.94618183,0.9553782,0.95980716,0.9620265,0.96700764,0.94175905,0.80783683,0.9487897,0.96412283,0.96493554,0.9490333,0.966229,0.9636411,0.92804897,0.9550171,0.9384537,0.90138,0.96118337,0.9667974,0.9661931,0.94773537,0.9581392,0.9657992,0.94967365,0.9593985,0.94998115,0.9429255,0.9586999,0.95787275,0.94874364,0.9612726,0.9686031,0.9642966,0.96893203,0.9442963,0.9519303,0.9505553,0.95015347,0.9624412,0.9665134,0.9605854,0.96372133,0.95690185,0.9537445,0.9582323,0.955373,0.95681125,0.9551891,0.9520382,0.9475205,0.9518315,0.96671873,0.5361869,0.95352906,0.9642939,0.9397392,0.95163965,0.8836577,0.94601846,0.96132135,0.95063907,0.96566725,0.95437485,0.9558004,0.9496762,0.96733,0.9571859,0.9537756,0.98497033,0.9551804,0.95817536,0.9460477,0.96671873,0.9516822,0.9418555,0.95578325,0.9622951,0.9478604,0.951741,0.93838584,0.965566,0.95590276,0.9620283,0.95130634,0.9589286,0.9528002,0.9693097,0.964457,0.9620835,0.9417628,0.94888884,0.96140546,0.7897389,0.96822184,0.9109352,0.9597343,0.958216,0.9655982,0.9474786,0.9677038,0.95561975,0.9512947,0.9475465,0.95049286,0.93671596,0.94902676,0.94611996,0.96363485,0.95779157,0.96563846,0.9301571,0.95668954,0.94114196,0.9491639,0.93881255,0.9708973,0.9433544,0.96317464,0.938474,0.97122025,0.947629,0.9774501,0.9688617,0.9378716,0.9610655,0.9496232,0.94656557,0.9252317,0.9545292,0.96545756,0.9537459,0.9689738,0.9600399,0.9567688,0.9256699,0.9460831,0.9661253,0.95215905,0.9498673,0.9622978,0.9636385,0.9774501,0.9539453,0.95598346,0.95679635,0.97323936
annamovie,0.95536643,0.94904584,0.964815,0.9398693,0.9646007,0.9588098,0.97053635,0.94833356,0.98022354,0.962644,0.9546457,0.9290427,0.9562942,0.99999994,0.9641599,0.9693471,0.93774605,0.9616927,0.94878024,0.9510135,0.9509658,0.94315314,0.96752983,0.96218944,0.9669817,0.78028053,0.95264685,0.95906544,0.948328,0.94293225,0.96382135,0.96745163,0.94266,0.93669283,0.9551864,0.90597814,0.9635126,0.9420245,0.9639067,0.9385665,0.9580817,0.9615087,0.9518637,0.9671442,0.953877,0.9302969,0.96458566,0.9469048,0.9657746,0.95935744,0.9601303,0.9645211,0.941558,0.95629346,0.9377951,0.9505219,0.9521827,0.96580833,0.96215844,0.94954276,0.9711901,0.9645039,0.95870674,0.97449905,0.9571402,0.9507325,0.9537669,0.9476106,0.96043706,0.95852107,0.95698977,0.5330354,0.9522264,0.9570135,0.93378866,0.942814,0.85968274,0.95635784,0.9599324,0.9553593,0.970494,0.9485091,0.9606399,0.9424211,0.9585408,0.9485596,0.9611113,0.95647365,0.9501933,0.9563937,0.9503953,0.95698977,0.95051694,0.94580746,0.9636248,0.95382273,0.9448963,0.95613384,0.95507973,0.95941335,0.9533547,0.95371026,0.94358313,0.95178485,0.97460526,0.9614346,0.96661097,0.96339357,0.9255242,0.9589921,0.95413435,0.77311474,0.9590902,0.9064303,0.953312,0.95914173,0.9564589,0.9337183,0.97877413,0.9679583,0.9589756,0.95203024,0.9650683,0.95922434,0.96303636,0.9682406,0.947518,0.9491691,0.9696553,0.9367637,0.9520245,0.9462458,0.96261555,0.93321455,0.9600635,0.9466035,0.942411,0.9257339,0.9554245,0.9419881,0.98022354,0.954143,0.9383447,0.96323055,0.957062,0.9497766,0.93198186,0.964313,0.97410107,0.9540801,0.96959794,0.97325087,0.95098895,0.90942365,0.9320591,0.95540094,0.954319,0.95873,0.95061415,0.9576763,0.98022354,0.96276426,0.96697867,0.9644301,0.9580636
apollo11movie,0.94980866,0.94279724,0.9581001,0.9373818,0.9543084,0.952582,0.94675046,0.9464503,0.9769678,0.9558965,0.9484435,0.94619024,0.9581393,0.9641599,1.0000004,0.95886075,0.9496727,0.9510876,0.9457498,0.97398865,0.9351055,0.9572291,0.9577726,0.95590484,0.9457254,0.78651357,0.9366089,0.9511728,0.9556507,0.9526856,0.9623977,0.9646044,0.93373615,0.9387168,0.9374322,0.8836729,0.9587893,0.9430792,0.96012753,0.9490578,0.94986016,0.9501708,0.94503486,0.9556198,0.9460268,0.94299185,0.9532832,0.934842,0.957056,0.9494875,0.96470463,0.95884585,0.94910413,0.94011927,0.93135345,0.9477256,0.9391847,0.958549,0.9611821,0.9472967,0.9619126,0.9552818,0.9541847,0.95243293,0.9496024,0.937282,0.95011175,0.94273746,0.9518681,0.94045573,0.95220983,0.53412324,0.9474264,0.9532446,0.9284166,0.9470606,0.8585503,0.9471893,0.95246273,0.94485325,0.9580528,0.9297136,0.95058405,0.9364838,0.95675707,0.95714647,0.9523936,0.9552255,0.947396,0.9511244,0.95627797,0.95220983,0.9367753,0.9543849,0.9550211,0.9793844,0.93950444,0.95302916,0.93630785,0.94573,0.94808155,0.953978,0.95359087,0.9407909,0.9555674,0.9656115,0.9564173,0.95437574,0.939639,0.95198846,0.9559769,0.7621901,0.95506245,0.88753045,0.9490219,0.9426668,0.9558137,0.9300041,0.96908456,0.94727856,0.9510524,0.94561076,0.9498731,0.95344055,0.96454585,0.9644249,0.9473181,0.9546708,0.9592137,0.9188547,0.94630164,0.94830966,0.9564682,0.9452177,0.95943964,0.9528072,0.9483371,0.9221233,0.9552633,0.94503427,0.9769678,0.9580687,0.9445147,0.9548364,0.94250166,0.94331986,0.9163146,0.94878715,0.95703256,0.93973565,0.95814395,0.949119,0.9491888,0.91254056,0.92798465,0.95004433,0.9559353,0.9572348,0.9552931,0.9488082,0.9769678,0.9581463,0.96387976,0.9646903,0.9558136
arcticdogsmovie,0.9610236,0.9550065,0.9698852,0.93393224,0.952523,0.948738,0.9600977,0.95213187,0.97731084,0.94929,0.96218765,0.93078744,0.95135,0.9693471,0.95886075,0.9999998,0.9484703,0.9543011,0.9488034,0.9428493,0.9435535,0.9543312,0.95344347,0.94976306,0.9590096,0.7889109,0.9467122,0.9480534,0.9544339,0.9441937,0.9547395,0.95905954,0.91862506,0.9396176,0.9453795,0.90587324,0.9659432,0.9435001,0.9506734,0.9491834,0.9435834,0.9463023,0.952009,0.9542538,0.9509677,0.9394163,0.95153105,0.94449776,0.94996923,0.94758964,0.9641358,0.9643804,0.94033825,0.94864935,0.9458174,0.93827736,0.9484882,0.9641252,0.9605087,0.9505997,0.9662744,0.9486723,0.95922995,0.9588824,0.9472607,0.94781727,0.95356673,0.95305985,0.95003945,0.9417905,0.95966625,0.54528725,0.93268996,0.9439705,0.9338085,0.9446127,0.8817713,0.9549072,0.9616968,0.9474083,0.9717316,0.94168246,0.9489797,0.9428656,0.95246214,0.95131606,0.9511184,0.95279527,0.95475954,0.9538849,0.94402486,0.95966625,0.94678485,0.95319104,0.9646757,0.95777327,0.9433371,0.9601467,0.9475627,0.9509383,0.9466783,0.9550669,0.950671,0.9548845,0.9567181,0.96077317,0.9573096,0.964834,0.9445378,0.9475221,0.96237636,0.77437323,0.95982283,0.91136366,0.965046,0.9607318,0.9648523,0.93360764,0.9656271,0.96198684,0.94970423,0.94891196,0.9647445,0.9270402,0.96153694,0.9607644,0.9471718,0.94884866,0.962296,0.9332077,0.9470413,0.9486334,0.9558774,0.94674784,0.9586945,0.9527444,0.9503179,0.9353418,0.95711976,0.93272954,0.97731084,0.95885026,0.9279715,0.9620577,0.96097887,0.9564832,0.9376942,0.94832814,0.9735788,0.9541639,0.9553187,0.9645477,0.9487693,0.9152793,0.92991716,0.95334566,0.947288,0.9606641,0.95892143,0.96220726,0.97731084,0.950982,0.9556512,0.9556062,0.95698935
arcticmovie,0.95590085,0.9465547,0.9556214,0.91984665,0.9527329,0.92369604,0.9438111,0.9528153,0.9718628,0.94221133,0.94389874,0.9441691,0.95401055,0.93774605,0.9496727,0.9484703,0.99999994,0.95925194,0.9599248,0.93481773,0.96246654,0.9543124,0.94545025,0.96575314,0.9368512,0.76956606,0.9241523,0.9726544,0.9504824,0.956159,0.95354563,0.94047755,0.936209,0.9379374,0.9270999,0.8968593,0.9645393,0.95276165,0.93403786,0.9493432,0.9505956,0.9500456,0.9492582,0.9527678,0.9462516,0.9571256,0.93877786,0.9525603,0.9355972,0.956117,0.95214415,0.95906,0.94768703,0.9260081,0.96205306,0.9554868,0.9354906,0.95165145,0.9535351,0.9682157,0.9464839,0.9447167,0.9430618,0.949519,0.93221974,0.93722445,0.952301,0.95850754,0.93417615,0.9286848,0.97164464,0.5700631,0.94210994,0.955797,0.9317342,0.935593,0.8625074,0.9567241,0.95624334,0.9554964,0.9552496,0.9372705,0.94127834,0.9408708,0.94437504,0.9523293,0.9418522,0.9491026,0.95662016,0.9496933,0.9430478,0.97164464,0.94698083,0.9548189,0.943066,0.94983655,0.9434848,0.9539712,0.93086594,0.935354,0.9480893,0.9456424,0.94689375,0.9591797,0.936534,0.9521474,0.9606737,0.9430967,0.9389441,0.9322572,0.95551986,0.77349347,0.95827943,0.8975549,0.9564018,0.93427175,0.9551316,0.93699527,0.95241773,0.94049704,0.95616335,0.958512,0.9670535,0.9167071,0.95771426,0.94313455,0.94065505,0.9483086,0.9506648,0.9225155,0.96662956,0.9320924,0.9746097,0.9402442,0.95115614,0.9414897,0.95396566,0.95454204,0.97061795,0.9515006,0.9718628,0.95785445,0.93256664,0.9457662,0.941552,0.9497054,0.92770183,0.93176335,0.9498196,0.94931376,0.94342417,0.9447182,0.9516713,0.9205324,0.94029975,0.96093327,0.94566834,0.95738983,0.96862507,0.95460457,0.9718628,0.94901884,0.9527105,0.9466522,0.95118433
artofracingmovie,0.95363855,0.95148283,0.9704479,0.92360944,0.97503066,0.94389296,0.9484626,0.95924824,0.9763057,0.97153467,0.9487913,0.9439809,0.95903885,0.9616927,0.9510876,0.9543011,0.95925194,1.0000001,0.9585598,0.93832636,0.959443,0.94662243,0.9568106,0.9658633,0.95237637,0.7809218,0.96252775,0.9645718,0.95563644,0.9522225,0.96018755,0.9562474,0.9220713,0.9503024,0.95636165,0.916297,0.96419686,0.94806916,0.95533866,0.9575459,0.9471233,0.9639145,0.95401007,0.9648285,0.9493054,0.94042253,0.95066583,0.947748,0.9487209,0.965402,0.9599139,0.9658793,0.9577526,0.94447726,0.9418458,0.9702301,0.9537624,0.95053285,0.9595812,0.9609849,0.94050306,0.9618539,0.9510913,0.95287496,0.946144,0.94952476,0.9542815,0.9502858,0.94173145,0.9520718,0.96795964,0.5328265,0.9550369,0.9600584,0.9303323,0.93271697,0.86508495,0.94088817,0.9581751,0.94341743,0.9636246,0.93041736,0.950471,0.96044666,0.95762235,0.95759314,0.95367086,0.95902747,0.96098024,0.95722175,0.94364667,0.96795964,0.93837893,0.952879,0.95280766,0.9440859,0.9408846,0.9593671,0.9356234,0.9479392,0.95152545,0.956326,0.9381409,0.9645065,0.9587818,0.9588438,0.96099263,0.9483447,0.93558615,0.9548552,0.9677042,0.7889333,0.95708215,0.92692894,0.95548314,0.933743,0.9489928,0.94057596,0.97014284,0.94233453,0.9497669,0.94758415,0.9592827,0.94182485,0.959497,0.95186377,0.94539845,0.95237416,0.968126,0.93523383,0.9539221,0.9593742,0.9634437,0.9527052,0.9542124,0.9424287,0.9426596,0.927789,0.9637036,0.9671796,0.9763057,0.958925,0.93860364,0.95549047,0.94017756,0.947008,0.93761694,0.96219504,0.95537853,0.9584162,0.9485441,0.965014,0.9545739,0.90255153,0.9332363,0.96863085,0.953994,0.96050704,0.95883524,0.95164084,0.9763057,0.9621976,0.95180255,0.95109195,0.96384335
avengers,0.98099643,0.9352399,0.95811576,0.9376257,0.94468296,0.92657405,0.9585587,0.96343374,0.9759304,0.9523876,0.9435721,0.9490489,0.96729505,0.94878024,0.9457498,0.9488034,0.9599248,0.9585598,0.9999997,0.94116807,0.9615139,0.9571426,0.95109683,0.9498864,0.9350312,0.78217995,0.93696123,0.9588037,0.9709964,0.9565243,0.97564983,0.9560813,0.9368996,0.9467936,0.93188024,0.9245373,0.9624015,0.9691174,0.949476,0.9559699,0.95310134,0.95785284,0.9450466,0.95226574,0.9477465,0.94539046,0.9539647,0.95347667,0.94174194,0.95394367,0.97002846,0.97417635,0.9510681,0.9347427,0.9656374,0.9345596,0.9512888,0.96495324,0.9624292,0.9668764,0.95132947,0.9431223,0.9556093,0.9551334,0.95094514,0.95568025,0.9526253,0.95940274,0.93262553,0.93535817,0.9705812,0.5400119,0.93385935,0.9689544,0.9325993,0.9376571,0.86098415,0.94907045,0.9627989,0.94575447,0.9549757,0.9525885,0.9541414,0.9437367,0.962158,0.9517812,0.94718665,0.9546865,0.95596576,0.9537316,0.9497314,0.9705812,0.94463426,0.95228636,0.9537302,0.9434212,0.93984246,0.95548546,0.944975,0.94733566,0.95069164,0.94965273,0.9432947,0.9592172,0.9560069,0.9697318,0.95442516,0.9615766,0.9295339,0.9475994,0.9625154,0.7486578,0.9666718,0.91849744,0.9587279,0.9487071,0.9682659,0.9334044,0.9611681,0.94815564,0.9564936,0.9553895,0.9664098,0.92067444,0.94314665,0.9527168,0.95389813,0.9631759,0.9711566,0.9453744,0.9614605,0.9269952,0.95697194,0.9355776,0.96978897,0.9443118,0.9587707,0.95081824,0.9723979,0.9502204,0.9759304,0.96515113,0.9466342,0.9550205,0.9497798,0.95942515,0.9315352,0.941856,0.95540667,0.9504625,0.9518379,0.9494642,0.9605358,0.9176375,0.9392637,0.96220535,0.94553953,0.9612138,0.974784,0.95729876,0.9759304,0.9473174,0.96289957,0.9483685,0.97179085
beachbummovie,0.947974,0.92431194,0.95077324,0.92030156,0.94081223,0.9400447,0.9367125,0.9345566,0.9607077,0.9413992,0.93570143,0.9289326,0.94618183,0.9510135,0.97398865,0.9428493,0.93481773,0.93832636,0.94116807,1.0000004,0.9210898,0.9416509,0.9334799,0.93510765,0.9220997,0.7862841,0.9162852,0.95005924,0.9444045,0.9383018,0.9412492,0.94822586,0.91949075,0.92797565,0.9265024,0.8792706,0.9404037,0.9357934,0.9392933,0.9278332,0.933486,0.940643,0.92666584,0.9407502,0.9260089,0.9322438,0.93990517,0.93403727,0.94381183,0.93822193,0.9516342,0.94473046,0.9309059,0.9241454,0.9152021,0.93012303,0.9253385,0.95479,0.94354916,0.9347788,0.94319123,0.93473506,0.9441511,0.9456925,0.94072217,0.9247406,0.93891805,0.93242604,0.933376,0.9263671,0.94061476,0.5315915,0.93315554,0.943882,0.919144,0.94279194,0.851661,0.93471575,0.9451306,0.9287357,0.93700755,0.92349726,0.9373935,0.92553604,0.9435832,0.9323883,0.936397,0.93543255,0.9368501,0.93788576,0.93596184,0.94061476,0.91393065,0.93360955,0.93886393,0.96434766,0.9200996,0.9446456,0.931254,0.9289721,0.9265288,0.94637674,0.94331074,0.9296527,0.9303352,0.9527699,0.9391532,0.94552314,0.9315378,0.92980915,0.934561,0.74856037,0.9395165,0.8814102,0.92662585,0.9305942,0.95324713,0.918654,0.9485022,0.93376845,0.9397943,0.93774897,0.93339825,0.9393485,0.94258726,0.94368404,0.9248116,0.9344025,0.95517385,0.89183635,0.9327769,0.91897,0.9439347,0.9321444,0.956163,0.93378973,0.94062316,0.90987253,0.9410864,0.932722,0.9607077,0.9456099,0.92818683,0.94196916,0.9224132,0.93422574,0.91059214,0.93400484,0.94442326,0.9372467,0.9400498,0.9370268,0.92525005,0.90919864,0.9154088,0.93899775,0.93534,0.9407246,0.9422388,0.93664515,0.9607077,0.94591,0.9525652,0.94346017,0.9435463
bernadettefilm,0.9625699,0.9465922,0.95444524,0.93348837,0.95541584,0.9345882,0.94894385,0.95144,0.9726196,0.95258003,0.93716276,0.9355506,0.9553782,0.9509658,0.9351055,0.9435535,0.96246654,0.959443,0.9615139,0.9210898,0.99999994,0.94310063,0.95696753,0.9638066,0.9508661,0.7570601,0.93257385,0.9535505,0.95061827,0.96193165,0.94663894,0.93748796,0.93043983,0.94823056,0.9351027,0.89910215,0.9584373,0.95961434,0.9429735,0.9384445,0.9517943,0.9637242,0.9515702,0.9605202,0.94506437,0.9356981,0.95529354,0.943682,0.9380112,0.9612089,0.95633733,0.95492446,0.9474654,0.930232,0.956955,0.95313483,0.9408931,0.9573588,0.9490707,0.9573634,0.95048916,0.9468593,0.9401626,0.95663524,0.9353975,0.9552482,0.9498756,0.94455475,0.92876095,0.94224596,0.96820855,0.53838956,0.9421629,0.95162386,0.9262839,0.92659885,0.8547019,0.9468966,0.9535692,0.9530771,0.96065027,0.93534464,0.95859003,0.94019485,0.949731,0.95011234,0.9473374,0.95059234,0.954955,0.9469058,0.9469762,0.96820855,0.9355011,0.9382968,0.947578,0.9318363,0.9374349,0.95919263,0.94766253,0.95077443,0.94794625,0.9389475,0.9481302,0.9576109,0.95847446,0.9556527,0.9572503,0.95330065,0.9328644,0.9310183,0.9522397,0.7505738,0.9505287,0.9026377,0.955812,0.94099545,0.947199,0.9230901,0.9618307,0.9492045,0.9647958,0.9482443,0.9635881,0.9177789,0.9464314,0.9435109,0.94481796,0.9451841,0.95908356,0.9323269,0.9749662,0.9348351,0.95556927,0.92376125,0.955334,0.9486721,0.93627995,0.9367423,0.9667699,0.94184726,0.9726196,0.9557404,0.9355226,0.9563274,0.9474161,0.9356904,0.9218276,0.94370466,0.95402175,0.93916774,0.9523364,0.95109224,0.9595803,0.9094953,0.93161833,0.9628272,0.94196004,0.95935565,0.9547299,0.9556704,0.9726196,0.9428774,0.9512061,0.94516164,0.96243966
