movie,21bridgesmovie,47metersdown,abeautifuldaymovie,abominablemovie,adastramovie,adogsjourneymovie,aftermathmovie,aftermovie,ahiddenlifefilm,alitamovie,angelhasfallen,angrybirdsmovie,annabellemovie,annamovie,apollo11movie,arcticdogsmovie,arcticmovie,artofracingmovie,avengers,beachbummovie,bernadettefilm,blackandbluemovie,blackchristmas,blindedbythelightmovie,bombshellmovie,booksmart,breakthroughmovie,brianbanksmovie,brightburnmovie,brittanyrunsmov,captainmarvelofficial,captivestatemovie,catsmovie,charliesangels,childsplaymovie,clarathefilm,coldpursuitmovie,countdown,currentwarmovie,darkwatersmovie,detectivepikachumovie,disneyaladdin,disneyfrozen,disneymaleficent,doctorsleepmovie,dolemiteismyname,dontletgomovie,doramovie,downtonabbey_official,dumbo,escaperoom,everybodyknowsmovie,fastandfuriousmovie,fightingwmyfam,fivefeetapartfilm,fordvferrari,freaksthefilm,geminimanmovie,glassmovie,gloriabellmovie,godzillamovie,goldfinchmovie,goodboysmovie,goodliarmovie,gretafilm,halathemovie,happydeathdaymovie,harrietfilm,hellboymovie,hersmellmovie,highlifemovie,highstrungmovie,honeyboymovie,hotelmumbaifilm,httydragon,hustlemovie,hustlersmovie,isntitromantic,itmovieofficial,jayandsilentbob,johnwickmovie,jojorabbitmovie,jokermovie,judythefilm,jumanjimovie,justmercyfilm,knivesout,lalloronamovie,lastblackmansf,lastchristmasthemovie,latenightmovie,lighthousemovie,lionking,littlethemovie,littlewomenmovie,littlewoodsfilm,longshotmovie,lordsofchaosmovie,lucyintheskyfilm,mamovie2019,marriagestory,meettheaddams,meninblack,midsommarmovie,midwaymovie,missbalamovie,missinglinkfilm,motherlessbklyn,onceinhollywood,onthebasisofsex,overcomermovie,peanutbutterfalcon,petsematarymovie,piercingmovie,playingwithfire,playmobilthemovie,pomsmovie,queenandslim,rambomovie,readyornotfilm,richardjewellfilm,rocketmanmovie,scarystoriesmovie,secretlifeofpets,serenityfilm,shaftmovie,shazammovie,spidermanmovie,spiesindisguise,starwars,stormboymovie,stubermovie,taosdfilm,teenspiritmov,terminator,theaeronautsmov,thebestofenemies,thedeaddontdie,thefarewell,thehighwaymen,thehummingbirdprojectfilm,theintrudermovie,theirishmanfilm,thekitchenmovie,thelegomovie,themustangfilm,thenightingalefilm,theprodigymovie,thesunisalsoastar,theupsidefilm,tolkienmovie,toystory,triplefrontier,uglydolls,uncutgems,underthesilverlake,usmovie,wavesmovie,whatmenwant,wonderparkmovie,wrinklestheclown,xmenmovies,yardiefilm,yesterdaymovie,zombieland
21bridgesmovie,0.99999994,0.9424924,0.9693581,0.9402299,0.97055256,0.9496613,0.9546947,0.96593255,0.9803438,0.9466803,0.9675861,0.94343483,0.9676767,0.9734743,0.9534396,0.9675344,0.9640718,0.962037,0.97216666,0.9432012,0.9728566,0.9375573,0.95649624,0.9590251,0.95946056,0.8848818,0.93834573,0.9637224,0.9650044,0.9713122,0.9617391,0.9530593,0.9540474,0.9434502,0.93699443,0.9016731,0.95934546,0.9757903,0.96072054,0.94257915,0.96241516,0.9654156,0.9547202,0.95064014,0.96829647,0.94372076,0.9549756,0.9456174,0.9425321,0.95114374,0.9710847,0.95724195,0.946181,0.92055786,0.9376814,0.93832076,0.95210505,0.97084963,0.95632577,0.93945986,0.9625623,0.96289694,0.95114183,0.95973134,0.9311279,0.9637652,0.9488021,0.94406086,0.95546776,0.9513999,0.95930904,0.75425535,0.9439106,0.96361804,0.9562506,0.9460191,0.9038422,0.95689005,0.95441365,0.95028627,0.96143246,0.9502041,0.96138805,0.95280707,0.9619654,0.9698013,0.94678915,0.9593523,0.9536463,0.95543796,0.977655,0.95930904,0.959134,0.9572041,0.9513411,0.95987153,0.9448014,0.9531022,0.9332472,0.94062185,0.945474,0.9591926,0.951931,0.967159,0.9510906,0.96494913,0.9577957,0.9427324,0.9593195,0.9389778,0.96254426,0.8139955,0.96933347,0.8692772,0.9617938,0.967056,0.9900106,0.92656827,0.9705181,0.9629087,0.9639655,0.9700319,0.9553202,0.9249833,0.9462747,0.9575483,0.9543031,0.9516039,0.9641653,0.915385,0.9655685,0.95011115,0.97229517,0.9495289,0.9608953,0.9726082,0.9751581,0.9510822,0.9624031,0.95962095,0.9803438,0.9569924,0.95742136,0.94745874,0.9437085,0.9551459,0.96717685,0.942917,0.9408319,0.9346748,0.96065825,0.9636204,0.95090103,0.96127576,0.9617476,0.94811106,0.93968487,0.96559906,0.9475945,0.96118754,0.9803438,0.95141995,0.9551699,0.9510625,0.9690971
47metersdown,0.9424924,1.0000002,0.95670164,0.9532206,0.94209576,0.9256772,0.9468652,0.92884344,0.96807593,0.9464553,0.9510392,0.893855,0.9611854,0.9545954,0.93769455,0.9581449,0.94502586,0.94932586,0.93437856,0.9590951,0.94550365,0.9087266,0.95834845,0.9666812,0.9659566,0.8528989,0.91630244,0.9376427,0.94669414,0.9603124,0.9317144,0.94359344,0.9457046,0.92844236,0.9335367,0.8844461,0.9478198,0.9332579,0.95486885,0.9410816,0.9352757,0.9527963,0.942808,0.9503065,0.9551279,0.9511879,0.93960565,0.9337923,0.92573863,0.949031,0.95147085,0.9468364,0.9231209,0.93166804,0.90117794,0.9524939,0.95402384,0.9524972,0.9607391,0.9112818,0.94588584,0.97443986,0.9465214,0.9461122,0.8974959,0.95289177,0.94274855,0.94956994,0.9289708,0.923459,0.9383497,0.7366825,0.9476824,0.95966065,0.915168,0.92102534,0.8232579,0.9648483,0.9668181,0.95132434,0.94210005,0.9438346,0.96078616,0.9201537,0.93944925,0.9221555,0.9304072,0.9357253,0.95512724,0.97149247,0.9555087,0.9383497,0.94887525,0.95265245,0.9195003,0.9509282,0.9345837,0.95795935,0.93858683,0.944247,0.93917453,0.9557457,0.94462085,0.9473546,0.9680462,0.9557851,0.9581697,0.95026565,0.93460804,0.93926114,0.9545164,0.7547282,0.9685551,0.8849019,0.96640074,0.92981344,0.9343737,0.891754,0.94217193,0.9497071,0.9591092,0.9663452,0.9455529,0.90869486,0.95201665,0.9537483,0.9457346,0.9354351,0.93404394,0.91116726,0.97072005,0.9285748,0.95433515,0.9342529,0.9592333,0.96427685,0.91544336,0.93318707,0.9430141,0.95493275,0.96807593,0.95717657,0.94473946,0.9395119,0.93188184,0.9639784,0.94769883,0.9515892,0.9580559,0.9059067,0.9563252,0.9527421,0.9413698,0.89338446,0.9475803,0.92228335,0.9326335,0.9206756,0.9424243,0.96676207,0.96807593,0.95266825,0.96307456,0.9307429,0.9578789
abeautifuldaymovie,0.9693581,0.95670164,1.0,0.93680805,0.97156036,0.9668568,0.9770065,0.96496224,0.98689884,0.95500034,0.9620206,0.9628513,0.97259885,0.97916865,0.9554522,0.968404,0.96361744,0.9697619,0.9591545,0.9637707,0.9591492,0.9621444,0.97108763,0.9710762,0.9708446,0.8755285,0.9353814,0.95715386,0.9794216,0.9753281,0.9645293,0.961615,0.95966136,0.9564521,0.9193475,0.90949744,0.9736712,0.95768255,0.9643038,0.9581224,0.9661534,0.9625809,0.959972,0.94624513,0.9714187,0.96491736,0.96408576,0.9700011,0.94689906,0.954499,0.9840821,0.95967925,0.95410717,0.9500004,0.9320126,0.95253986,0.96503085,0.9786524,0.97253287,0.96172947,0.95843554,0.96827114,0.95731634,0.95965004,0.9338423,0.9514752,0.93134713,0.96391,0.94563,0.95438474,0.97207314,0.78035563,0.9456228,0.9655683,0.94583225,0.92728215,0.8923536,0.9584372,0.9700873,0.95639694,0.96511763,0.9651473,0.96744645,0.9401669,0.9713569,0.95209795,0.93594074,0.9649555,0.9593486,0.96987253,0.97236025,0.97207314,0.95877415,0.96789455,0.97088456,0.96428955,0.9394555,0.9479718,0.9670432,0.95579827,0.9698413,0.9691909,0.96860886,0.97480536,0.9676438,0.9848726,0.97604036,0.9482338,0.9668555,0.94631195,0.9592043,0.79399264,0.97380507,0.85523945,0.9561378,0.9559838,0.9710335,0.92460674,0.9795432,0.97802144,0.9606938,0.9698722,0.95747745,0.9663801,0.96213365,0.96126264,0.97208446,0.97114414,0.9633435,0.91846406,0.96727914,0.96396554,0.9752701,0.9505365,0.97933114,0.97642744,0.9678099,0.9339196,0.97462195,0.9777086,0.98689884,0.98299503,0.9792853,0.9539999,0.94846225,0.9456304,0.96352696,0.9317478,0.9560477,0.9426642,0.9664314,0.9788762,0.9540452,0.92337203,0.9605596,0.96235126,0.9591199,0.97241354,0.9609131,0.9710554,0.98689884,0.9421136,0.9829071,0.9615208,0.982957
abominablemovie,0.9402299,0.9532206,0.93680805,1.0000002,0.94047993,0.91159815,0.9320914,0.9280807,0.9592458,0.9286162,0.9559952,0.88065493,0.9393778,0.94625956,0.9225523,0.94071203,0.92012984,0.95111614,0.92461896,0.92844063,0.9459965,0.8992334,0.9507956,0.9243347,0.9524327,0.8774687,0.9097235,0.9257017,0.92118746,0.93987685,0.9328746,0.94499123,0.9445573,0.8781995,0.9288777,0.8880212,0.9463886,0.93524414,0.9572701,0.946787,0.921497,0.9300249,0.91893315,0.93454427,0.9424486,0.94153357,0.9361192,0.9383915,0.9347523,0.9263873,0.9387569,0.9430377,0.91276467,0.9135548,0.9182688,0.9374739,0.9222298,0.9567266,0.95831126,0.89435863,0.9224561,0.965237,0.95607555,0.92843646,0.87657994,0.9490359,0.95256287,0.9314558,0.9515125,0.90957874,0.9145603,0.7348441,0.9349628,0.9549288,0.92801493,0.9305904,0.82392174,0.9567455,0.93054473,0.9509462,0.95052165,0.949397,0.9323593,0.9391887,0.93957156,0.9201173,0.94752055,0.92551225,0.953238,0.9482708,0.94193625,0.9145603,0.9551026,0.9341227,0.91694236,0.95235497,0.9434545,0.9298083,0.9122553,0.93296784,0.9244182,0.95762914,0.92334336,0.9425281,0.9472854,0.94396746,0.94430304,0.9229262,0.93835086,0.9359897,0.9369101,0.7788106,0.9598276,0.90212905,0.95573115,0.9462687,0.9400877,0.87491256,0.9419979,0.9419428,0.9214988,0.9495326,0.9343355,0.8927871,0.94771445,0.95550126,0.9232082,0.9229714,0.95032346,0.90235484,0.9418394,0.9341639,0.937065,0.9132471,0.95170397,0.9473229,0.91752505,0.93229747,0.9284752,0.94086206,0.9592458,0.9440774,0.9308336,0.9170219,0.8865987,0.94773304,0.9477029,0.9448508,0.9236385,0.93218404,0.94431543,0.93642503,0.93198144,0.88982993,0.9178314,0.91193277,0.91523075,0.91832304,0.9299112,0.9732973,0.9592458,0.9226794,0.9343444,0.9311956,0.9380789
adastramovie,0.97055256,0.94209576,0.97156036,0.94047993,0.99999964,0.95492077,0.9652656,0.9524564,0.98144245,0.96599877,0.9639618,0.9392468,0.9695521,0.96671623,0.96739674,0.9602709,0.9647549,0.9827612,0.969023,0.9503956,0.9655943,0.9352038,0.9626646,0.9704586,0.96870387,0.89252925,0.9566446,0.9743435,0.95500934,0.9705532,0.96962893,0.9547622,0.9694632,0.9346655,0.9136255,0.91230553,0.9647674,0.95119613,0.96765697,0.94782823,0.9589881,0.96073025,0.95560837,0.9538573,0.9666349,0.9488722,0.96141946,0.9529384,0.93370515,0.95330936,0.9644429,0.95183057,0.94655216,0.9277495,0.9229378,0.97141343,0.96113986,0.97348684,0.9711271,0.94765043,0.9637805,0.9702479,0.9579425,0.95376253,0.9283592,0.95509404,0.93825024,0.93665403,0.955277,0.9405207,0.96653175,0.7269535,0.94949824,0.974561,0.94978213,0.9452997,0.90828323,0.9536173,0.96429116,0.9708613,0.9589299,0.9554345,0.96278,0.9606215,0.95979667,0.9528645,0.93543214,0.9615504,0.9542684,0.9515455,0.97333264,0.96653175,0.9640152,0.95719194,0.94321644,0.9626828,0.95492435,0.9550194,0.94851696,0.9447291,0.95040816,0.97349787,0.95706135,0.97087425,0.946384,0.9675065,0.9622704,0.93429357,0.9555193,0.94233465,0.9693205,0.78924507,0.96821433,0.87268424,0.950327,0.9527043,0.96701807,0.94733787,0.9738891,0.9651614,0.9676525,0.9711572,0.9459883,0.94250935,0.95413995,0.95762813,0.9575411,0.95065594,0.98286444,0.92185915,0.9610899,0.97576034,0.9702538,0.942036,0.9650557,0.97402537,0.96738976,0.95123327,0.9732635,0.9544828,0.98144245,0.9641539,0.9608121,0.9395134,0.9326386,0.94764537,0.97417355,0.93304884,0.9429707,0.92823434,0.9719008,0.9653537,0.95219547,0.928719,0.9691922,0.95869553,0.95213085,0.9668078,0.94490343,0.96702623,0.98144245,0.9488546,0.97196394,0.9540888,0.96592724
adogsjourneymovie,0.9496613,0.9256772,0.9668568,0.91159815,0.95492077,0.99999994,0.94743264,0.9485301,0.96691406,0.9372046,0.93386304,0.94974285,0.93550783,0.9391224,0.9463301,0.9381232,0.9588456,0.95231485,0.93387735,0.9457917,0.95484614,0.91311496,0.9560938,0.9607101,0.94372237,0.8407346,0.9199531,0.93658996,0.93810207,0.95272374,0.9516798,0.9400936,0.9416834,0.94651616,0.8768986,0.9036558,0.9432356,0.9349676,0.9505931,0.92868084,0.9432144,0.9493905,0.93652534,0.9279868,0.9587927,0.9387281,0.95071524,0.94146883,0.93204993,0.9312948,0.9451266,0.93892145,0.9372904,0.92427206,0.9142322,0.9344586,0.9357338,0.9594821,0.9576349,0.92397285,0.9580758,0.9503573,0.9546716,0.9240983,0.9059176,0.92782587,0.90447265,0.9343024,0.9523985,0.93150175,0.9411799,0.77205473,0.92799807,0.9414027,0.9344068,0.88824004,0.8934334,0.94006544,0.94864416,0.9514607,0.9630312,0.92231643,0.94427735,0.9371979,0.93668973,0.94078386,0.93801,0.9381168,0.9580099,0.9325258,0.94736606,0.9411799,0.95543087,0.95616186,0.93275243,0.94773847,0.9471451,0.93141246,0.942508,0.9429816,0.9290598,0.94723696,0.9487561,0.9483625,0.9189618,0.9469849,0.95260715,0.9265948,0.9360563,0.93616104,0.9442221,0.7290003,0.95497423,0.7807068,0.9434524,0.9470422,0.94909614,0.9438076,0.95498866,0.95813674,0.9342845,0.94265777,0.9299794,0.9693875,0.9439359,0.93812215,0.9462604,0.94181955,0.94456387,0.90592474,0.95934373,0.9525897,0.93998337,0.93630284,0.9475074,0.94716823,0.96080714,0.91877884,0.9465324,0.9535128,0.96691406,0.94136333,0.9453526,0.9346898,0.93564725,0.9152833,0.94895875,0.9058987,0.9306115,0.9258082,0.9471186,0.955442,0.9245912,0.8923832,0.92869246,0.9367558,0.9588522,0.94732356,0.9550738,0.9378552,0.96691406,0.9297486,0.9559152,0.9596038,0.9462712
aftermathmovie,0.9546947,0.9468652,0.9770065,0.9320914,0.9652656,0.94743264,1.0000001,0.9611668,0.9833954,0.9413694,0.9530156,0.94584656,0.9694473,0.97145057,0.9673988,0.9691839,0.9562946,0.95638186,0.95875597,0.96863645,0.95142794,0.9598239,0.96980155,0.96101457,0.955176,0.8324815,0.9342924,0.95875746,0.96831816,0.9739794,0.9631644,0.953148,0.96973974,0.9568955,0.9329299,0.9185749,0.9766072,0.94762206,0.9639368,0.9627059,0.9742852,0.9492412,0.9397428,0.94424766,0.97064286,0.9577619,0.9639366,0.9733502,0.9532126,0.9486229,0.9726435,0.9714533,0.95300925,0.9624229,0.9326943,0.9513515,0.96748596,0.9705814,0.9644435,0.96075857,0.96369296,0.964973,0.9553815,0.9604723,0.94901013,0.94658375,0.93637854,0.9745282,0.9451936,0.9527615,0.97491336,0.78133875,0.9496692,0.9655263,0.9511078,0.9254311,0.8895812,0.9558584,0.97288287,0.9482622,0.955448,0.98528665,0.96747607,0.9548666,0.9676223,0.9484942,0.92627174,0.96124464,0.96198857,0.9698174,0.9657013,0.97491336,0.94373137,0.9533453,0.96912074,0.9609348,0.9437012,0.9530572,0.9819486,0.95609534,0.9741747,0.97044766,0.9464777,0.974512,0.95706785,0.9786796,0.98338693,0.95039403,0.94750315,0.9453344,0.9471271,0.7890351,0.97108454,0.8765563,0.94641507,0.94292796,0.95489395,0.94061774,0.9765588,0.99109375,0.95742786,0.9591343,0.96025354,0.96229535,0.9611098,0.9606335,0.96585625,0.9530031,0.9448811,0.9069818,0.96148306,0.9649815,0.96844,0.94886553,0.974259,0.9733897,0.9570126,0.9527379,0.9769014,0.9572692,0.9833954,0.97206604,0.981649,0.9543747,0.95367014,0.9479612,0.9556769,0.9381603,0.95691204,0.9328986,0.9823153,0.9575584,0.9587496,0.91684026,0.96520334,0.96062934,0.9485553,0.95689327,0.9545069,0.96793085,0.9833954,0.9495858,0.97864676,0.9578831,0.97139347
aftermovie,0.96593255,0.92884344,0.96496224,0.9280807,0.9524564,0.9485301,0.9611668,0.9999998,0.9805764,0.93653476,0.9540894,0.94651675,0.962098,0.96667933,0.965987,0.9683235,0.9619228,0.9510994,0.95120776,0.94719154,0.9534071,0.93553984,0.96215314,0.9452381,0.94836426,0.84058964,0.9423363,0.95718604,0.95550877,0.95864296,0.97533005,0.95375055,0.945528,0.93585926,0.9150957,0.91368824,0.9692292,0.9529779,0.9594393,0.95655876,0.96716017,0.9570957,0.9502985,0.94866765,0.97663295,0.95479137,0.96277195,0.95076895,0.9653791,0.9573408,0.9615481,0.9749757,0.94593763,0.9389732,0.967365,0.94494617,0.9360212,0.96519357,0.9565671,0.9518961,0.9448239,0.95068467,0.95440394,0.9501037,0.954544,0.9383361,0.9375948,0.96476287,0.9624961,0.9451126,0.96555996,0.8105047,0.92839885,0.96314025,0.94574493,0.9309353,0.8906048,0.9565845,0.954755,0.9435095,0.95946294,0.95515394,0.9657319,0.9520438,0.95556283,0.94545126,0.9560436,0.96380025,0.94734925,0.96055233,0.9544291,0.96555996,0.94664824,0.961143,0.9503345,0.9567128,0.9466428,0.9473458,0.949085,0.9408949,0.9577736,0.95843786,0.9327899,0.97151464,0.94114393,0.96200854,0.9650835,0.9458597,0.94883454,0.95239097,0.95202357,0.77451974,0.973874,0.8679005,0.9576229,0.9658184,0.9704331,0.9388685,0.9729833,0.9626448,0.9536401,0.9449381,0.9701637,0.9349283,0.9768881,0.96603966,0.9537821,0.9256262,0.9399339,0.91010517,0.95183504,0.9487575,0.96437746,0.93560445,0.96374995,0.9593833,0.9697002,0.9500218,0.9670619,0.952679,0.9805764,0.95848817,0.968422,0.9512982,0.9567014,0.95630425,0.9574319,0.9110263,0.9428348,0.9477499,0.96295655,0.95701176,0.94589293,0.9296135,0.9553448,0.95870155,0.953154,0.94706583,0.953294,0.96196264,0.9805764,0.9396531,0.95712584,0.95777005,0.9507002
ahiddenlifefilm,0.9803438,0.96807593,0.98689884,0.9592458,0.98144245,0.96691406,0.9833954,0.9805764,1.0,0.9659934,0.9735907,0.95256895,0.9853401,0.98495257,0.97784394,0.9853222,0.9776099,0.9757835,0.9761298,0.97396976,0.9791769,0.95535946,0.9850458,0.98027074,0.9779699,0.8831419,0.95547503,0.9762524,0.97837526,0.98504907,0.9804404,0.9752732,0.9734895,0.9569264,0.94482577,0.9263529,0.9841043,0.9702947,0.98344576,0.97320557,0.9735583,0.97867703,0.96987194,0.9723399,0.9892007,0.9755998,0.9788291,0.9707659,0.96855646,0.9738405,0.98470867,0.9814016,0.9663427,0.96200866,0.9575373,0.970957,0.97113395,0.98768514,0.983252,0.96200365,0.9757104,0.98209673,0.9751786,0.9724211,0.95182455,0.97060513,0.95935655,0.97592163,0.97077733,0.96703863,0.97923183,0.7949718,0.960986,0.98464984,0.9636434,0.9499986,0.8973166,0.9757899,0.97938204,0.9714706,0.97473365,0.97624975,0.98253554,0.9678969,0.9783525,0.9686786,0.96193135,0.977395,0.97652084,0.9814549,0.9826989,0.97923183,0.9753097,0.98013544,0.9702309,0.97951776,0.96734804,0.9708458,0.97078687,0.96950823,0.9741507,0.9856126,0.9663751,0.9862668,0.9720062,0.98688054,0.9868311,0.9639079,0.9694989,0.96556807,0.9722217,0.79966825,0.99191165,0.8873837,0.97790784,0.9699896,0.97825,0.948529,0.9871746,0.98519325,0.9752133,0.9782282,0.97878975,0.95785606,0.979601,0.9804718,0.97628886,0.96537536,0.9692907,0.93757015,0.98213613,0.97194546,0.9834461,0.9675401,0.986287,0.9864771,0.97527355,0.9619937,0.98185354,0.9761466,1.0,0.9824864,0.9817651,0.97039384,0.96296906,0.97116363,0.9774234,0.95672274,0.9694938,0.950488,0.9822918,0.97845215,0.969357,0.9372761,0.9758004,0.96912473,0.9683544,0.96743166,0.97481424,0.9881247,1.0,0.9660421,0.9833821,0.9742686,0.9834437
alitamovie,0.9466803,0.9464553,0.95500034,0.9286162,0.96599877,0.9372046,0.9413694,0.93653476,0.9659934,1.0,0.93618447,0.9054138,0.965505,0.9538023,0.9552741,0.95377785,0.95405406,0.9564113,0.94679946,0.9438506,0.9643084,0.91389084,0.9428385,0.9605095,0.9675583,0.85548973,0.94883966,0.9577125,0.93255126,0.95695186,0.9417349,0.94381166,0.93868643,0.91108024,0.8935348,0.9006275,0.95630085,0.9282758,0.95856214,0.9319601,0.93992126,0.96042293,0.95666265,0.9526813,0.953287,0.9234163,0.93050563,0.92833865,0.92431355,0.9533956,0.9449577,0.94747025,0.95670456,0.9300489,0.9010596,0.94808996,0.9461169,0.94805753,0.9559746,0.939625,0.9507037,0.96571225,0.9371273,0.95430905,0.9356455,0.93821883,0.92735064,0.9347823,0.93726635,0.9394044,0.9549374,0.7455559,0.9451692,0.9649641,0.9384351,0.8932501,0.85261935,0.9228987,0.95640785,0.9486897,0.94992644,0.9319011,0.95869994,0.94036216,0.94616437,0.93494815,0.9075474,0.9600093,0.9391068,0.9651108,0.94544005,0.9549374,0.9529131,0.94539356,0.92509335,0.95133835,0.9412762,0.94961816,0.9483759,0.92454773,0.93873215,0.9636005,0.9209582,0.9591425,0.951979,0.95168716,0.9506677,0.9449823,0.9332871,0.9509272,0.9664125,0.7799705,0.9537367,0.8697826,0.9539606,0.918822,0.9385413,0.93020815,0.9588546,0.9468267,0.96813923,0.9554797,0.9350174,0.9175978,0.93930817,0.93948185,0.9502085,0.9233715,0.9506462,0.9307184,0.9499322,0.934639,0.95847476,0.93192595,0.9526546,0.95920545,0.94301885,0.9306016,0.9584928,0.92723423,0.9659934,0.93666774,0.9392884,0.9490441,0.9251302,0.9417637,0.9626278,0.9219994,0.95670164,0.9072587,0.9575404,0.9673391,0.93007135,0.91826516,0.9501753,0.9490483,0.91658145,0.9443233,0.9388103,0.9560343,0.9659934,0.95828426,0.96464384,0.9283421,0.9508113
angelhasfallen,0.9675861,0.9510392,0.9620206,0.9559952,0.9639618,0.93386304,0.9530156,0.9540894,0.9735907,0.93618447,0.99999994,0.93581176,0.9530843,0.957515,0.9497995,0.9605324,0.9462744,0.9700539,0.9411305,0.94499964,0.95037574,0.92417854,0.9709833,0.9579922,0.96383893,0.87795997,0.92542106,0.9499873,0.9567789,0.96151567,0.949204,0.95010936,0.9569451,0.9341089,0.93942964,0.9163215,0.95585376,0.9676121,0.9602033,0.933791,0.94366986,0.9431556,0.94629675,0.93798596,0.95954186,0.95275664,0.96765745,0.94926834,0.94416034,0.9368591,0.9683297,0.9427903,0.933919,0.9252215,0.92418706,0.93891746,0.95034647,0.9671853,0.9671502,0.9234121,0.94980353,0.95733684,0.9540324,0.93792146,0.897139,0.95764214,0.95934767,0.9316139,0.95587635,0.93229365,0.9411427,0.73705953,0.93970215,0.9644568,0.95610285,0.944305,0.9088508,0.96822065,0.94424146,0.95960754,0.9682713,0.9589367,0.9405472,0.94765425,0.96823007,0.9409187,0.96083045,0.9376672,0.9436537,0.95098406,0.9638912,0.9411427,0.9483571,0.9520023,0.94595647,0.97247314,0.9605012,0.9437531,0.9307035,0.95243424,0.9554382,0.95610607,0.94570506,0.95434016,0.9456267,0.9686712,0.9554617,0.92880255,0.95130956,0.93432975,0.9428078,0.77819663,0.96824443,0.8943816,0.95891374,0.9790996,0.9770803,0.92183864,0.95255387,0.9559911,0.93968487,0.9652785,0.9459508,0.9187952,0.9469229,0.9607949,0.9417747,0.94373137,0.9684724,0.9272673,0.95583355,0.95558345,0.9604001,0.93661064,0.96286833,0.9623267,0.96063864,0.941273,0.9538941,0.9609414,0.9735907,0.96477884,0.9570911,0.93136233,0.92731845,0.9408734,0.9631882,0.9379739,0.93452436,0.9451744,0.95516765,0.9524806,0.94430065,0.9179315,0.9437613,0.93201756,0.948274,0.93605804,0.9393732,0.9652587,0.9735907,0.93613875,0.960559,0.95619303,0.9695367
angrybirdsmovie,0.94343483,0.893855,0.9628513,0.88065493,0.9392468,0.94974285,0.94584656,0.94651675,0.95256895,0.9054138,0.93581176,1.0,0.94002074,0.94595754,0.9225654,0.9373848,0.9295562,0.93691736,0.9235564,0.909954,0.91458285,0.95044315,0.94085556,0.9312177,0.9251313,0.82402366,0.91350484,0.9276621,0.9485828,0.9413416,0.9367329,0.9288787,0.9215765,0.9456291,0.8777382,0.889163,0.94600254,0.9306857,0.9332316,0.9160341,0.9490256,0.9175921,0.93071693,0.8971212,0.94145703,0.93444073,0.9461106,0.94250786,0.9115036,0.9071716,0.9604309,0.9217646,0.94750005,0.91573393,0.90850645,0.9080865,0.9288664,0.94405186,0.9264957,0.9374407,0.94124466,0.91419065,0.93573064,0.9274437,0.8994605,0.8966996,0.88875,0.9314871,0.9151127,0.926749,0.93992555,0.75336146,0.9123884,0.92739743,0.9391006,0.8847739,0.8981728,0.92599964,0.9319863,0.9141147,0.9407453,0.9308494,0.93409973,0.9115473,0.95688146,0.93624854,0.9128231,0.94122547,0.91757953,0.919511,0.9326888,0.93992555,0.92383397,0.93635046,0.963791,0.91271806,0.92955804,0.8968491,0.93404907,0.9370821,0.9411046,0.9316816,0.92738736,0.9460384,0.909957,0.9557032,0.9377528,0.9152562,0.95221776,0.9201209,0.92080146,0.7802346,0.9347657,0.79956174,0.9189494,0.94025224,0.9574392,0.91139925,0.94635975,0.946392,0.921001,0.9297858,0.9284474,0.9488307,0.91685945,0.92820597,0.93847764,0.9448798,0.9315996,0.8781582,0.9261482,0.9426072,0.93759674,0.919071,0.93582815,0.93275106,0.9655385,0.91254663,0.9476665,0.94309276,0.95256895,0.9500684,0.9575923,0.93155545,0.9384689,0.888064,0.91982955,0.88209784,0.9194274,0.92079926,0.9286328,0.9255154,0.91833735,0.88935345,0.9371213,0.9378731,0.9381996,0.9534132,0.931013,0.92314917,0.95256895,0.885171,0.9446958,0.9320718,0.9474538
annabellemovie,0.9676767,0.9611854,0.97259885,0.9393778,0.9695521,0.93550783,0.9694473,0.962098,0.9853401,0.965505,0.9530843,0.94002074,0.9999998,0.9791769,0.9642188,0.9811893,0.9660136,0.95303065,0.9753903,0.9552709,0.96830875,0.9515883,0.9650748,0.9626516,0.9685543,0.87314636,0.94176215,0.97307724,0.9646484,0.97415406,0.9635535,0.9658368,0.9549485,0.9408213,0.9297337,0.90961874,0.9750218,0.95226103,0.9737856,0.9677659,0.9633633,0.9702067,0.96902454,0.96629965,0.9707218,0.9606726,0.9554746,0.95973116,0.95208347,0.96684724,0.9769045,0.97362196,0.96959674,0.9592046,0.936854,0.95927835,0.97149146,0.96330404,0.95526993,0.96251863,0.9649897,0.96352744,0.9543905,0.9818795,0.95207804,0.9557248,0.9388964,0.9708104,0.944036,0.9555322,0.9779413,0.7650987,0.96290886,0.98146015,0.9458526,0.9358612,0.85474515,0.9522187,0.9703311,0.9432612,0.9553687,0.9614639,0.98992556,0.9523076,0.9743063,0.9630219,0.9359259,0.9878792,0.96093965,0.9774307,0.9669658,0.9779413,0.9634865,0.96493596,0.9705577,0.9527348,0.95020175,0.95469004,0.9620868,0.9499198,0.9689592,0.9711925,0.9349501,0.9871661,0.9733664,0.97879577,0.9760244,0.97008204,0.96882755,0.96284777,0.9587866,0.8315984,0.97480744,0.89248616,0.9603505,0.94161195,0.9567921,0.92925495,0.9778526,0.9654964,0.98086697,0.9643712,0.9702442,0.9293339,0.9674272,0.96266866,0.97793853,0.95460665,0.95213634,0.9261722,0.9683655,0.9486075,0.9773431,0.96329564,0.96859705,0.9767648,0.9536936,0.95373476,0.97684807,0.9502738,0.9853401,0.9714672,0.9724749,0.97192836,0.9467215,0.9630854,0.9515771,0.9492913,0.9722388,0.9171874,0.9735771,0.9676278,0.95759654,0.9299052,0.9734836,0.96961004,0.9395149,0.96526086,0.95309925,0.9773716,0.9853401,0.95641977,0.96700513,0.9442324,0.96995497
annamovie,0.9734743,0.9545954,0.97916865,0.94625956,0.96671623,0.9391224,0.97145057,0.96667933,0.98495257,0.9538023,0.957515,0.94595754,0.9791769,1.0000001,0.96199673,0.9760717,0.9474852,0.96120954,0.9644738,0.9606398,0.96572906,0.96719927,0.96735704,0.95731354,0.96451586,0.87364024,0.94551474,0.95926636,0.9778601,0.97179085,0.96459436,0.9596555,0.95564014,0.94787097,0.9399617,0.91669965,0.9785691,0.9526678,0.9563872,0.9574547,0.9697047,0.96868134,0.96263,0.9669059,0.967947,0.96122694,0.96423507,0.96350217,0.94468904,0.96941423,0.98311293,0.96233946,0.96309143,0.9408206,0.94165164,0.9499298,0.9680816,0.97168285,0.9652844,0.9606538,0.9539451,0.96831495,0.95209295,0.9772807,0.9390441,0.95252305,0.9419993,0.95789,0.9418765,0.951031,0.9690479,0.75775903,0.95362425,0.97737914,0.9495783,0.94589555,0.8935547,0.9598097,0.96796256,0.9519561,0.9526916,0.96862125,0.9733082,0.9519783,0.974224,0.9556291,0.9379859,0.97463816,0.95089155,0.9719349,0.97238874,0.9690479,0.9590017,0.96505433,0.96615356,0.9601395,0.9330998,0.9490159,0.9537347,0.9556655,0.96331996,0.97622186,0.947089,0.97044414,0.97139144,0.98308855,0.9720415,0.95272636,0.9736785,0.94452786,0.96422684,0.8125115,0.9725704,0.8973056,0.96019036,0.9569336,0.9751154,0.9106012,0.9748681,0.97120243,0.9661978,0.97224265,0.9698537,0.940592,0.9593263,0.97297215,0.9668345,0.9619345,0.9529287,0.91961485,0.9617112,0.95171374,0.9732878,0.94217896,0.97464806,0.9786626,0.9693432,0.94513893,0.97547233,0.9568588,0.98495257,0.97698396,0.97864664,0.96054834,0.95065117,0.9565231,0.95966583,0.94662476,0.9586839,0.9389896,0.9633147,0.96267116,0.9593175,0.94075334,0.9756712,0.95948154,0.936127,0.96282846,0.9527535,0.97658145,0.98495257,0.95509905,0.973318,0.94865316,0.9763401
apollo11movie,0.9534396,0.93769455,0.9554522,0.9225523,0.96739674,0.9463301,0.9673988,0.965987,0.97784394,0.9552741,0.9497995,0.9225654,0.9642188,0.96199673,1.0000001,0.9637659,0.95609343,0.95868385,0.9545838,0.9722748,0.9582585,0.92700446,0.9566604,0.96067166,0.95468146,0.84542537,0.94012105,0.96750593,0.95142215,0.9643039,0.95917517,0.94211096,0.9461571,0.93874156,0.92081714,0.9154047,0.9595075,0.9489313,0.9593183,0.939575,0.96827304,0.96419305,0.9459516,0.9613374,0.9661905,0.9427449,0.95449185,0.9554717,0.951375,0.9617771,0.9548338,0.96172965,0.95348585,0.9446353,0.9380301,0.9559634,0.9510628,0.95682627,0.9631962,0.96064633,0.9572255,0.9616676,0.940709,0.94534624,0.9510788,0.95012546,0.9335729,0.94723797,0.9540818,0.9499701,0.9749159,0.76713955,0.9512887,0.9749636,0.93960166,0.9267776,0.91541624,0.95147896,0.96399045,0.95266515,0.94904923,0.95315474,0.9565334,0.9634976,0.95438045,0.9410684,0.94674665,0.9648364,0.9542858,0.9570321,0.96671754,0.9749159,0.94625765,0.9621775,0.941764,0.9683712,0.9485011,0.9529062,0.9561277,0.93843603,0.9524836,0.96597636,0.93233323,0.97043204,0.94559723,0.96269417,0.9605788,0.9381836,0.93894833,0.9387817,0.94969547,0.78324884,0.9713152,0.8667486,0.9489448,0.9507429,0.9538049,0.9548394,0.96469027,0.97007674,0.95961714,0.9416641,0.95779675,0.932315,0.9599564,0.95565265,0.95765615,0.930571,0.9443145,0.9122275,0.95492756,0.95694304,0.9586132,0.94128484,0.96344554,0.9659508,0.9611291,0.9561186,0.9760427,0.9457909,0.97784394,0.9548375,0.9668261,0.94642794,0.9406574,0.9433954,0.9546649,0.9347091,0.9398085,0.92985106,0.9669862,0.9542393,0.9522127,0.91716796,0.9655788,0.9678157,0.93295246,0.94742984,0.9630112,0.9643024,0.97784394,0.9502621,0.96581185,0.9510808,0.9512337
arcticdogsmovie,0.9675344,0.9581449,0.968404,0.94071203,0.9602709,0.9381232,0.9691839,0.9683235,0.9853222,0.95377785,0.9605324,0.9373848,0.9811893,0.9760717,0.9637659,0.9999998,0.9580391,0.9466883,0.9592242,0.9602268,0.9624782,0.94751793,0.971253,0.96309096,0.9637548,0.86144817,0.9479732,0.9663821,0.9642737,0.96594477,0.96231467,0.95519954,0.95450777,0.94225836,0.94305277,0.9085578,0.9761823,0.95600504,0.9654765,0.9513461,0.9580855,0.96125984,0.962955,0.9679123,0.9727572,0.9551427,0.9657698,0.9534476,0.95063335,0.9659358,0.97454983,0.96926403,0.9628993,0.960582,0.94633657,0.94688106,0.97050864,0.9583299,0.9606719,0.95824575,0.9657328,0.9616462,0.95274806,0.9736488,0.9463332,0.946956,0.95875746,0.9729715,0.9545332,0.9603534,0.96771413,0.8016957,0.94810486,0.97283864,0.96110123,0.92428404,0.88827497,0.95472467,0.9577048,0.95214975,0.9650224,0.9607285,0.97807866,0.9607787,0.977695,0.9685359,0.9333105,0.97307885,0.9496091,0.97402173,0.9597223,0.96771413,0.9521458,0.960061,0.96941173,0.9605612,0.95685923,0.9615848,0.95714885,0.95584327,0.9653387,0.96366566,0.9388511,0.9759369,0.9603152,0.9736178,0.97570056,0.9739329,0.96889514,0.95693517,0.96321833,0.78709537,0.9738604,0.88743013,0.9663552,0.94956326,0.9673906,0.93125284,0.97429514,0.9688773,0.9676398,0.96402305,0.9751892,0.935522,0.9683431,0.9743598,0.95964855,0.94366735,0.9384747,0.9163817,0.96414864,0.9513379,0.9708917,0.9518478,0.9685722,0.9728252,0.9656179,0.9510493,0.9682557,0.9561098,0.9853222,0.9621839,0.9728207,0.9776866,0.9662643,0.95656514,0.95294636,0.9503846,0.9755594,0.9393786,0.9667415,0.95568883,0.9583864,0.9245108,0.96297187,0.9653377,0.94070953,0.9481339,0.95257235,0.9722452,0.9853222,0.9583339,0.97180325,0.95181215,0.970866
arcticmovie,0.9640718,0.94502586,0.96361744,0.92012984,0.9647549,0.9588456,0.9562946,0.9619228,0.9776099,0.95405406,0.9462744,0.9295562,0.9660136,0.9474852,0.95609343,0.9580391,1.0000001,0.95056385,0.96563244,0.9432501,0.9590557,0.9115203,0.9630044,0.9757539,0.9625474,0.84792006,0.92810905,0.97753274,0.94297296,0.9628783,0.96658456,0.95112604,0.95198697,0.93649757,0.91818327,0.91577893,0.9546295,0.9447211,0.96896464,0.94490445,0.9530632,0.9608945,0.9560647,0.9517843,0.9730019,0.9553199,0.95305645,0.9377366,0.95213807,0.9506838,0.9487665,0.969362,0.94628453,0.94748306,0.9251568,0.9546397,0.94628704,0.9631293,0.96203125,0.9336137,0.95960754,0.95569557,0.9536344,0.9577516,0.9469536,0.95157975,0.9330306,0.964373,0.96158826,0.94353503,0.96179897,0.7943269,0.9413324,0.959121,0.94833857,0.9137647,0.86563414,0.94484675,0.95568556,0.945312,0.9595224,0.945041,0.97015613,0.94818497,0.9413297,0.96007204,0.9382535,0.959048,0.95431924,0.96280277,0.9668611,0.96179897,0.95996296,0.9649427,0.9335723,0.95964754,0.9593057,0.95116043,0.9514417,0.9436338,0.9525289,0.9546703,0.93497574,0.9704571,0.93383765,0.9508855,0.9602389,0.9548139,0.927549,0.9585136,0.9467685,0.774695,0.9730982,0.85432553,0.96609473,0.9434392,0.9512971,0.9583516,0.96391535,0.95748025,0.9715705,0.9587597,0.9443641,0.9402902,0.953417,0.95820695,0.9673297,0.92887986,0.943316,0.9384843,0.9632121,0.9430216,0.97381246,0.97060776,0.95618683,0.9656067,0.95138353,0.9409593,0.9574776,0.9531484,0.9776099,0.9475189,0.9522288,0.9568539,0.9489962,0.95336694,0.95756173,0.9329694,0.9605672,0.9098085,0.9680961,0.9740386,0.9435193,0.92011887,0.9492083,0.94339967,0.9601117,0.9463409,0.9620187,0.9586728,0.9776099,0.95956296,0.95736265,0.9603697,0.9546736
artofracingmovie,0.962037,0.94932586,0.9697619,0.95111614,0.9827612,0.95231485,0.95638186,0.9510994,0.9757835,0.9564113,0.9700539,0.93691736,0.95303065,0.96120954,0.95868385,0.9466883,0.95056385,1.0000002,0.94479334,0.9438001,0.95563966,0.93062514,0.962623,0.96314,0.9673029,0.9010525,0.9527359,0.94706637,0.96125454,0.96728086,0.95326704,0.9526448,0.95895183,0.9270441,0.9142952,0.90813506,0.9564516,0.94669056,0.9606034,0.9383689,0.9526216,0.95293206,0.93921375,0.9406982,0.9610847,0.9406813,0.9585457,0.9437742,0.93339396,0.9448422,0.96750337,0.93958974,0.9343731,0.9098008,0.92587805,0.9735907,0.9470022,0.97555083,0.9746401,0.93500334,0.9534524,0.9718646,0.96272475,0.9311869,0.9092305,0.95549846,0.9410786,0.9271412,0.9535979,0.9329274,0.95299,0.728037,0.9517138,0.9637765,0.94537145,0.9459417,0.9072368,0.9602575,0.96457744,0.9783945,0.96298385,0.9500799,0.9441168,0.95145506,0.9562619,0.9332421,0.94384664,0.9420782,0.95546246,0.9489076,0.9672454,0.95299,0.96360314,0.95946497,0.9306442,0.9671576,0.9489271,0.94969344,0.9401966,0.94153196,0.9366916,0.9725108,0.96533006,0.952792,0.9449332,0.97135913,0.95463455,0.9142908,0.9520333,0.9270662,0.9691087,0.8022043,0.96526015,0.87094194,0.95709234,0.9543875,0.9650554,0.9229394,0.9641526,0.9603763,0.95374876,0.97238857,0.9400321,0.9374518,0.94453424,0.950609,0.94461787,0.94850266,0.9834053,0.9123619,0.96448535,0.9707791,0.9598662,0.92566687,0.9638708,0.9656133,0.95418715,0.9364645,0.9685348,0.953316,0.9757835,0.97131217,0.94997096,0.92265475,0.9310529,0.9441832,0.9800215,0.92313963,0.92695296,0.9357065,0.9567179,0.9592823,0.9486157,0.91054726,0.96527827,0.9441155,0.9536698,0.9519715,0.94109243,0.9636715,0.9757835,0.9339693,0.976057,0.9551067,0.967038
avengers,0.97216666,0.93437856,0.9591545,0.92461896,0.969023,0.93387735,0.95875597,0.95120776,0.9761298,0.94679946,0.9411305,0.9235564,0.9753903,0.9644738,0.9545838,0.9592242,0.96563244,0.94479334,1.0000002,0.941924,0.97233844,0.9320162,0.94039565,0.9567587,0.94197893,0.87399006,0.9371542,0.9696178,0.9565382,0.9638877,0.9669218,0.9472083,0.9377725,0.92491186,0.9112696,0.87951165,0.96021354,0.95185864,0.96214813,0.9451981,0.95057726,0.9603713,0.94688284,0.9527106,0.96522677,0.94851416,0.9346793,0.9338491,0.9358617,0.95044625,0.9674151,0.9598808,0.9377634,0.9372864,0.92851084,0.9442656,0.9558479,0.95970726,0.9416145,0.95546,0.9650193,0.9566338,0.94487673,0.9591484,0.94012856,0.95012766,0.92692083,0.9463121,0.9406347,0.95892924,0.97475046,0.7438127,0.9406987,0.96633637,0.9296463,0.93951255,0.8581283,0.93617564,0.95550174,0.93391114,0.94363,0.95028925,0.9662903,0.9439255,0.9462941,0.95725745,0.93157214,0.9695982,0.9644757,0.956803,0.96314406,0.97475046,0.9560698,0.94884944,0.95040923,0.94670826,0.937893,0.9428761,0.9412782,0.9291856,0.9534578,0.9564509,0.942075,0.9763299,0.9454693,0.9630582,0.9559016,0.93779427,0.9463529,0.93970376,0.95067567,0.8103222,0.96778345,0.854606,0.9518017,0.9330191,0.9498593,0.9318515,0.96939105,0.9565098,0.9635736,0.96382844,0.95234746,0.93069416,0.9455176,0.9415704,0.9551128,0.9609027,0.94511175,0.92461085,0.95815295,0.9451796,0.96947014,0.9600152,0.96320564,0.9680499,0.9512831,0.9543585,0.96824366,0.94668204,0.9761298,0.9548191,0.951888,0.9471164,0.93050516,0.94885397,0.9488351,0.93351376,0.9419343,0.89110917,0.96329844,0.9629628,0.96826434,0.9284675,0.97133785,0.96169215,0.92748076,0.96130335,0.94554806,0.96696764,0.9761298,0.9510412,0.94681364,0.9307988,0.9641371
beachbummovie,0.9432012,0.9590951,0.9637707,0.92844063,0.9503956,0.9457917,0.96863645,0.94719154,0.97396976,0.9438506,0.94499964,0.909954,0.9552709,0.9606398,0.9722748,0.9602268,0.9432501,0.9438001,0.941924,0.9999999,0.95059013,0.9280641,0.9584046,0.9674668,0.95977926,0.8324748,0.9125886,0.9396614,0.95656073,0.9665465,0.9532807,0.94307697,0.9472315,0.95115507,0.92219406,0.8907737,0.9547217,0.94515634,0.9466166,0.9445421,0.9478685,0.9639311,0.95094854,0.9569617,0.96250814,0.94660354,0.9521656,0.95967346,0.93830097,0.96167076,0.9556951,0.95822835,0.9396055,0.95077145,0.92683566,0.94300926,0.9475123,0.9566241,0.9667429,0.9398176,0.95356405,0.96900976,0.9369732,0.9397144,0.9213787,0.94525737,0.9338042,0.94772595,0.9310241,0.9359939,0.95564884,0.7933218,0.93472373,0.9591371,0.91478455,0.91212445,0.88379186,0.95798475,0.96311957,0.9452142,0.94594324,0.9510783,0.9503578,0.9342548,0.9477058,0.92963254,0.9392762,0.95009327,0.95494974,0.9684349,0.95688105,0.95564884,0.94609123,0.95672613,0.9390483,0.967044,0.92838,0.96320975,0.96096474,0.9458199,0.9429108,0.96407604,0.9492767,0.9572398,0.9614532,0.96505344,0.96687007,0.93447,0.93281025,0.93478477,0.9473169,0.75207525,0.9740879,0.85823834,0.94735086,0.9407986,0.9414101,0.9095986,0.9571987,0.9703287,0.93998426,0.9519965,0.96076554,0.94137734,0.9603416,0.9531813,0.95041025,0.94236416,0.9294699,0.92485785,0.965073,0.9467046,0.95178056,0.9372351,0.9733016,0.96817344,0.9417425,0.93355596,0.9553221,0.9603684,0.97396976,0.95436496,0.95916003,0.9396759,0.9400249,0.9512336,0.95003617,0.9329784,0.94036007,0.9369341,0.9623398,0.9557326,0.9389473,0.89730686,0.95114976,0.9428627,0.9326085,0.93001276,0.9527072,0.96629876,0.97396976,0.96003556,0.96860087,0.946236,0.9624717
bernadettefilm,0.9728566,0.94550365,0.9591492,0.9459965,0.9655943,0.95484614,0.95142794,0.9534071,0.9791769,0.9643084,0.95037574,0.91458285,0.96830875,0.96572906,0.9582585,0.9624782,0.9590557,0.95563966,0.97233844,0.95059013,1.0000001,0.92430794,0.9563567,0.96208066,0.95713764,0.8800897,0.9483178,0.96372813,0.94894624,0.96652734,0.95849836,0.9621136,0.9543129,0.9188815,0.91662866,0.9025795,0.96219414,0.94591635,0.96720076,0.95192885,0.94870883,0.9704757,0.9552748,0.96664935,0.96794766,0.94379836,0.94904494,0.9363299,0.9447491,0.9605739,0.9597239,0.9593742,0.94691724,0.93875396,0.93285733,0.94298035,0.9559127,0.96736115,0.962578,0.9314068,0.96359825,0.9658296,0.9531307,0.9646956,0.93707377,0.9630587,0.94567066,0.9407367,0.96327955,0.9514931,0.9527842,0.7528237,0.94688797,0.9776751,0.9393227,0.93518007,0.8718947,0.95093024,0.9570481,0.94941896,0.9672338,0.945033,0.966286,0.9537363,0.9525935,0.9510909,0.9568326,0.967587,0.9657506,0.9610018,0.9624302,0.9527842,0.9673463,0.96269155,0.94433385,0.9627209,0.946176,0.9449519,0.94593716,0.9332909,0.9459262,0.9661873,0.94130296,0.96413434,0.94906634,0.9639793,0.96623087,0.9512681,0.9484589,0.9578783,0.9619853,0.7810917,0.9683879,0.85613906,0.973574,0.955931,0.9575156,0.92786366,0.97638065,0.9609096,0.96110064,0.9620929,0.9561888,0.93258125,0.9497866,0.95596236,0.951349,0.94891465,0.95917356,0.93897784,0.9770384,0.93385667,0.9654072,0.9553619,0.962325,0.9676034,0.95956814,0.9408118,0.9555815,0.93606496,0.9791769,0.95172024,0.94954205,0.9574187,0.92854124,0.9456764,0.95752066,0.94217265,0.9498129,0.9308203,0.962564,0.9636994,0.9522888,0.93523276,0.95464313,0.9465736,0.9345377,0.94347435,0.95672697,0.9672417,0.9791769,0.9636736,0.9567948,0.9453494,0.9601834
