movie,21bridgesmovie,47metersdown,abeautifuldaymovie,abominablemovie,adastramovie,adogsjourneymovie,aftermathmovie,aftermovie,ahiddenlifefilm,alitamovie,angelhasfallen,angrybirdsmovie,annabellemovie,annamovie,apollo11movie,arcticdogsmovie,arcticmovie,artofracingmovie,avengers,beachbummovie,bernadettefilm,blackandbluemovie,blackchristmas,blindedbythelightmovie,bombshellmovie,booksmart,breakthroughmovie,brianbanksmovie,brightburnmovie,brittanyrunsmov,captainmarvelofficial,captivestatemovie,catsmovie,charliesangels,childsplaymovie,clarathefilm,coldpursuitmovie,countdown,currentwarmovie,darkwatersmovie,detectivepikachumovie,disneyaladdin,disneyfrozen,disneymaleficent,doctorsleepmovie,dolemiteismyname,dontletgomovie,doramovie,downtonabbey_official,dumbo,escaperoom,everybodyknowsmovie,fastandfuriousmovie,fightingwmyfam,fivefeetapartfilm,fordvferrari,freaksthefilm,geminimanmovie,glassmovie,gloriabellmovie,godzillamovie,goldfinchmovie,goodboysmovie,goodliarmovie,gretafilm,halathemovie,happydeathdaymovie,harrietfilm,hellboymovie,hersmellmovie,highlifemovie,highstrungmovie,honeyboymovie,hotelmumbaifilm,httydragon,hustlemovie,hustlersmovie,isntitromantic,itmovieofficial,jayandsilentbob,johnwickmovie,jojorabbitmovie,jokermovie,judythefilm,jumanjimovie,justmercyfilm,knivesout,lalloronamovie,lastblackmansf,lastchristmasthemovie,latenightmovie,lighthousemovie,lionking,littlethemovie,littlewomenmovie,littlewoodsfilm,longshotmovie,lordsofchaosmovie,lucyintheskyfilm,mamovie2019,marriagestory,meettheaddams,meninblack,midsommarmovie,midwaymovie,missbalamovie,missinglinkfilm,motherlessbklyn,onceinhollywood,onthebasisofsex,overcomermovie,peanutbutterfalcon,petsematarymovie,piercingmovie,playingwithfire,playmobilthemovie,pomsmovie,queenandslim,rambomovie,readyornotfilm,richardjewellfilm,rocketmanmovie,scarystoriesmovie,secretlifeofpets,serenityfilm,shaftmovie,shazammovie,spidermanmovie,spiesindisguise,starwars,stormboymovie,stubermovie,taosdfilm,teenspiritmov,terminator,theaeronautsmov,thebestofenemies,thedeaddontdie,thefarewell,thehighwaymen,thehummingbirdprojectfilm,theintrudermovie,theirishmanfilm,thekitchenmovie,thelegomovie,themustangfilm,thenightingalefilm,theprodigymovie,thesunisalsoastar,theupsidefilm,tolkienmovie,toystory,triplefrontier,uglydolls,uncutgems,underthesilverlake,usmovie,wavesmovie,whatmenwant,wonderparkmovie,wrinklestheclown,xmenmovies,yardiefilm,yesterdaymovie,zombieland
21bridgesmovie,0.99999994,0.9466101,0.97226495,0.9453869,0.9668648,0.9393077,0.97573644,0.96683675,0.9860178,0.9631494,0.96837366,0.95152795,0.96637595,0.9704205,0.972759,0.97221196,0.97108513,0.97350997,0.9889875,0.95330906,0.98537546,0.97285056,0.9731729,0.96798724,0.95806104,0.55045325,0.95362985,0.96707964,0.9823032,0.9506629,0.96623635,0.9771955,0.9595837,0.94420344,0.95178217,0.91819775,0.9783225,0.9715888,0.9790446,0.9774304,0.9723675,0.9820631,0.96669924,0.97909594,0.9704648,0.9695108,0.9704801,0.9635085,0.9654133,0.97675794,0.9767982,0.9807438,0.95875657,0.92796713,0.9517755,0.9773666,0.947936,0.9829589,0.97156644,0.972767,0.96325994,0.97257215,0.9650133,0.9672287,0.9734147,0.97793776,0.9792959,0.9743533,0.9615593,0.9789562,0.9785997,0.29301918,0.961471,0.9627063,0.95517814,0.959145,0.88629603,0.9625582,0.9582054,0.9554002,0.9560791,0.96924394,0.98122984,0.9423716,0.96385354,0.9734773,0.9745449,0.9661352,0.96231264,0.9668936,0.97238123,0.9785997,0.93086636,0.9580213,0.9672559,0.96244603,0.96150357,0.95256203,0.9767756,0.9730396,0.96485645,0.9686094,0.96403605,0.97991407,0.96113867,0.97394,0.98841846,0.9540275,0.93573344,0.9423021,0.964496,0.70228964,0.9725866,0.8791097,0.9610164,0.9770018,0.9930075,0.9602728,0.9744067,0.96984404,0.9665016,0.96855277,0.9698587,0.95647216,0.9724822,0.97962284,0.96487135,0.95505023,0.9656771,0.9175172,0.9790674,0.9628811,0.9686623,0.93802035,0.96718514,0.9500135,0.97577685,0.9731273,0.97475266,0.9783562,0.9860178,0.9745378,0.96637094,0.93234676,0.95598847,0.97467184,0.9449156,0.96450865,0.9605989,0.97508097,0.974146,0.97540617,0.9706113,0.9349457,0.959997,0.9690687,0.9646349,0.94863564,0.9748692,0.9632913,0.9860178,0.9692808,0.9657533,0.9718994,0.94925195
47metersdown,0.9466101,0.99999994,0.93070483,0.9369612,0.9394697,0.93795526,0.95574033,0.9307918,0.9564408,0.932569,0.93594867,0.939894,0.9259196,0.9416852,0.95736116,0.95847106,0.93047845,0.92478335,0.94835764,0.9185297,0.9496336,0.9388517,0.9429923,0.93889314,0.9314939,0.65010315,0.9058154,0.94090927,0.9423097,0.9222791,0.9283627,0.9367215,0.9352094,0.9215463,0.8977637,0.8595319,0.951313,0.9402745,0.93439406,0.9551628,0.95175827,0.9533424,0.94504535,0.95961314,0.922884,0.93697786,0.9383573,0.93122935,0.9486374,0.9561728,0.94867617,0.9574178,0.9193664,0.8910293,0.9138978,0.95787925,0.93598354,0.93046945,0.9554176,0.9374279,0.92719346,0.9626676,0.92753005,0.940843,0.91760826,0.9479206,0.94046843,0.9468204,0.9396863,0.92429066,0.95181113,0.37088352,0.9308443,0.95696664,0.91244006,0.9365752,0.83642536,0.9386977,0.94235975,0.9102382,0.91749686,0.95975125,0.928785,0.8955511,0.9443283,0.9340223,0.92584527,0.9245879,0.9236992,0.9429269,0.9506156,0.95181113,0.87777686,0.9493425,0.9468225,0.9354818,0.92123675,0.9204816,0.9485053,0.9401072,0.93842924,0.9468784,0.9269393,0.95237035,0.9305771,0.9423262,0.94467884,0.9249089,0.93579507,0.932409,0.9429982,0.6943801,0.91456544,0.84055555,0.9023282,0.93849677,0.9514465,0.91178906,0.93316466,0.9540212,0.9199905,0.91086894,0.93503076,0.94444925,0.93355286,0.94443905,0.9203302,0.9017543,0.9208469,0.86961836,0.9535767,0.9369633,0.92722344,0.9356856,0.9125795,0.93109274,0.95276845,0.9205058,0.9455831,0.9438433,0.9564408,0.93293214,0.9415342,0.8956079,0.9224885,0.95961976,0.92593515,0.91494733,0.9385116,0.9442218,0.942266,0.92374444,0.9340424,0.9293671,0.9133364,0.9335534,0.9383049,0.93156487,0.93915737,0.9047665,0.9564408,0.93302053,0.93667346,0.93556595,0.9249709
abeautifuldaymovie,0.97226495,0.93070483,1.0000002,0.94481623,0.9640874,0.9371396,0.96947116,0.97372264,0.98362744,0.96153164,0.9727589,0.9693917,0.96873343,0.9635854,0.9702526,0.9628072,0.9689591,0.96440995,0.95938903,0.94986343,0.97279215,0.97990596,0.96209973,0.96339494,0.9605374,0.60220337,0.9558731,0.97239953,0.9849451,0.93780476,0.9689742,0.9696274,0.95288926,0.959224,0.94479156,0.9315256,0.9717326,0.96630037,0.97675085,0.95658815,0.9459316,0.98127985,0.9730296,0.97536343,0.9683218,0.96969116,0.9608915,0.97575957,0.93206096,0.9757932,0.98426235,0.9665706,0.9715285,0.9460028,0.96339715,0.95600986,0.9562256,0.97769153,0.97403866,0.96670073,0.95142853,0.9469455,0.9704583,0.9599284,0.96065867,0.96194136,0.9724697,0.9617997,0.95812553,0.9712008,0.97075236,0.3413385,0.9522054,0.9627653,0.95560586,0.9434057,0.86110836,0.9645079,0.96022713,0.96397305,0.9729344,0.96652883,0.9805133,0.92704535,0.97172725,0.9679149,0.9733064,0.97098607,0.9543679,0.97685766,0.9565763,0.97075236,0.9500278,0.9498331,0.96752095,0.9580679,0.9768354,0.9515814,0.9796553,0.97648495,0.95089656,0.95091784,0.9707176,0.96873325,0.9674464,0.98152775,0.97587186,0.9494697,0.94875324,0.93693805,0.97923833,0.7560761,0.97290707,0.88302374,0.9638187,0.96357465,0.97722316,0.9516227,0.9755817,0.97249454,0.96121836,0.9679879,0.970704,0.93193895,0.9740489,0.9646429,0.96508586,0.97653216,0.9736665,0.92472357,0.96472853,0.95926493,0.9678847,0.91430444,0.9680925,0.93154144,0.9713793,0.9672028,0.97078085,0.96379435,0.98362744,0.9830542,0.95110875,0.934099,0.9383061,0.9665055,0.9528121,0.95149267,0.95810694,0.95518863,0.9594258,0.9829031,0.9778233,0.93036693,0.9674619,0.9585055,0.96473664,0.9472918,0.9774294,0.95395577,0.98362744,0.9669975,0.957543,0.9595463,0.9624979
abominablemovie,0.9453869,0.9369612,0.94481623,1.0,0.9404519,0.95890296,0.95816845,0.96348023,0.9696561,0.93402773,0.9539241,0.94234943,0.94885325,0.9563684,0.947432,0.9420543,0.9471449,0.9189691,0.95035845,0.9180601,0.95531386,0.9691779,0.9617479,0.94442093,0.96584743,0.64065874,0.9348425,0.96783,0.9598025,0.932749,0.9478995,0.9485684,0.932457,0.9140142,0.92942566,0.8976675,0.946935,0.9389858,0.94750285,0.9570518,0.95628,0.9634013,0.9370659,0.9657965,0.94734764,0.9589413,0.9641306,0.9491794,0.9286213,0.96692777,0.9637098,0.97039056,0.9468826,0.93891084,0.9586122,0.9473789,0.9565691,0.9625998,0.9555921,0.9686561,0.9559094,0.9567198,0.95632684,0.9708848,0.9511143,0.9646275,0.95820063,0.9664192,0.92925197,0.9693069,0.9705918,0.35739055,0.9462535,0.96245533,0.9551133,0.94117326,0.8623474,0.95823926,0.94536436,0.9665667,0.9492906,0.96543914,0.95183516,0.9282392,0.9527335,0.9419659,0.94687355,0.93860584,0.95713115,0.96319586,0.9710818,0.9705918,0.933055,0.92310053,0.9646707,0.96822655,0.9552373,0.95952445,0.94057757,0.9470521,0.9349612,0.9503269,0.9543458,0.97149044,0.9207199,0.96443814,0.95620865,0.9401783,0.9484427,0.94639933,0.9645183,0.6948234,0.9562753,0.81850535,0.964055,0.9581966,0.9532683,0.94559425,0.93908864,0.95855,0.96353036,0.94514316,0.9547849,0.95813096,0.96279114,0.93409616,0.9272279,0.9378728,0.94890654,0.8659743,0.9423451,0.9399705,0.9557499,0.9259508,0.9633998,0.93816644,0.9372744,0.9448553,0.9686721,0.94579,0.9696561,0.95144355,0.940661,0.936594,0.9369446,0.9614404,0.9167404,0.93120086,0.9569474,0.9539574,0.96357507,0.9410452,0.9662904,0.92419994,0.9178359,0.97050476,0.95441735,0.9697843,0.9573396,0.9518048,0.9696561,0.93846464,0.9311439,0.9675282,0.95372725
adastramovie,0.9668648,0.9394697,0.9640874,0.9404519,0.99999994,0.9225221,0.9719594,0.95982844,0.977995,0.9764075,0.95913696,0.95742524,0.9555384,0.95783,0.96056134,0.9599814,0.9649269,0.9776142,0.9701705,0.942609,0.9655987,0.9664095,0.95971304,0.9701282,0.94888306,0.569904,0.9622264,0.9652272,0.96742016,0.9484526,0.955219,0.9688049,0.94548994,0.9606257,0.95682096,0.9508697,0.9636035,0.95254785,0.96571165,0.94393647,0.9614956,0.97843224,0.9416687,0.9695015,0.9477449,0.96398824,0.9633027,0.96789795,0.93145764,0.9704965,0.96667445,0.9640869,0.9475579,0.9115842,0.95526266,0.9708669,0.9435121,0.97044605,0.9568527,0.96605694,0.950022,0.9387603,0.9580664,0.9588881,0.9637548,0.95649755,0.9767966,0.95457065,0.9598293,0.9633424,0.975058,0.35184675,0.9438279,0.9527977,0.9719816,0.9377927,0.88294125,0.94681096,0.9570694,0.95472515,0.95473504,0.9605469,0.9638635,0.9336844,0.9563673,0.9619909,0.97132015,0.95467204,0.96379757,0.9704182,0.96206135,0.975058,0.9311762,0.93290955,0.9541685,0.9490402,0.96205634,0.9604287,0.96429056,0.95331657,0.95383286,0.9510189,0.94457626,0.97246534,0.95502996,0.9602329,0.9737056,0.9655372,0.9288787,0.9273682,0.9708422,0.7561778,0.9653368,0.9204811,0.93593204,0.95517695,0.9710596,0.94452524,0.9636911,0.9726425,0.96467036,0.9692331,0.97259486,0.9458285,0.9581066,0.94644153,0.958595,0.96159,0.97556454,0.91475165,0.9700225,0.98283476,0.9655309,0.9040721,0.9696566,0.934617,0.948923,0.9465797,0.96666056,0.9532306,0.977995,0.970842,0.95859593,0.9519621,0.93962675,0.95515114,0.9573377,0.9623939,0.97551197,0.94622374,0.96275,0.9592555,0.96441877,0.94324666,0.95455784,0.9577365,0.95289445,0.94781625,0.95735896,0.9467613,0.977995,0.96483827,0.958963,0.96218914,0.921074
adogsjourneymovie,0.9393077,0.93795526,0.9371396,0.95890296,0.9225221,0.9999997,0.9501471,0.9516608,0.96235234,0.9151562,0.942114,0.9193646,0.95245874,0.94864047,0.9452445,0.9413526,0.9449269,0.91093874,0.94354284,0.906807,0.9569432,0.9491209,0.9615556,0.9229741,0.96141565,0.6663293,0.9355722,0.9642128,0.9491826,0.9068992,0.9404617,0.93883836,0.9260344,0.88393205,0.92059904,0.87946314,0.9536251,0.95026684,0.9490435,0.94202,0.9639167,0.9497822,0.9414229,0.9635241,0.94828266,0.9357821,0.9617203,0.9309549,0.9423986,0.9639503,0.9583908,0.95872957,0.9527831,0.94948906,0.94165224,0.9438866,0.9502633,0.9401005,0.9540944,0.946813,0.95932794,0.9506914,0.95758545,0.9540967,0.93070406,0.94842786,0.9369519,0.9677098,0.9247209,0.9519739,0.9523959,0.32344663,0.9604897,0.9676488,0.9337593,0.9440727,0.8405839,0.9648281,0.9480372,0.96562237,0.9314793,0.9614845,0.94593394,0.9130088,0.96425146,0.9330353,0.92880154,0.9326428,0.92936313,0.96168536,0.946029,0.9523959,0.91933477,0.89910364,0.96241075,0.9436973,0.9542904,0.94409364,0.9307765,0.96417624,0.92328733,0.97052604,0.96422243,0.95492667,0.913057,0.9611065,0.94348454,0.93158823,0.94411826,0.93949246,0.96260875,0.68011403,0.9375696,0.814354,0.95212066,0.9466357,0.9461737,0.9403802,0.9334041,0.9456721,0.9412876,0.93942577,0.9350671,0.96034163,0.95186687,0.9309067,0.9455512,0.93472594,0.9261061,0.86563784,0.92334586,0.9350104,0.9371763,0.92429185,0.93820703,0.9203503,0.9450541,0.9361021,0.9600247,0.93684036,0.96235234,0.95115167,0.92832977,0.9204832,0.92334175,0.9584009,0.8940775,0.9229084,0.9403806,0.94406277,0.96581733,0.93578815,0.94855005,0.9153872,0.9223575,0.9489443,0.9420602,0.95371205,0.92893696,0.92752916,0.96235234,0.9416618,0.92109555,0.9492774,0.9591602
aftermathmovie,0.97573644,0.95574033,0.96947116,0.95816845,0.9719594,0.9501471,0.9999999,0.97016317,0.9893319,0.973923,0.9766792,0.9658746,0.96306413,0.97573483,0.9754688,0.9655565,0.9721475,0.9721285,0.97643995,0.9567353,0.9747015,0.97713554,0.9757347,0.96378636,0.97127944,0.59574556,0.9583729,0.9724513,0.97699076,0.9525468,0.9779483,0.97567976,0.9679181,0.95851326,0.95511764,0.9389121,0.9780405,0.9646076,0.9784338,0.96677995,0.97279555,0.9869939,0.9720959,0.97896653,0.97171813,0.98412997,0.9750863,0.9744961,0.9585131,0.9827254,0.9722094,0.9783098,0.9720043,0.9396634,0.95636475,0.97282034,0.96276444,0.97819936,0.98422444,0.9734125,0.96914583,0.972596,0.97441596,0.97480106,0.9746099,0.9726404,0.97077656,0.9710223,0.9815525,0.9759082,0.9763137,0.36214185,0.96276593,0.9718476,0.9666529,0.9662693,0.8684141,0.9753187,0.9744903,0.96185213,0.9739196,0.9833983,0.9786621,0.94308406,0.96670645,0.97901595,0.97434205,0.96297854,0.96626323,0.98341167,0.9710839,0.9763137,0.94759876,0.96623534,0.97021794,0.96707714,0.9780076,0.97015995,0.98302615,0.97071373,0.97586155,0.9714849,0.95563877,0.97364616,0.96031564,0.9693729,0.9806096,0.9703347,0.94454473,0.94449836,0.9711169,0.7293516,0.97153765,0.89125913,0.9589019,0.97418624,0.98089445,0.95197946,0.9761466,0.9916105,0.9724251,0.97150034,0.975437,0.95688856,0.9793579,0.97389835,0.9649232,0.9513906,0.9744519,0.92469084,0.9661828,0.97140294,0.97398555,0.93736905,0.9671543,0.9518644,0.9677542,0.9622159,0.97409666,0.97639376,0.9893319,0.9795622,0.97266996,0.9544924,0.9643838,0.97660834,0.9678729,0.95896673,0.9781359,0.96549886,0.9852607,0.9726623,0.9785879,0.9399109,0.9534743,0.9632241,0.9667771,0.9524192,0.97410816,0.9607632,0.9893319,0.9596408,0.97241837,0.9751453,0.945674
aftermovie,0.96683675,0.9307918,0.97372264,0.96348023,0.95982844,0.9516608,0.97016317,1.0,0.9840317,0.9564025,0.9736425,0.9471257,0.97484195,0.96365935,0.970395,0.967486,0.97574764,0.95099306,0.9632865,0.9505974,0.9771477,0.9683607,0.9781476,0.9562952,0.9634921,0.62962985,0.9511283,0.9751132,0.97812355,0.9478157,0.96294737,0.9651492,0.9634538,0.93812615,0.94907343,0.9238416,0.9768037,0.96248627,0.9775714,0.9601819,0.9712886,0.9759678,0.9578837,0.97586066,0.9623599,0.9585466,0.9776072,0.95932883,0.94248044,0.9757121,0.9721184,0.9721656,0.9589174,0.93890214,0.9765685,0.96096355,0.9632778,0.97518116,0.97288734,0.9807911,0.9765343,0.9576236,0.9700493,0.9750566,0.9672226,0.9787503,0.96330017,0.9718802,0.945818,0.9730304,0.98089546,0.37995726,0.95170027,0.9585948,0.9605943,0.94502145,0.8958579,0.976085,0.96921587,0.96707606,0.9598393,0.9750976,0.97233164,0.9431053,0.949158,0.96714926,0.96839607,0.9682918,0.96450907,0.9743611,0.9704479,0.98089546,0.9506688,0.9479704,0.9709536,0.97129697,0.97362137,0.9682739,0.96654075,0.968006,0.94664574,0.9617697,0.9773179,0.9757217,0.9431345,0.9677329,0.97242033,0.9695807,0.96228266,0.9290779,0.9811645,0.78278875,0.9753335,0.8792029,0.9671841,0.9736468,0.97805834,0.95958686,0.9574972,0.97693336,0.9774393,0.97060645,0.9765136,0.9606239,0.97121656,0.9630231,0.9626552,0.9620816,0.9633593,0.90307546,0.9655986,0.96393216,0.9747385,0.932857,0.9788157,0.951069,0.96397835,0.96071255,0.96975696,0.9591303,0.9840317,0.9691314,0.9437194,0.9579556,0.9645937,0.9723634,0.9546328,0.9545111,0.9764487,0.9670779,0.97551584,0.96771663,0.9643329,0.94373316,0.95461273,0.97641724,0.9682886,0.97470784,0.9756309,0.9611012,0.9840317,0.9689451,0.9704935,0.97797644,0.9569791
ahiddenlifefilm,0.9860178,0.9564408,0.98362744,0.9696561,0.977995,0.96235234,0.9893319,0.9840317,0.99999994,0.9769737,0.9809817,0.96457916,0.9839464,0.98275644,0.9834518,0.98102325,0.9850256,0.9770558,0.98458076,0.9635767,0.9875643,0.9860743,0.9878597,0.98065364,0.97971916,0.6107391,0.9694138,0.9878107,0.99027157,0.9611703,0.9812105,0.986808,0.9725424,0.954904,0.9652555,0.9376846,0.98724025,0.9794882,0.9890185,0.97340125,0.97904104,0.99283844,0.9717396,0.98986876,0.9825371,0.98007905,0.98672026,0.97953135,0.9630049,0.99107677,0.9878444,0.9886902,0.97784185,0.9492768,0.97172713,0.9815429,0.973611,0.9908536,0.9852683,0.9877639,0.9784456,0.9760907,0.9845414,0.9834074,0.9823968,0.98214513,0.984099,0.98258996,0.97342956,0.98558486,0.99153775,0.35238314,0.9720879,0.9818352,0.97459215,0.9709353,0.8870793,0.9842196,0.9783299,0.973924,0.97510684,0.98721814,0.98724365,0.9582324,0.9753471,0.981861,0.98179597,0.9819574,0.97827,0.9869476,0.9809832,0.99153775,0.96094644,0.9577425,0.9837974,0.97877604,0.98391867,0.9782034,0.9828527,0.980954,0.9680261,0.97805,0.97855353,0.987153,0.968986,0.98407197,0.99356997,0.974327,0.95983404,0.95344603,0.9899115,0.7430138,0.9854571,0.88643944,0.9745395,0.9812323,0.98969346,0.97127694,0.98520106,0.9858974,0.9824143,0.9841959,0.9847947,0.9683791,0.98690933,0.9760322,0.97696435,0.9718899,0.9789233,0.91769534,0.97889405,0.9739007,0.9861066,0.94604623,0.98318124,0.96100765,0.97942054,0.9763567,0.9879065,0.9814705,0.99999994,0.9875214,0.97069234,0.95835394,0.9688908,0.9883157,0.9624121,0.97300804,0.981907,0.9769863,0.98552567,0.9810306,0.983452,0.95315474,0.9716083,0.9808015,0.98046255,0.97136796,0.98169875,0.9755289,0.99999994,0.980272,0.9760048,0.9867299,0.9666649
alitamovie,0.9631494,0.932569,0.96153164,0.93402773,0.9764075,0.9151562,0.973923,0.9564025,0.9769737,0.9999999,0.9562844,0.95404,0.95598733,0.9672201,0.9654508,0.9601028,0.9609246,0.9742246,0.9627386,0.9421665,0.9579104,0.97007245,0.95783496,0.95732,0.95713454,0.5522217,0.9603722,0.9568364,0.96836257,0.94963163,0.95871955,0.9650958,0.9610098,0.9485621,0.94535226,0.9400572,0.96261644,0.95729244,0.97406334,0.9313373,0.9497451,0.9782188,0.947866,0.97167677,0.9504769,0.96562856,0.9608768,0.96788675,0.94611657,0.9710128,0.9663122,0.95772624,0.95485145,0.92757124,0.9530286,0.95920074,0.9631481,0.9745607,0.960414,0.9696585,0.9421534,0.9479064,0.9558597,0.9559646,0.9605424,0.95618886,0.96776783,0.94972485,0.95355654,0.96072614,0.9683431,0.35092953,0.95590293,0.9547635,0.9660273,0.934483,0.8940958,0.94929594,0.95804137,0.9447253,0.9611342,0.97126234,0.9646375,0.93682677,0.95074606,0.96458673,0.9653949,0.95925325,0.9615886,0.9708255,0.9619917,0.9683431,0.94357044,0.9396731,0.9539611,0.9545268,0.95709485,0.959865,0.97343117,0.95751053,0.95504516,0.95664793,0.9456105,0.96758854,0.97237045,0.9623048,0.9747667,0.96188086,0.93327624,0.9209928,0.9657568,0.7446848,0.9614522,0.88555276,0.9379097,0.9502084,0.9700025,0.9526142,0.9707461,0.97017473,0.96325535,0.96633655,0.96420264,0.94684106,0.95758665,0.9525934,0.9603808,0.9593494,0.9651966,0.93170077,0.9707229,0.96677107,0.9670806,0.9068758,0.9724096,0.9443918,0.9553077,0.94306874,0.9605328,0.9554508,0.9769737,0.96786815,0.96096176,0.94028795,0.94528544,0.95746934,0.96139735,0.9533343,0.9689313,0.95395046,0.9619272,0.96436065,0.9674993,0.9451962,0.9520178,0.95001644,0.9583592,0.939295,0.95885265,0.94676113,0.9769737,0.9611137,0.9647402,0.96557623,0.9264509
angelhasfallen,0.96837366,0.93594867,0.9727589,0.9539241,0.95913696,0.942114,0.9766792,0.9736425,0.9809817,0.9562844,1.0000001,0.9574579,0.9607166,0.9609803,0.9717343,0.96693116,0.96265644,0.9580371,0.96506286,0.9460165,0.96547127,0.9664344,0.9747764,0.95391655,0.9502971,0.6021191,0.95268553,0.9678863,0.97839534,0.93433875,0.97247493,0.9674129,0.96038663,0.94873244,0.9364887,0.92425257,0.9798118,0.95815307,0.9721483,0.9542261,0.9592563,0.9776949,0.9693781,0.96919894,0.9592811,0.96685684,0.97464067,0.9672832,0.93632704,0.97100085,0.9746668,0.96842915,0.97093385,0.9391908,0.9514379,0.9682283,0.95157766,0.98038745,0.9720999,0.97087157,0.9678868,0.9526706,0.9699458,0.9701144,0.96385086,0.97436184,0.96640486,0.9627163,0.9641844,0.9683565,0.97298586,0.3508115,0.9535864,0.95154834,0.95783156,0.9577947,0.85990155,0.9699869,0.9539584,0.9583548,0.9808358,0.974563,0.9729643,0.92458034,0.95289737,0.9736062,0.9695576,0.9607006,0.9704572,0.9674104,0.954644,0.97298586,0.94430757,0.9552258,0.97339624,0.981452,0.97399783,0.9547461,0.9690035,0.9654165,0.9629457,0.95570785,0.97117853,0.96720344,0.9472993,0.9672987,0.9718121,0.9630932,0.9486372,0.9168798,0.97252315,0.7606291,0.9694321,0.8629781,0.95851755,0.97570854,0.9734212,0.9503386,0.9752727,0.9771478,0.9644758,0.9700381,0.97158223,0.93777114,0.96844435,0.97290474,0.95406276,0.96445453,0.9708422,0.936125,0.954287,0.96077603,0.9641914,0.9198848,0.9647396,0.9362249,0.96323705,0.957327,0.96702075,0.9654921,0.9809817,0.9639063,0.96087027,0.94527996,0.9595132,0.97143936,0.95540893,0.94291514,0.97099143,0.9601165,0.96899647,0.97928375,0.9621261,0.9320061,0.96704274,0.9666924,0.96944547,0.9582519,0.9752219,0.96083987,0.9809817,0.94996405,0.9652581,0.97211796,0.95545936
angrybirdsmovie,0.95152795,0.939894,0.9693917,0.94234943,0.95742524,0.9193646,0.9658746,0.9471257,0.96457916,0.95404,0.9574579,0.9999999,0.93745923,0.94709164,0.9578334,0.9582631,0.9338334,0.95474786,0.9515366,0.94411767,0.94340307,0.9713453,0.9329483,0.95156074,0.9490721,0.62103856,0.93990743,0.94693184,0.9579548,0.942192,0.9480484,0.9554709,0.9231794,0.96786773,0.9253877,0.927401,0.9606644,0.93742526,0.95082164,0.9420272,0.93537223,0.97072273,0.9621171,0.9634833,0.94469315,0.9714522,0.9350399,0.96335065,0.91639906,0.9670576,0.96634626,0.95421165,0.958872,0.93335384,0.9304233,0.95133096,0.9496242,0.95262545,0.9552801,0.9530007,0.93596154,0.9400899,0.9496602,0.94367313,0.93952876,0.94747835,0.95794404,0.9508804,0.950209,0.9564989,0.96084845,0.42446974,0.93996245,0.9487148,0.94501126,0.94296706,0.8590285,0.9358369,0.9398698,0.94432706,0.96424574,0.96001923,0.948155,0.9179475,0.9624108,0.95007557,0.9409103,0.940144,0.9395441,0.96222085,0.9581664,0.96084845,0.90740186,0.93764395,0.96852636,0.94488686,0.95593387,0.94329596,0.9604236,0.9519797,0.95550853,0.9385133,0.93308794,0.9648503,0.9309439,0.96701473,0.95153946,0.93992996,0.94528794,0.9352045,0.95784926,0.7255873,0.9467758,0.86561596,0.92366546,0.94726306,0.95591503,0.9200033,0.95498794,0.96227133,0.93383515,0.93440914,0.9547159,0.9234345,0.95437694,0.94859535,0.93243647,0.9387075,0.9663893,0.91865706,0.9426638,0.96039706,0.93118954,0.90277386,0.9483372,0.93731004,0.96624047,0.93758947,0.96437865,0.9491081,0.96457916,0.95687765,0.9540241,0.9261998,0.923653,0.95224947,0.9492278,0.927927,0.9466334,0.93815446,0.9473473,0.9646145,0.95584816,0.9221781,0.9363102,0.9487869,0.9290326,0.9428283,0.95786375,0.91934764,0.96457916,0.93805397,0.93369627,0.93617564,0.94092405
annabellemovie,0.96637595,0.9259196,0.96873343,0.94885325,0.9555384,0.95245874,0.96306413,0.97484195,0.9839464,0.95598733,0.9607166,0.93745923,0.99999994,0.9571548,0.95926815,0.968854,0.97387797,0.9588259,0.96164864,0.94102216,0.97916293,0.96189207,0.97634435,0.9632211,0.9633054,0.6174514,0.9516479,0.9703884,0.9741762,0.9485061,0.9559741,0.97147834,0.95535356,0.9362093,0.9510215,0.92324364,0.97226167,0.9753848,0.9746367,0.93826234,0.9680022,0.9724815,0.94724834,0.9707669,0.97442096,0.9487201,0.9723234,0.96279854,0.94024,0.9692588,0.9694605,0.9691828,0.96450377,0.92660743,0.97059965,0.95468074,0.95810187,0.974917,0.96734744,0.97483176,0.9672643,0.9541469,0.98263127,0.9705691,0.9619169,0.96599823,0.9644881,0.95693564,0.9409666,0.9703858,0.9769544,0.38693893,0.95803964,0.95945877,0.96119004,0.94534636,0.89131314,0.9681054,0.9632575,0.95864075,0.9458261,0.9668131,0.98290825,0.94526255,0.95459867,0.9584355,0.97095275,0.9908305,0.96493846,0.96617275,0.95776546,0.9769544,0.9546503,0.9229819,0.96585596,0.9564277,0.9646958,0.97099745,0.96063834,0.96935093,0.93249005,0.9650367,0.96473384,0.96888393,0.9434589,0.96548593,0.98102784,0.95777583,0.9528872,0.91941744,0.9803656,0.7497832,0.9746755,0.85996944,0.96230304,0.9594717,0.9714607,0.959378,0.9617028,0.965206,0.9728268,0.97281474,0.97367764,0.9584899,0.96201795,0.9556593,0.9800525,0.95829386,0.96395075,0.89538544,0.96141684,0.9492077,0.97495294,0.93561786,0.9715721,0.95194507,0.97321486,0.96668255,0.97136176,0.95773965,0.9839464,0.97065324,0.9434693,0.94144344,0.96493757,0.975658,0.9421992,0.9661294,0.9633606,0.9640202,0.96252215,0.9631905,0.9631655,0.92848736,0.9676425,0.963941,0.966263,0.9724263,0.96092534,0.9653169,0.9839464,0.97635865,0.9606705,0.97166026,0.95614725
annamovie,0.9704205,0.9416852,0.9635854,0.9563684,0.95783,0.94864047,0.97573483,0.96365935,0.98275644,0.9672201,0.9609803,0.94709164,0.9571548,0.9999999,0.9739682,0.9617245,0.97288215,0.9655486,0.9687168,0.96266264,0.9714176,0.967512,0.9735146,0.96747935,0.9712291,0.6012303,0.959031,0.97481704,0.96070075,0.94623554,0.98102,0.9691783,0.9536358,0.9311809,0.9477444,0.92258793,0.97257584,0.9623437,0.9805338,0.9634674,0.95309675,0.9746425,0.9539178,0.96970534,0.9739622,0.96569616,0.9744812,0.95680785,0.9742984,0.97324973,0.96969616,0.9728592,0.96377796,0.92858374,0.9462156,0.96882397,0.9713381,0.9698415,0.97238785,0.97787696,0.9673885,0.9632672,0.9681935,0.9810487,0.96788037,0.97282135,0.96399045,0.9771574,0.96090436,0.96714306,0.9798315,0.31980935,0.96067196,0.9787836,0.9570174,0.9623059,0.8495763,0.97195524,0.96632105,0.9627717,0.95823747,0.9748905,0.9697275,0.94878405,0.96258944,0.97446674,0.9549726,0.9578621,0.96393585,0.9791597,0.9736303,0.9798315,0.9388233,0.9441778,0.9692657,0.970471,0.9665178,0.9724228,0.96572465,0.97605026,0.96691734,0.97234917,0.95782274,0.96809655,0.9718731,0.9662437,0.971871,0.9638109,0.94034266,0.9552422,0.9672416,0.702626,0.96643335,0.87444687,0.9532709,0.97045684,0.9753394,0.9513387,0.9679015,0.9694746,0.9781337,0.9651482,0.9574001,0.9649329,0.9828384,0.9642963,0.95447946,0.95255035,0.9516679,0.9100515,0.96567637,0.95692617,0.9724544,0.9384228,0.97015494,0.95422906,0.9586576,0.95322317,0.9836491,0.9798953,0.98275644,0.9637499,0.97389543,0.95729387,0.94848806,0.9755262,0.95518225,0.93912005,0.9632969,0.96283245,0.98286027,0.9639627,0.97301555,0.96031487,0.9514652,0.96589637,0.96160674,0.95657146,0.96294206,0.9570294,0.98275644,0.9650019,0.9566797,0.97564715,0.9566282
apollo11movie,0.972759,0.95736116,0.9702526,0.947432,0.96056134,0.9452445,0.9754688,0.970395,0.9834518,0.9654508,0.9717343,0.9578334,0.95926815,0.9739682,1.0000001,0.97322786,0.9619595,0.9641548,0.9786595,0.96706283,0.9705514,0.9688952,0.97942585,0.96388686,0.9570881,0.5912973,0.96350586,0.9759724,0.9696239,0.95548815,0.9771403,0.9647238,0.9657058,0.947628,0.9378292,0.91618276,0.98413426,0.9717328,0.96936166,0.96345925,0.96091783,0.97931445,0.97600263,0.97518796,0.9551057,0.9736266,0.9785369,0.95540047,0.9629629,0.97700524,0.97155976,0.97463024,0.95735985,0.9309983,0.9441045,0.9715903,0.9703033,0.97092783,0.9818041,0.9758373,0.9629315,0.9675876,0.95803493,0.96685654,0.95842475,0.96478057,0.9657854,0.97410196,0.9608023,0.9567099,0.9804611,0.3545848,0.96126825,0.97224754,0.9618326,0.9564614,0.86706793,0.96860385,0.96973264,0.9467348,0.9554849,0.9771963,0.96612453,0.9409108,0.963821,0.96895003,0.9569428,0.9575271,0.96614563,0.9775718,0.97193646,0.9804611,0.9478083,0.9569271,0.9740607,0.9802196,0.9574194,0.9582212,0.969819,0.9747885,0.970109,0.966401,0.9674507,0.9776016,0.9673556,0.9644746,0.9745683,0.96084785,0.95144695,0.95004934,0.97808987,0.7240837,0.95102483,0.887909,0.9506485,0.9583482,0.97581756,0.96202815,0.9741561,0.97197056,0.96172553,0.95690846,0.9627461,0.9568513,0.9734642,0.9787641,0.9494875,0.9544368,0.954496,0.9268506,0.97058755,0.9646635,0.96242523,0.91927904,0.9598716,0.9588334,0.96744823,0.957205,0.98087484,0.9725505,0.9834518,0.96663433,0.9648651,0.9284686,0.95384663,0.9846688,0.9584981,0.9401501,0.9706941,0.9681955,0.9663404,0.97079134,0.9652555,0.9546407,0.96412945,0.97266304,0.96419466,0.95415235,0.9607382,0.9462826,0.9834518,0.95817566,0.96852833,0.976455,0.9557346
arcticdogsmovie,0.97221196,0.95847106,0.9628072,0.9420543,0.9599814,0.9413526,0.9655565,0.967486,0.98102325,0.9601028,0.96693116,0.9582631,0.968854,0.9617245,0.97322786,1.0,0.96390224,0.96347517,0.9693221,0.9563782,0.9741112,0.96188706,0.9669247,0.9777405,0.95684385,0.59632075,0.94021326,0.9601666,0.9694461,0.9465823,0.95273113,0.96699375,0.9557549,0.9433703,0.93980837,0.91989726,0.98408973,0.9678217,0.9743179,0.96036637,0.9648133,0.97553694,0.95794797,0.9766798,0.95958585,0.9548577,0.96602106,0.95563155,0.95304644,0.97110975,0.97152203,0.9750411,0.9501019,0.92004406,0.9533222,0.97181195,0.9582933,0.97053176,0.9665858,0.97115755,0.96381336,0.9629278,0.9617078,0.9694561,0.95268905,0.9684253,0.9658377,0.97044843,0.94610006,0.9573996,0.9799694,0.3438974,0.95282274,0.9639932,0.9448525,0.9495899,0.88213605,0.9602442,0.9588279,0.94335365,0.9487694,0.9756439,0.96365035,0.9369258,0.9469382,0.96161216,0.9604313,0.9639113,0.9553826,0.9608249,0.966339,0.9799694,0.9181124,0.94930243,0.97638726,0.96142596,0.9547591,0.9533018,0.9611707,0.9629695,0.95686674,0.96627,0.95943445,0.97363865,0.9402486,0.9658895,0.97531813,0.9619797,0.97314113,0.9377133,0.9681961,0.7364512,0.9599997,0.8680778,0.9463503,0.9652516,0.9751249,0.9344812,0.9660662,0.97037786,0.95489067,0.95344317,0.9724467,0.9499728,0.9591687,0.97173965,0.96486896,0.94004536,0.9661466,0.9078753,0.9693462,0.96334225,0.95938224,0.9442515,0.9608328,0.95746243,0.98638326,0.9445506,0.9704943,0.9692873,0.98102325,0.95772684,0.95536506,0.9332925,0.95288265,0.9795911,0.952964,0.9470206,0.9627216,0.9631575,0.9634519,0.9625135,0.94895476,0.9367048,0.96277356,0.9681484,0.95455533,0.95971173,0.9646851,0.951348,0.98102325,0.9675211,0.96564823,0.95813656,0.95395374
arcticmovie,0.97108513,0.93047845,0.9689591,0.9471449,0.9649269,0.9449269,0.9721475,0.97574764,0.9850256,0.9609246,0.96265644,0.9338334,0.97387797,0.97288215,0.9619595,0.96390224,1.0000001,0.9698478,0.96706414,0.9430605,0.98041743,0.958671,0.9841541,0.9679816,0.9708472,0.6018248,0.94713056,0.9800411,0.97284144,0.9460382,0.9713915,0.9718575,0.9746256,0.93172336,0.95390165,0.933503,0.96824396,0.95903015,0.98412687,0.95718664,0.9564467,0.9701482,0.94763136,0.96854603,0.980816,0.95108706,0.98049015,0.95596033,0.9569164,0.96675766,0.9673367,0.9715552,0.9586582,0.9296744,0.96435773,0.96863294,0.9504573,0.9744477,0.9736877,0.97415555,0.96641326,0.96503025,0.97679174,0.97347033,0.9800166,0.9685005,0.95965564,0.9698328,0.9578285,0.97097147,0.97711223,0.33609685,0.95601016,0.9670642,0.96089447,0.95495135,0.88220847,0.9710056,0.96916556,0.96220607,0.9545177,0.9658466,0.97854567,0.951473,0.9494343,0.9758954,0.97277427,0.9766335,0.9560275,0.9728504,0.9573614,0.97711223,0.9436463,0.93948305,0.95610726,0.96575266,0.9707053,0.9626523,0.9766373,0.96335167,0.94141364,0.9695072,0.9690121,0.96659946,0.95347875,0.9626758,0.978696,0.9704339,0.9423236,0.92793095,0.96979654,0.7387469,0.9731356,0.88742,0.9605543,0.9662424,0.97401726,0.950004,0.96574545,0.9691818,0.9723841,0.9798693,0.9777194,0.9552158,0.972763,0.9613077,0.96992224,0.95381784,0.961957,0.89560723,0.9747258,0.95055646,0.9888231,0.94819975,0.9759645,0.9445151,0.9564078,0.9598627,0.9688182,0.96071553,0.9850256,0.9725665,0.9541229,0.95832336,0.95304275,0.97070193,0.9571268,0.97192866,0.96927905,0.95792764,0.9723637,0.96075356,0.96406096,0.9353831,0.9590829,0.96192235,0.97457004,0.9539098,0.9605229,0.95959365,0.9850256,0.9735566,0.9782259,0.9773155,0.94261503
artofracingmovie,0.97350997,0.92478335,0.96440995,0.9189691,0.9776142,0.91093874,0.9721285,0.95099306,0.9770558,0.9742246,0.9580371,0.95474786,0.9588259,0.9655486,0.9641548,0.96347517,0.9698478,1.0000002,0.9736184,0.9613688,0.9653801,0.95965123,0.9606369,0.97141457,0.95515907,0.5575442,0.95620036,0.96115726,0.9654117,0.9678707,0.9705974,0.9751528,0.9562252,0.9548408,0.9635169,0.9597446,0.96259266,0.9632496,0.97286224,0.9435956,0.9466584,0.9697039,0.9399656,0.95675486,0.9662016,0.963556,0.9584718,0.9638201,0.9415121,0.95978993,0.9625106,0.9558033,0.9482785,0.90024483,0.93661124,0.97789896,0.9538116,0.96964157,0.95980906,0.96473736,0.9527966,0.94196683,0.96019673,0.9532408,0.96892184,0.95839167,0.9699055,0.95152086,0.96385974,0.9563852,0.9712787,0.36061126,0.9518237,0.9524411,0.96190006,0.954692,0.8753456,0.9446448,0.950168,0.93839437,0.95388526,0.9575731,0.9699993,0.9499393,0.94865084,0.96852654,0.9729155,0.9629464,0.9522282,0.9656524,0.9624793,0.9712787,0.92947197,0.9352355,0.9545239,0.9484548,0.95861566,0.95558935,0.9719784,0.95354563,0.9630932,0.95377207,0.9367324,0.96479726,0.95768195,0.95529354,0.978245,0.96372545,0.92199373,0.92102534,0.95641506,0.72227174,0.9630321,0.9126899,0.93404955,0.96049917,0.97404635,0.93821925,0.97492045,0.9623933,0.95950806,0.97288245,0.97406346,0.93337744,0.96540266,0.9603406,0.9634458,0.94613826,0.9674412,0.90982205,0.96602213,0.96938205,0.96487904,0.91706467,0.96204835,0.9563144,0.9608308,0.95130616,0.9659077,0.97135603,0.9770558,0.96898633,0.96334034,0.9427518,0.93809956,0.9571263,0.95884603,0.96980286,0.95967984,0.954986,0.95848554,0.9569617,0.9563153,0.9359148,0.9602585,0.94966066,0.9468188,0.9334017,0.95148814,0.94887745,0.9770558,0.9704529,0.9673295,0.95980257,0.9281695
avengers,0.9889875,0.94835764,0.95938903,0.95035845,0.9701705,0.94354284,0.97643995,0.9632865,0.98458076,0.9627386,0.96506286,0.9515366,0.96164864,0.9687168,0.9786595,0.9693221,0.96706414,0.9736184,1.0,0.9604478,0.98057145,0.9667552,0.97713834,0.9680997,0.95836127,0.5415069,0.95689166,0.9707843,0.97445416,0.9608059,0.9712808,0.9811002,0.9567357,0.9491224,0.94660187,0.9231382,0.9779764,0.9644207,0.96835446,0.97462565,0.9788662,0.981257,0.9659655,0.9766517,0.96346664,0.9743257,0.97509885,0.95298284,0.965605,0.9765644,0.96801794,0.9858882,0.9552782,0.91913867,0.94591475,0.9806363,0.9521642,0.9771562,0.97068167,0.97547084,0.9679821,0.97473353,0.96604013,0.96968716,0.97625095,0.97585285,0.9735479,0.9806956,0.9682251,0.9718002,0.9834485,0.326093,0.97163343,0.96221536,0.9589321,0.96624553,0.8698396,0.9597083,0.9599534,0.95170736,0.94931096,0.967109,0.9746117,0.939291,0.96318454,0.9710745,0.9692638,0.9608031,0.968583,0.9684574,0.9802255,0.9834485,0.9290982,0.9530813,0.96652395,0.96695024,0.9571786,0.96231514,0.9665198,0.969885,0.9732333,0.96955186,0.96130353,0.9791894,0.9486602,0.9635306,0.9805721,0.96242017,0.93319845,0.9482304,0.96804315,0.68510276,0.9610421,0.882132,0.94908506,0.9664986,0.97885334,0.95754915,0.96911865,0.96953297,0.9653625,0.96302307,0.9684523,0.96549785,0.9740159,0.97628754,0.9574635,0.94383717,0.96169585,0.9148213,0.9718032,0.9698747,0.9650234,0.92862225,0.96459126,0.9631975,0.9634083,0.96690667,0.98239946,0.9738831,0.98458076,0.9688815,0.9757596,0.9426468,0.96483856,0.9799772,0.9500786,0.9633965,0.97245646,0.9659545,0.9716842,0.96761966,0.96646225,0.9428502,0.9593026,0.97403157,0.9537117,0.9555377,0.9635251,0.95293105,0.98458076,0.9609239,0.96710414,0.9758852,0.9368925
beachbummovie,0.95330906,0.9185297,0.94986343,0.9180601,0.942609,0.906807,0.9567353,0.9505974,0.9635767,0.9421665,0.9460165,0.94411767,0.94102216,0.96266264,0.96706283,0.9563782,0.9430605,0.9613688,0.9604478,0.99999994,0.9563302,0.9478162,0.949828,0.96565646,0.94253284,0.5654349,0.9468083,0.9575035,0.93950635,0.94954455,0.9613984,0.96557695,0.93165255,0.939301,0.9341806,0.9280979,0.96128845,0.94217265,0.95135975,0.94835037,0.9449687,0.9597191,0.93655556,0.94626695,0.9491866,0.9492188,0.94605136,0.94953066,0.9328812,0.9531509,0.9349314,0.9578677,0.94089854,0.8857711,0.9146649,0.95604575,0.9537406,0.9504487,0.9472973,0.95680666,0.95815295,0.9297604,0.94454396,0.95120674,0.9565669,0.9495779,0.95224655,0.95971155,0.94943774,0.9380317,0.9658469,0.38347965,0.9253856,0.9450115,0.9323957,0.9528157,0.8321333,0.94810253,0.94747394,0.92845446,0.93439955,0.94585794,0.9509199,0.9374591,0.9326256,0.9659075,0.93561625,0.9418864,0.9499313,0.9574331,0.9617255,0.9658469,0.92284423,0.93917847,0.9494664,0.95325905,0.9509178,0.9653809,0.9403112,0.94817513,0.9510179,0.94120634,0.9279336,0.9481521,0.9348249,0.9296885,0.95757514,0.9626806,0.91849214,0.9358087,0.94861436,0.7214524,0.9476787,0.89466095,0.92762333,0.9534324,0.9561514,0.93532735,0.9501338,0.95357054,0.95219314,0.9388045,0.9552215,0.92571527,0.96086985,0.94739425,0.9378158,0.9210623,0.9480033,0.8881305,0.943282,0.9562548,0.93978727,0.91124165,0.9444689,0.9493902,0.94783825,0.95054424,0.9666664,0.9602712,0.9635767,0.9416687,0.9407142,0.94742113,0.9347003,0.961163,0.94975156,0.92587173,0.957121,0.943867,0.9532287,0.943313,0.93533653,0.9402986,0.9391292,0.9538718,0.9322019,0.9409666,0.95242417,0.94111377,0.9635767,0.9501625,0.9474752,0.95170414,0.9160104
bernadettefilm,0.98537546,0.9496336,0.97279215,0.95531386,0.9655987,0.9569432,0.9747015,0.9771477,0.9875643,0.9579104,0.96547127,0.94340307,0.97916293,0.9714176,0.9705514,0.9741112,0.98041743,0.9653801,0.98057145,0.9563302,0.9999998,0.96916026,0.98316115,0.96991765,0.97301894,0.5924924,0.94337404,0.97232085,0.9780141,0.95314527,0.96812475,0.97059524,0.9645026,0.93520087,0.94194627,0.92383766,0.9731238,0.97396183,0.98053074,0.9758155,0.97728276,0.9761007,0.9602539,0.97690105,0.9770481,0.9592094,0.9795729,0.95932925,0.96592647,0.97231853,0.9733556,0.9839564,0.95360905,0.9261283,0.9709,0.9696323,0.9548345,0.97432214,0.97732836,0.9735474,0.9719259,0.9705852,0.9739871,0.97746944,0.9709714,0.97544295,0.9674401,0.9761408,0.95911723,0.9708359,0.9836213,0.33892384,0.9651374,0.9708471,0.95534015,0.9625455,0.8793393,0.9736458,0.9708124,0.96336913,0.9436577,0.96889585,0.9860509,0.9354171,0.9649681,0.96779865,0.9748021,0.9753629,0.95446414,0.97173,0.9742935,0.9836213,0.9327976,0.9511278,0.9636867,0.96384406,0.9636442,0.96284693,0.9700225,0.9742915,0.9501624,0.9743158,0.9693685,0.97969013,0.9569544,0.97042876,0.98193693,0.9612993,0.9498686,0.9524994,0.96983504,0.731201,0.96793795,0.8761006,0.96645933,0.97448206,0.9855151,0.95021325,0.96060705,0.9769226,0.9763565,0.9673821,0.97430813,0.9674159,0.97518045,0.97023517,0.9751884,0.9491442,0.9663703,0.8978012,0.9823279,0.96560943,0.97229344,0.9443522,0.96729404,0.9581734,0.97348166,0.96667445,0.97894233,0.9719341,0.9875643,0.97316474,0.95675814,0.9444446,0.95613164,0.9782025,0.94464016,0.9586122,0.9703537,0.9727968,0.9769668,0.96019477,0.9717583,0.93101835,0.95722735,0.97136265,0.9635208,0.9700601,0.96577406,0.9549441,0.9875643,0.97632295,0.9709473,0.9747345,0.95051086
