movie,21bridgesmovie,47metersdown,abeautifuldaymovie,abominablemovie,adastramovie,adogsjourneymovie,aftermathmovie,aftermovie,ahiddenlifefilm,alitamovie,angelhasfallen,angrybirdsmovie,annabellemovie,annamovie,apollo11movie,arcticdogsmovie,arcticmovie,artofracingmovie,avengers,beachbummovie,bernadettefilm,blackandbluemovie,blackchristmas,blindedbythelightmovie,bombshellmovie,booksmart,breakthroughmovie,brianbanksmovie,brightburnmovie,brittanyrunsmov,captainmarvelofficial,captivestatemovie,catsmovie,charliesangels,childsplaymovie,clarathefilm,coldpursuitmovie,countdown,currentwarmovie,darkwatersmovie,detectivepikachumovie,disneyaladdin,disneyfrozen,disneymaleficent,doctorsleepmovie,dolemiteismyname,dontletgomovie,doramovie,downtonabbey_official,dumbo,escaperoom,everybodyknowsmovie,fastandfuriousmovie,fightingwmyfam,fivefeetapartfilm,fordvferrari,freaksthefilm,geminimanmovie,glassmovie,gloriabellmovie,godzillamovie,goldfinchmovie,goodboysmovie,goodliarmovie,gretafilm,halathemovie,happydeathdaymovie,harrietfilm,hellboymovie,hersmellmovie,highlifemovie,highstrungmovie,honeyboymovie,hotelmumbaifilm,httydragon,hustlemovie,hustlersmovie,isntitromantic,itmovieofficial,jayandsilentbob,johnwickmovie,jojorabbitmovie,jokermovie,judythefilm,jumanjimovie,justmercyfilm,knivesout,lalloronamovie,lastblackmansf,lastchristmasthemovie,latenightmovie,lighthousemovie,lionking,littlethemovie,littlewomenmovie,littlewoodsfilm,longshotmovie,lordsofchaosmovie,lucyintheskyfilm,mamovie2019,marriagestory,meettheaddams,meninblack,midsommarmovie,midwaymovie,missbalamovie,missinglinkfilm,motherlessbklyn,onceinhollywood,onthebasisofsex,overcomermovie,peanutbutterfalcon,petsematarymovie,piercingmovie,playingwithfire,playmobilthemovie,pomsmovie,queenandslim,rambomovie,readyornotfilm,richardjewellfilm,rocketmanmovie,scarystoriesmovie,secretlifeofpets,serenityfilm,shaftmovie,shazammovie,spidermanmovie,spiesindisguise,starwars,stormboymovie,stubermovie,taosdfilm,teenspiritmov,terminator,theaeronautsmov,thebestofenemies,thedeaddontdie,thefarewell,thehighwaymen,thehummingbirdprojectfilm,theintrudermovie,theirishmanfilm,thekitchenmovie,thelegomovie,themustangfilm,thenightingalefilm,theprodigymovie,thesunisalsoastar,theupsidefilm,tolkienmovie,toystory,triplefrontier,uglydolls,uncutgems,underthesilverlake,usmovie,wavesmovie,whatmenwant,wonderparkmovie,wrinklestheclown,xmenmovies,yardiefilm,yesterdaymovie,zombieland
21bridgesmovie,1.0,0.9644084,0.97088087,0.9581499,0.9874017,0.9591491,0.98410785,0.9831344,0.9912034,0.9763231,0.97729754,0.96113497,0.98258364,0.97274965,0.976782,0.978729,0.97129667,0.98040545,0.9935619,0.95514935,0.9671737,0.97280836,0.98616385,0.98366714,0.9670568,0.688591,0.9515876,0.9728012,0.9799286,0.96885115,0.9871605,0.96471566,0.9660105,0.97124517,0.9464778,0.9269259,0.97410643,0.9818951,0.9709618,0.95450985,0.96741843,0.9829329,0.95193815,0.97511905,0.974028,0.9849218,0.98567986,0.977509,0.9661703,0.9741948,0.9795739,0.9787949,0.98298424,0.95687926,0.9812336,0.98165226,0.95990855,0.98102653,0.9806762,0.97366405,0.98215216,0.96890235,0.9589079,0.9835171,0.95783496,0.97295046,0.9450116,0.9629178,0.9392398,0.9688377,0.9781287,0.87010324,0.95509255,0.97633916,0.9571107,0.94676405,0.8645007,0.9760024,0.9837938,0.9683957,0.9698033,0.9738637,0.98586184,0.9744629,0.9617525,0.9646081,0.9493201,0.9828441,0.9767115,0.97538006,0.9503677,0.9781287,0.9674645,0.9704047,0.96407926,0.97787356,0.96946186,0.97443455,0.96463567,0.97027725,0.98321706,0.9544501,0.9736508,0.97899383,0.9594377,0.9776378,0.97787696,0.9812894,0.9789661,0.9483582,0.97458625,0.5685518,0.9681462,0.9057939,0.97844684,0.99087805,0.99342054,0.96262634,0.9796626,0.9704231,0.97901547,0.97295105,0.97637475,0.962614,0.967014,0.9852833,0.98902625,0.97090584,0.97583,0.9444229,0.9729497,0.9713615,0.9793492,0.97565496,0.9771187,0.96882266,0.98228276,0.9623301,0.9750736,0.9906874,0.9912034,0.98099905,0.9811158,0.98015535,0.97088754,0.976373,0.9784492,0.95301104,0.9731332,0.9762907,0.972304,0.9672032,0.98141485,0.95488834,0.96780026,0.9804057,0.9793876,0.9709729,0.98065066,0.97771496,0.9912034,0.9754835,0.969463,0.9849195,0.9783088
47metersdown,0.9644084,0.99999994,0.93640894,0.94930553,0.9752006,0.92631763,0.975928,0.96358985,0.9810036,0.95228595,0.9756173,0.9103735,0.9582432,0.98590565,0.97686195,0.98858327,0.9702182,0.9783176,0.95362455,0.97037935,0.9712435,0.9474815,0.9534349,0.9829567,0.96191853,0.72292525,0.9608557,0.97245616,0.93586606,0.9457417,0.97596794,0.95708406,0.94453317,0.9735586,0.9183543,0.88617694,0.95916533,0.95830166,0.9615241,0.95571905,0.94275326,0.9703748,0.95492625,0.968825,0.96894544,0.95205593,0.954851,0.98213786,0.92782354,0.9727438,0.9450421,0.9672163,0.9686796,0.94097894,0.9579131,0.98014086,0.9572846,0.9662281,0.97868663,0.9721749,0.953951,0.9666859,0.9722365,0.9834995,0.96224403,0.9275958,0.9756787,0.95543957,0.9398312,0.9395918,0.9761025,0.8546392,0.9424256,0.9749418,0.94841015,0.96853125,0.8815547,0.9670806,0.9718765,0.97657144,0.9662202,0.9447032,0.97786915,0.968048,0.9417815,0.95404494,0.91780293,0.9607926,0.9608147,0.961633,0.9401687,0.9761025,0.97731346,0.98498785,0.9286131,0.9664282,0.9711395,0.970044,0.96582294,0.9730962,0.9610148,0.941766,0.934843,0.96967113,0.97070116,0.94116575,0.9598288,0.9797163,0.9610367,0.93449014,0.9763059,0.59846807,0.9713365,0.85410863,0.9758018,0.97210294,0.9701979,0.9568552,0.9713628,0.9825787,0.96685874,0.97150344,0.97062373,0.9181653,0.9801766,0.9731151,0.9673676,0.935754,0.9681839,0.9191979,0.9730999,0.9649365,0.98092103,0.96265846,0.97029775,0.9571211,0.96834135,0.95860636,0.9729377,0.9688931,0.9810036,0.95140374,0.95862323,0.9704576,0.9389131,0.96311986,0.97130257,0.9240123,0.97295445,0.9504131,0.9767572,0.9406482,0.97692305,0.9459614,0.96805143,0.9677008,0.96493924,0.96353287,0.98164004,0.978353,0.9810036,0.9627201,0.9560747,0.95448273,0.94046724
abeautifuldaymovie,0.97088087,0.93640894,0.9999998,0.96206766,0.95370483,0.94694585,0.9574961,0.95247024,0.9718472,0.96909904,0.94651246,0.9704168,0.98006415,0.94523036,0.95086455,0.94791,0.959573,0.9595992,0.9604387,0.949325,0.9532958,0.9805985,0.9688591,0.9685935,0.9464204,0.78278255,0.9238817,0.94105923,0.9858675,0.9503925,0.96003634,0.95856005,0.97240394,0.9663387,0.9375555,0.92548096,0.96761835,0.96169597,0.92975116,0.9225415,0.97428155,0.964765,0.958465,0.9594129,0.9574276,0.9735408,0.97707254,0.95973337,0.95095885,0.9568249,0.9867057,0.95857775,0.96729106,0.92193335,0.94551355,0.9451402,0.95594984,0.9582572,0.96644866,0.9653977,0.96913916,0.95532566,0.9441581,0.9626606,0.93514967,0.95962214,0.9200492,0.9212493,0.9090178,0.9467509,0.9689341,0.77354556,0.924921,0.9465195,0.9625151,0.93410724,0.8224297,0.9559463,0.96491826,0.93980277,0.9397171,0.96868515,0.9709583,0.98249716,0.96908385,0.94982857,0.9401891,0.9689564,0.978124,0.9606473,0.94471073,0.9689341,0.9551623,0.9394004,0.9841425,0.94342774,0.9505096,0.950141,0.95678794,0.93793,0.9748441,0.92433465,0.97018373,0.9803782,0.9488951,0.97508013,0.94717777,0.9658115,0.97366667,0.90797615,0.9484822,0.6332394,0.94584674,0.89824396,0.97104514,0.9522812,0.9661693,0.9409642,0.9548801,0.93826586,0.967798,0.9317781,0.932683,0.95034224,0.9425422,0.97380555,0.9678986,0.97508645,0.9347495,0.97775286,0.9445839,0.9492644,0.9612406,0.9598743,0.96323514,0.93977046,0.9615041,0.9445645,0.96349293,0.97513795,0.9718472,0.9767557,0.96282804,0.9547169,0.95198756,0.95791256,0.9554173,0.958569,0.9575859,0.9431371,0.9378756,0.98352885,0.94538087,0.9031054,0.96712524,0.96580994,0.96455956,0.9628044,0.95137024,0.9596603,0.9718472,0.9610282,0.9697278,0.97847766,0.98987323
abominablemovie,0.9581499,0.94930553,0.96206766,0.9999999,0.95014197,0.9377621,0.965559,0.9538164,0.96872824,0.9395038,0.9448521,0.94035214,0.96458435,0.961271,0.96487087,0.9558903,0.9791214,0.9706204,0.9586837,0.9718651,0.94379973,0.9495132,0.94666743,0.9668813,0.94098085,0.77949446,0.9292393,0.9654676,0.95078075,0.95402807,0.96766984,0.9518589,0.96763813,0.9371916,0.9139962,0.88827926,0.95583105,0.9652741,0.9477038,0.919033,0.97262263,0.96548533,0.9398249,0.95905703,0.96815574,0.9681969,0.949263,0.9717292,0.93546945,0.9501204,0.9547324,0.9479366,0.93762,0.9275701,0.9500833,0.93899,0.9559765,0.9613494,0.96887547,0.9650773,0.96755135,0.9491504,0.96465206,0.97105855,0.9287009,0.9232217,0.9379379,0.92223483,0.92178124,0.94077426,0.9727331,0.7652049,0.9189278,0.96224236,0.95174366,0.9372993,0.82646734,0.9476072,0.9592701,0.95236176,0.93684447,0.95670724,0.96389014,0.96186644,0.94387084,0.9631711,0.93966436,0.94178957,0.9619909,0.95536774,0.9361495,0.9727331,0.9577913,0.95963097,0.9400953,0.962611,0.95912063,0.949508,0.94083345,0.93163764,0.96640563,0.93413466,0.95002824,0.9702626,0.94202924,0.9499951,0.9477323,0.9645703,0.96107495,0.89275676,0.96638095,0.52618915,0.9489433,0.8316963,0.9752948,0.9536666,0.9529243,0.9300488,0.9527781,0.95849514,0.97026104,0.9325968,0.94129705,0.9375128,0.93591213,0.9578624,0.9513312,0.9440115,0.96375495,0.9196663,0.9430333,0.93856895,0.9692428,0.9595541,0.9587864,0.95769393,0.9327304,0.94956154,0.96545964,0.9717054,0.96872824,0.9537816,0.95855874,0.9536697,0.9522086,0.9420482,0.9601588,0.9407236,0.965138,0.9185112,0.96096545,0.9407247,0.94018734,0.9093729,0.972206,0.9750404,0.9754656,0.97190166,0.9624253,0.9751798,0.96872824,0.94484395,0.9797395,0.959017,0.95294636
adastramovie,0.9874017,0.9752006,0.95370483,0.95014197,0.9999999,0.9478516,0.9833251,0.98663646,0.99051535,0.976173,0.97048664,0.9467275,0.9747502,0.9828093,0.97539425,0.98600703,0.9696681,0.9876578,0.9837121,0.95864224,0.9668861,0.9631086,0.9773164,0.9808465,0.9746612,0.699584,0.970344,0.9761058,0.96498513,0.9724521,0.9864097,0.97008306,0.95582044,0.97498935,0.94856113,0.92787224,0.9712164,0.97385097,0.9681609,0.96586776,0.9533196,0.98663765,0.9671092,0.97975254,0.97314715,0.97295284,0.976404,0.98282003,0.9518224,0.9849831,0.9691874,0.9807012,0.9746468,0.9464039,0.9764342,0.9927756,0.96129113,0.9744906,0.9762448,0.9803747,0.9701606,0.9722325,0.96238256,0.98272955,0.96684444,0.9624891,0.97312933,0.96777385,0.9410298,0.95429885,0.98298013,0.8820675,0.9451473,0.98043203,0.94433194,0.96646374,0.86689144,0.9772533,0.9838096,0.9796921,0.9657359,0.9613601,0.9836996,0.97639906,0.958341,0.97524613,0.9503297,0.98097694,0.9764666,0.9827169,0.959035,0.98298013,0.9751343,0.98206323,0.94844097,0.97598267,0.9708319,0.9778574,0.96497905,0.97969586,0.9753547,0.9572426,0.96517605,0.9739217,0.9678167,0.9673129,0.9687509,0.9792488,0.9726506,0.9521139,0.97883445,0.56502867,0.976318,0.8966678,0.98114794,0.9767991,0.9823209,0.9614871,0.983078,0.9772792,0.9749154,0.97630244,0.97358835,0.94384813,0.98041767,0.9772166,0.987316,0.9603644,0.9776177,0.9370444,0.97075945,0.97912806,0.98090136,0.9597341,0.97753686,0.9746073,0.96914005,0.9684042,0.9869384,0.9848074,0.99051535,0.976316,0.9774766,0.9762667,0.9620733,0.9751062,0.9794051,0.9528777,0.97177994,0.9678328,0.982436,0.9572439,0.9850401,0.9630366,0.9718941,0.9796509,0.97823733,0.9653575,0.9866113,0.9801476,0.99051535,0.9648058,0.9666685,0.969554,0.9638552
adogsjourneymovie,0.9591491,0.92631763,0.94694585,0.9377621,0.9478516,1.0,0.94602215,0.94797695,0.953009,0.9513924,0.91556907,0.9506146,0.9457154,0.91566366,0.9477012,0.94371516,0.9552156,0.94361514,0.94871354,0.93506247,0.9147934,0.92827624,0.9601307,0.9659494,0.90161717,0.7136435,0.8880606,0.95855266,0.9379385,0.9276686,0.9501802,0.93542486,0.9689631,0.9303496,0.9493725,0.90433884,0.90427434,0.95328224,0.94219774,0.8868545,0.94474113,0.9537366,0.9519259,0.96683407,0.92431307,0.9593786,0.9579626,0.9420574,0.9067659,0.95699036,0.9316527,0.94040394,0.93506414,0.9254524,0.9247021,0.9422456,0.90690124,0.92935777,0.9383996,0.93804806,0.9622886,0.9309324,0.92225015,0.94059426,0.94496554,0.9078971,0.90549016,0.9060661,0.8770922,0.9050984,0.94945145,0.79010504,0.9388926,0.9435867,0.94447726,0.9315742,0.8299196,0.9473557,0.94039416,0.95589703,0.89398646,0.939702,0.956349,0.94576,0.9161407,0.9219066,0.916922,0.9274095,0.94177103,0.9393266,0.90541685,0.94945145,0.93067497,0.9428404,0.9000133,0.9418443,0.9031799,0.93416494,0.920862,0.93574506,0.94934183,0.9102525,0.95060223,0.9453501,0.911513,0.9239438,0.92192394,0.9594196,0.9456256,0.89457655,0.9191408,0.5846725,0.9044805,0.8209104,0.9463567,0.9401986,0.9560894,0.9611207,0.9162773,0.93086225,0.9491125,0.9051862,0.9174747,0.98957133,0.92950535,0.9604632,0.96084905,0.936437,0.9347065,0.92211705,0.9237128,0.9411519,0.9476835,0.956651,0.92146635,0.9277013,0.93165463,0.9498412,0.9504044,0.95548546,0.953009,0.9409922,0.95752096,0.9573837,0.9223589,0.9235829,0.9337968,0.9563306,0.94476783,0.9280564,0.9481411,0.9472611,0.94856185,0.8792883,0.95712996,0.93907607,0.95479894,0.9575783,0.93430465,0.9319798,0.953009,0.9457034,0.94414747,0.95496905,0.9523743
aftermathmovie,0.98410785,0.975928,0.9574961,0.965559,0.9833251,0.94602215,1.0000001,0.9909938,0.99449843,0.9762908,0.9789257,0.95764613,0.9786878,0.98366076,0.98069596,0.9924038,0.9723154,0.9869133,0.981351,0.973548,0.9845262,0.964498,0.98644954,0.9865808,0.96747935,0.68838626,0.95465267,0.971798,0.96733695,0.973281,0.9892104,0.97431445,0.96743983,0.9693845,0.9216582,0.9102739,0.97299874,0.9911722,0.9780155,0.96699375,0.9584925,0.97424805,0.9423906,0.9751195,0.98729676,0.9759537,0.9840843,0.98388904,0.97187704,0.97100616,0.9743566,0.9890176,0.9778243,0.9484881,0.98335356,0.9808185,0.97482187,0.979789,0.99182117,0.96398133,0.9759698,0.96743196,0.9765578,0.9868506,0.9740468,0.96929336,0.96086085,0.9803778,0.97315574,0.9669543,0.97441065,0.872089,0.9587429,0.9858242,0.9367521,0.9628631,0.8928499,0.9865514,0.9916,0.9712814,0.97720194,0.98802555,0.9873043,0.9665439,0.96265686,0.9874689,0.9643826,0.97484213,0.9795519,0.9836664,0.9659414,0.97441065,0.9658952,0.9710835,0.95540345,0.9858753,0.983349,0.98947585,0.9823336,0.97770983,0.9813459,0.9607004,0.96021104,0.9683483,0.96225166,0.9750082,0.97782993,0.97726256,0.98298204,0.9678407,0.9790313,0.5933274,0.9805067,0.8931047,0.98430413,0.9878538,0.98387444,0.95602554,0.9846971,0.99432033,0.97750485,0.9777248,0.97161925,0.9526942,0.9761074,0.9704139,0.98183906,0.9650891,0.9745328,0.9176514,0.98134124,0.97235185,0.98144644,0.98282635,0.980396,0.9821203,0.9721227,0.9686373,0.96832216,0.9827709,0.99449843,0.9723943,0.98354065,0.97722673,0.96227187,0.98787117,0.9863761,0.94073194,0.9638876,0.96536714,0.9920625,0.93641716,0.99087733,0.9541378,0.981577,0.9736955,0.9903641,0.96422285,0.9833136,0.9787386,0.99449843,0.9785518,0.9814444,0.9812934,0.9631997
aftermovie,0.9831344,0.96358985,0.95247024,0.9538164,0.98663646,0.94797695,0.9909938,0.99999976,0.9880387,0.9728414,0.97706544,0.95024043,0.97319674,0.9729387,0.9674055,0.98641014,0.9619976,0.9825298,0.9783587,0.9562018,0.96851134,0.9592489,0.9807251,0.9820841,0.9593968,0.6515315,0.96160775,0.9735922,0.96288526,0.9732437,0.97815716,0.96072906,0.9566903,0.961933,0.91854537,0.91769284,0.96865064,0.9784232,0.97898674,0.9582756,0.94781107,0.97827524,0.9455123,0.9745363,0.9747746,0.964432,0.9769013,0.97294515,0.9577378,0.9765656,0.96648365,0.9798807,0.9703335,0.9351726,0.97537947,0.9786033,0.97648406,0.9826695,0.98143756,0.95796233,0.97500515,0.9560276,0.9573935,0.976791,0.96392584,0.970306,0.9509561,0.97003967,0.9636939,0.9514647,0.9657513,0.87032443,0.95220923,0.9857363,0.91538125,0.95220757,0.8685491,0.98205394,0.9837661,0.96246076,0.9737035,0.97842216,0.9789751,0.96713066,0.95132434,0.980062,0.9514264,0.97954416,0.9741921,0.98108315,0.95165104,0.9657513,0.959279,0.97196895,0.94976646,0.97469085,0.9719875,0.98329806,0.9727461,0.9711518,0.97197324,0.9436639,0.95276314,0.95762205,0.96748585,0.9633184,0.96814054,0.96549004,0.98338646,0.9669756,0.9729176,0.5650999,0.97260964,0.8952736,0.9758353,0.9803727,0.97642565,0.93924356,0.98308045,0.98701984,0.96482885,0.97646767,0.95757455,0.947105,0.9746048,0.9673019,0.97844386,0.9621667,0.9675368,0.9105935,0.9662569,0.96268433,0.97584146,0.9728556,0.9800327,0.97207004,0.9603168,0.95004416,0.96444637,0.97490835,0.9880387,0.97270656,0.9799781,0.97800636,0.9574856,0.97832817,0.9792293,0.93053544,0.95457727,0.9565352,0.9858701,0.9331881,0.987463,0.96495956,0.97883075,0.96608883,0.98219925,0.95324314,0.98435694,0.97436386,0.9880387,0.96469826,0.9727306,0.9671807,0.95834637
ahiddenlifefilm,0.9912034,0.9810036,0.9718472,0.96872824,0.99051535,0.953009,0.99449843,0.9880387,0.9999998,0.9823904,0.98205656,0.9645634,0.98674893,0.988292,0.98673576,0.9934676,0.9816478,0.990363,0.98786443,0.9789779,0.9824575,0.979401,0.9882125,0.99223,0.9808783,0.71728444,0.96378094,0.98040074,0.9789393,0.9815196,0.99389243,0.9842416,0.97252405,0.98368424,0.94516295,0.919557,0.98157376,0.9894309,0.9762572,0.9721426,0.9669123,0.9875559,0.95927376,0.9852649,0.99016726,0.986433,0.98801285,0.9919948,0.9692731,0.98315555,0.98446715,0.99107033,0.9888661,0.9594597,0.97986954,0.9871827,0.9762343,0.9847833,0.9916755,0.9829212,0.98275626,0.9806204,0.9807603,0.99235594,0.97735184,0.97322726,0.9706941,0.97596216,0.9573792,0.96962726,0.98896366,0.8643998,0.961814,0.9886864,0.9588676,0.969365,0.88881385,0.9879919,0.99359715,0.9819583,0.9778809,0.98276764,0.99459225,0.98085314,0.9735025,0.98368037,0.961528,0.98339766,0.988178,0.9856199,0.97275245,0.98896366,0.98177433,0.97982436,0.9664035,0.98265237,0.98466945,0.98861235,0.9804967,0.9800806,0.9895331,0.9687836,0.9716626,0.98439366,0.9708464,0.9831459,0.9852163,0.98941225,0.9872433,0.9643464,0.9870865,0.6046917,0.9841635,0.90502214,0.987713,0.98706275,0.9902944,0.96792567,0.98969626,0.9873149,0.98877275,0.98142654,0.97764444,0.9558233,0.98372686,0.98671967,0.9896945,0.9755104,0.98095405,0.9448981,0.9831973,0.9819149,0.98996663,0.9821261,0.98597354,0.9851573,0.98052496,0.9733532,0.9841347,0.9933626,0.9999998,0.9866056,0.98945105,0.9835393,0.96808195,0.9879077,0.9835809,0.96015483,0.98074347,0.9773513,0.98807514,0.9611874,0.9906912,0.95747083,0.9837707,0.9873874,0.9866323,0.975771,0.9877802,0.98471963,0.9999998,0.98561835,0.98219514,0.9866173,0.9794284
alitamovie,0.9763231,0.95228595,0.96909904,0.9395038,0.976173,0.9513924,0.9762908,0.9728414,0.9823904,1.0000002,0.96168804,0.9679256,0.96850723,0.961952,0.9610854,0.969902,0.9544069,0.974938,0.9693749,0.95664525,0.9648015,0.9659992,0.98313713,0.9801068,0.95942634,0.7222262,0.9499315,0.9517536,0.9771708,0.9548507,0.969711,0.9645756,0.9788407,0.97687995,0.9346625,0.9256912,0.9645633,0.9780298,0.9517212,0.94104,0.94780606,0.9734662,0.94958365,0.97106177,0.96763515,0.96905464,0.98169184,0.9747326,0.9658281,0.9741934,0.9817102,0.9765803,0.97035336,0.92483604,0.9681839,0.97832984,0.9515052,0.9646993,0.9700676,0.9637138,0.9589384,0.95695883,0.9530171,0.974554,0.9552871,0.9763963,0.9397104,0.95918536,0.94421685,0.95828533,0.97339094,0.8332593,0.9444277,0.96802574,0.93949145,0.95776093,0.85263073,0.9900653,0.9821901,0.9625891,0.9532916,0.9751683,0.9774549,0.97109103,0.9624702,0.9629169,0.9502257,0.9642849,0.9717508,0.9664894,0.96171343,0.97339094,0.9570754,0.95764345,0.96345603,0.9656206,0.96061456,0.9663259,0.9697094,0.9730073,0.97463137,0.9379511,0.9718437,0.9673596,0.9630983,0.9749242,0.96426004,0.96967185,0.9767389,0.9493544,0.9626629,0.6287619,0.96288604,0.90519196,0.96659285,0.970989,0.97280353,0.9511207,0.9589884,0.96583736,0.9706913,0.954883,0.9602958,0.9546942,0.9612072,0.9710189,0.974563,0.9770516,0.95597106,0.94269735,0.9660843,0.9762907,0.96651965,0.9707832,0.9734237,0.95907396,0.96699333,0.95474154,0.9698193,0.98151547,0.9823904,0.97783154,0.9712383,0.97650206,0.94713324,0.9719119,0.97249055,0.94902426,0.9587223,0.95319194,0.96628505,0.9521046,0.9800451,0.93962246,0.97068316,0.9699937,0.9782217,0.9609702,0.9638805,0.96675706,0.9823904,0.9765473,0.9628429,0.9774123,0.9774881
angelhasfallen,0.97729754,0.9756173,0.94651246,0.9448521,0.97048664,0.91556907,0.9789257,0.97706544,0.98205656,0.96168804,1.0000001,0.92267776,0.95711315,0.97892255,0.97266597,0.9822307,0.9553406,0.9770127,0.9695751,0.95896,0.9679585,0.95377034,0.9589566,0.9807613,0.9624948,0.6649243,0.959496,0.9640599,0.9553542,0.94631034,0.9721351,0.94714355,0.9437777,0.9633185,0.88856727,0.87398386,0.97185206,0.95985895,0.9719741,0.94776714,0.9394188,0.96898556,0.9251303,0.95450115,0.9763396,0.9485959,0.9591301,0.9712776,0.95073897,0.9615739,0.9600885,0.970611,0.9739611,0.9339596,0.97001785,0.971594,0.9648513,0.98842955,0.98113364,0.960585,0.9591603,0.94883126,0.959333,0.9853682,0.9439918,0.96180093,0.9431015,0.9716578,0.96520853,0.96377987,0.9650917,0.85609806,0.93717766,0.9740396,0.9214157,0.9431574,0.8593019,0.9715792,0.97728336,0.95561004,0.99289083,0.9625864,0.97314835,0.9577378,0.93968624,0.9572737,0.9243642,0.96935153,0.9586232,0.9550481,0.9346122,0.9650917,0.9651572,0.9701066,0.95309186,0.9703925,0.9818355,0.968996,0.9684014,0.9630117,0.96267146,0.92687213,0.9428091,0.9615783,0.9679208,0.9548043,0.9799,0.96622115,0.97188467,0.960575,0.9795205,0.5779121,0.9787407,0.8764121,0.9670068,0.9861686,0.97560483,0.9321611,0.9784804,0.97972816,0.96633184,0.9880592,0.9781396,0.91793907,0.96900636,0.96562225,0.9618544,0.95546836,0.96964246,0.9057001,0.97197646,0.95797265,0.97281915,0.9695241,0.9893695,0.9532745,0.9731949,0.9349627,0.95671266,0.9709343,0.98205656,0.9652849,0.95722085,0.97958446,0.95495534,0.9731211,0.9705172,0.90278924,0.96358556,0.9500815,0.96787333,0.93216664,0.98145455,0.9673316,0.9612997,0.97031677,0.9615239,0.95402193,0.98561794,0.98128384,0.98205656,0.97000045,0.95798695,0.9578345,0.9481303
angrybirdsmovie,0.96113497,0.9103735,0.9704168,0.94035214,0.9467275,0.9506146,0.95764613,0.95024043,0.9645634,0.9679256,0.92267776,1.0000002,0.9746422,0.9228684,0.94533765,0.9455769,0.9458791,0.9510507,0.96387154,0.9401678,0.94707364,0.95928323,0.9772256,0.953129,0.93924457,0.74991184,0.90135854,0.93295234,0.97498167,0.9620574,0.96445686,0.969837,0.962348,0.9553074,0.93826073,0.9105138,0.9383001,0.97259414,0.9250825,0.9250101,0.95140105,0.9537708,0.92802846,0.9537653,0.9506986,0.97857696,0.97837234,0.951115,0.9586558,0.94201034,0.97690743,0.9615334,0.96220046,0.9281611,0.947309,0.93719226,0.9351048,0.94420767,0.95300364,0.9422038,0.96980846,0.9440671,0.93494177,0.9471931,0.9442971,0.953415,0.9149027,0.93456125,0.90892905,0.9404524,0.9516466,0.81801236,0.93173355,0.9357282,0.9405401,0.93106806,0.86946183,0.9622036,0.964665,0.9396119,0.9240349,0.97633505,0.9702909,0.9447164,0.9605629,0.9535354,0.9586726,0.95042235,0.9621701,0.9634327,0.9566016,0.9516466,0.9447598,0.91775393,0.95699525,0.9450419,0.93592566,0.95497215,0.9495367,0.9404029,0.96270823,0.9348695,0.96579814,0.95635885,0.90792257,0.9754824,0.95127064,0.959182,0.9637237,0.93281436,0.9320875,0.66019344,0.93305683,0.90100366,0.9605891,0.9450371,0.95471823,0.94361156,0.942969,0.9353617,0.96209997,0.9286102,0.927815,0.9649278,0.935868,0.9564383,0.96823984,0.9720119,0.9352662,0.9466642,0.94110286,0.955836,0.9463589,0.956548,0.9404853,0.95508033,0.9398269,0.9521282,0.94427735,0.96572435,0.9645634,0.9678971,0.968246,0.9537436,0.9537446,0.96138084,0.94496495,0.9640139,0.9456781,0.9530618,0.9451574,0.943782,0.9503838,0.8876641,0.95624405,0.9481701,0.9538969,0.94505006,0.9365657,0.9353198,0.9645634,0.9641266,0.9535032,0.97695136,0.98163915
annabellemovie,0.98258364,0.9582432,0.98006415,0.96458435,0.9747502,0.9457154,0.9786878,0.97319674,0.98674893,0.96850723,0.95711315,0.9746422,0.99999976,0.96512914,0.9718583,0.97131073,0.9699136,0.9752179,0.9762241,0.9566232,0.9781499,0.9798014,0.9838803,0.978614,0.959934,0.7489181,0.94666135,0.96371734,0.98084134,0.9813592,0.98388076,0.9769652,0.9559986,0.9749904,0.9507874,0.92301804,0.9784765,0.9811346,0.9518327,0.9642409,0.97951657,0.9775343,0.95885664,0.97345215,0.9737575,0.98647183,0.9871658,0.9777796,0.97067815,0.9705216,0.98464173,0.9756646,0.98272496,0.9613442,0.9748737,0.96525776,0.97016364,0.9644841,0.97763306,0.9700956,0.9879698,0.9702665,0.9680388,0.97641265,0.95483047,0.9657774,0.9505284,0.9503778,0.9342961,0.9482488,0.97235346,0.8467798,0.94565576,0.9648765,0.9571231,0.9532162,0.88092417,0.9677224,0.9757509,0.95737207,0.953496,0.977397,0.9881243,0.9788164,0.9795652,0.969175,0.9547465,0.9877399,0.9812194,0.98395556,0.9652347,0.97235346,0.9670269,0.9644072,0.97501796,0.97029614,0.960811,0.98090035,0.9745415,0.95552444,0.9812619,0.9515457,0.9627339,0.98458207,0.95738703,0.9855871,0.96139574,0.98399454,0.97944427,0.93776494,0.9718777,0.5979585,0.9661661,0.90096426,0.9850889,0.9710522,0.9794219,0.9586639,0.97614604,0.9677012,0.97678685,0.9555432,0.9531359,0.9532977,0.9696854,0.9828066,0.9865533,0.96644646,0.9588941,0.95728254,0.9749603,0.966878,0.97884816,0.9625125,0.9668836,0.9748097,0.9677943,0.9674199,0.96779716,0.98293763,0.98674893,0.97528625,0.9820374,0.97081155,0.9740274,0.98017627,0.9754199,0.96002394,0.97433335,0.9741618,0.9633716,0.96452594,0.9688305,0.9338604,0.97718346,0.971364,0.9731966,0.9660214,0.9734171,0.9717939,0.98674893,0.9622161,0.9693361,0.988159,0.98435664
annamovie,0.97274965,0.98590565,0.94523036,0.961271,0.9828093,0.91566366,0.98366076,0.9729387,0.988292,0.961952,0.97892255,0.9228684,0.96512914,1.0,0.98038197,0.98839694,0.96648496,0.9892832,0.97337604,0.974833,0.9764749,0.9572612,0.9628455,0.9774034,0.98138636,0.7170898,0.97147846,0.96597534,0.95360744,0.96331644,0.9821193,0.9678701,0.95068437,0.96901804,0.9175194,0.89952797,0.97586304,0.9709832,0.9585291,0.9698061,0.9474626,0.97319037,0.94110256,0.96392155,0.9847359,0.96129936,0.96400356,0.9884702,0.94636554,0.9672732,0.96252424,0.97461003,0.96676755,0.9395673,0.97216076,0.98196036,0.9672611,0.9765385,0.98448277,0.9775874,0.95622265,0.973655,0.9784077,0.99154824,0.95966345,0.95576394,0.9791367,0.9682285,0.96105534,0.9653095,0.983088,0.8583998,0.93873537,0.97991586,0.93852794,0.9617025,0.8629469,0.9708833,0.98328316,0.9765001,0.97656655,0.9568857,0.9782801,0.9688239,0.9512962,0.9763481,0.94904363,0.96835953,0.9701591,0.97484803,0.9649967,0.983088,0.9711002,0.981706,0.9440216,0.9754201,0.98626494,0.97673976,0.9679228,0.9753554,0.97672284,0.9556523,0.94899946,0.9735771,0.9693753,0.96182936,0.9717971,0.97546977,0.9689283,0.94527936,0.99115014,0.551649,0.98855114,0.8809066,0.974949,0.9755775,0.9713867,0.9448741,0.9835029,0.9848474,0.97876114,0.9781774,0.9804222,0.91776156,0.97634757,0.96540195,0.96945053,0.94594073,0.9761959,0.9163669,0.98064977,0.96717644,0.9769525,0.96056,0.98267126,0.9749289,0.96484643,0.9574067,0.9789568,0.9814702,0.988292,0.968677,0.9661527,0.9674275,0.9576192,0.9704647,0.97389513,0.9304264,0.9702202,0.9538623,0.9806946,0.9372347,0.97900176,0.95850617,0.9688083,0.98272854,0.97664213,0.9620126,0.98505497,0.9832206,0.988292,0.9660602,0.9716715,0.96099764,0.9472175
apollo11movie,0.976782,0.97686195,0.95086455,0.96487087,0.97539425,0.9477012,0.98069596,0.9674055,0.98673576,0.9610854,0.97266597,0.94533765,0.9718583,0.98038197,1.0000001,0.9842935,0.97769976,0.9801093,0.97708833,0.98302823,0.97370714,0.95981604,0.96801054,0.9860374,0.95557386,0.73224604,0.936401,0.9772773,0.9579064,0.9646432,0.99299127,0.97375727,0.9530502,0.95927656,0.9421825,0.86568236,0.96307874,0.97944504,0.96837866,0.952149,0.9668706,0.97176015,0.9445225,0.9658593,0.98339605,0.9756795,0.9697259,0.9823813,0.95246327,0.96445805,0.9607825,0.9788352,0.9740449,0.9769599,0.97548664,0.97275037,0.94695437,0.9694056,0.97847295,0.9784734,0.97342217,0.96500665,0.98150146,0.98727655,0.95850027,0.9485486,0.96427554,0.9730567,0.9477785,0.961938,0.9819397,0.86047035,0.9435813,0.96850926,0.9544854,0.96064603,0.88963246,0.9657194,0.9764491,0.9761755,0.96498233,0.9651376,0.9878215,0.9600633,0.95553416,0.96808386,0.9525984,0.9571586,0.9701574,0.96355253,0.95612806,0.9819397,0.96923685,0.9754846,0.9368959,0.99166644,0.96404284,0.9766442,0.97301495,0.95769143,0.97309077,0.95593554,0.9596509,0.9805164,0.94065344,0.96618336,0.97516245,0.9910962,0.9583177,0.9455148,0.9831918,0.56306916,0.9818116,0.84642696,0.97928107,0.97624445,0.98443776,0.9785088,0.9698982,0.9745311,0.9846892,0.97255605,0.9822855,0.9552936,0.9712126,0.9729857,0.97554785,0.94971514,0.98377705,0.92079633,0.9825587,0.97624373,0.9808809,0.9645326,0.9775631,0.979582,0.973335,0.97777474,0.97580713,0.98142236,0.98673576,0.96362025,0.97167385,0.9770189,0.96420187,0.97528416,0.9655844,0.9541434,0.986149,0.9655934,0.9725881,0.94454616,0.97770643,0.93372416,0.9783167,0.9818425,0.9671105,0.9809821,0.9855949,0.98355794,0.98673576,0.96972513,0.9718201,0.97863847,0.9592272
arcticdogsmovie,0.978729,0.98858327,0.94791,0.9558903,0.98600703,0.94371516,0.9924038,0.98641014,0.9934676,0.969902,0.9822307,0.9455769,0.97131073,0.98839694,0.9842935,1.0000001,0.9724418,0.9887057,0.97633797,0.9777726,0.980942,0.9600176,0.9769008,0.9879263,0.97422814,0.6953341,0.9625634,0.9777404,0.95704323,0.9704362,0.9891254,0.97578204,0.958238,0.9771238,0.9272054,0.9029038,0.9652293,0.9804068,0.9745387,0.9685626,0.9470656,0.97813356,0.9473618,0.9762321,0.9837022,0.9688093,0.97544026,0.98679906,0.9492982,0.9759619,0.96392155,0.9849718,0.98016566,0.9483926,0.9724362,0.98632485,0.97128,0.98324394,0.9893364,0.97185916,0.9715809,0.97201276,0.97583014,0.9885122,0.97818416,0.9570425,0.9773597,0.97645926,0.96286905,0.96092415,0.9797598,0.88027173,0.9597385,0.9858706,0.93972,0.96912384,0.89818174,0.98524374,0.9902103,0.9821249,0.9802491,0.9721814,0.98995125,0.96764386,0.9543665,0.97731036,0.9507787,0.9712131,0.97545326,0.9809079,0.96277416,0.9797598,0.977675,0.98044527,0.9413295,0.9790712,0.98225,0.988002,0.9791341,0.98397505,0.97512424,0.9580858,0.95250446,0.96952116,0.96449244,0.96230763,0.9781173,0.98194385,0.979033,0.9672339,0.9823003,0.61065924,0.98349816,0.8882366,0.98148084,0.9831959,0.979768,0.95937127,0.9858154,0.99262834,0.97720134,0.9865894,0.9767956,0.94320863,0.9873048,0.97476435,0.9807645,0.9587629,0.97817963,0.91938794,0.9811806,0.97612077,0.9828483,0.9787542,0.98227733,0.97823936,0.9717221,0.96520346,0.97578216,0.9799098,0.9934676,0.9729731,0.9789947,0.9813783,0.95661014,0.98092306,0.97708917,0.9401744,0.97135466,0.9662332,0.9921097,0.93787867,0.9926647,0.95486647,0.98037076,0.97471285,0.97795296,0.9636078,0.9885194,0.9792332,0.9934676,0.98016703,0.9734676,0.9699485,0.9572471
arcticmovie,0.97129667,0.9702182,0.959573,0.9791214,0.9696681,0.9552156,0.9723154,0.9619976,0.9816478,0.9544069,0.9553406,0.9458791,0.9699136,0.96648496,0.97769976,0.9724418,1.0000001,0.96682006,0.9620062,0.9782744,0.9562739,0.97255296,0.95569927,0.98196954,0.95713127,0.7510434,0.9367938,0.98731965,0.96262693,0.9623904,0.97975296,0.976278,0.9676595,0.96349967,0.9486511,0.8958206,0.9560729,0.97015953,0.97385687,0.9517836,0.9752018,0.9797061,0.9653544,0.98493725,0.9768864,0.98118997,0.95580107,0.9859449,0.9488174,0.9768493,0.9656419,0.969789,0.96594685,0.9614522,0.953581,0.9613373,0.9556524,0.95956594,0.96663105,0.98119706,0.97776175,0.95886034,0.975487,0.97741073,0.9601529,0.93318194,0.9625408,0.94219524,0.913579,0.9387911,0.9854142,0.8214236,0.93218905,0.97862744,0.9716435,0.96878153,0.88110244,0.96504277,0.9648182,0.976972,0.9456525,0.9570631,0.9758593,0.9673795,0.96705264,0.9638245,0.9274967,0.95150566,0.98026395,0.9557851,0.9348796,0.9854142,0.9793953,0.96935886,0.94315875,0.9684401,0.96355647,0.9602886,0.9493419,0.9441746,0.9656033,0.963982,0.9630469,0.9797676,0.9497489,0.9638215,0.96734434,0.9816651,0.9684966,0.9262504,0.97504807,0.5918315,0.9512751,0.8546714,0.9816819,0.9656948,0.97559834,0.9657713,0.9695699,0.9633126,0.9751895,0.9487608,0.9556668,0.94474554,0.96877015,0.97886014,0.9731389,0.9669058,0.97600484,0.94577223,0.96035796,0.97108394,0.9878734,0.96571434,0.961083,0.96805763,0.96194184,0.9683228,0.9837038,0.9794575,0.9816478,0.9721645,0.97285444,0.9642301,0.9401841,0.9588294,0.9616804,0.96761334,0.9837186,0.95866424,0.97420883,0.96097934,0.9594859,0.9297165,0.9715079,0.98540837,0.9710342,0.9777972,0.9676699,0.9790034,0.9816478,0.9658271,0.9763511,0.9723645,0.97101706
artofracingmovie,0.98040545,0.9783176,0.9595992,0.9706204,0.9876578,0.94361514,0.9869133,0.9825298,0.990363,0.974938,0.9770127,0.9510507,0.9752179,0.9892832,0.9801093,0.9887057,0.96682006,0.9999999,0.98221534,0.96979153,0.97216356,0.95223635,0.9755362,0.9835657,0.9745647,0.75054437,0.9723814,0.9713662,0.9612001,0.9673262,0.9869797,0.96765226,0.96686065,0.96965796,0.926848,0.9163308,0.97301817,0.97712,0.95810777,0.95324695,0.9579978,0.9830337,0.9546911,0.9712413,0.97894204,0.9686041,0.9763343,0.9875498,0.949254,0.9744933,0.96742016,0.97562534,0.96596414,0.93283886,0.9784555,0.9824636,0.9662677,0.98324573,0.988584,0.97738427,0.9721864,0.97331434,0.9717047,0.99301773,0.96003723,0.9549872,0.96980286,0.9661246,0.9594656,0.96467423,0.98451465,0.8454337,0.9442252,0.9782678,0.9419619,0.96413594,0.849576,0.97809684,0.98771477,0.9805478,0.97242457,0.9670868,0.9873465,0.97568524,0.9481802,0.9791459,0.9609797,0.9749284,0.96716344,0.9869941,0.9673145,0.98451465,0.9742036,0.98543835,0.9490689,0.98020077,0.9806821,0.9803039,0.9705922,0.98270655,0.98099405,0.9417154,0.96344954,0.9768153,0.969458,0.96289146,0.9688706,0.9818574,0.9764578,0.9430377,0.9850634,0.5708589,0.9834363,0.87253314,0.9854919,0.9776209,0.9725888,0.9485617,0.97651076,0.9871365,0.98290586,0.9760231,0.9785322,0.9464308,0.971899,0.9711147,0.97778517,0.95453775,0.9785635,0.9256353,0.97556555,0.9686072,0.97762156,0.9705873,0.98402244,0.9738701,0.95787084,0.9667332,0.9818843,0.9855898,0.990363,0.97171634,0.9717757,0.98394895,0.9774317,0.9725095,0.9839921,0.9386337,0.97414,0.94913965,0.98574424,0.9459121,0.98522663,0.9520761,0.9806502,0.98248494,0.9856783,0.9716358,0.99067724,0.9865271,0.990363,0.96773124,0.9748708,0.9670253,0.9574927
avengers,0.9935619,0.95362455,0.9604387,0.9586837,0.9837121,0.94871354,0.981351,0.9783587,0.98786443,0.9693749,0.9695751,0.96387154,0.9762241,0.97337604,0.97708833,0.97633797,0.9620062,0.98221534,1.0,0.9582967,0.96102196,0.9613348,0.9840926,0.97281855,0.97138804,0.68689734,0.94809324,0.96455324,0.9706713,0.9753183,0.98947084,0.9652865,0.95990473,0.9616218,0.9412459,0.9109067,0.967324,0.9840525,0.95896465,0.950222,0.9552457,0.9787686,0.93425596,0.9652585,0.97335714,0.9846246,0.9827806,0.97402424,0.9573478,0.962082,0.9728553,0.9740362,0.97539294,0.95268923,0.9792299,0.9765868,0.95039356,0.9817968,0.9793392,0.9719449,0.9739085,0.972236,0.9554639,0.9796295,0.95435506,0.96836656,0.9446278,0.9662196,0.9391665,0.97354114,0.977357,0.870212,0.9524193,0.9696391,0.9483715,0.9381772,0.862611,0.971451,0.98668265,0.96816593,0.96803015,0.9734454,0.9832739,0.96235394,0.9504471,0.96988845,0.96541303,0.9732413,0.96884894,0.9779548,0.96335375,0.977357,0.9644547,0.9627933,0.95091534,0.97698367,0.96799445,0.97131497,0.9583835,0.9713942,0.98355407,0.95835876,0.9711841,0.97327316,0.94275004,0.9749217,0.98065686,0.9772058,0.9693454,0.9482534,0.9726233,0.54409665,0.9720669,0.9037613,0.9728475,0.98288125,0.9832601,0.95650303,0.9767209,0.9665548,0.9843087,0.9746099,0.9772016,0.96097004,0.9570015,0.9741948,0.9839242,0.95999205,0.97839916,0.9278254,0.9666626,0.965565,0.9686633,0.9692133,0.9742461,0.9768062,0.9689547,0.959426,0.97047675,0.99008816,0.98786443,0.97750807,0.97875565,0.9749873,0.9775593,0.97208875,0.96912235,0.9526619,0.96920025,0.9713487,0.97155595,0.9514882,0.9770184,0.9491913,0.96188813,0.9790844,0.97467214,0.9682509,0.97844386,0.9707788,0.98786443,0.97477555,0.9660393,0.9779427,0.9689315
beachbummovie,0.95514935,0.97037935,0.949325,0.9718651,0.95864224,0.93506247,0.973548,0.9562018,0.9789779,0.95664525,0.95896,0.9401678,0.9566232,0.974833,0.98302823,0.9777726,0.9782744,0.96979153,0.9582967,1.0,0.9625801,0.9572738,0.9533984,0.97950065,0.954592,0.7385714,0.9287163,0.96688086,0.94776654,0.95790225,0.97713923,0.9719877,0.9657567,0.96359634,0.9194045,0.85884315,0.9484257,0.97325397,0.9582335,0.94020784,0.9460305,0.966047,0.93388367,0.9646615,0.98019457,0.9675568,0.9551546,0.9810335,0.93400234,0.9586479,0.95617783,0.9661506,0.96055627,0.94719934,0.94939184,0.9624308,0.95216376,0.96564937,0.9723554,0.9723497,0.9522282,0.95676565,0.97379655,0.9770294,0.95452386,0.9371738,0.96368504,0.9522529,0.93842405,0.9477591,0.98130125,0.814809,0.93758154,0.96720165,0.9520614,0.95928717,0.8874245,0.9706939,0.9763954,0.9677776,0.9519774,0.9653866,0.97345316,0.9540105,0.9508716,0.96482503,0.94389725,0.9361847,0.97130096,0.9506877,0.954175,0.98130125,0.9724159,0.9635708,0.93132824,0.9696356,0.96574175,0.9602647,0.9596191,0.9533402,0.9655267,0.9523853,0.943865,0.97106695,0.94005203,0.95483387,0.968631,0.9749858,0.9631875,0.9344278,0.9712454,0.579168,0.9675043,0.85547674,0.9697117,0.95944893,0.9609236,0.9572068,0.9626115,0.9682119,0.9817251,0.95610416,0.9581763,0.9350837,0.96400076,0.9646507,0.95929587,0.9506331,0.96930623,0.9159209,0.9620992,0.96970564,0.9743775,0.96418077,0.97046626,0.96922493,0.9550242,0.95493555,0.96995395,0.9770893,0.9789779,0.96182656,0.9663091,0.9639786,0.9329066,0.9579799,0.94978964,0.9513096,0.9732555,0.939134,0.9702217,0.93306446,0.96227854,0.9190497,0.9765458,0.9739237,0.9638978,0.96998936,0.9670657,0.9718653,0.9789779,0.97479373,0.97363275,0.9643215,0.9558514
bernadettefilm,0.9671737,0.9712435,0.9532958,0.94379973,0.9668861,0.9147934,0.9845262,0.96851134,0.9824575,0.9648015,0.9679585,0.94707364,0.9781499,0.9764749,0.97370714,0.980942,0.9562739,0.97216356,0.96102196,0.9625801,1.0,0.96562177,0.9700959,0.97478527,0.9572938,0.7189736,0.951174,0.94643915,0.960916,0.959536,0.98001194,0.9701136,0.9389946,0.97054577,0.9115799,0.8841748,0.9655765,0.9776355,0.94902116,0.9746201,0.9611688,0.95999557,0.934208,0.9549123,0.9794617,0.9611056,0.97215444,0.978515,0.9675256,0.95731914,0.9721011,0.974137,0.9777791,0.9493394,0.97922605,0.9675613,0.9596596,0.9599937,0.9787638,0.95608205,0.9630753,0.954447,0.97035265,0.9798562,0.95243055,0.9643779,0.9544659,0.9667963,0.96135485,0.9521708,0.96231925,0.8718249,0.9276218,0.95987034,0.9254849,0.9665988,0.90588003,0.9730543,0.9788503,0.9539209,0.97310793,0.9780181,0.9798686,0.9598186,0.9693825,0.97005737,0.94702846,0.9694061,0.97166663,0.97626024,0.95737237,0.96231925,0.9570313,0.9544781,0.95703435,0.97660327,0.96979445,0.979014,0.9866215,0.9600393,0.96119297,0.9423349,0.9442162,0.9700989,0.9507703,0.97631335,0.9600812,0.9725516,0.96824574,0.95192957,0.9747893,0.61902624,0.9770255,0.888022,0.98017985,0.97432613,0.9706085,0.94537646,0.9800024,0.9790802,0.9665524,0.964762,0.96297574,0.9287344,0.9786314,0.9583055,0.9756684,0.95331115,0.955007,0.9275633,0.9915527,0.9681352,0.9627751,0.9571687,0.9714733,0.9677198,0.9731153,0.95414764,0.9544599,0.9690384,0.9824575,0.9646743,0.95904505,0.96544075,0.961679,0.9816381,0.9709308,0.92616856,0.96138585,0.9654843,0.9675497,0.9315895,0.9732214,0.94597304,0.9651531,0.9610439,0.96746385,0.94898474,0.97206545,0.9708209,0.9824575,0.9648524,0.9608354,0.9749655,0.9591605
