movie,21bridgesmovie,47metersdown,abeautifuldaymovie,abominablemovie,adastramovie,adogsjourneymovie,aftermathmovie,aftermovie,ahiddenlifefilm,alitamovie,angelhasfallen,angrybirdsmovie,annabellemovie,annamovie,apollo11movie,arcticdogsmovie,arcticmovie,artofracingmovie,avengers,beachbummovie,bernadettefilm,blackandbluemovie,blackchristmas,blindedbythelightmovie,bombshellmovie,booksmart,breakthroughmovie,brianbanksmovie,brightburnmovie,brittanyrunsmov,captainmarvelofficial,captivestatemovie,catsmovie,charliesangels,childsplaymovie,clarathefilm,coldpursuitmovie,countdown,currentwarmovie,darkwatersmovie,detectivepikachumovie,disneyaladdin,disneyfrozen,disneymaleficent,doctorsleepmovie,dolemiteismyname,dontletgomovie,doramovie,downtonabbey_official,dumbo,escaperoom,everybodyknowsmovie,fastandfuriousmovie,fightingwmyfam,fivefeetapartfilm,fordvferrari,freaksthefilm,geminimanmovie,glassmovie,gloriabellmovie,godzillamovie,goldfinchmovie,goodboysmovie,goodliarmovie,gretafilm,halathemovie,happydeathdaymovie,harrietfilm,hellboymovie,hersmellmovie,highlifemovie,highstrungmovie,honeyboymovie,hotelmumbaifilm,httydragon,hustlemovie,hustlersmovie,isntitromantic,itmovieofficial,jayandsilentbob,johnwickmovie,jojorabbitmovie,jokermovie,judythefilm,jumanjimovie,justmercyfilm,knivesout,lalloronamovie,lastblackmansf,lastchristmasthemovie,latenightmovie,lighthousemovie,lionking,littlethemovie,littlewomenmovie,littlewoodsfilm,longshotmovie,lordsofchaosmovie,lucyintheskyfilm,mamovie2019,marriagestory,meettheaddams,meninblack,midsommarmovie,midwaymovie,missbalamovie,missinglinkfilm,motherlessbklyn,onceinhollywood,onthebasisofsex,overcomermovie,peanutbutterfalcon,petsematarymovie,piercingmovie,playingwithfire,playmobilthemovie,pomsmovie,queenandslim,rambomovie,readyornotfilm,richardjewellfilm,rocketmanmovie,scarystoriesmovie,secretlifeofpets,serenityfilm,shaftmovie,shazammovie,spidermanmovie,spiesindisguise,starwars,stormboymovie,stubermovie,taosdfilm,teenspiritmov,terminator,theaeronautsmov,thebestofenemies,thedeaddontdie,thefarewell,thehighwaymen,thehummingbirdprojectfilm,theintrudermovie,theirishmanfilm,thekitchenmovie,thelegomovie,themustangfilm,thenightingalefilm,theprodigymovie,thesunisalsoastar,theupsidefilm,tolkienmovie,toystory,triplefrontier,uglydolls,uncutgems,underthesilverlake,usmovie,wavesmovie,whatmenwant,wonderparkmovie,wrinklestheclown,xmenmovies,yardiefilm,yesterdaymovie,zombieland
21bridgesmovie,1.0,0.9418041,0.9574915,0.9498215,0.9631649,0.9430892,0.96355563,0.9650148,0.9815178,0.9544367,0.957168,0.94764525,0.9641009,0.96260846,0.9481071,0.9571938,0.9510781,0.9562944,0.97332805,0.9407486,0.94125193,0.9560119,0.9659923,0.95652044,0.9543804,0.87475604,0.95383054,0.9565715,0.96114135,0.95942235,0.9415082,0.9648575,0.93413436,0.9391864,0.9273543,0.9059827,0.9594356,0.9737298,0.96207696,0.95871156,0.95425767,0.96380436,0.94418955,0.95118606,0.96215135,0.9546307,0.9636483,0.9602809,0.9354168,0.95876527,0.9635668,0.9616384,0.9655531,0.94323033,0.9529868,0.9502755,0.9445333,0.9578643,0.9645778,0.96366197,0.94226784,0.96177924,0.94494826,0.96842635,0.9545709,0.94192404,0.93541515,0.95802486,0.9529582,0.9512923,0.9623093,0.57909775,0.934927,0.9622106,0.94889057,0.94047934,0.8928763,0.94628596,0.960687,0.945186,0.96189713,0.9538885,0.95771474,0.9339936,0.96011657,0.9472061,0.94876516,0.95546514,0.9527501,0.9571166,0.9619723,0.9623093,0.9528866,0.9477193,0.9631597,0.9432178,0.94153446,0.96164346,0.9506592,0.9372653,0.9522704,0.9510698,0.948532,0.9647802,0.9476493,0.9651513,0.9585774,0.9587593,0.9387306,0.960964,0.9568915,0.8494397,0.95103616,0.88220215,0.94424623,0.9749891,0.98542154,0.94590557,0.9735964,0.9526982,0.95728344,0.9669933,0.9577666,0.92984647,0.9512605,0.95752364,0.9529978,0.95445263,0.95267457,0.9331116,0.94899845,0.958027,0.94742876,0.9369805,0.95820045,0.95895785,0.9701682,0.9522279,0.96311957,0.96039927,0.9815178,0.9499483,0.958651,0.95027155,0.9509622,0.9626405,0.93914473,0.94418335,0.9507984,0.9492999,0.9667251,0.95436275,0.9641293,0.94054896,0.9482213,0.9572113,0.95030004,0.9505019,0.9515428,0.9574837,0.9815178,0.9505905,0.96437466,0.9608885,0.95429534
47metersdown,0.9418041,0.99999994,0.9427957,0.9176385,0.9452824,0.91939926,0.9308217,0.94291884,0.95986676,0.9221937,0.9357815,0.9268129,0.93260103,0.952357,0.9291363,0.96145,0.9419931,0.9352756,0.93572766,0.9210625,0.9248982,0.94482815,0.939702,0.9478926,0.9276872,0.83607435,0.927506,0.93857795,0.9432327,0.9448908,0.924148,0.92828846,0.9076683,0.91282684,0.9157459,0.8813037,0.9362245,0.92287195,0.93535674,0.90097946,0.92331624,0.9373201,0.9230659,0.9254061,0.9302856,0.9301599,0.94184023,0.9519703,0.9057318,0.9338628,0.93740904,0.94045144,0.9274165,0.935968,0.9305487,0.93597776,0.92690086,0.93748903,0.944927,0.9409009,0.9149626,0.9423846,0.9133058,0.94572085,0.9225241,0.9028784,0.9257597,0.9437886,0.938015,0.9302721,0.93926543,0.6032827,0.9198949,0.939228,0.91806304,0.89019203,0.8634102,0.92902714,0.9306947,0.934131,0.93239045,0.9303349,0.93425626,0.9116788,0.9399659,0.92257065,0.9251123,0.9275345,0.92675614,0.93018484,0.9427448,0.93926543,0.9195195,0.92943794,0.94001114,0.9144535,0.9227614,0.9342155,0.91564,0.926167,0.92252076,0.92297006,0.9298531,0.92881304,0.939909,0.9413046,0.94231874,0.9298593,0.9285472,0.9517948,0.9565897,0.7852244,0.9399726,0.84628606,0.93583804,0.9375784,0.93895173,0.9227958,0.93998575,0.91501427,0.9270325,0.94798905,0.94322145,0.890635,0.9338452,0.94191873,0.9279277,0.92525727,0.9245529,0.89125156,0.92960274,0.93079317,0.9477712,0.9222751,0.9368418,0.93175644,0.9328285,0.9138332,0.93448716,0.921348,0.95986676,0.92545336,0.9287425,0.919607,0.93256587,0.946803,0.9166966,0.9101884,0.9226889,0.9270963,0.931002,0.92808837,0.9341119,0.89992726,0.93350834,0.9332669,0.9245633,0.9345248,0.93150276,0.93053466,0.95986676,0.9266712,0.9491142,0.9344179,0.9273877
abeautifuldaymovie,0.9574915,0.9427957,1.0000004,0.95204943,0.952991,0.95547265,0.9704831,0.9702343,0.9820167,0.9551613,0.95196086,0.96523327,0.9604604,0.95803726,0.9588537,0.9537523,0.9485724,0.9610546,0.9541489,0.9476043,0.9418723,0.96761835,0.9660983,0.9567428,0.9574937,0.86979717,0.95401615,0.95390844,0.97992307,0.95650476,0.9587905,0.9631985,0.9386049,0.948639,0.9311195,0.9118759,0.9589384,0.94043875,0.96067137,0.95045465,0.95674706,0.95889366,0.9394624,0.94121885,0.9594861,0.95538,0.963114,0.95126337,0.93827754,0.9501653,0.98038214,0.96830153,0.96357876,0.9477658,0.95166904,0.9563544,0.9511555,0.964287,0.97354275,0.96661496,0.95426726,0.969814,0.94041127,0.9702985,0.95561475,0.94521093,0.93994474,0.95136833,0.95436037,0.9457449,0.9656837,0.59426546,0.9539357,0.95001,0.953021,0.92606705,0.89072764,0.9605002,0.96631217,0.9549041,0.9523312,0.96043324,0.95950407,0.9526199,0.96526456,0.944381,0.94879067,0.958816,0.9390535,0.96398604,0.96258503,0.9656837,0.94110435,0.95473796,0.9672843,0.9528787,0.9486285,0.9572813,0.9542161,0.94006896,0.94346,0.95379984,0.9624209,0.9670698,0.94861597,0.98068416,0.9516441,0.96136,0.9551625,0.9528691,0.96341854,0.85537136,0.9465222,0.8877001,0.95374084,0.96053386,0.9657688,0.95946443,0.9654986,0.96254796,0.95645565,0.9645386,0.962121,0.9410466,0.94606173,0.971381,0.96048605,0.9629259,0.9452882,0.9325631,0.94871575,0.9431211,0.9575294,0.9535204,0.9532746,0.95129806,0.9527643,0.95837677,0.9659536,0.95326734,0.9820167,0.97526556,0.95434564,0.95840514,0.94777995,0.9690854,0.95047146,0.9469024,0.95961547,0.9531938,0.9652263,0.9633949,0.9629864,0.9183892,0.9475249,0.95793605,0.95765823,0.95069855,0.95411485,0.96091,0.9820167,0.9481297,0.95841,0.96263134,0.9678665
abominablemovie,0.9498215,0.9176385,0.95204943,0.9999995,0.93483186,0.939891,0.94325703,0.95429516,0.9621784,0.9384716,0.9504767,0.9479312,0.94942045,0.94600147,0.920839,0.94626975,0.9250706,0.9410065,0.94170445,0.9145336,0.91827285,0.9336298,0.9396333,0.92237973,0.95076394,0.8404653,0.9303558,0.9392015,0.93767864,0.9521931,0.9353064,0.94265944,0.93348825,0.9239273,0.9213386,0.90780777,0.94338065,0.95533717,0.93846774,0.93533266,0.9376597,0.95334667,0.93306917,0.9411478,0.93392515,0.9346684,0.9420797,0.93818647,0.91896546,0.9531892,0.9447115,0.9361455,0.9464541,0.94926345,0.9359606,0.9170948,0.9331691,0.95450443,0.9601147,0.9508216,0.9104819,0.9502718,0.91365886,0.9450411,0.9324638,0.93775845,0.9257462,0.9307489,0.9483625,0.9317784,0.95067054,0.57869005,0.9279696,0.9478518,0.95209575,0.91053075,0.8939227,0.9291202,0.9359607,0.938966,0.95114005,0.9618651,0.9236941,0.9372696,0.9539918,0.93165845,0.95100284,0.9434029,0.9395474,0.9385975,0.9373402,0.95067054,0.9185819,0.92867875,0.93649656,0.93622684,0.9334608,0.9260764,0.9275058,0.9184722,0.930913,0.93253016,0.9336015,0.9526017,0.9264955,0.94902986,0.9323115,0.93641573,0.9375593,0.94622767,0.94293284,0.83814496,0.93128145,0.8915511,0.92430097,0.9418912,0.95272326,0.9419598,0.9470478,0.93731666,0.93449914,0.93994296,0.9259321,0.9164046,0.91947657,0.9557019,0.93580914,0.9493122,0.92968416,0.92363846,0.9108403,0.9424611,0.92897624,0.9278963,0.94568956,0.9449356,0.937656,0.92575496,0.9573576,0.9345741,0.9621784,0.93173426,0.9505568,0.9315945,0.9170196,0.9371859,0.9415554,0.94135886,0.9249499,0.93477833,0.9452542,0.9461193,0.9366561,0.9080956,0.9251688,0.9335598,0.9189559,0.9284378,0.92026216,0.94510406,0.9621784,0.9260788,0.94471896,0.9344563,0.9454903
adastramovie,0.9631649,0.9452824,0.952991,0.93483186,0.99999964,0.93743396,0.954434,0.96630293,0.976507,0.9673485,0.9434508,0.93855417,0.9596843,0.9553299,0.95268476,0.96379524,0.9448521,0.97801447,0.95616424,0.9405527,0.95425063,0.95573497,0.96639776,0.96207285,0.94318765,0.84723604,0.9594966,0.9495296,0.96255684,0.94862807,0.9454675,0.96419734,0.9442605,0.9401971,0.91680044,0.89565283,0.9592606,0.944873,0.9500226,0.9484836,0.95669305,0.96281403,0.9288249,0.9525966,0.9576858,0.9500815,0.96459085,0.950382,0.9229327,0.96379894,0.9616395,0.9608622,0.95942616,0.9327784,0.94403666,0.9651601,0.9445567,0.95547056,0.9574476,0.9688415,0.94409525,0.94436586,0.9502812,0.9711353,0.93864936,0.92097104,0.92499876,0.96004397,0.9550974,0.9478376,0.96736836,0.600057,0.933157,0.9481961,0.94550693,0.9419448,0.9010988,0.9592615,0.9465368,0.94354093,0.94697845,0.95514333,0.95911795,0.9354198,0.9574919,0.93809175,0.9423474,0.9500874,0.95283264,0.94963,0.9502852,0.96736836,0.9539024,0.94651204,0.95401484,0.9362329,0.9475891,0.96484655,0.94188976,0.9244856,0.9513151,0.94630694,0.945376,0.9576473,0.94270843,0.9642121,0.9651184,0.96268994,0.93048555,0.94818175,0.956468,0.84163374,0.9582818,0.8576281,0.9601717,0.960755,0.9674199,0.94693166,0.9569155,0.9518412,0.94561887,0.9596162,0.95101583,0.9343071,0.9506255,0.9552434,0.9432884,0.9517587,0.96687436,0.9303667,0.94611126,0.9728543,0.94328815,0.9289176,0.95699674,0.9454547,0.9583566,0.9501686,0.95657563,0.9467094,0.976507,0.9575901,0.95847183,0.95607066,0.93850404,0.959805,0.9202092,0.9339627,0.95663506,0.9370558,0.9577819,0.9489566,0.9656072,0.9248443,0.9622167,0.947349,0.94803995,0.94451046,0.94917476,0.9556583,0.976507,0.9588612,0.95703876,0.96265763,0.9471434
adogsjourneymovie,0.9430892,0.91939926,0.95547265,0.939891,0.93743396,1.0000001,0.9431852,0.9481713,0.96196145,0.943127,0.93906003,0.9399261,0.93635476,0.9335189,0.92990476,0.95023286,0.936253,0.94086754,0.9322806,0.93668514,0.93513614,0.94415283,0.9505301,0.9418672,0.92061,0.83701473,0.9457921,0.94527096,0.94781154,0.94303733,0.9292812,0.9357903,0.9317686,0.90931463,0.90764755,0.8826854,0.93796694,0.9326185,0.9390826,0.94368917,0.9367246,0.93241376,0.90282714,0.9213415,0.9291949,0.944062,0.9493232,0.9339295,0.9255411,0.9289286,0.9410208,0.9445441,0.94815576,0.91705734,0.9438916,0.9409111,0.9341905,0.9312667,0.9434422,0.9469132,0.94269794,0.9333988,0.93042874,0.9414851,0.9288929,0.9254368,0.95131034,0.9275215,0.93353134,0.9425306,0.94337946,0.591893,0.9332925,0.9261649,0.93912834,0.9136337,0.8765843,0.93995064,0.948434,0.94064164,0.9265059,0.9455463,0.94298756,0.93849045,0.9236906,0.91857255,0.9325535,0.9413726,0.9273619,0.9452494,0.9493999,0.94337946,0.9304198,0.9323406,0.92497736,0.9442374,0.9207777,0.95202225,0.93599933,0.89449483,0.93651974,0.9398237,0.9506291,0.9385576,0.9240092,0.94170046,0.9396232,0.9401278,0.9296953,0.9325514,0.9424235,0.83094263,0.92177933,0.83161145,0.93360597,0.9382018,0.9523272,0.93379325,0.9490531,0.9333865,0.93584347,0.9407513,0.9473447,0.94470555,0.9325831,0.93416166,0.9351866,0.9301376,0.9147489,0.8981201,0.9418443,0.9399875,0.94911486,0.9294481,0.9266407,0.9403911,0.93499076,0.9372409,0.94093066,0.93821466,0.96196145,0.9352518,0.94054544,0.9414317,0.9317715,0.9412912,0.92230314,0.91321456,0.93825626,0.91392785,0.93717605,0.926184,0.9468934,0.90164834,0.93609643,0.9363184,0.93506175,0.93354946,0.9329286,0.940492,0.96196145,0.9286179,0.93748623,0.95613784,0.94564444
aftermathmovie,0.96355563,0.9308217,0.9704831,0.94325703,0.954434,0.9431852,1.0,0.97067577,0.9825368,0.94791937,0.9557218,0.9531297,0.9611627,0.9571413,0.9577364,0.94757545,0.9591197,0.9563404,0.9520016,0.9447307,0.9426299,0.955744,0.9693886,0.955079,0.95406437,0.8728957,0.9593965,0.9598148,0.96408904,0.96335304,0.9516597,0.9681624,0.9359641,0.9456399,0.929831,0.92276716,0.96202946,0.93849593,0.9709182,0.9602397,0.948177,0.9559459,0.92994565,0.93699384,0.96843165,0.95973784,0.96107256,0.94320166,0.93532526,0.94793576,0.96510977,0.96704835,0.9647544,0.9364712,0.9457579,0.9611901,0.94834006,0.96100384,0.9683308,0.9682146,0.94425803,0.96074563,0.953654,0.97337496,0.9558389,0.9425846,0.92344874,0.95416254,0.9507639,0.95387125,0.9699983,0.5938579,0.9522666,0.9426558,0.9546403,0.9499115,0.89646536,0.9619376,0.9637239,0.9415153,0.96005315,0.9719884,0.9661927,0.94973475,0.9569722,0.93353885,0.9488315,0.9589943,0.9445313,0.9690829,0.961174,0.9699983,0.9470032,0.95024115,0.96040314,0.94635546,0.9467164,0.9622154,0.98567426,0.947039,0.95428264,0.954814,0.9469433,0.9720372,0.93961495,0.96367407,0.9640802,0.9692627,0.9399166,0.95614606,0.96765023,0.86064327,0.9459992,0.8841744,0.9577956,0.9617015,0.96553206,0.96058655,0.97036254,0.9892253,0.95753276,0.96851605,0.96226835,0.9518921,0.9660505,0.97050184,0.95185834,0.95274305,0.95624495,0.9330874,0.95358086,0.94897676,0.96420294,0.9424154,0.94930565,0.9608865,0.95058674,0.9596049,0.96681833,0.95632154,0.9825368,0.96066254,0.96049494,0.9659182,0.9469075,0.9606739,0.9330994,0.94914883,0.9650669,0.951524,0.98666203,0.96272886,0.96050817,0.9196744,0.95103383,0.95910203,0.9540719,0.9558059,0.946294,0.95653504,0.9825368,0.9571302,0.96011466,0.96127087,0.95221573
aftermovie,0.9650148,0.94291884,0.9702343,0.95429516,0.96630293,0.9481713,0.97067577,0.9999999,0.9880661,0.9658622,0.96137786,0.94855607,0.97247434,0.9696294,0.9700167,0.9568027,0.9680919,0.9682222,0.9550753,0.95729315,0.95680237,0.9645536,0.97044,0.95952,0.9556239,0.86660045,0.9630382,0.9674812,0.9688306,0.96352226,0.9545796,0.96932954,0.95593023,0.9446106,0.93347526,0.91536266,0.97009456,0.95432734,0.96958584,0.96022195,0.96319014,0.96965474,0.94381434,0.95588654,0.9684691,0.9624339,0.96713537,0.9517545,0.94862556,0.9668231,0.9662373,0.9784306,0.97064775,0.95072865,0.96014965,0.9624513,0.9521436,0.9687459,0.9655275,0.9667027,0.955473,0.96171165,0.95436174,0.9719786,0.9629496,0.95817137,0.93357146,0.9714387,0.9675872,0.9539561,0.9673353,0.5837955,0.9483366,0.96157444,0.9487568,0.94298655,0.9004828,0.96531004,0.95402086,0.9575329,0.9621984,0.96822566,0.96517676,0.95281345,0.9654198,0.95350844,0.95621026,0.9697276,0.95631486,0.9668782,0.9621371,0.9673353,0.9593171,0.9570861,0.9607478,0.9616838,0.95906055,0.97397435,0.9587878,0.93518436,0.9588658,0.95764875,0.95931876,0.9696619,0.9513558,0.96853095,0.9677252,0.96270305,0.9447729,0.9644435,0.9721141,0.8467977,0.9559503,0.87911046,0.9601052,0.9644108,0.9746994,0.9531063,0.97009283,0.9635811,0.97205126,0.97271895,0.959995,0.948775,0.9569672,0.9680347,0.9556892,0.95686185,0.9582559,0.9393027,0.9571664,0.9705875,0.9585507,0.9505236,0.9643394,0.95758754,0.9658686,0.9603432,0.96123254,0.9528576,0.9880661,0.9632973,0.96616304,0.95904446,0.9444099,0.97090524,0.93082136,0.94764465,0.9618842,0.96289223,0.9741971,0.96728754,0.96055216,0.93024534,0.95348775,0.95722103,0.9616635,0.95142436,0.9635856,0.9656059,0.9880661,0.95424277,0.9661087,0.97317463,0.95495206
ahiddenlifefilm,0.9815178,0.95986676,0.9820167,0.9621784,0.976507,0.96196145,0.9825368,0.9880661,0.99999994,0.96619415,0.9751281,0.9678855,0.97956973,0.9795731,0.9730602,0.97182065,0.9735655,0.9753367,0.9717546,0.96086895,0.96341646,0.9783011,0.9811716,0.97341555,0.9713642,0.8808551,0.97534055,0.9745746,0.9806165,0.9754736,0.96663797,0.98020995,0.9550439,0.958174,0.94504637,0.9275857,0.98012,0.9661591,0.9810694,0.966638,0.9722132,0.9776384,0.95501506,0.96307635,0.97988313,0.97625124,0.9800075,0.9714953,0.96039724,0.9744234,0.98007894,0.98440635,0.98141974,0.96678656,0.9680245,0.9726779,0.96371126,0.9787469,0.9810852,0.98275936,0.9591587,0.97505575,0.96216035,0.98265785,0.9710132,0.96105045,0.9504919,0.975595,0.97176814,0.9662237,0.9808677,0.59084624,0.96137375,0.97331446,0.9666962,0.95371354,0.90998065,0.9728807,0.97484446,0.9682555,0.9748704,0.9778045,0.97700346,0.96157336,0.97601974,0.96060145,0.9651189,0.97645485,0.9676131,0.9775871,0.97772,0.9808677,0.96204174,0.96882755,0.9792913,0.9679792,0.9627884,0.97963125,0.9711589,0.9520824,0.9697162,0.9700714,0.9682879,0.9806115,0.9607192,0.9814723,0.97840476,0.97448367,0.9601376,0.97802985,0.9834762,0.85961473,0.9695318,0.8943148,0.96900356,0.97680295,0.98496133,0.97045267,0.98732865,0.97171265,0.9746279,0.98182666,0.97750777,0.9526818,0.9695154,0.9814425,0.96744305,0.96822774,0.9695089,0.9485082,0.9686158,0.9741496,0.9715723,0.9590119,0.9726991,0.9725624,0.9754762,0.97134405,0.97682995,0.96901387,0.99999994,0.9742928,0.9730435,0.9688658,0.96262264,0.98098296,0.9535917,0.9590897,0.9694246,0.968192,0.9822692,0.9740998,0.9759769,0.93734854,0.9654757,0.97231394,0.9707099,0.968223,0.97112,0.974174,0.99999994,0.9649811,0.98154026,0.9829943,0.96714854
alitamovie,0.9544367,0.9221937,0.9551613,0.9384716,0.9673485,0.943127,0.94791937,0.9658622,0.96619415,1.0,0.93068933,0.9351515,0.94658977,0.9473949,0.94855475,0.9458003,0.937716,0.9630323,0.9502707,0.9359212,0.9415065,0.94490635,0.95144445,0.9429631,0.9366314,0.8529154,0.95250815,0.9373145,0.95546347,0.9453011,0.9448299,0.9493811,0.93548554,0.9181102,0.9188402,0.90211546,0.953768,0.9472887,0.93925154,0.9527897,0.943239,0.955237,0.9240709,0.944305,0.9429132,0.93524224,0.9442986,0.93547654,0.91994494,0.954835,0.94805634,0.950762,0.9515972,0.92408127,0.9362201,0.9441021,0.9328928,0.9465787,0.94535637,0.9587319,0.9424263,0.9392352,0.9323853,0.94957644,0.9284886,0.9351096,0.9215052,0.94775426,0.9511688,0.93472254,0.9598864,0.6217911,0.9268767,0.93647563,0.9320855,0.9292322,0.8859957,0.94854337,0.946216,0.9322276,0.92810065,0.9420617,0.93462884,0.94098115,0.9464189,0.9408509,0.9389958,0.94315904,0.9510394,0.9454888,0.9363596,0.9598864,0.9563792,0.933238,0.94178075,0.938845,0.9453375,0.95210505,0.9294805,0.90371424,0.9400818,0.9323932,0.93903095,0.95637774,0.949304,0.95150566,0.9468307,0.94059646,0.9242254,0.94006425,0.9402007,0.81358665,0.93898356,0.86009276,0.94781256,0.9559771,0.9617113,0.9309452,0.94217217,0.94625616,0.9362777,0.9506965,0.935606,0.9267331,0.9432704,0.9449939,0.9422407,0.9381395,0.9449395,0.93019265,0.93479323,0.95137393,0.9405282,0.93416244,0.9507837,0.9306086,0.94923687,0.92942643,0.95552945,0.93685895,0.96619415,0.94946027,0.9490848,0.9409089,0.9180081,0.9530197,0.9138483,0.93327403,0.94346,0.93121827,0.95128906,0.948647,0.94185776,0.92193234,0.9431022,0.9442901,0.934991,0.94766647,0.93909156,0.95005596,0.96619415,0.944823,0.94643325,0.9527084,0.9419179
angelhasfallen,0.957168,0.9357815,0.95196086,0.9504767,0.9434508,0.93906003,0.9557218,0.96137786,0.9751281,0.93068933,1.0000002,0.9366402,0.96838945,0.955921,0.94145685,0.94970036,0.95027775,0.93998045,0.96034527,0.9352413,0.93791,0.9491464,0.9524359,0.95408255,0.9476829,0.87899554,0.944454,0.9452022,0.9465802,0.95060164,0.95095176,0.9460656,0.91193205,0.93722767,0.9255626,0.90644866,0.9551854,0.9480939,0.95583904,0.941258,0.9566394,0.9517294,0.93931,0.94279486,0.95407194,0.9534613,0.9567455,0.9587333,0.93453443,0.95531607,0.95031816,0.9472122,0.9613021,0.9661133,0.94401056,0.94231427,0.93558323,0.96236485,0.9559711,0.9528539,0.9419586,0.9494729,0.9443481,0.95510405,0.9497777,0.9489261,0.9265842,0.9398616,0.9593875,0.9430835,0.9534044,0.60967064,0.9399107,0.9624867,0.95408875,0.93103683,0.894133,0.9366381,0.944001,0.95145535,0.97688925,0.9650554,0.95934135,0.9476092,0.95755327,0.93572074,0.9651021,0.96019596,0.9488819,0.94980156,0.95474654,0.9534044,0.93324596,0.9437005,0.96575207,0.96042645,0.94604063,0.95780337,0.9515575,0.9401931,0.94540054,0.9471242,0.9385053,0.96185887,0.93922573,0.95149493,0.946519,0.94916326,0.9385776,0.95822537,0.9584794,0.8553255,0.94868976,0.8931365,0.9531863,0.9508245,0.9531081,0.95778155,0.9621705,0.940785,0.96316487,0.95754933,0.9526137,0.932588,0.94586587,0.95407635,0.9396879,0.94389045,0.9442496,0.9193862,0.94900584,0.94716203,0.94180644,0.93021375,0.95763266,0.9518832,0.9438102,0.9397379,0.94669014,0.9422736,0.9751281,0.93311733,0.94501865,0.947604,0.9437335,0.9383477,0.9384548,0.94159293,0.94438565,0.94526064,0.96197426,0.9478995,0.94817096,0.9334273,0.9401564,0.9384625,0.9467107,0.9411854,0.94280446,0.9544203,0.9751281,0.9360651,0.95513487,0.9531993,0.9389393
angrybirdsmovie,0.94764525,0.9268129,0.96523327,0.9479312,0.93855417,0.9399261,0.9531297,0.94855607,0.9678855,0.9351515,0.9366402,1.0,0.9454433,0.93896776,0.9242702,0.9484364,0.92990816,0.93617994,0.9457141,0.91713536,0.9024688,0.94899595,0.9526459,0.93826854,0.950376,0.85160214,0.9464372,0.92964625,0.9514628,0.95905733,0.9375684,0.9494878,0.9324306,0.9343693,0.90519243,0.8870181,0.93856895,0.9377048,0.9439036,0.9381472,0.929847,0.94224405,0.9454023,0.93733734,0.9368312,0.9380106,0.9523608,0.9593289,0.9469555,0.94158226,0.9562432,0.9468457,0.95223093,0.9443888,0.9314587,0.9360267,0.9310249,0.950175,0.96092457,0.9548665,0.9162832,0.9571387,0.92719865,0.9486739,0.94087183,0.92473567,0.925225,0.93324286,0.9348177,0.93209857,0.9553532,0.5685646,0.92994356,0.9467485,0.9329049,0.92293555,0.862898,0.9424196,0.9539953,0.9443326,0.94121844,0.9575689,0.9418321,0.9229637,0.9505016,0.929127,0.92625,0.9447611,0.9283977,0.9479856,0.94776666,0.9553532,0.92091423,0.9334663,0.94874805,0.9271627,0.9270224,0.94073445,0.9388185,0.92076427,0.9216128,0.9402496,0.9358496,0.9526337,0.91643965,0.9615546,0.9381069,0.9423712,0.9453727,0.95787585,0.9469212,0.82483506,0.92702407,0.8691403,0.92629135,0.9398987,0.95157576,0.93240166,0.9562187,0.9465627,0.94037867,0.94672936,0.9401106,0.9025167,0.9402308,0.95329815,0.94644177,0.9564454,0.92962676,0.93054414,0.9148872,0.92762923,0.9401324,0.9415445,0.94230235,0.9365462,0.94547546,0.9330807,0.96894586,0.9382702,0.9678855,0.9418061,0.9429482,0.93633443,0.9394081,0.9457773,0.924071,0.9186884,0.9290177,0.9292516,0.9475873,0.94268614,0.95051724,0.8944693,0.94103223,0.94879866,0.9284825,0.9549337,0.93086195,0.94332194,0.9678855,0.9257043,0.9503327,0.949918,0.9514401
annabellemovie,0.9641009,0.93260103,0.9604604,0.94942045,0.9596843,0.93635476,0.9611627,0.97247434,0.97956973,0.94658977,0.96838945,0.9454433,1.0000001,0.9638476,0.95329916,0.9461724,0.9537124,0.94622123,0.9561932,0.94104487,0.94768167,0.9606215,0.96396816,0.9556664,0.9512828,0.87391543,0.959387,0.95371544,0.968822,0.9576835,0.9475819,0.9599889,0.9300784,0.9420501,0.9235102,0.9122227,0.96523046,0.95874226,0.9567586,0.9459585,0.9602134,0.9576334,0.9340899,0.94590175,0.96936965,0.9607704,0.9654465,0.95499897,0.9365262,0.9624769,0.97217685,0.9577983,0.97312963,0.94930273,0.95561576,0.9534371,0.93831325,0.96491945,0.9540715,0.9658939,0.95212674,0.94792163,0.9470074,0.9698044,0.9574606,0.9492623,0.92261165,0.9553017,0.9561845,0.9393848,0.96776044,0.5808314,0.9455304,0.9562773,0.946875,0.93623763,0.88594544,0.958161,0.9526153,0.95128167,0.9631663,0.967515,0.9672872,0.95091766,0.97215486,0.9509348,0.9552351,0.9814639,0.95792884,0.9604272,0.96301794,0.96776044,0.94271475,0.94761926,0.9710879,0.95281076,0.94529873,0.96453035,0.959504,0.94123346,0.95450085,0.95394814,0.95058215,0.9677362,0.9428069,0.97300047,0.95414996,0.95768005,0.9451886,0.9518588,0.95923877,0.8350828,0.95591706,0.8847216,0.95670563,0.95986855,0.9649435,0.9522055,0.9682419,0.9504889,0.9695232,0.96593934,0.9505145,0.93708867,0.9456932,0.95672125,0.9561558,0.9635835,0.949218,0.928159,0.9533321,0.9548011,0.93522924,0.9388278,0.95736396,0.9569401,0.956256,0.94287723,0.95746607,0.9427008,0.97956973,0.9553117,0.95752877,0.9562403,0.9430165,0.95308566,0.92998785,0.9380002,0.9610985,0.9540501,0.96098727,0.957498,0.9669346,0.92714214,0.95262295,0.9556525,0.9398451,0.9489498,0.95241684,0.95627517,0.97956973,0.9314812,0.9577027,0.9572301,0.95787066
annamovie,0.96260846,0.952357,0.95803726,0.94600147,0.9553299,0.9335189,0.9571413,0.9696294,0.9795731,0.9473949,0.955921,0.93896776,0.9638476,1.0000002,0.95760417,0.9548167,0.9551091,0.9545556,0.9591699,0.95069116,0.9463308,0.96213526,0.95910096,0.9451486,0.9502383,0.8471148,0.949455,0.9568888,0.9678849,0.95652056,0.9552298,0.9554085,0.9310628,0.9342434,0.9489344,0.93608326,0.9747744,0.95681596,0.9671639,0.94126916,0.95806736,0.9615072,0.9320527,0.9423155,0.96286064,0.9603902,0.9597766,0.95077825,0.939464,0.9515931,0.96556634,0.96227425,0.9545493,0.95788294,0.9713447,0.95350254,0.9484019,0.9586835,0.96181846,0.9621909,0.93627894,0.955424,0.9364356,0.97292054,0.95041037,0.9509169,0.9237323,0.95951515,0.9603427,0.95566756,0.95953363,0.5806165,0.94182247,0.95886326,0.95484877,0.91909194,0.8930773,0.94683385,0.9480871,0.94053304,0.95879906,0.9661764,0.95325655,0.9475788,0.95713764,0.951058,0.9557396,0.95335996,0.9565233,0.94996464,0.96450716,0.95953363,0.9426948,0.95743924,0.96514994,0.9460062,0.9550001,0.96157736,0.9419637,0.95730466,0.95914984,0.94239837,0.9540431,0.96309304,0.96587974,0.96605796,0.96186084,0.9462809,0.94100904,0.9592862,0.9668441,0.8232359,0.9555605,0.9011731,0.9470813,0.9661709,0.9685055,0.95693594,0.9718959,0.9452671,0.954195,0.96568555,0.96747136,0.9269234,0.9503657,0.9674989,0.94766814,0.9591583,0.9468822,0.9324626,0.94568354,0.9544668,0.9458395,0.93213725,0.95367384,0.95525354,0.9564453,0.9513845,0.95249337,0.95510095,0.9795731,0.95533204,0.9560991,0.94567025,0.93921113,0.961855,0.93971163,0.95537704,0.9530685,0.9511216,0.9597964,0.9562606,0.9537712,0.91006005,0.9450339,0.950898,0.9425357,0.9423992,0.9537395,0.958392,0.9795731,0.9406483,0.9626925,0.95463395,0.9503572
apollo11movie,0.9481071,0.9291363,0.9588537,0.920839,0.95268476,0.92990476,0.9577364,0.9700167,0.9730602,0.94855475,0.94145685,0.9242702,0.95329916,0.95760417,1.0,0.9356402,0.96151286,0.95472383,0.93310684,0.9674569,0.9668232,0.9572526,0.9504081,0.95318514,0.93916935,0.85508025,0.952641,0.9560317,0.9625329,0.94169974,0.9424917,0.9514733,0.93875706,0.9313478,0.8955583,0.8909236,0.96692246,0.9468773,0.96754974,0.9527283,0.94979554,0.9461551,0.9187489,0.935786,0.96153635,0.9538947,0.94370496,0.949764,0.92929137,0.9445103,0.96023035,0.96879554,0.95453745,0.93431836,0.9344502,0.94390225,0.92488545,0.95441866,0.9541813,0.95590323,0.9547517,0.9474646,0.9415481,0.9576719,0.93830836,0.9363318,0.9235854,0.9661295,0.9474002,0.9449348,0.95601076,0.56333435,0.9139809,0.9308611,0.9254568,0.934308,0.879603,0.9621393,0.95100963,0.9421177,0.9346254,0.9450795,0.95219284,0.92834944,0.94923645,0.94531417,0.94065654,0.95374143,0.95037013,0.96452636,0.95734847,0.95601076,0.9392649,0.9425196,0.9665897,0.96249795,0.9446333,0.95633894,0.9412487,0.9179358,0.94452226,0.95299554,0.94652826,0.9629875,0.9345637,0.96036917,0.9592142,0.9483629,0.92218137,0.9430262,0.9665602,0.82510585,0.9505403,0.83802843,0.95005316,0.95198715,0.95774555,0.9402208,0.96119064,0.9524732,0.9507234,0.9542608,0.95303655,0.9303605,0.9558525,0.95297194,0.9328718,0.9336844,0.9512291,0.9273954,0.9633875,0.95139974,0.94404775,0.93664616,0.9466515,0.9521642,0.95292306,0.95337754,0.94567204,0.9380592,0.9730602,0.9576449,0.9364968,0.95058316,0.93421626,0.9670153,0.92522866,0.92727864,0.9524168,0.93818575,0.9570961,0.95179474,0.9430322,0.9050852,0.9383169,0.9427826,0.95836383,0.9331423,0.9579638,0.94875103,0.9730602,0.94424266,0.95691776,0.9563179,0.9372096
arcticdogsmovie,0.9571938,0.96145,0.9537523,0.94626975,0.96379524,0.95023286,0.94757545,0.9568027,0.97182065,0.9458003,0.94970036,0.9484364,0.9461724,0.9548167,0.9356402,0.99999994,0.9398723,0.9439661,0.95737916,0.9310457,0.94163316,0.9466703,0.95832264,0.9504853,0.94104016,0.8465955,0.93694896,0.9502822,0.9568634,0.9563245,0.9439248,0.95135134,0.94038504,0.92317414,0.92047864,0.9016766,0.94548,0.9390417,0.9428626,0.94301325,0.93546844,0.95771104,0.931216,0.9378589,0.9464446,0.95717925,0.9615512,0.95762765,0.91981155,0.9480241,0.9556352,0.95154804,0.9480108,0.9321413,0.9495147,0.9405501,0.9399538,0.95630497,0.9555742,0.96090245,0.9319564,0.9416657,0.93962884,0.96097976,0.9404238,0.9296736,0.94280356,0.9473302,0.944476,0.92976606,0.95689,0.59707075,0.92871743,0.9447357,0.9393266,0.91951346,0.8757667,0.9504146,0.94821566,0.9470302,0.93754387,0.95432967,0.94915116,0.9382276,0.9491494,0.9436275,0.9366618,0.9405187,0.95805144,0.9460085,0.95251083,0.95689,0.9529179,0.9457755,0.9418431,0.9390165,0.9381656,0.94949394,0.9383405,0.9184775,0.9377859,0.94077927,0.9391367,0.9482129,0.93311435,0.9585249,0.95100236,0.9598018,0.96024626,0.9508218,0.9540535,0.80455667,0.95732933,0.84833294,0.95566505,0.95471936,0.9571701,0.9449046,0.95595795,0.94148445,0.937244,0.9585555,0.9555724,0.91126376,0.94603604,0.9511535,0.9352798,0.9543128,0.93534744,0.9070589,0.9390954,0.9468939,0.94727886,0.9270555,0.9548125,0.94640476,0.9408333,0.9396039,0.95667696,0.93739504,0.97182065,0.94331294,0.95719606,0.94653815,0.93897897,0.9523294,0.91986024,0.9264899,0.94575655,0.9223597,0.9436472,0.94464105,0.9515072,0.9062068,0.95814234,0.94169056,0.93877,0.9453021,0.94601357,0.95093644,0.97182065,0.94105333,0.9539104,0.9566114,0.9501516
arcticmovie,0.9510781,0.9419931,0.9485724,0.9250706,0.9448521,0.936253,0.9591197,0.9680919,0.9735655,0.937716,0.95027775,0.92990816,0.9537124,0.9551091,0.96151286,0.9398723,0.99999976,0.94944364,0.9299866,0.9346071,0.9493007,0.951964,0.94899535,0.957182,0.94043285,0.85980135,0.9468793,0.9745035,0.95035994,0.9512817,0.9280293,0.9511264,0.9295756,0.93729985,0.906483,0.88732105,0.9586333,0.94895846,0.96075934,0.9346731,0.93392855,0.9483388,0.93133384,0.93881875,0.95664406,0.9530568,0.9451022,0.9524651,0.930396,0.9468055,0.94581217,0.96275306,0.95163,0.93322474,0.93328613,0.9556395,0.9315628,0.9488621,0.94848454,0.9520936,0.9290184,0.94993997,0.94981325,0.95022327,0.9393363,0.94680613,0.9236949,0.9556184,0.946403,0.9529463,0.94881237,0.5850022,0.9284769,0.948371,0.9237169,0.9344269,0.8716557,0.94761306,0.9438114,0.9461275,0.94726616,0.95160776,0.9537327,0.92713815,0.94031274,0.9305445,0.9452522,0.952343,0.9437121,0.95591646,0.9589593,0.94881237,0.9420386,0.9344766,0.95692027,0.94901186,0.9350542,0.95472324,0.95406103,0.91891205,0.954319,0.9518082,0.94854957,0.95098627,0.9364351,0.94704914,0.96930295,0.94390565,0.9231986,0.96186835,0.96416587,0.8233347,0.9375262,0.8421271,0.9466163,0.9408686,0.95600235,0.9360739,0.9600316,0.951027,0.9555004,0.9622877,0.9473078,0.9357686,0.95528823,0.945088,0.92713845,0.9325954,0.94129175,0.92726606,0.9526732,0.95591676,0.96532416,0.94615877,0.93560034,0.95861125,0.94898134,0.94630265,0.9367379,0.9418204,0.9735655,0.9421518,0.95022684,0.9352994,0.9277571,0.9541807,0.9173814,0.92654264,0.93896383,0.9389122,0.9603854,0.9490026,0.94086283,0.91518724,0.933472,0.939143,0.9481414,0.94266546,0.9464941,0.9359316,0.9735655,0.94668424,0.95847017,0.95480096,0.9309878
artofracingmovie,0.9562944,0.9352756,0.9610546,0.9410065,0.97801447,0.94086754,0.9563404,0.9682222,0.9753367,0.9630323,0.93998045,0.93617994,0.94622123,0.9545556,0.95472383,0.9439661,0.94944364,0.9999999,0.94759035,0.9387442,0.9468202,0.95217055,0.95245814,0.95818615,0.9455108,0.85238814,0.9608469,0.9519326,0.9549992,0.9416467,0.9426428,0.9639299,0.94499534,0.9385394,0.9248204,0.90169203,0.9505445,0.9480463,0.9565328,0.94636756,0.9615454,0.96110207,0.93185085,0.9554194,0.9513343,0.9506352,0.9491455,0.9442084,0.9330848,0.96323574,0.9505072,0.9660317,0.95390856,0.9391051,0.94019026,0.96607745,0.9539075,0.94587654,0.9601663,0.9620732,0.9357305,0.9465276,0.9437831,0.9620438,0.9314903,0.92958903,0.9295922,0.95434105,0.9496666,0.95845234,0.95884067,0.5962341,0.9394714,0.9458364,0.94792676,0.9377262,0.91202515,0.9588495,0.94634587,0.93776196,0.9454309,0.9552947,0.95352554,0.939518,0.9510953,0.9306636,0.9438267,0.9440448,0.942038,0.94385636,0.94807863,0.95884067,0.94617647,0.95399386,0.94805884,0.9458789,0.95145416,0.9575674,0.94348633,0.9218535,0.95247036,0.9440547,0.94540757,0.9559145,0.94732815,0.9544766,0.96676177,0.9540636,0.9279628,0.9463958,0.95603484,0.8648727,0.94004476,0.8727239,0.9463854,0.95576096,0.96709996,0.9464287,0.95256954,0.9548925,0.9487512,0.95373243,0.9477977,0.9400289,0.94298786,0.96335036,0.9426304,0.93993014,0.96978825,0.93817335,0.94090503,0.9692825,0.95528024,0.9421556,0.9422859,0.94254476,0.95517457,0.94794774,0.94835734,0.96068585,0.9753367,0.9582574,0.95579875,0.9532755,0.932822,0.9614057,0.9341967,0.9477852,0.9521928,0.9406409,0.95933926,0.95337707,0.9539423,0.91803145,0.9413813,0.9419754,0.95370346,0.9379745,0.9430936,0.9516211,0.9753367,0.96797985,0.9592795,0.96201336,0.9354126
avengers,0.97332805,0.93572766,0.9541489,0.94170445,0.95616424,0.9322806,0.9520016,0.9550753,0.9717546,0.9502707,0.96034527,0.9457141,0.9561932,0.9591699,0.93310684,0.95737916,0.9299866,0.94759035,1.0,0.92440933,0.9269571,0.9454225,0.95551044,0.9449072,0.953023,0.855843,0.94494516,0.94454855,0.95297545,0.9530446,0.96815753,0.9572966,0.92839956,0.92776555,0.93397945,0.91401434,0.94858485,0.9448003,0.94569236,0.9492917,0.9499336,0.9628941,0.95023793,0.9579607,0.9533637,0.9467228,0.9590675,0.95545006,0.92675346,0.9614548,0.95368373,0.94910705,0.9584179,0.9549565,0.93697625,0.9489307,0.94944876,0.9459136,0.9578463,0.95539314,0.9317279,0.946088,0.92998916,0.9572458,0.9389749,0.93464965,0.9270027,0.93992007,0.9413967,0.932881,0.9589883,0.57780707,0.942154,0.95990986,0.94743115,0.9319136,0.8822407,0.94728965,0.9463555,0.93915564,0.9601603,0.956256,0.94656736,0.93972045,0.95843637,0.9409835,0.933493,0.94218034,0.95137864,0.9365588,0.9459357,0.9589883,0.94617736,0.9480932,0.95510465,0.9455539,0.94099087,0.9514357,0.9405081,0.9367956,0.9456058,0.9418771,0.94123507,0.9629613,0.941952,0.95475644,0.9450804,0.9521586,0.9443891,0.95509744,0.94392085,0.8392062,0.94420016,0.89179844,0.9390406,0.9605084,0.95887285,0.952039,0.96510035,0.94260424,0.9432814,0.9470968,0.94829005,0.9129777,0.93933797,0.95426166,0.9392661,0.96042657,0.9446304,0.92942107,0.9306419,0.9474639,0.94261885,0.9252562,0.94734675,0.9388646,0.94724524,0.94626945,0.95655054,0.9417767,0.9717546,0.94443995,0.9537132,0.95208365,0.94067585,0.9487672,0.93370503,0.9407046,0.94704056,0.9332311,0.95912707,0.95241135,0.9504819,0.9175893,0.9505224,0.95036006,0.9384193,0.9471575,0.93838775,0.95132655,0.9717546,0.94193256,0.9631406,0.9510533,0.9437813
beachbummovie,0.9407486,0.9210625,0.9476043,0.9145336,0.9405527,0.93668514,0.9447307,0.95729315,0.96086895,0.9359212,0.9352413,0.91713536,0.94104487,0.95069116,0.9674569,0.9310457,0.9346071,0.9387442,0.92440933,0.99999946,0.947166,0.94920385,0.9454416,0.9413595,0.9225173,0.8509352,0.9395482,0.9335648,0.9558505,0.9173603,0.93650085,0.93977153,0.9113853,0.91550136,0.9008097,0.88746786,0.9550472,0.93457544,0.9467718,0.94731843,0.9452668,0.9342777,0.88914543,0.9240982,0.9584161,0.9412495,0.9380791,0.93611485,0.92125475,0.92805946,0.95469815,0.95570314,0.94992393,0.9252945,0.9322745,0.935444,0.9164833,0.9379793,0.93901354,0.9329599,0.960436,0.92519253,0.9320709,0.9459421,0.9259456,0.92039156,0.91250455,0.9515459,0.93665653,0.9460071,0.94079447,0.5868497,0.9092795,0.92311937,0.92773074,0.9127092,0.87169087,0.93946415,0.93268365,0.9373889,0.9192283,0.9308491,0.9539105,0.9374774,0.94154304,0.94696444,0.9322338,0.93970716,0.93595713,0.9468021,0.9469471,0.94079447,0.9301641,0.93720627,0.9469337,0.9481836,0.93304855,0.9628167,0.92990655,0.90939325,0.9299793,0.9332754,0.9427882,0.94423664,0.9183564,0.9529215,0.9385556,0.94048864,0.91909134,0.93151647,0.95653987,0.8158482,0.9466778,0.84825027,0.9286631,0.94205666,0.9530977,0.9240464,0.9484019,0.9341368,0.9463219,0.93886805,0.9430057,0.92767864,0.9382865,0.93701583,0.92907053,0.933302,0.93651384,0.8982156,0.9478809,0.94211304,0.9320748,0.9319792,0.9350124,0.9248564,0.9458689,0.9369781,0.934633,0.92734,0.96086895,0.94708663,0.9255031,0.94122535,0.93161094,0.9508051,0.9077735,0.9195418,0.94396824,0.91829914,0.939628,0.9260132,0.9319038,0.90033495,0.9279004,0.9359835,0.9446966,0.9175094,0.94774437,0.9421228,0.96086895,0.9148878,0.9450652,0.94775987,0.9341885
bernadettefilm,0.94125193,0.9248982,0.9418723,0.91827285,0.95425063,0.93513614,0.9426299,0.95680237,0.96341646,0.9415065,0.93791,0.9024688,0.94768167,0.9463308,0.9668232,0.94163316,0.9493007,0.9468202,0.9269571,0.947166,1.0000005,0.94862044,0.94268167,0.9514229,0.92678326,0.82580703,0.9441958,0.9432586,0.95610076,0.9294965,0.921622,0.9519721,0.9257466,0.91592276,0.893217,0.8893112,0.9488894,0.93726176,0.9479161,0.94617474,0.9345698,0.9414946,0.89724153,0.9206079,0.958435,0.93957543,0.93968016,0.9359734,0.92169,0.9365812,0.9524161,0.95688283,0.9398252,0.91803056,0.9309013,0.93906057,0.9233611,0.9537827,0.9368442,0.9524507,0.9431898,0.92899823,0.93225664,0.94907093,0.9279127,0.92623675,0.9219764,0.9566982,0.9382283,0.93193585,0.9514132,0.57603,0.9163849,0.9184361,0.9253683,0.91044915,0.8796312,0.9500141,0.9343609,0.9336323,0.9209627,0.9368007,0.94308186,0.9230535,0.93786263,0.9261853,0.9295882,0.9433957,0.9482487,0.9529711,0.95683247,0.9514132,0.93534243,0.9432376,0.9427481,0.9454631,0.9223408,0.9538484,0.9312927,0.8975817,0.93207365,0.9379554,0.93566674,0.9453467,0.92224586,0.95241076,0.9475763,0.94040173,0.9155899,0.9271993,0.94812226,0.8133837,0.9594358,0.8278677,0.954944,0.94614595,0.94808084,0.93786657,0.9441644,0.93851966,0.93878835,0.95062304,0.94851696,0.93377715,0.9401968,0.9388693,0.92458427,0.9257811,0.9467944,0.9008223,0.9756187,0.9502156,0.9385305,0.9249521,0.9495842,0.9357073,0.9420514,0.9418702,0.9297147,0.917852,0.96341646,0.95473695,0.9354972,0.93606764,0.9155039,0.95257586,0.9007286,0.9179931,0.9419488,0.92756194,0.9410574,0.93659896,0.9315135,0.9009262,0.9366146,0.9352223,0.941638,0.92992747,0.9565448,0.950763,0.96341646,0.9258472,0.93761444,0.9537177,0.9281194
