movie,21bridgesmovie,47metersdown,abeautifuldaymovie,abominablemovie,adastramovie,adogsjourneymovie,aftermathmovie,aftermovie,ahiddenlifefilm,alitamovie,angelhasfallen,angrybirdsmovie,annabellemovie,annamovie,apollo11movie,arcticdogsmovie,arcticmovie,artofracingmovie,avengers,beachbummovie,bernadettefilm,blackandbluemovie,blackchristmas,blindedbythelightmovie,bombshellmovie,booksmart,breakthroughmovie,brianbanksmovie,brightburnmovie,brittanyrunsmov,captainmarvelofficial,captivestatemovie,catsmovie,charliesangels,childsplaymovie,clarathefilm,coldpursuitmovie,countdown,currentwarmovie,darkwatersmovie,detectivepikachumovie,disneyaladdin,disneyfrozen,disneymaleficent,doctorsleepmovie,dolemiteismyname,dontletgomovie,doramovie,downtonabbey_official,dumbo,escaperoom,everybodyknowsmovie,fastandfuriousmovie,fightingwmyfam,fivefeetapartfilm,fordvferrari,freaksthefilm,geminimanmovie,glassmovie,gloriabellmovie,godzillamovie,goldfinchmovie,goodboysmovie,goodliarmovie,gretafilm,halathemovie,happydeathdaymovie,harrietfilm,hellboymovie,hersmellmovie,highlifemovie,highstrungmovie,honeyboymovie,hotelmumbaifilm,httydragon,hustlemovie,hustlersmovie,isntitromantic,itmovieofficial,jayandsilentbob,johnwickmovie,jojorabbitmovie,jokermovie,judythefilm,jumanjimovie,justmercyfilm,knivesout,lalloronamovie,lastblackmansf,lastchristmasthemovie,latenightmovie,lighthousemovie,lionking,littlethemovie,littlewomenmovie,littlewoodsfilm,longshotmovie,lordsofchaosmovie,lucyintheskyfilm,mamovie2019,marriagestory,meettheaddams,meninblack,midsommarmovie,midwaymovie,missbalamovie,missinglinkfilm,motherlessbklyn,onceinhollywood,onthebasisofsex,overcomermovie,peanutbutterfalcon,petsematarymovie,piercingmovie,playingwithfire,playmobilthemovie,pomsmovie,queenandslim,rambomovie,readyornotfilm,richardjewellfilm,rocketmanmovie,scarystoriesmovie,secretlifeofpets,serenityfilm,shaftmovie,shazammovie,spidermanmovie,spiesindisguise,starwars,stormboymovie,stubermovie,taosdfilm,teenspiritmov,terminator,theaeronautsmov,thebestofenemies,thedeaddontdie,thefarewell,thehighwaymen,thehummingbirdprojectfilm,theintrudermovie,theirishmanfilm,thekitchenmovie,thelegomovie,themustangfilm,thenightingalefilm,theprodigymovie,thesunisalsoastar,theupsidefilm,tolkienmovie,toystory,triplefrontier,uglydolls,uncutgems,underthesilverlake,usmovie,wavesmovie,whatmenwant,wonderparkmovie,wrinklestheclown,xmenmovies,yardiefilm,yesterdaymovie,zombieland
21bridgesmovie,0.9999998,0.960762,0.9563641,0.9450533,0.9539986,0.948717,0.95595485,0.9503758,0.9721639,0.9409324,0.9419289,0.9247528,0.95673203,0.9562194,0.95177007,0.9430442,0.94250536,0.9542692,0.97850287,0.94241714,0.93732363,0.9571714,0.9418549,0.95112383,0.9463536,0.8606147,0.94929796,0.93828815,0.9607541,0.9452822,0.9379693,0.94189274,0.9226902,0.94339865,0.94476,0.9043991,0.9528348,0.97013855,0.9534596,0.94483274,0.96063566,0.9362293,0.9360515,0.93833,0.95379555,0.950577,0.9454998,0.92910796,0.92667246,0.9401552,0.9539696,0.95633173,0.93395776,0.9477618,0.9427776,0.9404345,0.955125,0.94378895,0.9452277,0.95078135,0.9498944,0.9526321,0.93780625,0.9394489,0.94540054,0.93510294,0.9481041,0.95236456,0.9379366,0.9195884,0.9576775,0.7692095,0.9231002,0.95984405,0.93325526,0.91036606,0.9024618,0.9412994,0.9479902,0.94981635,0.9295505,0.9360271,0.9645132,0.94421035,0.9479952,0.9381118,0.9354333,0.946453,0.9345326,0.95912546,0.9142741,0.9576775,0.919247,0.9345065,0.949905,0.9458179,0.9493431,0.9481464,0.95592636,0.9503864,0.9384533,0.9397333,0.9281387,0.95543116,0.9436858,0.9567773,0.949461,0.9468535,0.91134405,0.9435661,0.9530063,0.8585096,0.95946884,0.8973046,0.9424825,0.96260405,0.9821867,0.9449662,0.950558,0.9514786,0.9415823,0.95555544,0.9421204,0.93029875,0.95189124,0.94863904,0.95198923,0.9551923,0.9434804,0.90637195,0.95401216,0.94661796,0.94117147,0.9121703,0.9567487,0.94828063,0.9592968,0.95411974,0.95613605,0.9459424,0.9721639,0.95901364,0.92893195,0.9254636,0.9310687,0.94678515,0.9507938,0.935788,0.94563675,0.95969915,0.9426727,0.93660784,0.93341625,0.9329384,0.9364998,0.94648236,0.9455737,0.93722355,0.94675547,0.948166,0.9721639,0.9457409,0.9389202,0.94693315,0.9476259
47metersdown,0.960762,0.99999994,0.95159847,0.9498894,0.94132626,0.9487093,0.95124316,0.9532564,0.9708462,0.947894,0.9303288,0.9099591,0.95407736,0.95181936,0.93386245,0.94914955,0.94488376,0.93865675,0.9565851,0.9385757,0.94636065,0.9564944,0.9552381,0.95515996,0.9417655,0.84946233,0.9470403,0.9599642,0.96005005,0.9410164,0.94233996,0.9490363,0.92702705,0.9449976,0.9457239,0.92745423,0.96959656,0.9524576,0.9551879,0.9338817,0.94877034,0.94402534,0.93723357,0.94697756,0.9545113,0.9489824,0.9521882,0.9410984,0.9287491,0.95078486,0.9509567,0.9585265,0.94255245,0.9323767,0.9475552,0.93871045,0.9502141,0.9475731,0.9451728,0.9507217,0.9372961,0.94356674,0.9334753,0.9271669,0.9591825,0.9378373,0.9504121,0.9496359,0.9118833,0.9255804,0.95959723,0.73738074,0.9351366,0.96794015,0.9408541,0.921467,0.89180034,0.94388723,0.93843585,0.9561685,0.9245309,0.93875086,0.95417523,0.9482643,0.944438,0.93814117,0.9251498,0.9524281,0.94221103,0.9573802,0.91409457,0.95959723,0.9260321,0.92734545,0.95342946,0.9301216,0.93681777,0.9615334,0.94729495,0.9517152,0.94701517,0.9522733,0.94609934,0.95173407,0.96047705,0.9472612,0.96006596,0.927738,0.90651923,0.94232374,0.95848376,0.83697665,0.9592619,0.88540614,0.952176,0.93865526,0.9620246,0.9555025,0.9567247,0.93862635,0.937316,0.9500668,0.9538168,0.92546874,0.94179356,0.96038246,0.94897914,0.9492111,0.9489114,0.9088537,0.9490006,0.94283116,0.94637054,0.9347609,0.9477354,0.94114935,0.9417291,0.94068295,0.95949936,0.94241905,0.9708462,0.9537475,0.9357541,0.9119275,0.9298494,0.9528393,0.96134776,0.93006414,0.92610496,0.94368386,0.9438598,0.9388051,0.9339233,0.92340416,0.94349796,0.9389438,0.95965666,0.9318502,0.9449733,0.94309014,0.9708462,0.93895245,0.9416962,0.9478932,0.9528598
abeautifuldaymovie,0.9563641,0.95159847,0.9999998,0.9448269,0.95762324,0.95691156,0.96026474,0.958727,0.98182726,0.94373953,0.9298008,0.9470997,0.9608584,0.96328914,0.96197027,0.96378744,0.95925015,0.96034026,0.9610554,0.9598546,0.9560917,0.9710959,0.9534646,0.96218204,0.941392,0.8112244,0.9563635,0.9534356,0.9681855,0.95201784,0.94300044,0.9487774,0.94664115,0.95824087,0.9523545,0.935163,0.96844816,0.9354358,0.96521866,0.9491734,0.9576958,0.9544589,0.9458673,0.9550552,0.94133353,0.9667009,0.9578707,0.9530918,0.9299521,0.9570518,0.97313493,0.9650407,0.94967324,0.95089424,0.9471209,0.9480823,0.96015203,0.9605157,0.9555133,0.96408623,0.951309,0.9563763,0.9449316,0.9513175,0.9480699,0.9521106,0.95092505,0.95783794,0.9336648,0.9435931,0.9676297,0.788807,0.94452316,0.96065253,0.93685395,0.9294787,0.90037894,0.94394565,0.9513015,0.9496644,0.93808347,0.9336508,0.9690138,0.956361,0.9630341,0.9352684,0.9309732,0.96346194,0.9370115,0.9569925,0.9373159,0.9676297,0.9475338,0.95580053,0.97522897,0.9466074,0.95124614,0.95903987,0.9593521,0.95488685,0.95492274,0.9557696,0.9409396,0.96397454,0.9452754,0.9684707,0.94968635,0.95297986,0.9493294,0.95017177,0.96471125,0.8290628,0.9473894,0.8985639,0.96036935,0.9494561,0.9635944,0.94489574,0.96225405,0.94541043,0.9468458,0.9562077,0.96070874,0.9424286,0.96160537,0.9496884,0.9722456,0.962641,0.94562674,0.8892649,0.96676475,0.94270545,0.9578635,0.92408055,0.95841837,0.95102537,0.94238144,0.96166766,0.9693612,0.9650088,0.98182726,0.96870035,0.9443364,0.94526845,0.949675,0.9640217,0.9604731,0.9386557,0.9490539,0.93172574,0.95243776,0.9664604,0.95544815,0.90834403,0.9590122,0.96015036,0.94258523,0.9581179,0.9497569,0.9610841,0.98182726,0.93961644,0.96749276,0.96082115,0.96535015
abominablemovie,0.9450533,0.9498894,0.9448269,0.9999997,0.9419395,0.9477393,0.95875293,0.9558795,0.96995574,0.94500774,0.93698996,0.9271653,0.96132815,0.94905275,0.93732345,0.9493714,0.9521544,0.9548176,0.9393465,0.94352585,0.9344093,0.94746923,0.9397142,0.9435319,0.9440804,0.83427835,0.94084805,0.9533019,0.94503254,0.94664997,0.9318085,0.9488394,0.93036777,0.92986166,0.9384309,0.930545,0.9522854,0.95598924,0.963539,0.9392992,0.9412976,0.9440869,0.9414551,0.95259964,0.95848024,0.9279372,0.94423866,0.94265765,0.93989915,0.95227003,0.94807005,0.9555542,0.936503,0.94400555,0.94568974,0.95361906,0.9523001,0.95619214,0.95346063,0.9579801,0.9352435,0.9644423,0.9336833,0.95539546,0.950212,0.9473133,0.95483285,0.9484856,0.92275023,0.93345386,0.96183556,0.76565534,0.94486606,0.952533,0.93577886,0.9156603,0.9031599,0.94785446,0.9429641,0.957839,0.9249726,0.963221,0.9541286,0.941586,0.95271444,0.9455806,0.9359294,0.9596588,0.94355434,0.9358374,0.9228288,0.96183556,0.9399685,0.9382738,0.9406027,0.9454403,0.9368545,0.96007943,0.9395481,0.9331984,0.93512046,0.93206227,0.9357702,0.9492216,0.92451286,0.9509778,0.94468784,0.9393948,0.9342488,0.9421079,0.9584281,0.8581893,0.9505928,0.90474504,0.93455434,0.9286054,0.956338,0.9369392,0.95462024,0.94958895,0.94913626,0.96230143,0.95269734,0.9306129,0.9477863,0.94546884,0.9367826,0.9528091,0.9534304,0.90603244,0.9368946,0.9377906,0.9468929,0.9292757,0.95437187,0.9545091,0.93249905,0.93132216,0.95538986,0.9376173,0.96995574,0.9487414,0.9391462,0.9242654,0.92670625,0.9515586,0.9458621,0.9370324,0.94458187,0.9349957,0.95833683,0.94955236,0.94042253,0.9004613,0.949903,0.9504943,0.95018756,0.93171847,0.9496168,0.9278175,0.96995574,0.9481448,0.9335809,0.95583415,0.9494991
adastramovie,0.9539986,0.94132626,0.95762324,0.9419395,0.99999994,0.9441553,0.9564153,0.9443675,0.9738935,0.94837546,0.9293744,0.9350025,0.9456167,0.95187825,0.96242857,0.953798,0.9554935,0.974479,0.9529273,0.9524527,0.9415213,0.9493473,0.95240635,0.9393044,0.9364033,0.7944533,0.9616924,0.945606,0.9432239,0.9611294,0.92687595,0.94060487,0.95023096,0.9546167,0.9421329,0.91604775,0.9635013,0.9320433,0.954615,0.939389,0.9487433,0.9433857,0.94077104,0.9296911,0.94686055,0.9444268,0.9527686,0.94819707,0.9195811,0.9434122,0.9440186,0.9517992,0.9477402,0.945508,0.92911625,0.9708102,0.95949996,0.9479858,0.95692235,0.9567596,0.9394124,0.9531437,0.94296986,0.9439702,0.92858875,0.94316715,0.95780134,0.9371773,0.9336211,0.9246261,0.961722,0.768892,0.93331033,0.9591097,0.9365664,0.9228633,0.8832404,0.9502853,0.9534773,0.9569059,0.9367863,0.9296027,0.9610244,0.9516351,0.9418984,0.9313019,0.93237877,0.9539578,0.9238554,0.9582771,0.9395723,0.961722,0.9379149,0.9488173,0.96398884,0.94675195,0.95013165,0.9586936,0.9519477,0.946045,0.94436693,0.9371682,0.9190563,0.9561834,0.93512297,0.9422675,0.94439155,0.9495322,0.93063945,0.9442719,0.9573461,0.8595895,0.9557834,0.89536774,0.9426464,0.9603721,0.9626543,0.94425,0.9549549,0.9441304,0.93949085,0.94597614,0.94653726,0.94088674,0.9450592,0.94188774,0.9594211,0.9516469,0.95692533,0.88656867,0.94718933,0.95428723,0.9556277,0.8970394,0.9528638,0.9621035,0.93739396,0.9500378,0.9527332,0.9654082,0.9738935,0.9472938,0.92087656,0.9384582,0.94794595,0.9508978,0.951701,0.9384022,0.9461648,0.91585946,0.9595525,0.95557624,0.93929577,0.90680283,0.9404575,0.95317227,0.9389087,0.9454212,0.94236934,0.947572,0.9738935,0.95852804,0.9477036,0.95432484,0.94774663
adogsjourneymovie,0.948717,0.9487093,0.95691156,0.9477393,0.9441553,0.99999994,0.9645895,0.95000356,0.976,0.9550896,0.92796427,0.9275574,0.94296867,0.947845,0.95819336,0.9407738,0.9464629,0.9549546,0.9420755,0.96295536,0.9693986,0.9518548,0.95899844,0.96140826,0.93012047,0.8423156,0.962214,0.95503235,0.94111663,0.94742024,0.94805074,0.94969195,0.9407196,0.9474375,0.945807,0.9361643,0.96088094,0.9415928,0.96225315,0.95248115,0.93692434,0.9428777,0.9316248,0.94251007,0.9499715,0.931968,0.96097594,0.9278283,0.93249136,0.94361144,0.9501109,0.96514815,0.96329415,0.9416346,0.9419058,0.9423832,0.95366997,0.9490116,0.9448303,0.9496962,0.93128604,0.9630476,0.9525603,0.9369395,0.9639601,0.94934005,0.95145893,0.9516209,0.92253584,0.9380157,0.9569552,0.7795796,0.9452364,0.95919734,0.94474125,0.9283454,0.89027864,0.94482255,0.9528821,0.95677465,0.93331516,0.9447276,0.9580165,0.94355655,0.94543284,0.9241065,0.9346147,0.94652724,0.93473154,0.9587216,0.94942564,0.9569552,0.9390623,0.9455602,0.94668883,0.93569547,0.94675046,0.96415216,0.9569158,0.94830114,0.9471887,0.95644385,0.9429585,0.95842725,0.9200658,0.95134145,0.96052057,0.9351729,0.90725225,0.9477938,0.9635532,0.8642061,0.9562047,0.91550356,0.9530697,0.9337132,0.95417506,0.95547575,0.95510906,0.95076466,0.94233644,0.9469792,0.9483627,0.96483535,0.96257865,0.95763856,0.9521953,0.9498635,0.94903797,0.92078644,0.9516899,0.94988215,0.95374906,0.9392038,0.9602937,0.9450722,0.9360861,0.93602884,0.9497428,0.94086313,0.976,0.94713056,0.94643456,0.923915,0.94553006,0.9603274,0.94113374,0.93304974,0.93237025,0.9441091,0.95041436,0.9520264,0.9458392,0.8914522,0.9495184,0.9480208,0.9508091,0.9486703,0.94040334,0.94100076,0.976,0.95055693,0.95425165,0.95996565,0.949103
aftermathmovie,0.95595485,0.95124316,0.96026474,0.95875293,0.9564153,0.9645895,1.0000004,0.95829564,0.98320436,0.9559319,0.9401525,0.9246051,0.96411896,0.9588967,0.96633697,0.9619077,0.95532435,0.96092033,0.9563285,0.96825397,0.9626727,0.94926864,0.95333546,0.9630868,0.9430127,0.8499584,0.95333433,0.95445347,0.9541922,0.95465255,0.95674294,0.9546081,0.935818,0.9482701,0.9349945,0.9216772,0.96642226,0.95928055,0.9673416,0.9584501,0.95396596,0.9549269,0.9451347,0.95432824,0.9648227,0.94516087,0.95379317,0.9540864,0.93755186,0.95840865,0.9556583,0.97104716,0.9540922,0.9628564,0.94520634,0.9536314,0.9665194,0.9619754,0.95504355,0.9604536,0.947926,0.9689885,0.9609194,0.95571804,0.9583105,0.9477686,0.9615894,0.95840615,0.94288933,0.9443712,0.9682188,0.7645,0.9471968,0.9666013,0.93010646,0.93206257,0.911411,0.95078003,0.96357393,0.96065444,0.95121396,0.9669879,0.9656478,0.9507119,0.96005875,0.94690216,0.9454204,0.9610408,0.94159603,0.9482318,0.9472236,0.9682188,0.9521482,0.9562488,0.9566765,0.9490067,0.96410894,0.9648482,0.9718708,0.94751537,0.9531775,0.9556336,0.94263655,0.968265,0.9320014,0.95497197,0.9640999,0.9573254,0.9323175,0.9552534,0.96676064,0.8564495,0.9605712,0.89233303,0.9570788,0.95338154,0.9634801,0.93526644,0.97548115,0.9861747,0.9545469,0.9648879,0.9623845,0.9630036,0.96718186,0.960929,0.9573663,0.9456117,0.958389,0.90201265,0.9655904,0.95653474,0.96040106,0.9268884,0.96028703,0.9599203,0.9459456,0.94868153,0.95863134,0.95780694,0.98320436,0.9585066,0.94692653,0.9402713,0.9570509,0.96376735,0.94678503,0.937101,0.95572317,0.94516236,0.9810331,0.9614358,0.9579085,0.91859144,0.95353115,0.9591399,0.95037526,0.9530784,0.947565,0.95230925,0.98320436,0.9515183,0.95532274,0.95888925,0.9493815
aftermovie,0.9503758,0.9532564,0.958727,0.9558795,0.9443675,0.95000356,0.95829564,1.0000004,0.97277695,0.93814534,0.9415879,0.9182725,0.9595611,0.947411,0.9435901,0.9482821,0.9543407,0.9474874,0.9486937,0.9443061,0.93803793,0.9497208,0.938259,0.9512933,0.91541564,0.8292873,0.9566793,0.95703757,0.9584296,0.9511608,0.93312836,0.95502585,0.9402479,0.9462585,0.9388503,0.92836905,0.9561329,0.95031047,0.95996934,0.9373134,0.9420923,0.9537114,0.9498613,0.9475641,0.9477474,0.9450222,0.93728215,0.9320626,0.932311,0.9546092,0.95642537,0.9519284,0.9428337,0.945646,0.9589318,0.95326924,0.9543581,0.95118624,0.9463171,0.9526658,0.94721895,0.9528472,0.9425151,0.9428713,0.94956803,0.94171035,0.9535211,0.94431263,0.9196204,0.925766,0.95716745,0.78525674,0.9387698,0.9548627,0.94418955,0.927365,0.9126028,0.9441265,0.9503072,0.9467437,0.9285649,0.95108765,0.95873106,0.94766396,0.9578473,0.927242,0.93409216,0.9566868,0.9375834,0.9569299,0.92765933,0.95716745,0.9385835,0.9451888,0.949301,0.9473554,0.9394798,0.96308607,0.9456034,0.9416253,0.9443318,0.9420437,0.93766785,0.9445533,0.9306252,0.9514178,0.9536398,0.9472302,0.9196751,0.9489205,0.9613018,0.86080223,0.9490887,0.90156424,0.9411715,0.9413248,0.96046627,0.9458254,0.9563573,0.94845766,0.94514716,0.9441166,0.95504963,0.928693,0.95347315,0.9489156,0.96216094,0.9517617,0.94997567,0.897347,0.9486766,0.93513185,0.95312464,0.9298257,0.9444199,0.9505952,0.9391923,0.9360401,0.95246536,0.9511353,0.97277695,0.9566226,0.94300264,0.92870593,0.9349159,0.94778925,0.9549493,0.9362397,0.94679385,0.9273341,0.95756626,0.95378476,0.94683766,0.898098,0.9509442,0.9463995,0.9480738,0.9336713,0.9566053,0.9432257,0.97277695,0.94725466,0.9420341,0.95567065,0.9609342
ahiddenlifefilm,0.9721639,0.9708462,0.98182726,0.96995574,0.9738935,0.976,0.98320436,0.97277695,0.99999964,0.9716699,0.95369023,0.94873315,0.9765905,0.97628474,0.9742917,0.9755077,0.97512406,0.97600114,0.97188014,0.9750004,0.9749425,0.9761017,0.9723962,0.97833765,0.9568484,0.8491451,0.9724657,0.97425306,0.9750699,0.9675137,0.965645,0.9731321,0.96242285,0.9659261,0.9636134,0.94912094,0.9853819,0.96365327,0.98221004,0.96691495,0.97039235,0.9672776,0.95657855,0.9644903,0.9751532,0.9658925,0.97508764,0.96675766,0.9527431,0.9708324,0.97484666,0.98302746,0.96586215,0.9700133,0.95874465,0.9720107,0.97301245,0.9769284,0.9717916,0.9782228,0.96570355,0.97840315,0.96923876,0.96910554,0.96852463,0.9672664,0.97628623,0.9709064,0.9558778,0.9618461,0.9853081,0.7956155,0.9613855,0.98237437,0.9589525,0.9507597,0.9233728,0.9713851,0.9735612,0.96983474,0.9587623,0.96421385,0.98500395,0.97002363,0.9723017,0.9580126,0.9563017,0.9791387,0.9591989,0.9746704,0.9601963,0.9853081,0.9598655,0.9716886,0.9768911,0.96049416,0.9676176,0.9797771,0.975805,0.9665474,0.96865046,0.96983147,0.9569447,0.9815638,0.95626986,0.97387284,0.9758944,0.96740186,0.9474631,0.9671442,0.9820904,0.8567894,0.97535264,0.91099423,0.9732147,0.967792,0.9807826,0.9645166,0.981425,0.97120714,0.97091764,0.9744355,0.9724562,0.9663226,0.97799236,0.9770357,0.97769713,0.9690723,0.97056663,0.9268832,0.97698724,0.9711167,0.9742418,0.9444433,0.97903514,0.96864176,0.96246946,0.9683419,0.9804021,0.974179,0.99999964,0.97400844,0.963541,0.956295,0.96697336,0.9770191,0.96864516,0.95413136,0.9649657,0.9551135,0.9773611,0.9716679,0.9720588,0.9234363,0.9668139,0.9751196,0.9653539,0.96814615,0.96968764,0.9702233,0.99999964,0.9662951,0.9776522,0.9764303,0.9722682
alitamovie,0.9409324,0.947894,0.94373953,0.94500774,0.94837546,0.9550896,0.9559319,0.93814534,0.9716699,0.9999999,0.9118174,0.91762996,0.9426793,0.94808793,0.9402337,0.93499047,0.93778646,0.95996165,0.94281703,0.9512045,0.9500374,0.9570476,0.9409941,0.94746184,0.9255323,0.81504446,0.95671034,0.9497982,0.94646204,0.9398665,0.9456066,0.9570107,0.93592983,0.9352178,0.9283493,0.9469111,0.9593821,0.9361807,0.9655403,0.9363789,0.9477641,0.925651,0.91708606,0.9293326,0.93654674,0.9403352,0.946157,0.9463609,0.9340804,0.93527305,0.94702256,0.9619971,0.9501299,0.9400823,0.92386675,0.94816256,0.93767333,0.9418706,0.94167,0.95286155,0.9321325,0.9496197,0.93875164,0.9309585,0.94804907,0.94186556,0.93683153,0.94428164,0.9212108,0.9553872,0.96361864,0.78879446,0.9513826,0.9529812,0.92580175,0.92214704,0.8940554,0.9443687,0.9455094,0.9457672,0.9246093,0.9433442,0.9521699,0.94473505,0.9459934,0.9382959,0.9242758,0.9443887,0.93160594,0.9419966,0.9472159,0.96361864,0.9363939,0.9470429,0.9419256,0.93136144,0.9415487,0.9622757,0.9586759,0.9289323,0.95025957,0.944017,0.9295283,0.9540909,0.94413763,0.9454124,0.94255185,0.9303487,0.9041978,0.94010705,0.96299076,0.8569768,0.94610953,0.8739996,0.95053,0.9314512,0.95123297,0.9366771,0.9533657,0.9445713,0.9334234,0.9442989,0.93427736,0.94056255,0.9494151,0.95302486,0.9453606,0.9519379,0.9513105,0.90714943,0.94420403,0.9548863,0.9444921,0.91486925,0.95586497,0.94236374,0.9341202,0.9440402,0.95678085,0.951768,0.9716699,0.9448395,0.9406,0.9213722,0.948974,0.9592286,0.93779284,0.93312186,0.9177185,0.91739994,0.9532785,0.9332243,0.9490937,0.90326524,0.9424291,0.95787096,0.93249977,0.95043814,0.94647306,0.94421583,0.9716699,0.9512687,0.94847625,0.9485597,0.9420789
angelhasfallen,0.9419289,0.9303288,0.9298008,0.93698996,0.9293744,0.92796427,0.9401525,0.9415879,0.95369023,0.9118174,1.0000002,0.909937,0.93332213,0.931989,0.9421346,0.9218483,0.94856906,0.9178144,0.9304248,0.938989,0.92098325,0.9193532,0.9328922,0.92440325,0.9236101,0.83416945,0.92491615,0.91818124,0.92338,0.93648267,0.91601735,0.9256773,0.89268583,0.9277841,0.93857706,0.8933815,0.94010586,0.9452782,0.9393902,0.938151,0.9224917,0.93129987,0.9287522,0.91741145,0.9493565,0.9356936,0.9279786,0.89237857,0.89836884,0.9274337,0.9227155,0.93244493,0.9184307,0.9194885,0.9325607,0.92087686,0.9293578,0.92504555,0.9468652,0.9384852,0.94486654,0.9447196,0.9170318,0.938009,0.92972726,0.9397167,0.932323,0.93124294,0.95789915,0.9036316,0.946871,0.7445166,0.90437955,0.9361425,0.9386844,0.8909449,0.8980568,0.92753136,0.958892,0.9079164,0.9556175,0.9211563,0.9428081,0.9243166,0.9602108,0.9387978,0.9516776,0.9343157,0.933922,0.9298416,0.9097344,0.946871,0.9185769,0.92470837,0.942378,0.9376005,0.9464748,0.937573,0.92699856,0.9443463,0.9202359,0.9356721,0.8864461,0.93568975,0.92424035,0.92226845,0.93764603,0.93794876,0.9067665,0.93224186,0.9354625,0.8716636,0.9305738,0.9003911,0.915255,0.94887555,0.9513141,0.93283856,0.9439131,0.93655324,0.93274224,0.92400914,0.93962425,0.9229749,0.928736,0.9230853,0.94245964,0.9246161,0.9289575,0.89207405,0.93573797,0.91839063,0.9327017,0.89185596,0.9293315,0.9353518,0.9429924,0.9049824,0.9462646,0.9345219,0.95369023,0.9185561,0.90704554,0.93052924,0.9250226,0.923448,0.91518766,0.94469994,0.939133,0.93378747,0.92866725,0.9203534,0.9143861,0.88515306,0.91216093,0.93415546,0.9351621,0.9142806,0.9170524,0.91776884,0.95369023,0.9372623,0.91357774,0.9359808,0.92749524
angrybirdsmovie,0.9247528,0.9099591,0.9470997,0.9271653,0.9350025,0.9275574,0.9246051,0.9182725,0.94873315,0.91762996,0.909937,1.0000004,0.9402177,0.9189567,0.92624325,0.9201129,0.92493796,0.9372081,0.9207081,0.92273724,0.9020283,0.9341513,0.9291914,0.92649066,0.9120237,0.78762794,0.9311582,0.9137189,0.9330037,0.9314517,0.90687597,0.91380996,0.92802155,0.93770325,0.9190006,0.896303,0.9302752,0.9072982,0.9359841,0.8994873,0.91815346,0.9161177,0.9189097,0.91928434,0.93433243,0.9140993,0.93546206,0.92171425,0.8941401,0.9166592,0.9441136,0.9245304,0.9083159,0.91703975,0.899066,0.92785585,0.9179501,0.9386522,0.9174058,0.9409503,0.92982477,0.93287885,0.93545306,0.9449634,0.9246633,0.9306834,0.9202741,0.92056066,0.9247236,0.91188127,0.940129,0.7829992,0.90537703,0.9248849,0.9259134,0.9040293,0.8881693,0.9185472,0.9354175,0.9081452,0.9298068,0.8900666,0.9501125,0.9220895,0.93861806,0.907911,0.8998504,0.94036704,0.90568763,0.91555566,0.906689,0.940129,0.9199666,0.9280875,0.94288236,0.9201302,0.9298521,0.9272472,0.91792256,0.926917,0.91392386,0.9253803,0.9048411,0.9314504,0.89980143,0.94473314,0.9290107,0.9318613,0.92821544,0.9110196,0.92909336,0.82823515,0.92632085,0.89325595,0.90873903,0.9329747,0.9458157,0.90907055,0.9370803,0.9220317,0.9219076,0.92937094,0.91870815,0.9264273,0.9258779,0.91701305,0.94514143,0.93532795,0.91031253,0.88458866,0.9088141,0.90576696,0.9233371,0.8901899,0.93787885,0.91884017,0.9249553,0.9125011,0.94661444,0.93149936,0.94873315,0.92608184,0.8927565,0.94299275,0.9351361,0.9294758,0.91702545,0.91218454,0.9285823,0.9196475,0.92534256,0.92964596,0.9198866,0.88321316,0.9066164,0.9390052,0.92112356,0.9301425,0.91014177,0.9108381,0.94873315,0.93009466,0.9396232,0.9390398,0.93971413
annabellemovie,0.95673203,0.95407736,0.9608584,0.96132815,0.9456167,0.94296867,0.96411896,0.9595611,0.9765905,0.9426793,0.93332213,0.9402177,1.0000002,0.9628482,0.95127,0.9606103,0.9592071,0.95162624,0.95954865,0.9473369,0.939791,0.9590233,0.94086546,0.954197,0.93475616,0.8105609,0.9434611,0.95865464,0.96085745,0.9349928,0.94221854,0.95464474,0.93901944,0.9503801,0.9324384,0.9202165,0.9643381,0.9561674,0.9496269,0.93522644,0.9642994,0.94374675,0.9488785,0.94028145,0.9610914,0.9444919,0.9425153,0.9438683,0.92911845,0.9531544,0.9588317,0.9531056,0.9413285,0.95743227,0.94334346,0.9493513,0.9507663,0.95384187,0.9452905,0.96059865,0.96476877,0.96084726,0.95540905,0.97079146,0.9476921,0.9385505,0.9513152,0.9445887,0.94507736,0.9328686,0.9667301,0.7782289,0.9282733,0.9688497,0.93253934,0.93005174,0.9170247,0.9564806,0.9526398,0.9460046,0.9339684,0.9501192,0.97418666,0.95043504,0.9642257,0.9503892,0.94063795,0.984181,0.9363081,0.94991684,0.93491346,0.9667301,0.9335711,0.9430618,0.9573978,0.93926746,0.9575822,0.956496,0.9449989,0.942479,0.9479005,0.95054144,0.92875546,0.9573139,0.9339297,0.95722675,0.9472774,0.9674778,0.9293806,0.9429184,0.9544518,0.81961846,0.9584997,0.86822987,0.94842976,0.95192647,0.96364033,0.9355868,0.9642937,0.952083,0.96669966,0.95471454,0.95588577,0.94411916,0.94890666,0.94426596,0.9618498,0.94356716,0.9338781,0.9190053,0.95221823,0.94290805,0.95066035,0.906544,0.9501287,0.9368513,0.93350506,0.94192874,0.9623986,0.9478657,0.9765905,0.95910585,0.9385244,0.95126593,0.9601183,0.9516105,0.94618875,0.92931134,0.96609247,0.940201,0.95917016,0.957128,0.95060676,0.92524374,0.94920295,0.9548294,0.9425121,0.9428714,0.9482102,0.95150787,0.9765905,0.93711877,0.95109963,0.94891644,0.95216113
annamovie,0.9562194,0.95181936,0.96328914,0.94905275,0.95187825,0.947845,0.9588967,0.947411,0.97628474,0.94808793,0.931989,0.9189567,0.9628482,1.0000004,0.9473535,0.95745397,0.959133,0.95834947,0.95319104,0.9562562,0.9490493,0.9591205,0.9573665,0.95532525,0.94749373,0.8056234,0.9491654,0.9624099,0.95438147,0.9299931,0.9389369,0.95243764,0.9479825,0.9458162,0.9423704,0.9273456,0.9700448,0.9301923,0.9546638,0.9467241,0.9568807,0.9380432,0.92431563,0.9370045,0.95268714,0.94218856,0.9601866,0.9529715,0.9291512,0.93712735,0.95504695,0.96032465,0.9469987,0.96478254,0.9289965,0.951132,0.9513946,0.9556106,0.94406956,0.9528233,0.95780903,0.9506873,0.9553249,0.96749735,0.92957616,0.9370535,0.9526223,0.9393024,0.9324725,0.94744366,0.9598445,0.78025955,0.9390686,0.9685469,0.9287522,0.92653936,0.9034953,0.9532169,0.9487814,0.95045805,0.9332394,0.9393259,0.95784223,0.95373476,0.9531107,0.9414736,0.93932956,0.9641745,0.92623067,0.9446547,0.930217,0.9598445,0.9283703,0.9372368,0.96164423,0.9255951,0.95359486,0.96475136,0.9612397,0.96494144,0.9415253,0.9551348,0.91777414,0.96002007,0.9578533,0.9567943,0.9452198,0.9515872,0.9260593,0.9526278,0.95348907,0.83997893,0.96001315,0.8964619,0.9644142,0.94874173,0.9617479,0.9442864,0.96245116,0.94372094,0.9530057,0.9493927,0.94561094,0.9474176,0.9575858,0.94719666,0.9596212,0.9466491,0.94543844,0.8801952,0.96298033,0.96004516,0.96198636,0.9237565,0.9525883,0.9390587,0.9303266,0.95390564,0.95812994,0.947373,0.97628474,0.9526706,0.92483157,0.94422036,0.9416051,0.9519495,0.9437751,0.9328439,0.9480886,0.938809,0.9508583,0.9393682,0.94896287,0.9220468,0.9394498,0.9478506,0.9426995,0.931418,0.9487637,0.9470725,0.97628474,0.9324972,0.9552452,0.9482477,0.9521214
apollo11movie,0.95177007,0.93386245,0.96197027,0.93732345,0.96242857,0.95819336,0.96633697,0.9435901,0.9742917,0.9402337,0.9421346,0.92624325,0.95127,0.9473535,0.9999999,0.95161337,0.9566548,0.95488113,0.9595821,0.96943355,0.96025276,0.9422331,0.9487026,0.95145,0.9341494,0.8251565,0.94740504,0.93546253,0.9426695,0.9461215,0.94508225,0.93777335,0.9383815,0.947522,0.93929183,0.90883005,0.95874745,0.9430444,0.9461414,0.9561823,0.9500293,0.93652976,0.9467604,0.92429405,0.9562625,0.9409052,0.9520106,0.9389527,0.9203997,0.94118005,0.94527817,0.95194876,0.9495543,0.9515038,0.9309524,0.94152933,0.94847023,0.94727135,0.944285,0.95553267,0.9456145,0.9586351,0.94755703,0.94363934,0.9440411,0.94190323,0.9540788,0.94519407,0.9520778,0.92088956,0.9631185,0.7602314,0.9216605,0.96018547,0.9369853,0.9263412,0.88778275,0.9455279,0.95998645,0.9472502,0.94390255,0.9401003,0.9570918,0.9429916,0.9485175,0.93515813,0.94630325,0.95056564,0.92484105,0.9564739,0.9432712,0.9631185,0.94558173,0.95167416,0.95341164,0.95909894,0.9593166,0.95007384,0.95318186,0.93861467,0.9368139,0.9389922,0.92789596,0.9602181,0.9261277,0.94492686,0.94808906,0.9517362,0.9196005,0.9465775,0.95834154,0.8474635,0.9573355,0.8917542,0.9510648,0.95835584,0.95764273,0.93327945,0.9608533,0.9589388,0.9432775,0.94875264,0.9490119,0.9471579,0.95440614,0.94097185,0.95230335,0.94098943,0.93514615,0.9201577,0.95909905,0.9448449,0.95353884,0.9005389,0.96224886,0.942886,0.92781115,0.94306344,0.9498983,0.953232,0.9742917,0.94713557,0.93086296,0.9326953,0.95414966,0.94810313,0.9405169,0.9267068,0.94556195,0.9365075,0.9511967,0.9609207,0.9455076,0.8909146,0.9437654,0.94807416,0.93522483,0.95004445,0.930828,0.95463556,0.9742917,0.94124043,0.94655275,0.95468265,0.943695
arcticdogsmovie,0.9430442,0.94914955,0.96378744,0.9493714,0.953798,0.9407738,0.9619077,0.9482821,0.9755077,0.93499047,0.9218483,0.9201129,0.9606103,0.95745397,0.95161337,1.0000001,0.9498419,0.9552822,0.9469913,0.9484494,0.95674175,0.95093256,0.9531823,0.9529741,0.9423311,0.81907517,0.9370796,0.95302844,0.95796686,0.9412376,0.93519515,0.9427436,0.93745756,0.94509566,0.9360034,0.91309434,0.9601944,0.9422321,0.95762724,0.9456407,0.9504534,0.95821196,0.9437596,0.9552027,0.9535921,0.94850594,0.9557903,0.9504082,0.9242694,0.9649741,0.9516083,0.9515766,0.9397078,0.9554743,0.9460976,0.9554114,0.95352167,0.96164066,0.9409552,0.96138495,0.94352525,0.94965065,0.94786143,0.95153666,0.9341579,0.93460315,0.9549852,0.94754934,0.9268638,0.9206576,0.9608438,0.7778996,0.93388724,0.96621305,0.92259496,0.9438439,0.90464544,0.95239896,0.9428961,0.9516152,0.93475884,0.947271,0.95346713,0.9486746,0.95108044,0.93021643,0.92101794,0.9581933,0.9295808,0.94448817,0.9265083,0.9608438,0.9389466,0.94527036,0.957454,0.9461838,0.94949514,0.94683385,0.9461746,0.9423583,0.9432278,0.9484428,0.9423256,0.9636382,0.94093096,0.9507342,0.95222676,0.96323746,0.95226187,0.939339,0.9558593,0.81221235,0.95214665,0.8660684,0.956427,0.95069677,0.9574717,0.944433,0.96557015,0.94358736,0.9382435,0.9571353,0.96052414,0.94183695,0.9614518,0.94701254,0.9565818,0.93696696,0.9392045,0.887978,0.9589963,0.942829,0.94817644,0.9186134,0.9491578,0.9421031,0.934942,0.95444536,0.95597434,0.9539764,0.9755077,0.95499533,0.94807667,0.9448167,0.94314355,0.94239044,0.95507485,0.92771673,0.9617014,0.9271601,0.96122664,0.96011716,0.9592827,0.91261846,0.94281536,0.9490495,0.9438029,0.9398495,0.9417056,0.94855255,0.9755077,0.9308898,0.9558842,0.9557032,0.9520388
arcticmovie,0.94250536,0.94488376,0.95925015,0.9521544,0.9554935,0.9464629,0.95532435,0.9543407,0.97512406,0.93778646,0.94856906,0.92493796,0.9592071,0.959133,0.9566548,0.9498419,1.0000001,0.9403123,0.9482765,0.9574394,0.9435765,0.94691044,0.94539136,0.9404767,0.9318788,0.8193532,0.9370633,0.96540505,0.93936825,0.93823975,0.94561785,0.949721,0.94669116,0.95085126,0.95058125,0.92063546,0.9667242,0.93256915,0.9499601,0.94524384,0.9365905,0.95194924,0.9305593,0.9367155,0.95447224,0.944117,0.9506484,0.94504666,0.93581784,0.946157,0.94740695,0.9568313,0.9417833,0.94738525,0.94583595,0.9474871,0.9441799,0.9566943,0.9532646,0.9549315,0.94361496,0.9608577,0.9378934,0.95284796,0.93733233,0.9564587,0.9606516,0.9424641,0.93774843,0.9250291,0.9647889,0.78344125,0.93088526,0.9585629,0.9348693,0.91871345,0.89940554,0.95900935,0.96250904,0.9360184,0.9279076,0.9488828,0.95684,0.9588433,0.95828587,0.9446775,0.9496362,0.9682906,0.9379911,0.9557334,0.9352066,0.9647889,0.938084,0.9457134,0.9619084,0.9451179,0.95409995,0.9625492,0.93702734,0.9385788,0.937075,0.9462363,0.9203807,0.95730877,0.9320101,0.9475684,0.943035,0.9495577,0.93711907,0.9436816,0.9541056,0.819955,0.9530547,0.89878255,0.9446481,0.9562884,0.9598516,0.9431427,0.95026284,0.94083357,0.9524796,0.94685465,0.9567341,0.9393663,0.9466648,0.9438167,0.9590441,0.93936884,0.94501245,0.91472775,0.94723237,0.9350082,0.98112214,0.92835397,0.9575722,0.9449989,0.9289486,0.9392426,0.96122366,0.95449394,0.97512406,0.942538,0.9381978,0.9378115,0.9435353,0.9524202,0.93806255,0.9332409,0.94172746,0.92392546,0.9525626,0.95295423,0.9512851,0.9001458,0.938449,0.9585151,0.939413,0.94578624,0.9468669,0.9456399,0.97512406,0.9422706,0.95653003,0.95839566,0.94610715
artofracingmovie,0.9542692,0.93865675,0.96034026,0.9548176,0.974479,0.9549546,0.96092033,0.9474874,0.97600114,0.95996165,0.9178144,0.9372081,0.95162624,0.95834947,0.95488113,0.9552822,0.9403123,0.99999964,0.9540133,0.95467657,0.9521411,0.9603388,0.9476893,0.94861627,0.94324464,0.805657,0.96786475,0.9459944,0.95464337,0.95585495,0.94027776,0.95201325,0.94834346,0.9502838,0.9357666,0.9279905,0.9596122,0.9319343,0.96637505,0.94548744,0.94580835,0.9392408,0.9439206,0.936913,0.94651645,0.9415179,0.95288396,0.9500623,0.92995846,0.94497037,0.95490116,0.9592421,0.9469922,0.95527714,0.92469245,0.97076607,0.9530388,0.9522364,0.9525361,0.9506043,0.9392192,0.9619689,0.9568347,0.94654536,0.9359138,0.9372096,0.9519634,0.9455633,0.92557174,0.9393128,0.96137273,0.78622425,0.94117254,0.95511514,0.9368214,0.93450165,0.905747,0.95484984,0.9480266,0.9545792,0.9278337,0.9466916,0.95926315,0.9444871,0.95065874,0.9390179,0.9280037,0.95215434,0.9279601,0.9462436,0.9420784,0.96137273,0.94593126,0.94742095,0.95638,0.94093364,0.9538595,0.95932984,0.9581598,0.93894047,0.94723475,0.9397428,0.9235377,0.9534749,0.93732005,0.957524,0.94712585,0.94917965,0.932513,0.9490989,0.96601516,0.86407745,0.95676666,0.8841832,0.95160437,0.9487711,0.9631482,0.94574845,0.95748186,0.9455185,0.9424584,0.95030564,0.9425904,0.94949657,0.96303475,0.9438427,0.95539814,0.95787483,0.9572992,0.88908523,0.9484076,0.962185,0.9528026,0.9076591,0.95335877,0.9568889,0.93330175,0.956759,0.95866656,0.9606954,0.97600114,0.95908076,0.932146,0.9369791,0.9453361,0.95887256,0.9498527,0.931367,0.9449794,0.9274525,0.96656764,0.94882053,0.94489473,0.90123975,0.94853526,0.95024973,0.9378198,0.9419233,0.94743365,0.953304,0.97600114,0.95668185,0.94765997,0.9551891,0.95090944
avengers,0.97850287,0.9565851,0.9610554,0.9393465,0.9529273,0.9420755,0.9563285,0.9486937,0.97188014,0.94281703,0.9304248,0.9207081,0.95954865,0.95319104,0.9595821,0.9469913,0.9482765,0.9540133,0.99999994,0.9478348,0.9413551,0.962331,0.9324334,0.95197374,0.9383207,0.84347117,0.9489737,0.9413085,0.9642668,0.9354776,0.95133495,0.94202596,0.9281493,0.9457711,0.94484013,0.9140158,0.9571208,0.94986886,0.94809985,0.9485023,0.9596057,0.9390901,0.93610144,0.9314424,0.9451929,0.94959015,0.9368717,0.93795234,0.91932076,0.9467147,0.9611027,0.95371044,0.93085897,0.9505982,0.9338417,0.93858445,0.95883924,0.9445146,0.94487464,0.95062274,0.9475951,0.9576658,0.93904215,0.93873614,0.9425359,0.9327809,0.9450377,0.9514572,0.9417249,0.92294735,0.9611397,0.7599285,0.9209621,0.95887995,0.9273132,0.92153645,0.88138306,0.94383407,0.9507789,0.9465526,0.9230468,0.93348324,0.9643103,0.94618356,0.94399166,0.9421223,0.94789475,0.94737715,0.9324742,0.9566237,0.935303,0.9611397,0.92981786,0.9338356,0.95569843,0.94129264,0.950603,0.95039374,0.9461922,0.9391504,0.9370389,0.93858784,0.92433816,0.9595476,0.9401044,0.96117526,0.94162786,0.9460076,0.9180411,0.9401731,0.9530271,0.8304142,0.9570655,0.8768931,0.95123845,0.9570106,0.9642103,0.93493384,0.94971573,0.95303184,0.9507571,0.95109034,0.941024,0.93156075,0.9476285,0.93927896,0.9499047,0.9608601,0.9397314,0.90995044,0.95861125,0.9434633,0.94707525,0.90869224,0.9581669,0.9355828,0.93941325,0.9538104,0.95534617,0.94780403,0.97188014,0.96232706,0.9334594,0.92542225,0.9456802,0.94960856,0.94866186,0.93606544,0.9443834,0.94678456,0.943636,0.9453072,0.9365724,0.91754705,0.94527,0.94578916,0.93665487,0.94171625,0.94635594,0.9586249,0.97188014,0.93917495,0.95217067,0.9440832,0.95043445
beachbummovie,0.94241714,0.9385757,0.9598546,0.94352585,0.9524527,0.96295536,0.96825397,0.9443061,0.9750004,0.9512045,0.938989,0.92273724,0.9473369,0.9562562,0.96943355,0.9484494,0.9574394,0.95467657,0.9478348,1.0,0.9680834,0.957203,0.9514205,0.9599496,0.9309672,0.8262902,0.9603531,0.94827646,0.94798565,0.93971527,0.9461559,0.94881177,0.9441892,0.94857144,0.9310122,0.934013,0.9636876,0.9368951,0.96041983,0.95156777,0.9350718,0.9310397,0.9295848,0.93301296,0.9534262,0.95344514,0.9561952,0.9446361,0.9423577,0.93583095,0.9477778,0.96558696,0.95000553,0.95095474,0.9354486,0.9452235,0.95009655,0.9451472,0.9431357,0.94854265,0.9373995,0.9593738,0.9529903,0.94213194,0.94161296,0.94457066,0.95143914,0.95637715,0.93447596,0.94162935,0.9613861,0.76113534,0.9385431,0.960139,0.93986154,0.92948276,0.8861474,0.9556192,0.9563284,0.95524496,0.94483465,0.93995434,0.95332795,0.9425824,0.94414765,0.930421,0.94023883,0.9508558,0.9335685,0.9481967,0.9371456,0.9613861,0.95159566,0.9575482,0.9516888,0.95436025,0.95379585,0.96598107,0.95723796,0.9416574,0.94768476,0.95921695,0.935611,0.95832986,0.9335794,0.948671,0.95838636,0.9464483,0.9333466,0.9487886,0.9649221,0.86760163,0.9505867,0.89423394,0.96269673,0.94711876,0.9524439,0.9362277,0.96648073,0.9608966,0.9369463,0.95048296,0.9437362,0.9622035,0.95899284,0.9522756,0.951898,0.9467314,0.9325337,0.9128658,0.9517366,0.94875133,0.9578163,0.9210862,0.95062745,0.9482337,0.9337813,0.9411207,0.9494688,0.9580275,0.9750004,0.95363486,0.9372147,0.93526053,0.94913,0.96058965,0.9505942,0.93256634,0.9358732,0.92361104,0.9618714,0.955444,0.9549511,0.90680236,0.93758136,0.9462468,0.9337746,0.95284444,0.93758374,0.95127976,0.9750004,0.94147533,0.9508728,0.9615081,0.9469137
bernadettefilm,0.93732363,0.94636065,0.9560917,0.9344093,0.9415213,0.9693986,0.9626727,0.93803793,0.9749425,0.9500374,0.92098325,0.9020283,0.939791,0.9490493,0.96025276,0.95674175,0.9435765,0.9521411,0.9413551,0.9680834,1.0000001,0.9460205,0.9629753,0.9637604,0.9316237,0.8443526,0.9557663,0.9516933,0.9483701,0.9435386,0.9529462,0.94727683,0.9445262,0.94662654,0.93763995,0.93199325,0.9600547,0.9353537,0.95782644,0.9588851,0.94285303,0.9439476,0.9273463,0.93878704,0.94962734,0.94421774,0.9647327,0.9439198,0.92545193,0.94589186,0.9455517,0.96127754,0.9516008,0.9447542,0.93163866,0.93178,0.9508979,0.95389885,0.9430135,0.9477306,0.92792827,0.95026034,0.94785213,0.9351084,0.9440014,0.94185656,0.9527588,0.948691,0.9227032,0.9379834,0.9562353,0.77532095,0.9442605,0.96257126,0.927453,0.94409275,0.8891476,0.94849586,0.9469735,0.95031005,0.9331028,0.93843627,0.9480823,0.93836457,0.9411452,0.9304359,0.9260056,0.94614124,0.9335326,0.95706373,0.9417698,0.9562353,0.92842543,0.9439486,0.9493264,0.9332834,0.9388385,0.95301276,0.9551014,0.94414854,0.9474854,0.95191187,0.93502516,0.96228015,0.9354488,0.9464527,0.95520866,0.9421032,0.91725427,0.94678426,0.9644242,0.84043384,0.95118415,0.88588107,0.97202075,0.93143123,0.940458,0.9373291,0.95729625,0.9496468,0.93655187,0.9483357,0.94937587,0.95332503,0.96572554,0.9557532,0.94449586,0.9375027,0.93963844,0.9019449,0.9705848,0.9514044,0.94316727,0.9241942,0.9523753,0.94321173,0.92340815,0.9402392,0.9479355,0.94584656,0.9749425,0.94763744,0.94551736,0.92953646,0.9471245,0.94631577,0.9470964,0.92006654,0.9394157,0.92479396,0.95275456,0.9500043,0.95054066,0.89454204,0.94213086,0.9416634,0.9394883,0.954573,0.93261755,0.9516069,0.9749425,0.93195724,0.9549915,0.9571944,0.9413805
