movie,21bridgesmovie,47metersdown,abeautifuldaymovie,abominablemovie,adastramovie,adogsjourneymovie,aftermathmovie,aftermovie,ahiddenlifefilm,alitamovie,angelhasfallen,angrybirdsmovie,annabellemovie,annamovie,apollo11movie,arcticdogsmovie,arcticmovie,artofracingmovie,avengers,beachbummovie,bernadettefilm,blackandbluemovie,blackchristmas,blindedbythelightmovie,bombshellmovie,booksmart,breakthroughmovie,brianbanksmovie,brightburnmovie,brittanyrunsmov,captainmarvelofficial,captivestatemovie,catsmovie,charliesangels,childsplaymovie,clarathefilm,coldpursuitmovie,countdown,currentwarmovie,darkwatersmovie,detectivepikachumovie,disneyaladdin,disneyfrozen,disneymaleficent,doctorsleepmovie,dolemiteismyname,dontletgomovie,doramovie,downtonabbey_official,dumbo,escaperoom,everybodyknowsmovie,fastandfuriousmovie,fightingwmyfam,fivefeetapartfilm,fordvferrari,freaksthefilm,geminimanmovie,glassmovie,gloriabellmovie,godzillamovie,goldfinchmovie,goodboysmovie,goodliarmovie,gretafilm,halathemovie,happydeathdaymovie,harrietfilm,hellboymovie,hersmellmovie,highlifemovie,highstrungmovie,honeyboymovie,hotelmumbaifilm,httydragon,hustlemovie,hustlersmovie,isntitromantic,itmovieofficial,jayandsilentbob,johnwickmovie,jojorabbitmovie,jokermovie,judythefilm,jumanjimovie,justmercyfilm,knivesout,lalloronamovie,lastblackmansf,lastchristmasthemovie,latenightmovie,lighthousemovie,lionking,littlethemovie,littlewomenmovie,littlewoodsfilm,longshotmovie,lordsofchaosmovie,lucyintheskyfilm,mamovie2019,marriagestory,meettheaddams,meninblack,midsommarmovie,midwaymovie,missbalamovie,missinglinkfilm,motherlessbklyn,onceinhollywood,onthebasisofsex,overcomermovie,peanutbutterfalcon,petsematarymovie,piercingmovie,playingwithfire,playmobilthemovie,pomsmovie,queenandslim,rambomovie,readyornotfilm,richardjewellfilm,rocketmanmovie,scarystoriesmovie,secretlifeofpets,serenityfilm,shaftmovie,shazammovie,spidermanmovie,spiesindisguise,starwars,stormboymovie,stubermovie,taosdfilm,teenspiritmov,terminator,theaeronautsmov,thebestofenemies,thedeaddontdie,thefarewell,thehighwaymen,thehummingbirdprojectfilm,theintrudermovie,theirishmanfilm,thekitchenmovie,thelegomovie,themustangfilm,thenightingalefilm,theprodigymovie,thesunisalsoastar,theupsidefilm,tolkienmovie,toystory,triplefrontier,uglydolls,uncutgems,underthesilverlake,usmovie,wavesmovie,whatmenwant,wonderparkmovie,wrinklestheclown,xmenmovies,yardiefilm,yesterdaymovie,zombieland
21bridgesmovie,1.0000001,0.9577691,0.9728585,0.9589487,0.9639404,0.9627012,0.962834,0.9668679,0.983281,0.95047516,0.9414105,0.96423405,0.9636735,0.95416087,0.9719652,0.9496855,0.9700488,0.9680696,0.9720552,0.96123475,0.9672863,0.9467021,0.9651007,0.96057725,0.95876867,0.79557925,0.9591161,0.95958436,0.9593802,0.93261003,0.940083,0.93269175,0.9512707,0.9506307,0.93536294,0.9312127,0.9699431,0.9718313,0.9624078,0.95970947,0.96259475,0.9694387,0.94979656,0.9756823,0.9634016,0.9616087,0.96326625,0.9641085,0.9619759,0.97514176,0.96754116,0.96946764,0.9638104,0.9535275,0.94964164,0.95125544,0.9512107,0.95610934,0.96932644,0.9647759,0.95256156,0.95977813,0.96921563,0.95745206,0.96007645,0.95805806,0.952383,0.9659233,0.9561938,0.9445658,0.97186047,0.5580743,0.91938716,0.9556324,0.9477489,0.9462724,0.8672573,0.959686,0.9524687,0.9614819,0.9493707,0.9610805,0.96175396,0.9434509,0.96699893,0.9512016,0.9426768,0.97220945,0.9604469,0.96650124,0.94994354,0.97186047,0.96290255,0.9710326,0.96362704,0.9639906,0.95510066,0.9656691,0.9569593,0.95324236,0.9641616,0.95770353,0.958128,0.96419716,0.9501922,0.968585,0.9603945,0.96081793,0.92004055,0.93924177,0.95642346,0.7312205,0.9435645,0.9058355,0.960164,0.9728407,0.99232155,0.95418483,0.95904934,0.9564034,0.9602887,0.95720726,0.9636044,0.9533253,0.95522773,0.9666406,0.96544755,0.94500726,0.95974046,0.8953459,0.96828794,0.95044935,0.9763916,0.95292914,0.9421679,0.93217105,0.98147273,0.9590985,0.97321737,0.96194565,0.983281,0.95366013,0.95530176,0.947604,0.9481204,0.96372765,0.9579403,0.94873065,0.948535,0.9626753,0.9669782,0.95498323,0.9636195,0.9517704,0.9624332,0.962635,0.97005695,0.9687295,0.96564305,0.9430857,0.983281,0.9571114,0.9689099,0.9780556,0.96140784
47metersdown,0.9577691,0.9999999,0.9536759,0.93233985,0.95084447,0.94998866,0.95227224,0.96099025,0.97490305,0.9537604,0.948011,0.95362955,0.9567288,0.96422946,0.9579721,0.97253835,0.96583587,0.9601479,0.9547008,0.94911915,0.96175134,0.95306957,0.95540094,0.96041954,0.9504856,0.77175045,0.9508953,0.95868546,0.9449845,0.94371533,0.948129,0.91852397,0.93508524,0.94559467,0.94144505,0.92991906,0.9494693,0.94764656,0.9549129,0.94978875,0.95177156,0.9569982,0.94135064,0.9502178,0.9483129,0.9654376,0.95253325,0.94593227,0.9563764,0.96190524,0.953661,0.96066916,0.95348126,0.9493898,0.9451312,0.9392955,0.9421245,0.9566741,0.94264925,0.9746006,0.9524313,0.9579149,0.95275354,0.9604844,0.9506533,0.9638718,0.93914104,0.9631964,0.958355,0.9428713,0.97308487,0.54120874,0.92838794,0.9598547,0.95145607,0.94377846,0.8730493,0.9590165,0.928381,0.94156164,0.95973504,0.96377593,0.96385515,0.94364357,0.9656912,0.9478395,0.95326805,0.9663212,0.96586764,0.96051824,0.94566774,0.97308487,0.95700675,0.95686924,0.93129385,0.9531535,0.95317245,0.95688564,0.9460133,0.9568223,0.9431807,0.9442167,0.9329979,0.9645223,0.9700926,0.94756085,0.96662843,0.9585198,0.92663574,0.9419269,0.94621384,0.72419477,0.9490065,0.92296404,0.96440095,0.9576942,0.9612671,0.95491177,0.9557321,0.9488546,0.953058,0.9590416,0.96817285,0.95768213,0.95922244,0.9668681,0.96013284,0.9467693,0.94357944,0.9119171,0.9614864,0.9329191,0.9620702,0.94476503,0.95362514,0.9384276,0.958402,0.9456634,0.96550804,0.9529145,0.97490305,0.9435955,0.93992907,0.9465313,0.9484997,0.9536976,0.95137465,0.9576835,0.9503349,0.9510139,0.9545201,0.9443335,0.95086354,0.92909396,0.9568394,0.9590663,0.9546656,0.96579474,0.962163,0.943146,0.97490305,0.9609971,0.9544829,0.96861196,0.9456812
abeautifuldaymovie,0.9728585,0.9536759,0.9999999,0.9522837,0.95788205,0.96105117,0.9689623,0.9700166,0.98204625,0.9471874,0.93599725,0.96754134,0.96922153,0.9659505,0.9698284,0.9542162,0.9615296,0.97353214,0.9642942,0.9469991,0.96062934,0.9624927,0.9687937,0.9662762,0.9596598,0.7821138,0.95508087,0.9551167,0.9800188,0.9422925,0.93761265,0.928171,0.9424023,0.9560796,0.94360656,0.9262652,0.9666914,0.9633834,0.9635151,0.9502796,0.96105796,0.9594179,0.95644444,0.95539296,0.9696001,0.9540524,0.970063,0.967704,0.96208334,0.96441925,0.9816349,0.9659616,0.9654522,0.95518976,0.94476813,0.9520064,0.9582518,0.95899093,0.9599916,0.96224976,0.96126693,0.9599166,0.97046465,0.9653699,0.9598749,0.95951915,0.94555825,0.9609981,0.96070725,0.9463495,0.9734833,0.5168791,0.9243881,0.9621526,0.94964844,0.9479882,0.86598253,0.9610673,0.94803417,0.95865935,0.9455602,0.9701673,0.970585,0.9546774,0.9756622,0.95871204,0.9460396,0.970146,0.95303184,0.9627808,0.95362145,0.9734833,0.96827036,0.9676542,0.9663909,0.9662582,0.96364045,0.9642548,0.9666953,0.95079947,0.9602126,0.95978063,0.9713314,0.95923173,0.9568378,0.98131394,0.96604514,0.97285545,0.94856733,0.9424909,0.95668507,0.7713254,0.946742,0.9253528,0.9556581,0.9594327,0.9720847,0.953905,0.9608026,0.96064734,0.9553855,0.9620085,0.9710504,0.952656,0.94733816,0.96598697,0.9651573,0.9669505,0.9538033,0.91592515,0.9614932,0.9492686,0.9678066,0.9326363,0.9440683,0.9375016,0.9577519,0.9585174,0.97136825,0.95474863,0.98204625,0.97472024,0.95654505,0.96853334,0.962591,0.95199186,0.9449597,0.9525765,0.9624061,0.96139723,0.972411,0.96687937,0.9539816,0.92973214,0.95725393,0.96411973,0.972421,0.96164083,0.9592907,0.9359563,0.98204625,0.969473,0.96742505,0.97454697,0.9755154
abominablemovie,0.9589487,0.93233985,0.9522837,1.0000001,0.9550913,0.954354,0.9498708,0.9529279,0.97309786,0.92198336,0.9375016,0.94117004,0.9571581,0.95102453,0.9578879,0.9415863,0.94513136,0.9628704,0.95224166,0.93403995,0.955468,0.938091,0.9509164,0.9467499,0.9618169,0.8198981,0.9387065,0.9355091,0.94478685,0.90886176,0.9366385,0.96290433,0.93327135,0.92621875,0.9359392,0.9047262,0.95386803,0.9536963,0.9579768,0.9566246,0.9550799,0.9510088,0.9433415,0.9571196,0.955795,0.94046223,0.95335186,0.9616574,0.9675598,0.9605679,0.947139,0.9694761,0.95089954,0.9527938,0.93717045,0.95378804,0.9465142,0.9320861,0.98001605,0.9469674,0.94869095,0.9669433,0.9641392,0.9551767,0.94738114,0.93859565,0.96104103,0.9518867,0.93686044,0.92553085,0.96263474,0.6069984,0.9064014,0.941009,0.9334972,0.93739057,0.8840617,0.9402573,0.9654715,0.9681338,0.93451154,0.9546203,0.95763093,0.93796796,0.9521254,0.94068605,0.9476231,0.95764214,0.9560839,0.9523264,0.9432495,0.96263474,0.9540394,0.95743984,0.94892704,0.96152294,0.9464159,0.9508418,0.93745476,0.9449295,0.94932586,0.93874925,0.94443196,0.96040857,0.9374396,0.95119494,0.94194406,0.951499,0.9154242,0.94801044,0.9554846,0.76014346,0.9394828,0.89958274,0.9363579,0.95974106,0.954476,0.9273243,0.95487005,0.94906116,0.96151626,0.9399431,0.94854045,0.928596,0.93918407,0.958634,0.954194,0.92976254,0.9389246,0.89956707,0.9612677,0.9344529,0.9476652,0.92120963,0.93110216,0.9072218,0.94217026,0.9520702,0.9654108,0.9541313,0.97309786,0.94344676,0.94615114,0.94119173,0.9315533,0.9639498,0.92290497,0.94891936,0.9600453,0.939817,0.9580496,0.9583449,0.9493285,0.91224086,0.9526434,0.96128505,0.9535155,0.96416366,0.9466838,0.9370607,0.97309786,0.94584805,0.9531152,0.963146,0.95544624
adastramovie,0.9639404,0.95084447,0.95788205,0.9550913,1.0000004,0.963037,0.9404074,0.96224463,0.97425777,0.9371378,0.94290906,0.96341926,0.95386666,0.9457412,0.95826536,0.94914186,0.94423276,0.9755831,0.9397604,0.9435858,0.9640916,0.9535791,0.95745033,0.9582624,0.9573763,0.8099733,0.9677767,0.94067174,0.9572111,0.9267906,0.9254857,0.9366074,0.96340007,0.9386531,0.95337826,0.926324,0.9491508,0.97142214,0.95062536,0.9676877,0.9518757,0.95970637,0.9380507,0.9591367,0.9593535,0.9508926,0.96067154,0.96389234,0.94963,0.9650771,0.959517,0.96886325,0.96107495,0.9463079,0.9566771,0.95713466,0.9323515,0.9476764,0.9645997,0.9499437,0.9492678,0.95944124,0.95966536,0.94418144,0.9547168,0.9553858,0.9405086,0.9576908,0.9523994,0.93602335,0.95894635,0.5595646,0.907929,0.9491426,0.9467133,0.9438113,0.8820959,0.95245105,0.9577587,0.9558085,0.95003426,0.94554925,0.9490142,0.9458008,0.9652433,0.9425077,0.9471597,0.9550172,0.9641451,0.9610165,0.9355599,0.95894635,0.9522674,0.9582049,0.9309486,0.9454785,0.9459168,0.9604492,0.946854,0.9559651,0.94881546,0.9506536,0.9484704,0.95068395,0.94384366,0.9587853,0.95139784,0.9482502,0.9208205,0.94408,0.94931203,0.748753,0.9385472,0.91712576,0.9584185,0.96182954,0.9660744,0.94666916,0.9531588,0.94095725,0.9405656,0.9362086,0.96774423,0.94818157,0.9611512,0.96027774,0.9690129,0.94493294,0.9707093,0.89278054,0.9618157,0.96744937,0.955372,0.9433449,0.9418038,0.9180677,0.9543468,0.9561151,0.9609865,0.95527375,0.97425777,0.95443404,0.93498474,0.93435794,0.9370608,0.95804125,0.9363391,0.951131,0.9485702,0.9507486,0.9497825,0.9416803,0.9581681,0.9002907,0.9400078,0.9439288,0.96327883,0.951754,0.9499395,0.9306623,0.97425777,0.9656231,0.9623669,0.96215916,0.9592495
adogsjourneymovie,0.9627012,0.94998866,0.96105117,0.954354,0.963037,1.0000001,0.9588581,0.96443164,0.9778201,0.9362473,0.94318104,0.9447273,0.94638073,0.9549302,0.9710809,0.9427807,0.950391,0.970505,0.94267035,0.9554013,0.9633777,0.964583,0.96084505,0.9612339,0.95762587,0.8131556,0.95789355,0.95267016,0.9702726,0.9399396,0.92178464,0.9283673,0.9398185,0.9343288,0.93863684,0.9336365,0.9574082,0.9543372,0.94836795,0.9600395,0.9490545,0.9495122,0.95705885,0.9466996,0.9619462,0.95583916,0.95782924,0.9619517,0.95883185,0.95812637,0.964725,0.9655842,0.95435125,0.9552751,0.950485,0.96200746,0.93455905,0.94364536,0.9561294,0.9493072,0.934304,0.9576098,0.96531844,0.94393146,0.94290525,0.95456326,0.92967165,0.9606222,0.95498997,0.95132583,0.95858014,0.526686,0.9245344,0.9629606,0.94617265,0.9329837,0.8676917,0.95440423,0.95049465,0.95772606,0.94544137,0.9546436,0.9591316,0.9568695,0.9519789,0.94965285,0.95649546,0.95796937,0.9518713,0.95813787,0.9513354,0.95858014,0.95528543,0.9647803,0.942564,0.9575809,0.9505419,0.96304995,0.96280295,0.9506718,0.953179,0.9536828,0.9482416,0.95453876,0.95145357,0.96793973,0.9473787,0.9530903,0.92292684,0.9475965,0.9503645,0.7687046,0.9351096,0.92154926,0.94125175,0.948229,0.963656,0.95704705,0.9597048,0.9548954,0.9505914,0.9395727,0.95471215,0.9611716,0.9546226,0.9598396,0.97118634,0.9481499,0.95357513,0.89010704,0.96689826,0.9434836,0.95914906,0.9454432,0.9427682,0.9345197,0.9472153,0.9571106,0.95612186,0.9536654,0.9778201,0.9628908,0.94931144,0.94216883,0.941177,0.96358734,0.94480634,0.9456264,0.9494813,0.9563063,0.9586182,0.9496413,0.9518131,0.90847766,0.9540042,0.95243305,0.9656742,0.9580015,0.95077294,0.9193392,0.9778201,0.9461677,0.9503206,0.9739663,0.9596904
aftermathmovie,0.962834,0.95227224,0.9689623,0.9498708,0.9404074,0.9588581,1.0,0.96803516,0.97941566,0.9476189,0.94324636,0.9423354,0.9577863,0.9701467,0.9733131,0.95497537,0.961794,0.96283925,0.95618945,0.96190983,0.94501,0.9465537,0.96774715,0.96549433,0.95921546,0.8087911,0.9397626,0.95103216,0.953098,0.93773556,0.9398819,0.92177427,0.9282336,0.9333964,0.9266617,0.9203634,0.96301097,0.94956,0.9564066,0.9448671,0.9650329,0.9582693,0.9584275,0.954013,0.9618877,0.9588859,0.9684001,0.96073455,0.9510744,0.96755385,0.95747614,0.9612947,0.9542367,0.9543028,0.9372489,0.9343365,0.94848025,0.95634896,0.962205,0.96135944,0.960469,0.9617386,0.9674851,0.95585674,0.9561825,0.9526048,0.9418543,0.9585256,0.95979077,0.9435213,0.9644724,0.5268025,0.9113584,0.9595922,0.94188935,0.9440442,0.8496026,0.95538294,0.9472524,0.9618619,0.94606876,0.977095,0.9639302,0.9503863,0.95480627,0.9604338,0.9534626,0.9673706,0.9469432,0.9585648,0.9526155,0.9644724,0.96543086,0.95576805,0.95736605,0.961788,0.9650996,0.9612648,0.9740729,0.95815414,0.95850015,0.95136803,0.9485926,0.95522994,0.95034176,0.9597935,0.9575837,0.9677009,0.9345734,0.9370267,0.9585326,0.7685273,0.9606234,0.9065692,0.9448748,0.95492005,0.96321183,0.95119226,0.9575058,0.9878028,0.96017146,0.95768857,0.96279305,0.95287555,0.9434056,0.95747435,0.95326203,0.94693005,0.94345677,0.9116796,0.9569549,0.94095844,0.9644937,0.92571765,0.95856524,0.9347718,0.9546314,0.95895076,0.958541,0.951572,0.97941566,0.94795185,0.96150976,0.95320237,0.96157223,0.95249116,0.9415901,0.9489701,0.95693374,0.9448891,0.9869025,0.96604323,0.94658154,0.93785495,0.9584838,0.959117,0.9563371,0.9553741,0.96707463,0.9460797,0.97941566,0.95263535,0.9571229,0.9677637,0.9531241
aftermovie,0.9668679,0.96099025,0.9700166,0.9529279,0.96224463,0.96443164,0.96803516,0.99999994,0.98232716,0.95116824,0.9532647,0.9561664,0.9632394,0.9643609,0.97128284,0.958793,0.9621787,0.9714296,0.95348966,0.954615,0.9591366,0.9581534,0.9690273,0.9689383,0.9571479,0.7802185,0.9576516,0.95092714,0.96568185,0.9456563,0.9431611,0.9340511,0.92648995,0.95096534,0.94844306,0.94788283,0.96771824,0.9594074,0.96547866,0.95637906,0.95630354,0.9635098,0.96149224,0.9628993,0.972844,0.95807755,0.9691402,0.97090584,0.9615849,0.9714426,0.9684696,0.9694519,0.9666278,0.9497298,0.95530343,0.9556126,0.9529817,0.9613135,0.95540637,0.96998686,0.95453227,0.97332567,0.9725374,0.9558406,0.95969146,0.9560995,0.94483143,0.9636132,0.9617718,0.95017314,0.9731445,0.5473747,0.91824764,0.9626276,0.9609263,0.95125633,0.8667861,0.95696354,0.95333314,0.96203923,0.9450574,0.9607851,0.96267253,0.9558015,0.96532565,0.95655155,0.9593845,0.9700686,0.95576,0.96719366,0.94865435,0.9731445,0.96182853,0.9698332,0.9550154,0.9604896,0.96672386,0.9644279,0.96478903,0.95833665,0.9573444,0.9649696,0.954019,0.9602627,0.9524732,0.9683981,0.96481836,0.9599895,0.94838476,0.9416658,0.9597252,0.759877,0.95536554,0.9354381,0.9515394,0.96254504,0.9664561,0.96391606,0.9517056,0.9566629,0.9552949,0.9616124,0.97180635,0.9514126,0.9645127,0.96792215,0.96023726,0.95728743,0.954491,0.91687465,0.96751857,0.95888734,0.9727641,0.9468487,0.9590643,0.94297457,0.96255326,0.95481676,0.96806675,0.961242,0.98232716,0.9640746,0.95789623,0.9491426,0.95344996,0.96372455,0.96455383,0.9486942,0.955528,0.9580298,0.9710264,0.96450514,0.9622922,0.92067236,0.96138173,0.96204907,0.9551913,0.9624759,0.9703221,0.9431587,0.98232716,0.96260524,0.9585705,0.97162867,0.9633306
ahiddenlifefilm,0.983281,0.97490305,0.98204625,0.97309786,0.97425777,0.9778201,0.97941566,0.98232716,0.9999998,0.96273655,0.9683466,0.9692814,0.97648615,0.98367125,0.9864768,0.97966784,0.9799158,0.98691887,0.9749902,0.9701714,0.98011136,0.97222805,0.9790451,0.981699,0.9802013,0.81117237,0.96918005,0.9728962,0.9768649,0.95637023,0.95930105,0.95633173,0.95138556,0.962795,0.95662576,0.9490044,0.9820678,0.97281057,0.9812718,0.9767059,0.97644407,0.9807541,0.96594924,0.9754048,0.9809324,0.97749716,0.9776016,0.9813267,0.9816292,0.98565596,0.9810478,0.9878071,0.97737,0.971418,0.95798147,0.96999663,0.9712781,0.9747957,0.97805864,0.9817809,0.97231704,0.98317075,0.9821548,0.9756445,0.97465533,0.97395205,0.9651787,0.9839904,0.9748159,0.96785474,0.9903123,0.57349354,0.9458627,0.9777144,0.96675044,0.96131825,0.8944879,0.97480804,0.967424,0.97894984,0.9713687,0.9772658,0.983424,0.97182083,0.98128927,0.97071844,0.9739667,0.9863512,0.9742299,0.98252326,0.9668439,0.9903123,0.9824847,0.97803044,0.9703846,0.9808502,0.97911596,0.9832487,0.97296774,0.9733081,0.9757702,0.97408825,0.9698678,0.98430306,0.9752617,0.979594,0.97996277,0.9810022,0.9524492,0.96815234,0.97657603,0.7688784,0.97161454,0.9383805,0.9714082,0.97947943,0.9865684,0.96916676,0.9762399,0.9715992,0.9774341,0.9768119,0.98282397,0.96645814,0.97172016,0.98486185,0.98192567,0.96993,0.97050315,0.9271617,0.98380476,0.96109474,0.98228395,0.9608785,0.9703627,0.95510566,0.97802496,0.97724503,0.98612213,0.9778063,0.9999998,0.97318655,0.973519,0.9705907,0.9709844,0.9809433,0.96869254,0.96884376,0.9718419,0.97604674,0.9820378,0.9739575,0.9735988,0.9482953,0.9792287,0.98402995,0.9793287,0.98133266,0.9795582,0.9629295,0.9999998,0.9779981,0.97944456,0.9872571,0.97752154
alitamovie,0.95047516,0.9537604,0.9471874,0.92198336,0.9371378,0.9362473,0.9476189,0.95116824,0.96273655,1.0000001,0.9178872,0.9353135,0.95617586,0.948688,0.94755334,0.95010895,0.9550242,0.95002407,0.9442171,0.9301863,0.9340338,0.9335872,0.9415527,0.9592082,0.9459604,0.7512844,0.9394201,0.93421453,0.9467051,0.93306524,0.93577397,0.91843206,0.92167616,0.95666844,0.932906,0.92438126,0.9509562,0.9470235,0.9438541,0.93188477,0.9354426,0.95812625,0.9189468,0.94282997,0.9364034,0.9415675,0.93610257,0.93534815,0.9289865,0.95459265,0.94576484,0.9473277,0.9405382,0.94595134,0.9278981,0.9386666,0.93509144,0.9544961,0.93666446,0.9599316,0.95005417,0.9363447,0.9429895,0.94066757,0.9478194,0.9389905,0.9149966,0.9466116,0.9456891,0.9403932,0.9643728,0.5385811,0.91628075,0.94927883,0.9287097,0.93407756,0.85199827,0.9459026,0.9198607,0.94195956,0.9266758,0.9396788,0.9466696,0.9396916,0.9464898,0.9435643,0.9208388,0.9561071,0.9485934,0.94929045,0.92802674,0.9643728,0.9585828,0.93824124,0.9330807,0.9342475,0.93602484,0.95321983,0.94211,0.93907595,0.9472829,0.9367352,0.9290025,0.95190716,0.95109147,0.9432569,0.9549495,0.95887595,0.9213918,0.93305284,0.9472516,0.707325,0.934229,0.9171574,0.9331775,0.9473948,0.95893294,0.9198706,0.937623,0.93614614,0.9437745,0.96063584,0.9509185,0.9135248,0.94106,0.94296575,0.949315,0.9442837,0.92424196,0.8988063,0.9461225,0.9240913,0.94842386,0.9378509,0.9542341,0.93615365,0.94813746,0.93360704,0.95512164,0.93854296,0.96273655,0.9355676,0.9283509,0.940611,0.95144904,0.93561053,0.9459072,0.93909305,0.9507679,0.94351554,0.9506971,0.9410535,0.93616605,0.9393048,0.92866004,0.9492264,0.93246436,0.96203524,0.943357,0.93319196,0.96273655,0.9435933,0.94699,0.94819695,0.94684374
angelhasfallen,0.9414105,0.948011,0.93599725,0.9375016,0.94290906,0.94318104,0.94324636,0.9532647,0.9683466,0.9178872,0.9999999,0.9395963,0.9337647,0.95529,0.95706654,0.9637642,0.9554704,0.95008296,0.93415695,0.9451974,0.9487113,0.9387584,0.9440379,0.95631546,0.9577896,0.81270653,0.94000196,0.94438964,0.9320554,0.9301761,0.9380107,0.90656745,0.91305697,0.9313923,0.9216706,0.92311275,0.9413378,0.9203307,0.9549041,0.94752526,0.9443914,0.9436037,0.9375966,0.92681134,0.9395668,0.9552866,0.9395148,0.94627255,0.9572288,0.9431911,0.946749,0.9486247,0.9440105,0.93145704,0.9122748,0.9237366,0.9504283,0.9470338,0.9475719,0.9510635,0.93385845,0.9609161,0.9384392,0.94523716,0.93266726,0.9615478,0.9421736,0.94579166,0.94507915,0.94396585,0.9552428,0.57491297,0.9364412,0.94143045,0.95954204,0.93712693,0.8758153,0.94699633,0.9537053,0.949591,0.9557807,0.93655443,0.9499419,0.9509636,0.9539814,0.92820054,0.96536005,0.95034146,0.9333299,0.96132106,0.94102883,0.9552428,0.9393787,0.9403082,0.93182546,0.95651585,0.958962,0.9671492,0.9416827,0.94927216,0.9405731,0.9491508,0.92167944,0.95622385,0.94768494,0.9422738,0.9473046,0.9486755,0.9368279,0.9597073,0.9428407,0.7215829,0.9435347,0.9019824,0.94683033,0.9560296,0.9488769,0.954557,0.93030775,0.9365817,0.94588697,0.9406938,0.94547504,0.93592924,0.9558736,0.9587217,0.9581725,0.93999153,0.9469066,0.91289747,0.94883555,0.92366546,0.95685923,0.9412497,0.939849,0.92301726,0.9545655,0.9328149,0.9482395,0.95183426,0.9683466,0.9266954,0.947438,0.93251073,0.9275666,0.9441555,0.9364003,0.9312132,0.9340534,0.9546213,0.94030595,0.9398719,0.96424687,0.92653936,0.96561533,0.95627517,0.9512768,0.9436661,0.9499153,0.93365574,0.9683466,0.9498048,0.9440818,0.95013046,0.9436951
angrybirdsmovie,0.96423405,0.95362955,0.96754134,0.94117004,0.96341926,0.9447273,0.9423354,0.9561664,0.9692814,0.9353135,0.9395963,1.0000002,0.9585887,0.9440615,0.9617546,0.9464902,0.95910627,0.9618265,0.9448622,0.9390747,0.96039045,0.9655477,0.94183826,0.9570711,0.93740726,0.78547335,0.9610004,0.95088285,0.9669792,0.9221391,0.9227123,0.9146699,0.94518155,0.96189034,0.94140637,0.92519814,0.9406133,0.9569938,0.953917,0.9431286,0.93937856,0.9527024,0.9258035,0.9462038,0.9462455,0.95144004,0.9484748,0.9627334,0.94774044,0.95130265,0.97631013,0.9514583,0.9564638,0.93997544,0.9220396,0.9433758,0.9514784,0.95011115,0.9476695,0.9531958,0.9471208,0.9592681,0.9509114,0.949607,0.94450486,0.95269966,0.93888706,0.95226765,0.94495183,0.9345422,0.9658445,0.5198716,0.92694116,0.9547831,0.9450993,0.9357156,0.8708108,0.95025754,0.9469546,0.9483135,0.9437512,0.95151573,0.94707125,0.9476202,0.98112935,0.9373705,0.9437235,0.9637246,0.95656615,0.9562709,0.93796426,0.9658445,0.95391077,0.9508882,0.94747376,0.9632272,0.94348925,0.95477724,0.94008404,0.9379985,0.9432912,0.9371197,0.97233856,0.95591915,0.95194143,0.9718278,0.95248276,0.96300167,0.9442212,0.93457776,0.9413898,0.72740346,0.93935776,0.9162268,0.969032,0.9571964,0.9678565,0.9349321,0.94831294,0.9410534,0.93163395,0.9494131,0.9544074,0.93188167,0.94345653,0.9519493,0.9614207,0.9545341,0.95409125,0.9036808,0.94774234,0.9507606,0.9605835,0.9313816,0.94054496,0.912057,0.9538533,0.93935335,0.974119,0.9476593,0.9692814,0.9622739,0.93657386,0.95014083,0.9251482,0.94113714,0.93759537,0.9435237,0.94937027,0.9530405,0.9561085,0.93518555,0.9480137,0.93073434,0.9406988,0.95773786,0.9583237,0.95957154,0.948238,0.9393219,0.9692814,0.96188796,0.96004003,0.95898575,0.9681588
annabellemovie,0.9636735,0.9567288,0.96922153,0.9571581,0.95386666,0.94638073,0.9577863,0.9632394,0.97648615,0.95617586,0.9337647,0.9585887,0.99999994,0.9651675,0.9589604,0.95520216,0.9631972,0.9636324,0.95302546,0.9376844,0.9587548,0.94302267,0.9600354,0.9628146,0.9538833,0.7613244,0.9474226,0.94644773,0.9556685,0.93788415,0.9454449,0.94627696,0.9363953,0.954193,0.94461006,0.9206466,0.9678953,0.9731186,0.95538336,0.94666904,0.96276134,0.970902,0.9346253,0.963991,0.964038,0.95650685,0.9626954,0.95407206,0.9564906,0.97403795,0.957425,0.96272147,0.9705991,0.9588553,0.94243276,0.9409892,0.947538,0.9556693,0.95755744,0.9625965,0.9737493,0.9552353,0.9637018,0.9702822,0.9684997,0.95549566,0.95582014,0.9578133,0.95256907,0.9347563,0.97615224,0.5456748,0.9199995,0.9473008,0.9400485,0.9490738,0.8529264,0.95013475,0.94412327,0.9577022,0.9481563,0.96755457,0.970775,0.9467769,0.97160494,0.9565848,0.93218803,0.9821717,0.9586517,0.95603055,0.9469795,0.97615224,0.96913123,0.9602696,0.9498826,0.9668483,0.9542184,0.9621204,0.9467384,0.95265776,0.9644472,0.95501685,0.95094776,0.96122706,0.95082545,0.95345837,0.9588858,0.96993685,0.9347146,0.9382973,0.9591495,0.75271714,0.9487536,0.9296556,0.95289683,0.9512362,0.9647712,0.9392183,0.9505691,0.9517895,0.96880484,0.95860666,0.96592575,0.94120455,0.94183713,0.95693326,0.96544427,0.9507018,0.9355638,0.9129022,0.9542692,0.93135273,0.9649504,0.9360752,0.9494858,0.94065636,0.95304996,0.9618381,0.97825533,0.95194733,0.97648615,0.94914365,0.9550182,0.96902955,0.9647711,0.95786804,0.9475772,0.9569943,0.97370845,0.9488833,0.9669719,0.9707872,0.94807667,0.92963994,0.9565547,0.9657033,0.9519988,0.9616726,0.95920545,0.94540024,0.97648615,0.95531076,0.9620967,0.9679689,0.9557312
annamovie,0.95416087,0.96422946,0.9659505,0.95102453,0.9457412,0.9549302,0.9701467,0.9643609,0.98367125,0.948688,0.95529,0.9440615,0.9651675,1.0000005,0.97031945,0.9682442,0.96608216,0.97277,0.9648229,0.95322126,0.96056753,0.9597659,0.96613365,0.96278816,0.97009426,0.796936,0.9450525,0.9562939,0.9575105,0.9442171,0.951525,0.9390431,0.92190367,0.94637215,0.95195717,0.92891437,0.96553844,0.95108443,0.97222453,0.9553213,0.96939254,0.96345055,0.95418656,0.95060396,0.96949077,0.96821654,0.9660341,0.96296996,0.9687328,0.96753556,0.9623509,0.96809524,0.9714537,0.95255345,0.93797946,0.948847,0.9607391,0.95443004,0.95687366,0.96961415,0.9716754,0.9725162,0.96787584,0.97818446,0.95836675,0.9631513,0.95092773,0.9659006,0.95711446,0.9484357,0.97783244,0.5859154,0.9330801,0.9622204,0.95734394,0.953438,0.88937587,0.9597929,0.94408834,0.9566581,0.9644221,0.9724714,0.97895956,0.96497434,0.9688592,0.9630887,0.96364194,0.9749186,0.9615466,0.9687806,0.96057796,0.97783244,0.9719773,0.9551049,0.9532701,0.9688713,0.977815,0.964411,0.9584738,0.97194946,0.9638068,0.96678597,0.9565779,0.97455853,0.9774315,0.95758563,0.96779376,0.9737825,0.942806,0.9565967,0.9575204,0.7710726,0.962156,0.93204224,0.95692354,0.9547272,0.9594142,0.9615529,0.96695197,0.9637441,0.97697973,0.96438545,0.970461,0.959887,0.9476158,0.97042346,0.96250594,0.9661078,0.9499861,0.93436784,0.9672755,0.9414574,0.96011394,0.94140744,0.95304453,0.9467547,0.95238745,0.9681908,0.96899086,0.96547467,0.98367125,0.95286906,0.96788365,0.9632134,0.96993583,0.9655543,0.9548584,0.96355903,0.96231097,0.9551215,0.9722338,0.9645666,0.9537777,0.9323877,0.96999353,0.977426,0.95815647,0.9608685,0.9618401,0.95044667,0.98367125,0.96703887,0.9609404,0.9727231,0.9549936
apollo11movie,0.9719652,0.9579721,0.9698284,0.9578879,0.95826536,0.9710809,0.9733131,0.97128284,0.9864768,0.94755334,0.95706654,0.9617546,0.9589604,0.97031945,0.99999976,0.95706606,0.96864796,0.97332156,0.9660077,0.9717805,0.97119105,0.9634973,0.96433014,0.96825373,0.95646906,0.82804435,0.95445716,0.96188384,0.96832484,0.9385737,0.9371051,0.9258702,0.94398934,0.9428266,0.94733155,0.9376405,0.97092634,0.9493566,0.9617338,0.9597916,0.9553344,0.96088177,0.963541,0.9588158,0.9669351,0.96900254,0.96496046,0.9788497,0.9648554,0.96902066,0.9718851,0.97154045,0.9664031,0.9541859,0.9424855,0.9603203,0.9692196,0.9559426,0.9649976,0.964626,0.95059466,0.96168905,0.97000605,0.9536903,0.96082526,0.9534787,0.94143456,0.96932346,0.9562245,0.96126497,0.9730625,0.5427487,0.9426472,0.96666414,0.9581827,0.9415809,0.8802467,0.95928115,0.9543889,0.96243227,0.9555743,0.96667373,0.9650505,0.9625058,0.9689195,0.94947785,0.9670833,0.9738381,0.9532118,0.96751785,0.9528389,0.9730625,0.9633912,0.96565926,0.9653472,0.97659105,0.9698631,0.9693006,0.9656626,0.9650075,0.97020715,0.95825326,0.96081454,0.9689767,0.96996886,0.97132814,0.9643489,0.96207476,0.9497206,0.9498506,0.95891505,0.7707732,0.9600675,0.92554957,0.95722264,0.9602425,0.9736765,0.96173286,0.9605225,0.9645221,0.9544576,0.9544126,0.96021616,0.9587749,0.9583179,0.97006214,0.9746618,0.9547189,0.9582646,0.92053163,0.9762413,0.95841235,0.97198325,0.9444955,0.95613545,0.9384682,0.96974045,0.96937644,0.9709769,0.9765447,0.9864768,0.963424,0.96815455,0.948527,0.9488191,0.9666977,0.9578229,0.95730025,0.9515747,0.9589604,0.96937543,0.9577612,0.96408653,0.9316982,0.967353,0.9735061,0.9664968,0.9645941,0.96969545,0.94371796,0.9864768,0.95827425,0.97236866,0.9742885,0.9712825
arcticdogsmovie,0.9496855,0.97253835,0.9542162,0.9415863,0.94914186,0.9427807,0.95497537,0.958793,0.97966784,0.95010895,0.9637642,0.9464902,0.95520216,0.9682442,0.95706606,1.0000002,0.9633437,0.9603339,0.9483868,0.9512167,0.95694125,0.9549406,0.9617461,0.9740143,0.96150625,0.76383907,0.9469387,0.9519862,0.952713,0.95031357,0.95551354,0.9356373,0.91604215,0.9492546,0.92877215,0.9239973,0.96013564,0.9459043,0.9703142,0.9602425,0.9584373,0.964826,0.9307798,0.94634366,0.95344025,0.96160924,0.95466995,0.9536264,0.9605819,0.96351653,0.9598113,0.96569115,0.95422125,0.9572035,0.92899215,0.9400662,0.95460945,0.96851933,0.94477767,0.97275937,0.96135527,0.96569526,0.95312655,0.9574877,0.9499049,0.9642013,0.9506371,0.96967345,0.9600808,0.94993633,0.9768858,0.5652143,0.92780584,0.9546638,0.9431692,0.94080895,0.8683274,0.9606999,0.9397705,0.963036,0.95593286,0.9511382,0.9677658,0.9497128,0.96143144,0.96245867,0.961128,0.9645586,0.9562273,0.9667109,0.950293,0.9768858,0.9697065,0.95128983,0.94236344,0.95549387,0.9608099,0.9691426,0.95208716,0.9565395,0.9484859,0.95127517,0.93318075,0.97023016,0.9582135,0.9532614,0.97374815,0.965298,0.9438432,0.95605326,0.96332145,0.7245601,0.9657639,0.9225844,0.958248,0.9671721,0.9624133,0.94442105,0.9463948,0.9405692,0.9634398,0.96895915,0.9715962,0.9381218,0.9639093,0.9705347,0.95707464,0.95610404,0.94440657,0.91662836,0.9628031,0.9333204,0.9578687,0.9430653,0.9662859,0.9467831,0.963686,0.9533512,0.9659488,0.94900906,0.97966784,0.9423215,0.9499519,0.9564725,0.95943797,0.9578396,0.95598793,0.9493283,0.9480268,0.96143246,0.96083087,0.95139337,0.9529959,0.932635,0.96035033,0.9700479,0.9593481,0.9671824,0.9645955,0.95945334,0.97966784,0.9688161,0.9599646,0.9610233,0.95200574
arcticmovie,0.9700488,0.96583587,0.9615296,0.94513136,0.94423276,0.950391,0.961794,0.9621787,0.9799158,0.9550242,0.9554704,0.95910627,0.9631972,0.96608216,0.96864796,0.9633437,1.0000001,0.957093,0.9692044,0.9626745,0.9602266,0.95628107,0.95307744,0.96032476,0.9540984,0.80494714,0.9473519,0.9725694,0.9557476,0.9501654,0.95552593,0.9255465,0.9398765,0.949918,0.9395574,0.9271112,0.9570885,0.94798166,0.9752916,0.9517888,0.9504917,0.96491164,0.9387414,0.952576,0.9613619,0.9685515,0.95210296,0.94646215,0.96296966,0.9654366,0.95985705,0.961794,0.9685139,0.94633037,0.92003316,0.93852407,0.96341324,0.95446867,0.9563332,0.9672786,0.9508198,0.9616461,0.9623393,0.9577201,0.9594989,0.95619017,0.9475009,0.96355826,0.9451963,0.95140374,0.97768426,0.57062286,0.94353944,0.96045244,0.9544441,0.94015616,0.8809773,0.95962423,0.9432761,0.94876426,0.95303005,0.95864326,0.9654823,0.9573139,0.96799576,0.9499355,0.94595724,0.9784078,0.95322794,0.9599212,0.9613413,0.97768426,0.9672854,0.9555254,0.95041955,0.97519267,0.96182966,0.9678598,0.95491636,0.9504927,0.96318704,0.9574388,0.9505869,0.9704177,0.96646625,0.955797,0.95868903,0.9668616,0.947571,0.9547151,0.9501343,0.7297681,0.95097387,0.9218334,0.9601406,0.96473944,0.97232604,0.9499157,0.9496989,0.94934654,0.9616561,0.9650928,0.9567245,0.9490791,0.94937646,0.9670917,0.96075886,0.95181584,0.9478499,0.9297127,0.9640621,0.937875,0.98366404,0.96032554,0.943598,0.9501003,0.9610886,0.94778717,0.97494215,0.9628869,0.9799158,0.946362,0.9619701,0.95505005,0.9558697,0.9569382,0.9541444,0.9538874,0.94443655,0.95837355,0.9739273,0.9574109,0.9496443,0.9542315,0.9659532,0.97588634,0.96031535,0.9675239,0.9631578,0.94560766,0.9799158,0.96090627,0.96050686,0.96922904,0.95183665
artofracingmovie,0.9680696,0.9601479,0.97353214,0.9628704,0.9755831,0.970505,0.96283925,0.9714296,0.98691887,0.95002407,0.95008296,0.9618265,0.9636324,0.97277,0.97332156,0.9603339,0.957093,1.0000002,0.95967585,0.95464194,0.967165,0.9610826,0.96572506,0.9640347,0.9704217,0.80625546,0.9636447,0.9523151,0.9704842,0.9456978,0.9355459,0.94869286,0.94282174,0.9521771,0.9561697,0.92913854,0.9659375,0.96428174,0.96930116,0.95879585,0.965218,0.9666349,0.9450145,0.95821965,0.97278863,0.9594479,0.96930224,0.96996564,0.96649545,0.97094184,0.9732741,0.97415674,0.96378237,0.9676923,0.94766927,0.9758507,0.9518307,0.95700204,0.9695607,0.9615748,0.9664939,0.9724286,0.9696309,0.9609722,0.9648372,0.9628156,0.94907504,0.9674873,0.95978117,0.9555303,0.9757119,0.5456945,0.929195,0.9628122,0.9477559,0.95343477,0.88392776,0.965603,0.95961994,0.9624949,0.9588258,0.9635604,0.9705473,0.9638424,0.9720481,0.9477018,0.9614162,0.97351426,0.9628455,0.96992916,0.95103025,0.9757119,0.97186357,0.9650498,0.95561457,0.9644252,0.9688098,0.9674755,0.9679936,0.9630677,0.9597601,0.96088517,0.96732444,0.96751684,0.95917106,0.9726217,0.97400075,0.967665,0.94205093,0.95562315,0.96513075,0.78938067,0.9600486,0.9263292,0.9542573,0.9620736,0.97249234,0.9493756,0.9729072,0.9595329,0.9596173,0.9581771,0.96571887,0.95056176,0.9545478,0.9687546,0.9769789,0.96395016,0.9700262,0.89840513,0.9667999,0.96231866,0.96023774,0.93506765,0.96004754,0.94528276,0.9600054,0.9713752,0.97266406,0.9704388,0.98691887,0.970687,0.9538615,0.9646208,0.95622504,0.9655923,0.95801514,0.9591539,0.9709679,0.9683204,0.96578455,0.9560894,0.95209104,0.92500633,0.9590797,0.9679909,0.9635404,0.9664681,0.9630092,0.95062155,0.98691887,0.9741344,0.967661,0.96944535,0.97535366
avengers,0.9720552,0.9547008,0.9642942,0.95224166,0.9397604,0.94267035,0.95618945,0.95348966,0.9749902,0.9442171,0.93415695,0.9448622,0.95302546,0.9648229,0.9660077,0.9483868,0.9692044,0.95967585,1.0,0.9442938,0.96096087,0.94496053,0.9552799,0.9479899,0.9499127,0.7990035,0.93546766,0.94953245,0.947498,0.92215025,0.96749014,0.9250434,0.942857,0.93326086,0.92989606,0.9265474,0.96124095,0.94675326,0.9679998,0.9481974,0.9498719,0.9559796,0.94826716,0.95543385,0.95904064,0.9605168,0.9539913,0.95545185,0.9622156,0.96222657,0.95335007,0.9582197,0.9560663,0.9335594,0.9252694,0.9501901,0.95667195,0.9405382,0.9612102,0.95758563,0.9513637,0.9537107,0.9612308,0.96120733,0.9555348,0.9514168,0.9501317,0.9594635,0.9368551,0.9452356,0.9687207,0.5901242,0.9219128,0.9505957,0.9490053,0.942917,0.88256055,0.94710475,0.9335042,0.94599116,0.9498431,0.95580834,0.96057016,0.94319093,0.9565193,0.9506231,0.9422696,0.9702546,0.95977545,0.96054655,0.9433614,0.9687207,0.9570733,0.94273037,0.9548679,0.96828866,0.95688105,0.95235926,0.94609886,0.95466274,0.96255064,0.94534576,0.9561949,0.963804,0.9630996,0.9487917,0.96062046,0.9633614,0.9310377,0.9413285,0.94352996,0.719031,0.9391736,0.9217469,0.93940926,0.9560065,0.96398705,0.94674677,0.96062356,0.94510597,0.9622628,0.9509875,0.9567092,0.9490142,0.9385361,0.96717703,0.9525341,0.9468926,0.94004136,0.93664646,0.9648943,0.9470145,0.9614614,0.93367916,0.9301141,0.9226076,0.96239203,0.94494915,0.96674234,0.9594693,0.9749902,0.9419072,0.9559394,0.94475645,0.9453389,0.95486355,0.9492275,0.9505245,0.941532,0.9462711,0.9627014,0.9538615,0.9503638,0.9441268,0.95711046,0.96807915,0.9603644,0.95253366,0.9474593,0.938696,0.9749902,0.95441127,0.95839924,0.9672047,0.9468286
beachbummovie,0.96123475,0.94911915,0.9469991,0.93403995,0.9435858,0.9554013,0.96190983,0.954615,0.9701714,0.9301863,0.9451974,0.9390747,0.9376844,0.95322126,0.9717805,0.9512167,0.9626745,0.95464194,0.9442938,1.0,0.9469133,0.94560856,0.946014,0.9455821,0.94442534,0.8426005,0.92686933,0.9477781,0.9490893,0.93280846,0.9244426,0.90877783,0.927151,0.9259178,0.9152562,0.9042429,0.956634,0.9389826,0.9514838,0.95213044,0.9497794,0.95250386,0.9358155,0.9438096,0.9467114,0.9606772,0.94796664,0.9508818,0.9442969,0.95820206,0.9576756,0.9552967,0.94562846,0.94138706,0.917648,0.9290547,0.9378797,0.94552344,0.94807273,0.94885814,0.92934185,0.9530689,0.9503848,0.93129,0.94853246,0.94500613,0.92489076,0.9563117,0.94348526,0.9333902,0.95187557,0.560089,0.91526,0.9516541,0.9305141,0.929934,0.8258458,0.9487441,0.9350273,0.9474029,0.94203657,0.95259625,0.94204265,0.9388341,0.94882923,0.9321574,0.9427779,0.9613346,0.9279425,0.95328164,0.93951184,0.95187557,0.9591414,0.9478191,0.9523049,0.9471863,0.949663,0.96789837,0.957675,0.94780636,0.9538787,0.94970846,0.93830144,0.94322544,0.94886065,0.9526098,0.9537189,0.9475332,0.92457795,0.9433223,0.9355507,0.7198389,0.9415098,0.89818645,0.9432853,0.9467696,0.9653314,0.94105726,0.94588476,0.9479862,0.9435595,0.93522525,0.948131,0.9372458,0.9482438,0.95162785,0.95509493,0.9425134,0.94471973,0.8861885,0.95573187,0.9343174,0.96235144,0.9360955,0.941669,0.93827045,0.95413387,0.9444632,0.9449458,0.94824564,0.9701714,0.93338215,0.9502341,0.9320829,0.9370935,0.946989,0.94607615,0.94404334,0.93035924,0.9424112,0.9611898,0.92945915,0.93726754,0.92002296,0.95288134,0.94979364,0.9581192,0.9498823,0.95795256,0.9318823,0.9701714,0.94191396,0.9608936,0.9590431,0.9406296
bernadettefilm,0.9672863,0.96175134,0.96062934,0.955468,0.9640916,0.9633777,0.94501,0.9591366,0.98011136,0.9340338,0.9487113,0.96039045,0.9587548,0.96056753,0.97119105,0.95694125,0.9602266,0.967165,0.96096087,0.9469133,0.9999999,0.9641356,0.96166813,0.9632878,0.9552768,0.7996737,0.9652549,0.964363,0.96080506,0.9320819,0.9417667,0.9315054,0.96249247,0.94299006,0.9400376,0.94566,0.9583903,0.96284384,0.95796955,0.965092,0.94785005,0.9569978,0.94375515,0.9629877,0.96084493,0.9708823,0.9592634,0.96312666,0.9689261,0.96896935,0.9635203,0.97013193,0.96045315,0.9496693,0.94901365,0.9573529,0.9535288,0.9520341,0.95613116,0.95766515,0.9435445,0.9567544,0.9642919,0.95675665,0.9560394,0.9546974,0.9474769,0.9630632,0.9586187,0.9536316,0.96879244,0.5715388,0.9439718,0.9674557,0.9611396,0.93384343,0.89019525,0.9496601,0.94594884,0.95787054,0.9625892,0.96083426,0.96440184,0.95649004,0.9684441,0.95641506,0.9577996,0.97127414,0.96562237,0.96549875,0.9546128,0.96879244,0.9621147,0.9678589,0.94467336,0.9654276,0.9519018,0.95951504,0.936103,0.95775735,0.9576986,0.9482263,0.9567189,0.9680771,0.9645706,0.9619014,0.96514213,0.9506281,0.93408215,0.9501426,0.95860904,0.7684248,0.95313174,0.93556774,0.97028786,0.9589414,0.97118884,0.9593168,0.9555796,0.94922704,0.9595441,0.9528839,0.96601194,0.9583613,0.9543958,0.9693763,0.9716712,0.9477739,0.94940776,0.9136289,0.9830992,0.94892716,0.96399873,0.9490092,0.9504443,0.93174857,0.9577777,0.95729655,0.97193694,0.9712049,0.98011136,0.9612682,0.9577196,0.94613606,0.94099903,0.96733934,0.9462405,0.9503874,0.945829,0.9549792,0.95609635,0.95126027,0.96380925,0.90799624,0.95751685,0.96036226,0.9724561,0.9631973,0.96020687,0.939316,0.98011136,0.95799476,0.9630001,0.975542,0.95901215
