movie,21bridgesmovie,47metersdown,abeautifuldaymovie,abominablemovie,adastramovie,adogsjourneymovie,aftermathmovie,aftermovie,ahiddenlifefilm,alitamovie,angelhasfallen,angrybirdsmovie,annabellemovie,annamovie,apollo11movie,arcticdogsmovie,arcticmovie,artofracingmovie,avengers,beachbummovie,bernadettefilm,blackandbluemovie,blackchristmas,blindedbythelightmovie,bombshellmovie,booksmart,breakthroughmovie,brianbanksmovie,brightburnmovie,brittanyrunsmov,captainmarvelofficial,captivestatemovie,catsmovie,charliesangels,childsplaymovie,clarathefilm,coldpursuitmovie,countdown,currentwarmovie,darkwatersmovie,detectivepikachumovie,disneyaladdin,disneyfrozen,disneymaleficent,doctorsleepmovie,dolemiteismyname,dontletgomovie,doramovie,downtonabbey_official,dumbo,escaperoom,everybodyknowsmovie,fastandfuriousmovie,fightingwmyfam,fivefeetapartfilm,fordvferrari,freaksthefilm,geminimanmovie,glassmovie,gloriabellmovie,godzillamovie,goldfinchmovie,goodboysmovie,goodliarmovie,gretafilm,halathemovie,happydeathdaymovie,harrietfilm,hellboymovie,hersmellmovie,highlifemovie,highstrungmovie,honeyboymovie,hotelmumbaifilm,httydragon,hustlemovie,hustlersmovie,isntitromantic,itmovieofficial,jayandsilentbob,johnwickmovie,jojorabbitmovie,jokermovie,judythefilm,jumanjimovie,justmercyfilm,knivesout,lalloronamovie,lastblackmansf,lastchristmasthemovie,latenightmovie,lighthousemovie,lionking,littlethemovie,littlewomenmovie,littlewoodsfilm,longshotmovie,lordsofchaosmovie,lucyintheskyfilm,mamovie2019,marriagestory,meettheaddams,meninblack,midsommarmovie,midwaymovie,missbalamovie,missinglinkfilm,motherlessbklyn,onceinhollywood,onthebasisofsex,overcomermovie,peanutbutterfalcon,petsematarymovie,piercingmovie,playingwithfire,playmobilthemovie,pomsmovie,queenandslim,rambomovie,readyornotfilm,richardjewellfilm,rocketmanmovie,scarystoriesmovie,secretlifeofpets,serenityfilm,shaftmovie,shazammovie,spidermanmovie,spiesindisguise,starwars,stormboymovie,stubermovie,taosdfilm,teenspiritmov,terminator,theaeronautsmov,thebestofenemies,thedeaddontdie,thefarewell,thehighwaymen,thehummingbirdprojectfilm,theintrudermovie,theirishmanfilm,thekitchenmovie,thelegomovie,themustangfilm,thenightingalefilm,theprodigymovie,thesunisalsoastar,theupsidefilm,tolkienmovie,toystory,triplefrontier,uglydolls,uncutgems,underthesilverlake,usmovie,wavesmovie,whatmenwant,wonderparkmovie,wrinklestheclown,xmenmovies,yardiefilm,yesterdaymovie,zombieland
21bridgesmovie,1.0000001,0.9370612,0.9526283,0.94734913,0.954301,0.96107954,0.95835394,0.94444126,0.97876555,0.9449864,0.9578029,0.9456211,0.95911884,0.9593745,0.94866604,0.9537508,0.96972233,0.9441396,0.9725157,0.9374166,0.9536838,0.96617377,0.97127867,0.9479221,0.94883746,0.79995865,0.95026237,0.95864236,0.9476603,0.94766676,0.94267136,0.94221497,0.9424948,0.94334686,0.9279097,0.91833717,0.9630714,0.96474713,0.96134186,0.94658023,0.9502166,0.95254636,0.9604596,0.95674276,0.95501477,0.96266866,0.9629277,0.95110875,0.9348953,0.95996654,0.9608153,0.9516538,0.940495,0.9596001,0.9588022,0.94639176,0.9454997,0.95430595,0.95062,0.9595596,0.9566919,0.95438826,0.94674194,0.9639249,0.9313858,0.9488559,0.93108296,0.937931,0.96382,0.92315733,0.9674507,0.64364797,0.95452493,0.95849633,0.9369299,0.94691503,0.86281127,0.96576065,0.9641376,0.9576276,0.94760823,0.96175164,0.95698607,0.94338804,0.9597881,0.9490059,0.9605451,0.9631262,0.9518018,0.9638571,0.9470699,0.9674507,0.9578623,0.9353634,0.95814764,0.9396329,0.9530672,0.9543916,0.93924487,0.965006,0.96062195,0.9597562,0.9511662,0.9544158,0.95172024,0.9578531,0.9651953,0.9538898,0.9569217,0.936193,0.9602166,0.80671036,0.9580017,0.8926971,0.9533491,0.9716844,0.9866608,0.9601933,0.95509666,0.9623759,0.9577768,0.95926577,0.960132,0.9463851,0.94391894,0.95532423,0.95917016,0.95920014,0.94842696,0.94922715,0.95229334,0.93915987,0.9443799,0.9299544,0.954683,0.9487049,0.96230686,0.9502575,0.9652259,0.9566348,0.97876555,0.95791847,0.9590828,0.95403844,0.93121177,0.9533481,0.95699394,0.9475891,0.9576166,0.9609945,0.95981044,0.95074457,0.9500702,0.9259474,0.95587337,0.96446973,0.9334697,0.95207816,0.94939,0.9358083,0.97876555,0.95179313,0.9502329,0.9601092,0.9623905
47metersdown,0.9370612,1.0000002,0.9469417,0.9465936,0.93860704,0.9340671,0.95075625,0.9364988,0.96244067,0.93509877,0.9560454,0.9266221,0.94834507,0.950411,0.93781155,0.94514734,0.9437171,0.9410307,0.9486991,0.93749887,0.9470319,0.95690525,0.9525276,0.95010865,0.9345438,0.81075394,0.93428487,0.93766886,0.9350648,0.9408962,0.948469,0.9329673,0.92156595,0.9262506,0.92574584,0.8921797,0.9526192,0.9232619,0.9418324,0.94086003,0.9409224,0.9506854,0.9397046,0.94973344,0.9394487,0.94773585,0.9467089,0.9340376,0.93739766,0.95362103,0.94040066,0.9546037,0.9223122,0.93128574,0.9475831,0.92840874,0.9212994,0.9431151,0.9386282,0.9532398,0.93493557,0.93141586,0.9396991,0.94959176,0.94811285,0.9355876,0.93940455,0.94059485,0.94688666,0.9321849,0.9570438,0.636544,0.92069805,0.93504643,0.9298674,0.9148502,0.8451864,0.94348335,0.9500584,0.9280182,0.94602233,0.9575622,0.9457822,0.93449074,0.94640136,0.9521532,0.9554729,0.95215607,0.9423927,0.9423788,0.9439078,0.9570438,0.92894685,0.92765063,0.9348087,0.94231164,0.93348473,0.9456514,0.9379894,0.9516244,0.9467273,0.9421386,0.9360327,0.9472991,0.95379215,0.93206614,0.95601726,0.9414175,0.9251199,0.9351532,0.9417507,0.8040653,0.94106853,0.88656974,0.9416892,0.94172055,0.94161564,0.94485843,0.948663,0.93446463,0.9507239,0.9427921,0.94338655,0.93921924,0.9398239,0.94646835,0.9482755,0.93026453,0.9468189,0.924409,0.9380086,0.9206939,0.9343298,0.90567374,0.93752027,0.9436365,0.93628824,0.9437609,0.94657254,0.942535,0.96244067,0.9495869,0.934574,0.94643736,0.92412233,0.94228804,0.94167274,0.93366396,0.9520749,0.9418484,0.95186615,0.94202906,0.9236672,0.9165255,0.9377912,0.94960916,0.92771393,0.9458873,0.94531125,0.93381834,0.96244067,0.92473465,0.94478613,0.9486301,0.94008017
abeautifuldaymovie,0.9526283,0.9469417,0.99999994,0.94279575,0.95520276,0.95195144,0.9486006,0.9480137,0.97476006,0.94812036,0.95347035,0.9515699,0.9509243,0.95485324,0.9591666,0.95624834,0.96862364,0.95663494,0.961654,0.93693244,0.9499894,0.96831137,0.9605828,0.9549917,0.9413783,0.8191001,0.9467946,0.9518829,0.97165024,0.9622306,0.95976335,0.94604385,0.9342275,0.9622368,0.92361265,0.90912074,0.96869886,0.9295289,0.9527349,0.9485213,0.9544839,0.95510393,0.9277244,0.9592036,0.95253253,0.933655,0.95456755,0.9316634,0.93819624,0.9525815,0.97772384,0.95860624,0.93909514,0.9501393,0.9459756,0.9556136,0.93964535,0.962885,0.95056057,0.9558574,0.9605855,0.94447035,0.9436831,0.97010046,0.9434639,0.9468342,0.9368845,0.94736814,0.9470152,0.9049102,0.96317214,0.61784256,0.9463633,0.9547028,0.93273985,0.9353978,0.880352,0.94765383,0.9651431,0.938412,0.94458497,0.95002866,0.96985924,0.9515274,0.96996313,0.9500473,0.94719785,0.9607451,0.9383098,0.9503398,0.95127827,0.96317214,0.9399522,0.92857856,0.9687494,0.9461403,0.9521579,0.9567213,0.9466882,0.96079224,0.94493747,0.9460695,0.9529587,0.95776594,0.95588017,0.9670428,0.96329415,0.96135193,0.9412709,0.9298915,0.95714563,0.8100479,0.96069324,0.8893396,0.9525555,0.9514186,0.95837843,0.94383717,0.953641,0.9396586,0.9588908,0.95118046,0.95088685,0.9489295,0.9506427,0.9460389,0.9713707,0.9603853,0.9588788,0.94000024,0.9454781,0.93871146,0.95208794,0.9540342,0.9622538,0.9606485,0.9434939,0.9476146,0.96315277,0.93351936,0.97476006,0.9715602,0.944193,0.94287455,0.9543307,0.9540772,0.95754915,0.9418638,0.9571877,0.9438607,0.95069605,0.9792656,0.92831975,0.9186268,0.9363925,0.9496829,0.9413697,0.9467107,0.9469785,0.9580822,0.97476006,0.9490528,0.95393234,0.96010417,0.9662656
abominablemovie,0.94734913,0.9465936,0.94279575,1.0,0.93884856,0.9419034,0.9462188,0.9212098,0.95743054,0.9299274,0.9437438,0.9490625,0.9381373,0.952575,0.92679465,0.9508209,0.9441994,0.93304044,0.93729573,0.91690576,0.93347156,0.9432327,0.95442903,0.9316958,0.9268059,0.80592144,0.9308413,0.9355312,0.945854,0.93662655,0.92668545,0.92894125,0.90510434,0.9196639,0.9226446,0.92263484,0.9395382,0.9287316,0.9385013,0.9423535,0.9268131,0.9238886,0.92366385,0.93985313,0.93015325,0.9330915,0.9449658,0.9328526,0.9285659,0.93997914,0.94665956,0.9404336,0.920832,0.9246338,0.9456321,0.9317461,0.9248504,0.9348436,0.94615364,0.94359374,0.93898314,0.94458956,0.92098534,0.94027495,0.91741204,0.9374354,0.9374746,0.92977357,0.9408286,0.91806763,0.95423955,0.59316975,0.92369294,0.9345308,0.9345665,0.9176374,0.8634148,0.9382583,0.9371589,0.9377011,0.9408299,0.9507191,0.9295758,0.9332067,0.9543307,0.9348818,0.9555542,0.9370421,0.9363288,0.9386193,0.9360229,0.95423955,0.9227091,0.9245096,0.92595965,0.9448,0.9380295,0.936446,0.9339061,0.951241,0.93983597,0.92831254,0.9305651,0.93631244,0.9275989,0.9373898,0.95671916,0.9446883,0.9346461,0.9107407,0.9437283,0.7925076,0.9439095,0.89636075,0.9374612,0.9452923,0.95265317,0.94499755,0.93639123,0.9436906,0.94154525,0.935508,0.95096743,0.9398377,0.9437268,0.93356895,0.94481635,0.94308394,0.93545616,0.9092884,0.9229384,0.9297918,0.9349644,0.91112125,0.9386067,0.9367142,0.9344679,0.9237134,0.95819813,0.9325476,0.95743054,0.9450273,0.93828976,0.93855816,0.9253422,0.94143224,0.9463169,0.9427936,0.940019,0.948952,0.9465036,0.93604636,0.9380567,0.8943962,0.93397045,0.94771904,0.9183054,0.9371172,0.9294759,0.93625027,0.95743054,0.92518735,0.9252672,0.95050323,0.9428924
adastramovie,0.954301,0.93860704,0.95520276,0.93884856,1.0000004,0.94763285,0.96093565,0.9459402,0.972557,0.93823314,0.9410721,0.93793416,0.9574657,0.9653483,0.9471646,0.95310605,0.9511476,0.9658069,0.9480056,0.94360566,0.95633215,0.9560804,0.9657479,0.9416996,0.93018526,0.8168876,0.94686294,0.9560945,0.95834136,0.946025,0.941406,0.9491431,0.93827385,0.9452028,0.9235596,0.9131662,0.96546805,0.9347152,0.950875,0.95126545,0.9449966,0.94783527,0.93468285,0.95571,0.9508489,0.9545571,0.9659048,0.9530887,0.93928736,0.9511454,0.9578604,0.95590216,0.93011254,0.9536032,0.96037614,0.9693487,0.9437877,0.9592487,0.9464779,0.96370864,0.9632787,0.93394923,0.9497385,0.96705395,0.94795656,0.9345011,0.93792135,0.94653195,0.9264712,0.9168334,0.96952856,0.6248472,0.94393593,0.95253205,0.9412925,0.9328311,0.8574381,0.9487393,0.9530815,0.93840915,0.9357225,0.95108324,0.9587288,0.9438379,0.9447409,0.95679575,0.934695,0.95680314,0.9499637,0.9584812,0.93211925,0.96952856,0.94435716,0.93535787,0.9421395,0.9346468,0.9392158,0.9477094,0.95628685,0.9646488,0.9480661,0.9467058,0.9395528,0.9624824,0.94255143,0.95400566,0.9540396,0.95251346,0.94040716,0.9360361,0.9606881,0.79903305,0.94308877,0.87347585,0.95807,0.93710107,0.95563924,0.9567822,0.95520025,0.9571801,0.9541886,0.9537206,0.95892936,0.9392005,0.95337355,0.9479373,0.9634426,0.94590884,0.95826155,0.92605066,0.94462675,0.9514356,0.9414953,0.93454057,0.95212114,0.9512132,0.9579713,0.9510546,0.9679593,0.94265556,0.972557,0.95322883,0.9429175,0.9424945,0.9455441,0.94941974,0.9433991,0.9336606,0.9632113,0.931912,0.9535128,0.9485891,0.92128706,0.91095275,0.95697623,0.95189387,0.95252645,0.9479948,0.9498177,0.9507019,0.972557,0.9353758,0.96243745,0.96011126,0.9457794
adogsjourneymovie,0.96107954,0.9340671,0.95195144,0.9419034,0.94763285,0.9999997,0.94218993,0.9368967,0.9709275,0.9376011,0.94190264,0.966539,0.9558566,0.95161474,0.94551283,0.94312024,0.95911616,0.9276731,0.9565174,0.9335759,0.94935495,0.9630482,0.968722,0.9340888,0.93167317,0.7926033,0.9481385,0.95151514,0.9513902,0.94832224,0.9461714,0.93743324,0.9228007,0.95638835,0.93051237,0.91557145,0.9512984,0.93553823,0.9560818,0.9451853,0.94554013,0.9568515,0.9535924,0.95966834,0.94913965,0.9555723,0.96870875,0.9459937,0.93674374,0.9605787,0.9682891,0.9502256,0.9394623,0.94069976,0.95940006,0.95676017,0.9364898,0.95205796,0.95126855,0.9477975,0.958215,0.94189996,0.93294555,0.9581153,0.9262597,0.9397673,0.9253905,0.933872,0.94029933,0.92067593,0.94875723,0.627305,0.9562307,0.9456036,0.9301903,0.92866015,0.85734844,0.9506847,0.95845103,0.961052,0.92999756,0.94274753,0.95692325,0.94458795,0.9650654,0.94765306,0.95406526,0.9566793,0.9396788,0.956962,0.9363428,0.94875723,0.9441135,0.9268898,0.9493817,0.9360266,0.93778926,0.94134957,0.9309294,0.9568617,0.94001704,0.95008016,0.95942795,0.9404074,0.94730246,0.965479,0.9670669,0.9496699,0.9470692,0.93286365,0.9540959,0.77955806,0.94828457,0.8820164,0.95408165,0.9382296,0.9594872,0.95789486,0.9547432,0.93941075,0.9573005,0.9548159,0.961031,0.9697898,0.94951373,0.95091885,0.9628118,0.9670232,0.9459169,0.9532999,0.94699144,0.9300811,0.9363711,0.9270547,0.95534533,0.9457859,0.95152426,0.9399673,0.9524431,0.9356575,0.9709275,0.9533737,0.949266,0.9497823,0.94353104,0.9515999,0.9541055,0.9403306,0.94750386,0.94475967,0.9493662,0.9429765,0.9457661,0.9027506,0.941496,0.94625664,0.9431774,0.9348627,0.9520251,0.93228567,0.9709275,0.94325256,0.9429331,0.96577144,0.97193056
aftermathmovie,0.95835394,0.95075625,0.9486006,0.9462188,0.96093565,0.94218993,1.0,0.9416581,0.9782506,0.9414121,0.9591915,0.92747223,0.9590854,0.963314,0.95348406,0.9581781,0.95459914,0.9443253,0.95822954,0.93954307,0.9642145,0.9637172,0.96919143,0.94843185,0.9266098,0.8302178,0.9536564,0.9533613,0.9565065,0.9415787,0.946512,0.9584129,0.9412832,0.93493503,0.93093973,0.92759275,0.95730245,0.93561053,0.96600187,0.95864534,0.95373905,0.950456,0.9512583,0.9581414,0.94598013,0.9520387,0.9641731,0.9435988,0.94300145,0.9571656,0.9504492,0.9660127,0.9337959,0.9482868,0.95398206,0.9518808,0.9495562,0.950365,0.9447473,0.9533555,0.96134335,0.93391675,0.94141257,0.96459895,0.95367825,0.95329183,0.9462036,0.9445287,0.95814836,0.93729186,0.96352273,0.63862777,0.94359976,0.95148075,0.94402754,0.93348974,0.8662078,0.96155995,0.9490579,0.959417,0.9562777,0.9788576,0.9564247,0.95014507,0.9431571,0.9527914,0.9542413,0.9570693,0.95285493,0.9645405,0.9424747,0.96352273,0.9353494,0.94559664,0.935561,0.94756466,0.9426112,0.9645916,0.9664936,0.9611866,0.9534768,0.9507958,0.9421742,0.9568427,0.94622886,0.94377387,0.95255035,0.9633075,0.9437604,0.94203454,0.9643541,0.83004594,0.94823104,0.8913812,0.95996577,0.9501183,0.95820135,0.9661766,0.95676607,0.98989457,0.964237,0.961746,0.9587736,0.94798833,0.955365,0.95493793,0.9559707,0.94115025,0.9496955,0.9283661,0.94564265,0.9378206,0.95788276,0.9381391,0.9473808,0.9484618,0.9566911,0.9547486,0.96440667,0.94143397,0.9782506,0.95875174,0.9520441,0.9632826,0.94275147,0.9578126,0.94899434,0.9508986,0.97280127,0.94157404,0.9890208,0.9400192,0.9443554,0.9181043,0.9617074,0.95617616,0.935938,0.95115703,0.94868296,0.94228506,0.9782506,0.930484,0.96283287,0.9584665,0.9470322
aftermovie,0.94444126,0.9364988,0.9480137,0.9212098,0.9459402,0.9368967,0.9416581,0.99999994,0.9666757,0.9339858,0.9444336,0.92508537,0.94721234,0.95215935,0.95249295,0.9448456,0.9545367,0.9380226,0.94154763,0.9396833,0.9465777,0.9443606,0.95040035,0.9499085,0.93781,0.8058781,0.94245154,0.9507342,0.941316,0.94563353,0.9388097,0.9234926,0.9256991,0.9391731,0.91652304,0.9096133,0.95085734,0.9280592,0.93933946,0.93473583,0.9382112,0.9456767,0.9308516,0.9547755,0.9474664,0.94784355,0.94614464,0.92247504,0.91771084,0.95260525,0.9402144,0.94171715,0.93159866,0.9250347,0.9547913,0.936882,0.92912793,0.9527995,0.9531128,0.94900745,0.9454279,0.9348063,0.9433613,0.9536588,0.92569137,0.9413326,0.9387345,0.9249378,0.92939377,0.92833096,0.9557055,0.61881477,0.9432892,0.95448166,0.92030734,0.93504137,0.8835998,0.9502115,0.950194,0.9241463,0.93603605,0.94021314,0.9519321,0.93475884,0.9384468,0.9557613,0.9183342,0.9636409,0.9387493,0.95428395,0.9321349,0.9557055,0.9357941,0.91817605,0.9284173,0.9427831,0.9393575,0.96008956,0.9396936,0.9601024,0.95538354,0.9416144,0.915128,0.9524159,0.9545537,0.93072796,0.9476281,0.9533652,0.92832434,0.9350337,0.95005125,0.78989965,0.945433,0.8898184,0.95174307,0.94560844,0.9512005,0.93532485,0.93821466,0.93664706,0.948195,0.9516974,0.95281565,0.94497377,0.9406919,0.9454453,0.9499841,0.9254692,0.93555355,0.9171594,0.9533582,0.92600393,0.9421659,0.9361726,0.94014406,0.94242597,0.9438569,0.9235132,0.94854933,0.9316285,0.9666757,0.94199866,0.9429205,0.93695146,0.95663434,0.9349246,0.93348646,0.92652404,0.94818133,0.9348168,0.94365686,0.94611496,0.9199424,0.9166974,0.92548364,0.9417021,0.92518544,0.94644654,0.9508233,0.9312577,0.9666757,0.92648447,0.9511325,0.9491673,0.94137037
ahiddenlifefilm,0.97876555,0.96244067,0.97476006,0.95743054,0.972557,0.9709275,0.9782506,0.9666757,0.99999964,0.96396685,0.9715656,0.95988786,0.9791521,0.9786984,0.97454983,0.97730666,0.9864948,0.9666951,0.9740203,0.96304697,0.97680473,0.9851825,0.9873372,0.97281927,0.9585558,0.83494794,0.9737026,0.9791501,0.97825515,0.9728919,0.97183365,0.96730447,0.9555622,0.96886164,0.9529039,0.9392959,0.9812344,0.96076214,0.9761978,0.97111994,0.9689839,0.97618735,0.96647096,0.98089695,0.97751707,0.97439224,0.9836552,0.96503437,0.960378,0.97992784,0.98047787,0.978614,0.95994234,0.97166413,0.9734766,0.969598,0.96750295,0.97898006,0.9728368,0.97868794,0.9768155,0.96494097,0.9704773,0.9855051,0.9637388,0.9699335,0.9580869,0.96339744,0.973072,0.9520306,0.9856626,0.65081424,0.9682725,0.9779658,0.9570505,0.95409197,0.89196956,0.9776109,0.9760888,0.9719431,0.9637099,0.97663516,0.9801716,0.96787864,0.97408724,0.97528255,0.9686216,0.98334014,0.9690577,0.98001546,0.967928,0.9856626,0.96587425,0.9595408,0.9686971,0.961361,0.96820086,0.9754132,0.9649407,0.97931975,0.97323704,0.9780172,0.965443,0.9802792,0.9712444,0.97524804,0.98286414,0.98063093,0.9672401,0.9596171,0.9837973,0.82219523,0.9759206,0.91403574,0.9779353,0.97691333,0.98225576,0.98003453,0.9710659,0.9739526,0.98359793,0.98088557,0.9785113,0.9694742,0.9735965,0.97432655,0.9774135,0.97271806,0.97125715,0.95283633,0.972684,0.9581085,0.9737304,0.95719963,0.9743505,0.9750237,0.97529674,0.9716163,0.98338896,0.96325463,0.99999964,0.98084986,0.9737995,0.97481364,0.9702242,0.9744027,0.9754853,0.9641118,0.97999704,0.9650595,0.98122233,0.97037613,0.9614091,0.9393029,0.96869314,0.9774576,0.962184,0.96951854,0.9728691,0.96698445,0.99999964,0.9576305,0.97712976,0.983228,0.97553456
alitamovie,0.9449864,0.93509877,0.94812036,0.9299274,0.93823314,0.9376011,0.9414121,0.9339858,0.96396685,0.9999999,0.9439394,0.9380194,0.94200265,0.9437985,0.9524252,0.9483926,0.94961333,0.9451974,0.93509394,0.9388195,0.94095725,0.95095503,0.95013887,0.94037163,0.9268246,0.7979038,0.96375215,0.9480417,0.9445387,0.9440854,0.9162664,0.9417279,0.90511703,0.9365681,0.9342089,0.93912804,0.9381876,0.9248194,0.94815016,0.9309854,0.92649394,0.9418216,0.93928826,0.95093536,0.94738245,0.9449283,0.94455516,0.9316082,0.9320571,0.9458648,0.9473681,0.9347528,0.933143,0.94286674,0.94730026,0.9508786,0.9475542,0.9389883,0.9401319,0.9397703,0.9441963,0.93850714,0.94716877,0.9560905,0.92750067,0.94281,0.9194395,0.9285245,0.94486576,0.91868895,0.94736034,0.63589156,0.9445937,0.93594074,0.9104397,0.92116773,0.8835533,0.94046855,0.9457214,0.95292985,0.92737466,0.94856596,0.9388565,0.9345823,0.9517816,0.9291332,0.9440285,0.946787,0.95087725,0.9584674,0.93356925,0.94736034,0.9290242,0.91344553,0.92454535,0.9434501,0.94271964,0.94553655,0.93115914,0.9452271,0.94797754,0.94714355,0.9270225,0.9359863,0.9594229,0.94264495,0.95686877,0.9541354,0.93676317,0.9212133,0.94931465,0.8161908,0.9468982,0.89800256,0.94188297,0.9528884,0.94383,0.93367517,0.9342298,0.9404816,0.9303272,0.9343421,0.95286846,0.95224667,0.9363076,0.9263598,0.9475503,0.9418283,0.94924974,0.93459165,0.923739,0.9277379,0.9512169,0.9307496,0.9454175,0.94150823,0.9384862,0.9310068,0.95762837,0.95571,0.96396685,0.9615052,0.9590545,0.9381312,0.93416977,0.9287617,0.93380547,0.9522408,0.95650387,0.9240089,0.9421744,0.9430474,0.9489006,0.9038152,0.93720275,0.94882745,0.9117297,0.9387305,0.93168205,0.93945,0.96396685,0.93662745,0.9384859,0.9395318,0.94986445
angelhasfallen,0.9578029,0.9560454,0.95347035,0.9437438,0.9410721,0.94190264,0.9591915,0.9444336,0.9715656,0.9439394,0.9999999,0.9392503,0.96015173,0.9588262,0.9565914,0.94783264,0.9571772,0.9363083,0.9615274,0.93515486,0.9463345,0.96112686,0.96038836,0.9561362,0.94153124,0.80914766,0.9520044,0.95251375,0.94623905,0.9436536,0.9550392,0.9499233,0.92849416,0.9436134,0.9199657,0.90317667,0.95981395,0.93229365,0.94748646,0.95030785,0.94254184,0.9548617,0.94931424,0.95291466,0.94359124,0.9432817,0.9539033,0.92728686,0.9339352,0.95960045,0.9505297,0.96354663,0.9383218,0.9435306,0.94146454,0.9306189,0.9431253,0.9517869,0.9384255,0.9550092,0.9540875,0.9447513,0.93981886,0.9569105,0.948573,0.96359015,0.9363461,0.94703156,0.96873933,0.93464357,0.9548698,0.62128913,0.93455803,0.9501586,0.9370821,0.93901134,0.88203835,0.9620265,0.95366555,0.94111323,0.97584397,0.96125543,0.95934504,0.9401287,0.95306355,0.9513497,0.96806324,0.9593921,0.9410928,0.9534872,0.9442635,0.9548698,0.9266252,0.9325091,0.94815403,0.9659757,0.96140456,0.95644695,0.9535653,0.9564713,0.96009916,0.9480787,0.9458479,0.9434884,0.9591681,0.942017,0.95373726,0.951434,0.94621444,0.9513631,0.9546625,0.8196032,0.95988894,0.88773894,0.94953865,0.9647105,0.9570752,0.9532808,0.9622793,0.9452736,0.94646543,0.9459625,0.955381,0.9487591,0.94892764,0.95218426,0.94565207,0.9462467,0.9471132,0.94904125,0.9596157,0.9215117,0.9455336,0.9306761,0.9543867,0.9479662,0.9582838,0.94625306,0.954531,0.94029486,0.9715656,0.9543329,0.9477762,0.94862884,0.9395715,0.9469161,0.95200586,0.93878,0.95260656,0.9479339,0.9545179,0.94659793,0.9285399,0.91114676,0.93695724,0.95999575,0.9251015,0.95018613,0.9548005,0.9479302,0.9715656,0.92061263,0.94509166,0.9557838,0.95148647
angrybirdsmovie,0.9456211,0.9266221,0.9515699,0.9490625,0.93793416,0.966539,0.92747223,0.92508537,0.95988786,0.9380194,0.9392503,1.0000002,0.9445265,0.95376444,0.9367585,0.94078165,0.9492707,0.9255186,0.94555974,0.92573106,0.9300311,0.95595145,0.9515528,0.93453705,0.92459226,0.7859679,0.95369357,0.94091034,0.9504815,0.9456543,0.9348992,0.92629933,0.903844,0.95370436,0.93763816,0.91966826,0.94161713,0.92339563,0.9428386,0.9317949,0.9292618,0.93982774,0.9358144,0.9440049,0.9346404,0.9396773,0.94750214,0.9339105,0.931091,0.94847697,0.9653286,0.93490916,0.9296883,0.9343011,0.9496765,0.9503269,0.93027234,0.9365895,0.95185405,0.9459788,0.95003897,0.93359435,0.91047466,0.94861573,0.914871,0.92132413,0.9163112,0.93034875,0.9337181,0.9121768,0.9416863,0.6053802,0.94977725,0.9301655,0.92462295,0.9071049,0.8670419,0.9346199,0.9490711,0.9455626,0.9280245,0.9411714,0.9465965,0.9493246,0.96693426,0.9383791,0.9476498,0.94262373,0.92313546,0.9403134,0.9201231,0.9416863,0.9185256,0.92128414,0.9431599,0.9396587,0.9301366,0.9352484,0.93394727,0.94732606,0.9331399,0.9344777,0.9520913,0.9299083,0.9353695,0.96325094,0.9650314,0.9423801,0.92954755,0.9173921,0.94681305,0.7649019,0.94096965,0.9045496,0.9486909,0.939526,0.94616026,0.94123876,0.943955,0.92076826,0.9451589,0.93990314,0.9525913,0.95620173,0.9374418,0.9398626,0.9565328,0.96062624,0.944273,0.9322258,0.9337864,0.92466474,0.9303596,0.9235036,0.940698,0.940629,0.9286372,0.9224844,0.95149773,0.931756,0.95988786,0.9582739,0.9426064,0.9392125,0.9348343,0.9406743,0.9560945,0.93891275,0.93646973,0.93114275,0.93710184,0.94377685,0.9336573,0.90180576,0.92646754,0.9443437,0.9182224,0.93571603,0.9377058,0.9345382,0.95988786,0.93699515,0.94081914,0.9476247,0.96095175
annabellemovie,0.95911884,0.94834507,0.9509243,0.9381373,0.9574657,0.9558566,0.9590854,0.94721234,0.9791521,0.94200265,0.96015173,0.9445265,1.0,0.9597635,0.9548067,0.961895,0.9706568,0.9502664,0.9483946,0.94131655,0.9522082,0.97196186,0.97443324,0.9655644,0.9461503,0.82535595,0.95603627,0.96545607,0.95954007,0.9484099,0.9556297,0.9592468,0.94643134,0.9449472,0.9529433,0.90705794,0.95728755,0.9625054,0.9570614,0.9572314,0.94561595,0.9501268,0.95431244,0.9558681,0.9594654,0.96343154,0.97321934,0.9496615,0.9395264,0.95752037,0.9626431,0.96868837,0.9553866,0.94977707,0.9582038,0.9561744,0.9511994,0.9612149,0.9503083,0.9650903,0.96596265,0.939469,0.94975317,0.9768964,0.9541979,0.94685113,0.9498136,0.9504522,0.95111513,0.9452513,0.96303266,0.64996016,0.94758195,0.95619977,0.94735974,0.9343112,0.8761625,0.9622571,0.9632991,0.9529126,0.95919836,0.9644085,0.9639431,0.9561559,0.968938,0.9623516,0.95696646,0.9858715,0.9496136,0.9591684,0.9438907,0.96303266,0.94422567,0.93328094,0.9474577,0.94724417,0.946752,0.9550783,0.94829625,0.96154237,0.95557225,0.96764547,0.952914,0.9579288,0.95773834,0.96039015,0.95996755,0.97300094,0.95466346,0.95694697,0.9659826,0.80426985,0.9590285,0.8889418,0.9604183,0.95441306,0.9662531,0.97497314,0.9629935,0.95236504,0.96835953,0.9655633,0.9607296,0.9643105,0.96223265,0.94731224,0.9682638,0.9518757,0.94954664,0.9433509,0.95605785,0.93333834,0.9526067,0.9304918,0.9609539,0.94713944,0.9645804,0.95203793,0.9609973,0.9411244,0.9791521,0.9579656,0.95350194,0.9638386,0.9526,0.9654804,0.95219696,0.95367026,0.96713066,0.9549388,0.9630168,0.94628173,0.94933826,0.92554253,0.94358313,0.9646183,0.9632722,0.9519956,0.96062,0.9513234,0.9791521,0.92509437,0.9604099,0.97049284,0.9633254
annamovie,0.9593745,0.950411,0.95485324,0.952575,0.9653483,0.95161474,0.963314,0.95215935,0.9786984,0.9437985,0.9588262,0.95376444,0.9597635,0.99999994,0.95881814,0.95920354,0.9629259,0.9419581,0.9578345,0.94476914,0.9436868,0.96668404,0.9715722,0.947164,0.9441193,0.81951505,0.95315075,0.96017975,0.9615049,0.94838315,0.952044,0.95313495,0.94138056,0.951344,0.9324454,0.92290777,0.9633471,0.94031346,0.9534397,0.9531327,0.93959993,0.9456893,0.94634706,0.95322204,0.95658237,0.96253896,0.96672326,0.946304,0.94695276,0.95424104,0.9638965,0.9650527,0.9499768,0.9570005,0.9531,0.9504738,0.9490279,0.9543776,0.9627076,0.962532,0.9570207,0.95302117,0.9515219,0.9687266,0.9553021,0.94574106,0.94731915,0.9536311,0.95598626,0.9414551,0.96721834,0.637071,0.9449414,0.95851994,0.94935715,0.93144107,0.8830311,0.96452016,0.96894306,0.9496741,0.95918304,0.9682261,0.9619073,0.94934624,0.9566132,0.9636873,0.9510261,0.96422046,0.94386697,0.95805055,0.93802255,0.96721834,0.93778217,0.93583196,0.95325094,0.9485225,0.95502096,0.957334,0.9611567,0.9765134,0.96525097,0.9648344,0.94938636,0.9611762,0.96566474,0.95908487,0.96791387,0.95936865,0.9425662,0.9350801,0.95748943,0.80897284,0.9543963,0.89468914,0.95627534,0.9585699,0.9662934,0.95939654,0.95852584,0.95266545,0.96276665,0.9544848,0.95751834,0.9543456,0.9498082,0.95931685,0.958576,0.95018923,0.95424044,0.9297378,0.95198405,0.9474991,0.9525174,0.9424219,0.94762385,0.9540775,0.96020514,0.95534414,0.96617055,0.9483974,0.9786984,0.9613127,0.9563043,0.9487237,0.94875646,0.95888263,0.9640395,0.9463897,0.95831215,0.9526728,0.9628023,0.9498167,0.9424853,0.9253614,0.95513135,0.9610927,0.94392985,0.9433729,0.95588946,0.94728243,0.9786984,0.94587004,0.96745753,0.96375686,0.9624077
apollo11movie,0.94866604,0.93781155,0.9591666,0.92679465,0.9471646,0.94551283,0.95348406,0.95249295,0.97454983,0.9524252,0.9565914,0.9367585,0.9548067,0.95881814,0.99999994,0.94709206,0.9681052,0.94675773,0.9544099,0.95849866,0.9534848,0.9541278,0.9555415,0.95259905,0.9312917,0.85718787,0.9539868,0.9624289,0.95858616,0.9438757,0.9458187,0.9452402,0.93211126,0.95889086,0.9323569,0.92448527,0.951315,0.92447394,0.95410335,0.933806,0.94640726,0.94587046,0.9252092,0.9600252,0.945055,0.95170414,0.95660716,0.94081485,0.9346957,0.95246637,0.95606315,0.9579785,0.9393589,0.9387936,0.950941,0.95470977,0.95778394,0.95810294,0.9425279,0.9554167,0.9544544,0.93759936,0.94687766,0.96308035,0.9455464,0.9477333,0.93878376,0.9462718,0.95622444,0.9365739,0.9586763,0.6484522,0.9397588,0.95787716,0.9296227,0.9337985,0.90889484,0.95503277,0.9446396,0.95318663,0.9499054,0.9517206,0.96231824,0.94832575,0.9534885,0.95058584,0.9395835,0.96586263,0.94126654,0.95591056,0.9355251,0.9586763,0.9303588,0.92407423,0.9414478,0.9617093,0.94830436,0.9646084,0.9503871,0.9584873,0.9508397,0.9483177,0.9392286,0.9497899,0.965541,0.9450211,0.9561772,0.9504458,0.93861526,0.9363857,0.96706474,0.8455772,0.94637007,0.90142965,0.95910656,0.9557794,0.9521053,0.94438004,0.95128673,0.95020676,0.9521966,0.9580592,0.96041876,0.9599045,0.93655837,0.9464692,0.9566181,0.9503498,0.95618886,0.92552143,0.9560997,0.93585515,0.96144295,0.9526847,0.94715583,0.94982046,0.9483507,0.9442761,0.95684546,0.93517554,0.97454983,0.9557071,0.95021456,0.9426547,0.9588783,0.94860417,0.9475701,0.9399578,0.9514017,0.9325344,0.9579438,0.9540333,0.9481604,0.908324,0.9326013,0.947594,0.944864,0.94640523,0.94675666,0.9449212,0.97454983,0.9370274,0.9611303,0.9544375,0.9609838
arcticdogsmovie,0.9537508,0.94514734,0.95624834,0.9508209,0.95310605,0.94312024,0.9581781,0.9448456,0.97730666,0.9483926,0.94783264,0.94078165,0.961895,0.95920354,0.94709206,0.99999994,0.96957964,0.9523379,0.949805,0.9395614,0.9525975,0.96735704,0.9697456,0.9576567,0.9447689,0.8120699,0.96312803,0.9614429,0.96524185,0.96072567,0.95574623,0.94741946,0.92666227,0.9420088,0.9374479,0.9319241,0.9575851,0.9413867,0.9540359,0.9450013,0.94140947,0.9523287,0.9465344,0.96036184,0.9624925,0.94651306,0.96745604,0.946306,0.9495092,0.95924515,0.96167207,0.9574619,0.94628876,0.9432326,0.95100754,0.9530647,0.95622724,0.95407414,0.9598213,0.9576365,0.9562863,0.9497383,0.95353794,0.96823347,0.939804,0.9573489,0.94958514,0.9404748,0.9487946,0.9324961,0.9614825,0.6174422,0.9521694,0.95842063,0.9349483,0.94309783,0.8689185,0.9566767,0.95572585,0.9440013,0.9376414,0.9592383,0.952459,0.9472718,0.94895595,0.9567355,0.94503736,0.9667305,0.9411046,0.9655393,0.95711195,0.9614825,0.9419382,0.93918616,0.94495076,0.94824463,0.94914424,0.9579446,0.94938296,0.95534223,0.94819105,0.95644164,0.94672793,0.95094407,0.9379657,0.95343244,0.9564709,0.9750545,0.961043,0.9242835,0.96111894,0.7750709,0.95449585,0.8954325,0.9550251,0.95869935,0.95866764,0.9577593,0.94573706,0.9581066,0.9618103,0.9514089,0.95857686,0.9531964,0.96789473,0.9482285,0.957661,0.94196266,0.9495974,0.93348134,0.94463104,0.95347327,0.95984423,0.9393265,0.9517894,0.96324104,0.9503393,0.9405716,0.9623613,0.9412955,0.97730666,0.9671048,0.95394015,0.95720387,0.9529708,0.95719564,0.9544034,0.9369986,0.9669993,0.94644946,0.96300215,0.95086956,0.9361492,0.9273076,0.938529,0.95861393,0.9386381,0.95217955,0.9395732,0.94797397,0.97730666,0.9283387,0.94884884,0.9665111,0.95536375
arcticmovie,0.96972233,0.9437171,0.96862364,0.9441994,0.9511476,0.95911616,0.95459914,0.9545367,0.9864948,0.94961333,0.9571772,0.9492707,0.9706568,0.9629259,0.9681052,0.96957964,1.0000001,0.9549329,0.96465695,0.948919,0.9650555,0.9734656,0.97652125,0.9640324,0.95267385,0.82975334,0.9580001,0.98096573,0.96816814,0.9685209,0.9613718,0.94654685,0.9381877,0.9620401,0.9357833,0.92399627,0.9650886,0.9580993,0.95704,0.9541573,0.96120626,0.95879245,0.9487521,0.9644969,0.97389,0.9579428,0.9715317,0.94871336,0.95080423,0.960816,0.9755814,0.96882844,0.9616694,0.9585902,0.95920795,0.9588205,0.95963776,0.96874225,0.96051264,0.96504503,0.9590873,0.9577116,0.9650919,0.9740582,0.9511463,0.96080923,0.9489864,0.9582397,0.9667618,0.94438773,0.97067666,0.64588255,0.9536977,0.97341084,0.9436305,0.9410209,0.88219684,0.9656173,0.9669158,0.9521497,0.95113355,0.9570667,0.9641208,0.9541669,0.9714593,0.9598977,0.9540638,0.97978985,0.94883007,0.9664974,0.9630243,0.97067666,0.95435494,0.942887,0.9639743,0.94798976,0.9594391,0.9634399,0.94757426,0.96530133,0.9568968,0.9706446,0.955455,0.9645081,0.96339977,0.96889925,0.9661034,0.97153187,0.9541479,0.9458478,0.9694093,0.79843324,0.96790826,0.89457726,0.9633772,0.97702146,0.9753312,0.96819365,0.9571448,0.95380557,0.97395676,0.96988344,0.9644027,0.9564452,0.96178406,0.9530945,0.9694401,0.9670888,0.9580558,0.9381258,0.9634194,0.9526232,0.97588664,0.9600869,0.9643331,0.9702149,0.96558917,0.95867646,0.96722275,0.9447157,0.9864948,0.96693224,0.9593329,0.9610482,0.9580075,0.9672536,0.9682374,0.94196844,0.96254194,0.9537691,0.9593057,0.9644225,0.95289856,0.9334683,0.94399035,0.96463794,0.9602994,0.95184135,0.96322834,0.9548686,0.9864948,0.9392011,0.96149075,0.9736757,0.9692228
artofracingmovie,0.9441396,0.9410307,0.95663494,0.93304044,0.9658069,0.9276731,0.9443253,0.9380226,0.9666951,0.9451974,0.9363083,0.9255186,0.9502664,0.9419581,0.94675773,0.9523379,0.9549329,1.0,0.93119127,0.94206977,0.96071386,0.95162576,0.9521435,0.9504135,0.9279343,0.8229181,0.9493602,0.9451292,0.95014125,0.9553159,0.9343095,0.94213724,0.9220046,0.9432724,0.93640727,0.9277243,0.9593819,0.9253623,0.94419944,0.9381711,0.93844086,0.95488393,0.91885954,0.9590415,0.9473745,0.94751114,0.9523648,0.93766487,0.9472481,0.9522167,0.9501145,0.9447619,0.9226674,0.94467956,0.94857204,0.9598106,0.9471759,0.9639776,0.9466858,0.96652234,0.95700836,0.92906094,0.9501937,0.9574616,0.94079995,0.9402669,0.92597634,0.93640566,0.92745924,0.9149139,0.9687849,0.64597416,0.9410186,0.9360898,0.9289675,0.9192191,0.8727579,0.9429711,0.9427714,0.92816484,0.92932135,0.94883734,0.9471021,0.94804484,0.94453466,0.9507708,0.9276455,0.956797,0.95063454,0.9508401,0.9393528,0.9687849,0.9443573,0.9268737,0.93866533,0.94697815,0.9338357,0.9436723,0.9441416,0.9479786,0.9423881,0.937782,0.93292236,0.9567679,0.94043595,0.94502544,0.94708025,0.9498266,0.9361998,0.9198771,0.95121396,0.8215807,0.9440419,0.88160294,0.9520619,0.94532657,0.9495052,0.9483018,0.95000887,0.9403631,0.94121957,0.9501295,0.9455942,0.93890226,0.94370425,0.9387767,0.9629215,0.9323599,0.9587729,0.9258699,0.93555516,0.94852966,0.94002104,0.9350785,0.9532712,0.95304203,0.95171076,0.9414806,0.9660114,0.9530001,0.9666951,0.95305866,0.9446485,0.9466138,0.9396341,0.9393796,0.93232745,0.93725705,0.95864594,0.9276288,0.94493514,0.957553,0.917274,0.91586274,0.9425869,0.9569561,0.9318937,0.9525606,0.9400706,0.9474116,0.9666951,0.9291181,0.9440522,0.9595546,0.9428316
avengers,0.9725157,0.9486991,0.961654,0.93729573,0.9480056,0.9565174,0.95822954,0.94154763,0.9740203,0.93509394,0.9615274,0.94555974,0.9483946,0.9578345,0.9544099,0.949805,0.96465695,0.93119127,1.0000002,0.9380594,0.9479774,0.96904385,0.96724063,0.94855535,0.9393432,0.8035365,0.93986356,0.95568013,0.95756537,0.9479202,0.96902233,0.9433178,0.9432897,0.9561131,0.9133503,0.899661,0.96524787,0.9304932,0.96295536,0.943587,0.960345,0.9540592,0.9516021,0.9524057,0.95210284,0.94733787,0.95757055,0.9450875,0.9413999,0.95340174,0.9657743,0.9648263,0.946727,0.96077037,0.9529104,0.9388281,0.93937254,0.94598365,0.9390581,0.9546436,0.956504,0.94314873,0.94672334,0.9617727,0.94718885,0.93960494,0.93623716,0.94092196,0.96354127,0.92659044,0.9610979,0.6342645,0.94714254,0.95803696,0.9453899,0.9350099,0.8466381,0.95231026,0.95768476,0.945918,0.9558487,0.9558798,0.96418333,0.95120335,0.95110357,0.94413507,0.95460445,0.95901483,0.94131625,0.9555354,0.9449251,0.9610979,0.93659556,0.9367656,0.9634143,0.9412458,0.94946194,0.94928765,0.9412236,0.9619949,0.9516826,0.95397717,0.95654315,0.9527175,0.94868565,0.95882195,0.9639586,0.9500893,0.94188094,0.92994314,0.95744073,0.7920106,0.9460288,0.8886711,0.94966435,0.9548001,0.95762247,0.95643693,0.95278287,0.95653415,0.96061796,0.9482287,0.9564773,0.9392678,0.9422903,0.9553215,0.95446473,0.96441257,0.9523173,0.9504621,0.9498594,0.93616885,0.94561416,0.9362743,0.9408707,0.9529375,0.9477029,0.95445114,0.95453817,0.9390783,0.9740203,0.9547699,0.9376406,0.94971794,0.9406465,0.9606116,0.9518845,0.93059266,0.95273155,0.9473913,0.95959336,0.95912176,0.93476677,0.9056924,0.94253314,0.95522636,0.94128275,0.94748133,0.9411106,0.9287241,0.9740203,0.9468568,0.9536078,0.95879877,0.9588702
beachbummovie,0.9374166,0.93749887,0.93693244,0.91690576,0.94360566,0.9335759,0.93954307,0.9396833,0.96304697,0.9388195,0.93515486,0.92573106,0.94131655,0.94476914,0.95849866,0.9395614,0.948919,0.94206977,0.9380594,1.0000001,0.94008607,0.95539516,0.94524735,0.95843744,0.9194584,0.80431503,0.95321286,0.9478669,0.943941,0.947261,0.9279169,0.9319074,0.92704463,0.9363604,0.92876464,0.9106254,0.9491603,0.9215873,0.95251316,0.9230943,0.92996764,0.9403828,0.9240283,0.94249827,0.9345344,0.9568701,0.9483843,0.934542,0.9308929,0.9444408,0.9338732,0.939645,0.90877664,0.928558,0.94481736,0.94389343,0.94184095,0.94281566,0.93108785,0.9492661,0.94252765,0.932144,0.941141,0.94068265,0.9339257,0.9376718,0.9352631,0.9219845,0.9393026,0.93064225,0.9468027,0.66716385,0.94131184,0.932562,0.9228325,0.93366164,0.8696313,0.94690084,0.9473791,0.9355395,0.9247896,0.9344691,0.9405719,0.9316513,0.92746073,0.9357776,0.9248795,0.9535854,0.9330929,0.95020026,0.938983,0.9468027,0.93255234,0.93220115,0.92203665,0.9432321,0.9274515,0.96218413,0.9358739,0.94691676,0.9397259,0.95705456,0.9365425,0.9395084,0.94275945,0.93028796,0.95916206,0.93426156,0.91825867,0.9284297,0.959775,0.78481495,0.91839755,0.8884885,0.9435199,0.94430506,0.93641996,0.9455567,0.9315342,0.9357052,0.94234484,0.9402067,0.94798833,0.93269986,0.92554355,0.94267106,0.940626,0.9267775,0.94781184,0.90204555,0.9485358,0.9321959,0.9528505,0.93454254,0.9280612,0.9492908,0.932988,0.94046986,0.9489724,0.93562025,0.96304697,0.9431284,0.93364257,0.93841696,0.9277884,0.9276895,0.9405196,0.9209032,0.9422342,0.9319801,0.9484574,0.94294983,0.9217716,0.91025335,0.92380375,0.9301613,0.92432326,0.94858205,0.9403871,0.9292425,0.96304697,0.9436795,0.9577786,0.9441388,0.93680525
bernadettefilm,0.9536838,0.9470319,0.9499894,0.93347156,0.95633215,0.94935495,0.9642145,0.9465777,0.97680473,0.94095725,0.9463345,0.9300311,0.9522082,0.9436868,0.9534848,0.9525975,0.9650555,0.96071386,0.9479774,0.94008607,0.9999999,0.9577355,0.96754575,0.9506436,0.9323657,0.8224179,0.94925565,0.95830196,0.9481635,0.9611379,0.9383384,0.9419034,0.9307928,0.9411864,0.93516874,0.9297955,0.9549534,0.939391,0.9620073,0.9505471,0.9648763,0.96096826,0.9433184,0.96861583,0.9633775,0.9552967,0.96481496,0.9505129,0.9376208,0.95976925,0.95082444,0.951494,0.9344782,0.94804233,0.9579164,0.94898283,0.95136046,0.9659979,0.94321454,0.9562198,0.9476017,0.94048464,0.96171546,0.9607137,0.94841,0.95890427,0.9458197,0.9456601,0.9501187,0.93574786,0.9698152,0.6686226,0.9395495,0.95263344,0.9391462,0.9310897,0.85774475,0.9494668,0.94119155,0.9472696,0.93271774,0.95074093,0.94813037,0.9417991,0.9409822,0.9497117,0.9467497,0.96082014,0.96535504,0.96526074,0.95849043,0.9698152,0.9534974,0.93344045,0.9353659,0.93782604,0.9385749,0.9546146,0.93983644,0.9543351,0.9464211,0.95601887,0.93083227,0.95879,0.9443688,0.94362944,0.9612376,0.9542079,0.93856496,0.9373905,0.96095175,0.8085334,0.952179,0.8791656,0.97595155,0.95417225,0.9592823,0.9562161,0.948542,0.9620526,0.9647336,0.9675182,0.96997184,0.9429339,0.95901257,0.9449727,0.9583003,0.94332737,0.95771176,0.92221045,0.9669321,0.93925345,0.9586258,0.9374675,0.9550264,0.9650371,0.96815497,0.9435567,0.96993846,0.9499808,0.97680473,0.95027816,0.94649017,0.95385826,0.94406545,0.94878924,0.9429389,0.9449225,0.96506625,0.93536854,0.96016985,0.9525387,0.9364118,0.9255122,0.96299857,0.94965386,0.94683164,0.9572064,0.9529352,0.95198596,0.97680473,0.9323757,0.95745534,0.9633622,0.94081444
