movie,21bridgesmovie,47metersdown,abeautifuldaymovie,abominablemovie,adastramovie,adogsjourneymovie,aftermathmovie,aftermovie,ahiddenlifefilm,alitamovie,angelhasfallen,angrybirdsmovie,annabellemovie,annamovie,apollo11movie,arcticdogsmovie,arcticmovie,artofracingmovie,avengers,beachbummovie,bernadettefilm,blackandbluemovie,blackchristmas,blindedbythelightmovie,bombshellmovie,booksmart,breakthroughmovie,brianbanksmovie,brightburnmovie,brittanyrunsmov,captainmarvelofficial,captivestatemovie,catsmovie,charliesangels,childsplaymovie,clarathefilm,coldpursuitmovie,countdown,currentwarmovie,darkwatersmovie,detectivepikachumovie,disneyaladdin,disneyfrozen,disneymaleficent,doctorsleepmovie,dolemiteismyname,dontletgomovie,doramovie,downtonabbey_official,dumbo,escaperoom,everybodyknowsmovie,fastandfuriousmovie,fightingwmyfam,fivefeetapartfilm,fordvferrari,freaksthefilm,geminimanmovie,glassmovie,gloriabellmovie,godzillamovie,goldfinchmovie,goodboysmovie,goodliarmovie,gretafilm,halathemovie,happydeathdaymovie,harrietfilm,hellboymovie,hersmellmovie,highlifemovie,highstrungmovie,honeyboymovie,hotelmumbaifilm,httydragon,hustlemovie,hustlersmovie,isntitromantic,itmovieofficial,jayandsilentbob,johnwickmovie,jojorabbitmovie,jokermovie,judythefilm,jumanjimovie,justmercyfilm,knivesout,lalloronamovie,lastblackmansf,lastchristmasthemovie,latenightmovie,lighthousemovie,lionking,littlethemovie,littlewomenmovie,littlewoodsfilm,longshotmovie,lordsofchaosmovie,lucyintheskyfilm,mamovie2019,marriagestory,meettheaddams,meninblack,midsommarmovie,midwaymovie,missbalamovie,missinglinkfilm,motherlessbklyn,onceinhollywood,onthebasisofsex,overcomermovie,peanutbutterfalcon,petsematarymovie,piercingmovie,playingwithfire,playmobilthemovie,pomsmovie,queenandslim,rambomovie,readyornotfilm,richardjewellfilm,rocketmanmovie,scarystoriesmovie,secretlifeofpets,serenityfilm,shaftmovie,shazammovie,spidermanmovie,spiesindisguise,starwars,stormboymovie,stubermovie,taosdfilm,teenspiritmov,terminator,theaeronautsmov,thebestofenemies,thedeaddontdie,thefarewell,thehighwaymen,thehummingbirdprojectfilm,theintrudermovie,theirishmanfilm,thekitchenmovie,thelegomovie,themustangfilm,thenightingalefilm,theprodigymovie,thesunisalsoastar,theupsidefilm,tolkienmovie,toystory,triplefrontier,uglydolls,uncutgems,underthesilverlake,usmovie,wavesmovie,whatmenwant,wonderparkmovie,wrinklestheclown,xmenmovies,yardiefilm,yesterdaymovie,zombieland
21bridgesmovie,1.0,0.9635123,0.9831492,0.9669195,0.98057216,0.9638273,0.9863884,0.96448785,0.9912849,0.9695552,0.9603069,0.96895236,0.97739315,0.9849278,0.9898076,0.9699816,0.96775794,0.9802818,0.98790455,0.97274584,0.97806376,0.974296,0.97415054,0.9707024,0.96680814,0.6065767,0.97798234,0.9723787,0.97803384,0.9518499,0.97587585,0.9794947,0.95781285,0.9653431,0.9316144,0.9152947,0.9868659,0.98100936,0.9853512,0.9606423,0.9670301,0.9710055,0.94782645,0.9732492,0.9933341,0.98050135,0.9781955,0.97955126,0.95625573,0.97844166,0.9777424,0.9754724,0.965967,0.9723286,0.9670974,0.9699485,0.9749995,0.9824924,0.9742819,0.98248875,0.9592381,0.9811208,0.9777474,0.98225737,0.97249514,0.9659309,0.97060686,0.972078,0.96581674,0.981142,0.9848776,0.5241114,0.9648103,0.98624873,0.9674501,0.9586593,0.83287,0.97635794,0.9716429,0.9645208,0.9647527,0.9784284,0.9821487,0.9733629,0.9755957,0.9740845,0.9612947,0.9763685,0.97509706,0.97791445,0.9738888,0.9848776,0.9788269,0.97001624,0.97607034,0.971054,0.9702271,0.97824204,0.9786299,0.9751848,0.9810807,0.97072476,0.9617354,0.98480475,0.97589487,0.9760422,0.97772217,0.9830769,0.93511367,0.9670331,0.9860693,0.78021425,0.984202,0.87396866,0.9845658,0.9841142,0.9934393,0.9760085,0.9734488,0.98010147,0.9696861,0.9703365,0.9834408,0.952645,0.98133814,0.98370135,0.96614945,0.9696322,0.96293324,0.94356,0.9703505,0.9727269,0.9752894,0.9366294,0.9690933,0.96272683,0.9897412,0.97123396,0.98414326,0.9801796,0.9912849,0.97591466,0.9764658,0.9780382,0.97735155,0.97080636,0.972599,0.9492046,0.97850764,0.9798033,0.9834121,0.9689167,0.9736359,0.97555965,0.9792547,0.9833829,0.9743839,0.97373194,0.9710947,0.96741897,0.9912849,0.9728309,0.98611087,0.9721391,0.97305155
47metersdown,0.9635123,1.0000002,0.9506104,0.94588834,0.96510726,0.93230116,0.9690455,0.9552264,0.97193444,0.9601862,0.94736445,0.9466842,0.96143055,0.9605108,0.95974904,0.96752375,0.9426249,0.9559454,0.95878977,0.95848584,0.9469645,0.944483,0.95902956,0.9596525,0.9458836,0.59426326,0.9455895,0.94827044,0.9611103,0.956269,0.93810594,0.9774393,0.92791104,0.9293207,0.9105407,0.8568804,0.9649677,0.9468784,0.9603592,0.9631899,0.94041765,0.9532358,0.94621867,0.96157825,0.9583347,0.96762383,0.9631948,0.96156067,0.9357395,0.9620583,0.95796615,0.9556315,0.9515596,0.9662857,0.95423734,0.9539539,0.9498202,0.95235616,0.9551609,0.98003083,0.95495445,0.9454673,0.96652776,0.9561327,0.94160926,0.9341967,0.95655394,0.9578775,0.94994056,0.9369127,0.97734314,0.43533581,0.95539534,0.9680563,0.9290546,0.9523434,0.74736786,0.9601215,0.9600905,0.9450018,0.9410373,0.97920203,0.95624185,0.945701,0.95279175,0.9591371,0.9470398,0.9661649,0.9595534,0.9739923,0.9307366,0.97734314,0.9574389,0.9439299,0.9461915,0.9357002,0.966033,0.96624833,0.95311546,0.9514661,0.9603212,0.9522601,0.92883223,0.97079855,0.9629184,0.958514,0.9628624,0.9603496,0.9356493,0.9620743,0.965602,0.7714032,0.9458212,0.8238109,0.95927066,0.9686611,0.9648189,0.9436021,0.96419203,0.96961457,0.95946443,0.953129,0.952334,0.93799114,0.9474984,0.95441824,0.9417747,0.93972665,0.93351007,0.9213118,0.94771576,0.94838554,0.9567401,0.95016986,0.94219255,0.953,0.9690271,0.9437153,0.9738316,0.96477485,0.97193444,0.951214,0.9678993,0.9374441,0.95258623,0.9447058,0.93097687,0.9521301,0.95997655,0.94229275,0.96764815,0.95425373,0.966587,0.93878794,0.9578333,0.96353805,0.9563995,0.9661767,0.9284917,0.9529764,0.97193444,0.9397903,0.96120805,0.94948554,0.9386916
abeautifuldaymovie,0.9831492,0.9506104,0.99999994,0.9721532,0.9697841,0.9783982,0.97472996,0.96371716,0.99017787,0.96750927,0.96207124,0.9812555,0.96574014,0.9810017,0.9881073,0.97303313,0.97330344,0.9656626,0.9781021,0.95597106,0.9800239,0.9869141,0.97265315,0.9651062,0.96832144,0.57716787,0.97063607,0.98095936,0.9902916,0.95329523,0.9748381,0.97342026,0.9541848,0.9706656,0.93265605,0.9251923,0.986601,0.96080834,0.98647255,0.95742595,0.97437894,0.97570634,0.9397709,0.9683997,0.9833709,0.98060274,0.9736975,0.97881985,0.9636086,0.9730891,0.99055684,0.9800257,0.9702784,0.9723606,0.9635006,0.973281,0.96446806,0.9905528,0.96762097,0.97417474,0.9634921,0.9732854,0.9737197,0.9775827,0.9768507,0.9793086,0.97929037,0.9732889,0.9748278,0.96826744,0.9809459,0.47687507,0.97415805,0.9824746,0.9706335,0.96268123,0.7959439,0.9767222,0.9662023,0.9711769,0.9683325,0.9644288,0.9774063,0.97653615,0.97785103,0.98299044,0.95871085,0.97386426,0.9763264,0.97890157,0.9839854,0.9809459,0.9731339,0.96403456,0.9879385,0.9768211,0.9772417,0.97228444,0.9639068,0.9605946,0.9816118,0.97254133,0.9766275,0.9858752,0.98008186,0.9885623,0.97762,0.971905,0.9537738,0.9599641,0.9808627,0.7594134,0.98522145,0.8815817,0.9749496,0.9817506,0.97916085,0.9726453,0.9800144,0.96963507,0.9765703,0.98215103,0.98198354,0.9745762,0.98532593,0.97916955,0.9635837,0.9750327,0.9759208,0.928998,0.9700952,0.9852078,0.97318834,0.93741703,0.98076063,0.9666305,0.97266865,0.97793174,0.98025733,0.9701814,0.99017787,0.9898804,0.9775075,0.9771164,0.97177565,0.9746048,0.9710351,0.94838,0.96869683,0.96930224,0.96637464,0.96946424,0.9677433,0.9620686,0.9782819,0.9651344,0.9669266,0.97021294,0.97085214,0.9652778,0.99017787,0.96075505,0.98012644,0.97707754,0.97962767
abominablemovie,0.9669195,0.94588834,0.9721532,1.0000001,0.95478225,0.9755051,0.96335393,0.95980585,0.9806756,0.9395581,0.9778177,0.9714417,0.96739423,0.9873497,0.97150666,0.97695667,0.9669118,0.9455498,0.96786326,0.9560296,0.9577772,0.96258116,0.9818674,0.9620568,0.97857076,0.6100809,0.9528911,0.9777373,0.973454,0.9528477,0.9647324,0.9706751,0.9506589,0.91916,0.9583332,0.91189647,0.9679555,0.96103793,0.9756255,0.92975116,0.969326,0.9557457,0.9406528,0.9629834,0.9742158,0.9712271,0.9792859,0.9567615,0.96558416,0.9560897,0.977419,0.97674674,0.97166204,0.97708625,0.96393543,0.95010316,0.95723087,0.97617936,0.97979325,0.96922797,0.9721816,0.9760552,0.97584885,0.9669551,0.97256297,0.98110604,0.9524561,0.95850235,0.9760784,0.96089935,0.9774216,0.52412456,0.96432984,0.96216047,0.9869484,0.9367631,0.8370084,0.9478198,0.9657141,0.97030634,0.9779277,0.9735741,0.9694268,0.9635938,0.98086894,0.9655516,0.9645914,0.9630576,0.979046,0.9734808,0.96640605,0.9774216,0.97651935,0.9645227,0.9592916,0.9789993,0.9689771,0.9681409,0.96052736,0.9737432,0.9663295,0.95842856,0.9654573,0.9680708,0.9775724,0.9777659,0.97744983,0.9690945,0.9711984,0.95996624,0.97663856,0.7981283,0.9631007,0.9050213,0.96145886,0.9716819,0.9747722,0.97912556,0.97088975,0.9529764,0.962434,0.9730554,0.96992385,0.976081,0.9581808,0.975904,0.95680404,0.9647048,0.96053606,0.9287303,0.9479445,0.95900613,0.9786827,0.9351423,0.9696606,0.95639557,0.96703875,0.9725944,0.9764859,0.95698476,0.9806756,0.9728905,0.9676368,0.9680076,0.9578004,0.959999,0.97152776,0.9766765,0.961054,0.9672801,0.95900816,0.96579266,0.9703364,0.9585194,0.96804774,0.96499115,0.9650903,0.96591926,0.95793253,0.94586456,0.9806756,0.9586466,0.96782625,0.9782908,0.97021693
adastramovie,0.98057216,0.96510726,0.9697841,0.95478225,1.0000001,0.96783173,0.96326447,0.9381173,0.9785894,0.97429055,0.9376629,0.94802517,0.97301906,0.9723536,0.96595174,0.971514,0.960782,0.97705466,0.9698529,0.956359,0.9693855,0.9573146,0.96322656,0.9547406,0.96284777,0.64005774,0.97866696,0.95558566,0.9732381,0.9511228,0.96098393,0.96760213,0.93956715,0.94213206,0.92604405,0.9123718,0.9696516,0.959051,0.9797235,0.95949095,0.9512578,0.94987446,0.9155778,0.9525322,0.97474736,0.96323264,0.9677901,0.9690589,0.9647621,0.95649546,0.96180624,0.96932584,0.9544436,0.9590706,0.9483937,0.98286307,0.96728987,0.9649757,0.96277314,0.97137517,0.95397085,0.9681031,0.97491586,0.96816987,0.96987784,0.9495663,0.9666094,0.9647393,0.9434333,0.9592866,0.96960145,0.52233106,0.95622736,0.96844167,0.9538947,0.94607204,0.80231255,0.9626237,0.9599317,0.95183814,0.9391047,0.9633103,0.9712965,0.9686596,0.9589191,0.9709823,0.9456193,0.97150445,0.94987947,0.9641453,0.9550063,0.96960145,0.9712509,0.9609107,0.94964206,0.9448815,0.96677154,0.9701218,0.9572777,0.96408856,0.9575351,0.9768427,0.9479203,0.9624913,0.9640923,0.9596644,0.97897047,0.97624433,0.92213166,0.9522269,0.97752017,0.7716789,0.97432774,0.8828763,0.9748926,0.9675826,0.9754593,0.96442556,0.9689288,0.96519643,0.9592024,0.9632365,0.98274153,0.9478881,0.9651222,0.9696461,0.95366716,0.9494675,0.95328593,0.9084865,0.9665916,0.97282046,0.9626317,0.93952644,0.9627111,0.95963854,0.9643174,0.96317583,0.9733706,0.9506205,0.9785894,0.964548,0.9602519,0.96376693,0.9628161,0.9619339,0.95388156,0.9479959,0.9652892,0.9698152,0.96591085,0.94871604,0.960028,0.9565366,0.9609719,0.9737181,0.97756237,0.96201056,0.95735955,0.9679809,0.9785894,0.9794294,0.97591335,0.9645207,0.9530221
adogsjourneymovie,0.9638273,0.93230116,0.9783982,0.9755051,0.96783173,1.0000002,0.9459738,0.9429655,0.9756605,0.950759,0.95886195,0.95799214,0.9577258,0.9809217,0.9641931,0.96739674,0.9689248,0.9590343,0.9623736,0.93164366,0.96529216,0.95808786,0.9656648,0.94250417,0.96784484,0.59757173,0.96333885,0.97471976,0.974652,0.9468034,0.96817464,0.95497614,0.9384906,0.9363101,0.94506127,0.9217089,0.96939737,0.9438104,0.9738072,0.93512684,0.96381205,0.9443337,0.9146201,0.9457501,0.9671785,0.9551158,0.9633063,0.9536391,0.9635036,0.9427971,0.9744633,0.9712614,0.957402,0.96681273,0.9423332,0.972919,0.9537126,0.9707518,0.9608898,0.9551992,0.9594039,0.9634389,0.9658008,0.9640407,0.96767366,0.9620153,0.9545843,0.95886177,0.9582091,0.9457355,0.96303385,0.5073661,0.96903753,0.9575182,0.9721103,0.92843884,0.80085105,0.9556851,0.95144767,0.9707314,0.96483725,0.95494074,0.9680957,0.9647348,0.97273827,0.9678048,0.9457253,0.95613533,0.95673245,0.95880693,0.96902627,0.96303385,0.962919,0.95865154,0.9650173,0.96765906,0.9636788,0.95221806,0.9450333,0.9640242,0.9568988,0.96410775,0.9788344,0.9679231,0.97135526,0.97237784,0.9747007,0.95795196,0.9645585,0.9337008,0.97366995,0.7590224,0.97137153,0.896338,0.96277374,0.96420884,0.96581364,0.9646001,0.96808445,0.93836087,0.9649701,0.9736672,0.9792365,0.98071826,0.9628529,0.9718922,0.9550758,0.9652323,0.96291226,0.9183486,0.95086515,0.9682137,0.96052045,0.93408066,0.9659741,0.9586579,0.9527401,0.9668224,0.96530515,0.9365741,0.9756605,0.97217864,0.95196635,0.97307605,0.9613565,0.9569247,0.9528591,0.9549642,0.9531377,0.96841407,0.945943,0.9486382,0.95439076,0.9506317,0.96504796,0.9546497,0.9589857,0.947367,0.9613014,0.9492187,0.9756605,0.9659637,0.96598655,0.9680823,0.9638318
aftermathmovie,0.9863884,0.9690455,0.97472996,0.96335393,0.96326447,0.9459738,1.0,0.9656343,0.9856406,0.9539782,0.9588757,0.9764414,0.962996,0.97491735,0.98133886,0.96115,0.9617586,0.9633001,0.97565967,0.97270954,0.9650248,0.9743427,0.966918,0.9767188,0.9594728,0.5921625,0.96537745,0.97319317,0.97558135,0.954358,0.9583495,0.97762114,0.9478755,0.9613773,0.91834646,0.895415,0.9801128,0.9661833,0.9765469,0.95111406,0.9680733,0.97834575,0.9530229,0.9760503,0.9790974,0.98435444,0.9716435,0.9787315,0.94597775,0.9820657,0.98068905,0.964224,0.9654795,0.9692252,0.9653505,0.95013213,0.95314705,0.9815592,0.9674048,0.97951335,0.96054816,0.9680887,0.965022,0.9706942,0.9607106,0.9661781,0.9569972,0.9640918,0.97131085,0.9750993,0.9827497,0.4673858,0.955517,0.9887913,0.9599794,0.9605311,0.8082861,0.96931285,0.9620454,0.9547513,0.95917803,0.9836434,0.965968,0.96713364,0.9756416,0.9700025,0.95525277,0.9712869,0.9765801,0.98416585,0.96503377,0.9827497,0.97678703,0.9593163,0.97293544,0.9604566,0.9712449,0.9832924,0.97821826,0.9626584,0.9770183,0.9579814,0.94871044,0.9838102,0.97036576,0.97937334,0.9740126,0.9730707,0.93451726,0.96385795,0.9819383,0.7998983,0.97195935,0.85576165,0.97713906,0.9750496,0.9791469,0.96757877,0.9697877,0.9919171,0.96171117,0.96412367,0.964313,0.9536802,0.9744029,0.97025573,0.96064055,0.9699872,0.95743555,0.9335703,0.9599439,0.95415837,0.97815645,0.93560874,0.96480364,0.9486412,0.9845029,0.9644667,0.9783174,0.9840062,0.9856406,0.9746429,0.9714842,0.9637997,0.9695321,0.96364444,0.97207177,0.94371897,0.9723917,0.9652923,0.9889707,0.9657738,0.9681808,0.9685356,0.9738335,0.98171306,0.9576494,0.96949524,0.9507635,0.96550375,0.9856406,0.9518249,0.98067725,0.9648583,0.97034115
aftermovie,0.96448785,0.9552264,0.96371716,0.95980585,0.9381173,0.9429655,0.9656343,1.0,0.9810664,0.9445498,0.97327423,0.96472824,0.95677716,0.971572,0.97399205,0.9603012,0.95711493,0.95670384,0.9552569,0.9753856,0.95861554,0.9516235,0.97943234,0.96451235,0.93828297,0.569816,0.93652767,0.9708848,0.96540815,0.9418005,0.9353755,0.96004164,0.97518367,0.9448778,0.93304765,0.8872985,0.97460175,0.94976896,0.96686614,0.9453781,0.9691808,0.97268826,0.972442,0.9808463,0.97146565,0.97768503,0.9812388,0.96037817,0.92869556,0.97933185,0.9718667,0.965301,0.9710008,0.97292113,0.9814673,0.9444096,0.9491487,0.9691882,0.9537599,0.97188365,0.9629169,0.9502797,0.96646625,0.9747115,0.954808,0.9607774,0.95475036,0.9685714,0.9647372,0.94755125,0.98011833,0.49698627,0.9606066,0.96739894,0.9603255,0.94424856,0.81377065,0.9711739,0.97149485,0.95810765,0.9752232,0.9703346,0.98120123,0.9541786,0.9693077,0.9551166,0.96812606,0.9572233,0.97243583,0.9770165,0.94129616,0.98011833,0.95878696,0.9618887,0.97182506,0.96764547,0.95586014,0.9641793,0.9493245,0.9672808,0.97173345,0.9356358,0.94079816,0.97752583,0.964892,0.96765196,0.9545563,0.9632354,0.95582914,0.9685293,0.9659069,0.7915102,0.9568197,0.85228235,0.9582487,0.98336804,0.9707828,0.9578041,0.9677084,0.9473883,0.9721116,0.9668777,0.96404296,0.9548645,0.95819056,0.95967096,0.9449925,0.9652951,0.96446323,0.93726325,0.94315284,0.94072026,0.96381027,0.94982,0.95946133,0.9360709,0.96917003,0.96846604,0.97371197,0.97216034,0.9810664,0.9513138,0.972576,0.9554482,0.9672598,0.9572536,0.9611666,0.9535133,0.970134,0.9333075,0.96381396,0.9751981,0.9789141,0.9361412,0.9789784,0.96742874,0.9553933,0.9757987,0.95997906,0.943468,0.9810664,0.93610245,0.97221357,0.9694712,0.9599809
ahiddenlifefilm,0.9912849,0.97193444,0.99017787,0.9806756,0.9785894,0.9756605,0.9856406,0.9810664,1.0000001,0.9771239,0.9785083,0.9817406,0.98378307,0.992802,0.9923421,0.98607975,0.98181814,0.9812613,0.98336184,0.9797238,0.9831973,0.98276126,0.98688775,0.982035,0.9754512,0.6051601,0.9767494,0.9879894,0.9901266,0.9625808,0.97162163,0.9863037,0.97252,0.96500176,0.947836,0.9179618,0.9936156,0.9733842,0.99194956,0.9675675,0.9842064,0.9825303,0.96213686,0.98571944,0.99122524,0.99137115,0.98923403,0.9847262,0.96877694,0.98653716,0.99223334,0.98979014,0.98330545,0.9854003,0.98120886,0.9769112,0.9749429,0.99101776,0.9764061,0.9871866,0.9793814,0.97989917,0.98611605,0.9893132,0.9827816,0.9805178,0.9800553,0.9856045,0.9832748,0.97536516,0.99434453,0.5088424,0.9779517,0.99034435,0.97853476,0.96829545,0.8151851,0.984911,0.98339814,0.9795672,0.97824115,0.9862815,0.99092245,0.9818859,0.9879407,0.9829266,0.9791375,0.98422223,0.9830486,0.9906289,0.97635406,0.99434453,0.9819734,0.9775979,0.98471737,0.98122317,0.9821323,0.9839271,0.97809523,0.97756267,0.9863193,0.9779342,0.97422415,0.99122626,0.9880795,0.98995143,0.9859774,0.986255,0.96559227,0.9805164,0.99345183,0.7817224,0.9855227,0.88127893,0.9847812,0.9938413,0.9923542,0.9804205,0.98708993,0.9770267,0.983445,0.9855736,0.9884983,0.9734905,0.9850189,0.98405915,0.9698866,0.98118234,0.97504896,0.9470624,0.9732453,0.9799699,0.98632896,0.95601606,0.9831181,0.9706276,0.9865932,0.9860957,0.99274457,0.98394287,1.0000001,0.9839015,0.9861203,0.98083603,0.9813473,0.9821014,0.9759754,0.968158,0.9840069,0.97543234,0.98411435,0.98298514,0.98857313,0.9675862,0.9908372,0.9840019,0.9807181,0.98475564,0.97493815,0.9729924,1.0000001,0.97281957,0.9906952,0.98576677,0.9830589
alitamovie,0.9695552,0.9601862,0.96750927,0.9395581,0.97429055,0.950759,0.9539782,0.9445498,0.9771239,0.9999999,0.9449651,0.95165694,0.96729827,0.9599524,0.9682446,0.970008,0.96371055,0.96843374,0.96112543,0.9534654,0.96664417,0.9579453,0.9529369,0.9576862,0.95740277,0.60413086,0.957843,0.9523626,0.9650388,0.9483924,0.9554028,0.9653592,0.9467564,0.95374644,0.90202165,0.88598007,0.9795916,0.9384811,0.9716798,0.9655713,0.9458886,0.9592683,0.9347685,0.9643275,0.9636059,0.97286904,0.9595562,0.97461206,0.9498757,0.9656503,0.9638112,0.9675702,0.9542568,0.9586646,0.9453207,0.9712732,0.95833,0.9601489,0.9478898,0.9675053,0.95358104,0.9587066,0.9652876,0.9658155,0.9576104,0.94617426,0.96716756,0.96546346,0.9442466,0.940979,0.9704083,0.4528764,0.96173656,0.9655109,0.93469584,0.967475,0.7436587,0.97513145,0.9650056,0.95987666,0.94015604,0.95533526,0.9644125,0.96469146,0.9553104,0.9722508,0.9461958,0.9776246,0.9432895,0.96171886,0.94820404,0.9704083,0.9557883,0.94700944,0.9561098,0.95048827,0.9658004,0.94791883,0.9546017,0.93973553,0.9683016,0.9779913,0.9512913,0.96305555,0.97117645,0.9614216,0.9618687,0.9588825,0.934056,0.9639199,0.97152597,0.71922135,0.9609849,0.8336443,0.961848,0.97497445,0.9708494,0.9420663,0.964845,0.9547796,0.9587361,0.9619462,0.96888936,0.9319413,0.97050446,0.9616199,0.9582696,0.94793385,0.95139545,0.93330866,0.9579122,0.9790643,0.95392543,0.9492754,0.95633596,0.9688546,0.95931566,0.950927,0.97624606,0.961892,0.9771239,0.9571816,0.9692074,0.9469665,0.9402386,0.959217,0.93253773,0.93224686,0.95138156,0.95227754,0.95512915,0.96099806,0.96936077,0.93810934,0.9652134,0.9579365,0.9707216,0.96462005,0.94662994,0.95287484,0.9771239,0.95898044,0.96962655,0.95848274,0.9530811
angelhasfallen,0.9603069,0.94736445,0.96207124,0.9778177,0.9376629,0.95886195,0.9588757,0.97327423,0.9785083,0.9449651,1.0000002,0.96372336,0.95557517,0.9806629,0.9734832,0.96572846,0.95629734,0.9528426,0.95265543,0.95916,0.95401937,0.9491321,0.97655505,0.9708424,0.95454806,0.5551615,0.9425817,0.97581005,0.96036077,0.9411054,0.9390081,0.9639901,0.9615761,0.9239237,0.94782066,0.88923424,0.9730256,0.9444516,0.961787,0.92476326,0.97396135,0.9596955,0.9613566,0.9651906,0.97084004,0.9688082,0.97447723,0.9586293,0.9500495,0.9620332,0.96903867,0.9650737,0.96940887,0.98280704,0.963681,0.9458371,0.934168,0.9725827,0.95886725,0.97039336,0.9787808,0.9559162,0.9717034,0.9604872,0.952927,0.9669197,0.94699675,0.9560326,0.9769814,0.94450724,0.98194253,0.4923755,0.9589283,0.96369344,0.96880525,0.9354496,0.8091601,0.9555928,0.96370053,0.96363354,0.9899966,0.97241795,0.9629144,0.9485612,0.9771705,0.9548953,0.977578,0.95320874,0.9732146,0.9728185,0.94576347,0.98194253,0.9590406,0.96895623,0.9630661,0.98492867,0.96869814,0.96149474,0.9610579,0.9641995,0.96672016,0.9430502,0.95606816,0.97183967,0.97712225,0.9695735,0.9679891,0.95324045,0.9767621,0.96021223,0.97393185,0.75797814,0.95488733,0.87246907,0.9548104,0.9807623,0.9691391,0.9580931,0.9670754,0.9427693,0.9657258,0.96880925,0.9608502,0.97362745,0.9464477,0.9689797,0.9473389,0.96611893,0.9536601,0.9411204,0.9510087,0.9574916,0.9625932,0.932107,0.9697374,0.95021653,0.96642286,0.96289337,0.98188806,0.9651171,0.9785083,0.9518955,0.9652755,0.9522112,0.95442605,0.94729584,0.9570174,0.96671546,0.952228,0.9397497,0.9512877,0.9708177,0.97168034,0.9515841,0.9759339,0.96299845,0.95667017,0.9694007,0.95781124,0.95333713,0.9785083,0.9400769,0.9642997,0.97679716,0.95614564
angrybirdsmovie,0.96895236,0.9466842,0.9812555,0.9714417,0.94802517,0.95799214,0.9764414,0.96472824,0.9817406,0.95165694,0.96372336,1.0,0.9497949,0.97123146,0.9781027,0.95941675,0.9593603,0.94481814,0.9564694,0.9503315,0.9646242,0.9700488,0.97080016,0.9780756,0.96287245,0.58161044,0.95601207,0.97084683,0.9756045,0.9497161,0.9501271,0.9598131,0.9587675,0.9528392,0.9151971,0.879342,0.9780428,0.94827455,0.9784475,0.938256,0.97005934,0.9664069,0.9348686,0.9617965,0.96904844,0.97500604,0.97330475,0.97406965,0.9543938,0.9662454,0.98441035,0.96510047,0.96654314,0.9646052,0.9591881,0.9392139,0.9524893,0.9823551,0.9535657,0.96835923,0.95704585,0.9621463,0.96141315,0.9686575,0.9643228,0.9810188,0.9523953,0.95562005,0.9709543,0.95849836,0.9736156,0.46749106,0.9676292,0.9724035,0.9676863,0.96231145,0.80161405,0.96478546,0.9656118,0.9526357,0.9694519,0.9715773,0.9659529,0.96058494,0.98654217,0.98041767,0.9561822,0.9564054,0.979366,0.9752081,0.9625609,0.9736156,0.964717,0.95912397,0.97739035,0.9718407,0.9718107,0.96030575,0.96069974,0.9517403,0.97163284,0.96262944,0.95680696,0.972927,0.9791209,0.98375,0.9602009,0.9580044,0.96200776,0.960003,0.9775798,0.77262664,0.9651353,0.8605137,0.96469635,0.9746578,0.96914536,0.96161467,0.9742215,0.9608594,0.9624732,0.9664658,0.9660068,0.969611,0.9696512,0.9656466,0.951837,0.959469,0.97063583,0.91191685,0.9433792,0.95824414,0.96844757,0.9293193,0.96900797,0.9517473,0.9656666,0.9628655,0.9779327,0.9683246,0.9817406,0.9710584,0.9685001,0.96108687,0.95634127,0.95485455,0.9636405,0.9421253,0.9568762,0.9587623,0.9629086,0.9684832,0.9682922,0.95324886,0.9741942,0.96566,0.95247984,0.97803795,0.95017916,0.9550639,0.9817406,0.9343813,0.9748224,0.9713315,0.9687742
annabellemovie,0.97739315,0.96143055,0.96574014,0.96739423,0.97301906,0.9577258,0.962996,0.95677716,0.98378307,0.96729827,0.95557517,0.9497949,1.0,0.9772811,0.9772939,0.9868952,0.9732855,0.9675616,0.9727648,0.9774514,0.95847446,0.9650392,0.9759829,0.9616284,0.9727833,0.61846054,0.95276374,0.96596116,0.97004724,0.95516455,0.96664804,0.9759585,0.9452717,0.9421487,0.93852794,0.8963985,0.97493863,0.9741938,0.977248,0.9547898,0.96208376,0.95846456,0.9463984,0.97503406,0.9773789,0.97303706,0.9782986,0.971518,0.94721466,0.9690983,0.97078407,0.9771502,0.97829854,0.9684607,0.9694004,0.96439815,0.97041893,0.9672059,0.9744685,0.9754858,0.9741811,0.96630055,0.97542846,0.9777273,0.9729539,0.9564529,0.9778047,0.9706925,0.9705155,0.9614929,0.97865474,0.5787698,0.9521891,0.9692189,0.95982784,0.94828916,0.8266841,0.9678244,0.9793359,0.98171985,0.95634615,0.9711637,0.98088956,0.97950757,0.9687934,0.9645467,0.969447,0.9877965,0.96325386,0.9726429,0.96194863,0.97865474,0.97854406,0.9561719,0.9588801,0.9553313,0.9660112,0.97368836,0.96299154,0.96606344,0.9627861,0.9708844,0.9533347,0.9664649,0.9603712,0.9688178,0.9691927,0.98319453,0.9486258,0.9638529,0.9732036,0.763106,0.9676217,0.85340893,0.97070223,0.97774917,0.9849352,0.9722174,0.97074103,0.95894456,0.9677111,0.9646959,0.97819763,0.94260734,0.969587,0.96744215,0.9683608,0.9598688,0.94679064,0.93593186,0.9517437,0.96219826,0.9811454,0.9615803,0.96275836,0.969481,0.9744921,0.97457135,0.97709036,0.9624585,0.98378307,0.9637338,0.96885705,0.96648866,0.9658811,0.97178113,0.9556472,0.96443963,0.97473854,0.96223646,0.9772348,0.96601653,0.9748523,0.95944774,0.9668318,0.9661221,0.9785659,0.9674659,0.96023494,0.9478534,0.98378307,0.972357,0.9768657,0.9663129,0.96352273
annamovie,0.9849278,0.9605108,0.9810017,0.9873497,0.9723536,0.9809217,0.97491735,0.971572,0.992802,0.9599524,0.9806629,0.97123146,0.9772811,1.0,0.9826305,0.9790291,0.9713568,0.97654915,0.97582227,0.9715712,0.97535306,0.97004783,0.9870789,0.9748036,0.97394186,0.6007866,0.9757655,0.9844396,0.9773739,0.9603779,0.9688508,0.979728,0.968029,0.9459515,0.96822345,0.92716897,0.9835319,0.9753654,0.9837076,0.9441471,0.98146737,0.96967155,0.958654,0.9757244,0.98826295,0.9802646,0.9870462,0.97215116,0.96678734,0.9711342,0.98153716,0.98289764,0.97834176,0.9866889,0.9727818,0.97240144,0.9646098,0.9859783,0.978698,0.98018116,0.9728347,0.9773661,0.97811145,0.9819359,0.97192305,0.97533864,0.96571726,0.97578114,0.9758812,0.97032106,0.98761797,0.5179668,0.9705984,0.97691107,0.9870665,0.94924647,0.83414745,0.97265655,0.97281,0.97584236,0.9793084,0.9867075,0.98404086,0.9754609,0.98365015,0.9647957,0.9758109,0.9717722,0.97863954,0.9814935,0.97373277,0.98761797,0.97724646,0.9810822,0.97463846,0.9841302,0.96841735,0.9782777,0.97282,0.9884109,0.97500134,0.96624804,0.97182053,0.98253745,0.98343676,0.97965026,0.9856048,0.9816181,0.96807265,0.9657242,0.98922074,0.79367816,0.97861767,0.9033559,0.9746822,0.98681974,0.99086016,0.98569566,0.9764072,0.9639872,0.9750077,0.9753615,0.98254323,0.97525835,0.9734482,0.9860181,0.96221656,0.98017615,0.96707,0.94854766,0.96867114,0.9707398,0.9753902,0.93897766,0.9749328,0.9670734,0.9827533,0.979045,0.9852977,0.96949494,0.992802,0.9742681,0.9739692,0.97944146,0.9746071,0.97020954,0.9754335,0.9798947,0.97987336,0.9770432,0.9716642,0.9791489,0.9827426,0.9683199,0.9857842,0.98202485,0.9724286,0.96803993,0.97416526,0.9617745,0.992802,0.9735637,0.9837112,0.9851041,0.9730072
apollo11movie,0.9898076,0.95974904,0.9881073,0.97150666,0.96595174,0.9641931,0.98133886,0.97399205,0.9923421,0.9682446,0.9734832,0.9781027,0.9772939,0.9826305,0.99999994,0.9729071,0.970456,0.96847624,0.98027927,0.9717374,0.9699851,0.97687197,0.98201126,0.97724664,0.97276425,0.58397037,0.95842665,0.97536063,0.9822489,0.9608348,0.9733334,0.9828349,0.95781964,0.96484715,0.9319138,0.901104,0.98993355,0.9741724,0.98363066,0.9585835,0.9672501,0.97554857,0.9596419,0.9764327,0.98648936,0.9805511,0.9828844,0.9844157,0.947886,0.98094743,0.9850072,0.9759696,0.9749993,0.976309,0.9671343,0.967153,0.9626898,0.9844042,0.9773101,0.98386985,0.9681397,0.9785123,0.976524,0.97968256,0.97284216,0.97148526,0.97551984,0.9694322,0.9797054,0.9683738,0.98794496,0.5100143,0.9708837,0.98309267,0.9715214,0.9572347,0.81959647,0.97389835,0.98043925,0.973035,0.9733833,0.97523636,0.9812534,0.97634673,0.97892606,0.98056936,0.97355807,0.97939897,0.98399734,0.98042816,0.97979546,0.98794496,0.9792309,0.965928,0.98172176,0.9805945,0.97611064,0.97613,0.9773446,0.9670449,0.97824734,0.97041863,0.96572703,0.98584855,0.9778381,0.98425543,0.9769672,0.9717718,0.9528117,0.96734655,0.98199785,0.7594805,0.9764319,0.85740334,0.9741549,0.98630124,0.98837775,0.97474015,0.97904843,0.97083956,0.97976863,0.9733713,0.9772924,0.95889896,0.98056984,0.9847694,0.9749252,0.96823883,0.9645582,0.9433458,0.9607309,0.9735488,0.9754249,0.9531525,0.9737611,0.9731701,0.98675776,0.9740015,0.9893577,0.98129785,0.9923421,0.97687906,0.9746608,0.9668066,0.97359926,0.97004515,0.9745994,0.95585394,0.96866816,0.9665939,0.9770926,0.9793996,0.9729924,0.97024405,0.9820647,0.97794175,0.9780468,0.98275965,0.96502113,0.95787036,0.9923421,0.96342486,0.98521817,0.9768907,0.97184527
arcticdogsmovie,0.9699816,0.96752375,0.97303313,0.97695667,0.971514,0.96739674,0.96115,0.9603012,0.98607975,0.970008,0.96572846,0.95941675,0.9868952,0.9790291,0.9729071,0.9999999,0.9772703,0.96455014,0.96890396,0.96708596,0.9718432,0.9699673,0.9735822,0.96484214,0.9722103,0.60982054,0.95782405,0.97372454,0.9799846,0.9587573,0.960826,0.9793502,0.95295304,0.9347668,0.9447011,0.90630907,0.9734884,0.9561719,0.9772724,0.9636298,0.96809185,0.96069586,0.94590414,0.97536016,0.9712422,0.97773993,0.97553486,0.9615433,0.970265,0.9687332,0.978635,0.9866544,0.97192186,0.9779094,0.96878695,0.9732499,0.9719672,0.9705924,0.96983844,0.9775499,0.9808917,0.96264094,0.9835328,0.9767912,0.9788125,0.9637028,0.981762,0.97116965,0.97151583,0.9533189,0.98342776,0.5256634,0.9740405,0.96825755,0.96660346,0.95786947,0.7991717,0.9636624,0.97947997,0.97672844,0.9661492,0.9749778,0.9815803,0.969893,0.9751885,0.973774,0.9711115,0.9775338,0.9662299,0.9763692,0.9621246,0.98342776,0.9783505,0.96772605,0.9620759,0.9658032,0.9778799,0.97495335,0.95666045,0.9628041,0.9698363,0.9728519,0.95911014,0.9744055,0.97880316,0.9757416,0.9792729,0.9821855,0.9666986,0.97275454,0.9806875,0.7649119,0.9693041,0.8751985,0.97362006,0.9792327,0.97705215,0.97284526,0.98244774,0.95643836,0.98001975,0.9774593,0.9800734,0.96281415,0.9670853,0.96802175,0.9582113,0.9637844,0.9544978,0.9304957,0.9636334,0.9728415,0.97958684,0.95715785,0.97211176,0.9685719,0.96788806,0.9791466,0.9818364,0.96216965,0.98607975,0.97404385,0.98107314,0.97219723,0.96802473,0.97379535,0.9521129,0.969718,0.9728203,0.9561369,0.96761155,0.9662408,0.9765912,0.94026333,0.97257936,0.9595497,0.9738026,0.9757573,0.964988,0.95841,0.98607975,0.9708131,0.9732981,0.97202426,0.9734109
arcticmovie,0.96775794,0.9426249,0.97330344,0.9669118,0.960782,0.9689248,0.9617586,0.95711493,0.98181814,0.96371055,0.95629734,0.9593603,0.9732855,0.9713568,0.970456,0.9772703,1.0,0.9598267,0.97021216,0.95738894,0.9633724,0.9684608,0.95671886,0.95125663,0.96371925,0.6297859,0.95287853,0.9834104,0.9789005,0.94942755,0.9668314,0.970824,0.94795907,0.9488714,0.91688424,0.89040715,0.98102754,0.9370367,0.97387254,0.9539007,0.9663768,0.95735234,0.93642235,0.96588403,0.96855676,0.9773903,0.9623075,0.96703386,0.9580851,0.9630238,0.9790179,0.9797467,0.9586937,0.9668649,0.95696205,0.9601635,0.95472825,0.96533984,0.9638738,0.9536117,0.974452,0.97408617,0.96531034,0.9744465,0.97175384,0.9580313,0.9732052,0.9759741,0.96983063,0.9523029,0.9678009,0.5230487,0.9634015,0.96729356,0.95353305,0.9596081,0.79999834,0.9668863,0.97646576,0.97848755,0.956996,0.9590675,0.9766588,0.9687629,0.96686846,0.97218746,0.96014726,0.9742722,0.9545337,0.9635171,0.9603432,0.9678009,0.96133673,0.9441668,0.96255606,0.95314175,0.9688415,0.96198934,0.9657749,0.94141155,0.9694049,0.9701379,0.964282,0.96798354,0.972432,0.974982,0.97063416,0.9636528,0.94622195,0.96151686,0.9762777,0.7775645,0.96126324,0.85034287,0.9623491,0.969871,0.96717584,0.9530062,0.9786597,0.9567193,0.9709654,0.97716516,0.9735456,0.95568717,0.97714454,0.9591166,0.97274417,0.9635096,0.9582875,0.93117726,0.9487847,0.963583,0.97936475,0.9618508,0.96072876,0.9535693,0.95056474,0.97485965,0.9623469,0.96382666,0.98181814,0.97634876,0.9702909,0.9635305,0.96974164,0.9762688,0.9527982,0.94003546,0.9563563,0.959703,0.9663852,0.9497928,0.9692805,0.9443816,0.9802013,0.9533529,0.9563257,0.9629356,0.95046026,0.9482267,0.98181814,0.97216856,0.98130363,0.95314,0.9836946
artofracingmovie,0.9802818,0.9559454,0.9656626,0.9455498,0.97705466,0.9590343,0.9633001,0.95670384,0.9812613,0.96843374,0.9528426,0.94481814,0.9675616,0.97654915,0.96847624,0.96455014,0.9598267,1.0,0.9640297,0.96283764,0.96722496,0.95043504,0.96450275,0.95887834,0.93977565,0.59065944,0.9730421,0.96411264,0.9651426,0.92751074,0.94465804,0.9614355,0.9647958,0.9471759,0.93911725,0.92089605,0.9770193,0.96004564,0.9792772,0.946723,0.96035624,0.9555735,0.93376756,0.96237004,0.9783131,0.9716069,0.9674878,0.9675863,0.95617586,0.9621368,0.9594257,0.96769834,0.95957905,0.96558845,0.9642866,0.98113537,0.9606331,0.96790045,0.9466443,0.9691679,0.95343244,0.95233464,0.9612773,0.96724904,0.9598138,0.9492103,0.95787716,0.96878946,0.953259,0.9559595,0.9756997,0.532612,0.9473902,0.9771314,0.9533754,0.9335283,0.7923199,0.97738713,0.9552608,0.96258986,0.9487993,0.96708184,0.97548854,0.9547231,0.96327615,0.95294243,0.96366215,0.961919,0.9493394,0.9695921,0.95386535,0.9756997,0.95556664,0.97434163,0.95867914,0.9627002,0.9531683,0.96342844,0.95935726,0.9670527,0.96746385,0.94994867,0.95889765,0.9738092,0.96352005,0.9541141,0.9650973,0.9701223,0.9366563,0.95555234,0.9818281,0.77101076,0.9761391,0.8740937,0.97397363,0.9748788,0.97961146,0.959569,0.9555474,0.9527762,0.9608631,0.9600261,0.97840166,0.9447264,0.9612098,0.9650134,0.93405056,0.9681446,0.9612443,0.9344668,0.97020817,0.9688745,0.95992637,0.93104607,0.965095,0.9460081,0.97081685,0.9671156,0.9735734,0.9677304,0.9812613,0.9536983,0.9579352,0.9731775,0.97349423,0.9550527,0.94591254,0.94927067,0.97415364,0.9627745,0.97318345,0.95917004,0.9721358,0.9517837,0.9722012,0.97283095,0.96482855,0.9559694,0.96922344,0.9695008,0.9812613,0.9672305,0.9752485,0.9714781,0.9583312
avengers,0.98790455,0.95878977,0.9781021,0.96786326,0.9698529,0.9623736,0.97565967,0.9552569,0.98336184,0.96112543,0.95265543,0.9564694,0.9727648,0.97582227,0.98027927,0.96890396,0.97021216,0.9640297,1.0,0.96032935,0.9576385,0.9699964,0.9663994,0.9544839,0.9632176,0.63731533,0.9681353,0.9748067,0.9755502,0.94437003,0.9877874,0.9727484,0.9411211,0.9472151,0.92743415,0.90782696,0.98032826,0.9643643,0.98205423,0.9597536,0.95640785,0.9575329,0.945116,0.96364737,0.9838979,0.97455364,0.96930164,0.9704573,0.9569127,0.96462566,0.97713155,0.97448415,0.95922416,0.9708462,0.95931417,0.96054304,0.9766955,0.9729564,0.9742166,0.9700788,0.95436877,0.98006004,0.9746368,0.9755012,0.96855426,0.9559603,0.9677575,0.9701841,0.96795964,0.97287816,0.9780685,0.5045904,0.95856154,0.9835781,0.9604824,0.9594421,0.8058877,0.9622302,0.9670821,0.97092193,0.95638865,0.9673799,0.9734476,0.9696745,0.9644029,0.96738505,0.95439786,0.9780477,0.9647904,0.97404283,0.96721685,0.9780685,0.96768916,0.9522839,0.96670115,0.9573643,0.96584266,0.96822876,0.9723801,0.9643677,0.98028743,0.97010934,0.97107106,0.9772607,0.96802586,0.97937495,0.97557765,0.9757041,0.9293561,0.96758735,0.97584087,0.7901869,0.97164404,0.87331444,0.97039455,0.97532797,0.981079,0.96442497,0.97304523,0.9763346,0.9601689,0.9689306,0.9744305,0.9486718,0.97616434,0.97347015,0.96709913,0.96500564,0.9484421,0.9549816,0.9537524,0.9634257,0.975639,0.9396235,0.95778704,0.9579637,0.97902334,0.96357733,0.97183204,0.96905553,0.98336184,0.9794338,0.9794434,0.9683342,0.96783125,0.97380584,0.9643692,0.94517213,0.9672814,0.97903204,0.9740305,0.9622151,0.970269,0.9627548,0.9727277,0.97167623,0.975155,0.9617031,0.95669174,0.952388,0.98336184,0.97195107,0.9729874,0.9639457,0.9747286
beachbummovie,0.97274584,0.95848584,0.95597106,0.9560296,0.956359,0.93164366,0.97270954,0.9753856,0.9797238,0.9534654,0.95916,0.9503315,0.9774514,0.9715712,0.9717374,0.96708596,0.95738894,0.96283764,0.96032935,0.99999994,0.9557387,0.96004087,0.9681538,0.97309196,0.95349085,0.6433169,0.94571406,0.9592542,0.9565812,0.94683206,0.942972,0.9692519,0.96348006,0.9484713,0.9254353,0.9072663,0.96784246,0.9609187,0.9645696,0.94741297,0.96457535,0.9723219,0.9641155,0.9806341,0.9765011,0.98275185,0.97192395,0.9642535,0.9397925,0.9801598,0.96628064,0.968152,0.9689065,0.9624936,0.97504777,0.94916934,0.948505,0.9707457,0.97056746,0.9719111,0.9680143,0.9606424,0.9688069,0.96851414,0.9616762,0.953396,0.96375674,0.96746606,0.96117985,0.9722753,0.9788759,0.5368076,0.9411288,0.968961,0.95848507,0.95290804,0.8371898,0.96647114,0.9733183,0.9547061,0.9554288,0.9764185,0.97628033,0.9731952,0.9603649,0.95110744,0.97108775,0.9735038,0.96316135,0.9716712,0.94977796,0.9788759,0.9750234,0.9633638,0.9600588,0.9532268,0.95252895,0.98361015,0.96358657,0.9692655,0.9657991,0.9529841,0.9346134,0.96781534,0.96070623,0.9624596,0.9651767,0.97634727,0.9325545,0.9685351,0.96930045,0.8271814,0.96671236,0.8746674,0.9617698,0.9739375,0.98027277,0.96755916,0.9616223,0.9643024,0.956561,0.9600199,0.9650547,0.93350804,0.9669307,0.969125,0.95391166,0.9676608,0.9531192,0.93973064,0.94189966,0.9394446,0.97205687,0.94994074,0.9608938,0.9472699,0.9794513,0.9698234,0.97221327,0.97396374,0.9797238,0.9448192,0.9688485,0.9520514,0.9609063,0.9690868,0.9682609,0.9488915,0.97250456,0.94933575,0.9763786,0.9732877,0.9722951,0.94220775,0.97543883,0.9751313,0.9634044,0.96538866,0.95716506,0.9455564,0.9797238,0.9588142,0.98075604,0.9611623,0.9587812
bernadettefilm,0.97806376,0.9469645,0.9800239,0.9577772,0.9693855,0.96529216,0.9650248,0.95861554,0.9831973,0.96664417,0.95401937,0.9646242,0.95847446,0.97535306,0.9699851,0.9718432,0.9633724,0.96722496,0.9576385,0.9557387,0.9999998,0.980463,0.9592622,0.9634324,0.95639503,0.5623904,0.9770149,0.9671638,0.98058265,0.93408495,0.945402,0.9692722,0.9646173,0.9666228,0.92373174,0.9339352,0.97439873,0.95262253,0.96855766,0.962266,0.977787,0.97478616,0.92931753,0.9692139,0.97615606,0.97381216,0.964248,0.95395935,0.95963305,0.97561187,0.9761159,0.9800027,0.9556168,0.96005666,0.95763063,0.96718967,0.9616659,0.9783882,0.9449689,0.9678046,0.9590718,0.9583936,0.974767,0.9811576,0.97305053,0.9677057,0.96869713,0.9739382,0.9535137,0.9645057,0.9737718,0.47673416,0.97306496,0.96995956,0.9606404,0.9576466,0.79493976,0.9759641,0.9628528,0.9443906,0.96091,0.96315515,0.9810754,0.9618828,0.9693403,0.97128797,0.94972026,0.95365417,0.9626165,0.9640519,0.9589992,0.9737718,0.96343803,0.96713483,0.9763155,0.96547747,0.96924776,0.9656455,0.9511467,0.9577219,0.9678293,0.96680754,0.9545458,0.97783107,0.97901124,0.9687959,0.96884954,0.9806018,0.94164705,0.96290386,0.9802793,0.7348118,0.9820996,0.8745855,0.98283637,0.97503793,0.97517985,0.96499085,0.9745093,0.9567656,0.97376734,0.98051775,0.9775297,0.96429545,0.97453976,0.9635649,0.94012254,0.9670434,0.9640072,0.9122206,0.9809765,0.9785295,0.96186864,0.91678023,0.9733564,0.9403295,0.96374494,0.97592014,0.9757294,0.96053326,0.9831973,0.97456604,0.97198355,0.9815612,0.97091067,0.97240204,0.9564547,0.93596345,0.977963,0.95663935,0.9591051,0.9515737,0.9658033,0.9451024,0.97350234,0.95769954,0.95330733,0.96924615,0.9716422,0.96958214,0.9831973,0.95964897,0.972137,0.9647387,0.9708442
