movie,21bridgesmovie,47metersdown,abeautifuldaymovie,abominablemovie,adastramovie,adogsjourneymovie,aftermathmovie,aftermovie,ahiddenlifefilm,alitamovie,angelhasfallen,angrybirdsmovie,annabellemovie,annamovie,apollo11movie,arcticdogsmovie,arcticmovie,artofracingmovie,avengers,beachbummovie,bernadettefilm,blackandbluemovie,blackchristmas,blindedbythelightmovie,bombshellmovie,booksmart,breakthroughmovie,brianbanksmovie,brightburnmovie,brittanyrunsmov,captainmarvelofficial,captivestatemovie,catsmovie,charliesangels,childsplaymovie,clarathefilm,coldpursuitmovie,countdown,currentwarmovie,darkwatersmovie,detectivepikachumovie,disneyaladdin,disneyfrozen,disneymaleficent,doctorsleepmovie,dolemiteismyname,dontletgomovie,doramovie,downtonabbey_official,dumbo,escaperoom,everybodyknowsmovie,fastandfuriousmovie,fightingwmyfam,fivefeetapartfilm,fordvferrari,freaksthefilm,geminimanmovie,glassmovie,gloriabellmovie,godzillamovie,goldfinchmovie,goodboysmovie,goodliarmovie,gretafilm,halathemovie,happydeathdaymovie,harrietfilm,hellboymovie,hersmellmovie,highlifemovie,highstrungmovie,honeyboymovie,hotelmumbaifilm,httydragon,hustlemovie,hustlersmovie,isntitromantic,itmovieofficial,jayandsilentbob,johnwickmovie,jojorabbitmovie,jokermovie,judythefilm,jumanjimovie,justmercyfilm,knivesout,lalloronamovie,lastblackmansf,lastchristmasthemovie,latenightmovie,lighthousemovie,lionking,littlethemovie,littlewomenmovie,littlewoodsfilm,longshotmovie,lordsofchaosmovie,lucyintheskyfilm,mamovie2019,marriagestory,meettheaddams,meninblack,midsommarmovie,midwaymovie,missbalamovie,missinglinkfilm,motherlessbklyn,onceinhollywood,onthebasisofsex,overcomermovie,peanutbutterfalcon,petsematarymovie,piercingmovie,playingwithfire,playmobilthemovie,pomsmovie,queenandslim,rambomovie,readyornotfilm,richardjewellfilm,rocketmanmovie,scarystoriesmovie,secretlifeofpets,serenityfilm,shaftmovie,shazammovie,spidermanmovie,spiesindisguise,starwars,stormboymovie,stubermovie,taosdfilm,teenspiritmov,terminator,theaeronautsmov,thebestofenemies,thedeaddontdie,thefarewell,thehighwaymen,thehummingbirdprojectfilm,theintrudermovie,theirishmanfilm,thekitchenmovie,thelegomovie,themustangfilm,thenightingalefilm,theprodigymovie,thesunisalsoastar,theupsidefilm,tolkienmovie,toystory,triplefrontier,uglydolls,uncutgems,underthesilverlake,usmovie,wavesmovie,whatmenwant,wonderparkmovie,wrinklestheclown,xmenmovies,yardiefilm,yesterdaymovie,zombieland
21bridgesmovie,1.0000004,0.9393623,0.94802386,0.96611035,0.9643191,0.96256495,0.9593465,0.9619717,0.9759088,0.9424491,0.9522467,0.94438076,0.950454,0.9590628,0.94663846,0.95488244,0.9540099,0.951125,0.9763251,0.93278915,0.94835186,0.94095194,0.96167475,0.9580458,0.9547141,0.86688423,0.9462761,0.9459794,0.94872046,0.93888444,0.9490756,0.93465304,0.9205669,0.94699687,0.9209635,0.9148392,0.94780916,0.95638096,0.95094925,0.9471713,0.9418074,0.9555047,0.9332351,0.94893426,0.96001285,0.9426402,0.96184754,0.9546627,0.9415565,0.9494134,0.95100147,0.9606468,0.9558046,0.94429314,0.9324433,0.93816537,0.9383927,0.95641947,0.9594754,0.96030766,0.95249784,0.9564144,0.95338476,0.96291846,0.9434994,0.9531277,0.9404694,0.9507443,0.9377241,0.9218416,0.9668328,0.7100559,0.93532896,0.94830555,0.94019777,0.9385952,0.9090825,0.9493363,0.94783103,0.95121247,0.9440048,0.93955535,0.9621804,0.93597424,0.9397873,0.9583624,0.94105804,0.9468308,0.94645625,0.956698,0.9459946,0.9668328,0.94690704,0.9596969,0.9348267,0.9383458,0.9513759,0.9537197,0.95231295,0.9576201,0.929085,0.94093966,0.9322918,0.95079696,0.94022155,0.9454947,0.95205873,0.9521911,0.9307047,0.9508721,0.9603579,0.82488126,0.9600366,0.8744102,0.94156176,0.9533374,0.9878269,0.9441034,0.9575649,0.955591,0.95300865,0.9487243,0.94948643,0.9490952,0.9463358,0.9577585,0.95547897,0.94438726,0.95257586,0.91987026,0.9497181,0.95358336,0.95448285,0.9194809,0.95985925,0.9399232,0.96811515,0.9513282,0.96559006,0.9442616,0.9759088,0.95118433,0.93074256,0.9455489,0.9519517,0.9483548,0.9258972,0.93075114,0.95597786,0.9609495,0.94168836,0.9548273,0.9528642,0.9316818,0.9434965,0.9619155,0.9559775,0.95819,0.96298575,0.942732,0.9759088,0.94148105,0.95898515,0.954013,0.94213724
47metersdown,0.9393623,0.99999964,0.9251572,0.94914067,0.92880404,0.94235724,0.9479739,0.9476485,0.9603358,0.937091,0.9281447,0.9256338,0.92749506,0.9351849,0.9315895,0.9550684,0.9417216,0.91189057,0.9464762,0.91861236,0.93014824,0.92892694,0.93472606,0.9412067,0.9387538,0.84337246,0.9226964,0.94723356,0.94028836,0.9294699,0.92831254,0.9174152,0.89189065,0.93045014,0.92499876,0.90191054,0.9415691,0.9344911,0.9373594,0.93231386,0.92035025,0.95321363,0.9279633,0.9476573,0.95056915,0.9489593,0.9356519,0.93626463,0.9324384,0.9555966,0.94545984,0.93296695,0.9329254,0.92788047,0.92949885,0.9331753,0.92939556,0.9489714,0.93708897,0.93951225,0.92564994,0.9298153,0.94572693,0.9374185,0.9261771,0.9378848,0.90720856,0.9310226,0.9254248,0.9351416,0.9430026,0.7423263,0.9216207,0.9519015,0.9284695,0.93249345,0.91428626,0.95486236,0.93437105,0.9427492,0.9309719,0.93272585,0.942558,0.9158797,0.933538,0.93207777,0.9422289,0.923576,0.93506163,0.93188095,0.9421055,0.9430026,0.9360073,0.9403395,0.93041,0.91752845,0.94100755,0.9304161,0.941284,0.93421865,0.92956364,0.9285632,0.9279742,0.93499744,0.9507879,0.9460171,0.9490305,0.93898064,0.92840564,0.94350606,0.932136,0.8294382,0.94760823,0.8799305,0.9381109,0.9395218,0.942467,0.938977,0.94030136,0.9468917,0.95039374,0.9482394,0.9348154,0.9306951,0.93604654,0.9525762,0.9370336,0.92686313,0.92465794,0.90368867,0.9203901,0.9194563,0.9322566,0.8930627,0.93974936,0.91712546,0.93868756,0.9141295,0.9476792,0.9377632,0.9603358,0.94020677,0.9294702,0.93543404,0.9454781,0.9183505,0.9043835,0.9384241,0.9476135,0.9104789,0.94435686,0.9373594,0.9401054,0.8929286,0.93425256,0.9296085,0.9293076,0.9430192,0.94229525,0.92542726,0.9603358,0.92532754,0.940622,0.93477666,0.940221
abeautifuldaymovie,0.94802386,0.9251572,1.0,0.961981,0.9634781,0.9490117,0.9525579,0.96124554,0.9801755,0.9377881,0.9628335,0.94699144,0.950856,0.9595575,0.96453893,0.9573391,0.9573496,0.9687196,0.9449729,0.945913,0.96731716,0.95550066,0.9554647,0.95606285,0.9411759,0.86411995,0.9492658,0.9604943,0.97380257,0.94366646,0.9555706,0.95510614,0.9326532,0.9638758,0.9224182,0.92300135,0.9510763,0.93381065,0.9650656,0.96352607,0.95439756,0.9559051,0.94489723,0.94167465,0.96011657,0.9586697,0.9593416,0.9568757,0.958142,0.9474176,0.97563064,0.9706578,0.9434602,0.9689568,0.9305777,0.9392389,0.9478594,0.9625251,0.95888895,0.9521171,0.95825,0.95028836,0.9529054,0.96746993,0.94654524,0.9541383,0.9383598,0.9660283,0.953208,0.9386496,0.9598613,0.7847708,0.94697714,0.95663434,0.9355613,0.9427674,0.9007321,0.94832534,0.95617527,0.95639527,0.9380039,0.94773513,0.96242976,0.9431575,0.95948696,0.962587,0.9506303,0.95516586,0.9634533,0.9669639,0.96116775,0.9598613,0.947411,0.9609013,0.9670871,0.94449884,0.94923687,0.96371603,0.95398706,0.9512328,0.9400268,0.9417388,0.967557,0.9604674,0.9445477,0.97464705,0.9604206,0.9538504,0.9480786,0.9508514,0.95304745,0.8266614,0.9567588,0.88059413,0.95050085,0.951271,0.96187276,0.95242834,0.9478056,0.9542104,0.96398973,0.97259736,0.96167636,0.941599,0.9702101,0.94333684,0.9562871,0.9631338,0.95841086,0.92599607,0.9635723,0.94906664,0.9482414,0.93428737,0.94612914,0.95266896,0.9452547,0.96312404,0.95964044,0.95688444,0.9801755,0.96601814,0.94521505,0.95263934,0.96294373,0.95844036,0.92854345,0.9354846,0.9707314,0.93313473,0.95283115,0.9676138,0.9523675,0.92293364,0.9543593,0.95293254,0.94786423,0.9481223,0.9543893,0.9438841,0.9801755,0.95185745,0.960281,0.95971423,0.9615316
abominablemovie,0.96611035,0.94914067,0.961981,1.0000001,0.9562662,0.95390755,0.96285605,0.9647731,0.9792135,0.95386195,0.95767426,0.9406796,0.94889486,0.96200246,0.9513954,0.9650857,0.9617365,0.9578301,0.95960313,0.9417749,0.94094455,0.9611823,0.96129715,0.9563909,0.95414346,0.8762652,0.9563115,0.9576281,0.9619743,0.9385881,0.95023084,0.9403791,0.9203671,0.95307887,0.9284441,0.912843,0.9554864,0.93932164,0.9518169,0.95350343,0.94217736,0.9593256,0.9398373,0.9604789,0.96730113,0.95028377,0.96458304,0.9597913,0.9477627,0.96065587,0.9635062,0.959454,0.9586739,0.9454789,0.9346642,0.94224966,0.95845026,0.95856583,0.9683974,0.9533445,0.9518485,0.959331,0.951843,0.9660606,0.9447754,0.9576545,0.9425708,0.95470625,0.9473062,0.9364519,0.9642087,0.73945487,0.94101757,0.9540987,0.9602121,0.94377846,0.9159511,0.9537424,0.94797087,0.9575174,0.9473958,0.94274974,0.95831543,0.9375338,0.9504506,0.9566646,0.95963234,0.95141196,0.95705897,0.9566032,0.95871264,0.9642087,0.9509948,0.95648056,0.94926417,0.94905484,0.95636874,0.9567657,0.9555872,0.9601789,0.93991226,0.9409755,0.9515522,0.9518224,0.9572265,0.9613619,0.9555472,0.95078033,0.94416755,0.95429355,0.9612375,0.8358267,0.96696585,0.86885583,0.9370587,0.9500228,0.9679311,0.95436674,0.9556766,0.96059275,0.96519935,0.9648631,0.9564526,0.94749755,0.9528189,0.95800704,0.9494056,0.94945085,0.95366806,0.9257593,0.94079226,0.9564754,0.9628254,0.92418593,0.9546853,0.9423292,0.9678457,0.94388974,0.95843774,0.9530832,0.9792135,0.9639374,0.9400357,0.95093983,0.96226966,0.957628,0.9260114,0.94384116,0.9592943,0.9415862,0.9534304,0.95526856,0.9523022,0.9334897,0.96031576,0.9590293,0.95123637,0.96057636,0.961199,0.9328575,0.9792135,0.9398492,0.9602384,0.9572921,0.9554878
adastramovie,0.9643191,0.92880404,0.9634781,0.9562662,0.9999999,0.9381695,0.95748705,0.95308185,0.9781345,0.9537885,0.9603454,0.9426315,0.9538545,0.95474994,0.94992805,0.95746094,0.95348406,0.9721074,0.95750624,0.9366853,0.9595122,0.94317514,0.9484438,0.9602318,0.9430992,0.8566376,0.9628859,0.95035446,0.95065516,0.94821906,0.9400435,0.9460366,0.94169474,0.94768685,0.9177177,0.89061767,0.95485073,0.9377754,0.9596123,0.9524991,0.930602,0.9525998,0.94616884,0.9399871,0.9522332,0.9561834,0.9526973,0.940569,0.95573294,0.9416552,0.9576796,0.9626613,0.9460765,0.94497204,0.933492,0.95846015,0.9494309,0.95649326,0.94889903,0.9510304,0.9446478,0.93581736,0.95133066,0.958007,0.9341891,0.94925797,0.9467921,0.9626209,0.9466766,0.9351406,0.95820695,0.741141,0.9522615,0.95098734,0.92872405,0.95052123,0.89642113,0.9519572,0.9569494,0.95131147,0.9368964,0.9367171,0.9565644,0.93910146,0.9587709,0.953454,0.9402716,0.95313716,0.94928426,0.9559045,0.9495527,0.95820695,0.94944435,0.96458054,0.9470413,0.935632,0.94449484,0.94970816,0.9581988,0.9420118,0.93955165,0.9348203,0.94011796,0.9503978,0.9397285,0.9547887,0.947578,0.9498718,0.93922454,0.95956457,0.9659243,0.8200844,0.9540504,0.8533662,0.9475233,0.9467793,0.9631889,0.9397014,0.94839674,0.954488,0.95356154,0.9516822,0.95762295,0.9295753,0.9536548,0.9413007,0.95598906,0.9576412,0.9665462,0.92530066,0.95932615,0.9570601,0.9615742,0.9368439,0.9453618,0.9548981,0.9419959,0.95262325,0.9593734,0.9457982,0.9781345,0.95230526,0.9375917,0.9414711,0.94197685,0.95017415,0.91153705,0.9340755,0.9550378,0.93980515,0.951507,0.9628428,0.95567787,0.9241839,0.9433649,0.9554634,0.9418496,0.9636809,0.9639149,0.9471137,0.9781345,0.9470804,0.9457131,0.95142156,0.94927007
adogsjourneymovie,0.96256495,0.94235724,0.9490117,0.95390755,0.9381695,1.0000002,0.9475921,0.9459405,0.9714325,0.9443686,0.95116794,0.94604754,0.94590586,0.9559942,0.9508411,0.95124394,0.9505959,0.92957145,0.95047706,0.93054074,0.94534385,0.95037806,0.96294147,0.9553149,0.9409831,0.87179756,0.9325084,0.939226,0.9523496,0.9341337,0.9308834,0.9416751,0.9266266,0.95403415,0.93219364,0.9357712,0.93594104,0.95743,0.9524658,0.9460084,0.93372846,0.96321565,0.93490344,0.95534515,0.9539436,0.9442174,0.961818,0.94908994,0.9611084,0.9621667,0.9568017,0.96172905,0.9504331,0.9448527,0.92545474,0.92387825,0.9298504,0.95684534,0.9428428,0.94589967,0.9560854,0.9454468,0.9541493,0.95137,0.94939315,0.94984835,0.93036985,0.9520558,0.93732417,0.9102897,0.95635027,0.7601941,0.9260255,0.9390998,0.9325803,0.93917096,0.92226905,0.9499006,0.94738513,0.9484827,0.948185,0.9503336,0.94763047,0.9360981,0.93858606,0.9548387,0.95821226,0.9389399,0.95580757,0.94910246,0.9464486,0.95635027,0.93912333,0.959984,0.93800706,0.9312775,0.94732964,0.93920696,0.94274336,0.9580579,0.935082,0.94264174,0.9362763,0.95543987,0.93840003,0.9543726,0.9542502,0.9488193,0.92431504,0.9409232,0.95117617,0.81645733,0.9557591,0.9010093,0.94397575,0.9472858,0.9697647,0.94625425,0.95785356,0.94612426,0.94938564,0.9619544,0.94430935,0.9653244,0.94250023,0.9528911,0.95198417,0.93860775,0.9421136,0.9318013,0.9367738,0.9415774,0.9362257,0.9130394,0.95202553,0.93494123,0.94882727,0.94573337,0.9612867,0.9415328,0.9714325,0.9608254,0.9447569,0.93054867,0.94809085,0.939595,0.9241306,0.93921465,0.95262784,0.9360456,0.93834645,0.94819033,0.95554507,0.909659,0.9407178,0.94293445,0.96110857,0.95043176,0.9486313,0.94066304,0.9714325,0.9410957,0.9522141,0.9641968,0.94062656
aftermathmovie,0.9593465,0.9479739,0.9525579,0.96285605,0.95748705,0.9475921,1.0,0.96295464,0.9809111,0.95329696,0.9578722,0.94719017,0.94363123,0.9580998,0.9511946,0.9671762,0.9578767,0.94897187,0.95164096,0.9346203,0.95200855,0.944641,0.9498236,0.94994485,0.9564882,0.8703552,0.954843,0.9456885,0.9625734,0.9573203,0.9478503,0.93063563,0.927213,0.95881313,0.9364654,0.90410656,0.9652613,0.9437936,0.9592844,0.94908404,0.9326902,0.96402335,0.95043623,0.96051806,0.96207446,0.94442964,0.9568846,0.95139885,0.95032686,0.96155244,0.96600264,0.9536124,0.9367323,0.94428664,0.9456714,0.9544302,0.95626944,0.96697944,0.9549397,0.9597307,0.94586927,0.94391024,0.9570947,0.96519244,0.94067657,0.9588648,0.9416039,0.94932324,0.95135754,0.9412889,0.96321326,0.74485207,0.9408029,0.943001,0.92679447,0.9582067,0.918267,0.96253633,0.95595086,0.9656125,0.9526677,0.9629632,0.9582977,0.94044286,0.9586461,0.95529777,0.9511183,0.94889766,0.95128816,0.95420897,0.95605356,0.96321326,0.94791716,0.9622654,0.95767266,0.9555459,0.9498075,0.9525437,0.9763526,0.95881057,0.93860805,0.9427326,0.94932705,0.951405,0.961841,0.96122485,0.96739966,0.9639789,0.9349885,0.9501037,0.9624734,0.835319,0.96783286,0.86535126,0.9549029,0.95647097,0.9664531,0.94017667,0.9604791,0.98722553,0.9589711,0.96311384,0.9627825,0.94450825,0.9583495,0.9503836,0.94839376,0.9432783,0.95543605,0.9375925,0.9522749,0.94335264,0.95292616,0.9365255,0.9590638,0.95411444,0.95894367,0.9413881,0.9644877,0.941284,0.9809111,0.9609732,0.94103914,0.9585175,0.9529466,0.9426747,0.92748684,0.94634575,0.9670124,0.95191866,0.98357797,0.9580008,0.9465676,0.92566913,0.9504503,0.9516657,0.938374,0.9613653,0.9669427,0.9498245,0.9809111,0.9448589,0.96545845,0.9586255,0.9625796
aftermovie,0.9619717,0.9476485,0.96124554,0.9647731,0.95308185,0.9459405,0.96295464,0.99999964,0.97549385,0.93739444,0.94946444,0.92876786,0.944145,0.95817417,0.94691306,0.9500657,0.955656,0.956614,0.9546756,0.9351521,0.9553299,0.94300354,0.94952875,0.9542284,0.9430548,0.8740882,0.94449407,0.95300007,0.95912045,0.9357267,0.94984347,0.94312614,0.9107887,0.95133185,0.91886944,0.9190533,0.9526622,0.9437091,0.95377463,0.95200145,0.9366246,0.9577683,0.9433411,0.95017606,0.95933914,0.9508942,0.95012164,0.9574103,0.9395183,0.9530546,0.96011823,0.95364094,0.9369814,0.9559994,0.9555529,0.93815297,0.94186074,0.9564456,0.9601924,0.95067847,0.9543532,0.9539705,0.9598278,0.96646065,0.9391856,0.9467861,0.9444434,0.95429146,0.93760693,0.9293403,0.96164626,0.7543274,0.9330345,0.947211,0.9353883,0.95253956,0.90894717,0.954395,0.94765764,0.9563257,0.938978,0.94590837,0.9687612,0.9341997,0.94610804,0.9474993,0.9428473,0.94869536,0.9527317,0.96448135,0.94436866,0.96164626,0.9405333,0.9520048,0.94995284,0.9321973,0.94687265,0.95105386,0.96291524,0.9576802,0.9309535,0.9517298,0.9479099,0.95643896,0.9457261,0.96286047,0.95577663,0.95198363,0.9289563,0.9439134,0.9498637,0.81597114,0.9493726,0.89110154,0.9407306,0.94680566,0.9700857,0.9378109,0.95638484,0.96721405,0.9614428,0.9555294,0.96307826,0.94043195,0.9607357,0.9505141,0.95075727,0.94288677,0.9529011,0.92444205,0.9527604,0.9513443,0.9517374,0.9322486,0.9504498,0.94072187,0.96073455,0.939238,0.961588,0.94790864,0.97549385,0.95650923,0.9410238,0.9414856,0.9436043,0.9438224,0.93213147,0.93047166,0.9618613,0.9417629,0.95225626,0.9541852,0.9471144,0.93295765,0.94373995,0.95589465,0.9445014,0.9490775,0.9665632,0.9326869,0.97549385,0.9408065,0.9560921,0.9547759,0.95478684
ahiddenlifefilm,0.9759088,0.9603358,0.9801755,0.9792135,0.9781345,0.9714325,0.9809111,0.97549385,1.0000005,0.9694191,0.97575027,0.96015215,0.9715632,0.9777443,0.97265625,0.97897685,0.97581905,0.9715702,0.9703952,0.9610327,0.9758806,0.9677439,0.97359496,0.97229105,0.9652937,0.8848598,0.96876824,0.9708283,0.98103875,0.9625693,0.9647446,0.96024877,0.9480213,0.969976,0.9475118,0.9272072,0.9756178,0.95983183,0.9774943,0.97219914,0.9597673,0.9803455,0.96569395,0.97089356,0.9814685,0.9723927,0.97666764,0.9714102,0.97152287,0.9751161,0.98393214,0.9810753,0.9628699,0.96775883,0.9529637,0.9628065,0.96826774,0.98232424,0.9745644,0.972377,0.96887225,0.96573967,0.9775984,0.9825414,0.96806973,0.9733582,0.96145123,0.9793039,0.9698515,0.95490706,0.981404,0.7702598,0.9572781,0.9734702,0.95243186,0.9653311,0.9232793,0.97029376,0.97121805,0.9768838,0.96635395,0.9672929,0.9773636,0.96293694,0.9691618,0.9713202,0.96992254,0.97364366,0.97360593,0.9770137,0.97572124,0.981404,0.9691957,0.9786623,0.97159207,0.96087277,0.9695843,0.97650003,0.975373,0.96962196,0.95799834,0.965391,0.96812314,0.97464895,0.9677461,0.9802548,0.9806329,0.9709908,0.95383596,0.9720493,0.9792791,0.84253544,0.98156905,0.89080435,0.97197026,0.9681177,0.9824966,0.9649405,0.974556,0.9781336,0.9817502,0.98384094,0.9788587,0.96228653,0.97836244,0.9733264,0.9732351,0.96997887,0.9752688,0.94559413,0.970402,0.96819925,0.972837,0.94767356,0.97304344,0.96363735,0.9695858,0.9688252,0.9807459,0.96555394,1.0000005,0.9793291,0.9584803,0.96384585,0.9737708,0.9693614,0.940419,0.9589282,0.9803324,0.9576373,0.97623324,0.9743755,0.97039384,0.93574584,0.96860945,0.97228926,0.9675822,0.975982,0.9754834,0.96300864,1.0000005,0.96872085,0.9732848,0.9776618,0.9756481
alitamovie,0.9424491,0.937091,0.9377881,0.95386195,0.9537885,0.9443686,0.95329696,0.93739444,0.9694191,1.0,0.95182693,0.9237635,0.94244355,0.94842494,0.94743127,0.9525365,0.94495255,0.9405198,0.93793404,0.93128055,0.9448732,0.9368293,0.94410115,0.9527891,0.93638617,0.83466727,0.9405147,0.9352509,0.9413846,0.93705314,0.9208693,0.9395506,0.93230915,0.9420187,0.9162095,0.8862867,0.9495781,0.9304744,0.95200074,0.94459575,0.92410606,0.955911,0.9351244,0.9472999,0.953448,0.94227034,0.94785404,0.9404135,0.9476314,0.9548836,0.94825,0.95784646,0.94026816,0.9220941,0.92632955,0.94785035,0.93456566,0.9544994,0.9371367,0.94044816,0.9233522,0.9324835,0.9481814,0.95439017,0.9398496,0.9424795,0.93310463,0.9505166,0.9328183,0.9298127,0.9511733,0.7324111,0.92401516,0.94103485,0.9273651,0.93202436,0.8882068,0.9434143,0.9433864,0.9488976,0.9389096,0.928545,0.9370219,0.91980964,0.9442334,0.93919176,0.9483176,0.9421213,0.93634504,0.94133294,0.94389504,0.9511733,0.9470596,0.95287895,0.9369355,0.9340701,0.936053,0.94373184,0.9431338,0.9428094,0.93440473,0.9356057,0.93529564,0.9433005,0.94405174,0.9458856,0.93749034,0.93912745,0.91523135,0.94840693,0.9563643,0.80201644,0.95463693,0.84913975,0.9489054,0.929592,0.94818217,0.93232,0.95353633,0.9505703,0.94300175,0.95628625,0.947445,0.9315602,0.9310789,0.9510133,0.9413454,0.9395916,0.95047724,0.9223922,0.9414474,0.9476316,0.95419633,0.9199757,0.952699,0.9350812,0.946553,0.9369014,0.9496329,0.92884874,0.9694191,0.95266294,0.92119604,0.93040574,0.9323265,0.9502063,0.90274024,0.94252187,0.9467459,0.9298894,0.9480143,0.941572,0.9433894,0.89877796,0.9366238,0.9494824,0.92839557,0.95563954,0.94677156,0.9306558,0.9694191,0.94447047,0.94494104,0.9353636,0.9334087
angelhasfallen,0.9522467,0.9281447,0.9628335,0.95767426,0.9603454,0.95116794,0.9578722,0.94946444,0.97575027,0.95182693,1.0,0.93711495,0.9423849,0.9577991,0.9616423,0.9647906,0.95526856,0.9587611,0.94258046,0.93641245,0.9606515,0.961409,0.9602041,0.9531079,0.9612321,0.8798802,0.95715255,0.9480168,0.9609982,0.9468522,0.947438,0.9470772,0.9522278,0.9566067,0.937137,0.9127,0.9451247,0.95021063,0.9624957,0.9425926,0.9371649,0.9623795,0.9407717,0.9449222,0.9531881,0.94386417,0.9600283,0.9444182,0.96112865,0.95011264,0.9665835,0.9533238,0.95401525,0.9559331,0.92715293,0.9446558,0.9547084,0.9689051,0.9409972,0.94558907,0.9462364,0.93912673,0.95375717,0.9585206,0.9431398,0.96992284,0.92504805,0.96164423,0.9670456,0.91848093,0.94860643,0.7722121,0.94850427,0.94383353,0.94490623,0.95703363,0.91551614,0.9441737,0.9467191,0.9616879,0.96815294,0.95369214,0.94797176,0.944028,0.9552789,0.96067506,0.9578497,0.94835114,0.961573,0.950795,0.9634311,0.94860643,0.94950646,0.9608343,0.94928044,0.9555018,0.9628328,0.953349,0.9451688,0.9499629,0.9349371,0.93778414,0.9634236,0.9451343,0.9592232,0.9676375,0.9542734,0.9500347,0.9420269,0.945331,0.9564371,0.8123776,0.9530245,0.864049,0.9483088,0.96255183,0.95884156,0.9519439,0.96716714,0.9581791,0.9547771,0.96151006,0.95707625,0.93520236,0.9652495,0.9456322,0.9563506,0.957032,0.95745885,0.9118524,0.95605755,0.9491929,0.96031994,0.92077094,0.9548637,0.95024824,0.93615234,0.95267236,0.95809114,0.9457697,0.97575027,0.9682821,0.9529604,0.9359092,0.95515406,0.94099325,0.9141862,0.9453875,0.9468031,0.93648005,0.94822556,0.9545697,0.96009445,0.9243009,0.9461292,0.9491231,0.9369961,0.94773394,0.9511837,0.9404261,0.97575027,0.9551026,0.9568068,0.9611979,0.9538443
angrybirdsmovie,0.94438076,0.9256338,0.94699144,0.9406796,0.9426315,0.94604754,0.94719017,0.92876786,0.96015215,0.9237635,0.93711495,1.0000001,0.926629,0.9367743,0.921008,0.9553646,0.9301147,0.9261193,0.92672575,0.9059593,0.9302965,0.93326527,0.9426486,0.93197167,0.93188566,0.8517971,0.933127,0.92315423,0.9574435,0.948451,0.91837627,0.9205064,0.90105474,0.94638026,0.92318094,0.9150748,0.94328374,0.9195554,0.94987524,0.94073623,0.9123456,0.9514405,0.94180876,0.94158256,0.93474746,0.9327957,0.9514475,0.9373521,0.92788845,0.9468425,0.95893455,0.9421235,0.9319615,0.9260736,0.90522826,0.93283916,0.9307067,0.9382313,0.92981654,0.9322348,0.92462087,0.92663854,0.94294065,0.93354905,0.9265396,0.9340534,0.92369354,0.936556,0.9297919,0.9172363,0.9359243,0.72773826,0.92550224,0.9252004,0.91011965,0.92543614,0.9138742,0.9255589,0.93328327,0.937395,0.92972183,0.9278362,0.93566394,0.9379259,0.9478726,0.9321159,0.9245116,0.9364203,0.93560606,0.94651693,0.9447398,0.9359243,0.9302345,0.94926924,0.94851273,0.92494696,0.93546236,0.92051995,0.93819517,0.949195,0.9309797,0.9289271,0.9391384,0.93405193,0.93545574,0.95370185,0.9410744,0.9420792,0.9196394,0.9387484,0.9313282,0.82972974,0.9438404,0.88020366,0.9337527,0.93011636,0.95345765,0.92475873,0.93997604,0.92860025,0.93845606,0.94792527,0.9317572,0.94663596,0.93374646,0.93101096,0.94337624,0.94582796,0.93677115,0.9399868,0.9273993,0.9251628,0.9073692,0.91672945,0.9262403,0.93062663,0.93699956,0.92712784,0.9522059,0.93420845,0.96015215,0.9464424,0.92866284,0.9323583,0.94328094,0.9415149,0.92763186,0.9309571,0.9520443,0.92362607,0.9357471,0.9392142,0.93424565,0.8839344,0.9235223,0.93245554,0.9317366,0.9286795,0.93478864,0.915885,0.96015215,0.9262766,0.9467645,0.94754094,0.95882946
annabellemovie,0.950454,0.92749506,0.950856,0.94889486,0.9538545,0.94590586,0.94363123,0.944145,0.9715632,0.94244355,0.9423849,0.926629,1.0,0.9546678,0.948806,0.9550864,0.94028944,0.937018,0.94897145,0.9379309,0.9517067,0.92914146,0.95174354,0.95222324,0.9258802,0.8481014,0.9369088,0.9463501,0.93794197,0.9318816,0.9367456,0.9411655,0.92939353,0.9317703,0.9137473,0.90285414,0.9452316,0.9543422,0.95523983,0.9421927,0.94949543,0.95419663,0.93234664,0.94394577,0.95345205,0.9429384,0.9540056,0.9565665,0.9338736,0.9469121,0.948485,0.96199644,0.9428336,0.93614256,0.92763025,0.94272864,0.9278183,0.9560223,0.9512997,0.96341866,0.9548495,0.933766,0.9507836,0.9635565,0.94640094,0.9421027,0.9441784,0.9597435,0.9424265,0.9198412,0.9686122,0.75173515,0.9508165,0.94956803,0.92428774,0.9422558,0.8942578,0.949498,0.954751,0.9451398,0.93873346,0.94211096,0.9601988,0.9402225,0.9422145,0.94458574,0.9391292,0.9798135,0.9387841,0.94611174,0.946253,0.9686122,0.94211763,0.94911927,0.9332354,0.9305359,0.93787813,0.96248126,0.9420708,0.94170475,0.9188883,0.9342839,0.9250144,0.9481909,0.9208752,0.9427902,0.94890195,0.944577,0.92299783,0.9480706,0.9520918,0.80434155,0.948244,0.8729196,0.94575906,0.9403392,0.9551378,0.9340437,0.94490486,0.9458364,0.9590182,0.95244384,0.95095193,0.92602813,0.95207095,0.9501972,0.9638794,0.9410501,0.9582682,0.91091675,0.94488597,0.95213616,0.94707674,0.9117309,0.94566905,0.94238627,0.9352162,0.9525467,0.96089303,0.923362,0.9715632,0.9433757,0.9201894,0.93969303,0.9400649,0.94287443,0.9252346,0.9209019,0.9539209,0.92461413,0.9389876,0.9450019,0.9427416,0.8975804,0.9322557,0.950611,0.9478131,0.96268445,0.94494957,0.9351913,0.9715632,0.9597128,0.9462446,0.944539,0.9336519
annamovie,0.9590628,0.9351849,0.9595575,0.96200246,0.95474994,0.9559942,0.9580998,0.95817417,0.9777443,0.94842494,0.9577991,0.9367743,0.9546678,0.9999999,0.95707846,0.9562062,0.94773984,0.95307034,0.94884604,0.953014,0.9561171,0.94580364,0.96555555,0.95466834,0.9492887,0.8841943,0.9498474,0.9339547,0.9592717,0.9408759,0.9439943,0.9345223,0.9357973,0.9484121,0.9146181,0.91771,0.9630977,0.9305716,0.9500274,0.9498271,0.94601953,0.95872396,0.94334894,0.94078505,0.960736,0.94894075,0.9694752,0.9586864,0.95484525,0.9523039,0.9543372,0.966655,0.93317336,0.9423725,0.92888725,0.942262,0.9425105,0.9562623,0.9601505,0.9600818,0.9511771,0.9530648,0.95796037,0.97954506,0.96269053,0.9452489,0.94109225,0.9672228,0.94570965,0.9210902,0.9670476,0.75653946,0.9281743,0.95001274,0.9299459,0.94116914,0.8848032,0.9458799,0.9572196,0.94965917,0.93833333,0.9463875,0.9594907,0.937213,0.95221674,0.95857275,0.9530031,0.95123345,0.945156,0.95743066,0.95521307,0.9670476,0.9441338,0.95522434,0.95114523,0.9511568,0.94273996,0.9610967,0.9473463,0.968725,0.94061947,0.9487786,0.9384721,0.9645866,0.95420265,0.948735,0.95869714,0.9499797,0.92723286,0.955389,0.9536193,0.8021459,0.95129013,0.8850989,0.9484103,0.9385549,0.96331257,0.9459838,0.94953346,0.95307046,0.96413326,0.96538603,0.9650259,0.9522273,0.9502217,0.94984674,0.9559314,0.9408205,0.95834154,0.9313087,0.94389814,0.9519999,0.94548756,0.9352138,0.948956,0.94299376,0.9554585,0.95444727,0.96900994,0.95425266,0.9777443,0.95650417,0.9346688,0.94459826,0.9509464,0.9583694,0.9397095,0.9224867,0.95841056,0.9486992,0.9462438,0.9517585,0.9448656,0.9051228,0.95374566,0.9538881,0.94384944,0.9548144,0.94647074,0.93328696,0.9777443,0.9422664,0.96172947,0.966333,0.9502338
apollo11movie,0.94663846,0.9315895,0.96453893,0.9513954,0.94992805,0.9508411,0.9511946,0.94691306,0.97265625,0.94743127,0.9616423,0.921008,0.948806,0.95707846,1.0000005,0.95307404,0.95147276,0.9479093,0.9403585,0.9612265,0.9574,0.9425924,0.95057154,0.94738245,0.94873065,0.85285413,0.9347912,0.94237196,0.9521369,0.937072,0.94299567,0.9534767,0.9395736,0.95405686,0.9213306,0.91221327,0.93628395,0.9397065,0.9459181,0.94227064,0.944977,0.95221347,0.9308678,0.9343639,0.95481044,0.94870913,0.9576119,0.94423336,0.9646151,0.94496816,0.9537316,0.9634618,0.9410072,0.95612645,0.9174152,0.93553424,0.9359008,0.96046877,0.94434017,0.94995826,0.9417354,0.9424188,0.9519692,0.95952284,0.95061165,0.94987714,0.9241978,0.9645008,0.94561297,0.9273919,0.9624029,0.78234434,0.9328127,0.94287294,0.9287366,0.9462828,0.8891384,0.950943,0.9373596,0.9492191,0.9469581,0.95270866,0.95014584,0.92835987,0.9545858,0.9433925,0.9483053,0.9432537,0.9546442,0.9413858,0.9474162,0.9624029,0.94520736,0.95522463,0.9406543,0.9607282,0.93891996,0.96147823,0.9440932,0.94636667,0.93346727,0.9284304,0.94484854,0.95146453,0.9437021,0.953781,0.9592065,0.95136136,0.92395675,0.95095456,0.94652814,0.81826454,0.94793594,0.88396615,0.94900274,0.93716717,0.95310956,0.9483687,0.95251995,0.96125054,0.9553393,0.9591672,0.9462838,0.93640345,0.95740193,0.9401694,0.9364552,0.9391939,0.95066494,0.90199447,0.9490366,0.9379252,0.9498811,0.9127208,0.9456792,0.94191474,0.93885356,0.9591343,0.96646374,0.94521886,0.97265625,0.9589953,0.9397973,0.9420547,0.94664955,0.9428813,0.91885793,0.9330112,0.95811474,0.9335579,0.94401574,0.9461191,0.9537714,0.9169757,0.9532829,0.9476768,0.94189286,0.9487822,0.9396325,0.9390334,0.97265625,0.94403595,0.9493005,0.9487363,0.9378452
arcticdogsmovie,0.95488244,0.9550684,0.9573391,0.9650857,0.95746094,0.95124394,0.9671762,0.9500657,0.97897685,0.9525365,0.9647906,0.9553646,0.9550864,0.9562062,0.95307404,0.99999994,0.9519015,0.94381225,0.95371145,0.93432564,0.95017964,0.950632,0.9645813,0.95578605,0.95457655,0.86878365,0.947132,0.94780093,0.95871234,0.9562552,0.945156,0.92869693,0.92891616,0.9449086,0.92744887,0.9080425,0.95469546,0.95260507,0.96442944,0.9456299,0.94610465,0.9598607,0.94209605,0.95550424,0.96073437,0.95508635,0.96728504,0.9476879,0.9484735,0.95905834,0.9636945,0.9516149,0.9471839,0.9453242,0.94278485,0.9501519,0.95461917,0.9610108,0.94754833,0.96257395,0.9444236,0.93114984,0.9492454,0.9628918,0.93799394,0.962067,0.93454057,0.961486,0.94934124,0.9408681,0.96491045,0.76480746,0.94928426,0.9544162,0.93852454,0.9513026,0.9279087,0.95017236,0.958948,0.9555599,0.9494319,0.95659965,0.95526046,0.95019674,0.9618256,0.94966316,0.9574005,0.9598787,0.96043557,0.95501214,0.959522,0.96491045,0.9472353,0.9665846,0.9439969,0.9514399,0.94888425,0.9559158,0.96018004,0.9491062,0.94272274,0.93138003,0.93986034,0.9508169,0.95905966,0.9606888,0.9585724,0.9678232,0.95729476,0.95119625,0.9582521,0.8188853,0.9633386,0.87286913,0.9465635,0.94224113,0.96159756,0.9480537,0.95958006,0.9595855,0.96491486,0.9613309,0.9601661,0.9482792,0.9609293,0.95872915,0.9581362,0.94811267,0.9583769,0.9345984,0.9384028,0.9492339,0.9505851,0.93264085,0.9558085,0.9531554,0.94875705,0.9484761,0.9672246,0.9435329,0.97897685,0.9584485,0.9485065,0.96196115,0.95724046,0.94350797,0.9244348,0.94407403,0.9639132,0.93143976,0.96210504,0.9523017,0.95733994,0.9165764,0.9505059,0.95044225,0.9442929,0.96473473,0.95493084,0.94098353,0.97897685,0.9500232,0.9573841,0.957338,0.96112555
arcticmovie,0.9540099,0.9417216,0.9573496,0.9617365,0.95348406,0.9505959,0.9578767,0.955656,0.97581905,0.94495255,0.95526856,0.9301147,0.94028944,0.94773984,0.95147276,0.9519015,1.0000001,0.95765793,0.9437808,0.93493664,0.95242244,0.94416535,0.94731563,0.946676,0.952938,0.8661941,0.95535654,0.9745728,0.95075583,0.9349217,0.93268645,0.94354594,0.9191869,0.9372855,0.929615,0.8829728,0.9392792,0.94214636,0.9535933,0.9444638,0.929969,0.963049,0.94144404,0.9587328,0.96806705,0.94046575,0.9511187,0.94905883,0.95011693,0.95496035,0.95730114,0.9641005,0.94760555,0.95544577,0.93024856,0.93384737,0.9533185,0.9626888,0.94732577,0.944701,0.9528125,0.943732,0.9625266,0.956275,0.9419676,0.96507,0.9356687,0.956806,0.952587,0.9288786,0.9544845,0.7327251,0.9254316,0.958346,0.92680466,0.9381804,0.90421337,0.94406873,0.93815506,0.9574281,0.94540083,0.9387521,0.95253783,0.9264297,0.9403037,0.95699877,0.9543402,0.94901955,0.9640157,0.9536332,0.9537231,0.9544845,0.9529783,0.95909965,0.94222903,0.9381514,0.959348,0.95180434,0.95084846,0.9423382,0.92328876,0.9310131,0.944179,0.9556715,0.94343084,0.95697945,0.957065,0.94133425,0.93457353,0.9536014,0.96505904,0.8033243,0.96980345,0.83976156,0.9552174,0.95411867,0.9579302,0.94883454,0.9455365,0.95442754,0.9609917,0.9607805,0.96064883,0.9419196,0.95310545,0.9495188,0.9369948,0.9407348,0.95852137,0.9066299,0.93926466,0.95003605,0.9778023,0.9356109,0.95665765,0.9309621,0.94676393,0.9534997,0.953851,0.9386971,0.97581905,0.9537763,0.93600076,0.93918073,0.9493026,0.9455818,0.9079961,0.9469003,0.95501024,0.93766904,0.954875,0.9495463,0.93766874,0.928722,0.95053196,0.9464163,0.958167,0.9524875,0.96459883,0.9545044,0.97581905,0.9378497,0.94347924,0.9558636,0.9480267
artofracingmovie,0.951125,0.91189057,0.9687196,0.9578301,0.9721074,0.92957145,0.94897187,0.956614,0.9715702,0.9405198,0.9587611,0.9261193,0.937018,0.95307034,0.9479093,0.94381225,0.95765793,1.0000001,0.9389634,0.93423885,0.9483975,0.93626404,0.934439,0.9412357,0.9364616,0.8632402,0.95700705,0.95782673,0.9480782,0.9332022,0.93841213,0.9379097,0.9364629,0.94374543,0.91627014,0.88246685,0.94486475,0.9292691,0.9499176,0.9476699,0.93155533,0.94446254,0.94291425,0.93934846,0.950582,0.94357127,0.941219,0.9357346,0.9428017,0.93911004,0.95786726,0.95520127,0.93159485,0.94531834,0.9283411,0.9495869,0.938918,0.95264137,0.9484889,0.9377734,0.9384293,0.94259095,0.94330513,0.96027756,0.92347294,0.9406587,0.93774045,0.9524382,0.9503581,0.92114055,0.9471159,0.74628645,0.9367357,0.9413423,0.92138714,0.9423059,0.8882866,0.93392164,0.9448325,0.95078516,0.9266799,0.93041956,0.94441295,0.92460734,0.9515559,0.9527866,0.9440782,0.94232523,0.9495329,0.9563295,0.9450694,0.9471159,0.9484891,0.95112854,0.9456411,0.93695176,0.9458334,0.94712245,0.9418566,0.93331707,0.92586577,0.92481565,0.9464442,0.94221836,0.93156666,0.95701367,0.9448063,0.9379232,0.93078417,0.943593,0.95246375,0.78927064,0.95339864,0.8441441,0.9417661,0.93927366,0.9578247,0.93244356,0.94179785,0.9465165,0.9504029,0.95114446,0.9615763,0.9299811,0.9525366,0.93523407,0.93950796,0.94798523,0.9572733,0.91437954,0.9563394,0.9551359,0.9584036,0.9360499,0.94814473,0.9423213,0.9409152,0.9467562,0.9474131,0.952194,0.9715702,0.9454595,0.9271505,0.93579805,0.93413883,0.94495285,0.91147363,0.93061924,0.94971013,0.9415316,0.9456285,0.9608168,0.93960094,0.9267565,0.9371626,0.94573253,0.93466145,0.9497581,0.9574124,0.93930715,0.9715702,0.94285786,0.9424575,0.94618523,0.9444119
avengers,0.9763251,0.9464762,0.9449729,0.95960313,0.95750624,0.95047706,0.95164096,0.9546756,0.9703952,0.93793404,0.94258046,0.92672575,0.94897145,0.94884604,0.9403585,0.95371145,0.9437808,0.9389634,0.99999946,0.93323624,0.9467426,0.9315005,0.95569366,0.9542068,0.9435608,0.8571755,0.9426899,0.9426735,0.9460647,0.93611246,0.9681141,0.92381614,0.9195821,0.94184893,0.90130967,0.8970616,0.9446911,0.94970083,0.9476674,0.93757117,0.9480877,0.94560534,0.93453753,0.9435118,0.9492565,0.94177854,0.9558667,0.9516651,0.933777,0.94442505,0.94917995,0.94451433,0.95202166,0.9381533,0.942677,0.93263036,0.9342086,0.95340306,0.96504456,0.9497536,0.9524245,0.94087917,0.9456776,0.95206004,0.93218535,0.9476545,0.9406361,0.93535626,0.9399302,0.92763895,0.95541245,0.7303945,0.94135827,0.9542333,0.9270532,0.94296104,0.8975079,0.9559978,0.9542175,0.9454733,0.9295327,0.9318692,0.95912784,0.9254082,0.93609643,0.95471615,0.9362612,0.9432863,0.9505321,0.9439818,0.9418079,0.95541245,0.9298379,0.9527388,0.9313877,0.92663276,0.9415094,0.9491778,0.9549228,0.9414782,0.9265104,0.9391534,0.9345543,0.9450263,0.93549734,0.9445339,0.94535655,0.9408165,0.92541796,0.93710464,0.95883083,0.8101459,0.94946015,0.85406435,0.9318241,0.94829607,0.9651651,0.93627954,0.94738525,0.95011365,0.9524389,0.9450043,0.9562082,0.93635994,0.9436068,0.9618682,0.94971734,0.9533746,0.9507063,0.91997856,0.9536363,0.94842863,0.9494327,0.9104058,0.95190555,0.94457054,0.94578904,0.9410943,0.9508337,0.9334548,0.9703952,0.9498008,0.9225494,0.931843,0.95224255,0.9335878,0.916964,0.92243433,0.95074826,0.9348229,0.9352182,0.9549125,0.9469074,0.92278427,0.9418532,0.95013356,0.944046,0.9513063,0.954301,0.9305768,0.9703952,0.9268496,0.9569365,0.94473684,0.9384935
beachbummovie,0.93278915,0.91861236,0.945913,0.9417749,0.9366853,0.93054074,0.9346203,0.9351521,0.9610327,0.93128055,0.93641245,0.9059593,0.9379309,0.953014,0.9612265,0.93432564,0.93493664,0.93423885,0.93323624,0.9999998,0.9460289,0.9218036,0.9468482,0.9340312,0.9308027,0.8634648,0.9175645,0.9236331,0.942279,0.9268888,0.94177705,0.9234231,0.93480563,0.93676853,0.8938283,0.87602705,0.93130416,0.91446525,0.936482,0.92695355,0.92141867,0.94145364,0.92444795,0.9250466,0.9461781,0.9489257,0.9562389,0.9322714,0.94546854,0.9327075,0.94264305,0.94718117,0.92036897,0.94369066,0.9094016,0.90803117,0.91939515,0.9493789,0.949584,0.94524556,0.93976074,0.93363184,0.95175874,0.94729245,0.9467065,0.9226752,0.92143875,0.9490681,0.9322694,0.925096,0.9575808,0.7638517,0.9013544,0.9283876,0.9161415,0.93009967,0.8655406,0.93788904,0.9381355,0.94125086,0.92942804,0.9351898,0.9527782,0.90759677,0.9267755,0.9423595,0.92824066,0.9367866,0.93918324,0.9352586,0.951525,0.9575808,0.93707526,0.9418614,0.933469,0.9298745,0.94411105,0.97127134,0.94435704,0.9434504,0.9179379,0.9364772,0.93073046,0.9585594,0.9364528,0.9407238,0.9486564,0.9242457,0.9039867,0.9386794,0.9405564,0.8130767,0.94385284,0.86530375,0.94317,0.92957795,0.93835735,0.9290004,0.93317324,0.9380296,0.9583669,0.95040315,0.9438205,0.92270684,0.9421247,0.9399625,0.9223271,0.9405883,0.9405212,0.89330184,0.93738455,0.93821776,0.9431402,0.9104267,0.9344282,0.9247948,0.9417242,0.93685526,0.9575654,0.9426264,0.9610327,0.9488164,0.9148841,0.91498786,0.9438917,0.9304932,0.90431464,0.9081249,0.9384132,0.91909796,0.92961097,0.94491345,0.9279513,0.90395236,0.94298875,0.95198,0.9379893,0.94079757,0.92911094,0.9212875,0.9610327,0.92363787,0.9371608,0.944241,0.9316915
bernadettefilm,0.94835186,0.93014824,0.96731716,0.94094455,0.9595122,0.94534385,0.95200855,0.9553299,0.9758806,0.9448732,0.9606515,0.9302965,0.9517067,0.9561171,0.9574,0.95017964,0.95242244,0.9483975,0.9467426,0.9460289,0.99999976,0.93604743,0.95528376,0.96071374,0.94549084,0.8860713,0.9365588,0.9494769,0.9526541,0.9501255,0.9468471,0.9445314,0.94091123,0.9511782,0.9207904,0.9118252,0.9483189,0.941822,0.95402503,0.9491598,0.94861495,0.9614199,0.9385763,0.93860984,0.9560147,0.95322555,0.9551361,0.955021,0.95322,0.94713223,0.9547553,0.9622174,0.93665344,0.95954657,0.9315622,0.93600535,0.94189924,0.9616448,0.9473412,0.9505371,0.95382506,0.93928874,0.9631349,0.95639503,0.9530499,0.95157015,0.9334935,0.96652967,0.94638634,0.9242463,0.9600311,0.76023394,0.9370313,0.9573916,0.9130369,0.93978536,0.879103,0.9549973,0.9468077,0.9548649,0.94782543,0.9513085,0.9624612,0.9344706,0.94055444,0.94574815,0.93586004,0.95804423,0.94818217,0.9576734,0.9554986,0.9600311,0.9414217,0.950928,0.9496322,0.93458873,0.9443272,0.9614759,0.95149404,0.94502103,0.9336648,0.9449599,0.94687015,0.9661984,0.93690956,0.95404994,0.95607513,0.9396998,0.9274086,0.94959134,0.9569207,0.7951739,0.94619024,0.87792087,0.9607168,0.95830745,0.96203995,0.9407374,0.95690095,0.95346063,0.96429825,0.96273714,0.95692605,0.93648535,0.96125984,0.93875057,0.95413077,0.9501948,0.9550439,0.90992665,0.9675732,0.95071095,0.9512466,0.9229422,0.9426619,0.9530206,0.9423792,0.95803714,0.96715295,0.93692255,0.9758806,0.9501836,0.9318069,0.93605256,0.95088327,0.9519298,0.91991585,0.93111056,0.95423245,0.93659735,0.9456902,0.9578755,0.94769037,0.9121041,0.94000393,0.9504447,0.94839275,0.94585484,0.94351935,0.9442695,0.9758806,0.94758284,0.9532998,0.95715976,0.947598
