movie,21bridgesmovie,47metersdown,abeautifuldaymovie,abominablemovie,adastramovie,adogsjourneymovie,aftermathmovie,aftermovie,ahiddenlifefilm,alitamovie,angelhasfallen,angrybirdsmovie,annabellemovie,annamovie,apollo11movie,arcticdogsmovie,arcticmovie,artofracingmovie,avengers,beachbummovie,bernadettefilm,blackandbluemovie,blackchristmas,blindedbythelightmovie,bombshellmovie,booksmart,breakthroughmovie,brianbanksmovie,brightburnmovie,brittanyrunsmov,captainmarvelofficial,captivestatemovie,catsmovie,charliesangels,childsplaymovie,clarathefilm,coldpursuitmovie,countdown,currentwarmovie,darkwatersmovie,detectivepikachumovie,disneyaladdin,disneyfrozen,disneymaleficent,doctorsleepmovie,dolemiteismyname,dontletgomovie,doramovie,downtonabbey_official,dumbo,escaperoom,everybodyknowsmovie,fastandfuriousmovie,fightingwmyfam,fivefeetapartfilm,fordvferrari,freaksthefilm,geminimanmovie,glassmovie,gloriabellmovie,godzillamovie,goldfinchmovie,goodboysmovie,goodliarmovie,gretafilm,halathemovie,happydeathdaymovie,harrietfilm,hellboymovie,hersmellmovie,highlifemovie,highstrungmovie,honeyboymovie,hotelmumbaifilm,httydragon,hustlemovie,hustlersmovie,isntitromantic,itmovieofficial,jayandsilentbob,johnwickmovie,jojorabbitmovie,jokermovie,judythefilm,jumanjimovie,justmercyfilm,knivesout,lalloronamovie,lastblackmansf,lastchristmasthemovie,latenightmovie,lighthousemovie,lionking,littlethemovie,littlewomenmovie,littlewoodsfilm,longshotmovie,lordsofchaosmovie,lucyintheskyfilm,mamovie2019,marriagestory,meettheaddams,meninblack,midsommarmovie,midwaymovie,missbalamovie,missinglinkfilm,motherlessbklyn,onceinhollywood,onthebasisofsex,overcomermovie,peanutbutterfalcon,petsematarymovie,piercingmovie,playingwithfire,playmobilthemovie,pomsmovie,queenandslim,rambomovie,readyornotfilm,richardjewellfilm,rocketmanmovie,scarystoriesmovie,secretlifeofpets,serenityfilm,shaftmovie,shazammovie,spidermanmovie,spiesindisguise,starwars,stormboymovie,stubermovie,taosdfilm,teenspiritmov,terminator,theaeronautsmov,thebestofenemies,thedeaddontdie,thefarewell,thehighwaymen,thehummingbirdprojectfilm,theintrudermovie,theirishmanfilm,thekitchenmovie,thelegomovie,themustangfilm,thenightingalefilm,theprodigymovie,thesunisalsoastar,theupsidefilm,tolkienmovie,toystory,triplefrontier,uglydolls,uncutgems,underthesilverlake,usmovie,wavesmovie,whatmenwant,wonderparkmovie,wrinklestheclown,xmenmovies,yardiefilm,yesterdaymovie,zombieland
21bridgesmovie,1.0,0.9388346,0.9590998,0.9446983,0.9626963,0.9270625,0.950777,0.9374999,0.974687,0.9471812,0.948122,0.94123423,0.9471031,0.9573874,0.96666706,0.95147645,0.9572264,0.9529432,0.9660559,0.9599686,0.9410396,0.9475356,0.96566993,0.9466981,0.93548244,0.85492915,0.93968713,0.94783485,0.95432675,0.9561869,0.93138057,0.9635848,0.94956493,0.9518814,0.9430094,0.90834826,0.9546147,0.96827626,0.9603414,0.9428694,0.9337161,0.94770825,0.92334574,0.9547352,0.9632661,0.9521608,0.96234185,0.948623,0.93570745,0.95275414,0.9566102,0.9692293,0.9388977,0.93512493,0.94530135,0.96139234,0.96207917,0.94303256,0.95498455,0.96324056,0.934097,0.9441983,0.9448183,0.9560695,0.9502407,0.93885577,0.95607275,0.96020913,0.954007,0.9639827,0.95841265,0.72274464,0.94823533,0.94260746,0.95525813,0.9473895,0.878978,0.94868284,0.95215666,0.95778435,0.9593992,0.9426363,0.958572,0.9433038,0.96123475,0.9389264,0.94006187,0.9430407,0.9524966,0.9422513,0.944413,0.95841265,0.94734174,0.94878316,0.95568925,0.9492496,0.9458112,0.95598865,0.9409774,0.95789784,0.9633926,0.9102792,0.937953,0.95418704,0.95360774,0.9525947,0.9476525,0.9482434,0.9530648,0.9401641,0.95586,0.8242144,0.9545132,0.8890824,0.9546766,0.97271824,0.9883531,0.9443041,0.947739,0.9426147,0.96572113,0.94664943,0.96504647,0.9363957,0.93852144,0.9543553,0.9558446,0.9513829,0.95878476,0.90992004,0.93942374,0.94289035,0.9548742,0.92165834,0.9475558,0.96082264,0.97150505,0.9612428,0.96720874,0.9593304,0.974687,0.95329654,0.923865,0.9596478,0.9370412,0.9515305,0.92883456,0.9470615,0.9525278,0.96900207,0.9599092,0.9676082,0.9467054,0.9569814,0.9390677,0.9447759,0.94865686,0.94753844,0.93434197,0.9529008,0.974687,0.94301564,0.95917076,0.9470374,0.95445
47metersdown,0.9388346,0.9999997,0.95621765,0.96286494,0.941986,0.94176936,0.9600834,0.9413999,0.97540104,0.94785976,0.9572843,0.9479129,0.9545962,0.96477926,0.961876,0.96074814,0.94961643,0.9524521,0.93660015,0.9526671,0.95831484,0.9319586,0.96552134,0.9624092,0.9415134,0.8405464,0.93016803,0.93518734,0.9588871,0.9621549,0.9462196,0.9457824,0.9439116,0.9556785,0.93233305,0.90380865,0.94917786,0.93820256,0.9600825,0.9398594,0.9542281,0.938549,0.9141778,0.94188243,0.9616783,0.94702095,0.9577469,0.94316286,0.9343839,0.9432688,0.9538769,0.9578172,0.95144224,0.9403368,0.9245666,0.9545372,0.94160354,0.9619862,0.9613439,0.95474726,0.95649886,0.94857246,0.9429347,0.9625539,0.9487302,0.93212867,0.9403021,0.95792323,0.9562757,0.93747085,0.9574001,0.7192584,0.9507977,0.94869995,0.94658625,0.94735646,0.8452635,0.95830625,0.9508786,0.942666,0.9456601,0.95103806,0.9592751,0.94076353,0.9565508,0.9493814,0.93718773,0.9485072,0.94806284,0.9503747,0.9472181,0.9574001,0.95064604,0.95064205,0.9502797,0.9509228,0.9575745,0.95419276,0.94093186,0.9599211,0.95132303,0.90690583,0.9379516,0.95351666,0.974854,0.9550225,0.95132256,0.9560076,0.95741713,0.93469214,0.96460915,0.80154145,0.95684826,0.8934178,0.9618507,0.94384605,0.9423063,0.9396768,0.9424773,0.95361644,0.9517479,0.95700777,0.94967073,0.9462986,0.953591,0.9528444,0.951554,0.94624346,0.9496879,0.89146775,0.94560575,0.9220759,0.95403224,0.9097682,0.96298283,0.9628895,0.9301346,0.94585055,0.9601702,0.95202875,0.97540104,0.94663495,0.9373271,0.9626998,0.9476417,0.9545856,0.9418868,0.9335998,0.9563948,0.94431823,0.95668846,0.94754726,0.9401374,0.8957845,0.9499554,0.9517179,0.9582024,0.95896024,0.9438854,0.94692725,0.97540104,0.92489946,0.9579038,0.95621365,0.9500431
abeautifuldaymovie,0.9590998,0.95621765,1.0000001,0.95457023,0.96643996,0.9553945,0.95885813,0.94953823,0.97976494,0.9594,0.9580717,0.9491777,0.96082944,0.96237653,0.96541303,0.94908273,0.96049386,0.959917,0.94602627,0.9614057,0.96056813,0.9533723,0.96786314,0.966967,0.94079995,0.8495263,0.94468796,0.93962765,0.97241086,0.95900357,0.9494538,0.96981704,0.9525892,0.9626384,0.9409777,0.9043021,0.94992745,0.95823723,0.96006745,0.95698184,0.95822054,0.9530995,0.9286563,0.957892,0.96306854,0.9491113,0.9660245,0.9609833,0.95957637,0.95700955,0.96992147,0.97790736,0.94925123,0.93820876,0.95312375,0.9595542,0.9590567,0.9611707,0.9624773,0.96800435,0.9537192,0.94971836,0.9502878,0.95287955,0.967505,0.9417709,0.9462917,0.97365206,0.9539066,0.9539739,0.9689503,0.72430205,0.94646746,0.94320554,0.9417175,0.9445076,0.86003345,0.9474521,0.9604419,0.95312417,0.9493695,0.9555141,0.9611868,0.9563507,0.96375895,0.9523563,0.9346399,0.95917034,0.9398939,0.9561238,0.94318557,0.9689503,0.9474434,0.95738554,0.9729088,0.9492502,0.9534102,0.9527476,0.94118285,0.9585308,0.95443887,0.92942137,0.9582832,0.96983457,0.96014214,0.96547353,0.95859057,0.9501362,0.9614219,0.9458833,0.9705443,0.8290378,0.9656172,0.9033523,0.9531136,0.9521956,0.95889527,0.93629664,0.9470418,0.95774674,0.95318204,0.953234,0.95962584,0.9517877,0.9523851,0.9621565,0.9612353,0.9520896,0.95786715,0.88954306,0.95070624,0.9399766,0.953673,0.9203356,0.96370906,0.9621183,0.9498314,0.9715853,0.97066355,0.9568942,0.97976494,0.96009374,0.938861,0.9554617,0.9338005,0.97060585,0.94835913,0.94389415,0.9546306,0.9534693,0.961339,0.9749271,0.94761026,0.92644435,0.94545674,0.96199095,0.9593418,0.95351464,0.94299674,0.95412344,0.97976494,0.9566398,0.96092683,0.9661814,0.95858705
abominablemovie,0.9446983,0.96286494,0.95457023,0.9999997,0.95322114,0.9500331,0.9439277,0.9367706,0.971446,0.94090706,0.95510966,0.94216883,0.9486186,0.96440977,0.95967144,0.95343775,0.94620323,0.94683945,0.9471536,0.95646954,0.94080937,0.93995124,0.9543125,0.96360725,0.9286244,0.8355402,0.93341076,0.9335615,0.95973593,0.96230334,0.94775164,0.9461619,0.94214267,0.94693613,0.9248949,0.9190579,0.93865454,0.9420398,0.95423526,0.92369974,0.9379364,0.94996136,0.90785676,0.9429449,0.9428537,0.9466186,0.9522943,0.9495133,0.93718284,0.9469504,0.9620244,0.9531177,0.9288019,0.9170465,0.93206406,0.95866156,0.94716275,0.9609712,0.963691,0.9493,0.9421618,0.95970315,0.9354983,0.9666196,0.94879675,0.9483859,0.9354068,0.9444178,0.9490561,0.9302383,0.95316744,0.71902895,0.9425785,0.94504803,0.95118,0.9226032,0.8483779,0.93591803,0.9647838,0.9394951,0.9458932,0.9446029,0.9627584,0.9414211,0.9443556,0.9500832,0.9451714,0.93453693,0.9306684,0.9509671,0.9459218,0.95316744,0.94623655,0.9409328,0.94607455,0.95404005,0.9549299,0.9464107,0.9392886,0.943175,0.9438506,0.91268617,0.9337967,0.9450729,0.95313287,0.9543771,0.9486415,0.9584809,0.9432611,0.9304753,0.9529482,0.8034281,0.94626385,0.90201867,0.9289409,0.92857146,0.94633186,0.94000036,0.94144523,0.93863976,0.946138,0.9496641,0.94602656,0.943534,0.94096607,0.9411192,0.9558835,0.94898677,0.94683915,0.89157915,0.94200724,0.9082597,0.93478763,0.90631557,0.9599808,0.9606457,0.9351326,0.94424707,0.95237225,0.94860333,0.971446,0.9594233,0.9335075,0.96451414,0.93392956,0.9401276,0.9388652,0.9421619,0.95860046,0.9322618,0.94636667,0.9489356,0.9537613,0.893995,0.93565446,0.94129366,0.9516206,0.9564607,0.93006456,0.9366304,0.971446,0.94043463,0.96051407,0.9610738,0.9560144
adastramovie,0.9626963,0.941986,0.96643996,0.95322114,1.0,0.94069636,0.9590146,0.94073606,0.9782082,0.96361274,0.9445929,0.9537953,0.9552422,0.9602056,0.96316767,0.93870074,0.95197856,0.96660423,0.95518595,0.96326035,0.945464,0.9515433,0.96381366,0.95917296,0.941041,0.87446064,0.95334506,0.94690245,0.96401334,0.9451771,0.9538448,0.96161616,0.94835085,0.9490131,0.946378,0.9031128,0.95486295,0.9559479,0.9567501,0.93828356,0.94536024,0.9556244,0.9296767,0.9586499,0.9595806,0.9643792,0.9696322,0.96771353,0.94245213,0.95282,0.9674356,0.9620932,0.9438787,0.94084466,0.9473191,0.9731443,0.9600889,0.96074337,0.9502438,0.9640421,0.9370312,0.9526629,0.9530599,0.9569014,0.95393443,0.9481618,0.949922,0.95013,0.94761914,0.94820744,0.96198434,0.7277034,0.94992316,0.9477162,0.9509776,0.9417978,0.8512056,0.9441532,0.96320117,0.9448928,0.94563514,0.95768297,0.959892,0.9548709,0.95967305,0.9561234,0.9345491,0.9559397,0.9397496,0.9594493,0.94274914,0.96198434,0.9494279,0.9556486,0.9619278,0.9521736,0.95648354,0.9489752,0.93880606,0.9490064,0.967773,0.93756,0.95282406,0.9571511,0.9499214,0.9637056,0.9600398,0.9484157,0.95096534,0.94107515,0.96088433,0.8176662,0.9617871,0.8937144,0.9417329,0.9422462,0.9637258,0.9393506,0.9558341,0.95626867,0.95691174,0.9558892,0.95425844,0.94449186,0.9436193,0.9546361,0.9706007,0.95687866,0.9703132,0.91188735,0.94222534,0.9612342,0.9517923,0.9329217,0.95975995,0.9483319,0.9471807,0.9610711,0.97077256,0.9635717,0.9782082,0.9648837,0.9477778,0.95051575,0.9206963,0.95493567,0.93985367,0.9464995,0.9550075,0.9618462,0.952671,0.9588505,0.9613209,0.93719983,0.94990337,0.95137274,0.9554359,0.9563574,0.94792485,0.9408949,0.9782082,0.96176535,0.968864,0.95415974,0.95734143
adogsjourneymovie,0.9270625,0.94176936,0.9553945,0.9500331,0.94069636,0.99999994,0.93319577,0.95264596,0.9637689,0.9247746,0.94834846,0.9524686,0.93649614,0.9508187,0.9472421,0.9365276,0.9515223,0.93420666,0.92981404,0.9443664,0.9423326,0.9395427,0.95885193,0.93722254,0.93731225,0.8324462,0.9270521,0.931656,0.9506487,0.9550564,0.93775916,0.96192884,0.94181246,0.92493165,0.9301933,0.9091002,0.92862535,0.93806165,0.94209826,0.9351941,0.93229663,0.94172287,0.93071795,0.932212,0.94532704,0.9380345,0.9560411,0.9378213,0.9652089,0.938093,0.94885224,0.9694385,0.9278268,0.9052657,0.9436772,0.9474722,0.9325201,0.95497984,0.9450757,0.95219725,0.94392556,0.9400741,0.93512434,0.9326268,0.96071035,0.9393599,0.9294,0.95967895,0.9284569,0.9472607,0.95459086,0.77473295,0.93594784,0.93845844,0.9470674,0.91984415,0.8858435,0.9284285,0.93984985,0.9520113,0.9405077,0.92810965,0.944583,0.9409998,0.944425,0.94098276,0.9327992,0.92105365,0.9420096,0.94643164,0.93431795,0.95459086,0.9227364,0.9391691,0.95179737,0.95340395,0.93664604,0.94646275,0.92234147,0.95159656,0.9357821,0.91914064,0.9422576,0.94675124,0.9352372,0.9407885,0.9465334,0.9373199,0.9373557,0.9457605,0.95678496,0.8014749,0.940362,0.9178309,0.9323117,0.9257835,0.9355814,0.9353957,0.94957745,0.92504436,0.9383631,0.9383986,0.9503489,0.9581111,0.9354079,0.94025993,0.94309026,0.93851626,0.94010663,0.89186984,0.9411642,0.92161655,0.94066757,0.885445,0.94131744,0.9479744,0.93738955,0.949871,0.95247036,0.9371752,0.9637689,0.94141483,0.92743033,0.94728464,0.9309174,0.95017076,0.92264444,0.935789,0.93198323,0.9289728,0.9394635,0.94192165,0.9483992,0.91472363,0.9465431,0.9445311,0.95912147,0.94831026,0.9270773,0.92455727,0.9637689,0.9363414,0.9519293,0.968401,0.9343142
aftermathmovie,0.950777,0.9600834,0.95885813,0.9439277,0.9590146,0.93319577,0.99999994,0.9397936,0.97958916,0.9580268,0.9515798,0.946364,0.9724692,0.95818686,0.9706343,0.94588584,0.9421598,0.9586231,0.95033395,0.95356345,0.95081365,0.942421,0.9655039,0.9645921,0.94159275,0.822578,0.9419209,0.9354114,0.959283,0.95566857,0.9576553,0.96478444,0.9449855,0.9453786,0.93297505,0.89814675,0.96633446,0.94258606,0.96365243,0.9629332,0.9586582,0.95146036,0.9249582,0.96163714,0.96235,0.9520851,0.9617924,0.952054,0.9416527,0.958302,0.95968676,0.9647427,0.9541009,0.95140076,0.92581445,0.9587378,0.9608077,0.96135294,0.962671,0.95263636,0.9551961,0.94986814,0.96052027,0.95422494,0.9586708,0.94013244,0.95174366,0.9614093,0.9562312,0.93491143,0.9510299,0.7130216,0.94750714,0.94854766,0.9439967,0.95499283,0.83198583,0.958728,0.9518859,0.95720136,0.9553375,0.9757749,0.96653855,0.9578997,0.96331686,0.9533555,0.9281526,0.96233666,0.93561924,0.95646834,0.95167154,0.9510299,0.9408964,0.95997643,0.959257,0.95409685,0.96422386,0.948932,0.972441,0.9574867,0.95682544,0.9298937,0.94175494,0.9579039,0.9597803,0.96093,0.96643245,0.9469019,0.9523978,0.9327466,0.9666198,0.81986916,0.9639563,0.8879378,0.95867205,0.9444594,0.94915295,0.9253224,0.95964384,0.9891863,0.9605156,0.9588478,0.9460529,0.939254,0.96084136,0.9543867,0.956415,0.946156,0.9573439,0.89822686,0.9579003,0.93806565,0.9511563,0.91617996,0.97045416,0.96238166,0.934046,0.9434811,0.9599532,0.95397276,0.97958916,0.95358175,0.9319265,0.94946396,0.9326713,0.96083206,0.94316715,0.9316042,0.96406764,0.9651358,0.9834033,0.9528814,0.9474873,0.92761564,0.95464236,0.94683594,0.96131855,0.9522155,0.9526898,0.95867574,0.97958916,0.9495176,0.95532584,0.95671654,0.9522565
aftermovie,0.9374999,0.9413999,0.94953823,0.9367706,0.94073606,0.95264596,0.9397936,0.9999998,0.96299565,0.94121814,0.9421317,0.94391924,0.9319816,0.94224036,0.93986803,0.9385533,0.94965386,0.9389012,0.9421071,0.94270515,0.944248,0.94192874,0.9552473,0.95826644,0.94793695,0.82254606,0.9370666,0.9363957,0.94280034,0.94964486,0.9442023,0.95911705,0.9527579,0.91751593,0.9388688,0.8988662,0.9386121,0.9261272,0.9460517,0.9437194,0.9372844,0.946243,0.92284006,0.9525322,0.94443095,0.94909996,0.95624226,0.96391094,0.93820757,0.9515942,0.9527087,0.9666384,0.935511,0.9145932,0.9327571,0.95283765,0.9519298,0.9530354,0.94835216,0.94438004,0.94551617,0.93656754,0.9347111,0.9381731,0.9520939,0.9428939,0.9326097,0.9492381,0.93244874,0.92156154,0.945879,0.7391581,0.94391847,0.940653,0.939185,0.9327204,0.86123073,0.939659,0.9381188,0.95935076,0.9319358,0.9225837,0.9550809,0.9530229,0.93972015,0.9389616,0.9246613,0.93517077,0.9451784,0.9532331,0.9425487,0.945879,0.9347161,0.930276,0.946695,0.9428761,0.9389696,0.9474224,0.92430115,0.9376865,0.9392073,0.92566794,0.9398157,0.94113964,0.94505996,0.9478295,0.94639283,0.94024575,0.9493109,0.94776684,0.96161216,0.79838115,0.94148016,0.89672774,0.93031704,0.92200845,0.9356965,0.94280493,0.9560946,0.9327579,0.9448248,0.94906485,0.93862236,0.93526614,0.94163215,0.9437683,0.9418329,0.93872863,0.9411112,0.89540696,0.93859905,0.9265206,0.9612754,0.8983246,0.9412194,0.94076586,0.921347,0.9569127,0.9470764,0.9528699,0.96299565,0.93825173,0.92941046,0.94118905,0.93629175,0.95467925,0.9190833,0.9237039,0.9334045,0.9344866,0.9427306,0.9440304,0.94559956,0.9143463,0.9397914,0.93294567,0.9530718,0.9439318,0.9412189,0.9310612,0.96299565,0.930188,0.96731967,0.9592458,0.9330511
ahiddenlifefilm,0.974687,0.97540104,0.97976494,0.971446,0.9782082,0.9637689,0.97958916,0.96299565,0.99999976,0.96748394,0.97377104,0.9694366,0.9714704,0.979136,0.9833513,0.970946,0.97994727,0.9714436,0.9680473,0.97716707,0.9725738,0.97299945,0.9808163,0.97649056,0.9625878,0.8628515,0.9576324,0.9685259,0.9819298,0.9746149,0.9698676,0.97954255,0.9661278,0.9687333,0.964069,0.93555105,0.975978,0.97107023,0.9784435,0.9669117,0.9650912,0.9727948,0.9523882,0.97776484,0.9808847,0.97492516,0.97995865,0.9741693,0.9646891,0.97770524,0.98226285,0.98793536,0.96724194,0.95949805,0.96211255,0.97922933,0.97399044,0.97875655,0.9796184,0.9790394,0.9654811,0.9729555,0.97023576,0.9746844,0.97913015,0.9676762,0.9674733,0.9769916,0.9740975,0.963674,0.9788452,0.75748324,0.97229934,0.97261983,0.9740798,0.96197116,0.88636154,0.96823066,0.975388,0.97234356,0.97438306,0.968953,0.98143625,0.9739111,0.97547936,0.97221017,0.95346636,0.96798706,0.96935326,0.97759837,0.9732741,0.9788452,0.9675831,0.97305226,0.9796159,0.974768,0.9782426,0.9735467,0.9674582,0.9758247,0.9809903,0.94921863,0.96277505,0.9752131,0.9778148,0.98105085,0.9767384,0.9736493,0.97199786,0.96677184,0.98465925,0.84473795,0.9834488,0.9183792,0.9761511,0.9664556,0.97750103,0.97140145,0.9750589,0.9727608,0.97537845,0.97869444,0.97937536,0.9635271,0.96642035,0.97332585,0.9789182,0.9731785,0.97399706,0.9259456,0.9690322,0.950769,0.97443515,0.9404456,0.9803512,0.97920847,0.9685797,0.9750849,0.9845197,0.9762834,0.99999976,0.9783297,0.95977855,0.9771673,0.9543986,0.9754948,0.96351385,0.9645527,0.9779545,0.97716284,0.9793297,0.9762946,0.9734006,0.9429898,0.96755415,0.97112876,0.97654593,0.975384,0.96492505,0.96869576,0.99999976,0.95960724,0.9825767,0.9760811,0.9726628
alitamovie,0.9471812,0.94785976,0.9594,0.94090706,0.96361274,0.9247746,0.9580268,0.94121814,0.96748394,1.0,0.93656063,0.93358386,0.9442039,0.95176464,0.9539541,0.93539226,0.946381,0.9603357,0.95603627,0.9461583,0.9472831,0.9506579,0.95768416,0.9597753,0.93454444,0.8519754,0.95272285,0.9353479,0.95409465,0.94638056,0.9503898,0.95867276,0.94760567,0.9425757,0.94055307,0.89490116,0.95042515,0.932196,0.9410172,0.93974876,0.9472596,0.95643264,0.9165231,0.95130455,0.9530278,0.9548454,0.95780694,0.94964707,0.9249615,0.9511483,0.9609446,0.95743144,0.9480748,0.9366829,0.94027096,0.9616588,0.9628309,0.9552169,0.94907165,0.947337,0.94337714,0.9366029,0.9409128,0.945504,0.9474292,0.9374446,0.9410911,0.9517404,0.9341279,0.93034834,0.9482878,0.68074566,0.9375644,0.9431918,0.9429363,0.94217914,0.83447987,0.9399731,0.9426783,0.9362166,0.9343883,0.947345,0.9539409,0.9508736,0.95775443,0.948035,0.91723907,0.95143044,0.92880726,0.9445558,0.9379293,0.9482878,0.9361699,0.9473118,0.9550615,0.9418653,0.950286,0.94255716,0.9332888,0.9455164,0.95506006,0.91345006,0.93297696,0.9416538,0.96115965,0.96079475,0.94878316,0.9453712,0.9586862,0.93210155,0.95963013,0.81880575,0.9444134,0.89060205,0.9365927,0.9280063,0.9412681,0.92943025,0.9541347,0.95798206,0.9458829,0.95156294,0.9468122,0.94937676,0.94242215,0.9408606,0.95077586,0.94831127,0.95749027,0.89382213,0.93756366,0.9448909,0.9471172,0.8882921,0.95379895,0.94550884,0.91658694,0.95450974,0.9585413,0.9650898,0.96748394,0.96331286,0.9464862,0.9449089,0.9186568,0.9463673,0.9369265,0.92467016,0.9450979,0.95565313,0.95425713,0.94579655,0.9552291,0.93592817,0.9311892,0.9302792,0.94766474,0.94389087,0.93540853,0.93196654,0.96748394,0.93641347,0.96113944,0.95359623,0.94920963
angelhasfallen,0.948122,0.9572843,0.9580717,0.95510966,0.9445929,0.94834846,0.9515798,0.9421317,0.97377104,0.93656063,0.99999994,0.94911796,0.95307773,0.94932,0.96501386,0.9526359,0.9509906,0.9410177,0.9490766,0.95671695,0.95236605,0.94400287,0.9497509,0.9557745,0.9337143,0.8099291,0.919791,0.9370343,0.95491976,0.9544892,0.9432519,0.9620213,0.9346148,0.96133745,0.93509114,0.91653645,0.9460614,0.953373,0.95827705,0.9421633,0.9378751,0.94628894,0.925723,0.94995147,0.96251607,0.9409109,0.9466696,0.9513775,0.95614123,0.9497202,0.95022684,0.9683343,0.9387488,0.9243128,0.93023217,0.9467464,0.9410565,0.9590049,0.96007705,0.9471879,0.9432232,0.9500319,0.94812405,0.9557486,0.9583519,0.95637125,0.9407253,0.9517998,0.9702457,0.95317274,0.95207447,0.7372078,0.95556027,0.9445565,0.9502851,0.93302965,0.86947924,0.9500871,0.9587334,0.94475144,0.9681086,0.94657063,0.9609051,0.94409806,0.94059294,0.94676185,0.9582727,0.9366346,0.9450119,0.950154,0.9517988,0.95207447,0.93909824,0.9456247,0.951717,0.96394855,0.9637651,0.95304054,0.9434816,0.94095427,0.94823074,0.91517216,0.93785167,0.9511232,0.9422258,0.9464238,0.9588202,0.9556565,0.95730186,0.9397582,0.9592177,0.7990035,0.9599188,0.8996027,0.95519245,0.95193285,0.9456031,0.94072765,0.9476375,0.9360258,0.95527875,0.9559297,0.9592966,0.94125193,0.93927824,0.95601296,0.9502984,0.94331324,0.9425884,0.8884585,0.9537177,0.9022937,0.93561494,0.91369283,0.9605572,0.9622716,0.9385815,0.9538634,0.9533494,0.94000155,0.97377104,0.9587945,0.9266273,0.9698302,0.95754826,0.95958436,0.9409664,0.9547985,0.959133,0.9360408,0.9485016,0.9582786,0.945124,0.9107038,0.9357818,0.9495355,0.953987,0.9517784,0.95186996,0.96428597,0.97377104,0.9369073,0.95320374,0.9578967,0.94492453
angrybirdsmovie,0.94123423,0.9479129,0.9491777,0.94216883,0.9537953,0.9524686,0.946364,0.94391924,0.9694366,0.93358386,0.94911796,1.0,0.94092923,0.94617665,0.94992834,0.94488806,0.946829,0.9432925,0.9427485,0.95888793,0.95108074,0.9564114,0.9623522,0.9519994,0.95349497,0.8427885,0.9396031,0.9436988,0.9503128,0.95545256,0.9411711,0.953714,0.950445,0.94792974,0.9366906,0.92467,0.95316344,0.936176,0.94036525,0.9274651,0.9229127,0.94139457,0.93566686,0.93941635,0.95121455,0.9628833,0.96158886,0.93887085,0.9469092,0.94561887,0.96659625,0.9611885,0.9441289,0.93242544,0.9251647,0.9513078,0.94386715,0.9592905,0.95021915,0.949761,0.94279534,0.9508036,0.94650173,0.94724333,0.95223236,0.9505495,0.9253521,0.9452692,0.94737995,0.94068456,0.95530003,0.75874555,0.9536197,0.9402347,0.93697524,0.9388685,0.86198276,0.933812,0.9474253,0.951148,0.95412356,0.93676007,0.95876694,0.93306404,0.9507358,0.9434403,0.9354035,0.9253114,0.9334932,0.94935393,0.9496594,0.95530003,0.93352956,0.9512771,0.97109646,0.94605416,0.9573225,0.9424588,0.9338984,0.94760716,0.95662266,0.9417706,0.94075936,0.9501396,0.9466688,0.9658806,0.94271845,0.9516949,0.94564986,0.9517002,0.953648,0.81728756,0.9480441,0.9073234,0.9417028,0.93918777,0.94587815,0.93602604,0.94980973,0.93439674,0.9554076,0.95548344,0.9477382,0.9315336,0.9310717,0.9515558,0.9468145,0.96572536,0.94981444,0.90876836,0.94445395,0.91907966,0.9385175,0.89100236,0.95210814,0.95667595,0.9413677,0.9416634,0.95571375,0.9471053,0.9694366,0.95275587,0.94229245,0.95376116,0.93771917,0.9558386,0.94994766,0.9417781,0.95189744,0.9403694,0.9447663,0.94342434,0.94879454,0.93120366,0.93803984,0.9539665,0.94457424,0.96068335,0.9446273,0.93548703,0.9694366,0.9230543,0.9543682,0.94930726,0.95603204
annabellemovie,0.9471031,0.9545962,0.96082944,0.9486186,0.9552422,0.93649614,0.9724692,0.9319816,0.9714704,0.9442039,0.95307773,0.94092923,1.0000001,0.95988804,0.9670359,0.944029,0.9418179,0.9451588,0.9401667,0.9482768,0.9424515,0.9322378,0.9585469,0.9566823,0.9389291,0.8267346,0.9328738,0.9421392,0.9635815,0.95356166,0.9443549,0.9553781,0.9403834,0.94984746,0.92998916,0.89554787,0.95044076,0.9468223,0.96100116,0.93747437,0.9524837,0.9495794,0.92468697,0.9550408,0.95214266,0.9419714,0.9564812,0.95173275,0.93341845,0.9526895,0.9579926,0.95595723,0.9531278,0.94766945,0.9270051,0.9513066,0.95394516,0.96226966,0.9459245,0.95782053,0.95722324,0.93290734,0.944859,0.9581875,0.9458457,0.936586,0.93016076,0.959718,0.9600509,0.9304306,0.9562525,0.7008664,0.94674486,0.95457906,0.9468754,0.94303435,0.83709997,0.9466459,0.94061583,0.96132964,0.9433493,0.9677897,0.9604321,0.9506717,0.96486056,0.9419351,0.9345295,0.9769752,0.9285064,0.95116884,0.93790776,0.9562525,0.9490478,0.9541808,0.955593,0.9520505,0.9592468,0.9374337,0.94611734,0.95541525,0.9551116,0.91315955,0.94353396,0.9560275,0.9574971,0.9588629,0.95248985,0.9560624,0.9514546,0.93099254,0.9536193,0.81270754,0.9595349,0.8928756,0.9507869,0.947269,0.94230986,0.92881554,0.9374716,0.9673144,0.9605893,0.955307,0.94304013,0.9490391,0.94205046,0.9453008,0.9569695,0.945076,0.9445115,0.8990186,0.94244343,0.9236298,0.9387273,0.9155794,0.96426594,0.95696104,0.9326407,0.9468414,0.9580136,0.9468751,0.9714704,0.95187163,0.9458419,0.95264584,0.94405735,0.95332813,0.9456817,0.9442297,0.9617242,0.9576564,0.9737598,0.9609267,0.94710016,0.9083288,0.94486064,0.9474108,0.9498502,0.9494786,0.94324094,0.9520298,0.9714704,0.93735945,0.9491371,0.95652896,0.95458543
annamovie,0.9573874,0.96477926,0.96237653,0.96440977,0.9602056,0.9508187,0.95818686,0.94224036,0.979136,0.95176464,0.94932,0.94617665,0.95988804,0.99999994,0.97213876,0.9528431,0.9627479,0.9459672,0.94083697,0.9607388,0.9493154,0.9493619,0.9631305,0.96467596,0.94683725,0.856636,0.9364536,0.9573484,0.9752226,0.9661757,0.9598965,0.9613993,0.94261014,0.95153147,0.9493267,0.9160499,0.9573852,0.9436708,0.9616966,0.9405546,0.94957054,0.9454316,0.93346447,0.9438176,0.9518272,0.9509987,0.9637989,0.9544612,0.94568545,0.94547856,0.96803164,0.96264845,0.9429307,0.93835443,0.9483245,0.96313506,0.9608436,0.96652246,0.9653796,0.96497285,0.94780886,0.9575235,0.9404551,0.9674254,0.953124,0.93207836,0.94510925,0.96949273,0.94899243,0.9471939,0.96843696,0.72733283,0.9509323,0.95772445,0.9500989,0.94788456,0.85457194,0.9428774,0.9565561,0.96057475,0.9451012,0.94758326,0.96526444,0.9504363,0.9557415,0.9570931,0.94289273,0.95793885,0.95295596,0.9485329,0.94790906,0.96843696,0.9592153,0.95744026,0.9532686,0.9498468,0.9546638,0.96215916,0.95214564,0.97240067,0.95849,0.9177959,0.94867563,0.9612141,0.9726966,0.96550214,0.9523518,0.9555532,0.9575549,0.95564955,0.9576932,0.8132882,0.9596892,0.90524715,0.9546353,0.9468173,0.95917827,0.9482211,0.95357615,0.9497397,0.9594565,0.9648315,0.9655805,0.95271134,0.9575695,0.95100886,0.9595897,0.9528285,0.94452804,0.91173255,0.93611366,0.93309784,0.96386003,0.92124623,0.9648091,0.9608459,0.94477135,0.95384604,0.9705099,0.9607356,0.979136,0.9578154,0.9471558,0.9604916,0.9385938,0.947432,0.9452363,0.9393901,0.9555681,0.95528674,0.9591566,0.95874834,0.9658963,0.9124584,0.95743775,0.96012515,0.957436,0.961619,0.94521075,0.9379319,0.979136,0.93438417,0.9735343,0.95624036,0.95896065
apollo11movie,0.96666706,0.961876,0.96541303,0.95967144,0.96316767,0.9472421,0.9706343,0.93986803,0.9833513,0.9539541,0.96501386,0.94992834,0.9670359,0.97213876,0.9999997,0.95989203,0.96314734,0.95557696,0.9583506,0.97645473,0.9542213,0.95123,0.95618856,0.9639949,0.9509285,0.83038116,0.93977875,0.9467223,0.9673537,0.9642388,0.9572261,0.97210634,0.94043165,0.9625434,0.9461435,0.9158926,0.9576914,0.96617705,0.9664019,0.950177,0.9431056,0.9576564,0.94946754,0.9659261,0.9723066,0.950792,0.9562044,0.9570504,0.9506219,0.9642495,0.9637893,0.97270817,0.94808537,0.94510883,0.9434739,0.9655248,0.9604875,0.9663289,0.96553665,0.9693914,0.9415578,0.95522153,0.9642092,0.95467114,0.96499205,0.9442202,0.9473288,0.97165316,0.95963776,0.96100247,0.9667649,0.71116537,0.96073836,0.95993406,0.96361244,0.9473871,0.87868816,0.9530997,0.9577298,0.96178746,0.96564937,0.9705662,0.96443856,0.9550045,0.9678895,0.95287716,0.95715034,0.95716333,0.9492075,0.9562273,0.94952065,0.9667649,0.95794666,0.96040714,0.95664984,0.97036976,0.9618187,0.96302325,0.9594648,0.96761054,0.9598245,0.9269647,0.94891346,0.961886,0.9647599,0.96270365,0.96024215,0.9535246,0.95916486,0.95051694,0.9647159,0.82985723,0.9686934,0.91535056,0.9687193,0.9543203,0.9621331,0.9491389,0.95519096,0.9584223,0.9596285,0.9653557,0.96807975,0.9498074,0.9483914,0.966026,0.9584438,0.94732195,0.95623773,0.92583305,0.95741326,0.9345912,0.95223856,0.9322115,0.9674335,0.9631761,0.95036393,0.9612425,0.9744741,0.95631856,0.9833513,0.96731794,0.94474345,0.9576693,0.9409406,0.9545224,0.945274,0.958154,0.96034175,0.9656064,0.9722404,0.968046,0.95768636,0.92342615,0.9509618,0.9577483,0.9597724,0.96958137,0.9444964,0.9471415,0.9833513,0.93808895,0.95793563,0.9567683,0.9525676
arcticdogsmovie,0.95147645,0.96074814,0.94908273,0.95343775,0.93870074,0.9365276,0.94588584,0.9385533,0.970946,0.93539226,0.9526359,0.94488806,0.944029,0.9528431,0.95989203,0.99999964,0.9587398,0.9276558,0.9409834,0.955884,0.9535657,0.9477937,0.9526245,0.9500763,0.93134195,0.81919837,0.92723143,0.94458807,0.95030373,0.9559424,0.93632996,0.9481663,0.94228244,0.9583091,0.92796046,0.92587954,0.9471337,0.95136404,0.9504476,0.9311006,0.9421298,0.9412118,0.9132272,0.94198674,0.96470594,0.940952,0.94820654,0.9285194,0.93384266,0.94301033,0.94716924,0.9665626,0.94765884,0.92986834,0.9285238,0.9424182,0.9383851,0.95220834,0.95907384,0.9496605,0.9418421,0.9432847,0.9488791,0.97027385,0.96115404,0.92488056,0.92395866,0.951569,0.9513193,0.93512106,0.9494474,0.7448781,0.93685836,0.9438815,0.9435472,0.93335706,0.863973,0.94371533,0.9498778,0.94528806,0.9520819,0.92766106,0.9597759,0.9448919,0.94709635,0.9540877,0.9379012,0.9327671,0.9447313,0.95197517,0.9462619,0.9494474,0.951536,0.9495733,0.95152783,0.96190774,0.95821583,0.95949703,0.9268338,0.93928665,0.9584137,0.9240537,0.91844994,0.9485376,0.9462773,0.9513303,0.94562113,0.9763773,0.9634432,0.9342746,0.9529882,0.8383071,0.9510914,0.8874974,0.9478693,0.9436662,0.9522768,0.9537319,0.9407491,0.9336123,0.9534804,0.9504155,0.9470352,0.9367287,0.9279421,0.95144296,0.945635,0.95459735,0.9361519,0.90111774,0.94038147,0.9023176,0.95040065,0.9087065,0.9521242,0.9580841,0.947396,0.9532991,0.95820063,0.9453978,0.970946,0.94759125,0.9298452,0.9724919,0.9413269,0.953209,0.9309915,0.9278894,0.9600058,0.94191116,0.94713885,0.93872523,0.9384881,0.91069865,0.94122005,0.9435417,0.94528794,0.9441232,0.9337204,0.9337462,0.970946,0.9228506,0.95831543,0.9520482,0.9324012
arcticmovie,0.9572264,0.94961643,0.96049386,0.94620323,0.95197856,0.9515223,0.9421598,0.94965386,0.97994727,0.946381,0.9509906,0.946829,0.9418179,0.9627479,0.96314734,0.9587398,1.0,0.94564414,0.94019175,0.9604145,0.9548707,0.9690157,0.95558965,0.9476383,0.9463158,0.86235076,0.9417949,0.9751792,0.9647064,0.9558988,0.9473261,0.95797116,0.94421375,0.9489744,0.9591541,0.9215555,0.9469937,0.9577911,0.9517047,0.9431185,0.9424512,0.96149534,0.94799876,0.96064085,0.95781076,0.9583829,0.9570999,0.9535331,0.9444705,0.96549964,0.96325356,0.97232157,0.93482256,0.94338113,0.95626116,0.9564577,0.94910675,0.95699835,0.9642291,0.9729257,0.9420591,0.9548791,0.9488463,0.9494656,0.9561125,0.9491419,0.94527715,0.95749557,0.95340943,0.9509475,0.9689878,0.7661069,0.95962524,0.95889133,0.9574463,0.94221157,0.90800226,0.9416362,0.9515813,0.9583652,0.95425725,0.9379447,0.95308053,0.96261185,0.95100623,0.95436674,0.9413997,0.94050914,0.9636985,0.957671,0.9521025,0.9689878,0.9621429,0.9474215,0.95674217,0.9592589,0.9595998,0.9576131,0.937741,0.96227914,0.9630968,0.93692064,0.9381799,0.9600741,0.96081275,0.96325153,0.9503335,0.95828557,0.9570608,0.9659831,0.96930724,0.85867137,0.96078736,0.9068349,0.9618294,0.95139056,0.9629503,0.97642356,0.96245164,0.93434006,0.95698875,0.965268,0.96735054,0.9462966,0.93694866,0.94946843,0.95832604,0.9519573,0.95202756,0.9316535,0.9449854,0.9244429,0.96877986,0.93337506,0.9532152,0.95147866,0.9599045,0.9610644,0.97210544,0.9647052,0.97994727,0.95979,0.9499234,0.95761144,0.92860013,0.9468195,0.9365984,0.9484168,0.95476323,0.95501876,0.94822085,0.9576258,0.9576678,0.9219977,0.9527038,0.9604188,0.9552055,0.9632962,0.9391005,0.9433208,0.97994727,0.9262808,0.9653345,0.95922995,0.9531573
artofracingmovie,0.9529432,0.9524521,0.959917,0.94683945,0.96660423,0.93420666,0.9586231,0.9389012,0.9714436,0.9603357,0.9410177,0.9432925,0.9451588,0.9459672,0.95557696,0.9276558,0.94564414,1.0,0.94848067,0.9489484,0.9390344,0.9509348,0.96374124,0.9565181,0.9360914,0.87647706,0.9558598,0.93766177,0.95359206,0.945434,0.946558,0.95482916,0.95404476,0.9352988,0.93959457,0.88993603,0.952645,0.94591576,0.9575933,0.94537723,0.941144,0.94754106,0.92566174,0.9599854,0.9617521,0.9544308,0.96548176,0.9572659,0.9283673,0.95610076,0.9603767,0.9555769,0.9402329,0.946626,0.936142,0.9731757,0.9517351,0.9538789,0.9568389,0.95933795,0.9428552,0.9497087,0.95019746,0.94184124,0.9438258,0.952107,0.94143504,0.94591075,0.94370335,0.93770736,0.95605314,0.7216127,0.9466838,0.9436169,0.9522478,0.946671,0.84928375,0.94302094,0.9562982,0.94542736,0.9415827,0.95656127,0.94946283,0.9497079,0.96069187,0.9377737,0.9220897,0.93975186,0.9376322,0.9434521,0.94708717,0.95605314,0.9366424,0.9489785,0.95777136,0.9445184,0.94266653,0.9413815,0.93431646,0.94823164,0.9444149,0.9201485,0.94282454,0.9524537,0.9623577,0.9586343,0.9583624,0.93994355,0.94553596,0.93144035,0.9651147,0.8189762,0.9556151,0.88530266,0.9509894,0.930486,0.95364636,0.93239206,0.94766283,0.9574069,0.9436069,0.9515714,0.94372344,0.93759423,0.9362223,0.9626926,0.9506234,0.9476717,0.97006303,0.9037035,0.94139385,0.9557325,0.9517651,0.9203769,0.95710474,0.94904774,0.93224645,0.94859284,0.96078706,0.9597996,0.9714436,0.95928717,0.93274647,0.94388914,0.92388,0.952769,0.9389027,0.940733,0.9542815,0.95194495,0.960781,0.9624799,0.9461029,0.93825144,0.9451192,0.94686186,0.9545166,0.95084035,0.94577676,0.9416399,0.9714436,0.95322645,0.95590615,0.95577735,0.95205134
avengers,0.9660559,0.93660015,0.94602627,0.9471536,0.95518595,0.92981404,0.95033395,0.9421071,0.9680473,0.95603627,0.9490766,0.9427485,0.9401667,0.94083697,0.9583506,0.9409834,0.94019175,0.94848067,1.0000002,0.9589528,0.92998934,0.9443065,0.95332056,0.9521607,0.92709637,0.82382405,0.94546616,0.93375397,0.9460001,0.94609004,0.9531039,0.95748603,0.94691336,0.9371466,0.93898916,0.90904117,0.94452614,0.93296033,0.94788677,0.9263371,0.9369802,0.94468564,0.9158144,0.9480373,0.9597142,0.9553056,0.9525404,0.9449047,0.93268347,0.9432472,0.95698464,0.9620385,0.94074273,0.9344977,0.92229396,0.95423883,0.9584985,0.94662416,0.9489872,0.93983096,0.93104047,0.9378372,0.9448057,0.9467162,0.94937456,0.9423014,0.94936657,0.9514434,0.9455577,0.9385435,0.9427676,0.7170228,0.93671334,0.93486446,0.9598541,0.9349017,0.86042374,0.937167,0.9464112,0.94117326,0.9555459,0.9369241,0.9631914,0.9475783,0.9471845,0.9315933,0.923093,0.9398447,0.9397509,0.9521129,0.9362695,0.9427676,0.9381805,0.94013256,0.9548274,0.9633692,0.9433889,0.9433548,0.943812,0.9377745,0.95106435,0.908394,0.93161815,0.9399107,0.94735575,0.9563978,0.95173776,0.9454058,0.9472114,0.924549,0.94972754,0.8148889,0.9409582,0.8805946,0.93926746,0.9329664,0.94755185,0.93142366,0.95795405,0.94204503,0.9535283,0.9529342,0.9538122,0.9410199,0.93419576,0.9454091,0.95891553,0.94485915,0.9491416,0.9031942,0.9371446,0.936546,0.94199026,0.8986591,0.9478613,0.9499874,0.93051964,0.96321845,0.9436093,0.9534247,0.9680473,0.95827675,0.9261054,0.9547404,0.93495363,0.95016503,0.93030864,0.94226694,0.9508586,0.9481298,0.9533183,0.9387387,0.9511038,0.9475451,0.9217121,0.93166894,0.9448836,0.9408305,0.93611073,0.9409585,0.9680473,0.943379,0.9563932,0.955246,0.9498803
beachbummovie,0.9599686,0.9526671,0.9614057,0.95646954,0.96326035,0.9443664,0.95356345,0.94270515,0.97716707,0.9461583,0.95671695,0.95888793,0.9482768,0.9607388,0.97645473,0.955884,0.9604145,0.9489484,0.9589528,0.9999998,0.9524544,0.95704263,0.95162153,0.9557372,0.95045865,0.8372327,0.94585377,0.945912,0.9626604,0.9513162,0.94664836,0.9623986,0.93350726,0.9633035,0.93462086,0.91008157,0.9565067,0.94938385,0.9529165,0.93488115,0.9373415,0.95540667,0.9340686,0.9656799,0.9598186,0.96246785,0.95087844,0.9568984,0.94287807,0.959466,0.9668383,0.96630245,0.9448161,0.93707186,0.93696123,0.95601857,0.9532394,0.9604615,0.95792574,0.95231926,0.9380348,0.96005,0.95037204,0.95111644,0.95597506,0.93943655,0.9488647,0.9604758,0.95290124,0.9475306,0.955303,0.73767596,0.94628525,0.9530622,0.9512637,0.9398622,0.86353576,0.9387255,0.96052545,0.9476652,0.9551758,0.9490463,0.96396023,0.9436612,0.9594596,0.9403013,0.95165944,0.9477482,0.9475764,0.9619681,0.94525087,0.955303,0.9605881,0.9634316,0.96188235,0.954299,0.9589,0.96806836,0.94745207,0.95439404,0.95569766,0.9302591,0.93914497,0.95308524,0.951285,0.9620481,0.9600391,0.95359826,0.9556699,0.9482374,0.96374744,0.8081522,0.9577715,0.8996402,0.9531505,0.94432193,0.9538658,0.94581586,0.9537093,0.94288456,0.94508886,0.9599041,0.9593615,0.9337519,0.94263023,0.95545906,0.9618049,0.95944947,0.9554186,0.91305816,0.9480829,0.9335298,0.95005494,0.92554545,0.95455146,0.9526545,0.9405534,0.96316856,0.961922,0.9668372,0.97716707,0.9693179,0.9349279,0.95205647,0.933424,0.94981724,0.94292694,0.9378853,0.9482665,0.9518339,0.9502243,0.95187736,0.95092654,0.92725104,0.9338339,0.9498324,0.9504919,0.95460194,0.94043326,0.93550223,0.97716707,0.94115657,0.95709056,0.95418584,0.9543207
bernadettefilm,0.9410396,0.95831484,0.96056813,0.94080937,0.945464,0.9423326,0.95081365,0.944248,0.9725738,0.9472831,0.95236605,0.95108074,0.9424515,0.9493154,0.9542213,0.9535657,0.9548707,0.9390344,0.92998934,0.9524544,1.0000001,0.9387295,0.965657,0.95367396,0.95123535,0.8256874,0.92616904,0.94442296,0.9495176,0.95861703,0.9280562,0.949668,0.9499072,0.951433,0.9322869,0.9193057,0.951525,0.93975216,0.9486646,0.94157445,0.9389045,0.93357974,0.9076002,0.9430872,0.9557146,0.9389725,0.96066326,0.9439139,0.940061,0.9451773,0.95296204,0.9610827,0.9469203,0.93023956,0.92636955,0.95961106,0.9483464,0.94134337,0.9476549,0.94935447,0.9446439,0.9355117,0.93425035,0.93850654,0.9539935,0.9310536,0.95140254,0.9528708,0.9466169,0.94641817,0.95384616,0.7377745,0.95139664,0.9405209,0.9337682,0.9312891,0.85372347,0.95009315,0.93881947,0.9335534,0.9415173,0.94699436,0.9461513,0.9401546,0.96198326,0.95232135,0.94042605,0.94562185,0.94373,0.9632674,0.93893415,0.95384616,0.9467547,0.9382852,0.96123123,0.9485264,0.950642,0.96605885,0.9374372,0.9496132,0.947435,0.9224411,0.93292373,0.9535232,0.96183884,0.9518115,0.95058656,0.94779485,0.951131,0.9321666,0.9615875,0.8081245,0.9469215,0.9213939,0.95487463,0.9478625,0.9458703,0.94393915,0.937793,0.93998826,0.9383182,0.9539605,0.95305336,0.93268174,0.94417816,0.94557315,0.94566524,0.93981045,0.9348879,0.87344354,0.9750106,0.9224516,0.95136076,0.90432024,0.945722,0.95357233,0.9377797,0.9504981,0.96478856,0.9460039,0.9725738,0.94577515,0.93372315,0.94456595,0.92739224,0.95248914,0.9428952,0.9433384,0.9400731,0.94730455,0.9442861,0.94612247,0.929236,0.91046095,0.9445142,0.9469782,0.9558268,0.950129,0.92213905,0.93444157,0.9725738,0.92897516,0.9584541,0.960776,0.94265485
