movie,21bridgesmovie,47metersdown,abeautifuldaymovie,abominablemovie,adastramovie,adogsjourneymovie,aftermathmovie,aftermovie,ahiddenlifefilm,alitamovie,angelhasfallen,angrybirdsmovie,annabellemovie,annamovie,apollo11movie,arcticdogsmovie,arcticmovie,artofracingmovie,avengers,beachbummovie,bernadettefilm,blackandbluemovie,blackchristmas,blindedbythelightmovie,bombshellmovie,booksmart,breakthroughmovie,brianbanksmovie,brightburnmovie,brittanyrunsmov,captainmarvelofficial,captivestatemovie,catsmovie,charliesangels,childsplaymovie,clarathefilm,coldpursuitmovie,countdown,currentwarmovie,darkwatersmovie,detectivepikachumovie,disneyaladdin,disneyfrozen,disneymaleficent,doctorsleepmovie,dolemiteismyname,dontletgomovie,doramovie,downtonabbey_official,dumbo,escaperoom,everybodyknowsmovie,fastandfuriousmovie,fightingwmyfam,fivefeetapartfilm,fordvferrari,freaksthefilm,geminimanmovie,glassmovie,gloriabellmovie,godzillamovie,goldfinchmovie,goodboysmovie,goodliarmovie,gretafilm,halathemovie,happydeathdaymovie,harrietfilm,hellboymovie,hersmellmovie,highlifemovie,highstrungmovie,honeyboymovie,hotelmumbaifilm,httydragon,hustlemovie,hustlersmovie,isntitromantic,itmovieofficial,jayandsilentbob,johnwickmovie,jojorabbitmovie,jokermovie,judythefilm,jumanjimovie,justmercyfilm,knivesout,lalloronamovie,lastblackmansf,lastchristmasthemovie,latenightmovie,lighthousemovie,lionking,littlethemovie,littlewomenmovie,littlewoodsfilm,longshotmovie,lordsofchaosmovie,lucyintheskyfilm,mamovie2019,marriagestory,meettheaddams,meninblack,midsommarmovie,midwaymovie,missbalamovie,missinglinkfilm,motherlessbklyn,onceinhollywood,onthebasisofsex,overcomermovie,peanutbutterfalcon,petsematarymovie,piercingmovie,playingwithfire,playmobilthemovie,pomsmovie,queenandslim,rambomovie,readyornotfilm,richardjewellfilm,rocketmanmovie,scarystoriesmovie,secretlifeofpets,serenityfilm,shaftmovie,shazammovie,spidermanmovie,spiesindisguise,starwars,stormboymovie,stubermovie,taosdfilm,teenspiritmov,terminator,theaeronautsmov,thebestofenemies,thedeaddontdie,thefarewell,thehighwaymen,thehummingbirdprojectfilm,theintrudermovie,theirishmanfilm,thekitchenmovie,thelegomovie,themustangfilm,thenightingalefilm,theprodigymovie,thesunisalsoastar,theupsidefilm,tolkienmovie,toystory,triplefrontier,uglydolls,uncutgems,underthesilverlake,usmovie,wavesmovie,whatmenwant,wonderparkmovie,wrinklestheclown,xmenmovies,yardiefilm,yesterdaymovie,zombieland
21bridgesmovie,1.0,0.9707924,0.95210016,0.96137965,0.9595811,0.96729934,0.9757718,0.95914817,0.98213106,0.93848914,0.9705159,0.9568119,0.9616701,0.96258557,0.95100826,0.9657596,0.9669107,0.9526591,0.9792845,0.9483672,0.95962155,0.97110915,0.9752519,0.9650171,0.9533596,0.85563767,0.95014805,0.95888615,0.96741295,0.9577737,0.95373136,0.9655705,0.951447,0.95412564,0.9351898,0.9218438,0.96868575,0.97811794,0.97112083,0.96417576,0.9561847,0.95936096,0.95141506,0.9593901,0.9563126,0.9727723,0.9654057,0.9530313,0.95983726,0.96175367,0.9647652,0.9654846,0.9584543,0.95844674,0.9458209,0.9469518,0.96033895,0.9725959,0.9675349,0.9612852,0.94884604,0.959108,0.95913464,0.9519169,0.9512017,0.9574968,0.9591978,0.96109444,0.9543141,0.9461674,0.96194786,0.5628825,0.94521886,0.97121716,0.9558822,0.9486229,0.8923328,0.9668623,0.9600626,0.94142526,0.9702312,0.9706757,0.95976293,0.94824266,0.9525818,0.9550811,0.9492625,0.96381205,0.9640648,0.97457075,0.959876,0.96194786,0.9700283,0.95810395,0.95510185,0.9512373,0.95573586,0.94863755,0.9569704,0.96336305,0.96371114,0.96322566,0.959656,0.96469474,0.9499145,0.9645236,0.96306735,0.954576,0.94944763,0.95300174,0.968691,0.7558317,0.9687288,0.9149937,0.9717108,0.9733775,0.9923659,0.95355576,0.96162105,0.9707167,0.9554097,0.9716932,0.96909297,0.97234166,0.96998066,0.96965563,0.9604905,0.9563543,0.9525864,0.91745394,0.9564902,0.9520561,0.9644912,0.9535584,0.9676576,0.95485854,0.98138946,0.95988363,0.95598763,0.95944417,0.98213106,0.9634311,0.96112436,0.9610445,0.9527005,0.9563433,0.9679968,0.960597,0.96197575,0.9635916,0.9783095,0.9581107,0.9744648,0.93707603,0.9495592,0.95390016,0.9744227,0.9587173,0.96794116,0.9779643,0.98213106,0.9560152,0.95663536,0.9749376,0.9633718
47metersdown,0.9707924,0.99999994,0.95661026,0.9445885,0.9528596,0.96055573,0.966803,0.96041113,0.9765717,0.92871934,0.9656572,0.9523209,0.95909584,0.9580578,0.9496131,0.9561926,0.95941913,0.943023,0.972032,0.94306403,0.9537195,0.96198267,0.9596301,0.9608135,0.9448505,0.83932513,0.95203924,0.95623505,0.96370894,0.9495616,0.95968324,0.95068115,0.9468767,0.94193786,0.9317663,0.9167801,0.96421874,0.96040606,0.9615367,0.9525795,0.9556759,0.9672025,0.95635235,0.96015507,0.95885754,0.96132416,0.9526134,0.9510854,0.971207,0.96343064,0.9595403,0.9537329,0.94674265,0.9492609,0.9354132,0.93249834,0.95990014,0.96012235,0.9668842,0.95547384,0.9434897,0.9498063,0.95540386,0.95136815,0.94305384,0.9518883,0.9337731,0.94524705,0.96405405,0.94963294,0.962256,0.53671026,0.95100826,0.9722646,0.9271306,0.9534876,0.8811993,0.96145326,0.94444764,0.92949396,0.96516347,0.9750705,0.9494366,0.95186,0.9539081,0.95137304,0.94805086,0.96468973,0.9632102,0.9661647,0.9621826,0.962256,0.9685231,0.9597065,0.9494244,0.9460199,0.9482715,0.94119215,0.9533297,0.93758214,0.9580164,0.9459001,0.96142834,0.9614364,0.94689673,0.9574184,0.95448124,0.95184755,0.9527729,0.94973165,0.9707634,0.7340198,0.9606663,0.90206444,0.9584641,0.9664965,0.96833193,0.9396835,0.95669603,0.9656991,0.9516043,0.95774364,0.96752465,0.9574959,0.9656726,0.9643194,0.9520917,0.9504959,0.9519428,0.93711954,0.95741755,0.94935703,0.9587224,0.9397984,0.9489315,0.95457745,0.9585905,0.94177985,0.9578372,0.95936763,0.9765717,0.9656831,0.9600926,0.94470185,0.9545461,0.94550157,0.9554946,0.94671905,0.9416974,0.93275654,0.9635719,0.95631856,0.9574428,0.90642416,0.95603573,0.9546639,0.95872426,0.9596006,0.95753026,0.9678426,0.9765717,0.94394475,0.9501033,0.9665974,0.95422035
abeautifuldaymovie,0.95210016,0.95661026,0.99999994,0.9581006,0.96205217,0.9513679,0.9578444,0.9623858,0.9835828,0.9527808,0.9538705,0.95369864,0.9549314,0.9657193,0.96482486,0.95500034,0.9640102,0.9634077,0.97303766,0.9488098,0.9643778,0.97733474,0.9527392,0.9616842,0.94849527,0.81064725,0.9725219,0.96204466,0.9810286,0.9557052,0.96671736,0.9554246,0.9427217,0.95393157,0.94035774,0.9130917,0.9679534,0.962457,0.96994287,0.93837106,0.9590723,0.96025646,0.94443655,0.96388257,0.9590318,0.95588356,0.94580865,0.9442217,0.96956825,0.96157795,0.9808396,0.95448565,0.9506278,0.9701096,0.95477855,0.9515868,0.96708393,0.9674786,0.9704425,0.9692558,0.95496744,0.9670042,0.95926815,0.9571764,0.9501209,0.9493095,0.94271034,0.9424414,0.9621752,0.9656977,0.97202694,0.55796266,0.96022516,0.96864676,0.913948,0.9407894,0.866952,0.9648791,0.9498576,0.9350099,0.95367527,0.9680807,0.966706,0.96565646,0.9663642,0.9403976,0.9493564,0.9658716,0.9720568,0.9744495,0.9558606,0.97202694,0.9523065,0.9560505,0.9735627,0.9502162,0.947063,0.9526298,0.95215285,0.9428149,0.96265185,0.9502011,0.96077925,0.9754952,0.96683764,0.9836498,0.9582953,0.9549072,0.96497214,0.93924344,0.9726995,0.72708595,0.9543522,0.888215,0.96334684,0.95702696,0.95646095,0.9484478,0.9650025,0.9598567,0.95756465,0.9546517,0.95724297,0.9358254,0.95924014,0.97578865,0.9694057,0.9639985,0.9583432,0.9275296,0.96881425,0.9579091,0.9611185,0.9472363,0.9620102,0.9493457,0.95154744,0.93921715,0.96943843,0.96914464,0.9835828,0.9725342,0.96390396,0.9380225,0.9521254,0.9421841,0.9477798,0.95939124,0.9536571,0.93307656,0.95662683,0.97546023,0.9597847,0.8815298,0.9740252,0.9648717,0.9501279,0.96826893,0.95876807,0.96293217,0.9835828,0.953956,0.95879894,0.9641499,0.9784984
abominablemovie,0.96137965,0.9445885,0.9581006,1.0000001,0.9544034,0.9639004,0.9707983,0.9642201,0.9758091,0.92553484,0.9584497,0.94620645,0.9661311,0.955174,0.9595906,0.9507752,0.95138985,0.9511101,0.9520125,0.9486676,0.93596894,0.95990294,0.97583765,0.94240427,0.94209963,0.83444494,0.9366892,0.9496437,0.9580078,0.9434033,0.93669146,0.96760154,0.95610577,0.95559216,0.9350241,0.9122427,0.95548934,0.97060484,0.9541235,0.95774937,0.95552325,0.9603386,0.94111437,0.964487,0.9552847,0.9598129,0.9708312,0.94662607,0.94732577,0.9578989,0.9575164,0.9559364,0.95678514,0.94804746,0.932682,0.953075,0.94769806,0.96405345,0.9599017,0.94570017,0.9445661,0.9602109,0.9521333,0.9415535,0.9467819,0.94569784,0.952717,0.94179535,0.962079,0.92193294,0.95036507,0.5330327,0.94693565,0.95481324,0.9402472,0.93047875,0.8506755,0.94843966,0.9406265,0.9217199,0.95756,0.9572843,0.9604516,0.93293506,0.9362432,0.9319176,0.9393669,0.96083367,0.9597673,0.9604971,0.94604737,0.95036507,0.94708914,0.94897515,0.94868445,0.9650031,0.9511254,0.9397793,0.94367844,0.96341735,0.95032775,0.9486576,0.95737755,0.95592666,0.94025546,0.9598338,0.9389009,0.9469594,0.9527933,0.93123436,0.95988053,0.73587364,0.95993924,0.9042493,0.954835,0.95655453,0.9637153,0.9401729,0.9614579,0.97006184,0.9544434,0.95856863,0.9486471,0.95898426,0.95901597,0.9603657,0.9571272,0.9298013,0.9358654,0.8964698,0.9412753,0.9398634,0.9415231,0.934953,0.96304345,0.94513017,0.9508437,0.9392661,0.94750357,0.9448665,0.9758091,0.96020204,0.94754416,0.94300663,0.9502711,0.94691503,0.9537738,0.95636934,0.9568507,0.94668597,0.9646669,0.95488113,0.95625067,0.90263075,0.94586736,0.94441795,0.9653478,0.95493114,0.9647226,0.95646155,0.9758091,0.93587124,0.96848667,0.9697763,0.9558328
adastramovie,0.9595811,0.9528596,0.96205217,0.9544034,1.0000001,0.9460015,0.97031194,0.94977635,0.97699744,0.9485686,0.93375194,0.9455657,0.94324404,0.9689548,0.9570934,0.9577601,0.9580891,0.97657293,0.967891,0.94064033,0.9582706,0.9639997,0.9575742,0.9616719,0.94285786,0.8426287,0.9621724,0.9434829,0.959487,0.9479439,0.9518322,0.95696354,0.94093114,0.95686424,0.9247448,0.8844138,0.95389324,0.95880216,0.9503998,0.95474935,0.9684514,0.9553468,0.9505136,0.94661653,0.945622,0.96258,0.95258296,0.93236077,0.95692813,0.95300776,0.9646898,0.95919085,0.95994765,0.94740963,0.94189906,0.9693946,0.9557105,0.9616977,0.97017914,0.9658251,0.9502304,0.95396864,0.95011413,0.9641977,0.9496413,0.93719035,0.9360753,0.9629611,0.94808674,0.9354548,0.95908815,0.5741506,0.9418457,0.9515229,0.9144226,0.9307268,0.8363088,0.95831907,0.96176237,0.920658,0.9555514,0.9627752,0.96991736,0.9400171,0.9381296,0.93316233,0.93251115,0.9547449,0.95577806,0.959096,0.9483226,0.95908815,0.9499386,0.96225643,0.95030576,0.94909704,0.9439313,0.9342837,0.9628933,0.940906,0.950121,0.94429547,0.96017164,0.9604018,0.95864743,0.9661325,0.95506036,0.95581007,0.9473577,0.9353963,0.959186,0.7418046,0.9554158,0.86986685,0.9753755,0.9511156,0.96137977,0.9329908,0.97100997,0.9697526,0.9671032,0.97209525,0.95792013,0.9521594,0.96601915,0.9588479,0.9603403,0.9482113,0.97192353,0.9017992,0.9508962,0.9749744,0.9604393,0.9431918,0.9416066,0.9515812,0.9476707,0.9516187,0.9549904,0.95789,0.97699744,0.9477596,0.95120996,0.95245165,0.9578937,0.9468244,0.947396,0.9475049,0.9645935,0.933197,0.9650777,0.9400215,0.95317864,0.90796274,0.94388837,0.94582456,0.9529229,0.9633735,0.9576784,0.9563984,0.97699744,0.9644712,0.94684464,0.966329,0.9629635
adogsjourneymovie,0.96729934,0.96055573,0.9513679,0.9639004,0.9460015,0.99999994,0.9611067,0.963885,0.9756771,0.9191596,0.95768446,0.957238,0.96680534,0.96067464,0.963982,0.95456135,0.9515988,0.93232894,0.9626207,0.95172435,0.939672,0.94780654,0.9748267,0.95471877,0.9396384,0.8490013,0.94008297,0.9527599,0.9564104,0.945273,0.94362855,0.9647352,0.95994824,0.9510991,0.9200125,0.8926928,0.9563056,0.95807767,0.95152277,0.95887667,0.95926,0.9604949,0.94902647,0.9700182,0.9470588,0.9606472,0.9690547,0.95050263,0.9641318,0.968199,0.9522744,0.9611779,0.9669789,0.9473686,0.94066584,0.93428373,0.9579782,0.95895,0.9643998,0.9546613,0.94211453,0.95909077,0.9463464,0.9547785,0.9538308,0.948572,0.93678784,0.9455486,0.9509729,0.9220404,0.95746464,0.53746945,0.9390754,0.95818704,0.9299627,0.9351079,0.84593135,0.94841933,0.9481779,0.9323302,0.95656824,0.96073556,0.96244943,0.94243914,0.9453278,0.94679886,0.9316685,0.9633192,0.95773315,0.9692668,0.9357377,0.95746464,0.9622393,0.9458287,0.94361913,0.9611424,0.941273,0.9260413,0.94352674,0.9590427,0.950787,0.9523322,0.9668825,0.960308,0.93832326,0.9546841,0.9460675,0.9616334,0.94616234,0.948921,0.9674075,0.7383526,0.9606139,0.89510953,0.9527967,0.9515973,0.9662109,0.9384798,0.95144135,0.9597699,0.94775444,0.9592818,0.95796275,0.96925455,0.9571032,0.9569639,0.9557474,0.9325943,0.92751133,0.9147749,0.94731706,0.9462449,0.9512816,0.9460561,0.96562666,0.9469055,0.9532439,0.9435323,0.9575553,0.94617635,0.9756771,0.9620451,0.95828265,0.9494111,0.9524972,0.956166,0.94819367,0.93986243,0.95576197,0.9522199,0.95675707,0.962181,0.9569423,0.89770323,0.9496117,0.96099967,0.9724477,0.9564936,0.9631164,0.96472216,0.9756771,0.9326223,0.9674462,0.9758871,0.95509183
aftermathmovie,0.9757718,0.966803,0.9578444,0.9707983,0.97031194,0.9611067,0.99999964,0.9679496,0.9838571,0.94291914,0.9706679,0.96117187,0.9679804,0.9743681,0.96719056,0.9622141,0.9628875,0.9600911,0.9645577,0.9630514,0.9566575,0.9711053,0.97873294,0.9607031,0.9545386,0.8570089,0.9555882,0.95003545,0.971638,0.9452478,0.9549002,0.97151697,0.9539845,0.9668638,0.9424468,0.91807663,0.9705514,0.97176194,0.9644053,0.96648777,0.96747404,0.96845406,0.96344197,0.9650441,0.9674629,0.9747061,0.971639,0.9486618,0.9574234,0.9696413,0.9648955,0.9674209,0.95537275,0.9548981,0.9438605,0.95593035,0.96096325,0.9724866,0.966841,0.96007025,0.9665426,0.95814323,0.96532595,0.9540095,0.9528889,0.96182305,0.9577599,0.9558972,0.96180284,0.9503156,0.96136904,0.54770684,0.9525912,0.96432984,0.95786566,0.94109106,0.8678938,0.9666436,0.96791536,0.93458295,0.9698492,0.9784869,0.96465397,0.9580515,0.95463836,0.95947397,0.9514115,0.9697935,0.9617292,0.9698178,0.94827056,0.96136904,0.96603835,0.96466774,0.9610211,0.9715197,0.95530796,0.9561739,0.9806583,0.9702701,0.96319664,0.9505574,0.96064335,0.9689656,0.96515864,0.96624184,0.9598392,0.9601493,0.95593685,0.955019,0.97276056,0.76131624,0.97001386,0.9098945,0.9709443,0.96534556,0.9750945,0.9585155,0.97334874,0.990755,0.958063,0.9690054,0.9697528,0.9632408,0.97275114,0.96984565,0.96626043,0.941416,0.96137923,0.9162205,0.95687634,0.94931465,0.9553669,0.95731235,0.96003646,0.94367546,0.9557932,0.95569783,0.9590467,0.9565694,0.9838571,0.9657729,0.9591966,0.9641867,0.9552527,0.9602008,0.95643103,0.96513265,0.9588952,0.95337975,0.9898457,0.95277894,0.9690615,0.9174147,0.9532205,0.94935703,0.97343534,0.9673695,0.9704932,0.97159356,0.9838571,0.96325415,0.9567732,0.97208613,0.96222883
aftermovie,0.95914817,0.96041113,0.9623858,0.9642201,0.94977635,0.963885,0.9679496,1.0,0.9793446,0.9330086,0.9746522,0.94963247,0.9707205,0.958754,0.9617053,0.9523574,0.96018624,0.9383963,0.95974874,0.9538058,0.9586432,0.9570751,0.9634271,0.9530458,0.95612556,0.8354002,0.94821876,0.9434175,0.9637391,0.9505889,0.958183,0.9602824,0.94625634,0.94804806,0.9401106,0.9139616,0.95047015,0.9686149,0.95938975,0.95728374,0.96253157,0.96535873,0.9569741,0.9619248,0.96686244,0.9580858,0.95192516,0.9437751,0.96500117,0.96703297,0.95852447,0.96075815,0.9567359,0.9514189,0.9544384,0.95426327,0.9540279,0.9669566,0.9683829,0.9619204,0.96454024,0.96713907,0.9593546,0.9537711,0.9612711,0.93945277,0.9414687,0.93616164,0.9712896,0.9377116,0.97111964,0.5402038,0.9547663,0.954332,0.9236208,0.9516256,0.8725835,0.9538382,0.9555086,0.9407547,0.96244484,0.974818,0.9584178,0.9550937,0.9510648,0.95556015,0.95319116,0.96886456,0.96483207,0.9688413,0.9545944,0.97111964,0.9671749,0.94758564,0.945754,0.95391357,0.967571,0.9417145,0.9569098,0.94538003,0.93546593,0.9560835,0.9632416,0.9706218,0.9481666,0.9611628,0.95680815,0.9576514,0.9534506,0.9463699,0.97234493,0.7419354,0.9701409,0.90084755,0.96375895,0.9598614,0.9653552,0.93037945,0.95694464,0.9690095,0.9623061,0.95746833,0.96440923,0.9537936,0.9752694,0.9652045,0.9585916,0.9389208,0.9498631,0.92640084,0.9557835,0.9514236,0.94962394,0.93346,0.9596382,0.95791197,0.94486576,0.94402117,0.96156865,0.9486564,0.9793446,0.96785545,0.9536596,0.9528802,0.9548789,0.94452626,0.9551601,0.9532621,0.95791286,0.9600264,0.96288043,0.95957917,0.9608414,0.89588827,0.9604427,0.9708276,0.9540392,0.9586291,0.96014243,0.9639538,0.9793446,0.92903125,0.9667376,0.96499693,0.96137166
ahiddenlifefilm,0.98213106,0.9765717,0.9835828,0.9758091,0.97699744,0.9756771,0.9838571,0.9793446,0.99999994,0.9513238,0.97638196,0.9762227,0.9766318,0.98302925,0.97728705,0.9734458,0.9806655,0.9690023,0.9831001,0.96561193,0.97751063,0.9857209,0.9827945,0.97816896,0.96281785,0.85143906,0.9727604,0.97460407,0.9815187,0.96933246,0.97121036,0.980917,0.9674082,0.9680156,0.9529707,0.93082136,0.9798684,0.9828191,0.98395425,0.9730147,0.97826433,0.97864425,0.9692572,0.9790453,0.9739327,0.9799118,0.97638774,0.96754825,0.9818216,0.9805134,0.98304844,0.9820919,0.96895033,0.9744801,0.9693629,0.96685773,0.9725308,0.983547,0.9859996,0.9819675,0.97172654,0.9813584,0.97886986,0.9776875,0.96968883,0.9649113,0.96346176,0.97172964,0.9762245,0.9675125,0.98391944,0.5551518,0.96822745,0.98224795,0.94929844,0.95885676,0.8930222,0.9790353,0.9726866,0.95415246,0.9814363,0.9847986,0.98078895,0.9720921,0.97015774,0.96483,0.96373403,0.98168707,0.98237234,0.9886054,0.9669488,0.98391944,0.9788191,0.97448695,0.97252494,0.9725298,0.96949744,0.96086097,0.9712247,0.97022265,0.9722824,0.9709064,0.9770043,0.9860186,0.97159964,0.9844317,0.9788319,0.9759133,0.96413165,0.96423393,0.9856705,0.7428204,0.9771659,0.915609,0.98265296,0.9770391,0.98611146,0.9632344,0.9823956,0.98408943,0.97395676,0.9785095,0.98128664,0.9744196,0.9841454,0.9826129,0.9802762,0.96542275,0.97083116,0.9393454,0.977392,0.973484,0.9767093,0.9640517,0.9765599,0.9672756,0.97497386,0.9660377,0.97942495,0.97626525,0.99999994,0.98243344,0.974768,0.9734983,0.9751464,0.97234577,0.9738018,0.972452,0.97739464,0.9621175,0.98232514,0.97850597,0.9812998,0.9193639,0.97618324,0.9762063,0.97963893,0.982354,0.9782513,0.9831499,0.99999994,0.96887785,0.9766175,0.98661387,0.98258513
alitamovie,0.93848914,0.92871934,0.9527808,0.92553484,0.9485686,0.9191596,0.94291914,0.9330086,0.9513238,0.99999994,0.9241676,0.9188185,0.9277768,0.94026136,0.93125343,0.9412893,0.9304633,0.94363403,0.9554867,0.9155847,0.9396257,0.95149314,0.9204094,0.93747866,0.9371342,0.8042696,0.9214457,0.9247681,0.95668143,0.9381846,0.95600414,0.9276817,0.89182013,0.9384082,0.89661986,0.88068557,0.93666947,0.9391752,0.934173,0.9110227,0.94341195,0.9256259,0.9203701,0.92024255,0.92074263,0.93216544,0.9124584,0.8989053,0.9240186,0.92496336,0.957187,0.9229194,0.9479746,0.9439157,0.91786754,0.93656546,0.9260291,0.9385393,0.93872726,0.9352552,0.93574363,0.93444234,0.93004036,0.92929775,0.9191083,0.9140081,0.91260505,0.9134735,0.912411,0.93501383,0.931157,0.550778,0.94185835,0.9355331,0.8947227,0.91044205,0.84243155,0.93178695,0.9337834,0.8875122,0.92217016,0.9318988,0.9416564,0.9261269,0.92498463,0.9253148,0.9101603,0.93815815,0.9269649,0.9494393,0.9365728,0.931157,0.9225985,0.9226015,0.9427493,0.93272436,0.9250262,0.91747,0.94035566,0.9157757,0.931274,0.9293283,0.9196009,0.934704,0.95824337,0.9607523,0.9302276,0.91886955,0.9362739,0.908068,0.93678397,0.7186287,0.9187587,0.845625,0.9460377,0.9248878,0.93380123,0.9170199,0.9416105,0.9395341,0.9388587,0.9393123,0.92595214,0.91828734,0.93661445,0.9490618,0.94462514,0.9458034,0.9355602,0.90789753,0.93610126,0.9260263,0.9328198,0.9123479,0.9311938,0.9355548,0.9380753,0.919028,0.92156315,0.9315305,0.9513238,0.93818176,0.92621315,0.91303563,0.91677547,0.9052243,0.92457646,0.9306981,0.9270197,0.89985794,0.9456624,0.9305276,0.92834616,0.86857927,0.9311898,0.92018735,0.9256604,0.9275508,0.9272637,0.931388,0.9513238,0.94285554,0.9088629,0.9426608,0.9523932
angelhasfallen,0.9705159,0.9656572,0.9538705,0.9584497,0.93375194,0.95768446,0.9706679,0.9746522,0.97638196,0.9241676,1.0000001,0.9521807,0.9636995,0.95867133,0.9555843,0.9600662,0.95236856,0.93095255,0.9600308,0.9556732,0.94527,0.95596504,0.97044885,0.94346833,0.94907784,0.84559435,0.93647444,0.94614285,0.9684924,0.95525384,0.95547324,0.9616196,0.9531822,0.9376692,0.93263054,0.9286567,0.96238637,0.9661798,0.9628897,0.9510267,0.9488446,0.9587882,0.9565362,0.9648594,0.9609792,0.9565171,0.95796484,0.95578635,0.9660762,0.9641759,0.95532596,0.9619969,0.9471625,0.95374036,0.9342331,0.9425723,0.9396521,0.9648152,0.9618705,0.9568343,0.9561321,0.9534843,0.9568527,0.9431175,0.952866,0.9533809,0.9526239,0.9329781,0.9647252,0.94746137,0.966223,0.52826446,0.9613585,0.95521474,0.95189494,0.953611,0.9102259,0.9602365,0.9410206,0.935856,0.9745293,0.97005826,0.9470464,0.9465948,0.95134574,0.95591927,0.9491618,0.96454936,0.9623234,0.9684995,0.9527632,0.966223,0.9671373,0.947872,0.9434294,0.9562731,0.9662226,0.95254284,0.95775974,0.9556507,0.95110905,0.94979155,0.9611739,0.9666396,0.94735414,0.9588396,0.9525014,0.9552552,0.9468092,0.94260097,0.9685843,0.7567384,0.9661621,0.9261007,0.95532817,0.96377134,0.9721957,0.94803846,0.9564045,0.9669363,0.94511956,0.95640826,0.9570171,0.9477196,0.9604979,0.9693825,0.95699847,0.92889977,0.9472288,0.92426217,0.9483345,0.9427913,0.9398394,0.9413202,0.96057034,0.95654255,0.9595305,0.948674,0.9597427,0.94481,0.97638196,0.96648175,0.9540773,0.9476853,0.94039345,0.95096725,0.9648982,0.9492865,0.9444595,0.9536071,0.9651416,0.9615118,0.9650501,0.9052844,0.9556467,0.9618082,0.972111,0.9610476,0.960262,0.96779996,0.97638196,0.92105705,0.96121824,0.9633801,0.950297
angrybirdsmovie,0.9568119,0.9523209,0.95369864,0.94620645,0.9455657,0.957238,0.96117187,0.94963247,0.9762227,0.9188185,0.9521807,0.99999994,0.95185405,0.9631985,0.95880264,0.9535182,0.9477198,0.9326644,0.9542667,0.9400676,0.95605993,0.96167624,0.9660754,0.9611589,0.92596704,0.8147282,0.9430206,0.9510191,0.9617701,0.9473632,0.9527326,0.96434236,0.94199926,0.9539112,0.9320717,0.91422063,0.9602496,0.9543234,0.9571802,0.95008415,0.9534451,0.9564447,0.9429051,0.9588989,0.9532052,0.94744533,0.961808,0.97216505,0.95754695,0.9619011,0.9695231,0.9656932,0.9360169,0.94703364,0.946933,0.9315187,0.9559171,0.95869046,0.96223843,0.9698356,0.94429904,0.9646755,0.9470334,0.9588199,0.9378765,0.9364974,0.93471885,0.94931644,0.94253206,0.94456273,0.97076154,0.49497363,0.9457063,0.96018064,0.925412,0.926608,0.8881999,0.9525947,0.9618204,0.948664,0.96935225,0.96355456,0.9493636,0.9478081,0.959831,0.957108,0.9472678,0.9539117,0.9648845,0.9582865,0.9317589,0.97076154,0.9577255,0.9552502,0.962207,0.96085525,0.9344425,0.9256038,0.9442874,0.9389393,0.94540864,0.9366414,0.9575003,0.96820045,0.9573229,0.96493024,0.9662871,0.94925684,0.94236743,0.9465664,0.9620622,0.68683326,0.9542018,0.9097101,0.9556187,0.9485934,0.964408,0.9439514,0.9601451,0.96066123,0.9338856,0.95343965,0.96776164,0.96436363,0.9614772,0.9650532,0.9565971,0.95437056,0.94196117,0.9230483,0.96174544,0.9428774,0.9528211,0.93924177,0.95532465,0.9328295,0.95392543,0.9428372,0.9674185,0.9466301,0.9762227,0.96494997,0.94031954,0.96563256,0.9555335,0.96752495,0.9651358,0.9462903,0.9466645,0.9424451,0.9564077,0.952873,0.9590074,0.89087945,0.9587237,0.95738566,0.9619621,0.9778909,0.9539959,0.96187955,0.9762227,0.9418318,0.9380157,0.9605985,0.96749383
annabellemovie,0.9616701,0.95909584,0.9549314,0.9661311,0.94324404,0.96680534,0.9679804,0.9707205,0.9766318,0.9277768,0.9636995,0.95185405,0.99999964,0.9638339,0.96380126,0.9549388,0.9590787,0.9481461,0.95872754,0.9556197,0.95188767,0.95991313,0.96627545,0.9552367,0.9569314,0.82137567,0.9453103,0.95636266,0.9591353,0.9539964,0.9514961,0.9601956,0.9536516,0.9447056,0.9389708,0.9089947,0.96752006,0.9688539,0.96748805,0.95395416,0.96954733,0.96478015,0.9495745,0.96896935,0.9587925,0.961128,0.9567486,0.9573143,0.96264535,0.9701513,0.9577678,0.95676833,0.95536137,0.96299005,0.9428122,0.9414952,0.9589763,0.9743915,0.9607157,0.9570371,0.9601091,0.96112317,0.963527,0.9602487,0.9412423,0.9537834,0.9541303,0.93961346,0.9599749,0.9467887,0.9617365,0.5187112,0.9464376,0.9616916,0.9421185,0.93286955,0.8887576,0.94913834,0.95234776,0.94532186,0.9633763,0.9646579,0.9767546,0.94371897,0.9654492,0.9479969,0.94983923,0.98627526,0.96446633,0.96912473,0.9500558,0.9617365,0.96140254,0.94837254,0.95479506,0.9610498,0.95421195,0.9518196,0.9668361,0.96026534,0.9482114,0.9576858,0.96380347,0.9719815,0.95342493,0.96017784,0.94535214,0.95789367,0.95356554,0.9264725,0.96957374,0.7357968,0.96191716,0.9033623,0.95885056,0.9473591,0.95919126,0.9492926,0.9649885,0.9705145,0.9615742,0.9552553,0.96114105,0.95668906,0.964814,0.9617201,0.9722879,0.9513652,0.9476587,0.9227572,0.956385,0.94384974,0.9539601,0.9306732,0.966081,0.953126,0.94736254,0.9454788,0.96146226,0.95122826,0.9766318,0.96530885,0.95256436,0.9546914,0.95644516,0.95503277,0.9588396,0.9557964,0.95997274,0.9406233,0.9702242,0.9543803,0.95443636,0.89996195,0.9586573,0.95403695,0.9537035,0.96011084,0.9655855,0.9664771,0.9766318,0.9417047,0.96228373,0.9676502,0.959352
annamovie,0.96258557,0.9580578,0.9657193,0.955174,0.9689548,0.96067464,0.9743681,0.958754,0.98302925,0.94026136,0.95867133,0.9631985,0.9638339,0.99999994,0.9753089,0.95409876,0.9558093,0.9571906,0.9628474,0.96954507,0.9663392,0.9686622,0.96247417,0.96971697,0.95790714,0.85056967,0.95559305,0.95554,0.9716351,0.94687885,0.95773596,0.96773374,0.95360094,0.9656399,0.9332542,0.89685476,0.9808469,0.96217793,0.96659565,0.9646461,0.97014254,0.970454,0.96208364,0.969486,0.9567242,0.9677559,0.95334095,0.9452528,0.96357346,0.974543,0.9645252,0.96954155,0.95899,0.9577667,0.95759755,0.95627594,0.95484746,0.9740222,0.96742195,0.9697235,0.95923734,0.95820355,0.97095406,0.9761363,0.9574808,0.94788873,0.956652,0.9611404,0.95574397,0.95103925,0.96247494,0.56504107,0.94656193,0.96692556,0.9297404,0.94375104,0.88100815,0.97250736,0.97002655,0.92925286,0.96186256,0.9685812,0.9708994,0.95016336,0.95194656,0.9484395,0.94281346,0.97239566,0.9605082,0.97628975,0.9362231,0.96247494,0.9660744,0.96105623,0.96125907,0.9585211,0.9471174,0.9551877,0.9711407,0.9631147,0.96062547,0.96565884,0.96370035,0.9703634,0.9736916,0.9668598,0.95979553,0.95671636,0.9516858,0.95164794,0.97072095,0.7563765,0.9572331,0.89429337,0.96223325,0.95547557,0.9653238,0.9466277,0.9710147,0.9685596,0.95660627,0.96567094,0.9653867,0.95444757,0.9734633,0.961698,0.97183496,0.9455801,0.96725273,0.9221052,0.9679155,0.9686025,0.9600252,0.9537048,0.95924497,0.94502443,0.9487259,0.9541551,0.9620247,0.95704985,0.98302925,0.9624147,0.9564861,0.9601929,0.9661233,0.9647208,0.9543093,0.9556495,0.96052283,0.9395684,0.97418785,0.9514297,0.96136755,0.9064469,0.9611967,0.9551438,0.9652013,0.965174,0.95729774,0.9614627,0.98302925,0.95405763,0.9570451,0.9677199,0.9639776
apollo11movie,0.95100826,0.9496131,0.96482486,0.9595906,0.9570934,0.963982,0.96719056,0.9617053,0.97728705,0.93125343,0.9555843,0.95880264,0.96380126,0.9753089,0.99999994,0.9474659,0.94396377,0.9446997,0.9516665,0.9744286,0.9517871,0.9565888,0.9683088,0.9465758,0.9382945,0.8427833,0.9408406,0.9362184,0.96473306,0.94260424,0.947247,0.9656516,0.95967036,0.95741606,0.91315466,0.8812962,0.97059786,0.9545907,0.9556112,0.95455277,0.9638287,0.9570607,0.95840484,0.9680953,0.9489017,0.9547166,0.9556092,0.9490438,0.95587885,0.96643746,0.9648114,0.96765804,0.9538374,0.9450909,0.9393235,0.9453343,0.94766176,0.95539254,0.9608622,0.9563565,0.95518464,0.95924646,0.95138055,0.957137,0.9524079,0.94978714,0.94941384,0.95176756,0.94977874,0.9372139,0.9593789,0.5511712,0.9410514,0.9480679,0.9235665,0.93617964,0.85508025,0.95580107,0.9521745,0.916962,0.9564872,0.95768404,0.96615964,0.9477205,0.94371307,0.9375419,0.93261325,0.9674654,0.9552324,0.96558154,0.9364256,0.9593789,0.951062,0.94614035,0.959473,0.9764401,0.93650323,0.9468693,0.9559964,0.95500994,0.9476445,0.9406633,0.95484287,0.9689251,0.95880044,0.9651673,0.9583786,0.95441705,0.948115,0.9341705,0.9566596,0.7509064,0.9521343,0.8861895,0.9572137,0.940731,0.9539651,0.94085425,0.9655496,0.96940774,0.9533423,0.94764405,0.95366347,0.94856656,0.9625733,0.9635535,0.9652622,0.93653286,0.9468366,0.91922265,0.95237184,0.95321876,0.9383781,0.93756616,0.9487053,0.9433603,0.9384354,0.9525384,0.95688593,0.9409884,0.97728705,0.96301883,0.9517603,0.95775044,0.94615763,0.964939,0.95177174,0.94289714,0.9499579,0.93600607,0.95992583,0.9592107,0.9581022,0.889473,0.9560035,0.9533775,0.9624212,0.9645495,0.9583215,0.9585182,0.97728705,0.9504416,0.96097785,0.9719034,0.9576015
arcticdogsmovie,0.9657596,0.9561926,0.95500034,0.9507752,0.9577601,0.95456135,0.9622141,0.9523574,0.9734458,0.9412893,0.9600662,0.9535182,0.9549388,0.95409876,0.9474659,0.99999994,0.94929713,0.9513975,0.9657569,0.9349294,0.94207084,0.95741063,0.9637655,0.9539291,0.943392,0.83087623,0.94889545,0.9449658,0.9589736,0.96079123,0.9476072,0.95766425,0.94805616,0.94054604,0.930929,0.93285364,0.9520338,0.96430796,0.9603188,0.94562924,0.95492715,0.95326376,0.9459856,0.9565164,0.9449221,0.94967,0.958728,0.94826585,0.9598641,0.96119493,0.96453255,0.9596076,0.9563687,0.9496208,0.929452,0.9399233,0.96427363,0.9525542,0.9573228,0.9633784,0.94449705,0.95068985,0.95446426,0.95097506,0.9420724,0.93387264,0.95963055,0.94591194,0.94463974,0.9476787,0.95804864,0.5430207,0.95566565,0.9558092,0.94511324,0.9144856,0.88242817,0.94255996,0.9434079,0.9372194,0.9704569,0.9567201,0.966251,0.9459328,0.95848626,0.95603275,0.929493,0.9578211,0.964277,0.9694084,0.9449996,0.95804864,0.95559174,0.9579998,0.95270365,0.95029455,0.94528997,0.93529344,0.95237833,0.9547565,0.95008814,0.941658,0.9623948,0.95988446,0.9463617,0.96516013,0.9491119,0.9693508,0.95041627,0.9255273,0.96599644,0.75732195,0.9492038,0.89752936,0.9580769,0.94562405,0.96446705,0.9534632,0.968247,0.95883125,0.94893986,0.9551648,0.9444672,0.94943714,0.95038354,0.9579004,0.96382797,0.9501112,0.9566981,0.91926706,0.9430718,0.95563775,0.95046526,0.94294506,0.94614846,0.9607256,0.9592277,0.9515429,0.9597688,0.9467125,0.9734458,0.9688783,0.95692563,0.9483069,0.9460509,0.9502825,0.9547483,0.9514457,0.949626,0.94048697,0.96021956,0.94996905,0.96404636,0.9126448,0.93944705,0.9436408,0.9625044,0.963628,0.9575535,0.95752794,0.9734458,0.94728535,0.9475641,0.9648752,0.96521395
arcticmovie,0.9669107,0.95941913,0.9640102,0.95138985,0.9580891,0.9515988,0.9628875,0.96018624,0.9806655,0.9304633,0.95236856,0.9477198,0.9590787,0.9558093,0.94396377,0.94929713,0.9999998,0.962793,0.9670334,0.9440091,0.95923424,0.969982,0.96150595,0.9683075,0.94390357,0.82917035,0.95117235,0.9743426,0.9562699,0.95599437,0.9456027,0.9545641,0.9421499,0.93248814,0.941659,0.9078141,0.95022964,0.9627019,0.9704251,0.9571244,0.96165764,0.95988125,0.94655174,0.95848995,0.9556518,0.96746475,0.96105206,0.9499382,0.9682648,0.95752275,0.9616346,0.96246105,0.9451901,0.95499337,0.9554164,0.96041435,0.94756556,0.9705993,0.9710312,0.9712865,0.96243274,0.9610576,0.9708704,0.9581031,0.9544112,0.95123774,0.9399201,0.95433164,0.96185434,0.9499828,0.9711486,0.55809444,0.95404977,0.9721217,0.9233889,0.9477679,0.87896025,0.9565931,0.9501132,0.9473409,0.95930433,0.9762299,0.9635079,0.9659123,0.9585014,0.9486417,0.9602205,0.96734476,0.97150624,0.9677004,0.9706003,0.9711486,0.9629272,0.9510358,0.94419956,0.9355858,0.9596794,0.94694686,0.95683897,0.9470812,0.949063,0.95921725,0.9553961,0.96418625,0.9432804,0.96322674,0.9637694,0.9634675,0.94773555,0.94852585,0.96569335,0.73916477,0.95981437,0.8898561,0.9744312,0.96129984,0.97510815,0.9429909,0.9570937,0.9654305,0.9645466,0.9705885,0.9637594,0.9612376,0.9645221,0.9555318,0.95567966,0.95901823,0.94863087,0.9309995,0.95661336,0.9559012,0.98411,0.96270066,0.9566579,0.9591216,0.96088076,0.95394856,0.96101415,0.96916574,0.9806655,0.96120274,0.95659775,0.9492604,0.95382094,0.9439756,0.9547214,0.956184,0.9645346,0.9555133,0.9716536,0.9661223,0.95941573,0.90505856,0.95368266,0.95418274,0.9587052,0.9651565,0.9578172,0.9684304,0.9806655,0.9603554,0.96441066,0.9617036,0.95954025
artofracingmovie,0.9526591,0.943023,0.9634077,0.9511101,0.97657293,0.93232894,0.9600911,0.9383963,0.9690023,0.94363403,0.93095255,0.9326644,0.9481461,0.9571906,0.9446997,0.9513975,0.962793,0.9999998,0.95914817,0.9408776,0.9422558,0.9622824,0.95295686,0.95367503,0.94320893,0.81526995,0.9563152,0.9401777,0.95213497,0.9382428,0.9424554,0.94203025,0.9435162,0.92916113,0.9240014,0.88203955,0.9513873,0.9487471,0.95527476,0.9465929,0.9590965,0.94600296,0.938331,0.9436181,0.93726003,0.96068335,0.9469356,0.9292445,0.95280397,0.9455782,0.9551622,0.9508561,0.94347686,0.9427274,0.92630076,0.9600997,0.9443726,0.96431184,0.96231645,0.9590111,0.93967134,0.94666964,0.9501686,0.9533258,0.93594205,0.95285165,0.9450267,0.947688,0.93706435,0.94310856,0.957132,0.5834675,0.93635666,0.9419543,0.9228993,0.91509366,0.8438313,0.94613755,0.93769014,0.9223025,0.94352335,0.95649356,0.97102493,0.94238174,0.9417431,0.92058,0.9291676,0.96180755,0.96289974,0.95435256,0.94534063,0.957132,0.9422457,0.9445873,0.94377357,0.9383066,0.9318755,0.9547527,0.963361,0.9449952,0.95528173,0.9302673,0.9414335,0.95930415,0.9493131,0.9558984,0.9388965,0.95121217,0.9461243,0.9088074,0.9469259,0.7492208,0.94923246,0.870772,0.96525896,0.93619436,0.95178384,0.9391897,0.95867723,0.9656251,0.95440775,0.96327543,0.94436175,0.94013536,0.95716584,0.9510438,0.96275127,0.94761086,0.9525736,0.89579684,0.94294584,0.9509816,0.9573761,0.93911994,0.95494825,0.936921,0.9351474,0.95101386,0.9576239,0.9648426,0.9690023,0.9444446,0.9545678,0.93148285,0.9429767,0.9354634,0.9335063,0.9452685,0.95385224,0.9363481,0.963705,0.9501156,0.9542115,0.90815175,0.94323987,0.940072,0.94289887,0.9632851,0.9514305,0.96157366,0.9690023,0.96491784,0.9468766,0.9542439,0.9513579
avengers,0.9792845,0.972032,0.97303766,0.9520125,0.967891,0.9626207,0.9645577,0.95974874,0.9831001,0.9554867,0.9600308,0.9542667,0.95872754,0.9628474,0.9516665,0.9657569,0.9670334,0.95914817,0.9999999,0.9443321,0.9593024,0.9791919,0.9606459,0.9664234,0.9476094,0.8316689,0.96601754,0.95846975,0.9760268,0.9671603,0.98029524,0.9644918,0.94420886,0.9498891,0.92470986,0.91324943,0.9653967,0.97227746,0.9703684,0.94761705,0.9549376,0.9618436,0.9491448,0.9595864,0.95251894,0.96120435,0.95214206,0.94314045,0.97543406,0.96117914,0.9780387,0.95850754,0.96228707,0.96900535,0.9506641,0.9512758,0.96475434,0.969536,0.97070116,0.97239155,0.9565326,0.96385026,0.95552313,0.9569771,0.94768304,0.95321023,0.93468475,0.95749915,0.955687,0.95911765,0.9739139,0.57317567,0.9501173,0.97158784,0.9243393,0.94619906,0.8723808,0.9651034,0.95678437,0.9313516,0.95844436,0.9737453,0.9648192,0.9572568,0.9601946,0.9586739,0.9576765,0.9698656,0.9678866,0.9736335,0.96348095,0.9739139,0.95968914,0.9539486,0.9661012,0.94813615,0.9540091,0.9413363,0.96045184,0.942842,0.96112823,0.9620533,0.9631081,0.9702761,0.9549729,0.979072,0.95512986,0.9508206,0.9674566,0.9495511,0.9732883,0.747287,0.9636791,0.8917352,0.9715837,0.97029054,0.97486347,0.94560796,0.9592263,0.9616398,0.9548187,0.9698227,0.97153705,0.95651203,0.9636525,0.9748072,0.9616129,0.9689192,0.9604831,0.9389937,0.9656208,0.9586236,0.96796644,0.9529121,0.9603236,0.9661885,0.97531027,0.9531724,0.97076696,0.9680873,0.9831001,0.9684941,0.9607727,0.94958663,0.9492044,0.94411683,0.9582051,0.95099765,0.9572379,0.94067144,0.96340626,0.9634969,0.95852196,0.90631014,0.9630841,0.9652689,0.96451473,0.9674906,0.96201724,0.9732745,0.9831001,0.95329964,0.947026,0.9688813,0.9717425
beachbummovie,0.9483672,0.94306403,0.9488098,0.9486676,0.94064033,0.95172435,0.9630514,0.9538058,0.96561193,0.9155847,0.9556732,0.9400676,0.9556197,0.96954507,0.9744286,0.9349294,0.9440091,0.9408776,0.9443321,0.9999998,0.9350203,0.9527831,0.95952433,0.93483067,0.947362,0.83835804,0.92968124,0.9359119,0.963351,0.93009657,0.9343646,0.95034593,0.9469096,0.9313151,0.91032404,0.8774516,0.96094507,0.95204574,0.9439791,0.95145917,0.94148207,0.9476261,0.93617797,0.95246,0.94287777,0.95852816,0.94616395,0.9314181,0.94535565,0.9503375,0.9470803,0.9575016,0.9410935,0.92712766,0.9282726,0.9392614,0.9343837,0.95703524,0.9483619,0.9467125,0.9380144,0.9329368,0.95318216,0.9431324,0.9541004,0.94718724,0.9439672,0.94208956,0.93561,0.93223786,0.9480544,0.5505205,0.9387421,0.9458464,0.9170821,0.94308203,0.8613535,0.9492364,0.9399756,0.9188098,0.9379927,0.957089,0.949245,0.94342476,0.9267177,0.9261819,0.9327388,0.9600542,0.9430457,0.95513886,0.9241586,0.9480544,0.9535758,0.9344862,0.93828243,0.94822055,0.9357243,0.9568827,0.95665365,0.95204955,0.94399095,0.9475358,0.9470834,0.9520294,0.93719614,0.9468386,0.9438189,0.9390831,0.94786614,0.93440473,0.9537986,0.77506447,0.94761735,0.8732247,0.9503702,0.94280773,0.9525424,0.92950076,0.9481131,0.9652188,0.94324386,0.9424574,0.94174725,0.936388,0.9522941,0.94901055,0.95334506,0.92195666,0.93974763,0.89133036,0.9432855,0.9395767,0.936489,0.9386862,0.9466362,0.92927474,0.93110865,0.94089264,0.94389254,0.94253325,0.96561193,0.9500525,0.9492378,0.93741447,0.94453233,0.9566639,0.93604076,0.93508744,0.9351071,0.9357413,0.9559781,0.94292045,0.9552265,0.89666694,0.933683,0.94401354,0.961531,0.9507599,0.9408342,0.9512855,0.96561193,0.93277436,0.94931245,0.950459,0.9405393
bernadettefilm,0.95962155,0.9537195,0.9643778,0.93596894,0.9582706,0.939672,0.9566575,0.9586432,0.97751063,0.9396257,0.94527,0.95605993,0.95188767,0.9663392,0.9517871,0.94207084,0.95923424,0.9422558,0.9593024,0.9350203,0.9999998,0.97229356,0.9431596,0.968384,0.94623595,0.8271002,0.9581104,0.9578555,0.9587578,0.9498586,0.9554115,0.948801,0.9304213,0.95457375,0.94595844,0.9244987,0.9655714,0.9609327,0.97341913,0.93624836,0.9659887,0.95307374,0.9408324,0.94412696,0.9559471,0.9598966,0.9331316,0.9445729,0.95409375,0.95447975,0.9633702,0.9442273,0.9407802,0.9687244,0.9746277,0.93698776,0.95309126,0.9620939,0.9599064,0.95925,0.9483879,0.9630382,0.95296013,0.969143,0.93485886,0.9398037,0.94317424,0.940169,0.9522745,0.96067226,0.96176213,0.53006077,0.9447409,0.96265924,0.9256478,0.9454955,0.8979374,0.96263105,0.9608504,0.9482971,0.95561576,0.9641089,0.9525465,0.95425874,0.95352066,0.93521726,0.93727916,0.9560955,0.95168555,0.96952295,0.94574994,0.96176213,0.95750463,0.95426106,0.9612495,0.9493189,0.93894726,0.9326919,0.944581,0.9387867,0.9543995,0.9580473,0.9454892,0.97000057,0.97178876,0.96624386,0.9730843,0.9496245,0.9314769,0.9350279,0.9667177,0.7042408,0.94544065,0.90094477,0.96787703,0.9557352,0.965123,0.94303143,0.9662439,0.9553597,0.9511267,0.95515037,0.9690943,0.95099586,0.96729493,0.9616201,0.9597812,0.96052283,0.96151054,0.9206971,0.9810614,0.96223736,0.9656774,0.9273447,0.9501085,0.93605125,0.9602129,0.9270102,0.95143783,0.9596005,0.97751063,0.9594615,0.94683135,0.9635404,0.95760065,0.9396097,0.9547912,0.96079427,0.9617289,0.9281499,0.96395624,0.94904816,0.9613779,0.89345944,0.9592866,0.9544173,0.94412655,0.95190805,0.9477178,0.9538265,0.97751063,0.96000683,0.94425684,0.9679154,0.9707211
