movie,21bridgesmovie,47metersdown,abeautifuldaymovie,abominablemovie,adastramovie,adogsjourneymovie,aftermathmovie,aftermovie,ahiddenlifefilm,alitamovie,angelhasfallen,angrybirdsmovie,annabellemovie,annamovie,apollo11movie,arcticdogsmovie,arcticmovie,artofracingmovie,avengers,beachbummovie,bernadettefilm,blackandbluemovie,blackchristmas,blindedbythelightmovie,bombshellmovie,booksmart,breakthroughmovie,brianbanksmovie,brightburnmovie,brittanyrunsmov,captainmarvelofficial,captivestatemovie,catsmovie,charliesangels,childsplaymovie,clarathefilm,coldpursuitmovie,countdown,currentwarmovie,darkwatersmovie,detectivepikachumovie,disneyaladdin,disneyfrozen,disneymaleficent,doctorsleepmovie,dolemiteismyname,dontletgomovie,doramovie,downtonabbey_official,dumbo,escaperoom,everybodyknowsmovie,fastandfuriousmovie,fightingwmyfam,fivefeetapartfilm,fordvferrari,freaksthefilm,geminimanmovie,glassmovie,gloriabellmovie,godzillamovie,goldfinchmovie,goodboysmovie,goodliarmovie,gretafilm,halathemovie,happydeathdaymovie,harrietfilm,hellboymovie,hersmellmovie,highlifemovie,highstrungmovie,honeyboymovie,hotelmumbaifilm,httydragon,hustlemovie,hustlersmovie,isntitromantic,itmovieofficial,jayandsilentbob,johnwickmovie,jojorabbitmovie,jokermovie,judythefilm,jumanjimovie,justmercyfilm,knivesout,lalloronamovie,lastblackmansf,lastchristmasthemovie,latenightmovie,lighthousemovie,lionking,littlethemovie,littlewomenmovie,littlewoodsfilm,longshotmovie,lordsofchaosmovie,lucyintheskyfilm,mamovie2019,marriagestory,meettheaddams,meninblack,midsommarmovie,midwaymovie,missbalamovie,missinglinkfilm,motherlessbklyn,onceinhollywood,onthebasisofsex,overcomermovie,peanutbutterfalcon,petsematarymovie,piercingmovie,playingwithfire,playmobilthemovie,pomsmovie,queenandslim,rambomovie,readyornotfilm,richardjewellfilm,rocketmanmovie,scarystoriesmovie,secretlifeofpets,serenityfilm,shaftmovie,shazammovie,spidermanmovie,spiesindisguise,starwars,stormboymovie,stubermovie,taosdfilm,teenspiritmov,terminator,theaeronautsmov,thebestofenemies,thedeaddontdie,thefarewell,thehighwaymen,thehummingbirdprojectfilm,theintrudermovie,theirishmanfilm,thekitchenmovie,thelegomovie,themustangfilm,thenightingalefilm,theprodigymovie,thesunisalsoastar,theupsidefilm,tolkienmovie,toystory,triplefrontier,uglydolls,uncutgems,underthesilverlake,usmovie,wavesmovie,whatmenwant,wonderparkmovie,wrinklestheclown,xmenmovies,yardiefilm,yesterdaymovie,zombieland
21bridgesmovie,0.9999999,0.9366257,0.9649142,0.9379352,0.9497487,0.9603459,0.9548874,0.9421961,0.975411,0.95020527,0.93919295,0.9438471,0.94946057,0.9627402,0.94960964,0.9396436,0.9529251,0.9396737,0.96974635,0.9343197,0.94700944,0.9541021,0.96340597,0.957107,0.961311,0.7473976,0.94560987,0.94739217,0.9607319,0.96035105,0.95560634,0.945919,0.9486013,0.95201045,0.9229465,0.9119984,0.94472533,0.9642838,0.95585686,0.94140327,0.91659373,0.9670053,0.946671,0.95810544,0.9420779,0.9509572,0.9618367,0.95709056,0.95675224,0.9615109,0.9607306,0.954446,0.9509429,0.92869633,0.91726315,0.96049,0.9403291,0.95353794,0.9546602,0.94708467,0.91716546,0.957452,0.96122074,0.93761057,0.94331354,0.9484583,0.9468333,0.9495612,0.94683367,0.9349896,0.9518905,0.77445513,0.94447947,0.95403904,0.93852574,0.94337416,0.89334375,0.9472266,0.94881374,0.9492552,0.93815976,0.95091075,0.93869835,0.95852035,0.955267,0.951064,0.9484759,0.96424544,0.9573184,0.95732427,0.96792054,0.9518905,0.9547595,0.9536382,0.94325477,0.93543524,0.95453936,0.9501695,0.9353447,0.9404505,0.94379944,0.9642346,0.946205,0.94504744,0.9461603,0.958679,0.9507029,0.940497,0.945801,0.9412856,0.95720494,0.8001169,0.95307416,0.89868516,0.94242513,0.9553548,0.9831228,0.9437287,0.9605769,0.9520911,0.9458808,0.9511562,0.94643104,0.9529508,0.95474267,0.95166886,0.9586997,0.95348454,0.95490354,0.92268634,0.9622229,0.94084585,0.9509603,0.93397856,0.9559177,0.96470404,0.9552253,0.9464123,0.95918447,0.9461647,0.975411,0.95957094,0.938689,0.93516374,0.934937,0.94764996,0.93970346,0.936252,0.9327236,0.96247524,0.93956584,0.9576157,0.9489584,0.9418966,0.9663534,0.94784814,0.9635107,0.94397527,0.9625542,0.9420688,0.975411,0.9351359,0.9589724,0.96719706,0.94189805
47metersdown,0.9366257,0.9999998,0.93554693,0.9293304,0.9456327,0.9339044,0.94162905,0.93339705,0.9611749,0.94279957,0.9141461,0.92312235,0.941286,0.9615727,0.9372966,0.9510732,0.93086,0.9219795,0.9385806,0.9151278,0.942116,0.9356496,0.9477146,0.94351584,0.94496256,0.78537786,0.923423,0.92501754,0.9364864,0.92250973,0.93603635,0.93284607,0.9299248,0.94128364,0.92815465,0.88188934,0.9345786,0.92974335,0.92898357,0.9304338,0.9330326,0.9364016,0.91983014,0.95005256,0.9314791,0.924094,0.94250613,0.918995,0.9367884,0.94523585,0.9446909,0.95531356,0.9324439,0.9371967,0.92346174,0.94050294,0.9228157,0.92101926,0.92739636,0.93134373,0.93696845,0.92526364,0.9414461,0.94593495,0.9402427,0.9410821,0.93619716,0.9434404,0.92247045,0.92474663,0.9352637,0.7723145,0.9157687,0.94314885,0.93204534,0.9569314,0.89055765,0.9425608,0.9243623,0.9224509,0.9149441,0.94125503,0.9424019,0.9420854,0.92247903,0.93569165,0.91334945,0.9425392,0.9343403,0.9447792,0.92860985,0.9352637,0.93397003,0.9470337,0.9379808,0.93315774,0.939859,0.9260656,0.9301694,0.94550025,0.92533106,0.9453603,0.915636,0.9392803,0.9575668,0.94479233,0.9383604,0.9368737,0.9339713,0.94270104,0.93174183,0.8198713,0.9253883,0.8858479,0.9324559,0.9181998,0.9419918,0.9307202,0.94208914,0.94572276,0.95002156,0.93073285,0.95285267,0.940428,0.93178374,0.94295096,0.9377239,0.9210664,0.9193903,0.8988389,0.92159045,0.93369645,0.9298125,0.91703933,0.9279427,0.9356694,0.9302679,0.9348945,0.9472461,0.89965427,0.9611749,0.9471317,0.9050703,0.91729677,0.934518,0.9466831,0.91852015,0.92377704,0.9380996,0.92703384,0.9318536,0.932105,0.91336894,0.88865227,0.92941004,0.9137686,0.9202985,0.92993873,0.9335934,0.91116554,0.9611749,0.9344848,0.94374645,0.9454066,0.92584413
abeautifuldaymovie,0.9649142,0.93554693,0.99999964,0.94404006,0.94336754,0.9388764,0.9654598,0.9441601,0.97284365,0.94674015,0.9447396,0.947274,0.94058704,0.9634071,0.95632714,0.9418554,0.95979476,0.93261325,0.94353175,0.93431044,0.95938295,0.9678139,0.95252585,0.9617172,0.95112866,0.7983752,0.9432052,0.94803303,0.96983814,0.9419244,0.9575715,0.9475591,0.93730587,0.9563496,0.9078392,0.9047859,0.9502508,0.9447626,0.9498273,0.93648833,0.9277347,0.96816415,0.95224255,0.96202743,0.95401996,0.9435092,0.95148784,0.94628686,0.9604438,0.96763486,0.9693377,0.95335215,0.9508034,0.93862873,0.93202007,0.95020545,0.9538707,0.95068854,0.95809555,0.93890524,0.93161315,0.9574739,0.9563992,0.9402399,0.94189405,0.9573736,0.9431062,0.9427609,0.94574434,0.93256587,0.93991494,0.7601181,0.9372169,0.94794893,0.9354905,0.95034915,0.86773545,0.9498193,0.94177186,0.93907046,0.9345199,0.9572301,0.941009,0.9473,0.9509958,0.9526877,0.9254559,0.9589641,0.9438506,0.9553208,0.96577823,0.93991494,0.9591791,0.94065756,0.9593915,0.944765,0.95332396,0.93970734,0.94311184,0.9458234,0.9457221,0.9544488,0.9525743,0.94534534,0.9425915,0.9688222,0.9410127,0.9457355,0.942956,0.9400846,0.96205604,0.8057193,0.9540784,0.9067991,0.9488092,0.9525497,0.9708838,0.93971014,0.9542584,0.9545316,0.94259125,0.95075667,0.9559985,0.9404598,0.9575191,0.95429873,0.94403714,0.955182,0.9393803,0.9401013,0.95621973,0.9367103,0.9590436,0.92083967,0.95417684,0.9509167,0.9492619,0.9353828,0.9491979,0.9189121,0.97284365,0.9740088,0.9387346,0.9344709,0.938188,0.9513948,0.9352865,0.9265811,0.93213874,0.95509523,0.94720894,0.97476345,0.9427295,0.90885854,0.9475958,0.9386471,0.94356704,0.9373555,0.95344305,0.93532264,0.97284365,0.9312366,0.95210946,0.95519894,0.95338064
abominablemovie,0.9379352,0.9293304,0.94404006,1.0000002,0.94137913,0.9315013,0.9532321,0.9390358,0.96793175,0.9318299,0.9377683,0.9327523,0.9479902,0.9438513,0.96149355,0.9489886,0.9360245,0.9355423,0.9284425,0.94013953,0.9525096,0.94835794,0.9429354,0.9464108,0.95110565,0.7846387,0.94286865,0.9455572,0.9507567,0.9328429,0.937364,0.9452316,0.92545813,0.9419314,0.92787117,0.9127288,0.9555588,0.9520071,0.94163024,0.94977605,0.927412,0.946557,0.92761415,0.9545394,0.9534684,0.9456408,0.9449056,0.9383738,0.9396308,0.95059633,0.9560699,0.95544475,0.93101037,0.9296416,0.95018804,0.9344908,0.93911725,0.93390113,0.94914037,0.9276665,0.9308028,0.94403785,0.949608,0.9294234,0.9454852,0.9395195,0.9355715,0.9397027,0.94650507,0.9253349,0.9394945,0.78895146,0.92348367,0.94692135,0.9494221,0.92805105,0.8852142,0.9410638,0.9320687,0.9445481,0.93384945,0.9352125,0.9495493,0.94290435,0.9399427,0.9389602,0.93267417,0.93947726,0.94536084,0.95962226,0.94184023,0.9394945,0.9550638,0.9480268,0.9444307,0.9649781,0.94895965,0.9272366,0.93622625,0.9265042,0.9466953,0.9457695,0.9312973,0.9412791,0.934453,0.9561712,0.9452328,0.94687814,0.9324418,0.9512685,0.9546054,0.81754297,0.9462602,0.90051097,0.94562864,0.94283456,0.9456121,0.9340799,0.9520047,0.9444602,0.9500689,0.9353505,0.9524576,0.93418247,0.9531624,0.94969374,0.9416411,0.9501939,0.9254292,0.9224005,0.9424558,0.9345715,0.9461618,0.9275706,0.93823576,0.9438984,0.92962366,0.93680245,0.9457228,0.93354195,0.96793175,0.9460816,0.9276277,0.94384426,0.94279885,0.9457112,0.93393385,0.93729854,0.94386035,0.9360085,0.9537575,0.94905835,0.9504588,0.8765265,0.93124443,0.9320629,0.9376674,0.94132215,0.9341848,0.9379744,0.96793175,0.934664,0.94896054,0.94278616,0.9417747
adastramovie,0.9497487,0.9456327,0.94336754,0.94137913,1.0000001,0.95561874,0.9605465,0.9479588,0.96932584,0.95573115,0.94219273,0.94690144,0.937892,0.9479342,0.9453346,0.929577,0.95432985,0.958151,0.9452143,0.94561964,0.9477551,0.9452931,0.9564571,0.94270694,0.95428514,0.78869313,0.95031077,0.9473894,0.946716,0.9310709,0.9481061,0.93939805,0.9549362,0.95009845,0.92734915,0.905961,0.95330966,0.9490782,0.9507855,0.95075697,0.91466427,0.95527494,0.93453085,0.94374484,0.9486972,0.95138603,0.9545411,0.9487038,0.9389966,0.9516975,0.94755477,0.95154214,0.94028527,0.92270523,0.9227518,0.956573,0.9272195,0.9478309,0.94723207,0.9432253,0.92407024,0.9424176,0.96555215,0.9438841,0.9425482,0.94673896,0.9436577,0.93837637,0.94147944,0.9444722,0.94624436,0.759518,0.9345125,0.9383335,0.94667405,0.9505263,0.88074404,0.94254225,0.9511072,0.9374342,0.93684053,0.94998455,0.9315353,0.93918127,0.9363239,0.9546977,0.93457764,0.9425234,0.9434887,0.96126705,0.9438584,0.94624436,0.95191485,0.9566083,0.93051684,0.95391715,0.9631342,0.9550989,0.933966,0.93603677,0.94638795,0.95181406,0.9391803,0.94702744,0.9283015,0.9467531,0.9480631,0.9468371,0.9482981,0.943751,0.95114857,0.8072997,0.95132405,0.89990675,0.9511217,0.9382129,0.9516472,0.9546733,0.95581573,0.95721394,0.94265664,0.9390888,0.94348603,0.9507338,0.9604771,0.950026,0.9434657,0.93402696,0.96566206,0.9309131,0.9400591,0.95890075,0.94006014,0.9222792,0.9481426,0.9424087,0.9369689,0.9374962,0.95571065,0.9388493,0.96932584,0.943796,0.9350497,0.93542576,0.9293046,0.94019836,0.9204212,0.9335374,0.94396245,0.93260264,0.9411393,0.94147503,0.94148403,0.8902301,0.9441726,0.9383956,0.95156515,0.9532657,0.95325243,0.94185096,0.96932584,0.9634858,0.9530371,0.9591225,0.9282085
adogsjourneymovie,0.9603459,0.9339044,0.9388764,0.9315013,0.95561874,1.0,0.9476697,0.9400843,0.96662694,0.94350904,0.9344571,0.9297236,0.93697065,0.9474657,0.94715875,0.92564565,0.9391055,0.9348078,0.9443015,0.9438216,0.9386768,0.9431229,0.9628488,0.93874216,0.9496152,0.7465711,0.94306254,0.9281577,0.9468016,0.9391981,0.9325813,0.9315417,0.95069486,0.934648,0.9339618,0.91026163,0.9533288,0.95258254,0.9501615,0.9288603,0.91618264,0.94586504,0.9345889,0.94246703,0.9310613,0.95293236,0.9608241,0.94663614,0.9404836,0.94340914,0.944856,0.9413428,0.9384959,0.92179286,0.9138999,0.94539976,0.9222995,0.9449132,0.93934125,0.9458774,0.90857697,0.93288565,0.9510859,0.9421618,0.9283338,0.9317092,0.9324197,0.9368883,0.9262175,0.9300493,0.9561989,0.78671026,0.932226,0.93926436,0.94263715,0.9316963,0.9039739,0.9340778,0.9398989,0.95997643,0.92684853,0.93231803,0.9375972,0.9466374,0.9432173,0.93911487,0.9379183,0.9424571,0.95033795,0.9473086,0.9406422,0.9561989,0.9454669,0.9521555,0.9353764,0.9408283,0.9413903,0.94109553,0.93161607,0.9312155,0.9488768,0.94913936,0.940356,0.94121706,0.92944175,0.9490428,0.9482121,0.94352967,0.9293074,0.9380095,0.949809,0.8032872,0.9494245,0.9015275,0.9354786,0.94400364,0.9583461,0.9411837,0.95104396,0.9501063,0.94441456,0.95237225,0.9367156,0.9791689,0.93945026,0.93556076,0.95712435,0.94011784,0.9449675,0.92030394,0.9406548,0.9475375,0.9283951,0.9163219,0.9419305,0.956932,0.9353267,0.93032265,0.95823604,0.93706316,0.96662694,0.94349444,0.9356589,0.9320685,0.9367567,0.9305525,0.9311175,0.94152486,0.94704133,0.9469382,0.93369424,0.9393477,0.9431289,0.9261368,0.958024,0.9512397,0.9574883,0.9440731,0.95174176,0.93499243,0.96662694,0.9443429,0.95395637,0.9619544,0.925511
aftermathmovie,0.9548874,0.94162905,0.9654598,0.9532321,0.9605465,0.9476697,1.0,0.9627398,0.98030794,0.9420151,0.96117026,0.9464322,0.95801955,0.9611759,0.9560276,0.9495407,0.9599624,0.94078493,0.95256823,0.9420607,0.96643585,0.9608323,0.9569389,0.96173596,0.9586569,0.7993805,0.9411116,0.9547362,0.95749485,0.95296586,0.9566581,0.9576023,0.93062234,0.9383728,0.9274423,0.90872467,0.95642155,0.95382214,0.9608451,0.949619,0.9351361,0.9589045,0.9420178,0.9573712,0.96369594,0.9526084,0.9581319,0.96458125,0.9559695,0.96017087,0.9553704,0.95897275,0.9481204,0.9459732,0.95231086,0.9478057,0.949355,0.9631636,0.9549484,0.94494784,0.94798124,0.9527694,0.9721286,0.94488573,0.94904625,0.95614153,0.95767486,0.9550887,0.9550743,0.93107915,0.9476925,0.77760035,0.9367029,0.9558165,0.947269,0.95297885,0.8705185,0.946568,0.95239484,0.95352703,0.9538105,0.9731169,0.9507974,0.9492172,0.9396084,0.9537661,0.93843573,0.95472103,0.9407598,0.9717381,0.96219474,0.9476925,0.9644286,0.9593943,0.9363031,0.95470554,0.96594346,0.94361216,0.9633389,0.94677794,0.9498128,0.95631766,0.946062,0.94711286,0.9473558,0.95638716,0.9539723,0.95056105,0.95319027,0.94212633,0.9665546,0.79713136,0.9559176,0.91126436,0.97097325,0.9602359,0.96313554,0.9496687,0.9584836,0.98969144,0.950897,0.95501083,0.96599567,0.9448839,0.9629841,0.95714235,0.94722563,0.94947064,0.9452876,0.9392826,0.9550453,0.9409918,0.95820695,0.93849164,0.96058595,0.9602484,0.95010245,0.9409059,0.9526262,0.9342617,0.98030794,0.96288544,0.9332147,0.9439365,0.9409252,0.9508146,0.9445664,0.9408061,0.9445039,0.953791,0.9755398,0.96321666,0.9467049,0.9007857,0.9479592,0.9371622,0.9479981,0.94023746,0.9531607,0.94961864,0.98030794,0.9453049,0.95846623,0.95784414,0.94512063
aftermovie,0.9421961,0.93339705,0.9441601,0.9390358,0.9479588,0.9400843,0.9627398,1.0000002,0.9715283,0.9394666,0.93222773,0.9391528,0.9412336,0.9493482,0.9568519,0.9431136,0.95089096,0.9465774,0.9451619,0.95214766,0.95538574,0.9539103,0.9555667,0.9547326,0.9480113,0.7608889,0.94900024,0.94287544,0.9504309,0.9551687,0.95083266,0.94085264,0.94566965,0.9365967,0.92249125,0.9012083,0.9452887,0.9434501,0.9550851,0.9492782,0.9220722,0.95840585,0.9384329,0.9592165,0.94764066,0.9431377,0.95621485,0.94606394,0.9450611,0.96354663,0.95063084,0.94880724,0.9379961,0.9369482,0.9451554,0.9560187,0.93537015,0.9542095,0.9490359,0.9332024,0.9411416,0.94447744,0.961409,0.9287407,0.946363,0.94183415,0.94447803,0.93948513,0.9454489,0.9470477,0.940913,0.7547665,0.93185145,0.95558965,0.9355813,0.93990505,0.8748954,0.9481362,0.94210416,0.95109403,0.9377329,0.9480076,0.9428961,0.95049304,0.94477206,0.95374775,0.92111284,0.94942755,0.9457276,0.9624305,0.94373506,0.940913,0.9514546,0.9394667,0.93389946,0.95101774,0.9588006,0.9516442,0.9478748,0.9411559,0.93961835,0.9473612,0.9452278,0.94474804,0.94472015,0.95215243,0.9521369,0.9431756,0.9452179,0.9458949,0.94423133,0.7824641,0.9482987,0.88845557,0.9598143,0.94211054,0.9577611,0.95148385,0.9450796,0.95399195,0.9311046,0.95791954,0.95173454,0.9408359,0.9619705,0.9529879,0.9379147,0.944077,0.94555986,0.922471,0.9460635,0.94041455,0.9425114,0.9229673,0.9498772,0.9558047,0.9560145,0.9474655,0.9446869,0.9390463,0.9715283,0.9571502,0.9252121,0.93445605,0.94460434,0.9406535,0.9248932,0.9320181,0.9283906,0.93915397,0.94674563,0.94827515,0.9498714,0.88070166,0.93356085,0.9350921,0.9318289,0.93480957,0.9645716,0.9354588,0.9715283,0.9464431,0.9566659,0.95001984,0.94438434
ahiddenlifefilm,0.975411,0.9611749,0.97284365,0.96793175,0.96932584,0.96662694,0.98030794,0.9715283,1.0,0.96744144,0.96423584,0.9628432,0.97742033,0.9809141,0.97367615,0.9731589,0.9762185,0.9696105,0.96760976,0.95944077,0.97360474,0.97647893,0.98097867,0.97979796,0.978215,0.7865448,0.9676671,0.9714298,0.97801447,0.9699453,0.97078276,0.97524047,0.9639489,0.96573174,0.9545361,0.93103445,0.9778398,0.9764571,0.9750825,0.9659021,0.959192,0.9786781,0.9638802,0.9818731,0.9755049,0.97492605,0.9780959,0.9671793,0.9709859,0.9829523,0.97701305,0.97886825,0.9652354,0.961947,0.95723003,0.97368354,0.9665768,0.9736378,0.9781434,0.9665535,0.9629245,0.97271633,0.98208886,0.9695907,0.97188133,0.96892285,0.9649268,0.9737774,0.9728602,0.9606935,0.9737583,0.79494125,0.9580097,0.9734447,0.963922,0.9631358,0.9086408,0.97167015,0.9682226,0.9674979,0.9640086,0.9683566,0.97557867,0.9755623,0.97008365,0.96620196,0.95801634,0.97795147,0.97473073,0.9835543,0.97191554,0.9737583,0.9814767,0.97116005,0.96518916,0.9666146,0.98006874,0.9640588,0.96699256,0.9676793,0.9702639,0.9786323,0.96265924,0.97260666,0.96244806,0.9777076,0.973765,0.9789574,0.96251166,0.9675982,0.97923225,0.82712704,0.9782133,0.9279738,0.97521096,0.97049326,0.98400426,0.9718326,0.9818221,0.97589314,0.9718502,0.9739308,0.9764071,0.9703475,0.97924924,0.9755673,0.9706926,0.9694821,0.9639369,0.94816345,0.97393256,0.9643505,0.97849494,0.9550138,0.97412837,0.9783897,0.9678222,0.9690513,0.98050684,0.96027035,1.0,0.9792899,0.9548064,0.9707661,0.9681674,0.96817183,0.9615474,0.96833503,0.96899813,0.9714771,0.96833736,0.9764176,0.9697709,0.92566633,0.9681111,0.9630012,0.9692447,0.9682411,0.9768434,0.96284837,1.0,0.9654654,0.98474646,0.9767893,0.96555686
alitamovie,0.95020527,0.94279957,0.94674015,0.9318299,0.95573115,0.94350904,0.9420151,0.9394666,0.96744144,0.99999994,0.926198,0.93246436,0.94598943,0.9603367,0.9487444,0.93935984,0.9406537,0.93514264,0.94545585,0.92769235,0.950463,0.94610804,0.95579016,0.94439924,0.9565085,0.76492244,0.95456755,0.94187266,0.95001054,0.9357966,0.942757,0.94163185,0.94761777,0.9547222,0.92846435,0.902244,0.9567036,0.93945044,0.9494182,0.9353241,0.9346662,0.95181453,0.9263758,0.946969,0.9434533,0.9475877,0.9525345,0.9334116,0.9463278,0.9549778,0.95316523,0.9559988,0.95130223,0.9257476,0.9265756,0.9591711,0.9388745,0.9299675,0.93866605,0.92794204,0.94005114,0.9426601,0.95634663,0.9389284,0.93935996,0.9390127,0.94506764,0.94577986,0.9434556,0.94551677,0.9347811,0.7830314,0.9306621,0.95252985,0.9311079,0.9446239,0.8778471,0.9567346,0.93812394,0.9290362,0.9310045,0.9478632,0.9445486,0.94235206,0.9480298,0.946173,0.9380798,0.9535347,0.94175434,0.95476294,0.93524045,0.9347811,0.95038474,0.93995726,0.94678193,0.9328505,0.9559887,0.945519,0.9400424,0.94785666,0.95127,0.9576389,0.938119,0.9374175,0.9593668,0.953981,0.9472763,0.9550078,0.93568736,0.9458692,0.9536966,0.8213591,0.9409091,0.8996145,0.9408831,0.9404411,0.954509,0.94574815,0.95416397,0.94156694,0.94019,0.9312815,0.9467229,0.9423352,0.9538055,0.937963,0.9426853,0.94099927,0.94218343,0.9079652,0.94401485,0.940401,0.95250714,0.91214156,0.9360162,0.94133717,0.94245553,0.94325227,0.94913715,0.92939585,0.96744144,0.9509906,0.9428728,0.93572855,0.9400718,0.953935,0.93467414,0.94112897,0.93471104,0.9426196,0.9364467,0.95183164,0.9331295,0.9086172,0.94604045,0.92502546,0.93228644,0.93317825,0.94752383,0.92113185,0.96744144,0.9483636,0.96154475,0.95398563,0.94043016
angelhasfallen,0.93919295,0.9141461,0.9447396,0.9377683,0.94219273,0.9344571,0.96117026,0.93222773,0.96423584,0.926198,0.9999997,0.93887484,0.95276743,0.94363,0.94055563,0.93666124,0.9561968,0.9342401,0.94448036,0.92703587,0.9473017,0.93712044,0.9299858,0.9435379,0.939263,0.7748567,0.93303347,0.95158595,0.93739957,0.9302246,0.94056135,0.9503927,0.935789,0.93107384,0.92849076,0.9038421,0.95115566,0.9487054,0.94908905,0.9207161,0.92444867,0.94579494,0.94353163,0.9478538,0.95412093,0.94910145,0.9295488,0.93622714,0.93604964,0.9509352,0.9298793,0.9279128,0.9108527,0.9275455,0.9352204,0.9328785,0.950764,0.9352696,0.95641637,0.94903535,0.94039583,0.93500906,0.95279247,0.93789154,0.93466175,0.9533213,0.93437606,0.9437026,0.952838,0.92972946,0.94773144,0.79389465,0.93453395,0.9459464,0.9331311,0.9376289,0.85343575,0.95475334,0.9547442,0.93801147,0.9563741,0.94667125,0.93916464,0.94395846,0.9360035,0.92325383,0.9433865,0.93452764,0.92749417,0.95088404,0.94468045,0.94773144,0.9467245,0.9370281,0.9260945,0.9396698,0.9508026,0.9158887,0.9326494,0.92588454,0.9472557,0.93543833,0.9206284,0.9431701,0.9163281,0.9321605,0.9455752,0.9447349,0.93958485,0.9362408,0.96165174,0.8006798,0.9476649,0.9228839,0.9507739,0.9686346,0.9477672,0.9360069,0.95351076,0.94923913,0.94389457,0.9349929,0.9488617,0.93209976,0.9427517,0.93710005,0.9336618,0.93694645,0.9362736,0.92790747,0.94574153,0.926357,0.94563687,0.9347596,0.94683856,0.9369282,0.93228513,0.91859674,0.94867414,0.9276706,0.96423584,0.9339698,0.9339263,0.9353785,0.9217139,0.92428905,0.93375254,0.94573754,0.9421708,0.9445694,0.93584806,0.95368856,0.9299504,0.9013976,0.9456883,0.93449587,0.9327222,0.9363479,0.93982,0.9288637,0.96423584,0.93727386,0.94491124,0.9337822,0.93360317
angrybirdsmovie,0.9438471,0.92312235,0.947274,0.9327523,0.94690144,0.9297236,0.9464322,0.9391528,0.9628432,0.93246436,0.93887484,0.9999994,0.933833,0.94081116,0.94730914,0.9253102,0.949508,0.94998026,0.9364475,0.92012894,0.95297366,0.9461934,0.9384219,0.9481885,0.9388097,0.7449438,0.94668204,0.9563576,0.9487777,0.929894,0.9423322,0.93776625,0.9323047,0.94500005,0.9240787,0.9104771,0.9493742,0.93817294,0.9403908,0.9395773,0.9053386,0.94627446,0.93803495,0.9433038,0.9434121,0.9507196,0.93262774,0.933156,0.93711156,0.9505171,0.9585697,0.9435986,0.92483866,0.9125389,0.900907,0.9429818,0.9267543,0.9422214,0.94893104,0.9414075,0.91747576,0.94963217,0.9500705,0.93272674,0.9437801,0.92694914,0.9327363,0.93436766,0.9251999,0.93633807,0.9476861,0.7517173,0.9299025,0.9412591,0.93742007,0.9289832,0.8851913,0.9366943,0.9435621,0.92842346,0.93505853,0.9380868,0.9317733,0.9367117,0.943751,0.9331205,0.9100366,0.9444679,0.9456553,0.950329,0.9526346,0.9476861,0.94800127,0.9368306,0.9374703,0.940329,0.9440253,0.92636096,0.92884743,0.92004716,0.95379776,0.9388753,0.9381391,0.94904464,0.9214741,0.9561161,0.9564028,0.9426659,0.9354264,0.9445034,0.9409285,0.79244953,0.94488406,0.89862007,0.9589358,0.9261685,0.9514918,0.94237363,0.9493369,0.9413888,0.9386034,0.94107115,0.94853866,0.9328197,0.95321983,0.9396385,0.9218532,0.9479229,0.94793403,0.91248024,0.94275427,0.941668,0.9468539,0.92531455,0.9418734,0.9290949,0.9282146,0.92789346,0.9613001,0.93743837,0.9628432,0.952537,0.9421624,0.9471745,0.9373988,0.93412846,0.91526866,0.9230537,0.9376505,0.92843527,0.9416223,0.9414128,0.92597836,0.89273787,0.937231,0.93506795,0.93399966,0.9587764,0.9452975,0.9339599,0.9628432,0.9457562,0.94441366,0.9402859,0.9540824
annabellemovie,0.94946057,0.941286,0.94058704,0.9479902,0.937892,0.93697065,0.95801955,0.9412336,0.97742033,0.94598943,0.95276743,0.933833,0.9999998,0.95994985,0.94775283,0.9592429,0.9496812,0.94640493,0.94727045,0.9251417,0.96195537,0.95662326,0.9591598,0.96030456,0.9549273,0.77042586,0.94704926,0.95171744,0.955176,0.94568473,0.95362306,0.96694833,0.933202,0.9401041,0.9522328,0.929347,0.95886594,0.9713715,0.9500304,0.9435147,0.95213264,0.9517991,0.9426168,0.9604726,0.95850784,0.95791763,0.9561423,0.9377633,0.95422554,0.9581934,0.9496771,0.96429175,0.9458715,0.9377477,0.9439724,0.9481915,0.96143585,0.95222247,0.9540509,0.9501803,0.9550058,0.95102894,0.9571249,0.9524594,0.9620801,0.9431912,0.9585486,0.964523,0.9596264,0.93432933,0.95564294,0.8141229,0.94156545,0.9621967,0.94652927,0.94221586,0.89486474,0.95185333,0.9554856,0.94276714,0.9541041,0.9513369,0.96337885,0.9637453,0.95331156,0.92830443,0.95566607,0.9739247,0.9535052,0.96690583,0.95409024,0.95564294,0.9657299,0.95689446,0.9366165,0.9385098,0.9531947,0.92911553,0.9401877,0.9581538,0.95611364,0.95811075,0.93427896,0.9475333,0.9413063,0.9512741,0.9552082,0.9636099,0.9414213,0.94662726,0.96852535,0.84592974,0.9608404,0.92400277,0.965995,0.9584472,0.9653666,0.9507996,0.9622088,0.9536014,0.96761453,0.9597507,0.96638286,0.93631834,0.95501256,0.94865465,0.95327836,0.9471388,0.93066376,0.9209315,0.96297646,0.93738323,0.9573048,0.94031274,0.9596897,0.953857,0.93722254,0.9520938,0.95596254,0.93991655,0.97742033,0.9567838,0.9433374,0.95181787,0.9569987,0.957205,0.9548879,0.96412903,0.95559525,0.9478205,0.93921787,0.9524808,0.9400481,0.91498184,0.94824356,0.9374834,0.9451634,0.9423574,0.95397943,0.9471653,0.97742033,0.9441243,0.9649535,0.9567834,0.9457482
annamovie,0.9627402,0.9615727,0.9634071,0.9438513,0.9479342,0.9474657,0.9611759,0.9493482,0.9809141,0.9603367,0.94363,0.94081116,0.95994985,0.99999946,0.95314157,0.9658943,0.9551477,0.950406,0.9477193,0.93518096,0.9517491,0.96049255,0.9704193,0.9668741,0.97300035,0.7744051,0.9572804,0.9599782,0.9570782,0.9506409,0.950555,0.9575414,0.94595045,0.955774,0.92993367,0.89761454,0.9557718,0.9592128,0.95489967,0.9484281,0.9528041,0.9612889,0.94582176,0.9653437,0.95193326,0.9544348,0.96851605,0.9536049,0.9662375,0.9668031,0.9561187,0.9701095,0.9597209,0.9558116,0.95121616,0.95791876,0.9528606,0.95162344,0.9599102,0.94029236,0.9474414,0.96303594,0.96246517,0.9697995,0.95897955,0.9543624,0.9499083,0.966168,0.95324624,0.9377052,0.94783497,0.7637181,0.9307606,0.95818835,0.93624884,0.9608671,0.8727015,0.9630491,0.943777,0.9499505,0.9429178,0.9673787,0.960457,0.95366216,0.9502688,0.95719594,0.93992376,0.9655576,0.95070094,0.96418023,0.9566868,0.94783497,0.9607306,0.9547053,0.95179415,0.9462934,0.9615689,0.9428645,0.94858456,0.9625525,0.94822484,0.9713793,0.93825954,0.9504627,0.9670485,0.95687616,0.9535228,0.95996153,0.9537492,0.94842374,0.9607664,0.7950571,0.9579623,0.9051164,0.9546045,0.9478132,0.9698524,0.9476266,0.96335083,0.9567261,0.9555697,0.9529475,0.96405196,0.95300615,0.95313704,0.9598159,0.94829667,0.9368254,0.93873173,0.92729926,0.9473421,0.95257914,0.9582996,0.9383833,0.95431393,0.9575259,0.9609272,0.959286,0.9576801,0.93903273,0.9809141,0.96615636,0.94141406,0.9469958,0.9506627,0.96410084,0.9527174,0.9414498,0.9506612,0.95686364,0.95080054,0.96067584,0.948538,0.90731525,0.9617519,0.9350418,0.9505466,0.9380756,0.9618048,0.9345104,0.9809141,0.9516846,0.9627415,0.96598804,0.9467193
apollo11movie,0.94960964,0.9372966,0.95632714,0.96149355,0.9453346,0.94715875,0.9560276,0.9568519,0.97367615,0.9487444,0.94055563,0.94730914,0.94775283,0.95314157,1.0000002,0.9457264,0.95135283,0.93897974,0.94662195,0.96527904,0.9610122,0.96077466,0.9534403,0.9537287,0.95323193,0.77143973,0.9501232,0.949095,0.96763545,0.9426338,0.94609797,0.9468446,0.93539095,0.9565527,0.932142,0.9311874,0.95914936,0.95001256,0.9544887,0.952946,0.9322608,0.96473324,0.9402032,0.9675099,0.9630348,0.9489669,0.95343417,0.93915427,0.94440925,0.967902,0.9660489,0.952431,0.9452811,0.93983483,0.9358115,0.94829553,0.94177365,0.9393889,0.9481176,0.93413883,0.94063807,0.9429137,0.9626178,0.9368015,0.9455122,0.9420787,0.94253796,0.94777715,0.9441213,0.94650775,0.9422296,0.7688011,0.9351998,0.96053326,0.95409226,0.940613,0.89889973,0.95132834,0.9417706,0.9530039,0.93229884,0.94344115,0.9576603,0.95266163,0.951717,0.94554955,0.9303019,0.95547515,0.9461598,0.9651223,0.94734544,0.9422296,0.9600569,0.9511258,0.9539087,0.9646083,0.95729244,0.9478283,0.95185333,0.9450752,0.95728165,0.9480337,0.94964486,0.94975096,0.94753915,0.9677572,0.95758814,0.95071715,0.94831896,0.95526314,0.9617252,0.83207023,0.9519949,0.91934526,0.9494328,0.9488117,0.96121347,0.94690484,0.9532542,0.9484348,0.9609713,0.94388676,0.9498555,0.94490886,0.96016604,0.9478146,0.946262,0.95382863,0.9440452,0.92062896,0.9537025,0.94350517,0.9559123,0.9412782,0.94568247,0.9503718,0.9536951,0.9408325,0.95296973,0.9341038,0.97367615,0.9607923,0.9365385,0.9332812,0.95112884,0.95106304,0.94882774,0.9402512,0.9418501,0.9483193,0.9530775,0.9640962,0.95567983,0.907326,0.93604517,0.9369197,0.9362874,0.9368338,0.95203555,0.9375914,0.97367615,0.9387167,0.96166587,0.9473662,0.95962507
arcticdogsmovie,0.9396436,0.9510732,0.9418554,0.9489886,0.929577,0.92564565,0.9495407,0.9431136,0.9731589,0.93935984,0.93666124,0.9253102,0.9592429,0.9658943,0.9457264,1.0,0.9430583,0.9430485,0.9320455,0.9308891,0.9489104,0.9593458,0.9464389,0.9610148,0.94907373,0.8114401,0.9426309,0.94472843,0.95490277,0.9533316,0.9478987,0.96484995,0.9270451,0.93954563,0.9364477,0.9070061,0.94606966,0.94901943,0.9456705,0.9449491,0.959414,0.95228297,0.9335063,0.96089906,0.9405498,0.938327,0.94287777,0.9374737,0.95843965,0.9600056,0.9536907,0.9640239,0.92733103,0.94759107,0.9469354,0.95267826,0.9424733,0.9382587,0.9507773,0.9305595,0.9605606,0.95014846,0.9469475,0.9542756,0.9518985,0.9474273,0.94109255,0.9559916,0.9544345,0.92019624,0.9386691,0.7908125,0.92518526,0.9599799,0.9363962,0.9428186,0.87916064,0.9567276,0.93687344,0.9381153,0.9514375,0.9481595,0.97186434,0.959865,0.9532824,0.93880427,0.9271129,0.95162,0.93036395,0.95464414,0.9472487,0.9386691,0.9498083,0.9337363,0.9502375,0.94711876,0.9497912,0.9283327,0.9485299,0.9480043,0.93089664,0.9549396,0.92527246,0.9451854,0.94432163,0.9517217,0.93728995,0.9661523,0.953771,0.9525789,0.9536671,0.8321216,0.94920427,0.91090494,0.94665104,0.94792056,0.9573301,0.9445659,0.9679926,0.9478856,0.9580401,0.9465197,0.9621807,0.9405236,0.94699544,0.94751626,0.94429445,0.9395756,0.92428744,0.92259985,0.9361289,0.9435287,0.9601441,0.93443954,0.94019765,0.9552007,0.94635475,0.9561222,0.9485994,0.92007804,0.9731589,0.9602063,0.9236605,0.944793,0.94906694,0.9610426,0.94383633,0.94058424,0.94523174,0.95277405,0.94273436,0.94871974,0.936575,0.89127386,0.93684804,0.9220051,0.9283144,0.925737,0.9453657,0.9288456,0.9731589,0.9221763,0.9585176,0.9378682,0.9403697
arcticmovie,0.9529251,0.93086,0.95979476,0.9360245,0.95432985,0.9391055,0.9599624,0.95089096,0.9762185,0.9406537,0.9561968,0.949508,0.9496812,0.9551477,0.95135283,0.9430583,1.0000005,0.94951206,0.953975,0.93697625,0.94826674,0.95774305,0.9543015,0.95546234,0.9485295,0.79185253,0.9374204,0.966146,0.95846057,0.953507,0.9506739,0.9608849,0.9457467,0.9432095,0.92294836,0.9155689,0.95334506,0.95033914,0.9499983,0.9393754,0.93404955,0.96138006,0.9463917,0.9555785,0.9612635,0.94696254,0.9536605,0.93559563,0.9446741,0.9651292,0.9509153,0.95087266,0.93711936,0.9350773,0.9333372,0.9484555,0.9460162,0.9600115,0.96070325,0.9510858,0.94403106,0.9547174,0.9653936,0.947877,0.9507676,0.9565245,0.9330359,0.95714635,0.9506283,0.95338064,0.95199996,0.74607515,0.95188314,0.94619805,0.9385317,0.9564912,0.87760615,0.9543369,0.95222574,0.93588036,0.9488162,0.94787514,0.9468017,0.96273726,0.94962007,0.95203596,0.93747205,0.9556335,0.9515101,0.95546013,0.96062243,0.95199996,0.9565792,0.94359034,0.93733513,0.941768,0.9707067,0.94489664,0.9530633,0.9456167,0.9506475,0.95305467,0.95387,0.9521376,0.93771535,0.94963175,0.95083046,0.95768434,0.9668619,0.94085807,0.95400596,0.81037724,0.9634927,0.9397481,0.95376587,0.9539218,0.95648265,0.9568635,0.9607163,0.9486153,0.9452522,0.95783705,0.9563504,0.9443243,0.9627688,0.9528272,0.9386746,0.93955743,0.9385382,0.93615746,0.9557278,0.93502015,0.9731901,0.94507873,0.9625152,0.95705086,0.952142,0.94593626,0.9612956,0.9349852,0.9762185,0.9596885,0.9347817,0.950762,0.9436291,0.93993646,0.9331248,0.941369,0.9451695,0.94329673,0.9427514,0.9587777,0.9440943,0.90161353,0.9428435,0.9459676,0.9451346,0.9562822,0.96441185,0.9517943,0.9762185,0.9386688,0.9538813,0.94716424,0.9399781
artofracingmovie,0.9396737,0.9219795,0.93261325,0.9355423,0.958151,0.9348078,0.94078493,0.9465774,0.9696105,0.93514264,0.9342401,0.94998026,0.94640493,0.950406,0.93897974,0.9430485,0.94951206,0.9999998,0.93204933,0.9342885,0.9445235,0.9459022,0.9563242,0.9556325,0.9515491,0.7361877,0.95994776,0.95894766,0.9520644,0.92967355,0.9461521,0.95819855,0.9387517,0.93751746,0.9266287,0.917427,0.9542567,0.95552194,0.9411889,0.94955885,0.9223729,0.9489021,0.936763,0.9446734,0.95962614,0.9595584,0.9506491,0.9431854,0.93795675,0.9515635,0.94713444,0.94765586,0.93387973,0.9205865,0.9202619,0.9565503,0.9325541,0.9607818,0.9616157,0.93840474,0.9265137,0.945982,0.96098787,0.9495776,0.9431862,0.9402562,0.9441685,0.9317783,0.9439844,0.9437937,0.9509421,0.7517846,0.9249886,0.94306064,0.9411724,0.934046,0.87101257,0.9394366,0.9476636,0.93337303,0.9349409,0.93689305,0.94200534,0.941399,0.94598716,0.9373463,0.9238495,0.94321406,0.950897,0.9521124,0.9447106,0.9509421,0.9638423,0.94647765,0.9293515,0.9414271,0.9554354,0.9327053,0.92808,0.9378288,0.95206827,0.94827783,0.9398156,0.9465815,0.9171934,0.94614774,0.9476306,0.95395845,0.9388259,0.9409715,0.95249,0.7885644,0.9680265,0.8904608,0.9558909,0.939106,0.9544851,0.95066893,0.95571065,0.93739176,0.9426891,0.9558846,0.94538295,0.9441553,0.95417404,0.954468,0.93336284,0.9426264,0.9537568,0.9097068,0.9446396,0.9662993,0.9490553,0.93486506,0.9615972,0.94007766,0.9335465,0.94445974,0.9536249,0.96136826,0.9696105,0.9481951,0.93219286,0.95675004,0.94833416,0.94049615,0.92875475,0.93504906,0.9478183,0.9317128,0.92669386,0.9298653,0.95292366,0.89275527,0.9441068,0.9445907,0.95764166,0.94742614,0.9605121,0.9521588,0.9696105,0.95002836,0.9592823,0.9519175,0.93581784
avengers,0.96974635,0.9385806,0.94353175,0.9284425,0.9452143,0.9443015,0.95256823,0.9451619,0.96760976,0.94545585,0.94448036,0.9364475,0.94727045,0.9477193,0.94662195,0.9320455,0.953975,0.93204933,1.0000001,0.928525,0.949333,0.93593097,0.954539,0.9536123,0.95558906,0.7606993,0.93445873,0.9383351,0.9407019,0.9416488,0.96855056,0.94487065,0.92702305,0.9305145,0.9440248,0.91660833,0.9418172,0.9432209,0.94183797,0.9360482,0.90056473,0.95439804,0.94728315,0.95461524,0.94226193,0.93477947,0.95509154,0.93276006,0.9398003,0.9585754,0.93971944,0.94415456,0.94784784,0.9210097,0.9162736,0.94236976,0.9422689,0.9355085,0.94375473,0.94086707,0.9156965,0.9336208,0.9574077,0.92359847,0.9353098,0.9427403,0.94129723,0.9484798,0.93689525,0.9331569,0.9459435,0.7730558,0.947742,0.9529463,0.94327074,0.94848585,0.88308704,0.9447109,0.9509637,0.9408028,0.93659097,0.9439662,0.9258919,0.95564926,0.94870913,0.93298227,0.93616116,0.95571387,0.9419319,0.94918627,0.9386132,0.9459435,0.9527311,0.9526149,0.92500573,0.9368704,0.94686437,0.93544126,0.9264859,0.9412745,0.9358128,0.9538492,0.9228028,0.9440889,0.94419235,0.94087017,0.95170486,0.9325962,0.9369872,0.94425535,0.9496584,0.8241637,0.9420877,0.9149304,0.9468382,0.94091904,0.95398617,0.9454585,0.9543849,0.9470151,0.9367904,0.9437858,0.9443455,0.9375422,0.9496588,0.94431335,0.9498738,0.9489774,0.9442873,0.9204207,0.95656455,0.9388444,0.94573563,0.93069917,0.9413151,0.94531,0.9432799,0.9319899,0.9524935,0.9288791,0.96760976,0.9408983,0.9258081,0.9316276,0.9201755,0.93586886,0.92295283,0.95102465,0.92587656,0.94880456,0.9299019,0.9576344,0.93147856,0.9265417,0.9529075,0.93598264,0.9398436,0.94125974,0.95524174,0.92948765,0.96760976,0.93164873,0.9481284,0.9562841,0.9325892
beachbummovie,0.9343197,0.9151278,0.93431044,0.94013953,0.94561964,0.9438216,0.9420607,0.95214766,0.95944077,0.92769235,0.92703587,0.92012894,0.9251417,0.93518096,0.96527904,0.9308891,0.93697625,0.9342885,0.928525,0.99999964,0.941345,0.95501757,0.942216,0.94067097,0.9431091,0.77369815,0.9341895,0.9285261,0.9503122,0.9379274,0.94118625,0.9376368,0.9340339,0.9394834,0.91646266,0.89572835,0.93707615,0.93830913,0.9491475,0.9303961,0.9083873,0.9549945,0.9298738,0.9503505,0.94426435,0.9480751,0.94304436,0.9333318,0.93081903,0.9515181,0.9470952,0.9324716,0.9268355,0.92206496,0.91912895,0.9407682,0.9239508,0.92953396,0.9382684,0.9149378,0.91735804,0.926656,0.9593879,0.93509793,0.9200821,0.9369237,0.9238582,0.92461413,0.93237615,0.9282849,0.92638487,0.72346413,0.91602004,0.9345437,0.9337118,0.9184595,0.85899854,0.9442593,0.92862004,0.94771576,0.9088306,0.92630327,0.9413803,0.932584,0.93831277,0.9414405,0.91339713,0.9313224,0.9367609,0.9457608,0.92990166,0.92638487,0.9404591,0.94640464,0.9380996,0.95771974,0.95191485,0.96236116,0.92739934,0.92247295,0.9308203,0.9405146,0.9353307,0.93589497,0.920743,0.9463084,0.9332351,0.9406302,0.9309979,0.9373909,0.93836147,0.7897266,0.9372534,0.89721245,0.9361141,0.9290619,0.9426137,0.93813205,0.93172145,0.93798435,0.9364604,0.92473024,0.9227844,0.9433293,0.9510168,0.9439691,0.94223326,0.9344735,0.94215256,0.91636354,0.93707985,0.9406093,0.9329668,0.9152447,0.9311267,0.9439516,0.94096327,0.93123084,0.9361781,0.9318457,0.95944077,0.94210106,0.9166787,0.9273267,0.9334781,0.9186373,0.91966087,0.92756635,0.931446,0.93458337,0.93414086,0.93981296,0.9528091,0.88246876,0.9213351,0.926116,0.92805284,0.91784334,0.94870365,0.91293776,0.95944077,0.9304487,0.9510661,0.93494076,0.93853307
bernadettefilm,0.94700944,0.942116,0.95938295,0.9525096,0.9477551,0.9386768,0.96643585,0.95538574,0.97360474,0.950463,0.9473017,0.95297366,0.96195537,0.9517491,0.9610122,0.9489104,0.94826674,0.9445235,0.949333,0.941345,1.0000002,0.9678449,0.9487173,0.96214026,0.950717,0.7860251,0.95690536,0.9485814,0.96632856,0.9363871,0.96001256,0.9559776,0.92554414,0.94488525,0.94892275,0.9304523,0.949496,0.9519023,0.94517833,0.9372391,0.9254551,0.9560564,0.9353198,0.9602338,0.95840245,0.9638839,0.9488867,0.946623,0.95048606,0.9613094,0.966394,0.95772487,0.9362446,0.93495935,0.9396372,0.9488841,0.9580601,0.9418502,0.9555662,0.9437555,0.9403868,0.95144975,0.96365297,0.93656415,0.94505376,0.9511629,0.9563094,0.9495106,0.94718003,0.9386543,0.94928443,0.78814214,0.93407565,0.9598734,0.9472837,0.94567895,0.8878031,0.9484485,0.9636755,0.9444093,0.9349948,0.9543558,0.9442708,0.9522816,0.9496686,0.9448202,0.9470963,0.95768785,0.95694894,0.96006024,0.95581824,0.94928443,0.967667,0.9529488,0.9462833,0.94976753,0.95718545,0.9280638,0.9390601,0.9459183,0.9607818,0.9505409,0.94459295,0.95389694,0.9450884,0.9643237,0.9505496,0.9468329,0.94287765,0.9539908,0.9610804,0.82243055,0.9454384,0.9175315,0.9719159,0.94466984,0.95477194,0.9456075,0.94971174,0.95750314,0.9544569,0.9452497,0.96144223,0.93949085,0.95874405,0.95259184,0.9523914,0.96421957,0.9407427,0.92671037,0.970022,0.94911444,0.9504281,0.93494,0.9471467,0.9422742,0.9313335,0.93772596,0.95608073,0.9355174,0.97360474,0.9682786,0.94224757,0.94467205,0.95289207,0.9561347,0.94176847,0.9540269,0.94530743,0.93982,0.94875365,0.9563724,0.95149595,0.9142505,0.94382066,0.9359171,0.94111836,0.9403806,0.9469845,0.93106455,0.97360474,0.9491368,0.9559394,0.9529106,0.95761245
