movie,21bridgesmovie,47metersdown,abeautifuldaymovie,abominablemovie,adastramovie,adogsjourneymovie,aftermathmovie,aftermovie,ahiddenlifefilm,alitamovie,angelhasfallen,angrybirdsmovie,annabellemovie,annamovie,apollo11movie,arcticdogsmovie,arcticmovie,artofracingmovie,avengers,beachbummovie,bernadettefilm,blackandbluemovie,blackchristmas,blindedbythelightmovie,bombshellmovie,booksmart,breakthroughmovie,brianbanksmovie,brightburnmovie,brittanyrunsmov,captainmarvelofficial,captivestatemovie,catsmovie,charliesangels,childsplaymovie,clarathefilm,coldpursuitmovie,countdown,currentwarmovie,darkwatersmovie,detectivepikachumovie,disneyaladdin,disneyfrozen,disneymaleficent,doctorsleepmovie,dolemiteismyname,dontletgomovie,doramovie,downtonabbey_official,dumbo,escaperoom,everybodyknowsmovie,fastandfuriousmovie,fightingwmyfam,fivefeetapartfilm,fordvferrari,freaksthefilm,geminimanmovie,glassmovie,gloriabellmovie,godzillamovie,goldfinchmovie,goodboysmovie,goodliarmovie,gretafilm,halathemovie,happydeathdaymovie,harrietfilm,hellboymovie,hersmellmovie,highlifemovie,highstrungmovie,honeyboymovie,hotelmumbaifilm,httydragon,hustlemovie,hustlersmovie,isntitromantic,itmovieofficial,jayandsilentbob,johnwickmovie,jojorabbitmovie,jokermovie,judythefilm,jumanjimovie,justmercyfilm,knivesout,lalloronamovie,lastblackmansf,lastchristmasthemovie,latenightmovie,lighthousemovie,lionking,littlethemovie,littlewomenmovie,littlewoodsfilm,longshotmovie,lordsofchaosmovie,lucyintheskyfilm,mamovie2019,marriagestory,meettheaddams,meninblack,midsommarmovie,midwaymovie,missbalamovie,missinglinkfilm,motherlessbklyn,onceinhollywood,onthebasisofsex,overcomermovie,peanutbutterfalcon,petsematarymovie,piercingmovie,playingwithfire,playmobilthemovie,pomsmovie,queenandslim,rambomovie,readyornotfilm,richardjewellfilm,rocketmanmovie,scarystoriesmovie,secretlifeofpets,serenityfilm,shaftmovie,shazammovie,spidermanmovie,spiesindisguise,starwars,stormboymovie,stubermovie,taosdfilm,teenspiritmov,terminator,theaeronautsmov,thebestofenemies,thedeaddontdie,thefarewell,thehighwaymen,thehummingbirdprojectfilm,theintrudermovie,theirishmanfilm,thekitchenmovie,thelegomovie,themustangfilm,thenightingalefilm,theprodigymovie,thesunisalsoastar,theupsidefilm,tolkienmovie,toystory,triplefrontier,uglydolls,uncutgems,underthesilverlake,usmovie,wavesmovie,whatmenwant,wonderparkmovie,wrinklestheclown,xmenmovies,yardiefilm,yesterdaymovie,zombieland
21bridgesmovie,1.0000002,0.96046823,0.97241664,0.96838504,0.9740856,0.94792205,0.9833401,0.9754082,0.9890429,0.96613824,0.97746205,0.9513374,0.98191947,0.9721117,0.95534176,0.9801906,0.9634628,0.9775867,0.9803199,0.9565583,0.98253113,0.9622795,0.9775844,0.97392714,0.96240366,0.7297075,0.9626222,0.9642304,0.96398044,0.95819104,0.97564787,0.974995,0.94959027,0.95601755,0.9470866,0.9465754,0.9824887,0.983455,0.9730971,0.96850663,0.96031886,0.9835106,0.9749292,0.9852323,0.9649138,0.98045963,0.9739104,0.97743744,0.976506,0.9884617,0.9652109,0.9803747,0.9783693,0.97288316,0.96616286,0.9711289,0.969394,0.9725426,0.98001975,0.98448706,0.9838598,0.96127766,0.971342,0.98069495,0.978179,0.9542984,0.95784736,0.97988474,0.9725501,0.9626058,0.9823845,0.32805157,0.9585023,0.9791004,0.97050124,0.9344661,0.9133568,0.96986014,0.978899,0.9590845,0.98144007,0.97926027,0.9776964,0.97396433,0.96772826,0.95559174,0.9760417,0.98292446,0.96421576,0.98441374,0.96236026,0.9823845,0.95142776,0.9660641,0.9755851,0.9642696,0.96684206,0.9796196,0.9701078,0.96647954,0.98231375,0.973302,0.9489051,0.97971946,0.96940714,0.96961963,0.98288053,0.9824167,0.9453553,0.96653426,0.9695092,0.58736473,0.97347075,0.92165256,0.967706,0.9807569,0.9961796,0.9663028,0.9782861,0.97756183,0.9730512,0.9599882,0.97367877,0.95056325,0.9695265,0.9861641,0.97408277,0.96300584,0.97244096,0.9301319,0.97957164,0.9657257,0.9674141,0.954779,0.9761297,0.96018136,0.98591125,0.97890073,0.9812913,0.9812008,0.9890429,0.9740081,0.98134226,0.97944313,0.97612745,0.97521424,0.967302,0.9579282,0.97642756,0.9715017,0.97663945,0.9830387,0.9762465,0.93519455,0.9647025,0.9838471,0.95906407,0.96770984,0.9656949,0.9622257,0.9890429,0.96479,0.95643544,0.9764949,0.9661992
47metersdown,0.96046823,1.0,0.9394099,0.9256549,0.9530703,0.9380221,0.9553105,0.9362543,0.9573015,0.9432015,0.94034517,0.9224834,0.94705933,0.95049953,0.92847544,0.9681662,0.9433768,0.9602775,0.96407783,0.9421282,0.9514149,0.92693627,0.9439139,0.94144505,0.93693995,0.7226268,0.95132416,0.9421839,0.9294226,0.91905576,0.94786775,0.95092666,0.8880363,0.92580163,0.9448783,0.9513654,0.96656805,0.9413582,0.9405631,0.948922,0.90805995,0.94411635,0.94876266,0.94325954,0.9262144,0.9587814,0.93789274,0.9638131,0.95192415,0.9505761,0.93323034,0.96613705,0.9331378,0.9335418,0.9264719,0.9438357,0.9499722,0.9362286,0.93949306,0.9546099,0.94854563,0.934641,0.9333438,0.93893015,0.95547116,0.9307484,0.91984826,0.95829,0.930769,0.93643135,0.9414013,0.29318425,0.9292488,0.9363761,0.93807846,0.86722016,0.9155512,0.92401856,0.94976336,0.92103034,0.9431208,0.9401486,0.9478569,0.93746775,0.96171105,0.9242515,0.9598676,0.9243628,0.9400108,0.9556963,0.9310004,0.9414013,0.932864,0.9189262,0.9536828,0.91017145,0.9244902,0.94420654,0.95624125,0.9440076,0.95851874,0.93957746,0.9119715,0.9371225,0.9662503,0.93839645,0.9522728,0.9498455,0.91049516,0.9341002,0.9282418,0.5912037,0.9437773,0.8850843,0.9248664,0.9499939,0.95355827,0.93750226,0.9535037,0.9548329,0.9477942,0.92808074,0.93646675,0.92027855,0.9404539,0.95266575,0.9457002,0.9248996,0.9522235,0.89622724,0.9497509,0.94633484,0.94687873,0.93979675,0.95376754,0.92093694,0.96220624,0.9652358,0.9458143,0.96031946,0.9573015,0.9370561,0.9584265,0.94350904,0.93982524,0.94449836,0.9356541,0.93179876,0.95489734,0.9461803,0.95010793,0.9331479,0.94255656,0.91824293,0.9104365,0.95156556,0.94881874,0.9282963,0.9197324,0.9209265,0.9573015,0.92104924,0.9033015,0.93505543,0.93062854
abeautifuldaymovie,0.97241664,0.9394099,1.0,0.9533645,0.9635346,0.9596381,0.96887106,0.9579888,0.98520184,0.9553232,0.9710313,0.9637909,0.9768536,0.9699671,0.9612618,0.9644387,0.97016954,0.9783024,0.9680492,0.9454102,0.9739823,0.9685184,0.9830275,0.97419524,0.978039,0.7052161,0.9516893,0.9705071,0.98817587,0.951692,0.9712792,0.9530703,0.944854,0.9697347,0.92206085,0.93257403,0.9705072,0.96505207,0.9788249,0.95177174,0.95022076,0.96710855,0.95660007,0.9712395,0.9701667,0.9594789,0.9806755,0.97482145,0.97243124,0.97352403,0.98656493,0.9674663,0.9755427,0.9717549,0.94109684,0.9661669,0.95457524,0.95742744,0.9730747,0.972446,0.9751343,0.96527636,0.97434276,0.969829,0.9679623,0.95809734,0.9674889,0.960889,0.97773385,0.95144194,0.97523874,0.33316362,0.9431614,0.96796066,0.95829433,0.92680836,0.87332314,0.9562688,0.9767361,0.9557725,0.96711177,0.96048915,0.9784866,0.96844035,0.9718495,0.9591815,0.9547826,0.9801494,0.9652423,0.97924393,0.9559454,0.97523874,0.9436697,0.96595937,0.98358417,0.9709086,0.95840985,0.9664091,0.9657224,0.9666661,0.96098393,0.9713642,0.9782462,0.97470033,0.9625831,0.9850594,0.97494006,0.96541667,0.9721397,0.9513594,0.97710675,0.5723714,0.9589691,0.89172226,0.95670027,0.96390057,0.9782553,0.9667639,0.96819925,0.9668802,0.96866107,0.94686735,0.97027427,0.9539241,0.9747496,0.9767044,0.9714243,0.96581066,0.971415,0.8944928,0.96968627,0.9583937,0.9699582,0.94140893,0.9604409,0.95339185,0.9731225,0.9695114,0.97073364,0.96851295,0.98520184,0.98013103,0.9580601,0.9677447,0.97333217,0.96048385,0.96129334,0.93414,0.97082096,0.9541776,0.96865165,0.97473705,0.98030305,0.9125109,0.9413016,0.96807617,0.96500623,0.96919376,0.9558079,0.94839346,0.98520184,0.9515553,0.9647437,0.9751161,0.9731565
abominablemovie,0.96838504,0.9256549,0.9533645,0.9999997,0.9610548,0.9491977,0.9697646,0.96265924,0.97910106,0.9432544,0.9681848,0.9434446,0.96622276,0.96067756,0.94779533,0.956882,0.96665335,0.9604295,0.96101314,0.93557936,0.976753,0.94893277,0.9638718,0.95726824,0.95489246,0.74660045,0.9681688,0.9581836,0.94287765,0.96156305,0.96060103,0.9598444,0.92579025,0.9353385,0.9386097,0.92012775,0.95612377,0.95671296,0.9694025,0.949238,0.9458226,0.9687969,0.96344376,0.9656122,0.95701385,0.9694719,0.9599646,0.9576094,0.9557202,0.97143203,0.9465056,0.9605973,0.9669742,0.95253664,0.9502436,0.96622515,0.9698104,0.9686796,0.97671545,0.97128683,0.9653517,0.97013116,0.969244,0.9589695,0.96052206,0.9499294,0.9737433,0.9606931,0.9642291,0.95543396,0.9664393,0.3638926,0.9656936,0.9784693,0.9655729,0.939849,0.8872681,0.9655139,0.9597861,0.9565822,0.9712371,0.9642787,0.9646695,0.9739229,0.9577351,0.93868816,0.96466804,0.9694952,0.9467782,0.9696997,0.9700188,0.9664393,0.9580717,0.97194594,0.94547343,0.9567174,0.95875454,0.9732004,0.96370625,0.94127697,0.9615404,0.961502,0.93701303,0.9645233,0.9486964,0.95192,0.97562176,0.9600341,0.9457431,0.94907963,0.9694435,0.60055,0.96778893,0.9377966,0.9745427,0.9651481,0.9636763,0.94759965,0.96482044,0.96359086,0.9700486,0.9644711,0.97197694,0.96407056,0.9613774,0.96812713,0.95374006,0.9456754,0.9711748,0.9307612,0.9725168,0.95290095,0.97245413,0.92916906,0.97451866,0.9710373,0.9571616,0.96669596,0.9645845,0.96434635,0.97910106,0.96185464,0.9685761,0.9650222,0.95827246,0.9572111,0.96388596,0.94842166,0.96175057,0.9249486,0.9642253,0.97263145,0.9609832,0.8980958,0.9552812,0.96943104,0.9486829,0.95914096,0.96088636,0.96981,0.97910106,0.96137536,0.959354,0.9637385,0.949578
adastramovie,0.9740856,0.9530703,0.9635346,0.9610548,1.0,0.94321495,0.97880703,0.96668947,0.9796882,0.97617096,0.9686984,0.94189376,0.97228825,0.96414655,0.9505589,0.9713391,0.96122146,0.9767376,0.962415,0.92807007,0.97207534,0.95154995,0.9641585,0.961014,0.95890695,0.73352253,0.97616386,0.9616515,0.9609645,0.957083,0.965559,0.95670164,0.90927744,0.962562,0.9311501,0.94385195,0.9731436,0.95776623,0.9671877,0.95315844,0.9627678,0.97869915,0.96825767,0.9690235,0.9603542,0.9637422,0.9576392,0.9572412,0.9664942,0.9747506,0.9560534,0.9718794,0.95982337,0.96577555,0.95271623,0.9754659,0.96094257,0.9707771,0.9695238,0.98178816,0.96133137,0.97023696,0.9583899,0.9641723,0.96959496,0.9554884,0.9564601,0.96565735,0.9744089,0.94709045,0.97622097,0.37603113,0.95567065,0.9662483,0.95083135,0.92549616,0.9098966,0.9533867,0.9704442,0.9389921,0.9704595,0.9676846,0.9776117,0.9621239,0.96608603,0.93965966,0.96631867,0.96793884,0.9635688,0.96878695,0.9555008,0.97622097,0.954436,0.9662323,0.973667,0.94642085,0.9461558,0.9612484,0.9738668,0.9540708,0.96724457,0.9647561,0.93953604,0.9719223,0.97563624,0.9609304,0.972245,0.9693452,0.9463101,0.94839466,0.9676761,0.6117395,0.9678619,0.92771107,0.9715241,0.9696448,0.9710191,0.95671767,0.9796751,0.9845063,0.96145874,0.96245897,0.9677239,0.9313435,0.9756068,0.9688303,0.97238094,0.9423002,0.97747815,0.9171468,0.9696285,0.96472764,0.95323074,0.92855483,0.97488475,0.9581991,0.9712505,0.9739727,0.9635911,0.9597116,0.9796882,0.9662657,0.96709216,0.96526605,0.96347344,0.9637787,0.95487493,0.9431927,0.9744519,0.95199025,0.9652251,0.9646172,0.96356475,0.9256312,0.9588179,0.9766107,0.9480066,0.97242904,0.9649134,0.9684128,0.9796882,0.9576647,0.93708456,0.9571094,0.95660144
adogsjourneymovie,0.94792205,0.9380221,0.9596381,0.9491977,0.94321495,0.9999998,0.95167273,0.9386657,0.97045976,0.9430717,0.95075613,0.9599545,0.94217366,0.9545417,0.94571656,0.94739234,0.95212173,0.94208175,0.9580505,0.930924,0.9693891,0.94497836,0.9666689,0.9630884,0.9644237,0.7037375,0.9449823,0.943086,0.95805895,0.95344174,0.957853,0.95679843,0.9204384,0.9248295,0.92032963,0.92505336,0.96209306,0.93496436,0.95416766,0.9421189,0.9184886,0.9371916,0.9566458,0.9461667,0.93208855,0.935846,0.9657214,0.9619313,0.94171286,0.9495307,0.9488698,0.9535494,0.9626835,0.92742264,0.926045,0.94866776,0.95565647,0.9385666,0.9537601,0.94989604,0.9510143,0.9565068,0.94873613,0.9409887,0.9533204,0.9432842,0.9728061,0.95195913,0.948734,0.95653814,0.95167655,0.34831265,0.93873686,0.968691,0.93829525,0.914601,0.8482208,0.9524296,0.9603439,0.947314,0.9501167,0.93902797,0.959666,0.95705295,0.9538617,0.9450193,0.94454294,0.9391372,0.93722445,0.9751505,0.96601385,0.95167655,0.9529093,0.95537096,0.9495906,0.9448974,0.9519269,0.9563845,0.9559388,0.93907565,0.944322,0.9594743,0.9519932,0.94457316,0.9590959,0.947965,0.9553751,0.9403054,0.9587572,0.9340667,0.9644678,0.557154,0.93847334,0.890802,0.94097,0.9489572,0.951383,0.9522458,0.96417606,0.9413524,0.96274346,0.9476675,0.95970005,0.9673206,0.95841175,0.9520412,0.94821703,0.93674767,0.95226294,0.9185322,0.9553344,0.92906356,0.9571002,0.9168702,0.9412275,0.9526205,0.9424786,0.97014594,0.95414066,0.9516817,0.97045976,0.94897056,0.92954654,0.9499663,0.9585976,0.9404259,0.9460935,0.9200178,0.9456172,0.91483855,0.95244503,0.9434845,0.9549373,0.90667605,0.9109944,0.9542184,0.97660965,0.94128525,0.932886,0.9344215,0.97045976,0.9382077,0.94992816,0.96097267,0.929271
aftermathmovie,0.9833401,0.9553105,0.96887106,0.9697646,0.97880703,0.95167273,1.0,0.9788972,0.9868091,0.96234274,0.9756995,0.9616329,0.98256636,0.96510136,0.9470128,0.9784114,0.96598715,0.9788158,0.9785281,0.94675636,0.9737312,0.9641621,0.9698615,0.9714417,0.9595433,0.742725,0.97544295,0.96547925,0.96352166,0.9646564,0.981221,0.9755738,0.92403877,0.9517137,0.9536046,0.9442357,0.97582835,0.9668963,0.9659095,0.9628257,0.9518681,0.97214067,0.9696703,0.97232705,0.9677353,0.9820249,0.9669056,0.96912867,0.9694163,0.97903395,0.9681551,0.979522,0.966806,0.9601445,0.96381116,0.97542787,0.9754928,0.96867895,0.97603506,0.9861631,0.9784068,0.95712,0.9681078,0.9654001,0.9774078,0.9633859,0.96718,0.97576123,0.97877103,0.9675926,0.9781772,0.35472336,0.9699686,0.97795355,0.9591879,0.9284664,0.9090433,0.961167,0.9732582,0.95673573,0.9819666,0.979263,0.9775149,0.9799926,0.9733771,0.95213956,0.97423345,0.9798088,0.96933776,0.98047006,0.9636058,0.9781772,0.9498397,0.96617824,0.96853626,0.95661306,0.9581653,0.978372,0.98524714,0.962564,0.9801519,0.96935993,0.9496026,0.9791657,0.97186846,0.9722236,0.982968,0.97171825,0.9589649,0.9666585,0.97473097,0.5897366,0.97067374,0.9353656,0.97244304,0.9744569,0.9744056,0.9601557,0.98236835,0.99272376,0.97213703,0.9600919,0.9788952,0.9566731,0.9715821,0.98302084,0.9778762,0.9578935,0.96869504,0.9325817,0.9715017,0.96418935,0.971551,0.9352447,0.9756064,0.9698313,0.977205,0.97769684,0.9759963,0.98033726,0.9868091,0.9780456,0.9736926,0.97946465,0.9633856,0.9699499,0.963662,0.96040964,0.9724656,0.94505674,0.98926437,0.9741881,0.97799706,0.93224585,0.96539116,0.9813362,0.94746673,0.9694443,0.9727961,0.96860695,0.9868091,0.9565807,0.9480156,0.96052855,0.9657257
aftermovie,0.9754082,0.9362543,0.9579888,0.96265924,0.96668947,0.9386657,0.9788972,0.99999994,0.9777139,0.94504297,0.9790962,0.94431067,0.97401434,0.9617159,0.9437531,0.9584684,0.96069163,0.9671786,0.9784695,0.942463,0.9689715,0.95446116,0.9538069,0.96035075,0.9433194,0.7548569,0.95959204,0.96452576,0.95223993,0.96384996,0.9721137,0.951838,0.92671335,0.93642616,0.94639885,0.93859696,0.9678815,0.96206784,0.97073895,0.95717996,0.9649544,0.9705955,0.9470861,0.9631706,0.9664152,0.9695439,0.9526353,0.96329004,0.96483684,0.96792597,0.9523375,0.9573585,0.9500746,0.95821536,0.9757176,0.9844627,0.9589432,0.97544366,0.9594086,0.96800315,0.97013277,0.943324,0.96399283,0.97388566,0.957476,0.9622651,0.95700705,0.96211594,0.9750351,0.9666858,0.96122676,0.36250368,0.9752065,0.9710079,0.9574304,0.94579166,0.89222366,0.95862615,0.966831,0.9456491,0.97898674,0.9672715,0.9751362,0.968547,0.95448554,0.95760536,0.9732804,0.9729426,0.968126,0.96572816,0.965723,0.96122676,0.9432245,0.95054096,0.9621237,0.9519849,0.9599172,0.9618959,0.97300154,0.9380629,0.9634391,0.9642041,0.934577,0.97049,0.95361066,0.95611393,0.9706224,0.96409065,0.94801176,0.95424706,0.9613673,0.61165386,0.972965,0.91430473,0.9488398,0.96722627,0.9684543,0.950869,0.969269,0.9706202,0.97628766,0.95288247,0.97121334,0.94423676,0.9656824,0.9663783,0.96598643,0.9503578,0.96458405,0.91234654,0.9668304,0.94098884,0.9604495,0.9326984,0.96825176,0.96560585,0.96395904,0.9626588,0.9561993,0.96899325,0.9777139,0.96680725,0.95063597,0.98053485,0.97255373,0.95506114,0.96449614,0.9551396,0.9705536,0.93626726,0.97619396,0.9597487,0.9601182,0.9131881,0.9526719,0.9665187,0.92741853,0.9611886,0.97219056,0.96403205,0.9777139,0.9465805,0.94638336,0.9492746,0.9488865
ahiddenlifefilm,0.9890429,0.9573015,0.98520184,0.97910106,0.9796882,0.97045976,0.9868091,0.9777139,0.9999999,0.97216886,0.98715246,0.9706032,0.9864312,0.9843038,0.9769616,0.9754978,0.98296815,0.98246264,0.98349684,0.9649592,0.9902784,0.9761919,0.9892759,0.98527604,0.9819941,0.7489974,0.97302073,0.9805791,0.9815759,0.9722812,0.98512715,0.9790591,0.95506644,0.9681412,0.9516599,0.9568903,0.9857015,0.9782637,0.9878544,0.9758761,0.9636753,0.98809516,0.9777763,0.9879141,0.9802295,0.9799676,0.98731923,0.9817428,0.9855292,0.98988277,0.98169637,0.9863419,0.9848597,0.97797394,0.967008,0.97987276,0.9791436,0.98281187,0.99021536,0.9878841,0.986201,0.9770466,0.9856952,0.9847144,0.9855187,0.9777984,0.98219585,0.9822072,0.98456895,0.97309977,0.98875386,0.35583732,0.9739204,0.9890945,0.97596306,0.9514978,0.9024019,0.97838885,0.9887424,0.9729448,0.9853606,0.9771384,0.98845637,0.98910815,0.9779966,0.9701707,0.9785642,0.9878373,0.977741,0.9913683,0.97927314,0.98875386,0.9736702,0.98180985,0.9843812,0.981885,0.97868496,0.9852359,0.9809379,0.9741898,0.9809061,0.98275393,0.9730166,0.9870937,0.9783871,0.98328614,0.9893029,0.9844357,0.9712804,0.9731549,0.98501796,0.6030988,0.98152274,0.9329811,0.9782883,0.9864902,0.9888746,0.9798604,0.9877944,0.9824287,0.9850554,0.97739255,0.9878536,0.97347665,0.98625004,0.98948824,0.9863414,0.9715044,0.9849631,0.93443775,0.98695433,0.9699376,0.9862912,0.9542943,0.98539376,0.973029,0.98183155,0.99001133,0.98752093,0.98342746,0.9999999,0.98656714,0.98051214,0.98725206,0.9840964,0.98109585,0.9773015,0.95964336,0.98637867,0.9563615,0.9856305,0.98422843,0.98675805,0.92326576,0.9645409,0.9892286,0.9724465,0.9811619,0.975029,0.9757633,0.9999999,0.97160363,0.9773162,0.98481727,0.9760973
alitamovie,0.96613824,0.9432015,0.9553232,0.9432544,0.97617096,0.9430717,0.96234274,0.94504297,0.97216886,0.99999994,0.953005,0.9345225,0.9578903,0.9561873,0.96295524,0.9540727,0.95376766,0.959029,0.94904494,0.9483855,0.963978,0.94527113,0.9669713,0.9512596,0.96093124,0.7043147,0.95182884,0.9597291,0.95182157,0.9522668,0.9585089,0.9620757,0.91571593,0.95431834,0.90583843,0.9423612,0.9625019,0.94740164,0.95560074,0.93841076,0.9563754,0.96398073,0.9516174,0.9585567,0.9557556,0.9561243,0.96065754,0.94103825,0.961493,0.9616151,0.9521575,0.9680317,0.96709675,0.95505816,0.9451786,0.9567674,0.9592664,0.96410865,0.9650595,0.96602124,0.9511124,0.9614874,0.95677304,0.9621236,0.97091174,0.944508,0.9538054,0.9652934,0.95969194,0.93489605,0.9677262,0.36885303,0.94991297,0.9597093,0.9279451,0.91078734,0.89794207,0.9413939,0.9604922,0.9315763,0.9589576,0.95068395,0.97469044,0.96060544,0.9603839,0.9320341,0.9519389,0.9584458,0.9571666,0.96145505,0.9475752,0.9677262,0.9578148,0.96157956,0.9663349,0.9514213,0.9471477,0.9640885,0.95823735,0.9533928,0.9543832,0.96566665,0.9353558,0.9598687,0.98406965,0.95301294,0.961041,0.9578074,0.93434334,0.9491317,0.9532484,0.6006021,0.9433119,0.89817834,0.95987844,0.95762056,0.96702343,0.9622297,0.9695343,0.96658117,0.95120907,0.94948715,0.96217054,0.9270815,0.9566851,0.9623887,0.96711665,0.9400538,0.96721095,0.8984171,0.94813824,0.959081,0.95213306,0.92557406,0.96424955,0.9532246,0.9553284,0.9749024,0.96082246,0.956393,0.97216886,0.95098966,0.9594118,0.95949763,0.96198237,0.9610818,0.94750583,0.9216653,0.9712872,0.94870037,0.94874924,0.9551967,0.9610449,0.92303026,0.9465014,0.96883744,0.9571987,0.9609294,0.93517196,0.9450624,0.97216886,0.959938,0.9433589,0.9637505,0.9503811
angelhasfallen,0.97746205,0.94034517,0.9710313,0.9681848,0.9686984,0.95075613,0.9756995,0.9790962,0.98715246,0.953005,1.0000001,0.95009345,0.98360187,0.96900153,0.96728307,0.965772,0.9680331,0.96773094,0.9763965,0.9450581,0.9806114,0.97067213,0.9714419,0.9691722,0.9553092,0.73695225,0.9661038,0.96755576,0.97314894,0.95291406,0.97167724,0.95875883,0.9443571,0.9597196,0.93315816,0.9493395,0.9736294,0.96810186,0.98413104,0.96070856,0.96966547,0.9783917,0.96407837,0.97226995,0.9675372,0.96607393,0.9716047,0.9671599,0.9671552,0.9741307,0.9683312,0.96755767,0.97096705,0.9648592,0.9641439,0.9764844,0.9615768,0.97210217,0.97802645,0.9741438,0.97238094,0.95244336,0.97045845,0.9761525,0.975831,0.97658914,0.9691928,0.9563603,0.978996,0.954718,0.97086686,0.3567455,0.9651845,0.9751525,0.9631493,0.95647025,0.8891648,0.96776396,0.9830893,0.95052415,0.98289925,0.97004026,0.9748963,0.97561646,0.9638521,0.9575797,0.9704407,0.98335326,0.975056,0.9732894,0.9745146,0.97086686,0.9562313,0.9719676,0.97204655,0.9748541,0.97368294,0.9675185,0.96822065,0.95406735,0.96669817,0.9729512,0.963632,0.9701361,0.9666434,0.97303605,0.9797472,0.97749364,0.96134037,0.9476116,0.9756508,0.61561286,0.9767758,0.93009514,0.96290123,0.98269916,0.972454,0.96486336,0.9802024,0.9674434,0.97527933,0.96859986,0.97277105,0.95641345,0.97838724,0.97568226,0.97867084,0.9554624,0.9684964,0.921086,0.9791666,0.951295,0.96877116,0.9301874,0.9719747,0.958185,0.9620491,0.9683427,0.9662105,0.9712274,0.98715246,0.9798681,0.9660527,0.97699165,0.9796931,0.96939224,0.96411264,0.9413902,0.9713365,0.9319595,0.97770053,0.9651973,0.9688966,0.9049226,0.95801425,0.9756168,0.94608283,0.9670422,0.9727738,0.9638647,0.98715246,0.9583527,0.96303755,0.964982,0.9660367
angrybirdsmovie,0.9513374,0.9224834,0.9637909,0.9434446,0.94189376,0.9599545,0.9616329,0.94431067,0.9706032,0.9345225,0.95009345,1.0000001,0.95241714,0.9671248,0.9355923,0.9357012,0.9469923,0.9481108,0.9542794,0.94178873,0.96232104,0.9723007,0.95767826,0.96779263,0.9520665,0.68794036,0.93292975,0.9446008,0.96585906,0.9672153,0.96201503,0.9472804,0.9098965,0.94559574,0.9229761,0.92996055,0.9500464,0.9566962,0.9473023,0.95234686,0.91922945,0.9481147,0.94676924,0.95463306,0.95839375,0.9516592,0.9538638,0.9630471,0.95461917,0.95328104,0.9694586,0.9494184,0.9568436,0.96426696,0.9269502,0.94046444,0.94831854,0.94929117,0.9713474,0.957889,0.9596811,0.94350755,0.9499137,0.9548054,0.9470064,0.9607412,0.960724,0.94702476,0.95703864,0.9668013,0.96233153,0.31070197,0.94444925,0.96346104,0.9604387,0.9088947,0.84697723,0.9428462,0.9734117,0.9407278,0.9561753,0.94565,0.9576831,0.9734355,0.962611,0.9433166,0.94696933,0.95159674,0.9489506,0.9655858,0.9549504,0.96233153,0.9314608,0.93626505,0.95695627,0.95185035,0.9372594,0.95879555,0.9595442,0.9653811,0.9442883,0.9506265,0.9585779,0.9604002,0.9492658,0.97062814,0.95753896,0.94463456,0.9608657,0.9364279,0.9509145,0.5822741,0.94742835,0.9196048,0.9471655,0.95746464,0.9518273,0.9656413,0.9537587,0.950334,0.9469832,0.9481966,0.9605461,0.9531204,0.9573072,0.96667445,0.95298195,0.94001937,0.949779,0.91948766,0.96236855,0.9173406,0.9587851,0.91385657,0.9423624,0.96263427,0.9462014,0.9616869,0.96883833,0.9650968,0.9706032,0.96219176,0.9435094,0.95821726,0.94774115,0.934765,0.95948946,0.93108386,0.95320916,0.9201844,0.95563895,0.94777006,0.9644741,0.8946679,0.9178666,0.9625244,0.94870055,0.94704384,0.93797505,0.93940604,0.9706032,0.93295413,0.9418394,0.94978565,0.95296836
annabellemovie,0.98191947,0.94705933,0.9768536,0.96622276,0.97228825,0.94217366,0.98256636,0.97401434,0.9864312,0.9578903,0.98360187,0.95241714,1.0000001,0.9642459,0.9604735,0.967896,0.97617394,0.98308563,0.970133,0.94728565,0.97650146,0.96221703,0.9727049,0.9715198,0.9603337,0.7572246,0.9661732,0.9722745,0.9700528,0.95681566,0.96928155,0.9616484,0.9451552,0.96975565,0.9452576,0.93973005,0.97202206,0.9773017,0.97681046,0.9607936,0.95850074,0.9803248,0.96438444,0.97846156,0.9703865,0.97915,0.9700009,0.97119844,0.97304225,0.9808453,0.9721771,0.9721286,0.9688168,0.97257304,0.95352864,0.9723766,0.9632,0.9728129,0.97366565,0.9765901,0.98166656,0.9568854,0.97579557,0.9818927,0.9707233,0.9591721,0.9595662,0.9658326,0.98011625,0.9526183,0.97285885,0.33436793,0.95839393,0.97191465,0.9590171,0.9330633,0.9288753,0.96714973,0.97650236,0.9560066,0.9798422,0.9804587,0.98388296,0.9692727,0.98121965,0.9635028,0.9720865,0.9890068,0.9738049,0.9748895,0.9592952,0.97285885,0.9427401,0.9670203,0.9764879,0.9648918,0.9630212,0.96931815,0.97327447,0.9592537,0.9718878,0.9695399,0.96020186,0.9744394,0.96464777,0.9768295,0.98439556,0.9871548,0.9605863,0.96191865,0.9722091,0.6206053,0.97708297,0.92136645,0.9690413,0.97266346,0.9790176,0.9564067,0.97217196,0.9784205,0.9733623,0.9584305,0.97339374,0.949615,0.9685886,0.9780123,0.97866285,0.9508156,0.9682984,0.9043663,0.97590435,0.966671,0.97045004,0.94804835,0.9767515,0.96005905,0.98060954,0.9696671,0.97035843,0.9746975,0.9864312,0.977594,0.9750797,0.9832702,0.97364324,0.96541536,0.96879923,0.9612846,0.9837595,0.956937,0.98026645,0.97134,0.9680679,0.9159984,0.9584038,0.9784275,0.94661844,0.96411633,0.9778081,0.9697523,0.9864312,0.9604942,0.956139,0.9655262,0.97277117
annamovie,0.9721117,0.95049953,0.9699671,0.96067756,0.96414655,0.9545417,0.96510136,0.9617159,0.9843038,0.9561873,0.96900153,0.9671248,0.9642459,1.0,0.96730185,0.9509765,0.9638858,0.9743495,0.98051256,0.95778906,0.98133945,0.96911424,0.97524655,0.97183293,0.9671701,0.7081139,0.9502922,0.96223265,0.96960443,0.96535134,0.9852646,0.9639444,0.93106973,0.96306676,0.94037104,0.95598906,0.9707372,0.9711377,0.96763796,0.9658549,0.95247805,0.97317,0.9555446,0.97312397,0.9650905,0.96214455,0.9731323,0.97497535,0.9737778,0.96910536,0.96880406,0.97641736,0.96731424,0.97554857,0.9546355,0.96327466,0.9615121,0.96944046,0.980738,0.979063,0.966639,0.9547649,0.9667484,0.9784893,0.9725889,0.9800366,0.9555916,0.97133934,0.95815897,0.9592634,0.97974074,0.34675467,0.9596131,0.9692879,0.9787963,0.9398373,0.8819317,0.9616308,0.97569424,0.95635486,0.96273834,0.9543093,0.9659083,0.97985196,0.9610007,0.96025324,0.96485263,0.9621881,0.9740097,0.97697705,0.9668322,0.97974074,0.9610789,0.9495834,0.9758504,0.9689197,0.95831215,0.9741106,0.9606769,0.9783488,0.9586849,0.9647848,0.9564046,0.9722191,0.9683211,0.968542,0.96621704,0.96134824,0.9539317,0.95469666,0.95425475,0.612552,0.9632231,0.92161113,0.9600787,0.9734929,0.9718478,0.9861585,0.96828604,0.9590693,0.96292514,0.968772,0.96397835,0.9547104,0.98104364,0.9746154,0.9772395,0.9696199,0.97556007,0.93423015,0.9749753,0.9429425,0.9715261,0.9333351,0.97050035,0.9547984,0.9606729,0.9781401,0.9792236,0.96787435,0.9843038,0.96947134,0.96477395,0.9683177,0.97217816,0.9688752,0.9598362,0.94630533,0.96810794,0.9439176,0.9611617,0.96236205,0.96974725,0.91403043,0.9432372,0.977237,0.9588941,0.972434,0.94026667,0.9555651,0.9843038,0.9433378,0.955966,0.972799,0.9565632
apollo11movie,0.95534176,0.92847544,0.9612618,0.94779533,0.9505589,0.94571656,0.9470128,0.9437531,0.9769616,0.96295524,0.96728307,0.9355923,0.9604735,0.96730185,1.0000001,0.94230855,0.9686331,0.95680994,0.9589549,0.9678192,0.9689115,0.9483934,0.97950107,0.95639855,0.97075313,0.7131205,0.9405041,0.9610962,0.9555332,0.9493443,0.96080106,0.95518714,0.94929683,0.9558833,0.91566926,0.94503653,0.9577429,0.94868094,0.96874464,0.95267993,0.95278233,0.97000533,0.94418955,0.96347857,0.95619714,0.9495828,0.9777767,0.9527212,0.97268426,0.96033144,0.9576948,0.97021896,0.9682494,0.9554659,0.9410088,0.95194113,0.9607515,0.9704991,0.96678466,0.9539219,0.95113814,0.9547668,0.9653331,0.9716962,0.9726583,0.96332926,0.96112216,0.9556948,0.9545285,0.93276083,0.95854217,0.36917284,0.9493324,0.9603238,0.94239384,0.94190794,0.88619435,0.9590761,0.9641636,0.9492304,0.95285064,0.9389654,0.96666104,0.96359706,0.951627,0.95878524,0.9499229,0.9630311,0.9672751,0.96300197,0.9579408,0.95854217,0.9702808,0.96759146,0.9645305,0.97712266,0.97376895,0.95867544,0.9468702,0.94957656,0.9442133,0.96453506,0.9574076,0.9521797,0.96034014,0.955033,0.95986295,0.9659872,0.96153486,0.9506009,0.95565087,0.64562964,0.9463679,0.8911188,0.9584302,0.96844894,0.96185046,0.9671791,0.9599604,0.9434466,0.95743084,0.96017104,0.9608046,0.95866233,0.9680346,0.9557396,0.9675177,0.95402527,0.97166765,0.9011821,0.9569167,0.9532906,0.9644335,0.9278763,0.96722496,0.9503378,0.9455776,0.96724147,0.9567677,0.95273286,0.9769616,0.95109314,0.95512044,0.96796334,0.96541774,0.97164226,0.95375997,0.9281622,0.973599,0.9278121,0.9503444,0.95536065,0.9654084,0.887053,0.9300613,0.9607564,0.9590629,0.9585802,0.9346747,0.9454553,0.9769616,0.95143807,0.9741308,0.9747782,0.9459582
arcticdogsmovie,0.9801906,0.9681662,0.9644387,0.956882,0.9713391,0.94739234,0.9784114,0.9584684,0.9754978,0.9540727,0.965772,0.9357012,0.967896,0.9509765,0.94230855,0.99999994,0.95649004,0.9742137,0.9718057,0.9340632,0.97174025,0.94378954,0.96503305,0.9653283,0.9536778,0.71899873,0.9711863,0.9578771,0.9544673,0.9354938,0.9621185,0.96797293,0.92070127,0.95427746,0.9455499,0.94348,0.9741078,0.9638107,0.95872813,0.9569876,0.93918425,0.9665337,0.9615469,0.9673416,0.944348,0.96653545,0.96050495,0.97236663,0.95866317,0.9734756,0.952548,0.97544336,0.9580233,0.9529891,0.9475223,0.96726483,0.97103506,0.9585302,0.9658469,0.972757,0.9652394,0.96225643,0.95232,0.95043993,0.9736724,0.9399274,0.94670224,0.9643908,0.95514095,0.9455034,0.96421826,0.365736,0.94928205,0.96247923,0.94993734,0.9062369,0.91127634,0.95957583,0.96815395,0.94191456,0.96840477,0.97452873,0.9612056,0.9565289,0.9609431,0.9389678,0.9651248,0.9626095,0.95405585,0.97975534,0.94939,0.96421826,0.93662155,0.9564415,0.9648289,0.9340938,0.9474227,0.96117306,0.9713443,0.948294,0.9727181,0.95623696,0.93476355,0.964526,0.9677564,0.9608233,0.9801159,0.9734614,0.94219023,0.9449338,0.9617865,0.59698087,0.9586526,0.9151244,0.95638156,0.97068566,0.97335815,0.9501042,0.9665877,0.97369486,0.9595491,0.9423735,0.9593311,0.93985885,0.95530915,0.9680758,0.9611297,0.94725364,0.9662361,0.9187123,0.97101563,0.96004397,0.9653171,0.9450992,0.96899384,0.9490121,0.97281075,0.96752435,0.95861053,0.97383434,0.9754978,0.9582051,0.97240925,0.9636849,0.9564636,0.9665735,0.9467829,0.94847125,0.96097004,0.9599188,0.96681273,0.9724226,0.9699623,0.9322405,0.943572,0.96649307,0.9555566,0.95870143,0.94721484,0.94354695,0.9754978,0.9410414,0.93725544,0.95117074,0.9503619
arcticmovie,0.9634628,0.9433768,0.97016954,0.96665335,0.96122146,0.95212173,0.96598715,0.96069163,0.98296815,0.95376766,0.9680331,0.9469923,0.97617394,0.9638858,0.9686331,0.95649004,1.0,0.9687045,0.95846474,0.955318,0.96796495,0.95602614,0.9716629,0.97118866,0.97567606,0.75037575,0.96488196,0.98311776,0.96506023,0.96004236,0.96176565,0.95535624,0.9343569,0.9613055,0.9366112,0.94077057,0.9657573,0.9597471,0.97880447,0.9641814,0.93389916,0.9725967,0.9509419,0.96605587,0.96978056,0.9695897,0.9709785,0.96070683,0.9785177,0.96726376,0.9664761,0.9732767,0.9596167,0.962822,0.9372858,0.9623152,0.9521244,0.9800859,0.96628994,0.9632616,0.9654027,0.9645519,0.9781311,0.9691251,0.96997863,0.9642218,0.9627097,0.9654995,0.96875,0.9561383,0.9632412,0.33403504,0.9596161,0.97177964,0.9538953,0.92810947,0.8969623,0.9653623,0.96757257,0.9579125,0.9606606,0.9621256,0.97531945,0.97044826,0.9659303,0.9533026,0.9598326,0.97296774,0.963538,0.9699047,0.96474904,0.9632412,0.96582276,0.966532,0.966754,0.9622643,0.9607215,0.9645276,0.9676337,0.9485359,0.9623655,0.96542805,0.9573815,0.9677013,0.96034306,0.9678902,0.97992396,0.97180027,0.9605879,0.9553677,0.96818924,0.6074114,0.9775467,0.9146185,0.96948665,0.9758081,0.96759814,0.9561259,0.9561954,0.96704924,0.97083586,0.9614535,0.97390246,0.9562606,0.9628076,0.9655359,0.96552515,0.9527568,0.9751701,0.9046219,0.9727227,0.95915675,0.98697287,0.95672846,0.9826184,0.96087235,0.9667973,0.9755926,0.9611238,0.9620237,0.98296815,0.9688349,0.9683746,0.976346,0.9663025,0.96851015,0.97115743,0.94369346,0.9782029,0.93831205,0.9711676,0.9617004,0.96762514,0.89709806,0.9382462,0.9646417,0.95093966,0.96885127,0.9684678,0.9754384,0.98296815,0.95357335,0.9715197,0.9618778,0.9616451
artofracingmovie,0.9775867,0.9602775,0.9783024,0.9604295,0.9767376,0.94208175,0.9788158,0.9671786,0.98246264,0.959029,0.96773094,0.9481108,0.98308563,0.9743495,0.95680994,0.9742137,0.9687045,0.9999999,0.9747455,0.94815224,0.9755709,0.95334446,0.973699,0.96957356,0.9638349,0.73739135,0.9641962,0.96672916,0.966124,0.9507556,0.9779833,0.9565158,0.92912966,0.9674174,0.94891024,0.9482089,0.9745312,0.96877116,0.9673539,0.9629321,0.9509317,0.97323483,0.9596248,0.97434556,0.9634572,0.97144794,0.96991336,0.98084015,0.97063553,0.9770662,0.96803534,0.9780177,0.95891607,0.96871644,0.94432646,0.9742577,0.96886516,0.96681035,0.97275573,0.9808396,0.97573835,0.9664519,0.9677115,0.9761718,0.96749324,0.9612892,0.9510301,0.971943,0.96752036,0.95099306,0.9755783,0.3579711,0.95359623,0.96078956,0.9610169,0.9111284,0.9225266,0.95163447,0.9746063,0.94824827,0.970838,0.96769935,0.97593737,0.9647163,0.97688794,0.961676,0.9744852,0.9728033,0.9778128,0.9754703,0.9522516,0.9755783,0.94319457,0.9564541,0.9756729,0.95247406,0.95479864,0.96360856,0.97290283,0.96909016,0.9665288,0.96763784,0.9506671,0.9742777,0.9653918,0.97049654,0.97434795,0.9753592,0.9521402,0.9538711,0.95815194,0.62113106,0.9639083,0.9025519,0.9599672,0.96534353,0.9752382,0.9636381,0.9688454,0.97795427,0.97154766,0.9480892,0.96073985,0.9449621,0.97035664,0.97507733,0.9788766,0.95482606,0.9750126,0.90337574,0.9708186,0.97235334,0.96829766,0.94712245,0.97396713,0.9475129,0.9822419,0.96989983,0.9698002,0.9769592,0.98246264,0.9689163,0.96805084,0.9719905,0.96347255,0.96263963,0.957199,0.95778126,0.97983545,0.96555144,0.97330296,0.97521347,0.9716956,0.9238352,0.9579525,0.9729915,0.953333,0.9658453,0.95892525,0.9555813,0.98246264,0.9459367,0.94709754,0.9610371,0.961857
avengers,0.9803199,0.96407783,0.9680492,0.96101314,0.962415,0.9580505,0.9785281,0.9784695,0.98349684,0.94904494,0.9763965,0.9542794,0.970133,0.98051256,0.9589549,0.9718057,0.95846474,0.9747455,1.0000001,0.95226794,0.9775293,0.96088004,0.9719984,0.9695142,0.95801044,0.7277079,0.96269697,0.9574415,0.9626195,0.9551253,0.9870599,0.96860766,0.93597287,0.9473947,0.95163083,0.9595556,0.980504,0.9651646,0.9699428,0.96157646,0.9553221,0.96589035,0.9588685,0.9652448,0.95399797,0.9699927,0.97126716,0.9813732,0.9695734,0.9694892,0.9625938,0.97397417,0.9663289,0.95817083,0.972232,0.97712034,0.9720292,0.96644235,0.97207767,0.9784394,0.9731766,0.9482812,0.9628516,0.9732056,0.9768594,0.9680142,0.95712715,0.9698271,0.9640988,0.96177626,0.968205,0.36665258,0.9659618,0.9704638,0.96807545,0.93980014,0.8928356,0.96482944,0.97285503,0.95353687,0.9695727,0.9647926,0.96826845,0.9750147,0.9685959,0.9543838,0.9748356,0.96594507,0.96429634,0.9773114,0.9679357,0.968205,0.9518529,0.95064163,0.97126496,0.9592088,0.9656732,0.96863556,0.9733818,0.95756066,0.97516614,0.96874386,0.95085496,0.9686436,0.97016203,0.9643093,0.9694223,0.9653945,0.95382226,0.95523703,0.9600467,0.5938459,0.9642849,0.9149042,0.9497086,0.9738644,0.9716489,0.9704258,0.9736861,0.9692964,0.9764879,0.9565471,0.9694007,0.95703727,0.9763784,0.9762138,0.9717861,0.96966475,0.9704794,0.93653935,0.97060007,0.9496169,0.9694226,0.9330644,0.97354007,0.95654154,0.9672299,0.97342956,0.9706602,0.9780826,0.98349684,0.97017545,0.96364486,0.97192854,0.9726424,0.9656535,0.9577081,0.9508927,0.96636456,0.9436584,0.9722839,0.9624645,0.97359776,0.92303646,0.9453813,0.9741143,0.9505981,0.9618636,0.95287395,0.9513764,0.98349684,0.9468201,0.95115757,0.96613777,0.9537166
beachbummovie,0.9565583,0.9421282,0.9454102,0.93557936,0.92807007,0.930924,0.94675636,0.942463,0.9649592,0.9483855,0.9450581,0.94178873,0.94728565,0.95778906,0.9678192,0.9340632,0.955318,0.94815224,0.95226794,1.0000001,0.95275426,0.94533885,0.96556675,0.9395172,0.9467211,0.6924639,0.92207116,0.9569716,0.93489665,0.9502487,0.95165485,0.9457767,0.9304873,0.9277978,0.9264172,0.9359984,0.9496981,0.94633245,0.95054394,0.9467842,0.9248846,0.9545583,0.9282067,0.95471007,0.95538163,0.9675668,0.95691186,0.9522706,0.9685688,0.953136,0.9512324,0.9592882,0.9487018,0.94836307,0.93238026,0.93710226,0.9525302,0.95472884,0.95480525,0.9405033,0.95813924,0.9343167,0.95403075,0.96478003,0.9537606,0.946924,0.94474185,0.95716804,0.9432577,0.942399,0.9423491,0.3110173,0.94155633,0.95243526,0.9506818,0.9101512,0.88427925,0.9369299,0.95252913,0.9368969,0.9438221,0.93303716,0.9580733,0.95605856,0.9461876,0.9439582,0.94700605,0.9501437,0.9524167,0.95452034,0.9416899,0.9423491,0.94738543,0.9328179,0.95309544,0.9553469,0.95160526,0.9622399,0.9413557,0.9556339,0.9458111,0.95380384,0.9354555,0.94235986,0.9485513,0.94701993,0.95153475,0.9472629,0.9300899,0.94724035,0.9350961,0.60774463,0.93741274,0.87965095,0.9337847,0.95564127,0.9594036,0.9602967,0.94244784,0.9379351,0.9471434,0.9306387,0.94824845,0.9504115,0.9433642,0.9574163,0.9490056,0.94237506,0.949811,0.8845585,0.94471705,0.9353536,0.9588687,0.9250182,0.9528362,0.9478667,0.9488715,0.96498764,0.94953096,0.9692089,0.9649592,0.9368954,0.9506987,0.9683102,0.955239,0.95098525,0.95672286,0.9351076,0.96993065,0.93319786,0.95284736,0.9514021,0.9571424,0.88325703,0.9140068,0.94716007,0.94822377,0.9333578,0.913592,0.9265528,0.9649592,0.93937635,0.95272416,0.95685947,0.9426549
bernadettefilm,0.98253113,0.9514149,0.9739823,0.976753,0.97207534,0.9693891,0.9737312,0.9689715,0.9902784,0.963978,0.9806114,0.96232104,0.97650146,0.98133945,0.9689115,0.97174025,0.96796495,0.9755709,0.9775293,0.95275426,1.0,0.9687157,0.9785444,0.97074735,0.9709887,0.73832315,0.95643544,0.9706861,0.9727388,0.9577883,0.9823123,0.97600347,0.95107627,0.96260166,0.94646,0.94455826,0.9753388,0.980294,0.97635126,0.9714223,0.9614912,0.9791388,0.97253513,0.98477805,0.97176886,0.96343386,0.97965366,0.98208976,0.971484,0.97995657,0.9705058,0.9732442,0.9770002,0.96924186,0.9621533,0.97004277,0.9761296,0.9746178,0.98764914,0.98504555,0.9735387,0.9716215,0.97940886,0.98036,0.971551,0.9673605,0.97415346,0.97171706,0.9725277,0.9663335,0.984703,0.35288376,0.96015596,0.98351043,0.97524834,0.94469833,0.89561737,0.9787473,0.98163474,0.9712327,0.98292434,0.97330165,0.97864515,0.98203105,0.96444374,0.9649209,0.9678269,0.9728979,0.9708129,0.98478013,0.970849,0.984703,0.95977795,0.9736577,0.9740689,0.9721081,0.96862,0.9778309,0.96935713,0.96759355,0.9656942,0.9717251,0.9669826,0.9783654,0.9701168,0.97424954,0.97852826,0.9778864,0.9615656,0.9593199,0.96983314,0.60786396,0.974422,0.9277106,0.97051466,0.9795827,0.98301506,0.97592235,0.9796859,0.9685074,0.97849005,0.975135,0.97495496,0.96270084,0.98141366,0.98310244,0.9742031,0.96111476,0.97908664,0.9301882,0.9886603,0.95469517,0.97262734,0.95368266,0.9766892,0.9601952,0.97302,0.9753208,0.98136985,0.97118014,0.9902784,0.9735762,0.96905106,0.97699666,0.9813308,0.9679482,0.965199,0.95433915,0.9743734,0.9518316,0.9724359,0.97813946,0.96879464,0.91499734,0.951288,0.98514456,0.9704631,0.9706799,0.95803607,0.9632215,0.9902784,0.9663995,0.9653794,0.9784395,0.96356326
