movie,21bridgesmovie,47metersdown,abeautifuldaymovie,abominablemovie,adastramovie,adogsjourneymovie,aftermathmovie,aftermovie,ahiddenlifefilm,alitamovie,angelhasfallen,angrybirdsmovie,annabellemovie,annamovie,apollo11movie,arcticdogsmovie,arcticmovie,artofracingmovie,avengers,beachbummovie,bernadettefilm,blackandbluemovie,blackchristmas,blindedbythelightmovie,bombshellmovie,booksmart,breakthroughmovie,brianbanksmovie,brightburnmovie,brittanyrunsmov,captainmarvelofficial,captivestatemovie,catsmovie,charliesangels,childsplaymovie,clarathefilm,coldpursuitmovie,countdown,currentwarmovie,darkwatersmovie,detectivepikachumovie,disneyaladdin,disneyfrozen,disneymaleficent,doctorsleepmovie,dolemiteismyname,dontletgomovie,doramovie,downtonabbey_official,dumbo,escaperoom,everybodyknowsmovie,fastandfuriousmovie,fightingwmyfam,fivefeetapartfilm,fordvferrari,freaksthefilm,geminimanmovie,glassmovie,gloriabellmovie,godzillamovie,goldfinchmovie,goodboysmovie,goodliarmovie,gretafilm,halathemovie,happydeathdaymovie,harrietfilm,hellboymovie,hersmellmovie,highlifemovie,highstrungmovie,honeyboymovie,hotelmumbaifilm,httydragon,hustlemovie,hustlersmovie,isntitromantic,itmovieofficial,jayandsilentbob,johnwickmovie,jojorabbitmovie,jokermovie,judythefilm,jumanjimovie,justmercyfilm,knivesout,lalloronamovie,lastblackmansf,lastchristmasthemovie,latenightmovie,lighthousemovie,lionking,littlethemovie,littlewomenmovie,littlewoodsfilm,longshotmovie,lordsofchaosmovie,lucyintheskyfilm,mamovie2019,marriagestory,meettheaddams,meninblack,midsommarmovie,midwaymovie,missbalamovie,missinglinkfilm,motherlessbklyn,onceinhollywood,onthebasisofsex,overcomermovie,peanutbutterfalcon,petsematarymovie,piercingmovie,playingwithfire,playmobilthemovie,pomsmovie,queenandslim,rambomovie,readyornotfilm,richardjewellfilm,rocketmanmovie,scarystoriesmovie,secretlifeofpets,serenityfilm,shaftmovie,shazammovie,spidermanmovie,spiesindisguise,starwars,stormboymovie,stubermovie,taosdfilm,teenspiritmov,terminator,theaeronautsmov,thebestofenemies,thedeaddontdie,thefarewell,thehighwaymen,thehummingbirdprojectfilm,theintrudermovie,theirishmanfilm,thekitchenmovie,thelegomovie,themustangfilm,thenightingalefilm,theprodigymovie,thesunisalsoastar,theupsidefilm,tolkienmovie,toystory,triplefrontier,uglydolls,uncutgems,underthesilverlake,usmovie,wavesmovie,whatmenwant,wonderparkmovie,wrinklestheclown,xmenmovies,yardiefilm,yesterdaymovie,zombieland
21bridgesmovie,0.99999976,0.96070796,0.9713469,0.9548651,0.97238714,0.9595405,0.97717446,0.97486246,0.98787266,0.95503896,0.9555022,0.9640768,0.96472263,0.9699287,0.9699984,0.9712965,0.95892525,0.9701895,0.9735512,0.9591762,0.9828276,0.96857744,0.9613522,0.96577126,0.9534195,0.80968076,0.96423286,0.9600421,0.97397435,0.9633504,0.9625207,0.9586545,0.9385596,0.96242267,0.9387613,0.9059725,0.96243376,0.973566,0.96339005,0.96285594,0.9678088,0.9748049,0.9589614,0.9619607,0.9745261,0.97369874,0.9653927,0.9629051,0.96256274,0.9695059,0.97818345,0.9703858,0.95888734,0.9608821,0.9788393,0.96334475,0.95437956,0.9703809,0.9727523,0.969755,0.9598313,0.9626252,0.9696172,0.969752,0.9570208,0.95906687,0.9600399,0.9521098,0.959346,0.9530117,0.9745396,0.6711869,0.94873446,0.9722265,0.9440335,0.9352668,0.90050673,0.944376,0.96769494,0.9569944,0.9358377,0.97081745,0.97476363,0.9546802,0.96930265,0.96018517,0.95864296,0.97406584,0.9651304,0.96721405,0.96510446,0.9745396,0.93884134,0.9697341,0.96573377,0.9695873,0.958695,0.9586848,0.96691066,0.95645154,0.96529436,0.95132923,0.95668036,0.96932685,0.9495796,0.9767455,0.9688184,0.9765273,0.9639716,0.9535657,0.9746238,0.7507194,0.97141695,0.8923024,0.96088135,0.96639335,0.9907529,0.93945175,0.9675506,0.9662197,0.9586634,0.94937956,0.9703748,0.9582093,0.97430503,0.97186935,0.96084267,0.9568601,0.970618,0.93836975,0.97681314,0.95458674,0.97350204,0.94946325,0.9706597,0.9590533,0.97686374,0.949225,0.9704648,0.95980144,0.98787266,0.9659543,0.9720566,0.9636792,0.94908357,0.96278536,0.9435517,0.9422807,0.97586906,0.9770062,0.9655246,0.9745354,0.96522903,0.9344359,0.9649419,0.96810085,0.9447894,0.97036296,0.96667147,0.9565741,0.98787266,0.9626095,0.97110796,0.9654325,0.96929747
47metersdown,0.96070796,1.0000001,0.93125755,0.95015365,0.96271884,0.9296481,0.9518094,0.95545334,0.96877396,0.9484181,0.93242425,0.9422584,0.94878906,0.9620679,0.9451164,0.9705562,0.93067044,0.95491713,0.92916816,0.92826444,0.9499937,0.95284456,0.9400616,0.9466635,0.93672884,0.80251,0.94693244,0.93280447,0.9592628,0.94907373,0.9310416,0.94084513,0.92399246,0.9515645,0.94730335,0.89140654,0.95501167,0.9641636,0.93786716,0.95255464,0.9395003,0.9610609,0.9378341,0.94794357,0.93850887,0.9494527,0.9458821,0.95708823,0.9262511,0.95993316,0.9480012,0.9468337,0.95120716,0.9452789,0.9564143,0.9584801,0.9265713,0.9575993,0.96088445,0.9543696,0.9545007,0.9468325,0.95023227,0.95723057,0.927198,0.94588643,0.9416258,0.93326235,0.9534998,0.9340221,0.96083266,0.66464216,0.94407547,0.94875497,0.9285046,0.9166984,0.8883974,0.91852003,0.93798566,0.9480496,0.9309699,0.93746537,0.9537759,0.92329425,0.92871815,0.94842577,0.94120574,0.959078,0.955024,0.9483601,0.9549224,0.96083266,0.9437254,0.9540298,0.9477495,0.94466317,0.9571478,0.9337721,0.9382957,0.94695497,0.946178,0.94187284,0.9450672,0.95527524,0.94604784,0.95656276,0.9492787,0.952425,0.9338211,0.9422086,0.9586384,0.76973665,0.96180373,0.8542532,0.9394476,0.9339441,0.95723397,0.9214681,0.95432734,0.9370284,0.9541993,0.94581014,0.950108,0.939644,0.9593013,0.94364405,0.94341767,0.9144233,0.9406153,0.8980728,0.9566218,0.9334338,0.9557748,0.9343713,0.9590204,0.9418916,0.95123494,0.93647027,0.9441204,0.92708623,0.96877396,0.93797183,0.9401326,0.94991237,0.9326939,0.95619035,0.9495981,0.9560091,0.96587867,0.94859266,0.9447083,0.95498306,0.9548382,0.9194719,0.9457088,0.95053434,0.94772285,0.9694696,0.95942795,0.9380001,0.96877396,0.93218225,0.94427234,0.94614416,0.9456799
abeautifuldaymovie,0.9713469,0.93125755,1.0000001,0.92957675,0.95808905,0.9547727,0.9571339,0.9637331,0.9792672,0.9577488,0.94307494,0.95593923,0.95577765,0.96357983,0.9707445,0.9611733,0.9580429,0.95908993,0.9524853,0.95114106,0.964895,0.9620908,0.95298994,0.9624707,0.94443834,0.793936,0.9524307,0.958767,0.9713487,0.94763976,0.9454954,0.9681593,0.9348115,0.9386263,0.9201435,0.89382803,0.9516634,0.9615369,0.954509,0.9576641,0.9581774,0.9586545,0.9393586,0.95897484,0.9730954,0.9747306,0.95560515,0.94535464,0.950263,0.96237665,0.9800149,0.9658783,0.94417447,0.94026995,0.955567,0.9507024,0.93786067,0.96014357,0.95485383,0.9501089,0.93916667,0.9486463,0.96608907,0.96405476,0.9482533,0.9375727,0.9496333,0.9532706,0.94937456,0.9527947,0.9560802,0.6518781,0.9395092,0.9639732,0.93598646,0.916661,0.88408303,0.92592883,0.9553587,0.94267917,0.93116385,0.94533527,0.96188724,0.9582262,0.96896774,0.9451952,0.9488513,0.94986314,0.94123757,0.9495719,0.9516467,0.9560802,0.9371859,0.94909656,0.967767,0.9494331,0.9549523,0.9499507,0.95615804,0.9391351,0.9619663,0.95355487,0.96296847,0.9587427,0.9455972,0.9733162,0.95471346,0.97184867,0.9548295,0.9530207,0.9553873,0.7288433,0.96449167,0.87372243,0.9590105,0.940964,0.97520924,0.9324245,0.9608446,0.94529164,0.94266057,0.94284844,0.9564604,0.9486385,0.95150113,0.9562188,0.9456537,0.961875,0.959277,0.9337225,0.9641781,0.9564111,0.96543497,0.9464633,0.9576699,0.9421701,0.97046095,0.9502871,0.9557585,0.95708084,0.9792672,0.9691017,0.9653175,0.95486176,0.9393436,0.9465328,0.9140537,0.9194106,0.9563807,0.9655868,0.95047855,0.9743054,0.95524937,0.90363693,0.94604826,0.9620652,0.92668766,0.9507825,0.95352453,0.95448124,0.9792672,0.94160855,0.963522,0.9590242,0.96309084
abominablemovie,0.9548651,0.95015365,0.92957675,0.99999994,0.9636529,0.92584145,0.9485695,0.9554479,0.96344674,0.92471457,0.93253595,0.929066,0.9670533,0.95692474,0.93235415,0.96363264,0.93496794,0.9470308,0.9366132,0.9224526,0.93993235,0.94069624,0.94306386,0.9491117,0.9302189,0.7712075,0.94560146,0.9383581,0.9392715,0.94906694,0.93920904,0.9511277,0.9071337,0.9382379,0.90261656,0.87412363,0.9386285,0.96157,0.9601157,0.955574,0.9443121,0.9387996,0.9332352,0.9300749,0.9469091,0.9397606,0.94846594,0.9408899,0.94199747,0.9415378,0.94061464,0.9589279,0.95503926,0.9410595,0.9506613,0.93536174,0.9339658,0.9484333,0.9595685,0.9607882,0.94842005,0.95227444,0.9392245,0.9561931,0.9410524,0.94112974,0.93477476,0.9253625,0.9428916,0.9356453,0.9605841,0.64340675,0.9010944,0.954684,0.93705237,0.9142302,0.85411954,0.91932386,0.9348927,0.9411433,0.9343991,0.93763363,0.9571138,0.9120307,0.9417758,0.94742715,0.9421277,0.9682683,0.9418619,0.9590583,0.93923825,0.9605841,0.941534,0.958936,0.94519794,0.9449721,0.9372309,0.93460363,0.94158757,0.93817604,0.92353386,0.9352628,0.9338668,0.9555998,0.9052197,0.9468941,0.94715494,0.9577779,0.9232022,0.9438785,0.95571566,0.7460762,0.9601017,0.8579663,0.94698876,0.9365826,0.94968444,0.9150608,0.9538992,0.9441165,0.9571535,0.9476914,0.94881225,0.9234626,0.9560284,0.9328349,0.9303258,0.9155263,0.9446218,0.9158896,0.9497493,0.91813904,0.9486428,0.92989933,0.95720553,0.95504886,0.9333561,0.942222,0.95253533,0.91076624,0.96344674,0.94047713,0.93321836,0.96200156,0.9394143,0.93819875,0.928559,0.9304716,0.9606311,0.9415656,0.944196,0.95008737,0.9451098,0.90559024,0.94815487,0.9538422,0.9525187,0.9468616,0.95898646,0.9472495,0.96344674,0.92914295,0.9295621,0.944335,0.9276022
adastramovie,0.97238714,0.96271884,0.95808905,0.9636529,1.0000001,0.94090366,0.9706363,0.972873,0.9818366,0.9642082,0.93915635,0.96190727,0.9609249,0.97295207,0.95583135,0.96698725,0.95035785,0.9785639,0.95393074,0.955407,0.96555793,0.9696099,0.9535822,0.9655329,0.9384551,0.79848945,0.9685469,0.95691895,0.96497697,0.95988154,0.95457065,0.9544269,0.9200898,0.95829165,0.93563694,0.9081197,0.9598717,0.96495855,0.9605495,0.97133493,0.9571362,0.960601,0.94273615,0.95576715,0.9588215,0.9648018,0.96143967,0.9542162,0.94726586,0.961219,0.9679466,0.97058,0.96465003,0.9541579,0.96635914,0.9721331,0.9477437,0.96075165,0.9677012,0.97602874,0.9578626,0.96267205,0.9680904,0.96991324,0.94881403,0.94479233,0.96395344,0.9531708,0.96071625,0.9527289,0.97947174,0.6864455,0.94345886,0.9661353,0.93565845,0.91687185,0.8769082,0.9281776,0.9661629,0.95919317,0.94150454,0.9631708,0.95908296,0.93432635,0.9612423,0.969021,0.9546569,0.9692699,0.96767694,0.9601422,0.9515595,0.97947174,0.944762,0.96833146,0.9680128,0.9511744,0.9567501,0.95698816,0.95593506,0.96118104,0.9564911,0.9547371,0.9485395,0.9705735,0.9416462,0.9780024,0.9609644,0.96722066,0.9632806,0.95504457,0.97271806,0.76445043,0.96556383,0.8748803,0.9610648,0.93757516,0.96905285,0.93149906,0.96822536,0.9616168,0.9579992,0.9490623,0.9590906,0.9420987,0.97372276,0.95340043,0.9585877,0.93986934,0.96563023,0.9270987,0.9714397,0.95643085,0.9692495,0.9451002,0.9682054,0.9496468,0.9643533,0.95005816,0.97280806,0.9594905,0.9818366,0.956308,0.96627,0.9681469,0.95365417,0.9592961,0.9364498,0.9396642,0.97119534,0.960223,0.9664397,0.9674878,0.96676755,0.9030964,0.96800476,0.9736051,0.94471145,0.9645852,0.9733031,0.95657605,0.9818366,0.9463607,0.9485988,0.95583713,0.96592754
adogsjourneymovie,0.9595405,0.9296481,0.9547727,0.92584145,0.94090366,1.0000002,0.95394,0.942339,0.9660459,0.9363444,0.9264639,0.93876386,0.9520474,0.95162386,0.95755273,0.96338946,0.9395171,0.95220923,0.95913863,0.91484976,0.95310116,0.935381,0.9591886,0.9383723,0.94670767,0.7898414,0.93667346,0.94245994,0.94392675,0.9506937,0.96020776,0.9422619,0.9589518,0.92932236,0.90403616,0.8706508,0.9475094,0.94899017,0.9522933,0.93897957,0.94924164,0.9448673,0.918458,0.941884,0.9552586,0.9595914,0.959586,0.94299173,0.9419558,0.94837326,0.9515117,0.9387545,0.9463487,0.91578794,0.95110327,0.940749,0.9041369,0.946895,0.9490298,0.9340626,0.94127494,0.9403715,0.94904786,0.9607081,0.9267209,0.9322542,0.92795914,0.924221,0.94510686,0.9075526,0.94052416,0.6585706,0.9403595,0.9468133,0.9393891,0.9231135,0.8745,0.95097005,0.9456777,0.9142472,0.90454596,0.9456724,0.9601705,0.933874,0.94350386,0.9400406,0.92679554,0.9464501,0.9430135,0.9480238,0.947351,0.94052416,0.9256296,0.9381169,0.93696874,0.95061904,0.9360389,0.9078061,0.94510216,0.93812275,0.9531071,0.95654213,0.9405445,0.9296023,0.9323602,0.94506925,0.9460953,0.9566386,0.9441494,0.9308852,0.9552164,0.7173391,0.95356363,0.846351,0.9425998,0.9273756,0.95473135,0.9246077,0.94056815,0.9364416,0.952735,0.93473864,0.9400689,0.9824394,0.9518007,0.9559788,0.95203906,0.9472501,0.9446613,0.9325524,0.9450315,0.9297805,0.95186025,0.9347169,0.9478259,0.9491446,0.9473666,0.9252263,0.9398611,0.9269182,0.9660459,0.9416095,0.9466895,0.9462701,0.94537944,0.9275756,0.9230077,0.92484707,0.9524736,0.9442802,0.93646866,0.9512161,0.9469286,0.9169254,0.9245103,0.9498997,0.93527675,0.94241774,0.936691,0.9423922,0.9660459,0.9509815,0.96049356,0.9633746,0.9469201
aftermathmovie,0.97717446,0.9518094,0.9571339,0.9485695,0.9706363,0.95394,0.9999998,0.9659986,0.9841816,0.9570264,0.968293,0.962135,0.96658826,0.9745778,0.9599061,0.9627579,0.95426536,0.9626273,0.9661542,0.9498468,0.9692406,0.9731761,0.9534959,0.97055453,0.9650534,0.78624845,0.9579353,0.9624981,0.9690936,0.95819765,0.95677,0.95505303,0.93851227,0.9635359,0.9474693,0.9085213,0.9670895,0.96560323,0.9637122,0.9645881,0.9548476,0.96723765,0.9425071,0.94967026,0.97183764,0.970804,0.95575917,0.9603002,0.9533563,0.96039563,0.96928614,0.96905905,0.96197695,0.9607459,0.96376,0.9591533,0.9459028,0.96915364,0.96772975,0.9786006,0.94908583,0.9628033,0.9630342,0.9695055,0.9523311,0.9654534,0.96949935,0.9432763,0.9672086,0.9478102,0.9769704,0.6873967,0.94405365,0.9675702,0.9491304,0.92839706,0.88929087,0.9382652,0.9690778,0.9564634,0.95333177,0.9783689,0.9664871,0.94384146,0.9685323,0.95151573,0.96532416,0.96902776,0.962717,0.9562687,0.96165603,0.9769704,0.94489956,0.96924734,0.9631655,0.9542678,0.95685583,0.9487828,0.9771197,0.96299344,0.9636204,0.95612323,0.9495663,0.96945816,0.9518768,0.9768087,0.9631887,0.97245175,0.9570764,0.9559396,0.97348064,0.76599246,0.96659094,0.88438046,0.95266575,0.9467708,0.9708109,0.93942374,0.9618522,0.993477,0.962328,0.9511405,0.9608397,0.953851,0.97259057,0.9638786,0.9661981,0.9543466,0.96661854,0.92880476,0.96581197,0.9466357,0.9655515,0.9482206,0.96539044,0.9543637,0.96888494,0.9485582,0.9722809,0.95734537,0.9841816,0.9612525,0.9597975,0.9644883,0.95019233,0.9556252,0.9427302,0.95441157,0.96872234,0.96965605,0.98677045,0.96731937,0.9651681,0.91380376,0.96496296,0.96619135,0.9379064,0.9683462,0.9701553,0.9444018,0.9841816,0.96912915,0.9575961,0.959895,0.966871
aftermovie,0.97486246,0.95545334,0.9637331,0.9554479,0.972873,0.942339,0.9659986,1.0000001,0.9824825,0.95281553,0.9544714,0.9580445,0.95716876,0.9761678,0.9639187,0.9713984,0.951144,0.9729574,0.9550163,0.9524802,0.96075886,0.95977074,0.9517039,0.9636744,0.9468355,0.78303945,0.9579019,0.946153,0.9671835,0.9626572,0.94356245,0.9590645,0.9262046,0.95113,0.9324148,0.91506165,0.9650354,0.9713949,0.96144575,0.96017706,0.96264374,0.96339166,0.9478938,0.96512,0.95362544,0.9671828,0.9530816,0.9531837,0.95618576,0.9668289,0.9727943,0.9719467,0.95790493,0.953302,0.97719496,0.95735234,0.9473616,0.9745626,0.9656878,0.96326363,0.95484287,0.966424,0.9539147,0.96840394,0.9563802,0.95502996,0.9517324,0.95720184,0.9532694,0.94486356,0.9682798,0.65027404,0.9416818,0.9671296,0.94251066,0.9290963,0.8715889,0.9357524,0.96515745,0.9661265,0.9436049,0.9581613,0.9653805,0.9476051,0.956905,0.9656791,0.9547666,0.9673859,0.9648743,0.956437,0.95948595,0.9682798,0.9359678,0.9642682,0.9726632,0.9666145,0.96104974,0.9582497,0.9541931,0.9497824,0.95962715,0.9492964,0.9545564,0.96637547,0.9298424,0.97518575,0.9681718,0.96595156,0.95082766,0.9532018,0.9576217,0.75033325,0.9688502,0.8967205,0.95921654,0.9463178,0.96962947,0.9354223,0.9625347,0.9563519,0.95802397,0.9510814,0.97413903,0.94370306,0.9617812,0.95595336,0.95606124,0.95575964,0.9673577,0.9271017,0.95831317,0.9463014,0.9602941,0.94094664,0.97842234,0.9596757,0.96050596,0.95781064,0.9582625,0.9401492,0.9824825,0.95195115,0.9608978,0.9580609,0.9516763,0.9620946,0.9339562,0.94232154,0.9600877,0.9630289,0.95744586,0.97346073,0.9645536,0.89693606,0.9493143,0.96877843,0.95805556,0.9643041,0.9750363,0.95707375,0.9824825,0.94332635,0.9487389,0.9618769,0.9592991
ahiddenlifefilm,0.98787266,0.96877396,0.9792672,0.96344674,0.9818366,0.9660459,0.9841816,0.9824825,1.0000001,0.9693889,0.96704096,0.9727469,0.9779891,0.9872674,0.9791255,0.98152995,0.9705347,0.9818457,0.9763927,0.96392274,0.9810029,0.98124075,0.97465944,0.9830735,0.9681954,0.8117747,0.973943,0.97247773,0.98359054,0.9737901,0.9719931,0.9758461,0.9549909,0.9710413,0.95067763,0.91906434,0.97709185,0.9821625,0.9785303,0.97580045,0.97506493,0.98200506,0.9596615,0.97199595,0.98101187,0.98347455,0.978503,0.9747254,0.97234404,0.97902256,0.98598534,0.9833934,0.9722975,0.9645992,0.9802485,0.9714083,0.955325,0.9848428,0.9842767,0.9809556,0.9715527,0.974808,0.97788966,0.9848666,0.96663374,0.96860814,0.9703297,0.9678238,0.97585917,0.96404374,0.98555905,0.68506324,0.95586646,0.9829321,0.9653846,0.94839233,0.90062916,0.9563359,0.97988385,0.9659948,0.95791614,0.97554964,0.98092675,0.96862453,0.9710509,0.97519577,0.96993715,0.9813555,0.97617364,0.9740364,0.97639346,0.98555905,0.9560964,0.9793229,0.9785934,0.97309077,0.97419167,0.9698886,0.97343206,0.9701488,0.9751516,0.967213,0.9692912,0.97857404,0.9555939,0.98601097,0.9775381,0.9851286,0.9636211,0.9679222,0.9843509,0.7663584,0.9879618,0.89937884,0.9736685,0.96219796,0.98488766,0.95723146,0.97999185,0.97483385,0.972711,0.9689188,0.9800862,0.9663347,0.98182875,0.9744726,0.97589386,0.96697396,0.9763682,0.94188154,0.97853196,0.96242046,0.9821836,0.9668752,0.9828624,0.971337,0.9788574,0.9695326,0.9784217,0.9648185,1.0000001,0.97731304,0.97586566,0.9768352,0.9685113,0.9708162,0.9565541,0.9579404,0.982667,0.9770425,0.9761771,0.98414797,0.9734756,0.9237756,0.9725655,0.9819108,0.9620381,0.9760573,0.9811746,0.9707137,1.0000001,0.9700019,0.9757886,0.97984576,0.9791017
alitamovie,0.95503896,0.9484181,0.9577488,0.92471457,0.9642082,0.9363444,0.9570264,0.95281553,0.9693889,1.0000002,0.925773,0.9406912,0.94914913,0.962495,0.94787693,0.95260805,0.9427283,0.9621776,0.95032173,0.9290629,0.95036787,0.9507907,0.92319494,0.9569352,0.9247791,0.75202763,0.9493851,0.9464551,0.96093726,0.95280063,0.94487655,0.93739086,0.9129981,0.9440032,0.9143369,0.89657265,0.95950556,0.95966864,0.93898094,0.96229416,0.9571507,0.9523511,0.93313295,0.9535762,0.9443069,0.9562546,0.9322303,0.94237524,0.92862034,0.95265985,0.96210283,0.9553529,0.93733585,0.9233535,0.9457396,0.9580116,0.9254207,0.9527017,0.9550368,0.9528531,0.94357586,0.9286476,0.94330686,0.95762897,0.92058885,0.92616254,0.9480914,0.94059825,0.9447625,0.9281727,0.9640087,0.6215003,0.9413065,0.9623753,0.9124676,0.90203846,0.86921704,0.92885286,0.94535345,0.9374953,0.91000235,0.9523207,0.9477697,0.93411803,0.9544717,0.9502574,0.94193095,0.9467415,0.9556326,0.9419805,0.92980087,0.9640087,0.91924024,0.9435186,0.9595834,0.9361166,0.9341502,0.93409353,0.9342442,0.9335998,0.95647657,0.94183606,0.9529736,0.95401734,0.9532249,0.96107227,0.94562364,0.962764,0.9577299,0.95436746,0.95867264,0.7101299,0.95586824,0.85427195,0.9478189,0.90934503,0.9483469,0.89662737,0.94572103,0.9439176,0.93967736,0.94177026,0.93594706,0.937083,0.95453715,0.9547493,0.9525727,0.9250358,0.9489263,0.9137701,0.95495814,0.95035505,0.96558374,0.9419534,0.95951,0.9349148,0.95559984,0.94103044,0.95742255,0.9514105,0.9693889,0.9449503,0.9576435,0.9461479,0.94447863,0.9559166,0.9061688,0.9213376,0.9550956,0.9400059,0.95903206,0.95202005,0.95831054,0.890076,0.94862366,0.9635331,0.9211429,0.9568516,0.95439667,0.93762696,0.9693889,0.94412446,0.9521901,0.9381448,0.96310335
angelhasfallen,0.9555022,0.93242425,0.94307494,0.93253595,0.93915635,0.9264639,0.968293,0.9544714,0.96704096,0.925773,0.99999976,0.93751436,0.9507674,0.9700453,0.9507627,0.9507254,0.94059294,0.9350795,0.93810487,0.94383097,0.94441164,0.952753,0.92690974,0.9571398,0.9581869,0.78663504,0.9469278,0.94251263,0.93997437,0.9503646,0.92761815,0.940006,0.9168135,0.9275505,0.9209682,0.8987155,0.9459208,0.9566776,0.9501445,0.94665045,0.94468284,0.95024586,0.9178516,0.938256,0.95262456,0.9495578,0.93185985,0.9529555,0.9303137,0.9520034,0.9454849,0.9528581,0.93074816,0.95362145,0.949259,0.9212454,0.9457698,0.96075,0.9502858,0.94946605,0.9219091,0.9437733,0.9463105,0.9523924,0.9276741,0.96046424,0.94017625,0.9209486,0.9724966,0.93501633,0.9518491,0.66822404,0.925317,0.96019506,0.938947,0.9169622,0.8824317,0.9100684,0.9471466,0.93100375,0.95683694,0.9452258,0.9487567,0.9414873,0.9532664,0.939969,0.9604976,0.95320886,0.93431276,0.9370357,0.9470075,0.9518491,0.92763215,0.9476279,0.94917107,0.94646895,0.96196127,0.9348493,0.9585574,0.92566764,0.94009346,0.9316311,0.93817,0.9547921,0.9236422,0.95286167,0.93445027,0.9639601,0.91275775,0.9459973,0.9474063,0.75900906,0.947885,0.8766504,0.9370286,0.9499628,0.95516086,0.9163805,0.9474028,0.96147126,0.9454954,0.94783515,0.9499913,0.92693645,0.9538593,0.94125235,0.9385198,0.9352758,0.94427663,0.9015688,0.9411405,0.9333273,0.9456636,0.9349865,0.9551561,0.9511749,0.9408425,0.92668813,0.9525359,0.917904,0.96704096,0.94400686,0.927411,0.9413831,0.91934997,0.94438034,0.9449743,0.9309095,0.942046,0.96686524,0.9571289,0.9558086,0.9402675,0.90517324,0.9322255,0.9515462,0.92290044,0.94285,0.9553089,0.9300331,0.96704096,0.93829226,0.9401184,0.9380051,0.9388186
angrybirdsmovie,0.9640768,0.9422584,0.95593923,0.929066,0.96190727,0.93876386,0.962135,0.9580445,0.9727469,0.9406912,0.93751436,0.99999994,0.94553983,0.96724045,0.9511615,0.9531583,0.9499826,0.9582864,0.9412467,0.9415134,0.9594139,0.9572309,0.94906396,0.951747,0.9528443,0.8073987,0.94116473,0.9582577,0.9625655,0.9475924,0.9399993,0.939654,0.9269399,0.9560253,0.9376817,0.8797697,0.95052034,0.95845485,0.9587117,0.95330524,0.95267683,0.96159047,0.93763846,0.95052445,0.9513019,0.9541257,0.9527033,0.9574075,0.94013315,0.9557938,0.96587694,0.95072335,0.950817,0.93979454,0.963552,0.9565847,0.91779345,0.95871305,0.9626861,0.9516554,0.9434526,0.9609162,0.9475205,0.96157444,0.9433419,0.9407401,0.95638114,0.9377142,0.9554483,0.9394511,0.9594657,0.6887828,0.9249713,0.96465313,0.93151873,0.91511375,0.8627597,0.91815585,0.96169233,0.9492583,0.938985,0.9457262,0.95068926,0.93602574,0.94882923,0.9449296,0.9534503,0.9561592,0.9519637,0.9362395,0.9487927,0.9594657,0.91327727,0.9538601,0.9600664,0.93994665,0.9439353,0.951054,0.938084,0.9488505,0.94391507,0.95101464,0.94198525,0.95292854,0.9345478,0.9678481,0.9497099,0.9588546,0.9474528,0.93164843,0.956865,0.7724963,0.9586178,0.8792036,0.94481623,0.9409318,0.9661594,0.9351061,0.94778854,0.9575501,0.95628947,0.9330169,0.9572888,0.9445989,0.95929956,0.95647335,0.9416902,0.9457461,0.9504287,0.9136807,0.9566269,0.9399624,0.9438625,0.94448537,0.95338005,0.9273945,0.95941013,0.94020003,0.96150345,0.9393731,0.9727469,0.9510438,0.9485873,0.95338976,0.9391749,0.94074935,0.93267614,0.93711454,0.9543184,0.9590564,0.9519641,0.95346147,0.9518915,0.9038886,0.9554125,0.9427674,0.9340596,0.95388913,0.9538352,0.9472723,0.9727469,0.9455199,0.9439333,0.9508915,0.96310675
annabellemovie,0.96472263,0.94878906,0.95577765,0.9670533,0.9609249,0.9520474,0.96658826,0.95716876,0.9779891,0.94914913,0.9507674,0.94553983,0.9999997,0.96757597,0.95786047,0.968028,0.95455295,0.9540248,0.9586739,0.9341929,0.95593566,0.9566186,0.949363,0.96243215,0.95274246,0.7909773,0.93960327,0.96542186,0.9521407,0.9537506,0.96135634,0.9658801,0.9243634,0.9420919,0.9221483,0.8818564,0.95321923,0.9786726,0.9602852,0.962485,0.9622244,0.95832074,0.93061477,0.9495655,0.9672401,0.96324503,0.9566026,0.95540047,0.94229084,0.95653486,0.9580684,0.9645446,0.9569746,0.93703085,0.95645344,0.9517291,0.92729044,0.9597813,0.9753687,0.97520435,0.9506634,0.95277286,0.95905703,0.97330725,0.9461932,0.95329034,0.9575592,0.94595367,0.95740384,0.95450926,0.9750854,0.67186075,0.921261,0.9676979,0.949511,0.9306488,0.8891769,0.9372237,0.94938266,0.94724375,0.94222045,0.95100516,0.9752332,0.94155216,0.9576282,0.94674885,0.9613191,0.98262376,0.94913733,0.9542991,0.96309066,0.9750854,0.94853956,0.97718316,0.95582324,0.9510685,0.9449187,0.9469929,0.95796573,0.9496199,0.94906104,0.9465711,0.95471036,0.96838003,0.94403267,0.9548238,0.9576214,0.9737077,0.9385083,0.9610553,0.9597726,0.7236174,0.97141314,0.86923885,0.9586589,0.9484779,0.9601506,0.9377129,0.96170527,0.96027064,0.9709924,0.9645728,0.9552242,0.9508434,0.9606063,0.96573305,0.9554944,0.94603324,0.94873565,0.9358098,0.95882756,0.9325638,0.96476203,0.9486772,0.96428186,0.96742004,0.95374024,0.9541022,0.9731894,0.93846786,0.9779891,0.9653072,0.9461399,0.97034454,0.94356555,0.93749315,0.93838465,0.94393206,0.9694156,0.9509381,0.95942175,0.9567552,0.9558968,0.91764873,0.9489149,0.9640946,0.9373968,0.9621762,0.9658318,0.9537678,0.9779891,0.9445403,0.95469314,0.9518375,0.95078075
annamovie,0.9699287,0.9620679,0.96357983,0.95692474,0.97295207,0.95162386,0.9745778,0.9761678,0.9872674,0.962495,0.9700453,0.96724045,0.96757597,0.99999994,0.9662818,0.97181123,0.9599192,0.9643481,0.9496817,0.950417,0.96435714,0.9656889,0.9554445,0.967989,0.9642584,0.78441066,0.95870686,0.96478015,0.96494716,0.96453226,0.95102304,0.9577322,0.9362952,0.9557142,0.94109595,0.917363,0.9691452,0.97578365,0.967654,0.97159445,0.9710745,0.9669048,0.9459214,0.9585986,0.9630662,0.97050184,0.96317476,0.9685938,0.9520575,0.96793604,0.9666106,0.96896493,0.96405715,0.9525868,0.96687245,0.95774245,0.9508597,0.97862345,0.9736368,0.9695957,0.95628095,0.96428216,0.9645905,0.98196775,0.94773465,0.9631272,0.95870006,0.9485551,0.9749552,0.956062,0.9750296,0.65112454,0.9468519,0.9747922,0.9489823,0.938084,0.8820889,0.93886125,0.9646115,0.95791286,0.9580557,0.9561464,0.9689325,0.9513637,0.9569736,0.9663164,0.969613,0.9685968,0.9668685,0.95545167,0.9633568,0.9750296,0.9446489,0.9643221,0.9707448,0.9581335,0.9724034,0.9573616,0.96362704,0.960052,0.9618253,0.9600674,0.9571724,0.96926403,0.9421499,0.9731515,0.9624111,0.9740198,0.94816786,0.9559645,0.96656895,0.7594628,0.9732615,0.8881972,0.9589158,0.9518931,0.9719269,0.9403135,0.96565783,0.96692264,0.9676203,0.9620898,0.96927756,0.9500546,0.9760702,0.9603937,0.963088,0.9448542,0.9605797,0.921447,0.9617686,0.9445293,0.9711356,0.9612825,0.9762883,0.9572547,0.9630526,0.95407766,0.9693418,0.9389558,0.9872674,0.95449597,0.9592611,0.97139436,0.9509919,0.9590762,0.9518321,0.9556553,0.966091,0.9682142,0.9702223,0.97169864,0.96828353,0.91219383,0.96334356,0.9703086,0.95188344,0.9688623,0.9726977,0.9583085,0.9872674,0.9524458,0.9628612,0.9617497,0.9624113
apollo11movie,0.9699984,0.9451164,0.9707445,0.93235415,0.95583135,0.95755273,0.9599061,0.9639187,0.9791255,0.94787693,0.9507627,0.9511615,0.95786047,0.9662818,1.0000001,0.96915054,0.9510212,0.95904666,0.9560389,0.96895075,0.96198565,0.95993274,0.9511899,0.9669791,0.94973534,0.80608946,0.956344,0.9474686,0.96312594,0.9448802,0.94242895,0.9609712,0.9409945,0.94512165,0.9304994,0.9061142,0.9541506,0.96262896,0.95112085,0.94055134,0.95610327,0.9625559,0.9391417,0.9593416,0.9649361,0.9704515,0.95742285,0.9506449,0.94632787,0.9644844,0.97129154,0.948848,0.9352458,0.94104016,0.96558183,0.96008974,0.92191935,0.9566877,0.9535644,0.95901984,0.9532126,0.9507591,0.9650889,0.96115863,0.94878703,0.93504393,0.9487219,0.93856925,0.9577674,0.94693965,0.9611333,0.6855406,0.94602007,0.9618679,0.93950135,0.9307172,0.8880017,0.93852687,0.96020377,0.9353109,0.9413677,0.9481129,0.9506883,0.94264513,0.9567111,0.9469393,0.95035803,0.95646495,0.94789237,0.9515759,0.9618041,0.9611333,0.9263563,0.9566007,0.9617124,0.97197545,0.9664687,0.9557292,0.954308,0.939424,0.9591982,0.9559845,0.9503616,0.955447,0.9369622,0.9659528,0.9529377,0.9591468,0.9439239,0.94085187,0.9569447,0.7446391,0.9654765,0.9011858,0.9589312,0.9518951,0.9714393,0.92907256,0.9705405,0.9506633,0.9550999,0.93596536,0.9617942,0.9544375,0.96136355,0.9606232,0.9587936,0.9584661,0.96119934,0.9180974,0.95695704,0.9436236,0.9641966,0.9311244,0.952416,0.9484294,0.9593498,0.939292,0.9609242,0.9538712,0.9791255,0.9629892,0.9551463,0.9477132,0.9338222,0.9395166,0.93710697,0.9420418,0.9519346,0.9571107,0.94835275,0.95778435,0.95189464,0.9091101,0.93934655,0.9625948,0.9385529,0.94384265,0.94799024,0.9513203,0.9791255,0.956578,0.95668674,0.958399,0.9565773
arcticdogsmovie,0.9712965,0.9705562,0.9611733,0.96363264,0.96698725,0.96338946,0.9627579,0.9713984,0.98152995,0.95260805,0.9507254,0.9531583,0.968028,0.97181123,0.96915054,1.0000001,0.94184464,0.9709924,0.9576316,0.94512475,0.9639386,0.9583224,0.9571985,0.9617113,0.955628,0.8139881,0.95821255,0.9478216,0.96433324,0.96666604,0.9543978,0.9598431,0.9463979,0.9500793,0.9356116,0.8901839,0.9542657,0.9705982,0.9547579,0.9522545,0.9590208,0.9631045,0.9412426,0.9552417,0.9613526,0.97305685,0.9604637,0.9583609,0.9501304,0.9656941,0.96586275,0.9611594,0.9608926,0.94349146,0.9702526,0.96619755,0.93296456,0.9644091,0.97138196,0.96141267,0.962206,0.96458864,0.95988405,0.97505856,0.9420479,0.9497703,0.94701153,0.9469446,0.96167743,0.9383411,0.96368283,0.6826765,0.9464509,0.96178186,0.9526793,0.9286036,0.885885,0.9389839,0.95667166,0.951952,0.94182795,0.9483084,0.96916664,0.94166887,0.9514431,0.95721924,0.9442022,0.96943057,0.9574083,0.96454054,0.97022736,0.96368283,0.95423746,0.96388805,0.95617443,0.96989584,0.9637296,0.9439526,0.95859367,0.9455906,0.9555906,0.96455973,0.962037,0.95612097,0.9346868,0.96753573,0.9637881,0.9730205,0.9576621,0.954934,0.96338516,0.76559734,0.97503656,0.8780013,0.9590629,0.9467945,0.96744967,0.9347448,0.96498275,0.94892293,0.96884125,0.95423627,0.966902,0.95696723,0.96084976,0.9565831,0.95866054,0.94885296,0.96152115,0.92084056,0.9651762,0.9488702,0.96543354,0.93943936,0.96705717,0.9647233,0.95731664,0.9441374,0.9576771,0.94130546,0.98152995,0.9526437,0.95520127,0.9634051,0.9427584,0.9522937,0.9460105,0.94771445,0.9682906,0.9545104,0.94789875,0.9699753,0.9633119,0.9145241,0.9440971,0.96634656,0.95020074,0.9603189,0.96580625,0.9588724,0.98152995,0.94659156,0.96473587,0.96578515,0.9582408
arcticmovie,0.95892525,0.93067044,0.9580429,0.93496794,0.95035785,0.9395171,0.95426536,0.951144,0.9705347,0.9427283,0.94059294,0.9499826,0.95455295,0.9599192,0.9510212,0.94184464,0.9999998,0.95381904,0.95149386,0.9299873,0.94449043,0.9471746,0.9361801,0.9562422,0.9412407,0.80703396,0.9342349,0.9685119,0.9539434,0.9484315,0.9581252,0.95986354,0.92268956,0.9309998,0.92606556,0.8722923,0.94543195,0.96086466,0.96961063,0.95531875,0.94246256,0.95672965,0.9364263,0.9567381,0.95860595,0.9502149,0.94077855,0.95511276,0.9406811,0.9629637,0.9625947,0.9597318,0.93434715,0.9310442,0.9561397,0.9427831,0.91630083,0.96171194,0.96209383,0.9548013,0.93075526,0.9459177,0.9492764,0.9516496,0.95018095,0.93345994,0.9516707,0.93467265,0.9537541,0.9310126,0.96245027,0.6667066,0.9062549,0.9663888,0.92034155,0.91883594,0.8727459,0.91436154,0.9514535,0.93775773,0.93211544,0.94710994,0.9461893,0.9411839,0.9584083,0.94271725,0.9504757,0.94282794,0.93450546,0.949392,0.93532693,0.96245027,0.9114855,0.9462157,0.9540789,0.93793184,0.93999183,0.94985366,0.9375947,0.92881536,0.9481133,0.94981205,0.9476586,0.9586827,0.941723,0.95832986,0.9519551,0.96070474,0.92508614,0.9396555,0.9471902,0.69564265,0.9547468,0.8510634,0.9545523,0.9280095,0.95602405,0.93481076,0.9645813,0.94419694,0.95250386,0.95310074,0.94115186,0.9394042,0.95178425,0.95609945,0.93031365,0.9495866,0.946049,0.9353478,0.941426,0.94515723,0.9681262,0.95543534,0.95802665,0.94433266,0.9461791,0.947971,0.95966035,0.93884313,0.9705347,0.9522661,0.94786537,0.93978876,0.94162506,0.9454061,0.92636776,0.93324053,0.95349914,0.9544957,0.9558185,0.947413,0.9422421,0.89633924,0.9517366,0.952267,0.92709476,0.94000334,0.9517246,0.9488775,0.9705347,0.934659,0.9423741,0.9479079,0.9531592
artofracingmovie,0.9701895,0.95491713,0.95908993,0.9470308,0.9785639,0.95220923,0.9626273,0.9729574,0.9818457,0.9621776,0.9350795,0.9582864,0.9540248,0.9643481,0.95904666,0.9709924,0.95381904,1.0,0.96641135,0.9434707,0.964876,0.95671475,0.9577148,0.95551026,0.9381828,0.796829,0.9660382,0.9518621,0.9628605,0.96063155,0.96366566,0.9587466,0.9353368,0.9489887,0.93548495,0.89629126,0.9484718,0.9583471,0.9635481,0.95360005,0.9671266,0.96348095,0.94450796,0.96032095,0.9527862,0.9659594,0.96170384,0.9501358,0.96020657,0.96324736,0.96604943,0.9681956,0.9522484,0.94626606,0.97294354,0.9695771,0.93056995,0.96615696,0.96915597,0.9621853,0.9666404,0.96829665,0.9607715,0.96656346,0.95523334,0.9369587,0.94951475,0.9530736,0.9577907,0.92999136,0.9664329,0.664814,0.9414504,0.9604151,0.94028866,0.9245965,0.86317265,0.93955797,0.97396934,0.94635725,0.9391641,0.9680851,0.96240294,0.9463809,0.95384383,0.9711012,0.9473043,0.9580129,0.9653045,0.96063405,0.95634884,0.9664329,0.933134,0.9599534,0.95370317,0.9612883,0.95371497,0.9589307,0.94581133,0.9466934,0.9513611,0.9633179,0.95127624,0.954411,0.93376786,0.9690872,0.96807355,0.96965843,0.9558043,0.9435649,0.9698617,0.7484048,0.97154796,0.8859345,0.9627043,0.9402123,0.9620129,0.940883,0.96455735,0.95110524,0.96000856,0.9546468,0.9636248,0.95025975,0.96447724,0.9573942,0.9592573,0.9540465,0.96937096,0.9200841,0.96685785,0.9608627,0.96909064,0.94889885,0.9688822,0.952061,0.9601504,0.9531858,0.9574849,0.95650566,0.9818457,0.94808203,0.967902,0.960014,0.9609443,0.96328104,0.92695755,0.93820745,0.96822006,0.9504545,0.9555988,0.9683243,0.9590338,0.89237463,0.95929754,0.9685408,0.945758,0.95052475,0.9738276,0.9686381,0.9818457,0.9555431,0.95689875,0.9639436,0.9623211
avengers,0.9735512,0.92916816,0.9524853,0.9366132,0.95393074,0.95913863,0.9661542,0.9550163,0.9763927,0.95032173,0.93810487,0.9412467,0.9586739,0.9496817,0.9560389,0.9576316,0.95149386,0.96641135,0.9999999,0.94060755,0.96128845,0.952891,0.9533121,0.9606194,0.9469712,0.8087167,0.95175415,0.9530735,0.9567273,0.9577413,0.9812483,0.95351774,0.93892384,0.9466009,0.9161998,0.8991294,0.9529409,0.9516319,0.96517736,0.95073247,0.95552903,0.95947415,0.94718534,0.9568596,0.96517533,0.95938975,0.95757747,0.94272065,0.95715284,0.959243,0.9650998,0.9610331,0.9437901,0.93765813,0.9660014,0.9437697,0.9206407,0.9577173,0.9632574,0.9611328,0.95275563,0.9515569,0.9482409,0.9600243,0.94313204,0.93626624,0.9451271,0.9430919,0.94382936,0.92351884,0.96624756,0.6893529,0.9377693,0.96592903,0.94768834,0.9258497,0.8878944,0.9552682,0.96154046,0.94445884,0.9167472,0.9749178,0.964099,0.9554489,0.959772,0.95679533,0.94130766,0.9619699,0.9577685,0.9620316,0.9473781,0.96624756,0.9207918,0.95487714,0.9512724,0.96011555,0.93518144,0.93812495,0.95266974,0.93952054,0.95202416,0.9423658,0.9465186,0.957492,0.9279335,0.9604399,0.95291936,0.96843344,0.94793606,0.9517739,0.9653611,0.7316862,0.9613748,0.8831818,0.95231134,0.93523234,0.9520009,0.93033326,0.9513188,0.9543252,0.9461776,0.9435376,0.9553364,0.9519711,0.9590879,0.95731467,0.9599984,0.95842016,0.96016914,0.9413625,0.9515835,0.9433429,0.9632096,0.9372751,0.9574603,0.9578821,0.9496844,0.9418765,0.9639011,0.9539161,0.9763927,0.957701,0.9559813,0.9508952,0.95967245,0.9504733,0.9233915,0.9242388,0.9639513,0.9496081,0.95655674,0.95975614,0.9443966,0.8951687,0.9552417,0.96603566,0.9277442,0.9529056,0.95426804,0.94974613,0.9763927,0.9639983,0.96059775,0.96051747,0.9640795
beachbummovie,0.9591762,0.92826444,0.95114106,0.9224526,0.955407,0.91484976,0.9498468,0.9524802,0.96392274,0.9290629,0.94383097,0.9415134,0.9341929,0.950417,0.96895075,0.94512475,0.9299873,0.9434707,0.94060755,1.0000001,0.9532349,0.9590628,0.9342832,0.96080554,0.9239193,0.8161556,0.9464918,0.9195234,0.95684934,0.92990786,0.9225486,0.94374865,0.902996,0.9394496,0.9270193,0.9129479,0.9402563,0.94058245,0.93396956,0.93523633,0.9359198,0.94724923,0.9317571,0.9342567,0.95450515,0.95100844,0.94280213,0.94186634,0.9322541,0.94220424,0.95891476,0.949514,0.9230574,0.94592994,0.9460565,0.94005585,0.93478006,0.9423886,0.93429595,0.9516072,0.93798286,0.92761695,0.952309,0.9369732,0.9482114,0.92600715,0.9366421,0.9328875,0.9389431,0.95383346,0.94993204,0.6954278,0.92893106,0.9384955,0.92136127,0.89708924,0.8769973,0.9091517,0.94892704,0.93149096,0.9292073,0.9426163,0.929255,0.928252,0.956037,0.94530004,0.93853605,0.9492782,0.93420655,0.9363433,0.93317246,0.94993204,0.91429216,0.9505746,0.95319486,0.946439,0.9458254,0.9524043,0.94525003,0.93119276,0.9367115,0.93760103,0.9474816,0.952401,0.91274494,0.96232975,0.9330704,0.94469017,0.9413861,0.9293044,0.9437473,0.7848964,0.95063597,0.9064218,0.9415448,0.9487523,0.9619461,0.90348893,0.9547534,0.9465618,0.91604924,0.9170507,0.94522756,0.91994625,0.9449736,0.93365145,0.94126326,0.93373436,0.957716,0.90751773,0.9575852,0.94759345,0.94470483,0.9138542,0.9401958,0.9263952,0.941081,0.9225979,0.95181555,0.95201373,0.96392274,0.94800055,0.9467408,0.92853045,0.9185124,0.9298598,0.93428093,0.91364646,0.9336368,0.9508303,0.9410819,0.95422375,0.927012,0.87355244,0.9347305,0.94534993,0.9093558,0.9305085,0.9395265,0.93292075,0.96392274,0.93027604,0.93024296,0.9297993,0.94898236
bernadettefilm,0.9828276,0.9499937,0.964895,0.93993235,0.96555793,0.95310116,0.9692406,0.96075886,0.9810029,0.95036787,0.94441164,0.9594139,0.95593566,0.96435714,0.96198565,0.9639386,0.94449043,0.964876,0.96128845,0.9532349,0.99999964,0.96363646,0.9554715,0.95042795,0.94956857,0.7987106,0.9596642,0.9557211,0.9653791,0.95658886,0.94980156,0.9512199,0.9391073,0.95875454,0.94165504,0.91428155,0.9527539,0.96027815,0.9542107,0.95269006,0.9605121,0.965179,0.9384304,0.95181537,0.96898603,0.96713346,0.9617785,0.95496094,0.95593476,0.9567555,0.96913683,0.96173507,0.95413715,0.94439024,0.96743125,0.9573773,0.93711746,0.95898455,0.95770913,0.9617028,0.96154445,0.9548532,0.96535456,0.96901834,0.9463369,0.94569665,0.95416343,0.94865113,0.95360374,0.94051707,0.96829855,0.6684833,0.9492317,0.96341777,0.9445592,0.93360204,0.89799136,0.94195026,0.9683133,0.9387475,0.92204213,0.9598641,0.96882784,0.9458481,0.95547235,0.9510897,0.94948786,0.9634288,0.95390594,0.95120776,0.9612362,0.96829855,0.9311308,0.96132004,0.9529635,0.96372455,0.9514703,0.9460211,0.9598236,0.9500578,0.9609233,0.9486184,0.94838953,0.9556,0.9378637,0.9705538,0.95922065,0.9743799,0.9594878,0.94108534,0.96804744,0.7552959,0.9654791,0.8934803,0.9587056,0.94990945,0.9778341,0.93186265,0.95698255,0.9598919,0.9512088,0.9460233,0.96078014,0.9568471,0.96790475,0.9544893,0.96281606,0.941485,0.9632791,0.91583747,0.97803,0.94922185,0.9697647,0.9534871,0.9602719,0.9473926,0.96160495,0.94316816,0.9607627,0.95495474,0.9810029,0.9595694,0.9672365,0.9615271,0.94611585,0.9604671,0.94203377,0.9403892,0.97024107,0.96413594,0.9580088,0.96331656,0.96164006,0.91581607,0.9582835,0.96150535,0.9377788,0.9631479,0.9588709,0.94432795,0.9810029,0.9531555,0.9673267,0.96009815,0.9643959
