movie,21bridgesmovie,47metersdown,abeautifuldaymovie,abominablemovie,adastramovie,adogsjourneymovie,aftermathmovie,aftermovie,ahiddenlifefilm,alitamovie,angelhasfallen,angrybirdsmovie,annabellemovie,annamovie,apollo11movie,arcticdogsmovie,arcticmovie,artofracingmovie,avengers,beachbummovie,bernadettefilm,blackandbluemovie,blackchristmas,blindedbythelightmovie,bombshellmovie,booksmart,breakthroughmovie,brianbanksmovie,brightburnmovie,brittanyrunsmov,captainmarvelofficial,captivestatemovie,catsmovie,charliesangels,childsplaymovie,clarathefilm,coldpursuitmovie,countdown,currentwarmovie,darkwatersmovie,detectivepikachumovie,disneyaladdin,disneyfrozen,disneymaleficent,doctorsleepmovie,dolemiteismyname,dontletgomovie,doramovie,downtonabbey_official,dumbo,escaperoom,everybodyknowsmovie,fastandfuriousmovie,fightingwmyfam,fivefeetapartfilm,fordvferrari,freaksthefilm,geminimanmovie,glassmovie,gloriabellmovie,godzillamovie,goldfinchmovie,goodboysmovie,goodliarmovie,gretafilm,halathemovie,happydeathdaymovie,harrietfilm,hellboymovie,hersmellmovie,highlifemovie,highstrungmovie,honeyboymovie,hotelmumbaifilm,httydragon,hustlemovie,hustlersmovie,isntitromantic,itmovieofficial,jayandsilentbob,johnwickmovie,jojorabbitmovie,jokermovie,judythefilm,jumanjimovie,justmercyfilm,knivesout,lalloronamovie,lastblackmansf,lastchristmasthemovie,latenightmovie,lighthousemovie,lionking,littlethemovie,littlewomenmovie,littlewoodsfilm,longshotmovie,lordsofchaosmovie,lucyintheskyfilm,mamovie2019,marriagestory,meettheaddams,meninblack,midsommarmovie,midwaymovie,missbalamovie,missinglinkfilm,motherlessbklyn,onceinhollywood,onthebasisofsex,overcomermovie,peanutbutterfalcon,petsematarymovie,piercingmovie,playingwithfire,playmobilthemovie,pomsmovie,queenandslim,rambomovie,readyornotfilm,richardjewellfilm,rocketmanmovie,scarystoriesmovie,secretlifeofpets,serenityfilm,shaftmovie,shazammovie,spidermanmovie,spiesindisguise,starwars,stormboymovie,stubermovie,taosdfilm,teenspiritmov,terminator,theaeronautsmov,thebestofenemies,thedeaddontdie,thefarewell,thehighwaymen,thehummingbirdprojectfilm,theintrudermovie,theirishmanfilm,thekitchenmovie,thelegomovie,themustangfilm,thenightingalefilm,theprodigymovie,thesunisalsoastar,theupsidefilm,tolkienmovie,toystory,triplefrontier,uglydolls,uncutgems,underthesilverlake,usmovie,wavesmovie,whatmenwant,wonderparkmovie,wrinklestheclown,xmenmovies,yardiefilm,yesterdaymovie,zombieland
21bridgesmovie,1.0000002,0.9416972,0.96574813,0.941681,0.96217227,0.9550324,0.96228534,0.961517,0.98485696,0.95466405,0.96202844,0.9517685,0.96203566,0.9728333,0.9586542,0.9549322,0.96472925,0.9642793,0.97936124,0.9499816,0.9629032,0.9552984,0.9686927,0.96265984,0.9667902,0.8010209,0.96787465,0.96008503,0.9665361,0.9471799,0.9548264,0.96514386,0.95518684,0.946931,0.9250186,0.91541564,0.962422,0.96855223,0.95830166,0.96793383,0.94627345,0.96206796,0.94082373,0.96345127,0.9698831,0.96561795,0.9686136,0.972628,0.94737434,0.9613731,0.96550286,0.9716092,0.96721524,0.9546249,0.9498455,0.96457464,0.9462644,0.96391135,0.95546865,0.97169334,0.9448203,0.94964075,0.96253276,0.95443666,0.95808786,0.938322,0.97091585,0.96220815,0.96341425,0.9077989,0.96947277,0.61836743,0.9494542,0.96973634,0.93523395,0.94083846,0.9167583,0.9646787,0.95145345,0.9589937,0.97531617,0.9457647,0.95951,0.93621856,0.9587866,0.951133,0.977031,0.96610653,0.95875436,0.963774,0.9510959,0.96947277,0.9487567,0.961541,0.9472425,0.97379243,0.96891314,0.96514094,0.952573,0.97416896,0.95577085,0.9762914,0.9609368,0.96638286,0.947109,0.9625936,0.95745325,0.95759773,0.9513955,0.95225245,0.9769963,0.8030843,0.97094274,0.905285,0.9699261,0.9807884,0.9912012,0.95946777,0.9673072,0.9515204,0.9658796,0.96886843,0.969635,0.9348807,0.9660995,0.954235,0.9557499,0.95276845,0.9528241,0.9257818,0.9671798,0.95582646,0.9454972,0.9494973,0.96907866,0.95521873,0.976446,0.958421,0.96617794,0.96281075,0.98485696,0.96378833,0.94282204,0.96012586,0.9512329,0.9646395,0.95942336,0.95288336,0.9551171,0.96822006,0.9488195,0.967334,0.9604802,0.9494918,0.952617,0.96002084,0.94968057,0.96765417,0.96486944,0.97250867,0.98485696,0.94269675,0.9662983,0.9738897,0.955046
47metersdown,0.9416972,1.0000002,0.9599611,0.9300008,0.941031,0.9595778,0.94563895,0.9421938,0.9649856,0.93451875,0.9398006,0.94794995,0.94244117,0.9598226,0.9561201,0.9678456,0.9499112,0.93224925,0.9534491,0.9502086,0.9234761,0.9387287,0.9459499,0.9321854,0.94081116,0.8255322,0.9318632,0.92746776,0.9464754,0.93889457,0.93231267,0.94178355,0.9335688,0.95488816,0.92779917,0.87808967,0.9566652,0.91394,0.9414976,0.9552219,0.93683624,0.95756423,0.92107433,0.9470268,0.9422156,0.9365625,0.94898176,0.93933827,0.941757,0.9499614,0.9527072,0.94745326,0.95276254,0.92145896,0.91890424,0.94796467,0.9235668,0.95146674,0.9448403,0.9441522,0.9460948,0.9291421,0.95055085,0.95760095,0.935643,0.9557828,0.9373593,0.9409714,0.9389202,0.93141526,0.9460925,0.6017168,0.930174,0.9431244,0.934577,0.9313365,0.9030469,0.9376806,0.93804806,0.96027523,0.9254586,0.93005383,0.951405,0.93042827,0.9355917,0.9396123,0.949663,0.9456517,0.93753093,0.9591827,0.9283929,0.9460925,0.963311,0.9552846,0.951492,0.95386434,0.9555683,0.96029574,0.9478836,0.93126154,0.93450004,0.9432463,0.94559515,0.938305,0.93646544,0.9516567,0.9561745,0.95745105,0.92696583,0.94408685,0.95271564,0.80005866,0.93283063,0.8635277,0.9230301,0.92656016,0.93702596,0.94220555,0.94748294,0.938215,0.9536978,0.95125157,0.94470537,0.94717187,0.9310104,0.9531023,0.9242281,0.9398442,0.93893856,0.9204387,0.95163226,0.92648715,0.93467283,0.9188426,0.9502526,0.93884695,0.93658245,0.9349111,0.9475897,0.92240334,0.9649856,0.943985,0.9399345,0.95349455,0.9387682,0.9438946,0.9295086,0.9158485,0.94771266,0.91389614,0.9360879,0.94958115,0.9398412,0.94366634,0.9443136,0.93759704,0.93954426,0.94172657,0.94292474,0.9348087,0.9649856,0.92968065,0.93333286,0.9644591,0.94008166
abeautifuldaymovie,0.96574813,0.9599611,1.0000001,0.9451391,0.95172983,0.96007305,0.9766753,0.9554045,0.97900784,0.94784135,0.9563345,0.94844,0.9548256,0.9738995,0.9642421,0.9626982,0.9556835,0.9561135,0.9590924,0.96189696,0.9402893,0.96758235,0.9557753,0.94501984,0.9676253,0.8297681,0.95386827,0.93892187,0.97836363,0.9577854,0.93755364,0.95790017,0.95377123,0.9696665,0.9276784,0.88395214,0.96900547,0.9483761,0.9543416,0.9575244,0.94825053,0.96312267,0.9360483,0.9513818,0.9616373,0.9693986,0.9532655,0.9543511,0.93357295,0.9569835,0.9799835,0.96621615,0.96222,0.9532974,0.9506834,0.957224,0.9451394,0.9596621,0.95990205,0.95740396,0.96514475,0.958412,0.95547897,0.95485,0.9474103,0.9441459,0.95747405,0.9568616,0.95315707,0.9132219,0.95806044,0.59549755,0.95111126,0.94632125,0.93754447,0.9445103,0.91483915,0.95979345,0.96039504,0.9657927,0.9582799,0.95719564,0.96610385,0.93596655,0.9627905,0.9537555,0.96732056,0.9580044,0.95720005,0.96206146,0.9477498,0.95806044,0.95343983,0.95818955,0.966849,0.9736643,0.96017194,0.9602005,0.9653806,0.9580867,0.96343744,0.95508385,0.9745895,0.95490944,0.9488477,0.97683096,0.9585029,0.9588756,0.96061873,0.9451904,0.969624,0.8131672,0.95712054,0.88283104,0.94493395,0.95765775,0.96663475,0.96092075,0.9654497,0.96464276,0.962642,0.9599951,0.9664007,0.9374978,0.95043737,0.9526403,0.94224834,0.95997846,0.9506955,0.9215781,0.9629558,0.9501419,0.9444508,0.933984,0.963982,0.9583544,0.9685683,0.9613811,0.95694107,0.9536867,0.97900784,0.97878116,0.9501686,0.9677568,0.9463435,0.96013266,0.93643486,0.9506268,0.9544036,0.9499357,0.96708757,0.9700885,0.959247,0.9463052,0.9450528,0.94991904,0.9470633,0.953565,0.9621943,0.9593919,0.97900784,0.9554249,0.9491713,0.96933824,0.9717533
abominablemovie,0.941681,0.9300008,0.9451391,0.9999999,0.94319093,0.94987303,0.95901066,0.9543095,0.9646844,0.925874,0.94916767,0.9311553,0.9506347,0.9528898,0.9472117,0.9363344,0.9362817,0.9309173,0.9543641,0.9289358,0.93725514,0.9506423,0.9517986,0.9511182,0.9372317,0.81215197,0.93106395,0.9356873,0.94493484,0.9457608,0.9439365,0.9469474,0.9197504,0.9317583,0.9085444,0.899275,0.95320255,0.9518593,0.9511057,0.9421326,0.92901766,0.9441716,0.93148243,0.9433312,0.9426219,0.9469786,0.9518683,0.94767374,0.9517755,0.9413763,0.9493991,0.96032584,0.92773384,0.94739115,0.94181067,0.94728464,0.94823027,0.9411649,0.9740922,0.9463332,0.937106,0.9538384,0.93772036,0.9386798,0.92768604,0.93921864,0.93815535,0.9489879,0.9440937,0.8991502,0.95209044,0.635911,0.94258946,0.94476265,0.95281816,0.9123423,0.89804393,0.94575864,0.93456405,0.93861824,0.94483876,0.962402,0.9263187,0.93016005,0.94026774,0.92859125,0.9507335,0.954977,0.94075245,0.94743246,0.9401222,0.95209044,0.92212385,0.9316065,0.9489251,0.9618671,0.93553764,0.9557272,0.94056636,0.93731576,0.9482851,0.9458348,0.94153565,0.95227426,0.92686397,0.9539055,0.94942427,0.94642276,0.9309125,0.9305138,0.9526118,0.840381,0.9383277,0.8878426,0.9280441,0.9424465,0.9461502,0.9377936,0.9576782,0.94155294,0.94304913,0.9448171,0.9573487,0.9324164,0.9378087,0.96492285,0.93297553,0.9371099,0.943861,0.9258719,0.9484569,0.95332897,0.9466537,0.9393385,0.9376117,0.95136404,0.94473743,0.93881035,0.9512892,0.9296261,0.9646844,0.94093025,0.9360424,0.9401154,0.9366833,0.95431316,0.93374735,0.9303985,0.9310513,0.92388356,0.95254904,0.943418,0.9343318,0.9235423,0.9385978,0.93416303,0.9596052,0.9432361,0.9380632,0.9308102,0.9646844,0.94061786,0.9434479,0.9511018,0.9410768
adastramovie,0.96217227,0.941031,0.95172983,0.94319093,1.0,0.9508186,0.9616197,0.9631178,0.97943836,0.96490055,0.94595486,0.9532612,0.94104695,0.9619378,0.97065973,0.9518141,0.9609494,0.97761273,0.9654863,0.9469827,0.95983064,0.94855046,0.96690816,0.9625387,0.94449985,0.8384491,0.9692583,0.94698447,0.9569265,0.9573869,0.9493653,0.94840354,0.94800794,0.92977107,0.9181696,0.93086964,0.961894,0.9498618,0.9648854,0.9592173,0.9434032,0.9459464,0.93099093,0.95139813,0.95928204,0.95816386,0.9626236,0.96098506,0.9584229,0.951372,0.9597648,0.97126144,0.9543981,0.9422735,0.9522809,0.9799942,0.9427668,0.9682292,0.95760876,0.96409595,0.9327348,0.9460044,0.9607273,0.9413887,0.9596659,0.9567673,0.95994604,0.9566482,0.9496783,0.9040472,0.9683242,0.62574494,0.9507131,0.9619273,0.9330442,0.9312274,0.89196354,0.93905777,0.950839,0.95562834,0.947717,0.9404105,0.94649065,0.9340678,0.9474931,0.9578449,0.9573026,0.95855004,0.95685375,0.957767,0.95578784,0.9683242,0.926551,0.9528095,0.94584036,0.97598195,0.959379,0.96398705,0.9508893,0.9504476,0.9549041,0.9555029,0.9643755,0.963409,0.94433194,0.9625274,0.97093,0.9456022,0.92475986,0.9377589,0.9734152,0.8197308,0.9610934,0.90055513,0.95921427,0.95111805,0.9656222,0.95583516,0.9606165,0.95250225,0.94818586,0.9725871,0.9678989,0.9569307,0.9575028,0.95769984,0.9404591,0.9431817,0.9703606,0.92143744,0.96052366,0.9682441,0.9372098,0.93504286,0.97145534,0.95909077,0.95481104,0.9592787,0.9691355,0.9547825,0.97943836,0.96305954,0.94260335,0.9538731,0.9666079,0.9628999,0.962603,0.9307603,0.93971515,0.9549545,0.95891815,0.95425457,0.95932066,0.92196405,0.94786173,0.96186966,0.95321184,0.9589346,0.9504827,0.96776474,0.97943836,0.9463413,0.9711539,0.9696182,0.9536212
adogsjourneymovie,0.9550324,0.9595778,0.96007305,0.94987303,0.9508186,1.0000001,0.96304244,0.95562893,0.9770379,0.940225,0.95025104,0.9513994,0.9482161,0.9719141,0.96485734,0.9547062,0.9458568,0.94477946,0.96239305,0.94458675,0.9427713,0.94450355,0.9761246,0.9479189,0.96266097,0.8022336,0.9425946,0.938731,0.9474991,0.94552314,0.9529242,0.96287256,0.93860465,0.94235027,0.91306317,0.8936846,0.97155416,0.93164206,0.9558431,0.9687116,0.95241773,0.95869887,0.9429907,0.9573686,0.95903856,0.95096534,0.97406805,0.9524063,0.9556404,0.9557014,0.9576318,0.9670421,0.9632113,0.9329575,0.9430462,0.95596695,0.9493324,0.9589694,0.9670841,0.9562227,0.9549732,0.9515725,0.95135665,0.9550104,0.9600664,0.9558115,0.9565635,0.9556949,0.95571095,0.91516596,0.9656106,0.6517961,0.9411319,0.9464622,0.94454694,0.9474151,0.89960265,0.95591444,0.9488736,0.964012,0.9525086,0.9490046,0.9565108,0.9374733,0.93970597,0.9463483,0.9580194,0.9574108,0.9545132,0.9627845,0.9319506,0.9656106,0.9513877,0.95069015,0.9564923,0.96580094,0.9635901,0.96695995,0.9562087,0.9656207,0.9568631,0.96705973,0.9569555,0.9570125,0.93735206,0.9579808,0.95077056,0.95807767,0.94443256,0.95547897,0.95997584,0.81630826,0.9495117,0.86999506,0.93318594,0.950818,0.95222235,0.95960253,0.9690632,0.956764,0.9523157,0.96199447,0.9610151,0.96260804,0.9536575,0.9668479,0.9470049,0.94031626,0.9496592,0.9345442,0.9560165,0.94496506,0.9500433,0.92205757,0.9610888,0.9391917,0.94968057,0.95866615,0.96013147,0.9370382,0.9770379,0.95281506,0.9445719,0.95546883,0.9530289,0.96237177,0.93832284,0.9311643,0.9436451,0.91991764,0.9595782,0.9593709,0.9430541,0.9344276,0.9478776,0.94251055,0.94742304,0.9611241,0.94146734,0.9442709,0.9770379,0.9322503,0.9498032,0.9738802,0.94697034
aftermathmovie,0.96228534,0.94563895,0.9766753,0.95901066,0.9616197,0.96304244,1.0000002,0.9641977,0.9836225,0.9512832,0.9656695,0.9534018,0.94881004,0.96976936,0.95960885,0.9634217,0.9561544,0.9605594,0.96331596,0.9505315,0.95292675,0.9706215,0.95756894,0.9553115,0.9605464,0.82888854,0.9556152,0.94858915,0.9732516,0.9667074,0.9389117,0.96465826,0.95950615,0.95302176,0.9204608,0.912278,0.9737797,0.9415115,0.97015744,0.95708257,0.9517149,0.957617,0.9489681,0.95916635,0.97143763,0.9649151,0.95784193,0.95652807,0.9534007,0.95883155,0.977022,0.97352856,0.9504719,0.95404816,0.95823115,0.96412987,0.9621984,0.9557313,0.96421075,0.9543422,0.9557727,0.96651065,0.9535506,0.9448585,0.9574732,0.9448812,0.9554973,0.96310437,0.9599409,0.8875371,0.9623281,0.62461483,0.970612,0.95304775,0.94739455,0.94670135,0.9122357,0.9624846,0.9497351,0.9644938,0.9707136,0.98227,0.9563287,0.93906385,0.95773596,0.95009,0.9589327,0.95565224,0.95598567,0.96443033,0.9493695,0.9623281,0.9346514,0.9668201,0.9674249,0.97027,0.95622545,0.95989376,0.9770585,0.9521894,0.966417,0.95276177,0.9700537,0.96239156,0.96511257,0.9745005,0.95987767,0.9570208,0.97274816,0.95003194,0.96763504,0.81739146,0.96327055,0.8889301,0.94025075,0.9667362,0.96780956,0.96079445,0.96687126,0.99090844,0.95064473,0.96013385,0.9624232,0.9396161,0.95584077,0.9594902,0.94615227,0.9653998,0.96077543,0.9380793,0.9585425,0.95493555,0.9448615,0.9512035,0.96113,0.9633806,0.9655055,0.9694239,0.9590012,0.96492004,0.9836225,0.97366434,0.9546551,0.9549903,0.9556315,0.9619807,0.94775915,0.94295174,0.94582194,0.93485755,0.98527247,0.9663848,0.95874184,0.92771137,0.9439475,0.9519583,0.9546265,0.9524842,0.9631332,0.9544699,0.9836225,0.9564125,0.96132714,0.96191233,0.9773908
aftermovie,0.961517,0.9421938,0.9554045,0.9543095,0.9631178,0.95562893,0.9641977,0.9999999,0.98124903,0.95885086,0.9596198,0.94415957,0.96175206,0.9676894,0.95882994,0.9501778,0.9590084,0.95371455,0.9706971,0.9314171,0.9667393,0.9495585,0.9603628,0.9763366,0.95312977,0.7923307,0.94912916,0.95290864,0.96211535,0.9666031,0.9622021,0.97037977,0.95174664,0.9382348,0.92213,0.9240628,0.9581234,0.961134,0.9707766,0.95851344,0.94450164,0.9566018,0.9581693,0.9600206,0.96701276,0.95075285,0.9623602,0.9735196,0.95793253,0.96149564,0.9648985,0.97334725,0.9545901,0.94252366,0.94994545,0.9567629,0.9547209,0.9559328,0.96291095,0.9607166,0.95087683,0.95670116,0.9535893,0.9548145,0.95795786,0.95048285,0.9610348,0.97216403,0.9478013,0.9008988,0.9723379,0.64676845,0.945927,0.959824,0.9445873,0.94674486,0.92361814,0.9569567,0.9405752,0.96138567,0.9528386,0.9588546,0.9555518,0.9323786,0.9446367,0.95011973,0.95053875,0.96687263,0.9678587,0.9650879,0.9541024,0.9723379,0.9359443,0.95874894,0.9401276,0.97163254,0.95105344,0.9613873,0.9604861,0.9576683,0.95597124,0.9510335,0.954205,0.96305114,0.95248836,0.9632733,0.9633618,0.9527535,0.9460738,0.94262,0.9752419,0.8294,0.9665094,0.87906516,0.9617344,0.9563928,0.96062857,0.950529,0.9586064,0.9563839,0.9535689,0.96675444,0.9559676,0.9490958,0.968204,0.9658926,0.9500472,0.9616212,0.9551333,0.9465675,0.9697977,0.9602187,0.94575024,0.9328491,0.9595811,0.9690326,0.9583991,0.9572725,0.9669223,0.951919,0.98124903,0.9657178,0.9470289,0.95589614,0.9532589,0.9607179,0.9590931,0.93715614,0.942011,0.9384776,0.961125,0.96845126,0.95039725,0.93957055,0.95333296,0.9634026,0.94806373,0.95790833,0.96204495,0.9631852,0.98124903,0.9533582,0.964524,0.96428466,0.95814335
ahiddenlifefilm,0.98485696,0.9649856,0.97900784,0.9646844,0.97943836,0.9770379,0.9836225,0.98124903,1.0,0.96688503,0.97611916,0.9702356,0.9717792,0.9874952,0.97876674,0.97461486,0.97841835,0.97623724,0.9858389,0.9615706,0.9720332,0.97351104,0.9786596,0.97760695,0.97575855,0.8328644,0.97187406,0.9675663,0.98059267,0.97241414,0.9709046,0.9804594,0.9638546,0.9654566,0.9406151,0.9291754,0.981443,0.96809083,0.9797022,0.9822762,0.96903247,0.97457343,0.9626056,0.97792727,0.981293,0.9768655,0.9794263,0.97680336,0.9725988,0.977429,0.98387873,0.9898603,0.9752766,0.96778005,0.9647333,0.9780002,0.96778613,0.97774035,0.9770053,0.9790099,0.968032,0.97040707,0.97510624,0.974159,0.97490036,0.96697646,0.9792549,0.9823993,0.9767801,0.92626595,0.9844335,0.6333749,0.9696775,0.97680837,0.96106726,0.9600473,0.92587185,0.9742575,0.9666005,0.97717726,0.9766116,0.97004944,0.9771101,0.956301,0.9715323,0.96860194,0.98031384,0.9793085,0.9742255,0.98085916,0.9660121,0.9844335,0.9616648,0.97582436,0.97132194,0.9880689,0.98002315,0.9789967,0.97701544,0.9747883,0.973658,0.9787271,0.9764117,0.9812237,0.9673393,0.98485965,0.98127025,0.9774404,0.9628383,0.9650571,0.9879944,0.8354037,0.97761834,0.9084374,0.9695576,0.9783353,0.98587346,0.9722869,0.9827363,0.9748449,0.97754437,0.98355466,0.98204523,0.9605444,0.9780437,0.97913015,0.9652766,0.9707134,0.97134155,0.9525631,0.98054343,0.969289,0.9641773,0.958787,0.98281115,0.97371125,0.9777267,0.9767815,0.98297846,0.97220445,1.0,0.98029226,0.96147287,0.97720516,0.9713965,0.9832605,0.9709144,0.9566855,0.97102493,0.96236765,0.97335464,0.9813176,0.9731803,0.9546363,0.9691111,0.97462165,0.96794236,0.97875273,0.9745468,0.9762433,1.0,0.963547,0.9794566,0.9854788,0.9772719
alitamovie,0.95466405,0.93451875,0.94784135,0.925874,0.96490055,0.940225,0.9512832,0.95885086,0.96688503,1.0000004,0.9288303,0.940322,0.93588644,0.9490592,0.95351523,0.9559943,0.95308185,0.9487519,0.95977503,0.9304504,0.94837284,0.9414347,0.95143163,0.9395499,0.9404029,0.8088004,0.9632688,0.95406115,0.951208,0.9523643,0.93784606,0.95079,0.9454007,0.9255739,0.90598303,0.9127647,0.9500487,0.94087064,0.9470767,0.9480063,0.9244149,0.93206567,0.9116834,0.9349858,0.9408765,0.94861305,0.9473438,0.9547535,0.9319361,0.9323587,0.9532049,0.9549789,0.95282906,0.9328506,0.9364651,0.9558696,0.9469927,0.95537317,0.93593955,0.94292414,0.9295603,0.9448742,0.9473468,0.92679846,0.93893075,0.940757,0.9432329,0.94414264,0.9332545,0.90545225,0.94481766,0.59621245,0.9510033,0.95749664,0.9286489,0.9264455,0.8913803,0.9270905,0.93076295,0.94449246,0.93866867,0.9295114,0.9357649,0.92003435,0.937936,0.9387351,0.9404429,0.9443705,0.95551807,0.9496371,0.9491956,0.94481766,0.9243576,0.94703895,0.93360776,0.953526,0.94316554,0.9547599,0.9409258,0.9396916,0.95339936,0.94634104,0.95176584,0.94801277,0.95168245,0.94820356,0.95076436,0.94438815,0.9293068,0.92815566,0.9634549,0.7947093,0.95128,0.88628936,0.9550781,0.9328093,0.95227295,0.9499258,0.9438871,0.9511203,0.93029934,0.9513923,0.9530824,0.9464551,0.9425885,0.9468445,0.93507767,0.9497154,0.94369143,0.9080539,0.94499063,0.94181025,0.9402995,0.92487925,0.959534,0.9522308,0.9512973,0.94345444,0.9413361,0.9360315,0.96688503,0.95567375,0.9319727,0.94441414,0.9372781,0.94966084,0.9396799,0.9254821,0.9301152,0.94312555,0.94463503,0.95280135,0.94383794,0.9199244,0.9301307,0.94554204,0.9485344,0.942927,0.9467761,0.95007974,0.96688503,0.942295,0.95656335,0.95479065,0.9421361
angelhasfallen,0.96202844,0.9398006,0.9563345,0.94916767,0.94595486,0.95025104,0.9656695,0.9596198,0.97611916,0.9288303,1.0,0.92648757,0.9558575,0.9611937,0.94517726,0.9557912,0.95079887,0.9441091,0.96109855,0.93139,0.94595677,0.95114326,0.95744413,0.9566726,0.9550917,0.82335943,0.93738437,0.9387156,0.9641325,0.94055575,0.9510426,0.96178645,0.94657904,0.9472874,0.923793,0.90515924,0.9444402,0.9490759,0.9597288,0.96331096,0.95747274,0.9590591,0.9599982,0.958755,0.95811427,0.94577575,0.95824856,0.95367354,0.9520977,0.9558848,0.9608257,0.96973515,0.9622632,0.9547551,0.9491293,0.95349115,0.9483959,0.94596,0.949613,0.9552914,0.95793396,0.9396358,0.9359658,0.9531156,0.9548368,0.937905,0.93490666,0.9659104,0.9588504,0.8864321,0.96136564,0.61803526,0.94387,0.9405778,0.95222336,0.9446683,0.9338293,0.9547235,0.9266242,0.96118283,0.97136873,0.97212726,0.9589819,0.9333719,0.95637393,0.9377818,0.9648335,0.95587754,0.9427453,0.9533995,0.92616713,0.96136564,0.93712586,0.9423488,0.93883103,0.9704221,0.9622012,0.9453691,0.961062,0.9544341,0.9387139,0.9531622,0.9476582,0.95671487,0.93940955,0.9644743,0.9577361,0.95917386,0.9514838,0.9425096,0.9622989,0.8381735,0.9550952,0.8873677,0.9347624,0.9723181,0.96529657,0.9316305,0.9636701,0.9511276,0.95303637,0.9628316,0.9551336,0.9181798,0.96468914,0.94922376,0.9388331,0.95264405,0.9547458,0.94606465,0.9618306,0.9514904,0.9539023,0.9512695,0.9520909,0.95312124,0.9571287,0.9488836,0.9579378,0.95814824,0.97611916,0.9643542,0.94279075,0.9443284,0.9463378,0.96241885,0.945719,0.95085865,0.95458394,0.9257948,0.95496184,0.95786405,0.9408352,0.9353274,0.94755614,0.96081024,0.9619321,0.9484747,0.95023596,0.95152587,0.97611916,0.93799305,0.9537756,0.96835923,0.95604515
angrybirdsmovie,0.9517685,0.94794995,0.94844,0.9311553,0.9532612,0.9513994,0.9534018,0.94415957,0.9702356,0.940322,0.92648757,1.0000004,0.93964165,0.9656585,0.9602277,0.94072545,0.9455931,0.95498323,0.94599825,0.950668,0.9516634,0.95023614,0.9395879,0.9451807,0.9274054,0.8269787,0.9534403,0.930745,0.94318634,0.9594416,0.9206864,0.9509311,0.9222003,0.93934345,0.9293699,0.91296935,0.95844954,0.9267893,0.9590054,0.95527476,0.9328255,0.94196546,0.92311406,0.95089006,0.95873475,0.95767426,0.93913156,0.944737,0.94901645,0.9510682,0.9572637,0.9510445,0.9353283,0.93711424,0.9244426,0.9534437,0.92536104,0.94922626,0.94447625,0.95229703,0.9351774,0.9265967,0.96180004,0.9509389,0.94092965,0.9485801,0.9552944,0.9496421,0.9498901,0.89520025,0.9596916,0.6290029,0.95471317,0.9540974,0.93424255,0.92552423,0.8709101,0.95584565,0.94288665,0.9515964,0.93067414,0.93225324,0.9471968,0.94115454,0.9473926,0.94527096,0.9449945,0.9506608,0.95244,0.96077645,0.934866,0.9596916,0.94038504,0.9484921,0.9589177,0.9597879,0.94816285,0.96073973,0.94323385,0.9322952,0.94420505,0.9456909,0.95728713,0.9656053,0.9488121,0.9580684,0.95769596,0.94812757,0.9204394,0.95145357,0.962155,0.81553805,0.94269973,0.9094691,0.9466323,0.93380594,0.9544387,0.9547688,0.95189446,0.948475,0.9422079,0.94386375,0.94255394,0.943031,0.9417593,0.9510846,0.9475141,0.9384628,0.9449517,0.9068319,0.95408255,0.9352714,0.9188393,0.9204665,0.9520375,0.94156545,0.93617237,0.9421097,0.969359,0.93926823,0.9702356,0.94348353,0.9266925,0.95940703,0.95189613,0.94984365,0.94409347,0.9171944,0.94057953,0.92882234,0.94731337,0.9529318,0.95579255,0.92260367,0.94425195,0.9497784,0.93337893,0.9672974,0.94439614,0.9382895,0.9702356,0.9324998,0.93327606,0.9510446,0.9516131
annabellemovie,0.96203566,0.94244117,0.9548256,0.9506347,0.94104695,0.9482161,0.94881004,0.96175206,0.9717792,0.93588644,0.9558575,0.93964165,1.0000001,0.966783,0.9539914,0.94571865,0.967686,0.9451396,0.9596716,0.93307316,0.9431607,0.94917476,0.9513004,0.95830387,0.94544345,0.7864426,0.93973845,0.957552,0.95319587,0.93722045,0.9451093,0.95843226,0.9251108,0.94038206,0.919522,0.90907687,0.94505924,0.96469355,0.9559601,0.95922863,0.9526524,0.94866776,0.93447727,0.94135934,0.9525346,0.9502406,0.9456198,0.9540786,0.95139956,0.9420907,0.95301455,0.9595864,0.9480003,0.95716244,0.9554295,0.941701,0.93278986,0.95297474,0.9505131,0.9613788,0.9607602,0.9346437,0.9477587,0.9673896,0.9403123,0.9395587,0.9546941,0.9589687,0.94493294,0.89652723,0.9619749,0.579037,0.93857396,0.95200545,0.9337796,0.93866783,0.92860454,0.9396061,0.9371593,0.95750856,0.9450804,0.9473644,0.9703875,0.9314747,0.95799977,0.93686604,0.95864147,0.9846932,0.94972634,0.9552205,0.93928945,0.9619749,0.9365061,0.94457924,0.94276875,0.9658539,0.95336175,0.94231355,0.949179,0.95486814,0.94483775,0.95546687,0.93543106,0.96730626,0.94139105,0.9517232,0.9598645,0.9666935,0.92800397,0.94326913,0.9657817,0.8502365,0.94731915,0.88732004,0.93979335,0.95073986,0.9628915,0.93252975,0.95079863,0.93283236,0.9599979,0.9548642,0.95941675,0.92398167,0.9486087,0.957567,0.9587459,0.9463223,0.94930804,0.9262207,0.95877075,0.94486463,0.95434767,0.9364244,0.9514851,0.9518041,0.9587681,0.93789375,0.9621322,0.94276047,0.9717792,0.95364755,0.9365708,0.9557221,0.94209075,0.9554062,0.9443164,0.9431075,0.9592462,0.9393032,0.9422919,0.9638304,0.94996446,0.946249,0.9455312,0.94778275,0.9510051,0.9544305,0.9615563,0.9540691,0.9717792,0.94765097,0.94456476,0.9642772,0.93946344
annamovie,0.9728333,0.9598226,0.9738995,0.9528898,0.9619378,0.9719141,0.96976936,0.9676894,0.9874952,0.9490592,0.9611937,0.9656585,0.966783,0.9999998,0.9725002,0.9575153,0.9665652,0.96187466,0.9740667,0.9524643,0.9611476,0.9631104,0.9711182,0.9658763,0.96985626,0.83359927,0.9638299,0.9516787,0.9687043,0.9647368,0.95859224,0.9681767,0.9421107,0.9593576,0.9478008,0.918968,0.9691785,0.95657855,0.9597204,0.9688735,0.9504358,0.9583164,0.94636,0.963131,0.96952325,0.97038263,0.97222245,0.97133714,0.95683604,0.9655346,0.97342867,0.9740427,0.9628653,0.95435166,0.9511851,0.95993394,0.94493073,0.956048,0.96713406,0.96939516,0.95475596,0.956205,0.9607887,0.97224003,0.95512736,0.94946134,0.973447,0.9709624,0.9670039,0.91479325,0.97424126,0.6163497,0.9503033,0.97008055,0.94885266,0.9475853,0.91504455,0.96487194,0.9601765,0.9719402,0.96180147,0.9516155,0.97040695,0.9559282,0.96234584,0.96409434,0.9721726,0.97077566,0.96186006,0.96942914,0.95451725,0.97424126,0.95555514,0.9669805,0.96396345,0.97728866,0.96855825,0.9669626,0.9706868,0.9730965,0.96175694,0.97097635,0.9682501,0.9688246,0.9637686,0.9752903,0.9720296,0.9652635,0.9473964,0.9616367,0.9818681,0.83706164,0.9613451,0.90896857,0.9586697,0.9629616,0.9715696,0.9602643,0.9711474,0.9564138,0.97032297,0.9665073,0.96824956,0.9529847,0.96216434,0.96334106,0.9548637,0.9534471,0.95392585,0.9324887,0.97167826,0.9598456,0.9546363,0.94462717,0.96228266,0.96407276,0.9621374,0.9555509,0.9755909,0.9613378,0.9874952,0.96540016,0.94927084,0.9695213,0.9595062,0.970803,0.9563211,0.9495198,0.9595618,0.94948334,0.9570952,0.9759891,0.96367323,0.9467413,0.9569493,0.956533,0.9568884,0.9648691,0.9662415,0.9610288,0.9874952,0.950409,0.9585029,0.97491884,0.96926177
apollo11movie,0.9586542,0.9561201,0.9642421,0.9472117,0.97065973,0.96485734,0.95960885,0.95882994,0.97876674,0.95351523,0.94517726,0.9602277,0.9539914,0.9725002,1.0000004,0.95479786,0.97065777,0.9668969,0.9605805,0.9707243,0.961269,0.94746023,0.9638188,0.95290726,0.9497633,0.8329546,0.9514194,0.9430924,0.9479613,0.95731324,0.94753563,0.9559202,0.9383669,0.94168043,0.9440947,0.92699873,0.95634335,0.9446045,0.9512206,0.9631969,0.9513363,0.9497573,0.9389146,0.9441291,0.9592205,0.9601643,0.9573856,0.9607627,0.9461679,0.94925547,0.95204604,0.96790546,0.95587856,0.94473016,0.94306153,0.967394,0.93457806,0.95539594,0.95467734,0.9594122,0.95249325,0.9399855,0.95620584,0.95699567,0.94824886,0.9570508,0.9529764,0.955636,0.9320817,0.91339195,0.96877635,0.60342395,0.9446693,0.9489873,0.9415546,0.9296789,0.9020029,0.94203925,0.94439644,0.9660855,0.9478999,0.9418934,0.96565557,0.9464326,0.94949716,0.9528564,0.9579622,0.96134174,0.9604082,0.9602283,0.9524146,0.96877635,0.9353947,0.951647,0.94307166,0.98203605,0.9629025,0.9677158,0.95284647,0.9526211,0.947782,0.9591154,0.9623276,0.9694775,0.9547055,0.9551738,0.96623904,0.9547998,0.932586,0.95364654,0.9758979,0.8350491,0.9578859,0.9093014,0.947153,0.94324136,0.9637413,0.96610177,0.95704055,0.9507807,0.95618755,0.96038,0.9607573,0.9529565,0.95443916,0.9527583,0.94100875,0.93167037,0.95252424,0.9284562,0.96689564,0.9479126,0.94796014,0.9272161,0.96421987,0.95490426,0.96033096,0.95384365,0.9650068,0.942723,0.97876674,0.95201904,0.9316861,0.9612085,0.95847076,0.9582648,0.944209,0.94179857,0.9508851,0.95067954,0.9536704,0.9667707,0.97150034,0.9322819,0.9345655,0.9492189,0.94891155,0.9582057,0.95390666,0.95706785,0.97876674,0.9374893,0.95607066,0.9630264,0.94578576
arcticdogsmovie,0.9549322,0.9678456,0.9626982,0.9363344,0.9518141,0.9547062,0.9634217,0.9501778,0.97461486,0.9559943,0.9557912,0.94072545,0.94571865,0.9575153,0.95479786,1.0000001,0.95989484,0.9392364,0.9600217,0.9445249,0.9435428,0.9600125,0.9469912,0.942983,0.9534153,0.8250148,0.94827396,0.95395887,0.96461785,0.9588956,0.93933785,0.9595231,0.94603,0.9572864,0.909941,0.8862828,0.9642801,0.93475354,0.94681,0.9632574,0.9552476,0.96018946,0.94064873,0.95803636,0.95451003,0.9531412,0.9506866,0.94778675,0.952212,0.9595375,0.9679036,0.9665154,0.9543262,0.9325055,0.9503911,0.9535466,0.9496978,0.958872,0.9494536,0.9494256,0.95303273,0.95330834,0.9454083,0.9517878,0.9549135,0.9490637,0.9440768,0.95369613,0.9499801,0.9083254,0.9468918,0.5631847,0.94645184,0.9516156,0.93655413,0.9456179,0.911602,0.9381858,0.9401637,0.9545589,0.9556399,0.95156145,0.96305144,0.9278485,0.9524985,0.9461109,0.95078784,0.9503511,0.9453686,0.9703056,0.95253587,0.9468918,0.9496518,0.96297896,0.95321465,0.96320504,0.9540025,0.9493944,0.9608713,0.9403492,0.95218164,0.9512434,0.9453822,0.94312596,0.94774216,0.963719,0.9615709,0.971212,0.9576889,0.94143903,0.9534578,0.7923475,0.95196265,0.86802506,0.9318577,0.9493416,0.9564988,0.9456669,0.96391773,0.9567466,0.95880723,0.9600974,0.9604805,0.9348046,0.94704425,0.9543178,0.9354008,0.9576832,0.9453265,0.93349284,0.95238066,0.9349538,0.95016074,0.9500741,0.96377605,0.95661926,0.9555691,0.9556782,0.94565374,0.9454341,0.97461486,0.96073407,0.94855493,0.95425034,0.94916016,0.9551259,0.9288928,0.9284536,0.9604325,0.9313171,0.9430184,0.9617568,0.9462944,0.937915,0.93698496,0.94630945,0.95413566,0.942174,0.9508913,0.94443935,0.97461486,0.94864583,0.9556095,0.9660127,0.9575248
arcticmovie,0.96472925,0.9499112,0.9556835,0.9362817,0.9609494,0.9458568,0.9561544,0.9590084,0.97841835,0.95308185,0.95079887,0.9455931,0.967686,0.9665652,0.97065777,0.95989484,1.0000001,0.96622306,0.9726031,0.9566826,0.9522475,0.9526208,0.9503347,0.95269734,0.9555022,0.8188862,0.9512033,0.97263485,0.95647836,0.94948566,0.95172393,0.9595782,0.9409221,0.9440102,0.9299693,0.914209,0.9520257,0.949684,0.9539324,0.9654914,0.9550297,0.95564765,0.9344578,0.95238084,0.9592731,0.9545644,0.9499077,0.9582665,0.9514579,0.95435226,0.95267695,0.9679888,0.9512652,0.95431334,0.9405066,0.9586138,0.9438904,0.95598817,0.9479197,0.95834756,0.95205355,0.9425693,0.9590595,0.96166307,0.9526651,0.9543821,0.9535223,0.96414024,0.94052666,0.9179832,0.9628965,0.575779,0.9510336,0.96504366,0.93635297,0.9478862,0.9166861,0.94144046,0.94426566,0.9643567,0.95826507,0.9385841,0.97164285,0.93730706,0.9551972,0.9506563,0.96241474,0.96981233,0.95329064,0.9652709,0.95431316,0.9628965,0.94013804,0.95736116,0.9352441,0.96772236,0.9602935,0.9503091,0.9555056,0.95153844,0.9473082,0.9599776,0.9467138,0.96773434,0.96183294,0.95491314,0.9704542,0.9628866,0.9338718,0.94775623,0.9680996,0.81408364,0.96140265,0.892838,0.94975,0.95551795,0.96363366,0.950934,0.955116,0.95116574,0.9622393,0.96506655,0.96063787,0.9402254,0.9522144,0.9547805,0.945915,0.9450835,0.9554154,0.938529,0.9599813,0.9509012,0.95815974,0.94994444,0.9654346,0.9551161,0.96289283,0.9451059,0.9569003,0.9537252,0.97841835,0.9578027,0.9395033,0.95507336,0.9453766,0.9600085,0.9466292,0.94295615,0.95771766,0.94180375,0.9440174,0.96699244,0.9639199,0.93576014,0.9420846,0.95073193,0.94077384,0.9541193,0.9665287,0.96320736,0.97841835,0.9458197,0.9655581,0.96126795,0.94419795
artofracingmovie,0.9642793,0.93224925,0.9561135,0.9309173,0.97761273,0.94477946,0.9605594,0.95371455,0.97623724,0.9487519,0.9441091,0.95498323,0.9451396,0.96187466,0.9668969,0.9392364,0.96622306,1.0000001,0.9631809,0.9458201,0.9506796,0.9463169,0.95504665,0.95268965,0.94787407,0.8266699,0.9572262,0.942281,0.95034945,0.94983864,0.94474816,0.95140314,0.93963057,0.94160354,0.92279655,0.91113496,0.9511472,0.94463146,0.95401186,0.95992124,0.94233096,0.9504113,0.9322489,0.94654393,0.95924914,0.9534386,0.94927436,0.9546025,0.93942297,0.9501264,0.95219773,0.971957,0.95588315,0.94181156,0.9463234,0.9691104,0.93264455,0.9623769,0.949633,0.9558481,0.9386521,0.9446389,0.95967716,0.94642866,0.958229,0.94862884,0.9633928,0.9607954,0.9475897,0.8924031,0.9611691,0.64172304,0.9474578,0.94792974,0.9292918,0.9310467,0.898738,0.9477438,0.94066226,0.9521578,0.9433955,0.92946184,0.95811707,0.9307514,0.95174754,0.9582574,0.9539889,0.95202446,0.94743735,0.9540213,0.9567129,0.9611691,0.9224379,0.94026667,0.9346494,0.9673176,0.95824564,0.9570201,0.9526922,0.94621867,0.94444716,0.9474425,0.9520986,0.95777667,0.94202775,0.95345235,0.9587604,0.942033,0.9277349,0.9383733,0.9703699,0.8198816,0.9633817,0.8911901,0.95639807,0.95314854,0.96755683,0.9570533,0.95307815,0.9516988,0.9547912,0.9638646,0.9638266,0.9475575,0.95960444,0.95018876,0.9342287,0.9294142,0.9586156,0.92207557,0.95939404,0.96021074,0.9258825,0.92133605,0.9694083,0.9539951,0.9528172,0.9557801,0.968645,0.9672081,0.97623724,0.9585725,0.9296545,0.95688874,0.95899117,0.9610937,0.9511347,0.93565965,0.94204324,0.95569855,0.9547749,0.95696574,0.9569184,0.9373964,0.93848825,0.95716536,0.92824644,0.9618108,0.95002127,0.9718867,0.97623724,0.93308085,0.9677251,0.95846784,0.9464516
avengers,0.97936124,0.9534491,0.9590924,0.9543641,0.9654863,0.96239305,0.96331596,0.9706971,0.9858389,0.95977503,0.96109855,0.94599825,0.9596716,0.9740667,0.9605805,0.9600217,0.9726031,0.9631809,1.0000002,0.9452778,0.95286006,0.9564408,0.97459996,0.96387494,0.9711726,0.8038025,0.95838463,0.965148,0.9640981,0.95657134,0.97757846,0.96291393,0.9572664,0.95246285,0.92496896,0.9143091,0.97068286,0.9555948,0.95999134,0.96773344,0.95446616,0.9685716,0.94179624,0.9713475,0.97061175,0.9597505,0.97475374,0.97568154,0.95829624,0.96926403,0.96384734,0.9740803,0.9682088,0.95886207,0.941263,0.96176994,0.9620074,0.96497875,0.96509373,0.9667071,0.94291735,0.9650945,0.96074194,0.95736635,0.95824987,0.9506626,0.9686201,0.9684464,0.9633456,0.9284872,0.97037697,0.6374968,0.9540208,0.9739556,0.9513122,0.94890624,0.9171172,0.96683586,0.9499659,0.95918643,0.9667088,0.94624215,0.95815164,0.9428622,0.9414667,0.95628214,0.96704674,0.9707712,0.96435356,0.97087324,0.954625,0.97037697,0.9480703,0.9630685,0.9534262,0.96944535,0.96563727,0.9733115,0.96263415,0.9678838,0.96484095,0.9738022,0.9581582,0.96456516,0.95929044,0.96588796,0.9705781,0.9608426,0.9488487,0.9470866,0.969525,0.8130335,0.96927637,0.8934513,0.96471107,0.9638752,0.9682702,0.9605461,0.9739637,0.95761704,0.9636256,0.9761252,0.9731414,0.9503279,0.9633557,0.9716257,0.951742,0.95399076,0.95135707,0.9445597,0.9682753,0.9601313,0.9575256,0.947413,0.96797335,0.96185315,0.96938956,0.9581678,0.96245277,0.962656,0.9858389,0.9614348,0.95289737,0.96044445,0.9483612,0.96916056,0.9617523,0.94454753,0.9509201,0.94125956,0.95260066,0.9664021,0.9501881,0.9392909,0.9581587,0.955324,0.9521181,0.96490985,0.96729755,0.96203774,0.9858389,0.94205874,0.97473204,0.9764969,0.9546135
beachbummovie,0.9499816,0.9502086,0.96189696,0.9289358,0.9469827,0.94458675,0.9505315,0.9314171,0.9615706,0.9304504,0.93139,0.950668,0.93307316,0.9524643,0.9707243,0.9445249,0.9566826,0.9458201,0.9452778,1.0,0.9365089,0.94895375,0.93917274,0.92461896,0.9343585,0.82801306,0.94415164,0.9229675,0.9439851,0.93645334,0.91123605,0.93499595,0.9428868,0.93709373,0.92876875,0.88815683,0.95404404,0.9212501,0.93587226,0.947679,0.9317201,0.9533212,0.91690487,0.93611616,0.9480237,0.95459884,0.93896705,0.93423444,0.92782825,0.94493085,0.94707114,0.9410019,0.9423908,0.9313001,0.9297799,0.95030546,0.91918725,0.94128394,0.93922645,0.94213694,0.9439166,0.92072046,0.9569116,0.9436521,0.9275019,0.93713653,0.9314635,0.927653,0.9260689,0.9061211,0.9459369,0.58253336,0.93296456,0.93220097,0.9166993,0.9247965,0.8801278,0.9417992,0.9397427,0.954116,0.93641615,0.92525727,0.94744444,0.9240752,0.9428949,0.9399536,0.95696217,0.9403681,0.94323856,0.95206296,0.92404515,0.9459369,0.93233454,0.9423741,0.941716,0.96197635,0.95545787,0.95835173,0.9323751,0.93106365,0.93883705,0.95348036,0.95747375,0.9536445,0.9401927,0.9427691,0.95244795,0.945453,0.9146502,0.9395886,0.9507596,0.79131705,0.9355423,0.89173186,0.92611575,0.93487483,0.9457561,0.94753695,0.93744284,0.94278497,0.93953496,0.9371202,0.9477778,0.9265517,0.9274212,0.9305853,0.9234833,0.92796564,0.9396924,0.8965803,0.9539426,0.9353886,0.9256634,0.91589504,0.94325334,0.93027556,0.9439486,0.9308406,0.9456251,0.93093795,0.9615706,0.94219065,0.9314084,0.947471,0.9319874,0.9326613,0.9170138,0.92481476,0.9386679,0.9255908,0.9366841,0.9476479,0.9591164,0.91568387,0.9235038,0.9328355,0.93071353,0.93725157,0.9398363,0.93779856,0.9615706,0.92389804,0.9359089,0.9540561,0.9379352
bernadettefilm,0.9629032,0.9234761,0.9402893,0.93725514,0.95983064,0.9427713,0.95292675,0.9667393,0.9720332,0.94837284,0.94595677,0.9516634,0.9431607,0.9611476,0.961269,0.9435428,0.9522475,0.9506796,0.95286006,0.9365089,0.9999999,0.9391721,0.947713,0.9690855,0.94328684,0.80422306,0.9574148,0.9531574,0.9486918,0.95129645,0.9455078,0.95988387,0.9285565,0.92722297,0.9167885,0.9297817,0.9491926,0.9565789,0.9451377,0.95293957,0.9380285,0.9463291,0.9382469,0.9510248,0.9618508,0.95309716,0.9505028,0.97586244,0.95132804,0.9517493,0.95544267,0.9676642,0.9372013,0.93192255,0.9436182,0.9508648,0.93329597,0.95489234,0.94382244,0.9583697,0.93224293,0.9357261,0.95436424,0.9418984,0.94459313,0.94035167,0.95076406,0.95928663,0.9332244,0.8913381,0.9677712,0.61654484,0.934235,0.95569897,0.93377477,0.9308582,0.9095134,0.93941325,0.9320354,0.94356406,0.9560573,0.94245213,0.95023924,0.9272606,0.93762404,0.94645387,0.94498205,0.9504807,0.95853037,0.95462066,0.9428879,0.9677712,0.9374269,0.9498482,0.9310111,0.9692489,0.943895,0.9550691,0.9439525,0.94952416,0.939121,0.9445694,0.94789886,0.9607916,0.9400777,0.95704746,0.9529635,0.94526315,0.936072,0.9426467,0.9670054,0.81370425,0.9675451,0.89890677,0.96702194,0.9511979,0.9680558,0.9513146,0.94866806,0.9446064,0.94058686,0.9592432,0.95364267,0.9312345,0.95840263,0.9449645,0.950329,0.9453119,0.94059145,0.91859025,0.97353864,0.94796723,0.93657047,0.9350438,0.9629467,0.9526013,0.95683306,0.95160776,0.96341866,0.9511108,0.9720332,0.9522422,0.9248838,0.9426966,0.9499661,0.9524701,0.9403312,0.918962,0.94360113,0.94839716,0.9414019,0.9651808,0.9458441,0.9297992,0.93787014,0.9604602,0.93548167,0.95692205,0.95359975,0.9582323,0.9720332,0.933777,0.9516358,0.95294344,0.9477062
