movie,21bridgesmovie,47metersdown,abeautifuldaymovie,abominablemovie,adastramovie,adogsjourneymovie,aftermathmovie,aftermovie,ahiddenlifefilm,alitamovie,angelhasfallen,angrybirdsmovie,annabellemovie,annamovie,apollo11movie,arcticdogsmovie,arcticmovie,artofracingmovie,avengers,beachbummovie,bernadettefilm,blackandbluemovie,blackchristmas,blindedbythelightmovie,bombshellmovie,booksmart,breakthroughmovie,brianbanksmovie,brightburnmovie,brittanyrunsmov,captainmarvelofficial,captivestatemovie,catsmovie,charliesangels,childsplaymovie,clarathefilm,coldpursuitmovie,countdown,currentwarmovie,darkwatersmovie,detectivepikachumovie,disneyaladdin,disneyfrozen,disneymaleficent,doctorsleepmovie,dolemiteismyname,dontletgomovie,doramovie,downtonabbey_official,dumbo,escaperoom,everybodyknowsmovie,fastandfuriousmovie,fightingwmyfam,fivefeetapartfilm,fordvferrari,freaksthefilm,geminimanmovie,glassmovie,gloriabellmovie,godzillamovie,goldfinchmovie,goodboysmovie,goodliarmovie,gretafilm,halathemovie,happydeathdaymovie,harrietfilm,hellboymovie,hersmellmovie,highlifemovie,highstrungmovie,honeyboymovie,hotelmumbaifilm,httydragon,hustlemovie,hustlersmovie,isntitromantic,itmovieofficial,jayandsilentbob,johnwickmovie,jojorabbitmovie,jokermovie,judythefilm,jumanjimovie,justmercyfilm,knivesout,lalloronamovie,lastblackmansf,lastchristmasthemovie,latenightmovie,lighthousemovie,lionking,littlethemovie,littlewomenmovie,littlewoodsfilm,longshotmovie,lordsofchaosmovie,lucyintheskyfilm,mamovie2019,marriagestory,meettheaddams,meninblack,midsommarmovie,midwaymovie,missbalamovie,missinglinkfilm,motherlessbklyn,onceinhollywood,onthebasisofsex,overcomermovie,peanutbutterfalcon,petsematarymovie,piercingmovie,playingwithfire,playmobilthemovie,pomsmovie,queenandslim,rambomovie,readyornotfilm,richardjewellfilm,rocketmanmovie,scarystoriesmovie,secretlifeofpets,serenityfilm,shaftmovie,shazammovie,spidermanmovie,spiesindisguise,starwars,stormboymovie,stubermovie,taosdfilm,teenspiritmov,terminator,theaeronautsmov,thebestofenemies,thedeaddontdie,thefarewell,thehighwaymen,thehummingbirdprojectfilm,theintrudermovie,theirishmanfilm,thekitchenmovie,thelegomovie,themustangfilm,thenightingalefilm,theprodigymovie,thesunisalsoastar,theupsidefilm,tolkienmovie,toystory,triplefrontier,uglydolls,uncutgems,underthesilverlake,usmovie,wavesmovie,whatmenwant,wonderparkmovie,wrinklestheclown,xmenmovies,yardiefilm,yesterdaymovie,zombieland
21bridgesmovie,1.0,0.93023604,0.9455656,0.94514805,0.95539296,0.95271564,0.96536547,0.9570219,0.9793711,0.9462576,0.9616289,0.9365133,0.96573067,0.9497386,0.9596422,0.9538618,0.9545854,0.9604408,0.967247,0.94257796,0.9487063,0.94747204,0.95417356,0.96355677,0.9536076,0.9137799,0.9428715,0.95890576,0.9568315,0.9553388,0.93242466,0.9536951,0.9390515,0.93925107,0.9481371,0.9306431,0.9416811,0.9662,0.9626674,0.954306,0.95428485,0.9541869,0.9455041,0.9565102,0.9572279,0.95384616,0.9491801,0.9487175,0.96177423,0.9486919,0.9490149,0.96645665,0.94187385,0.93759185,0.9555632,0.9492359,0.95166534,0.9593565,0.94919974,0.9613866,0.94940466,0.94839394,0.9656018,0.94467276,0.9592054,0.94807816,0.94889265,0.95518696,0.9571533,0.9251363,0.9660918,0.76113844,0.9542858,0.9634997,0.95357704,0.9522586,0.9134466,0.95207536,0.95528376,0.9491726,0.9512509,0.9749195,0.9636142,0.9574501,0.94666064,0.93365264,0.9479961,0.95460606,0.9532854,0.9661825,0.94839644,0.9660918,0.9589764,0.94046915,0.9317675,0.94349587,0.9583948,0.9597813,0.9706648,0.9443822,0.94827455,0.96802163,0.9375273,0.9554017,0.9406084,0.94928896,0.95773304,0.952345,0.94638443,0.9494375,0.95120156,0.83744085,0.9549076,0.9310936,0.9637466,0.9633743,0.9882643,0.94686866,0.9463287,0.9596132,0.9511516,0.956371,0.9691184,0.9550761,0.96801037,0.95403564,0.9504823,0.9294869,0.9403441,0.9227232,0.9514115,0.943585,0.9550995,0.93726534,0.9574679,0.95523274,0.96264625,0.9559938,0.9595592,0.9481354,0.9793711,0.9540092,0.95359844,0.9484184,0.94259083,0.9570632,0.9528064,0.95124286,0.947721,0.96401656,0.9640589,0.94253945,0.95599055,0.95098597,0.94141805,0.9537904,0.957055,0.95656854,0.9618902,0.96130604,0.9793711,0.9590954,0.9428971,0.95425,0.94660765
47metersdown,0.93023604,1.0000001,0.9153928,0.9025555,0.9102327,0.9290995,0.9336669,0.9113144,0.9491966,0.9182508,0.92764413,0.91720253,0.9305104,0.94132274,0.9375863,0.945231,0.9388224,0.9315038,0.91674817,0.9120432,0.92406034,0.92247385,0.9286025,0.9465109,0.92246324,0.89187664,0.92517066,0.9296976,0.9288248,0.9366016,0.90169203,0.94163144,0.9025472,0.89222693,0.9143003,0.8960518,0.91015244,0.92318803,0.9361427,0.9195987,0.94053656,0.9145091,0.9148662,0.92225325,0.9295998,0.93006027,0.92347336,0.90056235,0.9399948,0.9202327,0.9208619,0.93890315,0.9124946,0.9349896,0.90567183,0.9177908,0.9063744,0.9273643,0.9214914,0.9469917,0.9218553,0.9232749,0.9352903,0.9344698,0.9365339,0.9216086,0.9258434,0.92232674,0.923153,0.9233012,0.949161,0.73078793,0.9118377,0.9351649,0.9132088,0.9128257,0.87754905,0.9167257,0.92239267,0.9170879,0.91786975,0.92735684,0.9408869,0.9341787,0.9071675,0.907021,0.91999704,0.9285111,0.94492555,0.9343941,0.9273577,0.949161,0.9311588,0.93986565,0.9226028,0.9187826,0.92031074,0.92767286,0.94143605,0.9182906,0.92022395,0.92524,0.9334232,0.9503726,0.9548969,0.9289854,0.9448669,0.9383601,0.92312634,0.9309335,0.9287053,0.8434498,0.9263274,0.8706878,0.92447585,0.9365996,0.9367004,0.9211859,0.93697125,0.91846764,0.9203462,0.92464006,0.9250102,0.9306138,0.9168552,0.9304446,0.92947096,0.8964781,0.9369249,0.893211,0.92898846,0.90783787,0.93117934,0.93301153,0.92164314,0.9363755,0.92370987,0.92954284,0.9443663,0.92426914,0.9491966,0.9289922,0.9208862,0.92409015,0.9227406,0.9333651,0.92802185,0.9013195,0.93553424,0.92541766,0.93182045,0.90453726,0.9208691,0.87224853,0.93322575,0.94485354,0.9215433,0.93742645,0.92392766,0.9159015,0.9491966,0.9161053,0.93342525,0.92954206,0.9135289
abeautifuldaymovie,0.9455656,0.9153928,0.9999998,0.93822914,0.956284,0.9564842,0.9466288,0.9630444,0.9755799,0.9461832,0.94164085,0.94332236,0.9519861,0.9535,0.9577979,0.9495189,0.95348847,0.94418377,0.94895446,0.94315434,0.9316903,0.9574439,0.9580638,0.9570451,0.96216434,0.8910484,0.9549902,0.9489507,0.97182816,0.9535501,0.92363864,0.9600962,0.929432,0.9458367,0.9336797,0.91628844,0.9437361,0.9479491,0.9572105,0.95985657,0.9448352,0.9712178,0.9504398,0.96373767,0.94517463,0.9550373,0.95452505,0.94214064,0.9550263,0.96343523,0.974928,0.9630783,0.9441343,0.931639,0.946965,0.95196635,0.9454943,0.9666915,0.94698536,0.9487194,0.94983727,0.9444757,0.95752126,0.9454953,0.9521881,0.95097375,0.9389255,0.955276,0.93693304,0.94392294,0.9564434,0.7465156,0.952442,0.945371,0.9569193,0.93209845,0.9212873,0.953505,0.94591254,0.9587343,0.95199126,0.95317465,0.95503265,0.9494023,0.96078676,0.9475431,0.9398856,0.94571084,0.9540321,0.95512044,0.93746746,0.9564434,0.9521854,0.93857443,0.95126677,0.95009583,0.9502287,0.95063126,0.94659096,0.9452977,0.95802635,0.9533805,0.9489859,0.9473872,0.9418572,0.9675297,0.93797064,0.9567206,0.95634973,0.9492371,0.96427464,0.85898274,0.95536613,0.89597714,0.9539319,0.9407409,0.94823015,0.9585204,0.9545108,0.9445053,0.9529635,0.95807415,0.9595307,0.94929254,0.9506231,0.9440954,0.9347815,0.9519539,0.9503253,0.9353253,0.9444392,0.9475215,0.9570369,0.9304629,0.9615333,0.95068455,0.9298263,0.9514238,0.9533075,0.94197315,0.9755799,0.97257316,0.9601769,0.955176,0.93139875,0.9472907,0.9479447,0.93669856,0.9391819,0.94181687,0.9463571,0.9737887,0.94650495,0.9302613,0.92880213,0.9492629,0.94843024,0.956693,0.95531034,0.9526327,0.9755799,0.94470596,0.9477935,0.95613205,0.96611834
abominablemovie,0.94514805,0.9025555,0.93822914,0.99999994,0.9453644,0.93465126,0.9558112,0.9552122,0.96577543,0.9246033,0.93513405,0.94284004,0.9510279,0.92820036,0.9459606,0.9420373,0.9434578,0.9407667,0.9455495,0.9383426,0.92073005,0.93771815,0.94367445,0.9553092,0.9423631,0.90894747,0.9345152,0.9399022,0.9385063,0.93159235,0.92823374,0.9403186,0.9125532,0.927896,0.9497781,0.90789485,0.9342858,0.9459156,0.9460989,0.9407275,0.94740105,0.9398238,0.92286015,0.9488416,0.949508,0.93286103,0.9430775,0.9458397,0.9420549,0.9358244,0.9512413,0.95709324,0.93746513,0.9339675,0.94426525,0.94141656,0.93296707,0.9408541,0.9454112,0.9376226,0.9283174,0.9476937,0.94189227,0.9318736,0.9561877,0.9315458,0.9225686,0.9521508,0.94340795,0.91952604,0.9438259,0.7579319,0.92823064,0.94223726,0.9488409,0.9309296,0.9075293,0.936967,0.9457632,0.93417007,0.93547916,0.95778626,0.95019937,0.93597513,0.9560926,0.9337565,0.9536577,0.94332606,0.9417595,0.9462439,0.9337027,0.9438259,0.9413456,0.9369063,0.93693006,0.95074356,0.94503933,0.9530938,0.94490755,0.9349969,0.927266,0.9429182,0.9402068,0.9313646,0.9207278,0.953104,0.9448247,0.9311128,0.9406071,0.93319285,0.9492357,0.8353015,0.9558919,0.9118633,0.93854785,0.9242458,0.94603205,0.9437866,0.93558085,0.9439034,0.92246664,0.92947626,0.94042647,0.93249315,0.95279694,0.9360869,0.9429772,0.9349683,0.923424,0.9016237,0.91629744,0.93841386,0.94103754,0.92828685,0.9393542,0.9255246,0.9348924,0.9576139,0.9380487,0.9362286,0.96577543,0.92700535,0.93639636,0.9393589,0.91060406,0.9560313,0.94685465,0.9541311,0.9284237,0.9299878,0.94776815,0.92915493,0.94605756,0.9391772,0.92021966,0.9265743,0.94414365,0.9426103,0.9584385,0.94107854,0.96577543,0.93598145,0.9370993,0.9460944,0.93949413
adastramovie,0.95539296,0.9102327,0.956284,0.9453644,1.0,0.9534881,0.96357954,0.9671463,0.97716564,0.964025,0.95125026,0.92526245,0.95623946,0.95087004,0.9546579,0.9500975,0.9532325,0.9679628,0.945802,0.9451196,0.9424686,0.9548423,0.9603858,0.9576111,0.95681334,0.9050896,0.958557,0.95553154,0.96388274,0.9457029,0.9369648,0.9567938,0.93597656,0.9398678,0.9402276,0.90706027,0.942499,0.93701154,0.962763,0.95096135,0.9442042,0.96066254,0.93463117,0.9601898,0.94187856,0.9449089,0.94923073,0.9282055,0.9616296,0.9511912,0.9623405,0.9621336,0.96157426,0.9403392,0.9440703,0.97114456,0.93398106,0.96659493,0.9572312,0.95041025,0.9496767,0.9535703,0.9468386,0.94591254,0.9556177,0.9436321,0.9454125,0.95506173,0.9448472,0.93103915,0.9573133,0.74696374,0.94897336,0.9501466,0.952395,0.92682284,0.90075845,0.94153476,0.95018405,0.9390496,0.95349,0.95955664,0.960008,0.9287652,0.9478245,0.9379736,0.93564224,0.95579946,0.94037145,0.96656656,0.94964105,0.9573133,0.9422113,0.9419498,0.92882925,0.9513277,0.94320655,0.95235074,0.9574209,0.9669959,0.9417592,0.96230656,0.95136,0.94635266,0.9298614,0.9570767,0.94645995,0.9517306,0.95342517,0.9550971,0.9566049,0.8316399,0.9597361,0.9104726,0.95024925,0.9370585,0.954189,0.9509477,0.9525547,0.96309716,0.9485779,0.9594067,0.9581427,0.95809096,0.95391214,0.9608954,0.9426241,0.93479794,0.95262486,0.92518437,0.9377881,0.96178305,0.9577106,0.93933463,0.9589772,0.9510092,0.93700784,0.95474535,0.948379,0.95352674,0.97716564,0.95822036,0.9486767,0.94238555,0.938291,0.9442167,0.94884264,0.9485181,0.9384433,0.9463696,0.9578149,0.9449732,0.95957834,0.94310814,0.91678125,0.9404855,0.96333903,0.96440387,0.96189904,0.9648043,0.97716564,0.96301,0.9380514,0.96385235,0.94626665
adogsjourneymovie,0.95271564,0.9290995,0.9564842,0.93465126,0.9534881,1.0000001,0.95024365,0.9485506,0.9711744,0.9363212,0.9523212,0.9504898,0.9566147,0.9593014,0.94542086,0.9626939,0.95902526,0.9536939,0.9472173,0.9366903,0.9288425,0.9513098,0.9567166,0.9566689,0.95684725,0.8905563,0.9561695,0.9597009,0.96283066,0.944963,0.9143071,0.95996904,0.94552916,0.9370628,0.930186,0.91095024,0.94481075,0.9502816,0.9687245,0.94432247,0.9463909,0.96088994,0.9609264,0.95428705,0.94308084,0.9481909,0.9533438,0.9197994,0.953843,0.957531,0.96183217,0.95633745,0.9400775,0.9441889,0.95007515,0.9511313,0.9365608,0.9623326,0.93827575,0.95763445,0.9535763,0.94484204,0.9572259,0.9625212,0.94584364,0.9434026,0.9327468,0.9448188,0.9422188,0.93004,0.9574496,0.7320581,0.9499651,0.9567262,0.95836234,0.93659234,0.90689796,0.93816364,0.9397412,0.9527519,0.9422711,0.9576801,0.9576299,0.94317085,0.9429298,0.92676884,0.9434674,0.9549836,0.95638096,0.9566691,0.9406045,0.9574496,0.9506298,0.9575992,0.9472081,0.94031423,0.9511757,0.95887136,0.95003027,0.94625527,0.9510166,0.95933187,0.95557207,0.9522414,0.9439444,0.96687436,0.9441034,0.96022725,0.9450121,0.9623766,0.95730084,0.84930223,0.95818305,0.8848276,0.94352907,0.95155895,0.94943786,0.95166516,0.946285,0.9442617,0.9429291,0.9526547,0.9555447,0.97728324,0.94181216,0.9471179,0.95391047,0.93228245,0.9509418,0.9464363,0.94278854,0.9412598,0.96162486,0.93326795,0.9523065,0.9423551,0.92932844,0.9474612,0.9566577,0.95060205,0.9711744,0.95849955,0.95254403,0.9490031,0.9394089,0.9430402,0.9411867,0.9336217,0.94113016,0.9388613,0.96305454,0.95839095,0.9435524,0.9212323,0.9324598,0.949702,0.9551821,0.9594201,0.95679474,0.9495985,0.9711744,0.9442699,0.9441881,0.9623239,0.95771515
aftermathmovie,0.96536547,0.9336669,0.9466288,0.9558112,0.96357954,0.95024365,1.0000001,0.96335715,0.9788751,0.9529502,0.96032387,0.932246,0.95665103,0.9408203,0.9602121,0.9463188,0.954086,0.96325964,0.95121324,0.9439145,0.95268744,0.9471952,0.9627043,0.9619737,0.95487595,0.90045965,0.94710696,0.9558167,0.9576792,0.958637,0.9389019,0.9560737,0.9431234,0.93239546,0.9398852,0.9153321,0.9374927,0.94713086,0.9649922,0.9511912,0.9585456,0.9493944,0.9280293,0.9507601,0.9560317,0.9486248,0.95576036,0.9419662,0.96271837,0.94171596,0.9574865,0.9692653,0.95730376,0.93925947,0.9477091,0.94876456,0.9424312,0.9617813,0.9638877,0.95733714,0.95558167,0.9608733,0.95586264,0.94657683,0.9628698,0.9560624,0.95100695,0.9641525,0.9573198,0.933995,0.96465486,0.75568205,0.9391222,0.95365137,0.95147234,0.9407583,0.9007622,0.94684124,0.96090066,0.9358598,0.95211136,0.9757926,0.9590237,0.9574477,0.95044017,0.93870234,0.9487379,0.95786303,0.9472214,0.9636489,0.95216155,0.96465486,0.9434685,0.94719505,0.9324509,0.958563,0.9557462,0.9606321,0.9736249,0.95636547,0.9364694,0.9607021,0.9427674,0.9524065,0.9378923,0.95770395,0.9605923,0.94752365,0.9596856,0.9401288,0.9565761,0.8394153,0.9593392,0.9105112,0.9514978,0.9487292,0.96984786,0.9489181,0.95855564,0.98956674,0.94222635,0.95941377,0.9640619,0.95565796,0.9637985,0.96605235,0.9462123,0.92779624,0.9498321,0.9092338,0.9476807,0.9515497,0.9608722,0.9417903,0.9544156,0.9555176,0.9621291,0.9638555,0.95880234,0.95450556,0.9788751,0.9494097,0.9456244,0.94178593,0.93964434,0.9564598,0.9576915,0.94740844,0.9375655,0.9488891,0.9793995,0.9385147,0.96492606,0.93663,0.9411401,0.94913465,0.9602771,0.9600024,0.9662843,0.9609191,0.9788751,0.9597904,0.9466656,0.9619852,0.94169825
aftermovie,0.9570219,0.9113144,0.9630444,0.9552122,0.9671463,0.9485506,0.96335715,1.0000001,0.9772487,0.9564563,0.9513214,0.9366601,0.9620997,0.9475974,0.9585486,0.9425818,0.9598404,0.95235497,0.9657032,0.937377,0.93159413,0.9499223,0.9591804,0.9543594,0.9640547,0.90195185,0.9517245,0.95814794,0.9590557,0.9544367,0.94807655,0.9650009,0.9318248,0.9473813,0.9508132,0.9178598,0.9424325,0.9515524,0.9544896,0.9584323,0.9521908,0.96363544,0.9394392,0.96868867,0.9540579,0.9573723,0.9548077,0.93481505,0.9582409,0.95854115,0.9629776,0.96773404,0.95521057,0.9462195,0.9592357,0.9577445,0.9533064,0.96767604,0.9656372,0.94913435,0.9519566,0.9592298,0.9612466,0.94228846,0.9535354,0.9451532,0.9492189,0.9651178,0.9559475,0.9338066,0.9599615,0.7503691,0.952759,0.9611113,0.9497441,0.9311108,0.916291,0.95197433,0.95749485,0.9398216,0.9437781,0.95762044,0.96020496,0.94169897,0.95815516,0.94411665,0.9439146,0.9563802,0.9477298,0.9599944,0.9617475,0.9599615,0.95484895,0.94914806,0.94158846,0.9582621,0.9570108,0.9534044,0.9504996,0.9530265,0.9491613,0.9638131,0.9494636,0.95295835,0.937833,0.96352255,0.9564266,0.94329613,0.95655215,0.9475014,0.9533206,0.84976363,0.9712882,0.92192656,0.95193136,0.9425605,0.9556997,0.9502415,0.94949466,0.9613997,0.9534736,0.9618732,0.96020764,0.9509301,0.9629932,0.9570023,0.9409816,0.9342939,0.94950473,0.9244791,0.9388748,0.96123046,0.96042633,0.935654,0.96529907,0.9525898,0.93287605,0.95992196,0.9556728,0.95623386,0.9772487,0.95521873,0.95576,0.949705,0.9279489,0.9564206,0.95697725,0.9519652,0.94008875,0.95060617,0.9518119,0.9508613,0.9646466,0.94787836,0.93697816,0.94613653,0.9529762,0.96186537,0.9758382,0.95980746,0.9772487,0.95643955,0.94581705,0.96347016,0.9526991
ahiddenlifefilm,0.9793711,0.9491966,0.9755799,0.96577543,0.97716564,0.9711744,0.9788751,0.9772487,1.0000002,0.9672349,0.96975964,0.96028984,0.9771225,0.9750832,0.9805943,0.9727344,0.9789336,0.9755695,0.97227776,0.96762115,0.96001345,0.975595,0.97425663,0.9829741,0.97873646,0.9230874,0.97048944,0.9774524,0.9803317,0.9754813,0.9518726,0.98027205,0.95343775,0.9593268,0.9600065,0.9363545,0.9645986,0.97234344,0.98202145,0.97641194,0.97185814,0.9775073,0.96378535,0.9793389,0.9741496,0.9727585,0.96846354,0.9576923,0.9789701,0.974233,0.9810926,0.9885289,0.9670575,0.9658436,0.96448636,0.9703794,0.9629591,0.98166585,0.9747402,0.9764899,0.9708923,0.97185564,0.9791764,0.97186565,0.97611725,0.9710052,0.96580637,0.9798074,0.9694079,0.96116036,0.9828357,0.77295834,0.96746653,0.9768861,0.9725812,0.95917547,0.9313551,0.96861994,0.96912545,0.96911025,0.97268784,0.98167354,0.9800099,0.9675889,0.9733324,0.96246123,0.96399224,0.97167313,0.9739059,0.98232174,0.97015136,0.9828357,0.97382426,0.9687955,0.96471786,0.9670755,0.9724434,0.977694,0.97524,0.9705908,0.9699376,0.97748023,0.97049457,0.97464526,0.96567553,0.98010147,0.97434366,0.9763548,0.9678931,0.97319406,0.978961,0.8618588,0.9779303,0.92685586,0.9744152,0.9682341,0.9811228,0.97344154,0.975735,0.9728449,0.97075653,0.97230834,0.9793063,0.97170305,0.97695994,0.9734398,0.9668125,0.9588993,0.9679956,0.94275117,0.96447223,0.96840876,0.97877467,0.9600588,0.97476715,0.9744063,0.9653022,0.97726613,0.9758548,0.9720999,1.0000002,0.97787,0.97213393,0.9724639,0.95722425,0.97399104,0.96976006,0.9635851,0.96839046,0.96963704,0.9781234,0.9681568,0.9737317,0.9490779,0.9563816,0.9723882,0.97176373,0.98157334,0.9788764,0.9746274,1.0000002,0.973008,0.9700529,0.97348875,0.9705354
alitamovie,0.9462576,0.9182508,0.9461832,0.9246033,0.964025,0.9363212,0.9529502,0.9564563,0.9672349,0.99999964,0.9344425,0.9139697,0.94839716,0.9479146,0.94821405,0.9266246,0.9553505,0.94230586,0.94154835,0.94214356,0.94358826,0.9473225,0.94931567,0.9473082,0.9514554,0.90139985,0.9467469,0.95420206,0.9517886,0.9365397,0.9327001,0.9470393,0.92747027,0.93559086,0.914859,0.8959486,0.94051707,0.9256825,0.94212735,0.95276415,0.93337756,0.9499998,0.93012786,0.9608318,0.9430088,0.9493067,0.93510795,0.9198828,0.9609743,0.94953597,0.9464056,0.9554372,0.94630146,0.93107545,0.93230873,0.94692576,0.9224737,0.956451,0.9559923,0.9440377,0.9408311,0.94479746,0.94810736,0.93911237,0.9455437,0.9288439,0.94391865,0.95236015,0.93478966,0.9217043,0.950168,0.73506683,0.92922014,0.9561761,0.9315609,0.9254284,0.88700527,0.9337189,0.9407297,0.9425322,0.93784803,0.94794065,0.95116365,0.9244859,0.93091285,0.9284601,0.919146,0.95050836,0.92705446,0.9558914,0.9409102,0.950168,0.94505733,0.93599963,0.92918056,0.93180734,0.93598753,0.93598056,0.9437853,0.95209867,0.93673813,0.9559331,0.9455115,0.94851124,0.9498495,0.9371836,0.93260664,0.93107563,0.9346441,0.94923365,0.9409058,0.8156081,0.9505142,0.86882025,0.9383655,0.92780703,0.9490084,0.93260664,0.95100087,0.948164,0.94946223,0.9482909,0.94919664,0.9430204,0.9557013,0.953449,0.9337508,0.91308784,0.9374958,0.91684264,0.94221866,0.94562405,0.96167743,0.9391384,0.9545064,0.9398205,0.92497367,0.9441442,0.9409318,0.9374787,0.9672349,0.9491994,0.9372606,0.9309319,0.9402477,0.94064283,0.9349752,0.92132556,0.92983854,0.9407328,0.93940705,0.9483629,0.94815457,0.9228448,0.9183943,0.9328571,0.948227,0.9500253,0.94885397,0.9417212,0.9672349,0.96457887,0.9272279,0.9475205,0.9355116
angelhasfallen,0.9616289,0.92764413,0.94164085,0.93513405,0.95125026,0.9523212,0.96032387,0.9513214,0.96975964,0.9344425,1.0000002,0.9431745,0.95068514,0.9432406,0.9520451,0.9455795,0.953503,0.95566976,0.95412004,0.92619926,0.9407099,0.9526226,0.9422187,0.9540263,0.9528278,0.8990279,0.9421271,0.9545589,0.953244,0.94642204,0.92747414,0.94715977,0.92871493,0.93568873,0.926463,0.9146677,0.9309028,0.95674205,0.95727766,0.9467766,0.9442841,0.9529764,0.9414185,0.94766927,0.94229347,0.94303656,0.9343434,0.94018,0.9403692,0.94772846,0.94950837,0.9509351,0.9393199,0.92968583,0.9398748,0.9463299,0.9382696,0.95691526,0.94104505,0.95785826,0.9386637,0.9486692,0.94894034,0.9432164,0.9467441,0.9598643,0.94926715,0.9460329,0.96407664,0.91266245,0.9611243,0.7442722,0.9362807,0.95485395,0.9546405,0.9374402,0.9076021,0.9447934,0.9549881,0.93807757,0.9604823,0.9540636,0.9588302,0.94963455,0.9337066,0.9203654,0.9461062,0.9428835,0.9526213,0.95818466,0.9423616,0.9611243,0.9545363,0.9420076,0.93077207,0.9448038,0.9601391,0.9559812,0.9608658,0.93669415,0.9360285,0.9610848,0.9447695,0.94863474,0.9291393,0.9522775,0.94284695,0.9462827,0.9391377,0.9551404,0.9476975,0.8422341,0.95506376,0.912354,0.95210546,0.95533514,0.9607801,0.93604344,0.95432436,0.9554797,0.93895626,0.95158315,0.94956255,0.9479381,0.9491565,0.94640774,0.9410118,0.92387253,0.94615465,0.92021984,0.947471,0.95479774,0.9521891,0.9254812,0.957195,0.9437537,0.9340914,0.950818,0.9519588,0.94492316,0.96975964,0.94703525,0.9380109,0.9474965,0.9363131,0.9462486,0.95634615,0.9341641,0.9339985,0.94679993,0.9549472,0.93310046,0.9521506,0.91974837,0.930552,0.94540656,0.95066625,0.95842785,0.9637491,0.9570356,0.96975964,0.9472525,0.9340218,0.9466692,0.93754756
angrybirdsmovie,0.9365133,0.91720253,0.94332236,0.94284004,0.92526245,0.9504898,0.932246,0.9366601,0.96028984,0.9139697,0.9431745,0.9999998,0.9525743,0.9382786,0.9463025,0.9519847,0.93836975,0.9340199,0.9346784,0.9296151,0.9146396,0.941558,0.933747,0.9439536,0.95134836,0.8936605,0.94522226,0.9367751,0.94808435,0.93951976,0.89749885,0.9467281,0.9100851,0.94427407,0.9158377,0.91350955,0.9331411,0.9467546,0.95152754,0.9314768,0.9520597,0.9411311,0.9458913,0.9404703,0.9418918,0.9414869,0.9260258,0.94016427,0.93761307,0.9398568,0.96170807,0.95062244,0.92193985,0.9199682,0.9472009,0.9310285,0.9410642,0.9374376,0.91486275,0.9391077,0.9373042,0.93720967,0.94770956,0.9495652,0.9429814,0.93584675,0.9203028,0.9339031,0.93191576,0.9301544,0.9456867,0.7584079,0.9334024,0.9354484,0.93241286,0.9227103,0.9097734,0.9333005,0.9355916,0.9370609,0.9416847,0.9421056,0.95502967,0.9351008,0.9505054,0.92444146,0.9378862,0.9412854,0.9515686,0.9424134,0.9374305,0.9456867,0.94301695,0.9436957,0.95019895,0.9300445,0.9513046,0.9534443,0.9365087,0.92449653,0.9404927,0.93628794,0.93896884,0.93149126,0.9367098,0.96491104,0.92990494,0.95822835,0.9307937,0.9520094,0.9465539,0.86511564,0.94844157,0.9025,0.9463577,0.9370898,0.9343074,0.94524235,0.9501288,0.9276614,0.94784606,0.9346118,0.93876374,0.9452709,0.93404967,0.9205406,0.9519436,0.935456,0.9222983,0.91147333,0.9193093,0.9313332,0.93984145,0.9223155,0.9451755,0.92513317,0.9222404,0.93486387,0.94552714,0.9423833,0.96028984,0.9490771,0.9369248,0.9561692,0.9430135,0.9522463,0.9448891,0.92324823,0.9446558,0.93529546,0.94397324,0.9386972,0.9487003,0.90834194,0.911417,0.9383947,0.93189174,0.9457708,0.94496506,0.9388239,0.96028984,0.9391302,0.9286096,0.9331446,0.9549332
annabellemovie,0.96573067,0.9305104,0.9519861,0.9510279,0.95623946,0.9566147,0.95665103,0.9620997,0.9771225,0.94839716,0.95068514,0.9525743,0.9999999,0.95648676,0.95462555,0.9562823,0.95731825,0.956405,0.9675551,0.94428897,0.93535286,0.9602225,0.95623124,0.9542358,0.9668067,0.91488665,0.95692116,0.9600333,0.96798795,0.9537925,0.93946344,0.9677655,0.92715156,0.9508658,0.94588745,0.9162,0.9488626,0.9629973,0.9593968,0.95346993,0.96426547,0.95386076,0.9445571,0.96081126,0.95720446,0.9594063,0.9532081,0.94075125,0.95772034,0.95606124,0.9674388,0.96638215,0.95112306,0.9411525,0.96252847,0.9546252,0.94058084,0.9596749,0.94670564,0.9477608,0.9677652,0.95831,0.9566397,0.96571994,0.96119857,0.9425641,0.941905,0.9548449,0.9467844,0.9269138,0.9535087,0.76109296,0.949821,0.96347135,0.9506326,0.9435165,0.91711795,0.94843805,0.955781,0.95000046,0.94502234,0.9576371,0.9719694,0.9409177,0.95718443,0.9412526,0.9515178,0.97845787,0.95180774,0.96260524,0.9549186,0.9535087,0.9478157,0.9464921,0.94779795,0.9404508,0.9516143,0.9572654,0.9534725,0.94557595,0.9484021,0.9636577,0.9563717,0.94616157,0.9461617,0.97110116,0.9527062,0.9544913,0.9548609,0.95295537,0.9583006,0.8508333,0.9609061,0.9013736,0.958257,0.942426,0.95697033,0.9525401,0.95236164,0.9575804,0.9549515,0.94354796,0.9585151,0.95848477,0.9603744,0.9528733,0.9603347,0.9430725,0.9452264,0.9236744,0.93883026,0.94949216,0.9601756,0.94622964,0.95404977,0.953044,0.9390428,0.956711,0.9499606,0.9581887,0.9771225,0.964957,0.9458639,0.9614524,0.9522513,0.9540346,0.94803625,0.9534685,0.9584324,0.9537137,0.95788527,0.9362902,0.96395767,0.93556726,0.9349728,0.9434633,0.9544999,0.959414,0.9586996,0.9561623,0.9771225,0.9543676,0.9421058,0.95679855,0.9573485
annamovie,0.9497386,0.94132274,0.9535,0.92820036,0.95087004,0.9593014,0.9408203,0.9475974,0.9750832,0.9479146,0.9432406,0.9382786,0.95648676,0.99999994,0.96100324,0.9527259,0.96477586,0.95322144,0.9461117,0.9449434,0.9299547,0.95676464,0.94596255,0.9677561,0.9552924,0.8960811,0.95326185,0.95256656,0.96243715,0.946871,0.9291225,0.96516025,0.936184,0.9427443,0.93607515,0.899537,0.94376284,0.95373917,0.958263,0.9582092,0.9468507,0.9524954,0.95179075,0.95560676,0.95946157,0.93915933,0.94618756,0.92064756,0.9565877,0.9519576,0.96034086,0.96147597,0.9328855,0.9603024,0.9346606,0.9550009,0.9277513,0.9634058,0.9531558,0.96287596,0.94258684,0.95593166,0.9628168,0.971329,0.95246935,0.9477857,0.93920946,0.95254654,0.9456809,0.942058,0.9635303,0.7235351,0.9435101,0.9594341,0.9502072,0.9304744,0.91235894,0.9479431,0.9463671,0.95384413,0.9541977,0.95563525,0.9550302,0.93482256,0.9513445,0.92883664,0.92978406,0.9501176,0.96199346,0.96538955,0.95714927,0.9635303,0.9474402,0.9587034,0.9609812,0.9409249,0.9363404,0.9485407,0.9438445,0.95534456,0.94701403,0.9508621,0.96302676,0.96894854,0.96630186,0.96270907,0.9514925,0.9618402,0.93352515,0.9548511,0.95595264,0.8568889,0.96307176,0.8814665,0.94250506,0.95014066,0.9552985,0.9558715,0.96201277,0.9360894,0.9470734,0.94070184,0.9609247,0.9532244,0.9453259,0.9508165,0.9510287,0.94574773,0.9610179,0.9400151,0.9498852,0.9448487,0.96027666,0.93955904,0.9584065,0.95351166,0.9369598,0.95564175,0.9568658,0.94884664,0.9750832,0.9563316,0.9511973,0.9578986,0.93339753,0.94279075,0.93875337,0.9269437,0.9518559,0.9629039,0.947829,0.9456198,0.93316126,0.9129737,0.9389021,0.95358956,0.94959193,0.9633509,0.9514867,0.9504913,0.9750832,0.95255375,0.952645,0.949766,0.9506577
apollo11movie,0.9596422,0.9375863,0.9577979,0.9459606,0.9546579,0.94542086,0.9602121,0.9585486,0.9805943,0.94821405,0.9520451,0.9463025,0.95462555,0.96100324,0.9999999,0.9532647,0.9604209,0.9580622,0.94994855,0.96648484,0.94561875,0.9554059,0.9700846,0.9604335,0.9506246,0.9095282,0.95233583,0.9559212,0.9545285,0.96104956,0.928755,0.9554847,0.9401579,0.93597025,0.9400019,0.9166076,0.9477067,0.94989526,0.9649026,0.95761025,0.95900273,0.95476544,0.93171465,0.95859456,0.950217,0.95564204,0.96443605,0.954278,0.96904045,0.95554584,0.95982146,0.97436965,0.9466226,0.9459069,0.94040316,0.9501182,0.941955,0.95539474,0.9530837,0.95517224,0.94673795,0.95966107,0.96814084,0.95178324,0.96292865,0.9492892,0.9503844,0.96016043,0.9530911,0.9585572,0.96531487,0.7629747,0.9415549,0.95618886,0.95881695,0.94916975,0.9180282,0.96090287,0.9568786,0.9424441,0.9646876,0.9658366,0.96084577,0.9544742,0.9568165,0.94414806,0.9481766,0.9457703,0.95645976,0.9605534,0.95691544,0.96531487,0.95771384,0.94788146,0.95106125,0.97115254,0.95829177,0.956959,0.9581452,0.9657486,0.95370644,0.9551607,0.950803,0.95821154,0.9503289,0.9574561,0.96380454,0.9557793,0.9406806,0.95295334,0.956777,0.85802877,0.95854515,0.92818415,0.95611596,0.95865846,0.962865,0.95979345,0.96563077,0.9509439,0.9519681,0.9568451,0.9669204,0.9565054,0.9563267,0.9524397,0.94409996,0.9372175,0.9471797,0.915586,0.9519791,0.949654,0.9557403,0.9503832,0.95620835,0.9553573,0.9591759,0.9611902,0.96296495,0.95810676,0.9805943,0.9569517,0.9551846,0.9622732,0.9370226,0.95422053,0.96049726,0.9350479,0.9451506,0.94978446,0.9591816,0.9431432,0.951618,0.92333615,0.9332797,0.9517666,0.9602969,0.9638154,0.96158737,0.9574702,0.9805943,0.95710933,0.95696294,0.9649635,0.9446669
arcticdogsmovie,0.9538618,0.945231,0.9495189,0.9420373,0.9500975,0.9626939,0.9463188,0.9425818,0.9727344,0.9266246,0.9455795,0.9519847,0.9562823,0.9527259,0.9532647,1.0,0.95819175,0.9552384,0.9446382,0.93028116,0.931834,0.9453735,0.9509928,0.9628781,0.95152247,0.8947468,0.95683193,0.95309955,0.95691305,0.94562393,0.9166578,0.96012527,0.93746614,0.9291938,0.9376663,0.9014286,0.94120854,0.94606113,0.9567195,0.94240975,0.95014757,0.94143623,0.94268346,0.95085,0.9430031,0.93724275,0.9494153,0.9313066,0.95132446,0.94859517,0.9588882,0.9653996,0.9419986,0.95091563,0.9359728,0.9513087,0.9435595,0.948674,0.94024825,0.9492602,0.946826,0.94788265,0.9499017,0.9571586,0.9573154,0.93540883,0.93348056,0.9479065,0.93554235,0.93704444,0.95620954,0.73807824,0.9441055,0.94925714,0.9422407,0.9309873,0.8998889,0.93690497,0.9392838,0.94393426,0.9428802,0.95459867,0.9611815,0.9460837,0.9409057,0.92950207,0.9460509,0.95167565,0.95477223,0.9524697,0.9372103,0.95620954,0.9460782,0.95134956,0.94559795,0.9492216,0.94394827,0.9563172,0.9501491,0.9395646,0.9405142,0.94692874,0.9542858,0.9512264,0.94450265,0.96347916,0.9539607,0.9770319,0.94615793,0.950702,0.9586406,0.84088594,0.9502838,0.8896846,0.9477692,0.9446529,0.9520392,0.95572644,0.9542903,0.9407482,0.93983716,0.94385636,0.9495254,0.951773,0.9365324,0.94635314,0.9600107,0.9375589,0.9411725,0.92068636,0.9287907,0.9375739,0.955979,0.93852687,0.94338506,0.94548005,0.94122285,0.9479149,0.94709164,0.936443,0.9727344,0.9591749,0.9444593,0.95670575,0.93676025,0.9501037,0.9424301,0.9383639,0.9579633,0.94359523,0.94827044,0.9403588,0.9393088,0.9258019,0.9243106,0.95200604,0.95154303,0.9620105,0.9480147,0.9382085,0.9727344,0.9341104,0.95559055,0.95007104,0.9553651
arcticmovie,0.9545854,0.9388224,0.95348847,0.9434578,0.9532325,0.95902526,0.954086,0.9598404,0.9789336,0.9553505,0.953503,0.93836975,0.95731825,0.96477586,0.9604209,0.95819175,1.0000002,0.95372003,0.95519525,0.93955827,0.94046843,0.95074207,0.9549925,0.9590399,0.9595428,0.9007121,0.9591041,0.97394115,0.95508254,0.94932264,0.9383218,0.96742,0.9434843,0.93517417,0.9467782,0.89903426,0.9417334,0.956393,0.954381,0.9567825,0.94157684,0.95775425,0.9486664,0.97106147,0.95413715,0.9453601,0.9489096,0.9197835,0.96418333,0.96550137,0.9558169,0.96528685,0.9447809,0.9530707,0.9340611,0.9607114,0.9412441,0.96478605,0.95610386,0.9576507,0.9473089,0.94985276,0.96096903,0.9498383,0.95032436,0.9465806,0.94860774,0.95852,0.95416844,0.94237316,0.961799,0.7332899,0.95070606,0.9698516,0.9539846,0.9383725,0.9002227,0.9517694,0.95255756,0.94401413,0.9517628,0.9627945,0.95043635,0.9470152,0.94389176,0.9397467,0.93843764,0.9524729,0.95979583,0.9616334,0.9453839,0.961799,0.9634207,0.9501461,0.94316685,0.95229495,0.95390433,0.94868577,0.9487099,0.95825064,0.94287294,0.95924324,0.9513664,0.9604793,0.9538112,0.95631063,0.9585673,0.9527501,0.94200754,0.96004236,0.95681524,0.83218217,0.96278673,0.8975458,0.95037925,0.94763803,0.9596954,0.95449394,0.95416605,0.94401664,0.94260436,0.9584608,0.95394146,0.9553819,0.95245993,0.9575702,0.95458835,0.9321902,0.94493675,0.92830604,0.9517568,0.94744295,0.9740796,0.96047395,0.9573223,0.957155,0.93953574,0.96124023,0.95650315,0.94311666,0.9789336,0.9610776,0.9530788,0.9580314,0.93281746,0.9546255,0.9498265,0.9411813,0.9436321,0.95030093,0.9486024,0.9494767,0.94226736,0.92535645,0.93964607,0.9552682,0.9557163,0.9667889,0.9618527,0.95061135,0.9789336,0.9542209,0.95473695,0.95839894,0.94576347
artofracingmovie,0.9604408,0.9315038,0.94418377,0.9407667,0.9679628,0.9536939,0.96325964,0.95235497,0.9755695,0.94230586,0.95566976,0.9340199,0.956405,0.95322144,0.9580622,0.9552384,0.95372003,0.99999964,0.94733965,0.94814765,0.93975425,0.94930184,0.955886,0.9608941,0.9480722,0.9125904,0.9538022,0.94919175,0.9590817,0.9571904,0.92959195,0.9583747,0.9322639,0.93291557,0.94001526,0.9197947,0.9330313,0.93891686,0.9686674,0.93831575,0.95050526,0.95381624,0.9341547,0.95116985,0.93745774,0.94683754,0.94920856,0.93201196,0.9563483,0.94434774,0.9575358,0.9606097,0.94782,0.94546527,0.93213934,0.9545392,0.92785853,0.9658163,0.9539979,0.94408387,0.9482947,0.9485318,0.94422287,0.9460695,0.960232,0.9464629,0.9412217,0.9498738,0.95156956,0.9299,0.9550522,0.7739386,0.9421737,0.9464723,0.9503314,0.92980987,0.8911638,0.93869174,0.95268065,0.927967,0.94841754,0.96,0.9629065,0.9472969,0.9381096,0.9360687,0.9350257,0.9567619,0.94392914,0.9711688,0.95163125,0.9550522,0.93449247,0.94581646,0.93027043,0.94966245,0.94167626,0.9504211,0.9568164,0.9518128,0.9376003,0.9604954,0.9579562,0.93937135,0.9338395,0.959858,0.9535314,0.9519182,0.9442613,0.95198053,0.9557377,0.8246496,0.95470166,0.91430867,0.9476066,0.949935,0.95959234,0.95434016,0.95348805,0.96460605,0.94464,0.9539268,0.95227474,0.95104116,0.9450466,0.9562544,0.9449191,0.93784815,0.95637673,0.91337293,0.93985647,0.9418189,0.9506924,0.9421371,0.9527827,0.96137434,0.9407322,0.96138006,0.9478487,0.96227986,0.9755695,0.95995754,0.9362926,0.9450521,0.9392132,0.95011353,0.9569974,0.9493765,0.9420178,0.941173,0.9607023,0.92939764,0.95212704,0.9193978,0.91800183,0.9369322,0.96473145,0.955542,0.95878386,0.96671104,0.9755695,0.9545868,0.94383216,0.96207803,0.9362753
avengers,0.967247,0.91674817,0.94895446,0.9455495,0.945802,0.9472173,0.95121324,0.9657032,0.97227776,0.94154835,0.95412004,0.9346784,0.9675551,0.9461117,0.94994855,0.9446382,0.95519525,0.94733965,0.99999976,0.93765503,0.92354536,0.9449169,0.9443289,0.9482463,0.95628035,0.88598686,0.93717235,0.9596688,0.9593375,0.9498083,0.96864307,0.9533745,0.92617583,0.9407761,0.9490063,0.91342866,0.94152164,0.9589192,0.953221,0.9474213,0.94585216,0.9612694,0.9522953,0.967972,0.95281017,0.94982654,0.93938565,0.9279413,0.9539059,0.96403885,0.9553752,0.96047926,0.9362159,0.9348818,0.94761807,0.93609965,0.93994725,0.95651287,0.9438312,0.9528109,0.9437585,0.9368802,0.9593911,0.9456778,0.9461484,0.93969727,0.93674755,0.95078886,0.94610924,0.91725034,0.96106213,0.764602,0.9436464,0.96941686,0.95374805,0.93835485,0.9226187,0.94916284,0.9458033,0.94451404,0.93830866,0.96528196,0.9553774,0.9449371,0.949587,0.9345919,0.95303905,0.95061606,0.9482271,0.9609399,0.9449562,0.96106213,0.95452154,0.93990105,0.93797415,0.93581617,0.95301247,0.9531919,0.9474589,0.9324275,0.9421588,0.95413935,0.94428676,0.9465841,0.93286395,0.95588326,0.94811815,0.9369886,0.94942594,0.94158655,0.94533235,0.83685946,0.95988196,0.9149546,0.9542957,0.94224924,0.95571434,0.94212043,0.9423944,0.94903797,0.9490941,0.9447909,0.9544319,0.9488939,0.9630425,0.94933337,0.9416823,0.934305,0.93804127,0.93950105,0.93893176,0.9393363,0.9466245,0.9213452,0.95999336,0.9490917,0.9202374,0.954017,0.95019466,0.947863,0.97227776,0.950327,0.9468051,0.9442884,0.93128234,0.9504864,0.9362791,0.9518386,0.9388139,0.94592136,0.9451979,0.9386449,0.94904786,0.94214535,0.944235,0.945946,0.94028914,0.9508377,0.9645788,0.9580743,0.97227776,0.947586,0.9357264,0.9477389,0.9489983
beachbummovie,0.94257796,0.9120432,0.94315434,0.9383426,0.9451196,0.9366903,0.9439145,0.937377,0.96762115,0.94214356,0.92619926,0.9296151,0.94428897,0.9449434,0.96648484,0.93028116,0.93955827,0.94814765,0.93765503,0.9999997,0.92481965,0.9677427,0.9525131,0.9460503,0.94043285,0.9068926,0.93487567,0.9399967,0.9522862,0.95077056,0.929836,0.9480811,0.9321693,0.9334905,0.92537594,0.90928715,0.9416387,0.94160503,0.9575101,0.9497662,0.94719696,0.94942105,0.92755955,0.94482803,0.94965863,0.9605862,0.94866055,0.9318072,0.9519698,0.93850964,0.9574573,0.96093297,0.9344561,0.9404605,0.92919475,0.93304294,0.9181338,0.94597894,0.9479178,0.9419146,0.94657505,0.9450764,0.9519245,0.946011,0.94993734,0.9345511,0.940227,0.9535556,0.9309105,0.9463546,0.9460148,0.74803895,0.92428774,0.9452621,0.9477853,0.91876227,0.9078634,0.9336027,0.9449617,0.9320653,0.9432021,0.9490709,0.9573109,0.9334024,0.9485604,0.9379993,0.9357499,0.9350507,0.94116145,0.9573202,0.94596136,0.9460148,0.93933916,0.9370984,0.9470192,0.9360418,0.9464626,0.95488477,0.94457394,0.9510317,0.9463433,0.938258,0.94920576,0.9439097,0.9354479,0.9513006,0.9484936,0.94350725,0.93157834,0.94647676,0.9521447,0.8641524,0.94954425,0.89478487,0.93766916,0.93506575,0.9473928,0.94061315,0.9436637,0.9398797,0.9568047,0.9344997,0.9504029,0.9496156,0.9541534,0.9417606,0.9330677,0.94138217,0.9365742,0.9185329,0.93320084,0.9294265,0.9502917,0.927362,0.9405408,0.9411881,0.94585294,0.94533324,0.94525,0.95585316,0.96762115,0.9538313,0.9388757,0.94461447,0.922946,0.94984245,0.9400405,0.92699367,0.94530714,0.9336782,0.94487095,0.9341145,0.94477904,0.917242,0.91704553,0.92747337,0.93708134,0.944205,0.94375193,0.94665605,0.96762115,0.9495241,0.94293666,0.95061886,0.9382152
bernadettefilm,0.9487063,0.92406034,0.9316903,0.92073005,0.9424686,0.9288425,0.95268744,0.93159413,0.96001345,0.94358826,0.9407099,0.9146396,0.93535286,0.9299547,0.94561875,0.931834,0.94046843,0.93975425,0.92354536,0.92481965,1.0000002,0.93672013,0.94511914,0.9435992,0.93476474,0.8785747,0.9294173,0.9410816,0.9421106,0.9445291,0.9051713,0.93068683,0.9227896,0.90164405,0.90353984,0.8947934,0.9106103,0.9189329,0.9460249,0.9337318,0.92970335,0.9317043,0.91520655,0.93262047,0.9276037,0.9291192,0.94279,0.9388259,0.94536227,0.9330098,0.92532814,0.9453052,0.93222314,0.91232705,0.91238034,0.9303155,0.9062142,0.94571984,0.932474,0.9376409,0.92908925,0.92690325,0.9348355,0.9191062,0.93097043,0.9441868,0.92920905,0.94712,0.9423775,0.92331016,0.9507497,0.7153797,0.92948973,0.9380035,0.92775977,0.9296853,0.8630237,0.93915236,0.9424779,0.92515707,0.9371114,0.9487936,0.94119036,0.9344929,0.9062479,0.921034,0.9195328,0.92841357,0.93474424,0.9252832,0.92403024,0.9507497,0.93220973,0.9257802,0.8997711,0.94216883,0.9387824,0.93817496,0.9555586,0.94360936,0.9228862,0.93167466,0.9330252,0.93672025,0.92487663,0.926078,0.9327008,0.9428734,0.93134755,0.927369,0.9415301,0.79863775,0.932421,0.8849484,0.9416412,0.9357617,0.9546982,0.9345623,0.9406683,0.9352525,0.933682,0.94486433,0.9420777,0.91592664,0.9378835,0.9398834,0.92855686,0.8788052,0.93216145,0.87872285,0.96533346,0.9393101,0.93619287,0.92278194,0.9463506,0.94123006,0.9475295,0.9388734,0.93770283,0.9220438,0.96001345,0.9402094,0.93596816,0.92667794,0.9287185,0.94526064,0.9443636,0.91040725,0.9224966,0.928346,0.9418461,0.930409,0.9349088,0.90074337,0.9132223,0.9272682,0.9330651,0.93789846,0.9316391,0.9338081,0.96001345,0.9365423,0.93073666,0.940376,0.9113062
