movie,21bridgesmovie,47metersdown,abeautifuldaymovie,abominablemovie,adastramovie,adogsjourneymovie,aftermathmovie,aftermovie,ahiddenlifefilm,alitamovie,angelhasfallen,angrybirdsmovie,annabellemovie,annamovie,apollo11movie,arcticdogsmovie,arcticmovie,artofracingmovie,avengers,beachbummovie,bernadettefilm,blackandbluemovie,blackchristmas,blindedbythelightmovie,bombshellmovie,booksmart,breakthroughmovie,brianbanksmovie,brightburnmovie,brittanyrunsmov,captainmarvelofficial,captivestatemovie,catsmovie,charliesangels,childsplaymovie,clarathefilm,coldpursuitmovie,countdown,currentwarmovie,darkwatersmovie,detectivepikachumovie,disneyaladdin,disneyfrozen,disneymaleficent,doctorsleepmovie,dolemiteismyname,dontletgomovie,doramovie,downtonabbey_official,dumbo,escaperoom,everybodyknowsmovie,fastandfuriousmovie,fightingwmyfam,fivefeetapartfilm,fordvferrari,freaksthefilm,geminimanmovie,glassmovie,gloriabellmovie,godzillamovie,goldfinchmovie,goodboysmovie,goodliarmovie,gretafilm,halathemovie,happydeathdaymovie,harrietfilm,hellboymovie,hersmellmovie,highlifemovie,highstrungmovie,honeyboymovie,hotelmumbaifilm,httydragon,hustlemovie,hustlersmovie,isntitromantic,itmovieofficial,jayandsilentbob,johnwickmovie,jojorabbitmovie,jokermovie,judythefilm,jumanjimovie,justmercyfilm,knivesout,lalloronamovie,lastblackmansf,lastchristmasthemovie,latenightmovie,lighthousemovie,lionking,littlethemovie,littlewomenmovie,littlewoodsfilm,longshotmovie,lordsofchaosmovie,lucyintheskyfilm,mamovie2019,marriagestory,meettheaddams,meninblack,midsommarmovie,midwaymovie,missbalamovie,missinglinkfilm,motherlessbklyn,onceinhollywood,onthebasisofsex,overcomermovie,peanutbutterfalcon,petsematarymovie,piercingmovie,playingwithfire,playmobilthemovie,pomsmovie,queenandslim,rambomovie,readyornotfilm,richardjewellfilm,rocketmanmovie,scarystoriesmovie,secretlifeofpets,serenityfilm,shaftmovie,shazammovie,spidermanmovie,spiesindisguise,starwars,stormboymovie,stubermovie,taosdfilm,teenspiritmov,terminator,theaeronautsmov,thebestofenemies,thedeaddontdie,thefarewell,thehighwaymen,thehummingbirdprojectfilm,theintrudermovie,theirishmanfilm,thekitchenmovie,thelegomovie,themustangfilm,thenightingalefilm,theprodigymovie,thesunisalsoastar,theupsidefilm,tolkienmovie,toystory,triplefrontier,uglydolls,uncutgems,underthesilverlake,usmovie,wavesmovie,whatmenwant,wonderparkmovie,wrinklestheclown,xmenmovies,yardiefilm,yesterdaymovie,zombieland
21bridgesmovie,1.0000002,0.95256406,0.9654476,0.9480798,0.9634351,0.9568175,0.9568222,0.9523922,0.9824532,0.95131314,0.95105845,0.94538826,0.96639425,0.96559095,0.9648463,0.9565448,0.96082646,0.9660489,0.98081964,0.9586112,0.96201354,0.9756309,0.954254,0.96473014,0.9538353,0.8494592,0.97179025,0.9691143,0.9696008,0.954204,0.9534146,0.9606202,0.9438777,0.96132547,0.963485,0.930744,0.9564215,0.9722305,0.96147764,0.94870627,0.95811075,0.96322596,0.95022124,0.96795315,0.96635437,0.9681524,0.95954007,0.969157,0.9301123,0.97082734,0.9725944,0.9578678,0.9461169,0.95421124,0.93608177,0.9562761,0.94028324,0.95999116,0.95615655,0.9662414,0.95559376,0.96880835,0.95854497,0.9494645,0.9518477,0.9553914,0.9476284,0.95188147,0.9532854,0.9442303,0.96810323,0.64512706,0.9527282,0.96055156,0.9577725,0.9528994,0.92479765,0.95786864,0.9538802,0.962353,0.9595928,0.9534724,0.9622893,0.95460385,0.9607202,0.9482776,0.94889086,0.9644199,0.95634556,0.9667586,0.9573624,0.96810323,0.95837015,0.9436082,0.96800065,0.948655,0.953527,0.956025,0.93254787,0.9520699,0.9579467,0.96666753,0.9560602,0.9725043,0.96183336,0.97068673,0.968838,0.95139676,0.94446075,0.947591,0.9672075,0.80677515,0.97301435,0.902666,0.9520922,0.97147626,0.99166363,0.96956843,0.9638216,0.95723367,0.94586045,0.95094824,0.95616466,0.9504189,0.95628554,0.95741326,0.95549685,0.95835537,0.961647,0.94921684,0.96791506,0.9545761,0.95987475,0.92598766,0.9672547,0.9485528,0.9749474,0.95721275,0.96146315,0.9694328,0.9824532,0.9707775,0.95937014,0.95442486,0.9503576,0.95671463,0.93841934,0.9619754,0.951052,0.9729535,0.95879185,0.9533448,0.96935314,0.9345704,0.9436178,0.95237106,0.9378456,0.9692185,0.96013457,0.9521079,0.9824532,0.94676274,0.9734894,0.95898396,0.96483964
47metersdown,0.95256406,0.9999998,0.95470935,0.9578509,0.9567899,0.9500487,0.95235986,0.9498949,0.9736529,0.9392053,0.94010854,0.9280048,0.95445126,0.95185435,0.96171933,0.9722962,0.9576714,0.9628561,0.9460589,0.95546573,0.9459681,0.9544477,0.95286095,0.9602435,0.9362726,0.8602902,0.957133,0.9537265,0.9540823,0.9524442,0.951107,0.9410347,0.9257647,0.9391997,0.9496541,0.9188252,0.94962835,0.95564747,0.95410293,0.9479642,0.95035404,0.95096904,0.9350512,0.95287955,0.95306087,0.96123785,0.95466125,0.9520757,0.91889143,0.95967156,0.9561815,0.94561005,0.93575025,0.9417465,0.932302,0.9605525,0.929949,0.95407313,0.9573002,0.95451844,0.94096553,0.96279323,0.9491326,0.9450038,0.9366343,0.94857085,0.9355925,0.9484683,0.9432159,0.93918496,0.9534327,0.6392193,0.9351531,0.94438094,0.9345018,0.9428377,0.8896239,0.9486356,0.94187486,0.9534651,0.9470231,0.9442343,0.9568015,0.9296688,0.96087205,0.9440382,0.93695676,0.9425618,0.93870115,0.9561155,0.95543027,0.9534327,0.9589972,0.9370862,0.9476933,0.96437734,0.9466457,0.94894445,0.93219185,0.94034755,0.95782536,0.94891155,0.9444778,0.954124,0.95487547,0.95259774,0.9535145,0.9572248,0.92645,0.9272706,0.95297885,0.8098719,0.9609639,0.87949425,0.94867796,0.9517777,0.96097535,0.9545609,0.9567857,0.9523672,0.95060605,0.95162326,0.94659686,0.9384304,0.9588396,0.953652,0.94086045,0.95398134,0.9502299,0.9254658,0.96155477,0.95706296,0.9610065,0.9255401,0.9589136,0.9511306,0.94793713,0.9412531,0.94559246,0.95950663,0.9736529,0.9567518,0.94530445,0.9413087,0.92929715,0.9324916,0.94268,0.95298845,0.94995594,0.9440109,0.95382893,0.9481755,0.9576371,0.92091256,0.92623025,0.94544476,0.9522465,0.95484865,0.9433254,0.9507585,0.9736529,0.93184835,0.95812094,0.9539188,0.947606
abeautifuldaymovie,0.9654476,0.95470935,1.0,0.9352973,0.94982654,0.9445311,0.96092844,0.9509891,0.9785197,0.9334863,0.9504125,0.95408696,0.9601805,0.9582486,0.9599582,0.9566828,0.94693035,0.9513322,0.96103346,0.9492065,0.95823395,0.96858346,0.95733976,0.9561987,0.95094883,0.8504867,0.9598328,0.9621709,0.97377574,0.9540965,0.9518738,0.96138513,0.9534915,0.9594086,0.94660574,0.92218006,0.96042323,0.9620684,0.963545,0.9488872,0.9614932,0.9576702,0.93409187,0.9615625,0.97378635,0.96202904,0.95726126,0.9634492,0.94064814,0.9637104,0.9715817,0.96982974,0.9378067,0.9541367,0.93465173,0.9410572,0.9493134,0.95791626,0.9540391,0.9658528,0.9469161,0.95713955,0.9698756,0.9494376,0.9684072,0.94571346,0.92712086,0.95714617,0.9518606,0.95059603,0.9673648,0.6724347,0.9425619,0.9639693,0.9399505,0.9472133,0.92830056,0.95991945,0.94068056,0.9581663,0.95791286,0.9661178,0.95589805,0.9501544,0.96296227,0.9629198,0.93810505,0.95779556,0.9571072,0.966501,0.9470318,0.9673648,0.957067,0.9651616,0.9731919,0.93883413,0.9533599,0.962524,0.9415713,0.94268847,0.9630326,0.95297086,0.9498492,0.9650685,0.9484671,0.9700747,0.96458787,0.9620799,0.9487212,0.95986813,0.96286196,0.83272487,0.9698195,0.9055786,0.9577957,0.96079814,0.9708459,0.96664095,0.9654511,0.9625655,0.93529093,0.951678,0.9501538,0.9441218,0.9527347,0.96156657,0.9521277,0.9593847,0.9518828,0.92746353,0.96021396,0.9503012,0.95668685,0.9251989,0.9514682,0.9459318,0.95477015,0.96263635,0.95789963,0.95639205,0.9785197,0.97454524,0.96220744,0.9565537,0.9476721,0.9663494,0.9407643,0.952082,0.9549072,0.9482016,0.96083015,0.9684032,0.9611553,0.9069637,0.9445203,0.96268463,0.9569893,0.96227795,0.96131986,0.95639724,0.9785197,0.92863816,0.9699167,0.96687293,0.9632963
abominablemovie,0.9480798,0.9578509,0.9352973,0.99999976,0.9461903,0.93895274,0.9533034,0.94984955,0.96954554,0.9337745,0.93996733,0.91774756,0.9552688,0.9515672,0.9495571,0.95186293,0.94522405,0.943746,0.9480024,0.9332724,0.9447476,0.9530619,0.93916786,0.95526886,0.9345385,0.84210974,0.9485125,0.9478078,0.93738204,0.9479328,0.95646995,0.93869627,0.92263055,0.9246834,0.939727,0.92328477,0.95043886,0.9457337,0.95616657,0.95509946,0.94943875,0.93923575,0.9243075,0.9463881,0.94549626,0.9448774,0.9450441,0.94997823,0.9197235,0.9512447,0.94572544,0.94835013,0.9382896,0.94880855,0.9197004,0.9465149,0.92399406,0.94400704,0.95344967,0.954703,0.92819417,0.966923,0.9394319,0.94507766,0.93415654,0.94582015,0.9406573,0.93877107,0.94760984,0.92884344,0.95475477,0.60946316,0.9403214,0.93766105,0.9337538,0.94266236,0.88912195,0.9362972,0.92614865,0.94792527,0.9571478,0.950032,0.959026,0.9304091,0.96074176,0.9395589,0.9437849,0.9365182,0.93440115,0.9504559,0.9575479,0.95475477,0.9491173,0.93034357,0.942306,0.95378727,0.94649637,0.9427954,0.9270684,0.93317854,0.944016,0.93481827,0.9256728,0.9563998,0.93869025,0.94306374,0.9428846,0.94151825,0.9215177,0.9280636,0.958952,0.8096017,0.9507928,0.88724744,0.9420266,0.9523668,0.9538837,0.94449186,0.96141934,0.9458948,0.9397213,0.95050937,0.9385982,0.93393123,0.96413296,0.95056456,0.9297246,0.9397541,0.9468658,0.920918,0.95089805,0.93864185,0.9454542,0.91485476,0.95306367,0.94654953,0.94475687,0.94500464,0.95023835,0.95567536,0.96954554,0.95162916,0.9459853,0.93781847,0.9275286,0.9428294,0.9472314,0.9473908,0.9397599,0.9561355,0.95806926,0.936643,0.95852464,0.89289474,0.9278992,0.9369579,0.9413636,0.95232606,0.94105595,0.93194383,0.96954554,0.9334352,0.95280886,0.9483055,0.93897855
adastramovie,0.9634351,0.9567899,0.94982654,0.9461903,0.99999994,0.9470574,0.9566108,0.94798064,0.97546846,0.9479702,0.9498285,0.91809154,0.9549775,0.95497066,0.9620826,0.95566714,0.95963436,0.9786616,0.951287,0.95759046,0.9504441,0.9574681,0.9441714,0.97019184,0.9364789,0.82892644,0.96922386,0.95508236,0.9502041,0.9593999,0.95589674,0.95134413,0.93391436,0.94747883,0.9489975,0.9278541,0.9565181,0.95882076,0.9635701,0.9475935,0.943691,0.9576481,0.93377846,0.95489603,0.9620296,0.95848393,0.95156604,0.95715845,0.93992525,0.96173453,0.9530941,0.95542246,0.92678165,0.9410391,0.9219105,0.9732397,0.9384307,0.9569991,0.95438683,0.9562882,0.9506861,0.9619668,0.9569578,0.9467669,0.9501148,0.9550231,0.9319246,0.9565719,0.9476282,0.9402032,0.96129555,0.6088346,0.94513893,0.9457267,0.9375628,0.9569457,0.8957614,0.9540543,0.94649285,0.9582053,0.9511507,0.9476488,0.9615014,0.945112,0.9586521,0.9497177,0.9420875,0.94696254,0.9416857,0.9529871,0.9676849,0.96129555,0.94953907,0.93800485,0.9482832,0.95423573,0.9477664,0.9520537,0.9347923,0.9339845,0.95725936,0.9619371,0.9291532,0.9532454,0.94407266,0.9518611,0.9573209,0.9516851,0.9301979,0.93584543,0.95313185,0.8080663,0.9705836,0.89933723,0.9468224,0.9594646,0.968959,0.95458764,0.96075636,0.9489152,0.9534918,0.9488884,0.95371616,0.9466149,0.9518811,0.9477825,0.9475836,0.9540064,0.96251345,0.9267229,0.9604981,0.96004903,0.95225435,0.92917573,0.9649876,0.9507576,0.9571394,0.95130396,0.9605717,0.9679261,0.97546846,0.9562934,0.9470269,0.95066005,0.9428634,0.9540807,0.94745,0.954172,0.9504544,0.96115035,0.9581339,0.95648795,0.9657322,0.88667184,0.93693507,0.9517039,0.94559145,0.9678099,0.9632376,0.95904773,0.97546846,0.94959044,0.95928794,0.9523582,0.95420456
adogsjourneymovie,0.9568175,0.9500487,0.9445311,0.93895274,0.9470574,1.0,0.9570702,0.94002134,0.9760044,0.9433311,0.9598221,0.9305645,0.95899576,0.9603793,0.9554085,0.9612751,0.9510028,0.9462294,0.9473509,0.9434698,0.9510818,0.95551336,0.97380257,0.9563034,0.9395014,0.83497375,0.9554954,0.96123594,0.9582902,0.94878685,0.94834715,0.9438734,0.9117838,0.9468937,0.95342624,0.9209124,0.94462854,0.95816135,0.9644369,0.9284987,0.95309794,0.9642588,0.9623452,0.9634116,0.9460847,0.95873463,0.9719604,0.94613105,0.91112846,0.96668845,0.95777065,0.93828213,0.96487135,0.9384727,0.93412626,0.942337,0.92164147,0.9635461,0.9506693,0.9583804,0.9558163,0.95252657,0.9492746,0.9432108,0.9372301,0.9444675,0.9171198,0.93508834,0.9604522,0.9462183,0.96116626,0.6389354,0.9351166,0.9495759,0.9505447,0.945408,0.92103827,0.9489719,0.9527699,0.9631043,0.9614976,0.94558984,0.9579044,0.9397994,0.9612496,0.9456259,0.9494993,0.96235734,0.9441146,0.9622882,0.9448096,0.96116626,0.9509791,0.9493427,0.9400119,0.95407265,0.95347714,0.9503578,0.9414759,0.9532597,0.954746,0.9654738,0.9423727,0.9631851,0.9512993,0.95382243,0.95011425,0.9579744,0.94596195,0.913988,0.95025957,0.7872577,0.94674563,0.8987822,0.9434022,0.9591252,0.9682378,0.95751464,0.9662984,0.95916015,0.93546486,0.9554644,0.9518039,0.973089,0.950683,0.96184534,0.9696351,0.9590575,0.96566916,0.9573124,0.9494655,0.95003307,0.9566216,0.91606987,0.95672953,0.94444525,0.9535188,0.9330514,0.96508545,0.9529618,0.9760044,0.9546202,0.94916403,0.94627374,0.93697995,0.93780154,0.94046026,0.9524813,0.94859535,0.9557055,0.95618767,0.95138335,0.9536576,0.9087028,0.924137,0.9436364,0.95495635,0.9627377,0.9494271,0.9344412,0.9760044,0.92193353,0.95464104,0.96926844,0.94911355
aftermathmovie,0.9568222,0.95235986,0.96092844,0.9533034,0.9566108,0.9570702,0.99999976,0.9496093,0.981889,0.9314262,0.95507234,0.9393559,0.9545793,0.95662785,0.95175624,0.95633143,0.95089144,0.94662446,0.95550954,0.9556667,0.96195793,0.96552134,0.9608608,0.96198386,0.95692897,0.83204925,0.9574005,0.96632266,0.955988,0.9534718,0.9623425,0.96602434,0.9472001,0.94915146,0.936573,0.92079526,0.9564426,0.9677693,0.9668974,0.96037304,0.958691,0.96356934,0.94171166,0.96621335,0.9644895,0.9556678,0.956418,0.968881,0.94425637,0.9670617,0.9622087,0.96635574,0.9425085,0.95365936,0.927394,0.9492308,0.9420749,0.9580352,0.9649337,0.9658153,0.9517126,0.9682362,0.96309805,0.9583547,0.95866835,0.9585091,0.9337354,0.9455423,0.96085745,0.95630306,0.9678285,0.65419865,0.94424343,0.9556202,0.9449215,0.96255857,0.89749014,0.9555897,0.9495488,0.96794254,0.9582981,0.97442675,0.9694339,0.95015264,0.95864356,0.95490056,0.95170766,0.9464303,0.9574602,0.97593164,0.9562948,0.9678285,0.95156646,0.9421844,0.95906615,0.94230646,0.959678,0.9685327,0.9755577,0.94352466,0.95338905,0.96344763,0.96444315,0.9628778,0.94976854,0.9613385,0.9549247,0.96501815,0.94813704,0.9508938,0.96309334,0.8226476,0.96234244,0.90580493,0.9452727,0.9615402,0.9666704,0.9553901,0.97637004,0.9888285,0.94713193,0.95526636,0.9414723,0.9500911,0.96265423,0.9614014,0.95444053,0.95872974,0.95454985,0.93267214,0.96587443,0.946276,0.9594767,0.9137019,0.95828676,0.9461827,0.9518745,0.95518774,0.96591115,0.95708144,0.981889,0.958641,0.95949334,0.94999516,0.93537873,0.958868,0.9368672,0.94852704,0.96086794,0.9638153,0.98705775,0.95739114,0.95952976,0.8945824,0.94704354,0.9500091,0.9408866,0.96245974,0.95293707,0.9451838,0.981889,0.9360045,0.9652325,0.96032614,0.9568789
aftermovie,0.9523922,0.9498949,0.9509891,0.94984955,0.94798064,0.94002134,0.9496093,0.99999994,0.9691252,0.924936,0.9370169,0.9359425,0.9494021,0.9435736,0.9572224,0.9534321,0.94499815,0.93986255,0.9478744,0.94471425,0.9550181,0.9539306,0.93961614,0.94734234,0.9477415,0.8330986,0.9492289,0.9475514,0.9492987,0.9532127,0.9542506,0.95127076,0.91781366,0.95191455,0.9546599,0.93107194,0.9550711,0.951131,0.9431291,0.94915324,0.95686084,0.9586626,0.9302095,0.95179415,0.9602254,0.9488699,0.93931526,0.95294696,0.9448055,0.95361805,0.9508217,0.9617172,0.94095063,0.93844754,0.9703265,0.9332738,0.9205948,0.9547125,0.94501656,0.9550786,0.935697,0.9531168,0.9554305,0.929234,0.9588782,0.96035534,0.9185188,0.95060104,0.9414617,0.95112735,0.9520297,0.6229516,0.93333477,0.9423314,0.93754154,0.9417554,0.9212274,0.94015676,0.9306173,0.95320344,0.9521283,0.94441146,0.9509844,0.9418301,0.9577907,0.93347853,0.9323458,0.94329447,0.9399659,0.953588,0.94219923,0.9520297,0.93985075,0.9314103,0.9414015,0.9492662,0.94313776,0.95688987,0.93720233,0.9201762,0.9535257,0.95207083,0.93081546,0.9464287,0.93439716,0.9491043,0.9427751,0.9468366,0.939277,0.939176,0.9590828,0.8102662,0.95105726,0.89818084,0.9542212,0.95009893,0.9546302,0.94428325,0.96071017,0.94135803,0.9314041,0.94132763,0.95808375,0.9379756,0.9622045,0.94902146,0.94100904,0.93012637,0.9408302,0.925365,0.9565401,0.929742,0.94804674,0.9275478,0.9467586,0.93821603,0.93365186,0.93800235,0.9431646,0.95003223,0.9691252,0.9492153,0.9472661,0.94219846,0.93745,0.9525554,0.94479924,0.9542626,0.9346635,0.95685923,0.9452569,0.94085085,0.9633464,0.90758574,0.93318033,0.95515037,0.9364135,0.9500797,0.9530122,0.9459614,0.9691252,0.9134279,0.9604219,0.9470306,0.9425802
ahiddenlifefilm,0.9824532,0.9736529,0.9785197,0.96954554,0.97546846,0.9760044,0.981889,0.9691252,1.0,0.9597422,0.9723957,0.9534513,0.97886074,0.97902685,0.9785126,0.9802741,0.97068274,0.9722038,0.9750062,0.9686896,0.97948056,0.98391205,0.9752654,0.9789305,0.96609277,0.85950226,0.98054814,0.98037064,0.978686,0.975179,0.97324514,0.97238636,0.9551901,0.9727007,0.96914196,0.9470153,0.97664434,0.97923946,0.9809762,0.9700146,0.97756904,0.97925764,0.9609152,0.9821419,0.97977823,0.978439,0.97728235,0.97726506,0.95037806,0.9855617,0.9802289,0.97673863,0.9654902,0.96979415,0.9520137,0.96744525,0.9567104,0.977293,0.9779008,0.9825955,0.9705803,0.9832719,0.97545177,0.9715315,0.9708571,0.9683346,0.9540624,0.9684735,0.97715527,0.965265,0.985104,0.6518338,0.9647185,0.9735828,0.9644666,0.9695344,0.9291629,0.97325784,0.9653491,0.98032933,0.9801091,0.9751954,0.98179775,0.9638009,0.977703,0.9707453,0.96861,0.9748309,0.96705955,0.98374474,0.97676635,0.985104,0.97431755,0.96979606,0.97698194,0.9681589,0.9748584,0.97653717,0.9618089,0.9621923,0.97648835,0.97788626,0.9629116,0.98490167,0.967035,0.97861826,0.9787534,0.97939783,0.9615144,0.9588945,0.98210967,0.83498806,0.98350817,0.92146,0.9711202,0.9830183,0.988613,0.9767878,0.9878821,0.9806646,0.962826,0.97494274,0.97138566,0.9686347,0.9796202,0.979275,0.9719289,0.97398406,0.9753422,0.9561384,0.9830097,0.9689324,0.9755812,0.9432756,0.9793036,0.9707954,0.97739893,0.9689701,0.9788107,0.9780667,1.0,0.98220533,0.9773871,0.97112745,0.96334636,0.97215164,0.96151745,0.97431284,0.97527,0.97793955,0.9798573,0.9724627,0.9813553,0.9211756,0.9592707,0.973291,0.96705276,0.9821114,0.9773093,0.96956563,1.0,0.9538634,0.98444545,0.980266,0.9730375
alitamovie,0.95131314,0.9392053,0.9334863,0.9337745,0.9479702,0.9433311,0.9314262,0.924936,0.9597422,1.0000001,0.955657,0.92198366,0.95276356,0.9445914,0.9320623,0.9355238,0.93246794,0.94374967,0.945243,0.9281355,0.9370519,0.9484115,0.93818617,0.94180983,0.91592586,0.83454406,0.94255114,0.94476414,0.94518805,0.9380982,0.93474936,0.93019587,0.9068931,0.9348189,0.9321258,0.9158504,0.9302034,0.9375897,0.9564922,0.9253615,0.9491984,0.935626,0.92811495,0.9381412,0.9320257,0.94487345,0.93809134,0.9386333,0.9126551,0.9419989,0.9465206,0.9296366,0.9562739,0.9413893,0.92097294,0.9398828,0.9128468,0.94945836,0.942007,0.9494893,0.9517225,0.9510042,0.93888444,0.93726,0.9253369,0.93135375,0.9329035,0.92100763,0.9529853,0.91342646,0.94620323,0.6352525,0.93183166,0.9328881,0.91994524,0.93099463,0.8863447,0.9301938,0.93529826,0.93507814,0.9464079,0.93485546,0.9413086,0.9109929,0.9497314,0.94718796,0.9501298,0.9522054,0.9348669,0.9414274,0.9442008,0.94620323,0.9330336,0.93364125,0.936647,0.93241554,0.9539979,0.94382626,0.9116213,0.9359982,0.93373543,0.9403346,0.9257439,0.9488461,0.9614471,0.94508547,0.94964,0.9337245,0.924574,0.9036256,0.95243895,0.7961815,0.94644696,0.88819534,0.929966,0.94985515,0.9548035,0.94318444,0.9420813,0.9300872,0.9223395,0.9322418,0.9549423,0.9303208,0.93354905,0.93595886,0.9474986,0.95130444,0.94593817,0.9312234,0.9443256,0.9533204,0.930833,0.9214027,0.9660722,0.9309265,0.95781016,0.92785686,0.9492089,0.9560319,0.9597422,0.9525768,0.9378951,0.9342078,0.9357201,0.93142337,0.9318343,0.9422706,0.94374204,0.93327993,0.9359199,0.91615903,0.95097107,0.90539765,0.9237681,0.93003553,0.92148125,0.94816697,0.9538343,0.9429877,0.9597422,0.9429114,0.93994296,0.9429352,0.9464753
angelhasfallen,0.95105845,0.94010854,0.9504125,0.93996733,0.9498285,0.9598221,0.95507234,0.9370169,0.9723957,0.955657,0.99999976,0.93276125,0.9630817,0.9557591,0.9507216,0.948448,0.9470838,0.94074905,0.9464423,0.9443978,0.949778,0.96196353,0.956622,0.9485562,0.9318736,0.838841,0.9533103,0.9615512,0.96186566,0.9538691,0.9535507,0.94341123,0.9129633,0.9435303,0.9391016,0.91305506,0.94910824,0.9519902,0.967388,0.9336779,0.9633212,0.9535166,0.95071346,0.956494,0.9487948,0.955836,0.9508027,0.94745547,0.921494,0.961117,0.96348137,0.9389083,0.95478964,0.9515278,0.92868054,0.9401191,0.9279776,0.94953626,0.95902675,0.9540831,0.96179557,0.9575515,0.9520968,0.9543387,0.93873674,0.951425,0.9381654,0.92285603,0.97288936,0.9280611,0.9594888,0.65161824,0.9383015,0.95110947,0.94170874,0.9362414,0.8951137,0.9449183,0.9479993,0.9521882,0.9732928,0.9533983,0.9615026,0.9338536,0.96831286,0.9473896,0.9757983,0.961449,0.93589926,0.9612692,0.95601434,0.9594888,0.9472828,0.95447034,0.9456544,0.9528589,0.9669683,0.95073885,0.9443656,0.947491,0.95379376,0.9573545,0.94708616,0.95760566,0.95922226,0.96036124,0.943116,0.9586916,0.94346654,0.9190737,0.9600199,0.8025706,0.95063645,0.8881506,0.9335538,0.9630769,0.9595844,0.94558626,0.9672428,0.95203084,0.9393838,0.9374151,0.95392513,0.9493275,0.9421918,0.9651787,0.9600463,0.96262515,0.9619346,0.95330113,0.9500422,0.94959134,0.9491103,0.9269084,0.9536752,0.94917864,0.9613099,0.92778313,0.9623269,0.955118,0.9723957,0.96496093,0.95205414,0.95057553,0.9441441,0.9425109,0.9368305,0.94895744,0.9483649,0.94787115,0.9537798,0.94135904,0.95293045,0.88025266,0.9427654,0.94830024,0.937787,0.95702124,0.9559249,0.9374486,0.9723957,0.92946005,0.946517,0.9595206,0.9621479
angrybirdsmovie,0.94538826,0.9280048,0.95408696,0.91774756,0.91809154,0.9305645,0.9393559,0.9359425,0.9534513,0.92198366,0.93276125,1.0000002,0.94155395,0.9347301,0.93504655,0.9281587,0.9265513,0.9190303,0.93251455,0.9285732,0.9497408,0.9453041,0.93016505,0.9340395,0.93089557,0.861469,0.93775684,0.9377399,0.94394934,0.9305499,0.9404072,0.9384708,0.9258942,0.9521724,0.93209577,0.9155146,0.9421343,0.9370913,0.9384559,0.9243178,0.9475958,0.94058406,0.9341321,0.9495098,0.93187356,0.96012896,0.9247515,0.94824374,0.93077636,0.9456095,0.95381624,0.9359167,0.9336757,0.9288244,0.92809826,0.93212956,0.9463322,0.9281703,0.9472978,0.94719917,0.93300337,0.94336253,0.93577343,0.9207802,0.94346094,0.9226072,0.9110718,0.9220484,0.94404924,0.9375419,0.9423645,0.68652964,0.9403116,0.9323131,0.9303361,0.9190157,0.92713994,0.9451409,0.9423602,0.93987864,0.93382984,0.9518796,0.9307638,0.92130446,0.9478101,0.9490641,0.9295865,0.9488534,0.9536425,0.9447623,0.9112172,0.9423645,0.91958743,0.9374674,0.9574112,0.9315655,0.92617387,0.9555716,0.93613905,0.9188092,0.9575832,0.9424253,0.93607867,0.93975216,0.92406386,0.9493859,0.9382133,0.9295446,0.93475133,0.9343769,0.95148784,0.85874844,0.9356439,0.901043,0.9245877,0.9386925,0.94583863,0.9351336,0.939379,0.9379234,0.8859241,0.9211574,0.9442418,0.90280277,0.9331851,0.9578603,0.94362915,0.9351601,0.93217784,0.93523157,0.9558737,0.9221106,0.93559164,0.902836,0.93060046,0.90090334,0.9149465,0.9318309,0.946338,0.9379821,0.9534513,0.9469775,0.95319563,0.9571823,0.93977785,0.9337418,0.93035084,0.93801564,0.9249252,0.9372789,0.93998533,0.93840843,0.9405059,0.89065605,0.9438719,0.94017875,0.91851115,0.941539,0.94507354,0.92106175,0.9534513,0.91742486,0.94290006,0.95526385,0.94423527
annabellemovie,0.96639425,0.95445126,0.9601805,0.9552688,0.9549775,0.95899576,0.9545793,0.9494021,0.97886074,0.95276356,0.9630817,0.94155395,0.9999999,0.9733437,0.95810866,0.9557843,0.9467811,0.95089483,0.9595716,0.9427242,0.96459514,0.9693685,0.953126,0.96100307,0.9424086,0.8486204,0.9603529,0.96109515,0.9640315,0.9605841,0.9453866,0.95762944,0.93116605,0.95217466,0.94741875,0.9268473,0.95722103,0.96844476,0.9634509,0.94606507,0.97016644,0.9580168,0.955509,0.9664851,0.9583113,0.96870565,0.95566356,0.962668,0.924863,0.9662941,0.97137296,0.9488973,0.9556398,0.9500337,0.93671805,0.95070946,0.9335993,0.9644288,0.9487657,0.961188,0.9663,0.9556671,0.9587499,0.9722664,0.95354694,0.94712925,0.950227,0.95334893,0.9618772,0.9431359,0.96068823,0.6544741,0.94708604,0.95907134,0.94826436,0.9486553,0.9130534,0.9661148,0.94218796,0.9577387,0.9639134,0.9544867,0.9710144,0.94406,0.9733932,0.9587872,0.96002233,0.98275054,0.94821197,0.96892244,0.95977026,0.96068823,0.96341836,0.9497969,0.96162874,0.95293397,0.958095,0.9484505,0.9468415,0.95516086,0.95812535,0.96600497,0.9473083,0.9620913,0.96195966,0.9665183,0.96473837,0.9637388,0.9500137,0.941728,0.9674321,0.79657143,0.9647003,0.89016527,0.9449754,0.9687987,0.9682157,0.96174514,0.96007776,0.94778615,0.9497358,0.9567655,0.9613498,0.94369483,0.9529565,0.9572127,0.959507,0.9636296,0.9632531,0.9474875,0.96572393,0.95476407,0.9521283,0.9314924,0.9678023,0.9579627,0.96473473,0.9476418,0.95611054,0.96293,0.97886074,0.97208476,0.9610702,0.9601388,0.9349184,0.94806284,0.95138675,0.9580489,0.9635996,0.9429648,0.949032,0.9532154,0.96767384,0.9039598,0.9515742,0.9499448,0.94842935,0.96484065,0.961534,0.9456458,0.97886074,0.9439273,0.9601549,0.9702345,0.9678183
annamovie,0.96559095,0.95185435,0.9582486,0.9515672,0.95497066,0.9603793,0.95662785,0.9435736,0.97902685,0.9445914,0.9557591,0.9347301,0.9733437,0.9999998,0.95357597,0.9621994,0.9428872,0.9473701,0.9539913,0.9503009,0.9608188,0.9697791,0.9609653,0.9525059,0.94472355,0.8348674,0.95857674,0.9622287,0.96469504,0.9614245,0.94963276,0.9481636,0.9304276,0.9586406,0.945739,0.92920184,0.9485205,0.96063906,0.9669374,0.95027655,0.9558589,0.95603365,0.9582538,0.9615659,0.956019,0.957315,0.9631272,0.95848984,0.9261409,0.96500546,0.9672392,0.94618344,0.9568858,0.9510057,0.9306523,0.94852895,0.9404488,0.9574819,0.9558754,0.96274996,0.95212525,0.9578801,0.9510706,0.9743962,0.9406171,0.9353384,0.94271404,0.9469352,0.9633342,0.95067537,0.96164954,0.64216095,0.95175475,0.9654432,0.9583662,0.936706,0.9049375,0.96527123,0.9474709,0.9603884,0.9620497,0.9433161,0.967893,0.93250924,0.9637608,0.95653427,0.95401645,0.965473,0.940264,0.97035,0.9583567,0.96164954,0.9587312,0.9549937,0.9565168,0.9430058,0.96559364,0.9622772,0.95260113,0.97401726,0.94461447,0.957248,0.9472353,0.96542835,0.9649744,0.9643947,0.9607784,0.96315044,0.9437638,0.9311422,0.9634176,0.8069136,0.9627502,0.89767575,0.9367347,0.97360355,0.969856,0.9584956,0.9668296,0.95814484,0.94183415,0.95783025,0.9555558,0.9538691,0.9509465,0.958777,0.96318,0.95120317,0.9629468,0.945365,0.963198,0.95186037,0.9541251,0.91630286,0.95821977,0.9604053,0.967297,0.9429621,0.9565218,0.9627916,0.97902685,0.97060126,0.95395666,0.95175946,0.9452635,0.951252,0.94763136,0.959216,0.9602652,0.9513834,0.9490379,0.95182556,0.96767217,0.8931477,0.9442926,0.9496308,0.9437041,0.9585821,0.95761585,0.93694186,0.97902685,0.93560386,0.960752,0.9674621,0.9653818
apollo11movie,0.9648463,0.96171933,0.9599582,0.9495571,0.9620826,0.9554085,0.95175624,0.9572224,0.9785126,0.9320623,0.9507216,0.93504655,0.95810866,0.95357597,0.99999976,0.97239554,0.9534092,0.9577025,0.9587893,0.96901953,0.95874566,0.9605932,0.9551398,0.95913243,0.9463355,0.8598646,0.95691377,0.9586392,0.9638922,0.95456433,0.9571786,0.94893235,0.93263465,0.9593362,0.9562035,0.9345222,0.9737276,0.96255124,0.95777506,0.94056195,0.9508528,0.95981693,0.9408321,0.96098185,0.9642971,0.9606817,0.95773923,0.9611194,0.92475134,0.9658466,0.964832,0.9548654,0.94110715,0.9383993,0.9448868,0.94473875,0.93499225,0.95958686,0.9582959,0.9638999,0.95352006,0.96108824,0.9516021,0.94218487,0.9584249,0.95076215,0.93957293,0.9492527,0.94814223,0.9452991,0.96972585,0.648646,0.9417959,0.949208,0.9526379,0.94579834,0.9212224,0.9582786,0.93865186,0.9515541,0.96443635,0.9466313,0.95481163,0.9438715,0.9597582,0.9485025,0.948862,0.9585357,0.9376515,0.96231216,0.9550259,0.96972585,0.96470094,0.9561152,0.96147966,0.97215414,0.9467665,0.95139796,0.9298637,0.94228494,0.9641037,0.9681036,0.9370145,0.9589964,0.93619365,0.9625788,0.9556764,0.9591655,0.953788,0.9336727,0.96239376,0.8271895,0.9573195,0.8923907,0.9540538,0.9661022,0.9746661,0.9625118,0.9711287,0.9490893,0.9396656,0.95147955,0.95805466,0.95120406,0.95826185,0.9620345,0.95169616,0.95402807,0.9495623,0.94107866,0.965513,0.94691515,0.95551056,0.94005746,0.95219547,0.9502602,0.9535713,0.9533755,0.9646455,0.9516614,0.9785126,0.9600742,0.95134246,0.95143574,0.9476422,0.949365,0.9517047,0.9578883,0.9455817,0.96388173,0.9550566,0.9579777,0.9604381,0.90134543,0.93839085,0.9579141,0.9549705,0.9690309,0.95204777,0.9454486,0.9785126,0.9414423,0.9706286,0.9599114,0.9517108
arcticdogsmovie,0.9565448,0.9722962,0.9566828,0.95186293,0.95566714,0.9612751,0.95633143,0.9534321,0.9802741,0.9355238,0.948448,0.9281587,0.9557843,0.9621994,0.97239554,0.9999999,0.9536461,0.9527386,0.9465443,0.96135604,0.95295244,0.95940584,0.9626243,0.9497112,0.9389611,0.8311164,0.95382047,0.95945686,0.96414524,0.9601583,0.95666987,0.9400801,0.9268904,0.9603427,0.94941986,0.922438,0.96355325,0.9647076,0.96135455,0.94096345,0.949266,0.9588255,0.94023514,0.96006405,0.9604317,0.951907,0.9621204,0.9521323,0.9172106,0.96725315,0.9642933,0.946434,0.946775,0.9468986,0.9445456,0.9436749,0.9268306,0.94970864,0.9552826,0.9619699,0.94512504,0.96164435,0.95221436,0.95253336,0.94991904,0.9433384,0.937873,0.9499491,0.9514503,0.9529832,0.9671454,0.6489095,0.93123204,0.94612867,0.93851304,0.9445822,0.9118781,0.9571218,0.9411326,0.95396626,0.96303034,0.94659364,0.96169746,0.92621136,0.96739286,0.9542142,0.94490784,0.94788575,0.94045854,0.96431345,0.95865256,0.9671454,0.95641625,0.95090187,0.9547336,0.96129286,0.9538881,0.9576512,0.93922085,0.94539934,0.9585178,0.9605459,0.94479406,0.9619157,0.94095206,0.96332264,0.95040995,0.9690664,0.94643986,0.9228096,0.9572452,0.8017331,0.9544417,0.8868358,0.9483672,0.9643061,0.96870726,0.9520835,0.9675525,0.95649046,0.9477821,0.95412827,0.9569867,0.9544686,0.95853835,0.96206355,0.9457761,0.9558098,0.9514505,0.93330044,0.9658479,0.95850945,0.96081465,0.92984754,0.9484956,0.9604249,0.94993496,0.94380337,0.9585332,0.95479584,0.9802741,0.9615431,0.95005184,0.95050704,0.94842285,0.93944836,0.94589967,0.95634514,0.9573125,0.95489043,0.9541001,0.9538739,0.95859313,0.9117836,0.92922205,0.95646363,0.9584853,0.9667552,0.94383156,0.94368017,0.9802741,0.9253325,0.9677375,0.96078527,0.9501005
arcticmovie,0.96082646,0.9576714,0.94693035,0.94522405,0.95963436,0.9510028,0.95089144,0.94499815,0.97068274,0.93246794,0.9470838,0.9265513,0.9467811,0.9428872,0.9534092,0.9536461,0.99999976,0.9678024,0.94797766,0.9612681,0.9475228,0.9497082,0.9453946,0.9611208,0.9399983,0.85609233,0.9607787,0.97602713,0.9540702,0.940477,0.9544941,0.93765295,0.92925215,0.9350859,0.9563801,0.9044997,0.9379125,0.95802635,0.9517619,0.9320283,0.9458046,0.9538996,0.9430913,0.9576069,0.94862926,0.96476024,0.9559759,0.94947255,0.9068217,0.9610301,0.9488775,0.945845,0.9250959,0.9515554,0.9122319,0.9597637,0.92750865,0.9468257,0.9506474,0.95422643,0.9584336,0.95862406,0.9519142,0.93957716,0.93213034,0.95756453,0.94136655,0.9457167,0.9431508,0.9273136,0.9545913,0.6342344,0.92466855,0.9495721,0.9271141,0.9481687,0.9086486,0.9385692,0.9397149,0.9594906,0.9432951,0.9504877,0.9544007,0.943321,0.9472796,0.93793225,0.943291,0.9406876,0.93843937,0.9554607,0.9523892,0.9545913,0.9515824,0.92937016,0.939862,0.9470941,0.9453053,0.94796973,0.9300193,0.9213982,0.9593356,0.9535725,0.93925315,0.9571649,0.93845034,0.94841194,0.95766664,0.94589,0.9270703,0.93061036,0.9418048,0.81925404,0.9585531,0.88822955,0.9350618,0.95504755,0.9684047,0.9542137,0.95476055,0.95132196,0.9565051,0.94664437,0.93249,0.94720334,0.95202214,0.9587067,0.9316786,0.9537337,0.9621425,0.93425196,0.9612991,0.9454545,0.98622966,0.94515735,0.9525543,0.9336563,0.95321405,0.9516768,0.95484424,0.9584853,0.97068274,0.9466734,0.941358,0.9469745,0.94073766,0.9354765,0.9319459,0.94851357,0.9504881,0.95792186,0.9539232,0.9535157,0.95574546,0.90805244,0.9286606,0.94687784,0.9314101,0.9616554,0.94633436,0.94634676,0.97068274,0.9316484,0.954886,0.94575703,0.95024157
artofracingmovie,0.9660489,0.9628561,0.9513322,0.943746,0.9786616,0.9462294,0.94662446,0.93986255,0.9722038,0.94374967,0.94074905,0.9190303,0.95089483,0.9473701,0.9577025,0.9527386,0.9678024,0.9999997,0.951262,0.9489935,0.94129413,0.95540684,0.94297564,0.9693433,0.93181485,0.8483985,0.97192234,0.9561673,0.9501484,0.9484057,0.9479209,0.9457481,0.94235706,0.9384787,0.94912946,0.91253585,0.9460058,0.94997966,0.9503954,0.94479156,0.9488052,0.94433504,0.9263101,0.9509121,0.9581424,0.959141,0.95538443,0.9584394,0.9241654,0.95362556,0.9481029,0.94970715,0.920129,0.93983924,0.91475105,0.97759026,0.9380445,0.94598526,0.9465399,0.95143265,0.95169485,0.95745087,0.9475413,0.94160634,0.94413155,0.94831353,0.9370058,0.9489657,0.9374291,0.9344243,0.95702714,0.63236475,0.94133353,0.9464744,0.9413883,0.9407697,0.8969794,0.94869167,0.9444636,0.95704865,0.9417307,0.9364718,0.96224606,0.9409426,0.9493952,0.94707054,0.9326882,0.94341177,0.9453924,0.94389766,0.9622482,0.95702714,0.9466183,0.9362824,0.9453697,0.9456324,0.93188053,0.94606787,0.91951007,0.9320492,0.95323646,0.9492878,0.935212,0.9549285,0.9450758,0.9508026,0.96705,0.9490401,0.9175503,0.94186467,0.94610816,0.81660783,0.9723071,0.89449704,0.9481082,0.95222473,0.96683747,0.9562899,0.95443356,0.9441237,0.96155477,0.9491893,0.94201976,0.9424708,0.951719,0.9451391,0.9391044,0.9511463,0.9539402,0.9206935,0.9596666,0.9683781,0.9592821,0.9353191,0.9577734,0.9405031,0.95744693,0.9510218,0.9528792,0.96828204,0.9722038,0.95223093,0.94311804,0.94585055,0.9448757,0.9429007,0.9369986,0.9436625,0.94838697,0.9560537,0.9486293,0.94514644,0.9543312,0.9085792,0.93091416,0.9421781,0.94092,0.961766,0.956945,0.9608826,0.9722038,0.9448509,0.9591619,0.9491466,0.9486583
avengers,0.98081964,0.9460589,0.96103346,0.9480024,0.951287,0.9473509,0.95550954,0.9478744,0.9750062,0.945243,0.9464423,0.93251455,0.9595716,0.9539913,0.9587893,0.9465443,0.94797766,0.951262,0.99999976,0.94915557,0.9539043,0.9654746,0.9411654,0.95820576,0.95628726,0.85082066,0.95641124,0.9582611,0.9574288,0.9436273,0.96372324,0.9491084,0.9266155,0.9441519,0.9617309,0.93580025,0.94753134,0.9645326,0.95674664,0.9347196,0.95812887,0.95068234,0.9334382,0.9546202,0.96285963,0.96185064,0.94729394,0.9634141,0.92359,0.95262194,0.962537,0.9531348,0.9425456,0.9519006,0.9235006,0.9400332,0.94316465,0.96432906,0.94952303,0.96278006,0.95297456,0.9591088,0.95515907,0.94907236,0.9495126,0.9578794,0.943678,0.94483787,0.9528602,0.9464582,0.96353763,0.64069474,0.9460484,0.9534877,0.9499151,0.9592224,0.93135065,0.94606954,0.9383534,0.9480537,0.9543221,0.9487631,0.9624243,0.9544202,0.95634985,0.94038045,0.95089984,0.956687,0.9490981,0.96771586,0.9490533,0.96353763,0.9574556,0.9415532,0.95861626,0.9458617,0.9533162,0.95659786,0.9266931,0.9384454,0.95129853,0.9614083,0.94195336,0.9671512,0.9517661,0.9624597,0.9609991,0.95699143,0.94116706,0.93534446,0.9641874,0.81846964,0.9669813,0.9112389,0.9516972,0.96666646,0.97515196,0.96604913,0.965606,0.9584695,0.9387514,0.955734,0.9467332,0.9417681,0.9480639,0.95128363,0.95605505,0.9582134,0.9489553,0.94103014,0.95382124,0.93363184,0.95876503,0.92065316,0.9613478,0.9466597,0.962841,0.9541458,0.95967054,0.9621666,0.9750062,0.95830035,0.9579502,0.9489894,0.9349879,0.95752573,0.940473,0.9645873,0.9501526,0.9647111,0.9570243,0.94426155,0.96044576,0.9276481,0.9452603,0.94785976,0.92907745,0.96270394,0.95372045,0.94489956,0.9750062,0.9435668,0.9592039,0.94769144,0.9604857
beachbummovie,0.9586112,0.95546573,0.9492065,0.9332724,0.95759046,0.9434698,0.9556667,0.94471425,0.9686896,0.9281355,0.9443978,0.9285732,0.9427242,0.9503009,0.96901953,0.96135604,0.9612681,0.9489935,0.94915557,1.0000001,0.9442792,0.9499582,0.94433635,0.9470449,0.9478862,0.8370602,0.9470235,0.95932186,0.94878834,0.9381287,0.9437263,0.94536483,0.93557936,0.94267476,0.9434657,0.9126297,0.9565095,0.95373845,0.9555163,0.93496996,0.9351361,0.9550296,0.93631077,0.95692825,0.950937,0.9528777,0.9469707,0.95219624,0.91859615,0.95998734,0.951644,0.9457958,0.93193597,0.93436766,0.91923916,0.9401131,0.9316009,0.9425568,0.95182055,0.95460683,0.94775736,0.9570429,0.94750255,0.94476086,0.9489848,0.9495798,0.9330944,0.94024634,0.9456386,0.9543179,0.96071,0.6563628,0.93169385,0.93507457,0.9331696,0.94750065,0.90420467,0.94642854,0.9336985,0.9547895,0.94730145,0.95282114,0.9580605,0.92871696,0.9557166,0.931786,0.946441,0.9435263,0.93187606,0.96295446,0.9406696,0.96071,0.95152885,0.93327665,0.94762737,0.9477122,0.94536215,0.96105886,0.93679875,0.9346001,0.9497768,0.9642531,0.94947994,0.9541652,0.9379285,0.9499445,0.94382876,0.9530233,0.94710666,0.92253065,0.94529015,0.8249747,0.9481411,0.8951038,0.94213897,0.95285356,0.9639492,0.9494291,0.95706284,0.949484,0.9344329,0.94195294,0.9347975,0.95211166,0.937846,0.95565367,0.94466525,0.9439889,0.943921,0.9371674,0.95900345,0.93279,0.9603506,0.91792095,0.9396971,0.9327875,0.9416555,0.94719565,0.96200836,0.9528491,0.9686896,0.95079416,0.9396602,0.9435427,0.9360165,0.9423526,0.9293793,0.94915116,0.94744796,0.952057,0.96036613,0.9525805,0.95339435,0.8883256,0.9375061,0.9472866,0.92879575,0.9643031,0.93675643,0.9418519,0.9686896,0.92915946,0.95415103,0.9421362,0.94533384
bernadettefilm,0.96201354,0.9459681,0.95823395,0.9447476,0.9504441,0.9510818,0.96195793,0.9550181,0.97948056,0.9370519,0.949778,0.9497408,0.96459514,0.9608188,0.95874566,0.95295244,0.9475228,0.94129413,0.9539043,0.9442792,1.0,0.96344787,0.95308113,0.9530147,0.9483105,0.86664003,0.96701723,0.9577715,0.96535873,0.956312,0.9552333,0.9509321,0.9424324,0.9618674,0.9533184,0.94683653,0.96435344,0.95739985,0.96049976,0.9616851,0.9653895,0.9684568,0.9400896,0.96839255,0.96291286,0.9640302,0.9500219,0.9609245,0.93580645,0.9681348,0.96608174,0.9576943,0.947767,0.9488422,0.9384744,0.9468841,0.95095336,0.96263766,0.9619213,0.96279097,0.9522392,0.9676757,0.9617769,0.9524579,0.9589522,0.9513455,0.93069977,0.94480807,0.96098703,0.9502991,0.96250933,0.65068066,0.95970327,0.9533923,0.9527743,0.9481857,0.9154201,0.9528055,0.9521971,0.96207595,0.962328,0.9600572,0.95943534,0.9520878,0.9566442,0.95927894,0.94934225,0.965149,0.95109427,0.9662671,0.948713,0.96250933,0.9615857,0.9570211,0.9687836,0.9516628,0.95777214,0.96105915,0.9469834,0.9389834,0.9642053,0.9632453,0.94713056,0.9646014,0.95311016,0.96212745,0.95927435,0.9601057,0.9535976,0.9461844,0.9674944,0.84324574,0.9699715,0.9238151,0.9624214,0.96195287,0.96813244,0.96491325,0.96753126,0.96492636,0.93211323,0.9546049,0.95782673,0.9418472,0.9687477,0.964528,0.9562458,0.95452017,0.9645078,0.9373334,0.9778667,0.9475541,0.9577044,0.9133689,0.9647928,0.94878095,0.9586503,0.9389072,0.9539236,0.95730656,0.97948056,0.96850425,0.9699588,0.9577537,0.9418772,0.95795226,0.95115304,0.965128,0.9555945,0.95527434,0.95608974,0.95475715,0.9645991,0.89007246,0.9511147,0.9600407,0.9451401,0.96485025,0.96930844,0.9541232,0.97948056,0.9398813,0.964316,0.9669201,0.95813227
