movie,21bridgesmovie,47metersdown,abeautifuldaymovie,abominablemovie,adastramovie,adogsjourneymovie,aftermathmovie,aftermovie,ahiddenlifefilm,alitamovie,angelhasfallen,angrybirdsmovie,annabellemovie,annamovie,apollo11movie,arcticdogsmovie,arcticmovie,artofracingmovie,avengers,beachbummovie,bernadettefilm,blackandbluemovie,blackchristmas,blindedbythelightmovie,bombshellmovie,booksmart,breakthroughmovie,brianbanksmovie,brightburnmovie,brittanyrunsmov,captainmarvelofficial,captivestatemovie,catsmovie,charliesangels,childsplaymovie,clarathefilm,coldpursuitmovie,countdown,currentwarmovie,darkwatersmovie,detectivepikachumovie,disneyaladdin,disneyfrozen,disneymaleficent,doctorsleepmovie,dolemiteismyname,dontletgomovie,doramovie,downtonabbey_official,dumbo,escaperoom,everybodyknowsmovie,fastandfuriousmovie,fightingwmyfam,fivefeetapartfilm,fordvferrari,freaksthefilm,geminimanmovie,glassmovie,gloriabellmovie,godzillamovie,goldfinchmovie,goodboysmovie,goodliarmovie,gretafilm,halathemovie,happydeathdaymovie,harrietfilm,hellboymovie,hersmellmovie,highlifemovie,highstrungmovie,honeyboymovie,hotelmumbaifilm,httydragon,hustlemovie,hustlersmovie,isntitromantic,itmovieofficial,jayandsilentbob,johnwickmovie,jojorabbitmovie,jokermovie,judythefilm,jumanjimovie,justmercyfilm,knivesout,lalloronamovie,lastblackmansf,lastchristmasthemovie,latenightmovie,lighthousemovie,lionking,littlethemovie,littlewomenmovie,littlewoodsfilm,longshotmovie,lordsofchaosmovie,lucyintheskyfilm,mamovie2019,marriagestory,meettheaddams,meninblack,midsommarmovie,midwaymovie,missbalamovie,missinglinkfilm,motherlessbklyn,onceinhollywood,onthebasisofsex,overcomermovie,peanutbutterfalcon,petsematarymovie,piercingmovie,playingwithfire,playmobilthemovie,pomsmovie,queenandslim,rambomovie,readyornotfilm,richardjewellfilm,rocketmanmovie,scarystoriesmovie,secretlifeofpets,serenityfilm,shaftmovie,shazammovie,spidermanmovie,spiesindisguise,starwars,stormboymovie,stubermovie,taosdfilm,teenspiritmov,terminator,theaeronautsmov,thebestofenemies,thedeaddontdie,thefarewell,thehighwaymen,thehummingbirdprojectfilm,theintrudermovie,theirishmanfilm,thekitchenmovie,thelegomovie,themustangfilm,thenightingalefilm,theprodigymovie,thesunisalsoastar,theupsidefilm,tolkienmovie,toystory,triplefrontier,uglydolls,uncutgems,underthesilverlake,usmovie,wavesmovie,whatmenwant,wonderparkmovie,wrinklestheclown,xmenmovies,yardiefilm,yesterdaymovie,zombieland
21bridgesmovie,1.0,0.96436495,0.97430474,0.95915157,0.96642244,0.9593265,0.9776485,0.9713797,0.98428065,0.9688219,0.97204185,0.9486313,0.96224934,0.9643695,0.96605843,0.96534884,0.9562573,0.95868355,0.9856085,0.96209157,0.94787675,0.96110654,0.98190516,0.96566117,0.96429706,0.79421794,0.95782644,0.9598967,0.97053367,0.95921224,0.96569955,0.9684386,0.9425707,0.95539993,0.946269,0.91240865,0.9807335,0.97156215,0.96230704,0.94529074,0.95315385,0.973595,0.94126993,0.97020346,0.9671618,0.96506125,0.9744179,0.96891207,0.92222744,0.9716097,0.97268414,0.95993584,0.9615452,0.9671034,0.92986345,0.97129893,0.95845246,0.9685357,0.95978624,0.96664137,0.94888,0.9706805,0.96513546,0.95741594,0.9586882,0.9598292,0.95931363,0.9527891,0.96973497,0.9587727,0.96319085,0.4779088,0.95031697,0.96944606,0.9645957,0.9319557,0.88539076,0.9400639,0.9624897,0.953167,0.9649774,0.96287453,0.95969313,0.9535429,0.96815467,0.9450784,0.9647699,0.9654685,0.95460045,0.9609029,0.96812874,0.96319085,0.9771978,0.95776725,0.96849245,0.9768373,0.96855706,0.96981454,0.96288687,0.97578615,0.9672867,0.9691576,0.9431674,0.95912904,0.96643627,0.975776,0.9613797,0.9515079,0.96103203,0.9464762,0.9642421,0.73919195,0.9628884,0.8925353,0.96728915,0.9746308,0.99233544,0.95757836,0.9607436,0.96950716,0.9499744,0.9732306,0.9566003,0.9529431,0.9685893,0.9625641,0.9580568,0.9769543,0.9671218,0.9318663,0.9656747,0.9609953,0.96969473,0.9452456,0.9578724,0.9694287,0.9721639,0.94230795,0.95341206,0.94383556,0.98428065,0.9685394,0.94381946,0.9524681,0.96029705,0.9557509,0.93911177,0.95954937,0.9590022,0.9726801,0.9750478,0.9603496,0.96019894,0.93335503,0.96381253,0.95267004,0.9583641,0.9569861,0.9552406,0.94682294,0.98428065,0.9541307,0.96118736,0.9797602,0.96549076
47metersdown,0.96436495,0.9999999,0.97064567,0.9480742,0.95454746,0.946389,0.9628308,0.9591382,0.9751087,0.9675532,0.9686395,0.9540213,0.96151936,0.95703954,0.9521602,0.9657674,0.93711424,0.9520138,0.95818406,0.94270754,0.94406027,0.9508607,0.97070724,0.9559131,0.92685074,0.7147609,0.9427859,0.9532219,0.9654833,0.9564774,0.9611561,0.9627365,0.94732094,0.9455329,0.9322468,0.89719313,0.9598989,0.9501115,0.9562477,0.93762285,0.9552729,0.9641252,0.9497597,0.97243536,0.9526578,0.9612895,0.9609463,0.9457566,0.9064416,0.97407836,0.9593803,0.94575226,0.9487448,0.9441289,0.9030311,0.9560664,0.9464861,0.9690747,0.9498577,0.96040535,0.95113254,0.9561823,0.94265336,0.9508568,0.93899184,0.9630565,0.94845706,0.9421406,0.9597746,0.94506615,0.9636034,0.41049832,0.9400142,0.960772,0.9569799,0.93647593,0.8733061,0.9335513,0.96246076,0.97022694,0.97032464,0.94880277,0.95393294,0.9477015,0.97102785,0.9236038,0.9563004,0.95948255,0.940643,0.95616144,0.9570689,0.9636034,0.94852185,0.9513029,0.9427012,0.95835114,0.9442902,0.9475064,0.94732517,0.9595265,0.9473966,0.9501468,0.9405804,0.94633025,0.9688231,0.96608096,0.95853156,0.93382704,0.9268429,0.9293543,0.94570243,0.6818992,0.95868856,0.8563056,0.96220005,0.95127434,0.96360695,0.9424079,0.9605227,0.95595396,0.93695104,0.96446157,0.9341551,0.9457153,0.96540254,0.94512457,0.9464663,0.95261806,0.9606266,0.9394523,0.9600772,0.9568201,0.9509429,0.92939836,0.95971996,0.96074027,0.95833325,0.91486883,0.96845275,0.94242233,0.9751087,0.9607208,0.9245801,0.94264036,0.95630985,0.94184136,0.91134197,0.94757664,0.9445334,0.9626392,0.967378,0.9668327,0.95240045,0.906096,0.9648968,0.9467404,0.9488891,0.9615315,0.9646278,0.93656236,0.9751087,0.945822,0.9523098,0.9689041,0.95793813
abeautifuldaymovie,0.97430474,0.97064567,1.0,0.9641475,0.96030325,0.9508301,0.96362305,0.96962875,0.9851415,0.96560836,0.9685209,0.9580283,0.9685436,0.9600119,0.96289265,0.9579929,0.95214474,0.9582286,0.9698826,0.96735936,0.95286334,0.9805318,0.9823786,0.97336227,0.9659085,0.7832941,0.9475615,0.96014106,0.9840681,0.97214514,0.9666234,0.9733214,0.9577283,0.9670281,0.9598996,0.93241876,0.9785389,0.9700443,0.96029633,0.946316,0.9608628,0.97323257,0.9446652,0.9755974,0.96996266,0.98047924,0.97837245,0.95656174,0.9181978,0.97409254,0.9739706,0.95965064,0.95890677,0.95879585,0.92391366,0.9514042,0.94778794,0.9740287,0.9634436,0.96369696,0.9544828,0.97096616,0.95989645,0.9652021,0.95679486,0.96795833,0.9576632,0.95346934,0.96420354,0.95084524,0.9698106,0.47836572,0.95239806,0.9631557,0.95862037,0.9407805,0.9086853,0.93175894,0.96881264,0.9583454,0.97768587,0.95114744,0.9736297,0.9635956,0.9704342,0.9468093,0.9631906,0.9675045,0.9694616,0.9703463,0.97425914,0.9698106,0.96250695,0.96234053,0.9681224,0.9653862,0.9656766,0.9664832,0.9560992,0.9704427,0.9711156,0.9740247,0.95455503,0.96789855,0.96055394,0.9792206,0.9684164,0.95439446,0.9591277,0.9403253,0.9587988,0.7299435,0.9657037,0.8830987,0.9561623,0.96105915,0.97959,0.94953954,0.97467107,0.9548189,0.9540912,0.97302556,0.9561372,0.9580462,0.9739434,0.96171165,0.96785516,0.9738625,0.9575575,0.93614906,0.9696185,0.9590103,0.96470106,0.94849855,0.9558749,0.9817421,0.9635318,0.94262534,0.9649906,0.95293474,0.9851415,0.9755,0.9467894,0.95643103,0.9674437,0.95728755,0.93617797,0.9629965,0.96635324,0.96714383,0.96668804,0.9792877,0.9640886,0.93440443,0.9554435,0.9532228,0.9644681,0.9722758,0.9662352,0.9420799,0.9851415,0.95636714,0.9639102,0.9798099,0.9640797
abominablemovie,0.95915157,0.9480742,0.9641475,1.0000001,0.9516654,0.91831845,0.95598316,0.95118415,0.97200423,0.9558554,0.94757515,0.93347585,0.956386,0.962826,0.9586452,0.94770306,0.94307464,0.94414973,0.9585683,0.95586634,0.951074,0.9573325,0.96238893,0.9578181,0.9536304,0.7684252,0.9487734,0.9701064,0.95575494,0.9400516,0.9658635,0.9622122,0.9459187,0.9352899,0.9197424,0.8950588,0.9628991,0.962186,0.947533,0.9613568,0.9548982,0.95639473,0.9213276,0.9609219,0.9578838,0.96032864,0.96178716,0.951531,0.90021163,0.95990115,0.9466649,0.95969796,0.929468,0.94570374,0.9193657,0.94280434,0.94258606,0.94928855,0.97393954,0.94731927,0.9193298,0.960591,0.9438802,0.96001303,0.95431936,0.9615406,0.9320007,0.95272416,0.95787823,0.95166457,0.95043415,0.44390094,0.92221516,0.9746222,0.94061905,0.93306327,0.8733991,0.92392963,0.9561832,0.94435704,0.95339775,0.95393074,0.9614919,0.93384683,0.9581217,0.94538665,0.93704027,0.9541915,0.9601933,0.9366007,0.9525752,0.95043415,0.94648224,0.9483691,0.94021696,0.9665018,0.9429993,0.95576775,0.9381852,0.959883,0.9591697,0.95455045,0.9371908,0.953426,0.95487994,0.95345545,0.9621187,0.94121003,0.9348724,0.9558302,0.9492165,0.71710396,0.94876355,0.868552,0.9565332,0.93035096,0.9648377,0.954623,0.9554601,0.9493103,0.9551671,0.96562916,0.93171865,0.92277074,0.9544415,0.96395636,0.94496423,0.94508976,0.95962036,0.887769,0.9596008,0.9523944,0.95859945,0.92985404,0.9426126,0.9461006,0.93665713,0.94868386,0.94623977,0.94814795,0.97200423,0.9630073,0.9358475,0.95147985,0.9406964,0.932481,0.92647934,0.93910116,0.95212185,0.9398918,0.9429145,0.9552512,0.9562434,0.89677614,0.93473804,0.93665713,0.93766767,0.94606316,0.9392575,0.9294018,0.97200423,0.93269634,0.9595744,0.94980484,0.94541854
adastramovie,0.96642244,0.95454746,0.96030325,0.9516654,0.99999994,0.9468527,0.9688084,0.9645991,0.98024434,0.98011345,0.94955915,0.92948383,0.9635365,0.97098094,0.96093357,0.96305054,0.94878554,0.97479635,0.977209,0.96585107,0.96184576,0.9609849,0.9736938,0.9664467,0.9632708,0.7938807,0.971201,0.95830303,0.9647899,0.95801467,0.9765857,0.9684522,0.9565145,0.9318364,0.933532,0.9203737,0.96547765,0.9569758,0.96532995,0.95637006,0.9596265,0.96267134,0.9439855,0.9670659,0.9604787,0.96681386,0.9639787,0.9603928,0.93433094,0.96773255,0.9566456,0.96433,0.9449986,0.9559433,0.9320867,0.9887387,0.95064443,0.9654187,0.96669793,0.95987105,0.9475184,0.9745056,0.95993835,0.9620817,0.95839703,0.9700718,0.94519997,0.95553493,0.9689054,0.93829656,0.9671723,0.509744,0.95722073,0.963342,0.96124095,0.9442414,0.87822133,0.94785255,0.96941054,0.9388907,0.9522098,0.964774,0.96461576,0.96186376,0.9550836,0.95902586,0.93305063,0.97152597,0.95385075,0.959398,0.96226245,0.9671723,0.9478259,0.95960057,0.93977743,0.9582369,0.96092814,0.9799927,0.9444002,0.9632179,0.9639325,0.9757802,0.9553999,0.9536103,0.9666473,0.9585247,0.9730304,0.9490949,0.93597394,0.9521173,0.9705029,0.73586136,0.9514194,0.9265919,0.9633233,0.95009977,0.96965575,0.9588957,0.9754543,0.9639574,0.9568198,0.9594869,0.9721845,0.93560916,0.9653259,0.9636469,0.9678659,0.9641396,0.9800144,0.91816735,0.9717163,0.9834494,0.9675879,0.93619853,0.9547412,0.9642899,0.9544082,0.9559247,0.95842284,0.9523371,0.98024434,0.9606364,0.9513257,0.94224095,0.9586381,0.9568899,0.9611627,0.96568125,0.9589646,0.9556767,0.9697866,0.95473325,0.96238667,0.9174686,0.9560619,0.96119124,0.94660157,0.9593843,0.9526929,0.9366304,0.98024434,0.9815947,0.9590948,0.97088224,0.953642
adogsjourneymovie,0.9593265,0.946389,0.9508301,0.91831845,0.9468527,1.0000001,0.9460483,0.94903034,0.960611,0.9469517,0.95859504,0.9344488,0.93093675,0.93406206,0.939961,0.9252175,0.92697185,0.9446443,0.963843,0.93489534,0.9400726,0.94685656,0.969151,0.9481526,0.93713045,0.77156174,0.94096285,0.92867404,0.94929266,0.9359138,0.94700897,0.9247417,0.93361914,0.9369521,0.9402158,0.89668053,0.95169306,0.9344495,0.9551192,0.90949625,0.93913907,0.9539929,0.92504257,0.94791687,0.9393705,0.9437997,0.9649638,0.9467305,0.92100555,0.9490945,0.95302373,0.93469167,0.9331362,0.9507223,0.90612113,0.95779556,0.93696845,0.9540025,0.9157055,0.9422183,0.9293156,0.9484004,0.9330566,0.9246926,0.93052775,0.94381064,0.94264084,0.93272144,0.93387574,0.93282324,0.9305318,0.44506365,0.9268036,0.94490373,0.9686799,0.9301993,0.8618909,0.9294722,0.9315414,0.94225883,0.94865555,0.93606627,0.92722976,0.9585688,0.943179,0.90822375,0.9319231,0.94104517,0.924407,0.9417127,0.9482357,0.9305318,0.9398203,0.9272062,0.93924147,0.9506865,0.9352561,0.92485255,0.95546246,0.96489537,0.92397004,0.95534503,0.9371135,0.93161803,0.9331485,0.95373225,0.9323157,0.89862126,0.9254185,0.920767,0.9455127,0.7011086,0.9353139,0.8642488,0.94660807,0.955578,0.9540643,0.9489901,0.94527304,0.9390703,0.91243035,0.9425663,0.93736804,0.9504831,0.948702,0.9406025,0.95637953,0.9514436,0.94665796,0.9371309,0.94753104,0.94861776,0.94552386,0.90591717,0.9363631,0.9506679,0.96097994,0.9168211,0.93979716,0.90860707,0.960611,0.9445888,0.90048224,0.91557425,0.9310191,0.9297224,0.91005254,0.9491883,0.9212583,0.9478249,0.95151854,0.9402358,0.9339478,0.91765296,0.93139637,0.9193136,0.9418129,0.9310792,0.9359473,0.92186743,0.960611,0.95690143,0.9359731,0.971263,0.940294
aftermathmovie,0.9776485,0.9628308,0.96362305,0.95598316,0.9688084,0.9460483,0.99999994,0.96920866,0.9840381,0.9723067,0.9622166,0.93688315,0.9640755,0.9667585,0.96786433,0.97305644,0.9535747,0.96569306,0.97404003,0.95829517,0.9583276,0.9647388,0.9707052,0.9692493,0.96081805,0.7762503,0.96421117,0.96305126,0.9706308,0.94979435,0.97053134,0.9724665,0.9442975,0.96025676,0.9368239,0.9136134,0.9790325,0.95977217,0.9671608,0.9525458,0.9482591,0.9754232,0.9372765,0.9673669,0.9742389,0.97285676,0.9638527,0.9700377,0.9356982,0.9715429,0.97394985,0.968208,0.9644582,0.96059877,0.9418616,0.96975523,0.9595075,0.97873545,0.96721876,0.96653396,0.95036715,0.9682264,0.9586427,0.9564002,0.9563602,0.96865845,0.96103793,0.96692395,0.97457814,0.9500838,0.97422993,0.45786983,0.9507979,0.97357833,0.9697206,0.947407,0.88187546,0.95781386,0.9695101,0.9499832,0.95819014,0.97711986,0.95939225,0.96580386,0.96340966,0.9591772,0.9540231,0.9714578,0.96369743,0.9659837,0.95389086,0.97422993,0.96244526,0.9629341,0.9661248,0.9689861,0.96015763,0.96957844,0.9735385,0.96635807,0.97179395,0.96087795,0.954424,0.9684204,0.96869695,0.97142804,0.9691221,0.95208704,0.95342046,0.95668274,0.9701947,0.72802633,0.97253406,0.90384346,0.9687812,0.9603794,0.97484607,0.9527697,0.9711281,0.9928965,0.94732106,0.97261804,0.9666484,0.9440525,0.970184,0.97460437,0.96334445,0.9739864,0.96581113,0.9237691,0.9662627,0.96767795,0.97544104,0.9492396,0.9699037,0.9596294,0.95465493,0.95107496,0.9613599,0.9620595,0.9840381,0.97475344,0.94618225,0.95216006,0.95126075,0.96421176,0.9451652,0.9475002,0.95886767,0.95910805,0.9877777,0.95952666,0.96919966,0.9276736,0.9689793,0.96230865,0.95833105,0.96506774,0.9648856,0.95673054,0.9840381,0.958072,0.95166117,0.97403264,0.9695319
aftermovie,0.9713797,0.9591382,0.96962875,0.95118415,0.9645991,0.94903034,0.96920866,0.99999994,0.9816476,0.96984863,0.95288396,0.9646244,0.9590567,0.96513635,0.96151567,0.95847034,0.95736325,0.97288334,0.97226876,0.9621425,0.962222,0.96865535,0.97133654,0.9729909,0.95960313,0.79723096,0.9540072,0.9497144,0.9745988,0.9679808,0.97327113,0.96416384,0.95595574,0.9612618,0.9375402,0.9206713,0.97606516,0.95681095,0.9711397,0.9581857,0.9631263,0.9773551,0.9578351,0.98074603,0.96899855,0.98048025,0.96877635,0.95894945,0.9361076,0.98031676,0.9768445,0.96686834,0.94664854,0.9568388,0.93267226,0.96121186,0.9583959,0.9650789,0.97006786,0.9673063,0.94330466,0.97175694,0.96765924,0.95900303,0.9608124,0.9575239,0.9550121,0.9556576,0.9549627,0.96470064,0.970224,0.44954532,0.9440287,0.9617033,0.9568838,0.9561017,0.8715173,0.95132345,0.9667887,0.9584785,0.95154655,0.96378815,0.9633331,0.9593056,0.9740959,0.9444351,0.9464803,0.96850836,0.95864683,0.9657688,0.95837045,0.970224,0.9620797,0.9682539,0.9659326,0.9605081,0.95608324,0.9660405,0.9579585,0.9591191,0.9705971,0.9701328,0.96292025,0.9602618,0.96061695,0.97742444,0.9685068,0.95096976,0.94455206,0.95028913,0.9645992,0.7268803,0.95853984,0.8900552,0.9632987,0.96009135,0.975315,0.9486598,0.9585038,0.96237516,0.9543631,0.96259224,0.9557088,0.94173014,0.97244036,0.9750628,0.953987,0.97889817,0.9687967,0.9518468,0.9704057,0.9684182,0.9657069,0.9381742,0.952842,0.96977067,0.9511093,0.9512122,0.9683582,0.96252847,0.9816476,0.97079873,0.9534774,0.9496601,0.9618246,0.96246475,0.93881994,0.94582343,0.95793176,0.96715844,0.9660592,0.961441,0.9660806,0.9031836,0.9587464,0.95607454,0.9590254,0.96484566,0.9696765,0.9479117,0.9816476,0.9588575,0.9540103,0.9698033,0.96822083
ahiddenlifefilm,0.98428065,0.9751087,0.9851415,0.97200423,0.98024434,0.960611,0.9840381,0.9816476,0.9999999,0.981851,0.9749972,0.96286863,0.97935015,0.98533547,0.9807107,0.9806608,0.9732914,0.9801553,0.98224777,0.9773709,0.9759227,0.97852355,0.98827845,0.9831014,0.972079,0.8005412,0.9737105,0.9805001,0.9851632,0.97667044,0.9822342,0.9827403,0.9725865,0.96344936,0.9551797,0.9312561,0.9892982,0.97459376,0.98312354,0.9695212,0.978218,0.9831606,0.9559105,0.9877506,0.98344326,0.98786646,0.9823525,0.97991556,0.9488447,0.9879654,0.97977245,0.9834791,0.96248597,0.97712994,0.94315636,0.9776056,0.971502,0.9861877,0.97857714,0.97940975,0.96222305,0.9845547,0.9756137,0.9794642,0.9724566,0.9805305,0.9738951,0.97365016,0.9789093,0.9692717,0.98457766,0.48242357,0.9635691,0.98430735,0.9747689,0.96147746,0.8930969,0.9645514,0.9835147,0.97212857,0.9779168,0.98302305,0.982933,0.9693553,0.9789412,0.96981573,0.9723216,0.9870529,0.9745682,0.9797344,0.9786075,0.98457766,0.97611856,0.9801226,0.96964073,0.9804745,0.9776534,0.98437995,0.967684,0.97826356,0.9854441,0.98209655,0.9716647,0.9774844,0.97614884,0.9843329,0.98303205,0.97373426,0.960806,0.9715307,0.98169947,0.7316691,0.979614,0.90758306,0.980157,0.97299856,0.9887257,0.96644837,0.9832958,0.97653216,0.97590524,0.9847875,0.9754141,0.95977217,0.9865303,0.9838508,0.97587574,0.9812449,0.9800861,0.94242066,0.98335516,0.97790474,0.98269546,0.961989,0.97516936,0.98231107,0.9690445,0.96718514,0.97991675,0.9740556,0.9999999,0.9855416,0.9650431,0.97107184,0.97672087,0.9750688,0.95720583,0.97113836,0.9800254,0.9713735,0.9825872,0.97997576,0.9866897,0.9312146,0.97638386,0.9717529,0.965336,0.978305,0.97701585,0.9673879,0.9999999,0.97440547,0.9809058,0.9859264,0.9756315
alitamovie,0.9688219,0.9675532,0.96560836,0.9558554,0.98011345,0.9469517,0.9723067,0.96984863,0.981851,0.99999994,0.9635591,0.9510819,0.95876914,0.9669869,0.969613,0.9586273,0.9541201,0.97696435,0.96631384,0.9700461,0.9650301,0.96510273,0.9733794,0.96478605,0.9584406,0.79563946,0.9706429,0.9664315,0.97281957,0.95375043,0.96750754,0.97742176,0.95870155,0.9565794,0.9309792,0.93005186,0.96833795,0.9620688,0.9706521,0.96314967,0.9551951,0.9738269,0.95474327,0.97940826,0.9601881,0.96845514,0.9668609,0.9663215,0.9365052,0.9791048,0.96504176,0.97122544,0.953172,0.9586156,0.92254037,0.97237444,0.93724275,0.96818894,0.9641739,0.9664951,0.94570166,0.97809964,0.96018904,0.9579227,0.9604774,0.9615594,0.9499439,0.948672,0.9702678,0.9459488,0.9718572,0.5116519,0.9430224,0.9672695,0.9587041,0.9634236,0.87760514,0.9573291,0.97088283,0.95490384,0.96618867,0.96212626,0.9591709,0.9591327,0.95881295,0.9553046,0.94349426,0.965079,0.94907457,0.96480674,0.9649362,0.9718572,0.95615816,0.9567321,0.9524667,0.97354007,0.96700615,0.9720445,0.95849,0.9608116,0.96136385,0.9698935,0.9569365,0.96549493,0.9686883,0.9677359,0.9684748,0.9481805,0.935898,0.9497168,0.9736702,0.7601933,0.9565083,0.91446036,0.9711328,0.95907134,0.97346866,0.9527099,0.96700186,0.96328056,0.9549872,0.97114253,0.96115965,0.93724036,0.9709321,0.958634,0.9571269,0.96435976,0.9708811,0.94156975,0.9693468,0.9717058,0.9578534,0.9446214,0.9557028,0.9623567,0.959008,0.95755345,0.9631691,0.95292765,0.981851,0.96760637,0.9505555,0.945102,0.9651307,0.97415596,0.9673809,0.95698595,0.9574386,0.96747065,0.9710818,0.9701531,0.96847266,0.9268923,0.9580315,0.96657395,0.95348865,0.96890074,0.9566668,0.94077504,0.981851,0.9744029,0.9628009,0.97555465,0.9587234
angelhasfallen,0.97204185,0.9686395,0.9685209,0.94757515,0.94955915,0.95859504,0.9622166,0.95288396,0.9749972,0.9635591,0.9999999,0.9486881,0.9563811,0.96167237,0.96957433,0.95303404,0.9596725,0.946956,0.9575333,0.9541013,0.95634794,0.9511871,0.9762365,0.95940447,0.9476704,0.7736442,0.95249194,0.96725523,0.9661955,0.9402757,0.9476298,0.9584916,0.94480085,0.9432969,0.9319825,0.91454446,0.9693785,0.96133465,0.9661385,0.94026285,0.95947,0.967051,0.9449758,0.97204727,0.950487,0.949401,0.96809196,0.9623588,0.92154396,0.9689464,0.9616604,0.95630324,0.94990945,0.9572091,0.9219018,0.95265317,0.94293463,0.9649905,0.9391029,0.9529862,0.94472486,0.9563068,0.9443735,0.9514224,0.95080745,0.96505445,0.94603825,0.94956195,0.9679034,0.94550437,0.9553444,0.4853303,0.94370383,0.9640538,0.9721903,0.93988925,0.8704404,0.931567,0.9498582,0.9522391,0.97944653,0.94608223,0.9511268,0.9586937,0.9589637,0.94212794,0.9583194,0.95618373,0.9478751,0.9580833,0.95586973,0.9553444,0.95489883,0.94410694,0.95798755,0.9773673,0.97014666,0.9499322,0.9543047,0.9726876,0.9540078,0.9589808,0.9469765,0.95447975,0.9583694,0.96456397,0.9429829,0.9330846,0.950454,0.9400894,0.9604028,0.7337225,0.95046,0.8719568,0.9641005,0.961557,0.97054017,0.9637521,0.9565732,0.95714754,0.93799704,0.96267235,0.94150394,0.94267845,0.9618032,0.9532852,0.9536989,0.9523986,0.95037884,0.9317099,0.9654567,0.9493708,0.9600877,0.9497007,0.9558229,0.954793,0.97053707,0.94015735,0.9544371,0.93903637,0.9749972,0.96239984,0.9238112,0.9346475,0.95317054,0.95188576,0.93418497,0.9548382,0.9405088,0.95841885,0.9660859,0.9596725,0.9500578,0.92886955,0.9618424,0.94464433,0.95196426,0.94683284,0.9516653,0.94174504,0.9749972,0.9434238,0.9583529,0.97256017,0.9488835
angrybirdsmovie,0.9486313,0.9540213,0.9580283,0.93347585,0.92948383,0.9344488,0.93688315,0.9646244,0.96286863,0.9510819,0.9486881,1.0,0.95107347,0.94965285,0.9362928,0.9480029,0.9495937,0.9404773,0.9371527,0.93411386,0.94066817,0.9492812,0.9574556,0.9515807,0.9367601,0.7858541,0.9298499,0.9371803,0.95729977,0.95209557,0.93871623,0.95214146,0.93116224,0.95137936,0.9340984,0.9187984,0.9615551,0.94597596,0.9476086,0.9378946,0.94455814,0.96159154,0.9547274,0.9675735,0.9518896,0.96579725,0.9568383,0.94824356,0.92696697,0.9691566,0.960614,0.95450306,0.92924863,0.9372285,0.8976935,0.92798984,0.9279221,0.952772,0.92848414,0.9585699,0.931072,0.95294064,0.94594455,0.9373592,0.9302339,0.9390167,0.9348729,0.93994045,0.9290376,0.9469513,0.9547608,0.50621206,0.93115354,0.9308127,0.9402441,0.9468912,0.8666014,0.9315766,0.9434981,0.95361036,0.9479394,0.9411506,0.94180083,0.9306211,0.9581254,0.9205973,0.9478981,0.9499668,0.9370816,0.9541266,0.95300245,0.9547608,0.9530588,0.94274646,0.9523106,0.9399468,0.9456467,0.9387651,0.93697,0.93736184,0.9481853,0.9408249,0.93521714,0.94906354,0.944102,0.96999115,0.9455699,0.9328783,0.9362814,0.9266086,0.9383347,0.7289148,0.94908583,0.8700402,0.94425374,0.9551471,0.95910865,0.91776496,0.93960226,0.92898595,0.93469054,0.9497752,0.9226758,0.9426049,0.9568185,0.936958,0.92802423,0.9478353,0.94093263,0.9524301,0.9494504,0.92443216,0.94125295,0.9288368,0.9393351,0.94946617,0.9271931,0.9308151,0.9576011,0.93908733,0.96286863,0.9509522,0.93246037,0.93591446,0.9576226,0.94943637,0.9015705,0.93860036,0.9386403,0.9507199,0.94407535,0.95570314,0.94191945,0.8880933,0.9447473,0.93153447,0.9420208,0.9551625,0.950107,0.9331808,0.96286863,0.9280227,0.94617295,0.9563882,0.9528953
annabellemovie,0.96224934,0.96151936,0.9685436,0.956386,0.9635365,0.93093675,0.9640755,0.9590567,0.97935015,0.95876914,0.9563811,0.95107347,1.0000001,0.9702007,0.9616194,0.97291976,0.9512123,0.95385534,0.9618846,0.9690133,0.951402,0.9555977,0.9651252,0.9651751,0.95201504,0.77836657,0.9536641,0.96727383,0.9697842,0.95679647,0.96687716,0.9747826,0.9522288,0.9499303,0.94051826,0.91901356,0.9683569,0.96853244,0.95758814,0.9536886,0.96204746,0.9702276,0.94344,0.9723588,0.969001,0.97386914,0.9571368,0.9575391,0.93753445,0.97667044,0.95899206,0.9641457,0.93880033,0.94841236,0.9382156,0.96113425,0.96042687,0.9738256,0.95812494,0.96348137,0.9587228,0.9585129,0.95184714,0.9672694,0.9494688,0.96505976,0.9504622,0.9600173,0.9650112,0.9326769,0.96931356,0.49456152,0.95776176,0.96408004,0.9581616,0.94696075,0.89303654,0.9515847,0.9673831,0.9439855,0.9604974,0.97169524,0.97533786,0.9562436,0.97485256,0.9492822,0.9508386,0.98550004,0.95834213,0.96500796,0.95711714,0.96931356,0.9512555,0.95605886,0.9460475,0.95544493,0.9579949,0.9686029,0.9351356,0.9548334,0.9770955,0.95410764,0.9524469,0.95601153,0.9697806,0.96333754,0.9664292,0.9714142,0.9530944,0.95236796,0.95855135,0.7224535,0.96032554,0.912648,0.9537411,0.95471066,0.96840096,0.93791515,0.97308826,0.9609814,0.9592786,0.96664184,0.95731443,0.93498653,0.9752413,0.9590895,0.9717841,0.95282006,0.9595273,0.9172614,0.96659416,0.96017665,0.9702288,0.93659025,0.9664645,0.9682864,0.9386935,0.93918306,0.9691833,0.96506715,0.97935015,0.9640759,0.95438796,0.95422965,0.9648625,0.95653707,0.9315425,0.9701042,0.9669224,0.95425034,0.9611781,0.9627333,0.9690289,0.90742725,0.95150405,0.95295,0.9369456,0.9652714,0.96024567,0.95547456,0.97935015,0.9511963,0.9630811,0.96291214,0.9585729
annamovie,0.9643695,0.95703954,0.9600119,0.962826,0.97098094,0.93406206,0.9667585,0.96513635,0.98533547,0.9669869,0.96167237,0.94965285,0.9702007,1.0,0.9652404,0.96919376,0.96470016,0.9626656,0.9675836,0.9698098,0.9659297,0.955218,0.9665097,0.9681802,0.9547832,0.79211545,0.960856,0.9763797,0.96576977,0.9624866,0.9741479,0.968619,0.96628106,0.9285632,0.9235713,0.91412467,0.97560817,0.95253056,0.973246,0.96762156,0.97517693,0.96375823,0.94467014,0.976439,0.9702111,0.9717933,0.956562,0.9638567,0.9360679,0.9736995,0.9607252,0.97432333,0.93208706,0.96744394,0.93339044,0.96851873,0.96445054,0.9701368,0.9718272,0.9649907,0.9559502,0.96899563,0.9689617,0.98385084,0.96165496,0.96993923,0.95001215,0.96851856,0.96526766,0.9605554,0.97232544,0.49785572,0.9561554,0.97447634,0.9521594,0.95202374,0.85789543,0.9516834,0.975238,0.96145535,0.96168035,0.97891814,0.97614104,0.9458624,0.97030306,0.96882296,0.9602161,0.97682774,0.9661632,0.95914537,0.961318,0.97232544,0.95822,0.969386,0.9494405,0.966728,0.9677191,0.97832984,0.94282293,0.9558772,0.9766167,0.9634057,0.9594625,0.9600058,0.97541964,0.9669638,0.97066694,0.970811,0.9359195,0.9694041,0.9627242,0.733437,0.9631235,0.91218245,0.9643624,0.9451124,0.966018,0.95569646,0.96709716,0.9618355,0.97534424,0.9712319,0.9617394,0.93506455,0.97427726,0.97547287,0.95657927,0.9600571,0.9740696,0.9234248,0.9751045,0.96797717,0.96989864,0.9572553,0.9641364,0.96022075,0.93902594,0.95686394,0.97345394,0.9679045,0.98533547,0.9692232,0.958914,0.96946263,0.966836,0.9594109,0.94929737,0.9559635,0.97270095,0.9427368,0.9695446,0.95823294,0.97428507,0.8926646,0.9654441,0.9578667,0.9419468,0.9615538,0.957846,0.9542435,0.98533547,0.9570027,0.97368646,0.9611909,0.96516854
apollo11movie,0.96605843,0.9521602,0.96289265,0.9586452,0.96093357,0.939961,0.96786433,0.96151567,0.9807107,0.969613,0.96957433,0.9362928,0.9616194,0.9652404,0.99999994,0.96012217,0.95312864,0.96151954,0.9633535,0.9714429,0.959585,0.9595406,0.9667444,0.95883673,0.9582723,0.81426436,0.9562012,0.97176117,0.96514237,0.94893163,0.9512847,0.96428376,0.9465833,0.9353749,0.93254197,0.9238515,0.97031134,0.9654855,0.976159,0.9573401,0.9607078,0.9657662,0.9424828,0.97779125,0.96685755,0.96407026,0.9644395,0.9660135,0.93203986,0.97554535,0.9601394,0.96943533,0.93943226,0.9537857,0.9340805,0.9544981,0.94729334,0.9684193,0.96063143,0.95271075,0.9394022,0.96908426,0.95981646,0.95780486,0.9491099,0.96244884,0.95078236,0.9600672,0.9694478,0.9433921,0.95986426,0.4723393,0.9417905,0.97477484,0.96205485,0.9619729,0.8838189,0.9397579,0.9582412,0.9475254,0.9652298,0.96274227,0.9606193,0.9526403,0.961726,0.9555835,0.9554821,0.97064483,0.95064545,0.956329,0.96036375,0.95986426,0.9543594,0.95328164,0.95547575,0.97725326,0.9666074,0.9677449,0.9544228,0.9624838,0.9726957,0.9692191,0.9530179,0.9591626,0.9607522,0.95920455,0.9553382,0.95473665,0.9519833,0.95803136,0.96412975,0.7489216,0.9612364,0.90574837,0.9701411,0.9521397,0.97012746,0.96057093,0.9613849,0.963823,0.9505151,0.96798927,0.9605279,0.93806833,0.9570703,0.96392304,0.9616731,0.96136796,0.9511617,0.9255113,0.9603696,0.9641075,0.9633061,0.9401255,0.9611206,0.960664,0.9542938,0.9662953,0.9563471,0.964601,0.9807107,0.96447235,0.95856017,0.93911886,0.9455116,0.9623187,0.95544904,0.9520678,0.9506138,0.95531553,0.96575475,0.9681591,0.97408736,0.9103703,0.9627228,0.9546825,0.9492623,0.94832957,0.95649534,0.9520501,0.9807107,0.95244485,0.9548853,0.9649977,0.9554985
arcticdogsmovie,0.96534884,0.9657674,0.9579929,0.94770306,0.96305054,0.9252175,0.97305644,0.95847034,0.9806608,0.9586273,0.95303404,0.9480029,0.97291976,0.96919376,0.96012217,1.0,0.95724833,0.9629924,0.95724493,0.95215553,0.9566039,0.9495276,0.96304345,0.960515,0.9476266,0.7889258,0.9530429,0.96373755,0.96348935,0.9535765,0.9594292,0.97213936,0.94644666,0.9342807,0.940846,0.91011,0.9691509,0.9624613,0.9547462,0.9517614,0.9543128,0.96205497,0.9452609,0.9660652,0.9697472,0.96856666,0.954061,0.961279,0.94035804,0.9706599,0.9595266,0.9670031,0.94000584,0.9549745,0.93531173,0.96252424,0.96186304,0.9745592,0.9591573,0.9594182,0.94505703,0.9598622,0.95065343,0.9555858,0.94913715,0.9698693,0.95643556,0.95976055,0.9644237,0.94565827,0.9728481,0.4724504,0.9566529,0.95970637,0.9604252,0.9434402,0.8862269,0.9561632,0.9681374,0.94828755,0.9553685,0.9776644,0.96188265,0.943553,0.96445185,0.954607,0.95631,0.9748931,0.9556191,0.96555585,0.9584228,0.9728481,0.96186024,0.96995264,0.95097846,0.95417273,0.9548743,0.96864086,0.94999856,0.95150226,0.9700555,0.95148695,0.94343066,0.9637613,0.97415006,0.9651487,0.96348697,0.9677312,0.95363796,0.9593947,0.9592765,0.71805924,0.9692568,0.90542656,0.9624035,0.95885795,0.9699524,0.94165367,0.97351,0.9649935,0.958203,0.964503,0.95794564,0.94304204,0.96421283,0.9614954,0.95838535,0.95708627,0.96127295,0.92715454,0.9619097,0.95513594,0.96889895,0.9501431,0.96623296,0.9568256,0.9445375,0.94895446,0.9653626,0.97014165,0.9806608,0.9704343,0.9469678,0.95414144,0.95972735,0.9561867,0.9264249,0.9579886,0.9616367,0.9554532,0.96311134,0.9573308,0.9737618,0.90068275,0.9692738,0.949899,0.9403185,0.96599925,0.96810704,0.9625679,0.9806608,0.9489046,0.96362865,0.961133,0.960263
arcticmovie,0.9562573,0.93711424,0.95214474,0.94307464,0.94878554,0.92697185,0.9535747,0.95736325,0.9732914,0.9541201,0.9596725,0.9495937,0.9512123,0.96470016,0.95312864,0.95724833,0.9999999,0.9508549,0.94566834,0.9464696,0.9655529,0.94995856,0.96266866,0.9594389,0.9594211,0.8032956,0.9382472,0.969493,0.96038795,0.94162637,0.94930285,0.9591813,0.9451451,0.9312484,0.92373604,0.914215,0.9730203,0.9442737,0.9597957,0.9537967,0.9597422,0.9680012,0.94862896,0.96669745,0.954513,0.95582247,0.9572795,0.95863956,0.9510648,0.96744525,0.9597693,0.9736398,0.9299964,0.96010435,0.9208474,0.9455588,0.9334463,0.9556181,0.9473053,0.95478433,0.93705463,0.9688511,0.94634056,0.9568978,0.9570928,0.95363045,0.95084006,0.9465497,0.9440787,0.9516519,0.9611519,0.52424437,0.9288234,0.9486453,0.9513801,0.94137365,0.8491689,0.94652575,0.9608584,0.9463763,0.94751924,0.95760816,0.95468754,0.9479181,0.94219846,0.94887626,0.9421791,0.96080065,0.95272243,0.9511294,0.94016373,0.9611519,0.95533097,0.9578638,0.9573234,0.9529703,0.96631646,0.9558343,0.94819796,0.94875276,0.96623087,0.960284,0.95270246,0.9615924,0.9441884,0.9637791,0.9434594,0.94926465,0.9359854,0.9467169,0.96836305,0.71331716,0.9484641,0.8775619,0.9504465,0.9622065,0.9631469,0.93456453,0.9410691,0.95353395,0.9563108,0.95105404,0.95389324,0.9202107,0.96568364,0.9673837,0.9468439,0.95332634,0.9513329,0.92840475,0.9606986,0.9450032,0.9717459,0.97338766,0.94636786,0.9434645,0.93428516,0.9677189,0.9554553,0.9487623,0.9732914,0.9662143,0.9353665,0.9459279,0.95844024,0.96294844,0.9334195,0.9327997,0.95365673,0.94223446,0.948371,0.95204216,0.9618305,0.89599,0.95644623,0.93746287,0.9374444,0.94659984,0.9449659,0.94629765,0.9732914,0.9457553,0.9636599,0.9556302,0.9483941
artofracingmovie,0.95868355,0.9520138,0.9582286,0.94414973,0.97479635,0.9446443,0.96569306,0.97288334,0.9801553,0.97696435,0.946956,0.9404773,0.95385534,0.9626656,0.96151954,0.9629924,0.9508549,1.0000002,0.9610022,0.9667346,0.9696463,0.95640016,0.96678853,0.9686986,0.9477436,0.79627174,0.97613734,0.95822793,0.96204996,0.95839137,0.965761,0.96711975,0.97243136,0.953843,0.93530816,0.9269238,0.9640584,0.9588832,0.969626,0.95066154,0.95590854,0.961022,0.9439503,0.97104824,0.96166384,0.9763249,0.96267384,0.96018744,0.9400097,0.97123826,0.9550077,0.9653666,0.94867283,0.95677996,0.92089844,0.97493714,0.9478107,0.96073514,0.9619559,0.96188337,0.9319462,0.9661646,0.9547169,0.9584382,0.9630278,0.95496416,0.9550351,0.9428542,0.9606151,0.94457036,0.97156394,0.5069214,0.9499567,0.96414053,0.9561166,0.9532417,0.87894964,0.9582081,0.9653271,0.95447373,0.9552925,0.9630391,0.9651567,0.9558951,0.95307904,0.95680124,0.9371783,0.9725095,0.9517808,0.96840024,0.95483315,0.97156394,0.95512915,0.97031045,0.94724965,0.95681995,0.95820165,0.9717339,0.9523181,0.9530913,0.9692534,0.9668121,0.95163053,0.9656299,0.95091826,0.9570465,0.9674203,0.95538193,0.9225807,0.9520019,0.9765047,0.737227,0.9471036,0.90333,0.9641837,0.95924616,0.97079456,0.9412486,0.9693188,0.9513784,0.9621984,0.95361066,0.9633512,0.94850266,0.9644073,0.96340114,0.96038973,0.96089435,0.9726047,0.94141906,0.9705121,0.9682695,0.9584847,0.94752234,0.9421957,0.95987827,0.9534847,0.95391846,0.96212155,0.96102077,0.9801553,0.96620345,0.9504122,0.94399405,0.9607711,0.9588338,0.9495865,0.9495657,0.95706695,0.9663203,0.9620636,0.964423,0.9766557,0.91782665,0.9532571,0.96636474,0.93338627,0.9676101,0.9638701,0.9466909,0.9801553,0.97755504,0.9652869,0.9691336,0.9477542
avengers,0.9856085,0.95818406,0.9698826,0.9585683,0.977209,0.963843,0.97404003,0.97226876,0.98224777,0.96631384,0.9575333,0.9371527,0.9618846,0.9675836,0.9633535,0.95724493,0.94566834,0.9610022,1.0,0.96299326,0.9495625,0.96356136,0.9776643,0.96517664,0.96312267,0.78531414,0.960552,0.94911665,0.96643037,0.96002614,0.97968554,0.9616168,0.9485135,0.9444081,0.9467675,0.9098627,0.97875184,0.9513888,0.9653523,0.9412869,0.96622264,0.9709524,0.9356859,0.967828,0.9664152,0.965875,0.9712057,0.96350974,0.92098826,0.9685927,0.96859545,0.95687616,0.9485409,0.96515185,0.93525255,0.9807033,0.96885705,0.9709651,0.96229553,0.96639085,0.9581189,0.97371095,0.9644968,0.9658763,0.9485711,0.9612181,0.95770794,0.95756376,0.9671104,0.94773537,0.9642368,0.4796528,0.9585418,0.9688298,0.96735054,0.93633044,0.8693159,0.9438389,0.9660269,0.9463543,0.9556779,0.9642318,0.96224433,0.9614725,0.9683843,0.9427989,0.9529022,0.96891296,0.9539833,0.96095675,0.9663233,0.9642368,0.9579425,0.9565483,0.9593399,0.96892273,0.9604906,0.9683273,0.9556775,0.9718669,0.96355456,0.97044134,0.9468919,0.9534199,0.96782357,0.970608,0.9652151,0.9477099,0.9538747,0.94810456,0.96396375,0.7371226,0.9615891,0.9043476,0.9597222,0.9607308,0.97660524,0.9613866,0.96851194,0.96827096,0.9546279,0.9699267,0.9662073,0.9553,0.96756124,0.96346325,0.9685051,0.9763487,0.9779786,0.9283025,0.97390103,0.97596025,0.9655128,0.9236669,0.9590444,0.96598047,0.96470827,0.94012016,0.9631307,0.9431732,0.98224777,0.9613108,0.9439041,0.95325685,0.9564078,0.9488548,0.9445998,0.9650737,0.96317893,0.9628941,0.9739017,0.94798505,0.9588714,0.9184101,0.95992965,0.9538031,0.9550508,0.95720243,0.9550486,0.944963,0.98224777,0.964689,0.9570686,0.9776539,0.9646377
beachbummovie,0.96209157,0.94270754,0.96735936,0.95586634,0.96585107,0.93489534,0.95829517,0.9621425,0.9773709,0.9700461,0.9541013,0.93411386,0.9690133,0.9698098,0.9714429,0.95215553,0.9464696,0.9667346,0.96299326,1.0000005,0.9508778,0.96299785,0.96115756,0.96352637,0.9625379,0.80942345,0.9524318,0.96566254,0.9653221,0.94941527,0.9575424,0.969221,0.960031,0.945006,0.9191799,0.9271579,0.9670298,0.9663336,0.96442354,0.9576047,0.9557088,0.9639595,0.9313217,0.96554095,0.9590334,0.9719593,0.95203674,0.9645126,0.92758167,0.96424544,0.9580697,0.9673551,0.92453337,0.961928,0.93925625,0.9564448,0.94958204,0.9674333,0.96066225,0.95291394,0.94667983,0.96515775,0.95660913,0.965455,0.9609697,0.95470273,0.94193953,0.9506686,0.9624199,0.9426378,0.9592625,0.51368463,0.9546658,0.9606015,0.9484611,0.9567574,0.8915324,0.95027214,0.96642447,0.94793314,0.96679544,0.96816677,0.96954274,0.95191234,0.9655801,0.9536394,0.9376895,0.96570385,0.9535374,0.95652026,0.95969534,0.9592625,0.9425661,0.9614868,0.9543969,0.9576875,0.95629144,0.97799045,0.9406527,0.9477247,0.9743255,0.97406703,0.95563745,0.9568844,0.9641929,0.96012056,0.9614799,0.96079606,0.94083136,0.9497034,0.9603044,0.7805601,0.9476137,0.92099094,0.95799255,0.9438604,0.96821517,0.94508123,0.9693415,0.95021355,0.96448606,0.9663579,0.9642103,0.9278643,0.9641618,0.9546386,0.96515834,0.95984906,0.96125716,0.9152259,0.9635869,0.9672058,0.96026546,0.93566173,0.9581733,0.9606073,0.9495383,0.9580355,0.95546424,0.95775807,0.9773709,0.95994705,0.961135,0.95166725,0.96014297,0.9634522,0.95745844,0.9507381,0.96369106,0.9561139,0.95756793,0.9670267,0.9752969,0.9015648,0.93859667,0.9487489,0.92749345,0.9581078,0.9614277,0.94445646,0.9773709,0.95790124,0.9632978,0.95859075,0.9517626
bernadettefilm,0.94787675,0.94406027,0.95286334,0.951074,0.96184576,0.9400726,0.9583276,0.962222,0.9759227,0.9650301,0.95634794,0.94066817,0.951402,0.9659297,0.959585,0.9566039,0.9655529,0.9696463,0.9495625,0.9508778,0.9999998,0.9499412,0.9630079,0.969617,0.95650274,0.7841214,0.9559617,0.96260524,0.9530197,0.94124895,0.9653708,0.9646769,0.96741295,0.93715346,0.91473854,0.9137949,0.9634413,0.9458332,0.9720639,0.9721539,0.9694057,0.95736635,0.9481451,0.97295463,0.95522386,0.96146333,0.95849496,0.9583668,0.9501423,0.9692884,0.948445,0.97735584,0.9366096,0.9416351,0.9332598,0.9580639,0.9442177,0.96178764,0.960793,0.956667,0.9261623,0.96442777,0.9423211,0.9640209,0.9643247,0.9589581,0.9370211,0.95828944,0.9465624,0.9436093,0.9662136,0.48877344,0.9245033,0.9577013,0.9533052,0.96052647,0.83895534,0.94899684,0.95427775,0.94395345,0.94509,0.95640326,0.9595245,0.95136124,0.94404435,0.960163,0.9278283,0.9658251,0.95357895,0.9635534,0.94909894,0.9662136,0.94800234,0.95568585,0.9372065,0.96204454,0.95738095,0.9630304,0.94253623,0.9458425,0.9605235,0.9619797,0.9573022,0.9643797,0.937575,0.9486435,0.95047235,0.94660217,0.9233107,0.9639095,0.9698755,0.7065866,0.94959134,0.8743338,0.9738947,0.948337,0.958599,0.9474991,0.95941603,0.94930464,0.9553021,0.9581715,0.95133096,0.9289041,0.9714934,0.9746721,0.95312315,0.9449293,0.9655675,0.927962,0.9799506,0.9648385,0.96569324,0.9464784,0.9530556,0.94643027,0.93739915,0.96642154,0.96200764,0.9597255,0.9759227,0.96328884,0.9357355,0.94437796,0.9417119,0.9627037,0.9426824,0.9470291,0.9512477,0.9472544,0.9507092,0.953548,0.96857715,0.91309017,0.9577063,0.9450398,0.94647473,0.94527483,0.9495086,0.9514947,0.9759227,0.95833254,0.9573145,0.96200556,0.9344392
