movie,21bridgesmovie,47metersdown,abeautifuldaymovie,abominablemovie,adastramovie,adogsjourneymovie,aftermathmovie,aftermovie,ahiddenlifefilm,alitamovie,angelhasfallen,angrybirdsmovie,annabellemovie,annamovie,apollo11movie,arcticdogsmovie,arcticmovie,artofracingmovie,avengers,beachbummovie,bernadettefilm,blackandbluemovie,blackchristmas,blindedbythelightmovie,bombshellmovie,booksmart,breakthroughmovie,brianbanksmovie,brightburnmovie,brittanyrunsmov,captainmarvelofficial,captivestatemovie,catsmovie,charliesangels,childsplaymovie,clarathefilm,coldpursuitmovie,countdown,currentwarmovie,darkwatersmovie,detectivepikachumovie,disneyaladdin,disneyfrozen,disneymaleficent,doctorsleepmovie,dolemiteismyname,dontletgomovie,doramovie,downtonabbey_official,dumbo,escaperoom,everybodyknowsmovie,fastandfuriousmovie,fightingwmyfam,fivefeetapartfilm,fordvferrari,freaksthefilm,geminimanmovie,glassmovie,gloriabellmovie,godzillamovie,goldfinchmovie,goodboysmovie,goodliarmovie,gretafilm,halathemovie,happydeathdaymovie,harrietfilm,hellboymovie,hersmellmovie,highlifemovie,highstrungmovie,honeyboymovie,hotelmumbaifilm,httydragon,hustlemovie,hustlersmovie,isntitromantic,itmovieofficial,jayandsilentbob,johnwickmovie,jojorabbitmovie,jokermovie,judythefilm,jumanjimovie,justmercyfilm,knivesout,lalloronamovie,lastblackmansf,lastchristmasthemovie,latenightmovie,lighthousemovie,lionking,littlethemovie,littlewomenmovie,littlewoodsfilm,longshotmovie,lordsofchaosmovie,lucyintheskyfilm,mamovie2019,marriagestory,meettheaddams,meninblack,midsommarmovie,midwaymovie,missbalamovie,missinglinkfilm,motherlessbklyn,onceinhollywood,onthebasisofsex,overcomermovie,peanutbutterfalcon,petsematarymovie,piercingmovie,playingwithfire,playmobilthemovie,pomsmovie,queenandslim,rambomovie,readyornotfilm,richardjewellfilm,rocketmanmovie,scarystoriesmovie,secretlifeofpets,serenityfilm,shaftmovie,shazammovie,spidermanmovie,spiesindisguise,starwars,stormboymovie,stubermovie,taosdfilm,teenspiritmov,terminator,theaeronautsmov,thebestofenemies,thedeaddontdie,thefarewell,thehighwaymen,thehummingbirdprojectfilm,theintrudermovie,theirishmanfilm,thekitchenmovie,thelegomovie,themustangfilm,thenightingalefilm,theprodigymovie,thesunisalsoastar,theupsidefilm,tolkienmovie,toystory,triplefrontier,uglydolls,uncutgems,underthesilverlake,usmovie,wavesmovie,whatmenwant,wonderparkmovie,wrinklestheclown,xmenmovies,yardiefilm,yesterdaymovie,zombieland
21bridgesmovie,0.99999994,0.9734077,0.9871396,0.985909,0.98611087,0.9727049,0.9874491,0.9801665,0.9921478,0.9807287,0.97826844,0.96452916,0.9870081,0.9889285,0.9742575,0.98127913,0.9654495,0.9811852,0.9942832,0.98094815,0.98979163,0.9838277,0.9840796,0.9850572,0.9839468,0.7568761,0.985932,0.9733656,0.9811109,0.97494674,0.99103636,0.9819416,0.97938496,0.9704804,0.9459932,0.9130859,0.9871117,0.990528,0.9752087,0.97840804,0.9836044,0.9852998,0.9798054,0.9780824,0.9861825,0.9832953,0.9820311,0.97850436,0.9698676,0.98215157,0.9798391,0.98663384,0.9628974,0.964593,0.95574856,0.980975,0.9841121,0.9899326,0.98920864,0.9806086,0.9832559,0.967673,0.9769473,0.98174644,0.98510927,0.97634935,0.9851717,0.97877014,0.9821934,0.9667827,0.9815442,0.5017687,0.9613046,0.97707194,0.9714676,0.9727298,0.86639065,0.97849506,0.9760978,0.9873239,0.9761892,0.97539634,0.97668254,0.9762705,0.9699634,0.97117025,0.96296537,0.9786634,0.97521734,0.9852549,0.9591448,0.9815442,0.9812161,0.9777722,0.9783449,0.9751159,0.97584516,0.97506255,0.9823524,0.9817516,0.9761725,0.9841748,0.9807549,0.98098457,0.9763112,0.97534055,0.99051064,0.9775238,0.976757,0.9784828,0.9906349,0.5488566,0.9920679,0.9076105,0.98618424,0.98488915,0.99553615,0.97236747,0.98836595,0.9821743,0.97910756,0.9909506,0.98912996,0.9671704,0.99153054,0.9856869,0.9793221,0.9685578,0.973697,0.92349005,0.98572713,0.977141,0.9882685,0.97597307,0.99081737,0.97641253,0.9884542,0.9807939,0.9840907,0.9748174,0.9921478,0.98365825,0.9778834,0.9691227,0.971317,0.9816243,0.9749558,0.96318954,0.97921646,0.9792742,0.9892265,0.98874134,0.9840776,0.9548681,0.97682214,0.9813532,0.9831491,0.9763831,0.9899652,0.98722434,0.9921478,0.98374933,0.9865433,0.9894001,0.97575265
47metersdown,0.9734077,0.99999994,0.97366023,0.9685888,0.97236466,0.96651644,0.96973896,0.9635144,0.9778585,0.9622158,0.9669351,0.9451086,0.96897054,0.9689786,0.9653516,0.976105,0.9695055,0.9648319,0.9706175,0.9712988,0.9731966,0.9811344,0.9758643,0.97059244,0.96446574,0.7244736,0.9638977,0.96590173,0.9640335,0.9556687,0.9679646,0.96584713,0.9789978,0.955169,0.9417501,0.89491975,0.96287274,0.9626849,0.9595483,0.96961087,0.96813303,0.9744647,0.9652449,0.9756523,0.97353065,0.955062,0.97590935,0.97597563,0.961756,0.9798167,0.9604114,0.9754973,0.9685976,0.9525314,0.9547679,0.96010727,0.9752762,0.97228825,0.9663872,0.97086835,0.9748324,0.9642124,0.97779846,0.98224527,0.9735078,0.9686816,0.962207,0.968585,0.9620125,0.96785635,0.9760937,0.49348626,0.9326504,0.97381866,0.93884575,0.9397883,0.8390563,0.94517034,0.96103424,0.9739563,0.96330583,0.96278685,0.96538293,0.9525144,0.9562264,0.9373916,0.9621763,0.97735065,0.96119547,0.97143704,0.96117866,0.9760937,0.9613217,0.96593785,0.95613194,0.9645667,0.9641948,0.9645674,0.95086855,0.9802984,0.9510894,0.97655624,0.9560745,0.9814647,0.9639271,0.95568407,0.97690254,0.9677632,0.9519712,0.9585396,0.9723901,0.5723385,0.97551876,0.92215574,0.9720457,0.96418154,0.9733076,0.93887866,0.97185796,0.9695651,0.97342163,0.9724589,0.9725054,0.94966245,0.9684622,0.9732415,0.9681089,0.9433257,0.961006,0.9226083,0.97366387,0.96064717,0.97466165,0.9649647,0.9764897,0.963659,0.97665757,0.97098887,0.9759897,0.96100444,0.9778585,0.9650769,0.95311713,0.95654035,0.97088826,0.96737766,0.9606157,0.9529176,0.9661043,0.9617408,0.9691227,0.97422695,0.96331537,0.9525433,0.96609235,0.96614516,0.9578716,0.9665118,0.97382534,0.96345955,0.9778585,0.98366374,0.98090506,0.9698003,0.9590523
abeautifuldaymovie,0.9871396,0.97366023,0.99999976,0.9792113,0.9891564,0.9710079,0.99543893,0.98351735,0.99528134,0.983741,0.9883937,0.97068894,0.9821633,0.9851755,0.9857856,0.98477274,0.9758133,0.9879451,0.9830929,0.98560333,0.99412906,0.992448,0.9823765,0.98548514,0.98342687,0.72615635,0.98401564,0.9841664,0.9909773,0.98035216,0.9875493,0.9925348,0.97617376,0.9789284,0.94478965,0.9090409,0.9849119,0.9745828,0.9807114,0.98839,0.9853411,0.99528545,0.9837222,0.9847648,0.9900912,0.9828393,0.9768243,0.9817476,0.9831314,0.98964447,0.9878561,0.9936152,0.97129744,0.975474,0.96271956,0.985932,0.9908982,0.98975796,0.98456526,0.987567,0.9836576,0.97112596,0.9852814,0.98967874,0.99255246,0.9847086,0.98890615,0.9897442,0.9819741,0.9766949,0.98849636,0.49584138,0.96950054,0.98370236,0.9601145,0.9639937,0.8590655,0.98640746,0.9813268,0.98435366,0.99123716,0.9862876,0.9846817,0.9756343,0.98221606,0.9638138,0.9734014,0.97786653,0.9718841,0.98851174,0.9685699,0.98849636,0.98173124,0.97917336,0.9801631,0.9853476,0.9819611,0.97504735,0.9846834,0.9826956,0.9778985,0.99007344,0.9816753,0.98758554,0.97974646,0.98561305,0.98954207,0.9801137,0.9829784,0.9809319,0.9882772,0.54909045,0.9893778,0.93613476,0.97946316,0.98785096,0.9950662,0.96766764,0.9948208,0.99375796,0.98461056,0.984033,0.98196626,0.96326756,0.9896294,0.9831633,0.98514533,0.9742075,0.98808604,0.91660523,0.99134934,0.9854853,0.98824227,0.9832305,0.9846797,0.98018265,0.9821766,0.98772573,0.9899397,0.9822237,0.99528134,0.98958933,0.97790575,0.98129034,0.9877937,0.988166,0.9788583,0.9708062,0.9817135,0.98407054,0.99387354,0.9922797,0.9887115,0.93397254,0.9798204,0.98540187,0.97528565,0.98501486,0.9911818,0.9840881,0.99528134,0.98390096,0.98996305,0.9897233,0.97969496
abominablemovie,0.985909,0.9685888,0.9792113,0.99999994,0.9812297,0.9758516,0.9769845,0.9793238,0.9837239,0.96652,0.9728225,0.9610901,0.977612,0.97630084,0.976522,0.97326154,0.9785075,0.9776616,0.9741024,0.98273134,0.98110044,0.97945577,0.9713466,0.98312414,0.98145694,0.75174975,0.981998,0.97586775,0.97688806,0.978769,0.98094445,0.9787581,0.966845,0.9604235,0.94699866,0.8955068,0.98347485,0.9841748,0.9770643,0.9759065,0.9774834,0.97828835,0.97684807,0.9784412,0.9740451,0.9638394,0.9734484,0.97445655,0.97810847,0.97823685,0.97026235,0.9832713,0.95776355,0.9437257,0.96894634,0.9767035,0.9776045,0.96786016,0.9823704,0.973228,0.97789973,0.97112566,0.97310984,0.9738243,0.98059964,0.983577,0.9733705,0.97254306,0.9703769,0.9791198,0.97594136,0.4640242,0.94949156,0.966364,0.9583369,0.96220773,0.8631974,0.95974135,0.9791021,0.9814519,0.9673665,0.97523475,0.9763957,0.96787906,0.95875597,0.96427345,0.97313726,0.97326416,0.9679122,0.97327876,0.9604326,0.97594136,0.97576493,0.97034293,0.967777,0.9757266,0.97187334,0.9733548,0.97691023,0.9747117,0.96304,0.9849753,0.9739408,0.9724946,0.9722112,0.96406686,0.9853072,0.96912724,0.96274203,0.9804186,0.9861276,0.5222637,0.9736852,0.9199014,0.9635213,0.9661931,0.9880258,0.95372766,0.9801117,0.98039514,0.9736166,0.98067856,0.97726357,0.9556311,0.98433733,0.9758293,0.97292084,0.95976645,0.9706746,0.9142653,0.97895396,0.98082924,0.9845571,0.98232454,0.9675995,0.98592216,0.98931706,0.9716093,0.97734433,0.9742109,0.9837239,0.97770184,0.9609521,0.95594525,0.9683643,0.97759,0.9651584,0.9595369,0.97178125,0.98301613,0.98237115,0.9809206,0.9666004,0.9557597,0.9639068,0.9696285,0.9604252,0.9673801,0.98139936,0.9672601,0.9837239,0.97011423,0.97875726,0.9758637,0.97283065
adastramovie,0.98611087,0.97236466,0.9891564,0.9812297,1.0000001,0.9847414,0.9890256,0.9842166,0.99164087,0.9876101,0.98421204,0.9608268,0.9705368,0.98919946,0.9808653,0.9740972,0.9682342,0.9950477,0.979651,0.97948724,0.9908511,0.9841971,0.97315305,0.98929346,0.9815575,0.7833472,0.9869248,0.9843726,0.98287433,0.9673586,0.9841826,0.9811848,0.9737647,0.97624373,0.9345918,0.89952195,0.9740878,0.9801767,0.9825015,0.97657216,0.99151075,0.98846984,0.9870496,0.9771017,0.9865074,0.97564906,0.967687,0.9756522,0.98415536,0.98187685,0.9757801,0.98499566,0.9691511,0.9610418,0.96405536,0.99376726,0.99093187,0.9884637,0.9755486,0.9944895,0.984589,0.9646335,0.98658806,0.9837743,0.98562473,0.97674984,0.9885376,0.98117316,0.9867965,0.9593191,0.9958617,0.48769394,0.9725019,0.98766106,0.950416,0.95016724,0.8414766,0.9701553,0.97610503,0.9854599,0.9800427,0.972202,0.9753383,0.9700683,0.96322554,0.9758603,0.97110647,0.973024,0.9918409,0.98110455,0.96700346,0.9958617,0.9862822,0.9807638,0.9693503,0.9833088,0.9860217,0.965415,0.9762568,0.97907877,0.9683257,0.98481977,0.98274124,0.9879638,0.98502463,0.97493804,0.9881772,0.9707741,0.97334,0.98184234,0.9863743,0.5907722,0.9836275,0.92519605,0.9760846,0.98418677,0.9914216,0.96023446,0.9849805,0.9895939,0.97627085,0.982506,0.9830338,0.98073286,0.9857737,0.9842059,0.9723475,0.9684071,0.99211055,0.9160485,0.98782897,0.9846872,0.9818293,0.98254746,0.982534,0.9761507,0.97655326,0.9793905,0.98879796,0.9837616,0.99164087,0.9797088,0.9690578,0.9662624,0.9793514,0.98467803,0.9779359,0.9550505,0.97862303,0.9778542,0.9866829,0.98830193,0.9897511,0.9372234,0.9935564,0.98592347,0.9608594,0.9945292,0.9912729,0.9815882,0.99164087,0.9880884,0.9930758,0.98965526,0.9731642
adogsjourneymovie,0.9727049,0.96651644,0.9710079,0.9758516,0.9847414,1.0,0.9731811,0.97688156,0.9832985,0.9733984,0.978131,0.9690298,0.96790224,0.97785574,0.9710139,0.96092904,0.9672653,0.9822223,0.97191143,0.97096336,0.98197037,0.975772,0.97195673,0.9835293,0.9747738,0.81954366,0.9779824,0.9734115,0.9743423,0.95303255,0.9724352,0.9738995,0.96626174,0.96417385,0.9492927,0.90907264,0.9668896,0.97009254,0.9732377,0.9713295,0.982242,0.97559726,0.98404914,0.97746044,0.973972,0.9566054,0.96736926,0.97120273,0.9736846,0.9758828,0.969757,0.97640276,0.9656178,0.95021385,0.94977117,0.9756343,0.97210896,0.97243625,0.96755755,0.97682416,0.9757485,0.9688289,0.9795407,0.97756433,0.9665155,0.97004646,0.97424364,0.97993267,0.9814683,0.955559,0.9831036,0.42189476,0.95938617,0.98166573,0.96210927,0.9387663,0.8759191,0.9493159,0.9712296,0.98207444,0.9655734,0.9603807,0.9602624,0.9742946,0.9603672,0.9682574,0.9753706,0.97624236,0.9785245,0.96426344,0.9739398,0.9831036,0.9799746,0.97468895,0.96229583,0.9785383,0.9800367,0.96163625,0.95807064,0.9679414,0.9576662,0.9718737,0.97994983,0.98195165,0.9833469,0.96839905,0.98472303,0.96459746,0.96389943,0.98492473,0.9803532,0.6149808,0.97779214,0.929035,0.9630226,0.96106446,0.9766641,0.957474,0.9721557,0.98066723,0.9702099,0.97552735,0.9722072,0.9895009,0.97654396,0.97369194,0.9712614,0.96904415,0.9698,0.936933,0.97432095,0.97084486,0.96918434,0.9804107,0.9690227,0.9568404,0.9705838,0.963494,0.98187035,0.97258025,0.9832985,0.96994513,0.95051754,0.9594695,0.9750646,0.97624415,0.96943796,0.95658046,0.97094166,0.97655135,0.97292703,0.96944565,0.9688802,0.926501,0.97753775,0.9782226,0.9452316,0.9766266,0.98115015,0.96543944,0.9832985,0.97446924,0.9815028,0.9794843,0.9770428
aftermathmovie,0.9874491,0.96973896,0.99543893,0.9769845,0.9890256,0.9731811,1.0000001,0.98747736,0.9972133,0.98955095,0.99156266,0.980184,0.9817749,0.989263,0.98466,0.9863014,0.9744204,0.98812205,0.9850305,0.9856138,0.99203193,0.99215704,0.98467016,0.983148,0.9843081,0.7447155,0.98298705,0.9859635,0.9910589,0.9844614,0.9910182,0.9928983,0.9744624,0.9857613,0.94627327,0.90982485,0.989399,0.9767893,0.9889188,0.9913203,0.99051875,0.99469215,0.982136,0.9849471,0.9912682,0.98276097,0.97641885,0.9797918,0.9819604,0.99011004,0.99107313,0.99352854,0.9711025,0.9717938,0.9648212,0.98458046,0.9919922,0.99202156,0.98774534,0.9913678,0.9839673,0.97564405,0.98195285,0.9913216,0.9879544,0.985403,0.99233156,0.98618054,0.98715854,0.9743683,0.99094933,0.50536096,0.9733538,0.9856896,0.9676179,0.96713805,0.8690475,0.9867064,0.9844246,0.98534733,0.9887227,0.98732907,0.98769176,0.97605956,0.9830493,0.9717386,0.97632796,0.98096997,0.97906435,0.991227,0.97349745,0.99094933,0.9877305,0.9872109,0.9875552,0.9860215,0.98382443,0.9795954,0.9882455,0.97971916,0.98284316,0.9868645,0.98810256,0.98817897,0.98636603,0.9884804,0.9911489,0.9816037,0.98842496,0.98462915,0.9897834,0.5407613,0.9912734,0.93318635,0.98109645,0.9905506,0.9941442,0.97417533,0.9894258,0.99684805,0.9875388,0.98598284,0.984155,0.9670521,0.9929807,0.98686254,0.98635775,0.9782523,0.9899679,0.9317699,0.9874068,0.9803216,0.99098146,0.9862923,0.98697597,0.9816813,0.98143804,0.9875043,0.99235225,0.98353606,0.9972133,0.99098766,0.9763167,0.98115176,0.9815534,0.9920154,0.98398286,0.9711993,0.9876781,0.9835678,0.99723166,0.9898354,0.98802423,0.93490237,0.9829055,0.988701,0.9783328,0.9897156,0.9924069,0.98796695,0.9972133,0.9810496,0.9909351,0.99272245,0.9862489
aftermovie,0.9801665,0.9635144,0.98351735,0.9793238,0.9842166,0.97688156,0.98747736,0.9999999,0.99034274,0.97747296,0.9829416,0.9711018,0.9770466,0.98390913,0.96805507,0.9772502,0.97390276,0.98049444,0.979876,0.9668972,0.9804494,0.9875097,0.9700413,0.978571,0.9891182,0.76739097,0.9775024,0.97685194,0.9805436,0.97107637,0.9864863,0.98483485,0.9585044,0.9784898,0.9568259,0.90528,0.9833117,0.96938956,0.9866751,0.98237413,0.9901678,0.9852787,0.9882493,0.982314,0.9826854,0.97825694,0.96296996,0.9665177,0.9754882,0.9839996,0.98277843,0.9823843,0.9654078,0.9630624,0.9616,0.9760479,0.9848061,0.982385,0.98211837,0.9799436,0.9830311,0.9749614,0.9737673,0.9882386,0.9819484,0.98656803,0.9809131,0.9740925,0.9786907,0.9615318,0.9828289,0.47983542,0.9788983,0.97415066,0.9637694,0.96092415,0.8573723,0.9778288,0.98687077,0.981051,0.9838421,0.96957207,0.9784039,0.9705607,0.97011745,0.9655464,0.97149265,0.9773023,0.9787502,0.9728916,0.97931194,0.9828289,0.98998815,0.9825105,0.9813588,0.9726059,0.97512406,0.96326023,0.97594887,0.96376467,0.978216,0.9810853,0.99139243,0.9821399,0.9844938,0.97986645,0.98555744,0.9800721,0.9821032,0.9798171,0.9858724,0.5574711,0.9811268,0.91561604,0.97762144,0.98273754,0.98715055,0.96312785,0.98428434,0.98674065,0.97908324,0.9812837,0.97318375,0.9659951,0.9830721,0.97609544,0.97622645,0.9819194,0.98242074,0.9328416,0.97737414,0.97526926,0.98542464,0.98390716,0.97536117,0.9785714,0.9759476,0.98125505,0.98597914,0.9703476,0.99034274,0.9880093,0.9711524,0.9821616,0.98175126,0.9809933,0.9732999,0.96281725,0.98616016,0.98606694,0.98918873,0.9832181,0.9759769,0.9303798,0.9764616,0.9765153,0.96311325,0.9812079,0.99263185,0.98487574,0.99034274,0.9754088,0.9809761,0.978336,0.9821844
ahiddenlifefilm,0.9921478,0.9778585,0.99528134,0.9837239,0.99164087,0.9832985,0.9972133,0.99034274,1.0000002,0.9885711,0.9929876,0.9819499,0.9879845,0.9906343,0.98659426,0.98693335,0.9784163,0.98967487,0.98989403,0.98660195,0.9951541,0.99370164,0.9899394,0.9888434,0.98985434,0.7572491,0.9871016,0.9861416,0.9920639,0.97998303,0.99244165,0.9935673,0.98200846,0.98584265,0.9551451,0.9174677,0.99092984,0.9812604,0.9879628,0.9921487,0.9927835,0.995089,0.9899611,0.99113107,0.9920946,0.98396826,0.9840148,0.98616564,0.98397654,0.9942524,0.9920554,0.9951541,0.9767644,0.9741348,0.96437263,0.9858408,0.99344534,0.9931906,0.9914917,0.99120736,0.9895532,0.9800383,0.98687637,0.99330866,0.989698,0.9874704,0.99191225,0.9897734,0.9900124,0.977374,0.9919181,0.4849646,0.9712223,0.9890054,0.9730308,0.96803355,0.87664753,0.9854371,0.9872776,0.9897445,0.9888085,0.9850095,0.98530173,0.9820743,0.98362887,0.9715458,0.9805,0.9886072,0.98088545,0.9909172,0.97553784,0.9919181,0.9913917,0.9878442,0.9870437,0.987733,0.98812896,0.9833828,0.98430794,0.9852248,0.98354644,0.9898289,0.98916703,0.99238354,0.9880336,0.9890019,0.9957017,0.98435205,0.98581153,0.98884994,0.99248314,0.5547564,0.99494195,0.93382853,0.98609036,0.9893633,0.9967299,0.9765703,0.9931562,0.99594223,0.988196,0.99210846,0.9892609,0.97503954,0.993973,0.98877794,0.9907515,0.9807776,0.9881539,0.9376827,0.99056315,0.98275614,0.9919914,0.98734075,0.98907256,0.9792297,0.9880492,0.98678035,0.9942892,0.9849134,1.0000002,0.99140835,0.97735476,0.9807883,0.98502946,0.9931083,0.9854737,0.9755501,0.9875496,0.9874616,0.9964408,0.9920158,0.9900741,0.94625133,0.9830933,0.99019456,0.9799043,0.98811597,0.9963127,0.98992115,1.0000002,0.9884147,0.99376154,0.9944116,0.9897108
alitamovie,0.9807287,0.9622158,0.983741,0.96652,0.9876101,0.9733984,0.98955095,0.97747296,0.9885711,1.0,0.986536,0.970824,0.96554804,0.9864816,0.9827189,0.9664747,0.952018,0.98790115,0.9740123,0.97968304,0.98753494,0.9794973,0.97676575,0.97545475,0.9797391,0.76504105,0.98370874,0.9796994,0.9740291,0.96639526,0.9783813,0.97837114,0.97355974,0.9673995,0.93440294,0.91753316,0.974385,0.970088,0.97794914,0.9780168,0.9906451,0.9813538,0.9703709,0.97003275,0.98389715,0.9843597,0.96808755,0.96804756,0.97525775,0.97529685,0.97486246,0.98003083,0.97155166,0.95954704,0.9497303,0.9856724,0.9833279,0.9912426,0.9791598,0.9910172,0.9772934,0.97313344,0.9760314,0.9836931,0.979434,0.96721816,0.98641133,0.9829681,0.98591155,0.96241033,0.9893795,0.45770818,0.9752933,0.9888182,0.9606833,0.95374,0.8445558,0.97677916,0.97963643,0.9789512,0.97690576,0.97430956,0.96911633,0.970646,0.9669381,0.9728586,0.9618068,0.97220916,0.9820636,0.9837381,0.9640235,0.9893795,0.9815946,0.983653,0.968599,0.9881527,0.9821859,0.9715468,0.9748402,0.9741986,0.9798245,0.98204666,0.9814807,0.98058826,0.9892693,0.9739113,0.9823939,0.9658812,0.9772249,0.97740954,0.98457,0.59307253,0.98195815,0.92440134,0.98110676,0.9865012,0.9842696,0.9704915,0.97839063,0.98660976,0.97072494,0.9819743,0.97677803,0.9681201,0.9825426,0.98366684,0.97465354,0.9663559,0.9829374,0.9056211,0.97693384,0.9682696,0.9732527,0.9737163,0.9834916,0.9638787,0.9669478,0.9734583,0.98808587,0.9850869,0.9885711,0.97164553,0.97643554,0.9677516,0.9736389,0.9815618,0.981948,0.9537149,0.9695241,0.97382474,0.984359,0.9786163,0.9894626,0.922282,0.98041505,0.9839857,0.9698658,0.9917472,0.9831717,0.9797883,0.9885711,0.98437834,0.98524946,0.9884966,0.97454125
angelhasfallen,0.97826844,0.9669351,0.9883937,0.9728225,0.98421204,0.978131,0.99156266,0.9829416,0.9929876,0.986536,0.9999999,0.9801186,0.98322666,0.9835982,0.9807063,0.9827391,0.97038114,0.9862773,0.9754805,0.978495,0.9857869,0.989695,0.9800726,0.9777937,0.9815884,0.76307166,0.9814105,0.9835027,0.9839497,0.97193,0.9795634,0.9843748,0.97139,0.9788409,0.94979155,0.90927297,0.9887631,0.96766394,0.989116,0.9885871,0.9910649,0.9874565,0.9826279,0.98733455,0.9864515,0.97900224,0.9708341,0.9738838,0.98535836,0.98948187,0.9878396,0.9874095,0.9781406,0.97005236,0.9691349,0.9833439,0.9835316,0.98396015,0.98350585,0.9868786,0.98737705,0.9759133,0.9850928,0.989336,0.98339754,0.98472667,0.98615545,0.98694867,0.9829202,0.97327334,0.9857203,0.47192532,0.9638447,0.9836359,0.9677928,0.95815414,0.88505864,0.9794671,0.98544437,0.97633016,0.9918833,0.98391324,0.9821765,0.97616976,0.98301005,0.97186726,0.9790639,0.98649704,0.9718611,0.9847382,0.97581244,0.9857203,0.9886967,0.985469,0.98434335,0.9899108,0.9904095,0.9812353,0.9778122,0.97455657,0.9850358,0.9840452,0.98696315,0.9879575,0.9833197,0.9854198,0.98794734,0.98382133,0.98449856,0.98391134,0.9845995,0.5673135,0.98435247,0.9365992,0.9759798,0.98313165,0.9868761,0.9718934,0.98867667,0.9906319,0.98361266,0.9882743,0.98023415,0.96673745,0.9840649,0.980662,0.99163204,0.97770363,0.9858192,0.92999136,0.9804258,0.9762249,0.9821845,0.97623384,0.9744295,0.97225344,0.9817156,0.9759506,0.98891026,0.98611677,0.9929876,0.9873195,0.9756991,0.9794177,0.9793787,0.987165,0.97939044,0.9736812,0.9828907,0.9870787,0.9901999,0.982291,0.9840199,0.9282549,0.97672623,0.9801334,0.9666456,0.9822424,0.9861505,0.9826936,0.9929876,0.983813,0.9900189,0.9887181,0.9869235
angrybirdsmovie,0.96452916,0.9451086,0.97068894,0.9610901,0.9608268,0.9690298,0.980184,0.9711018,0.9819499,0.970824,0.9801186,1.0,0.9748006,0.96381736,0.97675276,0.9659832,0.9703228,0.96492594,0.9653581,0.9726173,0.9711023,0.97709733,0.9793525,0.95770293,0.97216254,0.7407302,0.9711839,0.97127646,0.98140043,0.9658396,0.9690531,0.97971517,0.9542483,0.9712271,0.95845467,0.930851,0.98209065,0.9490563,0.97826624,0.9837977,0.972447,0.9764708,0.9679759,0.97853464,0.9704895,0.96186084,0.96939796,0.97417724,0.9701438,0.97852445,0.9897566,0.9817101,0.9701597,0.9620278,0.94399345,0.95527107,0.9727402,0.9681874,0.9772297,0.9666712,0.9645011,0.96759343,0.95667744,0.97139615,0.963126,0.97356707,0.9711065,0.97425497,0.9676001,0.97459716,0.96651816,0.44047052,0.9553481,0.9690151,0.98114854,0.93982935,0.9137041,0.96509314,0.9775656,0.971266,0.9620465,0.97384447,0.96460766,0.9759849,0.9848486,0.94683576,0.97640556,0.98383284,0.94970125,0.97060215,0.95513624,0.96651816,0.97477907,0.9752095,0.9842954,0.97720534,0.96959627,0.9747138,0.96126115,0.95866877,0.97963685,0.966204,0.9738693,0.9744247,0.96965176,0.9867283,0.97688586,0.9657672,0.97697735,0.98672086,0.9743906,0.5020617,0.97524333,0.941369,0.960381,0.95542276,0.9707789,0.98266524,0.9652728,0.9841446,0.96981555,0.9706791,0.96461207,0.9532538,0.9733414,0.96498126,0.9877986,0.97433966,0.9596713,0.94852066,0.960318,0.951364,0.97164124,0.9771282,0.96306866,0.9485742,0.96525705,0.9633027,0.97932494,0.9686502,0.9819499,0.97690874,0.9484991,0.96632975,0.95881253,0.9822066,0.96512306,0.9779309,0.9697063,0.9673333,0.9835047,0.957676,0.96219414,0.91383123,0.9482926,0.9721883,0.95845854,0.9606132,0.96946937,0.9657356,0.9819499,0.95761174,0.96371394,0.9769048,0.9944267
annabellemovie,0.9870081,0.96897054,0.9821633,0.977612,0.9705368,0.96790224,0.9817749,0.9770466,0.9879845,0.96554804,0.98322666,0.9748006,1.0,0.9766798,0.9658331,0.9869194,0.97872424,0.9717399,0.9873264,0.9756812,0.9804684,0.9875261,0.98397255,0.97029203,0.972371,0.7508272,0.9799056,0.9696329,0.9815465,0.97123575,0.9814107,0.98129976,0.96669805,0.9736684,0.95579123,0.9069269,0.9924937,0.97683245,0.97863007,0.98152584,0.97466826,0.98304605,0.9762423,0.98014235,0.97764117,0.97588146,0.97730136,0.97511643,0.970379,0.98411584,0.9886679,0.98700917,0.962129,0.96934634,0.9660344,0.9639553,0.9762694,0.97721237,0.9855826,0.9682832,0.9766351,0.9612017,0.97130054,0.98169875,0.9825696,0.98391753,0.97242236,0.98051506,0.97227544,0.9691998,0.9690693,0.4802689,0.9444492,0.965256,0.97513855,0.9591524,0.9084859,0.97394127,0.97273135,0.9726441,0.9796727,0.9824617,0.98376656,0.9707691,0.98909724,0.95559895,0.9714258,0.98602927,0.95464975,0.9809743,0.9575579,0.9690693,0.9796211,0.9704138,0.9880229,0.9683426,0.96970433,0.97811514,0.9757537,0.97101724,0.9816872,0.9735349,0.979743,0.97900283,0.9634722,0.98341787,0.98506266,0.99079365,0.98183846,0.9773802,0.9859108,0.5411057,0.98764545,0.9291098,0.9766613,0.9716771,0.98641723,0.9723486,0.98615074,0.97720337,0.9890658,0.9902638,0.98365563,0.95122707,0.9794364,0.97216254,0.9895042,0.9670917,0.96293163,0.9489656,0.9827647,0.97012645,0.98725945,0.9693826,0.97827274,0.9653071,0.9867932,0.9743782,0.9793695,0.971984,0.9879845,0.98997235,0.97316414,0.97499007,0.968225,0.9792609,0.9641332,0.97710717,0.98656476,0.98123777,0.98863876,0.9755506,0.9708566,0.9382374,0.9616811,0.9709289,0.9738754,0.95850074,0.9833258,0.98650455,0.9879845,0.97315985,0.9782977,0.9829095,0.98174614
annamovie,0.9889285,0.9689786,0.9851755,0.97630084,0.98919946,0.97785574,0.989263,0.98390913,0.9906343,0.9864816,0.9835982,0.96381736,0.9766798,1.0,0.9743989,0.97086143,0.9626317,0.98611796,0.98653936,0.9726398,0.9873301,0.98684597,0.9705977,0.98400044,0.9776124,0.8065004,0.98589015,0.9794497,0.9842874,0.9742078,0.9871469,0.98019964,0.9644098,0.97589195,0.9533463,0.9069903,0.98174036,0.9803962,0.97919637,0.97616494,0.9934598,0.9826136,0.9811638,0.9753807,0.98344165,0.9795825,0.9664328,0.9703691,0.9668924,0.9794315,0.9806575,0.98387367,0.96601003,0.96026194,0.96050364,0.9830257,0.98231363,0.98918957,0.9760193,0.9872569,0.98984146,0.96879005,0.97844625,0.9889175,0.9852983,0.97837764,0.98953795,0.98234385,0.9823299,0.95724994,0.9878465,0.5023377,0.97072786,0.98130375,0.9681988,0.9643655,0.8663118,0.977698,0.9761794,0.9773622,0.98143315,0.97282094,0.9784717,0.9786907,0.96923065,0.97986776,0.97114366,0.97407573,0.9811628,0.9819595,0.97207385,0.9878465,0.9786872,0.97849727,0.9768318,0.9817244,0.9750903,0.97151786,0.97875476,0.9704635,0.97687095,0.98042995,0.9889648,0.98044735,0.9895993,0.9795473,0.9890729,0.9747802,0.9819812,0.97703546,0.991262,0.60975295,0.98283494,0.91380715,0.9822957,0.9866996,0.9902695,0.97061586,0.98873204,0.98673916,0.9771584,0.9816239,0.9807574,0.97207874,0.98499537,0.9770228,0.97564703,0.9705892,0.9820602,0.9297777,0.98013926,0.9777904,0.9843285,0.97612226,0.9847549,0.9751398,0.97596353,0.98760986,0.9836087,0.9778415,0.9906343,0.9848441,0.97347087,0.97228247,0.98118895,0.98275346,0.97017145,0.9670115,0.9813852,0.98521143,0.9855756,0.98149484,0.9828478,0.93406624,0.9851761,0.9824218,0.96420294,0.98712856,0.989467,0.9872886,0.9906343,0.9789894,0.9867373,0.983481,0.97874767
apollo11movie,0.9742575,0.9653516,0.9857856,0.976522,0.9808653,0.9710139,0.98466,0.96805507,0.98659426,0.9827189,0.9807063,0.97675276,0.9658331,0.9743989,1.0,0.9646918,0.97023135,0.9813908,0.96633065,0.9896578,0.9880937,0.9785739,0.9801981,0.9789356,0.97674453,0.71725345,0.9817704,0.9862781,0.9847239,0.9767733,0.97579503,0.98214626,0.9767508,0.9683174,0.94143206,0.92279565,0.9735681,0.9632486,0.9703147,0.9819091,0.9785416,0.9832427,0.9713235,0.9802486,0.9757907,0.96417916,0.97697705,0.97980475,0.9822374,0.98279214,0.97925174,0.9861718,0.97459936,0.9570873,0.9472729,0.9791247,0.98853946,0.9750608,0.9778133,0.984949,0.97746545,0.9745828,0.9737601,0.9748229,0.980567,0.97046006,0.98019105,0.9845655,0.97779256,0.9847509,0.9841419,0.42648342,0.9582882,0.9857322,0.9564991,0.9490536,0.8593506,0.9700286,0.9785398,0.9741705,0.9708787,0.978505,0.9691082,0.9734857,0.97126496,0.9554439,0.9764166,0.9744336,0.9661575,0.98141086,0.9502617,0.9841419,0.96749055,0.9751222,0.9640899,0.993267,0.9832255,0.98123556,0.96755445,0.98664606,0.96633166,0.9841303,0.96708983,0.978379,0.9798156,0.9781129,0.98273784,0.95533967,0.9637138,0.9775012,0.9772746,0.53469193,0.9734533,0.9534703,0.9647849,0.97036505,0.981588,0.9668722,0.979253,0.9890215,0.96646976,0.9748915,0.9696907,0.95355344,0.9804642,0.9777184,0.9809235,0.9584048,0.9805916,0.9017133,0.97880375,0.97737014,0.9775207,0.97490466,0.96726334,0.968101,0.974361,0.9754513,0.98501563,0.98298407,0.98659426,0.97103524,0.9527009,0.9524168,0.97093296,0.9879205,0.9767748,0.9672219,0.96013516,0.97091204,0.981485,0.9756188,0.98018897,0.93396467,0.9649021,0.9843712,0.963742,0.9811083,0.97749543,0.9660978,0.98659426,0.9768662,0.98149973,0.98203963,0.97978455
arcticdogsmovie,0.98127913,0.976105,0.98477274,0.97326154,0.9740972,0.96092904,0.9863014,0.9772502,0.98693335,0.9664747,0.9827391,0.9659832,0.9869194,0.97086143,0.9646918,1.0000001,0.9796859,0.971427,0.9805918,0.97714514,0.97662103,0.9888087,0.98229164,0.9688584,0.9757765,0.7166352,0.9698288,0.9725566,0.97517663,0.97522694,0.9793784,0.98251283,0.96810776,0.96936035,0.9375351,0.89731437,0.9871579,0.9710628,0.9811464,0.9811461,0.97102386,0.9841567,0.97366136,0.9828869,0.9853024,0.966892,0.97036934,0.97051793,0.97471476,0.98538107,0.98062104,0.9853469,0.96202064,0.967547,0.97231877,0.9675403,0.9804204,0.97626185,0.9804299,0.9745713,0.9758589,0.9669996,0.9762178,0.98357606,0.9811912,0.98181623,0.9699075,0.97327745,0.9686649,0.9709248,0.97675925,0.50480634,0.94560957,0.9688233,0.96149635,0.9562164,0.8818278,0.9671828,0.97703624,0.9785513,0.98355985,0.98008955,0.98427504,0.958847,0.9803241,0.9596403,0.9691154,0.97912365,0.9663434,0.97812617,0.96954274,0.97675925,0.97880965,0.98246974,0.98641765,0.9653979,0.9751383,0.97196525,0.9781396,0.976588,0.9726331,0.9804584,0.9743409,0.98537624,0.965469,0.9750237,0.9848086,0.99080706,0.9824895,0.9694661,0.97843623,0.52419347,0.985167,0.9258904,0.9718638,0.9733275,0.98334205,0.9571427,0.98110455,0.98106277,0.9900918,0.98314,0.98107994,0.9473681,0.98220205,0.97987384,0.9825809,0.96396554,0.9701373,0.9380778,0.97957134,0.97365534,0.9907111,0.9724599,0.9758906,0.97871304,0.98760504,0.9751916,0.98492175,0.97046494,0.98693335,0.9862936,0.9687973,0.9773974,0.9670597,0.97776,0.9674665,0.96372724,0.989848,0.97545457,0.9889449,0.98179936,0.9713402,0.9393586,0.97048557,0.9713945,0.97194874,0.9675943,0.982388,0.98092645,0.98693335,0.9766828,0.9820953,0.9821512,0.9740864
arcticmovie,0.9654495,0.9695055,0.9758133,0.9785075,0.9682342,0.9672653,0.9744204,0.97390276,0.9784163,0.952018,0.97038114,0.9703228,0.97872424,0.9626317,0.97023135,0.9796859,1.0,0.9682457,0.965214,0.9773048,0.9689706,0.9837452,0.97043633,0.96693975,0.96290517,0.745244,0.9718269,0.9813404,0.9817052,0.97596157,0.97087187,0.97958755,0.94921386,0.9660442,0.9519612,0.8934655,0.9776892,0.96312696,0.9771621,0.97276926,0.9635229,0.98090035,0.97032267,0.97835445,0.968782,0.94679207,0.96415645,0.97307837,0.9706399,0.9804436,0.9809154,0.98191774,0.9570231,0.9463569,0.97599363,0.953554,0.9767781,0.9592796,0.9653539,0.96928006,0.96767163,0.9575236,0.9685349,0.9736381,0.97887886,0.98623455,0.95989096,0.9732534,0.9564407,0.97474045,0.97196674,0.4455711,0.9360489,0.9643344,0.9543055,0.9315351,0.89753413,0.9469933,0.96751577,0.96619934,0.9660048,0.9746214,0.98104453,0.9592321,0.9801124,0.94452065,0.9852482,0.9726156,0.95736325,0.96323794,0.9611966,0.97196674,0.9671314,0.9644516,0.9767162,0.96279097,0.9617592,0.9653158,0.96768683,0.96669346,0.95896554,0.9703987,0.9674046,0.97612315,0.9633971,0.9753695,0.97949314,0.97462106,0.96738493,0.9739029,0.975381,0.54104954,0.9666289,0.94720197,0.9533868,0.9498988,0.97456765,0.94955164,0.97206885,0.98026574,0.9829973,0.9660242,0.96963346,0.94071144,0.9690414,0.96187323,0.9727148,0.9557035,0.9639433,0.9459522,0.973434,0.9721651,0.98699456,0.978932,0.95701134,0.9710673,0.9748037,0.9695977,0.97745246,0.9688778,0.9784163,0.98065925,0.94222564,0.9571357,0.96952784,0.9743546,0.95234376,0.97111934,0.97969025,0.97505647,0.98188037,0.964037,0.9541236,0.93117493,0.96036285,0.9660812,0.9423721,0.95940137,0.9738313,0.9657838,0.9784163,0.9592199,0.9680119,0.9687465,0.97695374
artofracingmovie,0.9811852,0.9648319,0.9879451,0.9776616,0.9950477,0.9822223,0.98812205,0.98049444,0.98967487,0.98790115,0.9862773,0.96492594,0.9717399,0.98611796,0.9813908,0.971427,0.9682457,0.9999998,0.97109795,0.98245645,0.98980343,0.9833412,0.9720253,0.98681545,0.97814536,0.79456955,0.9891771,0.98444396,0.98439324,0.9678356,0.9811834,0.98559314,0.96930134,0.9731047,0.9312899,0.894308,0.9753668,0.97487354,0.9787252,0.98002714,0.9871097,0.9847963,0.9793986,0.970474,0.9824349,0.9786873,0.96148604,0.97578573,0.98322904,0.9758391,0.97517014,0.9849723,0.9609995,0.9556765,0.9642795,0.9950444,0.98603374,0.98594433,0.97743577,0.99414855,0.9780725,0.96975017,0.9812754,0.98236287,0.98409134,0.9792493,0.9848471,0.98515415,0.9894728,0.96018517,0.99506307,0.4858708,0.9715684,0.98611563,0.9517594,0.9525517,0.86242,0.9750785,0.9781704,0.9790116,0.9788464,0.9794759,0.98173726,0.9711444,0.96888137,0.9807164,0.97428066,0.9684541,0.9873778,0.98485494,0.9645792,0.99506307,0.98436064,0.97625554,0.96573687,0.98465025,0.9848239,0.9707501,0.9810848,0.97206604,0.9741481,0.9863414,0.9815173,0.9817877,0.9844484,0.9740012,0.9870066,0.97319645,0.9758294,0.98313606,0.9871515,0.6126471,0.98069113,0.9367182,0.9676245,0.98194176,0.9894296,0.96726876,0.98290706,0.9877017,0.98084754,0.9791843,0.9828548,0.9725949,0.98190635,0.98257685,0.9742275,0.9592725,0.989531,0.9123766,0.98897356,0.9844322,0.9800967,0.9803224,0.9802825,0.9704848,0.97461313,0.97662425,0.98889065,0.9923696,0.98967487,0.9806519,0.9762498,0.96686107,0.97856283,0.9831717,0.97605175,0.95880026,0.97797567,0.9814722,0.9853785,0.9796837,0.9920214,0.9338964,0.98826444,0.9882624,0.961929,0.99267924,0.99065894,0.97847915,0.98967487,0.98224646,0.98999023,0.9873714,0.9716382
avengers,0.9942832,0.9706175,0.9830929,0.9741024,0.979651,0.97191143,0.9850305,0.979876,0.98989403,0.9740123,0.9754805,0.9653581,0.9873264,0.98653936,0.96633065,0.9805918,0.965214,0.97109795,0.99999994,0.9728972,0.9863009,0.98178387,0.9849756,0.97973496,0.9774118,0.75609696,0.97889423,0.9690036,0.97911876,0.9701417,0.9916966,0.9775797,0.9747866,0.9721046,0.9490291,0.9229688,0.9820725,0.98423797,0.97228533,0.9738274,0.979583,0.98606604,0.98088473,0.9797314,0.9859059,0.97554785,0.98237693,0.96877635,0.960286,0.98452586,0.9836666,0.98263484,0.96290874,0.97195107,0.9454129,0.96774864,0.9812874,0.98721224,0.9821802,0.97408265,0.9810481,0.9598996,0.97632456,0.98129344,0.98019564,0.96886045,0.98182786,0.97800475,0.9793421,0.9566223,0.97687584,0.47330403,0.9601181,0.9753657,0.9752152,0.9666093,0.8726202,0.9733537,0.9680546,0.9818361,0.97818506,0.9664609,0.97054476,0.97404236,0.97502637,0.962887,0.957811,0.978821,0.97069293,0.97622997,0.96241146,0.97687584,0.97680604,0.97836304,0.98245305,0.96829855,0.9725097,0.96655,0.9740759,0.9800056,0.9700366,0.9715522,0.9844521,0.98313105,0.97449684,0.9813354,0.9887204,0.9770307,0.97807264,0.97197783,0.9847804,0.55547833,0.9926793,0.90913737,0.98754656,0.98187333,0.9890114,0.9673616,0.9870995,0.97903526,0.97802794,0.9875605,0.98138726,0.9692219,0.9886949,0.9812648,0.9771731,0.9755674,0.967347,0.9378398,0.98145914,0.9707755,0.9869969,0.9692066,0.98671746,0.96881354,0.9796659,0.98030996,0.9830256,0.962828,0.98989403,0.98314553,0.9665918,0.9712386,0.97133225,0.9806198,0.9749953,0.9604649,0.9819,0.9745295,0.9867665,0.9842549,0.97506523,0.93927586,0.97704256,0.9802588,0.9792883,0.97174394,0.9869012,0.9898918,0.98989403,0.97882146,0.9832266,0.98755133,0.9769804
beachbummovie,0.98094815,0.9712988,0.98560333,0.98273134,0.97948724,0.97096336,0.9856138,0.9668972,0.98660195,0.97968304,0.978495,0.9726173,0.9756812,0.9726398,0.9896578,0.97714514,0.9773048,0.98245645,0.9728972,1.0000001,0.99000967,0.9806129,0.9878808,0.9787746,0.9733397,0.722803,0.98505557,0.98026276,0.9795723,0.9807398,0.98129845,0.98620105,0.98105186,0.9609871,0.93030584,0.91609424,0.97808737,0.97684604,0.97294766,0.98169905,0.9710887,0.98492074,0.96564734,0.9759192,0.9798247,0.9683033,0.9823308,0.97896534,0.9793986,0.98045796,0.9755271,0.9901614,0.9594362,0.95487654,0.9575838,0.97646475,0.9824422,0.9744304,0.9832363,0.98266053,0.96780235,0.97404677,0.9763471,0.9763953,0.9829096,0.97253305,0.97714114,0.9877615,0.9796779,0.9850071,0.9842091,0.4280656,0.9485877,0.979033,0.9597322,0.9562408,0.8758953,0.9641797,0.9764662,0.97992253,0.97055626,0.98824584,0.9787387,0.9670208,0.9750253,0.9615759,0.97119796,0.972738,0.968931,0.98656464,0.9556374,0.9842091,0.97078395,0.9756139,0.9675336,0.9842883,0.9777697,0.98232067,0.98027587,0.98676586,0.96779215,0.9833259,0.972117,0.9783026,0.975475,0.9709475,0.98710185,0.96879125,0.9692337,0.97983366,0.98553693,0.5421351,0.9813851,0.95557624,0.96694696,0.9695747,0.984603,0.96025985,0.97786474,0.9857877,0.98162395,0.9792367,0.9786063,0.9521458,0.98693556,0.9838557,0.97821695,0.95144707,0.9718542,0.9155034,0.9868683,0.97865975,0.98382044,0.97882086,0.9743864,0.9744525,0.97887766,0.9741304,0.9878197,0.9880101,0.98660195,0.9740291,0.9650917,0.9565031,0.96679926,0.98754627,0.97982347,0.95831287,0.9702244,0.97392076,0.9860772,0.9780762,0.97639257,0.9450318,0.9673825,0.9827946,0.97197574,0.9769512,0.97913617,0.9697407,0.98660195,0.9739374,0.9829476,0.9854936,0.97150236
bernadettefilm,0.98979163,0.9731966,0.99412906,0.98110044,0.9908511,0.98197037,0.99203193,0.9804494,0.9951541,0.98753494,0.9857869,0.9711023,0.9804684,0.9873301,0.9880937,0.97662103,0.9689706,0.98980343,0.9863009,0.99000967,0.99999994,0.9867864,0.98667216,0.99014133,0.98216754,0.7500839,0.9874968,0.98057234,0.9863586,0.9757147,0.988534,0.99023026,0.9843539,0.9766173,0.9427412,0.9170383,0.979804,0.9822131,0.97643495,0.98460364,0.9858518,0.9910488,0.98358154,0.9816738,0.984997,0.9815851,0.98165,0.98122007,0.9822252,0.98584163,0.98241705,0.99251854,0.9650788,0.96903944,0.95062715,0.9877146,0.98843664,0.9887651,0.98585176,0.98722404,0.9807105,0.9747831,0.983013,0.98700345,0.98866916,0.9755285,0.98994595,0.9934794,0.9915175,0.9720948,0.98946494,0.45301986,0.96859384,0.98683494,0.9630425,0.96466523,0.86151034,0.9815005,0.9793898,0.9868667,0.9845323,0.98461455,0.9785144,0.97757375,0.9765293,0.9682953,0.9716495,0.9769204,0.97775173,0.99046206,0.96545357,0.98946494,0.9820972,0.9782951,0.97225124,0.9874043,0.98371077,0.9773902,0.98131734,0.98723084,0.97367316,0.98517823,0.98392475,0.9844892,0.98514354,0.97980267,0.99084544,0.9748926,0.97802633,0.9822887,0.99100596,0.5751445,0.99249864,0.94167656,0.9817012,0.985683,0.9930785,0.9677565,0.99078953,0.9908114,0.98268026,0.98890585,0.9824415,0.9745112,0.9916331,0.98544747,0.98234344,0.9697624,0.984393,0.92026603,0.99501896,0.9869729,0.98425126,0.98180854,0.9860186,0.9735096,0.9804246,0.9849881,0.98972464,0.98513615,0.9951541,0.98294514,0.9760394,0.97200954,0.9818159,0.9903173,0.98453265,0.9649031,0.97715265,0.981769,0.98903805,0.990504,0.98913205,0.93665016,0.98012424,0.9890202,0.9769372,0.9866984,0.9926672,0.9845713,0.9951541,0.9843005,0.9919256,0.9911497,0.9769104
