movie,21bridgesmovie,47metersdown,abeautifuldaymovie,abominablemovie,adastramovie,adogsjourneymovie,aftermathmovie,aftermovie,ahiddenlifefilm,alitamovie,angelhasfallen,angrybirdsmovie,annabellemovie,annamovie,apollo11movie,arcticdogsmovie,arcticmovie,artofracingmovie,avengers,beachbummovie,bernadettefilm,blackandbluemovie,blackchristmas,blindedbythelightmovie,bombshellmovie,booksmart,breakthroughmovie,brianbanksmovie,brightburnmovie,brittanyrunsmov,captainmarvelofficial,captivestatemovie,catsmovie,charliesangels,childsplaymovie,clarathefilm,coldpursuitmovie,countdown,currentwarmovie,darkwatersmovie,detectivepikachumovie,disneyaladdin,disneyfrozen,disneymaleficent,doctorsleepmovie,dolemiteismyname,dontletgomovie,doramovie,downtonabbey_official,dumbo,escaperoom,everybodyknowsmovie,fastandfuriousmovie,fightingwmyfam,fivefeetapartfilm,fordvferrari,freaksthefilm,geminimanmovie,glassmovie,gloriabellmovie,godzillamovie,goldfinchmovie,goodboysmovie,goodliarmovie,gretafilm,halathemovie,happydeathdaymovie,harrietfilm,hellboymovie,hersmellmovie,highlifemovie,highstrungmovie,honeyboymovie,hotelmumbaifilm,httydragon,hustlemovie,hustlersmovie,isntitromantic,itmovieofficial,jayandsilentbob,johnwickmovie,jojorabbitmovie,jokermovie,judythefilm,jumanjimovie,justmercyfilm,knivesout,lalloronamovie,lastblackmansf,lastchristmasthemovie,latenightmovie,lighthousemovie,lionking,littlethemovie,littlewomenmovie,littlewoodsfilm,longshotmovie,lordsofchaosmovie,lucyintheskyfilm,mamovie2019,marriagestory,meettheaddams,meninblack,midsommarmovie,midwaymovie,missbalamovie,missinglinkfilm,motherlessbklyn,onceinhollywood,onthebasisofsex,overcomermovie,peanutbutterfalcon,petsematarymovie,piercingmovie,playingwithfire,playmobilthemovie,pomsmovie,queenandslim,rambomovie,readyornotfilm,richardjewellfilm,rocketmanmovie,scarystoriesmovie,secretlifeofpets,serenityfilm,shaftmovie,shazammovie,spidermanmovie,spiesindisguise,starwars,stormboymovie,stubermovie,taosdfilm,teenspiritmov,terminator,theaeronautsmov,thebestofenemies,thedeaddontdie,thefarewell,thehighwaymen,thehummingbirdprojectfilm,theintrudermovie,theirishmanfilm,thekitchenmovie,thelegomovie,themustangfilm,thenightingalefilm,theprodigymovie,thesunisalsoastar,theupsidefilm,tolkienmovie,toystory,triplefrontier,uglydolls,uncutgems,underthesilverlake,usmovie,wavesmovie,whatmenwant,wonderparkmovie,wrinklestheclown,xmenmovies,yardiefilm,yesterdaymovie,zombieland
21bridgesmovie,0.9999999,0.9651513,0.9797379,0.9672457,0.97755945,0.9481204,0.9805763,0.9673272,0.9879324,0.966121,0.9697153,0.9517714,0.9779718,0.9781651,0.9681377,0.9676021,0.9682243,0.9818317,0.9907595,0.9540263,0.9783613,0.9689786,0.97448254,0.96900547,0.97180337,0.47672632,0.9683417,0.96314275,0.9844236,0.96808684,0.97610885,0.97373116,0.96602684,0.9523885,0.9468147,0.94926584,0.97966796,0.9802477,0.97660244,0.97606117,0.9660066,0.98,0.93650204,0.9800753,0.9806744,0.97314525,0.96648294,0.9604079,0.95990425,0.97987866,0.9804285,0.9808583,0.95314664,0.9631569,0.96359,0.9710039,0.96971023,0.9778109,0.97367287,0.98192215,0.9657778,0.9540631,0.973038,0.9612119,0.9692681,0.966885,0.96727157,0.97146827,0.9705085,0.97221214,0.9814324,0.4995863,0.93126637,0.9810726,0.96026045,0.9597282,0.88398486,0.9700205,0.9765479,0.9567746,0.97339886,0.97069573,0.9783971,0.96939075,0.9711148,0.9515874,0.9660862,0.9684091,0.9700174,0.9824748,0.96110106,0.9814324,0.96728814,0.9681958,0.97024286,0.97878337,0.9707697,0.9793714,0.98190707,0.96917486,0.9695982,0.9676355,0.97940046,0.977535,0.9668975,0.97614217,0.9655468,0.95857275,0.9663996,0.9575361,0.9807474,0.46992737,0.98148096,0.8145602,0.97424084,0.99036473,0.9940074,0.95022315,0.9822402,0.98035634,0.9759851,0.9796954,0.9749775,0.9322151,0.9786632,0.97102576,0.95783603,0.9814303,0.9748612,0.92200416,0.9781215,0.97553676,0.97625965,0.9533846,0.9755094,0.9708768,0.9849312,0.97259766,0.9781914,0.9720865,0.9879324,0.965116,0.9677434,0.9686967,0.95477366,0.95695424,0.9592136,0.9680616,0.97539794,0.97842014,0.97589666,0.9695973,0.9681914,0.92605674,0.96218663,0.9833831,0.96291476,0.9797198,0.98016703,0.97524124,0.9879324,0.96482384,0.9766132,0.9761411,0.9702067
47metersdown,0.9651513,0.9999998,0.9672809,0.96282464,0.944505,0.9734368,0.96796453,0.9579769,0.981168,0.9569564,0.94694906,0.9414317,0.9774668,0.981553,0.9811868,0.9744291,0.96950364,0.9572761,0.9642157,0.9571351,0.9763502,0.9617959,0.98137116,0.96467125,0.96714354,0.46780196,0.97450966,0.96524686,0.96572834,0.95631117,0.9738682,0.9724961,0.959376,0.9746288,0.95432884,0.955298,0.98040205,0.95979893,0.9653671,0.96938336,0.9454061,0.9807824,0.93831867,0.9624131,0.96690553,0.95650405,0.97777,0.93943673,0.9662802,0.97405744,0.95833284,0.96731573,0.9780658,0.94386506,0.96188074,0.9529683,0.95939857,0.9847365,0.9671492,0.9771797,0.96287286,0.9524297,0.9492656,0.95615363,0.9713909,0.9652182,0.9591859,0.95540434,0.94572455,0.9401862,0.9800822,0.5318936,0.9396645,0.97488576,0.9585617,0.9465743,0.8488197,0.9508135,0.9713777,0.95706826,0.9447691,0.9575015,0.96632713,0.9518195,0.9732614,0.9672836,0.95082766,0.9766253,0.96045965,0.9670574,0.94962126,0.9800822,0.9592051,0.95771736,0.95985097,0.97514296,0.9669523,0.97090864,0.9797515,0.9701061,0.9535457,0.96300477,0.9715376,0.9721679,0.96908945,0.9524398,0.97499675,0.94168067,0.94011605,0.9462,0.9790114,0.43794063,0.9721895,0.8159303,0.9833196,0.96592385,0.9697668,0.9505265,0.96069956,0.9631157,0.96391207,0.98066586,0.97994673,0.9529693,0.9704618,0.95799786,0.9684673,0.9549565,0.9586346,0.91917,0.96872467,0.97447264,0.9657511,0.9302508,0.9801398,0.9610078,0.9614397,0.94497204,0.9814693,0.941004,0.981168,0.9565604,0.95002294,0.9367824,0.934693,0.9458934,0.960051,0.9681457,0.9603859,0.9803215,0.9662045,0.96984655,0.96444225,0.9431344,0.96583915,0.9652545,0.9547126,0.9658026,0.9698898,0.9756322,0.981168,0.9608849,0.9788999,0.9777256,0.9457328
abeautifuldaymovie,0.9797379,0.9672809,0.99999994,0.9790606,0.96647626,0.96185774,0.97683716,0.97030514,0.98983926,0.96934927,0.9734917,0.9709393,0.9795312,0.9848526,0.9738285,0.9710691,0.96467,0.9746942,0.9758674,0.95614517,0.978647,0.9836922,0.97043747,0.9833079,0.97318697,0.4316729,0.9692842,0.9614279,0.9896269,0.9707974,0.9621542,0.9824035,0.9556461,0.96873146,0.93493766,0.95024884,0.98489416,0.9776537,0.96535033,0.96934533,0.95676064,0.98416954,0.94207734,0.97399676,0.9763211,0.96944577,0.96374154,0.9622234,0.9623481,0.9791848,0.9879924,0.9782567,0.9658049,0.9708328,0.96483713,0.9674869,0.9713689,0.97599053,0.97532755,0.98847073,0.9543462,0.97218937,0.9737525,0.9635871,0.9634497,0.9828473,0.9717144,0.9788928,0.9715616,0.960987,0.98381793,0.44380078,0.93892115,0.98146886,0.9680799,0.96190995,0.8437265,0.9707802,0.97514707,0.95984083,0.96153575,0.9726042,0.9845956,0.9687975,0.9763364,0.96492636,0.9629646,0.9770315,0.97775096,0.9858895,0.9688781,0.98381793,0.97717476,0.97323936,0.9840543,0.97679704,0.97044003,0.9792057,0.98297226,0.9651657,0.9694747,0.97156376,0.98878056,0.9790442,0.96391356,0.98334855,0.9769442,0.95503294,0.9524952,0.9565628,0.9782331,0.40268558,0.9725938,0.81950855,0.97165877,0.97257227,0.98187023,0.9530776,0.98439574,0.9716135,0.9759226,0.96795076,0.97454333,0.9355681,0.9645903,0.97197866,0.96215665,0.9797772,0.9659255,0.9287048,0.9838872,0.9775812,0.9669196,0.94869673,0.9784656,0.9687079,0.9721205,0.9666192,0.9828191,0.95711565,0.98983926,0.9831323,0.9648629,0.95803785,0.9495093,0.94969136,0.9580618,0.96681494,0.9699844,0.97942835,0.9719064,0.9854756,0.9659445,0.9145808,0.9523102,0.9745575,0.9585565,0.9857329,0.97059727,0.97240955,0.98983926,0.96538603,0.9766209,0.97220695,0.9790498
abominablemovie,0.9672457,0.96282464,0.9790606,1.0000001,0.9535469,0.9356404,0.95929486,0.9550302,0.9772274,0.9417376,0.9538235,0.93564034,0.9753741,0.97317564,0.9585212,0.97382504,0.9435314,0.95412946,0.9672318,0.92457247,0.96721417,0.96222585,0.96148384,0.9723327,0.9557184,0.43412364,0.9414885,0.9391896,0.97273314,0.9614503,0.96216565,0.96618664,0.9479173,0.93427736,0.9332242,0.93918514,0.9703627,0.98141927,0.9501824,0.95360035,0.94262666,0.97308266,0.91369486,0.9631876,0.965999,0.9508526,0.9562467,0.9288422,0.95329094,0.9669271,0.96962523,0.9696365,0.94086576,0.952302,0.9683294,0.9654103,0.9617889,0.9564101,0.96363944,0.9730052,0.9564835,0.9670736,0.959255,0.95430636,0.9665397,0.9787551,0.951237,0.96190363,0.9488086,0.93410194,0.9742724,0.46073246,0.9426641,0.9679531,0.9510274,0.949885,0.8501588,0.9532879,0.9707709,0.93067664,0.94456613,0.96279967,0.9684728,0.9430957,0.9695994,0.96279323,0.9702324,0.955174,0.96945,0.9698061,0.9676275,0.9742724,0.9591174,0.96297324,0.9632273,0.9589879,0.945241,0.95502555,0.97573894,0.95158756,0.95330155,0.9471441,0.9712533,0.9711563,0.9578381,0.96540546,0.9541716,0.9417512,0.956067,0.9486349,0.9694697,0.4013669,0.9536489,0.81354797,0.9524639,0.95172465,0.9689236,0.93271095,0.96766317,0.9554663,0.960831,0.9541898,0.96576905,0.9098436,0.9583185,0.957915,0.94724673,0.9558964,0.9449454,0.88288355,0.9657944,0.96100444,0.9455467,0.93484646,0.955403,0.96065813,0.9660117,0.952346,0.9765824,0.94223756,0.9772274,0.9600536,0.9536822,0.9435769,0.92525023,0.94002986,0.95278585,0.9638398,0.96004575,0.96923864,0.9545413,0.9674273,0.9512012,0.9175226,0.94528306,0.9624315,0.9390993,0.97853506,0.9555606,0.94664174,0.9772274,0.94622374,0.97679406,0.9536987,0.96107906
adastramovie,0.97755945,0.944505,0.96647626,0.9535469,1.0000001,0.94213116,0.97586274,0.96022034,0.97780794,0.9693035,0.9693715,0.938181,0.9606719,0.9621853,0.95398986,0.9585989,0.9573869,0.98386407,0.9712498,0.9480889,0.95638967,0.9423724,0.95628875,0.96418464,0.9522146,0.3831,0.94010085,0.9468239,0.9709986,0.9698328,0.95227164,0.95472246,0.9302976,0.93184644,0.9106935,0.943349,0.9753713,0.96926457,0.9572476,0.94800496,0.9465925,0.96442163,0.915092,0.9634806,0.975062,0.96130866,0.95364493,0.9578361,0.9480395,0.963324,0.95031047,0.9715362,0.93564624,0.93572325,0.9414749,0.98107964,0.96864283,0.960165,0.96244204,0.97211397,0.9491163,0.94398457,0.9767007,0.9519176,0.9664181,0.9620767,0.96018404,0.96477526,0.9711389,0.9698585,0.96801776,0.4733134,0.9427237,0.96063364,0.9556071,0.94743127,0.8353433,0.95240134,0.96343607,0.94714195,0.9687658,0.9577864,0.96863323,0.93657136,0.9418339,0.9435052,0.9577529,0.9526602,0.95701814,0.9747854,0.95770764,0.96801776,0.9453522,0.95028126,0.94412977,0.96520376,0.9609233,0.9686467,0.9685323,0.9409448,0.9733525,0.9566614,0.9606153,0.9539686,0.95803225,0.9463339,0.95666265,0.962344,0.945461,0.94151264,0.9723746,0.41852805,0.96278447,0.8401035,0.9518441,0.9670815,0.97870487,0.9307903,0.97050804,0.97797924,0.9531327,0.95729816,0.9646124,0.9195934,0.96369153,0.9554188,0.9539136,0.95559454,0.97872114,0.9025732,0.97008914,0.96811783,0.9591706,0.9403443,0.9590145,0.9717111,0.96446717,0.9699065,0.96125865,0.96482456,0.97780794,0.93815595,0.9567402,0.96667033,0.93954855,0.94096714,0.94481075,0.94428796,0.9790267,0.9566832,0.9635136,0.9513892,0.96238095,0.91540456,0.9439919,0.97105813,0.9526205,0.9774679,0.9673385,0.9537479,0.97780794,0.95942235,0.95244986,0.96493244,0.9387464
adogsjourneymovie,0.9481204,0.9734368,0.96185774,0.9356404,0.94213116,1.0,0.96661896,0.9566417,0.97443455,0.95905757,0.95204556,0.9562506,0.9583822,0.9707892,0.9750804,0.962294,0.96669716,0.9511382,0.9473206,0.96466964,0.95817935,0.94810945,0.97061986,0.9611351,0.9702717,0.4083622,0.9624997,0.9609242,0.9555617,0.95371616,0.94879794,0.9597941,0.945277,0.97940564,0.9359135,0.9506671,0.97213703,0.93837297,0.9671998,0.96217823,0.94558144,0.97548795,0.96652985,0.9643698,0.9689642,0.95663255,0.968623,0.93899757,0.9630939,0.9782631,0.9459233,0.96868205,0.98263186,0.94535065,0.9507847,0.9462871,0.9518957,0.9820708,0.9673961,0.9673979,0.9414869,0.9471272,0.9617192,0.9576147,0.9703411,0.95987004,0.96036536,0.9596384,0.9599665,0.9374622,0.95892984,0.47006956,0.92878985,0.9644437,0.9625335,0.93031144,0.8328652,0.95302266,0.9617264,0.96952844,0.9437797,0.9571153,0.96688473,0.944451,0.9630415,0.9666573,0.94080436,0.96730447,0.9485425,0.96879226,0.94131273,0.95892984,0.95291585,0.9448897,0.95216566,0.96378344,0.97400963,0.9704388,0.9682185,0.9644817,0.9631219,0.96823967,0.9569997,0.9565125,0.95879227,0.9449013,0.96543413,0.9537212,0.9164495,0.94016343,0.971346,0.38937974,0.962635,0.808658,0.96434677,0.95664024,0.9502887,0.94547,0.95631766,0.9653439,0.95107764,0.9598103,0.9766577,0.9814035,0.9463509,0.9624268,0.9719324,0.936412,0.95921,0.9533235,0.9593754,0.9685133,0.9648142,0.91458,0.97750676,0.95576715,0.9437223,0.94990915,0.96146715,0.9377005,0.97443455,0.943573,0.95191616,0.934116,0.9234998,0.94673085,0.95817,0.9491117,0.966607,0.9671699,0.97161484,0.9712266,0.9711462,0.9130672,0.95843774,0.93700904,0.9542861,0.95684576,0.9543921,0.96423084,0.97443455,0.9630455,0.96554124,0.9763528,0.9347754
aftermathmovie,0.9805763,0.96796453,0.97683716,0.95929486,0.97586274,0.96661896,1.0000001,0.97201264,0.98775345,0.9751322,0.9644102,0.94812584,0.97814584,0.9797887,0.9741748,0.97673917,0.96733737,0.97530943,0.97459805,0.9658919,0.964451,0.9730122,0.9718905,0.9760067,0.9740983,0.48244274,0.9698422,0.9647133,0.98384106,0.9697703,0.9770974,0.97819835,0.9644349,0.9650877,0.9429026,0.9384282,0.9823542,0.97542775,0.986955,0.9652946,0.9717235,0.98467195,0.93875396,0.98542184,0.98545325,0.9782053,0.9642183,0.9634849,0.969751,0.98495495,0.97206926,0.98300177,0.96307456,0.95213073,0.96964276,0.97883433,0.9785424,0.98521125,0.9830512,0.9804387,0.9701485,0.96316093,0.97521865,0.9696846,0.971393,0.97333443,0.97124743,0.9781212,0.97209793,0.9733746,0.98165137,0.5081757,0.9567631,0.97364825,0.9696684,0.9617891,0.8588482,0.9693432,0.98345995,0.97079057,0.9697874,0.9844225,0.98208994,0.9562124,0.9658126,0.97150326,0.9642773,0.9744182,0.973072,0.9812586,0.9738158,0.98165137,0.975903,0.9697554,0.962739,0.98285735,0.970109,0.97933376,0.9867291,0.96396375,0.97531384,0.9773632,0.9820647,0.970331,0.9707758,0.9718135,0.9654828,0.9694459,0.97551817,0.9527333,0.982758,0.49327877,0.9887724,0.8455525,0.9736521,0.97854316,0.9829999,0.95022875,0.9833438,0.99398905,0.98240376,0.98137826,0.97668225,0.94301903,0.9754996,0.9764828,0.96794844,0.9740445,0.985364,0.92532897,0.98036724,0.9834593,0.9713238,0.95274335,0.983355,0.97988206,0.9733747,0.95960605,0.97619617,0.9655375,0.98775345,0.97223824,0.96869266,0.96971834,0.953162,0.96362466,0.96622986,0.9583283,0.9789626,0.97433686,0.9925152,0.9649652,0.9761763,0.9412309,0.96373945,0.9785336,0.966079,0.98052204,0.985913,0.97795403,0.98775345,0.9710537,0.9754322,0.9860209,0.96689445
aftermovie,0.9673272,0.9579769,0.97030514,0.9550302,0.96022034,0.9566417,0.97201264,1.0000002,0.9817289,0.96992654,0.97187597,0.9534638,0.97236705,0.96600324,0.96715677,0.9638636,0.9595518,0.9619239,0.96060777,0.971336,0.9567982,0.95349294,0.9547213,0.9652521,0.9561444,0.49833182,0.95856947,0.94882226,0.9694187,0.9678123,0.9542255,0.96951157,0.9523035,0.96004546,0.9079533,0.9154097,0.9726548,0.958412,0.9747946,0.9761182,0.9750097,0.97487634,0.9514074,0.97000873,0.9692403,0.9616942,0.9491814,0.94679976,0.97772795,0.9772401,0.9565047,0.97984046,0.9558436,0.9356551,0.96981996,0.96404135,0.97361994,0.96739346,0.9757568,0.9734148,0.9661236,0.96245736,0.96782506,0.97495484,0.9612822,0.97158146,0.9583892,0.9717174,0.97388756,0.96074015,0.9649868,0.46415082,0.9356667,0.97096914,0.9511108,0.9506568,0.8341206,0.959728,0.97124016,0.95811534,0.9743192,0.9694966,0.98688275,0.93762714,0.9477359,0.96739286,0.955598,0.97556335,0.95717883,0.97942233,0.9622269,0.9649868,0.95775205,0.970574,0.95128953,0.97027797,0.9652145,0.97249836,0.97720784,0.94633055,0.9689066,0.9765318,0.9595955,0.967941,0.9664043,0.9528668,0.9642052,0.97271436,0.94729394,0.9660299,0.9712536,0.49199802,0.96425796,0.8155746,0.9578169,0.9617235,0.96928984,0.93312615,0.97551715,0.97220653,0.9779557,0.95737547,0.9636771,0.9340459,0.9594477,0.9771398,0.96615505,0.94293165,0.9567993,0.9469462,0.97022676,0.9813195,0.96349514,0.95843494,0.9668694,0.9766761,0.9662,0.9690703,0.9669637,0.97122824,0.9817289,0.94958705,0.9730931,0.9721599,0.9680303,0.95590246,0.96271664,0.9299575,0.9724434,0.9606178,0.9695025,0.97683084,0.9756016,0.9011971,0.9423436,0.9555053,0.97565216,0.9691257,0.9753769,0.9601102,0.9817289,0.96514356,0.96733874,0.9692839,0.9591259
ahiddenlifefilm,0.9879324,0.981168,0.98983926,0.9772274,0.97780794,0.97443455,0.98775345,0.9817289,1.0000001,0.98014104,0.9814842,0.96593016,0.9885656,0.99265033,0.987637,0.9844012,0.97996444,0.98335576,0.9856056,0.97501457,0.9867662,0.97469974,0.9854131,0.984066,0.9808473,0.4613011,0.97643,0.9726866,0.9859073,0.98108006,0.9794866,0.98876816,0.9719768,0.97347915,0.945767,0.9531705,0.9910802,0.9857788,0.98279387,0.98408467,0.97211975,0.99304324,0.9546442,0.9863675,0.9907446,0.98090565,0.98065954,0.9690865,0.97983193,0.99181324,0.9796418,0.9930954,0.97467047,0.9713734,0.9770211,0.9786668,0.983368,0.9878212,0.98141164,0.9928216,0.9733511,0.9672106,0.9828401,0.9781322,0.9831203,0.9824828,0.982,0.98372895,0.98235124,0.9701788,0.9925084,0.47877592,0.9533684,0.9889049,0.9751445,0.96815324,0.8570699,0.9807022,0.9875765,0.9752419,0.9776054,0.98151064,0.9908505,0.9668502,0.9806943,0.978801,0.977596,0.98423827,0.982741,0.99362683,0.9732715,0.9925084,0.97942746,0.9761774,0.9757484,0.9894531,0.9860546,0.989672,0.99160933,0.9795633,0.9802642,0.9842828,0.98593616,0.98970884,0.9832164,0.97563034,0.98333156,0.97064865,0.96124375,0.97156394,0.98971707,0.44923684,0.9873483,0.83641744,0.9832239,0.9843395,0.9907301,0.95997506,0.990414,0.98508096,0.9847293,0.982213,0.98976064,0.9530286,0.980439,0.98281044,0.9805064,0.9778963,0.98032504,0.93745285,0.9908788,0.9876476,0.9843158,0.9574287,0.98791254,0.9829141,0.9829464,0.9809897,0.99006695,0.97134495,1.0000001,0.97182935,0.975254,0.9715065,0.96212953,0.9706208,0.9734625,0.97087884,0.98460525,0.9849651,0.9839217,0.98834175,0.9845947,0.9302954,0.9698584,0.9833856,0.9733468,0.990989,0.9843273,0.98214644,1.0000001,0.97622305,0.9876253,0.98854584,0.972791
alitamovie,0.966121,0.9569564,0.96934927,0.9417376,0.9693035,0.95905757,0.9751322,0.96992654,0.98014104,1.0000001,0.97078735,0.96289885,0.96012133,0.9648714,0.96806663,0.95734787,0.97463125,0.9718761,0.96273863,0.9696187,0.96766305,0.9477131,0.9597243,0.97278196,0.9653267,0.4443331,0.96414286,0.9625798,0.9647371,0.96340954,0.94335943,0.96849895,0.94123685,0.9604942,0.9147064,0.929955,0.9795913,0.9597365,0.96200436,0.9542229,0.9544008,0.96776116,0.937992,0.9659597,0.9691502,0.9732841,0.95576864,0.97281754,0.97106385,0.9680063,0.95335454,0.97507817,0.9547349,0.94204015,0.9511718,0.9528884,0.96403724,0.9666314,0.96601355,0.97498715,0.9494198,0.95193726,0.96775323,0.9549765,0.95188636,0.9658622,0.9696223,0.97525144,0.97216773,0.9501169,0.9725809,0.4770929,0.9286327,0.963439,0.9583841,0.94984347,0.8074233,0.9588981,0.96477026,0.9718974,0.9622468,0.95448184,0.9718288,0.93774796,0.9474527,0.9641779,0.94667876,0.970655,0.9728886,0.98127115,0.9491686,0.9725809,0.96276987,0.9634324,0.95452756,0.97253853,0.9782543,0.9673287,0.97320527,0.9546473,0.9711331,0.97433615,0.9648461,0.9624367,0.97703516,0.949363,0.9794094,0.94892967,0.93323237,0.95305705,0.9706839,0.4125276,0.96345115,0.85850644,0.96749055,0.96899056,0.9694431,0.9420646,0.979639,0.9729673,0.9656116,0.9622919,0.9711099,0.9408089,0.9450844,0.9759447,0.95674646,0.95232207,0.9633082,0.9337114,0.9765458,0.9773739,0.9695699,0.95822597,0.9734413,0.964778,0.95629704,0.96124935,0.96891105,0.9676379,0.98014104,0.94664055,0.95580304,0.9448145,0.95454097,0.9604267,0.9553966,0.9318181,0.95924044,0.9635877,0.96240455,0.9656791,0.974593,0.92638445,0.94480634,0.9620232,0.96538264,0.9687999,0.9654707,0.96082383,0.98014104,0.97235584,0.9528545,0.9694172,0.9580244
angelhasfallen,0.9697153,0.94694906,0.9734917,0.9538235,0.9693715,0.95204556,0.9644102,0.97187597,0.9814842,0.97078735,1.0000001,0.971609,0.96800023,0.96784836,0.9585393,0.95561314,0.96993583,0.9737283,0.96361303,0.9588974,0.9605025,0.95082974,0.9586003,0.9677585,0.9678773,0.4240951,0.9526591,0.9728289,0.9695558,0.9766863,0.95157784,0.97193116,0.93962616,0.9487102,0.90392745,0.92131627,0.96902055,0.96309286,0.960313,0.9654291,0.9569984,0.9792642,0.9419182,0.96946245,0.9787296,0.9641952,0.9586994,0.96474427,0.96814644,0.9756546,0.95592564,0.98164314,0.95208675,0.9525494,0.946209,0.9646671,0.9646701,0.9559116,0.96156394,0.9792421,0.95599324,0.9429856,0.98013455,0.96453536,0.9630458,0.9632424,0.962289,0.983589,0.9882056,0.95212924,0.9708637,0.4146996,0.91352946,0.97809756,0.9724902,0.9330098,0.83068633,0.9651669,0.9653295,0.9573802,0.98154527,0.96476597,0.9806703,0.95906126,0.94940305,0.96515554,0.9648259,0.96748084,0.95922387,0.9854051,0.94544756,0.9708637,0.9652889,0.9611484,0.9530912,0.97123003,0.98576224,0.9716087,0.96809775,0.9527756,0.9710259,0.9702147,0.95853543,0.9688849,0.958977,0.95306104,0.96409065,0.9704448,0.92427397,0.9539407,0.97161627,0.44504687,0.9674939,0.8301261,0.9556883,0.97009987,0.97333145,0.95589375,0.98288316,0.96544075,0.9692791,0.95098794,0.9687226,0.93350005,0.95280504,0.97315174,0.9667727,0.952384,0.9731628,0.94422835,0.96923655,0.97179437,0.97564304,0.9540068,0.9562542,0.9758262,0.97433096,0.9874436,0.9705872,0.9580831,0.9814842,0.94694924,0.9640227,0.9648612,0.96322536,0.95783687,0.9632899,0.9309783,0.9663907,0.96386534,0.959364,0.97486436,0.9740207,0.87641406,0.9429096,0.95854014,0.96908575,0.97290426,0.96607494,0.9557393,0.9814842,0.95646584,0.9586623,0.9713087,0.9496727
angrybirdsmovie,0.9517714,0.9414317,0.9709393,0.93564034,0.938181,0.9562506,0.94812584,0.9534638,0.96593016,0.96289885,0.971609,1.0,0.9514965,0.9596874,0.9520753,0.9410781,0.9622072,0.9545127,0.9529226,0.94200087,0.95395565,0.94989383,0.9412722,0.96058667,0.95443475,0.4448196,0.9509989,0.9631686,0.95640516,0.9515441,0.9331101,0.9638036,0.9346548,0.9668748,0.9092592,0.9217387,0.9570561,0.9392317,0.94349855,0.9450781,0.93895316,0.96779513,0.92384326,0.95311743,0.9590939,0.96339935,0.93793994,0.96494347,0.9551552,0.95935845,0.95530957,0.95868,0.95627177,0.949013,0.9320302,0.9328505,0.9579669,0.9560374,0.95541775,0.9649857,0.9366079,0.9344202,0.9602585,0.9462615,0.932425,0.96436095,0.9562824,0.9662627,0.9674941,0.9263377,0.9581397,0.481583,0.8919782,0.9698195,0.9641153,0.91529584,0.83767277,0.95487946,0.94159997,0.9435545,0.9504117,0.9430906,0.96656674,0.95683503,0.9468811,0.9538426,0.93449616,0.964137,0.96032286,0.96983325,0.9190575,0.9581397,0.95451677,0.95104766,0.96158874,0.9575154,0.9680177,0.95370424,0.95463693,0.94920325,0.96254504,0.9597851,0.9524226,0.9551848,0.9517099,0.9506829,0.9656139,0.94451326,0.9064651,0.93574595,0.9588629,0.41677302,0.95062387,0.80497366,0.9474002,0.95766026,0.9508182,0.9547507,0.97079855,0.9455115,0.9563093,0.94354403,0.9531884,0.9328684,0.91634536,0.97376055,0.9537384,0.9437747,0.95607305,0.93095046,0.95639056,0.96105444,0.9644539,0.94680494,0.9566028,0.94178045,0.95624256,0.9487472,0.9599075,0.9422429,0.96593016,0.94904566,0.9562704,0.93784714,0.9461203,0.94302076,0.9516176,0.92319,0.9458948,0.9554059,0.9348992,0.97077674,0.953055,0.87396634,0.9418979,0.9407776,0.9544828,0.9616131,0.948289,0.9460936,0.96593016,0.94868344,0.94515485,0.9548557,0.95238936
annabellemovie,0.9779718,0.9774668,0.9795312,0.9753741,0.9606719,0.9583822,0.97814584,0.97236705,0.9885656,0.96012133,0.96800023,0.9514965,1.0000002,0.98698837,0.98061097,0.97499734,0.9636384,0.9759252,0.9767648,0.96092016,0.9801162,0.9716628,0.97088224,0.9741093,0.96881855,0.48549372,0.97328,0.96120524,0.98047924,0.96878004,0.98210055,0.9808544,0.9733559,0.9621366,0.9484454,0.93952835,0.987357,0.9803713,0.97086746,0.967098,0.973206,0.98985577,0.93128324,0.9753556,0.97002447,0.9680371,0.9673089,0.95917994,0.9706502,0.98153555,0.971963,0.9776824,0.96132946,0.9551674,0.97913516,0.9739203,0.9767859,0.97442406,0.9724944,0.98012364,0.9846294,0.9555967,0.9657719,0.9789783,0.96820104,0.9741975,0.96576995,0.96887004,0.96233267,0.96245414,0.9837717,0.5152883,0.943838,0.9823997,0.9635669,0.9474307,0.8539601,0.9587136,0.97652286,0.9623015,0.9669619,0.97758037,0.98614085,0.95656013,0.9734773,0.9714965,0.9702863,0.98322463,0.9682439,0.9783055,0.96524096,0.9837717,0.96636254,0.971978,0.97323585,0.98300666,0.96659905,0.9766849,0.98793215,0.96387863,0.9712267,0.97055745,0.98344433,0.98085994,0.9747632,0.96977144,0.9753274,0.96690476,0.9575369,0.94862604,0.9815511,0.45361134,0.97633463,0.80989814,0.9751484,0.96798205,0.9856495,0.94356805,0.97421867,0.97483945,0.9849851,0.97026366,0.97270745,0.9243632,0.9778865,0.9712499,0.9768889,0.96421456,0.97369087,0.91027045,0.9823857,0.9797381,0.967053,0.94971704,0.97265065,0.97254163,0.97961205,0.9634639,0.9851658,0.96557444,0.9885656,0.96761876,0.969017,0.9739891,0.9617651,0.94843245,0.95563716,0.9679425,0.9778536,0.9782466,0.97419995,0.9813099,0.9795506,0.9343277,0.95517945,0.974198,0.95533115,0.98216397,0.98461443,0.9695222,0.9885656,0.96767366,0.98849064,0.9711029,0.9653222
annamovie,0.9781651,0.981553,0.9848526,0.97317564,0.9621853,0.9707892,0.9797887,0.96600324,0.99265033,0.9648714,0.96784836,0.9596874,0.98698837,0.99999994,0.9841094,0.98095375,0.9683163,0.9728583,0.97817844,0.96546316,0.9834029,0.97439414,0.9823899,0.97891706,0.9694781,0.44441807,0.9746104,0.9667565,0.9780951,0.97129095,0.97756547,0.980848,0.97409296,0.97040814,0.9433104,0.9523184,0.9850944,0.9798953,0.97304475,0.9752164,0.9635805,0.98875934,0.93847936,0.975215,0.98029,0.9761297,0.97991776,0.9654604,0.9694178,0.9832423,0.97257066,0.9824325,0.971406,0.9647504,0.9673861,0.9695195,0.9766617,0.9850336,0.96790534,0.9832211,0.9673251,0.952357,0.9740364,0.9793901,0.9791399,0.97535753,0.9672033,0.97248256,0.9676863,0.9601254,0.98613906,0.47779143,0.9550116,0.98053145,0.97320044,0.9669722,0.86437833,0.9697461,0.9791667,0.9712471,0.96838576,0.97599673,0.9831241,0.9596586,0.979567,0.9720362,0.9667512,0.9807651,0.9789562,0.9812705,0.9648375,0.98613906,0.975051,0.9721547,0.9684267,0.98513395,0.97630394,0.98963124,0.9869352,0.97922087,0.9751683,0.97616047,0.9855568,0.9836248,0.97637814,0.9685955,0.98486656,0.961823,0.95328903,0.9543539,0.9823933,0.4407687,0.9836894,0.82132643,0.98341215,0.9747645,0.98501664,0.9604714,0.98144126,0.972406,0.9781243,0.9805776,0.97927976,0.9428514,0.97684926,0.9726552,0.9763908,0.9719715,0.97354764,0.91988003,0.9851885,0.97649455,0.97532934,0.9509913,0.9850806,0.9680547,0.97575057,0.9633453,0.9870175,0.9629861,0.99265033,0.9696999,0.9702348,0.96145767,0.953614,0.9571608,0.9639811,0.9672485,0.9746264,0.9830259,0.9752574,0.98260146,0.9766001,0.9286964,0.96590334,0.9719878,0.95427334,0.98411506,0.98089474,0.98154795,0.99265033,0.96887195,0.9859594,0.98088574,0.9660763
apollo11movie,0.9681377,0.9811868,0.9738285,0.9585212,0.95398986,0.9750804,0.9741748,0.96715677,0.987637,0.96806663,0.9585393,0.9520753,0.98061097,0.9841094,1.0,0.97713155,0.97586703,0.9701086,0.9741181,0.9812441,0.9787847,0.9608571,0.9792722,0.9628641,0.9700012,0.48772755,0.97301275,0.969507,0.96680754,0.9666974,0.9695261,0.97811484,0.9729014,0.9794306,0.9411148,0.9576528,0.98344684,0.96287775,0.9692619,0.9727952,0.9558025,0.9829854,0.95373935,0.97111547,0.96900874,0.96720225,0.97328836,0.96193504,0.9697629,0.9791567,0.9634502,0.9767679,0.9746242,0.9625156,0.9692975,0.96132946,0.9677176,0.9849317,0.9746755,0.98216045,0.9615423,0.9519868,0.9587161,0.97160447,0.9631984,0.9733865,0.9751631,0.96526825,0.96054566,0.95680267,0.98019314,0.52734196,0.9452484,0.9799515,0.9628884,0.95557904,0.84430605,0.9715671,0.9829265,0.9764334,0.96150976,0.9658561,0.9796831,0.95350456,0.9632579,0.96801376,0.95041376,0.9834652,0.96838254,0.98102134,0.9522586,0.98019314,0.9669729,0.9699109,0.97161174,0.99004287,0.9740017,0.98211914,0.9866262,0.9725383,0.9700138,0.9731001,0.97244895,0.98267525,0.97210026,0.95932835,0.9782271,0.95730734,0.946775,0.9510545,0.97220796,0.43619037,0.9726202,0.81987697,0.9838858,0.9667701,0.9727783,0.95408344,0.97060615,0.97020173,0.9731554,0.9719429,0.98612463,0.95559675,0.96599907,0.97212076,0.98137,0.96447355,0.962469,0.9355314,0.97960955,0.978325,0.97648656,0.9443677,0.99137056,0.96944535,0.96322936,0.96377885,0.97850573,0.95919114,0.987637,0.9533853,0.96429384,0.9537575,0.9561955,0.95934254,0.9576613,0.96099615,0.97087836,0.97255915,0.97408193,0.98197335,0.9756536,0.93755263,0.96834785,0.9683235,0.96573764,0.9694649,0.97748893,0.97868043,0.987637,0.97417617,0.98028857,0.97740465,0.95492005
arcticdogsmovie,0.9676021,0.9744291,0.9710691,0.97382504,0.9585989,0.962294,0.97673917,0.9638636,0.9844012,0.95734787,0.95561314,0.9410781,0.97499734,0.98095375,0.97713155,1.0000002,0.9644467,0.9689392,0.9705344,0.95695746,0.96910965,0.9592353,0.97589415,0.97284853,0.96977854,0.44431734,0.9697928,0.9570108,0.9672468,0.96448547,0.97743183,0.9723897,0.9692542,0.9573765,0.9279505,0.93707865,0.97349346,0.97607,0.97046465,0.9664617,0.96484095,0.9816901,0.9354966,0.9773311,0.97391325,0.9579375,0.9693881,0.9422169,0.9627612,0.98108554,0.96676207,0.9760605,0.96421415,0.9604608,0.9684277,0.9785513,0.9747466,0.97998863,0.97158825,0.97244745,0.9724349,0.9675737,0.9595602,0.97546554,0.976725,0.9671299,0.9740964,0.96758467,0.9577446,0.9558839,0.9801406,0.49685088,0.9591541,0.97164905,0.952888,0.9650593,0.8471475,0.9689036,0.97448224,0.9639426,0.95050776,0.9735118,0.97791755,0.94265956,0.9707436,0.9772269,0.95496416,0.9718512,0.96927464,0.9784671,0.96979487,0.9801406,0.96694505,0.9635908,0.95858413,0.9729493,0.9609313,0.974758,0.9849594,0.95609355,0.9616793,0.9683914,0.9686819,0.976931,0.96100336,0.96342987,0.9695752,0.96426636,0.9706857,0.94475794,0.974167,0.4318481,0.9738543,0.7989573,0.9725815,0.96095616,0.9747899,0.93574905,0.97256446,0.97411054,0.9708219,0.9713084,0.9746073,0.9371437,0.9706401,0.9651591,0.9628467,0.9592306,0.962321,0.9101504,0.9773113,0.97000664,0.97032267,0.9370039,0.9798819,0.9703105,0.9695891,0.9568871,0.97629887,0.95814496,0.9844012,0.95842284,0.9604239,0.948576,0.93278754,0.9573707,0.96261597,0.9503311,0.9732555,0.96935964,0.9726798,0.9735102,0.97213626,0.9195686,0.96621466,0.9706607,0.9637366,0.97604096,0.97344935,0.966629,0.9844012,0.9598984,0.9775793,0.9793696,0.9603176
arcticmovie,0.9682243,0.96950364,0.96467,0.9435314,0.9573869,0.96669716,0.96733737,0.9595518,0.97996444,0.97463125,0.96993583,0.9622072,0.9636384,0.9683163,0.97586703,0.9644467,0.99999994,0.9666066,0.96880835,0.96534574,0.97166246,0.9501337,0.97437394,0.96654665,0.97714454,0.4657145,0.96055746,0.9874176,0.95974594,0.96349496,0.95859456,0.97224176,0.9531508,0.9630621,0.93646747,0.9378475,0.9731236,0.9531659,0.9622703,0.96457595,0.9536195,0.9752646,0.9493003,0.9736222,0.97086567,0.9602583,0.97099704,0.9624609,0.9548074,0.97768503,0.9527282,0.9744739,0.9615684,0.95522034,0.9476673,0.9499554,0.9505656,0.98020136,0.9625782,0.97704685,0.9508511,0.948485,0.96315336,0.9529117,0.9637991,0.9593628,0.97117084,0.9689326,0.9685723,0.94111633,0.9753293,0.49169585,0.9182696,0.98275554,0.9669774,0.94077206,0.8530694,0.9664235,0.96273327,0.9645038,0.9572219,0.9544916,0.9670022,0.96873915,0.9671452,0.9610378,0.9460973,0.96658564,0.95528775,0.97546715,0.9486261,0.9753293,0.9502403,0.9513745,0.9521748,0.9738112,0.9825225,0.9730828,0.96789,0.9647524,0.9628727,0.9801758,0.95589596,0.9722957,0.9639484,0.94782764,0.96677303,0.9534518,0.92598784,0.94674414,0.96829325,0.44180506,0.9697146,0.8518893,0.97180897,0.97703457,0.9678606,0.95915353,0.97355837,0.9703552,0.9660102,0.968219,0.98094463,0.9590998,0.94600827,0.9700916,0.9644187,0.9601996,0.9687055,0.9352734,0.9661293,0.97209376,0.99451464,0.94672954,0.9801837,0.9671509,0.9610358,0.96772116,0.9760737,0.9556741,0.97996444,0.9487163,0.9552015,0.9367891,0.9401046,0.96932846,0.9734562,0.9495022,0.96477306,0.9726591,0.9646692,0.97109675,0.969403,0.91808337,0.9653833,0.96230173,0.97079986,0.95978355,0.96410614,0.97766477,0.97996444,0.9606301,0.9599958,0.9708552,0.94209194
artofracingmovie,0.9818317,0.9572761,0.9746942,0.95412946,0.98386407,0.9511382,0.97530943,0.9619239,0.98335576,0.9718761,0.9737283,0.9545127,0.9759252,0.9728583,0.9701086,0.9689392,0.9666066,0.99999994,0.97515,0.9577051,0.9699194,0.9484636,0.95755094,0.9713694,0.96811074,0.43938136,0.96847147,0.9640478,0.9729406,0.96510476,0.95904905,0.9685271,0.95207053,0.9480084,0.9234771,0.9467333,0.9846456,0.9729196,0.96267927,0.9530651,0.9607552,0.9747977,0.923813,0.9696098,0.96934366,0.961598,0.9541146,0.9774427,0.9548246,0.9729504,0.9618457,0.97382396,0.94419736,0.95382136,0.9530898,0.98375237,0.9669032,0.9689782,0.96731883,0.9751905,0.9619747,0.9482849,0.97305864,0.9662153,0.96474063,0.9592361,0.9676487,0.97020733,0.96795356,0.97133577,0.97492903,0.48591143,0.931531,0.97050583,0.9608816,0.9538364,0.8373004,0.960287,0.9660481,0.9702027,0.9687018,0.9613664,0.9803246,0.94987243,0.95378846,0.94993716,0.95343125,0.9698136,0.9586383,0.97769666,0.95648134,0.97492903,0.957118,0.9630647,0.96432245,0.9768115,0.9688742,0.9771721,0.98055816,0.94471735,0.9742001,0.96760994,0.9702481,0.9678062,0.9625636,0.95752233,0.9769654,0.96983075,0.9460304,0.93096066,0.97041667,0.42642784,0.9687569,0.79758763,0.9749141,0.9727767,0.98529226,0.93625593,0.97278124,0.9798052,0.967984,0.958952,0.96471006,0.92676866,0.96332437,0.9600608,0.96147376,0.96161455,0.97949064,0.91602373,0.9747055,0.97232854,0.96950316,0.94857043,0.9685333,0.96584475,0.96832526,0.9705984,0.96784765,0.97196114,0.98335576,0.9498404,0.959989,0.96588695,0.955734,0.9440503,0.9436265,0.95234287,0.9803512,0.96511847,0.9662534,0.972077,0.9772126,0.9099832,0.9460213,0.972764,0.9591157,0.9760834,0.9719844,0.9651788,0.98335576,0.974188,0.9619977,0.9689784,0.9500223
avengers,0.9907595,0.9642157,0.9758674,0.9672318,0.9712498,0.9473206,0.97459805,0.96060777,0.9856056,0.96273863,0.96361303,0.9529226,0.9767648,0.97817844,0.9741181,0.9705344,0.96880835,0.97515,1.0,0.95471203,0.97635883,0.96097237,0.9763168,0.96727276,0.9697512,0.46269512,0.9640393,0.959307,0.97370094,0.96355647,0.98010933,0.9762959,0.96779823,0.95464486,0.9440264,0.95537555,0.9752644,0.97859323,0.9756996,0.9742318,0.9659981,0.98290676,0.9371713,0.97871983,0.97682416,0.976235,0.9660854,0.95891017,0.964317,0.9798886,0.97762424,0.9788085,0.94755805,0.9650761,0.9581177,0.9628442,0.9684886,0.97798514,0.9705652,0.9793107,0.9710876,0.9439095,0.9690449,0.9618493,0.9632566,0.9673888,0.97050846,0.9605513,0.96355814,0.9674651,0.97934765,0.5200112,0.93252665,0.97854394,0.9538949,0.9604073,0.8877802,0.9667435,0.9768787,0.95392257,0.9644195,0.9621231,0.97491634,0.96261835,0.96645576,0.9573488,0.96585655,0.9637379,0.97500676,0.9826335,0.9508334,0.97934765,0.9684254,0.968489,0.97254074,0.97565526,0.96907455,0.9741362,0.97931236,0.97174346,0.9755443,0.9602557,0.97271353,0.9768931,0.96609616,0.97243226,0.9684591,0.9572988,0.9590685,0.9572292,0.9776289,0.45598453,0.97307014,0.8222382,0.96962297,0.9775607,0.9833682,0.94390607,0.9804304,0.97117335,0.970667,0.9755223,0.97767156,0.93162274,0.9725105,0.9761876,0.9588256,0.97949344,0.97372687,0.916892,0.9789607,0.97035956,0.97710717,0.94811106,0.9785877,0.96410304,0.97827524,0.968479,0.97347665,0.97109437,0.9856056,0.95459414,0.97689146,0.96253943,0.95328844,0.965321,0.9620363,0.9679277,0.9724387,0.9666037,0.9665166,0.97404855,0.9645298,0.9182528,0.9637355,0.9833654,0.9623806,0.9780495,0.976542,0.97233534,0.9856056,0.9703206,0.97602606,0.9725222,0.97198504
beachbummovie,0.9540263,0.9571351,0.95614517,0.92457247,0.9480889,0.96466964,0.9658919,0.971336,0.97501457,0.9696187,0.9588974,0.94200087,0.96092016,0.96546316,0.9812441,0.95695746,0.96534574,0.9577051,0.95471203,0.99999994,0.9632976,0.944289,0.9595181,0.94755393,0.9550648,0.49870393,0.96307576,0.95804816,0.9539871,0.95656335,0.94704175,0.96368283,0.9560939,0.96829414,0.9042289,0.9224265,0.9691276,0.93792975,0.9627997,0.965774,0.95373154,0.96792,0.9509959,0.95769465,0.9593732,0.9643658,0.957344,0.95792115,0.9600013,0.9666406,0.94375104,0.9673672,0.95927155,0.9450076,0.95765775,0.949774,0.95971125,0.9676113,0.95638,0.97033584,0.9472306,0.9337557,0.9523189,0.9631814,0.94896185,0.9518129,0.95898706,0.95701075,0.9654696,0.96272784,0.9625025,0.5105759,0.9385136,0.96432745,0.94490975,0.94691646,0.80822855,0.954007,0.95989144,0.975993,0.95779794,0.95303065,0.9738784,0.9363332,0.9422414,0.9520525,0.9314211,0.97499895,0.9490814,0.972878,0.93630266,0.9625025,0.95814776,0.96103656,0.9486775,0.97261316,0.9734177,0.98162556,0.9735949,0.94928586,0.96559006,0.9716802,0.9526552,0.9675336,0.96507597,0.94085455,0.9699134,0.96057904,0.9252858,0.94246626,0.9618972,0.46815228,0.96273357,0.80233765,0.96613544,0.957114,0.9610786,0.9375278,0.9597142,0.9614978,0.96657825,0.9611989,0.9702524,0.93924123,0.95516753,0.9619032,0.9748277,0.94049084,0.9560263,0.95119417,0.972068,0.9791044,0.9673333,0.94144195,0.9790799,0.9639891,0.9462728,0.9596505,0.95862406,0.96804446,0.97501457,0.9385667,0.9581914,0.9514977,0.9623508,0.94719005,0.93513274,0.9257381,0.9635085,0.9557134,0.96649736,0.9687341,0.9754038,0.9186599,0.9502952,0.95216495,0.9603069,0.9528639,0.9706566,0.96859735,0.97501457,0.9610347,0.9568078,0.96764106,0.9400612
bernadettefilm,0.9783613,0.9763502,0.978647,0.96721417,0.95638967,0.95817935,0.964451,0.9567982,0.9867662,0.96766305,0.9605025,0.95395565,0.9801162,0.9834029,0.9787847,0.96910965,0.97166246,0.9699194,0.97635883,0.9632976,1.0000001,0.9680601,0.9798339,0.969316,0.96714276,0.47008458,0.9671777,0.9622454,0.9733219,0.96931726,0.969378,0.9769111,0.9678569,0.95989764,0.9375758,0.94868857,0.9811606,0.9762765,0.9586997,0.9737514,0.9524733,0.9781418,0.93630207,0.97028667,0.96808684,0.96557134,0.97639596,0.95697135,0.95378906,0.97267133,0.97381175,0.97353417,0.96343017,0.9753018,0.9656946,0.9528971,0.96127814,0.9725631,0.95258546,0.979332,0.9581346,0.9469011,0.95726323,0.9571233,0.9635898,0.96379644,0.97525835,0.9638552,0.95888937,0.9562043,0.98446596,0.5071917,0.9289219,0.9836733,0.95031494,0.9554145,0.84726906,0.9691663,0.96370083,0.9624536,0.95224994,0.965086,0.973657,0.9567118,0.9846128,0.95813155,0.96082675,0.96919936,0.9702968,0.9781171,0.9569519,0.98446596,0.96158934,0.96072733,0.9732838,0.97779906,0.9715744,0.9799424,0.98068666,0.9737162,0.95776546,0.96852475,0.9784882,0.9864475,0.97546977,0.96889627,0.97895336,0.94149584,0.9435674,0.959338,0.9743687,0.40448517,0.9727588,0.79236764,0.977587,0.9764796,0.9859431,0.9444918,0.9706106,0.96277595,0.97520965,0.97035456,0.9764904,0.9323215,0.9717714,0.95846516,0.958662,0.9696307,0.9564882,0.91093045,0.9824948,0.97071743,0.9713383,0.93393475,0.978355,0.9642016,0.9753218,0.9670487,0.9815844,0.9582542,0.9867662,0.9646869,0.94941366,0.9508683,0.9486034,0.9428453,0.9458121,0.966042,0.9682238,0.9828904,0.9622861,0.9798548,0.97193897,0.94177604,0.9579242,0.9775092,0.94799834,0.97604614,0.96970654,0.97099817,0.9867662,0.95480484,0.9824602,0.9664794,0.96620697
