movie,21bridgesmovie,47metersdown,abeautifuldaymovie,abominablemovie,adastramovie,adogsjourneymovie,aftermathmovie,aftermovie,ahiddenlifefilm,alitamovie,angelhasfallen,angrybirdsmovie,annabellemovie,annamovie,apollo11movie,arcticdogsmovie,arcticmovie,artofracingmovie,avengers,beachbummovie,bernadettefilm,blackandbluemovie,blackchristmas,blindedbythelightmovie,bombshellmovie,booksmart,breakthroughmovie,brianbanksmovie,brightburnmovie,brittanyrunsmov,captainmarvelofficial,captivestatemovie,catsmovie,charliesangels,childsplaymovie,clarathefilm,coldpursuitmovie,countdown,currentwarmovie,darkwatersmovie,detectivepikachumovie,disneyaladdin,disneyfrozen,disneymaleficent,doctorsleepmovie,dolemiteismyname,dontletgomovie,doramovie,downtonabbey_official,dumbo,escaperoom,everybodyknowsmovie,fastandfuriousmovie,fightingwmyfam,fivefeetapartfilm,fordvferrari,freaksthefilm,geminimanmovie,glassmovie,gloriabellmovie,godzillamovie,goldfinchmovie,goodboysmovie,goodliarmovie,gretafilm,halathemovie,happydeathdaymovie,harrietfilm,hellboymovie,hersmellmovie,highlifemovie,highstrungmovie,honeyboymovie,hotelmumbaifilm,httydragon,hustlemovie,hustlersmovie,isntitromantic,itmovieofficial,jayandsilentbob,johnwickmovie,jojorabbitmovie,jokermovie,judythefilm,jumanjimovie,justmercyfilm,knivesout,lalloronamovie,lastblackmansf,lastchristmasthemovie,latenightmovie,lighthousemovie,lionking,littlethemovie,littlewomenmovie,littlewoodsfilm,longshotmovie,lordsofchaosmovie,lucyintheskyfilm,mamovie2019,marriagestory,meettheaddams,meninblack,midsommarmovie,midwaymovie,missbalamovie,missinglinkfilm,motherlessbklyn,onceinhollywood,onthebasisofsex,overcomermovie,peanutbutterfalcon,petsematarymovie,piercingmovie,playingwithfire,playmobilthemovie,pomsmovie,queenandslim,rambomovie,readyornotfilm,richardjewellfilm,rocketmanmovie,scarystoriesmovie,secretlifeofpets,serenityfilm,shaftmovie,shazammovie,spidermanmovie,spiesindisguise,starwars,stormboymovie,stubermovie,taosdfilm,teenspiritmov,terminator,theaeronautsmov,thebestofenemies,thedeaddontdie,thefarewell,thehighwaymen,thehummingbirdprojectfilm,theintrudermovie,theirishmanfilm,thekitchenmovie,thelegomovie,themustangfilm,thenightingalefilm,theprodigymovie,thesunisalsoastar,theupsidefilm,tolkienmovie,toystory,triplefrontier,uglydolls,uncutgems,underthesilverlake,usmovie,wavesmovie,whatmenwant,wonderparkmovie,wrinklestheclown,xmenmovies,yardiefilm,yesterdaymovie,zombieland
21bridgesmovie,0.99999994,0.9362332,0.96058017,0.9439442,0.9546056,0.94197255,0.9683042,0.9687998,0.9790221,0.9646926,0.95356035,0.9310896,0.9595374,0.9604737,0.9545586,0.9402786,0.9655566,0.9459185,0.9735113,0.9504954,0.94819283,0.9482785,0.9624868,0.9665464,0.957601,0.8798349,0.9471198,0.9548299,0.95380104,0.9497232,0.95352906,0.96486443,0.95836014,0.9473829,0.92011225,0.9057166,0.96306455,0.9700226,0.96124697,0.9542097,0.9543368,0.96943516,0.9433019,0.957821,0.95652205,0.95394295,0.96606183,0.95566696,0.95050395,0.9610989,0.953846,0.9674149,0.9527458,0.9563265,0.9430847,0.9637091,0.94189006,0.96609306,0.95345646,0.9545993,0.9542057,0.9545628,0.9477243,0.960936,0.9620336,0.95766,0.9520585,0.96191686,0.9568437,0.94629294,0.960791,0.71181625,0.94863343,0.964365,0.94315916,0.95013463,0.89812183,0.96017754,0.9638557,0.9436996,0.936154,0.95730305,0.96757865,0.9519316,0.9514611,0.9442328,0.9544177,0.9565925,0.95922005,0.95770043,0.94418794,0.960791,0.9430388,0.96705896,0.95739496,0.9518897,0.9544056,0.95811397,0.95188606,0.95719546,0.9431554,0.9544451,0.9410225,0.96511304,0.9599726,0.9550836,0.9535018,0.9521623,0.9406695,0.95042896,0.962975,0.89720625,0.9496041,0.9313029,0.94963026,0.96342975,0.9845097,0.9469263,0.9524709,0.96154743,0.9603281,0.9533846,0.96011186,0.9516816,0.96000963,0.95366603,0.95748305,0.9420719,0.95827,0.9232535,0.9578577,0.93879396,0.9586832,0.9345808,0.9663517,0.951074,0.95933515,0.96454144,0.95753354,0.93432695,0.9790221,0.95384467,0.94691366,0.95489085,0.9612194,0.95396996,0.9607596,0.9480297,0.9535481,0.9599708,0.96592385,0.9566355,0.9534358,0.9399342,0.95002747,0.9576714,0.9509162,0.95274836,0.95822185,0.94605273,0.9790221,0.95322216,0.96615946,0.96210486,0.94873327
47metersdown,0.9362332,0.99999976,0.93329334,0.9222021,0.9395112,0.9225848,0.9469951,0.93917596,0.95802754,0.94006306,0.92100936,0.92528796,0.93954486,0.92374253,0.9487556,0.9483268,0.9320637,0.9486417,0.9420569,0.9344323,0.9280517,0.939218,0.93367606,0.94870496,0.9231858,0.87662715,0.9287153,0.9106099,0.9444143,0.9300497,0.94283164,0.9387551,0.92265964,0.9356919,0.92068166,0.86183536,0.94531095,0.9407367,0.93885756,0.9504666,0.9457551,0.9397702,0.9188049,0.9425232,0.93162817,0.91931343,0.9329238,0.9273674,0.9439975,0.94415337,0.94612885,0.9526812,0.9226353,0.9278014,0.93914753,0.9385656,0.942952,0.9348453,0.94122726,0.9266001,0.9256961,0.9433065,0.931751,0.94173187,0.9369296,0.92481756,0.9415078,0.9407032,0.9234301,0.93046916,0.94709116,0.69139653,0.9193863,0.93519056,0.9141665,0.9183323,0.88729596,0.92525023,0.9384774,0.9242235,0.9207751,0.9250961,0.9480591,0.92829216,0.93680376,0.9200372,0.93446034,0.93963444,0.9366623,0.9519679,0.9332126,0.94709116,0.93566465,0.94446903,0.93661886,0.936443,0.91845804,0.9272865,0.945198,0.9375586,0.9201397,0.93128544,0.93662363,0.95319754,0.9435299,0.9410064,0.9453324,0.9422477,0.92977744,0.9362358,0.9320003,0.87273365,0.92815685,0.8892121,0.9354923,0.9126942,0.94554156,0.91862136,0.95013356,0.9364744,0.942785,0.94072425,0.9338227,0.932769,0.9436303,0.9508415,0.95670027,0.93431526,0.9238774,0.9139653,0.9364043,0.9285908,0.9528946,0.9208092,0.9309552,0.9343635,0.9202508,0.95734715,0.941677,0.9124511,0.95802754,0.93296343,0.9260008,0.9337161,0.95063853,0.93349296,0.9282668,0.9381541,0.94955796,0.9400448,0.9455336,0.9223598,0.9333083,0.92241096,0.93391395,0.94729877,0.94184065,0.9344025,0.91750956,0.9233825,0.95802754,0.9328324,0.94194853,0.94851995,0.9421932
abeautifuldaymovie,0.96058017,0.93329334,0.9999999,0.9455785,0.94862086,0.9619045,0.96525896,0.9624455,0.97881883,0.9584698,0.9496375,0.95565236,0.94547933,0.96073425,0.95334023,0.9311932,0.96603465,0.9497225,0.95107615,0.9502189,0.9517893,0.96313584,0.95530856,0.9701303,0.95337063,0.8709889,0.9429626,0.9497457,0.9725224,0.9464546,0.94603074,0.9556138,0.9502298,0.9633282,0.92513514,0.90055853,0.9586316,0.95548534,0.9547484,0.94987017,0.95215243,0.96680546,0.9381477,0.956837,0.9696072,0.955385,0.95541245,0.9498305,0.9478253,0.9603532,0.97963035,0.97148633,0.95389044,0.9407488,0.93636227,0.95393354,0.94568944,0.967007,0.94362503,0.96153975,0.95388246,0.9511369,0.9633129,0.9591654,0.9588419,0.94887465,0.94642776,0.9593177,0.94988793,0.9409641,0.9710435,0.6960469,0.93684536,0.96091765,0.9468638,0.94846976,0.8989885,0.953435,0.9512621,0.95059586,0.9462811,0.9483977,0.9636748,0.9623032,0.9609466,0.9358484,0.94743574,0.9478515,0.95222133,0.95499897,0.94790643,0.9710435,0.94976926,0.9637321,0.97109854,0.9496758,0.9526005,0.95458895,0.93454003,0.96203554,0.939722,0.9541376,0.9612747,0.9645293,0.9489924,0.9791324,0.9496043,0.94424087,0.95522547,0.9498614,0.96049094,0.8815432,0.9620321,0.90858793,0.9656942,0.9461116,0.9656176,0.95337015,0.9667157,0.96161747,0.964833,0.9623298,0.9573676,0.9502674,0.9447211,0.9476145,0.95512444,0.95315737,0.9481827,0.9281373,0.9631611,0.93806326,0.9620339,0.9322189,0.9658756,0.95470536,0.9459598,0.96195155,0.96216226,0.9440167,0.97881883,0.97334427,0.9465222,0.9465945,0.9644734,0.9648235,0.959757,0.93896013,0.9447395,0.9465999,0.9656384,0.9704359,0.95187,0.91529435,0.95694983,0.9613883,0.9480028,0.9598101,0.95998764,0.9571473,0.97881883,0.9358349,0.95903003,0.9663073,0.9729482
abominablemovie,0.9439442,0.9222021,0.9455785,0.9999996,0.9366875,0.94019324,0.93972504,0.94693005,0.9583937,0.9208505,0.9206038,0.92753744,0.94621533,0.93253833,0.93397325,0.92237455,0.9308628,0.9394063,0.9282737,0.9294083,0.9397999,0.93911415,0.9201286,0.95062304,0.92991036,0.8605697,0.93240666,0.9233312,0.93283075,0.93608123,0.9252989,0.92833686,0.9172934,0.93312943,0.9458944,0.8849361,0.9354174,0.93939054,0.9358414,0.91221786,0.94396245,0.9341172,0.9187021,0.93391883,0.9399227,0.9192687,0.92589474,0.90839404,0.93192357,0.9296539,0.94338065,0.9355938,0.9327009,0.94735837,0.9422565,0.9460907,0.93971854,0.9386547,0.9501485,0.9513292,0.92913556,0.9317877,0.932351,0.93654674,0.92979175,0.91648144,0.93052626,0.92576045,0.9472328,0.92952925,0.9551345,0.70681286,0.9275415,0.92996454,0.9416318,0.9267619,0.9174996,0.93063575,0.9343666,0.919609,0.9326172,0.95105857,0.9428314,0.9461058,0.9645104,0.91730076,0.94816935,0.9276333,0.920806,0.9277295,0.9285497,0.9551345,0.92024636,0.9290692,0.94184214,0.9276146,0.92940134,0.9491153,0.9190479,0.94106996,0.926348,0.9297017,0.9425195,0.9490337,0.9166472,0.94379216,0.94579226,0.9369529,0.9248349,0.9058914,0.9361411,0.8824568,0.94582695,0.92699283,0.9400305,0.9369499,0.9443081,0.9282624,0.93635064,0.9252452,0.95293456,0.93575424,0.93865716,0.94223005,0.9168045,0.9405051,0.9295428,0.93222094,0.93730444,0.8982675,0.94535786,0.929966,0.93125933,0.90240335,0.94574183,0.9324564,0.92071664,0.9276585,0.95025927,0.9030138,0.9583937,0.93862313,0.9255694,0.92549497,0.9346372,0.92498386,0.92518413,0.9599277,0.93913287,0.93104714,0.94776416,0.9280835,0.9384366,0.9081277,0.9400425,0.95040905,0.92365026,0.9442388,0.9366772,0.95036316,0.9583937,0.9266355,0.93738246,0.9382452,0.93022466
adastramovie,0.9546056,0.9395112,0.94862086,0.9366875,1.0,0.9558187,0.9408327,0.9551017,0.9779132,0.94922316,0.93568283,0.93872994,0.9540666,0.95019376,0.9496602,0.9528208,0.95015675,0.9774391,0.9471007,0.94756323,0.9574039,0.95179105,0.96182597,0.96936095,0.9501426,0.8873508,0.9649916,0.94162875,0.9410304,0.94424576,0.95079356,0.9537194,0.9379688,0.9280027,0.923837,0.89034986,0.96485174,0.9489087,0.9577567,0.94850826,0.96076256,0.95279735,0.9384152,0.9543435,0.9507846,0.9437844,0.9643391,0.9486711,0.95260286,0.9506661,0.9496155,0.965427,0.9495862,0.95047,0.94467837,0.97584033,0.95064956,0.9561743,0.9531991,0.96097934,0.95559114,0.9582189,0.94304925,0.95664334,0.9522539,0.9495629,0.95674706,0.96240515,0.9533059,0.950286,0.9677804,0.70205456,0.9472226,0.9633146,0.92538947,0.93134785,0.8798501,0.951642,0.9586687,0.9287577,0.9346136,0.94582015,0.96222466,0.94782144,0.9596515,0.94744533,0.9416784,0.9597278,0.9518884,0.9506246,0.95388055,0.9677804,0.93969506,0.95421046,0.9533733,0.94764084,0.9503582,0.9626536,0.94342965,0.9542799,0.9465684,0.9416688,0.94552124,0.96333796,0.93696815,0.95107484,0.96560335,0.9581621,0.93770313,0.9467768,0.9528418,0.8617496,0.9508465,0.9297315,0.952873,0.9405804,0.9569494,0.94757885,0.9621305,0.93710935,0.95766085,0.95505756,0.9662341,0.95341164,0.9546246,0.958065,0.96330124,0.92929137,0.9733751,0.9082138,0.9496392,0.96972394,0.9529566,0.9302549,0.95814526,0.9495568,0.9391314,0.9605866,0.9676724,0.9440562,0.9779132,0.9421285,0.9506057,0.944445,0.951373,0.9601592,0.9587699,0.94209725,0.949912,0.95743954,0.9441914,0.94201434,0.9542331,0.92188925,0.96027094,0.95962745,0.96854496,0.9578586,0.94626844,0.94618195,0.9779132,0.9458597,0.95641756,0.96136,0.94135904
adogsjourneymovie,0.94197255,0.9225848,0.9619045,0.94019324,0.9558187,1.0000006,0.94314,0.9454155,0.97150564,0.9448223,0.9389431,0.945971,0.9396438,0.9476766,0.9493811,0.93286926,0.94903696,0.94770515,0.93430483,0.9509024,0.9499532,0.9572885,0.9607389,0.95415026,0.94579124,0.85413074,0.9350745,0.94122356,0.9603891,0.9365397,0.9231648,0.9508204,0.94762665,0.93973863,0.9155273,0.882282,0.95999825,0.9394932,0.9467817,0.93716717,0.9514183,0.9562237,0.9364963,0.9471389,0.94819134,0.9483028,0.9555824,0.9433848,0.9406868,0.9457646,0.96666557,0.9608841,0.9560457,0.93427587,0.9336234,0.9518558,0.9412887,0.95801204,0.93293357,0.94724053,0.95215106,0.9399598,0.95321465,0.94570607,0.94324934,0.9327771,0.9403875,0.95386696,0.94708335,0.9342792,0.9516402,0.69882053,0.92714566,0.959443,0.93870753,0.9384523,0.882243,0.94737345,0.9404314,0.9301981,0.93849075,0.93640655,0.9480689,0.96096843,0.9531665,0.93932503,0.93935907,0.9442949,0.933567,0.94119716,0.9419501,0.9516402,0.9405174,0.95066404,0.96288955,0.94388026,0.95645624,0.94966567,0.9222759,0.9547245,0.9421535,0.9369197,0.96133673,0.9466319,0.93886334,0.969007,0.9524838,0.93696225,0.9440518,0.9419946,0.9417988,0.8659878,0.95595896,0.900513,0.9448851,0.92924273,0.94889975,0.9442849,0.95309305,0.9383091,0.95096236,0.9511379,0.9548824,0.9671755,0.9352894,0.9401903,0.9493651,0.9422658,0.9435749,0.9226888,0.9520091,0.9416126,0.94025373,0.9176466,0.95352376,0.9451913,0.9353779,0.945614,0.94915825,0.92796373,0.97150564,0.9567774,0.94102484,0.9288383,0.95663595,0.9603269,0.94713247,0.94159096,0.93368816,0.9318311,0.9513162,0.9535212,0.9458979,0.8986484,0.9453624,0.9434202,0.9560021,0.9439068,0.94866544,0.940912,0.97150564,0.92165685,0.9605137,0.9651923,0.9560592
aftermathmovie,0.9683042,0.9469951,0.96525896,0.93972504,0.9408327,0.94314,1.0,0.9696858,0.97678506,0.9626362,0.9496906,0.9351481,0.9520308,0.9575927,0.95831925,0.93893427,0.9694219,0.94447446,0.9611427,0.9543981,0.945792,0.95713633,0.95507586,0.9633473,0.95359844,0.88581663,0.93873477,0.9616286,0.9662464,0.93959314,0.9549039,0.9598703,0.9459037,0.95448005,0.9286712,0.9087542,0.95304424,0.9537818,0.96493655,0.9428053,0.95291895,0.9740531,0.9417271,0.96948504,0.95846677,0.9467349,0.9510706,0.9527585,0.95869946,0.9702339,0.9624713,0.9688283,0.9650201,0.94429207,0.94051427,0.95213306,0.93851703,0.96105146,0.947796,0.94861907,0.956541,0.9549384,0.95547646,0.9542651,0.9591289,0.9454943,0.94993514,0.9663051,0.9431298,0.93588114,0.95982563,0.7064252,0.9301511,0.9558262,0.9405876,0.9415848,0.910578,0.94629204,0.958692,0.9465896,0.9422143,0.9722191,0.96611583,0.9519107,0.9475443,0.94296044,0.95415944,0.9510516,0.94279474,0.9689887,0.9513218,0.95982563,0.9529365,0.96864295,0.94922614,0.95810205,0.9628455,0.9421973,0.96432406,0.9532729,0.9281726,0.95322436,0.9404332,0.95802337,0.9568357,0.96310884,0.95466846,0.94852734,0.95150864,0.9465024,0.9610265,0.8985108,0.9577594,0.9103283,0.9492315,0.94320124,0.96822417,0.9535014,0.9596988,0.98901653,0.9664776,0.9563125,0.9552078,0.94959474,0.9507886,0.9543031,0.95721716,0.96088487,0.94661564,0.92828774,0.95309526,0.9361712,0.9639233,0.94352055,0.9586811,0.95064443,0.9467608,0.9611422,0.95233065,0.93430215,0.97678506,0.9610502,0.94916207,0.95091575,0.96752286,0.95575505,0.94837976,0.9492501,0.9548085,0.948453,0.9850514,0.95748794,0.9470035,0.930564,0.9507283,0.9522213,0.95187044,0.94930464,0.95672315,0.9430126,0.97678506,0.9510308,0.9566243,0.96086705,0.9598963
aftermovie,0.9687998,0.93917596,0.9624455,0.94693005,0.9551017,0.9454155,0.9696858,1.0000001,0.9809263,0.94793755,0.9469161,0.9567286,0.9648707,0.96483666,0.96115154,0.9343523,0.95676494,0.9441854,0.9695495,0.9509666,0.95817506,0.96571606,0.9541178,0.97400177,0.9569485,0.8956859,0.9440412,0.9479527,0.9631882,0.951571,0.9605471,0.9537383,0.9495168,0.94812727,0.93224484,0.90779,0.96356565,0.96230096,0.9655731,0.9413674,0.9523611,0.97276926,0.94111353,0.96640825,0.9555881,0.95484984,0.9607886,0.946874,0.9538997,0.9670051,0.9639019,0.96224374,0.961652,0.96045256,0.95072144,0.9727125,0.94315267,0.9634542,0.950947,0.967592,0.9504319,0.9499793,0.94805765,0.9644568,0.96099764,0.9523474,0.94574165,0.9617023,0.9517144,0.9445031,0.97220504,0.712941,0.94545805,0.95883363,0.93661433,0.94313735,0.920055,0.95548195,0.9666216,0.93561393,0.94777125,0.97144306,0.96584964,0.95335186,0.9643228,0.9425706,0.964244,0.96391445,0.9607431,0.96792144,0.95256454,0.97220504,0.952299,0.9693871,0.959089,0.95635855,0.9582358,0.9608193,0.95451957,0.95725685,0.9385552,0.95586336,0.9537425,0.97093904,0.94901985,0.9658738,0.95741063,0.95137805,0.9532073,0.94657576,0.96506596,0.89521325,0.9575597,0.92674965,0.95425916,0.9547618,0.96779174,0.9472025,0.96177226,0.96623385,0.9609611,0.9584483,0.95783544,0.9547336,0.95499223,0.9606958,0.96400565,0.96599627,0.9631716,0.94565237,0.95767856,0.93515486,0.95881045,0.93817586,0.9645014,0.9552213,0.9500911,0.9569619,0.96706617,0.91842294,0.9809263,0.95915693,0.94436127,0.9591038,0.9628462,0.9564854,0.961937,0.9463279,0.9519366,0.9564273,0.9697612,0.9557807,0.95487535,0.9291528,0.9645172,0.9643633,0.9497206,0.9649274,0.96492046,0.95615387,0.9809263,0.945089,0.9551704,0.95880127,0.95045936
ahiddenlifefilm,0.9790221,0.95802754,0.97881883,0.9583937,0.9779132,0.97150564,0.97678506,0.9809263,1.0000001,0.9728048,0.9688707,0.9647192,0.9746044,0.97564447,0.9751062,0.96007276,0.97671324,0.9747096,0.9709111,0.9709372,0.97507286,0.9744552,0.97890115,0.98493004,0.9701232,0.9049279,0.96025467,0.96605366,0.9769449,0.96836764,0.97359324,0.9735557,0.96557677,0.97006685,0.9532068,0.92110854,0.9820478,0.97545826,0.9758209,0.9680193,0.97661394,0.9815445,0.96195203,0.97356325,0.97741026,0.9710488,0.98076093,0.9701199,0.97027147,0.97496986,0.97881126,0.98601127,0.9734815,0.96363145,0.96444106,0.98040104,0.9662007,0.9802732,0.9682798,0.97530514,0.9699559,0.9671865,0.97388196,0.97881496,0.9775801,0.96892565,0.96806026,0.97963697,0.96850526,0.9692504,0.98446536,0.7309406,0.9639889,0.981265,0.9617389,0.9617703,0.91837215,0.9690924,0.97404325,0.95970505,0.9650401,0.96873,0.9820621,0.97573745,0.9763123,0.963708,0.9714466,0.9800509,0.97082895,0.9773499,0.9709198,0.98446536,0.96966124,0.98156095,0.97772515,0.97082055,0.97472864,0.9699467,0.96596074,0.9781127,0.96468574,0.96730727,0.9683617,0.9842546,0.9688917,0.9784904,0.9778097,0.9707788,0.9664092,0.9672497,0.9745587,0.8967824,0.9778636,0.9427525,0.9763033,0.9626172,0.9840644,0.9666925,0.9814427,0.9732047,0.98122346,0.9758848,0.9760584,0.9704959,0.97803384,0.9752369,0.98153645,0.9650433,0.9756858,0.9485327,0.97933716,0.9624273,0.9730483,0.9455065,0.981115,0.9730671,0.9694246,0.9807549,0.97957194,0.95631933,1.0000001,0.9725117,0.96787137,0.9688774,0.98167366,0.9769133,0.9717433,0.96774685,0.97014004,0.96951216,0.98216,0.9734897,0.9764286,0.93670094,0.97582376,0.9728788,0.9733232,0.9797962,0.97450346,0.9696435,1.0000001,0.961592,0.98188514,0.9814849,0.9726304
alitamovie,0.9646926,0.94006306,0.9584698,0.9208505,0.94922316,0.9448223,0.9626362,0.94793755,0.9728048,1.0000001,0.9482523,0.9348456,0.945119,0.9494763,0.95132166,0.9244057,0.96194947,0.9531032,0.9657134,0.94965595,0.93278235,0.94774216,0.9589575,0.9547092,0.9397925,0.8742763,0.93150735,0.95139223,0.9522185,0.9423514,0.95604146,0.96712345,0.95536315,0.9480422,0.91368556,0.89317876,0.95719224,0.94411653,0.96024054,0.9493183,0.9602429,0.95896304,0.9351481,0.95531434,0.9513181,0.9478241,0.95164174,0.96102804,0.9530373,0.95663565,0.9543561,0.97020644,0.9559486,0.93389416,0.93930346,0.9499158,0.9464586,0.95182204,0.941858,0.94657356,0.9557172,0.94296,0.9547682,0.95033866,0.9578721,0.9334131,0.94331497,0.96852094,0.94441277,0.93793726,0.9510226,0.73492163,0.9393009,0.9598241,0.9305959,0.9380031,0.8838689,0.9574172,0.95283544,0.95692664,0.9364949,0.94054776,0.95797837,0.95275486,0.9445952,0.94009835,0.9463785,0.95011115,0.9456931,0.96664727,0.92847896,0.9510226,0.9622014,0.9656265,0.9499466,0.9419539,0.95385385,0.93827474,0.94568175,0.9562184,0.9328557,0.9441927,0.93845654,0.9506008,0.97433597,0.95526654,0.95297205,0.9285479,0.93575853,0.95132667,0.95243055,0.8876346,0.9440629,0.90639526,0.95455,0.94029725,0.9580836,0.9332216,0.9481239,0.9569216,0.95277804,0.9537869,0.95864034,0.9493074,0.9511331,0.9540641,0.9506359,0.94458026,0.9415945,0.9204769,0.949623,0.93706644,0.95480096,0.933632,0.9547482,0.9470379,0.95164955,0.9667373,0.9478319,0.94326156,0.9728048,0.94702727,0.9382607,0.9406513,0.95950377,0.96107817,0.94396603,0.9356475,0.93911415,0.93766946,0.96812904,0.9541353,0.94632965,0.935007,0.93485534,0.94417775,0.9471602,0.9474423,0.9513923,0.9432621,0.9728048,0.9577535,0.9573926,0.955166,0.962071
angelhasfallen,0.95356035,0.92100936,0.9496375,0.9206038,0.93568283,0.9389431,0.9496906,0.9469161,0.9688707,0.9482523,0.99999994,0.93719894,0.9392031,0.95363796,0.95322573,0.9251172,0.94873923,0.93650055,0.94553673,0.95699656,0.9417637,0.9405331,0.95172554,0.95615095,0.93726045,0.8842906,0.9219153,0.9468425,0.9429367,0.9525861,0.94919014,0.9498826,0.95901567,0.9456691,0.9232978,0.90150315,0.95766145,0.94652474,0.94602454,0.93270165,0.9378122,0.9586113,0.9551331,0.9589062,0.9491213,0.95267034,0.9446946,0.94595677,0.9417829,0.9608892,0.94814914,0.9537198,0.9433686,0.9212986,0.9367525,0.9416084,0.9360281,0.95537746,0.9291734,0.94606054,0.9461795,0.9315494,0.9539103,0.9591123,0.9421157,0.9598513,0.93434644,0.9505838,0.9524876,0.9381223,0.94935954,0.7334789,0.94973266,0.95911187,0.9539205,0.93492985,0.88310623,0.93228215,0.9318608,0.9336806,0.95959866,0.9403907,0.952185,0.94907564,0.9435196,0.94142544,0.9583346,0.94569933,0.9345915,0.9394325,0.9415639,0.94935954,0.9472195,0.9435948,0.9492674,0.9459296,0.9654122,0.9356351,0.9299325,0.9386566,0.9458014,0.93542546,0.9347418,0.9470681,0.95422286,0.9474212,0.93784595,0.93627334,0.9410115,0.9307868,0.958626,0.88949347,0.94362503,0.9123649,0.9518287,0.95780903,0.95876765,0.94269,0.94697684,0.9458184,0.950654,0.9452757,0.9493369,0.93922156,0.9482883,0.9411466,0.9451501,0.930125,0.937812,0.92878336,0.9524484,0.92003363,0.9379118,0.92086273,0.950956,0.95303154,0.9482834,0.9553232,0.94079214,0.9397376,0.9688707,0.94453967,0.94116867,0.9336384,0.94858426,0.9531681,0.9451909,0.9351941,0.9382873,0.94079334,0.9612558,0.948853,0.9515848,0.9096339,0.9351199,0.9378012,0.93465805,0.94272965,0.93788713,0.93983346,0.9688707,0.91234446,0.96814513,0.9511769,0.95390815
angrybirdsmovie,0.9310896,0.92528796,0.95565236,0.92753744,0.93872994,0.945971,0.9351481,0.9567286,0.9647192,0.9348456,0.93719894,0.9999999,0.94314814,0.93235904,0.951393,0.90058607,0.9289729,0.9308252,0.937234,0.93293285,0.95723706,0.96040064,0.94362587,0.94844264,0.9396192,0.88455296,0.9078858,0.9144274,0.9615326,0.95158625,0.9391366,0.92966175,0.9286951,0.96102154,0.93047833,0.8902858,0.9530019,0.9469204,0.94010127,0.92437136,0.93381464,0.94401723,0.9319432,0.9356417,0.9492184,0.94133675,0.95022255,0.93316656,0.92531365,0.93268436,0.9679136,0.9494654,0.9443879,0.91837835,0.95156753,0.9483747,0.95619255,0.9497704,0.92625105,0.95370185,0.92133194,0.92237175,0.94849366,0.9359761,0.94654256,0.93160695,0.9331829,0.9352075,0.9306251,0.9399398,0.9651742,0.74227417,0.9360352,0.9484508,0.93152237,0.9236442,0.8829044,0.93187535,0.93031615,0.93196064,0.9464672,0.92723775,0.93226886,0.9451748,0.9616467,0.91442746,0.9510295,0.9532984,0.9476448,0.9419888,0.9388418,0.9651742,0.9367755,0.9488758,0.9640848,0.93814385,0.93679386,0.93546337,0.9084599,0.95180637,0.9413674,0.9358353,0.96753466,0.96345186,0.92848676,0.9644591,0.9394747,0.92697793,0.9555267,0.94527745,0.9386888,0.8654496,0.9480068,0.9074556,0.95684665,0.92177135,0.9451438,0.933486,0.95231736,0.9347496,0.94912535,0.94055116,0.9369707,0.92911947,0.9345141,0.94372225,0.9465138,0.96193624,0.9329273,0.94150704,0.9452272,0.9136173,0.9315241,0.9068753,0.9432643,0.9446051,0.9430021,0.9461604,0.9619945,0.9225077,0.9647192,0.951522,0.94605535,0.93422574,0.953101,0.9481458,0.9368428,0.93351865,0.9213895,0.92789716,0.9479495,0.9345555,0.96274,0.8805262,0.95651346,0.94918644,0.9288717,0.9545534,0.9474652,0.941395,0.9647192,0.9213104,0.9435898,0.9436713,0.9506935
annabellemovie,0.9595374,0.93954486,0.94547933,0.94621533,0.9540666,0.9396438,0.9520308,0.9648707,0.9746044,0.945119,0.9392031,0.94314814,0.9999999,0.9500233,0.95359963,0.943454,0.94628483,0.9524114,0.94660497,0.9499384,0.9481766,0.94944364,0.955181,0.9629025,0.9452997,0.90502983,0.9295514,0.9374977,0.9414899,0.9476883,0.95556474,0.9620183,0.9287243,0.94344455,0.94702464,0.9047301,0.9557741,0.96809256,0.95832837,0.9467274,0.9518814,0.9527223,0.93482214,0.9503598,0.95107454,0.9465528,0.9572999,0.94847363,0.9563401,0.9472862,0.9463606,0.96273744,0.943004,0.95892924,0.9660346,0.95699745,0.9513483,0.94223756,0.9529227,0.9576185,0.948458,0.94860774,0.94346654,0.95394504,0.9562227,0.9455444,0.9504355,0.9577489,0.94735414,0.96312493,0.9661207,0.7252145,0.9466453,0.9489052,0.9353708,0.9447492,0.9178213,0.9431624,0.9536375,0.9285319,0.9506277,0.95242333,0.9641631,0.94881564,0.96289974,0.9347462,0.9584767,0.98110294,0.9584637,0.94651616,0.9579233,0.9661207,0.94860417,0.95505214,0.95964056,0.9407269,0.94308174,0.94093364,0.9471559,0.95698905,0.9467192,0.9395484,0.93380183,0.9722603,0.93380594,0.9485886,0.9617512,0.95593846,0.9407558,0.94578373,0.9507631,0.8779162,0.9507183,0.94485146,0.94592285,0.94135255,0.95828706,0.9399412,0.9593441,0.94626343,0.97051144,0.94705486,0.95419735,0.94327134,0.9608118,0.96186495,0.96653795,0.94029593,0.95340186,0.9182982,0.95523036,0.9372543,0.9422112,0.9181845,0.94721633,0.9499075,0.948556,0.9562798,0.9591143,0.9303498,0.9746044,0.94324976,0.94600517,0.95627326,0.9514751,0.95004404,0.9521742,0.9634114,0.95999324,0.94913226,0.9560625,0.9365615,0.9615814,0.91237354,0.9551275,0.9574937,0.9463142,0.95228827,0.94955754,0.9441983,0.9746044,0.94750744,0.9587277,0.9541153,0.9275187
annamovie,0.9604737,0.92374253,0.96073425,0.93253833,0.95019376,0.9476766,0.9575927,0.96483666,0.97564447,0.9494763,0.95363796,0.93235904,0.9500233,1.0000002,0.9509626,0.946202,0.9653363,0.9569204,0.9526873,0.9382262,0.95259553,0.94047254,0.9521002,0.9667902,0.9505008,0.8685431,0.9297173,0.9619363,0.9515963,0.947858,0.9479394,0.94850814,0.9497373,0.94894314,0.92910933,0.9061702,0.96047246,0.9549378,0.9475928,0.9396953,0.9478053,0.96350765,0.93633574,0.95112634,0.9505869,0.9455106,0.95804614,0.9483504,0.94875324,0.9544948,0.9536054,0.9579345,0.945504,0.9498922,0.93312216,0.95758736,0.9353268,0.9666785,0.9488664,0.9506393,0.9545423,0.9402448,0.9496029,0.97124356,0.9561006,0.9474167,0.94903165,0.9526251,0.95361996,0.9427818,0.9530161,0.70543116,0.946254,0.96669877,0.93460697,0.9300881,0.8950424,0.94601476,0.953446,0.92514014,0.94657075,0.948168,0.9651889,0.9464564,0.96038646,0.9429647,0.95131,0.95214975,0.9416498,0.953586,0.9496694,0.9530161,0.9488649,0.96198237,0.9556846,0.9422084,0.95426905,0.94519275,0.9387652,0.9536184,0.93857414,0.9465439,0.93880224,0.95360124,0.95730585,0.9513543,0.9447098,0.9391957,0.9430828,0.9430676,0.9500919,0.85932255,0.95742065,0.9114974,0.95617795,0.947365,0.9631449,0.9373889,0.9546642,0.96155924,0.9509895,0.97013897,0.9561512,0.94609153,0.94492525,0.9590248,0.95526963,0.93534946,0.9622726,0.9120306,0.94974995,0.93456703,0.9493069,0.92664933,0.9614964,0.95635074,0.950114,0.9529976,0.94876206,0.93521416,0.97564447,0.95137465,0.945505,0.9380398,0.94854474,0.9514665,0.9530785,0.9444494,0.9457331,0.9524234,0.96210295,0.9483526,0.94906753,0.91483516,0.9494535,0.9411279,0.9448897,0.9520853,0.96471405,0.9551269,0.97564447,0.93532735,0.9624079,0.9571231,0.94851094
apollo11movie,0.9545586,0.9487556,0.95334023,0.93397325,0.9496602,0.9493811,0.95831925,0.96115154,0.9751062,0.95132166,0.95322573,0.951393,0.95359963,0.9509626,0.9999996,0.93207306,0.94344664,0.9428033,0.95437986,0.96824074,0.9512293,0.95841575,0.96001345,0.9626197,0.9419884,0.90333647,0.9398112,0.934292,0.9610728,0.9445074,0.9525747,0.95526594,0.9431307,0.9460025,0.9287587,0.88780314,0.96744305,0.9572539,0.94489807,0.95033157,0.9494377,0.96184886,0.95412654,0.9597584,0.96150017,0.94746894,0.9557509,0.9486865,0.9500202,0.9619754,0.9596983,0.96028763,0.94708866,0.9385504,0.9440053,0.95975953,0.9640364,0.96428806,0.9414308,0.95696896,0.9448006,0.93336016,0.94956726,0.9600472,0.9581692,0.95557624,0.94408625,0.9477196,0.9445278,0.9410477,0.9633346,0.70592374,0.9434749,0.96058947,0.94242096,0.9491527,0.91324466,0.9515316,0.9602462,0.9297046,0.94937885,0.9512722,0.95658624,0.9490126,0.9477729,0.9371094,0.9542926,0.96278,0.9566057,0.95919913,0.94648105,0.9633346,0.9500976,0.9620333,0.9561023,0.97646123,0.9479305,0.9348421,0.94332993,0.95128816,0.94788164,0.937634,0.95553035,0.96422005,0.94925725,0.9608777,0.9586825,0.95795685,0.94899684,0.94615793,0.95466787,0.8953638,0.9601472,0.9137675,0.95841986,0.9426112,0.96202576,0.9415232,0.96114343,0.95584375,0.9585579,0.94535893,0.96079814,0.95419514,0.9592663,0.9502899,0.9669637,0.9480764,0.9546614,0.9437466,0.95831007,0.94451594,0.94990915,0.9333921,0.9603165,0.9508886,0.9420094,0.9635758,0.95159,0.91770005,0.9751062,0.95563954,0.9478802,0.9604137,0.9674393,0.9511852,0.9425457,0.94110835,0.9513994,0.9411829,0.95581335,0.9538455,0.9470604,0.90612257,0.95475966,0.95597553,0.9507482,0.9528049,0.9526555,0.95594746,0.9751062,0.93133855,0.96208596,0.95739126,0.9549043
arcticdogsmovie,0.9402786,0.9483268,0.9311932,0.92237455,0.9528208,0.93286926,0.93893427,0.9343523,0.96007276,0.9244057,0.9251172,0.90058607,0.943454,0.946202,0.93207306,1.0000001,0.94246256,0.95246154,0.93070996,0.9264047,0.92911226,0.9193498,0.94169235,0.95950973,0.93260974,0.8765013,0.9364207,0.9317909,0.93016,0.935063,0.9358707,0.9467557,0.9161089,0.91934866,0.911311,0.8743637,0.9392217,0.93004185,0.95296365,0.94364625,0.9516699,0.9445211,0.9131064,0.9451511,0.9271334,0.91434526,0.9379628,0.9344125,0.9460167,0.9450081,0.9339798,0.9492914,0.92643523,0.9458359,0.9252419,0.94413126,0.9188527,0.9343524,0.9496691,0.9341895,0.9423107,0.94960153,0.9342808,0.9525336,0.93237007,0.9305882,0.93554866,0.94542,0.93804353,0.9311164,0.9434127,0.685178,0.93246186,0.94549376,0.9148478,0.91392225,0.878311,0.9169994,0.93433774,0.90884054,0.92866695,0.9296946,0.9531539,0.92750347,0.9471165,0.93167615,0.9144286,0.9405291,0.9263617,0.9346109,0.94203764,0.9434127,0.9175239,0.9359279,0.93208617,0.924958,0.92800164,0.93926734,0.94629055,0.93406004,0.9220661,0.9287702,0.9201586,0.94831836,0.91595256,0.933299,0.94780797,0.96493566,0.92768127,0.930008,0.9431678,0.83432674,0.9324938,0.8995798,0.9213448,0.92267567,0.9479922,0.93460804,0.94927424,0.9317248,0.9469057,0.9463756,0.9484763,0.94067544,0.93311393,0.9446243,0.95089096,0.91407424,0.95066124,0.88289654,0.9346343,0.93977916,0.94037145,0.9136914,0.9336308,0.94391084,0.92945623,0.93413323,0.93897146,0.9261768,0.96007276,0.9317944,0.9277942,0.9307332,0.9376066,0.9373952,0.94244504,0.93864614,0.9568419,0.9552287,0.9409049,0.91530526,0.93378097,0.9227755,0.93097687,0.93657166,0.9464382,0.9458372,0.9278295,0.92365617,0.96007276,0.9165735,0.94348824,0.94699717,0.93003565
arcticmovie,0.9655566,0.9320637,0.96603465,0.9308628,0.95015675,0.94903696,0.9694219,0.95676494,0.97671324,0.96194947,0.94873923,0.9289729,0.94628483,0.9653363,0.94344664,0.94246256,0.9999999,0.951624,0.9524708,0.950711,0.9464111,0.9516097,0.9589744,0.9641911,0.9599435,0.8732496,0.9503607,0.96418536,0.95102805,0.9367484,0.9585145,0.9539403,0.9573515,0.95022637,0.923281,0.92029077,0.95717824,0.9542848,0.9524319,0.94944733,0.95415443,0.9719569,0.9357889,0.9598811,0.9512639,0.94844484,0.95375574,0.9549921,0.9549324,0.9588362,0.95296556,0.9686045,0.96420825,0.9494026,0.93473023,0.95128065,0.9279092,0.96831715,0.95028687,0.94942904,0.9520898,0.95293903,0.9630969,0.956413,0.9591498,0.9549232,0.93607116,0.96377933,0.9400848,0.9422571,0.9532504,0.7137337,0.930818,0.9547769,0.942448,0.94188637,0.8919702,0.94830644,0.95951134,0.94578433,0.9254248,0.9488359,0.96602273,0.95434624,0.95102394,0.957176,0.9486056,0.94929653,0.94383097,0.96682644,0.94434166,0.9532504,0.9537679,0.96611637,0.9574971,0.952489,0.9623562,0.9534912,0.9574876,0.9501896,0.9267973,0.9636803,0.9352609,0.95332825,0.96284723,0.9532976,0.9489984,0.93845356,0.93396103,0.9418089,0.95911175,0.88905174,0.950353,0.92186725,0.94792044,0.9466067,0.96794814,0.94995457,0.94947803,0.9638008,0.9580895,0.96522826,0.95674706,0.9566611,0.95716816,0.959057,0.9562686,0.9383568,0.9525625,0.9248873,0.95198107,0.93482214,0.97726226,0.9400203,0.96631044,0.94715834,0.9487594,0.96276194,0.95384926,0.9426233,0.97671324,0.9551395,0.94227886,0.94243664,0.9557255,0.95979244,0.96582055,0.9447754,0.9456945,0.95331824,0.9676912,0.95981044,0.9452768,0.9350254,0.94566154,0.94810355,0.9534245,0.95472896,0.9497943,0.94059014,0.97671324,0.9481923,0.95957696,0.96772194,0.9513804
artofracingmovie,0.9459185,0.9486417,0.9497225,0.9394063,0.9774391,0.94770515,0.94447446,0.9441854,0.9747096,0.9531032,0.93650055,0.9308252,0.9524114,0.9569204,0.9428033,0.95246154,0.951624,1.0,0.9330132,0.9397965,0.95134044,0.94050944,0.95179033,0.96351707,0.9407939,0.87847275,0.94840384,0.9384958,0.93872666,0.939963,0.9401803,0.9511538,0.93515337,0.94498104,0.9353299,0.88466924,0.95503986,0.94966197,0.9516991,0.95353395,0.96320146,0.9407087,0.92255646,0.9466719,0.95135957,0.93436366,0.9527476,0.9465037,0.9585446,0.94133663,0.94685584,0.9693799,0.9485327,0.9510713,0.94671875,0.96403855,0.9479283,0.9499528,0.9509154,0.9524069,0.9540562,0.9495569,0.94831365,0.9573163,0.9497665,0.9365372,0.9513315,0.96125746,0.948443,0.95463926,0.9576815,0.70100844,0.94260204,0.9554028,0.9233425,0.92996335,0.8867977,0.94269186,0.9437012,0.9254715,0.9373026,0.9426803,0.9610163,0.9436382,0.96139085,0.94737893,0.93680155,0.9580741,0.94433326,0.95581645,0.9500466,0.9576815,0.95239234,0.95791084,0.9496985,0.9357108,0.94171304,0.94644165,0.9419097,0.9503075,0.9385161,0.93606544,0.9354919,0.9574938,0.9447995,0.9471232,0.9585748,0.9483077,0.9253413,0.94420683,0.9425721,0.84931886,0.95782334,0.9183405,0.9565449,0.9288699,0.9501675,0.93338615,0.96187025,0.9400653,0.9570264,0.9640736,0.95738983,0.9508207,0.94796413,0.9598052,0.96329707,0.91847795,0.9612074,0.88976204,0.9448484,0.96541625,0.9501132,0.91962963,0.95257485,0.94650507,0.93197286,0.9638401,0.9566691,0.9559289,0.9747096,0.9410357,0.94934607,0.9362073,0.9480408,0.95785767,0.9440073,0.95532435,0.9510812,0.95730853,0.9514808,0.9355335,0.9523841,0.92099017,0.9463154,0.94533044,0.9539875,0.95207673,0.94641614,0.949463,0.9747096,0.95530343,0.9555213,0.95482683,0.9453803
avengers,0.9735113,0.9420569,0.95107615,0.9282737,0.9471007,0.93430483,0.9611427,0.9695495,0.9709111,0.9657134,0.94553673,0.937234,0.94660497,0.9526873,0.95437986,0.93070996,0.9524708,0.9330132,1.0000001,0.9386048,0.9327035,0.9489324,0.9511792,0.9604279,0.94229907,0.87946343,0.93372875,0.9375625,0.9555916,0.947639,0.9659342,0.9515147,0.95171624,0.942063,0.9114362,0.8981432,0.9542195,0.9419952,0.9615816,0.94067997,0.9486045,0.9566112,0.92658335,0.94893485,0.94480413,0.93798816,0.95206237,0.9422572,0.9430079,0.9510446,0.9538483,0.9571746,0.94184107,0.9427095,0.93461394,0.9542488,0.93873763,0.9584813,0.95232254,0.9520082,0.939984,0.9439144,0.93980885,0.95672417,0.9523912,0.95012975,0.9363606,0.9525997,0.95291,0.9326833,0.9602092,0.7158749,0.9479463,0.95776206,0.9338737,0.93436944,0.89240485,0.95548534,0.96696264,0.9390917,0.9411689,0.94833887,0.9600113,0.95080435,0.9427437,0.92605996,0.95382595,0.95161796,0.95194334,0.967866,0.92666674,0.9602092,0.9400191,0.96596503,0.9420589,0.9484602,0.9406787,0.9532009,0.94446516,0.95599544,0.9242922,0.9427057,0.93926066,0.9593804,0.95786685,0.9545864,0.95216477,0.9406403,0.9499744,0.942332,0.95333225,0.8820872,0.93652576,0.9185107,0.94213986,0.94453585,0.95606893,0.937171,0.94461834,0.9564533,0.9479203,0.9479842,0.95066303,0.94582146,0.944228,0.95764637,0.9517115,0.9556223,0.9483062,0.9239937,0.9490425,0.922721,0.94900453,0.9373627,0.95709467,0.94142306,0.94617325,0.95385104,0.9573094,0.91068506,0.9709111,0.94747543,0.9301554,0.95389235,0.95604503,0.94609994,0.95289767,0.92867154,0.9463755,0.9408985,0.9650956,0.93751734,0.94357294,0.93243766,0.9504866,0.9571242,0.95041275,0.95760155,0.9467057,0.9402069,0.9709111,0.95345974,0.9547757,0.9524116,0.9505025
beachbummovie,0.9504954,0.9344323,0.9502189,0.9294083,0.94756323,0.9509024,0.9543981,0.9509666,0.9709372,0.94965595,0.95699656,0.93293285,0.9499384,0.9382262,0.96824074,0.9264047,0.950711,0.9397965,0.9386048,1.0,0.9444932,0.9455088,0.9590321,0.9636685,0.95354676,0.86974823,0.93036926,0.93461746,0.9423473,0.9413654,0.9455926,0.95268655,0.95222354,0.93114185,0.92185533,0.9067921,0.9639404,0.95048696,0.9474774,0.93592876,0.9441347,0.95701635,0.94779944,0.9587266,0.9634596,0.9535723,0.94847476,0.95036834,0.9476066,0.9596213,0.9423093,0.9571924,0.9552823,0.92723536,0.9394858,0.9506337,0.9496365,0.95310426,0.929214,0.940665,0.955196,0.9391155,0.9569047,0.950126,0.9495185,0.9531035,0.94417834,0.95614356,0.9364099,0.9510242,0.9537559,0.72966915,0.9357803,0.9477495,0.94637287,0.9445541,0.8963106,0.9495466,0.94644666,0.9378369,0.9511727,0.95233333,0.9605463,0.9482878,0.93560547,0.94731164,0.9508998,0.9605984,0.94451743,0.95281184,0.94580424,0.9537559,0.95371646,0.95454526,0.9453474,0.9635651,0.95911264,0.9444813,0.94769484,0.9452555,0.94757694,0.950059,0.9365162,0.949675,0.9507742,0.9446213,0.9482041,0.94593424,0.93606055,0.93807495,0.9480874,0.9063962,0.9554319,0.92577106,0.9440102,0.94829303,0.958315,0.9460546,0.95803285,0.9464423,0.9601985,0.94104975,0.9543962,0.9489118,0.95344865,0.9407039,0.95545715,0.92376924,0.9414958,0.93168265,0.9539826,0.94058526,0.9437008,0.9221509,0.96061945,0.95469576,0.95666575,0.9554469,0.94742703,0.9478032,0.9709372,0.94149286,0.95166,0.94380885,0.95952386,0.9542096,0.94183636,0.9364776,0.9409046,0.93071157,0.956772,0.95866376,0.9505121,0.9073828,0.94936055,0.94897413,0.9500205,0.9449532,0.94928026,0.94883984,0.9709372,0.9263356,0.9609794,0.953215,0.94228905
bernadettefilm,0.94819283,0.9280517,0.9517893,0.9397999,0.9574039,0.9499532,0.945792,0.95817506,0.97507286,0.93278235,0.9417637,0.95723706,0.9481766,0.95259553,0.9512293,0.92911226,0.9464111,0.95134044,0.9327035,0.9444932,1.0000004,0.9518618,0.9572241,0.9604858,0.94630224,0.8938463,0.93861365,0.9403173,0.94827014,0.9467602,0.9452425,0.94431984,0.9377014,0.95074224,0.9357756,0.9176803,0.9642719,0.95190424,0.940858,0.94148123,0.94417155,0.95787793,0.9495279,0.9424083,0.94978005,0.9469945,0.96368027,0.9503632,0.9370215,0.9431632,0.95141006,0.9591727,0.95479965,0.9408586,0.9413467,0.9569992,0.95425487,0.95620495,0.9373146,0.95298475,0.9377771,0.93938017,0.948259,0.94858307,0.9578911,0.9418115,0.9471697,0.9500145,0.94268405,0.9505839,0.96404856,0.73621285,0.9418119,0.9593065,0.9416711,0.9240487,0.8954685,0.9348044,0.94371206,0.9266806,0.93597955,0.938746,0.9490353,0.9494079,0.96277845,0.93967956,0.95064557,0.9596519,0.9445758,0.9448827,0.9605951,0.96404856,0.9399136,0.9521623,0.96352047,0.94782984,0.9531971,0.94563866,0.93818444,0.9531933,0.955118,0.9420079,0.9574653,0.9628207,0.9380079,0.95024854,0.9491354,0.94362617,0.9388349,0.9538716,0.9455397,0.8820988,0.95629513,0.930317,0.9593438,0.93631536,0.9609143,0.9442415,0.9555953,0.9433982,0.9547046,0.9516219,0.94963074,0.9504527,0.9560147,0.95042497,0.9571863,0.9379342,0.9567605,0.9378922,0.96659976,0.93414927,0.9499324,0.91977435,0.9530464,0.95452714,0.94375134,0.9583847,0.9601877,0.934973,0.97507286,0.94167584,0.95817435,0.93562734,0.95258266,0.95583534,0.945717,0.9485835,0.94073236,0.9440876,0.95279485,0.9535307,0.9645568,0.9028124,0.9602518,0.95620155,0.94698495,0.9604307,0.9484706,0.94512624,0.97507286,0.9272248,0.9520141,0.9555439,0.94028085
