movie,21bridgesmovie,47metersdown,abeautifuldaymovie,abominablemovie,adastramovie,adogsjourneymovie,aftermathmovie,aftermovie,ahiddenlifefilm,alitamovie,angelhasfallen,angrybirdsmovie,annabellemovie,annamovie,apollo11movie,arcticdogsmovie,arcticmovie,artofracingmovie,avengers,beachbummovie,bernadettefilm,blackandbluemovie,blackchristmas,blindedbythelightmovie,bombshellmovie,booksmart,breakthroughmovie,brianbanksmovie,brightburnmovie,brittanyrunsmov,captainmarvelofficial,captivestatemovie,catsmovie,charliesangels,childsplaymovie,clarathefilm,coldpursuitmovie,countdown,currentwarmovie,darkwatersmovie,detectivepikachumovie,disneyaladdin,disneyfrozen,disneymaleficent,doctorsleepmovie,dolemiteismyname,dontletgomovie,doramovie,downtonabbey_official,dumbo,escaperoom,everybodyknowsmovie,fastandfuriousmovie,fightingwmyfam,fivefeetapartfilm,fordvferrari,freaksthefilm,geminimanmovie,glassmovie,gloriabellmovie,godzillamovie,goldfinchmovie,goodboysmovie,goodliarmovie,gretafilm,halathemovie,happydeathdaymovie,harrietfilm,hellboymovie,hersmellmovie,highlifemovie,highstrungmovie,honeyboymovie,hotelmumbaifilm,httydragon,hustlemovie,hustlersmovie,isntitromantic,itmovieofficial,jayandsilentbob,johnwickmovie,jojorabbitmovie,jokermovie,judythefilm,jumanjimovie,justmercyfilm,knivesout,lalloronamovie,lastblackmansf,lastchristmasthemovie,latenightmovie,lighthousemovie,lionking,littlethemovie,littlewomenmovie,littlewoodsfilm,longshotmovie,lordsofchaosmovie,lucyintheskyfilm,mamovie2019,marriagestory,meettheaddams,meninblack,midsommarmovie,midwaymovie,missbalamovie,missinglinkfilm,motherlessbklyn,onceinhollywood,onthebasisofsex,overcomermovie,peanutbutterfalcon,petsematarymovie,piercingmovie,playingwithfire,playmobilthemovie,pomsmovie,queenandslim,rambomovie,readyornotfilm,richardjewellfilm,rocketmanmovie,scarystoriesmovie,secretlifeofpets,serenityfilm,shaftmovie,shazammovie,spidermanmovie,spiesindisguise,starwars,stormboymovie,stubermovie,taosdfilm,teenspiritmov,terminator,theaeronautsmov,thebestofenemies,thedeaddontdie,thefarewell,thehighwaymen,thehummingbirdprojectfilm,theintrudermovie,theirishmanfilm,thekitchenmovie,thelegomovie,themustangfilm,thenightingalefilm,theprodigymovie,thesunisalsoastar,theupsidefilm,tolkienmovie,toystory,triplefrontier,uglydolls,uncutgems,underthesilverlake,usmovie,wavesmovie,whatmenwant,wonderparkmovie,wrinklestheclown,xmenmovies,yardiefilm,yesterdaymovie,zombieland
21bridgesmovie,0.9999999,0.9621747,0.9645478,0.9537721,0.9532471,0.9529348,0.97008145,0.9680248,0.9811489,0.938411,0.9538451,0.9419728,0.9727608,0.95290506,0.96545655,0.96054375,0.9575379,0.9378653,0.9812379,0.9719402,0.9564677,0.9698836,0.96066517,0.96657145,0.93604124,0.8587565,0.96251184,0.9490315,0.9620583,0.96053904,0.9610406,0.96771747,0.94997,0.9593903,0.923769,0.8768764,0.9710457,0.98051053,0.96426445,0.954192,0.9645345,0.96153677,0.94384146,0.9638101,0.97622365,0.96202135,0.96522605,0.96264964,0.94156927,0.96838045,0.97002494,0.9681714,0.96389705,0.95961756,0.9392576,0.9519315,0.96814626,0.9605882,0.9728665,0.9680104,0.9601988,0.96086794,0.9689104,0.9612438,0.9569535,0.9513946,0.96316385,0.9652879,0.9590986,0.95142573,0.9718383,0.5956202,0.94842887,0.95274764,0.9333023,0.94420964,0.8749903,0.9646811,0.9513637,0.947991,0.96367574,0.9505129,0.95907795,0.94706357,0.9689905,0.96296984,0.9440204,0.9709616,0.9600089,0.9761081,0.9503307,0.9718383,0.9533178,0.9622009,0.9694891,0.9661565,0.9520299,0.9620441,0.9594172,0.94826627,0.96289986,0.96405685,0.9567563,0.96946985,0.9437151,0.9703355,0.95956737,0.9659634,0.94936,0.95120025,0.96489567,0.76952046,0.96761125,0.9157589,0.9642915,0.9718966,0.99051106,0.95228845,0.9706483,0.9618264,0.95373297,0.968584,0.9580021,0.9564334,0.96597606,0.95717055,0.9559298,0.9644122,0.9609958,0.94837964,0.9555739,0.9572345,0.9666691,0.940863,0.9552516,0.9710461,0.9739985,0.9710933,0.97115606,0.9563782,0.9811489,0.9677773,0.94968575,0.9600516,0.95153844,0.9536882,0.9448882,0.9339546,0.9628068,0.9695887,0.97310406,0.96479654,0.9600409,0.9653711,0.95175153,0.96777993,0.95622617,0.9579594,0.9690615,0.9569572,0.9811489,0.94105905,0.9660537,0.95818347,0.95759475
47metersdown,0.9621747,1.0,0.96878463,0.9416195,0.94866663,0.9541675,0.9685913,0.9574739,0.9766846,0.9436228,0.9529681,0.94393426,0.9644847,0.950264,0.94837576,0.9562081,0.9515874,0.9448768,0.9515794,0.9521026,0.9427793,0.9631433,0.95816046,0.94439614,0.9453887,0.85710806,0.9589889,0.9471467,0.95456076,0.9473133,0.94710475,0.9628877,0.9285569,0.9404314,0.9301385,0.90153605,0.96972686,0.96530515,0.95425117,0.95601696,0.9667271,0.96012115,0.9437586,0.9666399,0.96596825,0.9619607,0.9621576,0.96702844,0.94187385,0.9708726,0.96717864,0.9697423,0.9536565,0.9483381,0.93873054,0.93819165,0.9658195,0.97078496,0.96662897,0.9667845,0.95541173,0.9566063,0.9642866,0.95775014,0.953089,0.9522902,0.9562021,0.9598916,0.97101825,0.9493211,0.97225183,0.62614644,0.93229574,0.9609432,0.9361753,0.95006645,0.88111734,0.95522374,0.95679486,0.9484577,0.9576465,0.94871944,0.95839584,0.94846165,0.96316653,0.95296574,0.9548401,0.9539188,0.9599098,0.9599831,0.94779027,0.97225183,0.961535,0.94482046,0.9596804,0.94720656,0.9616257,0.95142776,0.96189815,0.9451297,0.9556677,0.95635545,0.95530003,0.96447146,0.9531919,0.9678092,0.95544624,0.9529688,0.9435536,0.95021725,0.9609825,0.8268289,0.9735278,0.9252788,0.96152115,0.97317755,0.9674357,0.9508086,0.9693075,0.961799,0.95784587,0.96390224,0.9604612,0.9553066,0.95879656,0.9569402,0.95892584,0.9534414,0.95028275,0.94820315,0.945292,0.9627334,0.9608749,0.927603,0.97199994,0.9579841,0.9602446,0.9702717,0.9713513,0.96072406,0.9766846,0.9627047,0.9505223,0.95030653,0.9418702,0.9660134,0.95199394,0.9333457,0.9589997,0.9418537,0.9764466,0.972226,0.96944505,0.9434404,0.9570189,0.97077155,0.9551346,0.9539486,0.9643451,0.96847725,0.9766846,0.9414399,0.95471835,0.9563972,0.9601657
abeautifuldaymovie,0.9645478,0.96878463,1.0,0.9542359,0.97397697,0.95087796,0.97538674,0.97488976,0.9840019,0.94255155,0.9582903,0.96383214,0.97204477,0.95722705,0.9613236,0.9614026,0.96248484,0.9615475,0.9640651,0.9658684,0.9517272,0.97950333,0.9602651,0.955014,0.9562807,0.8893862,0.9536431,0.95535326,0.9828186,0.95255446,0.96054715,0.974999,0.93880457,0.96287215,0.91592455,0.91832954,0.97687364,0.9567741,0.9664546,0.9753939,0.96448874,0.9577699,0.9468871,0.95229495,0.9701633,0.964864,0.96076,0.97573036,0.9499809,0.9620423,0.9871,0.9771582,0.96495515,0.9685311,0.94478697,0.95574164,0.9620675,0.97166854,0.9621004,0.9765069,0.964259,0.9702523,0.96824,0.964489,0.95166665,0.9463137,0.9557675,0.9633234,0.95002127,0.948983,0.9778483,0.660663,0.94342166,0.9637861,0.9358558,0.94712055,0.8796762,0.961904,0.95936865,0.94402903,0.96818346,0.96150535,0.96657366,0.94327843,0.98135245,0.96352667,0.94667053,0.9747696,0.962268,0.96322405,0.95985675,0.9778483,0.9586043,0.94917744,0.9852336,0.9598412,0.9531361,0.9653707,0.9699653,0.94493675,0.9671153,0.9637535,0.9762156,0.9791942,0.95422065,0.98599076,0.96056485,0.96306926,0.96929044,0.9628634,0.96287626,0.8193091,0.97505355,0.9314027,0.9688916,0.9700614,0.971878,0.94123006,0.9772696,0.96383613,0.9675511,0.968691,0.9643645,0.950873,0.96389455,0.94345033,0.97028345,0.978475,0.959708,0.94908136,0.9596421,0.9655709,0.9637666,0.93081874,0.9723835,0.96218705,0.9604968,0.9681876,0.97884583,0.96412754,0.9840019,0.9782261,0.95429844,0.9562514,0.95369554,0.96482664,0.94467705,0.9306964,0.96522844,0.9551178,0.97429734,0.97617817,0.9694336,0.9455747,0.96805125,0.97036237,0.9598167,0.9595095,0.96629614,0.9707977,0.9840019,0.93979067,0.9663469,0.9482811,0.97914803
abominablemovie,0.9537721,0.9416195,0.9542359,0.9999999,0.95209944,0.9455048,0.9586831,0.9562396,0.97217685,0.93503034,0.9337222,0.9388074,0.95995903,0.95749277,0.9517988,0.9399847,0.96115595,0.9359303,0.96020275,0.9404449,0.93171483,0.94507384,0.9446993,0.9632601,0.94658077,0.875863,0.953904,0.9580807,0.9592468,0.9443841,0.9575755,0.9584233,0.9258333,0.9469767,0.93274313,0.8816025,0.9680978,0.95307493,0.96231997,0.9617365,0.94177884,0.9532456,0.9561114,0.9534658,0.966395,0.95133424,0.9527607,0.94837916,0.94187975,0.9626486,0.9576817,0.96227324,0.9488496,0.9580779,0.944799,0.93858457,0.95111597,0.9449652,0.9598092,0.95792645,0.94813466,0.9646891,0.9683425,0.9568957,0.9415284,0.9458509,0.9505488,0.9574145,0.9478918,0.94186085,0.9587479,0.64379716,0.92615634,0.9551295,0.95072514,0.9453501,0.8748654,0.9564068,0.94662076,0.93968886,0.96158814,0.969648,0.95459706,0.94893694,0.9622324,0.952591,0.94624823,0.9561036,0.93949205,0.96355706,0.9408195,0.9587479,0.93166685,0.93324846,0.9628191,0.9539524,0.95356226,0.9477105,0.94542503,0.93463594,0.9452716,0.95787174,0.9471978,0.9577811,0.9438171,0.9565223,0.94910514,0.9563754,0.93823135,0.9571906,0.95298517,0.7685681,0.95655984,0.90727276,0.95492184,0.9630886,0.9637867,0.9499935,0.9681578,0.95190465,0.95272064,0.940471,0.94748944,0.9407849,0.96425337,0.9404898,0.9494109,0.94649935,0.94435257,0.9375464,0.93803644,0.93727016,0.95867217,0.9154561,0.95036304,0.9513635,0.9446252,0.94684523,0.96237504,0.9467891,0.97217685,0.95259166,0.9505548,0.9421823,0.942679,0.9552801,0.9369242,0.9552101,0.965619,0.95685095,0.96288294,0.9585406,0.9619266,0.94498014,0.95302457,0.95245636,0.94837517,0.95468515,0.96224266,0.94291574,0.97217685,0.93350786,0.944958,0.948447,0.9524954
adastramovie,0.9532471,0.94866663,0.97397697,0.95209944,1.0000002,0.936359,0.9565306,0.9619288,0.97362703,0.95360506,0.948177,0.9446486,0.9579979,0.95688677,0.9596652,0.9444166,0.9667707,0.9739216,0.9501139,0.96453446,0.9426013,0.9727519,0.95233005,0.9462627,0.93294734,0.8615159,0.95213795,0.9575882,0.9685133,0.9399233,0.9525978,0.9685808,0.9400926,0.9419998,0.9036559,0.89309925,0.95826906,0.95793885,0.9622159,0.95982987,0.94629484,0.9414201,0.9453059,0.9440524,0.9535712,0.9462552,0.95203406,0.9513972,0.9353833,0.9529266,0.9747137,0.9684001,0.9547011,0.9507117,0.94902074,0.9706548,0.94817924,0.9494922,0.95855606,0.96808565,0.95524776,0.96994567,0.95369357,0.9537193,0.9506334,0.9448723,0.9450346,0.9519156,0.9452881,0.9320957,0.96603274,0.6528402,0.94293046,0.9521284,0.9206212,0.9307158,0.88285214,0.955032,0.9561307,0.9334942,0.9534885,0.95524895,0.9547293,0.936228,0.96242094,0.9664424,0.9310223,0.9599281,0.949865,0.9573062,0.9511133,0.96603274,0.93807566,0.94678444,0.96754533,0.9626841,0.9455271,0.95792896,0.9435773,0.9353089,0.95021975,0.94394916,0.9624324,0.9658842,0.9524648,0.9721836,0.9515013,0.95506734,0.950234,0.9534483,0.94246143,0.8000236,0.9544568,0.92914325,0.9534603,0.95392066,0.9642615,0.9237872,0.965561,0.94807446,0.9519949,0.946172,0.9510383,0.94882554,0.9502258,0.9359618,0.9510874,0.9551172,0.9671205,0.93271285,0.9519946,0.97259206,0.95853406,0.90578204,0.9568201,0.94728386,0.95306736,0.9500358,0.96413976,0.95397633,0.97362703,0.9656816,0.9440029,0.9591623,0.94654745,0.9516422,0.9491968,0.9225192,0.9556203,0.9461771,0.959372,0.956761,0.9572342,0.92616117,0.94554746,0.95216006,0.9476711,0.94600385,0.95909876,0.9481588,0.97362703,0.93217963,0.9659973,0.9383139,0.9610641
adogsjourneymovie,0.9529348,0.9541675,0.95087796,0.9455048,0.936359,1.0,0.9516663,0.9432664,0.9712183,0.9454423,0.9503469,0.950064,0.96874166,0.949667,0.9500832,0.96582085,0.94149375,0.92814374,0.96071357,0.9380563,0.94149077,0.94405633,0.96254426,0.958834,0.94537413,0.84707004,0.95047826,0.9334117,0.94693536,0.9429621,0.9492313,0.96329135,0.9482326,0.9493562,0.93571174,0.8770745,0.9485915,0.9528821,0.95712507,0.95732194,0.9620871,0.9522699,0.95684284,0.95825845,0.9618829,0.9403583,0.96598774,0.94806993,0.9434443,0.957165,0.95556,0.96524537,0.94613004,0.9460043,0.9294836,0.93385637,0.95258796,0.9533467,0.9608075,0.95457125,0.9510101,0.9622939,0.9513528,0.95961404,0.9523673,0.9408548,0.9662545,0.96106684,0.9593285,0.9381387,0.96010435,0.64734524,0.91917646,0.9615785,0.9437579,0.9419124,0.89094317,0.94551426,0.945432,0.9696423,0.9690351,0.951729,0.9590521,0.9541353,0.9438126,0.9497372,0.9471395,0.9721734,0.93548083,0.95123345,0.9450916,0.96010435,0.93548554,0.9411229,0.94058007,0.95003647,0.9456602,0.939734,0.9494767,0.9568035,0.9400379,0.95188236,0.95606583,0.9520737,0.95055485,0.9576608,0.95197904,0.96253574,0.940921,0.9501563,0.94809014,0.78814423,0.96842897,0.9041615,0.95678145,0.95376855,0.95270485,0.96450865,0.9720093,0.94891334,0.9527928,0.96426433,0.96188176,0.97532403,0.9521917,0.9528391,0.958903,0.94269466,0.93857,0.92103493,0.9390911,0.9411067,0.9531558,0.941645,0.9658531,0.950812,0.9500508,0.96143794,0.9588973,0.9340838,0.9712183,0.95512015,0.94155324,0.94954634,0.9447561,0.9616604,0.9384069,0.9539953,0.9694662,0.93139404,0.96769786,0.9605434,0.95277494,0.93400633,0.9522377,0.9516086,0.9698491,0.9540711,0.95172155,0.9552202,0.9712183,0.95751274,0.951793,0.9684645,0.9545198
aftermathmovie,0.97008145,0.9685913,0.97538674,0.9586831,0.9565306,0.9516663,1.0000002,0.97780216,0.985963,0.9416133,0.95718545,0.950642,0.97070146,0.9556537,0.9589506,0.96126395,0.9677385,0.9540425,0.96514654,0.9575465,0.95264035,0.9723697,0.96270454,0.9644116,0.9585136,0.8606135,0.96257716,0.9576498,0.9653053,0.95131755,0.9575095,0.97225356,0.9387143,0.95739454,0.91206646,0.878917,0.9836701,0.96919495,0.968117,0.9768325,0.9687264,0.9652153,0.94808924,0.96670055,0.9745376,0.9679599,0.9650296,0.9755021,0.9547706,0.971147,0.96897864,0.9828147,0.96592456,0.96482176,0.94796485,0.94834644,0.97672105,0.9680404,0.9763222,0.9693443,0.9534556,0.9699692,0.97455245,0.9676378,0.9690568,0.9495918,0.9614577,0.9709697,0.96335447,0.94679105,0.9762244,0.64167213,0.9357711,0.96541554,0.93442357,0.9505327,0.8699083,0.962426,0.9570142,0.9406395,0.9686583,0.96757317,0.96339506,0.9382564,0.9666217,0.9542729,0.95392287,0.9687109,0.96639574,0.9757,0.9533653,0.9762244,0.96684605,0.9676915,0.9757898,0.95795965,0.9552151,0.9559539,0.9819362,0.9485966,0.9655485,0.96628124,0.96212286,0.9802087,0.9547434,0.9677039,0.971056,0.9608896,0.9530912,0.96935874,0.96532756,0.8011179,0.9745603,0.91791856,0.96745706,0.97037446,0.97165895,0.95182455,0.98230064,0.9916676,0.955091,0.9668616,0.96044016,0.95580137,0.9686384,0.9632914,0.96874195,0.95789456,0.95475817,0.9527155,0.9556759,0.96630484,0.9654818,0.93799657,0.9582066,0.9614267,0.9620482,0.9774019,0.9772562,0.9658728,0.985963,0.96445614,0.94903064,0.95516473,0.95964366,0.98291206,0.9494913,0.93311626,0.96312207,0.96180815,0.98967344,0.9739668,0.9700789,0.9487834,0.97275895,0.97420156,0.9634236,0.97308904,0.9737311,0.96140426,0.985963,0.94924897,0.9654373,0.9675929,0.9616835
aftermovie,0.9680248,0.9574739,0.97488976,0.9562396,0.9619288,0.9432664,0.97780216,1.0,0.9820943,0.93403614,0.95620674,0.9500799,0.9760325,0.956125,0.9684946,0.95785916,0.96383536,0.9574478,0.96082485,0.9596169,0.9485676,0.9712344,0.95768064,0.95124114,0.9510298,0.8602516,0.95723695,0.9563803,0.9712818,0.9416347,0.95798004,0.9671019,0.93852913,0.9490215,0.92902255,0.9103583,0.97237486,0.96719736,0.9611729,0.97759026,0.95870435,0.9588597,0.92914915,0.95215994,0.9777814,0.9533806,0.95768446,0.96148676,0.94489646,0.9608683,0.968487,0.9808689,0.9729629,0.95645726,0.95707035,0.9401463,0.9621835,0.9656584,0.9755172,0.97597647,0.95398456,0.9620937,0.9723117,0.96256834,0.9602524,0.956243,0.9531331,0.9623925,0.95591635,0.94670516,0.9826664,0.658105,0.94385463,0.9606314,0.9341056,0.96034455,0.8890555,0.9480514,0.9483317,0.93235564,0.96056986,0.9542011,0.9693972,0.9535728,0.97113836,0.9524887,0.9603436,0.9708776,0.9590871,0.96981734,0.9483523,0.9826664,0.949727,0.9488144,0.97274685,0.96085274,0.9543866,0.9488605,0.9643841,0.9434192,0.9557937,0.95560694,0.96451247,0.9814337,0.96363914,0.9666367,0.96417207,0.9617795,0.95761144,0.972536,0.95361394,0.7794922,0.96769154,0.9355091,0.9686318,0.97380763,0.97273785,0.9468687,0.97752386,0.9731389,0.9569142,0.9591318,0.96026766,0.9531695,0.96820974,0.9577871,0.9680967,0.9520667,0.9492117,0.94176835,0.953295,0.9661382,0.9610354,0.9174708,0.9630071,0.95453054,0.9574879,0.9709028,0.98254085,0.9660969,0.9820943,0.95656407,0.9424269,0.94690186,0.95947194,0.96721816,0.9470227,0.9442225,0.9600941,0.9512577,0.9823903,0.9544183,0.96144176,0.947297,0.97267705,0.9739102,0.94368356,0.97685206,0.97637135,0.96690387,0.9820943,0.94983363,0.9654301,0.9500632,0.962531
ahiddenlifefilm,0.9811489,0.9766846,0.9840019,0.97217685,0.97362703,0.9712183,0.985963,0.9820943,1.0000002,0.96360695,0.9743969,0.96766025,0.9855294,0.9803287,0.9790791,0.9801371,0.9798722,0.973134,0.98103344,0.9724824,0.969272,0.9826778,0.98203,0.977871,0.9692827,0.8796124,0.97941834,0.9712565,0.9807987,0.9666395,0.97716314,0.9818921,0.9628178,0.97172534,0.94337076,0.9110517,0.98612034,0.98308223,0.98379606,0.97906154,0.9811931,0.976457,0.9640099,0.9784631,0.98524016,0.9759773,0.9828952,0.9806005,0.97033304,0.9842785,0.9850451,0.9927071,0.97809017,0.9787145,0.9613283,0.96850073,0.98062503,0.9763918,0.98335207,0.9877574,0.9767684,0.9832273,0.98290735,0.98367,0.97803956,0.96661097,0.97426903,0.98664266,0.97641844,0.965456,0.9908488,0.6612954,0.9626352,0.9808556,0.96253234,0.96710706,0.90833724,0.9757942,0.9737388,0.9676809,0.98572034,0.980719,0.9792484,0.9713426,0.97942984,0.9796299,0.9718612,0.9848274,0.9750206,0.98628515,0.96780026,0.9908488,0.96763307,0.9671356,0.98286825,0.9804367,0.9754402,0.97189236,0.9779903,0.9708359,0.9775558,0.9807699,0.9732837,0.98631936,0.9737079,0.98551726,0.9766284,0.9846054,0.9701058,0.974831,0.97976273,0.8149103,0.9811281,0.9417437,0.97704387,0.9820052,0.9858993,0.971669,0.9915133,0.97773427,0.97523946,0.9766914,0.9778662,0.97324085,0.9829591,0.9714365,0.97985023,0.97141623,0.9726624,0.955832,0.97244316,0.9751043,0.98120904,0.95080435,0.97974694,0.9780951,0.9811232,0.987903,0.99223083,0.97481257,1.0000002,0.9789648,0.97263575,0.974908,0.9695219,0.9835577,0.96688235,0.9600089,0.98484117,0.9650372,0.990117,0.98153573,0.9835635,0.96583223,0.9803631,0.9842001,0.97871,0.9803386,0.98225,0.9724302,1.0000002,0.96505517,0.9816628,0.9792142,0.97855747
alitamovie,0.938411,0.9436228,0.94255155,0.93503034,0.95360506,0.9454423,0.9416133,0.93403614,0.96360695,0.99999994,0.94492894,0.94076544,0.9385118,0.96012384,0.94841725,0.9475128,0.9621574,0.9464067,0.94294184,0.9424028,0.93670946,0.95351064,0.9666534,0.9468429,0.94058144,0.86689377,0.9541382,0.9544894,0.9548903,0.94353926,0.94826573,0.94219375,0.9455859,0.9553736,0.89094776,0.8522954,0.93425876,0.950475,0.9615688,0.9253925,0.95807415,0.960466,0.9463529,0.965493,0.94403136,0.95108646,0.9643243,0.9386621,0.95161676,0.9701431,0.9574862,0.9524084,0.9424347,0.9561787,0.90796953,0.9359362,0.9505987,0.94644284,0.94356656,0.95578915,0.9365449,0.9676737,0.9452291,0.95150274,0.9510447,0.9436,0.93518734,0.93664384,0.95506126,0.9369717,0.9542859,0.65099376,0.9264914,0.9543762,0.91877687,0.9431064,0.9067525,0.948014,0.9494623,0.93306816,0.9560121,0.9560485,0.9451633,0.9279987,0.94072986,0.9551282,0.9352714,0.94288236,0.9569464,0.9442966,0.9506827,0.9542859,0.9346308,0.92660534,0.94116974,0.9525511,0.94355667,0.9418437,0.9398165,0.9434598,0.94265234,0.95218027,0.93781686,0.93973696,0.96222293,0.95962125,0.9449031,0.9528154,0.94309527,0.94138837,0.94117904,0.8035583,0.9469914,0.898129,0.95259744,0.93684524,0.9465999,0.93035,0.9541473,0.9364922,0.9543889,0.94122505,0.94692576,0.94305027,0.94927853,0.9165393,0.92566454,0.93188584,0.9568339,0.90610987,0.93216723,0.9448632,0.95617014,0.9416544,0.9571622,0.9530506,0.9439246,0.9498268,0.9501835,0.93572086,0.96360695,0.9482826,0.94922936,0.9472651,0.9359056,0.94415104,0.9436876,0.9077735,0.9553223,0.9208847,0.94619876,0.9474882,0.95095044,0.93932605,0.9308389,0.9388768,0.95612,0.93406713,0.9425242,0.93722653,0.96360695,0.9327519,0.9580683,0.95156264,0.95328647
angelhasfallen,0.9538451,0.9529681,0.9582903,0.9337222,0.948177,0.9503469,0.95718545,0.95620674,0.9743969,0.94492894,1.0000001,0.93355846,0.96156955,0.96536094,0.94867957,0.96862125,0.9628438,0.9408294,0.9561973,0.94331044,0.95692605,0.9638413,0.95292115,0.93488854,0.94953233,0.84947336,0.9586605,0.9485286,0.958023,0.9400358,0.94624853,0.9510556,0.93894017,0.9383522,0.94054514,0.9030341,0.95020336,0.96706843,0.9540851,0.9498539,0.9623619,0.9593928,0.9421411,0.9597715,0.9536556,0.9490317,0.9500885,0.9609726,0.946573,0.9659503,0.954154,0.96774614,0.952826,0.9565104,0.9415048,0.9376597,0.95721924,0.9552279,0.9592267,0.9676958,0.9508085,0.95686364,0.9569711,0.968804,0.9523852,0.9581799,0.9490646,0.9636324,0.9631719,0.93279296,0.96970177,0.6520916,0.9371121,0.9673666,0.9498343,0.9501223,0.90556115,0.9411695,0.9581516,0.9460772,0.9686815,0.95044196,0.9626723,0.9576041,0.94734424,0.9573839,0.96880674,0.9621359,0.9524644,0.9568959,0.9468326,0.96970177,0.95239323,0.9388946,0.9407726,0.96341807,0.97250897,0.9433839,0.9525688,0.95106816,0.94821155,0.952398,0.9421137,0.9680317,0.9540736,0.9546813,0.9579833,0.9717493,0.93964547,0.95797503,0.9510642,0.8089256,0.9430644,0.94333446,0.94436413,0.95806205,0.96034855,0.949847,0.96729124,0.95205116,0.9598716,0.94834495,0.9555709,0.9532673,0.94567066,0.95390695,0.9456127,0.9347277,0.9578093,0.9406938,0.9603174,0.958566,0.9465811,0.91883725,0.95066327,0.95352954,0.9509329,0.9611131,0.96380496,0.93418586,0.9743969,0.94890696,0.94870573,0.9637211,0.95399284,0.9511731,0.9575742,0.9376297,0.9675659,0.9379365,0.9646655,0.9611147,0.958515,0.94384897,0.9592774,0.9598295,0.948371,0.954495,0.9479047,0.93334675,0.9743969,0.94612885,0.96073025,0.94842404,0.94755507
angrybirdsmovie,0.9419728,0.94393426,0.96383214,0.9388074,0.9446486,0.950064,0.950642,0.9500799,0.96766025,0.94076544,0.93355846,1.0000002,0.956835,0.94950396,0.9479842,0.95519316,0.9484007,0.94650817,0.9419342,0.9468271,0.9482776,0.9570305,0.96388257,0.95425516,0.9499169,0.9045372,0.955871,0.9368733,0.96869457,0.9436909,0.9426362,0.9581246,0.92425334,0.97137827,0.9028895,0.89741975,0.9514246,0.9476918,0.9552878,0.9524365,0.95557165,0.9541648,0.9412225,0.95280546,0.9577758,0.9566428,0.96321505,0.9634247,0.94462496,0.95689154,0.97518384,0.9644706,0.956645,0.94167256,0.9182131,0.9334908,0.9371932,0.95555,0.94403553,0.95450705,0.95372003,0.9608581,0.9490966,0.9536874,0.9468539,0.92199856,0.9379033,0.9530089,0.93650633,0.9359064,0.95547044,0.6718284,0.930859,0.9577636,0.92191714,0.95046425,0.8953722,0.9544666,0.93861324,0.92865705,0.9633433,0.9492979,0.96535075,0.9371498,0.9651938,0.94095874,0.9221376,0.96287537,0.9434946,0.94592,0.9415212,0.95547044,0.93526924,0.93084055,0.96779,0.95161194,0.9321556,0.9502403,0.9647253,0.9373928,0.9651518,0.9584569,0.9466263,0.94377214,0.9477312,0.97318035,0.9397331,0.96138823,0.97046894,0.93444586,0.9558021,0.82920957,0.9571036,0.89885986,0.9525498,0.9556604,0.9505785,0.9379499,0.9557287,0.93279713,0.95495796,0.94957006,0.95398694,0.9459458,0.95467883,0.9238395,0.9499035,0.9645738,0.95041156,0.93023366,0.9599412,0.93070066,0.9515129,0.9389493,0.9623709,0.94642574,0.95190614,0.9564774,0.9663797,0.96021634,0.96766025,0.96520185,0.95571333,0.9487695,0.952281,0.9537401,0.91166776,0.9227621,0.9577475,0.91692966,0.9546985,0.9517991,0.9496059,0.93626064,0.9505133,0.95147026,0.9594768,0.9548716,0.9614584,0.95116895,0.96766025,0.9205354,0.94794476,0.94557947,0.9697178
annabellemovie,0.9727608,0.9644847,0.97204477,0.95995903,0.9579979,0.96874166,0.97070146,0.9760325,0.9855294,0.9385118,0.96156955,0.956835,1.0,0.9651358,0.9671891,0.9668842,0.9621731,0.94977105,0.969189,0.96268755,0.95973855,0.96614105,0.9583304,0.9605912,0.9493507,0.87407047,0.9649501,0.95204103,0.96417487,0.94969976,0.96021616,0.97379065,0.94954616,0.9567847,0.95004886,0.90724736,0.9713821,0.97330636,0.9663623,0.9714497,0.9708147,0.95903176,0.9514959,0.9606895,0.98018885,0.9576347,0.96422154,0.9665942,0.95528996,0.9634908,0.96993864,0.97931,0.97092575,0.9640648,0.9533427,0.9502669,0.96022683,0.972775,0.9733801,0.97617096,0.9664766,0.96891886,0.9694153,0.97837305,0.96068925,0.9578232,0.9696911,0.9714275,0.9592061,0.9553257,0.9825705,0.6623793,0.94667166,0.9714872,0.94697326,0.96081847,0.9065184,0.9621741,0.9488239,0.9597774,0.97527456,0.9670545,0.9798148,0.9621508,0.9721074,0.9644265,0.9614912,0.98556113,0.96072495,0.97560346,0.9559922,0.9825705,0.94618076,0.95760185,0.9712334,0.9660421,0.9611269,0.963511,0.96292347,0.9504167,0.95466405,0.96425396,0.9575272,0.98079485,0.95863235,0.9708762,0.97026956,0.9717193,0.95486397,0.9648833,0.96108526,0.7928805,0.9715893,0.9328929,0.9692897,0.977496,0.9766667,0.9587043,0.97546184,0.9652778,0.9686392,0.9679542,0.9677159,0.9630999,0.963846,0.96254194,0.9704568,0.9553688,0.95670277,0.954082,0.96391976,0.9614307,0.9662326,0.93631583,0.97202086,0.9595002,0.96667445,0.97378314,0.9791573,0.9580874,0.9855294,0.9646759,0.94941664,0.96584344,0.95717865,0.9662036,0.9425508,0.95865583,0.9793119,0.9543532,0.98160774,0.96577525,0.9633904,0.9566699,0.9689567,0.9802617,0.9588889,0.97799176,0.972279,0.9644806,0.9855294,0.9614901,0.969626,0.96151674,0.95948696
annamovie,0.95290506,0.950264,0.95722705,0.95749277,0.95688677,0.949667,0.9556537,0.956125,0.9803287,0.96012384,0.96536094,0.94950396,0.9651358,0.99999994,0.96495205,0.9763602,0.9677573,0.9509338,0.9608156,0.95289034,0.9571912,0.9598914,0.9679658,0.95462334,0.9558817,0.87032914,0.9664239,0.96502167,0.95798856,0.9589786,0.96338886,0.95542765,0.9436842,0.95086354,0.9398783,0.9081396,0.96015537,0.96310216,0.96691644,0.9464221,0.96586955,0.9620682,0.9558641,0.9694334,0.9610334,0.9543555,0.96624464,0.958888,0.96221167,0.97115046,0.95931846,0.97112864,0.9529744,0.9676716,0.9406376,0.9477885,0.95782536,0.94963485,0.9628017,0.97364426,0.96652937,0.9665135,0.97138625,0.98119444,0.9588721,0.9566759,0.95498437,0.96833307,0.961183,0.9459883,0.9734316,0.6548267,0.9572923,0.96834385,0.9536191,0.9516328,0.8968402,0.95552325,0.9617693,0.94939184,0.96905535,0.96575856,0.9676018,0.9656145,0.9503892,0.96953523,0.96686184,0.9610118,0.9510707,0.9671351,0.9640127,0.9734316,0.94365466,0.9458147,0.9565911,0.9683325,0.97338855,0.95209765,0.9543609,0.96141684,0.9552647,0.97195643,0.9358357,0.9669625,0.9716165,0.9611767,0.9482467,0.9748795,0.953295,0.94841707,0.9731543,0.81356394,0.9482539,0.9344168,0.9530936,0.9642565,0.96599644,0.9525335,0.9671228,0.9552746,0.96898276,0.95032245,0.96086794,0.9501157,0.96057975,0.9517378,0.95766,0.94145244,0.96060723,0.93079764,0.9543742,0.9492982,0.9666389,0.9426831,0.95512944,0.9724965,0.96371984,0.96465635,0.9730994,0.9421125,0.9803287,0.95209193,0.9603439,0.96353686,0.9397215,0.9575903,0.9597589,0.94591093,0.9735569,0.94538647,0.9651706,0.96412927,0.9686702,0.9379609,0.95889306,0.9586786,0.9596179,0.9560575,0.96182567,0.9419107,0.9803287,0.94168776,0.9614067,0.9615195,0.956449
apollo11movie,0.96545655,0.94837576,0.9613236,0.9517988,0.9596652,0.9500832,0.9589506,0.9684946,0.9790791,0.94841725,0.94867957,0.9479842,0.9671891,0.96495205,1.0,0.95740104,0.95223707,0.9600145,0.9692074,0.96536034,0.9328263,0.9614154,0.971624,0.9571435,0.9445248,0.85850066,0.9587833,0.9456452,0.9557775,0.94435424,0.96604186,0.95962226,0.9593249,0.9433591,0.9337683,0.89424664,0.95807105,0.9662793,0.9641018,0.9650378,0.9623141,0.95155615,0.9394271,0.9526307,0.9725735,0.9469735,0.9710472,0.9434731,0.95164937,0.96192384,0.96524316,0.9745274,0.9702126,0.9513098,0.95142734,0.95279723,0.9522536,0.94093883,0.96758723,0.9717366,0.95235234,0.9589121,0.96228486,0.9633582,0.9527144,0.9507394,0.9469863,0.96412355,0.942194,0.93826795,0.9741105,0.6580749,0.94727314,0.94993347,0.94145364,0.9485641,0.8872502,0.9520912,0.94884104,0.9438831,0.9627618,0.9580896,0.96222925,0.9587318,0.9619487,0.95932436,0.9531361,0.9698601,0.9541003,0.9606164,0.94985586,0.9741105,0.9291002,0.93302894,0.96478504,0.9775111,0.9411558,0.935247,0.9486042,0.9650897,0.95452344,0.9495399,0.95348567,0.97201246,0.9578407,0.9648588,0.9532467,0.9692037,0.95659435,0.9566592,0.9533502,0.7754509,0.95969385,0.932832,0.9549821,0.9558074,0.9652603,0.9553911,0.9723328,0.959723,0.95920414,0.95853263,0.9662195,0.94693094,0.9686811,0.9481723,0.9607112,0.9389907,0.9525911,0.91046596,0.9408034,0.95743084,0.9583698,0.9221578,0.95734334,0.9596725,0.9589298,0.9693143,0.97550523,0.95003986,0.9790791,0.9503825,0.95447683,0.95915514,0.9490443,0.96507317,0.9548263,0.94869554,0.96339774,0.94112146,0.96507317,0.9536855,0.9559471,0.94896245,0.96047586,0.9562782,0.9576372,0.9575496,0.9548433,0.9550596,0.9790791,0.9513357,0.95896536,0.9643547,0.95622814
arcticdogsmovie,0.96054375,0.9562081,0.9614026,0.9399847,0.9444166,0.96582085,0.96126395,0.95785916,0.9801371,0.9475128,0.96862125,0.95519316,0.9668842,0.9763602,0.95740104,1.0000001,0.9556163,0.9427715,0.9637107,0.95555,0.97430044,0.959715,0.9733262,0.9591417,0.9538812,0.8597931,0.95765114,0.9504195,0.95925415,0.9558793,0.95617867,0.9545588,0.9482272,0.9570335,0.9285335,0.89559275,0.9649621,0.9623157,0.96023136,0.95037895,0.96895033,0.9612226,0.9530584,0.9672457,0.96385,0.95697963,0.9692105,0.9616697,0.95372015,0.9659881,0.95882004,0.96967,0.9572653,0.9644579,0.93494934,0.9385212,0.960983,0.9576666,0.967247,0.96976876,0.96411276,0.9686406,0.9604272,0.9713507,0.9578132,0.9470508,0.95892876,0.97312295,0.96755624,0.9361279,0.9722652,0.6663026,0.9408449,0.9681778,0.9468805,0.94812554,0.89141554,0.954265,0.9619791,0.94856673,0.96310943,0.9532006,0.9640221,0.95867497,0.94637966,0.9668361,0.9555516,0.9713441,0.94957936,0.9626942,0.9566401,0.9722652,0.9578317,0.95761156,0.9555397,0.9640971,0.9666798,0.9482428,0.9637894,0.965996,0.9618882,0.9690373,0.9504884,0.96904755,0.95998377,0.9590224,0.95527095,0.973833,0.96046865,0.94860923,0.9730965,0.81225026,0.955899,0.9172784,0.96558845,0.96002746,0.9619515,0.9587426,0.96771693,0.9590071,0.9598857,0.967201,0.9738722,0.9580255,0.9523582,0.959078,0.96865386,0.9487602,0.95502496,0.9293386,0.96063715,0.95403147,0.9629592,0.9427586,0.9553042,0.96876377,0.95888364,0.97527117,0.973976,0.95035654,0.9801371,0.9565555,0.9455159,0.9534126,0.94597745,0.95889604,0.94695234,0.9452685,0.9665948,0.93276006,0.96989185,0.9676928,0.960119,0.94816554,0.96378857,0.965954,0.9631228,0.9584258,0.962388,0.95276624,0.9801371,0.94998056,0.95663106,0.9648646,0.9569897
arcticmovie,0.9575379,0.9515874,0.96248484,0.96115595,0.9667707,0.94149375,0.9677385,0.96383536,0.9798722,0.9621574,0.9628438,0.9484007,0.9621731,0.9677573,0.95223707,0.9556163,0.99999976,0.9584252,0.9597571,0.9483533,0.95451695,0.97159314,0.96285045,0.955879,0.960838,0.87181896,0.9700388,0.9760499,0.9699022,0.9460463,0.95480955,0.95970833,0.9357646,0.95903003,0.9122277,0.88361245,0.9638269,0.96606773,0.9700132,0.9553812,0.95772374,0.97237295,0.9538906,0.97176933,0.96660566,0.95902467,0.961939,0.963996,0.9560389,0.9774298,0.965317,0.97072285,0.9608839,0.9584586,0.9441031,0.95750976,0.9677691,0.96180016,0.96535003,0.97203994,0.95054203,0.97294915,0.96996784,0.9605512,0.9687086,0.97085285,0.9421334,0.9565687,0.9675761,0.9433225,0.97283983,0.6187039,0.9507133,0.97197336,0.93771714,0.96074045,0.90847576,0.9572175,0.96671396,0.9426851,0.9676324,0.9649191,0.95997995,0.94610363,0.9629114,0.96932817,0.9496853,0.9642856,0.9661173,0.97334987,0.95234084,0.97283983,0.94674593,0.95555973,0.96332645,0.96290165,0.96985793,0.96049905,0.95209056,0.94227844,0.95902574,0.9644074,0.9499303,0.9700542,0.9563997,0.9634167,0.9678044,0.959095,0.94219697,0.9674114,0.9565133,0.8240772,0.95405114,0.92614204,0.9505721,0.968289,0.9695022,0.9467463,0.971198,0.9607085,0.9573309,0.9411836,0.9564454,0.95251495,0.96266186,0.9542093,0.95532185,0.9505827,0.9681109,0.95431566,0.9655968,0.9583445,0.9772977,0.92337817,0.96410644,0.9517605,0.9656387,0.96191025,0.9729718,0.9563806,0.9798722,0.9583565,0.9532804,0.9541333,0.95613915,0.9604552,0.961199,0.92545325,0.959002,0.95217377,0.9677868,0.9618792,0.9687632,0.94637984,0.9551239,0.96859366,0.9486392,0.96917224,0.96969175,0.9512715,0.9798722,0.9475123,0.96753544,0.9538834,0.95444494
artofracingmovie,0.9378653,0.9448768,0.9615475,0.9359303,0.9739216,0.92814374,0.9540425,0.9574478,0.973134,0.9464067,0.9408294,0.94650817,0.94977105,0.9509338,0.9600145,0.9427715,0.9584252,1.0000001,0.94311273,0.94719565,0.9353709,0.9671624,0.95907587,0.9433735,0.93423235,0.8571746,0.958935,0.95640284,0.9607279,0.93877846,0.95856756,0.95015615,0.9426666,0.94232196,0.8926051,0.88885814,0.9562563,0.953309,0.9647863,0.9509273,0.9511804,0.93727255,0.9271354,0.9366613,0.9521645,0.94104135,0.9541044,0.95369524,0.9485525,0.9486754,0.96708184,0.96978664,0.94730043,0.94516194,0.9469282,0.9667233,0.95103985,0.9444166,0.9552112,0.9644154,0.9572732,0.95814145,0.9435552,0.9499159,0.9518179,0.94212157,0.93144935,0.95469487,0.93806165,0.9338169,0.9667252,0.65240884,0.9477376,0.9517274,0.93329173,0.93821293,0.89589775,0.949606,0.95102143,0.9356472,0.9500877,0.9575818,0.9492661,0.94240516,0.9530103,0.96706957,0.9401396,0.95453864,0.9552573,0.96103376,0.9470881,0.9667252,0.93293184,0.9401784,0.9604892,0.95425624,0.93981355,0.95314085,0.9472241,0.9465189,0.9519679,0.94175476,0.9519271,0.95887864,0.9417659,0.9666315,0.9536985,0.95363146,0.9505833,0.94293886,0.9418402,0.81246895,0.95184934,0.920964,0.9414224,0.94476306,0.94897366,0.93367624,0.95952123,0.9419439,0.9452777,0.94715655,0.9494824,0.9492115,0.9567653,0.936604,0.9589174,0.9424935,0.95823187,0.919933,0.94788015,0.9726395,0.9562028,0.9087555,0.95544744,0.94465405,0.95635575,0.9614042,0.96829057,0.95969516,0.973134,0.9543439,0.94687754,0.954628,0.9478772,0.9595995,0.9450193,0.9234977,0.95137244,0.92479986,0.95958215,0.94082457,0.95991576,0.92581344,0.9497868,0.9531364,0.95481807,0.95374805,0.95786774,0.94532454,0.973134,0.94555455,0.97032005,0.95479715,0.9552534
avengers,0.9812379,0.9515794,0.9640651,0.96020275,0.9501139,0.96071357,0.96514654,0.96082485,0.98103344,0.94294184,0.9561973,0.9419342,0.969189,0.9608156,0.9692074,0.9637107,0.9597571,0.94311273,0.9999999,0.9562366,0.949836,0.95818317,0.9651546,0.96861607,0.9503696,0.87237895,0.95619947,0.9544788,0.9614646,0.96006113,0.974603,0.9601667,0.95507115,0.9562007,0.9381821,0.8722843,0.9675887,0.9679707,0.9719451,0.9564231,0.9658796,0.9603262,0.94878715,0.9614611,0.97979736,0.9471375,0.96922106,0.9609395,0.9584632,0.969084,0.9633407,0.9695838,0.96261805,0.9579169,0.9413267,0.9446724,0.9643125,0.9568867,0.9703482,0.9664212,0.9533197,0.9683314,0.97302336,0.9667495,0.9522371,0.96022284,0.9605831,0.9700188,0.95960605,0.94560105,0.9702069,0.61207217,0.93511224,0.96597564,0.9482849,0.9476707,0.89547986,0.95156646,0.95564705,0.9564574,0.9687273,0.96144134,0.9584612,0.96109194,0.96386683,0.9604495,0.94908756,0.9743503,0.9494697,0.9744974,0.95584804,0.9702069,0.9356574,0.9542774,0.9629716,0.96880406,0.9588687,0.95098615,0.9590974,0.95561594,0.95117766,0.9688614,0.9507884,0.9675459,0.9436982,0.96562386,0.96271044,0.9670194,0.95216644,0.9572561,0.9654577,0.7812295,0.97056234,0.9257206,0.9555514,0.9616174,0.97117555,0.965044,0.97495776,0.9626972,0.95674855,0.9675465,0.96486664,0.9541193,0.97180355,0.9609004,0.9607412,0.95654845,0.96169394,0.9399592,0.95411193,0.9548555,0.961182,0.9379113,0.9590815,0.96966475,0.96587473,0.9703838,0.9686421,0.945729,0.98103344,0.9550159,0.9497487,0.9551947,0.9453273,0.9592049,0.9462334,0.9495405,0.9649174,0.9547043,0.9710032,0.96438485,0.9660699,0.9559684,0.95590824,0.96004903,0.96035326,0.96252954,0.96209097,0.95906776,0.98103344,0.9616976,0.9663558,0.9669081,0.959422
beachbummovie,0.9719402,0.9521026,0.9658684,0.9404449,0.96453446,0.9380563,0.9575465,0.9596169,0.9724824,0.9424028,0.94331044,0.9468271,0.96268755,0.95289034,0.96536034,0.95555,0.9483533,0.94719565,0.9562366,1.0000002,0.9502871,0.97118926,0.95028573,0.94773656,0.9424321,0.8723834,0.9648775,0.94390565,0.960265,0.94684064,0.96103406,0.9678838,0.936441,0.94906855,0.9093348,0.8828666,0.95945185,0.96421814,0.96645004,0.9468483,0.95895255,0.9429587,0.93965137,0.9487429,0.9612672,0.9631635,0.95310247,0.95574635,0.94154453,0.95356345,0.97570705,0.9652867,0.9581893,0.95224553,0.93274343,0.954532,0.951737,0.94513965,0.951575,0.9625564,0.9588879,0.9557645,0.9622655,0.953476,0.9455506,0.9279014,0.9489492,0.959839,0.9405108,0.95569396,0.96486354,0.63175076,0.9425818,0.9544619,0.90878874,0.9335968,0.8916787,0.96413195,0.93332106,0.93712896,0.9502559,0.94144845,0.9520378,0.9322583,0.9636066,0.9611517,0.9292128,0.9660239,0.95549107,0.9535621,0.9314763,0.96486354,0.9419666,0.9533566,0.9730591,0.9674649,0.9455329,0.9710795,0.94939184,0.9251642,0.9654013,0.9552911,0.95615894,0.961151,0.9488163,0.97185206,0.95031637,0.96350014,0.9514602,0.94915646,0.95963097,0.79475135,0.9528536,0.91957814,0.95576364,0.95688754,0.9753749,0.930669,0.9609449,0.94658256,0.9428255,0.9531923,0.95002127,0.93916637,0.9556969,0.9400319,0.94172305,0.96714807,0.9582257,0.9421421,0.9484201,0.9577498,0.95607334,0.92644083,0.94952863,0.9611338,0.9549014,0.9617426,0.965139,0.9552988,0.9724824,0.9673017,0.955421,0.95751673,0.9405031,0.9439126,0.9377916,0.91322243,0.957221,0.95869964,0.9648281,0.9592057,0.95187616,0.95395887,0.94463474,0.9600787,0.947225,0.94677,0.9526234,0.9421683,0.9724824,0.9263917,0.9609081,0.93531835,0.95931983
bernadettefilm,0.9564677,0.9427793,0.9517272,0.93171483,0.9426013,0.94149077,0.95264035,0.9485676,0.969272,0.93670946,0.95692605,0.9482776,0.95973855,0.9571912,0.9328263,0.97430044,0.95451695,0.9353709,0.949836,0.9502871,1.0000001,0.9497959,0.9483898,0.9492875,0.9430471,0.8344568,0.95247763,0.9421451,0.95278907,0.94579744,0.9358053,0.9448644,0.9324913,0.9558206,0.91077614,0.8770016,0.9577956,0.9551814,0.95410305,0.9405553,0.95734173,0.96247476,0.94121677,0.96514165,0.94905394,0.95388573,0.947503,0.9559329,0.93813586,0.96397245,0.95448047,0.9550344,0.9374342,0.96251273,0.9125977,0.9457516,0.95384026,0.9589542,0.95849323,0.9550976,0.94989467,0.95926356,0.9503723,0.961552,0.95133096,0.9398591,0.9567461,0.9596772,0.96358925,0.92919827,0.9597425,0.65296805,0.94068915,0.9561192,0.9309016,0.9422231,0.888942,0.9473621,0.9461109,0.9343257,0.95478433,0.94561476,0.9503669,0.9409096,0.9444343,0.9630414,0.93579406,0.96380883,0.95464885,0.96350425,0.94380283,0.9597425,0.96164477,0.95463115,0.9529258,0.95040804,0.95869905,0.9564579,0.9519979,0.93709767,0.9617471,0.9586776,0.94169134,0.9575417,0.9463226,0.9543321,0.9576412,0.9651423,0.9488039,0.92917687,0.9615741,0.77346265,0.9413883,0.90209025,0.96254057,0.95353603,0.9584743,0.93670946,0.9574748,0.94418657,0.94187325,0.9541152,0.9527125,0.9514398,0.946263,0.9438579,0.9553251,0.9531071,0.9612107,0.93612,0.97964615,0.94814897,0.9653917,0.93906265,0.94816864,0.957025,0.94971645,0.95910686,0.96157134,0.9454238,0.969272,0.95281124,0.9420343,0.9502115,0.9398206,0.94154465,0.93108904,0.92646646,0.95897245,0.92738056,0.9637956,0.95903385,0.94900095,0.9391648,0.947049,0.9622862,0.9443042,0.9546752,0.95586604,0.9388715,0.969272,0.93727577,0.95110947,0.94654363,0.943701
