movie,21bridgesmovie,47metersdown,abeautifuldaymovie,abominablemovie,adastramovie,adogsjourneymovie,aftermathmovie,aftermovie,ahiddenlifefilm,alitamovie,angelhasfallen,angrybirdsmovie,annabellemovie,annamovie,apollo11movie,arcticdogsmovie,arcticmovie,artofracingmovie,avengers,beachbummovie,bernadettefilm,blackandbluemovie,blackchristmas,blindedbythelightmovie,bombshellmovie,booksmart,breakthroughmovie,brianbanksmovie,brightburnmovie,brittanyrunsmov,captainmarvelofficial,captivestatemovie,catsmovie,charliesangels,childsplaymovie,clarathefilm,coldpursuitmovie,countdown,currentwarmovie,darkwatersmovie,detectivepikachumovie,disneyaladdin,disneyfrozen,disneymaleficent,doctorsleepmovie,dolemiteismyname,dontletgomovie,doramovie,downtonabbey_official,dumbo,escaperoom,everybodyknowsmovie,fastandfuriousmovie,fightingwmyfam,fivefeetapartfilm,fordvferrari,freaksthefilm,geminimanmovie,glassmovie,gloriabellmovie,godzillamovie,goldfinchmovie,goodboysmovie,goodliarmovie,gretafilm,halathemovie,happydeathdaymovie,harrietfilm,hellboymovie,hersmellmovie,highlifemovie,highstrungmovie,honeyboymovie,hotelmumbaifilm,httydragon,hustlemovie,hustlersmovie,isntitromantic,itmovieofficial,jayandsilentbob,johnwickmovie,jojorabbitmovie,jokermovie,judythefilm,jumanjimovie,justmercyfilm,knivesout,lalloronamovie,lastblackmansf,lastchristmasthemovie,latenightmovie,lighthousemovie,lionking,littlethemovie,littlewomenmovie,littlewoodsfilm,longshotmovie,lordsofchaosmovie,lucyintheskyfilm,mamovie2019,marriagestory,meettheaddams,meninblack,midsommarmovie,midwaymovie,missbalamovie,missinglinkfilm,motherlessbklyn,onceinhollywood,onthebasisofsex,overcomermovie,peanutbutterfalcon,petsematarymovie,piercingmovie,playingwithfire,playmobilthemovie,pomsmovie,queenandslim,rambomovie,readyornotfilm,richardjewellfilm,rocketmanmovie,scarystoriesmovie,secretlifeofpets,serenityfilm,shaftmovie,shazammovie,spidermanmovie,spiesindisguise,starwars,stormboymovie,stubermovie,taosdfilm,teenspiritmov,terminator,theaeronautsmov,thebestofenemies,thedeaddontdie,thefarewell,thehighwaymen,thehummingbirdprojectfilm,theintrudermovie,theirishmanfilm,thekitchenmovie,thelegomovie,themustangfilm,thenightingalefilm,theprodigymovie,thesunisalsoastar,theupsidefilm,tolkienmovie,toystory,triplefrontier,uglydolls,uncutgems,underthesilverlake,usmovie,wavesmovie,whatmenwant,wonderparkmovie,wrinklestheclown,xmenmovies,yardiefilm,yesterdaymovie,zombieland
21bridgesmovie,0.9999999,0.95240885,0.97490644,0.938825,0.9720039,0.96457446,0.9717541,0.965554,0.9844187,0.9349076,0.9516136,0.9681892,0.96422863,0.9670328,0.9536326,0.95836866,0.96434206,0.9701897,0.9739242,0.9430331,0.9646158,0.95998055,0.9699231,0.9551369,0.9561049,0.8477365,0.9608913,0.9619793,0.9655125,0.95327926,0.9602255,0.96558195,0.9483501,0.961238,0.9486305,0.92357934,0.9606901,0.9715624,0.95612854,0.96484995,0.96807873,0.96992415,0.9550727,0.95285743,0.964508,0.966724,0.970498,0.96403056,0.9569181,0.96090096,0.9692486,0.9738155,0.9601187,0.9592543,0.9582792,0.96408063,0.96586007,0.96949524,0.94726,0.9608208,0.9712085,0.9607145,0.9634829,0.96501607,0.95581067,0.9607584,0.9407129,0.96448046,0.95309293,0.9575447,0.9616357,0.51137155,0.9478848,0.9661141,0.9441429,0.93657583,0.9267715,0.97169363,0.9601562,0.9699388,0.945457,0.9658233,0.96786374,0.958887,0.97881883,0.956863,0.95702916,0.96510535,0.9448688,0.97135746,0.96521205,0.9616357,0.9562462,0.93134904,0.96067363,0.95511824,0.9627729,0.96953475,0.9491017,0.9578973,0.9635877,0.95529056,0.9441687,0.95690924,0.95829356,0.96915764,0.9593326,0.96232504,0.93619937,0.9386669,0.97820723,0.8156549,0.9715648,0.92631954,0.96050775,0.9805821,0.9897305,0.96243626,0.9696217,0.96530247,0.9751667,0.9651845,0.9741061,0.95246047,0.9698689,0.9539837,0.9606118,0.9593929,0.9673057,0.93242407,0.944623,0.9597667,0.9558008,0.9494201,0.9662103,0.965427,0.9696334,0.9614864,0.9616929,0.9673679,0.9844187,0.96204436,0.96714085,0.96699214,0.94394183,0.9717322,0.9621502,0.9573196,0.966974,0.96895844,0.97258294,0.9657676,0.9734078,0.92383134,0.9549396,0.95912284,0.9722451,0.96062624,0.959358,0.96196324,0.9844187,0.95316124,0.96074873,0.96836865,0.9714982
47metersdown,0.95240885,0.9999997,0.9408559,0.90700626,0.9540314,0.94026726,0.96023,0.93555737,0.9575654,0.925568,0.9230318,0.9346937,0.95102644,0.94222414,0.93636626,0.96741235,0.93755317,0.9635131,0.9387227,0.9366935,0.92688346,0.9409161,0.92509127,0.93275553,0.94179064,0.8330474,0.9419264,0.92819935,0.9280894,0.9252231,0.94019955,0.9427966,0.90975845,0.9365973,0.93039644,0.8825495,0.94287896,0.9486238,0.921891,0.9370399,0.9349012,0.9559228,0.9187988,0.9445074,0.9331061,0.9550453,0.9348031,0.9360058,0.92402864,0.95484877,0.92459494,0.93504554,0.9309829,0.91064686,0.90772736,0.94503695,0.9462998,0.9339238,0.92569417,0.93713087,0.9477008,0.93057793,0.9501206,0.9263026,0.9278177,0.92258793,0.9246931,0.93051434,0.93367064,0.93790805,0.95046943,0.55331564,0.9228108,0.94217795,0.89393574,0.94051933,0.89647365,0.93713295,0.93926984,0.95154256,0.9404291,0.93363494,0.9324311,0.9293352,0.95138854,0.9343919,0.94028944,0.9460708,0.93044734,0.93709713,0.93800116,0.95046943,0.92932284,0.90058917,0.9290099,0.92619514,0.9505583,0.9318051,0.93007785,0.9210765,0.94957614,0.9552307,0.910754,0.9433677,0.9562775,0.9226352,0.9240565,0.9296867,0.9229931,0.9174686,0.9429606,0.79533565,0.936994,0.89447105,0.9293185,0.94444895,0.9516629,0.91832656,0.955589,0.959678,0.9510946,0.9227043,0.9367597,0.9401344,0.94436944,0.951879,0.93752015,0.9081932,0.93195295,0.92760056,0.94053,0.94121194,0.9304087,0.91402745,0.9405325,0.9254097,0.94576424,0.9183019,0.9535475,0.9485046,0.9575654,0.93048835,0.9385672,0.9372431,0.9168589,0.92939293,0.93630064,0.9281712,0.9288407,0.9329673,0.9525067,0.9438355,0.95192516,0.89452183,0.9343268,0.93845266,0.9310402,0.9411756,0.9309303,0.9301169,0.9575654,0.93636227,0.94145846,0.9228742,0.9451224
abeautifuldaymovie,0.97490644,0.9408559,0.99999976,0.9391538,0.9582853,0.9622831,0.971393,0.96310204,0.9815849,0.93749136,0.9546378,0.9690528,0.95472336,0.9665319,0.95197135,0.95077145,0.9635385,0.9560156,0.96220815,0.9504951,0.9648699,0.97301483,0.967321,0.96089226,0.9462,0.8241049,0.95625466,0.9575182,0.9818169,0.94469994,0.9582551,0.96246344,0.9598183,0.9658484,0.94422513,0.9165201,0.96539575,0.9580568,0.955987,0.95724064,0.956748,0.96507335,0.94924694,0.955429,0.96625847,0.97115225,0.9654416,0.9574795,0.9515703,0.9599533,0.98729956,0.9670785,0.9509423,0.955134,0.944645,0.9650361,0.9618327,0.9731719,0.9508199,0.9580638,0.9652735,0.95615035,0.96799785,0.9554393,0.95168424,0.9596961,0.9392811,0.956963,0.95822126,0.9517035,0.95693046,0.5156987,0.95627654,0.9600937,0.9435363,0.9400723,0.92092586,0.9673874,0.9670721,0.96042037,0.9457784,0.96271855,0.95957845,0.9553512,0.97506493,0.94808006,0.9621807,0.96008617,0.9418183,0.96888304,0.9663151,0.95693046,0.949971,0.9305042,0.9784717,0.95930904,0.9727285,0.96439,0.94771814,0.95153046,0.9638301,0.95382667,0.9599572,0.9596858,0.9513241,0.9862143,0.96361643,0.9550231,0.95694464,0.93340796,0.97190356,0.7870496,0.9729531,0.9226455,0.9590338,0.97561395,0.97196853,0.94928324,0.9659474,0.95902437,0.95877695,0.963768,0.96981657,0.9470993,0.96952415,0.95363677,0.9616257,0.97193784,0.96899,0.9266405,0.9501989,0.95768714,0.95600367,0.9418009,0.96826345,0.9590246,0.9605336,0.94972056,0.95261097,0.9596659,0.9815849,0.9748373,0.9688062,0.97002196,0.9424519,0.95661014,0.94225365,0.9448981,0.96197224,0.952643,0.9698527,0.97500765,0.95961535,0.92890763,0.95062965,0.9525391,0.9670221,0.9635753,0.9676681,0.95861083,0.9815849,0.96293736,0.9697965,0.96757,0.98175234
abominablemovie,0.938825,0.90700626,0.9391538,1.0000002,0.9326618,0.95075697,0.9487508,0.94820666,0.95842266,0.9223338,0.94365793,0.93384504,0.9368706,0.9465188,0.93540275,0.91055715,0.94845414,0.9332004,0.9287823,0.936804,0.93190795,0.92131734,0.93856955,0.9246856,0.9361205,0.82080984,0.9209092,0.9508851,0.9417118,0.9122138,0.9349183,0.9395866,0.9379013,0.9046147,0.9327219,0.9185539,0.9473241,0.93448687,0.9351039,0.92945147,0.9313593,0.9492229,0.9407867,0.94968575,0.9407733,0.94452465,0.9332282,0.9444825,0.911301,0.94627213,0.9326953,0.9388247,0.89479446,0.93735385,0.9405781,0.9372233,0.9403863,0.93193847,0.96397007,0.9365564,0.93615043,0.95743424,0.94405454,0.9445611,0.9147288,0.93653274,0.92710406,0.9126388,0.91200393,0.93428653,0.93691856,0.4434634,0.91592884,0.9490744,0.94021934,0.91327596,0.8924763,0.94114053,0.95695424,0.9193706,0.9192797,0.9521143,0.9337665,0.94513714,0.93628925,0.91038775,0.9497591,0.94463456,0.92923427,0.9544175,0.9336856,0.93691856,0.9410687,0.9199095,0.9224023,0.9528813,0.93994546,0.93243587,0.9188469,0.9362782,0.94426656,0.9296482,0.9491195,0.92473567,0.94001156,0.93909365,0.94735193,0.93698746,0.9128426,0.92063636,0.9439441,0.79044473,0.92660344,0.9190556,0.90989476,0.94483304,0.94112825,0.92607707,0.93202174,0.9367797,0.94353056,0.9287024,0.94585866,0.9198251,0.9326736,0.93814886,0.94779927,0.92487013,0.9300255,0.9035878,0.93653256,0.9309376,0.9540544,0.9244631,0.9227995,0.92353016,0.92939734,0.94123626,0.94060516,0.93843895,0.95842266,0.9295843,0.92593545,0.95155966,0.93793845,0.93639493,0.9275526,0.9223558,0.9452781,0.94003147,0.9392652,0.9465573,0.9301179,0.8807421,0.9355488,0.9217706,0.9371638,0.93665624,0.9232786,0.91327375,0.95842266,0.9350687,0.94555384,0.93589145,0.92608684
adastramovie,0.9720039,0.9540314,0.9582853,0.9326618,0.9999998,0.95201457,0.9719053,0.95973426,0.97542083,0.93591124,0.9434452,0.9593169,0.9657551,0.9629418,0.942312,0.95842737,0.95742774,0.97803295,0.9678374,0.9405798,0.9551276,0.9585384,0.95832455,0.9502849,0.9531309,0.84690523,0.9627741,0.9544028,0.9425682,0.9409112,0.9547202,0.9566901,0.9416524,0.9461029,0.94436157,0.8921917,0.954762,0.96693426,0.9478312,0.9511866,0.9586495,0.9689115,0.93717873,0.9546287,0.96305895,0.9654504,0.96082026,0.9544633,0.94265485,0.9666582,0.94681805,0.9623454,0.9560283,0.94419605,0.9457889,0.97571504,0.9500554,0.95628315,0.93525124,0.9595156,0.9657577,0.9462359,0.9594269,0.95631415,0.9412431,0.9434133,0.92474234,0.9550148,0.937623,0.9501134,0.95744526,0.4997175,0.9400618,0.95407546,0.932471,0.93605655,0.92065436,0.9549905,0.9400713,0.9662671,0.9373222,0.96444106,0.9548231,0.95835906,0.96620685,0.9446622,0.9685137,0.96491295,0.94813323,0.96037364,0.9577351,0.95744526,0.9454981,0.923865,0.94501954,0.93541586,0.9505463,0.9562989,0.9533999,0.9399645,0.9492998,0.9468089,0.9231431,0.95281786,0.954663,0.9462722,0.9403216,0.9530667,0.93973535,0.9288268,0.9698838,0.8213244,0.9536025,0.91833836,0.9493343,0.9642518,0.96309376,0.94795734,0.95381224,0.97412896,0.96497697,0.949844,0.95674163,0.9405652,0.9594591,0.9528,0.9531135,0.93861145,0.9644824,0.9403025,0.9580081,0.9614541,0.94579506,0.9354485,0.9463726,0.95087284,0.9515703,0.9486984,0.9594138,0.9628797,0.97542083,0.9483813,0.9478856,0.96170026,0.93356884,0.9517628,0.9417203,0.9539146,0.9653049,0.94690174,0.9746749,0.9569962,0.9618512,0.90463895,0.9484489,0.95261806,0.9591675,0.9606622,0.9489753,0.945255,0.97542083,0.93736655,0.95560986,0.95225334,0.9572799
adogsjourneymovie,0.96457446,0.94026726,0.9622831,0.95075697,0.95201457,1.0,0.96440744,0.9494584,0.9783668,0.9342651,0.9532951,0.96157885,0.95457405,0.94898164,0.97193766,0.9555469,0.9668718,0.95939624,0.9494951,0.9577898,0.95336246,0.959459,0.9577717,0.9558993,0.9583006,0.79097867,0.95018077,0.9619732,0.96107334,0.9479716,0.9511361,0.9618591,0.95018417,0.9467826,0.9264748,0.91104096,0.94537383,0.96441346,0.95798874,0.9559101,0.95151275,0.96462965,0.9615638,0.96715367,0.95597076,0.96389455,0.961122,0.94884765,0.9476928,0.96469754,0.95391774,0.9610569,0.9418861,0.9364874,0.9354542,0.9502799,0.94992346,0.9475571,0.9558633,0.9513148,0.95845866,0.9732812,0.9608079,0.94898707,0.93607867,0.944281,0.93937564,0.94334024,0.95078075,0.9546471,0.959824,0.5197125,0.9278638,0.95956415,0.935462,0.9217869,0.91815436,0.96062714,0.9637809,0.9477531,0.96037817,0.958482,0.9529458,0.954066,0.9567424,0.944234,0.9566539,0.9612386,0.94937336,0.96755517,0.9555306,0.959824,0.95543265,0.9289403,0.9449632,0.9690037,0.95606905,0.96336615,0.9352456,0.96130174,0.948092,0.9610983,0.9422109,0.9564105,0.94444615,0.9572781,0.9672549,0.9566089,0.93623847,0.9341404,0.9692356,0.7802088,0.94904095,0.91367364,0.9386227,0.9623581,0.969134,0.94518393,0.95889336,0.96029705,0.9574364,0.9417479,0.95839345,0.9712898,0.95277697,0.95344746,0.9678204,0.9467854,0.94713485,0.925149,0.95526934,0.9465346,0.95104104,0.9666451,0.93735397,0.9467681,0.9609541,0.95691687,0.95776796,0.9602221,0.9783668,0.96073675,0.9483404,0.96086824,0.93481624,0.9553024,0.94576156,0.92951095,0.95964044,0.9671802,0.9724836,0.96920276,0.9551589,0.91119903,0.9532144,0.9504269,0.9536533,0.94820964,0.9428874,0.9324456,0.9783668,0.95114,0.9596338,0.961016,0.95350754
aftermathmovie,0.9717541,0.96023,0.971393,0.9487508,0.9719053,0.96440744,1.0,0.96176255,0.98435503,0.9517207,0.9447611,0.96261543,0.96366006,0.97173494,0.9531191,0.9523976,0.97002804,0.97004646,0.9664747,0.9528511,0.967774,0.9666715,0.95795953,0.960274,0.9589457,0.8308938,0.9662288,0.9677951,0.9631622,0.93984747,0.9698704,0.9625745,0.9481153,0.946234,0.95478916,0.9284394,0.9702323,0.9571684,0.96272105,0.96015424,0.9665064,0.9645551,0.95108813,0.9603038,0.9618033,0.97331065,0.9574064,0.9572504,0.9499998,0.96377194,0.96362776,0.9689958,0.95127934,0.9498514,0.9433211,0.97246116,0.9637197,0.9647525,0.9560811,0.96042913,0.97146297,0.96539617,0.9639714,0.9554272,0.9639197,0.93874574,0.9470926,0.9571662,0.9360138,0.9468276,0.9657561,0.5057392,0.9500926,0.96782434,0.94540316,0.9311871,0.9147703,0.96168727,0.96869624,0.9587883,0.9492354,0.97506607,0.96066344,0.95974386,0.96327215,0.9485868,0.9572038,0.9728984,0.94262004,0.964589,0.96408165,0.9657561,0.9471208,0.9260428,0.9586818,0.96054053,0.96138155,0.96537083,0.964944,0.9491647,0.96904856,0.9702355,0.95201945,0.96322936,0.96697223,0.9641867,0.96213216,0.948661,0.9434855,0.9401614,0.9781869,0.80686444,0.9631213,0.9269592,0.958115,0.9638576,0.9711135,0.9597203,0.9677092,0.98805803,0.9650026,0.96821845,0.96607673,0.9466314,0.9706359,0.963752,0.9689259,0.955945,0.96626586,0.93799794,0.9603623,0.963904,0.9665211,0.94039524,0.9593359,0.9551012,0.95914817,0.95528364,0.9662985,0.9590424,0.98435503,0.9573311,0.95746374,0.9713724,0.9388588,0.9592584,0.9498656,0.94966495,0.95775115,0.9575757,0.9876454,0.9714023,0.96646774,0.9231373,0.958875,0.9603382,0.96890044,0.9680472,0.9543697,0.95079345,0.98435503,0.9521535,0.9681442,0.95580673,0.96805835
aftermovie,0.965554,0.93555737,0.96310204,0.94820666,0.95973426,0.9494584,0.96176255,1.0000001,0.972779,0.9248337,0.9551871,0.9638229,0.9605837,0.96977943,0.94138026,0.9429768,0.96308607,0.9466563,0.95169306,0.94146633,0.95758843,0.94854677,0.9534244,0.94863695,0.9519526,0.8493146,0.9434404,0.949504,0.9575035,0.94658816,0.9422295,0.94999635,0.9492486,0.9453494,0.9446715,0.9119831,0.9538956,0.95067173,0.95984614,0.94838893,0.95796955,0.9640503,0.94812995,0.95293176,0.9611767,0.96877265,0.956135,0.9521361,0.9438491,0.9600183,0.95632005,0.96052337,0.94078296,0.9477234,0.9659459,0.9539508,0.95986646,0.9646323,0.94438696,0.953057,0.952268,0.95823747,0.96813554,0.966799,0.9471696,0.95643294,0.93860155,0.94457626,0.94428724,0.94917667,0.9506359,0.52450424,0.94247746,0.95257086,0.93192095,0.9444192,0.9406857,0.9590347,0.9504798,0.9487334,0.9295547,0.9656458,0.95879185,0.95849496,0.9665134,0.9551447,0.9645409,0.9660305,0.95010984,0.9668782,0.96920764,0.9506359,0.9616392,0.94054526,0.9435905,0.9485278,0.9592723,0.9470464,0.96238846,0.9398747,0.95827687,0.9518826,0.9476513,0.9401554,0.9483139,0.9560727,0.954901,0.9547455,0.9465635,0.9354709,0.96512514,0.8187743,0.9556625,0.9122463,0.94036424,0.96501625,0.95721394,0.93683314,0.9391993,0.9484709,0.96213895,0.9492412,0.9647233,0.9308823,0.94353837,0.95479417,0.95844334,0.9520979,0.9557277,0.9216504,0.9430358,0.95811456,0.958757,0.9316962,0.9573675,0.95925665,0.94194216,0.9475345,0.950663,0.9573106,0.972779,0.95014733,0.9551866,0.9674738,0.94517964,0.95748806,0.9404803,0.9462416,0.9582436,0.9509241,0.9621819,0.96151453,0.9564876,0.9137613,0.9486544,0.9416313,0.9574805,0.95410925,0.9606289,0.93598557,0.972779,0.95025873,0.95038384,0.9534466,0.9529072
ahiddenlifefilm,0.9844187,0.9575654,0.9815849,0.95842266,0.97542083,0.9783668,0.98435503,0.972779,1.0000001,0.9563812,0.97128695,0.9803253,0.97706884,0.98168933,0.97191566,0.96931916,0.98642945,0.98004985,0.9725026,0.96472734,0.97946906,0.9726153,0.9793846,0.9773141,0.97214067,0.84643614,0.96860856,0.9768054,0.97853184,0.96558404,0.97550076,0.9788364,0.9691028,0.9690322,0.9596626,0.93563193,0.97988623,0.9756926,0.97450036,0.9735995,0.97459227,0.98395926,0.96963173,0.97692794,0.9808912,0.98512,0.98002356,0.9723568,0.96424794,0.9804165,0.97716355,0.9835799,0.9619951,0.9683972,0.9581524,0.9775359,0.9764773,0.9797437,0.96988016,0.9797555,0.97875065,0.979474,0.9782823,0.9775392,0.96607697,0.96970105,0.9629079,0.9721446,0.9663997,0.96699715,0.9837504,0.532398,0.95802075,0.9836641,0.9592951,0.9466398,0.9334794,0.9781294,0.97830945,0.9688647,0.96629655,0.9777756,0.98006785,0.97230566,0.9821908,0.9629523,0.97527105,0.9813454,0.9695791,0.9816436,0.9754184,0.9837504,0.97072047,0.95674276,0.9720575,0.9767242,0.9715558,0.97941536,0.96233356,0.9716194,0.9769838,0.96810585,0.96073216,0.9789691,0.9676645,0.9799275,0.9780912,0.9752662,0.9606648,0.95800555,0.9904086,0.81276226,0.97937775,0.93545115,0.97060233,0.9841653,0.98740953,0.96543324,0.98064715,0.97748613,0.9832658,0.9744343,0.98004276,0.96183497,0.97465503,0.9769418,0.98200077,0.96957034,0.9760965,0.9422333,0.97165823,0.9695043,0.9769709,0.9610398,0.9734221,0.970706,0.97291815,0.97419673,0.982578,0.9781282,1.0000001,0.97168386,0.97758687,0.98292434,0.9634151,0.97498715,0.9628159,0.9603055,0.9777546,0.97144574,0.9846414,0.9815905,0.9776031,0.9313389,0.9770548,0.97631836,0.9798544,0.9791654,0.96892357,0.9667321,1.0000001,0.9690985,0.98452556,0.9802382,0.9724342
alitamovie,0.9349076,0.925568,0.93749136,0.9223338,0.93591124,0.9342651,0.9517207,0.9248337,0.9563812,1.0000002,0.9174779,0.9318963,0.9235137,0.95438826,0.9421138,0.92923546,0.95351297,0.94286805,0.93377763,0.9356541,0.936274,0.92170864,0.9237777,0.93117195,0.9278467,0.81336176,0.93537754,0.9438743,0.93458056,0.92492014,0.94243467,0.9361681,0.91231203,0.92117786,0.91906786,0.8847412,0.9347688,0.92466336,0.9270462,0.9484021,0.94158715,0.9406858,0.92637444,0.93963057,0.93697804,0.92961144,0.92849404,0.9310248,0.9352703,0.942109,0.9254573,0.93777966,0.91576403,0.9390592,0.9101535,0.95346,0.92252094,0.9318938,0.9270546,0.9252092,0.9381023,0.94073045,0.9325931,0.92869306,0.9278653,0.9151396,0.9455274,0.9440247,0.918244,0.91127986,0.9302808,0.5572506,0.9166387,0.9485762,0.9180059,0.9036288,0.87450314,0.9307454,0.93966645,0.9331554,0.91812927,0.9394548,0.929129,0.93819714,0.9291875,0.9142105,0.9282396,0.9340188,0.9041896,0.93698627,0.93279576,0.9302808,0.9324046,0.926375,0.9193688,0.946393,0.921715,0.9418723,0.9413314,0.92702794,0.92707837,0.9219763,0.9255886,0.9420471,0.95218533,0.9346202,0.93857765,0.92985797,0.9135617,0.91853076,0.951719,0.8125745,0.9339676,0.90038043,0.9367137,0.9384282,0.9375342,0.9290249,0.943743,0.9460529,0.9322983,0.9491819,0.933111,0.9262488,0.94547594,0.9345856,0.9388334,0.91037506,0.921791,0.93303174,0.94174343,0.93614405,0.9495708,0.9352932,0.9406662,0.9310276,0.92300797,0.925956,0.9292702,0.928956,0.9563812,0.9245209,0.9404131,0.9381416,0.9196358,0.926729,0.9300122,0.8979074,0.93184227,0.9250102,0.94998443,0.9438336,0.9391679,0.89738315,0.92440647,0.9263903,0.94369745,0.9448292,0.93686295,0.9318825,0.9563812,0.9205649,0.943407,0.93294364,0.9242066
angelhasfallen,0.9516136,0.9230318,0.9546378,0.94365793,0.9434452,0.9532951,0.9447611,0.9551871,0.97128695,0.9174779,1.0000002,0.9568868,0.9531745,0.9613789,0.93475693,0.94816893,0.9594886,0.94838274,0.94676685,0.93825936,0.95223826,0.93720096,0.9522087,0.94908005,0.94780666,0.8432286,0.93638176,0.9493796,0.9471203,0.95021456,0.93954575,0.9546742,0.95840394,0.9498281,0.9368686,0.9032397,0.94944793,0.94014657,0.93776345,0.9459371,0.94095415,0.96007466,0.95054513,0.9528262,0.9642094,0.9597436,0.9498767,0.9403557,0.9249735,0.95234406,0.94645023,0.94866884,0.9208965,0.9579754,0.9371905,0.9540512,0.9549448,0.9550119,0.9415016,0.9513417,0.9444946,0.9503365,0.9637207,0.9584391,0.9295724,0.9658299,0.93943113,0.92642486,0.95297265,0.96202946,0.96137625,0.5258861,0.9506238,0.95567054,0.9546953,0.9371099,0.91599786,0.96279836,0.95425487,0.92797625,0.967832,0.9548412,0.95413506,0.95230466,0.9577052,0.94085896,0.96064246,0.961377,0.95812356,0.9671234,0.9510192,0.96137625,0.95553476,0.9381825,0.95253485,0.9524126,0.9582795,0.94927484,0.9343153,0.9505075,0.9483144,0.9430791,0.92848384,0.9559148,0.93316615,0.9490424,0.9486671,0.95708656,0.9526729,0.94234914,0.95877606,0.7969692,0.94942194,0.9213285,0.92781156,0.96313417,0.9497805,0.94017696,0.9573793,0.9423567,0.96236956,0.93283784,0.9528745,0.9353431,0.94289726,0.9439675,0.9550531,0.94223,0.9417103,0.9245676,0.94071764,0.9485854,0.9410102,0.9377112,0.93955296,0.94470996,0.94559085,0.9482686,0.9610029,0.9573303,0.97128695,0.9517134,0.94730204,0.96439075,0.94563365,0.9461294,0.9279541,0.9413954,0.9550835,0.95530784,0.952998,0.9598647,0.93857145,0.89682347,0.95426077,0.9442073,0.95377856,0.95498073,0.94043314,0.9311643,0.97128695,0.9446522,0.9683159,0.9562185,0.9366457
angrybirdsmovie,0.9681892,0.9346937,0.9690528,0.93384504,0.9593169,0.96157885,0.96261543,0.9638229,0.9803253,0.9318963,0.9568868,1.0,0.96106535,0.955385,0.9572993,0.9405872,0.97099715,0.9616226,0.96818167,0.94602454,0.9689742,0.95338696,0.964904,0.9661972,0.95825475,0.85367894,0.94742984,0.95910674,0.9636842,0.96621543,0.9598668,0.9652509,0.96075696,0.9639198,0.9267926,0.9073615,0.9535182,0.9578481,0.97129613,0.965735,0.9674413,0.96796393,0.9627987,0.952501,0.9645506,0.9614761,0.96191746,0.9596119,0.95886004,0.95692307,0.9642029,0.9734688,0.9613107,0.95642084,0.94454503,0.9595065,0.95392704,0.964768,0.93506074,0.96209335,0.9530047,0.96147794,0.96123904,0.95847225,0.9659122,0.9506261,0.9452377,0.963165,0.9415115,0.94554245,0.96261287,0.50204575,0.928284,0.9606443,0.94325966,0.93923175,0.91687274,0.9673652,0.95934343,0.9522899,0.94972706,0.96529514,0.95881957,0.9431931,0.97429866,0.9543462,0.95677304,0.9745953,0.9458943,0.95909125,0.9588979,0.96261287,0.95537585,0.94415486,0.9565948,0.9659031,0.94859076,0.9595416,0.95777375,0.95112896,0.95222294,0.95689076,0.939305,0.96115637,0.93738276,0.96574163,0.96241254,0.95353305,0.94534564,0.94826394,0.9745138,0.7993172,0.964587,0.9044351,0.95263034,0.9594473,0.96417004,0.9448901,0.9558957,0.9580461,0.9525932,0.9575754,0.95691055,0.9439357,0.9575487,0.9617938,0.9621343,0.96837443,0.9735622,0.94579494,0.9522188,0.9610569,0.96096015,0.9385462,0.9577685,0.9590861,0.94431955,0.9554157,0.9648068,0.94931334,0.9803253,0.95636374,0.958063,0.96681106,0.93778515,0.964841,0.9348035,0.9374735,0.9627759,0.94980925,0.9711641,0.9765135,0.96443194,0.91472644,0.96589375,0.95817536,0.9698116,0.9680152,0.9541762,0.9498716,0.9803253,0.9565593,0.9632092,0.96823585,0.95892787
annabellemovie,0.96422863,0.95102644,0.95472336,0.9368706,0.9657551,0.95457405,0.96366006,0.9605837,0.97706884,0.9235137,0.9531745,0.96106535,0.9999999,0.95978093,0.94377613,0.9562007,0.95858663,0.9685701,0.95286214,0.9397592,0.9532971,0.953301,0.9607613,0.9491104,0.95987153,0.84591895,0.94649917,0.95317113,0.9449892,0.9582792,0.9444359,0.9676096,0.9418461,0.949497,0.9444368,0.91265595,0.9536039,0.9684406,0.94782317,0.9527739,0.9552231,0.96439594,0.95118815,0.95748305,0.9608389,0.9724967,0.96374184,0.95730907,0.9519238,0.9627128,0.9414036,0.96722895,0.9533583,0.94605446,0.941403,0.95248646,0.95721436,0.96233577,0.93589246,0.95958793,0.9591541,0.95130545,0.95756936,0.96905404,0.952836,0.95132726,0.93565965,0.95143026,0.94642174,0.95943356,0.964142,0.5004208,0.94590753,0.9580036,0.9366455,0.9323801,0.93786025,0.9534319,0.95760316,0.9531969,0.94712996,0.9527087,0.9730154,0.9454284,0.97426564,0.9472012,0.9660633,0.98437655,0.9623879,0.9544058,0.9533129,0.964142,0.9516998,0.9424119,0.94509315,0.9469658,0.95337915,0.95433825,0.9480046,0.94805115,0.9628926,0.9499913,0.9318932,0.9565664,0.9456508,0.9434309,0.9512982,0.97278726,0.9464245,0.953536,0.9690007,0.8027231,0.9544425,0.9243906,0.94666374,0.9677639,0.96437603,0.93855286,0.9527198,0.9580166,0.9676351,0.9474744,0.95469064,0.9433029,0.944145,0.9692819,0.96991456,0.933673,0.95721626,0.9159264,0.9529275,0.95866954,0.9508205,0.93283355,0.94937134,0.9556133,0.9594647,0.9550569,0.96353513,0.96412456,0.97706884,0.93972594,0.9669197,0.9689389,0.952176,0.9507958,0.93780303,0.9537509,0.97162515,0.96273136,0.95832264,0.96828294,0.96166885,0.9048821,0.9596034,0.95447135,0.95009655,0.9667036,0.95004433,0.9395677,0.97706884,0.955281,0.9572309,0.95810574,0.94492036
annamovie,0.9670328,0.94222414,0.9665319,0.9465188,0.9629418,0.94898164,0.97173494,0.96977943,0.98168933,0.95438826,0.9613789,0.955385,0.95978093,1.0000001,0.9381282,0.95769584,0.9679188,0.96270806,0.9605794,0.94292337,0.9667067,0.95922345,0.95895356,0.9617211,0.95139045,0.82904726,0.95726216,0.9525009,0.959747,0.9438813,0.95176035,0.95249957,0.9535983,0.9587954,0.9651427,0.9224829,0.9653959,0.94173235,0.9512979,0.9500302,0.95778924,0.9633454,0.95047444,0.95082635,0.96256393,0.9735874,0.9587564,0.9546648,0.95010215,0.9583156,0.9574563,0.9575125,0.9362316,0.96114314,0.943653,0.97136265,0.9589015,0.96443725,0.9502843,0.95632917,0.9670304,0.9588576,0.96912193,0.97792417,0.946467,0.95128757,0.95018387,0.9562754,0.95087963,0.9517548,0.95838374,0.5239864,0.95831,0.96427786,0.9547768,0.9223349,0.9270808,0.96090996,0.9627551,0.9586783,0.94180477,0.966364,0.96460754,0.96996653,0.96520954,0.950454,0.96279615,0.96268344,0.9526334,0.96984196,0.96078193,0.95838374,0.95509976,0.9495806,0.9581433,0.954763,0.9598461,0.96278703,0.9593981,0.9582902,0.96823025,0.949096,0.9454404,0.9560926,0.9653263,0.96051985,0.9618172,0.9668108,0.9543184,0.9430303,0.97784215,0.8220152,0.9533624,0.93104047,0.9562798,0.97277874,0.9646828,0.9554576,0.96047866,0.9649041,0.97006917,0.95779914,0.96206284,0.936416,0.9539313,0.95924,0.9681231,0.94722474,0.954603,0.93797195,0.95266646,0.956132,0.9597566,0.93839043,0.9563982,0.95254683,0.94591,0.94856113,0.9600045,0.9669357,0.98168933,0.95342445,0.9707151,0.9735106,0.9539914,0.94852376,0.9454832,0.9520248,0.96350247,0.9578769,0.9709594,0.95891875,0.958379,0.91482383,0.95505977,0.95043117,0.9666265,0.9643959,0.9575993,0.9455941,0.98168933,0.9602906,0.96925735,0.96696967,0.9536444
apollo11movie,0.9536326,0.93636626,0.95197135,0.93540275,0.942312,0.97193766,0.9531191,0.94138026,0.97191566,0.9421138,0.93475693,0.9572993,0.94377613,0.9381282,1.0,0.947006,0.9727063,0.95205694,0.9300046,0.97482204,0.9533515,0.9359315,0.9427792,0.9442878,0.9500996,0.81367993,0.93254596,0.9563767,0.9623861,0.94109446,0.94726413,0.9598484,0.9321974,0.9422698,0.9133557,0.9046678,0.94569856,0.96027035,0.95617604,0.96288645,0.9490069,0.9620637,0.9463246,0.962671,0.95200026,0.9552401,0.94823307,0.9559697,0.9427741,0.9644177,0.94817597,0.96441966,0.9195014,0.93124,0.9248325,0.93781835,0.94988084,0.9425803,0.9514175,0.94799745,0.9443022,0.96195126,0.9610993,0.93798965,0.93935454,0.9437181,0.9499301,0.94597983,0.95135856,0.9363389,0.9511239,0.53187114,0.9069574,0.96297526,0.9058842,0.92309254,0.90359926,0.9438889,0.9446886,0.9396791,0.9372762,0.94516796,0.9428038,0.939222,0.9497484,0.93339956,0.94645077,0.9486661,0.94226027,0.9562405,0.9464344,0.9511239,0.9553751,0.9431475,0.93255866,0.97305197,0.937116,0.95923465,0.9306365,0.93856496,0.9395939,0.94186324,0.93924767,0.95149386,0.9418227,0.9527163,0.95941925,0.93884426,0.9220426,0.9208165,0.96544826,0.7850472,0.9480415,0.8934165,0.9463392,0.95396805,0.95883226,0.9110895,0.94652563,0.95009977,0.9533012,0.9462991,0.94526,0.94745916,0.9574153,0.95142883,0.9515907,0.93794847,0.94334745,0.90578884,0.95173085,0.9399724,0.9684852,0.9507478,0.9414424,0.94329023,0.9478785,0.9436225,0.9502137,0.95115674,0.97191566,0.94531554,0.94262505,0.9506653,0.9439033,0.9625557,0.93973863,0.8982884,0.9439846,0.9427768,0.9588471,0.9538952,0.9499262,0.8930574,0.94401443,0.9478972,0.95021826,0.9469158,0.94454366,0.9366832,0.97191566,0.93885744,0.9435805,0.94463545,0.942134
arcticdogsmovie,0.95836866,0.96741235,0.95077145,0.91055715,0.95842737,0.9555469,0.9523976,0.9429768,0.96931916,0.92923546,0.94816893,0.9405872,0.9562007,0.95769584,0.947006,1.0000001,0.94942755,0.96378714,0.94124216,0.94854474,0.93922395,0.9473382,0.94460326,0.94749415,0.9417479,0.8188363,0.95471126,0.9448793,0.94237316,0.93094414,0.94549954,0.9478266,0.9337853,0.962136,0.93796843,0.893547,0.95027137,0.953324,0.9325781,0.9365281,0.93532664,0.9668389,0.93504006,0.9561011,0.9485706,0.96418303,0.9567059,0.9472777,0.9264572,0.9653592,0.9354123,0.9417547,0.93026525,0.93592536,0.919076,0.95377696,0.95729125,0.948795,0.94175,0.9528616,0.95090705,0.9442475,0.9593286,0.9470799,0.9188066,0.94511396,0.92949516,0.93921405,0.957272,0.96349925,0.9634524,0.56596714,0.94461393,0.95290494,0.91176414,0.9355557,0.91721153,0.9412999,0.93885964,0.9553488,0.9551427,0.93037146,0.9498023,0.94993675,0.96028143,0.9473889,0.9559155,0.94583803,0.9502733,0.9620672,0.9448962,0.9634524,0.9451315,0.92287874,0.94641536,0.9322911,0.95819014,0.95222104,0.93589723,0.94631016,0.9467176,0.9451525,0.91481745,0.9573875,0.9526568,0.93933016,0.9341963,0.95475227,0.9494232,0.9148799,0.9602322,0.7791632,0.946065,0.90703183,0.9388886,0.9607701,0.96482086,0.9309043,0.95971555,0.95571655,0.9674047,0.9346514,0.94622463,0.95148057,0.94257414,0.9554294,0.9461525,0.9193554,0.93739814,0.93330604,0.94547015,0.9385578,0.93639916,0.9360691,0.94624436,0.9311543,0.9637954,0.9311682,0.95633084,0.97148466,0.96931916,0.94451934,0.9439755,0.9511991,0.94062376,0.9324412,0.94142514,0.94456065,0.9473498,0.94477427,0.9597622,0.9540427,0.9494746,0.8964738,0.94773436,0.95279616,0.93831056,0.94955856,0.94624454,0.93955517,0.96931916,0.9432679,0.9561797,0.94250965,0.9482712
arcticmovie,0.96434206,0.93755317,0.9635385,0.94845414,0.95742774,0.9668718,0.97002804,0.96308607,0.98642945,0.95351297,0.9594886,0.97099715,0.95858663,0.9679188,0.9727063,0.94942755,0.9999999,0.96715313,0.9493387,0.9573856,0.9761284,0.95322144,0.95868754,0.9620635,0.96500266,0.83508605,0.9538006,0.9751765,0.9708699,0.9591972,0.95936495,0.96926105,0.9496992,0.95613885,0.93324256,0.9201203,0.96401906,0.96075064,0.9686153,0.9667795,0.96739596,0.9679852,0.959379,0.9621723,0.97059286,0.9696086,0.9587332,0.9620305,0.9579954,0.96480554,0.9653825,0.973864,0.94395703,0.9542362,0.9423549,0.9585933,0.96278447,0.968214,0.95711577,0.9607665,0.9564807,0.968934,0.9682122,0.9583062,0.9562391,0.95962816,0.95552146,0.95841205,0.9573598,0.94772756,0.9661381,0.53765434,0.9332148,0.97463,0.94313794,0.9283987,0.91041404,0.96344614,0.96044415,0.9466432,0.95000684,0.9701198,0.9629476,0.9527597,0.96314824,0.9446611,0.9637864,0.97424614,0.9575557,0.97025627,0.9597502,0.9661381,0.9612696,0.96250015,0.9568094,0.9713055,0.95084304,0.969748,0.9551756,0.9622315,0.957067,0.9465216,0.95132035,0.9655143,0.949159,0.9674967,0.96866405,0.95845217,0.9463087,0.95200336,0.97884816,0.80670834,0.9683217,0.91779846,0.96745354,0.96771413,0.96826833,0.9383041,0.9613904,0.957908,0.9649564,0.9666174,0.9607457,0.94680125,0.96379316,0.9663818,0.9719517,0.9538925,0.9620473,0.9302634,0.96099645,0.95864505,0.9804485,0.95546824,0.96288073,0.9623759,0.9503842,0.9567218,0.96506906,0.95808107,0.98642945,0.9606146,0.96378225,0.9700649,0.95412505,0.9670784,0.9463538,0.92705953,0.9596807,0.9542487,0.9753172,0.96893585,0.96176064,0.91405714,0.9687787,0.95778996,0.96827835,0.95979804,0.9647502,0.95861965,0.98642945,0.9583276,0.96981305,0.967432,0.95077074
artofracingmovie,0.9701897,0.9635131,0.9560156,0.9332004,0.97803295,0.95939624,0.97004646,0.9466563,0.98004985,0.94286805,0.94838274,0.9616226,0.9685701,0.96270806,0.95205694,0.96378714,0.96715313,0.9999999,0.96224844,0.9453332,0.9506369,0.9570501,0.9578864,0.95447046,0.9512355,0.84755075,0.96514755,0.9599153,0.9530663,0.9525686,0.9564182,0.9647424,0.9357408,0.9560068,0.9351523,0.8955901,0.959506,0.96802616,0.948235,0.96098465,0.9573741,0.9704473,0.9478334,0.95975924,0.9634989,0.96393394,0.9624665,0.95793617,0.9385995,0.9669993,0.9473401,0.96194005,0.9533265,0.9405357,0.9361796,0.97424585,0.95883,0.9644863,0.9442173,0.96192205,0.9585152,0.9524996,0.96180266,0.95185196,0.9449756,0.9542682,0.9446635,0.9584834,0.9466092,0.95983934,0.96933377,0.53160316,0.93715495,0.9645235,0.9308601,0.9411671,0.90544283,0.96647733,0.95340586,0.962378,0.9554804,0.96121466,0.95824087,0.94595265,0.9659565,0.9344073,0.9566762,0.96562386,0.94927233,0.959686,0.9578716,0.96933377,0.95319694,0.928738,0.951285,0.94819605,0.95453,0.9672932,0.9424363,0.94888186,0.95687443,0.9483835,0.93288803,0.9698351,0.9540125,0.94423145,0.9500899,0.9541468,0.9357826,0.9384401,0.9737986,0.789726,0.9605276,0.91166216,0.95490456,0.97134274,0.9696272,0.9407031,0.9690637,0.96911377,0.96727175,0.9556316,0.956693,0.9579123,0.96533257,0.96574885,0.9571924,0.9375131,0.96052724,0.9349018,0.95397484,0.96858764,0.95180035,0.9362886,0.9597617,0.9529599,0.96092,0.95322484,0.96939576,0.9674649,0.98004985,0.95626295,0.95564574,0.9560667,0.9322998,0.95318925,0.944716,0.93695325,0.9560397,0.95199883,0.97326386,0.9602915,0.9630197,0.91043276,0.96051,0.96291786,0.9632887,0.9707205,0.9541101,0.95999974,0.98004985,0.9462678,0.96327263,0.95742387,0.94747084
avengers,0.9739242,0.9387227,0.96220815,0.9287823,0.9678374,0.9494951,0.9664747,0.95169306,0.9725026,0.93377763,0.94676685,0.96818167,0.95286214,0.9605794,0.9300046,0.94124216,0.9493387,0.96224844,1.0000001,0.94147193,0.95180017,0.9519553,0.9590643,0.95199287,0.947737,0.8370945,0.9616809,0.94871396,0.94820285,0.95152277,0.9678582,0.9618762,0.93538845,0.95708686,0.9355295,0.88798296,0.9504282,0.94677377,0.95532686,0.95022684,0.9555228,0.95855695,0.9456216,0.9450212,0.95857745,0.94848526,0.95501673,0.9539001,0.9474568,0.9492666,0.9536265,0.95876247,0.94968796,0.9480888,0.93947214,0.9657986,0.94872415,0.96024525,0.92902803,0.9500507,0.96394086,0.9426368,0.95745784,0.95012176,0.9493625,0.938268,0.92431647,0.9592393,0.9341182,0.9442568,0.9542265,0.5306735,0.9424397,0.9501442,0.93996984,0.9203906,0.9123277,0.9623096,0.9562052,0.96485335,0.9445311,0.95923513,0.9548994,0.94156003,0.9630538,0.94789994,0.94607186,0.95808876,0.9343796,0.9625433,0.94941455,0.9542265,0.9400938,0.9246163,0.9441687,0.94151783,0.95427793,0.9640456,0.94805956,0.94676363,0.9483559,0.95609,0.9295084,0.94721705,0.9492963,0.9504009,0.9413308,0.9540469,0.93078744,0.92474365,0.96896625,0.8220613,0.95733327,0.9072887,0.9467572,0.9588606,0.9594381,0.9508472,0.9668476,0.964388,0.95617676,0.94462174,0.964299,0.9425597,0.9571327,0.9426591,0.95315546,0.9574064,0.96389604,0.95363903,0.9367152,0.95392936,0.9433057,0.93532217,0.9520618,0.952965,0.9445365,0.9514056,0.9583505,0.94725317,0.9725026,0.9538755,0.95619774,0.9584532,0.9205613,0.9460662,0.9350292,0.9445528,0.9579584,0.9444789,0.96991926,0.9608318,0.9575616,0.9270352,0.95356625,0.9489298,0.9573893,0.95611423,0.94934356,0.94744796,0.9725026,0.9455909,0.9522436,0.95469016,0.95543426
beachbummovie,0.9430331,0.9366935,0.9504951,0.936804,0.9405798,0.9577898,0.9528511,0.94146633,0.96472734,0.9356541,0.93825936,0.94602454,0.9397592,0.94292337,0.97482204,0.94854474,0.9573856,0.9453332,0.94147193,0.99999976,0.9372552,0.9394997,0.9363214,0.9411688,0.9416822,0.8280277,0.94137543,0.94420254,0.9590592,0.9394049,0.938464,0.9517473,0.9292609,0.9400078,0.91985327,0.9081398,0.9424006,0.93747514,0.9439494,0.94096357,0.9386045,0.9577062,0.93698025,0.9549868,0.9456038,0.95562553,0.94009376,0.9588926,0.9308816,0.9554092,0.9443352,0.9471784,0.90706956,0.93181187,0.90996194,0.94012856,0.9353894,0.9438931,0.9491014,0.94305485,0.9445117,0.95397955,0.96197194,0.93021727,0.925634,0.939227,0.93539137,0.934245,0.9526528,0.9421646,0.95023584,0.5333537,0.9129416,0.9592955,0.9126186,0.9174136,0.9004755,0.9362542,0.95016927,0.9420898,0.9399408,0.93704844,0.94003904,0.93441635,0.9471225,0.9309344,0.9453734,0.9430084,0.93894243,0.95643646,0.9463782,0.95023584,0.95073265,0.9418797,0.9286915,0.9592604,0.95018536,0.96276057,0.9311656,0.93456066,0.9378577,0.944097,0.9399581,0.94825596,0.94895214,0.94629365,0.9532305,0.93702555,0.9186065,0.9113333,0.96351653,0.7953836,0.9410201,0.8935622,0.93598163,0.9450132,0.942828,0.9075436,0.94992286,0.9444231,0.95372486,0.9348303,0.9438264,0.93519574,0.9431507,0.94927573,0.951405,0.9379622,0.94671166,0.9088803,0.9409306,0.9354009,0.95663863,0.9352127,0.9366927,0.9415123,0.9296022,0.93040764,0.9499794,0.94759756,0.96472734,0.94434273,0.93629503,0.94529945,0.9432571,0.94561374,0.9315416,0.8995786,0.9408677,0.93823624,0.95330447,0.95045346,0.93589306,0.88992023,0.9395712,0.94215304,0.9382674,0.95090425,0.9456777,0.92547107,0.96472734,0.94783556,0.94463277,0.9361278,0.9385522
bernadettefilm,0.9646158,0.92688346,0.9648699,0.93190795,0.9551276,0.95336246,0.967774,0.95758843,0.97946906,0.936274,0.95223826,0.9689742,0.9532971,0.9667067,0.9533515,0.93922395,0.9761284,0.9506369,0.95180017,0.9372552,0.9999997,0.9488627,0.9566851,0.96048695,0.9617437,0.85126716,0.9467151,0.962809,0.95975935,0.94898987,0.9606646,0.9523352,0.9601629,0.9546501,0.93362445,0.92936546,0.9599618,0.9564574,0.9627507,0.95961404,0.96796143,0.9599458,0.95724756,0.94955033,0.96337855,0.9648312,0.9538419,0.95211667,0.95120376,0.9544174,0.96562755,0.9704504,0.954986,0.9559761,0.9412781,0.95664763,0.95994216,0.963138,0.93932116,0.95013785,0.95642227,0.9583534,0.95569664,0.9587821,0.95545787,0.94914037,0.93987215,0.9585597,0.9430888,0.93549633,0.9593238,0.52453715,0.9401179,0.96555185,0.9468691,0.9295629,0.9128038,0.95380795,0.95171326,0.93730444,0.9352701,0.96667516,0.9559163,0.9499923,0.95999974,0.9499861,0.96064067,0.968517,0.9525629,0.96159154,0.9594305,0.9593238,0.9533655,0.9492677,0.9544383,0.96018624,0.94651127,0.9608881,0.9528755,0.94747525,0.94986415,0.9462717,0.93573594,0.95350426,0.9394709,0.9683554,0.9576536,0.9437439,0.9426462,0.9484974,0.9710011,0.8224295,0.9602629,0.9225386,0.967626,0.956465,0.9641939,0.93799865,0.94979,0.9602916,0.9567733,0.9644702,0.9523693,0.92763305,0.9579376,0.9573019,0.96241724,0.9564993,0.9643209,0.9331284,0.9631606,0.9570581,0.9682704,0.9375271,0.9521546,0.9610303,0.9376186,0.9532619,0.9600518,0.9481756,0.97946906,0.9487711,0.95581585,0.966905,0.9470343,0.96621704,0.9370598,0.93963295,0.95344585,0.9429246,0.9665459,0.966954,0.95852727,0.90319264,0.9580185,0.9546039,0.9725986,0.9593582,0.9488072,0.9483175,0.97946906,0.9440076,0.9677156,0.9614201,0.9564148
