movie,21bridgesmovie,47metersdown,abeautifuldaymovie,abominablemovie,adastramovie,adogsjourneymovie,aftermathmovie,aftermovie,ahiddenlifefilm,alitamovie,angelhasfallen,angrybirdsmovie,annabellemovie,annamovie,apollo11movie,arcticdogsmovie,arcticmovie,artofracingmovie,avengers,beachbummovie,bernadettefilm,blackandbluemovie,blackchristmas,blindedbythelightmovie,bombshellmovie,booksmart,breakthroughmovie,brianbanksmovie,brightburnmovie,brittanyrunsmov,captainmarvelofficial,captivestatemovie,catsmovie,charliesangels,childsplaymovie,clarathefilm,coldpursuitmovie,countdown,currentwarmovie,darkwatersmovie,detectivepikachumovie,disneyaladdin,disneyfrozen,disneymaleficent,doctorsleepmovie,dolemiteismyname,dontletgomovie,doramovie,downtonabbey_official,dumbo,escaperoom,everybodyknowsmovie,fastandfuriousmovie,fightingwmyfam,fivefeetapartfilm,fordvferrari,freaksthefilm,geminimanmovie,glassmovie,gloriabellmovie,godzillamovie,goldfinchmovie,goodboysmovie,goodliarmovie,gretafilm,halathemovie,happydeathdaymovie,harrietfilm,hellboymovie,hersmellmovie,highlifemovie,highstrungmovie,honeyboymovie,hotelmumbaifilm,httydragon,hustlemovie,hustlersmovie,isntitromantic,itmovieofficial,jayandsilentbob,johnwickmovie,jojorabbitmovie,jokermovie,judythefilm,jumanjimovie,justmercyfilm,knivesout,lalloronamovie,lastblackmansf,lastchristmasthemovie,latenightmovie,lighthousemovie,lionking,littlethemovie,littlewomenmovie,littlewoodsfilm,longshotmovie,lordsofchaosmovie,lucyintheskyfilm,mamovie2019,marriagestory,meettheaddams,meninblack,midsommarmovie,midwaymovie,missbalamovie,missinglinkfilm,motherlessbklyn,onceinhollywood,onthebasisofsex,overcomermovie,peanutbutterfalcon,petsematarymovie,piercingmovie,playingwithfire,playmobilthemovie,pomsmovie,queenandslim,rambomovie,readyornotfilm,richardjewellfilm,rocketmanmovie,scarystoriesmovie,secretlifeofpets,serenityfilm,shaftmovie,shazammovie,spidermanmovie,spiesindisguise,starwars,stormboymovie,stubermovie,taosdfilm,teenspiritmov,terminator,theaeronautsmov,thebestofenemies,thedeaddontdie,thefarewell,thehighwaymen,thehummingbirdprojectfilm,theintrudermovie,theirishmanfilm,thekitchenmovie,thelegomovie,themustangfilm,thenightingalefilm,theprodigymovie,thesunisalsoastar,theupsidefilm,tolkienmovie,toystory,triplefrontier,uglydolls,uncutgems,underthesilverlake,usmovie,wavesmovie,whatmenwant,wonderparkmovie,wrinklestheclown,xmenmovies,yardiefilm,yesterdaymovie,zombieland
21bridgesmovie,1.0000001,0.95583946,0.96010655,0.94813275,0.9623345,0.9541345,0.9533264,0.9521628,0.98131543,0.95439917,0.9370122,0.95526147,0.9535333,0.9603748,0.9544673,0.9559065,0.9445907,0.9637974,0.9728345,0.94515365,0.9650874,0.9626128,0.96246934,0.94763994,0.94852746,0.8209646,0.9599532,0.9584505,0.95445454,0.9399373,0.94886166,0.9418686,0.9612381,0.9357056,0.9547342,0.9337702,0.96696097,0.95999897,0.9598691,0.9578651,0.9505878,0.9624852,0.92839795,0.9517596,0.9671778,0.9511463,0.9621143,0.960427,0.95654166,0.96201766,0.9585806,0.95939684,0.9417637,0.94968003,0.9305923,0.9612704,0.95323765,0.96979195,0.9548514,0.96211314,0.9447731,0.9530249,0.95935774,0.9595557,0.95523894,0.9445247,0.95244384,0.95927346,0.9464117,0.93945867,0.96975994,0.74269044,0.9462875,0.9640258,0.9296885,0.95378166,0.90589076,0.95708525,0.9456221,0.94658196,0.94429904,0.9536503,0.9528914,0.9408275,0.94091445,0.9418809,0.94197476,0.9620454,0.9509862,0.95447814,0.94859946,0.96975994,0.94630456,0.9556829,0.95805264,0.9469239,0.94944537,0.9614968,0.950688,0.95620203,0.944871,0.9416753,0.9498544,0.96893144,0.94389915,0.9588918,0.9622319,0.96071815,0.9520182,0.9546332,0.96581066,0.7755054,0.9716016,0.9240517,0.96305496,0.9650312,0.990313,0.9360702,0.9557017,0.95295435,0.9549289,0.9640137,0.95324314,0.93756086,0.9568524,0.9553047,0.95967346,0.9436979,0.9624602,0.8986744,0.9631029,0.9584734,0.95769584,0.9434619,0.9690073,0.94496566,0.9634336,0.95136285,0.9701596,0.94978595,0.98131543,0.94521296,0.94618505,0.9617228,0.95549285,0.95872384,0.9573857,0.943532,0.95825064,0.9635051,0.9534217,0.9441305,0.9372071,0.9498375,0.9479738,0.95985925,0.9497974,0.96007013,0.9612022,0.9616614,0.98131543,0.958617,0.9648894,0.9653112,0.96089786
47metersdown,0.95583946,1.0000001,0.940443,0.9405944,0.93651897,0.9462255,0.9415373,0.95199215,0.96786684,0.9468635,0.9474787,0.93943477,0.9374137,0.95185375,0.95017153,0.95601326,0.92996216,0.9438184,0.9419201,0.93370587,0.94941753,0.9459763,0.9393659,0.94228894,0.93937063,0.81354386,0.93770033,0.9487382,0.9387541,0.93222994,0.9411704,0.9385696,0.93268603,0.9320788,0.9503975,0.93864226,0.94500434,0.9509724,0.9394763,0.94800967,0.9306305,0.9428076,0.90924484,0.93279684,0.94884914,0.9453401,0.9464402,0.93947566,0.9356531,0.9410569,0.94313264,0.94978386,0.9366672,0.9446055,0.93145996,0.9363529,0.9484966,0.94997954,0.93734336,0.93879646,0.9396809,0.94325596,0.9481164,0.9520016,0.9212816,0.9341936,0.92580605,0.9485355,0.92784226,0.9263294,0.949685,0.7532786,0.9350026,0.94946903,0.926197,0.95180917,0.9060566,0.95351255,0.92996156,0.93854606,0.9381818,0.9375861,0.94016415,0.9274455,0.9218583,0.9288876,0.9301372,0.9396788,0.9410943,0.9418507,0.9322374,0.949685,0.92572194,0.942282,0.9249817,0.93537885,0.94161594,0.9488092,0.92864364,0.93285394,0.9463739,0.9264715,0.93788654,0.9460384,0.9429991,0.9422046,0.9404946,0.95311284,0.9350037,0.9415345,0.95296246,0.7871379,0.94639677,0.9096348,0.93901664,0.9486057,0.95598394,0.9244466,0.9511112,0.9345758,0.9491517,0.94703937,0.9424319,0.94075346,0.94766647,0.9469668,0.94366056,0.93401206,0.9564028,0.8905201,0.93954843,0.9459548,0.9443003,0.9377975,0.94788164,0.9306714,0.93216604,0.9367733,0.94350195,0.9417534,0.96786684,0.9377216,0.9507978,0.941659,0.93843985,0.9480637,0.94232905,0.9352706,0.94630325,0.93408155,0.9294235,0.93835866,0.93836224,0.9016683,0.9428027,0.9318586,0.94211507,0.94470286,0.9462024,0.94121265,0.96786684,0.93113166,0.93523926,0.9513886,0.94543374
abeautifuldaymovie,0.96010655,0.940443,0.9999999,0.95454454,0.9547633,0.950076,0.96767473,0.9563431,0.9795336,0.93951005,0.94936496,0.9553528,0.9511283,0.948828,0.9439148,0.94964814,0.9586494,0.9514846,0.94582,0.9361538,0.96070683,0.9532637,0.9619869,0.9625459,0.9461241,0.81271404,0.9316902,0.96084785,0.970257,0.9517422,0.9457459,0.9503252,0.96090734,0.94882065,0.951019,0.91985726,0.9654427,0.9566944,0.96320444,0.9484134,0.94127864,0.96130145,0.93132406,0.9532094,0.959491,0.9339978,0.964711,0.9627417,0.9516498,0.95420593,0.9657457,0.9642392,0.94807285,0.9462696,0.9403194,0.9553564,0.9459807,0.9698485,0.9599875,0.96585965,0.9493672,0.94931096,0.95484376,0.94703805,0.9564102,0.94910675,0.9463022,0.9546822,0.9379101,0.9390542,0.96070606,0.7363972,0.95069474,0.95689726,0.920837,0.92863923,0.890985,0.9358554,0.94224924,0.94164294,0.9417675,0.95590365,0.9631224,0.9497484,0.95509064,0.9511042,0.948846,0.9591236,0.9519124,0.9587889,0.9497002,0.96070606,0.9430069,0.9587525,0.96744853,0.94475865,0.9551265,0.95827085,0.96219313,0.9383584,0.93116444,0.9416924,0.9544114,0.9629363,0.9313303,0.9616052,0.9631946,0.95065016,0.9631925,0.9539665,0.95688754,0.79594237,0.9697008,0.90685415,0.9570909,0.9528773,0.96430373,0.92355484,0.9614632,0.9597231,0.95277363,0.96036655,0.9679492,0.9390643,0.94760436,0.9605085,0.93595177,0.95196676,0.9532347,0.9086157,0.95308435,0.9411233,0.96252275,0.94647586,0.9575165,0.9522872,0.94343,0.9492283,0.9620823,0.95320225,0.9795336,0.95577806,0.9353156,0.95306724,0.9578473,0.94978803,0.95225245,0.94743603,0.94966173,0.94240403,0.96915877,0.9660271,0.95147663,0.91444045,0.95950526,0.947168,0.94794875,0.9537976,0.9620181,0.9602134,0.9795336,0.94427,0.96395856,0.9608573,0.95904666
abominablemovie,0.94813275,0.9405944,0.95454454,1.0000001,0.9459681,0.94773364,0.9402472,0.9532855,0.9708108,0.93718934,0.94009316,0.95118594,0.94664013,0.9419149,0.93717414,0.94306254,0.9345548,0.942442,0.93846,0.9323879,0.954326,0.9539675,0.9472764,0.95112157,0.93679225,0.80543816,0.94248194,0.93749356,0.954343,0.9404505,0.9422114,0.9421311,0.9568938,0.94595903,0.9440333,0.9222063,0.9488448,0.96580946,0.949875,0.93916434,0.92441046,0.95249623,0.92253053,0.93585956,0.94932294,0.9326588,0.95018095,0.94461477,0.94983566,0.9449998,0.9578588,0.95089793,0.9448839,0.94876397,0.9414014,0.95171094,0.94547683,0.9491269,0.9563188,0.9545535,0.94219744,0.9617932,0.9452968,0.9431649,0.93655527,0.9426534,0.92471623,0.95103276,0.9293694,0.94665766,0.9562251,0.75949126,0.9489659,0.95245373,0.9440027,0.92976177,0.92493814,0.9484034,0.9367808,0.9247093,0.9440466,0.9572028,0.93753874,0.9441144,0.95704675,0.93928593,0.9504643,0.950386,0.95330113,0.9441164,0.944923,0.9562251,0.9389912,0.95874727,0.9528387,0.94696945,0.95120966,0.946945,0.93431395,0.938763,0.93679,0.9295991,0.9322851,0.9544609,0.9394869,0.9562001,0.95745134,0.93715554,0.9427507,0.9285066,0.9493722,0.77599794,0.9531037,0.91638213,0.9433507,0.95431066,0.95290726,0.9126304,0.9576441,0.93847746,0.93616813,0.94690907,0.9545401,0.94394785,0.94054925,0.95151454,0.94023097,0.94049865,0.9566949,0.8988923,0.9482842,0.93584156,0.94351923,0.9370396,0.9364403,0.94529575,0.9333685,0.9382058,0.9533137,0.9476058,0.9708108,0.9562109,0.9408218,0.93441844,0.940293,0.9338139,0.9397925,0.9573905,0.93602467,0.9459493,0.9364771,0.93152225,0.94609964,0.91274077,0.9485226,0.92971355,0.94715095,0.9539051,0.9530543,0.9411291,0.9708108,0.9416519,0.94425917,0.96209806,0.9519421
adastramovie,0.9623345,0.93651897,0.9547633,0.9459681,0.9999999,0.9519788,0.95344627,0.960319,0.9739718,0.9447815,0.9396994,0.9511877,0.93606097,0.93644524,0.94681805,0.95080185,0.9396055,0.97097147,0.9402704,0.9490301,0.9479842,0.95444757,0.94686806,0.9509104,0.9455864,0.8336878,0.96678877,0.9447461,0.9519938,0.9376891,0.9456282,0.94644904,0.94398504,0.9323893,0.95431066,0.92125136,0.9563711,0.95318806,0.96129316,0.9405449,0.944723,0.94844335,0.931145,0.93864495,0.9585117,0.9425312,0.94862306,0.96126217,0.9562177,0.950205,0.95696306,0.95958215,0.94547325,0.94448465,0.94455606,0.9646535,0.9369894,0.954836,0.94818914,0.96137136,0.9393028,0.94441694,0.95440614,0.94480604,0.942009,0.9494199,0.9508839,0.96305645,0.9406836,0.9386052,0.9607426,0.7362743,0.9515481,0.9542566,0.9069921,0.93800867,0.8896121,0.93789977,0.9298413,0.9272051,0.93231666,0.95895815,0.9459264,0.9343498,0.9446092,0.95183015,0.95263255,0.9451596,0.9527433,0.9479275,0.94081956,0.9607426,0.9254251,0.95755535,0.955259,0.9419917,0.9495819,0.9531886,0.9560457,0.9387199,0.9492123,0.9354108,0.9378389,0.95724696,0.9312996,0.9571973,0.9619875,0.94298,0.940282,0.9327948,0.9590645,0.792952,0.9650858,0.91808087,0.9518407,0.9575556,0.96609485,0.9263805,0.9593148,0.9614585,0.9306921,0.950028,0.948753,0.9517976,0.9329182,0.94990593,0.937175,0.9332411,0.9644429,0.92270565,0.9373331,0.94962937,0.94641584,0.9321121,0.95531636,0.9410955,0.9380884,0.9518885,0.9660566,0.95925045,0.9739718,0.9454257,0.9465229,0.9495722,0.93770707,0.9491462,0.9532834,0.9537195,0.94425565,0.93980765,0.9535369,0.94742125,0.9563186,0.91706187,0.9371032,0.95125693,0.9427857,0.95163935,0.96822786,0.9588543,0.9739718,0.94557333,0.953461,0.9577128,0.95528924
adogsjourneymovie,0.9541345,0.9462255,0.950076,0.94773364,0.9519788,1.0000002,0.94454783,0.95640016,0.9773127,0.9628981,0.9527733,0.95422673,0.9360922,0.94550294,0.96199274,0.9544588,0.9343732,0.9521606,0.95229244,0.94656473,0.95002985,0.95325667,0.96462286,0.945908,0.95247877,0.848214,0.9527207,0.9410432,0.94855005,0.9446737,0.9437654,0.94460225,0.95929235,0.9251649,0.9647948,0.9401629,0.9561967,0.94444364,0.96232545,0.9460331,0.9461003,0.9568011,0.935579,0.9542575,0.96636564,0.95346224,0.9614583,0.9614955,0.95634556,0.95944566,0.95517915,0.9592179,0.9523665,0.9491962,0.94325215,0.94894063,0.95606947,0.9474941,0.9540755,0.9517923,0.94036824,0.9465557,0.9625222,0.9492377,0.9365051,0.949352,0.93168956,0.951047,0.9431851,0.9560213,0.95272106,0.77458763,0.9524763,0.95185333,0.9319926,0.9475693,0.9202513,0.93688196,0.9509856,0.9571435,0.9527284,0.9498609,0.9476729,0.9417979,0.941551,0.9485531,0.9613054,0.9401097,0.9543389,0.95893013,0.9452452,0.95272106,0.95475656,0.9489455,0.94696254,0.94573754,0.9689183,0.9549947,0.94286394,0.9491228,0.9485454,0.9444414,0.9401319,0.95200795,0.94431883,0.95151633,0.9594386,0.9477238,0.94957155,0.94427836,0.9496343,0.79499704,0.9590644,0.9220478,0.9522196,0.952475,0.9567195,0.9552553,0.95827055,0.94944537,0.9400449,0.95206213,0.9618342,0.9700714,0.9466406,0.95474136,0.9554801,0.95217127,0.96233624,0.9107695,0.9416904,0.9434494,0.94610655,0.95199966,0.94858295,0.94604117,0.94015956,0.95171696,0.9507478,0.9542821,0.9773127,0.93822527,0.94647145,0.94516677,0.94149405,0.94477504,0.9474244,0.94846565,0.94776535,0.9276367,0.94533294,0.94392747,0.94909996,0.9105744,0.94281775,0.9426888,0.9691422,0.9575022,0.9463155,0.94686264,0.9773127,0.95390666,0.95098907,0.9668761,0.9524772
aftermathmovie,0.9533264,0.9415373,0.96767473,0.9402472,0.95344627,0.94454783,1.0000002,0.9657809,0.97617626,0.94365376,0.9494289,0.95176774,0.9403298,0.9503995,0.94362843,0.9529234,0.962037,0.95879173,0.9420766,0.93310905,0.95487994,0.95152485,0.9475653,0.9510193,0.94759774,0.825229,0.9384266,0.9630879,0.95032316,0.9541665,0.94979525,0.95563865,0.9560437,0.9388559,0.94959915,0.91570467,0.95862645,0.9523873,0.96133095,0.947838,0.9345335,0.9543704,0.9320844,0.9492832,0.9566429,0.9466041,0.9474383,0.95303744,0.95280963,0.9526601,0.9500577,0.9616468,0.9452699,0.9511828,0.9414054,0.955198,0.9432026,0.95185703,0.9507806,0.96923083,0.9403855,0.94460195,0.9635481,0.9451497,0.9435548,0.94192725,0.9482118,0.96734613,0.9402433,0.9356746,0.96355987,0.7431546,0.9500712,0.9577885,0.9234804,0.9290784,0.89890736,0.94103795,0.9447649,0.9394884,0.93280953,0.96878994,0.94905025,0.9481313,0.93857527,0.95657223,0.9388694,0.94315875,0.9566706,0.9598835,0.94430083,0.96355987,0.9445003,0.95610756,0.9491058,0.94191694,0.95629436,0.95058274,0.97337395,0.929631,0.9407299,0.9411755,0.93073064,0.9581102,0.94141763,0.9550233,0.96562576,0.94832027,0.93923306,0.9511852,0.96044225,0.7901858,0.96048194,0.895347,0.9537402,0.9486901,0.95829964,0.9264159,0.9558728,0.9868206,0.9450379,0.9607064,0.95995045,0.93939745,0.94837207,0.9580693,0.9342723,0.9410702,0.95034444,0.92223454,0.9447376,0.9302081,0.9690855,0.9344006,0.9577116,0.942543,0.9360264,0.94649494,0.9596862,0.9606487,0.97617626,0.9409713,0.94433844,0.9524366,0.94021755,0.95323414,0.9471599,0.94144386,0.9427826,0.93993014,0.98571855,0.9571184,0.95047843,0.89899516,0.9605369,0.94624364,0.9453363,0.9585747,0.96368617,0.95306134,0.97617626,0.9438196,0.96461785,0.9560938,0.9540722
aftermovie,0.9521628,0.95199215,0.9563431,0.9532855,0.960319,0.95640016,0.9657809,0.9999998,0.97942185,0.94814295,0.95340604,0.949823,0.94319415,0.9567236,0.9585922,0.9668158,0.94756764,0.9572511,0.9534402,0.9473172,0.95483327,0.95028085,0.95721614,0.9638116,0.9611849,0.8414273,0.95145524,0.9501479,0.95449495,0.95609814,0.95512986,0.9527229,0.95097286,0.94385433,0.95905244,0.92570704,0.95567924,0.95168966,0.9584208,0.95653886,0.93688136,0.95950234,0.9496326,0.95438415,0.966382,0.94713336,0.9560421,0.9620358,0.9457501,0.95965654,0.9549059,0.9610325,0.9552408,0.95975524,0.956184,0.9595387,0.9463761,0.9537577,0.9547059,0.96448034,0.94827735,0.9507437,0.95998466,0.94821274,0.93818796,0.952104,0.94890195,0.9648103,0.9460956,0.96306485,0.9609747,0.75940967,0.95710903,0.9619011,0.9398021,0.94774145,0.89571184,0.94302106,0.9435786,0.94017845,0.9466582,0.95825475,0.94141966,0.9465427,0.9462143,0.9567033,0.95187753,0.9566075,0.9546933,0.96352786,0.95085937,0.9609747,0.9554836,0.966732,0.9546044,0.94554245,0.96370816,0.9605805,0.9464476,0.94536304,0.94357455,0.94103146,0.94234645,0.9639896,0.9375204,0.9563745,0.96538514,0.9482469,0.93889433,0.9406104,0.962613,0.81920624,0.9606159,0.9197854,0.9574287,0.9586078,0.95594764,0.92769915,0.971477,0.9606716,0.9472806,0.9656481,0.96050704,0.9478942,0.9467684,0.9620086,0.94738925,0.9500991,0.96573395,0.92343444,0.94085264,0.93946993,0.9514007,0.9391316,0.95450824,0.9546979,0.9382062,0.95225984,0.959669,0.96019936,0.97942185,0.94718593,0.9472162,0.9461545,0.9453254,0.9447656,0.9485841,0.9514427,0.9452371,0.93401545,0.9593387,0.9459565,0.95268863,0.91462517,0.9603734,0.95256764,0.9525121,0.96006715,0.9713853,0.9564451,0.97942185,0.94150454,0.9558361,0.96219087,0.9513563
ahiddenlifefilm,0.98131543,0.96786684,0.9795336,0.9708108,0.9739718,0.9773127,0.97617626,0.97942185,1.0000004,0.96651345,0.96993214,0.97137296,0.96494776,0.97125834,0.97368914,0.9730344,0.96599704,0.974321,0.9719485,0.9632828,0.97538793,0.9739364,0.9772888,0.9750299,0.9724706,0.8453426,0.9667641,0.97198987,0.97540134,0.96845615,0.96713394,0.9670093,0.97563756,0.9617021,0.97537017,0.95012474,0.97894543,0.9749681,0.9742398,0.9689455,0.95882624,0.97888184,0.9522053,0.9713405,0.9810082,0.9645644,0.97746736,0.97624946,0.9739882,0.97758824,0.97997606,0.9802899,0.96632284,0.97084373,0.9612777,0.97412926,0.9693504,0.9794487,0.976415,0.9797496,0.9619069,0.9715927,0.9781767,0.97256345,0.9656858,0.9677866,0.9632678,0.97687143,0.962987,0.96687174,0.98137593,0.76868516,0.9705776,0.97700644,0.9520831,0.9626863,0.9188706,0.96558666,0.9684749,0.96357864,0.9701835,0.9733585,0.9695262,0.96283054,0.9654723,0.96631336,0.9731454,0.97234833,0.971575,0.9772899,0.9666872,0.98137593,0.9651995,0.9744383,0.9743705,0.96628886,0.9777626,0.9790478,0.9671516,0.96579486,0.960333,0.9631693,0.96786857,0.9803106,0.9586678,0.9789387,0.9817499,0.973015,0.96796626,0.9666536,0.97874373,0.81168723,0.98130167,0.93890697,0.974334,0.9763695,0.983917,0.9521466,0.9829579,0.9754682,0.9656677,0.97728646,0.9792376,0.9662049,0.96929306,0.9747726,0.9680125,0.9680135,0.9794039,0.93056184,0.97083104,0.9629704,0.9751091,0.9650411,0.9764625,0.9681585,0.96551615,0.9685572,0.97924715,0.97427374,1.0000004,0.96997833,0.9627541,0.9730762,0.96910965,0.9688561,0.9691792,0.9675797,0.97185725,0.95988876,0.9700606,0.96692115,0.96814734,0.9328391,0.9722845,0.9679419,0.9727054,0.9742348,0.97618115,0.97417706,1.0000004,0.9669013,0.9781564,0.9828614,0.97762984
alitamovie,0.95439917,0.9468635,0.93951005,0.93718934,0.9447815,0.9628981,0.94365376,0.94814295,0.96651345,0.99999994,0.93460673,0.93566096,0.9300962,0.9383054,0.94789004,0.94410247,0.9308561,0.95688367,0.9416971,0.9369749,0.9444349,0.945367,0.95361674,0.9334295,0.9459105,0.818554,0.94823587,0.9409468,0.93950707,0.9229214,0.9393178,0.92942894,0.9414959,0.90232426,0.9531533,0.9165691,0.9383529,0.9399511,0.95431817,0.9293361,0.9292435,0.94256467,0.9168587,0.9402393,0.9605367,0.9437871,0.9497742,0.9599589,0.9468944,0.94925296,0.94587404,0.94362044,0.9561666,0.94343597,0.92949635,0.9501111,0.9286579,0.92987245,0.94325906,0.94251484,0.91819715,0.93470806,0.952118,0.9403643,0.9201536,0.925796,0.9279484,0.94047594,0.9242831,0.9337038,0.9510025,0.75150937,0.9355485,0.9445579,0.92410487,0.9468318,0.9146432,0.9409907,0.94379735,0.94630563,0.9372167,0.93668836,0.9316067,0.9389701,0.93512505,0.93329537,0.93508464,0.93896496,0.93314564,0.93929404,0.9242948,0.9510025,0.9376461,0.9436136,0.92578304,0.9368178,0.9551862,0.9523038,0.9243848,0.934913,0.9306834,0.9304192,0.9337371,0.93682057,0.9539933,0.9444415,0.9562195,0.9357905,0.9346984,0.9320724,0.9399182,0.7750288,0.94797194,0.8941308,0.9287764,0.9472561,0.955828,0.9422111,0.9506029,0.9418171,0.93335575,0.942141,0.9457559,0.9532284,0.9412206,0.9478476,0.9388331,0.9354595,0.953539,0.88519996,0.9363786,0.95463085,0.94141656,0.9378579,0.94397444,0.9280161,0.94121194,0.93531793,0.9454349,0.9432253,0.96651345,0.92801684,0.9326214,0.930296,0.9334293,0.9374309,0.92816633,0.9391446,0.9325627,0.93358,0.93800044,0.93782574,0.93263954,0.91216975,0.9510253,0.9413816,0.94967216,0.94878215,0.9458799,0.93517196,0.96651345,0.9371238,0.9417373,0.9517606,0.94372547
angelhasfallen,0.9370122,0.9474787,0.94936496,0.94009316,0.9396994,0.9527733,0.9494289,0.95340604,0.96993214,0.93460673,0.99999994,0.94962317,0.9289665,0.9452001,0.948334,0.94530064,0.9256102,0.9476518,0.9471271,0.9435127,0.94653946,0.9510344,0.9403613,0.94211257,0.95186824,0.83812135,0.93286246,0.9401216,0.95120424,0.9450647,0.9539553,0.93918127,0.9377398,0.94539064,0.95610446,0.93795055,0.9416185,0.948721,0.9380423,0.9445745,0.92456,0.9469264,0.9281238,0.9317308,0.94777346,0.94218135,0.9474771,0.94201386,0.94054943,0.9375453,0.9592125,0.9531974,0.92615825,0.9523866,0.94678307,0.9395587,0.9414178,0.9544727,0.9463036,0.9440803,0.932407,0.9476947,0.9432282,0.948888,0.93659014,0.9635047,0.93155736,0.94661236,0.94095147,0.9478652,0.94467074,0.75106674,0.9468269,0.94119817,0.94979066,0.9435585,0.8892986,0.93864626,0.94255555,0.9326547,0.9666212,0.9465662,0.93742377,0.93213016,0.9388669,0.9316047,0.95427406,0.93221754,0.94561815,0.95588374,0.9391318,0.94467074,0.9385405,0.93804646,0.9479797,0.94942194,0.9553068,0.95131665,0.9429302,0.935265,0.94033974,0.9440247,0.9478007,0.9425006,0.93800604,0.95864624,0.95508915,0.94895977,0.9470095,0.93086076,0.95282286,0.82278115,0.950617,0.92717195,0.9424219,0.94641775,0.9423267,0.929535,0.9575007,0.95396775,0.92484975,0.957617,0.95784646,0.9460738,0.9564597,0.94419473,0.94777685,0.9579714,0.95567214,0.9206473,0.9509894,0.9234109,0.93270725,0.93002677,0.94762826,0.93816084,0.9246092,0.93324715,0.9396497,0.9593892,0.96993214,0.9460101,0.943313,0.94860214,0.94461185,0.9387258,0.9463444,0.9444366,0.9464917,0.91462594,0.934818,0.93542856,0.96457165,0.89150316,0.9373505,0.92746013,0.94944686,0.94656736,0.93982154,0.94594723,0.96993214,0.93573165,0.9479118,0.9485574,0.9623491
angrybirdsmovie,0.95526147,0.93943477,0.9553528,0.95118594,0.9511877,0.95422673,0.95176774,0.949823,0.97137296,0.93566096,0.94962317,0.99999994,0.937151,0.9489581,0.95636636,0.94916385,0.950578,0.943116,0.94655156,0.95594203,0.94347477,0.9619819,0.941915,0.94291323,0.9406017,0.82035166,0.94380695,0.93654627,0.9697027,0.95669293,0.9458617,0.93713474,0.9484298,0.95524573,0.95009685,0.918899,0.9576301,0.9475121,0.9563256,0.9308405,0.9273148,0.95357174,0.9277159,0.93871826,0.9499813,0.942039,0.94687337,0.9536049,0.9551346,0.94507873,0.96753645,0.9518169,0.9230066,0.95953983,0.9413196,0.94815844,0.94850874,0.9497791,0.9586313,0.95940065,0.9455712,0.9576197,0.94852704,0.94503456,0.94653434,0.9545374,0.9424527,0.95050246,0.9332765,0.9460513,0.9596571,0.7588292,0.95576435,0.95122844,0.92483884,0.9348205,0.89995605,0.9332316,0.9343741,0.91676545,0.94218194,0.954465,0.93644536,0.9284673,0.9438596,0.9486636,0.9558485,0.94143134,0.9613817,0.94583374,0.9474683,0.9596571,0.94100595,0.94963366,0.9579492,0.94232166,0.9526097,0.9569269,0.95620966,0.93406934,0.9389318,0.92497605,0.94287455,0.9575275,0.9281881,0.9699478,0.9550095,0.9460946,0.9437873,0.9367163,0.95675606,0.79366714,0.9518043,0.93776387,0.9502617,0.9500106,0.95292056,0.9238088,0.95418835,0.9553401,0.9310966,0.93917483,0.95692414,0.94801146,0.94131017,0.95482665,0.9464574,0.95572597,0.9576033,0.9165357,0.9421248,0.92360294,0.9510843,0.94148606,0.9460953,0.94044787,0.9234624,0.9446253,0.96331924,0.9426394,0.97137296,0.9581578,0.94007766,0.95677656,0.95487463,0.9429876,0.9512952,0.948334,0.94440913,0.931692,0.9429625,0.9283456,0.9496834,0.9165029,0.94957453,0.93980145,0.9504908,0.96073896,0.940997,0.9553432,0.97137296,0.9490444,0.94702685,0.9579748,0.9593186
annabellemovie,0.9535333,0.9374137,0.9511283,0.94664013,0.93606097,0.9360922,0.9403298,0.94319415,0.96494776,0.9300962,0.9289665,0.937151,1.0000005,0.9421983,0.94035184,0.9338764,0.93338776,0.93003786,0.94175595,0.942011,0.93861663,0.9479724,0.9517676,0.96476746,0.93056315,0.75236595,0.9377969,0.9420467,0.9575428,0.9414046,0.92403454,0.9419064,0.95401245,0.94066095,0.93484354,0.9130652,0.952778,0.95822597,0.9353709,0.9339151,0.9417037,0.9548364,0.9169897,0.950222,0.9398976,0.929824,0.9517287,0.9352693,0.9378093,0.9541257,0.95811725,0.94817716,0.93050444,0.92939633,0.9354632,0.936328,0.9573983,0.94626224,0.9438743,0.9529379,0.95580566,0.9419902,0.93003285,0.9585981,0.93390405,0.9223296,0.92830056,0.9437264,0.92175967,0.93461454,0.95810556,0.7353821,0.93932986,0.9576667,0.9259555,0.9334497,0.90028393,0.9379377,0.92718744,0.9245064,0.9324993,0.9487071,0.9673444,0.9387118,0.9545748,0.93173873,0.9303208,0.9690796,0.9308976,0.9363418,0.92968476,0.95810556,0.93120986,0.95847124,0.9412276,0.9249038,0.9238896,0.9516958,0.94347316,0.94845414,0.92857605,0.9263002,0.9394087,0.95183957,0.9351351,0.9529919,0.9440553,0.95846117,0.9431948,0.94162816,0.9522114,0.7719651,0.9481789,0.9006067,0.9441422,0.9456692,0.95731974,0.91931933,0.9545076,0.94026995,0.95018905,0.9398587,0.9475933,0.9209591,0.9326345,0.9447562,0.947865,0.94711614,0.9460689,0.88516915,0.9466313,0.9360058,0.951406,0.92376405,0.9431919,0.94320506,0.9479064,0.94044113,0.95515263,0.9375837,0.96494776,0.95352453,0.9272097,0.94495153,0.95970845,0.93929356,0.93012094,0.92986375,0.9544602,0.9395333,0.9344882,0.93224597,0.9343357,0.9089661,0.9503876,0.9358739,0.9423881,0.94765294,0.94610304,0.9378487,0.96494776,0.93584275,0.94318306,0.95872307,0.9511139
annamovie,0.9603748,0.95185375,0.948828,0.9419149,0.93644524,0.94550294,0.9503995,0.9567236,0.97125834,0.9383054,0.9452001,0.9489581,0.9421983,0.9999998,0.95389086,0.9510043,0.9323115,0.9506587,0.9454327,0.9457181,0.94864595,0.95196646,0.9477509,0.9481579,0.9482929,0.8109191,0.93936026,0.94627434,0.9474584,0.936314,0.93711895,0.9404939,0.95440835,0.9425468,0.9348541,0.91895497,0.9530682,0.94368213,0.9440093,0.9571536,0.9348046,0.95291364,0.9163878,0.94316363,0.96318877,0.9410346,0.9480297,0.94497395,0.942289,0.9494344,0.9519526,0.9512031,0.92573017,0.9407556,0.93727416,0.9490974,0.9554619,0.94697195,0.9354945,0.95162404,0.94164675,0.93908936,0.95007735,0.9690152,0.9363325,0.9477741,0.9412741,0.95815414,0.9328266,0.9378952,0.95780474,0.7811218,0.94126487,0.9454912,0.93956333,0.9498179,0.89417213,0.9408846,0.93410546,0.92636144,0.9387459,0.9493228,0.93280196,0.9271647,0.93282664,0.9332194,0.9314702,0.9514805,0.9538549,0.9695913,0.92762154,0.95780474,0.9532929,0.9379394,0.94834185,0.9425596,0.9440059,0.9597351,0.93776226,0.95623595,0.93433046,0.92934334,0.93783766,0.9649302,0.94192433,0.9491648,0.95329654,0.9468533,0.94488204,0.9367659,0.9577885,0.7857307,0.9524725,0.9126472,0.94828945,0.94146484,0.9582495,0.9264616,0.9546421,0.94421613,0.9382446,0.96129113,0.95096457,0.9331754,0.9562469,0.9361779,0.9522166,0.94805855,0.94565237,0.903939,0.9309976,0.9288201,0.9477885,0.9224568,0.9505815,0.93147516,0.94577056,0.94816715,0.9524369,0.9498619,0.97125834,0.9405112,0.93559575,0.94530535,0.94270676,0.9386287,0.9464099,0.92181015,0.9425585,0.94897044,0.94205874,0.93526125,0.94805074,0.92252934,0.95418733,0.93915933,0.94363624,0.9527518,0.9491848,0.95000476,0.97125834,0.95514166,0.9519972,0.96156466,0.9520646
apollo11movie,0.9544673,0.95017153,0.9439148,0.93717414,0.94681805,0.96199274,0.94362843,0.9585922,0.97368914,0.94789004,0.948334,0.95636636,0.94035184,0.95389086,0.9999998,0.9526443,0.9406716,0.9429896,0.9494473,0.9730487,0.9408667,0.9483497,0.95509326,0.9432405,0.93954164,0.81633395,0.94356835,0.9450043,0.9487481,0.94499266,0.94382876,0.9357711,0.9469464,0.932602,0.9475523,0.9377631,0.9448214,0.9421743,0.9481032,0.9411443,0.9374452,0.9514382,0.92783266,0.94510627,0.9613621,0.94230425,0.95369023,0.9576703,0.9525195,0.9531235,0.9549968,0.9614966,0.93337405,0.94960916,0.92850727,0.94747823,0.9561687,0.9476376,0.95117694,0.95260763,0.94558305,0.94440246,0.9597013,0.95106876,0.9455305,0.9454272,0.9338058,0.94930494,0.9442972,0.95436794,0.95845604,0.7517051,0.9493013,0.9552536,0.93829113,0.94424564,0.8967284,0.9408813,0.9298113,0.93285906,0.94385093,0.9509602,0.94496655,0.93609893,0.93336195,0.93570083,0.9478492,0.9487438,0.9545339,0.95661515,0.94475746,0.95845604,0.9486987,0.95030445,0.94033635,0.9623951,0.95316863,0.9549948,0.9469053,0.9485858,0.9284619,0.9349027,0.94250005,0.957603,0.93446815,0.95167184,0.951652,0.94255495,0.9334291,0.9364694,0.9518558,0.7946569,0.95114905,0.9305634,0.9464293,0.94692355,0.9557495,0.9358573,0.96093446,0.9489119,0.94286615,0.94640356,0.95388186,0.94639623,0.9420268,0.95788854,0.9573392,0.94426537,0.95168823,0.9186264,0.9384513,0.93363744,0.9446622,0.9454725,0.9533574,0.93814415,0.9312833,0.95531833,0.9567426,0.94589764,0.97368914,0.9417574,0.93280125,0.939507,0.9421279,0.95142496,0.9456639,0.94076204,0.9415207,0.92802316,0.93640435,0.93770325,0.9398139,0.90325624,0.9470592,0.942968,0.95684636,0.9528056,0.94532305,0.94911677,0.97368914,0.94981164,0.950451,0.9596413,0.9557014
arcticdogsmovie,0.9559065,0.95601326,0.94964814,0.94306254,0.95080185,0.9544588,0.9529234,0.9668158,0.9730344,0.94410247,0.94530064,0.94916385,0.9338764,0.9510043,0.9526443,0.99999994,0.94241345,0.95264417,0.9435639,0.9374368,0.94808453,0.945913,0.9508666,0.9480826,0.9442699,0.8282922,0.9464701,0.94642526,0.94466126,0.9419546,0.93624777,0.94575083,0.94851804,0.93688697,0.94917065,0.9271967,0.94761527,0.9449597,0.9517809,0.9417706,0.93522596,0.9508617,0.93605876,0.9451865,0.95476246,0.9346496,0.9562329,0.9517206,0.9411367,0.9501242,0.95084566,0.9593434,0.9385571,0.94933444,0.9390234,0.9506349,0.95290524,0.95510036,0.9435316,0.9532124,0.94370866,0.93860185,0.9485891,0.95094144,0.93010366,0.93749076,0.93277997,0.9542144,0.94506186,0.94634247,0.94822055,0.76471925,0.9389274,0.9492095,0.9263794,0.93742335,0.88984984,0.936966,0.94230676,0.9316465,0.94644964,0.94060147,0.9469313,0.9392748,0.9380877,0.9442281,0.95056576,0.94572717,0.93500465,0.94801843,0.9390106,0.94822055,0.93824095,0.945409,0.95225567,0.92815316,0.9567184,0.95094883,0.9353127,0.95568645,0.93405,0.9408951,0.93154025,0.9506382,0.93846816,0.949715,0.95120394,0.96329725,0.9601257,0.93173945,0.9540561,0.8057783,0.9606118,0.91304713,0.9481893,0.9578531,0.9573861,0.91844124,0.9588413,0.9520471,0.9370868,0.9569011,0.9556943,0.9512994,0.9346965,0.9510376,0.9475371,0.93875366,0.96243817,0.91115403,0.9359006,0.93247867,0.9442361,0.9426744,0.9518909,0.93434775,0.93274784,0.9512071,0.95081246,0.9493371,0.9730344,0.9445699,0.9431993,0.94850034,0.9461688,0.94057995,0.9426441,0.9429021,0.9430974,0.92509604,0.94152546,0.9456207,0.94408184,0.9118465,0.9431936,0.94616216,0.9480276,0.95102584,0.95372134,0.96757275,0.9730344,0.94621736,0.9477855,0.9541702,0.94703543
arcticmovie,0.9445907,0.92996216,0.9586494,0.9345548,0.9396055,0.9343732,0.962037,0.94756764,0.96599704,0.9308561,0.9256102,0.950578,0.93338776,0.9323115,0.9406716,0.94241345,0.99999976,0.9353538,0.9334879,0.9258099,0.9385491,0.9401477,0.94677436,0.94399935,0.92372495,0.7977667,0.9280984,0.9662531,0.9441596,0.94809794,0.94133896,0.93532217,0.947523,0.9401562,0.9371691,0.90402853,0.9429452,0.94783777,0.9508126,0.91984445,0.9106878,0.9521686,0.9329407,0.9466151,0.9381919,0.91873896,0.9434985,0.9519653,0.94713706,0.9478731,0.9502599,0.95176494,0.93592304,0.95684206,0.9221538,0.94531345,0.93230563,0.95195633,0.9503288,0.9610445,0.92128193,0.94190776,0.94539183,0.9261641,0.93759084,0.9284503,0.93021667,0.95492953,0.9346769,0.9393557,0.957826,0.7242813,0.9432839,0.95700616,0.9118015,0.9187779,0.8765057,0.9376167,0.9415896,0.92870355,0.9239328,0.9512686,0.93760663,0.9333603,0.9407026,0.9365936,0.9402904,0.95184124,0.93973327,0.9457368,0.9547201,0.957826,0.9310697,0.94813806,0.9456654,0.93528634,0.9420379,0.94820106,0.9521092,0.92256933,0.9144124,0.91626847,0.9383778,0.9530586,0.92337227,0.955115,0.9485082,0.93467814,0.9352274,0.94010806,0.94465154,0.77046186,0.9508275,0.91095227,0.94220626,0.94751734,0.9540207,0.9092437,0.9474115,0.9636562,0.9330668,0.93820804,0.95022106,0.9222532,0.92739725,0.95140994,0.930769,0.92864156,0.9486302,0.9130587,0.93967175,0.9301375,0.97597474,0.9449561,0.9474886,0.9434945,0.9268915,0.93271816,0.95301324,0.93109965,0.96599704,0.9437263,0.9228255,0.93638504,0.9294196,0.94845134,0.9458305,0.9427978,0.9304541,0.9315799,0.95771813,0.93942094,0.93186843,0.8904596,0.956409,0.93812907,0.9384021,0.942058,0.9490986,0.9449585,0.96599704,0.92380816,0.9448199,0.954475,0.9487766
artofracingmovie,0.9637974,0.9438184,0.9514846,0.942442,0.97097147,0.9521606,0.95879173,0.9572511,0.974321,0.95688367,0.9476518,0.943116,0.93003786,0.9506587,0.9429896,0.95264417,0.9353538,1.0000005,0.9473335,0.95109326,0.94731224,0.9452896,0.94430304,0.94317585,0.9614201,0.85238594,0.9612044,0.9394842,0.9430031,0.92674434,0.951393,0.9468436,0.9503546,0.9311768,0.9611692,0.9132528,0.9603621,0.94714195,0.96140325,0.9486742,0.9383102,0.9507591,0.9232411,0.9453432,0.96443856,0.9406868,0.94611025,0.96187454,0.95035917,0.9518535,0.951853,0.94785357,0.9434838,0.9454408,0.9347934,0.96079934,0.93294275,0.9471636,0.94800067,0.95693517,0.93542105,0.940834,0.9598542,0.94482553,0.93086636,0.94500643,0.9428915,0.9514725,0.9361563,0.93851113,0.95765936,0.7552347,0.9459354,0.9445498,0.92334235,0.94861853,0.89775866,0.9495158,0.9479067,0.9341897,0.9460015,0.9513688,0.9289249,0.93548924,0.9402663,0.95183694,0.94714004,0.94531834,0.95076644,0.95788187,0.9353384,0.95765936,0.9389541,0.9429716,0.9519853,0.95172703,0.9555508,0.9637118,0.943515,0.9395856,0.9378279,0.9349258,0.93461764,0.95445913,0.9402295,0.9536131,0.9664892,0.94144833,0.9400358,0.93087214,0.96427643,0.79419506,0.96007544,0.9027808,0.9472006,0.9599285,0.96366364,0.93697035,0.9584543,0.95869803,0.93313175,0.9523811,0.95244116,0.9483536,0.94830483,0.9487686,0.94340956,0.9320017,0.961175,0.9148108,0.9370786,0.9515692,0.94360244,0.94427156,0.9523151,0.9332423,0.941574,0.9473292,0.95560277,0.96718985,0.974321,0.93839645,0.93958294,0.952211,0.9348968,0.936234,0.9426365,0.95435363,0.94268054,0.94528425,0.95526433,0.94622225,0.94313276,0.9104185,0.94818616,0.93911076,0.9477114,0.94878143,0.9517799,0.9542005,0.974321,0.9576399,0.9545087,0.95652777,0.95093286
avengers,0.9728345,0.9419201,0.94582,0.93846,0.9402704,0.95229244,0.9420766,0.9534402,0.9719485,0.9416971,0.9471271,0.94655156,0.94175595,0.9454327,0.9494473,0.9435639,0.9334879,0.9473335,1.0000002,0.9406962,0.95023835,0.9455905,0.95885855,0.94129556,0.95018244,0.83255357,0.945492,0.9505474,0.94729507,0.937997,0.9636845,0.93634427,0.9464407,0.9276124,0.94475913,0.916309,0.95027566,0.94395,0.94821495,0.94883764,0.92542017,0.95678353,0.93427235,0.94986635,0.95938855,0.93204725,0.9550436,0.9524571,0.93609244,0.95906836,0.9550885,0.9479383,0.9378177,0.94421893,0.9320839,0.9535368,0.9421759,0.9539726,0.95577055,0.9572397,0.93888855,0.95109665,0.95604634,0.9475083,0.9486491,0.9457656,0.94192195,0.9416113,0.94808733,0.9480713,0.961151,0.7489793,0.94294006,0.9600398,0.936092,0.9453165,0.88580763,0.9489344,0.95265484,0.93963677,0.9423269,0.936277,0.93709695,0.9257179,0.9318701,0.9323387,0.9456846,0.9549176,0.9459358,0.9483233,0.9465252,0.961151,0.9383386,0.9447373,0.9458126,0.9320578,0.9511241,0.95964724,0.93029356,0.949689,0.92015576,0.9378766,0.95432526,0.96017545,0.93220437,0.9549789,0.95709634,0.94656587,0.94356453,0.94356406,0.9655373,0.78171635,0.95534337,0.92250913,0.94398296,0.9516319,0.96116674,0.92650294,0.9519832,0.9479639,0.9477656,0.9525864,0.94920415,0.93010116,0.9508181,0.95080125,0.9510927,0.95562154,0.9570703,0.9024908,0.9597952,0.93715227,0.9405279,0.93953735,0.95106024,0.9382379,0.9472992,0.94072104,0.958135,0.94658405,0.9719485,0.93816847,0.9284559,0.94535923,0.9405793,0.9315887,0.94091415,0.93497795,0.9490475,0.9318131,0.9382475,0.9376599,0.93234664,0.9296129,0.94100976,0.9532231,0.95088404,0.9570569,0.9428577,0.9470808,0.9719485,0.94772357,0.9535651,0.95716554,0.95663095
beachbummovie,0.94515365,0.93370587,0.9361538,0.9323879,0.9490301,0.94656473,0.93310905,0.9473172,0.9632828,0.9369749,0.9435127,0.95594203,0.942011,0.9457181,0.9730487,0.9374368,0.9258099,0.95109326,0.9406962,1.0000004,0.92823863,0.94587696,0.94158065,0.9381456,0.9373523,0.8083942,0.9464749,0.9311302,0.952409,0.93360925,0.94019175,0.9371875,0.9328843,0.9344393,0.93977076,0.9130042,0.94751906,0.9426604,0.937881,0.93692327,0.9355583,0.93986267,0.9103907,0.9275487,0.9493618,0.9366239,0.94565856,0.9498394,0.93613505,0.9386939,0.9584041,0.9414179,0.9092084,0.9417682,0.9395207,0.94069266,0.93891925,0.93279207,0.9453826,0.94757015,0.9402968,0.93625563,0.9418323,0.9515639,0.9286718,0.9428933,0.9352489,0.93800414,0.92370653,0.94149435,0.95685536,0.7348146,0.92993337,0.94303787,0.9215582,0.93496895,0.8747329,0.9303892,0.9236815,0.91056865,0.9382963,0.9398807,0.93481535,0.9223366,0.9337149,0.93901443,0.9402503,0.9372709,0.9541063,0.94285905,0.9251216,0.95685536,0.92980605,0.9399841,0.9423839,0.95008564,0.93617827,0.9609107,0.9369384,0.94805735,0.92565244,0.92845297,0.94408864,0.95559806,0.92516917,0.956273,0.9494748,0.934905,0.92910117,0.92062265,0.95196015,0.776804,0.93766713,0.9147642,0.93393135,0.93611825,0.9463297,0.91694206,0.9557885,0.9436744,0.9216101,0.9258578,0.94532347,0.94217587,0.9371829,0.9488398,0.9419495,0.9429529,0.94561005,0.9029596,0.93188286,0.9209523,0.9294845,0.9247635,0.9383465,0.9266683,0.9252828,0.9438637,0.953203,0.94659084,0.9632828,0.9453005,0.9188265,0.94044006,0.93797034,0.9291113,0.93704325,0.93451834,0.9375505,0.9275899,0.9249452,0.91981864,0.9432849,0.89999664,0.94458604,0.9262904,0.949171,0.9420008,0.9345393,0.93716556,0.9632828,0.9407527,0.9387984,0.9499698,0.9523406
bernadettefilm,0.9650874,0.94941753,0.96070683,0.954326,0.9479842,0.95002985,0.95487994,0.95483327,0.97538793,0.9444349,0.94653946,0.94347477,0.93861663,0.94864595,0.9408667,0.94808453,0.9385491,0.94731224,0.95023835,0.92823863,0.9999994,0.9553825,0.94975066,0.94135636,0.94675916,0.8481989,0.938055,0.95638037,0.95091194,0.9376645,0.94533646,0.94208413,0.96008986,0.9307202,0.95715,0.921204,0.9565428,0.95805657,0.94344324,0.9580655,0.9428204,0.95375395,0.9235149,0.9335233,0.9574966,0.9468459,0.9532474,0.95263654,0.9401069,0.9433644,0.9549784,0.95913786,0.9463078,0.9512216,0.9369655,0.946146,0.939288,0.96662635,0.9465625,0.95488507,0.9321937,0.94954926,0.95106226,0.9456939,0.9509387,0.941405,0.93464553,0.95563674,0.9299819,0.93171304,0.9556691,0.73801863,0.9438405,0.9614058,0.9488759,0.9399499,0.90547895,0.9413635,0.93855625,0.95299685,0.9390612,0.9464186,0.93874973,0.94394886,0.9362542,0.93887573,0.9408338,0.95478207,0.9408663,0.9441859,0.95181316,0.9556691,0.93624145,0.9514451,0.95781755,0.9410121,0.95358205,0.94508195,0.93433034,0.9405303,0.9434378,0.9563236,0.9515802,0.95783526,0.9291103,0.9541906,0.9537089,0.94587016,0.94383365,0.95359653,0.9535051,0.7850294,0.9710357,0.91598225,0.9568569,0.9411358,0.96578604,0.92758554,0.95023876,0.9534764,0.94837505,0.96226543,0.94871205,0.93835723,0.95809096,0.9443096,0.93326944,0.9394243,0.9513419,0.890641,0.96914345,0.9473132,0.95694506,0.9333908,0.95861775,0.941659,0.9498999,0.9413519,0.9543139,0.9448591,0.97538793,0.939961,0.94133395,0.94940555,0.94263005,0.9519419,0.9445187,0.9460068,0.94368356,0.9441764,0.9512622,0.9383875,0.9431874,0.90383303,0.94835734,0.95193785,0.93501604,0.9540012,0.9639309,0.9487942,0.97538793,0.93735355,0.9585778,0.9499073,0.9528421
