movie,21bridgesmovie,47metersdown,abeautifuldaymovie,abominablemovie,adastramovie,adogsjourneymovie,aftermathmovie,aftermovie,ahiddenlifefilm,alitamovie,angelhasfallen,angrybirdsmovie,annabellemovie,annamovie,apollo11movie,arcticdogsmovie,arcticmovie,artofracingmovie,avengers,beachbummovie,bernadettefilm,blackandbluemovie,blackchristmas,blindedbythelightmovie,bombshellmovie,booksmart,breakthroughmovie,brianbanksmovie,brightburnmovie,brittanyrunsmov,captainmarvelofficial,captivestatemovie,catsmovie,charliesangels,childsplaymovie,clarathefilm,coldpursuitmovie,countdown,currentwarmovie,darkwatersmovie,detectivepikachumovie,disneyaladdin,disneyfrozen,disneymaleficent,doctorsleepmovie,dolemiteismyname,dontletgomovie,doramovie,downtonabbey_official,dumbo,escaperoom,everybodyknowsmovie,fastandfuriousmovie,fightingwmyfam,fivefeetapartfilm,fordvferrari,freaksthefilm,geminimanmovie,glassmovie,gloriabellmovie,godzillamovie,goldfinchmovie,goodboysmovie,goodliarmovie,gretafilm,halathemovie,happydeathdaymovie,harrietfilm,hellboymovie,hersmellmovie,highlifemovie,highstrungmovie,honeyboymovie,hotelmumbaifilm,httydragon,hustlemovie,hustlersmovie,isntitromantic,itmovieofficial,jayandsilentbob,johnwickmovie,jojorabbitmovie,jokermovie,judythefilm,jumanjimovie,justmercyfilm,knivesout,lalloronamovie,lastblackmansf,lastchristmasthemovie,latenightmovie,lighthousemovie,lionking,littlethemovie,littlewomenmovie,littlewoodsfilm,longshotmovie,lordsofchaosmovie,lucyintheskyfilm,mamovie2019,marriagestory,meettheaddams,meninblack,midsommarmovie,midwaymovie,missbalamovie,missinglinkfilm,motherlessbklyn,onceinhollywood,onthebasisofsex,overcomermovie,peanutbutterfalcon,petsematarymovie,piercingmovie,playingwithfire,playmobilthemovie,pomsmovie,queenandslim,rambomovie,readyornotfilm,richardjewellfilm,rocketmanmovie,scarystoriesmovie,secretlifeofpets,serenityfilm,shaftmovie,shazammovie,spidermanmovie,spiesindisguise,starwars,stormboymovie,stubermovie,taosdfilm,teenspiritmov,terminator,theaeronautsmov,thebestofenemies,thedeaddontdie,thefarewell,thehighwaymen,thehummingbirdprojectfilm,theintrudermovie,theirishmanfilm,thekitchenmovie,thelegomovie,themustangfilm,thenightingalefilm,theprodigymovie,thesunisalsoastar,theupsidefilm,tolkienmovie,toystory,triplefrontier,uglydolls,uncutgems,underthesilverlake,usmovie,wavesmovie,whatmenwant,wonderparkmovie,wrinklestheclown,xmenmovies,yardiefilm,yesterdaymovie,zombieland
21bridgesmovie,1.0000004,0.9389069,0.9551603,0.93604034,0.943743,0.9479394,0.94269556,0.9576625,0.9742572,0.9508442,0.9379477,0.9291687,0.9385553,0.9546025,0.9483855,0.95752037,0.9609903,0.9508191,0.97690356,0.94493353,0.95407987,0.95379573,0.95488894,0.95041746,0.92562354,0.8609967,0.9459954,0.9348196,0.9456206,0.9456783,0.94364154,0.954377,0.9219048,0.91584873,0.93546355,0.928155,0.95330787,0.9563928,0.96931237,0.9377332,0.9429085,0.941241,0.9367205,0.9530338,0.9495991,0.95533746,0.95105094,0.9394773,0.93106234,0.9486676,0.94881177,0.9535814,0.9390451,0.935747,0.93896306,0.9263728,0.93499446,0.9481574,0.93204945,0.9464215,0.9440716,0.94270366,0.9492068,0.9425933,0.950757,0.9187036,0.9325795,0.9374376,0.9470346,0.93741715,0.9534276,0.78245986,0.94383854,0.94786054,0.9289519,0.92315847,0.8985327,0.9472525,0.9526097,0.9369521,0.9518473,0.9226815,0.9518936,0.9441467,0.94869816,0.92630184,0.94335157,0.9457383,0.93829685,0.9604873,0.9301231,0.9534276,0.9394871,0.944506,0.94667774,0.93798184,0.9392085,0.9281644,0.9281564,0.9523445,0.94628984,0.94860405,0.942378,0.9354756,0.9521631,0.94913936,0.97198606,0.9317287,0.9395942,0.9247543,0.9658351,0.8343259,0.94693184,0.9046811,0.9465394,0.96311307,0.98722863,0.9186572,0.9476009,0.94408184,0.9271409,0.94645864,0.9489743,0.9448016,0.9441883,0.94638145,0.95319414,0.94693035,0.95198417,0.9313152,0.94916916,0.9450317,0.94377625,0.9431247,0.9481974,0.9576543,0.97142833,0.93072,0.95817846,0.94971675,0.9742572,0.9505282,0.94480187,0.9443245,0.9194768,0.93988895,0.9397797,0.9407107,0.94223243,0.96723163,0.9557144,0.94604445,0.9583747,0.9495593,0.94174176,0.9374092,0.9436506,0.94439375,0.9498396,0.94210815,0.9742572,0.9410654,0.9424692,0.9468272,0.93860227
47metersdown,0.9389069,1.0000001,0.9508842,0.9317144,0.94515574,0.92890954,0.9472369,0.947197,0.9623177,0.93584615,0.92971265,0.91985005,0.928721,0.9416811,0.92453486,0.9570766,0.9337781,0.9322385,0.9304911,0.92482173,0.92414445,0.9377038,0.93540275,0.9403389,0.9416743,0.86808723,0.9276557,0.92542416,0.94211644,0.9394026,0.9339636,0.950529,0.9323385,0.9257779,0.9369512,0.9097414,0.9445406,0.9380802,0.9450203,0.9240341,0.9279533,0.9513286,0.9356946,0.9487168,0.94571745,0.93029326,0.94177485,0.9291132,0.92130363,0.9490502,0.94101685,0.9466258,0.9221433,0.9199925,0.910154,0.9304298,0.9177462,0.9597176,0.9248808,0.9416523,0.9384179,0.9379089,0.9432194,0.9271564,0.93481904,0.93439037,0.92117816,0.9239558,0.9392849,0.9183867,0.94985616,0.7957067,0.9437822,0.9417837,0.9363697,0.92825794,0.8827095,0.927526,0.9313665,0.9226577,0.9368442,0.92518014,0.94366324,0.91746736,0.93284553,0.9288597,0.91956866,0.9404023,0.93423903,0.9394432,0.941772,0.94985616,0.9303478,0.93129903,0.9280376,0.9208216,0.94486916,0.92656416,0.92662513,0.9377382,0.92221177,0.93527967,0.93318945,0.9225459,0.949295,0.944548,0.9401132,0.92593795,0.9250462,0.935364,0.9468501,0.8288938,0.94306225,0.8873852,0.94146067,0.9428808,0.94849455,0.92853606,0.9500136,0.94962585,0.92666614,0.93927085,0.9318078,0.9325708,0.944419,0.9454231,0.94670343,0.9345629,0.94790864,0.91484654,0.9445807,0.93733716,0.9195238,0.91596437,0.94656104,0.94357413,0.9403285,0.9384066,0.9499173,0.921027,0.9623177,0.9466568,0.9277306,0.93088764,0.90733516,0.93396467,0.9248152,0.92596745,0.9305429,0.9357268,0.9451079,0.9471564,0.9335282,0.888961,0.9444054,0.9322957,0.93590385,0.93047196,0.94074506,0.9430726,0.9623177,0.917534,0.9445232,0.9386562,0.93074983
abeautifuldaymovie,0.9551603,0.9508842,0.9999999,0.9502635,0.9560462,0.96131146,0.95553523,0.95757127,0.9814915,0.9487543,0.9486037,0.9461577,0.9520329,0.96055615,0.9518683,0.95141464,0.9587471,0.95508647,0.9376525,0.95580655,0.95987934,0.97031677,0.95515615,0.96364653,0.94766366,0.8468289,0.96193206,0.95007956,0.9763878,0.9645493,0.95444536,0.96489877,0.9389044,0.95997685,0.94239026,0.9215261,0.9623386,0.9660818,0.9648078,0.9493725,0.9528661,0.9536282,0.94751424,0.95549494,0.96246636,0.9613698,0.956767,0.9545761,0.93583304,0.9565056,0.9806896,0.9582805,0.94972366,0.9468375,0.9381676,0.9477291,0.9571237,0.96013314,0.95304376,0.9523742,0.9594656,0.95757943,0.96209794,0.95639306,0.9496255,0.9372923,0.9370872,0.9430702,0.9621284,0.95189124,0.96730477,0.7846197,0.95743024,0.9596814,0.94559604,0.93780744,0.8969734,0.9472725,0.9528298,0.9391298,0.9557898,0.94712794,0.96653944,0.9491147,0.9662168,0.94964087,0.9636275,0.95250267,0.9639073,0.9566019,0.9531293,0.96730477,0.9428608,0.9484587,0.96824217,0.94502765,0.9503909,0.955551,0.9421348,0.9582934,0.9562369,0.95477074,0.96262985,0.95098233,0.95118576,0.98185134,0.9550706,0.9599628,0.95932424,0.93631864,0.97307867,0.86804885,0.96551585,0.9167067,0.9550084,0.9424421,0.9639934,0.9389086,0.9624333,0.9487798,0.9484144,0.95746994,0.9435253,0.9535896,0.96455735,0.9663462,0.95694554,0.96713877,0.96327114,0.9241141,0.9571903,0.95629233,0.9555419,0.94634175,0.9538086,0.96998966,0.95894504,0.9444309,0.96419746,0.95960164,0.9814915,0.97640353,0.9531596,0.9568933,0.9407238,0.9389883,0.9383979,0.95058167,0.95950377,0.9440115,0.95010614,0.9713836,0.961495,0.9242315,0.95106703,0.9566909,0.94724417,0.95304865,0.94996136,0.9493515,0.9814915,0.9254221,0.95914185,0.9497646,0.9707451
abominablemovie,0.93604034,0.9317144,0.9502635,1.0000001,0.9253083,0.93839604,0.9422366,0.95188755,0.96117085,0.9287716,0.9362465,0.9220528,0.95390826,0.9524462,0.9382264,0.9315225,0.94260985,0.9197782,0.9268754,0.9371665,0.93512106,0.9422491,0.9392512,0.938595,0.9168168,0.837893,0.9306224,0.934185,0.9420353,0.93942165,0.9401285,0.94546837,0.94129527,0.9275245,0.92373216,0.92975533,0.93644214,0.9451756,0.9451682,0.9298574,0.9415829,0.9354546,0.9277372,0.9334148,0.9426641,0.9341816,0.9407504,0.9505946,0.9455046,0.93691,0.94488484,0.9523712,0.9383404,0.9336974,0.9317976,0.91966146,0.9252742,0.9459795,0.9497507,0.91839916,0.9372944,0.95252836,0.9450259,0.94367015,0.93521816,0.92525876,0.9089864,0.93790966,0.9434023,0.92119867,0.934391,0.79410917,0.9351833,0.93925947,0.9387017,0.9137107,0.8781864,0.9170094,0.9343686,0.91784567,0.9366835,0.9490757,0.9514693,0.9329989,0.9436788,0.92593443,0.9407423,0.9526128,0.9343231,0.93362206,0.9295939,0.934391,0.921899,0.9271032,0.9491051,0.9550359,0.93163025,0.9242893,0.9217195,0.94486016,0.9211478,0.92966443,0.9235801,0.932503,0.9476762,0.94762003,0.9438659,0.93454605,0.91777927,0.92523605,0.94266415,0.869214,0.94561404,0.9188265,0.9451275,0.9351446,0.93703526,0.9171768,0.9546714,0.932994,0.9283592,0.9508123,0.9347388,0.9404475,0.9531936,0.9481969,0.9442622,0.9307751,0.94473994,0.923746,0.9356083,0.93139935,0.9334894,0.93234813,0.9382231,0.94618106,0.9406397,0.9316008,0.93668985,0.9305467,0.96117085,0.9377954,0.928512,0.94204956,0.92093384,0.94636464,0.92978925,0.92884153,0.9450183,0.9235332,0.9438172,0.948355,0.9386108,0.9088936,0.9128607,0.9311338,0.94716287,0.9305601,0.9443229,0.9354021,0.96117085,0.9160373,0.9372282,0.96081424,0.9456865
adastramovie,0.943743,0.94515574,0.9560462,0.9253083,1.0000001,0.9463262,0.9412588,0.9474667,0.9686599,0.95256746,0.9370646,0.92815727,0.9323583,0.94008267,0.94483775,0.94172686,0.9383391,0.9636869,0.93941903,0.94195664,0.93551767,0.9361783,0.942484,0.94145334,0.9314573,0.8465054,0.9553579,0.9363397,0.94638544,0.95138484,0.9356603,0.94846797,0.9337197,0.93229634,0.9284352,0.89945275,0.95055133,0.9457179,0.9480432,0.93736714,0.9243542,0.9530982,0.94042516,0.94962394,0.9357349,0.9466245,0.94351053,0.9364627,0.9353302,0.9495436,0.94593966,0.95004284,0.92057025,0.92599934,0.9144207,0.95562696,0.9394645,0.96236324,0.9324943,0.9271882,0.9507139,0.9465473,0.94062227,0.9376811,0.9398557,0.94453675,0.9303436,0.9205099,0.9430305,0.94067323,0.94340825,0.78806084,0.93949866,0.95729697,0.9305296,0.9159153,0.8782427,0.93578005,0.9448102,0.93916327,0.946006,0.93157136,0.9420695,0.93341947,0.94574696,0.9357119,0.9386021,0.93131936,0.9367458,0.9530023,0.9484111,0.94340825,0.9343501,0.9254903,0.9368405,0.94634753,0.94737226,0.93450063,0.92465603,0.93882453,0.9282253,0.93760693,0.9439666,0.924371,0.9388363,0.94897836,0.9448844,0.94196403,0.93542475,0.9353842,0.9559723,0.83272874,0.9377448,0.907268,0.9485996,0.9388687,0.9560126,0.9423681,0.9554602,0.9426701,0.9314334,0.93828744,0.9316632,0.9375882,0.9452157,0.9392343,0.94394135,0.944311,0.96353376,0.9079958,0.9480504,0.96146667,0.9309614,0.9207108,0.9516795,0.95216036,0.95598584,0.94056416,0.93791014,0.9337983,0.9686599,0.93856233,0.9348362,0.944655,0.91622746,0.94514275,0.93354636,0.93275225,0.9407189,0.9376745,0.93803436,0.9435722,0.9455276,0.90660185,0.93972063,0.93952864,0.9239963,0.9413704,0.93238556,0.9453722,0.9686599,0.9305836,0.947855,0.9483234,0.93979293
adogsjourneymovie,0.9479394,0.92890954,0.96131146,0.93839604,0.9463262,0.99999976,0.9487558,0.95555055,0.97501415,0.93590283,0.9468715,0.94986886,0.952583,0.9582365,0.93998015,0.93261534,0.9483072,0.94801563,0.94305015,0.95519555,0.9519473,0.9499968,0.960795,0.94626606,0.9307823,0.85309535,0.95238316,0.9412269,0.9476255,0.9534619,0.9365599,0.9555953,0.9378509,0.9358696,0.9373428,0.92610073,0.9490689,0.9477567,0.9598559,0.9500202,0.94331366,0.93436086,0.9330541,0.94463253,0.94512707,0.9584421,0.95726734,0.9515603,0.9442283,0.9420067,0.9553465,0.9625115,0.93775964,0.93937874,0.9505747,0.9420182,0.96248037,0.9521475,0.9366452,0.9340341,0.9454981,0.94619995,0.948785,0.9588005,0.9510388,0.93945533,0.9282753,0.9425698,0.9488752,0.95251065,0.95248085,0.76399684,0.94646734,0.9611279,0.9368437,0.93176705,0.87654835,0.93404204,0.94517446,0.95948005,0.94603914,0.9443652,0.947837,0.95170975,0.94179755,0.9262375,0.96080476,0.95193136,0.9538887,0.9623361,0.94491875,0.95248085,0.93183917,0.9250747,0.95229274,0.93901926,0.9391646,0.9528382,0.9282418,0.9570622,0.94658786,0.9501372,0.95244515,0.9463349,0.94405156,0.95880777,0.948468,0.9492012,0.94253236,0.94654703,0.9612006,0.8491442,0.95552194,0.94577944,0.9536772,0.94809294,0.9539072,0.94325507,0.9542986,0.9492613,0.9420607,0.93920845,0.95458466,0.9720595,0.9508561,0.9365922,0.9592654,0.95685256,0.94779193,0.92927116,0.9486772,0.9400635,0.93868923,0.94286376,0.951221,0.95548993,0.9474274,0.94541836,0.95423746,0.95591617,0.97501415,0.94913185,0.9525092,0.95517534,0.9385078,0.9418804,0.94537044,0.94529104,0.95949423,0.9293522,0.94327265,0.94223064,0.9604132,0.9102623,0.9433031,0.947914,0.9424752,0.94019175,0.9360413,0.9474512,0.97501415,0.9269915,0.9454948,0.95969564,0.94891113
aftermathmovie,0.94269556,0.9472369,0.95553523,0.9422366,0.9412588,0.9487558,1.0000004,0.9612411,0.9739068,0.94666344,0.9325761,0.95035416,0.9498888,0.9499998,0.9658822,0.9408354,0.9632428,0.93582,0.9362158,0.96089476,0.95007515,0.955391,0.9480287,0.9439756,0.9285243,0.85528135,0.94897974,0.94673693,0.94988495,0.95410675,0.9531299,0.95737946,0.94774556,0.94456166,0.93529326,0.9194973,0.9363466,0.9517842,0.96100307,0.95842403,0.9382641,0.9558756,0.94584376,0.9506692,0.95120716,0.94185126,0.9509541,0.9556912,0.9370201,0.9580164,0.9562398,0.97204673,0.9437993,0.9411696,0.94130695,0.94699466,0.9382217,0.9581027,0.95513767,0.9409598,0.9472893,0.95326465,0.9523807,0.9542503,0.95107776,0.9423128,0.928279,0.9528044,0.940094,0.9411841,0.95660913,0.7544567,0.94004357,0.9574292,0.9366668,0.94468117,0.88411736,0.93896145,0.9431444,0.93044984,0.93883693,0.9680114,0.9548169,0.94544685,0.9626058,0.9383511,0.94520336,0.95725423,0.9580841,0.94298273,0.9573829,0.95660913,0.9350146,0.9562461,0.9469785,0.94918615,0.9353113,0.94868916,0.96134245,0.95056283,0.92109233,0.93953943,0.9495359,0.94532454,0.95112395,0.9590908,0.9502731,0.93762827,0.91998255,0.94702893,0.9635706,0.8549569,0.95599544,0.90403485,0.95759565,0.9459684,0.95040923,0.93796325,0.96134436,0.9827971,0.94551533,0.9437843,0.9551304,0.94611984,0.95716834,0.9614807,0.9526713,0.9419579,0.9456102,0.9312836,0.95563966,0.94198376,0.9468344,0.93268764,0.9564598,0.95564306,0.95594746,0.958715,0.967805,0.93277425,0.9739068,0.9523318,0.93290627,0.94599056,0.9200535,0.9561981,0.93370134,0.9296456,0.9480315,0.9360939,0.9848608,0.9546486,0.9590059,0.91348207,0.94594634,0.9531779,0.952536,0.93784165,0.9653109,0.95306075,0.9739068,0.92592174,0.9360497,0.9580548,0.9456145
aftermovie,0.9576625,0.947197,0.95757127,0.95188755,0.9474667,0.95555055,0.9612411,1.0000001,0.97866577,0.93778473,0.94934565,0.9390056,0.95874286,0.9618188,0.9570159,0.94000196,0.9586119,0.9478915,0.95827943,0.95901185,0.94842464,0.948185,0.95695007,0.95069385,0.93329144,0.8747947,0.9496555,0.95069337,0.94555944,0.95972896,0.96344626,0.9536842,0.94575626,0.928505,0.94041693,0.9349143,0.950611,0.95564437,0.9611329,0.9470139,0.95185035,0.9584813,0.9475822,0.9667533,0.9560814,0.95621514,0.96048635,0.9504965,0.9399104,0.96266127,0.94912827,0.9621901,0.93315905,0.9477211,0.9492157,0.93854386,0.94710344,0.96357644,0.94776416,0.9442373,0.9519047,0.9492756,0.9549892,0.95722383,0.9510099,0.9443517,0.91745245,0.94006383,0.9552945,0.93334895,0.95148057,0.7759744,0.94598264,0.95288616,0.93692416,0.94703877,0.8903533,0.94358635,0.9529081,0.9420081,0.9522007,0.9562392,0.9595603,0.95130855,0.95380896,0.9426495,0.9525549,0.95585185,0.9535066,0.9577788,0.950254,0.95148057,0.9447566,0.94848984,0.95311123,0.9524133,0.9464358,0.9448517,0.93659776,0.96041954,0.9387279,0.9522414,0.953601,0.9405721,0.9545667,0.95417225,0.95985734,0.93787557,0.93610466,0.9418061,0.9606367,0.8548488,0.96484065,0.92143995,0.959244,0.9595657,0.9616186,0.9361085,0.96474797,0.95665,0.9513596,0.96240264,0.9488766,0.95600903,0.959416,0.9545079,0.9583679,0.9510102,0.9553306,0.94719243,0.95917654,0.9472287,0.94654244,0.9517873,0.9607433,0.9594549,0.95708555,0.951298,0.95620465,0.94563794,0.97866577,0.94832015,0.94532293,0.9487811,0.9299186,0.9570778,0.94866186,0.93504816,0.9567188,0.94540054,0.9577367,0.95989746,0.953467,0.9161958,0.9345103,0.9432817,0.95058423,0.9431939,0.96467835,0.964223,0.97866577,0.92698014,0.9514741,0.96327573,0.94732136
ahiddenlifefilm,0.9742572,0.9623177,0.9814915,0.96117085,0.9686599,0.97501415,0.9739068,0.97866577,0.9999998,0.96490645,0.9651325,0.9579004,0.97311646,0.97717845,0.970569,0.9689428,0.97667354,0.9715593,0.965644,0.96996397,0.97173154,0.9712236,0.9764941,0.97468334,0.95196426,0.88035804,0.97039676,0.96284294,0.9702788,0.97213453,0.9667324,0.97851574,0.96106976,0.9593676,0.9618285,0.94422716,0.9754212,0.9760279,0.9809085,0.9700402,0.97064257,0.97104895,0.9660244,0.9744909,0.97513705,0.9742138,0.97760034,0.9687593,0.9581882,0.97440636,0.97419775,0.9817708,0.9639646,0.9660814,0.9652591,0.96315676,0.96846384,0.9773038,0.96549684,0.9662149,0.9755938,0.97038364,0.9759283,0.97466564,0.96881723,0.9586524,0.9490476,0.96616364,0.97043675,0.96432006,0.97920823,0.7947467,0.9694277,0.9727489,0.9611731,0.96069896,0.9154908,0.96590006,0.97380173,0.95812047,0.9683638,0.9638446,0.9781178,0.9722405,0.9725759,0.9606029,0.9747334,0.9727727,0.974583,0.9783599,0.96570224,0.97920823,0.95826924,0.9628937,0.9734629,0.96585023,0.9667465,0.9673941,0.9587371,0.97459614,0.9647624,0.96633476,0.9699038,0.9682701,0.96940947,0.9773643,0.9788682,0.9655055,0.96259004,0.9593715,0.98456895,0.876932,0.9758286,0.93373793,0.9740865,0.97445405,0.9814415,0.96084553,0.98026097,0.97173125,0.9618629,0.97110564,0.97340286,0.9675099,0.9778923,0.9734185,0.97452354,0.96940315,0.9747851,0.9514379,0.97651285,0.96694064,0.9668402,0.96048784,0.971093,0.97718716,0.976345,0.96944255,0.9797862,0.9713749,0.9999998,0.96970826,0.9665446,0.97115165,0.95269334,0.96904,0.96457076,0.9673537,0.9736807,0.9625501,0.97092694,0.97738254,0.9795137,0.9416113,0.9637977,0.9695468,0.96720135,0.9697885,0.97030187,0.97235936,0.9999998,0.9527277,0.9719295,0.9756381,0.967893
alitamovie,0.9508442,0.93584615,0.9487543,0.9287716,0.95256746,0.93590283,0.94666344,0.93778473,0.96490645,1.0,0.92171466,0.925685,0.92513233,0.94690484,0.9446636,0.93676144,0.9452324,0.95739484,0.9312885,0.93160516,0.9477235,0.93782157,0.9408063,0.9326516,0.91470796,0.833067,0.9513338,0.9303735,0.9434542,0.95052296,0.93872344,0.9437463,0.9237841,0.91694707,0.9230064,0.9115904,0.9434105,0.9525783,0.95461315,0.94338024,0.92551976,0.93748,0.9385125,0.94227886,0.94150794,0.9395319,0.9376489,0.9343347,0.9381257,0.9504442,0.94253063,0.9456396,0.9287692,0.91332865,0.9236666,0.9435018,0.9208682,0.947613,0.9387384,0.9318032,0.9421927,0.94407624,0.93927085,0.9338052,0.93692863,0.91727024,0.93695915,0.9288793,0.9313483,0.93911815,0.9431225,0.76645637,0.9480267,0.95442516,0.92343014,0.9243454,0.8842599,0.9362714,0.94269294,0.9305564,0.9351809,0.9446336,0.9447899,0.93549126,0.93922704,0.9336381,0.938853,0.926809,0.9350024,0.94560236,0.9456244,0.9431225,0.94256806,0.9350474,0.9344603,0.9366051,0.9440014,0.9235447,0.95230424,0.9352587,0.9229248,0.92535573,0.93809545,0.9245737,0.9628694,0.9399561,0.9586727,0.91613764,0.9322208,0.92100555,0.95670605,0.8483851,0.94561225,0.8885555,0.950392,0.9421532,0.95657355,0.92856145,0.9418,0.9460181,0.91654783,0.92870855,0.94182277,0.92915875,0.95169353,0.9492404,0.9315808,0.9394834,0.94775546,0.9156593,0.9474557,0.94702417,0.936821,0.91959476,0.9453174,0.95635945,0.9485237,0.94027627,0.9419656,0.943865,0.96490645,0.9346455,0.92741716,0.93225574,0.9088762,0.93390113,0.9311111,0.927596,0.9248491,0.93677187,0.95156515,0.95583993,0.9485758,0.92603576,0.9239954,0.939471,0.93463457,0.94186074,0.9372595,0.9374833,0.96490645,0.95018125,0.9234154,0.9430157,0.93213207
angelhasfallen,0.9379477,0.92971265,0.9486037,0.9362465,0.9370646,0.9468715,0.9325761,0.94934565,0.9651325,0.92171466,1.0000001,0.93492377,0.95388997,0.9394744,0.9282006,0.93773246,0.9225,0.9364308,0.9317466,0.9274967,0.94984853,0.9346397,0.9510017,0.9414907,0.9205977,0.86861014,0.92635775,0.9204141,0.936919,0.93920743,0.9319471,0.95348215,0.93560386,0.9263899,0.91526455,0.91425264,0.94914526,0.94370794,0.9418331,0.93588626,0.93933487,0.93458766,0.92821723,0.9383621,0.94506764,0.9474729,0.94788384,0.9387033,0.9240847,0.9361873,0.9365298,0.94470507,0.9267346,0.92286795,0.9448967,0.91795886,0.9331554,0.9433466,0.926804,0.9200837,0.94241214,0.93107283,0.95027447,0.9446922,0.94149065,0.9360462,0.908553,0.9249586,0.9584999,0.927906,0.93544,0.8042291,0.9273253,0.9460323,0.9328395,0.92575973,0.88077503,0.92516124,0.9309792,0.9336573,0.9742576,0.9165526,0.95592237,0.93775445,0.9331727,0.9379483,0.9539695,0.9478948,0.9413031,0.9467816,0.92313457,0.93544,0.9308357,0.9231367,0.94693655,0.9365156,0.95490086,0.9195094,0.92723083,0.94547474,0.92960745,0.94313174,0.9386536,0.92925704,0.9325383,0.9384014,0.94482934,0.93866,0.9319467,0.94135326,0.948789,0.84423923,0.9372872,0.91142917,0.9368454,0.9563361,0.9469886,0.9336062,0.9500033,0.93402475,0.9319444,0.9358595,0.9499762,0.9415266,0.9439551,0.9382541,0.9405718,0.93517107,0.9467036,0.91787505,0.9479894,0.9441029,0.9189379,0.91740143,0.9361376,0.9423805,0.9471812,0.92641723,0.94157654,0.94282955,0.9651325,0.9369141,0.934602,0.9446369,0.9347828,0.9418304,0.9374353,0.9326089,0.9447421,0.918158,0.9340063,0.9410934,0.9459257,0.9099521,0.9268681,0.93054616,0.9435681,0.92380434,0.9360782,0.9353032,0.9651325,0.9120394,0.94427824,0.9484455,0.9381986
angrybirdsmovie,0.9291687,0.91985005,0.9461577,0.9220528,0.92815727,0.94986886,0.95035416,0.9390056,0.9579004,0.925685,0.93492377,0.9999998,0.937389,0.9361782,0.934088,0.9293607,0.93306303,0.9234066,0.91777307,0.9495087,0.92511636,0.94648105,0.93803155,0.9330727,0.91081333,0.826771,0.93669516,0.9206365,0.9402906,0.93848044,0.9244479,0.9414908,0.92643,0.9276909,0.9204194,0.90359485,0.9312509,0.9420639,0.9486907,0.9320616,0.9336422,0.9349034,0.9144421,0.9306288,0.933169,0.9316893,0.93476623,0.9389953,0.9231253,0.9349451,0.95224243,0.94907975,0.92467046,0.9186284,0.9265574,0.9229799,0.91980267,0.94223446,0.9291182,0.91308707,0.92602026,0.9254605,0.92942333,0.94338346,0.9288265,0.9267836,0.9158474,0.9320548,0.92295814,0.93984926,0.92878765,0.75475115,0.92219937,0.94843936,0.9317517,0.90502524,0.8871526,0.9215791,0.93435854,0.92370427,0.94155186,0.92648137,0.9398287,0.93146247,0.94656557,0.91802293,0.93623126,0.9400608,0.9393916,0.92993134,0.9191152,0.92878765,0.90724635,0.93209094,0.94153214,0.9329645,0.92154574,0.93827707,0.93283856,0.94281894,0.9177784,0.9232568,0.934306,0.9155556,0.92800665,0.9510021,0.9379361,0.93586457,0.922477,0.9411062,0.94433784,0.85324633,0.93780696,0.92033076,0.93132347,0.929836,0.93920434,0.92895746,0.9454439,0.9457755,0.9264907,0.9167822,0.940685,0.9446588,0.92985237,0.9364666,0.9392992,0.9506854,0.9317245,0.89682,0.9305118,0.926361,0.91389114,0.89655393,0.9387204,0.9316328,0.9486208,0.9313802,0.94717103,0.9273143,0.9579004,0.94590586,0.9277697,0.94701904,0.9313054,0.9387188,0.92869484,0.9203614,0.9288271,0.9144572,0.9448745,0.92831856,0.9403998,0.8987603,0.92788345,0.921294,0.92450225,0.9308862,0.9357635,0.9318147,0.9579004,0.91836166,0.93416464,0.94082654,0.9330594
annabellemovie,0.9385553,0.928721,0.9520329,0.95390826,0.9323583,0.952583,0.9498888,0.95874286,0.97311646,0.92513233,0.95388997,0.937389,1.0000002,0.9512178,0.94246703,0.94600004,0.94778556,0.9338111,0.933726,0.9431973,0.9467091,0.94718516,0.95936024,0.94570065,0.93065953,0.86761165,0.93312335,0.9378375,0.9404063,0.94440377,0.93702805,0.96430445,0.93417704,0.92749417,0.9418976,0.93182284,0.9547499,0.9545041,0.94937587,0.94538623,0.94476515,0.9497036,0.9470294,0.94265175,0.95275754,0.9436629,0.95586056,0.94657815,0.94190764,0.9485691,0.9459746,0.95786774,0.9524002,0.9562508,0.94743073,0.933798,0.9466813,0.9512711,0.93563825,0.9432102,0.9519151,0.94082654,0.9551148,0.95691484,0.9460132,0.94375956,0.91288143,0.9403695,0.94501954,0.9338862,0.9568759,0.78880054,0.9359746,0.9410284,0.9397667,0.9326784,0.8991999,0.9227845,0.9426831,0.92993736,0.94998294,0.949538,0.9598003,0.95421004,0.9586171,0.9351749,0.9655886,0.9807147,0.9521683,0.9550254,0.93676454,0.9568759,0.9318024,0.93784934,0.95819217,0.9420314,0.9366794,0.94453424,0.9271347,0.95786387,0.9362504,0.94199055,0.9359537,0.95495623,0.94324905,0.95211464,0.9470434,0.9527713,0.9401302,0.9350955,0.9543124,0.87592363,0.9530078,0.9359898,0.94741964,0.9509541,0.9487377,0.94132644,0.9557383,0.9456597,0.95131946,0.9558628,0.9478147,0.94144446,0.9492662,0.94548446,0.96290517,0.93803036,0.9455709,0.93002456,0.954782,0.93075126,0.9375685,0.9324693,0.9400703,0.94872475,0.94764215,0.94919914,0.9589783,0.9419685,0.97311646,0.94535667,0.94170916,0.94514984,0.9414013,0.9467595,0.94001204,0.9540699,0.96514213,0.9353649,0.94196004,0.9447331,0.9433647,0.90033036,0.949324,0.951897,0.95021105,0.9391165,0.9514388,0.9470394,0.97311646,0.9147992,0.9476348,0.9528205,0.9446622
annamovie,0.9546025,0.9416811,0.96055615,0.9524462,0.94008267,0.9582365,0.9499998,0.9618188,0.97717845,0.94690484,0.9394744,0.9361782,0.9512178,0.9999998,0.9500879,0.93940634,0.95325047,0.94474566,0.94784003,0.9531344,0.95530444,0.95357853,0.96051764,0.94801104,0.92214656,0.8448517,0.9507907,0.943825,0.94807726,0.94228685,0.94474936,0.9541435,0.9429376,0.9415907,0.93903357,0.9213056,0.9505185,0.9540907,0.9637851,0.94293183,0.9540304,0.953134,0.94906795,0.95350957,0.9508182,0.9584712,0.96294606,0.95780563,0.9449205,0.954791,0.95530826,0.95996094,0.9410687,0.9559788,0.94877374,0.9353997,0.95175874,0.9560369,0.93679446,0.9486676,0.9489342,0.950598,0.95973647,0.97285354,0.947802,0.94189733,0.9347216,0.95116085,0.9594361,0.93828213,0.96205616,0.78307027,0.94808465,0.946286,0.9409406,0.93173003,0.89172375,0.9345955,0.94340074,0.9475965,0.94543177,0.950238,0.9569932,0.95411795,0.9536683,0.93223614,0.9576255,0.9594061,0.95724493,0.96166635,0.9412614,0.96205616,0.94441384,0.9457162,0.95315236,0.9446195,0.94705516,0.94585776,0.93383235,0.973971,0.95240426,0.93955,0.9460985,0.95309716,0.97156906,0.9609337,0.95597667,0.94789803,0.93906325,0.9238349,0.96374947,0.8670738,0.95752066,0.9192919,0.9557812,0.95742214,0.9592749,0.94161105,0.95783985,0.9539087,0.939813,0.95873594,0.9516827,0.96350956,0.956629,0.9506451,0.95423675,0.9491889,0.94936,0.93477017,0.963425,0.9440643,0.9485816,0.9469928,0.95279527,0.9525975,0.9537776,0.95531684,0.95654565,0.95570254,0.97717845,0.9455236,0.9545461,0.95191526,0.9319458,0.94972706,0.94288695,0.94354904,0.9559566,0.94568574,0.95266265,0.9603956,0.96090895,0.91819924,0.9317225,0.95745164,0.9537121,0.9553314,0.9512098,0.9508016,0.97717845,0.9375331,0.9447066,0.9626252,0.9505823
apollo11movie,0.9483855,0.92453486,0.9518683,0.9382264,0.94483775,0.93998015,0.9658822,0.9570159,0.970569,0.9446636,0.9282006,0.934088,0.94246703,0.9500879,1.0000002,0.92846346,0.9605751,0.94435704,0.9426276,0.97132266,0.95282423,0.9383904,0.9535724,0.9381817,0.92354745,0.8539193,0.9443598,0.9449826,0.94155556,0.95039546,0.9567929,0.94024444,0.9457412,0.93389064,0.9168856,0.9090193,0.94562846,0.9558066,0.95374185,0.9409138,0.9348845,0.9474777,0.9463444,0.95332474,0.95069516,0.93812984,0.95896745,0.94017553,0.91773695,0.9525721,0.95151186,0.95264685,0.93599224,0.9385351,0.9344779,0.94865406,0.94167924,0.94844055,0.9548744,0.9340557,0.9417186,0.9566215,0.9475249,0.95561165,0.9349036,0.9316609,0.9290614,0.9450749,0.933245,0.9387225,0.94568175,0.7419438,0.94053555,0.95390385,0.9150639,0.9452504,0.8703574,0.950873,0.9459324,0.9242621,0.92957795,0.95504194,0.943918,0.94006336,0.9551667,0.9418053,0.9431146,0.9488874,0.9374249,0.9439499,0.9423914,0.94568175,0.9317108,0.95157826,0.953552,0.9610668,0.9379616,0.9395052,0.93890613,0.9554564,0.9283311,0.9395341,0.9455363,0.9371883,0.95346266,0.95459056,0.9460861,0.9342847,0.9228587,0.93409365,0.9564825,0.83233607,0.9437398,0.8915677,0.9518185,0.94326234,0.95404863,0.92731464,0.9587341,0.95515317,0.9342368,0.945104,0.9418418,0.9346106,0.9508985,0.95668304,0.95158666,0.93586075,0.9525579,0.92588717,0.9524679,0.94366443,0.9542057,0.93911254,0.93511033,0.95124435,0.9570667,0.9455287,0.9488102,0.9469081,0.970569,0.9347638,0.9301013,0.94124246,0.9106892,0.9532159,0.94333535,0.9172072,0.94786817,0.9434152,0.96160775,0.9451472,0.95475954,0.92931885,0.9267519,0.93970245,0.9452649,0.94344646,0.9519712,0.9351496,0.970569,0.91409415,0.9391689,0.94704866,0.94098157
arcticdogsmovie,0.95752037,0.9570766,0.95141464,0.9315225,0.94172686,0.93261534,0.9408354,0.94000196,0.9689428,0.93676144,0.93773246,0.9293607,0.94600004,0.93940634,0.92846346,1.0000001,0.94495356,0.9431741,0.94131404,0.9292894,0.93900466,0.95215595,0.94123507,0.9558194,0.9280636,0.8697162,0.94136953,0.92099404,0.9407695,0.9367035,0.92494255,0.9582183,0.918342,0.9213705,0.93899506,0.91773516,0.9536276,0.93903863,0.94757026,0.93832505,0.9419278,0.94541955,0.92949766,0.9399934,0.95507467,0.93872786,0.9425679,0.9216808,0.9210169,0.94341564,0.94121116,0.95164996,0.92835397,0.9311155,0.916765,0.9184971,0.9297738,0.9504645,0.93014127,0.9471066,0.93935055,0.9357771,0.94774073,0.9404479,0.93987453,0.92421937,0.91713166,0.92467296,0.9398274,0.9382841,0.9573776,0.7796735,0.9382168,0.93387276,0.93733513,0.9200504,0.922344,0.934449,0.94741744,0.9260845,0.9442649,0.9215827,0.9586772,0.9346216,0.9454113,0.93201303,0.9347331,0.9420005,0.93961763,0.9547528,0.92988974,0.9573776,0.927553,0.9254163,0.94199026,0.92520183,0.92901456,0.9362445,0.9331916,0.93816805,0.9351875,0.937634,0.9245926,0.94501036,0.94378674,0.9421293,0.96129304,0.9498713,0.95243317,0.9230288,0.9577522,0.859449,0.950041,0.89997476,0.93714744,0.9432166,0.95591545,0.92509466,0.94965905,0.9401931,0.9334238,0.9414217,0.9336935,0.9319539,0.94019127,0.9451562,0.93641967,0.94144595,0.94722474,0.9126134,0.9477003,0.9352283,0.92820096,0.916773,0.9448585,0.9399379,0.9480016,0.9437703,0.9565596,0.93567306,0.9689428,0.9523115,0.9367378,0.9415401,0.93051034,0.9385214,0.9259213,0.9440239,0.94189954,0.94027317,0.9431073,0.9402702,0.94118696,0.9048338,0.94720703,0.9375927,0.9342049,0.9381943,0.94068956,0.94254893,0.9689428,0.93790954,0.9424197,0.9406794,0.9267584
arcticmovie,0.9609903,0.9337781,0.9587471,0.94260985,0.9383391,0.9483072,0.9632428,0.9586119,0.97667354,0.9452324,0.9225,0.93306303,0.94778556,0.95325047,0.9605751,0.94495356,1.0000001,0.94059485,0.9486879,0.9571279,0.95101017,0.9555131,0.9471855,0.9518224,0.9276273,0.8505796,0.94556606,0.9636332,0.9509826,0.947178,0.95280445,0.9495865,0.9408113,0.941036,0.9395975,0.93765914,0.95665485,0.94532293,0.9602876,0.9483751,0.9490211,0.9404357,0.93687516,0.9476842,0.95783246,0.95151514,0.94781595,0.94660413,0.93340087,0.94903934,0.9545833,0.95732844,0.94607276,0.95366305,0.939171,0.9373331,0.9479842,0.94311464,0.9510841,0.94190985,0.94879127,0.9504704,0.9509369,0.9564136,0.94152963,0.92203516,0.92208856,0.95110893,0.9366828,0.94250363,0.9537062,0.7632405,0.9446431,0.95093006,0.9338776,0.93528765,0.9036085,0.9435034,0.95142686,0.9255659,0.92774785,0.9536919,0.9581116,0.95116794,0.9633782,0.93112934,0.9421169,0.95136654,0.949154,0.9479939,0.9429616,0.9537062,0.92477137,0.94196063,0.9598821,0.9471131,0.9270311,0.9480322,0.9401485,0.9498741,0.95108604,0.9438282,0.947499,0.9517141,0.9501021,0.9570042,0.96194386,0.94192857,0.9321795,0.929748,0.9679272,0.8579575,0.9573327,0.9167205,0.9494414,0.9465598,0.95988643,0.92323965,0.9595673,0.9510966,0.9352572,0.9459869,0.9426169,0.9456002,0.9561711,0.95184344,0.9565228,0.94206595,0.943461,0.9351065,0.95098424,0.9398297,0.96829766,0.96063596,0.9450618,0.9542844,0.9542967,0.9368008,0.9617651,0.9464035,0.97667354,0.94911504,0.9526106,0.9468587,0.9325173,0.9437672,0.93886256,0.93685865,0.9536363,0.9479991,0.9596268,0.9494734,0.9620027,0.9304804,0.9434829,0.93775064,0.9415712,0.9410453,0.95191634,0.95213604,0.97667354,0.9313934,0.943733,0.9503195,0.941028
artofracingmovie,0.9508191,0.9322385,0.95508647,0.9197782,0.9636869,0.94801563,0.93582,0.9478915,0.9715593,0.95739484,0.9364308,0.9234066,0.9338111,0.94474566,0.94435704,0.9431741,0.94059485,1.0000004,0.9421101,0.93962955,0.94141865,0.938354,0.951972,0.94227165,0.92783767,0.8565766,0.9510626,0.9316302,0.94169676,0.9458302,0.9383683,0.9479811,0.92972773,0.92204005,0.9254977,0.91289794,0.9492752,0.94793785,0.95001215,0.951135,0.9411354,0.9440474,0.944544,0.95314205,0.9483179,0.94989437,0.9524102,0.9366208,0.9338583,0.949788,0.9439854,0.9519481,0.9314783,0.92521816,0.9319578,0.95589125,0.94365436,0.9540648,0.93434495,0.94024163,0.94711566,0.94615084,0.9528447,0.93844944,0.9432863,0.93430257,0.9330928,0.93068653,0.94665974,0.941996,0.94922334,0.75827694,0.9524974,0.95078856,0.9308182,0.93007135,0.8793371,0.95011073,0.95195633,0.9399472,0.93776053,0.9339551,0.9527141,0.94245636,0.93501616,0.93292,0.9491151,0.93404955,0.9428579,0.96124834,0.93819594,0.94922334,0.93890417,0.92848295,0.93821514,0.93499637,0.94584817,0.9394667,0.93767226,0.94035363,0.93973994,0.9385604,0.946224,0.936796,0.93811417,0.94566,0.9544461,0.93137854,0.93567294,0.9325614,0.9558273,0.8406173,0.94335896,0.8971659,0.9466306,0.95111996,0.95990413,0.93548304,0.94846064,0.9439048,0.92999864,0.9349216,0.9423604,0.9364834,0.9595573,0.94224596,0.9377585,0.94699997,0.96170425,0.92364514,0.95466715,0.9553423,0.9326098,0.93078,0.94414544,0.9561051,0.9415274,0.95098805,0.94374007,0.96198434,0.9715593,0.9378876,0.9389156,0.9437659,0.91735286,0.943201,0.9407667,0.93743896,0.93975925,0.9354831,0.93275094,0.96029556,0.95347786,0.9103456,0.93263334,0.93968636,0.9373809,0.9451075,0.9308854,0.94485265,0.9715593,0.937406,0.94788843,0.9489199,0.9365588
avengers,0.97690356,0.9304911,0.9376525,0.9268754,0.93941903,0.94305015,0.9362158,0.95827943,0.965644,0.9312885,0.9317466,0.91777307,0.933726,0.94784003,0.9426276,0.94131404,0.9486879,0.9421101,1.0000001,0.9341887,0.93883926,0.9426489,0.95179343,0.94232893,0.9122438,0.85213757,0.93884057,0.9130004,0.92443806,0.946778,0.9520819,0.93598557,0.92805064,0.90766007,0.93968797,0.9270729,0.94917816,0.9391164,0.9518839,0.92571205,0.9356333,0.939393,0.9319663,0.9486973,0.9310676,0.9450447,0.9500441,0.9282158,0.9210129,0.9411188,0.9368894,0.94556475,0.9242615,0.9330598,0.94243914,0.9223463,0.9320304,0.9452993,0.921348,0.93463403,0.9359793,0.9340194,0.9322035,0.936678,0.9366215,0.91339105,0.9337748,0.91977507,0.93872356,0.9319639,0.93735176,0.77640563,0.9331118,0.93090373,0.9295707,0.91872823,0.8791498,0.9383845,0.9476041,0.9362436,0.93826693,0.9150256,0.93804127,0.9471104,0.9380662,0.9146224,0.93390286,0.9425072,0.92400265,0.95614684,0.9268278,0.93735176,0.92500925,0.92841655,0.9374962,0.94425786,0.92835236,0.91700876,0.92520136,0.9485432,0.94223344,0.9352956,0.9462581,0.92423797,0.93826383,0.9395537,0.95665455,0.9214202,0.9239217,0.92010957,0.958062,0.8189521,0.9329924,0.9067271,0.9287445,0.95020676,0.9584078,0.92990637,0.9441589,0.936803,0.9129517,0.9396342,0.94649017,0.93659836,0.93456703,0.9284534,0.94963616,0.942307,0.95103306,0.94153094,0.946106,0.94714385,0.92912316,0.9390663,0.94054717,0.95250154,0.9511603,0.92853594,0.94246334,0.9354923,0.965644,0.92863184,0.94095975,0.94061774,0.8980143,0.93689305,0.92749536,0.93572074,0.9413071,0.94559944,0.9438664,0.94006515,0.9485383,0.92955893,0.9296714,0.9319922,0.93742096,0.93093437,0.9315567,0.93547964,0.965644,0.9348277,0.93826544,0.947239,0.9307809
beachbummovie,0.94493353,0.92482173,0.95580655,0.9371665,0.94195664,0.95519555,0.96089476,0.95901185,0.96996397,0.93160516,0.9274967,0.9495087,0.9431973,0.9531344,0.97132266,0.9292894,0.9571279,0.93962955,0.9341887,1.0,0.93687516,0.94655365,0.9466665,0.94394803,0.9271649,0.84842926,0.9455932,0.95064294,0.9396509,0.9399783,0.94385415,0.9443888,0.94449663,0.931812,0.92063814,0.9074597,0.93887115,0.9507362,0.95336354,0.9449572,0.93584067,0.9373127,0.93162537,0.94742215,0.9451991,0.9531788,0.9524942,0.9576336,0.92687327,0.94265264,0.9484347,0.9609369,0.9453833,0.9393179,0.9305523,0.9497632,0.9397436,0.94896746,0.949222,0.93318325,0.94040585,0.9525523,0.9480807,0.9578885,0.9447254,0.9447823,0.9244537,0.9543644,0.9328975,0.94988966,0.94690037,0.7313375,0.93801326,0.9488522,0.9220299,0.9449168,0.88676596,0.9486041,0.94294906,0.92914605,0.9351671,0.9513748,0.9447316,0.94040525,0.94939476,0.93138504,0.94609153,0.9523759,0.94995147,0.9412141,0.94252783,0.94690037,0.9209422,0.94517,0.94501996,0.94814324,0.93206775,0.96240765,0.92656535,0.95690155,0.9338878,0.95054775,0.94687045,0.93700117,0.94172883,0.9545107,0.94718754,0.94223654,0.9192221,0.93428385,0.9608325,0.8552359,0.9453944,0.9168404,0.9501929,0.9418818,0.95357794,0.93649703,0.9575673,0.94951063,0.93737715,0.9412917,0.941393,0.9451931,0.9464658,0.95272994,0.9442756,0.94167215,0.9423468,0.91594034,0.94061106,0.93590486,0.9467719,0.9429317,0.9429866,0.9434894,0.9526749,0.9498843,0.95166546,0.9568371,0.96996397,0.94124377,0.94094855,0.9445731,0.92175114,0.94494593,0.9407185,0.92459315,0.94623226,0.92988575,0.9539938,0.946949,0.95462435,0.9221859,0.93675476,0.9395745,0.93938535,0.94288945,0.9475123,0.94406605,0.96996397,0.9149287,0.9441601,0.9429205,0.9377935
bernadettefilm,0.95407987,0.92414445,0.95987934,0.93512106,0.93551767,0.9519473,0.95007515,0.94842464,0.97173154,0.9477235,0.94984853,0.92511636,0.9467091,0.95530444,0.95282423,0.93900466,0.95101017,0.94141865,0.93883926,0.93687516,1.0000001,0.95021653,0.95157146,0.9355526,0.9140741,0.8463271,0.94444245,0.9367657,0.94609725,0.95430213,0.9404165,0.94664156,0.927975,0.9366297,0.92778414,0.92813295,0.9453614,0.950907,0.96235585,0.9475463,0.9454184,0.94296193,0.94950384,0.94887525,0.95361394,0.9504073,0.95137936,0.93799484,0.9198403,0.9485298,0.95183915,0.9426213,0.9361385,0.9399248,0.9509675,0.928647,0.95517236,0.9467726,0.93374765,0.9370976,0.9524837,0.94110173,0.94988704,0.9559426,0.9365632,0.9245516,0.9158647,0.92920125,0.9511544,0.930002,0.95002,0.7655903,0.937662,0.9474345,0.9274803,0.9357169,0.8774841,0.93469834,0.9385738,0.94141906,0.9522674,0.93864065,0.9622074,0.95320654,0.9479316,0.9419369,0.9575951,0.9390311,0.94293725,0.9522384,0.94194925,0.95002,0.9359953,0.94197565,0.95771724,0.9354009,0.9404574,0.9263283,0.9414038,0.95458764,0.9457206,0.93599135,0.93785715,0.9452055,0.9510288,0.95363444,0.96056914,0.94332963,0.94065744,0.9145564,0.96147496,0.87553203,0.96296173,0.89036494,0.96031606,0.95390105,0.9587047,0.92979527,0.95347303,0.94396996,0.9395881,0.95263237,0.9506923,0.9370742,0.94722044,0.9445067,0.94258493,0.94310945,0.9460401,0.9199283,0.96584016,0.94035345,0.94898534,0.9362189,0.95124984,0.95966065,0.9484486,0.9313775,0.95041853,0.95226365,0.97173154,0.9447199,0.94556737,0.94283026,0.9265592,0.93562406,0.9405236,0.9347551,0.9518755,0.9422212,0.9503873,0.9458191,0.956659,0.92462933,0.9399226,0.94743824,0.94045544,0.9401011,0.94890976,0.9489483,0.97173154,0.9285551,0.93158954,0.94505954,0.9511527
