movie,21bridgesmovie,47metersdown,abeautifuldaymovie,abominablemovie,adastramovie,adogsjourneymovie,aftermathmovie,aftermovie,ahiddenlifefilm,alitamovie,angelhasfallen,angrybirdsmovie,annabellemovie,annamovie,apollo11movie,arcticdogsmovie,arcticmovie,artofracingmovie,avengers,beachbummovie,bernadettefilm,blackandbluemovie,blackchristmas,blindedbythelightmovie,bombshellmovie,booksmart,breakthroughmovie,brianbanksmovie,brightburnmovie,brittanyrunsmov,captainmarvelofficial,captivestatemovie,catsmovie,charliesangels,childsplaymovie,clarathefilm,coldpursuitmovie,countdown,currentwarmovie,darkwatersmovie,detectivepikachumovie,disneyaladdin,disneyfrozen,disneymaleficent,doctorsleepmovie,dolemiteismyname,dontletgomovie,doramovie,downtonabbey_official,dumbo,escaperoom,everybodyknowsmovie,fastandfuriousmovie,fightingwmyfam,fivefeetapartfilm,fordvferrari,freaksthefilm,geminimanmovie,glassmovie,gloriabellmovie,godzillamovie,goldfinchmovie,goodboysmovie,goodliarmovie,gretafilm,halathemovie,happydeathdaymovie,harrietfilm,hellboymovie,hersmellmovie,highlifemovie,highstrungmovie,honeyboymovie,hotelmumbaifilm,httydragon,hustlemovie,hustlersmovie,isntitromantic,itmovieofficial,jayandsilentbob,johnwickmovie,jojorabbitmovie,jokermovie,judythefilm,jumanjimovie,justmercyfilm,knivesout,lalloronamovie,lastblackmansf,lastchristmasthemovie,latenightmovie,lighthousemovie,lionking,littlethemovie,littlewomenmovie,littlewoodsfilm,longshotmovie,lordsofchaosmovie,lucyintheskyfilm,mamovie2019,marriagestory,meettheaddams,meninblack,midsommarmovie,midwaymovie,missbalamovie,missinglinkfilm,motherlessbklyn,onceinhollywood,onthebasisofsex,overcomermovie,peanutbutterfalcon,petsematarymovie,piercingmovie,playingwithfire,playmobilthemovie,pomsmovie,queenandslim,rambomovie,readyornotfilm,richardjewellfilm,rocketmanmovie,scarystoriesmovie,secretlifeofpets,serenityfilm,shaftmovie,shazammovie,spidermanmovie,spiesindisguise,starwars,stormboymovie,stubermovie,taosdfilm,teenspiritmov,terminator,theaeronautsmov,thebestofenemies,thedeaddontdie,thefarewell,thehighwaymen,thehummingbirdprojectfilm,theintrudermovie,theirishmanfilm,thekitchenmovie,thelegomovie,themustangfilm,thenightingalefilm,theprodigymovie,thesunisalsoastar,theupsidefilm,tolkienmovie,toystory,triplefrontier,uglydolls,uncutgems,underthesilverlake,usmovie,wavesmovie,whatmenwant,wonderparkmovie,wrinklestheclown,xmenmovies,yardiefilm,yesterdaymovie,zombieland
21bridgesmovie,1.0,0.95330405,0.95994556,0.949913,0.93909895,0.9464604,0.9648108,0.9649318,0.97953236,0.94266874,0.9648838,0.9508988,0.9526711,0.9540609,0.9555075,0.9622061,0.95581174,0.9423422,0.980397,0.9447261,0.9594189,0.9643541,0.96304923,0.96022654,0.9477847,0.76763654,0.9453465,0.9593587,0.96493757,0.94363374,0.9551974,0.9600528,0.95337087,0.95085764,0.9235661,0.92331827,0.9550494,0.9660015,0.9564492,0.951731,0.9402496,0.964117,0.9480711,0.9649534,0.96006244,0.9598089,0.96482813,0.9522282,0.95642596,0.96453834,0.96685207,0.963684,0.9628684,0.94996476,0.9388293,0.9481292,0.9530274,0.96319276,0.9576582,0.96275055,0.93570185,0.96241885,0.9451923,0.94187886,0.94862026,0.9499458,0.9540583,0.95012516,0.9463533,0.9347708,0.96139663,0.59265655,0.95711917,0.95795745,0.94849664,0.9398954,0.90312725,0.9566355,0.9530726,0.95177877,0.95562285,0.9569433,0.94768804,0.95696926,0.948479,0.941681,0.9493319,0.9637071,0.95398057,0.9584904,0.9550454,0.96139663,0.9484725,0.9650167,0.95012593,0.9544717,0.9504045,0.9558108,0.9540618,0.9450187,0.95098704,0.9552427,0.94947046,0.95419216,0.9409265,0.96227753,0.9648285,0.9532506,0.9558558,0.949847,0.95575386,0.7650483,0.9596165,0.89795524,0.9552145,0.96586317,0.9891132,0.9490639,0.9625438,0.96101254,0.949281,0.94572604,0.9445609,0.9496281,0.94433373,0.9461082,0.95787084,0.94741243,0.95790046,0.93874615,0.95856625,0.9409449,0.97408617,0.92654306,0.9612099,0.9581139,0.9634952,0.9647568,0.9565071,0.95349973,0.97953236,0.9661469,0.9460188,0.9540704,0.92951596,0.95395076,0.9391043,0.94529146,0.9484849,0.96650493,0.94433284,0.96372277,0.9523007,0.9455216,0.94706243,0.9635844,0.9613402,0.9624212,0.96052516,0.94726026,0.97953236,0.93207836,0.96567446,0.9662489,0.95938146
47metersdown,0.95330405,0.99999976,0.9376731,0.9382084,0.9495125,0.9470109,0.96235675,0.9523907,0.9728857,0.9510348,0.9485744,0.94406176,0.94249994,0.94292116,0.95773757,0.96799374,0.9477498,0.9501786,0.94720876,0.9461867,0.9490847,0.94984555,0.9525512,0.9510318,0.9484424,0.75161135,0.94418025,0.9379113,0.9499253,0.9329564,0.9472107,0.9425199,0.946878,0.9371175,0.9191625,0.9071826,0.9505729,0.9468687,0.95480996,0.94023633,0.9414745,0.9485719,0.94323206,0.95192474,0.95337874,0.9512057,0.9594657,0.9481478,0.9480916,0.9462004,0.9523577,0.94905734,0.9424669,0.9585434,0.9293016,0.9548287,0.9447699,0.9485598,0.9527385,0.95535856,0.9526866,0.9560363,0.9581698,0.94113714,0.94972885,0.9413728,0.9466953,0.9481545,0.94927794,0.9372084,0.9687388,0.62396836,0.9571105,0.9447035,0.922728,0.9426199,0.8744689,0.94271195,0.9433491,0.9430504,0.9378823,0.9476678,0.95238566,0.9393589,0.948448,0.94238746,0.9504941,0.94749445,0.95728487,0.9569072,0.9488272,0.9687388,0.9380584,0.9473263,0.9449952,0.9474314,0.9635012,0.95103973,0.9535927,0.9345589,0.948215,0.96050406,0.9278168,0.95940167,0.9446737,0.95321774,0.95348966,0.9509455,0.94775575,0.9249352,0.95366365,0.7687903,0.95727134,0.8865339,0.94935036,0.95238173,0.9608098,0.9328206,0.96012765,0.9589287,0.9619598,0.9560161,0.94168544,0.9487575,0.95247906,0.94505775,0.94610995,0.9367351,0.9611961,0.9267383,0.95245683,0.9448493,0.9456008,0.9171722,0.9533508,0.9411147,0.9333871,0.9568845,0.96868384,0.95310897,0.9728857,0.9451441,0.9427288,0.95337665,0.9338757,0.94013333,0.9354741,0.94347656,0.9510878,0.95361686,0.95571274,0.94007874,0.9591166,0.9287184,0.9492445,0.96006423,0.9518292,0.9597168,0.94862753,0.95059663,0.9728857,0.9389668,0.9592428,0.96106553,0.94908714
abeautifuldaymovie,0.95994556,0.9376731,1.0000002,0.9491375,0.94811517,0.93680096,0.96030873,0.9618832,0.9755775,0.94420314,0.96170336,0.95629644,0.95973206,0.9453115,0.95752126,0.95589936,0.9539655,0.9510548,0.96473646,0.9426406,0.9467594,0.9639618,0.95187265,0.95302576,0.9443655,0.7518331,0.9442964,0.9561898,0.9742185,0.94160295,0.9543491,0.94875324,0.9418296,0.9630336,0.91108,0.89794797,0.95374286,0.95585144,0.9476304,0.9461875,0.95008314,0.95819473,0.9493389,0.96370924,0.9473803,0.9653756,0.9546067,0.9493756,0.9441216,0.96225506,0.9774588,0.9555708,0.9585806,0.9531852,0.9448473,0.9516342,0.95059985,0.9540272,0.95670694,0.9575606,0.94763744,0.9607273,0.94448096,0.93663377,0.9480888,0.9481846,0.93775445,0.95316374,0.94050467,0.92617434,0.9580725,0.5811323,0.94511616,0.951375,0.93899107,0.93876076,0.89575416,0.95465815,0.9493324,0.9466245,0.9425374,0.9579313,0.95134795,0.94197196,0.967643,0.9525018,0.95234233,0.9674676,0.95662326,0.9478406,0.9463884,0.9580725,0.9543295,0.9635658,0.9597808,0.9386563,0.94805205,0.95161563,0.9555606,0.934317,0.96070117,0.9531714,0.95442545,0.9571338,0.92329067,0.9710715,0.9613895,0.95290786,0.9583954,0.9375521,0.9571542,0.75561494,0.9487814,0.8981095,0.9464845,0.9553651,0.9572476,0.94422203,0.9550068,0.95190513,0.9415891,0.9564663,0.9460493,0.9407329,0.9517839,0.95690536,0.96099705,0.953357,0.9554883,0.91969395,0.9419682,0.954913,0.96629804,0.93125105,0.9629546,0.9522861,0.94940037,0.95956624,0.95811415,0.9505164,0.9755775,0.9717634,0.9538974,0.9422182,0.93132126,0.95081025,0.93213266,0.94078743,0.94515604,0.95016533,0.95058024,0.9704417,0.94954824,0.924931,0.9441921,0.9588347,0.9553509,0.9484132,0.95704293,0.9441751,0.9755775,0.947456,0.967647,0.949524,0.956448
abominablemovie,0.949913,0.9382084,0.9491375,1.0000004,0.9435349,0.93800056,0.94502836,0.9515761,0.9698965,0.9430324,0.9458818,0.9404,0.94323623,0.94921666,0.943368,0.95503575,0.94399786,0.94491714,0.9503788,0.9116263,0.95493966,0.93815035,0.952156,0.94998145,0.9470139,0.7791779,0.94487774,0.937089,0.9434082,0.9360352,0.95142275,0.95055556,0.95232296,0.9358073,0.9064192,0.9073916,0.94954914,0.944712,0.95595765,0.9443505,0.9339916,0.94901615,0.9382718,0.94371283,0.9438295,0.94310147,0.95669293,0.94399256,0.96027875,0.9448753,0.9514468,0.95054585,0.9491909,0.95297414,0.94047165,0.94025123,0.9595864,0.9585471,0.9565219,0.9523765,0.9407747,0.9593478,0.93791723,0.9503923,0.943094,0.9407015,0.9198179,0.94718325,0.92516416,0.9264807,0.9501415,0.58109975,0.94718033,0.95075953,0.95733684,0.9395837,0.89607984,0.96075416,0.95701545,0.9185415,0.935652,0.9475095,0.9477356,0.9441245,0.95597315,0.9387727,0.9502368,0.9469274,0.9472183,0.96210515,0.9410638,0.9501415,0.9350109,0.9532391,0.93747586,0.9532847,0.94022876,0.9420372,0.9452721,0.93379843,0.94546974,0.94767874,0.92322165,0.94287175,0.9336302,0.9501376,0.95508134,0.9597638,0.9376394,0.94547737,0.9458248,0.7357109,0.95587164,0.88397896,0.9553629,0.95078135,0.9572237,0.94587976,0.9508484,0.9414685,0.9398002,0.9542146,0.94216627,0.94408065,0.95247126,0.9513199,0.9441834,0.93344074,0.9527985,0.92314976,0.9492509,0.94614094,0.9525507,0.9108504,0.96287847,0.9564947,0.94481575,0.9489312,0.9552414,0.93754315,0.9698965,0.9459067,0.94641834,0.9533953,0.927292,0.93795514,0.92797726,0.9304812,0.95093584,0.9467742,0.93934524,0.94440424,0.9427821,0.9208002,0.94718546,0.94760334,0.9424099,0.9411094,0.9583291,0.95108634,0.9698965,0.9355614,0.94503826,0.9552966,0.94041103
adastramovie,0.93909895,0.9495125,0.94811517,0.9435349,1.0000004,0.92520905,0.95493734,0.94335884,0.96735317,0.97110623,0.93856335,0.9456589,0.9587971,0.94892323,0.9453074,0.9546383,0.9355816,0.9705772,0.9463713,0.92346245,0.9381934,0.9325343,0.92959183,0.95644915,0.9453038,0.7764364,0.95649004,0.9350254,0.9448801,0.9357331,0.95278263,0.95000994,0.9375868,0.93739647,0.8969598,0.90044826,0.9390849,0.94922996,0.93916035,0.9442572,0.9562454,0.94114846,0.928778,0.9430439,0.9427686,0.94222164,0.93387526,0.9475766,0.9525252,0.93558156,0.9458082,0.94696283,0.9366491,0.9543055,0.9554852,0.96982414,0.95120585,0.94856167,0.9481873,0.9483564,0.9517862,0.9435806,0.94052815,0.9525996,0.9464578,0.93175423,0.9309208,0.944538,0.9306605,0.9249507,0.95859677,0.61361575,0.94081634,0.9388548,0.9150136,0.9426701,0.86737525,0.94784576,0.94876844,0.9342937,0.9411907,0.95659643,0.9579174,0.9299396,0.95083714,0.92775536,0.9351337,0.9466343,0.93897516,0.93545896,0.92165095,0.95859677,0.94201446,0.9443734,0.9408368,0.94754535,0.94230294,0.94661653,0.94312245,0.9183201,0.9446211,0.94375706,0.92534065,0.9563231,0.93743235,0.9488601,0.95487416,0.9621141,0.94685423,0.9280894,0.95781547,0.7692497,0.94534886,0.8953677,0.9394083,0.93667704,0.9478699,0.9270425,0.9537705,0.9416878,0.9547021,0.9530514,0.95498264,0.93909156,0.9488344,0.95415896,0.94488615,0.93633854,0.95897627,0.9164855,0.93777925,0.9556644,0.93998843,0.92739016,0.9524307,0.94072604,0.93552035,0.95010644,0.9602323,0.95420754,0.96735317,0.9385049,0.9541882,0.96956134,0.9450563,0.9467101,0.9227299,0.9213649,0.95685786,0.94226766,0.9523296,0.9343679,0.9585738,0.9078841,0.9403349,0.9512969,0.93948346,0.9562892,0.93742836,0.95289296,0.96735317,0.9518198,0.9539028,0.9370177,0.93684167
adogsjourneymovie,0.9464604,0.9470109,0.93680096,0.93800056,0.92520905,0.9999998,0.9401092,0.9449115,0.9636313,0.93070567,0.9370324,0.94260865,0.933393,0.94144356,0.9537181,0.9429449,0.9394271,0.9355413,0.9492781,0.92881984,0.94551426,0.9412158,0.9578686,0.9512292,0.93694186,0.7659769,0.92098695,0.94201857,0.9375012,0.9290725,0.9431629,0.9357496,0.93526614,0.94423383,0.9109242,0.9171988,0.94996756,0.9299431,0.9583226,0.9333134,0.9231366,0.9435353,0.93445593,0.94018996,0.94159526,0.9480451,0.96253955,0.9367138,0.9541165,0.93776596,0.949025,0.95303667,0.9428877,0.9441847,0.92082506,0.94395196,0.937647,0.9493318,0.9394991,0.9450941,0.9331398,0.9427394,0.9446434,0.92594457,0.94814724,0.9289742,0.9199177,0.9417279,0.93733776,0.93925864,0.95197344,0.5851952,0.94549954,0.93657005,0.94156945,0.91576225,0.8786797,0.9424823,0.93738776,0.94201577,0.94046897,0.9368405,0.9245527,0.93516356,0.94151497,0.93439704,0.9536029,0.95214695,0.93257004,0.9512924,0.94029325,0.95197344,0.9311963,0.95323986,0.9429454,0.94870454,0.95145476,0.94172823,0.93716705,0.95128495,0.9519516,0.9566618,0.9450526,0.9517749,0.92601293,0.9456907,0.95413345,0.9380877,0.932197,0.9155068,0.9210668,0.7622377,0.9469078,0.8946539,0.9395368,0.94496125,0.94688493,0.9429775,0.95736593,0.9352908,0.9283686,0.9486722,0.9189925,0.9771448,0.92568296,0.9400884,0.95625067,0.93623394,0.9490883,0.93717486,0.94043267,0.9371436,0.9355408,0.91410214,0.94656235,0.9356551,0.9329108,0.9601669,0.9548451,0.94823337,0.9636313,0.9453571,0.9418317,0.93921304,0.9316318,0.93981314,0.92699033,0.92598176,0.92167586,0.9426216,0.945523,0.9379692,0.9486204,0.908133,0.94163483,0.9466913,0.9680413,0.9402477,0.9560537,0.94042784,0.9636313,0.9282322,0.93546313,0.96267587,0.9441167
aftermathmovie,0.9648108,0.96235675,0.96030873,0.94502836,0.95493734,0.9401092,0.9999997,0.95828724,0.9825327,0.95337576,0.9609116,0.9571044,0.9606249,0.9547971,0.9690154,0.9626999,0.95423883,0.95393,0.9608023,0.9556887,0.9478112,0.9639511,0.95385873,0.96172786,0.95509714,0.78203833,0.95019686,0.97428316,0.97044235,0.9536076,0.9617823,0.96085507,0.95252925,0.94906753,0.9233964,0.91742295,0.957657,0.956293,0.9521302,0.95202816,0.9543875,0.966909,0.9482174,0.96642745,0.9519265,0.9698037,0.9599416,0.9608022,0.9545389,0.96800375,0.96741354,0.9616914,0.9563019,0.96888715,0.94444716,0.9591148,0.9616986,0.9584963,0.9682208,0.96340835,0.95157444,0.96274626,0.9501244,0.95092565,0.9531232,0.9565923,0.95537287,0.9562341,0.95430356,0.9424231,0.9712739,0.61329126,0.9622952,0.9687278,0.93519014,0.9443465,0.90797263,0.945105,0.9617917,0.9628042,0.94429296,0.97441053,0.9637677,0.9499108,0.9565888,0.9592764,0.95077866,0.9680051,0.96454126,0.9576689,0.96236086,0.9712739,0.95862705,0.9634591,0.9546318,0.9531013,0.9545065,0.95401216,0.98071533,0.93015414,0.96658385,0.95923316,0.9462307,0.9665698,0.94502974,0.9629115,0.96846974,0.95852053,0.9561524,0.9527667,0.9655516,0.7949467,0.9575325,0.9153048,0.95625937,0.95692265,0.9681388,0.9417612,0.9626449,0.9900045,0.95899993,0.95936245,0.95815736,0.94234306,0.9569263,0.95885324,0.9575218,0.94541544,0.96264005,0.92953897,0.9459151,0.9508282,0.9701801,0.9295759,0.9617,0.9578609,0.9422616,0.9608587,0.970702,0.95881575,0.9825327,0.9592746,0.96326816,0.9516096,0.94228137,0.95248705,0.9430033,0.9528444,0.95845854,0.95817256,0.98013914,0.95631903,0.97322893,0.92703635,0.95314544,0.9575263,0.9498102,0.9641534,0.9567157,0.95988107,0.9825327,0.9499681,0.9650808,0.9556959,0.9600207
aftermovie,0.9649318,0.9523907,0.9618832,0.9515761,0.94335884,0.9449115,0.95828724,1.0,0.9750185,0.954819,0.9576265,0.9489197,0.95509475,0.94999164,0.9572704,0.955765,0.9654615,0.95607287,0.9701341,0.93816847,0.9546752,0.9580805,0.9576931,0.95871484,0.94481325,0.7626364,0.9547305,0.956989,0.969559,0.9402639,0.9642406,0.95897406,0.941262,0.95740515,0.9123205,0.9180306,0.9584189,0.94789153,0.9556085,0.95546204,0.9462399,0.9589147,0.9423969,0.9584212,0.9676068,0.9649516,0.96098167,0.9517723,0.9492918,0.9559564,0.9708648,0.961185,0.9477308,0.9594757,0.9475675,0.9499064,0.94623125,0.96285105,0.94922715,0.9519256,0.94869024,0.95101684,0.9545144,0.9410766,0.9582133,0.94948554,0.9506928,0.9505003,0.93870866,0.9368721,0.95584893,0.6024421,0.94785315,0.9551702,0.944293,0.94714826,0.89367884,0.9489425,0.9519466,0.9459744,0.9424367,0.9558764,0.9527082,0.9361336,0.95770997,0.95765823,0.9409238,0.96030885,0.9488014,0.9613259,0.9417424,0.95584893,0.9462545,0.9583209,0.9517693,0.9519094,0.94757646,0.9485796,0.95383614,0.9420394,0.9557381,0.9636736,0.9519739,0.95418626,0.9455847,0.96818715,0.95465285,0.9518423,0.94084585,0.9331008,0.95013815,0.7580285,0.959121,0.8976894,0.95996886,0.9513614,0.9704379,0.94328576,0.95946836,0.95433694,0.9429343,0.9571983,0.94930714,0.9446164,0.95673615,0.950264,0.96486783,0.95832634,0.9584367,0.9302671,0.9549572,0.9536027,0.96025425,0.9167516,0.9644625,0.94838375,0.95521635,0.96048445,0.9573508,0.9552614,0.9750185,0.97154737,0.9537006,0.9567018,0.93610275,0.95980775,0.9476645,0.945671,0.9537579,0.95136994,0.9451878,0.9447142,0.9577077,0.92653257,0.94103694,0.9561301,0.957332,0.95268863,0.96774185,0.9450355,0.9750185,0.9400129,0.959461,0.95532316,0.9577445
ahiddenlifefilm,0.97953236,0.9728857,0.9755775,0.9698965,0.96735317,0.9636313,0.9825327,0.9750185,0.9999998,0.9677663,0.9778331,0.9744607,0.9750211,0.97485274,0.9793093,0.97819424,0.9679291,0.9702992,0.97957826,0.96158177,0.9723943,0.97455364,0.9760571,0.98017484,0.97433543,0.7947445,0.9644366,0.97164226,0.9783451,0.96502346,0.9797012,0.9729096,0.9653343,0.97064483,0.93280685,0.93295425,0.9784442,0.9743166,0.973711,0.96832037,0.96826977,0.9733989,0.961639,0.97602373,0.9755362,0.9813077,0.97749424,0.9767083,0.9735013,0.97263956,0.98306465,0.9785235,0.9726049,0.97915065,0.96229315,0.96949923,0.97523254,0.9789879,0.9802576,0.981354,0.9708283,0.98222816,0.9704072,0.9677251,0.9711469,0.96528435,0.96497786,0.9744843,0.96502405,0.9562671,0.9867796,0.61464316,0.97685945,0.975075,0.95831996,0.9579656,0.91795945,0.97358835,0.97514296,0.9692642,0.96943337,0.9759657,0.9790397,0.96925753,0.9771842,0.9678295,0.97032994,0.9815746,0.97817534,0.9786538,0.9733077,0.9867796,0.96612656,0.97780174,0.9744502,0.9711673,0.9727953,0.9736979,0.9793092,0.9602488,0.9798564,0.98054194,0.9598285,0.9828141,0.9637287,0.9803196,0.9826638,0.97780913,0.96950626,0.9623788,0.97613055,0.7850118,0.9804696,0.9198606,0.97423995,0.9749093,0.98472536,0.961901,0.9832529,0.9749041,0.9738889,0.977017,0.9674581,0.9646854,0.9755221,0.97376215,0.9750067,0.96464735,0.97838205,0.9511715,0.9687484,0.9680052,0.9793292,0.942199,0.9811033,0.9748711,0.9652553,0.9770994,0.98603654,0.9780339,0.9999998,0.97706467,0.9764235,0.9755227,0.9569421,0.97416025,0.9639944,0.9600764,0.9746178,0.97800183,0.9729044,0.96966213,0.9777142,0.94919485,0.97171456,0.980662,0.9706055,0.9759765,0.9755604,0.9740924,0.9999998,0.964186,0.97902745,0.97838396,0.97606665
alitamovie,0.94266874,0.9510348,0.94420314,0.9430324,0.97110623,0.93070567,0.95337576,0.954819,0.9677663,1.0000004,0.9418016,0.95336026,0.95682216,0.9490362,0.945152,0.9560481,0.94615936,0.9628635,0.9419627,0.92486554,0.9347508,0.93765515,0.93511057,0.9537309,0.9435341,0.7697166,0.9565857,0.9345471,0.95126766,0.93999034,0.948807,0.9520024,0.9321263,0.9378996,0.8990945,0.89990735,0.9497639,0.9497222,0.939395,0.9486945,0.94446075,0.939893,0.92202705,0.942831,0.9499098,0.9384618,0.93721676,0.9552209,0.9479076,0.93253607,0.95383793,0.9451242,0.94095826,0.95105916,0.9437732,0.9625401,0.94515294,0.9512624,0.94390714,0.9442387,0.95589983,0.9425749,0.94019485,0.9462504,0.9461865,0.9309088,0.94749296,0.944275,0.92013305,0.9238377,0.95073074,0.60098433,0.9451042,0.93437153,0.92207175,0.9268502,0.8752375,0.93831944,0.9415429,0.9387434,0.93102944,0.9470147,0.94966346,0.9293089,0.9504239,0.9373356,0.93434113,0.9412804,0.9331863,0.9430791,0.9333696,0.95073074,0.9367913,0.9415721,0.94074446,0.94170076,0.9438579,0.9384885,0.945001,0.92055804,0.939051,0.9452003,0.93604356,0.9479015,0.94628173,0.9580333,0.94831973,0.945051,0.9488923,0.9286393,0.9506149,0.7697513,0.9511089,0.8940465,0.9419377,0.93360436,0.95873106,0.9220205,0.94783604,0.9399554,0.9437437,0.94471705,0.9454548,0.93920994,0.94101554,0.94640476,0.94167864,0.9444969,0.96200085,0.9207926,0.9452373,0.9523171,0.94151384,0.915757,0.9575294,0.9449613,0.9414025,0.9483309,0.95705366,0.9537373,0.9677663,0.9498974,0.93716884,0.9648436,0.9326057,0.9459243,0.9332873,0.925232,0.95265836,0.9473345,0.94770926,0.9301686,0.95577836,0.9266291,0.93678564,0.94562453,0.9414942,0.9462603,0.93912286,0.9434427,0.9677663,0.94593626,0.9550629,0.9386257,0.94776446
angelhasfallen,0.9648838,0.9485744,0.96170336,0.9458818,0.93856335,0.9370324,0.9609116,0.9576265,0.9778331,0.9418016,0.99999994,0.9568671,0.9444524,0.9484464,0.9464447,0.96054053,0.9430598,0.95428663,0.9632483,0.93960446,0.9498078,0.96565795,0.9434237,0.9520867,0.9590385,0.7791154,0.9438017,0.9494949,0.9629403,0.93503535,0.9566564,0.9491703,0.9399558,0.9572211,0.9112841,0.91221213,0.9551965,0.94821227,0.95138353,0.93862593,0.9435747,0.95630604,0.9420807,0.95399845,0.9549493,0.96953654,0.9477798,0.96543914,0.94749856,0.9522368,0.96670467,0.9599824,0.9593007,0.947457,0.9304973,0.9465236,0.9619528,0.95241284,0.9581965,0.9595124,0.9449546,0.96429706,0.94863826,0.9369555,0.95412105,0.9515779,0.9438166,0.95679516,0.97212595,0.9457141,0.95993054,0.58946425,0.9568002,0.95189875,0.94569206,0.93059945,0.9030579,0.9569914,0.95012504,0.94602555,0.9728122,0.9523134,0.957037,0.9442652,0.95467645,0.9514257,0.95869243,0.9639951,0.962159,0.95485055,0.9569228,0.95993054,0.94645286,0.95794725,0.9544622,0.9465605,0.96119356,0.95928997,0.9589325,0.93512636,0.9703342,0.96276206,0.9475638,0.9561716,0.94996303,0.96139914,0.95752156,0.95102215,0.955813,0.95511496,0.94679344,0.769572,0.95735747,0.90592015,0.94594723,0.961358,0.96536136,0.9463816,0.9661392,0.9554147,0.9525636,0.95511967,0.93386185,0.94077516,0.9543566,0.9506372,0.947222,0.937851,0.95668,0.93781215,0.94518495,0.94235414,0.9532665,0.91711175,0.9562242,0.94221634,0.95187896,0.95795816,0.9615968,0.9588096,0.9778331,0.97005147,0.94574213,0.9421501,0.93648094,0.9497826,0.9451245,0.94842607,0.9431053,0.9651269,0.94588697,0.94988286,0.96308404,0.93340796,0.94406265,0.9551293,0.95095557,0.9530043,0.95618314,0.942919,0.9778331,0.9305203,0.9593159,0.9552429,0.9591552
angrybirdsmovie,0.9508988,0.94406176,0.95629644,0.9404,0.9456589,0.94260865,0.9571044,0.9489197,0.9744607,0.95336026,0.9568671,1.0,0.96296304,0.9507355,0.9631532,0.95434505,0.9391647,0.9495972,0.9526087,0.9457653,0.9429493,0.9584157,0.9490211,0.9592495,0.95537996,0.7628808,0.9464861,0.94478726,0.9629677,0.9455277,0.9563656,0.94357514,0.94002926,0.9641351,0.8953377,0.88674724,0.95034087,0.96119654,0.9404369,0.9469623,0.9486297,0.94020534,0.94189835,0.93956363,0.9501395,0.96166986,0.95029765,0.963882,0.9525011,0.9359161,0.96518993,0.9484,0.9514209,0.95414454,0.9424886,0.95675844,0.95143586,0.9609112,0.9539606,0.9579995,0.94359094,0.95968765,0.94288915,0.9499316,0.95311236,0.94312304,0.94997257,0.9487094,0.9463814,0.9416285,0.96396,0.57765675,0.9485383,0.94783217,0.924001,0.9126788,0.8841673,0.94775647,0.95364374,0.94624203,0.950612,0.95329523,0.9559986,0.94405675,0.9608294,0.93949544,0.94454664,0.9668233,0.9560386,0.9466652,0.95287925,0.96396,0.9429755,0.9424788,0.9546023,0.9481083,0.9425189,0.9559811,0.9574307,0.93309695,0.9486398,0.9572518,0.9384221,0.9670276,0.93610936,0.9606779,0.95486045,0.95079297,0.9511819,0.93784404,0.9457765,0.7756423,0.96198565,0.8916778,0.9555805,0.95661753,0.9579768,0.92619187,0.94896334,0.9484093,0.9440494,0.95479816,0.9325323,0.9475804,0.9573088,0.943403,0.9502101,0.94331515,0.95520073,0.93427795,0.9421485,0.94695735,0.9510409,0.92262655,0.9698844,0.9461095,0.93983555,0.95293444,0.96894664,0.9583975,0.9744607,0.95902765,0.94529265,0.95708877,0.93926287,0.9500602,0.94666195,0.9252279,0.9454123,0.95042366,0.95099443,0.9395005,0.9540152,0.92327225,0.9443557,0.9581723,0.9424656,0.9594096,0.95320666,0.9554933,0.9744607,0.947031,0.9579878,0.94608414,0.96161246
annabellemovie,0.9526711,0.94249994,0.95973206,0.94323623,0.9587971,0.933393,0.9606249,0.95509475,0.9750211,0.95682216,0.9444524,0.96296304,0.9999999,0.956335,0.9554339,0.94608736,0.94812775,0.9548691,0.95578736,0.9309884,0.94452065,0.9549505,0.940927,0.96107537,0.9557033,0.77461827,0.9498116,0.9511916,0.964328,0.94105583,0.9651374,0.9613408,0.9384657,0.9538613,0.9175375,0.90464014,0.9519046,0.9621752,0.939462,0.960431,0.9659218,0.95058864,0.92847776,0.9503614,0.9553611,0.9530542,0.94258916,0.961366,0.9513363,0.94458455,0.96284634,0.96225023,0.948704,0.96069264,0.95598197,0.9573861,0.94731784,0.9628473,0.9603371,0.9563671,0.95400536,0.95670354,0.9435927,0.95370406,0.95737594,0.93193924,0.93892926,0.9585492,0.93453676,0.9266721,0.9603782,0.61182934,0.94220024,0.9587214,0.92796093,0.93944645,0.90493757,0.95446473,0.95185256,0.9571232,0.95154303,0.9597309,0.96517795,0.9456372,0.9642388,0.94143295,0.94891536,0.97422665,0.94704324,0.94830817,0.9369978,0.9603782,0.9432663,0.9502682,0.951145,0.9421364,0.93794304,0.94659096,0.95284843,0.927899,0.94888425,0.95579654,0.9390589,0.96070284,0.943662,0.96098155,0.9609436,0.9604954,0.9452731,0.95022804,0.95701945,0.7818423,0.9590868,0.90826434,0.9498476,0.95364493,0.9573041,0.93436414,0.96117204,0.9506182,0.9602019,0.9574544,0.9506278,0.9427336,0.9621796,0.95685214,0.9579376,0.95159876,0.9545361,0.91334575,0.94170237,0.94922835,0.95635575,0.9283118,0.9637678,0.9444037,0.9398953,0.95081174,0.96435547,0.95436925,0.9750211,0.95340186,0.95584816,0.9646042,0.9470153,0.96625257,0.9481206,0.9438649,0.9635554,0.9532335,0.9536187,0.94253975,0.9573101,0.9210713,0.94810486,0.95833117,0.94932383,0.9581687,0.947282,0.95355743,0.9750211,0.95939887,0.95442545,0.9456213,0.9515443
annamovie,0.9540609,0.94292116,0.9453115,0.94921666,0.94892323,0.94144356,0.9547971,0.94999164,0.97485274,0.9490362,0.9484464,0.9507355,0.956335,1.0000001,0.9594306,0.96926653,0.93649817,0.9532615,0.9580715,0.9365961,0.9531032,0.95049983,0.9490838,0.956481,0.94582003,0.7909038,0.94678444,0.93788517,0.9435876,0.9316043,0.9566944,0.9509454,0.9444963,0.94931006,0.92585593,0.920502,0.9555641,0.9533606,0.9531292,0.94212735,0.94075817,0.9432081,0.9256518,0.9396586,0.9685578,0.95821434,0.9504324,0.9463676,0.95867586,0.9374389,0.9519391,0.961837,0.9490773,0.9559338,0.94839025,0.9432237,0.9527836,0.9631704,0.9582208,0.9538767,0.94951916,0.9539567,0.9601945,0.97198623,0.9595027,0.94425553,0.93520766,0.95188856,0.9371359,0.9380208,0.96305996,0.604977,0.9588197,0.952441,0.941397,0.9256719,0.9033775,0.9476075,0.955357,0.94066715,0.950561,0.9562061,0.95996106,0.95499444,0.955043,0.93601686,0.9403613,0.95191854,0.9503462,0.9522722,0.94629014,0.96305996,0.9437561,0.9583549,0.94405353,0.9556062,0.94467074,0.95361483,0.95407116,0.9530553,0.9546423,0.9603734,0.9347879,0.95589215,0.9620633,0.95532775,0.9598225,0.9662346,0.9524366,0.94400156,0.95499295,0.7624602,0.96433884,0.90775657,0.9572931,0.94877136,0.9564331,0.9448724,0.96273124,0.945264,0.9567451,0.95627886,0.9516132,0.9410092,0.9428832,0.95055854,0.946568,0.94563335,0.96336806,0.909141,0.95253336,0.951099,0.95102495,0.9181493,0.96049124,0.9440952,0.9447777,0.95159155,0.96397966,0.9525931,0.97485274,0.9478561,0.9541383,0.96197766,0.940054,0.9545263,0.94195014,0.9454244,0.9635124,0.950252,0.94147205,0.93971634,0.9524425,0.93231434,0.9531112,0.9579101,0.9446599,0.95831263,0.9530398,0.95498925,0.97485274,0.9400102,0.9500063,0.95289093,0.94751036
apollo11movie,0.9555075,0.95773757,0.95752126,0.943368,0.9453074,0.9537181,0.9690154,0.9572704,0.9793093,0.945152,0.9464447,0.9631532,0.9554339,0.9594306,0.9999995,0.9595961,0.95139587,0.9485156,0.95377827,0.9775149,0.9511247,0.96261567,0.9635179,0.9584393,0.9484561,0.75454456,0.9380912,0.9546141,0.969136,0.9520699,0.9532439,0.94773585,0.9512588,0.958291,0.9081947,0.90774995,0.9627559,0.95644957,0.94738895,0.9490554,0.9477873,0.9515748,0.9626813,0.9547036,0.9633897,0.9706045,0.9642626,0.95058066,0.9546274,0.95580083,0.96598285,0.9588761,0.9555136,0.96912736,0.94229054,0.9477513,0.95035017,0.95622826,0.9580182,0.9636526,0.95722336,0.9638994,0.9576175,0.9632838,0.9617881,0.9448153,0.9486015,0.95673615,0.95236737,0.95143104,0.9758375,0.5860284,0.9498123,0.9574301,0.93059474,0.93967855,0.90070194,0.9504167,0.9637303,0.95801556,0.9367023,0.95521355,0.95656496,0.9488857,0.9602945,0.9549354,0.9553317,0.9590602,0.9635877,0.94867945,0.9629925,0.9758375,0.9555757,0.9574997,0.9599596,0.96861494,0.9604371,0.9592519,0.9589883,0.94997793,0.95984256,0.9671301,0.95006746,0.97509354,0.936092,0.9628378,0.96252614,0.9587194,0.94517356,0.93820465,0.94820124,0.76753694,0.9610427,0.9036163,0.9613433,0.95776683,0.9589136,0.9396601,0.9593501,0.9663563,0.95757735,0.95744014,0.9519486,0.9516228,0.9528549,0.94703084,0.9579282,0.94105864,0.95460016,0.93183416,0.9487911,0.9545334,0.95848566,0.91050357,0.9621394,0.95567125,0.9331634,0.9615075,0.97227377,0.95716184,0.9793093,0.9476431,0.9532515,0.9586262,0.94982165,0.95250857,0.945615,0.9411916,0.95829123,0.9462088,0.9560659,0.95109946,0.95589197,0.9213181,0.95393705,0.96352714,0.9450984,0.9671067,0.9597494,0.9528795,0.9793093,0.9506555,0.9617156,0.9611987,0.9620751
arcticdogsmovie,0.9622061,0.96799374,0.95589936,0.95503575,0.9546383,0.9429449,0.9626999,0.955765,0.97819424,0.9560481,0.96054053,0.95434505,0.94608736,0.96926653,0.9595961,1.0000001,0.951669,0.95916975,0.9618679,0.94293636,0.95783204,0.9528584,0.9521039,0.9584547,0.94801396,0.7503832,0.9517288,0.94464946,0.9493496,0.9404086,0.9513939,0.95231295,0.9440528,0.94786316,0.92372483,0.91176265,0.9590384,0.94698536,0.96275324,0.9510938,0.9407484,0.9483448,0.93687296,0.94794804,0.95894027,0.957774,0.95669824,0.9516396,0.95817316,0.9417141,0.9577724,0.9601455,0.94713336,0.96000236,0.944079,0.9566876,0.95419437,0.9540808,0.959098,0.9592806,0.95331997,0.96149766,0.9619767,0.95767635,0.9639498,0.96133393,0.94556946,0.9587119,0.9460159,0.9416342,0.96802086,0.5795783,0.96037495,0.94604707,0.9435377,0.9330675,0.8807069,0.94794685,0.95147073,0.9416131,0.94542265,0.95582557,0.9567328,0.95804274,0.95137477,0.94133395,0.9491841,0.9568023,0.95593363,0.95871174,0.95335996,0.96802086,0.95205224,0.95683056,0.9496229,0.9538641,0.95040566,0.9546803,0.9574425,0.9389417,0.9557033,0.95843047,0.9400235,0.9629203,0.93944347,0.961851,0.9616871,0.9705005,0.9583778,0.9407275,0.95519125,0.7349747,0.96065164,0.8974383,0.954341,0.95325273,0.9637741,0.9466425,0.96020025,0.95486474,0.9537764,0.95236087,0.9516216,0.9418048,0.94590765,0.9535046,0.95202696,0.94477856,0.9661064,0.92470783,0.9638952,0.9567001,0.9596918,0.918981,0.9639583,0.95196164,0.9557185,0.9661882,0.96864045,0.95408434,0.97819424,0.9526996,0.9489435,0.9615426,0.93451875,0.9470272,0.93664396,0.94186395,0.9608874,0.95471454,0.95543844,0.9526072,0.9601691,0.9393684,0.960796,0.96038824,0.9523096,0.965676,0.9528677,0.95585704,0.97819424,0.937748,0.9630551,0.95540583,0.94980735
arcticmovie,0.95581174,0.9477498,0.9539655,0.94399786,0.9355816,0.9394271,0.95423883,0.9654615,0.9679291,0.94615936,0.9430598,0.9391647,0.94812775,0.93649817,0.95139587,0.951669,1.0000002,0.94453573,0.95865345,0.9307066,0.9467474,0.94248235,0.9485236,0.9440575,0.93471897,0.76318115,0.93657106,0.9594142,0.9542196,0.940172,0.9396916,0.9389162,0.93557197,0.9410771,0.90266955,0.8987961,0.94850904,0.9417176,0.94140846,0.9459478,0.93231016,0.9528824,0.9393603,0.9579264,0.9420245,0.94866616,0.95360506,0.9472352,0.9359974,0.95078003,0.9489675,0.94029236,0.9466009,0.94928426,0.92623955,0.94977397,0.93742794,0.95318335,0.9355319,0.94029623,0.9491078,0.9496825,0.9334314,0.9370994,0.9390748,0.94283116,0.9267868,0.93432134,0.92002094,0.9197631,0.9428916,0.59952337,0.9420775,0.95583373,0.92765224,0.9467135,0.87867576,0.9484865,0.940503,0.94510347,0.92984784,0.94865865,0.94233316,0.9289306,0.95082253,0.9389222,0.9458444,0.9539873,0.9339566,0.9562731,0.95446837,0.9428916,0.9272624,0.94435203,0.93469936,0.94164234,0.93518096,0.9464701,0.9428311,0.9240446,0.94184387,0.9446336,0.9202911,0.9435212,0.92574227,0.9431996,0.9446922,0.94500434,0.9384538,0.9126767,0.9382784,0.74107975,0.948674,0.8903934,0.9498472,0.9469347,0.9585926,0.9334063,0.95567197,0.95166165,0.93946373,0.9421627,0.9361213,0.9319754,0.9439958,0.93548024,0.95527333,0.93289,0.9608298,0.9369996,0.95207536,0.9428268,0.9714522,0.93101555,0.95522475,0.9513815,0.9352182,0.9520226,0.9475535,0.9443542,0.9679291,0.9537628,0.9325601,0.94435304,0.93341875,0.9316313,0.9324143,0.93985724,0.9515239,0.94758934,0.94095343,0.95254016,0.94848347,0.91468227,0.93713856,0.93877476,0.95933145,0.943548,0.9514966,0.93801975,0.9679291,0.9284051,0.96400815,0.94890165,0.9356504
artofracingmovie,0.9423422,0.9501786,0.9510548,0.94491714,0.9705772,0.9355413,0.95393,0.95607287,0.9702992,0.9628635,0.95428663,0.9495972,0.9548691,0.9532615,0.9485156,0.95916975,0.94453573,0.99999976,0.957037,0.9373418,0.9422171,0.9416895,0.938128,0.9561517,0.9560526,0.7723331,0.95127165,0.94088477,0.9442461,0.9374899,0.95974636,0.94970846,0.9287997,0.9442585,0.9132443,0.91408896,0.9420672,0.94042593,0.94987833,0.94849616,0.94421095,0.94171506,0.9254275,0.9390116,0.9476351,0.9533177,0.9427529,0.95396495,0.9482051,0.9340181,0.94995904,0.94344187,0.93861127,0.9532598,0.94151956,0.96740896,0.95211464,0.95075995,0.95221025,0.95170647,0.95311916,0.9524661,0.94796807,0.9506895,0.94630265,0.9344523,0.9362931,0.94508725,0.9411499,0.9424885,0.9585707,0.63061213,0.9469129,0.94380784,0.927148,0.93885607,0.87639517,0.95150286,0.9532679,0.9401421,0.95833725,0.9509813,0.94900113,0.94096667,0.9513773,0.94253427,0.940749,0.95425206,0.9484975,0.9445179,0.9308421,0.9585707,0.94680303,0.9455212,0.9399614,0.9438281,0.94839716,0.9549592,0.9459628,0.92492145,0.95769745,0.95273155,0.9323111,0.95703655,0.9391266,0.95228016,0.9576639,0.96175164,0.95667714,0.92805856,0.94683033,0.7634329,0.9514197,0.89462394,0.9470092,0.94694275,0.9506709,0.9348464,0.9604546,0.9458289,0.9487146,0.9594338,0.9486912,0.9384378,0.9490118,0.9459759,0.9524234,0.94180375,0.96254647,0.91533214,0.9383845,0.9634162,0.94080347,0.91867,0.9559632,0.93617874,0.9431561,0.95067704,0.9613217,0.97005826,0.9702992,0.95026445,0.9536981,0.9611428,0.93589437,0.94595224,0.93477356,0.93293595,0.9601981,0.94808614,0.9507869,0.9324824,0.963451,0.9129581,0.93676096,0.95481235,0.94700783,0.9602043,0.9559753,0.9505564,0.9702992,0.94681793,0.9500083,0.9440637,0.9409383
avengers,0.980397,0.94720876,0.96473646,0.9503788,0.9463713,0.9492781,0.9608023,0.9701341,0.97957826,0.9419627,0.9632483,0.9526087,0.95578736,0.9580715,0.95377827,0.9618679,0.95865345,0.957037,1.0000006,0.9417556,0.95617944,0.9587598,0.9650088,0.9563248,0.95330733,0.7792959,0.95359993,0.9577554,0.96438915,0.93325883,0.97382766,0.95608646,0.9480904,0.9590589,0.9254058,0.9289141,0.9570833,0.9587946,0.9614741,0.95391464,0.94280785,0.9563887,0.94054365,0.9552177,0.9572637,0.9578207,0.9672683,0.9526983,0.9559246,0.952186,0.97166574,0.95799524,0.951086,0.9486784,0.94071466,0.9569255,0.95219684,0.96376145,0.9579865,0.96249574,0.94699293,0.9608848,0.94449705,0.9444443,0.9524499,0.95441824,0.9540609,0.94572276,0.9457412,0.94247663,0.96175784,0.60411394,0.9567669,0.9639252,0.94922775,0.9460252,0.8985381,0.9594365,0.95776975,0.948363,0.957423,0.9526304,0.9518061,0.9550096,0.95656204,0.9528859,0.9550302,0.96777236,0.9605571,0.96037126,0.946322,0.96175784,0.9411334,0.96633464,0.9585045,0.9539984,0.9552925,0.96034557,0.9563815,0.9515049,0.95835954,0.96024436,0.95206714,0.9592731,0.94576627,0.96725434,0.9677897,0.9588111,0.95630103,0.9373472,0.9563639,0.7734498,0.9597741,0.8973035,0.9552954,0.9656061,0.97189957,0.95389915,0.96816784,0.9550757,0.95114076,0.95807415,0.9450717,0.9502147,0.95471245,0.9519703,0.9643223,0.961766,0.9545607,0.93373203,0.9507945,0.9510603,0.96552867,0.92490983,0.96779156,0.9486021,0.9555362,0.9649145,0.95983833,0.95435596,0.97957826,0.97011316,0.95435673,0.95860153,0.93750113,0.953061,0.9413146,0.94558996,0.9501155,0.957903,0.9500396,0.9583054,0.95125604,0.9315027,0.951393,0.9637693,0.96473426,0.9657249,0.9681344,0.9543884,0.97957826,0.94622415,0.9623812,0.9652526,0.95898014
beachbummovie,0.9447261,0.9461867,0.9426406,0.9116263,0.92346245,0.92881984,0.9556887,0.93816847,0.96158177,0.92486554,0.93960446,0.9457653,0.9309884,0.9365961,0.9775149,0.94293636,0.9307066,0.9373418,0.9417556,0.9999996,0.9303473,0.94813156,0.94914985,0.9423926,0.93462396,0.72953343,0.91311294,0.9422155,0.95235586,0.9270792,0.9346713,0.9362947,0.919503,0.95211315,0.8807366,0.8915813,0.9504321,0.94100523,0.9333709,0.9285041,0.92420506,0.94311154,0.9445107,0.93785644,0.9454878,0.9603488,0.94835186,0.93875784,0.9326307,0.93784213,0.9497503,0.9407167,0.93100977,0.94658005,0.92087144,0.9336615,0.931832,0.941357,0.9377473,0.952968,0.9434241,0.94356066,0.93839973,0.9386701,0.94299513,0.9362662,0.94167423,0.9364088,0.94816154,0.94962966,0.96514654,0.57776135,0.93201995,0.93954325,0.9052124,0.9231096,0.8895154,0.9305062,0.937604,0.9419964,0.92359006,0.93638307,0.9356852,0.9273191,0.9385597,0.9458644,0.931572,0.9369041,0.95575124,0.92942715,0.94775164,0.96514654,0.94000614,0.9261809,0.9456401,0.94554275,0.94835925,0.96140116,0.94522077,0.9315806,0.9501608,0.952125,0.9391277,0.9568739,0.9204531,0.94611543,0.9494269,0.9321471,0.9449145,0.92405325,0.9242753,0.7611385,0.94412184,0.90338767,0.935586,0.9473952,0.9512521,0.9174967,0.94017756,0.95485216,0.94514513,0.93907434,0.9262719,0.9223575,0.9349684,0.9167563,0.9399623,0.929494,0.9388955,0.9082046,0.93134093,0.9401191,0.9390055,0.8819938,0.9441612,0.9282332,0.9234736,0.94679666,0.9568802,0.9458651,0.96158177,0.94100595,0.9295473,0.93682426,0.9258943,0.9456539,0.94133264,0.9236515,0.94078267,0.93466395,0.9433825,0.9317825,0.9363218,0.9016658,0.9358296,0.9522018,0.92013943,0.95961964,0.9403491,0.9366678,0.96158177,0.92649525,0.94535595,0.9405218,0.9433065
bernadettefilm,0.9594189,0.9490847,0.9467594,0.95493966,0.9381934,0.94551426,0.9478112,0.9546752,0.9723943,0.9347508,0.9498078,0.9429493,0.94452065,0.9531032,0.9511247,0.95783204,0.9467474,0.9422171,0.95617944,0.9303473,1.0000001,0.94967943,0.9488218,0.9614619,0.9495958,0.78527975,0.93496615,0.943864,0.94097745,0.94278467,0.94934165,0.93936557,0.9279757,0.94094247,0.9296389,0.92887723,0.95604545,0.94217134,0.95321596,0.9449985,0.93068576,0.9588618,0.94221044,0.9531082,0.9574335,0.95834845,0.9504103,0.94767195,0.9557963,0.95436263,0.9523918,0.957796,0.94840187,0.9660151,0.9279658,0.9428114,0.9502199,0.95637566,0.95190316,0.9515135,0.9325447,0.96350455,0.943569,0.9286816,0.94820637,0.9295118,0.93639356,0.95553774,0.93110245,0.92904365,0.9593115,0.5916354,0.9575686,0.94553506,0.9446775,0.9323231,0.8788284,0.9515108,0.9461235,0.95180917,0.95227623,0.94375634,0.9458982,0.9538855,0.9576422,0.94161093,0.94385654,0.9527513,0.95487887,0.95289433,0.9483329,0.9593115,0.92931217,0.9539333,0.9498995,0.9478806,0.94499016,0.95136696,0.9439525,0.9434762,0.9499853,0.950139,0.92937434,0.95272875,0.94215363,0.9506627,0.95534575,0.9550825,0.9420246,0.93963474,0.9402543,0.72783905,0.96498543,0.8811783,0.967951,0.9623427,0.9582169,0.9442807,0.9563023,0.9433141,0.93951005,0.9498076,0.93085706,0.94631463,0.9425225,0.94713247,0.95051724,0.9296681,0.9643243,0.93096,0.97372067,0.9498402,0.955382,0.9144495,0.95350844,0.9546616,0.94413537,0.9637369,0.963138,0.95219344,0.9723943,0.95147985,0.94783574,0.94643044,0.9126124,0.94768244,0.92561835,0.946671,0.9524607,0.95727926,0.94114625,0.9453422,0.94149274,0.93314743,0.94650066,0.9580368,0.95138144,0.9536769,0.96014386,0.95322925,0.9723943,0.9223299,0.9427416,0.95807105,0.9469113
