movie,21bridgesmovie,47metersdown,abeautifuldaymovie,abominablemovie,adastramovie,adogsjourneymovie,aftermathmovie,aftermovie,ahiddenlifefilm,alitamovie,angelhasfallen,angrybirdsmovie,annabellemovie,annamovie,apollo11movie,arcticdogsmovie,arcticmovie,artofracingmovie,avengers,beachbummovie,bernadettefilm,blackandbluemovie,blackchristmas,blindedbythelightmovie,bombshellmovie,booksmart,breakthroughmovie,brianbanksmovie,brightburnmovie,brittanyrunsmov,captainmarvelofficial,captivestatemovie,catsmovie,charliesangels,childsplaymovie,clarathefilm,coldpursuitmovie,countdown,currentwarmovie,darkwatersmovie,detectivepikachumovie,disneyaladdin,disneyfrozen,disneymaleficent,doctorsleepmovie,dolemiteismyname,dontletgomovie,doramovie,downtonabbey_official,dumbo,escaperoom,everybodyknowsmovie,fastandfuriousmovie,fightingwmyfam,fivefeetapartfilm,fordvferrari,freaksthefilm,geminimanmovie,glassmovie,gloriabellmovie,godzillamovie,goldfinchmovie,goodboysmovie,goodliarmovie,gretafilm,halathemovie,happydeathdaymovie,harrietfilm,hellboymovie,hersmellmovie,highlifemovie,highstrungmovie,honeyboymovie,hotelmumbaifilm,httydragon,hustlemovie,hustlersmovie,isntitromantic,itmovieofficial,jayandsilentbob,johnwickmovie,jojorabbitmovie,jokermovie,judythefilm,jumanjimovie,justmercyfilm,knivesout,lalloronamovie,lastblackmansf,lastchristmasthemovie,latenightmovie,lighthousemovie,lionking,littlethemovie,littlewomenmovie,littlewoodsfilm,longshotmovie,lordsofchaosmovie,lucyintheskyfilm,mamovie2019,marriagestory,meettheaddams,meninblack,midsommarmovie,midwaymovie,missbalamovie,missinglinkfilm,motherlessbklyn,onceinhollywood,onthebasisofsex,overcomermovie,peanutbutterfalcon,petsematarymovie,piercingmovie,playingwithfire,playmobilthemovie,pomsmovie,queenandslim,rambomovie,readyornotfilm,richardjewellfilm,rocketmanmovie,scarystoriesmovie,secretlifeofpets,serenityfilm,shaftmovie,shazammovie,spidermanmovie,spiesindisguise,starwars,stormboymovie,stubermovie,taosdfilm,teenspiritmov,terminator,theaeronautsmov,thebestofenemies,thedeaddontdie,thefarewell,thehighwaymen,thehummingbirdprojectfilm,theintrudermovie,theirishmanfilm,thekitchenmovie,thelegomovie,themustangfilm,thenightingalefilm,theprodigymovie,thesunisalsoastar,theupsidefilm,tolkienmovie,toystory,triplefrontier,uglydolls,uncutgems,underthesilverlake,usmovie,wavesmovie,whatmenwant,wonderparkmovie,wrinklestheclown,xmenmovies,yardiefilm,yesterdaymovie,zombieland
21bridgesmovie,0.99999994,0.9522753,0.9571158,0.9496987,0.97088003,0.9553907,0.95257866,0.9507323,0.97912824,0.96260315,0.95157486,0.94645727,0.96181315,0.9636394,0.95250565,0.9501077,0.95105666,0.9619966,0.97714573,0.94030404,0.94622487,0.9475558,0.9676104,0.96173745,0.9504026,0.84327275,0.9631986,0.9494707,0.95929295,0.9434432,0.9417164,0.95752007,0.94845253,0.9428488,0.9268679,0.90767473,0.96087015,0.9667636,0.93644655,0.9467537,0.96969813,0.95704514,0.9400519,0.962998,0.94816434,0.93995833,0.96301514,0.9494335,0.94181097,0.96220136,0.95618176,0.9652564,0.95934707,0.9498347,0.9515194,0.954326,0.9316947,0.9475681,0.9636748,0.96325296,0.97025174,0.95612043,0.9509814,0.96265817,0.9645826,0.9404012,0.9526702,0.9598927,0.9493165,0.9522172,0.9729635,0.79142755,0.9218721,0.94584954,0.9212129,0.93496853,0.92265385,0.94270116,0.94935346,0.93624526,0.95830226,0.9497713,0.9685134,0.9450779,0.9468287,0.93987805,0.9591489,0.9632166,0.9513629,0.96190745,0.9571223,0.9729635,0.9576785,0.9454545,0.95147735,0.95956206,0.9643991,0.96041065,0.92770004,0.9516807,0.94896185,0.9619377,0.9523313,0.95958525,0.9593755,0.9546295,0.95815504,0.96902406,0.9397039,0.9499288,0.9557245,0.8586722,0.9516887,0.8835733,0.9492573,0.97209156,0.9895144,0.9239417,0.95405,0.947138,0.9653281,0.95575345,0.9630518,0.94758093,0.94255567,0.95283765,0.9599708,0.9440964,0.9525668,0.9112361,0.94686115,0.9536817,0.95071167,0.9446587,0.9572141,0.94850636,0.97832733,0.9447349,0.9663402,0.95157576,0.97912824,0.95316887,0.95311785,0.9653111,0.95320964,0.9406779,0.92241955,0.9404871,0.9693917,0.9722786,0.93309146,0.9475332,0.94716895,0.94909847,0.95339346,0.9682887,0.9545897,0.95924157,0.94197774,0.9398227,0.97912824,0.94502985,0.9553585,0.96755195,0.95187366
47metersdown,0.9522753,1.0000005,0.9507162,0.95388395,0.9614199,0.9430914,0.94923246,0.93574566,0.9696672,0.9554241,0.9302411,0.9364213,0.94726926,0.93714,0.9390705,0.9673839,0.94585097,0.9552754,0.9522195,0.9398655,0.9433336,0.9473143,0.9498271,0.9479738,0.93966746,0.87370646,0.95908177,0.95502126,0.947434,0.92311215,0.9314345,0.94432527,0.9461027,0.9160355,0.9378207,0.90145546,0.9444865,0.9438831,0.9381503,0.9417132,0.9478363,0.9460424,0.92995214,0.95115614,0.9419866,0.9301627,0.95592284,0.9450414,0.9498198,0.9569158,0.9420203,0.9549978,0.95788425,0.9432502,0.93334,0.9440086,0.9309599,0.95013255,0.9461482,0.9523529,0.94795036,0.944464,0.9377601,0.9494382,0.9521933,0.9348228,0.9463944,0.95621085,0.9260048,0.926788,0.9593524,0.77715415,0.9127776,0.9441835,0.94143,0.9377478,0.9258756,0.9147348,0.94095385,0.9589755,0.9342574,0.9446093,0.96470034,0.9462727,0.93273264,0.9222172,0.9424761,0.94952595,0.9555361,0.95568144,0.9284234,0.9593524,0.92854524,0.93191856,0.9257939,0.93481255,0.9368635,0.9420858,0.9359662,0.9231965,0.93577737,0.95933837,0.9558208,0.942631,0.9443845,0.9458624,0.9460207,0.95897055,0.9393236,0.94649786,0.9386947,0.8488852,0.94448584,0.8749378,0.9457962,0.93900394,0.9546755,0.9399963,0.95046633,0.9455125,0.9397311,0.9354505,0.9533818,0.9378037,0.94140536,0.96257627,0.956809,0.9385134,0.94849354,0.92968976,0.9415113,0.95817024,0.9508473,0.9291518,0.95099765,0.926427,0.9486321,0.9363802,0.9586042,0.9330661,0.9696672,0.94108254,0.94479674,0.94142693,0.9235348,0.94473755,0.923554,0.93641573,0.95374614,0.9531381,0.93440515,0.9388454,0.948401,0.92104745,0.9318891,0.95287764,0.93308973,0.9561455,0.9498005,0.9507339,0.9696672,0.9523765,0.94499534,0.95863307,0.94354045
abeautifuldaymovie,0.9571158,0.9507162,0.99999994,0.96778077,0.97435725,0.96349967,0.9676848,0.9652601,0.98152876,0.9618726,0.9466942,0.94537336,0.95540094,0.9543367,0.9663491,0.9657868,0.95653427,0.96012205,0.9611989,0.9565435,0.9570714,0.97306216,0.96001714,0.963989,0.9516444,0.88639605,0.96010256,0.9657041,0.97644216,0.9488319,0.9531471,0.9541292,0.9602504,0.94673175,0.93644845,0.92213523,0.96408874,0.961497,0.9495183,0.95502347,0.9638724,0.9685939,0.9587039,0.9619851,0.9590439,0.9582046,0.95419836,0.9583837,0.9527816,0.96601063,0.9676786,0.96710455,0.9610436,0.9515753,0.9682162,0.9648338,0.9622904,0.97023535,0.9653624,0.95606506,0.96167153,0.9577885,0.9635648,0.9578141,0.9629693,0.953608,0.9595476,0.95446104,0.96416473,0.9550221,0.9706104,0.7758856,0.9391369,0.9585089,0.94676226,0.940269,0.9133494,0.9321151,0.96590966,0.95416725,0.95599127,0.94660366,0.9637583,0.9505836,0.9505707,0.95592326,0.96115565,0.9640366,0.9555736,0.964154,0.94495404,0.9706104,0.96168536,0.95858246,0.95437723,0.9512585,0.9621787,0.9655966,0.94960994,0.9476682,0.9556593,0.9641126,0.96025693,0.9555611,0.94116765,0.96827185,0.9667894,0.9707561,0.96500796,0.94624496,0.9555556,0.8799039,0.94929683,0.89405733,0.96503097,0.9560343,0.9705603,0.95108646,0.9492017,0.9683915,0.9517229,0.96134174,0.97732836,0.9588234,0.95467913,0.9569838,0.966922,0.95459825,0.9630996,0.9282163,0.95673704,0.96091837,0.96531326,0.9464028,0.97297275,0.95278174,0.96827304,0.9566071,0.9692751,0.9472576,0.98152876,0.9762626,0.96013093,0.9586054,0.9434597,0.96008205,0.9514656,0.95113283,0.96926117,0.9560945,0.9549025,0.971294,0.9649224,0.9207035,0.94382006,0.965095,0.9509536,0.96881086,0.9680189,0.9596994,0.98152876,0.9643166,0.96575695,0.96051234,0.9614377
abominablemovie,0.9496987,0.95388395,0.96778077,1.0,0.9657671,0.9494514,0.96189135,0.9515575,0.9746455,0.9556114,0.9291593,0.9388294,0.9580631,0.9536891,0.9569177,0.96493304,0.9463195,0.9583727,0.9516916,0.949677,0.9625546,0.9699613,0.95432925,0.96048427,0.96153206,0.89045787,0.95163596,0.9444465,0.96507984,0.94908446,0.95419973,0.9453258,0.95788765,0.95010555,0.9257909,0.9019553,0.95255315,0.96525335,0.9355383,0.9419833,0.95211834,0.9527402,0.9366502,0.94854003,0.95644146,0.93404984,0.9514394,0.95364195,0.95518255,0.95322114,0.9574799,0.9655345,0.9648064,0.94491535,0.9559913,0.96177334,0.9471591,0.9484232,0.96334285,0.94762766,0.94959205,0.95972884,0.95678043,0.9532166,0.9699925,0.9409289,0.94581,0.95800436,0.94619614,0.9479546,0.9635716,0.75652266,0.9338085,0.9409995,0.9503017,0.94134986,0.91781604,0.9300033,0.95478886,0.95640564,0.94296235,0.95937544,0.9573459,0.9587868,0.9483435,0.94822556,0.9508065,0.9578195,0.94646615,0.95642227,0.9533061,0.9635716,0.95376956,0.9594853,0.9487632,0.95125556,0.9566906,0.96705914,0.95129186,0.9367861,0.9465267,0.96496,0.9479783,0.95178056,0.94865334,0.95691353,0.95470834,0.96636444,0.945194,0.94545114,0.94130546,0.87182033,0.95183456,0.88141847,0.95161235,0.9607687,0.96691155,0.93498033,0.9547029,0.9657827,0.9408753,0.9476913,0.9662454,0.9584695,0.9414509,0.95877844,0.9587884,0.95597434,0.9480352,0.9131183,0.9552909,0.9540008,0.95554173,0.93195254,0.9589013,0.9532454,0.95632386,0.9471891,0.9574492,0.93881726,0.9746455,0.96423763,0.9549462,0.955346,0.94195837,0.9525194,0.931103,0.94327956,0.9576101,0.9518686,0.94219714,0.9487081,0.9462868,0.9167016,0.9517275,0.95059985,0.9506915,0.96038955,0.95798486,0.95418704,0.9746455,0.9458019,0.9595156,0.9615807,0.95974284
adastramovie,0.97088003,0.9614199,0.97435725,0.9657671,1.0000001,0.96341914,0.9754933,0.958849,0.98803836,0.9766632,0.94338864,0.9516901,0.9701849,0.9668607,0.9652436,0.9672861,0.9637177,0.97869223,0.96316,0.95871633,0.9652451,0.9660317,0.965618,0.9731027,0.95896214,0.8754386,0.96827596,0.96860087,0.9727735,0.95446855,0.950704,0.9635036,0.95272046,0.94260263,0.9531798,0.9229169,0.96724546,0.9713128,0.95850456,0.96433794,0.9671529,0.9690856,0.954664,0.96890694,0.95964915,0.95903033,0.96499705,0.9660487,0.96672076,0.97122437,0.96351486,0.9762735,0.96674037,0.95688903,0.96184397,0.97707903,0.95830625,0.9661971,0.97110486,0.9567357,0.96956664,0.96501815,0.9596297,0.965801,0.97467536,0.9531236,0.9639845,0.968012,0.95640916,0.9548027,0.97299594,0.7774033,0.9467221,0.9658338,0.94716835,0.9410461,0.93590593,0.9392739,0.9627119,0.96228975,0.9537932,0.96377295,0.9730563,0.95838964,0.95902914,0.95300394,0.9607672,0.9704793,0.9571465,0.97546005,0.9565516,0.97299594,0.963204,0.9613204,0.95638746,0.9541961,0.95797163,0.9685472,0.9585052,0.9486469,0.9588611,0.9722515,0.955952,0.96290433,0.95950234,0.96332616,0.9718081,0.974208,0.9553631,0.9585111,0.9588215,0.87240964,0.96221715,0.90946966,0.96129054,0.965742,0.9804317,0.9424225,0.961049,0.97038585,0.95926267,0.9624757,0.9762296,0.95809364,0.9558289,0.9695021,0.969648,0.95157695,0.97455317,0.9292361,0.9603722,0.9628894,0.9719657,0.95884633,0.97138816,0.9571173,0.97215486,0.9616117,0.97749734,0.9589968,0.98803836,0.96424234,0.9677163,0.96538895,0.9440156,0.9637127,0.9538143,0.9641901,0.9691515,0.966654,0.96235037,0.9644543,0.9605942,0.9408044,0.9493331,0.9659642,0.9566261,0.9673657,0.958736,0.9607347,0.98803836,0.96766055,0.96180683,0.96829903,0.96479857
adogsjourneymovie,0.9553907,0.9430914,0.96349967,0.9494514,0.96341914,0.9999999,0.95601505,0.9568821,0.9777985,0.9404672,0.94401896,0.95349425,0.9628014,0.95827764,0.96418524,0.95170665,0.95294327,0.9487512,0.95522666,0.9497667,0.9377154,0.95932186,0.96984965,0.9615605,0.9552222,0.8603593,0.96452284,0.9587245,0.96734357,0.9256935,0.9410457,0.9531444,0.95194143,0.94236124,0.92932767,0.904002,0.9603281,0.9630355,0.952281,0.9590838,0.96635526,0.9673548,0.958968,0.96809,0.96254975,0.9485424,0.9663444,0.9444125,0.94907147,0.97028345,0.9651732,0.96952647,0.9634704,0.94673735,0.95252496,0.9619805,0.94034535,0.95682865,0.9529491,0.9486167,0.9586709,0.9466032,0.956518,0.9633375,0.9588605,0.9487084,0.943987,0.9560584,0.96015334,0.9397626,0.9613468,0.78040904,0.9236607,0.96664596,0.9395542,0.9389619,0.9089759,0.9344483,0.95435125,0.9543008,0.95108813,0.9449474,0.9691356,0.9461816,0.9600087,0.938585,0.95998716,0.96911705,0.95265794,0.9631097,0.94494754,0.9613468,0.94227266,0.9426206,0.95662546,0.9441179,0.9499658,0.9593232,0.9500008,0.95506716,0.95567304,0.9513164,0.95192766,0.9512466,0.9283366,0.9664254,0.9593174,0.9692405,0.9553573,0.9526671,0.9557987,0.8593975,0.96106213,0.8801579,0.95319957,0.9601641,0.9648211,0.94157964,0.9479845,0.9520821,0.94987476,0.95723575,0.9552793,0.9646411,0.95582885,0.95212394,0.97117114,0.95359313,0.95782393,0.93629503,0.9467921,0.94914275,0.95366114,0.9433618,0.9630179,0.92826235,0.95494545,0.9590566,0.96360415,0.9444647,0.9777985,0.9558824,0.9596913,0.9585766,0.95045155,0.9425404,0.9361412,0.9486471,0.96265644,0.9583,0.94984317,0.9511447,0.9614058,0.9153352,0.941724,0.9555215,0.9540945,0.96046764,0.96248,0.9535614,0.9777985,0.96232927,0.9577181,0.9629007,0.9537662
aftermathmovie,0.95257866,0.94923246,0.9676848,0.96189135,0.9754933,0.95601505,1.0000001,0.95959496,0.9820258,0.96580505,0.9475114,0.9478921,0.95759755,0.96757966,0.97724867,0.9608988,0.95639026,0.96054554,0.95549726,0.96350473,0.96366477,0.972946,0.9608414,0.9680956,0.95607615,0.891478,0.96276623,0.9538132,0.9655294,0.95502055,0.9535376,0.95940876,0.9472601,0.9458556,0.9404196,0.9172774,0.97063565,0.9628502,0.96223855,0.95954937,0.9591116,0.9593433,0.94971067,0.9598634,0.95864505,0.9516881,0.9604518,0.9706827,0.95650095,0.9630597,0.96212673,0.97016,0.9651316,0.9478441,0.9616032,0.9700116,0.96144915,0.9613231,0.96606696,0.9523927,0.9606058,0.9621751,0.9704165,0.9575876,0.96205133,0.9591622,0.9499474,0.9584609,0.9617199,0.95419997,0.96857274,0.75429034,0.947037,0.96056706,0.95183504,0.9404437,0.91178596,0.9362068,0.9602321,0.95958084,0.95279086,0.9708759,0.96422774,0.96830165,0.95326716,0.9502918,0.95022994,0.96257025,0.9542451,0.9669554,0.9555931,0.96857274,0.9605057,0.961692,0.9619548,0.96737134,0.9575358,0.96077824,0.972991,0.9560114,0.9580151,0.96127015,0.9623311,0.96357316,0.9583606,0.9575115,0.9663291,0.9646808,0.9424857,0.94715124,0.95524955,0.8858242,0.958857,0.89746535,0.95979285,0.9563445,0.9700377,0.94975156,0.96070355,0.98961145,0.9435718,0.9618473,0.9708449,0.9622218,0.9521385,0.9566956,0.9639556,0.95999414,0.96372724,0.91950345,0.9625358,0.9562185,0.95984435,0.9470417,0.96222913,0.95711005,0.9651139,0.9566141,0.9647315,0.9522786,0.9820258,0.9663288,0.95969224,0.95473325,0.9398093,0.96233976,0.9516384,0.95281655,0.95541525,0.95619804,0.9833976,0.953842,0.9515029,0.9265238,0.95249313,0.95973456,0.95356214,0.96623075,0.9515904,0.95585334,0.9820258,0.9631326,0.9566559,0.9616341,0.96774447
aftermovie,0.9507323,0.93574566,0.9652601,0.9515575,0.958849,0.9568821,0.95959496,1.0000002,0.9715508,0.9446375,0.9524668,0.936396,0.9508281,0.96630436,0.96241957,0.95237184,0.94221205,0.9443925,0.9561544,0.95328563,0.9507249,0.96108884,0.95293534,0.95012957,0.9504313,0.8507445,0.9505355,0.9444585,0.95968026,0.93155104,0.95076877,0.95537484,0.9415261,0.94512165,0.91773397,0.9191835,0.96273553,0.9423031,0.9533829,0.94112253,0.95711154,0.96117204,0.9602414,0.96375465,0.95378727,0.9505663,0.94607586,0.9595737,0.9487491,0.9659894,0.95277774,0.9601089,0.9591482,0.9504621,0.9448452,0.9605702,0.9387052,0.94759804,0.9523934,0.9555225,0.9557242,0.9532978,0.9666613,0.9523064,0.9583849,0.92698,0.9453173,0.93913597,0.9679043,0.947246,0.9625985,0.771709,0.92907774,0.95400554,0.92595243,0.9257345,0.8777322,0.9242969,0.9504651,0.93205917,0.95783544,0.93919694,0.959596,0.94242305,0.9321561,0.9393706,0.94714415,0.9603478,0.9321639,0.94872403,0.9375681,0.9625985,0.96566105,0.940192,0.94952375,0.9587134,0.9587677,0.9506307,0.93986374,0.9476539,0.9516112,0.95679146,0.9499024,0.9480353,0.9377283,0.95356476,0.95518893,0.95421815,0.9457969,0.934198,0.95655596,0.8641417,0.94140804,0.867704,0.9576715,0.94927377,0.9591162,0.9302294,0.9469343,0.9618214,0.9331695,0.96401876,0.95950043,0.95146984,0.9400855,0.94442475,0.9600753,0.94486904,0.9522074,0.9174648,0.94139385,0.9379232,0.9450117,0.9333283,0.9465619,0.9408393,0.9539355,0.9424129,0.95575535,0.9428368,0.9715508,0.96693146,0.95454884,0.94245446,0.94342965,0.9515933,0.93356776,0.94580275,0.9535409,0.93837625,0.9511241,0.97119844,0.95027727,0.9173502,0.94966215,0.9528122,0.945961,0.9611754,0.95353705,0.94605565,0.9715508,0.950608,0.9560451,0.95779234,0.9434604
ahiddenlifefilm,0.97912824,0.9696672,0.98152876,0.9746455,0.98803836,0.9777985,0.9820258,0.9715508,1.0000002,0.9756003,0.9664453,0.966362,0.97711766,0.98133594,0.9803365,0.9773941,0.9722649,0.9764354,0.97357607,0.96897405,0.9730631,0.98142827,0.9818429,0.984394,0.9687014,0.8929804,0.98034745,0.97475386,0.9827956,0.9656072,0.9654141,0.97372895,0.9669902,0.95848125,0.94827914,0.9372791,0.9824861,0.97796226,0.96962005,0.9704435,0.9780251,0.9800873,0.97043556,0.9827641,0.9746877,0.9676721,0.9774981,0.9739936,0.97322166,0.98407924,0.97886217,0.98653716,0.9822424,0.9689793,0.9746197,0.97955805,0.9647789,0.97699493,0.9795512,0.97676426,0.97930694,0.9760673,0.9765398,0.9783114,0.98389214,0.9650404,0.97204,0.97627866,0.97484064,0.96904063,0.987851,0.79212296,0.953114,0.9748394,0.96142864,0.9544018,0.9399524,0.95200753,0.97579557,0.96954274,0.9705066,0.97092074,0.9823737,0.9706809,0.9713595,0.9639805,0.9739536,0.982189,0.9715637,0.98406106,0.9684479,0.987851,0.97299135,0.966593,0.9709562,0.97145563,0.97631925,0.9793373,0.96828336,0.97019327,0.9722659,0.9821026,0.97326076,0.9761382,0.9688347,0.97786623,0.98192483,0.98495114,0.96664685,0.9738067,0.9738646,0.89095503,0.97433364,0.91335696,0.97673595,0.97503644,0.9879902,0.9593224,0.9722397,0.97752494,0.97,0.97450155,0.98435885,0.97210366,0.96992403,0.9760198,0.9816935,0.968688,0.9759866,0.945316,0.97006696,0.97419757,0.97765267,0.9671025,0.97929895,0.9685414,0.9830612,0.9716338,0.9872091,0.9680574,1.0000002,0.98006296,0.97724974,0.9736253,0.96220714,0.9712636,0.9600557,0.96613693,0.97880286,0.9759759,0.97085935,0.9714039,0.9751152,0.9448846,0.9656138,0.98118836,0.96790534,0.9799525,0.970704,0.9711173,1.0000002,0.9741187,0.97637445,0.982001,0.9771371
alitamovie,0.96260315,0.9554241,0.9618726,0.9556114,0.9766632,0.9404672,0.96580505,0.9446375,0.9756003,1.0,0.9386735,0.9381477,0.95659214,0.9503855,0.96227944,0.95783746,0.94875103,0.9665834,0.9521381,0.9413961,0.947345,0.95720416,0.95803595,0.96618825,0.9438926,0.886142,0.9585971,0.9497255,0.96060944,0.95078754,0.93678147,0.94168496,0.9468417,0.9370589,0.9254888,0.90696263,0.956258,0.95834064,0.9395677,0.9453598,0.9551009,0.95502937,0.93835694,0.954224,0.94824636,0.9362338,0.95435953,0.949726,0.945284,0.95705026,0.95043534,0.9549958,0.96482146,0.93717337,0.95970196,0.9620621,0.9524058,0.95231336,0.9631977,0.9592944,0.9554709,0.9586709,0.95209664,0.94725966,0.96105015,0.94711894,0.955241,0.9482559,0.94046533,0.9496515,0.97201777,0.79481196,0.9242019,0.94631,0.9429189,0.9484092,0.92975974,0.93113625,0.95780617,0.9469463,0.94141465,0.95681506,0.96342194,0.9518464,0.9402669,0.9375865,0.9438959,0.9571976,0.94497824,0.9606486,0.95106,0.97201777,0.95910966,0.9470752,0.93749577,0.94327426,0.95628965,0.9553475,0.94083095,0.9452956,0.9353871,0.9615736,0.95185685,0.957202,0.96913606,0.9449212,0.95004004,0.9641718,0.9382991,0.9447033,0.9363533,0.8706379,0.9486916,0.8990944,0.95127225,0.9522081,0.9727606,0.93739593,0.95130664,0.9557532,0.9544462,0.9527069,0.9708781,0.95617217,0.94404787,0.9593893,0.9661864,0.9419482,0.95346934,0.9127743,0.9413193,0.9562047,0.9522504,0.9404601,0.9592871,0.95702887,0.96135026,0.9450288,0.96942544,0.94570076,0.9756003,0.95610625,0.93899393,0.9551753,0.95140517,0.94589907,0.9324932,0.9344756,0.95887804,0.9607235,0.94527864,0.94087064,0.9424135,0.94285303,0.9460962,0.96710396,0.94391114,0.9561386,0.9440573,0.94981486,0.9756003,0.94905674,0.9521033,0.9530565,0.9553704
angelhasfallen,0.95157486,0.9302411,0.9466942,0.9291593,0.94338864,0.94401896,0.9475114,0.9524668,0.9664453,0.9386735,0.99999994,0.9338957,0.94354993,0.95957637,0.94472736,0.93408555,0.9472194,0.93482965,0.94885284,0.92622805,0.93492293,0.94844264,0.96141016,0.9537803,0.93895614,0.84437704,0.94239503,0.94874835,0.9372252,0.9401814,0.93465155,0.9569496,0.93663937,0.91450095,0.8991135,0.9246536,0.96620953,0.93511003,0.9556223,0.9426882,0.94562066,0.9585748,0.94489884,0.9596557,0.9534278,0.9455802,0.94939333,0.9461257,0.9339244,0.9628907,0.93862754,0.9510713,0.94866824,0.9264238,0.94555736,0.9437284,0.9227208,0.9559852,0.945238,0.9617062,0.95048594,0.9584406,0.9540052,0.9413507,0.9451742,0.945806,0.93990374,0.93591356,0.9718184,0.9411869,0.9600715,0.8013871,0.9222803,0.9489655,0.92881405,0.93548733,0.88576645,0.93150157,0.9531158,0.93058157,0.97075456,0.930721,0.9437752,0.9311954,0.9320575,0.94174427,0.94902045,0.9632963,0.94194496,0.9496854,0.94833577,0.9600715,0.95474875,0.92185974,0.9413664,0.95960224,0.9582059,0.95654166,0.9277725,0.9503832,0.9545414,0.9594149,0.95924944,0.95158905,0.9437875,0.93613106,0.9464251,0.94709474,0.94187456,0.9462001,0.95977765,0.8839697,0.9514008,0.86561346,0.9461897,0.9446415,0.95662147,0.9261084,0.9514023,0.94264364,0.93939394,0.959105,0.95172894,0.92375475,0.9373516,0.9321674,0.9530293,0.9351878,0.9509624,0.91591996,0.9318833,0.94754857,0.9319875,0.92619866,0.9459388,0.94439936,0.9539659,0.9331048,0.9560068,0.9398977,0.9664453,0.9515506,0.94428205,0.9402398,0.9219041,0.9266653,0.9189154,0.9239817,0.9450026,0.9490953,0.9389958,0.9475824,0.95672977,0.9185484,0.9444468,0.9511537,0.9414971,0.9393628,0.9418676,0.9404759,0.9664453,0.9342898,0.9466261,0.95797414,0.9410084
angrybirdsmovie,0.94645727,0.9364213,0.94537336,0.9388294,0.9516901,0.95349425,0.9478921,0.936396,0.966362,0.9381477,0.9338957,0.99999994,0.936779,0.9476984,0.94787705,0.9328784,0.9353377,0.94520813,0.9442401,0.94558585,0.9273477,0.94826746,0.95368135,0.9490418,0.94036597,0.8528317,0.95086384,0.94103146,0.9611549,0.93937856,0.9237399,0.9439954,0.92739767,0.9530326,0.8992223,0.8854075,0.9534512,0.94858956,0.9335974,0.9429267,0.9402935,0.94744325,0.931845,0.95928246,0.94770724,0.9278312,0.94500804,0.9408726,0.95099753,0.95850396,0.97365713,0.9641744,0.9506318,0.9292918,0.94988877,0.9460674,0.92313063,0.93543214,0.9486292,0.9350868,0.9435365,0.9465151,0.9427346,0.94509,0.95242494,0.92838836,0.9188298,0.958805,0.93751216,0.93998456,0.94621867,0.76383215,0.9144139,0.94216543,0.9297523,0.93261635,0.9020162,0.9310616,0.9429362,0.9321458,0.94246167,0.9393896,0.94889796,0.93594205,0.96768576,0.91542614,0.9313634,0.94209045,0.9372942,0.9518991,0.9350293,0.94621867,0.94307303,0.9263504,0.9618289,0.95408076,0.9250084,0.9470985,0.92253685,0.9506497,0.93147135,0.94777066,0.9427523,0.9327944,0.9340808,0.96606493,0.94826806,0.9543375,0.9416178,0.9612779,0.9375673,0.8335913,0.9481273,0.8800523,0.930441,0.9410075,0.957895,0.9363777,0.9485124,0.93523246,0.93051666,0.9467783,0.9568401,0.95287246,0.9368571,0.93419826,0.94451004,0.96044445,0.94337004,0.90477854,0.9282115,0.9373944,0.9353649,0.9441508,0.9406172,0.93132806,0.9540391,0.93978786,0.95666605,0.9431077,0.966362,0.9399508,0.94990176,0.9519262,0.93382686,0.9424708,0.9214981,0.92935914,0.945988,0.9476544,0.92838234,0.92798847,0.92983896,0.9008555,0.92477036,0.9514847,0.9465111,0.9382667,0.92140454,0.9212519,0.966362,0.9400976,0.93558234,0.95181173,0.96255535
annabellemovie,0.96181315,0.94726926,0.95540094,0.9580631,0.9701849,0.9628014,0.95759755,0.9508281,0.97711766,0.95659214,0.94354993,0.936779,1.0,0.9661706,0.94933635,0.95579386,0.94087887,0.96070963,0.9571417,0.9367801,0.9606543,0.9524608,0.95867676,0.9680854,0.93589675,0.8576155,0.95661217,0.947774,0.96198255,0.94537705,0.94617563,0.9535046,0.9452678,0.933269,0.9337783,0.9045131,0.9510871,0.96981835,0.95424277,0.9435239,0.9691006,0.95466787,0.95713294,0.9603256,0.95487124,0.9381386,0.9573594,0.93954605,0.9388832,0.9653167,0.95454305,0.9558286,0.96999925,0.95415366,0.96201885,0.9602601,0.9254087,0.9519827,0.952442,0.9469575,0.9769633,0.95582616,0.9539285,0.9703882,0.9623606,0.936873,0.95221287,0.94454956,0.9504703,0.9357632,0.9604132,0.77763724,0.9263103,0.94906926,0.93550175,0.91988504,0.9174017,0.92978173,0.9491015,0.9544512,0.9463533,0.95142454,0.97373825,0.94321257,0.9578216,0.9343017,0.9643751,0.9833697,0.9359918,0.9523946,0.95380217,0.9604132,0.95554787,0.94212,0.9446212,0.9530068,0.9626156,0.9574116,0.94427246,0.9425096,0.9391462,0.95896757,0.9531283,0.9476176,0.9513316,0.95605505,0.96113914,0.9686408,0.93435407,0.9392738,0.95012355,0.8570036,0.9616896,0.88308513,0.9533376,0.96217525,0.9662379,0.92262894,0.9495197,0.95976996,0.95525485,0.96326655,0.95994925,0.94704664,0.9443103,0.9524828,0.9771802,0.9532962,0.95028996,0.92520195,0.9591422,0.9487213,0.9562297,0.93777686,0.96328115,0.9507641,0.9609973,0.94122183,0.9623969,0.93508476,0.97711766,0.9564401,0.95140594,0.962617,0.9501634,0.9363341,0.9230259,0.95584667,0.9692197,0.9583777,0.9537832,0.9557057,0.94516206,0.91250837,0.9509042,0.9489197,0.9540578,0.96567154,0.95188093,0.9583989,0.97711766,0.9504769,0.9520977,0.9618075,0.95238745
annamovie,0.9636394,0.93714,0.9543367,0.9536891,0.9668607,0.95827764,0.96757966,0.96630436,0.98133594,0.9503855,0.95957637,0.9476984,0.9661706,0.9999999,0.9614897,0.94578296,0.95523036,0.9632647,0.95036554,0.9451472,0.9640286,0.9687831,0.9708031,0.9661345,0.9543835,0.8856154,0.9626308,0.95002806,0.9621412,0.94942856,0.95756257,0.9624551,0.9461963,0.9481906,0.9231066,0.92442983,0.9757849,0.9614782,0.95423263,0.9520936,0.9577178,0.9638227,0.963626,0.96666104,0.95443183,0.94733024,0.96496487,0.97014856,0.94313073,0.96853846,0.95838016,0.9688335,0.9684195,0.9481171,0.95691097,0.9623791,0.9344131,0.9571892,0.9605787,0.9651061,0.9708876,0.9584186,0.96517384,0.9768619,0.966746,0.94032264,0.9496905,0.95856947,0.9707809,0.9515528,0.9701555,0.75679296,0.9363147,0.963339,0.9375358,0.9268487,0.91740113,0.932912,0.94773376,0.9456165,0.96664166,0.94981617,0.9680773,0.95246184,0.9490576,0.9561877,0.96190006,0.9702748,0.93701535,0.9597448,0.95486087,0.9701555,0.9704507,0.95747733,0.9620251,0.96309847,0.9661115,0.9619706,0.95251,0.9656597,0.9592778,0.9675917,0.94709134,0.96185505,0.96294713,0.95745075,0.95909154,0.9657077,0.9497665,0.96330965,0.9617133,0.87713367,0.95461893,0.8786831,0.9626967,0.9578233,0.9685678,0.9306491,0.96327245,0.9649336,0.9522848,0.97083116,0.9630029,0.95283467,0.9480992,0.9555259,0.9556283,0.9461928,0.9560541,0.9320241,0.95672065,0.94932085,0.95712703,0.9395613,0.9514341,0.95490575,0.9668047,0.9541327,0.9669397,0.9494153,0.98133594,0.96507156,0.95862514,0.9634973,0.9512654,0.9469345,0.9434856,0.9520592,0.96123725,0.9531778,0.9604588,0.95689976,0.950508,0.9359131,0.95854104,0.9592262,0.9557703,0.9598799,0.945736,0.9445394,0.98133594,0.943063,0.96138185,0.96955776,0.95796996
apollo11movie,0.95250565,0.9390705,0.9663491,0.9569177,0.9652436,0.96418524,0.97724867,0.96241957,0.9803365,0.96227944,0.94472736,0.94787705,0.94933635,0.9614897,1.0000002,0.9654815,0.95553154,0.94958943,0.9533359,0.97359294,0.949851,0.97558224,0.957832,0.9701,0.9621135,0.87866825,0.95951533,0.9519869,0.97057545,0.9563069,0.9523076,0.9519288,0.94845587,0.9515433,0.9309468,0.9211356,0.9695179,0.9612206,0.9616146,0.96546197,0.96695817,0.9668179,0.9581587,0.9657355,0.9560765,0.9476264,0.9524607,0.9615988,0.9544337,0.9657397,0.9633148,0.96759677,0.96617746,0.95291024,0.95549417,0.9700746,0.96908706,0.95685047,0.9623576,0.95732814,0.959392,0.9534327,0.96046084,0.95079345,0.9621971,0.9477191,0.9506201,0.95339566,0.96167994,0.959666,0.97116876,0.76532656,0.94659626,0.9554338,0.9518013,0.951906,0.91755,0.934221,0.9626169,0.951959,0.9533035,0.95894265,0.9623734,0.9620523,0.95293707,0.94891006,0.9552693,0.9601241,0.9485227,0.968656,0.9518843,0.97116876,0.95784277,0.95893294,0.95897543,0.96845096,0.96232104,0.960979,0.964612,0.9602325,0.95478374,0.9546531,0.95810664,0.9661287,0.945506,0.95868886,0.96335804,0.96507674,0.9478198,0.948349,0.94931644,0.8929907,0.9516959,0.90486866,0.9561302,0.9595675,0.9715844,0.95484924,0.9507099,0.96775925,0.94942,0.9524674,0.96724784,0.9662647,0.9605538,0.9534972,0.96119165,0.9567948,0.9618053,0.9267124,0.9506148,0.9563299,0.96017146,0.9483252,0.9623462,0.9554372,0.96453285,0.9555725,0.9650856,0.9489315,0.9803365,0.961771,0.95479155,0.95143324,0.95731133,0.95635635,0.95067,0.9503361,0.95664334,0.95649886,0.96789175,0.95343816,0.9501611,0.9232645,0.9608875,0.9639455,0.9457934,0.96554106,0.9513859,0.9604264,0.9803365,0.9582818,0.96546066,0.95667994,0.96040547
arcticdogsmovie,0.9501077,0.9673839,0.9657868,0.96493304,0.9672861,0.95170665,0.9608988,0.95237184,0.9773941,0.95783746,0.93408555,0.9328784,0.95579386,0.94578296,0.9654815,0.99999994,0.9493604,0.95223606,0.9521798,0.96196914,0.96047723,0.9675627,0.95461535,0.9593931,0.9442343,0.87736064,0.9567206,0.9590071,0.9649476,0.9469578,0.94594973,0.9446245,0.94282633,0.9324785,0.9492882,0.92606354,0.95748967,0.95502436,0.9543584,0.9428167,0.95686835,0.9552323,0.95170015,0.9579856,0.9537941,0.94569874,0.9547172,0.9488291,0.95712113,0.9620571,0.9531504,0.9583152,0.96090263,0.9557212,0.93775165,0.9694286,0.9504303,0.95694387,0.9550656,0.9579044,0.9540588,0.9525682,0.9522898,0.952171,0.9643465,0.9433819,0.95400304,0.9463426,0.948618,0.9539044,0.9700583,0.7873693,0.93866324,0.95574725,0.9608283,0.9352125,0.920027,0.92120945,0.9550461,0.95653784,0.94071954,0.9489526,0.9647852,0.9619836,0.94470394,0.9388569,0.95295906,0.9569594,0.95278883,0.9673099,0.94389695,0.9700583,0.94823,0.94933355,0.94286907,0.9479363,0.9505673,0.95601636,0.95346814,0.94041127,0.9510208,0.9565811,0.95258665,0.955517,0.93765384,0.9527962,0.95540696,0.9673124,0.9527153,0.9401885,0.93928665,0.88338876,0.95249045,0.90457404,0.9617759,0.95118034,0.96250623,0.95298016,0.94580656,0.962576,0.9495418,0.9506878,0.95974433,0.9451701,0.9497818,0.9584173,0.9644584,0.95131403,0.95397204,0.93895125,0.96291804,0.9600638,0.9665342,0.9386381,0.964938,0.94655204,0.95986474,0.9475975,0.9648395,0.94357413,0.9773941,0.9595202,0.9592523,0.9427265,0.9348111,0.9581051,0.9434832,0.9564193,0.95067054,0.94982475,0.95568186,0.96176416,0.95618236,0.91142565,0.95871645,0.9563915,0.93409246,0.96522427,0.9610443,0.9664225,0.9773941,0.9537129,0.9557523,0.95782036,0.9498214
arcticmovie,0.95105666,0.94585097,0.95653427,0.9463195,0.9637177,0.95294327,0.95639026,0.94221205,0.9722649,0.94875103,0.9472194,0.9353377,0.94087887,0.95523036,0.95553154,0.9493604,0.9999997,0.96288806,0.94420993,0.95062524,0.9401583,0.96146816,0.9634711,0.9595079,0.9629846,0.85728973,0.95025617,0.9717844,0.95843214,0.9485277,0.9461672,0.96650964,0.94841015,0.94046885,0.91983896,0.9211625,0.9635043,0.9584881,0.9466798,0.95559144,0.94813573,0.95208985,0.94566995,0.9507281,0.95184004,0.94889796,0.95855254,0.95452344,0.9551151,0.95123565,0.9558609,0.97174525,0.9561878,0.94787425,0.9482089,0.95236987,0.9379972,0.9512565,0.95817286,0.9434164,0.9496439,0.93973696,0.9436288,0.94971967,0.95842725,0.94940335,0.94455945,0.9616906,0.9451685,0.9387529,0.95769113,0.77511066,0.92853886,0.9603957,0.9301781,0.951551,0.92114776,0.9279982,0.9456818,0.9448686,0.9431884,0.9550596,0.9606237,0.9390039,0.94464356,0.9574899,0.947274,0.9501809,0.9489633,0.9659296,0.93880355,0.95769113,0.94089097,0.9465305,0.9523205,0.94613403,0.946189,0.9537105,0.9525205,0.9515127,0.95022166,0.95416075,0.94516814,0.9461454,0.93735397,0.9595794,0.96265423,0.9574394,0.95255315,0.96016026,0.96229166,0.8717044,0.94244504,0.8970901,0.94479513,0.95589316,0.96311677,0.92198676,0.9530692,0.94837904,0.92932045,0.93965065,0.95892966,0.94964737,0.94627434,0.96277285,0.9485426,0.9367162,0.95954967,0.9168098,0.9380021,0.9574873,0.9738147,0.9558394,0.9444294,0.9530021,0.9490031,0.9622133,0.95296305,0.9521083,0.9722649,0.9528143,0.95832855,0.94825613,0.9369256,0.95558214,0.95391214,0.935313,0.9481978,0.9528674,0.9497238,0.9374936,0.95494324,0.9258569,0.94184476,0.9535517,0.9432503,0.948387,0.9364258,0.94283867,0.9722649,0.94715303,0.9545453,0.96105,0.9498785
artofracingmovie,0.9619966,0.9552754,0.96012205,0.9583727,0.97869223,0.9487512,0.96054554,0.9443925,0.9764354,0.9665834,0.93482965,0.94520813,0.96070963,0.9632647,0.94958943,0.95223606,0.96288806,1.0000001,0.9552623,0.94523203,0.9537765,0.95309633,0.9582373,0.96093094,0.9430099,0.8740967,0.95897394,0.96130353,0.9634633,0.947896,0.9430198,0.94743866,0.94672936,0.943128,0.9314271,0.90973896,0.95503646,0.9577376,0.9418428,0.9401491,0.9547013,0.94521034,0.9473793,0.9487135,0.95111203,0.9327909,0.95808667,0.9610178,0.94992644,0.95144445,0.9519675,0.9616221,0.9587549,0.9572789,0.9543673,0.9598226,0.9327411,0.9577355,0.9587966,0.9481988,0.96475875,0.946881,0.9510159,0.96249443,0.96168244,0.9337002,0.9483097,0.9595141,0.941226,0.93958986,0.96088606,0.76177084,0.9177615,0.95579046,0.93397224,0.9323351,0.93268347,0.9289479,0.94764215,0.9564897,0.9475282,0.96069247,0.96460205,0.94574064,0.94540036,0.9475979,0.95435965,0.9595576,0.93707675,0.96505994,0.93566734,0.96088606,0.9555058,0.9633053,0.942864,0.94231373,0.95133114,0.9566883,0.94279444,0.943695,0.93143207,0.9602389,0.9452574,0.94503886,0.95218647,0.95093966,0.9526671,0.96333486,0.9464965,0.94975066,0.9472749,0.8600741,0.94187206,0.88703257,0.9483815,0.9521078,0.96564263,0.9156343,0.9572962,0.9568157,0.9412709,0.9474642,0.9648366,0.94631624,0.93608093,0.96312153,0.95583105,0.9371253,0.9666587,0.9121395,0.9477864,0.9575715,0.9670329,0.9442303,0.9568015,0.95421433,0.96389693,0.942683,0.9662398,0.9564376,0.9764354,0.9483804,0.9538169,0.94969535,0.9405945,0.9464884,0.9459453,0.9421814,0.9599545,0.9545624,0.94977516,0.94039875,0.9526851,0.93358,0.9424381,0.9516029,0.9420869,0.9576121,0.9448055,0.9451931,0.9764354,0.94443804,0.9488043,0.95771044,0.96105057
avengers,0.97714573,0.9522195,0.9611989,0.9516916,0.96316,0.95522666,0.95549726,0.9561544,0.97357607,0.9521381,0.94885284,0.9442401,0.9571417,0.95036554,0.9533359,0.9521798,0.94420993,0.9552623,1.0000001,0.9518152,0.9464068,0.95396715,0.9556513,0.95894015,0.94383,0.842525,0.9545734,0.95035416,0.96265197,0.9426601,0.9589203,0.9488028,0.94648105,0.9329573,0.92355514,0.9004758,0.95672244,0.9518663,0.94734627,0.94103354,0.96146214,0.9443723,0.94227785,0.9545173,0.9502291,0.9441188,0.9472237,0.9418896,0.94753,0.9575518,0.9600976,0.9597106,0.95390743,0.95154035,0.94964135,0.9461037,0.93188775,0.94072676,0.9647162,0.9589555,0.9662501,0.95802724,0.9520822,0.9542266,0.955105,0.9357569,0.94356966,0.95426846,0.9444348,0.9522386,0.9684044,0.8152889,0.9099401,0.9419404,0.9161215,0.9303006,0.9058125,0.92945135,0.9570159,0.9387587,0.95677274,0.9549977,0.9639357,0.9392066,0.9415753,0.9349619,0.9512319,0.9648738,0.9537511,0.9578149,0.9479819,0.9684044,0.9475901,0.94643503,0.9515447,0.96290463,0.95628417,0.9599954,0.9339856,0.9361562,0.9429016,0.9634519,0.96468073,0.9553984,0.9399167,0.96212757,0.95516723,0.9615702,0.9384603,0.93743545,0.96130943,0.8418711,0.942577,0.86965257,0.94339687,0.9588143,0.97241104,0.91989654,0.9542494,0.9500421,0.94609857,0.95164144,0.9592278,0.94620764,0.93927795,0.95272195,0.9671809,0.95834917,0.94903857,0.918397,0.9359598,0.953699,0.94644916,0.93903226,0.9471645,0.9466788,0.9674385,0.9369721,0.9598417,0.94455546,0.97357607,0.9547156,0.95966965,0.9474881,0.9433471,0.9434847,0.92555046,0.93700075,0.9610558,0.96355575,0.9384524,0.9460275,0.9489602,0.9198996,0.95246077,0.9604916,0.9472845,0.9625783,0.9432409,0.9390857,0.97357607,0.9552435,0.9491102,0.9639708,0.9510282
beachbummovie,0.94030404,0.9398655,0.9565435,0.949677,0.95871633,0.9497667,0.96350473,0.95328563,0.96897405,0.9413961,0.92622805,0.94558585,0.9367801,0.9451472,0.97359294,0.96196914,0.95062524,0.94523203,0.9518152,0.9999999,0.94295406,0.9702246,0.9475943,0.960005,0.95867836,0.8510038,0.9385931,0.9439362,0.958057,0.9527354,0.9448714,0.95141053,0.93011826,0.9326784,0.92655236,0.924504,0.9582141,0.9460237,0.9579664,0.9414751,0.9513659,0.9441438,0.94257796,0.9488047,0.9371342,0.95098895,0.94123554,0.9597299,0.9575715,0.95086825,0.9546887,0.9629347,0.947501,0.9539153,0.9419332,0.9594194,0.94720703,0.9406055,0.95107913,0.93099564,0.9425901,0.95461106,0.9426852,0.9391864,0.95487636,0.9305069,0.935212,0.95001525,0.9398662,0.94719714,0.95197654,0.7759043,0.9438137,0.9376255,0.934442,0.919897,0.8955156,0.9168261,0.95086944,0.94272524,0.9378715,0.95430404,0.9536371,0.95825183,0.9513019,0.9352811,0.9316087,0.9469805,0.93617666,0.9556678,0.94709694,0.95197654,0.9476052,0.9456556,0.95497745,0.9589302,0.93241036,0.95629567,0.95490783,0.94465977,0.94084024,0.95427686,0.9377673,0.9427221,0.9340261,0.9568758,0.9555503,0.95112115,0.9457923,0.93828887,0.943652,0.88210785,0.9300556,0.90942216,0.9405047,0.94098717,0.9539842,0.9413593,0.93912876,0.96004677,0.92860925,0.9395531,0.95788735,0.95175827,0.9333357,0.9449716,0.94811445,0.94857305,0.9490013,0.92124134,0.94506747,0.94162613,0.94949263,0.9418561,0.94041204,0.95344985,0.9493563,0.94767225,0.9500238,0.9438306,0.96897405,0.95137614,0.9587818,0.9401745,0.9370651,0.9643801,0.947506,0.94211066,0.9393712,0.9450781,0.9568794,0.94245243,0.947253,0.8971474,0.94017774,0.9463493,0.9374666,0.9534985,0.93170506,0.9338628,0.96897405,0.94478005,0.9496688,0.9527532,0.94868225
bernadettefilm,0.94622487,0.9433336,0.9570714,0.9625546,0.9652451,0.9377154,0.96366477,0.9507249,0.9730631,0.947345,0.93492293,0.9273477,0.9606543,0.9640286,0.949851,0.96047723,0.9401583,0.9537765,0.9464068,0.94295406,0.99999994,0.96035296,0.9552412,0.96043324,0.9384108,0.88737345,0.95325786,0.9481777,0.95573163,0.93767756,0.94716203,0.94655895,0.9448579,0.93048555,0.93434364,0.9209046,0.95283556,0.9498034,0.9456473,0.9381484,0.9503862,0.94268095,0.94488066,0.94682056,0.9555188,0.94142056,0.9540457,0.950691,0.95368165,0.9548565,0.9533831,0.9607018,0.96016717,0.9434903,0.9446622,0.96137124,0.9427919,0.9481145,0.95718366,0.9511825,0.9559041,0.9598049,0.9667086,0.96747965,0.9630767,0.94632596,0.9430494,0.9452962,0.9533801,0.9520925,0.9608643,0.76008147,0.9320942,0.9504905,0.9421794,0.92103404,0.9182689,0.9297985,0.94613564,0.954182,0.95271236,0.9455954,0.9615668,0.9542176,0.94158846,0.93321586,0.943531,0.95875883,0.9403261,0.95887715,0.9447167,0.9608643,0.9615886,0.9491653,0.9472227,0.9490462,0.9552602,0.95219934,0.9491174,0.93018925,0.94658524,0.96914446,0.9481216,0.9514769,0.94245285,0.95285517,0.9628284,0.9641692,0.9277301,0.94723076,0.94746304,0.8702056,0.95673674,0.8837953,0.9608532,0.94777375,0.9570672,0.9316561,0.9559952,0.96628463,0.9501722,0.95520526,0.9508628,0.946078,0.9387974,0.9580579,0.9531744,0.94969976,0.94603837,0.92754865,0.9781773,0.9541374,0.9638378,0.93983704,0.9616038,0.94353324,0.95282924,0.94184595,0.9576278,0.9356794,0.9730631,0.96056855,0.962137,0.94223475,0.9314685,0.95571196,0.93757284,0.9512856,0.94966835,0.93895507,0.95784557,0.95432824,0.9428968,0.9111895,0.94572276,0.9387303,0.9437134,0.95820487,0.9409383,0.9460049,0.9730631,0.9489468,0.953936,0.96171254,0.95717824
