movie,21bridgesmovie,47metersdown,abeautifuldaymovie,abominablemovie,adastramovie,adogsjourneymovie,aftermathmovie,aftermovie,ahiddenlifefilm,alitamovie,angelhasfallen,angrybirdsmovie,annabellemovie,annamovie,apollo11movie,arcticdogsmovie,arcticmovie,artofracingmovie,avengers,beachbummovie,bernadettefilm,blackandbluemovie,blackchristmas,blindedbythelightmovie,bombshellmovie,booksmart,breakthroughmovie,brianbanksmovie,brightburnmovie,brittanyrunsmov,captainmarvelofficial,captivestatemovie,catsmovie,charliesangels,childsplaymovie,clarathefilm,coldpursuitmovie,countdown,currentwarmovie,darkwatersmovie,detectivepikachumovie,disneyaladdin,disneyfrozen,disneymaleficent,doctorsleepmovie,dolemiteismyname,dontletgomovie,doramovie,downtonabbey_official,dumbo,escaperoom,everybodyknowsmovie,fastandfuriousmovie,fightingwmyfam,fivefeetapartfilm,fordvferrari,freaksthefilm,geminimanmovie,glassmovie,gloriabellmovie,godzillamovie,goldfinchmovie,goodboysmovie,goodliarmovie,gretafilm,halathemovie,happydeathdaymovie,harrietfilm,hellboymovie,hersmellmovie,highlifemovie,highstrungmovie,honeyboymovie,hotelmumbaifilm,httydragon,hustlemovie,hustlersmovie,isntitromantic,itmovieofficial,jayandsilentbob,johnwickmovie,jojorabbitmovie,jokermovie,judythefilm,jumanjimovie,justmercyfilm,knivesout,lalloronamovie,lastblackmansf,lastchristmasthemovie,latenightmovie,lighthousemovie,lionking,littlethemovie,littlewomenmovie,littlewoodsfilm,longshotmovie,lordsofchaosmovie,lucyintheskyfilm,mamovie2019,marriagestory,meettheaddams,meninblack,midsommarmovie,midwaymovie,missbalamovie,missinglinkfilm,motherlessbklyn,onceinhollywood,onthebasisofsex,overcomermovie,peanutbutterfalcon,petsematarymovie,piercingmovie,playingwithfire,playmobilthemovie,pomsmovie,queenandslim,rambomovie,readyornotfilm,richardjewellfilm,rocketmanmovie,scarystoriesmovie,secretlifeofpets,serenityfilm,shaftmovie,shazammovie,spidermanmovie,spiesindisguise,starwars,stormboymovie,stubermovie,taosdfilm,teenspiritmov,terminator,theaeronautsmov,thebestofenemies,thedeaddontdie,thefarewell,thehighwaymen,thehummingbirdprojectfilm,theintrudermovie,theirishmanfilm,thekitchenmovie,thelegomovie,themustangfilm,thenightingalefilm,theprodigymovie,thesunisalsoastar,theupsidefilm,tolkienmovie,toystory,triplefrontier,uglydolls,uncutgems,underthesilverlake,usmovie,wavesmovie,whatmenwant,wonderparkmovie,wrinklestheclown,xmenmovies,yardiefilm,yesterdaymovie,zombieland
21bridgesmovie,1.0,0.9467206,0.9747735,0.9511294,0.9750509,0.9674343,0.964046,0.96900773,0.98449033,0.9777233,0.9700737,0.96800536,0.9723038,0.9769385,0.97066283,0.9663131,0.9745238,0.9818961,0.97954917,0.95381653,0.9674349,0.96841913,0.978519,0.96346986,0.96801746,0.8251398,0.9695704,0.9693652,0.9744876,0.95562106,0.96613616,0.97850364,0.94840026,0.9551676,0.92751324,0.92181146,0.9712601,0.9760037,0.96936274,0.9743273,0.94803417,0.96897525,0.9562459,0.9739289,0.9654139,0.97243655,0.9769114,0.9716394,0.949156,0.9760487,0.9792883,0.97636193,0.9590496,0.9629811,0.96365774,0.9690774,0.9655206,0.97031295,0.96286887,0.9689235,0.95444214,0.9652672,0.9672664,0.9643717,0.9617982,0.97092676,0.9496489,0.9713975,0.9706791,0.9440871,0.9727402,0.7631787,0.9511968,0.9769341,0.9549915,0.9567191,0.89464617,0.94668734,0.9656434,0.96973747,0.9721841,0.9554467,0.97337943,0.9514766,0.9654302,0.93848705,0.95947546,0.9798618,0.9758181,0.98428184,0.9790654,0.9727402,0.970534,0.9579976,0.967971,0.97282386,0.96201736,0.95136034,0.96643347,0.9747813,0.972603,0.9741819,0.97995704,0.97403014,0.96436334,0.9737475,0.9717578,0.9744539,0.968417,0.9705015,0.97804594,0.7952688,0.97925353,0.9026329,0.96324456,0.98027855,0.9922001,0.96084714,0.9727466,0.96042174,0.96481353,0.96946853,0.9727244,0.948633,0.9857942,0.97037125,0.977929,0.95369405,0.96729654,0.93538904,0.96938753,0.967465,0.9673644,0.9578809,0.9794823,0.965139,0.97574097,0.9710574,0.9727876,0.9832312,0.98449033,0.9701341,0.96630335,0.965805,0.9605814,0.9676075,0.9569285,0.95052546,0.96967244,0.97482353,0.9575165,0.97095436,0.97056043,0.9742475,0.95650935,0.9668275,0.97981495,0.97432196,0.9779891,0.96754426,0.98449033,0.95879227,0.9804389,0.9730818,0.9760276
47metersdown,0.9467206,0.99999976,0.9523484,0.9256639,0.9362722,0.95550334,0.95422363,0.9638705,0.960519,0.9338889,0.9346484,0.94822806,0.95253366,0.93841046,0.9393923,0.94671804,0.94363576,0.93447924,0.9447144,0.93116456,0.9525568,0.9335246,0.9431998,0.9522947,0.95031166,0.81196445,0.9330818,0.9337686,0.950366,0.95018923,0.9241911,0.95344645,0.92442966,0.9436651,0.9229002,0.8960132,0.9418065,0.94397664,0.9301166,0.95712906,0.93938696,0.9468855,0.94389856,0.94581324,0.940319,0.94721574,0.9386159,0.93967664,0.9228211,0.9453893,0.9555439,0.9536612,0.93995345,0.95164114,0.94095856,0.92743933,0.93809354,0.9440776,0.95254695,0.9371366,0.9378344,0.9432975,0.9408495,0.9443337,0.9486516,0.9327755,0.9363325,0.95877963,0.93137515,0.92296135,0.9440186,0.7914683,0.9118024,0.9561384,0.91541815,0.93411237,0.8874161,0.9384928,0.9452108,0.94124866,0.93623275,0.95254064,0.95613456,0.91528887,0.95446086,0.916125,0.94908494,0.94853467,0.94913465,0.9580186,0.9520928,0.9440186,0.93207383,0.94193405,0.9505181,0.9428437,0.9373831,0.9393557,0.9595518,0.9420689,0.93908954,0.9469197,0.9660737,0.9589368,0.9460299,0.950959,0.9411523,0.9651803,0.9411787,0.94977814,0.9601073,0.773223,0.93693113,0.8853963,0.9252475,0.9433787,0.9504802,0.92417985,0.93934625,0.95103115,0.9618997,0.9376566,0.94259465,0.9393503,0.94406796,0.94198877,0.9504792,0.94788694,0.9333839,0.9082659,0.94659054,0.927993,0.94854367,0.9328148,0.93514997,0.94922715,0.9363433,0.9415654,0.95033664,0.9471735,0.960519,0.9445208,0.944224,0.95301026,0.93620104,0.9448444,0.92486906,0.92785436,0.9626461,0.95009726,0.9373124,0.9438082,0.9408426,0.92919785,0.9355497,0.9363161,0.94606376,0.94068235,0.94837403,0.9215589,0.960519,0.92680544,0.9461572,0.9405983,0.94070804
abeautifuldaymovie,0.9747735,0.9523484,1.0,0.9548484,0.9599713,0.95379335,0.962574,0.9715121,0.98390055,0.9674917,0.9689496,0.97943896,0.9672517,0.9700095,0.9742688,0.9659013,0.96385384,0.96075326,0.9681047,0.95329404,0.96477515,0.9816892,0.9655551,0.97061604,0.96888787,0.8444517,0.9705887,0.95752865,0.9788246,0.9580553,0.9496838,0.9712584,0.9498445,0.9638243,0.93059325,0.9329245,0.96821356,0.9689521,0.972856,0.9704547,0.9612707,0.9699265,0.9656318,0.9721966,0.96091396,0.9817898,0.9599674,0.96105546,0.95251614,0.97506565,0.9900475,0.9777107,0.95669526,0.97235656,0.9695712,0.9639772,0.96452403,0.9750581,0.9596529,0.97517866,0.9645572,0.9633796,0.9526293,0.9648571,0.9701982,0.9767962,0.9542577,0.9726848,0.9496497,0.9531269,0.9660963,0.73497933,0.956474,0.96992296,0.96549964,0.9525004,0.91425437,0.94853693,0.96284866,0.96915996,0.9636333,0.96623135,0.97336483,0.946964,0.9675078,0.9418566,0.9547099,0.9715015,0.9701174,0.9813348,0.9721692,0.9660963,0.97974795,0.9649188,0.9832235,0.98195004,0.95399135,0.9406311,0.9650897,0.9751309,0.9679119,0.9687301,0.9760549,0.9726803,0.9667117,0.9839078,0.98078215,0.978642,0.9692675,0.9686195,0.98150444,0.8163308,0.9764176,0.8854337,0.9669353,0.95734984,0.97793406,0.9605989,0.9597215,0.9537688,0.96161324,0.97627276,0.96943474,0.930591,0.9670257,0.95874417,0.98124695,0.9734487,0.97157854,0.9446909,0.9658651,0.9580801,0.95848244,0.95742834,0.9738872,0.9649719,0.97238314,0.9753506,0.97455055,0.97194284,0.98390055,0.97776,0.9727675,0.96980923,0.9570776,0.9655915,0.95091796,0.9550964,0.97533274,0.97047526,0.9612625,0.9855127,0.9808228,0.9623515,0.95684063,0.96310353,0.9738797,0.9720534,0.97867084,0.96092147,0.98390055,0.95768636,0.97218764,0.97019523,0.9795274
abominablemovie,0.9511294,0.9256639,0.9548484,0.9999999,0.9659362,0.9524581,0.96339893,0.9648303,0.9707325,0.96384835,0.96314156,0.9475164,0.96464336,0.95820814,0.95784366,0.9553365,0.93450415,0.9478994,0.9485342,0.9607761,0.9409839,0.95041835,0.93955505,0.9507239,0.9603855,0.8087564,0.9378071,0.95308155,0.94066054,0.94075537,0.9304558,0.9394896,0.92429626,0.92903614,0.93902504,0.92404556,0.9556873,0.9663609,0.95700276,0.951313,0.95379794,0.95214474,0.93465346,0.9578603,0.96241534,0.97594446,0.9372488,0.94353616,0.949894,0.95871824,0.95193523,0.9620223,0.9536729,0.95348877,0.95220035,0.9540725,0.96151143,0.96599984,0.9586939,0.9527917,0.9572319,0.96646845,0.9590892,0.95279115,0.9578036,0.95757705,0.9496718,0.9516955,0.94684297,0.941328,0.95550823,0.7316256,0.95291024,0.96155155,0.95601445,0.95837474,0.9040178,0.9437975,0.9557644,0.937623,0.9528446,0.96777415,0.95269924,0.9220427,0.95356715,0.93981844,0.9587627,0.9712316,0.9562515,0.95883507,0.95490885,0.95550823,0.970424,0.94977635,0.96911305,0.97116613,0.95885247,0.931191,0.9559131,0.9522049,0.9556954,0.96330327,0.94923407,0.9591518,0.9455484,0.9467144,0.96443206,0.9503987,0.9546483,0.9393768,0.9445222,0.804961,0.9592993,0.89084077,0.9494074,0.9533369,0.9540529,0.9469324,0.96477675,0.95800704,0.96144605,0.9559975,0.9562339,0.94892776,0.952159,0.93769675,0.96575445,0.93688494,0.9493232,0.8791909,0.9442245,0.94395477,0.9562284,0.9059917,0.950343,0.94979995,0.95114267,0.9508542,0.96125287,0.95653003,0.9707325,0.95182073,0.9421319,0.9418507,0.93439037,0.94870013,0.93954283,0.9511248,0.94730717,0.9716614,0.95749223,0.95516646,0.9518276,0.9385779,0.9368821,0.92920095,0.9485272,0.96239334,0.96198523,0.94024926,0.9707325,0.9410723,0.9588915,0.9653284,0.9422421
adastramovie,0.9750509,0.9362722,0.9599713,0.9659362,0.99999994,0.9604354,0.97357637,0.97105205,0.9829861,0.9693801,0.9659268,0.965034,0.97047657,0.9770637,0.9607508,0.95821065,0.9607144,0.97831166,0.96281606,0.9644073,0.96587044,0.95945346,0.96490526,0.96167725,0.951312,0.82606703,0.9585802,0.9689732,0.96084404,0.952785,0.96044827,0.97007674,0.95233077,0.9393527,0.93391216,0.90744156,0.9628591,0.9657932,0.96785057,0.97725594,0.95039886,0.9674678,0.95565885,0.97091806,0.9628263,0.96769047,0.9612044,0.96294105,0.9600808,0.9725888,0.96851796,0.9734891,0.94805783,0.9528669,0.96160275,0.97925746,0.96437967,0.96581477,0.96479875,0.96635365,0.96599597,0.9676443,0.96029735,0.96579134,0.9566759,0.9692291,0.95966405,0.96268415,0.9548893,0.9478921,0.9663891,0.75638354,0.9575999,0.97441375,0.96149635,0.94829035,0.8800363,0.9348659,0.97187006,0.96247935,0.9657761,0.9621184,0.9738905,0.94512546,0.9537662,0.94592637,0.96365243,0.9741378,0.9736158,0.97441816,0.9696776,0.9663891,0.96170485,0.9589853,0.96369547,0.96474427,0.9548457,0.9488464,0.97124547,0.97203135,0.9600685,0.9702485,0.97356075,0.97105885,0.95018303,0.96691746,0.9674231,0.9676215,0.9609551,0.9606959,0.96118355,0.7919326,0.9754629,0.89012986,0.95038354,0.96388614,0.9763693,0.9591442,0.9752599,0.9717324,0.96770334,0.96051216,0.9719059,0.9428814,0.97600305,0.9738924,0.9769984,0.94388294,0.96834993,0.9144878,0.9669849,0.96369725,0.9762128,0.93905157,0.96902525,0.95593846,0.96423596,0.96192604,0.9690214,0.9693959,0.9829861,0.9593857,0.95980436,0.95975566,0.95050853,0.9618676,0.94584846,0.95534915,0.96349335,0.9702879,0.9695638,0.96411455,0.9640965,0.95727766,0.95325154,0.9540324,0.96648145,0.9716209,0.9663004,0.9540652,0.9829861,0.9600113,0.9639016,0.9737636,0.96404743
adogsjourneymovie,0.9674343,0.95550334,0.95379335,0.9524581,0.9604354,1.0,0.97801113,0.9757388,0.9816569,0.9589316,0.9672056,0.96490026,0.978597,0.9590276,0.96252936,0.96077263,0.9639377,0.94437146,0.95741194,0.9562127,0.97291183,0.9535679,0.9799486,0.97053945,0.9671469,0.8319866,0.93744826,0.959579,0.95856047,0.9768378,0.95816016,0.9664441,0.93338597,0.9496643,0.94512546,0.927773,0.96415484,0.97343063,0.9620068,0.96359795,0.9597204,0.955413,0.95650274,0.96021503,0.96381307,0.9612757,0.9814151,0.9700446,0.96078515,0.95718116,0.9651591,0.9714359,0.96326005,0.95522416,0.9614792,0.9510678,0.9650724,0.96147376,0.9779443,0.9626659,0.9567731,0.9588878,0.96122754,0.9569755,0.9642789,0.9596898,0.9478018,0.9697849,0.96637416,0.9654889,0.9660838,0.80266505,0.95098674,0.9727312,0.9431622,0.9508503,0.91298616,0.9525539,0.9665936,0.9662976,0.9739919,0.9707474,0.9653136,0.9584169,0.9579275,0.9449712,0.97199476,0.97761375,0.9657769,0.9705387,0.9707951,0.9660838,0.9539857,0.95001113,0.95938283,0.9683053,0.96100485,0.9644703,0.9727342,0.97135895,0.9705095,0.9724436,0.97026736,0.9658524,0.95463306,0.95887226,0.9712261,0.96728015,0.9624927,0.9634934,0.966716,0.78274375,0.95847976,0.918763,0.95132726,0.97120583,0.9712596,0.958599,0.98071766,0.9816352,0.96848637,0.9590286,0.97141916,0.9785575,0.96725965,0.97208726,0.9750943,0.9415704,0.9578031,0.9134147,0.97197473,0.95370287,0.9682625,0.93106717,0.95477074,0.9775126,0.9686854,0.95246726,0.96706396,0.964027,0.9816569,0.9577349,0.9551611,0.95480824,0.9515167,0.97073805,0.96029824,0.9546754,0.96948594,0.9661927,0.969555,0.9440955,0.9562472,0.95441544,0.95737284,0.94113266,0.9765946,0.96457785,0.966861,0.9395328,0.9816569,0.95808136,0.9706591,0.97861713,0.9545484
aftermathmovie,0.964046,0.95422363,0.962574,0.96339893,0.97357637,0.97801113,1.0,0.98136467,0.98357755,0.9550995,0.96881884,0.97001576,0.9733572,0.9591173,0.9604093,0.9606112,0.9647489,0.9477278,0.95307714,0.9577432,0.9715027,0.9565967,0.97251505,0.9679623,0.9685199,0.83475035,0.9491346,0.96577746,0.9543843,0.9659182,0.9516184,0.9659365,0.9373925,0.94581443,0.93349636,0.908649,0.9629033,0.964566,0.967308,0.9721032,0.9522954,0.9663368,0.959405,0.9668602,0.958369,0.9675916,0.9716634,0.9701814,0.9545367,0.9674669,0.96347517,0.9767552,0.96328706,0.9447688,0.949577,0.9627604,0.9622566,0.9663352,0.9795754,0.9614013,0.960188,0.9658383,0.962069,0.95453376,0.9772164,0.9615193,0.95404696,0.9772564,0.94780034,0.9623425,0.96285814,0.7493043,0.9584652,0.9783699,0.9463476,0.95176244,0.8962907,0.95482606,0.9710703,0.9550953,0.9653658,0.9806597,0.96553373,0.9529733,0.9586237,0.9646431,0.96859664,0.97706276,0.9716373,0.9696961,0.9668871,0.96285814,0.95785,0.9531975,0.963862,0.96798944,0.964528,0.9540172,0.97497433,0.96449476,0.9568558,0.9780799,0.9609306,0.97027826,0.9420562,0.9555001,0.9689124,0.9661684,0.96512955,0.9610955,0.96646637,0.7591526,0.96062326,0.8840485,0.95634073,0.95930403,0.9696115,0.95416963,0.9759824,0.9945736,0.9686243,0.95572877,0.9569918,0.96588486,0.9655731,0.96638006,0.97275394,0.9388475,0.9555248,0.8960136,0.9656128,0.94965196,0.9726366,0.9382291,0.9545364,0.9643563,0.9691543,0.964114,0.96625054,0.95923793,0.98357755,0.95626277,0.9485672,0.9531305,0.94500613,0.96862584,0.94439685,0.9467238,0.96988034,0.97385883,0.98949313,0.9569624,0.95970327,0.9613986,0.9535773,0.9435602,0.96755475,0.9644364,0.9648741,0.94095445,0.98357755,0.9497475,0.96524644,0.9773,0.95533437
aftermovie,0.96900773,0.9638705,0.9715121,0.9648303,0.97105205,0.9757388,0.98136467,1.0000001,0.98507243,0.9624586,0.9702912,0.9612683,0.97442275,0.97021985,0.97476155,0.97392213,0.9599915,0.95781255,0.954806,0.972435,0.97606343,0.9598864,0.9731233,0.9724765,0.96870965,0.8129346,0.94772893,0.9621412,0.9641852,0.96616125,0.94496584,0.9662357,0.9459546,0.93902993,0.941798,0.9181115,0.9680445,0.97351694,0.96043384,0.9698807,0.94880897,0.95789367,0.9656463,0.9670152,0.96906316,0.97605383,0.9718497,0.96193236,0.9524154,0.96477145,0.9698629,0.97944796,0.96480167,0.9608341,0.9625573,0.9667124,0.9716393,0.96780103,0.9673408,0.9749865,0.9554216,0.9657956,0.96043813,0.9604065,0.9686939,0.96613544,0.9689651,0.9774384,0.9583157,0.96132976,0.97644407,0.7879558,0.9534542,0.97361076,0.9485326,0.9625767,0.9035675,0.9661417,0.9640291,0.9571476,0.96286315,0.9832356,0.97424436,0.955899,0.9610384,0.94785213,0.9683346,0.9847539,0.978297,0.9749798,0.9676263,0.97644407,0.9622035,0.9684566,0.96632683,0.97152215,0.95910895,0.96689004,0.98226076,0.97688156,0.963347,0.9691264,0.9682999,0.98068404,0.96128637,0.9624066,0.971359,0.97331864,0.96925193,0.966903,0.9670914,0.7687541,0.9655593,0.9108882,0.9633764,0.96458095,0.9763184,0.9581023,0.9726247,0.9773588,0.9731968,0.9678407,0.96605396,0.9595457,0.9654715,0.97022474,0.9764943,0.9518647,0.96013707,0.90402234,0.9711632,0.9688304,0.9758868,0.94194734,0.9622158,0.9657116,0.9693788,0.9666664,0.975312,0.968988,0.98507243,0.9607208,0.9618895,0.95524526,0.94256675,0.9672416,0.9456288,0.95212543,0.97259116,0.97909343,0.96740234,0.96465963,0.9632066,0.958367,0.96510845,0.95861924,0.97315615,0.9725439,0.9803498,0.958535,0.98507243,0.949069,0.9703157,0.97516793,0.9610278
ahiddenlifefilm,0.98449033,0.960519,0.98390055,0.9707325,0.9829861,0.9816569,0.98357755,0.98507243,0.99999994,0.9790105,0.9852359,0.9816402,0.9871959,0.98785913,0.9796659,0.97628,0.98000723,0.97200555,0.9802715,0.96900463,0.98678344,0.9795684,0.9855482,0.9807431,0.9760239,0.86192286,0.97202885,0.9754699,0.97972697,0.9744174,0.97505754,0.9809779,0.9533132,0.9675369,0.95418954,0.9419991,0.978859,0.9849076,0.9852554,0.9824011,0.97341424,0.98266476,0.97403365,0.98754364,0.9738464,0.985781,0.98426807,0.9803925,0.9737798,0.9864965,0.98747164,0.9908864,0.9748066,0.9739302,0.981776,0.9769313,0.9789827,0.98312324,0.9821289,0.98424834,0.97694707,0.97717,0.971872,0.979296,0.9793296,0.98501325,0.9719599,0.98569804,0.97213525,0.9724092,0.9839576,0.7776648,0.97158015,0.98629004,0.9670193,0.9654128,0.9253237,0.95904183,0.98075986,0.98458326,0.9839851,0.9785175,0.9841985,0.9691603,0.97893095,0.9599814,0.9845374,0.98919,0.9853074,0.98863536,0.9876661,0.9839576,0.9834042,0.9711996,0.98193777,0.9875953,0.97444457,0.9669377,0.98316574,0.98739314,0.9820786,0.9846856,0.98357695,0.9847879,0.97170055,0.9825377,0.98872346,0.98669976,0.9748418,0.9761216,0.9858481,0.8124882,0.9839671,0.915742,0.97227454,0.97927505,0.9876205,0.9760537,0.98509634,0.9816417,0.98236454,0.98236126,0.98486096,0.9642724,0.9867355,0.9831967,0.9896119,0.97133374,0.9816491,0.94235724,0.98694354,0.97583675,0.98053676,0.958386,0.98186475,0.97684973,0.9833184,0.9835954,0.98877287,0.9815005,0.99999994,0.97592276,0.97882867,0.975238,0.9645364,0.9818736,0.9671127,0.9714477,0.983365,0.98242384,0.97958636,0.9792942,0.9829655,0.97357607,0.97335464,0.97234124,0.98823243,0.9863521,0.9842941,0.9653508,0.99999994,0.9743462,0.9848262,0.9900572,0.9823904
alitamovie,0.9777233,0.9338889,0.9674917,0.96384835,0.9693801,0.9589316,0.9550995,0.9624586,0.9790105,0.9999999,0.9714122,0.96284807,0.9679575,0.97490436,0.9636458,0.96204615,0.9587842,0.9725444,0.97392046,0.9527728,0.9609784,0.96214586,0.95785314,0.9667959,0.96917224,0.82029873,0.95996344,0.9657674,0.96340716,0.9598026,0.9602564,0.9652186,0.9340168,0.9506471,0.9332388,0.92760545,0.9765649,0.97090626,0.96366036,0.96057093,0.9595448,0.9630027,0.94446695,0.9676043,0.95706254,0.9655347,0.9579367,0.95726156,0.94902986,0.96875334,0.9740876,0.9638429,0.97079456,0.9608794,0.96588576,0.9643901,0.9661436,0.96866274,0.9608468,0.9674404,0.9572309,0.97075516,0.9497436,0.96031195,0.94574195,0.9757274,0.9540921,0.95728964,0.95976317,0.94119513,0.9708252,0.7413623,0.9663658,0.9693403,0.95562154,0.9620683,0.90559226,0.93847907,0.9639961,0.9639864,0.9634755,0.9499294,0.9614246,0.9507776,0.95952916,0.94785124,0.95588,0.9760316,0.97257704,0.9744961,0.9735568,0.9708252,0.97138965,0.9482702,0.97598755,0.97707814,0.9619503,0.9414422,0.9544292,0.96251625,0.973237,0.9689119,0.97436833,0.96259123,0.9732318,0.9666919,0.97079974,0.96752185,0.9710731,0.9615282,0.96111,0.82347286,0.9765468,0.89553005,0.9587583,0.9634009,0.97453606,0.9682884,0.9640197,0.95724934,0.96301466,0.9728546,0.9677231,0.9420119,0.9753903,0.95268023,0.97198665,0.9570632,0.963148,0.9282118,0.9716764,0.9578142,0.9616915,0.94023955,0.9786119,0.9655537,0.9710878,0.9698498,0.9692374,0.9734907,0.9790105,0.96239144,0.97041327,0.95244837,0.960083,0.95016557,0.9455044,0.9560368,0.95194244,0.9734934,0.9491299,0.96052146,0.96505433,0.957147,0.9577528,0.95560366,0.96593493,0.97109395,0.9725975,0.96611124,0.9790105,0.95942545,0.97227186,0.97149247,0.96940005
angelhasfallen,0.9700737,0.9346484,0.9689496,0.96314156,0.9659268,0.9672056,0.96881884,0.9702912,0.9852359,0.9714122,0.99999994,0.965797,0.9729309,0.97177345,0.97592056,0.9716091,0.97111684,0.955329,0.96362466,0.96715474,0.9698629,0.96886885,0.9627751,0.9744237,0.9634648,0.84507513,0.95136887,0.959267,0.96264637,0.9546991,0.95897186,0.9561229,0.914425,0.9553389,0.9374483,0.9161856,0.9683153,0.97472495,0.96678424,0.95807606,0.9616727,0.96454495,0.9542754,0.9664317,0.96212727,0.9767199,0.9650667,0.9650585,0.95741063,0.97173464,0.96815366,0.97297996,0.9539376,0.95721346,0.96225345,0.96908176,0.9661297,0.9677128,0.9733966,0.97006917,0.9550042,0.964489,0.9610625,0.94889295,0.9622363,0.97027576,0.9577326,0.96893644,0.9724365,0.9567738,0.97003585,0.748706,0.9624098,0.969671,0.9538238,0.9677247,0.9032922,0.9590476,0.9677113,0.97403187,0.97925943,0.96930265,0.9616653,0.96552074,0.95157206,0.9450139,0.97121435,0.9811975,0.971752,0.9740952,0.96630496,0.97003585,0.9670207,0.9549181,0.9656792,0.97816896,0.9757847,0.9527825,0.9643523,0.9712133,0.96540713,0.96760195,0.9640265,0.96554786,0.9564888,0.95852673,0.985108,0.9607016,0.963797,0.96035045,0.97015,0.7732145,0.9658569,0.89382493,0.96647114,0.97228664,0.9732377,0.96044767,0.97656447,0.965651,0.9603633,0.97223943,0.96744174,0.94751066,0.9676123,0.96327347,0.9731763,0.945152,0.95755124,0.93195325,0.9685175,0.9625784,0.96652436,0.94098604,0.9587706,0.95871806,0.9723381,0.9670084,0.9720788,0.975511,0.9852359,0.9613155,0.9616344,0.9471748,0.9510684,0.96046984,0.95601773,0.9495166,0.95990103,0.97805053,0.9686666,0.9644547,0.96499574,0.9499403,0.9538068,0.9524731,0.96767163,0.97725576,0.96285623,0.95367575,0.9852359,0.9673075,0.97127295,0.97149956,0.9676367
angrybirdsmovie,0.96800536,0.94822806,0.97943896,0.9475164,0.965034,0.96490026,0.97001576,0.9612683,0.9816402,0.96284807,0.965797,1.0,0.9634786,0.9673769,0.9555389,0.95724654,0.9580449,0.95941335,0.9588577,0.94449514,0.9691973,0.9723661,0.9629575,0.96678066,0.9624253,0.857366,0.9712607,0.94620377,0.9674327,0.9737042,0.94985193,0.97652125,0.9435582,0.9666202,0.9443421,0.9365951,0.9677634,0.96460503,0.96282303,0.96783864,0.96161634,0.96562314,0.96228206,0.96414983,0.95534796,0.96815705,0.9613329,0.96590495,0.9557922,0.9671566,0.97713125,0.9707802,0.95552635,0.96262485,0.95534176,0.9593415,0.96657056,0.9666221,0.96270376,0.9649155,0.9686227,0.9546007,0.9517623,0.9601967,0.9617331,0.9704447,0.94227475,0.96771616,0.95524013,0.9552399,0.9583285,0.74421567,0.9675904,0.96491086,0.9696825,0.94694865,0.9121762,0.94743204,0.9722566,0.9660172,0.9650551,0.96299314,0.9636223,0.95524156,0.95893234,0.9370989,0.9573458,0.9611996,0.9641316,0.9792522,0.9756046,0.9583285,0.96921045,0.94837743,0.97278,0.973712,0.9544252,0.95186305,0.96283364,0.9668006,0.96984285,0.97043127,0.97686154,0.96758705,0.9564874,0.9727895,0.974554,0.9695417,0.97092277,0.9685472,0.974596,0.8225634,0.96962124,0.89279544,0.9662046,0.96088094,0.97296864,0.96429145,0.95946985,0.9646544,0.9632935,0.9690836,0.9621192,0.93901163,0.9619214,0.9553438,0.9824635,0.95606863,0.9699431,0.9523457,0.973115,0.9521101,0.9528366,0.93107915,0.96181434,0.97010446,0.969719,0.96453804,0.9682607,0.96680987,0.9816402,0.9640811,0.9668141,0.96592355,0.95089006,0.9684122,0.9556511,0.9682009,0.97118545,0.9622894,0.960207,0.9694531,0.9663242,0.95606726,0.94153297,0.9537439,0.96890795,0.9735242,0.96345043,0.9536012,0.9816402,0.95383346,0.96746695,0.9670522,0.9669993
annabellemovie,0.9723038,0.95253366,0.9672517,0.96464336,0.97047657,0.978597,0.9733572,0.97442275,0.9871959,0.9679575,0.9729309,0.9634786,0.99999994,0.97202396,0.9712368,0.9549908,0.9657357,0.9585753,0.97781366,0.96113235,0.9710885,0.96898544,0.9711739,0.9659307,0.9685197,0.81898296,0.9611446,0.9677145,0.9722274,0.9569057,0.9633875,0.96760446,0.93046945,0.9592427,0.9491255,0.93914837,0.9668313,0.9839825,0.9797381,0.9685871,0.9766928,0.97616297,0.9539289,0.97870296,0.9739692,0.9806879,0.9705936,0.9652826,0.9614753,0.9762922,0.9754118,0.9742841,0.9696605,0.9605708,0.9773386,0.96541476,0.9618007,0.9753967,0.9781857,0.9660385,0.97578335,0.9763356,0.9593004,0.9718828,0.9620677,0.97187775,0.9522493,0.9643499,0.9638765,0.96511734,0.96875525,0.80080205,0.9497814,0.97649056,0.950678,0.9550812,0.9300336,0.94539136,0.9666316,0.9769267,0.9750292,0.97620416,0.97836846,0.9482264,0.98019505,0.9463657,0.9845013,0.9874643,0.9700006,0.9744533,0.9737339,0.96875525,0.9747529,0.96444315,0.9648634,0.97546643,0.96089876,0.95557773,0.96810997,0.97385824,0.97775507,0.97772354,0.9709321,0.9652031,0.95972574,0.9713905,0.9755994,0.9766848,0.9516967,0.9603144,0.97283524,0.8020497,0.974859,0.91699594,0.9563925,0.9674624,0.9686766,0.9583287,0.9798077,0.97180295,0.97306436,0.9726763,0.97823334,0.97676134,0.9717138,0.9762294,0.97472817,0.96497047,0.96662915,0.92520607,0.97138417,0.96192616,0.9732267,0.94166386,0.97216225,0.9611884,0.96250147,0.9597287,0.9736385,0.97371995,0.9871959,0.9715157,0.97037256,0.96883774,0.9682417,0.96504253,0.9503261,0.9571199,0.97067595,0.9715855,0.97507495,0.9630138,0.97741425,0.95458066,0.9624181,0.9520033,0.97751963,0.96646583,0.97159296,0.94722027,0.9871959,0.96610844,0.9690329,0.9841921,0.9679722
annamovie,0.9769385,0.93841046,0.9700095,0.95820814,0.9770637,0.9590276,0.9591173,0.97021985,0.98785913,0.97490436,0.97177345,0.9673769,0.97202396,1.0000001,0.9625814,0.9619316,0.9680349,0.9750644,0.9700115,0.9496974,0.9761643,0.9656542,0.9717383,0.9600477,0.95679134,0.8611043,0.968299,0.9680407,0.9708811,0.955887,0.96553254,0.97472847,0.940613,0.95772123,0.95334303,0.93998814,0.9711194,0.9703118,0.9717373,0.97014034,0.9616804,0.9757674,0.96280915,0.98496044,0.96463203,0.97547466,0.97096896,0.96609163,0.9663631,0.98253167,0.9758223,0.97638226,0.96185267,0.9625764,0.97772324,0.9713204,0.96868986,0.967973,0.965422,0.97540873,0.97018874,0.96410465,0.96245515,0.9824393,0.95660734,0.9784357,0.9626036,0.96986675,0.95889103,0.96338254,0.9770578,0.7632278,0.960601,0.9728554,0.95994574,0.94538236,0.9150757,0.93093187,0.96242213,0.9795012,0.9700063,0.9527559,0.9743456,0.9635689,0.96901137,0.93371654,0.9719226,0.97668236,0.9781953,0.97728986,0.9803872,0.9770578,0.9809403,0.9611919,0.96990013,0.97542286,0.9617683,0.954999,0.9712298,0.98032993,0.97755575,0.9646781,0.97636676,0.97530377,0.9774854,0.97298646,0.97289085,0.97713524,0.9606352,0.9612553,0.9728043,0.8210747,0.9751963,0.91640145,0.9574937,0.9667019,0.9769919,0.9699103,0.9683034,0.9603335,0.973319,0.9731824,0.9771985,0.94447064,0.9786964,0.974683,0.9775047,0.9628333,0.9729635,0.94906235,0.9831119,0.9770275,0.9725468,0.94624543,0.9728107,0.959112,0.9658998,0.9761404,0.97954035,0.9798014,0.98785913,0.9640485,0.97728443,0.96266246,0.9498559,0.96920335,0.9543769,0.9737962,0.96649617,0.9692279,0.95756525,0.97162044,0.97100115,0.96979564,0.96472776,0.974415,0.9733084,0.97732025,0.9718047,0.9534389,0.98785913,0.9716745,0.96801454,0.97538185,0.9809706
apollo11movie,0.97066283,0.9393923,0.9742688,0.95784366,0.9607508,0.96252936,0.9604093,0.97476155,0.9796659,0.9636458,0.97592056,0.9555389,0.9712368,0.9625814,1.0000001,0.9610369,0.9654989,0.95796925,0.9594831,0.9773556,0.96564126,0.967701,0.9666175,0.9738264,0.96558636,0.8226196,0.93567437,0.95157516,0.96439695,0.95572686,0.9426177,0.9551724,0.9294875,0.94056624,0.9118752,0.9190696,0.9703264,0.9752083,0.96286786,0.9620785,0.9529959,0.9559746,0.95766133,0.966005,0.96691877,0.9763667,0.96356833,0.9608158,0.94107187,0.9690716,0.97358376,0.97445285,0.955842,0.96871525,0.959259,0.96672416,0.96396255,0.96710634,0.9613884,0.9657437,0.9553387,0.9702218,0.958658,0.95071375,0.9688019,0.9603699,0.9525542,0.9677843,0.9702049,0.95392156,0.96526927,0.7621106,0.94629294,0.9593849,0.93983305,0.9606365,0.90161306,0.9658511,0.9518274,0.9604362,0.9716432,0.9670067,0.96633327,0.9489927,0.9578176,0.93499154,0.9581961,0.9816792,0.9656348,0.97940016,0.9689012,0.96526927,0.9635748,0.96079826,0.96729517,0.9780083,0.9664275,0.95991236,0.9644138,0.97192043,0.9706337,0.9687642,0.9650144,0.9641622,0.94974387,0.9686048,0.98107827,0.9627788,0.9510033,0.9668384,0.9676466,0.7692114,0.96678704,0.8892248,0.9585933,0.96393496,0.9719534,0.9442098,0.9796485,0.9545484,0.9542639,0.9716099,0.96767306,0.94357044,0.9631271,0.96481717,0.9687064,0.9509435,0.9637009,0.9172286,0.95911324,0.97518903,0.9590942,0.9355706,0.963269,0.962347,0.96985984,0.9647337,0.9688964,0.9736004,0.9796659,0.96414685,0.96172273,0.9503477,0.9414007,0.9628495,0.9489331,0.9293763,0.9607759,0.9693288,0.95778334,0.96597236,0.96852785,0.9464185,0.95308983,0.9456031,0.97294384,0.9670467,0.9729447,0.9574146,0.9796659,0.95011765,0.9731308,0.9712233,0.9648195
arcticdogsmovie,0.9663131,0.94671804,0.9659013,0.9553365,0.95821065,0.96077263,0.9606112,0.97392213,0.97628,0.96204615,0.9716091,0.95724654,0.9549908,0.9619316,0.9610369,0.9999998,0.9604282,0.9527584,0.9525484,0.95309424,0.9649554,0.9581164,0.96394724,0.9736103,0.95940256,0.8364925,0.9460059,0.9601609,0.9574875,0.9512873,0.95255536,0.95655495,0.9444712,0.93001264,0.9345751,0.9203962,0.95950156,0.96927303,0.9492016,0.95106924,0.938231,0.9497657,0.95394444,0.9604402,0.9590975,0.9621346,0.96090424,0.96079946,0.9501502,0.95907265,0.9655741,0.9686744,0.9535422,0.94795287,0.96012455,0.95986694,0.96489644,0.9629948,0.9592742,0.97795534,0.9314011,0.95455223,0.9573344,0.94482225,0.9549302,0.95794696,0.9607124,0.96226466,0.95828956,0.9422569,0.9753869,0.7757073,0.955413,0.9603658,0.94701654,0.9483906,0.9057759,0.9577157,0.9534324,0.9570144,0.9673995,0.96326363,0.9499649,0.95742744,0.94553065,0.94068354,0.95684934,0.97015727,0.9739435,0.9708431,0.9632287,0.9753869,0.9596363,0.9484422,0.9603888,0.96756095,0.95279104,0.9410336,0.965332,0.96593577,0.95743465,0.95706725,0.9683043,0.968471,0.9494926,0.9530736,0.9702106,0.9650438,0.9783845,0.9519122,0.9613416,0.8075009,0.9655774,0.90527594,0.9700773,0.96692103,0.96925557,0.9594224,0.9636783,0.9572436,0.95910215,0.9684504,0.9542516,0.92774224,0.96199775,0.95478684,0.97002083,0.9350594,0.9560656,0.92163384,0.96398735,0.96124727,0.967176,0.94308203,0.95594776,0.9520251,0.9688956,0.9714497,0.9733769,0.9634965,0.97628,0.9584955,0.9544731,0.9415407,0.9293022,0.95814013,0.9578195,0.94691753,0.9572236,0.96905005,0.94539374,0.9581813,0.95906776,0.9550992,0.94425404,0.9604444,0.9588211,0.97467476,0.9650726,0.9629526,0.97628,0.9508699,0.96990913,0.9666821,0.96276224
arcticmovie,0.9745238,0.94363576,0.96385384,0.93450415,0.9607144,0.9639377,0.9647489,0.9599915,0.98000723,0.9587842,0.97111684,0.9580449,0.9657357,0.9680349,0.9654989,0.9604282,1.0,0.9551098,0.971186,0.9361033,0.96991736,0.95698327,0.97489154,0.9576741,0.96156347,0.8654434,0.95270705,0.97104275,0.9725541,0.9410534,0.96057916,0.9656913,0.9331727,0.9619638,0.92246264,0.91232234,0.95403177,0.95504105,0.96649593,0.9615477,0.943585,0.97376835,0.95528954,0.974407,0.95038277,0.95954484,0.9735549,0.9596853,0.9534267,0.9780445,0.9728516,0.9692913,0.94457954,0.949836,0.95721024,0.961524,0.9445248,0.9643376,0.9731686,0.9649126,0.95391774,0.96573496,0.96551675,0.9519058,0.9582581,0.95909387,0.95171696,0.96590364,0.95213497,0.9575366,0.96410745,0.74850726,0.9389675,0.9663125,0.9356789,0.92948496,0.9001725,0.9372657,0.9536589,0.9725931,0.97464615,0.95051557,0.96074826,0.95493406,0.95789856,0.93938696,0.95790607,0.97245234,0.9630703,0.97119427,0.9613989,0.96410745,0.9568726,0.94675857,0.9567804,0.9613495,0.9656662,0.9529601,0.96360105,0.96953326,0.9645856,0.96536905,0.97039914,0.96541417,0.9466625,0.9654237,0.9647985,0.96525896,0.95212793,0.9556649,0.97445554,0.77483296,0.96077,0.87981814,0.94334096,0.9587937,0.964952,0.9469167,0.9750083,0.96085817,0.95383143,0.9540061,0.9651701,0.9412719,0.9634987,0.9714017,0.9621059,0.9521108,0.95843154,0.9337139,0.96756524,0.959853,0.9770793,0.9488136,0.96490705,0.9480118,0.9624646,0.9645237,0.96792233,0.96571904,0.98000723,0.9598482,0.96329963,0.9489088,0.9482737,0.95830816,0.9441086,0.9381687,0.96268886,0.9579022,0.9646603,0.9596391,0.9578174,0.975164,0.9522978,0.9578725,0.97472197,0.96346796,0.9640732,0.9415398,0.98000723,0.96352327,0.9706793,0.9719879,0.97528327
artofracingmovie,0.9818961,0.93447924,0.96075326,0.9478994,0.97831166,0.94437146,0.9477278,0.95781255,0.97200555,0.9725444,0.955329,0.95941335,0.9585753,0.9750644,0.95796925,0.9527584,0.9551098,0.9999999,0.95649034,0.9439675,0.95416015,0.95494103,0.9569225,0.94305104,0.9524101,0.8134746,0.9582742,0.9586173,0.9635749,0.9379753,0.9388257,0.96986413,0.94621986,0.9359857,0.9185181,0.90112954,0.959005,0.95967287,0.950188,0.97226626,0.93333143,0.9600987,0.9533004,0.9677065,0.9556695,0.9639814,0.95602375,0.9485854,0.93452674,0.9723576,0.9679387,0.96123075,0.9410876,0.96101844,0.95338374,0.97406435,0.9576231,0.9616915,0.94462,0.9574254,0.947596,0.95593476,0.95271945,0.9626603,0.940337,0.95932573,0.94302857,0.9516697,0.94867295,0.92468536,0.95997393,0.74773014,0.95011187,0.96089953,0.95713073,0.94635695,0.863601,0.9250497,0.95030034,0.95029044,0.95682335,0.9397266,0.9630726,0.9313458,0.9511625,0.916679,0.94548243,0.9684833,0.9689433,0.9725102,0.9669895,0.95997393,0.96256834,0.95668423,0.95817196,0.95867735,0.9470383,0.93866915,0.95533025,0.9556707,0.96360505,0.95604324,0.97928447,0.9653309,0.9536543,0.9663804,0.9591922,0.9598324,0.962167,0.9639729,0.9537348,0.8029821,0.97481304,0.87380594,0.9526552,0.96234995,0.9751742,0.95403284,0.9558298,0.94234735,0.9587023,0.96501994,0.9668782,0.92983156,0.9715814,0.9592332,0.9690628,0.93974334,0.96578705,0.9296097,0.96071184,0.9715281,0.9560509,0.93729484,0.97389704,0.94462335,0.9539076,0.95604295,0.9589746,0.981899,0.97200555,0.9610679,0.9590534,0.95212096,0.95645684,0.94592845,0.92860115,0.94327104,0.9558993,0.96355677,0.93783325,0.969134,0.96310484,0.95591104,0.94235784,0.956638,0.96707475,0.9698507,0.9680389,0.96493584,0.97200555,0.94850314,0.96311146,0.9559024,0.96380013
avengers,0.97954917,0.9447144,0.9681047,0.9485342,0.96281606,0.95741194,0.95307714,0.954806,0.9802715,0.97392046,0.96362466,0.9588577,0.97781366,0.9700115,0.9594831,0.9525484,0.971186,0.95649034,1.0000001,0.94089615,0.9603617,0.960036,0.96137273,0.95372033,0.95639503,0.827793,0.9631081,0.9637822,0.9629066,0.95086986,0.97292316,0.9642066,0.9312962,0.9604879,0.9381366,0.9392932,0.9588685,0.96477413,0.9735564,0.9563754,0.9655054,0.97248226,0.94295496,0.9715744,0.96159667,0.9673228,0.95845395,0.9510388,0.955385,0.969977,0.9745669,0.9650937,0.9579968,0.9530315,0.9728166,0.9626292,0.95727444,0.972845,0.96016014,0.96481633,0.96732247,0.96704894,0.9534348,0.9656787,0.9490958,0.9743078,0.94991523,0.9585022,0.9564246,0.94410795,0.9674099,0.7679778,0.94983274,0.966906,0.9391935,0.95316774,0.9212415,0.92748123,0.96238923,0.976225,0.96142757,0.9485114,0.970988,0.94609797,0.9702714,0.94165957,0.96313417,0.9729204,0.96018916,0.9695393,0.97418064,0.9674099,0.9677489,0.9518241,0.96792364,0.9714794,0.9544627,0.9444469,0.9579987,0.96397465,0.9695135,0.96545714,0.9705748,0.9592756,0.95777565,0.9692651,0.96205676,0.97438675,0.95081735,0.9481959,0.9727686,0.8275074,0.97344816,0.90948313,0.943929,0.95790446,0.9665749,0.9591861,0.9682084,0.95018196,0.9621696,0.96838814,0.97400546,0.9495632,0.9733992,0.9572125,0.96352804,0.9748058,0.96229213,0.93117267,0.9619917,0.94972605,0.9669702,0.9604981,0.9785243,0.9593011,0.95546806,0.9597525,0.9738437,0.9669915,0.9802715,0.9623164,0.96987927,0.96026444,0.95708424,0.9591874,0.9535025,0.9521109,0.9605592,0.9595054,0.9510871,0.9618394,0.9726138,0.96185577,0.9533771,0.9564423,0.97589636,0.9647748,0.9651311,0.9495762,0.9802715,0.95600325,0.972346,0.9754707,0.97096664
beachbummovie,0.95381653,0.93116456,0.95329404,0.9607761,0.9644073,0.9562127,0.9577432,0.972435,0.96900463,0.9527728,0.96715474,0.94449514,0.96113235,0.9496974,0.9773556,0.95309424,0.9361033,0.9439675,0.94089615,1.0000001,0.95750964,0.9574763,0.94410473,0.96586996,0.95408,0.79592043,0.9229677,0.9489087,0.94526345,0.9473189,0.9345268,0.9376393,0.9233351,0.9215051,0.902568,0.88745964,0.95711786,0.96757096,0.9456471,0.9503289,0.9386246,0.9427743,0.9438151,0.9509666,0.95531154,0.9654852,0.9422952,0.95161724,0.9377403,0.95380217,0.95579374,0.9647009,0.95005035,0.9498889,0.9467777,0.9563033,0.95650774,0.95073825,0.9528873,0.95552325,0.95044434,0.96006805,0.94009113,0.93586344,0.95157844,0.9517929,0.94690365,0.9568436,0.96872354,0.9344855,0.9496587,0.77603847,0.9370905,0.96255124,0.93527526,0.9624849,0.87366503,0.9612024,0.9532494,0.94853646,0.9598654,0.96493477,0.953719,0.93536514,0.94269323,0.94264126,0.95590836,0.9711718,0.9588104,0.9672379,0.9568164,0.9496587,0.9487938,0.9576774,0.955791,0.9644494,0.9583707,0.96078175,0.95962924,0.95635724,0.9419699,0.96636707,0.9526295,0.94917077,0.94261366,0.95265484,0.96964735,0.94410956,0.9439121,0.95856327,0.9450398,0.73807144,0.95294267,0.8858867,0.9467482,0.9583275,0.9620464,0.9354636,0.97643036,0.95894176,0.9513474,0.9551104,0.96123296,0.9333403,0.9516084,0.95885754,0.95992225,0.93370855,0.9487109,0.896341,0.9486523,0.95325655,0.95137495,0.9108043,0.9421964,0.9499377,0.9544589,0.9458521,0.95786947,0.95936215,0.96900463,0.9512311,0.9358727,0.93140405,0.9239011,0.95512325,0.9379073,0.9164286,0.94031024,0.9602548,0.95371413,0.9546056,0.94992465,0.9139999,0.93838626,0.9260417,0.9543947,0.9606142,0.9604155,0.9401611,0.96900463,0.9452713,0.95931536,0.9602817,0.9477861
bernadettefilm,0.9674349,0.9525568,0.96477515,0.9409839,0.96587044,0.97291183,0.9715027,0.97606343,0.98678344,0.9609784,0.9698629,0.9691973,0.9710885,0.9761643,0.96564126,0.9649554,0.96991736,0.95416015,0.9603617,0.95750964,1.0000001,0.9651345,0.98136604,0.96716446,0.95789665,0.8661419,0.95200616,0.9630629,0.9700854,0.96804535,0.96200645,0.98000425,0.93799704,0.9602079,0.94895697,0.93508375,0.96344745,0.9693668,0.9681558,0.970588,0.952556,0.9700785,0.96723056,0.9733946,0.9569385,0.96397436,0.98218286,0.9661056,0.9542614,0.9709845,0.9728186,0.98097396,0.9716934,0.9565671,0.96969265,0.9608341,0.96277094,0.9693914,0.9712671,0.9685335,0.9587472,0.96686417,0.96002716,0.9618842,0.9676775,0.970308,0.9601291,0.9749296,0.95809925,0.9668558,0.9688172,0.79644763,0.9581675,0.9773372,0.9516065,0.94432,0.92957526,0.95406765,0.96632755,0.9741398,0.97542226,0.965372,0.963212,0.97063494,0.96323866,0.93809366,0.9728702,0.9754004,0.97353995,0.9720706,0.9788835,0.9688172,0.9588283,0.9538543,0.9565183,0.9649145,0.9537412,0.96533614,0.9781329,0.9770101,0.96643746,0.97106665,0.9689321,0.9697411,0.9585351,0.96809196,0.9726834,0.973384,0.9630048,0.96508026,0.9783376,0.7843464,0.96176964,0.9056113,0.96773714,0.9675734,0.9750596,0.96452147,0.969351,0.97543365,0.96186924,0.96859515,0.9705049,0.9541775,0.9731405,0.97785294,0.97344434,0.9537924,0.96938413,0.93884563,0.9891349,0.96554637,0.96961087,0.94902706,0.9616241,0.9672336,0.9752745,0.9759652,0.9696759,0.96784776,0.98678344,0.95687795,0.9683357,0.96069556,0.94304144,0.97837347,0.9545369,0.96360224,0.9694724,0.96291983,0.96518517,0.96011937,0.96636444,0.9549132,0.96437615,0.9528109,0.97457105,0.9647456,0.96857435,0.9527571,0.98678344,0.9690471,0.9673023,0.9713573,0.97259325
