movie,21bridgesmovie,47metersdown,abeautifuldaymovie,abominablemovie,adastramovie,adogsjourneymovie,aftermathmovie,aftermovie,ahiddenlifefilm,alitamovie,angelhasfallen,angrybirdsmovie,annabellemovie,annamovie,apollo11movie,arcticdogsmovie,arcticmovie,artofracingmovie,avengers,beachbummovie,bernadettefilm,blackandbluemovie,blackchristmas,blindedbythelightmovie,bombshellmovie,booksmart,breakthroughmovie,brianbanksmovie,brightburnmovie,brittanyrunsmov,captainmarvelofficial,captivestatemovie,catsmovie,charliesangels,childsplaymovie,clarathefilm,coldpursuitmovie,countdown,currentwarmovie,darkwatersmovie,detectivepikachumovie,disneyaladdin,disneyfrozen,disneymaleficent,doctorsleepmovie,dolemiteismyname,dontletgomovie,doramovie,downtonabbey_official,dumbo,escaperoom,everybodyknowsmovie,fastandfuriousmovie,fightingwmyfam,fivefeetapartfilm,fordvferrari,freaksthefilm,geminimanmovie,glassmovie,gloriabellmovie,godzillamovie,goldfinchmovie,goodboysmovie,goodliarmovie,gretafilm,halathemovie,happydeathdaymovie,harrietfilm,hellboymovie,hersmellmovie,highlifemovie,highstrungmovie,honeyboymovie,hotelmumbaifilm,httydragon,hustlemovie,hustlersmovie,isntitromantic,itmovieofficial,jayandsilentbob,johnwickmovie,jojorabbitmovie,jokermovie,judythefilm,jumanjimovie,justmercyfilm,knivesout,lalloronamovie,lastblackmansf,lastchristmasthemovie,latenightmovie,lighthousemovie,lionking,littlethemovie,littlewomenmovie,littlewoodsfilm,longshotmovie,lordsofchaosmovie,lucyintheskyfilm,mamovie2019,marriagestory,meettheaddams,meninblack,midsommarmovie,midwaymovie,missbalamovie,missinglinkfilm,motherlessbklyn,onceinhollywood,onthebasisofsex,overcomermovie,peanutbutterfalcon,petsematarymovie,piercingmovie,playingwithfire,playmobilthemovie,pomsmovie,queenandslim,rambomovie,readyornotfilm,richardjewellfilm,rocketmanmovie,scarystoriesmovie,secretlifeofpets,serenityfilm,shaftmovie,shazammovie,spidermanmovie,spiesindisguise,starwars,stormboymovie,stubermovie,taosdfilm,teenspiritmov,terminator,theaeronautsmov,thebestofenemies,thedeaddontdie,thefarewell,thehighwaymen,thehummingbirdprojectfilm,theintrudermovie,theirishmanfilm,thekitchenmovie,thelegomovie,themustangfilm,thenightingalefilm,theprodigymovie,thesunisalsoastar,theupsidefilm,tolkienmovie,toystory,triplefrontier,uglydolls,uncutgems,underthesilverlake,usmovie,wavesmovie,whatmenwant,wonderparkmovie,wrinklestheclown,xmenmovies,yardiefilm,yesterdaymovie,zombieland
21bridgesmovie,0.9999999,0.9969858,0.9952023,0.9835957,0.99817026,0.9263721,0.9981684,0.985729,0.9945921,0.95228344,0.9650486,0.9318103,0.97264045,0.99180776,0.9948638,0.99460346,0.98915577,0.9990565,0.9924964,0.9856887,0.99488443,0.9509096,0.99580026,0.9905704,0.9527301,0.4906219,0.9344779,0.9910968,0.99760956,0.9744245,0.98687536,0.97120094,0.9450356,0.9558556,0.8893561,0.7616869,0.99461997,0.9942402,0.992791,0.9813957,0.9935056,0.9919872,0.95209306,0.9918857,0.99860984,0.98217213,0.99338984,0.99599177,0.97031903,0.9945117,0.99619466,0.99563366,0.8709981,0.95946157,0.9177891,0.987394,0.97841537,0.9894884,0.9936216,0.9973545,0.9884214,0.99881893,0.9901855,0.9930195,0.98498446,0.96611565,0.9917913,0.99375635,0.97364277,0.93342763,0.9958746,0.38040325,0.9128821,0.989277,0.9480863,0.9583974,0.7215067,0.99178284,0.9865602,0.9613942,0.9741684,0.9917444,0.9973991,0.98671466,0.9647824,0.9681368,0.95894384,0.98308384,0.962126,0.99398386,0.97377056,0.9958746,0.9648953,0.986576,0.9958178,0.9881028,0.9648187,0.99074984,0.9975136,0.95641696,0.97284436,0.9964579,0.97050834,0.99247175,0.9633153,0.99132174,0.99347925,0.9746302,0.9489621,0.95206165,0.9960864,0.50566816,0.9954639,0.7502261,0.9601458,0.99008304,0.998294,0.9499777,0.99464333,0.99619734,0.98689747,0.9938559,0.98692846,0.9829894,0.99031925,0.98851955,0.9884493,0.9610058,0.98901063,0.8369014,0.9963263,0.98566544,0.9936909,0.8679007,0.9942268,0.9869045,0.99120164,0.9857354,0.9965537,0.9855507,0.9945921,0.9827449,0.94740367,0.95494246,0.97861904,0.9964443,0.9887101,0.95104766,0.989258,0.9880704,0.9965443,0.9873743,0.9923887,0.66432095,0.97795284,0.99541396,0.974609,0.98855823,0.99035954,0.9681447,0.9945921,0.9798984,0.9924046,0.9931946,0.99477655
47metersdown,0.9969858,0.99999994,0.98696965,0.9722331,0.9942887,0.9222016,0.99284303,0.97495,0.98788285,0.9510565,0.952343,0.91159123,0.9743569,0.98172104,0.9906822,0.98468274,0.9851858,0.9947732,0.98751426,0.97511494,0.9942765,0.95865333,0.9891754,0.98252225,0.9364768,0.53191864,0.94965816,0.9796659,0.99465996,0.96017176,0.97583747,0.9643262,0.93144983,0.96564454,0.9040681,0.79512477,0.9927804,0.9934154,0.98302656,0.9671767,0.98540914,0.9815167,0.93606204,0.9821205,0.9927506,0.9858003,0.9870691,0.990051,0.96194094,0.9857152,0.99433404,0.98870355,0.857094,0.9412841,0.9017807,0.9752432,0.96830046,0.97817916,0.98302186,0.99238384,0.98444045,0.99475235,0.9824586,0.98416394,0.9875775,0.94800794,0.983246,0.98326916,0.96166307,0.93425184,0.9901596,0.39486432,0.89970195,0.97702533,0.9523861,0.9525929,0.73881733,0.9867546,0.97782975,0.969584,0.9743674,0.9859282,0.99469846,0.9914993,0.9526786,0.96007127,0.95862126,0.9808088,0.9481752,0.9848203,0.9670198,0.9901596,0.95534503,0.9794535,0.99377936,0.9826536,0.95237625,0.98019916,0.9952,0.955001,0.9791609,0.9954688,0.96917236,0.98290604,0.94788164,0.9881266,0.9874728,0.9692544,0.92497635,0.9386442,0.99197227,0.5452603,0.9925885,0.7780134,0.9580386,0.9835512,0.9937848,0.9478505,0.98813725,0.992824,0.9790968,0.987651,0.9768208,0.97766334,0.980086,0.977321,0.98460233,0.9559396,0.97744244,0.83144635,0.99618024,0.98762447,0.9848224,0.88892585,0.9867275,0.9759897,0.9856171,0.97158444,0.9888499,0.9801671,0.98788285,0.98254055,0.94598174,0.9593467,0.9738633,0.9912992,0.98462176,0.9511995,0.9832894,0.97793543,0.9890539,0.9742299,0.9870493,0.6743276,0.97303945,0.99184364,0.975091,0.9787593,0.98296726,0.95941824,0.98788285,0.9705214,0.9858886,0.9834571,0.9947074
abeautifuldaymovie,0.9952023,0.98696965,0.9999999,0.97731274,0.9938094,0.9169771,0.9981747,0.9948617,0.9982402,0.9501437,0.9783739,0.9586541,0.96860546,0.99918664,0.995987,0.9980395,0.98470235,0.99800456,0.9839797,0.99469507,0.9891953,0.93887615,0.9973754,0.99624246,0.9685112,0.44547638,0.90397805,0.9956622,0.9939928,0.9838839,0.9934596,0.97573096,0.9593661,0.9352898,0.8480741,0.7046753,0.99293494,0.9879257,0.9922741,0.9837596,0.9970006,0.99633557,0.95235485,0.992634,0.99753803,0.9695559,0.9935835,0.9988614,0.95988476,0.9950519,0.9942177,0.999447,0.8893386,0.9766351,0.94043976,0.9965502,0.9711645,0.9968743,0.99503934,0.9981578,0.9859317,0.994128,0.99281424,0.9974516,0.9745918,0.983847,0.99365723,0.9963041,0.9833629,0.9218962,0.9976894,0.31877136,0.9227438,0.9980479,0.9223822,0.9611131,0.6672079,0.9895843,0.98959595,0.9379797,0.9703536,0.9827676,0.9946453,0.9688368,0.96735495,0.97851735,0.95709455,0.98325646,0.97287756,0.99927497,0.9809531,0.9976894,0.963696,0.9858813,0.9949105,0.9822502,0.97732246,0.997634,0.9941336,0.9441104,0.959336,0.99048847,0.96259445,0.9993409,0.977624,0.9925217,0.99619573,0.9768153,0.9732344,0.9693379,0.9958297,0.45181385,0.99262047,0.693977,0.9608766,0.9935349,0.99793077,0.93238205,0.9969831,0.99342346,0.9935845,0.99317306,0.99588543,0.9791126,0.9984971,0.9919058,0.98738605,0.9571817,0.9867189,0.80238456,0.98673505,0.9718431,0.9990806,0.835792,0.99662,0.9932602,0.985183,0.9943588,0.99897563,0.9909506,0.9982402,0.9785641,0.9396414,0.94113207,0.98142534,0.9946288,0.9788833,0.92850775,0.9889909,0.9843534,0.99871707,0.9891899,0.99532294,0.61955166,0.9768516,0.994969,0.97053957,0.99368817,0.9937274,0.97716224,0.9982402,0.97407806,0.99575615,0.99536973,0.98909706
abominablemovie,0.9835957,0.9722331,0.97731274,1.0,0.9850297,0.900918,0.98143303,0.96534395,0.9729648,0.9108992,0.9341228,0.9179266,0.92842454,0.9745384,0.96894604,0.9842667,0.9719437,0.9788105,0.98680216,0.96727693,0.96873915,0.8986693,0.97546047,0.9685224,0.92644,0.40936586,0.90364236,0.97921616,0.97670466,0.9693065,0.96769524,0.9491017,0.9131558,0.9174987,0.8787292,0.7243016,0.9644615,0.9715305,0.9910698,0.9926153,0.9741812,0.9786121,0.9759613,0.9826475,0.9836156,0.95072484,0.97207505,0.97280717,0.9862006,0.9840119,0.968277,0.9767117,0.8224082,0.94164145,0.8762199,0.9715559,0.98869485,0.97452134,0.9910992,0.9747786,0.9672151,0.9860807,0.9704173,0.9741224,0.97345704,0.954611,0.98475575,0.9857669,0.9502564,0.91387016,0.9730902,0.42258424,0.88121784,0.9762272,0.9457919,0.93369377,0.7262976,0.9704103,0.96576005,0.94641894,0.9346268,0.99071074,0.97269446,0.9673146,0.9577806,0.93397444,0.91212064,0.9474089,0.9424006,0.9778348,0.9364318,0.9730902,0.95021135,0.9694066,0.9664092,0.9753321,0.9350668,0.97830856,0.9796351,0.9347883,0.93303794,0.97170883,0.94321024,0.9737718,0.9394307,0.9586103,0.9684068,0.9410872,0.9439449,0.9150412,0.9725919,0.44639698,0.97075045,0.72290325,0.91661656,0.96439713,0.97841674,0.94425154,0.9715489,0.9814113,0.9594038,0.9743781,0.9639425,0.9624175,0.97294515,0.9846998,0.96060187,0.941728,0.99648726,0.8986496,0.97882015,0.9641009,0.97454697,0.8075323,0.9765894,0.9731106,0.99303174,0.97896457,0.9812373,0.95404816,0.9729648,0.94638896,0.9149375,0.9165396,0.94271165,0.9840788,0.97823566,0.94950616,0.965584,0.99043655,0.9835233,0.99462235,0.9659247,0.6788614,0.9486806,0.968986,0.9348042,0.9732828,0.9661498,0.9341341,0.9729648,0.97685564,0.9687073,0.9865041,0.9658191
adastramovie,0.99817026,0.9942887,0.9938094,0.9850297,1.0000001,0.9242813,0.99834937,0.98749685,0.99500346,0.9512049,0.9622202,0.93447524,0.9715699,0.99178547,0.99562573,0.99479985,0.98789656,0.99698305,0.9901173,0.98618805,0.99235994,0.9461826,0.99431896,0.99175006,0.95152307,0.5084355,0.9374757,0.98678666,0.9982083,0.98202646,0.98593926,0.9744831,0.9494369,0.9524638,0.8842915,0.75684875,0.9931851,0.9910183,0.98997664,0.9839881,0.99243534,0.99246943,0.9628909,0.99304014,0.99842644,0.98111486,0.9907806,0.9951112,0.9749503,0.9953223,0.9943673,0.99542165,0.87259126,0.95952004,0.9176404,0.9885412,0.98283994,0.98891723,0.9932105,0.99629664,0.9914609,0.9961108,0.98975956,0.99323136,0.9843227,0.9613848,0.9919391,0.9954285,0.9743072,0.93765795,0.9957867,0.4005,0.91391313,0.9886395,0.94820964,0.9619129,0.7300496,0.9917532,0.9830765,0.96138376,0.9680161,0.99436855,0.99525714,0.97981536,0.96278363,0.97353184,0.9537017,0.98367774,0.96207273,0.9931648,0.9729765,0.9957867,0.96935815,0.98713183,0.9942222,0.9905693,0.9660903,0.9910686,0.9977515,0.9516743,0.9696367,0.99126315,0.96789855,0.9919178,0.9609287,0.9893785,0.993047,0.97239584,0.94870406,0.9501149,0.99644816,0.5228793,0.99421394,0.74962306,0.9602333,0.99043626,0.997572,0.942797,0.99164784,0.99717176,0.9873194,0.9904257,0.98775464,0.98504853,0.9909483,0.9923659,0.9871874,0.958475,0.98921657,0.8495302,0.9960985,0.9853344,0.9923502,0.8569667,0.993947,0.991192,0.9918207,0.9820684,0.9970158,0.9870427,0.99500346,0.98046714,0.9478857,0.9543513,0.9773509,0.997385,0.9895768,0.94898546,0.98700637,0.9900971,0.9966935,0.9886881,0.99314487,0.681792,0.97583824,0.9944407,0.974073,0.9898235,0.9885182,0.9703032,0.99500346,0.9832801,0.9925875,0.9967067,0.9907255
adogsjourneymovie,0.9263721,0.9222016,0.9169771,0.900918,0.9242813,0.99999994,0.9167603,0.91757554,0.92230654,0.95168227,0.951149,0.8428654,0.9614112,0.91903675,0.9340568,0.9161716,0.9453932,0.92658466,0.94440013,0.90864486,0.94241136,0.9740432,0.93376553,0.9223629,0.9325304,0.611281,0.94154936,0.9322844,0.94026816,0.9108701,0.94781345,0.9350351,0.9486121,0.97146285,0.9162441,0.79959595,0.941865,0.9285105,0.91059136,0.8953991,0.9266549,0.9316968,0.86589855,0.93160605,0.9287493,0.96914464,0.94245166,0.9280781,0.9084649,0.9268764,0.93666285,0.9144094,0.92940706,0.93861693,0.93180305,0.91886085,0.9266214,0.91402924,0.90700805,0.93112946,0.95495677,0.91590863,0.94278514,0.9372341,0.8635798,0.89317375,0.8872837,0.93271327,0.9428831,0.95485705,0.93500495,0.5509851,0.9774029,0.90912336,0.9427362,0.9023358,0.83115673,0.9456007,0.937707,0.9202675,0.97137904,0.9393866,0.9359819,0.9323349,0.9405326,0.92900366,0.97224975,0.947746,0.9577092,0.9145633,0.9531997,0.93500495,0.97103846,0.95746505,0.9380451,0.965121,0.9503228,0.89976215,0.90650356,0.98165655,0.97226554,0.9386112,0.9777566,0.9190155,0.9354796,0.94778335,0.93500173,0.96238303,0.8691353,0.9433777,0.9313806,0.638249,0.9367402,0.83645415,0.95732224,0.9346709,0.9200486,0.9553849,0.93633264,0.90060353,0.9338657,0.9338418,0.9253649,0.97277623,0.91028523,0.91079766,0.9457782,0.9551755,0.9162153,0.7727167,0.9318198,0.9656803,0.9241985,0.9259608,0.92015076,0.92928165,0.88829124,0.9065079,0.9257563,0.9370988,0.92230654,0.97001725,0.9930399,0.97814566,0.9554371,0.91862917,0.96492183,0.96467,0.9566387,0.93712443,0.9127409,0.89397997,0.9311393,0.7698842,0.9734213,0.9389825,0.9559742,0.9372604,0.93858695,0.9409253,0.92230654,0.9656954,0.9286783,0.91723925,0.94789165
aftermathmovie,0.9981684,0.99284303,0.9981747,0.98143303,0.99834937,0.9167603,1.0000001,0.9924562,0.9981402,0.95223355,0.968898,0.9465571,0.9711287,0.99629897,0.99720293,0.99773157,0.98563546,0.99893886,0.986892,0.99121416,0.99238664,0.9424846,0.9971638,0.99568224,0.95969665,0.4800326,0.92111593,0.99128777,0.9972624,0.98288786,0.9895799,0.9739316,0.95323133,0.9432008,0.8654563,0.73386407,0.99432534,0.9917311,0.99203193,0.9835849,0.9961498,0.9948379,0.958342,0.99361837,0.9992348,0.9756043,0.9933408,0.99829036,0.967087,0.9963542,0.9959099,0.99886507,0.87948406,0.9660373,0.92764413,0.9933958,0.97706145,0.99408215,0.9951125,0.99863344,0.98839664,0.9969023,0.9919311,0.9960391,0.98269224,0.9721266,0.9953461,0.9960299,0.97797793,0.9264857,0.9977897,0.35273758,0.91449267,0.9943469,0.9335731,0.9645899,0.6954658,0.9918615,0.98754543,0.95095515,0.96821666,0.98892826,0.99656224,0.97590595,0.96388686,0.9769037,0.95504606,0.98464906,0.9649819,0.99774957,0.977442,0.9977897,0.96558505,0.98600805,0.9959081,0.9856583,0.97075653,0.99581325,0.99847865,0.94632274,0.9646292,0.9920563,0.96441007,0.9968553,0.9692596,0.99189705,0.9959176,0.97494584,0.9611898,0.95878804,0.99761367,0.48868477,0.99518675,0.7220831,0.96119773,0.9933631,0.99962807,0.9362585,0.9954705,0.99797106,0.9912457,0.9931987,0.9928832,0.9814597,0.9961755,0.9925387,0.9882094,0.9568792,0.9880038,0.82609427,0.99337935,0.9783387,0.99669987,0.84747565,0.99710387,0.9927677,0.99002755,0.9887251,0.9989647,0.9895522,0.9981402,0.97963804,0.94162613,0.94778526,0.97996134,0.99685293,0.9836408,0.93651444,0.9884884,0.9867568,0.9990557,0.9899635,0.99562335,0.64837223,0.9751728,0.996207,0.97368664,0.99156487,0.9920538,0.9746036,0.9981402,0.97738665,0.9954723,0.9970424,0.99111164
aftermovie,0.985729,0.97495,0.9948617,0.96534395,0.98749685,0.91757554,0.9924562,1.0000001,0.99754256,0.9594701,0.9824987,0.95499474,0.9739031,0.9963308,0.99440074,0.9954414,0.976443,0.99091893,0.96903884,0.9954574,0.98137,0.9386156,0.99422497,0.99769664,0.98362756,0.46665922,0.8956732,0.9893242,0.98918766,0.9842565,0.99307466,0.9718102,0.97741586,0.9260625,0.82495266,0.68366593,0.9904499,0.97888374,0.979367,0.97201484,0.99720126,0.9968621,0.9476865,0.9941229,0.99131685,0.964995,0.990995,0.9955731,0.9431372,0.9946303,0.98799497,0.99457765,0.91872895,0.9798401,0.9551529,0.9992937,0.9633263,0.9980271,0.9888784,0.99370635,0.982186,0.9848223,0.9887474,0.9963916,0.9543422,0.9765156,0.98782074,0.9927234,0.99046075,0.9081162,0.99537194,0.30091023,0.9324516,0.99676734,0.9022917,0.9667825,0.6520638,0.9915808,0.9901276,0.91570675,0.96245754,0.9751443,0.9906236,0.9517852,0.9553027,0.99120617,0.96199054,0.9891731,0.9721502,0.99593014,0.9868453,0.99537194,0.9708412,0.9848056,0.98936987,0.9782329,0.9877254,0.9955811,0.9864849,0.9333657,0.95209986,0.9815182,0.95462716,0.9973936,0.9846854,0.9899091,0.9968642,0.9783286,0.97717345,0.9775669,0.9945263,0.46057516,0.99116087,0.68132156,0.97382945,0.99735457,0.9929619,0.9121991,0.9927212,0.98616356,0.9975503,0.99117434,0.9992516,0.981003,0.9969067,0.9905513,0.9901602,0.94385636,0.97462726,0.782195,0.9788163,0.96352893,0.9970152,0.82832426,0.9964839,0.99477583,0.96951294,0.98614234,0.9942044,0.99280757,0.99754256,0.9758792,0.9406506,0.94482535,0.98824704,0.9850995,0.9739545,0.9130292,0.9862756,0.97924745,0.99135023,0.9809813,0.9968971,0.61491907,0.97778755,0.9922077,0.97743994,0.9900997,0.99581695,0.9903079,0.99754256,0.9750673,0.9974546,0.9926552,0.980042
ahiddenlifefilm,0.9945921,0.98788285,0.9982402,0.9729648,0.99500346,0.92230654,0.9981402,0.99754256,1.0,0.95908356,0.9787159,0.94924223,0.9777429,0.9978126,0.99853325,0.9974689,0.98526746,0.99760073,0.98000705,0.9954113,0.9899462,0.9482156,0.9976373,0.998051,0.97319597,0.48357567,0.91576093,0.9918516,0.99602807,0.98296326,0.9928869,0.97634315,0.9676519,0.9423636,0.8516671,0.71691775,0.99628294,0.987751,0.9860901,0.9771666,0.99850994,0.99753416,0.9492239,0.99522024,0.9971105,0.97564113,0.9942763,0.9993953,0.9543791,0.99678504,0.99501896,0.9987151,0.90177834,0.9739654,0.94308746,0.99738526,0.96936023,0.9973013,0.992808,0.9986191,0.98847735,0.9931481,0.9917833,0.997879,0.97082716,0.97450703,0.99173313,0.99546117,0.987141,0.9223932,0.9991864,0.32854232,0.9263397,0.99648607,0.9226765,0.965428,0.67863876,0.9943319,0.9904335,0.9366677,0.9713366,0.9832618,0.99675834,0.9683941,0.95952475,0.986566,0.96468955,0.9910314,0.9707218,0.9979701,0.9851011,0.9991864,0.9694931,0.98830277,0.99608433,0.98456436,0.9819103,0.9968039,0.994543,0.94348854,0.96457076,0.99091744,0.96316063,0.9985206,0.97760093,0.99443275,0.99899787,0.97942114,0.9669564,0.9705698,0.99895674,0.48380178,0.9961375,0.7098936,0.9723771,0.99785274,0.998558,0.92660576,0.9963394,0.9935359,0.99721634,0.99461216,0.99764615,0.9843366,0.9974153,0.99258524,0.9930784,0.9521373,0.98115695,0.8001641,0.98869205,0.97571445,0.99887186,0.84746975,0.99836326,0.9944039,0.98067594,0.9875608,0.9982693,0.9946836,1.0,0.98243237,0.9458728,0.95194644,0.9880747,0.9932719,0.98185974,0.9288717,0.9897536,0.9841745,0.9965752,0.98455405,0.99908227,0.6319469,0.98120725,0.9969798,0.9801632,0.9925988,0.9966954,0.98483443,1.0,0.9780191,0.99911827,0.99540013,0.98939925
alitamovie,0.95228344,0.9510565,0.9501437,0.9108992,0.9512049,0.95168227,0.95223355,0.9594701,0.95908356,0.99999994,0.9555743,0.87761223,0.9875956,0.94812185,0.966747,0.9523003,0.9332935,0.95571274,0.9449882,0.93536645,0.97406155,0.9719669,0.9689199,0.9681745,0.9647159,0.6333299,0.922802,0.949797,0.96478283,0.933375,0.96841353,0.9225647,0.9648825,0.9462151,0.87326884,0.80711013,0.96792024,0.9706686,0.93585783,0.9019695,0.9652866,0.9545028,0.89909565,0.9591108,0.95779884,0.97122353,0.9763093,0.96014285,0.9078514,0.9593573,0.9698328,0.9473906,0.9573387,0.93915266,0.95618546,0.9537596,0.9412369,0.9514622,0.9331633,0.9636922,0.9571142,0.94690126,0.97138566,0.96583694,0.9023735,0.9122433,0.94014317,0.9498532,0.94988865,0.89515156,0.9627084,0.4109373,0.95289797,0.94385755,0.8943361,0.9796701,0.7541282,0.9772568,0.97830987,0.92727757,0.95911795,0.95069754,0.96828157,0.9456338,0.9456805,0.9667996,0.9779563,0.97810864,0.9422748,0.9551298,0.9851786,0.9627084,0.98162794,0.9596919,0.9660179,0.96148676,0.9632911,0.9372809,0.95018154,0.96608996,0.97089064,0.95751023,0.9750051,0.955937,0.97258705,0.9742751,0.96931934,0.990191,0.91493475,0.9634544,0.9630573,0.6265686,0.97354656,0.8044335,0.9847444,0.9726382,0.9577097,0.93875635,0.96923244,0.9482612,0.96300256,0.9683226,0.96359026,0.97586673,0.9523518,0.9283667,0.96937126,0.95629835,0.92756104,0.7648676,0.96464807,0.9567174,0.9543713,0.9277862,0.96380514,0.9589764,0.91074985,0.93515074,0.9528579,0.95814615,0.95908356,0.9800951,0.97209543,0.98405075,0.9814525,0.93437004,0.95944273,0.9193831,0.9811605,0.93768424,0.94405234,0.92497915,0.9654155,0.7306587,0.9649955,0.9735689,0.9892391,0.94848126,0.96875054,0.98258764,0.95908356,0.95844495,0.9620254,0.9471632,0.9708053
angelhasfallen,0.9650486,0.952343,0.9783739,0.9341228,0.9622202,0.951149,0.968898,0.9824987,0.9787159,0.9555743,1.0,0.95147544,0.9727623,0.9827417,0.9789246,0.9726267,0.97293425,0.97350776,0.9581664,0.9809394,0.9672208,0.953609,0.9788595,0.97857726,0.98775053,0.4568761,0.8848129,0.9827126,0.97233284,0.96718824,0.99067634,0.97506505,0.9875124,0.9355336,0.820964,0.6631039,0.97919655,0.9578451,0.9585097,0.9494553,0.9793016,0.98255104,0.9049619,0.97329456,0.9716339,0.9617518,0.9786403,0.9808568,0.91702735,0.97174656,0.9742187,0.9757129,0.9473232,0.99479216,0.9815412,0.9835562,0.9372696,0.97954905,0.96385676,0.9779107,0.9766631,0.9597649,0.97986007,0.9846475,0.9140933,0.9784149,0.95254856,0.9774669,0.99321365,0.92753386,0.9816816,0.30984867,0.97172105,0.97947824,0.89805514,0.93855,0.65232617,0.97509116,0.97847646,0.8957784,0.9809311,0.95216584,0.9740065,0.9346108,0.95981246,0.9824476,0.978268,0.98018277,0.99161243,0.97618055,0.9899191,0.9816816,0.96857893,0.9808844,0.97826236,0.97211206,0.99645007,0.9722162,0.95615715,0.94829506,0.95743895,0.97022176,0.96445495,0.9816365,0.9879105,0.9851477,0.98267984,0.9820113,0.9672358,0.9960113,0.97624564,0.45391938,0.9724673,0.6752617,0.9749001,0.98213845,0.9705853,0.9180517,0.98195064,0.9526311,0.9885162,0.9748526,0.98647094,0.97867274,0.9779752,0.9674151,0.9797152,0.9530355,0.95321673,0.7177666,0.953288,0.9581484,0.9832428,0.8432712,0.97342736,0.9788612,0.93601286,0.97381735,0.97700435,0.9871899,0.9787159,0.9801858,0.9614478,0.94810754,0.9871917,0.96547455,0.9650016,0.9158131,0.98157007,0.9619626,0.9698522,0.95037794,0.9813071,0.6010721,0.9878933,0.9778473,0.9701272,0.9834456,0.9851721,0.9847174,0.9787159,0.9667718,0.9812659,0.9677486,0.9718791
angrybirdsmovie,0.9318103,0.91159123,0.9586541,0.9179266,0.93447524,0.8428654,0.9465571,0.95499474,0.94924223,0.87761223,0.95147544,1.0,0.8919553,0.96533334,0.94508135,0.94998866,0.9222966,0.9411951,0.92345953,0.95638233,0.9249267,0.84560424,0.94499195,0.953951,0.92866313,0.31364617,0.7857342,0.9500071,0.93435067,0.97317874,0.9561387,0.9491552,0.9287074,0.8337297,0.71115273,0.53329396,0.9296059,0.9207503,0.9461548,0.95520175,0.942294,0.9465502,0.92898816,0.930873,0.9445466,0.8842241,0.93480843,0.95081216,0.91478765,0.93565625,0.9383532,0.9568329,0.8564705,0.97048163,0.9400958,0.9593815,0.9177262,0.9510577,0.94292146,0.94637734,0.9376988,0.9258814,0.9531717,0.954632,0.9146506,0.9811423,0.9447506,0.9536614,0.94124323,0.8810491,0.9470509,0.22294217,0.90134245,0.961286,0.83065665,0.9170899,0.5325764,0.9190939,0.9313589,0.8613207,0.9090465,0.91660774,0.92791504,0.8708806,0.9471819,0.94322765,0.879806,0.91643184,0.957309,0.9575611,0.93897206,0.9470509,0.90862215,0.9294807,0.9409907,0.9229588,0.94456875,0.9568214,0.93569195,0.87404674,0.87602836,0.91541356,0.9032183,0.96117944,0.9496519,0.94099283,0.94167703,0.92707574,0.9791607,0.9532772,0.93653965,0.31717956,0.9231522,0.52097267,0.8859248,0.9371204,0.9418637,0.85596156,0.9464777,0.9375155,0.94693995,0.92437583,0.95880795,0.91501874,0.9665508,0.9475153,0.9146634,0.9234367,0.94107276,0.71189374,0.9125501,0.8896243,0.9535125,0.6924918,0.9403303,0.9620405,0.93180764,0.9656194,0.955102,0.9492595,0.94924223,0.9147583,0.8748328,0.8442311,0.9181388,0.94638824,0.9028858,0.8340234,0.93415904,0.92485964,0.9570049,0.94803935,0.9420291,0.52483565,0.9118612,0.93842685,0.88977325,0.96100396,0.9342511,0.93040854,0.94924223,0.90529054,0.94051605,0.9529578,0.9235471
annabellemovie,0.97264045,0.9743569,0.96860546,0.92842454,0.9715699,0.9614112,0.9711287,0.9739031,0.9777429,0.9875956,0.9727623,0.8919553,0.99999994,0.96753895,0.9843993,0.9665186,0.9698274,0.9758848,0.9605668,0.9634404,0.9839471,0.99029166,0.98003143,0.9778079,0.96863115,0.62208694,0.9513883,0.9649664,0.9828666,0.94703215,0.9777798,0.95834553,0.97433746,0.9752615,0.8879098,0.795831,0.9893175,0.976653,0.9479463,0.9246696,0.97843945,0.9736228,0.8979124,0.9737945,0.9737879,0.9913652,0.9832553,0.9788926,0.91825527,0.97328913,0.98415613,0.969177,0.9423667,0.9533454,0.9516237,0.9693541,0.9429965,0.9679107,0.95378995,0.9801522,0.9803719,0.9666225,0.97711325,0.9787318,0.9301918,0.9288814,0.95154756,0.9674834,0.9750558,0.9305476,0.9818907,0.40062505,0.95282096,0.96148294,0.92545754,0.9606424,0.7491961,0.9885959,0.979782,0.9369047,0.9840552,0.96386874,0.98515224,0.96458673,0.94136614,0.98194736,0.99354166,0.9957329,0.9598097,0.96829283,0.99025124,0.9818907,0.97842467,0.9798337,0.98503155,0.9788983,0.97898245,0.9589094,0.9680594,0.9650103,0.9891843,0.98045653,0.978567,0.9709032,0.9678606,0.98973435,0.98527473,0.9887881,0.9168975,0.96987647,0.983458,0.6143685,0.9872874,0.79882234,0.9961597,0.98666435,0.97558874,0.93400025,0.9803663,0.9637156,0.9833725,0.9804279,0.976998,0.9893368,0.9659212,0.9555702,0.99018794,0.95272213,0.9414787,0.7605217,0.97705764,0.981468,0.9735794,0.92681795,0.9761134,0.9704696,0.935547,0.94682026,0.9714568,0.98355585,0.9777429,0.9947061,0.9793997,0.99089676,0.99530417,0.9624933,0.9783272,0.9386412,0.98612595,0.9579815,0.9633097,0.93714774,0.98483557,0.6952992,0.9888172,0.9865854,0.9989454,0.96877027,0.9848601,0.9877718,0.9777429,0.97237486,0.98212975,0.9631279,0.9854829
annamovie,0.99180776,0.98172104,0.99918664,0.9745384,0.99178547,0.91903675,0.99629897,0.9963308,0.9978126,0.94812185,0.9827417,0.96533334,0.96753895,1.0,0.9954307,0.9970309,0.98460996,0.9955966,0.9807234,0.9964862,0.98539025,0.936476,0.99571353,0.9961351,0.97238004,0.44188577,0.89905244,0.9947367,0.9923343,0.98825467,0.994687,0.9801486,0.9664111,0.9317379,0.83763045,0.68714815,0.9914214,0.9826879,0.98912233,0.98430496,0.9958537,0.99698716,0.9531213,0.992047,0.99567705,0.9669537,0.99133253,0.9980673,0.95777345,0.99384785,0.99170274,0.99881375,0.89695746,0.9829023,0.94789964,0.9980639,0.9693918,0.9969506,0.9935058,0.99661404,0.9872756,0.98991007,0.9923333,0.99776,0.96819204,0.9862892,0.9905729,0.996928,0.98752564,0.9253186,0.9972572,0.31753427,0.93024606,0.9985075,0.9184052,0.9590009,0.66065407,0.9879347,0.9874709,0.930855,0.9697005,0.9804845,0.9918261,0.9606476,0.96736956,0.9828539,0.95683074,0.98329765,0.978362,0.99827534,0.9825321,0.9972572,0.9657245,0.98675287,0.99325037,0.9826079,0.9825017,0.9975773,0.9906143,0.9411786,0.95620066,0.9864532,0.9609767,0.9993291,0.9798563,0.991757,0.99562615,0.9764931,0.9773938,0.97440803,0.99471486,0.44680226,0.9898821,0.6812751,0.9618229,0.99335235,0.995621,0.92611945,0.99523383,0.9899363,0.9950767,0.99024075,0.9972793,0.97997034,0.99884063,0.993363,0.98645705,0.9559241,0.9849198,0.79492813,0.9821787,0.969437,0.99888635,0.8252528,0.9949624,0.9954129,0.9815283,0.9936546,0.9985532,0.99311906,0.9978126,0.9776144,0.94122416,0.93882257,0.98198557,0.9936552,0.97753847,0.9247104,0.98759013,0.98407626,0.9975508,0.9875816,0.99530905,0.61620224,0.978138,0.99319106,0.96901333,0.9955756,0.99320704,0.9797514,0.9978126,0.97494876,0.9956227,0.99551886,0.9854625
apollo11movie,0.9948638,0.9906822,0.995987,0.96894604,0.99562573,0.9340568,0.99720293,0.99440074,0.99853325,0.966747,0.9789246,0.94508135,0.9843993,0.9954307,1.0,0.99415517,0.9862657,0.9972214,0.98293144,0.9906004,0.9942178,0.9596535,0.99756575,0.99737203,0.96944404,0.522207,0.93080544,0.9887978,0.9984416,0.98283416,0.9932682,0.9793311,0.96925265,0.9546379,0.8674327,0.74323934,0.998171,0.9906914,0.9835623,0.97312003,0.9962191,0.9946372,0.94775295,0.992367,0.99716485,0.9836802,0.99495935,0.9989411,0.9576571,0.99428093,0.9979677,0.996882,0.90703636,0.97290605,0.94653124,0.99366885,0.9713962,0.9924355,0.98770857,0.99903935,0.9934538,0.9912175,0.9943703,0.99774176,0.97118914,0.9685678,0.9873297,0.9942326,0.98495275,0.9363178,0.9994387,0.36373758,0.9357483,0.9914946,0.9325932,0.96958566,0.70713687,0.99503946,0.9895155,0.9492961,0.9783972,0.9854219,0.99750817,0.9723839,0.9645922,0.98792213,0.970691,0.9935988,0.973461,0.9953819,0.98886997,0.9994387,0.9754033,0.99008435,0.9987403,0.98931056,0.98220074,0.99153465,0.9944193,0.95491,0.97546434,0.9917073,0.97360194,0.9962002,0.9764182,0.9976697,0.99870235,0.98521763,0.9580799,0.9721172,0.99903303,0.52456355,0.9969868,0.7366602,0.97665966,0.9972693,0.99780506,0.9361905,0.996536,0.9928709,0.9961372,0.99286133,0.99587953,0.98929316,0.9948986,0.9884191,0.993177,0.9623093,0.97909063,0.80420595,0.99183017,0.9827078,0.99620956,0.86679167,0.9959971,0.9945798,0.978387,0.9827929,0.9974415,0.9960938,0.99853325,0.9895715,0.95851135,0.9629326,0.990157,0.9929991,0.9856376,0.93770033,0.99305344,0.98284316,0.9949927,0.9796287,0.99888134,0.6616723,0.9846654,0.9989384,0.98521054,0.99294066,0.99511224,0.9860105,0.99853325,0.9802132,0.99753106,0.9937448,0.9937189
arcticdogsmovie,0.99460346,0.98468274,0.9980395,0.9842667,0.99479985,0.9161716,0.99773157,0.9954414,0.9974689,0.9523003,0.9726267,0.94998866,0.9665186,0.9970309,0.99415517,0.9999999,0.9813985,0.9963233,0.98420274,0.9926869,0.9876817,0.9334025,0.9971982,0.9963604,0.970127,0.44802594,0.9043311,0.99489844,0.9933646,0.9843513,0.9923412,0.96876043,0.958908,0.93069965,0.85173905,0.709936,0.99032944,0.98794293,0.9934228,0.9856371,0.9980354,0.9975564,0.9626371,0.99708617,0.99761575,0.96799964,0.9941981,0.9966988,0.9648835,0.99868435,0.9913969,0.99724567,0.8897317,0.9723011,0.9344932,0.99705625,0.9788935,0.9979653,0.9976366,0.99651486,0.98334694,0.9951303,0.99165046,0.99690604,0.97229195,0.978116,0.99661183,0.99733484,0.9816051,0.91370183,0.9960529,0.3353971,0.9187218,0.99789643,0.92287725,0.96572053,0.6791214,0.9923134,0.9915923,0.93705785,0.9618194,0.9876037,0.9939972,0.968609,0.96560377,0.9770351,0.9528118,0.9822443,0.96730727,0.9990083,0.977893,0.9960529,0.9689268,0.9856618,0.9910648,0.98327297,0.9748357,0.99772793,0.9940735,0.9430478,0.95463717,0.9882505,0.9597734,0.99809486,0.97761726,0.98847705,0.9955304,0.97491467,0.97352785,0.9634025,0.9952405,0.4565037,0.99339145,0.7025549,0.96075195,0.99401635,0.99738806,0.9339947,0.99538803,0.9944115,0.99169606,0.99488854,0.9949586,0.9805151,0.99743503,0.99404174,0.98753196,0.95324326,0.9901226,0.8254567,0.9885662,0.97094095,0.99778295,0.8333038,0.9985198,0.99401295,0.98653793,0.99339765,0.99806815,0.9864386,0.9974689,0.97445196,0.9375588,0.9423567,0.9801607,0.9926857,0.9816973,0.93148977,0.9885013,0.98869455,0.99760807,0.99381584,0.9941859,0.63717264,0.97402996,0.9936331,0.9709248,0.99120194,0.9938111,0.9777366,0.9974689,0.98006046,0.99539316,0.99768686,0.9858064
arcticmovie,0.98915577,0.9851858,0.98470235,0.9719437,0.98789656,0.9453932,0.98563546,0.976443,0.98526746,0.9332935,0.97293425,0.9222966,0.9698274,0.98460996,0.9862657,0.9813985,1.0000001,0.98922586,0.98463535,0.98520744,0.9796101,0.9584442,0.98247826,0.97559536,0.95044076,0.4870764,0.9419593,0.9841888,0.9892832,0.96713376,0.98038,0.9850962,0.9523306,0.9686418,0.8891319,0.73497516,0.9899312,0.972376,0.97605443,0.97494924,0.9816501,0.98795,0.92712194,0.98374003,0.9867345,0.9835012,0.9792451,0.9872915,0.9563115,0.983286,0.9836518,0.98652595,0.8733833,0.9657975,0.9175058,0.9794682,0.96107304,0.9799559,0.983756,0.98655623,0.9911199,0.9856178,0.9766116,0.98406184,0.9650392,0.96064144,0.9688019,0.98797387,0.9835691,0.9572637,0.9892264,0.4009947,0.92703027,0.97989696,0.9586972,0.92194253,0.7269008,0.982104,0.9698319,0.9435128,0.9838871,0.98157567,0.98698777,0.9749579,0.950482,0.96616286,0.96600294,0.98050845,0.9726924,0.97932315,0.9668624,0.9892264,0.9589639,0.9891063,0.9878044,0.98910606,0.9715237,0.98106384,0.98007464,0.9518679,0.97441363,0.99082506,0.96549773,0.98116386,0.9508682,0.98475665,0.9851018,0.96331835,0.9333242,0.95310956,0.9887236,0.503936,0.9833631,0.74355084,0.96115404,0.9813555,0.9853545,0.9370545,0.98219556,0.97613144,0.9848238,0.9816765,0.9779649,0.9843234,0.97659,0.987082,0.9870719,0.94840914,0.97704214,0.80887973,0.97975415,0.9895779,0.9865274,0.86162204,0.97949976,0.97756255,0.9775769,0.97212034,0.98771864,0.9875625,0.98526746,0.9817254,0.9559999,0.95463586,0.97730243,0.99217814,0.98988205,0.9588387,0.9779296,0.98634124,0.9847213,0.96988034,0.9859705,0.64820915,0.98926646,0.9835863,0.9683229,0.9870327,0.98458207,0.9611245,0.98526746,0.98241234,0.98650414,0.98195666,0.9845918
artofracingmovie,0.9990565,0.9947732,0.99800456,0.9788105,0.99698305,0.92658466,0.99893886,0.99091893,0.99760073,0.95571274,0.97350776,0.9411951,0.9758848,0.9955966,0.9972214,0.9963233,0.98922586,0.9999999,0.9889655,0.9907302,0.994466,0.95233786,0.997819,0.9941805,0.9622895,0.4817999,0.9261579,0.9937098,0.9976605,0.9771913,0.9908991,0.974622,0.95441145,0.9523736,0.87499744,0.74327976,0.9967286,0.99307734,0.99162513,0.9799405,0.99648064,0.99488366,0.9478502,0.99312216,0.99887383,0.9806064,0.9951907,0.9987617,0.9630293,0.99550474,0.99735653,0.99812096,0.88434905,0.9675911,0.93058395,0.99209833,0.9735262,0.9935574,0.99388856,0.99919724,0.98901016,0.9976988,0.99219346,0.9960228,0.98016006,0.9730707,0.99204654,0.9949192,0.9803033,0.9302695,0.9983273,0.35230887,0.9203631,0.99339616,0.9383413,0.96049386,0.70045,0.9931316,0.98963416,0.9520626,0.9767794,0.9877598,0.9984447,0.9814654,0.9649502,0.9753884,0.9639962,0.9869591,0.96800816,0.99677515,0.98006,0.9983273,0.96599305,0.9881393,0.99767196,0.98687017,0.97301686,0.9939933,0.9968574,0.95363206,0.97160804,0.9964865,0.96966964,0.9962252,0.9710488,0.99453604,0.9967298,0.9784688,0.95783913,0.96236145,0.99794996,0.4909246,0.996576,0.7323264,0.96575654,0.9938552,0.99938136,0.9431563,0.99724114,0.9953448,0.9921429,0.99551445,0.9921945,0.9837438,0.9941935,0.9897998,0.99128085,0.95997566,0.9863608,0.8159129,0.9935869,0.9825065,0.9972454,0.8627082,0.99646044,0.9898454,0.9873166,0.9887599,0.9981943,0.9904394,0.99760073,0.9846422,0.9480517,0.95424587,0.98376393,0.9960369,0.98612136,0.9429631,0.9910847,0.9863014,0.9975821,0.98622876,0.99584293,0.6447142,0.98117214,0.9972699,0.97748816,0.9913813,0.99420613,0.97521377,0.99760073,0.97839373,0.9959021,0.993796,0.99484473
avengers,0.9924964,0.98751426,0.9839797,0.98680216,0.9901173,0.94440013,0.986892,0.96903884,0.98000705,0.9449882,0.9581664,0.92345953,0.9605668,0.9807234,0.98293144,0.98420274,0.98463535,0.9889655,0.99999994,0.9681307,0.99021137,0.9463541,0.9870204,0.97735345,0.93818784,0.48750168,0.93761903,0.98686975,0.9902049,0.97084415,0.9829313,0.9661614,0.9333662,0.959153,0.9139453,0.78154796,0.9821449,0.9886842,0.9924739,0.9831659,0.98042256,0.98148024,0.95842123,0.98214287,0.99153805,0.98003864,0.9866869,0.9839756,0.9858655,0.98447204,0.9876735,0.98279124,0.8610464,0.9579316,0.9115171,0.9737344,0.98837173,0.97457516,0.98479396,0.9871707,0.98619413,0.9894411,0.9880558,0.9850383,0.9752738,0.9608622,0.97912675,0.9892944,0.9608893,0.9513339,0.9848986,0.45962188,0.9246049,0.97611177,0.96631217,0.9496616,0.77089155,0.9815022,0.9784983,0.97507995,0.9738336,0.994786,0.9861819,0.98613715,0.9812216,0.94918054,0.95020854,0.96705025,0.96607095,0.98258185,0.9642582,0.9848986,0.9697917,0.98301566,0.98595315,0.9914689,0.9538961,0.9750435,0.98505884,0.9754524,0.97346133,0.9877937,0.9816577,0.98050696,0.9567983,0.9821616,0.98011273,0.97252923,0.938531,0.94399387,0.98249155,0.5227014,0.98339635,0.7773478,0.94409806,0.9750195,0.98593104,0.97641224,0.986586,0.9839699,0.97103137,0.98304427,0.97271264,0.9824613,0.97774565,0.9777248,0.9739622,0.97858393,0.99348587,0.8687969,0.99087995,0.98741513,0.9811999,0.87400895,0.98046285,0.9797794,0.9872984,0.9812666,0.98803866,0.9711463,0.98000705,0.9795594,0.95837045,0.9543812,0.9650307,0.9892037,0.99157536,0.9717567,0.9872365,0.98849905,0.98760235,0.9841648,0.9768857,0.71648455,0.97368324,0.9854699,0.96103525,0.98391926,0.97684705,0.9521127,0.98000705,0.9841249,0.97652215,0.98555285,0.99026203
beachbummovie,0.9856887,0.97511494,0.99469507,0.96727693,0.98618805,0.90864486,0.99121416,0.9954574,0.9954113,0.93536645,0.9809394,0.95638233,0.9634404,0.9964862,0.9906004,0.9926869,0.98520744,0.9907302,0.9681307,1.0,0.9739442,0.9311873,0.98864716,0.99024314,0.97358155,0.4251315,0.89181036,0.9893786,0.98589396,0.98011905,0.98713523,0.9790209,0.9669899,0.92571914,0.8194205,0.65766734,0.9885687,0.9700573,0.9784957,0.9774438,0.99267054,0.9960842,0.9371551,0.9903018,0.98866016,0.9603358,0.9830086,0.99397343,0.9398161,0.99055773,0.98306066,0.9954692,0.8930813,0.97829527,0.93959045,0.9966125,0.953631,0.99645317,0.9911966,0.99071103,0.9810206,0.9852677,0.9802151,0.9916749,0.9594368,0.9806376,0.9841637,0.9916464,0.9919116,0.91379076,0.9934211,0.2798339,0.91858554,0.99679244,0.90738446,0.9410127,0.6306539,0.98396367,0.9796097,0.9077305,0.96360856,0.9704782,0.9871933,0.9510418,0.94488657,0.9831059,0.95511234,0.982869,0.97148776,0.9926401,0.97522384,0.9934211,0.95395046,0.9832427,0.98690736,0.9745141,0.98286086,0.9973269,0.984115,0.9206707,0.9463537,0.98275656,0.9433095,0.9947893,0.9713333,0.9851321,0.9926574,0.96375656,0.9720425,0.9690597,0.9924341,0.42173684,0.9852475,0.6573079,0.96240187,0.99138993,0.99085766,0.9009789,0.9876658,0.9826569,0.99554884,0.9863975,0.994323,0.9736853,0.99349004,0.9945486,0.98758453,0.9313067,0.97450185,0.77103585,0.972387,0.96286017,0.99674696,0.8091219,0.99124295,0.9885231,0.9743845,0.9858406,0.99323833,0.9927745,0.9954113,0.9692602,0.92849696,0.9303143,0.9808998,0.98961926,0.9713143,0.9122404,0.9766743,0.9799406,0.9915343,0.9796862,0.99393505,0.5752751,0.9774088,0.9862078,0.96560013,0.99017185,0.99228567,0.9774546,0.9954113,0.96972555,0.9955396,0.98994267,0.97568583
bernadettefilm,0.99488443,0.9942765,0.9891953,0.96873915,0.99235994,0.94241136,0.99238664,0.98137,0.9899462,0.97406155,0.9672208,0.9249267,0.9839471,0.98539025,0.9942178,0.9876817,0.9796101,0.994466,0.99021137,0.9739442,1.0000001,0.96680087,0.9955163,0.99036884,0.95562845,0.54582596,0.9429062,0.9855672,0.9965414,0.9694058,0.9884854,0.9648368,0.95165974,0.96466887,0.9008899,0.79687065,0.99412084,0.99859995,0.985562,0.96559644,0.9902396,0.98484707,0.9443577,0.9854999,0.99489987,0.9886113,0.9960583,0.99271667,0.9646946,0.98868203,0.9986332,0.98860466,0.8960723,0.95872587,0.93445325,0.9812373,0.9768895,0.98168695,0.980786,0.99558026,0.9882621,0.9911158,0.9946073,0.99190116,0.97368574,0.95746744,0.9832777,0.98727363,0.96808755,0.93719345,0.9931075,0.40854928,0.93215036,0.9803846,0.945597,0.97405124,0.74921364,0.99263495,0.99023134,0.97066206,0.9807363,0.98821986,0.99632376,0.98653525,0.9736327,0.97082627,0.9704488,0.9863235,0.9640579,0.9893537,0.98423356,0.9931075,0.9761091,0.98476654,0.9965656,0.9887164,0.966996,0.97933275,0.9924914,0.97384655,0.9846662,0.99332714,0.98571116,0.9881444,0.97097147,0.99529696,0.9921557,0.9888119,0.94191164,0.9610416,0.99256504,0.55880815,0.99572897,0.78318757,0.97016996,0.9894864,0.9938929,0.9633185,0.99543685,0.990829,0.9839722,0.9918084,0.98497736,0.9875268,0.98578036,0.9741761,0.9866861,0.9767566,0.979635,0.826434,0.99694264,0.9870587,0.9876886,0.90046746,0.9904824,0.9851868,0.97707987,0.97838974,0.9911944,0.98352015,0.9899462,0.992052,0.9652412,0.97176844,0.9837515,0.98670197,0.9874577,0.95329016,0.99601245,0.97857004,0.9893259,0.97560334,0.98984575,0.70229363,0.97964656,0.9973791,0.98442835,0.98434985,0.98817384,0.9753059,0.9899462,0.97811323,0.9878703,0.9859612,0.99897945
