movie,21bridgesmovie,47metersdown,abeautifuldaymovie,abominablemovie,adastramovie,adogsjourneymovie,aftermathmovie,aftermovie,ahiddenlifefilm,alitamovie,angelhasfallen,angrybirdsmovie,annabellemovie,annamovie,apollo11movie,arcticdogsmovie,arcticmovie,artofracingmovie,avengers,beachbummovie,bernadettefilm,blackandbluemovie,blackchristmas,blindedbythelightmovie,bombshellmovie,booksmart,breakthroughmovie,brianbanksmovie,brightburnmovie,brittanyrunsmov,captainmarvelofficial,captivestatemovie,catsmovie,charliesangels,childsplaymovie,clarathefilm,coldpursuitmovie,countdown,currentwarmovie,darkwatersmovie,detectivepikachumovie,disneyaladdin,disneyfrozen,disneymaleficent,doctorsleepmovie,dolemiteismyname,dontletgomovie,doramovie,downtonabbey_official,dumbo,escaperoom,everybodyknowsmovie,fastandfuriousmovie,fightingwmyfam,fivefeetapartfilm,fordvferrari,freaksthefilm,geminimanmovie,glassmovie,gloriabellmovie,godzillamovie,goldfinchmovie,goodboysmovie,goodliarmovie,gretafilm,halathemovie,happydeathdaymovie,harrietfilm,hellboymovie,hersmellmovie,highlifemovie,highstrungmovie,honeyboymovie,hotelmumbaifilm,httydragon,hustlemovie,hustlersmovie,isntitromantic,itmovieofficial,jayandsilentbob,johnwickmovie,jojorabbitmovie,jokermovie,judythefilm,jumanjimovie,justmercyfilm,knivesout,lalloronamovie,lastblackmansf,lastchristmasthemovie,latenightmovie,lighthousemovie,lionking,littlethemovie,littlewomenmovie,littlewoodsfilm,longshotmovie,lordsofchaosmovie,lucyintheskyfilm,mamovie2019,marriagestory,meettheaddams,meninblack,midsommarmovie,midwaymovie,missbalamovie,missinglinkfilm,motherlessbklyn,onceinhollywood,onthebasisofsex,overcomermovie,peanutbutterfalcon,petsematarymovie,piercingmovie,playingwithfire,playmobilthemovie,pomsmovie,queenandslim,rambomovie,readyornotfilm,richardjewellfilm,rocketmanmovie,scarystoriesmovie,secretlifeofpets,serenityfilm,shaftmovie,shazammovie,spidermanmovie,spiesindisguise,starwars,stormboymovie,stubermovie,taosdfilm,teenspiritmov,terminator,theaeronautsmov,thebestofenemies,thedeaddontdie,thefarewell,thehighwaymen,thehummingbirdprojectfilm,theintrudermovie,theirishmanfilm,thekitchenmovie,thelegomovie,themustangfilm,thenightingalefilm,theprodigymovie,thesunisalsoastar,theupsidefilm,tolkienmovie,toystory,triplefrontier,uglydolls,uncutgems,underthesilverlake,usmovie,wavesmovie,whatmenwant,wonderparkmovie,wrinklestheclown,xmenmovies,yardiefilm,yesterdaymovie,zombieland
21bridgesmovie,0.99999994,0.94759667,0.95239735,0.94161004,0.9602604,0.9416746,0.95716846,0.9554855,0.97875035,0.9616789,0.9609738,0.9571963,0.95127463,0.9465144,0.9594634,0.961682,0.9538466,0.9573945,0.96775013,0.9412145,0.95048445,0.9500462,0.9579041,0.95877105,0.95339096,0.826241,0.95293695,0.9602248,0.965081,0.9553027,0.9553738,0.9492077,0.94666725,0.94807833,0.94100016,0.9206205,0.9623726,0.96545196,0.957141,0.95161533,0.9584157,0.9566205,0.93997973,0.95356214,0.9631034,0.9517084,0.95604575,0.96038616,0.9335131,0.9570763,0.9670372,0.9563318,0.9564835,0.9607838,0.94536173,0.956528,0.9502568,0.9570555,0.9498299,0.95579267,0.95802623,0.95062757,0.93729186,0.9437994,0.9516733,0.9380778,0.9506167,0.946176,0.9574471,0.9453143,0.95902663,0.7173137,0.9513502,0.95829034,0.95656496,0.93827885,0.925321,0.95577484,0.95123667,0.949817,0.9611742,0.944722,0.95309484,0.9554624,0.9587933,0.9417941,0.9486399,0.9575608,0.95017505,0.9551008,0.9554883,0.95902663,0.9552187,0.9494234,0.96217024,0.9412249,0.949893,0.947709,0.93392664,0.9635147,0.95045245,0.9507139,0.9544404,0.9601154,0.9457003,0.9656567,0.96988356,0.95139766,0.95507026,0.94563603,0.9548865,0.83550304,0.96005946,0.92369926,0.95773566,0.97409296,0.9906494,0.93456143,0.96426886,0.95168686,0.9394376,0.9515741,0.9511277,0.94799495,0.95596176,0.9613489,0.9604764,0.9581591,0.95719534,0.9093196,0.95437497,0.9563468,0.9517286,0.9429956,0.9548998,0.9582457,0.9712841,0.9550529,0.9618086,0.94508004,0.97875035,0.95554185,0.94653624,0.9559797,0.9531586,0.94988906,0.9395499,0.94371367,0.95449317,0.9678856,0.9550206,0.9533625,0.950973,0.95693606,0.9623112,0.95348394,0.94758314,0.9542921,0.96291316,0.9616245,0.97875035,0.951921,0.9628772,0.94393057,0.9572231
47metersdown,0.94759667,0.9999996,0.9223417,0.9204473,0.9367177,0.9137415,0.9407643,0.9341802,0.9565132,0.9284242,0.93621564,0.9353246,0.9264686,0.9359726,0.9377957,0.95831984,0.9466571,0.9332644,0.9379277,0.9263848,0.92573225,0.91052234,0.9393065,0.9444584,0.9368639,0.81787974,0.91551524,0.938039,0.9387209,0.923594,0.9377309,0.9479141,0.9300456,0.9406316,0.9301951,0.8867429,0.9395173,0.9352546,0.939283,0.9326369,0.9374081,0.93374866,0.92028433,0.92967784,0.9407033,0.921357,0.93434,0.93866456,0.92750514,0.93283224,0.9393117,0.94538933,0.9299098,0.935825,0.92179555,0.94289756,0.93700373,0.9398843,0.9340236,0.92679775,0.9311139,0.94161737,0.92330563,0.9293851,0.93653405,0.9321935,0.93056536,0.931158,0.9324748,0.93175817,0.9311512,0.6795744,0.92242116,0.92831475,0.9358569,0.91488576,0.89507776,0.93518996,0.92782253,0.92857486,0.93643683,0.92417145,0.9214134,0.9220307,0.93657583,0.91853344,0.9309897,0.92506427,0.92122775,0.9320841,0.9287107,0.9311512,0.9249499,0.9180525,0.93409884,0.9200697,0.9219268,0.9488484,0.9093276,0.94281214,0.92399436,0.9171149,0.9237456,0.92891896,0.9262917,0.93739605,0.952605,0.93890786,0.9198832,0.9372924,0.9310574,0.7963952,0.94063693,0.8870031,0.9341718,0.94942474,0.9529606,0.93130857,0.93816805,0.92296165,0.9212072,0.92437404,0.93021303,0.9161504,0.9410273,0.93791604,0.92591447,0.9323756,0.93291694,0.874632,0.9329479,0.9419829,0.9377328,0.9189449,0.9370413,0.9340828,0.9401023,0.93586755,0.92407835,0.926881,0.9565132,0.92508477,0.92783135,0.9349844,0.9362245,0.9488166,0.93467665,0.93264484,0.9346929,0.93268764,0.9280798,0.92374617,0.91426116,0.9098296,0.9448097,0.9288616,0.92602456,0.92581725,0.9379391,0.9407806,0.9565132,0.9376854,0.93739057,0.93432534,0.9385793
abeautifuldaymovie,0.95239735,0.9223417,1.0,0.93921024,0.942863,0.94029874,0.9412014,0.95426315,0.96839,0.941039,0.93631387,0.95499915,0.94359577,0.94548786,0.951657,0.9495368,0.9444829,0.9573479,0.9478534,0.9331951,0.9453555,0.95767784,0.9499494,0.9317115,0.9440493,0.82075995,0.94253945,0.94664973,0.96435237,0.9603042,0.9401093,0.94177943,0.93093705,0.9535569,0.9178447,0.88184,0.952302,0.93671715,0.9460471,0.9437715,0.94057935,0.9359892,0.93477285,0.9416879,0.93992126,0.94498104,0.94365376,0.9497662,0.92859834,0.9432319,0.97120744,0.94943935,0.9437144,0.94649124,0.95319355,0.94689405,0.9511848,0.94850224,0.9328314,0.9578363,0.95466805,0.93702376,0.92977625,0.9462111,0.93572587,0.9138564,0.9365703,0.93630606,0.9308901,0.9292135,0.9581651,0.72439927,0.9508083,0.9452743,0.9469116,0.9165197,0.90777946,0.94292647,0.9387807,0.9429605,0.9331138,0.9225323,0.9418155,0.9302765,0.95337754,0.92800146,0.93099976,0.9476971,0.9458624,0.9467142,0.93833244,0.9581651,0.9429926,0.94031984,0.9680008,0.94296426,0.9321438,0.9303084,0.9143799,0.9440214,0.943776,0.94020635,0.9566622,0.9512076,0.9347155,0.9642796,0.94219995,0.94963944,0.97174865,0.9351164,0.9474819,0.85086936,0.9423707,0.8884791,0.9497344,0.9470959,0.95162386,0.91900516,0.95358616,0.93359697,0.9423828,0.9570346,0.95873183,0.9318957,0.9360045,0.9469584,0.94473004,0.9672309,0.94787747,0.90933615,0.959666,0.9425652,0.9451905,0.9408966,0.9505888,0.9589042,0.92781067,0.94346064,0.9599999,0.95484185,0.96839,0.9637402,0.93428075,0.9479729,0.93902427,0.93793565,0.9178877,0.9202264,0.9516102,0.9392007,0.94519335,0.9726967,0.95038456,0.9371442,0.9444639,0.95380896,0.94485927,0.95332474,0.953141,0.95105326,0.96839,0.92814314,0.94309455,0.9413011,0.97229666
abominablemovie,0.94161004,0.9204473,0.93921024,1.0000002,0.9512108,0.9373481,0.9418665,0.9339052,0.9634088,0.93550074,0.9372264,0.94111073,0.95850694,0.9289104,0.9587115,0.9500511,0.93929505,0.9431615,0.94054765,0.94692785,0.9522494,0.93701786,0.95355666,0.932331,0.92310286,0.8275369,0.93084896,0.9508479,0.9488192,0.9339654,0.94542134,0.94487315,0.93276924,0.9345676,0.9208195,0.9197546,0.9475536,0.9530347,0.9453954,0.9530537,0.9348423,0.95335335,0.9249603,0.95171803,0.94455284,0.95371723,0.95226055,0.9494079,0.94676304,0.9556871,0.94029325,0.9436205,0.951749,0.9554595,0.9300877,0.94229865,0.93832374,0.93126816,0.94424176,0.94608426,0.9477334,0.9416887,0.92763466,0.92421436,0.94070226,0.93973726,0.91945755,0.9377996,0.9329329,0.93534875,0.9509677,0.7454421,0.9244792,0.9418481,0.9470377,0.92265797,0.8912573,0.9381961,0.93274397,0.9310549,0.92347145,0.94405955,0.94035673,0.9268,0.9404888,0.9182682,0.9441571,0.96184206,0.93961495,0.9350178,0.94265205,0.9509677,0.9502149,0.93715215,0.9440186,0.95133555,0.9343304,0.94666743,0.9127327,0.9402788,0.9516853,0.92367005,0.94278514,0.9567165,0.9166508,0.94284767,0.93788743,0.9426036,0.92295885,0.91313136,0.9383253,0.84131444,0.9441948,0.89689165,0.93198603,0.94508,0.9474993,0.9150227,0.9444482,0.9357267,0.925434,0.94504946,0.9432893,0.94438934,0.94022185,0.9520893,0.9427925,0.9284875,0.9399515,0.8930651,0.94490194,0.9324793,0.93963987,0.9365199,0.938729,0.94241655,0.93733793,0.9413791,0.95051223,0.94343925,0.9634088,0.9410496,0.94392735,0.94873554,0.94876146,0.9328927,0.9049058,0.9365448,0.94720405,0.9325404,0.9391411,0.9465556,0.9497337,0.91386575,0.93652856,0.9473889,0.9532112,0.93594575,0.9468785,0.946737,0.9634088,0.9290572,0.9472313,0.9525292,0.9270628
adastramovie,0.9602604,0.9367177,0.942863,0.9512108,0.9999997,0.9427481,0.9665165,0.93909824,0.97637343,0.9647625,0.9444011,0.9599697,0.9585691,0.9554301,0.9603874,0.9596694,0.9519897,0.9733806,0.9539679,0.94283444,0.9567569,0.9528461,0.96751463,0.95080274,0.9460328,0.84486485,0.95881987,0.9534129,0.95830774,0.9541507,0.96176946,0.9604199,0.95819956,0.9489243,0.9406179,0.9307356,0.96565694,0.95437,0.95378286,0.9533546,0.94405025,0.95798737,0.936422,0.9525558,0.96527123,0.9580764,0.9631709,0.9613374,0.94844,0.9572107,0.9591373,0.9619668,0.96436197,0.9619256,0.93463874,0.97322154,0.95606744,0.9534347,0.9531337,0.94933957,0.9605173,0.9433511,0.94577444,0.94191366,0.95584446,0.9430399,0.9352539,0.9512979,0.94640505,0.9511935,0.9557286,0.7014445,0.9369148,0.955312,0.9520191,0.9577593,0.90865177,0.96559644,0.9451511,0.9453969,0.94962883,0.9642231,0.94791615,0.94704056,0.9494031,0.9345936,0.94519776,0.96480054,0.9428246,0.96252495,0.9521967,0.9557286,0.9522953,0.9499132,0.95769095,0.9407078,0.9478579,0.95628446,0.93551534,0.96281356,0.96289074,0.9516881,0.9489245,0.95811343,0.9398507,0.9588906,0.96954006,0.94903237,0.9397109,0.93982446,0.9551695,0.80925196,0.9562273,0.91393274,0.95243853,0.9661013,0.9644407,0.9376126,0.954407,0.9600049,0.9393647,0.95326674,0.94832575,0.95470953,0.9551815,0.9649299,0.9593611,0.94249445,0.97054404,0.919972,0.95666313,0.9646845,0.9589321,0.94841546,0.95480084,0.95087564,0.9525419,0.94899577,0.9537486,0.95049113,0.97637343,0.9544932,0.9447006,0.95843667,0.95708084,0.9585796,0.9300211,0.95125026,0.94879454,0.9503274,0.95929945,0.94937265,0.96047753,0.9271919,0.95680875,0.9505591,0.95759696,0.9359215,0.9475958,0.96081835,0.97637343,0.955663,0.95634425,0.96252406,0.9461064
adogsjourneymovie,0.9416746,0.9137415,0.94029874,0.9373481,0.9427481,0.9999999,0.94882536,0.9481898,0.96764225,0.9371013,0.95112544,0.9517693,0.9435547,0.93891656,0.94993037,0.9441544,0.94698966,0.9404522,0.94839805,0.9431014,0.95179176,0.94284433,0.95614153,0.92708576,0.9352289,0.8537685,0.93314546,0.9543947,0.9491659,0.9398521,0.9402385,0.9445511,0.93499434,0.93986815,0.91487235,0.912288,0.9396879,0.9307126,0.9342827,0.9547539,0.9379096,0.94867927,0.9305158,0.9490019,0.94201195,0.96267456,0.9509876,0.95912266,0.93803525,0.9517619,0.9558526,0.943602,0.9513909,0.9450706,0.9342461,0.9413532,0.93400055,0.9265715,0.923865,0.93574256,0.9423857,0.9384655,0.9331065,0.94413704,0.9292473,0.9288379,0.9157913,0.93750846,0.92250484,0.9424133,0.9366252,0.7229748,0.94228864,0.9508926,0.9535686,0.9313995,0.9122653,0.95031357,0.9379269,0.93773955,0.943632,0.94016534,0.9489433,0.93872786,0.9442216,0.91498387,0.92623574,0.9542027,0.94531435,0.93456674,0.9317139,0.9366252,0.9525959,0.9442081,0.94560397,0.9485301,0.93305033,0.93540835,0.93618655,0.93774194,0.9503215,0.9392972,0.9555625,0.94662833,0.9271102,0.9523879,0.93782383,0.9547248,0.9307762,0.9250497,0.93557435,0.84264207,0.9417812,0.90507364,0.95001435,0.9493884,0.9492085,0.9378686,0.95506287,0.9405209,0.92984384,0.9378411,0.9524941,0.95208156,0.9487439,0.94211745,0.95452154,0.9465697,0.94307625,0.89599735,0.94853127,0.9305243,0.9566098,0.926193,0.92477,0.9384437,0.9335264,0.95012766,0.9419672,0.9464886,0.96764225,0.94731456,0.95450395,0.9547369,0.92640847,0.93496686,0.91034716,0.9260125,0.94781935,0.94106185,0.9443695,0.94952977,0.9412617,0.9292915,0.9325929,0.94309425,0.95170516,0.91780704,0.95146465,0.9412531,0.96764225,0.92763406,0.9405374,0.9575778,0.9404952
aftermathmovie,0.95716846,0.9407643,0.9412014,0.9418665,0.9665165,0.94882536,0.99999994,0.9470545,0.9802878,0.9605671,0.9565529,0.959836,0.95786935,0.9581265,0.9592338,0.9664712,0.956181,0.9708538,0.9613824,0.949925,0.96741664,0.95982593,0.96601367,0.9524217,0.9529623,0.8370458,0.9577333,0.9562199,0.9585059,0.95724714,0.9568492,0.96023995,0.95493597,0.9547431,0.9417406,0.9359458,0.9676271,0.9520704,0.965642,0.9499073,0.9605378,0.9580189,0.94714445,0.9540242,0.9720778,0.95782757,0.962307,0.96284866,0.9527493,0.9533175,0.96055675,0.9643586,0.961173,0.9551559,0.9361138,0.96249306,0.95717967,0.9448965,0.9527645,0.9494881,0.96234125,0.9568531,0.95693564,0.9566285,0.9541428,0.9410005,0.94334435,0.9532523,0.9493569,0.9534488,0.9547601,0.69376004,0.93884605,0.9486714,0.9468551,0.95241964,0.90976554,0.9653771,0.94068694,0.94200146,0.94917995,0.9770172,0.9597292,0.93829316,0.951217,0.9449798,0.9437643,0.9542843,0.9584834,0.96565825,0.9504071,0.9547601,0.95467293,0.9527899,0.95621866,0.94380647,0.9547768,0.9687487,0.96980053,0.9602413,0.95129,0.95510155,0.9461513,0.9583642,0.946812,0.9541604,0.97008485,0.95763457,0.9405269,0.93927616,0.95982945,0.7974899,0.95755404,0.92299455,0.9629289,0.9609471,0.9661946,0.94195944,0.9585825,0.9901812,0.9419073,0.9460778,0.95801765,0.9558759,0.95370704,0.96250856,0.94945335,0.94584113,0.9556521,0.9217128,0.96066576,0.9487403,0.96141654,0.9413288,0.93967724,0.9514835,0.9457726,0.9626759,0.95353603,0.9489633,0.9802878,0.9653226,0.94462895,0.96846247,0.9556174,0.9580261,0.936379,0.94578075,0.95466083,0.95360935,0.9800332,0.9526391,0.9552995,0.9229678,0.9528319,0.95408964,0.951261,0.93708014,0.94848233,0.9583666,0.9802878,0.953857,0.95019084,0.96037376,0.95249003
aftermovie,0.9554855,0.9341802,0.95426315,0.9339052,0.93909824,0.9481898,0.9470545,1.0000001,0.97520256,0.94575053,0.956944,0.9504261,0.946067,0.9561316,0.96077526,0.95664424,0.9572194,0.9540383,0.9495242,0.9504516,0.9454566,0.9417846,0.94813997,0.9414284,0.95039463,0.8417201,0.9389073,0.95083266,0.95679766,0.95342284,0.9467174,0.9493221,0.939255,0.95358455,0.9244365,0.90910983,0.95556617,0.9408171,0.9519476,0.9441953,0.94921035,0.95393354,0.93712467,0.9497628,0.9510517,0.9473968,0.94750893,0.95873135,0.9421696,0.9521544,0.95851815,0.9550924,0.94684255,0.94816935,0.9625093,0.94791687,0.9432337,0.9524634,0.93812674,0.9544319,0.949645,0.95091647,0.94389725,0.96060556,0.9466139,0.941854,0.9395069,0.9350588,0.94133765,0.94336313,0.9499203,0.7319385,0.94338197,0.9475245,0.9470026,0.92245096,0.89468247,0.94789255,0.9454765,0.9468686,0.93989646,0.9358509,0.9500469,0.9465042,0.96080774,0.93071,0.9343583,0.9456245,0.9450594,0.9449213,0.9471562,0.9499203,0.9429683,0.9357992,0.9557237,0.94947225,0.9355052,0.94443375,0.9296941,0.94999444,0.9402409,0.93563056,0.95132446,0.95340437,0.94223475,0.957075,0.9544671,0.9629809,0.944246,0.93796355,0.9436328,0.81897044,0.9484561,0.91942495,0.95120394,0.9555502,0.9603222,0.9334354,0.9568434,0.9437094,0.9487994,0.9450498,0.963332,0.9446222,0.9584101,0.93973297,0.9420289,0.95378906,0.94497585,0.8971974,0.95445216,0.9459378,0.95410454,0.9368487,0.9460892,0.96182585,0.9469132,0.9551071,0.9546669,0.95275867,0.97520256,0.95134234,0.94620246,0.9501337,0.9429799,0.9533323,0.93889683,0.9301036,0.9553009,0.9485147,0.94611925,0.95259386,0.94438034,0.92906916,0.94564366,0.9490298,0.9424485,0.9466781,0.9651738,0.95065385,0.97520256,0.9338959,0.951399,0.94865024,0.9623634
ahiddenlifefilm,0.97875035,0.9565132,0.96839,0.9634088,0.97637343,0.96764225,0.9802878,0.97520256,1.0000002,0.97468483,0.9748581,0.97568995,0.9751931,0.97569275,0.9789519,0.98201257,0.97804224,0.98020214,0.97756565,0.96770006,0.97630084,0.9721161,0.9808651,0.971221,0.96957624,0.8559174,0.96949977,0.97502464,0.9792119,0.97388035,0.9782993,0.9738997,0.969079,0.9722428,0.9605164,0.94413495,0.9834934,0.971326,0.9776921,0.9728753,0.9762015,0.97968584,0.95905787,0.97634447,0.980459,0.97531116,0.97806203,0.9809461,0.9688861,0.9785234,0.9790665,0.9810933,0.97680694,0.976409,0.9691228,0.9774895,0.9760156,0.9746332,0.96950823,0.973085,0.97583336,0.97052383,0.9664807,0.97565156,0.9698758,0.9632961,0.959004,0.96909684,0.96793693,0.96677417,0.9770183,0.7290482,0.9633039,0.9702445,0.97139776,0.95449436,0.92693216,0.9774613,0.9702026,0.9663322,0.96850586,0.9720307,0.976158,0.965835,0.9739912,0.95644414,0.96688366,0.97705,0.97110665,0.9759465,0.9685564,0.9770183,0.97266656,0.9686184,0.97733283,0.96596754,0.9629181,0.9718838,0.9591382,0.9787701,0.9718874,0.96384853,0.97096115,0.9778744,0.96054476,0.9753679,0.98509765,0.97975415,0.96472234,0.9614848,0.9734376,0.8417622,0.97323626,0.9407123,0.97700083,0.9802508,0.9851483,0.95870245,0.9824249,0.9734161,0.9645507,0.9719942,0.98100334,0.9644255,0.9775639,0.9756742,0.97759223,0.97162896,0.97670543,0.93556195,0.9773531,0.96995646,0.98104674,0.96252584,0.96986705,0.97535634,0.9682109,0.9756525,0.9784007,0.97098494,1.0000002,0.9746455,0.9655519,0.98068583,0.9690166,0.97618127,0.95740426,0.9661647,0.977162,0.97258544,0.9774416,0.97325665,0.97017616,0.9519135,0.97075933,0.97382575,0.9694204,0.9638762,0.97469616,0.9785006,1.0000002,0.97032166,0.977256,0.97526747,0.97247565
alitamovie,0.9616789,0.9284242,0.941039,0.93550074,0.9647625,0.9371013,0.9605671,0.94575053,0.97468483,1.0,0.945916,0.9557817,0.9614518,0.9609283,0.9560686,0.9580786,0.9486779,0.9584541,0.96030086,0.94119805,0.9451509,0.9467708,0.95387506,0.95204103,0.94059235,0.8515663,0.943188,0.95107096,0.9573937,0.94342446,0.95441353,0.9438713,0.9460754,0.9349928,0.9487739,0.94110674,0.9661024,0.94903296,0.9528221,0.9473138,0.9595822,0.95470846,0.93206877,0.9512212,0.9626483,0.9503706,0.9516537,0.9615332,0.9372485,0.9585821,0.9556919,0.9540294,0.96126896,0.9500438,0.9385142,0.959188,0.95039,0.9492668,0.9440622,0.9415023,0.9522457,0.93932015,0.93497884,0.9556246,0.94481975,0.92965144,0.9360807,0.93642235,0.9397739,0.9460921,0.94899917,0.7306671,0.9458193,0.9543589,0.95231515,0.94122773,0.928557,0.9520213,0.9403955,0.9378107,0.9538188,0.9565086,0.9463961,0.95136,0.95620424,0.9262738,0.9458217,0.96288115,0.9458014,0.95416,0.94058466,0.94899917,0.94770366,0.936133,0.965162,0.93801683,0.9292429,0.93857706,0.9336423,0.95696807,0.9502706,0.94416547,0.9438661,0.9518572,0.96148986,0.95020676,0.9668185,0.95168936,0.94442874,0.9431474,0.9370395,0.8525679,0.94503707,0.9380491,0.95335037,0.9521603,0.9603656,0.9451756,0.9583735,0.9597023,0.939406,0.948933,0.9502644,0.9410679,0.956025,0.9461494,0.95734143,0.9542305,0.95638746,0.93122804,0.9464237,0.95332956,0.9520737,0.93365103,0.9506417,0.9474066,0.94018275,0.953176,0.9491769,0.94335175,0.97468483,0.94074404,0.9323749,0.96038526,0.95435387,0.9510851,0.94685,0.94954544,0.9495965,0.9516755,0.95881444,0.9454641,0.94781125,0.9375311,0.95022863,0.94027764,0.9401867,0.93713963,0.9392699,0.9556768,0.97468483,0.95960367,0.95456463,0.93942934,0.9465799
angelhasfallen,0.9609738,0.93621564,0.93631387,0.9372264,0.9444011,0.95112544,0.9565529,0.956944,0.9748581,0.945916,0.9999999,0.949805,0.9460974,0.9513872,0.9515642,0.9501975,0.95407826,0.95401734,0.9608726,0.94462657,0.95213974,0.94758314,0.94638216,0.95234865,0.9466467,0.8500036,0.95462877,0.9492806,0.9593668,0.94605243,0.96132386,0.9414732,0.9396132,0.9539185,0.9395118,0.919112,0.9560848,0.9510024,0.95761293,0.9507426,0.9565637,0.95632946,0.9352328,0.94280976,0.95467514,0.959784,0.9379512,0.9604758,0.9438499,0.94571036,0.95755994,0.95011246,0.9419771,0.9554026,0.95765734,0.95601624,0.94471645,0.95527273,0.9370172,0.93512464,0.9489351,0.94690615,0.9406491,0.95400184,0.9434659,0.9550407,0.9545239,0.94335747,0.953894,0.9506636,0.9411958,0.7363185,0.9389635,0.9387443,0.9537116,0.93207616,0.9062088,0.9581471,0.93447655,0.94050175,0.9714658,0.95188594,0.9578559,0.9518501,0.96177924,0.9423681,0.9555778,0.94506454,0.94899344,0.9466434,0.9407326,0.9411958,0.9479047,0.94528764,0.948387,0.96042997,0.9585561,0.9556922,0.9401569,0.95806915,0.9495078,0.9346537,0.94704914,0.9482962,0.9356672,0.9545845,0.9649636,0.95924443,0.93129086,0.93814623,0.9439829,0.7995645,0.9495561,0.9111564,0.96028954,0.97260064,0.9639099,0.95016676,0.9541227,0.9462115,0.93255466,0.94075716,0.9631777,0.9399634,0.96543443,0.9507392,0.95369387,0.95347863,0.960263,0.8991307,0.95034957,0.94348973,0.9501417,0.9386583,0.9439044,0.95138,0.952305,0.9559329,0.9520559,0.94672215,0.9748581,0.9491676,0.94821155,0.95754564,0.94448745,0.9477849,0.9313713,0.9411189,0.95189375,0.94819015,0.945794,0.9431981,0.9359112,0.92733926,0.94249856,0.9469864,0.94362897,0.9455435,0.9542992,0.9564153,0.9748581,0.9380726,0.9497697,0.94672245,0.95023245
angrybirdsmovie,0.9571963,0.9353246,0.95499915,0.94111073,0.9599697,0.9517693,0.959836,0.9504261,0.97568995,0.9557817,0.949805,1.0000004,0.9526246,0.9524252,0.9573116,0.9611771,0.95731974,0.9628672,0.9511433,0.9457368,0.95401466,0.9507011,0.9486274,0.9552546,0.95431817,0.83729607,0.94227743,0.9630044,0.96408373,0.94951963,0.9525197,0.9621309,0.95165235,0.95092475,0.9318638,0.9114908,0.9556988,0.944958,0.95236504,0.9610147,0.9528274,0.95296836,0.9438479,0.9557057,0.9633101,0.95416516,0.94410235,0.9655872,0.9360051,0.962171,0.9664273,0.9542031,0.95739144,0.9595847,0.9437162,0.9644701,0.9403575,0.9488066,0.9612055,0.95530707,0.9664122,0.93998706,0.9528307,0.9471388,0.9382632,0.93392485,0.92897254,0.9427755,0.9373857,0.9475277,0.9577366,0.69663346,0.93069947,0.9625818,0.9407381,0.946283,0.9103663,0.95903957,0.94029194,0.94138163,0.96092224,0.9543224,0.9474857,0.9423696,0.9609063,0.9441221,0.93779993,0.9492529,0.94842154,0.94877154,0.93251294,0.9577366,0.95394135,0.9484668,0.958711,0.93795085,0.9492088,0.94435394,0.93234414,0.95440835,0.9512298,0.9351215,0.9627769,0.9581876,0.9442201,0.9638521,0.9625709,0.956535,0.95069456,0.95514286,0.9514298,0.8037124,0.946285,0.90156335,0.95198524,0.9551818,0.9575113,0.9352587,0.96548486,0.94912416,0.92792404,0.95099884,0.95367444,0.94213086,0.9522443,0.95948493,0.954254,0.95203567,0.95756346,0.91945404,0.9573007,0.95400155,0.9600203,0.9440491,0.94887906,0.94878954,0.9350286,0.9559789,0.9649601,0.9556922,0.97568995,0.9562017,0.94642293,0.9647567,0.9522723,0.94625866,0.9175642,0.9366061,0.9497718,0.94795525,0.94558454,0.9526429,0.9496722,0.93403816,0.9517908,0.9463384,0.9408693,0.9480361,0.9477032,0.9563457,0.97568995,0.9477383,0.949911,0.94168323,0.95809853
annabellemovie,0.95127463,0.9264686,0.94359577,0.95850694,0.9585691,0.9435547,0.95786935,0.946067,0.9751931,0.9614518,0.9460974,0.9526246,0.9999995,0.9494363,0.9632417,0.9529722,0.95351255,0.9565949,0.9546483,0.9451251,0.9515531,0.9453596,0.9608885,0.9412409,0.93833184,0.85262644,0.94535303,0.9526431,0.96354926,0.9386281,0.96688265,0.9531664,0.95813376,0.9442397,0.95353067,0.94069415,0.9616423,0.9643548,0.9495582,0.9495916,0.9638053,0.9466541,0.9371845,0.9471425,0.95203525,0.9556562,0.95519304,0.96259606,0.94198,0.9511309,0.95375603,0.9473342,0.960436,0.95325005,0.9528193,0.95347184,0.9482969,0.952855,0.95023584,0.9485793,0.963374,0.9400243,0.9347047,0.9573109,0.93637747,0.94344294,0.9482593,0.937952,0.935619,0.94562554,0.95434666,0.7385783,0.93272924,0.9476226,0.9624951,0.9363996,0.9293705,0.9505898,0.9546587,0.94551206,0.9486199,0.95876974,0.9634866,0.94399655,0.9609828,0.9380799,0.9489832,0.98083323,0.9517325,0.95745903,0.9433823,0.95434666,0.95009387,0.9500137,0.9593977,0.9488184,0.9343691,0.95433813,0.92881364,0.96053517,0.95273674,0.9372482,0.9522615,0.9603655,0.93672866,0.9527154,0.9675442,0.9579581,0.93586093,0.93777484,0.94638795,0.8527784,0.95091206,0.92788076,0.9506894,0.95722926,0.96026814,0.94090414,0.96389043,0.95084304,0.95066756,0.9579316,0.9611248,0.9451884,0.9641717,0.95555615,0.9639505,0.950921,0.9600994,0.91563344,0.950194,0.9498255,0.95505786,0.93734294,0.9549096,0.9419873,0.945801,0.9517542,0.95617473,0.9476318,0.9751931,0.9504901,0.9436472,0.9661639,0.9601852,0.9448954,0.93035334,0.96039104,0.9579536,0.94892913,0.9522977,0.94417316,0.9576062,0.91985214,0.94482887,0.9508929,0.95425665,0.9355873,0.9464776,0.96468896,0.9751931,0.9562667,0.95414764,0.9543041,0.94864124
annamovie,0.9465144,0.9359726,0.94548786,0.9289104,0.9554301,0.93891656,0.9581265,0.9561316,0.97569275,0.9609283,0.9513872,0.9524252,0.9494363,1.0,0.95927066,0.9572432,0.9481913,0.9638126,0.9458934,0.94488746,0.9491797,0.94418633,0.95092386,0.95537454,0.95628595,0.8458241,0.9511445,0.94785655,0.95104975,0.9470959,0.95127654,0.95011365,0.9449709,0.9486911,0.9410242,0.92107105,0.9681911,0.9491769,0.9504866,0.9423678,0.9544771,0.95986253,0.94386554,0.9598763,0.9567774,0.9465273,0.9512631,0.96015,0.94184685,0.961611,0.95237595,0.9649851,0.9505749,0.95349056,0.94989204,0.9592318,0.95706624,0.9549185,0.95224905,0.94439703,0.947832,0.946982,0.9457442,0.9779539,0.94289064,0.9367295,0.932979,0.9527925,0.9461883,0.938402,0.9545329,0.7054196,0.9320686,0.9441341,0.9429658,0.9310508,0.89938486,0.9609862,0.95033056,0.9425731,0.9484868,0.9510767,0.95411867,0.9346756,0.9581311,0.93377584,0.9460047,0.9456731,0.9561631,0.9519341,0.9378095,0.9545329,0.9449097,0.9368366,0.9600197,0.9451239,0.9345381,0.9462585,0.9409565,0.96141005,0.9455189,0.9374078,0.94210607,0.95669717,0.9655934,0.9472847,0.9712537,0.95618373,0.9472257,0.94723934,0.9508344,0.79696655,0.9471944,0.920552,0.9627681,0.9563409,0.9541096,0.9437884,0.9559458,0.9557345,0.9485308,0.9510757,0.9596873,0.9488886,0.95115167,0.9547698,0.9540963,0.9496132,0.9564505,0.9402953,0.95778733,0.9478468,0.9615518,0.9309831,0.9479726,0.94303745,0.9333298,0.9488725,0.9515631,0.9463928,0.97569275,0.9477348,0.9307171,0.9619375,0.95669454,0.96298516,0.93170834,0.9486954,0.95678097,0.9515101,0.9506462,0.9482402,0.9428597,0.92065847,0.9545004,0.9464498,0.9393393,0.9353283,0.9382058,0.9607682,0.97569275,0.9588989,0.94787425,0.94859815,0.9477726
apollo11movie,0.9594634,0.9377957,0.951657,0.9587115,0.9603874,0.94993037,0.9592338,0.96077526,0.9789519,0.9560686,0.9515642,0.9573116,0.9632417,0.95927066,1.0,0.96402687,0.9548851,0.9649472,0.95611984,0.9732626,0.959752,0.950434,0.9620816,0.94838536,0.94917774,0.8237182,0.95638674,0.963666,0.9500198,0.9496462,0.9591135,0.9577704,0.9558534,0.9483632,0.933134,0.9214495,0.960841,0.954713,0.9645152,0.9603057,0.9481411,0.9646065,0.9358537,0.9633515,0.9621032,0.95839095,0.9614423,0.9672912,0.95310426,0.9638447,0.9531512,0.9606757,0.960017,0.9650463,0.948258,0.95589644,0.9569825,0.9515561,0.95252603,0.9634149,0.95917517,0.9526628,0.94848424,0.9540805,0.9518351,0.9482231,0.9397713,0.9482943,0.9439622,0.93975276,0.9625015,0.69982296,0.9318783,0.9555905,0.9519136,0.92898345,0.88772523,0.94754004,0.9488953,0.96085143,0.9405304,0.9481748,0.94842166,0.9391344,0.9511647,0.9492123,0.945077,0.9673625,0.9642227,0.95478296,0.94980615,0.9625015,0.9601074,0.94978446,0.9576871,0.9738509,0.94558233,0.9566931,0.93294346,0.95649695,0.9503287,0.9385342,0.9511671,0.9713206,0.94606453,0.9544095,0.9675054,0.96028435,0.941841,0.9418849,0.95993733,0.80993265,0.9586138,0.90906924,0.95564157,0.9552646,0.96565235,0.9334119,0.9581311,0.95664966,0.94502354,0.95773524,0.96709067,0.95251864,0.9520642,0.9587111,0.9525495,0.94710666,0.9580307,0.9109474,0.9661356,0.9398227,0.96587044,0.940365,0.9509175,0.95738965,0.9515154,0.95822376,0.9642956,0.9560448,0.9789519,0.9520775,0.94981116,0.96565986,0.95417243,0.9609518,0.93607014,0.9403141,0.9620911,0.9591459,0.958401,0.9512898,0.96216094,0.92721957,0.95286393,0.95582974,0.9571267,0.9465998,0.95845544,0.956217,0.9789519,0.9540374,0.95900464,0.96085215,0.9496251
arcticdogsmovie,0.961682,0.95831984,0.9495368,0.9500511,0.9596694,0.9441544,0.9664712,0.95664424,0.98201257,0.9580786,0.9501975,0.9611771,0.9529722,0.9572432,0.96402687,1.0000001,0.9651291,0.95901835,0.9621539,0.9532819,0.9641399,0.9505461,0.96132493,0.9570385,0.953851,0.8428684,0.94798523,0.95705634,0.96333647,0.957774,0.9623419,0.9570011,0.9531426,0.95155877,0.94544196,0.9267557,0.97073734,0.9483924,0.96311605,0.95174587,0.95767164,0.97020215,0.93804514,0.96575314,0.968044,0.9492018,0.9611591,0.959046,0.957306,0.9669441,0.9618878,0.97163004,0.955376,0.9594557,0.9347045,0.95346683,0.96278626,0.95648634,0.96271175,0.95595115,0.95638853,0.9570927,0.9555546,0.95927393,0.95889807,0.9485057,0.9351031,0.95599765,0.9621503,0.9500002,0.9625832,0.6925201,0.94850487,0.950874,0.9463888,0.9383776,0.90900093,0.96102625,0.9545692,0.94252616,0.95054805,0.9551646,0.95399624,0.9490832,0.9601395,0.93362725,0.94946694,0.9609739,0.9506299,0.9671279,0.9556826,0.9625832,0.9623131,0.9573079,0.9625475,0.9481629,0.948649,0.9578584,0.9464751,0.9540709,0.94921935,0.94509447,0.95001876,0.9600882,0.94207346,0.95732427,0.9680966,0.9754849,0.9518255,0.9353207,0.9581048,0.81671745,0.9622341,0.92236537,0.9611459,0.96616524,0.967357,0.9375052,0.9690509,0.9592974,0.9503699,0.9525416,0.9576021,0.9530849,0.95407826,0.96661127,0.9509769,0.9530797,0.9513388,0.92159605,0.9564657,0.9597188,0.9624238,0.9399058,0.9615973,0.9626342,0.9497464,0.9575618,0.9614251,0.95007586,0.98201257,0.9538777,0.949289,0.9662301,0.9545551,0.96528894,0.94901025,0.9453814,0.96454793,0.95905846,0.96454483,0.95680535,0.9463816,0.93417513,0.9562744,0.9583962,0.9508447,0.95041144,0.963369,0.9664843,0.98201257,0.9620717,0.96637684,0.954189,0.95453787
arcticmovie,0.9538466,0.9466571,0.9444829,0.93929505,0.9519897,0.94698966,0.956181,0.9572194,0.97804224,0.9486779,0.95407826,0.95731974,0.95351255,0.9481913,0.9548851,0.9651291,1.0,0.95267767,0.9580332,0.94849837,0.94800717,0.9437632,0.9616669,0.9498523,0.95097286,0.84069645,0.9451257,0.9747597,0.9547818,0.9523032,0.9590229,0.9612323,0.9531926,0.9444381,0.9451064,0.9120401,0.96106935,0.9504462,0.95384467,0.95222354,0.9611095,0.960632,0.93666863,0.954593,0.9583076,0.95658535,0.9600803,0.9607754,0.95273525,0.95871043,0.9587074,0.9586037,0.94850194,0.9594385,0.9565142,0.9563091,0.9477218,0.96123075,0.94824344,0.9473874,0.9650427,0.9478908,0.95697194,0.9523681,0.94697875,0.95079714,0.9516334,0.94283587,0.94288087,0.95512503,0.9561199,0.7109325,0.94137216,0.9482619,0.9516004,0.93633926,0.90984386,0.95471627,0.95632726,0.9368777,0.9561982,0.94791347,0.95788103,0.94397193,0.95319086,0.9428069,0.94373137,0.94681007,0.94899744,0.9528813,0.9438826,0.9561199,0.9490607,0.9437875,0.9537334,0.9415387,0.94286984,0.9499488,0.9370125,0.9568853,0.9476506,0.93926567,0.9512172,0.9499898,0.9374498,0.95691514,0.9657046,0.9615381,0.9377306,0.94101304,0.9537411,0.827107,0.9509974,0.9182218,0.95986617,0.9571205,0.96380347,0.94673055,0.96194947,0.94730747,0.9427985,0.954131,0.97038597,0.9375997,0.9636617,0.95114344,0.9553629,0.94862515,0.9588766,0.9090182,0.9551898,0.9553668,0.9807137,0.94997156,0.9552574,0.957079,0.9528889,0.96012896,0.9583641,0.9538044,0.97804224,0.95078343,0.94614726,0.95958745,0.9424839,0.9504311,0.9434772,0.9475035,0.956105,0.9473698,0.9492059,0.9522362,0.94086653,0.9400354,0.948792,0.9585665,0.9455885,0.94412947,0.9587637,0.95752907,0.97804224,0.9577905,0.962096,0.95209324,0.9550662
artofracingmovie,0.9573945,0.9332644,0.9573479,0.9431615,0.9733806,0.9404522,0.9708538,0.9540383,0.98020214,0.9584541,0.95401734,0.9628672,0.9565949,0.9638126,0.9649472,0.95901835,0.95267767,0.99999976,0.95706993,0.94763476,0.96000963,0.96933585,0.9597441,0.94245785,0.9551394,0.83002645,0.97240007,0.9515095,0.96088004,0.9594664,0.9579951,0.95953274,0.95508224,0.9552314,0.93607175,0.9194933,0.9711721,0.952918,0.96614826,0.9514737,0.95156944,0.9525692,0.94797176,0.95203286,0.9676178,0.9558027,0.95592004,0.9639037,0.9640478,0.9527696,0.9645828,0.96516085,0.96135044,0.96333474,0.9521239,0.9723439,0.9635972,0.9579159,0.9506068,0.95477086,0.9587578,0.94978815,0.9537439,0.95305127,0.95471185,0.93857855,0.9450193,0.9554241,0.9519032,0.952106,0.95878994,0.71232164,0.94268507,0.9524515,0.9447998,0.94758314,0.90052897,0.9577046,0.93809026,0.9520645,0.94676757,0.9650618,0.9520272,0.93852293,0.9509518,0.9481025,0.9512832,0.95586294,0.9520534,0.9623622,0.9465614,0.95878994,0.9521296,0.95564866,0.96704954,0.9510919,0.95385176,0.9596276,0.9485379,0.9559224,0.9584996,0.9481335,0.95411044,0.96011615,0.9466108,0.9609219,0.96957624,0.9518622,0.95031226,0.95164204,0.9690658,0.802658,0.9585923,0.90996534,0.96717435,0.9625176,0.9628954,0.9312053,0.9561626,0.96306574,0.9416123,0.9625751,0.9610312,0.952338,0.95130706,0.96706694,0.9592309,0.9508852,0.96609503,0.9287147,0.96114635,0.9572291,0.96014535,0.94472957,0.9521271,0.95420855,0.94529575,0.95941913,0.9571321,0.9568689,0.98020214,0.9655438,0.9459988,0.9573531,0.953757,0.9586484,0.9253654,0.942779,0.9542219,0.9499353,0.96553445,0.95485187,0.95464873,0.9338399,0.9633379,0.95301896,0.9466099,0.94288665,0.953164,0.96356857,0.98020214,0.94883734,0.9501417,0.9610017,0.95453244
avengers,0.96775013,0.9379277,0.9478534,0.94054765,0.9539679,0.94839805,0.9613824,0.9495242,0.97756565,0.96030086,0.9608726,0.9511433,0.9546483,0.9458934,0.95611984,0.9621539,0.9580332,0.95706993,0.9999999,0.9486913,0.9634103,0.9571816,0.959448,0.9520217,0.94873536,0.8407596,0.9536563,0.952066,0.9618333,0.95032716,0.97487515,0.9461928,0.94535226,0.94920236,0.940167,0.9206538,0.97161263,0.9448104,0.96520597,0.95330834,0.96169674,0.9536794,0.94282895,0.94973576,0.9569535,0.9544298,0.95307124,0.965697,0.9510516,0.9543932,0.96224713,0.96375394,0.9553301,0.9478377,0.9447762,0.95084786,0.9564104,0.953242,0.9359351,0.94936997,0.9501297,0.95622003,0.9407909,0.9549549,0.9490836,0.93616986,0.9380473,0.9570429,0.95745474,0.95477974,0.956718,0.7126815,0.94422036,0.9460778,0.95067257,0.94062644,0.91658646,0.9569149,0.94507486,0.9449503,0.95395076,0.94521445,0.9546877,0.95040554,0.9543281,0.9259547,0.9582785,0.9610307,0.95010453,0.9565916,0.9496115,0.956718,0.95833963,0.9537182,0.96757567,0.945664,0.9447085,0.9585192,0.9406689,0.9505942,0.94863564,0.9425824,0.9469714,0.95566815,0.9376642,0.9558164,0.9647206,0.95719504,0.9530837,0.9307034,0.9504728,0.833101,0.95497215,0.92099863,0.9632577,0.96327,0.96035767,0.93881255,0.9634739,0.9560019,0.95164603,0.95388764,0.9581742,0.9422288,0.954273,0.94954693,0.96081907,0.96067655,0.9590704,0.92446613,0.9546763,0.95273745,0.9571342,0.9281469,0.94653475,0.9533418,0.93917793,0.95930463,0.9608169,0.94744045,0.97756565,0.95117915,0.93659043,0.9646476,0.9510577,0.95528233,0.93595386,0.9415763,0.95374113,0.9501304,0.9619836,0.95478046,0.9459834,0.9486708,0.95627016,0.95454264,0.9512216,0.9468439,0.9518047,0.9570336,0.97756565,0.94614553,0.95564854,0.950257,0.94914496
beachbummovie,0.9412145,0.9263848,0.9331951,0.94692785,0.94283444,0.9431014,0.949925,0.9504516,0.96770006,0.94119805,0.94462657,0.9457368,0.9451251,0.94488746,0.9732626,0.9532819,0.94849837,0.94763476,0.9486913,1.0000001,0.9508092,0.9442761,0.953843,0.93650633,0.9395894,0.8400415,0.9377457,0.9539393,0.94261163,0.9481788,0.9507271,0.9526122,0.94400537,0.9433519,0.91778433,0.9101607,0.9453908,0.94135714,0.9504893,0.94772947,0.9464882,0.96197116,0.93078595,0.9594086,0.9439129,0.9601196,0.9506862,0.94983983,0.9498599,0.9585972,0.9420584,0.95209724,0.96026856,0.9543304,0.93491036,0.9411993,0.9425021,0.93755174,0.938494,0.9438247,0.95164305,0.93988943,0.935196,0.9457295,0.9473544,0.9384377,0.92424643,0.9393117,0.9328114,0.9440541,0.94806254,0.71095866,0.93065137,0.9440243,0.94549507,0.91928244,0.8866944,0.94465274,0.93525964,0.9381895,0.9343462,0.9363586,0.9478149,0.9410916,0.94911015,0.9232389,0.9358418,0.9492185,0.9482328,0.9402125,0.93895453,0.94806254,0.94849837,0.93093556,0.93989,0.96127284,0.93617016,0.9617684,0.93544966,0.9391232,0.94139594,0.93880135,0.93219227,0.9470749,0.92531675,0.94291747,0.9459927,0.94955486,0.93082,0.9325601,0.94731724,0.8186966,0.9368106,0.89910793,0.93807584,0.93932164,0.9489277,0.9287294,0.95508,0.9498984,0.93983024,0.93743116,0.94855314,0.93471414,0.95308185,0.93951905,0.93578446,0.93605995,0.94534314,0.900268,0.9599284,0.9312608,0.95757204,0.9276632,0.9307465,0.9503115,0.9418245,0.95266056,0.9508898,0.95688087,0.96770006,0.9400298,0.94857466,0.95557207,0.9493258,0.9445369,0.92645437,0.92772543,0.95372313,0.9451909,0.9460314,0.9431064,0.947403,0.92499876,0.94132507,0.94942445,0.9505652,0.9367762,0.9429621,0.9352675,0.96770006,0.93007797,0.94557637,0.9563586,0.93359715
bernadettefilm,0.95048445,0.92573225,0.9453555,0.9522494,0.9567569,0.95179176,0.96741664,0.9454566,0.97630084,0.9451509,0.95213974,0.95401466,0.9515531,0.9491797,0.959752,0.9641399,0.94800717,0.96000963,0.9634103,0.9508092,1.0000002,0.9552618,0.96911883,0.9387675,0.94675165,0.8238074,0.95755076,0.94637555,0.94930553,0.95528185,0.95370436,0.95892376,0.95118934,0.95294833,0.9309487,0.91771156,0.96597075,0.94049346,0.9611265,0.95532966,0.94307685,0.96380466,0.9427948,0.95420355,0.9520581,0.9546474,0.9675823,0.9543918,0.9483885,0.9559293,0.9550354,0.95912254,0.95202494,0.9474326,0.9383326,0.94774014,0.9554596,0.9478471,0.94016755,0.9484914,0.9424582,0.9527456,0.94339097,0.95145637,0.9509458,0.9347009,0.9210752,0.9496559,0.9486178,0.94818,0.9525871,0.70404315,0.9396179,0.93724173,0.9405849,0.92975926,0.8834571,0.9582187,0.93825656,0.9401936,0.93763673,0.95579195,0.9493819,0.93915015,0.95187086,0.91886955,0.9577537,0.9553431,0.9583105,0.9504292,0.9398951,0.9525871,0.9559012,0.94513476,0.95422214,0.9496708,0.9393813,0.9588087,0.93982685,0.9504821,0.94875723,0.9433771,0.94622874,0.953972,0.9336205,0.95047706,0.9538155,0.9568999,0.94306415,0.9299531,0.9639797,0.7948573,0.94985956,0.9093504,0.96668744,0.9545127,0.95463353,0.9293358,0.9560074,0.96260226,0.9423211,0.9478604,0.9580634,0.9500508,0.94785887,0.95230067,0.9489129,0.9473564,0.95082957,0.91644377,0.97610533,0.93465996,0.95440805,0.9344932,0.9423522,0.9449742,0.936633,0.95409924,0.9551017,0.9467136,0.97630084,0.95490277,0.9412399,0.96285504,0.93215466,0.95341617,0.92352796,0.9482746,0.95449847,0.94778454,0.9695359,0.9624998,0.94641554,0.9151055,0.94014597,0.9648906,0.95753396,0.9414402,0.9511386,0.9578004,0.97630084,0.93256354,0.9470964,0.95973027,0.9457373
