movie,21bridgesmovie,47metersdown,abeautifuldaymovie,abominablemovie,adastramovie,adogsjourneymovie,aftermathmovie,aftermovie,ahiddenlifefilm,alitamovie,angelhasfallen,angrybirdsmovie,annabellemovie,annamovie,apollo11movie,arcticdogsmovie,arcticmovie,artofracingmovie,avengers,beachbummovie,bernadettefilm,blackandbluemovie,blackchristmas,blindedbythelightmovie,bombshellmovie,booksmart,breakthroughmovie,brianbanksmovie,brightburnmovie,brittanyrunsmov,captainmarvelofficial,captivestatemovie,catsmovie,charliesangels,childsplaymovie,clarathefilm,coldpursuitmovie,countdown,currentwarmovie,darkwatersmovie,detectivepikachumovie,disneyaladdin,disneyfrozen,disneymaleficent,doctorsleepmovie,dolemiteismyname,dontletgomovie,doramovie,downtonabbey_official,dumbo,escaperoom,everybodyknowsmovie,fastandfuriousmovie,fightingwmyfam,fivefeetapartfilm,fordvferrari,freaksthefilm,geminimanmovie,glassmovie,gloriabellmovie,godzillamovie,goldfinchmovie,goodboysmovie,goodliarmovie,gretafilm,halathemovie,happydeathdaymovie,harrietfilm,hellboymovie,hersmellmovie,highlifemovie,highstrungmovie,honeyboymovie,hotelmumbaifilm,httydragon,hustlemovie,hustlersmovie,isntitromantic,itmovieofficial,jayandsilentbob,johnwickmovie,jojorabbitmovie,jokermovie,judythefilm,jumanjimovie,justmercyfilm,knivesout,lalloronamovie,lastblackmansf,lastchristmasthemovie,latenightmovie,lighthousemovie,lionking,littlethemovie,littlewomenmovie,littlewoodsfilm,longshotmovie,lordsofchaosmovie,lucyintheskyfilm,mamovie2019,marriagestory,meettheaddams,meninblack,midsommarmovie,midwaymovie,missbalamovie,missinglinkfilm,motherlessbklyn,onceinhollywood,onthebasisofsex,overcomermovie,peanutbutterfalcon,petsematarymovie,piercingmovie,playingwithfire,playmobilthemovie,pomsmovie,queenandslim,rambomovie,readyornotfilm,richardjewellfilm,rocketmanmovie,scarystoriesmovie,secretlifeofpets,serenityfilm,shaftmovie,shazammovie,spidermanmovie,spiesindisguise,starwars,stormboymovie,stubermovie,taosdfilm,teenspiritmov,terminator,theaeronautsmov,thebestofenemies,thedeaddontdie,thefarewell,thehighwaymen,thehummingbirdprojectfilm,theintrudermovie,theirishmanfilm,thekitchenmovie,thelegomovie,themustangfilm,thenightingalefilm,theprodigymovie,thesunisalsoastar,theupsidefilm,tolkienmovie,toystory,triplefrontier,uglydolls,uncutgems,underthesilverlake,usmovie,wavesmovie,whatmenwant,wonderparkmovie,wrinklestheclown,xmenmovies,yardiefilm,yesterdaymovie,zombieland
21bridgesmovie,0.99999976,0.9309832,0.97131807,0.97219765,0.9589856,0.9505318,0.95797664,0.9611726,0.9801008,0.9572622,0.9383088,0.959828,0.96771646,0.9618317,0.9606891,0.9504631,0.95986927,0.9662641,0.9811949,0.96209997,0.97014195,0.96586,0.9636338,0.96108645,0.94860095,0.83630574,0.96020555,0.95719767,0.95918006,0.9602536,0.9603273,0.94960666,0.9543218,0.9493461,0.9587814,0.94393235,0.96424055,0.97365046,0.9693664,0.9615717,0.9528248,0.9671488,0.9466733,0.9682875,0.9554865,0.972683,0.9643697,0.95484245,0.9442672,0.97002906,0.9652063,0.9643705,0.95979875,0.96528,0.95687914,0.96453714,0.95103306,0.9559861,0.95818657,0.95952827,0.9461961,0.9665051,0.95630026,0.96309775,0.9514144,0.93462914,0.9519311,0.95534533,0.9566456,0.941845,0.96854174,0.6975488,0.94896567,0.9568416,0.9518567,0.9497208,0.9230651,0.95436573,0.95838654,0.94756734,0.93652374,0.96829677,0.9612667,0.93710756,0.97443753,0.96345603,0.96533334,0.9615202,0.95625913,0.95210695,0.9522471,0.96854174,0.9718707,0.94884706,0.9697597,0.9445457,0.9571849,0.97127134,0.95424306,0.9557055,0.9646189,0.9559469,0.95543575,0.9671091,0.95973027,0.9658491,0.95968205,0.96210814,0.92528605,0.93729955,0.9693478,0.91422814,0.96503896,0.9400247,0.96435165,0.96459705,0.9884449,0.9469849,0.9619888,0.95220196,0.9497185,0.9658594,0.96683085,0.9323176,0.9604262,0.96428597,0.94762665,0.95535815,0.9624197,0.95327884,0.9705898,0.9467321,0.9518849,0.9429933,0.9539426,0.95668393,0.958809,0.94383883,0.96132463,0.96284413,0.9801008,0.96478283,0.9618406,0.95822877,0.939649,0.9563698,0.9587353,0.9617491,0.9499598,0.960473,0.96033305,0.9568431,0.9731981,0.9496687,0.9592669,0.9590287,0.94245946,0.9669679,0.96115696,0.96631885,0.9801008,0.9691919,0.9673521,0.94402003,0.9604866
47metersdown,0.9309832,0.9999998,0.95274204,0.9307547,0.92557544,0.92976123,0.92421573,0.9384944,0.9578494,0.9264002,0.9368557,0.93352675,0.9355533,0.9445745,0.941784,0.9288063,0.94696444,0.9404779,0.9325088,0.9556667,0.92743826,0.95881796,0.9435452,0.9404844,0.93039215,0.7894477,0.933321,0.9346192,0.9546234,0.94376695,0.9490983,0.933226,0.91920084,0.92557836,0.93271357,0.8808549,0.9388087,0.94025016,0.9405495,0.9273036,0.9343412,0.9545043,0.9396728,0.9516166,0.9534613,0.9457883,0.9447361,0.94082004,0.92889947,0.9506751,0.95135325,0.9542885,0.93535,0.91839755,0.93000597,0.9485877,0.92734885,0.9393507,0.94262975,0.9495771,0.9347317,0.9510164,0.94511604,0.9385575,0.94327265,0.93582004,0.94019866,0.95151305,0.9509309,0.9171819,0.9487357,0.66501606,0.9303654,0.9395899,0.9332215,0.9377325,0.9022281,0.9429907,0.92627335,0.9305716,0.9306847,0.9218861,0.9424118,0.9376921,0.9336361,0.9443111,0.92811537,0.9413209,0.95561606,0.94132906,0.9511643,0.9487357,0.9322803,0.9574607,0.94801193,0.9242572,0.9439692,0.9412346,0.92856514,0.93977743,0.92287016,0.9559469,0.927361,0.9254013,0.9306284,0.9535814,0.95511955,0.9194405,0.92044,0.9399248,0.93001926,0.89325786,0.9584814,0.8937056,0.9250328,0.9561308,0.95202345,0.93992716,0.93445474,0.92303485,0.9373996,0.93767625,0.9431867,0.92814523,0.95381474,0.944366,0.9327987,0.94120634,0.9211215,0.91536784,0.9520584,0.92090595,0.9425392,0.9174988,0.9361029,0.9501065,0.9358568,0.93297327,0.94105244,0.9277652,0.9578494,0.9503672,0.91052055,0.9329897,0.93786347,0.9339272,0.93920356,0.92437005,0.92826486,0.90909517,0.9244692,0.941051,0.9288963,0.90716267,0.9322266,0.94672066,0.9323754,0.94057465,0.9448799,0.942322,0.9578494,0.9330447,0.942858,0.9335453,0.944836
abeautifuldaymovie,0.97131807,0.95274204,0.9999998,0.96298814,0.95875573,0.9540117,0.9599503,0.95722634,0.9847878,0.95517504,0.9556118,0.97437793,0.96707505,0.96484524,0.9650315,0.9568769,0.96893066,0.95889443,0.96308285,0.97093946,0.96520543,0.97538364,0.9727468,0.97686094,0.96075135,0.841397,0.9575622,0.9603228,0.9815845,0.969513,0.9671378,0.951588,0.95265985,0.9619862,0.95189774,0.9236748,0.9689916,0.9666442,0.97363144,0.9676281,0.9511554,0.97096735,0.96707094,0.9755297,0.9706967,0.96404296,0.97567356,0.95909804,0.9514013,0.97318834,0.9820745,0.9750894,0.96111876,0.9541811,0.94653493,0.96847004,0.9579685,0.9618516,0.9650801,0.9658334,0.95114905,0.97035736,0.96779984,0.960426,0.95728004,0.94806856,0.9547308,0.96633327,0.96506196,0.94811785,0.97192377,0.69409955,0.95228213,0.9655559,0.9582629,0.96179974,0.9029405,0.96174526,0.95201045,0.9561915,0.9561287,0.96187997,0.9631941,0.9446268,0.97540003,0.9711021,0.95862085,0.96866286,0.96314037,0.9630124,0.96394086,0.97192377,0.960226,0.954097,0.98454165,0.9544499,0.95973045,0.9761029,0.95209193,0.96468306,0.9504251,0.9697256,0.9673317,0.9663482,0.9593265,0.9812829,0.9672238,0.9549651,0.95357734,0.9587908,0.96597,0.9172858,0.97408813,0.9247758,0.9518755,0.9715966,0.976332,0.96216816,0.9741638,0.9488777,0.9587315,0.9586673,0.9652704,0.9411334,0.9713732,0.9637516,0.95003814,0.9719538,0.9609657,0.96293694,0.975173,0.960633,0.9621096,0.953016,0.95503604,0.9672771,0.9651585,0.9638101,0.9679162,0.9526616,0.9847878,0.98040384,0.9393521,0.96336895,0.9569229,0.9573238,0.94987774,0.9519869,0.9545235,0.939086,0.96613044,0.973887,0.9679089,0.92857134,0.9540156,0.9662272,0.9616344,0.9701124,0.966831,0.96044886,0.9847878,0.9597423,0.9722823,0.95741415,0.97303206
abominablemovie,0.97219765,0.9307547,0.96298814,1.0000001,0.9607407,0.94623363,0.9618247,0.9637728,0.97495365,0.9503054,0.9336477,0.9516881,0.9647299,0.9636955,0.95409405,0.94978255,0.96327883,0.9660824,0.9678711,0.9532718,0.9635102,0.95336425,0.95687157,0.95872456,0.9451143,0.84284824,0.950296,0.9526063,0.95421314,0.95232517,0.96284264,0.9485998,0.9535946,0.9447961,0.95835555,0.938743,0.96376455,0.96550936,0.95611286,0.9611926,0.94902754,0.96663475,0.9387941,0.9668392,0.9548243,0.9615186,0.95703775,0.94790655,0.9524564,0.96602565,0.9633862,0.9613637,0.95865464,0.9575654,0.95847064,0.96111083,0.9511748,0.9544815,0.9654418,0.95964956,0.9371899,0.96755856,0.955568,0.9564769,0.94251025,0.93950576,0.9532078,0.95549166,0.9406115,0.9407808,0.9680949,0.7071808,0.9434924,0.9592414,0.9683534,0.9479567,0.9222924,0.9574359,0.9501118,0.94191384,0.9390919,0.9780667,0.95675516,0.9393032,0.97769165,0.9559004,0.95487237,0.9576109,0.95739615,0.9572671,0.9501847,0.9680949,0.9565772,0.94833964,0.96533155,0.95127517,0.9375541,0.9637119,0.95544136,0.94664425,0.9572723,0.9481872,0.9551579,0.9672709,0.9555801,0.9655326,0.96019256,0.94913936,0.9297289,0.9363817,0.962119,0.9053979,0.9669233,0.9267821,0.95451045,0.95996195,0.970335,0.94554245,0.96257144,0.95798284,0.9458288,0.95564944,0.9579692,0.92808324,0.9533309,0.9584466,0.9463145,0.9457149,0.96468276,0.9442264,0.9667897,0.9553272,0.9521368,0.9379107,0.95566225,0.9486677,0.9520997,0.93845457,0.9659252,0.9590751,0.97495365,0.95817095,0.95222723,0.95407075,0.93286055,0.9506832,0.9556049,0.9531419,0.94532365,0.9566432,0.9571883,0.95211256,0.95543313,0.9323854,0.94638306,0.9521118,0.94012046,0.9626752,0.95102215,0.96463567,0.97495365,0.9641992,0.95402306,0.94790655,0.96061593
adastramovie,0.9589856,0.92557544,0.95875573,0.9607407,1.0000001,0.959019,0.9663523,0.9665038,0.9784057,0.9661307,0.94455415,0.9560596,0.96245235,0.97010994,0.95745534,0.9588202,0.97533405,0.9661947,0.9576077,0.95873606,0.96375746,0.9556389,0.97073466,0.9674354,0.9596309,0.8439501,0.9412267,0.9630737,0.951601,0.95022345,0.96317315,0.9550795,0.9589998,0.9437404,0.93947375,0.9171664,0.95406806,0.9645141,0.95216537,0.96326995,0.9465089,0.9698741,0.9563839,0.96844786,0.96131474,0.96210045,0.97023433,0.95421195,0.9560051,0.9638178,0.9624498,0.9677959,0.96448183,0.9438237,0.9427517,0.965377,0.9510212,0.9619587,0.96127,0.95996726,0.94342434,0.9597701,0.9658327,0.9577603,0.9461052,0.95084596,0.9434016,0.94838166,0.96453905,0.9398738,0.964282,0.7130216,0.9326291,0.9685138,0.952983,0.9603484,0.8755906,0.9616572,0.9678714,0.95617723,0.9505762,0.9622503,0.9604034,0.9319001,0.9673417,0.96020204,0.9532327,0.968476,0.9580586,0.9572231,0.9628768,0.964282,0.95488274,0.94390553,0.9553649,0.9502845,0.9525785,0.965925,0.9690999,0.9621961,0.94647735,0.9544413,0.96776825,0.9648495,0.9547329,0.95630175,0.9614663,0.9589549,0.9434526,0.9276439,0.9640001,0.8918311,0.95841354,0.9052541,0.94966394,0.96645594,0.97124356,0.95562434,0.96247196,0.9586426,0.9560133,0.95023865,0.96520114,0.9473075,0.9602226,0.9582249,0.9613021,0.9472704,0.96626157,0.94657147,0.9665737,0.96064705,0.9627154,0.937383,0.9550659,0.9504809,0.9616111,0.95565635,0.95861834,0.9471393,0.9784057,0.96000904,0.9446969,0.96311,0.9444186,0.95150316,0.9440875,0.939075,0.9513473,0.95264256,0.962606,0.95118624,0.96317106,0.93006897,0.93531716,0.9475191,0.9574088,0.96050745,0.9595808,0.95264494,0.9784057,0.96257395,0.96331954,0.9595848,0.9655961
adogsjourneymovie,0.9505318,0.92976123,0.9540117,0.94623363,0.959019,0.99999994,0.9675453,0.948057,0.9693528,0.96525073,0.94124806,0.95930326,0.95705163,0.95439845,0.94820535,0.94081205,0.9604819,0.94574517,0.95847386,0.950948,0.9485713,0.9509709,0.9652681,0.9653804,0.9400845,0.8387229,0.9512988,0.9538723,0.94668865,0.95470715,0.9558361,0.9387362,0.9327931,0.93715113,0.942388,0.9148374,0.9461873,0.95435536,0.94253063,0.9471233,0.9433035,0.9559543,0.9449684,0.95294344,0.9531652,0.9596037,0.9675001,0.94792926,0.9312528,0.9509534,0.9516565,0.9552914,0.9609582,0.94908077,0.938405,0.95821506,0.94748056,0.9482456,0.95566815,0.95570475,0.92818433,0.9594257,0.9552554,0.9501151,0.9372778,0.9223117,0.93758917,0.9447419,0.95936763,0.9407536,0.9565066,0.6808074,0.92915463,0.94246334,0.9454556,0.9473625,0.89639217,0.94209087,0.95064783,0.96644574,0.94649416,0.9598597,0.95614713,0.92846286,0.95543903,0.95019174,0.9409896,0.9572563,0.9457764,0.96178925,0.94966644,0.9565066,0.95953256,0.9443966,0.94989014,0.9403101,0.94865334,0.9574628,0.968087,0.9639372,0.93619496,0.96120363,0.9650525,0.9480657,0.9592038,0.95201963,0.94280756,0.94233483,0.91297835,0.9104332,0.97016567,0.9084685,0.9545111,0.91509205,0.94392437,0.9432203,0.9534811,0.9468635,0.9492057,0.9542737,0.9462788,0.95277685,0.95547795,0.95817953,0.9497695,0.9533022,0.946828,0.94144994,0.9442285,0.9522328,0.95794713,0.9585693,0.9508912,0.93162274,0.9423234,0.95844096,0.95104057,0.9494988,0.9525394,0.93834955,0.9693528,0.9504134,0.92536163,0.95494914,0.9375096,0.9443753,0.95298874,0.9430901,0.95372224,0.93656605,0.9637578,0.9432295,0.9668287,0.90477216,0.91903895,0.9373555,0.95176625,0.9472406,0.9537161,0.9547387,0.9693528,0.9588726,0.9403233,0.95277196,0.95431525
aftermathmovie,0.95797664,0.92421573,0.9599503,0.9618247,0.9663523,0.9675453,0.9999998,0.96247256,0.97825074,0.9560285,0.94655794,0.95842576,0.9655754,0.9646277,0.9563048,0.96321046,0.96051264,0.96005243,0.962596,0.9568032,0.9648159,0.94700164,0.9715223,0.96926075,0.9595087,0.84933835,0.94904864,0.9601684,0.94466466,0.95162994,0.9690951,0.9569357,0.94861597,0.94538313,0.9430054,0.92457294,0.96220666,0.95885617,0.96068525,0.96380424,0.95387733,0.9649786,0.95500207,0.96695256,0.95893246,0.968088,0.9738488,0.94295233,0.9495087,0.96409607,0.9557352,0.9647221,0.96296316,0.95430154,0.9465455,0.9650006,0.93767196,0.9554829,0.96243906,0.9639236,0.9523275,0.9653447,0.96170515,0.96219844,0.94994533,0.92883784,0.9453362,0.9530976,0.9630778,0.9371086,0.96821976,0.70682937,0.93614936,0.9662499,0.95739377,0.9653456,0.9052777,0.96013385,0.95922846,0.9633831,0.9472422,0.978295,0.9592393,0.9270988,0.9694157,0.96083874,0.9526126,0.9650227,0.95349807,0.9666676,0.9580737,0.96821976,0.9639039,0.9524739,0.9568507,0.9526412,0.94875383,0.96447206,0.9774663,0.96759844,0.9479911,0.95668954,0.96153164,0.96183425,0.96042144,0.9548531,0.9558779,0.9585771,0.9263868,0.9264008,0.95975053,0.9073274,0.9584857,0.92071044,0.95430976,0.9591293,0.96103346,0.95226085,0.96525306,0.99045485,0.95371836,0.9593592,0.95802975,0.9423981,0.9622183,0.95914835,0.9494189,0.95153624,0.9632361,0.95643497,0.9691399,0.9649547,0.94678736,0.9429746,0.9566753,0.96100867,0.9644696,0.9572488,0.96359813,0.9466984,0.97825074,0.9631756,0.9474376,0.961359,0.94687057,0.959308,0.9598903,0.95074683,0.95811373,0.9402151,0.9862693,0.95519614,0.96825874,0.920097,0.9372439,0.9620962,0.9579592,0.9649791,0.9608695,0.95621943,0.97825074,0.96577376,0.9518795,0.9623751,0.9558047
aftermovie,0.9611726,0.9384944,0.95722634,0.9637728,0.9665038,0.948057,0.96247256,1.0000002,0.97571254,0.9480377,0.9405263,0.9452774,0.9578987,0.96351665,0.9573205,0.9471382,0.9657109,0.9593848,0.96391743,0.95109886,0.9589073,0.95600474,0.9638387,0.96456105,0.95619136,0.8253482,0.94498384,0.95143026,0.9451219,0.95856917,0.96682715,0.95706326,0.9560311,0.94479847,0.94966227,0.918594,0.9587955,0.96339417,0.9578875,0.9601014,0.9422,0.9647906,0.9541208,0.96324676,0.9575244,0.96274287,0.9633035,0.939049,0.95203334,0.9624327,0.95814353,0.96789193,0.9673499,0.94796246,0.96532893,0.96784663,0.95109135,0.9512781,0.9555843,0.95209193,0.9374061,0.9587096,0.95838475,0.9526077,0.94465756,0.94484305,0.9510464,0.9558084,0.95740914,0.9426932,0.95796275,0.69173515,0.9479676,0.9630942,0.96090174,0.9499447,0.91560847,0.9541156,0.9597219,0.95020086,0.94382185,0.9616728,0.9575127,0.93661255,0.96465033,0.94646275,0.96996623,0.9615752,0.9590226,0.94849926,0.95442885,0.95796275,0.9492051,0.9540305,0.95718426,0.9448929,0.9417534,0.96011055,0.9634418,0.95907325,0.9560214,0.94750845,0.95018643,0.94853103,0.9497048,0.96264946,0.9737941,0.9470285,0.93322736,0.9373597,0.95652366,0.8950364,0.95864767,0.90213585,0.9563463,0.9581777,0.9715985,0.9564357,0.9575591,0.95967543,0.9516415,0.94815624,0.9645526,0.945764,0.9578344,0.95743704,0.9491187,0.95134836,0.95496047,0.94782436,0.96306443,0.94625294,0.9563163,0.9371857,0.9478759,0.958152,0.9581933,0.9514113,0.9517964,0.95303494,0.97571254,0.961878,0.95072645,0.9509821,0.93437994,0.95465857,0.94117105,0.95032805,0.93525964,0.94561183,0.95229137,0.95826584,0.9517311,0.9302803,0.9415605,0.9522676,0.9525949,0.9561993,0.9545823,0.95781857,0.97571254,0.9618713,0.9616227,0.95360816,0.9587896
ahiddenlifefilm,0.9801008,0.9578494,0.9847878,0.97495365,0.9784057,0.9693528,0.97825074,0.97571254,0.9999997,0.9735329,0.9690626,0.9767586,0.98027,0.98646384,0.98420805,0.9770432,0.9828486,0.97911334,0.97878534,0.9806955,0.9805143,0.9777763,0.98756856,0.9872602,0.9769888,0.85716623,0.9658459,0.97804797,0.9743607,0.977601,0.9826553,0.9675422,0.96372014,0.9681324,0.96759695,0.9455452,0.9830219,0.98241985,0.98290974,0.98266745,0.97116876,0.9867525,0.9806969,0.98798203,0.98390836,0.9847856,0.98857796,0.97241205,0.972866,0.98587507,0.9823593,0.9890582,0.98097265,0.9747622,0.9657747,0.98149145,0.9683837,0.9791596,0.9793669,0.98128706,0.9666995,0.98451394,0.9783292,0.98285985,0.9712931,0.96439004,0.96659166,0.97889346,0.97751665,0.958668,0.9860614,0.7145606,0.9632248,0.98455495,0.9721055,0.9732046,0.9149522,0.97489744,0.97716385,0.96957856,0.96887237,0.97664994,0.98491156,0.9592282,0.9861164,0.97952396,0.973313,0.97930086,0.97868776,0.9811354,0.98011506,0.9860614,0.97672963,0.96936023,0.98628855,0.97397786,0.97243094,0.9817799,0.97353745,0.9807427,0.9728982,0.9798658,0.9735284,0.98011476,0.972938,0.9823702,0.9812278,0.9799248,0.95626813,0.9551275,0.9796376,0.9128932,0.98613536,0.9382176,0.97138876,0.9788646,0.98799837,0.9767597,0.98246473,0.975088,0.9786706,0.9773311,0.98095596,0.95867985,0.9842234,0.9796959,0.96615344,0.97280926,0.9782202,0.96716857,0.98813844,0.96478343,0.9746075,0.9572597,0.97545856,0.9800336,0.9810739,0.9741243,0.9802475,0.9707417,0.9999997,0.98185,0.96720827,0.98347044,0.97020966,0.97819513,0.9729963,0.96692765,0.97875965,0.96034175,0.9771913,0.9777246,0.9828928,0.9430059,0.9681604,0.97926456,0.975211,0.98376113,0.9814602,0.97614104,0.9999997,0.97489685,0.9809562,0.9783776,0.97800016
alitamovie,0.9572622,0.9264002,0.95517504,0.9503054,0.9661307,0.96525073,0.9560285,0.9480377,0.9735329,1.0000001,0.9420243,0.94632304,0.9642364,0.9655511,0.96211565,0.94065595,0.96494406,0.95430243,0.95709324,0.9588941,0.96224093,0.9594819,0.9680337,0.9578417,0.9450426,0.81135565,0.95603997,0.96425503,0.9459167,0.9489484,0.9571669,0.946017,0.9492757,0.93784034,0.93229353,0.91995883,0.9536329,0.9679905,0.96075416,0.9670999,0.9575036,0.9607264,0.9487656,0.9637642,0.9603678,0.95837766,0.9665026,0.9549132,0.960205,0.95751375,0.95756674,0.96351177,0.961107,0.9524308,0.9484667,0.95925534,0.94430655,0.95145386,0.9560069,0.96335304,0.94453317,0.95598316,0.9589212,0.9583396,0.9391187,0.9258842,0.9358364,0.9526619,0.9513113,0.93839455,0.9644868,0.6920385,0.93304455,0.9492836,0.9480368,0.95121294,0.87969255,0.95593786,0.9577616,0.94397044,0.9486709,0.9661953,0.9591476,0.9368071,0.95536125,0.94835246,0.9457043,0.9603508,0.95644933,0.9554426,0.961325,0.9644868,0.9667384,0.93959224,0.9597584,0.9521933,0.9496001,0.96074104,0.95089775,0.96582985,0.9427221,0.9537956,0.9563024,0.96300256,0.9697526,0.9540655,0.94813234,0.9566104,0.9126873,0.92253053,0.96566135,0.88805926,0.95779437,0.91406953,0.9502308,0.9518454,0.9635313,0.9445902,0.9550896,0.9565237,0.9567996,0.95041525,0.9630154,0.9453001,0.96639496,0.9580045,0.94444066,0.942765,0.9528131,0.9471488,0.9671612,0.9399917,0.9509604,0.93405676,0.95568997,0.95097524,0.95353407,0.95243424,0.95650274,0.9445302,0.9735329,0.9556777,0.9363985,0.96067876,0.9355026,0.9474684,0.94841826,0.93489933,0.9608804,0.9433305,0.9562722,0.95014495,0.95830303,0.91459846,0.9327458,0.95673114,0.9509434,0.9538028,0.9561445,0.95056826,0.9735329,0.96064323,0.96116143,0.96072847,0.95884794
angelhasfallen,0.9383088,0.9368557,0.9556118,0.9336477,0.94455415,0.94124806,0.94655794,0.9405263,0.9690626,0.9420243,0.99999976,0.94951594,0.9494824,0.9504159,0.9466941,0.9487164,0.9503312,0.9423239,0.94236356,0.9433839,0.93147135,0.9419467,0.96197194,0.9649663,0.9564071,0.8224968,0.9150995,0.9423039,0.94546247,0.95407873,0.94976807,0.94024414,0.922579,0.9375129,0.9293586,0.88428783,0.9544621,0.95198965,0.95581686,0.9505305,0.92511743,0.9645722,0.9619533,0.9672454,0.9485636,0.9481671,0.96455145,0.9410258,0.934487,0.96343553,0.9566785,0.9664248,0.9468293,0.93213326,0.9287312,0.9572912,0.928497,0.9591811,0.95124525,0.96296656,0.93716043,0.9510473,0.9515587,0.9482522,0.9580981,0.95228267,0.9429529,0.962252,0.97218895,0.9553134,0.96188456,0.66460174,0.9299522,0.9537777,0.9431366,0.95101553,0.8698564,0.93230575,0.95003545,0.945762,0.9709056,0.9367446,0.9572564,0.9235605,0.95044875,0.9499392,0.9445657,0.95157033,0.9487362,0.94650555,0.9496751,0.96188456,0.9365433,0.9455426,0.953317,0.9511868,0.9626512,0.9533838,0.9412898,0.9540148,0.93664104,0.95795745,0.9550853,0.94880086,0.94610995,0.9525687,0.94281787,0.95102847,0.92872447,0.93293566,0.9419831,0.85374516,0.9565373,0.87048763,0.9340041,0.9553118,0.9486748,0.9590451,0.9506827,0.9457617,0.9553482,0.94534594,0.9481658,0.9235755,0.95106244,0.93818545,0.9369869,0.9459615,0.9363945,0.9389856,0.96255165,0.92399275,0.93914855,0.9416095,0.96024776,0.96049297,0.9472824,0.95223075,0.95731276,0.9401761,0.9690626,0.94730216,0.9194091,0.9552939,0.95717967,0.9605501,0.94625705,0.9393462,0.95217615,0.90375847,0.94893634,0.9535186,0.95745015,0.9050188,0.9386668,0.95151174,0.9456656,0.9445333,0.9452468,0.94903654,0.9690626,0.94423044,0.9432866,0.9479638,0.9582688
angrybirdsmovie,0.959828,0.93352675,0.97437793,0.9516881,0.9560596,0.95930326,0.95842576,0.9452774,0.9767586,0.94632304,0.94951594,1.0000001,0.970048,0.9544685,0.9570592,0.9653114,0.96227515,0.9433776,0.9611723,0.9570044,0.9484254,0.9594622,0.9638339,0.96364826,0.94730717,0.8267268,0.9346907,0.9501674,0.9676779,0.96436304,0.9626861,0.93768877,0.93405116,0.965991,0.93987614,0.92469907,0.9609214,0.9606064,0.956261,0.95411783,0.9515668,0.96361417,0.95384026,0.9619141,0.95220834,0.95860827,0.9700056,0.9569779,0.93188846,0.9591581,0.96904373,0.96005046,0.9580949,0.944001,0.93465674,0.95683557,0.95070326,0.957771,0.9570774,0.95763445,0.9515412,0.9675072,0.94957155,0.96188873,0.95110065,0.941673,0.9369907,0.94910365,0.95438266,0.92415994,0.9646917,0.6690987,0.93223494,0.9599645,0.9501202,0.9460618,0.88717264,0.9490137,0.95860225,0.95553774,0.9456153,0.9519358,0.9585064,0.9270112,0.9682945,0.9660371,0.9470071,0.96794564,0.9548303,0.95659363,0.9505388,0.9646917,0.9491305,0.94256777,0.97274464,0.9528013,0.9449758,0.9639118,0.94906086,0.9601669,0.9461156,0.96261305,0.96286696,0.95188737,0.94459456,0.9694633,0.95542544,0.9569028,0.93539953,0.94450337,0.9594195,0.90136486,0.96668994,0.92035896,0.9378545,0.9556589,0.96903956,0.9596592,0.95706594,0.94428486,0.9465872,0.95323324,0.9608956,0.92627287,0.9592564,0.9495638,0.953348,0.9662911,0.9547392,0.949905,0.9650221,0.9584265,0.95220447,0.94577634,0.9526531,0.9580284,0.968855,0.95490193,0.9652884,0.94211686,0.9767586,0.9603209,0.9377648,0.9634369,0.9629655,0.9480119,0.9479487,0.9501052,0.95806986,0.93548346,0.9690595,0.94912034,0.97314924,0.89847594,0.94790095,0.94494927,0.9532572,0.96553856,0.96203643,0.9636317,0.9767586,0.95712173,0.95412356,0.94903165,0.96784204
annabellemovie,0.96771646,0.9355533,0.96707505,0.9647299,0.96245235,0.95705163,0.9655754,0.9578987,0.98027,0.9642364,0.9494824,0.970048,0.99999964,0.9640172,0.95956564,0.9584451,0.9640759,0.95225644,0.96960646,0.95248646,0.960284,0.9585748,0.9720363,0.96294636,0.95085406,0.8189419,0.94697374,0.95837545,0.95061195,0.9630322,0.9717497,0.95614004,0.95213574,0.9512104,0.9505699,0.93474,0.9741667,0.9747807,0.9606941,0.96273464,0.95656824,0.9653824,0.9560763,0.965614,0.95984524,0.97202486,0.9706197,0.9590353,0.95126736,0.96331996,0.9609041,0.9674709,0.9723874,0.9448386,0.95584,0.9625166,0.9516286,0.957054,0.9652287,0.95840174,0.9530146,0.9647108,0.9705461,0.9684362,0.94941795,0.93193096,0.9483467,0.96129453,0.96334743,0.94322914,0.969821,0.68762493,0.9480389,0.9655184,0.96419096,0.95608664,0.9128866,0.9601701,0.9679975,0.95625937,0.9450262,0.9709002,0.96808344,0.9375831,0.97656655,0.9674897,0.9597072,0.98742497,0.96226877,0.9633924,0.9568684,0.969821,0.9636505,0.9499725,0.96989495,0.9550713,0.95359886,0.9647736,0.95250946,0.96290123,0.96314293,0.96534777,0.9569853,0.9642501,0.95741624,0.9588812,0.95847636,0.9616017,0.9320518,0.94149965,0.96862435,0.90216947,0.96519834,0.9235058,0.96105,0.96510947,0.97605705,0.9608434,0.96020985,0.9628859,0.96189195,0.9604259,0.9664038,0.9301954,0.9650826,0.9667831,0.9612688,0.9506907,0.95671725,0.9663963,0.9726833,0.95978755,0.955082,0.94775945,0.95136654,0.9606314,0.9627107,0.95791906,0.965062,0.9556394,0.98027,0.95916075,0.955633,0.9684555,0.9488238,0.95334345,0.9555688,0.9593213,0.9618408,0.9460521,0.9685895,0.96143943,0.97263545,0.92704177,0.9473149,0.9546282,0.9536313,0.9660221,0.9591566,0.9645633,0.98027,0.96657556,0.9645758,0.9570912,0.9644687
annamovie,0.9618317,0.9445745,0.96484524,0.9636955,0.97010994,0.95439845,0.9646277,0.96351665,0.98646384,0.9655511,0.9504159,0.9544685,0.9640172,1.0000002,0.96946645,0.9585437,0.9731835,0.9712221,0.9621199,0.9655622,0.9726487,0.96173793,0.97544706,0.9763959,0.9700708,0.8661809,0.9492801,0.9697331,0.95839936,0.9574676,0.9743896,0.96083254,0.9534024,0.9528056,0.96317726,0.9360608,0.969598,0.9685394,0.96766305,0.9699557,0.9576812,0.97263426,0.9675134,0.9778219,0.97547793,0.97162354,0.97663015,0.96673757,0.96483475,0.9732867,0.9720882,0.97577775,0.9674259,0.9671149,0.9525352,0.9692053,0.960156,0.9692147,0.967135,0.97351664,0.95478094,0.965611,0.96882075,0.9770054,0.96297467,0.9509728,0.9622824,0.9720149,0.9626129,0.948088,0.97542816,0.71819746,0.9584092,0.96733576,0.9622776,0.9651985,0.9023701,0.9697365,0.96924853,0.9543709,0.95557785,0.966519,0.9746509,0.9567398,0.97491753,0.9625423,0.95858216,0.95860285,0.96248,0.97308815,0.9726046,0.97542816,0.97083414,0.9594984,0.96920353,0.961485,0.95140344,0.9664496,0.96242213,0.97429174,0.96608186,0.95811534,0.95776993,0.9697587,0.97485715,0.9732907,0.9708617,0.96718144,0.95482075,0.94074,0.9635103,0.8953558,0.9728035,0.9214907,0.96327865,0.96872234,0.97172815,0.96709114,0.9682006,0.9678606,0.9734325,0.9645864,0.9672152,0.9501007,0.96943074,0.9719207,0.95489347,0.9579287,0.9644394,0.9503922,0.976437,0.943785,0.96007705,0.94906336,0.96292055,0.96674633,0.9640792,0.9599605,0.97018707,0.9679867,0.98646384,0.9667796,0.9601136,0.9714067,0.94603765,0.96444875,0.95731974,0.9557759,0.96748036,0.9457159,0.96229285,0.9675239,0.96309465,0.9349471,0.9578676,0.9710568,0.9656165,0.9724025,0.96615416,0.96120703,0.98646384,0.96220237,0.96840054,0.97112423,0.97177255
apollo11movie,0.9606891,0.941784,0.9650315,0.95409405,0.95745534,0.94820535,0.9563048,0.9573205,0.98420805,0.96211565,0.9466941,0.9570592,0.95956564,0.96946645,0.99999994,0.96743435,0.96727985,0.96277106,0.96275777,0.97931397,0.9681307,0.9598316,0.9729526,0.9643794,0.95886004,0.8273129,0.9577009,0.9619644,0.9620631,0.9679697,0.96821725,0.94796973,0.94584954,0.9610921,0.95736474,0.9378687,0.97488564,0.9704255,0.97430456,0.9676192,0.9630151,0.96636087,0.9716486,0.965526,0.9765231,0.97052217,0.9699309,0.9540555,0.9655889,0.96358085,0.9657493,0.97516954,0.9688158,0.9672282,0.9541677,0.96823066,0.9522217,0.96182704,0.9585052,0.9662298,0.9508053,0.9706018,0.9579091,0.9740811,0.9444617,0.94538826,0.9474409,0.9583561,0.9487867,0.93828416,0.9697417,0.6966865,0.94958156,0.96679306,0.9501775,0.95041794,0.8975121,0.9599766,0.9627556,0.9438884,0.95673543,0.95914173,0.9755935,0.94869286,0.96636486,0.9596201,0.9581201,0.9605841,0.96717834,0.96189576,0.9704628,0.9697417,0.9593701,0.9407695,0.97279954,0.97525805,0.9477061,0.96458757,0.94961464,0.9658069,0.96154076,0.96542877,0.94853437,0.9638758,0.9561343,0.9654618,0.969968,0.9718752,0.9320757,0.93217963,0.9672389,0.8968826,0.97590184,0.93168503,0.96178377,0.95192814,0.9720517,0.9594115,0.9695394,0.9595499,0.97170293,0.9631029,0.96434844,0.94537014,0.9773977,0.9609547,0.9464752,0.96276337,0.9639162,0.9524509,0.9710382,0.9385684,0.96633416,0.93027294,0.96380335,0.9661444,0.967659,0.96088207,0.9619923,0.95727175,0.98420805,0.9679294,0.9646748,0.97239465,0.9590078,0.9645072,0.9568978,0.94978786,0.9710149,0.9474634,0.9524533,0.962211,0.9640104,0.9313728,0.9669036,0.96524554,0.96182317,0.96503544,0.9688722,0.9588808,0.98420805,0.95180297,0.97251016,0.96902424,0.9597223
arcticdogsmovie,0.9504631,0.9288063,0.9568769,0.94978255,0.9588202,0.94081205,0.96321046,0.9471382,0.9770432,0.94065595,0.9487164,0.9653114,0.9584451,0.9585437,0.96743435,1.0,0.9627238,0.9538877,0.9495851,0.9687189,0.9635736,0.9459809,0.9689553,0.96651953,0.956102,0.84632885,0.94362307,0.9534248,0.9503678,0.9575503,0.96542126,0.9433539,0.9231869,0.9525829,0.93940437,0.93450713,0.96371496,0.9615294,0.96033996,0.9696973,0.9676426,0.9740591,0.9643728,0.9653715,0.9592279,0.96311843,0.9681601,0.93742114,0.94978255,0.96795857,0.9603278,0.96931094,0.9550395,0.94698256,0.9474355,0.9533541,0.9486833,0.9585186,0.9598807,0.9564218,0.9533579,0.9704661,0.95442426,0.9644153,0.9547837,0.9510305,0.9409826,0.953999,0.95076656,0.93294275,0.9636408,0.70893407,0.93537724,0.97311854,0.95186234,0.95885366,0.8921464,0.94794106,0.9613027,0.9458055,0.94939977,0.9561751,0.9627034,0.9290675,0.9658064,0.9630432,0.94521755,0.9586503,0.96047753,0.96429247,0.966791,0.9636408,0.95118576,0.949553,0.96433246,0.9550022,0.94514716,0.9619775,0.95767766,0.96834475,0.95087785,0.9552744,0.95150495,0.9632302,0.9379987,0.9578284,0.9627884,0.97555345,0.9472008,0.9441213,0.95781434,0.8956415,0.9628353,0.9179264,0.9439622,0.95025855,0.9631567,0.96399367,0.9566428,0.9575611,0.9559039,0.9571481,0.964139,0.91808414,0.96236897,0.9590762,0.95447844,0.9454901,0.96443087,0.9404373,0.9705817,0.94936556,0.9511693,0.9320479,0.9553002,0.9589814,0.97277236,0.9478291,0.9640524,0.94449836,0.9770432,0.9563272,0.9524073,0.9654967,0.94929755,0.9676351,0.94477844,0.9447338,0.96547055,0.94518536,0.96340275,0.95113283,0.9657224,0.9154337,0.9440972,0.95885265,0.9544122,0.96836007,0.9598798,0.9489477,0.9770432,0.9480196,0.9478317,0.95214057,0.9552569
arcticmovie,0.95986927,0.94696444,0.96893066,0.96327883,0.97533405,0.9604819,0.96051264,0.9657109,0.9828486,0.96494406,0.9503312,0.96227515,0.9640759,0.9731835,0.96727985,0.9627238,1.0000001,0.9620299,0.95775217,0.97211486,0.9656526,0.958569,0.969924,0.9711968,0.95872045,0.8276574,0.94318724,0.97920275,0.96129376,0.95549035,0.9669914,0.9555538,0.95172983,0.95077026,0.9478696,0.9238586,0.96118057,0.966466,0.96350867,0.96995664,0.95968205,0.9733317,0.95843726,0.97193253,0.96461684,0.96614444,0.9720126,0.96420115,0.9629536,0.9710754,0.9658408,0.9728609,0.9648708,0.9550895,0.9553554,0.9642581,0.9580768,0.964003,0.9591063,0.9694365,0.9474563,0.96406084,0.96174973,0.96432155,0.95459837,0.9553473,0.9476632,0.96226776,0.9626656,0.9471171,0.96885043,0.68962187,0.9449558,0.963966,0.96468115,0.9603238,0.8904971,0.9604613,0.95823824,0.9541098,0.95447636,0.96051913,0.9677796,0.9460582,0.9683831,0.9576378,0.95353055,0.96853703,0.96975887,0.9644871,0.9691265,0.96885043,0.9563774,0.94624543,0.965012,0.95666975,0.95135546,0.9677547,0.95768285,0.9659088,0.95207554,0.9650812,0.96008354,0.9650777,0.9592037,0.96551454,0.9722928,0.9583316,0.9410662,0.9361683,0.96474004,0.8985944,0.96787095,0.9260207,0.9485651,0.96115756,0.97022927,0.9604723,0.96970874,0.9555128,0.96623373,0.95605415,0.9696774,0.9423932,0.97656626,0.9630725,0.9578379,0.94302124,0.95946324,0.9527459,0.97045,0.95595247,0.9798967,0.95891005,0.9565796,0.9583495,0.9645612,0.9605166,0.9653489,0.951058,0.9828486,0.96213156,0.94284576,0.9628399,0.95206887,0.9596765,0.95665044,0.94681686,0.9569567,0.9449281,0.9596183,0.95614433,0.96176565,0.92100847,0.93797565,0.95669127,0.95749646,0.96646136,0.95983344,0.95902985,0.9828486,0.95715094,0.9648628,0.96318007,0.96591306
artofracingmovie,0.9662641,0.9404779,0.95889443,0.9660824,0.9661947,0.94574517,0.96005243,0.9593848,0.97911334,0.95430243,0.9423239,0.9433776,0.95225644,0.9712221,0.96277106,0.9538877,0.9620299,1.0000002,0.9629446,0.964389,0.9599496,0.95830727,0.97091544,0.96175313,0.9620763,0.85169506,0.9558773,0.9592395,0.9489238,0.95093954,0.9576206,0.9393728,0.9533245,0.94069475,0.9420615,0.9250822,0.959949,0.9675763,0.953751,0.9632453,0.96467614,0.9649768,0.9594865,0.9706846,0.9600408,0.96509445,0.9650276,0.9463099,0.963899,0.9669459,0.95449835,0.97295606,0.9611639,0.9547448,0.94982296,0.96512234,0.93592715,0.9603314,0.95913535,0.96019906,0.9535858,0.9644444,0.9487891,0.96735024,0.9532459,0.95669335,0.94550395,0.9567094,0.9571171,0.93789923,0.9667951,0.7343979,0.9319628,0.96750844,0.95164347,0.9479236,0.89471084,0.95730835,0.9518929,0.9501018,0.9431955,0.962679,0.9659828,0.93512946,0.96089864,0.9649976,0.95718884,0.9514315,0.9646015,0.9624915,0.9568929,0.9667951,0.9560225,0.952156,0.96213233,0.9562008,0.9541621,0.96424705,0.9622983,0.9553065,0.9525983,0.95331395,0.954646,0.96678203,0.9498413,0.95734435,0.9631631,0.9594011,0.9357547,0.9312396,0.9547155,0.90187925,0.9620057,0.9166941,0.95391124,0.96325684,0.969706,0.9598896,0.9582242,0.95885134,0.9525555,0.9629833,0.9627764,0.9485973,0.95466936,0.96358305,0.9464501,0.9455095,0.9753374,0.9428818,0.9644429,0.94913316,0.9485143,0.93427324,0.9577285,0.9561848,0.95855844,0.9552253,0.95999587,0.9621285,0.97911334,0.95916396,0.9552023,0.9606793,0.94401604,0.9654003,0.950773,0.9292382,0.95814884,0.94978267,0.95336163,0.9488405,0.9565421,0.9287572,0.95961875,0.9657038,0.9571195,0.9625604,0.95262164,0.95486534,0.97911334,0.9626941,0.9579233,0.9664988,0.9476661
avengers,0.9811949,0.9325088,0.96308285,0.9678711,0.9576077,0.95847386,0.962596,0.96391743,0.97878534,0.95709324,0.94236356,0.9611723,0.96960646,0.9621199,0.96275777,0.9495851,0.95775217,0.9629446,0.9999997,0.9582445,0.96450937,0.9613688,0.9705863,0.9574116,0.9548129,0.83010536,0.9517647,0.9527982,0.9503872,0.96609634,0.97653395,0.9520929,0.96002406,0.9454168,0.9509662,0.93157434,0.96259934,0.9679789,0.96291417,0.9589581,0.9461832,0.9622133,0.95244753,0.9625246,0.95482373,0.97350216,0.97037524,0.9506467,0.9415561,0.96414673,0.9595872,0.9646424,0.9691632,0.9591234,0.9639649,0.9748461,0.9434853,0.95083654,0.9589826,0.96352875,0.9427957,0.9661976,0.9560035,0.96176577,0.9533547,0.9301805,0.9524023,0.9594148,0.958831,0.93869,0.96757674,0.69671905,0.95262665,0.95344,0.947068,0.9504038,0.91133285,0.95557606,0.96381336,0.95448506,0.9403406,0.9676977,0.96485007,0.9263208,0.97101665,0.9571622,0.9671521,0.9661603,0.9497894,0.95719635,0.95342696,0.96757674,0.9723111,0.9510025,0.9609206,0.94995546,0.9559474,0.971005,0.96262246,0.95919365,0.96795607,0.96452904,0.95494163,0.96451324,0.9670371,0.9607527,0.9616658,0.9576983,0.9205915,0.9340192,0.96699744,0.90856534,0.96360314,0.9321002,0.96920043,0.9587154,0.9732239,0.94773036,0.9640468,0.958373,0.9560152,0.96161175,0.96797466,0.9315099,0.9585144,0.9610143,0.9488496,0.95978636,0.95826524,0.957353,0.968933,0.9489133,0.9442594,0.9401506,0.9535681,0.96740305,0.95333666,0.94873714,0.9607426,0.9566048,0.97878534,0.9586834,0.96291673,0.9546657,0.93876594,0.95882905,0.9620605,0.9594618,0.95326257,0.9518418,0.96128845,0.95867044,0.96592486,0.9358533,0.9591985,0.95574486,0.9513231,0.9594184,0.9625249,0.9691854,0.97878534,0.97200805,0.9700644,0.9522888,0.96069866
beachbummovie,0.96209997,0.9556667,0.97093946,0.9532718,0.95873606,0.950948,0.9568032,0.95109886,0.9806955,0.9588941,0.9433839,0.9570044,0.95248646,0.9655622,0.97931397,0.9687189,0.97211486,0.964389,0.9582445,0.99999994,0.96251607,0.9682033,0.9720445,0.9615092,0.9542582,0.8096073,0.95747995,0.9613419,0.96315485,0.96427006,0.96818864,0.93819463,0.94551677,0.9443717,0.9414315,0.9242423,0.9624521,0.96204066,0.97075313,0.9648754,0.96449274,0.96769905,0.9604939,0.96709454,0.9693607,0.97183025,0.9701483,0.9589757,0.95507234,0.96724975,0.9627839,0.9683739,0.9580849,0.9576746,0.9531588,0.96296346,0.9493847,0.9539674,0.9579139,0.96429634,0.948512,0.9715048,0.9559621,0.9676629,0.9535592,0.9430308,0.94838446,0.9571378,0.95331764,0.9375478,0.96497893,0.68403804,0.94254315,0.96249866,0.95253813,0.95506984,0.893316,0.9702573,0.96038014,0.95420575,0.9473355,0.957856,0.9687707,0.94287425,0.96077156,0.9620368,0.9486965,0.95957536,0.9680787,0.9617869,0.9706238,0.96497893,0.9585831,0.9562009,0.96473825,0.9611921,0.9494619,0.9740247,0.95698726,0.96247554,0.95221084,0.9649977,0.9526832,0.9584781,0.9552019,0.9615833,0.9723211,0.96099997,0.93067026,0.9414113,0.96532613,0.89774895,0.9702835,0.92895687,0.943673,0.96285427,0.97198737,0.96012944,0.96464145,0.95344716,0.96876556,0.96143395,0.96671957,0.9466609,0.97849995,0.9639857,0.9462418,0.9573616,0.96232474,0.9472038,0.97157776,0.94763786,0.96738714,0.92886186,0.9569852,0.96106994,0.9703276,0.9496219,0.95914173,0.9564923,0.9806955,0.9657416,0.950745,0.9626927,0.9498821,0.9561735,0.9538689,0.93749887,0.9598378,0.9498506,0.9591019,0.96349466,0.95988864,0.9291587,0.95104176,0.9696863,0.9492911,0.9617817,0.9703051,0.9568362,0.9806955,0.9538372,0.96458036,0.96264255,0.9550885
bernadettefilm,0.97014195,0.92743826,0.96520543,0.9635102,0.96375746,0.9485713,0.9648159,0.9589073,0.9805143,0.96224093,0.93147135,0.9484254,0.960284,0.9726487,0.9681307,0.9635736,0.9656526,0.9599496,0.96450937,0.96251607,1.0000002,0.95889014,0.9665686,0.96506125,0.9579619,0.8613048,0.96798563,0.9702491,0.95343983,0.955605,0.9697791,0.9620341,0.94542235,0.93882275,0.9583518,0.9461397,0.9680255,0.96371937,0.9770048,0.9705385,0.95891935,0.9683746,0.9598729,0.9694503,0.9722508,0.9706526,0.96558607,0.95903677,0.96815926,0.97173613,0.9662285,0.97044706,0.9588381,0.9666644,0.95869386,0.96574825,0.9624102,0.9574439,0.9600449,0.9546344,0.9489648,0.96441257,0.96831316,0.96045864,0.95109355,0.9401463,0.9521293,0.9574066,0.9501246,0.94020283,0.9646218,0.7268355,0.9592058,0.96066934,0.9510474,0.9605146,0.9138398,0.95987105,0.95302653,0.94214326,0.9450189,0.9712042,0.9657621,0.94084555,0.9750796,0.9578721,0.95533895,0.9583022,0.95544356,0.96221757,0.9705198,0.9646218,0.9698897,0.9499437,0.9671026,0.94934183,0.9475923,0.96370876,0.9629832,0.96714664,0.962921,0.95430344,0.9464391,0.9670024,0.9614139,0.9667671,0.9637213,0.9647369,0.9480375,0.93550754,0.9696352,0.90960073,0.9622253,0.9327918,0.97186947,0.9562244,0.9706547,0.95184016,0.9700389,0.9589691,0.9608642,0.95487094,0.9652208,0.9404955,0.96516275,0.96818006,0.9543553,0.9474408,0.9690895,0.9556765,0.98069054,0.9462056,0.95979375,0.9368753,0.94847393,0.9630448,0.9542706,0.9494369,0.9603711,0.95751673,0.9805143,0.9667606,0.9574446,0.95729995,0.93955255,0.96699184,0.9516361,0.96248364,0.95671976,0.95736295,0.95953554,0.9552924,0.9618196,0.94228953,0.9519392,0.96034104,0.95322704,0.97189784,0.9597679,0.95086235,0.9805143,0.9623256,0.9719325,0.9501707,0.9608684
