movie,21bridgesmovie,47metersdown,abeautifuldaymovie,abominablemovie,adastramovie,adogsjourneymovie,aftermathmovie,aftermovie,ahiddenlifefilm,alitamovie,angelhasfallen,angrybirdsmovie,annabellemovie,annamovie,apollo11movie,arcticdogsmovie,arcticmovie,artofracingmovie,avengers,beachbummovie,bernadettefilm,blackandbluemovie,blackchristmas,blindedbythelightmovie,bombshellmovie,booksmart,breakthroughmovie,brianbanksmovie,brightburnmovie,brittanyrunsmov,captainmarvelofficial,captivestatemovie,catsmovie,charliesangels,childsplaymovie,clarathefilm,coldpursuitmovie,countdown,currentwarmovie,darkwatersmovie,detectivepikachumovie,disneyaladdin,disneyfrozen,disneymaleficent,doctorsleepmovie,dolemiteismyname,dontletgomovie,doramovie,downtonabbey_official,dumbo,escaperoom,everybodyknowsmovie,fastandfuriousmovie,fightingwmyfam,fivefeetapartfilm,fordvferrari,freaksthefilm,geminimanmovie,glassmovie,gloriabellmovie,godzillamovie,goldfinchmovie,goodboysmovie,goodliarmovie,gretafilm,halathemovie,happydeathdaymovie,harrietfilm,hellboymovie,hersmellmovie,highlifemovie,highstrungmovie,honeyboymovie,hotelmumbaifilm,httydragon,hustlemovie,hustlersmovie,isntitromantic,itmovieofficial,jayandsilentbob,johnwickmovie,jojorabbitmovie,jokermovie,judythefilm,jumanjimovie,justmercyfilm,knivesout,lalloronamovie,lastblackmansf,lastchristmasthemovie,latenightmovie,lighthousemovie,lionking,littlethemovie,littlewomenmovie,littlewoodsfilm,longshotmovie,lordsofchaosmovie,lucyintheskyfilm,mamovie2019,marriagestory,meettheaddams,meninblack,midsommarmovie,midwaymovie,missbalamovie,missinglinkfilm,motherlessbklyn,onceinhollywood,onthebasisofsex,overcomermovie,peanutbutterfalcon,petsematarymovie,piercingmovie,playingwithfire,playmobilthemovie,pomsmovie,queenandslim,rambomovie,readyornotfilm,richardjewellfilm,rocketmanmovie,scarystoriesmovie,secretlifeofpets,serenityfilm,shaftmovie,shazammovie,spidermanmovie,spiesindisguise,starwars,stormboymovie,stubermovie,taosdfilm,teenspiritmov,terminator,theaeronautsmov,thebestofenemies,thedeaddontdie,thefarewell,thehighwaymen,thehummingbirdprojectfilm,theintrudermovie,theirishmanfilm,thekitchenmovie,thelegomovie,themustangfilm,thenightingalefilm,theprodigymovie,thesunisalsoastar,theupsidefilm,tolkienmovie,toystory,triplefrontier,uglydolls,uncutgems,underthesilverlake,usmovie,wavesmovie,whatmenwant,wonderparkmovie,wrinklestheclown,xmenmovies,yardiefilm,yesterdaymovie,zombieland
21bridgesmovie,1.0,0.9606138,0.9652268,0.9440291,0.9652516,0.9628746,0.9820669,0.9751366,0.9858708,0.95255524,0.9687704,0.94697267,0.96930754,0.9787702,0.9699005,0.9709722,0.97115636,0.9569366,0.98284876,0.9757623,0.96491283,0.95703465,0.97220546,0.9710418,0.96754587,0.85229415,0.96654654,0.97227365,0.9598255,0.96770334,0.97327346,0.9806716,0.9499643,0.9717079,0.93619365,0.91216916,0.97539127,0.9698109,0.9681743,0.97189355,0.93998146,0.9657969,0.95389044,0.967069,0.9658364,0.9776089,0.97190106,0.96564305,0.94783807,0.966669,0.9667128,0.9669885,0.95772105,0.9637721,0.9401429,0.95075154,0.9589947,0.96756524,0.9718281,0.97404444,0.95549774,0.95707333,0.9565176,0.9640247,0.96668786,0.9616826,0.9719674,0.95790416,0.95665514,0.9639277,0.973872,0.5341961,0.96436995,0.9725471,0.9369091,0.94957346,0.9305202,0.9594105,0.97101825,0.9718579,0.97057056,0.96818215,0.9594776,0.95859414,0.9560204,0.96363574,0.95171225,0.9727345,0.9700617,0.96746624,0.95708406,0.973872,0.96277845,0.9568369,0.975225,0.9718276,0.96386945,0.974304,0.9722393,0.9791846,0.9720005,0.95794064,0.9536163,0.9759935,0.9694473,0.9679248,0.95997065,0.9689938,0.9674773,0.9649669,0.97202414,0.6591673,0.96691084,0.91563565,0.95719165,0.9785486,0.9953815,0.95607996,0.97212917,0.9708804,0.9554981,0.96734995,0.97588605,0.94733065,0.9748469,0.96632755,0.96630156,0.9565335,0.9653623,0.9362822,0.9551342,0.950689,0.9795293,0.95766664,0.9653406,0.9629119,0.9827913,0.9529549,0.9654722,0.9719285,0.9858708,0.97246426,0.97072685,0.9430674,0.94497186,0.9579272,0.96155083,0.9502095,0.9661858,0.9739409,0.9792781,0.95855343,0.9732022,0.9523167,0.95202255,0.96040785,0.96677226,0.9726732,0.97512686,0.96243715,0.9858708,0.97708094,0.9716446,0.97460175,0.96862894
47metersdown,0.9606138,1.0,0.95929855,0.9453424,0.96045655,0.9345815,0.9654347,0.94655687,0.9791437,0.93066007,0.96224004,0.949202,0.9572792,0.97422206,0.9675631,0.96363455,0.9524107,0.94972754,0.95487183,0.96917707,0.9469564,0.9543764,0.9708242,0.9609711,0.94882035,0.8393769,0.9590163,0.9581547,0.9506426,0.9615009,0.9624673,0.95672995,0.93830496,0.9516919,0.955291,0.9223859,0.9562287,0.95880455,0.9724646,0.96065986,0.93158036,0.9571915,0.9443567,0.95692223,0.9491563,0.96558315,0.9709557,0.9693742,0.9504662,0.9580656,0.95825577,0.9555821,0.94927824,0.9387224,0.94911724,0.95499206,0.95280856,0.97285056,0.9655293,0.9647868,0.9482103,0.9462668,0.9549325,0.96597815,0.9611799,0.968541,0.9617466,0.9551958,0.953366,0.9602499,0.96316767,0.53168213,0.954437,0.9549777,0.93837744,0.94351846,0.9095529,0.9623056,0.96422607,0.9760754,0.96990263,0.9657062,0.9650935,0.94564205,0.9494405,0.9653074,0.9529059,0.9565918,0.9616033,0.968901,0.9593318,0.96316767,0.9576202,0.9679491,0.960898,0.9576413,0.9681657,0.9516533,0.9582199,0.966594,0.95335525,0.94707966,0.94203657,0.96383965,0.96614903,0.95990944,0.9457743,0.9666259,0.94538456,0.9441033,0.97111356,0.7207629,0.9739938,0.9261595,0.95523226,0.9512746,0.96502596,0.950465,0.9612369,0.946338,0.9615512,0.96906006,0.9689014,0.9450102,0.9608119,0.97860616,0.9556213,0.95367485,0.970336,0.9251746,0.9601798,0.9372381,0.9594557,0.9405269,0.9686334,0.9535819,0.95836854,0.9368974,0.95745337,0.9492726,0.9791437,0.9540263,0.95262825,0.96287435,0.9634774,0.9590714,0.950429,0.9511851,0.9706059,0.9478499,0.96440655,0.96600074,0.956501,0.92530763,0.9483474,0.9568763,0.9690868,0.96457857,0.96875,0.96837413,0.9791437,0.95832163,0.9680955,0.9697037,0.9574635
abeautifuldaymovie,0.9652268,0.95929855,1.0,0.97309184,0.9697422,0.9632577,0.9720673,0.9765219,0.98602885,0.94852436,0.9717672,0.9600903,0.9539651,0.9746833,0.96282876,0.9711736,0.969327,0.9557763,0.96885717,0.97355056,0.9693675,0.98060715,0.9705471,0.96850544,0.9774131,0.84806466,0.97033143,0.9645764,0.98291695,0.96663564,0.9657766,0.97434765,0.954483,0.9803726,0.9472377,0.9215598,0.9691495,0.96239334,0.9765734,0.97485447,0.9550954,0.9713128,0.97023267,0.97574073,0.96554244,0.96697474,0.974108,0.9603394,0.9561782,0.9771324,0.98441845,0.98137105,0.9756879,0.9516879,0.95000386,0.9639196,0.9539986,0.9672754,0.97233486,0.9693762,0.9572628,0.95980823,0.96977395,0.965612,0.9753003,0.96583724,0.97069997,0.9675234,0.9600714,0.9610167,0.9769647,0.58146185,0.9627188,0.96726984,0.95543647,0.9534931,0.92785966,0.9553737,0.9556666,0.9705118,0.972035,0.9671081,0.9756517,0.95235664,0.979429,0.9668821,0.9639578,0.9625287,0.9700876,0.9741757,0.9680113,0.9769647,0.9699797,0.9642234,0.9797664,0.96765417,0.970299,0.9673777,0.9682331,0.97731006,0.9592651,0.96733814,0.97032326,0.9773537,0.96330816,0.97896993,0.96563584,0.9736576,0.96251166,0.96893585,0.9675551,0.7010815,0.97459173,0.92601335,0.96614647,0.95527446,0.96997803,0.96237123,0.9707738,0.9564351,0.958114,0.97280955,0.9674647,0.95602417,0.96780616,0.96612793,0.9660264,0.9781794,0.97050124,0.9467407,0.97003156,0.956481,0.9754888,0.9573638,0.97816604,0.968365,0.9751852,0.9707979,0.9743258,0.9577635,0.98602885,0.98165166,0.9526658,0.9549928,0.95617735,0.97295934,0.9603465,0.9546433,0.9706453,0.9684479,0.967131,0.98632073,0.9603715,0.9428337,0.9632805,0.96500546,0.97290087,0.9760536,0.9800154,0.9695964,0.98602885,0.9704774,0.9734067,0.978433,0.9784803
abominablemovie,0.9440291,0.9453424,0.97309184,0.9999999,0.9546305,0.946295,0.95737994,0.96555793,0.97477776,0.9210259,0.9657474,0.9588219,0.95143604,0.9623123,0.95196277,0.95754147,0.94977343,0.9345406,0.9452003,0.9613916,0.9620269,0.966459,0.96141315,0.949126,0.96414953,0.87886906,0.9620029,0.9435305,0.9794171,0.9700543,0.9517081,0.95884734,0.93457997,0.9667465,0.95027894,0.9371506,0.96278924,0.9524264,0.96231824,0.96463597,0.9578846,0.9706415,0.95813143,0.96611995,0.96360356,0.95409715,0.96830076,0.9485164,0.9386754,0.96906793,0.97733384,0.968776,0.965892,0.9399707,0.95951074,0.9450192,0.93653095,0.96315277,0.9764809,0.95893306,0.95839036,0.96485966,0.96144783,0.96169883,0.96842426,0.96543837,0.9568085,0.9683167,0.9462662,0.944975,0.9646881,0.62186444,0.95466924,0.95154244,0.95513415,0.94815683,0.9165069,0.94479984,0.93928075,0.95542806,0.95669836,0.96294886,0.979606,0.9256329,0.98026055,0.9569635,0.95003134,0.9423566,0.9646522,0.97129375,0.96743613,0.9646881,0.9710378,0.9580384,0.96720386,0.96034706,0.95914084,0.9583263,0.964044,0.9549945,0.94871557,0.9536068,0.9533083,0.9665341,0.9460048,0.9713849,0.96682566,0.9709252,0.9401527,0.96475625,0.9532396,0.72379106,0.96790427,0.95058256,0.9636032,0.9360109,0.94954216,0.95312905,0.9563982,0.9521479,0.963633,0.96059614,0.9605479,0.9612485,0.9546922,0.963557,0.9502015,0.9742341,0.96451044,0.9471241,0.9634835,0.9446689,0.94703436,0.93926847,0.97243416,0.96980804,0.95746684,0.94529563,0.96236175,0.93536377,0.97477776,0.9681707,0.9304883,0.9517399,0.9638939,0.96960574,0.96577096,0.9584217,0.9638271,0.95567364,0.9557506,0.9760333,0.9459219,0.9468725,0.94834286,0.9545476,0.93869936,0.96860635,0.97280765,0.95507264,0.97477776,0.94815594,0.9730435,0.95959324,0.97153914
adastramovie,0.9652516,0.96045655,0.9697422,0.9546305,1.0000001,0.9585287,0.9717512,0.95997334,0.980732,0.96362454,0.95514125,0.94396937,0.9514665,0.98002297,0.9651534,0.95705783,0.96377593,0.9859124,0.95948,0.9759687,0.9604432,0.9540541,0.9642842,0.9756151,0.9578981,0.87049896,0.96246165,0.9557781,0.9607604,0.9609567,0.9576184,0.96071255,0.9358826,0.96243405,0.93628085,0.89915144,0.94886214,0.9666413,0.96440816,0.95417553,0.94156516,0.96229684,0.9517257,0.96642005,0.950906,0.97036695,0.9651223,0.9590107,0.9461894,0.9668245,0.96068853,0.9551434,0.95013,0.9460591,0.9559109,0.9768042,0.9597333,0.96272725,0.9669019,0.97073674,0.9506597,0.95458174,0.9500096,0.9626886,0.9576955,0.95055765,0.9599853,0.9482343,0.96834016,0.9497926,0.97514105,0.587154,0.9714626,0.9615796,0.9291968,0.94912213,0.91180736,0.9595885,0.9673105,0.96600795,0.9632174,0.9569846,0.96615016,0.9673817,0.95216584,0.9631553,0.95765084,0.954473,0.969807,0.9655056,0.97050023,0.97514105,0.96475303,0.96594316,0.95338666,0.96388644,0.9602891,0.9689366,0.964138,0.960353,0.960292,0.9491592,0.9541162,0.9649564,0.9715687,0.9592552,0.9641529,0.9675652,0.96272445,0.94281024,0.9672141,0.7166637,0.97161424,0.9196998,0.95663136,0.96699,0.97333395,0.9440215,0.97028047,0.950358,0.9725943,0.97227687,0.97664154,0.947094,0.9614989,0.957278,0.96578723,0.95305526,0.9682752,0.91784286,0.9676194,0.97772807,0.9584116,0.9375803,0.965077,0.96493983,0.96603286,0.95016646,0.9619031,0.96488506,0.980732,0.96068525,0.96023715,0.9516101,0.9550125,0.960294,0.9410768,0.9384719,0.9636095,0.96795464,0.9583588,0.96995515,0.9581102,0.9465567,0.94884515,0.9560391,0.9653788,0.9731277,0.9751171,0.9694321,0.980732,0.9594393,0.97322553,0.964885,0.9613444
adogsjourneymovie,0.9628746,0.9345815,0.9632577,0.946295,0.9585287,1.0,0.968569,0.9701164,0.9703436,0.943506,0.96139425,0.9571868,0.9467488,0.9572234,0.9480786,0.9453676,0.955156,0.94777435,0.9587156,0.95085436,0.9472225,0.9498008,0.96229714,0.967027,0.94461024,0.8260769,0.959699,0.9439585,0.959485,0.9609309,0.9465202,0.9486162,0.924388,0.97417253,0.9232788,0.921009,0.9494697,0.9422315,0.96036184,0.9493316,0.93313414,0.94517565,0.95054203,0.95368886,0.9388136,0.9527343,0.95549285,0.93993163,0.95053184,0.95295376,0.9707845,0.95607704,0.9634359,0.9669156,0.921684,0.9532784,0.9505953,0.93657506,0.95312846,0.9489354,0.951782,0.9458952,0.94283533,0.9490829,0.9653944,0.9429215,0.9372338,0.94591135,0.94390213,0.9461898,0.9563667,0.63166326,0.95885104,0.9454753,0.95164925,0.92666394,0.9155957,0.92478245,0.95338386,0.95481455,0.9549816,0.95630157,0.9577553,0.9392858,0.9632723,0.9452256,0.9468881,0.9613998,0.9553528,0.95691735,0.96152174,0.9563667,0.9464212,0.9424156,0.96306163,0.9560558,0.95628977,0.9438999,0.97348833,0.95154196,0.94569737,0.98217475,0.9533917,0.96495456,0.9406697,0.97300506,0.9563091,0.95885867,0.9447061,0.9463728,0.9579416,0.7255038,0.9494775,0.9111785,0.9369924,0.9548164,0.9690204,0.9501721,0.9580408,0.95767635,0.9451401,0.9593376,0.95409185,0.95744973,0.958385,0.95215935,0.96057016,0.9589749,0.9561928,0.90321505,0.9419966,0.9596521,0.9592143,0.9447145,0.9532058,0.95552915,0.96103704,0.96534806,0.960044,0.94582564,0.9703436,0.9591062,0.94527155,0.9388492,0.9366491,0.94394684,0.94919837,0.93973154,0.960335,0.9580131,0.9588158,0.9464793,0.9463703,0.9444308,0.9563818,0.9506105,0.94877696,0.9673452,0.9545494,0.93314797,0.9703436,0.9571338,0.9554635,0.9734356,0.9531944
aftermathmovie,0.9820669,0.9654347,0.9720673,0.95737994,0.9717512,0.968569,0.9999998,0.9727384,0.98838305,0.9583666,0.9763587,0.96278685,0.9713808,0.9802823,0.9751036,0.9675081,0.97454476,0.96409917,0.9809275,0.97813654,0.96643394,0.9628744,0.9771132,0.9651536,0.96650285,0.86186033,0.97081155,0.9724428,0.9705875,0.97343004,0.97129524,0.97588617,0.95757854,0.9714502,0.9432862,0.9242253,0.9737421,0.96904063,0.9713551,0.97218394,0.9551833,0.9741677,0.9626124,0.9762546,0.96502197,0.9783317,0.9791297,0.9644873,0.96248144,0.9776077,0.9730366,0.9709831,0.96545076,0.9735671,0.9445875,0.967379,0.9694915,0.96519893,0.9698707,0.9777403,0.9710372,0.95758545,0.9603682,0.96980226,0.971396,0.9628816,0.9800081,0.9680209,0.964309,0.9601831,0.98592544,0.5887683,0.9717976,0.9797397,0.9388954,0.9585885,0.9211341,0.9597704,0.96098024,0.9714802,0.97425365,0.97775006,0.97162306,0.9581547,0.96491194,0.9682218,0.95696694,0.9756793,0.9764062,0.9735867,0.9701047,0.98592544,0.96937,0.9606757,0.97447586,0.9796141,0.96894854,0.97541845,0.9852948,0.9725504,0.97554654,0.96542925,0.9536457,0.9809766,0.97003555,0.97242016,0.97185993,0.97428906,0.96721166,0.9611556,0.9766162,0.7307232,0.97015804,0.93282306,0.95751584,0.97328,0.982462,0.9585312,0.9776634,0.99094313,0.9706427,0.9669448,0.96875674,0.9624491,0.979678,0.97109884,0.9720022,0.9597565,0.97293824,0.93636215,0.9634787,0.9575082,0.9789641,0.9645247,0.96773726,0.97553086,0.973338,0.9619388,0.9782349,0.9589896,0.98838305,0.975971,0.9653449,0.95228696,0.9617573,0.96544677,0.96595025,0.96462625,0.9734015,0.96848816,0.9876755,0.97180223,0.9708708,0.95918167,0.95906454,0.9753047,0.96390045,0.98209965,0.97674686,0.9632183,0.98838305,0.9765089,0.98267853,0.9799363,0.9711786
aftermovie,0.9751366,0.94655687,0.9765219,0.96555793,0.95997334,0.9701164,0.9727384,1.0000001,0.98296607,0.9484337,0.97237,0.9504525,0.95658153,0.9683684,0.9685795,0.95501417,0.9728376,0.95425534,0.96897566,0.966244,0.96926063,0.96950066,0.9648551,0.96883506,0.9753848,0.8626671,0.9604324,0.95845246,0.97374445,0.97266895,0.964823,0.96388656,0.9602513,0.98507357,0.92946166,0.92265135,0.97831935,0.9505865,0.96648693,0.9740633,0.9457644,0.9717396,0.95481163,0.97346973,0.96498,0.97316635,0.9654447,0.9425823,0.94478756,0.9714079,0.97842497,0.9708947,0.97382,0.95986295,0.9496744,0.94812983,0.946361,0.95806265,0.9728849,0.9723839,0.9632528,0.9585693,0.9655782,0.9570879,0.9706288,0.9523925,0.9565422,0.9625933,0.96545833,0.94775736,0.97599274,0.5625752,0.95570236,0.9630856,0.94743574,0.9606413,0.9252914,0.95434964,0.9537495,0.95321095,0.9621575,0.96430355,0.9665151,0.947307,0.97461873,0.9659879,0.9553654,0.9685813,0.96603185,0.97178173,0.9614198,0.97599274,0.9694422,0.9458341,0.9794255,0.97710973,0.97423404,0.956077,0.9696851,0.9683883,0.9724343,0.97280174,0.97251624,0.97895855,0.9579518,0.9726105,0.9736012,0.96425205,0.95694435,0.9596207,0.9581969,0.67030716,0.95928895,0.9213169,0.9516345,0.9677061,0.9791756,0.9583504,0.96739197,0.966724,0.9567392,0.96293813,0.96742606,0.9740865,0.976983,0.96198493,0.95798326,0.96829766,0.96588933,0.9392837,0.95375156,0.95949495,0.9721733,0.95886195,0.9627577,0.97187996,0.98045385,0.9673192,0.97340614,0.9643406,0.98296607,0.98157716,0.95530725,0.9487285,0.94956285,0.9550903,0.9660676,0.9446943,0.96239585,0.98154026,0.966083,0.9668833,0.97199214,0.9479525,0.96751595,0.9663122,0.9652426,0.9747098,0.9716981,0.94490284,0.98296607,0.9647069,0.9745129,0.9789475,0.96715033
ahiddenlifefilm,0.9858708,0.9791437,0.98602885,0.97477776,0.980732,0.9703436,0.98838305,0.98296607,0.9999998,0.95906544,0.98179054,0.96604663,0.97726154,0.987815,0.98444813,0.97831154,0.9790379,0.9694953,0.9831506,0.98649037,0.9805547,0.9760158,0.9876746,0.9817943,0.97979945,0.868553,0.97961885,0.97585434,0.9803206,0.98290676,0.9819455,0.9844659,0.96058154,0.9834479,0.9602155,0.94144493,0.9853439,0.97833246,0.9864958,0.98334044,0.9616356,0.98547775,0.9691669,0.98581964,0.9757967,0.9849254,0.9882355,0.9780811,0.968527,0.9869222,0.98361987,0.9864575,0.9764404,0.9692873,0.9640879,0.97009313,0.9738457,0.9851182,0.9876651,0.9876921,0.97221607,0.97341585,0.9787083,0.9807651,0.987019,0.97946846,0.9787476,0.98047054,0.96922493,0.9738433,0.98887247,0.57178503,0.97730935,0.97907096,0.9554838,0.9660671,0.9384789,0.9749207,0.9763015,0.98681325,0.98369163,0.9817973,0.98274773,0.96569884,0.97993904,0.98539954,0.97353625,0.9795974,0.9866039,0.9873009,0.9789962,0.98887247,0.98193336,0.97692794,0.9842745,0.9835526,0.98402995,0.9787483,0.9812687,0.9851771,0.98163897,0.9729755,0.96783453,0.98724604,0.97487926,0.9825545,0.977379,0.98568845,0.973648,0.97319025,0.98530895,0.7087538,0.98360837,0.94142455,0.9736864,0.97500515,0.9886539,0.9691722,0.9843932,0.97732073,0.97645724,0.98457247,0.98710126,0.96926725,0.9829464,0.98367065,0.98090535,0.9781364,0.98739445,0.9505231,0.9805626,0.9699073,0.98334914,0.9673783,0.98614794,0.98170286,0.9842032,0.97112584,0.98244256,0.9708753,0.9999998,0.9849282,0.9741855,0.9692907,0.9715443,0.98034006,0.97562915,0.97083163,0.9823015,0.98041934,0.98574144,0.9865238,0.9801166,0.9585421,0.9711348,0.9763022,0.9790957,0.9885325,0.9917387,0.9788184,0.9999998,0.98198706,0.9899659,0.9881661,0.98048604
alitamovie,0.95255524,0.93066007,0.94852436,0.9210259,0.96362454,0.943506,0.9583666,0.9484337,0.95906544,1.0,0.93111116,0.9139161,0.9361201,0.949547,0.962834,0.92352617,0.95073503,0.9517617,0.94062895,0.9621551,0.9351836,0.93221056,0.939017,0.94794655,0.93138176,0.8123091,0.92790383,0.93489337,0.9439465,0.94204783,0.92496157,0.9473442,0.95018905,0.94805586,0.9035939,0.8831757,0.9162068,0.93312216,0.92622817,0.9402702,0.90346265,0.9325085,0.9256277,0.9428846,0.9289748,0.9494562,0.93824637,0.9212645,0.93852985,0.94121826,0.9337522,0.9340221,0.92901915,0.9349029,0.91852415,0.9498105,0.9304091,0.9392757,0.9291108,0.9572439,0.9380923,0.92075336,0.92025244,0.93749565,0.94067234,0.9147988,0.9394973,0.93498605,0.94978464,0.9460053,0.95903504,0.6028544,0.9380557,0.936288,0.8975589,0.93774366,0.8912109,0.95363504,0.9267885,0.93777776,0.93724465,0.9398148,0.9279471,0.9275746,0.93187904,0.9390582,0.9428231,0.94430494,0.94267637,0.9515431,0.9543434,0.95903504,0.9405996,0.9223708,0.92692864,0.94930786,0.9372919,0.9472349,0.9459245,0.93339115,0.9364518,0.9311193,0.9447641,0.9516246,0.96151334,0.9295168,0.9306598,0.9309403,0.9337534,0.90939736,0.9465142,0.73013073,0.9409415,0.8881117,0.92725027,0.96256316,0.9594705,0.91045976,0.9484321,0.9423372,0.9396105,0.94570786,0.9474603,0.92892265,0.9374793,0.92730016,0.93418,0.92393285,0.9337223,0.91769344,0.9380828,0.95279294,0.9460929,0.9281438,0.9432129,0.9486865,0.95312274,0.94682074,0.95154583,0.94503975,0.95906544,0.9479709,0.951941,0.9243098,0.926913,0.9367733,0.91543305,0.91072476,0.9275487,0.9582934,0.9372698,0.9332237,0.9470937,0.9385035,0.93688047,0.928406,0.9535675,0.95421803,0.9457761,0.9362174,0.95906544,0.9504735,0.9544518,0.9484025,0.92468905
angelhasfallen,0.9687704,0.96224004,0.9717672,0.9657474,0.95514125,0.96139425,0.9763587,0.97237,0.98179054,0.93111116,0.9999999,0.9620336,0.96341556,0.9704707,0.9607467,0.9643801,0.96260005,0.938183,0.96683174,0.96527874,0.9740538,0.9656602,0.9675503,0.9625222,0.96821016,0.8453141,0.96962345,0.96006745,0.97012746,0.96499306,0.9629444,0.9614874,0.9546543,0.9669766,0.95619655,0.9363278,0.9698267,0.9621472,0.97124153,0.96535265,0.94898987,0.9655823,0.95626056,0.9627241,0.9643513,0.9636366,0.96760297,0.9532386,0.9432444,0.96663356,0.9754482,0.96508324,0.9603235,0.95427454,0.9508317,0.95776516,0.9416972,0.96651983,0.96001405,0.96599084,0.9682517,0.9509923,0.9584859,0.9703465,0.9721133,0.9785514,0.96930295,0.96073115,0.95808136,0.9628594,0.96989375,0.58375996,0.9653192,0.96466094,0.96481174,0.95135313,0.93618953,0.95971745,0.95017594,0.9674589,0.9785465,0.9799691,0.97545224,0.93543434,0.97513413,0.9577885,0.96401757,0.9550582,0.9687264,0.96911615,0.96363753,0.96989375,0.9667859,0.9551908,0.9736607,0.9734325,0.9716746,0.9650172,0.9704142,0.97150147,0.9622546,0.96993303,0.94396996,0.9729929,0.9622825,0.97154087,0.96445334,0.9695068,0.94812846,0.9648022,0.96412,0.7066265,0.97191197,0.9376289,0.96266884,0.96747774,0.97149104,0.96225584,0.96628666,0.968058,0.96495384,0.9629311,0.9659852,0.96889174,0.9642862,0.963879,0.95725197,0.9666572,0.96401376,0.94353074,0.9650689,0.95238405,0.96273386,0.9516593,0.97706753,0.9618061,0.97005165,0.9493663,0.9673673,0.9568329,0.98179054,0.9694038,0.94991237,0.9644407,0.96274185,0.95421106,0.96350163,0.96147925,0.9765549,0.96494204,0.98025745,0.96416193,0.96144515,0.9332596,0.9495768,0.96443915,0.95155376,0.97802186,0.9730069,0.95597684,0.98179054,0.9670314,0.9671059,0.97613025,0.9714367
angrybirdsmovie,0.94697267,0.949202,0.9600903,0.9588219,0.94396937,0.9571868,0.96278685,0.9504525,0.96604663,0.9139161,0.9620336,1.0,0.9400528,0.9558808,0.9403578,0.951956,0.9411445,0.9268032,0.94817656,0.9437242,0.9434161,0.95708525,0.96683687,0.9519625,0.94623363,0.82377034,0.9527309,0.95415324,0.9691038,0.9583125,0.9468563,0.9460969,0.9164141,0.9634692,0.94400716,0.93435293,0.94686526,0.93198794,0.9686082,0.9578149,0.944919,0.9533758,0.94476795,0.955155,0.95684856,0.95065475,0.95877194,0.9650211,0.96741813,0.95377654,0.9765162,0.95483583,0.96070004,0.9348937,0.92795414,0.9535186,0.94110626,0.9519703,0.9567517,0.94564897,0.94608676,0.92839897,0.94555837,0.94964767,0.95857656,0.96530807,0.96790534,0.95740014,0.93234956,0.9532919,0.95383507,0.6013388,0.95766103,0.96663827,0.9681365,0.94493777,0.92655534,0.93542135,0.94079167,0.95841026,0.9724324,0.961161,0.96819633,0.9212398,0.9595273,0.934325,0.92810345,0.9483085,0.94720423,0.9632621,0.96086687,0.95383507,0.9641628,0.93733793,0.96166724,0.964707,0.9439671,0.9413975,0.97697324,0.9613395,0.9352577,0.95232666,0.9418018,0.9594657,0.95039433,0.97568053,0.95207924,0.9631716,0.9534574,0.95646393,0.95223385,0.7247094,0.9626264,0.93980503,0.95170945,0.9313988,0.95119095,0.9572378,0.9611461,0.95479,0.9567773,0.95063055,0.95413226,0.9555482,0.95670897,0.95313674,0.9504754,0.96068126,0.9658911,0.92623883,0.9471049,0.92321074,0.9429802,0.924844,0.9623672,0.9449234,0.95409656,0.9294389,0.95682,0.93054426,0.96604663,0.94731194,0.9281482,0.95258445,0.95266247,0.9436156,0.9566923,0.94959515,0.95870626,0.9400452,0.94875896,0.9545638,0.9422547,0.9408892,0.9474926,0.9470956,0.94172806,0.96698874,0.9617977,0.9426611,0.96604663,0.9495413,0.9580926,0.97394484,0.9706901
annabellemovie,0.96930754,0.9572792,0.9539651,0.95143604,0.9514665,0.9467488,0.9713808,0.95658153,0.97726154,0.9361201,0.96341556,0.9400528,1.0000001,0.96487474,0.96654767,0.9524965,0.95102227,0.9409012,0.9642882,0.96537226,0.96476084,0.9438362,0.9625788,0.96287847,0.9579934,0.8503233,0.9543138,0.9610956,0.9534117,0.9699176,0.9615049,0.96324164,0.9276795,0.95749795,0.9512004,0.92349154,0.9682823,0.9627985,0.9595145,0.9664454,0.95226127,0.95936215,0.94884557,0.9565787,0.95168966,0.9569514,0.9646644,0.953425,0.93519056,0.96233577,0.9630532,0.95155525,0.95736986,0.9540061,0.9352266,0.9460578,0.9553029,0.95970875,0.97141385,0.97475785,0.97604614,0.96160465,0.9416788,0.97384083,0.9533605,0.95730895,0.96518236,0.9494804,0.94254977,0.96351004,0.96486175,0.58994097,0.96214783,0.9601552,0.92434675,0.9326235,0.9119395,0.9499188,0.96231693,0.96545595,0.96395963,0.9701548,0.97053826,0.93340105,0.96098477,0.9715903,0.9607581,0.9786673,0.9688573,0.972501,0.96123004,0.96486175,0.9494308,0.9642977,0.96727365,0.96277595,0.9577638,0.9705177,0.9566966,0.96342766,0.9614139,0.9467654,0.93184704,0.9657901,0.9458391,0.96511304,0.9524143,0.9691052,0.9426946,0.9413612,0.9707617,0.7118857,0.9583723,0.947946,0.95030963,0.9546921,0.9694035,0.9423542,0.964076,0.9626533,0.9665605,0.9625326,0.9608725,0.9453639,0.95798224,0.9674812,0.9709277,0.9590973,0.9699141,0.9351608,0.960778,0.95104253,0.9593641,0.9346622,0.9563735,0.9741462,0.9626751,0.9378733,0.95626915,0.92963916,0.97726154,0.9626216,0.937596,0.95738035,0.9588222,0.9557708,0.95958024,0.9565585,0.9704617,0.96772283,0.9689318,0.9559525,0.95537025,0.95485705,0.9276837,0.9479424,0.94676626,0.97016656,0.97259974,0.94835216,0.97726154,0.9661322,0.96879566,0.95543766,0.9603761
annamovie,0.9787702,0.97422206,0.9746833,0.9623123,0.98002297,0.9572234,0.9802823,0.9683684,0.987815,0.949547,0.9704707,0.9558808,0.96487474,1.0,0.97357756,0.97525156,0.96317554,0.96874356,0.9729678,0.9805376,0.9630816,0.9674651,0.96669465,0.9680965,0.9630762,0.87219924,0.96765804,0.9641503,0.96457535,0.9736049,0.97533715,0.9760573,0.95147115,0.97162855,0.9447547,0.91112757,0.967558,0.9747788,0.97336704,0.97556496,0.9488952,0.9691079,0.9568818,0.9687544,0.96042633,0.9792447,0.9713742,0.9647835,0.94996977,0.9673805,0.9708494,0.96901524,0.9586153,0.9564692,0.95797956,0.96384764,0.9605207,0.9800945,0.97594357,0.97537273,0.9594008,0.9635292,0.9573367,0.977514,0.96760297,0.96076125,0.9722212,0.9624278,0.96817654,0.9593129,0.9770988,0.585654,0.974897,0.97166824,0.93748176,0.95732087,0.9176751,0.9603733,0.9734142,0.97664464,0.96808565,0.96916837,0.9722748,0.96317464,0.9653507,0.9660158,0.96098214,0.96679044,0.9728828,0.9693484,0.9696766,0.9770988,0.97182,0.9634993,0.971839,0.97082615,0.96793413,0.9723156,0.9759314,0.97272694,0.97046363,0.9586193,0.9598105,0.9773712,0.97688836,0.96784896,0.96470094,0.9773662,0.9652985,0.9633122,0.9733805,0.69382185,0.9812383,0.9214222,0.9641666,0.96885973,0.9806047,0.9525527,0.9714595,0.9665759,0.96836025,0.97908676,0.98218906,0.9535869,0.97244316,0.97117025,0.9677956,0.9683958,0.9752585,0.9412567,0.9679413,0.9625573,0.96607786,0.9542521,0.9761434,0.97201115,0.96635276,0.95737684,0.96647775,0.9671843,0.987815,0.9692832,0.97029406,0.9528158,0.95401824,0.9659349,0.953251,0.9492554,0.9699184,0.96631247,0.9782823,0.9770701,0.9666368,0.94445056,0.9495054,0.9636929,0.9729874,0.97443146,0.9792524,0.9790998,0.987815,0.97701603,0.97926813,0.97241986,0.97814995
apollo11movie,0.9699005,0.9675631,0.96282876,0.95196277,0.9651534,0.9480786,0.9751036,0.9685795,0.98444813,0.962834,0.9607467,0.9403578,0.96654767,0.97357756,0.99999994,0.9626952,0.95475644,0.9565641,0.9648063,0.98680127,0.95840377,0.9565004,0.96717036,0.9651865,0.95721304,0.8495751,0.9586989,0.95463705,0.9610545,0.97281355,0.9629397,0.9720878,0.95471007,0.9672505,0.9408956,0.9342853,0.9696602,0.960204,0.9579777,0.9622542,0.9362986,0.96258754,0.9433592,0.96551234,0.9534132,0.9767742,0.96848434,0.9546088,0.9553213,0.9669737,0.9592813,0.9639021,0.9527571,0.9597605,0.95194215,0.95799273,0.9635919,0.96803296,0.9666224,0.9838318,0.9644631,0.9540131,0.9591585,0.9604565,0.9718127,0.95012313,0.959652,0.9696162,0.9613162,0.956942,0.9776266,0.57101613,0.97223264,0.9660603,0.9215079,0.949707,0.90978986,0.9661029,0.96513146,0.9649922,0.9590876,0.96013874,0.95218813,0.9456634,0.9591505,0.9736684,0.9676233,0.969935,0.97121006,0.9721119,0.9671488,0.9776266,0.9652258,0.95472217,0.9654902,0.9760211,0.9671522,0.9612979,0.9620935,0.9639391,0.98101556,0.9561184,0.9539879,0.9758987,0.95881975,0.9611583,0.9539559,0.96164507,0.958016,0.94449294,0.9798997,0.72843444,0.9665792,0.9193097,0.94850314,0.9603832,0.97150874,0.93566906,0.9744016,0.9629714,0.9593711,0.9706054,0.97450054,0.95080805,0.9645012,0.96830374,0.97013223,0.95382917,0.9679028,0.9344408,0.96316975,0.9641172,0.9643557,0.9510339,0.9638672,0.9764866,0.96275747,0.9595991,0.9644216,0.9584912,0.98444813,0.9695106,0.9746828,0.948257,0.9539919,0.95849955,0.95476806,0.95210165,0.95439017,0.96505576,0.9692801,0.96440315,0.9771277,0.9393387,0.96085554,0.9581868,0.9665399,0.97883177,0.9759458,0.9644776,0.98444813,0.961066,0.9778947,0.9692743,0.9536842
arcticdogsmovie,0.9709722,0.96363455,0.9711736,0.95754147,0.95705783,0.9453676,0.9675081,0.95501417,0.97831154,0.92352617,0.9643801,0.951956,0.9524965,0.97525156,0.9626952,0.9999999,0.9575941,0.9491912,0.97127277,0.9659838,0.95211595,0.96070576,0.97134554,0.96337694,0.95123124,0.8602959,0.97384316,0.9578603,0.9628179,0.9514938,0.9665865,0.96761435,0.92493623,0.96170616,0.9457305,0.9135839,0.96727556,0.97001505,0.9748774,0.9647691,0.9534643,0.95929796,0.94742435,0.96131384,0.94795024,0.9692529,0.97428286,0.9700708,0.94063383,0.96163696,0.96273535,0.96664083,0.94710594,0.9498845,0.9568157,0.9476092,0.95608693,0.9638558,0.96369517,0.9655523,0.9519005,0.9545114,0.9460366,0.95619863,0.9685002,0.96139884,0.9613484,0.96353865,0.93888915,0.9520023,0.9639068,0.5225301,0.9614023,0.96993935,0.94804955,0.94609046,0.9208292,0.9413357,0.953758,0.96925545,0.96070987,0.957316,0.96663505,0.9470675,0.95801634,0.958337,0.9374326,0.9501406,0.9629411,0.9585739,0.95406526,0.9639068,0.9674266,0.9638744,0.9733169,0.95967555,0.95019054,0.9624321,0.96161824,0.98004085,0.96289414,0.9364479,0.93527424,0.9668646,0.95597786,0.9654462,0.9570787,0.9773956,0.9508664,0.9614042,0.96488005,0.6746171,0.9740674,0.92631763,0.9597821,0.9428519,0.9665777,0.95692766,0.957162,0.95205134,0.9502222,0.96774125,0.9764396,0.9453647,0.96772814,0.96269834,0.961857,0.9692235,0.9689421,0.9324984,0.9592597,0.93786424,0.96424013,0.94691765,0.9623156,0.9488412,0.9602423,0.9522148,0.9612725,0.9585636,0.97831154,0.96025854,0.95932794,0.9455908,0.9583359,0.9680161,0.95823854,0.9482891,0.9656836,0.9454945,0.97098356,0.9690649,0.95754313,0.92260057,0.9408127,0.9523173,0.963764,0.96902126,0.96979606,0.96919817,0.97831154,0.95877904,0.96135587,0.96467954,0.97331464
arcticmovie,0.97115636,0.9524107,0.969327,0.94977343,0.96377593,0.955156,0.97454476,0.9728376,0.9790379,0.95073503,0.96260005,0.9411445,0.95102227,0.96317554,0.95475644,0.9575941,0.99999994,0.95033616,0.9695981,0.9578364,0.9616484,0.95575136,0.96747255,0.9651546,0.9672533,0.8554418,0.96301407,0.97355926,0.96606994,0.9549885,0.9560487,0.9613925,0.94682986,0.96660304,0.9311168,0.90129757,0.96226394,0.95443416,0.9716324,0.9654561,0.9312191,0.9682042,0.9417384,0.97074443,0.95897835,0.9574735,0.9700096,0.9490068,0.94882554,0.96726674,0.96180475,0.9695171,0.94620115,0.94890916,0.93920624,0.95284563,0.9596466,0.96018606,0.96131665,0.9702354,0.94959134,0.951832,0.9498608,0.95188266,0.96966934,0.964446,0.95710766,0.96240807,0.9488504,0.9534391,0.97815496,0.56273556,0.95007277,0.9588364,0.9382379,0.9555203,0.9286596,0.9567822,0.9396815,0.95858884,0.97119534,0.9662995,0.9610473,0.9520135,0.9494243,0.9619561,0.9359355,0.96370584,0.9582318,0.9630861,0.9614132,0.97815496,0.96353865,0.95412594,0.9673885,0.9691436,0.95813036,0.95510876,0.9657402,0.97126895,0.94985443,0.9496109,0.9454523,0.97451556,0.95930415,0.9565611,0.9691386,0.9610613,0.95047283,0.95953995,0.95211744,0.6830072,0.95587826,0.9092257,0.96202415,0.95950866,0.9712725,0.9593878,0.9644338,0.9665548,0.94896364,0.9581685,0.9642058,0.95520115,0.97374094,0.95157313,0.9604283,0.95475876,0.9676788,0.9368326,0.95412934,0.9471226,0.979957,0.965127,0.96218586,0.9639651,0.9726583,0.966271,0.9775376,0.9481073,0.9790379,0.964128,0.9481126,0.9393692,0.9544013,0.9653405,0.9520652,0.94681287,0.96582216,0.9668748,0.96515995,0.96429783,0.95147306,0.95617616,0.95181715,0.97365886,0.9588191,0.9662604,0.9638153,0.94150704,0.9790379,0.9655772,0.9698917,0.9707216,0.9558324
artofracingmovie,0.9569366,0.94972754,0.9557763,0.9345406,0.9859124,0.94777435,0.96409917,0.95425534,0.9694953,0.9517617,0.938183,0.9268032,0.9409012,0.96874356,0.9565641,0.9491912,0.95033616,0.9999999,0.9545534,0.9664119,0.9446644,0.94166684,0.958172,0.9634689,0.9385616,0.8752652,0.9502781,0.9361546,0.9502964,0.95392215,0.95007795,0.9447442,0.9410678,0.9546272,0.9120673,0.8902472,0.94411904,0.95526206,0.95105994,0.94277805,0.94350046,0.95120656,0.9440275,0.95495605,0.9271224,0.96714765,0.9577591,0.9428176,0.9288637,0.95585054,0.9497919,0.9440476,0.9448198,0.93794245,0.9498205,0.9692361,0.9550767,0.9439138,0.95539993,0.9595254,0.94748646,0.94270223,0.93822736,0.95253134,0.94848585,0.93030536,0.9437839,0.9416075,0.96152604,0.9374668,0.96500206,0.5419572,0.96003073,0.95050967,0.9028304,0.93737006,0.89463186,0.94739103,0.9616964,0.9486023,0.95173305,0.9419897,0.9579728,0.95432806,0.94155335,0.96026564,0.9484901,0.943721,0.9608856,0.9553638,0.95418483,0.96500206,0.9456584,0.9574185,0.9428217,0.9548261,0.95971894,0.9574636,0.9462387,0.95355994,0.96301347,0.93401325,0.9490607,0.9501608,0.959565,0.9495988,0.95520866,0.9577463,0.9576563,0.9227479,0.9609085,0.71029437,0.95388734,0.9125293,0.9334426,0.95931464,0.96456504,0.9242741,0.9604827,0.94232,0.96821296,0.95421934,0.96305466,0.94171876,0.94904685,0.9528038,0.94609743,0.93843395,0.95911217,0.9019619,0.94653934,0.9661315,0.9488203,0.92373705,0.9438734,0.9580662,0.9551808,0.9396665,0.95268625,0.96086264,0.9694953,0.95356417,0.95201856,0.94503754,0.94675636,0.9496375,0.93307817,0.9205154,0.9511659,0.9616447,0.9474819,0.96021134,0.9539073,0.9317061,0.9330356,0.9391238,0.96495444,0.96110207,0.96253663,0.95828456,0.9694953,0.9453579,0.9631295,0.9557239,0.9493945
avengers,0.98284876,0.95487183,0.96885717,0.9452003,0.95948,0.9587156,0.9809275,0.96897566,0.9831506,0.94062895,0.96683174,0.94817656,0.9642882,0.9729678,0.9648063,0.97127277,0.9695981,0.9545534,1.0,0.97239894,0.9709584,0.9525774,0.9716863,0.9665146,0.9638031,0.87514836,0.9708159,0.97071177,0.9565596,0.96087545,0.98881394,0.9800563,0.9453172,0.96605515,0.9398807,0.90860975,0.97160566,0.96919703,0.97732073,0.97070915,0.94817233,0.97282094,0.9667095,0.9805848,0.9586057,0.9745973,0.97186923,0.96499604,0.9560939,0.9773616,0.9660329,0.97543114,0.9549631,0.9610916,0.94132066,0.9435558,0.9683952,0.9681647,0.96826595,0.9683284,0.95190316,0.9649804,0.95438164,0.97222334,0.9710983,0.9633482,0.9649177,0.9685392,0.94721115,0.9607422,0.97361463,0.518126,0.9594789,0.9719234,0.9403135,0.94794637,0.93115413,0.95200086,0.96729654,0.9695746,0.96666455,0.9626038,0.96536934,0.9534581,0.96438754,0.9705184,0.94532186,0.9637256,0.97350204,0.9686489,0.96042854,0.97361463,0.9601599,0.96880907,0.9720416,0.9706578,0.95613974,0.9685031,0.9649745,0.9777512,0.97402805,0.9500739,0.9423488,0.9772468,0.9496288,0.9642502,0.96199924,0.9787399,0.9683447,0.9619305,0.9701662,0.65702105,0.9689734,0.9014581,0.9653568,0.95766926,0.9792789,0.95732975,0.9611726,0.9759178,0.95752376,0.96647084,0.97412646,0.9613052,0.9760555,0.9647195,0.9675459,0.9683474,0.97282207,0.94390273,0.9654636,0.95065045,0.97462463,0.95982397,0.9627169,0.960856,0.9677905,0.9512374,0.97383684,0.95860785,0.9831506,0.9662393,0.9692317,0.9541277,0.94580305,0.9599075,0.9569542,0.9644842,0.97778237,0.9689224,0.9794795,0.9675675,0.96700054,0.9498265,0.9548628,0.9639546,0.9674997,0.9625495,0.9788966,0.9654172,0.9831506,0.974356,0.96900713,0.97377783,0.9683458
beachbummovie,0.9757623,0.96917707,0.97355056,0.9613916,0.9759687,0.95085436,0.97813654,0.966244,0.98649037,0.9621551,0.96527874,0.9437242,0.96537226,0.9805376,0.98680127,0.9659838,0.9578364,0.9664119,0.97239894,0.99999976,0.9637983,0.9596317,0.9670115,0.97027785,0.9629351,0.8749086,0.96496826,0.9581253,0.9662453,0.978249,0.9714949,0.9800504,0.9608202,0.96460223,0.9388453,0.9195991,0.9676547,0.97190404,0.9607531,0.9688446,0.9530378,0.97203267,0.9631647,0.97422034,0.9567126,0.9824555,0.9676719,0.9577347,0.95196176,0.97741604,0.9668626,0.9674307,0.95383793,0.95874935,0.9625014,0.95980287,0.9588395,0.976496,0.97259116,0.9778518,0.961023,0.96647924,0.9618361,0.9709239,0.9701074,0.96134335,0.9683679,0.9663993,0.9623756,0.9663077,0.9787785,0.5802019,0.9721134,0.9635725,0.9277907,0.9506043,0.9231678,0.9631554,0.9706616,0.97011256,0.9644847,0.9631339,0.9647328,0.94933474,0.9631306,0.97067034,0.9705394,0.9612324,0.9763083,0.97611904,0.9712268,0.9787785,0.965246,0.9701648,0.9680986,0.97209907,0.96623623,0.98257923,0.96717894,0.96818244,0.9765263,0.95643544,0.9642258,0.9777329,0.9676754,0.96594113,0.95562863,0.96811336,0.9620091,0.9546536,0.976932,0.72020483,0.975106,0.92255056,0.9612515,0.9623796,0.97698414,0.9406829,0.9723899,0.9630931,0.96747684,0.97584844,0.976951,0.95360947,0.9653265,0.97298294,0.9636538,0.95780975,0.96467423,0.9431175,0.9667367,0.96160984,0.9651664,0.9540435,0.9771561,0.98147434,0.9716895,0.9527559,0.9672977,0.9671698,0.98649037,0.9731978,0.9758863,0.9518678,0.9551529,0.9733703,0.9569168,0.9521102,0.96419924,0.9744213,0.97319937,0.9742603,0.9702353,0.9489636,0.95781744,0.9562801,0.96448255,0.97432196,0.9830239,0.9784258,0.98649037,0.9680716,0.97860867,0.97130954,0.9661741
bernadettefilm,0.96491283,0.9469564,0.9693675,0.9620269,0.9604432,0.9472225,0.96643394,0.96926063,0.9805547,0.9351836,0.9740538,0.9434161,0.96476084,0.9630816,0.95840377,0.95211595,0.9616484,0.9446644,0.9709584,0.9637983,0.9999999,0.9542863,0.95894414,0.96032274,0.974419,0.8651535,0.9679037,0.9567707,0.96518666,0.9607329,0.96959406,0.9666644,0.9409684,0.9701388,0.9591523,0.9306491,0.9703149,0.95802635,0.9644067,0.9649012,0.9447996,0.9730764,0.96644175,0.9721445,0.9680007,0.97065,0.9642018,0.9518753,0.94438183,0.9763772,0.9671581,0.96941894,0.95230937,0.9469485,0.9471893,0.9494496,0.94959384,0.96889347,0.9712512,0.97274286,0.95513684,0.9618794,0.9591771,0.97315264,0.96995574,0.96966493,0.9668181,0.9552748,0.9500328,0.9635067,0.9708269,0.5671152,0.962835,0.9595203,0.9397492,0.9429013,0.9371969,0.96512955,0.9577406,0.96678746,0.96535563,0.9684632,0.9707011,0.9420121,0.9733896,0.9705794,0.9688484,0.96264625,0.9807349,0.97316206,0.9657886,0.9708269,0.96551335,0.9623118,0.9686405,0.96526027,0.9576796,0.96936303,0.95644677,0.96502274,0.9703883,0.9474082,0.9367326,0.97316176,0.94415265,0.9616278,0.96129346,0.970091,0.9580228,0.95351195,0.96596193,0.692164,0.96874636,0.93480074,0.9743975,0.95211476,0.9672527,0.9461513,0.9588231,0.95680773,0.96407825,0.96247286,0.9673002,0.958755,0.9583152,0.95724523,0.9650585,0.9626115,0.9678324,0.95258766,0.98401886,0.9631087,0.9634372,0.94603395,0.9747395,0.9631745,0.96756124,0.9419538,0.96713823,0.95811963,0.9805547,0.9644021,0.95298606,0.9596605,0.9626128,0.95643866,0.9573471,0.964798,0.97239846,0.97657794,0.9655371,0.9653967,0.9643546,0.9417767,0.9403449,0.9569815,0.9453249,0.9694808,0.9816837,0.96129626,0.9805547,0.9724145,0.9710799,0.96261334,0.96678764
