movie,21bridgesmovie,47metersdown,abeautifuldaymovie,abominablemovie,adastramovie,adogsjourneymovie,aftermathmovie,aftermovie,ahiddenlifefilm,alitamovie,angelhasfallen,angrybirdsmovie,annabellemovie,annamovie,apollo11movie,arcticdogsmovie,arcticmovie,artofracingmovie,avengers,beachbummovie,bernadettefilm,blackandbluemovie,blackchristmas,blindedbythelightmovie,bombshellmovie,booksmart,breakthroughmovie,brianbanksmovie,brightburnmovie,brittanyrunsmov,captainmarvelofficial,captivestatemovie,catsmovie,charliesangels,childsplaymovie,clarathefilm,coldpursuitmovie,countdown,currentwarmovie,darkwatersmovie,detectivepikachumovie,disneyaladdin,disneyfrozen,disneymaleficent,doctorsleepmovie,dolemiteismyname,dontletgomovie,doramovie,downtonabbey_official,dumbo,escaperoom,everybodyknowsmovie,fastandfuriousmovie,fightingwmyfam,fivefeetapartfilm,fordvferrari,freaksthefilm,geminimanmovie,glassmovie,gloriabellmovie,godzillamovie,goldfinchmovie,goodboysmovie,goodliarmovie,gretafilm,halathemovie,happydeathdaymovie,harrietfilm,hellboymovie,hersmellmovie,highlifemovie,highstrungmovie,honeyboymovie,hotelmumbaifilm,httydragon,hustlemovie,hustlersmovie,isntitromantic,itmovieofficial,jayandsilentbob,johnwickmovie,jojorabbitmovie,jokermovie,judythefilm,jumanjimovie,justmercyfilm,knivesout,lalloronamovie,lastblackmansf,lastchristmasthemovie,latenightmovie,lighthousemovie,lionking,littlethemovie,littlewomenmovie,littlewoodsfilm,longshotmovie,lordsofchaosmovie,lucyintheskyfilm,mamovie2019,marriagestory,meettheaddams,meninblack,midsommarmovie,midwaymovie,missbalamovie,missinglinkfilm,motherlessbklyn,onceinhollywood,onthebasisofsex,overcomermovie,peanutbutterfalcon,petsematarymovie,piercingmovie,playingwithfire,playmobilthemovie,pomsmovie,queenandslim,rambomovie,readyornotfilm,richardjewellfilm,rocketmanmovie,scarystoriesmovie,secretlifeofpets,serenityfilm,shaftmovie,shazammovie,spidermanmovie,spiesindisguise,starwars,stormboymovie,stubermovie,taosdfilm,teenspiritmov,terminator,theaeronautsmov,thebestofenemies,thedeaddontdie,thefarewell,thehighwaymen,thehummingbirdprojectfilm,theintrudermovie,theirishmanfilm,thekitchenmovie,thelegomovie,themustangfilm,thenightingalefilm,theprodigymovie,thesunisalsoastar,theupsidefilm,tolkienmovie,toystory,triplefrontier,uglydolls,uncutgems,underthesilverlake,usmovie,wavesmovie,whatmenwant,wonderparkmovie,wrinklestheclown,xmenmovies,yardiefilm,yesterdaymovie,zombieland
21bridgesmovie,0.9999999,0.9867137,0.9867054,0.97039557,0.97504085,0.9896552,0.9883333,0.98849964,0.99312466,0.97142917,0.9883878,0.98111594,0.98524433,0.9849916,0.98403174,0.9914687,0.9870921,0.9834996,0.990411,0.9743613,0.98452145,0.98284143,0.9873625,0.9925577,0.9772734,0.74264383,0.9701043,0.98389137,0.9880916,0.9731362,0.9867512,0.9719597,0.9808464,0.97666484,0.96150815,0.9674461,0.99153066,0.9872566,0.9803478,0.9660749,0.9703358,0.9900381,0.98453003,0.99317837,0.98079395,0.99131334,0.9830085,0.9842305,0.97778934,0.9915107,0.9868121,0.9822276,0.98440564,0.98768514,0.98617274,0.98562235,0.97676456,0.9878131,0.98091185,0.98470885,0.97295153,0.9758321,0.9775969,0.97623515,0.9798454,0.9811811,0.98280877,0.97396696,0.986345,0.9749662,0.9850983,0.389323,0.9345835,0.9872753,0.97252846,0.963678,0.96015173,0.9763363,0.977116,0.9800257,0.97691876,0.99017334,0.9853444,0.9768268,0.9823479,0.9840427,0.9869639,0.98671156,0.98018193,0.98856086,0.9739183,0.9850983,0.977202,0.98238754,0.9922542,0.9762485,0.98610854,0.9817162,0.98694235,0.9725733,0.9904026,0.9863797,0.9787154,0.98687595,0.97620624,0.9893468,0.986485,0.98058766,0.9867939,0.9539733,0.9879099,0.72937983,0.9875088,0.92570925,0.9861259,0.99041444,0.99722904,0.979464,0.98493063,0.98334974,0.9794633,0.98216206,0.9933286,0.9870428,0.9845813,0.9924378,0.98700804,0.9813149,0.9863141,0.95459765,0.9760549,0.9806923,0.9886886,0.9800521,0.9842158,0.97745967,0.9865945,0.97935957,0.983573,0.9839751,0.99312466,0.9838909,0.9887651,0.97513014,0.97707194,0.97888696,0.9816487,0.9706645,0.9781522,0.98524874,0.9811256,0.98887426,0.9859373,0.98674357,0.97580236,0.9834643,0.98008126,0.98342717,0.99134153,0.98857915,0.99312466,0.9815783,0.9814458,0.9852937,0.98344535
47metersdown,0.9867137,0.9999999,0.9868731,0.9773185,0.9707385,0.98754185,0.98458856,0.978904,0.98949987,0.9721672,0.9870876,0.9801344,0.9866677,0.98167455,0.9845298,0.983192,0.97748774,0.9882325,0.98784095,0.98137015,0.97871155,0.98467356,0.98404753,0.98849785,0.9807944,0.7410649,0.96309423,0.97875243,0.98648787,0.9836472,0.9837183,0.9738246,0.9897214,0.9756486,0.9758154,0.95375866,0.98529583,0.98372674,0.97737134,0.9699805,0.97808564,0.9864993,0.9823526,0.9883459,0.98537934,0.9893611,0.9833813,0.98239875,0.96309257,0.991248,0.99006677,0.97951424,0.9842537,0.98192763,0.9811536,0.9822869,0.9701264,0.9876061,0.9834917,0.97899604,0.9748354,0.97686106,0.9789574,0.98017913,0.9723757,0.9735795,0.977122,0.969958,0.97535855,0.96532077,0.9812767,0.37908515,0.9474838,0.981084,0.9689792,0.97552824,0.9597682,0.97641104,0.9747232,0.97976804,0.98413754,0.98746,0.98540837,0.9770881,0.98749834,0.9855233,0.9921754,0.9857378,0.980467,0.98220533,0.98832816,0.9812767,0.9751646,0.9837988,0.98957807,0.9767343,0.98586434,0.97994477,0.9827718,0.9678969,0.9852811,0.9871945,0.9746329,0.98330855,0.97062147,0.99195296,0.9795325,0.9811382,0.98261386,0.95226914,0.9793073,0.71809673,0.9863478,0.93153363,0.9807175,0.9855205,0.985952,0.97941554,0.9869566,0.9818259,0.98434705,0.9818148,0.9906207,0.98534745,0.98611975,0.98636013,0.98973936,0.9872816,0.9763737,0.9527798,0.9744739,0.97459644,0.9864803,0.976123,0.9834867,0.985718,0.9739883,0.9798743,0.9832673,0.99252963,0.98949987,0.98804414,0.99238306,0.9736205,0.97484,0.98109096,0.9856824,0.97089607,0.97972107,0.97062624,0.9841408,0.9875433,0.98350596,0.9680176,0.97642004,0.9857804,0.9844369,0.9789248,0.9876407,0.9838079,0.98949987,0.97980714,0.98510087,0.9834879,0.9802056
abeautifuldaymovie,0.9867054,0.9868731,0.99999994,0.97440386,0.98434395,0.98642164,0.98476565,0.988277,0.9953742,0.9855204,0.9909927,0.9851051,0.98154294,0.99156034,0.98513013,0.9928786,0.9813022,0.9939319,0.9814759,0.9893223,0.9831621,0.98992383,0.9919929,0.9892033,0.98205113,0.71116805,0.9816043,0.98777986,0.9920867,0.9781541,0.9883607,0.98371494,0.98626196,0.9893007,0.9769987,0.9684542,0.9865401,0.9843726,0.98196054,0.97669715,0.97442347,0.99264777,0.98179805,0.99095345,0.9853674,0.98588663,0.99208236,0.98963976,0.9798606,0.99209034,0.9953216,0.99224716,0.9852163,0.98754597,0.9829491,0.9887227,0.98286825,0.99405676,0.99439657,0.9838203,0.9736256,0.988805,0.98670346,0.98076403,0.9869071,0.9856651,0.98348236,0.9852735,0.97280455,0.98171985,0.98722005,0.33258238,0.9461639,0.99066824,0.97106886,0.9814391,0.9575862,0.9761604,0.98146033,0.9831541,0.9867475,0.9791005,0.9836834,0.97958356,0.99474657,0.978948,0.987574,0.9862384,0.97740316,0.99175334,0.986912,0.98722005,0.9768044,0.9888046,0.9940413,0.98800206,0.97914577,0.992278,0.98668545,0.97854614,0.986178,0.99139816,0.9885725,0.9883303,0.98592573,0.9948207,0.9878436,0.9832345,0.9924238,0.96791744,0.988995,0.699046,0.98927635,0.9468999,0.9806154,0.98743033,0.9911564,0.9819291,0.9909352,0.980632,0.98645437,0.98805916,0.9899486,0.9891582,0.9894452,0.9932461,0.9929013,0.9869213,0.9852268,0.95314574,0.97946805,0.98343354,0.9902602,0.97322744,0.9889048,0.9836859,0.98657966,0.9893781,0.98919666,0.99309194,0.9953742,0.9917159,0.9887406,0.9816134,0.9740666,0.9896896,0.9846389,0.9765374,0.9803463,0.98931503,0.9831811,0.99211085,0.9826992,0.97488683,0.974797,0.9854689,0.98381734,0.98706645,0.9928621,0.98223823,0.9953742,0.98420566,0.98601365,0.99213725,0.993438
abominablemovie,0.97039557,0.9773185,0.97440386,1.0000002,0.97189856,0.9707473,0.9830874,0.9618386,0.9823626,0.9686601,0.97673374,0.9824933,0.9882357,0.9807081,0.9703603,0.97763515,0.9845167,0.9833858,0.9706247,0.97958755,0.97814566,0.9799778,0.98452175,0.9809203,0.97932583,0.70861346,0.96344966,0.97178066,0.9764263,0.9701516,0.96707475,0.9890537,0.9765104,0.9647513,0.9740382,0.9382166,0.97931945,0.97587687,0.9748431,0.9871547,0.9798315,0.97186476,0.9630304,0.97428614,0.9709348,0.9825043,0.98568463,0.9768503,0.96946687,0.974703,0.975149,0.9857711,0.98913693,0.9601863,0.9679422,0.98073715,0.952792,0.9805355,0.97893864,0.9747438,0.9795043,0.9797902,0.9665789,0.981045,0.97780246,0.9649081,0.9775398,0.97477573,0.9605529,0.9633064,0.9774322,0.3153455,0.9284659,0.9734596,0.9712103,0.96705586,0.9508155,0.95835626,0.97089386,0.9735851,0.97153604,0.97504634,0.98083526,0.9847214,0.97702855,0.9682326,0.9794029,0.9824463,0.9741349,0.9797064,0.96930355,0.9774322,0.96168244,0.9727153,0.9698226,0.9698932,0.9692755,0.97096306,0.97982633,0.97829485,0.9766963,0.9802113,0.9675839,0.9760141,0.9632765,0.97499955,0.96895516,0.9818494,0.9760042,0.9761972,0.9706856,0.7155009,0.9682092,0.9398727,0.9705496,0.9697983,0.9759513,0.9787831,0.96654475,0.9829071,0.9771921,0.9801327,0.9805601,0.9740158,0.98216736,0.9754301,0.9856301,0.97232085,0.9697089,0.9438102,0.9793619,0.97683036,0.97478193,0.9566811,0.9779973,0.97037697,0.9662932,0.9853862,0.9750835,0.98249954,0.9823626,0.9798324,0.9805621,0.9746757,0.9780903,0.97403765,0.9592911,0.96837145,0.9791025,0.9684839,0.9830916,0.9763823,0.9773812,0.9625064,0.9633834,0.97752285,0.9840412,0.98209333,0.97566223,0.96784735,0.9823626,0.97450274,0.97625226,0.9826242,0.96762353
adastramovie,0.97504085,0.9707385,0.98434395,0.97189856,0.99999994,0.971313,0.9831783,0.97904545,0.98649764,0.9897488,0.9820162,0.9822483,0.97880137,0.98004687,0.96101975,0.9847208,0.9842057,0.9900129,0.9682513,0.9809044,0.9737653,0.97495365,0.98211473,0.97611624,0.97603554,0.7103092,0.97592145,0.97943234,0.9838589,0.96421576,0.97575665,0.9724984,0.97253144,0.99048835,0.96431077,0.9517252,0.9759073,0.97530794,0.9786227,0.96341467,0.9806666,0.9803702,0.97293854,0.9810686,0.97348815,0.971912,0.98036873,0.98612964,0.97905535,0.9785195,0.98344475,0.9802586,0.9835195,0.97129977,0.97132534,0.98580545,0.97511315,0.9839287,0.98382354,0.9743043,0.9877272,0.9913741,0.96753395,0.9738047,0.97535896,0.9893123,0.9781816,0.97671473,0.9550363,0.9820898,0.97095793,0.32590607,0.9104291,0.9835249,0.9585876,0.9821689,0.9343655,0.97660756,0.9800112,0.98473585,0.9797757,0.96476746,0.98065096,0.96499646,0.98792374,0.9719559,0.96951085,0.98198956,0.9688192,0.9882467,0.97508156,0.97095793,0.95889896,0.98643243,0.9813473,0.9727546,0.9677328,0.99264705,0.97901034,0.9780714,0.9669893,0.98210216,0.98660666,0.9697443,0.97526646,0.9803166,0.96901447,0.9760694,0.97572994,0.9704231,0.98083895,0.70143443,0.9728256,0.92523533,0.9622333,0.9812123,0.9796156,0.97413707,0.97681165,0.9769936,0.9822592,0.9712216,0.97688496,0.9767242,0.9757711,0.97852576,0.9817835,0.972998,0.98840356,0.94681543,0.968536,0.9913817,0.9780197,0.97089565,0.9842878,0.9628896,0.98216844,0.97862947,0.9766782,0.9756746,0.98649764,0.9722429,0.97596294,0.9826539,0.9844593,0.9805412,0.9666704,0.96636623,0.97777355,0.9868655,0.9793148,0.9831157,0.9721531,0.97053313,0.96934587,0.96756244,0.9727759,0.9696626,0.9817361,0.963866,0.98649764,0.98260474,0.9793173,0.9873677,0.98621273
adogsjourneymovie,0.9896552,0.98754185,0.98642164,0.9707473,0.971313,1.0,0.9846949,0.9772736,0.9885439,0.9722235,0.9808308,0.98395324,0.97851336,0.98381895,0.9821578,0.98313844,0.9770181,0.9812418,0.9788504,0.9783834,0.98736185,0.97549725,0.98387796,0.9885498,0.9765812,0.745296,0.9687088,0.9837651,0.9863372,0.9691414,0.9782543,0.9749064,0.9823687,0.9807494,0.96923494,0.9554799,0.98307127,0.9749927,0.97099817,0.9656547,0.96218586,0.98701984,0.9842814,0.9905363,0.97806084,0.98365176,0.97979635,0.9811108,0.9711806,0.9907118,0.98526794,0.983585,0.9843536,0.99008155,0.9703817,0.98177457,0.9767232,0.9869012,0.9834941,0.9773658,0.9686487,0.97436404,0.9749812,0.97232336,0.9750513,0.9800254,0.98202056,0.97233534,0.9708494,0.9703187,0.97727555,0.35998175,0.92395306,0.98673934,0.9594318,0.96614796,0.9505006,0.97670823,0.9778349,0.9758502,0.974109,0.9862656,0.9789795,0.9729366,0.9836656,0.9773312,0.9878711,0.97929865,0.9723932,0.9804766,0.985716,0.97727555,0.97698575,0.9809139,0.9858657,0.97138005,0.9860514,0.98030186,0.98352873,0.9726459,0.9786811,0.98531985,0.975896,0.97659093,0.9699331,0.99175173,0.9870012,0.97551614,0.9812172,0.9600798,0.97947276,0.7044342,0.9890921,0.9162697,0.98372906,0.9884259,0.9904948,0.9727118,0.9764999,0.98429483,0.9769406,0.98309815,0.9815762,0.99144924,0.97968245,0.98914623,0.98752093,0.98183274,0.9761254,0.9510944,0.973607,0.97378284,0.99151206,0.9684654,0.9800069,0.9730108,0.9773605,0.98382103,0.98254865,0.9836614,0.9885439,0.9829898,0.9851057,0.97134805,0.9687385,0.9872886,0.9815149,0.972015,0.9753675,0.97498333,0.97825223,0.9846276,0.9748201,0.9768991,0.96387476,0.9779161,0.98453975,0.9788996,0.989031,0.98633754,0.9885439,0.9863379,0.98213404,0.9816275,0.9767176
aftermathmovie,0.9883333,0.98458856,0.98476565,0.9830874,0.9831783,0.9846949,0.9999999,0.9795999,0.9934533,0.97479385,0.98843,0.991287,0.9856447,0.98648036,0.97787905,0.98756284,0.988268,0.98734385,0.9847725,0.9871256,0.9873858,0.98701304,0.9916567,0.9870122,0.9862699,0.7389829,0.970926,0.9875403,0.98691696,0.980525,0.98348755,0.97987515,0.98343325,0.98087287,0.96882164,0.94769466,0.98452616,0.985808,0.9826331,0.9749024,0.9811872,0.9864393,0.9792666,0.9873116,0.9816813,0.9929191,0.9872963,0.98901445,0.9814834,0.98655856,0.98536915,0.98822284,0.9934124,0.9796604,0.9825039,0.9870395,0.976988,0.98884183,0.98561156,0.98664606,0.98371184,0.9860969,0.97234255,0.9850941,0.97928804,0.98077124,0.99229586,0.985355,0.9806724,0.9704246,0.98510104,0.33128518,0.93111414,0.9876541,0.9715208,0.9778535,0.95043397,0.9834006,0.9806195,0.97964877,0.9788075,0.99312097,0.98910105,0.97804826,0.9869734,0.9810628,0.9852055,0.9819177,0.9815182,0.9891506,0.98254913,0.98510104,0.97654045,0.98589,0.9829753,0.9786135,0.9837511,0.9846658,0.99677867,0.97818846,0.98558027,0.9874375,0.98206335,0.98282015,0.97685736,0.9855053,0.97834563,0.98762333,0.97943026,0.9754411,0.9816502,0.7120266,0.9871514,0.9302215,0.98089224,0.9899597,0.9915608,0.98413986,0.98075455,0.99604386,0.98704135,0.97873765,0.9898936,0.9835171,0.98532325,0.99198157,0.984469,0.9761163,0.9811181,0.9470114,0.98502,0.9866705,0.98826176,0.9736189,0.9908346,0.97874016,0.9855779,0.9878695,0.9863821,0.98788077,0.9934533,0.9842499,0.99316937,0.98439735,0.9848766,0.9851515,0.97519696,0.9718184,0.98540825,0.98177767,0.9933708,0.986967,0.9812871,0.97406054,0.9765512,0.98449725,0.9899168,0.98403966,0.986565,0.9866299,0.9934533,0.98009324,0.986569,0.99106985,0.9835359
aftermovie,0.98849964,0.978904,0.988277,0.9618386,0.97904545,0.9772736,0.9795999,0.99999994,0.9905451,0.9732789,0.985771,0.9729057,0.9741489,0.9794588,0.98608124,0.98557484,0.97803265,0.9876297,0.97874624,0.97763115,0.9809923,0.9791173,0.9861166,0.98362523,0.9724207,0.73498696,0.9704646,0.98155016,0.98760366,0.9766354,0.97581905,0.9673461,0.98450094,0.9819821,0.96126896,0.97662663,0.98675865,0.9831388,0.9755625,0.9590763,0.96668965,0.9879014,0.98277617,0.9877316,0.9826368,0.98551536,0.98271894,0.98763037,0.97454655,0.9884304,0.9854718,0.98060495,0.9783076,0.9820279,0.98709273,0.9849347,0.9832427,0.9851117,0.9772947,0.98121727,0.9648476,0.97145814,0.9744649,0.9727627,0.9796424,0.9852242,0.9801352,0.9716916,0.96845937,0.9759913,0.9838429,0.36860153,0.94111013,0.9871306,0.9749922,0.97022146,0.96162903,0.9741071,0.9739677,0.97976303,0.98131907,0.9752232,0.97904056,0.9741926,0.98229253,0.9737815,0.97466654,0.98231506,0.97760475,0.99095017,0.9707607,0.9838429,0.9669315,0.98426086,0.9898976,0.984527,0.97134525,0.9817957,0.97979474,0.969062,0.98637867,0.979296,0.975805,0.9831623,0.9728942,0.9825971,0.9743445,0.97129726,0.9856817,0.946381,0.98746717,0.7210966,0.9822751,0.92416847,0.97617525,0.98697317,0.9919813,0.98250777,0.99251693,0.9733359,0.97411084,0.9793468,0.98937285,0.9866799,0.979469,0.98320216,0.9859549,0.98028356,0.9823716,0.9565447,0.968255,0.98042446,0.9842889,0.9828727,0.98127365,0.9827308,0.98451865,0.9738626,0.9809779,0.97788984,0.9905451,0.9801512,0.9791923,0.96786344,0.97438073,0.9729832,0.96932054,0.96957797,0.9712567,0.9858444,0.9780324,0.9864519,0.98028183,0.9708731,0.9732774,0.9813501,0.97667825,0.9784955,0.99166477,0.9814033,0.9905451,0.98254466,0.98255336,0.99082416,0.98551595
ahiddenlifefilm,0.99312466,0.98949987,0.9953742,0.9823626,0.98649764,0.9885439,0.9934533,0.9905451,1.0,0.9827947,0.9956661,0.9889967,0.9888559,0.9937705,0.9864333,0.9950347,0.9899763,0.9938692,0.9887179,0.99041027,0.9906422,0.99193186,0.99532783,0.99137294,0.9852194,0.71847403,0.9844292,0.9903159,0.9952872,0.9820636,0.9869582,0.9875117,0.9887665,0.98833096,0.97921723,0.96789366,0.99464804,0.99166375,0.99065256,0.980456,0.9840992,0.99419755,0.9861124,0.9951133,0.9863047,0.99365723,0.9935503,0.99434745,0.9862788,0.9951906,0.9941748,0.99375075,0.9916761,0.9868705,0.9877393,0.99010754,0.98232406,0.99552053,0.99167985,0.9909394,0.9851662,0.9895024,0.9836368,0.9897776,0.9919903,0.9893216,0.9928671,0.98654455,0.9839494,0.9824096,0.99365383,0.3525505,0.9397207,0.99383223,0.98187304,0.98272616,0.96101385,0.9836666,0.9817384,0.9889701,0.99088836,0.98863924,0.9942369,0.9845323,0.99412537,0.9880014,0.9917305,0.99042666,0.98938423,0.9960313,0.9830343,0.99365383,0.9798108,0.9912291,0.9945429,0.98821366,0.9860451,0.9925197,0.9934174,0.986242,0.9910336,0.9930587,0.98928064,0.9929166,0.9876423,0.9937265,0.9895433,0.990972,0.9927574,0.9733744,0.9946845,0.7039584,0.9899786,0.9428625,0.98862314,0.9912978,0.9952314,0.99078673,0.9918771,0.9893734,0.99193394,0.9887485,0.99515474,0.98824817,0.99108493,0.99581754,0.9959739,0.98694927,0.98794806,0.9627787,0.9877993,0.98916113,0.9888555,0.9819898,0.9938154,0.9853356,0.98963976,0.99077773,0.9943626,0.9932857,1.0,0.99347746,0.99346703,0.9887585,0.9861822,0.9884847,0.98399156,0.983854,0.99005663,0.99162126,0.9919759,0.995744,0.991531,0.98282266,0.9848575,0.9925106,0.99029636,0.9916183,0.99541503,0.9896536,1.0,0.9887762,0.99210733,0.9952394,0.9918459
alitamovie,0.97142917,0.9721672,0.9855204,0.9686601,0.9897488,0.9722235,0.97479385,0.9732789,0.9827947,1.0,0.9850766,0.97799486,0.97770417,0.98357224,0.96802145,0.9812285,0.976755,0.9878277,0.9645682,0.9867288,0.97122234,0.97737163,0.97756076,0.97849363,0.97073483,0.68428886,0.97288764,0.9825199,0.98484576,0.9612857,0.97539717,0.9737203,0.9645973,0.99300236,0.9717016,0.957007,0.9681642,0.9734334,0.96394485,0.96674794,0.9704124,0.9759985,0.9628761,0.97399855,0.9771632,0.9681349,0.9774626,0.98365766,0.974913,0.9729074,0.98569405,0.9797082,0.97868145,0.9695457,0.9685191,0.9889818,0.97082233,0.98179084,0.9837051,0.95799243,0.9803414,0.98715943,0.9654892,0.9742897,0.970566,0.98130035,0.9661104,0.9704367,0.9521807,0.972973,0.9637893,0.32449454,0.92369264,0.9849394,0.954304,0.97473085,0.94552004,0.96344954,0.96785283,0.98604167,0.97466636,0.9605998,0.96969897,0.96723425,0.9887161,0.9705676,0.96732527,0.98188746,0.9572683,0.9832253,0.9793541,0.9637893,0.95978034,0.9890368,0.98322994,0.9776996,0.96804714,0.9854736,0.97121346,0.9686901,0.96196413,0.9809344,0.98415375,0.9685385,0.9835048,0.9838876,0.96468854,0.9785983,0.97676116,0.9693579,0.97586966,0.73238605,0.97672385,0.9252292,0.95756,0.9726168,0.97470987,0.9622418,0.97629213,0.9719092,0.9749382,0.9708322,0.97481716,0.98079664,0.9708878,0.97914773,0.9814595,0.9683138,0.98118764,0.94032454,0.96582127,0.9776098,0.9772352,0.9677403,0.9757769,0.96644706,0.97115827,0.9707744,0.97032344,0.97538805,0.9827947,0.97467715,0.97459877,0.9811794,0.97914714,0.9797513,0.96617365,0.9641741,0.97908795,0.98565316,0.97018605,0.97242177,0.9710335,0.96893364,0.95403934,0.9632788,0.97296375,0.9673539,0.98180157,0.9550926,0.9827947,0.97530305,0.9746448,0.98417926,0.9903616
angelhasfallen,0.9883878,0.9870876,0.9909927,0.97673374,0.9820162,0.9808308,0.98843,0.985771,0.9956661,0.9850766,0.99999994,0.9791716,0.98474747,0.9917815,0.98502535,0.99305886,0.9821459,0.9896422,0.9894705,0.9928277,0.9807056,0.9867455,0.9912402,0.9862689,0.97881526,0.71051234,0.98021436,0.9845135,0.99018794,0.97835445,0.9847362,0.9834339,0.9769379,0.9845947,0.9778237,0.961021,0.9866359,0.9856525,0.98384583,0.9725515,0.983122,0.98982924,0.97404194,0.9906227,0.98812175,0.98839945,0.9881583,0.9962461,0.98080397,0.99021,0.9892736,0.9869848,0.9854584,0.97809935,0.98398876,0.98961496,0.9842219,0.9949926,0.98927575,0.98315793,0.985473,0.98801607,0.9841216,0.98711777,0.98604995,0.98552674,0.98407555,0.9844427,0.98361677,0.9728085,0.98806316,0.37574694,0.9449841,0.9929785,0.97874236,0.97761196,0.9591431,0.9784248,0.97773135,0.98958063,0.98921055,0.9842629,0.9885931,0.98188424,0.99029106,0.98851675,0.98701066,0.98851883,0.9837685,0.994122,0.9812106,0.98806316,0.9814944,0.9908401,0.99153644,0.9869705,0.98901564,0.98574567,0.9882356,0.9799946,0.98444206,0.9926733,0.98657113,0.9888516,0.991126,0.98828834,0.97981685,0.989754,0.9896053,0.9651459,0.9919735,0.7022406,0.99036896,0.9380557,0.98281825,0.98804,0.9885197,0.9830467,0.99314266,0.9860716,0.98960996,0.9879084,0.99234235,0.9821845,0.9859702,0.99208677,0.99030375,0.980088,0.9861874,0.960617,0.9798545,0.9825833,0.9816158,0.9831271,0.99318385,0.98331827,0.98083425,0.9799633,0.98887086,0.9910705,0.9956661,0.9882641,0.9923287,0.9861743,0.98320735,0.98262095,0.97852236,0.9777309,0.98845553,0.9903658,0.98628134,0.98940516,0.9884667,0.9816421,0.9791404,0.9868289,0.9878325,0.98591965,0.99189603,0.9834289,0.9956661,0.98087525,0.9870096,0.99106795,0.99135023
angrybirdsmovie,0.98111594,0.9801344,0.9851051,0.9824933,0.9822483,0.98395324,0.991287,0.9729057,0.9889967,0.97799486,0.9791716,1.0,0.9862442,0.98925066,0.97128135,0.982702,0.9873396,0.9885618,0.9769399,0.98120713,0.98927575,0.9881813,0.990084,0.98824257,0.9812903,0.70412934,0.9741684,0.98966056,0.99216676,0.96669513,0.9797991,0.97982275,0.98554325,0.9849427,0.974511,0.95194554,0.98254085,0.9850896,0.97782254,0.97699773,0.97170156,0.985161,0.98414093,0.98142874,0.97459257,0.98435634,0.9911651,0.97880393,0.979154,0.98288345,0.9911311,0.98675287,0.9950558,0.9771003,0.9799353,0.9817241,0.96138394,0.98401415,0.98272735,0.978205,0.9748721,0.9878581,0.96876764,0.98218393,0.9758833,0.9809079,0.98804486,0.97691727,0.9659979,0.97174203,0.97807026,0.33921784,0.91655606,0.9843859,0.96599257,0.97384614,0.9521256,0.96991974,0.97123086,0.97623384,0.9687641,0.98284924,0.98278224,0.97129923,0.99023396,0.9798572,0.9833619,0.98141587,0.9771235,0.9852698,0.9842156,0.97807026,0.9691921,0.98528534,0.982661,0.9768859,0.975135,0.9866687,0.9864837,0.9803674,0.9776236,0.9809732,0.9858557,0.97525734,0.97798723,0.98983276,0.97671527,0.98252785,0.9787389,0.9837523,0.9725575,0.7053291,0.97988075,0.9413229,0.9747667,0.97677946,0.9845362,0.9814177,0.96969783,0.9870141,0.98327446,0.9719157,0.9818101,0.98548466,0.97806436,0.98608524,0.98362917,0.98087204,0.979543,0.95409644,0.98139375,0.9817261,0.9840057,0.95825326,0.9811412,0.9662389,0.9789918,0.987156,0.9818906,0.9847649,0.9889967,0.98526156,0.9845336,0.9824681,0.9841836,0.9903798,0.978976,0.9738214,0.98460066,0.9754322,0.98676646,0.9840848,0.9733143,0.967227,0.97053427,0.97650355,0.9813262,0.9813489,0.98395437,0.9760559,0.9889967,0.97571725,0.98872894,0.9879455,0.98476374
annabellemovie,0.98524433,0.9866677,0.98154294,0.9882357,0.97880137,0.97851336,0.9856447,0.9741489,0.9888559,0.97770417,0.98474747,0.9862442,1.0,0.9842778,0.977794,0.98824614,0.99453384,0.989259,0.98194337,0.978909,0.98076445,0.9864963,0.9860399,0.9894993,0.9843466,0.7093126,0.97020245,0.98592174,0.98632526,0.96959025,0.9780214,0.979727,0.9797737,0.975227,0.9668364,0.9506181,0.98630047,0.9862797,0.9819239,0.97663397,0.9840062,0.97808385,0.97356623,0.9830941,0.97713596,0.9860384,0.98838776,0.9807561,0.97323316,0.9808363,0.98839253,0.9836082,0.98828727,0.9718107,0.9821806,0.9833685,0.9566418,0.98339206,0.97995514,0.9796155,0.984395,0.98333734,0.9709279,0.9850951,0.97886753,0.9758845,0.97939193,0.97224456,0.97019523,0.97716725,0.9820241,0.3453795,0.9286408,0.9838969,0.9698582,0.9696825,0.9486588,0.96774715,0.9734223,0.9783491,0.97498864,0.9797472,0.9883134,0.9771175,0.98797035,0.9804615,0.98405087,0.99633116,0.98106664,0.98640084,0.9733772,0.9820241,0.965789,0.98100495,0.986741,0.97324413,0.97515553,0.9805463,0.97796977,0.977132,0.98214144,0.98357886,0.97792166,0.9831206,0.97559077,0.9884148,0.9770574,0.98572797,0.9849083,0.96431625,0.98137105,0.7435703,0.97813135,0.9256929,0.97435164,0.9771658,0.9851218,0.97965616,0.9747598,0.9806259,0.9847475,0.97856724,0.989463,0.9831738,0.9830551,0.98380566,0.990148,0.9828394,0.9860247,0.9494809,0.9812571,0.98577785,0.9807832,0.97622555,0.9807434,0.9728531,0.9739691,0.9809263,0.98137325,0.9871911,0.9888559,0.98417646,0.9866988,0.98359805,0.9881063,0.9772093,0.9788894,0.9680291,0.9882698,0.9785355,0.9807178,0.9825465,0.98718524,0.9790067,0.9778093,0.98296034,0.9802504,0.98134303,0.98218703,0.9742888,0.9888559,0.98151475,0.98155,0.98512566,0.9816329
annamovie,0.9849916,0.98167455,0.99156034,0.9807081,0.98004687,0.98381895,0.98648036,0.9794588,0.9937705,0.98357224,0.9917815,0.98925066,0.9842778,1.0,0.9832064,0.9921397,0.98254377,0.989422,0.98304576,0.9885155,0.9880054,0.9891026,0.9950831,0.98651713,0.97588354,0.7065468,0.9864541,0.9880146,0.99335706,0.96809995,0.9794415,0.9904211,0.97994804,0.98538405,0.9844739,0.96835196,0.98765606,0.9875111,0.9794872,0.9832632,0.97577304,0.99157584,0.97894734,0.98551005,0.9811473,0.9833789,0.9932341,0.9883727,0.9863632,0.9890956,0.9915029,0.9920403,0.9890746,0.98193145,0.98517454,0.9840206,0.97685945,0.9923565,0.9885686,0.9824548,0.9772932,0.9877613,0.9779083,0.9880642,0.98927116,0.9862198,0.9881071,0.98376757,0.97639894,0.9732189,0.98657966,0.3635261,0.9398227,0.9925626,0.98295844,0.97488,0.96667576,0.96628857,0.96960276,0.9818083,0.98088187,0.9809187,0.9847857,0.9835762,0.9901551,0.9851104,0.98976624,0.9836301,0.9834111,0.99073166,0.9789347,0.98657966,0.9792869,0.9879707,0.9905536,0.990252,0.9804502,0.9885367,0.9866932,0.98873883,0.98275506,0.9864734,0.9879589,0.986554,0.9938749,0.99126285,0.98277724,0.9887975,0.9884846,0.9790376,0.9872058,0.7031111,0.9878052,0.9563568,0.98110133,0.9796793,0.9865881,0.9872212,0.9798454,0.9848787,0.98616254,0.9850431,0.98769695,0.9842338,0.98288876,0.98941374,0.98926455,0.98199314,0.98123467,0.96397966,0.9843268,0.9798993,0.9830934,0.96654063,0.98941714,0.97347456,0.9831388,0.9860647,0.9854442,0.99100834,0.9937705,0.99043804,0.98826754,0.98633456,0.97923476,0.99113303,0.9776199,0.9877315,0.98934966,0.9877176,0.9834866,0.9871793,0.98306054,0.9830048,0.9726029,0.98463744,0.9875951,0.98974335,0.99366915,0.98086834,0.9937705,0.975966,0.9895667,0.99167204,0.9905896
apollo11movie,0.98403174,0.9845298,0.98513013,0.9703603,0.96101975,0.9821578,0.97787905,0.98608124,0.9864333,0.96802145,0.98502535,0.97128135,0.977794,0.9832064,1.0000001,0.98375374,0.9707542,0.9813463,0.97410995,0.9835939,0.9816376,0.98066604,0.98785484,0.98668694,0.97189057,0.7498457,0.96418566,0.98207706,0.9837157,0.975428,0.96960896,0.9778388,0.980817,0.9736606,0.9669956,0.96888685,0.9804626,0.9786247,0.9636267,0.97095066,0.9624466,0.9808983,0.9724156,0.98070323,0.984492,0.9866926,0.9845661,0.98517513,0.96964186,0.98345476,0.9834723,0.9850582,0.9788184,0.97652364,0.98256195,0.9808304,0.97698295,0.98230374,0.9767982,0.97809285,0.9594329,0.9644705,0.9731063,0.97642595,0.9803369,0.9730043,0.9786216,0.9731755,0.9673147,0.9598583,0.9849383,0.35598037,0.9627823,0.9878839,0.9756165,0.96290064,0.97131383,0.96106935,0.9665525,0.97136927,0.9738803,0.9802829,0.9725403,0.98117596,0.9778052,0.9700506,0.98224527,0.9814511,0.9762463,0.98440063,0.9729007,0.9849383,0.9732917,0.98096555,0.98397976,0.9857997,0.97274154,0.9680986,0.9783913,0.96687096,0.9861575,0.97839266,0.9691004,0.98475486,0.97241515,0.98501253,0.97218454,0.9751001,0.98629713,0.94585955,0.9807045,0.756913,0.9856419,0.92105174,0.9729413,0.97921646,0.987922,0.9776803,0.985478,0.9760461,0.96921957,0.9832705,0.9865126,0.98833996,0.98124254,0.983272,0.98713076,0.9787619,0.9693391,0.94373286,0.9737944,0.9692464,0.9857952,0.98021,0.9750445,0.98470426,0.9707401,0.9739834,0.97913927,0.984034,0.9864333,0.9833719,0.98295945,0.964429,0.9620313,0.9769036,0.9700584,0.97126555,0.97389406,0.97658205,0.9714322,0.97788954,0.9825924,0.96811175,0.96559656,0.9866462,0.9870083,0.984534,0.9876477,0.9785213,0.9864333,0.9760593,0.97884107,0.9867,0.97964156
arcticdogsmovie,0.9914687,0.983192,0.9928786,0.97763515,0.9847208,0.98313844,0.98756284,0.98557484,0.9950347,0.9812285,0.99305886,0.982702,0.98824614,0.9921397,0.98375374,0.99999976,0.9876302,0.9889323,0.9843959,0.9853581,0.9816489,0.98674965,0.99346364,0.9898797,0.9836685,0.7337902,0.9824074,0.98635995,0.9882273,0.97323924,0.98346984,0.9860961,0.9768667,0.98189217,0.9655262,0.9613058,0.9880852,0.98701745,0.9862735,0.9753769,0.9789662,0.9876386,0.9772059,0.99258286,0.9831783,0.9851734,0.99020326,0.9912915,0.9868,0.98913527,0.9901081,0.99133635,0.98678374,0.9827805,0.98368293,0.9864347,0.98195475,0.99193704,0.990694,0.9900434,0.9821321,0.98869175,0.9855434,0.9824185,0.9890088,0.9854632,0.98726743,0.98948264,0.97713816,0.9821199,0.9900286,0.35145137,0.9432851,0.99250853,0.9731691,0.9779172,0.95272344,0.97638065,0.9848387,0.9804643,0.9838359,0.98231333,0.98865277,0.97821975,0.9896278,0.98322934,0.987498,0.9901567,0.9842282,0.99323326,0.97533685,0.9900286,0.9803276,0.98562026,0.9913883,0.9823822,0.98240066,0.987652,0.9856295,0.9812289,0.98491186,0.9916123,0.9858854,0.9890131,0.98638415,0.99085057,0.9853752,0.98648584,0.99422747,0.9643974,0.9936589,0.70978093,0.9876626,0.9349551,0.9794969,0.9882262,0.99355245,0.9823834,0.98684144,0.9843673,0.98872197,0.9897511,0.991444,0.982723,0.9891975,0.9923723,0.9903308,0.9829695,0.989115,0.94886607,0.9830801,0.98779345,0.98698413,0.9815642,0.99027646,0.97762316,0.9879029,0.9865023,0.98907894,0.9906918,0.9950347,0.9883811,0.9901131,0.98480386,0.97677547,0.9867246,0.98164576,0.9755362,0.9851142,0.9911411,0.9803111,0.9898746,0.9862355,0.9891646,0.9790003,0.98585165,0.9849268,0.9875451,0.9900358,0.9818148,0.9950347,0.9832657,0.98216635,0.98953414,0.9895673
arcticmovie,0.9870921,0.97748774,0.9813022,0.9845167,0.9842057,0.9770181,0.988268,0.97803265,0.9899763,0.976755,0.9821459,0.9873396,0.99453384,0.98254377,0.9707542,0.9876302,0.99999994,0.9868739,0.9792957,0.97548854,0.98100597,0.98592585,0.9866013,0.9864261,0.97917235,0.7024904,0.96796626,0.98574144,0.98554033,0.9708214,0.9772391,0.9757,0.97870505,0.9778744,0.963572,0.94963306,0.98610383,0.98748994,0.9857339,0.9728937,0.9831358,0.97997636,0.9728854,0.9843236,0.9693531,0.98543423,0.9862795,0.9800018,0.97773445,0.9798388,0.9851174,0.9845697,0.98894167,0.9729825,0.9835742,0.9848197,0.9602271,0.98232263,0.9763832,0.98067933,0.9834083,0.98215866,0.9652199,0.98041356,0.98245287,0.97718346,0.9825695,0.9736466,0.9725998,0.97934467,0.9804864,0.3153919,0.91848713,0.98163134,0.97051895,0.96719277,0.9405348,0.9716678,0.9722355,0.97791547,0.9731824,0.9780398,0.98924243,0.97820234,0.9862479,0.97698706,0.9790512,0.99195844,0.9785586,0.98849624,0.9670293,0.9804864,0.9583953,0.97843885,0.9848259,0.96992683,0.9698647,0.9831987,0.9830767,0.97974247,0.982168,0.98002404,0.9782865,0.9809669,0.9747476,0.98430395,0.9782335,0.9835251,0.9799327,0.9664816,0.983309,0.7371415,0.9748036,0.9251819,0.9742292,0.98163086,0.98821414,0.9803267,0.9738739,0.9794969,0.9807781,0.9736833,0.989011,0.9817817,0.97889376,0.9859697,0.98689723,0.9750003,0.9881798,0.9490323,0.98036623,0.9874214,0.9813976,0.9741241,0.98186964,0.9711641,0.98063433,0.9809945,0.97909415,0.9800403,0.9899763,0.98054457,0.98208,0.98348343,0.99037737,0.97384286,0.9707933,0.96898407,0.9851184,0.9835623,0.98515165,0.9831423,0.983337,0.97913563,0.9751862,0.9791643,0.97815853,0.98239815,0.98163074,0.9763397,0.9899763,0.9810953,0.98274434,0.9871568,0.98312396
artofracingmovie,0.9834996,0.9882325,0.9939319,0.9833858,0.9900129,0.9812418,0.98734385,0.9876297,0.9938692,0.9878277,0.9896422,0.9885618,0.989259,0.989422,0.9813463,0.9889323,0.9868739,0.9999999,0.9826181,0.9885009,0.98513365,0.9883312,0.99086887,0.9872264,0.9874196,0.7099931,0.9803789,0.98810184,0.9925435,0.97743833,0.9847907,0.981652,0.98887897,0.9879889,0.9772795,0.96681994,0.9882537,0.9849276,0.9811702,0.9771114,0.9815142,0.99028873,0.9825774,0.9874266,0.98888355,0.9872791,0.99266106,0.9900585,0.9780844,0.99024063,0.994001,0.9887309,0.9881377,0.9823516,0.98500276,0.9902771,0.9755957,0.99329495,0.99112386,0.98032206,0.9805819,0.99060434,0.9807329,0.9862447,0.9812548,0.9879093,0.98244137,0.97943014,0.96616346,0.9853149,0.98326004,0.34674266,0.9345783,0.9903823,0.973758,0.98247313,0.95672536,0.97438407,0.98109895,0.9845444,0.98619866,0.9771181,0.98639077,0.9797899,0.9949861,0.97789913,0.98266655,0.9912557,0.97845376,0.9924781,0.98640656,0.98326004,0.97210956,0.99057865,0.99285847,0.98916173,0.97631055,0.9932796,0.98374313,0.979943,0.9859605,0.9888308,0.9850663,0.9841118,0.98150593,0.9909968,0.9793689,0.9846119,0.98860085,0.97207785,0.9848468,0.70968527,0.98714894,0.943398,0.978816,0.98487824,0.9878779,0.9855426,0.9868239,0.9839273,0.98851484,0.9853726,0.9909168,0.9907819,0.9874278,0.98675275,0.9929454,0.98827034,0.9883887,0.9600943,0.9790146,0.9896639,0.9880347,0.9728399,0.99033326,0.9815581,0.9850661,0.98825884,0.98504424,0.9923632,0.9938692,0.988186,0.98904437,0.98421896,0.98726195,0.9848132,0.97834283,0.97303957,0.98432404,0.9867138,0.9871198,0.9903123,0.9830286,0.9731026,0.97538996,0.98320603,0.98293984,0.9807953,0.99296516,0.98005056,0.9938692,0.986464,0.9879012,0.995764,0.9903098
avengers,0.990411,0.98784095,0.9814759,0.9706247,0.9682513,0.9788504,0.9847725,0.97874624,0.9887179,0.9645682,0.9894705,0.9769399,0.98194337,0.98304576,0.97410995,0.9843959,0.9792957,0.9826181,0.9999998,0.9740799,0.9761689,0.97795314,0.98447114,0.9844494,0.97231996,0.72415614,0.96890014,0.9756511,0.9835406,0.9697099,0.9855666,0.9666727,0.97885454,0.9679432,0.96937615,0.95344967,0.9870947,0.9807514,0.9826639,0.9590076,0.97504157,0.99109346,0.97598726,0.98912644,0.9779996,0.9861758,0.98223996,0.98088056,0.96409374,0.991335,0.98367107,0.97323865,0.98074925,0.97978944,0.98490226,0.981095,0.97181636,0.9901639,0.9782887,0.9822276,0.9715806,0.977777,0.9787908,0.9770536,0.97147274,0.976372,0.9752221,0.97148156,0.9883303,0.96420044,0.98311675,0.4173344,0.9332645,0.98098326,0.97362787,0.95852745,0.95371854,0.9698053,0.97192854,0.97872573,0.97865635,0.98849905,0.9856192,0.9775627,0.9806112,0.98785466,0.98750776,0.9840514,0.9814732,0.98387694,0.9773325,0.98311675,0.9810517,0.9790249,0.98956585,0.97246957,0.99076277,0.97808695,0.9834628,0.97221196,0.9849141,0.98388374,0.9770192,0.98445755,0.97794944,0.9838297,0.981128,0.97832763,0.98028564,0.95233476,0.9814758,0.6760881,0.985705,0.94365317,0.9885624,0.9846527,0.9851046,0.9817313,0.98286724,0.9806382,0.985725,0.9800348,0.99103796,0.97690284,0.97817105,0.9838528,0.9806389,0.98453766,0.9835787,0.96985596,0.96835417,0.97320145,0.97749835,0.9676577,0.9892823,0.9729214,0.9742482,0.97395957,0.9820801,0.9870308,0.9887179,0.979025,0.99107075,0.9737891,0.97984904,0.97520244,0.9796868,0.9670442,0.9782313,0.9744752,0.9848821,0.98893774,0.9787847,0.97641224,0.9788338,0.981602,0.97646046,0.9791372,0.9875986,0.989514,0.9887179,0.97216856,0.9834921,0.9795727,0.9802076
beachbummovie,0.9743613,0.98137015,0.9893223,0.97958755,0.9809044,0.9783834,0.9871256,0.97763115,0.99041027,0.9867288,0.9928277,0.98120713,0.978909,0.9885155,0.9835939,0.9853581,0.97548854,0.9885009,0.9740799,1.0,0.9807961,0.98442274,0.98951864,0.9815812,0.9803766,0.71076524,0.9760655,0.9869966,0.9860336,0.9790041,0.9745898,0.9864409,0.9766788,0.98787665,0.9796097,0.9485421,0.974288,0.97748315,0.9745822,0.9757212,0.9782834,0.98131746,0.96579283,0.9814577,0.9843322,0.98222977,0.98731387,0.9937894,0.9769638,0.9815974,0.9864298,0.99056053,0.9866815,0.9728105,0.97452796,0.9890303,0.9826218,0.9898496,0.98953676,0.97726697,0.98126346,0.9871938,0.975649,0.98509765,0.9817399,0.98028827,0.98352116,0.9875358,0.96625566,0.965957,0.9830944,0.30400714,0.9472418,0.99110174,0.968661,0.9823952,0.95160365,0.9755878,0.97641504,0.9840439,0.98440474,0.9784186,0.9805525,0.9801759,0.9907108,0.9761858,0.9805461,0.98169935,0.97517115,0.9883732,0.98670137,0.9830944,0.9754411,0.9894765,0.981891,0.9853154,0.97931236,0.98138404,0.9864355,0.97640175,0.9741346,0.98782957,0.9833642,0.9816297,0.98547083,0.9855183,0.97179717,0.9859437,0.9832298,0.9732147,0.982643,0.7028047,0.987025,0.93167907,0.9717501,0.9823593,0.981518,0.9781177,0.9865931,0.98645145,0.9852409,0.9837857,0.98328084,0.98255086,0.9813072,0.9867979,0.9873973,0.97527313,0.97504747,0.94487274,0.9800495,0.9787098,0.98257023,0.97474796,0.9872462,0.9830771,0.9722942,0.9826065,0.986285,0.98812556,0.99041027,0.9851885,0.98753524,0.98338634,0.9775683,0.98647684,0.97050256,0.97401404,0.98595554,0.9826625,0.98433816,0.9805384,0.9782276,0.96549183,0.96833646,0.9828693,0.99215364,0.9832487,0.9856433,0.9746423,0.99041027,0.9801163,0.98475456,0.9907339,0.988429
bernadettefilm,0.98452145,0.97871155,0.9831621,0.97814566,0.9737653,0.98736185,0.9873858,0.9809923,0.9906422,0.97122234,0.9807056,0.98927575,0.98076445,0.9880054,0.9816376,0.9816489,0.98100597,0.98513365,0.9761689,0.9807961,1.0000001,0.9804914,0.98726285,0.98695207,0.9823742,0.7392973,0.98305327,0.9904469,0.99187267,0.9688129,0.96938205,0.98357326,0.984899,0.9819353,0.97110045,0.9705512,0.98914695,0.98346746,0.9773799,0.9805493,0.9625042,0.9857545,0.9828631,0.98493767,0.9800316,0.9863368,0.9848012,0.98232883,0.98626095,0.9879345,0.9863346,0.9909341,0.98822004,0.9855,0.9771449,0.98169136,0.9688162,0.9829257,0.97954756,0.9804421,0.97135824,0.97600406,0.96558565,0.989401,0.9810938,0.98135376,0.9898143,0.9782034,0.96772957,0.9759892,0.9860629,0.3503514,0.9201956,0.9903574,0.97267723,0.9684731,0.9597327,0.9667343,0.9680095,0.9767392,0.977769,0.98681813,0.9843643,0.97881013,0.9823412,0.97402686,0.98067504,0.97942495,0.98322564,0.98212534,0.97551435,0.9860629,0.9797017,0.98715407,0.98443526,0.98387474,0.9762754,0.9811938,0.98325425,0.977578,0.98109496,0.97707796,0.9767513,0.98290277,0.9756588,0.9873211,0.98367184,0.9858632,0.98546606,0.9798132,0.98248845,0.7032577,0.9839744,0.92977554,0.9878069,0.97696203,0.9882208,0.9846631,0.9740039,0.98905027,0.9826634,0.9784722,0.98204094,0.9865164,0.9767383,0.98443496,0.98794734,0.98290753,0.97056496,0.9592185,0.98885775,0.9767391,0.9854209,0.9683161,0.9800499,0.973625,0.9793441,0.9883661,0.9877392,0.981236,0.9906422,0.98363364,0.9860927,0.9834733,0.98146075,0.986607,0.97103286,0.9774623,0.9873865,0.97656685,0.98504424,0.9837513,0.9794936,0.9735686,0.96944404,0.9867467,0.9880503,0.98103595,0.9903493,0.9844726,0.9906422,0.9853328,0.98548436,0.98760515,0.97939295
