movie,21bridgesmovie,47metersdown,abeautifuldaymovie,abominablemovie,adastramovie,adogsjourneymovie,aftermathmovie,aftermovie,ahiddenlifefilm,alitamovie,angelhasfallen,angrybirdsmovie,annabellemovie,annamovie,apollo11movie,arcticdogsmovie,arcticmovie,artofracingmovie,avengers,beachbummovie,bernadettefilm,blackandbluemovie,blackchristmas,blindedbythelightmovie,bombshellmovie,booksmart,breakthroughmovie,brianbanksmovie,brightburnmovie,brittanyrunsmov,captainmarvelofficial,captivestatemovie,catsmovie,charliesangels,childsplaymovie,clarathefilm,coldpursuitmovie,countdown,currentwarmovie,darkwatersmovie,detectivepikachumovie,disneyaladdin,disneyfrozen,disneymaleficent,doctorsleepmovie,dolemiteismyname,dontletgomovie,doramovie,downtonabbey_official,dumbo,escaperoom,everybodyknowsmovie,fastandfuriousmovie,fightingwmyfam,fivefeetapartfilm,fordvferrari,freaksthefilm,geminimanmovie,glassmovie,gloriabellmovie,godzillamovie,goldfinchmovie,goodboysmovie,goodliarmovie,gretafilm,halathemovie,happydeathdaymovie,harrietfilm,hellboymovie,hersmellmovie,highlifemovie,highstrungmovie,honeyboymovie,hotelmumbaifilm,httydragon,hustlemovie,hustlersmovie,isntitromantic,itmovieofficial,jayandsilentbob,johnwickmovie,jojorabbitmovie,jokermovie,judythefilm,jumanjimovie,justmercyfilm,knivesout,lalloronamovie,lastblackmansf,lastchristmasthemovie,latenightmovie,lighthousemovie,lionking,littlethemovie,littlewomenmovie,littlewoodsfilm,longshotmovie,lordsofchaosmovie,lucyintheskyfilm,mamovie2019,marriagestory,meettheaddams,meninblack,midsommarmovie,midwaymovie,missbalamovie,missinglinkfilm,motherlessbklyn,onceinhollywood,onthebasisofsex,overcomermovie,peanutbutterfalcon,petsematarymovie,piercingmovie,playingwithfire,playmobilthemovie,pomsmovie,queenandslim,rambomovie,readyornotfilm,richardjewellfilm,rocketmanmovie,scarystoriesmovie,secretlifeofpets,serenityfilm,shaftmovie,shazammovie,spidermanmovie,spiesindisguise,starwars,stormboymovie,stubermovie,taosdfilm,teenspiritmov,terminator,theaeronautsmov,thebestofenemies,thedeaddontdie,thefarewell,thehighwaymen,thehummingbirdprojectfilm,theintrudermovie,theirishmanfilm,thekitchenmovie,thelegomovie,themustangfilm,thenightingalefilm,theprodigymovie,thesunisalsoastar,theupsidefilm,tolkienmovie,toystory,triplefrontier,uglydolls,uncutgems,underthesilverlake,usmovie,wavesmovie,whatmenwant,wonderparkmovie,wrinklestheclown,xmenmovies,yardiefilm,yesterdaymovie,zombieland
21bridgesmovie,1.0000002,0.95470726,0.9700479,0.968177,0.9508807,0.9388088,0.96349335,0.971671,0.97721994,0.94565296,0.9630581,0.9420252,0.96437764,0.94558895,0.9612368,0.95076275,0.9503451,0.9558239,0.98163676,0.96077096,0.968535,0.95974916,0.9668066,0.9689256,0.9591285,0.8549615,0.95342946,0.9684646,0.9677425,0.9546969,0.96807677,0.95929027,0.94731003,0.95605403,0.92136115,0.90574706,0.9714785,0.9707304,0.971246,0.9627686,0.96754795,0.96969444,0.9435159,0.9622449,0.9636595,0.9541545,0.964398,0.95760155,0.9542526,0.9640754,0.96273327,0.96906483,0.9484606,0.9515724,0.9601855,0.9433667,0.9553192,0.9738801,0.96769243,0.96343577,0.9399786,0.96732706,0.9641803,0.95202774,0.96643233,0.9624278,0.952238,0.9534585,0.94865847,0.95464987,0.95476073,0.5928057,0.93990165,0.95904493,0.948933,0.94117594,0.9110956,0.96522117,0.9539297,0.94448215,0.96397007,0.96447486,0.94881135,0.9647293,0.9509913,0.9682364,0.9582676,0.9618918,0.95231706,0.96109813,0.9765432,0.95476073,0.95880085,0.96457714,0.9729132,0.9634648,0.9625945,0.9655663,0.9433665,0.95590854,0.96177775,0.9530297,0.9536432,0.96445,0.945858,0.9628518,0.95409846,0.9558073,0.95598567,0.9693927,0.959721,0.79004425,0.9704456,0.91327566,0.9612958,0.98137355,0.99015653,0.9419703,0.96623546,0.9672822,0.96536404,0.9675575,0.96327883,0.9446104,0.9713774,0.9711272,0.92755574,0.95841783,0.9589009,0.89795125,0.967439,0.9497938,0.9683198,0.9462995,0.9630536,0.9601518,0.97268885,0.9530914,0.9540109,0.9541617,0.97721994,0.96315825,0.958619,0.9598219,0.95096135,0.9668248,0.95502216,0.94703907,0.96328163,0.96419305,0.95533675,0.96763676,0.9601583,0.9542003,0.93499434,0.9417525,0.9501778,0.9474189,0.9662677,0.9571305,0.97721994,0.94680303,0.9614254,0.9657906,0.9503185
47metersdown,0.95470726,1.0000002,0.94781876,0.94978565,0.95222956,0.9395248,0.9686465,0.9665451,0.97398275,0.94549906,0.9571705,0.93469787,0.96366125,0.94312346,0.96367806,0.9659356,0.9585878,0.95975137,0.9481467,0.9619684,0.95434946,0.9480308,0.9521638,0.95937496,0.94530773,0.8528857,0.9585116,0.96572715,0.9558627,0.9613602,0.9529746,0.9681143,0.9418299,0.93330693,0.92316574,0.9056428,0.9618384,0.94692236,0.96393895,0.95842993,0.96192133,0.9563038,0.9516298,0.95958316,0.96634316,0.9496894,0.94576555,0.9634589,0.94981915,0.95795,0.95506996,0.9726627,0.95038956,0.939207,0.94480675,0.9522096,0.950876,0.9611183,0.9555913,0.95507604,0.9571593,0.9471462,0.9592048,0.9540458,0.9622352,0.95346713,0.94625986,0.95962,0.95114076,0.9528294,0.9571318,0.63416916,0.9472928,0.95421857,0.94086933,0.9475095,0.9196022,0.9573178,0.9492522,0.95879084,0.95687526,0.9620931,0.9648776,0.953156,0.94315886,0.96859485,0.9442155,0.9569287,0.94026154,0.96519035,0.9479408,0.9571318,0.9550201,0.95840305,0.95975536,0.9617072,0.96025586,0.9567344,0.94949734,0.93127877,0.9550409,0.9470949,0.95011646,0.9620514,0.9575019,0.9495606,0.95528597,0.9569415,0.9438449,0.9576263,0.96243304,0.76126534,0.95992905,0.89749205,0.95007735,0.9614137,0.9647569,0.93373185,0.9669584,0.96775204,0.95880824,0.94675237,0.95288163,0.9504811,0.959937,0.9673446,0.9375141,0.9489056,0.9657181,0.90742606,0.9497144,0.9515865,0.96942365,0.9423209,0.946168,0.9590941,0.94764405,0.9538173,0.95340145,0.96089244,0.97398275,0.9602722,0.9527846,0.95046103,0.94856197,0.9659993,0.96391803,0.9400439,0.9506714,0.9527041,0.956243,0.95012623,0.95568055,0.92732924,0.9538208,0.94134486,0.95053554,0.9563058,0.9567567,0.93977803,0.97398275,0.93851507,0.9589622,0.9651964,0.95319945
abeautifuldaymovie,0.9700479,0.94781876,1.0000002,0.96930426,0.9717584,0.96324325,0.97207314,0.96699023,0.9845987,0.95849097,0.9626542,0.963285,0.97005916,0.9613384,0.97502226,0.9584344,0.95492154,0.9664622,0.9735272,0.96114165,0.9658516,0.9721965,0.972356,0.96453923,0.9532467,0.8367978,0.97180754,0.98146474,0.9883765,0.9632894,0.97018653,0.95846385,0.9446758,0.94692,0.9194377,0.9116764,0.9765893,0.9622375,0.9745406,0.95283467,0.9673454,0.9636254,0.9617833,0.962867,0.9619846,0.9660287,0.9691579,0.9650299,0.95194566,0.9650203,0.9831597,0.9634025,0.9568619,0.9595372,0.9729271,0.9605916,0.97045654,0.9772134,0.97666436,0.96757716,0.94818205,0.95657843,0.97093195,0.9575708,0.96918744,0.9613942,0.94881666,0.9509148,0.9565929,0.9532375,0.96620095,0.55402267,0.95132005,0.97537744,0.9497344,0.9439734,0.9117357,0.954098,0.95688874,0.9557427,0.96656615,0.9747091,0.9628766,0.9637535,0.96098214,0.96504265,0.9772444,0.96965826,0.9594814,0.97186375,0.9644111,0.96620095,0.9695549,0.96491694,0.9833264,0.9665655,0.960992,0.96603036,0.9511787,0.9587626,0.97266203,0.9578356,0.9743886,0.9650242,0.9452767,0.9804537,0.96969146,0.95328134,0.97727996,0.96882564,0.95782226,0.79532886,0.9724201,0.9140643,0.9762149,0.9687926,0.9715734,0.9392205,0.96863174,0.9691173,0.9700076,0.9692221,0.97719496,0.95725477,0.97049737,0.9646287,0.9524811,0.97433674,0.96808165,0.92463595,0.9676251,0.9565721,0.9678829,0.93935573,0.9739368,0.96434915,0.95838076,0.93537843,0.96125716,0.9658008,0.9845987,0.9816548,0.9651245,0.96070594,0.9583458,0.9559065,0.9682184,0.95166343,0.9665483,0.95665693,0.9651047,0.985676,0.9736917,0.9528132,0.9530706,0.9561225,0.9536309,0.96667355,0.97845376,0.9668191,0.9845987,0.95713025,0.9645008,0.9713741,0.96638256
abominablemovie,0.968177,0.94978565,0.96930426,1.0000001,0.95404506,0.94557244,0.97030395,0.96364576,0.97952175,0.9533535,0.953068,0.9449209,0.97798777,0.94505215,0.96887773,0.95930463,0.9508583,0.9559007,0.9674002,0.9751438,0.96827114,0.95986694,0.9735083,0.96798337,0.96139437,0.85699105,0.95251894,0.9686318,0.96907234,0.9622563,0.9659205,0.9539046,0.9501418,0.93503094,0.9216539,0.8938648,0.9708506,0.97247005,0.97559667,0.9575673,0.9689506,0.9667861,0.94087857,0.97094774,0.96784294,0.9657479,0.9706081,0.9503911,0.95724905,0.9654596,0.9693169,0.9715186,0.94815475,0.9511413,0.96287113,0.95078725,0.95664173,0.9721068,0.9764444,0.9636068,0.94315577,0.9751054,0.9709397,0.94739056,0.96063805,0.9550897,0.94714767,0.9647413,0.9600562,0.97156996,0.9583867,0.5895862,0.93794996,0.96816164,0.9683003,0.93830675,0.9075857,0.9579026,0.96684307,0.9670912,0.96138847,0.971165,0.9712029,0.9620886,0.9584502,0.95901066,0.9656464,0.9701024,0.95911735,0.9584553,0.96878004,0.9583867,0.9630188,0.967227,0.96582985,0.9644324,0.9630347,0.9708918,0.9461991,0.95728886,0.96519566,0.95898014,0.95670646,0.95635116,0.9420246,0.96874833,0.96008176,0.9631545,0.95644534,0.96804214,0.96060115,0.7751206,0.97149676,0.92546844,0.9496824,0.96555614,0.96659786,0.95211184,0.9717757,0.9694052,0.9670253,0.9681358,0.9711274,0.95272064,0.97322476,0.96726316,0.9552497,0.971612,0.9582869,0.8960414,0.96928096,0.94721955,0.95653874,0.93283284,0.961566,0.9630774,0.96185213,0.9529707,0.9554112,0.9578524,0.97952175,0.96901685,0.96060634,0.9717612,0.95692533,0.96109533,0.9600944,0.95066226,0.9686265,0.95287347,0.96678346,0.96454716,0.97107667,0.9440268,0.9444512,0.9521272,0.95712924,0.9585078,0.9614393,0.95600176,0.97952175,0.957792,0.9699539,0.9686803,0.96283555
adastramovie,0.9508807,0.95222956,0.9717584,0.95404506,0.9999998,0.9720218,0.961819,0.9676289,0.98014426,0.96491843,0.95245916,0.97195625,0.96520203,0.96742225,0.9675826,0.9503249,0.9513051,0.9854945,0.95397866,0.9613909,0.9692144,0.95994854,0.97508144,0.9636907,0.94105595,0.85937196,0.9733344,0.9707167,0.9746639,0.9446422,0.9683174,0.95405936,0.93667156,0.94253266,0.9319848,0.9214865,0.96942383,0.96109813,0.9735036,0.9536615,0.97164243,0.9581626,0.9567728,0.9631675,0.95879745,0.96130747,0.9678959,0.95855916,0.9529601,0.9601463,0.9824,0.95509636,0.97014797,0.959985,0.96824974,0.9713583,0.96262103,0.96704215,0.97247976,0.9565123,0.9562202,0.9411072,0.9641029,0.96555275,0.95363146,0.96197915,0.9463491,0.94838655,0.94283545,0.9534783,0.95509523,0.59650797,0.94975054,0.9718149,0.9408859,0.93481535,0.91085017,0.9423215,0.9480401,0.96009773,0.95789754,0.9608318,0.9582496,0.96197355,0.95650715,0.9574823,0.96446145,0.96557236,0.9506237,0.97553676,0.9525232,0.95509523,0.96559817,0.96312356,0.97985715,0.9702733,0.9505298,0.9515572,0.9297884,0.9622143,0.9777335,0.9555371,0.9697455,0.95531976,0.95623606,0.9799619,0.9657296,0.95731485,0.9582128,0.9582585,0.9604993,0.8266682,0.96724,0.9158723,0.9770929,0.96062714,0.9649285,0.93326366,0.9593418,0.96116734,0.97192305,0.9610747,0.9653122,0.9591551,0.9671858,0.9721088,0.9566131,0.9746917,0.96892345,0.9170962,0.95914954,0.96028435,0.96710324,0.95028317,0.96125424,0.9475577,0.9521687,0.9173146,0.9591188,0.96347266,0.98014426,0.98101217,0.9702744,0.9542575,0.94457424,0.9604525,0.9660836,0.9601559,0.9646596,0.94521385,0.9556239,0.964138,0.9639063,0.9350452,0.94983065,0.9397383,0.96272624,0.9669722,0.9630344,0.9611207,0.98014426,0.96545386,0.9662063,0.97975725,0.97033596
adogsjourneymovie,0.9388088,0.9395248,0.96324325,0.94557244,0.9720218,1.0000002,0.95802873,0.95753706,0.9720609,0.951313,0.9380457,0.96249807,0.9647048,0.9630206,0.95769364,0.94034284,0.937558,0.96948034,0.94493866,0.9583601,0.9568347,0.9542364,0.9643945,0.951518,0.9491544,0.81666434,0.9585437,0.95712876,0.9635372,0.9447993,0.9482686,0.94549423,0.9262577,0.937325,0.9109688,0.90847164,0.97451663,0.9480121,0.9653261,0.9441802,0.9577065,0.95523196,0.9551369,0.95849496,0.9370564,0.95024264,0.95718974,0.9509296,0.9432576,0.9554327,0.96858686,0.9519222,0.98069793,0.9503107,0.95010436,0.95466083,0.95782155,0.9553495,0.959305,0.95429623,0.9521972,0.9271077,0.94794977,0.94955015,0.95400965,0.9337731,0.94037896,0.93407065,0.946768,0.9515653,0.9593842,0.60892886,0.9463504,0.948279,0.93649834,0.92536527,0.9078908,0.9480763,0.9443097,0.9733951,0.9527771,0.95570934,0.9499419,0.9534358,0.9519376,0.95387596,0.9540032,0.9693923,0.94157785,0.9640727,0.9363056,0.9593842,0.95647746,0.95556647,0.9721509,0.9491643,0.94865865,0.9403897,0.93259823,0.951174,0.9791907,0.96073866,0.9539576,0.9561828,0.95282334,0.9646012,0.96645534,0.95691884,0.9538889,0.96621794,0.9608568,0.8306853,0.95963955,0.90476316,0.9634303,0.95095474,0.9512515,0.9333078,0.9568828,0.95206225,0.9517503,0.952829,0.95146877,0.9692718,0.95080495,0.94937325,0.9554542,0.9612543,0.9603358,0.922077,0.9562928,0.9620039,0.9587189,0.921361,0.95100874,0.9444685,0.9454454,0.92166024,0.9573492,0.955712,0.9720609,0.96183735,0.970839,0.9515036,0.94638896,0.95236164,0.93732834,0.95194584,0.95722294,0.93539935,0.954852,0.9555433,0.9632429,0.9273729,0.95676774,0.9542265,0.95898336,0.96657467,0.9629822,0.9419654,0.9720609,0.94603366,0.9479253,0.9784436,0.967109
aftermathmovie,0.96349335,0.9686465,0.97207314,0.97030395,0.961819,0.95802873,1.0,0.96963346,0.9836556,0.96307594,0.9686547,0.9494327,0.9723335,0.9551092,0.97629017,0.9604259,0.9532915,0.96094984,0.9617244,0.96493137,0.9691545,0.955053,0.96486574,0.9726327,0.9694229,0.8539721,0.9611948,0.9684686,0.9700428,0.9642314,0.964534,0.96929055,0.9375501,0.9423221,0.9341607,0.919192,0.9714842,0.95495373,0.9746948,0.97381383,0.9683083,0.9700727,0.9722278,0.9822966,0.9680946,0.96171457,0.9634519,0.9607016,0.96566975,0.97739935,0.97146183,0.97912395,0.9669434,0.9628792,0.9572367,0.9571005,0.9626766,0.97577274,0.97089577,0.97076285,0.96153384,0.9633776,0.97049713,0.9483565,0.97285247,0.9598641,0.9583333,0.97036874,0.96698344,0.968811,0.97496074,0.6070397,0.9558042,0.96140856,0.9530362,0.9578375,0.9077416,0.9711715,0.9680739,0.96602863,0.9695603,0.98263973,0.9665235,0.96259373,0.95113355,0.9694471,0.9658219,0.97136503,0.9545565,0.9717705,0.9615573,0.97496074,0.96942437,0.96251965,0.97261745,0.97624016,0.97433734,0.9719588,0.98034537,0.94608164,0.97735965,0.9636489,0.9633873,0.9770404,0.96463704,0.9687352,0.9756172,0.9609481,0.9576431,0.96762013,0.9735395,0.7839173,0.97940016,0.9133251,0.9681573,0.9747394,0.9736579,0.94136876,0.9757916,0.9914955,0.9675576,0.96488863,0.96385413,0.9669536,0.9740381,0.9626621,0.9475686,0.9627004,0.9641505,0.9187204,0.9673239,0.95796484,0.9747023,0.94125676,0.96772313,0.96584797,0.9599709,0.95707464,0.9684508,0.9703418,0.9836556,0.9756811,0.97294223,0.964462,0.96512544,0.96715426,0.9610445,0.957671,0.9608994,0.9683925,0.9848468,0.9734555,0.96634126,0.9442158,0.9635131,0.96327376,0.95353043,0.9777325,0.97575575,0.9603143,0.9836556,0.9463971,0.95718116,0.97782636,0.97205865
aftermovie,0.971671,0.9665451,0.96699023,0.96364576,0.9676289,0.95753706,0.96963346,0.9999999,0.98867553,0.95849806,0.9676895,0.95737034,0.97476685,0.9703163,0.96734035,0.96165806,0.97213674,0.97241086,0.9699944,0.97197735,0.97693825,0.96677834,0.97881716,0.9812498,0.96742225,0.8636508,0.96592426,0.97537464,0.9755547,0.96916735,0.97000045,0.9676433,0.951597,0.9528808,0.94426453,0.9259668,0.9778046,0.957882,0.9723826,0.9782022,0.96413165,0.976534,0.96115386,0.9768923,0.9642849,0.95963943,0.97508794,0.967811,0.96730703,0.9783084,0.9711827,0.9805357,0.9709428,0.962876,0.9689597,0.95577896,0.9727188,0.9739802,0.9695501,0.9673378,0.96573055,0.9716995,0.97041005,0.97171247,0.96685344,0.96385366,0.9635563,0.96836084,0.96755195,0.9655658,0.9688678,0.64762866,0.95219153,0.95402694,0.96577275,0.963038,0.94150066,0.97276783,0.9677129,0.9600656,0.9694258,0.96526784,0.96578985,0.9793751,0.9580136,0.97343594,0.9563499,0.97177386,0.95364785,0.9737032,0.97326064,0.9688678,0.9615206,0.96927094,0.97722125,0.9790912,0.97731286,0.96207654,0.9485953,0.9650343,0.971416,0.9684337,0.96861345,0.97886693,0.9691467,0.97076494,0.97183937,0.9782781,0.9643422,0.9680164,0.97176,0.7909805,0.965696,0.92144305,0.9702091,0.98458886,0.9761303,0.95985055,0.9732552,0.9729646,0.9749454,0.96621513,0.96964055,0.96021324,0.9816363,0.978239,0.9537873,0.9676082,0.96806484,0.9241922,0.9742596,0.9663637,0.98599803,0.9629188,0.9654771,0.96727735,0.96466815,0.9498651,0.96637803,0.9711498,0.98867553,0.97281796,0.96685904,0.97655946,0.9639868,0.9776852,0.9599102,0.9611019,0.97739506,0.97135496,0.9535957,0.96494156,0.96693826,0.9468502,0.9608236,0.9568225,0.96820325,0.9701441,0.9759399,0.9587096,0.98867553,0.94697607,0.9690148,0.9825987,0.96366125
ahiddenlifefilm,0.97721994,0.97398275,0.9845987,0.97952175,0.98014426,0.9720609,0.9836556,0.98867553,1.0,0.9740963,0.97467333,0.9697635,0.9880432,0.9804271,0.98564756,0.9765096,0.97681355,0.98466885,0.97773004,0.9820513,0.98349094,0.9800865,0.98491955,0.9855049,0.9721108,0.86532605,0.9811742,0.9890333,0.98768824,0.980395,0.97955585,0.9783458,0.9640183,0.9549452,0.9484188,0.93628,0.9885477,0.9709594,0.9869909,0.976942,0.97919214,0.9829156,0.97483915,0.9832878,0.98242617,0.97871745,0.9806582,0.9777301,0.9733589,0.9823705,0.98567754,0.9865608,0.9771701,0.9751553,0.97681993,0.9705012,0.97745794,0.98739177,0.9858973,0.98056555,0.97189796,0.9753185,0.9864627,0.9775108,0.98081774,0.97158504,0.96692216,0.9746476,0.9764572,0.9779835,0.9811797,0.63012224,0.967898,0.97722995,0.9731572,0.96193,0.93769324,0.973274,0.9774017,0.9760841,0.98032874,0.9797963,0.9765125,0.9845529,0.9699411,0.98081565,0.9769071,0.9880319,0.96882904,0.98646915,0.97825855,0.9811797,0.97616804,0.9787866,0.9873127,0.9860532,0.98431975,0.97793245,0.96334225,0.9742393,0.9867681,0.98174983,0.9820154,0.9816555,0.972879,0.9830166,0.9850173,0.9797126,0.9778184,0.9819896,0.9813728,0.78858304,0.98155725,0.93437773,0.97974664,0.98387027,0.98329973,0.96887946,0.98554695,0.98430383,0.98301303,0.97764665,0.9807581,0.96464384,0.98721784,0.98555744,0.97188896,0.97999966,0.97897804,0.93447477,0.982123,0.97194755,0.987451,0.96578574,0.97631127,0.98105013,0.97116154,0.957902,0.97849476,0.98277146,1.0,0.9876604,0.9822501,0.98190767,0.96759427,0.9798015,0.9769403,0.9709554,0.9822595,0.9711272,0.9709376,0.9808855,0.98387057,0.9612978,0.97057056,0.9723759,0.97445285,0.9834827,0.9839265,0.96636796,1.0,0.9725539,0.9835982,0.9893217,0.9749233
alitamovie,0.94565296,0.94549906,0.95849097,0.9533535,0.96491843,0.951313,0.96307594,0.95849806,0.9740963,0.9999998,0.948481,0.95032746,0.96238184,0.96322733,0.9695016,0.95124036,0.9503286,0.96990776,0.9520471,0.9558092,0.96870273,0.9412465,0.95037884,0.9634873,0.9456756,0.8632458,0.95990103,0.9622387,0.95217943,0.9526487,0.9593702,0.9580802,0.9329049,0.91159195,0.91380435,0.93013203,0.95409644,0.94442934,0.96745986,0.94895667,0.9569352,0.9571589,0.9548617,0.95967066,0.9667331,0.9583789,0.94232213,0.95665324,0.9461879,0.9591831,0.95650744,0.96061695,0.9615575,0.9628464,0.94209814,0.97339755,0.9623231,0.96348816,0.9627872,0.95276666,0.953047,0.93306047,0.96982366,0.9452059,0.95781535,0.9511812,0.9387238,0.9502485,0.9503306,0.9415041,0.9521657,0.61944467,0.94771725,0.94897074,0.94092476,0.94460577,0.9094018,0.93923795,0.948163,0.9539187,0.9562525,0.9560591,0.9449932,0.9542471,0.94538486,0.95428216,0.95619303,0.97684795,0.9526573,0.96408755,0.94230765,0.9521657,0.9592927,0.9577614,0.95459944,0.96695274,0.9558994,0.9494517,0.93559605,0.94344693,0.9659138,0.95659614,0.9484359,0.9501366,0.9615002,0.9553291,0.9701836,0.9483941,0.9542612,0.9554192,0.9581029,0.77274424,0.9652578,0.9103944,0.96334153,0.9494077,0.95288664,0.9275962,0.9658122,0.96614707,0.95433277,0.95210785,0.9623337,0.93588954,0.96463597,0.96402127,0.9677632,0.9566952,0.95424396,0.9255468,0.9637893,0.9548998,0.96175754,0.9416015,0.9702499,0.95058435,0.9409183,0.93514097,0.95161295,0.96483576,0.9740963,0.95787317,0.9607173,0.95169336,0.9366027,0.9547599,0.96185976,0.9357457,0.945979,0.9542573,0.95365065,0.9562388,0.96307176,0.944743,0.94430846,0.944571,0.9429101,0.9592364,0.9593747,0.949727,0.9740963,0.9537623,0.96249306,0.9601383,0.9517076
angelhasfallen,0.9630581,0.9571705,0.9626542,0.953068,0.95245916,0.9380457,0.9686547,0.9676895,0.97467333,0.948481,1.0000001,0.94074625,0.9676116,0.9447615,0.9650966,0.9455661,0.95562834,0.9578422,0.9667455,0.96132016,0.9571108,0.9553685,0.9566325,0.96792954,0.9509766,0.84891385,0.9438979,0.9652021,0.96014935,0.9644725,0.9565905,0.9739061,0.9488714,0.9296049,0.9198152,0.8944172,0.95394635,0.9414406,0.9544301,0.9562279,0.95512205,0.9668017,0.96067804,0.9590837,0.95694846,0.9452655,0.9554441,0.95332766,0.9412727,0.9673686,0.95366025,0.9695352,0.9474836,0.9471882,0.94765896,0.9414211,0.9518365,0.97400886,0.96760446,0.95698714,0.9544604,0.9566211,0.9663667,0.9466325,0.96137565,0.98077965,0.9518403,0.963969,0.96718913,0.95219624,0.9553629,0.61306053,0.9448991,0.9463586,0.95526433,0.95773125,0.8969912,0.94995224,0.9509394,0.9455243,0.97627836,0.9577069,0.9536713,0.962913,0.93399066,0.9494487,0.9634494,0.96287864,0.93532205,0.96453243,0.95930684,0.9553629,0.96352947,0.9450684,0.95411986,0.9735168,0.9751552,0.96246666,0.94920975,0.9387588,0.95583844,0.95420104,0.95855355,0.9551133,0.9453923,0.95094293,0.96045434,0.9470292,0.9448223,0.9639953,0.9516681,0.74923116,0.9641409,0.90933484,0.95547456,0.97414327,0.96263933,0.9527361,0.9688407,0.9621965,0.95586926,0.9649603,0.94946736,0.93493855,0.95567185,0.96415806,0.94098383,0.9523327,0.9640441,0.9168478,0.9515966,0.9402839,0.9691629,0.9273525,0.96569616,0.9661294,0.954598,0.94091403,0.9444154,0.9511771,0.97467333,0.961099,0.944724,0.94332623,0.96056086,0.9704599,0.954382,0.95065194,0.94051486,0.9534412,0.94253594,0.9697857,0.95856416,0.9454485,0.9495379,0.9409143,0.9595184,0.95814663,0.9687685,0.9547427,0.97467333,0.9478505,0.9521251,0.9590766,0.9501161
angrybirdsmovie,0.9420252,0.93469787,0.963285,0.9449209,0.97195625,0.96249807,0.9494327,0.95737034,0.9697635,0.95032746,0.94074625,1.0000001,0.9474476,0.9702554,0.9610291,0.93099755,0.9413554,0.95952636,0.94050837,0.96039313,0.95399237,0.9527236,0.9574229,0.9537382,0.9320678,0.84225225,0.9576394,0.96364087,0.9644913,0.94778997,0.95880383,0.9271861,0.92410517,0.9492387,0.9222353,0.91699255,0.96093565,0.94623584,0.9710409,0.93529266,0.9510776,0.95830905,0.95632046,0.95455503,0.94379973,0.9568224,0.9563211,0.9591345,0.9525875,0.9571146,0.97397894,0.9457941,0.96246415,0.93995553,0.9426802,0.9544533,0.96109855,0.964334,0.96202344,0.94428724,0.93574846,0.932886,0.95120907,0.9639971,0.9400203,0.94921494,0.9252512,0.93223906,0.941061,0.93111646,0.9443289,0.61122876,0.9514204,0.95317805,0.9304627,0.9204793,0.9215932,0.9315887,0.9477301,0.94154334,0.95090175,0.95465374,0.9392245,0.9574819,0.9568981,0.9594195,0.95542693,0.94940954,0.9532832,0.9665281,0.9449893,0.9443289,0.95122904,0.9617174,0.978199,0.95715743,0.9420513,0.9319056,0.9150596,0.9540659,0.97399765,0.95313567,0.9589156,0.94776154,0.9484931,0.97454625,0.95140064,0.9446788,0.95744747,0.9525411,0.9486375,0.82746994,0.95543975,0.91486615,0.9591806,0.95051193,0.95357054,0.9323257,0.9544452,0.9502146,0.947148,0.9471202,0.95561635,0.94031495,0.9530736,0.9548149,0.94396794,0.96497166,0.968854,0.9303085,0.9534147,0.95148486,0.95563155,0.9314726,0.9477183,0.93917346,0.92611516,0.8940588,0.9589155,0.9518367,0.9697635,0.9640486,0.9623808,0.93500984,0.92286247,0.93445104,0.93555504,0.94829583,0.94826,0.9299046,0.948271,0.9492454,0.9558854,0.92330354,0.9326386,0.9265895,0.94379866,0.96236956,0.954936,0.94237167,0.9697635,0.9530077,0.95500803,0.9699427,0.95766157
annabellemovie,0.96437764,0.96366125,0.97005916,0.97798777,0.96520203,0.9647048,0.9723335,0.97476685,0.9880432,0.96238184,0.9676116,0.9474476,1.0000001,0.96463037,0.9745042,0.9738782,0.9655232,0.97600067,0.9684641,0.9722757,0.9704211,0.97329825,0.973889,0.9791242,0.96706027,0.86194307,0.9672879,0.97501016,0.97717625,0.96771765,0.9624655,0.9738285,0.9614515,0.94104016,0.93911695,0.91926414,0.97902465,0.9698312,0.9759049,0.96779037,0.9813795,0.97331804,0.9566935,0.9767471,0.9735147,0.95859045,0.9725166,0.9562736,0.9586053,0.9735585,0.97230893,0.9790125,0.968295,0.9592182,0.9707516,0.95984733,0.96566737,0.973599,0.977435,0.97200453,0.9781387,0.9714392,0.9763434,0.96300715,0.9721556,0.96742445,0.96136653,0.9671384,0.9670342,0.9786063,0.9663317,0.6122039,0.9488332,0.96217585,0.9729998,0.9523809,0.9261539,0.96730876,0.96184075,0.9705848,0.9717732,0.9710251,0.97176874,0.9745806,0.96991503,0.9656033,0.9684982,0.9885464,0.94789433,0.9717914,0.9630704,0.9663317,0.96459657,0.96297544,0.96600586,0.9697788,0.973238,0.9686765,0.94891024,0.9641213,0.97156084,0.9761411,0.9656481,0.9629945,0.9544281,0.9666807,0.97189224,0.97941154,0.9698963,0.97283167,0.96912634,0.78207785,0.972285,0.93228436,0.9602584,0.9741496,0.97242737,0.96146685,0.9723161,0.96984136,0.9732447,0.9651351,0.96863127,0.95694155,0.9674761,0.9755313,0.96916443,0.97674024,0.96906734,0.92067635,0.9694052,0.9676877,0.97531605,0.9429161,0.9703232,0.96732295,0.96682847,0.9502176,0.9594898,0.96818,0.9880432,0.9771807,0.9650006,0.9761694,0.96892995,0.97563547,0.9690691,0.9651443,0.9754517,0.96437544,0.95706403,0.9688895,0.97365427,0.9541994,0.9603226,0.9649718,0.96789175,0.96685576,0.96808106,0.9533418,0.9880432,0.9647125,0.97541976,0.97782934,0.9669567
annamovie,0.94558895,0.94312346,0.9613384,0.94505215,0.96742225,0.9630206,0.9551092,0.9703163,0.9804271,0.96322733,0.9447615,0.9702554,0.96463037,1.0,0.9625672,0.95673996,0.9672817,0.96822935,0.94390035,0.96191275,0.96904826,0.971785,0.96493345,0.9695579,0.954114,0.8340831,0.96970814,0.97458214,0.9723139,0.96623385,0.9580843,0.95216537,0.9489305,0.93949586,0.9391152,0.94193095,0.96935225,0.9465504,0.966655,0.95183533,0.9549683,0.96452194,0.96111894,0.96171635,0.95847154,0.96284187,0.96067405,0.97102064,0.9542678,0.9592069,0.9723559,0.958372,0.97043204,0.9635892,0.94681424,0.9567966,0.9702995,0.9697306,0.9688095,0.9636892,0.9635399,0.9466782,0.9712098,0.98166925,0.9537583,0.9482854,0.9479054,0.9452624,0.9519905,0.95546603,0.96318865,0.6551166,0.9604751,0.95388687,0.95683455,0.9432922,0.94570315,0.9410977,0.96240956,0.9542917,0.96208775,0.95146555,0.94965464,0.97135466,0.963275,0.9599513,0.9511245,0.9658966,0.95960945,0.9755221,0.95278025,0.96318865,0.95255333,0.9601078,0.97103715,0.96493,0.9589722,0.94913054,0.93421954,0.97159475,0.97685057,0.9749991,0.9740048,0.96563226,0.9741898,0.97181463,0.9717667,0.97303206,0.96899414,0.9561436,0.96530837,0.78371024,0.9540318,0.9238427,0.96670175,0.95458496,0.96129745,0.9596873,0.9672061,0.9587214,0.96048015,0.9504599,0.9520584,0.94250625,0.96668774,0.9672302,0.9617329,0.95854187,0.9669577,0.9312064,0.96784484,0.95884913,0.9696554,0.96011436,0.9528145,0.96490806,0.9441496,0.9271784,0.9700296,0.9669896,0.9804271,0.9691583,0.9699307,0.9637096,0.94069767,0.9483825,0.95543647,0.956423,0.96760094,0.9516715,0.94262064,0.95291704,0.9615088,0.9493838,0.95326364,0.94975007,0.9554697,0.96772015,0.96450686,0.93405515,0.9804271,0.96049786,0.97206366,0.9712564,0.9595762
apollo11movie,0.9612368,0.96367806,0.97502226,0.96887773,0.9675826,0.95769364,0.97629017,0.96734035,0.98564756,0.9695016,0.9650966,0.9610291,0.9745042,0.9625672,1.0000001,0.9655709,0.96622807,0.97164786,0.9623367,0.97700894,0.96709037,0.9608018,0.96897477,0.96741676,0.9542791,0.8561649,0.96012956,0.97752047,0.9720311,0.976555,0.96971935,0.9669084,0.95802724,0.93657,0.9364998,0.9107777,0.9733898,0.95955193,0.97876835,0.96032614,0.9626517,0.9646246,0.95912623,0.96747154,0.9731969,0.9679154,0.97130424,0.96600825,0.95460826,0.9704072,0.977089,0.9728392,0.96491003,0.9577753,0.96050936,0.9667912,0.9688241,0.9739542,0.9750208,0.96590376,0.95310104,0.9550496,0.97450066,0.9633175,0.9684833,0.96098155,0.9480364,0.9605637,0.96649075,0.95856076,0.968507,0.6130105,0.95671546,0.96165454,0.9516021,0.9484258,0.91731805,0.95506406,0.9612946,0.96296644,0.9650184,0.975068,0.95859575,0.9668653,0.9579412,0.96915656,0.97137827,0.9775183,0.95914817,0.97558,0.96117556,0.968507,0.9642533,0.9657496,0.974244,0.97854584,0.9665686,0.96319264,0.9541642,0.9520011,0.97199255,0.96953857,0.97226536,0.9641491,0.96021736,0.9729313,0.96875787,0.9526172,0.96708924,0.9629672,0.9663085,0.7819638,0.975016,0.913279,0.9649127,0.9675107,0.9706308,0.9477462,0.97211236,0.97834444,0.96321857,0.960965,0.97297543,0.94742596,0.96937066,0.96835834,0.9666443,0.96870106,0.9694992,0.9268003,0.96761644,0.95501375,0.97278744,0.94911194,0.9656205,0.9734783,0.9466122,0.9377501,0.96410304,0.97032344,0.98564756,0.97089845,0.9608084,0.95908093,0.94380766,0.95953995,0.9658525,0.9597788,0.9551837,0.95597,0.9647796,0.9706687,0.97758657,0.9427605,0.95961756,0.9588245,0.9713275,0.97504026,0.97243,0.9607368,0.98564756,0.9608992,0.968585,0.97153306,0.9667019
arcticdogsmovie,0.95076275,0.9659356,0.9584344,0.95930463,0.9503249,0.94034284,0.9604259,0.96165806,0.9765096,0.95124036,0.9455661,0.93099755,0.9738782,0.95673996,0.9655709,1.0,0.9663225,0.95998573,0.9538158,0.9597546,0.9629782,0.96487904,0.9527123,0.96282625,0.964314,0.8670991,0.96222967,0.9731936,0.9665542,0.9669099,0.95372593,0.95574933,0.96454424,0.91601163,0.934009,0.9134569,0.9669716,0.95426536,0.95854807,0.966498,0.9554583,0.9539235,0.9581885,0.95837426,0.96889305,0.9472325,0.9515022,0.9591029,0.9496334,0.9584412,0.9609978,0.97575927,0.9442289,0.951891,0.9511326,0.94009185,0.9622992,0.96216065,0.9615473,0.96436316,0.96376216,0.959218,0.9711694,0.9559035,0.9673083,0.9498073,0.9442078,0.9647648,0.9511372,0.9496235,0.9639946,0.6306201,0.93461394,0.9641164,0.95482254,0.9448405,0.9075468,0.94940436,0.9516313,0.95621586,0.9477186,0.9583036,0.9598875,0.94817364,0.95351714,0.9619394,0.9494711,0.96736634,0.94573253,0.96641845,0.95135593,0.9639946,0.959044,0.9649632,0.95439655,0.9596449,0.96182895,0.9614368,0.93583834,0.94496346,0.95237,0.9632188,0.9635917,0.96352804,0.94783366,0.9544259,0.9620329,0.96754897,0.9740814,0.9570544,0.9500398,0.74968135,0.9544726,0.9082206,0.9496352,0.9537107,0.96176565,0.9468124,0.9613329,0.9675264,0.9692408,0.9495339,0.96193904,0.94121766,0.96437585,0.9661836,0.9584124,0.95911175,0.9494246,0.9311627,0.96021605,0.96466476,0.96933985,0.93565553,0.95759594,0.96324295,0.9428507,0.94435614,0.9553072,0.9614264,0.9765096,0.9667216,0.9535399,0.9605639,0.9489026,0.96199715,0.9636821,0.94245785,0.9659477,0.95988876,0.9399436,0.9561382,0.96474224,0.9437623,0.9529356,0.96566767,0.95542216,0.95897293,0.95531076,0.9287642,0.9765096,0.9510602,0.96943754,0.9571263,0.9462539
arcticmovie,0.9503451,0.9585878,0.95492154,0.9508583,0.9513051,0.937558,0.9532915,0.97213674,0.97681355,0.9503286,0.95562834,0.9413554,0.9655232,0.9672817,0.96622807,0.9663225,1.0,0.9639202,0.95733535,0.96419424,0.9581904,0.960939,0.9592546,0.9665458,0.94617575,0.8469892,0.9621384,0.97488236,0.95808727,0.97262746,0.956263,0.95855993,0.9495089,0.9334447,0.92650163,0.91256607,0.9603143,0.9393414,0.95489717,0.9531653,0.9437065,0.9633644,0.94722813,0.95696896,0.96704537,0.95427555,0.9555715,0.96207494,0.93845296,0.96180207,0.95823574,0.96270335,0.9509001,0.9515588,0.94855493,0.9468847,0.96736586,0.96701187,0.95438606,0.9592731,0.9496592,0.9514973,0.9712968,0.9597036,0.94425476,0.95196104,0.94874954,0.94905424,0.9589005,0.9541422,0.9624008,0.6212527,0.95320565,0.9453001,0.9688816,0.9494732,0.9381822,0.951463,0.9570113,0.9462168,0.962326,0.94922006,0.95467716,0.9654647,0.9426478,0.9600001,0.94737375,0.9604568,0.94870394,0.96798426,0.95496386,0.9624008,0.94105214,0.9550145,0.9570436,0.96242636,0.96855587,0.9482549,0.9404632,0.9625745,0.9529328,0.9629865,0.96185553,0.9631619,0.95055574,0.9546855,0.96133935,0.95762455,0.9549463,0.94733447,0.95631295,0.74707663,0.95233816,0.92038953,0.94887674,0.9560336,0.95579964,0.96212256,0.96493256,0.95941293,0.95553243,0.9429745,0.94992,0.9265078,0.96430963,0.96149594,0.95414126,0.94621617,0.9583674,0.9260533,0.9614078,0.94867647,0.97291076,0.9538897,0.95085794,0.9686443,0.94587725,0.9343312,0.95529073,0.9571158,0.97681355,0.95467144,0.9451545,0.961849,0.9454574,0.9516239,0.96006966,0.94107735,0.9568263,0.95091057,0.93975925,0.94604826,0.9631575,0.93907446,0.95348656,0.94836855,0.9596002,0.95784837,0.9582323,0.93030757,0.97681355,0.9398653,0.9627318,0.9602601,0.94298154
artofracingmovie,0.9558239,0.95975137,0.9664622,0.9559007,0.9854945,0.96948034,0.96094984,0.97241086,0.98466885,0.96990776,0.9578422,0.95952636,0.97600067,0.96822935,0.97164786,0.95998573,0.9639202,0.99999994,0.9634416,0.96677804,0.9658297,0.9659328,0.97351557,0.9648549,0.94708085,0.8623487,0.96876687,0.9792449,0.970434,0.9541506,0.966577,0.96488607,0.9485155,0.943585,0.93605524,0.927642,0.9711259,0.95854115,0.9746435,0.9549967,0.9694003,0.96374243,0.9554916,0.9612654,0.9736321,0.9639497,0.9660471,0.95913935,0.950028,0.9596787,0.97709817,0.9627688,0.97759616,0.966216,0.96616495,0.97136855,0.9661775,0.9704109,0.9683255,0.96254396,0.9604423,0.94711334,0.97006595,0.9643431,0.9593466,0.963684,0.94190717,0.94691426,0.9496893,0.9629474,0.9603496,0.6254464,0.9545249,0.9685854,0.9558417,0.9376703,0.9204051,0.94717544,0.94908625,0.96316874,0.9640513,0.957943,0.9571505,0.967297,0.95842236,0.9651773,0.9626763,0.9776871,0.94796085,0.9800012,0.9550585,0.9603496,0.9578998,0.9687524,0.9746837,0.9686522,0.9652248,0.95787364,0.93345207,0.96373147,0.9731651,0.9655435,0.9639267,0.9565877,0.9613361,0.9715723,0.96806175,0.9628892,0.959923,0.9608028,0.9616546,0.81103516,0.96669686,0.9227749,0.97100765,0.9662964,0.9638546,0.9460753,0.9621121,0.9620933,0.9722136,0.96203643,0.9620126,0.9473373,0.9696056,0.9719543,0.96849,0.974351,0.9691466,0.92300034,0.9613412,0.9656003,0.9771317,0.95183235,0.96322364,0.95495564,0.9575031,0.92412627,0.96306884,0.9737594,0.98466885,0.97755045,0.9665753,0.96260506,0.9419243,0.96720463,0.9676208,0.9582872,0.9675917,0.9434435,0.9509851,0.95949554,0.9647846,0.9404552,0.95307225,0.94900477,0.9648313,0.9681436,0.96361744,0.95413965,0.98466885,0.9640634,0.970768,0.9799003,0.96445197
avengers,0.98163676,0.9481467,0.9735272,0.9674002,0.95397866,0.94493866,0.9617244,0.9699944,0.97773004,0.9520471,0.9667455,0.94050837,0.9684641,0.94390035,0.9623367,0.9538158,0.95733535,0.9634416,0.99999964,0.9650058,0.9605536,0.9577927,0.96279013,0.9627202,0.9568925,0.85549015,0.96099335,0.9691539,0.96491843,0.96427494,0.98173165,0.95263386,0.94431275,0.93368554,0.9096913,0.89427745,0.9669801,0.95369244,0.96813416,0.9592302,0.9599243,0.9670177,0.945818,0.96014494,0.96395755,0.94930166,0.96185607,0.95476234,0.9382417,0.9683545,0.9594714,0.96487904,0.95158255,0.96331924,0.95996666,0.94704586,0.9601521,0.96627384,0.9622851,0.9612098,0.9399634,0.96287453,0.9679744,0.94830173,0.9550392,0.96202755,0.9504227,0.953402,0.9574528,0.9501307,0.9530821,0.57023144,0.9430712,0.9572424,0.95433456,0.9487459,0.90002126,0.96067786,0.952273,0.9460032,0.9597191,0.9621577,0.9528142,0.9648096,0.9475705,0.96799797,0.9570213,0.97140044,0.9463032,0.9664892,0.96685785,0.9530821,0.9556023,0.97106516,0.9675775,0.96637905,0.9732311,0.9684014,0.9377767,0.9457852,0.96079963,0.95297676,0.9553112,0.96016115,0.93748826,0.9571488,0.9584579,0.95246714,0.9560003,0.9639222,0.9624015,0.7850468,0.9635613,0.9034797,0.956344,0.97105294,0.9681419,0.938933,0.9613551,0.9651163,0.9640004,0.9615739,0.96945107,0.9426624,0.96974546,0.9677706,0.9465544,0.967115,0.9599784,0.9193013,0.9634481,0.9600289,0.9674336,0.9247508,0.9671914,0.9675931,0.9587141,0.9459472,0.95346963,0.95579094,0.97773004,0.9613606,0.95461,0.9592713,0.94780624,0.9692578,0.95402783,0.9333757,0.96178126,0.955733,0.9444922,0.9670354,0.95689076,0.95645714,0.9421514,0.95225847,0.950846,0.9511952,0.9639943,0.9576839,0.97773004,0.9441964,0.95896584,0.9630381,0.947917
beachbummovie,0.96077096,0.9619684,0.96114165,0.9751438,0.9613909,0.9583601,0.96493137,0.97197735,0.9820513,0.9558092,0.96132016,0.96039313,0.9722757,0.96191275,0.97700894,0.9597546,0.96419424,0.96677804,0.9650058,1.0000001,0.957906,0.9703737,0.9753376,0.9694169,0.95287657,0.8440442,0.95615685,0.9724884,0.96643746,0.9750718,0.96729755,0.9627279,0.960471,0.9318899,0.9398768,0.9071632,0.96978015,0.95461595,0.9737824,0.9664981,0.954383,0.9631533,0.9455451,0.9585153,0.9643485,0.9727811,0.97525245,0.9658267,0.9530777,0.96168417,0.9682095,0.9723173,0.96527237,0.95733887,0.9550321,0.95257735,0.96601427,0.96551996,0.9764086,0.95880824,0.95224386,0.9633032,0.9688009,0.961459,0.9636255,0.9576228,0.95164883,0.95944905,0.9678414,0.9721268,0.9607739,0.6479864,0.9468865,0.9569289,0.95621425,0.9477108,0.9170717,0.9535636,0.9725229,0.9746726,0.9614926,0.9627293,0.9543847,0.97030616,0.956071,0.96311146,0.95635307,0.9714248,0.9546316,0.9719654,0.9642913,0.9607739,0.96300876,0.97220373,0.97189045,0.9727818,0.9707095,0.9672831,0.942349,0.95395935,0.97076166,0.9718305,0.9673201,0.9670994,0.95573497,0.96500796,0.9683383,0.9608546,0.95703155,0.9690668,0.96847075,0.7759578,0.9568499,0.9172522,0.94725716,0.9679291,0.9633938,0.9564219,0.97060704,0.96641195,0.9618151,0.95407987,0.9648612,0.956943,0.97117424,0.9741537,0.9653597,0.96503705,0.96813226,0.9141375,0.9559234,0.95443225,0.967274,0.94405645,0.94737977,0.97378683,0.94304025,0.94077617,0.96435887,0.9703974,0.9820513,0.96554846,0.9562985,0.9639101,0.9411308,0.966312,0.94914156,0.95317614,0.9640274,0.9471651,0.9521365,0.9566901,0.97181016,0.9552915,0.9533596,0.9502172,0.97076136,0.97449946,0.95825917,0.94366443,0.9820513,0.9593237,0.9719669,0.9728674,0.9639923
bernadettefilm,0.968535,0.95434946,0.9658516,0.96827114,0.9692144,0.9568347,0.9691545,0.97693825,0.98349094,0.96870273,0.9571108,0.95399237,0.9704211,0.96904826,0.96709037,0.9629782,0.9581904,0.9658297,0.9605536,0.957906,1.0,0.95185333,0.9683801,0.9804795,0.96637416,0.8767839,0.9594261,0.96539766,0.9685034,0.96596146,0.96358305,0.96012557,0.9488374,0.9440276,0.92928606,0.92771894,0.9777727,0.96603495,0.9717892,0.96657526,0.97233063,0.970158,0.9597523,0.9725534,0.9658871,0.961591,0.961056,0.9523952,0.95735717,0.9667757,0.9660956,0.9739899,0.9603088,0.95746195,0.95578456,0.9619376,0.96151036,0.97617716,0.9681081,0.9730536,0.962616,0.9674072,0.9712258,0.96532094,0.9697878,0.9621476,0.9540614,0.9695259,0.9500213,0.9580779,0.9672066,0.62909806,0.9508672,0.9603552,0.9657017,0.94830227,0.92044467,0.9555523,0.9578145,0.9592021,0.95804363,0.96162903,0.964756,0.96921426,0.9500301,0.9657713,0.9567906,0.97202295,0.9630016,0.971542,0.9689023,0.9672066,0.96342534,0.9625402,0.9678898,0.9693938,0.9617877,0.9598507,0.9494869,0.96695024,0.9728269,0.96450055,0.9634436,0.96538025,0.9609959,0.9691194,0.968003,0.97131866,0.95402473,0.97058433,0.95955175,0.785795,0.97653335,0.9224549,0.97583896,0.96906227,0.97568256,0.9575522,0.9692973,0.9724637,0.9687395,0.9695861,0.96234834,0.9523523,0.9788879,0.9675611,0.9531342,0.96203905,0.9572919,0.9186771,0.9888021,0.9604478,0.97220933,0.95389336,0.97060335,0.9657764,0.97028196,0.9577469,0.9636889,0.9630267,0.98349094,0.96873003,0.9714053,0.9636886,0.9622745,0.9654445,0.9665612,0.9581053,0.96620494,0.9743305,0.96372014,0.9608181,0.9719299,0.94233257,0.9597218,0.9629329,0.957097,0.9646992,0.9748053,0.96124834,0.98349094,0.9561617,0.9729646,0.97228515,0.962672
