movie,21bridgesmovie,47metersdown,abeautifuldaymovie,abominablemovie,adastramovie,adogsjourneymovie,aftermathmovie,aftermovie,ahiddenlifefilm,alitamovie,angelhasfallen,angrybirdsmovie,annabellemovie,annamovie,apollo11movie,arcticdogsmovie,arcticmovie,artofracingmovie,avengers,beachbummovie,bernadettefilm,blackandbluemovie,blackchristmas,blindedbythelightmovie,bombshellmovie,booksmart,breakthroughmovie,brianbanksmovie,brightburnmovie,brittanyrunsmov,captainmarvelofficial,captivestatemovie,catsmovie,charliesangels,childsplaymovie,clarathefilm,coldpursuitmovie,countdown,currentwarmovie,darkwatersmovie,detectivepikachumovie,disneyaladdin,disneyfrozen,disneymaleficent,doctorsleepmovie,dolemiteismyname,dontletgomovie,doramovie,downtonabbey_official,dumbo,escaperoom,everybodyknowsmovie,fastandfuriousmovie,fightingwmyfam,fivefeetapartfilm,fordvferrari,freaksthefilm,geminimanmovie,glassmovie,gloriabellmovie,godzillamovie,goldfinchmovie,goodboysmovie,goodliarmovie,gretafilm,halathemovie,happydeathdaymovie,harrietfilm,hellboymovie,hersmellmovie,highlifemovie,highstrungmovie,honeyboymovie,hotelmumbaifilm,httydragon,hustlemovie,hustlersmovie,isntitromantic,itmovieofficial,jayandsilentbob,johnwickmovie,jojorabbitmovie,jokermovie,judythefilm,jumanjimovie,justmercyfilm,knivesout,lalloronamovie,lastblackmansf,lastchristmasthemovie,latenightmovie,lighthousemovie,lionking,littlethemovie,littlewomenmovie,littlewoodsfilm,longshotmovie,lordsofchaosmovie,lucyintheskyfilm,mamovie2019,marriagestory,meettheaddams,meninblack,midsommarmovie,midwaymovie,missbalamovie,missinglinkfilm,motherlessbklyn,onceinhollywood,onthebasisofsex,overcomermovie,peanutbutterfalcon,petsematarymovie,piercingmovie,playingwithfire,playmobilthemovie,pomsmovie,queenandslim,rambomovie,readyornotfilm,richardjewellfilm,rocketmanmovie,scarystoriesmovie,secretlifeofpets,serenityfilm,shaftmovie,shazammovie,spidermanmovie,spiesindisguise,starwars,stormboymovie,stubermovie,taosdfilm,teenspiritmov,terminator,theaeronautsmov,thebestofenemies,thedeaddontdie,thefarewell,thehighwaymen,thehummingbirdprojectfilm,theintrudermovie,theirishmanfilm,thekitchenmovie,thelegomovie,themustangfilm,thenightingalefilm,theprodigymovie,thesunisalsoastar,theupsidefilm,tolkienmovie,toystory,triplefrontier,uglydolls,uncutgems,underthesilverlake,usmovie,wavesmovie,whatmenwant,wonderparkmovie,wrinklestheclown,xmenmovies,yardiefilm,yesterdaymovie,zombieland
21bridgesmovie,1.0000002,0.944101,0.95992875,0.94878554,0.95639545,0.9546289,0.95922756,0.96162677,0.98060626,0.9562598,0.9674447,0.94758487,0.95596117,0.9703049,0.9636294,0.94728005,0.9567519,0.9531468,0.972049,0.94710964,0.9523174,0.9566269,0.9572447,0.9625154,0.94151634,0.91637313,0.95194405,0.9610111,0.97158444,0.9589147,0.9504628,0.95480627,0.9353389,0.9516512,0.9482373,0.9287509,0.9599299,0.97134894,0.96253175,0.95624566,0.95443714,0.9528677,0.94852823,0.95489293,0.94655615,0.9421935,0.95476186,0.9574831,0.9549734,0.95840096,0.9693286,0.96415466,0.95475405,0.9514376,0.95636004,0.94882023,0.9434079,0.95399755,0.9611349,0.96254945,0.9477916,0.96078616,0.95611054,0.96138626,0.9518549,0.9326474,0.9365796,0.9535387,0.9548815,0.9471995,0.963857,0.78552705,0.92941594,0.96603435,0.948321,0.95367384,0.9304001,0.94654596,0.95698774,0.94410986,0.9653989,0.9562217,0.95784956,0.933868,0.9576752,0.94858414,0.96475965,0.95557845,0.950902,0.96151394,0.9566365,0.963857,0.9438724,0.9482258,0.9542136,0.9620254,0.94156915,0.95755345,0.9461393,0.9522793,0.94307303,0.9577546,0.95409024,0.9534022,0.9560543,0.9680129,0.95956236,0.95667833,0.94361466,0.95795834,0.9615299,0.845042,0.96419084,0.90336186,0.9565866,0.96903086,0.9896252,0.94968957,0.9694858,0.9553387,0.95893794,0.96004504,0.96083647,0.9467141,0.96237653,0.96392685,0.96117896,0.9605036,0.95458555,0.9349448,0.9491982,0.9461294,0.95453984,0.92907745,0.95619935,0.95343065,0.96679515,0.9600418,0.9620443,0.9521572,0.98060626,0.9600618,0.95286286,0.94483715,0.9482733,0.9616917,0.94550765,0.9555192,0.9578975,0.97309434,0.948024,0.9490225,0.95986533,0.950854,0.9504071,0.9590355,0.9461387,0.9554348,0.96709514,0.96068436,0.98060626,0.94749606,0.9545265,0.95540714,0.96221644
47metersdown,0.944101,0.99999994,0.94285697,0.9493517,0.95549715,0.9369555,0.9497125,0.9428589,0.96565247,0.9542793,0.94116896,0.92476827,0.9502196,0.948797,0.9534677,0.96155304,0.93356746,0.95344543,0.93862116,0.9349041,0.9446429,0.9481324,0.95072085,0.94198704,0.9234786,0.90007913,0.94331074,0.9383661,0.95143425,0.94370586,0.93482083,0.93667513,0.92963195,0.91988784,0.92381155,0.8970825,0.94097257,0.93046117,0.94019425,0.94260776,0.9190748,0.93204516,0.9309997,0.92965275,0.9360397,0.9427224,0.9481776,0.9369841,0.9300314,0.93207234,0.9434222,0.94846463,0.94908553,0.94584405,0.93367374,0.9452556,0.9368501,0.9430754,0.93699694,0.95459604,0.9268072,0.9322234,0.9374979,0.9521035,0.93399805,0.9141805,0.92627734,0.94889617,0.9480059,0.9346187,0.95869625,0.79109913,0.9211775,0.9543422,0.93907076,0.9133442,0.911763,0.9323424,0.94177574,0.93241084,0.94225526,0.94656056,0.95004743,0.9344661,0.9471227,0.9440069,0.9456047,0.9533466,0.9317655,0.9298275,0.9425032,0.95869625,0.93106174,0.93500865,0.9275688,0.95316887,0.9362347,0.9367047,0.93354297,0.9482456,0.94484293,0.9426423,0.9493115,0.9487266,0.9562032,0.9475354,0.9321289,0.9525992,0.9346364,0.93518096,0.93916756,0.840347,0.9493737,0.87967217,0.9486267,0.93913174,0.9458558,0.93387586,0.95111895,0.94887316,0.9473865,0.93552744,0.92668027,0.9389968,0.9477268,0.9478208,0.95143527,0.9316948,0.9458687,0.9184241,0.9303821,0.9370659,0.93635404,0.9305597,0.95060056,0.9388622,0.9352696,0.93549156,0.95037025,0.94422567,0.96565247,0.9407622,0.9516282,0.9400607,0.94466174,0.9489594,0.92904663,0.9343427,0.9421871,0.9375048,0.9419819,0.93362796,0.9408522,0.92098993,0.92867714,0.941452,0.9326138,0.9480303,0.9433641,0.94578135,0.96565247,0.94001395,0.93960524,0.9514753,0.93540204
abeautifuldaymovie,0.95992875,0.94285697,1.0000002,0.95560104,0.94845116,0.95278263,0.9613548,0.95443213,0.9752929,0.9538751,0.9508601,0.9534827,0.96001184,0.9639252,0.95649046,0.95734584,0.9511368,0.94812626,0.9588571,0.9338857,0.94924015,0.958616,0.9526916,0.9485265,0.942344,0.8980549,0.9417127,0.95082885,0.97184634,0.95103616,0.94463754,0.950132,0.9275545,0.9482169,0.9309063,0.91311854,0.96479046,0.9402298,0.9521728,0.95485216,0.93815863,0.9539843,0.9539271,0.95470077,0.9516466,0.9523251,0.9464259,0.9623665,0.952819,0.95941967,0.96953964,0.9605552,0.9492756,0.9391403,0.9446703,0.9409821,0.9419824,0.95576054,0.9556756,0.95193326,0.9374502,0.96211815,0.94878644,0.95804346,0.9401437,0.9385974,0.9436708,0.9484986,0.959462,0.9495476,0.95236874,0.7718781,0.9166474,0.9594498,0.9460125,0.9376766,0.92176545,0.9522183,0.9536315,0.9389107,0.95435333,0.95995116,0.95633847,0.93893665,0.9571277,0.93689877,0.9559668,0.9589081,0.9375631,0.9550148,0.9547057,0.95236874,0.94719523,0.9434477,0.96570724,0.94611615,0.9397004,0.9464154,0.9481834,0.9548687,0.9568168,0.944102,0.9599336,0.94186455,0.95153004,0.9659159,0.95569974,0.9577218,0.95243466,0.9409997,0.9610625,0.86901253,0.96502835,0.88809294,0.956113,0.95881134,0.96074057,0.9408177,0.96490824,0.9552183,0.95518637,0.9507116,0.95127654,0.95631593,0.9576801,0.95274585,0.95733494,0.957771,0.9515266,0.9372019,0.9405687,0.9473172,0.95111,0.9338334,0.95952165,0.9425188,0.9384702,0.9477255,0.94877684,0.953457,0.9752929,0.96912855,0.96056426,0.9513288,0.9579173,0.9619313,0.9519476,0.94769794,0.9539128,0.9431623,0.94612575,0.9709741,0.9536937,0.92786914,0.9432724,0.94504297,0.9389231,0.94294,0.95575327,0.95487,0.9752929,0.9381812,0.95443887,0.94585073,0.95884055
abominablemovie,0.94878554,0.9493517,0.95560104,0.9999999,0.951019,0.95199084,0.95615524,0.94994366,0.97537166,0.9512761,0.9447278,0.94132006,0.9641278,0.9603258,0.9604068,0.9513086,0.95336574,0.9437888,0.95114475,0.9391811,0.95170754,0.95092696,0.9580132,0.95156217,0.94396174,0.9149016,0.944578,0.9461405,0.9552838,0.94808507,0.9489411,0.9557532,0.9530086,0.9212755,0.9421979,0.9156221,0.95622337,0.9536504,0.95699257,0.9432806,0.9223568,0.9478137,0.9406317,0.9452904,0.96188,0.95199746,0.9557683,0.9558743,0.9477192,0.95024985,0.9504625,0.9559903,0.9505353,0.9469456,0.95211005,0.93964523,0.9292521,0.9533461,0.9604297,0.9531074,0.9366373,0.9583831,0.9504623,0.95851713,0.94628704,0.93330437,0.92564094,0.9491769,0.95847857,0.9388995,0.9568605,0.77427965,0.9113087,0.9581555,0.95014036,0.9416364,0.92226756,0.9443323,0.9476534,0.9500002,0.9523575,0.964977,0.94956994,0.9404195,0.95537317,0.94387984,0.9606975,0.95331395,0.945417,0.9497596,0.9470955,0.9568605,0.9447431,0.9379153,0.94314134,0.9569186,0.94568306,0.9431735,0.9397852,0.9504261,0.95214343,0.94955206,0.9516097,0.9416978,0.9478769,0.9523665,0.9510236,0.96182936,0.9457855,0.9329262,0.9518957,0.86087537,0.965622,0.88229483,0.9580841,0.9452914,0.9515596,0.94940233,0.9578126,0.9544156,0.94456106,0.9460217,0.95174015,0.95554936,0.95415014,0.95193964,0.95441043,0.94629806,0.9538428,0.9393964,0.9426944,0.9407282,0.9474279,0.9336643,0.9571611,0.94471717,0.93255746,0.9404118,0.9482452,0.95239073,0.97537166,0.9568116,0.9601295,0.9510614,0.95108694,0.95240575,0.9394812,0.9654377,0.9530372,0.94647336,0.94281536,0.95072186,0.95796525,0.9282283,0.93287146,0.94864565,0.9441963,0.94468904,0.94724286,0.9565654,0.97537166,0.94574064,0.95202607,0.9585937,0.9466678
adastramovie,0.95639545,0.95549715,0.94845116,0.951019,1.0,0.9543107,0.95839715,0.95229506,0.9758326,0.9680916,0.95261794,0.9356366,0.9627591,0.9631836,0.95347273,0.9461043,0.9575921,0.9686525,0.9500023,0.9473183,0.94813335,0.9380423,0.9593583,0.9613446,0.93874276,0.9023448,0.958426,0.948927,0.95771515,0.9588194,0.9420482,0.9434065,0.94327533,0.93740046,0.9354661,0.91183645,0.9474808,0.94452226,0.96100044,0.9543119,0.93494016,0.9514598,0.94833004,0.95191246,0.95844704,0.9557011,0.9574875,0.9563746,0.9453474,0.9527871,0.94401765,0.96760947,0.9638757,0.94045097,0.94872373,0.9741872,0.9443183,0.95730555,0.9587801,0.95266956,0.94665486,0.9573505,0.95424414,0.96046144,0.9528633,0.9398562,0.9298551,0.95686126,0.954543,0.9635003,0.95776,0.80291003,0.92683244,0.96404827,0.9363516,0.93802184,0.92702425,0.9384964,0.9541199,0.9492368,0.95387137,0.9588475,0.9572574,0.94037545,0.9404692,0.9492582,0.9589057,0.95970154,0.95411646,0.95109344,0.9514447,0.95776,0.9437604,0.9489748,0.9295272,0.9532565,0.95124644,0.9534133,0.9487561,0.95229125,0.9556556,0.94976294,0.95061463,0.94752145,0.9602764,0.9450629,0.95255345,0.95520777,0.93846047,0.9452095,0.965221,0.8650587,0.95149004,0.8947055,0.95724165,0.9508537,0.9586612,0.9424599,0.9670506,0.95262444,0.9552593,0.9492824,0.95613486,0.95088404,0.956368,0.9584008,0.96196514,0.942797,0.9799919,0.93157053,0.93430585,0.9681404,0.94779015,0.9483034,0.9598952,0.94982404,0.9482515,0.951346,0.95514786,0.9585165,0.9758326,0.9465169,0.96285504,0.9514061,0.95067304,0.95758337,0.9324945,0.9451532,0.94693255,0.9461111,0.951356,0.94700927,0.9581758,0.9302834,0.9358655,0.9529,0.9458907,0.9496482,0.94874054,0.94820845,0.9758326,0.9595374,0.9596148,0.9616161,0.9484176
adogsjourneymovie,0.9546289,0.9369555,0.95278263,0.95199084,0.9543107,1.0000001,0.9688761,0.9452798,0.975149,0.9522545,0.95221394,0.94220036,0.9602883,0.9564146,0.94853646,0.94974625,0.94911844,0.94769263,0.9518063,0.9319332,0.9509831,0.9531134,0.9601085,0.96393865,0.933299,0.91897863,0.9438834,0.94709295,0.96704876,0.96232605,0.9547699,0.9528292,0.9373286,0.94765323,0.93041885,0.9172117,0.9514817,0.95920044,0.96818876,0.95347464,0.95034593,0.94890535,0.93685514,0.95036304,0.94946885,0.9477922,0.9547364,0.96011055,0.9500236,0.951293,0.95601916,0.9671381,0.95174474,0.94577986,0.9542157,0.9538032,0.93981636,0.94785756,0.96038264,0.9535272,0.9508718,0.9572762,0.94657934,0.9632403,0.9498746,0.9344812,0.9306038,0.95686966,0.9521778,0.9443186,0.9536411,0.78919625,0.9415488,0.9584423,0.94539386,0.93899536,0.93028283,0.9463895,0.95757955,0.9493635,0.9510407,0.9576055,0.96507996,0.94330335,0.93955386,0.94842756,0.95338494,0.95716447,0.95051205,0.96135366,0.9547145,0.9536411,0.9367627,0.94790626,0.945165,0.94144714,0.939287,0.9476186,0.9508635,0.9480389,0.9522191,0.9543922,0.95375067,0.9438067,0.9427399,0.9604584,0.9484055,0.9677348,0.9430365,0.9484051,0.95534235,0.8634158,0.9527574,0.8793876,0.9486784,0.9469738,0.9568559,0.939775,0.96068406,0.96143985,0.9585272,0.95171654,0.9619278,0.9684492,0.9609135,0.9575568,0.96804744,0.9591949,0.95970035,0.9344512,0.94493854,0.9392818,0.94311136,0.9468116,0.94503665,0.9604657,0.94225377,0.95336425,0.9502084,0.9447457,0.975149,0.9548265,0.9615693,0.961461,0.94926864,0.9538644,0.94197506,0.9459223,0.9637623,0.9448922,0.95690495,0.9430812,0.94624746,0.9191136,0.9331547,0.9520515,0.9395069,0.9489059,0.93995696,0.9493462,0.975149,0.94598913,0.9505054,0.9590123,0.95419014
aftermathmovie,0.95922756,0.9497125,0.9613548,0.95615524,0.95839715,0.9688761,1.0000001,0.95259964,0.98198885,0.952094,0.95180523,0.9493311,0.9710829,0.96401775,0.9593914,0.95358974,0.95313394,0.9519035,0.95542324,0.9393563,0.95873106,0.9605477,0.9596924,0.96342015,0.9375562,0.9018147,0.9492275,0.9508252,0.9737263,0.95838875,0.9605163,0.9550528,0.9371164,0.96347725,0.9414117,0.93024415,0.95791745,0.9550099,0.9630322,0.9564205,0.9412022,0.9642286,0.9539625,0.9585888,0.95521224,0.9465889,0.954509,0.9611344,0.95045924,0.96181655,0.9639643,0.9668663,0.96271074,0.9573718,0.95533687,0.95722383,0.950061,0.95841223,0.962945,0.960426,0.9473447,0.9648859,0.9611549,0.9617797,0.95598686,0.9429814,0.941605,0.95612055,0.9580519,0.94676894,0.9604531,0.78352416,0.93430233,0.9610242,0.94404954,0.93171793,0.9365407,0.9493834,0.9560104,0.9570222,0.9613906,0.9710257,0.9691357,0.95142984,0.95283514,0.95466137,0.9638574,0.9748072,0.94944733,0.9584101,0.9618681,0.9604531,0.93721694,0.94253916,0.95188195,0.9564156,0.9445637,0.95094246,0.97005296,0.9551254,0.953738,0.9624977,0.95455176,0.949583,0.95495224,0.97001064,0.9519417,0.96133024,0.9493374,0.9554545,0.9667739,0.8762985,0.9537789,0.9063234,0.9547074,0.95655864,0.96134055,0.9453265,0.97085273,0.9881916,0.95740825,0.9476534,0.9597722,0.96006966,0.9609529,0.9621231,0.9695821,0.96420974,0.96380335,0.9426166,0.9449124,0.9544665,0.94873154,0.94293433,0.95698327,0.9559499,0.94679844,0.9521913,0.9585534,0.95350206,0.98198885,0.964045,0.9601214,0.95844215,0.95631474,0.9629608,0.958957,0.9529823,0.95953333,0.9489705,0.97899616,0.9590524,0.95873713,0.92233527,0.9449824,0.9519901,0.9435123,0.9547901,0.94823366,0.9514987,0.98198885,0.9440575,0.96064675,0.9622584,0.9628692
aftermovie,0.96162677,0.9428589,0.95443213,0.94994366,0.95229506,0.9452798,0.95259964,0.99999946,0.974421,0.94839215,0.96169406,0.9431169,0.9582945,0.9585979,0.95157474,0.94039845,0.9454208,0.9513836,0.94034094,0.93436587,0.95524234,0.94819957,0.9530978,0.9488654,0.9363215,0.9095045,0.9546742,0.95021874,0.9652887,0.9461618,0.9384132,0.94772446,0.9196245,0.94439036,0.9515995,0.9119338,0.95020205,0.946527,0.9491099,0.94969606,0.94536245,0.9543715,0.93891084,0.9548182,0.9403696,0.9410236,0.94888335,0.9509132,0.95665634,0.9592185,0.96264964,0.9575737,0.94353306,0.93348134,0.9594702,0.9386302,0.94320875,0.94189864,0.9669314,0.9535557,0.93825644,0.9514068,0.93063766,0.9606968,0.95291156,0.93384475,0.9279222,0.9468196,0.9518022,0.9342096,0.95168126,0.75736463,0.9238249,0.9650079,0.94751656,0.9388153,0.92963564,0.94155145,0.95498294,0.9392436,0.95803994,0.95188075,0.95788443,0.9384449,0.9543604,0.9363458,0.9637447,0.95485616,0.9345594,0.94762903,0.9417867,0.95168126,0.93602175,0.93534905,0.939041,0.95517224,0.9361906,0.94406873,0.94016886,0.9410314,0.9387919,0.9397982,0.9432229,0.93070173,0.94162995,0.95920587,0.94943887,0.95477307,0.9456179,0.955204,0.9538469,0.8403652,0.9427748,0.8943028,0.9549265,0.9591406,0.96387917,0.94716436,0.96184105,0.9463485,0.96501815,0.9469021,0.95193774,0.9462788,0.95352894,0.96297055,0.9602673,0.9520584,0.95752394,0.9240332,0.9421347,0.9506868,0.9439219,0.91821986,0.93792623,0.94893795,0.9474114,0.94333106,0.9564255,0.93758637,0.974421,0.95336497,0.9450244,0.94610924,0.9563503,0.95199805,0.93966025,0.952364,0.95827925,0.9525663,0.9388043,0.93942374,0.9555787,0.9272679,0.9289903,0.9427786,0.94456255,0.95422995,0.95578855,0.94418156,0.974421,0.9375008,0.94602656,0.95573866,0.9564212
ahiddenlifefilm,0.98060626,0.96565247,0.9752929,0.97537166,0.9758326,0.975149,0.98198885,0.974421,0.99999976,0.9730804,0.97427523,0.96179503,0.9812327,0.98058873,0.98282146,0.970574,0.974468,0.97237587,0.9713931,0.9590722,0.9766092,0.9699741,0.9782727,0.9782726,0.95689726,0.9231213,0.9709461,0.97108614,0.98428553,0.97533935,0.96923745,0.9723124,0.9587765,0.96447575,0.9596317,0.9336145,0.9763506,0.9725436,0.97885066,0.9748537,0.9630101,0.97531617,0.96741354,0.9758658,0.9710247,0.9684645,0.9765869,0.97674304,0.97054094,0.9778314,0.97913355,0.9815293,0.97374594,0.9679235,0.96849304,0.9701124,0.96223354,0.97528833,0.97661835,0.9757542,0.9636943,0.97728807,0.9682086,0.97902143,0.9715013,0.9587919,0.9540765,0.97396404,0.97686744,0.96575284,0.98004156,0.8003668,0.94541955,0.98114926,0.9646376,0.9598326,0.94612694,0.9679097,0.97368,0.9672119,0.9762794,0.97852236,0.9794185,0.96009517,0.972194,0.9687633,0.97699165,0.9796413,0.9679324,0.9778528,0.9725295,0.98004156,0.96153104,0.96492857,0.9657641,0.9752423,0.9603698,0.96935266,0.96735376,0.97048336,0.9711442,0.97029936,0.97183406,0.9689032,0.9693854,0.97848207,0.976222,0.9801084,0.963765,0.9688123,0.98129183,0.87611574,0.97549117,0.909226,0.97671795,0.9731762,0.9842444,0.9650264,0.98541576,0.9777882,0.9741939,0.9723254,0.9747138,0.9733334,0.9774206,0.9792755,0.9797885,0.9714039,0.9782486,0.9528895,0.9673224,0.97022104,0.97074366,0.9591625,0.97432417,0.97248757,0.96970934,0.969954,0.97670853,0.9731439,0.99999976,0.97902673,0.97825205,0.9717049,0.9741035,0.97640485,0.96417433,0.97039366,0.9757471,0.9724754,0.9692689,0.97140014,0.9774618,0.9460736,0.9597641,0.97071683,0.964786,0.97584474,0.97482353,0.96904045,0.99999976,0.96501684,0.9775666,0.97982687,0.97416425
alitamovie,0.9562598,0.9542793,0.9538751,0.9512761,0.9680916,0.9522545,0.952094,0.94839215,0.9730804,1.0000002,0.9478578,0.9357673,0.954413,0.9521646,0.9584977,0.9503762,0.9485908,0.9626818,0.9520011,0.9389136,0.9511951,0.9479871,0.9561407,0.95465785,0.9383224,0.89966685,0.96080184,0.94713646,0.9540483,0.9493799,0.94567955,0.9557261,0.9454722,0.9332299,0.9325652,0.9053461,0.9458704,0.9366638,0.95691633,0.94571084,0.9383542,0.9470193,0.94154423,0.94690335,0.94786483,0.9492424,0.95502746,0.9567415,0.9469396,0.9480137,0.95017517,0.96115553,0.95465165,0.9426089,0.94012344,0.96945924,0.94329035,0.94572794,0.9517449,0.9605289,0.94173455,0.9537716,0.9451527,0.95069087,0.95200366,0.92557603,0.93570036,0.95224303,0.95261616,0.95783454,0.96151406,0.77589715,0.925089,0.96152693,0.9382889,0.9362681,0.9289062,0.94095266,0.9491837,0.9463575,0.9512177,0.9527044,0.95188904,0.9326284,0.94925165,0.9448366,0.9506303,0.9520833,0.95192546,0.9578082,0.95423853,0.96151406,0.949613,0.9542302,0.93106425,0.9566634,0.93862957,0.94737214,0.9428955,0.9464562,0.9481766,0.9496805,0.96051633,0.95066226,0.9689901,0.95075315,0.94878435,0.95336795,0.94034886,0.947824,0.9589208,0.840476,0.95547456,0.8835363,0.959062,0.94680697,0.9568155,0.9374671,0.95999056,0.9498859,0.95061785,0.95255136,0.953598,0.9509235,0.9585521,0.9525759,0.953351,0.9483439,0.9697264,0.92407477,0.94463605,0.9557363,0.94881636,0.9440112,0.9548823,0.94576657,0.9461703,0.9469637,0.9622169,0.95418966,0.9730804,0.95603234,0.9557127,0.95080066,0.9411021,0.9633068,0.9391983,0.9372096,0.9535994,0.9500048,0.93929905,0.94659203,0.9540951,0.93137354,0.93751013,0.95945394,0.94010764,0.95325917,0.95220286,0.95217144,0.9730804,0.95430475,0.9553714,0.95909846,0.94732416
angelhasfallen,0.9674447,0.94116896,0.9508601,0.9447278,0.95261794,0.95221394,0.95180523,0.96169406,0.97427523,0.9478578,0.9999999,0.942419,0.9532782,0.95109,0.9570137,0.94762486,0.95171684,0.95160985,0.9564768,0.9402299,0.95143926,0.9520892,0.9495614,0.9608076,0.9429544,0.9193926,0.9490915,0.9498024,0.96318346,0.9505755,0.95419276,0.9442787,0.9193785,0.93773264,0.93541855,0.90543836,0.9467568,0.95634395,0.9510477,0.9464462,0.939478,0.9483044,0.94486153,0.9498388,0.94015634,0.9421465,0.9455875,0.9504915,0.9485078,0.955649,0.95822114,0.95516956,0.9527005,0.94236743,0.94263107,0.94319475,0.9399182,0.952495,0.9553004,0.9528717,0.93895715,0.9504532,0.94451815,0.95168495,0.9472967,0.93691343,0.92443633,0.94440275,0.96694946,0.94124436,0.9527379,0.76994413,0.9251205,0.95411086,0.95177335,0.9334277,0.91649276,0.94219536,0.95868284,0.9333648,0.9746899,0.94738156,0.94781,0.92851007,0.9410546,0.9446317,0.9609541,0.95566094,0.9468297,0.94612837,0.9404672,0.9527379,0.9448744,0.94581383,0.9308246,0.96314085,0.9525615,0.9516517,0.92803013,0.9514651,0.9454228,0.948452,0.94310415,0.9285741,0.9342591,0.95405704,0.9453486,0.9573209,0.9438263,0.9502966,0.9550138,0.84560734,0.9532658,0.880513,0.95247936,0.9671218,0.9692115,0.9534287,0.9643247,0.948438,0.9516929,0.9438979,0.95555055,0.94531465,0.95744306,0.9609191,0.9602387,0.9504961,0.9485248,0.9241283,0.9396563,0.9405382,0.9429953,0.9217519,0.9465772,0.9499106,0.9594869,0.9488163,0.9485903,0.94182,0.97427523,0.95226204,0.9563061,0.9402055,0.94834405,0.9518949,0.92935616,0.94973767,0.94999653,0.9555959,0.9318764,0.9470763,0.94694155,0.9196779,0.92715406,0.9479119,0.9276354,0.94973934,0.9584286,0.94896585,0.97427523,0.9285617,0.951699,0.9514843,0.94248194
angrybirdsmovie,0.94758487,0.92476827,0.9534827,0.94132006,0.9356366,0.94220036,0.9493311,0.9431169,0.96179503,0.9357673,0.942419,0.9999997,0.95117855,0.94617546,0.9450512,0.9244815,0.9337271,0.9315732,0.9393518,0.9335311,0.9416747,0.9466628,0.9326992,0.9457321,0.9287836,0.8816787,0.9514568,0.93708944,0.9520681,0.94833267,0.92561454,0.94296515,0.91806453,0.94759053,0.9283153,0.906843,0.9430946,0.9373741,0.9455252,0.9423917,0.9340018,0.9471687,0.94812465,0.9470363,0.9259397,0.9397794,0.9340036,0.9487611,0.93528646,0.94650066,0.9592422,0.9414463,0.9383975,0.9340895,0.93507624,0.9282007,0.9448241,0.9377788,0.94139534,0.93658465,0.9313525,0.94619465,0.94062215,0.9404092,0.93319046,0.921358,0.930273,0.93306094,0.96064335,0.92540216,0.9413938,0.80242145,0.9089856,0.9423938,0.922761,0.93292665,0.9038275,0.9379026,0.94154817,0.9270023,0.9440847,0.94534206,0.9502481,0.93523306,0.9480808,0.93396217,0.9411045,0.946172,0.92967886,0.950005,0.9283194,0.9413938,0.9315375,0.9278677,0.94576603,0.93953073,0.93874574,0.9223793,0.9342881,0.9271476,0.9386113,0.94051754,0.94515574,0.9282534,0.94102263,0.959264,0.93430185,0.94114155,0.9168313,0.943944,0.9534721,0.845594,0.9340662,0.88141483,0.9420479,0.9486755,0.9520164,0.929383,0.9548189,0.9466105,0.9510963,0.9452155,0.9464196,0.9454669,0.9377262,0.933592,0.9432707,0.95523477,0.9439153,0.92097807,0.9351809,0.92569244,0.9339664,0.9227729,0.9353332,0.9237119,0.9323583,0.93600816,0.9473767,0.94097155,0.96179503,0.9513059,0.93888414,0.93506706,0.9382622,0.9401847,0.92729545,0.9336046,0.93674403,0.938593,0.9364807,0.9468906,0.9482857,0.9042591,0.92400706,0.934721,0.9293366,0.94405556,0.9409591,0.94743806,0.96179503,0.92193514,0.9462325,0.93487024,0.95781344
annabellemovie,0.95596117,0.9502196,0.96001184,0.9641278,0.9627591,0.9602883,0.9710829,0.9582945,0.9812327,0.954413,0.9532782,0.95117855,1.0,0.96865714,0.9670167,0.9579018,0.9544684,0.95471364,0.9437769,0.94343776,0.96292603,0.95408255,0.96510017,0.9615997,0.94213086,0.90627944,0.9570326,0.9548025,0.96670973,0.9546186,0.946885,0.95960724,0.94879925,0.94796103,0.94999135,0.9151691,0.95990825,0.9643671,0.9595468,0.9496637,0.9526987,0.95882916,0.95933706,0.9561187,0.95527554,0.95242494,0.96248263,0.96206105,0.94832796,0.95951474,0.9683765,0.9610405,0.96639204,0.95039356,0.9553021,0.95343447,0.94329154,0.96564543,0.9658267,0.9592886,0.9571426,0.9703152,0.94772995,0.97117233,0.9605072,0.94754183,0.9349319,0.94910663,0.9625857,0.95218706,0.96478856,0.7891035,0.92203456,0.9647821,0.9485619,0.94176227,0.94100225,0.94885194,0.9570393,0.949508,0.9593012,0.9682499,0.9687202,0.93624294,0.9680165,0.9535015,0.96546334,0.984002,0.95654756,0.9507195,0.96266425,0.96478856,0.94063705,0.9437257,0.95413685,0.9650642,0.94340426,0.95318806,0.95644796,0.9555365,0.95787036,0.9536459,0.9590154,0.9465151,0.95311123,0.96597093,0.9598081,0.96838313,0.9558466,0.9488578,0.96377677,0.8744154,0.9589895,0.90793055,0.9634016,0.9549738,0.96078897,0.94661236,0.96742404,0.9719858,0.9643296,0.95083046,0.9589153,0.9636944,0.9546709,0.9577742,0.97599715,0.9556635,0.9634257,0.9428548,0.95412946,0.95740485,0.9492812,0.94283587,0.9645013,0.953167,0.94752353,0.9516076,0.96410733,0.95848364,0.9812327,0.969784,0.9648946,0.9652167,0.96432096,0.956241,0.95429814,0.9583314,0.96525145,0.95612764,0.96113425,0.95264274,0.96445477,0.92408985,0.9496752,0.9549434,0.9535394,0.95409214,0.9549363,0.9531115,0.9812327,0.950115,0.9663893,0.9670197,0.9623994
annamovie,0.9703049,0.948797,0.9639252,0.9603258,0.9631836,0.9564146,0.96401775,0.9585979,0.98058873,0.9521646,0.95109,0.94617546,0.96865714,1.0000004,0.96650195,0.947864,0.9579157,0.9527953,0.95502317,0.9382918,0.9507917,0.9501003,0.97030795,0.9557513,0.93878174,0.89901894,0.94413286,0.94976187,0.96858895,0.95784837,0.9455171,0.9546783,0.9437541,0.9497523,0.94540435,0.9156782,0.9583639,0.95720255,0.9602284,0.95962775,0.9474159,0.9517967,0.94283783,0.95169723,0.9609835,0.95762336,0.9690958,0.9505021,0.9579138,0.953879,0.9679559,0.9665488,0.95959216,0.9456211,0.95591605,0.9496501,0.93305045,0.9633131,0.96124804,0.95257133,0.9497731,0.9522633,0.95956254,0.97774094,0.95725256,0.9389919,0.9379637,0.96183634,0.95470667,0.9485963,0.960698,0.80570143,0.91815513,0.96474624,0.94810206,0.9436623,0.9315979,0.9415362,0.95121497,0.9438128,0.9581244,0.9626839,0.9669781,0.9355531,0.9597318,0.9462209,0.9606811,0.96333957,0.9487757,0.95675087,0.95831573,0.960698,0.94832754,0.9433344,0.95663893,0.9592897,0.9442732,0.945533,0.9522738,0.9659093,0.95286876,0.95158434,0.9509172,0.95109564,0.9544218,0.96832126,0.9588393,0.9582058,0.9472194,0.94789207,0.96375227,0.86803776,0.96743536,0.8934926,0.95871973,0.9630239,0.97406244,0.94726104,0.963303,0.963758,0.9672213,0.9629059,0.9551995,0.9613762,0.95629114,0.96018064,0.9648262,0.9554064,0.9614706,0.9378889,0.942278,0.9538681,0.9452812,0.9376183,0.96127886,0.9521139,0.94988143,0.9522775,0.9551569,0.954455,0.98058873,0.95892376,0.95746845,0.95618,0.9566619,0.96229625,0.9517586,0.9603752,0.9641726,0.95349765,0.94797415,0.95227563,0.9622995,0.9432564,0.93725187,0.9491485,0.95915365,0.94494665,0.96197915,0.9626412,0.98058873,0.95458543,0.95072776,0.9627842,0.96055686
apollo11movie,0.9636294,0.9534677,0.95649046,0.9604068,0.95347273,0.94853646,0.9593914,0.95157474,0.98282146,0.9584977,0.9570137,0.9450512,0.9670167,0.96650195,0.9999999,0.95749855,0.96208763,0.95415187,0.96092266,0.95937455,0.96554327,0.95095974,0.96158135,0.956075,0.94322383,0.90984136,0.9525122,0.9578045,0.96351624,0.9574369,0.9550982,0.9544535,0.9461249,0.9482771,0.946486,0.9127232,0.9582524,0.95435107,0.9586754,0.95702106,0.9456509,0.9499036,0.9500466,0.9507584,0.9558778,0.95869935,0.9635194,0.95749867,0.95301086,0.9527633,0.96606797,0.9600503,0.95969546,0.9589988,0.95101917,0.9535643,0.9465325,0.9625481,0.9564235,0.9538405,0.9518983,0.9595215,0.9570199,0.9613271,0.95881134,0.9423769,0.9397827,0.9582483,0.9586755,0.9416784,0.9670134,0.79129505,0.9260628,0.9669211,0.953517,0.9497001,0.9287472,0.9575451,0.9631435,0.9435245,0.9570615,0.9604705,0.960376,0.94013464,0.9595653,0.9615368,0.95804274,0.9658942,0.9508443,0.9651908,0.95397365,0.9670134,0.95026493,0.9591752,0.9497464,0.9777293,0.94957143,0.9497233,0.9446878,0.95743746,0.9574151,0.9504681,0.95340836,0.9592974,0.95478797,0.9625134,0.96470356,0.9643875,0.94631726,0.95518893,0.96412873,0.855766,0.96156037,0.8947399,0.9589488,0.960518,0.9678896,0.9515634,0.9666766,0.9601806,0.9528154,0.9569027,0.9547365,0.9532158,0.9627205,0.9621533,0.96303815,0.9548551,0.95684916,0.93263656,0.95287114,0.94822556,0.9582969,0.94391614,0.96283215,0.95785654,0.94887704,0.9520382,0.9614347,0.966057,0.98282146,0.9596333,0.96375364,0.95387775,0.9553288,0.9612598,0.9505859,0.9537442,0.9603399,0.9527439,0.9453765,0.95376956,0.96615493,0.9319629,0.9378912,0.9597086,0.95464337,0.96048474,0.9662655,0.95572346,0.98282146,0.9448761,0.96014255,0.96694803,0.95702267
arcticdogsmovie,0.94728005,0.96155304,0.95734584,0.9513086,0.9461043,0.94974625,0.95358974,0.94039845,0.970574,0.9503762,0.94762486,0.9244815,0.9579018,0.947864,0.95749855,1.0000006,0.9454365,0.9443126,0.94279563,0.9328654,0.94978577,0.9556112,0.9562709,0.9497986,0.94109464,0.9029475,0.9333691,0.938612,0.9601799,0.9574648,0.9466569,0.9405447,0.9346624,0.94028544,0.9310537,0.91070634,0.95396584,0.943276,0.9490429,0.9504726,0.9279493,0.939585,0.93899477,0.93607605,0.93770766,0.9407134,0.9509549,0.95419115,0.93839234,0.93833303,0.9533997,0.9476752,0.9522243,0.93989164,0.94209296,0.94475526,0.93708134,0.94294,0.9480998,0.9476673,0.93435955,0.95263207,0.9352377,0.9536548,0.9359881,0.9422098,0.919986,0.9420077,0.96251863,0.95337236,0.95005816,0.78305686,0.9324472,0.95097446,0.953556,0.9350164,0.9219755,0.95080554,0.94681925,0.9372293,0.948807,0.95079345,0.9493213,0.93806404,0.9464728,0.9551314,0.95214826,0.96247035,0.93564373,0.9437813,0.95712805,0.95005816,0.9410619,0.94880533,0.9424471,0.9486179,0.9453985,0.949939,0.93963,0.95344216,0.9542137,0.9413519,0.9533495,0.9431017,0.9383453,0.9491335,0.9482266,0.97208184,0.95534164,0.9433904,0.94902086,0.8610559,0.9549306,0.8827843,0.9488053,0.946435,0.9527541,0.9427617,0.9532142,0.9481889,0.9416712,0.9337495,0.9309838,0.94866335,0.9549893,0.9547881,0.9579267,0.9369475,0.9440692,0.9257855,0.94665545,0.93589306,0.9460042,0.93427426,0.9475855,0.95838195,0.9426772,0.9364015,0.93839175,0.94600886,0.970574,0.9568102,0.9616706,0.9582927,0.951607,0.94699967,0.9422386,0.9440287,0.9496106,0.94297165,0.94183296,0.94872296,0.9510343,0.92454904,0.93520916,0.93886435,0.9404307,0.94699246,0.9428754,0.9426343,0.970574,0.9342847,0.9552127,0.9550597,0.9395534
arcticmovie,0.9567519,0.93356746,0.9511368,0.95336574,0.9575921,0.94911844,0.95313394,0.9454208,0.974468,0.9485908,0.95171684,0.9337271,0.9544684,0.9579157,0.96208763,0.9454365,0.9999997,0.96039337,0.9532266,0.9410563,0.9489947,0.93791395,0.9613801,0.9562195,0.9361288,0.90243185,0.94248945,0.96462315,0.95834386,0.95441824,0.95337534,0.9427458,0.93413585,0.93961257,0.93415225,0.9262327,0.94818676,0.9460061,0.95961577,0.9601148,0.94592935,0.953249,0.9429971,0.9475799,0.9561842,0.95176035,0.9598222,0.96022576,0.94778,0.95058537,0.9509921,0.95310235,0.95624137,0.9486365,0.9440743,0.94878006,0.93471867,0.9523139,0.948503,0.94087124,0.94952345,0.95379686,0.95218974,0.9591201,0.9362225,0.9448467,0.92170465,0.94418824,0.95658904,0.9483698,0.9529115,0.79300123,0.91295075,0.9597933,0.9396302,0.94263124,0.9208012,0.9384527,0.9411113,0.950102,0.95021796,0.94878966,0.9541869,0.9197028,0.9465308,0.9492232,0.95366514,0.9487853,0.9565222,0.95243293,0.948908,0.9529115,0.93727833,0.9457975,0.93803984,0.9543399,0.93878466,0.94774544,0.9393334,0.947488,0.9503806,0.9396217,0.9429699,0.95172125,0.9413518,0.950894,0.9580487,0.9612492,0.92575663,0.9431213,0.9596341,0.84133786,0.95756733,0.8897286,0.9493049,0.95052916,0.96342534,0.9387091,0.9656669,0.9554056,0.94758993,0.94342697,0.95358956,0.9491402,0.95707643,0.9501245,0.9459265,0.9432589,0.96395123,0.92910606,0.9388238,0.9574246,0.97875965,0.94816905,0.94919133,0.94848454,0.9506075,0.94801444,0.9499941,0.9610189,0.974468,0.95344836,0.9558967,0.9436302,0.9417966,0.9480729,0.9461734,0.9495646,0.95409155,0.94713414,0.94026136,0.94687027,0.96495193,0.9158922,0.9323831,0.94153374,0.9516449,0.94892764,0.9530274,0.9505985,0.974468,0.94134927,0.955008,0.96499014,0.9481779
artofracingmovie,0.9531468,0.95344543,0.94812626,0.9437888,0.9686525,0.94769263,0.9519035,0.9513836,0.97237587,0.9626818,0.95160985,0.9315732,0.95471364,0.9527953,0.95415187,0.9443126,0.96039337,0.9999993,0.9427326,0.93102556,0.9501288,0.9414949,0.9608633,0.9563092,0.9238359,0.9068648,0.95473284,0.9520334,0.95907205,0.9502651,0.94433165,0.93832195,0.93334764,0.93872976,0.92321515,0.8904745,0.9448341,0.935556,0.954105,0.9539332,0.9327796,0.9448468,0.9434149,0.9396723,0.9560844,0.9490601,0.95853394,0.95476854,0.94716716,0.9443736,0.9442104,0.9583603,0.95630443,0.9491642,0.9404311,0.96319824,0.93351436,0.95956606,0.9499242,0.9520087,0.94148654,0.945568,0.9483153,0.9525617,0.94752896,0.9252279,0.92508084,0.9512354,0.95363414,0.94678056,0.9604264,0.7887148,0.90929365,0.9623979,0.92500985,0.9335183,0.9218934,0.94017726,0.94977635,0.9597847,0.9437052,0.955493,0.9536669,0.9304891,0.93718195,0.9400261,0.9514988,0.9555713,0.9456728,0.9461672,0.94485945,0.9604264,0.9397435,0.9478302,0.93004286,0.9551774,0.9348593,0.9382414,0.9393479,0.9494985,0.9450866,0.9452171,0.94931495,0.9537261,0.9556779,0.9433427,0.9453854,0.9586008,0.9271804,0.94036424,0.95808625,0.82202566,0.94916743,0.8642547,0.95725244,0.9475853,0.95923215,0.9334238,0.9606242,0.9458728,0.95048285,0.9528294,0.95451295,0.9367565,0.9570214,0.9490148,0.9498094,0.9492206,0.96735007,0.91157037,0.93209255,0.95955163,0.9569433,0.9546938,0.9545023,0.94295526,0.9498072,0.94430226,0.9589656,0.9600429,0.97237587,0.94680613,0.9599157,0.9429993,0.9496255,0.9552106,0.93308854,0.9294174,0.9516711,0.9362589,0.94735134,0.94036996,0.95429385,0.9236245,0.9439836,0.9517949,0.9468431,0.9527952,0.9535776,0.94083196,0.97237587,0.9493633,0.9508133,0.96436614,0.94981563
avengers,0.972049,0.93862116,0.9588571,0.95114475,0.9500023,0.9518063,0.95542324,0.94034094,0.9713931,0.9520011,0.9564768,0.9393518,0.9437769,0.95502317,0.96092266,0.94279563,0.9532266,0.9427326,0.9999998,0.94354916,0.9381041,0.95770633,0.941224,0.9512001,0.94427556,0.9086715,0.9371211,0.9485622,0.95822275,0.95695174,0.96996963,0.9404699,0.94159377,0.93653154,0.9298033,0.9225999,0.9504295,0.94345737,0.94828916,0.94815516,0.92503464,0.9392866,0.9491306,0.93699145,0.94209814,0.9477563,0.93861383,0.9511299,0.94591796,0.9460066,0.9602722,0.95902437,0.9517281,0.946943,0.9441057,0.9427196,0.9229372,0.94563615,0.95145994,0.9447351,0.93366545,0.95640844,0.9491849,0.9535523,0.94137436,0.92522806,0.9329916,0.9481496,0.9514586,0.9375824,0.9527692,0.7608135,0.92561036,0.9499578,0.9416426,0.9355682,0.9164066,0.9426776,0.95507646,0.9334935,0.9593637,0.95741236,0.94569266,0.94044673,0.9405547,0.9412735,0.95668685,0.94834214,0.942997,0.953524,0.9508496,0.9527692,0.9492069,0.9531392,0.9437608,0.95319563,0.94235003,0.93843544,0.9366566,0.94469833,0.93691623,0.9515164,0.9495608,0.94262725,0.9452962,0.9601237,0.94896555,0.95059896,0.9410047,0.9419423,0.9584062,0.8411664,0.96049297,0.88280225,0.95361865,0.9518818,0.959603,0.9472124,0.9629268,0.95066506,0.93898433,0.94158506,0.950063,0.9539575,0.9567436,0.9604139,0.95028216,0.9562765,0.9478719,0.93303454,0.93174994,0.9359918,0.95084107,0.9320007,0.95502794,0.94829994,0.9394822,0.9493423,0.9430646,0.94731015,0.9713931,0.9535728,0.9490628,0.9469527,0.9399473,0.9574532,0.9445421,0.94473207,0.9469047,0.94474924,0.9309013,0.9530147,0.9477685,0.93065405,0.9287013,0.95215905,0.9303249,0.9396872,0.95389533,0.9561351,0.9713931,0.93511826,0.94908935,0.94025534,0.9489903
beachbummovie,0.94710964,0.9349041,0.9338857,0.9391811,0.9473183,0.9319332,0.9393563,0.93436587,0.9590722,0.9389136,0.9402299,0.9335311,0.94343776,0.9382918,0.95937455,0.9328654,0.9410563,0.93102556,0.94354916,1.0000006,0.9341585,0.93768966,0.924681,0.93912584,0.93498814,0.90652615,0.9288078,0.9322088,0.94073254,0.9338634,0.9305447,0.9359516,0.9179658,0.9087716,0.926661,0.89739823,0.9345779,0.93502414,0.9422842,0.9446189,0.931898,0.93062484,0.935987,0.9272999,0.9273538,0.94852877,0.9276762,0.93469584,0.93194765,0.9281394,0.94657993,0.942195,0.9325488,0.9342323,0.9456367,0.9364922,0.9310583,0.9452084,0.93902373,0.9361686,0.9340646,0.9438774,0.94480824,0.94619435,0.93189526,0.9140001,0.91239053,0.9426864,0.9410058,0.9241622,0.9376541,0.78960174,0.90463305,0.9365628,0.9264891,0.94755983,0.90421164,0.9349324,0.94682443,0.92327684,0.9335725,0.93874943,0.94249475,0.9299156,0.94109106,0.94429946,0.9475817,0.93431693,0.93105954,0.93073523,0.92343473,0.9376541,0.9392042,0.9422227,0.9199855,0.95014524,0.94293225,0.9480547,0.9168865,0.91992927,0.9406488,0.9373553,0.9439746,0.93239117,0.9496332,0.94770885,0.9471627,0.9505552,0.9193247,0.928041,0.94126886,0.82324344,0.93675894,0.8872965,0.927847,0.94389534,0.94817775,0.93142,0.94379663,0.9386786,0.9362387,0.9360783,0.94225895,0.9302972,0.9419885,0.93694276,0.9474503,0.92739683,0.9421042,0.9046863,0.9260809,0.93128,0.9274293,0.9201273,0.9481454,0.9273884,0.92507666,0.9267823,0.92721176,0.96120816,0.9590722,0.93540645,0.94137895,0.93384266,0.9339858,0.93478465,0.90013933,0.93386525,0.94823015,0.94276255,0.92196465,0.93165994,0.9530631,0.90779495,0.90853226,0.93777835,0.9220315,0.93359315,0.9411419,0.93620163,0.9590722,0.9179167,0.93532366,0.9317091,0.93715286
bernadettefilm,0.9523174,0.9446429,0.94924015,0.95170754,0.94813335,0.9509831,0.95873106,0.95524234,0.9766092,0.9511951,0.95143926,0.9416747,0.96292603,0.9507917,0.96554327,0.94978577,0.9489947,0.9501288,0.9381041,0.9341585,0.9999999,0.9422361,0.9622088,0.96645206,0.93591243,0.9049439,0.9557871,0.95598334,0.96131575,0.9537828,0.93960416,0.95661056,0.9217289,0.9489768,0.9381064,0.9097343,0.9582874,0.9482076,0.9638868,0.95224285,0.9434401,0.9624874,0.9343107,0.9558181,0.94210505,0.94018716,0.959138,0.9606526,0.95237947,0.9594962,0.95403886,0.96057343,0.94802976,0.94467735,0.94472456,0.94899327,0.9516833,0.9485734,0.959327,0.95823604,0.9496652,0.9505495,0.9350489,0.9552992,0.95419323,0.94100255,0.93784493,0.9450583,0.9547839,0.9394976,0.96252376,0.788508,0.9280317,0.9595067,0.95475394,0.94079846,0.92313254,0.9467878,0.9505678,0.9417711,0.95963496,0.9486912,0.9579837,0.942432,0.9511026,0.94863385,0.95367044,0.9596386,0.94277066,0.9571005,0.9467806,0.96252376,0.93876183,0.94619083,0.9443897,0.9565595,0.94142914,0.94815594,0.93333757,0.9560623,0.9488791,0.9421151,0.9525814,0.94588405,0.94235426,0.9494172,0.95236707,0.9646643,0.9396615,0.95414954,0.95869505,0.87375045,0.9492508,0.90302914,0.9660941,0.9511752,0.9598282,0.9446228,0.96449757,0.95217335,0.95339483,0.9468339,0.95376813,0.94672066,0.94707817,0.9602469,0.9640674,0.9551519,0.9552815,0.9258329,0.9633119,0.95104855,0.9489713,0.9415846,0.9429099,0.95447844,0.96041954,0.953556,0.96192175,0.94769204,0.9766092,0.95501524,0.9558201,0.95216405,0.95513046,0.9573301,0.9446557,0.9484801,0.9616655,0.94863397,0.9552401,0.94640195,0.9638978,0.9115295,0.9479294,0.9480118,0.9497043,0.96296287,0.9494772,0.9421995,0.9766092,0.935776,0.95861006,0.9625289,0.9507478
