movie,21bridgesmovie,47metersdown,abeautifuldaymovie,abominablemovie,adastramovie,adogsjourneymovie,aftermathmovie,aftermovie,ahiddenlifefilm,alitamovie,angelhasfallen,angrybirdsmovie,annabellemovie,annamovie,apollo11movie,arcticdogsmovie,arcticmovie,artofracingmovie,avengers,beachbummovie,bernadettefilm,blackandbluemovie,blackchristmas,blindedbythelightmovie,bombshellmovie,booksmart,breakthroughmovie,brianbanksmovie,brightburnmovie,brittanyrunsmov,captainmarvelofficial,captivestatemovie,catsmovie,charliesangels,childsplaymovie,clarathefilm,coldpursuitmovie,countdown,currentwarmovie,darkwatersmovie,detectivepikachumovie,disneyaladdin,disneyfrozen,disneymaleficent,doctorsleepmovie,dolemiteismyname,dontletgomovie,doramovie,downtonabbey_official,dumbo,escaperoom,everybodyknowsmovie,fastandfuriousmovie,fightingwmyfam,fivefeetapartfilm,fordvferrari,freaksthefilm,geminimanmovie,glassmovie,gloriabellmovie,godzillamovie,goldfinchmovie,goodboysmovie,goodliarmovie,gretafilm,halathemovie,happydeathdaymovie,harrietfilm,hellboymovie,hersmellmovie,highlifemovie,highstrungmovie,honeyboymovie,hotelmumbaifilm,httydragon,hustlemovie,hustlersmovie,isntitromantic,itmovieofficial,jayandsilentbob,johnwickmovie,jojorabbitmovie,jokermovie,judythefilm,jumanjimovie,justmercyfilm,knivesout,lalloronamovie,lastblackmansf,lastchristmasthemovie,latenightmovie,lighthousemovie,lionking,littlethemovie,littlewomenmovie,littlewoodsfilm,longshotmovie,lordsofchaosmovie,lucyintheskyfilm,mamovie2019,marriagestory,meettheaddams,meninblack,midsommarmovie,midwaymovie,missbalamovie,missinglinkfilm,motherlessbklyn,onceinhollywood,onthebasisofsex,overcomermovie,peanutbutterfalcon,petsematarymovie,piercingmovie,playingwithfire,playmobilthemovie,pomsmovie,queenandslim,rambomovie,readyornotfilm,richardjewellfilm,rocketmanmovie,scarystoriesmovie,secretlifeofpets,serenityfilm,shaftmovie,shazammovie,spidermanmovie,spiesindisguise,starwars,stormboymovie,stubermovie,taosdfilm,teenspiritmov,terminator,theaeronautsmov,thebestofenemies,thedeaddontdie,thefarewell,thehighwaymen,thehummingbirdprojectfilm,theintrudermovie,theirishmanfilm,thekitchenmovie,thelegomovie,themustangfilm,thenightingalefilm,theprodigymovie,thesunisalsoastar,theupsidefilm,tolkienmovie,toystory,triplefrontier,uglydolls,uncutgems,underthesilverlake,usmovie,wavesmovie,whatmenwant,wonderparkmovie,wrinklestheclown,xmenmovies,yardiefilm,yesterdaymovie,zombieland
21bridgesmovie,0.99999976,0.953174,0.9618039,0.9527237,0.9663543,0.96353734,0.9690668,0.9682919,0.98153985,0.9630969,0.9639539,0.9483633,0.95910007,0.96449727,0.95714086,0.9651257,0.95683,0.96359456,0.97758883,0.9442989,0.95408297,0.9665886,0.94845986,0.9702026,0.95338964,0.8441879,0.9518597,0.9520899,0.9667012,0.9641739,0.9565063,0.9602162,0.9339344,0.9472084,0.9441633,0.9263725,0.96937984,0.96551687,0.9617652,0.9629607,0.9577836,0.9658772,0.9568284,0.96558636,0.9737027,0.9560819,0.9445031,0.96906674,0.9518568,0.9719316,0.96948826,0.9621311,0.94694996,0.96226996,0.9571292,0.9594339,0.96672034,0.95856434,0.96195227,0.9668209,0.9624948,0.9575785,0.9733714,0.96433175,0.9584806,0.95676374,0.9592512,0.9499602,0.9434221,0.9519462,0.9735115,0.7744654,0.9633074,0.9619237,0.9408439,0.9288122,0.9229513,0.957788,0.9683536,0.9561216,0.9566178,0.96655023,0.9580715,0.96442837,0.9530629,0.95117545,0.9509052,0.97022206,0.96018136,0.97473055,0.9743184,0.9735115,0.9637451,0.96001226,0.9647832,0.9581456,0.96662635,0.95937216,0.95122254,0.93872094,0.9576524,0.9649191,0.9564417,0.97229946,0.962891,0.9695671,0.965266,0.96568614,0.9596066,0.9617576,0.96105635,0.84837943,0.9754475,0.9331823,0.95430154,0.98005676,0.9927011,0.947597,0.9622972,0.95853853,0.9603323,0.9606022,0.95996857,0.94065636,0.9708209,0.96402365,0.96862483,0.9550733,0.9546264,0.93276304,0.96001446,0.9449783,0.9609387,0.9494403,0.9693488,0.96994466,0.9728406,0.957568,0.9690996,0.95448965,0.98153985,0.97099555,0.95875615,0.96096873,0.94484794,0.9540672,0.95076585,0.95775324,0.9621811,0.97215986,0.9581594,0.96190524,0.9568185,0.9496168,0.9646406,0.9672534,0.9489938,0.96708786,0.9646461,0.94977736,0.98153985,0.95442504,0.95707244,0.95559275,0.9658814
47metersdown,0.953174,1.0000001,0.9587057,0.9476369,0.9481645,0.9537374,0.95636046,0.94713944,0.972354,0.9504876,0.9512076,0.9382363,0.9471172,0.95147514,0.94639397,0.962953,0.94605535,0.95323247,0.94750977,0.9289608,0.9521278,0.9565992,0.9502724,0.94647586,0.9401648,0.8501124,0.9424504,0.94177645,0.958761,0.945501,0.95108265,0.9568488,0.94306916,0.9642034,0.95550615,0.9121758,0.9666878,0.95576084,0.9617437,0.9652788,0.95155376,0.95690066,0.9465611,0.95108575,0.95579004,0.9391123,0.9555233,0.9472056,0.9425885,0.9607021,0.96966,0.96291304,0.9460733,0.9496113,0.9345119,0.938561,0.9484634,0.9449172,0.94871354,0.9546399,0.94350505,0.9408125,0.95399266,0.9547528,0.96179247,0.95248723,0.9496137,0.95140904,0.93049926,0.9439402,0.95977634,0.7785597,0.9472472,0.95861435,0.9358092,0.91447216,0.91915,0.952105,0.9570443,0.9391995,0.95448995,0.9545624,0.96187294,0.94439644,0.950471,0.93956786,0.9540196,0.95501524,0.9586986,0.9597414,0.94595736,0.95977634,0.94715345,0.9471431,0.96974486,0.94410074,0.9430359,0.9498277,0.95833653,0.94504964,0.9424613,0.95170015,0.93834186,0.9606723,0.96199995,0.96736735,0.9534234,0.9424684,0.9283708,0.95684355,0.9591213,0.84789073,0.9554675,0.9277934,0.9561331,0.955561,0.9592675,0.93623006,0.96101165,0.9429947,0.9531395,0.945911,0.95802414,0.94353235,0.9539852,0.9567419,0.960408,0.9474799,0.9381503,0.9364955,0.9511632,0.9301636,0.9463852,0.95205647,0.95297885,0.9494896,0.952519,0.95571655,0.95504713,0.940493,0.972354,0.96313924,0.94213545,0.9483111,0.93144125,0.9455327,0.9445163,0.94816947,0.9510289,0.9491782,0.9486273,0.9531519,0.9434844,0.9346828,0.95752364,0.95677316,0.9447297,0.94512993,0.94560367,0.948197,0.972354,0.9492738,0.95637363,0.9477409,0.96231776
abeautifuldaymovie,0.9618039,0.9587057,1.0000001,0.9601061,0.9560931,0.95423347,0.9672169,0.95712066,0.97947085,0.95053756,0.9708958,0.9549623,0.9454701,0.9658407,0.96634775,0.9698065,0.95602673,0.95838803,0.96233416,0.9514071,0.96548635,0.9785289,0.9614977,0.96311235,0.9478365,0.83975244,0.95472836,0.94164586,0.9774286,0.9527106,0.95664304,0.9599169,0.9506211,0.96733916,0.9575764,0.9283467,0.9696951,0.9567209,0.95920646,0.9601431,0.9625586,0.9553588,0.9373591,0.9597089,0.9644597,0.9552499,0.9625181,0.9553517,0.952376,0.96317863,0.9774168,0.9629816,0.95626044,0.96240413,0.9485344,0.951344,0.9535923,0.9565764,0.9571447,0.96463114,0.9552725,0.96692574,0.9546862,0.96523833,0.9533742,0.95885056,0.94458675,0.9531302,0.9463673,0.95532066,0.97292936,0.76479316,0.95666397,0.9564887,0.9577875,0.93113476,0.9324383,0.956531,0.9520059,0.94611543,0.967856,0.9582141,0.9736571,0.9589571,0.9607603,0.94503474,0.9574349,0.95753896,0.96841925,0.96873,0.96472615,0.97292936,0.95623666,0.95766497,0.9769279,0.9714726,0.9608973,0.95088124,0.9694178,0.95135045,0.95853144,0.9621157,0.9596104,0.97445136,0.959303,0.97526276,0.95797986,0.96870303,0.94940454,0.9566031,0.96574533,0.87858605,0.9653398,0.93117476,0.9561203,0.96081233,0.96671426,0.9437931,0.9655875,0.960435,0.96573037,0.9640479,0.9648549,0.9440826,0.9577158,0.9651545,0.9537703,0.95508957,0.9484187,0.94355434,0.96687233,0.93965644,0.9474583,0.9522653,0.96713847,0.95706826,0.9661667,0.9490429,0.9689318,0.9533183,0.97947085,0.9781725,0.9556085,0.96261203,0.94991773,0.9520108,0.94633603,0.9551014,0.95891994,0.96255106,0.96276367,0.975882,0.9578653,0.9305976,0.9549523,0.9681056,0.9555137,0.9592192,0.9593749,0.94518554,0.97947085,0.9519756,0.9588153,0.9641883,0.97290397
abominablemovie,0.9527237,0.9476369,0.9601061,0.99999964,0.95758975,0.9660549,0.9574227,0.9617662,0.97678494,0.9431909,0.9579115,0.94938093,0.9644739,0.9583171,0.9502292,0.9620941,0.95800674,0.95582134,0.9471154,0.94402146,0.9517265,0.94701016,0.9576245,0.96299124,0.931603,0.85893476,0.9490916,0.9451351,0.9594442,0.9573289,0.94792897,0.95537794,0.94802254,0.9457369,0.9470505,0.94393647,0.965672,0.96089673,0.9626604,0.9536524,0.9560683,0.95059913,0.9515645,0.95076543,0.95633185,0.9430506,0.9554126,0.9539321,0.9412651,0.95910734,0.9666399,0.95266783,0.9487591,0.947759,0.9484836,0.95414543,0.95780843,0.9542509,0.96676594,0.96377975,0.9540982,0.9629449,0.9510891,0.96734,0.9498546,0.9639278,0.94952995,0.9418957,0.94607663,0.9520764,0.97226876,0.7858721,0.9539743,0.9590889,0.9620782,0.9243255,0.92916024,0.9445581,0.9571929,0.96193343,0.9646561,0.96335673,0.9628988,0.9510476,0.9578387,0.93543935,0.961945,0.9602066,0.9596173,0.9579966,0.95797795,0.97226876,0.9580394,0.95737505,0.9572066,0.96028036,0.9603683,0.9607197,0.9525513,0.9465803,0.951998,0.9480256,0.9631761,0.9671027,0.9470388,0.96553886,0.95610297,0.9652386,0.93596435,0.93974894,0.9670156,0.8818927,0.9592004,0.9388194,0.9517817,0.9596582,0.96619827,0.9450269,0.96032226,0.95314276,0.95794207,0.9503098,0.9593333,0.94397503,0.95856357,0.96546036,0.9635216,0.9512001,0.94555205,0.9487366,0.96153194,0.95208246,0.95987207,0.95299435,0.958085,0.9522514,0.95965445,0.9442083,0.9630881,0.9520087,0.97678494,0.9556147,0.9477854,0.95790654,0.94645995,0.9456474,0.9558487,0.959145,0.9546477,0.96244484,0.9615221,0.9619124,0.9547239,0.94104445,0.96012455,0.96784455,0.9487711,0.95603836,0.961161,0.9484608,0.97678494,0.95724005,0.96409035,0.94894916,0.96004456
adastramovie,0.9663543,0.9481645,0.9560931,0.95758975,0.99999994,0.9588338,0.95366424,0.96553695,0.9785189,0.97257,0.956684,0.951541,0.9599661,0.96521986,0.9509437,0.9565193,0.964621,0.9823101,0.954521,0.9437554,0.9522529,0.96235657,0.9467284,0.9656406,0.9435784,0.86831677,0.96355796,0.96157557,0.96416277,0.9522388,0.9457414,0.947912,0.92586565,0.95490545,0.95099974,0.9308836,0.9610655,0.95797884,0.96658313,0.9618247,0.9560081,0.957893,0.937798,0.95718616,0.97991014,0.95158035,0.9413569,0.9561754,0.9461026,0.96612644,0.97063315,0.9591578,0.95557016,0.95732874,0.9563072,0.9742272,0.95368403,0.94644207,0.9668445,0.9698256,0.9480092,0.9454811,0.9611376,0.97314113,0.94999105,0.9650637,0.9533028,0.94914645,0.938637,0.9522851,0.97252405,0.7990843,0.9495674,0.95634955,0.95058423,0.93512374,0.9163543,0.949395,0.9605007,0.9500743,0.9538975,0.9524239,0.96258557,0.9670952,0.9607546,0.9525253,0.95604104,0.96873635,0.9588517,0.9680369,0.96487045,0.97252405,0.9584966,0.96378565,0.96346116,0.94482327,0.96343523,0.9578256,0.94857025,0.93942446,0.94907904,0.96278006,0.94721055,0.9631888,0.9479947,0.96743476,0.9604834,0.9627453,0.9407731,0.9641477,0.9568932,0.8588749,0.9664183,0.92116857,0.9546833,0.96702725,0.9711706,0.95254374,0.9581877,0.9470706,0.9474548,0.9572767,0.9574819,0.9362707,0.96264786,0.96630365,0.96819955,0.9512523,0.96629536,0.9212046,0.96167755,0.9604066,0.961853,0.957227,0.9528014,0.9558107,0.96142656,0.9553539,0.9679329,0.94502246,0.9785189,0.95709664,0.94551736,0.96010983,0.9556933,0.94720495,0.9426403,0.9585927,0.9627635,0.9580158,0.9480747,0.9406056,0.9653548,0.9318197,0.96295315,0.9618577,0.9475451,0.96097076,0.96099436,0.94312835,0.9785189,0.96926147,0.9477173,0.941441,0.96063405
adogsjourneymovie,0.96353734,0.9537374,0.95423347,0.9660549,0.9588338,1.0,0.9631796,0.97185737,0.9807824,0.94495314,0.9667097,0.9558535,0.9663861,0.95616233,0.9559082,0.9708981,0.95590097,0.9610929,0.9541802,0.9446868,0.94648695,0.95214725,0.96465683,0.96362054,0.94941705,0.8599748,0.9348115,0.93820214,0.9565741,0.96684265,0.94445384,0.95363104,0.9443364,0.9474172,0.94450873,0.93842405,0.97122073,0.9616643,0.9566249,0.9671604,0.9560581,0.95250756,0.950069,0.9445707,0.96039087,0.9575628,0.96569085,0.9622814,0.93599606,0.95865566,0.96715236,0.96299195,0.9616689,0.95678157,0.95739233,0.9459246,0.9590048,0.9577446,0.96661514,0.9599042,0.9523387,0.9613043,0.95582336,0.9670004,0.9560662,0.9681676,0.94885755,0.9474108,0.9573017,0.95296866,0.96808624,0.76867217,0.9581738,0.9623903,0.9544747,0.9457886,0.93880326,0.9574481,0.96902907,0.9592307,0.9694219,0.96327096,0.9602895,0.9531045,0.96086216,0.93856853,0.95885634,0.9695625,0.9559033,0.9663688,0.9632646,0.96808624,0.9475576,0.9509862,0.95934266,0.9576607,0.96584475,0.96277773,0.9535988,0.9550327,0.9590405,0.96693224,0.9548799,0.9659904,0.9511395,0.96559566,0.9699351,0.96374375,0.94506526,0.9448197,0.9641895,0.8633989,0.96598655,0.93957484,0.95416516,0.9628153,0.9709875,0.9576174,0.9695203,0.9560643,0.96134317,0.9468458,0.96793175,0.9729586,0.9645568,0.96708673,0.967211,0.9499885,0.9491582,0.92485243,0.96366173,0.9515018,0.95159197,0.9419707,0.9658501,0.9638396,0.96863496,0.95880955,0.96714145,0.9644997,0.9807824,0.96096,0.9556193,0.95560145,0.94809306,0.95201916,0.95327,0.9607519,0.95554614,0.96147555,0.9612822,0.9522659,0.9468869,0.93429434,0.9702363,0.96147186,0.96160746,0.96102124,0.96250045,0.9562641,0.9807824,0.9568184,0.9629371,0.95889527,0.95808554
aftermathmovie,0.9690668,0.95636046,0.9672169,0.9574227,0.95366424,0.9631796,0.9999999,0.9714215,0.98352265,0.9527765,0.973855,0.94806534,0.9640547,0.9669609,0.9654762,0.971649,0.9474676,0.9547686,0.9592795,0.9520157,0.9523171,0.9705327,0.95864123,0.9681517,0.9550281,0.85845643,0.9551424,0.9466275,0.9650319,0.955796,0.9574258,0.969235,0.9498753,0.95350987,0.9449725,0.9306898,0.9724827,0.96345526,0.9607116,0.9664189,0.9709257,0.96922445,0.9455092,0.96009,0.9659153,0.9596958,0.95939505,0.9616725,0.9506896,0.9659939,0.9736592,0.9724701,0.95236146,0.9588101,0.9670938,0.94578636,0.96030927,0.9704141,0.9684259,0.96732724,0.95057505,0.9603451,0.96048427,0.9663266,0.9593844,0.95923936,0.9374793,0.96444273,0.95388925,0.9527223,0.970647,0.7817813,0.96216124,0.9679931,0.9491501,0.9407974,0.9344321,0.9628689,0.9610866,0.9661863,0.9684982,0.98492086,0.9618344,0.95650464,0.96212333,0.9488162,0.954053,0.9642898,0.96454465,0.9758313,0.9597754,0.970647,0.9580212,0.9598817,0.9702004,0.96556044,0.9635024,0.9630912,0.9796129,0.94974214,0.9551269,0.956336,0.96184766,0.96566004,0.96255654,0.9774722,0.96634626,0.9701936,0.9562212,0.9624462,0.96638685,0.8864728,0.9731072,0.9355591,0.9589238,0.96299434,0.9714925,0.9520228,0.97229975,0.98859096,0.9558263,0.9596514,0.97365546,0.9683246,0.96276796,0.97267526,0.9647964,0.9558142,0.9512224,0.93997496,0.9614926,0.9471924,0.9425244,0.9479486,0.9689462,0.96143746,0.963376,0.9652532,0.9706411,0.9573742,0.98352265,0.97678185,0.95768857,0.9600004,0.9515778,0.96047735,0.95105416,0.95751584,0.95998263,0.96403146,0.9823395,0.9655825,0.95546466,0.9399224,0.95901644,0.96953493,0.95166785,0.9599615,0.971025,0.9531051,0.98352265,0.9480815,0.97225344,0.9567984,0.9607595
aftermovie,0.9682919,0.94713944,0.95712066,0.9617662,0.96553695,0.97185737,0.9714215,0.9999998,0.9817057,0.95497733,0.9734464,0.94884014,0.958131,0.97192603,0.9585889,0.9627986,0.96828574,0.9730591,0.96245617,0.9507209,0.9543832,0.9543461,0.9603811,0.97183615,0.95362574,0.8628262,0.9563582,0.9504287,0.9552004,0.9645474,0.95498234,0.96240133,0.9417029,0.94469815,0.9412262,0.9383787,0.97227323,0.9534235,0.96183336,0.96659803,0.95315415,0.96077466,0.95133215,0.95149803,0.9694425,0.9540407,0.95650816,0.9615599,0.9441308,0.96259654,0.96315414,0.96620804,0.9604717,0.9541776,0.9677217,0.95986295,0.9671174,0.9668955,0.9766984,0.9688111,0.9489044,0.96337575,0.9520815,0.9705562,0.9520188,0.9613376,0.94728094,0.952693,0.9563003,0.9537164,0.97410583,0.7966819,0.96482027,0.9660893,0.94832265,0.936444,0.9219919,0.95930016,0.9632214,0.96533984,0.9661722,0.96359926,0.96794593,0.96361065,0.95429015,0.9536529,0.957083,0.967978,0.958585,0.9734952,0.97457904,0.97410583,0.95200896,0.96520996,0.9624578,0.95664585,0.9707077,0.9695772,0.9562523,0.9484455,0.9575963,0.96798885,0.95637274,0.96939373,0.9598976,0.9640534,0.96784467,0.9640983,0.96090794,0.95730245,0.9674002,0.8691644,0.9728629,0.9289504,0.96300256,0.9717661,0.9704685,0.9465969,0.96227986,0.96401215,0.9583049,0.96422166,0.9688746,0.9614239,0.96245503,0.9725411,0.9658797,0.9405473,0.9555638,0.9360399,0.96319836,0.95672333,0.95908266,0.94628525,0.9669212,0.9676637,0.9647146,0.95879865,0.9685851,0.9591307,0.9817057,0.9655332,0.94856966,0.9598904,0.9544086,0.9641103,0.95374244,0.95481616,0.9545754,0.9701328,0.96172094,0.9539013,0.9623635,0.9474793,0.9694248,0.9710768,0.9526857,0.96567494,0.97202903,0.95315653,0.9817057,0.95785767,0.96250546,0.9538377,0.95854443
ahiddenlifefilm,0.98153985,0.972354,0.97947085,0.97678494,0.9785189,0.9807824,0.98352265,0.9817057,1.0000001,0.97326523,0.9835264,0.96359366,0.97695667,0.9810796,0.97953784,0.982857,0.9733429,0.979685,0.9759211,0.9712421,0.97436917,0.98082954,0.9766607,0.9812108,0.96616423,0.8717963,0.9706437,0.96544445,0.9811789,0.974499,0.9732333,0.97705275,0.961964,0.9713226,0.9640187,0.9510016,0.98516333,0.9763458,0.97768945,0.9829189,0.97912097,0.9790299,0.96676797,0.97577894,0.98284465,0.97129107,0.97464323,0.9753338,0.96564686,0.98310614,0.98500913,0.985602,0.97240084,0.9757586,0.9711073,0.9723017,0.97368395,0.9785489,0.9799243,0.983725,0.9703173,0.97530144,0.9790669,0.9822891,0.9737971,0.9782028,0.9664941,0.9728497,0.9632891,0.96955574,0.98828924,0.79738593,0.97685194,0.980464,0.968735,0.94984627,0.9426497,0.97347575,0.97977996,0.9719071,0.98202497,0.97973955,0.98110473,0.9767085,0.9783829,0.96408826,0.97229165,0.9833085,0.9784849,0.9854298,0.98105925,0.98828924,0.97660524,0.97800964,0.980832,0.980388,0.98096865,0.98028326,0.97749466,0.96704954,0.96925163,0.97841763,0.975835,0.9851574,0.97512805,0.9838033,0.9810531,0.9812424,0.9608497,0.9758929,0.9829416,0.8864741,0.9851096,0.95099,0.97857845,0.9806755,0.9860947,0.9685895,0.98203784,0.97379947,0.97524476,0.97406554,0.98227155,0.96983755,0.9786516,0.9840364,0.98205334,0.96866834,0.9725726,0.9553568,0.9797369,0.9693811,0.97152185,0.96793026,0.9819377,0.97856855,0.9812183,0.9774447,0.98478174,0.9684054,1.0000001,0.98401326,0.96829116,0.9745855,0.9680821,0.9729338,0.96816987,0.9744002,0.9762938,0.9810462,0.97668064,0.97415704,0.97259593,0.9527911,0.97876394,0.98330003,0.9705905,0.9784483,0.98169625,0.9680571,1.0000001,0.9758778,0.98025316,0.97475946,0.979302
alitamovie,0.9630969,0.9504876,0.95053756,0.9431909,0.97257,0.94495314,0.9527765,0.95497733,0.97326523,0.99999994,0.9547901,0.9286109,0.9479152,0.96441764,0.94954264,0.9495725,0.95273924,0.96976393,0.9574548,0.94488734,0.9447732,0.95614505,0.93968433,0.951898,0.94254255,0.8503655,0.9548241,0.94642437,0.95600665,0.9439099,0.9555464,0.9459566,0.9212094,0.9395235,0.945648,0.9251625,0.96281445,0.9414485,0.95703304,0.95044416,0.94975805,0.9543383,0.94077694,0.9569652,0.9635555,0.9469605,0.935851,0.95571184,0.94057596,0.9615543,0.9636549,0.9554633,0.949326,0.94483536,0.934307,0.951011,0.9516255,0.947838,0.95914626,0.9650832,0.9435518,0.9426852,0.96280825,0.95698893,0.9429155,0.9550559,0.94818866,0.9392389,0.9407258,0.95124096,0.96616125,0.7610225,0.9468834,0.948467,0.94307315,0.9278239,0.90341246,0.9380309,0.9577475,0.94548506,0.9527851,0.9477565,0.95445734,0.9556627,0.9462289,0.95615244,0.9479327,0.95992935,0.95079327,0.959652,0.95554864,0.96616125,0.9566699,0.9588485,0.96064687,0.94826597,0.96611875,0.9505615,0.9423115,0.93585885,0.94497466,0.95794576,0.93858963,0.9549261,0.9579679,0.9600596,0.95465046,0.95388776,0.93029517,0.96022654,0.95407164,0.84171647,0.9590389,0.9217848,0.95262563,0.9584509,0.95953894,0.9466244,0.9467803,0.9447235,0.9423863,0.95647436,0.94770396,0.9300249,0.9573992,0.96407694,0.963191,0.9475706,0.9569402,0.9371292,0.94871414,0.94530284,0.94866973,0.93704,0.95817155,0.95295835,0.9507957,0.94196576,0.9583906,0.93692786,0.97326523,0.94993335,0.93653667,0.94622314,0.93475264,0.94392544,0.93624747,0.9503434,0.9579942,0.94475234,0.94461936,0.9469101,0.9585505,0.9300811,0.9511805,0.95925486,0.9437137,0.9523907,0.94626284,0.93116283,0.97326523,0.9513673,0.9525313,0.9437237,0.959036
angelhasfallen,0.9639539,0.9512076,0.9708958,0.9579115,0.956684,0.9667097,0.973855,0.9734464,0.9835264,0.9547901,0.9999998,0.9460398,0.9567878,0.9677099,0.9633954,0.96569353,0.95808804,0.9655541,0.96012217,0.95571387,0.96025175,0.9678327,0.9567272,0.97148824,0.95306647,0.8507415,0.94864696,0.9406622,0.9662828,0.96126145,0.9586972,0.9605281,0.94955343,0.9512023,0.9499443,0.9415367,0.9751213,0.96268934,0.95738494,0.967351,0.9637566,0.961526,0.9408757,0.95557815,0.96630394,0.9523106,0.95761615,0.9553022,0.94430274,0.96134657,0.9679956,0.970782,0.9547809,0.9620682,0.9627346,0.9512743,0.9726182,0.96660036,0.96431035,0.9641051,0.94525343,0.9538483,0.9626398,0.96535254,0.958787,0.9648505,0.94847065,0.9611665,0.95864886,0.95741576,0.9683777,0.78143024,0.9657765,0.96067464,0.96046746,0.9394615,0.9385758,0.9560789,0.95224863,0.9654048,0.97240156,0.9627329,0.96510416,0.95460725,0.9595309,0.94228536,0.9567095,0.96820617,0.9538016,0.96594137,0.9724891,0.9683777,0.9551482,0.9680056,0.9687417,0.9743075,0.973074,0.9658981,0.96140033,0.94952357,0.9569627,0.9679494,0.96382993,0.9691186,0.9600074,0.9686806,0.95912933,0.96056795,0.95580655,0.9562267,0.9662836,0.8810275,0.9721229,0.9426684,0.96304095,0.96885407,0.96710294,0.9501838,0.9617805,0.9619181,0.9613272,0.95664006,0.97570056,0.9598792,0.9643493,0.9746966,0.96343607,0.94062823,0.9531261,0.93625414,0.9679381,0.9561662,0.9543862,0.94462144,0.96519214,0.9638179,0.9692614,0.9536269,0.9650807,0.95802826,0.9835264,0.97361684,0.9473402,0.952184,0.9494253,0.96565956,0.95462835,0.9621868,0.95629877,0.9654164,0.96595585,0.9610706,0.95802206,0.9408676,0.95955795,0.9683568,0.9558399,0.9615881,0.96582067,0.9498427,0.9835264,0.9529317,0.9657031,0.9579371,0.96466076
angrybirdsmovie,0.9483633,0.9382363,0.9549623,0.94938093,0.951541,0.9558535,0.94806534,0.94884014,0.96359366,0.9286109,0.9460398,0.9999998,0.93771845,0.94528097,0.94959337,0.954198,0.94136107,0.945031,0.94144285,0.94020605,0.93885833,0.9417955,0.94095784,0.96145785,0.9308813,0.8465646,0.9283206,0.9174629,0.96128786,0.9521532,0.9376803,0.93769413,0.93565565,0.9533828,0.91673666,0.9221582,0.9579662,0.9464312,0.9408252,0.945928,0.947611,0.9436496,0.9359766,0.9409271,0.9592896,0.93627363,0.93699884,0.95181185,0.9338692,0.9505357,0.9680333,0.9519907,0.9304979,0.9441593,0.9344419,0.9337972,0.9425252,0.9419429,0.94859934,0.9382782,0.93496704,0.9403945,0.9526516,0.95047367,0.9468701,0.9489998,0.9381845,0.93514025,0.92632383,0.92979366,0.95514315,0.79913133,0.9431552,0.94387335,0.92624557,0.9344445,0.9208378,0.95296067,0.9447388,0.9342433,0.9472494,0.93896884,0.9555621,0.9477369,0.9469945,0.92882615,0.94399244,0.9511265,0.9398773,0.9501496,0.9447438,0.95514315,0.93982565,0.9461888,0.9568987,0.9390038,0.9435348,0.95123094,0.9420168,0.935525,0.93257505,0.9543967,0.9314947,0.94985145,0.932039,0.9610793,0.9574139,0.9489883,0.92936957,0.9384562,0.94840294,0.8473675,0.9466851,0.9215034,0.9377867,0.9463351,0.9596847,0.90810615,0.95448536,0.9378568,0.9420594,0.9383343,0.94680905,0.94368,0.9549314,0.9545584,0.9411476,0.944921,0.93239325,0.91334695,0.96004885,0.9411618,0.9403738,0.93727916,0.94288623,0.94458634,0.954841,0.94791913,0.96291983,0.9346092,0.96359366,0.95490927,0.9262381,0.9664843,0.96046686,0.93694663,0.9554805,0.9281967,0.9393924,0.94359195,0.94430435,0.93960804,0.9324943,0.91532475,0.948206,0.94708085,0.9427446,0.96013474,0.9457618,0.9269115,0.96359366,0.9503739,0.9503941,0.9334005,0.9560361
annabellemovie,0.95910007,0.9471172,0.9454701,0.9644739,0.9599661,0.9663861,0.9640547,0.958131,0.97695667,0.9479152,0.9567878,0.93771845,1.0000002,0.9580319,0.9431235,0.9624261,0.9437189,0.9557548,0.9534769,0.9437663,0.93855137,0.95453197,0.952762,0.96014756,0.948419,0.84177333,0.9491234,0.9526952,0.9575794,0.9627445,0.95289063,0.9622222,0.9410204,0.9429114,0.9346788,0.9435391,0.9610055,0.97966456,0.9570118,0.9580182,0.9638491,0.9669446,0.9433511,0.960096,0.96206284,0.9594011,0.9458953,0.95254415,0.9520615,0.9707861,0.9620606,0.96114415,0.9575644,0.9480994,0.95755416,0.9531849,0.95656514,0.94746333,0.9586027,0.9680497,0.9577709,0.94166136,0.9610175,0.9708596,0.94631356,0.95658916,0.94430476,0.94777125,0.9474679,0.94736344,0.9686913,0.7803694,0.96246856,0.967769,0.94671386,0.92358947,0.91929984,0.946055,0.9631306,0.9505433,0.96014315,0.9666484,0.9619653,0.9482222,0.961058,0.93775094,0.9648595,0.9807793,0.9651213,0.9627032,0.9554227,0.9686913,0.9566537,0.95585144,0.9518414,0.9532445,0.96004176,0.95810455,0.9525052,0.945645,0.95490056,0.9491,0.9556192,0.9587203,0.9426405,0.9632111,0.952702,0.96464026,0.94800407,0.9526812,0.9620401,0.87920445,0.9654681,0.93611395,0.95175266,0.9528064,0.96421045,0.95931256,0.9670049,0.95562196,0.95539844,0.9458641,0.9605411,0.945529,0.95783424,0.973796,0.9741516,0.9507499,0.945651,0.93404025,0.9518244,0.95473826,0.9571869,0.9523426,0.95679086,0.9637642,0.94933504,0.96153575,0.96596324,0.9470073,0.97695667,0.95764947,0.96038616,0.95609665,0.95429486,0.94885176,0.9490805,0.95916456,0.9544536,0.9574567,0.95160836,0.94761735,0.9577296,0.9309826,0.95936966,0.96078396,0.94660085,0.95499283,0.96255827,0.9502282,0.97695667,0.95469064,0.9635144,0.94789594,0.94650185
annamovie,0.96449727,0.95147514,0.9658407,0.9583171,0.96521986,0.95616233,0.9669609,0.97192603,0.9810796,0.96441764,0.9677099,0.94528097,0.9580319,1.0000005,0.9585595,0.9605054,0.9597978,0.9716702,0.9645485,0.9617167,0.95377886,0.965657,0.9515712,0.9623361,0.9564262,0.8621335,0.96080714,0.9480059,0.9644871,0.95707256,0.9653615,0.9510372,0.9370741,0.9543118,0.93567187,0.9282514,0.9680329,0.9557976,0.9679974,0.9585992,0.96554863,0.9532045,0.93882304,0.9610265,0.9719429,0.95691144,0.95222694,0.9621912,0.94450355,0.9599164,0.97224814,0.9651735,0.95536375,0.95633465,0.9534494,0.9619983,0.96714395,0.9591042,0.96979785,0.9670058,0.9537706,0.9602668,0.9603928,0.972405,0.9491094,0.95638883,0.9505639,0.95470923,0.95335263,0.95255715,0.9758284,0.76625997,0.96010166,0.9641665,0.94667697,0.93011093,0.91370213,0.9464886,0.9576398,0.9546124,0.964257,0.95841044,0.97046477,0.95171964,0.9596618,0.95018494,0.95847815,0.96537876,0.95839137,0.96211106,0.9674737,0.9758284,0.9666876,0.9624235,0.9673703,0.9646853,0.9671511,0.96333706,0.96312296,0.95032537,0.9562152,0.96362185,0.9513694,0.96828645,0.96447957,0.96782947,0.9635541,0.95671964,0.9587029,0.965203,0.96459067,0.87283236,0.9728515,0.928669,0.9569253,0.96878904,0.9666406,0.95324403,0.9617522,0.9618715,0.9590051,0.9697363,0.96554106,0.95112616,0.96930164,0.97003186,0.95605063,0.965165,0.9562657,0.93877524,0.96170735,0.9518983,0.95535976,0.95024514,0.96336323,0.9597861,0.9687623,0.9565576,0.9733831,0.9585688,0.9810796,0.9696389,0.9484513,0.9539886,0.94830257,0.95033264,0.94737315,0.94677055,0.9516612,0.9594618,0.96082187,0.9523486,0.9675848,0.9438927,0.9616533,0.9749218,0.9444288,0.9697099,0.9606922,0.95541507,0.9810796,0.96387005,0.95854616,0.9548651,0.9676124
apollo11movie,0.95714086,0.94639397,0.96634775,0.9502292,0.9509437,0.9559082,0.9654762,0.9585889,0.97953784,0.94954264,0.9633954,0.94959337,0.9431235,0.9585595,1.0000001,0.97067374,0.9492438,0.95480484,0.96248186,0.9822514,0.9590717,0.9682368,0.9581357,0.964353,0.93841195,0.851245,0.95170444,0.9452096,0.9644504,0.9503148,0.95885706,0.96344626,0.9340805,0.95250565,0.94279534,0.91865396,0.9660683,0.95013636,0.9519264,0.9616939,0.96406835,0.9543576,0.94316083,0.9483108,0.9587713,0.94640386,0.95620346,0.9584711,0.9510872,0.95720613,0.9650126,0.9751036,0.9456347,0.95962006,0.94950557,0.9487517,0.94366264,0.9639049,0.9574234,0.9609833,0.95204294,0.964119,0.96179265,0.9562391,0.9495474,0.958704,0.94760406,0.9658305,0.943257,0.9380617,0.9675856,0.7747427,0.9473155,0.961684,0.94412065,0.93498045,0.91909486,0.9598819,0.96106744,0.9558219,0.96228534,0.9521762,0.96731347,0.96144646,0.9570077,0.95023674,0.9471154,0.956156,0.9532969,0.965907,0.9570615,0.9675856,0.9605198,0.9605745,0.96217316,0.97528034,0.95769155,0.9608423,0.9697155,0.9444701,0.9385586,0.96100044,0.9567915,0.9653068,0.9557713,0.96438396,0.9650863,0.96445197,0.9395661,0.960244,0.9628857,0.85647744,0.9579537,0.92443997,0.9622,0.95862526,0.9585047,0.94109917,0.9632442,0.9549802,0.96297556,0.96282697,0.95884544,0.9553183,0.95102775,0.9606667,0.9577227,0.9471488,0.9542636,0.9354638,0.9612061,0.9455248,0.94373226,0.93843335,0.9634866,0.95518047,0.9563535,0.9600593,0.9646452,0.9396859,0.97953784,0.9649451,0.93266565,0.9666805,0.9558312,0.96557134,0.9516444,0.949111,0.9618447,0.96224,0.9640662,0.959094,0.9521611,0.9212507,0.94851434,0.9601735,0.95666826,0.9622483,0.9611784,0.9427798,0.97953784,0.95158803,0.9613146,0.96003187,0.96510786
arcticdogsmovie,0.9651257,0.962953,0.9698065,0.9620941,0.9565193,0.9708981,0.971649,0.9627986,0.982857,0.9495725,0.96569353,0.954198,0.9624261,0.9605054,0.97067374,1.0000002,0.9512434,0.9528133,0.9615601,0.9585172,0.96019775,0.96722084,0.95889527,0.96334636,0.94739324,0.8452746,0.946321,0.94173676,0.95761883,0.96089005,0.95935225,0.9648978,0.9493555,0.9513005,0.9539482,0.93888605,0.9732293,0.9656072,0.95307076,0.9692329,0.96208453,0.9524486,0.9439703,0.9493749,0.9630925,0.9574376,0.959848,0.9552626,0.9534359,0.9617181,0.9651049,0.9735481,0.9526833,0.96637976,0.9571794,0.9544596,0.96058977,0.9538016,0.9618534,0.96945196,0.9534391,0.9621977,0.9698143,0.9642742,0.9548318,0.9554073,0.95311505,0.96492755,0.95083636,0.95262843,0.97497374,0.77838117,0.9605377,0.96639633,0.9562128,0.93439317,0.9360294,0.96195,0.9615851,0.94541276,0.96581864,0.96747196,0.9683548,0.96382385,0.9603671,0.94217515,0.9652966,0.967054,0.96504277,0.96977717,0.9585939,0.97497374,0.9623584,0.9551112,0.9673331,0.9653483,0.9632829,0.9642787,0.9681234,0.9481698,0.95559615,0.9716263,0.95382005,0.97235686,0.96144396,0.9652585,0.9707572,0.97766846,0.9479473,0.9568628,0.9662675,0.87053406,0.96465844,0.93752736,0.95977545,0.95992094,0.9702152,0.95057493,0.9687714,0.967643,0.96295124,0.96777296,0.964851,0.9605365,0.9642913,0.97076315,0.9605076,0.9447286,0.94969606,0.9359681,0.9603887,0.95644045,0.95235264,0.9455498,0.96371955,0.96352476,0.96584296,0.9660355,0.97220176,0.95376253,0.982857,0.9666312,0.9568154,0.9689901,0.9453859,0.96135074,0.9501435,0.9628154,0.95730495,0.9655504,0.9663171,0.960651,0.9529617,0.92927533,0.965406,0.9646523,0.9598113,0.96721727,0.9665521,0.9552196,0.982857,0.95555085,0.9643629,0.9640449,0.960252
arcticmovie,0.95683,0.94605535,0.95602673,0.95800674,0.964621,0.95590097,0.9474676,0.96828574,0.9733429,0.95273924,0.95808804,0.94136107,0.9437189,0.9597978,0.9492438,0.9512434,0.99999994,0.96644026,0.9469979,0.93894255,0.9563013,0.9467828,0.9452239,0.95234966,0.94520146,0.8553634,0.94673955,0.96889585,0.9541128,0.96073925,0.94753253,0.9518868,0.9355909,0.9441864,0.94160956,0.9347431,0.9654496,0.9462641,0.96402377,0.95042694,0.9486473,0.9480369,0.94840735,0.94952744,0.96427554,0.9431424,0.9416074,0.95731896,0.9439965,0.95921373,0.9585974,0.9557195,0.94345623,0.94341725,0.9444412,0.9635604,0.9572285,0.94875884,0.9667808,0.9534724,0.94463265,0.9464998,0.949657,0.95765656,0.94234085,0.95826435,0.94424045,0.94840884,0.9482229,0.96263516,0.9612772,0.7965433,0.9591766,0.96111584,0.94249874,0.9307677,0.929581,0.9437673,0.9594081,0.9401197,0.95636964,0.948237,0.9623303,0.9655117,0.9458193,0.9497749,0.94907296,0.9602066,0.9459149,0.95683295,0.96363264,0.9612772,0.9445489,0.9611667,0.95517653,0.9493442,0.96655387,0.95652425,0.9486767,0.9335924,0.9527266,0.96360296,0.9508919,0.9528704,0.95418495,0.9584326,0.96208423,0.95544374,0.94008136,0.9600625,0.95673704,0.8455937,0.965897,0.9219335,0.96247894,0.9636065,0.9591225,0.9356147,0.9570712,0.9416072,0.9550219,0.95704955,0.957548,0.9289663,0.9578918,0.96023375,0.9611685,0.9330443,0.9378878,0.93803203,0.9589069,0.94629216,0.9734287,0.9413171,0.9629165,0.96097004,0.95462215,0.95019627,0.9528499,0.9474879,0.9733429,0.95641106,0.9443839,0.94649166,0.93942136,0.95039135,0.94647104,0.94880694,0.94762737,0.9605204,0.94276077,0.95166475,0.95428306,0.9444503,0.9502945,0.9552821,0.9408883,0.9501905,0.9569178,0.9525326,0.9733429,0.9591175,0.9438413,0.94019467,0.9550788
artofracingmovie,0.96359456,0.95323247,0.95838803,0.95582134,0.9823101,0.9610929,0.9547686,0.9730591,0.979685,0.96976393,0.9655541,0.945031,0.9557548,0.9716702,0.95480484,0.9528133,0.96644026,1.0,0.9630699,0.9492132,0.95812595,0.95710146,0.9560235,0.9672126,0.954038,0.8609369,0.95769864,0.9579216,0.9573659,0.96609044,0.9538892,0.95166004,0.9251222,0.9531234,0.94346637,0.9222773,0.9662469,0.960984,0.96291435,0.9635978,0.95470846,0.9593064,0.93658596,0.9597698,0.9785437,0.96525806,0.95088416,0.9657643,0.93602425,0.9660567,0.9649433,0.96028084,0.95835567,0.95283395,0.9553162,0.97086585,0.961639,0.9465877,0.96628445,0.96412003,0.94755656,0.9585221,0.95756507,0.97176766,0.949569,0.9597033,0.955882,0.9483201,0.9588831,0.95264465,0.9710368,0.78704256,0.9531556,0.9637699,0.9470402,0.93779826,0.91064405,0.95420426,0.9590249,0.9534002,0.9608575,0.9502816,0.9631426,0.9620699,0.9487016,0.9542059,0.9576214,0.96847665,0.96121716,0.9686999,0.9678101,0.9710368,0.95697814,0.9604096,0.96135366,0.94821274,0.9701951,0.9605271,0.9488404,0.94476104,0.9638379,0.96930665,0.9463314,0.9614083,0.9507646,0.96248966,0.96141785,0.95591617,0.94790226,0.96803224,0.95734775,0.85418355,0.9671756,0.90749127,0.9612076,0.97183156,0.9675871,0.9408633,0.9594826,0.9459675,0.952754,0.95440733,0.96624017,0.94600844,0.9634677,0.9646615,0.96780485,0.94333255,0.957548,0.93032503,0.96679765,0.9502445,0.96357083,0.9511597,0.95175517,0.96890867,0.9634594,0.95595986,0.96343505,0.9663789,0.979685,0.95646125,0.9543251,0.954065,0.948625,0.9471132,0.9498093,0.95609784,0.95561785,0.9640455,0.9475409,0.94798046,0.9634952,0.936909,0.96080214,0.96956533,0.95464766,0.9620351,0.95125943,0.9448478,0.979685,0.9630499,0.94802564,0.9448285,0.9565927
avengers,0.97758883,0.94750977,0.96233416,0.9471154,0.954521,0.9541802,0.9592795,0.96245617,0.9759211,0.9574548,0.96012217,0.94144285,0.9534769,0.9645485,0.96248186,0.9615601,0.9469979,0.9630699,1.0000001,0.95993954,0.9446354,0.9569723,0.9499013,0.9708667,0.9567023,0.8238478,0.9480034,0.9433696,0.96066606,0.95601815,0.97657883,0.96092516,0.9312997,0.94841886,0.9387599,0.91622627,0.9601654,0.95049006,0.95491785,0.9586955,0.95876145,0.9650934,0.9462989,0.95836246,0.96383697,0.9519464,0.9468473,0.95624787,0.9411619,0.96527433,0.95987564,0.9609284,0.94885683,0.94591457,0.9456836,0.95584345,0.95882744,0.957797,0.95843995,0.9678534,0.96097267,0.95664054,0.96346265,0.9622517,0.9453011,0.95027983,0.9520084,0.9428581,0.9389536,0.9442217,0.9704141,0.7593815,0.95247793,0.9607085,0.93594956,0.9302201,0.9099719,0.9549429,0.95309466,0.94282633,0.9597369,0.9486312,0.970838,0.9557687,0.9460991,0.94379205,0.94774026,0.96454334,0.9579854,0.97327006,0.9670033,0.9704141,0.9592513,0.9657351,0.955919,0.95705956,0.95643705,0.9547923,0.9520065,0.93919003,0.95224094,0.9649027,0.9422274,0.96674484,0.9545391,0.95497704,0.95642585,0.96111596,0.9510886,0.96196663,0.95480216,0.8628458,0.96854883,0.91613984,0.9508466,0.9668045,0.97120225,0.9386222,0.96425754,0.9577211,0.9610124,0.9599983,0.9526841,0.9434541,0.96395916,0.95740056,0.96168375,0.96216017,0.95361495,0.946111,0.9541685,0.94000506,0.9520679,0.9425243,0.9658872,0.9633875,0.9651132,0.95049167,0.96903616,0.94855183,0.9759211,0.96677047,0.9404575,0.95981413,0.9504685,0.9575645,0.9540837,0.9515614,0.95418036,0.9617188,0.9528624,0.9640992,0.95917785,0.9298086,0.95232475,0.9647014,0.9527511,0.9623269,0.96417826,0.9456275,0.9759211,0.95472926,0.957319,0.9500493,0.9544055
beachbummovie,0.9442989,0.9289608,0.9514071,0.94402146,0.9437554,0.9446868,0.9520157,0.9507209,0.9712421,0.94488734,0.95571387,0.94020605,0.9437663,0.9617167,0.9822514,0.9585172,0.93894255,0.9492132,0.95993954,0.9999999,0.9537481,0.960866,0.945115,0.95992863,0.93236786,0.83274406,0.9448492,0.92933035,0.95379835,0.94309646,0.9581393,0.9508084,0.9250205,0.9429334,0.9259783,0.9191586,0.9550547,0.93935,0.9469929,0.95017153,0.9592669,0.9469211,0.9399392,0.94076127,0.94796747,0.9441848,0.9417677,0.94567114,0.9360141,0.9483831,0.95360684,0.9681613,0.94288164,0.9429397,0.93448806,0.9412508,0.9449175,0.9606047,0.95514244,0.96092397,0.9418087,0.9498554,0.9511492,0.951425,0.9326955,0.94880956,0.9408123,0.9522379,0.9382046,0.9357604,0.96441823,0.7480027,0.93415886,0.9527364,0.93465835,0.9143531,0.8947618,0.9413095,0.94609207,0.9489777,0.9531091,0.93686074,0.9596135,0.9442065,0.9504227,0.9341059,0.9461757,0.95300543,0.9490098,0.95498645,0.94768447,0.96441823,0.9548381,0.95474154,0.9422232,0.9662856,0.947977,0.9618034,0.95633596,0.9428327,0.9291346,0.95389086,0.9446174,0.9550382,0.9455043,0.948535,0.94756836,0.9555479,0.93653655,0.9527697,0.9477422,0.8624877,0.9532353,0.9125858,0.9598674,0.9461216,0.9436837,0.93546045,0.9522148,0.94904137,0.9535818,0.95348746,0.9431747,0.9471554,0.9444906,0.95889586,0.9479811,0.9500264,0.9559153,0.93937,0.95468605,0.94475085,0.93600166,0.9354355,0.9588638,0.94933647,0.94406873,0.95222443,0.9631827,0.9370116,0.9712421,0.9580731,0.921311,0.9551719,0.94629955,0.9552991,0.9389414,0.9386416,0.95129466,0.94622695,0.95627576,0.94814664,0.9427747,0.9091095,0.94622225,0.95618725,0.9477122,0.95985174,0.9543519,0.943627,0.9712421,0.95573103,0.9622383,0.94643813,0.95320475
bernadettefilm,0.95408297,0.9521278,0.96548635,0.9517265,0.9522529,0.94648695,0.9523171,0.9543832,0.97436917,0.9447732,0.96025175,0.93885833,0.93855137,0.95377886,0.9590717,0.96019775,0.9563013,0.95812595,0.9446354,0.9537481,1.0000004,0.96474224,0.9594272,0.9631311,0.9270596,0.8480127,0.94796175,0.94515944,0.960808,0.9414036,0.946491,0.9562981,0.9461375,0.9553378,0.94106793,0.9241753,0.9638058,0.949088,0.9450516,0.9656849,0.95538145,0.9524497,0.94801754,0.9545482,0.9606812,0.9449833,0.95709085,0.9467959,0.9459963,0.96125287,0.95987594,0.96413195,0.96103424,0.9488737,0.93275094,0.9496557,0.9492795,0.9568254,0.9523904,0.9536546,0.94387674,0.95604485,0.9524796,0.9510117,0.94712335,0.9421011,0.9461979,0.9539487,0.9293962,0.9492828,0.96397364,0.7568309,0.94474554,0.9529096,0.94581383,0.91195744,0.90062034,0.9554013,0.9484021,0.94455016,0.9515938,0.9492987,0.96056545,0.951418,0.9506324,0.93601894,0.9542575,0.9557911,0.957441,0.96067464,0.95424294,0.96397364,0.9510555,0.94736564,0.94878834,0.9606995,0.95550686,0.9593006,0.96378255,0.9483489,0.9371981,0.9580965,0.95261115,0.9588523,0.95964736,0.958651,0.95626885,0.95903224,0.93005747,0.9526767,0.95691454,0.85016024,0.95750076,0.9194025,0.9745737,0.9580062,0.9567333,0.9274193,0.9478716,0.9430834,0.9624718,0.95559615,0.94899595,0.937305,0.94848967,0.9553039,0.94628924,0.9317955,0.93750197,0.93086165,0.97493654,0.9406685,0.9562186,0.9603003,0.9587726,0.9513111,0.95548964,0.9436933,0.9569038,0.9389017,0.97436917,0.96711653,0.94234645,0.9612392,0.9389595,0.94964844,0.94016486,0.94176066,0.9447562,0.95552564,0.94649214,0.9523322,0.93564403,0.93316334,0.9610682,0.96302325,0.9534824,0.96234494,0.9532709,0.9490856,0.97436917,0.9539127,0.9522681,0.9593453,0.959148
