movie,21bridgesmovie,47metersdown,abeautifuldaymovie,abominablemovie,adastramovie,adogsjourneymovie,aftermathmovie,aftermovie,ahiddenlifefilm,alitamovie,angelhasfallen,angrybirdsmovie,annabellemovie,annamovie,apollo11movie,arcticdogsmovie,arcticmovie,artofracingmovie,avengers,beachbummovie,bernadettefilm,blackandbluemovie,blackchristmas,blindedbythelightmovie,bombshellmovie,booksmart,breakthroughmovie,brianbanksmovie,brightburnmovie,brittanyrunsmov,captainmarvelofficial,captivestatemovie,catsmovie,charliesangels,childsplaymovie,clarathefilm,coldpursuitmovie,countdown,currentwarmovie,darkwatersmovie,detectivepikachumovie,disneyaladdin,disneyfrozen,disneymaleficent,doctorsleepmovie,dolemiteismyname,dontletgomovie,doramovie,downtonabbey_official,dumbo,escaperoom,everybodyknowsmovie,fastandfuriousmovie,fightingwmyfam,fivefeetapartfilm,fordvferrari,freaksthefilm,geminimanmovie,glassmovie,gloriabellmovie,godzillamovie,goldfinchmovie,goodboysmovie,goodliarmovie,gretafilm,halathemovie,happydeathdaymovie,harrietfilm,hellboymovie,hersmellmovie,highlifemovie,highstrungmovie,honeyboymovie,hotelmumbaifilm,httydragon,hustlemovie,hustlersmovie,isntitromantic,itmovieofficial,jayandsilentbob,johnwickmovie,jojorabbitmovie,jokermovie,judythefilm,jumanjimovie,justmercyfilm,knivesout,lalloronamovie,lastblackmansf,lastchristmasthemovie,latenightmovie,lighthousemovie,lionking,littlethemovie,littlewomenmovie,littlewoodsfilm,longshotmovie,lordsofchaosmovie,lucyintheskyfilm,mamovie2019,marriagestory,meettheaddams,meninblack,midsommarmovie,midwaymovie,missbalamovie,missinglinkfilm,motherlessbklyn,onceinhollywood,onthebasisofsex,overcomermovie,peanutbutterfalcon,petsematarymovie,piercingmovie,playingwithfire,playmobilthemovie,pomsmovie,queenandslim,rambomovie,readyornotfilm,richardjewellfilm,rocketmanmovie,scarystoriesmovie,secretlifeofpets,serenityfilm,shaftmovie,shazammovie,spidermanmovie,spiesindisguise,starwars,stormboymovie,stubermovie,taosdfilm,teenspiritmov,terminator,theaeronautsmov,thebestofenemies,thedeaddontdie,thefarewell,thehighwaymen,thehummingbirdprojectfilm,theintrudermovie,theirishmanfilm,thekitchenmovie,thelegomovie,themustangfilm,thenightingalefilm,theprodigymovie,thesunisalsoastar,theupsidefilm,tolkienmovie,toystory,triplefrontier,uglydolls,uncutgems,underthesilverlake,usmovie,wavesmovie,whatmenwant,wonderparkmovie,wrinklestheclown,xmenmovies,yardiefilm,yesterdaymovie,zombieland
21bridgesmovie,0.99999994,0.9687921,0.9872003,0.96419084,0.99252915,0.98745054,0.98124874,0.98705524,0.99408054,0.9939363,0.9842741,0.9690281,0.98524433,0.9832587,0.98665684,0.9797812,0.98539627,0.9758811,0.9965363,0.9888243,0.989744,0.9764754,0.98837703,0.99279666,0.9744916,0.46857437,0.9824886,0.97326404,0.9752632,0.9917871,0.9887104,0.9890616,0.96723163,0.955612,0.9689169,0.67532593,0.99168706,0.98219126,0.9906517,0.9930798,0.96042514,0.9892391,0.96947837,0.9906314,0.9896336,0.9875574,0.9851063,0.9798148,0.9692022,0.9921301,0.97847396,0.99119526,0.98281074,0.9881506,0.9286293,0.973953,0.9795905,0.9870351,0.98447794,0.9892871,0.97616214,0.98678917,0.9771376,0.98849124,0.98466414,0.99101126,0.9671056,0.99375576,0.98665226,0.93913597,0.98687303,0.49533236,0.9010281,0.98865575,0.98241836,0.97104067,0.67328465,0.9884746,0.99399817,0.9805065,0.9776732,0.97235364,0.9790967,0.98361254,0.97026134,0.9833729,0.97390294,0.98479885,0.99302673,0.9907823,0.9848261,0.98687303,0.991044,0.99650604,0.97754633,0.9924135,0.9799618,0.9857873,0.9853461,0.9668328,0.98493636,0.9914461,0.9663005,0.9872146,0.9693752,0.98283696,0.98667127,0.98786724,0.96294117,0.96650594,0.981246,0.550221,0.9874077,0.73740077,0.98208606,0.99197507,0.99673504,0.97540504,0.98366106,0.9780691,0.9867386,0.9767841,0.97124386,0.985983,0.98274255,0.987984,0.9928003,0.9767965,0.98964125,0.94702977,0.9767907,0.98990756,0.9754021,0.9376361,0.99008864,0.988333,0.98504996,0.98896474,0.9898088,0.99060595,0.99408054,0.9727877,0.97421616,0.99120885,0.944604,0.98626614,0.9589482,0.98079574,0.9899873,0.97998196,0.98353463,0.9915898,0.9825103,0.9547618,0.96156645,0.98867315,0.99140674,0.9830434,0.9867444,0.98062265,0.99408054,0.98152083,0.9848901,0.9874505,0.9782142
47metersdown,0.9687921,1.0,0.9653741,0.977564,0.9713036,0.94035614,0.95597976,0.97035086,0.9748933,0.97687465,0.96008396,0.93305624,0.97250104,0.96042675,0.9771637,0.98093086,0.9534092,0.96861863,0.95537865,0.96968037,0.97900474,0.964657,0.9778675,0.9698482,0.96431154,0.45874056,0.9607307,0.9473909,0.9653466,0.9762678,0.97501844,0.9668514,0.96027225,0.92940235,0.95301396,0.7373346,0.9717914,0.9528884,0.953425,0.96839154,0.959471,0.97038823,0.9487626,0.96370995,0.9779668,0.94751513,0.9803539,0.9528052,0.9324895,0.9731317,0.9542927,0.96996313,0.96920574,0.96868014,0.93819803,0.97484106,0.9687909,0.9586753,0.98113644,0.9703094,0.96153396,0.96529454,0.9879426,0.9817797,0.9632576,0.9494376,0.955474,0.9790831,0.95131826,0.95632917,0.9733405,0.49649468,0.92562616,0.96423733,0.9889824,0.95666003,0.63106215,0.9742963,0.96830416,0.9478695,0.95099473,0.9323357,0.96977866,0.9881419,0.94062823,0.97307557,0.92861986,0.9609189,0.95858777,0.9774337,0.966907,0.9733405,0.9695709,0.9721555,0.9561332,0.97013324,0.98753846,0.96008486,0.95492554,0.927376,0.96184695,0.9720114,0.9295863,0.9719897,0.9629553,0.96426535,0.9519218,0.9731205,0.96115303,0.93853503,0.9799102,0.48305663,0.9661832,0.7755166,0.9594105,0.9641895,0.9693394,0.9523042,0.9734873,0.9648435,0.9670732,0.9489969,0.9604702,0.93897134,0.9749566,0.97678757,0.9550859,0.93854356,0.9506469,0.8738421,0.9806424,0.9537346,0.96092284,0.9089377,0.9708012,0.9821181,0.9641332,0.9638483,0.9646444,0.96203953,0.9748933,0.95246917,0.93585247,0.9784959,0.95620376,0.9764547,0.9652421,0.945234,0.97145253,0.92935693,0.96352375,0.9741653,0.9600707,0.9254997,0.9526873,0.9675996,0.9718445,0.96041626,0.9575718,0.96333915,0.9748933,0.9519243,0.9859174,0.9694239,0.9509891
abeautifuldaymovie,0.9872003,0.9653741,0.9999999,0.9726145,0.98036915,0.9812852,0.9900389,0.98656106,0.99656,0.985364,0.9775049,0.98646224,0.99698377,0.9967332,0.9851375,0.9908314,0.98644197,0.9589269,0.9778529,0.98843384,0.99265397,0.9932515,0.98822856,0.9832877,0.987178,0.52774155,0.9745436,0.9830249,0.99068886,0.9885641,0.98234934,0.98727715,0.9514635,0.9808904,0.9525787,0.6649829,0.99289554,0.9862,0.9843225,0.9958364,0.959411,0.99190956,0.9436401,0.9924878,0.98434436,0.9928518,0.9839449,0.9853887,0.9618992,0.99207157,0.99485666,0.9951097,0.9866865,0.9662961,0.9625421,0.973274,0.9797565,0.99293023,0.98963374,0.99120677,0.9760577,0.9858789,0.9829196,0.9907515,0.9884674,0.98736954,0.9792956,0.98814756,0.9750676,0.9426912,0.9897835,0.5427667,0.9218935,0.99392253,0.9710169,0.9723404,0.69072276,0.98468256,0.9884852,0.98939943,0.9861245,0.98017615,0.98562264,0.96674055,0.98649937,0.9797952,0.97672635,0.99368346,0.98429585,0.9950478,0.9878581,0.9897835,0.98738575,0.98503137,0.9900954,0.9828191,0.99149626,0.98603755,0.9896076,0.9867135,0.9982808,0.9960338,0.98235077,0.9926093,0.98098254,0.9940109,0.9892466,0.9912641,0.98596126,0.9804627,0.9854619,0.56922835,0.986871,0.7318533,0.98345584,0.99383354,0.994991,0.97898,0.9947092,0.98693526,0.98699206,0.98304296,0.9840135,0.9861303,0.9898138,0.99108243,0.9935188,0.98443556,0.98697054,0.93310773,0.968657,0.98121023,0.9894797,0.96792763,0.9915275,0.9759789,0.9964462,0.9847815,0.9948825,0.9899085,0.99656,0.9909228,0.99068576,0.9893798,0.94253993,0.9932262,0.9643053,0.97015697,0.9802661,0.9766229,0.9890423,0.9858191,0.9956262,0.9539032,0.96602035,0.9963423,0.99571806,0.98776925,0.98457134,0.97575814,0.99656,0.9862963,0.9847139,0.9773937,0.9896391
abominablemovie,0.96419084,0.977564,0.9726145,0.99999994,0.95644474,0.946579,0.9799401,0.9788648,0.97776884,0.96638846,0.96227044,0.9597334,0.9740592,0.9732134,0.9669205,0.9860685,0.97976327,0.9475276,0.944282,0.9617595,0.9843361,0.97247684,0.9713032,0.9705389,0.9714057,0.46874973,0.93883955,0.97414804,0.9713196,0.9744417,0.9773357,0.9610593,0.9306916,0.9405489,0.9269721,0.7045921,0.9736235,0.96523476,0.9587408,0.96928877,0.9740837,0.96816593,0.92148745,0.96539265,0.96988404,0.94627225,0.9739907,0.9639805,0.90914655,0.96835136,0.9678426,0.9678736,0.9559638,0.9559239,0.9763686,0.9593001,0.9683683,0.9702528,0.9793581,0.9751853,0.9614254,0.97112125,0.97974885,0.97112215,0.95874256,0.9574675,0.95284396,0.9675729,0.94504064,0.9549505,0.9735305,0.574338,0.91204685,0.9773033,0.97649014,0.96330947,0.61763513,0.9673572,0.9678181,0.9540555,0.97222835,0.95892906,0.9769981,0.96486175,0.9667679,0.96754086,0.94886756,0.9576679,0.9452863,0.97641224,0.9792018,0.9735305,0.97308016,0.9742141,0.9745991,0.9643999,0.9796073,0.9632077,0.97126883,0.95290124,0.96678346,0.962273,0.9442383,0.97924507,0.9675228,0.97184783,0.96753573,0.98037034,0.9875195,0.967041,0.9694412,0.47195354,0.9631348,0.7509379,0.95444995,0.96767443,0.9713385,0.96255285,0.98817915,0.9849212,0.9812242,0.95844656,0.9851909,0.94582725,0.9919794,0.98826736,0.96128285,0.9580427,0.9484589,0.8819007,0.9752656,0.95938724,0.98906153,0.9518393,0.97384715,0.9726792,0.98153144,0.96117824,0.9722602,0.96116453,0.97776884,0.9633002,0.9447259,0.97338915,0.94508237,0.97283554,0.9395168,0.92261165,0.9670521,0.92824286,0.9786019,0.9656166,0.974116,0.9231347,0.96453655,0.9715441,0.9800898,0.950558,0.9673158,0.9487538,0.97776884,0.9643573,0.96673065,0.95953095,0.9555739
adastramovie,0.99252915,0.9713036,0.98036915,0.95644474,1.0000001,0.9713169,0.9737174,0.98272127,0.9906611,0.990073,0.9838399,0.94421524,0.9833202,0.9784975,0.9925758,0.97553366,0.97304654,0.9867948,0.9892295,0.99316895,0.98341227,0.97352016,0.98569816,0.98736745,0.9711258,0.43313113,0.99569994,0.96024966,0.9820407,0.98188967,0.9865027,0.9949506,0.9848551,0.9620974,0.9765247,0.71578026,0.9897288,0.96458787,0.9861234,0.9827094,0.9628313,0.9874603,0.9643533,0.98245084,0.99048895,0.98388964,0.98168254,0.97357523,0.97443855,0.9874453,0.98002356,0.99332047,0.99157625,0.9876949,0.90927017,0.98778546,0.9853997,0.982115,0.9843591,0.99061155,0.9867665,0.9846266,0.97550607,0.99042505,0.991533,0.9842771,0.9780063,0.9943797,0.9704698,0.9287844,0.99130803,0.45101777,0.92351484,0.983889,0.9831209,0.9765121,0.6695613,0.9943433,0.9793814,0.9872553,0.96900153,0.96502125,0.9798839,0.98623306,0.9519789,0.9837914,0.9532097,0.9885618,0.9899438,0.98437357,0.97953826,0.99130803,0.98914397,0.98740155,0.9761383,0.9897834,0.97651553,0.9829849,0.9747977,0.96012646,0.9832116,0.9884565,0.959268,0.98644686,0.9561464,0.9865335,0.96819836,0.9871024,0.94818425,0.95756805,0.98834157,0.5344965,0.9952009,0.76748073,0.9935414,0.9859684,0.9883994,0.9578669,0.97736335,0.968533,0.9841979,0.9823221,0.96141094,0.9722433,0.97984594,0.98035175,0.9830487,0.97820675,0.99039835,0.9106904,0.9762619,0.98089397,0.9674437,0.914214,0.9911966,0.98452675,0.9762988,0.9953159,0.9829137,0.9852092,0.9906611,0.97542155,0.97099483,0.98015326,0.94351244,0.99023235,0.9782822,0.9820532,0.9931919,0.97376144,0.9817759,0.9809478,0.97342867,0.9417431,0.9739485,0.9860926,0.98312294,0.99057215,0.9901516,0.9937241,0.9906611,0.98186433,0.98933935,0.9842716,0.98458236
adogsjourneymovie,0.98745054,0.94035614,0.9812852,0.946579,0.9713169,1.0,0.9648312,0.966938,0.97939605,0.9706772,0.96328443,0.97801274,0.9771091,0.971861,0.96840495,0.9576629,0.9737456,0.94200027,0.9842162,0.9655729,0.9764678,0.9691043,0.9736585,0.9688721,0.9516598,0.5053595,0.9645106,0.9743979,0.9591998,0.9766811,0.9694942,0.9718925,0.9392797,0.94094193,0.9408256,0.6079715,0.9713524,0.987247,0.97532713,0.98548484,0.9364068,0.96937066,0.96341425,0.9859216,0.9730257,0.9820553,0.96625304,0.9683887,0.95280147,0.9800599,0.9681628,0.97514963,0.96541345,0.9721471,0.92790115,0.9423801,0.9527363,0.97026277,0.9610078,0.970012,0.945784,0.96816355,0.9607578,0.9728331,0.9658367,0.97521317,0.9352892,0.97437984,0.9754309,0.90635353,0.96299994,0.4924704,0.8579991,0.9791435,0.94952923,0.9409326,0.6535135,0.9712698,0.9843295,0.9718752,0.9662286,0.96112,0.95700234,0.954912,0.96704334,0.9581034,0.98653924,0.97523105,0.98373336,0.9767816,0.9697591,0.96299994,0.96928287,0.9825849,0.9605084,0.9787932,0.9615678,0.96443415,0.9678459,0.9584085,0.9754019,0.98094016,0.9606863,0.9644618,0.95859057,0.9696493,0.9812634,0.9710125,0.9553613,0.9623349,0.95859766,0.5554621,0.96918213,0.6814641,0.9592238,0.98060954,0.98841476,0.9775809,0.96758324,0.9587488,0.97128975,0.952536,0.9566889,0.9943535,0.967745,0.9753822,0.9890455,0.9609155,0.97259545,0.97447366,0.9515816,0.9771975,0.96695065,0.95044327,0.96893257,0.9606937,0.97687286,0.96778846,0.976385,0.9770019,0.97939605,0.96965563,0.96560127,0.97966397,0.924064,0.96558607,0.93666285,0.9718806,0.9726724,0.96969765,0.96425503,0.9804653,0.9813916,0.94090194,0.92779434,0.9740131,0.9794289,0.9644676,0.96721923,0.9540695,0.97939605,0.96466637,0.9660299,0.97476965,0.96181095
aftermathmovie,0.98124874,0.95597976,0.9900389,0.9799401,0.9737174,0.9648312,1.0000001,0.98904586,0.9914483,0.98291105,0.97877824,0.97941273,0.9858857,0.99426925,0.9732266,0.98942864,0.99488294,0.952204,0.96944565,0.98375845,0.9885782,0.9820509,0.9752062,0.98480844,0.98579407,0.4676428,0.9603055,0.979683,0.9832256,0.98438156,0.98333615,0.9816207,0.9418762,0.97539765,0.94892496,0.67881846,0.99206144,0.97645813,0.9822401,0.9852467,0.9612126,0.9846311,0.91748,0.9793578,0.9726164,0.9780976,0.974578,0.9778869,0.9422806,0.9789917,0.99027836,0.98814976,0.97249115,0.9567882,0.9617177,0.96852744,0.9786324,0.9933106,0.9891323,0.99069536,0.9777938,0.9916857,0.9699819,0.9760607,0.98275346,0.98982126,0.97843397,0.9801222,0.96607786,0.948576,0.98855805,0.59428823,0.9205955,0.9899891,0.9720937,0.97766733,0.6969357,0.97928745,0.9834608,0.9823633,0.9935922,0.991056,0.98355865,0.95842713,0.98941296,0.98313004,0.97030723,0.9824192,0.971065,0.9860037,0.9937592,0.98855805,0.98694783,0.98418,0.9953791,0.9726427,0.9801801,0.9867393,0.9940684,0.9871439,0.98801625,0.9814322,0.9737097,0.99529344,0.9761508,0.98878664,0.98583376,0.98965394,0.9844609,0.9866978,0.9766222,0.5602574,0.97981316,0.7510708,0.9805666,0.99122125,0.9886854,0.96893543,0.9959226,0.9971786,0.9902447,0.9852562,0.98722655,0.9712991,0.99125654,0.9934245,0.98771733,0.99211615,0.9815276,0.9138878,0.9631893,0.97532517,0.99426377,0.9692828,0.99041986,0.9763963,0.9959281,0.9824983,0.9932966,0.980884,0.9914483,0.97855633,0.9815691,0.9782623,0.92598987,0.9877184,0.94795483,0.95509154,0.9731942,0.9746443,0.99626046,0.9727338,0.9857601,0.9529702,0.9745432,0.9912592,0.9930371,0.97588694,0.989088,0.9701699,0.9914483,0.9934095,0.967297,0.96370554,0.9846564
aftermovie,0.98705524,0.97035086,0.98656106,0.9788648,0.98272127,0.966938,0.98904586,1.0,0.9930756,0.9835282,0.9921761,0.96676636,0.9826651,0.9824576,0.97777,0.99276775,0.99069023,0.9741857,0.9815116,0.98067623,0.98935145,0.9825085,0.9818181,0.99637264,0.9826218,0.4566885,0.9671063,0.9839556,0.9822569,0.9899595,0.9975717,0.979227,0.94523907,0.9708195,0.9449868,0.67064077,0.9916583,0.96648777,0.97570425,0.98547965,0.9743028,0.989024,0.9412743,0.98238456,0.9888156,0.9782477,0.9775943,0.9844747,0.94271034,0.9824953,0.9837963,0.9880577,0.9801314,0.9696593,0.95410776,0.9787333,0.9759299,0.99492073,0.9920386,0.99490875,0.9829963,0.98579943,0.9879604,0.9853286,0.98618275,0.9918807,0.97578716,0.9876417,0.98378354,0.9297429,0.993212,0.5586514,0.9302662,0.9899477,0.9800552,0.97306025,0.6697216,0.98816615,0.9806005,0.98019445,0.9911459,0.9699278,0.99277055,0.9704411,0.98110926,0.9850647,0.9680199,0.9766286,0.96866554,0.98573387,0.98762095,0.993212,0.9925975,0.98257905,0.987623,0.9788311,0.9831964,0.9748802,0.9951729,0.9660191,0.98571116,0.985889,0.9526888,0.9929795,0.9559734,0.98563427,0.9807642,0.99752414,0.9762673,0.9614848,0.9743336,0.54351616,0.9857357,0.72089845,0.982089,0.9873459,0.9889183,0.968424,0.9925696,0.98642665,0.9961195,0.9812365,0.98459154,0.97666925,0.9914619,0.98937565,0.9788674,0.9864888,0.9838699,0.9094636,0.9784748,0.97917134,0.98524535,0.9484601,0.9947721,0.9897725,0.9918847,0.9913337,0.9936468,0.9792795,0.9930756,0.97598565,0.980556,0.98882866,0.95481354,0.9880255,0.9518247,0.954831,0.98704016,0.9597769,0.9831661,0.98549175,0.978054,0.9444868,0.9804401,0.9906073,0.99327105,0.983222,0.9916136,0.97984356,0.9930756,0.97972447,0.97733444,0.971966,0.97614366
ahiddenlifefilm,0.99408054,0.9748933,0.99656,0.97776884,0.9906611,0.97939605,0.9914483,0.9930756,1.0,0.99274766,0.9854932,0.9763963,0.9943658,0.994303,0.992018,0.9934733,0.9907244,0.976999,0.9854059,0.99384624,0.9963964,0.99166137,0.9938843,0.9932253,0.98765695,0.49382827,0.9825879,0.9830116,0.9921665,0.9922919,0.99064124,0.9931241,0.96403337,0.9751522,0.9613167,0.6848738,0.9973684,0.981115,0.99078566,0.9954609,0.9733222,0.996932,0.9567553,0.9942164,0.9930845,0.99172354,0.9910631,0.98952025,0.96820897,0.99595654,0.99290854,0.9980671,0.99117064,0.9802112,0.95329523,0.98292583,0.9894126,0.99538535,0.9943358,0.99716794,0.9870969,0.9908992,0.9865057,0.995118,0.99321926,0.99131054,0.9831062,0.99542415,0.97977996,0.94861144,0.99617237,0.51949424,0.9251227,0.99684817,0.98361444,0.9799974,0.67318386,0.9913005,0.9900092,0.9897422,0.985539,0.9783985,0.9914513,0.98109514,0.97996205,0.98526084,0.9698336,0.9924898,0.98804814,0.99612397,0.9902355,0.99617237,0.99576455,0.9926296,0.9902426,0.99055743,0.99161136,0.99011827,0.99214745,0.98177624,0.9958025,0.995424,0.9767994,0.99676216,0.9775485,0.9949872,0.98846775,0.99589115,0.9814949,0.977667,0.9906052,0.5425807,0.9940661,0.7430355,0.9896341,0.9939441,0.99644333,0.97861475,0.9959762,0.9890079,0.9930723,0.9892544,0.98557144,0.98273367,0.99429977,0.9936753,0.9923222,0.986708,0.9924655,0.9267113,0.9822451,0.98916954,0.9894404,0.9538313,0.99704146,0.987639,0.99456024,0.99334854,0.9961287,0.9940467,1.0,0.98789084,0.98570395,0.9923315,0.95474005,0.9966373,0.96788776,0.9714833,0.9913922,0.9753736,0.99288595,0.9906315,0.99174714,0.9530609,0.97696847,0.9965128,0.99741113,0.99054456,0.99224,0.9849072,1.0,0.9879963,0.9904231,0.98623073,0.9906096
alitamovie,0.9939363,0.97687465,0.985364,0.96638846,0.990073,0.9706772,0.98291105,0.9835282,0.99274766,0.99999994,0.9739889,0.962049,0.9854817,0.9860874,0.98486775,0.9849047,0.9819722,0.97595537,0.98631907,0.99329394,0.9872508,0.9763027,0.98565346,0.9904947,0.97604614,0.4376489,0.9823304,0.9625419,0.97583914,0.9942425,0.98240674,0.99172544,0.9691956,0.95775974,0.9767524,0.7113074,0.9908365,0.9754222,0.98642623,0.992259,0.95612645,0.9903149,0.9579507,0.9847718,0.9846079,0.9833384,0.9863017,0.97413343,0.9650445,0.98907727,0.9761289,0.992027,0.9853548,0.9772587,0.9260511,0.9834627,0.9852816,0.98320085,0.9913492,0.98987865,0.981637,0.98800707,0.97427666,0.98567444,0.98528767,0.98519814,0.9751617,0.9962903,0.97569823,0.96489966,0.9901277,0.52775204,0.9224731,0.98572797,0.98558116,0.97446287,0.7101934,0.98270357,0.9908101,0.9763326,0.9752553,0.9731924,0.98118806,0.98849404,0.96851486,0.9897911,0.9571352,0.9858016,0.99151266,0.9914913,0.9889288,0.9901277,0.98679733,0.9947722,0.97636217,0.98333305,0.98639536,0.98891026,0.98283255,0.9669938,0.98316133,0.9895242,0.9656815,0.9909888,0.97822046,0.98028105,0.97797793,0.98295283,0.96612257,0.97155035,0.98870724,0.5753132,0.9847699,0.77672815,0.98164415,0.9895526,0.99158543,0.96766764,0.9861202,0.98309255,0.98407835,0.9777942,0.9660254,0.9732817,0.9809035,0.9889618,0.98934,0.9739774,0.9874161,0.92439806,0.97405744,0.9844528,0.9740313,0.9355288,0.9881454,0.9930762,0.98214537,0.98542106,0.99057066,0.99128777,0.99274766,0.9653138,0.96944785,0.99050206,0.94445527,0.99193037,0.9667775,0.9779077,0.98198026,0.9806725,0.98799884,0.98450273,0.9757516,0.970307,0.9638605,0.9895886,0.98789257,0.9814732,0.9809697,0.97754353,0.99274766,0.98540884,0.986452,0.9792758,0.9800064
angelhasfallen,0.9842741,0.96008396,0.9775049,0.96227044,0.9838399,0.96328443,0.97877824,0.9921761,0.9854932,0.9739889,1.0000001,0.9527333,0.9758777,0.9730822,0.97729427,0.9789729,0.97605526,0.96952444,0.98506147,0.9780581,0.98156476,0.96618617,0.9745489,0.98899055,0.98243284,0.4865508,0.9669634,0.96715015,0.9752464,0.9750084,0.99491143,0.97222954,0.956768,0.96644807,0.9515933,0.6771448,0.99048054,0.9607361,0.9751773,0.9736285,0.9608687,0.979449,0.93346906,0.9717156,0.9812038,0.97123945,0.96791965,0.97097325,0.9497682,0.975653,0.9794873,0.98199934,0.97076684,0.97413576,0.93554085,0.9685599,0.9663388,0.99079365,0.9785326,0.98432904,0.9720248,0.9809414,0.9810023,0.98236644,0.980425,0.9911285,0.9744297,0.9770031,0.9813652,0.9014393,0.9842637,0.49711365,0.9183044,0.97627133,0.9806689,0.97484916,0.64854825,0.99222934,0.9774388,0.97733545,0.9820558,0.96609634,0.9779698,0.9626923,0.9661234,0.9795314,0.9673568,0.9719544,0.9649114,0.9787993,0.9742602,0.9842637,0.99061024,0.97424996,0.9863114,0.9829873,0.9714275,0.9741077,0.98691076,0.95907176,0.98027956,0.9823697,0.95021707,0.9850797,0.94297266,0.9834194,0.97794914,0.9939028,0.9541124,0.94218665,0.9668678,0.5194443,0.9822503,0.72455794,0.9851,0.98610765,0.9857649,0.9535567,0.97923476,0.9732023,0.9838827,0.97692657,0.9789237,0.96791494,0.9805651,0.9775689,0.97329086,0.98270535,0.97898215,0.90488815,0.97040373,0.9682601,0.97062397,0.92425805,0.99284625,0.9755903,0.9831281,0.98950315,0.9807199,0.96732795,0.9854932,0.9735485,0.9784652,0.9740527,0.92915565,0.9777909,0.9519458,0.9622357,0.984698,0.96129924,0.9741736,0.97996145,0.9739403,0.91588455,0.97642,0.9834189,0.98679626,0.9839944,0.99234986,0.98883384,0.9854932,0.9742692,0.9720161,0.9710602,0.9726286
angrybirdsmovie,0.9690281,0.93305624,0.98646224,0.9597334,0.94421524,0.97801274,0.97941273,0.96676636,0.9763963,0.962049,0.9527333,1.0,0.97554934,0.98075014,0.95106894,0.9721862,0.9801839,0.91433346,0.9574247,0.95672846,0.97875136,0.97785014,0.9661247,0.9615595,0.96618474,0.56319666,0.931613,0.98148644,0.9612915,0.97281504,0.9597976,0.9564364,0.9003935,0.9518546,0.9112608,0.57245445,0.9716076,0.98332024,0.9648938,0.9818081,0.9314191,0.96825904,0.918027,0.97999376,0.95569986,0.97362834,0.9630561,0.9701859,0.9306872,0.97197604,0.9739262,0.9683728,0.95048386,0.9382603,0.9719794,0.9267163,0.94745916,0.9764297,0.9668741,0.96581453,0.9372668,0.97012067,0.95867395,0.96216476,0.95914507,0.9720622,0.94082123,0.96021014,0.9676743,0.92728907,0.95880514,0.6025624,0.8626044,0.97746843,0.9406251,0.93633044,0.66797656,0.9544959,0.98094654,0.96104974,0.9778062,0.96882117,0.9570977,0.9310287,0.9916995,0.9518593,0.9826867,0.96720487,0.9621678,0.9752132,0.97211665,0.95880514,0.9648133,0.96997553,0.97201174,0.95866555,0.97025234,0.9643685,0.9787458,0.97761506,0.9775409,0.9747599,0.9686788,0.9689669,0.9769726,0.9689841,0.989447,0.9683207,0.9840294,0.976918,0.9501989,0.56040144,0.95256144,0.6608008,0.9467158,0.97834474,0.980904,0.9837115,0.9801295,0.97951496,0.9656624,0.9545612,0.9757507,0.9798733,0.97070783,0.9788176,0.983456,0.96506673,0.9621583,0.958936,0.9419049,0.96420807,0.9820579,0.98776436,0.9647465,0.950566,0.98682517,0.9531413,0.98056775,0.9705312,0.9763963,0.97057116,0.9732295,0.9743407,0.91539866,0.9640934,0.912256,0.94069743,0.9505729,0.9610342,0.97081363,0.97323525,0.9866901,0.94174385,0.9240796,0.9740342,0.98427325,0.95197386,0.95919275,0.9347007,0.9763963,0.96565545,0.9499479,0.9558224,0.9610389
annabellemovie,0.98524433,0.97250104,0.99698377,0.9740592,0.9833202,0.9771091,0.9858857,0.9826651,0.9943658,0.9854817,0.9758777,0.97554934,0.9999999,0.9958539,0.9886807,0.98792845,0.9789283,0.9588166,0.9756646,0.99080706,0.9889392,0.9869156,0.98490745,0.9786776,0.98668617,0.5099879,0.9798199,0.9720549,0.99024904,0.9872416,0.98125595,0.9888394,0.96511406,0.98073524,0.9664821,0.71304506,0.9908685,0.98771966,0.9812059,0.9937301,0.9550557,0.987139,0.9409943,0.985391,0.9823627,0.9874622,0.9807159,0.97481674,0.9578347,0.98878664,0.9926061,0.9948449,0.9875843,0.9673659,0.9550021,0.98009604,0.97937685,0.9867434,0.9877217,0.98876774,0.9753312,0.9825481,0.98364395,0.99136746,0.9853397,0.98137355,0.98134506,0.9878641,0.9648074,0.9457538,0.9897352,0.5274971,0.9369433,0.9890713,0.97565144,0.9789259,0.70575166,0.98702425,0.9865488,0.9892722,0.9814368,0.9809867,0.98429173,0.9719131,0.9772888,0.9853564,0.97261626,0.9954794,0.98404384,0.99625355,0.9885794,0.9897352,0.9829651,0.9839248,0.9888096,0.9830338,0.99232864,0.98643,0.981968,0.9798396,0.9966805,0.9952103,0.9808957,0.99219984,0.9796738,0.99371994,0.98110497,0.9898999,0.98050463,0.9765011,0.9910114,0.5804135,0.98716277,0.7743359,0.9852044,0.99343365,0.9935981,0.96673185,0.9919258,0.98197454,0.98563606,0.9783478,0.9780317,0.9802012,0.98910254,0.9906273,0.9911142,0.9791775,0.98099893,0.9178657,0.96577203,0.9745365,0.9849531,0.95613974,0.990924,0.9752201,0.99306315,0.9827408,0.9897862,0.9851741,0.9943658,0.9881662,0.9845321,0.9866522,0.9344969,0.993969,0.9795078,0.9775635,0.9784016,0.9766734,0.98802245,0.9790759,0.9927918,0.9533901,0.9692019,0.99662393,0.99084926,0.98922235,0.9817847,0.9786287,0.9943658,0.98753965,0.98908705,0.97384745,0.98863643
annamovie,0.9832587,0.96042675,0.9967332,0.9732134,0.9784975,0.971861,0.99426925,0.9824576,0.994303,0.9860874,0.9730822,0.98075014,0.9958539,0.99999994,0.98363286,0.98843825,0.9866797,0.9544827,0.97173476,0.9917467,0.98846686,0.98698086,0.9820919,0.98004997,0.9891966,0.5061536,0.9731952,0.9737624,0.9901346,0.98520166,0.9768104,0.9886348,0.9558767,0.98338,0.96110547,0.70089006,0.9926411,0.98503095,0.9866994,0.992558,0.9560774,0.98905206,0.9292234,0.98488736,0.97652775,0.988433,0.97995156,0.9787036,0.9585206,0.98719645,0.9951092,0.9945364,0.98314667,0.96058923,0.9567782,0.975199,0.9834701,0.9908987,0.9878865,0.98997235,0.9787643,0.98644674,0.97277766,0.9848537,0.98569584,0.9857156,0.98498297,0.9848845,0.9625217,0.953688,0.99013114,0.55211014,0.93048084,0.9913447,0.97146416,0.98196167,0.71271986,0.98050874,0.9858982,0.9889487,0.9850041,0.9902133,0.9843018,0.9649463,0.98339164,0.98279417,0.96915966,0.99381596,0.98245895,0.99408185,0.990673,0.99013114,0.9851294,0.9847835,0.9933303,0.97898513,0.9876829,0.9923076,0.9882999,0.99210346,0.9964371,0.9903843,0.988309,0.99536234,0.98384064,0.99378884,0.9855807,0.987727,0.98440355,0.986727,0.98821706,0.58205754,0.9853889,0.77009946,0.9848788,0.99332726,0.9917244,0.96775854,0.9947739,0.9898961,0.9857132,0.9863627,0.9823458,0.97648084,0.98946846,0.99076426,0.9929121,0.9866404,0.9850105,0.91807604,0.9623164,0.97851384,0.98972625,0.9643291,0.9911175,0.97290456,0.99462974,0.98215485,0.99240834,0.98848397,0.994303,0.986358,0.9875818,0.98193973,0.9279077,0.9934495,0.9670947,0.969688,0.9742186,0.9817034,0.99509627,0.97470975,0.9927061,0.95796245,0.97203475,0.9964751,0.9917559,0.9856401,0.9844625,0.97436047,0.994303,0.99326444,0.98029864,0.9700223,0.9928782
apollo11movie,0.98665684,0.9771637,0.9851375,0.9669205,0.9925758,0.96840495,0.9732266,0.97777,0.992018,0.98486775,0.97729427,0.95106894,0.9886807,0.98363286,1.0000002,0.9806985,0.9705726,0.983703,0.9776665,0.99372905,0.9884011,0.9809427,0.9942326,0.98104805,0.9814923,0.5132006,0.9900726,0.9627482,0.9911128,0.97631735,0.97914803,0.9917171,0.9838155,0.96380407,0.96833086,0.72670984,0.9901976,0.9702432,0.9896563,0.9837649,0.97363263,0.99078774,0.9651142,0.9859941,0.9918351,0.9833696,0.9915245,0.9793383,0.9797482,0.9943256,0.98533,0.99309754,0.99091786,0.98867416,0.9310298,0.98366165,0.9924446,0.9814952,0.9818114,0.9870723,0.98486483,0.977677,0.9811188,0.9970416,0.98701066,0.97465396,0.9821643,0.9899838,0.9610792,0.94141465,0.98938036,0.42024335,0.92282647,0.98619574,0.985763,0.98290104,0.6322668,0.98949933,0.97811466,0.9844156,0.9603983,0.9623591,0.9821144,0.98783803,0.94915235,0.97351146,0.9465757,0.9891782,0.9863596,0.99077386,0.9727201,0.98938036,0.9905672,0.9852492,0.9785076,0.9951491,0.9850244,0.9878683,0.97212404,0.9699977,0.98833346,0.98826104,0.9750769,0.9869732,0.96854943,0.9916613,0.9740663,0.98680073,0.9631878,0.9606131,0.99565554,0.49189234,0.9948684,0.76800877,0.98967886,0.98169285,0.9860673,0.96220505,0.9822303,0.9699774,0.97908974,0.9853097,0.97441953,0.96453726,0.98646945,0.9795986,0.9801294,0.97025716,0.9846862,0.90334696,0.98509747,0.98328656,0.97373116,0.91814125,0.99077404,0.9761625,0.9776969,0.9882968,0.97803056,0.98858505,0.992018,0.98514116,0.97154063,0.97915536,0.9517976,0.99104387,0.9804394,0.9713436,0.9923306,0.9631665,0.9834603,0.98200166,0.9850673,0.92649233,0.9762319,0.98621905,0.98437184,0.9895275,0.98466796,0.98934984,0.992018,0.9755507,0.9967351,0.9911983,0.9883973
arcticdogsmovie,0.9797812,0.98093086,0.9908314,0.9860685,0.97553366,0.9576629,0.98942864,0.99276775,0.9934733,0.9849047,0.9789729,0.9721862,0.98792845,0.98843825,0.9806985,1.0,0.9858471,0.96832174,0.9672636,0.9833526,0.9931102,0.9902306,0.9868436,0.9884905,0.98903334,0.4974353,0.9632742,0.98031116,0.9880824,0.9889123,0.98759174,0.97940373,0.94421315,0.9718284,0.94357854,0.6845148,0.9915744,0.96833724,0.9741476,0.98707604,0.973425,0.9916102,0.93547165,0.98365945,0.9855812,0.97677404,0.98631483,0.98400235,0.9454254,0.9861842,0.9861731,0.98880935,0.9817297,0.9622327,0.9701246,0.97920084,0.9821518,0.99136484,0.99642307,0.9919997,0.9814113,0.98477256,0.99093974,0.98855126,0.98488575,0.98135364,0.9809238,0.98707664,0.9725111,0.9558324,0.99226475,0.5685014,0.9371269,0.9894788,0.9824189,0.9733071,0.6697922,0.98187584,0.9806283,0.97566974,0.98497987,0.96767896,0.9919924,0.97360086,0.9817873,0.98199517,0.9567481,0.97979593,0.9679913,0.9906079,0.9865413,0.99226475,0.9892442,0.98056704,0.9876491,0.9757602,0.9955584,0.979425,0.99062884,0.97319955,0.98872703,0.98729974,0.96281993,0.99441093,0.9754979,0.9874976,0.9807601,0.992922,0.9897795,0.969988,0.9837602,0.5327967,0.9821428,0.73778087,0.97820795,0.9848281,0.985839,0.9728154,0.99751705,0.9920427,0.988748,0.9814044,0.988931,0.966292,0.9930983,0.9912579,0.97760993,0.9786856,0.9785602,0.8992504,0.9808649,0.9751516,0.9894352,0.95689654,0.991363,0.98639077,0.99231666,0.9831224,0.9922095,0.9823591,0.9934733,0.9794341,0.9783636,0.98918927,0.95926476,0.9926181,0.95767546,0.9483739,0.97978795,0.9556341,0.9871038,0.98454285,0.98369044,0.9468004,0.97572523,0.99088806,0.99374473,0.9803112,0.9825581,0.97358453,0.9934733,0.978348,0.9834823,0.972524,0.97964185
arcticmovie,0.98539627,0.9534092,0.98644197,0.97976327,0.97304654,0.9737456,0.99488294,0.99069023,0.9907244,0.9819722,0.97605526,0.9801839,0.9789283,0.9866797,0.9705726,0.9858471,0.9999998,0.9590879,0.9740541,0.9765868,0.9888669,0.9829145,0.97847444,0.9893948,0.9741087,0.45175096,0.9580073,0.989662,0.9772619,0.9871167,0.98485905,0.97916925,0.9318787,0.96101564,0.9359905,0.6444745,0.9866705,0.9746787,0.98227066,0.9864995,0.9713887,0.9853797,0.9381713,0.9855506,0.9793056,0.9787771,0.9772302,0.98603123,0.94047093,0.9815045,0.9825998,0.9843425,0.97130245,0.96443796,0.95761037,0.9637668,0.9772858,0.99060875,0.98576945,0.99103135,0.97738904,0.9869353,0.96948415,0.97464067,0.97970945,0.988434,0.9640588,0.98231035,0.97399735,0.94329476,0.98571557,0.58233815,0.8998471,0.9940425,0.9675759,0.9668102,0.665303,0.9749766,0.98204833,0.97732925,0.98957056,0.98021203,0.98500293,0.9620042,0.9866444,0.9748853,0.9710996,0.97499985,0.9717281,0.98238355,0.990182,0.98571557,0.98761576,0.98843896,0.98480254,0.97431964,0.97413474,0.97841835,0.99341744,0.9784005,0.9820432,0.97728586,0.9639077,0.98949474,0.96785206,0.98187757,0.9863254,0.9879093,0.983174,0.98338556,0.9697126,0.53861564,0.9792526,0.71105546,0.9721714,0.9847464,0.98756045,0.9783591,0.9928876,0.9921526,0.9934156,0.98075897,0.98442084,0.97874355,0.99122727,0.99178463,0.9857673,0.9864568,0.98249406,0.93040663,0.9708483,0.9857107,0.99315447,0.9676598,0.9863741,0.9815573,0.9921498,0.98220426,0.9931206,0.9844543,0.9907244,0.9734622,0.97427136,0.9838114,0.94479966,0.9825532,0.93379134,0.9470682,0.97947854,0.96512973,0.9901169,0.9789886,0.9820327,0.95369095,0.96874815,0.98578924,0.9918626,0.96924174,0.98681724,0.96225893,0.9907244,0.98385066,0.9655435,0.9700837,0.97608334
artofracingmovie,0.9758811,0.96861863,0.9589269,0.9475276,0.9867948,0.94200027,0.952204,0.9741857,0.976999,0.97595537,0.96952444,0.91433346,0.9588166,0.9544827,0.983703,0.96832174,0.9590879,1.0000001,0.9708022,0.97731227,0.97100514,0.9641725,0.9827328,0.98334,0.9563339,0.42760375,0.98102,0.95021677,0.97205436,0.9666254,0.9746262,0.9782893,0.96676606,0.93878573,0.94637644,0.70449936,0.9737661,0.9292603,0.9718995,0.964188,0.97941184,0.9835454,0.9709902,0.9718836,0.9907713,0.9665386,0.9804104,0.9755008,0.9664149,0.97945374,0.9592864,0.9772085,0.9834153,0.9826187,0.893526,0.9830147,0.98449385,0.96837085,0.97348773,0.9808691,0.9881361,0.9618587,0.9698621,0.9824016,0.9792338,0.96396655,0.9671917,0.98524445,0.959777,0.9224724,0.9827436,0.39832455,0.9157805,0.9733076,0.9766809,0.9634601,0.60116315,0.97579694,0.95358306,0.96430874,0.9421667,0.92746425,0.979026,0.9868693,0.9232123,0.95956725,0.91064894,0.96316266,0.96820843,0.9677978,0.9540532,0.9827436,0.9835975,0.97132677,0.95253396,0.9787979,0.9647151,0.9632444,0.96141773,0.9364209,0.9635181,0.9679666,0.93340605,0.97202384,0.9302954,0.968274,0.9478829,0.97467786,0.9357347,0.9281653,0.9768318,0.46146545,0.9866382,0.72734517,0.976827,0.9566345,0.96429855,0.94451076,0.96348894,0.95001143,0.9721944,0.97583795,0.95180345,0.9453214,0.9696966,0.95874035,0.9526681,0.95584106,0.97927344,0.87334293,0.98735726,0.97903293,0.94966984,0.87771285,0.9786654,0.9817304,0.9528201,0.9856804,0.965775,0.9770112,0.976999,0.95664823,0.94928944,0.9701354,0.97210324,0.97741634,0.95727503,0.94444495,0.9910582,0.93368196,0.96184593,0.9738334,0.9500674,0.9153641,0.97365654,0.9662051,0.9659915,0.9761894,0.97545123,0.9810395,0.976999,0.9511311,0.98326236,0.98094046,0.96660626
avengers,0.9965363,0.95537865,0.9778529,0.944282,0.9892295,0.9842162,0.96944565,0.9815116,0.9854059,0.98631907,0.98506147,0.9574247,0.9756646,0.97173476,0.9776665,0.9672636,0.9740541,0.9708022,1.0,0.98143554,0.97752714,0.96228087,0.9776097,0.9887552,0.9663381,0.463781,0.9785882,0.9608182,0.96289593,0.98450243,0.9847892,0.97987413,0.96286076,0.9509429,0.96711147,0.664018,0.9847387,0.97346073,0.98284626,0.98562914,0.9446422,0.98071986,0.9646263,0.9811406,0.98263294,0.98321515,0.97127384,0.9697255,0.9657882,0.9829396,0.9686523,0.9835187,0.97522956,0.9829056,0.9071275,0.9662877,0.9653809,0.98142046,0.9732,0.98065263,0.96632946,0.97703177,0.9688558,0.9806211,0.97751987,0.9901635,0.9598892,0.9862684,0.9893817,0.9142815,0.9786833,0.47579095,0.89485043,0.977089,0.9737469,0.9632791,0.6836245,0.98430705,0.98804146,0.97442156,0.97086835,0.9635829,0.969613,0.97373617,0.96075064,0.9785501,0.9724199,0.9767061,0.98775333,0.9821156,0.97403055,0.9786833,0.9841306,0.9869064,0.96871644,0.9868458,0.96768993,0.9765506,0.9797461,0.9543108,0.9773519,0.9870648,0.9550911,0.97777444,0.95080984,0.97313297,0.97938657,0.9813294,0.9434099,0.9465509,0.96857023,0.57146853,0.98047036,0.72423434,0.977433,0.9871501,0.9913351,0.96152836,0.97039425,0.9631717,0.97819597,0.9673986,0.9577389,0.98454046,0.9686424,0.97514385,0.985857,0.9707607,0.9857818,0.9467305,0.964195,0.981998,0.95839113,0.9194793,0.9844293,0.9811687,0.9752524,0.9849234,0.9820724,0.9808732,0.9854059,0.96200377,0.97216505,0.9840556,0.93052423,0.9760148,0.9519651,0.9834148,0.98363006,0.97884595,0.9695097,0.9860613,0.9709174,0.94688916,0.9529929,0.9821353,0.982452,0.9812054,0.9812464,0.9792199,0.9854059,0.972453,0.97611636,0.9787804,0.9688519
beachbummovie,0.9888243,0.96968037,0.98843384,0.9617595,0.99316895,0.9655729,0.98375845,0.98067623,0.99384624,0.99329394,0.9780581,0.95672846,0.99080706,0.9917467,0.99372905,0.9833526,0.9765868,0.97731227,0.98143554,1.0,0.98570806,0.9788729,0.98704684,0.9851123,0.98582196,0.47752887,0.9902891,0.9581514,0.98896897,0.98323435,0.97891515,0.99589,0.98124695,0.9756453,0.979902,0.73533183,0.9945402,0.9727649,0.9918598,0.98845434,0.9597082,0.9925187,0.9480157,0.9830058,0.9843702,0.9881877,0.98537487,0.9758619,0.9774205,0.990625,0.98853517,0.9971934,0.9912869,0.9769019,0.92538506,0.98787045,0.99204665,0.9871221,0.9877166,0.99098027,0.98836637,0.985864,0.9727718,0.9908073,0.99095535,0.98511106,0.99102974,0.99254304,0.9642146,0.9523169,0.9938902,0.47963643,0.9366231,0.98640996,0.9836527,0.98803866,0.7007643,0.987675,0.9836384,0.988409,0.97194844,0.9789439,0.98344755,0.98267764,0.96178734,0.9859916,0.9514259,0.9943114,0.99070925,0.9927458,0.9836578,0.9938902,0.9899279,0.9874916,0.9857271,0.987881,0.9854232,0.99559665,0.9812677,0.9797776,0.99173087,0.9912916,0.98085356,0.99420905,0.97465193,0.9918982,0.9763912,0.98636353,0.96372265,0.97075605,0.9958487,0.5607539,0.99345297,0.79281026,0.9940753,0.99019545,0.9896709,0.95732933,0.98607767,0.9792491,0.9819898,0.99007636,0.9709688,0.9679271,0.9834392,0.98348707,0.98804677,0.9815369,0.99136055,0.90536416,0.9721437,0.9822316,0.9747771,0.92829835,0.9938212,0.98059595,0.9826716,0.9904452,0.9867933,0.9912748,0.99384624,0.97984457,0.9804752,0.98026085,0.93527985,0.9957654,0.98082876,0.9806298,0.98439837,0.9824956,0.99138916,0.977427,0.98240685,0.95195085,0.9779718,0.9933414,0.98645264,0.99296623,0.9876298,0.9897319,0.99384624,0.98969376,0.99044305,0.9802235,0.9941705
bernadettefilm,0.989744,0.97900474,0.99265397,0.9843361,0.98341227,0.9764678,0.9885782,0.98935145,0.9963964,0.9872508,0.98156476,0.97875136,0.9889392,0.98846686,0.9884011,0.9931102,0.9888669,0.97100514,0.97752714,0.98570806,0.99999994,0.9914374,0.99477077,0.98794556,0.9840895,0.5146029,0.9716546,0.9860246,0.98794174,0.9870091,0.9886661,0.98585993,0.9561501,0.960078,0.9484681,0.65904653,0.9945444,0.9784929,0.9865026,0.98913985,0.9756851,0.99204147,0.9561277,0.993547,0.99011767,0.9820617,0.9942863,0.98731595,0.9628259,0.99414897,0.98771185,0.9910207,0.98206806,0.981267,0.9652248,0.9708709,0.9856935,0.990805,0.9923796,0.9912122,0.977737,0.9915386,0.98816156,0.9930082,0.9874927,0.9839856,0.97217304,0.98956394,0.9774003,0.9499302,0.9885164,0.52049506,0.90323913,0.99339604,0.985166,0.96980745,0.6271795,0.9887735,0.9894076,0.97992295,0.9818521,0.969709,0.98334146,0.97923964,0.9788933,0.9766392,0.9679534,0.98438793,0.98114574,0.9914196,0.9853805,0.9885164,0.99397755,0.99128544,0.9864614,0.9894234,0.9912685,0.98500586,0.98712194,0.9765313,0.9889316,0.98991597,0.96964,0.99098086,0.9823143,0.991096,0.989966,0.9927294,0.984861,0.9774385,0.9851865,0.48800758,0.98662114,0.7201168,0.98115396,0.98903495,0.9930729,0.9877652,0.994688,0.991114,0.98721236,0.9825769,0.99039274,0.9749949,0.99432355,0.99444926,0.9874082,0.9792291,0.9834756,0.9300225,0.9871725,0.98377734,0.9921784,0.9585067,0.990994,0.9834102,0.99275786,0.9864521,0.990627,0.9883116,0.9963964,0.9865406,0.97516876,0.98876446,0.95703614,0.9902881,0.95537525,0.9587665,0.9893642,0.96338654,0.990472,0.9929723,0.9925971,0.93751335,0.96670735,0.9878344,0.9980204,0.97871625,0.9878736,0.97783875,0.9963964,0.9802388,0.9863108,0.98929197,0.98230654
