movie,21bridgesmovie,47metersdown,abeautifuldaymovie,abominablemovie,adastramovie,adogsjourneymovie,aftermathmovie,aftermovie,ahiddenlifefilm,alitamovie,angelhasfallen,angrybirdsmovie,annabellemovie,annamovie,apollo11movie,arcticdogsmovie,arcticmovie,artofracingmovie,avengers,beachbummovie,bernadettefilm,blackandbluemovie,blackchristmas,blindedbythelightmovie,bombshellmovie,booksmart,breakthroughmovie,brianbanksmovie,brightburnmovie,brittanyrunsmov,captainmarvelofficial,captivestatemovie,catsmovie,charliesangels,childsplaymovie,clarathefilm,coldpursuitmovie,countdown,currentwarmovie,darkwatersmovie,detectivepikachumovie,disneyaladdin,disneyfrozen,disneymaleficent,doctorsleepmovie,dolemiteismyname,dontletgomovie,doramovie,downtonabbey_official,dumbo,escaperoom,everybodyknowsmovie,fastandfuriousmovie,fightingwmyfam,fivefeetapartfilm,fordvferrari,freaksthefilm,geminimanmovie,glassmovie,gloriabellmovie,godzillamovie,goldfinchmovie,goodboysmovie,goodliarmovie,gretafilm,halathemovie,happydeathdaymovie,harrietfilm,hellboymovie,hersmellmovie,highlifemovie,highstrungmovie,honeyboymovie,hotelmumbaifilm,httydragon,hustlemovie,hustlersmovie,isntitromantic,itmovieofficial,jayandsilentbob,johnwickmovie,jojorabbitmovie,jokermovie,judythefilm,jumanjimovie,justmercyfilm,knivesout,lalloronamovie,lastblackmansf,lastchristmasthemovie,latenightmovie,lighthousemovie,lionking,littlethemovie,littlewomenmovie,littlewoodsfilm,longshotmovie,lordsofchaosmovie,lucyintheskyfilm,mamovie2019,marriagestory,meettheaddams,meninblack,midsommarmovie,midwaymovie,missbalamovie,missinglinkfilm,motherlessbklyn,onceinhollywood,onthebasisofsex,overcomermovie,peanutbutterfalcon,petsematarymovie,piercingmovie,playingwithfire,playmobilthemovie,pomsmovie,queenandslim,rambomovie,readyornotfilm,richardjewellfilm,rocketmanmovie,scarystoriesmovie,secretlifeofpets,serenityfilm,shaftmovie,shazammovie,spidermanmovie,spiesindisguise,starwars,stormboymovie,stubermovie,taosdfilm,teenspiritmov,terminator,theaeronautsmov,thebestofenemies,thedeaddontdie,thefarewell,thehighwaymen,thehummingbirdprojectfilm,theintrudermovie,theirishmanfilm,thekitchenmovie,thelegomovie,themustangfilm,thenightingalefilm,theprodigymovie,thesunisalsoastar,theupsidefilm,tolkienmovie,toystory,triplefrontier,uglydolls,uncutgems,underthesilverlake,usmovie,wavesmovie,whatmenwant,wonderparkmovie,wrinklestheclown,xmenmovies,yardiefilm,yesterdaymovie,zombieland
21bridgesmovie,0.99999994,0.9557069,0.9525066,0.95680267,0.9520377,0.949308,0.9630097,0.960062,0.9777862,0.946656,0.9558147,0.95379984,0.9570011,0.9574291,0.94796324,0.94502777,0.9534295,0.95725715,0.9610666,0.94576013,0.95787144,0.9555558,0.9560979,0.95797837,0.9568459,0.9041648,0.9492976,0.9612611,0.9586329,0.94370395,0.9565896,0.9402779,0.92121613,0.94675237,0.9506742,0.92472863,0.96011937,0.9609512,0.9623849,0.9540135,0.9494512,0.9426683,0.9343787,0.9467835,0.9585677,0.9536689,0.95990837,0.9584635,0.94323504,0.9462265,0.9641527,0.96074253,0.9614991,0.9667,0.9572282,0.94941217,0.95063406,0.94056875,0.9553682,0.9603284,0.94735944,0.95657575,0.9475359,0.9445085,0.94636256,0.9339447,0.9493727,0.94535154,0.96447426,0.9399032,0.9616328,0.7999771,0.93838555,0.9611601,0.95314085,0.9518546,0.93979675,0.9416781,0.9543519,0.9573459,0.9480363,0.9565737,0.9608718,0.9504526,0.94057935,0.9537204,0.9447412,0.96216077,0.94774336,0.9620986,0.9498304,0.9616328,0.95319086,0.9500168,0.95587444,0.9485635,0.95526916,0.9551754,0.955805,0.9417472,0.95656633,0.94048715,0.940891,0.96262366,0.9364546,0.9674745,0.95763236,0.95187294,0.94186515,0.94845337,0.9594993,0.8530477,0.95732397,0.8998412,0.93629694,0.97552043,0.98923796,0.95559126,0.96264625,0.958633,0.95291996,0.95306754,0.9592736,0.943944,0.95752627,0.95303774,0.9532348,0.95006806,0.9485931,0.9092523,0.94542235,0.94093156,0.95816326,0.94044197,0.94978243,0.93966043,0.97289515,0.95003617,0.948156,0.95294064,0.9777862,0.95667917,0.95875174,0.94805837,0.95681363,0.94918835,0.9502271,0.95076543,0.9481875,0.96404576,0.96085674,0.9443498,0.96154606,0.9466245,0.9560344,0.9533962,0.9512289,0.9487011,0.9494803,0.9447217,0.9777862,0.9533999,0.94652575,0.9512366,0.9552556
47metersdown,0.9557069,0.99999994,0.94908214,0.95677114,0.94520926,0.9170815,0.9470307,0.9595379,0.97230643,0.93404937,0.95081013,0.9275156,0.958486,0.964544,0.9405067,0.96088403,0.9539442,0.9383281,0.9539804,0.9470792,0.94268894,0.9590445,0.9403899,0.95578724,0.9538641,0.8835143,0.9501292,0.95141286,0.95425564,0.9379083,0.94932646,0.9523249,0.9158959,0.93301827,0.9421197,0.93340605,0.9559792,0.94815487,0.95940113,0.9427646,0.9496255,0.9439213,0.9381744,0.9431436,0.9516348,0.9537872,0.9445203,0.9573069,0.93723726,0.94488984,0.95775616,0.9630319,0.9601804,0.954509,0.95538163,0.93425405,0.94981104,0.9387524,0.95591724,0.9618471,0.93492013,0.944134,0.93720573,0.95057005,0.9429168,0.93323934,0.9377333,0.9491052,0.94656533,0.9450159,0.9606901,0.7862199,0.945741,0.94979405,0.94472533,0.93508244,0.9132516,0.9337777,0.95649713,0.9503397,0.9357368,0.94253504,0.9542443,0.9450941,0.93829584,0.9409573,0.9421185,0.9636163,0.9457878,0.9579249,0.9461571,0.9606901,0.9425502,0.9495388,0.95432526,0.9485775,0.9453246,0.94797486,0.9346553,0.934265,0.9554746,0.9461023,0.9351315,0.95595443,0.95686424,0.959384,0.9443453,0.94311094,0.93369824,0.9507605,0.9509391,0.8564349,0.95901006,0.9105358,0.93431294,0.94742256,0.9513547,0.94850385,0.9478443,0.9376511,0.94554657,0.9451065,0.950037,0.9244596,0.9379295,0.95095927,0.94892734,0.9516386,0.93803155,0.9155407,0.94525236,0.9283338,0.9537837,0.9277258,0.9388557,0.9412653,0.95696145,0.94797915,0.9465783,0.9476657,0.97230643,0.95631516,0.9591574,0.9320912,0.9430227,0.95354176,0.94347227,0.94519675,0.93698967,0.94596696,0.9527921,0.9475121,0.9561483,0.9315979,0.9598425,0.95115674,0.9377733,0.9483476,0.9492519,0.9371062,0.97230643,0.9411471,0.94142264,0.94142085,0.94586396
abeautifuldaymovie,0.9525066,0.94908214,1.0,0.9446087,0.94622076,0.94379103,0.95999235,0.9580048,0.9763023,0.9386758,0.9501788,0.96481234,0.9529489,0.9567228,0.93945205,0.9522949,0.9552959,0.9437366,0.9488839,0.9466175,0.9542479,0.9725981,0.9530143,0.9649419,0.9490136,0.8863764,0.9494849,0.95291877,0.9678451,0.9592225,0.94793475,0.9564681,0.93354434,0.95342886,0.94432837,0.9305044,0.96042925,0.9432797,0.9490014,0.9546109,0.9421322,0.9525355,0.944293,0.94832075,0.960595,0.953635,0.952681,0.9558555,0.94201493,0.9552185,0.9769184,0.9639101,0.94651484,0.9471882,0.9429677,0.94308686,0.9514739,0.9510004,0.95553154,0.96282196,0.93833226,0.9403972,0.9575063,0.9500918,0.9443502,0.95146096,0.93750507,0.949795,0.9537838,0.94090396,0.9717502,0.79659325,0.9558864,0.9534046,0.94603485,0.9477744,0.921746,0.94958836,0.9553515,0.9554886,0.9337012,0.95149815,0.9535481,0.95254964,0.9596974,0.9473714,0.9398069,0.9621313,0.95210296,0.96305954,0.9487068,0.9717502,0.9500602,0.94663495,0.9659436,0.94709116,0.94955957,0.94325083,0.95162296,0.942762,0.9524908,0.9482125,0.96443623,0.9709592,0.94192725,0.97451293,0.95717114,0.94847316,0.9463695,0.9567407,0.9558525,0.86929893,0.9584572,0.92459947,0.9446451,0.95020634,0.9510475,0.9472887,0.95423394,0.95202017,0.9408037,0.9528774,0.9551488,0.94338757,0.95159084,0.9506322,0.9538787,0.9564841,0.9524921,0.92436224,0.95216566,0.93780404,0.9555816,0.93818575,0.9484027,0.95337206,0.94757134,0.9534173,0.9651968,0.94325227,0.9763023,0.9710905,0.9600046,0.93321985,0.9388251,0.95197666,0.9499764,0.9474359,0.9341893,0.93371636,0.95250213,0.9619149,0.95468175,0.9267113,0.9617198,0.9530639,0.9359657,0.9600392,0.93237424,0.9316506,0.9763023,0.95640004,0.9485546,0.94911927,0.9650718
abominablemovie,0.95680267,0.95677114,0.9446087,0.9999999,0.9548761,0.94641083,0.9529353,0.955595,0.97648144,0.93836087,0.9593559,0.94055474,0.9561453,0.9583283,0.9459124,0.95871454,0.95607936,0.9456112,0.95566326,0.9456795,0.9486215,0.954389,0.94630694,0.9577137,0.96052074,0.8841598,0.94161904,0.95289546,0.95878005,0.94747335,0.9527303,0.9498873,0.9243363,0.94689655,0.9323639,0.9251852,0.9530042,0.9557061,0.959314,0.95558786,0.9581024,0.946223,0.95356745,0.9583241,0.96472794,0.9582008,0.9502068,0.9454531,0.94937176,0.9527576,0.9618357,0.95903236,0.9575426,0.95658183,0.9592055,0.95469844,0.94178474,0.95084894,0.96425974,0.9628474,0.9488026,0.96926814,0.9516124,0.948063,0.94104743,0.932481,0.94043773,0.9423443,0.9496305,0.94391054,0.96460104,0.787247,0.9477688,0.9548244,0.9580358,0.94043785,0.93030864,0.9510626,0.9618997,0.95036685,0.9523649,0.9574208,0.94635534,0.93763626,0.94688857,0.95233536,0.9449389,0.95553005,0.9535996,0.97073245,0.95770395,0.96460104,0.9517974,0.96107715,0.95240754,0.9545239,0.95130396,0.9578275,0.9517357,0.9399932,0.9518463,0.9450181,0.9294011,0.9593525,0.9487198,0.96234035,0.95467085,0.9574906,0.9527725,0.95349437,0.95059514,0.87237334,0.9654862,0.9214094,0.94443697,0.95320314,0.9559591,0.9484434,0.9590556,0.94470173,0.95549226,0.94821745,0.9620819,0.9330161,0.9502987,0.95719004,0.94340026,0.95014304,0.9550046,0.91841173,0.9518926,0.9391704,0.95025367,0.951164,0.95251137,0.94906235,0.9525893,0.9471128,0.9521843,0.9371178,0.97648144,0.95933974,0.94843817,0.9472062,0.9487793,0.95174927,0.9601008,0.94511217,0.9470772,0.9490115,0.9532787,0.95144403,0.9473154,0.9208227,0.95743525,0.9516047,0.9372825,0.94898725,0.9502373,0.946884,0.97648144,0.94946605,0.9402771,0.95260507,0.9559717
adastramovie,0.9520377,0.94520926,0.94622076,0.9548761,0.99999964,0.9447999,0.9458565,0.94672066,0.9716796,0.9476943,0.9441651,0.9380572,0.9471463,0.95716715,0.9356353,0.93782824,0.9499863,0.96947056,0.95687246,0.9384398,0.95966995,0.9441094,0.94581324,0.9524453,0.950801,0.88128734,0.94897693,0.9512844,0.9529767,0.93674076,0.9461231,0.9456379,0.9181607,0.94373655,0.9316583,0.90826154,0.95598936,0.9515254,0.94021225,0.94278514,0.9506081,0.946583,0.9440632,0.9524072,0.95582706,0.951742,0.9514489,0.9408482,0.9273203,0.9513735,0.95175856,0.9522332,0.94914687,0.95642346,0.9468493,0.969426,0.93683535,0.9494513,0.95474994,0.96186584,0.9392628,0.9552317,0.9497737,0.93984026,0.943393,0.92961425,0.9466313,0.9335685,0.9376011,0.9368877,0.96364915,0.79651797,0.935666,0.9516418,0.94513184,0.9391543,0.91421473,0.9511462,0.9552356,0.9531293,0.9474946,0.95847106,0.94910574,0.9429454,0.9417235,0.9441069,0.9322446,0.94312245,0.9474001,0.955992,0.9425235,0.96364915,0.9441622,0.94856685,0.94710654,0.9443427,0.9491729,0.95024234,0.95202786,0.94836277,0.94325936,0.94377315,0.93759084,0.9610063,0.9388209,0.95681095,0.9551564,0.94345117,0.934514,0.9492602,0.9597569,0.86169,0.9431095,0.91748464,0.94199955,0.95326406,0.953365,0.94207156,0.95357996,0.9341797,0.94517094,0.9422023,0.9494938,0.93657285,0.93494797,0.9530031,0.94474316,0.94164115,0.96165174,0.92794925,0.9495492,0.9471726,0.9508038,0.9444849,0.9441963,0.937344,0.9507824,0.94304335,0.9530376,0.9442551,0.9716796,0.95619255,0.95339394,0.944865,0.93742365,0.9477748,0.95106727,0.9405857,0.93286896,0.9329494,0.9465093,0.94453704,0.9572343,0.91255325,0.9606115,0.9522143,0.93752545,0.9529809,0.9303893,0.924419,0.9716796,0.94833887,0.94521224,0.9483407,0.9527603
adogsjourneymovie,0.949308,0.9170815,0.94379103,0.94641083,0.9447999,0.99999994,0.9479468,0.9375497,0.96503633,0.9426691,0.9311103,0.94956046,0.9402577,0.9452271,0.93797237,0.9387959,0.9430875,0.9411816,0.93992513,0.9371365,0.94809467,0.9440355,0.95513934,0.949649,0.937242,0.88092506,0.91365,0.9504861,0.9395473,0.94492215,0.9495873,0.93526256,0.938021,0.9396143,0.9218021,0.9175191,0.9451763,0.94453055,0.93435115,0.9538055,0.93136835,0.9394048,0.92915004,0.94418246,0.9489764,0.9306123,0.951306,0.931722,0.93073267,0.94809586,0.94605565,0.9464908,0.9400501,0.9402328,0.9333364,0.95012915,0.93769413,0.9334762,0.94641984,0.9526395,0.9345015,0.9437777,0.93921196,0.94269246,0.9326248,0.93058217,0.93725246,0.91956174,0.93211097,0.9259652,0.9587403,0.7880957,0.939321,0.9480786,0.95320517,0.94390446,0.9168625,0.9491411,0.9286109,0.9375526,0.9353316,0.94667476,0.9380083,0.9350268,0.9383909,0.94569093,0.91513234,0.9362076,0.9541964,0.9492657,0.94769007,0.9587403,0.9442372,0.93869084,0.9250657,0.9337765,0.9327058,0.9540129,0.9485555,0.93472534,0.9277495,0.9335519,0.93604946,0.94898677,0.93254155,0.9486873,0.9486701,0.94200695,0.9350575,0.94289404,0.93400866,0.8623931,0.95189065,0.89735776,0.935165,0.9467338,0.95333135,0.94571507,0.9562603,0.9411801,0.9358705,0.94015414,0.9561746,0.9700355,0.94534385,0.9492889,0.9354787,0.9240134,0.93602276,0.91030025,0.94403297,0.93571764,0.940905,0.94419324,0.9375745,0.9329265,0.9384306,0.929892,0.9547648,0.9325517,0.96503633,0.93743056,0.93517715,0.9311197,0.929858,0.9297178,0.9468341,0.9287858,0.92567676,0.93385804,0.9372318,0.9419253,0.94170254,0.9222374,0.94009566,0.9377786,0.9478143,0.94031113,0.9266898,0.9293688,0.96503633,0.9484065,0.9352591,0.95555186,0.943516
aftermathmovie,0.9630097,0.9470307,0.95999235,0.9529353,0.9458565,0.9479468,0.99999976,0.95359117,0.9741509,0.9521332,0.94395626,0.95620984,0.9483131,0.96167094,0.93893915,0.9514774,0.9582309,0.95208514,0.95212424,0.943907,0.9559287,0.95554256,0.95575583,0.9467862,0.9621197,0.8933462,0.9453085,0.9501231,0.9520149,0.9499385,0.9415431,0.95087254,0.9304977,0.95193416,0.9392236,0.9234762,0.9639863,0.9460959,0.9585626,0.9531515,0.9482092,0.9436433,0.9388576,0.9410613,0.9614748,0.94061244,0.95575607,0.95098406,0.9387379,0.94181395,0.96199965,0.95547,0.9571225,0.95684564,0.9361466,0.9530715,0.94738454,0.94526815,0.9469962,0.95974874,0.9382203,0.95807993,0.9574264,0.94971925,0.93455863,0.9324038,0.9344269,0.934932,0.9471229,0.9233238,0.96087295,0.79203117,0.9438449,0.9470922,0.95421094,0.9451032,0.93347704,0.9346468,0.9453651,0.95063716,0.9391769,0.96918833,0.9507074,0.9458895,0.95184326,0.94628084,0.9345027,0.9496541,0.9531414,0.9573552,0.9504227,0.96087295,0.9527078,0.9405027,0.96150327,0.9477314,0.9519859,0.9499735,0.97110933,0.94156647,0.9500263,0.94335365,0.9430446,0.9580009,0.9435913,0.96439934,0.953501,0.9437844,0.9348034,0.95176667,0.9542118,0.8775763,0.95873195,0.9130007,0.9366902,0.9517258,0.9594189,0.9485925,0.952951,0.9812044,0.9464924,0.951089,0.9491003,0.9453051,0.9446046,0.94873846,0.9507779,0.94636965,0.9537118,0.92119396,0.941855,0.94389987,0.9550726,0.94561577,0.94692564,0.9460475,0.9462551,0.94009626,0.9505359,0.94339067,0.9741509,0.9525957,0.94684523,0.9323836,0.9508413,0.94345474,0.94744426,0.94413435,0.93115866,0.9465889,0.9838876,0.94414043,0.9530765,0.94328713,0.95038754,0.9525956,0.9422041,0.95321196,0.9368759,0.9329827,0.9741509,0.9527367,0.9444361,0.9581062,0.9499693
aftermovie,0.960062,0.9595379,0.9580048,0.955595,0.94672066,0.9375497,0.95359117,0.99999976,0.9774764,0.9353783,0.95286167,0.93936336,0.95791924,0.9608832,0.94550484,0.9579528,0.9597501,0.9469,0.95291394,0.95227104,0.94903785,0.96067107,0.9559013,0.95978004,0.9542377,0.87683284,0.94375175,0.955071,0.9591221,0.950312,0.9543485,0.9485609,0.9250774,0.94436723,0.93227154,0.9386647,0.95961964,0.95760596,0.9628595,0.9530052,0.95571196,0.94251895,0.94906294,0.95146316,0.95826405,0.950662,0.9545035,0.9561074,0.9464676,0.94985086,0.9608892,0.96757627,0.95900947,0.95011693,0.9601863,0.9406225,0.95312583,0.941976,0.9508545,0.9696269,0.953608,0.95893764,0.9512486,0.9534533,0.951146,0.94655323,0.94698185,0.9480941,0.94966036,0.94951886,0.97050303,0.8141363,0.94804627,0.9496506,0.94710135,0.9496825,0.93003327,0.9516886,0.9518555,0.948488,0.94820845,0.9503184,0.955669,0.94200253,0.93289745,0.9496316,0.9298269,0.9638437,0.95943004,0.9682311,0.94654316,0.97050303,0.9500618,0.951653,0.95363563,0.9557877,0.95323694,0.96113896,0.9554005,0.9514937,0.95731574,0.9487743,0.94559234,0.96182185,0.9495402,0.96298856,0.95786875,0.9508028,0.95760024,0.9522168,0.9573519,0.8733886,0.9671857,0.92530084,0.94768894,0.9566201,0.95817536,0.9496162,0.9562688,0.94643456,0.9430944,0.9586545,0.9549659,0.9279911,0.95527434,0.95745474,0.9512789,0.9538275,0.94707376,0.9183707,0.94966525,0.93605036,0.95970047,0.94726616,0.95241004,0.95091087,0.9524594,0.9634742,0.952044,0.94443214,0.9774764,0.95533633,0.9587152,0.9445874,0.9509728,0.96130234,0.9514046,0.93453544,0.9385142,0.93966925,0.9531063,0.94670343,0.9649215,0.9117791,0.9585966,0.9542064,0.9472768,0.9552369,0.9605901,0.9469785,0.9774764,0.9495699,0.94699425,0.951859,0.953126
ahiddenlifefilm,0.9777862,0.97230643,0.9763023,0.97648144,0.9716796,0.96503633,0.9741509,0.9774764,0.99999976,0.9615714,0.9721045,0.9664625,0.97556674,0.98213726,0.9697021,0.9727132,0.97904754,0.970318,0.97434294,0.970287,0.9769109,0.9787409,0.97668296,0.9810236,0.97221965,0.9099032,0.96788764,0.9747169,0.9790017,0.972015,0.97614545,0.97211426,0.9536608,0.96711844,0.95639646,0.94819975,0.98102206,0.97325206,0.9766185,0.9734944,0.9732378,0.9710346,0.96378237,0.9728775,0.9798265,0.97277653,0.9771532,0.97517484,0.96383,0.9736072,0.98364013,0.9836204,0.97834665,0.9739976,0.9696601,0.96969986,0.9707066,0.96900904,0.97827697,0.98427576,0.96665686,0.9746622,0.97313774,0.9738381,0.96576947,0.96444774,0.9646158,0.96448123,0.9715996,0.96359164,0.9881218,0.8145108,0.9672621,0.9751595,0.97266245,0.9711196,0.94713855,0.9721994,0.976369,0.9749825,0.96537536,0.97412026,0.9735515,0.9699135,0.96539307,0.9718838,0.95665246,0.9802031,0.9760559,0.98292375,0.9746682,0.9881218,0.96937805,0.9727102,0.97635645,0.970392,0.9714892,0.97616374,0.9665073,0.96614957,0.9738318,0.9671598,0.9655599,0.98238057,0.96604013,0.984891,0.9766012,0.9739407,0.96814907,0.97176373,0.9784367,0.8835646,0.9794744,0.9426024,0.9685754,0.9741738,0.97708577,0.9706284,0.97991616,0.9662475,0.969582,0.97199434,0.97706527,0.9600167,0.975378,0.9807843,0.97366583,0.9708525,0.97347474,0.9390819,0.97340876,0.9629345,0.97747505,0.96525544,0.97064674,0.9712155,0.9714524,0.9733463,0.97565734,0.9668112,0.99999976,0.9791359,0.9771347,0.96483904,0.9682541,0.9733244,0.97291386,0.96242714,0.961405,0.9595716,0.9721374,0.97149986,0.9789377,0.9447012,0.979281,0.97511375,0.96620774,0.9766114,0.963049,0.9610515,0.99999976,0.9737716,0.9712943,0.9730242,0.9754068
alitamovie,0.946656,0.93404937,0.9386758,0.93836087,0.9476943,0.9426691,0.9521332,0.9353783,0.9615714,1.0000002,0.93643296,0.9349364,0.93947166,0.95406383,0.927999,0.9268947,0.95150816,0.9528778,0.95012087,0.93255174,0.94723594,0.9324789,0.9462411,0.94173926,0.9372288,0.87456805,0.930657,0.9438477,0.9351209,0.9328545,0.94186383,0.9501487,0.9293303,0.93191195,0.9135177,0.8979359,0.95703554,0.9473333,0.9448184,0.94192183,0.9392096,0.93093467,0.92488414,0.9280065,0.94838554,0.934812,0.94597065,0.9305454,0.9317424,0.9325141,0.94162166,0.94496053,0.9536999,0.9368399,0.9291452,0.9581113,0.93922913,0.9422735,0.9462078,0.94506544,0.9388354,0.9444498,0.9366235,0.938559,0.9348993,0.92997336,0.93161845,0.9247391,0.93862796,0.91613543,0.9487073,0.77811825,0.939673,0.9361461,0.93763006,0.93216604,0.89841926,0.93050784,0.93712366,0.9321445,0.94092596,0.94756526,0.9397794,0.9303507,0.92739654,0.9441111,0.90810686,0.94109017,0.9463396,0.94818956,0.9332994,0.9487073,0.92427677,0.9377672,0.9422438,0.9342018,0.9436194,0.9406481,0.93988,0.93650264,0.936655,0.93719393,0.9289279,0.93754447,0.9508915,0.9431987,0.94587,0.92835623,0.9209441,0.94018626,0.94430435,0.8483574,0.94393826,0.8877254,0.9385856,0.9455538,0.9470618,0.93483853,0.952195,0.95143795,0.9432451,0.94424254,0.9462064,0.9376773,0.9326512,0.9518569,0.9392898,0.92934287,0.9471062,0.918794,0.9331787,0.93846935,0.95205057,0.92954135,0.9501831,0.9260394,0.93698645,0.9387485,0.9324801,0.9361302,0.9615714,0.9416753,0.9426815,0.9290599,0.9272421,0.9349826,0.94061995,0.92117286,0.91572785,0.93638444,0.95001704,0.9321258,0.9432181,0.9222337,0.9386127,0.9359399,0.940188,0.9510728,0.92635405,0.9332251,0.9615714,0.9494101,0.9331647,0.9438338,0.9488335
angelhasfallen,0.9558147,0.95081013,0.9501788,0.9593559,0.9441651,0.9311103,0.94395626,0.95286167,0.9721045,0.93643296,1.0000001,0.94052744,0.9397816,0.9511355,0.94532233,0.9426041,0.9571674,0.94825196,0.96056455,0.9479441,0.9519498,0.95240784,0.94785184,0.95174325,0.9473479,0.88610977,0.9480072,0.9528001,0.9626201,0.9533879,0.9491554,0.945465,0.91973555,0.9458949,0.92661256,0.9203095,0.9563145,0.9457093,0.9631755,0.95256686,0.95382214,0.9432787,0.9464457,0.950333,0.9488769,0.95969206,0.951616,0.9422652,0.9369594,0.94960517,0.9654568,0.9570426,0.9551748,0.943003,0.95214635,0.9390935,0.9364818,0.9425189,0.9606167,0.9531066,0.9414844,0.95460224,0.9371179,0.9443265,0.9468429,0.945198,0.9448897,0.94675386,0.96300864,0.9470299,0.95810264,0.8058182,0.94220734,0.9512687,0.94321144,0.93187165,0.9148696,0.9344635,0.9522307,0.9412786,0.96422625,0.9480175,0.9462455,0.9378027,0.94252264,0.94883066,0.943193,0.9556841,0.9440516,0.9621523,0.9500227,0.95810264,0.9480398,0.945475,0.9594083,0.9513348,0.9565714,0.9462479,0.94432855,0.93771225,0.9552232,0.9463059,0.9249919,0.9533603,0.93433297,0.9636393,0.9475698,0.9492142,0.9471535,0.9479604,0.9624395,0.86399215,0.94589686,0.91859514,0.9481844,0.9592041,0.9514006,0.931428,0.9524932,0.94157743,0.9418131,0.9503927,0.9523464,0.92570347,0.9486331,0.95217085,0.93951243,0.9529878,0.9466486,0.9231382,0.94792694,0.9377734,0.94388896,0.94673574,0.9432677,0.9546243,0.9522132,0.9551306,0.9453468,0.94685054,0.9721045,0.95983565,0.9509027,0.94382334,0.9473566,0.9441986,0.9443106,0.93244207,0.93623835,0.9362234,0.9430438,0.9476809,0.9535967,0.92302966,0.9511106,0.9468616,0.9361278,0.95184267,0.9307015,0.9372795,0.9721045,0.9465781,0.9368831,0.9431821,0.9509398
angrybirdsmovie,0.95379984,0.9275156,0.96481234,0.94055474,0.9380572,0.94956046,0.95620984,0.93936336,0.9664625,0.9349364,0.94052744,0.9999998,0.9387676,0.94171137,0.93684715,0.9396472,0.9461255,0.9373392,0.94838226,0.92924386,0.9485233,0.95698255,0.94389516,0.94613385,0.9551244,0.90013003,0.9359821,0.9530685,0.9513454,0.95237136,0.9568188,0.9406974,0.9188021,0.93804395,0.94070095,0.9135102,0.9526302,0.93275976,0.94516647,0.94632876,0.9308674,0.9458182,0.9301331,0.945039,0.94869304,0.93426555,0.94614685,0.94567955,0.9286416,0.9450081,0.96832037,0.94807357,0.93332106,0.9440959,0.9391288,0.94268155,0.9422469,0.94160503,0.9476453,0.96192956,0.92830235,0.9354676,0.9424381,0.94075114,0.9270365,0.93061966,0.94157934,0.9328582,0.9463328,0.9309809,0.963896,0.776621,0.942173,0.9402244,0.9336669,0.9405794,0.91749644,0.9376055,0.93588823,0.9423982,0.9320426,0.93316454,0.9447346,0.94121844,0.94692826,0.9482043,0.92537045,0.94646865,0.9418604,0.94821954,0.93857664,0.963896,0.9406142,0.93064904,0.95675015,0.93938744,0.94743943,0.9334344,0.94184375,0.92925423,0.94092983,0.9345779,0.9403305,0.9585417,0.92357534,0.9683365,0.9433003,0.94790244,0.9319923,0.9545333,0.94415015,0.8495661,0.94707745,0.8995714,0.92553777,0.9516713,0.9515651,0.9304792,0.9475251,0.9500966,0.9315701,0.9422928,0.9550842,0.94254184,0.9462333,0.9416174,0.94085234,0.94640374,0.94807947,0.91590154,0.94133824,0.92975503,0.9413134,0.93664587,0.9337944,0.9396773,0.9426949,0.9378551,0.9619121,0.9217999,0.9664625,0.9493068,0.9447846,0.9307635,0.9412562,0.93179744,0.9424828,0.9456806,0.9434792,0.9311579,0.94393456,0.93934774,0.94484746,0.9233044,0.9489736,0.9411411,0.9216602,0.95738685,0.92951035,0.9282539,0.9664625,0.9459081,0.9403403,0.93608916,0.9483508
annabellemovie,0.9570011,0.958486,0.9529489,0.9561453,0.9471463,0.9402577,0.9483131,0.95791924,0.97556674,0.93947166,0.9397816,0.9387676,0.99999994,0.96188927,0.9503394,0.95575184,0.9501041,0.9448028,0.9559246,0.9502776,0.9530522,0.9600275,0.9489806,0.95200044,0.9443268,0.8733413,0.9492434,0.9432646,0.9513053,0.9479085,0.9567365,0.9595906,0.92364585,0.93085337,0.9535679,0.91260254,0.9517824,0.9709165,0.95607513,0.95775586,0.9661715,0.9410332,0.9415909,0.9482373,0.954282,0.9534941,0.957894,0.95551974,0.94199574,0.95218897,0.9542093,0.9682609,0.9616477,0.95744944,0.95169103,0.95053875,0.9543111,0.9471991,0.9533057,0.96136785,0.96014,0.9513107,0.95046014,0.966635,0.94596046,0.9369869,0.9401188,0.94872475,0.9541804,0.93617576,0.96438783,0.778616,0.94650364,0.94999677,0.93482983,0.9411027,0.91323084,0.950173,0.9641616,0.94809854,0.93540126,0.96070033,0.9695026,0.94475967,0.9460303,0.9441831,0.9507289,0.97983456,0.9522426,0.9649546,0.9471199,0.96438783,0.94399333,0.9472519,0.94555676,0.94069344,0.9489939,0.9511333,0.9419121,0.9402889,0.94165635,0.94478947,0.93537366,0.956765,0.9511495,0.95426434,0.95463896,0.95831114,0.9472645,0.9570825,0.9538189,0.849982,0.9568283,0.9165862,0.952641,0.95535064,0.9624793,0.9475728,0.9554749,0.938533,0.9677304,0.95572096,0.9491688,0.9372941,0.95401853,0.9534913,0.9607241,0.9380402,0.9434759,0.90675044,0.947115,0.9420735,0.9482588,0.9295351,0.9534227,0.94689125,0.9472027,0.9594117,0.9497359,0.93955094,0.97556674,0.95531654,0.95108527,0.9532921,0.9662673,0.953327,0.9434013,0.9623388,0.95181626,0.9460259,0.9459554,0.94308555,0.9538326,0.92502517,0.9601503,0.9514341,0.94640434,0.9554929,0.9439622,0.93838686,0.97556674,0.94379175,0.9490981,0.94626564,0.94942814
annamovie,0.9574291,0.964544,0.9567228,0.9583283,0.95716715,0.9452271,0.96167094,0.9608832,0.98213726,0.95406383,0.9511355,0.94171137,0.96188927,1.0000001,0.94829446,0.9543196,0.9577189,0.95060766,0.958526,0.9534136,0.96599805,0.96408427,0.9585175,0.9634557,0.96624935,0.889963,0.9535775,0.9481239,0.95617616,0.9582544,0.959167,0.9573093,0.945161,0.94877034,0.9400043,0.94475085,0.96488094,0.95721793,0.9556172,0.9525744,0.95829654,0.95040816,0.9445286,0.9508676,0.9617973,0.9598898,0.95775527,0.9623789,0.94706434,0.9541687,0.9657288,0.9661915,0.97197986,0.96170723,0.9536544,0.95468485,0.9518154,0.95151615,0.96271807,0.96773064,0.9520062,0.96548533,0.9564731,0.97044164,0.94710463,0.9490732,0.94012326,0.9406212,0.9536301,0.945173,0.96745723,0.7975907,0.95825726,0.9559785,0.9537347,0.9484999,0.91835594,0.9519567,0.9604057,0.95469505,0.94689435,0.9612672,0.9591436,0.9636562,0.95097363,0.95375466,0.94411224,0.9629687,0.9612163,0.96499217,0.96022594,0.96745723,0.94835454,0.95871854,0.96099997,0.9494729,0.9583622,0.9583746,0.954769,0.95406145,0.95934045,0.96009725,0.94828224,0.95899194,0.9677425,0.9657775,0.96326965,0.94997215,0.94928586,0.9612608,0.9607866,0.87788075,0.96778154,0.92346966,0.9542349,0.9610527,0.95902866,0.9562511,0.9599579,0.94708073,0.9519248,0.9507463,0.9658781,0.9390079,0.95677835,0.9655418,0.9597911,0.95672125,0.9458816,0.9196899,0.9541474,0.9481727,0.95646524,0.9429551,0.9626048,0.9602488,0.9581902,0.9531498,0.9503257,0.9529715,0.98213726,0.96715206,0.96127784,0.9437171,0.94859093,0.95517313,0.9512142,0.9402398,0.9426127,0.9534337,0.9614493,0.9507782,0.96310157,0.92409396,0.9568472,0.95705205,0.9549349,0.95991015,0.9453329,0.9482542,0.98213726,0.95709795,0.95644414,0.9541139,0.9595416
apollo11movie,0.94796324,0.9405067,0.93945205,0.9459124,0.9356353,0.93797237,0.93893915,0.94550484,0.9697021,0.927999,0.94532233,0.93684715,0.9503394,0.94829446,1.0000002,0.94694066,0.9461921,0.9328468,0.93909985,0.96959734,0.9428036,0.9359334,0.9434996,0.9479355,0.94310224,0.888967,0.93674266,0.93627036,0.945827,0.94757575,0.94210786,0.9440563,0.9264325,0.92798054,0.93769115,0.9008505,0.9482751,0.9488374,0.94235414,0.95309573,0.9558683,0.9377932,0.92592186,0.94040674,0.9442399,0.9279112,0.9454507,0.9512309,0.93341655,0.94336426,0.9463973,0.9534102,0.9390844,0.94066596,0.9394601,0.93277365,0.9443459,0.93904537,0.9517081,0.94880706,0.9490074,0.9426484,0.94480354,0.95975006,0.93739486,0.9408408,0.9543476,0.93614763,0.94264746,0.947077,0.95654666,0.7861525,0.93790966,0.93507314,0.94147897,0.9363,0.92672914,0.94413435,0.95339924,0.9324981,0.9360516,0.941701,0.95296395,0.94388765,0.92258126,0.94383866,0.9334655,0.95114976,0.9494137,0.9484646,0.94216007,0.95654666,0.92752737,0.9247233,0.943911,0.966366,0.9482771,0.94657844,0.93271077,0.9424397,0.93288565,0.94730264,0.9269312,0.9513578,0.9327464,0.9500158,0.9573535,0.95524275,0.947015,0.93396467,0.9492811,0.8591219,0.94395494,0.905609,0.93872887,0.9498021,0.9526387,0.93898433,0.9634991,0.93046784,0.95992786,0.9427198,0.94332516,0.93713427,0.950536,0.9498991,0.951403,0.9274312,0.93727696,0.89437187,0.9376233,0.92739224,0.9465098,0.935466,0.9409377,0.94654244,0.934939,0.95820755,0.9443698,0.92578334,0.9697021,0.9373941,0.9443154,0.94807184,0.9531842,0.9430494,0.9374356,0.9422417,0.94709575,0.9341067,0.936872,0.9368631,0.9467522,0.9224375,0.9447054,0.9422936,0.9332226,0.9564911,0.9238291,0.94094604,0.9697021,0.9460472,0.941835,0.9443977,0.93588024
arcticdogsmovie,0.94502777,0.96088403,0.9522949,0.95871454,0.93782824,0.9387959,0.9514774,0.9579528,0.9727132,0.9268947,0.9426041,0.9396472,0.95575184,0.9543196,0.94694066,0.99999976,0.9538171,0.9383993,0.9475165,0.94355416,0.9406545,0.9595263,0.9483272,0.95671135,0.95379865,0.8888547,0.9343653,0.9538212,0.95128906,0.95135105,0.95287037,0.9426303,0.93196183,0.9399621,0.9288733,0.93059206,0.95670253,0.9397345,0.95476186,0.95699555,0.9492049,0.9458961,0.9504226,0.9509102,0.9544785,0.9358729,0.9462097,0.955028,0.93826914,0.9479608,0.9568437,0.9628928,0.9463847,0.9463204,0.93400246,0.9457317,0.9408681,0.94265366,0.9541426,0.9596733,0.935485,0.94734687,0.9495877,0.9566284,0.9420684,0.93824255,0.9410666,0.9376937,0.9401924,0.93794,0.96326965,0.80418277,0.9472858,0.9530391,0.9523881,0.951554,0.9256195,0.9532448,0.95077753,0.93871224,0.93787843,0.94760174,0.94508713,0.95072424,0.94574445,0.9564084,0.93042827,0.9598423,0.96023184,0.9559889,0.9548754,0.96326965,0.9406127,0.949357,0.95156425,0.95057523,0.9358679,0.95032597,0.9409473,0.92946666,0.94061863,0.933944,0.94094026,0.9600067,0.94458693,0.9548369,0.9470968,0.9626064,0.94652146,0.9459486,0.94384706,0.8630024,0.958469,0.9252203,0.9399596,0.940051,0.940796,0.94938695,0.9596621,0.94322133,0.9449129,0.94428605,0.94636744,0.9361114,0.9482693,0.95779115,0.94996154,0.9433654,0.95339555,0.91729844,0.93691224,0.94841623,0.94846565,0.9462717,0.9369916,0.9508576,0.93328124,0.9466765,0.9502874,0.9275824,0.9727132,0.9454239,0.9359662,0.9407354,0.9495241,0.94391775,0.94580334,0.93588364,0.94091594,0.92847455,0.9445712,0.94553024,0.9412625,0.92142165,0.95348024,0.9470621,0.93392575,0.949668,0.94375277,0.9341184,0.9727132,0.94948363,0.9386899,0.9450718,0.9462852
arcticmovie,0.9534295,0.9539442,0.9552959,0.95607936,0.9499863,0.9430875,0.9582309,0.9597501,0.97904754,0.95150816,0.9571674,0.9461255,0.9501041,0.9577189,0.9461921,0.9538171,0.9999998,0.95739883,0.9565515,0.9419556,0.94738585,0.95748806,0.96752846,0.96006936,0.950643,0.90254337,0.9396355,0.97382957,0.95894796,0.9501637,0.95778805,0.9595878,0.944827,0.94554317,0.9287853,0.9296184,0.967148,0.9518859,0.96217525,0.9617893,0.95919967,0.9593054,0.94625354,0.9610219,0.95553154,0.9497983,0.96437794,0.95128953,0.95002335,0.9566047,0.96090233,0.9656234,0.9626079,0.95126015,0.94925475,0.95021427,0.94800866,0.9534475,0.9637684,0.968442,0.951174,0.95800006,0.9422748,0.94942087,0.9463343,0.94168556,0.94735444,0.9471931,0.9482796,0.9334869,0.9750383,0.7944325,0.9432402,0.9607625,0.961141,0.9543865,0.9272659,0.9554706,0.95710146,0.9502398,0.9479057,0.9505922,0.95036066,0.9433165,0.9343358,0.95566005,0.921304,0.95732373,0.96461767,0.9657925,0.9499218,0.9750383,0.95110786,0.9597965,0.9559718,0.9534984,0.9506387,0.9558066,0.9422373,0.94619215,0.96195024,0.9416484,0.943736,0.9658884,0.94715476,0.9632443,0.9521899,0.9498977,0.94192,0.953803,0.96204376,0.86625713,0.9575342,0.9235623,0.9456444,0.95611876,0.9489638,0.948152,0.95574766,0.9552231,0.9439594,0.95767903,0.9621021,0.94768685,0.9564835,0.96508366,0.94674414,0.9534779,0.9536989,0.9380542,0.94842774,0.9374012,0.9760954,0.9595652,0.9488879,0.9483067,0.94790566,0.9531713,0.9611084,0.9559306,0.97904754,0.9511098,0.96251845,0.9409249,0.9505477,0.95479,0.95761126,0.9352594,0.93214625,0.93616104,0.9565321,0.9536015,0.960206,0.92959434,0.9618432,0.9549105,0.9561912,0.9677205,0.9537848,0.94510174,0.97904754,0.9597783,0.950333,0.9639726,0.95000964
artofracingmovie,0.95725715,0.9383281,0.9437366,0.9456112,0.96947056,0.9411816,0.95208514,0.9469,0.970318,0.9528778,0.94825196,0.9373392,0.9448028,0.95060766,0.9328468,0.9383993,0.95739883,0.9999995,0.9610087,0.9384306,0.951184,0.94998217,0.9522326,0.9503955,0.946365,0.8901095,0.94363153,0.9559039,0.9474131,0.9333345,0.94793075,0.9449977,0.9209302,0.93771005,0.9353109,0.9148675,0.96392345,0.9481324,0.95380366,0.9487198,0.94595057,0.946205,0.94534856,0.95318305,0.9607792,0.9417348,0.95451784,0.93783355,0.9389344,0.95356673,0.9529195,0.9534838,0.94794124,0.949555,0.94100404,0.9629847,0.9361587,0.9470164,0.9555331,0.95522845,0.9388053,0.94937664,0.94226986,0.9370818,0.94135517,0.9334394,0.9452795,0.9415867,0.94041765,0.92883027,0.96337014,0.81460166,0.9338715,0.95261985,0.95109016,0.9446187,0.9169352,0.9475194,0.948777,0.94950837,0.94725907,0.9579586,0.9520773,0.9407498,0.9394515,0.9477203,0.92684203,0.9443116,0.9558295,0.9529292,0.93936974,0.96337014,0.9444377,0.9484187,0.94745725,0.94027543,0.94304293,0.95118356,0.9519045,0.9477156,0.94095325,0.9320685,0.93829596,0.9598903,0.9301123,0.9581624,0.9476802,0.9390448,0.9376772,0.9504013,0.9692729,0.8455746,0.94669616,0.9095781,0.9355767,0.9481011,0.9481553,0.9470387,0.9508114,0.95155996,0.93998116,0.9393274,0.951791,0.9459585,0.9426846,0.9611884,0.9451136,0.9462708,0.9615057,0.94082505,0.93582857,0.94412434,0.95654607,0.9408895,0.9434269,0.92691064,0.94397795,0.9467798,0.948548,0.9585184,0.970318,0.95135844,0.94728404,0.9389158,0.93021333,0.94677293,0.9480056,0.93895715,0.9269093,0.92096424,0.9468527,0.9515621,0.95539755,0.9152967,0.950222,0.95350546,0.9388682,0.9566592,0.9364539,0.932854,0.970318,0.9525269,0.9352414,0.94521403,0.9558898
avengers,0.9610666,0.9539804,0.9488839,0.95566326,0.95687246,0.93992513,0.95212424,0.95291394,0.97434294,0.95012087,0.96056455,0.94838226,0.9559246,0.958526,0.93909985,0.9475165,0.9565515,0.9610087,1.0,0.93877906,0.95285034,0.9518203,0.9511493,0.9566222,0.95586437,0.8863621,0.9534405,0.9535978,0.9552455,0.9405186,0.97058386,0.9519355,0.9278309,0.93840355,0.9427511,0.91234076,0.96436465,0.95294994,0.9612955,0.9557557,0.9530615,0.9487585,0.9489411,0.9596607,0.9541225,0.9580585,0.95649934,0.95081055,0.9274325,0.9579953,0.95923644,0.95856553,0.95609784,0.9567861,0.9551177,0.95857173,0.9479591,0.9457572,0.9623055,0.959838,0.94603366,0.9597695,0.9482312,0.94565773,0.94935507,0.9453497,0.950537,0.93690175,0.95384896,0.9491104,0.96031374,0.78402394,0.94385403,0.9494551,0.940554,0.9409639,0.909645,0.9426309,0.9571341,0.953238,0.9477943,0.95062095,0.95659834,0.9409744,0.937277,0.95197344,0.93633914,0.9615081,0.9464399,0.9641071,0.94904953,0.96031374,0.9518589,0.9459534,0.95672005,0.9439821,0.949361,0.9493958,0.95096046,0.94065255,0.9513051,0.94650704,0.9312837,0.9560278,0.9366439,0.96144867,0.95794183,0.94980466,0.94153243,0.9581382,0.96856314,0.85736805,0.9491833,0.90838295,0.9405127,0.954311,0.9484001,0.9373587,0.9542378,0.9485106,0.9444785,0.9495663,0.95983195,0.9369676,0.9495563,0.95513564,0.9475452,0.96211606,0.95637816,0.9522582,0.94691247,0.9381337,0.9541418,0.9336028,0.94353867,0.9371776,0.9483421,0.94988114,0.945512,0.9448399,0.97434294,0.9560401,0.9514755,0.95186687,0.94815326,0.94809103,0.94356567,0.94320714,0.94040453,0.93003446,0.9538562,0.9535969,0.9567085,0.92993295,0.959395,0.94591635,0.926154,0.95275974,0.9340404,0.9350104,0.97434294,0.9442608,0.9525032,0.94204783,0.95097685
beachbummovie,0.94576013,0.9470792,0.9466175,0.9456795,0.9384398,0.9371365,0.943907,0.95227104,0.970287,0.93255174,0.9479441,0.92924386,0.9502776,0.9534136,0.96959734,0.94355416,0.9419556,0.9384306,0.93877906,0.9999998,0.9417841,0.9502661,0.9428897,0.9477511,0.939884,0.8660851,0.9399532,0.9342774,0.95113903,0.9499662,0.93938917,0.9512898,0.9269172,0.9439682,0.9289548,0.9066672,0.9496772,0.9529982,0.9455277,0.94963527,0.9433748,0.948224,0.93501455,0.95010626,0.9550394,0.94314694,0.94683266,0.9422452,0.93225896,0.95490754,0.9554208,0.9514228,0.9440546,0.9371381,0.943061,0.94087523,0.94236684,0.9452658,0.94453454,0.95068854,0.9471817,0.93974555,0.94389975,0.9521358,0.9427688,0.95324254,0.94505876,0.9243926,0.946085,0.94645625,0.95635533,0.8019494,0.9366826,0.93449754,0.9416515,0.94318503,0.9172507,0.9424292,0.9515303,0.9403185,0.93611753,0.9402964,0.95004165,0.9434729,0.9312812,0.95237225,0.93275046,0.94764715,0.95041245,0.9456843,0.9413428,0.95635533,0.9349844,0.93017626,0.9489958,0.9518379,0.94974923,0.9556743,0.9389681,0.943658,0.9362535,0.9553332,0.9341728,0.94730115,0.943821,0.95887494,0.96283996,0.9488061,0.9538492,0.94042206,0.943286,0.8589964,0.9566074,0.91776115,0.94451636,0.9496305,0.9525215,0.9475124,0.95548517,0.9359569,0.9494549,0.94612825,0.9533933,0.9279383,0.9467109,0.9442702,0.9524709,0.9416478,0.9445748,0.9029967,0.9475219,0.9357987,0.94293463,0.93078434,0.95314646,0.947993,0.94595885,0.9513368,0.93773407,0.9450108,0.970287,0.9437083,0.94844174,0.94141805,0.9377052,0.9368112,0.9414566,0.93453217,0.93408453,0.93488,0.94412065,0.9425207,0.9492963,0.92058957,0.937385,0.9405519,0.9312849,0.9416465,0.92894995,0.9338578,0.970287,0.9451685,0.939965,0.9461855,0.9476959
bernadettefilm,0.95787144,0.94268894,0.9542479,0.9486215,0.95966995,0.94809467,0.9559287,0.94903785,0.9769109,0.94723594,0.9519498,0.9485233,0.9530522,0.96599805,0.9428036,0.9406545,0.94738585,0.951184,0.95285034,0.9417841,1.0000002,0.9516543,0.9525412,0.9576044,0.9574726,0.91271544,0.96057355,0.9506918,0.956516,0.95396703,0.9494365,0.9509335,0.92850536,0.9558169,0.9386644,0.9390822,0.9652053,0.9509449,0.9526933,0.94680935,0.95317644,0.9489837,0.9350958,0.9451456,0.95321256,0.95552564,0.9581198,0.96051717,0.9374636,0.95083624,0.96313065,0.9626619,0.9604808,0.9565535,0.9508613,0.9557245,0.96165484,0.94509083,0.95609206,0.9625937,0.9378002,0.95001394,0.95584345,0.9534874,0.94112504,0.93692213,0.9420131,0.9396094,0.95929193,0.94090647,0.96080947,0.8050719,0.94882786,0.95469886,0.9478475,0.952725,0.92163837,0.9483628,0.9546743,0.9601831,0.94426036,0.9564453,0.9477236,0.9496766,0.9480653,0.94279706,0.93785584,0.95809615,0.9460234,0.9601712,0.9612599,0.96080947,0.9520136,0.94445187,0.9618667,0.94825035,0.9610722,0.9522631,0.94677246,0.95182896,0.9611349,0.95041287,0.9382101,0.9568693,0.9382298,0.96349937,0.95370626,0.9398273,0.9447277,0.95232904,0.95960116,0.879441,0.9587032,0.9304,0.9638226,0.9625735,0.9598247,0.94724745,0.96058905,0.9434283,0.9485104,0.9525585,0.95294756,0.93295825,0.9489551,0.95541006,0.9610496,0.95156443,0.9488102,0.90903145,0.9727653,0.9399604,0.9537152,0.94523555,0.9510209,0.9593558,0.9527665,0.9532267,0.94775665,0.9480598,0.9769109,0.9633018,0.95641035,0.9385209,0.9449468,0.9528398,0.9532526,0.9419403,0.9313824,0.9370939,0.9516106,0.9448596,0.9668847,0.92633533,0.96097565,0.96111107,0.94415027,0.95438117,0.9336587,0.943834,0.9769109,0.950947,0.95708317,0.95181674,0.9548652
