movie,21bridgesmovie,47metersdown,abeautifuldaymovie,abominablemovie,adastramovie,adogsjourneymovie,aftermathmovie,aftermovie,ahiddenlifefilm,alitamovie,angelhasfallen,angrybirdsmovie,annabellemovie,annamovie,apollo11movie,arcticdogsmovie,arcticmovie,artofracingmovie,avengers,beachbummovie,bernadettefilm,blackandbluemovie,blackchristmas,blindedbythelightmovie,bombshellmovie,booksmart,breakthroughmovie,brianbanksmovie,brightburnmovie,brittanyrunsmov,captainmarvelofficial,captivestatemovie,catsmovie,charliesangels,childsplaymovie,clarathefilm,coldpursuitmovie,countdown,currentwarmovie,darkwatersmovie,detectivepikachumovie,disneyaladdin,disneyfrozen,disneymaleficent,doctorsleepmovie,dolemiteismyname,dontletgomovie,doramovie,downtonabbey_official,dumbo,escaperoom,everybodyknowsmovie,fastandfuriousmovie,fightingwmyfam,fivefeetapartfilm,fordvferrari,freaksthefilm,geminimanmovie,glassmovie,gloriabellmovie,godzillamovie,goldfinchmovie,goodboysmovie,goodliarmovie,gretafilm,halathemovie,happydeathdaymovie,harrietfilm,hellboymovie,hersmellmovie,highlifemovie,highstrungmovie,honeyboymovie,hotelmumbaifilm,httydragon,hustlemovie,hustlersmovie,isntitromantic,itmovieofficial,jayandsilentbob,johnwickmovie,jojorabbitmovie,jokermovie,judythefilm,jumanjimovie,justmercyfilm,knivesout,lalloronamovie,lastblackmansf,lastchristmasthemovie,latenightmovie,lighthousemovie,lionking,littlethemovie,littlewomenmovie,littlewoodsfilm,longshotmovie,lordsofchaosmovie,lucyintheskyfilm,mamovie2019,marriagestory,meettheaddams,meninblack,midsommarmovie,midwaymovie,missbalamovie,missinglinkfilm,motherlessbklyn,onceinhollywood,onthebasisofsex,overcomermovie,peanutbutterfalcon,petsematarymovie,piercingmovie,playingwithfire,playmobilthemovie,pomsmovie,queenandslim,rambomovie,readyornotfilm,richardjewellfilm,rocketmanmovie,scarystoriesmovie,secretlifeofpets,serenityfilm,shaftmovie,shazammovie,spidermanmovie,spiesindisguise,starwars,stormboymovie,stubermovie,taosdfilm,teenspiritmov,terminator,theaeronautsmov,thebestofenemies,thedeaddontdie,thefarewell,thehighwaymen,thehummingbirdprojectfilm,theintrudermovie,theirishmanfilm,thekitchenmovie,thelegomovie,themustangfilm,thenightingalefilm,theprodigymovie,thesunisalsoastar,theupsidefilm,tolkienmovie,toystory,triplefrontier,uglydolls,uncutgems,underthesilverlake,usmovie,wavesmovie,whatmenwant,wonderparkmovie,wrinklestheclown,xmenmovies,yardiefilm,yesterdaymovie,zombieland
21bridgesmovie,1.0000001,0.93187565,0.94278896,0.949645,0.93587905,0.94632196,0.9553322,0.9424266,0.97195977,0.94100964,0.9450872,0.9302638,0.9489806,0.95122755,0.9527098,0.9516503,0.9529011,0.94236726,0.9709957,0.942546,0.94587016,0.94008327,0.9479921,0.96013635,0.95175767,0.89066374,0.94486266,0.95155543,0.9552004,0.9488807,0.9388909,0.956811,0.9328448,0.9400689,0.9156044,0.91753644,0.9584063,0.9582732,0.9511603,0.94640857,0.94711566,0.9475994,0.9440734,0.9427678,0.9505359,0.9419886,0.94720775,0.9451683,0.9383671,0.9474607,0.9426126,0.9567004,0.9471736,0.9477183,0.9237753,0.93259466,0.9489538,0.9447379,0.94804484,0.95635515,0.94398546,0.96706444,0.94677204,0.95053965,0.9491031,0.9396997,0.9444276,0.95236385,0.939685,0.94620484,0.95977044,0.7566275,0.94439167,0.95354867,0.9439424,0.93643814,0.9265113,0.9313446,0.9544128,0.9442153,0.9430616,0.9435695,0.96074134,0.9425532,0.9456573,0.9405815,0.9280619,0.94761294,0.9459913,0.9466686,0.95744884,0.95977044,0.94436944,0.95110714,0.9474025,0.9612282,0.95480543,0.951907,0.95449543,0.9472672,0.95593476,0.9456849,0.9303649,0.9581181,0.94935286,0.9479599,0.95191383,0.9542987,0.9473522,0.9551015,0.95085603,0.9012467,0.9450902,0.9052011,0.94231665,0.9533257,0.98378867,0.9554952,0.952738,0.961317,0.95653975,0.9463334,0.93951494,0.9343082,0.95900637,0.9364671,0.9431705,0.95996386,0.9408341,0.924964,0.9457339,0.9350622,0.95814544,0.94281113,0.94554603,0.9481776,0.95248824,0.9458555,0.9479263,0.92943686,0.97195977,0.9449551,0.94885224,0.960075,0.9473282,0.950758,0.92607427,0.93173546,0.95333874,0.96573406,0.95102024,0.9384972,0.94971657,0.9440545,0.929244,0.960813,0.9334525,0.9387608,0.94835114,0.9369144,0.97195977,0.94061416,0.9496733,0.9612936,0.9380431
47metersdown,0.93187565,0.99999976,0.94980776,0.9457815,0.93237364,0.92870915,0.95563495,0.9388102,0.9607812,0.9332777,0.9356611,0.92763704,0.9427272,0.93463874,0.93708825,0.9514755,0.940501,0.9335411,0.9282461,0.92681164,0.94074667,0.93120635,0.9301204,0.93601835,0.9370384,0.8730099,0.9310565,0.9369343,0.94678414,0.9390205,0.92305547,0.9432094,0.9329597,0.9433759,0.9170803,0.908974,0.9441973,0.94088876,0.94736856,0.9321531,0.9320508,0.94343704,0.92977023,0.9303068,0.93267506,0.9325757,0.92803997,0.9344469,0.93939567,0.9370589,0.94581944,0.94655603,0.9230912,0.9551556,0.9268313,0.93356746,0.93921643,0.95215505,0.921091,0.94162256,0.94031537,0.9298314,0.93500936,0.9425206,0.9399648,0.94287217,0.93846774,0.94289154,0.92068547,0.9303302,0.9472152,0.8039281,0.9284289,0.94094783,0.92732495,0.93449825,0.8985347,0.9298494,0.9356312,0.9225568,0.9249132,0.9417696,0.9513197,0.919546,0.937898,0.9278171,0.9269956,0.9337993,0.93889934,0.94901824,0.93137586,0.9472152,0.9433924,0.9268183,0.94631225,0.9426209,0.9366577,0.946777,0.9436078,0.9278625,0.93507797,0.94248205,0.9222508,0.947405,0.92839724,0.95304346,0.9320954,0.931626,0.935611,0.93245876,0.9478578,0.8609015,0.9362247,0.8936892,0.9437928,0.92631465,0.93653065,0.94527924,0.9290779,0.953397,0.94446015,0.9435786,0.92944145,0.9184296,0.9288666,0.93852603,0.93078506,0.9436016,0.92862755,0.92812735,0.93000543,0.9073626,0.94109213,0.9352562,0.94497067,0.9371412,0.9329564,0.9413934,0.94306296,0.9386561,0.9607812,0.944118,0.9269854,0.9361301,0.92940813,0.93116003,0.9212003,0.9330745,0.9399006,0.9251752,0.9483069,0.9367854,0.94465584,0.9057299,0.9259585,0.9351082,0.9298079,0.9379475,0.93701255,0.9331101,0.9607812,0.9384608,0.94162536,0.9331696,0.946595
abeautifuldaymovie,0.94278896,0.94980776,1.0000001,0.95652807,0.9449587,0.946275,0.9555361,0.95717275,0.9762626,0.9437113,0.9508476,0.9540843,0.9517004,0.9445368,0.95676565,0.95255077,0.954639,0.954816,0.9421905,0.9446442,0.95890117,0.9692686,0.96096677,0.95423925,0.9404147,0.879858,0.9428125,0.9471387,0.9760148,0.952374,0.94325054,0.9538471,0.94613814,0.9638736,0.9327851,0.9177287,0.95907533,0.95545346,0.9593434,0.93832624,0.94723284,0.9571961,0.94040704,0.94924194,0.94919914,0.94163525,0.96102166,0.9565301,0.94719875,0.9533212,0.96766114,0.9575683,0.9522457,0.9566296,0.94794375,0.9458919,0.95446473,0.96081066,0.9490175,0.9488308,0.9478596,0.9416364,0.95344645,0.9563235,0.95164007,0.94815385,0.9511925,0.9463553,0.9476239,0.9442955,0.95766544,0.78116995,0.95169216,0.9549847,0.9485915,0.946459,0.9180421,0.9445925,0.951023,0.9454305,0.9417111,0.9538965,0.9656012,0.95249915,0.95500916,0.94904655,0.9487786,0.9479391,0.944266,0.961336,0.94788194,0.95766544,0.94837403,0.9407379,0.96351725,0.9526266,0.9476302,0.959671,0.9577895,0.94975555,0.94441354,0.9476206,0.958198,0.9597974,0.9358476,0.97152317,0.951621,0.9443245,0.9579968,0.9404759,0.95935076,0.88617224,0.94225276,0.9163499,0.96049756,0.95822966,0.95195574,0.9547243,0.9415584,0.96057004,0.9589493,0.9545016,0.95749253,0.9417034,0.94491917,0.94031143,0.93985075,0.9607274,0.94354385,0.9414519,0.9607526,0.9386864,0.95465845,0.9470848,0.94920385,0.95586646,0.9501002,0.9447155,0.9588582,0.9480379,0.9762626,0.96313155,0.9361113,0.95564413,0.958486,0.9452229,0.9481147,0.9444638,0.9562085,0.93804914,0.95587677,0.972097,0.94671834,0.9190539,0.940602,0.94116646,0.9454671,0.95260805,0.9515151,0.94237113,0.9762626,0.94716126,0.9563392,0.95066226,0.9653607
abominablemovie,0.949645,0.9457815,0.95652807,0.99999994,0.9347873,0.9452942,0.9584508,0.9475826,0.97230935,0.9261258,0.9430235,0.94546,0.9599166,0.9457518,0.94304323,0.95818126,0.94717664,0.9428211,0.94818014,0.9309559,0.95260304,0.9462234,0.955584,0.95290256,0.95181596,0.8717274,0.94320995,0.95064527,0.95724106,0.94184375,0.93360275,0.94967157,0.9389214,0.94501126,0.9311723,0.93429875,0.96798027,0.9618963,0.95333254,0.91960436,0.9387817,0.9588201,0.940371,0.95075536,0.9468169,0.94406927,0.95550376,0.9531674,0.9301686,0.9560632,0.9568219,0.9413609,0.94282603,0.9447186,0.9382885,0.94089025,0.9463399,0.9483903,0.9476537,0.9395354,0.94299257,0.9581756,0.9462318,0.9461423,0.94653654,0.9314387,0.94947624,0.9359923,0.92866623,0.9429744,0.95572025,0.78376406,0.9282211,0.958714,0.94530064,0.95566267,0.92536354,0.94220257,0.948796,0.94075257,0.94061786,0.9607879,0.9577036,0.94487864,0.9580442,0.94764286,0.9434255,0.95882493,0.9399451,0.9531298,0.9447824,0.95572025,0.9437898,0.9471436,0.9626768,0.95430005,0.94913036,0.95980686,0.9499392,0.9469293,0.953758,0.9405236,0.94568413,0.9516978,0.93628293,0.961692,0.95413274,0.9554826,0.94104445,0.94044715,0.95059913,0.8782205,0.93399507,0.92209643,0.9539473,0.94700867,0.9590708,0.9463265,0.9432296,0.96431243,0.9531141,0.94339126,0.94129,0.9318596,0.9348698,0.94338006,0.9509939,0.951208,0.9425227,0.93151957,0.94958174,0.9455223,0.9484195,0.94109213,0.93700933,0.9444797,0.9442987,0.93646574,0.9517363,0.94792426,0.97230935,0.95329106,0.94749105,0.9542166,0.9517679,0.93302476,0.9511281,0.9495079,0.94998354,0.9401299,0.95391655,0.94798994,0.95123535,0.92028743,0.9371352,0.9408658,0.9318761,0.9516575,0.9405978,0.9422843,0.97230935,0.9407928,0.9557951,0.94169885,0.95389766
adastramovie,0.93587905,0.93237364,0.9449587,0.9347873,0.99999994,0.94527465,0.9383597,0.94703823,0.9713029,0.9565471,0.9522523,0.93441254,0.9528187,0.9473822,0.9541773,0.945847,0.9502471,0.9726024,0.94596565,0.9364875,0.92974305,0.9475709,0.94942427,0.9457839,0.9310223,0.88864064,0.9529537,0.9410985,0.9456923,0.94260657,0.9408537,0.94817287,0.93415993,0.93334466,0.90453243,0.9081662,0.9527811,0.954602,0.9454612,0.92972803,0.9444081,0.9414213,0.9497965,0.9482141,0.95280844,0.950933,0.945284,0.95275986,0.9354725,0.94613683,0.94835687,0.9470031,0.95371914,0.9444256,0.9611381,0.9709871,0.94831836,0.94176275,0.9384522,0.9502979,0.9358818,0.93127733,0.933489,0.9540001,0.9436158,0.94525194,0.9451641,0.9394172,0.9295533,0.94646806,0.95404214,0.7398586,0.93482906,0.9435294,0.93140143,0.931655,0.8921385,0.93544984,0.95554996,0.9411226,0.93697685,0.94899565,0.9505037,0.9224953,0.94742525,0.93819714,0.94522107,0.94554895,0.93840015,0.96418065,0.9397321,0.95404214,0.95742625,0.9465746,0.95047915,0.93866444,0.94747293,0.9509113,0.9361548,0.9447447,0.9493805,0.94279015,0.9453508,0.95004827,0.93945044,0.9518353,0.95161366,0.9607246,0.9373244,0.9253486,0.95721215,0.86191124,0.9467442,0.9107189,0.93645287,0.9440285,0.9330991,0.9487838,0.94261265,0.94219875,0.9530481,0.94483256,0.958035,0.9200258,0.9494727,0.94745123,0.9286859,0.94186646,0.95453686,0.92876565,0.9376887,0.9506057,0.9493462,0.9290214,0.9308561,0.9444355,0.9312579,0.94974285,0.9543242,0.9569246,0.9713029,0.95894563,0.95321953,0.9582589,0.93769586,0.93088865,0.93128014,0.92555445,0.9445898,0.9146577,0.93685377,0.93226427,0.9530126,0.9050833,0.9423756,0.9428289,0.9439488,0.9540673,0.93069,0.93541837,0.9713029,0.94456434,0.9350481,0.9366386,0.94094056
adogsjourneymovie,0.94632196,0.92870915,0.946275,0.9452942,0.94527465,1.0000005,0.96115834,0.93684286,0.97137964,0.94974643,0.94526666,0.9471335,0.94777,0.94694877,0.9436972,0.94580203,0.95297104,0.9513639,0.95311856,0.93157566,0.9354774,0.9418595,0.9634958,0.9458534,0.9325359,0.8795433,0.9479976,0.944755,0.9533542,0.9346639,0.93583757,0.9554581,0.93908244,0.9302421,0.91894114,0.9387219,0.9576066,0.9442033,0.95860857,0.92678046,0.94522184,0.9454334,0.942962,0.947206,0.94349796,0.93288356,0.95502913,0.94352955,0.952916,0.9518521,0.94695383,0.9522383,0.95498294,0.9489166,0.9314929,0.95402515,0.94113797,0.9409722,0.93605,0.94981974,0.9421058,0.94168925,0.9353326,0.94302785,0.94578034,0.9173341,0.94698817,0.9450303,0.943659,0.94470924,0.9523186,0.785657,0.9448724,0.9475815,0.94345814,0.93167424,0.9228268,0.9418023,0.9558814,0.9602591,0.93264735,0.95770574,0.95478684,0.93258137,0.94024414,0.93189126,0.932908,0.9550366,0.9442132,0.94821423,0.9338883,0.9523186,0.95696807,0.95158094,0.94421554,0.946517,0.94390243,0.95412636,0.9614704,0.95254356,0.9486589,0.94213724,0.94351786,0.94538724,0.95895374,0.9492874,0.95470065,0.95377266,0.92349654,0.9477196,0.95761055,0.87321603,0.9300809,0.92099416,0.94726944,0.9401089,0.9471214,0.948999,0.9472995,0.95262325,0.93923146,0.9403404,0.95095056,0.9662689,0.95446956,0.9379316,0.9458552,0.94525003,0.9412192,0.9446386,0.9388448,0.93478024,0.9515602,0.9383758,0.94313776,0.9362219,0.9416945,0.94759727,0.953606,0.9424415,0.97137964,0.9450411,0.94993806,0.95726824,0.94968104,0.9475035,0.93605167,0.9352709,0.9503639,0.9325142,0.9569447,0.9509054,0.95769936,0.92717594,0.924428,0.9374834,0.95717037,0.9479229,0.94260526,0.9392954,0.97137964,0.9361523,0.94363254,0.9660715,0.94594085
aftermathmovie,0.9553322,0.95563495,0.9555361,0.9584508,0.9383597,0.96115834,1.0,0.94978774,0.9766998,0.94479245,0.953644,0.9519531,0.96300155,0.9555757,0.94958127,0.9620494,0.9544272,0.94839305,0.95449877,0.9411668,0.95174503,0.94721156,0.9537084,0.9554335,0.9448014,0.86733586,0.955442,0.94865483,0.9560961,0.95656675,0.94476193,0.9510332,0.9426274,0.9522271,0.92984486,0.93039316,0.97133654,0.95848906,0.96384364,0.9390524,0.94567657,0.95835376,0.95018494,0.95365787,0.94541174,0.9395643,0.9479104,0.9530044,0.96184945,0.96097803,0.95653844,0.9549683,0.95219266,0.96298146,0.9356125,0.9415166,0.9519837,0.9601783,0.9514366,0.9573535,0.95136184,0.95355266,0.9415967,0.94964945,0.955781,0.93363816,0.9579435,0.94740194,0.9430524,0.94718826,0.9611576,0.81349665,0.9532067,0.9536582,0.9482384,0.94013965,0.9193969,0.9502127,0.9638758,0.9520097,0.9447151,0.97505856,0.9557504,0.9365824,0.9541005,0.95093745,0.9351793,0.96095943,0.9565772,0.9518163,0.94440526,0.9611576,0.9593072,0.9494677,0.96456444,0.9620109,0.9508283,0.9620271,0.97601914,0.950208,0.9467482,0.9463927,0.9295686,0.96118456,0.94806343,0.9629062,0.9508757,0.94632965,0.9481145,0.944857,0.96169966,0.88276815,0.9399472,0.9214942,0.9599554,0.95550305,0.9578666,0.95498383,0.95256174,0.9829917,0.9479386,0.9649329,0.9477032,0.9454185,0.9502546,0.9457247,0.9605214,0.9534297,0.9479957,0.94164544,0.9468298,0.9274921,0.95370066,0.94901276,0.95596004,0.95338714,0.94372016,0.94248533,0.9552068,0.94331867,0.9766998,0.9556837,0.940724,0.95084876,0.9529518,0.94585335,0.9395033,0.9479269,0.95246536,0.9456778,0.9857261,0.9513523,0.9604085,0.9217997,0.9357566,0.94838315,0.94749993,0.9470325,0.9508784,0.9483178,0.9766998,0.94867265,0.9635916,0.9678459,0.9540405
aftermovie,0.9424266,0.9388102,0.95717275,0.9475826,0.94703823,0.93684286,0.94978774,1.0000002,0.9732227,0.943159,0.95922345,0.9410148,0.94689375,0.9491933,0.96389806,0.9617515,0.9580794,0.958442,0.9504029,0.9421443,0.9611418,0.95327395,0.94736725,0.9636291,0.9430221,0.8553073,0.94637054,0.94641954,0.9517544,0.94259983,0.9444213,0.9468338,0.9344112,0.9554086,0.90893054,0.9107499,0.95457155,0.95406246,0.9430993,0.9435546,0.9375681,0.94617414,0.95030814,0.94659126,0.9595325,0.9488507,0.9472097,0.9637879,0.94140357,0.952379,0.96372586,0.9502748,0.9441885,0.95383257,0.9488714,0.9505404,0.95284414,0.9593093,0.9384128,0.9587713,0.9403429,0.94703305,0.9555868,0.9478887,0.93973356,0.9441768,0.9380294,0.93977714,0.9345965,0.93041074,0.9626704,0.72471744,0.9421718,0.9443102,0.9360471,0.95069647,0.90080905,0.9452822,0.9466307,0.9593733,0.93948144,0.9505549,0.9589091,0.9461283,0.9569873,0.94056284,0.94584423,0.9449725,0.93856126,0.96629995,0.9527081,0.9626704,0.9468559,0.95876,0.95676726,0.9534913,0.94755065,0.94443023,0.94843733,0.94157267,0.9434189,0.94791526,0.9503543,0.9590627,0.9416224,0.96721995,0.95365226,0.94290304,0.94290435,0.92938393,0.9615398,0.8442461,0.94789505,0.8983882,0.95765686,0.9458296,0.9459796,0.93869,0.9417227,0.95205283,0.9514222,0.9551605,0.95516133,0.9243062,0.95312107,0.95219827,0.93710977,0.9604384,0.940047,0.9489393,0.9554621,0.9397867,0.9507557,0.95386124,0.9524129,0.9438349,0.9309657,0.93295336,0.96025395,0.94760084,0.9732227,0.9570183,0.9380745,0.9453026,0.9370616,0.93988556,0.9411548,0.9398104,0.9494195,0.94455564,0.9519654,0.9457477,0.9597081,0.9105505,0.9475877,0.95518595,0.93754286,0.9493275,0.96478647,0.9500065,0.9732227,0.9454669,0.94287336,0.9494635,0.9578738
ahiddenlifefilm,0.97195977,0.9607812,0.9762626,0.97230935,0.9713029,0.97137964,0.9766998,0.9732227,1.0,0.9693459,0.97801346,0.96536404,0.97762674,0.97642964,0.9756468,0.9758439,0.9804525,0.97715324,0.97748065,0.96131766,0.9741715,0.9756262,0.9785277,0.97691685,0.96584564,0.90305567,0.9739124,0.9699652,0.9802519,0.9708137,0.96826,0.9752345,0.95845914,0.97141755,0.948976,0.9507834,0.9814867,0.9772644,0.9778333,0.96026564,0.97019196,0.9722571,0.9682396,0.97281516,0.9765049,0.96615726,0.97638977,0.97408724,0.96778625,0.97625846,0.97981447,0.9788034,0.9721283,0.97597283,0.9648856,0.97352755,0.97361845,0.9704447,0.9663295,0.98020536,0.96931005,0.96991295,0.9696214,0.97779506,0.9764661,0.95941895,0.96693665,0.9756669,0.9637568,0.96956474,0.98513234,0.7735788,0.9659704,0.9715279,0.9667644,0.9653855,0.9382017,0.9640007,0.97480714,0.97121567,0.9697001,0.9759821,0.9812009,0.96981233,0.97736824,0.9705588,0.9691064,0.97699034,0.9716721,0.9816982,0.96829987,0.98513234,0.974923,0.97429425,0.97662854,0.9747953,0.9753448,0.9791844,0.9749838,0.97461766,0.9686299,0.9705083,0.9667479,0.98090696,0.9691748,0.9830883,0.9785913,0.9809103,0.9650071,0.96602446,0.98195165,0.8914444,0.97121924,0.94226766,0.9745771,0.9762407,0.9775969,0.97539103,0.97362584,0.9803502,0.9745331,0.97091424,0.9754372,0.9546282,0.9728727,0.972478,0.96959716,0.97828305,0.96381533,0.96262085,0.97404206,0.9587947,0.97740924,0.96680975,0.9674339,0.9717549,0.97001666,0.96768844,0.98238325,0.96964467,1.0,0.9789965,0.9710836,0.98024184,0.9686314,0.96881425,0.96693456,0.9661054,0.9776228,0.96556,0.97736275,0.96906173,0.97675925,0.9435075,0.9635399,0.9748548,0.9648537,0.9743518,0.96964324,0.9689652,1.0,0.96717227,0.97175443,0.97408074,0.9791235
alitamovie,0.94100964,0.9332777,0.9437113,0.9261258,0.9565471,0.94974643,0.94479245,0.943159,0.9693459,1.0,0.9502718,0.9291701,0.9455938,0.9416915,0.9537194,0.94322383,0.950635,0.9609574,0.9497214,0.93419474,0.9335819,0.94388276,0.95595574,0.9419548,0.92253137,0.85771406,0.941471,0.9364579,0.94429207,0.9428171,0.94781286,0.9591785,0.9406773,0.9425223,0.91618484,0.91612005,0.94947445,0.94808245,0.94708455,0.94720685,0.9414495,0.9369117,0.9392549,0.93529785,0.94506437,0.9436309,0.95249236,0.9407536,0.9466757,0.9415492,0.93811697,0.96369874,0.954375,0.954024,0.93757415,0.95598704,0.9425732,0.944644,0.94935864,0.9535741,0.941569,0.9361096,0.9382266,0.9454747,0.9427233,0.9411255,0.9462072,0.9569081,0.9283186,0.9471306,0.95726746,0.74270916,0.9527037,0.9342617,0.93964696,0.92641294,0.8979914,0.93148726,0.95683676,0.9536589,0.94720775,0.94303423,0.9520083,0.94016373,0.9455804,0.931829,0.95033723,0.9408125,0.95068014,0.96292645,0.94238,0.95726746,0.94624746,0.9456044,0.93963593,0.9395266,0.9412615,0.9427451,0.9403714,0.94702685,0.9486891,0.950401,0.94381917,0.9601313,0.95280755,0.94357127,0.95542794,0.94431144,0.94577813,0.9280031,0.9569595,0.8701713,0.9412957,0.90618956,0.944064,0.9417032,0.93974286,0.9491828,0.9529431,0.9429267,0.9447087,0.9333467,0.9562851,0.92639697,0.9455422,0.9521943,0.9399206,0.94401646,0.9483924,0.9398136,0.9409233,0.9430949,0.94660705,0.93573004,0.94977754,0.95214975,0.9396351,0.9470607,0.9610606,0.93977004,0.9693459,0.9435768,0.9466108,0.9498148,0.9389181,0.95116955,0.921993,0.93077904,0.9411773,0.92586994,0.9413042,0.93844455,0.95818377,0.91655886,0.933765,0.9571641,0.9354273,0.9408212,0.94445634,0.9336144,0.9693459,0.95210046,0.9407647,0.94342476,0.9395823
angelhasfallen,0.9450872,0.9356611,0.9508476,0.9430235,0.9522523,0.94526666,0.953644,0.95922345,0.97801346,0.9502718,1.0000002,0.9508131,0.959822,0.9664658,0.9614104,0.9607194,0.96311337,0.9618777,0.9534659,0.9485927,0.94485676,0.95392036,0.9542093,0.9548126,0.9375926,0.87455076,0.950792,0.9448526,0.95451987,0.94900376,0.95677704,0.9558451,0.9408404,0.9569129,0.91961837,0.92284125,0.959556,0.9524565,0.9514625,0.9427101,0.95283645,0.9459108,0.93838537,0.95307934,0.96223056,0.9462748,0.9523667,0.9460686,0.95613194,0.9543012,0.96326727,0.9658241,0.9490939,0.9457883,0.94741946,0.95714617,0.9497614,0.9376732,0.9480394,0.95662767,0.95065373,0.94555336,0.956023,0.9619369,0.953895,0.95754135,0.943852,0.95802224,0.9506158,0.9474376,0.9616178,0.7577639,0.93131214,0.94277674,0.94710976,0.9478383,0.91844356,0.9549425,0.9604865,0.94611096,0.9667798,0.96661204,0.9576472,0.95112526,0.9622103,0.9505492,0.9647414,0.96001965,0.9509208,0.96484977,0.93975335,0.9616178,0.9603033,0.9535766,0.95715225,0.9587613,0.97124827,0.9563981,0.94544506,0.95584565,0.9418972,0.9502371,0.95240897,0.9591418,0.93751514,0.96785414,0.96410584,0.9619212,0.93523663,0.94708925,0.9752835,0.85448664,0.95726717,0.9305182,0.94536465,0.96550673,0.95329756,0.95166117,0.95001614,0.9574507,0.9482012,0.9534323,0.9507135,0.922381,0.96261686,0.9491711,0.9513253,0.957667,0.9369697,0.9457516,0.95146483,0.932374,0.9524344,0.9330217,0.9528107,0.94545466,0.947618,0.9510751,0.96427304,0.9457444,0.97801346,0.9591947,0.9540109,0.96110845,0.9381682,0.9559432,0.94868875,0.9473973,0.95458364,0.93690884,0.9558028,0.9358651,0.9546563,0.9131701,0.9482667,0.9509242,0.9356915,0.9481316,0.9566828,0.9542029,0.97801346,0.95066506,0.9382934,0.9455765,0.9555095
angrybirdsmovie,0.9302638,0.92763704,0.9540843,0.94546,0.93441254,0.9471335,0.9519531,0.9410148,0.96536404,0.9291701,0.9508131,0.9999996,0.9387552,0.9398972,0.94151384,0.94345653,0.94252104,0.9393812,0.93610114,0.94737923,0.9383077,0.950863,0.94982994,0.9541415,0.91986316,0.85496616,0.92601234,0.92091745,0.9527229,0.9508409,0.9354217,0.9354358,0.92608285,0.94432396,0.9174062,0.91102594,0.9526939,0.93329054,0.9403495,0.91752607,0.9490382,0.94456977,0.93642575,0.94225764,0.93426543,0.9191949,0.9514653,0.94942695,0.93269414,0.94673645,0.9676909,0.93606144,0.9346391,0.94273347,0.9278278,0.93593127,0.9229927,0.94063157,0.9367478,0.9385344,0.9431546,0.9373689,0.9288802,0.94080806,0.93691146,0.933051,0.9382849,0.9278281,0.93468946,0.9305471,0.9453847,0.7594882,0.9299484,0.93119806,0.9364724,0.9323491,0.89886194,0.938155,0.9420278,0.93825614,0.93664366,0.9524068,0.9580392,0.92757916,0.9554692,0.9369313,0.9310338,0.93917775,0.92968106,0.9519734,0.9360477,0.9453847,0.94957703,0.9445634,0.9596273,0.93585986,0.9320196,0.95531565,0.9530413,0.9372884,0.9191284,0.94159395,0.94210815,0.94070077,0.9265652,0.96628106,0.93705165,0.9430932,0.9321309,0.9326854,0.95855004,0.8508633,0.9312612,0.91640973,0.94166356,0.9409711,0.94469774,0.94318646,0.92508423,0.9542737,0.9387539,0.9333175,0.938356,0.9229423,0.9293952,0.944194,0.9350376,0.9521574,0.9316233,0.9453164,0.94058704,0.9361674,0.945317,0.93356305,0.92516226,0.9399331,0.94152284,0.93122077,0.9517893,0.92488676,0.96536404,0.9471633,0.9216513,0.94534487,0.93104017,0.92823,0.9442485,0.9339113,0.9376299,0.9260797,0.9441391,0.953152,0.9409547,0.915454,0.9219344,0.9300611,0.9419036,0.94301754,0.94099796,0.924177,0.96536404,0.9418645,0.9361699,0.93878543,0.962893
annabellemovie,0.9489806,0.9427272,0.9517004,0.9599166,0.9528187,0.94777,0.96300155,0.94689375,0.97762674,0.9455938,0.959822,0.9387552,0.9999999,0.95819813,0.95710003,0.9591759,0.9634557,0.9640348,0.9527259,0.9447059,0.9557707,0.94934404,0.96001923,0.9519621,0.9432799,0.8941628,0.95521355,0.9582116,0.95469683,0.95301276,0.9428919,0.9491576,0.93308884,0.9428276,0.9305735,0.9335677,0.96438134,0.9707113,0.9526366,0.9364235,0.9481733,0.9668833,0.9445261,0.96321344,0.9622128,0.94958115,0.95345885,0.952103,0.9498862,0.96384394,0.9508806,0.9528087,0.9527053,0.9470203,0.95303285,0.94952345,0.95186186,0.9612865,0.9540451,0.9603843,0.9568872,0.9520899,0.9531263,0.96172434,0.9477173,0.9398978,0.9493633,0.9517297,0.94574606,0.95160896,0.96711403,0.7796185,0.9332661,0.95657796,0.9431399,0.936643,0.9282794,0.9457375,0.9653319,0.9429101,0.95714474,0.9709369,0.9578682,0.95137066,0.9650442,0.95145345,0.95468843,0.9850171,0.9564986,0.95781463,0.9425979,0.96711403,0.95981586,0.94439226,0.95449483,0.9642553,0.9596089,0.96413636,0.95019364,0.95380557,0.9462468,0.9515362,0.93336636,0.9646969,0.93765503,0.9576845,0.96312606,0.9652671,0.94617313,0.9501572,0.9616206,0.8817993,0.95048624,0.9385402,0.9496265,0.9584811,0.9573869,0.95303506,0.96234155,0.96971154,0.9570194,0.9519702,0.9597801,0.9274357,0.94575775,0.9468255,0.96844625,0.94793487,0.953192,0.9310538,0.9576051,0.938448,0.9645141,0.94353676,0.94491684,0.95459425,0.9437656,0.9404928,0.9668269,0.9497195,0.97762674,0.95392567,0.9547297,0.9639134,0.95414245,0.9432004,0.9474075,0.93897766,0.9532666,0.9328747,0.9599319,0.9426625,0.95095575,0.9205164,0.95430297,0.9475836,0.93228155,0.9546695,0.9435083,0.94038624,0.97762674,0.9523938,0.95643723,0.9487474,0.9493448
annamovie,0.95122755,0.93463874,0.9445368,0.9457518,0.9473822,0.94694877,0.9555757,0.9491933,0.97642964,0.9416915,0.9664658,0.9398972,0.95819813,0.9999999,0.9577526,0.9700374,0.96508694,0.95419246,0.9467083,0.93590766,0.9522425,0.94732076,0.9602975,0.9542873,0.9418511,0.891259,0.9597009,0.95559776,0.9589407,0.9455033,0.9372628,0.94711035,0.93542755,0.95552474,0.92006546,0.9346724,0.9629858,0.94933546,0.946346,0.94630355,0.94238293,0.952737,0.9351194,0.95926785,0.9632435,0.9510402,0.9572657,0.94640875,0.9480678,0.96009034,0.96045196,0.9544281,0.9534768,0.94326085,0.93965155,0.95688003,0.95182675,0.94731694,0.93643993,0.9532856,0.94210815,0.9482129,0.9521442,0.9706,0.9489481,0.9388984,0.94373924,0.96099997,0.9450086,0.95040137,0.9623834,0.74496764,0.9427327,0.95441425,0.93920827,0.94164455,0.9183286,0.9408893,0.96206456,0.946734,0.9581821,0.9518399,0.95225793,0.9432266,0.96554714,0.9475292,0.95254415,0.9594452,0.9476013,0.95805687,0.94615096,0.9623834,0.9598012,0.95266616,0.95127785,0.95632035,0.96577233,0.9535737,0.9494841,0.9730483,0.9570443,0.9399261,0.94487524,0.9599282,0.9599783,0.9620226,0.9663877,0.96363556,0.94553554,0.94184506,0.9607398,0.87081337,0.9619172,0.9215901,0.9524271,0.96265525,0.9577972,0.9517842,0.9546115,0.960777,0.95659024,0.9588169,0.9435569,0.9401299,0.9567333,0.93863696,0.9543403,0.9563819,0.9279777,0.93865603,0.95211023,0.9308207,0.9553222,0.94216263,0.9585938,0.9437519,0.94964075,0.94106454,0.96105427,0.95302415,0.97642964,0.95189273,0.95973617,0.9559323,0.94918466,0.9526174,0.9504944,0.9446659,0.9490982,0.9567492,0.95406437,0.9404204,0.9671899,0.9343819,0.9423286,0.95199776,0.9435167,0.94855857,0.958706,0.9687883,0.97642964,0.94608045,0.948075,0.9566663,0.9551041
apollo11movie,0.9527098,0.93708825,0.95676565,0.94304323,0.9541773,0.9436972,0.94958127,0.96389806,0.9756468,0.9537194,0.9614104,0.94151384,0.95710003,0.9577526,0.99999964,0.9619054,0.9586159,0.9608226,0.95138884,0.96756816,0.9442348,0.945897,0.95175934,0.9564739,0.94250315,0.8603087,0.9541227,0.9436497,0.94903,0.9471141,0.94714576,0.95733315,0.9423668,0.94577765,0.9218072,0.9236728,0.9548753,0.9641005,0.95031804,0.9578547,0.9568273,0.95685226,0.94993377,0.95608485,0.96045744,0.95622385,0.9525471,0.95033836,0.94934434,0.9599197,0.9547429,0.9621062,0.94198805,0.9485911,0.95141566,0.9474115,0.9475868,0.9460403,0.94357204,0.95118874,0.947016,0.9405627,0.946789,0.96299016,0.94385326,0.9397826,0.9353671,0.94966346,0.949381,0.9343227,0.95443213,0.7566996,0.93892795,0.9403971,0.92801195,0.9436289,0.9065291,0.94481087,0.95619315,0.95310986,0.95015764,0.9568335,0.9622243,0.94746405,0.95068157,0.9377133,0.9505846,0.9455965,0.93961406,0.9599755,0.94537044,0.95443213,0.95391077,0.95331377,0.9538596,0.96851045,0.96012366,0.95650524,0.94925547,0.94366896,0.94909537,0.94486594,0.94373983,0.9573979,0.9440083,0.9592198,0.9578302,0.95997375,0.94544864,0.93535715,0.9657091,0.8681821,0.95785385,0.92687464,0.9472119,0.9599997,0.9589929,0.94103813,0.95266473,0.9537676,0.95569557,0.9422174,0.95500606,0.9267539,0.9598441,0.94648427,0.9395932,0.95280534,0.9408457,0.9382431,0.9541193,0.932115,0.9498343,0.9544035,0.941068,0.94931966,0.9418232,0.9469197,0.9536452,0.9460056,0.9756468,0.95706505,0.9477952,0.961185,0.94404286,0.95065147,0.95055443,0.95195544,0.95148635,0.9380281,0.95309424,0.9520171,0.95858234,0.9213142,0.95230323,0.94433904,0.93102527,0.93819594,0.94805104,0.94071096,0.9756468,0.95853984,0.94725156,0.94169706,0.94362557
arcticdogsmovie,0.9516503,0.9514755,0.95255077,0.95818126,0.945847,0.94580203,0.9620494,0.9617515,0.9758439,0.94322383,0.9607194,0.94345653,0.9591759,0.9700374,0.9619054,0.9999998,0.9618222,0.95515263,0.9475887,0.9365178,0.9554211,0.9427467,0.95994866,0.96179986,0.956096,0.8762186,0.9559193,0.95638394,0.9533999,0.9482378,0.9403343,0.95268095,0.94669694,0.9551621,0.9156743,0.93169963,0.9666705,0.95740855,0.94994915,0.95361656,0.9527453,0.9577249,0.9437001,0.9583016,0.96108115,0.95505774,0.95667374,0.9515242,0.9466984,0.9616435,0.95692855,0.95976704,0.9606472,0.9527581,0.94022703,0.9556327,0.9481498,0.958098,0.94677466,0.9556082,0.95136374,0.95555496,0.9482319,0.95506865,0.958142,0.9427462,0.9555921,0.95080143,0.9432763,0.94214,0.96432894,0.7789719,0.94519776,0.9546659,0.9346428,0.95984507,0.9156966,0.9496939,0.96580595,0.952543,0.94883305,0.9603177,0.9639693,0.94690096,0.95716393,0.95045596,0.9531205,0.9583358,0.9479466,0.96078223,0.95012164,0.96432894,0.95908827,0.956018,0.95867085,0.95801777,0.9578518,0.95396787,0.95333207,0.95585626,0.96286666,0.95623815,0.941322,0.96522105,0.9460615,0.9644422,0.9641512,0.95668274,0.9542459,0.947285,0.96450657,0.8573278,0.9510796,0.922032,0.96233165,0.9517621,0.957963,0.9421813,0.95504916,0.9633538,0.959727,0.9539956,0.9421833,0.93244165,0.9484756,0.9433142,0.9522881,0.95466673,0.93452716,0.9363838,0.9528565,0.9274457,0.9556937,0.94875973,0.95154613,0.94803387,0.9433392,0.9527408,0.95737237,0.94666964,0.9758439,0.95120084,0.9549111,0.95150155,0.9433545,0.9561937,0.95653826,0.94586563,0.9408692,0.9446313,0.9537584,0.94846284,0.9712727,0.93758893,0.95609295,0.9519861,0.945594,0.95031226,0.96153235,0.9584718,0.9758439,0.9524865,0.95110506,0.9574496,0.95162773
arcticmovie,0.9529011,0.940501,0.954639,0.94717664,0.9502471,0.95297104,0.9544272,0.9580794,0.9804525,0.950635,0.96311337,0.94252104,0.9634557,0.96508694,0.9586159,0.9618222,1.0,0.95913446,0.9627746,0.9422162,0.9599117,0.9559271,0.9596858,0.9633115,0.94108474,0.8895901,0.96671534,0.9725336,0.96027005,0.95712036,0.94773877,0.95686716,0.9344512,0.96018445,0.92988336,0.93077314,0.9627701,0.9558091,0.9592561,0.9538792,0.95921373,0.94874966,0.9391292,0.9523585,0.96387243,0.9473913,0.9593644,0.96210927,0.9526127,0.95312446,0.96200436,0.96702975,0.9546942,0.95489883,0.9470148,0.96380264,0.9628157,0.95085955,0.9462352,0.9710906,0.9555785,0.9493555,0.9601754,0.9642797,0.96739054,0.942336,0.9488756,0.95902365,0.95289594,0.9439109,0.96968913,0.73492885,0.9511906,0.9598601,0.9466679,0.9475653,0.9099141,0.9437284,0.96119153,0.95192665,0.9625612,0.9564053,0.96199685,0.956023,0.9685683,0.9565689,0.96009165,0.95984095,0.94936264,0.9643142,0.95363975,0.96968913,0.9583883,0.9533616,0.9594656,0.96498346,0.9631253,0.9542816,0.9487838,0.96428686,0.9476799,0.95550835,0.94281054,0.9691147,0.96163225,0.9669227,0.9630954,0.9597701,0.94875866,0.9494747,0.9691586,0.8511074,0.9552142,0.91977036,0.96212524,0.9559564,0.9552925,0.9575441,0.9636157,0.95736736,0.9529577,0.95819217,0.95884573,0.94671476,0.95059144,0.95719016,0.9578449,0.9612445,0.9391609,0.9483002,0.9513251,0.9402842,0.98069453,0.9552948,0.9486054,0.959016,0.9509039,0.9552816,0.96709466,0.948408,0.9804525,0.9486987,0.9503752,0.9606117,0.9402595,0.96538085,0.9499094,0.9427768,0.9566626,0.9444986,0.9582694,0.9483513,0.95525485,0.93919486,0.9501603,0.95682436,0.9484271,0.95679945,0.95793617,0.9595298,0.9804525,0.955164,0.9466991,0.96128684,0.96746916
artofracingmovie,0.94236726,0.9335411,0.954816,0.9428211,0.9726024,0.9513639,0.94839305,0.958442,0.97715324,0.9609574,0.9618777,0.9393812,0.9640348,0.95419246,0.9608226,0.95515263,0.95913446,1.0,0.9538068,0.94870025,0.9443409,0.957003,0.95729804,0.95629233,0.9337089,0.8830287,0.9594432,0.94502866,0.9523611,0.945615,0.94915766,0.95431155,0.9366721,0.9456352,0.9286181,0.9331795,0.9552559,0.9555746,0.9466485,0.9433172,0.95357597,0.95125717,0.9460993,0.9573095,0.9683986,0.9534455,0.954046,0.9500613,0.95202595,0.95509875,0.955734,0.959671,0.9543743,0.95099884,0.9591379,0.96310824,0.95408034,0.95753026,0.94866896,0.9590154,0.9528817,0.9444904,0.94930303,0.95987743,0.9509505,0.9514739,0.9473457,0.9484508,0.9402183,0.9510982,0.9648739,0.7496178,0.9409383,0.9430806,0.947721,0.93862605,0.9123158,0.94103587,0.95825297,0.94806266,0.94818115,0.9601568,0.9587458,0.9458937,0.95451134,0.94417995,0.9590955,0.958156,0.9567255,0.9682926,0.9493426,0.9648739,0.95250773,0.95145726,0.95230514,0.9524391,0.950339,0.95555526,0.9458936,0.9549468,0.9461864,0.95006484,0.94850963,0.9604785,0.9444093,0.9596741,0.9634198,0.96445954,0.9424738,0.9396083,0.9601654,0.86109096,0.9587525,0.92901015,0.9448635,0.9474306,0.94431275,0.95030576,0.95363665,0.95215935,0.9535427,0.9505264,0.9647155,0.92652684,0.9549497,0.94681126,0.94414204,0.9491322,0.9574077,0.9400702,0.94687307,0.94562083,0.95208055,0.940875,0.9485807,0.9457062,0.94046265,0.9467468,0.96642995,0.964132,0.97715324,0.9618839,0.95136064,0.9615753,0.9460811,0.94557,0.9497083,0.9450689,0.9578533,0.9240815,0.9456932,0.93948644,0.9585153,0.9152325,0.95280695,0.95199025,0.9429578,0.9518938,0.95164263,0.94407845,0.97715324,0.9519639,0.946906,0.9490049,0.94998074
avengers,0.9709957,0.9282461,0.9421905,0.94818014,0.94596565,0.95311856,0.95449877,0.9504029,0.97748065,0.9497214,0.9534659,0.93610114,0.9527259,0.9467083,0.95138884,0.9475887,0.9627746,0.9538068,1.0000002,0.93902075,0.95001316,0.9516098,0.95376337,0.9608384,0.94663584,0.8797003,0.95820576,0.94670767,0.95645416,0.94623524,0.97412324,0.9606215,0.9331613,0.9455657,0.92058253,0.918105,0.9592062,0.95332414,0.9624833,0.9480267,0.9487819,0.9406652,0.946425,0.94642675,0.9547663,0.94498694,0.9483893,0.95626056,0.9436621,0.9482853,0.95486337,0.9610718,0.95740134,0.9571581,0.93883413,0.95600885,0.9524343,0.94207263,0.9529646,0.96737623,0.9414341,0.95885473,0.94358784,0.94953626,0.95972985,0.92933685,0.9508862,0.96073407,0.9402934,0.9527298,0.9686628,0.75026214,0.9473188,0.94938916,0.9534388,0.94082665,0.911907,0.9419616,0.9569048,0.9493765,0.94511896,0.9510532,0.9598461,0.94361997,0.95162356,0.94815326,0.93467,0.955399,0.95459306,0.95232135,0.9510639,0.9686628,0.9488036,0.9564151,0.94816893,0.94669396,0.95753115,0.9505091,0.9553858,0.9487038,0.94784313,0.95694524,0.9349869,0.9621279,0.95226365,0.95606005,0.9533231,0.9615802,0.94371253,0.94530755,0.96269035,0.87074983,0.953224,0.9046906,0.9587759,0.94981414,0.9621238,0.9574541,0.9633095,0.95711434,0.95441216,0.9458943,0.9570732,0.9385924,0.9599278,0.9522196,0.94591826,0.9652653,0.9465403,0.9461552,0.9448117,0.9389789,0.9545549,0.9438193,0.9447128,0.9477533,0.9523204,0.9467358,0.95719695,0.93613756,0.97748065,0.9571926,0.9446592,0.9569954,0.94309443,0.95019174,0.93526244,0.9380306,0.9622852,0.9469976,0.95481336,0.9366909,0.9555773,0.9307124,0.94221425,0.9677716,0.94002855,0.94990736,0.9488597,0.94727945,0.97748065,0.94989806,0.9552598,0.9615214,0.9538595
beachbummovie,0.942546,0.92681164,0.9446442,0.9309559,0.9364875,0.93157566,0.9411668,0.9421443,0.96131766,0.93419474,0.9485927,0.94737923,0.9447059,0.93590766,0.96756816,0.9365178,0.9422162,0.94870025,0.93902075,0.9999997,0.93370205,0.93918633,0.9329575,0.94825757,0.9177113,0.8471144,0.9208047,0.9218184,0.93947935,0.9441855,0.9277652,0.93684906,0.9354276,0.93572396,0.9219774,0.9043432,0.94292325,0.9504443,0.94390994,0.94378847,0.9473508,0.9417938,0.9325183,0.9418652,0.9484117,0.92970335,0.93597823,0.93220603,0.9376915,0.9460352,0.9452832,0.94625974,0.9209839,0.9380751,0.9363329,0.924422,0.9270619,0.93182534,0.93671,0.9385188,0.9413979,0.9324095,0.93925333,0.94845116,0.93685627,0.9287446,0.933492,0.9324761,0.9430186,0.9327724,0.939752,0.75754404,0.92045027,0.9212481,0.92306215,0.9230704,0.89396083,0.9258223,0.9342377,0.9347512,0.9433869,0.94307077,0.9505836,0.9277526,0.93143696,0.93370473,0.932027,0.94001913,0.92550445,0.9517565,0.9339946,0.939752,0.9366093,0.944283,0.94554526,0.9537915,0.94153,0.96686876,0.9401731,0.9323587,0.92228234,0.94245595,0.9365016,0.9399973,0.9224748,0.9521036,0.94607836,0.94174355,0.92783695,0.93036705,0.9472628,0.8634551,0.94298667,0.90685564,0.92466456,0.9432124,0.9512462,0.93720406,0.94392157,0.9418966,0.9427115,0.92805046,0.9399745,0.9045479,0.9342984,0.9379079,0.9262077,0.9449712,0.9343586,0.92814267,0.9411689,0.92393744,0.93968,0.94302565,0.9281309,0.9346182,0.93367773,0.935976,0.9398486,0.9283863,0.96131766,0.9462872,0.9223977,0.9438194,0.92830384,0.9341799,0.9231294,0.93903655,0.9394987,0.927818,0.9403382,0.9422189,0.92829317,0.9184901,0.93222195,0.9290481,0.92642593,0.92507267,0.93446136,0.91952723,0.96131766,0.95331055,0.93368953,0.928545,0.9368749
bernadettefilm,0.94587016,0.94074667,0.95890117,0.95260304,0.92974305,0.9354774,0.95174503,0.9611418,0.9741715,0.9335819,0.94485676,0.9383077,0.9557707,0.9522425,0.9442348,0.9554211,0.9599117,0.9443409,0.95001316,0.93370205,1.0000001,0.962665,0.9538308,0.9545613,0.94878536,0.8836933,0.94129074,0.95193833,0.95933694,0.94732726,0.9385141,0.94676805,0.9230989,0.9541168,0.9370492,0.93281645,0.95198226,0.9523396,0.95210683,0.93640405,0.93573016,0.9535762,0.9536422,0.9552063,0.956927,0.94037956,0.95404583,0.9585098,0.9386484,0.9596942,0.9595229,0.9504565,0.93765664,0.9537405,0.9425498,0.94264024,0.94409806,0.9574983,0.9406189,0.9591944,0.946003,0.9493022,0.962953,0.95056266,0.9518591,0.9279768,0.9391744,0.9560388,0.93860286,0.93703836,0.9628713,0.73623693,0.94541067,0.9486307,0.9400316,0.9453862,0.9163063,0.9388179,0.93840826,0.95154387,0.94843096,0.9487168,0.95646626,0.9602038,0.95817715,0.9535143,0.94468176,0.9519354,0.94156283,0.9594202,0.9564006,0.9628713,0.9436253,0.9564759,0.9489026,0.9485323,0.9495277,0.9574915,0.94642633,0.94905734,0.93969077,0.95288306,0.93873227,0.95734,0.9481915,0.96281314,0.94991213,0.94778824,0.9508151,0.9478174,0.95281035,0.854887,0.95318174,0.9149072,0.95756215,0.95463026,0.9543678,0.9532394,0.9573446,0.9596672,0.9498869,0.9543574,0.95301706,0.9255123,0.9422926,0.947709,0.9468177,0.9547349,0.93912375,0.945318,0.9723862,0.9394168,0.95726,0.9541416,0.9538609,0.95235074,0.9458646,0.93612134,0.9556479,0.94594425,0.9741715,0.9556024,0.93928605,0.94358295,0.9500207,0.94514704,0.9546578,0.9479967,0.95295054,0.9482818,0.9484262,0.9574674,0.9532868,0.9247241,0.9408111,0.94899356,0.9393828,0.946036,0.9640447,0.9533241,0.9741715,0.93643314,0.9535472,0.9494938,0.96068627
