movie,21bridgesmovie,47metersdown,abeautifuldaymovie,abominablemovie,adastramovie,adogsjourneymovie,aftermathmovie,aftermovie,ahiddenlifefilm,alitamovie,angelhasfallen,angrybirdsmovie,annabellemovie,annamovie,apollo11movie,arcticdogsmovie,arcticmovie,artofracingmovie,avengers,beachbummovie,bernadettefilm,blackandbluemovie,blackchristmas,blindedbythelightmovie,bombshellmovie,booksmart,breakthroughmovie,brianbanksmovie,brightburnmovie,brittanyrunsmov,captainmarvelofficial,captivestatemovie,catsmovie,charliesangels,childsplaymovie,clarathefilm,coldpursuitmovie,countdown,currentwarmovie,darkwatersmovie,detectivepikachumovie,disneyaladdin,disneyfrozen,disneymaleficent,doctorsleepmovie,dolemiteismyname,dontletgomovie,doramovie,downtonabbey_official,dumbo,escaperoom,everybodyknowsmovie,fastandfuriousmovie,fightingwmyfam,fivefeetapartfilm,fordvferrari,freaksthefilm,geminimanmovie,glassmovie,gloriabellmovie,godzillamovie,goldfinchmovie,goodboysmovie,goodliarmovie,gretafilm,halathemovie,happydeathdaymovie,harrietfilm,hellboymovie,hersmellmovie,highlifemovie,highstrungmovie,honeyboymovie,hotelmumbaifilm,httydragon,hustlemovie,hustlersmovie,isntitromantic,itmovieofficial,jayandsilentbob,johnwickmovie,jojorabbitmovie,jokermovie,judythefilm,jumanjimovie,justmercyfilm,knivesout,lalloronamovie,lastblackmansf,lastchristmasthemovie,latenightmovie,lighthousemovie,lionking,littlethemovie,littlewomenmovie,littlewoodsfilm,longshotmovie,lordsofchaosmovie,lucyintheskyfilm,mamovie2019,marriagestory,meettheaddams,meninblack,midsommarmovie,midwaymovie,missbalamovie,missinglinkfilm,motherlessbklyn,onceinhollywood,onthebasisofsex,overcomermovie,peanutbutterfalcon,petsematarymovie,piercingmovie,playingwithfire,playmobilthemovie,pomsmovie,queenandslim,rambomovie,readyornotfilm,richardjewellfilm,rocketmanmovie,scarystoriesmovie,secretlifeofpets,serenityfilm,shaftmovie,shazammovie,spidermanmovie,spiesindisguise,starwars,stormboymovie,stubermovie,taosdfilm,teenspiritmov,terminator,theaeronautsmov,thebestofenemies,thedeaddontdie,thefarewell,thehighwaymen,thehummingbirdprojectfilm,theintrudermovie,theirishmanfilm,thekitchenmovie,thelegomovie,themustangfilm,thenightingalefilm,theprodigymovie,thesunisalsoastar,theupsidefilm,tolkienmovie,toystory,triplefrontier,uglydolls,uncutgems,underthesilverlake,usmovie,wavesmovie,whatmenwant,wonderparkmovie,wrinklestheclown,xmenmovies,yardiefilm,yesterdaymovie,zombieland
21bridgesmovie,1.0000001,0.95569354,0.9624261,0.94812125,0.95473576,0.94211715,0.9655319,0.9572369,0.9783136,0.94691944,0.9409093,0.9344397,0.9612763,0.9643835,0.9587832,0.9567504,0.96764183,0.95206267,0.9703933,0.9464941,0.95449495,0.9582921,0.9550377,0.955097,0.95399904,0.87065303,0.9556363,0.9601767,0.9711673,0.9458788,0.9648515,0.9705125,0.9426993,0.9491011,0.94416624,0.9161592,0.96412915,0.9556128,0.9512394,0.9606252,0.96113336,0.95546407,0.94536424,0.94762844,0.9584875,0.957992,0.95210224,0.94268596,0.95057845,0.9548676,0.9692998,0.9660785,0.94507295,0.9299841,0.9566234,0.9588263,0.95054764,0.96386904,0.93642586,0.96151304,0.95738506,0.9450459,0.96140605,0.95166135,0.9623535,0.93989056,0.94690746,0.9661252,0.9447959,0.9342801,0.9545245,0.72298604,0.9230315,0.96090966,0.9400386,0.95101523,0.936186,0.96138793,0.9563356,0.96294385,0.95185584,0.9509629,0.9674854,0.9544811,0.9358723,0.95582193,0.95097446,0.95601827,0.95659745,0.9586972,0.9482285,0.9545245,0.96103424,0.97533655,0.9609739,0.95278853,0.9384285,0.9533812,0.96151155,0.9567769,0.95459354,0.95411444,0.953956,0.9568071,0.9613971,0.96593326,0.962796,0.957412,0.9437703,0.9673304,0.9485538,0.7436042,0.9633377,0.89425486,0.95358354,0.9645075,0.9911923,0.94953763,0.9675445,0.95264083,0.96,0.96416664,0.9606963,0.9316094,0.96400213,0.96163934,0.96131605,0.95145553,0.9335233,0.95256674,0.95378566,0.9508187,0.96571636,0.9354893,0.96183133,0.9349958,0.96317613,0.95918655,0.9503031,0.96145827,0.9783136,0.96841425,0.9490867,0.9524762,0.9536418,0.95574015,0.94389904,0.93581945,0.9625066,0.96525306,0.9560776,0.94987553,0.9637575,0.95381814,0.9529211,0.94567657,0.9631404,0.9411306,0.96485794,0.9523844,0.9783136,0.9597028,0.96248096,0.9582343,0.9684457
47metersdown,0.95569354,0.99999994,0.9549571,0.95537657,0.94255364,0.94378257,0.9648096,0.9648224,0.96995217,0.9290381,0.95703006,0.9392395,0.9585431,0.9548143,0.95209104,0.9627506,0.9604217,0.94753873,0.93166506,0.9365921,0.94740826,0.95848846,0.9415075,0.9430921,0.9373447,0.84961927,0.9408751,0.95101166,0.95410526,0.9495529,0.9512346,0.95488906,0.9442888,0.94601697,0.9549382,0.8990918,0.95685697,0.94208676,0.95358455,0.95860565,0.9482318,0.9486271,0.949124,0.9401169,0.9489963,0.96218556,0.9481699,0.94719577,0.92865497,0.9459945,0.96336395,0.95252246,0.93229264,0.94358885,0.9418481,0.94885135,0.94869584,0.96129954,0.9385613,0.9604619,0.95115554,0.9505776,0.9383828,0.94111687,0.94334364,0.930714,0.93739855,0.94386333,0.9554335,0.92930055,0.9455405,0.7427472,0.92881024,0.9460369,0.9333446,0.93813074,0.9091858,0.96385336,0.9649264,0.9582034,0.94896895,0.966441,0.94712937,0.9491173,0.9465856,0.95833355,0.9718096,0.95229614,0.93692064,0.9586393,0.9423517,0.9455405,0.9455909,0.9531342,0.9572796,0.948776,0.9411583,0.9262692,0.9479675,0.9644389,0.95586187,0.9424108,0.9458077,0.9505372,0.9570558,0.9603828,0.9521336,0.93349946,0.9413538,0.93574375,0.9511148,0.75137365,0.95969987,0.86117035,0.9489405,0.9561143,0.96434087,0.9476644,0.9572813,0.9506919,0.95538914,0.95877874,0.95472115,0.931907,0.95323163,0.9545573,0.95615715,0.94432193,0.9431569,0.95195603,0.9405297,0.9479374,0.962826,0.9357467,0.94412,0.9458691,0.96632504,0.9481833,0.9374108,0.9527042,0.96995217,0.963056,0.9422962,0.9333302,0.9382283,0.946903,0.91818523,0.9394993,0.9425544,0.95623356,0.96574223,0.94200987,0.9539349,0.93141997,0.96004456,0.93330306,0.95427614,0.9377875,0.9591708,0.95639956,0.96995217,0.9505672,0.9582203,0.94458467,0.96779495
abeautifuldaymovie,0.9624261,0.9549571,0.99999994,0.95126647,0.95500153,0.9599752,0.96289855,0.96949446,0.98180485,0.93954366,0.9520261,0.95693064,0.9689246,0.96307075,0.9639088,0.96316147,0.96667624,0.9538708,0.9548192,0.9502077,0.963429,0.9715499,0.9664192,0.9636156,0.95062125,0.8606057,0.9576642,0.96774167,0.9809185,0.94809633,0.9565127,0.9610337,0.9533808,0.9573627,0.9435113,0.91529447,0.97279155,0.9486935,0.9562185,0.94728416,0.96584105,0.96731555,0.96158814,0.9617518,0.97057825,0.9626575,0.96505946,0.96364594,0.9520636,0.96768814,0.97991633,0.9671346,0.9701677,0.9567013,0.95780945,0.9536453,0.95784414,0.9666112,0.94855875,0.96589476,0.9697934,0.9545688,0.9549559,0.96183604,0.9690759,0.9475213,0.953946,0.9618837,0.9460694,0.9506352,0.96110183,0.76934886,0.92708707,0.9665715,0.9349029,0.93987215,0.91839236,0.9671806,0.9712482,0.9522761,0.9506753,0.96021056,0.9677933,0.94634074,0.9606488,0.95997596,0.96243626,0.97156465,0.95335627,0.96678555,0.9536912,0.96110183,0.95643044,0.95585394,0.9697382,0.9529777,0.95932645,0.9580108,0.9636269,0.96349,0.9651391,0.9709028,0.95743173,0.9625789,0.9537522,0.9775343,0.9673963,0.9568193,0.9582612,0.96296775,0.9667083,0.76124537,0.96506894,0.8843736,0.9655648,0.9572337,0.9658748,0.9444396,0.9712252,0.9599959,0.9609438,0.95819914,0.96630764,0.95373553,0.9605147,0.9593607,0.9727145,0.9532774,0.9481067,0.9468046,0.95511276,0.94989747,0.9666749,0.9464961,0.96113354,0.9402633,0.9563338,0.9568871,0.9612147,0.9611959,0.98180485,0.97485703,0.95109814,0.9585351,0.95482713,0.9519115,0.95021415,0.93873197,0.9655283,0.96227986,0.9575546,0.9765797,0.96066475,0.9403189,0.9551011,0.9562704,0.96643865,0.95161766,0.9591286,0.95910347,0.98180485,0.9541237,0.96918726,0.9675878,0.97454876
abominablemovie,0.94812125,0.95537657,0.95126647,0.9999998,0.94999146,0.9357554,0.95243037,0.96330345,0.97196287,0.9368894,0.95423067,0.91959286,0.9576949,0.9507319,0.96677554,0.94876164,0.95770717,0.93932766,0.933764,0.9429457,0.96027917,0.9594125,0.9511256,0.9404976,0.95096064,0.8476533,0.9440864,0.9388411,0.94951504,0.93272114,0.9439035,0.9483802,0.94855535,0.9323774,0.96372724,0.93213266,0.953996,0.9553256,0.9551863,0.94200647,0.94818044,0.954568,0.9343836,0.945151,0.95910907,0.9613982,0.9489629,0.95309156,0.9452523,0.9520876,0.95476574,0.9579822,0.9466273,0.94057643,0.9460625,0.95208794,0.9494623,0.9528148,0.9447332,0.94921017,0.9461855,0.96433294,0.9430637,0.94719195,0.9561025,0.9415186,0.94074816,0.9430762,0.9533924,0.9318308,0.9475353,0.73933595,0.9478435,0.9563223,0.95248127,0.93629104,0.90660363,0.95863134,0.9490288,0.94680315,0.94385356,0.96094275,0.95454735,0.94573,0.9399292,0.9468965,0.963906,0.949958,0.94988567,0.9705033,0.94911706,0.9475353,0.95260835,0.93712944,0.9463862,0.96298635,0.94886714,0.94533724,0.944154,0.95532644,0.96279466,0.95287216,0.9510951,0.9493467,0.94434863,0.948117,0.9370396,0.94396985,0.94266677,0.9419662,0.94925463,0.7348244,0.956786,0.8866549,0.94965804,0.94926304,0.9570774,0.9467022,0.9552283,0.9488918,0.9456649,0.9494872,0.955134,0.93458897,0.9479754,0.9608497,0.9583318,0.9335895,0.9322252,0.9363844,0.94684786,0.93646413,0.95596284,0.91974515,0.94309807,0.9281076,0.96326476,0.9560522,0.94352764,0.95292234,0.97196287,0.94914997,0.9501609,0.9443526,0.94209325,0.9514976,0.9373699,0.9599563,0.95093364,0.95356774,0.9488994,0.9432209,0.95868903,0.92985296,0.9349768,0.93926823,0.95382553,0.94388425,0.94756657,0.9463912,0.97196287,0.9358109,0.95188785,0.9573774,0.95042855
adastramovie,0.95473576,0.94255364,0.95500153,0.94999146,0.9999998,0.9432992,0.9674904,0.9668026,0.98257095,0.97051334,0.9599525,0.9424681,0.96461475,0.96650755,0.96921486,0.9624136,0.96798664,0.98286575,0.9482412,0.9530078,0.96951574,0.9707127,0.9684073,0.9633739,0.95712984,0.85077953,0.96082914,0.9459143,0.9663656,0.9474769,0.9582421,0.95305014,0.95363396,0.9466463,0.939349,0.92291313,0.9691073,0.9587551,0.95244473,0.9635063,0.96080977,0.9597391,0.9440445,0.9593506,0.96162456,0.96587753,0.96591604,0.9701271,0.95409477,0.9599759,0.97120863,0.9767866,0.95249647,0.9433716,0.9605127,0.9741251,0.9495865,0.95834637,0.9575629,0.9620556,0.966448,0.95530814,0.9497866,0.96044856,0.9659051,0.96641845,0.9478106,0.9600931,0.95723236,0.94372046,0.96048135,0.7692413,0.9259606,0.9622427,0.92053753,0.9488187,0.9124397,0.9564265,0.9449146,0.93757004,0.9621513,0.94439554,0.9665657,0.95536995,0.95016205,0.9606652,0.95748466,0.9636875,0.9527454,0.96652716,0.9549435,0.96048135,0.9520528,0.954678,0.9606678,0.96693265,0.95466006,0.9709503,0.96454823,0.9590428,0.965921,0.95872676,0.9482142,0.9639427,0.9678854,0.96294135,0.96444905,0.95715964,0.9670565,0.95560896,0.95731306,0.768996,0.9666797,0.8949647,0.967098,0.9611695,0.96187645,0.9458767,0.9741367,0.96076757,0.9453111,0.9601333,0.97327864,0.958049,0.97003996,0.9629992,0.95444036,0.9531771,0.9576535,0.9406072,0.9694032,0.96835536,0.9649117,0.9435967,0.95471066,0.93524635,0.95650506,0.969704,0.95486075,0.9739652,0.98257095,0.9621822,0.95025533,0.96506435,0.9526885,0.9738306,0.97218835,0.9428261,0.9673666,0.95098007,0.95665884,0.95405537,0.9736799,0.9323905,0.94241977,0.9482953,0.9666078,0.9545465,0.9490935,0.9588543,0.98257095,0.96019197,0.96394396,0.96856374,0.9642524
adogsjourneymovie,0.94211715,0.94378257,0.9599752,0.9357554,0.9432992,1.0000002,0.9563449,0.9426013,0.9664721,0.93057096,0.94731265,0.92414343,0.96323574,0.9445835,0.9489647,0.95372826,0.93818694,0.94336003,0.923824,0.94149154,0.94182575,0.94961005,0.9496552,0.94224083,0.9262328,0.84734476,0.93765706,0.94638276,0.95433164,0.9234408,0.93753,0.94426596,0.9490126,0.92078567,0.93600446,0.91138726,0.9540308,0.9317175,0.9389982,0.9305925,0.96242255,0.9385741,0.95093143,0.93511873,0.93856066,0.95944804,0.95545423,0.93661875,0.94963944,0.94276917,0.95711124,0.961,0.9367108,0.9390799,0.94160527,0.93889755,0.9374054,0.9526279,0.93064404,0.94785017,0.95916456,0.93958867,0.92385167,0.9529551,0.9555208,0.9326372,0.93869746,0.9520509,0.93732363,0.9222865,0.93862665,0.742619,0.9079758,0.9554415,0.92372406,0.9372337,0.9069761,0.95049274,0.9556686,0.9321779,0.9394824,0.95490557,0.96304435,0.92669034,0.94950956,0.94494516,0.957266,0.95543337,0.9299047,0.951062,0.943878,0.93862665,0.93626136,0.94051903,0.95003843,0.9481016,0.93441826,0.9428233,0.95855135,0.9499904,0.9583766,0.95262825,0.9391176,0.9422768,0.9371822,0.9540441,0.94395936,0.9617676,0.9271129,0.9487135,0.9505977,0.70989615,0.95200086,0.868534,0.95641434,0.9468958,0.9476226,0.9299304,0.9596436,0.9483925,0.9538769,0.9563792,0.9572846,0.9621604,0.9408695,0.9550374,0.96022433,0.93688977,0.938805,0.9258038,0.9442689,0.95783484,0.9379918,0.9159914,0.9519464,0.9085751,0.9494606,0.9387898,0.93405753,0.94756687,0.9664721,0.95034736,0.956974,0.957893,0.9338103,0.9457303,0.9379895,0.93688804,0.95892346,0.94296056,0.94596386,0.9494772,0.94884586,0.9103328,0.93286544,0.92912173,0.9432839,0.91745985,0.94161695,0.9561547,0.9664721,0.942154,0.9478027,0.9587677,0.9474135
aftermathmovie,0.9655319,0.9648096,0.96289855,0.95243037,0.9674904,0.9563449,1.0,0.9699496,0.98281974,0.956684,0.953545,0.9492714,0.97321904,0.9707653,0.9596337,0.9647552,0.9733902,0.9669475,0.9566225,0.94733256,0.95612764,0.9654184,0.96404463,0.9546434,0.94852084,0.8712497,0.9499813,0.9637323,0.9695583,0.9518477,0.964814,0.9576687,0.95624834,0.9542187,0.9403037,0.9032671,0.97576535,0.9553309,0.9700685,0.96924144,0.9634255,0.960885,0.952862,0.95590305,0.9476623,0.9715207,0.9660458,0.9560416,0.9582098,0.9595913,0.97442216,0.9699845,0.9567823,0.94256186,0.96502066,0.9602612,0.9640106,0.9662468,0.9484194,0.9680969,0.96346617,0.95411134,0.94628316,0.95325285,0.9642584,0.94884384,0.9486367,0.96106887,0.95639384,0.9358251,0.9613527,0.739385,0.9171685,0.9680299,0.9317167,0.9546516,0.91694856,0.9673675,0.9683921,0.95026505,0.9487,0.9789749,0.9592314,0.95310557,0.9568022,0.96187043,0.9658383,0.97256064,0.9600277,0.9708604,0.9557594,0.9613527,0.95721716,0.9614537,0.9655194,0.9570339,0.9489903,0.9580433,0.97268355,0.9611852,0.9749783,0.95655227,0.9542948,0.96268487,0.96866316,0.96870494,0.96446425,0.9607863,0.9511404,0.95817906,0.95220274,0.753017,0.96050596,0.88148254,0.96066064,0.96101195,0.9684181,0.94733185,0.96878356,0.9892606,0.9664948,0.96840453,0.96957755,0.9500563,0.96838695,0.9693902,0.96234924,0.9583166,0.95604956,0.9562278,0.9637921,0.96785706,0.971862,0.9590551,0.95712656,0.94073015,0.95485,0.9569267,0.958983,0.96889186,0.98281974,0.9640078,0.96309084,0.9542785,0.95291716,0.95944446,0.9449108,0.9375302,0.9623032,0.9675289,0.98892385,0.9480066,0.9631828,0.9323777,0.9568511,0.951139,0.9689339,0.95111424,0.94901097,0.9604823,0.98281974,0.9668927,0.97192323,0.968958,0.9796327
aftermovie,0.9572369,0.9648224,0.96949446,0.96330345,0.9668026,0.9426013,0.9699496,0.9999998,0.9853812,0.94017345,0.9617132,0.9481747,0.9722506,0.9684856,0.96818703,0.969885,0.9726847,0.9588358,0.94849193,0.95486957,0.9655585,0.9679384,0.9649968,0.95531976,0.962131,0.8715109,0.95172435,0.9591403,0.96831673,0.95983744,0.9604585,0.9604103,0.95767295,0.9503697,0.9537527,0.9300405,0.9637065,0.95596874,0.97034925,0.9634052,0.96405333,0.96429616,0.958377,0.95841545,0.9658607,0.96532214,0.96229446,0.9679285,0.94963306,0.9631679,0.97120255,0.96898794,0.9613599,0.94687134,0.9665928,0.9606984,0.9653509,0.96937466,0.9573476,0.9743773,0.96208185,0.96569085,0.9558879,0.9611825,0.96973,0.9553171,0.9552696,0.95202357,0.96436656,0.9437098,0.9708674,0.77203333,0.946045,0.9676016,0.9434331,0.9378405,0.9208704,0.96657985,0.9656834,0.9487351,0.96036494,0.9608776,0.96386796,0.96468264,0.9461242,0.9674848,0.9686393,0.9736893,0.96193236,0.9810072,0.96377015,0.9708674,0.96146345,0.9517539,0.95764905,0.958856,0.9665803,0.9672355,0.9568159,0.96402234,0.9673659,0.96792233,0.9581227,0.9713623,0.95975506,0.9668173,0.96586424,0.959392,0.96181893,0.94872874,0.9555159,0.76610756,0.96855974,0.89186233,0.9680699,0.961611,0.96492285,0.9486372,0.9744207,0.96574897,0.9638042,0.96831375,0.9706802,0.9488419,0.9704938,0.95900524,0.96409595,0.9497484,0.9556199,0.94841313,0.9557609,0.95652556,0.974317,0.95603114,0.95645547,0.95684475,0.9611167,0.96031684,0.96141833,0.9617463,0.9853812,0.96970123,0.95491666,0.95627636,0.96457607,0.9590764,0.94633144,0.9475244,0.9652283,0.9711212,0.96540904,0.9599669,0.96424335,0.940458,0.96392804,0.9605571,0.9711331,0.9672778,0.97012717,0.9625334,0.9853812,0.9592727,0.96791434,0.967234,0.97041315
ahiddenlifefilm,0.9783136,0.96995217,0.98180485,0.97196287,0.98257095,0.9664721,0.98281974,0.9853812,1.0000001,0.96672153,0.97506857,0.9622332,0.9848686,0.9811704,0.984314,0.9785697,0.9832808,0.97714204,0.9693163,0.9688791,0.98024166,0.98471516,0.98128504,0.9792639,0.97193533,0.8799314,0.9719305,0.9730161,0.98550946,0.9666116,0.97894967,0.9750767,0.9671751,0.9658526,0.96397346,0.9416472,0.9823428,0.9672034,0.97642887,0.97314215,0.9805113,0.97899336,0.9663547,0.97438097,0.9782384,0.9826959,0.9798195,0.9773422,0.97290295,0.978893,0.98821527,0.9869767,0.973318,0.96551996,0.9750094,0.9757919,0.97239846,0.98121625,0.9705433,0.9815634,0.98125124,0.9764881,0.96654254,0.9774978,0.98221207,0.9708196,0.9650816,0.9768013,0.9696518,0.96579367,0.9807312,0.7744894,0.94703907,0.97927564,0.9580443,0.96056217,0.9415359,0.9806744,0.9786335,0.96750146,0.9714048,0.97173834,0.9826931,0.9694129,0.9660567,0.978958,0.9795902,0.9825796,0.97348404,0.98453206,0.9773751,0.9807312,0.9740696,0.97488344,0.97844124,0.97787887,0.9695095,0.9770119,0.9777039,0.97978425,0.98148686,0.9784252,0.96641153,0.9826613,0.97444326,0.9836805,0.9802466,0.97797334,0.9721859,0.97277135,0.9769731,0.77327734,0.98213446,0.90961576,0.98082614,0.9776959,0.98320156,0.967135,0.98781455,0.97681355,0.9757472,0.9809551,0.9835141,0.96660614,0.9805984,0.9789382,0.9808263,0.97059333,0.96544087,0.95947033,0.9756975,0.97100526,0.9831677,0.9611073,0.97429675,0.95814437,0.976848,0.9769429,0.9749908,0.9788822,1.0000001,0.9823576,0.97517085,0.97721,0.97253996,0.97697073,0.96782166,0.9621358,0.98287946,0.9789278,0.9764956,0.9733055,0.9812846,0.9523263,0.9719478,0.97095764,0.98172826,0.970543,0.9746963,0.97498935,1.0000001,0.976322,0.9828542,0.9838352,0.9858155
alitamovie,0.94691944,0.9290381,0.93954366,0.9368894,0.97051334,0.93057096,0.956684,0.94017345,0.96672153,0.9999998,0.9452271,0.9316061,0.9501239,0.93822646,0.96231335,0.9452236,0.9591594,0.9685914,0.93936706,0.94309866,0.956067,0.9561736,0.9540544,0.94524103,0.9360729,0.8484283,0.94458646,0.9415398,0.9543289,0.9387989,0.95595866,0.9338988,0.9271163,0.93962395,0.91940373,0.9066252,0.95864487,0.93876463,0.9318956,0.943439,0.94331735,0.9402289,0.9190464,0.9307896,0.94455814,0.9506053,0.9514071,0.9496673,0.94393253,0.93326217,0.95134526,0.96290344,0.9465303,0.9323461,0.93696,0.96156186,0.9393406,0.9544734,0.945,0.9481272,0.96004534,0.9347923,0.9306918,0.94539124,0.94960064,0.9591483,0.92736626,0.9517318,0.9349806,0.9345721,0.94725716,0.7460584,0.90863246,0.95656306,0.92139566,0.9220403,0.9015056,0.9465089,0.930847,0.93001467,0.95259124,0.932813,0.94715387,0.93446356,0.9321983,0.95143896,0.9417357,0.9494724,0.93945587,0.9442632,0.9579006,0.94725716,0.9274821,0.9338771,0.9512506,0.9615531,0.94096476,0.9491423,0.95266277,0.94421905,0.9500992,0.9463578,0.9221388,0.94959134,0.95188093,0.9449444,0.94856864,0.94850886,0.9488016,0.9429426,0.9390353,0.77006716,0.9568444,0.88745314,0.9407613,0.9537441,0.9530719,0.9492051,0.96006465,0.93855685,0.9417523,0.94433427,0.95524263,0.9302577,0.95118785,0.9513066,0.94388014,0.93297064,0.9435197,0.9314777,0.95232975,0.95348495,0.9490305,0.9261946,0.9606429,0.929721,0.9537221,0.95425385,0.9504972,0.94965374,0.96672153,0.9428104,0.9454505,0.9465794,0.93761486,0.96727157,0.9462517,0.9226747,0.9491819,0.9201944,0.94403636,0.9310102,0.9530989,0.9219426,0.93426657,0.93910706,0.94785416,0.9392399,0.9280036,0.9372702,0.96672153,0.95018715,0.9447805,0.9573809,0.9498563
angelhasfallen,0.9409093,0.95703006,0.9520261,0.95423067,0.9599525,0.94731265,0.953545,0.9617132,0.97506857,0.9452271,1.0000002,0.9474955,0.9598043,0.95358443,0.96613675,0.95993936,0.9553893,0.95988834,0.9381313,0.95996237,0.96080464,0.9599214,0.9514692,0.9565335,0.93876487,0.85793555,0.9466267,0.93541735,0.95161235,0.9486164,0.95382106,0.9488608,0.9456346,0.9352025,0.9440615,0.92327404,0.9524922,0.9373594,0.95570904,0.95308787,0.95096505,0.9423106,0.9455873,0.9418133,0.9541387,0.961213,0.959372,0.9502991,0.95185167,0.9438377,0.96317685,0.9651527,0.9380552,0.954846,0.9362985,0.9505657,0.9487311,0.9584155,0.95728076,0.9593214,0.95793617,0.9594752,0.9471095,0.95695597,0.95148957,0.95567644,0.9444903,0.9510526,0.9741135,0.9430428,0.95399386,0.762505,0.9321424,0.9550613,0.9438027,0.9486635,0.90789664,0.9634263,0.9495108,0.9334874,0.97962815,0.9448425,0.9575592,0.9446987,0.9476847,0.9556791,0.9736779,0.9586952,0.9376124,0.95824546,0.9602934,0.95399386,0.9453268,0.93501073,0.9585697,0.9656386,0.9548039,0.95027703,0.9407078,0.9594328,0.9540712,0.9587586,0.9318472,0.9597462,0.9447711,0.96176475,0.9608202,0.9476054,0.95370907,0.9381037,0.95806074,0.76265484,0.96795034,0.8803082,0.96001226,0.9588768,0.94917303,0.93838257,0.96632093,0.9466445,0.95487684,0.9641919,0.95641917,0.9544933,0.95184165,0.95966333,0.9582269,0.9404053,0.95464104,0.9314311,0.9563846,0.94543886,0.95229363,0.9182331,0.95420367,0.9460435,0.9665258,0.95590395,0.94720477,0.9559848,0.97506857,0.9537079,0.94207263,0.9536168,0.9447745,0.9661284,0.9463769,0.9477011,0.95512944,0.94286543,0.95282114,0.9477023,0.9628018,0.9273858,0.95532393,0.95063114,0.9539537,0.9437058,0.9458525,0.9685821,0.97506857,0.94908124,0.9539663,0.9559158,0.95624495
angrybirdsmovie,0.9344397,0.9392395,0.95693064,0.91959286,0.9424681,0.92414343,0.9492714,0.9481747,0.9622332,0.9316061,0.9474955,0.99999976,0.93703896,0.94925153,0.9391937,0.93124735,0.959666,0.94877464,0.9325264,0.92645353,0.9477158,0.9643742,0.9493775,0.9510522,0.93087894,0.8450798,0.9458312,0.9446349,0.9613139,0.93564415,0.9436784,0.9487834,0.9208875,0.96707195,0.9277347,0.8761258,0.9556131,0.90662116,0.96031576,0.9487672,0.9363759,0.9491588,0.9445526,0.9455366,0.93886983,0.9353334,0.9500417,0.9476075,0.9321606,0.9422603,0.97119445,0.94371116,0.9505182,0.9424679,0.9291257,0.9364479,0.95186406,0.95971674,0.94170135,0.94401985,0.943592,0.9389754,0.93242145,0.92932737,0.94061625,0.93465686,0.9248046,0.9408226,0.940789,0.94958544,0.9440841,0.74739945,0.89012367,0.93352383,0.9229961,0.9229712,0.9010509,0.95137596,0.94457096,0.9403586,0.9424097,0.93273634,0.9372178,0.95168555,0.9593928,0.93801576,0.9541222,0.93909156,0.9241471,0.93700385,0.94229484,0.9440841,0.9248217,0.9408479,0.9681438,0.9370295,0.94290847,0.93743235,0.9389126,0.9438455,0.9450694,0.9382413,0.9229025,0.95500517,0.9493756,0.97089875,0.94719696,0.91905075,0.9523758,0.92394227,0.9434355,0.76270616,0.94353247,0.8495753,0.94637424,0.9314527,0.93706876,0.92832327,0.9589763,0.94944185,0.9339194,0.94874763,0.94162315,0.9344242,0.94587606,0.9440359,0.9403178,0.9498139,0.9592385,0.9341451,0.9328612,0.9363412,0.954682,0.94126284,0.94531137,0.91936576,0.9290463,0.9360246,0.9529738,0.94843334,0.9622332,0.9635805,0.9231791,0.93403316,0.9304557,0.93663037,0.9336012,0.92389274,0.92965907,0.94125277,0.96032673,0.94084793,0.9478794,0.93281835,0.954393,0.9340458,0.9537966,0.94387525,0.9311688,0.94314146,0.9622332,0.9472651,0.9504696,0.9392191,0.97274864
annabellemovie,0.9612763,0.9585431,0.9689246,0.9576949,0.96461475,0.96323574,0.97321904,0.9722506,0.9848686,0.9501239,0.9598043,0.93703896,0.99999994,0.96579725,0.9644918,0.9687859,0.9645805,0.96340436,0.9468408,0.9472763,0.9652395,0.97026193,0.96070033,0.9594895,0.95225036,0.878559,0.9616475,0.96206325,0.96778595,0.9503587,0.9617409,0.9560231,0.9568384,0.9493727,0.9497307,0.9368549,0.9708365,0.9634905,0.9570317,0.9611499,0.9727018,0.9601961,0.95712364,0.9508393,0.95703024,0.96326256,0.95754987,0.95562965,0.95874834,0.95776993,0.9730014,0.9698305,0.9587788,0.9565403,0.96890974,0.96833414,0.95366895,0.96431226,0.95577186,0.9682572,0.97170585,0.96100765,0.93908024,0.97047436,0.9676255,0.9504412,0.9593785,0.9587496,0.95405513,0.94963044,0.9690808,0.7678185,0.93105626,0.9631111,0.95092416,0.94069505,0.92953867,0.9713202,0.9783208,0.95104915,0.95331347,0.9671346,0.9737057,0.95297354,0.96117043,0.96179307,0.9678983,0.9780813,0.95570195,0.97394365,0.961883,0.9690808,0.9580693,0.955338,0.9589748,0.96305376,0.95747274,0.9575085,0.97272533,0.9666439,0.9604118,0.9660467,0.9548241,0.9670885,0.9533406,0.9693687,0.96032536,0.9701151,0.9589017,0.9582708,0.9669021,0.7730039,0.96024466,0.9025342,0.9646016,0.97412837,0.96819264,0.9559416,0.9710422,0.96953654,0.972898,0.9674345,0.9735741,0.95007217,0.9702622,0.9598921,0.9775291,0.95088375,0.9517261,0.9509469,0.95792896,0.96767735,0.9660405,0.9440068,0.9534564,0.9453173,0.9682513,0.9576124,0.96337086,0.95718545,0.9848686,0.9645961,0.9573593,0.969806,0.95617706,0.95895565,0.95363206,0.94832516,0.9765301,0.95975906,0.9600576,0.9559727,0.9605006,0.9385474,0.95568633,0.95753616,0.9642231,0.9531956,0.96283567,0.9624093,0.9848686,0.96896154,0.9720259,0.9696339,0.96676373
annamovie,0.9643835,0.9548143,0.96307075,0.9507319,0.96650755,0.9445835,0.9707653,0.9684856,0.9811704,0.93822646,0.95358443,0.94925153,0.96579725,1.0000001,0.9632778,0.96201754,0.96334696,0.95862305,0.9481472,0.9497196,0.96119857,0.96087843,0.9678155,0.96543616,0.95264137,0.8464799,0.95461726,0.9574375,0.9704614,0.94345546,0.9547302,0.95888966,0.9658235,0.9604997,0.93379074,0.9097257,0.9693114,0.9448009,0.97267264,0.96417457,0.9722206,0.96007824,0.9453798,0.9561586,0.9548093,0.9651255,0.9656044,0.9598637,0.9522296,0.96118677,0.97495276,0.968231,0.95698357,0.9319746,0.95668936,0.96261066,0.95922494,0.965396,0.95145524,0.9671495,0.9646507,0.95637226,0.94275725,0.9694142,0.95385844,0.9473418,0.9546832,0.95287126,0.96919894,0.939262,0.9575463,0.7383425,0.9283948,0.955046,0.9324985,0.95034474,0.9094806,0.9718265,0.9617089,0.94862,0.9490443,0.948758,0.9604471,0.95459986,0.9502114,0.9585588,0.9625575,0.9653795,0.9508918,0.97546184,0.9502832,0.9575463,0.95852,0.96355885,0.96306,0.95890933,0.95270324,0.9635031,0.95277053,0.974851,0.968263,0.9539902,0.9673301,0.9618247,0.97628164,0.9672472,0.9719943,0.9646955,0.95514214,0.9469921,0.96735865,0.72875226,0.9678686,0.8679274,0.9682448,0.95626104,0.9639543,0.9402395,0.97052854,0.97408706,0.96049136,0.96270144,0.9617295,0.94463897,0.96940905,0.9674489,0.958311,0.95347893,0.9524685,0.933104,0.952022,0.9610376,0.96542186,0.9407257,0.9551328,0.9368121,0.9567859,0.95409375,0.9525466,0.964842,0.9811704,0.96543664,0.9594481,0.95827264,0.9558523,0.9572895,0.939258,0.9328057,0.96360135,0.96148044,0.96854895,0.9499172,0.9669416,0.9375191,0.9614247,0.95339614,0.97060996,0.95427614,0.95278245,0.9652306,0.9811704,0.9592315,0.96640474,0.9612169,0.976872
apollo11movie,0.9587832,0.95209104,0.9639088,0.96677554,0.96921486,0.9489647,0.9596337,0.96818703,0.984314,0.96231335,0.96613675,0.9391937,0.9644918,0.9632778,0.9999999,0.96008587,0.96386456,0.96185905,0.94526595,0.97361827,0.97215897,0.9678774,0.97336584,0.97354186,0.9711006,0.8530675,0.95150036,0.9557632,0.9697515,0.95075464,0.9577016,0.9589397,0.9517189,0.94360316,0.9430765,0.94011265,0.9669771,0.95282346,0.96015173,0.95096344,0.96369785,0.96259815,0.9390329,0.9573685,0.96770346,0.97425133,0.975861,0.9735868,0.9646755,0.9633904,0.96860456,0.9767003,0.96591246,0.95049936,0.9507686,0.96209013,0.9636947,0.96592677,0.9491731,0.96355706,0.9708032,0.96681637,0.95310825,0.968365,0.96924275,0.9620663,0.945598,0.96483475,0.95623285,0.95724094,0.96713257,0.7762292,0.9337548,0.97340035,0.9436759,0.9513461,0.92200184,0.96180856,0.960558,0.9466544,0.96216214,0.9512078,0.96749324,0.94168365,0.94142115,0.96259326,0.96435815,0.9731457,0.9643807,0.96943045,0.96564895,0.96713257,0.9562403,0.9466559,0.96138495,0.9798738,0.9536051,0.96477586,0.95433503,0.9655946,0.9687471,0.9704367,0.9550034,0.9680489,0.9622827,0.9621024,0.9605509,0.9688708,0.96011746,0.9572521,0.95762545,0.77885956,0.96726793,0.90930766,0.9618875,0.9606266,0.9667406,0.957903,0.97227734,0.95077324,0.95516413,0.96400964,0.9641801,0.95269614,0.962408,0.95885366,0.96613264,0.9443564,0.9409402,0.9299987,0.97251934,0.95047265,0.9646015,0.9354803,0.96300083,0.9484666,0.96863014,0.9668575,0.9609099,0.95966285,0.984314,0.96495146,0.96219176,0.968059,0.96609604,0.97354597,0.9591776,0.9427833,0.9708037,0.96160567,0.9547177,0.96178025,0.96796054,0.92566323,0.9477718,0.96065027,0.9663268,0.96134734,0.9548892,0.9584263,0.984314,0.9479969,0.9593906,0.9768533,0.968062
arcticdogsmovie,0.9567504,0.9627506,0.96316147,0.94876164,0.9624136,0.95372826,0.9647552,0.969885,0.9785697,0.9452236,0.95993936,0.93124735,0.9687859,0.96201754,0.96008587,0.99999976,0.9560136,0.9580567,0.9478502,0.9490979,0.9581493,0.9618407,0.9671417,0.9567167,0.9493592,0.8659701,0.94498384,0.9512856,0.9691502,0.94762295,0.95765376,0.95604485,0.9607925,0.94559324,0.94898885,0.9274499,0.9656381,0.9441259,0.95012826,0.9676752,0.96059346,0.9568837,0.9410411,0.9522072,0.953409,0.9624613,0.9666698,0.9484605,0.9565015,0.95959836,0.9668526,0.9716715,0.9506405,0.943207,0.95506907,0.95791435,0.9577266,0.95848423,0.95082647,0.96700424,0.9632516,0.95313543,0.947842,0.9633762,0.9683128,0.94416696,0.9567195,0.95903957,0.9568408,0.9469078,0.9572897,0.7723323,0.9370141,0.9567122,0.93360144,0.95040834,0.91654617,0.9636497,0.9641891,0.93876904,0.9504925,0.9527192,0.96713924,0.9455423,0.9472434,0.9562119,0.96576506,0.96643937,0.95260423,0.96424145,0.9531836,0.9572897,0.96154416,0.9611078,0.95850086,0.9513799,0.9511193,0.95841503,0.96443176,0.9723668,0.96046114,0.9651517,0.9459592,0.96494323,0.95563406,0.95849156,0.96116006,0.9656054,0.9637484,0.95516384,0.9582538,0.7632916,0.96421814,0.89749074,0.96110576,0.9665947,0.9632976,0.95277715,0.96714646,0.9540777,0.9537539,0.9578212,0.976571,0.9492945,0.9705407,0.95489883,0.96903557,0.9540742,0.94012016,0.9410416,0.9491552,0.9573702,0.9519014,0.9352543,0.95200396,0.94311875,0.96698827,0.95666677,0.9492581,0.9538752,0.9785697,0.96886075,0.9525018,0.95801157,0.95672494,0.95799875,0.9386383,0.94246036,0.9652488,0.95456946,0.95941067,0.9607534,0.96412516,0.9394286,0.9535975,0.94887227,0.96732444,0.9422221,0.9628439,0.95520467,0.9785697,0.9567027,0.96697724,0.9672038,0.96240133
arcticmovie,0.96764183,0.9604217,0.96667624,0.95770717,0.96798664,0.93818694,0.9733902,0.9726847,0.9832808,0.9591594,0.9553893,0.959666,0.9645805,0.96334696,0.96386456,0.9560136,1.0,0.96074647,0.9598501,0.9467417,0.96630675,0.9779633,0.96071273,0.96302885,0.959854,0.8682168,0.958171,0.9719991,0.975202,0.94946694,0.9697855,0.96632457,0.95382166,0.9691624,0.94829047,0.9044325,0.9744714,0.9451422,0.9632892,0.9569527,0.9614356,0.970439,0.95274913,0.96464914,0.9613645,0.9607461,0.96019495,0.96015453,0.94986093,0.9644338,0.98038054,0.96723795,0.9650747,0.9637079,0.964091,0.971672,0.96666205,0.96854323,0.9604713,0.9642904,0.9626986,0.96468836,0.95988035,0.9554009,0.96505785,0.9539125,0.9516289,0.9658816,0.94925886,0.94530153,0.9593443,0.7501957,0.9325112,0.9646997,0.94190687,0.9452465,0.9241708,0.97124475,0.96193475,0.95910645,0.95624655,0.96086615,0.96189123,0.9664602,0.9547678,0.9641701,0.9618048,0.9633684,0.949645,0.9699998,0.95978236,0.9593443,0.95348704,0.9634837,0.9711028,0.9596347,0.95628107,0.9591092,0.96089864,0.95733404,0.96773094,0.959894,0.9563683,0.9626773,0.95901406,0.9785149,0.96709263,0.95198214,0.9595232,0.9573945,0.9587943,0.7586886,0.96694094,0.8774161,0.95909685,0.9596413,0.9708806,0.952711,0.97054654,0.96426064,0.9592096,0.9606019,0.96570355,0.9458695,0.9660657,0.9724061,0.963947,0.9594515,0.9571527,0.9570947,0.95836484,0.9515635,0.99078095,0.95953447,0.9585719,0.93786436,0.9609588,0.96634835,0.9593479,0.9669232,0.9832808,0.96786696,0.9520225,0.959077,0.9594167,0.95585024,0.9485156,0.943362,0.96294016,0.9664857,0.9663459,0.95373446,0.9737929,0.94144547,0.9552495,0.95031154,0.9741087,0.958236,0.9636792,0.9545609,0.9832808,0.96143144,0.9720389,0.9629917,0.9822195
artofracingmovie,0.95206267,0.94753873,0.9538708,0.93932766,0.98286575,0.94336003,0.9669475,0.9588358,0.97714204,0.9685914,0.95988834,0.94877464,0.96340436,0.95862305,0.96185905,0.9580567,0.96074647,0.9999998,0.9396183,0.9472086,0.9688578,0.96546733,0.94829667,0.963808,0.95221114,0.86440146,0.95897627,0.9477192,0.9644909,0.9590535,0.9528302,0.9537958,0.9461547,0.94271207,0.935788,0.9117558,0.96549493,0.9581236,0.9478728,0.9635664,0.9551826,0.9479228,0.94215125,0.9410106,0.95754415,0.96458596,0.95117134,0.96389115,0.94828117,0.94424385,0.9731677,0.9717046,0.9407672,0.94992524,0.94998527,0.9714449,0.94601536,0.96303636,0.9463742,0.9613731,0.970726,0.946813,0.93760777,0.95826715,0.95509523,0.94646794,0.9441025,0.9634747,0.9517241,0.94577914,0.96050936,0.7622486,0.9132354,0.9646231,0.91271394,0.94723094,0.90958124,0.95563203,0.94390845,0.93652314,0.9649839,0.93698514,0.9576143,0.946673,0.9549327,0.96303374,0.9512925,0.9589788,0.95112616,0.9561889,0.95842475,0.96050936,0.9472636,0.9525328,0.9693942,0.9718204,0.9553712,0.95965695,0.967286,0.9500066,0.95993423,0.9480648,0.9466257,0.97002536,0.9640153,0.9691404,0.9622094,0.95560354,0.9681308,0.94770753,0.958262,0.7684584,0.96629703,0.8853402,0.9631732,0.9551257,0.9612098,0.9414169,0.96876365,0.9555032,0.9492054,0.96262324,0.96627676,0.9457802,0.96311015,0.9507826,0.95506734,0.9519245,0.9538122,0.9399809,0.96511286,0.9620792,0.95653397,0.93741715,0.95385605,0.9435846,0.9553181,0.96150964,0.9579534,0.97449785,0.97714204,0.963789,0.9446976,0.95989585,0.9405926,0.9690502,0.96696174,0.9345658,0.96043116,0.9445492,0.96108824,0.9462795,0.9603965,0.93740934,0.95189816,0.9511762,0.9518622,0.9456968,0.94766957,0.9500614,0.97714204,0.96062297,0.95947355,0.96035224,0.9663903
avengers,0.9703933,0.93166506,0.9548192,0.933764,0.9482412,0.923824,0.9566225,0.94849193,0.9693163,0.93936706,0.9381313,0.9325264,0.9468408,0.9481472,0.94526595,0.9478502,0.9598501,0.9396183,1.0000002,0.93364555,0.9431755,0.9516059,0.9481988,0.9447449,0.93853205,0.8679122,0.94509876,0.95492065,0.96229184,0.9358434,0.9696116,0.9536307,0.92896354,0.9417756,0.93492424,0.8953367,0.94767135,0.93880934,0.94117945,0.9509167,0.940214,0.9544165,0.9318273,0.9486187,0.9483724,0.95088273,0.94942456,0.93883055,0.93916935,0.95204633,0.960696,0.9522848,0.94096524,0.9308962,0.95075184,0.942316,0.9459971,0.9504891,0.9276591,0.95335025,0.93471086,0.9363298,0.9461725,0.9336569,0.9555605,0.94196033,0.93143326,0.9446435,0.9348287,0.92851126,0.94427574,0.71918994,0.9047102,0.9504845,0.93828213,0.94492143,0.9327198,0.94516593,0.9377598,0.9473133,0.9432907,0.9444581,0.9564529,0.9327524,0.9321304,0.9414996,0.9439409,0.9446716,0.9507358,0.94689864,0.9397213,0.94427574,0.95325476,0.9591288,0.95399237,0.93584085,0.92814165,0.9414726,0.9536888,0.94605935,0.94607794,0.94339204,0.9341248,0.95390564,0.9419498,0.9562969,0.9440103,0.94220316,0.9319574,0.9572356,0.94034284,0.75608057,0.9514702,0.8886454,0.9536771,0.95236576,0.9574935,0.9501394,0.9610608,0.95310444,0.943095,0.9509333,0.95388454,0.9298577,0.95084965,0.95280284,0.9439326,0.9634414,0.9270242,0.946471,0.94480723,0.9310568,0.9543086,0.9415124,0.9398137,0.92456526,0.9356911,0.9491166,0.9395772,0.9483071,0.9693163,0.9591812,0.94121563,0.93568575,0.9439779,0.9416195,0.9391086,0.92981815,0.95252603,0.9538383,0.94191736,0.9496837,0.95390934,0.94065386,0.94313145,0.9325935,0.9574866,0.9282252,0.9451487,0.9490954,0.9693163,0.9449446,0.9606126,0.95566034,0.9585548
beachbummovie,0.9464941,0.9365921,0.9502077,0.9429457,0.9530078,0.94149154,0.94733256,0.95486957,0.9688791,0.94309866,0.95996237,0.92645353,0.9472763,0.9497196,0.97361827,0.9490979,0.9467417,0.9472086,0.93364555,1.0,0.94611573,0.9569636,0.9542151,0.94975805,0.9435198,0.82135904,0.93372935,0.92960757,0.95714176,0.93531775,0.943433,0.9360544,0.9327849,0.923371,0.9359351,0.91360164,0.9502382,0.92973566,0.9451471,0.93295646,0.94522154,0.9436301,0.93301487,0.9442743,0.95011836,0.9654872,0.96391743,0.9415657,0.9487168,0.9442323,0.9506232,0.96760535,0.9455498,0.9325442,0.93849367,0.9508796,0.94508046,0.95593417,0.9318147,0.94614077,0.9525218,0.94351214,0.9344754,0.9465724,0.95307016,0.9506159,0.93613046,0.95123774,0.9452277,0.93584883,0.9444347,0.7711707,0.9215896,0.9571315,0.92753005,0.9296107,0.9088711,0.93850267,0.9445291,0.9229393,0.9524235,0.93390185,0.9503213,0.93035704,0.9300325,0.9442615,0.9474166,0.9547285,0.93550134,0.94654906,0.95923734,0.9444347,0.9489336,0.9281465,0.9463286,0.96559924,0.9339318,0.96970046,0.9370705,0.95192266,0.9568652,0.9608144,0.9307729,0.95015496,0.9423254,0.9450288,0.94925576,0.95842177,0.9342014,0.9315113,0.9502565,0.7622392,0.9589404,0.8759187,0.9542162,0.93123263,0.9456992,0.9313526,0.95260525,0.93298787,0.94223326,0.9560899,0.94572544,0.95091903,0.9453813,0.94411,0.9515835,0.9249019,0.9368616,0.92170906,0.9486458,0.94141984,0.9479117,0.9212039,0.95480126,0.9324665,0.9480115,0.9581196,0.93876284,0.9544445,0.9688791,0.9453283,0.9452527,0.95869875,0.95829916,0.95447075,0.93617547,0.9405657,0.9548485,0.9402829,0.9382097,0.95610046,0.9550199,0.92087495,0.93915826,0.94033414,0.94566995,0.9421787,0.9373363,0.94935286,0.9688791,0.93594044,0.9369188,0.9520269,0.9493691
bernadettefilm,0.95449495,0.94740826,0.963429,0.96027917,0.96951574,0.94182575,0.95612764,0.9655585,0.98024166,0.956067,0.96080464,0.9477158,0.9652395,0.96119857,0.97215897,0.9581493,0.96630675,0.9688578,0.9431755,0.94611573,0.99999994,0.96870756,0.9668339,0.97244066,0.95776623,0.8397986,0.9600542,0.9605393,0.96656394,0.9493467,0.95763516,0.95918477,0.961074,0.951457,0.94442415,0.93173504,0.96832925,0.95132357,0.94978184,0.9582427,0.96094847,0.9657413,0.9421648,0.9598914,0.96440077,0.9564184,0.96400285,0.96710914,0.9470924,0.9641238,0.9699229,0.9764806,0.9663375,0.9546984,0.9499605,0.96071565,0.95536387,0.9646955,0.95627266,0.95467716,0.9708238,0.9634593,0.9382533,0.9689634,0.96609825,0.94876677,0.9448301,0.97371775,0.94961673,0.94615585,0.95735955,0.77246666,0.922126,0.9636574,0.9429326,0.9457015,0.9262532,0.9681014,0.95064205,0.9429168,0.959999,0.9375999,0.96590143,0.95366216,0.9422714,0.95794576,0.95698565,0.96728873,0.94702506,0.9668483,0.96006185,0.95735955,0.952218,0.9562679,0.96825224,0.9664313,0.95954794,0.96417075,0.9566953,0.9623389,0.95850205,0.9544771,0.95247334,0.96561974,0.9581668,0.9666474,0.9578953,0.9565183,0.97208977,0.9503018,0.9633118,0.77115965,0.9740594,0.8920707,0.9692192,0.9612378,0.9629103,0.95317453,0.97047365,0.9449505,0.9484835,0.9615326,0.9627313,0.94662005,0.9685826,0.9618458,0.9642713,0.94978756,0.94067883,0.9415025,0.97545356,0.9473658,0.96229255,0.93263614,0.95897126,0.9362816,0.9574384,0.96340173,0.9491042,0.95856065,0.98024166,0.9645762,0.9465825,0.9631381,0.9458975,0.9739251,0.95337677,0.9369225,0.96110934,0.9496632,0.9530659,0.960526,0.9657407,0.93819565,0.94690955,0.9479308,0.95716596,0.94048655,0.9524206,0.958924,0.98024166,0.95056564,0.97046983,0.967744,0.9703848
