movie,21bridgesmovie,47metersdown,abeautifuldaymovie,abominablemovie,adastramovie,adogsjourneymovie,aftermathmovie,aftermovie,ahiddenlifefilm,alitamovie,angelhasfallen,angrybirdsmovie,annabellemovie,annamovie,apollo11movie,arcticdogsmovie,arcticmovie,artofracingmovie,avengers,beachbummovie,bernadettefilm,blackandbluemovie,blackchristmas,blindedbythelightmovie,bombshellmovie,booksmart,breakthroughmovie,brianbanksmovie,brightburnmovie,brittanyrunsmov,captainmarvelofficial,captivestatemovie,catsmovie,charliesangels,childsplaymovie,clarathefilm,coldpursuitmovie,countdown,currentwarmovie,darkwatersmovie,detectivepikachumovie,disneyaladdin,disneyfrozen,disneymaleficent,doctorsleepmovie,dolemiteismyname,dontletgomovie,doramovie,downtonabbey_official,dumbo,escaperoom,everybodyknowsmovie,fastandfuriousmovie,fightingwmyfam,fivefeetapartfilm,fordvferrari,freaksthefilm,geminimanmovie,glassmovie,gloriabellmovie,godzillamovie,goldfinchmovie,goodboysmovie,goodliarmovie,gretafilm,halathemovie,happydeathdaymovie,harrietfilm,hellboymovie,hersmellmovie,highlifemovie,highstrungmovie,honeyboymovie,hotelmumbaifilm,httydragon,hustlemovie,hustlersmovie,isntitromantic,itmovieofficial,jayandsilentbob,johnwickmovie,jojorabbitmovie,jokermovie,judythefilm,jumanjimovie,justmercyfilm,knivesout,lalloronamovie,lastblackmansf,lastchristmasthemovie,latenightmovie,lighthousemovie,lionking,littlethemovie,littlewomenmovie,littlewoodsfilm,longshotmovie,lordsofchaosmovie,lucyintheskyfilm,mamovie2019,marriagestory,meettheaddams,meninblack,midsommarmovie,midwaymovie,missbalamovie,missinglinkfilm,motherlessbklyn,onceinhollywood,onthebasisofsex,overcomermovie,peanutbutterfalcon,petsematarymovie,piercingmovie,playingwithfire,playmobilthemovie,pomsmovie,queenandslim,rambomovie,readyornotfilm,richardjewellfilm,rocketmanmovie,scarystoriesmovie,secretlifeofpets,serenityfilm,shaftmovie,shazammovie,spidermanmovie,spiesindisguise,starwars,stormboymovie,stubermovie,taosdfilm,teenspiritmov,terminator,theaeronautsmov,thebestofenemies,thedeaddontdie,thefarewell,thehighwaymen,thehummingbirdprojectfilm,theintrudermovie,theirishmanfilm,thekitchenmovie,thelegomovie,themustangfilm,thenightingalefilm,theprodigymovie,thesunisalsoastar,theupsidefilm,tolkienmovie,toystory,triplefrontier,uglydolls,uncutgems,underthesilverlake,usmovie,wavesmovie,whatmenwant,wonderparkmovie,wrinklestheclown,xmenmovies,yardiefilm,yesterdaymovie,zombieland
21bridgesmovie,0.99999994,0.95573646,0.96982783,0.95333105,0.9535421,0.960004,0.97157496,0.96526754,0.9819428,0.9594662,0.9658621,0.9640069,0.96314013,0.97018474,0.9748615,0.9680191,0.96195585,0.9486917,0.98468775,0.9605384,0.9588973,0.9658152,0.95717937,0.95488924,0.96004736,0.8205509,0.9612689,0.9723759,0.9602008,0.96536344,0.9754138,0.9679557,0.9515994,0.95890707,0.9433366,0.9196872,0.965363,0.96524125,0.9696635,0.9487156,0.9570282,0.9692103,0.95595676,0.9629357,0.975098,0.9587809,0.9544527,0.9594221,0.9688845,0.96912444,0.9692642,0.97310317,0.94867676,0.94619167,0.9521235,0.9657404,0.9605089,0.96414614,0.965928,0.96158963,0.94951004,0.96043813,0.96313864,0.96350396,0.964643,0.9602703,0.96333027,0.95809597,0.9587988,0.9488956,0.96752954,0.7458742,0.9624744,0.96937865,0.9537805,0.9403054,0.9078897,0.9467605,0.9591895,0.97168136,0.9711807,0.9586569,0.97294587,0.9714241,0.97271883,0.9444251,0.9603403,0.9612832,0.96394217,0.96099204,0.96508145,0.96752954,0.9761019,0.96267086,0.9633612,0.9601036,0.9493109,0.9582094,0.9612837,0.96515393,0.9643953,0.9481058,0.9539682,0.9594381,0.9624642,0.9645,0.9718911,0.96040356,0.9564246,0.9517046,0.9702317,0.80824625,0.9691197,0.9195589,0.9615044,0.9765752,0.99201936,0.96695274,0.96954113,0.9635954,0.9659854,0.9687954,0.9677631,0.9501555,0.96461046,0.9524179,0.9685244,0.96707124,0.95972985,0.92160743,0.96797293,0.9489091,0.96861947,0.9569775,0.9615714,0.9662353,0.9667236,0.9654006,0.9726536,0.9626175,0.9819428,0.9695403,0.95428306,0.95896363,0.963941,0.95849836,0.96003014,0.95115405,0.9610465,0.98209816,0.97318196,0.9660098,0.9674361,0.9234,0.9510918,0.95951176,0.95643914,0.96407026,0.96114427,0.96140486,0.9819428,0.9517456,0.97035605,0.962138,0.96612775
47metersdown,0.95573646,0.9999998,0.9586171,0.9523735,0.9635153,0.9617749,0.96982694,0.9550157,0.9750363,0.9534366,0.9564502,0.9625223,0.95414954,0.97077954,0.960358,0.9582826,0.94233495,0.9462827,0.9461856,0.9591834,0.95246106,0.9583417,0.9557583,0.9517064,0.9555086,0.8139742,0.94684803,0.9576524,0.94845486,0.9490989,0.9587813,0.96132565,0.938827,0.94626004,0.9351278,0.9213402,0.9669242,0.9632333,0.9499966,0.9640477,0.93886757,0.9531902,0.9553042,0.9471536,0.95924157,0.9615502,0.94756955,0.95253444,0.9638835,0.9568034,0.96173275,0.9675105,0.95056194,0.9443041,0.94122136,0.9605026,0.9454793,0.9664396,0.96134466,0.9507701,0.93746984,0.9495856,0.9401676,0.9548986,0.95634604,0.94993883,0.9429941,0.9551087,0.94412434,0.93923706,0.9603939,0.6785211,0.95497525,0.9652919,0.94659036,0.95255524,0.88575965,0.93122894,0.9545095,0.93168,0.9627693,0.9561493,0.9622794,0.95183486,0.95463675,0.95859396,0.95682704,0.9480261,0.9608669,0.9589641,0.9596439,0.9603939,0.9506923,0.93889946,0.95846516,0.9603626,0.945014,0.94521964,0.9551625,0.9475616,0.9629201,0.94204277,0.95675325,0.9610986,0.9651762,0.9600682,0.9620333,0.94981277,0.9586462,0.9479763,0.9564171,0.8154535,0.9563851,0.8849265,0.9557671,0.9606561,0.97137064,0.94211453,0.9689501,0.96729314,0.9630152,0.96325713,0.95684683,0.9535014,0.96408594,0.94782406,0.9566208,0.937855,0.95068073,0.9004371,0.95545274,0.9468665,0.94900596,0.944198,0.9653374,0.94434327,0.9490857,0.94356585,0.95797306,0.9600817,0.9750363,0.9586427,0.95804596,0.94985515,0.93694067,0.9536564,0.9543358,0.9549762,0.9558229,0.96041745,0.956634,0.9519081,0.95681703,0.9167312,0.949773,0.9500241,0.96327394,0.94933283,0.9412349,0.95140123,0.9750363,0.94980294,0.96106297,0.9556504,0.951952
abeautifuldaymovie,0.96982783,0.9586171,1.0,0.9530245,0.9661993,0.9685754,0.9736301,0.9667116,0.98576266,0.951836,0.9731281,0.9777239,0.9735006,0.97114825,0.9687964,0.9707817,0.95678633,0.9607248,0.9640986,0.96310884,0.96916676,0.9800404,0.96749437,0.96012515,0.9652045,0.8560072,0.9603091,0.957152,0.98546726,0.96520126,0.9708591,0.96270174,0.94729894,0.9680103,0.95612353,0.93670887,0.97611034,0.9747739,0.97298473,0.9498722,0.9674434,0.9654342,0.94658995,0.9645089,0.9757309,0.97213817,0.96706885,0.96643233,0.9678001,0.96589285,0.9883579,0.9704394,0.94883347,0.97364426,0.9563509,0.9671024,0.955766,0.96984,0.9719208,0.9629433,0.9552401,0.96000916,0.9683246,0.969181,0.9637856,0.97445565,0.9596643,0.9619965,0.95330054,0.9565888,0.9702258,0.73413306,0.9727441,0.96521264,0.9687075,0.9600735,0.9349606,0.9641577,0.9714406,0.96725255,0.95790285,0.9663352,0.98039085,0.9737647,0.9805891,0.96476376,0.9623412,0.9683076,0.9813252,0.97438824,0.9591213,0.9702258,0.9695323,0.9654827,0.9817493,0.9640715,0.9536252,0.9573784,0.97115636,0.9610316,0.9683451,0.96405554,0.9721728,0.9715656,0.9613892,0.98746306,0.97303313,0.9653484,0.9705913,0.9529882,0.9703884,0.8406628,0.96362185,0.9125619,0.96512777,0.97927755,0.97471297,0.9746788,0.96190625,0.9641132,0.97128963,0.97229624,0.97143215,0.9539848,0.96232605,0.9757862,0.97067595,0.97696894,0.9718532,0.93056935,0.977777,0.9585945,0.9538587,0.95352995,0.97138774,0.9600501,0.96657693,0.9549994,0.9762618,0.9734555,0.98576266,0.9759277,0.96923083,0.96575487,0.9613505,0.9608232,0.9634132,0.96488893,0.96753424,0.967635,0.96988416,0.9723465,0.96820515,0.926825,0.95938563,0.95827276,0.96586674,0.9692271,0.96299314,0.963905,0.98576266,0.96467555,0.96494013,0.9673058,0.986371
abominablemovie,0.95333105,0.9523735,0.9530245,1.0,0.96381265,0.9567104,0.9639008,0.9509705,0.96848094,0.954765,0.9573833,0.9486752,0.9670303,0.96357423,0.94875103,0.95388937,0.9483371,0.9501871,0.9395285,0.9610002,0.9489387,0.95366603,0.95005494,0.9522152,0.95223266,0.827815,0.95244974,0.9530633,0.9430441,0.9477739,0.9564878,0.95608294,0.94005615,0.9522349,0.9387323,0.92830426,0.9534497,0.9589941,0.94349974,0.9527554,0.9547858,0.9474137,0.9357912,0.94762784,0.97199917,0.95942104,0.9442756,0.96712536,0.95327073,0.9528215,0.9518938,0.9633625,0.94525486,0.93253094,0.92239887,0.9611856,0.92765135,0.96685606,0.96552134,0.9502242,0.9502621,0.95809186,0.9466817,0.95934093,0.96303856,0.9411944,0.9418601,0.9589411,0.956751,0.93072903,0.9542476,0.68355733,0.9402806,0.95142394,0.9536341,0.9461229,0.89202434,0.95155567,0.9542356,0.9478036,0.9530666,0.96844894,0.95959884,0.945445,0.9520132,0.9548574,0.964819,0.94490904,0.9544923,0.9570117,0.95431215,0.9542476,0.96293557,0.9300112,0.94952434,0.9595567,0.9562346,0.9626721,0.9445501,0.94944113,0.946863,0.952372,0.9434055,0.9602903,0.9493413,0.9472955,0.96534514,0.9508268,0.93759763,0.9473643,0.9557862,0.81572664,0.97337985,0.9126248,0.95621896,0.9542904,0.96582574,0.9520014,0.9522775,0.9637329,0.95687485,0.96139,0.9416205,0.95140356,0.94699174,0.934592,0.95964795,0.9369362,0.94460964,0.9011017,0.9479806,0.9418108,0.9460711,0.9261061,0.96590054,0.94804263,0.94554365,0.9491049,0.9542206,0.95049554,0.96848094,0.9496531,0.94758224,0.9470716,0.9385813,0.9524928,0.94980013,0.95488876,0.96515185,0.95010644,0.95760757,0.94142634,0.95446587,0.8983221,0.95461303,0.9425448,0.95450634,0.94476354,0.94449234,0.9526295,0.96848094,0.95028824,0.96551746,0.9561249,0.9505163
adastramovie,0.9535421,0.9635153,0.9661993,0.96381265,1.0000001,0.9666714,0.9653479,0.9572724,0.9825732,0.9732998,0.9743532,0.956004,0.96799266,0.9696632,0.9569276,0.9659814,0.9644783,0.98407185,0.9495395,0.9643342,0.97036064,0.95931304,0.96339315,0.964674,0.9588372,0.8319291,0.97797084,0.95991987,0.95656425,0.95746726,0.95932436,0.960618,0.9479485,0.96212965,0.9570612,0.94795763,0.9621251,0.9576696,0.96535397,0.95404893,0.95711184,0.96255517,0.9391379,0.96051306,0.9674276,0.96346384,0.9613412,0.95856375,0.9687584,0.96467817,0.96783465,0.96421707,0.9601713,0.9491374,0.93540525,0.98226696,0.95372254,0.9713078,0.96962136,0.9660848,0.94677144,0.96237,0.95471513,0.96685225,0.96228844,0.96405506,0.96863693,0.9538454,0.9569447,0.9672486,0.9753298,0.7110272,0.95790833,0.9593478,0.9651441,0.96524084,0.8964272,0.9667972,0.9614307,0.948631,0.96176046,0.961417,0.97434926,0.9707933,0.9570512,0.9592356,0.9649807,0.96185267,0.9694944,0.97486717,0.9700188,0.9753298,0.9604919,0.95251673,0.96016544,0.9665245,0.94670844,0.9672254,0.9573058,0.96228564,0.9649508,0.9606669,0.96967536,0.9690826,0.9536098,0.9641864,0.9669475,0.95920694,0.9609829,0.9470528,0.97332215,0.8283516,0.9685693,0.91783017,0.96703327,0.95880765,0.96447635,0.96015817,0.9654074,0.9602876,0.9735501,0.96185786,0.9624456,0.9614416,0.95842,0.9633784,0.9671027,0.94932353,0.97670436,0.9157675,0.9696812,0.97351575,0.95576346,0.95230556,0.9667847,0.9615731,0.9569522,0.9540524,0.9708868,0.9731533,0.9825732,0.96029246,0.9583254,0.9524826,0.9514871,0.9594276,0.95629656,0.9699331,0.96571976,0.95745254,0.96737814,0.9518271,0.97052145,0.927623,0.95711094,0.9702365,0.9729611,0.9625953,0.95784837,0.9592349,0.9825732,0.9717058,0.96123135,0.97392875,0.9602635
adogsjourneymovie,0.960004,0.9617749,0.9685754,0.9567104,0.9666714,1.0,0.96918756,0.9510971,0.9773171,0.95600975,0.96302825,0.9688739,0.9616855,0.9750614,0.95957875,0.9582015,0.9514322,0.9507991,0.9504145,0.95569116,0.9634001,0.9552827,0.968863,0.95116496,0.9589965,0.8286494,0.95774245,0.95794487,0.95002806,0.95249486,0.9592164,0.9498601,0.95771724,0.9547455,0.9417718,0.9373596,0.9680792,0.95918775,0.9541205,0.9507524,0.95014375,0.96031976,0.95329916,0.95166826,0.96908635,0.96160614,0.96394753,0.9641799,0.9547716,0.9555335,0.96426344,0.9614667,0.95843166,0.94750595,0.92679554,0.9623497,0.93676955,0.96637374,0.9657542,0.9492606,0.943006,0.95697075,0.95623404,0.96964526,0.95574653,0.95052654,0.94583493,0.9518053,0.94968617,0.9492744,0.9561786,0.7052041,0.9602484,0.9669185,0.96823204,0.9463107,0.8994489,0.93959254,0.9619919,0.94428843,0.96223474,0.95438415,0.9690262,0.9590375,0.9552123,0.9641539,0.9639932,0.9593688,0.9571818,0.9608922,0.95182014,0.9561786,0.95727915,0.9449812,0.9614708,0.95558465,0.9456985,0.95315915,0.95017457,0.9731177,0.96303433,0.9563352,0.96047544,0.95611006,0.96076536,0.9616774,0.97261,0.95609933,0.95127857,0.9552477,0.9613445,0.82895166,0.9594699,0.9086407,0.96399075,0.9586494,0.9653137,0.96384805,0.96366423,0.96860063,0.96592486,0.96490437,0.95415515,0.96445906,0.9512071,0.9538847,0.96788615,0.95160127,0.96240944,0.92554545,0.96682537,0.9632074,0.9554434,0.96273017,0.9659503,0.9523999,0.95624584,0.94818956,0.95491695,0.9634529,0.9773171,0.9593215,0.9613336,0.9594124,0.95338184,0.9537097,0.95613074,0.95161724,0.9620148,0.96415526,0.95603436,0.95472515,0.9597908,0.93157965,0.9587448,0.94857657,0.97918874,0.9606561,0.9392303,0.9567426,0.9773171,0.9583801,0.9610198,0.9716153,0.9602523
aftermathmovie,0.97157496,0.96982694,0.9736301,0.9639008,0.9653479,0.96918756,0.99999994,0.9686688,0.9882408,0.95972055,0.96849096,0.9670678,0.96929663,0.9788981,0.97921926,0.9803541,0.9649632,0.9567586,0.9629366,0.96779317,0.9623459,0.97289115,0.9729411,0.9697117,0.97277904,0.8328836,0.96478736,0.96506536,0.95906746,0.95986193,0.9726363,0.97548306,0.9622858,0.96373326,0.95202136,0.9365252,0.97791064,0.96193844,0.97086346,0.9703192,0.9626167,0.9648198,0.95368963,0.95645815,0.97594583,0.9754232,0.9654284,0.9728084,0.9749402,0.96447617,0.97110677,0.97765434,0.9601363,0.9541318,0.94146574,0.97048074,0.94945586,0.97660345,0.97249824,0.9599515,0.95903456,0.9635518,0.96437746,0.9724006,0.969343,0.964316,0.9627995,0.9668861,0.962389,0.9488669,0.96837443,0.71537775,0.9601239,0.9779458,0.9623157,0.9681971,0.9040735,0.95859796,0.968601,0.9602253,0.9703744,0.9749848,0.9765029,0.9695463,0.96545124,0.96412367,0.9607659,0.9663835,0.9656882,0.97436124,0.96680105,0.96837443,0.9713839,0.9549716,0.9703426,0.9721817,0.96136165,0.96288407,0.9753906,0.9694861,0.97105217,0.96190864,0.96326095,0.9708154,0.9612223,0.9696163,0.97966915,0.963976,0.9680892,0.96363384,0.9733749,0.80586535,0.973631,0.9162174,0.97284144,0.9722114,0.9764775,0.95825833,0.9737299,0.9914379,0.97202563,0.97150916,0.9655253,0.9556917,0.97457623,0.96223855,0.97160167,0.9570288,0.9714969,0.9164845,0.9649837,0.9627564,0.9670442,0.96596193,0.9745081,0.96106267,0.9565428,0.9571284,0.96709055,0.9718581,0.9882408,0.96870816,0.96865666,0.9588816,0.9520958,0.9596344,0.97157323,0.96133983,0.96749216,0.9733792,0.9845183,0.96354294,0.97329575,0.9382011,0.9466662,0.95869327,0.96922874,0.96335727,0.95718646,0.97137696,0.9882408,0.9680418,0.97543424,0.97571355,0.96303767
aftermovie,0.96526754,0.9550157,0.9667116,0.9509705,0.9572724,0.9510971,0.9686688,1.0000002,0.9815193,0.94775444,0.96632767,0.962231,0.96657467,0.96860874,0.9658157,0.95978934,0.95647335,0.9575296,0.9605221,0.9617589,0.9563287,0.96873075,0.9568033,0.9645979,0.97130775,0.8297927,0.9617545,0.96120155,0.965725,0.960067,0.9726585,0.9684963,0.9517699,0.96499014,0.9407799,0.91698897,0.9645774,0.95649064,0.9615132,0.962205,0.95303017,0.968479,0.9496776,0.9618851,0.9660638,0.9590518,0.9563467,0.96250904,0.96398,0.96609086,0.9738014,0.97324175,0.9411553,0.95838726,0.9575642,0.9624723,0.9531985,0.9709836,0.966752,0.96616995,0.95196134,0.96361464,0.9599466,0.9627832,0.9674445,0.9708977,0.9546233,0.9606138,0.9536485,0.94681585,0.9743431,0.7062613,0.96255505,0.9682953,0.9446481,0.96596575,0.89187694,0.95977587,0.9465659,0.9584316,0.9561254,0.95599955,0.96674484,0.9595346,0.9752504,0.95521986,0.95618874,0.95375246,0.97252,0.97205454,0.9649519,0.9743431,0.97094905,0.9559187,0.96146446,0.94971603,0.9593712,0.9554918,0.9508336,0.9498901,0.9562157,0.94837624,0.9535052,0.9738333,0.9569413,0.97035605,0.96674424,0.9610608,0.9541456,0.9561583,0.9674643,0.7849719,0.9635495,0.90500885,0.9558464,0.9723326,0.97247887,0.95117736,0.9711406,0.95966095,0.96662676,0.97427917,0.9656145,0.9493953,0.9683728,0.9592576,0.9547726,0.9565006,0.96812326,0.9181738,0.96605265,0.96218175,0.9600455,0.9448268,0.9607712,0.9587338,0.95503867,0.9676102,0.9717282,0.96642077,0.9815193,0.97018474,0.955378,0.9560239,0.9519465,0.9566134,0.96775556,0.94603044,0.96631247,0.96860796,0.9667865,0.9688398,0.96579856,0.93407005,0.9600206,0.96242845,0.951059,0.9680173,0.9656311,0.9662016,0.9815193,0.95058024,0.9684973,0.9513596,0.96916
ahiddenlifefilm,0.9819428,0.9750363,0.98576266,0.96848094,0.9825732,0.9773171,0.9882408,0.9815193,1.0000002,0.9734289,0.9842377,0.9791879,0.98016536,0.985561,0.9813615,0.98095584,0.9779436,0.97514236,0.97759366,0.97766715,0.978171,0.98390007,0.97671,0.97702366,0.9744087,0.8342936,0.98218626,0.97900593,0.9790572,0.9729588,0.98410463,0.98104745,0.9660742,0.97866046,0.96209174,0.94483966,0.98604476,0.9745183,0.98265624,0.9719045,0.97306585,0.98386836,0.9656812,0.97893846,0.9865141,0.98157084,0.973663,0.97997767,0.98381484,0.9822098,0.98834884,0.9847024,0.96791357,0.974015,0.9621302,0.9828441,0.9697458,0.9871009,0.9829828,0.97730476,0.96361196,0.97603405,0.9761644,0.9781033,0.9806511,0.9836406,0.9762304,0.9728812,0.9730458,0.9690319,0.9858542,0.7321914,0.9763272,0.98226875,0.9688237,0.9738702,0.91523534,0.9729877,0.97523123,0.9739943,0.9784497,0.9750669,0.98537344,0.9805126,0.9828183,0.9712478,0.9750262,0.9765636,0.9847214,0.9871706,0.97847396,0.9858542,0.98392576,0.9723507,0.9825837,0.9748678,0.9696433,0.9753224,0.9755365,0.97328264,0.98026717,0.97362405,0.9795997,0.983883,0.97438437,0.9868473,0.9861793,0.97308093,0.97227,0.964777,0.98512083,0.8238054,0.98147744,0.9259485,0.9812702,0.98449445,0.98789907,0.9749305,0.9848502,0.9800691,0.9813138,0.9852548,0.982418,0.96761096,0.9812314,0.97825503,0.9785957,0.97644466,0.98537725,0.93616354,0.9840356,0.9758841,0.97863066,0.9694112,0.98259974,0.975481,0.97460777,0.97322154,0.98717815,0.9857572,1.0000002,0.9841679,0.97614586,0.9686672,0.9661361,0.9705904,0.9737406,0.9733151,0.9776031,0.98081595,0.9847992,0.9798351,0.9833849,0.94171566,0.97132325,0.9770146,0.97813874,0.98174536,0.9739105,0.97891605,1.0000002,0.9783754,0.98220205,0.98105055,0.98371285
alitamovie,0.9594662,0.9534366,0.951836,0.954765,0.9732998,0.95600975,0.95972055,0.94775444,0.9734289,1.0,0.9634432,0.94338906,0.9597647,0.96455336,0.9476664,0.95225435,0.9559167,0.9661797,0.95278656,0.9455194,0.95527977,0.9556752,0.96006984,0.9562986,0.9483703,0.8195103,0.9605081,0.9643176,0.9522434,0.94235146,0.96489984,0.95614696,0.95156044,0.95938855,0.9449374,0.9367068,0.95610577,0.95190465,0.95577514,0.94773245,0.95437676,0.9592364,0.9429446,0.95203805,0.96350205,0.95226,0.95414513,0.9530456,0.9671871,0.95933545,0.95862556,0.9588789,0.95319754,0.93414634,0.9292384,0.9773884,0.9585578,0.9651619,0.9561812,0.95450735,0.9330096,0.952751,0.94737965,0.95680493,0.9542578,0.951403,0.954571,0.9490876,0.9514232,0.9456167,0.96430737,0.71715945,0.9532098,0.95965976,0.95918655,0.94548696,0.89299273,0.9515,0.9487291,0.9569468,0.95002013,0.95064133,0.9684401,0.9598495,0.9464653,0.9509474,0.9469119,0.9603015,0.95469916,0.9614689,0.95755917,0.96430737,0.9622059,0.95642966,0.95378536,0.9553649,0.9351593,0.94942945,0.9509959,0.9535148,0.95531803,0.94108105,0.9570823,0.96400195,0.9542716,0.9520928,0.9662996,0.93462324,0.94270295,0.94468194,0.9599189,0.8431576,0.97110385,0.9265095,0.9609746,0.9529363,0.96559864,0.9564983,0.9576326,0.95480764,0.95689213,0.96686304,0.95720476,0.95736206,0.9551923,0.95246756,0.9639275,0.95437425,0.96649545,0.92711025,0.95693725,0.963704,0.9624926,0.9397318,0.96689266,0.9510304,0.9556923,0.94425756,0.96202004,0.9604857,0.9734289,0.9622046,0.93428683,0.9498992,0.9616616,0.95307374,0.9517529,0.9526979,0.94808525,0.96101665,0.95766646,0.9436824,0.9668665,0.90862477,0.9505043,0.95181185,0.9645673,0.9546045,0.9641459,0.9610119,0.9734289,0.96415174,0.9538147,0.9683787,0.9542892
angelhasfallen,0.9658621,0.9564502,0.9731281,0.9573833,0.9743532,0.96302825,0.96849096,0.96632767,0.9842377,0.9634432,0.9999998,0.9514484,0.968088,0.97603226,0.966999,0.9701539,0.9666765,0.96867,0.95905244,0.96430254,0.9687325,0.9672547,0.9584777,0.9668126,0.96422255,0.84952104,0.9808514,0.96369016,0.9657094,0.9632426,0.9678008,0.9728649,0.95949143,0.96537,0.94557416,0.92340535,0.96906763,0.96219045,0.969235,0.95772624,0.96287864,0.96790266,0.94846195,0.97054434,0.97077715,0.9642631,0.95280844,0.9704805,0.9703109,0.97467124,0.97341913,0.9755512,0.94412243,0.9573117,0.93742734,0.977432,0.9610614,0.9763323,0.9698057,0.96330285,0.95643693,0.96981573,0.9692031,0.96436024,0.9732837,0.97437155,0.96712184,0.9621266,0.97204334,0.95355695,0.969671,0.73112726,0.9731375,0.96412754,0.95786494,0.9721068,0.9009396,0.9657945,0.96519685,0.9615526,0.9733376,0.95707226,0.96339655,0.9713971,0.96722794,0.96446824,0.96492875,0.96208555,0.9757463,0.97393143,0.97066104,0.969671,0.9721205,0.9685981,0.96827406,0.9720698,0.971544,0.9671149,0.94996303,0.9514924,0.96857715,0.959019,0.9678123,0.9636733,0.9504345,0.96985817,0.9742245,0.9595382,0.96059585,0.9506631,0.97701335,0.8119465,0.96445507,0.9059237,0.9731772,0.9791982,0.97409564,0.9580904,0.96691346,0.9616281,0.9698432,0.9712305,0.9668524,0.95364326,0.96578896,0.9757547,0.9659571,0.9602523,0.9716344,0.9309842,0.97071946,0.9584224,0.9609367,0.9538504,0.9679455,0.96814597,0.9505358,0.9663315,0.96894926,0.9688035,0.9842377,0.9739147,0.9589246,0.9447768,0.9478936,0.95651966,0.94818383,0.9678528,0.9603007,0.9652431,0.9692486,0.9581323,0.96710044,0.9339305,0.9545106,0.9619333,0.9665168,0.9617863,0.9630734,0.96409434,0.9842377,0.9747882,0.96976835,0.9700104,0.9688151
angrybirdsmovie,0.9640069,0.9625223,0.9777239,0.9486752,0.956004,0.9688739,0.9670678,0.962231,0.9791879,0.94338906,0.9514484,0.99999994,0.9565017,0.96595705,0.9564912,0.96175766,0.95472336,0.93633485,0.96084505,0.95803976,0.9596128,0.97150695,0.9540295,0.94984853,0.9596926,0.82206196,0.950271,0.95726055,0.9634094,0.9590207,0.9659525,0.9541304,0.9334751,0.9577698,0.9523232,0.93496066,0.96833545,0.96104115,0.96090376,0.95578957,0.9542417,0.95755035,0.9427898,0.9504456,0.97029346,0.9594895,0.95175314,0.9587945,0.9610001,0.950789,0.9786615,0.96761197,0.9381021,0.95448303,0.94662124,0.94780564,0.9400633,0.9626823,0.9674808,0.95680505,0.9438612,0.9593353,0.9518432,0.9699199,0.96007895,0.96021193,0.94529885,0.9555253,0.9383708,0.95400226,0.9649082,0.7340506,0.95679396,0.9613687,0.9566677,0.95139956,0.9207772,0.9480861,0.9599289,0.95384187,0.95022076,0.9519197,0.97542524,0.95613605,0.9723249,0.9604208,0.9625839,0.9525553,0.966349,0.96176726,0.9544539,0.9649082,0.95915294,0.9434332,0.97181785,0.9487136,0.9483464,0.9503182,0.96725464,0.95446634,0.95699733,0.9656825,0.97159225,0.9720352,0.963531,0.97490567,0.9682576,0.969727,0.96218044,0.95695764,0.9610211,0.8249917,0.960605,0.9131922,0.95081556,0.96529925,0.96923417,0.9633364,0.9598056,0.9583251,0.9677739,0.9680276,0.95168054,0.94721776,0.9546441,0.94869244,0.9529471,0.96064276,0.9585671,0.916797,0.971176,0.9567022,0.9554489,0.9571671,0.95981073,0.95383835,0.96309656,0.9510546,0.974907,0.9659452,0.9791879,0.96715796,0.9638155,0.97482634,0.9489001,0.9500155,0.96519816,0.95941067,0.9723458,0.9616733,0.9648617,0.9609287,0.96116436,0.91578084,0.96005213,0.9615964,0.95055807,0.966219,0.946117,0.95710886,0.9791879,0.948775,0.9584736,0.95329314,0.97426635
annabellemovie,0.96314013,0.95414954,0.9735006,0.9670303,0.96799266,0.9616855,0.96929663,0.96657467,0.98016536,0.9597647,0.968088,0.9565017,1.0000004,0.968603,0.9547678,0.96303433,0.96219957,0.96414375,0.9501791,0.95559233,0.96245444,0.9618602,0.9628412,0.95792055,0.96613836,0.8520633,0.9615342,0.96237725,0.96584743,0.953935,0.96436614,0.9651269,0.94727886,0.97051173,0.9486427,0.92523694,0.96475893,0.97609425,0.9566587,0.9505031,0.9620146,0.9614097,0.9463508,0.9605191,0.9707771,0.9680973,0.96025646,0.96619606,0.96374226,0.96309566,0.97136307,0.96948314,0.9524484,0.9616651,0.9539535,0.9763603,0.9505115,0.96727854,0.96748257,0.96224385,0.96758884,0.95818377,0.9548312,0.96174794,0.9679124,0.9641309,0.9529538,0.9703367,0.9638152,0.9370846,0.9722645,0.7172682,0.95666295,0.9643253,0.9562535,0.95172817,0.9144142,0.9641919,0.9600396,0.9610763,0.953631,0.9789116,0.97295314,0.96030927,0.9708039,0.9580097,0.96846294,0.98257023,0.97440547,0.96736145,0.96209615,0.9722645,0.96785104,0.9485571,0.96926606,0.95245147,0.95976007,0.95463544,0.9489012,0.95733,0.9618098,0.95253307,0.9523263,0.97598135,0.95561755,0.96651244,0.96654636,0.9584475,0.9535249,0.94344395,0.9705035,0.8355873,0.96364284,0.923565,0.96122575,0.97048205,0.9688826,0.9537873,0.96233916,0.9688538,0.9764644,0.97374195,0.9674478,0.94764787,0.9627368,0.95795417,0.9788479,0.95624274,0.96113485,0.912924,0.9641953,0.95239234,0.962562,0.95158786,0.95996076,0.95969117,0.95375377,0.955911,0.97224253,0.96585405,0.98016536,0.9624255,0.96318287,0.9559906,0.96173185,0.95903426,0.95519966,0.96287704,0.9678578,0.95935124,0.96956545,0.95481044,0.96885574,0.9309423,0.95879734,0.9623674,0.96591413,0.9628784,0.95683473,0.95377696,0.98016536,0.95609653,0.9644558,0.9609072,0.97456723
annamovie,0.97018474,0.97077954,0.97114825,0.96357423,0.9696632,0.9750614,0.9788981,0.96860874,0.985561,0.96455336,0.97603226,0.96595705,0.968603,1.0000002,0.96736103,0.97084916,0.96213794,0.95945495,0.9646834,0.96769005,0.9637292,0.965647,0.97122914,0.9666704,0.9669367,0.81934774,0.9657946,0.96900713,0.9617073,0.9677868,0.973254,0.971583,0.9725733,0.9590765,0.94255245,0.92738515,0.9762626,0.9611106,0.9600759,0.96708596,0.9566802,0.97100866,0.9596009,0.9677239,0.97812515,0.96602404,0.96398383,0.9656504,0.96632797,0.972731,0.9714709,0.97902024,0.9545688,0.95053947,0.9436017,0.97555584,0.9593596,0.9751487,0.97193164,0.9628166,0.95291466,0.96097285,0.9652028,0.9817118,0.9670302,0.97035265,0.9651535,0.96571904,0.9613899,0.957315,0.97292733,0.7231224,0.97285354,0.9710364,0.95645297,0.9605859,0.899435,0.9518509,0.96502656,0.95994693,0.9703131,0.965132,0.9738924,0.96780413,0.9666381,0.9681784,0.9660342,0.9636073,0.9719822,0.9729106,0.96655536,0.97292733,0.96823674,0.96166635,0.9682695,0.95676017,0.96308196,0.9604013,0.9626049,0.9694187,0.97003114,0.9595157,0.9661874,0.9690758,0.97779787,0.9688431,0.9760094,0.9653194,0.9570381,0.9612028,0.97058517,0.80695266,0.97251225,0.9080172,0.97060525,0.97166556,0.9797859,0.9608569,0.9695184,0.9754352,0.9690296,0.9773015,0.97744554,0.96567065,0.9650873,0.95711386,0.9739658,0.9537905,0.96057427,0.9286195,0.9665762,0.957695,0.96163577,0.9581589,0.975393,0.96571517,0.9562222,0.9708625,0.9727363,0.9710911,0.985561,0.97115326,0.9595718,0.96082133,0.95300263,0.95979255,0.95933807,0.9654299,0.9696739,0.96770126,0.96984184,0.96226,0.97131115,0.93026507,0.9659118,0.9653786,0.9761814,0.967102,0.9635908,0.97069526,0.985561,0.9643549,0.98339796,0.9715512,0.9691536
apollo11movie,0.9748615,0.960358,0.9687964,0.94875103,0.9569276,0.95957875,0.97921926,0.9658157,0.9813615,0.9476664,0.966999,0.9564912,0.9547678,0.96736103,1.0000001,0.9682318,0.94962066,0.9492135,0.9623934,0.9753719,0.9570573,0.9638344,0.9614094,0.96539277,0.9636851,0.8129528,0.96440786,0.95992726,0.9552082,0.96006304,0.96760505,0.96531206,0.9572221,0.95628655,0.93146455,0.91239494,0.97508806,0.9532994,0.9686481,0.95661455,0.9494784,0.96514267,0.94881326,0.9584455,0.9655997,0.9628003,0.9583739,0.9664985,0.9654632,0.96831,0.97030884,0.96894616,0.94772786,0.9480685,0.9332041,0.96453774,0.94846034,0.9709917,0.9652647,0.95389354,0.9442869,0.96034336,0.9611334,0.96166134,0.9599501,0.9595952,0.9559193,0.9566321,0.9536745,0.95015216,0.96145105,0.69014585,0.9600565,0.9708447,0.95149404,0.9520376,0.8853556,0.95022684,0.96237504,0.96559584,0.9722046,0.9591486,0.96547323,0.9636917,0.9651841,0.9531907,0.9495959,0.95455366,0.9594286,0.9702423,0.9562746,0.96145105,0.9646562,0.9533144,0.9631191,0.9768721,0.9526009,0.96464974,0.9643341,0.9634036,0.9693024,0.9442832,0.9620328,0.9579573,0.9577148,0.96970767,0.9726356,0.95545536,0.9660066,0.95115095,0.96987855,0.7961917,0.96307856,0.8912077,0.9694781,0.9705811,0.97708774,0.9568588,0.97078544,0.9694106,0.9533798,0.9641798,0.9650393,0.95504385,0.96215945,0.9597489,0.96383613,0.9557906,0.9656203,0.9026001,0.9655779,0.9572434,0.96101594,0.9576557,0.9663002,0.96155727,0.9527006,0.9564311,0.95882046,0.9641036,0.9813615,0.9656809,0.95771575,0.9470319,0.9376003,0.947684,0.95555896,0.940897,0.9564239,0.9716562,0.97211564,0.96223444,0.9614392,0.9415879,0.9396597,0.9453958,0.9682761,0.9588274,0.9518275,0.96438026,0.9813615,0.95701796,0.9712273,0.9652228,0.95977974
arcticdogsmovie,0.9680191,0.9582826,0.9707817,0.95388937,0.9659814,0.9582015,0.9803541,0.95978934,0.98095584,0.95225435,0.9701539,0.96175766,0.96303433,0.97084916,0.9682318,1.0,0.96286297,0.9558877,0.9638656,0.96094775,0.95650214,0.9639482,0.9639884,0.9707795,0.963337,0.8443198,0.96577364,0.95855653,0.951597,0.9676416,0.9635436,0.96454024,0.95671546,0.9571707,0.94699866,0.927784,0.96485645,0.9491921,0.97032064,0.9473257,0.9649964,0.9618214,0.94031805,0.9533699,0.970416,0.96162516,0.9602808,0.95934737,0.97067803,0.9600212,0.96257126,0.96358657,0.95085895,0.94648135,0.93362135,0.9627927,0.94848067,0.974506,0.9742859,0.96650726,0.9656314,0.9655577,0.9591469,0.97676474,0.9581617,0.9639716,0.96402746,0.9553298,0.94791013,0.94608825,0.9723992,0.7500429,0.9589548,0.9607544,0.95312,0.959495,0.90043586,0.96151173,0.9690064,0.9570667,0.962246,0.9643979,0.97004,0.967422,0.9603709,0.9603609,0.9569856,0.9593642,0.96086186,0.9611284,0.96594244,0.9723992,0.9596413,0.9528299,0.96337515,0.97023726,0.95806265,0.9669954,0.96382964,0.9541817,0.965045,0.96237624,0.9672844,0.96305496,0.94578093,0.9621081,0.9699738,0.97579575,0.9664166,0.9465585,0.9664492,0.8307197,0.9683343,0.9215797,0.9647226,0.9665183,0.9685359,0.9501253,0.9583391,0.97338617,0.9747391,0.9579991,0.96217877,0.93942124,0.95504284,0.9667991,0.9589922,0.95206696,0.9621041,0.9105351,0.963425,0.9541111,0.9611014,0.9514302,0.9680299,0.9711227,0.9350795,0.9502608,0.9715717,0.96474624,0.98095584,0.96306604,0.96089,0.9603205,0.95254153,0.943077,0.9514422,0.9584427,0.9727461,0.9632573,0.97733194,0.95688903,0.9598732,0.9321497,0.94350255,0.9636128,0.95915,0.96438974,0.94914573,0.966266,0.98095584,0.96919334,0.9668301,0.9745038,0.9610941
arcticmovie,0.96195585,0.94233495,0.95678633,0.9483371,0.9644783,0.9514322,0.9649632,0.95647335,0.9779436,0.9559167,0.9666765,0.95472336,0.96219957,0.96213794,0.94962066,0.96286297,1.0000002,0.962168,0.95705163,0.9459045,0.9597847,0.95538455,0.9461452,0.95723075,0.94528586,0.8189246,0.964259,0.9719488,0.9494802,0.94598114,0.9516955,0.9579853,0.94079,0.95488733,0.95245206,0.93131685,0.9569457,0.94284755,0.96283937,0.9497239,0.9587643,0.95734805,0.9309608,0.9558775,0.9658693,0.9555824,0.94050246,0.95270145,0.96854126,0.95835245,0.9568702,0.9664166,0.9509642,0.94040036,0.93873113,0.96573293,0.94861466,0.962452,0.9508217,0.9629363,0.9531601,0.9557334,0.9505766,0.96199703,0.967821,0.9624177,0.96151346,0.9596744,0.9601707,0.95081156,0.96716565,0.76953894,0.9465172,0.94962734,0.93891746,0.9533591,0.9077575,0.96646494,0.9511789,0.9641591,0.9561317,0.95673776,0.963097,0.96312076,0.95410436,0.9489673,0.9616245,0.96453834,0.9602398,0.957028,0.9627169,0.96716565,0.9662956,0.95822364,0.95166266,0.94832015,0.9544994,0.95681214,0.9532367,0.9491767,0.9558439,0.95430595,0.95494956,0.958782,0.9442689,0.9525109,0.9746627,0.9572533,0.94351256,0.933236,0.97084874,0.8173939,0.96598965,0.9268777,0.9631324,0.96348864,0.966161,0.952744,0.9612596,0.9572063,0.9718489,0.9617472,0.9601288,0.9444083,0.9532852,0.94834447,0.95436996,0.95148957,0.97149485,0.9120079,0.9578855,0.9581757,0.9808749,0.9615376,0.9581386,0.9557243,0.95094484,0.9607317,0.9714291,0.96398085,0.9779436,0.9523247,0.9555713,0.9554963,0.95889187,0.9515498,0.95054036,0.96132445,0.9606364,0.9615595,0.9675064,0.9515963,0.968204,0.9185824,0.9517067,0.9683494,0.94988734,0.9651639,0.9570685,0.9621766,0.9779436,0.95591205,0.96047527,0.9612992,0.95556945
artofracingmovie,0.9486917,0.9462827,0.9607248,0.9501871,0.98407185,0.9507991,0.9567586,0.9575296,0.97514236,0.9661797,0.96867,0.93633485,0.96414375,0.95945495,0.9492135,0.9558877,0.962168,1.0,0.9424016,0.94993114,0.96928465,0.9477092,0.9537903,0.9635797,0.94313747,0.82756364,0.9643658,0.95671797,0.95669794,0.9419715,0.952576,0.955442,0.94295883,0.9584771,0.94162554,0.9257525,0.9531929,0.94904286,0.961499,0.9481834,0.95238644,0.95849276,0.9271364,0.95469826,0.96212786,0.9570477,0.9512381,0.9443207,0.9659504,0.95950055,0.95715994,0.9541882,0.9564732,0.94758594,0.93639237,0.982138,0.9494653,0.9680183,0.9585411,0.9689987,0.94011766,0.9521452,0.957632,0.9509298,0.95119655,0.96874905,0.96574783,0.9492432,0.94876426,0.9541818,0.97125477,0.7099954,0.95895696,0.949023,0.955315,0.96086967,0.8876707,0.96414006,0.95481086,0.95309037,0.9515507,0.95583713,0.9598707,0.96043825,0.9456961,0.9455501,0.95396435,0.9654776,0.9668493,0.9704136,0.96592116,0.97125477,0.9617024,0.9616975,0.9441332,0.9568899,0.9433903,0.95587623,0.9445798,0.9512654,0.950998,0.9460433,0.9579697,0.9577691,0.93789,0.9563707,0.9643974,0.93844736,0.9435549,0.93266374,0.9659245,0.82131577,0.96481603,0.90701896,0.9618058,0.9570957,0.9554839,0.9531164,0.9591061,0.95344394,0.9650072,0.9609256,0.96133745,0.9449903,0.962099,0.964924,0.9633255,0.94300723,0.97450954,0.91022336,0.96235806,0.9682567,0.9505936,0.93898684,0.96687776,0.9500898,0.95542955,0.95357347,0.96293765,0.9728738,0.97514236,0.95298564,0.9467034,0.9397421,0.95327425,0.95107394,0.9525684,0.9581263,0.94762844,0.9463933,0.9593313,0.95271206,0.96617097,0.91640663,0.9547109,0.9603776,0.959394,0.9595721,0.96811634,0.96369994,0.97514236,0.96628815,0.9544769,0.9627459,0.9545383
avengers,0.98468775,0.9461856,0.9640986,0.9395285,0.9495395,0.9504145,0.9629366,0.9605221,0.97759366,0.95278656,0.95905244,0.96084505,0.9501791,0.9646834,0.9623934,0.9638656,0.95705163,0.9424016,0.9999998,0.9527406,0.95116407,0.9615751,0.94731987,0.9505453,0.95149195,0.8048739,0.95581925,0.96875155,0.95858735,0.97319365,0.979381,0.9562026,0.9405065,0.9545549,0.93446267,0.9144443,0.95930195,0.94762176,0.9672192,0.94231915,0.95180124,0.96809316,0.9444016,0.95810366,0.9696359,0.9537444,0.95103276,0.9569379,0.96093273,0.9606883,0.9675609,0.96298647,0.94041127,0.94469965,0.95469326,0.9539072,0.9516844,0.95961386,0.9627716,0.958672,0.93588066,0.95952564,0.9580571,0.9605221,0.95598006,0.9590675,0.9683889,0.94176525,0.9565418,0.9507594,0.96811616,0.7663798,0.95531917,0.97122014,0.9376139,0.94000536,0.9066762,0.9434235,0.95346445,0.96399057,0.9648423,0.9437049,0.9658179,0.9663077,0.9658872,0.94003373,0.95426726,0.953444,0.96553624,0.9589537,0.9592617,0.96811616,0.96717906,0.96289665,0.95881134,0.9403451,0.94360274,0.9529445,0.9629264,0.9517016,0.957748,0.9558812,0.9462083,0.9595998,0.9582864,0.965453,0.96490437,0.95306844,0.94422054,0.9495248,0.96243376,0.80439264,0.96227306,0.92181575,0.9582518,0.96884847,0.97622675,0.9606039,0.9659279,0.9478843,0.95424867,0.9602214,0.9699798,0.93815184,0.95532167,0.9539977,0.95365316,0.9725792,0.958772,0.9285975,0.96739125,0.9491115,0.9553142,0.94914424,0.9547169,0.9717015,0.9581167,0.956984,0.9758251,0.95789045,0.97759366,0.9629082,0.94813573,0.944833,0.9574645,0.95243484,0.955099,0.9436785,0.9536701,0.97143716,0.9625061,0.9636585,0.9616591,0.9133233,0.9551688,0.96292144,0.94694567,0.9671566,0.9602415,0.9564363,0.97759366,0.94847184,0.9608596,0.95374864,0.9639172
beachbummovie,0.9605384,0.9591834,0.96310884,0.9610002,0.9643342,0.95569116,0.96779317,0.9617589,0.97766715,0.9455194,0.96430254,0.95803976,0.95559233,0.96769005,0.9753719,0.96094775,0.9459045,0.94993114,0.9527406,0.99999994,0.9629264,0.9665019,0.9543745,0.9595577,0.9608999,0.7960545,0.9642546,0.9592089,0.9538974,0.9495479,0.97012395,0.959108,0.9426598,0.95920163,0.9314102,0.9183303,0.97001123,0.95327187,0.97069156,0.95266527,0.9512417,0.9588724,0.9500078,0.9625043,0.97132987,0.9657617,0.9507308,0.96645695,0.9598585,0.9641404,0.9683775,0.9616436,0.9489329,0.943319,0.9294612,0.96086127,0.9493465,0.9674966,0.9627961,0.9518025,0.9539368,0.9565484,0.9579318,0.9604707,0.95779717,0.95612174,0.9514808,0.9502105,0.9625412,0.95612466,0.95996904,0.6927301,0.9545518,0.9590967,0.9461457,0.956885,0.87170357,0.95473176,0.9564647,0.95883673,0.9708085,0.94863546,0.96729827,0.9536089,0.9559682,0.952169,0.9521351,0.9475474,0.9571266,0.97124964,0.953828,0.95996904,0.9649938,0.95119137,0.9593047,0.9664269,0.95491636,0.97628224,0.9555173,0.95384556,0.9674702,0.9583518,0.9600669,0.95922947,0.9522132,0.9666466,0.96700233,0.95564663,0.95571905,0.94556004,0.96214527,0.77981085,0.9700035,0.889233,0.96714073,0.9660805,0.9716929,0.95686203,0.9713378,0.9629543,0.9513677,0.9645312,0.9532119,0.9501421,0.96101195,0.9523056,0.9629292,0.9519084,0.9582349,0.9041593,0.9703872,0.9543374,0.9496412,0.9429011,0.96526456,0.95479906,0.95823586,0.9540778,0.958793,0.9646152,0.97766715,0.96169704,0.9543869,0.9433466,0.9235087,0.9394753,0.9498467,0.9461429,0.9566126,0.95759916,0.97009265,0.95910174,0.96575475,0.92326087,0.94710445,0.94712746,0.9655346,0.958646,0.95601046,0.9638015,0.97766715,0.9583305,0.96872,0.95798266,0.9589769
bernadettefilm,0.9588973,0.95246106,0.96916676,0.9489387,0.97036064,0.9634001,0.9623459,0.9563287,0.978171,0.95527977,0.9687325,0.9596128,0.96245444,0.9637292,0.9570573,0.95650214,0.9597847,0.96928465,0.95116407,0.9629264,1.0,0.9598894,0.949132,0.9593975,0.9462101,0.8010476,0.9621585,0.95741177,0.95776755,0.95631343,0.9582557,0.95097977,0.9385987,0.9607741,0.93830657,0.93396735,0.9704689,0.95985097,0.96727926,0.9506906,0.9525564,0.95936227,0.9426754,0.96240413,0.96161085,0.9635726,0.94755757,0.9631058,0.9572584,0.963896,0.9628958,0.9559832,0.95453215,0.9504836,0.93038636,0.9717502,0.9494647,0.9617024,0.95983815,0.957224,0.94478065,0.9584707,0.95156634,0.9599921,0.95451856,0.9668446,0.9586266,0.94523937,0.95754504,0.9585615,0.9608627,0.72317034,0.9614997,0.9549528,0.9588546,0.9657333,0.9056393,0.96144575,0.9652938,0.96072364,0.9676213,0.951833,0.9740406,0.960776,0.952737,0.9540653,0.9549591,0.95274955,0.9665061,0.97026944,0.960981,0.9608627,0.96186477,0.9623018,0.95663524,0.95405585,0.9502759,0.96096575,0.9584828,0.955579,0.9664166,0.95056283,0.95713866,0.96278936,0.9477293,0.96300375,0.96695274,0.9526593,0.9503759,0.9394507,0.9651994,0.7977558,0.9584751,0.9014129,0.9684684,0.96488965,0.96678776,0.9625727,0.96726656,0.9576608,0.9665054,0.9621806,0.95191115,0.9554355,0.9604726,0.9553187,0.9659869,0.945218,0.97258264,0.919865,0.9822474,0.95692325,0.9505705,0.95387524,0.9575761,0.96498007,0.9675507,0.94731545,0.9584095,0.9682338,0.978171,0.9559995,0.9510897,0.95271343,0.95213145,0.9456869,0.9553492,0.95377195,0.9556261,0.95490134,0.9726535,0.9659962,0.96631205,0.91874105,0.948828,0.95094186,0.9639648,0.9558423,0.9596715,0.95683146,0.978171,0.9635055,0.9533567,0.9593754,0.96084404
