movie,21bridgesmovie,47metersdown,abeautifuldaymovie,abominablemovie,adastramovie,adogsjourneymovie,aftermathmovie,aftermovie,ahiddenlifefilm,alitamovie,angelhasfallen,angrybirdsmovie,annabellemovie,annamovie,apollo11movie,arcticdogsmovie,arcticmovie,artofracingmovie,avengers,beachbummovie,bernadettefilm,blackandbluemovie,blackchristmas,blindedbythelightmovie,bombshellmovie,booksmart,breakthroughmovie,brianbanksmovie,brightburnmovie,brittanyrunsmov,captainmarvelofficial,captivestatemovie,catsmovie,charliesangels,childsplaymovie,clarathefilm,coldpursuitmovie,countdown,currentwarmovie,darkwatersmovie,detectivepikachumovie,disneyaladdin,disneyfrozen,disneymaleficent,doctorsleepmovie,dolemiteismyname,dontletgomovie,doramovie,downtonabbey_official,dumbo,escaperoom,everybodyknowsmovie,fastandfuriousmovie,fightingwmyfam,fivefeetapartfilm,fordvferrari,freaksthefilm,geminimanmovie,glassmovie,gloriabellmovie,godzillamovie,goldfinchmovie,goodboysmovie,goodliarmovie,gretafilm,halathemovie,happydeathdaymovie,harrietfilm,hellboymovie,hersmellmovie,highlifemovie,highstrungmovie,honeyboymovie,hotelmumbaifilm,httydragon,hustlemovie,hustlersmovie,isntitromantic,itmovieofficial,jayandsilentbob,johnwickmovie,jojorabbitmovie,jokermovie,judythefilm,jumanjimovie,justmercyfilm,knivesout,lalloronamovie,lastblackmansf,lastchristmasthemovie,latenightmovie,lighthousemovie,lionking,littlethemovie,littlewomenmovie,littlewoodsfilm,longshotmovie,lordsofchaosmovie,lucyintheskyfilm,mamovie2019,marriagestory,meettheaddams,meninblack,midsommarmovie,midwaymovie,missbalamovie,missinglinkfilm,motherlessbklyn,onceinhollywood,onthebasisofsex,overcomermovie,peanutbutterfalcon,petsematarymovie,piercingmovie,playingwithfire,playmobilthemovie,pomsmovie,queenandslim,rambomovie,readyornotfilm,richardjewellfilm,rocketmanmovie,scarystoriesmovie,secretlifeofpets,serenityfilm,shaftmovie,shazammovie,spidermanmovie,spiesindisguise,starwars,stormboymovie,stubermovie,taosdfilm,teenspiritmov,terminator,theaeronautsmov,thebestofenemies,thedeaddontdie,thefarewell,thehighwaymen,thehummingbirdprojectfilm,theintrudermovie,theirishmanfilm,thekitchenmovie,thelegomovie,themustangfilm,thenightingalefilm,theprodigymovie,thesunisalsoastar,theupsidefilm,tolkienmovie,toystory,triplefrontier,uglydolls,uncutgems,underthesilverlake,usmovie,wavesmovie,whatmenwant,wonderparkmovie,wrinklestheclown,xmenmovies,yardiefilm,yesterdaymovie,zombieland
21bridgesmovie,1.0000002,0.9519393,0.96113145,0.94695705,0.95104676,0.96150494,0.962657,0.96771944,0.98278975,0.95699906,0.9518018,0.9481204,0.94746107,0.95447946,0.963695,0.96246964,0.96156794,0.951055,0.9745271,0.9550453,0.965273,0.9550962,0.95554304,0.9633485,0.95172685,0.8934688,0.9375703,0.94763553,0.9570546,0.95530635,0.9547243,0.9580814,0.95085627,0.9601459,0.95136684,0.9270703,0.96055967,0.97541416,0.9565034,0.95601344,0.9530481,0.951894,0.9405139,0.95002234,0.9661863,0.9540937,0.9520162,0.9495897,0.944145,0.9537917,0.95770955,0.9670203,0.9462229,0.94995815,0.9595152,0.95463926,0.9525203,0.9614489,0.9612821,0.9583362,0.95203966,0.95783293,0.965999,0.94688165,0.9606599,0.9325133,0.9479395,0.953283,0.9482618,0.94781214,0.9555737,0.818262,0.94847405,0.9532837,0.9481148,0.9495196,0.93673676,0.96179134,0.96781933,0.9469408,0.9556752,0.9550004,0.9559846,0.95880014,0.9607084,0.95681226,0.965139,0.94467986,0.9518401,0.9644315,0.9572793,0.9555737,0.95935917,0.954521,0.96044445,0.95272046,0.9634857,0.96303517,0.95434934,0.94535667,0.95099115,0.9617247,0.95131975,0.9613973,0.94216144,0.9574036,0.95681196,0.9543324,0.95421916,0.9522428,0.9558315,0.86890864,0.96351427,0.93268543,0.9548387,0.9678057,0.98803246,0.9526914,0.970877,0.96412337,0.95185435,0.9645617,0.9556307,0.9654794,0.9549807,0.95185274,0.95984,0.9536164,0.95662117,0.93699884,0.9603868,0.95039886,0.9552361,0.94955516,0.94900286,0.96013206,0.9697819,0.94987726,0.9568131,0.95580196,0.98278975,0.9600227,0.9536287,0.9566798,0.9640137,0.9596018,0.9563035,0.95475775,0.9557665,0.9711303,0.96035093,0.9477705,0.9546819,0.93457395,0.9518607,0.941501,0.9551194,0.9629415,0.96053094,0.95403177,0.98278975,0.9463178,0.96383935,0.9610902,0.95247585
47metersdown,0.9519393,0.9999998,0.948328,0.9490436,0.9444807,0.9539815,0.946549,0.9478142,0.9711564,0.94045466,0.9444388,0.94146574,0.9472846,0.9527286,0.9455521,0.9608365,0.9557273,0.9480376,0.94648606,0.9406833,0.9582778,0.94978637,0.95836616,0.9591921,0.9312597,0.89799345,0.94294935,0.94972634,0.95135725,0.94562715,0.945012,0.9485697,0.93280494,0.94010854,0.9393544,0.91440094,0.9462222,0.9488849,0.95593345,0.9462089,0.9437443,0.94317037,0.9218658,0.93726194,0.94338334,0.9500923,0.95183384,0.9399182,0.9426365,0.9417647,0.9477772,0.9584287,0.9382731,0.9432584,0.94106185,0.93908554,0.9432996,0.9507719,0.9487809,0.9498173,0.94523257,0.94386756,0.9526364,0.9442885,0.94702935,0.93752354,0.9428484,0.9518195,0.9380035,0.94416,0.95008206,0.8076748,0.94708157,0.9417834,0.94644296,0.92829376,0.92165035,0.94417834,0.9424316,0.9344554,0.94761765,0.94027406,0.9452708,0.9463281,0.95621127,0.93971807,0.95192075,0.9475444,0.9445696,0.9452503,0.9433876,0.95008206,0.9422399,0.9289168,0.94701713,0.9480549,0.94604266,0.9626395,0.944361,0.952472,0.94218165,0.9404855,0.942699,0.96074665,0.95402336,0.9463726,0.9475207,0.9480851,0.9467153,0.9348542,0.95937467,0.8395065,0.94660234,0.91710013,0.95226437,0.9454548,0.9525001,0.94964415,0.9586493,0.94693136,0.9390129,0.95037824,0.9465981,0.94679576,0.9455533,0.9329105,0.94617224,0.9388505,0.9596457,0.91046363,0.9445218,0.94749147,0.9479469,0.93748933,0.9405968,0.94295406,0.94787115,0.94627684,0.9525422,0.94232816,0.9711564,0.959688,0.9434594,0.94628453,0.94040215,0.94876,0.92756367,0.9396331,0.9493867,0.9527436,0.9479501,0.9314029,0.9473404,0.91849035,0.9315165,0.9410723,0.9467886,0.9442121,0.9409723,0.9427901,0.9711564,0.92205834,0.9380531,0.9572339,0.9375314
abeautifuldaymovie,0.96113145,0.948328,0.9999998,0.9362176,0.9511367,0.9527451,0.9605255,0.9538508,0.97435766,0.9438425,0.94291997,0.9614114,0.9414782,0.94563866,0.96148074,0.95414037,0.9557924,0.9479104,0.95765716,0.94791657,0.95212185,0.95981354,0.9540219,0.9507095,0.94881415,0.90023726,0.92986536,0.94356984,0.96532315,0.9482893,0.965261,0.9558289,0.95118463,0.9495919,0.94025433,0.912418,0.95747244,0.95292646,0.95463,0.9546997,0.9390089,0.9513886,0.93332475,0.94250405,0.95771456,0.9646089,0.9535895,0.9427933,0.9521155,0.94766754,0.97382295,0.9665402,0.9452086,0.945774,0.9430686,0.9484488,0.93345743,0.9532548,0.9602112,0.9621316,0.93684644,0.9442127,0.9541986,0.9424505,0.952511,0.9292357,0.9399831,0.9564393,0.956349,0.9317826,0.9567388,0.8252031,0.9356966,0.9433553,0.9376239,0.93813133,0.9299769,0.9526668,0.9619842,0.9312282,0.95134693,0.9480836,0.94296336,0.94783056,0.96526825,0.95508385,0.94205415,0.95027304,0.95453,0.9531795,0.94841725,0.9567388,0.95591253,0.95272756,0.967544,0.94874203,0.95961493,0.9514987,0.9423841,0.9407882,0.95397407,0.9578296,0.96236324,0.9519922,0.9468053,0.97374195,0.9476713,0.9523114,0.956477,0.94410807,0.94913244,0.863545,0.9552974,0.9257887,0.9468437,0.95132506,0.95883715,0.9445808,0.9601443,0.9596693,0.9478582,0.9564784,0.9476088,0.9445746,0.9651587,0.9501856,0.9494404,0.9573095,0.9563793,0.9216953,0.9501854,0.95572287,0.9494862,0.9384392,0.9375331,0.93989134,0.9524286,0.94126236,0.9570348,0.94957787,0.97435766,0.96351814,0.9570628,0.94626004,0.9464505,0.95800316,0.9353486,0.94969857,0.9525423,0.9504522,0.9613823,0.96552426,0.9534943,0.939357,0.93654627,0.950883,0.9470636,0.95026606,0.94570154,0.93954676,0.97435766,0.93303543,0.9534217,0.9558511,0.9546672
abominablemovie,0.94695705,0.9490436,0.9362176,0.99999976,0.9472897,0.9466019,0.93386924,0.94315976,0.96582717,0.9262787,0.9342271,0.94902045,0.94714326,0.94728476,0.9513883,0.953506,0.94757676,0.9421921,0.93965924,0.9360642,0.94044536,0.9333102,0.9563825,0.94557375,0.9324699,0.8824323,0.94300175,0.9464304,0.933396,0.9423562,0.94724053,0.9506576,0.9437138,0.9288417,0.93900937,0.9142724,0.94565487,0.9487638,0.94066435,0.95094985,0.9293828,0.94193137,0.9124919,0.9417861,0.9441339,0.93939066,0.95358205,0.94331163,0.9335988,0.9426206,0.93939877,0.9509831,0.93302244,0.9371378,0.93965095,0.9374562,0.94387025,0.94170344,0.9613373,0.9493223,0.94121975,0.9530182,0.95244104,0.9389086,0.94921786,0.92699564,0.9352225,0.93363595,0.9290222,0.9360873,0.9526194,0.7973718,0.93327063,0.9426446,0.9531622,0.9267601,0.91474646,0.94570446,0.9442147,0.9294009,0.93587464,0.9431631,0.94218117,0.94023716,0.9563446,0.9290732,0.9522522,0.9384406,0.9319775,0.9378192,0.9230978,0.9526194,0.93086326,0.93072295,0.9414788,0.9477629,0.9440493,0.9536233,0.9376535,0.9441835,0.94431406,0.94730943,0.93190145,0.9482079,0.94464284,0.94120526,0.9402373,0.94180447,0.9367671,0.9414984,0.9521651,0.84752357,0.9435714,0.9363122,0.9333433,0.9371391,0.9479359,0.9455803,0.95179456,0.9360195,0.929791,0.947473,0.93855095,0.9422829,0.9384943,0.94671863,0.9417102,0.9395612,0.95008713,0.90747935,0.9351818,0.94441134,0.9437039,0.933533,0.92428136,0.9341875,0.9399943,0.94267714,0.9557313,0.93985224,0.96582717,0.9461395,0.9382086,0.9496389,0.9372166,0.9536944,0.9356832,0.94772935,0.9352687,0.93673426,0.939664,0.92827946,0.9441586,0.9161087,0.93687904,0.9392008,0.94796544,0.9417299,0.939776,0.920942,0.96582717,0.92701805,0.939437,0.9564544,0.9421805
adastramovie,0.95104676,0.9444807,0.9511367,0.9472897,0.9999996,0.9482253,0.9517707,0.9519617,0.9709149,0.9537613,0.93987,0.952157,0.9433073,0.94387406,0.95229125,0.9551793,0.9467228,0.9621517,0.9418115,0.9366392,0.954127,0.93101084,0.948278,0.9486404,0.934726,0.9059172,0.9547921,0.94003975,0.93671244,0.94478697,0.9401049,0.94890064,0.94415045,0.9391588,0.92433417,0.9214112,0.9560865,0.94226414,0.9532765,0.9512491,0.9305034,0.9562493,0.9293247,0.9428822,0.95496464,0.948998,0.9446079,0.9497602,0.9539633,0.95069176,0.9427685,0.95656455,0.9337412,0.9393017,0.94796175,0.9649567,0.9421764,0.95656276,0.9488152,0.9499743,0.95413625,0.949399,0.9487863,0.93715876,0.9457068,0.93833435,0.93623465,0.9311055,0.9476273,0.9418031,0.94692713,0.85202354,0.94728094,0.9544715,0.9361396,0.9355459,0.916301,0.9532201,0.9569119,0.93354577,0.9392131,0.95327705,0.9474673,0.94494855,0.96421826,0.94424546,0.9477165,0.9613534,0.93982226,0.9519257,0.95073855,0.94692713,0.9401325,0.9409042,0.94941694,0.9457423,0.9443016,0.948959,0.9446373,0.93346816,0.95236796,0.94859684,0.9378898,0.9444185,0.9532238,0.94040084,0.9458698,0.9518079,0.9310475,0.9310924,0.9558097,0.86779994,0.9522947,0.9397388,0.9432258,0.952119,0.95293194,0.9313466,0.95202726,0.95360416,0.94770527,0.95200664,0.9484429,0.9491772,0.9561742,0.93834114,0.953681,0.93943506,0.956803,0.9286594,0.9440529,0.95658743,0.94176364,0.9385702,0.9425553,0.9418218,0.94307166,0.9436712,0.95175326,0.9490376,0.9709149,0.9442923,0.9499319,0.9491392,0.9465405,0.9452801,0.94461006,0.93436515,0.94031245,0.94154465,0.94887406,0.93952096,0.95335567,0.9259296,0.9327562,0.9406776,0.95059866,0.9394574,0.94952697,0.9408481,0.9709149,0.9425722,0.9517022,0.9483828,0.9447362
adogsjourneymovie,0.96150494,0.9539815,0.9527451,0.9466019,0.9482253,0.99999994,0.9401322,0.96414405,0.9746851,0.94277585,0.94346035,0.94916403,0.9426668,0.9534437,0.9489155,0.95578456,0.9508008,0.95043015,0.9449887,0.9456641,0.9508638,0.94026077,0.96487844,0.96421367,0.936313,0.8952647,0.94272804,0.9451614,0.94782454,0.9551643,0.944488,0.9509425,0.9535716,0.95130354,0.9486366,0.9215879,0.94799775,0.9601574,0.95279837,0.94416463,0.94250774,0.9437189,0.94108707,0.9452528,0.95671684,0.9485707,0.9632525,0.9458866,0.94923925,0.9504667,0.9475918,0.9611895,0.94967586,0.93853,0.94676083,0.9484576,0.9541526,0.9393698,0.9573689,0.9588805,0.9386316,0.94464254,0.9482461,0.93911946,0.9528809,0.9216955,0.95006883,0.9418727,0.93515295,0.9486409,0.9607847,0.8268304,0.93859804,0.93971837,0.94688606,0.91782016,0.9233761,0.9504352,0.9566717,0.94590217,0.9457541,0.94812125,0.9472621,0.9494796,0.955325,0.9357398,0.9545733,0.944488,0.9565147,0.95465124,0.9400709,0.9607847,0.93902844,0.9547049,0.9424326,0.9472711,0.9480171,0.9631885,0.9427563,0.9521351,0.9439589,0.9521373,0.95130146,0.95620954,0.9423101,0.94431984,0.94344515,0.9370082,0.9389738,0.9408458,0.95208657,0.85167915,0.95200616,0.9324702,0.94815725,0.9522203,0.9622057,0.95802367,0.9639191,0.9441208,0.9370463,0.94719493,0.94922686,0.9693041,0.94257116,0.9538968,0.9625835,0.94325095,0.9494181,0.9337799,0.9463176,0.940331,0.9544913,0.93522227,0.93160534,0.95380807,0.9533479,0.9463479,0.96036,0.94732124,0.9746851,0.9511262,0.9485108,0.936602,0.9482878,0.9529364,0.9391032,0.9499371,0.9345258,0.9539062,0.9499415,0.9411489,0.94282806,0.9072965,0.9431775,0.9535175,0.9539023,0.9446383,0.95152074,0.94141954,0.9746851,0.9343226,0.9516044,0.9635784,0.93924993
aftermathmovie,0.962657,0.946549,0.9605255,0.93386924,0.9517707,0.9401322,1.0,0.9560741,0.9742418,0.9491213,0.9442771,0.9464028,0.9362702,0.94384885,0.9560827,0.9600787,0.9539839,0.95339864,0.9552197,0.95251507,0.9543823,0.9477375,0.9462596,0.943426,0.9595632,0.9016581,0.93834776,0.94729704,0.9500516,0.94147426,0.9539506,0.95023596,0.94708663,0.9410546,0.9237686,0.91249704,0.96719486,0.9504362,0.95228755,0.9564625,0.9423962,0.95728886,0.93198645,0.946838,0.95430773,0.957331,0.9433573,0.94217545,0.94785583,0.9520747,0.9524997,0.9552602,0.9390717,0.93966424,0.9415179,0.95158166,0.93272036,0.9628248,0.95168376,0.946644,0.94972855,0.9550097,0.9591665,0.95200175,0.9495164,0.93489444,0.94135326,0.9405308,0.9597208,0.94286317,0.9438555,0.81238836,0.9377002,0.95564437,0.92687964,0.9394171,0.912242,0.94547826,0.9491283,0.931515,0.94878316,0.96512586,0.95064276,0.95308626,0.9566909,0.9578252,0.94477934,0.9429287,0.9444343,0.9445736,0.95440227,0.9438555,0.9575136,0.95339435,0.96131533,0.94025725,0.9593481,0.9572386,0.9655842,0.93709934,0.9592463,0.95802397,0.9322002,0.9509272,0.949332,0.9494684,0.95432,0.9671837,0.9410053,0.9488401,0.95699644,0.86265963,0.95259595,0.9112665,0.94578624,0.95582086,0.9644842,0.93941563,0.95091945,0.98738223,0.9565884,0.9560592,0.94718504,0.94628656,0.9624728,0.94495773,0.9443403,0.9500324,0.9532323,0.91801924,0.9544932,0.9425156,0.94752127,0.94473076,0.9398932,0.945469,0.94918364,0.94134307,0.95011723,0.9581788,0.9742418,0.95550895,0.95619476,0.9535568,0.95106936,0.9548413,0.9455608,0.9378493,0.9586392,0.95310485,0.980296,0.9451318,0.95768327,0.9228805,0.93735296,0.9336031,0.9516182,0.9500836,0.95116335,0.9445305,0.9742418,0.9491123,0.960578,0.9530234,0.9513335
aftermovie,0.96771944,0.9478142,0.9538508,0.94315976,0.9519617,0.96414405,0.9560741,1.0000002,0.97894955,0.9466599,0.94837606,0.9497479,0.9317427,0.94950736,0.9524573,0.9629138,0.94835895,0.9455556,0.96888304,0.94594765,0.959588,0.95295197,0.95477897,0.9556844,0.9433309,0.89401793,0.9431708,0.9453918,0.9530862,0.9483118,0.9620065,0.95718783,0.94734037,0.94704723,0.9413813,0.9203974,0.9624276,0.9543613,0.9600729,0.94794065,0.9422825,0.9617685,0.9454093,0.9583451,0.96378666,0.9448729,0.9521069,0.95201653,0.94254774,0.960987,0.9495921,0.95696825,0.94236326,0.9432419,0.96250314,0.956524,0.9565982,0.95612514,0.96096784,0.95943606,0.93964326,0.9484504,0.96211874,0.9421982,0.9501393,0.93303424,0.9460371,0.95249104,0.94853216,0.9514018,0.9510349,0.82017,0.93746185,0.9473577,0.939957,0.9339826,0.91447526,0.95516944,0.9620852,0.94367796,0.9492133,0.9449895,0.95224905,0.95498854,0.9535558,0.94873506,0.9563497,0.9401508,0.9488211,0.9583364,0.94586265,0.9510349,0.9468396,0.94980747,0.9546327,0.9431672,0.95767075,0.9600644,0.95747447,0.93290603,0.9487855,0.95515037,0.9525426,0.9546075,0.9395195,0.9461903,0.9498706,0.9535665,0.9420835,0.9377414,0.95688385,0.8723621,0.96217835,0.9235649,0.95497507,0.9602563,0.9657625,0.94666874,0.96730685,0.96169734,0.9396774,0.9553718,0.9549373,0.9597639,0.95225066,0.95800865,0.956712,0.9523809,0.95880896,0.9471113,0.9610582,0.9441151,0.94953007,0.9553534,0.9487003,0.95072436,0.95124954,0.93755525,0.9552448,0.9509679,0.97894955,0.95537704,0.948758,0.95290786,0.95584154,0.94934416,0.9557754,0.9462856,0.94913775,0.9564761,0.96021813,0.945173,0.95518,0.91496426,0.9490558,0.9482602,0.9601535,0.9517564,0.96732676,0.95154554,0.97894955,0.9444913,0.9556663,0.9575943,0.949004
ahiddenlifefilm,0.98278975,0.9711564,0.97435766,0.96582717,0.9709149,0.9746851,0.9742418,0.97894955,1.0000002,0.96481335,0.96938246,0.9663046,0.9642081,0.9746139,0.9787533,0.97906214,0.9718333,0.9688151,0.9728187,0.9668109,0.97717845,0.9713724,0.97639555,0.977328,0.965227,0.9185078,0.96464115,0.9658604,0.9716194,0.970636,0.97082716,0.9777784,0.9660888,0.9666311,0.95770675,0.9434604,0.97848237,0.97778445,0.9734942,0.9764396,0.9676658,0.9747757,0.958139,0.9671031,0.97835755,0.97349465,0.9719741,0.9719451,0.96769375,0.9735317,0.97112817,0.9824638,0.9624506,0.9677439,0.9699458,0.9680287,0.97108597,0.97675854,0.97715014,0.97931737,0.96665853,0.9712518,0.9785332,0.96699387,0.97383994,0.9549528,0.96116525,0.9706777,0.9666587,0.9682906,0.97606295,0.83801305,0.9625244,0.96932167,0.9662678,0.95464545,0.9387008,0.97079736,0.9778911,0.96460134,0.9730811,0.9721581,0.97234756,0.9745025,0.9798329,0.9697455,0.9730102,0.9668319,0.9703896,0.97216976,0.97000736,0.97606295,0.9675127,0.96851957,0.9733026,0.96886045,0.974252,0.97880965,0.9686073,0.9637157,0.9732333,0.9753782,0.96851444,0.9775209,0.96694237,0.971305,0.972269,0.9754687,0.9654854,0.9639936,0.9762297,0.8793925,0.9814543,0.9474069,0.97266805,0.970261,0.9842656,0.9677159,0.9851666,0.9763137,0.962844,0.9744127,0.9723904,0.9751702,0.9742995,0.9729467,0.9744623,0.96876794,0.97504187,0.9491656,0.9739828,0.96683943,0.9684157,0.9647006,0.96240616,0.97153586,0.9750375,0.96813256,0.9768139,0.97076696,1.0000002,0.97777,0.9701439,0.9730388,0.97004014,0.97499716,0.96837294,0.9650071,0.96947324,0.9779668,0.97550637,0.96565396,0.97520983,0.945402,0.96260643,0.9675803,0.974581,0.97213906,0.9736308,0.96656835,1.0000002,0.9601994,0.9737534,0.980715,0.9658996
alitamovie,0.95699906,0.94045466,0.9438425,0.9262787,0.9537613,0.94277585,0.9491213,0.9466599,0.96481335,0.9999997,0.9320518,0.9261238,0.93580693,0.9358849,0.9468613,0.95175165,0.9449617,0.95297265,0.93634427,0.9366025,0.9568055,0.9362784,0.9439858,0.94159293,0.93216777,0.8898325,0.93392265,0.93416655,0.9491516,0.9372836,0.9318147,0.9431608,0.9321537,0.9204795,0.9234096,0.9202535,0.95269907,0.94268906,0.952212,0.9414373,0.9416654,0.93811727,0.92524606,0.9361969,0.9577844,0.9421148,0.9395689,0.93903416,0.932625,0.94028485,0.9334585,0.9446244,0.9465761,0.9278853,0.9477589,0.94610685,0.93760353,0.94942456,0.9386876,0.94035137,0.93605274,0.9459874,0.9466949,0.93241405,0.9414233,0.9201541,0.93597984,0.9327983,0.93943465,0.92872304,0.9386875,0.7983788,0.93204254,0.94462013,0.9225689,0.9266818,0.90229017,0.9347149,0.9461702,0.9267147,0.9429226,0.9408508,0.9478148,0.9375101,0.93815327,0.94768864,0.93614566,0.94768584,0.92884004,0.9447112,0.9487667,0.9386875,0.9387603,0.9315482,0.9379,0.9424438,0.94644594,0.94808394,0.9367611,0.93373483,0.94046926,0.9432984,0.9291987,0.94284713,0.94719523,0.9340153,0.9473438,0.94376904,0.92396814,0.93136936,0.9488575,0.85505235,0.94444036,0.91469383,0.9500284,0.9456951,0.9570556,0.9279647,0.949159,0.9507374,0.9500356,0.94379914,0.94163865,0.941141,0.94427663,0.92511606,0.9473156,0.92939407,0.94252646,0.92530537,0.9553708,0.9316834,0.94744563,0.9376802,0.9420955,0.9380162,0.947199,0.92188984,0.9436622,0.9486552,0.96481335,0.9509836,0.9404339,0.94599575,0.9483329,0.9398281,0.9386501,0.9277437,0.9459405,0.9458452,0.9497153,0.9287273,0.94869876,0.91111094,0.9246822,0.9315744,0.9412473,0.9445745,0.9412112,0.947539,0.96481335,0.94020015,0.9399182,0.9469876,0.93307596
angelhasfallen,0.9518018,0.9444388,0.94291997,0.9342271,0.93987,0.94346035,0.9442771,0.94837606,0.96938246,0.9320518,0.9999998,0.93298733,0.94085157,0.9513688,0.96082944,0.95534116,0.95135254,0.93372536,0.93851596,0.9396953,0.9466614,0.94381505,0.9457059,0.95905423,0.93749034,0.89032793,0.954204,0.94364846,0.94580483,0.9450273,0.9438077,0.9469724,0.9357625,0.9349114,0.9294531,0.91081476,0.9507878,0.9528747,0.94803846,0.94466645,0.9507049,0.94303036,0.9254304,0.93775606,0.9443928,0.9456312,0.94073486,0.93761855,0.93619275,0.9457897,0.94458354,0.954226,0.941246,0.93150467,0.9532855,0.93237406,0.94311535,0.95612305,0.9488274,0.95022583,0.9448528,0.9483877,0.95129794,0.94659376,0.9461584,0.9539246,0.93433565,0.9380934,0.9566829,0.9400424,0.94854647,0.8039435,0.9373338,0.93795735,0.95590454,0.9151025,0.8985176,0.94538224,0.9587316,0.9355736,0.96513736,0.93877584,0.94275206,0.9443924,0.94846046,0.9408949,0.9420437,0.9514448,0.9453426,0.94738525,0.9383422,0.94854647,0.9386844,0.9428501,0.9409091,0.9627018,0.9624549,0.9510303,0.94483376,0.93564624,0.94192016,0.94998825,0.94775826,0.9488012,0.9418359,0.94278723,0.94082063,0.9576541,0.9389012,0.9374962,0.9580055,0.8459651,0.9631196,0.91325676,0.95031774,0.9585132,0.96095294,0.94407,0.9522568,0.947814,0.9383531,0.9378349,0.9478714,0.9443815,0.94464636,0.9450593,0.9578954,0.9264945,0.94719565,0.92506963,0.9438189,0.93981546,0.931547,0.9314093,0.9563931,0.9497289,0.958942,0.94375175,0.9468496,0.93673533,0.96938246,0.9518642,0.9402538,0.95017636,0.9424762,0.95625883,0.940556,0.92900926,0.9510465,0.9512887,0.9489358,0.9376395,0.95495945,0.91674066,0.9228619,0.9438172,0.9434023,0.93883646,0.95460373,0.93869376,0.96938246,0.91765344,0.9397243,0.95723295,0.936888
angrybirdsmovie,0.9481204,0.94146574,0.9614114,0.94902045,0.952157,0.94916403,0.9464028,0.9497479,0.9663046,0.9261238,0.93298733,0.9999999,0.9296047,0.939091,0.9531828,0.94224536,0.94691426,0.94642854,0.94374025,0.9409398,0.9487261,0.9352765,0.94843847,0.9402693,0.9400115,0.897156,0.9365619,0.94365,0.9363834,0.94306666,0.955068,0.95216274,0.93933505,0.94353783,0.92315423,0.9075607,0.9558044,0.9511289,0.9473129,0.95944506,0.9366115,0.9536899,0.9303516,0.94354975,0.9502658,0.9483031,0.9526473,0.9352084,0.937167,0.9490916,0.9587531,0.9577495,0.93307287,0.9349214,0.9401502,0.95399684,0.9399998,0.94231194,0.95865023,0.9593831,0.93974364,0.94286835,0.9538403,0.93391716,0.9497066,0.93267256,0.92019576,0.92853194,0.94166374,0.9370474,0.95819,0.8210066,0.9261073,0.9426225,0.9444814,0.92855304,0.9229689,0.9434419,0.9531989,0.92544883,0.94600374,0.94976264,0.9331156,0.9426851,0.9711717,0.93564177,0.94607806,0.9323948,0.94025517,0.9482808,0.92576915,0.95819,0.9468177,0.9461781,0.96053725,0.93294775,0.94568896,0.95003074,0.92588055,0.9268481,0.948775,0.9495789,0.9403003,0.94821817,0.9393217,0.9545647,0.9435368,0.9418031,0.9358033,0.94183534,0.9490697,0.85356957,0.94398236,0.9230929,0.93007755,0.9393964,0.9477312,0.94052845,0.957211,0.9484271,0.92629755,0.9536403,0.94161195,0.9380321,0.9587157,0.95033896,0.9400483,0.9562667,0.9564938,0.9150971,0.9404536,0.9541525,0.9381529,0.92724943,0.92622894,0.9330283,0.9362931,0.939577,0.9704078,0.9440288,0.9663046,0.94968414,0.9423717,0.9418509,0.9379002,0.9494977,0.93679595,0.9292123,0.92943,0.93704385,0.94866085,0.94327444,0.9418659,0.9188803,0.9426107,0.95434976,0.94138825,0.9447831,0.9444485,0.9308569,0.9663046,0.9393594,0.95296687,0.94529194,0.9545895
annabellemovie,0.94746107,0.9472846,0.9414782,0.94714326,0.9433073,0.9426668,0.9362702,0.9317427,0.9642081,0.93580693,0.94085157,0.9296047,0.99999976,0.9563095,0.948722,0.95030344,0.9401034,0.9328457,0.93282926,0.9322846,0.94184715,0.9424946,0.9441802,0.9513415,0.920688,0.89441645,0.93884057,0.9393255,0.94387174,0.9414205,0.9404941,0.95216715,0.92868596,0.93603057,0.9269872,0.9095022,0.94507825,0.9587107,0.94550914,0.95030206,0.9547868,0.9315028,0.91346765,0.9261618,0.94625294,0.93891495,0.94432473,0.93591416,0.93657976,0.9321892,0.9448058,0.9625555,0.934679,0.93803644,0.9462767,0.9295274,0.94173914,0.95190847,0.945345,0.9449856,0.9640789,0.94036835,0.95044553,0.9538145,0.94963,0.9332389,0.9185901,0.9446504,0.94037884,0.9347326,0.9459112,0.82338464,0.93236125,0.93889487,0.9392718,0.9231718,0.8928964,0.93409646,0.9441639,0.9128537,0.9528617,0.9515976,0.95899737,0.94679713,0.96067804,0.931549,0.95497847,0.973716,0.92775846,0.9372091,0.94395,0.9459112,0.9336569,0.93082,0.94197685,0.93913114,0.9458643,0.9545013,0.934399,0.95156455,0.93983734,0.93395066,0.94151014,0.94758064,0.9525476,0.9476026,0.9495359,0.9572217,0.9388934,0.945288,0.9481723,0.850428,0.9522417,0.9300983,0.9410478,0.935243,0.95449245,0.9467826,0.94283277,0.9375896,0.949707,0.94247305,0.936947,0.9368711,0.94805884,0.9382893,0.95828,0.9382241,0.95186913,0.9110836,0.9417461,0.9370113,0.9336834,0.9329226,0.9414108,0.94431365,0.9560937,0.9554234,0.9508678,0.9422032,0.9642081,0.9477274,0.9433342,0.9479245,0.94330204,0.95979446,0.9306528,0.9391846,0.9489564,0.94119954,0.94446874,0.92562914,0.9407105,0.90908784,0.9328814,0.9295424,0.9408127,0.93665904,0.9350067,0.93195,0.9642081,0.93574035,0.92263424,0.9479927,0.9344608
annamovie,0.95447946,0.9527286,0.94563866,0.94728476,0.94387406,0.9534437,0.94384885,0.94950736,0.9746139,0.9358849,0.9513688,0.939091,0.9563095,0.9999997,0.9500382,0.9607855,0.9506585,0.954463,0.9422565,0.9437013,0.95671326,0.9513577,0.9575515,0.9594183,0.93227875,0.9078404,0.94914836,0.9436901,0.95125544,0.952969,0.9448571,0.9539783,0.9419961,0.94271135,0.9311691,0.9233534,0.9576164,0.9627368,0.94431275,0.9474692,0.95184594,0.9499671,0.934718,0.9515456,0.9546164,0.95312625,0.9507265,0.9453519,0.9528947,0.9562535,0.9531271,0.9564122,0.9349495,0.94774103,0.93857265,0.9393037,0.95533234,0.9535718,0.9560615,0.9675142,0.9503668,0.9470562,0.9682544,0.9661134,0.94590384,0.94082063,0.9354748,0.9386467,0.94332933,0.9506583,0.96608627,0.804946,0.9355856,0.93825513,0.94894344,0.92839384,0.8993509,0.9435742,0.9541642,0.93923336,0.96102446,0.94721943,0.9568237,0.9569,0.95528585,0.9464792,0.9470042,0.95663524,0.96199965,0.95485735,0.93871105,0.96608627,0.94360876,0.95015454,0.9513045,0.9470097,0.9511341,0.96194446,0.9383868,0.9593203,0.9585502,0.94381225,0.95129955,0.96086,0.9603612,0.9525826,0.9497925,0.9608949,0.94131076,0.93896323,0.9541403,0.853999,0.9597133,0.93565637,0.95546156,0.9364977,0.95745677,0.95260507,0.9617989,0.94795656,0.9370002,0.94668716,0.94467616,0.94529504,0.9562885,0.94979376,0.95779014,0.9400599,0.9568025,0.92755395,0.9472879,0.9453575,0.93687195,0.9457209,0.94801056,0.953543,0.9535824,0.9468442,0.9629585,0.95043766,0.9746139,0.9570492,0.95822155,0.9525451,0.9444403,0.9490511,0.95103014,0.94802356,0.9513722,0.95025194,0.9435644,0.93628603,0.95126694,0.91646105,0.9454107,0.95541143,0.95639,0.9481056,0.95672905,0.94528735,0.9746139,0.93955576,0.9452503,0.96418655,0.9416339
apollo11movie,0.963695,0.9455521,0.96148074,0.9513883,0.95229125,0.9489155,0.9560827,0.9524573,0.9787533,0.9468613,0.96082944,0.9531828,0.948722,0.9500382,1.0000001,0.957647,0.96400845,0.94424415,0.9603014,0.96482974,0.95688015,0.9555209,0.9604134,0.95626324,0.950817,0.8978688,0.9441545,0.9559137,0.95875275,0.9488649,0.960613,0.9620482,0.9500017,0.9446178,0.9336872,0.92563957,0.9611781,0.9554598,0.9454095,0.963258,0.95849025,0.9619462,0.9327656,0.9511943,0.9611724,0.957909,0.95712787,0.95631003,0.9376748,0.9590214,0.9612334,0.9667902,0.9479847,0.9502819,0.95874697,0.9486995,0.9457989,0.9610099,0.9553068,0.9558862,0.9457362,0.9562986,0.9643812,0.9506331,0.9579322,0.9503681,0.9385363,0.9526154,0.9509549,0.9398597,0.95376134,0.80822307,0.94214225,0.9545187,0.95205903,0.9471321,0.9318293,0.9550269,0.96191955,0.9494163,0.9529689,0.9609154,0.94567925,0.9477328,0.9671827,0.9432851,0.95587385,0.9470821,0.95095354,0.96087396,0.95405126,0.95376134,0.95927083,0.9560029,0.9612035,0.9757542,0.9534546,0.9580286,0.93708634,0.94616663,0.9500295,0.960441,0.9515233,0.9531776,0.94704306,0.9607456,0.94982755,0.9575376,0.95286953,0.9486408,0.9612014,0.8474365,0.9650928,0.9289991,0.9519683,0.95444167,0.9655404,0.9522958,0.95736676,0.95927095,0.9460149,0.9594863,0.95670974,0.9531251,0.96030897,0.94876426,0.9573754,0.9558897,0.9596104,0.92621934,0.9549059,0.9502539,0.9533821,0.9418688,0.94961995,0.9512126,0.9559584,0.9484561,0.956379,0.9463557,0.9787533,0.96081764,0.94819087,0.95472556,0.94891053,0.9663359,0.9536076,0.9428203,0.9520344,0.9521118,0.96134037,0.9484117,0.95763505,0.9303607,0.93741107,0.9455932,0.95618963,0.94387376,0.95178014,0.94909227,0.9787533,0.93313116,0.9558565,0.96332633,0.954662
arcticdogsmovie,0.96246964,0.9608365,0.95414037,0.953506,0.9551793,0.95578456,0.9600787,0.9629138,0.97906214,0.95175165,0.95534116,0.94224536,0.95030344,0.9607855,0.957647,1.0,0.955632,0.9477719,0.9526254,0.94536364,0.9590031,0.95422244,0.9564815,0.9589582,0.9494934,0.8971051,0.9524522,0.9533043,0.9574569,0.94361776,0.94909954,0.95743656,0.94571084,0.94720805,0.94864494,0.93108374,0.9547085,0.9601233,0.9534937,0.95169026,0.9464017,0.96147066,0.9381708,0.9577345,0.9588322,0.95773864,0.95610034,0.94938785,0.9476928,0.95804846,0.9547069,0.9608745,0.94110996,0.9423102,0.9530447,0.95322317,0.9498704,0.9672544,0.9573333,0.9624163,0.9517524,0.9597478,0.9663553,0.9556046,0.95619553,0.95121825,0.9528452,0.9475522,0.94987166,0.94154847,0.9621233,0.8214377,0.95203704,0.94806457,0.94671094,0.93669677,0.91491824,0.9497326,0.949771,0.94123816,0.9525359,0.9487018,0.9599271,0.96961534,0.95987314,0.95621705,0.95323634,0.9538457,0.96016943,0.95675045,0.95008904,0.9621233,0.9504878,0.9406589,0.9540324,0.95348966,0.963184,0.9629045,0.9555898,0.94590455,0.9559499,0.95768785,0.9443652,0.96766025,0.95921135,0.9546209,0.9588092,0.97225606,0.95836604,0.94667935,0.96110684,0.8736658,0.96146834,0.93622625,0.962197,0.95977354,0.97115964,0.96004194,0.95918673,0.9597699,0.95056117,0.9588799,0.95059437,0.95726466,0.9508952,0.9418889,0.9509748,0.9494776,0.9580395,0.9284685,0.9595836,0.94101554,0.9471833,0.9539639,0.94657207,0.9470406,0.95569485,0.9499613,0.96200275,0.94946057,0.97906214,0.9602429,0.9573115,0.9648571,0.9577334,0.95971704,0.9433842,0.94510937,0.9620761,0.95268965,0.96037513,0.94227666,0.9693197,0.91606253,0.94312584,0.94723344,0.9605846,0.9567139,0.9526648,0.9469973,0.97906214,0.93279845,0.9556814,0.96402043,0.94696707
arcticmovie,0.96156794,0.9557273,0.9557924,0.94757676,0.9467228,0.9508008,0.9539839,0.94835895,0.9718333,0.9449617,0.95135254,0.94691426,0.9401034,0.9506585,0.96400845,0.955632,0.9999999,0.9418667,0.9492164,0.9487575,0.965269,0.95172566,0.9548982,0.95523393,0.94655275,0.8919781,0.9395004,0.9550603,0.9563006,0.9344394,0.9537132,0.9592037,0.93172324,0.94172406,0.9278404,0.9204908,0.9541812,0.9477925,0.94480395,0.94835854,0.9485379,0.9424379,0.9201993,0.93834096,0.95226216,0.962235,0.9489432,0.94775957,0.93358284,0.9406855,0.9569477,0.96521103,0.940592,0.93293154,0.9473256,0.95272213,0.94765335,0.94797397,0.9563736,0.95284355,0.9411496,0.9524363,0.9613699,0.94930136,0.96127075,0.9410831,0.93746954,0.9442074,0.94073313,0.94333595,0.95086676,0.79437435,0.93758863,0.9441264,0.94161963,0.9270107,0.91232187,0.94170606,0.955443,0.9338676,0.95306516,0.94289654,0.9433393,0.9472953,0.9573418,0.9462112,0.95162076,0.94072175,0.94776964,0.96097696,0.9450012,0.95086676,0.9595199,0.95810115,0.9500111,0.95219594,0.9562566,0.9520801,0.9393387,0.9444994,0.95689887,0.95212674,0.94051,0.94992954,0.9448005,0.95313865,0.947111,0.95492077,0.9456759,0.94725126,0.9553111,0.84728897,0.9501227,0.92776006,0.9458077,0.9537692,0.96122956,0.9483041,0.95369315,0.95719314,0.9492997,0.9557906,0.9474999,0.9478387,0.9509657,0.94579726,0.9501526,0.9424646,0.9509579,0.9202358,0.95342857,0.9489301,0.9625394,0.94557744,0.93423295,0.93754095,0.9438364,0.95060015,0.9517077,0.9510291,0.9718333,0.9616392,0.95243174,0.95830125,0.94695354,0.9591594,0.93654466,0.931369,0.9447928,0.9512096,0.9517256,0.9394888,0.9551224,0.9189478,0.93372184,0.9408235,0.9485494,0.9488507,0.94401723,0.93805367,0.9718333,0.9432982,0.9420184,0.95350313,0.9511639
artofracingmovie,0.951055,0.9480376,0.9479104,0.9421921,0.9621517,0.95043015,0.95339864,0.9455556,0.9688151,0.95297265,0.93372536,0.94642854,0.9328457,0.954463,0.94424415,0.9477719,0.9418667,0.99999994,0.9470036,0.93768615,0.9563354,0.93452376,0.9513282,0.9460673,0.93465954,0.9138333,0.94053894,0.93810326,0.9449469,0.9473111,0.9427098,0.9454821,0.9435,0.9330895,0.9275124,0.914155,0.95860785,0.9469996,0.94947445,0.9412117,0.92636436,0.94120723,0.93151635,0.9330606,0.9487032,0.9512316,0.9479986,0.94109064,0.9482297,0.93934965,0.94530964,0.94635874,0.93948376,0.9438591,0.94010776,0.9576592,0.9508896,0.9492892,0.94675124,0.9446941,0.9442314,0.95487434,0.9458779,0.9406386,0.93856186,0.927629,0.9420794,0.9254157,0.9380926,0.93874425,0.94543123,0.81397593,0.93872875,0.9442883,0.92849994,0.9405122,0.9160956,0.93916243,0.94700664,0.93172,0.9438642,0.9526333,0.94165546,0.9436322,0.95371836,0.951368,0.9482255,0.9489498,0.94849867,0.94090074,0.94419175,0.94543123,0.93797773,0.9447502,0.9566596,0.93769777,0.9440139,0.9541553,0.94343257,0.93499744,0.9551316,0.94331855,0.93895626,0.94663656,0.9533005,0.94330406,0.9428844,0.9478667,0.9363694,0.93110603,0.94891363,0.8564944,0.9454148,0.9203964,0.95225203,0.93899006,0.94721794,0.93344563,0.9563485,0.94803953,0.93284804,0.9411082,0.9384318,0.9392564,0.95794314,0.94056386,0.9435828,0.9434321,0.95005286,0.91922647,0.94562715,0.9500217,0.95066506,0.93435305,0.93434757,0.94152606,0.9386449,0.93540657,0.9492815,0.95913255,0.9688151,0.9483943,0.95045096,0.94229805,0.9390686,0.94383574,0.9369038,0.9457572,0.94602084,0.94933856,0.9462484,0.92623174,0.9459783,0.9161029,0.9262193,0.9363372,0.9522938,0.94064134,0.9452048,0.94397444,0.9688151,0.9360536,0.94583946,0.9505734,0.94927806
avengers,0.9745271,0.94648606,0.95765716,0.93965924,0.9418115,0.9449887,0.9552197,0.96888304,0.9728187,0.93634427,0.93851596,0.94374025,0.93282926,0.9422565,0.9603014,0.9526254,0.9492164,0.9470036,1.0000001,0.94384134,0.95002776,0.9494713,0.9476334,0.946897,0.93880415,0.88141507,0.92768997,0.94372946,0.9525471,0.9415384,0.97182035,0.9527574,0.94099027,0.9437359,0.93513846,0.91672707,0.95512193,0.95360047,0.95195115,0.9446758,0.9431384,0.9493944,0.9321707,0.9372967,0.95394474,0.94890136,0.9430469,0.94509584,0.9213181,0.9421749,0.9509409,0.9493596,0.93554664,0.9494289,0.9543706,0.9484841,0.94446576,0.9582581,0.95451295,0.9445659,0.9432343,0.95205075,0.9579326,0.945185,0.9380803,0.9237494,0.94700146,0.95228857,0.9434539,0.9382634,0.9416275,0.8174035,0.9313923,0.9445625,0.9334926,0.9463301,0.9278466,0.9563724,0.9547104,0.93754965,0.94286096,0.9409781,0.9441137,0.94714314,0.9530154,0.9405041,0.9527486,0.93350285,0.942702,0.94861037,0.9514594,0.9416275,0.9551462,0.9479157,0.9604098,0.94178927,0.95140153,0.951416,0.9499917,0.93094695,0.94802594,0.9452332,0.94230026,0.9503833,0.9252322,0.9529448,0.94613695,0.950223,0.9474541,0.92896765,0.94838643,0.8633424,0.9618234,0.9187874,0.95011157,0.95026994,0.9621397,0.94191444,0.9619262,0.9595529,0.9431944,0.9618704,0.9417023,0.95061487,0.95038915,0.9388546,0.9437085,0.95669,0.9554522,0.9366695,0.94752395,0.951505,0.9428143,0.9463402,0.9405794,0.9448324,0.9494396,0.93639064,0.9394527,0.94294167,0.9728187,0.95095384,0.949496,0.9519681,0.95000696,0.9476188,0.9535159,0.94310445,0.95431477,0.9562051,0.95876384,0.94047356,0.94881415,0.92597246,0.9388161,0.9299404,0.95292246,0.9369706,0.95127285,0.94743437,0.9728187,0.93035257,0.9489511,0.9509101,0.9451293
beachbummovie,0.9550453,0.9406833,0.94791657,0.9360642,0.9366392,0.9456641,0.95251507,0.94594765,0.9668109,0.9366025,0.9396953,0.9409398,0.9322846,0.9437013,0.96482974,0.94536364,0.9487575,0.93768615,0.94384134,1.0000002,0.9502761,0.9526727,0.9490058,0.9419121,0.947253,0.8823537,0.932586,0.95113665,0.9529236,0.9443233,0.9422611,0.9511021,0.9397257,0.9472804,0.92471653,0.9178128,0.9507554,0.9480508,0.9401208,0.9455044,0.9437014,0.94374514,0.922823,0.9433484,0.9499858,0.95747995,0.9418568,0.93329763,0.9333583,0.94858605,0.9529064,0.9566949,0.953763,0.94433105,0.9358216,0.9358363,0.9414971,0.9435661,0.94593257,0.9505727,0.9338163,0.9355558,0.94951916,0.9448932,0.94771403,0.93012065,0.9315223,0.9411814,0.9359823,0.94793034,0.946666,0.77341896,0.92899805,0.9449891,0.9394419,0.92604244,0.916903,0.9395742,0.94926673,0.93252414,0.9461755,0.95006365,0.9306509,0.9377201,0.9527953,0.9306228,0.9407467,0.92718893,0.9449477,0.9505481,0.9385641,0.946666,0.9473338,0.9391842,0.9482224,0.9533355,0.944761,0.9626338,0.9268834,0.9411972,0.94247395,0.952283,0.9421941,0.94598,0.94363564,0.95021576,0.94525355,0.9435149,0.94135153,0.9434388,0.95277095,0.8418932,0.9478465,0.9134017,0.93806213,0.9387414,0.95661503,0.9404251,0.9495857,0.9522326,0.93383384,0.9509018,0.9374126,0.9467933,0.9486564,0.93531525,0.94582367,0.9454271,0.9472882,0.920426,0.9445192,0.9301226,0.944872,0.9319517,0.93045956,0.9476164,0.9427604,0.93169194,0.9504115,0.9512913,0.9668109,0.9522515,0.9340729,0.9452802,0.9484567,0.94487137,0.9358659,0.93605876,0.94311607,0.94758433,0.94856596,0.9373078,0.9460428,0.91662234,0.9219972,0.9394705,0.9397892,0.938048,0.9429561,0.9381893,0.9668109,0.93259156,0.9508673,0.9562412,0.94585556
bernadettefilm,0.965273,0.9582778,0.95212185,0.94044536,0.954127,0.9508638,0.9543823,0.959588,0.97717845,0.9568055,0.9466614,0.9487261,0.94184715,0.95671326,0.95688015,0.9590031,0.965269,0.9563354,0.95002776,0.9502761,0.9999997,0.9588057,0.95833063,0.95634055,0.9405001,0.908666,0.9470486,0.94351584,0.9620765,0.9371841,0.94843024,0.95739836,0.9317639,0.9548427,0.9472458,0.93465567,0.95939183,0.95382786,0.9503145,0.94774264,0.9542164,0.95691025,0.9393038,0.9481472,0.9585874,0.9522375,0.9547984,0.95052165,0.9548289,0.9527352,0.9636807,0.95977485,0.94093907,0.9432344,0.9542829,0.95662016,0.95671594,0.9565874,0.95384777,0.9589944,0.9433349,0.9491468,0.96225244,0.9469288,0.957996,0.9385523,0.9409835,0.940159,0.9459682,0.9558517,0.95586437,0.8176663,0.9428221,0.9470373,0.9429577,0.9383446,0.9143169,0.95164514,0.9582585,0.9363004,0.95819753,0.94856,0.9526836,0.9578768,0.96273893,0.9546763,0.95391583,0.9425275,0.9487644,0.969105,0.9457711,0.95586437,0.9513968,0.95167404,0.9631582,0.95164955,0.9553499,0.96006817,0.94875383,0.9465599,0.9541888,0.9525063,0.95424855,0.96031934,0.950216,0.95678407,0.95515305,0.9551926,0.9519975,0.93991786,0.961482,0.8545993,0.9545529,0.9337315,0.95984554,0.9566811,0.96093726,0.94339156,0.9647544,0.9577013,0.94682735,0.9527727,0.95494366,0.95321876,0.95969665,0.94595057,0.95548517,0.9468856,0.95855415,0.9299262,0.97376394,0.9508931,0.9435541,0.9451373,0.9442626,0.9473633,0.9483783,0.93871725,0.96011525,0.9543402,0.97717845,0.9650689,0.9463616,0.9570836,0.9464965,0.9563027,0.950844,0.9473533,0.953297,0.9541551,0.95181745,0.93497235,0.9468781,0.9159899,0.9449236,0.9516089,0.95326823,0.95835155,0.9592717,0.95012134,0.97717845,0.9451802,0.94573116,0.95865935,0.9589883
