movie,21bridgesmovie,47metersdown,abeautifuldaymovie,abominablemovie,adastramovie,adogsjourneymovie,aftermathmovie,aftermovie,ahiddenlifefilm,alitamovie,angelhasfallen,angrybirdsmovie,annabellemovie,annamovie,apollo11movie,arcticdogsmovie,arcticmovie,artofracingmovie,avengers,beachbummovie,bernadettefilm,blackandbluemovie,blackchristmas,blindedbythelightmovie,bombshellmovie,booksmart,breakthroughmovie,brianbanksmovie,brightburnmovie,brittanyrunsmov,captainmarvelofficial,captivestatemovie,catsmovie,charliesangels,childsplaymovie,clarathefilm,coldpursuitmovie,countdown,currentwarmovie,darkwatersmovie,detectivepikachumovie,disneyaladdin,disneyfrozen,disneymaleficent,doctorsleepmovie,dolemiteismyname,dontletgomovie,doramovie,downtonabbey_official,dumbo,escaperoom,everybodyknowsmovie,fastandfuriousmovie,fightingwmyfam,fivefeetapartfilm,fordvferrari,freaksthefilm,geminimanmovie,glassmovie,gloriabellmovie,godzillamovie,goldfinchmovie,goodboysmovie,goodliarmovie,gretafilm,halathemovie,happydeathdaymovie,harrietfilm,hellboymovie,hersmellmovie,highlifemovie,highstrungmovie,honeyboymovie,hotelmumbaifilm,httydragon,hustlemovie,hustlersmovie,isntitromantic,itmovieofficial,jayandsilentbob,johnwickmovie,jojorabbitmovie,jokermovie,judythefilm,jumanjimovie,justmercyfilm,knivesout,lalloronamovie,lastblackmansf,lastchristmasthemovie,latenightmovie,lighthousemovie,lionking,littlethemovie,littlewomenmovie,littlewoodsfilm,longshotmovie,lordsofchaosmovie,lucyintheskyfilm,mamovie2019,marriagestory,meettheaddams,meninblack,midsommarmovie,midwaymovie,missbalamovie,missinglinkfilm,motherlessbklyn,onceinhollywood,onthebasisofsex,overcomermovie,peanutbutterfalcon,petsematarymovie,piercingmovie,playingwithfire,playmobilthemovie,pomsmovie,queenandslim,rambomovie,readyornotfilm,richardjewellfilm,rocketmanmovie,scarystoriesmovie,secretlifeofpets,serenityfilm,shaftmovie,shazammovie,spidermanmovie,spiesindisguise,starwars,stormboymovie,stubermovie,taosdfilm,teenspiritmov,terminator,theaeronautsmov,thebestofenemies,thedeaddontdie,thefarewell,thehighwaymen,thehummingbirdprojectfilm,theintrudermovie,theirishmanfilm,thekitchenmovie,thelegomovie,themustangfilm,thenightingalefilm,theprodigymovie,thesunisalsoastar,theupsidefilm,tolkienmovie,toystory,triplefrontier,uglydolls,uncutgems,underthesilverlake,usmovie,wavesmovie,whatmenwant,wonderparkmovie,wrinklestheclown,xmenmovies,yardiefilm,yesterdaymovie,zombieland
21bridgesmovie,0.99999964,0.94202226,0.9539004,0.9481182,0.95151436,0.9434131,0.949058,0.959927,0.9710354,0.9453424,0.9555348,0.9325368,0.9391401,0.9481633,0.9549696,0.949713,0.93657225,0.9539724,0.9689027,0.9452169,0.9187648,0.95789814,0.95628756,0.9565455,0.94716555,0.8597085,0.9483964,0.94246304,0.95455945,0.94077694,0.9461226,0.9403833,0.9310317,0.9357701,0.94014066,0.9269061,0.9477502,0.9617992,0.94457257,0.9439488,0.9424771,0.95072526,0.94043136,0.96020925,0.96158147,0.9511861,0.94915897,0.9484443,0.9332766,0.9584715,0.9500425,0.9430777,0.94597745,0.9365059,0.9368217,0.9620431,0.93819886,0.9457753,0.957865,0.95731413,0.9278707,0.9379727,0.94659895,0.9425717,0.9364696,0.95209527,0.9337789,0.94567347,0.93257034,0.93937516,0.9577813,0.73897094,0.9371157,0.95123494,0.93466914,0.9328551,0.94139236,0.9397927,0.9387424,0.9304646,0.9481736,0.93577623,0.94872254,0.9464099,0.9379214,0.9404719,0.9446266,0.9521561,0.94456863,0.952604,0.94099855,0.9577813,0.9570652,0.9461967,0.94001853,0.9477159,0.94253504,0.94896007,0.94378483,0.951837,0.9477811,0.9474089,0.94051516,0.95191157,0.94310576,0.9466444,0.95760494,0.94913226,0.9461647,0.9380111,0.9479624,0.87787485,0.94988126,0.909553,0.9487426,0.9668005,0.98746765,0.9420324,0.95107275,0.9456919,0.93767095,0.9484216,0.9526899,0.9465327,0.9497734,0.9516568,0.9381787,0.94666934,0.94946116,0.94206035,0.9320558,0.9408542,0.94290066,0.95169175,0.9425733,0.9464731,0.9661312,0.9403919,0.94994473,0.9244723,0.9710354,0.95834696,0.94581544,0.935192,0.93076813,0.9382246,0.93414634,0.9419027,0.94324553,0.9551989,0.9498607,0.96260977,0.9454833,0.9301692,0.9509379,0.95197725,0.95639825,0.96005815,0.9471714,0.9516116,0.9710354,0.9383807,0.94942576,0.955144,0.9483276
47metersdown,0.94202226,0.9999998,0.94273776,0.93754464,0.94642645,0.946038,0.949375,0.95146376,0.96824896,0.9440022,0.95376235,0.9433855,0.94592583,0.95035934,0.95810163,0.9565367,0.9378348,0.9499442,0.9364087,0.9477851,0.9214358,0.95010686,0.95077866,0.9527197,0.9334335,0.8683981,0.9501484,0.92976683,0.9526473,0.9316105,0.93874013,0.9480737,0.93325716,0.9371709,0.9441003,0.9305689,0.9447324,0.9528163,0.94395214,0.93600345,0.92740905,0.9313633,0.9254994,0.9498122,0.952459,0.9460258,0.9524947,0.9521543,0.93395174,0.94192755,0.95341045,0.95058095,0.94812804,0.9328926,0.9409968,0.9395616,0.9266375,0.94576174,0.9346534,0.9563568,0.9443394,0.93420386,0.93587583,0.9481257,0.94844043,0.9427145,0.9431906,0.9503361,0.92701864,0.938485,0.9595562,0.76310426,0.91002125,0.9428517,0.9369444,0.93997145,0.9390595,0.9433913,0.92795855,0.93188506,0.94031817,0.94484836,0.94111013,0.94484,0.93729043,0.94768167,0.9439807,0.9567481,0.95524883,0.94114035,0.9307499,0.9595562,0.93625927,0.9540769,0.935956,0.9411783,0.9499715,0.95406497,0.9440506,0.9412583,0.94266117,0.9376295,0.9325392,0.94643986,0.96415114,0.94586945,0.9544575,0.9447111,0.95070326,0.9323443,0.95217925,0.8805095,0.9500147,0.9026341,0.9452096,0.949335,0.95627785,0.94389755,0.94026506,0.945254,0.9358129,0.9378423,0.9534313,0.9440747,0.9423508,0.94682896,0.93183094,0.9470913,0.94681823,0.9243675,0.93113434,0.9316598,0.94061816,0.93492657,0.9536718,0.93763864,0.93793756,0.9386655,0.9616852,0.9297146,0.96824896,0.95351464,0.9401969,0.9393265,0.9270346,0.93432444,0.94342226,0.9364795,0.9353856,0.94248474,0.9535085,0.9460542,0.9260083,0.8987192,0.95285106,0.96161675,0.9471395,0.9462468,0.9449599,0.94945973,0.96824896,0.93476945,0.9436448,0.9463692,0.9488653
abeautifuldaymovie,0.9539004,0.94273776,1.0000002,0.9581986,0.9544277,0.94780135,0.9560938,0.96238434,0.9785092,0.9486191,0.96659493,0.9469666,0.95739484,0.9637541,0.9622889,0.95266753,0.94893676,0.9641607,0.9488551,0.94841504,0.93851227,0.9685163,0.954355,0.95797426,0.9475149,0.8843508,0.9580563,0.9566337,0.9769511,0.9463259,0.9482553,0.95910966,0.9336901,0.9620415,0.95555776,0.9253066,0.9543121,0.951953,0.95608824,0.9576186,0.95851487,0.9459434,0.92985165,0.9528716,0.96649265,0.95462894,0.95421016,0.9417547,0.945381,0.95040345,0.9787533,0.95604515,0.9586947,0.9528779,0.946808,0.9576872,0.9525734,0.95161057,0.9569789,0.96011233,0.95063317,0.9600867,0.9530638,0.9652224,0.94309604,0.9502291,0.94793385,0.95567846,0.94536155,0.952421,0.96446866,0.7455102,0.9300589,0.95672065,0.941582,0.9417138,0.9360157,0.94738525,0.94605124,0.946056,0.95064884,0.94687927,0.96334606,0.9580747,0.96295434,0.94158536,0.9588822,0.9657066,0.95452905,0.95528597,0.9501032,0.96446866,0.9525002,0.95359176,0.97192216,0.9634628,0.957258,0.9541586,0.9477562,0.9538166,0.95212686,0.9433115,0.955736,0.9629173,0.9490301,0.9684969,0.95747113,0.96631527,0.963425,0.954273,0.95777524,0.8815527,0.96478796,0.9080426,0.95958734,0.96374005,0.963528,0.9535594,0.9540697,0.9561052,0.9524694,0.95976514,0.96773547,0.9597314,0.96035624,0.9491292,0.9524869,0.9626211,0.9642825,0.92790025,0.9543588,0.958145,0.9601339,0.9522382,0.95365655,0.9470734,0.94836146,0.9531003,0.96596,0.93875426,0.9785092,0.9757616,0.963026,0.9596505,0.95159286,0.9394263,0.94443864,0.96312237,0.9600013,0.951095,0.9596612,0.9662244,0.9550519,0.9016793,0.9558261,0.9576824,0.95396096,0.95060676,0.9627381,0.9636183,0.9785092,0.9535329,0.9543406,0.9579993,0.9738387
abominablemovie,0.9481182,0.93754464,0.9581986,0.9999999,0.95267296,0.9521405,0.95667577,0.94794416,0.97628397,0.95482016,0.9650053,0.94572407,0.96689636,0.9511485,0.96227676,0.9502159,0.9472558,0.95547265,0.9471399,0.94112414,0.9321911,0.94963336,0.9505448,0.9549044,0.93868643,0.86828256,0.94380045,0.9520849,0.96268916,0.94100326,0.94838864,0.95643467,0.92604166,0.9437377,0.9584396,0.92939633,0.9640867,0.95432335,0.964055,0.9566359,0.934029,0.9438223,0.9252375,0.9551144,0.9601751,0.9581396,0.9442413,0.9449485,0.94384223,0.95170146,0.96138394,0.95701635,0.9500239,0.9403302,0.9327161,0.9441778,0.938151,0.955743,0.966419,0.9603299,0.94606483,0.95586455,0.9549112,0.9552274,0.93526584,0.94211406,0.93863285,0.95577615,0.94682276,0.94611907,0.9636408,0.7319864,0.93017155,0.9572066,0.96487516,0.9348482,0.9333336,0.9428179,0.94650203,0.9384297,0.9544944,0.95771486,0.9575721,0.9497517,0.9541793,0.95368457,0.95762724,0.95593977,0.95199347,0.9546957,0.9465343,0.9636408,0.96223617,0.9480425,0.95447004,0.96782345,0.95775783,0.9568285,0.94894147,0.95198673,0.953266,0.9395691,0.94516474,0.96034235,0.9513626,0.9552135,0.9558748,0.9523712,0.94510615,0.9489798,0.95456064,0.87895876,0.95204383,0.9099844,0.95244086,0.9556382,0.9595768,0.95489657,0.9498029,0.94675744,0.94970167,0.9533643,0.9562493,0.95828474,0.9570391,0.9542374,0.9550227,0.95560783,0.95935994,0.94407225,0.939145,0.9517041,0.94403017,0.9418066,0.95295316,0.9448942,0.94708776,0.9513344,0.9577969,0.93529356,0.97628397,0.95619065,0.95000917,0.9544653,0.94288015,0.950601,0.9473536,0.96499217,0.9526971,0.94739085,0.96186566,0.957036,0.9530371,0.8902088,0.945832,0.9488278,0.95411944,0.95676416,0.95577323,0.941672,0.97628397,0.9577964,0.955402,0.9593414,0.95504653
adastramovie,0.95151436,0.94642645,0.9544277,0.95267296,0.99999976,0.9419073,0.9563471,0.9439087,0.97025055,0.9559691,0.9502216,0.93887514,0.943191,0.9605794,0.96050644,0.93289006,0.933464,0.96380675,0.9372638,0.9332358,0.9182472,0.94573414,0.9478128,0.95093197,0.93119967,0.8675852,0.9587342,0.947864,0.9538172,0.92911774,0.9405615,0.9422625,0.9357285,0.9380938,0.94386613,0.9368341,0.9470628,0.94610846,0.94968003,0.9386378,0.9470613,0.9394029,0.92680705,0.9518393,0.94836485,0.9452353,0.9453873,0.94088805,0.93341905,0.9458822,0.9535773,0.94653094,0.9391839,0.94206965,0.9392513,0.95535946,0.93800426,0.9399167,0.9537767,0.95767194,0.9445831,0.94217545,0.9437173,0.95750827,0.9349728,0.9471616,0.9356261,0.94924045,0.943606,0.94247335,0.95908153,0.7392343,0.92805874,0.94896317,0.94336605,0.9311945,0.93411183,0.93743855,0.93473923,0.94447994,0.94916785,0.9458933,0.95255184,0.95414364,0.9435717,0.9400685,0.9530646,0.95140225,0.9531215,0.9457523,0.93603694,0.95908153,0.9474987,0.9461861,0.94161123,0.95386297,0.9455109,0.95131135,0.94831157,0.9496434,0.94228816,0.92502993,0.935404,0.94943744,0.9527218,0.9453256,0.9511424,0.94873977,0.9435241,0.9318619,0.9610597,0.8882162,0.95148194,0.916923,0.95111185,0.9533474,0.95786387,0.9518148,0.94752926,0.9450474,0.94739556,0.9434409,0.94869643,0.9466508,0.95071065,0.9477922,0.93369055,0.9499549,0.9669433,0.9271798,0.9352922,0.9516557,0.9502393,0.9552982,0.94791275,0.93126804,0.94394785,0.9449794,0.9582086,0.93186617,0.97025055,0.9518028,0.948067,0.9509985,0.93421274,0.93522877,0.9477155,0.9542166,0.9526395,0.9420088,0.96052676,0.95214045,0.9514903,0.89271146,0.95191306,0.95697117,0.9542593,0.9579237,0.9503654,0.9516454,0.97025055,0.95429397,0.9579063,0.9553333,0.949138
adogsjourneymovie,0.9434131,0.946038,0.94780135,0.9521405,0.9419073,1.0000005,0.95547485,0.9458925,0.97405934,0.9499682,0.9556095,0.95798314,0.95295525,0.9518762,0.96459734,0.96166,0.95176613,0.9544391,0.9500425,0.940425,0.9394665,0.9467245,0.9708586,0.96199363,0.94056106,0.86126685,0.94385856,0.94107413,0.9586124,0.94662845,0.94587696,0.9459707,0.93605804,0.94543743,0.94731474,0.9295234,0.9545968,0.9576471,0.9500285,0.94144356,0.94174033,0.94181067,0.9432423,0.9538183,0.95681316,0.9597788,0.96576935,0.9606777,0.935211,0.9454099,0.9575046,0.95320827,0.9681471,0.9411988,0.9516865,0.939808,0.93898416,0.951159,0.95237684,0.9623351,0.9484462,0.9482249,0.9554927,0.9435077,0.94936997,0.94248855,0.9374383,0.9531956,0.95236796,0.937346,0.96407104,0.7353231,0.9292903,0.95511216,0.9497424,0.93519866,0.9602772,0.95354503,0.92812675,0.9556743,0.93907386,0.9635931,0.95754945,0.9487332,0.9428065,0.9597319,0.9539356,0.95115215,0.954641,0.95731413,0.94805586,0.96407104,0.94721454,0.9547615,0.9543695,0.9502651,0.96123314,0.9488133,0.9508454,0.9580643,0.9515604,0.9505794,0.9492145,0.9618489,0.9541188,0.95260644,0.96272594,0.95205635,0.9522363,0.9423293,0.9474125,0.8964484,0.9493489,0.91074646,0.951349,0.95755416,0.9545277,0.9548385,0.95287776,0.94920266,0.95332116,0.953356,0.9563082,0.9709336,0.94719154,0.9458359,0.94453174,0.95102376,0.95147187,0.93944544,0.9424058,0.9330439,0.9550111,0.9394088,0.95660686,0.95254,0.94383913,0.9483499,0.9556969,0.94465744,0.97405934,0.95037055,0.9533883,0.9488747,0.9492001,0.9382619,0.94155425,0.9479653,0.94880533,0.94309855,0.9561834,0.9555367,0.9462759,0.89917415,0.947174,0.96216065,0.96719956,0.95611453,0.94758785,0.95042807,0.97405934,0.9395368,0.95181054,0.9721834,0.9525517
aftermathmovie,0.949058,0.949375,0.9560938,0.95667577,0.9563471,0.95547485,1.0000004,0.96076274,0.9769872,0.95850164,0.9640219,0.94686335,0.9533471,0.953595,0.9682084,0.9516149,0.9502597,0.9619452,0.9456921,0.94800395,0.93778825,0.95614773,0.9589415,0.95747143,0.9425225,0.8722128,0.9511056,0.95006347,0.9664117,0.94513017,0.94648576,0.9506392,0.93882823,0.94957507,0.9414425,0.92935437,0.95720065,0.9463358,0.9565107,0.9427189,0.94534075,0.9460804,0.92821586,0.9536147,0.95898396,0.9537824,0.95312375,0.955876,0.9459692,0.94837373,0.9636011,0.95529926,0.95544815,0.9441205,0.94890267,0.94773924,0.9382519,0.9566613,0.9598122,0.957848,0.9506749,0.9489272,0.95259815,0.9493281,0.94843566,0.95172495,0.95063007,0.9608789,0.9509925,0.9545672,0.95778805,0.7479224,0.91932815,0.9493383,0.9327185,0.9480303,0.93876904,0.9491562,0.94721496,0.95762175,0.95105517,0.969554,0.9591819,0.9429304,0.94460505,0.95652413,0.951156,0.9615602,0.94894713,0.96378505,0.94115293,0.95778805,0.9546555,0.9577182,0.95597416,0.9627933,0.95483786,0.9489767,0.9664395,0.9523908,0.9562451,0.94434947,0.9413857,0.9557721,0.9596563,0.95860195,0.95681673,0.9559343,0.9508322,0.9306352,0.9615485,0.8906059,0.9545584,0.90780276,0.94848967,0.9569994,0.957181,0.9382421,0.9506046,0.9862747,0.9449561,0.9564487,0.95943683,0.9502195,0.95598507,0.9553949,0.946931,0.9537753,0.96576905,0.9307028,0.94237673,0.9499363,0.9520061,0.9562462,0.9623059,0.94739896,0.94494295,0.94682676,0.9525678,0.9503912,0.9769872,0.95746624,0.95210457,0.9533082,0.9503706,0.9438725,0.9508498,0.9455999,0.95650214,0.95298016,0.9857955,0.95426667,0.9513408,0.91678786,0.9496659,0.9566467,0.9506344,0.9546874,0.9582252,0.9494675,0.9769872,0.9536126,0.9548171,0.96593374,0.9567746
aftermovie,0.959927,0.95146376,0.96238434,0.94794416,0.9439087,0.9458925,0.96076274,0.9999998,0.9799514,0.9489978,0.96015054,0.93643,0.95945,0.9641059,0.95722556,0.9603137,0.95910215,0.96111345,0.94785726,0.9449933,0.95077163,0.9595964,0.95460457,0.96191907,0.9528953,0.8825537,0.9555119,0.95729196,0.9652962,0.9525545,0.9481559,0.94697064,0.92787683,0.9532795,0.9534023,0.9341075,0.95723695,0.9557503,0.95640695,0.9523104,0.9568088,0.95585775,0.9318043,0.9631885,0.96047235,0.9531972,0.95593363,0.95642734,0.9425973,0.9613851,0.96159816,0.96055496,0.9490491,0.9543954,0.9563316,0.95440847,0.94712573,0.9548875,0.9441196,0.96060854,0.95610213,0.94296396,0.94388664,0.95273954,0.95750636,0.95047736,0.95465124,0.95684594,0.9380033,0.951853,0.96474147,0.7210745,0.9367076,0.9578816,0.93317825,0.9438285,0.9330166,0.945153,0.94437057,0.94845045,0.9519861,0.9485698,0.9670542,0.94881535,0.9558209,0.9548483,0.9507716,0.9643232,0.95583874,0.96998304,0.94291365,0.96474147,0.952357,0.9636247,0.9561803,0.95016056,0.95695674,0.950883,0.9573146,0.9543455,0.9580173,0.958525,0.93381125,0.96250826,0.9633462,0.96040946,0.9593426,0.95745194,0.9551969,0.9447066,0.96221757,0.85241216,0.9540458,0.9081386,0.9501571,0.96046025,0.96958286,0.9434043,0.9502168,0.9579799,0.9487532,0.9500369,0.95750767,0.9472982,0.958113,0.9542849,0.95626676,0.9531997,0.95829463,0.93520087,0.95783645,0.947914,0.95856345,0.95267236,0.9464784,0.9529766,0.9571995,0.951615,0.95764244,0.9461521,0.9799514,0.95865774,0.9493995,0.9457379,0.9408047,0.9512667,0.95010465,0.95282996,0.95260584,0.9551407,0.9594433,0.9601581,0.94786686,0.91029435,0.9505627,0.95601,0.9590885,0.96080893,0.9635142,0.95254016,0.9799514,0.9490089,0.9544838,0.95512563,0.96138686
ahiddenlifefilm,0.9710354,0.96824896,0.9785092,0.97628397,0.97025055,0.97405934,0.9769872,0.9799514,1.0,0.9737784,0.98258084,0.97054845,0.97667956,0.976672,0.9823293,0.9726089,0.97070026,0.97848934,0.9695246,0.9645175,0.95740545,0.97513145,0.9771335,0.981253,0.966143,0.88883567,0.97174823,0.9692762,0.9822323,0.96607757,0.96605897,0.97170115,0.9530036,0.97136545,0.9748355,0.95521665,0.9780708,0.9723231,0.9731564,0.9716625,0.96989346,0.9698118,0.9551561,0.9808489,0.981011,0.9742204,0.9750066,0.97611594,0.9638499,0.9766171,0.98231024,0.9777494,0.9729437,0.96759593,0.9631631,0.97243327,0.9657189,0.9743661,0.9728035,0.98348606,0.9697419,0.97438246,0.97191095,0.9743827,0.96992016,0.97090083,0.9636371,0.9790879,0.9644625,0.97134364,0.98497516,0.75722486,0.9530279,0.97807205,0.963877,0.9600198,0.9592971,0.96545506,0.9648571,0.965366,0.97147334,0.9708268,0.9804549,0.9733537,0.9711443,0.97252345,0.97195226,0.9825909,0.97781277,0.9783325,0.96890205,0.98497516,0.9750657,0.9742796,0.9742483,0.97668785,0.97718245,0.97576046,0.9709657,0.97683823,0.973012,0.9694433,0.9632078,0.98087746,0.9747254,0.979464,0.98140943,0.9787273,0.9708721,0.9678092,0.977775,0.8985398,0.9771584,0.9344422,0.9744452,0.97856194,0.98316205,0.97047234,0.97400093,0.9720023,0.9738741,0.9745133,0.98034173,0.9747919,0.97639173,0.97215146,0.973854,0.97640586,0.9772756,0.9578604,0.97010225,0.9671085,0.9745326,0.9706478,0.9747388,0.9684386,0.9700475,0.97284347,0.9800899,0.95926565,1.0,0.97817475,0.97086847,0.9723183,0.96686995,0.9642041,0.96782917,0.97355425,0.9748009,0.9708913,0.9783365,0.978726,0.9694787,0.924589,0.97222155,0.976946,0.9776175,0.9775997,0.9741248,0.9739203,1.0,0.9720238,0.97601753,0.98015016,0.9777077
alitamovie,0.9453424,0.9440022,0.9486191,0.95482016,0.9559691,0.9499682,0.95850164,0.9489978,0.9737784,0.9999999,0.9609679,0.9343432,0.948614,0.95122594,0.9626442,0.9442232,0.9471122,0.95182544,0.9428086,0.9431915,0.9249672,0.95387954,0.9521624,0.94939834,0.9279832,0.8810425,0.95514935,0.9467429,0.95841205,0.9411639,0.9439042,0.9439633,0.93629307,0.94484174,0.95125836,0.9353869,0.9642551,0.9503525,0.9530891,0.9501664,0.9362135,0.93724966,0.9289988,0.9547291,0.9501713,0.9446621,0.951048,0.9514174,0.93664414,0.9498636,0.9592951,0.9482062,0.95346403,0.93590343,0.94312036,0.9579554,0.93765926,0.9425312,0.9545254,0.9661444,0.9385066,0.94490397,0.95725244,0.94832844,0.9531287,0.942023,0.9427188,0.95963717,0.95422095,0.9587383,0.9632091,0.7588413,0.9182366,0.9529262,0.941026,0.9526315,0.943207,0.940207,0.9397058,0.93101656,0.95294595,0.9507675,0.95092404,0.9401715,0.9403286,0.9597145,0.9509511,0.96082205,0.95713854,0.9580995,0.9478825,0.9632091,0.950403,0.9417164,0.95961505,0.95885384,0.95424014,0.9512395,0.94539064,0.95127463,0.95215225,0.94379133,0.93836474,0.9637083,0.9599078,0.95047826,0.95547587,0.951855,0.9372071,0.93134797,0.95791095,0.89124066,0.9508327,0.91112447,0.9525762,0.9568182,0.95812386,0.94271564,0.94675696,0.9568649,0.9395554,0.9519528,0.9513399,0.955739,0.9544457,0.947901,0.9461754,0.9578454,0.9596641,0.9435661,0.94430625,0.9494583,0.94588584,0.9404482,0.9593215,0.9464267,0.9500473,0.9399731,0.95436686,0.93153226,0.9737784,0.953136,0.93978786,0.94137204,0.93760484,0.9306132,0.94744253,0.95349264,0.94858885,0.9410386,0.96162313,0.95565104,0.94188076,0.91358554,0.9554469,0.95132154,0.9436377,0.9479459,0.9579212,0.9533434,0.9737784,0.9560182,0.95703137,0.96036583,0.95086557
angelhasfallen,0.9555348,0.95376235,0.96659493,0.9650053,0.9502216,0.9556095,0.9640219,0.96015054,0.98258084,0.9609679,0.99999946,0.94763917,0.95999223,0.95527536,0.9654446,0.9558004,0.951381,0.96371806,0.95168114,0.9469375,0.93471813,0.95775706,0.95823437,0.9649012,0.9463533,0.87322325,0.95759434,0.945111,0.9643541,0.9568768,0.9501241,0.95775145,0.94000417,0.955046,0.9632846,0.93137836,0.9599742,0.9537982,0.95851535,0.9587775,0.9410602,0.9537308,0.9356904,0.96082777,0.96583056,0.9613841,0.954939,0.9570288,0.9431431,0.95771646,0.97035027,0.955705,0.9648568,0.955646,0.9387159,0.9577485,0.94287884,0.96216065,0.9573289,0.9627563,0.9541361,0.9565101,0.9582264,0.9579341,0.94713116,0.9641593,0.95020753,0.9615566,0.960855,0.96013755,0.9623046,0.7491659,0.93643534,0.9547056,0.9556053,0.9346736,0.9409872,0.9483756,0.9500402,0.9567966,0.96959406,0.9562993,0.96216786,0.9548695,0.957223,0.9607503,0.9695554,0.9692282,0.96499884,0.96368253,0.9578921,0.9623046,0.9582134,0.9636268,0.96391124,0.9627245,0.9739847,0.95613766,0.9525007,0.9623762,0.95521116,0.9513323,0.9467364,0.962112,0.9590907,0.9677798,0.9701812,0.9612683,0.95146686,0.948782,0.9620471,0.89751434,0.967092,0.91202533,0.95581985,0.9719001,0.96714306,0.9559892,0.95520985,0.96073264,0.95645195,0.9587495,0.95875764,0.95826423,0.96223104,0.95299816,0.9561926,0.9619665,0.9671971,0.9335905,0.9557612,0.95230204,0.9499686,0.9479959,0.9656723,0.9598894,0.95993376,0.95066166,0.9563493,0.94203717,0.98258084,0.96246487,0.9594676,0.9580414,0.94765407,0.9336854,0.94861203,0.95558906,0.95894235,0.9610713,0.97009945,0.9656596,0.9513607,0.9178302,0.95419294,0.95348865,0.95766944,0.95911014,0.9654991,0.96117014,0.98258084,0.95527655,0.95605445,0.9617578,0.9626115
angrybirdsmovie,0.9325368,0.9433855,0.9469666,0.94572407,0.93887514,0.95798314,0.94686335,0.93643,0.97054845,0.9343432,0.94763917,1.0,0.94124514,0.9460246,0.951263,0.9380573,0.9362136,0.94137585,0.95226383,0.93643475,0.93263,0.9364595,0.9621278,0.9579182,0.9377229,0.85092163,0.93649083,0.9375413,0.95668375,0.94088036,0.94846255,0.94444686,0.9268344,0.9575888,0.93447435,0.9375731,0.9500257,0.9422579,0.9389776,0.9348174,0.93851864,0.9465923,0.9421925,0.95840186,0.95508903,0.95290685,0.95646787,0.9616969,0.92926526,0.9547177,0.960656,0.94512,0.94851756,0.9344434,0.9403954,0.9294708,0.9418651,0.9515473,0.94365335,0.96326786,0.938144,0.95088136,0.94537455,0.93966603,0.9381472,0.9475238,0.9332175,0.94434345,0.94286174,0.94540036,0.9602355,0.75707,0.9182052,0.9518548,0.94153905,0.924523,0.93277645,0.9436778,0.9295137,0.93523055,0.9381158,0.93066853,0.95057344,0.9479178,0.9419591,0.9461123,0.93385065,0.9515845,0.9583741,0.9466393,0.94059974,0.9602355,0.94688725,0.94486696,0.94552714,0.9429197,0.9494788,0.9490927,0.94665235,0.9541547,0.95131254,0.944308,0.93019694,0.9488872,0.940063,0.95777285,0.9582157,0.95160913,0.9441612,0.94631016,0.944816,0.8962734,0.9475153,0.9108306,0.9454019,0.9493521,0.9465949,0.9419083,0.95182216,0.93985397,0.948525,0.94598985,0.95990086,0.9544051,0.9490055,0.9488418,0.94870657,0.9560172,0.94271564,0.93790346,0.9415082,0.93361944,0.94786984,0.94558805,0.9505801,0.94322544,0.9415577,0.9393166,0.961752,0.9436801,0.97054845,0.9475593,0.9482981,0.95004475,0.9533817,0.93547285,0.9468802,0.9317866,0.94217074,0.93521255,0.94334847,0.95090395,0.9486859,0.8935513,0.94459766,0.9520845,0.95998174,0.94930196,0.93133616,0.9461657,0.97054845,0.93961215,0.94726217,0.95824426,0.95353454
annabellemovie,0.9391401,0.94592583,0.95739484,0.96689636,0.943191,0.95295525,0.9533471,0.95945,0.97667956,0.948614,0.95999223,0.94124514,1.0000002,0.9604954,0.9604752,0.9547471,0.9581991,0.9608453,0.9388003,0.9411487,0.9466212,0.9420159,0.95347625,0.96455514,0.9454274,0.8584748,0.9483861,0.95214045,0.95711744,0.9391738,0.94008034,0.9580024,0.9287688,0.9437479,0.9546692,0.9278667,0.96481633,0.95764136,0.95454514,0.9528569,0.94943184,0.9431588,0.9191147,0.95163006,0.96420574,0.94654715,0.9480515,0.94384193,0.9470111,0.9497122,0.9576998,0.9582534,0.94878507,0.9480457,0.9378347,0.9426588,0.9526542,0.9516361,0.95035905,0.95771116,0.96117353,0.9558141,0.95723855,0.9627614,0.95041716,0.9380098,0.9346457,0.9572596,0.9305814,0.94355273,0.96316314,0.7183641,0.9266062,0.9626443,0.94636434,0.93817264,0.93466455,0.94421566,0.94715285,0.9445038,0.94474334,0.9510469,0.97248137,0.95002735,0.97069603,0.95092326,0.95104086,0.971203,0.95422363,0.9533467,0.93610984,0.96316314,0.95410115,0.95731103,0.9567311,0.95452154,0.9577707,0.95329726,0.9549542,0.95248514,0.950472,0.9478874,0.94340724,0.96006626,0.9573782,0.95413893,0.96233994,0.9668383,0.9510326,0.94966435,0.9602374,0.8634599,0.9564152,0.90141326,0.9557305,0.952321,0.9541882,0.94729674,0.95398104,0.9449297,0.9588268,0.95064175,0.9590304,0.95612425,0.95475143,0.9460447,0.9610264,0.9491338,0.9579845,0.93263686,0.94993705,0.9539568,0.9625167,0.9453254,0.9492903,0.9401388,0.9375396,0.94180286,0.95535874,0.94111025,0.97667956,0.9498539,0.95125324,0.9575407,0.9514332,0.94349056,0.93916065,0.95562375,0.9624811,0.9526694,0.9565297,0.95020646,0.95167494,0.8842864,0.94484293,0.95699763,0.9561453,0.95804447,0.9573287,0.9526214,0.97667956,0.9540559,0.9568108,0.95641404,0.95849174
annamovie,0.9481633,0.95035934,0.9637541,0.9511485,0.9605794,0.9518762,0.953595,0.9641059,0.976672,0.95122594,0.95527536,0.9460246,0.9604954,0.99999946,0.9679896,0.953213,0.946604,0.95528936,0.9429541,0.9568753,0.94814205,0.9527758,0.95194083,0.9554099,0.93824875,0.8805551,0.96187806,0.9588816,0.96362376,0.94018817,0.9319055,0.9518049,0.9445816,0.94794756,0.94809324,0.9363032,0.94936854,0.94049686,0.9484129,0.95222545,0.95224446,0.9479135,0.9377741,0.96178395,0.95907867,0.9498343,0.94908756,0.94459,0.9351584,0.9558291,0.96362126,0.943936,0.94693065,0.95786566,0.9342311,0.95251346,0.95072967,0.9466066,0.94863945,0.95946753,0.9530873,0.94941586,0.9469036,0.972442,0.9432686,0.94479036,0.93331176,0.9522449,0.94056475,0.95127,0.9662906,0.72780806,0.9302667,0.9586254,0.9406265,0.93799835,0.9416116,0.94823486,0.939428,0.9470636,0.9484878,0.9521852,0.9619434,0.9472118,0.96203655,0.9426024,0.9566193,0.9645245,0.9618341,0.9574843,0.9359274,0.9662906,0.9497771,0.956769,0.9541364,0.9576483,0.9515224,0.9596705,0.95000875,0.9625147,0.9435823,0.9407827,0.9436569,0.9655337,0.967342,0.95979404,0.96166,0.9675483,0.9565785,0.9431305,0.96139526,0.87581253,0.9508715,0.90723646,0.95494604,0.94681025,0.9537196,0.9538004,0.95484364,0.94844663,0.9491033,0.9513146,0.9614042,0.95651895,0.94812655,0.9502192,0.9517459,0.9607358,0.96102333,0.94201857,0.95637316,0.9547962,0.9663181,0.9498294,0.9454547,0.9423038,0.9426205,0.9393467,0.96864635,0.9393874,0.976672,0.9558543,0.95188653,0.95177245,0.9482639,0.9323703,0.9486484,0.95329785,0.95757544,0.938864,0.9590858,0.96242285,0.94518507,0.90676206,0.9460022,0.958597,0.9537812,0.96151125,0.95659447,0.9541191,0.976672,0.9521815,0.9557457,0.95438623,0.9600569
apollo11movie,0.9549696,0.95810163,0.9622889,0.96227676,0.96050644,0.96459734,0.9682084,0.95722556,0.9823293,0.9626442,0.9654446,0.951263,0.9604752,0.9679896,1.0000002,0.9671239,0.96275973,0.9598215,0.9543087,0.96589273,0.93846387,0.95689017,0.9640376,0.9670102,0.9410121,0.8692031,0.95750785,0.9567264,0.9655076,0.948224,0.95192957,0.95834285,0.9412876,0.95263433,0.9638261,0.9454391,0.9575887,0.96180737,0.95818347,0.9561755,0.9498053,0.95489734,0.9383748,0.9664884,0.97018564,0.95731497,0.9616153,0.9583328,0.95086837,0.9589274,0.9630907,0.9614013,0.95688033,0.94628984,0.9526782,0.9522981,0.9468874,0.96002156,0.96195084,0.9647294,0.94727844,0.9560783,0.96122265,0.9576007,0.9571792,0.9557635,0.94819915,0.9671622,0.9467397,0.9523088,0.97054327,0.7546065,0.93951225,0.9593733,0.9477254,0.9507127,0.94918066,0.95805085,0.9400361,0.9498869,0.95407057,0.96545035,0.96141195,0.95505935,0.95077145,0.9623119,0.9581036,0.9678583,0.9607411,0.9631996,0.95420367,0.97054327,0.96094793,0.9564844,0.9540072,0.97721386,0.95756453,0.9637186,0.9564346,0.9596972,0.9542371,0.95231843,0.9491079,0.9675711,0.96270114,0.9539033,0.96420646,0.96574694,0.96292263,0.93727,0.96039516,0.90241516,0.96908444,0.9269129,0.96235627,0.9610585,0.9651178,0.9554553,0.95816916,0.95616263,0.96037793,0.9632442,0.9660766,0.9589716,0.95920825,0.96398455,0.95326865,0.95904,0.96004015,0.94087386,0.94604385,0.9517191,0.96983516,0.95575106,0.9680701,0.95306504,0.9457036,0.9591425,0.96715313,0.94203955,0.9823293,0.9619341,0.956684,0.95536435,0.95032305,0.948663,0.9519151,0.9566986,0.9543996,0.95456135,0.9691942,0.9674299,0.95422345,0.90706533,0.96108514,0.9647674,0.9568658,0.9673239,0.95542955,0.9549609,0.9823293,0.9571077,0.9590646,0.96691585,0.9525155
arcticdogsmovie,0.949713,0.9565367,0.95266753,0.9502159,0.93289006,0.96166,0.9516149,0.9603137,0.9726089,0.9442232,0.9558004,0.9380573,0.9547471,0.953213,0.9671239,1.0000001,0.9581464,0.9547465,0.94568825,0.94519657,0.9360698,0.95040727,0.955401,0.9574967,0.9404632,0.8659095,0.9527519,0.9402389,0.9559287,0.9403164,0.9338226,0.9487447,0.93255585,0.94765496,0.95185626,0.91677773,0.94564277,0.96013695,0.9473978,0.9478976,0.94491863,0.94536406,0.93279654,0.9539895,0.96458226,0.9524691,0.95602506,0.95610034,0.94325626,0.9481557,0.9543894,0.95537364,0.9593789,0.9418414,0.9469746,0.94274104,0.93780416,0.95815367,0.94020975,0.9496078,0.9414202,0.9416635,0.9482489,0.9479217,0.9474984,0.94228333,0.94096065,0.95552,0.9368882,0.9349332,0.9564888,0.7337546,0.9240066,0.9500861,0.9364622,0.94159734,0.949062,0.9465586,0.9308268,0.9408538,0.9347688,0.9531421,0.95779765,0.94674397,0.9457676,0.9544028,0.94495255,0.9593064,0.9449171,0.95231444,0.9369673,0.9564888,0.95173717,0.96075606,0.9486772,0.9440161,0.9582674,0.94010997,0.94097465,0.94774646,0.9487307,0.9483273,0.9470199,0.9543939,0.9579966,0.9498744,0.9614383,0.9612593,0.95880175,0.9368689,0.94777435,0.8757138,0.9597742,0.893779,0.95292693,0.94831675,0.9617361,0.9450885,0.94142246,0.9432411,0.9538116,0.9544121,0.95459354,0.9505926,0.9490568,0.9420068,0.9447771,0.9411951,0.9508089,0.9273786,0.9389906,0.9371503,0.95458066,0.9381085,0.9523945,0.94701076,0.93570495,0.9483946,0.9533718,0.9319181,0.9726089,0.9555449,0.94818443,0.93578815,0.93424946,0.9431412,0.9329815,0.94182897,0.9412816,0.9479541,0.95148647,0.95244235,0.9360526,0.8991868,0.9473122,0.9568397,0.9509323,0.9511385,0.9541736,0.94742113,0.9726089,0.947294,0.949347,0.9553535,0.9512048
arcticmovie,0.93657225,0.9378348,0.94893676,0.9472558,0.933464,0.95176613,0.9502597,0.95910215,0.97070026,0.9471122,0.951381,0.9362136,0.9581991,0.946604,0.96275973,0.9581464,1.0000001,0.9475854,0.9380072,0.9299558,0.9302152,0.93858236,0.94993114,0.9512992,0.9371714,0.8644265,0.9403818,0.96085644,0.9546587,0.9480264,0.93988657,0.9428615,0.91923267,0.9484922,0.9552238,0.9212396,0.95137215,0.9534049,0.9481936,0.9411879,0.9334676,0.9361928,0.91825205,0.95026207,0.95388186,0.94691014,0.956066,0.9512799,0.9415245,0.9427197,0.94929034,0.9546592,0.9405825,0.9284006,0.94781816,0.9399004,0.9279371,0.9564851,0.9408576,0.95139134,0.9310296,0.9496898,0.95841247,0.9398315,0.9527292,0.9357034,0.93707585,0.95234245,0.93473214,0.9467131,0.9608092,0.73910356,0.9140312,0.94682974,0.9290178,0.93900585,0.9368514,0.9401354,0.9397044,0.9317713,0.9335446,0.944844,0.948453,0.93258864,0.93920803,0.95474654,0.9410045,0.95433265,0.9443416,0.95495045,0.9472843,0.9608092,0.9524837,0.9393744,0.9461948,0.9480111,0.9528593,0.943905,0.9451657,0.94592166,0.94880146,0.9460656,0.93444425,0.9539433,0.95182383,0.9411989,0.9517335,0.95693856,0.9385945,0.93385845,0.9478746,0.8681917,0.94866,0.9143273,0.9466831,0.94564164,0.950059,0.93675214,0.9472051,0.94057596,0.95663905,0.9489559,0.95122236,0.9445611,0.9521651,0.94144773,0.95249134,0.941667,0.94680196,0.94675773,0.94281745,0.94022703,0.97584414,0.94487244,0.9497321,0.9472602,0.92965615,0.94231164,0.9514047,0.93466777,0.97070026,0.94792753,0.94373924,0.9483379,0.94086397,0.9396052,0.9346846,0.9427065,0.94898766,0.9421761,0.9440429,0.9473876,0.9395883,0.8950004,0.94533724,0.9513963,0.94654924,0.94918054,0.9378912,0.9401399,0.97070026,0.94415057,0.9475854,0.9555451,0.9436223
artofracingmovie,0.9539724,0.9499442,0.9641607,0.95547265,0.96380675,0.9544391,0.9619452,0.96111345,0.97848934,0.95182544,0.96371806,0.94137585,0.9608453,0.95528936,0.9598215,0.9547465,0.9475854,1.0,0.9344286,0.9414924,0.9369331,0.95639735,0.95262384,0.9650834,0.9596829,0.87403125,0.96301883,0.94200206,0.9576623,0.942597,0.93674874,0.95848536,0.92511195,0.94696337,0.95126855,0.92748064,0.9580809,0.95787764,0.96485066,0.95515066,0.95680374,0.9517249,0.926573,0.9554217,0.9647693,0.95496136,0.95057124,0.9445692,0.9505858,0.9556573,0.9623044,0.96185243,0.9571286,0.9531694,0.94364154,0.9624705,0.94233644,0.95015717,0.94474167,0.96441805,0.9478397,0.96003735,0.9536755,0.9569658,0.9439322,0.9530246,0.9446779,0.9619864,0.9458358,0.95226026,0.96225107,0.71581113,0.9373013,0.95334256,0.9407424,0.94138354,0.9465618,0.9422919,0.95116603,0.946689,0.9508284,0.95403504,0.96171737,0.9521157,0.95649815,0.94206023,0.95989054,0.9637901,0.9602476,0.95390177,0.9516586,0.96225107,0.95090926,0.955639,0.9604285,0.9555652,0.9583257,0.9563137,0.9576861,0.9503935,0.9545131,0.9465817,0.95195895,0.96339303,0.95145506,0.9598547,0.9650904,0.95661825,0.952103,0.94666106,0.96756613,0.87516785,0.9627967,0.8957234,0.9549801,0.96615446,0.9693057,0.9442734,0.9549993,0.960353,0.9505438,0.9516218,0.9534023,0.9573841,0.956536,0.94358265,0.95285344,0.95029986,0.9717789,0.919004,0.9465261,0.9499431,0.95433706,0.952832,0.950749,0.9461561,0.94927406,0.96093875,0.9587419,0.9596018,0.97848934,0.95910704,0.9543939,0.95719373,0.93381655,0.9506793,0.9404664,0.9547602,0.95757717,0.9636465,0.9664782,0.9567155,0.95796317,0.90090346,0.9501345,0.95977724,0.9594606,0.9608977,0.9586229,0.9611688,0.97848934,0.9501562,0.96296155,0.96191984,0.9577175
avengers,0.9689027,0.9364087,0.9488551,0.9471399,0.9372638,0.9500425,0.9456921,0.94785726,0.9695246,0.9428086,0.95168114,0.95226383,0.9388003,0.9429541,0.9543087,0.94568825,0.9380072,0.9344286,0.9999996,0.942732,0.9250038,0.9536753,0.95612067,0.9506878,0.94308954,0.87623084,0.94163746,0.9392619,0.95540226,0.93988144,0.9660116,0.9376685,0.92389166,0.94546276,0.94724494,0.9438774,0.94271237,0.945164,0.93803054,0.93823326,0.93396306,0.9434024,0.9467084,0.9603774,0.95846814,0.95825857,0.9500974,0.95875126,0.9329859,0.9554078,0.9472391,0.9425213,0.9504173,0.9280879,0.94326085,0.9426035,0.94123787,0.94113195,0.9514434,0.9617466,0.93442744,0.9411026,0.9516377,0.9354863,0.9448523,0.93968064,0.9323953,0.94269615,0.9355177,0.9448085,0.96246696,0.7712066,0.92331165,0.95193815,0.93992466,0.93265444,0.9369372,0.94704187,0.93692696,0.93646467,0.93234426,0.9302006,0.9437932,0.9550492,0.9310916,0.9500856,0.940469,0.9520154,0.9444572,0.95172024,0.94050413,0.96246696,0.955482,0.9468267,0.94112927,0.94398624,0.949553,0.9500286,0.9390354,0.9539071,0.9493616,0.9477653,0.93720853,0.95400083,0.94034356,0.9428458,0.9552928,0.9520517,0.93943024,0.9494866,0.93742615,0.8898483,0.94623345,0.9315774,0.95285827,0.95921165,0.9600449,0.94230515,0.9436896,0.93518597,0.9414653,0.9506891,0.960047,0.9462049,0.94041175,0.9475834,0.93833184,0.94710404,0.93474394,0.9523453,0.9312781,0.9349796,0.93976015,0.9467566,0.94208306,0.9443978,0.95455897,0.9394212,0.9552189,0.93011755,0.9695246,0.9501883,0.95027494,0.9399331,0.9478414,0.9337693,0.94147867,0.9418038,0.94327706,0.942807,0.9473117,0.9551009,0.9422913,0.9130475,0.95409864,0.9492489,0.9519964,0.95405316,0.9386317,0.9445856,0.9695246,0.9350355,0.9409445,0.9560332,0.9461228
beachbummovie,0.9452169,0.9477851,0.94841504,0.94112414,0.9332358,0.940425,0.94800395,0.9449933,0.9645175,0.9431915,0.9469375,0.93643475,0.9411487,0.9568753,0.96589273,0.94519657,0.9299558,0.9414924,0.942732,0.99999964,0.92426187,0.956953,0.94284177,0.9430369,0.938687,0.85893375,0.9388737,0.9399434,0.9570301,0.93104315,0.933448,0.9398791,0.9284681,0.93849784,0.9332863,0.9278846,0.9494633,0.9389768,0.94084233,0.9457353,0.9326682,0.9249379,0.9116939,0.9432416,0.9482619,0.9548541,0.9342881,0.93991226,0.9289595,0.9395243,0.9531293,0.9371531,0.9335979,0.9323638,0.9311968,0.9373221,0.92964935,0.93488187,0.9409861,0.9540279,0.9392635,0.94110864,0.9373942,0.9427631,0.9399054,0.93495,0.9326262,0.94366705,0.9313381,0.9412293,0.95615035,0.74610895,0.91976196,0.94655263,0.93108386,0.9335163,0.9266866,0.9416792,0.9281471,0.92890227,0.9462314,0.94216067,0.93671316,0.93828315,0.93409044,0.9480678,0.93899053,0.95285463,0.9531264,0.94922626,0.9352156,0.95615035,0.93671525,0.94397557,0.9417794,0.9494274,0.94541305,0.9636077,0.93780214,0.9394878,0.94668937,0.9518366,0.94063514,0.9533729,0.9423796,0.9489706,0.946026,0.95545673,0.9490267,0.92927444,0.938389,0.8825134,0.9411149,0.9024949,0.9495307,0.9460268,0.9490497,0.9347492,0.94663334,0.94912416,0.9292781,0.9499063,0.9577423,0.94456387,0.93484586,0.94885004,0.9345126,0.9511922,0.9364551,0.9262788,0.92816037,0.93642896,0.9399371,0.92998385,0.94051665,0.9403433,0.94033396,0.9321275,0.9569187,0.9342072,0.9645175,0.9475043,0.9459045,0.93178135,0.9358652,0.9239272,0.9331889,0.933427,0.93288136,0.9318884,0.94670755,0.9515853,0.9382099,0.8849427,0.9465251,0.9457049,0.9407169,0.94887835,0.9425038,0.935622,0.9645175,0.93670106,0.9395126,0.9439057,0.9440224
bernadettefilm,0.9187648,0.9214358,0.93851227,0.9321911,0.9182472,0.9394665,0.93778825,0.95077163,0.95740545,0.9249672,0.93471813,0.93263,0.9466212,0.94814205,0.93846387,0.9360698,0.9302152,0.9369331,0.9250038,0.92426187,1.0000001,0.9330127,0.93605435,0.9494786,0.9335054,0.8530823,0.9238479,0.94475627,0.94715923,0.9300809,0.91468656,0.92830324,0.9147125,0.9383813,0.9272421,0.91496795,0.9461774,0.9239405,0.9314177,0.93311584,0.9403068,0.94005007,0.92494464,0.94558066,0.94036436,0.9293016,0.93585664,0.9372785,0.9253293,0.94382465,0.943105,0.93567795,0.93888617,0.94386,0.9196407,0.9206797,0.9347503,0.93476886,0.92885435,0.9353039,0.94398797,0.9408758,0.9303587,0.94039243,0.9295685,0.92755616,0.92389834,0.93816835,0.926263,0.9223717,0.9421615,0.728407,0.90903276,0.9469212,0.91033214,0.9143047,0.9151006,0.93252385,0.9275672,0.9260557,0.9300557,0.93777144,0.9530464,0.93563986,0.9387027,0.94033086,0.9328518,0.95197797,0.9385565,0.93952525,0.92876613,0.9421615,0.93807095,0.9455109,0.93663687,0.9325974,0.95013237,0.9373469,0.9421028,0.93960994,0.93826514,0.93041396,0.9316248,0.9388039,0.9367711,0.9453653,0.9461334,0.9443747,0.9321479,0.9254008,0.9406031,0.8559683,0.9430536,0.88373065,0.95052356,0.9329882,0.9356377,0.9177273,0.943534,0.94106156,0.93896717,0.9436334,0.94998455,0.93687576,0.93089837,0.9324837,0.9420792,0.9271204,0.93037933,0.90354896,0.95868057,0.92931885,0.9374217,0.93580693,0.9350476,0.9309045,0.9193624,0.9279436,0.93439674,0.9257755,0.95740545,0.93152636,0.9282256,0.9360584,0.94654244,0.9305669,0.9338173,0.92115813,0.94009525,0.93099463,0.93661433,0.93672746,0.9418906,0.8935681,0.9284707,0.9337301,0.94170165,0.93847245,0.941725,0.9422507,0.95740545,0.9345935,0.93605125,0.93904024,0.93964434
