movie,21bridgesmovie,47metersdown,abeautifuldaymovie,abominablemovie,adastramovie,adogsjourneymovie,aftermathmovie,aftermovie,ahiddenlifefilm,alitamovie,angelhasfallen,angrybirdsmovie,annabellemovie,annamovie,apollo11movie,arcticdogsmovie,arcticmovie,artofracingmovie,avengers,beachbummovie,bernadettefilm,blackandbluemovie,blackchristmas,blindedbythelightmovie,bombshellmovie,booksmart,breakthroughmovie,brianbanksmovie,brightburnmovie,brittanyrunsmov,captainmarvelofficial,captivestatemovie,catsmovie,charliesangels,childsplaymovie,clarathefilm,coldpursuitmovie,countdown,currentwarmovie,darkwatersmovie,detectivepikachumovie,disneyaladdin,disneyfrozen,disneymaleficent,doctorsleepmovie,dolemiteismyname,dontletgomovie,doramovie,downtonabbey_official,dumbo,escaperoom,everybodyknowsmovie,fastandfuriousmovie,fightingwmyfam,fivefeetapartfilm,fordvferrari,freaksthefilm,geminimanmovie,glassmovie,gloriabellmovie,godzillamovie,goldfinchmovie,goodboysmovie,goodliarmovie,gretafilm,halathemovie,happydeathdaymovie,harrietfilm,hellboymovie,hersmellmovie,highlifemovie,highstrungmovie,honeyboymovie,hotelmumbaifilm,httydragon,hustlemovie,hustlersmovie,isntitromantic,itmovieofficial,jayandsilentbob,johnwickmovie,jojorabbitmovie,jokermovie,judythefilm,jumanjimovie,justmercyfilm,knivesout,lalloronamovie,lastblackmansf,lastchristmasthemovie,latenightmovie,lighthousemovie,lionking,littlethemovie,littlewomenmovie,littlewoodsfilm,longshotmovie,lordsofchaosmovie,lucyintheskyfilm,mamovie2019,marriagestory,meettheaddams,meninblack,midsommarmovie,midwaymovie,missbalamovie,missinglinkfilm,motherlessbklyn,onceinhollywood,onthebasisofsex,overcomermovie,peanutbutterfalcon,petsematarymovie,piercingmovie,playingwithfire,playmobilthemovie,pomsmovie,queenandslim,rambomovie,readyornotfilm,richardjewellfilm,rocketmanmovie,scarystoriesmovie,secretlifeofpets,serenityfilm,shaftmovie,shazammovie,spidermanmovie,spiesindisguise,starwars,stormboymovie,stubermovie,taosdfilm,teenspiritmov,terminator,theaeronautsmov,thebestofenemies,thedeaddontdie,thefarewell,thehighwaymen,thehummingbirdprojectfilm,theintrudermovie,theirishmanfilm,thekitchenmovie,thelegomovie,themustangfilm,thenightingalefilm,theprodigymovie,thesunisalsoastar,theupsidefilm,tolkienmovie,toystory,triplefrontier,uglydolls,uncutgems,underthesilverlake,usmovie,wavesmovie,whatmenwant,wonderparkmovie,wrinklestheclown,xmenmovies,yardiefilm,yesterdaymovie,zombieland
21bridgesmovie,1.0,0.9659357,0.9740778,0.9725874,0.95739204,0.9509274,0.967143,0.9682234,0.9857858,0.9469725,0.9523889,0.9527346,0.9739941,0.9771736,0.96875286,0.9635625,0.9684114,0.9553324,0.97605383,0.9670658,0.9674943,0.9724333,0.96817213,0.9758914,0.9626926,0.89522463,0.9499014,0.96724224,0.97362036,0.9639609,0.96417546,0.9589155,0.95144737,0.96254194,0.9597794,0.93045735,0.97265404,0.97717804,0.9699329,0.9634802,0.95718265,0.97809273,0.9685482,0.9705148,0.9665891,0.9650264,0.9721963,0.95438415,0.96624637,0.9748814,0.97550994,0.97908753,0.95949584,0.9609111,0.9547199,0.95852643,0.96448493,0.9765607,0.957165,0.97442776,0.9635117,0.95440745,0.9501868,0.96847546,0.971139,0.9638052,0.97476417,0.96897304,0.95919454,0.9323863,0.9776038,0.63696647,0.9496697,0.9704873,0.9650849,0.96663105,0.9253522,0.97344637,0.9521424,0.9524236,0.9485076,0.9514765,0.97438383,0.94797885,0.9644068,0.96355766,0.94933885,0.9742912,0.9600383,0.9694673,0.9676362,0.9776038,0.9659408,0.97373587,0.96787196,0.96325034,0.94394904,0.96665627,0.9551096,0.959531,0.9617794,0.9600897,0.9484112,0.9742351,0.97494745,0.9752067,0.9590671,0.96345145,0.9599914,0.9502485,0.9701612,0.8872798,0.9716535,0.936814,0.9658171,0.972567,0.9897796,0.9658244,0.97028834,0.96127486,0.9672381,0.9589743,0.9721695,0.95921063,0.97596896,0.9583767,0.9563854,0.9735524,0.9701639,0.955284,0.974444,0.96196455,0.9738654,0.93633944,0.9631514,0.9659088,0.97314006,0.9742809,0.9733065,0.949324,0.9857858,0.96095866,0.9529337,0.9647081,0.9702395,0.9754155,0.96078825,0.96712685,0.96605223,0.9709197,0.9684349,0.96686,0.9555839,0.9444902,0.9655958,0.96597934,0.9587726,0.9672959,0.9731363,0.96940696,0.9857858,0.9515575,0.96212196,0.9771529,0.96554023
47metersdown,0.9659357,0.9999999,0.96516335,0.9584071,0.94026774,0.9315796,0.95318395,0.95397747,0.97507274,0.9471544,0.9469222,0.9316345,0.9561425,0.9649493,0.9601435,0.9679419,0.966828,0.9392114,0.96142817,0.95157754,0.95194966,0.9578289,0.9577502,0.9542943,0.94922984,0.8924556,0.9342489,0.96590173,0.96329594,0.9523106,0.9671963,0.9500375,0.9539742,0.95149326,0.9507829,0.9327116,0.95209867,0.9609586,0.94901085,0.9529962,0.9553018,0.9552009,0.9606347,0.9462924,0.9652037,0.9583411,0.9568991,0.9393862,0.9515159,0.9484175,0.95977616,0.9604287,0.9479705,0.9385922,0.94690603,0.95103824,0.9429324,0.9630978,0.95978856,0.95114106,0.96057665,0.93675524,0.9509622,0.9606958,0.9549251,0.95695186,0.9638725,0.9500568,0.958147,0.93535787,0.95483446,0.63948387,0.94639176,0.95634526,0.9606787,0.9563432,0.9331583,0.9567241,0.9398231,0.94329184,0.94154984,0.9381381,0.96392673,0.9537472,0.93349934,0.96297824,0.9244703,0.9577089,0.957275,0.9652405,0.9529733,0.95483446,0.9562277,0.95644164,0.950377,0.94850624,0.9523082,0.95291245,0.9397779,0.9640441,0.9495179,0.9490619,0.93559456,0.96198076,0.96123844,0.9579274,0.95294803,0.95652103,0.9318049,0.9433787,0.9532944,0.91101635,0.96037364,0.923577,0.9480092,0.962256,0.963685,0.955945,0.95703083,0.9463577,0.9523474,0.9605382,0.9618581,0.93996024,0.9603526,0.9572811,0.93802017,0.94598734,0.9510652,0.9504694,0.9602573,0.95646125,0.9635959,0.9384101,0.9520917,0.9479093,0.9629925,0.95078915,0.95016885,0.9395122,0.97507274,0.9438504,0.94610053,0.9489149,0.9559751,0.95132774,0.9474137,0.9533412,0.95533085,0.9529811,0.95329005,0.9545644,0.95186687,0.92300415,0.9447479,0.9527198,0.9582904,0.9475344,0.9576303,0.95087,0.97507274,0.9428005,0.9552809,0.96815187,0.94831413
abeautifuldaymovie,0.9740778,0.96516335,1.0,0.973445,0.9602797,0.94755405,0.9743664,0.97534335,0.9843275,0.952427,0.9427007,0.9548869,0.9735272,0.97392285,0.96840996,0.9659893,0.96072435,0.9524622,0.96537226,0.9589482,0.9665811,0.97542435,0.96456647,0.96337795,0.9607252,0.8992395,0.9531688,0.9630169,0.97993857,0.9561165,0.9630048,0.96912444,0.9581565,0.96544313,0.95117414,0.92882144,0.9678159,0.9669989,0.9633419,0.961999,0.9579102,0.97429544,0.96911436,0.9663105,0.9716689,0.96610874,0.96157897,0.96473336,0.9617027,0.97227997,0.9865055,0.97025746,0.9426296,0.95475197,0.95907557,0.96223575,0.9661249,0.9728751,0.9613038,0.96336526,0.96747047,0.95156026,0.944197,0.9721314,0.96119195,0.9614908,0.9658132,0.9561035,0.9514788,0.9307313,0.9649063,0.6311244,0.9536502,0.96482414,0.95850474,0.95893115,0.917177,0.9694653,0.93837655,0.96888566,0.94145906,0.95546186,0.9721363,0.93849486,0.96372324,0.9636434,0.93681705,0.9701646,0.95551676,0.9669856,0.9655784,0.9649063,0.9703591,0.97287965,0.9796551,0.95741624,0.9452482,0.96290636,0.95399994,0.96193904,0.96275437,0.95347035,0.96740395,0.9699447,0.9722678,0.9857229,0.95610577,0.9668981,0.9716109,0.94012487,0.96607876,0.8933759,0.97606814,0.92065376,0.9665664,0.9620558,0.973337,0.95539767,0.9595266,0.96640337,0.96837485,0.959677,0.96910495,0.94535255,0.968029,0.955827,0.94835985,0.97286063,0.9686454,0.96164256,0.9705146,0.9696101,0.9682782,0.92861295,0.96930164,0.9498432,0.9671585,0.96096224,0.9618052,0.95169187,0.9843275,0.97306114,0.9550157,0.9600606,0.9648409,0.9649145,0.95588213,0.9669006,0.97273505,0.9653742,0.97559893,0.9808435,0.96599907,0.9348378,0.95756114,0.961201,0.9605169,0.9608024,0.97591823,0.9686437,0.9843275,0.94031787,0.9702303,0.96586466,0.97670186
abominablemovie,0.9725874,0.9584071,0.973445,1.0000005,0.9558838,0.95307213,0.9724074,0.9701112,0.98527664,0.95859236,0.9526531,0.9491054,0.9732429,0.97206956,0.96080834,0.95554394,0.96515983,0.95479393,0.9671291,0.961746,0.96327305,0.9674674,0.97221184,0.95546913,0.9649574,0.9007933,0.9481996,0.95482695,0.97695535,0.95951194,0.9626857,0.9628169,0.9458526,0.95802337,0.95348275,0.9416356,0.97962576,0.96803176,0.95792514,0.96684736,0.9606562,0.9605408,0.9595845,0.9574914,0.9707795,0.96593684,0.9716171,0.9654985,0.963843,0.96262443,0.97338134,0.9789406,0.9640288,0.9592755,0.95587283,0.9553582,0.96701825,0.97073334,0.9630413,0.9650739,0.9681171,0.96737075,0.9483517,0.9599643,0.9668568,0.96123725,0.9613627,0.9690747,0.96078664,0.9448719,0.9715567,0.6312582,0.9516982,0.9637086,0.96617216,0.95124054,0.93647355,0.95406985,0.9457956,0.9603764,0.95595133,0.9669417,0.9709719,0.9321959,0.96983516,0.97256947,0.95588684,0.9718866,0.9599149,0.96008015,0.9682463,0.9715567,0.9672353,0.966012,0.9727008,0.9573608,0.9587471,0.9627912,0.9567983,0.9631347,0.9627412,0.964302,0.9514358,0.9710599,0.9689665,0.9701532,0.9618335,0.9593151,0.961073,0.9606247,0.9732434,0.89072025,0.9764413,0.9360855,0.9627597,0.96261394,0.972008,0.96394897,0.96230626,0.9685904,0.96053994,0.964634,0.96480674,0.95814335,0.9661876,0.95434815,0.9558612,0.965137,0.96768683,0.9561699,0.9663003,0.97016513,0.9756687,0.9207563,0.9681411,0.9583206,0.9688977,0.97289664,0.97284263,0.95142156,0.98527664,0.9621425,0.95388216,0.9580858,0.9552435,0.9732014,0.9618715,0.9681132,0.9636667,0.96846086,0.96947736,0.9640908,0.9606736,0.94322044,0.9643313,0.9579987,0.96037614,0.96095663,0.96392125,0.9692409,0.98527664,0.9351916,0.96305346,0.9746129,0.96129423
adastramovie,0.95739204,0.94026774,0.9602797,0.9558838,0.99999994,0.9524641,0.96835977,0.9614364,0.9756925,0.953192,0.93672943,0.94804734,0.97496057,0.96900797,0.96516573,0.9325906,0.95315987,0.96781373,0.9523162,0.95550376,0.95007926,0.9557558,0.96963096,0.96984255,0.95039266,0.90056384,0.9658238,0.9415255,0.97186446,0.9462536,0.9467361,0.94685555,0.9393036,0.95644593,0.9299871,0.8997365,0.966096,0.9529561,0.9585784,0.9544397,0.9444335,0.95373577,0.9436771,0.9464175,0.9668905,0.95101106,0.9654875,0.9649622,0.9523892,0.9493385,0.96708995,0.9678122,0.9456378,0.94874454,0.9383699,0.97250116,0.9506565,0.96355987,0.9580592,0.9623196,0.95284045,0.95118153,0.95167404,0.9563197,0.9548932,0.9628999,0.94970423,0.95963866,0.94805115,0.93164575,0.9581892,0.6285132,0.94968677,0.9553008,0.94575375,0.9373613,0.9158645,0.9576092,0.9367938,0.9592621,0.939626,0.9547187,0.96617794,0.9297403,0.959366,0.95638746,0.93837255,0.97006476,0.9405317,0.95342046,0.9494894,0.9581892,0.95094687,0.95468056,0.95763624,0.9481351,0.9431427,0.9566354,0.9517012,0.9599372,0.96621656,0.94799596,0.95063645,0.9631628,0.9554227,0.9662449,0.94845355,0.95693237,0.9423242,0.92994714,0.97379947,0.8717517,0.95968956,0.91251075,0.9520303,0.9430186,0.96126926,0.9457027,0.9513964,0.9599015,0.95008254,0.9457732,0.95043015,0.95223933,0.9551828,0.95403236,0.9466455,0.9557874,0.9696849,0.9358915,0.95519596,0.9666988,0.9523816,0.9126147,0.95684487,0.9404651,0.9557107,0.96306044,0.9548261,0.95406437,0.9756925,0.96472937,0.9550984,0.958413,0.967502,0.95575535,0.94519705,0.9580823,0.96355736,0.96166223,0.9687055,0.93687093,0.9625062,0.9363604,0.9623934,0.9454031,0.9529953,0.9510414,0.9608863,0.9593083,0.9756925,0.9372292,0.9604377,0.9665201,0.96287954
adogsjourneymovie,0.9509274,0.9315796,0.94755405,0.95307213,0.9524641,1.0,0.96364284,0.95875716,0.9691075,0.9443148,0.9542148,0.9413446,0.94979405,0.966423,0.9421202,0.9317553,0.95130605,0.9486514,0.9350617,0.947416,0.9411149,0.95880276,0.9595164,0.9477512,0.9321119,0.91456777,0.9273658,0.94008845,0.9594727,0.9464222,0.9340489,0.9491886,0.9336705,0.93272454,0.9196884,0.92601126,0.9549159,0.9491121,0.9435171,0.9571947,0.9503189,0.9396513,0.9421616,0.9490018,0.95203006,0.9658922,0.953092,0.9437813,0.9388637,0.9497102,0.9546174,0.96035933,0.94272715,0.9524647,0.9333419,0.9455669,0.95752525,0.937871,0.9459266,0.9476312,0.9414459,0.9591755,0.94536865,0.95503175,0.9387242,0.9560432,0.9344366,0.94399405,0.93840325,0.9393948,0.955277,0.6529559,0.94674003,0.94306254,0.9575106,0.9405738,0.90239745,0.95318025,0.9488212,0.94699156,0.95210946,0.94175774,0.9599332,0.92982626,0.94358575,0.9484516,0.9386898,0.95772386,0.9617777,0.9442796,0.95340514,0.955277,0.93845177,0.9367776,0.9583235,0.93717194,0.9307727,0.9527261,0.9552118,0.9556923,0.9568134,0.95805436,0.9527511,0.96009266,0.95926416,0.95648736,0.93329155,0.9504192,0.94667655,0.9246094,0.9513117,0.85839206,0.94781876,0.9119544,0.9479399,0.94379586,0.95281607,0.9546759,0.9500313,0.96249044,0.94429415,0.92756855,0.9435956,0.97721887,0.9466563,0.9277547,0.9646225,0.94206715,0.94147366,0.9469282,0.93891376,0.95299995,0.9539279,0.921504,0.94204015,0.9412233,0.9529698,0.9579565,0.9561596,0.93989396,0.9691075,0.9579103,0.94609743,0.949807,0.94901204,0.94667053,0.93660897,0.9419159,0.95226383,0.9403671,0.9625754,0.9457754,0.9503998,0.91194576,0.950358,0.9420336,0.95893186,0.95141584,0.9495982,0.9408174,0.9691075,0.9206214,0.9463744,0.9610389,0.94739205
aftermathmovie,0.967143,0.95318395,0.9743664,0.9724074,0.96835977,0.96364284,1.0,0.9776325,0.9867323,0.9604297,0.9460935,0.9520478,0.9799288,0.9713556,0.97281647,0.9539546,0.96761334,0.9582695,0.9581969,0.96291703,0.9682724,0.9654038,0.9721875,0.96116316,0.95519596,0.91211176,0.9546885,0.9569477,0.97410953,0.9567992,0.95567524,0.9657057,0.9599291,0.95535254,0.93957627,0.9268153,0.9728064,0.97261983,0.9650314,0.97759587,0.96201545,0.96554774,0.9606892,0.96254414,0.9686039,0.96871066,0.9693039,0.96329874,0.96669525,0.96487385,0.9757457,0.9773512,0.9487439,0.9615717,0.9539607,0.95815074,0.9701315,0.96668434,0.9674087,0.96662563,0.9675771,0.96531624,0.94860274,0.96958125,0.9624676,0.9606641,0.96102095,0.9677404,0.96077627,0.9470727,0.96819925,0.62813354,0.94813824,0.9727475,0.9500716,0.96143705,0.91568786,0.96816295,0.9512614,0.9683014,0.94947165,0.97768074,0.97698295,0.9304187,0.9636221,0.9708287,0.95598036,0.9739425,0.96218944,0.9642651,0.9645849,0.96819925,0.9576961,0.9659065,0.97212213,0.96496946,0.95873874,0.9614523,0.9801897,0.9586537,0.9672093,0.958906,0.9598117,0.9771604,0.9697245,0.9718815,0.95990086,0.9639084,0.9612225,0.95132524,0.9749916,0.86803335,0.97225344,0.92156184,0.9610916,0.9625878,0.9709495,0.94670206,0.96308106,0.9917007,0.97021115,0.9563913,0.96185756,0.965157,0.96596825,0.96460027,0.9602512,0.9614516,0.9627715,0.9564135,0.96977746,0.97241974,0.97362506,0.9254698,0.96676785,0.95246446,0.9675508,0.9632437,0.96652573,0.9560022,0.9867323,0.9693811,0.9561486,0.95744187,0.96616095,0.9635109,0.9568223,0.9632477,0.9707082,0.96924996,0.9869283,0.96889734,0.97056437,0.941482,0.96246755,0.9605512,0.96793646,0.96653783,0.9681345,0.96724814,0.9867323,0.9503576,0.97342175,0.97536016,0.96537447
aftermovie,0.9682234,0.95397747,0.97534335,0.9701112,0.9614364,0.95875716,0.9776325,1.0,0.9840408,0.9585165,0.95005834,0.95349646,0.9675875,0.9724466,0.97006667,0.94865763,0.965656,0.9590699,0.9655572,0.96252793,0.9556029,0.9765333,0.96485543,0.9587634,0.9603323,0.890913,0.9539169,0.9649237,0.9761999,0.9541211,0.9626791,0.95995677,0.95353687,0.9496469,0.9419103,0.93987036,0.9743215,0.9651159,0.9609496,0.9667453,0.9619691,0.96679485,0.9655444,0.96474016,0.9646848,0.9767301,0.9594639,0.95469505,0.95929426,0.9671234,0.9761792,0.9766963,0.9404938,0.9559759,0.9584417,0.9623227,0.97529906,0.96595573,0.9650077,0.95700884,0.9643095,0.96657985,0.94504386,0.96588665,0.96616226,0.95867574,0.94985586,0.96147823,0.9592756,0.94137037,0.9650694,0.64097166,0.9559804,0.96263146,0.9623279,0.9521565,0.9140045,0.9671926,0.95805585,0.9607159,0.9477738,0.95803064,0.97014004,0.943122,0.9585911,0.963915,0.9482398,0.97046715,0.9621649,0.964514,0.96277696,0.9650694,0.96836483,0.9649697,0.97153956,0.9613661,0.9471019,0.9610468,0.95551807,0.95407087,0.97089267,0.95886046,0.9642166,0.96944606,0.9710509,0.97446144,0.9517435,0.9599642,0.96094406,0.9419059,0.9655061,0.8737235,0.9687339,0.9282806,0.9634166,0.9633624,0.9673297,0.95907384,0.9630473,0.9721693,0.96946627,0.95754045,0.9711162,0.96054,0.96551746,0.95235574,0.9606408,0.96276534,0.9594744,0.96323663,0.95789367,0.9699124,0.9744028,0.92898774,0.9650062,0.95088315,0.96411586,0.9646412,0.9667466,0.95707613,0.9840408,0.9699694,0.9580015,0.957367,0.9612451,0.9686651,0.96217716,0.95759153,0.9679177,0.96783096,0.9711394,0.9679307,0.9646566,0.9380142,0.96041876,0.96101546,0.96461105,0.9656487,0.9787415,0.96156865,0.9840408,0.9333304,0.9655345,0.9731453,0.96507305
ahiddenlifefilm,0.9857858,0.97507274,0.9843275,0.98527664,0.9756925,0.9691075,0.9867323,0.9840408,1.0000001,0.9690147,0.96456754,0.96913934,0.9828173,0.987045,0.98435247,0.96895885,0.9806607,0.96944654,0.9766181,0.9772017,0.9759375,0.9819078,0.9821495,0.9806403,0.9733638,0.9193596,0.9672457,0.97734976,0.9874684,0.9717876,0.9738054,0.97278154,0.9660094,0.97461164,0.9646042,0.9492214,0.98436534,0.9833893,0.9775828,0.97939414,0.9742863,0.98222303,0.9781918,0.97782415,0.9841839,0.9809008,0.98048633,0.9750799,0.9775534,0.9800208,0.9876373,0.988547,0.96859825,0.97057235,0.9691794,0.9749572,0.97523063,0.9848835,0.97741663,0.9784251,0.97481495,0.97286206,0.96716577,0.9804441,0.9776586,0.9789849,0.97765565,0.9785701,0.97476506,0.95757055,0.9807375,0.64637995,0.96964306,0.9813166,0.97709924,0.9673745,0.9398738,0.97810185,0.96275026,0.9744237,0.96251464,0.9748413,0.98645806,0.95897055,0.9732287,0.97745585,0.95946735,0.9838165,0.9730981,0.9802804,0.9762969,0.9807375,0.9778413,0.97991955,0.9826201,0.9738013,0.9647822,0.9791683,0.96886235,0.97559863,0.9782771,0.9719182,0.96942014,0.9845032,0.9827981,0.98491186,0.9776173,0.97700846,0.9708582,0.96400493,0.98595667,0.8957068,0.98429686,0.94668007,0.9789618,0.9729023,0.985935,0.9750689,0.97629946,0.98243487,0.9789281,0.97334707,0.98232454,0.96983504,0.9802091,0.9724181,0.9685809,0.9749256,0.9773782,0.970747,0.9802395,0.977998,0.98605764,0.94473743,0.9788097,0.9701183,0.9794658,0.97960454,0.97752035,0.96889234,1.0000001,0.9786129,0.9732853,0.9742741,0.9777153,0.9803199,0.97334427,0.9777114,0.98159266,0.9809264,0.984819,0.97702134,0.9788534,0.9520763,0.9784968,0.9747452,0.97766227,0.9767325,0.98147196,0.97762066,1.0000001,0.9570961,0.9793444,0.9888576,0.97921467
alitamovie,0.9469725,0.9471544,0.952427,0.95859236,0.953192,0.9443148,0.9604297,0.9585165,0.9690147,0.99999994,0.94894767,0.935234,0.9644547,0.95603764,0.96315116,0.9384496,0.95241845,0.9437144,0.9399918,0.9556133,0.94459575,0.9487917,0.9666255,0.94952613,0.93709517,0.8909226,0.94720393,0.95133424,0.9635878,0.95105094,0.95611036,0.94860524,0.95133144,0.94147414,0.9281347,0.92634135,0.95339245,0.95608735,0.9432473,0.9609367,0.9454123,0.9464052,0.94114876,0.9320581,0.9618615,0.9569075,0.9596058,0.94099027,0.93914354,0.93802166,0.95761055,0.9583779,0.94953847,0.9391857,0.9307842,0.95608395,0.9411523,0.95841473,0.9638186,0.94246256,0.94449496,0.9608724,0.9587957,0.9546251,0.94876957,0.9580862,0.93832934,0.95067847,0.9523783,0.9373824,0.9527681,0.6634539,0.9555816,0.94778293,0.9490917,0.94594646,0.9128418,0.9451684,0.9447726,0.9489382,0.94974726,0.9441048,0.96160316,0.9355974,0.9438917,0.9518026,0.9362029,0.96904564,0.95284975,0.9522079,0.95933694,0.9527681,0.93364626,0.9435561,0.94670725,0.9611951,0.94217086,0.95085174,0.9369142,0.9568017,0.96070766,0.95042247,0.9409332,0.9604729,0.96330535,0.9545364,0.9416883,0.95507795,0.93496203,0.94152904,0.9670821,0.88515615,0.9540255,0.904846,0.94682014,0.94832116,0.9571932,0.9525711,0.94929266,0.9586577,0.9531857,0.9441426,0.9498031,0.95142555,0.9615142,0.9498438,0.94524956,0.9477601,0.9477114,0.94229096,0.9428932,0.9495363,0.95857096,0.907793,0.9554042,0.94911176,0.96091527,0.94398797,0.9546957,0.9530259,0.9690147,0.9543499,0.95483196,0.9641315,0.94778645,0.9472208,0.9350223,0.94480354,0.9605018,0.95791215,0.96317154,0.9415147,0.95071405,0.92752427,0.9510731,0.9478977,0.953355,0.9575076,0.9466323,0.9399916,0.9690147,0.9334112,0.9535126,0.96557564,0.9407588
angelhasfallen,0.9523889,0.9469222,0.9427007,0.9526531,0.93672943,0.9542148,0.9460935,0.95005834,0.96456754,0.94894767,1.0000001,0.9136267,0.9416359,0.95569456,0.9500106,0.9364963,0.94316643,0.93275017,0.9497619,0.95768374,0.93679607,0.9571718,0.9443977,0.9478737,0.9420247,0.9112842,0.920444,0.94067234,0.9588257,0.93765545,0.9555238,0.93158185,0.921813,0.9394874,0.9350064,0.9238716,0.9546191,0.9500245,0.9277487,0.9485743,0.92997175,0.9366643,0.93936175,0.93817806,0.9590463,0.96202224,0.94633156,0.9319042,0.93528163,0.9390531,0.94900495,0.9558106,0.9609504,0.9398729,0.92767155,0.92487997,0.9362653,0.9452458,0.9479292,0.943428,0.9319494,0.9535708,0.96580476,0.94450986,0.93928695,0.95729595,0.9455849,0.9512723,0.9646259,0.9218314,0.9547393,0.6508994,0.9413151,0.9396877,0.96280587,0.9309227,0.90667504,0.9465084,0.94571686,0.9353393,0.97435284,0.92845833,0.95495576,0.94950855,0.9403093,0.95280236,0.93757325,0.9607297,0.96813655,0.95015,0.9522024,0.9547393,0.93207765,0.9423309,0.9424627,0.9451812,0.958974,0.9506616,0.9271926,0.94774467,0.9544037,0.9635564,0.93591845,0.95000297,0.9577154,0.9492971,0.9304784,0.9553104,0.932031,0.9332115,0.9548299,0.8937219,0.94254553,0.92481184,0.9453139,0.96270424,0.95691496,0.9543958,0.9608415,0.9444465,0.93558776,0.9477428,0.94648755,0.9570909,0.9470542,0.9194968,0.95900774,0.94334275,0.9348861,0.94289356,0.9424661,0.94500345,0.95727986,0.8919691,0.9355659,0.942829,0.9614445,0.9518111,0.9524242,0.93028337,0.96456754,0.9389502,0.9470268,0.94696164,0.9350356,0.9555828,0.9381976,0.9346456,0.95168793,0.943492,0.9494771,0.94401354,0.950312,0.9121672,0.95196617,0.94351804,0.93479604,0.9454011,0.9508192,0.94295245,0.96456754,0.8973118,0.9354295,0.9615854,0.9265471
angrybirdsmovie,0.9527346,0.9316345,0.9548869,0.9491054,0.94804734,0.9413446,0.9520478,0.95349646,0.96913934,0.935234,0.9136267,1.0,0.95521146,0.96063805,0.9542221,0.9335924,0.94958633,0.93830454,0.930749,0.93708473,0.9551101,0.9505955,0.95366037,0.958068,0.9395635,0.9010478,0.9454199,0.94928944,0.9597276,0.9655373,0.9249279,0.93877035,0.93918616,0.966219,0.9363175,0.9311194,0.95435834,0.9591737,0.95991963,0.95260745,0.9623831,0.96111625,0.95102715,0.9503225,0.9538953,0.9498175,0.9487291,0.9596547,0.9459148,0.9533856,0.96871483,0.9544013,0.92399526,0.94809425,0.94466114,0.9574771,0.94306064,0.95566887,0.9348132,0.9452644,0.9494966,0.9402369,0.9301966,0.95550805,0.95023865,0.94837254,0.9435629,0.93831354,0.9325898,0.934284,0.94905734,0.6359735,0.9400711,0.94924337,0.94197893,0.9406791,0.9036693,0.9470615,0.91695535,0.95541465,0.91135997,0.95020974,0.96134853,0.9282742,0.9584459,0.9438134,0.9313298,0.94932365,0.93387127,0.9542879,0.9540094,0.94905734,0.9530442,0.94857246,0.9734918,0.9509964,0.911664,0.9445839,0.92958295,0.9410778,0.9482314,0.92179227,0.9600586,0.9592717,0.95937175,0.965452,0.9611582,0.94547206,0.9438543,0.9388301,0.9577133,0.8594416,0.9523739,0.92330605,0.9546863,0.92446065,0.9540876,0.9524382,0.9352743,0.9482792,0.9686918,0.9329831,0.9582142,0.941844,0.9496247,0.9444763,0.9263206,0.94655484,0.95267075,0.9391215,0.9530325,0.94174945,0.94928783,0.9224986,0.9482456,0.9572944,0.93039495,0.9407678,0.95390195,0.94434464,0.96913934,0.95902544,0.955824,0.95532894,0.9693191,0.9381838,0.94092816,0.9553026,0.9488455,0.9532452,0.947891,0.9415317,0.94782573,0.9238692,0.95668066,0.94532853,0.950373,0.9518192,0.9403285,0.94028735,0.96913934,0.94137096,0.9441732,0.9507119,0.9691515
annabellemovie,0.9739941,0.9561425,0.9735272,0.9732429,0.97496057,0.94979405,0.9799288,0.9675875,0.9828173,0.9644547,0.9416359,0.95521146,1.0000001,0.9776811,0.96742094,0.94527906,0.9623971,0.9573304,0.96004343,0.9630159,0.9610018,0.9656796,0.9774776,0.9684854,0.94998413,0.8867753,0.96029645,0.9488263,0.9781886,0.9569443,0.96121776,0.96680176,0.9619947,0.9592056,0.9467791,0.91813356,0.9740521,0.97654283,0.9673599,0.9720751,0.96594375,0.9590138,0.949911,0.9496793,0.97116566,0.95976746,0.97497,0.9664016,0.96592957,0.95469695,0.98151815,0.9757691,0.95434743,0.95115316,0.9454617,0.9691215,0.96658486,0.9685687,0.9616155,0.9675048,0.97704196,0.9550186,0.9452111,0.97337943,0.9597753,0.96690416,0.958419,0.9656005,0.95594543,0.9337329,0.96907014,0.63597304,0.95377594,0.96425104,0.949874,0.9673716,0.9236847,0.9661553,0.9443332,0.9623276,0.94211364,0.97008383,0.98019505,0.9328258,0.9762964,0.9689235,0.9563078,0.98309565,0.95224434,0.96047026,0.96779084,0.96907014,0.96025914,0.9698043,0.97087944,0.9551052,0.94776165,0.9588186,0.96209687,0.96153045,0.96583515,0.94817793,0.95186424,0.97174287,0.97069067,0.97751176,0.9580204,0.96612144,0.9548907,0.94532514,0.977034,0.8903435,0.9745837,0.91267395,0.96156305,0.96980697,0.97986877,0.95193064,0.9571732,0.9734998,0.9667002,0.958927,0.95832473,0.9533342,0.97308904,0.96545094,0.9506438,0.96928734,0.9693657,0.9478767,0.9662792,0.969715,0.96689206,0.9154533,0.96565175,0.9545946,0.96619713,0.9611267,0.9711313,0.9517074,0.9828173,0.9725311,0.9586381,0.9645066,0.9715216,0.9672719,0.9518559,0.9656585,0.97220796,0.9706035,0.9756063,0.96043307,0.96264356,0.9512785,0.96517205,0.9620831,0.96418005,0.9605694,0.96730506,0.9703283,0.9828173,0.95567274,0.96652484,0.9738443,0.9696858
annamovie,0.9771736,0.9649493,0.97392285,0.97206956,0.96900797,0.966423,0.9713556,0.9724466,0.987045,0.95603764,0.95569456,0.96063805,0.9776811,1.0000001,0.96742624,0.95557755,0.9675269,0.95824915,0.9662212,0.96053296,0.9638368,0.9752066,0.9739813,0.969207,0.96378857,0.90033555,0.96354026,0.9577902,0.9838565,0.9662373,0.96281993,0.9679121,0.95378274,0.9634743,0.9527728,0.9298037,0.9721994,0.9716886,0.9704943,0.9661503,0.96299255,0.9662735,0.96104586,0.9633289,0.97297853,0.9688655,0.97196317,0.9643264,0.97107154,0.9672902,0.9821447,0.98119634,0.965082,0.9593013,0.9511264,0.97045445,0.9663358,0.9706895,0.96054643,0.9655845,0.961374,0.96175927,0.950316,0.97521067,0.9663869,0.97476786,0.9656264,0.9727745,0.96238476,0.94066,0.969624,0.65813535,0.9630627,0.96555984,0.96937597,0.95842403,0.93189085,0.9709278,0.9517152,0.9653181,0.9500359,0.9608785,0.9739249,0.94890374,0.97378653,0.9692587,0.9434885,0.9770049,0.96149576,0.9653028,0.96821576,0.969624,0.96938926,0.9764849,0.9730946,0.9563924,0.9518597,0.96505225,0.95890385,0.97462523,0.96581525,0.962619,0.9556948,0.97139186,0.9811211,0.978634,0.954751,0.9607017,0.96411043,0.9499354,0.9748628,0.9017881,0.9711637,0.92756677,0.9737887,0.96344036,0.9776574,0.96750826,0.9607752,0.96506065,0.9624429,0.9593667,0.9633321,0.9623129,0.96862483,0.9583868,0.9593011,0.97475564,0.96940833,0.95869356,0.9647458,0.96139234,0.96776074,0.92587054,0.96197575,0.96282077,0.9674735,0.9711419,0.9723028,0.94910747,0.987045,0.9772708,0.9612503,0.96283346,0.9756274,0.96793336,0.95396227,0.96372354,0.96808416,0.9670287,0.975633,0.96073323,0.9722461,0.94611907,0.9651494,0.9577268,0.96485263,0.95868623,0.97525626,0.96767175,0.987045,0.94077796,0.9643891,0.9797868,0.9702694
apollo11movie,0.96875286,0.9601435,0.96840996,0.96080834,0.96516573,0.9421202,0.97281647,0.97006667,0.98435247,0.96315116,0.9500106,0.9542221,0.96742094,0.96742624,1.0000004,0.9607627,0.96231616,0.9570154,0.96406215,0.9709735,0.9605886,0.9633864,0.96726674,0.973775,0.9615817,0.8952707,0.9566564,0.9677,0.9715199,0.9618435,0.9606697,0.9620473,0.95341974,0.9648555,0.95328045,0.9252539,0.9671834,0.9704527,0.9714829,0.9697393,0.9555291,0.9742306,0.95803934,0.96123844,0.97253835,0.95983446,0.96592784,0.96564865,0.9652176,0.9620866,0.9724322,0.97461045,0.95413935,0.95828164,0.9581098,0.9622438,0.95515865,0.9765966,0.9661579,0.964108,0.9550811,0.9574098,0.9615829,0.9600089,0.9610123,0.966566,0.9675838,0.96351576,0.97197586,0.9374356,0.9615369,0.6457398,0.95420647,0.9727529,0.9538497,0.9509242,0.9180245,0.9629057,0.94199437,0.9598501,0.94223183,0.96387476,0.97060674,0.94452983,0.9572261,0.95991546,0.94778234,0.9713926,0.952153,0.96322787,0.95870274,0.9615369,0.9611305,0.96573144,0.9638653,0.9760106,0.95699817,0.96142125,0.94984525,0.9648205,0.96317005,0.9555695,0.95572716,0.9681914,0.97096276,0.96989155,0.9689655,0.9603042,0.9517994,0.95426,0.97530884,0.86524177,0.97304785,0.9260067,0.9656481,0.9606301,0.9711663,0.96180075,0.96040165,0.96681654,0.9633122,0.96886677,0.9722433,0.9541975,0.9663338,0.96807563,0.9455397,0.9647694,0.96154946,0.94922525,0.9715759,0.9628774,0.9711955,0.9278184,0.9718141,0.9557661,0.970792,0.9599738,0.9582716,0.9602565,0.98435247,0.9663939,0.95993656,0.96368617,0.96259004,0.9667499,0.95534736,0.961935,0.96734005,0.9644982,0.9720195,0.95893604,0.96882117,0.94633174,0.9600593,0.95660937,0.959314,0.96259546,0.97097,0.9644522,0.98435247,0.94272876,0.96878505,0.9730567,0.9666793
arcticdogsmovie,0.9635625,0.9679419,0.9659893,0.95554394,0.9325906,0.9317553,0.9539546,0.94865763,0.96895885,0.9384496,0.9364963,0.9335924,0.94527906,0.95557755,0.9607627,1.0000001,0.9569102,0.9330356,0.9494782,0.9488483,0.9581114,0.95256567,0.9457998,0.9459836,0.9475402,0.88690305,0.93682534,0.9567922,0.9599405,0.95273364,0.94945043,0.9596488,0.9405823,0.942362,0.94105136,0.92354363,0.94605905,0.95207846,0.9455199,0.94396293,0.9352459,0.9594611,0.9615559,0.952963,0.9582719,0.94804853,0.9482287,0.9383608,0.9571389,0.9598354,0.9552781,0.96196586,0.93272287,0.94505996,0.9342603,0.93635833,0.94647473,0.95450956,0.94706684,0.9464572,0.94300276,0.930405,0.94197875,0.94490504,0.95401376,0.9473432,0.9551906,0.9464972,0.94739443,0.9403252,0.95038325,0.61576223,0.93371016,0.95482117,0.94674176,0.9444561,0.8989888,0.95012575,0.9312173,0.93599623,0.9387987,0.9353515,0.95427555,0.94362354,0.9382894,0.9500007,0.93046397,0.94733787,0.9423491,0.9491899,0.94523597,0.95038325,0.9521818,0.95901793,0.9514205,0.9545487,0.9389837,0.9475894,0.94690853,0.95227283,0.9414326,0.94881976,0.93825626,0.9536966,0.95289856,0.9556178,0.9464269,0.9546584,0.95065486,0.9498971,0.9481085,0.8684382,0.9600466,0.9086032,0.95323545,0.9543706,0.9599887,0.9469315,0.9567419,0.9411308,0.9442133,0.9432434,0.9526086,0.94387573,0.9555967,0.9515903,0.9322886,0.94862336,0.94687045,0.93853754,0.960643,0.9520128,0.96099854,0.92991436,0.94476044,0.9448929,0.96132934,0.9477143,0.94525224,0.9271607,0.96895885,0.9414245,0.94223577,0.9448883,0.9489284,0.9507997,0.9400717,0.9502492,0.94171023,0.9371478,0.9525111,0.95645267,0.93782735,0.91484576,0.9404425,0.9535479,0.94910777,0.9485988,0.9504134,0.9541762,0.96895885,0.9253343,0.9496408,0.9603874,0.9376557
arcticmovie,0.9684114,0.966828,0.96072435,0.96515983,0.95315987,0.95130605,0.96761334,0.965656,0.9806607,0.95241845,0.94316643,0.94958633,0.9623971,0.9675269,0.96231616,0.9569102,1.0000002,0.9471376,0.95756465,0.95509887,0.9619888,0.9635633,0.9590998,0.9621105,0.9544351,0.9007271,0.947057,0.962244,0.9695913,0.9561051,0.95547104,0.94469076,0.9541913,0.9467557,0.9414648,0.94341373,0.9656321,0.9567566,0.95597684,0.95424134,0.9623941,0.9568996,0.9511024,0.9527216,0.961423,0.96269345,0.95676845,0.95083034,0.95934075,0.9530281,0.95919144,0.9689675,0.94534564,0.9470229,0.94409406,0.9656171,0.9488993,0.96013516,0.95220435,0.9501543,0.95768964,0.95133966,0.95023745,0.9621777,0.96469456,0.9613288,0.96279067,0.9570255,0.9606849,0.95376605,0.95945495,0.6150288,0.9493166,0.9594733,0.95994544,0.9536713,0.93350196,0.9610256,0.94911283,0.9498865,0.9508413,0.95360124,0.9726192,0.94897324,0.9413746,0.9662671,0.9414155,0.96262175,0.9520476,0.9688489,0.9448994,0.95945495,0.96020967,0.9638039,0.9530928,0.9626871,0.9495518,0.9618181,0.9588022,0.95490694,0.9574246,0.95688134,0.9495121,0.95991117,0.9621614,0.95690143,0.954675,0.9580437,0.9430453,0.95383775,0.95985645,0.8851342,0.9574678,0.93765205,0.95660144,0.95548815,0.9636346,0.9557308,0.9610651,0.9613025,0.9665979,0.9478235,0.9623768,0.95535326,0.9575501,0.95416546,0.95142597,0.9433557,0.95110303,0.94431216,0.9585116,0.9532263,0.973365,0.9321602,0.9519455,0.95413804,0.9572264,0.95662,0.95532435,0.9460882,0.9806607,0.9491639,0.9561186,0.9597727,0.9686356,0.9543582,0.9548797,0.9537588,0.9593661,0.9624058,0.95797116,0.95588887,0.9555382,0.92305905,0.9572854,0.95466655,0.9552632,0.95145416,0.9584145,0.9511169,0.9806607,0.9414179,0.9607797,0.9733799,0.9468285
artofracingmovie,0.9553324,0.9392114,0.9524622,0.95479393,0.96781373,0.9486514,0.9582695,0.9590699,0.96944654,0.9437144,0.93275017,0.93830454,0.9573304,0.95824915,0.9570154,0.9330356,0.9471376,1.0000001,0.9518757,0.9465546,0.94982505,0.96269405,0.96296823,0.9654025,0.9456919,0.90160936,0.9566577,0.9443426,0.96519834,0.939895,0.9410229,0.9461555,0.9269228,0.94975036,0.9202566,0.9084183,0.958315,0.94477415,0.9605884,0.94348204,0.94352853,0.9584068,0.9457515,0.9512048,0.9579886,0.9497754,0.95951694,0.95197463,0.94361186,0.94969624,0.96284133,0.9602669,0.94596297,0.96031225,0.9246704,0.9602841,0.94336385,0.9616233,0.9521143,0.9540376,0.9529595,0.94913864,0.93569857,0.9533634,0.94296634,0.94857883,0.94040006,0.95974255,0.9331175,0.915599,0.95305747,0.59647596,0.9304064,0.9543895,0.9433722,0.933724,0.91078585,0.9428704,0.94581896,0.9443615,0.9295677,0.94217503,0.95944536,0.9252401,0.9526265,0.95272666,0.9382195,0.95483965,0.9357878,0.95070547,0.940759,0.95305747,0.944535,0.9444205,0.9596843,0.9422986,0.92377764,0.95905155,0.93798906,0.9498014,0.95704037,0.9528524,0.93561614,0.96029705,0.9511874,0.9632129,0.93947035,0.9586506,0.9477563,0.926625,0.9637556,0.8487915,0.95777667,0.90962917,0.9510617,0.94073325,0.9575306,0.935574,0.9544204,0.9487916,0.9467088,0.9415824,0.94550115,0.9546648,0.9425515,0.94720054,0.9430615,0.95037514,0.97129315,0.9405334,0.9410168,0.9685928,0.9514712,0.9311545,0.95422703,0.93416274,0.95344156,0.95848703,0.95163345,0.9611183,0.96944654,0.9590874,0.9525092,0.9495142,0.9422587,0.94904065,0.9428736,0.9433243,0.9639838,0.9481736,0.9657578,0.93844223,0.9522798,0.929703,0.9479188,0.93612397,0.9478444,0.94800586,0.9615149,0.96000665,0.96944654,0.9426032,0.9404203,0.9560003,0.9554549
avengers,0.97605383,0.96142817,0.96537226,0.9671291,0.9523162,0.9350617,0.9581969,0.9655572,0.9766181,0.9399918,0.9497619,0.930749,0.96004343,0.9662212,0.96406215,0.9494782,0.95756465,0.9518757,0.99999946,0.96640027,0.9542656,0.97161967,0.9593083,0.95854604,0.9565827,0.8885555,0.9478829,0.9656473,0.9611782,0.9492704,0.98022467,0.94960034,0.9454387,0.9556718,0.9545657,0.92457336,0.96511215,0.9551948,0.95903456,0.9514699,0.93904203,0.9646389,0.9551595,0.96152586,0.95756316,0.95807195,0.95788693,0.95730317,0.95581454,0.9596636,0.96340126,0.9683832,0.9531999,0.9472871,0.9454752,0.9536186,0.95322543,0.96535665,0.9613017,0.96083814,0.9538571,0.9475812,0.9467072,0.9589686,0.9556168,0.9607316,0.96927553,0.9646112,0.9468353,0.91705805,0.9599237,0.6507873,0.93792623,0.9669917,0.95813704,0.94344574,0.922528,0.9651948,0.9497956,0.94850945,0.93862945,0.93882394,0.9626993,0.9393685,0.94504154,0.9628531,0.9373219,0.9628241,0.95409316,0.95556295,0.9513314,0.9599237,0.96319926,0.9616484,0.9512205,0.94457984,0.9498968,0.9715321,0.94312745,0.9544085,0.95352143,0.95988625,0.93558085,0.9552382,0.9598744,0.96153903,0.9539878,0.95454687,0.944721,0.9360537,0.96152097,0.87274873,0.9588189,0.9298776,0.95784897,0.960113,0.9619143,0.9541579,0.9573187,0.95379424,0.95317763,0.96320975,0.9638944,0.94556755,0.9543378,0.94649094,0.94600284,0.96574163,0.962475,0.9567976,0.96281374,0.96089244,0.96873814,0.920028,0.9531035,0.94877505,0.96247923,0.9664527,0.9553449,0.93402725,0.9766181,0.95001626,0.9444215,0.94769704,0.9511956,0.9681768,0.95489866,0.9572844,0.9598743,0.9564273,0.96241707,0.95867723,0.9512826,0.9474612,0.9503981,0.94796985,0.9462651,0.95623827,0.9724724,0.96857846,0.9766181,0.9358738,0.9514387,0.96698636,0.9517697
beachbummovie,0.9670658,0.95157754,0.9589482,0.961746,0.95550376,0.947416,0.96291703,0.96252793,0.9772017,0.9556133,0.95768374,0.93708473,0.9630159,0.96053296,0.9709735,0.9488483,0.95509887,0.9465546,0.96640027,1.0,0.9494357,0.9622268,0.9601822,0.9705244,0.9434243,0.90587866,0.9379085,0.96263355,0.96102923,0.94732416,0.9664065,0.94564396,0.9643146,0.9514705,0.9527981,0.92404777,0.9598394,0.96310884,0.9525755,0.9553906,0.9403426,0.95257574,0.95521075,0.9459894,0.97006655,0.9612721,0.9612732,0.9565,0.9623863,0.9450164,0.9646119,0.9654157,0.9623402,0.9406013,0.94441843,0.94506866,0.95522904,0.9630486,0.9597478,0.962581,0.944614,0.9588942,0.96118534,0.9561532,0.9548853,0.9559207,0.95904076,0.9559365,0.9597208,0.94288504,0.9659734,0.6848649,0.9463193,0.97466755,0.9621401,0.9494656,0.91617256,0.9529826,0.95847255,0.94011766,0.95653003,0.9473415,0.9595439,0.9498269,0.9548455,0.9531085,0.9475753,0.9727329,0.9690478,0.94937193,0.9591293,0.9659734,0.9466357,0.95019776,0.95485514,0.95238394,0.9448704,0.9781064,0.94563913,0.96404713,0.95568335,0.9544184,0.9488131,0.96182746,0.9606545,0.9619755,0.9525319,0.95703167,0.9352265,0.9409486,0.9640315,0.87445474,0.96017313,0.930334,0.95517075,0.958974,0.96800005,0.9626314,0.96110725,0.9602355,0.9495665,0.9607761,0.96338254,0.96201634,0.96246135,0.94603086,0.9599834,0.9600576,0.95571667,0.9466798,0.96601176,0.9583678,0.97486466,0.91289693,0.9561079,0.95757073,0.96817774,0.9553835,0.9625269,0.9512782,0.9772017,0.9502784,0.9458597,0.9527353,0.94760376,0.964928,0.9526397,0.95723724,0.9603187,0.96258026,0.96405584,0.94623184,0.9491076,0.93185526,0.96842015,0.9617254,0.95846444,0.96739924,0.95799977,0.9579869,0.9772017,0.93526495,0.9655123,0.9743247,0.9498706
bernadettefilm,0.9674943,0.95194966,0.9665811,0.96327305,0.95007926,0.9411149,0.9682724,0.9556029,0.9759375,0.94459575,0.93679607,0.9551101,0.9610018,0.9638368,0.9605886,0.9581114,0.9619888,0.94982505,0.9542656,0.9494357,1.0000001,0.9598128,0.9524309,0.96375763,0.94966036,0.90173435,0.93956804,0.9548418,0.9728829,0.9597698,0.94605565,0.9447845,0.9374037,0.959445,0.9422694,0.91841817,0.9661776,0.9644791,0.9643027,0.95814246,0.9497876,0.96603584,0.9487395,0.9605641,0.9484581,0.9599898,0.95097387,0.95021087,0.9551913,0.96030915,0.96730626,0.96314096,0.93783844,0.9605346,0.94321287,0.95079213,0.9489248,0.96566397,0.94295496,0.9548762,0.94502294,0.9414098,0.94238317,0.96450835,0.95208573,0.9526321,0.965705,0.95852864,0.94935846,0.9400873,0.9568895,0.6116107,0.92376465,0.96142054,0.94576037,0.9470728,0.9079672,0.9510956,0.9385064,0.94874626,0.9390903,0.94554174,0.96362627,0.9312446,0.9562049,0.95516276,0.95295036,0.9593184,0.94981766,0.96258086,0.9564917,0.9568895,0.95275676,0.9627066,0.9670527,0.9612303,0.9371862,0.9511993,0.9537953,0.94604266,0.95812106,0.9405496,0.9532536,0.96397114,0.9657597,0.9661968,0.95618224,0.95397526,0.9559992,0.9401387,0.9599518,0.8685581,0.9655467,0.9076699,0.96883327,0.9503431,0.9625189,0.9408809,0.95360833,0.95886254,0.9636575,0.9528736,0.9649195,0.9499169,0.95674974,0.96094495,0.95334744,0.96173704,0.9593973,0.9439781,0.97665817,0.95932335,0.9631624,0.9099203,0.96092993,0.96293825,0.9507602,0.95090115,0.9500143,0.9405528,0.9759375,0.9480877,0.95564365,0.95333827,0.9627395,0.9409645,0.9462137,0.9590391,0.9614024,0.95752966,0.96732175,0.9491796,0.9498153,0.9306767,0.9604217,0.94477457,0.94693583,0.9584361,0.9579272,0.9632409,0.9759375,0.94247735,0.95287335,0.9593829,0.95111567
