movie,21bridgesmovie,47metersdown,abeautifuldaymovie,abominablemovie,adastramovie,adogsjourneymovie,aftermathmovie,aftermovie,ahiddenlifefilm,alitamovie,angelhasfallen,angrybirdsmovie,annabellemovie,annamovie,apollo11movie,arcticdogsmovie,arcticmovie,artofracingmovie,avengers,beachbummovie,bernadettefilm,blackandbluemovie,blackchristmas,blindedbythelightmovie,bombshellmovie,booksmart,breakthroughmovie,brianbanksmovie,brightburnmovie,brittanyrunsmov,captainmarvelofficial,captivestatemovie,catsmovie,charliesangels,childsplaymovie,clarathefilm,coldpursuitmovie,countdown,currentwarmovie,darkwatersmovie,detectivepikachumovie,disneyaladdin,disneyfrozen,disneymaleficent,doctorsleepmovie,dolemiteismyname,dontletgomovie,doramovie,downtonabbey_official,dumbo,escaperoom,everybodyknowsmovie,fastandfuriousmovie,fightingwmyfam,fivefeetapartfilm,fordvferrari,freaksthefilm,geminimanmovie,glassmovie,gloriabellmovie,godzillamovie,goldfinchmovie,goodboysmovie,goodliarmovie,gretafilm,halathemovie,happydeathdaymovie,harrietfilm,hellboymovie,hersmellmovie,highlifemovie,highstrungmovie,honeyboymovie,hotelmumbaifilm,httydragon,hustlemovie,hustlersmovie,isntitromantic,itmovieofficial,jayandsilentbob,johnwickmovie,jojorabbitmovie,jokermovie,judythefilm,jumanjimovie,justmercyfilm,knivesout,lalloronamovie,lastblackmansf,lastchristmasthemovie,latenightmovie,lighthousemovie,lionking,littlethemovie,littlewomenmovie,littlewoodsfilm,longshotmovie,lordsofchaosmovie,lucyintheskyfilm,mamovie2019,marriagestory,meettheaddams,meninblack,midsommarmovie,midwaymovie,missbalamovie,missinglinkfilm,motherlessbklyn,onceinhollywood,onthebasisofsex,overcomermovie,peanutbutterfalcon,petsematarymovie,piercingmovie,playingwithfire,playmobilthemovie,pomsmovie,queenandslim,rambomovie,readyornotfilm,richardjewellfilm,rocketmanmovie,scarystoriesmovie,secretlifeofpets,serenityfilm,shaftmovie,shazammovie,spidermanmovie,spiesindisguise,starwars,stormboymovie,stubermovie,taosdfilm,teenspiritmov,terminator,theaeronautsmov,thebestofenemies,thedeaddontdie,thefarewell,thehighwaymen,thehummingbirdprojectfilm,theintrudermovie,theirishmanfilm,thekitchenmovie,thelegomovie,themustangfilm,thenightingalefilm,theprodigymovie,thesunisalsoastar,theupsidefilm,tolkienmovie,toystory,triplefrontier,uglydolls,uncutgems,underthesilverlake,usmovie,wavesmovie,whatmenwant,wonderparkmovie,wrinklestheclown,xmenmovies,yardiefilm,yesterdaymovie,zombieland
21bridgesmovie,0.9999999,0.96324193,0.9708725,0.9702433,0.9672477,0.96056545,0.9766765,0.9574108,0.98283476,0.9649834,0.9649052,0.95813686,0.9656547,0.9689542,0.9767933,0.9633319,0.97696817,0.97496134,0.97419924,0.9638361,0.96467483,0.9702926,0.97268236,0.97943705,0.96703386,0.77281594,0.9565007,0.9698936,0.96752954,0.94612026,0.9558818,0.97108674,0.9698702,0.9680767,0.9571016,0.9013883,0.97567946,0.96995825,0.9727471,0.9646936,0.96698445,0.967946,0.9606673,0.96141654,0.97195506,0.95403516,0.97800434,0.9663256,0.9657052,0.9621292,0.96921,0.9756505,0.9522125,0.9424567,0.9553638,0.97486764,0.9474821,0.974666,0.9703719,0.96579,0.9560995,0.96147925,0.9631817,0.97131485,0.9661947,0.95979005,0.9535595,0.96724004,0.9682477,0.9600522,0.9668351,0.58942676,0.95355225,0.9715479,0.9604998,0.9315185,0.92326844,0.96002495,0.9728687,0.97253036,0.95885193,0.9721508,0.9688014,0.9608827,0.96433145,0.96115696,0.9658507,0.9701409,0.9613903,0.9734963,0.96485245,0.9668351,0.955861,0.9562441,0.97210914,0.961431,0.9790942,0.9791448,0.96696866,0.95887977,0.96262425,0.9631539,0.97271055,0.96599257,0.9638595,0.9676955,0.9696378,0.96584255,0.9403567,0.97640556,0.97158325,0.73926437,0.9760712,0.8700893,0.9680125,0.9811037,0.99211264,0.9708241,0.9720727,0.97099626,0.9578277,0.97018194,0.9705192,0.96802866,0.9637592,0.9615342,0.9628004,0.95928174,0.96467113,0.94187284,0.9661324,0.96329886,0.9509475,0.9063886,0.9762247,0.9504751,0.97967553,0.9621501,0.96261287,0.9687565,0.98283476,0.96674794,0.96570486,0.96967894,0.96423835,0.9710352,0.9577746,0.96946025,0.9706224,0.9676917,0.9687282,0.96982306,0.96846265,0.9581174,0.95412827,0.9654014,0.96934754,0.96287143,0.9762028,0.9647299,0.98283476,0.9679731,0.97866416,0.9715467,0.9709838
47metersdown,0.96324193,1.0,0.96255326,0.9740945,0.96798855,0.93716794,0.9544408,0.9463697,0.9778848,0.9637428,0.9582452,0.9612835,0.9694203,0.97082424,0.95592827,0.97029513,0.9665273,0.96860963,0.9704163,0.9550845,0.9644851,0.97088444,0.9705316,0.96708155,0.95657206,0.7705754,0.9569451,0.96504176,0.9762823,0.9484598,0.95518595,0.952934,0.9659956,0.9626668,0.9420471,0.89335185,0.97033596,0.9661939,0.967671,0.95304215,0.9701194,0.9573229,0.93768126,0.95900583,0.9676635,0.9632497,0.9739488,0.9588787,0.945776,0.96228665,0.9730877,0.9635136,0.937372,0.9487514,0.961186,0.97221494,0.93879807,0.96340716,0.9584868,0.9674236,0.96726215,0.9646742,0.9561289,0.9794454,0.9638953,0.9511532,0.9579432,0.9632668,0.97073734,0.94286764,0.9603798,0.6125321,0.9497004,0.97026277,0.9498225,0.93676317,0.90985626,0.9605879,0.9602559,0.955113,0.9367368,0.95939016,0.97000796,0.9600591,0.9730372,0.95913756,0.9633913,0.96579945,0.9622196,0.96671623,0.9661846,0.9603798,0.971418,0.9580841,0.9720886,0.9415713,0.9618674,0.96766865,0.96340144,0.9544553,0.965213,0.9623434,0.96085805,0.9596172,0.9710303,0.97194636,0.9691363,0.9651812,0.932636,0.94817907,0.97001415,0.7510325,0.9666183,0.85954154,0.95923305,0.9555728,0.9614524,0.9554472,0.9614893,0.94686097,0.9703136,0.9736436,0.96701324,0.9576062,0.95123893,0.96980655,0.96487534,0.9657332,0.95972157,0.9302494,0.9669555,0.96260786,0.96594137,0.88999414,0.9648419,0.9546183,0.95596033,0.95984644,0.9626113,0.9538146,0.9778848,0.96925336,0.96383256,0.96875423,0.9687096,0.97297335,0.95424974,0.9454785,0.96849114,0.94587886,0.94859225,0.9632499,0.97033393,0.943247,0.9531797,0.9666689,0.9492105,0.9555296,0.96379435,0.95145786,0.9778848,0.96255517,0.9603254,0.9635649,0.9648826
abeautifuldaymovie,0.9708725,0.96255326,1.0,0.96867734,0.96753806,0.94242954,0.97543114,0.94277906,0.9779234,0.94964135,0.95954335,0.95899653,0.9601845,0.97278816,0.9643244,0.9529619,0.9710879,0.9729925,0.95931375,0.9521831,0.9521124,0.9668277,0.97365004,0.9757624,0.95819753,0.8028319,0.9423964,0.96048987,0.984283,0.93856937,0.9506582,0.9585456,0.9740497,0.96868205,0.9432371,0.8643762,0.9782357,0.9488416,0.9624667,0.95127356,0.9651443,0.9624232,0.9375767,0.96098465,0.97348577,0.9513368,0.97479546,0.953713,0.9516089,0.96130925,0.9816922,0.9615727,0.9428837,0.94383526,0.95092034,0.9631328,0.9378569,0.9610625,0.9707739,0.9618515,0.9639994,0.96674335,0.96206737,0.9671682,0.9661746,0.95448726,0.95041335,0.9581463,0.9597491,0.9329676,0.9641841,0.61176896,0.9278709,0.9541356,0.9455933,0.93478996,0.90452355,0.9460352,0.9625329,0.9544338,0.95591253,0.9639262,0.95961154,0.9551716,0.96649224,0.950234,0.95726866,0.9635226,0.9556691,0.96954554,0.9659677,0.9641841,0.9606823,0.9512482,0.98090214,0.96647084,0.9656102,0.9586257,0.9678315,0.96071345,0.95811033,0.96141475,0.97486734,0.95854264,0.96107095,0.9821324,0.97266483,0.9488313,0.9538303,0.95488435,0.96999866,0.7002266,0.9668552,0.8450773,0.94808114,0.94982386,0.9676646,0.9595515,0.9653524,0.97088367,0.95901316,0.9655835,0.96876,0.9524331,0.95955557,0.9573681,0.9621897,0.9588388,0.9487147,0.921979,0.96079886,0.959138,0.95399445,0.91095173,0.96143556,0.9442348,0.9671778,0.95620537,0.95686436,0.95480484,0.9779234,0.96903044,0.95413977,0.9619473,0.96229565,0.96984684,0.9417872,0.942869,0.95814514,0.94798917,0.96178037,0.98072404,0.9623863,0.93685174,0.9613744,0.9617596,0.96142113,0.9579142,0.96104234,0.9435441,0.9779234,0.9575594,0.9701129,0.9709435,0.9749502
abominablemovie,0.9702433,0.9740945,0.96867734,0.99999976,0.972072,0.94144464,0.96463317,0.955315,0.9835079,0.96200407,0.9677749,0.95769686,0.97389656,0.9667246,0.96409905,0.9757609,0.9658758,0.9776333,0.9700813,0.9620612,0.9672068,0.975676,0.98261523,0.97589564,0.96021,0.77587104,0.97266585,0.95772094,0.9782706,0.9562872,0.96328837,0.9675362,0.97960824,0.96889496,0.935975,0.8924207,0.97477,0.96593225,0.9768776,0.96032214,0.9786672,0.9719344,0.94495845,0.96583694,0.9775218,0.9631648,0.9804462,0.956226,0.9579834,0.96745116,0.97986907,0.9699995,0.9426416,0.95301956,0.9735538,0.97149163,0.95460606,0.9710753,0.9677138,0.97362274,0.9750892,0.9702013,0.9607689,0.97787285,0.96737564,0.9713481,0.9630121,0.9584597,0.97422683,0.9428284,0.96781194,0.5697872,0.94926685,0.97003406,0.9512142,0.93784404,0.9117373,0.9608289,0.96018237,0.96753067,0.956546,0.9678883,0.97221047,0.948189,0.97393006,0.96331936,0.96020705,0.9706263,0.9698315,0.96455204,0.96568453,0.96781194,0.9650126,0.96120346,0.9714269,0.94909537,0.96850127,0.96349484,0.9640177,0.96454513,0.96403146,0.9676194,0.96379995,0.9619978,0.97248507,0.98131156,0.979878,0.96859604,0.9514593,0.96144986,0.9754959,0.71327895,0.96757907,0.8699891,0.9638802,0.9634908,0.97198343,0.96208227,0.97804487,0.9560787,0.974573,0.9711491,0.9679803,0.9611117,0.965604,0.9674105,0.9636828,0.9699677,0.96971613,0.926876,0.97193754,0.96081644,0.95432603,0.90368783,0.9663914,0.96999377,0.9776291,0.9645,0.9682707,0.9621262,0.9835079,0.97569734,0.9662849,0.969034,0.9719298,0.9733204,0.9530196,0.9490421,0.97035396,0.9488887,0.9602177,0.9677871,0.9715127,0.9474449,0.95446485,0.97138244,0.9685663,0.9621603,0.97017896,0.9547739,0.9835079,0.96154207,0.97590566,0.97266835,0.9773382
adastramovie,0.9672477,0.96798855,0.96753806,0.972072,1.0000001,0.961077,0.9722235,0.9645401,0.9882008,0.97143745,0.97299653,0.96355486,0.9675506,0.97118634,0.9706413,0.9780124,0.981752,0.9837297,0.97322696,0.96906835,0.9677635,0.9703358,0.97995514,0.97506535,0.9686238,0.80190665,0.9640064,0.9716956,0.970393,0.9729391,0.97195506,0.9764025,0.9746028,0.96415836,0.9507446,0.9088435,0.9766948,0.9661161,0.97522396,0.9728579,0.9705597,0.97425276,0.9477289,0.97304344,0.9737743,0.96926606,0.97865206,0.97507995,0.9570752,0.97342634,0.97463423,0.9776067,0.951206,0.9618747,0.9649281,0.9805685,0.9510534,0.97989213,0.97632194,0.9830442,0.9663874,0.97339755,0.9682096,0.9712441,0.9685335,0.9649243,0.96665096,0.96821946,0.9748568,0.9512193,0.9787614,0.57814556,0.9628933,0.969276,0.9508775,0.9516737,0.9056853,0.96947414,0.9828322,0.9688068,0.96413887,0.97283393,0.9723935,0.9620461,0.9761673,0.96980846,0.9772095,0.9703962,0.9723609,0.97465605,0.97332394,0.9787614,0.96845376,0.96932566,0.9792977,0.95680255,0.96559685,0.97262317,0.9687678,0.97039884,0.9704374,0.9760354,0.9625348,0.9785891,0.95891196,0.9772544,0.97938424,0.96662134,0.9624652,0.9661987,0.98172,0.7323575,0.97113395,0.8935761,0.9593427,0.9656836,0.97159874,0.96143717,0.9788562,0.9632989,0.9751355,0.97093654,0.9708604,0.97716177,0.9826141,0.9724424,0.9730163,0.9737336,0.9810021,0.9437706,0.97196233,0.9802495,0.9765461,0.9400816,0.9784798,0.9752938,0.9678129,0.9754662,0.97445565,0.9687025,0.9882008,0.9694871,0.97681814,0.9708813,0.9706478,0.98087156,0.9611787,0.9577998,0.9726189,0.9539141,0.96716744,0.9755738,0.9756376,0.9390197,0.976584,0.98574513,0.96927977,0.97119385,0.9708188,0.9573603,0.9882008,0.97681373,0.9782445,0.9749132,0.9714031
adogsjourneymovie,0.96056545,0.93716794,0.94242954,0.94144464,0.961077,1.0,0.9700972,0.93960434,0.9636945,0.94718665,0.9486684,0.94939214,0.94220906,0.95896935,0.956626,0.95137274,0.9678393,0.9585443,0.96367776,0.9564804,0.9452212,0.93936163,0.9702083,0.9515426,0.94125366,0.80498505,0.9363144,0.95942265,0.93743396,0.94928133,0.9487525,0.9674322,0.95356774,0.9338685,0.93439,0.88338107,0.96037626,0.9545383,0.9601759,0.9592633,0.9522812,0.9539164,0.9467411,0.95145327,0.9392187,0.9371209,0.9733005,0.95976,0.93173623,0.9509081,0.93828243,0.9516503,0.96443975,0.94166553,0.92692393,0.9604788,0.94803095,0.95901465,0.95836526,0.94522315,0.9325977,0.9422109,0.9412962,0.9451044,0.9472241,0.9416393,0.9423574,0.9481628,0.9485771,0.9381864,0.94621223,0.5863688,0.9515901,0.9617565,0.9372726,0.90972733,0.88015234,0.9260238,0.95608646,0.95774144,0.942876,0.96612966,0.94552624,0.93900955,0.9413893,0.9370488,0.9694101,0.96036345,0.93740636,0.9574957,0.9566447,0.94621223,0.94450945,0.93744344,0.95262796,0.94686276,0.9512677,0.9467659,0.96349096,0.96697164,0.9444028,0.96458656,0.94231224,0.9545803,0.93984795,0.94345266,0.95092934,0.94144976,0.93100536,0.9592861,0.9547373,0.7722016,0.9575402,0.88333154,0.93504727,0.94885224,0.960332,0.9505955,0.9520557,0.9567211,0.9478437,0.9565117,0.9548727,0.9792091,0.96158415,0.9458519,0.94791716,0.95132965,0.9538982,0.9461345,0.94268537,0.95014,0.95716983,0.90493166,0.9628416,0.9411914,0.96057165,0.9460333,0.9476678,0.9555552,0.9636945,0.93747354,0.9554144,0.9463256,0.9364997,0.9524356,0.94840825,0.95116556,0.9413494,0.9285208,0.9679469,0.94489324,0.9460082,0.930379,0.935881,0.9554569,0.9572797,0.9346553,0.95192987,0.9484464,0.9636945,0.95628434,0.97137994,0.96225685,0.94536364
aftermathmovie,0.9766765,0.9544408,0.97543114,0.96463317,0.9722235,0.9700972,1.0,0.951538,0.9832737,0.9511099,0.9673023,0.96659577,0.9606153,0.9783173,0.97733724,0.9648698,0.97978574,0.96792877,0.9692107,0.9601596,0.9631247,0.96887887,0.97885025,0.9754625,0.96552354,0.7957711,0.95368737,0.97134703,0.96991163,0.9514635,0.9545379,0.9729193,0.9717539,0.9630476,0.93963164,0.88512176,0.97718847,0.9596992,0.969655,0.9647169,0.9738254,0.9768607,0.9643239,0.9683358,0.96825564,0.95203185,0.97788996,0.97063315,0.9576947,0.9711821,0.9708711,0.9726461,0.9576621,0.9520378,0.95240283,0.96527857,0.952719,0.97464985,0.980221,0.96379566,0.95878947,0.9618962,0.9633844,0.96682394,0.9732348,0.9604187,0.96074945,0.9610519,0.9715063,0.94905096,0.9716872,0.6080464,0.9396269,0.9670087,0.93619174,0.94015676,0.8941527,0.952921,0.9663434,0.97369576,0.965119,0.9768604,0.9678013,0.9488519,0.96403104,0.96317863,0.970004,0.9714646,0.9648621,0.97794026,0.96538615,0.9716872,0.95834994,0.9523441,0.9706875,0.9743024,0.96529275,0.9674168,0.9823691,0.96627563,0.9578745,0.963804,0.9689599,0.9693069,0.96285623,0.97175646,0.968145,0.95363915,0.9583027,0.96884495,0.97570115,0.7481341,0.97020745,0.8737911,0.94792867,0.9622454,0.9782484,0.96142787,0.97302985,0.99174803,0.9617156,0.96830946,0.97648394,0.9743079,0.9728688,0.9573508,0.95696485,0.9697267,0.9632417,0.93744683,0.96351767,0.9628514,0.96330553,0.9198363,0.9699331,0.9490863,0.97786254,0.9635107,0.9705964,0.9598157,0.9832737,0.9685203,0.9605764,0.9619385,0.95571315,0.97203594,0.96153367,0.9512045,0.95793045,0.9467062,0.98922205,0.9728752,0.9597102,0.93276346,0.9638951,0.9745355,0.97255665,0.9643305,0.97037244,0.95281744,0.9832737,0.95910126,0.9831897,0.9791188,0.96932125
aftermovie,0.9574108,0.9463697,0.94277906,0.955315,0.9645401,0.93960434,0.951538,1.0,0.9757745,0.9455163,0.96202755,0.94853973,0.9574173,0.94944596,0.96838313,0.96488625,0.9629362,0.9614516,0.9609775,0.9671497,0.96003646,0.9676124,0.96486855,0.9661196,0.94210553,0.7739568,0.95975673,0.95660776,0.9579939,0.9544806,0.9601867,0.9670898,0.96200436,0.9675644,0.9402937,0.88690203,0.9588429,0.95605844,0.96693677,0.96801865,0.9533509,0.9714882,0.9438437,0.96152127,0.95785505,0.9458588,0.9591599,0.9547559,0.9439387,0.9667273,0.9590595,0.96571124,0.9520349,0.95140404,0.96447873,0.9615809,0.9285902,0.9630979,0.9479919,0.96946293,0.9542404,0.9496091,0.95788485,0.95850044,0.96646607,0.9661937,0.96128976,0.9513592,0.9701249,0.9548634,0.9688736,0.54359317,0.9337645,0.95092124,0.9544998,0.94814456,0.93101114,0.9676709,0.95285463,0.952511,0.94004405,0.9462873,0.9599516,0.94136435,0.9657708,0.96216655,0.9577029,0.9659618,0.97344226,0.94985145,0.96007985,0.9688736,0.97173846,0.951263,0.96216875,0.9452471,0.9499949,0.96589017,0.95323676,0.96112597,0.94412655,0.9570751,0.95615387,0.9703021,0.93965083,0.95933086,0.963415,0.9567036,0.94015133,0.94931984,0.9671128,0.73691815,0.9494229,0.8918439,0.949782,0.9592743,0.96189344,0.94718516,0.9496378,0.94405633,0.9685386,0.96054053,0.9647674,0.9603431,0.9663852,0.95501524,0.95285726,0.9558872,0.96337444,0.9210187,0.96156085,0.95772797,0.9459274,0.90586233,0.9554642,0.95233786,0.96374214,0.9479002,0.97207505,0.9438341,0.9757745,0.9537685,0.9567711,0.95061773,0.9560591,0.9693217,0.96490914,0.949316,0.9629574,0.9370018,0.9494555,0.96163404,0.96201426,0.91969335,0.95889515,0.96883893,0.9566084,0.951533,0.9666998,0.9465637,0.9757745,0.9498385,0.9635376,0.9631928,0.9641653
ahiddenlifefilm,0.98283476,0.9778848,0.9779234,0.9835079,0.9882008,0.9636945,0.9832737,0.9757745,1.0000001,0.9763896,0.9775353,0.97429794,0.9833621,0.98644435,0.9852611,0.9856382,0.9892507,0.98585945,0.9828994,0.9787127,0.9828921,0.9851637,0.9908663,0.98738414,0.9791882,0.7934963,0.9788562,0.977839,0.9836159,0.9741339,0.9740587,0.98662794,0.9860407,0.9814934,0.96392804,0.9127853,0.9886992,0.9794747,0.9856527,0.9813374,0.9831191,0.9874967,0.9648062,0.98318595,0.9858871,0.97452796,0.9898627,0.97982013,0.97666276,0.9840054,0.9864252,0.98886997,0.96453327,0.973831,0.97341174,0.9849338,0.9686692,0.98710734,0.97995883,0.98427045,0.9826841,0.98070264,0.97772,0.9889106,0.9860178,0.97565985,0.9796099,0.9806995,0.9856882,0.9674844,0.9871682,0.59293604,0.9652247,0.9810103,0.9656834,0.95611227,0.927865,0.9790747,0.97956103,0.98037297,0.96822006,0.9838283,0.9850532,0.9677222,0.9887238,0.97947216,0.9775937,0.98213375,0.9847014,0.98771745,0.98507065,0.9871682,0.9831946,0.97749746,0.98667294,0.9712529,0.98113596,0.9828299,0.9840448,0.98222107,0.9740603,0.9827853,0.9818271,0.983442,0.9772969,0.98811877,0.98756546,0.9807499,0.9653898,0.9768322,0.99385166,0.7360262,0.98582524,0.89554626,0.97565734,0.97870845,0.9849345,0.97683585,0.9855961,0.9741114,0.98552334,0.98684126,0.9863625,0.97619563,0.9826791,0.9816306,0.98292816,0.98344034,0.97834086,0.95201975,0.9820903,0.9781392,0.97858447,0.9301473,0.98428714,0.9778328,0.9841579,0.98377174,0.98697776,0.97668695,1.0000001,0.9836328,0.978533,0.98089826,0.97935927,0.9896233,0.976527,0.9709553,0.9849614,0.9676209,0.97613704,0.98528117,0.9839368,0.94843924,0.9763162,0.9867823,0.9815025,0.98390734,0.98743504,0.9767116,1.0000001,0.9751127,0.9886551,0.9882683,0.9846056
alitamovie,0.9649834,0.9637428,0.94964135,0.96200407,0.97143745,0.94718665,0.9511099,0.9455163,0.9763896,1.0000001,0.958257,0.95007485,0.9624577,0.9603732,0.95861095,0.96263963,0.9666781,0.97372097,0.95922476,0.9527212,0.9636042,0.95630485,0.9646048,0.9611796,0.9650714,0.7910577,0.96566087,0.955682,0.9558521,0.9549985,0.9545821,0.9723369,0.948233,0.94864213,0.9529717,0.91320896,0.9642251,0.9596212,0.9548185,0.96175337,0.94880927,0.9644828,0.93770695,0.9513954,0.96612054,0.95599324,0.9692027,0.959586,0.9569641,0.95674145,0.9604248,0.97473127,0.9406767,0.9543326,0.95158494,0.97361195,0.9519285,0.9791728,0.9537141,0.96428394,0.95751595,0.9744052,0.9542249,0.96971774,0.9645105,0.95571905,0.95693547,0.9647626,0.9621252,0.9555052,0.95943356,0.60776883,0.96991396,0.9661253,0.9541193,0.9382053,0.9055101,0.9648612,0.9728702,0.9620692,0.94916064,0.95559263,0.96468246,0.9486631,0.9684779,0.9563285,0.96056855,0.9599079,0.95761406,0.96374655,0.9648542,0.95943356,0.9545506,0.95995486,0.9664171,0.9411343,0.96254313,0.9582503,0.9637729,0.95320034,0.9680179,0.966046,0.95602155,0.96016175,0.9530047,0.96536225,0.9661053,0.9701416,0.93923485,0.961946,0.97158635,0.73231685,0.9703859,0.86885136,0.97651637,0.97382045,0.96370536,0.96192,0.9655522,0.9461209,0.9612489,0.96184695,0.95499295,0.9659602,0.96397406,0.9628035,0.9590754,0.9513221,0.96511006,0.92796206,0.9647711,0.96547574,0.96185434,0.9021567,0.9805536,0.96223557,0.9517405,0.9700381,0.95868367,0.9709817,0.9763896,0.9568057,0.9697354,0.9674092,0.96460426,0.968829,0.95488864,0.95712376,0.97182614,0.96250254,0.94984424,0.9582692,0.9756564,0.9549905,0.9455141,0.96832937,0.95023406,0.96238846,0.9642838,0.9702779,0.9763896,0.9655843,0.9596587,0.9549208,0.95981884
angelhasfallen,0.9649052,0.9582452,0.95954335,0.9677749,0.97299653,0.9486684,0.9673023,0.96202755,0.9775353,0.958257,0.9999998,0.95609516,0.9594611,0.9584524,0.9571601,0.9691282,0.95981544,0.9699689,0.9596847,0.9548561,0.959166,0.9694347,0.9701626,0.964514,0.9644696,0.8001166,0.9536443,0.9515993,0.96886563,0.94409513,0.9516437,0.96290356,0.959316,0.9466903,0.9190411,0.90666324,0.97235465,0.95148915,0.9694001,0.96162665,0.9607157,0.9659375,0.9336108,0.9548197,0.96966904,0.9516296,0.9650955,0.9629569,0.958126,0.9571624,0.9780406,0.97391635,0.9347511,0.94644445,0.9673791,0.968279,0.94910955,0.96961147,0.97876906,0.9708201,0.9640365,0.96971667,0.95659226,0.95635223,0.9623789,0.9659317,0.9651407,0.9542826,0.97760195,0.94648564,0.9674602,0.5680972,0.9535377,0.9597288,0.93898404,0.95063204,0.90065444,0.94999963,0.95884335,0.9605616,0.97650826,0.96413654,0.96494097,0.9394442,0.9720606,0.9606749,0.97135705,0.9608513,0.96372914,0.9640914,0.9562815,0.9674602,0.95448416,0.95063746,0.9730254,0.9616642,0.9650501,0.96857065,0.96043545,0.9575758,0.9597054,0.962516,0.953981,0.9680332,0.9605002,0.97276276,0.9643623,0.95701814,0.95316434,0.9654325,0.9682688,0.75273824,0.96223617,0.90154326,0.9504154,0.96615297,0.9675646,0.9484364,0.97340244,0.95712906,0.96204644,0.96558464,0.9682208,0.9751963,0.9657502,0.9602533,0.9490345,0.96782035,0.9751164,0.9313061,0.9752805,0.9627508,0.950062,0.9082021,0.96350455,0.9510273,0.9707264,0.96603304,0.9663732,0.9608232,0.9775353,0.9594505,0.963543,0.9637164,0.9644662,0.97858757,0.95936227,0.9344795,0.9591716,0.95083934,0.960338,0.9641787,0.96583825,0.9235443,0.9625144,0.9700901,0.96199095,0.9529114,0.9689769,0.9447723,0.9775353,0.9607638,0.967736,0.96049005,0.973731
angrybirdsmovie,0.95813686,0.9612835,0.95899653,0.95769686,0.96355486,0.94939214,0.96659577,0.94853973,0.97429794,0.95007485,0.95609516,0.9999999,0.9559552,0.9731285,0.9481815,0.9557447,0.9625806,0.9684181,0.94378453,0.9559403,0.9653076,0.95548904,0.96338296,0.96245664,0.9694391,0.7864841,0.9493925,0.96500206,0.96773034,0.94827557,0.9400138,0.9650174,0.9582753,0.96413714,0.9384704,0.8970493,0.9645433,0.9542521,0.9650424,0.96354717,0.9534832,0.96558166,0.9413524,0.95578605,0.9516026,0.9576807,0.96640337,0.9741573,0.94831574,0.9644624,0.96481776,0.96543854,0.94532585,0.9408725,0.9475339,0.9775697,0.9493679,0.9653558,0.9651936,0.9484368,0.953007,0.9584043,0.9516169,0.9651846,0.9700686,0.9649782,0.9574304,0.9654786,0.9620109,0.9608087,0.94953734,0.6219645,0.941193,0.96818405,0.9433912,0.95224726,0.9039938,0.94640064,0.9650823,0.96227944,0.957497,0.95300025,0.94844615,0.93557507,0.9676849,0.9612704,0.9505081,0.97071123,0.9628729,0.9641105,0.9665913,0.94953734,0.96842,0.975241,0.96001977,0.94489616,0.9648635,0.9665345,0.9648765,0.95511955,0.9554722,0.96117914,0.959857,0.9462401,0.9647167,0.9666506,0.9650829,0.9510533,0.9506026,0.9683246,0.9634019,0.7474,0.9587393,0.84570825,0.95251477,0.9585034,0.97049916,0.9547114,0.963367,0.957976,0.9502242,0.96248716,0.9628335,0.9577489,0.964171,0.96660215,0.9594272,0.9606066,0.9530561,0.93531454,0.96116835,0.94648427,0.9575655,0.8892364,0.96156675,0.94577175,0.96461993,0.9557256,0.9614673,0.9690863,0.97429794,0.9600324,0.96165466,0.959504,0.967997,0.9626767,0.951742,0.9481672,0.95619917,0.9619843,0.9664183,0.9666209,0.97517556,0.91866463,0.9449189,0.9628749,0.9524136,0.9558119,0.9639042,0.94079375,0.97429794,0.95804507,0.9676926,0.9590741,0.96921015
annabellemovie,0.9656547,0.9694203,0.9601845,0.97389656,0.9675506,0.94220906,0.9606153,0.9574173,0.9833621,0.9624577,0.9594611,0.9559552,0.99999994,0.96700007,0.9596177,0.96480966,0.96868414,0.9795952,0.9724037,0.9579219,0.95508176,0.97138906,0.9812915,0.97421074,0.95827025,0.78315634,0.97001255,0.95503485,0.96799034,0.9552458,0.9654022,0.96681863,0.96643925,0.9655083,0.95850533,0.89717245,0.9759514,0.97518605,0.9723989,0.9608388,0.9688898,0.9659905,0.9441121,0.9631346,0.97266054,0.96020406,0.9793446,0.960293,0.963915,0.9625903,0.97663724,0.97334516,0.95385593,0.95712864,0.9700359,0.9647983,0.9476766,0.9718362,0.9627515,0.9672481,0.96833736,0.9663014,0.95244944,0.9800036,0.9646526,0.94860786,0.97967327,0.9586269,0.9738074,0.9515166,0.970041,0.5529911,0.9437679,0.9631437,0.9550174,0.9481258,0.92902803,0.9706111,0.9641394,0.9628644,0.9499112,0.9730113,0.9813748,0.9545429,0.98732513,0.96142,0.96894246,0.9828612,0.9668705,0.96930194,0.9653732,0.970041,0.9662611,0.95679027,0.97643995,0.95000154,0.95714855,0.9606779,0.96642876,0.9709573,0.95269746,0.96533006,0.96679074,0.97142994,0.9650266,0.9752769,0.9707973,0.9725444,0.93417096,0.95250255,0.9773681,0.691655,0.9761364,0.8818514,0.95995533,0.96775854,0.9693181,0.9673374,0.9693419,0.9449006,0.97741145,0.98118645,0.9749501,0.95520896,0.9596173,0.97309804,0.9732313,0.97410643,0.9630012,0.94541705,0.96863234,0.9617344,0.9673981,0.9084744,0.965564,0.9591382,0.9590524,0.9695761,0.9679801,0.96255845,0.9833621,0.96715283,0.9640408,0.96890473,0.9617721,0.97094935,0.95929575,0.96436036,0.9792888,0.95969653,0.9475293,0.9672373,0.9704242,0.933572,0.96147174,0.9681261,0.9627623,0.9650026,0.9709337,0.97416073,0.9833621,0.96206605,0.966995,0.9731923,0.9656646
annamovie,0.9689542,0.97082424,0.97278816,0.9667246,0.97118634,0.95896935,0.9783173,0.94944596,0.98644435,0.9603732,0.9584524,0.9731285,0.96700007,0.99999994,0.9675338,0.9739898,0.9813126,0.9723228,0.9750357,0.9597954,0.97141975,0.96576095,0.9778276,0.9730178,0.96663326,0.81627667,0.9564167,0.9724782,0.9738905,0.95996034,0.9595833,0.9733187,0.97499335,0.9672885,0.9528688,0.9015264,0.9783482,0.95654094,0.96592516,0.96351653,0.97017545,0.9742986,0.94874847,0.9771254,0.969081,0.96890074,0.9789151,0.9757134,0.96258074,0.9750863,0.97261864,0.97165275,0.9551475,0.9639432,0.9530293,0.9737076,0.9645167,0.9721989,0.96951276,0.96788526,0.96582514,0.9660595,0.9650591,0.9816324,0.977286,0.9535291,0.96823764,0.971994,0.968561,0.9535791,0.9706785,0.6141998,0.95382404,0.9713064,0.9524723,0.93996847,0.9157541,0.9546231,0.9644908,0.9661825,0.9569524,0.97378933,0.9671196,0.9651906,0.97137535,0.9684892,0.9630811,0.97119105,0.96634,0.97964525,0.97404575,0.9706785,0.9734274,0.9623264,0.9734728,0.9656092,0.96968925,0.96295077,0.97683084,0.9805302,0.96793926,0.9738879,0.9693416,0.9639202,0.9746435,0.9759125,0.97821724,0.9614366,0.96296406,0.96231365,0.9759619,0.72689664,0.97746867,0.8734538,0.9574874,0.9572467,0.96699816,0.9659096,0.969305,0.9691501,0.968985,0.9744812,0.9760988,0.9629355,0.96919966,0.96602356,0.97864664,0.973326,0.9561369,0.9503632,0.9675487,0.96202207,0.97487974,0.9211604,0.97237986,0.96105474,0.97178423,0.97042793,0.9720828,0.9683865,0.98644435,0.96764976,0.9660196,0.9695497,0.9678425,0.97508115,0.9655011,0.9569902,0.9690428,0.95390695,0.971148,0.9767075,0.9691922,0.93482333,0.95781255,0.97005206,0.96423054,0.9671034,0.9699188,0.96192783,0.98644435,0.96006244,0.9831172,0.980413,0.9715384
apollo11movie,0.9767933,0.95592827,0.9643244,0.96409905,0.9706413,0.956626,0.97733724,0.96838313,0.9852611,0.95861095,0.9571601,0.9481815,0.9596177,0.9675338,1.0000001,0.96816045,0.9786368,0.9672054,0.9738945,0.97813827,0.97476953,0.9733573,0.97495323,0.9728213,0.95604956,0.7710165,0.96715844,0.9713614,0.9638219,0.95613444,0.9552274,0.97266245,0.97219086,0.967008,0.9501156,0.89306563,0.97223073,0.96940756,0.97710294,0.97476166,0.97399056,0.97690195,0.96110815,0.96878403,0.9651944,0.9482477,0.97361475,0.9586864,0.9659623,0.9708294,0.9645251,0.9775795,0.9566189,0.9594792,0.94442296,0.9676785,0.9459285,0.9732634,0.96577024,0.9664852,0.9628822,0.9604155,0.971783,0.97196513,0.9822444,0.95561606,0.9582177,0.96332014,0.9735974,0.95178926,0.97361094,0.60958266,0.9426228,0.96586025,0.947209,0.9318888,0.9139576,0.96427727,0.96400243,0.96554464,0.9497598,0.96729356,0.9712256,0.9488952,0.9663711,0.96086437,0.9655818,0.96826386,0.9656113,0.9781773,0.96959835,0.97361094,0.965976,0.9541756,0.97153497,0.97012174,0.96905977,0.9685014,0.97089416,0.96643275,0.9495824,0.9698032,0.9657775,0.97445124,0.95827234,0.9664965,0.96765125,0.95910114,0.9477663,0.9598822,0.9806089,0.7570679,0.9619856,0.8950582,0.9600741,0.96612054,0.9770718,0.9554049,0.96195656,0.9671318,0.96845233,0.9726248,0.96945965,0.9631234,0.9689663,0.9614218,0.9676996,0.9603158,0.96495736,0.93102175,0.9625269,0.9729971,0.95586765,0.9129782,0.96863276,0.95333475,0.9758954,0.96695036,0.97220665,0.9536193,0.9852611,0.9676377,0.96115595,0.9602926,0.95941067,0.97578096,0.97376233,0.9568324,0.96213204,0.9450017,0.9754002,0.96718,0.9614493,0.94050217,0.9622285,0.97028595,0.9696597,0.9681967,0.9762685,0.96724534,0.9852611,0.9641424,0.981917,0.9764579,0.9644806
arcticdogsmovie,0.9633319,0.97029513,0.9529619,0.9757609,0.9780124,0.95137274,0.9648698,0.96488625,0.9856382,0.96263963,0.9691282,0.9557447,0.96480966,0.9739898,0.96816045,1.0000002,0.97051394,0.9651366,0.9755987,0.96423066,0.9741896,0.9700339,0.9799767,0.96898746,0.9668271,0.7783279,0.97006416,0.95828056,0.9696516,0.97132224,0.9584199,0.9768729,0.97474384,0.96736455,0.9448445,0.90963775,0.97242355,0.9668618,0.9672257,0.9596527,0.9749565,0.97834986,0.9501141,0.9734237,0.9680329,0.96242344,0.9743734,0.96573746,0.9633736,0.97176814,0.97331077,0.97136307,0.9471351,0.9627166,0.96998274,0.96947515,0.9684058,0.974793,0.9655925,0.9796945,0.97452706,0.9644587,0.9624938,0.9792508,0.9672087,0.96648234,0.97095984,0.95690227,0.9722154,0.9538327,0.9739682,0.59513146,0.9586175,0.97049206,0.94519025,0.9321488,0.913527,0.9635423,0.9603455,0.9650565,0.95326275,0.97220606,0.9775462,0.94947326,0.97165287,0.96792376,0.96764946,0.9599272,0.9741778,0.97653365,0.96278644,0.9739682,0.9731199,0.96062714,0.9681795,0.9491799,0.96687204,0.96408904,0.9730487,0.9721375,0.9645026,0.9729953,0.9594541,0.9660562,0.96567404,0.9760228,0.96977586,0.97774047,0.97443044,0.95746547,0.9784971,0.7680538,0.9661225,0.90418285,0.9569673,0.96385825,0.9658379,0.9573216,0.9789019,0.9542687,0.9758952,0.96516466,0.9779322,0.9660418,0.96495575,0.9641344,0.96858424,0.97584814,0.9675489,0.938624,0.97371703,0.96065146,0.9682037,0.92813456,0.9731412,0.9767242,0.9711765,0.9720325,0.9759937,0.9578976,0.9856382,0.9727603,0.9674533,0.9711184,0.9673362,0.97551835,0.9627723,0.9540616,0.97543967,0.9425978,0.958691,0.9613922,0.96667564,0.925702,0.963663,0.97207785,0.96792805,0.96952856,0.96514046,0.95592266,0.9856382,0.9576882,0.9766959,0.978926,0.9700932
arcticmovie,0.97696817,0.9665273,0.9710879,0.9658758,0.981752,0.9678393,0.97978574,0.9629362,0.9892507,0.9666781,0.95981544,0.9625806,0.96868414,0.9813126,0.9786368,0.97051394,1.0,0.9748239,0.9773008,0.9685935,0.9731242,0.969404,0.98247975,0.97964716,0.9639023,0.79639715,0.9577589,0.98582536,0.9685479,0.96540946,0.9740831,0.9763893,0.9816421,0.9712303,0.95913196,0.89133435,0.97743315,0.97056246,0.97212124,0.9733919,0.97018325,0.9763142,0.95657516,0.97508514,0.973436,0.9610516,0.9834123,0.9698097,0.962944,0.97383964,0.97028416,0.9733973,0.9559348,0.9654001,0.95592993,0.9738339,0.95583624,0.974793,0.9707095,0.9727393,0.962547,0.9685365,0.96598095,0.97459954,0.9714769,0.96124774,0.96365404,0.9703387,0.96630573,0.9584878,0.979069,0.6074235,0.95099455,0.9725548,0.9583311,0.95380294,0.9136384,0.96825844,0.9743707,0.967334,0.9466897,0.97895616,0.97274214,0.9738141,0.96810514,0.9672464,0.9727372,0.9726342,0.9689472,0.9754367,0.98182374,0.979069,0.9714807,0.9627253,0.9785447,0.96293396,0.9686578,0.9764712,0.9795824,0.97373897,0.9627265,0.974783,0.9747752,0.97618985,0.9635697,0.9708321,0.98077303,0.9626455,0.94864386,0.9661812,0.9807495,0.7358008,0.97970873,0.87264264,0.9610018,0.9675973,0.9756979,0.97328836,0.96833664,0.96952254,0.977263,0.97394913,0.976494,0.9666576,0.9802549,0.97290987,0.9765598,0.97090185,0.96719414,0.9431443,0.9642243,0.9703117,0.9836854,0.93775517,0.97871035,0.9635884,0.9766976,0.97309,0.9739526,0.9585307,0.9892507,0.9669861,0.96239036,0.9643991,0.968539,0.9764092,0.9643478,0.9662851,0.97555614,0.94986033,0.97104394,0.9752503,0.96468437,0.9423618,0.9680594,0.98118263,0.97709227,0.9745946,0.9790071,0.96368575,0.9892507,0.9631178,0.97940755,0.9838613,0.9704269
artofracingmovie,0.97496134,0.96860963,0.9729925,0.9776333,0.9837297,0.9585443,0.96792877,0.9614516,0.98585945,0.97372097,0.9699689,0.9684181,0.9795952,0.9723228,0.9672054,0.9651366,0.9748239,1.0,0.9744869,0.963238,0.9630152,0.9734245,0.9798639,0.97813463,0.96498394,0.81847006,0.96929723,0.96205807,0.9729016,0.9615607,0.9686267,0.97284806,0.9722879,0.96737444,0.9642384,0.9119041,0.9760208,0.96593374,0.97573805,0.9708828,0.96421236,0.9715902,0.9438818,0.9701262,0.97297674,0.9696695,0.98121256,0.9664733,0.96067095,0.970774,0.97641826,0.9761963,0.9573878,0.95439184,0.96383077,0.9811976,0.950362,0.9787234,0.9771984,0.97562045,0.9623026,0.98001623,0.96623474,0.9739921,0.97028416,0.9653975,0.9688142,0.96547794,0.9709283,0.9458639,0.97049206,0.5816087,0.9627265,0.97182304,0.9656101,0.94730735,0.9260746,0.96552724,0.9811227,0.9655813,0.9687896,0.9744141,0.97088975,0.9642342,0.9816374,0.9669192,0.973564,0.98087484,0.96490794,0.9697551,0.9760294,0.97049206,0.9618836,0.9711799,0.9809634,0.95942897,0.9641663,0.9663497,0.9633774,0.9705076,0.96892697,0.97899985,0.9684557,0.9735524,0.96441144,0.9775052,0.9807108,0.96841544,0.95101047,0.96919763,0.9796391,0.7000775,0.9720981,0.88426954,0.9621587,0.96964735,0.9765139,0.9687968,0.9777777,0.9604315,0.9733947,0.9791588,0.9695879,0.9723579,0.9701354,0.9715532,0.9753055,0.9666446,0.9777216,0.95009696,0.9741692,0.9703827,0.9635184,0.9218982,0.97328764,0.9654212,0.9654085,0.9684691,0.9677769,0.9789973,0.98585945,0.96339893,0.98579156,0.9712096,0.96552104,0.97572315,0.9603548,0.9674939,0.97231996,0.96677095,0.9599823,0.9752128,0.98033315,0.9591321,0.96519166,0.9748817,0.9695332,0.965327,0.97302204,0.9648944,0.98585945,0.9771535,0.97458524,0.9737231,0.96958655
avengers,0.97419924,0.9704163,0.95931375,0.9700813,0.97322696,0.96367776,0.9692107,0.9609775,0.9828994,0.95922476,0.9596847,0.94378453,0.9724037,0.9750357,0.9738945,0.9755987,0.9773008,0.9744869,0.99999994,0.9647537,0.96115386,0.97269595,0.97804624,0.971144,0.9523332,0.80350006,0.96132785,0.96177346,0.964281,0.96009177,0.97881293,0.9689292,0.97510463,0.9632925,0.95281357,0.9044247,0.97932154,0.96915096,0.9677582,0.9543566,0.97004396,0.97135496,0.9519854,0.9789982,0.96992713,0.9668714,0.9767252,0.95988315,0.95784974,0.97205895,0.965351,0.9659985,0.9531647,0.9655339,0.9610798,0.9641266,0.9500668,0.97134674,0.96385807,0.9708472,0.9640903,0.9574317,0.96479017,0.97299045,0.95994514,0.95129406,0.9662356,0.9578003,0.96426,0.94883853,0.9685556,0.5748519,0.9565061,0.9657502,0.95243144,0.92619705,0.9331325,0.9624179,0.9598377,0.9634171,0.94612193,0.98231876,0.97718155,0.959771,0.9705133,0.967259,0.9777093,0.9654612,0.9566714,0.9764592,0.9676586,0.9685556,0.96290535,0.94943345,0.9742395,0.9553572,0.9614504,0.9579866,0.9679506,0.97940964,0.97239125,0.97393656,0.95872426,0.97235715,0.95499897,0.96584034,0.9708404,0.9658878,0.9412681,0.95183027,0.9760288,0.7289021,0.9787171,0.8969194,0.94759524,0.96265364,0.9683147,0.96602315,0.96775496,0.95886153,0.97840065,0.9751388,0.9770685,0.9704554,0.9635529,0.96582556,0.9688253,0.97324955,0.96966827,0.956892,0.9647328,0.96943897,0.96729237,0.9323058,0.97259295,0.9626864,0.9657255,0.96371734,0.9650679,0.9601202,0.9828994,0.96352875,0.9724585,0.9649629,0.9551272,0.9737146,0.9635669,0.96684074,0.97022676,0.9426565,0.9557691,0.9667697,0.96168125,0.9514802,0.95869607,0.9691432,0.9659848,0.9558519,0.96945155,0.9736001,0.9828994,0.9689665,0.97845757,0.9753081,0.96129847
beachbummovie,0.9638361,0.9550845,0.9521831,0.9620612,0.96906835,0.9564804,0.9601596,0.9671497,0.9787127,0.9527212,0.9548561,0.9559403,0.9579219,0.9597954,0.97813827,0.96423066,0.9685935,0.963238,0.9647537,1.0,0.9670667,0.9720418,0.9727549,0.96183854,0.95622194,0.7769784,0.9574956,0.96325475,0.9596509,0.96550083,0.95494926,0.9707297,0.97396255,0.96400756,0.9382184,0.88598573,0.96747863,0.9759466,0.9716666,0.9765014,0.96605736,0.97079426,0.94579333,0.9622532,0.9580134,0.95373017,0.9759376,0.96400565,0.9593462,0.9680836,0.96068615,0.97055995,0.9501761,0.94662845,0.94242686,0.9705527,0.95375276,0.9648346,0.9590642,0.96625596,0.95530987,0.956731,0.95891166,0.96027625,0.9726293,0.9567659,0.9440153,0.96221066,0.9671803,0.94948256,0.96754444,0.5938888,0.9522393,0.9612348,0.94942033,0.9386366,0.9102741,0.9551258,0.96055233,0.9577848,0.94067097,0.962411,0.95629084,0.94006705,0.96427244,0.9549072,0.96526474,0.9704204,0.96211034,0.9710662,0.9696794,0.96754444,0.96453804,0.9562463,0.96236956,0.9437761,0.95975983,0.97143924,0.9578934,0.96863747,0.9496276,0.97000587,0.954279,0.96777344,0.95624363,0.96002924,0.9675387,0.9504012,0.9420709,0.9530985,0.9728438,0.77751666,0.9571532,0.89714175,0.95671886,0.9558968,0.97390765,0.94820833,0.95964295,0.9492585,0.9595811,0.96072716,0.96576685,0.9597566,0.976308,0.96104205,0.9689768,0.9641731,0.9574758,0.9276125,0.9583966,0.9617241,0.9615576,0.8965767,0.9682134,0.9585111,0.97597855,0.96505636,0.9728283,0.9581758,0.9787127,0.9599072,0.9637457,0.9460491,0.96357435,0.9722094,0.9491215,0.9492467,0.95720124,0.9430589,0.96270204,0.9643395,0.96362615,0.93111634,0.9598226,0.96746516,0.9587006,0.9569929,0.9670405,0.95525694,0.9787127,0.96851563,0.9766385,0.9657283,0.9574206
bernadettefilm,0.96467483,0.9644851,0.9521124,0.9672068,0.9677635,0.9452212,0.9631247,0.96003646,0.9828921,0.9636042,0.959166,0.9653076,0.95508176,0.97141975,0.97476953,0.9741896,0.9731242,0.9630152,0.96115386,0.9670667,0.9999999,0.95919114,0.965045,0.9668695,0.9697944,0.7509272,0.96417594,0.96293485,0.96557784,0.9626661,0.94983333,0.9767092,0.97059613,0.9686243,0.9437265,0.90326613,0.9594367,0.95835155,0.97107387,0.9722078,0.9643989,0.9761863,0.9478828,0.96712303,0.9557493,0.9495628,0.96638733,0.9675142,0.9601459,0.968965,0.9667412,0.9768661,0.93579847,0.9538909,0.9466194,0.97829163,0.96616477,0.9767638,0.9609602,0.9648559,0.9672605,0.96386665,0.9620031,0.9705322,0.98074454,0.9639313,0.96171427,0.9698217,0.96776134,0.9676544,0.9648865,0.58609426,0.95800036,0.9652434,0.939441,0.93752676,0.89317954,0.96333057,0.96672046,0.9716046,0.95261705,0.9589397,0.9629085,0.95391816,0.9719535,0.97242665,0.95268935,0.96219134,0.96574754,0.9708335,0.9741016,0.9648865,0.97098225,0.9736736,0.96716064,0.9445218,0.97373927,0.9722712,0.9619312,0.95743334,0.9588663,0.97041166,0.9555231,0.9620246,0.9699597,0.9715029,0.96787643,0.96645194,0.95288926,0.96781427,0.97527796,0.74964267,0.9605919,0.8666606,0.9751258,0.9682611,0.9675117,0.9454626,0.97300565,0.9603868,0.9614205,0.96962297,0.9577703,0.95493203,0.9696196,0.96669185,0.96717685,0.9631893,0.96176076,0.9164127,0.98042023,0.9598684,0.96001565,0.91764843,0.96722925,0.96770334,0.9733953,0.96692723,0.97208273,0.9602888,0.9828921,0.96444845,0.9608281,0.9630775,0.9688767,0.9767144,0.9726272,0.9516581,0.97420925,0.9555058,0.96107787,0.96297985,0.97056174,0.9303862,0.95265925,0.96699166,0.96479917,0.96774536,0.974573,0.96064556,0.9828921,0.95466894,0.9747291,0.96380603,0.9751866
