movie,21bridgesmovie,47metersdown,abeautifuldaymovie,abominablemovie,adastramovie,adogsjourneymovie,aftermathmovie,aftermovie,ahiddenlifefilm,alitamovie,angelhasfallen,angrybirdsmovie,annabellemovie,annamovie,apollo11movie,arcticdogsmovie,arcticmovie,artofracingmovie,avengers,beachbummovie,bernadettefilm,blackandbluemovie,blackchristmas,blindedbythelightmovie,bombshellmovie,booksmart,breakthroughmovie,brianbanksmovie,brightburnmovie,brittanyrunsmov,captainmarvelofficial,captivestatemovie,catsmovie,charliesangels,childsplaymovie,clarathefilm,coldpursuitmovie,countdown,currentwarmovie,darkwatersmovie,detectivepikachumovie,disneyaladdin,disneyfrozen,disneymaleficent,doctorsleepmovie,dolemiteismyname,dontletgomovie,doramovie,downtonabbey_official,dumbo,escaperoom,everybodyknowsmovie,fastandfuriousmovie,fightingwmyfam,fivefeetapartfilm,fordvferrari,freaksthefilm,geminimanmovie,glassmovie,gloriabellmovie,godzillamovie,goldfinchmovie,goodboysmovie,goodliarmovie,gretafilm,halathemovie,happydeathdaymovie,harrietfilm,hellboymovie,hersmellmovie,highlifemovie,highstrungmovie,honeyboymovie,hotelmumbaifilm,httydragon,hustlemovie,hustlersmovie,isntitromantic,itmovieofficial,jayandsilentbob,johnwickmovie,jojorabbitmovie,jokermovie,judythefilm,jumanjimovie,justmercyfilm,knivesout,lalloronamovie,lastblackmansf,lastchristmasthemovie,latenightmovie,lighthousemovie,lionking,littlethemovie,littlewomenmovie,littlewoodsfilm,longshotmovie,lordsofchaosmovie,lucyintheskyfilm,mamovie2019,marriagestory,meettheaddams,meninblack,midsommarmovie,midwaymovie,missbalamovie,missinglinkfilm,motherlessbklyn,onceinhollywood,onthebasisofsex,overcomermovie,peanutbutterfalcon,petsematarymovie,piercingmovie,playingwithfire,playmobilthemovie,pomsmovie,queenandslim,rambomovie,readyornotfilm,richardjewellfilm,rocketmanmovie,scarystoriesmovie,secretlifeofpets,serenityfilm,shaftmovie,shazammovie,spidermanmovie,spiesindisguise,starwars,stormboymovie,stubermovie,taosdfilm,teenspiritmov,terminator,theaeronautsmov,thebestofenemies,thedeaddontdie,thefarewell,thehighwaymen,thehummingbirdprojectfilm,theintrudermovie,theirishmanfilm,thekitchenmovie,thelegomovie,themustangfilm,thenightingalefilm,theprodigymovie,thesunisalsoastar,theupsidefilm,tolkienmovie,toystory,triplefrontier,uglydolls,uncutgems,underthesilverlake,usmovie,wavesmovie,whatmenwant,wonderparkmovie,wrinklestheclown,xmenmovies,yardiefilm,yesterdaymovie,zombieland
21bridgesmovie,1.0000004,0.9550945,0.9523758,0.9523291,0.9483122,0.9460025,0.9636989,0.9567429,0.9743838,0.93835396,0.9547177,0.93708205,0.94923043,0.9502,0.95463073,0.9598612,0.9552912,0.9386137,0.97363544,0.9571201,0.9636154,0.955022,0.9593606,0.95152,0.9568343,0.8684753,0.95757926,0.9568779,0.949994,0.9441977,0.95152044,0.9385006,0.93797743,0.95444643,0.93530035,0.9254751,0.9562838,0.95877266,0.94764024,0.95273197,0.95909923,0.9572133,0.94806623,0.94320333,0.94585097,0.96619684,0.9561422,0.9378895,0.9509671,0.9480101,0.9541359,0.96151626,0.9491471,0.95569676,0.95229924,0.93636805,0.9385353,0.9575134,0.9554011,0.94995093,0.94991577,0.9574254,0.9472931,0.9505664,0.95026565,0.9507438,0.93082935,0.95215267,0.95600986,0.9463381,0.9600347,0.85152346,0.93298584,0.94604325,0.94422334,0.9319737,0.9145818,0.9612554,0.95296055,0.95250815,0.9478138,0.95393306,0.95579004,0.9494281,0.9571352,0.9519993,0.93787235,0.95225066,0.9533799,0.9617676,0.9601378,0.9600347,0.95483166,0.9484892,0.9592712,0.9584339,0.96309215,0.95378834,0.9533207,0.94842494,0.9609098,0.95244485,0.9343328,0.965577,0.95605564,0.9532992,0.96222025,0.9583083,0.9331968,0.9429735,0.96528536,0.86190134,0.95155936,0.91008985,0.9490848,0.9770828,0.98521715,0.9548412,0.96033883,0.9569396,0.94031787,0.9487052,0.9519655,0.93659055,0.9516126,0.9509577,0.95148754,0.9467738,0.9530568,0.9376249,0.9553624,0.9432065,0.9499165,0.9357001,0.95453125,0.9426281,0.9606168,0.94459575,0.9583643,0.9510276,0.9743838,0.9465709,0.95590764,0.95113456,0.9515943,0.9471782,0.93120307,0.9354884,0.95020795,0.96696633,0.960241,0.9552348,0.95158273,0.95371425,0.949469,0.95574504,0.95252794,0.9522294,0.9540209,0.9472883,0.9743838,0.94034684,0.9586373,0.95829374,0.95130545
47metersdown,0.9550945,0.99999994,0.9497572,0.94650084,0.9519915,0.9462844,0.95609623,0.94598037,0.97312456,0.95162785,0.9506612,0.9340873,0.9568569,0.9538918,0.9510205,0.9710828,0.95546556,0.9445346,0.94931364,0.94194686,0.94443417,0.95419323,0.95437396,0.95586175,0.9479531,0.88236785,0.9511277,0.952449,0.9542199,0.9442689,0.95093846,0.9512366,0.9487445,0.9561762,0.93954533,0.9264631,0.9563046,0.9557935,0.9543615,0.9544294,0.96023023,0.9556043,0.9508033,0.95194936,0.9583338,0.9512824,0.9466874,0.9349662,0.955169,0.9526427,0.9546786,0.9605183,0.94261193,0.9376238,0.95125216,0.94865155,0.94049764,0.9565765,0.9483277,0.9522384,0.9538777,0.9451864,0.9576602,0.959954,0.94787693,0.95231307,0.94718474,0.9534601,0.9513426,0.9533682,0.95516646,0.8562931,0.9395858,0.95150703,0.93915653,0.94035345,0.91352767,0.95937073,0.95539343,0.9489506,0.95112336,0.9524012,0.9552673,0.9488752,0.95011634,0.9382713,0.9447957,0.95208657,0.94723797,0.96377283,0.9461638,0.95516646,0.953099,0.94988716,0.9518832,0.9431042,0.9549622,0.9548701,0.95311254,0.95136005,0.95693856,0.9562478,0.94927245,0.9549342,0.96384054,0.951019,0.9630158,0.95750016,0.9462958,0.9386966,0.96009624,0.88640165,0.95734143,0.91864634,0.94528484,0.94245166,0.9600347,0.9478103,0.96062297,0.9577828,0.94232863,0.9489322,0.9513488,0.9340291,0.96808606,0.9536409,0.9506276,0.95413756,0.9522707,0.9388568,0.9496398,0.95058537,0.9486626,0.92940897,0.9498829,0.947434,0.9503329,0.943777,0.9559662,0.9497585,0.97312456,0.9473255,0.9432503,0.94945014,0.9526188,0.9500833,0.93624216,0.9473817,0.95852584,0.94407004,0.95358115,0.9536379,0.95292145,0.9234742,0.93613744,0.9537459,0.95268977,0.956428,0.9524088,0.9460259,0.97312456,0.94792795,0.96175617,0.95015556,0.9426806
abeautifuldaymovie,0.9523758,0.9497572,1.0000004,0.94523424,0.9579529,0.94302964,0.9634818,0.9480586,0.9768676,0.9436037,0.9549373,0.9332681,0.95278645,0.9572472,0.9571019,0.9579766,0.95536834,0.9524319,0.9448524,0.95414686,0.94791526,0.9520279,0.9641819,0.95370656,0.9607006,0.8718863,0.9579481,0.9541225,0.9632257,0.9454448,0.95336884,0.9463991,0.9348285,0.96250534,0.92585075,0.9290867,0.95681953,0.95329356,0.95652604,0.9503804,0.9513085,0.95815593,0.95020396,0.9483983,0.95457155,0.9456052,0.95738,0.9465394,0.9544407,0.95614594,0.96520823,0.9526449,0.93540615,0.94234717,0.95309144,0.9526539,0.9577404,0.9574161,0.95900804,0.9608247,0.9468055,0.94223565,0.94310784,0.9540177,0.95229286,0.9547136,0.94515914,0.94096524,0.9502345,0.95430106,0.9655744,0.84007716,0.9343891,0.95100266,0.9396335,0.93504804,0.9123347,0.9536341,0.9543771,0.9439173,0.9420334,0.95033664,0.94618315,0.9412159,0.9595562,0.9492681,0.95107806,0.9562319,0.96041,0.9559298,0.94740397,0.9655744,0.9520928,0.94636077,0.9636937,0.94430095,0.95410717,0.96052736,0.94888365,0.9520818,0.95158863,0.947787,0.9554079,0.9618019,0.95630115,0.9682628,0.9537351,0.95207787,0.9619514,0.9492767,0.964293,0.8715769,0.95727724,0.918213,0.9466478,0.9524588,0.9592387,0.9494529,0.9560435,0.9501102,0.93637383,0.9580857,0.95629287,0.9391945,0.9533947,0.9593932,0.95537144,0.9524311,0.96206784,0.951076,0.948551,0.9533589,0.9498099,0.92673874,0.95019895,0.9480189,0.9381941,0.9493348,0.95503455,0.95540965,0.9768676,0.9548686,0.94410473,0.94703907,0.9430549,0.94561374,0.9375362,0.9350398,0.94524634,0.94353175,0.94976866,0.9698859,0.95410377,0.9279856,0.95257884,0.9652758,0.9435825,0.9480535,0.94501364,0.9494275,0.9768676,0.94487506,0.963842,0.94518703,0.9553185
abominablemovie,0.9523291,0.94650084,0.94523424,1.0000004,0.955989,0.9415929,0.9517855,0.9493947,0.97054476,0.9397936,0.94271076,0.928392,0.95881957,0.94654304,0.9493933,0.9482919,0.94367516,0.9443945,0.952593,0.9428203,0.95280606,0.9466368,0.95407605,0.94989616,0.94586176,0.8833637,0.94833547,0.94949,0.94089836,0.93532,0.9545052,0.94318765,0.9320867,0.9513351,0.9209869,0.92003834,0.95508945,0.9691595,0.94800043,0.9546658,0.9542784,0.9574478,0.9561403,0.9515094,0.94941497,0.95509416,0.95144576,0.93579227,0.9508732,0.9584071,0.944996,0.9576901,0.93573755,0.93692535,0.9546541,0.9444061,0.93907434,0.9568057,0.95839345,0.94661754,0.9412985,0.96008873,0.9570406,0.95007527,0.94641244,0.9536647,0.92878556,0.9531715,0.9487459,0.9470309,0.9548875,0.8644748,0.9444223,0.94814795,0.9497678,0.9247015,0.91685903,0.94995457,0.9472411,0.9439206,0.95080376,0.94874674,0.9545478,0.9525421,0.95502853,0.95147413,0.9461373,0.9520588,0.9558206,0.96002465,0.94940567,0.9548875,0.94685346,0.952246,0.9503636,0.95396334,0.94797754,0.9604896,0.9405703,0.94816244,0.95754826,0.95056003,0.93109494,0.9614954,0.94874996,0.94467354,0.9539575,0.95367455,0.9403151,0.93634987,0.9587997,0.8855072,0.9578579,0.9206987,0.9531375,0.94140404,0.96211004,0.9503932,0.9621437,0.94559866,0.9390942,0.94427544,0.94724345,0.9320311,0.9528674,0.9542799,0.9517125,0.9493503,0.94324934,0.9431473,0.94972247,0.94037324,0.9359847,0.9436221,0.95938367,0.9430646,0.9485813,0.92284536,0.9542286,0.95219404,0.97054476,0.93428254,0.9472775,0.9461937,0.94714975,0.94471264,0.92141116,0.92813104,0.9463699,0.94063973,0.95106053,0.9542086,0.9422038,0.91916454,0.93873835,0.95659274,0.9445497,0.95839286,0.95969754,0.94785494,0.97054476,0.95550835,0.94686127,0.95059353,0.93628335
adastramovie,0.9483122,0.9519915,0.9579529,0.955989,1.0000005,0.94166994,0.96475047,0.94917345,0.9777653,0.95456475,0.94190794,0.92970306,0.959144,0.95912206,0.9470007,0.9507693,0.96016115,0.97304934,0.9390742,0.9465036,0.9530599,0.94819844,0.96398693,0.94902515,0.9492147,0.89655507,0.9610355,0.95657086,0.94322133,0.9373016,0.95518064,0.9538427,0.9299891,0.9518986,0.9240609,0.92534626,0.9588855,0.9517845,0.95899886,0.95368254,0.9554972,0.9643992,0.95178354,0.95813733,0.94677395,0.9528205,0.95466864,0.9425738,0.9516463,0.9623073,0.9523059,0.9609142,0.9480832,0.9423193,0.952971,0.9746192,0.9485288,0.96299356,0.95699155,0.9498565,0.9488374,0.94931626,0.951352,0.95582676,0.9504317,0.95597494,0.9287051,0.953789,0.9495252,0.94809073,0.95872253,0.85407084,0.93495655,0.9518711,0.9395356,0.9372831,0.907068,0.9511552,0.95458746,0.95233506,0.94303465,0.95511585,0.9458907,0.94099617,0.94885486,0.9498961,0.9494489,0.96122897,0.95803803,0.9565032,0.9477424,0.95872253,0.9556929,0.94612974,0.9611363,0.9469138,0.9473536,0.95355463,0.94095004,0.9523458,0.9507274,0.94637114,0.93741226,0.9656424,0.9564301,0.95351815,0.9537786,0.9490537,0.9466464,0.9528805,0.9595594,0.87526447,0.9597919,0.9182303,0.95848155,0.94144434,0.9562893,0.94763494,0.9550669,0.9565346,0.93741304,0.95392025,0.9604867,0.93163335,0.9634326,0.95538104,0.9560019,0.95322585,0.9726874,0.94723976,0.9560144,0.9611815,0.96134114,0.9451032,0.9574671,0.942763,0.9497806,0.9332432,0.951712,0.9468714,0.9777653,0.94525355,0.93875957,0.94143397,0.93999887,0.9456153,0.93778825,0.9366107,0.949575,0.9396976,0.96382636,0.9600767,0.95351976,0.91640884,0.9474333,0.96315384,0.9538467,0.9492524,0.95651144,0.9536908,0.9777653,0.96141845,0.95004064,0.9558888,0.9442749
adogsjourneymovie,0.9460025,0.9462844,0.94302964,0.9415929,0.94166994,1.0,0.957362,0.9524813,0.9682283,0.93966174,0.9462568,0.9445474,0.9458388,0.9535994,0.95066065,0.9485779,0.9484665,0.9321763,0.94531125,0.9432973,0.94570076,0.94894844,0.9647383,0.9481904,0.9370201,0.87544024,0.94434005,0.95027834,0.9403857,0.93662965,0.9397927,0.94650465,0.93844545,0.94515914,0.9195448,0.9273021,0.9467452,0.9412809,0.9436338,0.9450756,0.9528343,0.9519577,0.9601713,0.937884,0.9535594,0.9495689,0.9574069,0.94231874,0.9554927,0.947991,0.9468917,0.95976764,0.938774,0.9315469,0.94489366,0.94233525,0.9249645,0.94565356,0.93590593,0.9413858,0.9359962,0.93874335,0.9470168,0.9462883,0.9521062,0.9470104,0.9379351,0.93906057,0.9404426,0.94666344,0.94891727,0.85145915,0.9277286,0.948387,0.9472433,0.9255185,0.89478755,0.9532564,0.9394651,0.9429426,0.9505743,0.9485965,0.9415585,0.9325875,0.9470656,0.9426992,0.9243373,0.9576542,0.9456979,0.9550748,0.94563,0.94891727,0.9450109,0.9446756,0.95057744,0.9432372,0.9487005,0.9503706,0.9449729,0.9557852,0.94907486,0.95703286,0.9478829,0.95648795,0.94721794,0.9466741,0.95859057,0.95020205,0.93188435,0.9367803,0.95820135,0.875004,0.9510812,0.90165675,0.94347185,0.952699,0.9491352,0.950085,0.95666957,0.9558378,0.93914706,0.9413043,0.9428076,0.9637291,0.9459555,0.9432666,0.95974326,0.9466628,0.950646,0.944673,0.96209115,0.9385449,0.94728917,0.918708,0.9433741,0.9358078,0.95164746,0.93500286,0.94677144,0.9419924,0.9682283,0.9421773,0.94565123,0.9459935,0.952137,0.93790084,0.93408996,0.92766863,0.94869965,0.94278455,0.94710255,0.9439317,0.9423349,0.93127364,0.93766135,0.95021224,0.9596399,0.93640316,0.9524564,0.9480317,0.9682283,0.9315249,0.9526224,0.9526873,0.93211275
aftermathmovie,0.9636989,0.95609623,0.9634818,0.9517855,0.96475047,0.957362,1.0000002,0.96042067,0.9844922,0.959496,0.9613753,0.9481074,0.9614331,0.96494406,0.9614113,0.9591439,0.95927066,0.95939904,0.9582899,0.958189,0.96195734,0.95664907,0.9756397,0.96016926,0.95489854,0.90239894,0.96337545,0.9598627,0.95940256,0.9528355,0.95437276,0.95659435,0.9455533,0.9660541,0.92588365,0.920318,0.967265,0.9519365,0.95955765,0.9575001,0.9645916,0.9661616,0.96355456,0.95441157,0.9542674,0.9571621,0.97293264,0.95946354,0.95679855,0.9636109,0.9673433,0.9695191,0.9569889,0.9484341,0.9590178,0.9557069,0.95884866,0.96243054,0.9537548,0.9576354,0.9534417,0.94856817,0.9589192,0.9631972,0.9587269,0.96386987,0.9445249,0.95276535,0.95866954,0.9619286,0.9680769,0.856889,0.94035625,0.9581721,0.9411478,0.94392157,0.92086136,0.9687513,0.9640999,0.9576897,0.96024877,0.97575796,0.9529006,0.94452703,0.96617806,0.9530646,0.9546131,0.9619322,0.9647878,0.962608,0.9572418,0.9680769,0.9583079,0.95179015,0.96398115,0.9554179,0.9617216,0.9656283,0.9731477,0.96310276,0.9581948,0.96004474,0.9528062,0.96552974,0.9615294,0.9661295,0.9622614,0.9594333,0.95742714,0.9596882,0.970612,0.8765981,0.9598131,0.92019445,0.9523468,0.958823,0.9677425,0.9588006,0.9665857,0.98500127,0.94349325,0.96307373,0.9694078,0.9431865,0.9561092,0.9637425,0.96018684,0.9569839,0.9668755,0.9554948,0.95971215,0.95757437,0.95832896,0.93978345,0.96299833,0.9543449,0.95913,0.9534374,0.9661596,0.9599087,0.9844922,0.95586324,0.9490594,0.95813614,0.9525002,0.94865566,0.9440858,0.93604755,0.95633566,0.95305955,0.9780477,0.96557325,0.9610501,0.939406,0.95591915,0.9681632,0.96595204,0.96104115,0.9552915,0.9584449,0.9844922,0.9506202,0.9607023,0.9640361,0.9625205
aftermovie,0.9567429,0.94598037,0.9480586,0.9493947,0.94917345,0.9524813,0.96042067,0.9999997,0.97712034,0.94686645,0.9600307,0.9288192,0.9451278,0.95542663,0.9573929,0.954374,0.9523845,0.94885373,0.95795536,0.95166916,0.9494951,0.95617896,0.95865154,0.94922185,0.9464248,0.89695865,0.9589995,0.94929063,0.9484811,0.94556946,0.953417,0.9596488,0.9335554,0.95313406,0.9347997,0.9300592,0.95796305,0.9445083,0.95907795,0.9618138,0.95956427,0.96316427,0.9611453,0.95633227,0.9485498,0.9570445,0.96041214,0.9425926,0.95809615,0.96101,0.9535056,0.9646823,0.93519914,0.9346655,0.95576286,0.93864584,0.9489396,0.96272004,0.95612305,0.9539241,0.9482544,0.9377542,0.94306016,0.9512726,0.9531146,0.9548522,0.9363575,0.9456482,0.94797283,0.9466651,0.95924693,0.8424305,0.9347616,0.94846714,0.95306,0.93448263,0.92078304,0.95748216,0.94165677,0.9591601,0.95804864,0.94783694,0.9502974,0.9515915,0.950582,0.9387608,0.94427955,0.947508,0.95490587,0.9541681,0.955889,0.95924693,0.94440544,0.9508964,0.95676076,0.94949865,0.9579,0.9607834,0.951337,0.95643276,0.9526516,0.94091576,0.9474392,0.959417,0.9559425,0.95261353,0.95739394,0.95167774,0.93682903,0.94884944,0.9692041,0.89925563,0.96118027,0.92575103,0.95230156,0.95202965,0.9547489,0.9583719,0.9627994,0.9546149,0.935886,0.95789814,0.95202863,0.93738025,0.95527494,0.9594675,0.95050895,0.9538768,0.9586836,0.94929993,0.95057666,0.9495194,0.9512101,0.925,0.95947057,0.9564522,0.95129037,0.9414535,0.95811373,0.95611906,0.97712034,0.954716,0.951397,0.9422992,0.94744664,0.945507,0.94446975,0.93771386,0.9451117,0.9345826,0.95130026,0.9509094,0.95536584,0.9328566,0.95365864,0.9571996,0.9492886,0.9477497,0.96100235,0.9609776,0.97712034,0.9462139,0.95820737,0.9520409,0.95141196
ahiddenlifefilm,0.9743838,0.97312456,0.9768676,0.97054476,0.9777653,0.9682283,0.9844922,0.97712034,1.0,0.9693739,0.97637266,0.95857555,0.977038,0.97801614,0.975924,0.97602266,0.97387904,0.9724774,0.9698047,0.9708006,0.97198623,0.97399217,0.9840316,0.97866,0.9732527,0.9082979,0.9758187,0.9723946,0.973956,0.9677799,0.9735729,0.9735811,0.9587026,0.9756035,0.9512131,0.9477847,0.97882813,0.9714815,0.9743089,0.97408104,0.979513,0.9813838,0.9747553,0.97020525,0.973616,0.97257835,0.9797927,0.96912104,0.97391933,0.9782711,0.9788953,0.9822768,0.96608233,0.9593582,0.97390485,0.9714827,0.9676986,0.98133445,0.9727131,0.9749254,0.97187346,0.9675808,0.9724655,0.976878,0.9718107,0.977586,0.96161133,0.967928,0.97366685,0.9727449,0.9821205,0.87019974,0.9624973,0.97558683,0.9664284,0.9574754,0.93531406,0.97941685,0.97568506,0.9709008,0.9716741,0.97353196,0.9735678,0.96904385,0.97798157,0.9698227,0.96802706,0.97666705,0.9757565,0.9796076,0.9743472,0.9821205,0.9736528,0.97049433,0.97585034,0.967876,0.9753157,0.97848934,0.97313863,0.97629344,0.97445536,0.97030777,0.96637154,0.98084056,0.97653204,0.9789978,0.9787761,0.97554684,0.9704047,0.97023666,0.98548126,0.89957356,0.9779584,0.9386918,0.9697109,0.971435,0.9806243,0.97349924,0.98300284,0.97700715,0.9607568,0.97470844,0.97942626,0.95992184,0.9772534,0.9780739,0.97419566,0.97429895,0.97717524,0.9663758,0.97477865,0.97352016,0.9718654,0.95559585,0.976502,0.97208375,0.9718411,0.9643283,0.9794976,0.9719386,1.0,0.97140265,0.9674459,0.9715081,0.9700495,0.9676186,0.96205145,0.95904845,0.9713839,0.96842945,0.97659504,0.9782952,0.9727616,0.94837826,0.969703,0.9799052,0.97375524,0.97453,0.9724382,0.9740941,1.0,0.9680862,0.9793388,0.9756088,0.97198933
alitamovie,0.93835396,0.95162785,0.9436037,0.9397936,0.95456475,0.93966174,0.959496,0.94686645,0.9693739,1.0000004,0.95282,0.92594755,0.9420808,0.95523375,0.94549614,0.95624506,0.9492826,0.94945735,0.9366918,0.9385737,0.94051063,0.94754696,0.9528954,0.9464136,0.942174,0.9000413,0.9501978,0.9486826,0.9425417,0.93571794,0.94429445,0.9437004,0.93444675,0.94298935,0.9182176,0.91438156,0.9457418,0.93171954,0.94178826,0.93979865,0.9547786,0.95388836,0.9491474,0.9538482,0.94930506,0.9418174,0.9490898,0.9578712,0.9497852,0.9571041,0.94597965,0.9497178,0.9388028,0.93222755,0.94080305,0.950982,0.93849415,0.9561579,0.94232845,0.9429615,0.93732107,0.93753123,0.9505473,0.9546443,0.9402232,0.94876814,0.9292932,0.9374503,0.94957453,0.9534727,0.956465,0.84668964,0.9321969,0.9408816,0.9262511,0.93287015,0.8971958,0.9514304,0.95204127,0.94353586,0.95034593,0.94543743,0.94621587,0.94336563,0.9489769,0.94577104,0.947406,0.9471299,0.94979864,0.9492012,0.94778734,0.956465,0.9447461,0.9440647,0.9420825,0.9473319,0.94511825,0.95961255,0.9455913,0.94240695,0.94472504,0.9440209,0.9455589,0.95316756,0.9715155,0.94603837,0.9536213,0.9528456,0.9351212,0.9440321,0.96041346,0.88698214,0.95587844,0.914665,0.9459144,0.944654,0.94539547,0.9379022,0.95662504,0.9511197,0.9351999,0.9457984,0.9571913,0.92435795,0.95480865,0.9494058,0.94126254,0.94121516,0.94871545,0.93511516,0.9506757,0.94968,0.9446941,0.9278073,0.96019286,0.9472357,0.94126755,0.9300045,0.9552924,0.9443779,0.9693739,0.9371935,0.94284314,0.94747216,0.94047135,0.92772907,0.93394643,0.9278402,0.94582754,0.930567,0.948035,0.9446363,0.9418935,0.9150706,0.9384293,0.9537516,0.953148,0.95362085,0.9470915,0.94633687,0.9693739,0.95263296,0.9466336,0.95413375,0.94489926
angelhasfallen,0.9547177,0.9506612,0.9549373,0.94271076,0.94190794,0.9462568,0.9613753,0.9600307,0.97637266,0.95282,0.99999976,0.9292409,0.94857204,0.96026963,0.95852387,0.9518704,0.9591233,0.93912715,0.95416796,0.9471547,0.94964254,0.9466564,0.9580195,0.9576827,0.94841284,0.8881132,0.95384234,0.9509589,0.94723505,0.950399,0.95435363,0.9466622,0.9404441,0.9450796,0.92536205,0.92329466,0.9559923,0.9424104,0.95566356,0.9467806,0.9586534,0.9494317,0.951452,0.9414356,0.9505303,0.95451885,0.9566854,0.95795345,0.9510951,0.9496639,0.955451,0.95073354,0.9403869,0.9401185,0.95635825,0.9412338,0.9480636,0.95155054,0.95325136,0.9502194,0.9495297,0.9362366,0.94914323,0.9615135,0.94188166,0.9652597,0.94497454,0.9355613,0.9620481,0.9514124,0.9598668,0.8481103,0.9371653,0.9472787,0.94510543,0.9417129,0.9010964,0.9586213,0.9498516,0.95297223,0.9693118,0.9505198,0.95103455,0.94409794,0.952957,0.9443698,0.9529407,0.950834,0.9541156,0.94630235,0.9573278,0.9598668,0.9496099,0.9545195,0.9492,0.9549326,0.96501124,0.95906126,0.95213,0.95575905,0.9604494,0.94169575,0.94167477,0.9590229,0.95762676,0.95444125,0.95150775,0.958886,0.93755597,0.9418221,0.96652573,0.89108336,0.9580697,0.9137448,0.94853175,0.9636573,0.95913386,0.9599106,0.96787316,0.95208126,0.938998,0.95167255,0.9608847,0.93557,0.95667785,0.95903486,0.9474565,0.94928944,0.95389,0.93892133,0.9461876,0.94774187,0.9511468,0.9245001,0.9516872,0.9579496,0.9528124,0.9487844,0.95982397,0.95326865,0.97637266,0.94414884,0.960351,0.95245,0.94810736,0.9377721,0.93926996,0.93386877,0.9533906,0.94413966,0.95254976,0.95323855,0.9572588,0.9328867,0.9507429,0.9576789,0.9542928,0.9516682,0.9523199,0.9544711,0.97637266,0.9447273,0.95207226,0.9533497,0.95245785
angrybirdsmovie,0.93708205,0.9340873,0.9332681,0.928392,0.92970306,0.9445474,0.9481074,0.9288192,0.95857555,0.92594755,0.9292409,0.99999994,0.93961936,0.92009175,0.93692064,0.93966985,0.9326997,0.9127574,0.92213535,0.93649435,0.93232566,0.94078016,0.9452599,0.9418502,0.9314449,0.86461896,0.9289757,0.9385778,0.94365585,0.94660753,0.9224165,0.9378501,0.9245579,0.94808537,0.92081624,0.904843,0.9392658,0.9279005,0.9306464,0.944712,0.9483592,0.9417196,0.93059796,0.9296633,0.95058346,0.9415634,0.9413231,0.92966515,0.9300513,0.9343771,0.9482651,0.95552146,0.9338059,0.93053085,0.92837834,0.92581314,0.92444605,0.93234766,0.9261274,0.9350881,0.9337325,0.925999,0.94988996,0.93206286,0.94030046,0.9407671,0.9354002,0.929683,0.92366296,0.93121886,0.94285804,0.8667163,0.92647105,0.95110846,0.93112504,0.9238377,0.8926866,0.9447678,0.93737966,0.9352442,0.9309149,0.93595946,0.9356029,0.9308721,0.9518941,0.9417257,0.9095766,0.94176567,0.92772394,0.9443698,0.9345221,0.94285804,0.94560766,0.9355121,0.9473928,0.9252307,0.9339213,0.9371919,0.9289406,0.930639,0.9374664,0.941942,0.93347394,0.9479337,0.9267477,0.9496821,0.9351808,0.9443705,0.9470092,0.9429511,0.94073063,0.8422694,0.93153334,0.9076252,0.93145925,0.93157387,0.9438363,0.93132687,0.9428085,0.9449841,0.93277574,0.925516,0.93941057,0.94674635,0.93497807,0.94510084,0.93181705,0.9290882,0.91655797,0.915968,0.9413776,0.9292095,0.9366917,0.9190074,0.92601264,0.9348752,0.9303662,0.93493706,0.95267254,0.9280731,0.95857555,0.9304533,0.92530346,0.94885516,0.94207615,0.93777925,0.9244417,0.92229134,0.9436019,0.9430809,0.9470859,0.93214077,0.93018436,0.92560214,0.9282451,0.94260997,0.9327074,0.94507605,0.92147684,0.92039245,0.95857555,0.9167836,0.94560945,0.93133664,0.94764423
annabellemovie,0.94923043,0.9568569,0.95278645,0.95881957,0.959144,0.9458388,0.9614331,0.9451278,0.977038,0.9420808,0.94857204,0.93961936,0.9999996,0.9592301,0.9534418,0.9506979,0.9508216,0.9531816,0.9469323,0.9405276,0.94840896,0.9514037,0.95910096,0.95550305,0.9515161,0.88130075,0.95199865,0.95313174,0.9521506,0.9478066,0.9516609,0.9582945,0.9270762,0.96012807,0.9410985,0.9306473,0.9598858,0.96846384,0.95516866,0.9642137,0.96301746,0.9626749,0.95409644,0.9474941,0.95190316,0.9539915,0.9533401,0.9396984,0.9566865,0.9565049,0.959635,0.96088135,0.9509362,0.9400641,0.95599556,0.9522256,0.94852555,0.9618609,0.948672,0.95390683,0.9604774,0.94815654,0.9614808,0.9583598,0.956283,0.9511212,0.9431441,0.9459934,0.9576993,0.9534769,0.96183366,0.8542591,0.9583633,0.9554302,0.9436944,0.9437393,0.9340913,0.96290684,0.95604974,0.951221,0.94550097,0.95541155,0.96610814,0.9499331,0.9659005,0.94726694,0.95533293,0.978889,0.94592875,0.9599254,0.9542901,0.96183366,0.96111935,0.94455373,0.9561084,0.942102,0.95175606,0.95960546,0.9518993,0.95391154,0.96199465,0.95909774,0.9423758,0.96349674,0.9491051,0.9631181,0.9590801,0.958436,0.9579631,0.9469638,0.9614182,0.88893074,0.9543274,0.92492837,0.94046503,0.9480134,0.9582432,0.9420757,0.95970213,0.95253146,0.9482201,0.9531014,0.9538951,0.948944,0.9594856,0.9514309,0.9585752,0.9607831,0.95011234,0.94676054,0.9537559,0.9529324,0.95208925,0.9359319,0.9517407,0.94929767,0.9523661,0.9369987,0.95741224,0.94930935,0.977038,0.9485938,0.9448934,0.94914734,0.9524714,0.9575243,0.93332475,0.9498883,0.96194696,0.9574502,0.95578575,0.95900494,0.9548815,0.91792136,0.9454196,0.9557316,0.9510942,0.9579474,0.95128447,0.9470112,0.977038,0.9492702,0.958613,0.9494336,0.9431946
annamovie,0.9502,0.9538918,0.9572472,0.94654304,0.95912206,0.9535994,0.96494406,0.95542663,0.97801614,0.95523375,0.96026963,0.92009175,0.9592301,1.0000001,0.9592611,0.95182335,0.960404,0.9558446,0.94451207,0.94608575,0.95163256,0.9531849,0.96633065,0.95541763,0.95601743,0.9013943,0.95912206,0.954824,0.9471652,0.9412007,0.95445406,0.9564325,0.9369813,0.95738906,0.92352784,0.9278508,0.96000546,0.955037,0.956831,0.9519684,0.96000975,0.9660082,0.9548717,0.9548233,0.94875705,0.9506247,0.95732474,0.9532645,0.9566191,0.9655647,0.95479786,0.9564612,0.95414615,0.92961925,0.95695215,0.951836,0.94818056,0.9621745,0.95098436,0.95211655,0.9549909,0.949606,0.9494122,0.9721801,0.95549,0.95632994,0.9439734,0.9476506,0.9559482,0.95256793,0.9581626,0.8398825,0.93795925,0.950584,0.94281495,0.9460702,0.9093853,0.96010005,0.9503523,0.94665164,0.9494978,0.9503029,0.95480824,0.944238,0.95580876,0.9468681,0.9506267,0.9592795,0.95911705,0.9495481,0.95053947,0.9581626,0.9534161,0.946585,0.95328885,0.95039564,0.9600614,0.95864797,0.9507053,0.9696849,0.9524728,0.95643777,0.945998,0.9593762,0.9680001,0.950711,0.96819746,0.95457435,0.9443695,0.94437194,0.9666622,0.8837022,0.95867544,0.92045295,0.9499736,0.9519639,0.9568147,0.9530761,0.9627607,0.9589268,0.9352431,0.96155226,0.9575834,0.9351868,0.96265554,0.95222527,0.95785147,0.94708735,0.9654904,0.9414656,0.9620375,0.95596755,0.955259,0.9284903,0.9607624,0.94506145,0.95126694,0.9380916,0.9540685,0.94571215,0.97801614,0.9534084,0.948248,0.9478494,0.94625807,0.9407074,0.94930947,0.9330395,0.95218694,0.9507213,0.95361906,0.95717406,0.95276314,0.9167413,0.94894904,0.9580983,0.9597496,0.94158375,0.95684034,0.9649182,0.97801614,0.94526285,0.96221256,0.9609488,0.9422056
apollo11movie,0.95463073,0.9510205,0.9571019,0.9493933,0.9470007,0.95066065,0.9614113,0.9573929,0.975924,0.94549614,0.95852387,0.93692064,0.9534418,0.9592611,1.0000002,0.95873857,0.9496207,0.942426,0.95383346,0.9743623,0.9526511,0.9527486,0.96114665,0.9691478,0.95255834,0.88320863,0.94575316,0.944863,0.9481979,0.9478683,0.95365995,0.95443636,0.9338218,0.9565135,0.9329757,0.9299179,0.95642215,0.95047677,0.9495728,0.95742863,0.9505488,0.95806855,0.9569047,0.9437438,0.95148385,0.9518984,0.9654017,0.9384808,0.95213306,0.9525316,0.95691776,0.96259874,0.94874537,0.9414602,0.9570631,0.95035064,0.94842374,0.9534333,0.9487705,0.96133125,0.9502463,0.9395835,0.947397,0.9575294,0.9557531,0.9532199,0.9356686,0.9472863,0.95766985,0.9528935,0.96441704,0.8445679,0.95124626,0.95090663,0.9401615,0.93538547,0.9197887,0.956952,0.95032173,0.9474948,0.9469062,0.9520777,0.95985657,0.95016515,0.95805043,0.9501891,0.9495238,0.959389,0.95890915,0.96100295,0.9571609,0.96441704,0.9510047,0.94082606,0.95702964,0.9656016,0.9539386,0.96260536,0.9579975,0.96306616,0.9591792,0.9475375,0.94583243,0.9598367,0.9555401,0.96058595,0.95936984,0.9572494,0.95175284,0.9595546,0.96237695,0.89331263,0.94635725,0.9302374,0.9390571,0.9522083,0.9567877,0.9508645,0.96273744,0.95714706,0.9453008,0.95347583,0.95549715,0.9413934,0.9527619,0.95459497,0.9560879,0.95291096,0.9486765,0.94274837,0.94092363,0.94892204,0.9502802,0.9267053,0.9478236,0.9509328,0.9463378,0.9495498,0.9623399,0.95024574,0.975924,0.95138687,0.96016985,0.9475933,0.95367485,0.95087606,0.93846655,0.942299,0.958767,0.9411963,0.9536399,0.9502979,0.9494745,0.9323859,0.9550183,0.9561813,0.9575318,0.9481661,0.94115376,0.9468592,0.975924,0.93925214,0.9559874,0.9529383,0.9466847
arcticdogsmovie,0.9598612,0.9710828,0.9579766,0.9482919,0.9507693,0.9485779,0.9591439,0.954374,0.97602266,0.95624506,0.9518704,0.93966985,0.9506979,0.95182335,0.95873857,1.0,0.95919317,0.9439449,0.9585554,0.9564463,0.94074947,0.95303667,0.95942163,0.95780504,0.95497805,0.8781971,0.95085347,0.9564794,0.9595485,0.93948203,0.95493233,0.95019835,0.9426448,0.959671,0.9415972,0.92601955,0.96078753,0.94837517,0.9556105,0.95485467,0.9626952,0.9610172,0.95033795,0.95181096,0.9649201,0.9567237,0.9505262,0.93946767,0.9546317,0.9567526,0.9578302,0.9640665,0.9320025,0.9325724,0.95516515,0.9509194,0.94647443,0.9666549,0.94676465,0.96066296,0.9525664,0.94185454,0.9558768,0.9561582,0.94587564,0.95215726,0.94583845,0.9531362,0.95467836,0.9579478,0.9666098,0.8657871,0.94004935,0.9509674,0.9494539,0.9306046,0.91659224,0.9590826,0.9534005,0.95640665,0.95049715,0.9480634,0.9601088,0.9534249,0.9564404,0.94184935,0.94375336,0.9566369,0.9540514,0.97005,0.95035726,0.9666098,0.96048385,0.9526241,0.95839566,0.95280355,0.9487971,0.9601145,0.9616571,0.9492997,0.960579,0.9437591,0.95848244,0.9653938,0.9613589,0.95752287,0.96447223,0.9725188,0.95721734,0.9449237,0.9650302,0.87727684,0.96376556,0.91735536,0.9533089,0.9505297,0.96356946,0.94861645,0.95811456,0.9557924,0.94480497,0.95169127,0.95157593,0.9423648,0.959834,0.9617422,0.9515289,0.9535507,0.9511515,0.9464177,0.9515613,0.9529424,0.95205396,0.92938507,0.95894873,0.94978285,0.9486165,0.94676906,0.9594563,0.9541214,0.97602266,0.9501608,0.9514067,0.95942104,0.9511102,0.9537238,0.9439166,0.9473478,0.95280033,0.9496336,0.95855767,0.9565128,0.9531399,0.9321672,0.94354725,0.95692927,0.95109314,0.96189076,0.9573822,0.9519065,0.97602266,0.94839746,0.96110696,0.9500273,0.95098454
arcticmovie,0.9552912,0.95546556,0.95536834,0.94367516,0.96016115,0.9484665,0.95927066,0.9523845,0.97387904,0.9492826,0.9591233,0.9326997,0.9508216,0.960404,0.9496207,0.95919317,0.9999999,0.94512516,0.95001245,0.9446979,0.94890326,0.9388234,0.9569683,0.9468419,0.95366055,0.8819092,0.948705,0.9694122,0.9453676,0.9409473,0.95323,0.94310015,0.9449896,0.95375174,0.92536515,0.913618,0.9543347,0.943424,0.9559947,0.95206606,0.9577179,0.95994616,0.94313854,0.9416989,0.9508594,0.9561451,0.94952774,0.94438183,0.9494405,0.9513972,0.94925505,0.9565883,0.9414294,0.9435787,0.95602506,0.9471363,0.9295096,0.96801776,0.94394946,0.93784,0.95491534,0.9394698,0.9527801,0.9598468,0.9438488,0.96019185,0.94382834,0.94320756,0.9417782,0.9470128,0.94926345,0.84946185,0.93653363,0.9438909,0.944457,0.9383404,0.9095475,0.96334386,0.9412829,0.94495195,0.9439127,0.9505155,0.94855607,0.93937093,0.95153624,0.95109564,0.94138044,0.96120524,0.9408565,0.9545802,0.9473785,0.94926345,0.9649261,0.94389665,0.95480186,0.9521995,0.9561628,0.9524443,0.94672745,0.9533501,0.9521581,0.94199014,0.9473976,0.9563178,0.95824367,0.94574714,0.95753634,0.95494676,0.9439428,0.9411481,0.9563276,0.8714108,0.9600479,0.90478873,0.95293653,0.9533651,0.95834035,0.9545943,0.95292443,0.9537781,0.9366682,0.957727,0.9629961,0.9370586,0.9578965,0.95708627,0.95183814,0.94577926,0.96201265,0.943109,0.95204186,0.94669044,0.97667634,0.94148445,0.9618634,0.9460583,0.94863564,0.940461,0.9513514,0.94721264,0.97387904,0.94321555,0.9479022,0.95272195,0.95301306,0.93573177,0.93409747,0.9381936,0.9525642,0.945698,0.9540813,0.9528918,0.9550901,0.9330179,0.93929905,0.9515938,0.959665,0.9478906,0.956559,0.9564997,0.97387904,0.9512675,0.95910007,0.9535394,0.9407869
artofracingmovie,0.9386137,0.9445346,0.9524319,0.9443945,0.97304934,0.9321763,0.95939904,0.94885373,0.9724774,0.94945735,0.93912715,0.9127574,0.9531816,0.9558446,0.942426,0.9439449,0.94512516,1.0000001,0.9304357,0.9443161,0.9481958,0.9452445,0.95638615,0.9470229,0.94570875,0.8946596,0.95162463,0.9416565,0.94483936,0.9372264,0.9476804,0.94825566,0.92138416,0.94709945,0.9182539,0.92740595,0.9635427,0.94423616,0.94783866,0.94530225,0.948734,0.95734024,0.9482934,0.9535017,0.93859816,0.94331646,0.94682443,0.9434291,0.9575949,0.95553905,0.95213854,0.95735556,0.93984425,0.9298096,0.9478788,0.96458966,0.94150275,0.95401424,0.94577783,0.9519804,0.94427973,0.93280023,0.9439602,0.95251703,0.946531,0.94456977,0.91847783,0.9488544,0.945271,0.9418438,0.95516694,0.8441484,0.92925817,0.94289774,0.9386134,0.92185825,0.92085767,0.94293916,0.9466618,0.94853413,0.9408628,0.94655126,0.9403905,0.93617207,0.9424804,0.9452915,0.951661,0.9506452,0.95030373,0.9543526,0.9457195,0.95516694,0.9451956,0.93856394,0.95579815,0.93611777,0.9445442,0.9571547,0.93973994,0.94954574,0.94896716,0.94089764,0.9329329,0.95100164,0.9475395,0.95366174,0.94749,0.94885933,0.9459689,0.9501856,0.95540863,0.8831977,0.9523048,0.91462624,0.9472855,0.9330456,0.95027906,0.9439117,0.94891185,0.955043,0.92820585,0.94973594,0.9569482,0.9179752,0.94840455,0.9456741,0.9415258,0.95187056,0.9641261,0.9472576,0.9516429,0.9642677,0.94257325,0.9384525,0.94638443,0.9464632,0.9494968,0.9288779,0.94775945,0.956121,0.9724774,0.9491006,0.9347749,0.9350199,0.9398978,0.94735557,0.9390586,0.9351989,0.9420078,0.927768,0.95246303,0.9510869,0.94962454,0.91005516,0.94090134,0.95408535,0.9507522,0.94494635,0.9463238,0.9540954,0.9724774,0.95411265,0.9470822,0.9502429,0.9411943
avengers,0.97363544,0.94931364,0.9448524,0.952593,0.9390742,0.94531125,0.9582899,0.95795536,0.9698047,0.9366918,0.95416796,0.92213535,0.9469323,0.94451207,0.95383346,0.9585554,0.95001245,0.9304357,0.9999999,0.94459337,0.95144564,0.9419776,0.9517917,0.94939464,0.94636935,0.86578774,0.952047,0.9486371,0.94013387,0.9420602,0.9713715,0.9371765,0.9309927,0.9431918,0.92125726,0.9208331,0.9487495,0.9521021,0.9501555,0.9518264,0.95309085,0.95196575,0.95323664,0.9368323,0.93860185,0.9464761,0.94987947,0.9345707,0.9480589,0.9449826,0.9458458,0.95967156,0.93895215,0.9359478,0.95317227,0.9302682,0.93746376,0.95523846,0.95299536,0.939502,0.9457981,0.95417356,0.9414588,0.9437253,0.94547683,0.94552547,0.9223787,0.9513134,0.95588964,0.9464858,0.95227456,0.8504456,0.9313276,0.93660575,0.9409482,0.92223954,0.91142684,0.95246893,0.95257103,0.9451247,0.946997,0.94662726,0.94949925,0.9433899,0.9454633,0.9378261,0.9400846,0.95109224,0.944066,0.9578919,0.9576825,0.95227456,0.944402,0.94709855,0.9507533,0.9516546,0.95328444,0.9519442,0.9536959,0.94511217,0.95194095,0.94453883,0.9302828,0.9568091,0.95204115,0.94356084,0.9583392,0.95401305,0.9282469,0.9344729,0.96588105,0.866441,0.9493131,0.89924186,0.9444875,0.957607,0.96154755,0.9510398,0.95709294,0.9518235,0.9337209,0.94856215,0.9466196,0.9343747,0.94949144,0.95063406,0.9450281,0.9526513,0.9445551,0.94363624,0.9420918,0.9356715,0.9392941,0.92265594,0.9565056,0.94674873,0.95148253,0.9425261,0.9453045,0.940392,0.9698047,0.9372318,0.9453848,0.94679725,0.94655335,0.94751203,0.93097836,0.93289995,0.94792265,0.94557506,0.9541672,0.94825166,0.9426819,0.9392954,0.9457886,0.94623756,0.9443637,0.9530811,0.9566862,0.9450687,0.9698047,0.9360933,0.94893867,0.9537968,0.9431453
beachbummovie,0.9571201,0.94194686,0.95414686,0.9428203,0.9465036,0.9432973,0.958189,0.95166916,0.9708006,0.9385737,0.9471547,0.93649435,0.9405276,0.94608575,0.9743623,0.9564463,0.9446979,0.9443161,0.94459337,1.0000005,0.9507766,0.95792323,0.9531784,0.9563969,0.9514582,0.8752215,0.9481383,0.9469892,0.947174,0.94182014,0.9440933,0.95182407,0.9243337,0.95162714,0.92398274,0.9228016,0.95458156,0.9389361,0.94180995,0.9577007,0.94577765,0.95033205,0.9458742,0.9385121,0.9470803,0.9586047,0.9533114,0.9324753,0.9491421,0.9422778,0.9524755,0.95982337,0.93750465,0.93442816,0.9585849,0.94554484,0.9377177,0.9543839,0.94606143,0.9571886,0.948898,0.93841326,0.9459362,0.94636625,0.9529091,0.9486915,0.9256904,0.948389,0.9404304,0.94412535,0.95886683,0.82376844,0.9333802,0.95023483,0.93440413,0.9307951,0.90395135,0.94927233,0.9403295,0.9475313,0.93854415,0.94936496,0.9488991,0.93965197,0.9457136,0.9438045,0.9348834,0.9446008,0.9473111,0.95741856,0.94798845,0.95886683,0.9526649,0.9408914,0.94858426,0.95888835,0.94525546,0.9598005,0.9440985,0.95056605,0.95872355,0.9517538,0.9402214,0.95816505,0.9458229,0.9524033,0.95253325,0.95712584,0.9406429,0.9608022,0.9583812,0.8614797,0.9477984,0.9215315,0.9452155,0.9472483,0.9557054,0.94572973,0.95011044,0.9507294,0.94120806,0.9513152,0.9506315,0.936811,0.9514313,0.9508276,0.946633,0.94857484,0.9485747,0.9335601,0.9438035,0.94545275,0.95101786,0.9292594,0.9496532,0.9412319,0.94360125,0.94324917,0.953358,0.9615782,0.9708006,0.9503258,0.9556244,0.93625194,0.94840336,0.94336575,0.94020146,0.9339096,0.94952154,0.9329182,0.95642525,0.9480865,0.958388,0.9357118,0.9445909,0.95580745,0.94498426,0.9385332,0.94155693,0.94943434,0.9708006,0.93761724,0.9552549,0.9508766,0.9463315
bernadettefilm,0.9636154,0.94443417,0.94791526,0.95280606,0.9530599,0.94570076,0.96195734,0.9494951,0.97198623,0.94051063,0.94964254,0.93232566,0.94840896,0.95163256,0.9526511,0.94074947,0.94890326,0.9481958,0.95144564,0.9507766,0.9999998,0.95390606,0.9636691,0.95083994,0.9491327,0.8955816,0.950277,0.9467316,0.941877,0.9364774,0.94600654,0.9396694,0.93431985,0.9516563,0.921932,0.91684735,0.95641255,0.94518965,0.9441379,0.9428949,0.9522381,0.9534264,0.945802,0.9345053,0.94406265,0.95558167,0.9629403,0.9507224,0.94220036,0.9469346,0.95498323,0.9527316,0.9583391,0.95044786,0.94594693,0.93618464,0.9367677,0.9498699,0.94830364,0.94764966,0.94727075,0.9470039,0.9502649,0.9549471,0.94339496,0.9503117,0.9314227,0.9358422,0.94950545,0.9496466,0.95715296,0.85262036,0.93275046,0.94621384,0.94177073,0.9343387,0.91222674,0.9519535,0.949812,0.94275707,0.95190144,0.95334923,0.95152646,0.9453492,0.9516591,0.94203717,0.9402167,0.9510435,0.945813,0.95688057,0.94793975,0.95715296,0.95105624,0.9546767,0.9579466,0.95145696,0.9491899,0.95530653,0.9447474,0.95727175,0.9488072,0.9522029,0.93449646,0.9618483,0.95308656,0.95360076,0.94614863,0.9513803,0.93857616,0.9408344,0.9623755,0.86319834,0.9533628,0.90138525,0.9544305,0.95343804,0.96002036,0.9603665,0.9633458,0.95835346,0.9361588,0.9516843,0.9522868,0.931529,0.9403595,0.9547991,0.9522142,0.9529715,0.95235735,0.93253666,0.96896887,0.93815666,0.9431183,0.9368249,0.9516784,0.940912,0.9505681,0.93543893,0.95940775,0.95305,0.97198623,0.94607955,0.94559747,0.951298,0.93975896,0.9340089,0.93122846,0.92834,0.95302725,0.941703,0.9522104,0.9415482,0.9479461,0.92237556,0.9433649,0.9581871,0.95928687,0.95174956,0.9541755,0.950745,0.97198623,0.9393727,0.9511912,0.96348256,0.9520347
