movie,21bridgesmovie,47metersdown,abeautifuldaymovie,abominablemovie,adastramovie,adogsjourneymovie,aftermathmovie,aftermovie,ahiddenlifefilm,alitamovie,angelhasfallen,angrybirdsmovie,annabellemovie,annamovie,apollo11movie,arcticdogsmovie,arcticmovie,artofracingmovie,avengers,beachbummovie,bernadettefilm,blackandbluemovie,blackchristmas,blindedbythelightmovie,bombshellmovie,booksmart,breakthroughmovie,brianbanksmovie,brightburnmovie,brittanyrunsmov,captainmarvelofficial,captivestatemovie,catsmovie,charliesangels,childsplaymovie,clarathefilm,coldpursuitmovie,countdown,currentwarmovie,darkwatersmovie,detectivepikachumovie,disneyaladdin,disneyfrozen,disneymaleficent,doctorsleepmovie,dolemiteismyname,dontletgomovie,doramovie,downtonabbey_official,dumbo,escaperoom,everybodyknowsmovie,fastandfuriousmovie,fightingwmyfam,fivefeetapartfilm,fordvferrari,freaksthefilm,geminimanmovie,glassmovie,gloriabellmovie,godzillamovie,goldfinchmovie,goodboysmovie,goodliarmovie,gretafilm,halathemovie,happydeathdaymovie,harrietfilm,hellboymovie,hersmellmovie,highlifemovie,highstrungmovie,honeyboymovie,hotelmumbaifilm,httydragon,hustlemovie,hustlersmovie,isntitromantic,itmovieofficial,jayandsilentbob,johnwickmovie,jojorabbitmovie,jokermovie,judythefilm,jumanjimovie,justmercyfilm,knivesout,lalloronamovie,lastblackmansf,lastchristmasthemovie,latenightmovie,lighthousemovie,lionking,littlethemovie,littlewomenmovie,littlewoodsfilm,longshotmovie,lordsofchaosmovie,lucyintheskyfilm,mamovie2019,marriagestory,meettheaddams,meninblack,midsommarmovie,midwaymovie,missbalamovie,missinglinkfilm,motherlessbklyn,onceinhollywood,onthebasisofsex,overcomermovie,peanutbutterfalcon,petsematarymovie,piercingmovie,playingwithfire,playmobilthemovie,pomsmovie,queenandslim,rambomovie,readyornotfilm,richardjewellfilm,rocketmanmovie,scarystoriesmovie,secretlifeofpets,serenityfilm,shaftmovie,shazammovie,spidermanmovie,spiesindisguise,starwars,stormboymovie,stubermovie,taosdfilm,teenspiritmov,terminator,theaeronautsmov,thebestofenemies,thedeaddontdie,thefarewell,thehighwaymen,thehummingbirdprojectfilm,theintrudermovie,theirishmanfilm,thekitchenmovie,thelegomovie,themustangfilm,thenightingalefilm,theprodigymovie,thesunisalsoastar,theupsidefilm,tolkienmovie,toystory,triplefrontier,uglydolls,uncutgems,underthesilverlake,usmovie,wavesmovie,whatmenwant,wonderparkmovie,wrinklestheclown,xmenmovies,yardiefilm,yesterdaymovie,zombieland
21bridgesmovie,0.99999976,0.9368715,0.9505906,0.9418427,0.94941056,0.94372773,0.9557495,0.9486954,0.9696134,0.9270887,0.9477374,0.9512226,0.9529917,0.9473845,0.9478806,0.94263524,0.9552909,0.9601786,0.96621674,0.93691075,0.96069396,0.94796604,0.95126945,0.95490575,0.9561291,0.83965695,0.9313209,0.96024084,0.94892764,0.9559993,0.9398568,0.95648444,0.9386911,0.93623644,0.93500775,0.91215456,0.95596236,0.9554525,0.95830685,0.93859804,0.9317118,0.95496124,0.9215389,0.95137054,0.9545977,0.9421194,0.95403844,0.9444243,0.93653643,0.95184815,0.9526283,0.95870996,0.9504071,0.9539906,0.9322466,0.93955517,0.9323064,0.9487923,0.9608374,0.9451624,0.93699074,0.9432986,0.94978833,0.9455321,0.93463075,0.94619185,0.9392084,0.94985193,0.93972117,0.9315237,0.95167637,0.7674638,0.9364669,0.9518272,0.9452637,0.92977005,0.89092094,0.9330309,0.93940365,0.94307137,0.9489501,0.93842727,0.9483698,0.9494535,0.95149237,0.9423444,0.9469903,0.95250446,0.9491665,0.9481364,0.93405,0.95167637,0.9382533,0.95870966,0.9359499,0.94744295,0.9338277,0.9430609,0.9367091,0.94101465,0.93524593,0.9424804,0.9307185,0.9545954,0.94352084,0.9542842,0.9591122,0.93604785,0.9502357,0.9383798,0.9487155,0.8487196,0.94349617,0.8970416,0.9534442,0.95563155,0.98546064,0.9456178,0.9504282,0.9451007,0.9335497,0.9449712,0.9616489,0.9407972,0.94473225,0.95596546,0.9415191,0.9493143,0.9598492,0.9107646,0.9584065,0.9478306,0.9422129,0.9373692,0.9424099,0.95128,0.9687862,0.94706357,0.95344347,0.93451834,0.9696134,0.9531189,0.9228862,0.9463216,0.93501574,0.9392687,0.9281161,0.9450922,0.94357014,0.95774937,0.9555268,0.954771,0.94288784,0.9543077,0.9333907,0.9486049,0.949148,0.94720536,0.9481413,0.9504434,0.9696134,0.9460557,0.9561212,0.95179653,0.9493396
47metersdown,0.9368715,1.0000002,0.94439274,0.9199465,0.94346213,0.9477083,0.94422376,0.9373867,0.96459174,0.930578,0.93989724,0.92976254,0.93443954,0.94268984,0.9350895,0.9611996,0.96095777,0.944808,0.93596864,0.92709315,0.94682896,0.9544916,0.94937205,0.95294297,0.9440141,0.8740674,0.93449366,0.9522458,0.94144094,0.9546602,0.9404565,0.94507277,0.9431662,0.94028425,0.93670374,0.9199947,0.93980485,0.94501203,0.9502975,0.93895066,0.93713367,0.9566791,0.91649,0.9483606,0.9578883,0.9404453,0.9473576,0.93487686,0.9263527,0.9512409,0.9489441,0.94477516,0.9451971,0.9433838,0.9267259,0.940714,0.9498827,0.9270683,0.952278,0.93763053,0.9309611,0.94655174,0.95272064,0.94692725,0.94576496,0.93925416,0.950269,0.9427375,0.9381771,0.93735266,0.94611067,0.7596016,0.9382917,0.949528,0.9350785,0.9428297,0.894761,0.9507096,0.9451813,0.940344,0.9360764,0.92727816,0.9429016,0.93093985,0.93464464,0.94611585,0.9397889,0.9420023,0.9401413,0.95477855,0.9443427,0.94611067,0.9377559,0.9598995,0.93301225,0.93421847,0.92818296,0.945117,0.94106615,0.94187844,0.93710005,0.93441033,0.9444879,0.9426375,0.95026433,0.9451466,0.94755083,0.94688433,0.94649,0.9474162,0.9572814,0.8395296,0.9441383,0.91156834,0.9362115,0.9452941,0.9518013,0.9318557,0.956808,0.94067526,0.92448604,0.9215656,0.9475356,0.93564683,0.9491589,0.956149,0.9458509,0.94820595,0.95357895,0.9261852,0.9544309,0.9471223,0.95160675,0.938102,0.92792666,0.94870627,0.94041777,0.915541,0.94150996,0.92881423,0.96459174,0.94574136,0.9290048,0.9422796,0.9252676,0.9437141,0.93065554,0.9423715,0.9445706,0.9304985,0.94843805,0.95550454,0.9461337,0.91939694,0.9299975,0.94303167,0.9459615,0.94192857,0.9463133,0.9406781,0.96459174,0.9477388,0.954591,0.9481516,0.9445194
abeautifuldaymovie,0.9505906,0.94439274,0.99999976,0.94476575,0.95890015,0.9460976,0.9509063,0.9638927,0.9758663,0.9476089,0.9573138,0.9550869,0.9399109,0.9565481,0.9522631,0.9458273,0.959076,0.9608711,0.9402055,0.9444809,0.95193535,0.9699573,0.95407367,0.95209664,0.95925736,0.8799887,0.9497377,0.9555196,0.97265655,0.9612078,0.93638676,0.9578703,0.9334916,0.9640717,0.9345882,0.9249992,0.9563249,0.95419884,0.95179266,0.94778574,0.94065934,0.95535463,0.91705585,0.944787,0.9609731,0.94454557,0.9491498,0.9469512,0.94225436,0.9537799,0.97244614,0.9641787,0.95259935,0.94938576,0.9372836,0.9469323,0.9475475,0.95276433,0.9578931,0.9538771,0.94910777,0.9561369,0.9628151,0.9505091,0.95332104,0.9533285,0.9408324,0.9633394,0.9488869,0.9427137,0.95918024,0.7320568,0.9375046,0.95856553,0.96039265,0.9426388,0.9274356,0.9433306,0.9464735,0.9529241,0.9594253,0.9325558,0.9499698,0.944934,0.9645721,0.9367905,0.95628047,0.9496638,0.9505556,0.9569558,0.9520386,0.95918024,0.95782465,0.9657507,0.9612523,0.9527415,0.94986504,0.9595803,0.9404972,0.95389944,0.9458491,0.95362216,0.93595,0.95644337,0.94970757,0.9701691,0.96219176,0.9508311,0.97487974,0.95205504,0.9591854,0.8594616,0.9553354,0.91501343,0.94659966,0.95446515,0.9663288,0.9496993,0.95543414,0.94574195,0.9335796,0.9544757,0.95013094,0.93324983,0.9546279,0.96082205,0.9511201,0.96359307,0.9603283,0.91884285,0.9516477,0.9583661,0.9573934,0.9443674,0.9505184,0.9586922,0.9566981,0.9437925,0.95564175,0.9408138,0.9758663,0.9716667,0.93965214,0.9431837,0.94279754,0.9576875,0.9356403,0.95153207,0.95076424,0.94241,0.9457658,0.9707902,0.94752276,0.9453434,0.9417863,0.95834476,0.95188445,0.9649259,0.95790833,0.95283705,0.9758663,0.95906514,0.9606222,0.9534383,0.96661943
abominablemovie,0.9418427,0.9199465,0.94476575,0.9999999,0.94495827,0.94594055,0.95270455,0.94948804,0.96744174,0.9173639,0.9447998,0.9427129,0.9439907,0.9478282,0.95479023,0.93279475,0.93915236,0.93770677,0.93590015,0.9436292,0.9453792,0.94697434,0.9515851,0.9458556,0.9420688,0.876283,0.93725085,0.94198495,0.9416829,0.9466585,0.93218124,0.95040107,0.941884,0.9411207,0.9366839,0.895998,0.9529884,0.95950264,0.9472809,0.9360872,0.9191402,0.9472433,0.91946167,0.9413845,0.9554219,0.9390465,0.94806874,0.94149774,0.95008034,0.9467979,0.945988,0.9584656,0.93742096,0.94970435,0.93695176,0.93850887,0.9298572,0.9496309,0.96319866,0.945507,0.9258792,0.9557114,0.94475746,0.9438521,0.93946964,0.94089115,0.9277174,0.95126235,0.9441824,0.9239506,0.9468483,0.76898915,0.92450553,0.95817155,0.95999724,0.9232892,0.9007208,0.94240147,0.9371035,0.9419543,0.9533505,0.95372957,0.94440436,0.93220663,0.95356023,0.93530905,0.9501092,0.94074607,0.9438458,0.9463211,0.93425536,0.9468483,0.9461661,0.9460084,0.93950164,0.9509073,0.94189185,0.9530457,0.93862915,0.94566375,0.94091666,0.9380308,0.9280457,0.95016146,0.9333119,0.9468554,0.9503098,0.9324611,0.94990945,0.9380191,0.9464588,0.84448403,0.9481679,0.89899784,0.9393083,0.95256484,0.9525377,0.93954605,0.94341445,0.9355246,0.9241386,0.9419344,0.94884306,0.93594533,0.93730813,0.9442363,0.9296992,0.9493305,0.9516273,0.91758084,0.9481047,0.9483215,0.93935263,0.928688,0.9432623,0.95106536,0.95130235,0.9500311,0.94192195,0.94229,0.96744174,0.94676936,0.9369747,0.94701767,0.91818625,0.9513657,0.93491435,0.9425616,0.94177103,0.9434827,0.9498818,0.9400183,0.95278054,0.9389807,0.9312321,0.9466578,0.9381405,0.9440521,0.9451698,0.94587135,0.96744174,0.9439046,0.94847816,0.95263463,0.9444776
adastramovie,0.94941056,0.94346213,0.95890015,0.94495827,0.9999996,0.9561068,0.9495009,0.9498856,0.9760316,0.9517246,0.9554129,0.94559157,0.953957,0.9520525,0.95268893,0.95437163,0.9471065,0.9742373,0.9431976,0.94635963,0.9518039,0.9601209,0.95431745,0.9523364,0.9580976,0.85118836,0.97467184,0.95427233,0.9652086,0.95487475,0.9391158,0.9525485,0.93652683,0.9563584,0.95513844,0.9289122,0.95785534,0.95192444,0.9576561,0.9472463,0.94736993,0.95358694,0.92918277,0.9560572,0.96209896,0.94669145,0.9546629,0.94688743,0.9310625,0.95959425,0.9599359,0.95861906,0.94648117,0.9557076,0.929605,0.9651371,0.9566957,0.9464801,0.9563032,0.9511817,0.94974285,0.95919526,0.95731175,0.96325624,0.94871,0.9582385,0.9347597,0.9563104,0.94495344,0.9458433,0.96170866,0.74632156,0.9352635,0.966126,0.9560081,0.9389984,0.9177606,0.9447181,0.9473057,0.96389854,0.9569306,0.93245447,0.96048075,0.95415425,0.9558777,0.95540726,0.9588169,0.9511399,0.96077216,0.9674884,0.9476526,0.96170866,0.95285994,0.95495856,0.9456945,0.95556915,0.9512794,0.9558724,0.9422901,0.94175804,0.9518998,0.95071644,0.9413165,0.95860523,0.95155895,0.9602666,0.9643701,0.9592535,0.9491991,0.9495342,0.96435606,0.8681808,0.9474381,0.9317623,0.9508696,0.9478285,0.9642357,0.9588042,0.9539702,0.9432372,0.9444706,0.93482035,0.9535976,0.9446125,0.9539225,0.95728993,0.9592212,0.96507293,0.9736969,0.92038274,0.95619524,0.9722719,0.9587116,0.93258226,0.94936377,0.95750254,0.9554379,0.9451641,0.9602991,0.9478862,0.9760316,0.95677483,0.9413757,0.9563001,0.9569217,0.9583706,0.95448804,0.95758724,0.9594927,0.9380836,0.94687325,0.9571286,0.955782,0.93876207,0.9577997,0.96062344,0.94462085,0.9563319,0.94529027,0.94397175,0.9760316,0.9748075,0.95896304,0.9491395,0.95606554
adogsjourneymovie,0.94372773,0.9477083,0.9460976,0.94594055,0.9561068,0.99999964,0.9601851,0.95154387,0.9755411,0.9283337,0.94980925,0.95184106,0.9541822,0.9602749,0.95602435,0.9548408,0.9555375,0.9572711,0.95200706,0.940847,0.95367134,0.9537644,0.9682483,0.9556925,0.9524954,0.88691264,0.95438284,0.9521333,0.9547657,0.9613448,0.9504091,0.95966727,0.9436641,0.9445648,0.96025765,0.93669206,0.9567857,0.9619154,0.95626754,0.9487211,0.9447997,0.961965,0.939271,0.9593763,0.96879715,0.9450409,0.9673543,0.9319295,0.9463171,0.9631067,0.9576342,0.9594751,0.9452502,0.9469993,0.93711704,0.94161135,0.93631047,0.9504794,0.9581446,0.95410013,0.94856757,0.9591857,0.9606668,0.96436274,0.93747294,0.9473086,0.94006413,0.96086377,0.94933254,0.9302611,0.9608643,0.78079635,0.9387999,0.96496207,0.9586044,0.9445095,0.9222738,0.9489412,0.9492303,0.95805836,0.9493158,0.9475402,0.96222246,0.9532284,0.94823384,0.94679755,0.9493465,0.94940186,0.96028835,0.9623979,0.95330024,0.9608643,0.9455811,0.9578888,0.9347503,0.9564736,0.94807905,0.9506009,0.9483285,0.96952355,0.9434622,0.94982404,0.9526831,0.9559293,0.9454007,0.9527864,0.9589336,0.95743006,0.9505027,0.9472599,0.9586371,0.88639784,0.9530253,0.9364437,0.9516987,0.9578245,0.95953715,0.9456815,0.9499494,0.9530814,0.9521362,0.93130565,0.95497215,0.96789414,0.9614748,0.9527195,0.95849276,0.9566445,0.9568488,0.93307054,0.9544485,0.94679904,0.9513613,0.9410853,0.94219583,0.9652047,0.95254064,0.94000375,0.9587949,0.9363899,0.9755411,0.95341223,0.9399792,0.9640505,0.9460603,0.95584947,0.9495126,0.9582849,0.95742,0.9459623,0.959185,0.95596164,0.9549046,0.93485594,0.9558573,0.9555769,0.94719476,0.9497294,0.9454272,0.94589484,0.9755411,0.95282686,0.95419836,0.96262586,0.9517291
aftermathmovie,0.9557495,0.94422376,0.9509063,0.95270455,0.9495009,0.9601851,1.0000001,0.9669326,0.9809555,0.9326981,0.9545329,0.95671713,0.9591323,0.96810365,0.9640655,0.95408714,0.9573582,0.96343356,0.9594277,0.94399333,0.95898414,0.96429586,0.9643223,0.96667534,0.95570254,0.8896912,0.9491203,0.956887,0.95546806,0.9628084,0.96342343,0.9705829,0.94437474,0.95494753,0.9372224,0.912846,0.9647039,0.96148145,0.9692681,0.9564993,0.9484248,0.96679646,0.941264,0.959874,0.9603654,0.95033514,0.9572181,0.9473456,0.9635791,0.9648553,0.96699816,0.9702562,0.9557281,0.94793963,0.9517563,0.94813305,0.93131095,0.9561766,0.97004664,0.9596767,0.9549276,0.9518668,0.9591931,0.96641386,0.9519622,0.9555981,0.9542235,0.9683871,0.9545671,0.93740225,0.96525496,0.7617405,0.9458765,0.9587661,0.9560921,0.9478968,0.90323263,0.9437985,0.959674,0.95658904,0.9592265,0.97118086,0.9637519,0.9510706,0.96245754,0.9552363,0.9457038,0.95913714,0.9597533,0.966492,0.9621565,0.96525496,0.9529328,0.95663023,0.94505036,0.95479983,0.95779073,0.96120197,0.97906923,0.9607861,0.94643086,0.9542178,0.9495301,0.9602681,0.9595937,0.96459347,0.97109574,0.9582819,0.95165586,0.95880824,0.97432095,0.87780666,0.9619401,0.9065647,0.9573554,0.9525388,0.9627858,0.95246166,0.9648842,0.98761666,0.9592491,0.93946016,0.9642761,0.96027476,0.9609244,0.9621578,0.95556843,0.9676122,0.9567252,0.93897545,0.95634526,0.9533183,0.9508254,0.94653916,0.9490386,0.95842326,0.9626372,0.95878834,0.96144325,0.94669527,0.9809555,0.96390474,0.9455198,0.9635224,0.9407399,0.95521057,0.94484866,0.949588,0.95425636,0.94379336,0.9889847,0.9594081,0.9627861,0.9373996,0.9460359,0.96520597,0.9537173,0.96269953,0.9540928,0.9488891,0.9809555,0.95607334,0.9526708,0.96330434,0.95668757
aftermovie,0.9486954,0.9373867,0.9638927,0.94948804,0.9498856,0.95154387,0.9669326,0.9999999,0.9764232,0.94317406,0.96381724,0.956149,0.9573104,0.9618645,0.96501875,0.9414893,0.950367,0.9603511,0.94661015,0.94468045,0.95961386,0.96067953,0.95893174,0.957016,0.9533731,0.87655526,0.95249486,0.9533183,0.95521754,0.9602225,0.945074,0.96502304,0.92841095,0.9545781,0.9408857,0.9202718,0.958739,0.9572875,0.95407486,0.9497231,0.95114875,0.9589631,0.9399303,0.9424056,0.9546627,0.950358,0.9528569,0.940136,0.94124746,0.955055,0.9635254,0.9643641,0.9527452,0.94874734,0.9567824,0.94872373,0.9395978,0.9567599,0.96050227,0.96057093,0.95759064,0.94481975,0.9581344,0.9532425,0.94457704,0.95360154,0.9515708,0.964901,0.95583737,0.9488592,0.96223867,0.7579856,0.9462998,0.9613099,0.9555296,0.95589155,0.91513246,0.9553299,0.95530623,0.9564313,0.95955575,0.9524988,0.9560361,0.9507544,0.9723213,0.933267,0.9519429,0.95314807,0.9555995,0.95430773,0.9523886,0.96223867,0.9502503,0.9568205,0.947675,0.96022516,0.95306295,0.96346956,0.9491137,0.9640266,0.94610727,0.95486057,0.92970264,0.9612457,0.9532409,0.96002346,0.9694036,0.9538773,0.9548188,0.94411945,0.96272266,0.89118457,0.9469313,0.90796506,0.9389185,0.9604905,0.9649944,0.94438845,0.9537658,0.9585101,0.942754,0.9415931,0.9668363,0.9412369,0.9594887,0.95744,0.95458174,0.9582623,0.95768684,0.92638904,0.95938724,0.94978935,0.94991505,0.94420433,0.94932264,0.9557488,0.96192795,0.94584125,0.965589,0.9430943,0.9764232,0.9580464,0.9486171,0.9519934,0.9369633,0.9510827,0.9354257,0.9512607,0.94535935,0.9417068,0.9614559,0.9654225,0.95367956,0.93918896,0.9401606,0.9573079,0.9534875,0.957674,0.95808333,0.94556254,0.9764232,0.95401883,0.95327586,0.95001835,0.9633565
ahiddenlifefilm,0.9696134,0.96459174,0.9758663,0.96744174,0.9760316,0.9755411,0.9809555,0.9764232,1.0000001,0.9587223,0.97838587,0.9725333,0.9746498,0.979175,0.9764418,0.9724393,0.9774818,0.9802814,0.9702399,0.9626839,0.97460854,0.97874856,0.97568876,0.97806066,0.9773285,0.892287,0.97406924,0.9768275,0.97632986,0.9786581,0.97057724,0.9786637,0.9588461,0.9738756,0.96491534,0.94214416,0.98276263,0.9792947,0.980299,0.9687257,0.9685061,0.98183584,0.9550302,0.97745967,0.9828701,0.96960837,0.9715848,0.9644267,0.9705831,0.9826618,0.9804675,0.985431,0.9743816,0.97537,0.95981646,0.96970254,0.96491915,0.9778839,0.98393095,0.9780988,0.9681718,0.9766421,0.97936344,0.97950906,0.972496,0.9747537,0.96657604,0.97998005,0.9722762,0.9596886,0.98406696,0.7711383,0.96453744,0.9811303,0.9753564,0.9591307,0.93085325,0.9677284,0.97420216,0.9780349,0.9807081,0.96672636,0.9798756,0.96837825,0.98028755,0.97028273,0.9750655,0.9746078,0.9819381,0.9832104,0.97220683,0.98406696,0.9695198,0.9798542,0.96836644,0.97450566,0.97394556,0.9744054,0.9674772,0.9738581,0.969394,0.9731886,0.9603149,0.9804433,0.97418576,0.9792798,0.9844741,0.9762253,0.9732765,0.9697146,0.9836699,0.88679767,0.9750581,0.9356353,0.9703089,0.97627676,0.9815723,0.9691832,0.98085815,0.97472334,0.9650499,0.96458876,0.9806585,0.966911,0.9781072,0.9802071,0.9756223,0.97993267,0.98063785,0.9512002,0.97712433,0.97452384,0.9738439,0.9631062,0.9719769,0.9806214,0.97454816,0.9690662,0.9821861,0.9666075,1.0000001,0.976243,0.96482724,0.978702,0.966075,0.9788971,0.9641275,0.97447634,0.9779897,0.9651949,0.97718596,0.980019,0.9774524,0.9591786,0.96904457,0.9804098,0.97111046,0.9795551,0.97320616,0.97204226,1.0000001,0.97801834,0.9806927,0.9779645,0.9743069
alitamovie,0.9270887,0.930578,0.9476089,0.9173639,0.9517246,0.9283337,0.9326981,0.94317406,0.9587223,1.0000002,0.9548314,0.92944217,0.9431959,0.93114656,0.942966,0.9393451,0.93842477,0.96234787,0.922257,0.9136198,0.93489426,0.94139886,0.9352031,0.9401319,0.94499296,0.8496303,0.94866943,0.931283,0.9408371,0.94492334,0.9285023,0.9317451,0.90855074,0.9385561,0.9227969,0.9058698,0.9390315,0.9357832,0.943811,0.907996,0.9198805,0.9354273,0.9259032,0.9337701,0.94346404,0.9175715,0.92744976,0.93263906,0.92063385,0.9436372,0.9408411,0.9463922,0.95083,0.9394719,0.90746343,0.95358264,0.9378278,0.9415205,0.93343836,0.93380725,0.9320972,0.9346324,0.9473369,0.929118,0.9486645,0.9391032,0.92558604,0.94998896,0.9342012,0.9178427,0.9390867,0.7311582,0.93356967,0.94422764,0.93716097,0.9286929,0.89093167,0.9439939,0.9433549,0.94238096,0.94252807,0.92471623,0.9390756,0.9246867,0.9483763,0.9212019,0.93665427,0.94504327,0.9379469,0.94186944,0.9215713,0.9390867,0.94592637,0.957625,0.92714286,0.94273496,0.9330854,0.93539554,0.9264713,0.9279224,0.92336893,0.92476416,0.90342206,0.9303392,0.95437586,0.941104,0.9396011,0.94242454,0.93736875,0.93001235,0.942327,0.8413743,0.91874886,0.90844107,0.9229162,0.936117,0.9427966,0.9251912,0.9418063,0.9289409,0.9100757,0.9416051,0.9409654,0.9129275,0.9374422,0.94737417,0.9515099,0.9391609,0.95518035,0.90358335,0.93695307,0.94261694,0.9441803,0.9273454,0.9400458,0.9445479,0.940777,0.9197141,0.9451079,0.91973585,0.9587223,0.9398666,0.9211353,0.93109095,0.93496025,0.93373334,0.9136967,0.9218312,0.93488544,0.922518,0.9365577,0.95358384,0.9310306,0.92550784,0.9253958,0.93754476,0.9335274,0.93613076,0.9417325,0.9214223,0.9587223,0.9450192,0.941935,0.93725777,0.9359499
angelhasfallen,0.9477374,0.93989724,0.9573138,0.9447998,0.9554129,0.94980925,0.9545329,0.96381724,0.97838587,0.9548314,1.0,0.9519306,0.9628686,0.9608296,0.96007943,0.94906986,0.9544292,0.96333563,0.95114994,0.94066215,0.9564863,0.94989175,0.95397097,0.95790786,0.95871514,0.861339,0.9591467,0.9545686,0.95671296,0.9618281,0.952123,0.9545112,0.93756086,0.95013666,0.94443583,0.9129762,0.958559,0.95554507,0.9543956,0.94682336,0.9440686,0.9516878,0.9318311,0.95691717,0.9615022,0.94126046,0.9486799,0.9388042,0.94841146,0.9588415,0.9545669,0.96574306,0.96066713,0.95812154,0.93163615,0.9511026,0.9497044,0.95816606,0.96679866,0.9531062,0.95050305,0.95780164,0.9574234,0.9546913,0.95622414,0.96162707,0.9449964,0.9590876,0.9704867,0.9255932,0.96272606,0.744373,0.9371387,0.9597912,0.9596847,0.9447007,0.9178006,0.9591054,0.9631698,0.95588785,0.9779638,0.945576,0.95890176,0.9442138,0.96401525,0.9457071,0.95974886,0.9580899,0.96657556,0.9619245,0.9542173,0.96272606,0.9488056,0.96500045,0.9471639,0.9663458,0.9712355,0.9530169,0.94115716,0.95597255,0.94223857,0.95478725,0.92781025,0.9580281,0.9637829,0.9531706,0.9648677,0.9514662,0.94995683,0.94453204,0.95087075,0.86890703,0.9519775,0.92004216,0.9547349,0.9696664,0.96123964,0.94425255,0.95326585,0.950214,0.944518,0.95685977,0.9595581,0.9333569,0.9619941,0.9596775,0.9620793,0.95440274,0.9574675,0.9280037,0.9616246,0.95284915,0.9512707,0.9449217,0.9544858,0.96739864,0.9536216,0.94499326,0.9643967,0.93593794,0.97838587,0.9482357,0.93908083,0.9489614,0.9532084,0.95857584,0.938885,0.9559357,0.9552081,0.9402529,0.9466741,0.9693389,0.95238686,0.9389352,0.94602406,0.9606737,0.9552131,0.9549592,0.96236455,0.9552209,0.97838587,0.96351147,0.96498674,0.9570132,0.95145
angrybirdsmovie,0.9512226,0.92976254,0.9550869,0.9427129,0.94559157,0.95184106,0.95671713,0.956149,0.9725333,0.92944217,0.9519306,1.0,0.9573348,0.9616591,0.9503517,0.9368639,0.9590755,0.953149,0.9488686,0.9364853,0.9443276,0.9578607,0.95558006,0.95936656,0.9526425,0.8628361,0.94756305,0.9562903,0.962555,0.9637822,0.9517742,0.95372707,0.92898613,0.9566234,0.939352,0.9102338,0.9578253,0.9556181,0.9509355,0.9455554,0.9389271,0.95721036,0.9359989,0.95307505,0.96039885,0.92952025,0.95431757,0.9432663,0.94031036,0.9544148,0.97100884,0.9579433,0.9534185,0.9425794,0.94321054,0.9407207,0.93438065,0.9472736,0.9650811,0.9470862,0.9401379,0.9445937,0.9519164,0.9519002,0.94622207,0.9523994,0.93227017,0.9519839,0.9466243,0.93973184,0.95300525,0.74414563,0.9368198,0.95823467,0.9454519,0.93750286,0.9117954,0.9408071,0.9544744,0.9512941,0.9544262,0.9489176,0.9440219,0.9430756,0.96790904,0.939276,0.95419306,0.9565984,0.9532509,0.95598996,0.9512161,0.95300525,0.95180905,0.9562885,0.9686803,0.9478804,0.9451427,0.9573263,0.93548554,0.95266056,0.9306794,0.94812775,0.941662,0.95632416,0.9415604,0.96380883,0.95239,0.93968683,0.9523703,0.9430956,0.95994383,0.8739443,0.962745,0.90369475,0.9369558,0.9432051,0.95617265,0.9331043,0.9449567,0.9467199,0.933248,0.9505871,0.96261215,0.9414839,0.944695,0.95404404,0.9458234,0.96090615,0.9586291,0.94034225,0.94826275,0.9563507,0.94985276,0.9415788,0.94255084,0.9565492,0.9560461,0.94505954,0.96434414,0.93674535,0.9725333,0.9578846,0.92171776,0.95741683,0.94062126,0.9573139,0.92914885,0.9457588,0.94282514,0.9445266,0.9514049,0.9494616,0.9513369,0.9399485,0.9360309,0.9514063,0.94120467,0.95508206,0.9465133,0.9427243,0.9725333,0.9528405,0.94498605,0.9501521,0.96407866
annabellemovie,0.9529917,0.93443954,0.9399109,0.9439907,0.953957,0.9541822,0.9591323,0.9573104,0.9746498,0.9431959,0.9628686,0.9573348,0.9999998,0.9553646,0.95667756,0.9492432,0.95495296,0.95777917,0.9509386,0.9425293,0.9501602,0.94834363,0.96027786,0.9659463,0.9411809,0.84870434,0.95298904,0.95281035,0.94729054,0.9552986,0.95356923,0.95674926,0.93344355,0.9460208,0.9450518,0.9208855,0.96480393,0.96431804,0.95880175,0.9365917,0.9470628,0.9583582,0.9383074,0.95577055,0.96195763,0.9437368,0.9583477,0.9380829,0.9486883,0.9626982,0.9519999,0.9603589,0.9583997,0.9490798,0.9458222,0.95161724,0.93796873,0.95735794,0.96381795,0.9561548,0.95652795,0.94734764,0.9558697,0.9571499,0.93896776,0.9554348,0.9414129,0.95698017,0.9503979,0.93912655,0.96292377,0.7555013,0.9469855,0.95008254,0.955071,0.9353771,0.91111666,0.9419092,0.95085853,0.9574953,0.96383584,0.9628008,0.9614825,0.941936,0.96763474,0.9476892,0.96108484,0.97650915,0.9680892,0.95640564,0.9403095,0.96292377,0.9370116,0.95309126,0.9465089,0.9598091,0.9511358,0.9550785,0.9361444,0.95418817,0.9470885,0.9479774,0.9329917,0.95424545,0.9602858,0.94729125,0.95983034,0.95963037,0.9364477,0.9345379,0.9617001,0.8908379,0.9484751,0.9263347,0.94406503,0.9482455,0.95875674,0.943715,0.95643634,0.9571981,0.9510593,0.94624776,0.96454924,0.9401926,0.95131516,0.95735645,0.96304876,0.9516896,0.9574931,0.92700833,0.94930714,0.94738686,0.9504042,0.9302238,0.952583,0.9511642,0.94969726,0.9454742,0.96897465,0.9478404,0.9746498,0.9424853,0.9424796,0.9596805,0.9528534,0.95445365,0.9462519,0.9537269,0.9609012,0.9393623,0.96052974,0.9559654,0.9544196,0.9407011,0.94718415,0.9617302,0.94637424,0.96388185,0.94691026,0.93958,0.9746498,0.9519926,0.95719355,0.9593605,0.9484526
annamovie,0.9473845,0.94268984,0.9565481,0.9478282,0.9520525,0.9602749,0.96810365,0.9618645,0.979175,0.93114656,0.9608296,0.9616591,0.9553646,1.0000002,0.96358013,0.9431707,0.95430094,0.96300066,0.9501804,0.95121974,0.9539573,0.9563549,0.9686719,0.9608973,0.95722806,0.877636,0.96016073,0.95071805,0.96798295,0.9613815,0.950221,0.9659593,0.93467724,0.9656231,0.94721425,0.9190566,0.9612737,0.9627338,0.9494007,0.96127766,0.941269,0.9661664,0.94197947,0.95885795,0.95705247,0.9434857,0.96246934,0.93516064,0.9496616,0.9640629,0.97049,0.96401167,0.9631279,0.95185673,0.94333225,0.94814235,0.95292324,0.9579608,0.96580815,0.96792626,0.9428915,0.9617159,0.95549375,0.9668758,0.9576043,0.9673506,0.9554805,0.9566346,0.9555788,0.94210184,0.9720475,0.7408256,0.9429401,0.96486473,0.9507849,0.9505488,0.9256074,0.95399696,0.9544957,0.9551308,0.96144235,0.95052636,0.9566524,0.9475055,0.9599509,0.95217013,0.952614,0.95565224,0.97095895,0.9632542,0.96205455,0.9720475,0.960245,0.95207006,0.954154,0.95886797,0.95957035,0.96567786,0.9513911,0.97301775,0.9477428,0.9635125,0.95442456,0.97244287,0.9627272,0.96372974,0.9616232,0.94776183,0.9546197,0.9516972,0.96730417,0.8846818,0.9621664,0.9207232,0.954638,0.95726854,0.95856434,0.9426109,0.9542754,0.9597076,0.9478997,0.9511696,0.96448016,0.95093787,0.9641815,0.956114,0.9499758,0.965684,0.953873,0.93349916,0.9612395,0.952357,0.95618224,0.9315503,0.9502948,0.96528757,0.96237916,0.9546166,0.96637625,0.9517856,0.979175,0.9613325,0.94576055,0.96061254,0.94386506,0.9597248,0.9493453,0.95814,0.95699865,0.9367278,0.9633998,0.96002465,0.9579874,0.9440907,0.9561444,0.96061534,0.9519464,0.96971095,0.95589846,0.95742434,0.979175,0.95823246,0.95639193,0.95967776,0.9612396
apollo11movie,0.9478806,0.9350895,0.9522631,0.95479023,0.95268893,0.95602435,0.9640655,0.96501875,0.9764418,0.942966,0.96007943,0.9503517,0.95667756,0.96358013,0.9999999,0.94736326,0.9524495,0.9540843,0.95530254,0.97220933,0.95874286,0.9554971,0.95950925,0.95509344,0.9539902,0.86980045,0.9469237,0.93898964,0.94843197,0.95911103,0.9552244,0.96072644,0.9396647,0.95193005,0.94027746,0.9105757,0.95968884,0.95850414,0.94745827,0.9435441,0.93160987,0.9583492,0.93644327,0.9506419,0.9569418,0.9462482,0.95473063,0.941183,0.9373247,0.9579943,0.94940865,0.9650464,0.95147234,0.9521402,0.9390646,0.9460023,0.94095814,0.9641498,0.96584857,0.9551223,0.93978465,0.96082306,0.9548777,0.9511305,0.95447683,0.96161985,0.95073235,0.9621408,0.94961995,0.9292191,0.96552813,0.722081,0.9370189,0.95931464,0.9549496,0.95397866,0.9098494,0.9501534,0.95602494,0.9582962,0.9623918,0.9514922,0.9543388,0.9501864,0.9544939,0.9350576,0.94672054,0.9603453,0.960993,0.9608464,0.95016104,0.96552813,0.9457385,0.95676726,0.9355046,0.978428,0.94594014,0.96209294,0.94565123,0.9601617,0.9425277,0.9585453,0.93543506,0.9604901,0.953321,0.948526,0.96030736,0.9476997,0.94984704,0.9400665,0.96040004,0.86727685,0.94548774,0.9104386,0.9529068,0.9639188,0.96278626,0.9490855,0.95488894,0.9627513,0.9375085,0.9515931,0.96522695,0.93752116,0.9540332,0.955988,0.95576185,0.9516445,0.9615966,0.9224125,0.9625665,0.9527705,0.9495243,0.9382395,0.95284003,0.96515983,0.9592889,0.95232624,0.9636049,0.9468806,0.9764418,0.95075065,0.9390115,0.9460052,0.9438761,0.9544192,0.9254352,0.9475637,0.9453211,0.94316614,0.96187633,0.9516648,0.95450294,0.9346381,0.944917,0.96253526,0.9527176,0.9569696,0.95473874,0.9498139,0.9764418,0.95576465,0.9548288,0.9594393,0.94470847
arcticdogsmovie,0.94263524,0.9611996,0.9458273,0.93279475,0.95437163,0.9548408,0.95408714,0.9414893,0.9724393,0.9393451,0.94906986,0.9368639,0.9492432,0.9431707,0.94736326,1.0000004,0.96181303,0.9513606,0.94963956,0.936123,0.9501623,0.954131,0.95307046,0.9527704,0.9600694,0.87375826,0.9458876,0.95586294,0.94507086,0.9477189,0.9462041,0.9566004,0.9443352,0.9386815,0.9447551,0.92583185,0.9596153,0.95810425,0.9613213,0.9377771,0.9522671,0.9500612,0.92747784,0.94563866,0.9599171,0.9563416,0.95019895,0.9378255,0.9441169,0.9520606,0.9509308,0.95957667,0.95475554,0.9487927,0.9288519,0.942682,0.9471925,0.9476035,0.95561826,0.94400907,0.95148987,0.95543,0.95609516,0.95908874,0.94805604,0.9356586,0.94495505,0.95420885,0.94217724,0.9364013,0.9553025,0.7403921,0.93653834,0.9583423,0.95226574,0.9224962,0.9001889,0.9415335,0.94817895,0.94053006,0.9453919,0.94493,0.9650375,0.94959444,0.95294493,0.9480181,0.95264703,0.9434686,0.9553706,0.9645849,0.9396468,0.9553025,0.94400966,0.96503323,0.94287986,0.94380164,0.9512835,0.9500473,0.9459263,0.9456027,0.9536402,0.9463195,0.93343866,0.9543018,0.95177084,0.9487879,0.963039,0.96418005,0.9629046,0.9590344,0.95649004,0.8615408,0.95229805,0.9215262,0.9438966,0.9463052,0.951581,0.9517411,0.96008265,0.9578315,0.94775337,0.92708385,0.9493957,0.94221973,0.95290786,0.9564199,0.96122307,0.9487443,0.956637,0.9301,0.94931906,0.94608665,0.9609253,0.94263625,0.9457421,0.9488619,0.9336629,0.94550496,0.9521491,0.9467296,0.9724393,0.9445213,0.947276,0.9524408,0.9435821,0.95249,0.94134504,0.9509178,0.9599803,0.9420354,0.956166,0.9486198,0.95045894,0.9346548,0.9361825,0.9527748,0.9502293,0.95071423,0.9521801,0.94164956,0.9724393,0.95118713,0.9616506,0.96156114,0.9443728
arcticmovie,0.9552909,0.96095777,0.959076,0.93915236,0.9471065,0.9555375,0.9573582,0.950367,0.9774818,0.93842477,0.9544292,0.9590755,0.95495296,0.95430094,0.9524495,0.96181303,0.9999999,0.9570563,0.96671295,0.93492895,0.9590074,0.96564823,0.9560303,0.9631296,0.9578682,0.8795213,0.9394713,0.9735158,0.957513,0.9703995,0.9638574,0.9496965,0.94527817,0.9517226,0.93557227,0.91691536,0.95914143,0.9548519,0.9584611,0.9426355,0.9435307,0.9629583,0.93247694,0.95817345,0.967415,0.9485938,0.95122254,0.94668555,0.94694245,0.96216726,0.95879775,0.9620879,0.9553504,0.9511667,0.94220895,0.94363475,0.94845587,0.95212644,0.9638266,0.9493314,0.94309425,0.9557357,0.96154207,0.9508212,0.95527536,0.94847184,0.9511143,0.9551624,0.9442196,0.9424883,0.95600945,0.7443955,0.9380873,0.95639735,0.95541567,0.9397945,0.9113173,0.95015717,0.9523214,0.94951755,0.9596813,0.9455373,0.9516794,0.9526355,0.95822287,0.9462288,0.9511015,0.95583475,0.9533194,0.9642751,0.94697064,0.95600945,0.94777906,0.9724578,0.9474876,0.95343596,0.94209194,0.95295656,0.9392835,0.95340383,0.94780517,0.9528424,0.94477594,0.95147204,0.9603484,0.95315045,0.9581035,0.94880265,0.9631528,0.9520411,0.95534086,0.84373695,0.95328546,0.91729784,0.9465822,0.9483013,0.96024764,0.9497741,0.9586999,0.95710486,0.9357923,0.94824827,0.9584001,0.9504651,0.9546189,0.9714035,0.9499133,0.9644432,0.9669208,0.9444625,0.9572168,0.9563622,0.9802871,0.95532763,0.9459949,0.963397,0.9487601,0.94634485,0.9547866,0.9503713,0.9774818,0.9619309,0.9328106,0.95819795,0.9412163,0.96219045,0.93291086,0.94534594,0.95580125,0.9439727,0.9522296,0.9571841,0.9541386,0.9349957,0.9369339,0.9563461,0.95924157,0.9586671,0.9586637,0.94502413,0.9774818,0.953765,0.96040666,0.96069986,0.9571969
artofracingmovie,0.9601786,0.944808,0.9608711,0.93770677,0.9742373,0.9572711,0.96343356,0.9603511,0.9802814,0.96234787,0.96333563,0.953149,0.95777917,0.96300066,0.9540843,0.9513606,0.9570563,1.0000001,0.9509867,0.9417093,0.95468456,0.9641655,0.9615605,0.9592711,0.9596844,0.85786575,0.9688535,0.95908654,0.9651986,0.96236473,0.9477449,0.95481956,0.92825603,0.95934635,0.95379966,0.93841904,0.96406215,0.95337343,0.9609077,0.9457713,0.95116854,0.9618382,0.94344527,0.9611791,0.96594715,0.9387762,0.9587387,0.9567228,0.9416645,0.9660382,0.9660739,0.96364254,0.95661736,0.9554476,0.9330645,0.9644485,0.947153,0.9564793,0.9566048,0.9637857,0.95107925,0.9554571,0.9702024,0.95830095,0.95406556,0.9638508,0.9441959,0.9614824,0.9536357,0.9420429,0.9662719,0.7640911,0.9525886,0.9637697,0.9564481,0.93921447,0.9091955,0.9550306,0.95651066,0.96649164,0.9619219,0.9376906,0.9608089,0.9511737,0.96166277,0.9492382,0.95732117,0.9555619,0.9629364,0.9679024,0.95374763,0.9662719,0.9570382,0.96228796,0.9497215,0.95290077,0.95584255,0.95805335,0.9505594,0.95702773,0.9446797,0.954788,0.9428691,0.96114737,0.9627555,0.96439475,0.965822,0.956561,0.95457256,0.9490395,0.96326494,0.87895113,0.95099497,0.9322833,0.9519173,0.95671225,0.96762204,0.95076555,0.9564231,0.9555853,0.9468328,0.94343567,0.9609548,0.94658256,0.9649098,0.96406424,0.96399516,0.9607729,0.9726203,0.9236934,0.9552261,0.9625544,0.9621556,0.9433504,0.95487434,0.9627032,0.96136546,0.9543633,0.9667041,0.9476471,0.9802814,0.9612784,0.9374938,0.95927185,0.9551545,0.9610184,0.957627,0.9581553,0.957699,0.94192654,0.96294075,0.9704893,0.9532183,0.9361211,0.95062673,0.96272165,0.9490064,0.95999354,0.9505646,0.952992,0.9802814,0.9615739,0.9587199,0.9535109,0.9544879
avengers,0.96621674,0.93596864,0.9402055,0.93590015,0.9431976,0.95200706,0.9594277,0.94661015,0.9702399,0.922257,0.95114994,0.9488686,0.9509386,0.9501804,0.95530254,0.94963956,0.96671295,0.9509867,1.0,0.9365127,0.9595012,0.9449452,0.9528406,0.9595402,0.9558296,0.8546436,0.9263678,0.9645585,0.9354498,0.96351683,0.9733001,0.9507458,0.9498134,0.93774086,0.93611693,0.9069083,0.95878494,0.9462723,0.95936155,0.9327875,0.93513906,0.9562126,0.932335,0.9562894,0.9552676,0.9456012,0.95161754,0.94173443,0.94512796,0.9552522,0.9418643,0.9556129,0.95100015,0.93790406,0.9331336,0.92557555,0.93312854,0.95158607,0.9596729,0.94282365,0.94035614,0.95278484,0.94817424,0.9477397,0.93745434,0.9378487,0.9391524,0.9507288,0.94369984,0.9283072,0.9540282,0.7566029,0.92758036,0.95608443,0.94165975,0.9409081,0.89674515,0.9396065,0.94505435,0.9451556,0.9556188,0.94696486,0.9576575,0.9488786,0.9471416,0.940686,0.93999267,0.9497772,0.948316,0.96312565,0.94363445,0.9540282,0.93169576,0.9623837,0.9291695,0.95149726,0.93970287,0.94370496,0.93606234,0.9425317,0.9445767,0.95091003,0.91962653,0.9453443,0.9412282,0.93945396,0.9584091,0.94675887,0.943847,0.9298906,0.94570756,0.8460524,0.94079524,0.8978922,0.94443446,0.9507587,0.95400894,0.9442773,0.9451195,0.95738983,0.9387656,0.9363949,0.96221,0.9530096,0.9557857,0.95999634,0.9458539,0.9562665,0.95211405,0.9298564,0.9575567,0.940429,0.95143366,0.9468212,0.94281214,0.9591516,0.9498596,0.94189554,0.9546279,0.944816,0.9702399,0.939405,0.9320332,0.9489633,0.9414737,0.95584863,0.93128514,0.9387617,0.9475208,0.9440596,0.95485634,0.9549118,0.9542764,0.9398433,0.9423561,0.9505978,0.9569264,0.9468506,0.9498533,0.94224346,0.9702399,0.9478693,0.9501461,0.9586804,0.93933916
beachbummovie,0.93691075,0.92709315,0.9444809,0.9436292,0.94635963,0.940847,0.94399333,0.94468045,0.9626839,0.9136198,0.94066215,0.9364853,0.9425293,0.95121974,0.97220933,0.936123,0.93492895,0.9417093,0.9365127,1.0,0.94661915,0.9489056,0.9485641,0.93726355,0.9400786,0.85250765,0.9325508,0.9295837,0.9402967,0.94323504,0.929891,0.94847465,0.93464345,0.9409628,0.9353375,0.90845,0.9525083,0.94498456,0.93801993,0.9386503,0.92270863,0.9404491,0.91688854,0.92904884,0.94635415,0.9408388,0.9468299,0.93553394,0.93365103,0.93709344,0.93952906,0.95435303,0.9327977,0.9380526,0.9227112,0.9290336,0.9264346,0.94429857,0.9506631,0.9417932,0.92842686,0.9491349,0.9347352,0.9433035,0.94232917,0.9513297,0.9397754,0.9519781,0.9427819,0.93418247,0.95241886,0.73122567,0.911147,0.94957536,0.9451064,0.94437695,0.90368366,0.940234,0.93903804,0.94803077,0.9453872,0.9335129,0.9398684,0.9383574,0.9388573,0.93445224,0.9421486,0.9441487,0.9450624,0.9441621,0.94045675,0.95241886,0.92916673,0.936458,0.9317965,0.958621,0.9262602,0.9662086,0.9239437,0.9420866,0.9343051,0.9438538,0.926255,0.9523145,0.9285813,0.93675745,0.9570109,0.9280543,0.94012433,0.93537974,0.9478378,0.8703239,0.9462267,0.9027247,0.9416281,0.94754153,0.94708514,0.93724465,0.9413445,0.9472497,0.92770797,0.9332832,0.9522492,0.92230177,0.94308096,0.93842524,0.94036573,0.9353867,0.94601697,0.89877516,0.948226,0.9383993,0.9390691,0.9185909,0.94229084,0.9465502,0.9419485,0.9441648,0.9490995,0.9479359,0.9626839,0.93259466,0.922097,0.9332443,0.9197345,0.94616115,0.9250531,0.9440147,0.9357307,0.9274238,0.9437104,0.93417,0.94036937,0.9271786,0.9272796,0.9471036,0.9411569,0.9427712,0.9415733,0.9443917,0.9626839,0.95279324,0.9518894,0.9519398,0.93570167
bernadettefilm,0.96069396,0.94682896,0.95193535,0.9453792,0.9518039,0.95367134,0.95898414,0.95961386,0.97460854,0.93489426,0.9564863,0.9443276,0.9501602,0.9539573,0.95874286,0.9501623,0.9590074,0.95468456,0.9595012,0.94661915,0.9999999,0.9542669,0.9560602,0.94911283,0.9567121,0.8704094,0.9446631,0.95466787,0.9498059,0.9540359,0.94370276,0.9612448,0.94357777,0.9433626,0.9389053,0.9104521,0.9586958,0.9563667,0.96392083,0.9506583,0.9426129,0.9596322,0.9345843,0.9552439,0.95196563,0.9462043,0.95400786,0.94633675,0.94825494,0.95934546,0.95699453,0.9684573,0.95036906,0.96150374,0.93848777,0.933525,0.93918765,0.95818055,0.9584257,0.94404465,0.94865954,0.9459275,0.9538884,0.9510301,0.94713145,0.95527613,0.9499571,0.9567785,0.9532968,0.9413525,0.94985735,0.7900082,0.92954993,0.953996,0.94977593,0.9474316,0.9043111,0.94306093,0.94879246,0.95163727,0.9552642,0.9450197,0.9566121,0.9487112,0.9570291,0.945265,0.9492258,0.95796573,0.9497736,0.9572816,0.95862865,0.94985735,0.9463943,0.95730186,0.93802774,0.9551482,0.9519636,0.94933873,0.9470496,0.94794995,0.94553876,0.9436452,0.93471396,0.95200634,0.95192695,0.9562064,0.9706984,0.9492396,0.9477528,0.95502764,0.9573398,0.8570753,0.9527877,0.89851224,0.9630732,0.95178616,0.96297795,0.9498372,0.95590556,0.9512891,0.94370365,0.94707865,0.95832133,0.9524653,0.9599815,0.95567185,0.9544609,0.960311,0.95570064,0.924112,0.97578317,0.9393792,0.94740504,0.93654287,0.9550898,0.9536975,0.9604184,0.9511729,0.95200825,0.9453372,0.97460854,0.9544102,0.93444276,0.95269704,0.93528694,0.9569564,0.930707,0.94485646,0.95060503,0.9471987,0.9534927,0.9629917,0.95774966,0.9357266,0.9402052,0.9470733,0.9552375,0.9445511,0.9607178,0.9542089,0.97460854,0.9560265,0.95797217,0.95346034,0.9543726
