movie,21bridgesmovie,47metersdown,abeautifuldaymovie,abominablemovie,adastramovie,adogsjourneymovie,aftermathmovie,aftermovie,ahiddenlifefilm,alitamovie,angelhasfallen,angrybirdsmovie,annabellemovie,annamovie,apollo11movie,arcticdogsmovie,arcticmovie,artofracingmovie,avengers,beachbummovie,bernadettefilm,blackandbluemovie,blackchristmas,blindedbythelightmovie,bombshellmovie,booksmart,breakthroughmovie,brianbanksmovie,brightburnmovie,brittanyrunsmov,captainmarvelofficial,captivestatemovie,catsmovie,charliesangels,childsplaymovie,clarathefilm,coldpursuitmovie,countdown,currentwarmovie,darkwatersmovie,detectivepikachumovie,disneyaladdin,disneyfrozen,disneymaleficent,doctorsleepmovie,dolemiteismyname,dontletgomovie,doramovie,downtonabbey_official,dumbo,escaperoom,everybodyknowsmovie,fastandfuriousmovie,fightingwmyfam,fivefeetapartfilm,fordvferrari,freaksthefilm,geminimanmovie,glassmovie,gloriabellmovie,godzillamovie,goldfinchmovie,goodboysmovie,goodliarmovie,gretafilm,halathemovie,happydeathdaymovie,harrietfilm,hellboymovie,hersmellmovie,highlifemovie,highstrungmovie,honeyboymovie,hotelmumbaifilm,httydragon,hustlemovie,hustlersmovie,isntitromantic,itmovieofficial,jayandsilentbob,johnwickmovie,jojorabbitmovie,jokermovie,judythefilm,jumanjimovie,justmercyfilm,knivesout,lalloronamovie,lastblackmansf,lastchristmasthemovie,latenightmovie,lighthousemovie,lionking,littlethemovie,littlewomenmovie,littlewoodsfilm,longshotmovie,lordsofchaosmovie,lucyintheskyfilm,mamovie2019,marriagestory,meettheaddams,meninblack,midsommarmovie,midwaymovie,missbalamovie,missinglinkfilm,motherlessbklyn,onceinhollywood,onthebasisofsex,overcomermovie,peanutbutterfalcon,petsematarymovie,piercingmovie,playingwithfire,playmobilthemovie,pomsmovie,queenandslim,rambomovie,readyornotfilm,richardjewellfilm,rocketmanmovie,scarystoriesmovie,secretlifeofpets,serenityfilm,shaftmovie,shazammovie,spidermanmovie,spiesindisguise,starwars,stormboymovie,stubermovie,taosdfilm,teenspiritmov,terminator,theaeronautsmov,thebestofenemies,thedeaddontdie,thefarewell,thehighwaymen,thehummingbirdprojectfilm,theintrudermovie,theirishmanfilm,thekitchenmovie,thelegomovie,themustangfilm,thenightingalefilm,theprodigymovie,thesunisalsoastar,theupsidefilm,tolkienmovie,toystory,triplefrontier,uglydolls,uncutgems,underthesilverlake,usmovie,wavesmovie,whatmenwant,wonderparkmovie,wrinklestheclown,xmenmovies,yardiefilm,yesterdaymovie,zombieland
21bridgesmovie,1.0000001,0.95364726,0.9781673,0.96335006,0.9852248,0.9548629,0.96988267,0.983311,0.9911306,0.9850581,0.97662127,0.9710194,0.9903495,0.9791755,0.9850887,0.9854561,0.9818345,0.9809154,0.9920698,0.97192997,0.9839985,0.97444123,0.97998995,0.9866531,0.98211795,0.78176063,0.9842211,0.97707593,0.97857434,0.9778123,0.9721519,0.990482,0.9820324,0.9793161,0.9606215,0.9016491,0.9781473,0.986869,0.98623455,0.99156016,0.983401,0.97733176,0.9585456,0.97428775,0.98025644,0.98270565,0.9742955,0.9720711,0.96862173,0.97761333,0.9825832,0.9838309,0.9752005,0.987546,0.983794,0.97829986,0.98082536,0.9822006,0.9807534,0.9742476,0.97956157,0.98849106,0.9616164,0.99291337,0.98014534,0.9706752,0.96531886,0.9809663,0.9800483,0.9420104,0.9839888,0.52862036,0.95533806,0.9854743,0.9645477,0.97993505,0.9018553,0.9799583,0.98973405,0.9712495,0.9845634,0.96711624,0.9875671,0.9617162,0.97449976,0.97490317,0.9725165,0.9868302,0.97824466,0.9848253,0.98439527,0.9839888,0.9717489,0.9772718,0.98456216,0.97298056,0.966349,0.9783807,0.96509176,0.976421,0.9714054,0.9790909,0.9611501,0.9889013,0.9730618,0.9805051,0.986159,0.98561484,0.9768482,0.9732234,0.98861074,0.79241663,0.97698635,0.9212413,0.9808868,0.9885642,0.9974452,0.9779583,0.98752356,0.96656865,0.98342174,0.9786752,0.9863075,0.93730915,0.97687113,0.97037256,0.9739085,0.9723121,0.9798404,0.9271152,0.9775576,0.96632254,0.98431087,0.94760835,0.9796146,0.97859067,0.98772055,0.98896426,0.9786675,0.97378737,0.9911306,0.9920905,0.9694613,0.982257,0.9849031,0.9845125,0.9680109,0.9887499,0.98600715,0.9847629,0.96623427,0.9788122,0.9790564,0.978205,0.9712578,0.97538704,0.97038335,0.9752354,0.98131734,0.9803148,0.9911306,0.98156005,0.98912513,0.9768208,0.97684205
47metersdown,0.95364726,0.9999998,0.97159886,0.9558565,0.9561617,0.934662,0.94898146,0.9604284,0.96438915,0.949958,0.9380805,0.9755014,0.96704984,0.9594007,0.95770174,0.9584165,0.95384556,0.93631333,0.9491205,0.9677703,0.94907045,0.95155334,0.96661747,0.9751232,0.95094717,0.7580235,0.95920634,0.94563913,0.95442015,0.95325094,0.93831086,0.9510217,0.93769,0.95056194,0.93530875,0.8772741,0.9598147,0.97770935,0.9713294,0.94545436,0.9443466,0.9600006,0.9383904,0.935999,0.9668,0.9364614,0.9643952,0.9572161,0.94566554,0.95074713,0.9624246,0.9481113,0.95928204,0.95984936,0.9640954,0.94383264,0.9575941,0.96690804,0.9559356,0.9537382,0.95211196,0.95160055,0.948622,0.94936776,0.95078313,0.9481456,0.9578269,0.95423126,0.9631795,0.9310951,0.9609918,0.4739556,0.9431879,0.9549091,0.9361569,0.9366225,0.8683493,0.9511096,0.94783115,0.95798653,0.959566,0.96024454,0.9508527,0.9279625,0.9702395,0.9551424,0.9417252,0.95380914,0.9505998,0.9623229,0.9722979,0.9609918,0.95233077,0.95331717,0.96527123,0.9414526,0.94671154,0.967984,0.9402118,0.97605383,0.9460681,0.9468113,0.93628126,0.9608963,0.9774976,0.9512333,0.9643169,0.9473916,0.9434027,0.94488716,0.9624761,0.75020534,0.97841686,0.8675461,0.9578397,0.95034426,0.9595339,0.9482323,0.96135813,0.93952644,0.9346201,0.9750003,0.967268,0.9159972,0.95219237,0.9497414,0.94864005,0.9650575,0.9535978,0.88628215,0.9522632,0.92991203,0.9634971,0.9262819,0.96904135,0.95522994,0.9755072,0.96294343,0.96748257,0.9431874,0.96438915,0.95885307,0.94342655,0.9354506,0.9544982,0.9544729,0.95456547,0.9541219,0.946465,0.95898134,0.95574576,0.9683316,0.95646137,0.9395402,0.94149333,0.9480489,0.971267,0.95585215,0.9584714,0.9640613,0.96438915,0.9475459,0.95100427,0.963748,0.9633069
abeautifuldaymovie,0.9781673,0.97159886,1.0000001,0.9720315,0.9796718,0.9483768,0.9683074,0.98857975,0.9867648,0.9781085,0.9722193,0.9771689,0.9731346,0.97781324,0.987818,0.9767555,0.98518604,0.9748472,0.98001957,0.97669685,0.97824115,0.9838403,0.97918284,0.98573065,0.9726462,0.8014599,0.97600424,0.9774386,0.9905877,0.977335,0.97913355,0.9818932,0.967132,0.9780542,0.9492647,0.895021,0.976707,0.9779487,0.9857245,0.9772998,0.9695092,0.98238385,0.9468481,0.9738116,0.9876907,0.9554951,0.9787678,0.9766266,0.96433073,0.9797847,0.9912202,0.9789031,0.9696334,0.98771083,0.9641828,0.97781944,0.96443015,0.9795073,0.9807908,0.9786457,0.9682372,0.9736136,0.97748506,0.970165,0.96894735,0.95853055,0.9768882,0.9830013,0.9833882,0.9281247,0.98429567,0.5360459,0.9663879,0.97894704,0.96095115,0.9665061,0.8490136,0.967477,0.9707017,0.9674319,0.9712808,0.9627992,0.9755137,0.9588136,0.9805139,0.970141,0.9596641,0.9787103,0.9683937,0.9881694,0.98553234,0.98429567,0.9729105,0.9722222,0.9860993,0.97629845,0.96893376,0.96732557,0.9710089,0.9832108,0.9460071,0.9728899,0.972785,0.9837543,0.98327255,0.98686665,0.9844479,0.9651892,0.9628564,0.9819623,0.9789415,0.7171108,0.98642826,0.88226926,0.9758848,0.9815179,0.9829308,0.9642952,0.97762424,0.96272224,0.9675068,0.98504317,0.984741,0.92206067,0.9762383,0.9757761,0.9739302,0.9848964,0.9749416,0.928069,0.97795236,0.9758415,0.98700225,0.9483517,0.97303754,0.9850608,0.98570085,0.98006886,0.9834755,0.95253026,0.9867648,0.9879013,0.9395706,0.9578441,0.9664565,0.97720695,0.96766675,0.97649705,0.9709284,0.9621287,0.96902055,0.9840448,0.9634689,0.95619327,0.95531994,0.97470874,0.9784482,0.98460525,0.9794971,0.9833878,0.9867648,0.97675705,0.97865117,0.9811364,0.98452604
abominablemovie,0.96335006,0.9558565,0.9720315,1.0,0.9652358,0.9275582,0.9444797,0.96011937,0.9709845,0.98176074,0.9555031,0.95245516,0.9703911,0.9713518,0.97548014,0.9660445,0.9669718,0.9599821,0.9645005,0.9741013,0.9540741,0.97933424,0.9620965,0.9688406,0.95802283,0.84076744,0.96293336,0.95571214,0.9709618,0.9540859,0.9530549,0.9648333,0.9427032,0.96230555,0.94230855,0.8973333,0.9816769,0.9704697,0.97349375,0.96385235,0.9404569,0.96175575,0.9348463,0.94358087,0.9709477,0.9486957,0.9578597,0.95905346,0.95131433,0.95858425,0.9716767,0.95812714,0.9562747,0.9797754,0.952377,0.9712157,0.9440105,0.9655066,0.97127205,0.9648264,0.94486845,0.9652312,0.94784445,0.961166,0.94624674,0.95538133,0.9528393,0.959716,0.9697063,0.9156274,0.9666321,0.5433576,0.9428772,0.9510508,0.9667689,0.9624499,0.8672839,0.94600666,0.94681287,0.94171447,0.9677418,0.939207,0.95492756,0.9422374,0.97688216,0.9536081,0.94525474,0.963331,0.9629767,0.9750332,0.97383624,0.9666321,0.95723915,0.94805795,0.9782262,0.97053564,0.9295407,0.9503877,0.93738866,0.9680981,0.9579328,0.94258356,0.9604521,0.96322656,0.9770742,0.9724124,0.96729445,0.96601623,0.96284395,0.96108526,0.9596491,0.7561336,0.97401816,0.88471895,0.96441776,0.9587797,0.9623747,0.96966094,0.9807608,0.9378641,0.9443803,0.96825963,0.96045464,0.8886828,0.96090287,0.95594317,0.95282567,0.9640429,0.9822774,0.9079173,0.9540781,0.96100485,0.96784836,0.93018085,0.9707051,0.96413565,0.95749253,0.9656794,0.96351516,0.93944055,0.9709845,0.97384,0.9347446,0.9570815,0.94000125,0.95950955,0.96199596,0.96738726,0.9552573,0.9519732,0.94781375,0.95823145,0.9417009,0.9511819,0.9450265,0.957583,0.95357007,0.9649459,0.9604079,0.9639443,0.9709845,0.95788586,0.9594343,0.96497905,0.9613121
adastramovie,0.9852248,0.9561617,0.9796718,0.9652358,0.99999994,0.9441951,0.96569204,0.9874297,0.9909999,0.978827,0.9743813,0.96998835,0.98246175,0.97413427,0.97910565,0.98437387,0.9840817,0.9887875,0.9866215,0.96798486,0.9826229,0.982038,0.9812521,0.97925097,0.9681925,0.8398518,0.9698979,0.9787521,0.9834577,0.9781726,0.97859424,0.9848814,0.95995855,0.97897774,0.9586945,0.9051399,0.9772208,0.98298895,0.988815,0.9881367,0.97830313,0.9875333,0.9637133,0.9782113,0.98590225,0.9825141,0.9799188,0.9759903,0.968152,0.9847302,0.98991966,0.97803646,0.9844583,0.9845371,0.97990626,0.98628944,0.97555137,0.9731234,0.9838209,0.9794121,0.9790319,0.9777042,0.9734779,0.985141,0.9684481,0.9819522,0.97821146,0.9840518,0.9854346,0.93856287,0.984209,0.5581082,0.9533145,0.98064303,0.9592609,0.98024464,0.86675614,0.95847726,0.9751615,0.96568125,0.98803693,0.9624222,0.9864537,0.95223624,0.9824197,0.97192526,0.96779853,0.97907376,0.9771665,0.9838553,0.9879727,0.984209,0.97642535,0.9808917,0.9778943,0.9763374,0.96667784,0.96997356,0.96199596,0.97944987,0.9705227,0.9764783,0.9789652,0.9826656,0.97987545,0.9863241,0.98320276,0.98693764,0.97342837,0.9732046,0.9836563,0.7907751,0.9753449,0.9075509,0.977225,0.97876424,0.9873011,0.9729605,0.97942543,0.96166146,0.98490965,0.97440517,0.9865525,0.92502886,0.9904083,0.9766107,0.95966226,0.9839502,0.9787989,0.93127847,0.9718923,0.97577685,0.98534846,0.9507151,0.9732395,0.98781,0.9807217,0.9890578,0.979595,0.9773108,0.9909999,0.9890922,0.9655281,0.9793003,0.97881347,0.98571444,0.9835638,0.984664,0.9882438,0.98249406,0.9709399,0.9783471,0.9726039,0.9657154,0.95799863,0.9817127,0.9736955,0.97482806,0.9743742,0.9767762,0.9909999,0.982271,0.98330516,0.9787464,0.9854033
adogsjourneymovie,0.9548629,0.934662,0.9483768,0.9275582,0.9441951,0.9999999,0.9465848,0.9473559,0.96846396,0.95509154,0.9748065,0.9467453,0.9551179,0.95956314,0.94646615,0.94680345,0.9537877,0.9459485,0.94017345,0.9369827,0.94626725,0.93062925,0.9781507,0.96277076,0.92965394,0.7084675,0.9592561,0.9628086,0.94476897,0.94981796,0.95015883,0.95520264,0.9653763,0.93761396,0.97053534,0.926132,0.9585577,0.9539944,0.95686346,0.9294027,0.9627093,0.9623573,0.94172186,0.9649095,0.941726,0.94111925,0.97504413,0.93030053,0.96381086,0.9600391,0.9482781,0.9653433,0.95099765,0.9433085,0.92644674,0.9326474,0.96437997,0.9486268,0.9685936,0.92903167,0.9471908,0.9687692,0.92813253,0.9611935,0.94725275,0.9556014,0.9352423,0.9625492,0.94320375,0.96355134,0.9492873,0.5046117,0.943636,0.9663746,0.9732474,0.949451,0.88002306,0.9649916,0.9626575,0.9516258,0.9476246,0.9590834,0.95335644,0.9575762,0.93719727,0.9528529,0.9466049,0.96710277,0.93674076,0.96276176,0.9586631,0.9492873,0.95329005,0.96123075,0.9489532,0.95161605,0.9631762,0.9516379,0.9471791,0.966908,0.95241565,0.92787,0.9424377,0.9508124,0.95960814,0.940049,0.95963544,0.9612059,0.9269607,0.95949614,0.96023786,0.71639955,0.9327052,0.946716,0.9373773,0.979749,0.96135575,0.95727473,0.9592956,0.92616254,0.9471983,0.9652341,0.96472794,0.984485,0.9336148,0.96281296,0.977298,0.93594366,0.91898674,0.92275065,0.96066344,0.9203809,0.9645651,0.9566199,0.94267416,0.94683444,0.9609574,0.93930906,0.94264907,0.95401114,0.96846396,0.9536134,0.96956253,0.95250565,0.93844223,0.9559724,0.9390252,0.964948,0.96696186,0.9413826,0.95028514,0.95696896,0.9607914,0.9548113,0.9578155,0.9360756,0.97505677,0.9472595,0.9495312,0.9518088,0.96846396,0.95007217,0.96597093,0.97498274,0.95160085
aftermathmovie,0.96988267,0.94898146,0.9683074,0.9444797,0.96569204,0.9465848,1.0,0.9731124,0.98135424,0.96981734,0.9635281,0.96225715,0.9777913,0.9616548,0.96833074,0.98268473,0.9871586,0.9658142,0.9756064,0.9804308,0.98941696,0.96020913,0.9726498,0.9837138,0.9671878,0.75666785,0.9665219,0.97017896,0.96706027,0.9717532,0.97765464,0.9782137,0.9744972,0.9626005,0.93331575,0.8720645,0.95866734,0.96331143,0.9721471,0.9659025,0.98344195,0.9772888,0.95602584,0.97230166,0.98233896,0.96125185,0.96881574,0.97877896,0.9550823,0.97318125,0.9774189,0.9826791,0.9841084,0.96897936,0.94917667,0.9543125,0.9751279,0.9798302,0.96969914,0.970877,0.9864168,0.9668681,0.9808077,0.96610695,0.9785116,0.96038616,0.96361977,0.9807093,0.97855407,0.9107911,0.97729963,0.5526232,0.94423586,0.9775653,0.94226724,0.95164454,0.8472711,0.9656327,0.9729724,0.98141485,0.96098256,0.9888459,0.98065877,0.9539349,0.9631736,0.9905942,0.96990395,0.9794724,0.97865975,0.9784209,0.96693003,0.97729963,0.9618549,0.97286296,0.9779019,0.9553187,0.98040265,0.96664196,0.99268794,0.97011566,0.9415126,0.9670797,0.96154124,0.9724383,0.9701673,0.96896386,0.9843675,0.96077174,0.9518678,0.969587,0.9750264,0.7215294,0.9632057,0.88286537,0.9711109,0.9691402,0.97100556,0.9633597,0.9748496,0.994865,0.964524,0.96902305,0.97533643,0.91391456,0.9676167,0.97458756,0.960352,0.97166467,0.94832337,0.9296964,0.9846359,0.94721997,0.979834,0.9594876,0.9739659,0.9817278,0.9652337,0.9770043,0.9703809,0.9571288,0.98135424,0.96987176,0.93855745,0.94265896,0.9612514,0.9779963,0.97635573,0.9647853,0.96523917,0.9476855,0.98995227,0.9674885,0.9749951,0.94745207,0.95248795,0.98001534,0.97211796,0.9797286,0.9724128,0.97406596,0.98135424,0.97141993,0.97428024,0.9653325,0.97274065
aftermovie,0.983311,0.9604284,0.98857975,0.96011937,0.9874297,0.9473559,0.9731124,0.99999994,0.9910353,0.9760612,0.9747853,0.96868503,0.97747654,0.9702824,0.9888704,0.9838881,0.9849813,0.9844055,0.98757255,0.9766586,0.9821689,0.98416,0.9793459,0.9847071,0.969245,0.8199272,0.9792839,0.9805445,0.98318493,0.9855128,0.98484546,0.98585415,0.9700354,0.9725557,0.9594253,0.9092966,0.9753183,0.974033,0.9875041,0.9825343,0.9806103,0.9830675,0.951776,0.9744413,0.9838071,0.97095346,0.9774268,0.9855235,0.9708503,0.9785223,0.9893724,0.9800882,0.97713906,0.98638797,0.96944565,0.9818602,0.97307247,0.98432904,0.98470587,0.9795651,0.9741592,0.97648853,0.9782047,0.97948575,0.9748941,0.9700194,0.97829884,0.9844268,0.984918,0.93427026,0.9856289,0.5687534,0.9709727,0.9873655,0.9618936,0.9584179,0.84866923,0.96323097,0.9783731,0.97218686,0.9733361,0.96418023,0.9887036,0.96349394,0.97720796,0.97142285,0.9606422,0.985738,0.97742397,0.98930234,0.98773503,0.9856289,0.9699775,0.98573697,0.97909206,0.9728658,0.9678151,0.9671777,0.9750644,0.9788778,0.95436037,0.9817168,0.97966623,0.982859,0.9803423,0.98543495,0.9848273,0.979478,0.97642875,0.97984695,0.9877665,0.76942134,0.9801613,0.8974531,0.97514856,0.9797224,0.9875141,0.96804285,0.9814261,0.9729181,0.97814935,0.97705865,0.98600703,0.9236373,0.9795198,0.9836802,0.97504175,0.98954374,0.9775064,0.93987393,0.9818907,0.9844951,0.9850123,0.94739383,0.9749993,0.9917094,0.98283744,0.98450965,0.9863766,0.96704775,0.9910353,0.99031997,0.94872713,0.9737985,0.9745427,0.98381907,0.9806973,0.98239815,0.98672974,0.9761966,0.9715473,0.97638696,0.9689875,0.9687093,0.9542927,0.98295736,0.9735486,0.9794934,0.98533016,0.9770665,0.9910353,0.98812765,0.98033315,0.97718763,0.9870064
ahiddenlifefilm,0.9911306,0.96438915,0.9867648,0.9709845,0.9909999,0.96846396,0.98135424,0.9910353,0.99999994,0.9898343,0.98904234,0.97954494,0.99193823,0.9882852,0.98746747,0.990203,0.9940864,0.98988396,0.99140775,0.9812543,0.98984843,0.98486155,0.9935531,0.9924149,0.9815709,0.8038554,0.98184097,0.99154764,0.9860715,0.9885673,0.98935443,0.9928356,0.9813919,0.98098063,0.97232395,0.92595124,0.9866548,0.9875768,0.99444926,0.9873837,0.9897034,0.99189305,0.9694936,0.98851436,0.98981136,0.98406243,0.99224466,0.9845564,0.98358715,0.98895574,0.9928477,0.99353945,0.98822135,0.9885988,0.97717476,0.9858006,0.98697263,0.9866546,0.99454486,0.98193264,0.9881418,0.9889106,0.9756258,0.9919029,0.9844252,0.98332083,0.98062736,0.99300814,0.9889337,0.9554086,0.99138874,0.54790866,0.9735352,0.99456817,0.9792965,0.9804303,0.88922,0.980913,0.9870207,0.9809837,0.98365307,0.9783642,0.99205375,0.9758793,0.98352534,0.9884469,0.9798976,0.99371415,0.9866083,0.99680173,0.9939229,0.99138874,0.984137,0.989507,0.9883767,0.9833379,0.9832411,0.9841242,0.97953534,0.98949695,0.9754657,0.9816801,0.98221636,0.9887055,0.98834085,0.98869777,0.9946231,0.99038595,0.9771494,0.98913723,0.99124753,0.7767115,0.98189515,0.92844856,0.9815346,0.99111104,0.9935446,0.9875552,0.9900151,0.9758853,0.98791397,0.9883661,0.9953436,0.94764376,0.9874088,0.9891842,0.9822778,0.9845133,0.97892785,0.9495891,0.988783,0.9783064,0.9961237,0.97288173,0.98194057,0.9910938,0.98698467,0.99197507,0.9869227,0.9797405,0.99999994,0.9925543,0.973057,0.9845973,0.9798842,0.9924962,0.9842768,0.99048424,0.99213094,0.9810068,0.9819838,0.98490083,0.9827699,0.97707057,0.97811157,0.9845235,0.98828804,0.98802686,0.9851683,0.98467594,0.99999994,0.9872458,0.992621,0.99202424,0.99066675
alitamovie,0.9850581,0.949958,0.9781085,0.98176074,0.978827,0.95509154,0.96981734,0.9760612,0.9898343,0.99999994,0.9776253,0.96659887,0.98676807,0.98483527,0.9801063,0.9820126,0.98755264,0.9835035,0.98470443,0.9763858,0.97745633,0.983129,0.98198146,0.98059374,0.9796865,0.8030633,0.97454363,0.97816175,0.9781396,0.9766057,0.9767549,0.9916049,0.97311425,0.9685598,0.9644881,0.9258819,0.9831206,0.97945076,0.9864242,0.98394513,0.9710256,0.9791964,0.96863663,0.97500414,0.98372126,0.9705972,0.97891957,0.9799285,0.98090214,0.98106897,0.98368573,0.98812664,0.97502184,0.98724335,0.9621765,0.9854161,0.96578777,0.9777026,0.99019915,0.9769388,0.97097456,0.9893798,0.9631253,0.98302835,0.9791297,0.97438246,0.97224516,0.98334,0.9762808,0.9372528,0.9828726,0.5571974,0.96327394,0.97919804,0.9747817,0.9780133,0.8880048,0.97754186,0.9756791,0.9717969,0.970435,0.96535915,0.9798813,0.9662822,0.9815566,0.98049384,0.9724672,0.9868333,0.9852935,0.987368,0.98431754,0.9828726,0.97674423,0.97508216,0.98528206,0.9799916,0.9637342,0.97476393,0.96211016,0.97823024,0.96825427,0.9723112,0.97443473,0.9796711,0.9838564,0.9817849,0.9878952,0.9823539,0.9714688,0.9816382,0.97782433,0.76999277,0.9758983,0.92979604,0.96862435,0.98212385,0.9851774,0.9843685,0.9871731,0.96627885,0.97140276,0.98112804,0.978299,0.9223627,0.9702259,0.9834275,0.97348076,0.97081476,0.9838952,0.9433193,0.98254484,0.97031635,0.9888396,0.9634964,0.9784669,0.9805495,0.97151273,0.98356014,0.97899294,0.966904,0.9898343,0.98604566,0.9592551,0.9764316,0.96126616,0.9826314,0.9751173,0.9879168,0.9765974,0.96872354,0.97228223,0.9767827,0.9735476,0.96400404,0.97491753,0.9707061,0.97046816,0.9805336,0.9709987,0.9712163,0.9898343,0.9796168,0.9808268,0.9832918,0.9769401
angelhasfallen,0.97662127,0.9380805,0.9722193,0.9555031,0.9743813,0.9748065,0.9635281,0.9747853,0.98904234,0.9776253,1.0000001,0.97036535,0.97573453,0.974182,0.97303593,0.9672566,0.9796554,0.97899,0.97435015,0.95997953,0.9773052,0.9698315,0.9847007,0.9771117,0.96970123,0.79147077,0.96916604,0.9936646,0.97887737,0.98029184,0.98279333,0.98155725,0.9722059,0.96478415,0.9756585,0.93236667,0.98116267,0.972121,0.9786943,0.96945065,0.9778148,0.9810654,0.959846,0.9890654,0.9667152,0.97231615,0.9859376,0.9658173,0.9756535,0.9816578,0.9777024,0.9858907,0.969937,0.9696266,0.951882,0.96928316,0.9705258,0.97184086,0.9874284,0.9567652,0.9742104,0.9742812,0.95233023,0.97722477,0.9649886,0.98021144,0.9607403,0.98346984,0.97181946,0.95800525,0.97345394,0.5621499,0.96831626,0.9891123,0.9855512,0.97505486,0.8923705,0.9737992,0.9732352,0.9640764,0.9730343,0.96177447,0.97438985,0.9800631,0.9625892,0.97668266,0.97676504,0.9867788,0.97033244,0.98593724,0.9756109,0.97345394,0.979975,0.9790197,0.974037,0.9837413,0.98165035,0.97010005,0.9715483,0.97779554,0.96565974,0.96046114,0.9798829,0.9699478,0.9693551,0.9750594,0.9849838,0.9772405,0.95471776,0.9895909,0.9782106,0.74351174,0.9597667,0.93133295,0.971202,0.9911365,0.9830228,0.98199046,0.9734001,0.95249623,0.97593397,0.9749826,0.98858064,0.95428246,0.9727171,0.97918326,0.9765299,0.96132934,0.9557532,0.9599118,0.9798633,0.96716565,0.9861072,0.9687077,0.96333677,0.9747176,0.9702234,0.96996194,0.9692119,0.9624895,0.98904234,0.9775115,0.9670953,0.97679824,0.95765454,0.97777635,0.9675069,0.98434293,0.981177,0.9613108,0.9672301,0.9702991,0.96830755,0.9691839,0.96700436,0.9631617,0.9815526,0.9775346,0.9745691,0.97556835,0.98904234,0.9758207,0.9805222,0.98952955,0.97543675
angrybirdsmovie,0.9710194,0.9755014,0.9771689,0.95245516,0.96998835,0.9467453,0.96225715,0.96868503,0.97954494,0.96659887,0.97036535,1.0000001,0.97577405,0.96767104,0.9613081,0.9617193,0.96666515,0.96098924,0.96641004,0.9645592,0.9717207,0.96363926,0.97549945,0.9809969,0.9681403,0.75177646,0.9561404,0.97458285,0.9764076,0.9791491,0.96373695,0.9726985,0.95772237,0.9664759,0.9526304,0.89849293,0.97205615,0.98321587,0.97593397,0.97054505,0.9647552,0.9772419,0.9572328,0.96713144,0.9758585,0.96703714,0.9762066,0.9672952,0.9591204,0.9726179,0.97575474,0.9717102,0.96637034,0.9628007,0.97414565,0.9564222,0.96349204,0.98088574,0.9690953,0.9598401,0.97074425,0.95958376,0.9504796,0.96651757,0.96026903,0.97314614,0.9780051,0.97806776,0.9685012,0.9498665,0.969128,0.45588762,0.9599258,0.9741747,0.95163673,0.9594147,0.89296037,0.9719507,0.9564904,0.97675264,0.9726115,0.97270685,0.96039176,0.95770943,0.97766817,0.9755551,0.9673991,0.9670582,0.96591395,0.9726967,0.9781557,0.969128,0.9795286,0.9761435,0.9744498,0.9581162,0.9707061,0.98727906,0.95969385,0.983134,0.9647328,0.9520155,0.9638177,0.96908325,0.97833955,0.9657728,0.97849005,0.95769274,0.94029444,0.9664023,0.9733675,0.7305383,0.9859415,0.88432014,0.97556955,0.9716291,0.9769457,0.97059166,0.9613294,0.951018,0.9596007,0.98639613,0.98558927,0.9308172,0.9686938,0.9640651,0.9570015,0.96630454,0.95700216,0.9313204,0.97108126,0.9438054,0.9853492,0.94889814,0.98076147,0.96700305,0.98087806,0.9746281,0.9766042,0.9658887,0.97954494,0.9705737,0.96031445,0.95591336,0.97179925,0.9646567,0.96059114,0.9772592,0.95944077,0.9697395,0.96741873,0.98056805,0.97395176,0.9514443,0.96160376,0.95362693,0.98105913,0.975773,0.97905874,0.98401046,0.97954494,0.9648418,0.9716279,0.9752354,0.97968674
annabellemovie,0.9903495,0.96704984,0.9731346,0.9703911,0.98246175,0.9551179,0.9777913,0.97747654,0.99193823,0.98676807,0.97573453,0.97577405,1.0000001,0.98528135,0.9788246,0.9881323,0.98571074,0.9815252,0.9846656,0.9810491,0.98320735,0.97266823,0.9839728,0.99017644,0.9847715,0.7969682,0.9824448,0.9774699,0.9719168,0.9804494,0.97294956,0.9893482,0.9744628,0.97296363,0.9626325,0.91626674,0.98452115,0.98773605,0.98858994,0.98685014,0.9796055,0.97930986,0.9654764,0.97344965,0.9846352,0.9850767,0.9787053,0.98066676,0.9731438,0.9774745,0.98314184,0.98783386,0.98526096,0.9837526,0.9791562,0.97460693,0.985617,0.9852851,0.9839533,0.9782202,0.9869406,0.9841841,0.96199095,0.99051344,0.9847125,0.98008615,0.97031504,0.9847586,0.98041606,0.94397575,0.9868261,0.53544,0.9534075,0.98712456,0.96650964,0.9794136,0.9108299,0.97820574,0.98592234,0.9831101,0.97960347,0.9769102,0.9866315,0.9638881,0.978286,0.9864139,0.9745287,0.991181,0.9902483,0.9864721,0.98404616,0.9868261,0.97784436,0.9740998,0.9894183,0.97759897,0.97062624,0.9823134,0.9658784,0.98243594,0.9789552,0.9754968,0.9676058,0.9865802,0.98106295,0.97941524,0.9879509,0.9864186,0.9750806,0.97685504,0.9864781,0.80615044,0.9781338,0.9285587,0.9844669,0.9816295,0.9900012,0.9812049,0.988085,0.976224,0.9795713,0.9822352,0.98611313,0.93396974,0.98083925,0.9759885,0.974143,0.97586,0.97822183,0.9297289,0.9788821,0.9571116,0.9889839,0.960124,0.9841079,0.9795762,0.98049027,0.9931706,0.98054934,0.97924656,0.99193823,0.9842318,0.97582215,0.98045313,0.9747724,0.99066293,0.9787808,0.98383695,0.9811076,0.98298204,0.9767459,0.9768491,0.98612195,0.9730412,0.9782735,0.981446,0.98001975,0.98123574,0.97735137,0.97903377,0.99193823,0.9779571,0.9816864,0.98142505,0.98103446
annamovie,0.9791755,0.9594007,0.97781324,0.9713518,0.97413427,0.95956314,0.9616548,0.9702824,0.9882852,0.98483527,0.974182,0.96767104,0.98528135,1.0,0.9764341,0.9816884,0.98516846,0.9774473,0.9756907,0.9709068,0.9701484,0.9779425,0.9854325,0.98584205,0.97823656,0.7875371,0.9707121,0.9756316,0.9742937,0.9713809,0.9746947,0.9779731,0.9719718,0.97503793,0.96260333,0.92571723,0.98078984,0.97922647,0.98180246,0.97574973,0.97215873,0.9769301,0.9558236,0.9757932,0.97868013,0.9692553,0.9838485,0.9696814,0.97736794,0.9757669,0.98272836,0.98594713,0.9742904,0.98262614,0.96872544,0.97814244,0.9799202,0.97008324,0.9854502,0.97181773,0.9762368,0.9819996,0.95189816,0.9866658,0.9758736,0.9650947,0.9668036,0.9832511,0.97157043,0.9532367,0.98178947,0.5009587,0.9637203,0.981155,0.97646075,0.97846717,0.91004384,0.9792057,0.9754728,0.96915334,0.96468663,0.9605681,0.97781193,0.9679302,0.9732642,0.975357,0.9670809,0.9811967,0.977953,0.9882165,0.9865609,0.98178947,0.97720224,0.96629584,0.9833195,0.97943765,0.9649281,0.97604764,0.9530359,0.9808743,0.9706884,0.96797293,0.9642482,0.9800749,0.98337716,0.98124987,0.98263294,0.9804228,0.96992666,0.97957194,0.9738544,0.784276,0.9717208,0.935878,0.96515006,0.9791294,0.97956806,0.9786996,0.9820373,0.95700663,0.97701454,0.98357993,0.9820039,0.9396296,0.973605,0.9758172,0.9787423,0.9673199,0.973974,0.93428123,0.9710404,0.9631598,0.9867678,0.9741671,0.9671904,0.97182655,0.9735426,0.98320067,0.9720909,0.9695806,0.9882852,0.9831097,0.96499157,0.9792976,0.9648302,0.9828382,0.96327955,0.9730556,0.9762332,0.9679438,0.95782006,0.97626597,0.9682717,0.9656252,0.9856225,0.9716022,0.9812201,0.9792765,0.9635338,0.9699365,0.9882852,0.9632356,0.9860552,0.98810184,0.98153824
apollo11movie,0.9850887,0.95770174,0.987818,0.97548014,0.97910565,0.94646615,0.96833074,0.9888704,0.98746747,0.9801063,0.97303593,0.9613081,0.9788246,0.9764341,1.0000001,0.9877309,0.9835606,0.9751759,0.9870655,0.98706704,0.9794342,0.98574007,0.97371656,0.9871794,0.9749533,0.8104343,0.9843162,0.973072,0.98655814,0.9694766,0.9759011,0.9816039,0.974789,0.98450536,0.95253426,0.89275706,0.9804854,0.9720736,0.98205,0.98093283,0.97393984,0.97000057,0.9330262,0.96268284,0.9803246,0.96702546,0.9703832,0.9729166,0.96388537,0.96485114,0.9904865,0.9761485,0.9735763,0.99162024,0.9705328,0.97436696,0.9744583,0.97888064,0.9795585,0.9690902,0.9714049,0.9773413,0.9758453,0.98148763,0.96835434,0.95941454,0.96447146,0.98066574,0.98282266,0.92786235,0.97929287,0.59587145,0.95469046,0.97789675,0.9664645,0.9642459,0.8723291,0.96944964,0.97818726,0.9624258,0.97598755,0.95625144,0.98233074,0.95516485,0.9781638,0.9692999,0.95689595,0.98538876,0.9728275,0.99023855,0.980952,0.97929287,0.9593018,0.9720585,0.99028546,0.9783534,0.95988363,0.96326727,0.96846473,0.969722,0.9596659,0.97875696,0.9676877,0.97986645,0.9769176,0.9901533,0.9863752,0.98196185,0.98397785,0.97802776,0.98648816,0.76140076,0.97704273,0.888619,0.9791661,0.984197,0.98449063,0.9729649,0.9860358,0.964213,0.97260433,0.9739649,0.98433346,0.92269254,0.9716954,0.96934396,0.9745527,0.9837298,0.978164,0.9201546,0.96935743,0.9808562,0.98056394,0.94702435,0.9736579,0.9805439,0.97633684,0.98201835,0.97496593,0.95144796,0.98746747,0.9925274,0.94923013,0.9723938,0.9721434,0.9752262,0.96425724,0.97641623,0.9835512,0.9670633,0.9611652,0.9653705,0.9627731,0.973452,0.9550496,0.9793075,0.9684088,0.97589177,0.982486,0.978646,0.98746747,0.98541445,0.9796927,0.973205,0.98113036
arcticdogsmovie,0.9854561,0.9584165,0.9767555,0.9660445,0.98437387,0.94680345,0.98268473,0.9838881,0.990203,0.9820126,0.9672566,0.9617193,0.9881323,0.9816884,0.9877309,0.9999998,0.9900521,0.97962123,0.9870743,0.98677695,0.9843201,0.97728586,0.9818463,0.9906571,0.9747242,0.79197913,0.9812644,0.9688058,0.9757406,0.9677746,0.976371,0.9810409,0.9803131,0.98292255,0.9491995,0.8847087,0.9709572,0.97783506,0.9829052,0.9806234,0.98254615,0.978441,0.9552612,0.9697823,0.98568076,0.97400415,0.9769503,0.9812347,0.96398205,0.9740763,0.9879823,0.98161346,0.9935666,0.98907864,0.9773987,0.9724383,0.9858841,0.9773829,0.97960526,0.97933495,0.98484564,0.98002106,0.9776835,0.98707175,0.97870106,0.967156,0.9734092,0.9845729,0.9866229,0.9259734,0.9866381,0.57678896,0.94588363,0.98064125,0.955225,0.9686321,0.87594545,0.9705831,0.9804334,0.97325927,0.9769107,0.97085696,0.9939543,0.9497365,0.97555214,0.9812627,0.9650617,0.9845793,0.9855446,0.9878962,0.9810954,0.9866381,0.9658319,0.97557235,0.9862865,0.9674575,0.9672241,0.97257954,0.9708076,0.97519344,0.9628577,0.98125386,0.9629815,0.9859692,0.9816007,0.9839027,0.9899753,0.9880111,0.9837802,0.9703159,0.99001956,0.7924398,0.96971637,0.9059809,0.975682,0.97824544,0.9821934,0.9724725,0.9860415,0.980849,0.983245,0.97264624,0.98379,0.92433316,0.978659,0.9761467,0.9684584,0.9810035,0.9776041,0.914298,0.97183096,0.96905017,0.9820589,0.9579862,0.9744051,0.98352075,0.97631377,0.9904867,0.97764313,0.9703817,0.990203,0.98840195,0.95938545,0.97275233,0.9806336,0.98328805,0.9785489,0.9741194,0.9871463,0.97005695,0.9742065,0.9697902,0.97418666,0.96910423,0.9705844,0.9901131,0.97278225,0.97895694,0.9717483,0.97157365,0.990203,0.9776229,0.9876255,0.9738596,0.98183906
arcticmovie,0.9818345,0.95384556,0.98518604,0.9669718,0.9840817,0.9537877,0.9871586,0.9849813,0.9940864,0.98755264,0.9796554,0.96666515,0.98571074,0.98516846,0.9835606,0.9900521,0.99999994,0.98658264,0.98741966,0.98184574,0.99043,0.98202974,0.9860084,0.98767173,0.9824587,0.80398387,0.9729354,0.9868122,0.9813103,0.9793391,0.99011475,0.9904387,0.9768158,0.97783154,0.9538034,0.9062938,0.97708833,0.9770007,0.9895288,0.98219544,0.9848218,0.9885311,0.96647954,0.98714226,0.99327475,0.9728352,0.9857338,0.9841157,0.97769,0.9862277,0.9913787,0.9929546,0.9885379,0.9880787,0.96184695,0.9837074,0.9790729,0.979449,0.9883753,0.9854901,0.9891949,0.9816619,0.9840876,0.9803844,0.9840452,0.97064143,0.9765783,0.9902967,0.98789287,0.9320451,0.9920891,0.57448244,0.96312594,0.9896582,0.96609724,0.97743154,0.8660516,0.97564703,0.98416495,0.97756547,0.97020596,0.97804564,0.9892663,0.96491545,0.9790734,0.98919964,0.97665435,0.9900339,0.98902303,0.994425,0.984262,0.9920891,0.98004746,0.9769859,0.9886062,0.9821034,0.9842931,0.97177076,0.9848624,0.98273504,0.9569963,0.984579,0.9772842,0.9862965,0.9820665,0.9873012,0.99221903,0.9789405,0.96859187,0.9885321,0.98121053,0.75953096,0.974221,0.9093719,0.9747757,0.9829039,0.9843462,0.9765835,0.9857381,0.9843988,0.9828557,0.9808105,0.98756033,0.9262909,0.98535377,0.98728144,0.97542816,0.9817284,0.9726546,0.94526607,0.9876502,0.97495115,0.9916639,0.97337675,0.9711286,0.99011457,0.9748001,0.9897191,0.9840527,0.96671236,0.9940864,0.9849996,0.9524183,0.9675865,0.9666115,0.9904399,0.9808801,0.9773116,0.98019844,0.9639733,0.9842912,0.9799596,0.9765092,0.96351326,0.9721591,0.98767316,0.9812629,0.989776,0.9733003,0.97552097,0.9940864,0.9812422,0.98561347,0.98619926,0.98484993
artofracingmovie,0.9809154,0.93631333,0.9748472,0.9599821,0.9887875,0.9459485,0.9658142,0.9844055,0.98988396,0.9835035,0.97899,0.96098924,0.9815252,0.9774473,0.9751759,0.97962123,0.98658264,0.99999994,0.98597085,0.96271235,0.97961724,0.98026127,0.97724295,0.9736372,0.9706769,0.84404695,0.9725328,0.98164904,0.9779299,0.98491806,0.98615175,0.9883168,0.9625681,0.9717114,0.96501255,0.9345645,0.97877985,0.96792156,0.9825057,0.9875481,0.97441226,0.9821209,0.9528056,0.98328,0.98239464,0.97958404,0.9763856,0.9796474,0.97133183,0.9816612,0.985534,0.98765415,0.97752655,0.9836137,0.96045715,0.9873464,0.9686935,0.97049,0.9888927,0.98259693,0.9746748,0.9788132,0.96254206,0.9831799,0.9715009,0.97809047,0.9804182,0.9896203,0.9813994,0.9371192,0.9852991,0.5650057,0.9616779,0.98479563,0.96640575,0.9796111,0.85538113,0.9608603,0.9772978,0.9725135,0.96930313,0.9559285,0.98624784,0.96827245,0.9688921,0.9747707,0.9616833,0.9875943,0.9807051,0.98295546,0.9805781,0.9852991,0.9722639,0.9765063,0.97655284,0.9803802,0.96637625,0.96278334,0.9625339,0.97420204,0.9630267,0.9714958,0.9816931,0.9827361,0.9694465,0.9869956,0.9798959,0.98257774,0.97404134,0.983909,0.98018646,0.7838221,0.96664965,0.92750067,0.96900034,0.97729445,0.9819074,0.9722671,0.97351056,0.96796393,0.98380077,0.9730413,0.9812689,0.9222082,0.98632824,0.9833566,0.9740356,0.978479,0.978368,0.93919176,0.9783674,0.9775911,0.98751014,0.9563862,0.9657913,0.9900564,0.97155464,0.9860033,0.97793204,0.97401947,0.98988396,0.9841038,0.9565938,0.9838061,0.9669903,0.990059,0.97806513,0.9815268,0.98494625,0.96869326,0.96930504,0.96580964,0.9675277,0.9674046,0.96477634,0.9823228,0.967215,0.9849511,0.9720824,0.9666805,0.98988396,0.9831301,0.9782566,0.9781315,0.979971
avengers,0.9920698,0.9491205,0.98001957,0.9645005,0.9866215,0.94017345,0.9756064,0.98757255,0.99140775,0.98470443,0.97435015,0.96641004,0.9846656,0.9756907,0.9870655,0.9870743,0.98741966,0.98597085,0.9999998,0.97529626,0.99003595,0.9837682,0.9779236,0.98137885,0.984805,0.81328195,0.9787521,0.9803424,0.98314965,0.9804505,0.9847967,0.98834336,0.976954,0.98161644,0.94936335,0.90384805,0.97309875,0.9791782,0.9847859,0.9919714,0.98484224,0.97830474,0.9546937,0.9761225,0.98328406,0.9797459,0.97560203,0.9808011,0.96718764,0.97603786,0.98787755,0.9839117,0.97699684,0.98691815,0.97598964,0.987446,0.97682637,0.9813201,0.9846622,0.9786172,0.9806947,0.9854622,0.9712393,0.98688084,0.9800764,0.9701705,0.9681479,0.9829521,0.9868643,0.93266106,0.98552036,0.54941964,0.96547806,0.98433244,0.9618725,0.97380155,0.8730347,0.97351557,0.9834722,0.9663785,0.97965705,0.9620126,0.9900947,0.9625048,0.97497797,0.9814681,0.9771658,0.9863624,0.9789737,0.9874691,0.98555255,0.98552036,0.9640037,0.98392195,0.9817868,0.97050834,0.96991587,0.9767585,0.97533435,0.9712989,0.9618306,0.98484915,0.9682259,0.9845872,0.9712766,0.987489,0.9894934,0.98132575,0.98421156,0.9791812,0.9851804,0.77503973,0.97871816,0.90707874,0.9758554,0.9791921,0.9889774,0.9819287,0.98327196,0.9745051,0.98346424,0.974491,0.9856858,0.91930515,0.9835475,0.9756888,0.96537423,0.97740734,0.9827336,0.9364428,0.981322,0.98321897,0.9842143,0.95591456,0.980426,0.98649234,0.9805526,0.98972046,0.98048085,0.96337926,0.99140775,0.9925603,0.9518247,0.979652,0.98210293,0.9845229,0.9754576,0.9814117,0.98500067,0.9723704,0.9707292,0.97071195,0.9700245,0.97353715,0.9626804,0.98040706,0.96633846,0.9808383,0.9839027,0.97909516,0.99140775,0.9863236,0.98585343,0.9757963,0.9786979
beachbummovie,0.97192997,0.9677703,0.97669685,0.9741013,0.96798486,0.9369827,0.9804308,0.9766586,0.9812543,0.9763858,0.95997953,0.9645592,0.9810491,0.9709068,0.98706704,0.98677695,0.98184574,0.96271235,0.97529626,1.0,0.9761296,0.9787709,0.9662253,0.9887921,0.9702455,0.78275114,0.97271585,0.96397215,0.97522426,0.96743256,0.96377856,0.97604764,0.9609175,0.97372377,0.94874567,0.8805477,0.9784401,0.96930534,0.97848076,0.9699173,0.9653603,0.96602225,0.93702286,0.953277,0.983273,0.9603169,0.96430314,0.9770579,0.9620309,0.95863545,0.9837615,0.97428024,0.97994465,0.98471534,0.9658992,0.95985234,0.972208,0.97784823,0.97023845,0.9635725,0.97694033,0.96404874,0.9791375,0.9691409,0.9693208,0.955763,0.9678223,0.97609097,0.98179775,0.92106545,0.97074574,0.5994092,0.94623893,0.9686546,0.95696735,0.94917595,0.8777817,0.9644078,0.9670389,0.97585505,0.96961945,0.97333175,0.9715387,0.9524863,0.98145056,0.97988755,0.9547149,0.97805554,0.978777,0.98342776,0.97382003,0.97074574,0.9569922,0.96430135,0.9905268,0.9677957,0.9614528,0.96743613,0.9718774,0.96828556,0.9593935,0.9702373,0.9614593,0.9677412,0.97927654,0.98075753,0.98611695,0.9725801,0.97192466,0.96954525,0.97780854,0.7635728,0.9757572,0.87085855,0.974877,0.9685539,0.9723839,0.97381973,0.9832601,0.97557884,0.9556016,0.97470695,0.9793395,0.9040602,0.96269065,0.96453005,0.9636081,0.98299116,0.96683604,0.9124421,0.9717054,0.9602786,0.97817427,0.9507038,0.97743183,0.9777531,0.96405715,0.9803767,0.96907824,0.94545317,0.9812543,0.97601175,0.94359267,0.95475906,0.96437246,0.970865,0.96809155,0.96815675,0.96798456,0.95909864,0.9755629,0.9589924,0.96282285,0.95770043,0.94862914,0.97189224,0.9670565,0.9737454,0.9730061,0.97168934,0.9812543,0.9760223,0.96772856,0.9660972,0.9756653
bernadettefilm,0.9839985,0.94907045,0.97824115,0.9540741,0.9826229,0.94626725,0.98941696,0.9821689,0.98984843,0.97745633,0.9773052,0.9717207,0.98320735,0.9701484,0.9794342,0.9843201,0.99043,0.97961724,0.99003595,0.9761296,1.0000001,0.97757155,0.97799665,0.9853296,0.98423487,0.80259407,0.9692927,0.9851482,0.98357576,0.98037285,0.9892736,0.9875519,0.97776526,0.97427267,0.9445199,0.8851022,0.96976584,0.97378546,0.9836747,0.9836499,0.99290735,0.97967386,0.9573563,0.9796024,0.9868816,0.97546977,0.97573006,0.98039466,0.96396255,0.9775214,0.9882139,0.9852389,0.98221296,0.97764254,0.9654399,0.97363055,0.97649515,0.98061436,0.98226625,0.9740422,0.9924456,0.9793905,0.98073614,0.97987074,0.977044,0.97543347,0.96680564,0.9849584,0.9850591,0.92321694,0.98248893,0.5592875,0.95751345,0.9850965,0.953136,0.974887,0.86403185,0.9726007,0.9795416,0.9736566,0.97832066,0.9800959,0.9864159,0.9608559,0.97471434,0.9907338,0.9855168,0.98533016,0.97859055,0.98524487,0.9793997,0.98248893,0.96860397,0.9818973,0.9825341,0.9708911,0.98386246,0.9776983,0.9892256,0.9737298,0.9561868,0.97819126,0.973083,0.9790793,0.9713892,0.98248756,0.99024415,0.9726303,0.96782696,0.9777721,0.98511946,0.7331383,0.9719928,0.8933488,0.9782417,0.98177075,0.9843118,0.97476876,0.97919005,0.9839149,0.97729415,0.9696575,0.9862473,0.9186675,0.9833016,0.97980547,0.96186125,0.973835,0.9651944,0.9412875,0.98536664,0.9672986,0.9871466,0.96146876,0.9752436,0.98820627,0.9750999,0.983691,0.9778786,0.9641435,0.98984843,0.9856943,0.9530214,0.9635801,0.97072816,0.9837647,0.97828394,0.9799739,0.97686076,0.9643127,0.9847233,0.97431755,0.97547424,0.96029556,0.9585762,0.98314565,0.9737087,0.98682624,0.98329633,0.9842322,0.98984843,0.98497635,0.9839287,0.9731309,0.9807138
