movie,21bridgesmovie,47metersdown,abeautifuldaymovie,abominablemovie,adastramovie,adogsjourneymovie,aftermathmovie,aftermovie,ahiddenlifefilm,alitamovie,angelhasfallen,angrybirdsmovie,annabellemovie,annamovie,apollo11movie,arcticdogsmovie,arcticmovie,artofracingmovie,avengers,beachbummovie,bernadettefilm,blackandbluemovie,blackchristmas,blindedbythelightmovie,bombshellmovie,booksmart,breakthroughmovie,brianbanksmovie,brightburnmovie,brittanyrunsmov,captainmarvelofficial,captivestatemovie,catsmovie,charliesangels,childsplaymovie,clarathefilm,coldpursuitmovie,countdown,currentwarmovie,darkwatersmovie,detectivepikachumovie,disneyaladdin,disneyfrozen,disneymaleficent,doctorsleepmovie,dolemiteismyname,dontletgomovie,doramovie,downtonabbey_official,dumbo,escaperoom,everybodyknowsmovie,fastandfuriousmovie,fightingwmyfam,fivefeetapartfilm,fordvferrari,freaksthefilm,geminimanmovie,glassmovie,gloriabellmovie,godzillamovie,goldfinchmovie,goodboysmovie,goodliarmovie,gretafilm,halathemovie,happydeathdaymovie,harrietfilm,hellboymovie,hersmellmovie,highlifemovie,highstrungmovie,honeyboymovie,hotelmumbaifilm,httydragon,hustlemovie,hustlersmovie,isntitromantic,itmovieofficial,jayandsilentbob,johnwickmovie,jojorabbitmovie,jokermovie,judythefilm,jumanjimovie,justmercyfilm,knivesout,lalloronamovie,lastblackmansf,lastchristmasthemovie,latenightmovie,lighthousemovie,lionking,littlethemovie,littlewomenmovie,littlewoodsfilm,longshotmovie,lordsofchaosmovie,lucyintheskyfilm,mamovie2019,marriagestory,meettheaddams,meninblack,midsommarmovie,midwaymovie,missbalamovie,missinglinkfilm,motherlessbklyn,onceinhollywood,onthebasisofsex,overcomermovie,peanutbutterfalcon,petsematarymovie,piercingmovie,playingwithfire,playmobilthemovie,pomsmovie,queenandslim,rambomovie,readyornotfilm,richardjewellfilm,rocketmanmovie,scarystoriesmovie,secretlifeofpets,serenityfilm,shaftmovie,shazammovie,spidermanmovie,spiesindisguise,starwars,stormboymovie,stubermovie,taosdfilm,teenspiritmov,terminator,theaeronautsmov,thebestofenemies,thedeaddontdie,thefarewell,thehighwaymen,thehummingbirdprojectfilm,theintrudermovie,theirishmanfilm,thekitchenmovie,thelegomovie,themustangfilm,thenightingalefilm,theprodigymovie,thesunisalsoastar,theupsidefilm,tolkienmovie,toystory,triplefrontier,uglydolls,uncutgems,underthesilverlake,usmovie,wavesmovie,whatmenwant,wonderparkmovie,wrinklestheclown,xmenmovies,yardiefilm,yesterdaymovie,zombieland
21bridgesmovie,0.9999998,0.96930957,0.9622386,0.9587674,0.9611459,0.9649114,0.9770054,0.97454655,0.98321134,0.9655271,0.96859574,0.9610131,0.9817577,0.9773561,0.98249125,0.9769594,0.978757,0.9678553,0.9872689,0.983986,0.95833665,0.95655537,0.9807271,0.9753206,0.97673917,0.7452699,0.9691434,0.9678068,0.9585759,0.9707108,0.97998977,0.97675586,0.9747624,0.9573064,0.95308584,0.89850944,0.9693465,0.9774787,0.9702937,0.9796285,0.96877974,0.9638552,0.9520235,0.9655328,0.97726804,0.95904005,0.97923225,0.9563092,0.9500869,0.964448,0.9572686,0.97686523,0.9694626,0.97169584,0.958479,0.9529033,0.97262585,0.9761012,0.9817756,0.9703473,0.9711235,0.96076894,0.9595883,0.98186725,0.9711163,0.9598978,0.97053534,0.9727911,0.9761358,0.9378309,0.9682316,0.4756368,0.89358497,0.9712525,0.9517847,0.98283464,0.9228996,0.9770593,0.96594137,0.9647429,0.9674029,0.97245604,0.97934157,0.97468483,0.9564288,0.96785456,0.981959,0.98388344,0.9687784,0.9759293,0.9793952,0.9682316,0.96683115,0.9616781,0.9528433,0.9730008,0.9711984,0.9679607,0.9684631,0.9758141,0.9504385,0.9769987,0.95647764,0.97893786,0.97658503,0.96024764,0.96645933,0.96189517,0.9586047,0.95977825,0.9731691,0.7050595,0.9825895,0.9372027,0.95456016,0.9896376,0.9946856,0.9620941,0.97635794,0.95791006,0.9775092,0.9786952,0.9732966,0.966672,0.9840099,0.98322445,0.9737229,0.95593375,0.96809983,0.92917734,0.9636995,0.9727674,0.9781222,0.95203626,0.9655548,0.96284425,0.98396355,0.9531758,0.9699712,0.95008665,0.98321134,0.95698607,0.94308114,0.9646361,0.9579059,0.9765717,0.96782833,0.9636953,0.9734439,0.97707593,0.97959185,0.965005,0.9640065,0.98661023,0.95492536,0.9655264,0.9823747,0.9587087,0.9721268,0.96873266,0.98321134,0.9857183,0.97028136,0.9788604,0.9574339
47metersdown,0.96930957,1.0,0.9649428,0.9615176,0.97368276,0.94833374,0.9717074,0.9721206,0.9819006,0.97063965,0.9717775,0.9495333,0.9769048,0.973805,0.9663096,0.9853643,0.9698036,0.9742391,0.96934706,0.97125286,0.953191,0.96623844,0.96702373,0.9753522,0.97846156,0.7649819,0.97215414,0.9604426,0.9685797,0.9614257,0.9802453,0.9706368,0.9583017,0.97070354,0.94699675,0.9304336,0.974957,0.9799022,0.96058095,0.96516895,0.9491027,0.97507656,0.95389485,0.96277076,0.9816473,0.9710196,0.966409,0.9634626,0.94539243,0.9677418,0.9692203,0.97380644,0.9453137,0.9593222,0.95778203,0.9660246,0.97890705,0.9692773,0.97426105,0.96518254,0.96056664,0.95959294,0.9715952,0.97255933,0.9711911,0.9721628,0.9480103,0.9818505,0.971757,0.9386637,0.9677188,0.51204246,0.90334374,0.96575975,0.96200126,0.97982943,0.92658633,0.97316223,0.956277,0.9623708,0.97017485,0.9672769,0.9774772,0.96533257,0.95853484,0.96563953,0.9683117,0.9688737,0.97257227,0.9688228,0.97053945,0.9677188,0.9654023,0.9713641,0.96153545,0.96310717,0.9628294,0.9779724,0.97040486,0.9623065,0.9667102,0.96642625,0.9503433,0.96897227,0.974039,0.968511,0.9708133,0.96218866,0.9535199,0.9520121,0.97577673,0.74814886,0.9830692,0.96255463,0.94942904,0.9792849,0.9761458,0.9542751,0.9755411,0.9515383,0.97273576,0.96939164,0.96817535,0.94874865,0.9739037,0.9802247,0.95570993,0.945458,0.97433114,0.9456613,0.96424836,0.97497046,0.97070706,0.9301632,0.97490317,0.95530784,0.9633582,0.9563546,0.96836334,0.96937704,0.9819006,0.9710936,0.9610717,0.96439534,0.9606576,0.9743336,0.9782308,0.9425012,0.9651391,0.9582503,0.9731909,0.9619315,0.9554005,0.97218525,0.94745415,0.96509355,0.96616805,0.9439525,0.97437507,0.9697202,0.9819006,0.97550446,0.9655672,0.9569432,0.9701451
abeautifuldaymovie,0.9622386,0.9649428,0.9999999,0.95706916,0.9723697,0.966054,0.9880932,0.9853824,0.98619276,0.9599675,0.9740416,0.9682193,0.97426087,0.98339593,0.9805998,0.97734904,0.97762096,0.9663805,0.9504966,0.9750258,0.96619517,0.9707625,0.9802697,0.98138577,0.9872487,0.7381964,0.97535837,0.9686725,0.98833764,0.9741726,0.97415686,0.96563613,0.9589279,0.9717879,0.95764,0.8959062,0.9839404,0.9763531,0.9806821,0.9588887,0.966367,0.9718719,0.94687283,0.9765525,0.9683154,0.9617197,0.9848279,0.9683586,0.97399956,0.9682059,0.9892923,0.974306,0.97273004,0.9755097,0.97397363,0.96851426,0.9692542,0.98088783,0.97030956,0.985287,0.9665524,0.9546006,0.9620959,0.97792286,0.96702456,0.9605358,0.96581817,0.9639956,0.97118324,0.96216255,0.9843341,0.5202231,0.9267284,0.9778843,0.93490493,0.97587067,0.9263806,0.97544366,0.95275885,0.9692065,0.98230726,0.9812017,0.9821976,0.9562873,0.9870689,0.97781396,0.9704445,0.9752566,0.97456914,0.9752802,0.9768239,0.9843341,0.9663303,0.9637329,0.98419964,0.98213476,0.9774383,0.9823213,0.974202,0.9694271,0.96645355,0.97295564,0.977323,0.98421764,0.97124547,0.9850551,0.9831445,0.97314394,0.98255616,0.95406383,0.9806652,0.76724404,0.9752319,0.9427774,0.96576893,0.977763,0.98004967,0.9587692,0.98364,0.97295505,0.97941893,0.9822028,0.98269343,0.9662855,0.9798928,0.97514284,0.9738683,0.9794122,0.97599494,0.9239474,0.97583455,0.97720855,0.9749788,0.9746653,0.9830831,0.96834505,0.98308855,0.9512506,0.9788313,0.96717024,0.98619276,0.9884938,0.96493536,0.9743414,0.9662268,0.9661389,0.95954627,0.9638424,0.9755812,0.9617946,0.97868556,0.9822124,0.9665449,0.95542765,0.9657379,0.9810847,0.9747576,0.98013204,0.97410357,0.97301644,0.98619276,0.984508,0.9769212,0.9732604,0.981929
abominablemovie,0.9587674,0.9615176,0.95706916,1.0,0.969664,0.9437228,0.9725747,0.9524234,0.9777242,0.9671295,0.9758749,0.9544038,0.9695895,0.9655764,0.9648565,0.9633498,0.9649744,0.9612045,0.96814203,0.9589702,0.96041244,0.9451761,0.95879835,0.9666656,0.9673832,0.69486564,0.95296746,0.95652103,0.9558408,0.96565807,0.9710286,0.95277673,0.9664774,0.950302,0.9505252,0.9465683,0.9754536,0.9708685,0.95544773,0.95377594,0.94455,0.9611308,0.9320376,0.9547618,0.9748488,0.9683446,0.960008,0.97616875,0.95909417,0.947694,0.9610818,0.97550505,0.9385729,0.9704653,0.94185954,0.9749248,0.96068096,0.97195965,0.9846108,0.9574197,0.95836914,0.9873202,0.96228147,0.96329534,0.9589086,0.975447,0.9480857,0.9746872,0.96423984,0.94134444,0.9624842,0.43429753,0.94014436,0.9671597,0.96932817,0.96076983,0.88808405,0.97989935,0.9701835,0.95913243,0.9693967,0.9760017,0.9729488,0.95418906,0.95448464,0.961091,0.96218145,0.9649856,0.96457565,0.9644316,0.9530155,0.9624842,0.94718,0.94786805,0.9644578,0.974793,0.962455,0.9612045,0.9675963,0.9379239,0.96215683,0.9749977,0.9407063,0.9688534,0.9620884,0.9629443,0.96558607,0.93708986,0.9505191,0.9726826,0.9682632,0.71037436,0.9622449,0.9406939,0.96266687,0.9725138,0.9685176,0.9538092,0.975093,0.96210945,0.96571887,0.9497733,0.9673609,0.93401766,0.97230667,0.9614014,0.9524341,0.9426883,0.9729819,0.9411712,0.96637493,0.9651259,0.9764789,0.93985313,0.96643215,0.9515824,0.95518315,0.95705086,0.95704114,0.96652216,0.9777242,0.95733434,0.96121156,0.9394649,0.9366257,0.9660202,0.96488285,0.9535267,0.95843303,0.97551197,0.96882796,0.9611934,0.9673361,0.94545853,0.9474754,0.95326394,0.9519165,0.9530835,0.95257777,0.9749441,0.9777242,0.96453977,0.9685311,0.9661029,0.9592004
adastramovie,0.9611459,0.97368276,0.9723697,0.969664,1.0,0.9450255,0.9767455,0.97677886,0.98593205,0.9742645,0.97439736,0.9417611,0.9785597,0.97332764,0.97444874,0.9738857,0.9703116,0.98887944,0.96337277,0.9717556,0.9621726,0.960533,0.97212255,0.9813252,0.9771863,0.7599392,0.98006904,0.96593857,0.9719787,0.9751485,0.97931653,0.97711045,0.95582557,0.95771724,0.95712185,0.93431044,0.9736078,0.97411776,0.97289586,0.9770982,0.95876396,0.97220373,0.9564521,0.9718286,0.9760149,0.982673,0.9705022,0.95810765,0.9695338,0.96808773,0.9693611,0.9873729,0.9556712,0.98151433,0.9574849,0.985623,0.97784984,0.97513723,0.97552294,0.9761354,0.9692868,0.9611897,0.97990334,0.9756975,0.97300726,0.96852773,0.9547015,0.9817255,0.976757,0.9548446,0.9800802,0.5406512,0.95008826,0.96628153,0.94370997,0.967628,0.9215721,0.9683726,0.9655386,0.95217127,0.9648576,0.9757675,0.9786756,0.9599623,0.9721815,0.97465396,0.97293365,0.9746065,0.9733095,0.97834504,0.9728649,0.9800802,0.9665186,0.9710506,0.96335965,0.9733692,0.9779375,0.97832006,0.9789674,0.95691186,0.9749939,0.97740126,0.95547235,0.98572093,0.9728845,0.96877974,0.97552496,0.9578985,0.9557357,0.95791674,0.9825443,0.79182494,0.9718763,0.9490132,0.97263086,0.97144747,0.9739542,0.94817865,0.9720813,0.967838,0.9708324,0.96712804,0.9743429,0.9573209,0.975875,0.9824105,0.9735887,0.9557505,0.98738325,0.9375534,0.9679545,0.98873013,0.97744584,0.94196355,0.96912134,0.97084653,0.96278125,0.97550225,0.976683,0.9865468,0.98593205,0.9716542,0.97468096,0.9645128,0.9548724,0.97461635,0.96020126,0.95923215,0.96709347,0.9718596,0.9788974,0.9682406,0.9530361,0.95201707,0.9637235,0.9666988,0.96680075,0.966926,0.975458,0.982626,0.98593205,0.97767717,0.97209823,0.96342695,0.9705022
adogsjourneymovie,0.9649114,0.94833374,0.966054,0.9437228,0.9450255,0.99999994,0.9677987,0.9819736,0.97778237,0.9594097,0.9557585,0.97938603,0.97001696,0.97448486,0.9785369,0.9681732,0.98103285,0.9481582,0.962263,0.9759569,0.95562226,0.9717952,0.98251295,0.97208506,0.96896964,0.7695466,0.9586196,0.9778533,0.9701602,0.9556996,0.9688488,0.956503,0.9535193,0.9698458,0.93760985,0.873471,0.9593928,0.9627214,0.9761345,0.95226187,0.9721582,0.9548755,0.9555887,0.9690222,0.9487118,0.94007486,0.98182285,0.94641113,0.9519357,0.9591319,0.97668236,0.96695995,0.97673804,0.96820694,0.9746662,0.9488344,0.94997394,0.9842478,0.9644436,0.9725102,0.9590797,0.9485161,0.93186593,0.9610925,0.9726685,0.9522284,0.955623,0.9628968,0.9582082,0.9585265,0.9714397,0.5300978,0.8823984,0.9802427,0.93808466,0.9703175,0.90736204,0.9615351,0.9549651,0.9711013,0.96731734,0.96583897,0.9701442,0.95254284,0.9784113,0.9640895,0.9746477,0.9718865,0.96659416,0.97591394,0.974693,0.9714397,0.9579455,0.95372933,0.9675683,0.9608557,0.95634985,0.96660227,0.9555332,0.97555894,0.937191,0.96475554,0.9755295,0.97565377,0.97471833,0.97848004,0.96018696,0.9562222,0.9809574,0.9467691,0.9677693,0.7353165,0.9658443,0.9167348,0.9312099,0.9750565,0.9708543,0.96821177,0.97396165,0.94491917,0.97655296,0.98135954,0.96898955,0.9820221,0.98020405,0.9668403,0.9745288,0.9739925,0.9528838,0.93687433,0.95953816,0.95417196,0.9661295,0.96829444,0.97898656,0.9520501,0.97799844,0.94621575,0.97625846,0.95517474,0.97778237,0.96753865,0.9365454,0.96267354,0.9731268,0.9617253,0.9530598,0.9526014,0.9657181,0.9484045,0.9697747,0.96305627,0.9756319,0.9699515,0.96340966,0.97405034,0.9720813,0.96977127,0.967647,0.95576155,0.97778237,0.96298736,0.9610539,0.9742081,0.9718676
aftermathmovie,0.9770054,0.9717074,0.9880932,0.9725747,0.9767455,0.9677987,1.0000001,0.9866291,0.99234295,0.9729302,0.9859805,0.96682173,0.9838902,0.98958546,0.9839657,0.97465056,0.985338,0.97987837,0.96922123,0.9847025,0.9807181,0.9691067,0.9850142,0.9883735,0.9849462,0.72176194,0.98516476,0.96944356,0.9854562,0.9865019,0.982355,0.9726908,0.9634382,0.9688224,0.96050286,0.9190753,0.9872205,0.9826495,0.98593897,0.97377545,0.97200245,0.97737855,0.95871663,0.98080933,0.9844695,0.9749424,0.9860046,0.9763017,0.97098994,0.9725735,0.9818848,0.9859363,0.97237533,0.97977483,0.9676064,0.9749487,0.97417057,0.98441476,0.98095155,0.9859206,0.9700191,0.9701237,0.97049516,0.9836944,0.98111707,0.97445536,0.9775338,0.9748124,0.9814224,0.9496319,0.9860737,0.4977697,0.93727064,0.97801644,0.9538341,0.9797712,0.91745466,0.9830629,0.96857727,0.97835773,0.9895002,0.99056196,0.9849038,0.9584057,0.9761062,0.9769003,0.9789206,0.98792183,0.9764969,0.9825082,0.9788353,0.9860737,0.96147054,0.963857,0.9779675,0.98365396,0.9776366,0.9791544,0.9862728,0.9741849,0.9673019,0.9861842,0.9676984,0.9871012,0.9753255,0.97997487,0.99357814,0.9644306,0.97098064,0.9699128,0.98910135,0.7587923,0.98415023,0.94737655,0.9775421,0.98625237,0.9900093,0.95707685,0.9906481,0.9877208,0.9811845,0.97956526,0.9821393,0.9635139,0.9872333,0.98353773,0.9820856,0.968024,0.9834556,0.94141567,0.9817852,0.983728,0.98166096,0.96063,0.982965,0.97685504,0.98819625,0.9633907,0.97805107,0.9733372,0.99234295,0.9803471,0.96750146,0.9715586,0.96879107,0.98058236,0.97223157,0.9711341,0.9809808,0.9756826,0.99366355,0.98173505,0.97226465,0.96875715,0.97007644,0.9861584,0.9771397,0.97747314,0.98402166,0.9872263,0.99234295,0.9897482,0.9803971,0.9802854,0.97563577
aftermovie,0.97454655,0.9721206,0.9853824,0.9524234,0.97677886,0.9819736,0.9866291,0.9999998,0.9913624,0.96669894,0.9730195,0.9744053,0.9808018,0.98654336,0.9843446,0.9833251,0.98569244,0.9795738,0.97038704,0.984347,0.96644574,0.9760623,0.9888952,0.9881255,0.9829025,0.7755648,0.9861652,0.97967607,0.9839247,0.9741129,0.983466,0.9807363,0.9577842,0.9726071,0.9568057,0.89985335,0.976769,0.97935295,0.9904989,0.97666126,0.97665304,0.971784,0.9605947,0.98067826,0.9681783,0.9701521,0.9888946,0.9593667,0.9703452,0.9728992,0.9838207,0.98566574,0.9775987,0.9806005,0.98423713,0.9719737,0.97486454,0.98705804,0.9759699,0.9853789,0.9678223,0.9550521,0.9604993,0.97827625,0.9865936,0.96420556,0.96744794,0.978206,0.9741784,0.9595506,0.98673266,0.55066264,0.9187727,0.98080933,0.9445353,0.98347133,0.9254221,0.9683624,0.9614903,0.9706496,0.97678393,0.9828435,0.9830147,0.9624025,0.9859919,0.97256285,0.98178875,0.9815833,0.9787175,0.98905057,0.98339367,0.98673266,0.96860135,0.9713605,0.9769971,0.9750038,0.9749197,0.98362726,0.9739074,0.9845699,0.96438086,0.9775757,0.9747916,0.99006283,0.9822198,0.98151237,0.9818991,0.9709917,0.9797992,0.95314544,0.9853585,0.76996344,0.9816163,0.9434116,0.96334535,0.9814245,0.98435074,0.96802825,0.98419267,0.97176653,0.9818398,0.98721516,0.9843494,0.98203653,0.98604286,0.9880563,0.98462605,0.97835034,0.97534686,0.94025195,0.9724716,0.9818168,0.97695464,0.9675882,0.98380345,0.9725631,0.9877784,0.96921474,0.9865565,0.9741448,0.9913624,0.9813674,0.9647116,0.9761166,0.97806257,0.9786831,0.9693171,0.96821463,0.9767977,0.9627573,0.98789227,0.97422624,0.9716736,0.972513,0.9750221,0.98836344,0.9838498,0.9807193,0.98742324,0.9784477,0.9913624,0.9842465,0.97404677,0.9803508,0.97949076
ahiddenlifefilm,0.98321134,0.9819006,0.98619276,0.9777242,0.98593205,0.97778237,0.99234295,0.9913624,1.0000001,0.98018724,0.9884609,0.9757992,0.9913735,0.9936192,0.99069357,0.98808795,0.99201167,0.9838331,0.98140484,0.9893727,0.9784631,0.9780376,0.9906663,0.99507797,0.990001,0.7523076,0.9866688,0.9837767,0.9860071,0.98538685,0.989099,0.9865846,0.97239935,0.97815305,0.9634523,0.9256755,0.9878262,0.98982835,0.98909104,0.98164564,0.9818829,0.9849578,0.96774715,0.9862707,0.9878829,0.98100954,0.99120855,0.9760844,0.97486377,0.9819837,0.98557836,0.9931267,0.97853833,0.98696667,0.98005307,0.98387975,0.9844233,0.99414635,0.98782957,0.99031955,0.98243713,0.9773046,0.97817993,0.9887869,0.98672986,0.9820307,0.97632974,0.9885342,0.9864094,0.9672787,0.9926629,0.5195658,0.93665963,0.98980296,0.9642054,0.98603684,0.9264965,0.98706675,0.98072886,0.97648567,0.9873981,0.9888667,0.9942156,0.9736988,0.98472416,0.9846209,0.9889437,0.9898812,0.9894605,0.9919326,0.9884586,0.9926629,0.97612685,0.9793266,0.9797201,0.9875592,0.9870891,0.99026775,0.98547286,0.9814021,0.9776051,0.989698,0.97761434,0.9958013,0.9890812,0.98532444,0.98657054,0.97636825,0.9808712,0.9729978,0.99229527,0.7574664,0.9910138,0.95745504,0.97356945,0.9932213,0.9917241,0.9728846,0.9916875,0.97729766,0.99068177,0.99029315,0.9906779,0.9773673,0.9929048,0.9918234,0.98624766,0.97417694,0.9871529,0.948991,0.98387796,0.9870494,0.98961717,0.9711247,0.9892846,0.9799244,0.98858345,0.97558826,0.9924398,0.98482865,1.0000001,0.9853956,0.9734182,0.9809261,0.976235,0.9884022,0.9788141,0.97151005,0.9849627,0.979494,0.99135935,0.9841837,0.9778003,0.9780548,0.977494,0.9880338,0.9862016,0.983948,0.98773736,0.9877593,1.0000001,0.99041665,0.98516434,0.98535603,0.98467106
alitamovie,0.9655271,0.97063965,0.9599675,0.9671295,0.9742645,0.9594097,0.9729302,0.96669894,0.98018724,1.0,0.96435577,0.94722265,0.9708276,0.97900033,0.9616157,0.9669419,0.9763629,0.9698222,0.97705126,0.9752961,0.9580579,0.9667139,0.9711087,0.97484994,0.98220277,0.7413136,0.97707057,0.956284,0.96558326,0.9666677,0.98247254,0.96004415,0.9503548,0.9654689,0.94904906,0.9150419,0.96866906,0.96687776,0.96505845,0.9638045,0.9540671,0.96999305,0.96548086,0.9715486,0.97793037,0.95365053,0.9682515,0.959851,0.94969106,0.9706765,0.96986103,0.9736864,0.95755047,0.97577566,0.93950135,0.96894217,0.95797175,0.9721872,0.9713455,0.9675724,0.96643704,0.9594099,0.96395695,0.9693309,0.96464133,0.9811431,0.95844394,0.97152144,0.96961576,0.93215764,0.96980935,0.53667504,0.9199713,0.9664043,0.9610661,0.96955293,0.91377985,0.97799927,0.96278226,0.96598727,0.9653882,0.96715295,0.9736546,0.9662423,0.9652966,0.9662052,0.9649744,0.9706928,0.9654986,0.97053915,0.97506523,0.96980935,0.9614688,0.95882744,0.9637771,0.9549566,0.9632276,0.9711863,0.97478104,0.968504,0.9418859,0.9715297,0.9438428,0.9771647,0.98083466,0.972577,0.9734288,0.94800603,0.95992225,0.9648009,0.9779943,0.7682642,0.9758057,0.940657,0.94759357,0.9786832,0.9726312,0.9572071,0.967664,0.9527391,0.9713965,0.9625805,0.95845187,0.95614344,0.97593516,0.9720625,0.96643037,0.95666516,0.97430223,0.9651346,0.9654865,0.9663852,0.96896416,0.9409644,0.9755228,0.9594416,0.9648646,0.9504075,0.9644872,0.965917,0.98018724,0.9661701,0.94519585,0.9520097,0.96116376,0.9622171,0.9556963,0.942672,0.96417296,0.97448474,0.97183424,0.9664849,0.9580655,0.9666955,0.9662633,0.97094405,0.9613489,0.9504251,0.96777517,0.9725123,0.98018724,0.97488415,0.9693697,0.95917386,0.9721536
angelhasfallen,0.96859574,0.9717775,0.9740416,0.9758749,0.97439736,0.9557585,0.9859805,0.9730195,0.9884609,0.96435577,0.99999994,0.9659696,0.9827802,0.9841302,0.9737626,0.96973366,0.9753973,0.97359115,0.9646284,0.9693612,0.9762721,0.95684373,0.97158504,0.9805169,0.9706575,0.68876874,0.9735041,0.971805,0.976242,0.9788283,0.9705816,0.9701951,0.9582379,0.96061796,0.9577603,0.93861943,0.9834736,0.9794748,0.97315544,0.9613692,0.96707195,0.9772065,0.95227563,0.9717521,0.9808758,0.9739813,0.9728736,0.9803462,0.9674377,0.9679789,0.9747321,0.98195547,0.96264815,0.971981,0.96484184,0.9811351,0.98490465,0.98193514,0.97672844,0.9746853,0.9685198,0.97787696,0.9649362,0.9775228,0.97296876,0.9816718,0.96567297,0.98240787,0.98437226,0.9485178,0.97792065,0.46792528,0.9411511,0.9801274,0.96304286,0.9750787,0.8904748,0.9768808,0.9721836,0.97224796,0.9892464,0.9817104,0.98235184,0.9569193,0.9648919,0.97513074,0.970811,0.9826009,0.9777636,0.9777681,0.96573305,0.97792065,0.9473667,0.9531651,0.9720421,0.9773281,0.9782454,0.9739162,0.97411937,0.9539303,0.97118753,0.9811879,0.9607277,0.9770429,0.96670616,0.9743962,0.98001313,0.95609176,0.96309495,0.9617874,0.97841555,0.7082639,0.9800453,0.9578682,0.9762564,0.98500764,0.9790989,0.9578013,0.98807085,0.9791704,0.97261834,0.9695204,0.9791818,0.9432736,0.9749719,0.97585624,0.97471374,0.95015454,0.9777735,0.9383457,0.9756616,0.9749595,0.97902715,0.95062387,0.9774815,0.9684181,0.97085774,0.9685289,0.9760135,0.9740719,0.9884609,0.9706748,0.9650926,0.96538234,0.9598837,0.9810098,0.9774694,0.95975006,0.97523767,0.97307736,0.98276854,0.97105306,0.96790236,0.9597592,0.9470526,0.97360027,0.9680455,0.96839625,0.9749887,0.9840283,0.9884609,0.9752925,0.9716511,0.9718676,0.969
angrybirdsmovie,0.9610131,0.9495333,0.9682193,0.9544038,0.9417611,0.97938603,0.96682173,0.9744053,0.9757992,0.94722265,0.9659696,1.0,0.9568798,0.9700207,0.96443415,0.9661217,0.97734416,0.94513845,0.95694554,0.95592666,0.9421435,0.9602246,0.97318125,0.9678013,0.96344584,0.7281563,0.9520877,0.98348397,0.96387476,0.95610213,0.96885264,0.9540635,0.9496408,0.97081286,0.9456352,0.89096445,0.96749294,0.9618325,0.9657988,0.949097,0.96632564,0.9523274,0.93539286,0.95179784,0.95201725,0.9413529,0.973436,0.9601657,0.9526212,0.94958425,0.97793525,0.96364826,0.9553703,0.9594619,0.9641566,0.9495191,0.95850056,0.9806066,0.96355784,0.962283,0.9529406,0.952742,0.9337372,0.9579727,0.963007,0.9600083,0.94870985,0.9667936,0.9489884,0.94159454,0.965566,0.50667226,0.902777,0.97659564,0.96229416,0.96398777,0.8936597,0.9643224,0.9532914,0.97124964,0.97071606,0.96339804,0.9739176,0.9663127,0.9668476,0.95223856,0.96139413,0.95638686,0.96459216,0.9670607,0.9567943,0.965566,0.94875443,0.9536772,0.97492045,0.9651778,0.95842534,0.9630181,0.95724744,0.9610127,0.94186676,0.9671198,0.97186965,0.9724597,0.96109885,0.9789863,0.9573662,0.9514746,0.97453797,0.95580024,0.96061695,0.70181584,0.9677483,0.9353339,0.9440102,0.9731756,0.9695293,0.9818237,0.97167426,0.9447318,0.9714726,0.97274035,0.9728677,0.96457154,0.97868377,0.96404326,0.9566343,0.97785336,0.95026726,0.93287927,0.95572656,0.9448889,0.9752173,0.9729079,0.97917897,0.95076376,0.97477436,0.95153856,0.9708802,0.9448849,0.9757992,0.96792686,0.9369209,0.95284545,0.946773,0.95393145,0.95825154,0.9447886,0.9573208,0.9503916,0.96476024,0.9569005,0.9719999,0.95686024,0.9487813,0.968804,0.96971023,0.963239,0.9650257,0.96032816,0.9757992,0.9659444,0.94789714,0.97681177,0.9731014
annabellemovie,0.9817577,0.9769048,0.97426087,0.9695895,0.9785597,0.97001696,0.9838902,0.9808018,0.9913735,0.9708276,0.9827802,0.9568798,1.0000001,0.9872844,0.9898218,0.9841731,0.9800104,0.9756929,0.9709421,0.9873049,0.97566223,0.961491,0.98331267,0.98657286,0.97785026,0.72349155,0.97668284,0.9722621,0.9719428,0.9774052,0.9750168,0.9782728,0.98040897,0.96656793,0.9552639,0.9251927,0.98054457,0.9890757,0.97777903,0.97498566,0.9735085,0.9818411,0.96104133,0.98142433,0.98235273,0.97869515,0.98366517,0.9666377,0.96313363,0.977428,0.96981627,0.985366,0.9750515,0.9796256,0.97693795,0.9730595,0.9824974,0.98497236,0.988425,0.98311436,0.977536,0.973115,0.9675675,0.9902878,0.97773767,0.9635963,0.96323985,0.98389375,0.98690975,0.95694894,0.983356,0.4802707,0.91612184,0.98204327,0.94644094,0.9828376,0.9139338,0.98122126,0.9761752,0.97386175,0.9818756,0.98091286,0.9882569,0.95855445,0.97157025,0.9857003,0.98646283,0.99278766,0.9800136,0.98609126,0.9778632,0.983356,0.9689473,0.96722865,0.9637804,0.9761362,0.9789836,0.9789012,0.9709914,0.9754833,0.97267044,0.9830669,0.9645628,0.9830358,0.9851909,0.9709134,0.97716767,0.9712458,0.96849376,0.96446025,0.9827869,0.72871697,0.9794808,0.9505528,0.9664484,0.988694,0.9877572,0.9539514,0.9867662,0.97036266,0.98522514,0.9830744,0.9795498,0.96900094,0.98516494,0.98323333,0.98473465,0.9506776,0.9773413,0.937918,0.9755279,0.98395073,0.98152834,0.9487769,0.97742,0.9663544,0.98027074,0.96310973,0.98239416,0.9797081,0.9913735,0.966295,0.9665913,0.9775286,0.9764049,0.9881697,0.9772442,0.9694996,0.98222816,0.96658784,0.98475116,0.97916055,0.97296995,0.97357607,0.96212083,0.9769791,0.97989863,0.970995,0.977854,0.9749516,0.9913735,0.98159564,0.9830883,0.9764533,0.9692095
annamovie,0.9773561,0.973805,0.98339593,0.9655764,0.97332764,0.97448486,0.98958546,0.98654336,0.9936192,0.97900033,0.9841302,0.9700207,0.9872844,0.9999998,0.97984874,0.98391217,0.9889697,0.9739668,0.9726125,0.98514915,0.98388004,0.97159046,0.9863695,0.99073327,0.98767567,0.72004193,0.9861749,0.96928805,0.9805652,0.980245,0.9792806,0.979457,0.9616803,0.97236586,0.9567316,0.91007584,0.9818915,0.9858271,0.9830325,0.96863073,0.9726038,0.9805389,0.95754,0.98137003,0.98129016,0.9680035,0.9888098,0.9712174,0.967265,0.9774274,0.9809742,0.9814302,0.9756933,0.9784656,0.9728572,0.97414017,0.976722,0.9869719,0.9825822,0.9882144,0.9717808,0.9701417,0.9631933,0.98790175,0.9781753,0.97620326,0.9772629,0.97567445,0.98036283,0.9567201,0.98998016,0.5172364,0.9313726,0.9827133,0.95488787,0.9806123,0.9059974,0.98485,0.97548413,0.97976714,0.98666567,0.982357,0.99160993,0.9623173,0.9770498,0.97570413,0.98128283,0.98638994,0.9840562,0.9876004,0.983175,0.98998016,0.9663608,0.9648324,0.9731602,0.9742485,0.9781735,0.98859924,0.9782552,0.9817599,0.96381134,0.9814253,0.9668004,0.9882068,0.98785174,0.98088753,0.98727876,0.9756243,0.9830538,0.9680589,0.98594373,0.7418779,0.98691934,0.94922936,0.9699378,0.99237233,0.9876427,0.9671213,0.9884141,0.97780436,0.98579895,0.9859948,0.9806755,0.97226304,0.98661214,0.98397756,0.983193,0.96707916,0.97459865,0.9410288,0.9867142,0.976018,0.97943974,0.9634807,0.9850433,0.97367364,0.9880746,0.9600021,0.98588413,0.97117454,0.9936192,0.9800431,0.9631937,0.97897875,0.9756696,0.9817286,0.97721314,0.96618956,0.98637974,0.9716012,0.9856599,0.9778877,0.9736544,0.97329295,0.97763395,0.9896557,0.98260826,0.9787494,0.98001695,0.9831238,0.9936192,0.9871185,0.9805541,0.9801653,0.98033786
apollo11movie,0.98249125,0.9663096,0.9805998,0.9648565,0.97444874,0.9785369,0.9839657,0.9843446,0.99069357,0.9616157,0.9737626,0.96443415,0.9898218,0.97984874,1.0,0.98067254,0.9824781,0.97080594,0.96959555,0.9895292,0.97059774,0.9678329,0.9880397,0.9856607,0.978058,0.76266956,0.968867,0.9807899,0.9776575,0.978442,0.9750563,0.97816885,0.97902644,0.9686391,0.94538826,0.8991909,0.9769006,0.9816288,0.98291665,0.9765883,0.9826368,0.97625065,0.96594834,0.9827597,0.9738364,0.9742031,0.98797464,0.964861,0.9693794,0.976631,0.97368956,0.9841148,0.98159635,0.9834103,0.97874147,0.9708066,0.97350764,0.9855771,0.9804313,0.9866569,0.9800218,0.96439403,0.9662768,0.9837694,0.9790403,0.9586044,0.9696324,0.9765774,0.9788707,0.96897095,0.98264384,0.49730295,0.9152754,0.9847079,0.9385291,0.9806454,0.921059,0.97915506,0.9674679,0.967048,0.978373,0.9778431,0.98589414,0.95780617,0.97853273,0.9859458,0.9849915,0.9902323,0.97905004,0.98376924,0.98413104,0.98264384,0.9759227,0.973705,0.96726626,0.9883691,0.9811337,0.9804611,0.9739759,0.9757351,0.97532314,0.979948,0.97856754,0.9872743,0.98156744,0.97361755,0.97011036,0.9742247,0.97335196,0.96540916,0.98140967,0.73948777,0.9755761,0.9326163,0.95974725,0.98529595,0.9899666,0.9568302,0.9861208,0.9674974,0.9849862,0.9883535,0.9832296,0.97777057,0.9888112,0.98324573,0.98207843,0.9633157,0.9746318,0.927491,0.9749913,0.9833253,0.98303443,0.96762985,0.97663677,0.9722144,0.9863874,0.9621743,0.98492175,0.97794265,0.99069357,0.9726151,0.9683026,0.9805049,0.97267056,0.9809732,0.96480775,0.96534604,0.9798268,0.9693367,0.9846144,0.9855039,0.9754701,0.9758824,0.9626784,0.971658,0.9841704,0.97726786,0.9786464,0.9696595,0.99069357,0.9809817,0.98186123,0.98371583,0.97039604
arcticdogsmovie,0.9769594,0.9853643,0.97734904,0.9633498,0.9738857,0.9681732,0.97465056,0.9833251,0.98808795,0.9669419,0.96973366,0.9661217,0.9841731,0.98391217,0.98067254,1.0000001,0.98138523,0.9684244,0.97242,0.97813064,0.9580473,0.9638624,0.97747695,0.9847004,0.98467964,0.7675706,0.96979415,0.97124237,0.9712811,0.96821475,0.9813504,0.9741108,0.9729262,0.97569954,0.94839317,0.899357,0.972129,0.98715895,0.9732116,0.96870095,0.9635765,0.978139,0.95012426,0.971849,0.9717471,0.971152,0.9822304,0.9619852,0.9635562,0.97367674,0.97388476,0.97846913,0.96477133,0.9721636,0.97645664,0.9679016,0.9810639,0.9808729,0.98521227,0.9800423,0.9709521,0.96332806,0.96551746,0.9850913,0.97734284,0.9631382,0.9651871,0.97954875,0.9685186,0.9652425,0.9796371,0.4973675,0.9093056,0.9820972,0.951539,0.98557585,0.9177773,0.98205507,0.968099,0.9655178,0.9743483,0.9730688,0.9892494,0.96330655,0.9737737,0.975628,0.9791412,0.97729594,0.9806099,0.9824642,0.9784044,0.9796371,0.9829319,0.9762073,0.96281236,0.9722434,0.97456473,0.99003845,0.97042865,0.97448015,0.9700933,0.9705562,0.9625854,0.980061,0.985359,0.9732715,0.97088,0.980672,0.9789807,0.95958674,0.98162436,0.7309645,0.9814224,0.94015145,0.9546025,0.9857748,0.98475313,0.9631061,0.9810031,0.9564399,0.98482627,0.9849065,0.9808311,0.9725784,0.9812771,0.9842701,0.968535,0.9606834,0.97208333,0.9311904,0.97799885,0.9788133,0.9806465,0.9597218,0.97914964,0.96236473,0.9820302,0.9593529,0.9813146,0.97062796,0.98808795,0.9745797,0.9681599,0.9779706,0.97027624,0.97685355,0.9720693,0.95531267,0.9799328,0.9643516,0.97273207,0.97145796,0.97003615,0.97330815,0.9644537,0.9732577,0.98288894,0.9636115,0.9744641,0.9696698,0.98808795,0.9812083,0.9749916,0.97585046,0.97502244
arcticmovie,0.978757,0.9698036,0.97762096,0.9649744,0.9703116,0.98103285,0.985338,0.98569244,0.99201167,0.9763629,0.9753973,0.97734416,0.9800104,0.9889697,0.9824781,0.98138523,1.0000001,0.96942806,0.9779089,0.9843923,0.9734536,0.9752407,0.9839949,0.987002,0.9852847,0.74959844,0.9784591,0.979449,0.980447,0.9799311,0.9850529,0.9774261,0.96043265,0.9790839,0.95047337,0.9102782,0.97439486,0.97570974,0.9775024,0.9774195,0.9769912,0.97756165,0.96651715,0.980495,0.97573817,0.96349394,0.98404,0.96665287,0.9668639,0.9770461,0.9800193,0.9852562,0.9716681,0.97211057,0.9667185,0.97267836,0.97452575,0.9858311,0.98065233,0.97944343,0.9767685,0.96386546,0.9609556,0.98183537,0.9841559,0.97478426,0.97566706,0.98264396,0.97540927,0.9632548,0.9814495,0.5342599,0.9275667,0.98457915,0.95639604,0.9811726,0.9204037,0.98458755,0.98486817,0.97338855,0.9771031,0.9772936,0.9886491,0.96928185,0.9782356,0.9769451,0.98895663,0.98206687,0.9790082,0.98918486,0.98141056,0.9814495,0.97273755,0.977881,0.96967477,0.97532856,0.9747569,0.9861303,0.98530346,0.97742546,0.9590481,0.97969913,0.9738816,0.98904794,0.9820274,0.98100775,0.98385704,0.9719914,0.9801534,0.97861433,0.9843434,0.7597963,0.98283195,0.9469107,0.967954,0.9894706,0.9861351,0.97133267,0.9828787,0.9655019,0.9829868,0.9901667,0.986998,0.9771411,0.98877066,0.9855849,0.9782801,0.9722567,0.9726111,0.95341045,0.98062205,0.9700183,0.98856324,0.97162753,0.9840281,0.9767952,0.9854555,0.9713032,0.9839418,0.9688629,0.99201167,0.9780946,0.96221316,0.9789319,0.976735,0.98110855,0.974112,0.959505,0.9796919,0.9719349,0.97948974,0.97967464,0.9689535,0.97122824,0.97870785,0.98206604,0.9785924,0.97225547,0.9839071,0.98027205,0.99201167,0.9860267,0.976767,0.9799967,0.98271894
artofracingmovie,0.9678553,0.9742391,0.9663805,0.9612045,0.98887944,0.9481582,0.97987837,0.9795738,0.9838331,0.9698222,0.97359115,0.94513845,0.9756929,0.9739668,0.97080594,0.9684244,0.96942806,1.0000002,0.9686959,0.9731436,0.9627885,0.95568883,0.9763434,0.98369193,0.9722165,0.769411,0.9881364,0.96045154,0.96957123,0.971935,0.98338705,0.98342806,0.9431482,0.9549317,0.95380825,0.92342937,0.97189283,0.9759144,0.9735014,0.98246557,0.963669,0.966675,0.9611631,0.97117966,0.97536,0.97277486,0.97310835,0.9529,0.96087235,0.96444327,0.96258754,0.986413,0.952267,0.97588104,0.9595357,0.97836125,0.9777771,0.97125673,0.9716124,0.9714913,0.95524067,0.9490248,0.96916455,0.97375274,0.97794485,0.9623613,0.9625282,0.9811638,0.9782153,0.93625396,0.9769684,0.5453346,0.9380515,0.965025,0.94883084,0.96984184,0.9213388,0.9583361,0.95952153,0.95288163,0.9665205,0.9755107,0.97611165,0.9573442,0.96151626,0.95906514,0.9750323,0.97367626,0.9687987,0.97757643,0.96911865,0.9769684,0.96104115,0.96812636,0.9572092,0.9738443,0.96795493,0.97277117,0.9762582,0.96615905,0.9608124,0.9726834,0.9500653,0.9824317,0.9658288,0.96123433,0.97802,0.9591881,0.9436647,0.95351255,0.97887254,0.7836249,0.97604775,0.94372535,0.9701631,0.97252995,0.97649443,0.9417655,0.97562414,0.9761853,0.96534294,0.9631621,0.9739674,0.95864314,0.9801768,0.98989195,0.97601223,0.9516337,0.98400927,0.9369312,0.9602014,0.9827542,0.9737561,0.9359691,0.96564054,0.9686154,0.9648905,0.970256,0.97223604,0.9733607,0.9838331,0.965773,0.9591178,0.964379,0.9619961,0.9775339,0.96558124,0.96,0.968437,0.9626584,0.98092157,0.95815593,0.9448979,0.9630147,0.9665775,0.96912885,0.96773565,0.96783847,0.97847265,0.9849573,0.9838331,0.9814762,0.9561326,0.96715355,0.96210945
avengers,0.9872689,0.96934706,0.9504966,0.96814203,0.96337277,0.962263,0.96922123,0.97038704,0.98140484,0.97705126,0.9646284,0.95694554,0.9709421,0.9726125,0.96959555,0.97242,0.9779089,0.9686959,1.0,0.9794221,0.95466846,0.96058434,0.9728494,0.9740454,0.977049,0.76229835,0.9715145,0.9627737,0.9565105,0.9671425,0.98721004,0.97319186,0.95838207,0.9534257,0.95000166,0.9056155,0.9614835,0.96913886,0.9688498,0.9718514,0.9634673,0.9590592,0.95199066,0.9639064,0.9749478,0.95174986,0.9710842,0.9558886,0.9470387,0.9590141,0.9559044,0.9774339,0.9599588,0.97172445,0.95127034,0.9647456,0.9661444,0.97678393,0.97952884,0.9574497,0.9694897,0.9661848,0.9605555,0.9708658,0.9736623,0.9765462,0.9648778,0.97623974,0.9689189,0.9426388,0.9607919,0.49958694,0.90424347,0.97095853,0.9622005,0.97859496,0.91350037,0.9737783,0.97329515,0.9552162,0.95744896,0.96921873,0.9752551,0.9730514,0.95717454,0.95848703,0.9771052,0.97249824,0.9658193,0.9776392,0.97697043,0.9607919,0.96050817,0.9615265,0.9542076,0.9644361,0.9694371,0.9682634,0.964017,0.96844333,0.9415856,0.973795,0.94794965,0.97679013,0.9757947,0.9574153,0.9620673,0.9544735,0.95496845,0.9575293,0.9751215,0.7139618,0.98167485,0.93210876,0.94921756,0.98265797,0.98096526,0.9641218,0.969513,0.95174736,0.9750489,0.9680028,0.97272044,0.96203107,0.975638,0.9813679,0.9671633,0.95496565,0.970114,0.94727594,0.9612369,0.9688486,0.9723881,0.9530164,0.9692606,0.9640927,0.9723641,0.95741093,0.9638001,0.9523434,0.98140484,0.95728356,0.9374983,0.95194113,0.96063083,0.97316736,0.9652231,0.9564445,0.9695316,0.98330355,0.9724801,0.95400506,0.95843965,0.9796104,0.9613091,0.96244407,0.9683327,0.95432013,0.972849,0.97053343,0.98140484,0.9790464,0.96987355,0.9715438,0.95948184
beachbummovie,0.983986,0.97125286,0.9750258,0.9589702,0.9717556,0.9759569,0.9847025,0.984347,0.9893727,0.9752961,0.9693612,0.95592666,0.9873049,0.98514915,0.9895292,0.97813064,0.9843923,0.9731436,0.9794221,1.0,0.9751197,0.98051125,0.9869452,0.9852579,0.9849595,0.75592035,0.98124117,0.96576,0.9793233,0.979218,0.9822882,0.9768682,0.96574,0.9635723,0.9455117,0.9042129,0.9755712,0.97798926,0.9800219,0.9737098,0.9789723,0.9717654,0.9704348,0.9819888,0.9803091,0.96882004,0.98453265,0.9552388,0.95638317,0.97518367,0.97354776,0.9793583,0.9771137,0.9824806,0.9672778,0.9657838,0.97145534,0.9831855,0.9793764,0.98041576,0.97936904,0.96316504,0.9683005,0.98170924,0.97978616,0.9669272,0.96797836,0.97324747,0.9763636,0.9616907,0.97721666,0.5263332,0.91326636,0.977536,0.9379821,0.9815014,0.92630804,0.97890925,0.97153544,0.96618825,0.97427243,0.9775806,0.983947,0.96249986,0.97523797,0.9800962,0.98628694,0.98588246,0.9704258,0.97958297,0.989448,0.97721666,0.96843374,0.972305,0.968979,0.973509,0.9783138,0.980839,0.97015375,0.98131496,0.9623303,0.9854901,0.9704469,0.98570764,0.9856606,0.9738074,0.9753593,0.9727767,0.9677288,0.9616553,0.9859876,0.7551732,0.9823553,0.9378152,0.9555785,0.98396134,0.9877367,0.9558537,0.980507,0.96245736,0.98330754,0.9823955,0.97761613,0.9756051,0.98571837,0.9870868,0.9777037,0.965561,0.97300875,0.94119555,0.97532356,0.9815371,0.975532,0.95791286,0.9826452,0.97404045,0.9843676,0.95726764,0.9770649,0.97437865,0.9893727,0.9761935,0.9586058,0.97532725,0.97854155,0.9767198,0.96668446,0.9629146,0.9800073,0.97526395,0.98280114,0.9778698,0.967737,0.98310196,0.96941143,0.9766477,0.97661084,0.9726309,0.98293185,0.9699131,0.9893727,0.9840911,0.98490274,0.9733323,0.97451186
bernadettefilm,0.95833665,0.953191,0.96619517,0.96041244,0.9621726,0.95562226,0.9807181,0.96644574,0.9784631,0.9580579,0.9762721,0.9421435,0.97566223,0.98388004,0.97059774,0.9580473,0.9734536,0.9627885,0.95466846,0.9751197,1.0,0.95935047,0.9659116,0.9700328,0.9704832,0.68903685,0.97255,0.9476391,0.9688071,0.9775807,0.95567393,0.9636516,0.9437089,0.9412196,0.9311546,0.9116921,0.97124016,0.9592266,0.96869767,0.946844,0.9592382,0.96149576,0.9445278,0.9690068,0.96595126,0.9622955,0.9665725,0.95369995,0.94991356,0.95698154,0.96214265,0.9663002,0.9509991,0.9588851,0.9505427,0.96638596,0.95966697,0.9716255,0.96864253,0.9667856,0.9623532,0.96544576,0.9514698,0.974914,0.96871084,0.96488774,0.96123445,0.9589167,0.9663839,0.95637774,0.96910375,0.48178658,0.93503636,0.95920855,0.9227706,0.9581673,0.87530607,0.96985775,0.96754944,0.9611661,0.9680268,0.968766,0.9769618,0.9271795,0.9563688,0.95838857,0.9683244,0.97890615,0.9592125,0.9707621,0.9675989,0.96910375,0.9438319,0.9474429,0.9583621,0.96372926,0.96145463,0.9747434,0.9697869,0.9482036,0.95800245,0.97066313,0.9538636,0.96889335,0.96303004,0.9623087,0.9771498,0.95567966,0.9618509,0.95649284,0.9750651,0.71594244,0.9636389,0.92295516,0.97456545,0.97239846,0.969669,0.93574774,0.9766028,0.9769689,0.9678743,0.96846676,0.969974,0.9504904,0.9729849,0.9688775,0.97284317,0.9428627,0.9646289,0.9241032,0.98525745,0.9622081,0.96275526,0.93973315,0.96682227,0.9723095,0.96538454,0.9528781,0.9680363,0.9635451,0.9784631,0.96529365,0.95455897,0.9635521,0.9636588,0.9723067,0.97028184,0.95441806,0.97822654,0.9643527,0.9771696,0.96183217,0.9604445,0.9525963,0.959817,0.96243256,0.9509879,0.9654916,0.9645481,0.9715674,0.9784631,0.9700802,0.9772725,0.95832086,0.96160245
