movie,21bridgesmovie,47metersdown,abeautifuldaymovie,abominablemovie,adastramovie,adogsjourneymovie,aftermathmovie,aftermovie,ahiddenlifefilm,alitamovie,angelhasfallen,angrybirdsmovie,annabellemovie,annamovie,apollo11movie,arcticdogsmovie,arcticmovie,artofracingmovie,avengers,beachbummovie,bernadettefilm,blackandbluemovie,blackchristmas,blindedbythelightmovie,bombshellmovie,booksmart,breakthroughmovie,brianbanksmovie,brightburnmovie,brittanyrunsmov,captainmarvelofficial,captivestatemovie,catsmovie,charliesangels,childsplaymovie,clarathefilm,coldpursuitmovie,countdown,currentwarmovie,darkwatersmovie,detectivepikachumovie,disneyaladdin,disneyfrozen,disneymaleficent,doctorsleepmovie,dolemiteismyname,dontletgomovie,doramovie,downtonabbey_official,dumbo,escaperoom,everybodyknowsmovie,fastandfuriousmovie,fightingwmyfam,fivefeetapartfilm,fordvferrari,freaksthefilm,geminimanmovie,glassmovie,gloriabellmovie,godzillamovie,goldfinchmovie,goodboysmovie,goodliarmovie,gretafilm,halathemovie,happydeathdaymovie,harrietfilm,hellboymovie,hersmellmovie,highlifemovie,highstrungmovie,honeyboymovie,hotelmumbaifilm,httydragon,hustlemovie,hustlersmovie,isntitromantic,itmovieofficial,jayandsilentbob,johnwickmovie,jojorabbitmovie,jokermovie,judythefilm,jumanjimovie,justmercyfilm,knivesout,lalloronamovie,lastblackmansf,lastchristmasthemovie,latenightmovie,lighthousemovie,lionking,littlethemovie,littlewomenmovie,littlewoodsfilm,longshotmovie,lordsofchaosmovie,lucyintheskyfilm,mamovie2019,marriagestory,meettheaddams,meninblack,midsommarmovie,midwaymovie,missbalamovie,missinglinkfilm,motherlessbklyn,onceinhollywood,onthebasisofsex,overcomermovie,peanutbutterfalcon,petsematarymovie,piercingmovie,playingwithfire,playmobilthemovie,pomsmovie,queenandslim,rambomovie,readyornotfilm,richardjewellfilm,rocketmanmovie,scarystoriesmovie,secretlifeofpets,serenityfilm,shaftmovie,shazammovie,spidermanmovie,spiesindisguise,starwars,stormboymovie,stubermovie,taosdfilm,teenspiritmov,terminator,theaeronautsmov,thebestofenemies,thedeaddontdie,thefarewell,thehighwaymen,thehummingbirdprojectfilm,theintrudermovie,theirishmanfilm,thekitchenmovie,thelegomovie,themustangfilm,thenightingalefilm,theprodigymovie,thesunisalsoastar,theupsidefilm,tolkienmovie,toystory,triplefrontier,uglydolls,uncutgems,underthesilverlake,usmovie,wavesmovie,whatmenwant,wonderparkmovie,wrinklestheclown,xmenmovies,yardiefilm,yesterdaymovie,zombieland
21bridgesmovie,1.0000002,0.9427021,0.9578451,0.94370884,0.9556352,0.95685697,0.96382326,0.95712566,0.9805552,0.9440421,0.95172113,0.95077413,0.95935214,0.95452744,0.96585345,0.95343864,0.9537717,0.949244,0.9746237,0.9368053,0.95750904,0.95721054,0.9657164,0.96428657,0.95841044,0.87594,0.9631188,0.95677555,0.96324277,0.9558552,0.950982,0.94193786,0.9522018,0.95295155,0.94286084,0.94330525,0.96433693,0.96944547,0.96128446,0.9462381,0.95249695,0.96384335,0.93427426,0.96339303,0.9596196,0.9546248,0.9630343,0.9639145,0.9535663,0.9611135,0.961715,0.96020377,0.9568686,0.9509787,0.95658326,0.9524022,0.95999026,0.9639433,0.9594296,0.95752776,0.9409686,0.96393555,0.95440376,0.9578202,0.9579194,0.9597226,0.95681244,0.94459224,0.95585966,0.9458417,0.9610752,0.82356143,0.94413227,0.96586365,0.9468155,0.94602156,0.94674224,0.9529696,0.9623047,0.95783085,0.9472176,0.94865996,0.96572715,0.959934,0.95908004,0.949004,0.9454961,0.95509195,0.95611554,0.9540621,0.95717627,0.9610752,0.955163,0.95542884,0.95407534,0.95952725,0.9527798,0.95015085,0.9549905,0.9622058,0.956556,0.9632326,0.95307046,0.96605146,0.9554009,0.96236026,0.95434624,0.95577234,0.93532413,0.9436976,0.9591898,0.8908337,0.95734704,0.9439845,0.9533541,0.9731819,0.9920085,0.9555589,0.9617936,0.95473856,0.95828307,0.9519081,0.95866686,0.9474495,0.9596162,0.9615908,0.96455485,0.95212275,0.95662713,0.93294287,0.96067125,0.94501984,0.96204907,0.9515753,0.95780087,0.96133775,0.95922375,0.9470938,0.9636607,0.9488322,0.9805552,0.9601863,0.9486589,0.9481243,0.9575705,0.9500064,0.9601931,0.9501992,0.9517544,0.9708847,0.9640372,0.95555586,0.95539,0.959278,0.9453012,0.9540499,0.96124667,0.964629,0.9545194,0.95644987,0.9805552,0.9575521,0.9609194,0.96525466,0.95912254
47metersdown,0.9427021,0.9999997,0.92667854,0.9305602,0.9292614,0.9355205,0.9484269,0.9412731,0.9588001,0.92943954,0.9351959,0.925391,0.9285416,0.9459435,0.9548827,0.95414084,0.9480638,0.9307561,0.93101346,0.9278593,0.94260967,0.9340706,0.94395983,0.93567115,0.93857396,0.8479228,0.93442947,0.93433964,0.9347104,0.93029326,0.93210834,0.9196127,0.9387937,0.9160793,0.93276286,0.8981046,0.94517416,0.9477332,0.93998355,0.9295502,0.92803156,0.935946,0.9035668,0.93665546,0.93261635,0.9386796,0.94478697,0.93462104,0.9290472,0.9369163,0.939834,0.93467605,0.92965704,0.93192106,0.93213797,0.9298048,0.9261141,0.95321447,0.94761944,0.93628794,0.92453545,0.9310511,0.93688065,0.9429411,0.93241686,0.92633665,0.9372885,0.91790336,0.9494485,0.92399323,0.9369688,0.8026288,0.92503095,0.9343758,0.93173194,0.9285585,0.91302884,0.936188,0.9392145,0.9314554,0.932486,0.9412982,0.9329495,0.92206395,0.9395409,0.942879,0.93490446,0.93145436,0.9372059,0.9202454,0.92509156,0.9369688,0.9308631,0.92806345,0.9372862,0.94466853,0.93741846,0.9415421,0.93725383,0.93440294,0.9421194,0.93857324,0.9443355,0.9357491,0.94902897,0.94166535,0.9357558,0.9313234,0.91072917,0.91223085,0.9404651,0.87054145,0.9389285,0.9191149,0.9420965,0.94651103,0.94526005,0.9288803,0.95741665,0.9470516,0.9274754,0.94554055,0.9496408,0.9049779,0.93301386,0.93753725,0.9361223,0.93015933,0.93744254,0.9093255,0.9436754,0.9245171,0.94896924,0.92763585,0.94772166,0.93800086,0.9208746,0.92516464,0.937487,0.92618036,0.9588001,0.9310356,0.9361918,0.9201685,0.9225499,0.9348718,0.9404305,0.933238,0.92792547,0.9319384,0.9370361,0.9203242,0.9281408,0.9155082,0.92638326,0.94737846,0.92886317,0.9371986,0.93984497,0.94514185,0.9588001,0.9371308,0.931976,0.9417001,0.93821394
abeautifuldaymovie,0.9578451,0.92667854,1.0000001,0.9346895,0.9521252,0.94442564,0.9567082,0.9519582,0.97412634,0.942134,0.9388145,0.9598506,0.9343202,0.9436162,0.95360523,0.9443981,0.9536371,0.95532906,0.9542289,0.9310848,0.95127,0.9687975,0.9530083,0.9580272,0.95500356,0.859117,0.9453614,0.9351895,0.97276473,0.95371896,0.9360969,0.9359779,0.93432987,0.9525188,0.9362501,0.924128,0.9654682,0.94768614,0.9492682,0.94568557,0.94292,0.9563502,0.94991565,0.95932776,0.95292145,0.96172893,0.95121783,0.9633257,0.9608826,0.9600313,0.9762759,0.9570004,0.94637007,0.94092417,0.94945985,0.9480728,0.9466717,0.95389867,0.9461309,0.94914436,0.9490722,0.952609,0.95089674,0.94680613,0.95584244,0.95445216,0.94357246,0.9464885,0.9443728,0.9370442,0.95843375,0.80997926,0.94248897,0.94590294,0.9460487,0.93612224,0.91906726,0.9434097,0.9479817,0.94820195,0.9387711,0.9459647,0.94912124,0.94590455,0.95628077,0.9533261,0.94460195,0.9397428,0.94943374,0.95909524,0.9579473,0.95843375,0.9524651,0.93570983,0.9707517,0.9507581,0.94356686,0.9378856,0.94348294,0.94608444,0.96026504,0.9563344,0.9523225,0.9621431,0.9414305,0.9733122,0.95011,0.9468905,0.94368416,0.94275326,0.9484499,0.87196916,0.94457436,0.92449695,0.94213295,0.94498986,0.9628986,0.9480843,0.96010995,0.947159,0.9442443,0.9468094,0.95436466,0.93756676,0.95318365,0.94526255,0.9623305,0.9598333,0.9471597,0.9356289,0.96170926,0.9347241,0.95302624,0.93913156,0.945277,0.95138043,0.9441879,0.9414149,0.95846313,0.94632703,0.97412634,0.96937907,0.9565883,0.94589484,0.94413024,0.9455054,0.94678414,0.9516504,0.95277137,0.94369155,0.9497561,0.9670127,0.94933224,0.94592625,0.9556873,0.94717276,0.9517039,0.95471495,0.94032,0.9403397,0.97412634,0.94462377,0.95514584,0.9542065,0.96565557
abominablemovie,0.94370884,0.9305602,0.9346895,1.0000002,0.9498078,0.9316775,0.940573,0.9461482,0.96285653,0.930282,0.9463401,0.9372538,0.9540067,0.94410026,0.95448536,0.93739265,0.94384485,0.93617576,0.93846506,0.9366321,0.9510217,0.9332153,0.9488503,0.9386387,0.94953793,0.87529856,0.9369147,0.9446965,0.9393475,0.93347317,0.923238,0.9482239,0.9392376,0.9207082,0.93480533,0.91132003,0.94900143,0.95429605,0.94682825,0.9366167,0.9353703,0.9388347,0.91711515,0.9375964,0.92984515,0.93206406,0.9502839,0.9447405,0.94344455,0.9336233,0.9478574,0.956011,0.938389,0.9344311,0.93620634,0.94489104,0.9225868,0.94985884,0.9519361,0.9461923,0.9365639,0.95616,0.91254985,0.9406169,0.94596714,0.9312474,0.929863,0.9445724,0.940588,0.9340935,0.9466218,0.81713235,0.9229683,0.94468516,0.95279485,0.9244505,0.91788083,0.9484537,0.9507726,0.9287432,0.9436434,0.94644475,0.9335693,0.9413122,0.9509364,0.94306326,0.9607757,0.9397443,0.93500453,0.93480456,0.9284659,0.9466218,0.9275847,0.9394453,0.9459466,0.9598242,0.94353765,0.9314183,0.9366446,0.93487287,0.93796617,0.9444362,0.92731357,0.94525945,0.94217557,0.9410045,0.94428337,0.9346942,0.9238312,0.92740375,0.94158864,0.8896654,0.93687695,0.91901225,0.9403761,0.944771,0.9487952,0.94718087,0.94561064,0.9393208,0.9366433,0.94298995,0.9459553,0.92794436,0.9366358,0.92337376,0.9352445,0.94183236,0.951794,0.9151849,0.94815165,0.9422814,0.94610345,0.9333542,0.9363945,0.9371383,0.916334,0.9488271,0.9453069,0.93813914,0.96285653,0.9403171,0.936249,0.9381709,0.93359894,0.94497234,0.9313672,0.958136,0.94997746,0.94390035,0.94490296,0.93213207,0.9360405,0.9250437,0.9366868,0.9374379,0.93510574,0.9403086,0.93544036,0.93163365,0.96285653,0.9422443,0.9196268,0.9465749,0.94348824
adastramovie,0.9556352,0.9292614,0.9521252,0.9498078,0.9999997,0.95287997,0.9532997,0.9612597,0.9772976,0.95693934,0.950344,0.9522617,0.9449027,0.9531061,0.95593303,0.9457393,0.9555697,0.9741271,0.9458534,0.9387189,0.95684916,0.9545152,0.95639527,0.9578292,0.95548177,0.8544504,0.96214217,0.9419786,0.95499957,0.95301646,0.9460006,0.9492367,0.94187224,0.92679805,0.9396706,0.9213884,0.9592049,0.96057856,0.9688593,0.949108,0.9477314,0.95618254,0.92398167,0.9506423,0.95815194,0.95093715,0.95812696,0.958225,0.95869994,0.95728415,0.9592161,0.95733637,0.94336677,0.9426714,0.94784874,0.97280943,0.9571838,0.95589304,0.9587079,0.96083456,0.94698894,0.96200603,0.9481896,0.9563269,0.9474053,0.9495457,0.94243866,0.9419055,0.9505585,0.93455374,0.96370715,0.8132242,0.93886197,0.9545725,0.9543517,0.94679695,0.92215276,0.9513122,0.9579272,0.9511476,0.94822085,0.9444349,0.9519447,0.9507911,0.96161777,0.9580749,0.94500685,0.9393828,0.95364,0.9585932,0.95047116,0.96370715,0.9455736,0.9515288,0.9470587,0.9512392,0.9553292,0.94041467,0.93915063,0.9571516,0.95239115,0.9563547,0.94517165,0.96283543,0.9558078,0.95474064,0.96012086,0.9461929,0.94693565,0.943305,0.9555837,0.8825986,0.95076454,0.93501294,0.943525,0.95429635,0.9621652,0.95423025,0.95883954,0.94685984,0.95120883,0.94855744,0.958895,0.949416,0.96126497,0.9545738,0.95477957,0.9525108,0.97564083,0.92172384,0.956869,0.9681265,0.96075827,0.9413599,0.9540486,0.9508287,0.94103044,0.9510906,0.97067213,0.9527923,0.9772976,0.95006865,0.9478079,0.9504129,0.94088125,0.9492001,0.943342,0.95637405,0.95794207,0.95683134,0.9545846,0.95387983,0.9476879,0.9370016,0.95417887,0.95242846,0.9554416,0.9493125,0.95442325,0.9423957,0.9772976,0.9607342,0.9428638,0.9578149,0.95401734
adogsjourneymovie,0.95685697,0.9355205,0.94442564,0.9316775,0.95287997,0.9999998,0.95916593,0.9530508,0.9724134,0.9404606,0.9488221,0.95794344,0.9490406,0.9499537,0.95801896,0.95181036,0.9504734,0.962183,0.9505434,0.9417388,0.94503075,0.95437,0.96358854,0.9524439,0.9530513,0.84598655,0.95611304,0.93813837,0.9560503,0.9437152,0.9453379,0.9469859,0.9409256,0.9478007,0.9366798,0.9256317,0.9528333,0.9584996,0.9601342,0.94135344,0.95221984,0.9605426,0.93145436,0.9533363,0.9441543,0.94401693,0.9666215,0.95542663,0.95179147,0.95373875,0.96017015,0.95332706,0.9512172,0.95028394,0.9528432,0.9559621,0.9476444,0.9564577,0.9458827,0.94950205,0.9497666,0.9484894,0.9432863,0.9549971,0.94930494,0.94538635,0.9323983,0.9430421,0.9443383,0.94594246,0.9543947,0.80669224,0.9354137,0.9486372,0.9509454,0.9277999,0.93464863,0.9464697,0.945175,0.9578325,0.94802743,0.95418304,0.9554234,0.94469786,0.9619239,0.9516994,0.94935113,0.9410797,0.9586468,0.95109546,0.9493249,0.9543947,0.94776505,0.945874,0.95044583,0.9531941,0.94764197,0.9502745,0.9438025,0.9612031,0.9517991,0.9616855,0.95013076,0.9567393,0.95037264,0.95841473,0.939942,0.95294785,0.94115394,0.9205311,0.95351344,0.8920409,0.94717205,0.92550045,0.9475488,0.94657844,0.9586867,0.9596031,0.9560569,0.9567329,0.9503701,0.95020175,0.9505417,0.9684919,0.94776255,0.9441171,0.9597231,0.9509243,0.9562075,0.9211271,0.94785446,0.93883944,0.95445114,0.9399743,0.9522891,0.94644684,0.94185615,0.9433835,0.95773023,0.9400683,0.9724134,0.9536704,0.95051444,0.943636,0.93485147,0.9464745,0.9414251,0.9521226,0.9514618,0.9470576,0.95703447,0.9356801,0.9439205,0.93799925,0.9456757,0.9516282,0.9513261,0.95521337,0.9457124,0.9483477,0.9724134,0.9461191,0.9554442,0.9665275,0.9513736
aftermathmovie,0.96382326,0.9484269,0.9567082,0.940573,0.9532997,0.95916593,1.0000001,0.9593997,0.98236257,0.9569877,0.947422,0.96171016,0.9535482,0.9583662,0.9701896,0.95693463,0.9607336,0.951195,0.95788455,0.9407498,0.96081287,0.9528921,0.95838135,0.96701646,0.9625603,0.86844575,0.95385414,0.9538529,0.96211636,0.9606478,0.9561938,0.9466254,0.9546897,0.94943863,0.9474195,0.9416714,0.964221,0.9577766,0.9618431,0.9608215,0.9563711,0.9571548,0.94726914,0.959218,0.9499763,0.95578796,0.9599236,0.9596333,0.95282066,0.95632195,0.9632549,0.9630335,0.9549181,0.94572103,0.955994,0.9530214,0.9551197,0.9623298,0.96080726,0.9494644,0.9501669,0.9564445,0.9532551,0.95875657,0.95769745,0.9535627,0.95110685,0.9531629,0.95759445,0.951247,0.9586617,0.815472,0.9491537,0.96313214,0.9520665,0.942741,0.9478098,0.95146215,0.9520405,0.95777255,0.94354856,0.97127295,0.9646224,0.96297216,0.96284246,0.9656342,0.9563967,0.9547259,0.9530076,0.96822345,0.9542193,0.9586617,0.95394623,0.9474766,0.95637846,0.9596563,0.9493184,0.9563314,0.9746714,0.9476332,0.9631343,0.95478624,0.9542441,0.96511906,0.96034473,0.96407735,0.9534336,0.946026,0.9518425,0.946021,0.95692694,0.8912594,0.948328,0.9410811,0.950263,0.95978004,0.97012234,0.9604591,0.96696395,0.9853137,0.9520655,0.95720094,0.9569634,0.9442381,0.96414983,0.9616813,0.9545274,0.946787,0.9554763,0.947305,0.962947,0.94615173,0.9683081,0.9440418,0.95627886,0.95792174,0.9401281,0.94957095,0.96185035,0.9460455,0.98236257,0.9538962,0.95785886,0.9436969,0.9521194,0.9532509,0.9604544,0.95967716,0.9504846,0.95823026,0.98219424,0.95676726,0.95405763,0.9528094,0.9547743,0.94801915,0.95674485,0.9562472,0.9479054,0.9526224,0.98236257,0.95907074,0.9555943,0.96755326,0.95704836
aftermovie,0.95712566,0.9412731,0.9519582,0.9461482,0.9612597,0.9530508,0.9593997,0.99999976,0.9779599,0.9487145,0.9475018,0.9489427,0.9519151,0.958556,0.9662415,0.94541514,0.9605044,0.95397216,0.9596926,0.9452115,0.95687133,0.9630817,0.9609828,0.9611361,0.9528129,0.84450006,0.94830954,0.9472396,0.9617323,0.95344967,0.9577016,0.9585993,0.9434079,0.94602495,0.94806576,0.9339086,0.9593722,0.96424526,0.9603952,0.9469225,0.9415684,0.96054435,0.92186224,0.9628874,0.95774865,0.9536657,0.9641439,0.96267146,0.95700485,0.9600407,0.96156657,0.9626747,0.9527608,0.954944,0.97160345,0.95240855,0.95774484,0.9636904,0.9565955,0.9579728,0.9505376,0.9585073,0.9436765,0.9555657,0.95562977,0.9546468,0.9491415,0.9453689,0.94854516,0.94364566,0.961964,0.8098005,0.9487668,0.9557087,0.9573776,0.93975264,0.9374045,0.95293474,0.95473695,0.9619132,0.9533045,0.9515997,0.95810777,0.95366347,0.9618721,0.9528875,0.9538011,0.95335484,0.9542791,0.95598614,0.95251626,0.961964,0.944732,0.94407296,0.9538126,0.95828235,0.9457421,0.9433937,0.95490044,0.9599211,0.952453,0.9582253,0.9471316,0.96425056,0.9607391,0.9632386,0.9510615,0.9417909,0.9377227,0.94359255,0.9549418,0.8872835,0.9554875,0.94171727,0.95426404,0.9616499,0.9636693,0.9616612,0.9623072,0.9537369,0.9488048,0.95495903,0.96171224,0.94270843,0.9566463,0.9536286,0.957683,0.9533417,0.9566737,0.92640847,0.9586432,0.9512709,0.95969456,0.9456187,0.9628019,0.96467394,0.94852316,0.9539175,0.9667829,0.9452565,0.9779599,0.9599301,0.9533447,0.9501001,0.94394284,0.9589164,0.95449,0.9643395,0.9584191,0.95306957,0.9537403,0.95294815,0.95407957,0.93554497,0.9467457,0.9490157,0.9548443,0.94941515,0.96162605,0.95582354,0.9779599,0.954272,0.94405484,0.9647313,0.9585253
ahiddenlifefilm,0.9805552,0.9588001,0.97412634,0.96285653,0.9772976,0.9724134,0.98236257,0.9779599,1.0000001,0.9654173,0.96828634,0.9741152,0.9718317,0.9744635,0.9841905,0.96907425,0.9787578,0.97218704,0.9750615,0.956518,0.9779367,0.9731656,0.980631,0.9789068,0.97579527,0.88008857,0.9728746,0.96979004,0.9768863,0.9711993,0.9680446,0.966075,0.96585476,0.96409625,0.9625482,0.9479312,0.981327,0.97757185,0.97810763,0.97006243,0.969652,0.9778603,0.955215,0.97700655,0.97625726,0.9735549,0.9814188,0.9791019,0.9729673,0.9757342,0.98119545,0.9785672,0.9699226,0.965855,0.97247446,0.9720573,0.9722116,0.98061055,0.97591597,0.97250676,0.96549076,0.97503775,0.97089237,0.9760234,0.9749456,0.9726949,0.9659574,0.9647715,0.97158974,0.9658202,0.98158807,0.82729787,0.9626563,0.97985774,0.96957093,0.9617557,0.9534927,0.9729868,0.9727371,0.97239184,0.9675345,0.9711864,0.9784073,0.97206795,0.97982866,0.97270596,0.96974874,0.97251433,0.97251016,0.9787861,0.9692177,0.98158807,0.9710959,0.96408576,0.9755155,0.97520715,0.96635586,0.9677873,0.97060317,0.9722936,0.97785056,0.97531796,0.9669639,0.9827529,0.9730736,0.98019457,0.97330743,0.969173,0.9600323,0.9634437,0.9748676,0.9024517,0.97205603,0.9535365,0.9718572,0.9738498,0.9857258,0.9752074,0.9831328,0.97240466,0.9709474,0.9689612,0.97721094,0.96422994,0.9795475,0.9727117,0.9764923,0.9710115,0.97648567,0.9506024,0.97779655,0.9633824,0.98235255,0.9674012,0.97647303,0.9735221,0.9601482,0.9646384,0.98440737,0.9672902,1.0000001,0.97581893,0.97639143,0.96933836,0.9659326,0.96871245,0.9706151,0.9755181,0.9746019,0.97196126,0.97489274,0.9733953,0.97076595,0.96266913,0.9706814,0.9703183,0.973264,0.975668,0.9674835,0.9683285,1.0000001,0.9730939,0.9695307,0.9835184,0.97676384
alitamovie,0.9440421,0.92943954,0.942134,0.930282,0.95693934,0.9404606,0.9569877,0.9487145,0.9654173,0.9999998,0.92663074,0.944726,0.94169706,0.9475345,0.9492633,0.9370973,0.9452352,0.9517222,0.9289904,0.93372697,0.9483199,0.9445308,0.94867784,0.9438745,0.944128,0.83841395,0.9360683,0.932461,0.94606787,0.93338025,0.93094456,0.9380065,0.9319736,0.9250848,0.9409258,0.92413235,0.94675964,0.9395465,0.9469958,0.94073415,0.94231814,0.94457686,0.9204264,0.9458262,0.9431335,0.9502956,0.950956,0.9457157,0.93095803,0.9449062,0.9493852,0.94482005,0.94011956,0.938406,0.93946993,0.95148224,0.935478,0.94916135,0.9444336,0.9479414,0.93680674,0.95001763,0.9411239,0.9458206,0.9370236,0.93247277,0.93773603,0.93376935,0.9442665,0.9185263,0.95058924,0.8160076,0.92447484,0.9494786,0.93219924,0.9236306,0.9119539,0.940954,0.9536832,0.9467508,0.9413341,0.93654555,0.94405526,0.94322634,0.95658606,0.9376173,0.9479314,0.9394984,0.9425518,0.9380355,0.9379993,0.95058924,0.91969395,0.93373436,0.9442317,0.94421285,0.9366424,0.9399503,0.94110066,0.947774,0.95467925,0.9436401,0.9377381,0.96024954,0.9527143,0.94774896,0.9376124,0.9269999,0.93784934,0.9318791,0.9410972,0.877866,0.94611174,0.9193561,0.9288731,0.9391906,0.95252836,0.94216025,0.95131606,0.947789,0.9436405,0.9341367,0.94626284,0.9360522,0.945283,0.94586617,0.9362877,0.9308465,0.947798,0.9048876,0.9510149,0.9550909,0.9577783,0.9281256,0.9591252,0.9365935,0.92956567,0.94206816,0.95619667,0.9414276,0.9654173,0.94200546,0.95174104,0.94073784,0.9318582,0.93584377,0.9469305,0.95236087,0.93821937,0.9505428,0.94825596,0.9342133,0.93880814,0.93785745,0.9411555,0.9389077,0.93217266,0.9449833,0.94876486,0.93598527,0.9654173,0.94475305,0.94301486,0.946271,0.9444568
angelhasfallen,0.95172113,0.9351959,0.9388145,0.9463401,0.950344,0.9488221,0.947422,0.9475018,0.96828634,0.92663074,1.0,0.9428054,0.94778025,0.9505052,0.96201706,0.94415766,0.94819087,0.9421702,0.94492435,0.94007605,0.9536598,0.939777,0.9528717,0.94218713,0.95546937,0.84095883,0.940545,0.9426028,0.9394414,0.9383132,0.92963004,0.94166887,0.9484652,0.9301439,0.94468254,0.92575085,0.9467099,0.95850515,0.95793504,0.93533486,0.94550425,0.9505422,0.91878927,0.948501,0.95347613,0.93891877,0.9525846,0.9412626,0.9469101,0.9482192,0.94509494,0.94876367,0.94181776,0.94274616,0.9439797,0.94050604,0.93807507,0.9548841,0.95494074,0.94806176,0.9318846,0.94583356,0.93784225,0.9527613,0.9499136,0.94894683,0.94208145,0.9362385,0.9546225,0.932265,0.9500102,0.81979895,0.9265893,0.9408842,0.95714873,0.92378324,0.9200262,0.9429604,0.9533377,0.9339866,0.9629164,0.9418214,0.94429725,0.9536626,0.94952023,0.93623465,0.9544666,0.94861877,0.93991095,0.949373,0.9419858,0.9500102,0.9347392,0.94241744,0.9378712,0.96089447,0.9511991,0.94551426,0.93863344,0.9498301,0.942138,0.95638674,0.93126196,0.94647425,0.93825066,0.9488387,0.939084,0.94240105,0.92735934,0.9327087,0.93750775,0.8809856,0.9456398,0.94064534,0.9455977,0.96038294,0.95395976,0.9506039,0.95373803,0.94072354,0.94334006,0.94212174,0.9455713,0.9357681,0.93980074,0.9299508,0.94715,0.93883526,0.9554866,0.9109189,0.95001954,0.92660874,0.95535034,0.9442132,0.95021343,0.9431207,0.9298494,0.9328809,0.95311457,0.9381932,0.96828634,0.9358415,0.94523114,0.93912923,0.93525,0.94712645,0.9355347,0.953793,0.95371735,0.94188255,0.9502215,0.94547004,0.93897146,0.92337316,0.9447642,0.94751275,0.94739807,0.9551391,0.9412084,0.93614435,0.96828634,0.9514544,0.93169355,0.95791256,0.936378
angrybirdsmovie,0.95077413,0.925391,0.9598506,0.9372538,0.9522617,0.95794344,0.96171016,0.9489427,0.9741152,0.944726,0.9428054,0.9999998,0.94767445,0.9466828,0.96116185,0.94504,0.95599526,0.9519972,0.9480954,0.94764316,0.95260465,0.958639,0.9611228,0.95461035,0.95565695,0.8583158,0.948404,0.9392769,0.958708,0.95108163,0.93697065,0.94982845,0.9446479,0.9464415,0.9293104,0.9249668,0.9580137,0.9509852,0.95316225,0.943395,0.957707,0.95419866,0.9452481,0.9534398,0.9509918,0.95948505,0.96169937,0.958325,0.957368,0.95131123,0.96857136,0.9545039,0.94040835,0.939583,0.94302887,0.9482673,0.94939226,0.95676154,0.94362324,0.9443663,0.9596105,0.94557434,0.94798553,0.9589482,0.9531563,0.9522851,0.9376492,0.9483795,0.94209254,0.94968754,0.9548796,0.79244554,0.9357633,0.95182174,0.94883,0.9309779,0.92505693,0.9413382,0.95132947,0.94627887,0.94098115,0.94937503,0.95477194,0.94740635,0.9672463,0.9541532,0.95099163,0.95167017,0.95731163,0.9664793,0.94573146,0.9548796,0.9431841,0.944165,0.9640361,0.95787424,0.9430958,0.9452316,0.94456875,0.9484969,0.9583002,0.95391774,0.9460831,0.95851487,0.94373477,0.9628159,0.9479735,0.9440658,0.94977486,0.93787056,0.9476446,0.8690887,0.94003385,0.9164082,0.9380934,0.94053894,0.9606465,0.9563944,0.95749664,0.9524291,0.9524271,0.946174,0.94773006,0.9570075,0.95112514,0.94377923,0.9539799,0.94595027,0.95893663,0.92772096,0.96020323,0.9496224,0.9592639,0.94107413,0.9444023,0.9430328,0.9341181,0.94946563,0.96449816,0.9437493,0.9741152,0.9616836,0.95855516,0.9552661,0.95121217,0.93691874,0.9433826,0.952806,0.9572578,0.946325,0.95335424,0.9484142,0.94716954,0.9391611,0.952945,0.9424883,0.9489835,0.9538432,0.94753087,0.9378915,0.9741152,0.94708025,0.9486944,0.9618813,0.957478
annabellemovie,0.95935214,0.9285416,0.9343202,0.9540067,0.9449027,0.9490406,0.9535482,0.9519151,0.9718317,0.94169706,0.94778025,0.94767445,0.9999997,0.9523349,0.96633977,0.9490966,0.9523818,0.9389033,0.94953513,0.9307656,0.9532241,0.94179326,0.957794,0.95454735,0.9549557,0.8749223,0.9447395,0.9534041,0.9512445,0.9514799,0.9361036,0.9511688,0.93128437,0.9490236,0.94073707,0.92665523,0.95289046,0.9613273,0.9526984,0.9449761,0.96063143,0.9489336,0.9264193,0.9468477,0.94413537,0.9449346,0.9510581,0.95525557,0.9413718,0.9399883,0.95405686,0.95842856,0.95997506,0.9459316,0.9508742,0.9365748,0.9479084,0.95410585,0.94823086,0.9495349,0.95162773,0.95669055,0.9306925,0.9565545,0.9542031,0.9556406,0.9387879,0.946133,0.94287384,0.95439374,0.9584544,0.8235275,0.926635,0.9657322,0.93696755,0.9338926,0.9403377,0.9418853,0.95260704,0.9481265,0.94039464,0.9476181,0.96951705,0.9479662,0.95706755,0.94525677,0.96728945,0.978634,0.950389,0.94680274,0.94860595,0.9584544,0.93553954,0.9473109,0.95275354,0.9505405,0.9395664,0.93524134,0.95455986,0.94814456,0.959859,0.9475913,0.9352485,0.96226066,0.9502634,0.94885087,0.9425557,0.9610869,0.92466545,0.93703,0.9485064,0.87623006,0.948594,0.9238817,0.9498413,0.9472133,0.9617947,0.95432067,0.9474728,0.94526815,0.96042156,0.9405757,0.94359547,0.93971825,0.9577516,0.9415047,0.95066756,0.94240266,0.9535853,0.9067599,0.9480584,0.93727434,0.95935494,0.9469278,0.9490484,0.95095956,0.93053627,0.94959795,0.9568368,0.9457241,0.9718317,0.94755363,0.95697486,0.9539933,0.9600466,0.9475444,0.9413193,0.9580575,0.96075773,0.9525135,0.9558919,0.9355371,0.9473423,0.9449252,0.94952136,0.94539845,0.9433809,0.95194286,0.9414742,0.9398069,0.9718317,0.94937414,0.93614167,0.9549033,0.947278
annamovie,0.95452744,0.9459435,0.9436162,0.94410026,0.9531061,0.9499537,0.9583662,0.958556,0.9744635,0.9475345,0.9505052,0.9466828,0.9523349,0.9999996,0.96113014,0.9483214,0.96013874,0.955554,0.9465292,0.9371135,0.9615227,0.9499396,0.9528528,0.96129376,0.9554866,0.8549116,0.94574875,0.95498645,0.95348454,0.95186806,0.94683677,0.9451223,0.9582899,0.93108046,0.95712155,0.9256665,0.95899636,0.9623045,0.9529252,0.95193815,0.94642293,0.9579777,0.9176088,0.9563319,0.954531,0.9486114,0.95941603,0.9559703,0.9380863,0.95351595,0.9563869,0.9574862,0.94416994,0.94392574,0.9631724,0.9544887,0.94812965,0.9717099,0.95983374,0.9600916,0.9439916,0.94889647,0.9493039,0.9718239,0.9526904,0.9499577,0.95271516,0.9449892,0.9557806,0.9427347,0.96399325,0.8121148,0.93627876,0.9537773,0.9545093,0.9330816,0.9332647,0.94559586,0.9532774,0.94899976,0.9536835,0.9554228,0.95633,0.9492763,0.9582173,0.9496031,0.95604897,0.9452606,0.9543247,0.948997,0.94561404,0.96399325,0.94629616,0.9388084,0.94878596,0.9543388,0.95643127,0.95301527,0.9414658,0.9651409,0.95555496,0.95268846,0.9380026,0.9628126,0.966393,0.95570487,0.9457712,0.9453026,0.9277473,0.93207306,0.9464442,0.8731279,0.95466393,0.94138145,0.95511967,0.9494022,0.959,0.95828545,0.9614253,0.9530943,0.9502179,0.95050234,0.9602966,0.9420456,0.96209353,0.94221896,0.9546168,0.9480321,0.9580039,0.9173511,0.961415,0.940207,0.9624601,0.9464369,0.96558046,0.9545649,0.94201165,0.94460845,0.96450865,0.9455983,0.9744635,0.9508153,0.9486879,0.94152886,0.9454508,0.957992,0.9563501,0.9590798,0.9486689,0.9462555,0.95191145,0.9562913,0.9488607,0.94213045,0.94805753,0.9620408,0.94546646,0.95278525,0.954626,0.950265,0.9744635,0.9563095,0.95114267,0.95860267,0.9514133
apollo11movie,0.96585345,0.9548827,0.95360523,0.95448536,0.95593303,0.95801896,0.9701896,0.9662415,0.9841905,0.9492633,0.96201706,0.96116185,0.96633977,0.96113014,0.9999996,0.96006346,0.96962905,0.9546184,0.9601454,0.96213996,0.9607814,0.9660129,0.9695177,0.95977217,0.9604739,0.8663171,0.9540374,0.9596595,0.9607074,0.9592324,0.95647657,0.9535505,0.9610248,0.9417529,0.9515102,0.9276746,0.9611676,0.96727616,0.9601205,0.9545495,0.9577169,0.95994765,0.9368818,0.96380055,0.96764934,0.96140534,0.96806145,0.962803,0.95028716,0.9590321,0.9653705,0.9568885,0.96066666,0.955464,0.9568631,0.94767135,0.9535229,0.9687922,0.9622875,0.95796543,0.9507724,0.9611388,0.9549252,0.9651568,0.9580609,0.95750165,0.95959634,0.94415456,0.96108276,0.9502688,0.96484166,0.81194717,0.9388472,0.96002394,0.9554177,0.93976426,0.93535346,0.95384777,0.96272624,0.95846117,0.9551472,0.9621309,0.9614118,0.9596755,0.96499044,0.9560644,0.95983285,0.96603525,0.9543219,0.9617841,0.9605065,0.96484166,0.94642794,0.94596356,0.9600176,0.9795611,0.9484756,0.95425385,0.9563166,0.9623968,0.9606869,0.9606258,0.9564542,0.9688669,0.9579264,0.96482515,0.95396084,0.9558553,0.9373269,0.94980174,0.960606,0.8848752,0.9587389,0.9348207,0.95672196,0.96628386,0.9719947,0.9636919,0.9679022,0.9607226,0.9568832,0.9554956,0.964127,0.947897,0.96173877,0.95346266,0.9593442,0.9585537,0.96483743,0.93258846,0.96285135,0.9540919,0.971791,0.9569785,0.95961964,0.9616533,0.9421536,0.9460744,0.9654803,0.95965046,0.9841905,0.9598833,0.96296394,0.9558844,0.955303,0.95043945,0.956214,0.9630205,0.9644381,0.95209295,0.9610602,0.94921935,0.95432186,0.9435077,0.9581675,0.96055835,0.9614623,0.95973074,0.9529067,0.9541464,0.9841905,0.9596603,0.9543465,0.97333866,0.9616397
arcticdogsmovie,0.95343864,0.95414084,0.9443981,0.93739265,0.9457393,0.95181036,0.95693463,0.94541514,0.96907425,0.9370973,0.94415766,0.94504,0.9490966,0.9483214,0.96006346,1.0000001,0.95443463,0.94368756,0.9453188,0.9253797,0.94883305,0.9411899,0.95475715,0.94704133,0.9565415,0.869473,0.9516004,0.94722223,0.9431329,0.9453988,0.9368764,0.9406492,0.9369373,0.9355196,0.9329421,0.90239227,0.9557851,0.95840925,0.9552925,0.95027936,0.9515976,0.9474872,0.92697895,0.9482611,0.94714725,0.9329616,0.9572904,0.95328915,0.9484754,0.948001,0.9539455,0.9553788,0.9416427,0.9359907,0.9453857,0.9393619,0.94339335,0.9503788,0.945298,0.9486059,0.94535357,0.9448188,0.94648063,0.9563341,0.9438952,0.9331805,0.9404627,0.94429547,0.94569004,0.93825555,0.95128775,0.83931565,0.9260493,0.9493086,0.94520134,0.9297374,0.935303,0.94037604,0.9489928,0.94635415,0.93841314,0.9465039,0.9478133,0.9497262,0.95354694,0.948478,0.94668156,0.9419814,0.94997114,0.94510895,0.93966794,0.95128775,0.9412754,0.92977583,0.9514279,0.94955295,0.9458679,0.94230944,0.93677616,0.9445898,0.943249,0.9489188,0.93840754,0.9564003,0.95232767,0.9516307,0.9514499,0.95691824,0.94632244,0.93037945,0.95622706,0.8846687,0.93908274,0.92160004,0.94076324,0.94907707,0.9587737,0.9473331,0.95313615,0.95539117,0.94944197,0.94241863,0.9501257,0.9304859,0.94592917,0.93120867,0.9472872,0.94540834,0.9474023,0.91800916,0.94939864,0.9277527,0.9557925,0.9461349,0.9395267,0.9446202,0.93484527,0.9340836,0.95516753,0.9351335,0.96907425,0.94046015,0.94001794,0.93407255,0.9349157,0.9429587,0.9309328,0.9417146,0.94482714,0.9433307,0.9514958,0.9370364,0.9403448,0.93920714,0.94809026,0.9468898,0.95603895,0.9514356,0.93974656,0.9354787,0.96907425,0.9558032,0.9385398,0.9579718,0.9584599
arcticmovie,0.9537717,0.9480638,0.9536371,0.94384485,0.9555697,0.9504734,0.9607336,0.9605044,0.9787578,0.9452352,0.94819087,0.95599526,0.9523818,0.96013874,0.96962905,0.95443463,1.0,0.9496707,0.94970125,0.95104104,0.96272033,0.9590264,0.95812136,0.9610186,0.9611437,0.86073387,0.95120525,0.9685744,0.95254624,0.95359814,0.9479429,0.95491725,0.943023,0.9389128,0.9452905,0.9245126,0.9655441,0.9586866,0.9604337,0.9491271,0.9592502,0.9589007,0.9358917,0.9605539,0.9540865,0.94882953,0.9609604,0.9648635,0.9506994,0.9582781,0.95977753,0.9586361,0.9445237,0.93942374,0.9578358,0.94764435,0.9570695,0.96608704,0.9611586,0.9526375,0.9530313,0.9511275,0.9446523,0.9617563,0.9598282,0.94684947,0.94275844,0.953207,0.96059316,0.9460783,0.96012866,0.81827754,0.9441829,0.9601107,0.9515829,0.94058186,0.9275029,0.9514496,0.9543005,0.9550072,0.94737446,0.9467157,0.9544267,0.955835,0.95849735,0.9599627,0.9495967,0.94895965,0.95258826,0.95873743,0.94529414,0.96012866,0.95445794,0.94200253,0.9565282,0.9596438,0.9476355,0.95103645,0.94688296,0.94407034,0.9531798,0.9529187,0.94720817,0.9572888,0.95478517,0.9579814,0.9527603,0.9500213,0.94489247,0.95227134,0.9569491,0.8754942,0.951097,0.9335774,0.9438229,0.95314497,0.9622226,0.9552968,0.96264154,0.9527835,0.94928765,0.95162725,0.9654167,0.9414633,0.95747,0.9537557,0.95629674,0.9466826,0.9600008,0.93359774,0.9605547,0.9529558,0.9808802,0.9536626,0.95962524,0.95135695,0.936798,0.9494088,0.9617516,0.94823515,0.9787578,0.96290755,0.9490713,0.953306,0.94557655,0.95156956,0.9519624,0.9576885,0.95734537,0.95240635,0.95171773,0.9519726,0.9453025,0.9445374,0.9457718,0.9504777,0.95698607,0.9578161,0.94467485,0.9452324,0.9787578,0.9495228,0.94685614,0.96378404,0.9611065
artofracingmovie,0.949244,0.9307561,0.95532906,0.93617576,0.9741271,0.962183,0.951195,0.95397216,0.97218704,0.9517222,0.9421702,0.9519972,0.9389033,0.955554,0.9546184,0.94368756,0.9496707,1.0000001,0.94129884,0.9316596,0.9497155,0.9519891,0.95103645,0.94755304,0.9489604,0.8554665,0.9578415,0.93447286,0.9593266,0.94559425,0.94643587,0.9323278,0.94099087,0.93703675,0.9309541,0.91299903,0.94821256,0.9559922,0.9507778,0.94476676,0.9444655,0.9554326,0.9244955,0.95363003,0.9512648,0.9563505,0.95329297,0.95124626,0.9539616,0.9584941,0.9602817,0.9477555,0.9408421,0.9434631,0.94832504,0.96457833,0.9449541,0.9545707,0.9573944,0.95686793,0.9480772,0.9555179,0.9501899,0.96028644,0.94233495,0.9496315,0.9384334,0.93044364,0.94088554,0.9323481,0.96134377,0.806879,0.9304833,0.94335,0.93923616,0.93698627,0.9209272,0.9488858,0.94716346,0.9479977,0.943622,0.944387,0.95139086,0.9439249,0.95495343,0.9581378,0.9449861,0.93256253,0.9606165,0.9508743,0.9490868,0.96134377,0.9441031,0.9418783,0.94570184,0.9555845,0.945349,0.935985,0.938589,0.95366716,0.95579964,0.95383734,0.94501114,0.9592507,0.9570257,0.9547676,0.9481515,0.9497259,0.9323752,0.93315196,0.94945925,0.8758234,0.95138943,0.9207995,0.948649,0.94082296,0.95672345,0.94798493,0.95558316,0.9445706,0.94635487,0.9541022,0.95205265,0.9485108,0.95760155,0.9480188,0.95341545,0.95836973,0.9667896,0.9132281,0.95279956,0.95232373,0.95719457,0.94570917,0.9536794,0.9426096,0.9329038,0.9387973,0.96417403,0.9643134,0.97218704,0.9490753,0.9495528,0.9480302,0.94677013,0.94363236,0.94076073,0.94836766,0.956079,0.949946,0.95215845,0.9486601,0.9493259,0.93904996,0.9564871,0.9560923,0.9464874,0.95039755,0.9523114,0.9432149,0.97218704,0.9594022,0.9494754,0.95363325,0.95284724
avengers,0.9746237,0.93101346,0.9542289,0.93846506,0.9458534,0.9505434,0.95788455,0.9596926,0.9750615,0.9289904,0.94492435,0.9480954,0.94953513,0.9465292,0.9601454,0.9453188,0.94970125,0.94129884,0.99999946,0.9403427,0.9557498,0.9547241,0.96270984,0.9610926,0.9481,0.86185044,0.9502773,0.9414762,0.9499006,0.94444674,0.9678596,0.9437365,0.95169264,0.946758,0.92776924,0.9316186,0.9575082,0.9568601,0.94938296,0.94009674,0.94332767,0.9614773,0.93065554,0.9593048,0.955329,0.947345,0.9594252,0.9541154,0.94620854,0.95557857,0.9575261,0.95801914,0.953173,0.9482672,0.9493504,0.9477735,0.94689965,0.95422065,0.9584031,0.9491418,0.95095384,0.95739746,0.9474976,0.95265657,0.9520345,0.9550382,0.94366765,0.9410786,0.95276576,0.9470898,0.95786715,0.79858494,0.9446053,0.95727116,0.9412536,0.9382549,0.93097144,0.9510113,0.95705634,0.9531402,0.943214,0.94815403,0.95950663,0.9474785,0.9560364,0.9534982,0.94221,0.9536847,0.953939,0.9586081,0.9418807,0.95786715,0.9523552,0.94133794,0.9535568,0.94684815,0.943234,0.94411063,0.95134926,0.9533139,0.94501925,0.9592483,0.94381905,0.9543095,0.9393206,0.9599316,0.95694447,0.948279,0.9388035,0.92677265,0.9556257,0.87938076,0.9504558,0.92947394,0.95075214,0.9620239,0.9697933,0.9487418,0.95814776,0.95472157,0.95380884,0.9485488,0.95566875,0.944269,0.95735884,0.9531248,0.9600319,0.9572853,0.94298995,0.93793386,0.95550877,0.93023527,0.95545596,0.94434094,0.9465667,0.95381814,0.94653934,0.9413587,0.9551334,0.9423167,0.9750615,0.9521601,0.9457003,0.9462695,0.9514843,0.9529004,0.95263606,0.9467683,0.95449257,0.9528787,0.9512754,0.9551546,0.95021075,0.947628,0.9366844,0.9447968,0.9543888,0.96291995,0.94911605,0.9557139,0.9750615,0.9543988,0.9577649,0.9638594,0.9526594
beachbummovie,0.9368053,0.9278593,0.9310848,0.9366321,0.9387189,0.9417388,0.9407498,0.9452115,0.956518,0.93372697,0.94007605,0.94764316,0.9307656,0.9371135,0.96213996,0.9253797,0.95104104,0.9316596,0.9403427,1.0,0.9437521,0.956588,0.9420745,0.939468,0.9427345,0.8260601,0.93744504,0.92347187,0.9334794,0.9369877,0.9297875,0.93657815,0.93570584,0.9086224,0.9287866,0.90292126,0.93350124,0.9433321,0.93665445,0.9244626,0.9298881,0.9408953,0.91093254,0.94783074,0.9405583,0.9450088,0.9434141,0.9415516,0.9289417,0.9460301,0.9450717,0.93545425,0.92106134,0.9358119,0.9299761,0.9395284,0.92868245,0.9432079,0.9379251,0.9365597,0.93820983,0.92627925,0.92307156,0.9429959,0.93103427,0.9332513,0.9337408,0.93068546,0.9480931,0.9370264,0.93771094,0.7669026,0.92436785,0.9318749,0.9409654,0.9145725,0.89770395,0.9284989,0.948005,0.93588567,0.93289787,0.93697935,0.92856514,0.9359683,0.943261,0.9389158,0.9341596,0.9309758,0.9374347,0.9442556,0.9282179,0.93771094,0.9294913,0.9268078,0.9387811,0.9580712,0.9336369,0.9521294,0.92756355,0.93232596,0.93058425,0.93829113,0.9361038,0.9428071,0.9355522,0.9445245,0.93080723,0.91849834,0.9246961,0.9187271,0.9358907,0.85051334,0.93533856,0.9032511,0.91838086,0.9433516,0.94138926,0.9384722,0.94030565,0.9339327,0.92521447,0.93942785,0.95169514,0.9296447,0.9252741,0.9260052,0.9344471,0.9321791,0.9420163,0.90537125,0.94779634,0.9404645,0.9424841,0.92155004,0.93974257,0.9355939,0.91496706,0.9289142,0.93327427,0.94140685,0.956518,0.9423949,0.93232584,0.9327435,0.9174507,0.9294205,0.93093145,0.94803464,0.9389039,0.93006325,0.9305944,0.9251036,0.93110013,0.91589636,0.9240253,0.9390013,0.93247867,0.94020855,0.9360717,0.92839444,0.956518,0.93498075,0.9300553,0.9507235,0.9389812
bernadettefilm,0.95750904,0.94260967,0.95127,0.9510217,0.95684916,0.94503075,0.96081287,0.95687133,0.9779367,0.9483199,0.9536598,0.95260465,0.9532241,0.9615227,0.9607814,0.94883305,0.96272033,0.9497155,0.9557498,0.9437521,1.0000001,0.95046043,0.95737076,0.96218914,0.95418036,0.8609102,0.9541125,0.9500697,0.95914793,0.94914705,0.9414361,0.9573704,0.942776,0.94169885,0.94734687,0.9295169,0.9586311,0.9641727,0.9548217,0.96054643,0.9441322,0.95983964,0.94192916,0.960952,0.9652688,0.95602584,0.9595703,0.95283383,0.952592,0.9595647,0.9647165,0.9659529,0.94506466,0.93674994,0.95211977,0.9571188,0.9509069,0.95963246,0.9568159,0.9570773,0.94221556,0.9543914,0.95659107,0.9562569,0.9579689,0.9558005,0.9390601,0.9527485,0.9539408,0.94520235,0.9692414,0.82720584,0.9394708,0.96111137,0.9562787,0.93978745,0.9235915,0.9599347,0.9570566,0.9442945,0.9487126,0.9422036,0.9525014,0.95324755,0.9614124,0.95109874,0.95378876,0.9526591,0.9623158,0.96145207,0.9373068,0.9692414,0.95622915,0.9471675,0.95248646,0.9523426,0.9457908,0.94653153,0.95131975,0.9450577,0.9562551,0.9515522,0.94779587,0.96268106,0.95610213,0.96167517,0.9627799,0.9512902,0.92833626,0.94857126,0.9466708,0.88257015,0.9587609,0.939065,0.96467537,0.95191467,0.9600365,0.9555484,0.963575,0.9491083,0.94428504,0.943386,0.9619091,0.94008225,0.9642581,0.9479827,0.9510486,0.94490606,0.95949197,0.93401647,0.9773783,0.9446425,0.9663873,0.95160294,0.9637357,0.95015395,0.9268425,0.9533521,0.9673006,0.95037115,0.9779367,0.95808625,0.95469534,0.94979,0.9475194,0.9521637,0.9535557,0.9616483,0.9543534,0.94971824,0.95285636,0.95326144,0.9489982,0.93461967,0.95720667,0.95028937,0.9502638,0.9681739,0.952594,0.95198137,0.9779367,0.9552454,0.9441968,0.9594048,0.95590234
