movie,21bridgesmovie,47metersdown,abeautifuldaymovie,abominablemovie,adastramovie,adogsjourneymovie,aftermathmovie,aftermovie,ahiddenlifefilm,alitamovie,angelhasfallen,angrybirdsmovie,annabellemovie,annamovie,apollo11movie,arcticdogsmovie,arcticmovie,artofracingmovie,avengers,beachbummovie,bernadettefilm,blackandbluemovie,blackchristmas,blindedbythelightmovie,bombshellmovie,booksmart,breakthroughmovie,brianbanksmovie,brightburnmovie,brittanyrunsmov,captainmarvelofficial,captivestatemovie,catsmovie,charliesangels,childsplaymovie,clarathefilm,coldpursuitmovie,countdown,currentwarmovie,darkwatersmovie,detectivepikachumovie,disneyaladdin,disneyfrozen,disneymaleficent,doctorsleepmovie,dolemiteismyname,dontletgomovie,doramovie,downtonabbey_official,dumbo,escaperoom,everybodyknowsmovie,fastandfuriousmovie,fightingwmyfam,fivefeetapartfilm,fordvferrari,freaksthefilm,geminimanmovie,glassmovie,gloriabellmovie,godzillamovie,goldfinchmovie,goodboysmovie,goodliarmovie,gretafilm,halathemovie,happydeathdaymovie,harrietfilm,hellboymovie,hersmellmovie,highlifemovie,highstrungmovie,honeyboymovie,hotelmumbaifilm,httydragon,hustlemovie,hustlersmovie,isntitromantic,itmovieofficial,jayandsilentbob,johnwickmovie,jojorabbitmovie,jokermovie,judythefilm,jumanjimovie,justmercyfilm,knivesout,lalloronamovie,lastblackmansf,lastchristmasthemovie,latenightmovie,lighthousemovie,lionking,littlethemovie,littlewomenmovie,littlewoodsfilm,longshotmovie,lordsofchaosmovie,lucyintheskyfilm,mamovie2019,marriagestory,meettheaddams,meninblack,midsommarmovie,midwaymovie,missbalamovie,missinglinkfilm,motherlessbklyn,onceinhollywood,onthebasisofsex,overcomermovie,peanutbutterfalcon,petsematarymovie,piercingmovie,playingwithfire,playmobilthemovie,pomsmovie,queenandslim,rambomovie,readyornotfilm,richardjewellfilm,rocketmanmovie,scarystoriesmovie,secretlifeofpets,serenityfilm,shaftmovie,shazammovie,spidermanmovie,spiesindisguise,starwars,stormboymovie,stubermovie,taosdfilm,teenspiritmov,terminator,theaeronautsmov,thebestofenemies,thedeaddontdie,thefarewell,thehighwaymen,thehummingbirdprojectfilm,theintrudermovie,theirishmanfilm,thekitchenmovie,thelegomovie,themustangfilm,thenightingalefilm,theprodigymovie,thesunisalsoastar,theupsidefilm,tolkienmovie,toystory,triplefrontier,uglydolls,uncutgems,underthesilverlake,usmovie,wavesmovie,whatmenwant,wonderparkmovie,wrinklestheclown,xmenmovies,yardiefilm,yesterdaymovie,zombieland
21bridgesmovie,1.0000004,0.9595798,0.9708045,0.943465,0.9611225,0.9504597,0.9692715,0.9686051,0.9815754,0.95609367,0.9548439,0.94889325,0.9516196,0.96270674,0.96757823,0.95767695,0.9595051,0.95186186,0.98128265,0.9492808,0.9682627,0.96329874,0.95790684,0.966052,0.9494294,0.86780846,0.9550814,0.9597127,0.9642913,0.9562788,0.9691282,0.9589279,0.9459907,0.95879054,0.94035554,0.9107745,0.9647071,0.9682916,0.96975553,0.9618329,0.9399411,0.96275705,0.96105933,0.9669887,0.96929115,0.95847166,0.9568661,0.9532665,0.9661984,0.9677158,0.9665393,0.96679765,0.9624021,0.96380144,0.9593207,0.9544251,0.9560614,0.9658512,0.9645994,0.96200067,0.9534448,0.94872123,0.9639317,0.95878315,0.9573183,0.96682626,0.9431014,0.951367,0.96019804,0.95219773,0.96417004,0.70836157,0.9322384,0.9674383,0.9410861,0.9454719,0.9105504,0.9598775,0.95700824,0.9619099,0.95543647,0.95956707,0.96556246,0.9456056,0.95996696,0.94430196,0.9645045,0.957694,0.95152736,0.971585,0.95686305,0.96417004,0.94463867,0.9580856,0.9628225,0.96664953,0.9562779,0.96685976,0.95334846,0.95454574,0.95361644,0.95187664,0.94985265,0.95302856,0.95975167,0.96846193,0.96883976,0.95998746,0.9572281,0.9516069,0.9595689,0.8800664,0.9591627,0.91093314,0.9611154,0.96738493,0.987164,0.9502598,0.9633062,0.96286273,0.96368605,0.9520541,0.95394677,0.9575431,0.96937805,0.95641905,0.95295286,0.9545436,0.9594923,0.9556994,0.9650801,0.9417268,0.96406776,0.9440751,0.9669634,0.9631954,0.9684098,0.95742077,0.95697355,0.96515787,0.9815754,0.9671596,0.9565136,0.9614477,0.94302493,0.9505225,0.9505919,0.9537125,0.95419025,0.96834445,0.9646334,0.9674169,0.9632346,0.9584106,0.9458807,0.9612333,0.94930935,0.94711137,0.95267576,0.95734924,0.9815754,0.9511669,0.96917516,0.96319556,0.9652912
47metersdown,0.9595798,0.99999994,0.964585,0.92709094,0.9587515,0.9532072,0.9633523,0.9566713,0.9759199,0.95306605,0.95384955,0.9531102,0.94595546,0.95476854,0.95968443,0.9662213,0.95445436,0.9509321,0.9563274,0.94270134,0.951289,0.9584274,0.9513565,0.95397484,0.9457124,0.8656324,0.94719625,0.95416635,0.95925003,0.9523454,0.9624196,0.9546123,0.9348876,0.94979244,0.95289385,0.91159934,0.95938456,0.9509568,0.95801663,0.9524366,0.9297616,0.94610834,0.95807356,0.9599297,0.96683437,0.9516439,0.95198256,0.9586484,0.9523665,0.9564449,0.9589719,0.96959454,0.94824064,0.9512978,0.95793545,0.9515553,0.9505191,0.9577287,0.9494223,0.9645584,0.94566923,0.9375192,0.9536114,0.9534891,0.9666164,0.95038456,0.94201773,0.9539699,0.96151805,0.9309682,0.961342,0.7353464,0.92674226,0.96243095,0.93494856,0.9386107,0.88062495,0.9674964,0.9549781,0.94847876,0.96325886,0.9511576,0.9572211,0.9511144,0.9482755,0.9473624,0.95799154,0.9617718,0.94325733,0.969143,0.9459991,0.961342,0.95228314,0.94926476,0.95376587,0.94937027,0.96301675,0.97093093,0.9419453,0.94806814,0.9428106,0.9507509,0.93690246,0.9443444,0.9571256,0.9645659,0.9559451,0.9440568,0.9625497,0.9602813,0.95911914,0.8577587,0.9543508,0.9271384,0.95540607,0.9584729,0.9660291,0.9441876,0.9629105,0.9627128,0.95466316,0.9533173,0.9577712,0.9454042,0.9642544,0.94658077,0.96079034,0.9444053,0.94307435,0.94650805,0.95484436,0.9334463,0.9495566,0.939565,0.9607483,0.95890856,0.948051,0.9625833,0.9585903,0.9508093,0.9759199,0.9625804,0.9448296,0.95689523,0.92518127,0.9542287,0.95888364,0.9525255,0.9463489,0.9535142,0.9585383,0.96169347,0.955616,0.9240425,0.9450859,0.96967894,0.9468707,0.9581715,0.9470155,0.9413424,0.9759199,0.9457215,0.96577,0.9508148,0.9482095
abeautifuldaymovie,0.9708045,0.964585,0.9999995,0.9543485,0.9671947,0.96058893,0.9760436,0.9696932,0.9841671,0.9600885,0.9639595,0.9686798,0.9534044,0.96940845,0.9686441,0.9658339,0.95992804,0.95162165,0.97099507,0.9490367,0.96403384,0.97729516,0.9645633,0.9727758,0.95847017,0.8804282,0.95763963,0.96242106,0.9834364,0.9665646,0.96855557,0.96553427,0.9456751,0.9685713,0.9477591,0.9121096,0.9638755,0.95855165,0.9721424,0.95938826,0.9490938,0.96284795,0.96196747,0.9688428,0.9764564,0.9637358,0.9630216,0.9549418,0.9591205,0.96700865,0.9811451,0.9802638,0.9641761,0.96126926,0.96097505,0.9562641,0.9641584,0.9669611,0.9597127,0.9640164,0.9583488,0.94966424,0.9697883,0.96769744,0.9669454,0.9669026,0.94202906,0.9712784,0.96865547,0.94677836,0.9659848,0.74868023,0.9350809,0.9674796,0.94537896,0.94878864,0.9120816,0.9706013,0.9668837,0.97169226,0.957476,0.967462,0.97747874,0.9589331,0.9737364,0.94962704,0.96523625,0.95667446,0.9582078,0.9753671,0.9558826,0.9659848,0.96366835,0.9612077,0.97646797,0.9683972,0.9714842,0.9672535,0.95498383,0.9570227,0.95043004,0.9571264,0.9625206,0.95438606,0.9645326,0.9786857,0.9676064,0.9645985,0.9758103,0.95837337,0.96816355,0.89052284,0.9681522,0.91733915,0.9643967,0.9649971,0.9718446,0.95349383,0.96664256,0.9736921,0.967919,0.9657941,0.96323955,0.95735365,0.9696793,0.96047634,0.95680434,0.96659577,0.95770437,0.95646405,0.9637896,0.9428483,0.96505624,0.9434773,0.97409225,0.97036165,0.9641723,0.9723419,0.9698042,0.95959973,0.9841671,0.9789761,0.95475835,0.96713865,0.9501659,0.95741516,0.95410424,0.95690286,0.96684855,0.9643284,0.9709764,0.9788823,0.9700796,0.94651693,0.9477338,0.961382,0.9608123,0.96095014,0.9641942,0.96107227,0.9841671,0.95631874,0.97471446,0.9612857,0.97098106
abominablemovie,0.943465,0.92709094,0.9543485,0.99999994,0.9463379,0.9207629,0.9489788,0.9408967,0.9576054,0.94495976,0.9454136,0.9305599,0.9474183,0.9311277,0.94517916,0.9325222,0.9353995,0.9500152,0.9385156,0.93018466,0.93337697,0.9528067,0.95970726,0.9416778,0.9320238,0.85456324,0.9243163,0.9382294,0.9430496,0.94622976,0.93646824,0.9504914,0.9296736,0.9415937,0.9248406,0.8806612,0.94881636,0.94820046,0.93902826,0.94038224,0.9172971,0.9497688,0.9480058,0.9565394,0.9481768,0.9457698,0.9542186,0.92271054,0.93416667,0.9531422,0.9351192,0.95741636,0.94917744,0.9312701,0.9397444,0.93183964,0.9335652,0.93793356,0.95671934,0.92893183,0.94204843,0.952325,0.9416413,0.93600035,0.939166,0.9554493,0.9273832,0.9348465,0.9433006,0.92038435,0.9311502,0.720711,0.90714216,0.9420371,0.9514887,0.9197833,0.88709295,0.93946093,0.94119376,0.9401434,0.948996,0.9488371,0.9534312,0.9232958,0.95258754,0.92400783,0.9468664,0.93287957,0.9201989,0.940834,0.9352338,0.9311502,0.9267957,0.94166064,0.94441867,0.93941516,0.94083303,0.9407865,0.9258484,0.9414434,0.9431416,0.92635804,0.9224016,0.9221346,0.9477409,0.9305294,0.9551712,0.94711053,0.93171567,0.92367834,0.93478334,0.856692,0.94969606,0.87897265,0.93110657,0.94031733,0.9533184,0.92572075,0.9411998,0.95315945,0.94668305,0.9243214,0.94392765,0.93750215,0.9338719,0.9466334,0.9286884,0.9083274,0.94204116,0.93601394,0.9368831,0.9190724,0.94112754,0.9050568,0.94583786,0.95586014,0.9502197,0.94093156,0.93293476,0.937353,0.9576054,0.94422257,0.9417718,0.9438491,0.94725,0.9310397,0.928837,0.9356598,0.94675523,0.94911516,0.94531107,0.95246536,0.94257456,0.9331993,0.9214831,0.9205767,0.9474731,0.93358475,0.93862283,0.94325364,0.9576054,0.9262212,0.95733684,0.9426376,0.940263
adastramovie,0.9611225,0.9587515,0.9671947,0.9463379,0.99999994,0.9565834,0.96747744,0.97002685,0.9823549,0.9721472,0.9680521,0.94462013,0.94977224,0.9722462,0.96819305,0.96770734,0.9562648,0.96977115,0.96068984,0.9442968,0.9616948,0.96206397,0.96829224,0.9689503,0.9523459,0.85864586,0.9637187,0.9619475,0.9595588,0.9723917,0.9745842,0.9611989,0.9568898,0.94593376,0.9487957,0.92201614,0.9671997,0.95632297,0.9661798,0.9609348,0.96260405,0.9618135,0.9449455,0.96211606,0.9776833,0.9628171,0.96878016,0.9578716,0.965378,0.96472985,0.95564103,0.9729902,0.95691425,0.95176595,0.969123,0.9689556,0.94608724,0.9644799,0.96863824,0.95772237,0.96081,0.94724584,0.9745827,0.96825415,0.95324504,0.9660798,0.9474868,0.96373534,0.96238106,0.9441746,0.9656954,0.7194042,0.9314188,0.97124046,0.9620538,0.9452441,0.9062337,0.97342503,0.96622664,0.95094496,0.9591979,0.9644927,0.9636122,0.9715777,0.94796413,0.95358646,0.9659859,0.9595369,0.9499536,0.96754867,0.95739454,0.9656954,0.9525307,0.9661044,0.959474,0.962608,0.96596986,0.961394,0.948642,0.95702934,0.953221,0.95610034,0.94245607,0.9587036,0.9713891,0.95453435,0.9701137,0.96401644,0.95239687,0.9631822,0.9635822,0.87474555,0.9704526,0.9375046,0.9674186,0.96291524,0.9708082,0.9508875,0.9703715,0.9711604,0.9661698,0.9592508,0.96150315,0.9544283,0.9681862,0.9743958,0.9678742,0.94151986,0.9655434,0.9468935,0.9572773,0.96600604,0.9604023,0.9412615,0.9716522,0.9754836,0.963261,0.95740217,0.96708995,0.9523947,0.9823549,0.96485746,0.9604431,0.97008806,0.9463699,0.957482,0.9580764,0.9660868,0.9611965,0.9431204,0.9627411,0.9728676,0.97625875,0.9303497,0.94520366,0.9618221,0.96292216,0.9483772,0.9709531,0.9585138,0.9823549,0.9645673,0.97754407,0.9726448,0.9499465
adogsjourneymovie,0.9504597,0.9532072,0.96058893,0.9207629,0.9565834,0.9999998,0.95822215,0.9556318,0.9731419,0.94537157,0.9491185,0.942811,0.9412174,0.9523195,0.95825297,0.9501845,0.9508209,0.9420296,0.9513554,0.93996596,0.9532543,0.9543407,0.9640274,0.9651553,0.9509554,0.8635179,0.93983626,0.9501094,0.9632834,0.94106567,0.95448905,0.9518705,0.9453636,0.9631753,0.9462266,0.9229118,0.95923567,0.9473099,0.94733256,0.95647025,0.9338643,0.9463458,0.94944364,0.95752287,0.94798374,0.9531797,0.9578761,0.9484297,0.9407709,0.9577838,0.9600208,0.9640964,0.95482,0.9424371,0.94709724,0.94990474,0.95786715,0.9501824,0.94811183,0.9583052,0.94090736,0.94130486,0.9572672,0.95348996,0.95989233,0.947563,0.9387655,0.9499935,0.95040065,0.9385326,0.9572511,0.72428745,0.9323496,0.9623426,0.94548243,0.94683146,0.8800107,0.96526265,0.9431974,0.9592968,0.9484707,0.95056665,0.95813835,0.95288277,0.9421381,0.9377571,0.95087695,0.9524441,0.9496527,0.95876694,0.94001335,0.9572511,0.93920755,0.94199586,0.95123875,0.95513135,0.955095,0.9580952,0.9373149,0.95697004,0.9486487,0.9652957,0.955134,0.9477039,0.9446991,0.96201944,0.9610665,0.94573337,0.94954807,0.9616678,0.95180154,0.8562218,0.9397397,0.92441237,0.94703954,0.94794416,0.9534917,0.9578446,0.95944566,0.9623262,0.9500026,0.94740814,0.9496477,0.97403497,0.9654553,0.95329237,0.9543969,0.9506927,0.9409955,0.9431764,0.9500829,0.92887086,0.9529229,0.9414652,0.9557285,0.9515179,0.9444262,0.9450172,0.9506881,0.94469655,0.9731419,0.96031207,0.94935685,0.95596886,0.9373417,0.9544819,0.94731534,0.94684714,0.9370635,0.9407672,0.95346546,0.9603407,0.9690635,0.91571033,0.948509,0.9483316,0.96251416,0.9461128,0.9438065,0.9343026,0.9731419,0.9410337,0.95035106,0.96384454,0.95199645
aftermathmovie,0.9692715,0.9633523,0.9760436,0.9489788,0.96747744,0.95822215,0.9999999,0.9746595,0.9832396,0.9503208,0.95769674,0.9539514,0.957558,0.96415824,0.97334105,0.96991056,0.9579513,0.96113914,0.9625259,0.9533718,0.9690187,0.96391034,0.95441973,0.9660716,0.9550213,0.8796032,0.9517824,0.9616016,0.96210325,0.96632683,0.963448,0.9642391,0.9480202,0.9562654,0.94458026,0.9204152,0.96321267,0.95539296,0.96837145,0.9647352,0.9430674,0.9611938,0.9553147,0.96266544,0.97962946,0.95627195,0.95715773,0.9533779,0.967377,0.9613569,0.95940214,0.9735021,0.965363,0.968916,0.9628971,0.9557702,0.9606163,0.97538376,0.96769005,0.9601388,0.9550486,0.9562307,0.97126466,0.96733844,0.9688252,0.96726626,0.9456916,0.9639314,0.9631157,0.9544713,0.9632519,0.7589688,0.9482122,0.96456563,0.93900913,0.9504103,0.91607296,0.97423995,0.96517587,0.9621413,0.96064776,0.9811039,0.9728415,0.9539122,0.9566884,0.9467839,0.9672321,0.968268,0.9532964,0.9769662,0.96362734,0.9632519,0.94677424,0.95389163,0.9610189,0.9663918,0.96987605,0.96360964,0.9767897,0.9517457,0.9536099,0.95480543,0.9511926,0.9572695,0.96017087,0.96266127,0.9648937,0.9668323,0.96807814,0.9538172,0.9623493,0.8825183,0.9697693,0.9255936,0.96226496,0.96517694,0.9725545,0.9440144,0.96737427,0.98882776,0.96288246,0.96517855,0.967723,0.96019536,0.9647013,0.9614936,0.9622582,0.9469604,0.95760214,0.9507131,0.9660127,0.94552505,0.95205015,0.9469335,0.97439253,0.97309923,0.9639118,0.95784336,0.96218175,0.9609577,0.9832396,0.9707477,0.955276,0.9692809,0.9558165,0.9572967,0.95156133,0.952351,0.96701443,0.95728034,0.9858541,0.9697382,0.9648939,0.9441128,0.94818616,0.96081835,0.9513314,0.96032596,0.96483964,0.95997196,0.9832396,0.95397127,0.9749497,0.9582571,0.9554465
aftermovie,0.9686051,0.9566713,0.9696932,0.9408967,0.97002685,0.9556318,0.9746595,1.0,0.981482,0.945819,0.94727284,0.94453615,0.95295346,0.9700711,0.972768,0.9607224,0.9563573,0.95365095,0.96859246,0.9591074,0.9603523,0.9614282,0.9563945,0.9603077,0.9572706,0.8883336,0.9504592,0.9640843,0.9602436,0.96256125,0.9657593,0.97065836,0.94709045,0.94726926,0.9450375,0.9054252,0.96440035,0.95023155,0.9643375,0.95858413,0.95332843,0.9502559,0.94642156,0.9571858,0.9690056,0.9578554,0.9566306,0.95071673,0.963293,0.9563302,0.96591145,0.9752551,0.96687293,0.96744096,0.9694767,0.96047366,0.94934124,0.97100115,0.9618032,0.95536345,0.9525946,0.94345236,0.9653771,0.9664435,0.96190554,0.9479036,0.93889195,0.9588706,0.9554053,0.95596325,0.96093583,0.71494967,0.9383776,0.97182435,0.9448894,0.94747,0.91835093,0.96766347,0.95720387,0.95472246,0.9553599,0.9640382,0.9675101,0.95849395,0.9550872,0.9395165,0.9690104,0.9578783,0.94015825,0.9741769,0.95696664,0.96093583,0.9530794,0.960039,0.9630424,0.96650165,0.9646144,0.96629536,0.95544356,0.9522585,0.94811285,0.9477829,0.94525915,0.9514463,0.95821846,0.96879923,0.9620291,0.960227,0.9518155,0.9616639,0.96976787,0.8835042,0.95833915,0.9165968,0.96481836,0.9623001,0.967488,0.94884723,0.96902716,0.97116596,0.96481174,0.9692949,0.9586946,0.94719607,0.963783,0.95464694,0.9538321,0.948108,0.9439478,0.95436287,0.9633778,0.9397423,0.9610735,0.9482681,0.9658674,0.9670239,0.9586018,0.9648373,0.95748466,0.9619168,0.981482,0.97016644,0.94845563,0.9651591,0.9467238,0.9609908,0.95322543,0.9534468,0.9582851,0.95053434,0.96643406,0.9687764,0.9731053,0.92913973,0.94372153,0.95849913,0.9602439,0.9452496,0.9756517,0.95679146,0.981482,0.9471889,0.9714757,0.96762526,0.959105
ahiddenlifefilm,0.9815754,0.9759199,0.9841671,0.9576054,0.9823549,0.9731419,0.9832396,0.981482,0.99999964,0.9665425,0.9774489,0.9667122,0.96853244,0.9789684,0.9822657,0.9748067,0.9786882,0.9723027,0.97864574,0.9684484,0.9813873,0.9824387,0.97929007,0.9830399,0.9674826,0.8887455,0.9689543,0.97840536,0.9812465,0.97683895,0.9775423,0.9775301,0.96352565,0.9725482,0.9632515,0.92940503,0.98414505,0.96986455,0.98000705,0.97641987,0.9626587,0.97719896,0.97512245,0.9809441,0.98260355,0.9771306,0.9766513,0.9727536,0.9780889,0.98187405,0.97889245,0.98722285,0.9782473,0.97092056,0.97423095,0.97230554,0.9727375,0.9800191,0.97695744,0.97871035,0.9744254,0.9604606,0.9771624,0.9775512,0.975336,0.97726613,0.96245944,0.9733255,0.9759505,0.96177596,0.981241,0.7299496,0.9514001,0.9861021,0.964246,0.961063,0.9132872,0.98307264,0.974404,0.9742384,0.97595775,0.9752303,0.98136115,0.97069573,0.96792704,0.96061647,0.9808151,0.9764517,0.96721995,0.9864388,0.975452,0.981241,0.9670731,0.9738585,0.97874886,0.98035467,0.98126924,0.9842232,0.9617856,0.9749524,0.97260296,0.9676724,0.96673274,0.9713348,0.97697395,0.9787778,0.9822967,0.9766607,0.9736931,0.9783331,0.9791535,0.881703,0.9765788,0.9399718,0.9780139,0.98106825,0.9836292,0.96810347,0.98400015,0.9865423,0.98099196,0.9740729,0.9760631,0.96805346,0.9841863,0.9763826,0.97361046,0.9625234,0.96748716,0.9658986,0.98207945,0.9573709,0.97989106,0.96236986,0.98413956,0.9823069,0.9738097,0.9727796,0.9785635,0.976269,0.99999964,0.9841849,0.97429574,0.98393035,0.960303,0.9695426,0.9705702,0.9714603,0.972476,0.9675987,0.97732574,0.9839374,0.98505175,0.9487078,0.9669834,0.9769127,0.97643924,0.97078973,0.9726689,0.9724878,0.99999964,0.96551126,0.9851811,0.98258525,0.97678524
alitamovie,0.95609367,0.95306605,0.9600885,0.94495976,0.9721472,0.94537157,0.9503208,0.945819,0.9665425,1.0000001,0.9520567,0.93393666,0.946407,0.9464537,0.9437826,0.9559738,0.94823354,0.95488816,0.9533407,0.9245847,0.94710314,0.9572756,0.9630069,0.95066625,0.95220757,0.8427363,0.94338995,0.93932194,0.95311695,0.95008206,0.96082616,0.95433164,0.93823606,0.9380561,0.9384507,0.90775144,0.9608469,0.9512194,0.9502351,0.9386581,0.93952423,0.95672876,0.9462631,0.9625662,0.96219075,0.95989424,0.9575634,0.9577118,0.9466816,0.9640621,0.95009315,0.9608666,0.94996685,0.9395003,0.9583101,0.9445897,0.94566196,0.9429363,0.95201975,0.940579,0.9506415,0.9431885,0.9553894,0.9532036,0.9501229,0.961794,0.93854326,0.9464942,0.9568364,0.9263521,0.94499487,0.7182763,0.91055286,0.95006394,0.9511577,0.94039303,0.8924909,0.9524159,0.9443508,0.9532624,0.94653744,0.95263964,0.9592253,0.96334046,0.9477568,0.9398662,0.95275617,0.9478885,0.9442942,0.94905156,0.94291395,0.94499487,0.94132173,0.9468552,0.9447266,0.93957764,0.9534892,0.9513235,0.9327012,0.93883127,0.945239,0.96131283,0.9440501,0.93000424,0.96621704,0.949068,0.96592534,0.95017076,0.944439,0.9428605,0.9427559,0.86149853,0.9560663,0.9128286,0.94432646,0.9402031,0.9574546,0.9402404,0.95358163,0.95769423,0.95473385,0.9431359,0.9502919,0.9573502,0.9506009,0.95805013,0.9419878,0.9321173,0.9575422,0.9334608,0.9433719,0.9585393,0.9497069,0.918654,0.95689803,0.96024203,0.9498193,0.9486125,0.94587433,0.94144005,0.9665425,0.9533714,0.95656604,0.9482048,0.9385062,0.9410628,0.9525644,0.96235704,0.94937587,0.94357187,0.9497449,0.96084076,0.962675,0.9297066,0.9346479,0.94665897,0.9483512,0.9299063,0.94681823,0.94162405,0.9665425,0.95645535,0.961322,0.9580755,0.9477539
angelhasfallen,0.9548439,0.95384955,0.9639595,0.9454136,0.9680521,0.9491185,0.95769674,0.94727284,0.9774489,0.9520567,1.0000001,0.95124435,0.9474105,0.95712805,0.9580485,0.9506574,0.95208514,0.9686099,0.950243,0.9488846,0.96536124,0.96660864,0.96598566,0.9638716,0.9424025,0.8654739,0.9547113,0.9579615,0.9618632,0.96284544,0.9676895,0.9451954,0.95144737,0.95028853,0.9440525,0.9174482,0.9592975,0.94603026,0.95035684,0.9543327,0.94237244,0.9605661,0.94778097,0.96120095,0.96619207,0.95999706,0.96009654,0.95476276,0.9605093,0.960031,0.9503591,0.96359146,0.9525071,0.94112986,0.946119,0.95466876,0.9611359,0.9539816,0.96202594,0.96157694,0.9588677,0.9499121,0.963034,0.9577968,0.9533004,0.97203743,0.95185983,0.95834583,0.97125024,0.9459588,0.9604499,0.70266503,0.93896526,0.95913935,0.962171,0.93706685,0.8768256,0.9588184,0.9602429,0.944228,0.9670724,0.9556352,0.96411556,0.9466125,0.9441339,0.94913936,0.9665174,0.9578228,0.94460905,0.96026474,0.96240807,0.9604499,0.95077276,0.9635891,0.9550089,0.96698165,0.9709562,0.9635312,0.9401487,0.95346457,0.95730394,0.9538596,0.94653296,0.94822747,0.96031845,0.9469789,0.9678384,0.9530477,0.9562062,0.944326,0.952463,0.8570307,0.95935196,0.9115322,0.9626759,0.9710955,0.96966726,0.9495078,0.9596473,0.9610393,0.96385735,0.94631135,0.96443045,0.9509293,0.9652792,0.9588391,0.9586137,0.9361318,0.95229936,0.93669844,0.9546212,0.9554855,0.9635586,0.9205371,0.96332526,0.97123927,0.9547707,0.9409912,0.96149373,0.9516393,0.9774489,0.9548868,0.95578074,0.9682681,0.9507097,0.93995047,0.94756335,0.95560837,0.95658255,0.9510105,0.95338815,0.96180665,0.9640116,0.93420947,0.9535017,0.95246494,0.9560381,0.9526429,0.94988084,0.95492554,0.9774489,0.94734687,0.9656747,0.96308184,0.94595695
angrybirdsmovie,0.94889325,0.9531102,0.9686798,0.9305599,0.94462013,0.942811,0.9539514,0.94453615,0.9667122,0.93393666,0.95124435,1.0,0.9350818,0.9500918,0.95344007,0.9452594,0.9362844,0.9375778,0.944732,0.9236231,0.9486912,0.9528031,0.95109653,0.95544654,0.92814887,0.86812645,0.9317581,0.9389528,0.96039313,0.9511178,0.94961095,0.9360832,0.9346523,0.9500515,0.93106866,0.9042301,0.9467434,0.9321285,0.9487141,0.9369235,0.91267025,0.9397359,0.9511133,0.9423736,0.9549348,0.9410042,0.949166,0.9503117,0.93866897,0.9420264,0.9619733,0.9571403,0.93691707,0.9406243,0.94944215,0.95517147,0.9483261,0.94900477,0.9436656,0.9480765,0.9406433,0.930845,0.9488043,0.94711345,0.9458104,0.9557733,0.92171055,0.9548251,0.9450148,0.92794436,0.953523,0.74393713,0.9306477,0.94514203,0.92009413,0.91667086,0.8774286,0.9478996,0.9511953,0.9504008,0.9456357,0.9494344,0.95172536,0.9309769,0.9635228,0.9363966,0.94290394,0.93947273,0.94239426,0.9587214,0.9506891,0.953523,0.948564,0.94353586,0.9669702,0.9596866,0.94908106,0.95060474,0.92436856,0.9411712,0.93689287,0.91957045,0.945919,0.9436265,0.9440706,0.96091247,0.9412424,0.94032454,0.9558255,0.94263566,0.94609255,0.89014786,0.9485998,0.91315466,0.9418643,0.9493532,0.9521441,0.9293352,0.94941556,0.9524718,0.95375234,0.9500317,0.95548356,0.9319378,0.9522532,0.9336341,0.93814325,0.9553782,0.9360694,0.943416,0.9474723,0.91347563,0.94210213,0.9105227,0.95963734,0.94503075,0.9415029,0.9457147,0.9618805,0.94968,0.9667122,0.9493763,0.93993646,0.95001936,0.92868435,0.94123083,0.95066184,0.93685824,0.9396932,0.94607925,0.94955367,0.94900507,0.9470184,0.9348442,0.92694384,0.95782495,0.9460044,0.95984465,0.9419438,0.93922126,0.9667122,0.9370815,0.9471958,0.94489586,0.9604435
annabellemovie,0.9516196,0.94595546,0.9534044,0.9474183,0.94977224,0.9412174,0.957558,0.95295346,0.96853244,0.946407,0.9474105,0.9350818,1.0000002,0.9462369,0.95026445,0.9423665,0.9484957,0.94723743,0.95757395,0.945182,0.9507677,0.9478188,0.96177393,0.9479112,0.9325895,0.8756427,0.9281588,0.9478553,0.94978416,0.94934416,0.9506293,0.95699334,0.95013463,0.9397917,0.93616515,0.88384926,0.9521958,0.9656272,0.9429524,0.9406143,0.93227565,0.948671,0.945922,0.9600893,0.9517623,0.9538756,0.9576238,0.939311,0.952951,0.9625427,0.9436725,0.9601679,0.9678453,0.9519216,0.9451444,0.9272274,0.9449723,0.9525983,0.94781184,0.95504594,0.9585821,0.9410136,0.9508843,0.9600396,0.9512324,0.9501769,0.9343279,0.94997966,0.9515834,0.9398335,0.95988,0.726902,0.9183403,0.95777637,0.93424046,0.9312003,0.91170174,0.9559506,0.9376611,0.94458157,0.95583993,0.9682491,0.9668329,0.9290681,0.9524096,0.93496287,0.95129246,0.97724956,0.94527215,0.95155597,0.93905467,0.95988,0.9387916,0.9378395,0.94840807,0.94686186,0.957915,0.95080227,0.9429021,0.9448439,0.9460574,0.93776083,0.9421501,0.94991374,0.94149315,0.9453167,0.95418996,0.9569488,0.93995905,0.93915826,0.94792175,0.83865905,0.9496714,0.88798124,0.9516364,0.9536968,0.957029,0.939146,0.9625316,0.96127635,0.96323174,0.9427486,0.94082654,0.9536161,0.94829506,0.94278044,0.943447,0.92209995,0.93820125,0.9258878,0.94992936,0.9405665,0.9496363,0.92534554,0.95632875,0.96209425,0.94234836,0.94705987,0.95605737,0.94616127,0.96853244,0.9512484,0.95335186,0.9595273,0.94283205,0.94415027,0.9351444,0.94653517,0.9559349,0.95525223,0.9496579,0.94683707,0.9556372,0.9298756,0.94155616,0.94984,0.9682576,0.95173013,0.93783814,0.950838,0.96853244,0.9283415,0.960551,0.95665467,0.9348109
annamovie,0.96270674,0.95476854,0.96940845,0.9311277,0.9722462,0.9523195,0.96415824,0.9700711,0.9789684,0.9464537,0.95712805,0.9500918,0.9462369,1.0000004,0.96358645,0.9543785,0.95608425,0.9493716,0.95819664,0.9401093,0.96480006,0.9571349,0.9574437,0.9635512,0.9522107,0.86268437,0.96080524,0.95566916,0.9531369,0.9633547,0.96128976,0.9539297,0.9504623,0.9450179,0.93963224,0.9119355,0.95889956,0.9455688,0.96295774,0.9513873,0.9552433,0.9606136,0.9421958,0.95490223,0.96598816,0.953573,0.9609143,0.9449737,0.9617536,0.9580476,0.948622,0.9689908,0.95426303,0.9578493,0.9599311,0.96168983,0.9543138,0.9679705,0.9580091,0.95107895,0.95598173,0.9374307,0.9605954,0.97541577,0.9451622,0.9564711,0.9436277,0.95994675,0.95560974,0.94018537,0.96305954,0.7218079,0.9369324,0.9674187,0.94677657,0.9399122,0.90718305,0.9710997,0.9578576,0.9546041,0.9541738,0.96196234,0.9638714,0.96419513,0.9450467,0.9507474,0.9588065,0.95386016,0.94749755,0.96289223,0.9576051,0.96305954,0.95038337,0.9504444,0.9553655,0.9675353,0.96216756,0.95950484,0.94643456,0.9604089,0.94935447,0.9397047,0.9373508,0.95859545,0.975615,0.9503988,0.96313787,0.96623784,0.94738996,0.96566975,0.96505046,0.87205243,0.95578885,0.9256733,0.96397257,0.95632637,0.9596609,0.94874614,0.96631855,0.9616492,0.96709985,0.96248925,0.9601506,0.9446487,0.96440303,0.9574146,0.95762676,0.9374036,0.9507234,0.94668424,0.95479363,0.94241583,0.9596586,0.9368982,0.96026075,0.9642958,0.94935757,0.95744705,0.96522284,0.9581273,0.9789684,0.9624006,0.94964236,0.9720719,0.9427255,0.9542114,0.9458968,0.94755304,0.9601902,0.94699955,0.96319777,0.9705623,0.9659142,0.93103206,0.93338525,0.9553383,0.96186215,0.9431314,0.95608515,0.95000577,0.9789684,0.9556801,0.9682389,0.96700794,0.9483752
apollo11movie,0.96757823,0.95968443,0.9686441,0.94517916,0.96819305,0.95825297,0.97334105,0.972768,0.9822657,0.9437826,0.9580485,0.95344007,0.95026445,0.96358645,1.0000001,0.9555078,0.95378774,0.9536068,0.9588967,0.9700466,0.96328455,0.96419257,0.9538108,0.9728337,0.9404942,0.869015,0.94709104,0.96445096,0.9614809,0.9628848,0.9635004,0.96162456,0.9583358,0.95138466,0.9366434,0.92501783,0.95818263,0.951554,0.96607816,0.96957546,0.9479468,0.959242,0.95793766,0.96590745,0.97049195,0.95364887,0.9511521,0.95454013,0.95925045,0.96157026,0.96061164,0.9760491,0.96624535,0.9509827,0.96715146,0.9580582,0.954313,0.9688323,0.9607007,0.96203834,0.9622487,0.94193345,0.9691693,0.96116775,0.96526086,0.9603785,0.9356646,0.964104,0.95419174,0.966032,0.9652754,0.7509473,0.9366624,0.9625299,0.9466525,0.93515986,0.8948206,0.9616543,0.9608756,0.95552117,0.96711326,0.95725423,0.9685287,0.94397885,0.955269,0.9402983,0.9653482,0.95958763,0.9458351,0.9772665,0.95334107,0.9652754,0.947336,0.96225995,0.95844907,0.9750197,0.96695226,0.96744204,0.95284116,0.9588496,0.9494537,0.9537296,0.9461008,0.958155,0.9606588,0.96042764,0.9628597,0.9528876,0.956674,0.9658984,0.9616577,0.87459195,0.95650566,0.9203485,0.9593027,0.96023136,0.97196096,0.9500898,0.9749155,0.96598357,0.9626488,0.9588076,0.96298593,0.94700015,0.97131705,0.9587797,0.9597071,0.9487368,0.96107185,0.9482373,0.9632963,0.94242173,0.9574031,0.9453644,0.96254444,0.96277833,0.96428657,0.95962334,0.964138,0.96667516,0.9822657,0.964721,0.9511356,0.96821666,0.9485399,0.9672204,0.9591149,0.9475959,0.9558968,0.9514291,0.96878475,0.9683631,0.97195566,0.94633657,0.9414882,0.96340287,0.9578934,0.9619056,0.9656894,0.94897014,0.9822657,0.9468733,0.97601867,0.95864016,0.96090645
arcticdogsmovie,0.95767695,0.9662213,0.9658339,0.9325222,0.96770734,0.9501845,0.96991056,0.9607224,0.9748067,0.9559738,0.9506574,0.9452594,0.9423665,0.9543785,0.9555078,1.0000001,0.9562019,0.9568539,0.95176536,0.9389206,0.9598058,0.95790285,0.9564284,0.9621655,0.9494459,0.8672493,0.9532554,0.96465534,0.9630861,0.96246654,0.9562825,0.95740753,0.9414084,0.94647634,0.93909574,0.91310704,0.96322167,0.9465485,0.9642475,0.9475406,0.95052165,0.9530151,0.93786794,0.9570407,0.96839553,0.9525668,0.9591956,0.95053864,0.94835275,0.95664966,0.9561801,0.96295995,0.9473322,0.9460595,0.9556694,0.9502986,0.9538987,0.9655764,0.9497706,0.95627064,0.9473213,0.9351081,0.95914733,0.956277,0.9532323,0.9461263,0.9485104,0.9596282,0.951396,0.93752867,0.959802,0.7054791,0.9291404,0.97116673,0.93554074,0.93554044,0.8867053,0.97122306,0.95695806,0.94989103,0.9480988,0.9611167,0.9525493,0.9663742,0.94068867,0.944487,0.9557639,0.95936537,0.94630116,0.9598967,0.9490646,0.959802,0.95432925,0.9625605,0.95350784,0.9449727,0.9539483,0.9629007,0.94717413,0.94173825,0.9459794,0.94463915,0.94051856,0.94765675,0.95161057,0.9531372,0.9596676,0.96336555,0.9639708,0.9635085,0.96442664,0.8608887,0.9611832,0.9330055,0.9665455,0.95080787,0.95833,0.94145584,0.9613881,0.9697988,0.9599297,0.95821315,0.95820147,0.94737715,0.96373737,0.9588374,0.957018,0.93656677,0.95217407,0.93034065,0.95998454,0.95141643,0.95797974,0.9411938,0.96217823,0.9672695,0.9470897,0.94829184,0.95919496,0.94978565,0.9748067,0.9684195,0.94401604,0.95838475,0.9329505,0.9526205,0.953324,0.9488647,0.9522812,0.93528897,0.9658025,0.96292055,0.9607857,0.929432,0.94309187,0.9571077,0.95098585,0.9484937,0.9626773,0.94732535,0.9748067,0.9615107,0.973175,0.9530521,0.94770163
arcticmovie,0.9595051,0.95445436,0.95992804,0.9353995,0.9562648,0.9508209,0.9579513,0.9563573,0.9786882,0.94823354,0.95208514,0.9362844,0.9484957,0.95608425,0.95378774,0.9562019,1.0000002,0.9554317,0.960609,0.950928,0.9705953,0.9582265,0.962413,0.9600117,0.9585573,0.8672557,0.95020837,0.97276074,0.96512556,0.9547176,0.95068675,0.9562757,0.94502354,0.96213204,0.9422641,0.92184377,0.9660595,0.9510001,0.9640714,0.9572724,0.94530284,0.9658761,0.95752895,0.96112865,0.95630896,0.9593759,0.9601458,0.95496345,0.95501924,0.9658383,0.9602291,0.96828353,0.95680887,0.9508292,0.9579584,0.94470406,0.9645837,0.9621511,0.94984925,0.96352094,0.95358276,0.93785983,0.95185906,0.9680011,0.9574687,0.94890654,0.93921435,0.9453212,0.954046,0.93148065,0.96550536,0.6943974,0.9320937,0.9725748,0.95183074,0.9599129,0.8873159,0.96778804,0.9613453,0.953264,0.95132613,0.95417243,0.96435606,0.9621519,0.9350154,0.9473938,0.9563964,0.95810807,0.9465487,0.9613555,0.94781184,0.96550536,0.95610034,0.9486492,0.9589462,0.9532342,0.9633385,0.97001016,0.9401281,0.9498686,0.96143013,0.9549474,0.9544244,0.956156,0.950918,0.959726,0.9666784,0.96617305,0.95456547,0.96338606,0.96453226,0.8408603,0.9507067,0.931609,0.9576451,0.96022296,0.9620038,0.9502004,0.9681942,0.9677606,0.96419626,0.9517678,0.9588929,0.95184064,0.965589,0.9459182,0.9538525,0.9414586,0.9513432,0.94656837,0.9709843,0.9409967,0.98714256,0.9562413,0.9624229,0.9627535,0.95441616,0.95154476,0.95483565,0.9598988,0.9786882,0.96515846,0.9646183,0.96797746,0.9414517,0.94743276,0.9472731,0.95255685,0.959567,0.9506063,0.95723593,0.97192997,0.9672182,0.9207833,0.96151775,0.9549912,0.9620638,0.94754267,0.9481962,0.94374084,0.9786882,0.9489303,0.96415967,0.968897,0.95799845
artofracingmovie,0.95186186,0.9509321,0.95162165,0.9500152,0.96977115,0.9420296,0.96113914,0.95365095,0.9723027,0.95488816,0.9686099,0.9375778,0.94723743,0.9493716,0.9536068,0.9568539,0.9554317,1.0,0.9485093,0.94136524,0.9599169,0.9550019,0.96672964,0.9525376,0.94435525,0.8769085,0.9393133,0.95390046,0.9516918,0.95479286,0.9587575,0.94628304,0.95197576,0.9454165,0.9286727,0.9185604,0.9570412,0.9482253,0.95224226,0.94818026,0.93218094,0.9715177,0.95061237,0.9680706,0.96040463,0.95596075,0.9639932,0.962548,0.9590372,0.970688,0.9445388,0.9573745,0.95523995,0.9391716,0.951982,0.9582606,0.95079696,0.95968455,0.9592573,0.95781624,0.9548911,0.9444727,0.95969164,0.9528745,0.95123017,0.958472,0.95106494,0.9378572,0.956566,0.9337482,0.95651233,0.68904316,0.9442239,0.95704865,0.9506747,0.9340964,0.88964766,0.9545532,0.95292544,0.94188243,0.958716,0.9579875,0.9560832,0.94433534,0.9399707,0.9424674,0.9652942,0.9560181,0.9417333,0.9586061,0.94687855,0.95651233,0.951457,0.95630497,0.94248927,0.95649993,0.9561863,0.9619774,0.9457068,0.95073587,0.9455611,0.94553226,0.9384878,0.9378029,0.95486385,0.9451608,0.96546894,0.95701164,0.9467751,0.94120663,0.95411056,0.86124504,0.95583886,0.9200889,0.95460784,0.9587756,0.96254045,0.939394,0.95693076,0.9683998,0.95693487,0.952851,0.9532249,0.9508677,0.9546975,0.9557546,0.9523451,0.9207342,0.9634844,0.9410753,0.95179796,0.96511954,0.9596559,0.91865075,0.95804566,0.9639147,0.9524063,0.9381955,0.95379174,0.95603096,0.9723027,0.9513071,0.9478382,0.9581627,0.9421635,0.9382551,0.950675,0.9440778,0.9527085,0.9451185,0.9491875,0.95673937,0.95461184,0.9276677,0.95046765,0.9471805,0.9525619,0.94900036,0.95090145,0.95278233,0.9723027,0.9419237,0.96521026,0.965816,0.9396716
avengers,0.98128265,0.9563274,0.97099507,0.9385156,0.96068984,0.9513554,0.9625259,0.96859246,0.97864574,0.9533407,0.950243,0.944732,0.95757395,0.95819664,0.9588967,0.95176536,0.960609,0.9485093,0.9999998,0.9421186,0.96420604,0.95963895,0.96155834,0.9608295,0.9442106,0.8806382,0.94827634,0.9619673,0.96707916,0.9534444,0.9705909,0.96547544,0.94464934,0.9552332,0.9393203,0.9127637,0.96578753,0.9631456,0.9633008,0.9558441,0.94292814,0.96203744,0.9551329,0.9698404,0.964282,0.9668964,0.9595073,0.95235896,0.9627519,0.97073865,0.9689383,0.9691899,0.9643009,0.96051705,0.95568806,0.9489317,0.9449338,0.9643109,0.95548004,0.96152055,0.9535031,0.93311036,0.9586038,0.9568884,0.95557445,0.95719343,0.9418919,0.9479951,0.96097076,0.9455205,0.9664418,0.72706,0.9395225,0.96801555,0.9463007,0.94389695,0.910119,0.9596968,0.9549638,0.9597541,0.9482741,0.95905066,0.9629603,0.94845074,0.9597051,0.94058114,0.96034324,0.95728767,0.9552391,0.96487594,0.94173294,0.9664418,0.9497035,0.9543788,0.9656834,0.9568253,0.9630647,0.95755947,0.9508357,0.95567566,0.95609605,0.9493627,0.94735616,0.955327,0.9541716,0.9719443,0.96170276,0.9564996,0.9525306,0.9499922,0.96294075,0.8681989,0.9577293,0.9159535,0.9632614,0.95903057,0.96772796,0.95331055,0.9645604,0.96294224,0.9592567,0.95550954,0.94415665,0.9461762,0.96526,0.949,0.95247215,0.95542705,0.9492592,0.9621518,0.9631859,0.93786734,0.9646336,0.9528555,0.9657885,0.9586889,0.9568709,0.95875686,0.9611473,0.9587949,0.97864574,0.9690619,0.9626087,0.957181,0.9337185,0.9487191,0.9478955,0.9545783,0.9471577,0.9540424,0.9580481,0.96588534,0.96325856,0.93143094,0.9586878,0.95750284,0.9619634,0.9544708,0.9595616,0.95436805,0.97864574,0.9452222,0.9662574,0.96758515,0.9635027
beachbummovie,0.9492808,0.94270134,0.9490367,0.93018466,0.9442968,0.93996596,0.9533718,0.9591074,0.9684484,0.9245847,0.9488846,0.9236231,0.945182,0.9401093,0.9700466,0.9389206,0.950928,0.94136524,0.9421186,1.0000001,0.95165837,0.95279557,0.9441013,0.9515707,0.9277154,0.865905,0.9379466,0.95456386,0.9509948,0.95124364,0.9355949,0.95000494,0.9352739,0.9379883,0.93429345,0.8999692,0.94591916,0.9390686,0.94659114,0.9421166,0.94416654,0.9444663,0.9527998,0.95665026,0.9476524,0.94103175,0.9379855,0.9397693,0.9508315,0.94991386,0.94498557,0.95450133,0.9570467,0.9410811,0.9427796,0.93370587,0.9481345,0.9543829,0.93615526,0.94792825,0.9448274,0.92723787,0.9494714,0.94248277,0.95771235,0.9440397,0.9228454,0.938886,0.95431674,0.9539294,0.94518036,0.71695596,0.9167752,0.95765525,0.9334509,0.92983896,0.88237137,0.9507497,0.9364352,0.94291687,0.9558159,0.9442441,0.95575684,0.9373146,0.91874,0.9062269,0.9538978,0.94882417,0.9205051,0.9605066,0.947593,0.94518036,0.93213826,0.9576583,0.93804765,0.94672436,0.95629674,0.9699789,0.9285033,0.94580793,0.9381291,0.9476653,0.94062567,0.9324067,0.9382337,0.94186825,0.95072764,0.9464677,0.9405206,0.94457597,0.95081747,0.8642505,0.93923354,0.9081304,0.9463111,0.95569503,0.95068043,0.93779194,0.9579033,0.9531595,0.95429546,0.9439233,0.9426859,0.9413858,0.9546706,0.9403633,0.9347894,0.9235544,0.9466209,0.9202123,0.9503839,0.92860776,0.9546342,0.93923753,0.94622374,0.9562797,0.94403356,0.93922734,0.93663865,0.9512524,0.9684484,0.95544523,0.9401139,0.96437645,0.9419233,0.9356672,0.94087845,0.9362734,0.95016176,0.9312841,0.9484167,0.9533209,0.9605093,0.9249656,0.9341149,0.9433555,0.9439754,0.9344377,0.94446766,0.9397755,0.9684484,0.92904365,0.95398957,0.9463567,0.9461116
bernadettefilm,0.9682627,0.951289,0.96403384,0.93337697,0.9616948,0.9532543,0.9690187,0.9603523,0.9813873,0.94710314,0.96536124,0.9486912,0.9507677,0.96480006,0.96328455,0.9598058,0.9705953,0.9599169,0.96420604,0.95165837,0.99999994,0.96274585,0.9629511,0.96494436,0.948999,0.8602731,0.9640373,0.9643427,0.9640681,0.9631729,0.96138763,0.95703155,0.96250993,0.9498219,0.9406069,0.9220654,0.96378773,0.9484682,0.9566311,0.96141386,0.94908285,0.97079283,0.9571975,0.9632029,0.9676794,0.96261615,0.95862263,0.9554682,0.96940595,0.9669715,0.95335394,0.96503603,0.9655099,0.95476013,0.9544725,0.9493385,0.9681121,0.9646384,0.9612516,0.96220344,0.9693914,0.93780047,0.95537186,0.96832705,0.9499769,0.9654756,0.94989073,0.9528433,0.9604395,0.94817144,0.9678301,0.7182138,0.9487769,0.972333,0.9454548,0.9400342,0.9060313,0.96745753,0.9627486,0.9538279,0.95629424,0.9669958,0.9670642,0.9564195,0.94434106,0.95261043,0.9583954,0.9612719,0.9574242,0.967134,0.96296394,0.9678301,0.95319945,0.9581625,0.95664215,0.9625993,0.96534455,0.964212,0.9568529,0.9505328,0.9667244,0.94699705,0.9527102,0.964158,0.95941716,0.95263904,0.96389794,0.97259355,0.95879763,0.9616698,0.97277284,0.8575824,0.9691553,0.92265284,0.9696372,0.9657628,0.96725774,0.9489904,0.96994436,0.97024983,0.9666374,0.9611161,0.96525997,0.9459932,0.9716063,0.95518225,0.9497329,0.9393249,0.9527737,0.9481933,0.97275394,0.94766456,0.9681551,0.94045275,0.9662906,0.96826273,0.9514094,0.9454148,0.9637173,0.9659035,0.9813873,0.96790767,0.9713938,0.9776201,0.9573853,0.9455042,0.9420814,0.9522022,0.9642832,0.9476327,0.9611965,0.97068304,0.9642721,0.942442,0.95832825,0.9581678,0.95690525,0.95472074,0.9567375,0.9573163,0.9813873,0.9457059,0.97140974,0.96862507,0.9591391
