movie,21bridgesmovie,47metersdown,abeautifuldaymovie,abominablemovie,adastramovie,adogsjourneymovie,aftermathmovie,aftermovie,ahiddenlifefilm,alitamovie,angelhasfallen,angrybirdsmovie,annabellemovie,annamovie,apollo11movie,arcticdogsmovie,arcticmovie,artofracingmovie,avengers,beachbummovie,bernadettefilm,blackandbluemovie,blackchristmas,blindedbythelightmovie,bombshellmovie,booksmart,breakthroughmovie,brianbanksmovie,brightburnmovie,brittanyrunsmov,captainmarvelofficial,captivestatemovie,catsmovie,charliesangels,childsplaymovie,clarathefilm,coldpursuitmovie,countdown,currentwarmovie,darkwatersmovie,detectivepikachumovie,disneyaladdin,disneyfrozen,disneymaleficent,doctorsleepmovie,dolemiteismyname,dontletgomovie,doramovie,downtonabbey_official,dumbo,escaperoom,everybodyknowsmovie,fastandfuriousmovie,fightingwmyfam,fivefeetapartfilm,fordvferrari,freaksthefilm,geminimanmovie,glassmovie,gloriabellmovie,godzillamovie,goldfinchmovie,goodboysmovie,goodliarmovie,gretafilm,halathemovie,happydeathdaymovie,harrietfilm,hellboymovie,hersmellmovie,highlifemovie,highstrungmovie,honeyboymovie,hotelmumbaifilm,httydragon,hustlemovie,hustlersmovie,isntitromantic,itmovieofficial,jayandsilentbob,johnwickmovie,jojorabbitmovie,jokermovie,judythefilm,jumanjimovie,justmercyfilm,knivesout,lalloronamovie,lastblackmansf,lastchristmasthemovie,latenightmovie,lighthousemovie,lionking,littlethemovie,littlewomenmovie,littlewoodsfilm,longshotmovie,lordsofchaosmovie,lucyintheskyfilm,mamovie2019,marriagestory,meettheaddams,meninblack,midsommarmovie,midwaymovie,missbalamovie,missinglinkfilm,motherlessbklyn,onceinhollywood,onthebasisofsex,overcomermovie,peanutbutterfalcon,petsematarymovie,piercingmovie,playingwithfire,playmobilthemovie,pomsmovie,queenandslim,rambomovie,readyornotfilm,richardjewellfilm,rocketmanmovie,scarystoriesmovie,secretlifeofpets,serenityfilm,shaftmovie,shazammovie,spidermanmovie,spiesindisguise,starwars,stormboymovie,stubermovie,taosdfilm,teenspiritmov,terminator,theaeronautsmov,thebestofenemies,thedeaddontdie,thefarewell,thehighwaymen,thehummingbirdprojectfilm,theintrudermovie,theirishmanfilm,thekitchenmovie,thelegomovie,themustangfilm,thenightingalefilm,theprodigymovie,thesunisalsoastar,theupsidefilm,tolkienmovie,toystory,triplefrontier,uglydolls,uncutgems,underthesilverlake,usmovie,wavesmovie,whatmenwant,wonderparkmovie,wrinklestheclown,xmenmovies,yardiefilm,yesterdaymovie,zombieland
21bridgesmovie,1.0000001,0.9624875,0.95720077,0.95780087,0.956951,0.95453846,0.9670525,0.962698,0.9827708,0.96555394,0.96139395,0.9571218,0.96518016,0.9662809,0.9702284,0.9563633,0.9586353,0.9571767,0.972339,0.9496274,0.96000224,0.9521373,0.9616761,0.9638234,0.9558312,0.91037023,0.9437621,0.9572967,0.9677011,0.95752627,0.9485731,0.9605649,0.9466385,0.9639537,0.9527112,0.94252515,0.9614738,0.9702026,0.9509267,0.95416343,0.9536631,0.9642666,0.9489928,0.9733924,0.9692319,0.9497703,0.96062016,0.96744454,0.9473737,0.97090733,0.96434456,0.9690283,0.9579713,0.9582737,0.9476131,0.9605382,0.9483026,0.96698534,0.94677424,0.95742303,0.9468729,0.94463503,0.96028113,0.96617776,0.95400524,0.96021926,0.95088565,0.9562748,0.9591524,0.9593332,0.9634175,0.79934883,0.93900234,0.95328665,0.9507635,0.9364175,0.9328184,0.9606992,0.9507779,0.9603544,0.94536716,0.9544112,0.96147746,0.95338964,0.96129197,0.943724,0.9481116,0.96641886,0.95211685,0.9604908,0.9581799,0.9634175,0.95903575,0.9567461,0.95520717,0.9616945,0.9559413,0.9579581,0.9556046,0.9663589,0.9553238,0.9516253,0.96373075,0.9574345,0.96068984,0.96299535,0.96526086,0.956998,0.9474623,0.9602311,0.9634435,0.871806,0.95704436,0.9337812,0.95896,0.966047,0.9879009,0.9467345,0.9547257,0.96044767,0.96272415,0.9563465,0.95395976,0.9559706,0.97035617,0.9502018,0.9527051,0.96276677,0.9619056,0.9248721,0.9586862,0.9492208,0.9613987,0.95921916,0.9556076,0.95522374,0.9696948,0.9604967,0.9687159,0.9480873,0.9827708,0.9548092,0.9551387,0.94487554,0.96087754,0.9582258,0.9594559,0.9539174,0.9640595,0.967506,0.9585755,0.96199244,0.9503552,0.9529669,0.95658726,0.95066625,0.96205723,0.9566242,0.9594725,0.9550609,0.9827708,0.9514216,0.9687237,0.96416885,0.95928913
47metersdown,0.9624875,0.9999995,0.9539062,0.94481516,0.94656867,0.94825965,0.95878226,0.93733877,0.97212493,0.9514415,0.95862925,0.9489301,0.96349674,0.9596774,0.9555053,0.96024084,0.950505,0.9574182,0.95690304,0.9330658,0.94640785,0.95327115,0.9629743,0.95843726,0.941306,0.9015905,0.9330492,0.95208,0.96066445,0.94570655,0.9437531,0.9514459,0.9488407,0.96066105,0.9353629,0.91806173,0.9582689,0.9514837,0.95008016,0.94912803,0.9470733,0.95402133,0.9435277,0.95515317,0.9614062,0.93036073,0.9663323,0.9492178,0.9378609,0.95336646,0.9588325,0.9607957,0.948675,0.9489316,0.9363165,0.9546891,0.9418152,0.95456904,0.9425088,0.95369107,0.9472326,0.949165,0.95196223,0.96180934,0.95554024,0.9519951,0.9351638,0.94533116,0.9532673,0.93767667,0.9558252,0.8168691,0.93639284,0.9503788,0.9478783,0.9438126,0.9243184,0.96450883,0.95037645,0.9468127,0.94658256,0.9479105,0.9574996,0.93372095,0.95707834,0.946614,0.9414013,0.95257735,0.9476606,0.95884556,0.94465137,0.9558252,0.9438792,0.9405917,0.9449283,0.9533173,0.94960564,0.94271153,0.94935197,0.95236367,0.94693625,0.9472201,0.9520838,0.9549331,0.96300495,0.9571546,0.95600575,0.9480658,0.9495092,0.94114125,0.9481435,0.873687,0.949433,0.91468376,0.94005275,0.95365244,0.9645105,0.9411714,0.945725,0.9509202,0.9468484,0.9491803,0.9385853,0.93277466,0.954934,0.9422371,0.94377756,0.95723027,0.953346,0.9203954,0.94292337,0.9413094,0.9508465,0.9435406,0.94144565,0.94914013,0.9531126,0.94472486,0.96136755,0.93891585,0.97212493,0.9504539,0.94605315,0.9425597,0.9551122,0.9556509,0.9355425,0.9282336,0.9501368,0.954835,0.9534251,0.9543733,0.9440624,0.9299409,0.94681287,0.94684136,0.9530783,0.94664466,0.9457576,0.9416983,0.97212493,0.9461422,0.9592635,0.96131444,0.9476442
abeautifuldaymovie,0.95720077,0.9539062,0.99999976,0.9574797,0.9437895,0.96444595,0.954817,0.9477454,0.9755476,0.95175624,0.95490956,0.96928275,0.95424336,0.9524389,0.9560928,0.957368,0.9476761,0.95547265,0.9436323,0.94376755,0.9490202,0.9673648,0.9625498,0.9564995,0.9424076,0.8915231,0.9436901,0.9516098,0.9673659,0.96530956,0.93742967,0.9567854,0.94789195,0.95143044,0.9525423,0.92605096,0.95417464,0.952465,0.94971883,0.95603,0.9419924,0.9593961,0.94116646,0.9644352,0.96233946,0.93143195,0.95876366,0.96139604,0.95930326,0.96289504,0.97129273,0.9690623,0.9571016,0.9519804,0.9388524,0.9511677,0.9307535,0.9522623,0.951495,0.9557911,0.94785476,0.94426066,0.9449643,0.9570296,0.9539993,0.93998885,0.9303279,0.9526625,0.9461622,0.94520104,0.95863247,0.8025503,0.93480617,0.9453738,0.95440596,0.9203298,0.91089255,0.9532715,0.9386434,0.9553362,0.9553939,0.93572927,0.9456724,0.94843966,0.9625593,0.9481623,0.9274304,0.9582714,0.94593745,0.96138847,0.95143896,0.95863247,0.9398519,0.9480549,0.9646509,0.96369046,0.94920427,0.9561752,0.9490732,0.9486922,0.93987525,0.94536376,0.96417814,0.96161497,0.9524199,0.9668695,0.95797455,0.94869655,0.95122993,0.9558103,0.9544935,0.85992754,0.9476163,0.92296654,0.944699,0.94876504,0.9627691,0.9448197,0.955847,0.9526522,0.94612485,0.94587016,0.946046,0.95576215,0.9546712,0.95160455,0.9482905,0.95946276,0.9559683,0.919192,0.9537596,0.9437753,0.95096105,0.9390428,0.9368169,0.962874,0.9516429,0.9519261,0.9630129,0.93312997,0.9755476,0.9663989,0.93739074,0.93326753,0.9490517,0.9542154,0.9443804,0.9437072,0.9492531,0.9503427,0.95478904,0.97094035,0.93652046,0.936551,0.94879156,0.9548237,0.95082307,0.950329,0.9474505,0.95192343,0.9755476,0.9468499,0.96070224,0.97069955,0.95777774
abominablemovie,0.95780087,0.94481516,0.9574797,1.0000001,0.9516598,0.9468094,0.95513433,0.9488179,0.9745479,0.957928,0.9524505,0.95765203,0.96720743,0.95244485,0.9588556,0.95231485,0.9517741,0.9571347,0.94211596,0.9387851,0.9586874,0.94825685,0.95468587,0.95089716,0.9421279,0.89508593,0.94072324,0.955725,0.9481871,0.94894433,0.93999135,0.9579131,0.9336607,0.94126725,0.9480538,0.93258506,0.9516433,0.95888495,0.9457741,0.9484878,0.93607527,0.9550055,0.9492921,0.9595075,0.95177853,0.93616325,0.95262784,0.95406795,0.93697053,0.96036476,0.9527623,0.9630447,0.9511983,0.9533377,0.9376189,0.9669305,0.94105905,0.94871396,0.9559376,0.96228844,0.9457366,0.94773376,0.94488573,0.9621892,0.95652884,0.94474393,0.93944526,0.9532428,0.95315,0.94634706,0.96649635,0.7812958,0.9363448,0.9545948,0.9570191,0.92841053,0.92269456,0.9531781,0.9490137,0.94887334,0.9548947,0.94400376,0.95697963,0.9474629,0.9534881,0.9465166,0.9522893,0.96732813,0.9493827,0.9576379,0.9581412,0.96649635,0.94818455,0.9517422,0.9539487,0.95570564,0.9596804,0.9504829,0.9535051,0.9499276,0.94956136,0.9550276,0.9408821,0.95770514,0.9529274,0.9522569,0.9560505,0.9567247,0.93476164,0.94823915,0.9543535,0.8624716,0.9431147,0.92737794,0.94858485,0.9588326,0.9626121,0.9430947,0.9681614,0.9441883,0.9563416,0.94044524,0.93601125,0.9478376,0.96168405,0.94774055,0.9556036,0.9381657,0.9514295,0.9163611,0.95689994,0.9327198,0.95896333,0.9408201,0.9260602,0.9462427,0.950874,0.94827026,0.96609044,0.9369803,0.9745479,0.94305927,0.94495565,0.9425353,0.951288,0.95277905,0.95301557,0.9500786,0.9604472,0.9543323,0.9464204,0.95631874,0.94261366,0.9462177,0.95351154,0.9605396,0.9508539,0.95962274,0.9419402,0.9462131,0.9745479,0.9478014,0.9613451,0.95341754,0.94961196
adastramovie,0.956951,0.94656867,0.9437895,0.9516598,0.9999997,0.9511191,0.95135957,0.948647,0.9694679,0.96543664,0.94089854,0.9462528,0.9617051,0.9515685,0.9468417,0.95284015,0.94652385,0.9708142,0.9456935,0.93705034,0.94592017,0.9440667,0.94954777,0.9530836,0.9234177,0.9009398,0.9525104,0.9503852,0.9553038,0.9450514,0.93532383,0.9510896,0.93662435,0.93509865,0.9405161,0.9307478,0.9416891,0.9534885,0.9452221,0.95467246,0.93187445,0.94902086,0.95383155,0.954683,0.9567409,0.9301147,0.9528494,0.95066494,0.9410841,0.9518957,0.9590475,0.9564679,0.9322778,0.9362498,0.9467318,0.9746469,0.9430372,0.9456631,0.9481784,0.94575155,0.954258,0.9342647,0.9499082,0.96512645,0.9453713,0.9428994,0.9406229,0.9441776,0.953276,0.94925606,0.951578,0.83342445,0.93903106,0.9471829,0.94184726,0.9356066,0.92398405,0.95661837,0.9448368,0.95077115,0.93302774,0.94457704,0.9559308,0.93519133,0.95028025,0.94490486,0.9422942,0.95218396,0.9424681,0.96938884,0.95312554,0.951578,0.93902075,0.94866073,0.939875,0.93845385,0.95011187,0.9576756,0.952397,0.94300324,0.9413254,0.93672717,0.95770997,0.9490076,0.94403416,0.95826316,0.96488696,0.96196586,0.9398494,0.9424289,0.9557786,0.8765955,0.9488346,0.9269392,0.9468897,0.950268,0.9585312,0.9377291,0.9556845,0.9469797,0.95256394,0.94307494,0.94389695,0.93232816,0.9581864,0.9426932,0.94782054,0.9396326,0.9611636,0.92147064,0.95434815,0.9661487,0.95234597,0.9476711,0.9360171,0.94446534,0.949399,0.93997526,0.9518843,0.9459643,0.9694679,0.9497509,0.94833285,0.9481517,0.95216626,0.941819,0.94802684,0.938554,0.95621777,0.9421889,0.9460094,0.94142497,0.9456283,0.93634725,0.9443224,0.9426183,0.94117194,0.9554779,0.9497521,0.9487148,0.9694679,0.94643897,0.953862,0.95209026,0.95832837
adogsjourneymovie,0.95453846,0.94825965,0.96444595,0.9468094,0.9511191,1.0000002,0.95372,0.95370144,0.97419673,0.9529186,0.9496299,0.96132666,0.9498597,0.9508295,0.95218873,0.9453856,0.9558508,0.96002895,0.9507624,0.9557807,0.9456881,0.96580863,0.9633518,0.9542587,0.93421006,0.89195585,0.9410656,0.9543545,0.9677877,0.9510979,0.9422463,0.9455288,0.94248396,0.9522163,0.94077736,0.92579305,0.9588008,0.94059354,0.94499564,0.9466054,0.9371032,0.9545248,0.9506558,0.956624,0.9604989,0.93856627,0.95704514,0.9601412,0.9510526,0.95648307,0.96573967,0.9643727,0.95445967,0.9441783,0.9407393,0.95078653,0.9382414,0.9536762,0.94538337,0.9431894,0.94082713,0.93898624,0.9426109,0.9555601,0.9549142,0.94207996,0.9296665,0.94960374,0.9424881,0.94222784,0.95288694,0.81064534,0.9268994,0.9473312,0.94437355,0.9242097,0.9163586,0.95657253,0.93111986,0.95860714,0.9481827,0.94167316,0.9426809,0.9418244,0.9534725,0.9366565,0.9298339,0.9536922,0.9404138,0.9546741,0.94484365,0.95288694,0.9406883,0.9433461,0.9622537,0.95408195,0.944327,0.96120054,0.9507269,0.9550706,0.9456906,0.9431933,0.96043044,0.96170235,0.9479975,0.9621515,0.96406555,0.9392577,0.9392463,0.93698657,0.95338947,0.8839613,0.9542509,0.9392618,0.93844634,0.94398814,0.9595138,0.94575626,0.9524575,0.9511926,0.9484693,0.95343864,0.94349945,0.96063966,0.9549152,0.9506944,0.9517449,0.9558943,0.95004153,0.93055165,0.95133936,0.93713826,0.9579945,0.9326688,0.94029903,0.9511265,0.95016384,0.9483897,0.9605554,0.9480801,0.97419673,0.95950115,0.94469666,0.937219,0.9465894,0.949839,0.940873,0.9415418,0.9427286,0.95340335,0.9576341,0.95162857,0.94644713,0.94049966,0.9489553,0.9493011,0.9440001,0.94925326,0.94241595,0.9461715,0.97419673,0.9469053,0.9596223,0.95785826,0.9519299
aftermathmovie,0.9670525,0.95878226,0.954817,0.95513433,0.95135957,0.95372,0.9999999,0.9517482,0.9789189,0.9567025,0.9576116,0.96136546,0.96144843,0.96420634,0.9621662,0.95522803,0.9548968,0.9530083,0.9592115,0.94674426,0.95049757,0.95370746,0.9581572,0.9626712,0.9478499,0.9068609,0.9409221,0.9482594,0.9612457,0.95696527,0.94881445,0.96212363,0.9462662,0.95899254,0.949836,0.9397588,0.9623033,0.9583935,0.9536337,0.95751053,0.95749736,0.9576848,0.948907,0.96120024,0.9581898,0.9536172,0.9625924,0.9645509,0.94003344,0.9591148,0.96422374,0.9719537,0.94570726,0.95132524,0.9435347,0.9551855,0.94671416,0.9668955,0.9531023,0.9494296,0.95402855,0.9480393,0.9534751,0.963719,0.96181303,0.9519185,0.95217407,0.9633511,0.95972335,0.95549893,0.9536713,0.8100174,0.9484742,0.95178556,0.957652,0.94974923,0.9405569,0.96090704,0.9551047,0.95581657,0.9463289,0.97295547,0.9602572,0.94807106,0.9541356,0.9436702,0.9505125,0.9562437,0.9458457,0.9564229,0.9504821,0.9536713,0.95067805,0.9543609,0.9579038,0.95112556,0.95353454,0.9529881,0.97154593,0.9570672,0.96656746,0.9545615,0.95933956,0.9580158,0.9596333,0.9607607,0.963225,0.9591375,0.94551826,0.95688486,0.9627046,0.8743407,0.9550421,0.92083406,0.9504977,0.9610895,0.9705536,0.94031096,0.9529736,0.989957,0.9600923,0.9516717,0.94829476,0.94349617,0.9658281,0.95709467,0.94667935,0.9509571,0.96130687,0.92865646,0.9520444,0.9467858,0.95598096,0.953254,0.9509774,0.96155155,0.9572633,0.96063286,0.9557151,0.95257455,0.9789189,0.9474518,0.9596388,0.94400686,0.9527438,0.9664242,0.9508813,0.949848,0.965759,0.9565904,0.9800247,0.9535772,0.95055467,0.9429566,0.94926935,0.9448885,0.95389503,0.9506293,0.95812887,0.95242625,0.9789189,0.95958894,0.9609474,0.96167886,0.9577079
aftermovie,0.962698,0.93733877,0.9477454,0.9488179,0.948647,0.95370144,0.9517482,1.0000002,0.974887,0.9554896,0.9524136,0.9682617,0.94728225,0.9537547,0.9599348,0.94648063,0.9591125,0.9515122,0.9523329,0.9548264,0.9519266,0.94608414,0.94862413,0.95957935,0.9437505,0.9057985,0.94062716,0.961314,0.9544287,0.9578227,0.94713223,0.95653075,0.94452304,0.95416915,0.9512459,0.923201,0.95154107,0.9539897,0.9448732,0.95072925,0.9419674,0.9650523,0.9464563,0.9644036,0.9574977,0.94124407,0.951836,0.9603509,0.93755335,0.9653168,0.96208483,0.9599255,0.94311,0.94683325,0.9497241,0.95437384,0.93369555,0.9686481,0.9507142,0.95588505,0.94046676,0.9483982,0.94003177,0.9578731,0.9586705,0.9497479,0.94898844,0.9466259,0.9481177,0.9551485,0.96116227,0.8097346,0.9399948,0.9520599,0.9459733,0.9261426,0.9458501,0.95799077,0.94303983,0.9521815,0.9480164,0.942317,0.95112073,0.9482462,0.95075345,0.94378364,0.9353061,0.9586574,0.9495725,0.952362,0.95642453,0.96116227,0.95341957,0.9656235,0.95336807,0.9458035,0.9475423,0.9614716,0.9448973,0.9502566,0.9388713,0.9474399,0.9495589,0.9519062,0.94962674,0.9620575,0.9687165,0.94666266,0.933146,0.94089055,0.95519376,0.860867,0.95872396,0.93562865,0.959824,0.95558673,0.9688712,0.94203156,0.9519751,0.94799364,0.9627579,0.95473236,0.9549407,0.9473423,0.9607362,0.95454144,0.95527345,0.9477197,0.95642567,0.9058215,0.9559686,0.94410753,0.95737946,0.95349854,0.9550749,0.95405537,0.959087,0.9535942,0.9615799,0.93947923,0.974887,0.94897497,0.9441898,0.9458117,0.95994437,0.9506504,0.950929,0.9517189,0.9491078,0.9572513,0.94825876,0.9466321,0.937885,0.9456396,0.9474876,0.95013624,0.94936454,0.9503462,0.9709821,0.9590375,0.974887,0.9531832,0.96511316,0.9469421,0.9509628
ahiddenlifefilm,0.9827708,0.97212493,0.9755476,0.9745479,0.9694679,0.97419673,0.9789189,0.974887,0.99999976,0.9755316,0.97739613,0.9767783,0.97891456,0.97892624,0.98153055,0.97398734,0.9724665,0.9731116,0.9747914,0.96420383,0.975835,0.9761413,0.98102397,0.9818847,0.9655803,0.91568595,0.9631095,0.9777522,0.9798154,0.9744998,0.9665081,0.97709185,0.9672396,0.97442937,0.97060627,0.9583452,0.98106104,0.9755686,0.96952105,0.97393036,0.9674343,0.98105615,0.9709405,0.9824623,0.9817806,0.959888,0.98022354,0.98016584,0.96087795,0.98270446,0.98120123,0.98362756,0.9741572,0.97169536,0.9585215,0.97691727,0.9654326,0.9808144,0.96994066,0.9772278,0.9696384,0.966729,0.9690622,0.9832635,0.9781863,0.971277,0.9664596,0.97186667,0.9731982,0.9719361,0.98114973,0.82669175,0.96426827,0.9765778,0.97521204,0.9508284,0.95042866,0.983246,0.9690737,0.97190994,0.9711168,0.96818656,0.97786546,0.9743154,0.97602814,0.9668932,0.9615293,0.98088676,0.97404,0.9812377,0.9732879,0.98114973,0.9690887,0.9734035,0.97609776,0.97286415,0.97490484,0.97135967,0.9689567,0.9759299,0.9726833,0.9680907,0.97381216,0.97695225,0.9743332,0.9802368,0.98259056,0.972671,0.96216595,0.96886265,0.9774313,0.8916589,0.9739701,0.9514643,0.97120327,0.9758636,0.98846304,0.9700453,0.97801626,0.9742115,0.97767437,0.9697846,0.9691415,0.9659544,0.98139846,0.9707304,0.9738538,0.9736667,0.97759295,0.94565195,0.978566,0.96228766,0.97623116,0.9692482,0.96758705,0.97546744,0.9781473,0.97345346,0.98261935,0.96482915,0.99999976,0.9737482,0.9705643,0.9656319,0.9753216,0.9715868,0.9701507,0.9703019,0.97561026,0.97534454,0.97291386,0.9754071,0.9659296,0.9612555,0.97406644,0.97048354,0.9745175,0.9721934,0.972667,0.96985096,0.99999976,0.9724108,0.98534566,0.979683,0.97171146
alitamovie,0.96555394,0.9514415,0.95175624,0.957928,0.96543664,0.9529186,0.9567025,0.9554896,0.9755316,0.99999946,0.94490635,0.9526667,0.95909864,0.96252084,0.9559567,0.949148,0.9600111,0.9595793,0.95964086,0.944308,0.95234174,0.949193,0.95532936,0.9601565,0.94257796,0.892339,0.94216496,0.9636928,0.95813924,0.9537845,0.9442679,0.95921713,0.93612176,0.95082,0.9526387,0.9372089,0.95392513,0.96118987,0.9460851,0.9559664,0.93876654,0.96245986,0.9553843,0.96353763,0.9596445,0.94014835,0.95487267,0.9612683,0.94443935,0.9643716,0.9604924,0.9659705,0.94775265,0.93999493,0.9413852,0.9636279,0.9493043,0.9579211,0.9491502,0.9538896,0.9409911,0.9423068,0.95357454,0.9567404,0.95472723,0.9590435,0.9411991,0.9507989,0.95260704,0.9672755,0.95861137,0.8106306,0.9389184,0.95698667,0.9507723,0.93456066,0.93369764,0.9621136,0.9479834,0.9605324,0.9444339,0.9419976,0.95381707,0.9442033,0.954509,0.9494125,0.9449784,0.96351165,0.96439284,0.966391,0.957761,0.95861137,0.95970213,0.95516545,0.94720656,0.94873005,0.95655286,0.95739615,0.94914645,0.9528278,0.9466133,0.9497515,0.95208293,0.953783,0.964605,0.95769733,0.9617501,0.9513541,0.9330113,0.9515605,0.96023595,0.8808541,0.9546521,0.93800485,0.9507428,0.96182305,0.96560174,0.9525289,0.9597977,0.95156276,0.95784044,0.9577778,0.93724364,0.93982077,0.9645625,0.94936574,0.9580318,0.94634897,0.95473754,0.93171054,0.9573539,0.9462764,0.9637185,0.9553148,0.95306706,0.954506,0.958406,0.96632457,0.9650066,0.9444598,0.9755316,0.9542054,0.94675034,0.94884366,0.9589987,0.94887567,0.9570435,0.95317876,0.9556766,0.9534866,0.95068413,0.95922077,0.9484301,0.94502527,0.9477808,0.9453628,0.9468394,0.95199466,0.95295817,0.9484126,0.9755316,0.95867515,0.9617852,0.95326596,0.9562404
angelhasfallen,0.96139395,0.95862925,0.95490956,0.9524505,0.94089854,0.9496299,0.9576116,0.9524136,0.97739613,0.94490635,0.9999999,0.9556532,0.95619166,0.95848835,0.9657851,0.9522131,0.9513281,0.9536897,0.95365375,0.95038146,0.9539046,0.96237934,0.95993793,0.9607419,0.9432371,0.8911957,0.9394437,0.9555096,0.9646375,0.9510099,0.95527124,0.9579663,0.9530772,0.9596442,0.94740057,0.9396441,0.9667798,0.951633,0.9540266,0.9484799,0.9505824,0.96268475,0.9442479,0.95729065,0.957122,0.9452354,0.9637361,0.95588106,0.93401253,0.9620715,0.9580389,0.95545155,0.9585997,0.964414,0.93832695,0.95008457,0.94888645,0.96333706,0.950788,0.9574333,0.9520235,0.94546294,0.95253307,0.95846605,0.955427,0.953587,0.94157207,0.9524575,0.966762,0.9518513,0.9590846,0.80265266,0.9419356,0.95891625,0.9601544,0.9259582,0.9294692,0.961818,0.96218204,0.944604,0.96798784,0.9525431,0.9535606,0.95660055,0.9643034,0.94793046,0.94808954,0.9535986,0.9525131,0.9514596,0.94703317,0.9590846,0.9526504,0.95337224,0.95547533,0.96012765,0.96422267,0.9402229,0.9401004,0.9528549,0.95891476,0.9522634,0.9507504,0.9530364,0.9596631,0.95893294,0.9604409,0.95263076,0.9392086,0.9478527,0.95211774,0.8743091,0.94819134,0.9224619,0.9524289,0.9659255,0.97013015,0.95123124,0.9564595,0.9552572,0.9544766,0.9458317,0.9447548,0.94255763,0.96079135,0.95505893,0.9488851,0.9558259,0.9574793,0.91818637,0.94741726,0.93587595,0.95226496,0.94554144,0.9439052,0.95414966,0.96268344,0.956751,0.9619172,0.9453012,0.97739613,0.9500558,0.95597076,0.9466533,0.9603791,0.9504346,0.9521737,0.94488657,0.9586539,0.95481604,0.9485564,0.9538151,0.94629574,0.93882996,0.95172304,0.94922405,0.9535551,0.9493581,0.9471791,0.9411123,0.97739613,0.9511157,0.9689179,0.95881647,0.9517143
angrybirdsmovie,0.9571218,0.9489301,0.96928275,0.95765203,0.9462528,0.96132666,0.96136546,0.9682617,0.9767783,0.9526667,0.9556532,1.0000004,0.95269537,0.9558956,0.9539891,0.94982046,0.95465404,0.95034176,0.94179904,0.94485503,0.95025665,0.95295084,0.9581686,0.9578562,0.9454813,0.89097065,0.9357932,0.9588152,0.9680528,0.9715015,0.9382426,0.9547342,0.9403758,0.9599192,0.9481325,0.9074928,0.96128565,0.9557896,0.9503424,0.9601708,0.93972147,0.9634498,0.95231104,0.962088,0.9604555,0.92752045,0.96065336,0.9661461,0.9470229,0.96233356,0.9735494,0.9620926,0.9538504,0.9535246,0.94053644,0.947729,0.934076,0.9628243,0.95090926,0.9522929,0.9442526,0.94585115,0.94388187,0.95929563,0.96246374,0.9464072,0.9415503,0.94859886,0.9556467,0.9466811,0.95897955,0.82000095,0.934701,0.9520786,0.95438284,0.92588246,0.9236877,0.95888656,0.9401235,0.9451652,0.9590234,0.9382362,0.94432706,0.9512268,0.9669074,0.94987494,0.93982226,0.96288186,0.94849735,0.9541674,0.9567239,0.95897955,0.9533371,0.9633801,0.9659351,0.9485673,0.9559826,0.95532614,0.94833183,0.9498974,0.93843883,0.9453361,0.95713586,0.9551194,0.9583785,0.97519046,0.9669982,0.9500776,0.94239336,0.9530908,0.94889426,0.8754603,0.9615802,0.9162124,0.95830315,0.9594592,0.96451914,0.9479596,0.9649266,0.9548433,0.9558084,0.95529073,0.95335037,0.9546481,0.96386105,0.9516553,0.9544012,0.9521875,0.9621872,0.9149598,0.95677125,0.94219947,0.9492312,0.9495949,0.94953334,0.96470416,0.95490754,0.9525999,0.97196573,0.92722535,0.9767783,0.95948094,0.9382485,0.9399952,0.96366143,0.9509244,0.9485296,0.94388217,0.9544152,0.94718295,0.9610677,0.95544237,0.93027794,0.93635124,0.95458347,0.9487935,0.95627785,0.9469339,0.9562062,0.9605085,0.9767783,0.9511089,0.956423,0.96175665,0.9614696
annabellemovie,0.96518016,0.96349674,0.95424336,0.96720743,0.9617051,0.9498597,0.96144843,0.94728225,0.97891456,0.95909864,0.95619166,0.95269537,1.0000001,0.9589743,0.9660592,0.9542103,0.95222217,0.96583444,0.96160984,0.94746345,0.9588503,0.9529957,0.9582318,0.96378845,0.94208467,0.8941047,0.94934624,0.9646449,0.9603149,0.95384187,0.95557,0.9681226,0.95575356,0.95068055,0.94762534,0.9447995,0.956408,0.971825,0.9534281,0.9623608,0.94984484,0.9639806,0.95629317,0.9659688,0.9622132,0.94762695,0.95733875,0.9584438,0.95556444,0.96439046,0.96190035,0.9724617,0.9585598,0.95450234,0.95488924,0.9647023,0.9471191,0.95563334,0.9538217,0.9622195,0.95669794,0.9474438,0.9586862,0.9725285,0.9575447,0.95343137,0.94193393,0.9606559,0.9571226,0.9499432,0.9707895,0.81655467,0.95209587,0.96392685,0.9528968,0.95142967,0.93264073,0.9688764,0.956027,0.9622985,0.9466455,0.9579773,0.9673194,0.9560342,0.96170574,0.95412415,0.95125437,0.9805238,0.95999545,0.96973723,0.9632724,0.9707895,0.9545374,0.95231116,0.95104057,0.95425236,0.9605231,0.95153695,0.96167773,0.9489471,0.95684075,0.9528981,0.95769495,0.967765,0.95216095,0.96005553,0.9663815,0.9577625,0.9509476,0.9557944,0.9616524,0.87170815,0.9488879,0.9367707,0.95263016,0.95619804,0.96441394,0.9481801,0.9640885,0.9555841,0.9692161,0.9485944,0.95392025,0.9430019,0.963641,0.94496775,0.9635843,0.9535383,0.96230525,0.93328714,0.95604736,0.9516242,0.95421267,0.9456474,0.94084364,0.9560581,0.95128846,0.94942766,0.96601826,0.9510802,0.97891456,0.9526945,0.95833886,0.9429964,0.95969784,0.9620481,0.9516031,0.94821835,0.96346885,0.95826614,0.9563017,0.9568193,0.958656,0.95228744,0.95837206,0.9569757,0.9529521,0.9655471,0.95070356,0.9480172,0.97891456,0.9558841,0.9646491,0.9627424,0.9567926
annamovie,0.9662809,0.9596774,0.9524389,0.95244485,0.9515685,0.9508295,0.96420634,0.9537547,0.97892624,0.96252084,0.95848835,0.9558956,0.9589743,1.0000002,0.9576886,0.9491222,0.95753706,0.95424527,0.9529605,0.9373312,0.95522374,0.9557764,0.9637905,0.95609766,0.9592603,0.9123241,0.9455054,0.95856786,0.95525455,0.95658106,0.94119096,0.9564804,0.9536348,0.95235413,0.9554504,0.9366537,0.96220297,0.9556031,0.9383738,0.95127106,0.9449768,0.9620073,0.94793576,0.9636191,0.9596694,0.94045377,0.9633599,0.9604451,0.93124354,0.96309835,0.95242834,0.9612961,0.9602924,0.9572186,0.93558866,0.9548377,0.95597255,0.9634175,0.94348353,0.95337296,0.9366242,0.95072883,0.9515076,0.9716668,0.95640314,0.95980304,0.94670904,0.9534779,0.9570668,0.95160764,0.9622774,0.8167867,0.9428382,0.9602085,0.96603316,0.9371708,0.94779897,0.95837736,0.95031756,0.9473443,0.95376426,0.946517,0.95510685,0.95488816,0.9535853,0.94692624,0.9520184,0.9665341,0.96283716,0.9545399,0.95913786,0.9622774,0.9529257,0.95537144,0.9516671,0.9489901,0.957153,0.9494028,0.951482,0.9710671,0.95162034,0.95558584,0.95281345,0.95874673,0.9703291,0.95570517,0.9632323,0.9444309,0.95001787,0.9616415,0.965174,0.89145815,0.9545468,0.93948084,0.95189136,0.963898,0.96845186,0.96584857,0.9661529,0.96191996,0.9558257,0.9486831,0.93798685,0.94863456,0.9634976,0.9498499,0.95205235,0.9422554,0.965818,0.93203664,0.94998133,0.94425166,0.95866203,0.9498448,0.946433,0.95350844,0.9614676,0.9621206,0.96671385,0.9415641,0.97892624,0.95368326,0.94292766,0.9332792,0.94967735,0.94646,0.9611468,0.95776993,0.948965,0.9536445,0.9551902,0.9550697,0.95035315,0.9359682,0.95773005,0.94569206,0.96221924,0.94794685,0.95086026,0.94777656,0.97892624,0.9516408,0.9684141,0.9625179,0.94688773
apollo11movie,0.9702284,0.9555053,0.9560928,0.9588556,0.9468417,0.95218873,0.9621662,0.9599348,0.98153055,0.9559567,0.9657851,0.9539891,0.9660592,0.9576886,1.0000001,0.959728,0.9511233,0.95520794,0.9625778,0.9725329,0.96061146,0.9696588,0.96268874,0.9665349,0.9517343,0.8913589,0.9495835,0.9561161,0.9662348,0.9489332,0.953429,0.9583639,0.9639371,0.9568516,0.95255625,0.9517672,0.95789,0.96500224,0.9572215,0.95255876,0.9569333,0.9638773,0.9464794,0.9665447,0.96486765,0.9561258,0.95963293,0.9699531,0.94755,0.96847093,0.9692401,0.9687475,0.9604614,0.9623801,0.9454074,0.9608161,0.95369714,0.96329534,0.946054,0.9660363,0.95457894,0.94178027,0.9493316,0.9644116,0.95792115,0.95629305,0.9497225,0.96319044,0.9612502,0.95226824,0.9678339,0.80656946,0.9448476,0.9593651,0.95901686,0.93448526,0.9276588,0.9644802,0.9541521,0.95685196,0.9553349,0.9615836,0.9656621,0.958755,0.9589981,0.94798607,0.95005035,0.9655277,0.9591192,0.9654951,0.951767,0.9678339,0.95882523,0.95330906,0.96163315,0.97052294,0.9587652,0.9518589,0.9500901,0.95317906,0.9573058,0.95827967,0.9562541,0.96492296,0.95194423,0.9662923,0.96554655,0.9563861,0.95128417,0.95311266,0.9604448,0.8765305,0.9580814,0.93862593,0.95367503,0.9579162,0.9729244,0.9446181,0.9624461,0.95453894,0.95927006,0.95714724,0.9477108,0.9482422,0.96137524,0.95373005,0.9528127,0.9643256,0.953662,0.92068356,0.9576016,0.935912,0.9587881,0.9523197,0.9554588,0.9526045,0.9642375,0.95517164,0.96536756,0.9512505,0.98153055,0.9618527,0.9594239,0.9530323,0.9594105,0.95431614,0.95261854,0.9521837,0.95655656,0.95835924,0.95612687,0.9623832,0.9493579,0.9498098,0.9598365,0.96563315,0.9627627,0.96037257,0.9551935,0.95104116,0.98153055,0.9658223,0.9720185,0.96432036,0.9572516
arcticdogsmovie,0.9563633,0.96024084,0.957368,0.95231485,0.95284015,0.9453856,0.95522803,0.94648063,0.97398734,0.949148,0.9522131,0.94982046,0.9542103,0.9491222,0.959728,0.9999998,0.9382849,0.9502109,0.95250833,0.94482034,0.9552644,0.9589464,0.96195567,0.9564807,0.95479465,0.8967876,0.94149256,0.9483056,0.9540102,0.9474452,0.94784033,0.9492024,0.94662476,0.95068777,0.9424354,0.9332607,0.96019405,0.9433058,0.96212584,0.9458296,0.93837684,0.9527546,0.95015436,0.9581856,0.9567109,0.93387103,0.96500427,0.9551725,0.9424015,0.95940834,0.95985925,0.9560822,0.95380825,0.9450138,0.935358,0.9606994,0.9333572,0.9528926,0.9588751,0.96739155,0.9613968,0.9533508,0.94900036,0.9606181,0.9478267,0.9355628,0.9530746,0.9338824,0.9423036,0.9387098,0.96889144,0.81369966,0.95019144,0.9528812,0.9566128,0.9378851,0.9193346,0.95931166,0.9569644,0.9445497,0.9534039,0.9408134,0.96746856,0.94475985,0.9576434,0.94933164,0.9293203,0.96063423,0.9417473,0.96228635,0.9490582,0.96889144,0.9462539,0.94504315,0.95652664,0.95212764,0.95852727,0.94044733,0.95193285,0.9454651,0.95010275,0.95008737,0.95099145,0.9591968,0.9590146,0.95651,0.956941,0.97118187,0.95382357,0.94964045,0.9502924,0.86603755,0.94277817,0.920792,0.94817847,0.95246583,0.96147764,0.9474989,0.95121557,0.94830954,0.9569997,0.93863934,0.95006037,0.9493812,0.95768857,0.9536428,0.95165503,0.9544425,0.95083624,0.9171626,0.9538361,0.9461296,0.94954085,0.9390792,0.936006,0.9531274,0.95575833,0.94606346,0.96148866,0.9394762,0.97398734,0.9522086,0.95141244,0.95632654,0.94788635,0.94474673,0.9435208,0.9332303,0.95437115,0.9571651,0.9532635,0.9622015,0.9458726,0.9376949,0.9513598,0.962829,0.9527399,0.95649767,0.9521967,0.9422103,0.97398734,0.9500728,0.96134776,0.96263415,0.9484119
arcticmovie,0.9586353,0.950505,0.9476761,0.9517741,0.94652385,0.9558508,0.9548968,0.9591125,0.9724665,0.9600111,0.9513281,0.95465404,0.95222217,0.95753706,0.9511233,0.9382849,0.9999999,0.9581222,0.95704323,0.946176,0.9484992,0.9424156,0.9560414,0.9557194,0.93574923,0.8926491,0.93003935,0.9658865,0.948568,0.93655103,0.93211323,0.95257145,0.9321396,0.9556707,0.94539773,0.9284234,0.9521774,0.9463388,0.93833727,0.94938374,0.9389237,0.9543317,0.9516751,0.95665973,0.95043284,0.9393528,0.9584595,0.95185465,0.9315206,0.95516557,0.9500914,0.9598989,0.9450045,0.94194645,0.9291531,0.9560373,0.9450682,0.96053517,0.93209827,0.94207555,0.9320773,0.95160514,0.93949735,0.9617431,0.9532388,0.9448018,0.93788177,0.932027,0.9514953,0.9482386,0.9452354,0.81447333,0.92968756,0.94886684,0.94912285,0.9272779,0.9384758,0.9526481,0.9492461,0.9568264,0.95039624,0.94240814,0.95142543,0.94168204,0.9529941,0.9303406,0.9434019,0.955262,0.94927907,0.95695597,0.9428751,0.9452354,0.95110404,0.9458878,0.95015454,0.9508282,0.9463133,0.95284235,0.94560003,0.9443134,0.9453778,0.9451051,0.9448374,0.9467704,0.9502294,0.9508193,0.96397495,0.94279927,0.9283623,0.9413176,0.95169204,0.8694055,0.9499505,0.93337584,0.95779794,0.95270306,0.96120816,0.94679797,0.95031404,0.9517505,0.9546478,0.95921946,0.93866783,0.93860906,0.95824933,0.93437344,0.94488424,0.94562817,0.95731354,0.9364494,0.9439737,0.941474,0.9789838,0.95832586,0.9455943,0.9359452,0.9517439,0.94974416,0.95645976,0.94703376,0.9724665,0.939609,0.9478583,0.94888496,0.9507759,0.9510426,0.94811285,0.94321626,0.9516252,0.9530786,0.94868135,0.9463254,0.93913496,0.92890793,0.9397964,0.93823105,0.9498938,0.9433813,0.95397955,0.95277214,0.9724665,0.95782274,0.9646633,0.94745696,0.942122
artofracingmovie,0.9571767,0.9574182,0.95547265,0.9571347,0.9708142,0.96002895,0.9530083,0.9515122,0.9731116,0.9595793,0.9536897,0.95034176,0.96583444,0.95424527,0.95520794,0.9502109,0.9581222,1.0000001,0.9484405,0.94177026,0.95591176,0.9536016,0.9571241,0.95398104,0.92910993,0.88083667,0.94460183,0.95203215,0.9592854,0.95136595,0.9467501,0.95396674,0.94356734,0.9449521,0.9425251,0.93193483,0.95263773,0.9597933,0.9454002,0.9570433,0.93315923,0.9561854,0.9488555,0.95687735,0.95654327,0.94103456,0.96094656,0.95349383,0.9471447,0.9545256,0.95863116,0.96231586,0.9463193,0.9450825,0.94123906,0.9738188,0.94342315,0.95203936,0.9475769,0.9531057,0.9485208,0.9466919,0.9456515,0.96454585,0.9497517,0.943118,0.93361014,0.9430466,0.95908237,0.94745964,0.95943344,0.8120468,0.9434626,0.9461727,0.9516306,0.93826044,0.9225765,0.9570221,0.949779,0.96419066,0.9485613,0.9432041,0.95607823,0.9467093,0.95209205,0.94432724,0.9444849,0.9574343,0.94188255,0.97314745,0.95512944,0.95943344,0.9446103,0.9427855,0.9524993,0.9559049,0.9515836,0.9533355,0.9536273,0.9519001,0.95136595,0.9414766,0.95330304,0.9577717,0.945902,0.95911914,0.97289175,0.95451075,0.94569635,0.9386936,0.9592851,0.8792165,0.9487266,0.923153,0.9478131,0.950324,0.9602338,0.9475463,0.95182663,0.9504209,0.9469615,0.9505545,0.93805027,0.93652123,0.9607424,0.9443249,0.9521407,0.95154226,0.966802,0.92666614,0.9521798,0.9540867,0.9575161,0.93774176,0.93361396,0.94936574,0.95518094,0.9404761,0.95805854,0.95703536,0.9731116,0.95032865,0.9510421,0.9420275,0.9508955,0.9506335,0.95351595,0.9458196,0.9525541,0.9573352,0.9482037,0.9453058,0.95224386,0.9403157,0.9475874,0.94615924,0.94517475,0.95481545,0.94618237,0.94128865,0.9731116,0.95417136,0.9594406,0.95935684,0.9496665
avengers,0.972339,0.95690304,0.9436323,0.94211596,0.9456935,0.9507624,0.9592115,0.9523329,0.9747914,0.95964086,0.95365375,0.94179904,0.96160984,0.9529605,0.9625778,0.95250833,0.95704323,0.9484405,0.9999999,0.94789326,0.9575419,0.9444113,0.960836,0.95758414,0.9464,0.8894284,0.9415575,0.95307493,0.95732003,0.9433734,0.97328645,0.9533983,0.94447553,0.9537146,0.954282,0.9472726,0.95724535,0.95462614,0.9525883,0.94939226,0.9504537,0.95867354,0.9502797,0.9575179,0.9574891,0.9477145,0.95915806,0.9583463,0.9309521,0.95787925,0.9539127,0.9630983,0.9512299,0.949493,0.93324083,0.9496609,0.9422704,0.96184945,0.93934536,0.9486918,0.9463671,0.93689716,0.9530058,0.95973355,0.9538394,0.9573077,0.94130427,0.94663805,0.9477724,0.9530443,0.9551247,0.8120818,0.9338813,0.9528856,0.9437875,0.93675303,0.9336369,0.9642495,0.9538434,0.95577997,0.9425822,0.95641226,0.96018547,0.9561724,0.9461604,0.9372815,0.9472473,0.96107286,0.95142794,0.95534563,0.94789034,0.9551247,0.95181495,0.9534042,0.94778895,0.9468175,0.95540357,0.9508479,0.9460068,0.9562845,0.95825607,0.9522524,0.9452478,0.95342946,0.9509251,0.94823617,0.959109,0.9519439,0.93089354,0.9469738,0.9566212,0.8689546,0.9530627,0.9347544,0.9473385,0.9495334,0.9617642,0.944125,0.9450303,0.95433635,0.9637304,0.9547554,0.94662744,0.9422521,0.962061,0.948302,0.9511827,0.95587826,0.9493585,0.9309967,0.9572738,0.9338873,0.9604101,0.9481897,0.95326287,0.9435408,0.9602539,0.9601056,0.9544776,0.9454054,0.9747914,0.947473,0.9595957,0.94428223,0.95527905,0.95272607,0.9469111,0.9501115,0.95858085,0.95728517,0.95646006,0.9501676,0.9525913,0.9477941,0.95069295,0.9447025,0.9548432,0.9504687,0.9595882,0.9401833,0.9747914,0.9623594,0.9616169,0.94908935,0.9506037
beachbummovie,0.9496274,0.9330658,0.94376755,0.9387851,0.93705034,0.9557807,0.94674426,0.9548264,0.96420383,0.944308,0.95038146,0.94485503,0.94746345,0.9373312,0.9725329,0.94482034,0.946176,0.94177026,0.94789326,1.0000007,0.93798554,0.9558056,0.9492277,0.9509929,0.92962396,0.8626826,0.9295001,0.9489019,0.9463016,0.9367605,0.93664145,0.9427911,0.9425076,0.9402908,0.92602485,0.9215308,0.94380826,0.93808603,0.94685864,0.9392146,0.9295908,0.94342035,0.93283576,0.9447169,0.94479936,0.9504763,0.9458575,0.95571995,0.94387317,0.9472518,0.9506859,0.9507037,0.9408616,0.9340986,0.92856234,0.9334033,0.93356395,0.94896,0.933261,0.9462759,0.9328458,0.923179,0.9362813,0.94319034,0.94338906,0.9323409,0.92791873,0.94015956,0.93832755,0.94883454,0.9538334,0.8039855,0.9170864,0.94366264,0.940744,0.9161465,0.92181516,0.9461177,0.9383106,0.94501317,0.94057214,0.94220304,0.9449272,0.93493724,0.9486933,0.92721665,0.9208841,0.951056,0.94203675,0.943438,0.929431,0.9538334,0.9450014,0.9425983,0.94662803,0.9509737,0.93801,0.96237826,0.9409045,0.9321221,0.94183505,0.9480564,0.9429326,0.95150584,0.93812495,0.9467754,0.9502191,0.947155,0.92674273,0.930591,0.9347268,0.8449773,0.9436687,0.9249562,0.9421,0.9391148,0.95341283,0.926703,0.9379699,0.9394004,0.9464399,0.9419534,0.93322927,0.94457984,0.9470758,0.9379354,0.94368726,0.9444172,0.93412805,0.8954466,0.93582034,0.920292,0.95119035,0.937931,0.9423661,0.9426108,0.94829315,0.9391798,0.9546363,0.94775754,0.96420383,0.9425338,0.9514127,0.9389045,0.9403081,0.93511105,0.93820304,0.9289413,0.9361237,0.9494441,0.9437185,0.941831,0.9341246,0.9330365,0.94128287,0.9491453,0.94950545,0.94587725,0.94946575,0.95001537,0.96420383,0.94888246,0.95230603,0.9487168,0.93649846
bernadettefilm,0.96000224,0.94640785,0.9490202,0.9586874,0.94592017,0.9456881,0.95049757,0.9519266,0.975835,0.95234174,0.9539046,0.95025665,0.9588503,0.95522374,0.96061146,0.9552644,0.9484992,0.95591176,0.9575419,0.93798554,0.9999999,0.9498095,0.96237355,0.9598399,0.94215083,0.89002275,0.9519047,0.951282,0.9546943,0.95021677,0.9505178,0.95536727,0.94471127,0.9438814,0.94732624,0.9578924,0.9526255,0.95942384,0.9478987,0.9560155,0.9461612,0.9582267,0.9503983,0.9562929,0.9603768,0.9333978,0.9595123,0.9541779,0.9343063,0.9597629,0.9524209,0.961203,0.9571121,0.95244646,0.9362265,0.95758426,0.9495688,0.956102,0.9394509,0.9507908,0.9490771,0.935547,0.9463156,0.96907115,0.95269156,0.9401479,0.95012236,0.9511897,0.94732565,0.9470548,0.9595015,0.8018638,0.9396007,0.96056837,0.9532146,0.93771154,0.9176276,0.95984614,0.9518044,0.94883895,0.94341695,0.9437047,0.9582307,0.95920044,0.94796747,0.9369971,0.9516124,0.96521807,0.9516379,0.95844793,0.9480877,0.9595015,0.9438668,0.9432103,0.9481198,0.94626886,0.950228,0.94600666,0.94309753,0.95692766,0.95290774,0.9369319,0.9354398,0.94668525,0.9448797,0.95503634,0.960392,0.96071184,0.94463676,0.9499818,0.95377177,0.85326886,0.94619083,0.927902,0.9588831,0.9511296,0.9602652,0.94864935,0.95068544,0.94782084,0.96189946,0.94591993,0.94146556,0.9415163,0.9577088,0.94070464,0.95372087,0.9463281,0.9522231,0.92976236,0.97406274,0.9319713,0.9512649,0.93970054,0.93468493,0.9519281,0.9588755,0.9525249,0.9572416,0.93866426,0.975835,0.9490795,0.9518798,0.9464271,0.9548843,0.95060366,0.95273805,0.9456075,0.9605188,0.951264,0.9468375,0.9451521,0.9470638,0.93589896,0.949344,0.9492463,0.96637595,0.94949245,0.9534967,0.9401378,0.975835,0.9545475,0.96697026,0.9519381,0.9457516
