movie,21bridgesmovie,47metersdown,abeautifuldaymovie,abominablemovie,adastramovie,adogsjourneymovie,aftermathmovie,aftermovie,ahiddenlifefilm,alitamovie,angelhasfallen,angrybirdsmovie,annabellemovie,annamovie,apollo11movie,arcticdogsmovie,arcticmovie,artofracingmovie,avengers,beachbummovie,bernadettefilm,blackandbluemovie,blackchristmas,blindedbythelightmovie,bombshellmovie,booksmart,breakthroughmovie,brianbanksmovie,brightburnmovie,brittanyrunsmov,captainmarvelofficial,captivestatemovie,catsmovie,charliesangels,childsplaymovie,clarathefilm,coldpursuitmovie,countdown,currentwarmovie,darkwatersmovie,detectivepikachumovie,disneyaladdin,disneyfrozen,disneymaleficent,doctorsleepmovie,dolemiteismyname,dontletgomovie,doramovie,downtonabbey_official,dumbo,escaperoom,everybodyknowsmovie,fastandfuriousmovie,fightingwmyfam,fivefeetapartfilm,fordvferrari,freaksthefilm,geminimanmovie,glassmovie,gloriabellmovie,godzillamovie,goldfinchmovie,goodboysmovie,goodliarmovie,gretafilm,halathemovie,happydeathdaymovie,harrietfilm,hellboymovie,hersmellmovie,highlifemovie,highstrungmovie,honeyboymovie,hotelmumbaifilm,httydragon,hustlemovie,hustlersmovie,isntitromantic,itmovieofficial,jayandsilentbob,johnwickmovie,jojorabbitmovie,jokermovie,judythefilm,jumanjimovie,justmercyfilm,knivesout,lalloronamovie,lastblackmansf,lastchristmasthemovie,latenightmovie,lighthousemovie,lionking,littlethemovie,littlewomenmovie,littlewoodsfilm,longshotmovie,lordsofchaosmovie,lucyintheskyfilm,mamovie2019,marriagestory,meettheaddams,meninblack,midsommarmovie,midwaymovie,missbalamovie,missinglinkfilm,motherlessbklyn,onceinhollywood,onthebasisofsex,overcomermovie,peanutbutterfalcon,petsematarymovie,piercingmovie,playingwithfire,playmobilthemovie,pomsmovie,queenandslim,rambomovie,readyornotfilm,richardjewellfilm,rocketmanmovie,scarystoriesmovie,secretlifeofpets,serenityfilm,shaftmovie,shazammovie,spidermanmovie,spiesindisguise,starwars,stormboymovie,stubermovie,taosdfilm,teenspiritmov,terminator,theaeronautsmov,thebestofenemies,thedeaddontdie,thefarewell,thehighwaymen,thehummingbirdprojectfilm,theintrudermovie,theirishmanfilm,thekitchenmovie,thelegomovie,themustangfilm,thenightingalefilm,theprodigymovie,thesunisalsoastar,theupsidefilm,tolkienmovie,toystory,triplefrontier,uglydolls,uncutgems,underthesilverlake,usmovie,wavesmovie,whatmenwant,wonderparkmovie,wrinklestheclown,xmenmovies,yardiefilm,yesterdaymovie,zombieland
21bridgesmovie,0.9999999,0.99186605,0.9914517,0.99022216,0.9892995,0.98331153,0.9942657,0.9957968,0.9963744,0.9796352,0.9899128,0.9818642,0.99351776,0.9901283,0.98962426,0.98984283,0.9925642,0.99369293,0.9886895,0.98354,0.9897146,0.98316896,0.9921902,0.99273175,0.98799306,0.7677165,0.9853208,0.9914572,0.9963104,0.99607563,0.988321,0.9925257,0.99574196,0.99188083,0.9683034,0.9183671,0.99159205,0.99398893,0.9926499,0.99058163,0.99152535,0.98509794,0.97336036,0.98012024,0.9885136,0.9932452,0.99064887,0.9951892,0.98875326,0.9847611,0.9974215,0.991066,0.9893098,0.99558747,0.9803586,0.99187356,0.9797371,0.9863431,0.99100864,0.98719764,0.98125714,0.9895122,0.99383444,0.9915067,0.98773974,0.99362195,0.97581124,0.9881,0.9867891,0.986935,0.9900715,0.28725985,0.98848504,0.9841321,0.9948187,0.97061676,0.8797651,0.9860768,0.9833564,0.98672163,0.9870092,0.9967305,0.9919839,0.9767641,0.99190366,0.9901859,0.98459667,0.987548,0.9905505,0.996987,0.9908389,0.9900715,0.99278474,0.9947805,0.9953618,0.99498993,0.9936155,0.98387134,0.99402565,0.98773277,0.98816156,0.98619914,0.9876868,0.9940731,0.97937834,0.998506,0.9937499,0.9930153,0.98283464,0.9791152,0.99026865,0.63744676,0.9914724,0.9307276,0.99082875,0.99567413,0.9994469,0.98482555,0.9948489,0.9928167,0.9860246,0.9910775,0.9919855,0.98590803,0.98808944,0.995837,0.9770453,0.9957435,0.9945495,0.9566971,0.9905089,0.9907761,0.98919916,0.9799888,0.9881298,0.99182445,0.99178594,0.9901895,0.99076295,0.9895181,0.9963744,0.9934796,0.986977,0.9881217,0.98221153,0.99338144,0.9820053,0.9912291,0.98613065,0.9774216,0.992025,0.99110353,0.99088067,0.943768,0.9852113,0.9894076,0.98790663,0.9928808,0.9942159,0.98639673,0.9963744,0.9892542,0.99338067,0.9913088,0.98922753
47metersdown,0.99186605,1.0,0.9943985,0.98039067,0.9815179,0.9828589,0.99711466,0.9925191,0.99634796,0.97950613,0.9885013,0.96452594,0.9861148,0.99351716,0.9863482,0.98875445,0.990442,0.98319745,0.99274254,0.9822088,0.98564637,0.9885848,0.9896535,0.9912014,0.9907759,0.7231044,0.98535347,0.9922913,0.9911166,0.990174,0.99002403,0.99437743,0.9867268,0.9811949,0.9619842,0.92335397,0.98992413,0.9787865,0.99196595,0.99546564,0.9868591,0.9749095,0.9721927,0.97091264,0.9858267,0.9889164,0.988845,0.9932146,0.98885584,0.9786741,0.9950599,0.99146515,0.9956492,0.9909245,0.96006656,0.98936963,0.98225296,0.98298687,0.9868614,0.99699473,0.9732906,0.98807573,0.9909685,0.98470885,0.9938354,0.98535323,0.9851992,0.991454,0.9953942,0.9830844,0.9966722,0.2621157,0.99266946,0.99216694,0.9847967,0.97784436,0.8980117,0.97767484,0.9824225,0.98924947,0.9847068,0.9936187,0.9909577,0.9833724,0.9758827,0.9895182,0.9796295,0.9888468,0.9933659,0.99531305,0.9916131,0.9966722,0.98848367,0.9881719,0.99004424,0.9886067,0.990872,0.9862553,0.9954531,0.9923733,0.9802735,0.98587364,0.98602253,0.9986414,0.9769758,0.993191,0.99368066,0.9885796,0.97913367,0.98953813,0.99463266,0.6136377,0.9881316,0.9132969,0.9896967,0.9925675,0.99159276,0.97992814,0.99735236,0.99459183,0.98019063,0.993136,0.9897814,0.9668498,0.99332726,0.9886933,0.9848957,0.99317104,0.9813586,0.95601034,0.99148935,0.98453885,0.987346,0.9704634,0.98790956,0.9942391,0.98192954,0.9925151,0.99540854,0.98306626,0.99634796,0.9944913,0.9794478,0.9791343,0.9762709,0.99318516,0.9851756,0.98135376,0.985678,0.959956,0.9985813,0.987172,0.9903666,0.9316035,0.9937652,0.98869675,0.9887514,0.99344784,0.9948194,0.98550975,0.99634796,0.98463285,0.99586177,0.9920094,0.9892594
abeautifuldaymovie,0.9914517,0.9943985,1.0000001,0.9889759,0.9855801,0.9868667,0.99416864,0.99074864,0.99656016,0.9889239,0.993648,0.9689717,0.98482347,0.9942326,0.98601574,0.99142456,0.9853804,0.9821921,0.9873302,0.9880397,0.9907106,0.99115676,0.98881984,0.9903952,0.9920454,0.7040611,0.9886595,0.984699,0.9934059,0.9893109,0.9878713,0.99722254,0.99022084,0.98613346,0.97368044,0.9188967,0.99332446,0.9784719,0.9943433,0.9907578,0.9833764,0.97899014,0.97060424,0.97629756,0.9947513,0.9812538,0.98802114,0.9914903,0.9940931,0.9801568,0.9957419,0.9945435,0.99058944,0.9869546,0.9665077,0.9876376,0.9874362,0.98175174,0.9880738,0.9914004,0.9804384,0.98524344,0.9946735,0.9931311,0.9972053,0.98616123,0.98786813,0.9953634,0.9957955,0.9790871,0.99386954,0.28050372,0.9905837,0.99010515,0.9903506,0.977419,0.8844254,0.9879629,0.99161065,0.9963132,0.99260217,0.9918715,0.9931087,0.98163885,0.9811573,0.9914786,0.9789599,0.98648816,0.9867577,0.9896459,0.99618745,0.99386954,0.98382455,0.98419017,0.9924968,0.9911337,0.99476796,0.99379474,0.99362516,0.99273145,0.971496,0.9930646,0.98587835,0.99563634,0.98923814,0.99342275,0.989671,0.9949597,0.9872973,0.9925694,0.99033743,0.64991367,0.99342424,0.94115186,0.98557115,0.9918142,0.99116385,0.97924674,0.9944521,0.9912,0.9845215,0.99255013,0.9922488,0.96889776,0.99395794,0.98884946,0.9922057,0.99358815,0.98239803,0.94172376,0.9903815,0.99194735,0.98950464,0.9784788,0.9900217,0.99122065,0.9863232,0.9953548,0.9935955,0.9746091,0.99656016,0.9951466,0.9690072,0.98936635,0.9713906,0.9930948,0.98668766,0.9905197,0.99521744,0.9636677,0.9969442,0.9931185,0.9786957,0.94543976,0.9884579,0.9877397,0.9869761,0.9970799,0.9960193,0.9817493,0.99656016,0.99234027,0.99622214,0.9927181,0.995203
abominablemovie,0.99022216,0.98039067,0.9889759,0.9999999,0.9843268,0.9834079,0.9864472,0.9914186,0.99167037,0.9864148,0.99280083,0.9838916,0.9882117,0.98732483,0.9835699,0.98239404,0.9830472,0.98868066,0.9758847,0.9819539,0.99441427,0.971232,0.98863083,0.9873318,0.9871628,0.7702101,0.97943145,0.98672646,0.9859672,0.99096715,0.97915566,0.98539895,0.99155116,0.99367994,0.9857734,0.89045626,0.9907767,0.9880212,0.9883097,0.98161364,0.983823,0.9838413,0.9583653,0.97965425,0.9909532,0.98049986,0.9904522,0.98803866,0.9922346,0.98123395,0.98822016,0.9870895,0.9786411,0.981648,0.990188,0.98427415,0.9723923,0.99101883,0.99257284,0.97794354,0.9786113,0.99037856,0.99413544,0.99215215,0.987057,0.98966265,0.97559375,0.98234093,0.9841361,0.97682565,0.98466337,0.32793885,0.97992146,0.9856339,0.9959747,0.9709877,0.8468591,0.9966612,0.9915745,0.986307,0.991137,0.98918813,0.98216516,0.98277545,0.9895371,0.9924795,0.9883545,0.98651445,0.9779027,0.98401254,0.98504895,0.98466337,0.9803903,0.98757714,0.9911557,0.99260134,0.9932717,0.98971593,0.9822781,0.9774718,0.9810434,0.99033207,0.97723967,0.98457366,0.9716886,0.9904543,0.9875742,0.98837113,0.97255147,0.9794924,0.98642397,0.5950596,0.99633425,0.93752027,0.99041355,0.9893897,0.9922637,0.9889292,0.9855129,0.9860118,0.9873616,0.98797554,0.9863622,0.97923684,0.98256487,0.9904842,0.9800808,0.98202026,0.98832065,0.92015517,0.99000967,0.9915894,0.9833389,0.9824442,0.9927766,0.9842943,0.9832625,0.98929334,0.98738295,0.97499853,0.99167037,0.9820819,0.97494256,0.97961307,0.9553778,0.98947287,0.97025466,0.994499,0.9810545,0.9818946,0.98317647,0.99271977,0.9775302,0.95149946,0.9776233,0.9800476,0.983626,0.99242795,0.9909634,0.98416644,0.99167037,0.9906082,0.986511,0.9923092,0.98084825
adastramovie,0.9892995,0.9815179,0.9855801,0.9843268,0.99999994,0.98485297,0.9908689,0.9875627,0.99158865,0.98713905,0.98533344,0.9629295,0.99205875,0.99145585,0.9954884,0.9874385,0.9874903,0.9947395,0.9850918,0.9914092,0.9872285,0.97789395,0.9880626,0.99355716,0.9910128,0.74940217,0.97214186,0.97876805,0.9886986,0.9938497,0.98910886,0.99210155,0.98564684,0.97414744,0.9548207,0.882924,0.9896158,0.99065924,0.98560953,0.9848406,0.99000925,0.9916438,0.9824313,0.99549454,0.9848351,0.9874802,0.9875264,0.99010664,0.98581994,0.9948344,0.98791283,0.9880029,0.98681617,0.9863937,0.96914715,0.9912484,0.98424643,0.97574216,0.9790052,0.98140275,0.9877301,0.9763778,0.9886807,0.99474114,0.9880461,0.9849084,0.97173566,0.98581314,0.97895956,0.9751235,0.9830772,0.28914624,0.9803974,0.9787657,0.98522514,0.9873691,0.8521513,0.98636144,0.98352385,0.9834681,0.98511356,0.9859789,0.98570174,0.9634005,0.9939401,0.98740077,0.9750291,0.9835499,0.9755566,0.9851574,0.9866972,0.9830772,0.9881332,0.99043965,0.9810016,0.99294573,0.99172324,0.97869843,0.99010026,0.98532295,0.9824873,0.98893213,0.98000103,0.985195,0.9819346,0.9870067,0.9906433,0.988252,0.9901543,0.9746591,0.98104423,0.6021023,0.9834287,0.90358466,0.9863147,0.98841053,0.9919629,0.9621425,0.98397714,0.99318546,0.98205155,0.9898103,0.98856485,0.9837986,0.98679346,0.98809725,0.98250103,0.98547876,0.9931704,0.9470323,0.9831286,0.99417126,0.9899913,0.98930013,0.97797006,0.9911614,0.9950709,0.98781735,0.9825036,0.9893867,0.99158865,0.9906917,0.9799423,0.9906392,0.9694096,0.99130344,0.9832204,0.9778194,0.98307383,0.98812896,0.98496974,0.9901394,0.98289096,0.9459591,0.9755469,0.9742029,0.99070525,0.9819148,0.98568493,0.9757554,0.99158865,0.9895464,0.9890561,0.98102766,0.9810478
adogsjourneymovie,0.98331153,0.9828589,0.9868667,0.9834079,0.98485297,0.99999994,0.9831144,0.9905479,0.9894815,0.9792434,0.97822624,0.9745012,0.9837015,0.9922795,0.9810779,0.9882354,0.97974384,0.9833818,0.9831461,0.97307956,0.9893493,0.9707966,0.9872042,0.9942549,0.98624045,0.7216388,0.9759568,0.98264426,0.9848119,0.98703116,0.9796101,0.98492295,0.98866,0.9805464,0.9576138,0.91241246,0.9809799,0.9842965,0.9863703,0.98392296,0.98071146,0.9867138,0.9884306,0.98388875,0.98902184,0.98059297,0.9883101,0.9819873,0.97855407,0.9901991,0.99002147,0.97881466,0.98501116,0.9798754,0.97249925,0.98107076,0.98868096,0.9724162,0.9760421,0.9840269,0.9669712,0.97683185,0.9901694,0.99043506,0.9857787,0.98058254,0.9739329,0.9801809,0.97880083,0.9674833,0.98729265,0.3082067,0.9872237,0.987539,0.98978204,0.9767705,0.90859765,0.98677045,0.98034346,0.9848482,0.97357583,0.97825265,0.97896385,0.96921587,0.98662525,0.9876461,0.9690712,0.98266184,0.9857256,0.98246413,0.9936466,0.98729265,0.98127335,0.9874734,0.98342377,0.98621815,0.98452395,0.9724671,0.98329365,0.99046904,0.97552824,0.98253983,0.98255634,0.9879349,0.98068434,0.98812383,0.97824377,0.98764247,0.98237944,0.9734044,0.97716683,0.6154311,0.98064756,0.9168583,0.9789583,0.97847164,0.984974,0.96453977,0.9790732,0.98514324,0.9794316,0.9800459,0.9946569,0.9847486,0.9866493,0.9740434,0.98858154,0.986402,0.985543,0.95930916,0.9857763,0.9934116,0.9823325,0.96706975,0.97675973,0.9858005,0.9880286,0.98174065,0.9895807,0.9740495,0.9894815,0.9797781,0.97150725,0.9844771,0.9616494,0.9842735,0.98853815,0.981411,0.9889117,0.96899325,0.9841298,0.9887316,0.9765679,0.9582994,0.9794771,0.9829479,0.9918038,0.989774,0.99062717,0.9621616,0.9894815,0.97869664,0.99279314,0.99075514,0.98548806
aftermathmovie,0.9942657,0.99711466,0.99416864,0.9864472,0.9908689,0.9831144,1.0000001,0.9934004,0.99807215,0.9846598,0.9923245,0.9676448,0.9912345,0.99540985,0.99450755,0.9899956,0.9928075,0.99145645,0.99444455,0.9911296,0.9896783,0.9892406,0.9925449,0.9936926,0.99562275,0.74604934,0.9845803,0.9923172,0.99161166,0.99555826,0.9935795,0.9974743,0.98858404,0.9811613,0.96759236,0.90606374,0.995769,0.98509336,0.9922459,0.99411136,0.9911784,0.9826402,0.9723075,0.98145115,0.98809487,0.99212277,0.9924124,0.9962348,0.99220806,0.98601836,0.9944634,0.99348074,0.9957971,0.9931718,0.967881,0.9956426,0.9811034,0.9859035,0.9899523,0.9937399,0.9817055,0.9908318,0.9939376,0.9897816,0.995175,0.9901115,0.98340964,0.99185884,0.9941036,0.98781997,0.9941589,0.26648998,0.99095345,0.99120444,0.9878776,0.9864838,0.87102133,0.9845565,0.9882454,0.99066776,0.9916579,0.9967441,0.99114126,0.98317224,0.98462176,0.9929595,0.98654735,0.99039495,0.9882601,0.99456024,0.99095947,0.9941589,0.99310005,0.9919793,0.9912835,0.9942698,0.99627745,0.98998326,0.9975404,0.9909213,0.98711574,0.9924964,0.9879239,0.9962299,0.97727484,0.9932398,0.99855095,0.99112654,0.98342884,0.9904632,0.99639744,0.59650344,0.9914538,0.9107942,0.9942168,0.9964686,0.9953698,0.98083156,0.9976678,0.9985474,0.9834664,0.9981195,0.99109966,0.9734412,0.9927756,0.9943514,0.9853658,0.99115384,0.98763824,0.949256,0.9922201,0.9905277,0.9898976,0.98142314,0.9894926,0.9977174,0.98870486,0.9956204,0.9930066,0.9899655,0.99807215,0.9972477,0.984736,0.9836672,0.97311205,0.9956154,0.98400575,0.98432827,0.98515147,0.97483313,0.9977257,0.99017775,0.9918929,0.9323119,0.99009997,0.9837968,0.9905316,0.9918439,0.99387497,0.98864216,0.99807215,0.9904679,0.9950364,0.9910171,0.9866446
aftermovie,0.9957968,0.9925191,0.99074864,0.9914186,0.9875627,0.9905479,0.9934004,0.99999994,0.99651116,0.98164725,0.9873534,0.98171383,0.9955335,0.9933147,0.9857928,0.9861727,0.99222434,0.9913237,0.9863031,0.9792427,0.99433404,0.97393024,0.99283737,0.99494404,0.9891101,0.76696676,0.9791857,0.993957,0.9922408,0.99448943,0.98407435,0.98937356,0.9920694,0.99129045,0.9693177,0.9215185,0.9871685,0.99292064,0.99024266,0.9910749,0.99111366,0.9824979,0.97788036,0.9796819,0.98859155,0.9902892,0.9936446,0.99629927,0.9893533,0.98566025,0.9959858,0.988489,0.99041694,0.994408,0.98382163,0.9906741,0.97997427,0.987676,0.9882307,0.9901334,0.9792618,0.9893009,0.9948706,0.992231,0.9896895,0.99270445,0.97579557,0.9841418,0.9897831,0.98331285,0.9929038,0.29884037,0.9899331,0.9899261,0.994771,0.9749643,0.8932609,0.98746467,0.98241144,0.98896426,0.9833226,0.99175674,0.98792344,0.98151743,0.98860836,0.9918802,0.9872472,0.99420875,0.99353725,0.9942365,0.99203664,0.9929038,0.98742694,0.99731475,0.99295765,0.9916718,0.9920326,0.9829493,0.99141073,0.98705894,0.9877501,0.984522,0.9830467,0.99466413,0.97516334,0.9977575,0.9934167,0.9875015,0.9759108,0.977133,0.9904882,0.5968568,0.99134785,0.9205649,0.9933045,0.9944423,0.99711496,0.9860601,0.99073493,0.993049,0.98952854,0.9890671,0.99485016,0.98400134,0.98839086,0.99118817,0.9802692,0.99154854,0.9936904,0.9560007,0.99338937,0.99244195,0.9867226,0.974256,0.989731,0.99297947,0.9885158,0.9920971,0.9942209,0.98685956,0.99651116,0.9887462,0.98372465,0.9811459,0.9747121,0.9945757,0.9792038,0.98835546,0.9839139,0.97676593,0.9909376,0.99295795,0.99084157,0.94870746,0.99009204,0.9870412,0.9929597,0.99527156,0.99632525,0.98518854,0.99651116,0.98537946,0.9950127,0.99553055,0.98727536
ahiddenlifefilm,0.9963744,0.99634796,0.99656016,0.99167037,0.99158865,0.9894815,0.99807215,0.99651116,1.0,0.98847044,0.99501103,0.97358227,0.99411803,0.9976986,0.99363035,0.9929077,0.99447536,0.9929629,0.99211967,0.99010724,0.9931926,0.9874227,0.9952265,0.9969409,0.99517286,0.7481283,0.98835367,0.993802,0.9960346,0.9971031,0.9928238,0.99679595,0.9941361,0.98909414,0.97003776,0.9083495,0.99564636,0.98969924,0.99693996,0.9956318,0.993241,0.9876931,0.976676,0.9853783,0.9925363,0.9930487,0.99498266,0.9956829,0.9948546,0.9894839,0.9978374,0.9950624,0.99515086,0.9922494,0.9743514,0.99383366,0.9865197,0.98989713,0.9933181,0.99461555,0.9836433,0.99223876,0.99727356,0.99482334,0.9960441,0.99151367,0.9877752,0.9943239,0.9936355,0.9827332,0.9968525,0.29931295,0.99258363,0.9929852,0.9931719,0.982936,0.8800701,0.99106455,0.9915639,0.9914696,0.99083865,0.9962613,0.99445766,0.9827002,0.98903996,0.99662083,0.98504436,0.993599,0.9918654,0.99606246,0.9943817,0.9968525,0.99223167,0.99433523,0.9937841,0.9958327,0.9975148,0.9905081,0.99624276,0.9934035,0.98626626,0.99364763,0.9884132,0.9982051,0.9825425,0.9970645,0.9963397,0.99437857,0.98523575,0.9889362,0.99525607,0.6112624,0.9950059,0.9216276,0.9948326,0.99599606,0.9972114,0.9829745,0.9966548,0.9979483,0.9885012,0.9966783,0.9938813,0.9800412,0.99531686,0.9945939,0.9901056,0.9948742,0.99187696,0.94956946,0.99568254,0.99354833,0.99369586,0.98410183,0.99315965,0.9966918,0.98971367,0.9946387,0.99641377,0.98809266,1.0,0.9957056,0.9849483,0.9871341,0.9766205,0.99766344,0.9876582,0.9887258,0.98911643,0.9774097,0.99711794,0.99576974,0.9914206,0.949046,0.99184287,0.9910718,0.9946642,0.9964122,0.99810183,0.98868555,1.0,0.99410677,0.99838024,0.9960768,0.9909592
alitamovie,0.9796352,0.97950613,0.9889239,0.9864148,0.98713905,0.9792434,0.9846598,0.98164725,0.98847044,1.0,0.99229836,0.9494815,0.9817567,0.98821187,0.9829301,0.9832377,0.9806698,0.9802287,0.97097665,0.98423094,0.98538053,0.9729616,0.98097247,0.9864067,0.98669004,0.6911777,0.9661128,0.97444713,0.98283404,0.98347265,0.9850079,0.9864987,0.9781003,0.97685003,0.9644974,0.87270695,0.98535603,0.97604424,0.98492134,0.98722845,0.98227865,0.9817149,0.9682752,0.9828371,0.98520476,0.97280616,0.98118305,0.98450506,0.99463046,0.9811012,0.98074335,0.99415016,0.9797498,0.9691295,0.9592819,0.97385603,0.98666734,0.98349035,0.97941744,0.9853106,0.9837107,0.97233987,0.98405254,0.9920287,0.99396604,0.9725121,0.98300695,0.9911872,0.9857439,0.95586157,0.9882156,0.3168008,0.9740789,0.98449045,0.97888106,0.9802987,0.84767145,0.9857645,0.98572075,0.9826813,0.9871572,0.97765976,0.9843054,0.9754544,0.97903347,0.9861372,0.96481806,0.98195547,0.9702131,0.97959465,0.9808569,0.9882156,0.9688929,0.9763044,0.9723823,0.98777807,0.9865947,0.9861711,0.9795319,0.9786144,0.9633653,0.98653454,0.96095204,0.9841795,0.9814477,0.9796558,0.9843888,0.9829107,0.9819323,0.98071134,0.97764957,0.5873727,0.9889729,0.91155165,0.9851476,0.9804196,0.9829247,0.9658346,0.9812662,0.9859392,0.98229253,0.98569757,0.97664684,0.9603578,0.99118394,0.9808615,0.9895284,0.9795329,0.97855914,0.9142365,0.98353094,0.98432124,0.9918067,0.9901299,0.9871858,0.97996753,0.9768934,0.9899773,0.98795176,0.9670329,0.98847044,0.982315,0.9599569,0.9802301,0.954219,0.9927763,0.9767999,0.9748872,0.9815389,0.97362196,0.9823388,0.9913866,0.97249013,0.95456946,0.9773175,0.97634894,0.9866631,0.98492175,0.98539895,0.98169905,0.98847044,0.9897124,0.98539066,0.9820323,0.9805125
angelhasfallen,0.9899128,0.9885013,0.993648,0.99280083,0.98533344,0.97822624,0.9923245,0.9873534,0.99501103,0.99229836,0.99999994,0.96626884,0.9873264,0.9901592,0.9892182,0.99021673,0.990525,0.98768586,0.9838814,0.9886415,0.9859943,0.9837209,0.98651963,0.9881919,0.98904574,0.73729444,0.98420733,0.9871614,0.99102485,0.9925822,0.9918626,0.99191004,0.9882686,0.9888088,0.9789102,0.8862362,0.99524236,0.9818301,0.9951483,0.9904561,0.99011546,0.9846901,0.95893025,0.9802683,0.9920822,0.98460627,0.98673445,0.9895549,0.99833465,0.98091596,0.9896146,0.99441403,0.9840639,0.9799471,0.9701967,0.9849193,0.9790443,0.9934192,0.99591887,0.98776555,0.9850109,0.99047613,0.99389106,0.99168915,0.99321175,0.98699665,0.9916789,0.99336296,0.9913831,0.9714381,0.9923382,0.34139088,0.98615825,0.9875139,0.9869781,0.9754492,0.84819245,0.99165946,0.9947336,0.98460555,0.99513215,0.99189276,0.9927061,0.9859685,0.9834065,0.9956295,0.97951937,0.9861994,0.98201746,0.98941153,0.9838842,0.9923382,0.9835164,0.9828113,0.9881695,0.99426645,0.9958335,0.99225634,0.9894699,0.98241895,0.9771129,0.99443823,0.97712266,0.99165577,0.97549874,0.9891215,0.99149436,0.9919707,0.98016924,0.9888259,0.9906061,0.5979501,0.9983384,0.9268402,0.9929373,0.99130905,0.99105906,0.98442954,0.99271655,0.99236417,0.9884266,0.995584,0.9823164,0.9678309,0.990686,0.99404114,0.98795885,0.987706,0.9847006,0.9204006,0.98961437,0.98572654,0.9940885,0.9914624,0.99733037,0.9890582,0.97926533,0.9917792,0.99183416,0.9756495,0.99501103,0.9890671,0.9753591,0.98129064,0.96681094,0.99399364,0.97795767,0.98618096,0.98337,0.97327024,0.99034774,0.9915938,0.9829653,0.95362145,0.98156095,0.986786,0.98577195,0.9908617,0.9911878,0.9928396,0.99501103,0.9957045,0.99003655,0.98984885,0.9819863
angrybirdsmovie,0.9818642,0.96452594,0.9689717,0.9838916,0.9629295,0.9745012,0.9676448,0.98171383,0.97358227,0.9494815,0.96626884,0.99999994,0.9715888,0.9644495,0.96125335,0.97066015,0.96564794,0.9756784,0.96822387,0.9496263,0.97721577,0.95117104,0.9708486,0.9707508,0.9629974,0.7888827,0.9661552,0.9762392,0.971043,0.97774917,0.9589634,0.9655253,0.98443526,0.9873163,0.977043,0.92306125,0.97021025,0.981176,0.96919984,0.95930916,0.9663936,0.96787256,0.948918,0.95446235,0.97851366,0.96873367,0.9727143,0.97308326,0.9624657,0.9628209,0.97826564,0.9579603,0.95794815,0.9771923,0.99387014,0.97060364,0.94883984,0.96738136,0.97543347,0.95447993,0.94969016,0.9779695,0.9811525,0.97145814,0.9587656,0.9858058,0.9427732,0.95242435,0.9617515,0.9777273,0.96271724,0.30875596,0.9733199,0.96498334,0.9906153,0.93831575,0.87600523,0.97643656,0.9652088,0.9692811,0.96885234,0.9762163,0.96059304,0.9687543,0.9815991,0.97221404,0.97804815,0.9619015,0.97348166,0.9728582,0.97360295,0.96271724,0.9738608,0.97739387,0.9876804,0.9784752,0.97347033,0.9604441,0.9689541,0.9611883,0.9764971,0.965887,0.9747829,0.9683872,0.9493728,0.9822092,0.9665795,0.9772084,0.95546997,0.95225656,0.9663152,0.6257172,0.97594166,0.9456743,0.9683691,0.973948,0.98116755,0.9829584,0.9696716,0.9644997,0.9705837,0.9652736,0.9813754,0.98337275,0.95566344,0.9742646,0.9490924,0.9726945,0.9788361,0.94129664,0.9686373,0.97887,0.95754635,0.94831955,0.96967083,0.96796906,0.97735554,0.9680108,0.9694675,0.96158844,0.97358227,0.96229273,0.96710205,0.968186,0.94897854,0.96320295,0.9542809,0.990177,0.9699956,0.95905036,0.9646318,0.96747774,0.96442926,0.9335321,0.95354223,0.96685207,0.9606094,0.9774911,0.97382814,0.9578131,0.97358227,0.96096045,0.96921057,0.97746396,0.9653152
annabellemovie,0.99351776,0.9861148,0.98482347,0.9882117,0.99205875,0.9837015,0.9912345,0.9955335,0.99411803,0.9817567,0.9873264,0.9715888,0.99999994,0.99074924,0.98964375,0.9835776,0.99636155,0.99480534,0.9834139,0.98430693,0.987888,0.9689453,0.9890207,0.99295086,0.9854558,0.7915077,0.9748566,0.9882315,0.99289995,0.995824,0.9850472,0.9870288,0.9872009,0.98627424,0.9609427,0.8991323,0.9856688,0.99478227,0.9896267,0.9868243,0.9964803,0.9855097,0.97483075,0.98714936,0.98496586,0.9916015,0.989704,0.9947809,0.98965716,0.98851633,0.9919047,0.98588926,0.9859713,0.9923612,0.9797034,0.9922805,0.97475463,0.98676544,0.9877812,0.9842333,0.98990685,0.98575133,0.99306643,0.99367285,0.98480135,0.9928136,0.9765172,0.9818539,0.9838639,0.9751507,0.9876932,0.34463742,0.98603034,0.98004586,0.98820746,0.97480804,0.8662011,0.9875389,0.98272073,0.981087,0.9816962,0.9887908,0.9905614,0.9710646,0.9901452,0.99233204,0.9837141,0.9945007,0.9882999,0.99067754,0.98448974,0.9876932,0.9869024,0.99679995,0.98737514,0.9898889,0.99275035,0.97805566,0.99076885,0.9808489,0.9872376,0.9850164,0.97765845,0.99003834,0.9706283,0.9942222,0.99323696,0.9839411,0.9748281,0.9692259,0.98685426,0.57704246,0.9897388,0.90677536,0.9937234,0.99492395,0.9957191,0.9787737,0.9853387,0.99408036,0.9930451,0.9895224,0.98964524,0.9840851,0.9837182,0.9940911,0.9770649,0.987888,0.9977233,0.94631386,0.9884906,0.9897093,0.9900032,0.9842716,0.98835564,0.9936429,0.98670304,0.9874179,0.9869725,0.99037987,0.99411803,0.98728454,0.9854991,0.9795738,0.9797096,0.99414253,0.9737353,0.97963065,0.9761387,0.9837247,0.98501974,0.99177045,0.9906125,0.9566011,0.9837455,0.98236585,0.9928955,0.98697704,0.99084896,0.9875135,0.99411803,0.9889296,0.991288,0.9885383,0.9786901
annamovie,0.9901283,0.99351716,0.9942326,0.98732483,0.99145585,0.9922795,0.99540985,0.9933147,0.9976986,0.98821187,0.9901592,0.9644495,0.99074924,1.0,0.9933807,0.9891085,0.9892753,0.9896595,0.9891508,0.99094975,0.99373007,0.98565453,0.9963366,0.9977972,0.9974481,0.73763096,0.98640114,0.9904154,0.9914358,0.99334496,0.989017,0.99509436,0.9907876,0.9807131,0.9595935,0.8951195,0.9931327,0.98529357,0.9942009,0.99406075,0.9882457,0.98737323,0.9806031,0.9885855,0.9882386,0.9901919,0.9964155,0.9902937,0.99081516,0.992626,0.994484,0.9925172,0.9971079,0.98683685,0.9667511,0.99203354,0.989667,0.9845338,0.9871975,0.99437094,0.9782828,0.98764986,0.99390125,0.99322337,0.9963362,0.9837284,0.9867381,0.9935769,0.9896812,0.9768231,0.9955092,0.28460848,0.98805094,0.99434245,0.9894973,0.98970807,0.8789831,0.9903285,0.99070495,0.9904938,0.98510706,0.991156,0.9894437,0.9751756,0.9858868,0.99484193,0.980488,0.99389344,0.9867762,0.9906171,0.99477476,0.9955092,0.9891803,0.9926865,0.98755497,0.99144673,0.9945928,0.9886096,0.99215615,0.9959636,0.9825485,0.99290484,0.9873575,0.9954815,0.98381215,0.99227583,0.99293214,0.9904868,0.98431754,0.9890228,0.9931411,0.60062563,0.9891073,0.907304,0.9913143,0.99027663,0.9919956,0.9720165,0.9919642,0.996764,0.98189694,0.9938752,0.9925898,0.97756755,0.99636984,0.98695064,0.9944824,0.98995936,0.98752624,0.9472623,0.9961593,0.9936515,0.9903905,0.9801113,0.98709106,0.99512315,0.98767644,0.9910282,0.99447805,0.9869307,0.9976986,0.9933495,0.98203075,0.9844756,0.96799666,0.9958737,0.9905513,0.9825603,0.98707753,0.97802377,0.9956743,0.99632424,0.98750925,0.9451347,0.9931672,0.9872472,0.9972873,0.994346,0.99714524,0.9802524,0.9976986,0.99250203,0.99838567,0.99537724,0.990232
apollo11movie,0.98962426,0.9863482,0.98601574,0.9835699,0.9954884,0.9810779,0.99450755,0.9857928,0.99363035,0.9829301,0.9892182,0.96125335,0.98964375,0.9933807,0.99999994,0.988955,0.9899559,0.9959293,0.99138314,0.994568,0.98505366,0.98578626,0.99215645,0.9938744,0.99476385,0.76535815,0.98256695,0.98660386,0.98825985,0.9961008,0.99362886,0.9935912,0.98816085,0.9738618,0.9560528,0.87045765,0.99581,0.98763084,0.9904728,0.9887369,0.9909171,0.9925293,0.9734764,0.9934041,0.9830225,0.99396366,0.9916196,0.98737115,0.98625964,0.99466264,0.9885285,0.9884182,0.99162775,0.9849185,0.9644746,0.99424577,0.9805732,0.9822153,0.98737997,0.9853761,0.9806206,0.9868738,0.9900346,0.9891439,0.98864377,0.9846503,0.98004025,0.98897773,0.9800924,0.97890323,0.9866609,0.28926706,0.9828299,0.9842941,0.9842088,0.99015415,0.8427213,0.9872615,0.98884547,0.9800652,0.98677886,0.9924846,0.98649246,0.96870863,0.9906327,0.99225426,0.97910935,0.9846811,0.97749984,0.9886978,0.98469734,0.9866609,0.9952302,0.99015945,0.9837515,0.9943859,0.99448216,0.9825761,0.991995,0.9884976,0.98904043,0.99332124,0.98714346,0.9883083,0.9746378,0.9864758,0.99376017,0.9900365,0.9859246,0.98407966,0.9901518,0.5862914,0.98559713,0.8939702,0.99083227,0.9893597,0.99170727,0.9669503,0.99049646,0.99704933,0.97710055,0.9960344,0.9853696,0.98044366,0.9892224,0.9908254,0.98474413,0.98527884,0.98935986,0.9420159,0.98832226,0.98982024,0.99003696,0.98879635,0.9821178,0.99423033,0.9897912,0.9855094,0.9850443,0.99320585,0.99363035,0.9925518,0.9893215,0.9846704,0.9670657,0.9911996,0.98577696,0.97753686,0.97881436,0.9865374,0.9898515,0.9886935,0.9890558,0.9360954,0.9797917,0.97917986,0.9906677,0.9826139,0.98738986,0.98083615,0.99363035,0.99217683,0.9902105,0.98475975,0.97844434
arcticdogsmovie,0.98984283,0.98875445,0.99142456,0.98239404,0.9874385,0.9882354,0.9899956,0.9861727,0.9929077,0.9832377,0.99021673,0.97066015,0.9835776,0.9891085,0.988955,1.0,0.98908204,0.98820025,0.9935486,0.9802759,0.9792388,0.9862576,0.98297083,0.99187076,0.9852163,0.7095866,0.98295844,0.98397624,0.9925419,0.9930952,0.99614114,0.9926528,0.99051,0.98369956,0.96513015,0.91170126,0.9905464,0.9840456,0.9939387,0.98998255,0.9899138,0.99095714,0.9801296,0.9828837,0.9940954,0.9872228,0.9817977,0.986364,0.98618394,0.9871712,0.99250996,0.9869403,0.984449,0.98201466,0.96402544,0.9836287,0.9884496,0.97869956,0.9861583,0.9874516,0.97729796,0.981779,0.992257,0.99046737,0.988143,0.9864603,0.9855095,0.98974925,0.98458916,0.97140247,0.990626,0.3276416,0.9940951,0.98390377,0.9860076,0.9731817,0.89228857,0.9839576,0.9852074,0.981734,0.98610324,0.98743814,0.99125654,0.9776512,0.9881408,0.9908547,0.9658774,0.975558,0.98838985,0.9912706,0.98938537,0.990626,0.98991543,0.9823979,0.98731756,0.9949287,0.9903299,0.97654206,0.9929509,0.9897558,0.9776448,0.98870707,0.985385,0.9930071,0.9817504,0.98948497,0.9843575,0.9972863,0.9930391,0.9818014,0.9813287,0.63890857,0.98799145,0.9259901,0.98297864,0.98481715,0.989347,0.9706951,0.99031997,0.9905475,0.98338467,0.9903594,0.9896845,0.9796107,0.9898856,0.98645025,0.98768497,0.9948302,0.9866862,0.95723885,0.9816757,0.98810333,0.99417734,0.9831023,0.9847064,0.9895168,0.9891324,0.98564017,0.99116635,0.97642857,0.9929077,0.9884054,0.9764773,0.9917386,0.9771655,0.9870999,0.99158746,0.98263943,0.99247193,0.9648341,0.9896691,0.9845268,0.9831876,0.9590964,0.9741166,0.9895778,0.98619986,0.9868764,0.98794067,0.9768766,0.9929077,0.9858302,0.991998,0.9852854,0.98445135
arcticmovie,0.9925642,0.990442,0.9853804,0.9830472,0.9874903,0.97974384,0.9928075,0.99222434,0.99447536,0.9806698,0.990525,0.96564794,0.99636155,0.9892753,0.9899559,0.98908204,0.9999999,0.99295855,0.9891249,0.981824,0.97982794,0.97422254,0.98554194,0.9916598,0.98325163,0.773906,0.977377,0.9907137,0.9937888,0.99613875,0.99254346,0.9877802,0.9856234,0.98537636,0.95978343,0.90089786,0.98690116,0.9901868,0.99299276,0.99147344,0.99930525,0.98524624,0.972164,0.9825248,0.98529506,0.99410313,0.98558277,0.99341935,0.990493,0.98530906,0.99159807,0.9868431,0.98633695,0.98923546,0.9692938,0.98946947,0.9754118,0.9891967,0.9909508,0.9890379,0.9872636,0.98773736,0.99219596,0.9893596,0.9850823,0.99142927,0.9850047,0.9851142,0.9864468,0.97178906,0.9918285,0.36141264,0.99117917,0.98144877,0.98274153,0.97192496,0.8738545,0.9825192,0.98220307,0.976139,0.9821563,0.9899196,0.99420446,0.9770233,0.9851083,0.9935882,0.97717816,0.99052554,0.99262726,0.99458694,0.9812465,0.9918285,0.9890878,0.9920262,0.98615,0.9908306,0.9918756,0.9758944,0.9933185,0.98150605,0.9864312,0.98472434,0.9774703,0.993768,0.96679294,0.9925185,0.9931531,0.98586774,0.97590053,0.9732827,0.9883485,0.57419795,0.99050516,0.9012863,0.9945123,0.9936187,0.9937341,0.97948384,0.98959106,0.99563456,0.992037,0.99248815,0.98566914,0.977406,0.9860884,0.99479127,0.9783892,0.9907633,0.9935339,0.94852203,0.98667526,0.98282945,0.9944408,0.98557585,0.9913825,0.9942778,0.981499,0.98605007,0.9901701,0.98784125,0.99447536,0.9875341,0.98679477,0.97714025,0.9847417,0.9935347,0.9768954,0.97505105,0.9757021,0.9738704,0.98758346,0.9869337,0.9945871,0.9575309,0.98301977,0.9878473,0.99111396,0.9849957,0.98927325,0.99218374,0.99447536,0.98760706,0.991213,0.9869184,0.97595453
artofracingmovie,0.99369293,0.98319745,0.9821921,0.98868066,0.9947395,0.9833818,0.99145645,0.9913237,0.9929629,0.9802287,0.98768586,0.9756784,0.99480534,0.9896595,0.9959293,0.98820025,0.99295855,1.0000001,0.9881974,0.98568183,0.9867887,0.9743292,0.99137473,0.9944344,0.9890185,0.79368824,0.9769247,0.9900614,0.98940724,0.99854255,0.99056834,0.9879317,0.99145544,0.98351485,0.9617682,0.8815706,0.99139404,0.99704283,0.98890173,0.9871528,0.9949034,0.9946574,0.97549826,0.992365,0.9838761,0.99589604,0.99155253,0.99021435,0.9851374,0.99442047,0.98951685,0.98521817,0.98614895,0.9882175,0.98019403,0.99218833,0.97631997,0.98667806,0.9890385,0.9818501,0.98149204,0.9883516,0.99141115,0.9905772,0.983122,0.9907526,0.97277164,0.9821229,0.97692305,0.9796259,0.985141,0.31894183,0.98338413,0.981863,0.9898424,0.98038507,0.8520979,0.98879,0.98386085,0.9764642,0.98376465,0.9916398,0.984947,0.9715741,0.9967782,0.9920292,0.98220265,0.98575544,0.982221,0.9913926,0.9825323,0.985141,0.99450743,0.9952996,0.98654586,0.99612576,0.99258626,0.9763644,0.98952246,0.9824922,0.99488604,0.98760355,0.98340833,0.98713607,0.96880263,0.990575,0.992935,0.9885849,0.9808542,0.9729801,0.98662394,0.57737976,0.9875784,0.9005575,0.9932787,0.9904841,0.9958914,0.9755276,0.98763293,0.9945694,0.9837915,0.9917667,0.9872002,0.9906684,0.98431814,0.9931164,0.97640026,0.9863793,0.9968322,0.9482493,0.987657,0.9904274,0.9895303,0.9877032,0.98444015,0.99186575,0.9914888,0.9840912,0.9857104,0.99418396,0.9929629,0.98685956,0.99316907,0.98324454,0.970996,0.99087334,0.97974867,0.9816523,0.976139,0.99110025,0.9842436,0.988507,0.9923767,0.9472135,0.9764007,0.9811118,0.9906891,0.98320174,0.9873246,0.9834127,0.9929629,0.9882197,0.98826766,0.98623997,0.9754588
avengers,0.9886895,0.99274254,0.9873302,0.9758847,0.9850918,0.9831461,0.99444455,0.9863031,0.99211967,0.97097665,0.9838814,0.96822387,0.9834139,0.9891508,0.99138314,0.9935486,0.9891249,0.9881974,1.0,0.9819725,0.9776644,0.98775417,0.98434097,0.9899231,0.9879884,0.73913586,0.9835013,0.9880516,0.9871614,0.99313676,0.9941712,0.993144,0.9855909,0.97420484,0.96018636,0.9128434,0.99103606,0.98031795,0.9891579,0.9876606,0.9881509,0.98325765,0.974363,0.97766566,0.9868581,0.9908218,0.9841847,0.98784906,0.9801045,0.98471874,0.99097353,0.9808649,0.98972946,0.9885986,0.96037346,0.9920919,0.9769599,0.97448003,0.9844093,0.98719573,0.9711761,0.986382,0.99079216,0.9823158,0.9852579,0.9883753,0.9793124,0.98328483,0.9851451,0.98419446,0.9878635,0.2837823,0.99499756,0.984149,0.9819611,0.9794229,0.8869456,0.9771822,0.9818916,0.9815698,0.98382753,0.9912253,0.98600113,0.97741675,0.9823216,0.9890524,0.97609526,0.9777196,0.9886842,0.99068093,0.98730665,0.9878635,0.9958998,0.9855825,0.98857033,0.99105936,0.9904867,0.97564334,0.99649584,0.9893588,0.98586315,0.98786896,0.9919538,0.99233055,0.96975553,0.98781574,0.9893825,0.9915672,0.98437214,0.9838771,0.9885416,0.60576504,0.98271126,0.905715,0.98484397,0.9885087,0.98859364,0.9715879,0.99261403,0.9938169,0.97680867,0.9934946,0.9903508,0.9756192,0.9850444,0.9872222,0.9806247,0.9898001,0.9834546,0.9631676,0.9818876,0.9858347,0.98513794,0.9727385,0.9799393,0.9954944,0.9878301,0.9852991,0.9871861,0.985182,0.99211967,0.99105394,0.98387724,0.98279274,0.9738298,0.98408526,0.98634255,0.97797215,0.9842091,0.9631162,0.99272573,0.9781719,0.9883276,0.9326281,0.9777657,0.9814006,0.98390883,0.98329085,0.9858248,0.97613794,0.99211967,0.9804203,0.99054503,0.983797,0.97853005
beachbummovie,0.98354,0.9822088,0.9880397,0.9819539,0.9914092,0.97307956,0.9911296,0.9792427,0.99010724,0.98423094,0.9886415,0.9496263,0.98430693,0.99094975,0.994568,0.9802759,0.981824,0.98568183,0.9819725,1.0000001,0.9841444,0.9875666,0.9872723,0.98559725,0.9932049,0.7469142,0.98333275,0.97539234,0.98531014,0.98791414,0.9846114,0.9937729,0.98105305,0.9678885,0.9573074,0.8642764,0.99418795,0.9755911,0.98731047,0.98074293,0.9814744,0.98071516,0.9596301,0.98708653,0.9816397,0.98158264,0.9866156,0.9837304,0.98826987,0.9850417,0.98463094,0.9882785,0.9875825,0.98055667,0.95618665,0.9922561,0.97545224,0.9755495,0.9834477,0.9793385,0.98430926,0.98095435,0.9873793,0.9885721,0.9897217,0.9793022,0.9808842,0.9897286,0.98206365,0.974443,0.98100984,0.27859125,0.9757395,0.9781682,0.97922724,0.98790455,0.82086796,0.98683155,0.9925417,0.98527735,0.989541,0.98874485,0.98618233,0.9617873,0.9808008,0.98836756,0.97892606,0.9838734,0.96745366,0.97867507,0.9838087,0.98100984,0.98491997,0.9817345,0.98119426,0.98639286,0.99451035,0.9903845,0.9886414,0.9848462,0.97363484,0.9954452,0.98244953,0.9831179,0.9789402,0.98187524,0.9899253,0.9861004,0.9822221,0.9873236,0.988333,0.6068044,0.9849079,0.9065429,0.9840177,0.9887211,0.98548484,0.96255875,0.9862742,0.9917986,0.97474986,0.9936243,0.98115385,0.96548873,0.9857459,0.9881115,0.9860858,0.9793215,0.9807608,0.91927487,0.984897,0.98812515,0.9843437,0.98681515,0.9801218,0.9905589,0.9833548,0.9863572,0.97777224,0.98322636,0.99010724,0.9934942,0.97381175,0.9826076,0.96027064,0.9886219,0.9780264,0.97670454,0.97852236,0.9791895,0.98871934,0.98912525,0.97513103,0.9287366,0.9792634,0.9709752,0.9837652,0.9819249,0.9853254,0.97739244,0.99010724,0.9957039,0.98717433,0.98083013,0.9802004
bernadettefilm,0.9897146,0.98564637,0.9907106,0.99441427,0.9872285,0.9893493,0.9896783,0.99433404,0.9931926,0.98538053,0.9859943,0.97721577,0.987888,0.99373007,0.98505366,0.9792388,0.97982794,0.9867887,0.9776644,0.9841444,0.99999994,0.9751378,0.9950915,0.9922167,0.99407357,0.7539351,0.97919095,0.98774284,0.9847764,0.98876786,0.97651654,0.98865646,0.99081653,0.98525655,0.97111183,0.89751047,0.9891724,0.98651534,0.9855797,0.9856391,0.979426,0.9808348,0.97090155,0.981252,0.98564094,0.98194456,0.9962395,0.9893669,0.98796505,0.9854143,0.9905106,0.9891087,0.9892768,0.9859422,0.9824647,0.9876254,0.9804786,0.9840687,0.9842452,0.98471856,0.97265106,0.9863079,0.9913111,0.9912626,0.99186593,0.9838187,0.97116286,0.98483497,0.98562443,0.98188263,0.9876735,0.25652638,0.9782841,0.99158686,0.99550563,0.9822129,0.8661612,0.9919535,0.98685795,0.992466,0.9852228,0.98899925,0.97918206,0.9764688,0.98703027,0.9888435,0.9883907,0.9912437,0.9788199,0.9848872,0.99232185,0.9876735,0.98163015,0.99214995,0.9888117,0.98937804,0.9910883,0.9903826,0.9836601,0.98689514,0.9814953,0.9878543,0.9816717,0.987452,0.97935456,0.99129444,0.9899046,0.98551166,0.9751383,0.9828837,0.98914313,0.6011074,0.9890289,0.9228909,0.98876333,0.9885907,0.9921598,0.9797069,0.98686045,0.9885394,0.97935176,0.98668134,0.99094856,0.979096,0.98845345,0.9846573,0.9840533,0.9827903,0.986097,0.9357963,0.9947625,0.99498975,0.97965586,0.97300243,0.98496497,0.9869828,0.98723656,0.99135315,0.98964036,0.98154324,0.9931926,0.9870083,0.9761478,0.98066676,0.9538355,0.9920396,0.97812355,0.9909731,0.9834698,0.9822624,0.98875546,0.9956541,0.979747,0.9356968,0.98835266,0.9785772,0.9899549,0.9952322,0.9949798,0.9767036,0.9931926,0.98776287,0.991616,0.9949113,0.9887091
