movie,21bridgesmovie,47metersdown,abeautifuldaymovie,abominablemovie,adastramovie,adogsjourneymovie,aftermathmovie,aftermovie,ahiddenlifefilm,alitamovie,angelhasfallen,angrybirdsmovie,annabellemovie,annamovie,apollo11movie,arcticdogsmovie,arcticmovie,artofracingmovie,avengers,beachbummovie,bernadettefilm,blackandbluemovie,blackchristmas,blindedbythelightmovie,bombshellmovie,booksmart,breakthroughmovie,brianbanksmovie,brightburnmovie,brittanyrunsmov,captainmarvelofficial,captivestatemovie,catsmovie,charliesangels,childsplaymovie,clarathefilm,coldpursuitmovie,countdown,currentwarmovie,darkwatersmovie,detectivepikachumovie,disneyaladdin,disneyfrozen,disneymaleficent,doctorsleepmovie,dolemiteismyname,dontletgomovie,doramovie,downtonabbey_official,dumbo,escaperoom,everybodyknowsmovie,fastandfuriousmovie,fightingwmyfam,fivefeetapartfilm,fordvferrari,freaksthefilm,geminimanmovie,glassmovie,gloriabellmovie,godzillamovie,goldfinchmovie,goodboysmovie,goodliarmovie,gretafilm,halathemovie,happydeathdaymovie,harrietfilm,hellboymovie,hersmellmovie,highlifemovie,highstrungmovie,honeyboymovie,hotelmumbaifilm,httydragon,hustlemovie,hustlersmovie,isntitromantic,itmovieofficial,jayandsilentbob,johnwickmovie,jojorabbitmovie,jokermovie,judythefilm,jumanjimovie,justmercyfilm,knivesout,lalloronamovie,lastblackmansf,lastchristmasthemovie,latenightmovie,lighthousemovie,lionking,littlethemovie,littlewomenmovie,littlewoodsfilm,longshotmovie,lordsofchaosmovie,lucyintheskyfilm,mamovie2019,marriagestory,meettheaddams,meninblack,midsommarmovie,midwaymovie,missbalamovie,missinglinkfilm,motherlessbklyn,onceinhollywood,onthebasisofsex,overcomermovie,peanutbutterfalcon,petsematarymovie,piercingmovie,playingwithfire,playmobilthemovie,pomsmovie,queenandslim,rambomovie,readyornotfilm,richardjewellfilm,rocketmanmovie,scarystoriesmovie,secretlifeofpets,serenityfilm,shaftmovie,shazammovie,spidermanmovie,spiesindisguise,starwars,stormboymovie,stubermovie,taosdfilm,teenspiritmov,terminator,theaeronautsmov,thebestofenemies,thedeaddontdie,thefarewell,thehighwaymen,thehummingbirdprojectfilm,theintrudermovie,theirishmanfilm,thekitchenmovie,thelegomovie,themustangfilm,thenightingalefilm,theprodigymovie,thesunisalsoastar,theupsidefilm,tolkienmovie,toystory,triplefrontier,uglydolls,uncutgems,underthesilverlake,usmovie,wavesmovie,whatmenwant,wonderparkmovie,wrinklestheclown,xmenmovies,yardiefilm,yesterdaymovie,zombieland
21bridgesmovie,1.0000002,0.94499415,0.9519591,0.9472261,0.9608578,0.95468265,0.96434677,0.95530915,0.97679734,0.9522769,0.9443897,0.9514293,0.95285326,0.960725,0.9528142,0.9575257,0.95964444,0.954999,0.9761632,0.93745714,0.9669397,0.95278084,0.9498387,0.9441852,0.9571736,0.8800657,0.93334436,0.9583234,0.9551895,0.9443017,0.9383794,0.9488548,0.9329345,0.94791967,0.9496743,0.92677104,0.9582272,0.9599441,0.9587801,0.95749825,0.95272493,0.9556484,0.94249445,0.9483921,0.95554304,0.95048654,0.95111036,0.9471248,0.95986575,0.95333856,0.9564382,0.9638379,0.9508563,0.9555214,0.94495535,0.952993,0.95001435,0.95682937,0.94758767,0.96267116,0.9499024,0.9514259,0.9509072,0.96104586,0.9538089,0.95102936,0.9474855,0.96017975,0.9557065,0.9549178,0.967928,0.8189593,0.9458452,0.95437557,0.9530631,0.9380829,0.9166638,0.9524048,0.94684213,0.9432583,0.9533809,0.9575201,0.96459836,0.96329737,0.956004,0.9604546,0.94909495,0.9450928,0.9607398,0.9414396,0.95190215,0.967928,0.9489574,0.94769275,0.9576709,0.9423345,0.9522219,0.95794386,0.9588877,0.9475791,0.9534938,0.9554698,0.9467257,0.9646625,0.9539393,0.95442075,0.95896107,0.9546663,0.94901794,0.94525045,0.9542602,0.8879896,0.94907755,0.92674303,0.9554322,0.9645406,0.9864588,0.9471584,0.96000516,0.9586554,0.96117455,0.95142776,0.95705086,0.9559424,0.9469008,0.95419735,0.959775,0.9518101,0.9557623,0.9350372,0.95774966,0.94429916,0.96435785,0.94259334,0.9561816,0.94236755,0.9623648,0.9475062,0.96520627,0.9586988,0.97679734,0.94811046,0.95540255,0.9594663,0.944274,0.9545881,0.93635035,0.9517059,0.95836353,0.9639198,0.9555226,0.9451723,0.9574335,0.9396499,0.95943636,0.95504564,0.9466256,0.952937,0.9532812,0.9544817,0.97679734,0.9455869,0.9627619,0.95460814,0.95149505
47metersdown,0.94499415,1.0000004,0.9546898,0.9451753,0.9435215,0.95209754,0.95487916,0.95508754,0.9701751,0.9434823,0.9440732,0.9464898,0.9533068,0.9553633,0.9379465,0.96268046,0.94286627,0.94050056,0.9412449,0.92737424,0.9522997,0.9440098,0.9659043,0.9448308,0.9390123,0.8345919,0.9376047,0.9427389,0.95443594,0.9197542,0.9363397,0.9439469,0.9422923,0.9424947,0.9305939,0.918434,0.9551816,0.94567335,0.96066767,0.9517416,0.9477696,0.94546115,0.93105775,0.9427115,0.95225424,0.9510771,0.96171564,0.95344365,0.9458503,0.94787455,0.9574392,0.94909316,0.9446888,0.9359374,0.9477568,0.93937385,0.9402247,0.9507331,0.9437115,0.9539134,0.94844824,0.95065755,0.9453619,0.95363903,0.9468692,0.94509804,0.9349939,0.93897986,0.95097065,0.9435641,0.9596786,0.76493007,0.92708313,0.94945353,0.9401591,0.9368136,0.89822227,0.94463193,0.939132,0.94003904,0.9463984,0.953295,0.9520306,0.9412335,0.94566196,0.95131624,0.94533175,0.9515667,0.95413834,0.93733746,0.945456,0.9596786,0.941048,0.9376267,0.95801044,0.924624,0.94402224,0.9498729,0.9488432,0.9499651,0.9566338,0.94299227,0.9326165,0.9586268,0.95072436,0.95107454,0.95367527,0.9487785,0.93551505,0.9340865,0.9515999,0.8608337,0.94251347,0.89013356,0.9540307,0.9466643,0.95468885,0.93484235,0.9574044,0.9498723,0.9530484,0.9438959,0.9532841,0.94468063,0.9357542,0.9544168,0.9556787,0.9483729,0.95148265,0.923823,0.9409238,0.94054717,0.9488201,0.91846794,0.9454526,0.9311337,0.94065535,0.94068885,0.95316285,0.94377476,0.9701751,0.94990975,0.9462497,0.9472084,0.93942064,0.942338,0.9384878,0.94372874,0.9450867,0.94568425,0.95600986,0.9419653,0.95420045,0.9096056,0.94594336,0.9535414,0.9453796,0.9503067,0.93862516,0.9315712,0.9701751,0.94601154,0.96305275,0.95217496,0.9411187
abeautifuldaymovie,0.9519591,0.9546898,0.99999994,0.9506924,0.94618154,0.94692975,0.9621668,0.9468207,0.97065604,0.94209033,0.9462763,0.94536686,0.941358,0.9534816,0.9429197,0.95136356,0.9498141,0.95159507,0.9515354,0.9366867,0.9479041,0.9597598,0.95385236,0.9435355,0.9502887,0.8486909,0.92791134,0.9515147,0.9710676,0.9156865,0.9363413,0.94553936,0.9358901,0.9606056,0.94211566,0.93117416,0.9588177,0.9496103,0.95719796,0.9552504,0.93835497,0.9532214,0.93965864,0.9455163,0.94932896,0.9426758,0.9498986,0.9480494,0.94502664,0.955462,0.9687085,0.9562007,0.9490376,0.943612,0.9395889,0.94499046,0.9329629,0.94894916,0.9487495,0.9494171,0.9474307,0.9493939,0.9453507,0.9556503,0.946245,0.94946074,0.93865657,0.94333434,0.94193244,0.95356625,0.9633638,0.7776866,0.936312,0.9504223,0.9392575,0.9400688,0.90093404,0.9502814,0.9485204,0.9484186,0.95093113,0.9522565,0.9568285,0.9582963,0.9550451,0.9540547,0.9512031,0.94453996,0.9586953,0.9432528,0.9400388,0.9633638,0.9372406,0.9512017,0.9680864,0.9299667,0.94667405,0.95511127,0.9544831,0.94915533,0.9537513,0.9380124,0.92755246,0.9535414,0.9454463,0.95812106,0.95564044,0.93653727,0.9500246,0.94791305,0.9641001,0.8959105,0.944338,0.91295594,0.9425627,0.94085145,0.95366675,0.9468577,0.9583697,0.9473034,0.9501167,0.9364569,0.95050234,0.9434558,0.94271773,0.95048165,0.951525,0.9631821,0.95159316,0.9407959,0.93692005,0.92622566,0.9484583,0.92476255,0.94551855,0.9282799,0.9495238,0.95135766,0.95614374,0.94511104,0.97065604,0.9588646,0.9429066,0.9379029,0.93168545,0.95053047,0.9479251,0.9547709,0.9338761,0.94252646,0.9563726,0.97152054,0.94692343,0.92502075,0.9546279,0.95286614,0.9488522,0.9511018,0.9500919,0.93325293,0.97065604,0.9462067,0.9615678,0.948055,0.95558804
abominablemovie,0.9472261,0.9451753,0.9506924,0.99999917,0.9488178,0.96189225,0.9605018,0.9542624,0.9767082,0.9397522,0.95340085,0.95966536,0.9532894,0.95523345,0.95645577,0.9629138,0.95893323,0.9567472,0.9418817,0.9588226,0.95510954,0.95818627,0.9506444,0.9489196,0.956462,0.88643163,0.94759065,0.95422894,0.9591652,0.9371151,0.9452341,0.9543681,0.94484997,0.95484334,0.9489382,0.9339455,0.9697907,0.95492643,0.95009685,0.9584144,0.94111395,0.96109223,0.95052534,0.9548746,0.95597464,0.9448718,0.9514256,0.94183666,0.9502152,0.9598527,0.96419114,0.9629577,0.9427854,0.94971085,0.9433461,0.9573664,0.9488846,0.95852613,0.96246797,0.9548628,0.94241065,0.9616956,0.9536917,0.9558498,0.9513297,0.9470194,0.9472291,0.955364,0.95392746,0.9586107,0.96538264,0.8227456,0.9542524,0.95979875,0.96212447,0.94241697,0.91420686,0.9551288,0.95145726,0.94357795,0.9571956,0.9613834,0.9515793,0.9436867,0.9623317,0.95105386,0.95141387,0.94621354,0.9616922,0.950109,0.9498747,0.96538264,0.9516165,0.9482959,0.9601871,0.9498576,0.9435442,0.95261663,0.9474994,0.94992286,0.95194775,0.9433003,0.9484558,0.95571804,0.9408038,0.9652943,0.95960164,0.94471675,0.954195,0.94561285,0.96489894,0.9030602,0.95084244,0.9247464,0.9527515,0.9447871,0.9584986,0.9401382,0.9603177,0.9570372,0.94441587,0.94972163,0.95761657,0.94881296,0.9579601,0.9594762,0.95666045,0.9556066,0.9584007,0.94509697,0.94838464,0.93737596,0.9588073,0.9335435,0.9528441,0.9345186,0.951541,0.9522977,0.96218175,0.9508519,0.9767082,0.95811105,0.940653,0.94750226,0.9459087,0.9549262,0.94286674,0.95118123,0.9451524,0.9559633,0.9484037,0.95077163,0.93872434,0.93681127,0.94923645,0.9576826,0.9492745,0.9588345,0.9470284,0.9326039,0.9767082,0.93922085,0.96311533,0.9567677,0.9590363
adastramovie,0.9608578,0.9435215,0.94618154,0.9488178,1.0000001,0.9551033,0.96453613,0.9585827,0.974258,0.9579143,0.94419473,0.95524883,0.9521864,0.9525223,0.9466766,0.95692617,0.95107013,0.9767663,0.9570246,0.9440394,0.9569185,0.94041663,0.95117736,0.94260746,0.94500536,0.88119596,0.959567,0.9533853,0.9427057,0.93475294,0.9421706,0.9537184,0.94896793,0.93544734,0.93861145,0.92864984,0.9550207,0.9492345,0.9521566,0.9496737,0.95223147,0.95769626,0.95246196,0.95990986,0.95593596,0.9537518,0.946388,0.95008355,0.9524422,0.960764,0.9521241,0.96248984,0.9437223,0.94838905,0.9433906,0.97492695,0.9437191,0.9559636,0.95066804,0.95468014,0.9396122,0.9437657,0.9388683,0.95168537,0.94945586,0.9532397,0.9541549,0.95067114,0.9611693,0.95241195,0.9639897,0.8101665,0.9462628,0.950413,0.9373426,0.935272,0.8983276,0.94665384,0.9355048,0.9391557,0.9486287,0.95221543,0.95871633,0.94608575,0.9629761,0.9495112,0.94775105,0.94267654,0.95579904,0.94084233,0.94837296,0.9639897,0.9510019,0.9483846,0.9543964,0.9361916,0.9548137,0.9545669,0.95266676,0.9478192,0.958923,0.94209886,0.937789,0.9509097,0.95537096,0.9481407,0.9579839,0.9463592,0.9434924,0.94164556,0.96310115,0.87827086,0.95083404,0.90841436,0.9531223,0.9419245,0.9550265,0.93331194,0.955831,0.95949006,0.9560557,0.94664764,0.94922656,0.9479402,0.95158464,0.95222634,0.9553337,0.9434163,0.9662272,0.93334806,0.95150936,0.96503377,0.95699316,0.9352628,0.956468,0.9312659,0.9429265,0.9500277,0.96701396,0.95823246,0.974258,0.9478485,0.9541279,0.95157385,0.93598,0.9519072,0.9380238,0.94233,0.9433794,0.95030165,0.95434237,0.9436743,0.9467962,0.9291566,0.95041347,0.96148545,0.9501433,0.9561385,0.9520868,0.9372924,0.974258,0.94252366,0.9696513,0.9567272,0.94527173
adogsjourneymovie,0.95468265,0.95209754,0.94692975,0.96189225,0.9551033,1.0000006,0.96750826,0.95709646,0.97964996,0.9482996,0.95384157,0.9540575,0.95173675,0.9579743,0.9615736,0.9609299,0.9576769,0.9587985,0.9483911,0.95454466,0.9534405,0.95995563,0.9637686,0.951206,0.95821196,0.8756929,0.9543409,0.9513823,0.95836556,0.9347691,0.9369938,0.9586807,0.9549818,0.94752306,0.9397933,0.9219966,0.96669173,0.94791365,0.95067817,0.95379806,0.9516617,0.95732373,0.95617646,0.95580083,0.9607454,0.95378995,0.96301657,0.9441071,0.95837194,0.95966107,0.961089,0.9701,0.94913197,0.95263547,0.9516833,0.9572586,0.9410718,0.95967567,0.94767606,0.9593129,0.9508019,0.95915556,0.95485723,0.9658248,0.96091217,0.95582515,0.9505085,0.954916,0.9553002,0.95441926,0.96169263,0.79679537,0.9332256,0.9572317,0.94352967,0.9465786,0.9029753,0.9538705,0.9451697,0.94755787,0.9544324,0.9645919,0.96144456,0.94392,0.95478046,0.9555147,0.9531639,0.9440149,0.96181136,0.9522165,0.9487369,0.96169263,0.94774204,0.95911014,0.9575511,0.94595134,0.9474325,0.95357376,0.9532779,0.9564382,0.96012676,0.958559,0.9546891,0.9608428,0.9492348,0.9613287,0.9634558,0.96410054,0.9418457,0.9508191,0.9623625,0.8878576,0.95581275,0.90009993,0.95454216,0.9419376,0.9574918,0.9413568,0.9618817,0.96548325,0.9613403,0.95047694,0.9604111,0.96634257,0.95585805,0.9536902,0.9560909,0.9523414,0.9567008,0.9357939,0.95266473,0.9516481,0.9574273,0.9366561,0.9594403,0.9342228,0.94612753,0.9576802,0.96142226,0.9582487,0.97964996,0.96621555,0.95418316,0.9568487,0.95480347,0.9587421,0.9398932,0.94640255,0.9628655,0.95849144,0.95316076,0.9414605,0.95215183,0.9339314,0.9472437,0.966023,0.9622397,0.9569765,0.9520496,0.9439305,0.97964996,0.93869305,0.9676468,0.96648496,0.9521651
aftermathmovie,0.96434677,0.95487916,0.9621668,0.9605018,0.96453613,0.96750826,1.0000001,0.9631892,0.9831712,0.961658,0.9553007,0.9492132,0.9560766,0.9642039,0.9607333,0.961695,0.96230656,0.9689919,0.96162415,0.94693696,0.95930964,0.9584705,0.95919025,0.9620274,0.94985735,0.8811166,0.95382303,0.96474445,0.95774776,0.9312383,0.94674146,0.95265037,0.9548942,0.9528434,0.9438352,0.9315575,0.9699378,0.9521664,0.96253806,0.9613761,0.9565457,0.9647388,0.9580766,0.9627471,0.9623954,0.9627862,0.95361024,0.9477612,0.96165544,0.96605664,0.96347034,0.9644261,0.9590581,0.95716006,0.95687294,0.9650934,0.95339733,0.96365184,0.9542969,0.9687702,0.957476,0.9618558,0.9507266,0.9643578,0.95803213,0.96308225,0.9522433,0.95771533,0.96122056,0.9504012,0.970052,0.8082694,0.9500649,0.96360165,0.9523448,0.95347667,0.9111364,0.9692179,0.952948,0.94868994,0.9569624,0.9778947,0.9673795,0.962339,0.96329415,0.9633519,0.95969677,0.95280504,0.97368914,0.9595566,0.95812786,0.970052,0.95664644,0.9605857,0.9650526,0.9457889,0.9602234,0.95411426,0.96954876,0.95292646,0.96548754,0.9571974,0.9494068,0.9673031,0.96241057,0.96007633,0.96327317,0.9567615,0.95036846,0.94670683,0.9712548,0.8975422,0.96164095,0.9121791,0.96230304,0.9587512,0.96460974,0.9563461,0.9698338,0.986336,0.9602093,0.9570011,0.9651672,0.9558963,0.9568716,0.95982885,0.95913154,0.9613814,0.96017355,0.9456862,0.95426905,0.9498744,0.96368194,0.9475425,0.9603635,0.938367,0.949833,0.9566681,0.9715555,0.9657907,0.9831712,0.952198,0.95642036,0.9626785,0.9474549,0.9587673,0.9431542,0.9466769,0.95531607,0.95556766,0.97928685,0.96028745,0.95516807,0.930956,0.9631451,0.96441865,0.95530504,0.9619537,0.9573026,0.9484277,0.9831712,0.93972194,0.9744183,0.96875125,0.95925415
aftermovie,0.95530915,0.95508754,0.9468207,0.9542624,0.9585827,0.95709646,0.9631892,1.0,0.978059,0.9495558,0.946409,0.9558279,0.9606244,0.9578246,0.94661224,0.9571438,0.95328325,0.9573157,0.948779,0.9414488,0.9530858,0.9513769,0.96678555,0.94970495,0.9536643,0.8737561,0.9520443,0.9540434,0.95982075,0.9328593,0.94435817,0.9552171,0.9518592,0.9537017,0.94091487,0.9126128,0.9664998,0.9509393,0.9476964,0.960041,0.9502504,0.9615999,0.94259584,0.9527974,0.96282256,0.95091885,0.9617629,0.94935775,0.9559378,0.9583121,0.96240455,0.9649492,0.9588525,0.9515176,0.95597214,0.9651134,0.9571777,0.96360344,0.94659585,0.9594344,0.9479902,0.9582548,0.95563036,0.9594545,0.9538827,0.95522535,0.9534751,0.9560008,0.95601374,0.956008,0.9690971,0.80160505,0.9389101,0.961975,0.9520919,0.9543154,0.90091413,0.95540094,0.94123137,0.942642,0.94964755,0.95742756,0.9630078,0.9437036,0.9558177,0.9547276,0.9542867,0.9608652,0.96273774,0.9503347,0.9601083,0.9690971,0.9592182,0.9538364,0.9654325,0.9313749,0.9559553,0.9585749,0.9537352,0.95882607,0.9501769,0.9549768,0.9466095,0.96778506,0.94630635,0.9588393,0.96715415,0.9537277,0.95420045,0.95444894,0.95167434,0.88857716,0.9647046,0.9054559,0.95397955,0.95240086,0.96077526,0.94483507,0.9670456,0.962108,0.95855343,0.95266294,0.96158123,0.95072025,0.95240635,0.965984,0.9629843,0.9511203,0.9514967,0.93414783,0.9486879,0.9490605,0.9602857,0.93490434,0.96536726,0.9391974,0.9483101,0.952921,0.968959,0.94646245,0.978059,0.95663506,0.9489845,0.9568338,0.9583446,0.9608432,0.94412696,0.94295925,0.9472226,0.9610864,0.957332,0.943862,0.94650507,0.9314806,0.9489449,0.96481997,0.9563862,0.9613134,0.9648616,0.94963056,0.978059,0.9475815,0.96912843,0.96622086,0.9542549
ahiddenlifefilm,0.97679734,0.9701751,0.97065604,0.9767082,0.974258,0.97964996,0.9831712,0.978059,1.0,0.96791697,0.9725641,0.9731911,0.9761311,0.9798904,0.9750849,0.9801468,0.9745512,0.97700095,0.9711835,0.968008,0.9753542,0.9723975,0.97783595,0.97273314,0.9704827,0.8893839,0.9630063,0.9750657,0.97476476,0.95637447,0.9608355,0.97359043,0.96401477,0.97047246,0.9635865,0.9455195,0.9826922,0.97147876,0.9743237,0.9768413,0.9731652,0.980904,0.96644765,0.9746709,0.9786743,0.9727096,0.9766033,0.97048354,0.9723012,0.9802835,0.98080885,0.98285836,0.970636,0.972375,0.9676024,0.97269845,0.96862,0.9811817,0.9695096,0.977172,0.9712183,0.9764629,0.97284794,0.98183477,0.97182536,0.9736752,0.96916485,0.97582287,0.9778688,0.97351694,0.98400843,0.8186336,0.9612045,0.977465,0.96625876,0.9680721,0.9229055,0.97623086,0.968822,0.9679861,0.97697526,0.9755089,0.9804928,0.9722504,0.97669315,0.97568005,0.97316056,0.97298574,0.98147297,0.96682125,0.97235364,0.98400843,0.9719093,0.9707515,0.98028266,0.96298045,0.97426236,0.97785014,0.97199225,0.97169465,0.9754708,0.96854204,0.96602505,0.97870845,0.9710558,0.97746223,0.9819855,0.971462,0.9688241,0.9659218,0.98089504,0.89959335,0.9741949,0.9307808,0.97645146,0.9724714,0.98114884,0.9667786,0.9844932,0.97877884,0.977266,0.9723613,0.97798437,0.9717008,0.97298944,0.97442305,0.97873133,0.9746792,0.9764076,0.95500326,0.97144735,0.96439934,0.9777325,0.9560311,0.97805405,0.95898783,0.96917146,0.9725156,0.98262686,0.97490174,1.0,0.9744276,0.9692337,0.9760144,0.9667716,0.9774914,0.96531224,0.96660066,0.97195494,0.9756185,0.9739545,0.9687409,0.9727553,0.95229864,0.9720141,0.97979474,0.97298086,0.9760216,0.9739813,0.9652352,1.0,0.96302414,0.9848752,0.97994214,0.972853
alitamovie,0.9522769,0.9434823,0.94209033,0.9397522,0.9579143,0.9482996,0.961658,0.9495558,0.96791697,1.0000004,0.9431239,0.9392371,0.95492613,0.9525435,0.9488576,0.9465565,0.93924785,0.9568035,0.9494897,0.93788356,0.9427637,0.93146074,0.94909424,0.94920135,0.9317748,0.84962004,0.94558597,0.9473704,0.93990344,0.932598,0.9328438,0.9438973,0.95006824,0.9380758,0.9298711,0.9108664,0.9539652,0.942167,0.9466951,0.939879,0.9501736,0.947035,0.92910135,0.9512,0.9567362,0.9465334,0.94728136,0.94075435,0.94157016,0.9523119,0.9461105,0.94708997,0.955694,0.9485151,0.93837667,0.9493963,0.9508317,0.95460904,0.9467506,0.9491665,0.94450444,0.9430556,0.93994343,0.9523873,0.9352857,0.9411833,0.94045216,0.94062674,0.95089084,0.9391752,0.9548334,0.78657246,0.9402305,0.95182174,0.9328586,0.93355936,0.8729527,0.95473504,0.9397141,0.941412,0.94472826,0.9512831,0.9483299,0.9438935,0.95443016,0.94679826,0.93503934,0.9479677,0.9527091,0.9438616,0.94451976,0.9548334,0.95315355,0.9513547,0.95019907,0.9386489,0.952082,0.95071775,0.9351332,0.9391813,0.95350677,0.9431752,0.9464335,0.9521762,0.96421635,0.946534,0.9509745,0.9366707,0.9398489,0.9269141,0.95324045,0.86567247,0.948424,0.8826045,0.9461525,0.94453245,0.9505995,0.92768353,0.94902736,0.9623986,0.9488542,0.9393224,0.9460956,0.93959206,0.93117785,0.9419388,0.94725555,0.93851966,0.95070595,0.9208046,0.93416184,0.9480001,0.9484728,0.9330995,0.95380044,0.9303647,0.93066615,0.94311273,0.9579595,0.94720745,0.96791697,0.93178093,0.93867975,0.9476255,0.9323512,0.9462519,0.92891514,0.9392516,0.9394473,0.94608206,0.9517665,0.9399646,0.95311785,0.9210486,0.93607944,0.95104057,0.9463269,0.9491068,0.9467867,0.9316147,0.96791697,0.9433733,0.95823103,0.9557347,0.94354755
angelhasfallen,0.9443897,0.9440732,0.9462763,0.95340085,0.94419473,0.95384157,0.9553007,0.946409,0.9725641,0.9431239,0.99999946,0.94661033,0.9471679,0.94740134,0.9511787,0.9584383,0.94265306,0.95204973,0.93584687,0.9417993,0.9443139,0.9512557,0.95364493,0.9455835,0.95058763,0.8634137,0.94203204,0.9517812,0.95763016,0.9269842,0.9308687,0.95155245,0.9533279,0.9469222,0.9359752,0.91331476,0.9538359,0.95134366,0.951307,0.9602778,0.9444983,0.9496032,0.94009274,0.9450041,0.95057356,0.93740284,0.952719,0.94770294,0.9492432,0.9532726,0.957771,0.9629473,0.9420221,0.9473336,0.9276364,0.94570166,0.9430517,0.95800257,0.95008504,0.9585641,0.94525737,0.9553905,0.9508587,0.9541707,0.9505734,0.95623136,0.9389123,0.95369357,0.96040887,0.9508236,0.9608525,0.7824004,0.93177766,0.95683414,0.9480626,0.9439861,0.89083993,0.9483522,0.9500936,0.94432366,0.97417337,0.9470653,0.9496484,0.94429064,0.949191,0.9473924,0.9510898,0.9508846,0.95588887,0.93780446,0.94925725,0.9608525,0.94279027,0.94768304,0.9538101,0.9510157,0.9546126,0.94883776,0.93999505,0.95163184,0.94441146,0.9437507,0.94376117,0.9575018,0.9423566,0.95392436,0.9611239,0.93724036,0.9414848,0.9472414,0.9580306,0.87267315,0.9494202,0.9017289,0.94466573,0.95355034,0.9554386,0.946725,0.9632813,0.9543508,0.95096254,0.95306414,0.9479943,0.94594616,0.9459737,0.9413517,0.95765054,0.94491196,0.9476051,0.91084754,0.9392273,0.93550557,0.9510833,0.9222947,0.9567516,0.93172127,0.9446668,0.9545556,0.9567341,0.9450154,0.9725641,0.952379,0.9435584,0.94684714,0.9433597,0.9514948,0.9462194,0.94462055,0.9394072,0.9525077,0.9446143,0.943829,0.94471645,0.9321995,0.9472311,0.9555184,0.9482748,0.95202315,0.95419765,0.9390052,0.9725641,0.9458564,0.9601431,0.95001626,0.9440791
angrybirdsmovie,0.9514293,0.9464898,0.94536686,0.95966536,0.95524883,0.9540575,0.9492132,0.9558279,0.9731911,0.9392371,0.94661033,1.0,0.9539638,0.95165753,0.9463629,0.96244115,0.9385835,0.9573764,0.9457631,0.9452239,0.945271,0.956209,0.9552026,0.9335358,0.9531548,0.8702538,0.93785244,0.9377237,0.96169454,0.93841326,0.93352306,0.949578,0.9445777,0.95847934,0.9436993,0.9259966,0.9571587,0.9474999,0.942006,0.94798225,0.93923336,0.95206267,0.9459713,0.9458039,0.94818044,0.94375336,0.9549106,0.9578052,0.94763714,0.95307565,0.96733254,0.95920736,0.95542496,0.94210196,0.9357571,0.9508716,0.93453896,0.9500223,0.950136,0.94258785,0.93997294,0.9467294,0.9515789,0.9525409,0.9455199,0.9375599,0.9443722,0.9440127,0.95654327,0.9588209,0.956334,0.80998355,0.93584096,0.9525672,0.9486705,0.9284471,0.9036322,0.94414586,0.9432549,0.94225705,0.95389897,0.94419557,0.95635015,0.9458309,0.96020424,0.9452091,0.93865466,0.9468853,0.9483603,0.9329228,0.9497642,0.956334,0.9478767,0.94139403,0.9587777,0.94016826,0.93610024,0.95658463,0.95221263,0.94932264,0.9417652,0.95115095,0.94632155,0.942992,0.9352321,0.96196806,0.95838434,0.9430667,0.954816,0.9547209,0.9522436,0.87794775,0.9502065,0.8948307,0.9462812,0.93562806,0.95819557,0.9452824,0.9549562,0.9468522,0.9543583,0.9375642,0.94501257,0.9534152,0.9453561,0.95334154,0.9533549,0.95397234,0.9546221,0.93513083,0.9469088,0.941955,0.9374593,0.91945654,0.9549981,0.9338665,0.95585674,0.95442045,0.96363527,0.94813555,0.9731911,0.9569398,0.93381464,0.95363677,0.9485033,0.95081675,0.9414987,0.93629926,0.9486015,0.95751035,0.9403954,0.93049884,0.9386874,0.918159,0.93893903,0.9518361,0.95329446,0.9602175,0.94846743,0.94095147,0.9731911,0.94186974,0.9595793,0.9611414,0.95673555
annabellemovie,0.95285326,0.9533068,0.941358,0.9532894,0.9521864,0.95173675,0.9560766,0.9606244,0.9761311,0.95492613,0.9471679,0.9539638,1.0000001,0.9606143,0.9551719,0.96030504,0.95626175,0.9566235,0.95204157,0.9494387,0.94839257,0.9491004,0.9599055,0.9511429,0.94845736,0.8551232,0.9384413,0.9545947,0.94677925,0.9425092,0.94622344,0.9572569,0.9418509,0.95306754,0.9409524,0.9159083,0.957251,0.9599543,0.94598687,0.95086294,0.9588518,0.9599662,0.9431597,0.9558288,0.9562619,0.94620025,0.9608453,0.9540333,0.9448575,0.95543957,0.95660716,0.95024765,0.9577033,0.9473975,0.9510773,0.94595104,0.95097715,0.9616638,0.9462947,0.9525659,0.9562613,0.95150346,0.95303714,0.964307,0.948347,0.9476085,0.9392286,0.94825405,0.95694566,0.9536957,0.9636351,0.7943541,0.940897,0.9593917,0.94721586,0.94294995,0.9083487,0.9552562,0.94340533,0.95595896,0.9507146,0.95045495,0.963709,0.9454806,0.95266086,0.95447487,0.9476392,0.9786731,0.9567354,0.9368308,0.9511279,0.9636351,0.949846,0.9414147,0.95799464,0.9403121,0.95145684,0.9586673,0.94217217,0.94889,0.94772905,0.9478217,0.9396461,0.9568627,0.9545271,0.9535708,0.957325,0.9456153,0.9502613,0.93602264,0.9536545,0.8625916,0.9424898,0.9038139,0.9480208,0.95068526,0.9614634,0.9442553,0.96279347,0.95351356,0.9642737,0.94323814,0.95161724,0.9424385,0.94694304,0.95765054,0.96429116,0.9467302,0.9562082,0.93258846,0.94593376,0.94795835,0.95803463,0.93210614,0.95409644,0.9393937,0.94658893,0.9423254,0.9610232,0.9496031,0.9761311,0.95136017,0.93486226,0.9521713,0.94392914,0.9449787,0.94186664,0.9516926,0.95269144,0.9525109,0.9526593,0.9396746,0.9509996,0.9241381,0.94329745,0.9616631,0.9582724,0.9557268,0.9502338,0.9396138,0.9761311,0.9401743,0.957952,0.9602967,0.9554283
annamovie,0.960725,0.9553633,0.9534816,0.95523345,0.9525223,0.9579743,0.9642039,0.9578246,0.9798904,0.9525435,0.94740134,0.95165753,0.9606143,0.99999976,0.9559563,0.96643865,0.9604067,0.9565669,0.95882195,0.94935334,0.9642779,0.9501418,0.9560893,0.96704733,0.9477807,0.86872005,0.93659174,0.9552655,0.95748585,0.94653285,0.94768757,0.95210946,0.94499433,0.9568289,0.95281637,0.933964,0.96382433,0.94932884,0.9567467,0.9596264,0.96188515,0.9639978,0.9482345,0.9569947,0.96175617,0.9640077,0.95532316,0.95227927,0.95781076,0.9637574,0.9651096,0.9605835,0.9618901,0.9531884,0.95457953,0.9490763,0.9522475,0.95713645,0.9449056,0.95699596,0.9584845,0.95949525,0.9575395,0.9787447,0.94327223,0.95368546,0.9559617,0.9553079,0.97007084,0.9544311,0.9630186,0.79887486,0.9495147,0.9599812,0.95139426,0.9534507,0.9014736,0.9621423,0.9498912,0.95320344,0.9512792,0.95829177,0.96652067,0.95921785,0.96623653,0.96327,0.9527921,0.9571697,0.9571311,0.94620097,0.9628503,0.9630186,0.9612811,0.9506001,0.9670321,0.94058955,0.9616725,0.95812833,0.95744324,0.9595796,0.95928556,0.9465894,0.9524222,0.95820916,0.9658987,0.9601737,0.9675719,0.95091987,0.95595604,0.9375321,0.96065784,0.8742285,0.9589566,0.91630304,0.9669178,0.9586061,0.9650441,0.9486535,0.9628873,0.96194434,0.95445734,0.95250833,0.9589779,0.9509147,0.9560822,0.9534002,0.968083,0.96532303,0.9560864,0.93630326,0.95392203,0.95243233,0.9589763,0.9301803,0.9579728,0.9481746,0.95066833,0.9516783,0.96195465,0.96470594,0.9798904,0.9504104,0.9497295,0.9572158,0.94697267,0.95629215,0.9435211,0.9582268,0.9505764,0.9600705,0.95891666,0.9569989,0.9586743,0.93656677,0.951403,0.958219,0.94804054,0.9605551,0.9595101,0.955121,0.9798904,0.95405686,0.96349734,0.9569952,0.96038806
apollo11movie,0.9528142,0.9379465,0.9429197,0.95645577,0.9466766,0.9615736,0.9607333,0.94661224,0.9750849,0.9488576,0.9511787,0.9463629,0.9551719,0.9559563,1.0000002,0.95990205,0.95156294,0.9530039,0.9473062,0.9663911,0.9459724,0.95021343,0.9517457,0.95296806,0.9519862,0.8781829,0.9329204,0.9548915,0.94837743,0.95093054,0.93557066,0.94870174,0.9352141,0.94864374,0.94158125,0.92255276,0.9651819,0.94973725,0.95671606,0.9489936,0.9582356,0.9593802,0.9431911,0.9547113,0.95620483,0.9471204,0.9521056,0.9372716,0.9485971,0.95624816,0.95330095,0.9620086,0.94430137,0.95016485,0.93830395,0.9488758,0.95134354,0.9679487,0.9464525,0.9518681,0.95990306,0.960875,0.9560221,0.95681626,0.95126885,0.953232,0.95308226,0.95517784,0.95332676,0.94336104,0.95893973,0.7826479,0.94040036,0.95790476,0.9436194,0.9411419,0.8968886,0.9594481,0.95028156,0.9454314,0.955486,0.94688,0.9549517,0.95032644,0.9465482,0.952461,0.95253634,0.9493024,0.9592382,0.9559478,0.94777286,0.95893973,0.9441966,0.947415,0.953021,0.9673586,0.95270604,0.94165593,0.9389765,0.9489564,0.95137274,0.9493495,0.94394374,0.958947,0.94846976,0.9491192,0.9530262,0.94277036,0.94222635,0.9371228,0.96152586,0.8810368,0.9452665,0.90699875,0.94442254,0.9468591,0.95728385,0.9426725,0.9613985,0.95651317,0.95668656,0.9516863,0.9532007,0.9426035,0.9517201,0.94796187,0.9532208,0.95164216,0.9506332,0.93083495,0.9405666,0.94230497,0.96794033,0.9379168,0.95324296,0.94436234,0.94811803,0.95535445,0.95671904,0.95232224,0.9750849,0.9492408,0.9425484,0.94849485,0.9477368,0.95531464,0.94431853,0.95214486,0.9524898,0.96310514,0.94828004,0.94687176,0.9469703,0.93458015,0.94621795,0.95771015,0.94408846,0.9529712,0.94655484,0.940004,0.9750849,0.9320054,0.95851076,0.95255506,0.9509469
arcticdogsmovie,0.9575257,0.96268046,0.95136356,0.9629138,0.95692617,0.9609299,0.961695,0.9571438,0.9801468,0.9465565,0.9584383,0.96244115,0.96030504,0.96643865,0.95990205,0.99999946,0.95376503,0.9632946,0.9554083,0.9491801,0.9616614,0.95417327,0.95930964,0.9506438,0.952786,0.883137,0.9441892,0.95501006,0.9617026,0.9395262,0.94645506,0.9572317,0.94515234,0.9605899,0.9426557,0.93817365,0.96672255,0.9541538,0.95666975,0.96090823,0.9551952,0.9598572,0.94320965,0.95100516,0.95973307,0.9599759,0.9602545,0.9575072,0.9609066,0.9578952,0.97131616,0.9670208,0.9553913,0.9480897,0.95467126,0.9569757,0.950965,0.9587165,0.95538616,0.95618707,0.95603293,0.9673615,0.96452737,0.9685644,0.9544918,0.94883865,0.95459837,0.95418006,0.96557117,0.9601744,0.96222323,0.81362945,0.95315564,0.9596682,0.95175314,0.9495122,0.9165608,0.9533345,0.94714564,0.95316964,0.95908177,0.9559768,0.96366364,0.95373565,0.9624929,0.96141326,0.9470844,0.95321107,0.9593874,0.9420746,0.95343477,0.96222323,0.95057297,0.947146,0.9656776,0.94991815,0.95729566,0.95940787,0.95900345,0.95083183,0.9622513,0.95168144,0.95053947,0.9577255,0.95093954,0.9661731,0.96327555,0.96499544,0.959055,0.94662833,0.9650319,0.8744782,0.9565793,0.91152996,0.9555438,0.9523013,0.9649257,0.9486818,0.9696711,0.9624132,0.960059,0.9529004,0.96371764,0.95536906,0.9533009,0.9514368,0.95870674,0.9641563,0.95436096,0.9323837,0.96158034,0.948272,0.96070194,0.93593836,0.95949274,0.9459029,0.950686,0.9606559,0.9618496,0.96544874,0.9801468,0.9590401,0.9543716,0.95247084,0.9458103,0.96079683,0.9501282,0.9464188,0.9471376,0.96407235,0.9527947,0.9424605,0.9652125,0.9278089,0.9448822,0.95985025,0.95428693,0.9556815,0.9586632,0.9423669,0.9801468,0.9515304,0.96705735,0.9605205,0.9640467
arcticmovie,0.95964444,0.94286627,0.9498141,0.95893323,0.95107013,0.9576769,0.96230656,0.95328325,0.9745512,0.93924785,0.94265306,0.9385835,0.95626175,0.9604067,0.95156294,0.95376503,1.0000004,0.95764637,0.95837563,0.9422603,0.9534191,0.9562544,0.9460115,0.95199704,0.95542616,0.88365376,0.9421713,0.9691618,0.95387846,0.9369858,0.94437546,0.9507417,0.9333065,0.9495956,0.9414479,0.92727435,0.96408826,0.9480586,0.9558481,0.9558166,0.9516471,0.9613331,0.94165874,0.95695215,0.948466,0.95251405,0.9494294,0.9416123,0.9511438,0.9617055,0.95954293,0.9554298,0.9451462,0.9570199,0.9443177,0.9565802,0.9513715,0.9602452,0.9489581,0.9537443,0.95523006,0.95947886,0.9416491,0.95990425,0.9520866,0.95093024,0.9456915,0.9530481,0.94892347,0.9486705,0.961279,0.8050825,0.944184,0.9570831,0.95093036,0.94913936,0.907162,0.9636402,0.95337725,0.9416142,0.95132655,0.9569133,0.9558785,0.95590883,0.9602432,0.9639453,0.9493197,0.9503402,0.96430296,0.95048606,0.95148784,0.961279,0.94648004,0.9501423,0.9621737,0.94321537,0.9507729,0.95106816,0.9523461,0.9477029,0.9582554,0.94584703,0.956557,0.9579755,0.94756293,0.9590191,0.95987016,0.9595753,0.9499249,0.94072413,0.96134853,0.8812416,0.94160885,0.9159811,0.94926816,0.9491291,0.95943403,0.9465931,0.95701855,0.96037024,0.9586322,0.9504952,0.9542719,0.95148,0.9567647,0.9587297,0.95673877,0.96118784,0.9539368,0.9457493,0.9474582,0.9354329,0.9727983,0.9478098,0.9503263,0.9396762,0.9472017,0.93903273,0.95701385,0.95703924,0.9745512,0.95314956,0.9545437,0.96126205,0.9356001,0.9516623,0.94505584,0.946248,0.9550331,0.9536652,0.9532305,0.9442931,0.94864637,0.94095683,0.94838065,0.95830566,0.95011413,0.9462775,0.9487986,0.9379235,0.9745512,0.9411046,0.95936495,0.9525436,0.95600563
artofracingmovie,0.954999,0.94050056,0.95159507,0.9567472,0.9767663,0.9587985,0.9689919,0.9573157,0.97700095,0.9568035,0.95204973,0.9573764,0.9566235,0.9565669,0.9530039,0.9632946,0.95764637,1.0000001,0.9532824,0.947835,0.95684534,0.9435278,0.94784766,0.94598794,0.94948,0.88326925,0.953815,0.9599784,0.9472708,0.93845683,0.9392356,0.95953417,0.94533074,0.9470109,0.93681717,0.92627966,0.9596565,0.9431016,0.95708954,0.95493174,0.95056456,0.9572566,0.9522621,0.958061,0.95752,0.9538912,0.9464209,0.95112455,0.9552759,0.96119875,0.95544916,0.96023536,0.9547141,0.94470656,0.94364065,0.97221756,0.94351476,0.95304626,0.9539878,0.95728874,0.94552493,0.9500495,0.94422036,0.9554805,0.94716495,0.9526266,0.9460346,0.95094156,0.96054435,0.9519962,0.9648269,0.8006822,0.9546575,0.9566211,0.9447917,0.93797255,0.90139604,0.95876473,0.94853264,0.9429966,0.9533747,0.9540035,0.9549865,0.94949067,0.9636889,0.9538947,0.9468536,0.9475783,0.9565175,0.9474225,0.94960994,0.9648269,0.9517691,0.94877434,0.9558415,0.94598186,0.95340055,0.957757,0.95539385,0.94926375,0.96143967,0.9475659,0.94942516,0.9516324,0.95441526,0.94803244,0.9578083,0.94995135,0.94732547,0.94550014,0.96821153,0.88353807,0.9538289,0.9077946,0.94840705,0.9403614,0.95078605,0.9422784,0.95962316,0.9630356,0.95077163,0.9429226,0.95188814,0.9541529,0.9565846,0.9509424,0.95811206,0.9501654,0.9669925,0.94093925,0.9541289,0.9635543,0.9521289,0.93347263,0.9541993,0.9389017,0.9402494,0.9523948,0.964855,0.97055215,0.97700095,0.94596297,0.95094913,0.9567083,0.93825346,0.9525192,0.9395556,0.9464,0.9422407,0.9498017,0.9518766,0.94764477,0.9482862,0.92695105,0.94473237,0.95839894,0.95097345,0.9585963,0.9548115,0.9372159,0.97700095,0.9432075,0.96857697,0.9590655,0.94814026
avengers,0.9761632,0.9412449,0.9515354,0.9418817,0.9570246,0.9483911,0.96162415,0.948779,0.9711835,0.9494897,0.93584687,0.9457631,0.95204157,0.95882195,0.9473062,0.9554083,0.95837563,0.9532824,0.9999999,0.93882513,0.9578187,0.9536361,0.94803274,0.9478001,0.9411741,0.8706762,0.9388966,0.9604326,0.95293725,0.94690996,0.96158254,0.9527167,0.9335063,0.9414225,0.94285893,0.92338675,0.95017993,0.9436952,0.9518496,0.9515121,0.95099986,0.95059687,0.93752116,0.9461698,0.9509763,0.94923687,0.94577414,0.9433495,0.95589453,0.952519,0.95532626,0.951006,0.9426206,0.9469707,0.947104,0.9493582,0.9429289,0.94998246,0.9389835,0.94899756,0.9519587,0.9443798,0.9455787,0.95644844,0.94206274,0.9509636,0.9480803,0.9455693,0.95106596,0.9399987,0.9560791,0.8086801,0.9440097,0.95936185,0.9407501,0.93993133,0.8995211,0.9477581,0.9393133,0.94652396,0.94327646,0.9478918,0.9575866,0.9526035,0.95543057,0.96340954,0.94831264,0.94515836,0.95623374,0.9385126,0.95355064,0.9560791,0.94238967,0.94450074,0.9502544,0.93936163,0.9521237,0.95820844,0.9546782,0.94355994,0.9480667,0.95074046,0.95166564,0.9544452,0.9564557,0.9511676,0.95312005,0.9477058,0.9485445,0.9365084,0.94877666,0.87712836,0.9462899,0.9099783,0.95639265,0.9467967,0.96006423,0.94532096,0.9564476,0.954898,0.9566842,0.94772804,0.951296,0.94350123,0.94572246,0.95296764,0.9550052,0.9606448,0.9506954,0.93890804,0.9529087,0.9347143,0.9543938,0.9413655,0.9480306,0.9430332,0.9451962,0.939768,0.95447624,0.95116377,0.9711835,0.9529253,0.9449718,0.9498168,0.93091047,0.9473874,0.94270396,0.947524,0.942412,0.94888675,0.9521162,0.93482673,0.9509799,0.9260805,0.95108485,0.9483511,0.9534968,0.9502213,0.946919,0.9441361,0.9711835,0.9398078,0.9551521,0.9557248,0.95178217
beachbummovie,0.93745714,0.92737424,0.9366867,0.9588226,0.9440394,0.95454466,0.94693696,0.9414488,0.968008,0.93788356,0.9417993,0.9452239,0.9494387,0.94935334,0.9663911,0.9491801,0.9422603,0.947835,0.93882513,0.9999998,0.94137204,0.95163435,0.94330364,0.9480517,0.94408965,0.8799286,0.93345505,0.9522396,0.9431447,0.947769,0.93498385,0.9433582,0.93082505,0.94306856,0.9338525,0.9210664,0.9595905,0.94246054,0.9439032,0.93764096,0.9405688,0.9533132,0.9313161,0.95268756,0.9391242,0.94299954,0.9447166,0.9391011,0.9441749,0.9541614,0.94416,0.95810634,0.93684703,0.94005007,0.9359457,0.942971,0.9442392,0.95818436,0.94267124,0.94244444,0.93931705,0.94736147,0.9440991,0.9449229,0.94251084,0.93482476,0.9534218,0.9555735,0.9436605,0.9511711,0.9544599,0.80991316,0.95053446,0.9582787,0.93847233,0.9304648,0.8875393,0.9463942,0.9372874,0.9378744,0.94814396,0.9341845,0.9509989,0.93859065,0.9413618,0.9350902,0.9427589,0.94606125,0.94789356,0.9482758,0.9406007,0.9544599,0.94305867,0.9386501,0.9488021,0.9532132,0.94096375,0.95972055,0.93948865,0.9412493,0.94040555,0.944013,0.9394277,0.94328773,0.9413699,0.94209313,0.95771736,0.9304758,0.9446087,0.93121535,0.9550548,0.8887375,0.9360472,0.9202964,0.93917024,0.93591315,0.94573295,0.93346125,0.95452875,0.9412425,0.94474727,0.9440702,0.94213676,0.9393974,0.9464341,0.9431051,0.94736683,0.94073325,0.9440978,0.9257291,0.9328527,0.92823195,0.955334,0.9347592,0.94666916,0.9415684,0.9443548,0.94909614,0.95544434,0.9519098,0.968008,0.94445974,0.9281439,0.93624437,0.9447201,0.94869274,0.94697356,0.93903834,0.9382919,0.95483553,0.94469666,0.9399792,0.93778056,0.9321688,0.9387741,0.9531289,0.93954265,0.95377034,0.9444263,0.9282488,0.968008,0.9242621,0.9528722,0.95027816,0.94393486
bernadettefilm,0.9669397,0.9522997,0.9479041,0.95510954,0.9569185,0.9534405,0.95930964,0.9530858,0.9753542,0.9427637,0.9443139,0.945271,0.94839257,0.9642779,0.9459724,0.9616614,0.9534191,0.95684534,0.9578187,0.94137204,0.9999997,0.9478946,0.94718736,0.9422399,0.94078326,0.8654366,0.9411982,0.9540194,0.94944805,0.94193655,0.94023097,0.94865537,0.931524,0.938427,0.9497329,0.9372796,0.9635468,0.95743847,0.9513283,0.9599033,0.95296884,0.95261216,0.9430797,0.9528473,0.9595003,0.95059127,0.9476228,0.94449216,0.95256,0.9573658,0.956042,0.95768535,0.9392724,0.9448802,0.9521008,0.9515982,0.9487841,0.9518056,0.9492454,0.9590452,0.94528854,0.95714456,0.9514165,0.95456934,0.9473516,0.9460499,0.9496619,0.9562136,0.95744616,0.9516145,0.9583811,0.84344447,0.9420928,0.9553029,0.9497223,0.945813,0.9082505,0.950525,0.947958,0.9448195,0.94950503,0.95142776,0.95078444,0.9628418,0.95771635,0.9552621,0.9540902,0.94786507,0.9600552,0.9435443,0.9538792,0.9583811,0.9497282,0.9433783,0.9540571,0.9296393,0.95691633,0.9561693,0.9509178,0.94131225,0.95382625,0.9458898,0.94012964,0.9586532,0.9504334,0.9527863,0.9586229,0.9504481,0.9420084,0.9384382,0.95555323,0.8617992,0.9602086,0.92938745,0.96826786,0.95829123,0.9665947,0.95050085,0.95986587,0.9530021,0.94808006,0.9498451,0.95847565,0.94879496,0.94428223,0.95205075,0.96054715,0.95639396,0.9582917,0.93154466,0.96570766,0.9408756,0.95545185,0.93493897,0.95831424,0.94479126,0.9434269,0.94567746,0.96064097,0.95404077,0.9753542,0.94599074,0.95340395,0.9535611,0.9372495,0.9562441,0.9411695,0.9543742,0.9461308,0.9493456,0.94992965,0.94848025,0.9601846,0.9276864,0.95399404,0.95124567,0.94546723,0.9410487,0.9532725,0.9509301,0.9753542,0.9381201,0.960091,0.94994277,0.94834095
