movie,21bridgesmovie,47metersdown,abeautifuldaymovie,abominablemovie,adastramovie,adogsjourneymovie,aftermathmovie,aftermovie,ahiddenlifefilm,alitamovie,angelhasfallen,angrybirdsmovie,annabellemovie,annamovie,apollo11movie,arcticdogsmovie,arcticmovie,artofracingmovie,avengers,beachbummovie,bernadettefilm,blackandbluemovie,blackchristmas,blindedbythelightmovie,bombshellmovie,booksmart,breakthroughmovie,brianbanksmovie,brightburnmovie,brittanyrunsmov,captainmarvelofficial,captivestatemovie,catsmovie,charliesangels,childsplaymovie,clarathefilm,coldpursuitmovie,countdown,currentwarmovie,darkwatersmovie,detectivepikachumovie,disneyaladdin,disneyfrozen,disneymaleficent,doctorsleepmovie,dolemiteismyname,dontletgomovie,doramovie,downtonabbey_official,dumbo,escaperoom,everybodyknowsmovie,fastandfuriousmovie,fightingwmyfam,fivefeetapartfilm,fordvferrari,freaksthefilm,geminimanmovie,glassmovie,gloriabellmovie,godzillamovie,goldfinchmovie,goodboysmovie,goodliarmovie,gretafilm,halathemovie,happydeathdaymovie,harrietfilm,hellboymovie,hersmellmovie,highlifemovie,highstrungmovie,honeyboymovie,hotelmumbaifilm,httydragon,hustlemovie,hustlersmovie,isntitromantic,itmovieofficial,jayandsilentbob,johnwickmovie,jojorabbitmovie,jokermovie,judythefilm,jumanjimovie,justmercyfilm,knivesout,lalloronamovie,lastblackmansf,lastchristmasthemovie,latenightmovie,lighthousemovie,lionking,littlethemovie,littlewomenmovie,littlewoodsfilm,longshotmovie,lordsofchaosmovie,lucyintheskyfilm,mamovie2019,marriagestory,meettheaddams,meninblack,midsommarmovie,midwaymovie,missbalamovie,missinglinkfilm,motherlessbklyn,onceinhollywood,onthebasisofsex,overcomermovie,peanutbutterfalcon,petsematarymovie,piercingmovie,playingwithfire,playmobilthemovie,pomsmovie,queenandslim,rambomovie,readyornotfilm,richardjewellfilm,rocketmanmovie,scarystoriesmovie,secretlifeofpets,serenityfilm,shaftmovie,shazammovie,spidermanmovie,spiesindisguise,starwars,stormboymovie,stubermovie,taosdfilm,teenspiritmov,terminator,theaeronautsmov,thebestofenemies,thedeaddontdie,thefarewell,thehighwaymen,thehummingbirdprojectfilm,theintrudermovie,theirishmanfilm,thekitchenmovie,thelegomovie,themustangfilm,thenightingalefilm,theprodigymovie,thesunisalsoastar,theupsidefilm,tolkienmovie,toystory,triplefrontier,uglydolls,uncutgems,underthesilverlake,usmovie,wavesmovie,whatmenwant,wonderparkmovie,wrinklestheclown,xmenmovies,yardiefilm,yesterdaymovie,zombieland
21bridgesmovie,0.9999996,0.951373,0.9492167,0.9601175,0.9519371,0.95436054,0.9611234,0.95670927,0.97954345,0.9395473,0.94258195,0.9499839,0.958917,0.95781785,0.960858,0.9546321,0.95189524,0.94921297,0.9700637,0.9469927,0.9522982,0.9551004,0.96135634,0.9617213,0.95103705,0.8061572,0.95201254,0.9581576,0.95072937,0.946401,0.955488,0.9574957,0.951236,0.9485283,0.9309723,0.9096344,0.95724344,0.9637753,0.96184915,0.9520651,0.9612269,0.96405333,0.9523536,0.96059096,0.9677684,0.9513215,0.96173483,0.95811903,0.9571689,0.96292144,0.955203,0.96320915,0.9522783,0.9641701,0.9532065,0.9517835,0.94006175,0.9671233,0.95972407,0.9453161,0.9536687,0.9502601,0.9583803,0.9492104,0.95331484,0.9522584,0.9573879,0.95562226,0.9516648,0.9416904,0.9576354,0.85622185,0.9436157,0.96394926,0.9387068,0.9410293,0.9228253,0.9552874,0.95398134,0.95388734,0.94239616,0.9559109,0.9645516,0.9556131,0.96124864,0.95871073,0.94831663,0.9579255,0.95319635,0.9568632,0.95448977,0.9576354,0.94252485,0.95065224,0.94166666,0.9652843,0.9362491,0.9657429,0.95940286,0.95716363,0.9522739,0.95603764,0.95448256,0.95639217,0.9486701,0.954781,0.9618568,0.95822936,0.9429792,0.94749564,0.9573599,0.84222895,0.95440626,0.88902986,0.95589244,0.96263707,0.9869289,0.95206314,0.9659417,0.95502245,0.9430017,0.95601064,0.9638014,0.9499859,0.9559061,0.94306177,0.955364,0.9474994,0.9460934,0.9399127,0.9474268,0.9610478,0.95499045,0.94062513,0.95616895,0.95490897,0.96785605,0.9560551,0.9607417,0.93656105,0.97954345,0.9580152,0.9526824,0.9527345,0.94328964,0.95497835,0.93815434,0.94565254,0.95485145,0.9659443,0.9592123,0.95385116,0.9610447,0.9422315,0.95126945,0.9602476,0.95062774,0.9666857,0.95691425,0.9579743,0.97954345,0.9450639,0.9594944,0.9653661,0.94852483
47metersdown,0.951373,1.0000001,0.9307284,0.9433734,0.9408795,0.938796,0.9453306,0.9472444,0.96613866,0.929594,0.93066746,0.9381909,0.93678606,0.9508074,0.94955987,0.94912475,0.9470073,0.94082147,0.94800687,0.9262866,0.9470296,0.9357589,0.93882483,0.9495978,0.9524419,0.79734474,0.9357043,0.94562405,0.930318,0.9292569,0.9466792,0.93888813,0.9361931,0.9266702,0.9304326,0.90137714,0.9323746,0.9328214,0.95747477,0.9395515,0.93397975,0.9495839,0.9308097,0.9458893,0.9459989,0.94900465,0.94352895,0.95149696,0.9451689,0.9497631,0.93857324,0.9516853,0.9399278,0.9401118,0.9394247,0.9293714,0.9325205,0.9498616,0.95340127,0.9402452,0.93228567,0.937168,0.9492103,0.932535,0.9466737,0.9419709,0.9486581,0.948173,0.9368786,0.93522197,0.94819325,0.8273948,0.92867243,0.94746286,0.92861885,0.9199163,0.9002099,0.944175,0.94451207,0.95087725,0.93539345,0.9394446,0.9384693,0.95698965,0.94625705,0.937354,0.93978727,0.95031625,0.9449439,0.9597311,0.9348317,0.94819325,0.93571067,0.9475838,0.9293696,0.9471192,0.94126576,0.94711876,0.9371049,0.9380178,0.93812656,0.9557416,0.93827885,0.94896454,0.9537408,0.9440953,0.95628065,0.93834704,0.93483126,0.9341994,0.9497875,0.8023419,0.93665177,0.85964185,0.9428049,0.93979675,0.94961846,0.9414628,0.9498157,0.94069046,0.9316607,0.9417275,0.9504521,0.92788815,0.9377247,0.94801986,0.9412239,0.9444511,0.94486666,0.9367405,0.93417215,0.94989926,0.9443294,0.92119646,0.94076306,0.9369776,0.9491249,0.9462728,0.9573152,0.94627213,0.96613866,0.94952285,0.94773006,0.93535733,0.9260609,0.9409959,0.908223,0.9225539,0.92948,0.9461052,0.95676893,0.9435824,0.9598345,0.93617177,0.92822266,0.94507164,0.93875504,0.95764345,0.9427864,0.9399978,0.96613866,0.94241875,0.9435708,0.94733983,0.9298093
abeautifuldaymovie,0.9492167,0.9307284,1.0000001,0.93940574,0.9438186,0.9450633,0.949811,0.95210785,0.97308046,0.93683654,0.9515343,0.9507316,0.94804066,0.9526399,0.9538931,0.95399994,0.9378946,0.94347465,0.9452066,0.9370673,0.95319504,0.9633467,0.94705063,0.94931304,0.9438378,0.83785564,0.95227295,0.93987644,0.9704493,0.9381536,0.9442477,0.9494948,0.94869316,0.94585955,0.937321,0.9243418,0.9555253,0.9373589,0.9430364,0.94634163,0.95882666,0.9468574,0.94982946,0.9421219,0.9682078,0.95591384,0.94950414,0.94475067,0.9437377,0.94913834,0.97129005,0.9606213,0.94441104,0.95447505,0.94060546,0.9404539,0.9510694,0.95255274,0.94496596,0.9603935,0.9566847,0.94230294,0.9606957,0.9537057,0.95885307,0.96031827,0.94505256,0.9595345,0.9446822,0.948382,0.9639501,0.8592712,0.94100004,0.9554727,0.9451876,0.93910235,0.9386241,0.95365775,0.94075274,0.94381756,0.9508587,0.94140047,0.9557661,0.9469665,0.9611007,0.9465361,0.9389478,0.95688754,0.9586464,0.94728816,0.9521543,0.9639501,0.9483574,0.9540824,0.9584805,0.9502064,0.9435923,0.9513766,0.9542482,0.9591869,0.9585385,0.95321995,0.95708984,0.95841813,0.9514492,0.96321785,0.9607453,0.9566085,0.95589906,0.93459636,0.95633024,0.866311,0.9533745,0.900857,0.9516627,0.951982,0.952582,0.94609004,0.96071255,0.9528456,0.94225174,0.9507207,0.9476512,0.9297997,0.9529971,0.9565029,0.9540716,0.9552241,0.95212775,0.93559694,0.93964785,0.95838237,0.947224,0.92726487,0.9435078,0.95105606,0.9538252,0.9417318,0.95989937,0.9410267,0.97308046,0.95721024,0.9521859,0.9523481,0.9366579,0.9473197,0.93521184,0.94531065,0.9506303,0.9448133,0.93542206,0.9694835,0.9412714,0.9278302,0.95514345,0.95424074,0.9410092,0.9537744,0.94869214,0.9510508,0.97308046,0.9386572,0.94684726,0.95088553,0.96431106
abominablemovie,0.9601175,0.9433734,0.93940574,1.0000001,0.93925184,0.93782336,0.9575695,0.9581628,0.9693006,0.9265703,0.93967503,0.9431388,0.9550096,0.94530594,0.9494357,0.94331306,0.9384718,0.9447255,0.94969046,0.9264037,0.94509566,0.9413614,0.9459198,0.9527351,0.9369071,0.8195031,0.93916357,0.94040936,0.9436178,0.93264264,0.9427447,0.95212454,0.9326414,0.93280804,0.9329116,0.89952666,0.95052916,0.94615304,0.95186347,0.94224596,0.946074,0.96090543,0.93672305,0.9557941,0.95894074,0.94179195,0.9548372,0.9464645,0.94525236,0.95890677,0.9463779,0.94746184,0.93981886,0.9432235,0.9449824,0.93689775,0.9373748,0.9560302,0.96775275,0.9325613,0.9477309,0.9496827,0.9553038,0.93295443,0.928802,0.94261694,0.9498538,0.9400373,0.9372474,0.93988776,0.94307476,0.81618387,0.9339305,0.9559484,0.94849634,0.92874753,0.9270471,0.9439342,0.944615,0.94391537,0.95293754,0.95571226,0.96003723,0.94698644,0.95422053,0.9458219,0.9521832,0.95205855,0.9384995,0.94809765,0.94535863,0.94307476,0.94599766,0.94471717,0.93762976,0.9549834,0.9298323,0.9477954,0.9530941,0.9475313,0.94802135,0.9471426,0.9399317,0.943565,0.94220126,0.939055,0.9570231,0.9390498,0.94112563,0.9310989,0.9483323,0.81911355,0.9522806,0.88131154,0.94745445,0.94729865,0.953633,0.9417391,0.9593929,0.95500064,0.9262811,0.95746005,0.9423991,0.9401178,0.94308764,0.93781734,0.94093794,0.93968576,0.9299281,0.9337003,0.9352142,0.9330252,0.9432758,0.93554324,0.9511361,0.94022435,0.94916016,0.9384651,0.95534927,0.9345286,0.9693006,0.94267267,0.9482776,0.94365007,0.9456261,0.9402674,0.9242374,0.94242734,0.9422704,0.9434853,0.95397717,0.9381618,0.94965345,0.9231916,0.94562715,0.9430217,0.9361589,0.95017993,0.95440805,0.95300984,0.9693006,0.93961424,0.955902,0.94781494,0.93948424
adastramovie,0.9519371,0.9408795,0.9438186,0.93925184,0.9999995,0.94780415,0.95433044,0.95383465,0.97617936,0.9603865,0.96090436,0.9449706,0.9447033,0.9524894,0.9600396,0.95266956,0.9574369,0.9736343,0.9525494,0.93977815,0.9418261,0.9393178,0.9592447,0.96377814,0.9485225,0.80086607,0.9572056,0.95762634,0.9426072,0.9408906,0.9509619,0.9477953,0.9597173,0.9419867,0.9273897,0.9139774,0.9520773,0.9428045,0.96136427,0.9423367,0.9550445,0.9520529,0.95567274,0.949174,0.9629656,0.9506267,0.95618445,0.9518897,0.9523185,0.94925547,0.95290124,0.9505634,0.95191985,0.9369454,0.9369236,0.9704805,0.93963665,0.9522547,0.9502509,0.93754077,0.94074297,0.9555142,0.9623894,0.9430538,0.94330883,0.95579785,0.95938504,0.93083113,0.94727945,0.93393785,0.9519728,0.83327585,0.92140627,0.95680445,0.93689966,0.9380632,0.9250451,0.9510763,0.9591865,0.9458229,0.9473313,0.9454727,0.94971585,0.9497669,0.94855815,0.94082826,0.94134307,0.9562191,0.94935024,0.94989103,0.95478135,0.9519728,0.95372254,0.9525124,0.9345252,0.96015316,0.94598305,0.954082,0.9449448,0.9410756,0.95012367,0.9590015,0.9500716,0.9491922,0.94134116,0.9446238,0.9537141,0.9527235,0.9329094,0.9386682,0.9515142,0.8045488,0.9542177,0.87170273,0.9544726,0.9512031,0.9596206,0.9465078,0.9539593,0.9528814,0.9454451,0.9594481,0.9670688,0.9255762,0.9660128,0.95485795,0.9569885,0.9520835,0.9661007,0.94088125,0.9465245,0.96652895,0.95123774,0.9391266,0.9555062,0.9503979,0.9597103,0.9416822,0.95759684,0.94405854,0.97617936,0.94700605,0.9598857,0.93371516,0.93550235,0.95457375,0.93520695,0.9328992,0.944661,0.9583555,0.9542709,0.9546244,0.94790775,0.9207821,0.9405033,0.9492005,0.94319624,0.95459497,0.96361524,0.9479338,0.97617936,0.9519854,0.9699935,0.95808375,0.9400163
adogsjourneymovie,0.95436054,0.938796,0.9450633,0.93782336,0.94780415,1.0000001,0.9538952,0.95595044,0.9681019,0.9286228,0.94413364,0.9333618,0.94376475,0.95647746,0.95153326,0.9355549,0.94245076,0.9373894,0.9392821,0.9312105,0.9429768,0.9451016,0.9659486,0.9534527,0.9419497,0.85591584,0.93614346,0.9391998,0.9435527,0.93139035,0.93294704,0.9354382,0.9486224,0.938143,0.92451113,0.8968103,0.9426653,0.9396305,0.95537186,0.9356843,0.9593093,0.95058024,0.9540681,0.957803,0.9588168,0.9417207,0.9641766,0.9462396,0.9467185,0.96039796,0.9461866,0.94966656,0.94316024,0.9460973,0.92837787,0.94007933,0.9323803,0.9456025,0.9443268,0.93880975,0.94821095,0.9327544,0.9570797,0.94890994,0.93718773,0.9561555,0.95069104,0.9425398,0.94132817,0.9410507,0.9447057,0.8586963,0.92074597,0.9555539,0.936726,0.94677114,0.92196447,0.9586353,0.9482801,0.95553595,0.9217983,0.9446468,0.9526885,0.94842064,0.94864786,0.94122547,0.9420682,0.93688333,0.94124705,0.94308156,0.947932,0.9447057,0.9401637,0.94038486,0.9335974,0.9514171,0.9444259,0.9495256,0.94130224,0.95207834,0.9410589,0.9487991,0.94715804,0.94829184,0.94374275,0.94111925,0.9401791,0.9531316,0.9281429,0.9358654,0.9461281,0.8453508,0.9384422,0.8649894,0.94300276,0.9453369,0.9564754,0.94858533,0.95150274,0.951439,0.95084614,0.9403515,0.954038,0.9665213,0.9444541,0.9432015,0.94427806,0.9385664,0.9525714,0.9357771,0.93759584,0.9538203,0.9371406,0.92372406,0.9464567,0.94731754,0.9504578,0.94586766,0.9467779,0.9198654,0.9681019,0.9431246,0.94508266,0.94854784,0.9366329,0.94313955,0.92600787,0.92931706,0.94934225,0.9522223,0.95471597,0.9442679,0.94691044,0.9163081,0.93472856,0.9382461,0.96208155,0.9500492,0.9473288,0.9318351,0.9681019,0.9410015,0.953134,0.96463263,0.9394824
aftermathmovie,0.9611234,0.9453306,0.949811,0.9575695,0.95433044,0.9538952,0.99999976,0.9610215,0.9809074,0.9436817,0.9532752,0.94929606,0.9565841,0.96085167,0.9662602,0.94781375,0.9409604,0.9574942,0.9574937,0.9448871,0.9570898,0.9623222,0.9615378,0.9669813,0.96208817,0.83322537,0.95127344,0.95269185,0.9526262,0.95341885,0.954377,0.95644665,0.96123576,0.94934416,0.9383155,0.9168394,0.95657086,0.95288956,0.9655268,0.9548215,0.9623692,0.96098655,0.9484144,0.9632827,0.9674779,0.95251524,0.9618562,0.9591795,0.9553752,0.96196526,0.95958024,0.9658204,0.9591626,0.96741307,0.95399946,0.94735026,0.95671934,0.95813364,0.9544288,0.94899255,0.9603809,0.9560998,0.96591353,0.9569578,0.95700884,0.9640173,0.9557999,0.9520527,0.9551888,0.9428628,0.95096266,0.8556315,0.9392051,0.96872914,0.95502853,0.9519986,0.9306617,0.9579562,0.95166236,0.95975244,0.95408124,0.97843546,0.96780944,0.95791125,0.965369,0.9543013,0.9519571,0.9602852,0.94525725,0.96452713,0.9615921,0.95096266,0.952774,0.9546623,0.9542577,0.9660536,0.9539952,0.95897454,0.97214884,0.9635468,0.9561288,0.96648496,0.9453304,0.9559788,0.954317,0.9607769,0.9603472,0.9579607,0.9474631,0.9436308,0.9665717,0.837278,0.95487255,0.89185226,0.94780505,0.96181315,0.9662635,0.95850587,0.97194135,0.9909033,0.9547771,0.96161073,0.9634951,0.9505446,0.96237093,0.95228535,0.9570491,0.94868875,0.95365906,0.9337044,0.93831164,0.9551589,0.9491849,0.9355531,0.9528732,0.95674366,0.95890665,0.9606877,0.9581404,0.9444586,0.9809074,0.9580009,0.95966196,0.9556602,0.95538443,0.95704824,0.94828755,0.9485321,0.9569914,0.9633847,0.97921336,0.9457947,0.95522344,0.9330821,0.94776666,0.9510176,0.95658934,0.95845646,0.95376545,0.95956516,0.9809074,0.9457139,0.9696195,0.9709878,0.95071733
aftermovie,0.95670927,0.9472444,0.95210785,0.9581628,0.95383465,0.95595044,0.9610215,1.0000001,0.9792015,0.93126315,0.9521544,0.9547577,0.9560026,0.95770746,0.95922583,0.948178,0.9489249,0.9504518,0.9488521,0.9454548,0.95976704,0.95718235,0.96079326,0.9581053,0.95089257,0.8317983,0.94522595,0.95259696,0.96157604,0.9321691,0.9457854,0.9537153,0.94377655,0.95179516,0.9344936,0.9238881,0.9537438,0.9501028,0.9599938,0.9459747,0.960018,0.9634339,0.9473577,0.9567651,0.9678132,0.9566706,0.9629248,0.95537347,0.957282,0.9612816,0.9627335,0.95726013,0.95476156,0.9593155,0.9541478,0.9509151,0.94529104,0.9683432,0.9667247,0.9462727,0.9580507,0.9506116,0.9576759,0.95212126,0.9447859,0.95706075,0.95746195,0.9512822,0.94931304,0.945983,0.9522041,0.8498038,0.94842285,0.96393794,0.94948757,0.94385433,0.933716,0.95502794,0.9602504,0.9628155,0.94799775,0.9578443,0.96136636,0.9518452,0.95938396,0.952487,0.95123565,0.95872825,0.9529904,0.952682,0.9593081,0.9522041,0.9557548,0.94920576,0.94691163,0.9544587,0.9480845,0.967104,0.948972,0.962903,0.9578861,0.9537747,0.9526336,0.95544124,0.9478195,0.9585302,0.9696197,0.957096,0.94950765,0.93645096,0.96068555,0.8397791,0.960224,0.89481837,0.96011764,0.9516277,0.9620338,0.9540619,0.9573268,0.9558689,0.9417116,0.9607953,0.95547366,0.95206577,0.94959,0.9501224,0.9553113,0.9493123,0.9498859,0.940809,0.9386905,0.95290095,0.9500562,0.93887854,0.9554507,0.94715,0.9632781,0.9520917,0.96308714,0.9525243,0.9792015,0.9552552,0.9554766,0.95876324,0.9593171,0.95633465,0.9445107,0.9480009,0.95643073,0.9594696,0.9595403,0.9553055,0.96241784,0.92803925,0.94476384,0.94939846,0.95464927,0.9578703,0.9670591,0.95516634,0.9792015,0.9456444,0.9655572,0.96301293,0.95493335
ahiddenlifefilm,0.97954345,0.96613866,0.97308046,0.9693006,0.97617936,0.9681019,0.9809074,0.9792015,1.0000001,0.9598872,0.97420144,0.9689972,0.97310406,0.97719586,0.98163295,0.9726885,0.9724745,0.9737569,0.9770401,0.96335244,0.97506744,0.97240496,0.97920513,0.98181915,0.972348,0.8410639,0.9700499,0.9738386,0.9737927,0.9638803,0.9766468,0.9728364,0.970812,0.9651928,0.9533626,0.9397633,0.9769513,0.9689676,0.97852075,0.96869224,0.97912294,0.976846,0.9712441,0.97390014,0.98583305,0.97562724,0.97934103,0.9735548,0.974496,0.97639865,0.9779924,0.98166835,0.9717126,0.9790955,0.9684175,0.96820474,0.96738595,0.98026806,0.97923875,0.9719551,0.97318065,0.9719027,0.97973806,0.9719819,0.9737723,0.97715443,0.9760568,0.97262895,0.9703519,0.9632021,0.9787731,0.8607947,0.9599537,0.98194426,0.96584725,0.95862323,0.94798553,0.9747786,0.9714959,0.9711825,0.9729381,0.97373366,0.9787395,0.9753988,0.97979337,0.9696419,0.9650509,0.9784149,0.97470784,0.9750217,0.9749642,0.9787731,0.9683782,0.97423875,0.9669463,0.9814897,0.9664322,0.97884595,0.97221553,0.97728306,0.9782471,0.9754324,0.9714483,0.97692144,0.97004545,0.97574145,0.9815795,0.9781942,0.9643045,0.96375626,0.9782837,0.8433358,0.9771842,0.9064825,0.9776762,0.9781629,0.9837701,0.97226566,0.9815474,0.9787213,0.9670631,0.9780397,0.9797061,0.9588814,0.97909117,0.97553027,0.9716878,0.96916807,0.9725841,0.95839703,0.9650992,0.9776704,0.9749384,0.95859784,0.97573274,0.9728139,0.98046696,0.9726904,0.98453957,0.96666276,1.0000001,0.97486794,0.9799226,0.96956694,0.9660453,0.97410023,0.96019894,0.96006584,0.9739925,0.97734123,0.97525704,0.9750875,0.97788304,0.94896805,0.9695545,0.9744489,0.9700396,0.97951823,0.978185,0.97646904,1.0000001,0.96476287,0.9838646,0.98409677,0.97126013
alitamovie,0.9395473,0.929594,0.93683654,0.9265703,0.9603865,0.9286228,0.9436817,0.93126315,0.9598872,1.0000001,0.93145174,0.9319608,0.9364665,0.9474755,0.94415426,0.9413691,0.95309776,0.9473615,0.94433326,0.928476,0.9255549,0.9345035,0.93557423,0.94178843,0.9303976,0.7830714,0.9448716,0.94401276,0.9278857,0.92821693,0.93462515,0.94319123,0.93920004,0.92530316,0.9140381,0.89841723,0.93267465,0.9211759,0.94550115,0.93358123,0.93370545,0.9384423,0.92997754,0.9355768,0.9446307,0.935568,0.9259807,0.93117183,0.9360775,0.9363903,0.9425367,0.94208205,0.94310915,0.9294476,0.9126174,0.9421641,0.9265252,0.94265103,0.9332066,0.93780303,0.9371349,0.9330112,0.9461722,0.9383663,0.93408567,0.93748957,0.93750495,0.9349512,0.9302284,0.9301845,0.947806,0.8501423,0.8993265,0.94783086,0.9197519,0.92130667,0.9061496,0.9364036,0.93870723,0.9227708,0.92723274,0.9376986,0.93938565,0.94237614,0.9385454,0.92491275,0.9232994,0.94204754,0.9490761,0.9394847,0.93251497,0.947806,0.9313249,0.9368062,0.92707425,0.94031525,0.92526925,0.93079907,0.9426154,0.93158305,0.9305719,0.94030064,0.9393292,0.94405806,0.9572859,0.9346105,0.93350923,0.94447494,0.9230879,0.922947,0.9353234,0.7994961,0.93836576,0.84958136,0.9387485,0.9321187,0.94155383,0.9322805,0.9486067,0.9407951,0.94610286,0.94180036,0.94474417,0.9054902,0.9459651,0.93820095,0.94144446,0.9400049,0.9455394,0.92366225,0.92595255,0.94647884,0.93967813,0.9134083,0.9425771,0.9342351,0.9446772,0.9316556,0.9496792,0.931409,0.9598872,0.93648505,0.94836056,0.926145,0.91759354,0.9484831,0.92993516,0.91715705,0.93706214,0.93379205,0.9359308,0.9315743,0.92377466,0.9300382,0.9365711,0.9453131,0.9186829,0.9445089,0.93837714,0.935065,0.9598872,0.9376483,0.9428708,0.93817407,0.9374999
angelhasfallen,0.94258195,0.93066746,0.9515343,0.93967503,0.96090436,0.94413364,0.9532752,0.9521544,0.97420144,0.93145174,0.99999976,0.9461877,0.94571024,0.9455885,0.96142244,0.9454497,0.9571281,0.9555423,0.95077556,0.9524991,0.9516985,0.94636047,0.9559496,0.9571054,0.94906795,0.8573153,0.9454794,0.953826,0.94952625,0.9419924,0.95925015,0.94534874,0.95795584,0.9374888,0.9212809,0.9183524,0.9594621,0.9370327,0.9548234,0.9444012,0.9569951,0.9381726,0.9495112,0.938526,0.95808434,0.9492903,0.95614326,0.954371,0.946292,0.94019395,0.95856977,0.94773084,0.94882035,0.9477246,0.9432533,0.94056004,0.9611483,0.94966877,0.9646629,0.95253,0.95134795,0.9509543,0.9605374,0.9514406,0.94397503,0.9677763,0.9543618,0.94082975,0.95797867,0.94579035,0.96072966,0.8120919,0.93243617,0.9584322,0.9570239,0.95542645,0.93894374,0.95580816,0.95371354,0.9421887,0.96622604,0.9445933,0.9529716,0.9502101,0.95298964,0.9555483,0.9352044,0.9562553,0.95566857,0.9432569,0.9565642,0.96072966,0.9403576,0.9492545,0.9562396,0.9696014,0.9617874,0.9633703,0.95006675,0.95006675,0.9569332,0.9495213,0.94267213,0.96304643,0.9423208,0.952999,0.9564255,0.9475471,0.9387176,0.94169235,0.9392998,0.8268219,0.95375156,0.88809997,0.95537466,0.9690986,0.9534641,0.9530018,0.9570749,0.9526546,0.9484434,0.95829546,0.9594288,0.9239067,0.96693355,0.9580009,0.94671637,0.9532012,0.9573246,0.9295662,0.9508089,0.9536244,0.9542296,0.9340041,0.9592647,0.9497728,0.9550035,0.9398325,0.9622587,0.9427625,0.97420144,0.94519174,0.95775676,0.93993616,0.93819225,0.9468815,0.94798666,0.9281963,0.9486852,0.9586746,0.9470976,0.95478845,0.95411605,0.9199161,0.9553583,0.9448598,0.9519487,0.95428723,0.9616333,0.9482818,0.97420144,0.94448906,0.9666159,0.9602792,0.94918764
angrybirdsmovie,0.9499839,0.9381909,0.9507316,0.9431388,0.9449706,0.9333618,0.94929606,0.9547577,0.9689972,0.9319608,0.9461877,0.99999994,0.947577,0.94310814,0.95206344,0.9389296,0.93920237,0.93973404,0.95045197,0.94335407,0.94239044,0.9565535,0.9445651,0.95143425,0.9488561,0.81416315,0.9355272,0.9308134,0.95759875,0.9273967,0.9457839,0.9486794,0.9376726,0.9536639,0.9134973,0.91041636,0.94753057,0.92723525,0.94564295,0.9349526,0.9482742,0.9434282,0.944393,0.93651694,0.9538,0.9486128,0.9473397,0.9525304,0.94887936,0.9397103,0.97533995,0.9496372,0.9545542,0.9586426,0.9383582,0.93182015,0.94331604,0.9546558,0.951348,0.9394638,0.93976414,0.93322057,0.9488162,0.9360212,0.94563663,0.9426671,0.93712705,0.9457372,0.9412516,0.94003296,0.9408998,0.8397936,0.9311345,0.9482225,0.93322444,0.9214955,0.91179776,0.9362772,0.9426742,0.9488296,0.9439835,0.94382083,0.95357877,0.937749,0.9659437,0.9397926,0.931565,0.950851,0.93285835,0.94669664,0.9379817,0.9408998,0.94771206,0.94170094,0.95993453,0.9490163,0.94087744,0.96175516,0.9467992,0.9485087,0.95384425,0.9487546,0.94991034,0.9414873,0.9407426,0.972374,0.9600911,0.94362444,0.95483315,0.94448036,0.9509962,0.81529135,0.94289196,0.8793845,0.9415533,0.94906497,0.9484378,0.93879867,0.94987434,0.947434,0.9392058,0.9463736,0.95362085,0.92481756,0.9425439,0.9406705,0.9400229,0.9680095,0.94311357,0.9420574,0.9260374,0.95752627,0.94443583,0.9343254,0.9438645,0.93146485,0.95016366,0.94052255,0.9558341,0.935952,0.9689972,0.9559905,0.9481557,0.94090736,0.94573903,0.94334537,0.9265727,0.93267834,0.9417713,0.9452679,0.9456611,0.94623053,0.9535154,0.9167962,0.9355915,0.941203,0.92797196,0.95508194,0.94088644,0.948789,0.9689972,0.9310322,0.95011586,0.94815546,0.9522067
annabellemovie,0.958917,0.93678606,0.94804066,0.9550096,0.9447033,0.94376475,0.9565841,0.9560026,0.97310406,0.9364665,0.94571024,0.947577,1.0000005,0.9590569,0.95812976,0.9526355,0.9441205,0.9453664,0.953946,0.9413833,0.9511812,0.9513786,0.9574369,0.9518252,0.9445874,0.81588227,0.93533933,0.9475008,0.95234585,0.9382985,0.94990283,0.95494634,0.94475657,0.94025797,0.9347222,0.9267971,0.94829625,0.96285987,0.9569783,0.9493328,0.9602475,0.9597281,0.9545256,0.9553975,0.96288973,0.9530098,0.95822376,0.94934493,0.9438953,0.9565423,0.9567148,0.95415634,0.9431832,0.95180494,0.9466742,0.93454176,0.9301539,0.9553462,0.9488707,0.93943286,0.9628009,0.93528485,0.9535608,0.96155345,0.9491594,0.95249087,0.94163257,0.9484215,0.93359303,0.9375498,0.9482463,0.85052806,0.9357772,0.9587691,0.9461425,0.9293142,0.92621857,0.9452424,0.9450733,0.9457217,0.9490138,0.9531494,0.96248186,0.9540769,0.9662839,0.9443661,0.94467,0.96880704,0.9526133,0.94819325,0.94912237,0.9482463,0.9428791,0.9564628,0.94272155,0.9597497,0.92552376,0.95342296,0.94278824,0.95731235,0.9527145,0.94348615,0.9473785,0.9478714,0.94560945,0.9511622,0.95582587,0.960541,0.94221354,0.9456319,0.9514638,0.8407255,0.95347273,0.90141433,0.9524814,0.9464352,0.9616887,0.9556896,0.96016264,0.95414567,0.94784576,0.9530076,0.95195794,0.931839,0.95312977,0.9468583,0.9546478,0.9466171,0.941672,0.9356989,0.9418298,0.9593608,0.95227355,0.9433193,0.9501017,0.947409,0.95321465,0.9485573,0.9585938,0.94542825,0.97310406,0.95018613,0.955615,0.9576446,0.94377905,0.94255936,0.93527716,0.94929826,0.962484,0.95259756,0.9518427,0.9397572,0.9486125,0.9158987,0.9454686,0.94943196,0.95050144,0.95072937,0.95984507,0.9515427,0.97310406,0.9425864,0.9530229,0.9607276,0.9508088
annamovie,0.95781785,0.9508074,0.9526399,0.94530594,0.9524894,0.95647746,0.96085167,0.95770746,0.97719586,0.9474755,0.9455885,0.94310814,0.9590569,0.9999999,0.9555716,0.94603944,0.9517188,0.9504988,0.9630478,0.93912023,0.94796216,0.94628227,0.96285236,0.9561901,0.9582567,0.80141085,0.9422572,0.948154,0.95095783,0.94322574,0.9512918,0.94698745,0.9464066,0.941952,0.93365335,0.91388446,0.95157063,0.948909,0.9656956,0.9396006,0.95870745,0.96013385,0.9592082,0.95417166,0.9666225,0.95121676,0.964194,0.9576852,0.9526804,0.9578662,0.9539749,0.95928097,0.94206154,0.9566456,0.9414814,0.9402473,0.9387465,0.9564117,0.9498465,0.957775,0.9573629,0.9421366,0.95919627,0.97631794,0.9527484,0.9581348,0.96365404,0.9458331,0.9506293,0.94281024,0.9616011,0.85544026,0.93750393,0.95668834,0.94281846,0.927497,0.91883016,0.9483183,0.95418435,0.95312536,0.9447487,0.94745946,0.9572648,0.9624458,0.9534878,0.9487915,0.9381536,0.95686865,0.9556147,0.95671207,0.9440444,0.9616011,0.9410903,0.94754726,0.94040096,0.9615054,0.94708383,0.95854926,0.9450585,0.96441144,0.95546097,0.95573425,0.9557727,0.9588413,0.965896,0.9561433,0.9518734,0.9624836,0.94321805,0.93875223,0.9563316,0.8331551,0.952924,0.88606054,0.9477728,0.95646906,0.96033907,0.9537732,0.9597366,0.9600185,0.9555526,0.9578946,0.96130246,0.9436774,0.94967294,0.95718676,0.953392,0.9444154,0.9526506,0.94310606,0.94221336,0.9538107,0.9448875,0.9393601,0.95358676,0.9510091,0.9579964,0.95384717,0.96604973,0.95003074,0.97719586,0.9491232,0.95975405,0.95878613,0.94117236,0.9505529,0.9370531,0.93710554,0.95800203,0.9495772,0.9587821,0.9480254,0.9616714,0.932955,0.95544064,0.9560264,0.9575486,0.96093106,0.9497182,0.9546971,0.97719586,0.95575655,0.95130354,0.9693935,0.9496485
apollo11movie,0.960858,0.94955987,0.9538931,0.9494357,0.9600396,0.95153326,0.9662602,0.95922583,0.98163295,0.94415426,0.96142244,0.95206344,0.95812976,0.9555716,1.0000004,0.9550226,0.9567888,0.95883375,0.9624988,0.9679752,0.9537729,0.95640415,0.96888775,0.9604987,0.95744455,0.81369996,0.94968957,0.96062636,0.95558256,0.9581981,0.96356124,0.9622791,0.95634586,0.9505638,0.9272607,0.9192988,0.96684086,0.94926816,0.9630673,0.96009487,0.9602377,0.9637317,0.9636601,0.9627088,0.9656477,0.9580828,0.9642256,0.9598125,0.9554909,0.96326095,0.96224695,0.96869344,0.9524581,0.96089596,0.94757885,0.9587251,0.95291066,0.9630005,0.95828384,0.95460814,0.9583693,0.95114106,0.966827,0.95283586,0.965261,0.95986724,0.96012515,0.9576497,0.9557476,0.93716425,0.96534216,0.84679896,0.94346553,0.9643249,0.9500419,0.94091874,0.9335182,0.95686656,0.95651734,0.95544535,0.957216,0.958443,0.9612856,0.9593808,0.9639267,0.9442202,0.9499835,0.9596383,0.9523288,0.9613477,0.96327835,0.96534216,0.9624896,0.959669,0.9565671,0.97309387,0.94941074,0.9636249,0.9623926,0.9557541,0.9599988,0.96105164,0.9506321,0.96755815,0.95189434,0.9623223,0.9679651,0.95901626,0.9509053,0.95500714,0.95817363,0.8384673,0.9663008,0.8848354,0.9603155,0.9640036,0.96267605,0.95861804,0.9674351,0.96475005,0.94897825,0.96077526,0.96405387,0.93149054,0.96378624,0.96539176,0.9542533,0.9595981,0.9596119,0.94414586,0.94796556,0.96243894,0.9603559,0.9402928,0.96186143,0.9649667,0.95724136,0.96344775,0.9698544,0.9487892,0.98163295,0.95823455,0.9635189,0.9491398,0.945266,0.9615346,0.94436973,0.940703,0.95699024,0.9536753,0.96370304,0.9632968,0.9585163,0.92793834,0.9562567,0.9607749,0.9501015,0.9565089,0.9615962,0.96278435,0.98163295,0.95718795,0.97024864,0.9678761,0.94665056
arcticdogsmovie,0.9546321,0.94912475,0.95399994,0.94331306,0.95266956,0.9355549,0.94781375,0.948178,0.9726885,0.9413691,0.9454497,0.9389296,0.9526355,0.94603944,0.9550226,1.0,0.94137466,0.94074523,0.9491632,0.9402359,0.95037186,0.9400865,0.9507793,0.9490456,0.9468906,0.7968781,0.9437611,0.94609815,0.937982,0.93749857,0.9522371,0.9442041,0.948005,0.94171566,0.9295865,0.92969155,0.9424902,0.9468615,0.952664,0.94765097,0.946291,0.95284295,0.94645864,0.9517041,0.9550333,0.9615107,0.9449715,0.94672394,0.9511987,0.9538044,0.9398535,0.9600298,0.9419949,0.94443333,0.9422085,0.93632865,0.93878543,0.95258313,0.9461463,0.94274163,0.94092375,0.95094174,0.9470375,0.9484687,0.9554221,0.945873,0.9471319,0.9530886,0.93135625,0.94208556,0.9538866,0.8344127,0.9262306,0.9579065,0.93325365,0.93693346,0.9195762,0.9544588,0.94226116,0.936896,0.9523952,0.94259655,0.95318735,0.94926125,0.9485961,0.93847704,0.9388796,0.9507201,0.9500895,0.94887745,0.95138824,0.9538866,0.93828624,0.9458666,0.92791575,0.9571412,0.9271349,0.949552,0.9518239,0.9476999,0.9547714,0.9505692,0.93982685,0.94611305,0.947911,0.9389738,0.9482446,0.9616573,0.95102704,0.93628746,0.9487535,0.8148017,0.9497126,0.87381554,0.9565024,0.947934,0.9586875,0.93672544,0.9590479,0.94447845,0.93602973,0.9532313,0.94588166,0.9174175,0.95667374,0.9501572,0.94815135,0.93194443,0.935039,0.9334911,0.9356033,0.9535615,0.9449113,0.9236429,0.9407436,0.9437164,0.9490506,0.94079167,0.96113414,0.9490912,0.9726885,0.9432344,0.9634471,0.9390784,0.9373944,0.944618,0.9334643,0.9378744,0.94999224,0.9405828,0.94120073,0.9547487,0.94432807,0.9255205,0.9452615,0.9491086,0.9404954,0.94795716,0.9498394,0.948426,0.9726885,0.9307175,0.95427066,0.9594308,0.9385968
arcticmovie,0.95189524,0.9470073,0.9378946,0.9384718,0.9574369,0.94245076,0.9409604,0.9489249,0.9724745,0.95309776,0.9571281,0.93920237,0.9441205,0.9517188,0.9567888,0.94137466,1.0000001,0.95589346,0.9594432,0.94369483,0.94897246,0.93840754,0.9578152,0.9567096,0.9448089,0.82057196,0.9542284,0.9686812,0.94497925,0.9400647,0.95588636,0.94558847,0.9419737,0.9430454,0.9294431,0.90578264,0.95481324,0.9369917,0.95433855,0.953571,0.9474305,0.9500524,0.93975997,0.9450556,0.96113396,0.94371486,0.95464873,0.9436594,0.946302,0.9439842,0.9516231,0.9550799,0.9511809,0.9548644,0.9370144,0.94834363,0.9366306,0.9582823,0.95893365,0.9538502,0.9438567,0.95332265,0.95990676,0.9448288,0.9457113,0.9522226,0.96123797,0.9482294,0.9577032,0.92705786,0.9612368,0.83751166,0.92516077,0.95360637,0.936444,0.9359327,0.9266907,0.9483606,0.9558102,0.9367026,0.9453026,0.9468112,0.9480539,0.9509121,0.9510735,0.9409089,0.94588345,0.9570583,0.96356845,0.94457453,0.94891495,0.9612368,0.933979,0.9568374,0.9416178,0.9554477,0.94802934,0.9522348,0.93825495,0.9486291,0.94365674,0.94838566,0.9524463,0.96687907,0.95335484,0.9494473,0.952165,0.9486804,0.9283381,0.94097227,0.94367933,0.80813503,0.95760846,0.8697053,0.9718487,0.9552466,0.95513105,0.9483938,0.95276386,0.9413469,0.94743294,0.95196146,0.95645916,0.9283145,0.9532349,0.9626559,0.9413604,0.9491471,0.9553116,0.9414843,0.9528756,0.9567861,0.972455,0.9465975,0.954112,0.94939566,0.95584494,0.9508964,0.9690038,0.9385009,0.9724745,0.95283216,0.952642,0.9316334,0.93691343,0.95454156,0.9415931,0.9266371,0.9399377,0.95535177,0.9478728,0.9518649,0.9510524,0.93364185,0.9556779,0.9502786,0.944239,0.96396774,0.954018,0.9557079,0.9724745,0.94606775,0.9559403,0.95923257,0.95185745
artofracingmovie,0.94921297,0.94082147,0.94347465,0.9447255,0.9736343,0.9373894,0.9574942,0.9504518,0.9737569,0.9473615,0.9555423,0.93973404,0.9453664,0.9504988,0.95883375,0.94074523,0.95589346,0.9999999,0.9543258,0.94473475,0.9482275,0.94468594,0.9494661,0.9589252,0.94196993,0.80612904,0.9586188,0.9516479,0.9476073,0.9405553,0.95628554,0.95002115,0.94807374,0.92735714,0.9318015,0.90094966,0.9553307,0.93797344,0.9603119,0.94956166,0.9542953,0.9448131,0.9463095,0.94274145,0.95725465,0.94645536,0.94979376,0.95204777,0.9481203,0.94335383,0.95219594,0.949795,0.93544745,0.9456335,0.9407812,0.9649202,0.9397565,0.95211667,0.9507671,0.9434984,0.9494948,0.95115244,0.9623333,0.9451819,0.9466988,0.9585237,0.9539059,0.9356459,0.9514786,0.9240623,0.9533658,0.8323384,0.92894775,0.9544034,0.9365396,0.92896926,0.91121334,0.94688374,0.9557023,0.94008684,0.9568059,0.9455571,0.9480165,0.9503933,0.94960845,0.9427978,0.94076926,0.9609212,0.94744676,0.9513288,0.95201594,0.9533658,0.95269954,0.94719946,0.94083124,0.9555548,0.9496509,0.9500003,0.94448745,0.9495574,0.9467764,0.954353,0.938593,0.9523292,0.9454316,0.9467551,0.9608277,0.94760585,0.933337,0.93902904,0.95182574,0.80475575,0.95438886,0.8681955,0.9553629,0.95362896,0.9527843,0.9523862,0.95615876,0.95365536,0.93570405,0.9669478,0.9628241,0.9189828,0.964599,0.9527526,0.95992124,0.9493285,0.9608805,0.92715067,0.9526637,0.9564151,0.9479899,0.94190717,0.95927787,0.95142764,0.955129,0.94992524,0.9601348,0.9554157,0.9737569,0.94953734,0.9556468,0.9404763,0.9385803,0.9506699,0.93441516,0.9314111,0.94294286,0.95201176,0.95446366,0.94887096,0.9503188,0.91247725,0.94500154,0.94767433,0.93708634,0.9581216,0.95296526,0.95498097,0.9737569,0.95601124,0.96285975,0.95207244,0.94089454
avengers,0.9700637,0.94800687,0.9452066,0.94969046,0.9525494,0.9392821,0.9574937,0.9488521,0.9770401,0.94433326,0.95077556,0.95045197,0.953946,0.9630478,0.9624988,0.9491632,0.9594432,0.9543258,1.0,0.9392771,0.95212686,0.94597954,0.95760727,0.95538247,0.96019375,0.7950907,0.95189536,0.94934475,0.9496201,0.9497257,0.9729647,0.95168144,0.94217503,0.9555691,0.92500454,0.91336983,0.9514747,0.93670666,0.95717925,0.9436566,0.95860153,0.95081466,0.94568366,0.9450021,0.95965755,0.94806135,0.9547315,0.95099884,0.94488823,0.94568676,0.9529131,0.9552019,0.9465942,0.95592284,0.93528086,0.9457772,0.94695896,0.95791477,0.95416147,0.95265305,0.9513825,0.95285213,0.95920616,0.95175725,0.9541182,0.9543652,0.96179193,0.947739,0.954283,0.94278556,0.9629307,0.84382933,0.93336546,0.96248186,0.94582903,0.9245715,0.91616976,0.95188814,0.942383,0.9478344,0.95399565,0.9513014,0.9550678,0.96435094,0.9560267,0.9436272,0.9334686,0.95854753,0.9526473,0.95408034,0.95088476,0.9629307,0.9399456,0.95799553,0.93694377,0.9622562,0.9452723,0.96153176,0.9444408,0.95839685,0.949817,0.9566303,0.9486896,0.96009314,0.95176136,0.9539716,0.9592293,0.9546001,0.9414602,0.9364405,0.9557669,0.82530165,0.9515018,0.8775961,0.9581435,0.95665556,0.9591949,0.94945467,0.9629388,0.957319,0.9500289,0.96043044,0.9592916,0.92741674,0.9537157,0.9523721,0.9437926,0.9500524,0.94825226,0.9396608,0.93325937,0.95951927,0.9552911,0.9386982,0.95350015,0.95070165,0.9570641,0.94991595,0.9695906,0.9407706,0.9770401,0.94697475,0.9565314,0.9418644,0.939707,0.9485614,0.93937904,0.9320875,0.9494698,0.95134467,0.95271534,0.9502276,0.9519342,0.9396891,0.9583387,0.9640211,0.9421706,0.9677014,0.9499139,0.959166,0.9770401,0.95123,0.958736,0.95847005,0.9445416
beachbummovie,0.9469927,0.9262866,0.9370673,0.9264037,0.93977815,0.9312105,0.9448871,0.9454548,0.96335244,0.928476,0.9524991,0.94335407,0.9413833,0.93912023,0.9679752,0.9402359,0.94369483,0.94473475,0.9392771,0.9999997,0.9430473,0.943979,0.93792546,0.9416914,0.93797684,0.81723934,0.93120515,0.9404774,0.93315756,0.91765493,0.9426375,0.9425865,0.94050545,0.9240629,0.9011348,0.89426804,0.94009256,0.92446554,0.9455387,0.942498,0.9435527,0.9421285,0.94734806,0.9386805,0.9448878,0.95615786,0.9332028,0.95231426,0.9380284,0.9394221,0.94225985,0.9402509,0.93335944,0.9447217,0.9418592,0.9354825,0.924072,0.9527291,0.94181,0.94720817,0.94011194,0.9371558,0.94635385,0.93926615,0.9437704,0.94550514,0.93227303,0.9342563,0.93751556,0.9298258,0.9550281,0.8293862,0.92507505,0.95602685,0.9240711,0.92372406,0.90181154,0.938142,0.95077693,0.9364576,0.94781893,0.937863,0.94404656,0.9304954,0.94763,0.93988365,0.9327463,0.94765663,0.9399609,0.9409202,0.948822,0.9550281,0.9432846,0.93342847,0.92969877,0.9463654,0.94191206,0.963896,0.9470228,0.9349324,0.9395097,0.957488,0.922646,0.9511791,0.9324189,0.94360894,0.94992983,0.94646186,0.92756265,0.94418985,0.9403452,0.83257836,0.94997656,0.8750821,0.94544125,0.9476793,0.94688547,0.9347905,0.9552621,0.94006646,0.9312831,0.9423391,0.9549152,0.9164798,0.94999784,0.9407613,0.9472499,0.93986887,0.9437265,0.92711896,0.9432043,0.9485518,0.9329013,0.9309032,0.94749767,0.93332,0.9392928,0.9417793,0.9609068,0.9417418,0.96335244,0.9374569,0.9512944,0.935756,0.93561614,0.9334584,0.92541134,0.92178017,0.94539726,0.9395549,0.9416825,0.94999564,0.95136225,0.9140138,0.9441346,0.9400019,0.93499833,0.94681513,0.9415254,0.94768065,0.96335244,0.9339298,0.9484823,0.9468762,0.9336233
bernadettefilm,0.9522982,0.9470296,0.95319504,0.94509566,0.9418261,0.9429768,0.9570898,0.95976704,0.97506744,0.9255549,0.9516985,0.94239044,0.9511812,0.94796216,0.9537729,0.95037186,0.94897246,0.9482275,0.95212686,0.9430473,0.99999976,0.95936894,0.9514718,0.9598015,0.94815546,0.83292687,0.9393386,0.94905955,0.9543782,0.9424303,0.9501228,0.9496186,0.93611574,0.9297709,0.9297674,0.9403211,0.95373785,0.9397816,0.94483757,0.94392544,0.96172374,0.9420148,0.9437124,0.94106144,0.96277237,0.9494002,0.95478094,0.9438244,0.94891,0.9436248,0.9588582,0.95637375,0.94349223,0.962965,0.950931,0.936252,0.94288397,0.9542429,0.9553093,0.9523775,0.9634281,0.94836056,0.9526406,0.9466373,0.95023966,0.95517045,0.9493063,0.9563558,0.950805,0.94325733,0.9535004,0.84714794,0.9337625,0.9634276,0.94408494,0.9361039,0.9264843,0.9592104,0.94985926,0.9530523,0.9500891,0.95013475,0.9590171,0.9550396,0.94890404,0.9473714,0.9366367,0.96483684,0.95480293,0.9517822,0.9513605,0.9535004,0.9421341,0.9556018,0.945975,0.9631439,0.9514119,0.963616,0.9483422,0.9601491,0.95319796,0.9503208,0.9523499,0.9505818,0.9376043,0.96341103,0.96256995,0.9594376,0.9383136,0.9451885,0.9469137,0.85068285,0.9568062,0.8969919,0.96847945,0.9580138,0.9613961,0.94597924,0.9600903,0.9580404,0.937486,0.9584821,0.9515673,0.93437576,0.9569158,0.9587323,0.95805913,0.94335544,0.9391187,0.9382448,0.96123534,0.95030797,0.9526383,0.9324498,0.9454976,0.9466408,0.9537723,0.9461196,0.9554323,0.94823307,0.97506744,0.9587184,0.9468392,0.9470558,0.94970113,0.9484061,0.9357536,0.93896264,0.9493232,0.9561753,0.94644415,0.9430449,0.96293163,0.9168742,0.9409788,0.95013803,0.94097835,0.95068204,0.95104355,0.95875096,0.97506744,0.9381482,0.9526178,0.95919347,0.9602935
