movie,21bridgesmovie,47metersdown,abeautifuldaymovie,abominablemovie,adastramovie,adogsjourneymovie,aftermathmovie,aftermovie,ahiddenlifefilm,alitamovie,angelhasfallen,angrybirdsmovie,annabellemovie,annamovie,apollo11movie,arcticdogsmovie,arcticmovie,artofracingmovie,avengers,beachbummovie,bernadettefilm,blackandbluemovie,blackchristmas,blindedbythelightmovie,bombshellmovie,booksmart,breakthroughmovie,brianbanksmovie,brightburnmovie,brittanyrunsmov,captainmarvelofficial,captivestatemovie,catsmovie,charliesangels,childsplaymovie,clarathefilm,coldpursuitmovie,countdown,currentwarmovie,darkwatersmovie,detectivepikachumovie,disneyaladdin,disneyfrozen,disneymaleficent,doctorsleepmovie,dolemiteismyname,dontletgomovie,doramovie,downtonabbey_official,dumbo,escaperoom,everybodyknowsmovie,fastandfuriousmovie,fightingwmyfam,fivefeetapartfilm,fordvferrari,freaksthefilm,geminimanmovie,glassmovie,gloriabellmovie,godzillamovie,goldfinchmovie,goodboysmovie,goodliarmovie,gretafilm,halathemovie,happydeathdaymovie,harrietfilm,hellboymovie,hersmellmovie,highlifemovie,highstrungmovie,honeyboymovie,hotelmumbaifilm,httydragon,hustlemovie,hustlersmovie,isntitromantic,itmovieofficial,jayandsilentbob,johnwickmovie,jojorabbitmovie,jokermovie,judythefilm,jumanjimovie,justmercyfilm,knivesout,lalloronamovie,lastblackmansf,lastchristmasthemovie,latenightmovie,lighthousemovie,lionking,littlethemovie,littlewomenmovie,littlewoodsfilm,longshotmovie,lordsofchaosmovie,lucyintheskyfilm,mamovie2019,marriagestory,meettheaddams,meninblack,midsommarmovie,midwaymovie,missbalamovie,missinglinkfilm,motherlessbklyn,onceinhollywood,onthebasisofsex,overcomermovie,peanutbutterfalcon,petsematarymovie,piercingmovie,playingwithfire,playmobilthemovie,pomsmovie,queenandslim,rambomovie,readyornotfilm,richardjewellfilm,rocketmanmovie,scarystoriesmovie,secretlifeofpets,serenityfilm,shaftmovie,shazammovie,spidermanmovie,spiesindisguise,starwars,stormboymovie,stubermovie,taosdfilm,teenspiritmov,terminator,theaeronautsmov,thebestofenemies,thedeaddontdie,thefarewell,thehighwaymen,thehummingbirdprojectfilm,theintrudermovie,theirishmanfilm,thekitchenmovie,thelegomovie,themustangfilm,thenightingalefilm,theprodigymovie,thesunisalsoastar,theupsidefilm,tolkienmovie,toystory,triplefrontier,uglydolls,uncutgems,underthesilverlake,usmovie,wavesmovie,whatmenwant,wonderparkmovie,wrinklestheclown,xmenmovies,yardiefilm,yesterdaymovie,zombieland
21bridgesmovie,1.0000001,0.9838288,0.9771574,0.97999024,0.9695177,0.980389,0.98746,0.9930037,0.99468195,0.9646827,0.9759561,0.9924479,0.9894177,0.9770369,0.99077463,0.989475,0.96290094,0.97351557,0.9906543,0.9774208,0.97192115,0.992214,0.9816954,0.992998,0.97747695,0.54310024,0.9643025,0.9850547,0.9822066,0.9808871,0.9895091,0.9885686,0.96462804,0.9861191,0.9020357,0.81249654,0.9768017,0.99145806,0.98275316,0.9809313,0.9977115,0.98895067,0.96853495,0.9841813,0.9704271,0.9881032,0.98278457,0.9934961,0.984169,0.9889429,0.98407435,0.98702276,0.97881943,0.94879615,0.9843355,0.98365176,0.99227595,0.9882066,0.9816344,0.98189366,0.9952412,0.97298455,0.95201534,0.97799194,0.9733036,0.98950875,0.985577,0.97140473,0.9725309,0.9762183,0.98485833,0.48927882,0.98868424,0.9903201,0.95934004,0.94835204,0.7068733,0.9641206,0.9772155,0.9924956,0.9778132,0.9828733,0.9903393,0.95804286,0.97086495,0.9837069,0.96955466,0.9894872,0.98281056,0.9821803,0.9714218,0.98485833,0.96899015,0.98557013,0.9830274,0.99499744,0.97447413,0.98515916,0.98615664,0.978612,0.9775448,0.97534096,0.97898614,0.97267914,0.9824411,0.9814971,0.9894806,0.97947764,0.98129416,0.9840293,0.9864543,0.4207607,0.99233365,0.81951684,0.9675826,0.990695,0.99834096,0.972652,0.9883043,0.9839077,0.98188484,0.992729,0.99242425,0.985528,0.9920125,0.9832374,0.9682896,0.98536956,0.9781715,0.90347886,0.9856164,0.96942997,0.9817442,0.96559036,0.98777044,0.9700127,0.9962866,0.993404,0.9825891,0.98495066,0.99468195,0.97518617,0.98340166,0.9759834,0.9578351,0.9883563,0.9726243,0.959835,0.9825719,0.9921998,0.98424673,0.9910117,0.98488915,0.9327037,0.974537,0.97047806,0.9886413,0.96984285,0.9926765,0.98530114,0.99468195,0.98358774,0.98629206,0.98925835,0.9928435
47metersdown,0.9838288,1.0,0.97037774,0.9676804,0.95806503,0.97243196,0.97227955,0.98712796,0.98521644,0.94094336,0.9845237,0.9824204,0.98811424,0.9706855,0.9847232,0.9848664,0.9436961,0.9623512,0.9791185,0.95819944,0.95502424,0.9874659,0.97274375,0.97392106,0.9552873,0.48616236,0.94753796,0.9605317,0.98234963,0.96161544,0.98203814,0.98237157,0.9573794,0.9721568,0.9365301,0.84234655,0.9619894,0.9887247,0.98164433,0.9616262,0.98808676,0.97935295,0.9678128,0.9641716,0.9446228,0.9788684,0.976441,0.98330915,0.9694209,0.97319454,0.9808175,0.969285,0.952993,0.92348504,0.98045933,0.9624551,0.9702304,0.98702663,0.9792867,0.95932186,0.98587096,0.9591303,0.92753583,0.9757343,0.96707654,0.98905665,0.95692474,0.93837,0.97878563,0.9703295,0.96391344,0.5273969,0.9682535,0.9807625,0.97871566,0.92927194,0.7728417,0.93821245,0.96269214,0.9882738,0.9773169,0.97305214,0.97835547,0.9601406,0.97229844,0.9826654,0.96744746,0.97797674,0.9770921,0.96260494,0.9603093,0.96391344,0.9570333,0.9799868,0.9644546,0.9876357,0.9665861,0.9690856,0.9683579,0.971563,0.9778099,0.9440129,0.9827277,0.9421018,0.98788774,0.9782535,0.96981376,0.9751467,0.973446,0.9811563,0.97044367,0.464271,0.9820439,0.85129225,0.97124726,0.98769426,0.98562586,0.9890958,0.9832605,0.96971256,0.9767263,0.9910447,0.97357935,0.9763704,0.9825443,0.9769365,0.9624533,0.9936203,0.98365897,0.9063099,0.97223127,0.9586051,0.969682,0.93328923,0.9797406,0.95090777,0.98239005,0.9844241,0.96070313,0.9762631,0.98521644,0.9798813,0.9747989,0.96461856,0.9545449,0.9707044,0.9797701,0.97281355,0.9775835,0.9709886,0.9750793,0.98105687,0.9784147,0.8963641,0.9426754,0.94536793,0.9784338,0.9482115,0.9826589,0.98852396,0.98521644,0.9722728,0.9748363,0.9743066,0.98254746
abeautifuldaymovie,0.9771574,0.97037774,1.0000001,0.9773836,0.97862965,0.9818291,0.9807719,0.980855,0.9898123,0.98421896,0.9493198,0.9521754,0.98138314,0.9894981,0.98977566,0.97897595,0.9884331,0.9768326,0.98241764,0.9853115,0.9846916,0.9833632,0.9684018,0.98403305,0.9780988,0.59394026,0.98754007,0.9889714,0.99383515,0.97807616,0.9808356,0.9817032,0.97594935,0.9863178,0.8841158,0.8291179,0.9890553,0.9738733,0.9708457,0.97517097,0.96953285,0.9871082,0.98912567,0.98951113,0.98018765,0.97735316,0.9647184,0.982719,0.9654434,0.99028754,0.9876047,0.9818283,0.96882886,0.9676189,0.9506316,0.97765714,0.9842601,0.9896912,0.98472327,0.97603583,0.97192144,0.9885845,0.9762891,0.98366344,0.9644186,0.98459214,0.9816056,0.96428275,0.95945245,0.986829,0.9805597,0.4717673,0.9633002,0.9942313,0.93539035,0.9694131,0.6601873,0.9738056,0.9940525,0.96126044,0.9601228,0.97947985,0.98625827,0.9849583,0.9783587,0.98182124,0.9825474,0.9867647,0.9677802,0.99049544,0.98111284,0.9805597,0.9692429,0.98684555,0.98382664,0.98498416,0.9757249,0.9847088,0.9654198,0.97492003,0.97851837,0.97422385,0.9797515,0.9666828,0.9799475,0.988885,0.98925,0.9838511,0.98331904,0.973891,0.99105173,0.35937294,0.9869478,0.8241458,0.99354327,0.9812251,0.9751075,0.9605676,0.9928408,0.9794538,0.9879169,0.982946,0.9681894,0.9908272,0.98486847,0.97536933,0.9930114,0.96768975,0.9769203,0.92828804,0.9866805,0.9876676,0.990923,0.9726597,0.9882006,0.9776955,0.9700459,0.9715076,0.97752166,0.99239355,0.9898123,0.98797137,0.9679956,0.9763194,0.971348,0.99011636,0.9754772,0.95411295,0.9897768,0.9670023,0.97098297,0.9961383,0.9908402,0.9464096,0.9762462,0.97651875,0.9905812,0.97699815,0.9822797,0.9846989,0.9898123,0.9861287,0.99492353,0.98069775,0.9734204
abominablemovie,0.97999024,0.9676804,0.9773836,0.9999999,0.9922609,0.9591614,0.99149406,0.98672205,0.9903499,0.98058784,0.9675441,0.9599115,0.98009336,0.98837084,0.97192425,0.9751214,0.96974635,0.98916817,0.99529487,0.9542322,0.9744179,0.98517305,0.97965676,0.98345256,0.97737944,0.60177374,0.97221196,0.97961104,0.98165715,0.98183507,0.99071014,0.97907495,0.9776222,0.96734387,0.85525984,0.754989,0.9912618,0.9741947,0.985804,0.9733743,0.98036444,0.9661873,0.9752975,0.96838677,0.9792957,0.9693892,0.97702956,0.9908208,0.9771144,0.9758818,0.98727006,0.9896683,0.97011864,0.9513959,0.95132357,0.98127335,0.98328173,0.98158735,0.9890452,0.98660225,0.9731302,0.98700684,0.9673915,0.98824114,0.9833778,0.9671273,0.9885891,0.9745577,0.9757373,0.9545469,0.9846676,0.47254816,0.9491121,0.9768464,0.93672067,0.94893765,0.65095156,0.9475541,0.98221153,0.9677354,0.97823197,0.9917298,0.9819014,0.95111877,0.96118355,0.9736781,0.97688615,0.9849844,0.9582797,0.990612,0.9851843,0.9846676,0.96801436,0.9816728,0.99324954,0.97694856,0.9831834,0.9683482,0.9810396,0.9709778,0.96862334,0.98671365,0.9601144,0.9725124,0.9739397,0.9824359,0.97800124,0.9728265,0.9707547,0.9610236,0.99070024,0.34497765,0.99121517,0.76701516,0.9660117,0.9848019,0.98336,0.9475045,0.9897391,0.99368876,0.98981386,0.9892451,0.97419846,0.96812314,0.9843298,0.98495126,0.98031557,0.98221534,0.97783905,0.92467755,0.98308676,0.9838721,0.9799853,0.9514241,0.99054825,0.9814264,0.98733056,0.97661334,0.9819877,0.97796744,0.9903499,0.97217196,0.9647469,0.9597119,0.9442209,0.9856969,0.9695843,0.9278083,0.9734524,0.9603848,0.99103296,0.97975665,0.97489274,0.9625534,0.9624426,0.981844,0.9886875,0.9860101,0.9866971,0.98393786,0.9903499,0.9916894,0.98737806,0.98416877,0.9850101
adastramovie,0.9695177,0.95806503,0.97862965,0.9922609,0.9999999,0.95965976,0.981197,0.9729464,0.98474795,0.9801692,0.9545789,0.94211227,0.97037125,0.9840779,0.9635961,0.96974367,0.97450036,0.9858607,0.9891382,0.95534176,0.9639727,0.9837756,0.9800099,0.9770034,0.97796303,0.6089478,0.97284484,0.9791037,0.98394156,0.9736031,0.9830418,0.9755991,0.978943,0.9705509,0.85836875,0.7841089,0.9862017,0.968785,0.9733604,0.9733515,0.9661824,0.959235,0.97810024,0.96531636,0.9778829,0.9612222,0.97651106,0.9844608,0.97972924,0.9709621,0.99070364,0.98567486,0.97645944,0.95772696,0.9396305,0.9873779,0.9730565,0.9759406,0.9786195,0.980016,0.96246105,0.98355395,0.97558045,0.9784284,0.9781858,0.95890427,0.98625636,0.9595233,0.9676943,0.9551976,0.9755564,0.5131745,0.93908656,0.974825,0.9324181,0.9573074,0.66334605,0.95388865,0.983485,0.9559526,0.9637255,0.9811492,0.9714743,0.9482253,0.9694753,0.97585034,0.98552686,0.9757408,0.9521561,0.98977894,0.9868074,0.9755564,0.9775454,0.9866781,0.99056166,0.9715323,0.98652846,0.9681026,0.96720445,0.9780038,0.95707536,0.98195505,0.9630735,0.96661884,0.9615416,0.9867674,0.9692636,0.9650319,0.96403795,0.9501298,0.9808335,0.34913358,0.98457575,0.78512084,0.96358997,0.9728838,0.9712236,0.9389048,0.9826756,0.9826532,0.9802414,0.9791899,0.96833426,0.9618406,0.98040605,0.96977264,0.97613066,0.97569245,0.97181195,0.95009154,0.9794449,0.99205166,0.98201704,0.95756686,0.9835469,0.9754909,0.9765024,0.959231,0.97552216,0.9753822,0.98474795,0.97414637,0.9558147,0.94642603,0.9315011,0.9795749,0.95931107,0.936351,0.9675228,0.9587823,0.97734517,0.97791696,0.9698155,0.9646371,0.95855266,0.97152525,0.9835977,0.97747326,0.98108935,0.9745809,0.98474795,0.98817605,0.98907393,0.9887005,0.9824475
adogsjourneymovie,0.980389,0.97243196,0.9818291,0.9591614,0.95965976,1.0000001,0.9666499,0.97030395,0.98181444,0.9522094,0.9424829,0.9646057,0.96847564,0.9731045,0.97925407,0.9789517,0.97605556,0.96154666,0.9739747,0.96752447,0.9732613,0.98236567,0.97008103,0.9810499,0.9730315,0.5367302,0.97338593,0.98125565,0.98733044,0.96445996,0.97342336,0.97480285,0.9746469,0.98443794,0.87036484,0.808486,0.97083175,0.984368,0.95827013,0.98369986,0.97357476,0.9821315,0.9797558,0.9792705,0.97016835,0.9825096,0.9686263,0.9815302,0.9646385,0.97982895,0.9781753,0.9683917,0.97069335,0.95802176,0.9629537,0.98216116,0.97791475,0.9753468,0.9696701,0.9706663,0.9781418,0.9736736,0.95771104,0.96629715,0.94380075,0.9754502,0.973489,0.9433928,0.9357372,0.9678682,0.97073,0.4170511,0.98412913,0.98898834,0.9238801,0.9581154,0.6524229,0.96673214,0.9821478,0.97416383,0.9392807,0.96100634,0.9758201,0.9648628,0.9617471,0.97673035,0.9660344,0.9693958,0.96433216,0.97425556,0.97342044,0.97073,0.9721967,0.97776246,0.97305983,0.9771149,0.9686296,0.96679974,0.9606452,0.9670936,0.9742422,0.9698901,0.96272784,0.9617717,0.968655,0.97915006,0.9784663,0.97429377,0.9852243,0.9674067,0.976169,0.3174318,0.9864715,0.7889454,0.9795299,0.974995,0.9767772,0.9498635,0.97751456,0.9623374,0.96471035,0.9740418,0.9719552,0.98626447,0.9840998,0.9632163,0.9627534,0.9676467,0.9556949,0.90076196,0.9853282,0.96101177,0.9910195,0.9783538,0.974732,0.95990634,0.96838427,0.96117115,0.96837384,0.98261225,0.98181444,0.9838715,0.9757605,0.9663981,0.94321483,0.971841,0.94474155,0.94570994,0.97389376,0.97264135,0.9582647,0.98817253,0.9939465,0.91571647,0.97631043,0.9575387,0.98541677,0.95852387,0.9699603,0.9778777,0.98181444,0.97163415,0.9834865,0.9836948,0.9687295
aftermathmovie,0.98746,0.97227955,0.9807719,0.99149406,0.981197,0.9666499,1.0,0.99545485,0.99452776,0.98527974,0.9707823,0.97515714,0.98818916,0.9921194,0.9839358,0.9874459,0.9745119,0.97852844,0.99359703,0.968652,0.987845,0.9820051,0.98133457,0.99483716,0.98750603,0.635348,0.9800155,0.9909498,0.9771767,0.9768875,0.9968768,0.9907012,0.9728017,0.98228383,0.8666615,0.77856237,0.9934622,0.9768295,0.994888,0.986908,0.9875039,0.97935426,0.9669674,0.9760865,0.9856336,0.9824141,0.98004216,0.99085087,0.9782553,0.9818228,0.97890925,0.99444884,0.9794823,0.95910543,0.95851415,0.9773755,0.99315464,0.99100125,0.9949403,0.98934275,0.9885122,0.9878738,0.9708901,0.99236614,0.9866235,0.9786557,0.9889805,0.9893015,0.97802573,0.96672165,0.9924066,0.44564226,0.96116847,0.981563,0.9438403,0.9543096,0.6627573,0.95993316,0.9825272,0.97359437,0.98349917,0.9956685,0.99551964,0.95560724,0.9679205,0.9840273,0.97017777,0.9915071,0.9715668,0.99207675,0.97303694,0.9924066,0.9584228,0.9831763,0.99399626,0.9870733,0.9787062,0.9822702,0.9951316,0.9780017,0.98078436,0.9852147,0.96718025,0.98324484,0.9861096,0.9748885,0.9836843,0.98565835,0.97442615,0.98390883,0.992892,0.367513,0.9925836,0.7942688,0.97577804,0.9901771,0.9904307,0.9578478,0.9935599,0.99883586,0.9962622,0.9920422,0.9778323,0.9747819,0.9924162,0.99285525,0.9779181,0.97743255,0.9829997,0.90927035,0.9929849,0.97807217,0.9854568,0.9682745,0.9981228,0.9735453,0.9909819,0.98102146,0.9916922,0.989642,0.99452776,0.96472466,0.9761441,0.9811261,0.9661905,0.99229276,0.9793651,0.93351,0.9838418,0.9757798,0.9975139,0.98648715,0.9781446,0.9457426,0.97721004,0.9903555,0.9940197,0.9891076,0.9939545,0.98747164,0.99452776,0.9939005,0.98692244,0.98361593,0.9859444
aftermovie,0.9930037,0.98712796,0.980855,0.98672205,0.9729464,0.97030395,0.99545485,0.99999994,0.99571234,0.9746644,0.98341423,0.9861141,0.994736,0.9857195,0.992274,0.99148446,0.9665026,0.97461003,0.9929454,0.9731038,0.9806457,0.98758286,0.9771511,0.9919837,0.97735864,0.5888893,0.96999097,0.9839672,0.9810457,0.97966933,0.99604845,0.9939713,0.96603465,0.9814816,0.8999865,0.8045559,0.9854593,0.98430157,0.99618465,0.97913647,0.9940354,0.98527455,0.970341,0.9773781,0.97159344,0.9844363,0.97804636,0.99127024,0.980154,0.9844605,0.98183185,0.9918161,0.9718027,0.94863147,0.97390264,0.97292304,0.99087393,0.99430686,0.99312,0.9828513,0.99344677,0.97835165,0.9535769,0.9887663,0.9865835,0.9895907,0.9804496,0.9801841,0.9862269,0.9742603,0.9881604,0.4845505,0.96995986,0.98698,0.9626849,0.948894,0.7080097,0.9553249,0.9768705,0.98545027,0.9900505,0.9933039,0.99548596,0.9646795,0.97283226,0.9866773,0.9733065,0.99435663,0.9812121,0.9860036,0.97093326,0.9881604,0.95658827,0.98548377,0.98595786,0.9944643,0.9757966,0.98312193,0.9930972,0.97507167,0.98219585,0.9724529,0.97921807,0.97355974,0.99221945,0.978426,0.9858063,0.9850034,0.9779059,0.99003065,0.9910967,0.4219949,0.99223155,0.825249,0.9766706,0.99608797,0.9953032,0.97632253,0.99532276,0.993342,0.99446815,0.9966632,0.98219573,0.9825154,0.9915026,0.9956441,0.9774504,0.98619884,0.9895974,0.9073509,0.98742193,0.972474,0.9801296,0.9557531,0.99610615,0.97252357,0.99337167,0.99253917,0.9860564,0.9887875,0.99571234,0.9731597,0.9785238,0.98085433,0.96942085,0.99245524,0.9889981,0.95275223,0.9857184,0.979833,0.9954657,0.9895457,0.98134464,0.93539894,0.9693151,0.9805166,0.9909136,0.98025703,0.99509275,0.9910516,0.99571234,0.9889514,0.9864329,0.981232,0.98924583
ahiddenlifefilm,0.99468195,0.98521644,0.9898123,0.9903499,0.98474795,0.98181444,0.99452776,0.99571234,1.0,0.98104006,0.9776504,0.9809444,0.9948441,0.9918166,0.99202985,0.9920286,0.9765638,0.9858105,0.99504673,0.9779459,0.98194206,0.99528015,0.9856268,0.9965549,0.9867884,0.58217216,0.98193437,0.99199224,0.99175555,0.98540115,0.995103,0.99336123,0.9752675,0.98910004,0.8967778,0.81873053,0.98980516,0.99148536,0.9899065,0.9863845,0.9931216,0.9902095,0.98126996,0.98708093,0.9837109,0.9905754,0.985113,0.997614,0.9853547,0.99166775,0.99247336,0.99297494,0.98373467,0.96489906,0.9751653,0.9876649,0.9937266,0.99641216,0.9920442,0.9896583,0.99151176,0.9885774,0.9721472,0.99149835,0.9819436,0.9909807,0.99162406,0.9771819,0.9794459,0.9796541,0.9920874,0.48514944,0.9778198,0.99421227,0.9596828,0.9589554,0.6941424,0.9683083,0.9879904,0.98526335,0.9823836,0.99344176,0.99605685,0.9710348,0.9823016,0.99150306,0.9805507,0.9956794,0.9834495,0.99233985,0.9832495,0.9920874,0.9767877,0.99390197,0.9936121,0.9954368,0.9871509,0.9888385,0.98706,0.9858905,0.9863357,0.9834942,0.9828124,0.9800985,0.9906986,0.99106634,0.9926462,0.9897313,0.9821761,0.9860761,0.9945536,0.39624366,0.9967312,0.82106245,0.9820437,0.99439836,0.9949127,0.97316974,0.99727696,0.99255896,0.9940442,0.9965191,0.98927677,0.98864937,0.99652475,0.9881542,0.985045,0.9878073,0.9882443,0.92004836,0.99404174,0.98351794,0.99106336,0.9715776,0.99671704,0.98001504,0.9940888,0.9881847,0.9903387,0.9946452,1.0,0.9843941,0.9859534,0.9812142,0.9694706,0.99336267,0.9815486,0.9595653,0.99179476,0.98526233,0.9909114,0.99574614,0.9900357,0.94215405,0.9799295,0.9825315,0.99731123,0.98256737,0.99586344,0.9918349,1.0,0.9928566,0.9942907,0.9932491,0.99319726
alitamovie,0.9646827,0.94094336,0.98421896,0.98058784,0.9801692,0.9522094,0.98527974,0.9746644,0.98104006,0.99999994,0.94437,0.9349231,0.972044,0.9835875,0.9725625,0.9627955,0.98065305,0.97860223,0.9778222,0.96960825,0.9800189,0.965573,0.9552991,0.9817673,0.9767317,0.68638015,0.9873354,0.9885632,0.9716108,0.9799138,0.97829187,0.9767527,0.9564211,0.97290874,0.83909667,0.78402895,0.9878128,0.9541475,0.972604,0.97172755,0.9573977,0.96380407,0.9662106,0.9704881,0.9867656,0.9598874,0.9494693,0.9715266,0.9671447,0.9714096,0.9728394,0.9861614,0.9718868,0.973294,0.9337253,0.97222525,0.9828043,0.9764336,0.9776371,0.9815395,0.9576524,0.9849848,0.9845509,0.9771701,0.9713517,0.963246,0.98468995,0.9837936,0.95690846,0.9625915,0.9857012,0.4474855,0.9392399,0.9766349,0.9161987,0.95312965,0.6109341,0.9539653,0.97921705,0.9452122,0.9664392,0.98435664,0.98263085,0.9687581,0.96934307,0.9677983,0.9694087,0.9847742,0.95599073,0.9910866,0.97129667,0.9857012,0.9488407,0.97781557,0.9862405,0.9722765,0.9723923,0.97495973,0.97276175,0.9637539,0.9589801,0.980256,0.9576042,0.9804613,0.9683534,0.97300315,0.980362,0.9698236,0.95373446,0.9601834,0.9870729,0.34802344,0.9749198,0.7944683,0.9689731,0.96803063,0.96323115,0.93533117,0.98597074,0.9859243,0.9862511,0.97064036,0.9608948,0.9724054,0.9762924,0.97376066,0.9879022,0.94819045,0.97440916,0.90582764,0.98149616,0.9790584,0.97669965,0.9695812,0.98399377,0.9836951,0.9640999,0.95759344,0.9863005,0.9857652,0.98104006,0.96185094,0.9536914,0.9617897,0.962663,0.98937166,0.96733445,0.9204778,0.97502005,0.9547183,0.9776908,0.9788351,0.96916205,0.96371126,0.97793883,0.98970747,0.9818659,0.98658824,0.97791994,0.9631459,0.98104006,0.98441356,0.98461944,0.97043407,0.96860284
angelhasfallen,0.9759561,0.9845237,0.9493198,0.9675441,0.9545789,0.9424829,0.9707823,0.98341423,0.9776504,0.94437,1.0,0.9767342,0.9880087,0.95516384,0.9693574,0.97316235,0.922493,0.96414584,0.97182363,0.9377504,0.933535,0.97857934,0.9545947,0.9694445,0.9462767,0.5390884,0.93763316,0.95126015,0.96201915,0.9694148,0.97618675,0.9812088,0.9236867,0.9522126,0.92670345,0.829484,0.94813424,0.9812959,0.98457617,0.95038366,0.98327345,0.9589485,0.9478632,0.9433883,0.9373101,0.9657607,0.9595524,0.97529256,0.9798443,0.95436174,0.97046167,0.9715442,0.9557417,0.9269257,0.9825715,0.95572335,0.9618396,0.9760656,0.9648761,0.96413314,0.9748554,0.9445029,0.9205869,0.9640876,0.9775407,0.9765787,0.9539143,0.9485307,0.98893005,0.944754,0.96842575,0.5605642,0.95301557,0.9664002,0.98467815,0.90478694,0.7734727,0.9108455,0.93579286,0.98566765,0.99218524,0.97912943,0.97347355,0.949772,0.97354245,0.9746138,0.95744145,0.9803105,0.98198014,0.95563555,0.9531037,0.96842575,0.9438246,0.9772602,0.9615627,0.9812356,0.9702876,0.9577485,0.97301793,0.9579361,0.95897186,0.9389127,0.97184837,0.9524722,0.9820091,0.96890527,0.9625486,0.9608205,0.9365013,0.9714851,0.96285766,0.5181913,0.9674139,0.85259145,0.9388057,0.98114663,0.9787581,0.9807165,0.9753881,0.96834755,0.97068304,0.9809402,0.9782598,0.9626218,0.9711182,0.97490966,0.9546431,0.9845592,0.9897548,0.8818857,0.95974123,0.941061,0.94646996,0.9139109,0.9713388,0.95892614,0.9809562,0.97974175,0.9684085,0.9672254,0.9776504,0.9622093,0.96921265,0.9452907,0.9459409,0.9656989,0.9786033,0.9597089,0.9632517,0.964634,0.9801327,0.9624342,0.95497084,0.89867926,0.93790996,0.9493992,0.9653201,0.9500448,0.9769314,0.96483636,0.9776504,0.9608308,0.9604722,0.9651199,0.98358864
angrybirdsmovie,0.9924479,0.9824204,0.9521754,0.9599115,0.94211227,0.9646057,0.97515714,0.9861141,0.9809444,0.9349231,0.9767342,1.0,0.98280865,0.95744675,0.9785981,0.98657894,0.9354534,0.9466816,0.97404605,0.95789754,0.95350003,0.97902066,0.96928364,0.9811573,0.963507,0.5188121,0.9395324,0.96549904,0.9595363,0.9579785,0.9774875,0.97974217,0.9419459,0.969685,0.91044796,0.810007,0.9548583,0.9841314,0.97711545,0.9682736,0.9950875,0.9804399,0.9443387,0.967277,0.9458302,0.9837754,0.97458905,0.9817292,0.9708383,0.9744323,0.9615274,0.9714437,0.9646765,0.92481625,0.9814677,0.95975727,0.9756782,0.978354,0.9680474,0.96635807,0.9949712,0.94929534,0.9200085,0.9642732,0.96458817,0.982091,0.9638371,0.9587792,0.9693771,0.95894873,0.97091556,0.4889478,0.98252577,0.972245,0.962866,0.9284709,0.734999,0.9482258,0.9514383,0.9890067,0.9708445,0.9709805,0.98034406,0.93306774,0.9543075,0.9764534,0.9463358,0.9762422,0.9809982,0.9593435,0.94695467,0.97091556,0.9499633,0.968611,0.9643861,0.9858736,0.9576872,0.97186416,0.9813131,0.9637638,0.97180307,0.95185727,0.96792203,0.9576675,0.9764432,0.95824426,0.9719939,0.97152627,0.96574223,0.98528874,0.96791685,0.45384258,0.97740555,0.8220542,0.9494273,0.9851637,0.9940156,0.9704457,0.97090876,0.9684785,0.96728987,0.9822493,0.9843574,0.9674555,0.978257,0.9752396,0.9402482,0.97782373,0.96617997,0.8786676,0.96968544,0.941417,0.9611489,0.9417444,0.9749586,0.94150853,0.9904017,0.9880562,0.96862406,0.96805114,0.9809444,0.95232105,0.9801596,0.97198087,0.9490024,0.9691373,0.9653156,0.95154005,0.9694196,0.9877658,0.97553474,0.9736023,0.9649865,0.89160526,0.95638484,0.95228946,0.9725308,0.9509269,0.9802093,0.97486657,0.9809444,0.96267617,0.9623288,0.9722157,0.98045343
annabellemovie,0.9894177,0.98811424,0.98138314,0.98009336,0.97037125,0.96847564,0.98818916,0.994736,0.9948441,0.972044,0.9880087,0.98280865,1.0,0.9824408,0.99028105,0.9899901,0.9595132,0.9772568,0.98377454,0.97136897,0.96888477,0.9900062,0.97216797,0.99053526,0.9765596,0.57467455,0.9730092,0.98095167,0.9823324,0.98097277,0.98728603,0.9917629,0.9522045,0.9789207,0.9204553,0.8461606,0.9764751,0.9895855,0.98950446,0.97319484,0.9911215,0.98904604,0.971329,0.9804714,0.9699527,0.9894914,0.97423637,0.99090284,0.97996145,0.9860286,0.98370314,0.9854703,0.9751519,0.9591043,0.97934663,0.97166353,0.9842915,0.996738,0.98476344,0.9824451,0.98838496,0.9765737,0.9583134,0.98716223,0.98070896,0.99510777,0.9790176,0.97262204,0.98658705,0.9767671,0.9884027,0.5143777,0.97306275,0.9885291,0.9756073,0.9443029,0.72773504,0.9566579,0.9713753,0.9842053,0.98820186,0.992813,0.9947073,0.9729776,0.9866193,0.9910095,0.97104484,0.9967775,0.9925135,0.98023266,0.9714362,0.9884027,0.9663753,0.9901303,0.9831282,0.99526906,0.9827922,0.9869094,0.98230076,0.9786006,0.9867602,0.9660064,0.9866347,0.9738517,0.99605626,0.98459655,0.989172,0.98994875,0.96630836,0.9912696,0.98717934,0.4560224,0.9853304,0.85154265,0.9748373,0.9938979,0.99088806,0.9840194,0.99269587,0.98472816,0.99140555,0.9925003,0.98814464,0.9854846,0.98811835,0.9847641,0.98152304,0.98431975,0.993752,0.90385044,0.9837494,0.9695605,0.9760426,0.95343673,0.9908377,0.97285825,0.98955804,0.9895873,0.9866259,0.9908059,0.9948441,0.9780625,0.9877538,0.98136574,0.97989756,0.98618925,0.98973286,0.96695507,0.99242985,0.98217213,0.9873996,0.9882374,0.97941804,0.9176195,0.97117025,0.97551745,0.9885111,0.9736069,0.9906527,0.98471457,0.9948441,0.98030823,0.98215955,0.98139024,0.9880983
annamovie,0.9770369,0.9706855,0.9894981,0.98837084,0.9840779,0.9731045,0.9921194,0.9857195,0.9918166,0.9835875,0.95516384,0.95744675,0.9824408,0.9999999,0.9801162,0.9800335,0.97879237,0.9834493,0.9878926,0.96552914,0.9901488,0.9799994,0.98444587,0.9886728,0.9860226,0.6050518,0.98799795,0.98830175,0.9861289,0.96875876,0.990234,0.9799378,0.9833383,0.98323005,0.86116755,0.78830683,0.995575,0.9745581,0.98394716,0.9830622,0.9767739,0.9797656,0.9748107,0.9783214,0.9906254,0.9820226,0.9809779,0.9888,0.9630143,0.982275,0.98286045,0.9825255,0.9713269,0.9603314,0.9466847,0.97663623,0.98804915,0.9909347,0.9962393,0.98208076,0.9775109,0.99740887,0.9831172,0.9978447,0.970019,0.97651935,0.98658144,0.9724376,0.96313775,0.97113997,0.98429245,0.41902456,0.95495814,0.98154116,0.9346068,0.9544765,0.6469965,0.962082,0.99244326,0.9618637,0.9684515,0.9884616,0.99028003,0.9623726,0.9688819,0.98068106,0.96857446,0.9841404,0.96008587,0.9890593,0.9754416,0.98429245,0.96556383,0.9805812,0.9917809,0.9789071,0.9776241,0.97967726,0.9768349,0.9827728,0.98798275,0.9839636,0.9645187,0.97209376,0.9855729,0.98054063,0.9815088,0.98987365,0.97948086,0.97569466,0.9903994,0.32178354,0.9914125,0.78436166,0.9891597,0.9823398,0.97920007,0.9548991,0.9927894,0.9931012,0.9954294,0.9891995,0.9663119,0.97517675,0.9917025,0.9798674,0.9863822,0.975139,0.97766316,0.9146094,0.9945351,0.9853053,0.9929033,0.97324294,0.9947473,0.9690117,0.9797243,0.96839726,0.98212427,0.9912325,0.9918166,0.9735414,0.97507983,0.9812933,0.9699017,0.9843593,0.9712619,0.9333666,0.98960024,0.9633131,0.9860478,0.987562,0.9856889,0.935855,0.9738287,0.9827982,0.9966051,0.9819417,0.98761225,0.99164236,0.9918166,0.994698,0.98833376,0.9825045,0.9769988
apollo11movie,0.99077463,0.9847232,0.98977566,0.97192425,0.9635961,0.97925407,0.9839358,0.992274,0.99202985,0.9725625,0.9693574,0.9785981,0.99028105,0.9801162,1.0,0.9862021,0.97055024,0.9677632,0.98448807,0.9906068,0.97890145,0.9850743,0.9689647,0.9872225,0.9695296,0.55729264,0.9698613,0.9842673,0.98633045,0.97807086,0.98633564,0.9894989,0.96139365,0.9895274,0.9174743,0.8435558,0.9787012,0.9813524,0.9810016,0.9725332,0.9860117,0.9924262,0.9741352,0.9865684,0.96620154,0.98171234,0.96868384,0.9832915,0.9724812,0.989829,0.9822684,0.9834074,0.96561176,0.9483163,0.975056,0.9713306,0.9897908,0.99284357,0.9848756,0.97079945,0.9877778,0.9731874,0.9526402,0.9792195,0.96973985,0.99619234,0.9745835,0.9673807,0.97210884,0.9919249,0.97942317,0.49922946,0.97765887,0.9946917,0.96029073,0.95247036,0.7182604,0.96451646,0.9806767,0.98183566,0.9773306,0.97970146,0.9915911,0.9800462,0.978556,0.9834807,0.9744914,0.9912496,0.98060495,0.98200184,0.9653677,0.97942317,0.95477253,0.98503554,0.9752618,0.99654436,0.96551234,0.98955905,0.9780955,0.974959,0.9787394,0.9617874,0.98877376,0.96249944,0.98837876,0.98155487,0.99005246,0.98179495,0.98319113,0.9885513,0.9869713,0.4427936,0.9865991,0.8564645,0.98418343,0.98804,0.9879196,0.9822008,0.99338233,0.9809581,0.98722404,0.9908456,0.97745585,0.9931673,0.9884491,0.9840282,0.98154116,0.9770658,0.98503685,0.90725654,0.9831835,0.973655,0.9812756,0.9630227,0.98856705,0.9698442,0.98213243,0.9901667,0.97668386,0.99103814,0.99202985,0.9808866,0.97320217,0.98065525,0.9756759,0.99294484,0.9867284,0.96896803,0.9893124,0.9818532,0.9784696,0.9960393,0.98795456,0.9310181,0.97046435,0.96929145,0.9866395,0.96733886,0.9909445,0.9869393,0.99202985,0.9835978,0.98942137,0.97758174,0.98332757
arcticdogsmovie,0.989475,0.9848664,0.97897595,0.9751214,0.96974367,0.9789517,0.9874459,0.99148446,0.9920286,0.9627955,0.97316235,0.98657894,0.9899901,0.9800335,0.9862021,0.9999999,0.97316843,0.9590655,0.98478603,0.9724283,0.9755681,0.9891253,0.9774335,0.9910798,0.9871188,0.59979284,0.971413,0.9851786,0.9794561,0.9666204,0.98824435,0.9942094,0.9689279,0.98278856,0.90286154,0.82653725,0.9803094,0.9856562,0.98650134,0.9866264,0.9886078,0.9900184,0.97528505,0.9825102,0.96810526,0.9910895,0.9804765,0.9907811,0.9797465,0.98785675,0.97794926,0.9883642,0.9823305,0.9590915,0.96454257,0.9734368,0.9800759,0.9931704,0.9837468,0.98256207,0.99558204,0.97437555,0.9525184,0.98132735,0.98338145,0.9867479,0.9776053,0.9720042,0.9802628,0.9722115,0.98518354,0.49691144,0.9732614,0.9863769,0.95700926,0.9701505,0.7100172,0.97542626,0.9768396,0.97816825,0.97036433,0.9860765,0.9908196,0.9555846,0.9734401,0.99668014,0.9765488,0.9871453,0.98627055,0.98393524,0.97383225,0.98518354,0.9714629,0.98794246,0.9852557,0.9919406,0.98140687,0.98400986,0.98698074,0.9766246,0.9837263,0.969789,0.980667,0.9747872,0.984424,0.97641057,0.9807895,0.98898107,0.97888076,0.9929574,0.9849509,0.40337074,0.9894846,0.83092034,0.97861844,0.9957095,0.9937532,0.9666663,0.9858144,0.980391,0.9849513,0.9873573,0.9836032,0.97830343,0.9870174,0.9872396,0.9643221,0.9799411,0.9769631,0.9279576,0.9863013,0.97103935,0.9838039,0.96172744,0.9923677,0.95847636,0.98837775,0.98151374,0.98400944,0.98557043,0.9920286,0.9715849,0.9836112,0.98451763,0.96270597,0.9836924,0.9794773,0.9566357,0.9835305,0.98715645,0.9838456,0.98957264,0.9772463,0.91937196,0.97318494,0.9751209,0.98868185,0.9771499,0.98650146,0.98713464,0.9920286,0.97832716,0.98275244,0.9858373,0.9821588
arcticmovie,0.96290094,0.9436961,0.9884331,0.96974635,0.97450036,0.97605556,0.9745119,0.9665026,0.9765638,0.98065305,0.922493,0.9354534,0.9595132,0.97879237,0.97055024,0.97316843,0.9999999,0.95729643,0.97461337,0.9716371,0.98579717,0.9688676,0.9548307,0.9770465,0.9826624,0.6734733,0.9867522,0.98864985,0.97796994,0.965768,0.97200996,0.9744958,0.97927564,0.97400695,0.8262975,0.7722551,0.9889784,0.95443857,0.9591532,0.98093814,0.95122015,0.97057587,0.9854474,0.9790051,0.9787367,0.9638729,0.9500621,0.971615,0.959233,0.9785394,0.97077984,0.9815714,0.97132653,0.9744183,0.918512,0.97309613,0.9725956,0.9719572,0.9727095,0.9774844,0.96121955,0.9825998,0.9727979,0.96808094,0.96279055,0.9581441,0.978004,0.96851474,0.9417098,0.9616703,0.9774156,0.42391822,0.9466042,0.9810632,0.8917159,0.9881372,0.5846512,0.9786059,0.9894115,0.9385897,0.9349349,0.9703214,0.9739967,0.9627472,0.95389366,0.97312486,0.9796193,0.971739,0.94945586,0.9921031,0.9819918,0.9774156,0.9628922,0.9753117,0.98363936,0.96710944,0.9712723,0.9668885,0.96472716,0.9543135,0.9596184,0.9800386,0.95377433,0.972936,0.95499915,0.97087663,0.97458476,0.9702426,0.9765381,0.95825255,0.98564357,0.26783466,0.98041636,0.7695022,0.9822863,0.97160196,0.9637387,0.91840273,0.9779658,0.9707429,0.9742039,0.96300787,0.9542918,0.97415286,0.97107816,0.97161597,0.9736563,0.9442329,0.9510033,0.9358276,0.9811582,0.97917247,0.98779464,0.9747332,0.98097914,0.9700749,0.95577675,0.9482942,0.97580796,0.97905815,0.9765638,0.9696451,0.95075876,0.96473336,0.9431947,0.98251855,0.9526442,0.9156786,0.9673158,0.95461786,0.96242815,0.9844553,0.97642094,0.95943695,0.978545,0.98180264,0.9817567,0.98549044,0.9651016,0.96885264,0.9765638,0.9755941,0.98710006,0.9738652,0.9549322
artofracingmovie,0.97351557,0.9623512,0.9768326,0.98916817,0.9858607,0.96154666,0.97852844,0.97461003,0.9858105,0.97860223,0.96414584,0.9466816,0.9772568,0.9834493,0.9677632,0.9590655,0.95729643,1.0000001,0.9836213,0.9487843,0.96156657,0.98213285,0.97283816,0.97886753,0.966061,0.55746996,0.97480303,0.97476846,0.9845072,0.98598963,0.9791595,0.968551,0.9611897,0.9670223,0.8602268,0.78317,0.9776234,0.9786663,0.9713491,0.964826,0.9732179,0.9618077,0.9699402,0.9641075,0.98149085,0.9674509,0.9684627,0.9853181,0.97262204,0.96858233,0.98941886,0.9752579,0.9666751,0.95695245,0.96277773,0.9850614,0.9811828,0.9753671,0.9769723,0.98049533,0.95971704,0.9849985,0.9770319,0.9817786,0.96020305,0.96750677,0.9866281,0.9575028,0.95740116,0.95413524,0.97937715,0.45929474,0.95572996,0.97771275,0.9397861,0.9232772,0.65043604,0.93248355,0.9759136,0.9693445,0.97265506,0.98226017,0.9765142,0.96449137,0.9717772,0.96458286,0.9648266,0.9814515,0.9578439,0.97934,0.97972137,0.97937715,0.9693373,0.9807807,0.98448026,0.9719521,0.9813316,0.9642851,0.962234,0.9728531,0.9667894,0.9806141,0.95760745,0.9678472,0.974242,0.9890552,0.98039556,0.968038,0.95666504,0.9496622,0.9821691,0.35860008,0.9824129,0.77604854,0.95978504,0.9703375,0.9708737,0.95248294,0.9862217,0.9828145,0.98039937,0.98219466,0.9749432,0.97411865,0.98327976,0.96451235,0.98634833,0.9768377,0.9790388,0.8933166,0.9805226,0.97439134,0.9768459,0.9573466,0.9779295,0.98626,0.9769601,0.96650374,0.9775133,0.98091614,0.9858105,0.9797391,0.96927756,0.9485447,0.9482122,0.97644067,0.95647097,0.9358634,0.9757191,0.95504504,0.9771109,0.9756917,0.9804139,0.94566834,0.9648221,0.9699335,0.98518133,0.9694471,0.9796607,0.97218734,0.9858105,0.98490006,0.98324853,0.9821166,0.9828435
avengers,0.9906543,0.9791185,0.98241764,0.99529487,0.9891382,0.9739747,0.99359703,0.9929454,0.99504673,0.9778222,0.97182363,0.97404605,0.98377454,0.9878926,0.98448807,0.98478603,0.97461337,0.9836213,0.99999994,0.9698115,0.9795119,0.9908606,0.9862734,0.98906165,0.97897995,0.5815579,0.97017187,0.98557174,0.9875668,0.9816631,0.9971198,0.98858815,0.9828352,0.982228,0.87739265,0.77821773,0.9910571,0.9819829,0.98969877,0.98212,0.9889272,0.9758988,0.9776367,0.97487676,0.97707546,0.975563,0.98460954,0.9933046,0.98490083,0.9819449,0.99094963,0.9938096,0.9752154,0.9479757,0.9652346,0.9871396,0.9905073,0.9867004,0.9920301,0.98412967,0.98615414,0.9833675,0.962075,0.98591375,0.98490965,0.977516,0.9879594,0.9732248,0.9779574,0.9686731,0.9840144,0.4864445,0.9642929,0.9860931,0.94725305,0.95518064,0.684548,0.9564913,0.9862748,0.981104,0.9809767,0.9884917,0.98679024,0.956577,0.9672706,0.9813761,0.9830032,0.98705864,0.96591836,0.9923308,0.9822435,0.9840144,0.9678111,0.9873826,0.9913648,0.98790574,0.9799193,0.97706,0.98783064,0.9787134,0.97097635,0.98349166,0.97222096,0.97125506,0.9784324,0.9851316,0.9814255,0.9746312,0.9834649,0.97233933,0.9909024,0.37558934,0.9969448,0.79482627,0.9729941,0.9894586,0.9917151,0.96087843,0.9936984,0.9940039,0.98977154,0.9951583,0.9795116,0.9775127,0.99263173,0.9902174,0.976869,0.98879975,0.9812924,0.92904556,0.988474,0.98508567,0.9869624,0.96177876,0.9941675,0.9779051,0.9927691,0.98463666,0.98220545,0.9841042,0.99504673,0.9780579,0.9684193,0.96557754,0.9462122,0.99223477,0.9747854,0.9453682,0.9766831,0.9749526,0.9922355,0.9893123,0.9837292,0.96043354,0.96639323,0.9779155,0.99204695,0.9815686,0.9944405,0.9904275,0.99504673,0.9957537,0.9940539,0.99039614,0.99253446
beachbummovie,0.9774208,0.95819944,0.9853115,0.9542322,0.95534176,0.96752447,0.968652,0.9731038,0.9779459,0.96960825,0.9377504,0.95789754,0.97136897,0.96552914,0.9906068,0.9724283,0.9716371,0.9487843,0.9698115,0.9999999,0.96872264,0.97039336,0.9558933,0.97519594,0.9635021,0.57275474,0.96127576,0.9808486,0.97414327,0.9642404,0.9682562,0.97578984,0.9512887,0.98705506,0.9070076,0.8565992,0.9689005,0.95929086,0.9566575,0.96117,0.96502864,0.985425,0.9638706,0.9876526,0.9572591,0.9651076,0.9539999,0.9659594,0.9603384,0.98686993,0.9702368,0.97382736,0.960998,0.9442238,0.9507578,0.9634367,0.9787946,0.9791912,0.9660461,0.9554887,0.9715652,0.9607778,0.9499906,0.9591197,0.9543543,0.983278,0.96782565,0.95865875,0.95220584,0.9950577,0.96493983,0.52540475,0.9653775,0.9864577,0.93738395,0.961103,0.7016018,0.97662705,0.9776214,0.9571295,0.95222175,0.96019083,0.9767642,0.9682349,0.96978897,0.9717799,0.970073,0.9776277,0.96568626,0.97664887,0.9528118,0.96493983,0.9477661,0.9752343,0.9633048,0.98599774,0.94947064,0.9909732,0.96004134,0.96863127,0.95768404,0.9516363,0.98430234,0.9507716,0.9639993,0.97013706,0.98168904,0.96630377,0.9749282,0.9740674,0.97460395,0.44476676,0.97052306,0.86596847,0.97433877,0.96834534,0.971508,0.96133274,0.977759,0.9639321,0.97129905,0.9714242,0.9636859,0.9822086,0.9731415,0.9635961,0.9706003,0.9514813,0.9641779,0.9200391,0.96880984,0.9754309,0.9724339,0.96487916,0.974101,0.955912,0.96479064,0.97442347,0.96305174,0.97891337,0.9779459,0.96556884,0.95181894,0.9701663,0.9642394,0.9869339,0.9717814,0.96394134,0.97816,0.9784328,0.9553736,0.98995256,0.97270113,0.9364703,0.964922,0.95742506,0.97141474,0.9550503,0.9791251,0.9681539,0.9779459,0.9716189,0.98318595,0.9683575,0.9690617
bernadettefilm,0.97192115,0.95502424,0.9846916,0.9744179,0.9639727,0.9732613,0.987845,0.9806457,0.98194206,0.9800189,0.933535,0.95350003,0.96888477,0.9901488,0.97890145,0.9755681,0.98579717,0.96156657,0.9795119,0.96872264,0.99999994,0.964025,0.96630263,0.9847517,0.9816148,0.6460515,0.9850839,0.9888867,0.9726132,0.9610555,0.98360294,0.97519135,0.97913694,0.9793426,0.82725245,0.7504564,0.9937409,0.9584439,0.97552395,0.9834931,0.96713954,0.9764435,0.96710217,0.9763977,0.9854025,0.97410345,0.96177757,0.97599053,0.94925106,0.97811514,0.9634797,0.9792125,0.96198934,0.95659685,0.931337,0.9638617,0.9874667,0.9801631,0.9899815,0.97643775,0.9748153,0.9890858,0.9709394,0.9852934,0.9605445,0.967131,0.9781658,0.97961456,0.944803,0.9651547,0.9810777,0.35439348,0.9536773,0.97696245,0.9023508,0.9618599,0.5914,0.9648453,0.98847467,0.9506967,0.95270616,0.97826594,0.98698443,0.95766157,0.9465636,0.968954,0.95749927,0.9764487,0.94873923,0.9865657,0.96406424,0.9810777,0.94323987,0.96520114,0.98325205,0.97124493,0.95865464,0.9711887,0.97885656,0.960863,0.97836226,0.98090804,0.94849,0.9721844,0.9739348,0.9607858,0.9776691,0.98171437,0.9825043,0.9736672,0.9888853,0.27165473,0.9858806,0.7569212,0.9879333,0.97670627,0.9734996,0.9346153,0.9852208,0.98679644,0.9872599,0.9769731,0.9530601,0.97372454,0.98247427,0.9818486,0.9751128,0.9530012,0.9596447,0.89472705,0.9903285,0.97036314,0.98865354,0.97656196,0.98944414,0.9620075,0.96751845,0.96137595,0.97827435,0.98527837,0.98194206,0.9589487,0.9620219,0.98347247,0.9642421,0.98447657,0.96157324,0.90762824,0.97831196,0.9564672,0.97883064,0.9839835,0.98188287,0.9384367,0.9786038,0.9862702,0.9894699,0.98399466,0.9768353,0.9830156,0.98194206,0.9860021,0.98183644,0.96786374,0.9594525
