movie,21bridgesmovie,47metersdown,abeautifuldaymovie,abominablemovie,adastramovie,adogsjourneymovie,aftermathmovie,aftermovie,ahiddenlifefilm,alitamovie,angelhasfallen,angrybirdsmovie,annabellemovie,annamovie,apollo11movie,arcticdogsmovie,arcticmovie,artofracingmovie,avengers,beachbummovie,bernadettefilm,blackandbluemovie,blackchristmas,blindedbythelightmovie,bombshellmovie,booksmart,breakthroughmovie,brianbanksmovie,brightburnmovie,brittanyrunsmov,captainmarvelofficial,captivestatemovie,catsmovie,charliesangels,childsplaymovie,clarathefilm,coldpursuitmovie,countdown,currentwarmovie,darkwatersmovie,detectivepikachumovie,disneyaladdin,disneyfrozen,disneymaleficent,doctorsleepmovie,dolemiteismyname,dontletgomovie,doramovie,downtonabbey_official,dumbo,escaperoom,everybodyknowsmovie,fastandfuriousmovie,fightingwmyfam,fivefeetapartfilm,fordvferrari,freaksthefilm,geminimanmovie,glassmovie,gloriabellmovie,godzillamovie,goldfinchmovie,goodboysmovie,goodliarmovie,gretafilm,halathemovie,happydeathdaymovie,harrietfilm,hellboymovie,hersmellmovie,highlifemovie,highstrungmovie,honeyboymovie,hotelmumbaifilm,httydragon,hustlemovie,hustlersmovie,isntitromantic,itmovieofficial,jayandsilentbob,johnwickmovie,jojorabbitmovie,jokermovie,judythefilm,jumanjimovie,justmercyfilm,knivesout,lalloronamovie,lastblackmansf,lastchristmasthemovie,latenightmovie,lighthousemovie,lionking,littlethemovie,littlewomenmovie,littlewoodsfilm,longshotmovie,lordsofchaosmovie,lucyintheskyfilm,mamovie2019,marriagestory,meettheaddams,meninblack,midsommarmovie,midwaymovie,missbalamovie,missinglinkfilm,motherlessbklyn,onceinhollywood,onthebasisofsex,overcomermovie,peanutbutterfalcon,petsematarymovie,piercingmovie,playingwithfire,playmobilthemovie,pomsmovie,queenandslim,rambomovie,readyornotfilm,richardjewellfilm,rocketmanmovie,scarystoriesmovie,secretlifeofpets,serenityfilm,shaftmovie,shazammovie,spidermanmovie,spiesindisguise,starwars,stormboymovie,stubermovie,taosdfilm,teenspiritmov,terminator,theaeronautsmov,thebestofenemies,thedeaddontdie,thefarewell,thehighwaymen,thehummingbirdprojectfilm,theintrudermovie,theirishmanfilm,thekitchenmovie,thelegomovie,themustangfilm,thenightingalefilm,theprodigymovie,thesunisalsoastar,theupsidefilm,tolkienmovie,toystory,triplefrontier,uglydolls,uncutgems,underthesilverlake,usmovie,wavesmovie,whatmenwant,wonderparkmovie,wrinklestheclown,xmenmovies,yardiefilm,yesterdaymovie,zombieland
21bridgesmovie,1.0,0.95814234,0.9558077,0.95692074,0.95181125,0.94151247,0.9637762,0.9528679,0.9774168,0.942842,0.9611469,0.9366723,0.96053237,0.94649947,0.9566831,0.96013045,0.9531544,0.9495467,0.96934927,0.94432425,0.9583572,0.95430917,0.9459327,0.9584154,0.9562975,0.8562006,0.94493735,0.9456028,0.96339303,0.9548387,0.93984216,0.94420093,0.9484094,0.9541195,0.94453645,0.9068719,0.9594819,0.9699908,0.9522583,0.9473198,0.93346465,0.9565186,0.9349989,0.9553935,0.9441533,0.94466877,0.94755703,0.9513932,0.9488282,0.9588047,0.96214575,0.95613134,0.9596952,0.9497255,0.9498638,0.9512112,0.9434524,0.9475133,0.9566286,0.95466864,0.941224,0.96281815,0.94415736,0.948455,0.9430679,0.93731046,0.94761956,0.93672675,0.95234084,0.93521655,0.9574872,0.8122247,0.94955933,0.9549424,0.93312883,0.94506425,0.92934567,0.94905007,0.95335585,0.94871694,0.9609321,0.9674347,0.9565358,0.9434733,0.9570555,0.9483074,0.9500424,0.96271515,0.9537211,0.9563098,0.9475342,0.9574872,0.94400215,0.939313,0.95508,0.94765466,0.96275,0.9520976,0.94975996,0.9422847,0.93856937,0.9581811,0.9583023,0.9571458,0.9523897,0.9613807,0.95594156,0.9467331,0.9545118,0.94166446,0.94732714,0.87584704,0.9494798,0.90984017,0.9419287,0.96470195,0.987504,0.9510537,0.9628042,0.95393175,0.95413524,0.9507413,0.96277386,0.93693167,0.9508864,0.9502917,0.95749336,0.9500006,0.94599223,0.92981815,0.95231557,0.93462634,0.95268947,0.93504447,0.9426321,0.95652866,0.97652626,0.9565409,0.96205544,0.9514309,0.9774168,0.9520017,0.9272487,0.9453312,0.9479736,0.95251125,0.9464955,0.9474839,0.95577455,0.96846646,0.9537417,0.9594157,0.9483162,0.9367743,0.94175196,0.95745987,0.95059454,0.94909006,0.9470905,0.9472307,0.9774168,0.9449011,0.951774,0.95941156,0.95442843
47metersdown,0.95814234,0.9999998,0.9486062,0.9427926,0.9493881,0.9369009,0.95417106,0.9530665,0.9715923,0.9416451,0.95069146,0.9293274,0.9495744,0.95063466,0.95817935,0.9603791,0.9494805,0.95251614,0.9359807,0.93455297,0.9543229,0.94376117,0.9420253,0.95323974,0.9468546,0.8614356,0.9340694,0.94057244,0.9561781,0.93937904,0.9287478,0.9440109,0.93036515,0.94110656,0.93741536,0.90494674,0.93941784,0.9496809,0.9476488,0.9445165,0.9316189,0.9468474,0.9235129,0.94595414,0.93940294,0.9387582,0.9425393,0.94401383,0.9522457,0.95115703,0.9544747,0.95985544,0.9404168,0.9333047,0.9412532,0.9473691,0.9364131,0.9481881,0.94839716,0.9448136,0.9424815,0.95227545,0.9373711,0.9433235,0.93639,0.92926794,0.9304053,0.9432617,0.94706833,0.9271641,0.94440633,0.79312867,0.94002575,0.95079887,0.9332563,0.9319084,0.9142928,0.9307091,0.946321,0.9394237,0.9437049,0.95061785,0.94896054,0.936001,0.94537467,0.9472083,0.9375944,0.95304644,0.94741464,0.9610411,0.9359772,0.94440633,0.93317014,0.94105846,0.94054353,0.93532246,0.9531246,0.941648,0.9390855,0.9444074,0.936922,0.94680935,0.9439362,0.94438136,0.9501029,0.95170546,0.952531,0.94088686,0.935445,0.9465935,0.9453506,0.862047,0.9512505,0.9095347,0.9334669,0.9478047,0.9614387,0.94229543,0.9460139,0.9473964,0.94201475,0.94715554,0.94213533,0.9412571,0.9471103,0.9491318,0.9518315,0.9365625,0.94104373,0.9129712,0.9606373,0.93494356,0.9490157,0.9308513,0.94525325,0.9363867,0.9609536,0.94603765,0.9422767,0.9461638,0.9715923,0.95133364,0.92688084,0.94211644,0.9491778,0.9543533,0.93375486,0.93246007,0.9440408,0.940072,0.9541049,0.94134337,0.9395682,0.897975,0.9322989,0.94990605,0.9516531,0.94377756,0.9493615,0.9510915,0.9715923,0.94724524,0.94732636,0.9546193,0.9477066
abeautifuldaymovie,0.9558077,0.9486062,1.0,0.9536894,0.95524085,0.9463683,0.95719117,0.95900583,0.9757364,0.9581305,0.9536401,0.9458769,0.9476182,0.9516444,0.94901067,0.9584041,0.95478135,0.9647827,0.9534324,0.935224,0.95342904,0.970714,0.9456097,0.9565599,0.95152205,0.85267335,0.9527691,0.943422,0.97086066,0.9462006,0.9577728,0.94817466,0.9534771,0.9620602,0.94083315,0.91816604,0.9504148,0.950747,0.95696634,0.9405452,0.95209587,0.9450288,0.9333446,0.9473621,0.9530668,0.9492886,0.9486041,0.95299625,0.95986956,0.9530252,0.96778834,0.95473003,0.95111734,0.93507046,0.95162684,0.958718,0.94899654,0.9397584,0.9447241,0.95545655,0.9507354,0.95987827,0.94683295,0.95460397,0.93860984,0.939988,0.9462861,0.95080394,0.9559178,0.94057137,0.96046567,0.8287505,0.9504946,0.9457253,0.93308574,0.939626,0.90677476,0.95694184,0.95694333,0.9534851,0.9569264,0.95419,0.9535337,0.95209295,0.9584908,0.94884825,0.9525272,0.95224804,0.9485939,0.94787437,0.947035,0.96046567,0.94853055,0.950374,0.9580053,0.945527,0.9517518,0.95138633,0.9526748,0.9547467,0.93376225,0.9604018,0.95767653,0.96210116,0.95209223,0.96329767,0.9611413,0.95386297,0.95655423,0.93172085,0.94456035,0.88925225,0.95873356,0.9166826,0.95292807,0.95470554,0.9572577,0.9554566,0.96424156,0.9433238,0.9519405,0.9583323,0.9558861,0.94553864,0.95985943,0.9531027,0.9584099,0.9653551,0.9468721,0.9347346,0.95406187,0.9481284,0.9550803,0.9466096,0.94435227,0.9472551,0.9505705,0.9490265,0.9618317,0.9501715,0.9757364,0.9693183,0.9385595,0.95881236,0.94473624,0.94955224,0.9363661,0.92570686,0.9529818,0.9463813,0.9553981,0.9690525,0.94375175,0.9120332,0.9401924,0.95709115,0.9556837,0.9625254,0.9528935,0.9489309,0.9757364,0.9533772,0.96181566,0.9579089,0.966942
abominablemovie,0.95692074,0.9427926,0.9536894,0.9999998,0.95415497,0.94002163,0.9513837,0.94130945,0.9701652,0.9474489,0.9418235,0.9293343,0.95593446,0.9461118,0.93716985,0.9483721,0.94525856,0.94943285,0.9498265,0.92595935,0.95041096,0.9555964,0.9452449,0.9555278,0.9517774,0.85761803,0.9542913,0.9451371,0.9540383,0.9516035,0.94394505,0.9444008,0.9417342,0.9456349,0.9498862,0.930779,0.946869,0.9548601,0.9512861,0.9310552,0.92964846,0.93564296,0.92394304,0.937547,0.9300162,0.94367224,0.94583607,0.9515139,0.95131665,0.94541556,0.95646137,0.94617486,0.9455571,0.93890053,0.9462901,0.94929343,0.9403594,0.9442231,0.94974834,0.95240194,0.9402502,0.9519526,0.9395232,0.9479703,0.9397943,0.9366742,0.9356736,0.93748003,0.9407328,0.94896847,0.9618444,0.81478816,0.9476344,0.95208037,0.9546615,0.9350695,0.9168158,0.9405515,0.9427558,0.94309986,0.95092094,0.9526236,0.95201874,0.9459222,0.9497943,0.946621,0.9540181,0.95238614,0.9535113,0.9585411,0.93732977,0.9618444,0.9502693,0.9471557,0.9506362,0.9500241,0.948232,0.95209354,0.9412787,0.942498,0.9440528,0.9544353,0.9545433,0.9581362,0.93657833,0.95590407,0.95003206,0.94369483,0.94231147,0.92820877,0.9473171,0.88987434,0.94537675,0.93500257,0.9444461,0.9539848,0.9604644,0.96068156,0.9552268,0.9445674,0.9335274,0.95362306,0.95867425,0.93771696,0.9451197,0.94820696,0.9479676,0.9479358,0.94854176,0.9293275,0.9511458,0.94173825,0.9475984,0.93391305,0.948316,0.94987106,0.9565267,0.9362625,0.96187013,0.952294,0.9701652,0.9457955,0.9387215,0.94277376,0.93075895,0.9449464,0.9371558,0.9458516,0.950445,0.9445501,0.95624447,0.9518089,0.9358988,0.9105097,0.9354803,0.9569107,0.94283175,0.96117467,0.9476039,0.9501607,0.9701652,0.93878615,0.94816464,0.953058,0.9495333
adastramovie,0.95181125,0.9493881,0.95524085,0.95415497,1.0000001,0.9387181,0.9625519,0.95465255,0.9751203,0.95998245,0.94794905,0.92671853,0.9488695,0.9498659,0.94405353,0.94207007,0.9545782,0.97523206,0.9524749,0.93542385,0.9587069,0.95870537,0.948603,0.9578259,0.95357084,0.8395933,0.9549784,0.95878553,0.9541631,0.9412278,0.9545644,0.94461274,0.94519645,0.94222945,0.93176293,0.92643595,0.9469974,0.9453963,0.95265335,0.9362347,0.9452054,0.94694966,0.92597777,0.9447083,0.9469376,0.9581022,0.9483449,0.95393145,0.95055825,0.9511278,0.9561157,0.9516833,0.9414835,0.9439088,0.92907375,0.9681233,0.9458115,0.949183,0.9542466,0.94632775,0.945958,0.94231546,0.9446519,0.9506694,0.9400275,0.94376266,0.9491557,0.9505334,0.95128936,0.9402633,0.9558032,0.8106016,0.9426118,0.956665,0.94161284,0.929809,0.90227544,0.9420864,0.9490961,0.9516907,0.9517724,0.95476645,0.951184,0.9478365,0.94436073,0.9583231,0.9391292,0.9544855,0.95412594,0.9595965,0.9455738,0.9558032,0.94242007,0.94725424,0.9467979,0.949069,0.9488531,0.95163983,0.9461938,0.9531693,0.9366017,0.95935047,0.9511672,0.9552382,0.95088136,0.9570851,0.9542664,0.94846827,0.94678366,0.93639547,0.9405014,0.87852037,0.9535515,0.91764766,0.953915,0.94645375,0.9566405,0.95716536,0.95475227,0.9542571,0.9477135,0.948189,0.95256525,0.9325532,0.9538546,0.96255535,0.95958024,0.9453966,0.95890784,0.92513925,0.94609445,0.9542553,0.9572507,0.94350666,0.9470006,0.9458414,0.9607165,0.9394989,0.9542633,0.9467392,0.9751203,0.95668554,0.93755835,0.95334643,0.9453716,0.94588727,0.94578004,0.9289499,0.95905304,0.9461937,0.95941174,0.95003897,0.955527,0.9184376,0.92924637,0.9562117,0.949704,0.9558618,0.9454547,0.9442052,0.9751203,0.95838434,0.9480831,0.9546761,0.954408
adogsjourneymovie,0.94151247,0.9369009,0.9463683,0.94002163,0.9387181,0.9999999,0.9375321,0.93828315,0.96592253,0.93857276,0.93317556,0.9203437,0.9363961,0.94926775,0.94087136,0.9280493,0.9456981,0.9290254,0.9485758,0.9271685,0.9507376,0.94585985,0.95208913,0.94702977,0.9397439,0.8576378,0.9415144,0.9411595,0.94948447,0.93013716,0.93894595,0.9385947,0.94074416,0.9350303,0.92957884,0.9114712,0.93436605,0.926374,0.94978493,0.9347148,0.9323918,0.93750715,0.9225685,0.9404314,0.94180053,0.9334247,0.9494751,0.9333493,0.94969434,0.9406746,0.947815,0.9541727,0.9396914,0.92015517,0.9208211,0.9377162,0.924041,0.9365917,0.92271334,0.9433483,0.94026893,0.9359344,0.9409957,0.93995625,0.93956316,0.9287825,0.9341425,0.9521639,0.9390769,0.9396377,0.9458789,0.82334584,0.9385594,0.94497246,0.9417996,0.9236009,0.9042626,0.93549293,0.9419896,0.94327074,0.9425129,0.9259298,0.94310063,0.9518956,0.9272046,0.9317646,0.91977876,0.95170426,0.93697846,0.94627213,0.9300418,0.9458789,0.94041544,0.9401611,0.9262123,0.94316584,0.9384057,0.94551957,0.9326552,0.94048333,0.91459966,0.9397882,0.9517831,0.9405154,0.94325376,0.9465672,0.95460784,0.9308515,0.9289507,0.9327738,0.9500305,0.880049,0.93929857,0.9060582,0.9428058,0.935417,0.94780684,0.9495051,0.94475657,0.93764853,0.9448101,0.9459566,0.93483007,0.96424896,0.94267356,0.93619186,0.9475994,0.9401503,0.93260723,0.93126446,0.9431585,0.91372466,0.9415539,0.9243827,0.9401341,0.9395315,0.94309026,0.93982214,0.9430981,0.93186396,0.96592253,0.9436285,0.91831774,0.9453136,0.9390442,0.93992066,0.92455167,0.9249899,0.94392484,0.92905664,0.94073766,0.9360489,0.93038017,0.9026619,0.9405657,0.9509105,0.9454664,0.94295615,0.934974,0.93634677,0.96592253,0.93652886,0.9430438,0.9631644,0.94930464
aftermathmovie,0.9637762,0.95417106,0.95719117,0.9513837,0.9625519,0.9375321,1.0,0.9556911,0.9743314,0.9509278,0.9509927,0.93340975,0.95174825,0.9559526,0.9496231,0.94187266,0.9591497,0.95671535,0.959278,0.94128555,0.9560057,0.9578478,0.9421221,0.9571289,0.94923174,0.84740466,0.93984854,0.95239663,0.96340096,0.9373901,0.9447552,0.945889,0.9416738,0.95068884,0.9378674,0.9072122,0.94465816,0.9476417,0.9514522,0.9368242,0.93567586,0.95146614,0.93588495,0.9441223,0.9411645,0.9444124,0.94623435,0.9562618,0.9472022,0.95175594,0.96053255,0.9536986,0.94723374,0.9378596,0.94895744,0.94571984,0.95458037,0.955001,0.9555862,0.9492208,0.94779265,0.95252615,0.9364847,0.9531484,0.93374133,0.9461772,0.943755,0.9399967,0.95650584,0.9484585,0.9513763,0.8037959,0.9462552,0.95083714,0.92712903,0.9385343,0.9042924,0.9509004,0.94942325,0.9369431,0.9525363,0.96858823,0.9543036,0.9469533,0.9447926,0.9564878,0.9392301,0.9573133,0.94614094,0.95079416,0.94705385,0.9513763,0.93772995,0.9442778,0.9457733,0.94372654,0.9519518,0.9529174,0.97204214,0.9492792,0.93263656,0.955331,0.95174605,0.95522267,0.94951046,0.9561029,0.95123917,0.93901306,0.948591,0.9260568,0.9486527,0.86896574,0.95751995,0.9098028,0.94834316,0.95211446,0.96198976,0.94338775,0.9529326,0.9826014,0.94465405,0.95552796,0.96139026,0.9285951,0.9498801,0.95412683,0.949206,0.94532317,0.95238864,0.9253947,0.9465278,0.95309246,0.9609396,0.93212605,0.9589393,0.94193935,0.96648204,0.93844885,0.95497763,0.95590705,0.9743314,0.95577055,0.92790514,0.9471095,0.9388821,0.9491166,0.9385315,0.93429255,0.9482257,0.9368357,0.9796473,0.9554628,0.9419793,0.9074218,0.9367621,0.95153755,0.95131433,0.9472951,0.9627076,0.9511092,0.9743314,0.9435361,0.95506054,0.95222753,0.9525724
aftermovie,0.9528679,0.9530665,0.95900583,0.94130945,0.95465255,0.93828315,0.9556911,1.0,0.9731036,0.9442153,0.9511217,0.9316611,0.9428216,0.95445645,0.94527936,0.9456972,0.9502935,0.95852596,0.95267016,0.9329619,0.95429796,0.9444346,0.94083303,0.95046645,0.9477546,0.85959864,0.94753504,0.9401607,0.9522143,0.9418279,0.94749284,0.9587985,0.94656444,0.9477336,0.94187385,0.9195533,0.94862986,0.9424506,0.951875,0.9561031,0.9499606,0.94115484,0.9295636,0.94570786,0.94733053,0.95141304,0.9465102,0.94934386,0.9521782,0.95009655,0.95666355,0.96070325,0.94303447,0.9373577,0.95173585,0.94270146,0.9477463,0.94831926,0.94902277,0.9558206,0.9443615,0.9499309,0.93920714,0.9542298,0.9457744,0.9442304,0.94555426,0.9518451,0.9563281,0.9414172,0.9545101,0.8152822,0.942663,0.9499803,0.9217137,0.931843,0.9053695,0.9422394,0.9512064,0.9538448,0.9464371,0.9533848,0.94958574,0.9444208,0.9454751,0.95211524,0.9468403,0.95053,0.9529233,0.95762485,0.93777144,0.9545101,0.93499446,0.9356705,0.94530725,0.9367741,0.9498667,0.94385475,0.9506098,0.951236,0.94308674,0.9576668,0.95094985,0.9570302,0.9424696,0.9552345,0.9580576,0.9488026,0.94341475,0.9465983,0.9504754,0.86255,0.963234,0.9177726,0.9441675,0.94524944,0.9530041,0.950942,0.95344687,0.94923526,0.94512177,0.9501661,0.95288116,0.9346879,0.9588271,0.9484857,0.9593221,0.9451519,0.9452357,0.92741203,0.9585807,0.9430112,0.94740635,0.92715794,0.94719946,0.9471774,0.9545694,0.9551442,0.9541399,0.9496295,0.9731036,0.9529812,0.93725616,0.94655854,0.9327039,0.9557369,0.9392921,0.94423616,0.9568803,0.94210577,0.95315456,0.95048827,0.9570827,0.9124611,0.946329,0.9485521,0.9501621,0.95463246,0.95308024,0.9542459,0.9731036,0.9580944,0.9535882,0.951413,0.9507312
ahiddenlifefilm,0.9774168,0.9715923,0.9757364,0.9701652,0.9751203,0.96592253,0.9743314,0.9731036,0.99999946,0.967063,0.9728013,0.9604738,0.9717168,0.97527957,0.97326887,0.96936685,0.97507834,0.97359806,0.96921855,0.95972794,0.976865,0.97134095,0.9711052,0.9783697,0.97376645,0.876434,0.96847045,0.9713945,0.98010427,0.9670554,0.96503633,0.9688595,0.96251714,0.97272277,0.96706164,0.9406944,0.97317356,0.9733714,0.9757865,0.96412104,0.96237874,0.9744897,0.95530355,0.9740386,0.96868515,0.97051996,0.9712032,0.9715672,0.9713064,0.9787515,0.9804746,0.9756196,0.96672094,0.96348536,0.9665,0.97220045,0.96530837,0.97068167,0.97163886,0.9739962,0.9649128,0.9733371,0.96931404,0.9732111,0.95914596,0.9633826,0.96730417,0.96691495,0.9701945,0.961641,0.9775132,0.8320333,0.97243875,0.9779832,0.9538768,0.9551018,0.93487453,0.9672133,0.97152627,0.96783185,0.97205293,0.97361845,0.9762143,0.96797025,0.9722207,0.9692817,0.9642215,0.976463,0.9723626,0.98006827,0.964495,0.9775132,0.9651519,0.96649575,0.9706424,0.9685768,0.97404826,0.97258586,0.96640885,0.96873504,0.96018684,0.9720681,0.9730888,0.97626895,0.9710188,0.97990143,0.9791754,0.9704109,0.9653408,0.9625881,0.97473305,0.8967149,0.9740191,0.9348104,0.96493936,0.97157794,0.9819235,0.97301173,0.97618085,0.96799195,0.96951395,0.96973413,0.9806721,0.96405184,0.9744457,0.97313917,0.97697604,0.96937525,0.966751,0.9532697,0.9725912,0.95735,0.97278655,0.9594236,0.96804214,0.96808976,0.9796576,0.9680983,0.9782882,0.97014016,0.99999946,0.9764977,0.95615786,0.9733412,0.96623737,0.9678715,0.9644795,0.9626273,0.9755524,0.96801513,0.9730166,0.9717037,0.9677396,0.9347314,0.9627718,0.97904325,0.97292584,0.97575104,0.96732104,0.9698287,0.99999946,0.9676146,0.97358435,0.9780803,0.97673994
alitamovie,0.942842,0.9416451,0.9581305,0.9474489,0.95998245,0.93857276,0.9509278,0.9442153,0.967063,1.0000002,0.9445068,0.9349981,0.9351064,0.9456244,0.9357054,0.93220705,0.94665855,0.96091247,0.9429066,0.9272287,0.9398861,0.94600385,0.9421671,0.9498063,0.9373805,0.83352226,0.93908095,0.9348367,0.9509807,0.9378582,0.9420485,0.9404946,0.94155383,0.9411906,0.92827773,0.92897654,0.94078606,0.93960357,0.937204,0.92968893,0.92780584,0.93574315,0.9233891,0.9342778,0.9469427,0.9525578,0.9420457,0.94715905,0.9511108,0.9433506,0.9516289,0.9521935,0.9385538,0.91989875,0.9257052,0.95077467,0.9436752,0.9360545,0.9389661,0.93760586,0.9259962,0.945013,0.93523633,0.93547505,0.94435215,0.93679976,0.93265516,0.94269645,0.957607,0.93518573,0.94823295,0.8214347,0.9332018,0.9388891,0.93292326,0.9287954,0.90414697,0.93653464,0.9466067,0.9330064,0.94208246,0.9371776,0.93295133,0.9440948,0.9367895,0.9366022,0.9391652,0.94679326,0.93908006,0.94375134,0.9392674,0.94823295,0.93687934,0.9404959,0.9323526,0.9400388,0.9429876,0.94210565,0.93800175,0.94606715,0.9251077,0.94623494,0.9478467,0.93911666,0.95732754,0.94816613,0.9457288,0.93701,0.9301688,0.9265828,0.94488776,0.8724139,0.95038396,0.9166482,0.93215245,0.94295627,0.952522,0.95390874,0.9522128,0.93855315,0.93711257,0.9436309,0.94809544,0.93454975,0.9440134,0.9495874,0.9509996,0.9355349,0.95374584,0.9134131,0.94032496,0.94348985,0.9547052,0.9431365,0.94986075,0.9362023,0.9449939,0.94102436,0.9473429,0.943975,0.967063,0.9462273,0.92922807,0.9443647,0.9294809,0.9510421,0.9348962,0.9140352,0.94573176,0.9379098,0.9463088,0.9477854,0.92753243,0.9098797,0.92203534,0.93873864,0.94714195,0.9464766,0.9382426,0.93889415,0.967063,0.9411138,0.9544655,0.9558441,0.95156586
angelhasfallen,0.9611469,0.95069146,0.9536401,0.9418235,0.94794905,0.93317556,0.9509927,0.9511217,0.9728013,0.9445068,0.99999976,0.93887746,0.9426097,0.9494594,0.9419846,0.9493355,0.9490505,0.9515178,0.95031005,0.934237,0.94784254,0.95288587,0.9439333,0.9546867,0.9464954,0.8701557,0.95030314,0.94392633,0.9601947,0.95027494,0.93969077,0.94213134,0.9463689,0.9504831,0.942489,0.90839493,0.94338226,0.9483305,0.9509897,0.9257597,0.92931634,0.9492628,0.92161393,0.94587445,0.9528381,0.93554676,0.94707435,0.93998015,0.9418333,0.9528235,0.9616139,0.9444997,0.9453908,0.93510264,0.9489411,0.94633573,0.9430252,0.9420922,0.9458811,0.9472953,0.9338996,0.9473846,0.9413094,0.94664687,0.9246594,0.9482897,0.9479802,0.9323024,0.9648214,0.9307773,0.94823986,0.81125,0.9430076,0.949953,0.9348767,0.9329453,0.9113615,0.9399568,0.94905895,0.9383451,0.96773934,0.95437485,0.94840986,0.9342341,0.9451802,0.9421792,0.9543018,0.951415,0.93823975,0.9503426,0.9474357,0.94823986,0.93498135,0.9528289,0.943223,0.9566728,0.96182376,0.95608324,0.9406469,0.9565815,0.9179704,0.9451174,0.94725794,0.94500154,0.95196986,0.9576435,0.95034295,0.94377613,0.94934416,0.93087786,0.9472416,0.8743844,0.9439735,0.90563047,0.94033015,0.9593603,0.9580618,0.9470839,0.95693636,0.94094706,0.9491581,0.94297487,0.95562327,0.9351175,0.948784,0.95318943,0.9487884,0.9510933,0.9481776,0.927269,0.9505905,0.9333327,0.94595426,0.9393067,0.940889,0.9517709,0.9520914,0.94343644,0.95119244,0.93994445,0.9728013,0.95485985,0.9158993,0.9536889,0.94703233,0.93712056,0.93645716,0.9403759,0.95183444,0.9404439,0.94396454,0.94939256,0.9430133,0.9210149,0.92857414,0.9516772,0.9550766,0.94840467,0.9395897,0.93887067,0.9728013,0.9405054,0.9517034,0.95545346,0.95077246
angrybirdsmovie,0.9366723,0.9293274,0.9458769,0.9293343,0.92671853,0.9203437,0.93340975,0.9316611,0.9604738,0.9349981,0.93887746,0.9999997,0.93212813,0.93415236,0.93450356,0.93448514,0.93220854,0.9340642,0.92136055,0.93320966,0.9305565,0.9354692,0.9345411,0.94024646,0.9347428,0.84789115,0.92795265,0.93143004,0.94855124,0.92802453,0.92038053,0.92810047,0.91667163,0.95829415,0.9488099,0.9073709,0.93759936,0.9311362,0.9303235,0.91886723,0.9285383,0.9421096,0.93064487,0.94096774,0.94440055,0.93474364,0.93314564,0.9450571,0.9247054,0.9481108,0.9579979,0.9262478,0.9371036,0.9308818,0.93449223,0.9389172,0.9308145,0.9338173,0.9400914,0.93236816,0.9286892,0.93264484,0.926569,0.93066204,0.919117,0.92840135,0.9372939,0.9191247,0.927717,0.9270091,0.93501514,0.8227356,0.93565905,0.9331411,0.9094702,0.9243233,0.9104573,0.9274216,0.938101,0.9299185,0.92665696,0.93220836,0.946447,0.9164202,0.958496,0.9373465,0.93692714,0.9296127,0.9255239,0.9366168,0.9277641,0.93501514,0.92634606,0.9278644,0.95417744,0.92427546,0.93086684,0.93362075,0.9320623,0.9363035,0.9245063,0.92863095,0.93586135,0.9400723,0.93031466,0.95571613,0.9386586,0.9396344,0.9312216,0.92176974,0.93170804,0.8639791,0.9377031,0.9161484,0.91705996,0.93225133,0.93726766,0.9312816,0.9420504,0.92610806,0.9397621,0.9306002,0.9483885,0.9295222,0.93691003,0.9296191,0.9359136,0.9391006,0.92697924,0.9091642,0.9321626,0.91710955,0.935519,0.91981417,0.93094754,0.9221254,0.9375743,0.9179149,0.9529568,0.9294723,0.9604738,0.94425404,0.92023003,0.93571264,0.9363906,0.9258082,0.9356503,0.93762475,0.9400685,0.91834265,0.9318489,0.9197249,0.92340004,0.8801044,0.9147534,0.93919885,0.9319981,0.9450026,0.9291363,0.9299918,0.9604738,0.93075675,0.9311185,0.936082,0.953325
annabellemovie,0.96053237,0.9495744,0.9476182,0.95593446,0.9488695,0.9363961,0.95174825,0.9428216,0.9717168,0.9351064,0.9426097,0.93212813,1.0000002,0.95326155,0.94778395,0.95133775,0.9618281,0.9444602,0.93986416,0.93404704,0.95252305,0.9468155,0.948284,0.9494389,0.96136117,0.8647326,0.93089473,0.95443857,0.9498313,0.9489584,0.9361222,0.948649,0.9390899,0.95127463,0.9469307,0.9063177,0.95431936,0.9642387,0.95569247,0.935829,0.9460487,0.9525071,0.93119687,0.9467518,0.9274307,0.94862014,0.9469629,0.9494938,0.9490201,0.9505216,0.9502541,0.9443225,0.9576206,0.93620795,0.95529115,0.93629616,0.9374788,0.9492985,0.95158136,0.9489765,0.96063054,0.9575551,0.9375923,0.9524375,0.9306488,0.94325405,0.9489525,0.9370681,0.9441475,0.94205517,0.9516644,0.81780744,0.94182044,0.94687974,0.9475701,0.9454242,0.9278223,0.94248307,0.9440112,0.9436887,0.9477515,0.9645382,0.9648313,0.9371423,0.96047425,0.9494235,0.9406738,0.9792508,0.95696026,0.94968796,0.9472532,0.9516644,0.9377489,0.93471426,0.9482142,0.9371336,0.9533979,0.9441094,0.94284785,0.9481461,0.9461864,0.95578957,0.9455872,0.9544785,0.9365024,0.9514568,0.95312804,0.946278,0.9430779,0.9365425,0.940717,0.8757782,0.95256674,0.9196396,0.9409929,0.9552785,0.96140563,0.95027953,0.9552159,0.93857723,0.95178014,0.94570875,0.9574528,0.9324638,0.9471156,0.95236975,0.96391785,0.94021475,0.94623274,0.9203745,0.9491136,0.93116087,0.95465046,0.9451323,0.95076185,0.9476363,0.9620023,0.9344124,0.9563581,0.94983673,0.9717168,0.9507569,0.93106544,0.94957095,0.9553475,0.94168997,0.93493646,0.9423568,0.950704,0.9518342,0.9515319,0.9431803,0.9514037,0.90854466,0.9432245,0.9537287,0.9466053,0.94102144,0.9488733,0.9507275,0.9717168,0.93942505,0.9464372,0.9477486,0.9473265
annamovie,0.94649947,0.95063466,0.9516444,0.9461118,0.9498659,0.94926775,0.9559526,0.95445645,0.97527957,0.9456244,0.9494594,0.93415236,0.95326155,1.0,0.9480223,0.9507358,0.96307003,0.9493893,0.94716984,0.9378108,0.94206184,0.9461533,0.95854074,0.95638996,0.9513342,0.8602709,0.9430314,0.94793916,0.952596,0.948391,0.9460946,0.95883095,0.93600714,0.9439831,0.9444647,0.9176535,0.9445724,0.94398034,0.9523385,0.9457664,0.9359,0.94941634,0.93664914,0.94685763,0.9448554,0.95457137,0.9590795,0.95011556,0.9508062,0.9515907,0.95498335,0.9570926,0.93584126,0.9363077,0.9461514,0.94029343,0.9370806,0.9552376,0.9394623,0.9499291,0.949411,0.9418732,0.9465738,0.9704544,0.94230384,0.9475722,0.9400487,0.95186263,0.95374733,0.9382162,0.9528367,0.81438494,0.9453982,0.94631505,0.9390044,0.93342227,0.91478497,0.94419295,0.9423122,0.94002837,0.94971174,0.955745,0.9589554,0.9440646,0.9385088,0.9470214,0.93636763,0.95744586,0.9505878,0.9582515,0.9477536,0.9528367,0.9402312,0.94957954,0.9399312,0.95143825,0.94997215,0.95434916,0.9528627,0.9630466,0.9347778,0.9462131,0.9464738,0.95772207,0.95512486,0.95401686,0.96254283,0.95081306,0.9414559,0.9359577,0.9534513,0.8694722,0.95700157,0.90770125,0.94590586,0.9455983,0.9502402,0.95329624,0.9540667,0.94790643,0.95254856,0.94931775,0.9519536,0.94693255,0.9477405,0.9501277,0.95623684,0.9445326,0.9481172,0.9319955,0.9452473,0.9392594,0.9515018,0.9465145,0.96199024,0.9539203,0.95022625,0.9364198,0.9488252,0.9454207,0.97527957,0.95682967,0.9342774,0.9547746,0.94113487,0.9497515,0.928137,0.9395691,0.95693505,0.9391801,0.95156544,0.94913566,0.94760203,0.9210206,0.94173914,0.9531085,0.9574625,0.95424896,0.95547193,0.9538782,0.97527957,0.94319075,0.9594706,0.95767206,0.94929427
apollo11movie,0.9566831,0.95817935,0.94901067,0.93716985,0.94405353,0.94087136,0.9496231,0.94527936,0.97326887,0.9357054,0.9419846,0.93450356,0.94778395,0.9480223,1.0000005,0.9513858,0.9416878,0.94928664,0.94077474,0.9654758,0.9566184,0.94595784,0.94570965,0.9454457,0.9475092,0.8735463,0.9351524,0.94443727,0.95743257,0.94284433,0.93265766,0.9368304,0.92958355,0.9358889,0.94336313,0.9072021,0.95328313,0.94729483,0.9499162,0.94433075,0.94241494,0.94855833,0.93307394,0.95172054,0.94316447,0.9442512,0.9444275,0.93617004,0.9480815,0.95262283,0.9536236,0.953281,0.94460225,0.95155,0.94642323,0.9535251,0.9372991,0.93449324,0.94331694,0.95235264,0.94642514,0.9590631,0.9520593,0.94286287,0.9362391,0.9233622,0.9352343,0.9385839,0.9404779,0.92642456,0.9515452,0.807971,0.9487917,0.9540323,0.923681,0.91982657,0.90475774,0.92799413,0.94900143,0.93966717,0.9433396,0.9442148,0.95552826,0.93845385,0.9495958,0.94799644,0.940695,0.9506429,0.9460516,0.95485926,0.93404686,0.9515452,0.9505348,0.94444335,0.9420749,0.94730836,0.9469857,0.9384699,0.94086194,0.94055444,0.9444612,0.94863147,0.9458538,0.9490197,0.9451332,0.95668596,0.9494593,0.9417883,0.9394836,0.94271487,0.94124955,0.87747914,0.94349986,0.91147655,0.9244474,0.93922,0.95942605,0.94254553,0.9543227,0.94100475,0.9485397,0.9465468,0.9496038,0.95045793,0.9495436,0.94622904,0.9570702,0.93638855,0.9339912,0.9223017,0.9564625,0.93599194,0.946358,0.9297941,0.93332124,0.94200003,0.9528676,0.94793737,0.9507726,0.9403536,0.97326887,0.94878006,0.93420774,0.94926506,0.94607484,0.95320976,0.9414179,0.94522536,0.9444924,0.94557416,0.9458523,0.94556653,0.94335896,0.8956086,0.94085336,0.94961125,0.94872224,0.9498847,0.9437316,0.9431047,0.97326887,0.9383259,0.9467585,0.9565198,0.9480448
arcticdogsmovie,0.96013045,0.9603791,0.9584041,0.9483721,0.94207007,0.9280493,0.94187266,0.9456972,0.96936685,0.93220705,0.9493355,0.93448514,0.95133775,0.9507358,0.9513858,1.0,0.95090157,0.94733864,0.9343765,0.939021,0.95132834,0.9519619,0.94224817,0.939789,0.9528035,0.84752846,0.9410049,0.93548715,0.9562136,0.94608086,0.93030924,0.9461704,0.93411046,0.9464483,0.94176227,0.9098267,0.94667315,0.95185965,0.9441591,0.93976283,0.9280695,0.9494318,0.9294461,0.94938093,0.9430113,0.944877,0.94230765,0.9450505,0.94608283,0.95492804,0.956351,0.9545847,0.942987,0.943112,0.9402697,0.94966817,0.9390722,0.9476096,0.94300693,0.9463171,0.9387427,0.9598892,0.945197,0.94539905,0.9434983,0.930147,0.9403297,0.9311658,0.94022113,0.92667955,0.9494412,0.8118954,0.94134533,0.9440132,0.92601335,0.9353064,0.9139106,0.9420956,0.94881725,0.95071334,0.9447544,0.95325154,0.95643234,0.93191695,0.948035,0.9439871,0.94047624,0.95346093,0.95039326,0.952869,0.9430826,0.9494412,0.94261384,0.93749464,0.9508749,0.9338222,0.9539169,0.9464165,0.9442882,0.9426791,0.9385069,0.9529225,0.9415806,0.94683844,0.9373068,0.9569834,0.9570142,0.96484613,0.95911515,0.9385731,0.9431585,0.8912737,0.94587636,0.90696955,0.9362834,0.9545796,0.96109366,0.9462227,0.95173156,0.93309784,0.9527673,0.9507946,0.9440725,0.935032,0.9456922,0.9436732,0.95953816,0.94325644,0.92782,0.91910905,0.9545885,0.92876744,0.9434232,0.9463001,0.9452293,0.9424049,0.9577799,0.93810827,0.9554265,0.94309247,0.96936685,0.9569589,0.92688984,0.9415577,0.94366646,0.95068806,0.9435729,0.9341716,0.9513531,0.9515755,0.94431615,0.95413965,0.9463947,0.9082657,0.93558866,0.952314,0.95316833,0.9496814,0.9369751,0.94588304,0.96936685,0.94329983,0.952479,0.9495883,0.95282704
arcticmovie,0.9531544,0.9494805,0.95478135,0.94525856,0.9545782,0.9456981,0.9591497,0.9502935,0.97507834,0.94665855,0.9490505,0.93220854,0.9618281,0.96307003,0.9416878,0.95090157,1.0,0.95039135,0.9450466,0.93129265,0.95285374,0.94736516,0.95583415,0.9550698,0.9556912,0.85002625,0.93736076,0.9686831,0.95262784,0.94986516,0.95073193,0.9517376,0.9342449,0.94703037,0.9346944,0.91796684,0.9528062,0.9476608,0.9575048,0.93120265,0.9370767,0.9535828,0.9437457,0.95757663,0.9426566,0.95386595,0.95379704,0.95536834,0.9460184,0.9620056,0.9512439,0.9554415,0.9451236,0.9243458,0.93968594,0.9450148,0.94418764,0.9517628,0.9590964,0.9497905,0.9463405,0.95700294,0.9437841,0.9517882,0.9364887,0.9438476,0.9444792,0.94880134,0.9456816,0.9340707,0.9546963,0.81761354,0.95064163,0.95453626,0.9374781,0.9385431,0.9077686,0.9441665,0.9513913,0.9475811,0.9544087,0.946982,0.95496774,0.9492799,0.94558364,0.95051,0.93025506,0.96312684,0.9571475,0.95234185,0.9465345,0.9546963,0.94644696,0.95074743,0.9485211,0.94106066,0.9498143,0.9477372,0.94864166,0.957103,0.9447729,0.95437753,0.9432369,0.95376134,0.94722867,0.947869,0.95583576,0.9511955,0.9407262,0.93355405,0.95390725,0.8719209,0.9564524,0.9083686,0.9510288,0.9518305,0.9601803,0.9569935,0.957691,0.94951963,0.95038325,0.9501775,0.9576467,0.9370547,0.9517625,0.9613098,0.95582384,0.9443388,0.947285,0.93593687,0.955399,0.9445735,0.97603434,0.9587425,0.95871216,0.95178354,0.9602742,0.93653727,0.95773774,0.9547071,0.97507834,0.95427805,0.93541694,0.9503162,0.94192713,0.94546443,0.94248325,0.93035764,0.9528763,0.9440501,0.9556345,0.9594411,0.9493954,0.9066657,0.94423455,0.9524254,0.9604048,0.9509349,0.9542283,0.9506515,0.97507834,0.94333094,0.95487046,0.95816475,0.9470772
artofracingmovie,0.9495467,0.95251614,0.9647827,0.94943285,0.97523206,0.9290254,0.95671535,0.95852596,0.97359806,0.96091247,0.9515178,0.9340642,0.9444602,0.9493893,0.94928664,0.94733864,0.95039135,1.0000004,0.94371945,0.93825305,0.94741035,0.94780356,0.9447598,0.9502637,0.95112324,0.8590796,0.950964,0.94958913,0.9567699,0.9496771,0.9520196,0.94113034,0.9415082,0.9476917,0.93801385,0.9332463,0.94778365,0.9521762,0.95928603,0.9355064,0.94627804,0.94004375,0.9264805,0.9433322,0.94675577,0.95808685,0.944027,0.94802773,0.95496196,0.9500839,0.95679885,0.94433093,0.94310224,0.9426636,0.93866664,0.96599793,0.9479188,0.94701046,0.95045763,0.940911,0.9475345,0.94687027,0.9422772,0.94615954,0.9360802,0.9385118,0.9454287,0.9393827,0.95412767,0.94241583,0.95049816,0.8261773,0.94501466,0.95299643,0.93504643,0.92199683,0.9077838,0.9449521,0.9498328,0.95251036,0.9504426,0.9475242,0.94525415,0.944145,0.9494248,0.95516354,0.9446225,0.95173925,0.950438,0.95932466,0.93625414,0.95049816,0.9415192,0.94218254,0.94673896,0.94263256,0.95115393,0.94892335,0.9466171,0.94976246,0.9465389,0.95619,0.95606506,0.9536079,0.9495402,0.9576175,0.95242965,0.94832766,0.9461283,0.93732923,0.9450437,0.87628174,0.959044,0.91652894,0.9456957,0.9501245,0.9525484,0.95823276,0.96101165,0.94601685,0.9354546,0.9520048,0.9545984,0.9326104,0.9541958,0.95686454,0.95369667,0.9499478,0.95610857,0.9221537,0.9472749,0.9539457,0.96127534,0.9452063,0.94782764,0.94889677,0.95023483,0.9456282,0.9549467,0.9633275,0.97359806,0.95309484,0.94932944,0.94492173,0.9358866,0.94294494,0.93912023,0.92902017,0.9481249,0.9497999,0.9569595,0.9503723,0.9516261,0.90666807,0.9285882,0.94613117,0.955253,0.9518426,0.94580954,0.9455606,0.97359806,0.956013,0.94792575,0.9533329,0.9563235
avengers,0.96934927,0.9359807,0.9534324,0.9498265,0.9524749,0.9485758,0.959278,0.95267016,0.96921855,0.9429066,0.95031005,0.92136055,0.93986416,0.94716984,0.94077474,0.9343765,0.9450466,0.94371945,1.0000002,0.925672,0.9493069,0.94669867,0.9459841,0.9531658,0.94817674,0.85135615,0.9456177,0.93980587,0.9525386,0.9358463,0.967194,0.9488723,0.9485399,0.9450593,0.9322884,0.9085887,0.9521688,0.93675244,0.95613456,0.94110924,0.93507814,0.9430285,0.92155737,0.9378224,0.9444685,0.932614,0.9458515,0.9391938,0.9504114,0.9412616,0.95244396,0.9582378,0.9449152,0.9354234,0.9344553,0.9444163,0.9429948,0.9423335,0.94920605,0.94673,0.939652,0.9439205,0.93598354,0.95285285,0.9425776,0.9386129,0.9325849,0.94541544,0.9488496,0.9383099,0.954847,0.78617793,0.9458292,0.94603723,0.93548495,0.9343003,0.9093078,0.9452143,0.9513003,0.9449389,0.9483935,0.9524773,0.94879633,0.9482989,0.93306917,0.94275177,0.9381513,0.9482566,0.9416141,0.943419,0.9409282,0.954847,0.93321997,0.9354751,0.93869525,0.95194995,0.9438367,0.94840366,0.9525323,0.94529885,0.9259285,0.9496419,0.95296013,0.95182645,0.9430265,0.9492712,0.9521693,0.9385761,0.945896,0.9327348,0.942513,0.8774746,0.9477296,0.90648013,0.9461445,0.9423247,0.9551771,0.94183064,0.9511779,0.95628273,0.9460644,0.94523484,0.95384836,0.94122875,0.94075084,0.946462,0.94344825,0.94624656,0.946974,0.93628716,0.93809354,0.93628305,0.944406,0.9269945,0.9376098,0.944362,0.9497117,0.94819695,0.9497566,0.94296336,0.96921855,0.9386483,0.91944426,0.95042014,0.92960835,0.9451844,0.9259111,0.939932,0.95909727,0.94491976,0.9596074,0.9526642,0.9367029,0.9379676,0.9433607,0.9561027,0.9413016,0.9434691,0.94274205,0.9462936,0.96921855,0.95033085,0.9535741,0.9594869,0.94581634
beachbummovie,0.94432425,0.93455297,0.935224,0.92595935,0.93542385,0.9271685,0.94128555,0.9329619,0.95972794,0.9272287,0.934237,0.93320966,0.93404704,0.9378108,0.9654758,0.939021,0.93129265,0.93825305,0.925672,0.9999997,0.94705975,0.9402217,0.9365665,0.93526626,0.93466634,0.85669786,0.9263766,0.94059134,0.9483587,0.9301748,0.9155495,0.92628217,0.9189702,0.9307869,0.9317628,0.8992474,0.94652086,0.9248862,0.9324106,0.9305359,0.9248477,0.9410214,0.91508913,0.93581045,0.927686,0.9417414,0.9365317,0.9292238,0.9278926,0.93614864,0.93975073,0.94200206,0.9380761,0.93501365,0.9385054,0.93205756,0.9265178,0.92122215,0.9330502,0.9340779,0.92873436,0.94442743,0.9341321,0.93381095,0.93195415,0.91057694,0.932157,0.92202264,0.92596996,0.92448163,0.93627965,0.8112354,0.93017936,0.94514626,0.90629786,0.90804297,0.8803263,0.925045,0.9290263,0.92119986,0.9373597,0.9301181,0.947426,0.91275114,0.9391417,0.9328009,0.92379934,0.9479273,0.92590016,0.94060946,0.93530667,0.93627965,0.93949836,0.9300666,0.92546666,0.93029475,0.935844,0.9410944,0.93602467,0.93062335,0.9327934,0.94358796,0.93355864,0.927902,0.93759346,0.94073135,0.92947567,0.9332156,0.93167424,0.9378085,0.9359834,0.8933451,0.9232698,0.9037081,0.9148707,0.933454,0.9432943,0.92877567,0.94168395,0.9298763,0.94255185,0.92787766,0.9419121,0.9243981,0.9328697,0.9330698,0.9388656,0.9159057,0.92036796,0.9077769,0.9365397,0.93190134,0.93493026,0.9154626,0.92660344,0.93011504,0.9492149,0.9313467,0.940596,0.9404072,0.95972794,0.93624276,0.920585,0.9357773,0.9466396,0.9466403,0.930691,0.92884994,0.93093735,0.9332076,0.93443185,0.935283,0.9357511,0.89467806,0.92678386,0.93517244,0.93100893,0.93170154,0.92754006,0.92516255,0.95972794,0.9168287,0.93547755,0.9407288,0.94122195
bernadettefilm,0.9583572,0.9543229,0.95342904,0.95041096,0.9587069,0.9507376,0.9560057,0.95429796,0.976865,0.9398861,0.94784254,0.9305565,0.95252305,0.94206184,0.9566184,0.95132834,0.95285374,0.94741035,0.9493069,0.94705975,1.0000005,0.95417386,0.9467519,0.95983803,0.9523023,0.86884075,0.9398704,0.95446736,0.9623663,0.94002354,0.9448229,0.9458774,0.9410072,0.9514076,0.94637513,0.9140181,0.9558058,0.94858,0.9524168,0.94837976,0.94334483,0.95799506,0.92469996,0.95318985,0.9463425,0.94574577,0.9496699,0.9568868,0.9513239,0.95520836,0.9570893,0.9653726,0.95090085,0.95122224,0.9431969,0.94755757,0.94338715,0.95163214,0.95604414,0.95327616,0.9499654,0.9592171,0.94872034,0.94666725,0.9482794,0.9361931,0.9478342,0.9549849,0.9445805,0.9432832,0.949676,0.8007495,0.94403034,0.9609996,0.9310677,0.93189675,0.90043247,0.95204777,0.95896304,0.95615995,0.9472592,0.95256054,0.95717925,0.9455999,0.9463877,0.94858223,0.93573844,0.96273106,0.9507108,0.9585916,0.94789547,0.949676,0.9444269,0.945892,0.9506278,0.94107914,0.9556513,0.94856465,0.94660866,0.9423263,0.9391736,0.9504296,0.9520269,0.9488879,0.9389263,0.9576427,0.9487257,0.9493273,0.9444028,0.94849604,0.9543672,0.88544154,0.9484828,0.912494,0.9547101,0.95114774,0.96065736,0.94879246,0.95292485,0.9477007,0.9518805,0.9537087,0.94954,0.9473801,0.9546689,0.9567523,0.9610574,0.9364952,0.9377494,0.92095816,0.9771397,0.9331247,0.9476454,0.9322139,0.944865,0.9427604,0.960151,0.954385,0.94940114,0.9443944,0.976865,0.9491899,0.9243101,0.94952077,0.9504483,0.95628524,0.949119,0.9373944,0.9577932,0.95169,0.9519647,0.9453433,0.9498355,0.9021549,0.9367159,0.95900816,0.9447262,0.9517827,0.9449969,0.9483628,0.976865,0.9406379,0.9518041,0.9538053,0.9570132
