movie,21bridgesmovie,47metersdown,abeautifuldaymovie,abominablemovie,adastramovie,adogsjourneymovie,aftermathmovie,aftermovie,ahiddenlifefilm,alitamovie,angelhasfallen,angrybirdsmovie,annabellemovie,annamovie,apollo11movie,arcticdogsmovie,arcticmovie,artofracingmovie,avengers,beachbummovie,bernadettefilm,blackandbluemovie,blackchristmas,blindedbythelightmovie,bombshellmovie,booksmart,breakthroughmovie,brianbanksmovie,brightburnmovie,brittanyrunsmov,captainmarvelofficial,captivestatemovie,catsmovie,charliesangels,childsplaymovie,clarathefilm,coldpursuitmovie,countdown,currentwarmovie,darkwatersmovie,detectivepikachumovie,disneyaladdin,disneyfrozen,disneymaleficent,doctorsleepmovie,dolemiteismyname,dontletgomovie,doramovie,downtonabbey_official,dumbo,escaperoom,everybodyknowsmovie,fastandfuriousmovie,fightingwmyfam,fivefeetapartfilm,fordvferrari,freaksthefilm,geminimanmovie,glassmovie,gloriabellmovie,godzillamovie,goldfinchmovie,goodboysmovie,goodliarmovie,gretafilm,halathemovie,happydeathdaymovie,harrietfilm,hellboymovie,hersmellmovie,highlifemovie,highstrungmovie,honeyboymovie,hotelmumbaifilm,httydragon,hustlemovie,hustlersmovie,isntitromantic,itmovieofficial,jayandsilentbob,johnwickmovie,jojorabbitmovie,jokermovie,judythefilm,jumanjimovie,justmercyfilm,knivesout,lalloronamovie,lastblackmansf,lastchristmasthemovie,latenightmovie,lighthousemovie,lionking,littlethemovie,littlewomenmovie,littlewoodsfilm,longshotmovie,lordsofchaosmovie,lucyintheskyfilm,mamovie2019,marriagestory,meettheaddams,meninblack,midsommarmovie,midwaymovie,missbalamovie,missinglinkfilm,motherlessbklyn,onceinhollywood,onthebasisofsex,overcomermovie,peanutbutterfalcon,petsematarymovie,piercingmovie,playingwithfire,playmobilthemovie,pomsmovie,queenandslim,rambomovie,readyornotfilm,richardjewellfilm,rocketmanmovie,scarystoriesmovie,secretlifeofpets,serenityfilm,shaftmovie,shazammovie,spidermanmovie,spiesindisguise,starwars,stormboymovie,stubermovie,taosdfilm,teenspiritmov,terminator,theaeronautsmov,thebestofenemies,thedeaddontdie,thefarewell,thehighwaymen,thehummingbirdprojectfilm,theintrudermovie,theirishmanfilm,thekitchenmovie,thelegomovie,themustangfilm,thenightingalefilm,theprodigymovie,thesunisalsoastar,theupsidefilm,tolkienmovie,toystory,triplefrontier,uglydolls,uncutgems,underthesilverlake,usmovie,wavesmovie,whatmenwant,wonderparkmovie,wrinklestheclown,xmenmovies,yardiefilm,yesterdaymovie,zombieland
21bridgesmovie,1.0000002,0.94419056,0.9445966,0.9582206,0.94810975,0.95103,0.9594891,0.95489395,0.9776136,0.95358276,0.9551741,0.94710296,0.95702595,0.9537269,0.9673683,0.9608787,0.952676,0.9446009,0.9670722,0.9559329,0.9647585,0.9486906,0.9671186,0.96144754,0.9412795,0.8562718,0.9468043,0.9574852,0.9588435,0.9345312,0.9589957,0.94552076,0.9475532,0.94551903,0.9369852,0.9341116,0.9576545,0.96196926,0.94858354,0.9486315,0.9603013,0.95350695,0.9555379,0.9600593,0.9643555,0.96157265,0.96627605,0.9583895,0.949133,0.9643975,0.95656145,0.9588375,0.9577414,0.94483376,0.9531419,0.9509242,0.9463947,0.951225,0.9579919,0.95569617,0.9520648,0.9579073,0.9577955,0.9567842,0.95176893,0.9466438,0.946117,0.95209086,0.9528695,0.93308544,0.958937,0.7818597,0.9413144,0.95425665,0.959201,0.9202897,0.9211282,0.9556018,0.9582284,0.9506697,0.94275284,0.94892436,0.96259326,0.95520866,0.96223646,0.96423924,0.95779246,0.9513674,0.94905895,0.95622706,0.9399259,0.958937,0.95236564,0.9478833,0.9504051,0.95906705,0.9594597,0.9632163,0.9406382,0.9547391,0.96354234,0.9466951,0.9442338,0.95342505,0.9495791,0.95186406,0.96293914,0.95924354,0.9458976,0.9420048,0.9568631,0.89176214,0.9567156,0.93532485,0.95450646,0.96777505,0.9891865,0.95405185,0.9588769,0.9542066,0.96047,0.9534953,0.95142794,0.9432423,0.9691275,0.9616184,0.9577204,0.94142014,0.95167017,0.94128746,0.96545446,0.9519543,0.9509901,0.94621056,0.96083444,0.94009465,0.9684539,0.9548101,0.957044,0.94521016,0.9776136,0.9511588,0.96545446,0.9558146,0.95738965,0.9595137,0.9517723,0.9450787,0.9539777,0.9721322,0.95577854,0.95668995,0.9527473,0.9393868,0.94858843,0.94273514,0.955366,0.95672435,0.956355,0.9499639,0.9776136,0.94218487,0.9532516,0.9638205,0.9522084
47metersdown,0.94419056,0.9999998,0.9438353,0.934286,0.9422496,0.9420583,0.9437931,0.939842,0.9671014,0.9442497,0.955231,0.9355549,0.9383572,0.95108855,0.94428265,0.95820284,0.93500644,0.93258345,0.941261,0.927864,0.93999434,0.94605786,0.94615483,0.9543662,0.92792034,0.855002,0.93809974,0.93636566,0.9479004,0.9379836,0.9370704,0.93265206,0.9368847,0.94673204,0.935663,0.9199191,0.9491595,0.9221461,0.94234794,0.9396038,0.9426281,0.9476761,0.9323495,0.94542724,0.9411166,0.943455,0.94609135,0.9394399,0.9398208,0.95136756,0.95211226,0.9482327,0.94641286,0.92242014,0.9379835,0.9535389,0.9228558,0.95324594,0.94267005,0.9465649,0.9406465,0.94248635,0.9308228,0.95124626,0.93759996,0.94034874,0.93955564,0.94383466,0.93569267,0.9336674,0.95295656,0.79628026,0.95596266,0.9391533,0.9428394,0.9132513,0.9118483,0.9486542,0.93350464,0.94713587,0.93714,0.93228006,0.9484307,0.9353149,0.94241637,0.93336594,0.9394336,0.9479273,0.93095165,0.94683987,0.9363993,0.95295656,0.9494895,0.9424022,0.9491733,0.9468228,0.94241726,0.95215577,0.94295055,0.9420111,0.9487566,0.9417654,0.92839843,0.9456546,0.9564273,0.9467053,0.9494474,0.93056464,0.9399614,0.94214904,0.95008576,0.8828093,0.94168866,0.8960833,0.9395417,0.9502796,0.95061386,0.93538296,0.9491145,0.94448197,0.9420959,0.94874644,0.95134693,0.92959493,0.93900377,0.9532237,0.93936473,0.9485785,0.9451007,0.93091166,0.9417452,0.94712174,0.92810017,0.93963486,0.94525814,0.9496766,0.95124555,0.92926633,0.9543437,0.93418455,0.9671014,0.946583,0.94323283,0.9359163,0.93970495,0.94621307,0.93976146,0.92914104,0.93305844,0.94046533,0.93683535,0.94905716,0.93636453,0.9222476,0.941132,0.9473905,0.94096035,0.94558525,0.9445361,0.937736,0.9671014,0.9438582,0.94973147,0.95496696,0.9527582
abeautifuldaymovie,0.9445966,0.9438353,0.99999994,0.959418,0.9558956,0.95141536,0.9581196,0.94728976,0.9761265,0.9434651,0.957327,0.95422447,0.949405,0.9474038,0.95520055,0.94954175,0.95750463,0.9471963,0.94083995,0.93412095,0.9496156,0.9590921,0.9544054,0.95575047,0.9298368,0.89437044,0.94188786,0.95135534,0.9726757,0.9420349,0.9534233,0.9553484,0.94934416,0.9535154,0.93809325,0.92631114,0.9578884,0.9427554,0.9621326,0.95674074,0.95984083,0.95425063,0.9559949,0.9596954,0.95602703,0.9555573,0.95654947,0.9485965,0.94474685,0.96361154,0.9712861,0.9637208,0.9493979,0.9305186,0.9363285,0.95854676,0.93803865,0.955104,0.9570862,0.9609212,0.94177794,0.956489,0.9460182,0.95383185,0.9560688,0.9392948,0.95376045,0.9521713,0.95107234,0.9435112,0.96148056,0.79362255,0.9446611,0.9590529,0.9549304,0.93639994,0.9155806,0.9498595,0.9477221,0.9533203,0.95280933,0.95308554,0.9572075,0.93170094,0.96009815,0.94714004,0.94570804,0.9496253,0.949465,0.95847976,0.94872814,0.96148056,0.95207006,0.9580836,0.9634893,0.96262443,0.95417875,0.9561649,0.94575053,0.9514308,0.955164,0.9420867,0.96000934,0.96059674,0.9436807,0.9633571,0.9511698,0.95700806,0.95376354,0.9447012,0.9547656,0.8977163,0.9485302,0.9081664,0.94132096,0.9500797,0.95507973,0.93544894,0.95965785,0.9581203,0.95570755,0.9409256,0.94034624,0.94911635,0.9601489,0.95470256,0.9559713,0.9573806,0.95645255,0.95934194,0.9500052,0.9560972,0.95327,0.936383,0.9562915,0.9453198,0.9553508,0.9483335,0.9633575,0.9472586,0.9761265,0.97085047,0.95529807,0.95231587,0.9516797,0.95909345,0.944771,0.94748247,0.9554914,0.9444531,0.9574544,0.9692306,0.95126885,0.913584,0.95520896,0.9516074,0.9478418,0.95967895,0.9530284,0.9416543,0.9761265,0.9467799,0.95567805,0.9540167,0.9681249
abominablemovie,0.9582206,0.934286,0.959418,0.99999994,0.9444056,0.9532742,0.9614785,0.9422231,0.97452927,0.9455471,0.9466132,0.94633317,0.95505154,0.9373625,0.9565565,0.9499674,0.94661,0.94639474,0.95036066,0.9341649,0.94917727,0.948836,0.9602128,0.95542496,0.9355867,0.8607611,0.9389006,0.9432305,0.9556513,0.94222087,0.95530915,0.9476563,0.9468631,0.9438405,0.9349143,0.9230681,0.95858467,0.9522877,0.962184,0.9454203,0.9590415,0.9409489,0.9471345,0.94409263,0.9648315,0.9570878,0.96135354,0.945014,0.95023304,0.9493449,0.9619639,0.95904547,0.9556951,0.92102575,0.95260966,0.94476193,0.9353863,0.95610845,0.96576864,0.9517212,0.9453692,0.9560585,0.9434936,0.952811,0.9502953,0.9485081,0.93510115,0.9469221,0.945647,0.93537796,0.9597018,0.76994765,0.9377096,0.95490885,0.96073145,0.92124647,0.9230792,0.94276327,0.95637614,0.9397439,0.93975735,0.9647992,0.95485985,0.93488616,0.9569572,0.9500534,0.9551433,0.9494683,0.95006603,0.95006025,0.94316846,0.9597018,0.945281,0.9448981,0.9447911,0.9667609,0.9491466,0.95389307,0.9469454,0.94159853,0.9578591,0.9349445,0.94775635,0.94240254,0.9455384,0.95712775,0.95507514,0.96077466,0.9387267,0.94319826,0.9502022,0.88437915,0.96226764,0.92078257,0.94743145,0.95222425,0.9616814,0.9384511,0.95172215,0.9607343,0.9520813,0.94921356,0.9412689,0.9464409,0.9595559,0.9545877,0.94447446,0.94855845,0.9521733,0.94280523,0.9579156,0.9408085,0.93921715,0.9341304,0.9589473,0.948049,0.9466398,0.9422054,0.9568306,0.9502702,0.97452927,0.95638514,0.96418494,0.950873,0.94243497,0.9593442,0.9467868,0.9456884,0.94987017,0.95396644,0.95273304,0.94991773,0.9539915,0.9207502,0.9567465,0.9448747,0.94453,0.9605389,0.9511674,0.9451885,0.97452927,0.9490682,0.94942844,0.9590308,0.95500827
adastramovie,0.94810975,0.9422496,0.9558956,0.9444056,0.99999976,0.94983494,0.9577406,0.94729054,0.9762408,0.96340406,0.9610061,0.9444063,0.9388919,0.959401,0.9479568,0.96071565,0.9593244,0.9702183,0.9465983,0.9279867,0.9540277,0.94715315,0.9626552,0.95870614,0.9528569,0.847276,0.9553915,0.95722556,0.9541673,0.93989056,0.9544317,0.95296025,0.94683915,0.9411873,0.94635457,0.9413572,0.951621,0.9377485,0.95294535,0.9517277,0.95740354,0.9503002,0.94569373,0.95620084,0.9455279,0.9533936,0.9665385,0.964686,0.93815106,0.95774156,0.9547638,0.95712423,0.95876855,0.94003236,0.9340387,0.96274596,0.95333546,0.9535666,0.95636636,0.9521904,0.93976384,0.95866466,0.93751276,0.9513191,0.9531737,0.9433968,0.9546528,0.94296265,0.95377165,0.9470102,0.9578766,0.7792668,0.9417572,0.95622253,0.9599439,0.92386955,0.9135525,0.94983554,0.9456558,0.95617497,0.95360136,0.94691306,0.9469249,0.94104,0.954462,0.94253254,0.94618154,0.94624156,0.95221967,0.95825607,0.9434359,0.9578766,0.9552515,0.9567359,0.94827944,0.9529512,0.95765924,0.95743936,0.94508123,0.9585361,0.9625791,0.9365093,0.935708,0.95412856,0.94075245,0.9506983,0.95988375,0.95695364,0.950447,0.9426187,0.9585609,0.90072376,0.9451986,0.9142679,0.9437904,0.95296264,0.95566416,0.94832563,0.9604569,0.95423764,0.9431511,0.94430774,0.95152205,0.9477592,0.94970727,0.9721087,0.94272906,0.9365534,0.96722496,0.9455138,0.945405,0.9642275,0.95763487,0.9413116,0.9616562,0.94607407,0.95367455,0.9487058,0.95860547,0.95965517,0.9762408,0.9573067,0.96349424,0.95304555,0.94713706,0.95358175,0.9530636,0.9483957,0.9537359,0.9502469,0.95834035,0.95440847,0.9588072,0.9201766,0.9541064,0.9563448,0.94924104,0.95397943,0.9600505,0.9487031,0.9762408,0.95882815,0.9522594,0.958353,0.958571
adogsjourneymovie,0.95103,0.9420583,0.95141536,0.9532742,0.94983494,0.9999999,0.9514007,0.939387,0.9717477,0.94905317,0.95727706,0.95273566,0.9452453,0.94200116,0.95358545,0.95778227,0.9517621,0.95083016,0.9435846,0.9351588,0.9598322,0.9402339,0.9660416,0.9691914,0.93922395,0.8574482,0.9495092,0.94939464,0.9538187,0.93445796,0.948603,0.94598335,0.94209105,0.9432739,0.9402131,0.92477167,0.9563302,0.9358593,0.9530831,0.94979334,0.9553082,0.9560521,0.95687366,0.953626,0.949901,0.94085664,0.9703774,0.9527616,0.9496278,0.95896834,0.9605259,0.9576627,0.9508303,0.9433413,0.94062114,0.9578849,0.94153523,0.9526578,0.9489939,0.95089644,0.9492164,0.93865323,0.9503628,0.95130014,0.946882,0.9475721,0.93963444,0.9530077,0.93846554,0.94024646,0.95558053,0.80798584,0.9449894,0.93902355,0.95759934,0.91734207,0.9208261,0.9445445,0.9440162,0.94835347,0.9391007,0.9465844,0.9583246,0.94509614,0.95932865,0.9440557,0.94660276,0.9422641,0.94035554,0.9549366,0.93358797,0.95558053,0.94682604,0.9502723,0.94817007,0.95233965,0.9536871,0.94649214,0.9410563,0.9512446,0.9467605,0.9442802,0.9429761,0.95219517,0.94377726,0.95902663,0.95725656,0.9598199,0.9350637,0.9433523,0.95652217,0.8920776,0.9466401,0.89876217,0.9526936,0.9414898,0.95545375,0.9511653,0.95616484,0.9500066,0.9515137,0.93970513,0.9496806,0.9605114,0.954522,0.95398307,0.95180994,0.95033544,0.95074236,0.94915104,0.95383364,0.9442454,0.9544295,0.9420539,0.9531336,0.94238484,0.9544248,0.944728,0.95415497,0.95328283,0.9717477,0.94775546,0.9527754,0.95483285,0.94157225,0.9493099,0.9367484,0.9472527,0.96003455,0.9445424,0.94733393,0.95207214,0.94945514,0.92615676,0.954778,0.951219,0.96096367,0.9541017,0.950054,0.9298465,0.9717477,0.9458471,0.94793844,0.965699,0.96107686
aftermathmovie,0.9594891,0.9437931,0.9581196,0.9614785,0.9577406,0.9514007,1.0,0.95387506,0.98031294,0.9574695,0.96363366,0.9552702,0.9523316,0.9586222,0.9621305,0.9491422,0.95229393,0.9546885,0.94636655,0.9475494,0.95635027,0.95507735,0.9652914,0.95941615,0.9437596,0.8783495,0.94799554,0.9549085,0.95906824,0.9556043,0.95054525,0.9501613,0.9519433,0.95160806,0.9412378,0.9351125,0.9656011,0.9520337,0.9670481,0.9470127,0.9578527,0.94232196,0.9373177,0.9496841,0.9602252,0.95806324,0.96289194,0.964228,0.9544974,0.95082223,0.95974106,0.9619821,0.95569944,0.94317114,0.9446753,0.95460075,0.94698125,0.95751524,0.9636437,0.964201,0.95727926,0.9584756,0.9540842,0.95869607,0.9548256,0.95180446,0.9403649,0.9477552,0.9599981,0.94217163,0.96716577,0.7671361,0.9349566,0.9681302,0.95926565,0.92986596,0.9162691,0.9425624,0.95815706,0.95674497,0.95847535,0.97061515,0.95358,0.95040166,0.9567178,0.95217896,0.9608888,0.9555186,0.95685136,0.9651938,0.9561501,0.96716577,0.9535712,0.95251447,0.95746374,0.9603603,0.9639485,0.9652042,0.9678991,0.9532709,0.965664,0.9442383,0.94119984,0.95718724,0.9442139,0.95512027,0.96522254,0.95665854,0.9425276,0.94694644,0.96250015,0.90609646,0.96806484,0.9226242,0.94462883,0.96001333,0.9652222,0.94780654,0.95926595,0.9898056,0.95255953,0.96404827,0.9498189,0.944766,0.9579916,0.9612466,0.9544793,0.9456473,0.9543809,0.9451768,0.9557464,0.9493175,0.95393604,0.940288,0.96582544,0.9615667,0.9567705,0.95872015,0.9638195,0.9614786,0.98031294,0.9575228,0.9621108,0.95988834,0.9467084,0.9601331,0.9561949,0.9445717,0.95577127,0.9548602,0.98256886,0.9494742,0.9572943,0.91811025,0.9527445,0.9542273,0.94918305,0.96012115,0.96176475,0.96147686,0.98031294,0.952951,0.9619062,0.9599686,0.9600474
aftermovie,0.95489395,0.939842,0.94728976,0.9422231,0.94729054,0.939387,0.95387506,1.0000001,0.9687173,0.9364405,0.9506422,0.94268626,0.95528436,0.94300455,0.95334035,0.95107794,0.9457598,0.94058424,0.9469562,0.93962985,0.9477402,0.93335164,0.9473681,0.95126414,0.93831223,0.87729007,0.9526491,0.9469706,0.95304525,0.93051624,0.949325,0.9405929,0.94886047,0.95314974,0.9361279,0.9300517,0.9456771,0.9407731,0.9414996,0.94315696,0.952157,0.95505065,0.9455254,0.9496676,0.9411705,0.94445217,0.9519092,0.95633173,0.93660134,0.95667785,0.9519174,0.948196,0.93819946,0.9296852,0.95604545,0.94754064,0.94842905,0.9565198,0.9532277,0.9483356,0.9439049,0.9487381,0.9375236,0.9479776,0.9498974,0.9366538,0.934598,0.94139445,0.9368066,0.9331023,0.9536958,0.78901243,0.93692577,0.95605886,0.9457505,0.9245092,0.9102419,0.95023215,0.941753,0.9473003,0.93584424,0.9468104,0.9510772,0.9499373,0.9449453,0.95302975,0.94492835,0.9571345,0.94371843,0.951756,0.949437,0.9536958,0.945193,0.9518716,0.9428241,0.95479083,0.9495825,0.95369935,0.94092065,0.93178296,0.952664,0.9370191,0.9344342,0.9428092,0.9311725,0.9504026,0.95156693,0.94134855,0.9227894,0.9380256,0.9546051,0.9222769,0.95046777,0.9187532,0.9393632,0.94651943,0.9569641,0.93883187,0.95151824,0.9501456,0.95409626,0.94436234,0.94198346,0.9418418,0.9499933,0.95567,0.9509655,0.9440269,0.94324684,0.94246083,0.9391235,0.9445609,0.94791055,0.93773293,0.9561609,0.9390631,0.94932604,0.9439301,0.9520969,0.95067793,0.9687173,0.9411663,0.9412625,0.943328,0.9514946,0.9399648,0.93869156,0.9358929,0.9385581,0.9458661,0.9515803,0.9460368,0.94924706,0.92400944,0.94107205,0.9474933,0.93909395,0.94972914,0.9575491,0.9389333,0.9687173,0.9469743,0.9564621,0.9528555,0.9518801
ahiddenlifefilm,0.9776136,0.9671014,0.9761265,0.97452927,0.9762408,0.9717477,0.98031294,0.9687173,0.9999997,0.97175515,0.97960466,0.9713562,0.9695337,0.9742595,0.97842735,0.9770955,0.975479,0.9734748,0.9721219,0.9605878,0.9758894,0.9704489,0.9822399,0.9823196,0.9616991,0.88435495,0.97250843,0.9724803,0.9777928,0.96287835,0.97453994,0.968541,0.9675224,0.9673858,0.96206194,0.95423836,0.98093647,0.9646921,0.97828895,0.9710235,0.9795543,0.9708604,0.9716619,0.97699994,0.9761885,0.97685224,0.98230743,0.97669184,0.96949214,0.98057854,0.9802225,0.9812394,0.97625667,0.9604012,0.9658175,0.9761327,0.9639012,0.9768909,0.977195,0.97761524,0.96884406,0.97642076,0.9681356,0.97438353,0.9751455,0.9654022,0.96438175,0.9715776,0.97198933,0.9616466,0.9827719,0.80686647,0.9643229,0.9761875,0.9770488,0.9465738,0.9385809,0.9660842,0.97116256,0.97208625,0.9705911,0.9703661,0.9780476,0.9677526,0.9764214,0.97290283,0.9738873,0.9721085,0.97193766,0.981386,0.96510565,0.9827719,0.9746109,0.97059596,0.97437316,0.9780836,0.9790274,0.9790366,0.96754247,0.9705551,0.98078954,0.9655194,0.9626411,0.9761736,0.9658359,0.9753016,0.9804316,0.9743143,0.9657243,0.9655887,0.9826413,0.91765577,0.97581095,0.9413931,0.96924603,0.9751709,0.9805973,0.9686238,0.9811924,0.97605664,0.9743854,0.9699494,0.97334844,0.9639048,0.98220754,0.981196,0.97517073,0.966805,0.97627103,0.9671345,0.9763377,0.9756109,0.97232574,0.9638919,0.98224777,0.96933234,0.9756249,0.97259367,0.9806361,0.976103,0.9999997,0.97719735,0.9793013,0.97247934,0.96877056,0.9781047,0.9702248,0.967385,0.9736892,0.9731846,0.97904503,0.9777758,0.97517675,0.9382221,0.9730663,0.9720079,0.9721172,0.97871065,0.9762048,0.9710441,0.9999997,0.970291,0.97799176,0.98273754,0.9783276
alitamovie,0.95358276,0.9442497,0.9434651,0.9455471,0.96340406,0.94905317,0.9574695,0.9364405,0.97175515,1.0000006,0.9533687,0.9429756,0.9400741,0.9522502,0.9509594,0.95158947,0.9491503,0.9558302,0.9360784,0.93193245,0.9524517,0.9495252,0.96082646,0.9597703,0.926801,0.8498803,0.94538856,0.9489247,0.9526699,0.9406196,0.94086534,0.9489835,0.94313765,0.92951465,0.9323591,0.93370026,0.94298494,0.94322544,0.9477741,0.94317573,0.95271015,0.93384236,0.94100463,0.9474706,0.94368017,0.941886,0.96061385,0.95277095,0.9501062,0.94708914,0.95537984,0.9550929,0.95897996,0.9426145,0.93871146,0.9610103,0.94633716,0.9469294,0.94620746,0.95781434,0.94171125,0.9403884,0.94197786,0.94876987,0.9455249,0.9507425,0.95076895,0.9481629,0.95432335,0.9392099,0.9604098,0.7766133,0.94404125,0.9513145,0.95312184,0.9147153,0.91620076,0.9306354,0.9399135,0.9453588,0.93976027,0.941922,0.9481236,0.9472782,0.9563341,0.9426355,0.9431486,0.93711317,0.94971,0.9546088,0.9366732,0.9604098,0.9428955,0.9426377,0.93955386,0.94695157,0.9530235,0.95181113,0.9464007,0.95290816,0.94805306,0.9433591,0.931913,0.9525674,0.9549722,0.94912475,0.9551874,0.9445936,0.93851584,0.942547,0.9569859,0.8986538,0.9397964,0.9114367,0.9460906,0.9503634,0.9594574,0.9547028,0.9566869,0.9548672,0.93849427,0.9473048,0.9477993,0.94073755,0.95224637,0.95555586,0.9420733,0.93870485,0.95324075,0.9335952,0.9552038,0.9555901,0.95091957,0.9392851,0.95823735,0.9437491,0.95634586,0.9464159,0.9581904,0.9419951,0.97175515,0.95970154,0.9553547,0.94093037,0.93549186,0.9547229,0.9513306,0.94047105,0.9437335,0.94976443,0.9527949,0.9444594,0.9428271,0.9220716,0.95446455,0.9478128,0.9422881,0.94863325,0.9549622,0.94862485,0.97175515,0.9441749,0.95301497,0.9585263,0.9552007
angelhasfallen,0.9551741,0.955231,0.957327,0.9466132,0.9610061,0.95727706,0.96363366,0.9506422,0.97960466,0.9533687,1.0000001,0.94796914,0.9453301,0.9587246,0.96434116,0.96057737,0.9628083,0.9534295,0.9504625,0.93951017,0.9576791,0.94749314,0.96470994,0.9678002,0.93962324,0.8523438,0.96279365,0.9597721,0.95166236,0.9507353,0.9520029,0.9476061,0.9426782,0.94881356,0.9482982,0.9278,0.9607184,0.93823016,0.95882297,0.94638544,0.956014,0.9537232,0.95349246,0.96233886,0.95045286,0.9489752,0.96530443,0.9619221,0.9470508,0.96624416,0.9550823,0.9620395,0.95662,0.94053334,0.9463331,0.96343297,0.94993854,0.95627075,0.949103,0.9579804,0.9496949,0.9501958,0.94885176,0.9508604,0.9577475,0.95138973,0.94931245,0.95222723,0.9661583,0.9368527,0.9623382,0.79229647,0.94750935,0.9546982,0.95810026,0.91993135,0.9264947,0.94780254,0.9500977,0.9550228,0.97150916,0.9491188,0.95974207,0.9495688,0.9564061,0.949691,0.9603331,0.9500887,0.9534694,0.96585125,0.94208694,0.9623382,0.94997704,0.949103,0.9498827,0.9699074,0.9670942,0.9554305,0.9531905,0.9545672,0.95586765,0.94368017,0.9379539,0.9554949,0.94606245,0.95291644,0.95827585,0.94832915,0.94859546,0.947897,0.95884657,0.9048349,0.9457094,0.91525215,0.9450115,0.9542858,0.9573837,0.9500395,0.96578735,0.9576789,0.95185035,0.9521557,0.9533635,0.9450865,0.9601554,0.9598441,0.94972986,0.94773316,0.9582651,0.9518065,0.950081,0.956906,0.9614868,0.95117784,0.9623402,0.95724136,0.9613077,0.95905256,0.9621701,0.9564902,0.97960466,0.95720345,0.9528955,0.9467573,0.9483467,0.9612193,0.95074546,0.9458098,0.9530502,0.951746,0.96077275,0.9639219,0.95534223,0.92684245,0.95965564,0.9544734,0.95389307,0.95543236,0.9573607,0.94397527,0.97960466,0.9495476,0.9654536,0.9684737,0.9575412
angrybirdsmovie,0.94710296,0.9355549,0.95422447,0.94633317,0.9444063,0.95273566,0.9552702,0.94268626,0.9713562,0.9429756,0.94796914,0.99999994,0.95362806,0.940861,0.944544,0.9449948,0.9502491,0.9358274,0.9375809,0.9318115,0.95316935,0.9476632,0.96238214,0.9591428,0.9293873,0.8693583,0.95630157,0.9544194,0.95658326,0.95198655,0.94185495,0.9440858,0.9406255,0.9547176,0.9285364,0.92216045,0.9550746,0.9409776,0.9538195,0.9525928,0.95258605,0.94614524,0.9442956,0.9474946,0.95214653,0.95273113,0.9593043,0.9449947,0.9562301,0.94879776,0.9685298,0.9668441,0.937789,0.9395006,0.9389872,0.9458607,0.9432213,0.9515104,0.9568762,0.96468556,0.95092636,0.94879967,0.93863875,0.95101005,0.9588756,0.9369464,0.9347967,0.9497743,0.93750316,0.93675715,0.9615694,0.7843094,0.9326299,0.9482086,0.95415276,0.9223823,0.9108113,0.93953335,0.9550174,0.93895227,0.94196546,0.94531864,0.9600402,0.94144833,0.959526,0.9472084,0.94598615,0.94527835,0.94163364,0.95182484,0.9503426,0.9615694,0.9404835,0.9429067,0.9548618,0.9461775,0.9507126,0.9508203,0.94588614,0.9510223,0.95664835,0.93581486,0.9448394,0.95096046,0.9345338,0.96324205,0.9497048,0.94941515,0.9353117,0.9389682,0.9610171,0.8979916,0.9559984,0.92118174,0.9563388,0.94156253,0.9521197,0.9430436,0.9491067,0.94989634,0.9582758,0.9451723,0.94803375,0.9403722,0.9534285,0.95429045,0.9598906,0.9412813,0.9451475,0.9479183,0.9496426,0.94634527,0.9508301,0.9305513,0.95391494,0.94718957,0.95427513,0.9495152,0.9630018,0.9448299,0.9713562,0.94876057,0.95193803,0.944679,0.9460769,0.95511717,0.93717563,0.9414872,0.9491764,0.94427747,0.9488169,0.9425322,0.9463596,0.9194286,0.9496975,0.9557912,0.9464836,0.96166116,0.9552548,0.93729573,0.9713562,0.94187087,0.9464294,0.959871,0.9540563
annabellemovie,0.95702595,0.9383572,0.949405,0.95505154,0.9388919,0.9452453,0.9523316,0.95528436,0.9695337,0.9400741,0.9453301,0.95362806,0.9999991,0.9300569,0.94541764,0.947022,0.9465609,0.93755305,0.94725394,0.9308329,0.94591975,0.9425189,0.9506907,0.95486987,0.93757516,0.8688096,0.94961697,0.94035894,0.95448977,0.93386763,0.95231134,0.9555074,0.94552726,0.95465106,0.93087244,0.92571753,0.949516,0.95018804,0.9446498,0.949782,0.95965314,0.9451699,0.9498975,0.94775045,0.94992864,0.9559162,0.94817793,0.9484351,0.94454193,0.9495275,0.9581711,0.96233606,0.94800484,0.93149173,0.95101064,0.94376755,0.9479187,0.9530025,0.95240337,0.9548661,0.96001023,0.9432093,0.94037706,0.95316696,0.9560008,0.9356582,0.9264954,0.9560661,0.94823694,0.9282008,0.957032,0.7900647,0.9425618,0.9557438,0.94818014,0.92475814,0.90516067,0.93919003,0.9449604,0.9313396,0.9350911,0.94466436,0.9587713,0.9547586,0.957321,0.9540063,0.95073384,0.9792228,0.93886995,0.9438982,0.94778067,0.957032,0.94443697,0.9489517,0.9427514,0.94564223,0.952774,0.9516804,0.940196,0.92966145,0.96322703,0.94998115,0.94003975,0.9431597,0.9337235,0.95135176,0.954798,0.9514384,0.9366883,0.94618237,0.9558795,0.90093416,0.9615396,0.91955435,0.95058495,0.94731253,0.95708615,0.935375,0.9522005,0.95139337,0.95958406,0.9504186,0.94391006,0.93784153,0.961886,0.9555329,0.96586686,0.9446482,0.94236803,0.94011325,0.9449163,0.94067967,0.94881046,0.9263711,0.9538048,0.945491,0.950586,0.9554682,0.9535574,0.9505219,0.9695337,0.94757557,0.9569774,0.939729,0.955533,0.9591052,0.93821657,0.94449496,0.95129585,0.9436535,0.9424357,0.9468131,0.9443707,0.92064065,0.9425646,0.94494796,0.93543607,0.96022063,0.95954245,0.9389074,0.9695337,0.93612355,0.9560614,0.9507366,0.9561665
annamovie,0.9537269,0.95108855,0.9474038,0.9373625,0.959401,0.94200116,0.9586222,0.94300455,0.9742595,0.9522502,0.9587246,0.940861,0.9300569,1.0000001,0.9455489,0.95049214,0.94881624,0.9460458,0.95014167,0.926778,0.9481998,0.95302856,0.96156216,0.9611722,0.9343237,0.8422751,0.9536333,0.94676363,0.9503994,0.930447,0.946875,0.9441658,0.9393022,0.9394833,0.95369536,0.9400464,0.95958734,0.92748195,0.9439084,0.94358605,0.9509539,0.94600224,0.9427243,0.9589232,0.9487742,0.9526327,0.96033084,0.9540538,0.9394965,0.9580942,0.95799106,0.95407045,0.94770205,0.93905777,0.94224566,0.95573604,0.934588,0.9494712,0.9520131,0.9525413,0.9443771,0.9525598,0.9348845,0.9637322,0.9487315,0.9434802,0.9362209,0.93990254,0.9429456,0.9432433,0.96107745,0.793501,0.93760765,0.9426556,0.9590424,0.9240542,0.9165304,0.93941146,0.9418891,0.95620114,0.9513097,0.942115,0.948149,0.94699347,0.9526968,0.95205015,0.946768,0.93649006,0.9465447,0.96428514,0.93795353,0.96107745,0.9524713,0.94404364,0.96337897,0.9439818,0.9530859,0.9595138,0.94138753,0.9695645,0.96214384,0.9319203,0.93353677,0.9566385,0.95883995,0.9518187,0.9547813,0.9468603,0.94660336,0.9360906,0.96332705,0.8951078,0.9484423,0.9231241,0.94009423,0.9564277,0.9553104,0.956872,0.95624924,0.9507141,0.94907516,0.9454319,0.9578351,0.93447405,0.95250833,0.9608454,0.946743,0.9381708,0.95120096,0.9398704,0.95540833,0.9554587,0.94000167,0.94116443,0.9630498,0.9358083,0.94914496,0.95623404,0.9564639,0.9437689,0.9742595,0.9542177,0.9532564,0.94418144,0.946622,0.95314634,0.95998573,0.952163,0.94656295,0.9501667,0.95907927,0.9512616,0.955229,0.9099282,0.94669604,0.9554884,0.9511314,0.9507286,0.9511177,0.9524114,0.9742595,0.94541276,0.9526271,0.95806944,0.9567429
apollo11movie,0.9673683,0.94428265,0.95520055,0.9565565,0.9479568,0.95358545,0.9621305,0.95334035,0.97842735,0.9509594,0.96434116,0.944544,0.94541764,0.9455489,0.9999998,0.9565435,0.9601861,0.95724463,0.9541927,0.96991515,0.9589895,0.94508743,0.9575951,0.9621463,0.9395927,0.8717118,0.948942,0.9555225,0.95704955,0.9363469,0.95509315,0.94740665,0.9474601,0.94162446,0.93380916,0.91759247,0.9604736,0.9421623,0.9613231,0.9468154,0.95955116,0.9541436,0.9525333,0.9550289,0.95701367,0.9566118,0.95940655,0.9601872,0.9485762,0.9600095,0.9571416,0.9557097,0.95299906,0.9461191,0.93560076,0.95768225,0.94277954,0.9561448,0.95305914,0.9546086,0.94505286,0.9591471,0.9586387,0.947253,0.95364594,0.9457955,0.9537874,0.9472215,0.9564009,0.93345004,0.9595028,0.78423584,0.9452258,0.9560359,0.9485592,0.9273274,0.91805744,0.95569026,0.9581416,0.95305043,0.9541666,0.9559483,0.96367663,0.9440934,0.95667046,0.95651704,0.9615916,0.9510978,0.9537109,0.9552481,0.9371666,0.9595028,0.95011914,0.94970137,0.9517804,0.97728336,0.9583323,0.9584068,0.9513524,0.9407018,0.9558135,0.95359266,0.9403304,0.95528233,0.9411162,0.95692724,0.96337074,0.9555172,0.94889754,0.95046884,0.9575809,0.8933247,0.9555408,0.9174021,0.94114745,0.95375776,0.96548873,0.9506527,0.9590801,0.95422465,0.9619461,0.9537017,0.9447363,0.9426979,0.9648283,0.9594599,0.9516759,0.95071167,0.95807046,0.9425976,0.96271515,0.95191187,0.9497179,0.9533665,0.95393527,0.94344914,0.9603084,0.9526048,0.9592479,0.9552304,0.97842735,0.9552934,0.95807225,0.95709187,0.95013887,0.9524535,0.94641656,0.94298434,0.9498826,0.9546768,0.96376,0.96109927,0.9515725,0.93178934,0.95694804,0.9443812,0.94566,0.9518803,0.95257586,0.94124484,0.97842735,0.9540926,0.9572315,0.96030146,0.95423114
arcticdogsmovie,0.9608787,0.95820284,0.94954175,0.9499674,0.96071565,0.95778227,0.9491422,0.95107794,0.9770955,0.95158947,0.96057737,0.9449948,0.947022,0.95049214,0.9565435,1.0000001,0.95387167,0.95270646,0.95530796,0.94167215,0.96479875,0.9455757,0.9601113,0.96348,0.95078665,0.8640323,0.9525048,0.9504209,0.9570314,0.94738865,0.9583856,0.9514026,0.9418186,0.9426995,0.9512267,0.93507504,0.95389587,0.9444768,0.9483122,0.9589318,0.9583042,0.95056105,0.95708686,0.9601022,0.9567743,0.95327014,0.963058,0.9528986,0.94861335,0.9616926,0.95887536,0.96198547,0.9519814,0.9453244,0.9500462,0.96069884,0.9405496,0.9551865,0.9594451,0.94817656,0.9520751,0.96707845,0.95239305,0.95103276,0.9543841,0.9474591,0.953864,0.955686,0.95537287,0.9407849,0.9621581,0.80423945,0.95362616,0.9502597,0.95244765,0.92435217,0.92134964,0.96071637,0.9559045,0.9450823,0.9440376,0.94821286,0.96184725,0.9473885,0.9550257,0.9516794,0.95314366,0.95192325,0.9505046,0.9562477,0.94562835,0.9621581,0.9536089,0.9421573,0.9510577,0.9546848,0.9522908,0.9604344,0.949813,0.94715387,0.95499706,0.95041734,0.94021225,0.958366,0.9441056,0.9523427,0.9617116,0.9608869,0.9537025,0.9514256,0.9570687,0.87748325,0.94732064,0.9125834,0.94999546,0.95968056,0.9653495,0.9434469,0.96301764,0.9473867,0.95719296,0.9483718,0.960366,0.94361764,0.9601759,0.96335167,0.9525911,0.94342417,0.9562764,0.93934345,0.95926714,0.95509803,0.94836074,0.9485535,0.95926684,0.9532649,0.96184886,0.9462198,0.961641,0.95360816,0.9770955,0.9489356,0.9588321,0.9499509,0.9462173,0.95383674,0.94823927,0.95085955,0.95076066,0.9586193,0.94747365,0.9558344,0.95573187,0.92178506,0.9466216,0.9616668,0.9529241,0.96231276,0.94761014,0.94452465,0.9770955,0.9538403,0.9561671,0.96317434,0.9538355
arcticmovie,0.952676,0.93500644,0.95750463,0.94661,0.9593244,0.9517621,0.95229393,0.9457598,0.975479,0.9491503,0.9628083,0.9502491,0.9465609,0.94881624,0.9601861,0.95387167,0.99999976,0.9509176,0.9480428,0.94168913,0.9603447,0.9492045,0.95797473,0.9606269,0.93533915,0.8646558,0.94963646,0.97508866,0.9530826,0.92754,0.9526641,0.94844353,0.9461005,0.94434047,0.944957,0.92570823,0.95705974,0.9502043,0.95142335,0.95467323,0.954988,0.9493237,0.957283,0.9542643,0.94835186,0.95303696,0.96601486,0.95463276,0.94688576,0.9590303,0.9556948,0.95812386,0.95581365,0.9392625,0.93532735,0.960278,0.9526475,0.9566477,0.9506687,0.9539444,0.93707937,0.95184416,0.95055705,0.954552,0.9476756,0.946847,0.95600504,0.9464734,0.95720285,0.9351676,0.9591262,0.77878964,0.94283587,0.95847344,0.9590636,0.9238841,0.911164,0.945975,0.95793813,0.9524902,0.9588705,0.947299,0.9536769,0.94880253,0.96723115,0.94708043,0.96217895,0.9410306,0.9567398,0.96099395,0.9435273,0.9591262,0.9501741,0.95192826,0.94967145,0.9541776,0.95559067,0.94776237,0.94403785,0.95681494,0.9563391,0.9377385,0.9362202,0.9531684,0.9354947,0.9492096,0.9561684,0.956645,0.95297694,0.94102156,0.95378846,0.90109617,0.9481077,0.91483384,0.9448652,0.95608914,0.95761615,0.9593319,0.9645245,0.94710135,0.9529408,0.9416056,0.94269824,0.94630057,0.9654317,0.9528275,0.95183945,0.943755,0.9537484,0.9578467,0.9569461,0.95701766,0.97779924,0.9602944,0.96036047,0.93814075,0.9614454,0.94896317,0.96295965,0.95789236,0.975479,0.9526071,0.9506234,0.9552174,0.94888645,0.9490333,0.9410862,0.95344776,0.95635587,0.94310486,0.9506468,0.96303374,0.94965535,0.9145727,0.9579725,0.94572115,0.9486503,0.95380604,0.95788527,0.94720745,0.975479,0.94449866,0.9629648,0.95962596,0.9534897
artofracingmovie,0.9446009,0.93258345,0.9471963,0.94639474,0.9702183,0.95083016,0.9546885,0.94058424,0.9734748,0.9558302,0.9534295,0.9358274,0.93755305,0.9460458,0.95724463,0.95270646,0.9509176,1.0,0.9458462,0.92829293,0.95012844,0.9364779,0.9558881,0.96070987,0.9484606,0.8490645,0.95201373,0.9435676,0.95053995,0.9345076,0.95529985,0.95239395,0.9484446,0.928495,0.93323207,0.9238827,0.95003414,0.93479574,0.9554676,0.9495728,0.95676845,0.9494137,0.937631,0.9448036,0.9456111,0.9507074,0.9601248,0.95868057,0.94333935,0.94987464,0.9533333,0.95364475,0.95033884,0.9391918,0.9282537,0.95700467,0.9476524,0.9577087,0.94148505,0.95160735,0.939663,0.950473,0.9392756,0.9472057,0.9471665,0.95227826,0.95250857,0.9405717,0.9437044,0.9417606,0.9587037,0.7960733,0.94535494,0.9529486,0.9500412,0.92061514,0.91345125,0.93378854,0.9382091,0.9556354,0.9485562,0.9485464,0.9469687,0.94387317,0.95189214,0.94256485,0.94354796,0.94258976,0.9482394,0.9532889,0.93788713,0.9587037,0.9518444,0.9519654,0.94248015,0.9546615,0.95319116,0.94839823,0.9440967,0.94532335,0.9535419,0.9458723,0.93786454,0.95192116,0.9338187,0.95173234,0.96062714,0.9493718,0.94231355,0.94026744,0.9626698,0.8835859,0.9507898,0.895896,0.94560254,0.9471298,0.95040977,0.94777787,0.95623773,0.95201385,0.9447396,0.94355345,0.94068456,0.95091355,0.95767975,0.9602502,0.94251853,0.9427471,0.96082443,0.93942106,0.9457985,0.95972145,0.952896,0.9367625,0.95953614,0.9408075,0.9520389,0.95116067,0.95622426,0.9651822,0.9734748,0.9593149,0.96175176,0.95510185,0.94396573,0.944893,0.94257194,0.94319314,0.9514378,0.94553846,0.9596648,0.94874364,0.9573277,0.9196891,0.9545282,0.94890225,0.9412523,0.9588408,0.9546522,0.9503569,0.9734748,0.9602357,0.9526489,0.9544685,0.95841455
avengers,0.9670722,0.941261,0.94083995,0.95036066,0.9465983,0.9435846,0.94636655,0.9469562,0.9721219,0.9360784,0.9504625,0.9375809,0.94725394,0.95014167,0.9541927,0.95530796,0.9480428,0.9458462,1.0000004,0.9518076,0.9514713,0.9415298,0.95915246,0.95749813,0.9584544,0.8599278,0.9462075,0.9470377,0.9465659,0.9355059,0.9782286,0.94483566,0.93692786,0.9427559,0.93263334,0.923773,0.9546811,0.93351996,0.9382985,0.9451043,0.95851177,0.94715065,0.9519822,0.95427036,0.9513151,0.95857126,0.96070766,0.9532359,0.93907607,0.9590987,0.9518834,0.9498149,0.948123,0.9384956,0.9427888,0.9478525,0.94122887,0.9468167,0.9515603,0.94762695,0.95035285,0.95908993,0.93652385,0.9498432,0.9461738,0.94420874,0.9335918,0.942547,0.93455297,0.9409642,0.9518254,0.77673787,0.9376226,0.9462598,0.94816774,0.91859484,0.91242576,0.9397303,0.94763976,0.94436526,0.9338816,0.9379471,0.9555425,0.9418448,0.9567776,0.9563366,0.94715476,0.9546329,0.9489203,0.9488398,0.9341765,0.9518254,0.9480832,0.9445689,0.9548072,0.9515769,0.95144165,0.9539782,0.9354762,0.94164777,0.95547515,0.9462267,0.929208,0.95138043,0.9482233,0.9496684,0.9503044,0.9506084,0.94974357,0.94742703,0.9511042,0.8831431,0.9465949,0.9165171,0.9433609,0.9450885,0.95247287,0.94475037,0.95233035,0.93777466,0.9517414,0.93089646,0.95235777,0.9419544,0.961068,0.9611686,0.94487983,0.9522639,0.95309806,0.94942653,0.9548956,0.95717615,0.9344879,0.9307693,0.9479464,0.9404181,0.94240075,0.9440362,0.9418093,0.94478834,0.9721219,0.940276,0.95802623,0.9409982,0.94992274,0.9505175,0.949916,0.9412818,0.9479835,0.95736575,0.9439554,0.956127,0.94865716,0.9314288,0.9464447,0.9445248,0.9498441,0.9496562,0.94185394,0.9409099,0.9721219,0.9400208,0.9474974,0.95728666,0.95236766
beachbummovie,0.9559329,0.927864,0.93412095,0.9341649,0.9279867,0.9351588,0.9475494,0.93962985,0.9605878,0.93193245,0.93951017,0.9318115,0.9308329,0.926778,0.96991515,0.94167215,0.94168913,0.92829293,0.9518076,0.9999999,0.9478469,0.936703,0.9495612,0.9434578,0.9300992,0.85587937,0.92414296,0.9492751,0.9365031,0.9199823,0.94330215,0.9329691,0.933297,0.91808945,0.9152501,0.91187596,0.9292372,0.93525857,0.9338127,0.9378907,0.94002926,0.9367338,0.9258118,0.94063973,0.93436337,0.94905037,0.9458079,0.946545,0.93635195,0.9475478,0.9356969,0.9377529,0.9351611,0.93579155,0.9232509,0.9404412,0.92594063,0.9367984,0.93858796,0.9384916,0.9351244,0.94285774,0.9409574,0.9299091,0.9339205,0.9244909,0.9295824,0.9278844,0.93483454,0.9315191,0.9444145,0.75114053,0.9261421,0.93891203,0.9297815,0.9150818,0.8970676,0.9407275,0.94286853,0.94069636,0.92970604,0.9378268,0.9451762,0.9342958,0.94308615,0.94463956,0.9442369,0.93407196,0.9472964,0.94316816,0.91530085,0.9444145,0.93560797,0.9332641,0.9309612,0.94432473,0.93768525,0.95715517,0.93632185,0.92318624,0.9329583,0.9391859,0.92743534,0.94522333,0.9228782,0.93158686,0.9450116,0.9354608,0.93805796,0.9407295,0.93640655,0.87686914,0.9371877,0.9163025,0.9199688,0.9377921,0.9482596,0.94440645,0.9422676,0.94021225,0.93665075,0.926477,0.93759066,0.93710047,0.9511091,0.9409384,0.93305844,0.92812204,0.9396019,0.92089343,0.9492275,0.943762,0.93282974,0.9257869,0.93403727,0.9234183,0.9446623,0.93246084,0.94034505,0.93800575,0.9605878,0.9275499,0.93898785,0.9411514,0.9317337,0.9360695,0.9382487,0.921574,0.9282149,0.94463795,0.9473708,0.94144446,0.92511517,0.9141179,0.92601615,0.931194,0.93432105,0.9399959,0.94220763,0.92435586,0.9605878,0.92969394,0.9349584,0.94466484,0.93580085
bernadettefilm,0.9647585,0.93999434,0.9496156,0.94917727,0.9540277,0.9598322,0.95635027,0.9477402,0.9758894,0.9524517,0.9576791,0.95316935,0.94591975,0.9481998,0.9589895,0.96479875,0.9603447,0.95012844,0.9514713,0.9478469,1.0,0.94750863,0.9729225,0.96702886,0.9484411,0.86739117,0.95832413,0.95921916,0.9612696,0.9392893,0.95255476,0.9492422,0.9503988,0.94324535,0.94322544,0.9349426,0.95895755,0.951003,0.9587726,0.9555543,0.95990497,0.9484147,0.95032805,0.9546034,0.95387965,0.9506967,0.9744925,0.9556962,0.9578021,0.9569552,0.96170187,0.9614191,0.9600873,0.9481925,0.93979985,0.952231,0.93975216,0.95285857,0.95192105,0.956723,0.94549066,0.9498954,0.9571647,0.9461911,0.9544594,0.9492776,0.94110835,0.9527294,0.9482356,0.93741214,0.9621982,0.79586583,0.9380035,0.9515445,0.9533203,0.92283094,0.91450024,0.953226,0.9547809,0.96378946,0.9402793,0.9469386,0.9544619,0.95039076,0.95947605,0.94925714,0.95783377,0.9499129,0.9537563,0.96185744,0.9469733,0.9621982,0.9494508,0.94510573,0.95064163,0.9510688,0.9610413,0.9564788,0.9384892,0.95217174,0.95414513,0.9469843,0.9428531,0.9568562,0.9401915,0.95609707,0.9590857,0.9575791,0.946503,0.95193607,0.96230674,0.8767363,0.9467284,0.91658914,0.9611632,0.95941675,0.9641384,0.95414555,0.9643504,0.9530353,0.95466715,0.9483077,0.9464009,0.94792885,0.9633846,0.9586488,0.9501587,0.9453468,0.9579975,0.9353519,0.9722838,0.9551547,0.95620257,0.9496146,0.95235896,0.94418806,0.9614723,0.95145166,0.96004295,0.94517654,0.9758894,0.95063657,0.96083087,0.9459417,0.9473708,0.9551497,0.95018864,0.9490064,0.9474807,0.9455605,0.95855683,0.94547844,0.9540867,0.9192394,0.9531573,0.9530292,0.9536011,0.9635644,0.9527423,0.94428647,0.9758894,0.9518876,0.950061,0.9659119,0.95389485
