movie,21bridgesmovie,47metersdown,abeautifuldaymovie,abominablemovie,adastramovie,adogsjourneymovie,aftermathmovie,aftermovie,ahiddenlifefilm,alitamovie,angelhasfallen,angrybirdsmovie,annabellemovie,annamovie,apollo11movie,arcticdogsmovie,arcticmovie,artofracingmovie,avengers,beachbummovie,bernadettefilm,blackandbluemovie,blackchristmas,blindedbythelightmovie,bombshellmovie,booksmart,breakthroughmovie,brianbanksmovie,brightburnmovie,brittanyrunsmov,captainmarvelofficial,captivestatemovie,catsmovie,charliesangels,childsplaymovie,clarathefilm,coldpursuitmovie,countdown,currentwarmovie,darkwatersmovie,detectivepikachumovie,disneyaladdin,disneyfrozen,disneymaleficent,doctorsleepmovie,dolemiteismyname,dontletgomovie,doramovie,downtonabbey_official,dumbo,escaperoom,everybodyknowsmovie,fastandfuriousmovie,fightingwmyfam,fivefeetapartfilm,fordvferrari,freaksthefilm,geminimanmovie,glassmovie,gloriabellmovie,godzillamovie,goldfinchmovie,goodboysmovie,goodliarmovie,gretafilm,halathemovie,happydeathdaymovie,harrietfilm,hellboymovie,hersmellmovie,highlifemovie,highstrungmovie,honeyboymovie,hotelmumbaifilm,httydragon,hustlemovie,hustlersmovie,isntitromantic,itmovieofficial,jayandsilentbob,johnwickmovie,jojorabbitmovie,jokermovie,judythefilm,jumanjimovie,justmercyfilm,knivesout,lalloronamovie,lastblackmansf,lastchristmasthemovie,latenightmovie,lighthousemovie,lionking,littlethemovie,littlewomenmovie,littlewoodsfilm,longshotmovie,lordsofchaosmovie,lucyintheskyfilm,mamovie2019,marriagestory,meettheaddams,meninblack,midsommarmovie,midwaymovie,missbalamovie,missinglinkfilm,motherlessbklyn,onceinhollywood,onthebasisofsex,overcomermovie,peanutbutterfalcon,petsematarymovie,piercingmovie,playingwithfire,playmobilthemovie,pomsmovie,queenandslim,rambomovie,readyornotfilm,richardjewellfilm,rocketmanmovie,scarystoriesmovie,secretlifeofpets,serenityfilm,shaftmovie,shazammovie,spidermanmovie,spiesindisguise,starwars,stormboymovie,stubermovie,taosdfilm,teenspiritmov,terminator,theaeronautsmov,thebestofenemies,thedeaddontdie,thefarewell,thehighwaymen,thehummingbirdprojectfilm,theintrudermovie,theirishmanfilm,thekitchenmovie,thelegomovie,themustangfilm,thenightingalefilm,theprodigymovie,thesunisalsoastar,theupsidefilm,tolkienmovie,toystory,triplefrontier,uglydolls,uncutgems,underthesilverlake,usmovie,wavesmovie,whatmenwant,wonderparkmovie,wrinklestheclown,xmenmovies,yardiefilm,yesterdaymovie,zombieland
21bridgesmovie,1.0,0.9740534,0.98045725,0.9801848,0.97591347,0.9633523,0.98664147,0.97714955,0.993088,0.97162855,0.98153675,0.96978575,0.98330617,0.9786237,0.9860162,0.9777354,0.97652376,0.9700703,0.9863487,0.9748305,0.9678696,0.9724016,0.985499,0.97268224,0.9829445,0.7413292,0.9852289,0.97832686,0.98449373,0.98087037,0.97376543,0.984828,0.9543607,0.97348887,0.9504816,0.93637073,0.9714019,0.98755914,0.9837909,0.9725196,0.96974015,0.98552483,0.974699,0.9881228,0.9740724,0.98013586,0.98436016,0.9832142,0.97540665,0.9847289,0.9883887,0.9873433,0.9790459,0.98644173,0.97426456,0.98177487,0.9738539,0.9802826,0.98014104,0.9872957,0.98539305,0.98164296,0.98408574,0.9818305,0.97655255,0.9776495,0.98189807,0.98556083,0.9757056,0.97484094,0.98629165,0.5052069,0.96410197,0.98499686,0.9740439,0.95458937,0.93455046,0.9619539,0.9778354,0.96469814,0.97156054,0.9779251,0.9851307,0.9730081,0.97653025,0.9761764,0.9674344,0.98620105,0.982689,0.9870228,0.97238463,0.98629165,0.9715457,0.9767352,0.9720427,0.9832998,0.98140323,0.9714084,0.97666776,0.9798051,0.9648129,0.9820815,0.96545655,0.99081624,0.973971,0.990587,0.98174775,0.9806023,0.9670251,0.9731655,0.990029,0.75195557,0.9717749,0.9155346,0.9858972,0.9786845,0.9944582,0.9826536,0.99035007,0.9848622,0.9754966,0.9769157,0.98541844,0.9681529,0.9737653,0.9888744,0.9858807,0.9762771,0.98465997,0.9490646,0.9838314,0.97499686,0.9799648,0.9737806,0.97997123,0.9794791,0.9884983,0.9810692,0.9864587,0.96953773,0.993088,0.97767234,0.9684325,0.97236353,0.97895086,0.9887302,0.9796986,0.9742484,0.98424554,0.97925156,0.98333055,0.97669494,0.97972393,0.97272366,0.9714341,0.9800395,0.9890907,0.9880911,0.9708855,0.9887793,0.993088,0.9673803,0.98171824,0.98157483,0.9832305
47metersdown,0.9740534,0.9999999,0.98401856,0.96332186,0.9843086,0.97883815,0.9786454,0.98168784,0.9855954,0.98794186,0.972733,0.96473235,0.9822068,0.973091,0.98394054,0.986534,0.97993535,0.98414063,0.9716195,0.9802909,0.9672624,0.96412206,0.98336446,0.96392053,0.97503966,0.7520707,0.981101,0.98142046,0.9756304,0.96190006,0.9766608,0.96405804,0.94302416,0.9700665,0.961401,0.92683876,0.9688967,0.9748915,0.9730443,0.96804494,0.97888947,0.9711309,0.96476275,0.97318614,0.9836166,0.98398215,0.9789421,0.96349806,0.9648307,0.97100306,0.98213357,0.9762988,0.9629492,0.97506076,0.9695418,0.9832187,0.96960604,0.96783084,0.9791512,0.96182775,0.9758428,0.9667905,0.97387207,0.977469,0.97244185,0.96926165,0.9780632,0.96948934,0.96073383,0.9724143,0.97300184,0.512135,0.93900347,0.9805552,0.9633844,0.9398808,0.9186194,0.9403959,0.9733883,0.9728912,0.9731953,0.9613003,0.97981817,0.9623453,0.9722336,0.976828,0.948398,0.9810398,0.97849095,0.9739248,0.9687858,0.97300184,0.9558047,0.9652423,0.9705064,0.98090035,0.9687576,0.97523314,0.9759873,0.9792466,0.97478384,0.9779576,0.9630713,0.9765457,0.98368293,0.9834183,0.9749699,0.9820533,0.96955353,0.9781608,0.97901297,0.715785,0.9805864,0.9035968,0.9778995,0.9616027,0.9724617,0.97465014,0.98185503,0.97301286,0.98477465,0.9738459,0.97120094,0.9739413,0.975325,0.98251045,0.9796881,0.96884435,0.98206604,0.945208,0.9685245,0.9848343,0.9795126,0.96980727,0.9794471,0.96219873,0.9725644,0.96758646,0.97161937,0.98174995,0.9855954,0.9671027,0.9764119,0.9638588,0.96170783,0.97983146,0.95885015,0.9691685,0.9785186,0.9717107,0.9711992,0.9754638,0.98505145,0.9643413,0.967627,0.9714873,0.9841941,0.9812813,0.96918094,0.982285,0.9855954,0.96465546,0.97553754,0.9832869,0.9826294
abeautifuldaymovie,0.98045725,0.98401856,0.99999994,0.98535645,0.9817955,0.9763581,0.98539823,0.9772011,0.9916126,0.9735017,0.9864908,0.9702063,0.98171455,0.9810845,0.9825764,0.9794912,0.9840783,0.9774798,0.9778191,0.9714993,0.970054,0.97995114,0.9811131,0.9685399,0.97795516,0.7509756,0.98594344,0.9801122,0.99046534,0.9781951,0.9849233,0.978088,0.9595355,0.9737965,0.96870273,0.9351016,0.9780865,0.9853916,0.9836583,0.97757167,0.98284835,0.9779007,0.971221,0.9824724,0.98904306,0.9787186,0.97931266,0.97619337,0.97599983,0.9783352,0.9911505,0.9840771,0.95954776,0.97593707,0.9755355,0.98571837,0.97276455,0.97813284,0.9905215,0.97793335,0.9851858,0.98108035,0.98033404,0.9823073,0.9774452,0.97817206,0.97443986,0.9772171,0.9795942,0.97527725,0.98522884,0.51973134,0.9576006,0.9855254,0.97086847,0.95389134,0.92776793,0.9601252,0.9890089,0.9728857,0.97977906,0.980333,0.9860787,0.9767677,0.98008966,0.9753667,0.9705268,0.980296,0.9852184,0.9765441,0.98189324,0.98522884,0.96760666,0.9642532,0.9813067,0.98491085,0.9762794,0.9777722,0.97988284,0.98549885,0.9652926,0.9793632,0.9829482,0.9834007,0.97698736,0.99215794,0.98342556,0.97872436,0.9783317,0.9676364,0.9872716,0.72753453,0.98571086,0.92285347,0.98692995,0.98036975,0.98109496,0.97858065,0.9873801,0.98107284,0.98519164,0.9791296,0.9853847,0.97318333,0.9910849,0.98530537,0.9877516,0.9748674,0.9833905,0.94491315,0.97833925,0.9821095,0.9843533,0.9713644,0.9798116,0.977998,0.9808081,0.98068124,0.984121,0.96616507,0.9916126,0.98565024,0.9661516,0.9663409,0.97236854,0.98638844,0.96778494,0.97732943,0.97839403,0.9721024,0.98360616,0.9786783,0.97913235,0.9683905,0.9865036,0.97530323,0.98062915,0.98806065,0.9639615,0.98642844,0.9916126,0.97354555,0.9844522,0.9835888,0.98984706
abominablemovie,0.9801848,0.96332186,0.98535645,1.0000001,0.97161907,0.95800793,0.97407854,0.96858644,0.98746806,0.9503803,0.97680306,0.9555862,0.9777155,0.9743763,0.976211,0.965463,0.9679492,0.964015,0.9813583,0.96712506,0.96508944,0.9757724,0.973029,0.9614634,0.974288,0.7287596,0.97232646,0.97143227,0.98918134,0.9778523,0.9815705,0.98497015,0.959118,0.9633392,0.958782,0.9430705,0.96292406,0.9864295,0.9824127,0.9710817,0.96517813,0.98172385,0.96058255,0.9790678,0.9727655,0.9695448,0.97043216,0.9794058,0.97532904,0.9784254,0.9829642,0.9776446,0.9587465,0.9707534,0.97822237,0.97693133,0.96875054,0.9880815,0.98447675,0.97960305,0.9805181,0.98660475,0.9712715,0.9766137,0.9683627,0.97633535,0.9670177,0.970421,0.9685529,0.9647125,0.97818094,0.5079914,0.9719026,0.97884345,0.97251666,0.95187837,0.93534315,0.96165764,0.9838865,0.9643385,0.97532046,0.97910136,0.9814655,0.9739519,0.9713907,0.9638831,0.97370297,0.9759697,0.97657794,0.9724892,0.9734326,0.97818094,0.97103095,0.9661404,0.9627296,0.9816483,0.9684157,0.96988237,0.96571827,0.97406274,0.95298153,0.9725422,0.97983974,0.97591895,0.9647461,0.9871052,0.9774689,0.9694773,0.9678256,0.9530282,0.9793936,0.7404244,0.97855115,0.94075346,0.98246485,0.9819907,0.9811951,0.9762348,0.98183346,0.9767845,0.9694864,0.9758218,0.98408437,0.9539882,0.98516107,0.97937524,0.98064387,0.9805414,0.9777173,0.93758786,0.9745434,0.9701566,0.9721704,0.97350484,0.98061705,0.98156774,0.9780522,0.9756709,0.9788971,0.950649,0.98746806,0.9879293,0.95603013,0.9677841,0.97580063,0.9790797,0.97865283,0.9768743,0.9692662,0.97018903,0.9767138,0.97119194,0.96836877,0.95385826,0.9799319,0.96013594,0.97439456,0.97474307,0.96879923,0.9814903,0.98746806,0.9701805,0.9782695,0.97660875,0.98035175
adastramovie,0.97591347,0.9843086,0.9817955,0.97161907,1.0000002,0.9817152,0.97767437,0.9826429,0.9902835,0.98351943,0.97060233,0.9573361,0.9825998,0.9736381,0.9816691,0.98585665,0.9826619,0.9854164,0.97911733,0.9766118,0.9690877,0.9812809,0.98185,0.9557318,0.9784977,0.75646645,0.98479795,0.98581004,0.9810756,0.9766815,0.9781292,0.97267663,0.9616956,0.96504545,0.975881,0.94220144,0.97282445,0.9822572,0.98257375,0.96825695,0.97841686,0.9808968,0.9649033,0.9803884,0.982764,0.9878772,0.9828708,0.9703111,0.9714804,0.9789257,0.98653305,0.9817711,0.96460974,0.97826886,0.9793157,0.98725754,0.9741849,0.9740217,0.98895675,0.9714561,0.9694747,0.97075725,0.9794915,0.9831537,0.9735351,0.9710621,0.975596,0.9674069,0.968598,0.96724206,0.9798446,0.51479566,0.96122974,0.9837946,0.97149557,0.9498487,0.9121293,0.95728284,0.9841052,0.9778376,0.96802497,0.9770542,0.9812257,0.97293115,0.97940254,0.96511763,0.9681282,0.98054284,0.97659016,0.97658503,0.983504,0.9798446,0.9726457,0.9633519,0.9788206,0.9786277,0.9725636,0.98116004,0.9683443,0.9787942,0.97426355,0.985203,0.9757781,0.982662,0.9766919,0.9872762,0.97574925,0.9839914,0.9812481,0.96076953,0.9788051,0.7155905,0.9827828,0.9217234,0.98233104,0.9766598,0.9748857,0.9773238,0.98389876,0.9751035,0.9760154,0.9753345,0.9787708,0.9721105,0.975195,0.98495585,0.98513305,0.97102875,0.9824964,0.9526441,0.9843784,0.98551995,0.9850499,0.9762473,0.97944415,0.9752602,0.9764813,0.9775318,0.9761169,0.9681261,0.9902835,0.98227364,0.97554356,0.96841776,0.959847,0.98506093,0.97041154,0.9833434,0.9801858,0.96492904,0.9769733,0.97947425,0.98678136,0.954044,0.9661517,0.9710629,0.9801323,0.9801884,0.9717691,0.983323,0.9902835,0.98706925,0.98169005,0.9841053,0.9823121
adogsjourneymovie,0.9633523,0.97883815,0.9763581,0.95800793,0.9817152,1.0,0.97447693,0.9794765,0.98010516,0.9789631,0.96703005,0.9582377,0.96921104,0.97105193,0.970855,0.9825322,0.97574085,0.96872324,0.9645561,0.9701372,0.9709073,0.9760169,0.9660979,0.94395167,0.9592235,0.812566,0.9823294,0.9732522,0.9660464,0.9542455,0.97571164,0.96440583,0.94451064,0.9625563,0.96558,0.9298936,0.96707404,0.9685473,0.9800849,0.9648369,0.9755272,0.9660521,0.95722747,0.9631952,0.9728094,0.97508043,0.9664475,0.9603235,0.9698534,0.9631508,0.97317445,0.9723874,0.9504319,0.9635213,0.97385246,0.9849582,0.95870477,0.9576335,0.9706713,0.9586544,0.9603084,0.95509523,0.9755932,0.97367036,0.9560752,0.96370715,0.9641494,0.96650255,0.95769,0.9635527,0.9703428,0.5297668,0.93836266,0.970849,0.95221347,0.9458097,0.9201237,0.93665946,0.9685241,0.97329843,0.9606157,0.9629207,0.9654044,0.9704572,0.9587651,0.96346647,0.9381561,0.9726187,0.9690687,0.96417755,0.9744598,0.9703428,0.9667354,0.96104246,0.9739928,0.9774476,0.9575204,0.9717743,0.96906674,0.9790793,0.9629106,0.9720059,0.96658707,0.9768487,0.9758732,0.9737996,0.9700497,0.9716006,0.979442,0.9548286,0.9767461,0.7146672,0.97543097,0.9101489,0.97611105,0.95955044,0.96478575,0.9728273,0.9762596,0.9726399,0.97542393,0.969092,0.9748332,0.9828955,0.97337735,0.97041386,0.98178256,0.9560322,0.9634932,0.94280636,0.97051674,0.97232294,0.98445475,0.95825267,0.96984315,0.9503537,0.9685197,0.9689578,0.9639315,0.957293,0.98010516,0.97084546,0.95613134,0.95686847,0.9426096,0.9763189,0.9641497,0.963356,0.97056293,0.95261323,0.9732235,0.9728771,0.9713566,0.94742846,0.9605823,0.97208303,0.96899056,0.96621746,0.9718689,0.97342414,0.98010516,0.9800225,0.9718459,0.9756076,0.97185475
aftermathmovie,0.98664147,0.9786454,0.98539823,0.97407854,0.97767437,0.97447693,1.0000001,0.9819547,0.9917558,0.9733378,0.97753173,0.9697871,0.9887713,0.9843939,0.98405266,0.9829863,0.9773685,0.9676862,0.9803193,0.98201495,0.96652865,0.9801711,0.98253816,0.9750361,0.9815496,0.7535399,0.9836038,0.974868,0.98122156,0.9743871,0.9810604,0.9844452,0.9496489,0.9780081,0.961349,0.9319321,0.9744156,0.9820827,0.9791075,0.98175305,0.97898626,0.98555213,0.9795782,0.9892476,0.9850211,0.987008,0.98164016,0.9767144,0.9792973,0.98714167,0.98572296,0.9845063,0.97841734,0.98613465,0.9746347,0.9867926,0.9686196,0.9752468,0.98142344,0.9745023,0.98670053,0.97791326,0.98060256,0.987082,0.97802395,0.97124314,0.975242,0.9785608,0.9821079,0.97691566,0.9791256,0.525624,0.95531535,0.9786032,0.9724486,0.9624022,0.9321026,0.9642834,0.9780202,0.9716578,0.9690873,0.98434967,0.9861689,0.9782325,0.97533137,0.9768064,0.95455223,0.9851402,0.9836397,0.978357,0.9788895,0.9791256,0.96253383,0.9718217,0.9758979,0.985934,0.975261,0.9813826,0.984004,0.9853064,0.9682899,0.9808608,0.96826863,0.9866582,0.97847223,0.9863878,0.98653567,0.9844664,0.9734549,0.97881126,0.98760927,0.7229154,0.98128253,0.91912335,0.9881332,0.97103643,0.9830585,0.9817788,0.9902577,0.9954112,0.98098135,0.97737116,0.9866186,0.98278695,0.98771113,0.987449,0.9880387,0.96836525,0.9817944,0.9487484,0.9747943,0.97782516,0.98286873,0.96148574,0.98006314,0.97385085,0.9870887,0.97860146,0.981805,0.9719339,0.9917558,0.976123,0.97315,0.9725574,0.9662247,0.9901737,0.9714085,0.97695315,0.9907788,0.97549695,0.9923068,0.9845983,0.9858043,0.96186185,0.9792921,0.9808265,0.9866864,0.98245287,0.97500277,0.98595774,0.9917558,0.9774979,0.98205787,0.9863984,0.9853248
aftermovie,0.97714955,0.98168784,0.9772011,0.96858644,0.9826429,0.9794765,0.9819547,0.9999999,0.9882333,0.9777,0.9722776,0.95794976,0.9790282,0.9793746,0.98643386,0.9865542,0.9818771,0.97170484,0.9754129,0.9880761,0.9848625,0.96863383,0.9749737,0.9763548,0.98189294,0.79442036,0.9816243,0.97768337,0.97461903,0.970188,0.98000604,0.97274244,0.9449779,0.9622458,0.96603227,0.9367524,0.9757324,0.97970045,0.97800386,0.9629149,0.9689684,0.975993,0.95893705,0.9718851,0.97936547,0.98742706,0.9734553,0.9679846,0.9753474,0.9726952,0.97812456,0.9790045,0.96989894,0.97864074,0.9750011,0.9841675,0.97186804,0.97024953,0.9778468,0.96711445,0.974851,0.97865033,0.9753813,0.9813222,0.96910757,0.9692748,0.9770009,0.9734774,0.9668137,0.9728548,0.97431093,0.51855344,0.9486662,0.98179036,0.9660716,0.9588795,0.9203961,0.9485136,0.9732294,0.969908,0.97343916,0.97149307,0.97804767,0.97137034,0.97160345,0.97908926,0.9498088,0.9798208,0.9745559,0.97565913,0.9815772,0.97431093,0.9673191,0.98426133,0.97396857,0.98311526,0.96939206,0.9709451,0.98203725,0.987381,0.9817282,0.98509085,0.95569026,0.9847102,0.98551697,0.98145974,0.97655475,0.98367155,0.9756614,0.97352594,0.9846756,0.72962785,0.9768427,0.92087114,0.98259497,0.965355,0.9789354,0.97489345,0.9851108,0.97965354,0.97646624,0.96992147,0.9761533,0.9767505,0.9761772,0.98157394,0.98550326,0.96531016,0.97766656,0.9461205,0.9795443,0.97891843,0.98639786,0.972101,0.97863007,0.96963185,0.9785195,0.97060794,0.977854,0.9815906,0.9882333,0.97215116,0.9804687,0.96485484,0.9575897,0.9798544,0.96711314,0.9729311,0.978739,0.9752624,0.97693706,0.9768387,0.9826484,0.9603305,0.9644006,0.98268884,0.9829007,0.97214925,0.98377067,0.98016983,0.9882333,0.9763322,0.9760669,0.9809622,0.97590715
ahiddenlifefilm,0.993088,0.9855954,0.9916126,0.98746806,0.9902835,0.98010516,0.9917558,0.9882333,0.99999994,0.9806267,0.98735845,0.97313315,0.9927672,0.98814124,0.9891114,0.98774993,0.9859836,0.9823984,0.98952717,0.983641,0.9771857,0.9854206,0.98962295,0.9759891,0.98880565,0.7538176,0.9916302,0.98669857,0.9927104,0.98374605,0.98701906,0.98902464,0.9629847,0.9777713,0.9704332,0.94583905,0.98072225,0.9931098,0.99008566,0.9816118,0.9833468,0.99214554,0.978164,0.99241304,0.98809385,0.99112177,0.98808086,0.9855511,0.984837,0.9908423,0.99513507,0.9922675,0.9801856,0.98855567,0.9845813,0.9940471,0.9795696,0.98811805,0.9923424,0.98669577,0.9895299,0.9880791,0.98859125,0.99079514,0.98293626,0.9847995,0.9848669,0.98692167,0.98211867,0.9823713,0.9899847,0.51492393,0.9709694,0.9921555,0.98179334,0.967936,0.93981665,0.9702933,0.9890735,0.98125297,0.9816317,0.98684067,0.99215764,0.98281765,0.98576415,0.9804118,0.97389984,0.99212587,0.9875405,0.98775053,0.9871825,0.9899847,0.97996795,0.98096204,0.98171306,0.98956144,0.9835336,0.9852049,0.9833292,0.9889803,0.97726023,0.99007756,0.98101455,0.99292284,0.9854097,0.9963931,0.99029505,0.9889167,0.98318684,0.97614723,0.9941026,0.73977095,0.987893,0.93073756,0.9926208,0.98588634,0.992466,0.9875978,0.99514943,0.9890961,0.9860952,0.98505855,0.9917495,0.97905564,0.98881656,0.99432456,0.9940021,0.98301446,0.9915994,0.9579282,0.9869454,0.98894435,0.9910575,0.979377,0.9908918,0.98387605,0.9920104,0.9854443,0.9890819,0.9776309,0.99999994,0.98845243,0.98029464,0.9775107,0.9771696,0.9939667,0.9835792,0.98531514,0.98919535,0.98155725,0.9906989,0.9874473,0.98883194,0.9719674,0.98308253,0.98439753,0.9919474,0.98917216,0.98132205,0.99395335,0.99999994,0.9831857,0.989481,0.9923692,0.99265707
alitamovie,0.97162855,0.98794186,0.9735017,0.9503803,0.98351943,0.9789631,0.9733378,0.9777,0.9806267,0.99999994,0.9701776,0.95875245,0.97537875,0.9629862,0.9736183,0.9816676,0.9839807,0.98318326,0.9669426,0.9739117,0.96002984,0.96902156,0.9748503,0.9469386,0.973523,0.75622374,0.9811556,0.98156464,0.9635749,0.96297497,0.9656067,0.95992136,0.9390131,0.9625817,0.95878637,0.9301526,0.956565,0.97141635,0.97274953,0.9653162,0.96573085,0.9688383,0.97472227,0.9739232,0.97751564,0.9845529,0.9752847,0.95490336,0.9612456,0.9714578,0.97471035,0.9705961,0.96099764,0.96880555,0.96424645,0.97831017,0.9560662,0.9596232,0.97150165,0.9642182,0.96546465,0.95612323,0.97348785,0.9673141,0.95880085,0.9593921,0.9739821,0.96661687,0.9518941,0.96223325,0.97428906,0.5203495,0.93304414,0.9716375,0.9575732,0.93875504,0.9112962,0.93861336,0.9756629,0.9610745,0.9564826,0.95911604,0.97056705,0.9596961,0.96430176,0.96983844,0.94758266,0.97779816,0.97339237,0.9717826,0.9681662,0.97428906,0.9622638,0.95797914,0.96677977,0.97309625,0.96711475,0.9676539,0.96875465,0.9748758,0.9656603,0.98066705,0.9513626,0.97843593,0.97581875,0.97394156,0.9686425,0.9740605,0.97189623,0.96363086,0.97762597,0.75101036,0.9723087,0.9030132,0.97576106,0.96089685,0.9718079,0.96862674,0.9764555,0.9675289,0.9765139,0.967829,0.9664797,0.9662821,0.96453345,0.9742087,0.97905105,0.9620117,0.97077143,0.9494367,0.9668567,0.98145145,0.98094904,0.96725655,0.9731507,0.9569362,0.9702267,0.9628863,0.96801996,0.9726402,0.9806267,0.9634043,0.9669573,0.9540297,0.94199365,0.97725654,0.9584477,0.96471024,0.97483987,0.96039045,0.9703011,0.9692158,0.97844946,0.95654386,0.96007276,0.9727018,0.97159994,0.98160034,0.96561337,0.9786968,0.9806267,0.96877766,0.96233386,0.97684276,0.9705299
angelhasfallen,0.98153675,0.972733,0.9864908,0.97680306,0.97060233,0.96703005,0.97753173,0.9722776,0.98735845,0.9701776,1.0000001,0.9749761,0.97877675,0.97739565,0.9734198,0.9728468,0.9802193,0.97244495,0.9774405,0.96288157,0.9672053,0.96617204,0.97512347,0.9638928,0.97978127,0.75683755,0.9904338,0.98206455,0.9787427,0.96965796,0.9728223,0.9711889,0.9477283,0.9702758,0.96216315,0.9378576,0.9649403,0.9822593,0.97708726,0.96321076,0.96738034,0.9754283,0.96847415,0.9779951,0.9846791,0.97401035,0.97298443,0.981236,0.9702133,0.97627854,0.98088694,0.9747432,0.9696921,0.9708046,0.96556234,0.9850312,0.96592456,0.9714601,0.9813911,0.97145,0.98603183,0.97678596,0.9795657,0.9705929,0.95727855,0.9842051,0.97424626,0.98281854,0.97456354,0.9718537,0.97469354,0.50501907,0.9588227,0.9845282,0.9706434,0.9634095,0.9476759,0.96601343,0.9800787,0.9693536,0.977285,0.9779702,0.97770107,0.97064465,0.9741913,0.9743548,0.9776756,0.9849727,0.9686325,0.9783641,0.97544444,0.97469354,0.9724915,0.9727502,0.97307605,0.9761292,0.9832942,0.96144515,0.9791727,0.97963375,0.9597801,0.9734118,0.9656835,0.981152,0.9747325,0.984297,0.97660184,0.9717185,0.9734574,0.9633542,0.9893517,0.7527191,0.97600716,0.92589265,0.9779487,0.9842216,0.98225605,0.9749798,0.9861083,0.96978897,0.9778445,0.9699935,0.9807247,0.9661366,0.97645086,0.97807026,0.98697984,0.96822935,0.9783315,0.95115083,0.97609824,0.9768318,0.98269314,0.96530086,0.9773406,0.9675321,0.973824,0.96838534,0.9721957,0.9695904,0.98735845,0.9707445,0.96886057,0.9608894,0.9655003,0.9776112,0.9697005,0.9729649,0.966379,0.97303295,0.98298043,0.97113186,0.9718717,0.9755542,0.9701619,0.97209364,0.97920966,0.9825372,0.96550006,0.9858134,0.98735845,0.96162933,0.97813165,0.9742826,0.9805312
angrybirdsmovie,0.96978575,0.96473235,0.9702063,0.9555862,0.9573361,0.9582377,0.9697871,0.95794976,0.97313315,0.95875245,0.9749761,0.9999997,0.96837807,0.97156173,0.9602569,0.9666412,0.9562096,0.9671466,0.9605576,0.95441127,0.93855613,0.95811105,0.95276886,0.9528936,0.9559771,0.76292473,0.9743703,0.9609582,0.9624025,0.9453645,0.9528073,0.96069515,0.92450434,0.9691754,0.9424617,0.92649704,0.9500326,0.96951026,0.9593091,0.9464825,0.96450675,0.9659279,0.9633211,0.96955764,0.9744065,0.96394014,0.9484867,0.9572197,0.96588874,0.9687372,0.96901417,0.9687701,0.95383024,0.9573598,0.9485638,0.9722035,0.94740945,0.95030355,0.9670329,0.94714236,0.9692469,0.9451185,0.9658133,0.96550155,0.9591263,0.9741824,0.9625719,0.97108144,0.959352,0.96135205,0.9537751,0.5620343,0.94192255,0.97503495,0.963333,0.9462815,0.93401134,0.94052756,0.9645179,0.96271276,0.96335304,0.9666828,0.96759963,0.96012473,0.96111375,0.9648231,0.941613,0.9662074,0.960037,0.969122,0.94534105,0.9537751,0.96435946,0.9570972,0.9510122,0.9626811,0.9577698,0.96654356,0.96794707,0.96156263,0.94538105,0.95018244,0.9491332,0.95800537,0.96314937,0.9706484,0.95780754,0.96641934,0.95041794,0.9579636,0.9670785,0.762163,0.95808744,0.8847373,0.9592187,0.9542509,0.96955174,0.9681361,0.97315544,0.96007866,0.9632945,0.94999605,0.9627076,0.9778533,0.96085,0.9661736,0.96729875,0.9531844,0.9775025,0.9668108,0.951032,0.9658691,0.96206886,0.95870906,0.96334976,0.93720084,0.96742505,0.9537215,0.956235,0.95931524,0.97313315,0.94746923,0.9583975,0.95677865,0.96141595,0.97218144,0.9431343,0.9613995,0.96308166,0.9550098,0.9738252,0.9731533,0.9516316,0.95448595,0.9495168,0.9486054,0.9627371,0.96942437,0.954463,0.9712219,0.97313315,0.9517882,0.9547301,0.9585148,0.97508216
annabellemovie,0.98330617,0.9822068,0.98171455,0.9777155,0.9825998,0.96921104,0.9887713,0.9790282,0.9927672,0.97537875,0.97877675,0.96837807,1.0,0.98166376,0.9795721,0.98329276,0.9757662,0.9797945,0.9846135,0.98074245,0.9587841,0.9771988,0.9865883,0.97157717,0.98538184,0.7117234,0.98070055,0.9837486,0.98577464,0.9719682,0.98187435,0.9805896,0.953707,0.9712012,0.9581043,0.9277233,0.9673296,0.9859352,0.97503084,0.9750092,0.98077756,0.9911825,0.97696394,0.99214417,0.9853388,0.98486894,0.983061,0.9742533,0.97767663,0.9928298,0.98642576,0.98336816,0.98194563,0.9817897,0.9693997,0.9897463,0.967847,0.98501587,0.98711276,0.97509295,0.9891577,0.9793836,0.98176837,0.9879084,0.9774542,0.97263896,0.97722346,0.97855383,0.9697449,0.98068273,0.97807324,0.5074225,0.96015894,0.98671234,0.98333436,0.9703837,0.9496501,0.9714494,0.981804,0.9797238,0.97076607,0.9812981,0.99032325,0.9706558,0.9812931,0.97471625,0.9657357,0.9932558,0.9781401,0.9823127,0.975908,0.97807324,0.96979344,0.97203416,0.967339,0.9827827,0.9761517,0.98434395,0.9746219,0.9793435,0.96945417,0.9842111,0.97286004,0.9821915,0.9761408,0.98657095,0.99184734,0.988982,0.9690984,0.97727764,0.98340815,0.71444106,0.9847095,0.91285807,0.9850558,0.9745022,0.9836124,0.98158365,0.9859564,0.98552233,0.9853532,0.9847415,0.9817751,0.9711547,0.9842413,0.98817444,0.9857849,0.97655404,0.9890322,0.95824987,0.96968925,0.98594654,0.98127127,0.9627631,0.98614395,0.9748913,0.9857197,0.9737343,0.9777546,0.97469264,0.9927672,0.97393465,0.9805359,0.9781509,0.9724159,0.9866394,0.9749309,0.9796792,0.98615336,0.9739916,0.9841487,0.98731565,0.9855251,0.9678118,0.976238,0.97673166,0.9912846,0.98243463,0.9778647,0.9877752,0.9927672,0.9777634,0.9815866,0.99146414,0.98652965
annamovie,0.9786237,0.973091,0.9810845,0.9743763,0.9736381,0.97105193,0.9843939,0.9793746,0.98814124,0.9629862,0.97739565,0.97156173,0.98166376,1.0000001,0.96982133,0.9749866,0.9733369,0.9702888,0.9833844,0.96627194,0.95956266,0.97806466,0.97527456,0.9695565,0.9703543,0.7567593,0.98125345,0.9717836,0.9843133,0.9578636,0.9837044,0.98919076,0.94599897,0.9810732,0.9495838,0.93198,0.9770587,0.9784467,0.9748751,0.96955067,0.97774464,0.9844862,0.96610826,0.9776743,0.9788192,0.9780022,0.9739163,0.9734125,0.97544086,0.9801484,0.9863426,0.98165643,0.97454524,0.97998834,0.9748529,0.9862433,0.95548344,0.9776536,0.9766264,0.9719543,0.98502654,0.9737148,0.97970414,0.99154097,0.97606605,0.97967935,0.9644832,0.9787963,0.9660316,0.97827744,0.9756428,0.49943063,0.9519759,0.97749203,0.97997355,0.9586662,0.9273032,0.96306354,0.970432,0.97551876,0.97374326,0.97650456,0.97952896,0.97951186,0.97932273,0.96939045,0.95415086,0.97916013,0.97067386,0.9787747,0.97780013,0.9756428,0.9683978,0.96423846,0.97474474,0.9769768,0.96411264,0.97356427,0.9695177,0.9842015,0.9703527,0.97635597,0.9757054,0.9817999,0.97834986,0.9856111,0.9831883,0.98530376,0.9730877,0.9690765,0.986465,0.7150981,0.9721015,0.90810937,0.98209405,0.9668612,0.9769815,0.9788384,0.9889971,0.9809889,0.9761661,0.9740915,0.9784541,0.97802794,0.98373383,0.9804972,0.97870535,0.97371674,0.9864336,0.96663207,0.9690887,0.98499215,0.9785127,0.96108806,0.9784463,0.9608094,0.9809629,0.9745333,0.9751201,0.9735746,0.98814124,0.98076564,0.9752917,0.97853285,0.95603895,0.98234916,0.97302496,0.9688259,0.9812532,0.9630321,0.98698354,0.98332095,0.977303,0.9632993,0.9684846,0.97325224,0.98062617,0.9707999,0.9663882,0.97854584,0.98814124,0.96928394,0.9739582,0.9829852,0.9886435
apollo11movie,0.9860162,0.98394054,0.9825764,0.976211,0.9816691,0.970855,0.98405266,0.98643386,0.9891114,0.9736183,0.9734198,0.9602569,0.9795721,0.96982133,1.0000001,0.9873386,0.97614247,0.97239,0.97446173,0.98944795,0.97525805,0.9662156,0.98754424,0.97375643,0.9841661,0.7650487,0.9830576,0.9773087,0.9783241,0.97677857,0.9739593,0.9734299,0.95078105,0.96633685,0.9649391,0.9273161,0.9716431,0.9812397,0.9774819,0.96449417,0.9667672,0.9722432,0.9637385,0.97600085,0.9789308,0.9814441,0.9852476,0.9733772,0.9755855,0.9725675,0.9824042,0.9836257,0.96566695,0.9760415,0.9759456,0.9795208,0.97652125,0.9724359,0.9826626,0.9758129,0.97743857,0.9773192,0.9716865,0.97766465,0.97643954,0.97088045,0.9856005,0.9753592,0.9721776,0.9719978,0.9816948,0.5368606,0.9573715,0.9851569,0.9670738,0.94607043,0.9185298,0.9482048,0.97489184,0.97222525,0.9760111,0.9701732,0.98165166,0.96661323,0.9671015,0.98288107,0.9541848,0.98400337,0.97823924,0.97636855,0.9728698,0.9816948,0.9593243,0.9783076,0.9723407,0.9920916,0.9750787,0.97398996,0.9853641,0.98397285,0.9667719,0.9820045,0.96012455,0.98622483,0.9743878,0.9861482,0.97701013,0.9763082,0.9650258,0.9791641,0.9841175,0.74324775,0.9808829,0.92325157,0.9805408,0.96809995,0.9819302,0.9794608,0.98624504,0.97962296,0.9786765,0.97336686,0.98146266,0.97560567,0.97208154,0.98831546,0.98940915,0.96562845,0.9755108,0.931484,0.9817471,0.96996623,0.978643,0.9721767,0.9799918,0.9797008,0.98250866,0.9811137,0.9862431,0.9732057,0.9891114,0.9744479,0.9667397,0.9657706,0.9763564,0.9828748,0.96523035,0.97509223,0.9808075,0.98443735,0.9764584,0.97096974,0.9844747,0.9669645,0.97384655,0.98251057,0.9883695,0.98299867,0.9784597,0.9863316,0.9891114,0.97303355,0.9809726,0.98348546,0.9784007
arcticdogsmovie,0.9777354,0.986534,0.9794912,0.965463,0.98585665,0.9825322,0.9829863,0.9865542,0.98774993,0.9816676,0.9728468,0.9666412,0.98329276,0.9749866,0.9873386,1.0,0.9816569,0.9806832,0.97071236,0.988268,0.9729797,0.9731432,0.9795224,0.96776414,0.9785989,0.78876257,0.9846305,0.97946113,0.97311455,0.96993315,0.9786942,0.97485876,0.9463213,0.9570347,0.9624702,0.93045115,0.9649058,0.97803336,0.9792218,0.9686677,0.9750211,0.9763275,0.97244287,0.97888315,0.98114765,0.9840417,0.9774035,0.9637306,0.9780223,0.9760967,0.9784441,0.9872643,0.9696241,0.9740371,0.9741298,0.98737895,0.97490454,0.9718603,0.9850856,0.9643831,0.9741077,0.9703264,0.9811041,0.9828187,0.9744077,0.9759987,0.974413,0.9777479,0.9718976,0.97798216,0.973468,0.5334836,0.94607395,0.98062724,0.9670867,0.95696926,0.921539,0.9519692,0.97981244,0.9772383,0.9713013,0.9724679,0.98343605,0.9717424,0.96367455,0.9780856,0.94616216,0.9826963,0.9774075,0.9835253,0.9769771,0.973468,0.9597191,0.9749847,0.966303,0.9816325,0.9679539,0.9787106,0.986802,0.97705644,0.96591115,0.9822674,0.960282,0.9818867,0.97492754,0.97982645,0.9826534,0.98463726,0.9685736,0.97550565,0.9806335,0.7288691,0.9802178,0.90795505,0.97965086,0.9639784,0.9765583,0.9809017,0.98600644,0.97769904,0.983593,0.9782513,0.98240864,0.9832568,0.9734991,0.9854275,0.98477745,0.9618162,0.9784089,0.9519177,0.9770129,0.9784288,0.98441184,0.9746906,0.98182833,0.9673303,0.98103464,0.97845334,0.9747274,0.9732046,0.98774993,0.9694281,0.97020495,0.96910316,0.9629471,0.98815733,0.9591659,0.96559083,0.9849729,0.9748641,0.9781167,0.9834443,0.98220986,0.9550497,0.96494275,0.97488934,0.98782843,0.9798248,0.9803445,0.98328215,0.98774993,0.98081404,0.9771194,0.9808971,0.9789198
arcticmovie,0.97652376,0.97993535,0.9840783,0.9679492,0.9826619,0.97574085,0.9773685,0.9818771,0.9859836,0.9839807,0.9802193,0.9562096,0.9757662,0.9733369,0.97614247,0.9816569,0.99999994,0.9797647,0.9794206,0.97243154,0.9785101,0.97055304,0.9724312,0.96251994,0.9726942,0.7751949,0.9856375,0.98921067,0.9765006,0.9728767,0.98303384,0.96936244,0.95624715,0.96870613,0.96456397,0.9412482,0.9686401,0.97890997,0.97791225,0.96342933,0.9682606,0.97512764,0.97417605,0.97725797,0.9841159,0.9796505,0.9726929,0.969261,0.9609569,0.97474414,0.9825377,0.9753516,0.96264696,0.97484857,0.96772665,0.97926676,0.9643247,0.96730226,0.9837474,0.9730269,0.97527534,0.9740285,0.98329383,0.9741666,0.9640762,0.9749547,0.9717566,0.9710904,0.96875846,0.9655962,0.98042625,0.509058,0.9478444,0.97953486,0.96642387,0.9528534,0.9153126,0.9540015,0.98366416,0.95973754,0.9687886,0.97272474,0.9766898,0.9654679,0.9674731,0.9666745,0.9619142,0.9785997,0.97457004,0.9826573,0.979891,0.98042625,0.96796566,0.961217,0.9789872,0.9729813,0.971195,0.9604628,0.9723034,0.98409617,0.9653933,0.982641,0.9556536,0.9883263,0.972966,0.98373896,0.976265,0.9755836,0.9799224,0.96705645,0.9823524,0.7380922,0.973401,0.91742635,0.98374087,0.97019535,0.9750992,0.9774957,0.98769855,0.97677606,0.9762757,0.9747625,0.97562426,0.9666265,0.9745324,0.9778726,0.9856647,0.974647,0.972865,0.9579152,0.98137194,0.9775837,0.9905401,0.97651625,0.9709345,0.96731204,0.9766097,0.9728564,0.9744221,0.96965855,0.9859836,0.9779208,0.9679632,0.9578769,0.95033175,0.9823997,0.9654329,0.97102284,0.9748687,0.9624491,0.97246224,0.97775954,0.9771879,0.96148205,0.9674229,0.97789115,0.97596043,0.9814434,0.9636809,0.97798526,0.9859836,0.9681296,0.9751916,0.9736227,0.97797495
artofracingmovie,0.9700703,0.98414063,0.9774798,0.964015,0.9854164,0.96872324,0.9676862,0.97170484,0.9823984,0.98318326,0.97244495,0.9671466,0.9797945,0.9702888,0.97239,0.9806832,0.9797647,1.0000001,0.9771648,0.97031194,0.9547648,0.96815085,0.972802,0.9553787,0.9738312,0.7560846,0.9800104,0.9841474,0.9772559,0.9583381,0.9728508,0.96748966,0.9481882,0.966394,0.9512469,0.9291751,0.9641705,0.977873,0.97187465,0.96156424,0.9646189,0.9728186,0.9709895,0.9780022,0.9757274,0.9809634,0.9687856,0.95441175,0.95553213,0.9760153,0.9824529,0.970523,0.9528512,0.9685919,0.9588872,0.97652155,0.9551896,0.9643732,0.9825164,0.9648013,0.9701134,0.9621671,0.9695923,0.9746635,0.9603572,0.9681738,0.9781478,0.9645858,0.9502777,0.95915556,0.9718312,0.53305656,0.9523076,0.98121697,0.9629242,0.9419484,0.9094766,0.9463449,0.9803925,0.9650934,0.9736375,0.9628132,0.9726532,0.95057327,0.97886413,0.96057844,0.96007085,0.97688043,0.9713923,0.97567064,0.9650871,0.9718312,0.97291654,0.95674413,0.96703714,0.9674772,0.9637448,0.97055763,0.9595587,0.9760353,0.9692458,0.97605914,0.961599,0.97334164,0.96648383,0.98168564,0.9666337,0.9801215,0.9726902,0.96550465,0.97301906,0.75458986,0.96869534,0.89702564,0.97269434,0.9640394,0.9687086,0.96743923,0.9794686,0.9635142,0.97011995,0.9691355,0.96791655,0.9634126,0.9698492,0.97755104,0.97373974,0.9789907,0.9821072,0.9646464,0.9669685,0.9875294,0.9775262,0.97427285,0.9719729,0.95616585,0.97449964,0.9658839,0.9702197,0.9758654,0.9823984,0.9715251,0.97529733,0.95480293,0.95050824,0.9758802,0.9560676,0.96535516,0.9696556,0.9568098,0.96537536,0.9777139,0.97466874,0.96198887,0.95873153,0.964347,0.97363275,0.97952604,0.96187824,0.97468525,0.9823984,0.9693124,0.9636212,0.9732152,0.9803886
avengers,0.9863487,0.9716195,0.9778191,0.9813583,0.97911733,0.9645561,0.9803193,0.9754129,0.98952717,0.9669426,0.9774405,0.9605576,0.9846135,0.9833844,0.97446173,0.97071236,0.9794206,0.9771648,0.9999998,0.96998477,0.9636267,0.97311354,0.97602284,0.96480095,0.97634035,0.7366532,0.9820162,0.9845572,0.9841283,0.9670374,0.9832713,0.98398334,0.9529208,0.978061,0.95377296,0.94921005,0.972744,0.9820814,0.9761562,0.9662916,0.9663082,0.984517,0.9670712,0.9828592,0.9741475,0.97695005,0.974259,0.9749612,0.96753055,0.9822034,0.98512006,0.9774709,0.9734782,0.984729,0.96580577,0.97837186,0.96125984,0.97821194,0.97789234,0.98096925,0.98585945,0.97736937,0.9785991,0.9835618,0.9694426,0.9752447,0.97285455,0.97239316,0.9598512,0.9695633,0.9810431,0.48050165,0.9698108,0.98084855,0.98117334,0.95140314,0.9307083,0.961739,0.974174,0.96220386,0.97382283,0.9721639,0.9813448,0.9663213,0.9801935,0.96100134,0.9687938,0.9849093,0.9723396,0.98168373,0.9724734,0.9810431,0.97722554,0.9651788,0.9706859,0.98017687,0.9711663,0.9644499,0.9589905,0.9842342,0.9670008,0.97993296,0.96965706,0.9859059,0.9719998,0.98706025,0.9761579,0.98355883,0.9761562,0.9703811,0.98265815,0.73744756,0.9708964,0.9245487,0.98199236,0.9720082,0.97793573,0.98227674,0.98805577,0.98168254,0.9711666,0.9760415,0.9742049,0.9605742,0.97658074,0.9777581,0.98122025,0.9866547,0.9845763,0.96422225,0.9771489,0.97968614,0.977291,0.97025657,0.9743883,0.9683365,0.9801862,0.9763115,0.97841805,0.97032434,0.98952717,0.9821452,0.97383595,0.97708887,0.96161175,0.98316157,0.98362803,0.978985,0.9795433,0.96310043,0.97613376,0.9828719,0.97910386,0.96516556,0.968136,0.9739933,0.9828155,0.97989553,0.9676228,0.9780195,0.98952717,0.9653276,0.9768835,0.9789098,0.9803413
beachbummovie,0.9748305,0.9802909,0.9714993,0.96712506,0.9766118,0.9701372,0.98201495,0.9880761,0.983641,0.9739117,0.96288157,0.95441127,0.98074245,0.96627194,0.98944795,0.988268,0.97243154,0.97031194,0.96998477,0.9999999,0.96813303,0.9657599,0.9762616,0.9737372,0.9827514,0.76551443,0.9733311,0.9693525,0.9663151,0.9646275,0.971665,0.9719711,0.93356335,0.9527094,0.95657843,0.92856395,0.9616978,0.9753987,0.96675664,0.9688303,0.9571484,0.97148484,0.96698385,0.9740127,0.9728745,0.9838108,0.9714562,0.95424527,0.97349346,0.9724597,0.97111374,0.9782271,0.96829253,0.97377676,0.9680213,0.97740364,0.9666326,0.9714084,0.9772677,0.96262413,0.9705182,0.97648895,0.96172154,0.97567517,0.9714858,0.9610337,0.9780538,0.969337,0.9613257,0.9720327,0.96929896,0.51020986,0.95133597,0.975148,0.9608758,0.95863724,0.9201922,0.94063354,0.9708063,0.9674716,0.97563887,0.96237415,0.9803087,0.95765364,0.9590708,0.97754276,0.93453443,0.98162544,0.9746744,0.97606885,0.9730085,0.96929896,0.9514557,0.98257166,0.95710874,0.98458004,0.9612672,0.9745776,0.98222286,0.98069733,0.9677281,0.98209894,0.94817835,0.97791797,0.97298425,0.97430164,0.97541,0.98057604,0.95890725,0.9816168,0.9740464,0.73191684,0.98147446,0.9158771,0.9769275,0.9590605,0.973452,0.9734484,0.9785126,0.9781234,0.9732901,0.9734635,0.9760068,0.97321355,0.9698605,0.9829501,0.98317367,0.96181864,0.9710409,0.9361203,0.9651143,0.97266227,0.97536874,0.9712158,0.98135704,0.9667607,0.98103434,0.9720042,0.97503394,0.9756973,0.983641,0.96621156,0.97238696,0.9679815,0.9614422,0.9805001,0.9609707,0.96756154,0.98379356,0.9815182,0.97010136,0.97717154,0.98090297,0.94851726,0.9662149,0.9742715,0.9825027,0.9716121,0.98777807,0.98047817,0.983641,0.97362226,0.97090405,0.97920877,0.9713401
bernadettefilm,0.9678696,0.9672624,0.970054,0.96508944,0.9690877,0.9709073,0.96652865,0.9848625,0.9771857,0.96002984,0.9672053,0.93855613,0.9587841,0.95956266,0.97525805,0.9729797,0.9785101,0.9547648,0.9636267,0.96813303,1.0,0.95385736,0.9587473,0.96517956,0.96233374,0.8162286,0.9738419,0.9715131,0.96742266,0.9702173,0.9723284,0.95842797,0.95160264,0.94672436,0.9638359,0.94058174,0.96195406,0.97067046,0.9810438,0.951298,0.9555234,0.96465707,0.9456196,0.95936775,0.969465,0.9700695,0.9572311,0.96984947,0.9614562,0.9584192,0.9679784,0.9655381,0.9507201,0.96784765,0.9660979,0.9722889,0.97154504,0.95852613,0.9673197,0.95978,0.95809746,0.97251034,0.9747596,0.96115786,0.94716895,0.97083825,0.96550834,0.9644159,0.9687751,0.95497084,0.966041,0.5399574,0.9494679,0.9713429,0.94425935,0.9457792,0.91296005,0.93490654,0.96477586,0.9494765,0.9631918,0.9663691,0.9608221,0.9608113,0.9517356,0.95664155,0.9459375,0.96414614,0.9701057,0.9660354,0.97128934,0.966041,0.9641859,0.9751851,0.9658811,0.96977586,0.9597834,0.9524632,0.9723038,0.9733898,0.96121514,0.9644427,0.94453377,0.9775604,0.9709448,0.97468543,0.95931953,0.9579588,0.97558504,0.9511028,0.9761,0.7444695,0.9652895,0.925858,0.978062,0.9604089,0.96980697,0.9664178,0.9767231,0.96721524,0.95696956,0.95870185,0.9714657,0.9584999,0.96912456,0.96880364,0.97546107,0.9614364,0.9612872,0.9238827,0.98513746,0.9583243,0.98275137,0.96647865,0.96435356,0.96647,0.9641006,0.9603234,0.9651446,0.955879,0.9771857,0.9661214,0.9543317,0.93700176,0.948249,0.9680343,0.96256405,0.96029395,0.95716584,0.9645426,0.9602966,0.9611957,0.9639198,0.9503344,0.9528766,0.9695928,0.96722907,0.96228886,0.9707623,0.97037745,0.9771857,0.96162665,0.972002,0.96243435,0.9617138
