movie,21bridgesmovie,47metersdown,abeautifuldaymovie,abominablemovie,adastramovie,adogsjourneymovie,aftermathmovie,aftermovie,ahiddenlifefilm,alitamovie,angelhasfallen,angrybirdsmovie,annabellemovie,annamovie,apollo11movie,arcticdogsmovie,arcticmovie,artofracingmovie,avengers,beachbummovie,bernadettefilm,blackandbluemovie,blackchristmas,blindedbythelightmovie,bombshellmovie,booksmart,breakthroughmovie,brianbanksmovie,brightburnmovie,brittanyrunsmov,captainmarvelofficial,captivestatemovie,catsmovie,charliesangels,childsplaymovie,clarathefilm,coldpursuitmovie,countdown,currentwarmovie,darkwatersmovie,detectivepikachumovie,disneyaladdin,disneyfrozen,disneymaleficent,doctorsleepmovie,dolemiteismyname,dontletgomovie,doramovie,downtonabbey_official,dumbo,escaperoom,everybodyknowsmovie,fastandfuriousmovie,fightingwmyfam,fivefeetapartfilm,fordvferrari,freaksthefilm,geminimanmovie,glassmovie,gloriabellmovie,godzillamovie,goldfinchmovie,goodboysmovie,goodliarmovie,gretafilm,halathemovie,happydeathdaymovie,harrietfilm,hellboymovie,hersmellmovie,highlifemovie,highstrungmovie,honeyboymovie,hotelmumbaifilm,httydragon,hustlemovie,hustlersmovie,isntitromantic,itmovieofficial,jayandsilentbob,johnwickmovie,jojorabbitmovie,jokermovie,judythefilm,jumanjimovie,justmercyfilm,knivesout,lalloronamovie,lastblackmansf,lastchristmasthemovie,latenightmovie,lighthousemovie,lionking,littlethemovie,littlewomenmovie,littlewoodsfilm,longshotmovie,lordsofchaosmovie,lucyintheskyfilm,mamovie2019,marriagestory,meettheaddams,meninblack,midsommarmovie,midwaymovie,missbalamovie,missinglinkfilm,motherlessbklyn,onceinhollywood,onthebasisofsex,overcomermovie,peanutbutterfalcon,petsematarymovie,piercingmovie,playingwithfire,playmobilthemovie,pomsmovie,queenandslim,rambomovie,readyornotfilm,richardjewellfilm,rocketmanmovie,scarystoriesmovie,secretlifeofpets,serenityfilm,shaftmovie,shazammovie,spidermanmovie,spiesindisguise,starwars,stormboymovie,stubermovie,taosdfilm,teenspiritmov,terminator,theaeronautsmov,thebestofenemies,thedeaddontdie,thefarewell,thehighwaymen,thehummingbirdprojectfilm,theintrudermovie,theirishmanfilm,thekitchenmovie,thelegomovie,themustangfilm,thenightingalefilm,theprodigymovie,thesunisalsoastar,theupsidefilm,tolkienmovie,toystory,triplefrontier,uglydolls,uncutgems,underthesilverlake,usmovie,wavesmovie,whatmenwant,wonderparkmovie,wrinklestheclown,xmenmovies,yardiefilm,yesterdaymovie,zombieland
21bridgesmovie,0.99999994,0.9357652,0.95762455,0.95027506,0.94734144,0.9643745,0.95743203,0.9498518,0.97006357,0.95338845,0.94605106,0.9441945,0.94346887,0.95045984,0.9485617,0.946672,0.9504787,0.9539443,0.9709471,0.9469285,0.95725226,0.95690596,0.95307523,0.96110314,0.9295791,0.8735856,0.9561547,0.95457065,0.9597874,0.9586316,0.9529407,0.94128585,0.95356786,0.95415705,0.92738235,0.92744005,0.9624747,0.9716588,0.94642246,0.9519204,0.95557487,0.9324831,0.9479161,0.92772496,0.9569685,0.9445502,0.95488274,0.9526235,0.9460908,0.9352189,0.95951104,0.9553116,0.93625563,0.9401938,0.95293885,0.94725263,0.95224714,0.9536764,0.94580346,0.9434574,0.9454439,0.95421916,0.9440689,0.9598108,0.9488179,0.9511436,0.94136375,0.9582236,0.93180096,0.96536124,0.9491273,0.7701859,0.93972486,0.9467082,0.93653536,0.92664754,0.9094292,0.95368856,0.9280621,0.9622845,0.943301,0.9565194,0.95621467,0.9533426,0.93941504,0.9494713,0.9468477,0.9552304,0.94298345,0.95839506,0.94591904,0.9491273,0.93063444,0.9634219,0.96614426,0.9505434,0.93876284,0.96641743,0.94901717,0.9561957,0.95791227,0.93721807,0.9581067,0.96070385,0.9382589,0.9547567,0.9478835,0.95233244,0.94625574,0.9323927,0.9570095,0.84472424,0.9612411,0.88870734,0.9490552,0.9651333,0.9873545,0.9385361,0.95534575,0.95331526,0.9549931,0.95331246,0.95445216,0.94361675,0.94975805,0.9500639,0.95480686,0.9546005,0.9466615,0.92397565,0.9477944,0.95294625,0.9533696,0.9364727,0.9552136,0.9498546,0.975221,0.9407515,0.9522563,0.9477617,0.97006357,0.962104,0.94863653,0.95460457,0.94539833,0.9443149,0.94127667,0.9248448,0.9456519,0.96108437,0.95128137,0.9445489,0.95532376,0.9478748,0.9556045,0.94824755,0.95636874,0.94214374,0.96279687,0.95521444,0.97006357,0.94423,0.9540975,0.9439695,0.95348066
47metersdown,0.9357652,1.0000004,0.93240887,0.934069,0.9419193,0.9381453,0.9422239,0.9274204,0.9591243,0.92419755,0.9371497,0.9334422,0.9295659,0.9316747,0.9395647,0.9633851,0.92573994,0.9289411,0.9236009,0.92929786,0.94471234,0.95048237,0.95324016,0.9414062,0.941481,0.8991398,0.93114567,0.93960863,0.94420236,0.93279094,0.9235518,0.92733216,0.9406136,0.938045,0.9278342,0.9085312,0.94730514,0.9537227,0.9416204,0.9359352,0.9358264,0.9309582,0.9511075,0.9414608,0.9465718,0.934253,0.95462126,0.939688,0.93180907,0.9458034,0.9404874,0.9400335,0.9423885,0.92833203,0.9346555,0.9319132,0.93757486,0.94538975,0.9388205,0.9305738,0.93794787,0.9501169,0.93980914,0.9278212,0.9420374,0.9449817,0.9303941,0.9429543,0.9354245,0.90980965,0.93636835,0.76725847,0.94863653,0.957084,0.9343665,0.93587345,0.8860036,0.94366014,0.9176127,0.94881016,0.9315587,0.93530405,0.9484678,0.94768316,0.918337,0.9285297,0.92291194,0.9326074,0.9181995,0.9606476,0.9617539,0.93636835,0.9408777,0.947313,0.94159603,0.9361347,0.9444956,0.9477858,0.9334771,0.9498211,0.9404453,0.94587564,0.94407547,0.93867093,0.9363271,0.93656063,0.9406082,0.9432217,0.9300635,0.9366152,0.943659,0.8421333,0.9486804,0.8882396,0.95130384,0.9276162,0.94399285,0.9299933,0.9425601,0.9379916,0.9502045,0.9554515,0.93775934,0.94133043,0.939866,0.9350461,0.92843294,0.9309641,0.92601186,0.93098617,0.94018114,0.930443,0.94046885,0.9337073,0.94061434,0.9383807,0.93,0.94115764,0.9286654,0.93042123,0.9591243,0.93944323,0.94269794,0.94893044,0.94710934,0.9392218,0.93832153,0.9258805,0.93968743,0.93368894,0.94152147,0.9445476,0.9407687,0.91263247,0.9174901,0.94436574,0.9461895,0.94135517,0.93367904,0.93759066,0.9591243,0.91447145,0.93759716,0.93549204,0.93645865
abeautifuldaymovie,0.95762455,0.93240887,1.0,0.94493526,0.9516628,0.95755255,0.9549451,0.93046826,0.97055656,0.9513218,0.94588923,0.95626414,0.9428654,0.9585304,0.94564533,0.94963294,0.95118374,0.94381803,0.9566132,0.9408804,0.9568261,0.9687117,0.95735496,0.9496087,0.9342579,0.8746585,0.9463652,0.94620085,0.9722157,0.95469636,0.95127046,0.9413879,0.9480703,0.9646126,0.93124145,0.9202062,0.9504793,0.9568914,0.94360775,0.952545,0.9495845,0.9552344,0.9634082,0.9485727,0.9476417,0.93408954,0.9550323,0.9566625,0.94032073,0.9566327,0.97545844,0.95429623,0.9428462,0.9358267,0.9456309,0.9492668,0.9554053,0.9671968,0.94702345,0.9441209,0.93917453,0.94212466,0.94600564,0.95453,0.9408966,0.95330215,0.92435104,0.95182806,0.9379278,0.94341844,0.95514506,0.75136,0.95222175,0.9477073,0.93551636,0.9304035,0.90938574,0.9607413,0.93146515,0.9546574,0.9211909,0.9521195,0.95761347,0.94712275,0.9628989,0.9339944,0.9379692,0.9571986,0.93973964,0.95981395,0.9478915,0.95514506,0.9284004,0.96101743,0.9700622,0.94732153,0.9378071,0.9529085,0.94885975,0.9597368,0.9456902,0.9489768,0.9637233,0.9496978,0.9513061,0.9715565,0.94631875,0.9618126,0.9586899,0.93754643,0.9512251,0.85980535,0.9557746,0.9013394,0.94850606,0.9483532,0.9556798,0.93521345,0.94231576,0.94961876,0.9527698,0.9486435,0.9443637,0.94178855,0.9639953,0.94520974,0.9563075,0.9668268,0.9539431,0.9441258,0.9558687,0.95003724,0.94822824,0.93612814,0.957818,0.95355135,0.94557077,0.9422987,0.95414966,0.94418573,0.97055656,0.9662528,0.95186603,0.9598303,0.934298,0.94470346,0.95204276,0.93583274,0.95518893,0.94066584,0.94344026,0.96140015,0.9511739,0.9481621,0.9481434,0.95630544,0.9640247,0.9482083,0.95406365,0.9558657,0.97055656,0.93364584,0.948896,0.9569401,0.97007185
abominablemovie,0.95027506,0.934069,0.94493526,0.99999994,0.9510137,0.9602895,0.9547051,0.95715004,0.9715685,0.9519987,0.94721514,0.94569427,0.95282096,0.95746315,0.9382859,0.9451482,0.9496681,0.9558576,0.94658446,0.942462,0.9645212,0.95544493,0.95197463,0.962286,0.94947946,0.9129645,0.94721085,0.9563964,0.9474974,0.94256186,0.9600128,0.9414675,0.93647736,0.9391782,0.938544,0.9376597,0.95800155,0.9615363,0.9561642,0.9559962,0.9597653,0.9511538,0.96321636,0.93632185,0.9635876,0.9402792,0.9520302,0.95665383,0.9626799,0.95183706,0.94581497,0.96119744,0.9474876,0.9591598,0.953635,0.941034,0.94389087,0.94169044,0.9729569,0.94402105,0.9442269,0.9654527,0.9483877,0.9479794,0.93690044,0.95462275,0.9517599,0.95891327,0.9443509,0.94899124,0.9519551,0.80342025,0.94241166,0.9511205,0.95032376,0.9485975,0.92211896,0.9628364,0.9437141,0.954435,0.94148004,0.9590414,0.95712703,0.94459116,0.9524451,0.9538578,0.9537757,0.94457126,0.94909966,0.95747155,0.94697237,0.9519551,0.9235962,0.96037346,0.9512133,0.9498269,0.94219995,0.9468216,0.94438493,0.95882124,0.9397254,0.950494,0.94086915,0.95677596,0.95398253,0.9502434,0.94315296,0.9584248,0.94370395,0.9462096,0.95411855,0.8652099,0.96183485,0.9317458,0.94311035,0.9472006,0.95375127,0.93607265,0.9564959,0.94405776,0.95673734,0.94373274,0.9679071,0.9314499,0.9582649,0.9593154,0.9558257,0.92857677,0.94346637,0.9364964,0.9710423,0.95038694,0.9619381,0.9327619,0.94939965,0.94497263,0.95291585,0.949163,0.95106435,0.94438255,0.9715685,0.9557748,0.94103163,0.9616298,0.9449124,0.9602514,0.9675718,0.9437612,0.9567466,0.95168537,0.95457876,0.9526484,0.9554122,0.9361042,0.9384249,0.95352983,0.95629287,0.94416595,0.95832944,0.9420084,0.9715685,0.945875,0.9525393,0.9537443,0.9456181
adastramovie,0.94734144,0.9419193,0.9516628,0.9510137,1.0000001,0.9624578,0.96322507,0.95443016,0.9791614,0.9638293,0.9617852,0.9460055,0.9617358,0.9625394,0.95061386,0.95387846,0.95189524,0.9794966,0.9516642,0.9526572,0.9735346,0.9612483,0.97009915,0.95961446,0.9534818,0.89994514,0.97137105,0.95300436,0.95829374,0.9482373,0.96095115,0.9567786,0.9505942,0.94386977,0.9403928,0.9480562,0.9626724,0.9616447,0.9528668,0.95342046,0.9587475,0.9567702,0.95617235,0.9480946,0.968569,0.9613966,0.96707207,0.95449126,0.95311946,0.95623076,0.9571968,0.96465385,0.9603507,0.94381565,0.95599985,0.97531337,0.954657,0.96395755,0.9593415,0.959232,0.9702913,0.95901126,0.9605571,0.95667064,0.95130247,0.9621686,0.9483808,0.96004707,0.953823,0.9512593,0.96390706,0.78400147,0.96316284,0.9576243,0.9539811,0.9401061,0.9328986,0.9622242,0.9429931,0.97005254,0.9543233,0.9644731,0.9684,0.95015365,0.95330465,0.9619885,0.9639392,0.9675965,0.9599202,0.9696313,0.96111226,0.96390706,0.9381162,0.9621865,0.96096945,0.95490575,0.96572554,0.9581137,0.9544095,0.9675641,0.9591588,0.95682895,0.94821596,0.95847124,0.94782555,0.9568587,0.95674837,0.9620448,0.9453227,0.9441537,0.9663488,0.8780366,0.96676195,0.9181281,0.96029514,0.95239246,0.9567269,0.9511987,0.9627961,0.9632792,0.9696391,0.9529923,0.96270233,0.9487838,0.95880896,0.9509481,0.95849794,0.95175624,0.9724612,0.9468239,0.95736575,0.967277,0.9655439,0.9412321,0.959656,0.952091,0.95149577,0.94933176,0.96178365,0.96438164,0.9791614,0.96072537,0.9629651,0.9648667,0.9616707,0.9629782,0.9585591,0.9510142,0.9600376,0.9530581,0.96185875,0.9518049,0.9588705,0.9390134,0.9484811,0.9665254,0.9639196,0.9553611,0.9553062,0.95381683,0.9791614,0.945102,0.9590495,0.96119624,0.96587074
adogsjourneymovie,0.9643745,0.9381453,0.95755255,0.9602895,0.9624578,0.99999994,0.9605517,0.9509663,0.9795673,0.95323265,0.9558748,0.95712173,0.960357,0.96306866,0.9512466,0.95045584,0.95759106,0.9607874,0.9555108,0.9387002,0.9671392,0.9669208,0.97000384,0.9549768,0.94321275,0.8848639,0.9692802,0.959893,0.96344924,0.95239884,0.9582323,0.9503955,0.94978607,0.9564076,0.9447231,0.93897116,0.96355474,0.96909046,0.9583266,0.96158785,0.9651616,0.95607615,0.96123505,0.9492694,0.9701404,0.9544673,0.9680238,0.95649844,0.96240664,0.95967233,0.96592957,0.9587598,0.9561732,0.9490463,0.9601189,0.9535545,0.95220304,0.95899016,0.95856297,0.9489776,0.9503205,0.9598894,0.96468544,0.95588946,0.95747095,0.95668143,0.9465106,0.95415646,0.96123034,0.96064126,0.95883745,0.7812249,0.9520813,0.95964116,0.9543986,0.95073175,0.9315516,0.9718853,0.9510919,0.9677242,0.9380654,0.96063346,0.9645942,0.9630786,0.9538847,0.95748377,0.9639921,0.9656928,0.9592688,0.9641371,0.95350796,0.95883745,0.94582695,0.966652,0.96402913,0.9566264,0.9525695,0.9579719,0.95480895,0.96117675,0.95693076,0.96706873,0.96029335,0.9632492,0.94732714,0.9674202,0.9614193,0.9636808,0.9477194,0.9438573,0.96319515,0.87338674,0.9699165,0.9181517,0.9586441,0.9702516,0.9705041,0.9545627,0.95707667,0.9578895,0.9597401,0.95633155,0.9614801,0.9645268,0.9675545,0.9613456,0.9640286,0.9508241,0.9525442,0.95178664,0.9625096,0.95450485,0.96397084,0.9430501,0.96009296,0.9519751,0.96445537,0.946722,0.957109,0.9452953,0.9795673,0.9672289,0.95497215,0.96458936,0.9581588,0.9531567,0.9610727,0.9490629,0.9566551,0.9558593,0.95811135,0.9672078,0.9575762,0.94564,0.9476611,0.9602973,0.97146684,0.9509269,0.95732665,0.9680337,0.9795673,0.9447399,0.9658922,0.96614987,0.96153295
aftermathmovie,0.95743203,0.9422239,0.9549451,0.9547051,0.96322507,0.9605517,1.0000005,0.94944173,0.9824951,0.9558442,0.95476955,0.9555051,0.95219934,0.9731699,0.957934,0.95207995,0.95986086,0.9669857,0.9544391,0.9488655,0.9617444,0.96514696,0.96951574,0.9601916,0.9520434,0.9137891,0.9584732,0.9641195,0.9596023,0.9553108,0.96805847,0.9569979,0.9525883,0.9551668,0.94500995,0.94484115,0.97308695,0.95770156,0.9536283,0.9595387,0.96251416,0.9460248,0.9625129,0.9501156,0.97053087,0.9630566,0.9658283,0.96809757,0.95343703,0.9550679,0.96838546,0.9707276,0.9600355,0.9511511,0.9450404,0.96185124,0.9617243,0.96257126,0.9637229,0.9683275,0.9657597,0.9547327,0.9598249,0.9697242,0.9607191,0.9594196,0.9613293,0.9672528,0.95051694,0.9612039,0.9688167,0.77624744,0.96182865,0.96003306,0.9617648,0.9460449,0.91996443,0.96713287,0.9584374,0.9728829,0.95353305,0.9699499,0.9650371,0.96536636,0.95072323,0.95741904,0.95453453,0.9587039,0.9608399,0.96651196,0.94250196,0.9688167,0.93450683,0.96385235,0.9687172,0.97012734,0.95228434,0.97257185,0.9753759,0.9707515,0.96719414,0.96204823,0.9569679,0.96335304,0.9607427,0.9663017,0.95861095,0.9690033,0.95410067,0.95769763,0.96195084,0.85488236,0.9713179,0.91585684,0.9586208,0.959079,0.96028036,0.9583255,0.9595415,0.98885125,0.9638872,0.9597434,0.9610695,0.9489325,0.97443014,0.9673879,0.9605824,0.95079553,0.9521152,0.94764596,0.9623288,0.9546577,0.96396285,0.9554922,0.9663532,0.950145,0.95978975,0.95609444,0.96659493,0.9599271,0.9824951,0.96736664,0.96199894,0.9756398,0.9474837,0.9587526,0.95625955,0.94883317,0.9676119,0.95570767,0.98519796,0.9579144,0.96238124,0.94415605,0.9561547,0.9618383,0.96885484,0.96669126,0.95950156,0.9629729,0.9824951,0.95564175,0.9676434,0.9663652,0.97214997
aftermovie,0.9498518,0.9274204,0.93046826,0.95715004,0.95443016,0.9509663,0.94944173,1.0000002,0.9694742,0.9540275,0.9448994,0.9339394,0.9467374,0.9584762,0.95442647,0.9483138,0.95438814,0.9579061,0.9430177,0.94658786,0.9701488,0.9520108,0.95144564,0.9564911,0.93363535,0.88542485,0.95038867,0.96663105,0.938059,0.94352335,0.95793283,0.942605,0.9392245,0.9245037,0.9185627,0.92829967,0.94913805,0.9590992,0.9650873,0.9587329,0.9489566,0.9354381,0.9445336,0.9372589,0.9605022,0.9497927,0.9501321,0.9571163,0.9536786,0.93871176,0.9378011,0.9586752,0.94282466,0.93779284,0.95204663,0.92840207,0.95017564,0.94653755,0.9612985,0.9450396,0.9463165,0.9580129,0.96091294,0.94039106,0.940617,0.94319826,0.95315504,0.9603451,0.9412966,0.94732934,0.94678295,0.76384073,0.9301009,0.95386297,0.9403056,0.936426,0.8958186,0.9529801,0.9393422,0.9538741,0.9453998,0.94639325,0.9462289,0.94930714,0.9339996,0.9601676,0.9443542,0.951795,0.9528817,0.96003795,0.9368229,0.94678295,0.92714196,0.9651365,0.9473103,0.949395,0.93949383,0.94821614,0.9478074,0.9477627,0.9501384,0.93792164,0.9360842,0.9571294,0.9462103,0.9369878,0.94678533,0.9481419,0.94068474,0.9274817,0.95574933,0.837044,0.96322274,0.8739022,0.95017344,0.9486839,0.9588009,0.94053334,0.9584357,0.94744223,0.94022274,0.955646,0.9597755,0.95379645,0.9529883,0.9543237,0.9523756,0.93462586,0.9519932,0.92825526,0.962614,0.95020175,0.9610549,0.9334572,0.95146585,0.9474227,0.9547266,0.94294715,0.9504224,0.9574423,0.9694742,0.9561676,0.94868356,0.9525723,0.93995047,0.9539791,0.94042647,0.92371565,0.9448816,0.9586744,0.9608018,0.9443385,0.9485346,0.92848164,0.9364871,0.9480988,0.9543282,0.9429401,0.9713186,0.95794284,0.9694742,0.94692725,0.9506604,0.94933546,0.9418309
ahiddenlifefilm,0.97006357,0.9591243,0.97055656,0.9715685,0.9791614,0.9795673,0.9824951,0.9694742,1.0000005,0.97190386,0.9711952,0.96946746,0.9773951,0.98248917,0.9721597,0.97624797,0.97560644,0.98085034,0.97006655,0.9667939,0.98712796,0.98251706,0.9851138,0.9806601,0.9679159,0.91625255,0.9775053,0.9753556,0.97479945,0.9697814,0.97749186,0.97514606,0.9701475,0.9677843,0.9608564,0.9590832,0.9846137,0.97856104,0.9779701,0.9762273,0.98051786,0.97081685,0.97809577,0.96952605,0.98340297,0.9753099,0.98419183,0.97946995,0.9749823,0.9745529,0.9778413,0.98396385,0.97552043,0.96406025,0.9672241,0.9710171,0.97070175,0.977871,0.9774291,0.9768665,0.97500944,0.9770846,0.97675705,0.97895837,0.9729287,0.9775863,0.9708653,0.98214805,0.97037154,0.9728888,0.98245645,0.79517984,0.9745515,0.97846234,0.97358835,0.9645779,0.9381986,0.983284,0.96377695,0.982575,0.9625009,0.9751188,0.9822932,0.9769576,0.9685463,0.97315204,0.9705989,0.9824269,0.9736554,0.984119,0.9700221,0.98245645,0.9583928,0.9808519,0.9803441,0.97506416,0.96965694,0.9780825,0.97509634,0.97962403,0.97724736,0.9775096,0.9714482,0.9827407,0.9678452,0.97740924,0.9799898,0.9869829,0.96960217,0.9671574,0.98457813,0.8782804,0.98605573,0.9258373,0.9791293,0.97584486,0.97823966,0.968976,0.9782847,0.97991574,0.9799572,0.98072904,0.97562724,0.9651174,0.9794633,0.97649515,0.97867787,0.9674322,0.97283,0.96314,0.97981673,0.97473323,0.9801555,0.96459734,0.9788083,0.9727117,0.9739495,0.96620315,0.98116446,0.97338724,1.0000005,0.9827533,0.9777919,0.983206,0.97006875,0.9755354,0.97510415,0.964422,0.97947806,0.97292995,0.9818974,0.9746593,0.9743079,0.960489,0.9688053,0.9841095,0.9857356,0.9780988,0.97526413,0.9779116,1.0000005,0.9699071,0.98200804,0.98058826,0.9799978
alitamovie,0.95338845,0.92419755,0.9513218,0.9519987,0.9638293,0.95323265,0.9558442,0.9540275,0.97190386,1.0000004,0.9470603,0.9372112,0.94312006,0.96050155,0.9515294,0.9363463,0.9567515,0.96018887,0.95274544,0.9481769,0.9648354,0.9675791,0.9574377,0.951317,0.9370425,0.8865296,0.9538008,0.9536734,0.95637536,0.94266444,0.951492,0.93308634,0.9490301,0.9400441,0.9280613,0.94126594,0.9525581,0.9555478,0.9503679,0.9459664,0.94845486,0.9480373,0.9497982,0.9397233,0.9514848,0.9538358,0.9548908,0.9613604,0.94710106,0.94652736,0.959667,0.95601904,0.9500421,0.94357634,0.9521169,0.9619887,0.93931365,0.95679843,0.9557237,0.95224094,0.947133,0.94828594,0.9465254,0.954926,0.94132364,0.94924927,0.9436209,0.95794964,0.9362255,0.9537455,0.96145636,0.7870654,0.94261044,0.9484236,0.9444271,0.9301088,0.9115168,0.9507078,0.93901324,0.95746934,0.9357794,0.95671195,0.9501901,0.94291866,0.9445037,0.9486255,0.95574844,0.95283324,0.9509145,0.95747167,0.94231766,0.96145636,0.9278567,0.9613886,0.9544816,0.94942415,0.9378873,0.95492274,0.9460472,0.95423555,0.948141,0.94389594,0.9474616,0.9573435,0.9666845,0.9588574,0.94537836,0.9507046,0.93089074,0.9277448,0.9632209,0.86686826,0.9575685,0.89439356,0.95236236,0.95015764,0.95754206,0.93789065,0.9503734,0.9553041,0.9510624,0.94967246,0.9493198,0.9469334,0.9486421,0.95136666,0.9560001,0.9569178,0.9565066,0.93998337,0.9553624,0.95963967,0.9568641,0.9457626,0.95800805,0.94602805,0.9559412,0.9338047,0.9570918,0.9571397,0.97190386,0.96193147,0.9466982,0.9502189,0.9505594,0.95045215,0.9487393,0.92621136,0.9470351,0.9450677,0.9575229,0.9454112,0.94432485,0.940737,0.9465417,0.9630225,0.9639345,0.95139074,0.9555749,0.9545766,0.97190386,0.9447427,0.95432854,0.9581652,0.9621099
angelhasfallen,0.94605106,0.9371497,0.94588923,0.94721514,0.9617852,0.9558748,0.95476955,0.9448994,0.9711952,0.9470603,0.9999998,0.9461895,0.95823663,0.9494996,0.9430864,0.94613653,0.9486057,0.95622486,0.9428936,0.9358726,0.96111345,0.94952625,0.96567625,0.95270395,0.9419622,0.8865487,0.9544866,0.9557675,0.94522816,0.9569432,0.95083284,0.94272023,0.95295155,0.9515902,0.93700343,0.9464105,0.9542775,0.962338,0.947309,0.943924,0.9528952,0.9419772,0.95150864,0.9364437,0.95543694,0.9537799,0.96295434,0.9507676,0.94812495,0.94432807,0.9483527,0.95228064,0.95111215,0.9390766,0.9541969,0.9565896,0.9533455,0.9454527,0.94659525,0.94127625,0.9562734,0.953139,0.95470476,0.94925535,0.9456653,0.95621747,0.95642877,0.9619867,0.9626933,0.9559837,0.948583,0.78451264,0.9490181,0.95016426,0.96142083,0.9313032,0.9208917,0.957075,0.9334751,0.95110655,0.9730851,0.9551865,0.9539582,0.951417,0.94169056,0.9555865,0.9657962,0.9620599,0.94001824,0.9532891,0.9503035,0.948583,0.93947464,0.9513377,0.9531041,0.9587577,0.96072334,0.95471364,0.94380385,0.9581996,0.9590821,0.95832753,0.9427267,0.9590995,0.93422276,0.94491565,0.9492974,0.9538455,0.9424381,0.93351597,0.9519971,0.8807866,0.9526222,0.90734965,0.95295405,0.96094865,0.9557827,0.947462,0.95901114,0.95443213,0.9540873,0.9525299,0.951358,0.9392852,0.9554416,0.9448138,0.95437664,0.9433361,0.95097184,0.9349325,0.9439197,0.9525068,0.95989573,0.93874544,0.94829714,0.9608915,0.94638085,0.937347,0.95147705,0.9495151,0.9711952,0.9468624,0.9526997,0.95913243,0.9390948,0.94820124,0.9499139,0.9433041,0.9477371,0.9533361,0.95221245,0.9468841,0.9600352,0.94527674,0.9373712,0.9515347,0.9570433,0.94751793,0.94900894,0.9497005,0.9711952,0.9361083,0.9481853,0.95886457,0.9464457
angrybirdsmovie,0.9441945,0.9334422,0.95626414,0.94569427,0.9460055,0.95712173,0.9555051,0.9339394,0.96946746,0.9372112,0.9461895,1.0000001,0.948887,0.94790107,0.92989886,0.9506568,0.94681007,0.9399873,0.95170593,0.9221428,0.95398283,0.96206886,0.9562773,0.95285493,0.9297993,0.88755715,0.9479562,0.9418317,0.96030575,0.9495755,0.950372,0.93372935,0.94022936,0.9704673,0.94904876,0.94362867,0.95252454,0.95981085,0.9429943,0.94331867,0.9525778,0.94446445,0.95573527,0.94624555,0.96091855,0.9368318,0.9588447,0.9550117,0.9423977,0.9531127,0.9647243,0.9463655,0.9470862,0.94015014,0.95793295,0.94499826,0.9608818,0.939636,0.9350463,0.9432346,0.93741274,0.93998915,0.95601165,0.94103026,0.93275297,0.93773127,0.9462121,0.9532419,0.9453286,0.94610316,0.953984,0.77519006,0.9599889,0.95140165,0.95212805,0.93919003,0.9024909,0.96288294,0.93211496,0.9534296,0.93353176,0.948272,0.94190776,0.95545197,0.9702185,0.9298366,0.9519863,0.95013094,0.9386829,0.9437943,0.9331344,0.953984,0.92964953,0.9511357,0.96511114,0.94815886,0.9360086,0.9569234,0.93705684,0.95351756,0.94816417,0.9485905,0.9539843,0.9542238,0.94047004,0.9624451,0.9446477,0.96401435,0.9486283,0.94986403,0.9459993,0.87956566,0.9558347,0.9127815,0.9359542,0.9447283,0.9414005,0.93599105,0.95238525,0.95731443,0.94544935,0.94573927,0.9507424,0.936053,0.96583694,0.9420207,0.948504,0.9518203,0.9383016,0.9377325,0.9463153,0.9379149,0.95414525,0.9460116,0.9561618,0.94232595,0.94178396,0.9346324,0.9629293,0.93047196,0.96946746,0.95568687,0.9556756,0.9633789,0.93712884,0.9341877,0.9457389,0.9538438,0.9494225,0.9358619,0.94361556,0.96153504,0.9434012,0.93428695,0.9338682,0.9581346,0.951772,0.9511976,0.9373262,0.9478596,0.96946746,0.94143796,0.940696,0.9396118,0.968224
annabellemovie,0.94346887,0.9295659,0.9428654,0.95282096,0.9617358,0.960357,0.95219934,0.9467374,0.9773951,0.94312006,0.95823663,0.948887,0.9999997,0.962512,0.93592256,0.9549875,0.9543143,0.9639839,0.9510842,0.9377007,0.96598077,0.9530612,0.9600365,0.960817,0.9440879,0.8887575,0.9625029,0.953047,0.94762695,0.94824374,0.95212907,0.9664742,0.95237553,0.9400303,0.94887567,0.943466,0.9599119,0.964797,0.96091026,0.95211786,0.9729918,0.94705284,0.9493201,0.93825233,0.96315396,0.9550871,0.9636031,0.9537796,0.9554015,0.94361806,0.9466398,0.962563,0.95361745,0.9399374,0.9506156,0.9491585,0.94946337,0.95558876,0.95131165,0.954328,0.9662338,0.96416926,0.9567328,0.96542186,0.94666284,0.956929,0.95252174,0.961199,0.9524922,0.9518161,0.9599687,0.78656375,0.9500841,0.95297104,0.9450177,0.9384168,0.92091215,0.96463627,0.9488002,0.9611973,0.9561764,0.9612201,0.97310245,0.9502454,0.95781463,0.95468694,0.96055496,0.9816226,0.94834065,0.9556053,0.947446,0.9599687,0.9275517,0.95957726,0.9520092,0.94877946,0.95140845,0.95096767,0.94972765,0.957671,0.9556862,0.95958513,0.9467267,0.9612271,0.93639034,0.9405012,0.9635326,0.9714603,0.9399573,0.9448092,0.96901083,0.8680111,0.9605893,0.9117487,0.95145667,0.95652515,0.9497536,0.94232243,0.96445405,0.94982034,0.96591103,0.9523142,0.96096575,0.93687296,0.95469666,0.95472914,0.96591336,0.9375299,0.9620619,0.92803955,0.9504786,0.95836765,0.9579135,0.9227736,0.9624212,0.95344067,0.94710684,0.9378911,0.96162695,0.9515601,0.9773951,0.95547515,0.9555822,0.9689131,0.9572973,0.9600597,0.9510024,0.94793004,0.9621963,0.9576577,0.9547238,0.9479676,0.94597286,0.93562376,0.94282466,0.9632641,0.9623945,0.9546947,0.9525577,0.9520687,0.9773951,0.94679415,0.9572281,0.9547365,0.95269316
annamovie,0.95045984,0.9316747,0.9585304,0.95746315,0.9625394,0.96306866,0.9731699,0.9584762,0.98248917,0.96050155,0.9494996,0.94790107,0.962512,1.0000001,0.95603937,0.94922143,0.97048223,0.9676264,0.9502433,0.9518204,0.97251385,0.9622431,0.96419084,0.96533805,0.9423237,0.9069763,0.9636192,0.9601428,0.9558895,0.953456,0.9668849,0.964064,0.94966334,0.95323485,0.9393426,0.9369761,0.9725062,0.9567554,0.9594779,0.96203464,0.96837264,0.95489484,0.9614759,0.95721805,0.9628929,0.9608109,0.95890105,0.97323114,0.9606671,0.963481,0.9654101,0.9647915,0.95617837,0.95298374,0.9406918,0.95789766,0.9511421,0.9588247,0.96950483,0.9565013,0.96183485,0.95513874,0.9618822,0.9758311,0.95676094,0.9543637,0.95273715,0.96203446,0.95080465,0.9598931,0.96325105,0.7860256,0.96085936,0.9558933,0.9510161,0.954883,0.9411921,0.9742524,0.9564028,0.97114223,0.94490427,0.96181625,0.9637074,0.95804876,0.95359415,0.9591317,0.95230025,0.97041637,0.96334505,0.969361,0.94717956,0.96325105,0.93675095,0.96194196,0.9681022,0.96229064,0.9521117,0.955625,0.9714554,0.9678295,0.9653721,0.9586806,0.95402455,0.9639583,0.9682198,0.96488124,0.9610253,0.97176564,0.9497182,0.9505308,0.97215575,0.8661144,0.9674742,0.906901,0.9597067,0.95546657,0.9573769,0.95557505,0.95205855,0.9655802,0.96218646,0.95853966,0.95583284,0.9549035,0.9680353,0.9706786,0.9676325,0.9552119,0.9569391,0.95152783,0.97127455,0.9550828,0.9640153,0.9503055,0.9638801,0.95487773,0.9597894,0.94282323,0.9609451,0.96481377,0.98248917,0.97046393,0.9661812,0.96948296,0.9497193,0.95872736,0.9620156,0.9429993,0.96215016,0.9483738,0.9744533,0.96459806,0.95840675,0.9521395,0.9471201,0.96406597,0.971306,0.95965916,0.9601635,0.9650022,0.98248917,0.96033037,0.96325964,0.96865934,0.9701316
apollo11movie,0.9485617,0.9395647,0.94564533,0.9382859,0.95061386,0.9512466,0.957934,0.95442647,0.9721597,0.9515294,0.9430864,0.92989886,0.93592256,0.95603937,1.0,0.9436166,0.9599254,0.95115095,0.9436444,0.97134566,0.9537043,0.9634782,0.95607626,0.95346665,0.9501277,0.8798785,0.94681,0.9545785,0.9470527,0.95996135,0.95695746,0.95061314,0.94863945,0.9369156,0.924188,0.9200331,0.9561125,0.95796394,0.94756734,0.960535,0.9461026,0.94686246,0.9487236,0.9489351,0.95983255,0.95680994,0.95190275,0.96095866,0.9499791,0.95327806,0.9536844,0.96818733,0.9490017,0.9546236,0.9449494,0.9347631,0.95592153,0.9592847,0.9543132,0.95376337,0.955637,0.95147604,0.95761603,0.95803267,0.9645074,0.94202703,0.9578532,0.9643795,0.9350936,0.94427884,0.95778173,0.761385,0.94377804,0.96344894,0.93860185,0.93591964,0.899476,0.95156944,0.9347282,0.956988,0.9335283,0.94675094,0.95696664,0.95530367,0.93110645,0.9559706,0.93526626,0.95291686,0.94465065,0.9608159,0.948971,0.95778173,0.9425734,0.95559984,0.95337206,0.97290003,0.93842626,0.9565472,0.9518169,0.9488781,0.9572915,0.95110506,0.94977444,0.95836097,0.9513212,0.9563453,0.9540989,0.9572845,0.9415927,0.9399834,0.9538926,0.82322234,0.96373665,0.87746805,0.95782703,0.9547957,0.96340054,0.9403027,0.9555737,0.9557744,0.9512106,0.9623794,0.9560989,0.9408786,0.9556895,0.94922936,0.95480025,0.94346803,0.94410616,0.9359082,0.9505218,0.9437863,0.95609653,0.9474452,0.9470111,0.9579902,0.95747286,0.9429421,0.95547754,0.95830345,0.9721597,0.9583263,0.9546412,0.95199656,0.9361428,0.9550523,0.94235647,0.9219124,0.9634741,0.94757915,0.9509609,0.94753975,0.9525914,0.9342987,0.95178115,0.9516577,0.9602642,0.9561059,0.9545046,0.9640818,0.9721597,0.9399736,0.9587709,0.9580071,0.95615274
arcticdogsmovie,0.946672,0.9633851,0.94963294,0.9451482,0.95387846,0.95045584,0.95207995,0.9483138,0.97624797,0.9363463,0.94613653,0.9506568,0.9549875,0.94922143,0.9436166,1.0000002,0.9420157,0.9534577,0.9474213,0.93454707,0.96528953,0.95863307,0.95823884,0.952203,0.95665675,0.9069802,0.9497237,0.94834846,0.95466805,0.9464391,0.9497418,0.9528755,0.94961554,0.942407,0.94245756,0.934215,0.9664967,0.958357,0.9631407,0.95110005,0.9554375,0.9431367,0.96374226,0.9551844,0.9527014,0.9448504,0.9629258,0.9541941,0.9489648,0.95368356,0.9522145,0.9528635,0.9494828,0.93110985,0.9488556,0.9453604,0.95260674,0.95623887,0.9482986,0.9557908,0.94630426,0.9574314,0.94909793,0.94998074,0.9430705,0.96527976,0.9459222,0.95818764,0.9525505,0.9440731,0.9631367,0.7479128,0.9564035,0.96395016,0.95232475,0.9465062,0.9032951,0.9553841,0.93425643,0.9621294,0.94034666,0.9472406,0.9639582,0.9571191,0.9491123,0.9485628,0.93604213,0.9536732,0.9415183,0.97261983,0.96589816,0.9631367,0.9453807,0.9552989,0.95966196,0.94877404,0.9403763,0.9616461,0.94734704,0.952821,0.95706975,0.95581216,0.95006883,0.9625298,0.9318308,0.94843,0.9588339,0.97400576,0.9682345,0.943506,0.9611934,0.8550092,0.9628167,0.9092723,0.9627354,0.94195926,0.95471877,0.94462556,0.96452814,0.94898045,0.96452826,0.96647906,0.95384055,0.9440241,0.9544028,0.95062244,0.9505116,0.94702274,0.9528822,0.9356068,0.95377994,0.95649505,0.9531388,0.93596375,0.9606192,0.94976056,0.94643354,0.9491104,0.9620508,0.94063854,0.97624797,0.9570054,0.9588365,0.96457607,0.9546318,0.949226,0.95602167,0.94425505,0.95893276,0.9537167,0.9540526,0.957681,0.94831616,0.9462818,0.95082605,0.9671127,0.9596672,0.9594701,0.9542174,0.95227623,0.97624797,0.9421139,0.96068615,0.9473379,0.9470953
arcticmovie,0.9504787,0.92573994,0.95118374,0.9496681,0.95189524,0.95759106,0.95986086,0.95438814,0.97560644,0.9567515,0.9486057,0.94681007,0.9543143,0.97048223,0.9599254,0.9420157,1.0,0.94997644,0.95387346,0.95527697,0.95767635,0.95760036,0.9561077,0.9546531,0.93946856,0.88594586,0.94324064,0.9651397,0.954574,0.9532353,0.96540403,0.9511997,0.9439562,0.9533279,0.93188715,0.92897046,0.95673865,0.95444846,0.95894575,0.9523078,0.9634376,0.9438139,0.9498368,0.9448157,0.9626511,0.9541225,0.951404,0.9640825,0.9611313,0.949196,0.9596416,0.9649711,0.95728993,0.9609807,0.9402975,0.94656837,0.957351,0.94843477,0.95996654,0.9526971,0.95193464,0.95245576,0.958634,0.96299636,0.96182334,0.9529911,0.9606536,0.9616257,0.93702626,0.9493933,0.9566816,0.77886814,0.9529005,0.949819,0.9382746,0.9345933,0.9248814,0.96535194,0.9535019,0.95743567,0.9394215,0.95453477,0.9599463,0.9579785,0.9523082,0.9530122,0.95064056,0.96270305,0.9523736,0.9560033,0.94356585,0.9566816,0.929194,0.96220285,0.9637409,0.95659226,0.94281626,0.9478916,0.9634071,0.9548867,0.95374256,0.958814,0.9481612,0.9596578,0.9641092,0.9625099,0.9574335,0.96190137,0.945647,0.9340606,0.96117586,0.84755516,0.96575,0.8911427,0.9483964,0.9617401,0.9578865,0.937299,0.9498723,0.95865744,0.9550814,0.96179926,0.9517635,0.933496,0.9602399,0.9623642,0.96449983,0.9474376,0.94488156,0.939388,0.9558536,0.9435278,0.98364925,0.95725614,0.9595903,0.9533887,0.9531011,0.9405167,0.9571399,0.95391035,0.97560644,0.95937425,0.95350665,0.9640975,0.951048,0.95235217,0.94579387,0.9338794,0.9607117,0.94873446,0.963569,0.9448387,0.9545697,0.95269156,0.9397913,0.950377,0.9666079,0.9532313,0.954558,0.96212953,0.97560644,0.95322865,0.95901895,0.9628791,0.9651235
artofracingmovie,0.9539443,0.9289411,0.94381803,0.9558576,0.9794966,0.9607874,0.9669857,0.9579061,0.98085034,0.96018887,0.95622486,0.9399873,0.9639839,0.9676264,0.95115095,0.9534577,0.94997644,0.9999999,0.9484482,0.95541006,0.9739883,0.9574602,0.96761113,0.96062875,0.94773406,0.90897995,0.9728145,0.9569122,0.9527164,0.9459634,0.96357,0.959733,0.9549405,0.9350674,0.93463844,0.9449253,0.967461,0.95624435,0.9591856,0.95662975,0.9572696,0.94677657,0.9541523,0.9380401,0.9664367,0.96836036,0.9656612,0.95614225,0.96347916,0.9464801,0.9493638,0.96217453,0.95637655,0.9422992,0.94818646,0.966848,0.9483037,0.96054786,0.9648125,0.9633945,0.9672535,0.96351695,0.9611917,0.96092707,0.9437354,0.95978314,0.9575229,0.9613556,0.9502302,0.9559984,0.9640981,0.7880395,0.95444983,0.9541305,0.95459574,0.9374366,0.9233104,0.95951474,0.9504646,0.97178453,0.9503227,0.96148014,0.9658251,0.9522283,0.94522077,0.96893805,0.9542151,0.96697015,0.96220285,0.9691058,0.9477524,0.9640981,0.93758607,0.9607252,0.95456797,0.9567602,0.9546972,0.9614849,0.9566679,0.9656957,0.9663573,0.9520044,0.9491049,0.96057254,0.94610107,0.94880605,0.96080047,0.96721697,0.95020527,0.94579947,0.96865004,0.86208725,0.969778,0.90283525,0.9592656,0.9523322,0.96246856,0.95325667,0.9623461,0.96192604,0.97123253,0.95587605,0.9645744,0.95027673,0.95833266,0.9557893,0.9576707,0.9412964,0.97053576,0.9343799,0.9650797,0.9663707,0.9602698,0.93508214,0.96306443,0.95021623,0.95721394,0.9397758,0.9628441,0.9702584,0.98085034,0.96406496,0.9645792,0.9678483,0.9637399,0.9586221,0.9561229,0.93937314,0.9604239,0.959731,0.96581227,0.95046204,0.96075,0.9410672,0.95747197,0.9667125,0.9627181,0.95767695,0.96880263,0.95714945,0.98085034,0.94961864,0.9669654,0.96769994,0.9544585
avengers,0.9709471,0.9236009,0.9566132,0.94658446,0.9516642,0.9555108,0.9544391,0.9430177,0.97006655,0.95274544,0.9428936,0.95170593,0.9510842,0.9502433,0.9436444,0.9474213,0.95387346,0.9484482,0.9999998,0.9325083,0.9476294,0.9572164,0.95314705,0.95660913,0.93992084,0.8740393,0.95061547,0.9482546,0.9517041,0.9536116,0.9701337,0.9474947,0.94744784,0.93622166,0.9466029,0.9488817,0.9573001,0.9650362,0.94697356,0.9394463,0.9518205,0.93629193,0.94585544,0.9412429,0.9623647,0.9365919,0.96001965,0.9566626,0.94122446,0.9425085,0.9505798,0.95356953,0.94704086,0.9326293,0.95209676,0.94854224,0.95236796,0.9535758,0.9461237,0.94853836,0.94452596,0.94686604,0.9524893,0.9615387,0.9451446,0.94659454,0.9444651,0.9596604,0.94363827,0.95355237,0.96118367,0.7941447,0.9475393,0.9440641,0.9485287,0.9277219,0.9152368,0.95322776,0.9316834,0.9557129,0.93235326,0.9453986,0.9518421,0.9546047,0.9549899,0.94555545,0.95149666,0.9557718,0.943761,0.95023435,0.93779385,0.96118367,0.9335866,0.9622068,0.9609067,0.9497301,0.9482746,0.95481294,0.9426572,0.9446368,0.94969374,0.94287103,0.94386154,0.9572986,0.92957515,0.94733256,0.94199485,0.9651335,0.95187956,0.9416233,0.9539034,0.8647474,0.96619534,0.9113532,0.94591594,0.9538617,0.9538825,0.9500833,0.9516509,0.9518918,0.9462302,0.9433837,0.95344424,0.93180215,0.94602394,0.9453453,0.96050155,0.95357066,0.9553062,0.9342463,0.9402543,0.9564024,0.9600663,0.9382313,0.9599786,0.9500131,0.959494,0.94075775,0.96809745,0.94284815,0.97006655,0.95185834,0.9498092,0.96267873,0.9422979,0.94574016,0.9443943,0.9445709,0.9562153,0.9461634,0.94417834,0.95028585,0.94933647,0.95222133,0.95309067,0.96238464,0.9547199,0.94034487,0.954938,0.95376277,0.97006655,0.9432263,0.9458709,0.94481903,0.95316213
beachbummovie,0.9469285,0.92929786,0.9408804,0.942462,0.9526572,0.9387002,0.9488655,0.94658786,0.9667939,0.9481769,0.9358726,0.9221428,0.9377007,0.9518204,0.97134566,0.93454707,0.95527697,0.95541006,0.9325083,0.99999946,0.95646715,0.9520901,0.9507733,0.9523918,0.9352479,0.8746329,0.94170064,0.941622,0.9418891,0.9456535,0.9508879,0.9381403,0.9350976,0.93638194,0.9118107,0.9034589,0.94917935,0.9470101,0.94414335,0.9433765,0.9432833,0.94224477,0.9445135,0.92736125,0.95001996,0.96063715,0.9455096,0.94775325,0.94615966,0.9373517,0.9460977,0.958936,0.9300129,0.95340246,0.931705,0.93461484,0.94733006,0.9525538,0.95316243,0.95282465,0.941453,0.95299274,0.9430853,0.95138335,0.9505533,0.95172954,0.9486017,0.9542955,0.9181754,0.93352854,0.948035,0.781322,0.9292352,0.9501585,0.91529423,0.92035544,0.8899984,0.9497687,0.9254395,0.9547535,0.92488587,0.94592863,0.948493,0.9297926,0.93341595,0.948522,0.9256959,0.94980854,0.9409339,0.9551271,0.94738555,0.948035,0.91811097,0.9472613,0.9517732,0.9539745,0.93403333,0.9586823,0.93684834,0.94175416,0.95290506,0.94912046,0.93948346,0.9441988,0.95822054,0.949486,0.9556552,0.95018643,0.9344741,0.93464005,0.9462844,0.82338476,0.95222735,0.87056094,0.94139534,0.953395,0.96302956,0.92298985,0.94413316,0.94489294,0.94822043,0.96104795,0.9500777,0.9288627,0.93981785,0.94104064,0.94200045,0.9353233,0.9517644,0.9187745,0.9543544,0.9445718,0.94789356,0.93184906,0.9410133,0.94942516,0.94322926,0.92421246,0.9459021,0.9690326,0.9667939,0.9493837,0.9471107,0.9463879,0.9330173,0.9449689,0.9421994,0.9093649,0.95137525,0.95531964,0.9467357,0.92367697,0.9509044,0.9261549,0.9430706,0.9427868,0.95550805,0.94630057,0.9472198,0.9471887,0.9667939,0.93814164,0.9528236,0.94993377,0.954926
bernadettefilm,0.95725226,0.94471234,0.9568261,0.9645212,0.9735346,0.9671392,0.9617444,0.9701488,0.98712796,0.9648354,0.96111345,0.95398283,0.96598077,0.97251385,0.9537043,0.96528953,0.95767635,0.9739883,0.9476294,0.95646715,1.0000002,0.9680594,0.97787845,0.97037864,0.950292,0.9057545,0.9666479,0.9653386,0.9607301,0.9593595,0.9616768,0.96438473,0.9622318,0.9533163,0.9445073,0.94393915,0.97046405,0.9659054,0.97407806,0.9672576,0.96677256,0.9645552,0.96854573,0.9576517,0.9679019,0.9685099,0.97494006,0.9683065,0.9691559,0.9649403,0.96294355,0.97115463,0.95801044,0.9442315,0.960914,0.962206,0.95300245,0.9635711,0.9678327,0.9628296,0.95953304,0.96723557,0.9662026,0.95933867,0.9497307,0.97048205,0.95046353,0.9695279,0.9581767,0.9643517,0.9670196,0.78618485,0.9617254,0.96664476,0.95861614,0.95182884,0.92619914,0.97075176,0.9511831,0.9694801,0.9570445,0.96383035,0.96524036,0.96259546,0.95659244,0.9647551,0.96427983,0.97461504,0.96451056,0.9782127,0.95814264,0.9670196,0.9445116,0.9712602,0.96751463,0.9593097,0.9515259,0.9601664,0.95505905,0.9731344,0.96950287,0.9582217,0.95877755,0.9689615,0.95492476,0.96169925,0.96906745,0.96957624,0.95504326,0.9481241,0.97360677,0.862098,0.96667945,0.9057473,0.9688642,0.9552466,0.96733946,0.95305175,0.9687934,0.95942324,0.9670918,0.96691114,0.9639182,0.95798373,0.96679306,0.9613235,0.9697477,0.95537347,0.9670363,0.94947696,0.97786605,0.96593714,0.96618664,0.94550234,0.9644478,0.965543,0.95908064,0.950964,0.9673084,0.96635544,0.98712796,0.96958554,0.97056305,0.96465725,0.95491606,0.96636987,0.96129465,0.94704133,0.95787716,0.9634712,0.9682309,0.9615411,0.96158135,0.94885105,0.9533434,0.972278,0.973568,0.9647333,0.96481794,0.95649433,0.98712796,0.96211153,0.974797,0.9666863,0.96629757
