movie,21bridgesmovie,47metersdown,abeautifuldaymovie,abominablemovie,adastramovie,adogsjourneymovie,aftermathmovie,aftermovie,ahiddenlifefilm,alitamovie,angelhasfallen,angrybirdsmovie,annabellemovie,annamovie,apollo11movie,arcticdogsmovie,arcticmovie,artofracingmovie,avengers,beachbummovie,bernadettefilm,blackandbluemovie,blackchristmas,blindedbythelightmovie,bombshellmovie,booksmart,breakthroughmovie,brianbanksmovie,brightburnmovie,brittanyrunsmov,captainmarvelofficial,captivestatemovie,catsmovie,charliesangels,childsplaymovie,clarathefilm,coldpursuitmovie,countdown,currentwarmovie,darkwatersmovie,detectivepikachumovie,disneyaladdin,disneyfrozen,disneymaleficent,doctorsleepmovie,dolemiteismyname,dontletgomovie,doramovie,downtonabbey_official,dumbo,escaperoom,everybodyknowsmovie,fastandfuriousmovie,fightingwmyfam,fivefeetapartfilm,fordvferrari,freaksthefilm,geminimanmovie,glassmovie,gloriabellmovie,godzillamovie,goldfinchmovie,goodboysmovie,goodliarmovie,gretafilm,halathemovie,happydeathdaymovie,harrietfilm,hellboymovie,hersmellmovie,highlifemovie,highstrungmovie,honeyboymovie,hotelmumbaifilm,httydragon,hustlemovie,hustlersmovie,isntitromantic,itmovieofficial,jayandsilentbob,johnwickmovie,jojorabbitmovie,jokermovie,judythefilm,jumanjimovie,justmercyfilm,knivesout,lalloronamovie,lastblackmansf,lastchristmasthemovie,latenightmovie,lighthousemovie,lionking,littlethemovie,littlewomenmovie,littlewoodsfilm,longshotmovie,lordsofchaosmovie,lucyintheskyfilm,mamovie2019,marriagestory,meettheaddams,meninblack,midsommarmovie,midwaymovie,missbalamovie,missinglinkfilm,motherlessbklyn,onceinhollywood,onthebasisofsex,overcomermovie,peanutbutterfalcon,petsematarymovie,piercingmovie,playingwithfire,playmobilthemovie,pomsmovie,queenandslim,rambomovie,readyornotfilm,richardjewellfilm,rocketmanmovie,scarystoriesmovie,secretlifeofpets,serenityfilm,shaftmovie,shazammovie,spidermanmovie,spiesindisguise,starwars,stormboymovie,stubermovie,taosdfilm,teenspiritmov,terminator,theaeronautsmov,thebestofenemies,thedeaddontdie,thefarewell,thehighwaymen,thehummingbirdprojectfilm,theintrudermovie,theirishmanfilm,thekitchenmovie,thelegomovie,themustangfilm,thenightingalefilm,theprodigymovie,thesunisalsoastar,theupsidefilm,tolkienmovie,toystory,triplefrontier,uglydolls,uncutgems,underthesilverlake,usmovie,wavesmovie,whatmenwant,wonderparkmovie,wrinklestheclown,xmenmovies,yardiefilm,yesterdaymovie,zombieland
21bridgesmovie,0.99999976,0.95214427,0.96420044,0.95758283,0.96861166,0.9593851,0.9708892,0.96166927,0.9851621,0.95599234,0.96989167,0.96483237,0.968139,0.96925044,0.96578467,0.9511437,0.96436423,0.97335595,0.97015995,0.95747775,0.9629387,0.9621863,0.96950644,0.97309583,0.956249,0.8942849,0.9526913,0.9598675,0.97101676,0.9659104,0.95917475,0.9593837,0.9412537,0.9619798,0.9491197,0.95109385,0.9771079,0.97232807,0.96605515,0.96256924,0.95755917,0.9684966,0.9647356,0.9665739,0.95887274,0.97004706,0.97040755,0.9599934,0.9631049,0.9680851,0.97074914,0.9746925,0.9552962,0.9621873,0.9561143,0.95978147,0.9589531,0.97089,0.9615049,0.96008337,0.9630018,0.96557695,0.95530504,0.9644663,0.96277183,0.9598998,0.9596489,0.96165127,0.9577069,0.9579926,0.96792614,0.63497657,0.9556733,0.96001786,0.9471223,0.9526555,0.9312728,0.9664339,0.96654284,0.951423,0.96696156,0.9561763,0.9706377,0.95143074,0.96450114,0.9643512,0.9598778,0.971616,0.9632542,0.9603578,0.9580174,0.96792614,0.9616515,0.9644662,0.9736992,0.97007614,0.9639683,0.96483076,0.9696631,0.9644073,0.9589209,0.956938,0.95945007,0.96426296,0.9556479,0.9697535,0.96114045,0.9718135,0.95228386,0.9571904,0.973024,0.89151835,0.959591,0.9295926,0.9606401,0.9727814,0.99164695,0.954797,0.97354287,0.96526736,0.9577077,0.96234447,0.9659819,0.9601929,0.9650244,0.96348536,0.95795333,0.9573891,0.9609612,0.93435025,0.96484566,0.9549522,0.9695143,0.95683724,0.96989465,0.96797985,0.97701347,0.9681442,0.97351015,0.9461709,0.9851621,0.9664626,0.96315414,0.96521884,0.9747721,0.9649202,0.9652174,0.9563627,0.96673965,0.9764752,0.96368,0.96320105,0.96195656,0.9622138,0.9598174,0.9636967,0.9619555,0.9653275,0.9655955,0.9592314,0.9851621,0.9426393,0.958745,0.9693521,0.9627394
47metersdown,0.95214427,0.99999964,0.94961107,0.93737936,0.9596163,0.93101734,0.95292354,0.94208765,0.9689091,0.9469333,0.9498765,0.9423979,0.9519765,0.9567449,0.9504323,0.94729984,0.92984647,0.962107,0.9392363,0.92546946,0.94092906,0.9348607,0.947543,0.94754964,0.9350038,0.88514704,0.94697344,0.93646044,0.9549209,0.94204795,0.9564951,0.93687385,0.93637097,0.9504705,0.93178844,0.9207447,0.94664407,0.9332232,0.94671154,0.9385624,0.9489552,0.94233644,0.9353753,0.9447373,0.93621916,0.93837905,0.9534182,0.9405024,0.9348105,0.94470674,0.955669,0.94482595,0.9350701,0.9379856,0.9438778,0.9423535,0.9231143,0.9494627,0.9551046,0.9521746,0.94538456,0.9450511,0.9394905,0.9451275,0.94636816,0.94706523,0.94182825,0.943797,0.9341691,0.9348617,0.95029026,0.6014488,0.9413971,0.94774497,0.9176943,0.94119847,0.8897109,0.9516177,0.93905497,0.93582886,0.9491088,0.9374528,0.9554094,0.9314791,0.94886774,0.9440524,0.92079085,0.9454275,0.93033797,0.956438,0.94162095,0.95029026,0.9393925,0.9473147,0.9488752,0.9454073,0.94742113,0.9515715,0.94124645,0.94411963,0.9305073,0.93821865,0.9432499,0.94596285,0.9491295,0.95219713,0.9567082,0.9434492,0.93188775,0.9431734,0.95526505,0.87786925,0.93666196,0.88917536,0.9486749,0.94899344,0.9532191,0.937482,0.95913726,0.9509765,0.9536293,0.9468017,0.94005245,0.92843664,0.95637643,0.9642437,0.9343086,0.9506407,0.9518782,0.902503,0.9450813,0.93830127,0.94100827,0.93192774,0.951408,0.9477369,0.95065504,0.9422518,0.9490694,0.9255783,0.9689091,0.9499451,0.9430881,0.9447836,0.95301753,0.93497086,0.9462116,0.9252645,0.94285274,0.9379322,0.9501548,0.9342972,0.9435469,0.92601794,0.92940253,0.9461931,0.9535666,0.95109105,0.94486207,0.93777376,0.9689091,0.9372483,0.94988126,0.94697773,0.94724643
abeautifuldaymovie,0.96420044,0.94961107,1.0,0.9557,0.968063,0.9409393,0.96610117,0.9589059,0.97923857,0.9478401,0.96183825,0.95920706,0.9676612,0.95634234,0.9674111,0.96357393,0.95222807,0.9572571,0.9536364,0.95364493,0.94720244,0.96748966,0.95822674,0.9652868,0.9553577,0.8993446,0.96141255,0.95878005,0.9806715,0.95368207,0.9539981,0.9628512,0.94399077,0.964383,0.9453666,0.94725984,0.9713066,0.9548139,0.96700704,0.9609432,0.9577596,0.96014476,0.94732594,0.95274115,0.9586995,0.9602992,0.95988977,0.94252527,0.96003866,0.9536558,0.980696,0.9691824,0.9352038,0.9562595,0.95257264,0.9576231,0.94352454,0.9664616,0.9582163,0.9627979,0.9574031,0.958759,0.9596408,0.95839214,0.96441615,0.95222896,0.9484485,0.9662863,0.9623488,0.94380045,0.9670714,0.63364077,0.9470883,0.95725286,0.9395101,0.95679575,0.9124252,0.9653449,0.951614,0.9438501,0.9641364,0.9562071,0.9655635,0.9424836,0.9628696,0.9503488,0.94506913,0.9654484,0.9484449,0.96227175,0.9477803,0.9670714,0.9488171,0.9534274,0.9773379,0.96663874,0.96162134,0.94894737,0.9683215,0.9509133,0.9467914,0.95248383,0.96443087,0.96231043,0.9497676,0.9757759,0.96350676,0.95678794,0.97059005,0.9484846,0.9637079,0.8977709,0.9546563,0.9135468,0.95319015,0.9608026,0.9628292,0.94713676,0.9676006,0.9598527,0.9580276,0.9597511,0.9590245,0.94943935,0.9612112,0.96853405,0.94896597,0.96522343,0.96516246,0.92378694,0.9526901,0.95087343,0.96018726,0.94660485,0.95678455,0.95661384,0.9594781,0.964097,0.966458,0.9418427,0.97923857,0.97574097,0.9466981,0.9580336,0.96372956,0.9631623,0.95668316,0.95137024,0.9642488,0.9543507,0.95589876,0.96934503,0.95752394,0.94473046,0.9401308,0.9599699,0.9490593,0.9653758,0.9626383,0.95698696,0.97923857,0.94701785,0.96189374,0.9607168,0.96840835
abominablemovie,0.95758283,0.93737936,0.9557,1.0000005,0.9466844,0.93972033,0.95457923,0.9448213,0.96936107,0.9390322,0.95733964,0.9559058,0.96362674,0.9574441,0.94987965,0.9492392,0.9414441,0.96102864,0.94776994,0.9307177,0.9300456,0.94057596,0.948303,0.9599013,0.9448712,0.8950333,0.9396509,0.9467649,0.95340484,0.94325,0.94236225,0.9424345,0.919509,0.94043416,0.9468049,0.938098,0.96044475,0.9513171,0.943009,0.9455341,0.95325565,0.94788826,0.94608,0.93675494,0.943387,0.9511961,0.9506971,0.9496078,0.9361506,0.9400867,0.9565413,0.9534606,0.92882574,0.9358544,0.9542463,0.9454336,0.9286164,0.956608,0.955358,0.95566165,0.94381803,0.95882416,0.93235517,0.9440207,0.94744545,0.9499392,0.94397706,0.94729704,0.9491904,0.9321867,0.95228386,0.6435075,0.9378015,0.94453025,0.9519805,0.9434207,0.92319465,0.95640117,0.9589361,0.927327,0.9506001,0.9532282,0.9565379,0.95334715,0.9515003,0.9466663,0.94934124,0.9561922,0.9437797,0.95369875,0.94203496,0.95228386,0.9410188,0.95237005,0.95795053,0.9554117,0.94854546,0.94200784,0.9588136,0.9551966,0.9404108,0.93482375,0.9397497,0.94504243,0.9433394,0.9529035,0.94016236,0.9523538,0.94486177,0.9424182,0.9469199,0.87263435,0.9464552,0.90251863,0.94090855,0.9512973,0.9528546,0.93957514,0.9568382,0.94115174,0.9379392,0.947586,0.94589025,0.9426156,0.95309544,0.94816226,0.95562285,0.9443438,0.9559444,0.9301543,0.9425249,0.94259864,0.93815774,0.94465494,0.9649797,0.9456281,0.95447034,0.9527981,0.95428723,0.92914087,0.96936107,0.9499751,0.9448012,0.94750035,0.94889694,0.94473547,0.94628495,0.9511817,0.95725036,0.95161766,0.9429449,0.9452521,0.9357214,0.9355556,0.9289884,0.93926746,0.9344343,0.93973947,0.95342225,0.94660777,0.96936107,0.9281472,0.9548126,0.939137,0.95047027
adastramovie,0.96861166,0.9596163,0.968063,0.9466844,0.9999995,0.94475186,0.96233845,0.95445335,0.97887105,0.95744175,0.9643601,0.9629318,0.95535094,0.9573865,0.9658307,0.9622074,0.9420733,0.9727545,0.94882387,0.9534768,0.9571204,0.95826226,0.9614725,0.9625778,0.9542354,0.8945684,0.96311367,0.95070654,0.97498465,0.9611895,0.9489875,0.95209825,0.9439974,0.9700616,0.93571377,0.9397155,0.96879524,0.9527698,0.96939254,0.95102024,0.9569041,0.956361,0.95617485,0.9498231,0.9563097,0.96241134,0.9620522,0.9528497,0.95363957,0.95115197,0.97623324,0.9586707,0.9431887,0.9592375,0.9557795,0.9701746,0.95550615,0.9581902,0.9581369,0.9616927,0.95250034,0.9529597,0.9523895,0.9579095,0.9565321,0.9626888,0.94890773,0.9544508,0.9622633,0.94233644,0.9619772,0.64060056,0.95163614,0.95383847,0.9391228,0.95952386,0.89944744,0.96003723,0.948668,0.9454402,0.9516852,0.94555414,0.9646875,0.9379937,0.9560906,0.9581864,0.9427165,0.95988655,0.94257367,0.97015804,0.9607429,0.9619772,0.9445879,0.95355237,0.9684017,0.958539,0.9550839,0.9576611,0.95454174,0.9550923,0.9540723,0.94784737,0.9458354,0.9481745,0.9509369,0.97044224,0.9609409,0.9633353,0.95680124,0.9516669,0.9713193,0.8899765,0.95391065,0.91873044,0.94787705,0.9599531,0.96463794,0.95029145,0.9659357,0.95774573,0.9585368,0.9531318,0.96226835,0.9414717,0.9609172,0.96335566,0.951467,0.957771,0.96370184,0.92500734,0.9509007,0.96668696,0.9542543,0.9367834,0.95966107,0.9655517,0.95794743,0.9538453,0.9655817,0.9408884,0.97887105,0.9687654,0.95349437,0.9487052,0.9635429,0.9566318,0.9561857,0.9443996,0.9569193,0.9488135,0.9588904,0.9506864,0.95855916,0.9496438,0.9408885,0.9556554,0.96040976,0.96863145,0.9582707,0.9541694,0.97887105,0.95307875,0.95361274,0.9673755,0.96434057
adogsjourneymovie,0.9593851,0.93101734,0.9409393,0.93972033,0.94475186,1.0,0.9387294,0.94800377,0.9619907,0.935777,0.9466952,0.9475122,0.9462113,0.9446869,0.9477657,0.9315336,0.9329273,0.9565423,0.93401796,0.9449866,0.94628763,0.9374496,0.95101,0.94077325,0.94076484,0.91089517,0.9142853,0.92688435,0.9470391,0.942895,0.92350703,0.92992306,0.92462534,0.9433343,0.94267684,0.94116545,0.9357173,0.9375833,0.93561447,0.92904353,0.94736725,0.9308286,0.93533933,0.93879694,0.9403899,0.94568795,0.9526486,0.9420951,0.9221828,0.9345433,0.9423497,0.94233906,0.9450741,0.94096947,0.933759,0.9388601,0.9382895,0.9431969,0.93890125,0.94397354,0.93804723,0.94465154,0.9394958,0.9365025,0.9366662,0.93332946,0.9566907,0.9305554,0.9338974,0.94366753,0.9490426,0.6600192,0.932902,0.93823606,0.9501395,0.9341688,0.9312313,0.948635,0.94777364,0.9337202,0.94500077,0.9301613,0.94720113,0.93540835,0.9381817,0.9344607,0.9482423,0.9476648,0.94278234,0.9417931,0.9558987,0.9490426,0.9382841,0.9578683,0.9424563,0.946802,0.9414086,0.94974506,0.9305972,0.9524475,0.92473876,0.9381118,0.9381444,0.93638736,0.93992704,0.93935114,0.94397616,0.95112574,0.929952,0.92750293,0.95601183,0.882577,0.9424861,0.9251797,0.93927175,0.9506354,0.95082235,0.94707185,0.9483123,0.92922515,0.94274783,0.93693155,0.94467586,0.96406025,0.93745726,0.95308334,0.95422125,0.9221071,0.93354875,0.9122406,0.9391928,0.9333565,0.9385517,0.94578457,0.9417561,0.94424415,0.9387732,0.9381623,0.95181775,0.93146986,0.9619907,0.9299379,0.9263125,0.94510084,0.9533571,0.94268936,0.9461831,0.94851065,0.9442202,0.94678915,0.94265956,0.9372325,0.91987056,0.9299821,0.9342513,0.9265667,0.9484953,0.94360924,0.9312678,0.93703276,0.9619907,0.93784565,0.94343215,0.94866526,0.94027936
aftermathmovie,0.9708892,0.95292354,0.96610117,0.95457923,0.96233845,0.9387294,0.99999946,0.95933926,0.98401254,0.9590042,0.97365195,0.9622646,0.96452343,0.9691554,0.9658146,0.95385695,0.95933884,0.96248484,0.9537804,0.96111083,0.95006645,0.9677482,0.96399367,0.9640951,0.95387256,0.89871615,0.95179003,0.9591176,0.96495026,0.96378386,0.95944095,0.9499892,0.94904244,0.9575326,0.94798225,0.9343356,0.9704773,0.9572048,0.9642321,0.9625833,0.95924634,0.97360456,0.9633628,0.9663251,0.9593701,0.9686294,0.9650842,0.94893235,0.96030533,0.9691748,0.95945764,0.97067314,0.9630923,0.959067,0.95454484,0.9565497,0.9375656,0.96979153,0.9588553,0.95718867,0.9568981,0.96251297,0.9561945,0.9675902,0.96245325,0.9570775,0.96128047,0.9647543,0.9578854,0.9455736,0.9655778,0.63305604,0.9596549,0.95629984,0.94534737,0.96021134,0.91631734,0.9663484,0.95454854,0.95299906,0.9703463,0.9732025,0.96877897,0.95947826,0.9650641,0.9625067,0.9518417,0.961719,0.95401776,0.9644601,0.95037234,0.9655778,0.9604133,0.95660776,0.9643041,0.96856004,0.96615005,0.9652256,0.97644114,0.95979524,0.95701164,0.95667493,0.94992846,0.9691107,0.95297676,0.95645046,0.96922207,0.96319807,0.94823116,0.96220565,0.96778274,0.8886169,0.95357865,0.9079239,0.95894754,0.9659055,0.9729707,0.9559809,0.96655315,0.98963344,0.96151537,0.96529245,0.96520483,0.95038515,0.96517444,0.96086234,0.94168144,0.94581753,0.9648897,0.9230749,0.96056306,0.947786,0.9643793,0.95089626,0.96874094,0.9635711,0.96796346,0.9692328,0.96796536,0.95219755,0.98401254,0.9617766,0.96205395,0.95693845,0.968758,0.9606147,0.9435942,0.94067097,0.9627341,0.9701296,0.98531073,0.96651953,0.96536976,0.94273823,0.9537748,0.9673555,0.9598122,0.97122097,0.9592792,0.95452785,0.98401254,0.9462428,0.9639107,0.9628848,0.9479065
aftermovie,0.96166927,0.94208765,0.9589059,0.9448213,0.95445335,0.94800377,0.95933926,1.0000004,0.97658193,0.9546454,0.9664819,0.9418254,0.95554304,0.9653582,0.9638186,0.9496405,0.95072865,0.95776904,0.9488055,0.9517004,0.9496198,0.94818324,0.9528539,0.96334016,0.95416915,0.90457565,0.94137603,0.9572562,0.9616275,0.9571433,0.9472558,0.94303095,0.9340841,0.9456072,0.94008034,0.93869627,0.95838064,0.9421836,0.95715374,0.94150174,0.9589691,0.95317197,0.93991864,0.9561864,0.95248556,0.95105976,0.956882,0.957288,0.9527839,0.9537256,0.9560624,0.96459,0.94309366,0.95200056,0.960061,0.94449615,0.93412626,0.9637681,0.94737506,0.950158,0.9547903,0.961202,0.95090634,0.95267427,0.9605382,0.95410573,0.95821816,0.95201564,0.95802504,0.9407159,0.9496555,0.63791317,0.9491597,0.96167696,0.9401403,0.95080125,0.91524565,0.9602338,0.9579444,0.94125354,0.97235185,0.9514057,0.9572482,0.9444833,0.953874,0.95317566,0.9462346,0.95642734,0.94679916,0.9594051,0.95965654,0.9496555,0.9552759,0.9520613,0.9543469,0.95891845,0.9572213,0.9565645,0.95537865,0.9528926,0.94309056,0.94709474,0.93772495,0.9500463,0.954828,0.9566552,0.95682865,0.96017563,0.9412583,0.9599245,0.9712857,0.86304224,0.96151286,0.91918933,0.9504756,0.9583253,0.961057,0.9490577,0.9678759,0.95256764,0.9503783,0.96374685,0.9614087,0.955906,0.95561427,0.9671299,0.9455127,0.9484389,0.9526491,0.92468756,0.95018643,0.93663734,0.9622298,0.9539437,0.9650634,0.95248026,0.9578134,0.9595534,0.95619506,0.93803465,0.97658193,0.94838387,0.956601,0.95370996,0.95796114,0.9608271,0.9490678,0.9494921,0.952642,0.9578977,0.95147616,0.9550997,0.94866216,0.9455574,0.9462916,0.9386625,0.94984084,0.9523608,0.9630801,0.9565685,0.97658193,0.9410602,0.96063006,0.954722,0.9470109
ahiddenlifefilm,0.9851621,0.9689091,0.97923857,0.96936107,0.97887105,0.9619907,0.98401254,0.97658193,1.0,0.9724873,0.9836224,0.97469574,0.9812513,0.9821944,0.9847312,0.976483,0.9711821,0.9804286,0.96754515,0.9673755,0.9705739,0.9751821,0.98070055,0.9805293,0.9650216,0.9176823,0.96661246,0.97414887,0.9859319,0.97473747,0.9710688,0.9691211,0.9640265,0.9738353,0.96843475,0.9624581,0.9814145,0.9733333,0.97961795,0.9748319,0.9769149,0.97729367,0.9704436,0.97766095,0.97299707,0.97992945,0.98329186,0.9717935,0.9717717,0.97873956,0.98293096,0.9850204,0.9677619,0.9737748,0.97674245,0.9677099,0.9601311,0.98374206,0.97567135,0.97852194,0.9737785,0.9748023,0.9667547,0.9786209,0.9779206,0.9749864,0.97483206,0.9776983,0.9754699,0.9671254,0.9812734,0.6430071,0.96589434,0.97649395,0.9659296,0.9688174,0.9368035,0.97925633,0.9752027,0.96838593,0.9774172,0.97414774,0.9807544,0.9685113,0.9800766,0.9742594,0.9683587,0.9821306,0.9697265,0.9791512,0.9699881,0.9812734,0.973151,0.97386026,0.980104,0.98343474,0.97686195,0.97457564,0.97681373,0.9765992,0.96970105,0.9627023,0.9699354,0.9764611,0.9729102,0.9805069,0.9798617,0.9806886,0.96833223,0.9736206,0.98380476,0.8990233,0.9747289,0.938777,0.9716576,0.98063827,0.9851353,0.9719472,0.98369694,0.977552,0.9708691,0.978856,0.9786386,0.96793246,0.9785251,0.9804509,0.9674285,0.9705466,0.9759431,0.94145393,0.97282785,0.9668291,0.9772043,0.96678203,0.9831556,0.9734787,0.97594464,0.98232424,0.9848975,0.9632159,1.0,0.97974914,0.9753017,0.9739039,0.98124593,0.9792309,0.9729378,0.9654781,0.97688824,0.9771084,0.97891355,0.9751458,0.9750559,0.96062106,0.9651834,0.9756711,0.97490776,0.9781624,0.97585434,0.9731635,1.0,0.9615982,0.98030806,0.98133224,0.97457397
alitamovie,0.95599234,0.9469333,0.9478401,0.9390322,0.95744175,0.935777,0.9590042,0.9546454,0.9724873,1.0000001,0.9521899,0.9524669,0.9525149,0.9598629,0.95243466,0.9428181,0.930068,0.96349865,0.93334585,0.944781,0.93622386,0.94516975,0.95587397,0.95760554,0.94216377,0.8879987,0.93439156,0.9415859,0.9592162,0.9452735,0.9431547,0.9396843,0.94678646,0.95504856,0.9325885,0.92865807,0.954133,0.94468063,0.96027887,0.94308126,0.94317394,0.9536112,0.950785,0.9552074,0.9422361,0.9516641,0.9600661,0.94491535,0.941889,0.9610534,0.9567212,0.95718724,0.9472922,0.9513155,0.95322746,0.94528,0.92722327,0.95087326,0.9520126,0.95228845,0.94134504,0.95156366,0.937891,0.9504436,0.9506635,0.94806844,0.9457493,0.9553409,0.9471206,0.9374598,0.948337,0.6274765,0.93054193,0.9442472,0.9436417,0.9464981,0.90964985,0.94597733,0.94755405,0.9452296,0.94982153,0.9432959,0.9513303,0.94045335,0.9487814,0.9519856,0.93843544,0.954374,0.93609774,0.95196855,0.9517775,0.948337,0.9464679,0.9575267,0.9499097,0.9502999,0.9425998,0.95216954,0.9497889,0.9541505,0.94681555,0.9423214,0.9482613,0.9373261,0.96064574,0.95371014,0.95737123,0.94775444,0.9300257,0.9535339,0.9619828,0.87885076,0.942891,0.90180665,0.930464,0.9496319,0.9563116,0.9474672,0.95479614,0.9548962,0.94149923,0.95375955,0.95121604,0.94373965,0.9542835,0.9551173,0.9441655,0.9394743,0.9517333,0.9236908,0.94372696,0.94599426,0.93971986,0.9329613,0.9612241,0.9448911,0.9465691,0.950039,0.95058495,0.9408218,0.9724873,0.9465422,0.9524217,0.9433263,0.9506087,0.95551544,0.9444158,0.93850464,0.94286054,0.9486967,0.95623523,0.950315,0.9511148,0.939249,0.9356838,0.9428267,0.9486274,0.9435039,0.9543109,0.9382935,0.9724873,0.9417564,0.9541919,0.9497589,0.94975024
angelhasfallen,0.96989167,0.9498765,0.96183825,0.95733964,0.9643601,0.9466952,0.97365195,0.9664819,0.9836224,0.9521899,0.9999998,0.9590047,0.96865594,0.9681222,0.96653336,0.96435887,0.96083915,0.9617601,0.95663995,0.9496978,0.95831823,0.95614165,0.9632737,0.96680427,0.95375663,0.90980166,0.9477982,0.9663139,0.9680551,0.9671272,0.95503175,0.9534747,0.94294554,0.9606066,0.9544656,0.94170284,0.962031,0.95357585,0.95823634,0.96148956,0.9659329,0.9639825,0.9504146,0.9618463,0.9602547,0.95859045,0.9681635,0.9585537,0.9597862,0.9621911,0.9622982,0.96623975,0.96693254,0.96173394,0.96533525,0.9482305,0.94328666,0.9658172,0.9660538,0.956943,0.9644086,0.96292496,0.95487386,0.9654361,0.95982164,0.96851796,0.9657011,0.9599813,0.96980274,0.9440033,0.9639206,0.64317256,0.95173126,0.96650654,0.95019376,0.9560672,0.9288457,0.96722025,0.961816,0.94795495,0.9739812,0.9638412,0.96998733,0.9502409,0.96610653,0.9676378,0.9618949,0.9701627,0.950486,0.9620571,0.9569234,0.9639206,0.956279,0.95297784,0.96071464,0.97488225,0.97314864,0.9618792,0.9638792,0.9608323,0.9437608,0.9460667,0.9486713,0.96316934,0.9553331,0.95965016,0.95987797,0.9703715,0.95742995,0.961401,0.96900845,0.87943715,0.9605833,0.92506707,0.9580733,0.9715418,0.9669007,0.9565301,0.9654056,0.96535945,0.9558678,0.96812695,0.96838385,0.9600926,0.96010214,0.9648893,0.9485835,0.95397,0.9581623,0.91551274,0.96453357,0.9511161,0.9692197,0.95610577,0.9697099,0.9609894,0.9632283,0.95976955,0.97407967,0.9429643,0.9836224,0.9639462,0.9604945,0.9553586,0.9657295,0.96236473,0.95189506,0.9522547,0.96392584,0.96884507,0.962997,0.9569968,0.95706815,0.9383474,0.95555526,0.9557704,0.9615214,0.96449715,0.95817953,0.9573812,0.9836224,0.9388376,0.96841705,0.9657711,0.95200443
angrybirdsmovie,0.96483237,0.9423979,0.95920706,0.9559058,0.9629318,0.9475122,0.9622646,0.9418254,0.97469574,0.9524669,0.9590047,1.0,0.96759427,0.96008605,0.9567945,0.9506363,0.94717574,0.9583229,0.9475152,0.94960266,0.9458855,0.95535815,0.9560567,0.9574134,0.9347681,0.8852247,0.95069873,0.9485445,0.9637984,0.96101105,0.94963324,0.94425607,0.93726045,0.9603253,0.93822026,0.9265678,0.9609862,0.9556903,0.95472664,0.94419765,0.95866245,0.9552061,0.9527848,0.9516224,0.95003754,0.96905065,0.9592722,0.96283054,0.9383181,0.95370936,0.96520466,0.9579351,0.9414403,0.95126545,0.9611774,0.9593491,0.9397114,0.9556297,0.9509525,0.95131063,0.954139,0.944423,0.9395179,0.9552263,0.95151657,0.94748825,0.94534266,0.95198846,0.9525498,0.94727397,0.9556534,0.6513083,0.9470657,0.95855874,0.9373053,0.93338966,0.91873425,0.956199,0.9490977,0.95035434,0.947926,0.94562805,0.96202976,0.94008017,0.9631956,0.9531762,0.95333487,0.9625272,0.9488736,0.9490707,0.95125324,0.9556534,0.9429813,0.96100396,0.9580591,0.95791584,0.9563776,0.9544647,0.95913357,0.9526143,0.9498316,0.9361482,0.9540365,0.9469215,0.9423025,0.96170235,0.96181786,0.9624081,0.9427157,0.948972,0.9640988,0.880392,0.9535716,0.9005087,0.9527737,0.96388566,0.96253943,0.9423166,0.955649,0.9449319,0.94157773,0.9427292,0.9635669,0.9480144,0.9565889,0.9602862,0.9428951,0.94559973,0.9618793,0.9254871,0.94079936,0.9573849,0.94497794,0.93451613,0.95675516,0.95324844,0.95477253,0.9479054,0.9600379,0.9320659,0.97469574,0.9616233,0.95463264,0.95624846,0.9618073,0.95022404,0.94943047,0.9441389,0.95761585,0.9441953,0.959817,0.9504767,0.9499447,0.93915856,0.9380348,0.94822955,0.9470176,0.9585959,0.95545757,0.95541435,0.97469574,0.9378019,0.9579187,0.9568299,0.9536327
annabellemovie,0.968139,0.9519765,0.9676612,0.96362674,0.95535094,0.9462113,0.96452343,0.95554304,0.9812513,0.9525149,0.96865594,0.96759427,1.0,0.96285653,0.966941,0.956258,0.9573489,0.9668681,0.95473546,0.9501531,0.94265795,0.9576754,0.9593476,0.9618119,0.9435542,0.8961834,0.9518008,0.9581664,0.9723812,0.956766,0.9598215,0.94689405,0.9456409,0.9528336,0.95071065,0.9464408,0.9654696,0.9623904,0.9539641,0.9589012,0.9698796,0.9545444,0.95485735,0.9568075,0.95602155,0.96254754,0.9638461,0.9524447,0.94733894,0.95745665,0.96890384,0.9659646,0.947208,0.9580376,0.966302,0.9501979,0.94204426,0.95765543,0.9606158,0.95721287,0.96530277,0.95868766,0.9465968,0.970131,0.9627496,0.95177114,0.95316386,0.9628319,0.9587121,0.9517897,0.9600599,0.64797586,0.94751215,0.95561546,0.95308095,0.94455534,0.93915343,0.96186775,0.95833665,0.94743025,0.958625,0.9656442,0.97907424,0.9555511,0.9757264,0.94765604,0.95990986,0.98295885,0.94937134,0.9507114,0.95056367,0.9600599,0.9504332,0.9629349,0.9664493,0.9689186,0.9562987,0.959355,0.9668203,0.9589177,0.95051485,0.9421112,0.96637625,0.9573106,0.950249,0.96767867,0.9641513,0.96928763,0.95427233,0.9508241,0.961018,0.8853673,0.9576755,0.9185673,0.9461716,0.9620102,0.9663948,0.9479079,0.9652719,0.9494849,0.95812666,0.96153593,0.9611052,0.952821,0.9668636,0.96355087,0.96236867,0.95103556,0.9626038,0.9243525,0.9531157,0.9560183,0.95729864,0.953896,0.9623384,0.9592943,0.9547458,0.9649365,0.9697486,0.93912315,0.9812513,0.9681198,0.95430344,0.9662204,0.9696794,0.9561759,0.9577234,0.95184535,0.9678443,0.9610939,0.95860475,0.95937264,0.95633703,0.9472265,0.94291794,0.95418483,0.9546869,0.95321614,0.9531418,0.9513175,0.9812513,0.93985844,0.95859027,0.96003604,0.96210635
annamovie,0.96925044,0.9567449,0.95634234,0.9574441,0.9573865,0.9446869,0.9691554,0.9653582,0.9821944,0.9598629,0.9681222,0.96008605,0.96285653,0.99999976,0.96614087,0.954571,0.9491662,0.96513337,0.94192564,0.9500199,0.9516499,0.9483928,0.96622247,0.9633701,0.94348055,0.9116811,0.94038445,0.9574929,0.9649624,0.9588616,0.9530545,0.94722027,0.94841474,0.9549695,0.95055735,0.9371699,0.9629945,0.95616376,0.9595211,0.9528898,0.9592059,0.9626523,0.9576009,0.9576865,0.9552198,0.9629264,0.9678282,0.95766544,0.95472765,0.96152806,0.9572918,0.96957165,0.9439508,0.95399505,0.9699807,0.95194846,0.9341883,0.9666584,0.9620977,0.960342,0.95919806,0.9672904,0.95265466,0.9690741,0.9641899,0.96370226,0.9607999,0.95927936,0.95183516,0.9438401,0.9564655,0.6262997,0.94260895,0.955036,0.9462213,0.94582224,0.9187397,0.95803726,0.9579188,0.94041663,0.9635754,0.9622251,0.9709221,0.9453663,0.95621514,0.9642266,0.95543826,0.9607567,0.9407897,0.96039855,0.9593083,0.9564655,0.9664322,0.955821,0.9587945,0.9653168,0.9634464,0.9601549,0.9641864,0.97237796,0.95576245,0.95228326,0.9463895,0.9545813,0.96593255,0.9548561,0.95904106,0.9641726,0.94047433,0.9658021,0.9682187,0.8792825,0.95223075,0.9053376,0.9513559,0.958318,0.9690652,0.955122,0.97269577,0.9638372,0.95775974,0.9587973,0.9628267,0.9529302,0.9602683,0.9639217,0.9524239,0.9457478,0.9547107,0.9170792,0.9541626,0.9442755,0.9549962,0.94788665,0.96724087,0.95219904,0.96319664,0.9676733,0.96210206,0.948493,0.9821944,0.9527887,0.96364963,0.95195246,0.96821046,0.9629351,0.9502349,0.94985574,0.9592365,0.9684333,0.9632421,0.9634663,0.9588501,0.94826967,0.94729495,0.9517463,0.9552386,0.9552199,0.96247107,0.9527859,0.9821944,0.935696,0.96774006,0.9619785,0.9493963
apollo11movie,0.96578467,0.9504323,0.9674111,0.94987965,0.9658307,0.9477657,0.9658146,0.9638186,0.9847312,0.95243466,0.96653336,0.9567945,0.966941,0.96614087,0.9999999,0.9658469,0.95417434,0.9606923,0.9460726,0.9723478,0.95712477,0.96724415,0.96410704,0.9645855,0.9497787,0.90946066,0.95148844,0.95716023,0.97661364,0.95445186,0.95671445,0.9563692,0.9506233,0.9575425,0.9454729,0.94839996,0.96321976,0.9594998,0.9671923,0.9630134,0.9638448,0.9653075,0.95895433,0.96702826,0.9619496,0.96984655,0.96570176,0.95230734,0.95556533,0.967141,0.9725686,0.96837264,0.94023764,0.9659137,0.96146685,0.9501762,0.9504923,0.9678503,0.955287,0.965609,0.9548233,0.9532404,0.9507502,0.95804787,0.96843237,0.9559856,0.9589087,0.9621811,0.96613353,0.9453354,0.96686345,0.6406678,0.9425055,0.9622382,0.95255995,0.9522644,0.91841465,0.9628725,0.95548,0.95494723,0.9629532,0.9634703,0.96457344,0.94692874,0.97032326,0.953089,0.9547028,0.9668939,0.9514938,0.9650219,0.9556418,0.96686345,0.9677782,0.95823765,0.9698661,0.98075426,0.96146226,0.95087713,0.96263444,0.9581068,0.9610075,0.94365644,0.9581838,0.9701412,0.95778054,0.9698507,0.9627714,0.96606463,0.95893186,0.95649296,0.9734214,0.87695754,0.96454185,0.9209739,0.9527107,0.96462154,0.967583,0.95325845,0.9666515,0.96133137,0.9548218,0.9651379,0.960904,0.95210093,0.9642322,0.96810395,0.9533119,0.95643014,0.96145123,0.9334876,0.9559532,0.9566144,0.9683674,0.9594612,0.9626432,0.954677,0.9625113,0.96965754,0.9706035,0.9548491,0.9847312,0.9721777,0.9610312,0.9608147,0.96785235,0.9665215,0.959011,0.94305235,0.9570711,0.9583354,0.9609983,0.96064806,0.9686115,0.94518274,0.9453647,0.96315116,0.96812993,0.96792,0.9565967,0.95752394,0.9847312,0.9499899,0.96843237,0.97507304,0.9629534
arcticdogsmovie,0.9511437,0.94729984,0.96357393,0.9492392,0.9622074,0.9315336,0.95385695,0.9496405,0.976483,0.9428181,0.96435887,0.9506363,0.956258,0.954571,0.9658469,1.0000001,0.9474637,0.9501127,0.9420172,0.9312721,0.9362816,0.9492951,0.947725,0.957882,0.9400126,0.90486723,0.94849235,0.9563395,0.96976256,0.94475585,0.9500701,0.9543207,0.9392419,0.95033056,0.94595367,0.9358728,0.95355743,0.9469851,0.9625696,0.9599998,0.9613838,0.95527214,0.94078356,0.9550673,0.9575136,0.9568508,0.95400906,0.9502763,0.9480573,0.9581104,0.9654611,0.9571293,0.9401288,0.94505537,0.9574194,0.9371232,0.93125266,0.95814353,0.9506017,0.9688424,0.9558583,0.9431797,0.9371334,0.95737714,0.96066976,0.95763016,0.94587314,0.95847756,0.9625383,0.9319927,0.96310145,0.64082956,0.9316163,0.9602504,0.93716675,0.94165957,0.90898466,0.95513076,0.94885415,0.9503972,0.94414765,0.9497172,0.9561614,0.9371908,0.96377397,0.94887483,0.94371486,0.9500572,0.939579,0.9583952,0.9345188,0.96310145,0.9433577,0.95087934,0.9546704,0.9665394,0.952024,0.9431337,0.95373535,0.9469885,0.94006926,0.92679745,0.9436837,0.9546055,0.9484107,0.9583253,0.95400757,0.9657384,0.9617846,0.95157975,0.96155465,0.8581358,0.94897777,0.905692,0.9378596,0.9537538,0.95157564,0.9447178,0.95789367,0.95491135,0.95158255,0.9560897,0.95490134,0.94592273,0.96106756,0.9590968,0.9424009,0.9596571,0.95448524,0.92186326,0.9372636,0.94441456,0.9515787,0.93692964,0.95081127,0.9414055,0.94843185,0.9609681,0.9674394,0.93736994,0.976483,0.9572153,0.94756216,0.9480262,0.9535907,0.9564839,0.9537694,0.942157,0.95796555,0.9435565,0.94853026,0.94633025,0.94737506,0.9355303,0.9333751,0.9563583,0.94583833,0.9567499,0.9562268,0.9432514,0.976483,0.9333786,0.9596696,0.95367074,0.957062
arcticmovie,0.96436423,0.92984647,0.95222807,0.9414441,0.9420733,0.9329273,0.95933884,0.95072865,0.9711821,0.930068,0.96083915,0.94717574,0.9573489,0.9491662,0.95417434,0.9474637,1.0000002,0.9489384,0.96163607,0.9431802,0.94575053,0.94865614,0.95379,0.9564396,0.93427217,0.8849072,0.93921554,0.9630306,0.9556816,0.95243824,0.9556453,0.9420576,0.94006383,0.93550307,0.94427025,0.9397872,0.95827496,0.9450089,0.95004565,0.9472183,0.95297486,0.95284855,0.9451477,0.953154,0.95123667,0.9591925,0.95982176,0.94485694,0.9429489,0.9519075,0.95168716,0.9555157,0.9398209,0.9546718,0.94546866,0.9266643,0.9297958,0.956712,0.95002675,0.94874614,0.9582441,0.9447122,0.93556416,0.96025527,0.9512446,0.94111574,0.94842035,0.95111334,0.9525836,0.94713384,0.9623952,0.6314285,0.93804586,0.9578736,0.93671423,0.93000966,0.92228585,0.95441,0.95318073,0.9489226,0.9550368,0.9565923,0.9570546,0.94978565,0.9524116,0.9544588,0.9442983,0.9564332,0.95931226,0.9436467,0.927366,0.9623952,0.950598,0.95242953,0.95446676,0.95943546,0.9596261,0.94654286,0.95242774,0.94572777,0.95025593,0.9205846,0.9525022,0.95968395,0.9377406,0.9521472,0.95152175,0.955804,0.9409586,0.94663227,0.95207226,0.8637907,0.9484997,0.92796177,0.9418769,0.95660144,0.9635269,0.9449291,0.9566752,0.9436395,0.9430835,0.95868576,0.9548013,0.942502,0.9469684,0.9632997,0.92973316,0.94577724,0.94998515,0.93971443,0.95320475,0.93312335,0.9760916,0.9535981,0.9563675,0.9450782,0.9524675,0.9550592,0.9645629,0.9395712,0.9711821,0.9509967,0.95049185,0.952818,0.9542175,0.95036286,0.9396721,0.9441786,0.9546351,0.9492792,0.956301,0.956349,0.94822156,0.93826026,0.94906485,0.95715636,0.9527783,0.9535183,0.95026535,0.9489235,0.9711821,0.9265524,0.95008713,0.95359373,0.9359893
artofracingmovie,0.97335595,0.962107,0.9572571,0.96102864,0.9727545,0.9565423,0.96248484,0.95776904,0.9804286,0.96349865,0.9617601,0.9583229,0.9668681,0.96513337,0.9606923,0.9501127,0.9489384,1.0000001,0.9519304,0.9541629,0.9585568,0.9552006,0.9646375,0.96695405,0.9555465,0.90647566,0.950817,0.94981176,0.9682762,0.9534442,0.9527542,0.9461818,0.94643754,0.95783216,0.9482866,0.94336325,0.96204454,0.9543226,0.96229726,0.9527273,0.9587482,0.95482147,0.95394075,0.95496315,0.9508684,0.9545386,0.9675137,0.95974195,0.95595896,0.9563837,0.9647411,0.963272,0.95011973,0.9534764,0.9549362,0.96284294,0.94841385,0.959262,0.9629824,0.96193117,0.95864815,0.9711535,0.942321,0.9583748,0.95851034,0.9558296,0.9517617,0.95527846,0.9527911,0.9550936,0.96265507,0.6580338,0.9523854,0.9497008,0.95546645,0.95451486,0.9315467,0.96549255,0.958225,0.9431708,0.95912296,0.9507556,0.97490096,0.955553,0.9597761,0.95606494,0.9507838,0.9648304,0.9496603,0.9639478,0.95857453,0.96265507,0.94804054,0.9596711,0.9601776,0.9582348,0.954019,0.9655173,0.965771,0.9640907,0.95327574,0.94198966,0.9504295,0.95178956,0.9587611,0.95972294,0.9601243,0.96442443,0.95072466,0.951425,0.9687766,0.8886549,0.94605166,0.92343956,0.9459034,0.96157813,0.9703144,0.9619263,0.9668846,0.9497268,0.96162426,0.9567697,0.96081007,0.94781315,0.9624407,0.9666984,0.9625939,0.9460777,0.966844,0.9320458,0.96523356,0.96570605,0.9491155,0.95211315,0.96437943,0.95616627,0.95790994,0.9600838,0.96804273,0.95200616,0.9804286,0.961455,0.95253754,0.9574841,0.9665685,0.9593318,0.9584707,0.9527283,0.9584805,0.9616696,0.9533142,0.9539418,0.94812787,0.9491291,0.9469115,0.9521237,0.9598055,0.955499,0.95424354,0.9471631,0.9804286,0.9410347,0.9557881,0.9626443,0.961811
avengers,0.97015995,0.9392363,0.9536364,0.94776994,0.94882387,0.93401796,0.9537804,0.9488055,0.96754515,0.93334585,0.95663995,0.9475152,0.95473546,0.94192564,0.9460726,0.9420172,0.96163607,0.9519304,1.0,0.9275011,0.94015914,0.9427141,0.94590336,0.9620194,0.9392026,0.877718,0.9449147,0.95226413,0.95223534,0.95014197,0.97092843,0.93514454,0.92644,0.94484687,0.94404733,0.9347565,0.96182734,0.94265,0.94629484,0.9423702,0.9306143,0.94366944,0.94484365,0.94888496,0.9516906,0.9478623,0.95344806,0.94343793,0.9399484,0.9455592,0.9580429,0.95071745,0.9359891,0.94210684,0.94290197,0.9495231,0.93321496,0.949477,0.94561446,0.94493383,0.9487808,0.95159626,0.9439894,0.94616187,0.9423904,0.93135583,0.9435513,0.9462673,0.95446736,0.93176866,0.9534616,0.6351329,0.9561631,0.95308024,0.93133897,0.9433078,0.9156513,0.95666194,0.9547614,0.9425696,0.9571991,0.9409394,0.9483185,0.9417004,0.94827163,0.95260906,0.94569784,0.9559145,0.9567651,0.9496794,0.9311745,0.9534616,0.9349502,0.94600224,0.95302755,0.9567057,0.96021426,0.9473979,0.9463467,0.9407538,0.94293475,0.9247587,0.9488891,0.9446484,0.9355514,0.9557706,0.9495533,0.95290303,0.93786067,0.9373407,0.9559962,0.88785386,0.9462287,0.9136721,0.94064194,0.95010304,0.9528212,0.94646764,0.95064414,0.9452647,0.9371887,0.94763875,0.95614773,0.9392409,0.9557848,0.9562251,0.9354416,0.9660605,0.95083565,0.94564116,0.95074636,0.94550765,0.95677185,0.9396338,0.9574703,0.9486811,0.95513296,0.9463887,0.9546579,0.9246156,0.96754515,0.94939256,0.9488957,0.94339466,0.9530817,0.9419804,0.94418186,0.95057905,0.9486905,0.9472042,0.94418013,0.94530827,0.938477,0.94126683,0.9430258,0.94384927,0.9395515,0.95319736,0.9535249,0.9447659,0.96754515,0.9276956,0.9492197,0.94763243,0.94721824
beachbummovie,0.95747775,0.92546946,0.95364493,0.9307177,0.9534768,0.9449866,0.96111083,0.9517004,0.9673755,0.944781,0.9496978,0.94960266,0.9501531,0.9500199,0.9723478,0.9312721,0.9431802,0.9541629,0.9275011,0.9999999,0.9467243,0.9624629,0.9574069,0.9537512,0.93862855,0.8916886,0.9318556,0.9413511,0.96221846,0.9475137,0.9359363,0.93913954,0.94116336,0.9480892,0.9259987,0.9279754,0.9491059,0.94410485,0.9544765,0.9407648,0.94548845,0.9543996,0.9416753,0.9501644,0.9444281,0.9586658,0.96052235,0.9358762,0.9359321,0.95150495,0.9539649,0.9571904,0.9375769,0.9533162,0.93445385,0.9444556,0.9390713,0.95095044,0.9431268,0.940858,0.9442808,0.9462843,0.94360715,0.9444115,0.94851667,0.94021636,0.9515219,0.9436987,0.94262505,0.9346229,0.9502657,0.6693332,0.9305028,0.9372248,0.94205296,0.9386578,0.9168702,0.9453303,0.9418008,0.93696594,0.95243746,0.94902325,0.9545281,0.9305049,0.9540465,0.9363439,0.93418884,0.94712776,0.93672484,0.94535226,0.94522065,0.9502657,0.95419157,0.938187,0.95728487,0.957358,0.94890577,0.95046514,0.94820935,0.9542841,0.93988526,0.94113725,0.93899107,0.95442486,0.9354144,0.9506003,0.9541761,0.94929403,0.9424977,0.94063425,0.963386,0.86918026,0.9394618,0.9099451,0.9387043,0.94325,0.9577595,0.9464382,0.9500896,0.94984066,0.93954164,0.9444097,0.9467145,0.9483141,0.9478095,0.95510167,0.9378164,0.9328218,0.94922155,0.91064173,0.9486512,0.94401693,0.9532654,0.9454539,0.9449102,0.944357,0.94695747,0.9515943,0.95352817,0.95184034,0.9673755,0.9522121,0.9423774,0.94884914,0.95670706,0.9519662,0.92977685,0.9282017,0.9444965,0.9516669,0.9572728,0.94784725,0.9511186,0.935573,0.92879,0.9432523,0.9599982,0.9522508,0.9334151,0.93525255,0.9673755,0.94271624,0.9489527,0.95905006,0.95110834
bernadettefilm,0.9629387,0.94092906,0.94720244,0.9300456,0.9571204,0.94628763,0.95006645,0.9496198,0.9705739,0.93622386,0.95831823,0.9458855,0.94265795,0.9516499,0.95712477,0.9362816,0.94575053,0.9585568,0.94015914,0.9467243,1.0000002,0.94581914,0.9606248,0.950565,0.95793635,0.8926023,0.9306273,0.94523114,0.9599013,0.9490547,0.9330339,0.94941646,0.93581635,0.9572943,0.9382306,0.9570476,0.9538385,0.9428848,0.94598305,0.954665,0.9361231,0.9517958,0.93491113,0.9535682,0.9491536,0.9511475,0.9604908,0.9569379,0.9574913,0.9503027,0.9579326,0.96316797,0.9544314,0.94895416,0.9479085,0.94667256,0.95333517,0.9676869,0.9455475,0.9442298,0.93464327,0.95199317,0.9442424,0.946044,0.9516916,0.9510709,0.9466682,0.9485528,0.9570497,0.943666,0.9551286,0.6635228,0.9520386,0.9483395,0.93541694,0.9427033,0.91160417,0.9533586,0.94723827,0.94323194,0.9497323,0.9336903,0.9508174,0.9387196,0.94676864,0.9507444,0.93648934,0.96221554,0.93953764,0.9495343,0.9487538,0.9551286,0.9499481,0.9448832,0.9552243,0.9530612,0.9581678,0.9476947,0.9452635,0.94805586,0.9443246,0.9391746,0.9372629,0.94399077,0.94759953,0.9574663,0.94582266,0.94674534,0.94320375,0.9445591,0.9643866,0.8875413,0.95316523,0.93777287,0.962965,0.9606882,0.9643826,0.9450957,0.9525648,0.9427889,0.93500006,0.9607561,0.9593863,0.9443443,0.94247967,0.9525653,0.9464478,0.942408,0.9493772,0.8972561,0.97086525,0.93698245,0.9577973,0.9488384,0.96685404,0.9487164,0.95136344,0.94569486,0.9579635,0.9443356,0.9705739,0.9503993,0.9515142,0.9438941,0.9470019,0.9589077,0.94225156,0.9374368,0.9368887,0.947773,0.9441292,0.94303066,0.9550233,0.93831974,0.93724453,0.9425841,0.94923156,0.9551693,0.9477704,0.9602587,0.9705739,0.92243266,0.96273804,0.9594887,0.9457559
