movie,21bridgesmovie,47metersdown,abeautifuldaymovie,abominablemovie,adastramovie,adogsjourneymovie,aftermathmovie,aftermovie,ahiddenlifefilm,alitamovie,angelhasfallen,angrybirdsmovie,annabellemovie,annamovie,apollo11movie,arcticdogsmovie,arcticmovie,artofracingmovie,avengers,beachbummovie,bernadettefilm,blackandbluemovie,blackchristmas,blindedbythelightmovie,bombshellmovie,booksmart,breakthroughmovie,brianbanksmovie,brightburnmovie,brittanyrunsmov,captainmarvelofficial,captivestatemovie,catsmovie,charliesangels,childsplaymovie,clarathefilm,coldpursuitmovie,countdown,currentwarmovie,darkwatersmovie,detectivepikachumovie,disneyaladdin,disneyfrozen,disneymaleficent,doctorsleepmovie,dolemiteismyname,dontletgomovie,doramovie,downtonabbey_official,dumbo,escaperoom,everybodyknowsmovie,fastandfuriousmovie,fightingwmyfam,fivefeetapartfilm,fordvferrari,freaksthefilm,geminimanmovie,glassmovie,gloriabellmovie,godzillamovie,goldfinchmovie,goodboysmovie,goodliarmovie,gretafilm,halathemovie,happydeathdaymovie,harrietfilm,hellboymovie,hersmellmovie,highlifemovie,highstrungmovie,honeyboymovie,hotelmumbaifilm,httydragon,hustlemovie,hustlersmovie,isntitromantic,itmovieofficial,jayandsilentbob,johnwickmovie,jojorabbitmovie,jokermovie,judythefilm,jumanjimovie,justmercyfilm,knivesout,lalloronamovie,lastblackmansf,lastchristmasthemovie,latenightmovie,lighthousemovie,lionking,littlethemovie,littlewomenmovie,littlewoodsfilm,longshotmovie,lordsofchaosmovie,lucyintheskyfilm,mamovie2019,marriagestory,meettheaddams,meninblack,midsommarmovie,midwaymovie,missbalamovie,missinglinkfilm,motherlessbklyn,onceinhollywood,onthebasisofsex,overcomermovie,peanutbutterfalcon,petsematarymovie,piercingmovie,playingwithfire,playmobilthemovie,pomsmovie,queenandslim,rambomovie,readyornotfilm,richardjewellfilm,rocketmanmovie,scarystoriesmovie,secretlifeofpets,serenityfilm,shaftmovie,shazammovie,spidermanmovie,spiesindisguise,starwars,stormboymovie,stubermovie,taosdfilm,teenspiritmov,terminator,theaeronautsmov,thebestofenemies,thedeaddontdie,thefarewell,thehighwaymen,thehummingbirdprojectfilm,theintrudermovie,theirishmanfilm,thekitchenmovie,thelegomovie,themustangfilm,thenightingalefilm,theprodigymovie,thesunisalsoastar,theupsidefilm,tolkienmovie,toystory,triplefrontier,uglydolls,uncutgems,underthesilverlake,usmovie,wavesmovie,whatmenwant,wonderparkmovie,wrinklestheclown,xmenmovies,yardiefilm,yesterdaymovie,zombieland
21bridgesmovie,0.99999994,0.9648513,0.96322924,0.95430624,0.9658086,0.96830755,0.9688924,0.97547066,0.98419297,0.9543718,0.96471953,0.9594999,0.9778849,0.97759396,0.9597196,0.9555128,0.96118534,0.9624111,0.9755442,0.9576112,0.9616353,0.96556264,0.95718676,0.9705525,0.9667245,0.87283385,0.9600977,0.9560389,0.9629894,0.9790775,0.96141964,0.9671227,0.95361817,0.96074444,0.95210767,0.9271803,0.9628133,0.97637385,0.9614169,0.9610888,0.9639455,0.9653086,0.952265,0.97187936,0.96505916,0.9714122,0.9568109,0.9679793,0.95581883,0.9700314,0.9731392,0.96864665,0.9605359,0.96264833,0.9526053,0.95771694,0.9534784,0.9669318,0.9621634,0.96416974,0.95339996,0.94425756,0.9621015,0.9710037,0.9696193,0.9591023,0.94443655,0.96208936,0.9716342,0.9599362,0.96509653,0.6168743,0.94255894,0.95726776,0.95295423,0.95106965,0.9153719,0.95855314,0.9618332,0.96328884,0.9634654,0.96708274,0.9692135,0.9554739,0.9603259,0.94810843,0.9539305,0.96414196,0.96188563,0.9681334,0.95362765,0.96509653,0.9583605,0.96329206,0.96887165,0.94926745,0.95491076,0.9641525,0.95589787,0.9575265,0.9637233,0.958491,0.9506614,0.96170557,0.9643842,0.97386456,0.9598333,0.9641991,0.9604507,0.9598153,0.9607855,0.88496464,0.97575593,0.9099566,0.95712745,0.98169637,0.9925284,0.95243216,0.9676529,0.95699835,0.9643633,0.96435803,0.96765614,0.96033555,0.96847785,0.96513706,0.96580744,0.96593386,0.9560478,0.9335129,0.97349703,0.96284217,0.9658061,0.92381096,0.9649626,0.9730369,0.9820502,0.9530501,0.9676048,0.9620053,0.98419297,0.95724255,0.96683645,0.9690179,0.964107,0.9698627,0.96394837,0.9510122,0.9732798,0.96789443,0.9686154,0.96721435,0.95817554,0.9436823,0.9650603,0.96539795,0.96036714,0.95106864,0.9705951,0.9663594,0.98419297,0.9502268,0.9611687,0.9557765,0.96910256
47metersdown,0.9648513,1.0000001,0.9598015,0.94136846,0.9537504,0.95421726,0.95712084,0.95685965,0.9734713,0.9353397,0.9488761,0.94186926,0.9587348,0.96058625,0.9465192,0.96480113,0.9413905,0.94784397,0.96727747,0.94917625,0.95748156,0.96454537,0.96001357,0.9610151,0.9503286,0.84490675,0.9483289,0.9444785,0.9601106,0.95790225,0.9673597,0.95817006,0.94268423,0.95563745,0.94356894,0.9176277,0.9589941,0.9452896,0.9544198,0.9521622,0.9442517,0.9545011,0.9343033,0.95721745,0.95754206,0.96273637,0.9587225,0.9405809,0.94328725,0.95379806,0.9690232,0.9526201,0.93928176,0.9559036,0.94941324,0.9449811,0.9439649,0.9491656,0.95236295,0.958184,0.9524976,0.92545724,0.960287,0.9532604,0.9463743,0.9420561,0.93622166,0.95239353,0.95494896,0.94126916,0.96366125,0.61717665,0.9361796,0.9494198,0.9490332,0.9389211,0.87988603,0.9445789,0.94582075,0.9483836,0.95246303,0.95015574,0.95260984,0.9450327,0.9486522,0.93567353,0.94315225,0.94555366,0.9493154,0.96832186,0.93239796,0.96366125,0.94569683,0.9486898,0.96827346,0.9411849,0.9437853,0.954489,0.93657327,0.9509545,0.9639107,0.9423383,0.9506898,0.9664266,0.9593164,0.969949,0.9520176,0.9594684,0.94765955,0.94344544,0.9468796,0.8762358,0.95589054,0.9172873,0.94973403,0.9556228,0.96172637,0.94652015,0.9598279,0.9384521,0.94485766,0.9484849,0.9647315,0.9514625,0.95571595,0.95710933,0.9613834,0.95946246,0.9441527,0.9309146,0.95883024,0.9475514,0.95958686,0.9218494,0.9472327,0.94974494,0.9642387,0.94645065,0.9572728,0.95660967,0.9734713,0.954021,0.9608205,0.9520677,0.9486472,0.95269823,0.9617843,0.9444242,0.9550491,0.9327579,0.9534147,0.946952,0.94581676,0.9075967,0.95331436,0.955034,0.9572075,0.94957936,0.9564439,0.9423513,0.9734713,0.93109196,0.9470905,0.9606312,0.95975
abeautifuldaymovie,0.96322924,0.9598015,1.0,0.950388,0.9617319,0.9564659,0.9665166,0.9699458,0.98073125,0.95493543,0.960247,0.96263653,0.9626098,0.97071177,0.9609433,0.95886356,0.9640305,0.9586071,0.9616384,0.9452374,0.9652265,0.9769957,0.96526533,0.973083,0.96457803,0.8575624,0.9615285,0.95930886,0.9768045,0.966902,0.9649379,0.9620033,0.9547159,0.9717256,0.93888086,0.90746593,0.9615032,0.9558839,0.96465075,0.9567031,0.95759803,0.9750062,0.9500097,0.96866983,0.9641395,0.96101886,0.9660006,0.960043,0.95462507,0.9757934,0.98730826,0.9658928,0.94583946,0.9428528,0.95787835,0.95398074,0.95148075,0.9659144,0.96331096,0.96642286,0.9578198,0.94732124,0.9514721,0.9708412,0.96626157,0.9617167,0.9514569,0.9525335,0.9666895,0.9623674,0.9693552,0.61425066,0.93056697,0.9588642,0.9414608,0.94984037,0.8979985,0.9562673,0.9659044,0.94532144,0.96569145,0.95884275,0.9613883,0.955229,0.9656123,0.9627287,0.952437,0.95823103,0.96189857,0.9605703,0.9507196,0.9693552,0.96771497,0.9644016,0.9788121,0.958118,0.95541936,0.96610475,0.94926983,0.95213515,0.96561223,0.94777757,0.9599253,0.96379936,0.9632319,0.9842298,0.96400946,0.9709549,0.9624909,0.96744394,0.9656956,0.862126,0.96741825,0.8909236,0.96490175,0.95947814,0.96659154,0.9450055,0.96650046,0.9539999,0.9523153,0.9693072,0.96815455,0.96060747,0.9661585,0.95404077,0.9645084,0.97031546,0.96585697,0.91887075,0.96832234,0.95563424,0.96500415,0.9304896,0.95999444,0.9643661,0.97225213,0.9544763,0.9614411,0.9651967,0.98073125,0.97650105,0.9634836,0.9707071,0.9582927,0.95596665,0.9572293,0.9383978,0.96514577,0.9505202,0.9673717,0.9781521,0.9560459,0.92627144,0.9608842,0.9641001,0.96145934,0.9512662,0.97017,0.95970154,0.98073125,0.9499711,0.96522605,0.95806205,0.97583175
abominablemovie,0.95430624,0.94136846,0.950388,1.0000002,0.94929373,0.9483179,0.94497484,0.955881,0.9704666,0.95230055,0.95002097,0.9360442,0.96204615,0.9562193,0.94368774,0.9556213,0.9527403,0.9389799,0.9455721,0.92290103,0.9517131,0.94829947,0.95639247,0.94670004,0.95076025,0.8704153,0.94737095,0.943111,0.94635445,0.94905317,0.9444403,0.9487448,0.9422119,0.9495512,0.93474597,0.92695224,0.94273245,0.9528976,0.9581283,0.95351964,0.943475,0.9495134,0.934528,0.95484334,0.9549107,0.955036,0.9510054,0.94551164,0.94881874,0.95189255,0.95535547,0.9555184,0.9434134,0.95198184,0.95038253,0.93208313,0.9437991,0.9460744,0.9635776,0.9577625,0.93835264,0.95333725,0.93493974,0.94882035,0.95063114,0.9440713,0.9223598,0.94844407,0.94596976,0.94412106,0.9543605,0.62554127,0.9197356,0.94301134,0.9497778,0.9430599,0.9139362,0.949359,0.9472033,0.9332721,0.9425026,0.9623609,0.95372176,0.9524269,0.9648245,0.9328048,0.95324284,0.9525773,0.9488386,0.9565384,0.9288449,0.9543605,0.9461346,0.95433843,0.94787246,0.959319,0.9441379,0.9369146,0.94966024,0.9381853,0.9535857,0.937529,0.9361428,0.9584899,0.93904483,0.95185107,0.94637245,0.954877,0.93093187,0.9337765,0.9572966,0.8578828,0.9480151,0.89734477,0.9492365,0.95665663,0.9586925,0.9551754,0.9447668,0.9329989,0.9467248,0.94880646,0.94600505,0.95684993,0.95560133,0.95417494,0.95387375,0.9480707,0.9480759,0.9014645,0.95884186,0.93356985,0.95930254,0.9348617,0.93356776,0.94945294,0.9551956,0.94556725,0.95299214,0.95124996,0.9704666,0.9525327,0.9620299,0.9442055,0.9562723,0.9533897,0.9637239,0.94433767,0.9525228,0.9383487,0.94500095,0.9450173,0.95296323,0.9249856,0.9594478,0.9609948,0.9585498,0.9593388,0.945887,0.93632776,0.9704666,0.93297565,0.94597775,0.95625764,0.9509846
adastramovie,0.9658086,0.9537504,0.9617319,0.94929373,1.0,0.9608609,0.9669429,0.9689605,0.97882056,0.9591308,0.95685565,0.9627798,0.96499914,0.9650466,0.95844346,0.9587416,0.9605218,0.9833455,0.9521759,0.9460534,0.9540901,0.95462656,0.9563846,0.9622481,0.9511326,0.8721057,0.9757532,0.9477912,0.9588237,0.96404165,0.95174676,0.96318865,0.949783,0.9521792,0.93881345,0.9190474,0.96149707,0.95870626,0.9597641,0.95438313,0.9622581,0.9609597,0.95614815,0.9622288,0.96049595,0.9601091,0.95359886,0.9590045,0.9410012,0.9659237,0.96504,0.9553189,0.9571185,0.9476376,0.95502764,0.97299707,0.95219284,0.9677444,0.95862937,0.97100055,0.95390445,0.9506476,0.954525,0.96194714,0.9669513,0.9469432,0.93208575,0.94983804,0.95611334,0.9531786,0.9695821,0.59800994,0.9352885,0.9546989,0.94686544,0.9492367,0.90115285,0.948917,0.9566204,0.9547257,0.9554936,0.9547342,0.96093863,0.9542432,0.9427751,0.94646657,0.94250965,0.9634589,0.9476611,0.97181666,0.95008856,0.9695821,0.9584253,0.95286024,0.9604956,0.953547,0.9542416,0.95395225,0.96122175,0.9550131,0.9603495,0.948697,0.9329116,0.9679741,0.9492662,0.96478707,0.95987844,0.9571373,0.9476046,0.9514416,0.96906984,0.88664395,0.96834964,0.8928603,0.9591626,0.96041197,0.9707018,0.94410217,0.96677923,0.9487826,0.9592525,0.963273,0.96653426,0.9596144,0.9561438,0.94742954,0.966824,0.9601646,0.9758351,0.9332085,0.96216756,0.9737783,0.96152306,0.9423629,0.96244913,0.9597065,0.96909934,0.94233286,0.97012025,0.96681815,0.97882056,0.96021307,0.95656,0.95276564,0.95909864,0.9585655,0.95867604,0.9513261,0.96174586,0.9481904,0.96550566,0.95875025,0.951648,0.93410844,0.9550177,0.96306926,0.95114535,0.9588417,0.9629799,0.96040434,0.97882056,0.96171707,0.96260846,0.9537965,0.96895087
adogsjourneymovie,0.96830755,0.95421726,0.9564659,0.9483179,0.9608609,1.0000004,0.9534459,0.9634741,0.9752975,0.94020414,0.94850683,0.95521,0.9703287,0.96831954,0.94725,0.94354516,0.9594735,0.95411545,0.96469146,0.94596815,0.9487312,0.961148,0.95095587,0.9557658,0.95801616,0.87004656,0.95647746,0.9576905,0.959644,0.9588369,0.95203537,0.9560557,0.9575687,0.9474324,0.9399805,0.9228109,0.951134,0.9528297,0.94947803,0.9599526,0.9622217,0.9474038,0.9469775,0.9641136,0.95703757,0.96276146,0.94956166,0.9489029,0.94429874,0.95536166,0.96614033,0.9636564,0.93786377,0.9488579,0.9520136,0.9450505,0.95249,0.9539483,0.9602782,0.96116024,0.9418462,0.9506593,0.9420638,0.9638515,0.96102464,0.94818705,0.9292191,0.96563745,0.95850474,0.95120335,0.95457333,0.56944185,0.94182944,0.95975274,0.9382279,0.9426068,0.9078353,0.9549422,0.9589994,0.9555995,0.94075185,0.96316403,0.9658559,0.9498615,0.9443358,0.93377715,0.9455225,0.9671607,0.94623953,0.96101683,0.9351621,0.95457333,0.95766306,0.96622694,0.9604666,0.94469833,0.93299484,0.9562991,0.9361158,0.9412153,0.9604067,0.9465118,0.955214,0.95948225,0.955427,0.9638051,0.9545315,0.96207064,0.94444734,0.94270235,0.95382136,0.85759306,0.961168,0.8989085,0.9466574,0.96323085,0.9694434,0.93879956,0.95412195,0.94488806,0.95759696,0.9553612,0.9603605,0.9758736,0.96301067,0.9520552,0.9702171,0.9591829,0.9432762,0.9370792,0.9586479,0.9576951,0.96666235,0.92165273,0.9531683,0.95169896,0.9662036,0.9589053,0.95719516,0.967266,0.9752975,0.9618038,0.9655982,0.963627,0.95664036,0.9636408,0.95739925,0.9413198,0.961884,0.9482876,0.9541057,0.9574909,0.9544407,0.9155114,0.95842844,0.9551337,0.94671464,0.94940627,0.9585032,0.9451298,0.9752975,0.9370646,0.9586364,0.9468959,0.96483886
aftermathmovie,0.9688924,0.95712084,0.9665166,0.94497484,0.9669429,0.9534459,0.9999999,0.9715109,0.9827781,0.96609217,0.9642295,0.96070373,0.9694362,0.96542233,0.96411335,0.9619087,0.96648544,0.9559261,0.9624387,0.9621365,0.97318256,0.96623254,0.9644165,0.97815233,0.9588888,0.8604143,0.9693523,0.9579282,0.9635567,0.96544355,0.95976436,0.96937776,0.96023816,0.96195716,0.94654125,0.9155128,0.9653742,0.9608365,0.9692716,0.9496568,0.9532727,0.9670402,0.9606101,0.9665006,0.96832097,0.9653231,0.9665092,0.96481264,0.95740336,0.97147423,0.9660588,0.96428823,0.9602425,0.947694,0.954231,0.95443106,0.96135986,0.9717801,0.9659222,0.96130025,0.9541844,0.9451479,0.96199167,0.9620742,0.96760994,0.96145755,0.95318604,0.95961213,0.96706176,0.9708484,0.96427274,0.600347,0.9321547,0.9647524,0.94690734,0.9606126,0.8946104,0.95987236,0.9640994,0.95948476,0.9654331,0.97557193,0.9712303,0.96334547,0.95620024,0.9641198,0.9528408,0.95769393,0.9617736,0.9663708,0.9457004,0.96427274,0.96827483,0.95532954,0.9579571,0.95623434,0.9611986,0.9724129,0.9780134,0.9529587,0.96850115,0.9621384,0.9481108,0.95543915,0.96004677,0.9632625,0.9693625,0.9667647,0.94929326,0.96531564,0.9683918,0.87588096,0.97485816,0.8869633,0.9642949,0.9652261,0.96534413,0.95201206,0.9807762,0.9870946,0.9602819,0.9730215,0.9670078,0.9613411,0.9645728,0.9543853,0.9587654,0.9552626,0.9655488,0.9357106,0.97138804,0.9604118,0.97088766,0.93158716,0.97277445,0.95899063,0.96415585,0.9503322,0.9588693,0.9649906,0.9827781,0.96335083,0.9584093,0.967008,0.9629617,0.96282935,0.95540833,0.94513214,0.9602418,0.9562263,0.98466706,0.9680427,0.9604333,0.9373793,0.95592433,0.95771515,0.9613252,0.9566247,0.9725699,0.97171277,0.9827781,0.9578537,0.9665344,0.96584773,0.95921034
aftermovie,0.97547066,0.95685965,0.9699458,0.955881,0.9689605,0.9634741,0.9715109,1.0000001,0.98318344,0.9638653,0.96600074,0.9568487,0.96808344,0.96586126,0.9608414,0.94949013,0.9721821,0.9624946,0.9683616,0.953596,0.96271807,0.9579821,0.96319234,0.96653664,0.96142364,0.8604735,0.97300965,0.9637316,0.9554655,0.97725433,0.95797664,0.9697513,0.9492322,0.9610539,0.9483835,0.9305745,0.96573114,0.95887274,0.9622336,0.96716774,0.9664625,0.9615979,0.9492691,0.96296525,0.9639371,0.9675523,0.96364796,0.9597582,0.95289826,0.9655822,0.96639436,0.9677696,0.95113826,0.9543377,0.95974773,0.9579634,0.9623465,0.971703,0.96270686,0.95985335,0.95670074,0.9583707,0.95895755,0.9683668,0.9693427,0.9575351,0.9493712,0.9563391,0.9610514,0.96750665,0.9624915,0.6106004,0.9375826,0.96200186,0.94774866,0.9586626,0.8979342,0.9560213,0.96282256,0.9649928,0.96988106,0.9628661,0.96852565,0.96050256,0.9543688,0.95496744,0.95522165,0.9532211,0.96008706,0.9632571,0.9564998,0.9624915,0.964445,0.9709863,0.96982014,0.95409065,0.95701444,0.96499455,0.9611289,0.95916206,0.9642769,0.9598068,0.9457305,0.9684637,0.95795953,0.9655545,0.96431386,0.9688785,0.94520915,0.96603173,0.9727511,0.8811624,0.974871,0.9085719,0.9691141,0.9646582,0.9733827,0.9506125,0.9713159,0.95740014,0.9614274,0.97362757,0.969118,0.96438307,0.9649579,0.95513105,0.96168494,0.95900166,0.9624175,0.92884654,0.9644449,0.9594332,0.9684089,0.9205779,0.9667148,0.97163403,0.9676192,0.9647001,0.96095484,0.9618575,0.98318344,0.9557064,0.9554282,0.9721023,0.9670392,0.961887,0.9649651,0.94830394,0.97580785,0.9580151,0.9677325,0.97080606,0.96482944,0.93305135,0.9582422,0.9606646,0.96014035,0.95226234,0.97975194,0.9668391,0.98318344,0.9525406,0.95971584,0.9554042,0.96192056
ahiddenlifefilm,0.98419297,0.9734713,0.98073125,0.9704666,0.97882056,0.9752975,0.9827781,0.98318344,0.9999998,0.9727057,0.9801668,0.9710966,0.9838661,0.98584,0.9782173,0.9735777,0.9808385,0.9754724,0.9799555,0.96661186,0.97952634,0.9836157,0.9779712,0.9844356,0.9789113,0.87711,0.97971195,0.9738742,0.98163587,0.98336893,0.97712797,0.9815907,0.9756962,0.97964615,0.9658029,0.9397194,0.98181504,0.9751468,0.98023516,0.9782584,0.9729096,0.9786572,0.965694,0.9819128,0.982564,0.9849992,0.97672355,0.9794653,0.9696339,0.98241,0.9869314,0.981938,0.97115356,0.97373134,0.9706888,0.96606666,0.9707064,0.97946876,0.9827734,0.9811604,0.97164875,0.9654423,0.97203976,0.9820868,0.983124,0.9739021,0.96383244,0.9764391,0.981263,0.97386324,0.98199487,0.61589706,0.9530717,0.97722405,0.9653989,0.9692858,0.9155622,0.9768449,0.9784244,0.97175264,0.97569615,0.9817566,0.981088,0.97348094,0.9726413,0.96839833,0.97222185,0.97817856,0.9770422,0.9860499,0.96940726,0.98199487,0.97689396,0.97893643,0.9804954,0.9728599,0.96968484,0.9771244,0.9674175,0.97010946,0.9842315,0.9724129,0.9673881,0.98044723,0.97251064,0.98524857,0.9833082,0.984311,0.970656,0.9722304,0.98165196,0.8789505,0.984401,0.91851634,0.9778676,0.98180383,0.9870597,0.9633777,0.9836194,0.9703967,0.977027,0.98026013,0.985832,0.9781099,0.9820453,0.97555876,0.98201066,0.97941333,0.9767279,0.94451725,0.9864544,0.97525156,0.98488027,0.9503834,0.9760713,0.98001665,0.9826366,0.97290474,0.98066384,0.98065925,0.9999998,0.9801321,0.97835374,0.9807398,0.9768113,0.9783126,0.97883075,0.96775866,0.98251885,0.96747017,0.978448,0.9764968,0.97625995,0.9454322,0.9784252,0.9795284,0.9740049,0.97279894,0.98158365,0.9754135,0.9999998,0.9693653,0.982596,0.97640127,0.98021233
alitamovie,0.9543718,0.9353397,0.95493543,0.95230055,0.9591308,0.94020414,0.96609217,0.9638653,0.9727057,1.0,0.96416223,0.9535227,0.96024233,0.952234,0.9510176,0.9446234,0.9697557,0.962764,0.9474701,0.94233996,0.95348465,0.95139587,0.9535494,0.9576625,0.95060223,0.8632071,0.95483273,0.956727,0.95146513,0.9514238,0.94391483,0.949075,0.948333,0.95435274,0.93725044,0.9198653,0.94566846,0.94922936,0.9502487,0.9454024,0.94667375,0.95121896,0.94149196,0.95882475,0.9618732,0.9560376,0.94990295,0.9646446,0.94336843,0.9584471,0.95689756,0.94966674,0.9516586,0.9356849,0.95028704,0.94382423,0.94332933,0.96210974,0.95140404,0.9551333,0.9479257,0.9437099,0.95418835,0.9537948,0.95236063,0.9522292,0.9352674,0.9408783,0.9524364,0.9538474,0.9618527,0.62849975,0.9264776,0.9616077,0.9476106,0.9558353,0.89946955,0.9561191,0.9575603,0.93783957,0.95728916,0.9601426,0.96010244,0.9567903,0.94513893,0.9453195,0.9503998,0.9523721,0.9555837,0.9552585,0.93908197,0.9618527,0.95497406,0.95002425,0.94356555,0.9483159,0.94876045,0.9611033,0.95494604,0.9416759,0.9469218,0.9359642,0.9324862,0.9581675,0.94281477,0.95238274,0.95664763,0.9507934,0.933598,0.9637982,0.9593419,0.84540904,0.95241755,0.8850226,0.9513723,0.9520217,0.95859873,0.94640124,0.9599257,0.95955324,0.9479732,0.9611386,0.9573752,0.95219153,0.9478722,0.9444893,0.9566756,0.94665533,0.95452225,0.92218465,0.95644176,0.94976366,0.9680575,0.93693906,0.96211344,0.95380515,0.95795053,0.94244784,0.957029,0.9480668,0.9727057,0.9555479,0.94613934,0.9547037,0.9576963,0.94608057,0.94926566,0.9368593,0.951097,0.9505801,0.9527748,0.9598919,0.9425979,0.9499712,0.95222497,0.9602316,0.95258373,0.957471,0.9541143,0.9513886,0.9727057,0.94544184,0.95177716,0.95298606,0.9538409
angelhasfallen,0.96471953,0.9488761,0.960247,0.95002097,0.95685565,0.94850683,0.9642295,0.96600074,0.9801668,0.96416223,0.9999999,0.9509294,0.95755863,0.96565,0.95685637,0.93677133,0.9648745,0.95890313,0.9568462,0.9493062,0.96046615,0.96371794,0.9546092,0.9692978,0.96799314,0.8459212,0.96324813,0.95776206,0.9657315,0.9588774,0.9550521,0.9502831,0.9506163,0.959033,0.9521837,0.9340672,0.9640465,0.9538984,0.96115077,0.9546005,0.9446849,0.96141535,0.950677,0.9584628,0.97273636,0.96719855,0.9540107,0.97255087,0.94950217,0.96310866,0.96288687,0.9551849,0.949138,0.948672,0.94097173,0.9357392,0.9487031,0.966869,0.96709275,0.96001273,0.95304424,0.9466026,0.9627399,0.96412647,0.95871115,0.9577689,0.96330345,0.9489719,0.9691566,0.9548151,0.9611596,0.62933064,0.9228581,0.95682156,0.9402504,0.9528664,0.8852698,0.96796614,0.9601805,0.962823,0.9797746,0.9606717,0.9622723,0.96092695,0.9512242,0.944634,0.973128,0.95141304,0.95369756,0.965696,0.94395465,0.9611596,0.9671049,0.958498,0.96080756,0.9616966,0.9718375,0.95724887,0.95215476,0.9550974,0.9618024,0.9537782,0.9536654,0.9634417,0.9569054,0.9610225,0.96676195,0.9640115,0.9495874,0.95641303,0.9626416,0.8585723,0.9648723,0.9128127,0.9622813,0.97101754,0.96928185,0.9377516,0.97119784,0.95691085,0.9469636,0.9670314,0.9639448,0.9513294,0.9682045,0.9519985,0.9557626,0.9580908,0.96229726,0.9214184,0.96415,0.95526093,0.9704428,0.9369332,0.9613075,0.952857,0.96237445,0.95770127,0.9602578,0.96473926,0.9801668,0.9631949,0.95088077,0.97078127,0.959129,0.95247567,0.9682601,0.9414017,0.96358377,0.9499139,0.9613667,0.95963955,0.9506133,0.9259223,0.95760626,0.9627689,0.9488337,0.958508,0.963383,0.9568761,0.9801668,0.95270693,0.9604596,0.94592613,0.9601343
angrybirdsmovie,0.9594999,0.94186926,0.96263653,0.9360442,0.9627798,0.95521,0.96070373,0.9568487,0.9710966,0.9535227,0.9509294,0.9999997,0.9521028,0.9578648,0.93791234,0.9384321,0.9622588,0.9574913,0.9536116,0.92708355,0.94658566,0.9618001,0.952092,0.9565097,0.9492761,0.8634271,0.9599699,0.9558968,0.9614344,0.96588516,0.9520051,0.9484679,0.94765025,0.9454499,0.9429269,0.9195262,0.9519774,0.94418514,0.9451265,0.94503194,0.9419411,0.9468374,0.9611195,0.95453006,0.9562543,0.94989634,0.9479679,0.95852727,0.936117,0.9595884,0.97086394,0.95489407,0.9263049,0.9334591,0.9440901,0.94532686,0.93998265,0.9626013,0.9592731,0.95970386,0.9355445,0.9467328,0.92804605,0.95205075,0.957944,0.94555163,0.92854077,0.9531997,0.95296156,0.9428808,0.9610838,0.5581665,0.91903937,0.95489055,0.93644446,0.93673956,0.88327056,0.9410521,0.9523877,0.93875045,0.9425502,0.9531206,0.9514567,0.9621293,0.9432123,0.9591874,0.93926066,0.95551145,0.9450793,0.95671123,0.9382497,0.9610838,0.9674924,0.9504271,0.9543888,0.9439966,0.93570226,0.95800203,0.943188,0.9458065,0.950474,0.92542297,0.93574953,0.94795674,0.95814097,0.9622831,0.95215714,0.94049484,0.9456992,0.96439075,0.95108676,0.8580206,0.9654237,0.89177895,0.9512377,0.9539197,0.96054584,0.94731873,0.9489558,0.9554694,0.9412658,0.96124554,0.9603984,0.9497719,0.9616101,0.94293976,0.95909333,0.95974773,0.95462054,0.94089425,0.94962156,0.95602524,0.9561442,0.90933925,0.9634564,0.9473936,0.95670754,0.94115,0.9634153,0.95454705,0.9710966,0.9727488,0.9527086,0.94933295,0.9420468,0.9499761,0.9510577,0.93926674,0.944944,0.9479823,0.95063657,0.95369536,0.942654,0.9162551,0.949397,0.96012414,0.93286836,0.94996846,0.95653886,0.96286803,0.9710966,0.94291246,0.9577004,0.9525976,0.9692555
annabellemovie,0.9778849,0.9587348,0.9626098,0.96204615,0.96499914,0.9703287,0.9694362,0.96808344,0.9838661,0.96024233,0.95755863,0.9521028,1.0,0.9766735,0.9627062,0.9643922,0.9644651,0.9668244,0.97306675,0.95114726,0.9615474,0.9593407,0.9575252,0.95820266,0.95350015,0.883222,0.9638859,0.95691633,0.95547,0.96855426,0.9661009,0.9707719,0.9580304,0.9628391,0.9539694,0.9308864,0.96740943,0.97840905,0.96524256,0.95896924,0.97158736,0.95943695,0.942154,0.963962,0.9572941,0.9674885,0.95720756,0.96377426,0.946676,0.96223354,0.96836096,0.9643975,0.9604591,0.9567968,0.9609123,0.9618393,0.9536587,0.9654498,0.96548223,0.9663411,0.96855545,0.945669,0.96036655,0.9778131,0.9717163,0.9558326,0.93875086,0.95800376,0.9672005,0.96198523,0.97042525,0.6003706,0.954414,0.95896494,0.9488801,0.95981497,0.90345883,0.96757984,0.964765,0.96730626,0.96049064,0.97617686,0.980822,0.9535388,0.95357084,0.94797325,0.96224916,0.98192066,0.9658002,0.9634228,0.95863664,0.97042525,0.95942104,0.96846163,0.96778786,0.9562448,0.95330054,0.96369153,0.9561652,0.94942725,0.96887994,0.95808464,0.95023334,0.9670984,0.95147324,0.9673678,0.9603831,0.9705596,0.9547841,0.9495423,0.96536463,0.8792579,0.97119635,0.8982976,0.9522524,0.9737015,0.97939295,0.9520835,0.9632104,0.9573048,0.97494954,0.9690693,0.96674395,0.9652037,0.95473,0.96583307,0.9760619,0.96509606,0.95535725,0.93420994,0.97674865,0.9521869,0.9688681,0.93439686,0.9606016,0.96880996,0.9736742,0.9544705,0.97050446,0.96443075,0.9838661,0.95525396,0.96583444,0.9691797,0.9645076,0.9678418,0.96347266,0.9604476,0.97403765,0.9588898,0.96868694,0.9665808,0.9623291,0.9411579,0.96677274,0.9716262,0.96111125,0.9600873,0.9688458,0.96443254,0.9838661,0.95246303,0.96582675,0.96237993,0.9710908
annamovie,0.97759396,0.96058625,0.97071177,0.9562193,0.9650466,0.96831954,0.96542233,0.96586126,0.98584,0.952234,0.96565,0.9578648,0.9766735,1.0000002,0.96667665,0.963025,0.96284086,0.96278524,0.9691629,0.9480706,0.95843756,0.9713218,0.96147275,0.97281045,0.9651815,0.8651036,0.96230054,0.958607,0.9702295,0.970679,0.9657659,0.96573967,0.96072215,0.958743,0.94660085,0.9229803,0.9713261,0.96382743,0.96778125,0.96482056,0.96466595,0.96560967,0.9486995,0.9713885,0.96296793,0.9737975,0.9585074,0.9729548,0.95265263,0.97072256,0.976556,0.9699474,0.9555337,0.9621741,0.95005995,0.9561583,0.9564918,0.96258444,0.96657276,0.97112215,0.9619577,0.9502067,0.95023566,0.9820033,0.9687421,0.9595751,0.9500905,0.9717948,0.9667868,0.96336097,0.9690961,0.59440553,0.9481884,0.9595242,0.94834864,0.9513165,0.90023226,0.9604462,0.96605,0.9535987,0.96315014,0.9659071,0.9693619,0.9601347,0.95701313,0.9480607,0.955496,0.97346914,0.9605617,0.9707242,0.9582493,0.9690961,0.95411193,0.9666234,0.974131,0.9614713,0.94875115,0.95947003,0.9431511,0.96202195,0.97662157,0.9561969,0.95042795,0.96867514,0.970187,0.9734386,0.9670978,0.9705352,0.9681186,0.9521759,0.9674892,0.85804456,0.9697117,0.9090059,0.9564452,0.97105557,0.985598,0.9417709,0.9713402,0.95149463,0.96646935,0.95809656,0.97302866,0.9645973,0.96748,0.9647769,0.97094566,0.9707805,0.962825,0.9318495,0.97666734,0.9596644,0.97021574,0.9410777,0.9586902,0.97054577,0.9820047,0.9540275,0.97178817,0.96962863,0.98584,0.96446365,0.9723155,0.96942866,0.96591926,0.9720107,0.9653008,0.9466235,0.97167814,0.96110266,0.9676327,0.96464425,0.9591719,0.9250127,0.9678092,0.9670773,0.9571548,0.9591494,0.97142154,0.96032804,0.98584,0.9539983,0.97229016,0.9552716,0.9660275
apollo11movie,0.9597196,0.9465192,0.9609433,0.94368774,0.95844346,0.94725,0.96411335,0.9608414,0.9782173,0.9510176,0.95685637,0.93791234,0.9627062,0.96667665,1.0000001,0.9515198,0.9521972,0.9556732,0.95306903,0.96490824,0.95483565,0.9585239,0.95795196,0.9697089,0.9524666,0.84895694,0.95332116,0.94781506,0.9533052,0.9616103,0.9532723,0.96165204,0.95779055,0.96515673,0.94424456,0.9094294,0.96203554,0.95080394,0.9582628,0.9564384,0.9538372,0.95474297,0.93630725,0.9548695,0.96037257,0.96428597,0.95929265,0.96054584,0.9445833,0.95720106,0.96225953,0.9609578,0.95261425,0.9628146,0.9534298,0.94745624,0.9608825,0.9587518,0.9596372,0.960443,0.9578896,0.9285077,0.9535527,0.9643038,0.9681544,0.9561455,0.9491701,0.95231366,0.96391195,0.9606574,0.95594954,0.60323465,0.93581957,0.95541,0.94408864,0.946875,0.8879032,0.95110035,0.95370144,0.94555783,0.9591216,0.96072567,0.96068543,0.94363517,0.9466076,0.9477411,0.9490994,0.9586655,0.95943034,0.9643852,0.9571524,0.95594954,0.94711185,0.9566501,0.9558583,0.9807066,0.94700956,0.94919515,0.9502628,0.9574477,0.96444875,0.956443,0.9468271,0.9607399,0.94769317,0.9629373,0.96543574,0.96388155,0.95689106,0.9473691,0.96315825,0.853244,0.9603368,0.87686104,0.9630485,0.9598637,0.96639025,0.9365201,0.9592582,0.9484433,0.958989,0.9582868,0.96057445,0.95148337,0.95311606,0.95934135,0.96334267,0.95497674,0.9598128,0.9161509,0.96182686,0.9587306,0.9615992,0.9316764,0.9503069,0.97225285,0.9597704,0.9537071,0.95352715,0.94832593,0.9782173,0.9502178,0.94871587,0.95423836,0.95315975,0.9589838,0.9497776,0.94523907,0.9596823,0.94624776,0.95301336,0.9554127,0.9581218,0.917681,0.9539799,0.9535022,0.9525942,0.94771403,0.9674848,0.9587598,0.9782173,0.9562817,0.9653417,0.9569272,0.9535409
arcticdogsmovie,0.9555128,0.96480113,0.95886356,0.9556213,0.9587416,0.94354516,0.9619087,0.94949013,0.9735777,0.9446234,0.93677133,0.9384321,0.9643922,0.963025,0.9515198,1.0000001,0.9518841,0.9512921,0.9606679,0.94087946,0.9684188,0.96158785,0.97057235,0.9621072,0.9478126,0.86398715,0.95355463,0.93823624,0.9540018,0.9535577,0.9621366,0.95934016,0.9518395,0.95916945,0.94019496,0.92031556,0.9657898,0.95002496,0.95549345,0.94405586,0.9508978,0.95385474,0.93607605,0.95542186,0.946445,0.9608349,0.9665105,0.93511164,0.9507466,0.95262796,0.9669287,0.95717406,0.9562594,0.9466503,0.94952124,0.94815713,0.9422701,0.9528391,0.95253,0.9627205,0.9547158,0.9391332,0.9502932,0.958659,0.95544344,0.93877226,0.9282007,0.95550615,0.94723874,0.9498805,0.9660075,0.60386366,0.9411696,0.9483595,0.9499934,0.9450593,0.8878422,0.9500988,0.95422626,0.9459352,0.9450124,0.9603696,0.9643079,0.94705564,0.9541279,0.9496898,0.9402229,0.95794594,0.956901,0.96331435,0.9340705,0.9660075,0.9400628,0.9456015,0.9645322,0.9492994,0.94552815,0.95219904,0.9553931,0.9472192,0.97263974,0.95111626,0.9405269,0.95815843,0.94288766,0.9609331,0.95679843,0.9689858,0.9537469,0.94739735,0.9641337,0.87432176,0.95707726,0.8966889,0.9551611,0.9524074,0.95449907,0.9510541,0.95826876,0.9427032,0.95915544,0.9486583,0.9586652,0.9553271,0.94677246,0.95981777,0.9573038,0.9563212,0.9502656,0.92763394,0.9682801,0.9471518,0.9607407,0.93469954,0.9521748,0.9543926,0.9642137,0.9384111,0.95876426,0.95533764,0.9735777,0.9550596,0.95982283,0.9486641,0.9455276,0.9554304,0.95236415,0.953077,0.95499116,0.93430805,0.9529074,0.94874525,0.9591427,0.930488,0.9530811,0.95532644,0.96969455,0.9494201,0.9568868,0.9485316,0.9735777,0.94911534,0.95363003,0.97488236,0.9502961
arcticmovie,0.96118534,0.9413905,0.9640305,0.9527403,0.9605218,0.9594735,0.96648544,0.9721821,0.9808385,0.9697557,0.9648745,0.9622588,0.9644651,0.96284086,0.9521972,0.9518841,1.0000001,0.96020514,0.96071446,0.94398606,0.96061504,0.9601772,0.95696646,0.9611725,0.9609143,0.87969977,0.9640416,0.97644055,0.96108156,0.96588427,0.9480787,0.9575032,0.95812297,0.953729,0.9455415,0.93219614,0.96783286,0.9467742,0.9524619,0.96294403,0.94989413,0.9535352,0.94613665,0.9613337,0.9643317,0.9631458,0.9551437,0.9624463,0.9506875,0.9590067,0.9669017,0.9654824,0.9520625,0.9452565,0.9517817,0.94447833,0.95000553,0.96981835,0.95862,0.9644041,0.9478452,0.96046805,0.9485743,0.96457595,0.9628197,0.9614667,0.9472843,0.9562541,0.9582938,0.96054304,0.9625101,0.63147944,0.93277663,0.9643611,0.94905305,0.9645361,0.9000274,0.9613569,0.9648368,0.9454791,0.95943356,0.96419054,0.9621426,0.9645034,0.9490313,0.9524808,0.95060784,0.96423286,0.95503235,0.9599219,0.9550056,0.9625101,0.96000326,0.9647274,0.9642591,0.95050764,0.9497814,0.96666384,0.95204383,0.95150423,0.9665172,0.94171524,0.9370282,0.96259993,0.95308596,0.96153855,0.9662294,0.9647377,0.9453388,0.9614656,0.9708364,0.8492031,0.9670199,0.9088081,0.9589694,0.96421003,0.9617165,0.9402401,0.9690995,0.96276826,0.9550722,0.9626076,0.9665155,0.958567,0.96530795,0.94299066,0.96763307,0.94805855,0.9578388,0.9306474,0.96748805,0.95855117,0.9784436,0.9409269,0.96958244,0.9590337,0.9648739,0.95855224,0.96107394,0.9665238,0.9808385,0.9645147,0.959473,0.96220917,0.96229726,0.9595524,0.9616443,0.941439,0.9630742,0.95266604,0.9530152,0.967038,0.95444864,0.9363393,0.95408064,0.9604342,0.9547617,0.9573489,0.96585053,0.958256,0.9808385,0.9513076,0.9619651,0.9551539,0.95757526
artofracingmovie,0.9624111,0.94784397,0.9586071,0.9389799,0.9833455,0.95411545,0.9559261,0.9624946,0.9754724,0.962764,0.95890313,0.9574913,0.9668244,0.96278524,0.9556732,0.9512921,0.96020514,0.99999994,0.94881594,0.935837,0.95051676,0.95248145,0.9529565,0.955773,0.95694673,0.8743064,0.9699124,0.95128137,0.9574534,0.9593577,0.94630855,0.9619335,0.9521694,0.9561447,0.94238645,0.9235964,0.962284,0.96035,0.9544861,0.9460445,0.96493477,0.95534396,0.9459043,0.9575621,0.9512106,0.9503263,0.9458106,0.9654486,0.9369564,0.9596863,0.9656291,0.95101696,0.959163,0.9461076,0.95429045,0.97336376,0.93462825,0.96920174,0.9530608,0.9665563,0.95528424,0.950292,0.95680505,0.96840006,0.9598742,0.9475399,0.9343775,0.94343615,0.95518416,0.95851123,0.9693624,0.6127727,0.94406056,0.9597444,0.9458395,0.95180696,0.89862585,0.95071286,0.95852697,0.9527754,0.9575851,0.95059586,0.96008414,0.9476572,0.9396332,0.9468419,0.94068915,0.9679307,0.9471461,0.9608542,0.9563958,0.9693624,0.9558281,0.94808066,0.9602956,0.9490268,0.956726,0.95043606,0.9462955,0.94296163,0.9527795,0.94532573,0.9239595,0.9631885,0.9393784,0.9645144,0.95548695,0.9572905,0.9555015,0.95216066,0.9647808,0.8865568,0.96608627,0.8904043,0.95934993,0.9561102,0.97092706,0.93618935,0.96223915,0.9391581,0.95813805,0.963563,0.9679859,0.9561697,0.9444754,0.9433353,0.9694655,0.9661648,0.9699848,0.9231082,0.96071714,0.9722689,0.95715433,0.94201565,0.9680737,0.9649189,0.9667317,0.9405214,0.9694156,0.9598617,0.9754724,0.9574948,0.9434413,0.95741755,0.9510253,0.954141,0.95839804,0.95169187,0.9657363,0.95686954,0.9539948,0.9559185,0.938463,0.9344432,0.9488687,0.96686727,0.94698083,0.9538083,0.9622455,0.9573718,0.9754724,0.96092314,0.96754104,0.95182526,0.96767455
avengers,0.9755442,0.96727747,0.9616384,0.9455721,0.9521759,0.96469146,0.9624387,0.9683616,0.9799555,0.9474701,0.9568462,0.9536116,0.97306675,0.9691629,0.95306903,0.9606679,0.96071446,0.94881594,1.0000001,0.95861596,0.9620401,0.9591398,0.9530435,0.9657032,0.95453364,0.86354274,0.9542467,0.9552413,0.95454973,0.96386385,0.9803995,0.9662732,0.95583475,0.95085406,0.9478391,0.9313659,0.96925974,0.9556846,0.95802206,0.95653206,0.9636643,0.9523463,0.94477946,0.9611782,0.9606043,0.9672077,0.9552978,0.95694935,0.9535866,0.9565377,0.9714879,0.96658736,0.9418252,0.9538842,0.94227207,0.943528,0.95882803,0.95441365,0.9591121,0.96012145,0.9593255,0.94089264,0.95861274,0.9753764,0.9644053,0.9474413,0.9429882,0.9616439,0.9593068,0.9531933,0.9623856,0.5731323,0.93165684,0.9601026,0.9432552,0.940655,0.8827585,0.95549405,0.95948845,0.9645419,0.95462567,0.9611798,0.97173345,0.95797217,0.9552424,0.96100473,0.95181936,0.956636,0.9644246,0.97027177,0.94160515,0.9623856,0.95133626,0.9639511,0.97251976,0.9509046,0.9455639,0.96921,0.9480939,0.9439709,0.9692638,0.9605021,0.9561988,0.96088696,0.9658309,0.96653223,0.9540016,0.96862084,0.9526051,0.95557666,0.95960814,0.8863378,0.9674926,0.9203203,0.9510505,0.96708477,0.96759623,0.946349,0.9589487,0.95323104,0.9642602,0.95649886,0.961344,0.95161533,0.9619012,0.9621681,0.95793414,0.9684453,0.9501559,0.9504219,0.9716242,0.9466226,0.97214675,0.91393983,0.9528994,0.95441884,0.9661633,0.95905423,0.96184355,0.9632938,0.9799555,0.9503545,0.96206903,0.9669894,0.9563923,0.95967185,0.9622205,0.9494471,0.9740649,0.9444088,0.9595614,0.96159303,0.95546955,0.93182343,0.96334624,0.96135074,0.96186376,0.9488542,0.96408033,0.9615599,0.9799555,0.9470463,0.955945,0.95884323,0.9639599
beachbummovie,0.9576112,0.94917625,0.9452374,0.92290103,0.9460534,0.94596815,0.9621365,0.953596,0.96661186,0.94233996,0.9493062,0.92708355,0.95114726,0.9480706,0.96490824,0.94087946,0.94398606,0.935837,0.95861596,0.99999994,0.9591893,0.95107603,0.9349862,0.96603996,0.93638676,0.82003313,0.9436024,0.9424767,0.9408258,0.9435848,0.956841,0.9535018,0.95317173,0.94110453,0.9307815,0.89162934,0.9512073,0.94495106,0.9417215,0.93174064,0.93380624,0.95617604,0.9393172,0.95346534,0.9499948,0.9574713,0.9370248,0.9457169,0.94781685,0.9558557,0.9499885,0.9460401,0.94094855,0.9416342,0.9385106,0.93111706,0.9496858,0.9554503,0.9422707,0.94945914,0.94469726,0.89824045,0.95589733,0.9523858,0.9501906,0.94265586,0.945156,0.94970965,0.9579413,0.96063155,0.9430781,0.58578306,0.91659826,0.94790757,0.9299897,0.9233548,0.86669534,0.93680125,0.93178016,0.9394333,0.96071184,0.9604433,0.958063,0.9325208,0.9382837,0.93802947,0.9493884,0.94254166,0.95740616,0.95928794,0.9135728,0.9430781,0.94238716,0.9452277,0.9461801,0.9467767,0.9416227,0.9711099,0.9523412,0.9301155,0.9528786,0.94851947,0.95210606,0.9453354,0.9395238,0.94874746,0.9442884,0.9554209,0.93292916,0.93598115,0.94691443,0.8421751,0.9502144,0.8846899,0.94595516,0.95970446,0.95387954,0.9280146,0.9619765,0.9578438,0.94558597,0.9500313,0.9506645,0.942249,0.945433,0.9473586,0.94651055,0.9376601,0.95058304,0.9313052,0.9550984,0.9465496,0.9580556,0.9092595,0.95149887,0.9419138,0.95382875,0.94395685,0.93329597,0.9505597,0.96661186,0.93998694,0.9397113,0.9492368,0.9484875,0.9464574,0.9386444,0.9305322,0.9473862,0.9360374,0.94723964,0.954815,0.9389829,0.9195893,0.94865686,0.93530995,0.9489762,0.93790716,0.95492035,0.9517441,0.96661186,0.9336256,0.9506217,0.94853395,0.94471097
bernadettefilm,0.9616353,0.95748156,0.9652265,0.9517131,0.9540901,0.9487312,0.97318256,0.96271807,0.97952634,0.95348465,0.96046615,0.94658566,0.9615474,0.95843756,0.95483565,0.9684188,0.96061504,0.95051676,0.9620401,0.9591893,0.99999994,0.9708556,0.9671774,0.9718268,0.96093833,0.8615906,0.9659404,0.95575273,0.9679802,0.95496106,0.966326,0.96464396,0.96468884,0.9726332,0.9568018,0.9259718,0.95956284,0.9574345,0.96192974,0.94775665,0.9461453,0.96931785,0.95232534,0.9625996,0.9664624,0.96959543,0.9666817,0.95232534,0.9609425,0.9687564,0.96909773,0.9660812,0.9586988,0.95032144,0.9621805,0.94295824,0.95258695,0.96798486,0.96461135,0.95332694,0.94438666,0.9497425,0.96364564,0.96031123,0.96262723,0.9580284,0.95256704,0.9565559,0.97069776,0.9623113,0.95648783,0.6006908,0.9379988,0.9590481,0.94851905,0.9477175,0.89159304,0.9622745,0.9639475,0.9514876,0.96444917,0.96862733,0.96445924,0.9520801,0.970288,0.96024877,0.9606569,0.96079475,0.9602816,0.97090334,0.9441025,0.95648783,0.96545786,0.9583611,0.9587042,0.95133924,0.9595803,0.96627647,0.9650504,0.9513244,0.9724949,0.9564073,0.95501554,0.9473958,0.9493773,0.96794796,0.9596163,0.9752105,0.9596648,0.9566089,0.96704406,0.8689142,0.96969944,0.9010699,0.97497374,0.9640171,0.95893466,0.95186114,0.976339,0.9620444,0.9508758,0.96647316,0.96890587,0.9612951,0.9567521,0.95704055,0.9661641,0.961552,0.9635853,0.9304744,0.9793387,0.95891666,0.96971506,0.93396276,0.96669215,0.9518368,0.9573432,0.9531359,0.94975734,0.9708517,0.97952634,0.9656578,0.9579604,0.96445787,0.9540944,0.95748985,0.9540513,0.9543979,0.96236473,0.9545187,0.95885235,0.96019727,0.9650258,0.941653,0.95469356,0.95365226,0.9648067,0.94264543,0.9666201,0.9605645,0.97952634,0.95621395,0.9652597,0.96189034,0.9550795
