movie,21bridgesmovie,47metersdown,abeautifuldaymovie,abominablemovie,adastramovie,adogsjourneymovie,aftermathmovie,aftermovie,ahiddenlifefilm,alitamovie,angelhasfallen,angrybirdsmovie,annabellemovie,annamovie,apollo11movie,arcticdogsmovie,arcticmovie,artofracingmovie,avengers,beachbummovie,bernadettefilm,blackandbluemovie,blackchristmas,blindedbythelightmovie,bombshellmovie,booksmart,breakthroughmovie,brianbanksmovie,brightburnmovie,brittanyrunsmov,captainmarvelofficial,captivestatemovie,catsmovie,charliesangels,childsplaymovie,clarathefilm,coldpursuitmovie,countdown,currentwarmovie,darkwatersmovie,detectivepikachumovie,disneyaladdin,disneyfrozen,disneymaleficent,doctorsleepmovie,dolemiteismyname,dontletgomovie,doramovie,downtonabbey_official,dumbo,escaperoom,everybodyknowsmovie,fastandfuriousmovie,fightingwmyfam,fivefeetapartfilm,fordvferrari,freaksthefilm,geminimanmovie,glassmovie,gloriabellmovie,godzillamovie,goldfinchmovie,goodboysmovie,goodliarmovie,gretafilm,halathemovie,happydeathdaymovie,harrietfilm,hellboymovie,hersmellmovie,highlifemovie,highstrungmovie,honeyboymovie,hotelmumbaifilm,httydragon,hustlemovie,hustlersmovie,isntitromantic,itmovieofficial,jayandsilentbob,johnwickmovie,jojorabbitmovie,jokermovie,judythefilm,jumanjimovie,justmercyfilm,knivesout,lalloronamovie,lastblackmansf,lastchristmasthemovie,latenightmovie,lighthousemovie,lionking,littlethemovie,littlewomenmovie,littlewoodsfilm,longshotmovie,lordsofchaosmovie,lucyintheskyfilm,mamovie2019,marriagestory,meettheaddams,meninblack,midsommarmovie,midwaymovie,missbalamovie,missinglinkfilm,motherlessbklyn,onceinhollywood,onthebasisofsex,overcomermovie,peanutbutterfalcon,petsematarymovie,piercingmovie,playingwithfire,playmobilthemovie,pomsmovie,queenandslim,rambomovie,readyornotfilm,richardjewellfilm,rocketmanmovie,scarystoriesmovie,secretlifeofpets,serenityfilm,shaftmovie,shazammovie,spidermanmovie,spiesindisguise,starwars,stormboymovie,stubermovie,taosdfilm,teenspiritmov,terminator,theaeronautsmov,thebestofenemies,thedeaddontdie,thefarewell,thehighwaymen,thehummingbirdprojectfilm,theintrudermovie,theirishmanfilm,thekitchenmovie,thelegomovie,themustangfilm,thenightingalefilm,theprodigymovie,thesunisalsoastar,theupsidefilm,tolkienmovie,toystory,triplefrontier,uglydolls,uncutgems,underthesilverlake,usmovie,wavesmovie,whatmenwant,wonderparkmovie,wrinklestheclown,xmenmovies,yardiefilm,yesterdaymovie,zombieland
21bridgesmovie,1.0,0.97096545,0.9689909,0.95765686,0.962804,0.9445412,0.96827817,0.9650515,0.9774222,0.9477109,0.95731986,0.940244,0.9572516,0.9634332,0.9629653,0.96338934,0.9610686,0.95369995,0.9799428,0.9523482,0.9645682,0.95950806,0.96595484,0.966262,0.95215964,0.85226566,0.9511721,0.9464041,0.95984423,0.9560305,0.9616332,0.9596298,0.9512281,0.95244604,0.9397345,0.9140815,0.96989965,0.9718587,0.9606597,0.9520686,0.95834106,0.96060807,0.9481793,0.9636009,0.95583504,0.95743114,0.9622689,0.951811,0.9620773,0.9622086,0.96270055,0.9683491,0.96621007,0.9495368,0.9534683,0.9631891,0.94808644,0.95670706,0.96786535,0.962198,0.9450944,0.94598806,0.9536158,0.9562715,0.97221226,0.94784254,0.968173,0.9543784,0.95659256,0.93992615,0.96415704,0.60431075,0.9457857,0.95744795,0.947365,0.9648976,0.9168823,0.96093327,0.95572275,0.947097,0.9474694,0.9471322,0.9577497,0.947055,0.97424585,0.96020496,0.9612089,0.96029055,0.96244156,0.9687062,0.9533671,0.96415704,0.95835227,0.96438444,0.96158785,0.9673813,0.9492794,0.9503184,0.94994086,0.9478981,0.9555055,0.9596725,0.94247764,0.9588217,0.9645945,0.96036947,0.9663261,0.96131486,0.95400107,0.94816184,0.9683835,0.8007353,0.9705094,0.9010864,0.97178817,0.97750366,0.9910082,0.94784087,0.9668941,0.9726437,0.95662564,0.9731081,0.966604,0.9326427,0.97367144,0.96059555,0.9550217,0.9511927,0.9615153,0.9278531,0.96106935,0.96128327,0.9651577,0.9393415,0.9653164,0.9649031,0.9651416,0.95066744,0.9673811,0.9318023,0.9774222,0.9562709,0.9611331,0.9551549,0.94687873,0.96174407,0.95106345,0.9526153,0.9518173,0.9736702,0.9604357,0.9667875,0.9676206,0.966426,0.96130043,0.9556147,0.9532633,0.9609421,0.9643476,0.9748154,0.9774222,0.94778484,0.956148,0.9685055,0.9528661
47metersdown,0.97096545,0.99999964,0.95708376,0.9565053,0.96277505,0.9477825,0.9611134,0.95710564,0.9779726,0.9538743,0.95085526,0.93967205,0.955707,0.9603955,0.9521394,0.9716453,0.9626454,0.95110273,0.9697126,0.95083874,0.9585953,0.9558755,0.9617695,0.9679024,0.95719683,0.8394118,0.9520851,0.9507521,0.9562724,0.9566243,0.96087366,0.9531953,0.94939893,0.9464115,0.9572037,0.9199862,0.9701321,0.95575374,0.95330095,0.9498912,0.96507365,0.9652659,0.93208563,0.9636797,0.9575153,0.9606448,0.9622245,0.95978355,0.9542399,0.9672535,0.95899343,0.9592644,0.96224225,0.95541066,0.95787287,0.95743656,0.935362,0.95504117,0.9714847,0.9577175,0.94800436,0.9581341,0.9595374,0.9635302,0.9585223,0.94280934,0.96364886,0.95427346,0.9586751,0.95587486,0.9588945,0.59167594,0.9436012,0.95711946,0.95796156,0.95676774,0.90253997,0.9546402,0.9574013,0.9444967,0.95719284,0.9412539,0.9603753,0.9383333,0.96529925,0.95274985,0.9588025,0.95700306,0.95444244,0.9620614,0.94855505,0.9588945,0.95715225,0.9559605,0.9587711,0.96713686,0.95670056,0.9595993,0.9419258,0.94943964,0.95590585,0.96752095,0.9486256,0.956217,0.97156286,0.9590908,0.94964397,0.966403,0.9473308,0.946304,0.96906644,0.7761655,0.96768093,0.9209463,0.96870786,0.96057546,0.96652424,0.960326,0.9640822,0.9582595,0.9631774,0.968719,0.96508664,0.92283994,0.9640684,0.958949,0.9474019,0.9420058,0.9576581,0.921267,0.951889,0.951133,0.95701396,0.93625814,0.9603327,0.9606933,0.9552405,0.94656557,0.9589977,0.94261116,0.9779726,0.9530642,0.95283496,0.9586942,0.95003885,0.9602931,0.95590544,0.9658464,0.96640563,0.9675716,0.9489466,0.9655137,0.96044683,0.951237,0.95510244,0.95661026,0.9621578,0.9541569,0.96016854,0.9691833,0.9779726,0.94110876,0.9537018,0.9741673,0.9538573
abeautifuldaymovie,0.9689909,0.95708376,0.99999994,0.9587801,0.97218794,0.9575197,0.97470665,0.97066194,0.98531944,0.968945,0.9586478,0.9703232,0.97112757,0.9674365,0.96829885,0.97022474,0.96047306,0.9526973,0.96173817,0.95152795,0.96941394,0.9794496,0.96738046,0.9648749,0.95396477,0.876846,0.9541288,0.95768136,0.9826431,0.97165823,0.956752,0.96598846,0.9598115,0.969716,0.9363521,0.91712624,0.97202253,0.9764965,0.96978426,0.95488656,0.96731305,0.971017,0.95235705,0.96952546,0.9664933,0.9657725,0.96611804,0.96468836,0.9636362,0.9667746,0.9879123,0.97158784,0.96658456,0.9611379,0.95358133,0.96219045,0.95334744,0.962444,0.9718929,0.9616985,0.95308536,0.9677411,0.9598603,0.96234864,0.9677036,0.9552551,0.97371393,0.95887196,0.95579886,0.9521502,0.9712942,0.6219467,0.94824576,0.97238845,0.94990283,0.9631416,0.9190779,0.97173154,0.97034097,0.963175,0.9476816,0.9651446,0.968067,0.9489142,0.97859883,0.959987,0.96411127,0.97411776,0.9739576,0.9763494,0.97052836,0.9712942,0.959104,0.9553478,0.97976524,0.96302515,0.9582797,0.95277077,0.9659727,0.955541,0.96120274,0.96733767,0.97830653,0.96732,0.97154933,0.98396003,0.97225827,0.9646818,0.97199243,0.95522887,0.97304994,0.8193418,0.970826,0.921152,0.9708326,0.96349883,0.9780723,0.9608752,0.9734425,0.9762409,0.9664731,0.9681192,0.9715862,0.94418997,0.97162515,0.95834464,0.97109544,0.97467643,0.96599627,0.94061416,0.9727033,0.9711717,0.9672071,0.94454443,0.9653808,0.96937245,0.9640322,0.96037924,0.9719341,0.9414685,0.98531944,0.9807893,0.9623071,0.96505886,0.9590366,0.9710351,0.95601875,0.94893503,0.95835435,0.9678909,0.96363837,0.98061633,0.9627209,0.95130265,0.9575694,0.9654393,0.9524472,0.9699803,0.96984094,0.9676722,0.98531944,0.96326256,0.96928316,0.96932787,0.97694117
abominablemovie,0.95765686,0.9565053,0.9587801,1.0000001,0.95350647,0.941712,0.95886856,0.9634994,0.9713166,0.9589527,0.9457954,0.94166416,0.9601041,0.950561,0.9509286,0.9557749,0.9548966,0.9367197,0.95709336,0.932367,0.9510049,0.9559915,0.9515947,0.9571561,0.9345586,0.8730156,0.94857687,0.9482562,0.960702,0.9392024,0.94628346,0.94593287,0.9448363,0.96293765,0.9444783,0.9162857,0.95631534,0.95895094,0.9557349,0.9553935,0.9602761,0.9563757,0.93555576,0.9581571,0.94524187,0.93875366,0.95359844,0.95164514,0.95410234,0.95777464,0.9626178,0.96054316,0.9472656,0.9466451,0.9513558,0.94503254,0.940604,0.9378573,0.96187246,0.9493259,0.94824356,0.9529629,0.9491917,0.9493408,0.96238405,0.9291939,0.95342433,0.95716554,0.9418185,0.94162554,0.95448875,0.58334553,0.9394795,0.9515807,0.9456664,0.9621232,0.8951656,0.9533558,0.9562246,0.9422537,0.92843264,0.94067115,0.95443106,0.9277633,0.9639692,0.9350509,0.95137405,0.9566359,0.9607662,0.95488083,0.9257495,0.95448875,0.94032526,0.9479249,0.95698583,0.96173817,0.93457645,0.94288933,0.9421218,0.9498023,0.9412406,0.947071,0.9527812,0.9515143,0.9588955,0.96255636,0.95202494,0.9444973,0.9426211,0.94316053,0.9593789,0.78523743,0.9426542,0.92258507,0.9502071,0.9476072,0.9557339,0.93881094,0.95007724,0.963113,0.95050687,0.95625824,0.96409315,0.92555034,0.96266204,0.94589883,0.964575,0.95518076,0.95273894,0.9170517,0.94901526,0.9525575,0.9526765,0.9244691,0.9480953,0.9460651,0.93343914,0.95866394,0.9525101,0.9234579,0.9713166,0.9478591,0.93977255,0.93609434,0.9533936,0.95947814,0.9563803,0.9414705,0.941269,0.9518479,0.9485378,0.95756376,0.9560756,0.9380542,0.9355468,0.9528892,0.9304801,0.95459944,0.95591795,0.95317477,0.9713166,0.9479457,0.95607346,0.95602876,0.9549693
adastramovie,0.962804,0.96277505,0.97218794,0.95350647,0.9999999,0.95437783,0.9676119,0.96410614,0.98534554,0.97314376,0.96620816,0.9559398,0.9733396,0.9633361,0.9687661,0.9630564,0.96590257,0.9709265,0.96868867,0.9554771,0.9693011,0.9657029,0.96902144,0.96589994,0.9624385,0.8758086,0.94704646,0.95290345,0.96946585,0.9615723,0.968066,0.9657266,0.96957546,0.9657839,0.95039403,0.9182147,0.97707725,0.97531974,0.96027315,0.9598012,0.97298664,0.96516365,0.95785123,0.96565205,0.9691022,0.9644647,0.97176236,0.9621164,0.9554828,0.96577793,0.9714648,0.9711395,0.9558594,0.9573384,0.95744294,0.9796266,0.9557511,0.96366894,0.96731776,0.9660038,0.9642863,0.96562445,0.9653785,0.9699043,0.96875787,0.9621357,0.96532375,0.9587247,0.9524814,0.9497203,0.9729945,0.6453632,0.9547744,0.96674454,0.95036316,0.96755975,0.91917384,0.97479767,0.9647631,0.9501954,0.94689256,0.9556413,0.9732825,0.9424904,0.9724722,0.95941067,0.9664261,0.96488416,0.9693352,0.979137,0.9622918,0.9729945,0.9610435,0.9651275,0.96362257,0.9613322,0.95877993,0.95993555,0.963318,0.9616466,0.9695025,0.96680444,0.96376395,0.9680703,0.96554416,0.9707435,0.9738544,0.96976125,0.9610937,0.96305573,0.9620139,0.8143922,0.965291,0.933304,0.9707343,0.9684339,0.9710673,0.94750303,0.9721382,0.9589493,0.96985656,0.96318024,0.963921,0.9405535,0.9687496,0.95845675,0.9620034,0.9591412,0.96610165,0.94321364,0.97163385,0.9815494,0.96851134,0.9497172,0.9708992,0.9642157,0.9638208,0.9565327,0.97281414,0.9484873,0.98534554,0.96252567,0.9633846,0.96064353,0.9555244,0.9661158,0.9537465,0.95936155,0.96535337,0.9731806,0.95450044,0.9672109,0.96318203,0.94456327,0.9605401,0.9695886,0.9667465,0.96631444,0.9753977,0.9703515,0.98534554,0.97133595,0.97242373,0.97050256,0.96321183
adogsjourneymovie,0.9445412,0.9477825,0.9575197,0.941712,0.95437783,0.9999999,0.9604589,0.94985664,0.96777225,0.95772207,0.94179744,0.95271236,0.9537526,0.93356276,0.9444722,0.9520549,0.95123315,0.92845005,0.9514005,0.9321904,0.947444,0.94397724,0.95363355,0.9448527,0.94682276,0.87411493,0.942851,0.94673645,0.9540814,0.94889253,0.94138587,0.9387257,0.9467294,0.95328087,0.9268262,0.89935535,0.95279133,0.95234466,0.9400362,0.9395849,0.9600086,0.9699034,0.9597189,0.95810485,0.95144725,0.9406442,0.9537338,0.9336144,0.92870545,0.96463263,0.96122336,0.9399136,0.95174783,0.9467444,0.9563168,0.94523925,0.94203293,0.9455412,0.96073335,0.9473582,0.9440853,0.9538881,0.94201916,0.94232196,0.94304234,0.93895435,0.93243533,0.9335055,0.9305548,0.94698304,0.95707875,0.5717064,0.93239343,0.9574411,0.94532996,0.94045144,0.90423554,0.94752735,0.9342504,0.953264,0.93359303,0.9502381,0.94167703,0.93490136,0.9604695,0.9424938,0.9402781,0.9516897,0.9463039,0.9560158,0.94056964,0.95707875,0.93940973,0.934545,0.9473585,0.9463086,0.944808,0.9552917,0.92986345,0.93108827,0.95065224,0.9517654,0.9543045,0.9493636,0.9483698,0.9611974,0.9390645,0.94029,0.95671207,0.9269663,0.94402415,0.7735743,0.95469135,0.9234333,0.9571323,0.93216574,0.9533638,0.94072646,0.9534407,0.94672805,0.9445647,0.952981,0.9442148,0.96122605,0.9489369,0.9505233,0.94625664,0.94002515,0.9453839,0.95229155,0.9551827,0.94346654,0.95207775,0.9379899,0.94384366,0.9474397,0.9477729,0.9297237,0.9539177,0.9226907,0.96777225,0.94783616,0.9355837,0.9430869,0.93425584,0.94138503,0.9368522,0.937834,0.9371288,0.9628404,0.9487721,0.9558722,0.9511801,0.93439937,0.9374935,0.9614527,0.9433479,0.9421552,0.95146143,0.9403792,0.96777225,0.9416379,0.956263,0.9593808,0.95595753
aftermathmovie,0.96827817,0.9611134,0.97470665,0.95886856,0.9676119,0.9604589,1.0000001,0.9689738,0.98633957,0.9694226,0.9610725,0.96364737,0.96728593,0.96337974,0.9650714,0.97123265,0.9627878,0.9636255,0.9745103,0.9568631,0.9720317,0.97097325,0.96150213,0.9718688,0.96255267,0.8766874,0.9602195,0.95731175,0.96747655,0.9703588,0.9652018,0.9628473,0.95992225,0.9609396,0.94068044,0.91362655,0.971975,0.9748689,0.9683969,0.95835626,0.974493,0.9708678,0.95534587,0.96855557,0.9702665,0.9653125,0.96491635,0.96939695,0.9569296,0.9685601,0.97555685,0.9690016,0.96315384,0.9595083,0.96713054,0.966164,0.9431784,0.9604989,0.96935135,0.9671337,0.95673007,0.9648729,0.96367735,0.9643543,0.9604975,0.95657784,0.96910167,0.9593361,0.9518283,0.9539188,0.97215176,0.5918311,0.9445316,0.9671267,0.94854796,0.9661391,0.90998816,0.9683378,0.9660204,0.9625267,0.95333236,0.97644114,0.9648116,0.9426191,0.9697496,0.960187,0.9672655,0.9735631,0.9696857,0.9782398,0.95972496,0.97215176,0.96748805,0.9636992,0.96891725,0.9645427,0.9619942,0.9684378,0.97168475,0.9501546,0.96428275,0.96619374,0.96939903,0.9686787,0.9664985,0.9726689,0.9718214,0.9711841,0.9625588,0.9550905,0.974966,0.79488957,0.9715738,0.91127,0.9693631,0.95946664,0.96800506,0.9557692,0.97346514,0.9878531,0.96434444,0.97230744,0.97034013,0.9461138,0.9774063,0.9674914,0.9717517,0.96659344,0.9647995,0.9430192,0.9766869,0.96977955,0.96968293,0.93979955,0.9682052,0.97181743,0.96169466,0.9553627,0.97330105,0.9471397,0.98633957,0.9709928,0.9650604,0.9661253,0.9621369,0.97005755,0.9592887,0.9478209,0.96584654,0.9707753,0.9875953,0.9737254,0.9725765,0.9486162,0.96487486,0.971674,0.94889283,0.9701322,0.9701396,0.96540284,0.98633957,0.96390456,0.9754463,0.96725374,0.9636095
aftermovie,0.9650515,0.95710564,0.97066194,0.9634994,0.96410614,0.94985664,0.9689738,1.0000004,0.9808306,0.96055007,0.94935167,0.9599594,0.96089894,0.9651603,0.9698909,0.95659333,0.96182406,0.9441955,0.9610484,0.9534152,0.9723958,0.96613675,0.9653193,0.96477515,0.94303805,0.88225913,0.95312834,0.9635118,0.970382,0.95426077,0.9511809,0.96460944,0.94815326,0.96307987,0.9389922,0.9096771,0.9725192,0.96484655,0.962898,0.9609675,0.95666766,0.96072245,0.95226717,0.9614245,0.9558308,0.9575986,0.9665563,0.9641077,0.9531225,0.9599859,0.9763126,0.9737809,0.95924485,0.9535232,0.9600861,0.9599621,0.94533855,0.9436113,0.96251863,0.9665602,0.9398514,0.95682627,0.9559853,0.9569858,0.97660565,0.9449631,0.96620786,0.9651624,0.94837636,0.95148903,0.9729511,0.58473986,0.9385388,0.96113557,0.9410713,0.9612184,0.88274705,0.96380836,0.9508044,0.9394736,0.9440465,0.9403013,0.96328986,0.92936176,0.972725,0.95231014,0.9512636,0.96906465,0.9761259,0.97032666,0.9555506,0.9729511,0.9543053,0.9475789,0.9716428,0.96535844,0.9436551,0.95656955,0.9511703,0.9582859,0.95264506,0.96165216,0.9642545,0.9699354,0.96628946,0.97029275,0.96960056,0.9537517,0.962979,0.9520904,0.9699132,0.8073836,0.9600213,0.90715295,0.9624539,0.95145035,0.9672808,0.9506698,0.96894336,0.96632886,0.96459275,0.9614174,0.9664768,0.9467715,0.9706185,0.95269656,0.9634456,0.96410024,0.9636597,0.93157464,0.9703594,0.96369296,0.9651708,0.93257356,0.9495794,0.9597204,0.95716643,0.96232915,0.97088957,0.93794906,0.9808306,0.96494764,0.94263995,0.9545305,0.9567699,0.96600306,0.96372426,0.9503013,0.9563455,0.96674454,0.9593516,0.96576667,0.9623271,0.95073336,0.957406,0.96814823,0.95030844,0.9684636,0.96657753,0.958719,0.9808306,0.9493646,0.9705974,0.96815306,0.9644661
ahiddenlifefilm,0.9774222,0.9779726,0.98531944,0.9713166,0.98534554,0.96777225,0.98633957,0.9808306,0.9999997,0.9768383,0.9761908,0.9721879,0.9816959,0.9814725,0.97847724,0.98322415,0.98002064,0.9707413,0.9766439,0.96542305,0.9801677,0.9833774,0.98270935,0.9842482,0.97307765,0.8915601,0.97032905,0.9728822,0.984295,0.97605306,0.9726659,0.9795994,0.97332215,0.9763171,0.96497935,0.9370861,0.98843074,0.9859389,0.97828984,0.97413814,0.985911,0.9827706,0.9649114,0.98196924,0.9809611,0.979889,0.98406935,0.9787834,0.973419,0.98235804,0.9887932,0.98477226,0.97530377,0.9760767,0.9767516,0.97827345,0.9656203,0.9745557,0.9806678,0.9788454,0.97045183,0.9792986,0.97892714,0.97994065,0.98091674,0.97220707,0.9823926,0.9780016,0.9700577,0.9687645,0.9847243,0.6163291,0.96045804,0.9808188,0.967552,0.97837996,0.92763346,0.9839795,0.9773459,0.9642713,0.9659321,0.97512853,0.98113805,0.9584999,0.9872623,0.9703469,0.97999114,0.9830738,0.9844932,0.98834723,0.9739143,0.9847243,0.97796977,0.9754583,0.98302734,0.9779759,0.9751925,0.97645074,0.9683778,0.97385347,0.97937596,0.97919273,0.9812411,0.982371,0.9844316,0.98661625,0.9810808,0.9794707,0.9763473,0.97203934,0.98354125,0.8165076,0.98319197,0.9418374,0.982592,0.97774184,0.9847227,0.97229207,0.98469037,0.9823015,0.9812597,0.9797237,0.98404884,0.95794237,0.9851397,0.9736374,0.97968775,0.9740834,0.9783033,0.9539546,0.9826056,0.9800028,0.98098534,0.9546051,0.9773553,0.9798429,0.9733254,0.9706698,0.985137,0.9640508,0.9999997,0.9811568,0.97535664,0.9761257,0.97325456,0.98363054,0.97457236,0.9723574,0.97770345,0.9825491,0.97523946,0.982615,0.98310477,0.95927906,0.97200596,0.9798714,0.9728894,0.9804948,0.98293537,0.9810097,0.9999997,0.96986496,0.98275745,0.98357654,0.9815128
alitamovie,0.9477109,0.9538743,0.968945,0.9589527,0.97314376,0.95772207,0.9694226,0.96055007,0.9768383,0.99999994,0.9507393,0.9543419,0.9590818,0.9469058,0.95193607,0.96240455,0.94379795,0.95385677,0.95938796,0.9430109,0.96441346,0.96763235,0.96098465,0.95211625,0.9598414,0.8743551,0.9488671,0.94960654,0.96384275,0.96036464,0.952724,0.95573944,0.9662266,0.96009105,0.9392289,0.91995025,0.96364754,0.97100747,0.9607925,0.9406089,0.9604016,0.9607573,0.94126785,0.95643586,0.9652568,0.96020466,0.96312267,0.95858103,0.95653975,0.9578316,0.96758294,0.9574358,0.95791924,0.9451102,0.9536011,0.9678975,0.9484816,0.956524,0.95846474,0.9581496,0.9454721,0.9643157,0.9592305,0.96144253,0.95362157,0.95312035,0.9580472,0.9574128,0.9477438,0.9513933,0.96337086,0.63023645,0.94803786,0.9641236,0.9454945,0.9554381,0.9064857,0.96039236,0.9553843,0.9556651,0.94295096,0.95795727,0.9620551,0.9370724,0.96165335,0.93267053,0.95498633,0.9605906,0.9695196,0.9673963,0.95675313,0.96337086,0.9442013,0.9476632,0.9553943,0.95957273,0.94764864,0.9537991,0.95990145,0.95282155,0.95400774,0.9616857,0.9711213,0.95494014,0.9592174,0.9635285,0.95650434,0.960858,0.9484967,0.94234174,0.96532303,0.8166603,0.95600915,0.92956686,0.9584343,0.94836587,0.95452124,0.9480671,0.960146,0.96128297,0.96327907,0.9598446,0.9558099,0.925312,0.960979,0.95401275,0.9631029,0.9602556,0.96531874,0.92926705,0.9654364,0.9648019,0.94639945,0.933659,0.96440667,0.9633222,0.9502789,0.9457573,0.9609846,0.93839157,0.9768383,0.96379465,0.95184916,0.9492618,0.9471749,0.9624227,0.9538649,0.9357645,0.9494862,0.96500987,0.96109724,0.9641944,0.95449996,0.949772,0.95230925,0.9604463,0.9477191,0.96059835,0.9627672,0.9553783,0.9768383,0.95313334,0.96894276,0.9665646,0.95601434
angelhasfallen,0.95731986,0.95085526,0.9586478,0.9457954,0.96620816,0.94179744,0.9610725,0.94935167,0.9761908,0.9507393,1.0000005,0.93974376,0.96152204,0.95861316,0.9615121,0.96333045,0.96137494,0.9467686,0.95531064,0.9379407,0.95890754,0.96346575,0.95886153,0.9652507,0.9615961,0.87597793,0.94155186,0.942617,0.96700585,0.9462432,0.9603154,0.96181035,0.9445486,0.9497207,0.9399278,0.90324986,0.9727054,0.96830636,0.9514429,0.9519799,0.9667756,0.9561177,0.9425409,0.95739585,0.9564513,0.9539171,0.9651352,0.9608802,0.9491466,0.9590745,0.9697358,0.9559492,0.9525581,0.9600875,0.9523373,0.95688176,0.95342946,0.9537546,0.9596123,0.9656196,0.94352686,0.9604043,0.96801364,0.9611373,0.95352864,0.95712686,0.9549617,0.9539435,0.96498966,0.9370253,0.9715202,0.59417725,0.935467,0.9542227,0.9480975,0.9533607,0.9029225,0.96049327,0.96116316,0.93607444,0.96648735,0.9595476,0.9639151,0.9356784,0.96392035,0.9514917,0.97388184,0.96007323,0.9630522,0.966814,0.95443296,0.9715202,0.95651716,0.9684119,0.9664654,0.9714247,0.97247356,0.94789654,0.9424859,0.9443335,0.96415854,0.9596973,0.95171815,0.9639644,0.9625708,0.97249943,0.9540633,0.95894134,0.957322,0.9460174,0.95756197,0.7808277,0.9577436,0.93007195,0.96406007,0.9689639,0.96419156,0.93833226,0.97130924,0.956604,0.95730656,0.9513966,0.95908856,0.92985165,0.9659987,0.9648252,0.9612204,0.94757473,0.9479091,0.92964906,0.9576442,0.96227074,0.95361745,0.93203616,0.9628315,0.9503685,0.94465756,0.948165,0.967643,0.9345188,0.9761908,0.9633782,0.95842814,0.95930463,0.9466447,0.9571517,0.94067097,0.95444477,0.9617073,0.9640162,0.9529342,0.9511779,0.9600705,0.93344635,0.96218914,0.963752,0.9509474,0.9654194,0.960952,0.96597457,0.9761908,0.9513145,0.95641893,0.9611787,0.9609721
angrybirdsmovie,0.940244,0.93967205,0.9703232,0.94166416,0.9559398,0.95271236,0.96364737,0.9599594,0.9721879,0.9543419,0.93974376,1.0000002,0.96117777,0.9598485,0.9513939,0.9633622,0.95436186,0.9381966,0.94348776,0.9336157,0.9408935,0.9682471,0.95683646,0.95031494,0.9489541,0.872039,0.9420335,0.9552793,0.97110116,0.9664916,0.94958633,0.9543834,0.9511802,0.9562727,0.92088515,0.9000684,0.9585136,0.9629861,0.95652956,0.9398621,0.9572851,0.9595869,0.9471821,0.9601339,0.95038927,0.945547,0.9548892,0.9565803,0.94786346,0.95860714,0.97840315,0.9576699,0.94828093,0.9464193,0.943807,0.9450379,0.93962693,0.95251316,0.9565257,0.9438089,0.9374312,0.9646583,0.9512552,0.95243174,0.9523876,0.9541372,0.95745975,0.94366217,0.93284565,0.94110173,0.95645463,0.59030116,0.94214076,0.96194154,0.9418948,0.95529157,0.9022327,0.96281636,0.9440289,0.9387656,0.931565,0.9650377,0.9614845,0.92623204,0.9647482,0.9450993,0.94237626,0.9655676,0.95682245,0.968699,0.96040756,0.95645463,0.9527412,0.9374298,0.96007764,0.9411867,0.945046,0.95259464,0.9438702,0.94405234,0.94016826,0.9535991,0.970274,0.95144117,0.9632985,0.9737684,0.9523025,0.943342,0.959175,0.94974446,0.95465654,0.774,0.95268,0.9145011,0.9529548,0.93853956,0.95546746,0.9506192,0.9599865,0.9602855,0.961185,0.9553148,0.95518315,0.9436201,0.9512153,0.95235693,0.9570067,0.95861506,0.94986856,0.9560316,0.95161194,0.95970076,0.9544047,0.92447865,0.9582683,0.95576036,0.9506008,0.9435221,0.9680431,0.9366887,0.9721879,0.96941525,0.9362431,0.94788843,0.95140517,0.95843065,0.94480217,0.9334881,0.9422911,0.961091,0.95131874,0.95523345,0.95725775,0.94029707,0.9427617,0.9568927,0.9426829,0.9583098,0.96067524,0.9444749,0.9721879,0.939251,0.9633488,0.9557382,0.9725544
annabellemovie,0.9572516,0.955707,0.97112757,0.9601041,0.9733396,0.9537526,0.96728593,0.96089894,0.9816959,0.9590818,0.96152204,0.96117777,0.99999994,0.9634771,0.96243054,0.97095954,0.96552086,0.95555663,0.95646006,0.9363663,0.95593554,0.9595914,0.9664134,0.9531806,0.95751584,0.87139505,0.94712764,0.95524126,0.9666824,0.9600146,0.96323,0.96762943,0.9548564,0.9575393,0.94676095,0.91524917,0.9711526,0.9779807,0.96325713,0.9667867,0.9694134,0.972739,0.95244616,0.96871996,0.970865,0.95014393,0.96719795,0.96194994,0.95116,0.9696184,0.9735874,0.96382755,0.954099,0.95715225,0.95085394,0.95539165,0.94724786,0.9654038,0.9668125,0.96567637,0.96513253,0.9645617,0.96766895,0.96437305,0.96593773,0.9581246,0.96729803,0.9561967,0.9593161,0.9539219,0.97301376,0.6140099,0.9501114,0.96018964,0.9426513,0.9620876,0.90768266,0.96773666,0.9592399,0.94996274,0.94661707,0.96254206,0.9687714,0.9414842,0.9791579,0.9580358,0.9631708,0.9862185,0.9662235,0.9691843,0.9548129,0.97301376,0.961341,0.96019214,0.9628784,0.9591196,0.96284544,0.94966245,0.957893,0.9569093,0.95527893,0.9671666,0.96810454,0.96962184,0.9626022,0.9722364,0.96412987,0.96183443,0.96031547,0.9595275,0.96269006,0.7941446,0.9689091,0.92839634,0.96326697,0.9629231,0.9702594,0.94778097,0.96688235,0.96604586,0.9703184,0.9630823,0.9608504,0.9427812,0.9694837,0.95523787,0.9725474,0.9625121,0.95872617,0.9477669,0.9606345,0.96655685,0.96588343,0.9388603,0.9629407,0.95714194,0.9605463,0.95263445,0.970168,0.93950635,0.9816959,0.9624629,0.95451033,0.95721585,0.94858557,0.96366346,0.95044523,0.9568369,0.95829237,0.9662539,0.95750505,0.9672367,0.96113,0.9411622,0.95236886,0.9700243,0.9563638,0.96683675,0.9716191,0.96426153,0.9816959,0.9600636,0.96686214,0.96777564,0.96673006
annamovie,0.9634332,0.9603955,0.9674365,0.950561,0.9633361,0.93356276,0.96337974,0.9651603,0.9814725,0.9469058,0.95861316,0.9598485,0.9634771,0.9999999,0.96751535,0.965665,0.9673696,0.9467033,0.96201116,0.9547643,0.9572046,0.9722885,0.96357024,0.9735952,0.950372,0.8596365,0.9500846,0.9553426,0.97376794,0.9605022,0.96136343,0.9761947,0.9521138,0.95821524,0.9477445,0.91522074,0.9664699,0.9663314,0.95014805,0.961654,0.96974283,0.9630951,0.94283915,0.9611842,0.964745,0.95894194,0.9617368,0.95822453,0.95833224,0.9639518,0.9756546,0.97631437,0.95517427,0.9599867,0.9532693,0.9560927,0.94803995,0.9586161,0.96007824,0.9654479,0.95863533,0.95576966,0.9642034,0.97025037,0.96720445,0.95626175,0.9744793,0.9647212,0.9509806,0.94717306,0.96831167,0.60298413,0.94603926,0.9655579,0.9435491,0.96061283,0.90626884,0.9703638,0.96442664,0.94121015,0.95159334,0.95232457,0.96652746,0.9376928,0.96821284,0.96275425,0.9648729,0.9674155,0.9662405,0.97479534,0.95724267,0.96831167,0.9606158,0.9595162,0.96511716,0.9689122,0.9515035,0.96310186,0.9512448,0.9674012,0.95426685,0.9633423,0.95856315,0.96874124,0.98172265,0.9738874,0.9677237,0.955626,0.9591615,0.97213066,0.9628152,0.79804385,0.97537804,0.9138424,0.96041936,0.9601619,0.9708441,0.9506081,0.9673934,0.97115207,0.96749794,0.9625831,0.9652933,0.9396845,0.9718853,0.9488079,0.966839,0.9587932,0.94928056,0.9282077,0.9597298,0.96204126,0.9650581,0.9298903,0.9622288,0.96366644,0.9477067,0.9572452,0.9720954,0.9496892,0.9814725,0.96936494,0.95745134,0.9649485,0.963104,0.9670448,0.9599125,0.9580216,0.96492344,0.95966053,0.9440447,0.96125776,0.9735496,0.9393056,0.96116066,0.9603312,0.9572371,0.9690306,0.97046965,0.9679978,0.9814725,0.94756573,0.9666299,0.960902,0.9709967
apollo11movie,0.9629653,0.9521394,0.96829885,0.9509286,0.9687661,0.9444722,0.9650714,0.9698909,0.97847724,0.95193607,0.9615121,0.9513939,0.96243054,0.96751535,1.0,0.9585848,0.9506155,0.9601598,0.9652089,0.95970833,0.963875,0.9652809,0.9552878,0.95630014,0.9456841,0.86516637,0.9505969,0.94472754,0.9713003,0.95292735,0.96090275,0.9638849,0.94455105,0.9684903,0.93340904,0.9065614,0.96964306,0.96448857,0.9494413,0.9529428,0.9602015,0.9559596,0.940812,0.95260787,0.9598949,0.962943,0.95737153,0.95141536,0.94773763,0.95312226,0.9773111,0.96709096,0.9476581,0.9541705,0.9459642,0.96551234,0.9521833,0.9520472,0.9633211,0.9578929,0.94633156,0.9606937,0.95662475,0.9558351,0.9599684,0.951207,0.9635511,0.95986116,0.9573722,0.9404179,0.96632475,0.6290262,0.9455147,0.9562574,0.9316928,0.96073896,0.90202826,0.9642232,0.9508891,0.934965,0.948448,0.94726175,0.96314347,0.9357345,0.97102576,0.9548427,0.96337336,0.9652736,0.9697153,0.96763533,0.95525235,0.96632475,0.95650005,0.9563681,0.9744035,0.9703664,0.95331997,0.9540585,0.95375603,0.95754164,0.9610913,0.9583691,0.9555185,0.9674506,0.96789825,0.97578484,0.9618556,0.9582004,0.9616467,0.95837903,0.9633208,0.81231844,0.96160907,0.9115184,0.9582634,0.9666582,0.967871,0.940595,0.970058,0.96655005,0.95937884,0.9509495,0.9588064,0.94603026,0.9692861,0.94969404,0.9600062,0.9628672,0.9547181,0.92775744,0.96372193,0.96677196,0.9600039,0.93219787,0.9492714,0.9584066,0.94912225,0.96062595,0.9671969,0.9515675,0.97847724,0.96743715,0.96090496,0.96352,0.9543707,0.96054286,0.951213,0.94314975,0.9607707,0.96384317,0.94939435,0.95518875,0.9603971,0.94480383,0.9619245,0.96504295,0.9475877,0.9673835,0.96393645,0.9614313,0.97847724,0.9477848,0.96120936,0.95995724,0.9687207
arcticdogsmovie,0.96338934,0.9716453,0.97022474,0.9557749,0.9630564,0.9520549,0.97123265,0.95659333,0.98322415,0.96240455,0.96333045,0.9633622,0.97095954,0.965665,0.9585848,1.0,0.96561533,0.95146555,0.95961577,0.9415866,0.9549886,0.9697173,0.9665627,0.9676655,0.96816885,0.86177427,0.9529163,0.9622935,0.9716043,0.96079004,0.9657551,0.9636856,0.96284276,0.9590795,0.9507153,0.9235583,0.9720252,0.9749855,0.9669357,0.9591958,0.96606886,0.9710595,0.94240254,0.9758644,0.961985,0.9595041,0.9677759,0.96388584,0.9607097,0.9735827,0.97149485,0.9656773,0.96733683,0.95956296,0.96189284,0.9504712,0.9475564,0.9704906,0.9663034,0.9596585,0.95128363,0.96712506,0.96470916,0.9700365,0.9595822,0.9610003,0.9694703,0.95619506,0.9609346,0.9587886,0.96428907,0.5899326,0.94304115,0.9699835,0.9592203,0.96166563,0.9308026,0.96862817,0.9597551,0.9563592,0.95388615,0.9728548,0.96658164,0.95074004,0.97289664,0.9620935,0.9720847,0.9740308,0.9623232,0.96933544,0.96104854,0.96428907,0.95919687,0.9618251,0.96542054,0.96455556,0.9699967,0.95804,0.9528595,0.9537035,0.96036255,0.9676102,0.96770793,0.96368223,0.97202677,0.96860105,0.95387065,0.9739093,0.9678337,0.95522636,0.9700328,0.7983805,0.9721255,0.9323225,0.9644939,0.9649546,0.9722748,0.9610611,0.9714905,0.9663774,0.97122777,0.9695933,0.968445,0.93949115,0.9706307,0.965959,0.9596677,0.9572645,0.9537802,0.94149846,0.9631269,0.9544109,0.95888793,0.93961525,0.97302264,0.9618069,0.9567689,0.9599699,0.9680366,0.94574445,0.98322415,0.9708166,0.9590329,0.9708812,0.9555465,0.96846914,0.955873,0.95867234,0.9645433,0.9749248,0.9644517,0.96570486,0.9714288,0.94245815,0.9565781,0.96304905,0.96241814,0.96173435,0.97165644,0.9700228,0.98322415,0.9519335,0.96295315,0.9734815,0.9684836
arcticmovie,0.9610686,0.9626454,0.96047306,0.9548966,0.96590257,0.95123315,0.9627878,0.96182406,0.98002064,0.94379795,0.96137494,0.95436186,0.96552086,0.9673696,0.9506155,0.96561533,0.9999996,0.94809574,0.9535228,0.9444396,0.9542834,0.96333116,0.9698099,0.97073543,0.95409256,0.8670296,0.9444843,0.96997744,0.961149,0.9521807,0.94811857,0.9630345,0.9509552,0.9533152,0.94646496,0.9139653,0.97337246,0.9619704,0.95742583,0.9641174,0.97663707,0.9616573,0.9428091,0.9674302,0.95363057,0.9533069,0.97102404,0.9563412,0.9490293,0.966955,0.96793264,0.9680002,0.95985967,0.95726925,0.96650416,0.9539426,0.94844115,0.9591243,0.9659332,0.9672725,0.95782816,0.9563986,0.9608691,0.9616448,0.97307897,0.9491231,0.9582177,0.9646933,0.9470434,0.9593637,0.9725201,0.5829227,0.9433751,0.96890116,0.95924646,0.96016973,0.91084033,0.9664778,0.96353436,0.94005615,0.94624096,0.95279396,0.9669218,0.93859035,0.96626145,0.9606302,0.9580492,0.9626562,0.9635393,0.9681956,0.9498509,0.9725201,0.95924425,0.9588199,0.9623193,0.959948,0.9530239,0.96113867,0.9456777,0.95605314,0.9626749,0.96211296,0.9538079,0.9663204,0.9656771,0.9655781,0.9620783,0.957144,0.9593267,0.95439583,0.9578641,0.774265,0.9626658,0.92225385,0.9658438,0.9503985,0.9672169,0.94995713,0.9655606,0.96193224,0.9633286,0.9655077,0.96646863,0.9453423,0.9605531,0.95352775,0.9583185,0.9447228,0.95292556,0.93458825,0.958105,0.95648474,0.9778751,0.95472485,0.956999,0.95726216,0.9563812,0.94862854,0.9699739,0.93824375,0.98002064,0.9512751,0.9489834,0.9602773,0.95793337,0.9660763,0.9544646,0.9637892,0.9626307,0.9719697,0.9471848,0.95522845,0.97068095,0.93338597,0.9532654,0.9657131,0.9696271,0.9659184,0.9668584,0.96316576,0.98002064,0.9504702,0.967415,0.96957666,0.9645115
artofracingmovie,0.95369995,0.95110273,0.9526973,0.9367197,0.9709265,0.92845005,0.9636255,0.9441955,0.9707413,0.95385677,0.9467686,0.9381966,0.95555663,0.9467033,0.9601598,0.95146555,0.94809574,0.99999964,0.9492175,0.95639366,0.95475596,0.9546807,0.95703906,0.95472777,0.93032146,0.84277743,0.9429852,0.93084806,0.94513905,0.956267,0.94073844,0.9568501,0.94979775,0.9522485,0.9443213,0.932203,0.9564964,0.96023077,0.9586194,0.9490962,0.9584402,0.9505275,0.93172646,0.9469625,0.9536704,0.9604992,0.9596204,0.9458359,0.9515254,0.94994426,0.9564408,0.9592979,0.9317608,0.93463975,0.94326425,0.9626363,0.94732785,0.94754213,0.9422335,0.9559404,0.9524155,0.9434878,0.9416515,0.94767946,0.95337987,0.9451608,0.9535418,0.9579978,0.9366418,0.93985593,0.95494556,0.6454392,0.93594885,0.94775647,0.92813545,0.95933646,0.92463833,0.9530828,0.94402,0.9281026,0.9306665,0.9473511,0.9539812,0.94787794,0.955414,0.93268186,0.9600958,0.9600729,0.95635355,0.96104616,0.9409087,0.95494556,0.94336975,0.9563174,0.95204276,0.95127386,0.93791604,0.94021446,0.94420934,0.94960177,0.9613548,0.9428937,0.94855607,0.95120716,0.95365995,0.95310855,0.95342195,0.96120626,0.9267725,0.94533944,0.9512629,0.79876906,0.9490446,0.92128384,0.9496199,0.96387315,0.95899963,0.93174493,0.94435096,0.95491743,0.9525537,0.9519041,0.94913125,0.92409426,0.96363735,0.94614536,0.95709306,0.9347944,0.96436805,0.93238485,0.9500757,0.96399015,0.959546,0.9328946,0.94670254,0.95622534,0.94568664,0.9351831,0.95437753,0.9667404,0.9707413,0.9471792,0.96744096,0.94702584,0.9421204,0.95328295,0.94289273,0.9491106,0.9522418,0.9547473,0.95029604,0.95240426,0.9576474,0.93911934,0.94234824,0.95234644,0.9470703,0.9537741,0.9528366,0.95004594,0.9707413,0.9530138,0.9546232,0.9561622,0.9524586
avengers,0.9799428,0.9697126,0.96173817,0.95709336,0.96868867,0.9514005,0.9745103,0.9610484,0.9766439,0.95938796,0.95531064,0.94348776,0.95646006,0.96201116,0.9652089,0.95961577,0.9535228,0.9492175,1.0,0.9598784,0.9629105,0.95518106,0.9570508,0.9631868,0.9632107,0.85291475,0.9469083,0.94844055,0.9595914,0.95581025,0.9800896,0.95426404,0.95342636,0.9565321,0.9366647,0.9049598,0.96689755,0.96626455,0.9546581,0.9517576,0.9677276,0.9546822,0.9443723,0.9550018,0.96281844,0.9550655,0.9566028,0.9592078,0.9544294,0.9586026,0.9640521,0.96272206,0.9621874,0.951848,0.9551838,0.9713104,0.9397391,0.9521646,0.9749277,0.96111566,0.9511888,0.95496225,0.9598286,0.96244925,0.9608655,0.943148,0.9584317,0.94808996,0.9544805,0.9407997,0.9605618,0.5949814,0.94865084,0.9563796,0.9378357,0.9574026,0.89136255,0.9617679,0.9591628,0.95637774,0.94637036,0.949057,0.9595555,0.9363518,0.9663465,0.9588626,0.9579967,0.9546184,0.95651835,0.97362626,0.9549102,0.9605618,0.9573661,0.95599437,0.9565599,0.9643547,0.9541253,0.96229243,0.95955586,0.9421147,0.9539295,0.9648217,0.9464789,0.9577902,0.96427023,0.9635398,0.9617921,0.96291506,0.9514003,0.95119214,0.95991915,0.80259967,0.9682769,0.898132,0.9691797,0.95959413,0.96848845,0.94895875,0.9657836,0.96935683,0.9592773,0.9661886,0.9622237,0.9247503,0.9684876,0.96302843,0.9485835,0.9626877,0.9564566,0.9277588,0.9650618,0.9671842,0.9592115,0.93071914,0.9631386,0.9643308,0.9534429,0.95229834,0.96487266,0.9360486,0.9766439,0.9556403,0.9578541,0.9577926,0.9505887,0.9566381,0.9502422,0.9454314,0.9580927,0.96654326,0.9652806,0.96353835,0.96744454,0.9606274,0.96016353,0.9610219,0.94871384,0.9596722,0.9599667,0.96970206,0.9766439,0.95299953,0.9637002,0.96316683,0.9518168
beachbummovie,0.9523482,0.95083874,0.95152795,0.932367,0.9554771,0.9321904,0.9568631,0.9534152,0.96542305,0.9430109,0.9379407,0.9336157,0.9363663,0.9547643,0.95970833,0.9415866,0.9444396,0.95639366,0.9598784,0.9999998,0.9542163,0.9533165,0.94256383,0.9599076,0.93299407,0.8608995,0.93903095,0.9346478,0.9461304,0.95017195,0.94931394,0.9482861,0.9355757,0.94237506,0.9282458,0.9008624,0.9457493,0.9459156,0.93690646,0.93411964,0.9530106,0.93880427,0.9332761,0.93552047,0.948131,0.9558118,0.9481212,0.9458495,0.93160117,0.9426002,0.9547103,0.95210975,0.93786114,0.93196344,0.9493506,0.9655456,0.9339875,0.931827,0.94893116,0.95909804,0.94857574,0.9442415,0.9431128,0.9480274,0.9455375,0.9332208,0.9476554,0.9414207,0.92912036,0.9392216,0.95523834,0.61570525,0.9242255,0.9477916,0.9301937,0.9448238,0.887454,0.9423397,0.94251645,0.93492144,0.9351697,0.9273657,0.9510844,0.9234385,0.94571996,0.9395025,0.9476911,0.94177675,0.9453724,0.9553541,0.9497846,0.95523834,0.9416279,0.9528382,0.94533145,0.95076233,0.9379949,0.96312714,0.94127333,0.9373093,0.9532754,0.9582471,0.94612813,0.94437957,0.94908845,0.9485179,0.9559366,0.95016235,0.9371462,0.9329007,0.9484922,0.79485655,0.95749277,0.88695556,0.9498984,0.9398342,0.95095134,0.92806464,0.9512118,0.9505939,0.95332575,0.9510826,0.9446559,0.91896224,0.9599704,0.9411253,0.9424033,0.9324081,0.945868,0.9052323,0.9483576,0.9547006,0.95631033,0.9253766,0.94490147,0.9500112,0.93626994,0.9373663,0.95345205,0.94793856,0.96542305,0.94435155,0.94702035,0.95111877,0.94724363,0.94344413,0.9326738,0.93525285,0.9505156,0.94409615,0.94384587,0.95565,0.9469831,0.93952984,0.93734026,0.9521074,0.93777144,0.94839287,0.95053947,0.9414186,0.96542305,0.9468504,0.96049505,0.9434402,0.94412714
bernadettefilm,0.9645682,0.9585953,0.96941394,0.9510049,0.9693011,0.947444,0.9720317,0.9723958,0.9801677,0.96441346,0.95890754,0.9408935,0.95593554,0.9572046,0.963875,0.9549886,0.9542834,0.95475596,0.9629105,0.9542163,0.99999976,0.96003085,0.9635574,0.9682747,0.9558369,0.87314165,0.95255935,0.9545525,0.96231043,0.95719767,0.9596017,0.9569747,0.95477027,0.9472242,0.94003636,0.9096323,0.9740515,0.97082335,0.9591824,0.9560103,0.95865387,0.95781845,0.93705976,0.95474994,0.97122616,0.9667074,0.96803105,0.9677825,0.9511982,0.9553513,0.968015,0.9677484,0.9618532,0.9647224,0.9563208,0.9656306,0.9512566,0.9534078,0.96465105,0.9658741,0.94122726,0.958488,0.964071,0.96153617,0.96689177,0.94346213,0.9641081,0.96008533,0.95741296,0.94440293,0.96818715,0.62943614,0.93189174,0.96573585,0.9381728,0.9623864,0.8945048,0.9617376,0.956001,0.9515477,0.95174843,0.9535127,0.95686823,0.9431149,0.96896607,0.9623895,0.96668404,0.96298504,0.9712742,0.96951914,0.95251113,0.96818715,0.9558898,0.9516465,0.96969277,0.9608929,0.95664877,0.9588115,0.9569747,0.9478318,0.963978,0.96637994,0.9642539,0.96987504,0.9589348,0.96820706,0.9664913,0.9651456,0.9491342,0.94918084,0.9728974,0.79514843,0.962793,0.9074695,0.97577244,0.9607345,0.9649102,0.94604546,0.96707016,0.9642817,0.9518708,0.95915943,0.9620878,0.9301645,0.97321016,0.96291006,0.9575512,0.9563142,0.96582496,0.9228295,0.98077697,0.9701411,0.9585249,0.93869513,0.95365167,0.96196216,0.946434,0.950578,0.9612447,0.93874246,0.9801677,0.9632314,0.9602364,0.95658183,0.94974536,0.9634,0.94814616,0.94646955,0.96568847,0.96621054,0.96864617,0.9653099,0.9556227,0.95402104,0.96449643,0.9570427,0.94638073,0.9647787,0.96020335,0.9604365,0.9801677,0.96094733,0.9704964,0.96542084,0.9540008
