movie,21bridgesmovie,47metersdown,abeautifuldaymovie,abominablemovie,adastramovie,adogsjourneymovie,aftermathmovie,aftermovie,ahiddenlifefilm,alitamovie,angelhasfallen,angrybirdsmovie,annabellemovie,annamovie,apollo11movie,arcticdogsmovie,arcticmovie,artofracingmovie,avengers,beachbummovie,bernadettefilm,blackandbluemovie,blackchristmas,blindedbythelightmovie,bombshellmovie,booksmart,breakthroughmovie,brianbanksmovie,brightburnmovie,brittanyrunsmov,captainmarvelofficial,captivestatemovie,catsmovie,charliesangels,childsplaymovie,clarathefilm,coldpursuitmovie,countdown,currentwarmovie,darkwatersmovie,detectivepikachumovie,disneyaladdin,disneyfrozen,disneymaleficent,doctorsleepmovie,dolemiteismyname,dontletgomovie,doramovie,downtonabbey_official,dumbo,escaperoom,everybodyknowsmovie,fastandfuriousmovie,fightingwmyfam,fivefeetapartfilm,fordvferrari,freaksthefilm,geminimanmovie,glassmovie,gloriabellmovie,godzillamovie,goldfinchmovie,goodboysmovie,goodliarmovie,gretafilm,halathemovie,happydeathdaymovie,harrietfilm,hellboymovie,hersmellmovie,highlifemovie,highstrungmovie,honeyboymovie,hotelmumbaifilm,httydragon,hustlemovie,hustlersmovie,isntitromantic,itmovieofficial,jayandsilentbob,johnwickmovie,jojorabbitmovie,jokermovie,judythefilm,jumanjimovie,justmercyfilm,knivesout,lalloronamovie,lastblackmansf,lastchristmasthemovie,latenightmovie,lighthousemovie,lionking,littlethemovie,littlewomenmovie,littlewoodsfilm,longshotmovie,lordsofchaosmovie,lucyintheskyfilm,mamovie2019,marriagestory,meettheaddams,meninblack,midsommarmovie,midwaymovie,missbalamovie,missinglinkfilm,motherlessbklyn,onceinhollywood,onthebasisofsex,overcomermovie,peanutbutterfalcon,petsematarymovie,piercingmovie,playingwithfire,playmobilthemovie,pomsmovie,queenandslim,rambomovie,readyornotfilm,richardjewellfilm,rocketmanmovie,scarystoriesmovie,secretlifeofpets,serenityfilm,shaftmovie,shazammovie,spidermanmovie,spiesindisguise,starwars,stormboymovie,stubermovie,taosdfilm,teenspiritmov,terminator,theaeronautsmov,thebestofenemies,thedeaddontdie,thefarewell,thehighwaymen,thehummingbirdprojectfilm,theintrudermovie,theirishmanfilm,thekitchenmovie,thelegomovie,themustangfilm,thenightingalefilm,theprodigymovie,thesunisalsoastar,theupsidefilm,tolkienmovie,toystory,triplefrontier,uglydolls,uncutgems,underthesilverlake,usmovie,wavesmovie,whatmenwant,wonderparkmovie,wrinklestheclown,xmenmovies,yardiefilm,yesterdaymovie,zombieland
21bridgesmovie,1.0000001,0.9494557,0.95191044,0.9601858,0.95271313,0.9468578,0.96235174,0.94823515,0.9758806,0.95539236,0.95549476,0.94662434,0.95180327,0.95106936,0.9534373,0.95155823,0.95318496,0.9535522,0.97099715,0.9492274,0.95065176,0.95037127,0.95909053,0.9548077,0.9548339,0.8798201,0.9530579,0.9521606,0.9585187,0.9511735,0.960133,0.9432316,0.947795,0.93920755,0.94554996,0.94414234,0.957809,0.97336715,0.96061534,0.94683933,0.94679296,0.9567092,0.9522115,0.9563985,0.956984,0.9598457,0.94820976,0.9558556,0.9490198,0.95814425,0.95700157,0.95736444,0.95024496,0.94838864,0.9505459,0.94557875,0.93684447,0.964376,0.9552274,0.938099,0.9428055,0.9626547,0.95957834,0.9562276,0.9450936,0.94854647,0.9488802,0.9406613,0.9413012,0.9606246,0.9511712,0.7798985,0.9335399,0.94812065,0.95352775,0.9479064,0.9327336,0.96113026,0.9442118,0.9340544,0.9458626,0.95257145,0.95603347,0.95876116,0.9522872,0.9507303,0.9467077,0.94522613,0.9503326,0.9603798,0.96462643,0.9511712,0.9529207,0.9479339,0.9574172,0.9567951,0.9521334,0.95337737,0.94997543,0.938199,0.96039194,0.95144534,0.9372474,0.9573534,0.9594111,0.95663637,0.95983434,0.9564399,0.9234971,0.9356326,0.9640643,0.8407529,0.9638446,0.914866,0.958665,0.966366,0.98614734,0.9346918,0.9520918,0.95655066,0.9490237,0.9515507,0.9666651,0.9513685,0.95735866,0.9541114,0.94706345,0.9597344,0.95617616,0.9495092,0.94635665,0.9621946,0.9453819,0.9518434,0.96427315,0.95261425,0.96451354,0.94283223,0.9593547,0.9702934,0.9758806,0.95022184,0.948287,0.95372874,0.9429105,0.94396824,0.93895835,0.9470233,0.95442694,0.96392256,0.9579822,0.9530267,0.95809394,0.9526038,0.9353652,0.94753003,0.9448932,0.93478405,0.95651627,0.96244234,0.9758806,0.9485426,0.9638171,0.95718336,0.948134
47metersdown,0.9494557,1.0,0.94836754,0.953313,0.9433317,0.95026344,0.9531399,0.9557836,0.96976644,0.95633245,0.9392531,0.9368971,0.9458997,0.94925594,0.95045626,0.9631177,0.9448602,0.9360383,0.93753767,0.9432477,0.94330966,0.95366096,0.9534165,0.9508244,0.9362758,0.8548987,0.9415593,0.9570381,0.95711523,0.95615745,0.9407703,0.93434066,0.94071525,0.9350754,0.9472875,0.92928565,0.9506176,0.94392353,0.9564776,0.9351437,0.93395275,0.9491073,0.94012994,0.94496137,0.94079703,0.9446819,0.9481679,0.9388214,0.9434107,0.9475138,0.9552016,0.9585605,0.9566625,0.9547691,0.93446887,0.9340716,0.9472779,0.9549046,0.93307465,0.9448436,0.9417557,0.9532102,0.94065964,0.94298893,0.95492727,0.9382253,0.9374529,0.95132923,0.94024277,0.9418182,0.95394754,0.7731499,0.9332674,0.94548386,0.95218253,0.9418555,0.91515005,0.9429297,0.95094734,0.9207463,0.9365647,0.9463856,0.94724566,0.95606756,0.93648785,0.94128937,0.93372416,0.95215166,0.94736123,0.9440073,0.9636038,0.95394754,0.936985,0.9410766,0.94449145,0.94911575,0.9393824,0.94123685,0.9387337,0.9345153,0.9386889,0.9371488,0.94391274,0.9517966,0.9606543,0.9522839,0.9461591,0.9525343,0.9217735,0.9391122,0.9583097,0.820154,0.95870125,0.9185833,0.94561535,0.9514171,0.9579625,0.9576091,0.95744866,0.9478633,0.9369395,0.9371045,0.95694184,0.94600654,0.9404048,0.9381753,0.9514656,0.9466867,0.93776846,0.91816694,0.94105065,0.94262433,0.9448254,0.94569665,0.9579294,0.95786893,0.9492093,0.95087576,0.94952977,0.9518077,0.96976644,0.9560396,0.938749,0.939883,0.9435761,0.945548,0.9312209,0.9464275,0.956375,0.9476264,0.9512097,0.9567493,0.9489437,0.92896897,0.9303893,0.95141006,0.95057064,0.9461337,0.95533496,0.95294666,0.96976644,0.9286414,0.94890803,0.95568573,0.9436893
abeautifuldaymovie,0.95191044,0.94836754,1.0000001,0.94801426,0.95584166,0.9322875,0.969222,0.9592897,0.97825503,0.95816153,0.95977,0.9639159,0.952486,0.9481977,0.96013474,0.9573834,0.9500289,0.9548893,0.94898,0.9522343,0.9439136,0.9725465,0.969147,0.9629949,0.94446975,0.88988835,0.94568336,0.95148695,0.9773791,0.9623227,0.94953436,0.9553994,0.954406,0.96543497,0.93838847,0.94230705,0.9639384,0.9524569,0.9543693,0.94647735,0.95576936,0.9657228,0.9414522,0.9580839,0.95907366,0.96422863,0.9598424,0.9540611,0.9483738,0.9603642,0.9769632,0.9632319,0.9579663,0.9515743,0.9630063,0.9487048,0.9489246,0.95621246,0.943329,0.94684315,0.9598616,0.9432092,0.95851374,0.9540145,0.9530335,0.9574797,0.95201117,0.9442402,0.9494536,0.94751966,0.956609,0.78499365,0.9383066,0.95173675,0.9486031,0.9444582,0.9379946,0.9563881,0.93780863,0.93534887,0.94792956,0.96623874,0.96173435,0.94953924,0.96181506,0.9545411,0.93420815,0.9527678,0.9601999,0.9563087,0.96292937,0.956609,0.94701993,0.9594764,0.970107,0.9630016,0.94568014,0.952578,0.9626975,0.9540731,0.96198756,0.9381528,0.96204877,0.9495889,0.95019466,0.97343934,0.95984924,0.9654422,0.9536242,0.94891584,0.9630565,0.85404724,0.95256126,0.9076309,0.95532805,0.9511368,0.96310836,0.95014805,0.9612991,0.95801455,0.94992393,0.95268154,0.96729106,0.94960856,0.9537706,0.955719,0.94659364,0.9625057,0.9477485,0.93263465,0.9567361,0.96086454,0.9420261,0.95383483,0.95245844,0.95266193,0.9571677,0.9458973,0.9575309,0.9666453,0.97825503,0.97103995,0.9618096,0.9477672,0.95646346,0.95174694,0.9451913,0.9554421,0.95773387,0.96217495,0.9677443,0.9645908,0.96012473,0.9296613,0.9336396,0.94792056,0.9619945,0.95306796,0.9552982,0.94111425,0.97825503,0.93987465,0.9614118,0.9589557,0.9708433
abominablemovie,0.9601858,0.953313,0.94801426,0.9999997,0.9389785,0.9366588,0.95586354,0.9490264,0.9706929,0.94827646,0.9501814,0.93992007,0.94857305,0.9361939,0.9528713,0.95308644,0.93796194,0.9446233,0.94251263,0.9478129,0.94194645,0.9452283,0.9612551,0.95495903,0.9386027,0.87113404,0.9365049,0.9447713,0.95631087,0.942613,0.927946,0.9314555,0.94146967,0.94045144,0.9466712,0.9406262,0.9514712,0.9508019,0.95413595,0.94372827,0.93603224,0.9538191,0.95049334,0.94197595,0.95162326,0.963781,0.95472926,0.95122117,0.9568497,0.94529885,0.9554737,0.96033055,0.9596597,0.949451,0.9448644,0.9304019,0.93158686,0.95178896,0.946302,0.9398817,0.9369885,0.95462316,0.9592823,0.9518744,0.9555696,0.9542449,0.94046724,0.9511842,0.9352616,0.95412636,0.9517861,0.77757365,0.93053335,0.9474513,0.95317644,0.9396286,0.9283297,0.9457957,0.94551,0.9322642,0.94307935,0.9592386,0.9434897,0.95524704,0.9519384,0.936204,0.94668084,0.9517806,0.94838995,0.95530117,0.95172703,0.9517861,0.94792086,0.9587136,0.95198005,0.9611897,0.94374824,0.94475675,0.9436963,0.9352112,0.959735,0.9441887,0.9435875,0.95480025,0.9441975,0.9542564,0.947307,0.95140195,0.9343768,0.94109225,0.953711,0.8250824,0.9537287,0.92413735,0.95448244,0.94326615,0.958705,0.94318765,0.9605798,0.94840306,0.9361843,0.9408541,0.95375663,0.94717634,0.9485612,0.9391487,0.9451607,0.9412982,0.94707495,0.9265691,0.9398303,0.950701,0.940542,0.95567626,0.9477262,0.94454336,0.9478575,0.9432842,0.9504951,0.9645619,0.9706929,0.94468445,0.95367134,0.93690586,0.94032544,0.955394,0.927511,0.95265514,0.9396142,0.94778824,0.95714056,0.9439402,0.9528827,0.93974024,0.93683094,0.9455834,0.9508121,0.9468113,0.9504524,0.9528757,0.9706929,0.9324455,0.94865716,0.95520186,0.9496767
adastramovie,0.95271313,0.9433317,0.95584166,0.9389785,0.9999997,0.94516325,0.95297474,0.93448484,0.9689151,0.9601397,0.9529992,0.936375,0.9365394,0.9498051,0.9427132,0.95444334,0.94595,0.97070843,0.9318015,0.9317841,0.9321992,0.9400856,0.9602187,0.939586,0.94520736,0.8876803,0.9619801,0.94225883,0.9479433,0.94681406,0.94063777,0.93541336,0.94505876,0.9400459,0.9322478,0.9272909,0.9517225,0.9414812,0.95133674,0.93238485,0.9449793,0.9408652,0.94802755,0.956048,0.9549292,0.9381091,0.96060264,0.9488467,0.9465205,0.94835377,0.9456596,0.95490104,0.9459709,0.9319817,0.94092715,0.9630984,0.94922525,0.937924,0.94101065,0.9318981,0.94636625,0.9355794,0.9530859,0.9454355,0.940368,0.92555726,0.9296577,0.94297326,0.94374454,0.9395528,0.94389415,0.7569678,0.93147326,0.93506867,0.9386741,0.93744385,0.9463379,0.94368887,0.9460074,0.93555826,0.94779843,0.93628746,0.9412078,0.93950665,0.92963505,0.9473618,0.9452018,0.94227016,0.9416332,0.9504985,0.95682853,0.94389415,0.9398859,0.9464497,0.9453515,0.9457612,0.9414967,0.9398165,0.95679456,0.9435262,0.9480502,0.93372035,0.94133365,0.9407559,0.9590125,0.9484518,0.9536418,0.9479081,0.92575204,0.9354708,0.9499131,0.84489423,0.95454377,0.90959436,0.93683696,0.9439774,0.964674,0.9356855,0.95397663,0.9451453,0.9401601,0.9467894,0.9557244,0.9375768,0.9497668,0.93980646,0.94345856,0.9407867,0.94242185,0.9279308,0.95511836,0.95762414,0.9348171,0.9447181,0.9438004,0.94610393,0.95009536,0.93403053,0.944289,0.9613206,0.9689151,0.94738644,0.9379998,0.9430153,0.9353452,0.9368983,0.9404702,0.936275,0.9391055,0.9397549,0.952006,0.94673026,0.94914097,0.9401331,0.91901535,0.9394666,0.9470434,0.9339436,0.9461313,0.93458736,0.9689151,0.95307153,0.955207,0.95157504,0.9465566
adogsjourneymovie,0.9468578,0.95026344,0.9322875,0.9366588,0.94516325,1.0000001,0.95137274,0.9580943,0.9700534,0.9550975,0.94887185,0.9326475,0.93592966,0.9501214,0.95046616,0.9509917,0.95320064,0.9433768,0.9415893,0.93676096,0.9469882,0.94246334,0.9587594,0.9418611,0.9484759,0.87704045,0.94835395,0.94780743,0.94819,0.93992305,0.95869005,0.9332008,0.94415355,0.9233366,0.93132305,0.94371814,0.94875574,0.9354606,0.94524497,0.94358635,0.9219256,0.94320816,0.9450801,0.94941956,0.94513434,0.94479764,0.9519365,0.95306265,0.94405,0.951147,0.9405379,0.94416064,0.95085144,0.93257064,0.9289684,0.9412111,0.946946,0.9538761,0.9540652,0.9401701,0.92206246,0.9612187,0.9393326,0.9422239,0.9444251,0.9206873,0.92898846,0.93750393,0.9408003,0.936114,0.95329165,0.78522736,0.9413146,0.9347994,0.95209867,0.94675946,0.930259,0.94634503,0.95522726,0.9445748,0.944522,0.94409996,0.938804,0.95779365,0.93132246,0.9373538,0.9394095,0.9472567,0.94798136,0.9443906,0.9510137,0.95329165,0.9367142,0.9327533,0.928328,0.9387393,0.93722373,0.9433617,0.9334623,0.93914336,0.9409428,0.95167464,0.9530533,0.94528115,0.9468213,0.93794596,0.9500933,0.95214826,0.9184143,0.9380315,0.9567011,0.8512054,0.9600833,0.92141527,0.9379247,0.9446397,0.94533503,0.94436455,0.9467635,0.94362867,0.93340796,0.9477119,0.95298606,0.967503,0.94881076,0.9502804,0.9650129,0.9418987,0.92674553,0.93548995,0.93769044,0.94181,0.95473695,0.9435687,0.9600784,0.95334446,0.9375442,0.9403078,0.9557132,0.9454191,0.9700534,0.9474611,0.9470656,0.9500641,0.932811,0.9464743,0.92935216,0.92663497,0.944938,0.9307943,0.9429908,0.9423547,0.9571888,0.9360323,0.94427955,0.9394058,0.95477396,0.94227934,0.95673156,0.95928603,0.9700534,0.9399188,0.9520617,0.9626172,0.94423795
aftermathmovie,0.96235174,0.9531399,0.969222,0.95586354,0.95297474,0.95137274,0.9999998,0.96457916,0.98406327,0.96631426,0.9639172,0.95184857,0.95340234,0.9592969,0.957821,0.961019,0.9526496,0.9568747,0.9602496,0.9567786,0.95689446,0.9646119,0.97006196,0.9584571,0.95208424,0.8910884,0.95585734,0.953503,0.96878654,0.96151793,0.96193784,0.9637726,0.9573503,0.9564187,0.9477443,0.94975805,0.96868634,0.95277184,0.9653262,0.96597487,0.94719595,0.96078724,0.9421026,0.95716554,0.9658816,0.9694608,0.9614623,0.9632658,0.960101,0.9554963,0.9646318,0.9726522,0.9612026,0.9518703,0.9615062,0.9491734,0.958317,0.96651244,0.9622142,0.9551862,0.953654,0.9548689,0.96462536,0.9701206,0.9659606,0.9582726,0.95194715,0.95194805,0.9574504,0.95417744,0.96616215,0.7882378,0.9456505,0.95323366,0.95841783,0.9523173,0.93259794,0.9625258,0.95596075,0.9474746,0.94817823,0.9752328,0.9575303,0.96752465,0.9510557,0.954089,0.9409634,0.9546217,0.96912557,0.9616155,0.9634628,0.96616215,0.9566558,0.95683515,0.9587677,0.9603078,0.95560426,0.9625242,0.97015107,0.9438467,0.96632236,0.95330626,0.95346516,0.966769,0.9519004,0.95978445,0.9686719,0.96408033,0.94000745,0.9526039,0.96882045,0.84699684,0.9647919,0.9138643,0.95919806,0.9552015,0.96324974,0.9552291,0.9560063,0.98975724,0.95375323,0.96252626,0.97553617,0.9534551,0.9609607,0.96002907,0.9540814,0.96011823,0.95690584,0.9387799,0.9598351,0.96239734,0.9488172,0.953757,0.96800274,0.9566162,0.9489186,0.9573818,0.96467066,0.96768576,0.98406327,0.96468043,0.9625691,0.96003383,0.95709807,0.9679968,0.9523954,0.9504689,0.958932,0.95067215,0.98563033,0.9534546,0.97599596,0.9381259,0.9462101,0.95811045,0.96243936,0.9590678,0.9615729,0.95482564,0.98406327,0.94717747,0.9672363,0.96381545,0.958601
aftermovie,0.94823515,0.9557836,0.9592897,0.9490264,0.93448484,0.9580943,0.96457916,1.0000006,0.981135,0.9569348,0.96257436,0.9572166,0.94941735,0.95178735,0.9675401,0.9518137,0.9475213,0.9438485,0.9492969,0.9540925,0.95635253,0.96569085,0.9604243,0.96803015,0.94802636,0.8934238,0.9433423,0.95420104,0.9680337,0.9522193,0.96204144,0.94759685,0.95237297,0.94741786,0.94601405,0.94305456,0.96689945,0.93996215,0.9668018,0.95711017,0.93287224,0.96512586,0.9462321,0.96374315,0.9522532,0.9547336,0.9503422,0.95883214,0.9575806,0.96617216,0.963722,0.9610686,0.96096575,0.9548728,0.951712,0.9413278,0.95018196,0.963663,0.95671207,0.95222056,0.94342226,0.96027005,0.94884485,0.9483782,0.9607839,0.95004624,0.95110565,0.9558811,0.94855756,0.94675374,0.9616477,0.78836143,0.9515961,0.95246214,0.9619401,0.94999784,0.9337554,0.96053106,0.95627785,0.95182073,0.9556479,0.9553202,0.9535388,0.9718346,0.94912064,0.9505413,0.9393561,0.96001995,0.95536387,0.96209276,0.96058315,0.9616477,0.9481058,0.95264584,0.95540893,0.96141636,0.9537247,0.952976,0.9537715,0.9430333,0.95557636,0.9486764,0.96406627,0.95829904,0.9474738,0.95744395,0.9639818,0.9643305,0.9514603,0.95372695,0.96301293,0.86234397,0.96025395,0.9195362,0.94840765,0.9494869,0.94829357,0.9638739,0.96043897,0.95557415,0.9401263,0.9519477,0.9653808,0.9560272,0.9600295,0.96247625,0.9575344,0.96058667,0.9487192,0.9432985,0.95404345,0.95281243,0.95472765,0.9564054,0.96010625,0.9580947,0.9445376,0.95372486,0.96023566,0.95728356,0.981135,0.9664511,0.9613763,0.9526827,0.95044917,0.9562895,0.9479071,0.9458026,0.95743173,0.9465152,0.96611845,0.9578535,0.96146363,0.9348721,0.9459548,0.95526063,0.9682364,0.9607942,0.9727835,0.9566632,0.981135,0.9393939,0.95881927,0.96568376,0.9648854
ahiddenlifefilm,0.9758806,0.96976644,0.97825503,0.9706929,0.9689151,0.9700534,0.98406327,0.981135,0.99999964,0.97719586,0.9803147,0.9692249,0.9712819,0.9723111,0.9757528,0.9747869,0.97108144,0.9705215,0.96480685,0.9657798,0.9697917,0.975785,0.9834327,0.97877675,0.9665022,0.9070924,0.969976,0.9720514,0.9805439,0.9717725,0.9719139,0.9670409,0.971589,0.96717244,0.9643793,0.96525246,0.98326576,0.96793324,0.9816154,0.974022,0.9615404,0.9782106,0.967149,0.9753319,0.97485024,0.978871,0.9764698,0.9747044,0.9746036,0.9759385,0.97934157,0.980236,0.97561437,0.9682913,0.96744704,0.9640291,0.9661733,0.9798023,0.97104883,0.968047,0.96648794,0.9697104,0.9735563,0.9728911,0.9729486,0.9670712,0.9636923,0.9670378,0.9698286,0.966691,0.98019564,0.79629433,0.9662712,0.96940356,0.97330916,0.9654771,0.95698714,0.9765638,0.96844494,0.9640505,0.96873,0.97617763,0.97360194,0.98135984,0.97019804,0.9698571,0.96487874,0.97466093,0.97648865,0.9771731,0.97916937,0.98019564,0.97008806,0.9752293,0.9764979,0.97568667,0.9672875,0.9730466,0.97528,0.9606211,0.9801049,0.9622832,0.9717846,0.9767811,0.96933734,0.976423,0.9809148,0.9810518,0.9591305,0.9682654,0.9808596,0.8740157,0.9791277,0.942543,0.97310895,0.9715506,0.980443,0.9709879,0.97602,0.9763959,0.96745336,0.97379845,0.98367023,0.9706079,0.97721225,0.97046477,0.97096765,0.97366333,0.96792644,0.9547091,0.9716621,0.97640246,0.96844614,0.97180444,0.9793791,0.97370905,0.96549344,0.9705271,0.97937924,0.9811973,0.99999964,0.97799295,0.97945434,0.9725318,0.97102547,0.9732576,0.9630898,0.9680089,0.9691448,0.9693562,0.9815186,0.97178984,0.9820852,0.95906293,0.96076316,0.972415,0.9780462,0.97602475,0.9777251,0.97148496,0.99999964,0.9637134,0.9802533,0.9824408,0.9758491
alitamovie,0.95539236,0.95633245,0.95816153,0.94827646,0.9601397,0.9550975,0.96631426,0.9569348,0.97719586,1.0000006,0.9554678,0.9477916,0.9471664,0.95388603,0.955494,0.9539664,0.9487781,0.9673447,0.9512969,0.93975216,0.9379456,0.9522575,0.9640102,0.962475,0.9509765,0.8755933,0.9470947,0.9491431,0.9616441,0.9624034,0.9608566,0.94534624,0.9566172,0.94769436,0.9469866,0.9389508,0.9618371,0.947556,0.9528983,0.94324917,0.9395064,0.95548135,0.94362694,0.9533351,0.95747566,0.94887394,0.9607407,0.95579416,0.94333774,0.95517534,0.9550629,0.95752656,0.957662,0.94851565,0.95321655,0.94393474,0.9464183,0.9510924,0.9488397,0.95606107,0.94626737,0.9450892,0.9601389,0.9527621,0.9575389,0.9451042,0.9386508,0.9497135,0.946811,0.9516787,0.9607287,0.80482376,0.93959445,0.94407624,0.95757776,0.94703877,0.94005954,0.9558617,0.960335,0.94288605,0.948885,0.95069945,0.95194125,0.95448977,0.9456644,0.9494844,0.95237386,0.95153034,0.9569895,0.95606315,0.95702356,0.9607287,0.9423444,0.94924456,0.94949746,0.95089924,0.9491549,0.9572252,0.9522434,0.9528413,0.9512561,0.9442189,0.9548718,0.9524356,0.9726087,0.9492316,0.96118003,0.95275044,0.9423139,0.948524,0.9590637,0.86987656,0.9635856,0.92622584,0.9469689,0.9475769,0.95696455,0.95956635,0.957783,0.9518206,0.94960374,0.9523888,0.9628639,0.9541947,0.95682114,0.95420504,0.9603372,0.9517231,0.9489768,0.9370773,0.94941926,0.96318245,0.9435842,0.9459024,0.9573939,0.96025383,0.952879,0.95732,0.95976526,0.9688508,0.97719586,0.95580983,0.9485163,0.95015144,0.9496384,0.95160323,0.946419,0.9426414,0.9476926,0.9422892,0.95876914,0.95321256,0.95469,0.9447469,0.94699925,0.9498538,0.957443,0.9583054,0.9525919,0.94969773,0.97719586,0.9427228,0.954696,0.9585377,0.95844805
angelhasfallen,0.95549476,0.9392531,0.95977,0.9501814,0.9529992,0.94887185,0.9639172,0.96257436,0.9803147,0.9554678,1.0000002,0.9489522,0.9516233,0.948919,0.96331733,0.9522431,0.9479742,0.94362855,0.9500177,0.95569175,0.9585493,0.9563978,0.96803415,0.9659869,0.95409214,0.89999264,0.95085925,0.9490515,0.9606997,0.9547415,0.9570079,0.9475743,0.9531822,0.9484291,0.95174986,0.94834423,0.9667103,0.94557005,0.96257967,0.9589533,0.95448047,0.96338177,0.9536771,0.9582376,0.959184,0.96411955,0.96377444,0.95310885,0.9536403,0.96217316,0.95754,0.96340024,0.9595474,0.93876076,0.9530184,0.946759,0.9510157,0.96256125,0.953388,0.9412063,0.9475351,0.9419414,0.9573247,0.95419675,0.95460397,0.95592517,0.94822854,0.94409525,0.9694835,0.9405312,0.9622384,0.7728031,0.94309074,0.9526097,0.96316355,0.94796246,0.9460707,0.9578535,0.9449357,0.9535133,0.96601087,0.95748985,0.9495616,0.9566636,0.95391315,0.9561661,0.95485383,0.95381296,0.9600412,0.9609982,0.9579391,0.9622384,0.95806783,0.9601105,0.9551889,0.9594985,0.96553385,0.960004,0.95801014,0.943575,0.9629628,0.9525126,0.94556135,0.95563376,0.93787295,0.9535894,0.967371,0.95603937,0.95558757,0.9535287,0.95678926,0.883883,0.95915955,0.9229035,0.96304405,0.9569403,0.9605379,0.943417,0.96535146,0.9615982,0.9452184,0.96292156,0.9693712,0.9598651,0.9590979,0.95698655,0.94767946,0.95521265,0.9483651,0.9473498,0.95880085,0.96056014,0.95339227,0.9485513,0.9562902,0.9528202,0.94412756,0.9564865,0.9647162,0.95791376,0.9803147,0.95378953,0.96482223,0.9483828,0.9555588,0.9505243,0.9418145,0.9499302,0.94239914,0.95117724,0.9652898,0.94639397,0.9695505,0.9316775,0.9417358,0.955048,0.96170723,0.9575794,0.9592053,0.948817,0.9803147,0.961361,0.95867044,0.96154886,0.9566067
angrybirdsmovie,0.94662434,0.9368971,0.9639159,0.93992007,0.936375,0.9326475,0.95184857,0.9572166,0.9692249,0.9477916,0.9489522,1.0000005,0.9403667,0.93918115,0.9509664,0.94573146,0.9385755,0.9461924,0.938107,0.945017,0.9442124,0.9544565,0.95365256,0.96475464,0.9259374,0.88717264,0.93475527,0.9490578,0.9576065,0.9486368,0.942027,0.9353441,0.9308462,0.9483149,0.9368892,0.93059736,0.9546497,0.94258195,0.95405525,0.94532686,0.9356983,0.95650804,0.94470084,0.94881254,0.93287,0.95426404,0.9448656,0.9518578,0.94464165,0.9537318,0.96301323,0.9513747,0.9436918,0.9404194,0.94042575,0.944866,0.9293071,0.9529699,0.9369257,0.93988574,0.9372506,0.94117916,0.9398201,0.9446913,0.93660337,0.9411579,0.93400055,0.93951887,0.9356094,0.9406176,0.9476603,0.7807435,0.9464022,0.9512044,0.94232565,0.9269892,0.92925245,0.93420386,0.9336873,0.9277095,0.9405413,0.94979954,0.9567859,0.947371,0.9518414,0.94312394,0.9287281,0.94072735,0.94421214,0.9440827,0.957145,0.9476603,0.93732786,0.9483031,0.96131194,0.9538503,0.9341133,0.9444671,0.94815016,0.9364764,0.9508203,0.92346305,0.948191,0.94639856,0.9354813,0.95541495,0.95572615,0.9571165,0.93645936,0.94447196,0.94930816,0.8502716,0.9373022,0.9020762,0.9437947,0.93635464,0.9510783,0.9395212,0.9482655,0.9482885,0.9511647,0.9355353,0.9539974,0.93162763,0.94304454,0.9399924,0.93591475,0.950713,0.94326055,0.92344743,0.94788766,0.94678736,0.93664414,0.9521503,0.95002055,0.9431201,0.9460886,0.9388295,0.9571704,0.9548678,0.9692249,0.9589435,0.95198655,0.9508755,0.94703424,0.9392893,0.932194,0.93825424,0.9430333,0.941962,0.952785,0.94346786,0.95300734,0.9279864,0.9290174,0.9382066,0.96205854,0.94353956,0.94674146,0.94007874,0.9692249,0.935194,0.9411619,0.95025563,0.9589913
annabellemovie,0.95180327,0.9458997,0.952486,0.94857305,0.9365394,0.93592966,0.95340234,0.94941735,0.9712819,0.9471664,0.9516233,0.9403667,1.0,0.9507628,0.9514316,0.94249666,0.95002294,0.94336605,0.9386323,0.9415901,0.94810945,0.94539446,0.95256364,0.9556227,0.9379505,0.9060115,0.9519034,0.94766206,0.9484275,0.9409868,0.9420331,0.9573707,0.95296687,0.9464133,0.9384163,0.93438756,0.9598795,0.95308936,0.9558563,0.9466242,0.95168227,0.9535321,0.93955696,0.9524836,0.9456482,0.960884,0.94704914,0.9517814,0.95190674,0.9519651,0.9522459,0.95613897,0.958136,0.9492765,0.95086884,0.9426819,0.93392855,0.95907456,0.94466317,0.93998134,0.9510674,0.93624014,0.94656,0.9654481,0.94598377,0.9363225,0.93958634,0.93970525,0.9375365,0.94050515,0.9555548,0.7742735,0.9346113,0.95372474,0.94728786,0.95292866,0.94332904,0.95923066,0.93834233,0.938565,0.95075595,0.95727783,0.9629849,0.9540967,0.95918417,0.9420422,0.9402155,0.98335874,0.9496409,0.9488713,0.95664334,0.9555548,0.9560102,0.9541972,0.96203786,0.9483855,0.9306932,0.93931055,0.9562968,0.9311197,0.9605783,0.93457067,0.93676645,0.95569575,0.9333253,0.95504445,0.95277417,0.96472985,0.93695337,0.9469943,0.9514009,0.85867864,0.9544791,0.9285173,0.9502645,0.9569826,0.9532312,0.95209503,0.9468552,0.95296216,0.9581811,0.94995403,0.95719504,0.95260537,0.9430682,0.94349104,0.9481021,0.9455024,0.9444913,0.9257554,0.94262457,0.9507066,0.9389463,0.9383895,0.9527029,0.9367777,0.9365347,0.9399556,0.9492263,0.9568255,0.9712819,0.94929314,0.95991683,0.9633137,0.9566633,0.94895357,0.937524,0.9452804,0.9582183,0.9458471,0.956881,0.94717926,0.9515831,0.9278092,0.92549,0.9543039,0.9453161,0.94492024,0.95306635,0.94975203,0.9712819,0.93435866,0.9541173,0.9545008,0.9528534
annamovie,0.95106936,0.94925594,0.9481977,0.9361939,0.9498051,0.9501214,0.9592969,0.95178735,0.9723111,0.95388603,0.948919,0.93918115,0.9507628,1.0,0.9502888,0.94797206,0.9527286,0.9489844,0.9349699,0.9429833,0.9472318,0.94887394,0.9558146,0.95121276,0.9395707,0.8829505,0.9403789,0.9528498,0.95269716,0.94642234,0.95132834,0.9526639,0.94573057,0.93981236,0.9331893,0.9399173,0.9580192,0.94062674,0.9528089,0.95876986,0.9478036,0.94850683,0.9375058,0.94765335,0.94120896,0.94698906,0.9488678,0.9524543,0.9395684,0.94777435,0.9543114,0.9562276,0.9432933,0.94740415,0.9412933,0.9486099,0.9567051,0.9577041,0.9457012,0.9407859,0.9477013,0.94113463,0.94564724,0.96301115,0.95026153,0.9457531,0.94428885,0.94560605,0.94683975,0.94766665,0.946307,0.78258467,0.9431038,0.94985604,0.9396436,0.9538886,0.93235826,0.9584859,0.94873464,0.9389185,0.94013983,0.9469656,0.95328057,0.95024663,0.94637156,0.949102,0.93633294,0.94503903,0.9486245,0.94260436,0.9527451,0.946307,0.95338345,0.9430034,0.9550443,0.9485391,0.94358015,0.9516689,0.9527609,0.94056374,0.9536268,0.9361467,0.9457276,0.95220363,0.9592878,0.95122224,0.95980614,0.9493322,0.91755015,0.9490698,0.95341766,0.8404005,0.9492049,0.9153444,0.94608533,0.94488406,0.95745575,0.9455516,0.9458673,0.9487529,0.9444407,0.95906967,0.96260935,0.94112545,0.95560616,0.94953,0.9510523,0.9598086,0.95660746,0.92763644,0.95545393,0.9603247,0.9484794,0.9348673,0.96183366,0.9455013,0.93723214,0.9421179,0.94942963,0.9587094,0.9723111,0.9623371,0.9470628,0.95004916,0.9452237,0.94355637,0.9477835,0.9383838,0.9429846,0.9459539,0.9516743,0.9428799,0.96227694,0.9286919,0.9296697,0.9481498,0.94790477,0.9450332,0.9521009,0.9388989,0.9723111,0.9355667,0.95118237,0.9521443,0.9532819
apollo11movie,0.9534373,0.95045626,0.96013474,0.9528713,0.9427132,0.95046616,0.957821,0.9675401,0.9757528,0.955494,0.96331733,0.9509664,0.9514316,0.9502888,1.0,0.9614826,0.95545846,0.9452272,0.94142735,0.9813554,0.9552358,0.9631156,0.9640825,0.96754074,0.94674116,0.89882237,0.9441652,0.956022,0.96429676,0.96103007,0.949231,0.9420543,0.95254415,0.9418813,0.93541425,0.9341642,0.95745105,0.95080036,0.9643009,0.9445817,0.94979036,0.9678365,0.95619905,0.9694436,0.9492683,0.9635687,0.9537282,0.9612073,0.9513925,0.97043836,0.95926,0.9650418,0.9519114,0.9577158,0.95300853,0.9440653,0.951365,0.9618049,0.94298047,0.954651,0.9464183,0.95030445,0.94777477,0.94690806,0.9568034,0.95093876,0.94968677,0.9447305,0.9504518,0.94166476,0.9618233,0.7578467,0.94404274,0.95214456,0.9420041,0.9548845,0.9319134,0.96214974,0.94410604,0.9448176,0.95621943,0.95789653,0.95651114,0.958735,0.94252855,0.95239854,0.93669164,0.9528561,0.9575932,0.9670543,0.963169,0.9618233,0.9508047,0.9598476,0.9527487,0.9774693,0.9393615,0.95680964,0.9529296,0.9487878,0.9587709,0.9472134,0.9566625,0.9564885,0.9480417,0.9598786,0.95457673,0.9648245,0.9444481,0.9552526,0.9631052,0.85295296,0.9565194,0.90743977,0.96117586,0.95633143,0.9597665,0.949308,0.964625,0.94899875,0.9458426,0.9522568,0.9653509,0.9627628,0.9562214,0.9617575,0.9467821,0.96535784,0.9404855,0.93293995,0.95230925,0.9504645,0.9650216,0.9566434,0.9530613,0.95985925,0.95274657,0.95506245,0.9605193,0.96741056,0.9757528,0.96287,0.96241015,0.9551651,0.95500004,0.9537164,0.94911516,0.9423587,0.95845157,0.94977087,0.96049994,0.9625821,0.9661658,0.93869376,0.9386544,0.95154166,0.96868867,0.9488186,0.96393573,0.95701563,0.9757528,0.9358512,0.9590118,0.96346277,0.9582591
arcticdogsmovie,0.95155823,0.9631177,0.9573834,0.95308644,0.95444334,0.9509917,0.961019,0.9518137,0.9747869,0.9539664,0.9522431,0.94573146,0.94249666,0.94797206,0.9614826,1.0000001,0.9477986,0.94583964,0.9391638,0.9527983,0.9453103,0.9546962,0.9591243,0.9534061,0.9429668,0.8791664,0.94595784,0.9585879,0.96083766,0.95186096,0.9424909,0.9430585,0.9479073,0.94905597,0.9437781,0.9497921,0.9567285,0.940317,0.96487784,0.9459532,0.9470926,0.95443755,0.95577806,0.95930815,0.9574115,0.95822304,0.95523095,0.95354074,0.95062727,0.9601472,0.9558557,0.95703435,0.94706875,0.9507661,0.9481068,0.9549713,0.9512811,0.95028067,0.9399194,0.9541624,0.9493303,0.94415325,0.9539599,0.9448282,0.9435807,0.9464296,0.9370161,0.940583,0.9526827,0.944912,0.9621286,0.7726829,0.94866675,0.94874775,0.93901896,0.94483787,0.93536425,0.9501792,0.9446972,0.9376327,0.9437168,0.9556603,0.9579143,0.95754063,0.94465506,0.95041364,0.94641554,0.9455033,0.9572572,0.95543504,0.96449226,0.9621286,0.9444234,0.95416147,0.95516634,0.9583238,0.93708444,0.94094175,0.954113,0.93118423,0.9520164,0.93788654,0.94623435,0.9564181,0.95077074,0.95665467,0.95186645,0.9650129,0.9364494,0.94363636,0.9551625,0.84144914,0.9594004,0.92272025,0.9575639,0.95595735,0.9616876,0.944142,0.9570181,0.9538863,0.9512414,0.94750726,0.97113615,0.9452964,0.9463284,0.94568336,0.9538671,0.95130897,0.93502533,0.91809577,0.9518188,0.94759876,0.9451857,0.9511201,0.9593928,0.9549011,0.9474088,0.9471078,0.9624672,0.96343,0.9747869,0.9609284,0.95359653,0.9496779,0.9516875,0.9463368,0.9541077,0.9478206,0.95075375,0.9434949,0.9593785,0.9574267,0.95844984,0.9349922,0.9396131,0.94821906,0.95881927,0.9467367,0.95794356,0.95731723,0.9747869,0.9370079,0.9585891,0.9576153,0.95240074
arcticmovie,0.95318496,0.9448602,0.9500289,0.93796194,0.94595,0.95320064,0.9526496,0.9475213,0.97108144,0.9487781,0.9479742,0.9385755,0.95002294,0.9527286,0.95545846,0.9477986,1.0000001,0.942256,0.9354458,0.9371564,0.95364946,0.94271475,0.95878184,0.9494185,0.9482024,0.88680035,0.9425412,0.96522766,0.94887763,0.95648426,0.94832784,0.9486156,0.9546205,0.93580794,0.92730767,0.9373684,0.9504999,0.95029324,0.9485364,0.9461139,0.94826853,0.95455486,0.93894845,0.9535438,0.93627864,0.9510714,0.9472392,0.9482212,0.94707686,0.9519155,0.9431262,0.9525638,0.94920933,0.95293313,0.9386325,0.9358374,0.9451968,0.9595716,0.93912315,0.9381627,0.9440751,0.9474738,0.9376719,0.95178527,0.9465203,0.93814355,0.93907917,0.931494,0.944534,0.93605,0.95458263,0.77204627,0.9352011,0.9482792,0.93922764,0.9453783,0.9332204,0.9528115,0.9301267,0.93376887,0.9442496,0.94838935,0.9573586,0.94865704,0.92924577,0.95649904,0.93403757,0.9429434,0.9516039,0.955253,0.95319074,0.95458263,0.94887376,0.9503475,0.9459644,0.9519412,0.9414149,0.9385623,0.9595519,0.9482683,0.9525714,0.94121283,0.9334694,0.96001905,0.9440489,0.9487848,0.9502309,0.96179295,0.91730016,0.93621,0.9503413,0.85270077,0.9526253,0.9238294,0.9487884,0.9571888,0.9631676,0.9361263,0.9510657,0.94394493,0.948002,0.94105506,0.9539948,0.9523248,0.9518618,0.94651145,0.93901205,0.95111835,0.9392584,0.94325894,0.9449291,0.9561691,0.97138315,0.94927746,0.9561062,0.9554463,0.9437686,0.94408375,0.95004725,0.9511273,0.97108144,0.9498613,0.9549854,0.95456326,0.95432025,0.9475954,0.94649976,0.9301472,0.9518549,0.94748896,0.9449958,0.9535742,0.96072996,0.93599916,0.92866117,0.95166385,0.94625366,0.95246255,0.9539924,0.94853646,0.97108144,0.9346579,0.96354395,0.96048826,0.94222516
artofracingmovie,0.9535522,0.9360383,0.9548893,0.9446233,0.97070843,0.9433768,0.9568747,0.9438485,0.9705215,0.9673447,0.94362855,0.9461924,0.94336605,0.9489844,0.9452272,0.94583964,0.942256,1.0000002,0.94532764,0.9298444,0.92806387,0.9447146,0.9608217,0.9504208,0.9458979,0.8893062,0.9549571,0.9421426,0.9523975,0.950679,0.93970853,0.9346268,0.95180154,0.9354584,0.93280566,0.9255233,0.9556296,0.9436947,0.9528188,0.9377362,0.94011503,0.9392066,0.9397238,0.94463617,0.9569871,0.9436185,0.96122974,0.9557352,0.93491894,0.937063,0.95262307,0.95149636,0.9527211,0.94317037,0.9397212,0.95917,0.9410379,0.94495946,0.9402648,0.9450647,0.94036406,0.9436689,0.96307105,0.94454044,0.9489714,0.9364589,0.9463441,0.9415539,0.92813015,0.953996,0.94729906,0.7875445,0.9377203,0.93057394,0.93877786,0.9407108,0.931804,0.94922405,0.9551591,0.92706,0.9393347,0.93917733,0.94122815,0.9389745,0.94197303,0.93965524,0.94257456,0.94763255,0.9460056,0.9505344,0.95273274,0.94729906,0.9381644,0.94919026,0.94945836,0.94259715,0.9400029,0.9498323,0.94704455,0.94045967,0.9538736,0.93958443,0.9462328,0.94456106,0.9622559,0.95462227,0.95282537,0.9481495,0.93151224,0.9340642,0.95393515,0.8308645,0.951428,0.894955,0.9350872,0.94052756,0.9543626,0.9499793,0.9478373,0.9422589,0.9396526,0.95111924,0.95312357,0.9362541,0.9554646,0.9399635,0.9464378,0.9456216,0.95632666,0.92279357,0.94600475,0.9597054,0.9315203,0.93735874,0.94576234,0.9525968,0.94327563,0.9321289,0.95128155,0.971092,0.9705215,0.9490794,0.9413096,0.9450084,0.92990404,0.9360398,0.93713874,0.93835235,0.9373484,0.9341872,0.95699805,0.939825,0.94938874,0.9446525,0.9308694,0.9400398,0.9468775,0.94196934,0.94970566,0.9340034,0.9705215,0.9476493,0.9564155,0.9506783,0.95142657
avengers,0.97099715,0.93753767,0.94898,0.94251263,0.9318015,0.9415893,0.9602496,0.9492969,0.96480685,0.9512969,0.9500177,0.938107,0.9386323,0.9349699,0.94142735,0.9391638,0.9354458,0.94532764,1.0,0.9386973,0.94301903,0.9554607,0.95232075,0.9492694,0.93757063,0.8690646,0.93922764,0.94274175,0.9542823,0.943076,0.9674749,0.9254478,0.94155705,0.9313588,0.93108344,0.9285232,0.95055777,0.936776,0.9466727,0.93824345,0.9312727,0.951759,0.93600416,0.9414982,0.9516646,0.95841956,0.94337314,0.94750285,0.93399525,0.94911677,0.9572429,0.9495772,0.94329995,0.932511,0.9416309,0.92573047,0.930908,0.95854104,0.9472252,0.9379349,0.92901176,0.9543611,0.9491554,0.94706076,0.94282913,0.9448551,0.9360802,0.9296618,0.9180883,0.9450682,0.94333154,0.7870783,0.9091361,0.94902337,0.95221025,0.9365907,0.9169741,0.94499844,0.9476644,0.9260761,0.9380167,0.93875426,0.9441455,0.94195044,0.9509364,0.93897986,0.93022925,0.94479513,0.9496199,0.9428008,0.9503345,0.94333154,0.9369893,0.932721,0.94619876,0.9406211,0.94547683,0.9456594,0.9406147,0.9332261,0.948819,0.9503411,0.9381439,0.9438253,0.95368487,0.95290464,0.94952875,0.94813687,0.92332286,0.9312635,0.96047926,0.838922,0.95171344,0.89638835,0.94364077,0.9367725,0.94805664,0.9357054,0.950012,0.9495665,0.93667316,0.94039637,0.9536434,0.94568354,0.9370954,0.94825643,0.947939,0.9626742,0.94200087,0.9458327,0.93739694,0.9445794,0.9258155,0.93036777,0.9514471,0.94661474,0.935819,0.9402192,0.9525546,0.9534491,0.96480685,0.94407755,0.9441942,0.94117165,0.9282498,0.9373388,0.9215017,0.92953295,0.94465923,0.94065374,0.9518637,0.9403304,0.95147043,0.93784547,0.9316612,0.9321245,0.9431817,0.925075,0.9467433,0.9496212,0.96480685,0.9404685,0.94835055,0.9464036,0.9442656
beachbummovie,0.9492274,0.9432477,0.9522343,0.9478129,0.9317841,0.93676096,0.9567786,0.9540925,0.9657798,0.93975216,0.95569175,0.945017,0.9415901,0.9429833,0.9813554,0.9527983,0.9371564,0.9298444,0.9386973,1.0000001,0.94307077,0.95815146,0.95797795,0.9587315,0.93809605,0.88435227,0.93652076,0.9454163,0.95675343,0.94922143,0.9409164,0.94009376,0.93934363,0.9413622,0.9297081,0.9228492,0.95222664,0.9401058,0.96479195,0.9459113,0.9391055,0.95893073,0.9476378,0.9568201,0.9437615,0.96527565,0.94820446,0.9510939,0.9497442,0.9581699,0.9523691,0.9580608,0.941918,0.9376627,0.9468588,0.93121624,0.9445541,0.9572145,0.93653977,0.937801,0.9401707,0.9399899,0.9417493,0.94666487,0.94185156,0.94509906,0.9354534,0.9363473,0.94792646,0.937417,0.94656104,0.74653405,0.93072075,0.9459905,0.9359341,0.94520664,0.9306967,0.94866544,0.9362227,0.93433195,0.9442542,0.955717,0.9490704,0.9498447,0.9398652,0.9444079,0.9243788,0.94477195,0.9530064,0.9543076,0.95341146,0.94656104,0.9462097,0.9468736,0.9453518,0.9724182,0.93474287,0.95683575,0.9517536,0.9312464,0.9544022,0.94632286,0.9494914,0.9436733,0.9349297,0.9502849,0.95167613,0.9553878,0.9343957,0.9485705,0.95327324,0.83408,0.9472581,0.89480996,0.95470107,0.94276327,0.9528566,0.9388486,0.9602914,0.9477094,0.9372651,0.94705015,0.95636076,0.94776565,0.94737536,0.9481529,0.93280315,0.95353836,0.93663925,0.92144024,0.94461715,0.9407215,0.9498454,0.9446777,0.94575703,0.94942313,0.9449932,0.9419588,0.95011115,0.95793885,0.9657798,0.9565555,0.95756274,0.9491692,0.93769425,0.9473393,0.9361055,0.9367634,0.9483371,0.9478407,0.95922536,0.9487662,0.96196246,0.9310112,0.92462415,0.94261736,0.96054524,0.93737286,0.95065,0.9433818,0.9657798,0.93515414,0.9485441,0.9572066,0.9429473
bernadettefilm,0.95065176,0.94330966,0.9439136,0.94194645,0.9321992,0.9469882,0.95689446,0.95635253,0.9697917,0.9379456,0.9585493,0.9442124,0.94810945,0.9472318,0.9552358,0.9453103,0.95364946,0.92806387,0.94301903,0.94307077,1.0000002,0.940341,0.95480925,0.9515105,0.94165146,0.87948257,0.9376046,0.9511808,0.952831,0.95083153,0.9487915,0.93166065,0.9358663,0.9357477,0.93030304,0.94585156,0.95551544,0.9428094,0.9547474,0.9497472,0.9407059,0.9537852,0.9352182,0.94786304,0.93425226,0.94930303,0.9455266,0.9512927,0.945941,0.9543857,0.9510896,0.9540191,0.94705105,0.9357341,0.94113564,0.93450564,0.93963414,0.958246,0.9421342,0.93745774,0.9291681,0.9499415,0.9324247,0.9467524,0.95187277,0.932322,0.9362791,0.9370004,0.94096184,0.9346287,0.9542601,0.77623117,0.94708854,0.9470082,0.94959146,0.92918384,0.9195884,0.9501131,0.9382743,0.94560874,0.9458357,0.94789326,0.95201325,0.9524427,0.9338931,0.94874054,0.9359276,0.9535035,0.955479,0.9463641,0.9544666,0.9542601,0.9382825,0.9439612,0.9436374,0.9525921,0.9472635,0.9454292,0.9535783,0.9450925,0.95468736,0.93245614,0.93962383,0.956397,0.94084084,0.9459382,0.9589569,0.96076393,0.92713076,0.9311842,0.9530142,0.8520184,0.94393885,0.92409706,0.9562606,0.9463248,0.95422655,0.9428075,0.94329673,0.95702356,0.9511154,0.944335,0.9557124,0.9564962,0.9461185,0.94931453,0.9414248,0.9523706,0.9355176,0.93426555,0.96317434,0.9470446,0.94739944,0.948619,0.94775087,0.9497581,0.93075424,0.94939244,0.95106506,0.9460677,0.9697917,0.9474494,0.9568294,0.9492273,0.9463708,0.9512222,0.9359167,0.932037,0.9516933,0.9432764,0.9561818,0.9419768,0.95723164,0.9304875,0.9351574,0.93795216,0.95189637,0.947595,0.9552709,0.94724244,0.9697917,0.9352334,0.95222163,0.9543769,0.9428892
