movie,21bridgesmovie,47metersdown,abeautifuldaymovie,abominablemovie,adastramovie,adogsjourneymovie,aftermathmovie,aftermovie,ahiddenlifefilm,alitamovie,angelhasfallen,angrybirdsmovie,annabellemovie,annamovie,apollo11movie,arcticdogsmovie,arcticmovie,artofracingmovie,avengers,beachbummovie,bernadettefilm,blackandbluemovie,blackchristmas,blindedbythelightmovie,bombshellmovie,booksmart,breakthroughmovie,brianbanksmovie,brightburnmovie,brittanyrunsmov,captainmarvelofficial,captivestatemovie,catsmovie,charliesangels,childsplaymovie,clarathefilm,coldpursuitmovie,countdown,currentwarmovie,darkwatersmovie,detectivepikachumovie,disneyaladdin,disneyfrozen,disneymaleficent,doctorsleepmovie,dolemiteismyname,dontletgomovie,doramovie,downtonabbey_official,dumbo,escaperoom,everybodyknowsmovie,fastandfuriousmovie,fightingwmyfam,fivefeetapartfilm,fordvferrari,freaksthefilm,geminimanmovie,glassmovie,gloriabellmovie,godzillamovie,goldfinchmovie,goodboysmovie,goodliarmovie,gretafilm,halathemovie,happydeathdaymovie,harrietfilm,hellboymovie,hersmellmovie,highlifemovie,highstrungmovie,honeyboymovie,hotelmumbaifilm,httydragon,hustlemovie,hustlersmovie,isntitromantic,itmovieofficial,jayandsilentbob,johnwickmovie,jojorabbitmovie,jokermovie,judythefilm,jumanjimovie,justmercyfilm,knivesout,lalloronamovie,lastblackmansf,lastchristmasthemovie,latenightmovie,lighthousemovie,lionking,littlethemovie,littlewomenmovie,littlewoodsfilm,longshotmovie,lordsofchaosmovie,lucyintheskyfilm,mamovie2019,marriagestory,meettheaddams,meninblack,midsommarmovie,midwaymovie,missbalamovie,missinglinkfilm,motherlessbklyn,onceinhollywood,onthebasisofsex,overcomermovie,peanutbutterfalcon,petsematarymovie,piercingmovie,playingwithfire,playmobilthemovie,pomsmovie,queenandslim,rambomovie,readyornotfilm,richardjewellfilm,rocketmanmovie,scarystoriesmovie,secretlifeofpets,serenityfilm,shaftmovie,shazammovie,spidermanmovie,spiesindisguise,starwars,stormboymovie,stubermovie,taosdfilm,teenspiritmov,terminator,theaeronautsmov,thebestofenemies,thedeaddontdie,thefarewell,thehighwaymen,thehummingbirdprojectfilm,theintrudermovie,theirishmanfilm,thekitchenmovie,thelegomovie,themustangfilm,thenightingalefilm,theprodigymovie,thesunisalsoastar,theupsidefilm,tolkienmovie,toystory,triplefrontier,uglydolls,uncutgems,underthesilverlake,usmovie,wavesmovie,whatmenwant,wonderparkmovie,wrinklestheclown,xmenmovies,yardiefilm,yesterdaymovie,zombieland
21bridgesmovie,0.99999994,0.98326695,0.9943958,0.97205424,0.9845002,0.97367424,0.98484224,0.99024934,0.9949401,0.9782041,0.9795969,0.98605585,0.9890628,0.98042935,0.9842708,0.97546744,0.9949358,0.99045163,0.9968389,0.97830147,0.9837916,0.98798627,0.975979,0.9924215,0.9880262,0.64604336,0.9895705,0.9888066,0.98738784,0.9779658,0.97769207,0.98016596,0.9612447,0.9794223,0.97052693,0.87116194,0.9857502,0.9898779,0.9936013,0.9835179,0.9933357,0.9851546,0.97916776,0.99225384,0.9877707,0.9906017,0.9771965,0.9676502,0.98820704,0.98994035,0.9901713,0.98789334,0.97221875,0.9931366,0.9850987,0.9822835,0.9702663,0.9922727,0.98473215,0.99309915,0.9765425,0.9845205,0.98251486,0.9779408,0.99320483,0.9807119,0.9866177,0.9830503,0.9713513,0.98820865,0.9941132,0.5715404,0.96213865,0.9847493,0.9616637,0.9590654,0.893326,0.9839016,0.9916226,0.971666,0.99002326,0.9878878,0.9891981,0.98288095,0.9880026,0.9529663,0.98673326,0.99509627,0.9860742,0.9927594,0.98687583,0.9941132,0.9937474,0.9378024,0.99167985,0.98943496,0.9748799,0.9961092,0.9866833,0.9764537,0.98709524,0.9875436,0.94178563,0.9941767,0.9733652,0.9896977,0.9960674,0.98343724,0.97683585,0.96810085,0.9910078,0.63031405,0.9885661,0.80833393,0.98620844,0.9882773,0.9976356,0.9579691,0.9885509,0.9867014,0.9903873,0.99299604,0.9835145,0.955904,0.98515904,0.9786086,0.9830367,0.9895693,0.9905459,0.9439714,0.980168,0.9618422,0.9950321,0.9813058,0.9934357,0.97613835,0.9882777,0.9845015,0.99441725,0.98464525,0.9949401,0.99245816,0.98491323,0.9845527,0.99579644,0.9813671,0.9819821,0.9650482,0.9851591,0.9928758,0.98048866,0.9933394,0.99766356,0.9830817,0.9936484,0.99482435,0.9790078,0.98771703,0.98129565,0.9880088,0.9949401,0.97004336,0.97765034,0.9821956,0.9868692
47metersdown,0.98326695,0.9999999,0.98493534,0.962998,0.9732923,0.96389836,0.9806795,0.98057353,0.98695606,0.97112536,0.98329043,0.9717763,0.9757983,0.9842651,0.97408384,0.98361105,0.9941932,0.9795287,0.98580676,0.97549874,0.9764549,0.9884548,0.9753769,0.980133,0.9843724,0.59748936,0.9839365,0.98836684,0.9875391,0.96903056,0.96372813,0.9795826,0.9669446,0.9761081,0.97798765,0.8450878,0.97137344,0.9781993,0.98567617,0.9818165,0.974176,0.9804645,0.9593595,0.98532945,0.98481196,0.9795587,0.97355,0.9692686,0.97298944,0.9853282,0.98637563,0.98015654,0.9650517,0.9834579,0.96723735,0.96837693,0.9827495,0.9853985,0.97357744,0.98012596,0.97180855,0.97118825,0.9813271,0.9729313,0.98283935,0.97533596,0.9823746,0.98266053,0.96918684,0.98046654,0.9793626,0.5173007,0.9634183,0.97373706,0.9613036,0.9622511,0.89031875,0.9858958,0.98438275,0.9653627,0.9843616,0.9814151,0.96909493,0.9627134,0.97947997,0.96218604,0.9814619,0.9888541,0.97328085,0.98711336,0.9781854,0.9793626,0.9848461,0.95960087,0.98846805,0.98019516,0.98544365,0.98485506,0.9766015,0.9855798,0.97448087,0.99138093,0.9392036,0.9836063,0.99098814,0.9888753,0.9789983,0.98070955,0.9872579,0.9689047,0.9841762,0.5369114,0.98566955,0.76945513,0.9746365,0.98467404,0.9771978,0.96116096,0.9788944,0.98544,0.9751871,0.9848662,0.98144007,0.9424269,0.97977895,0.98062205,0.99000007,0.97961175,0.975864,0.918067,0.9714744,0.94914246,0.9929738,0.9794303,0.98631585,0.9803125,0.98423934,0.97846925,0.98067105,0.97753704,0.98695606,0.9880489,0.9719982,0.97727984,0.98051727,0.9639032,0.96834373,0.9809312,0.9783236,0.96719277,0.97087336,0.9843618,0.98722255,0.96946514,0.9775581,0.98543,0.98720527,0.9726747,0.98184884,0.980246,0.98695606,0.975632,0.9740881,0.97297895,0.9862427
abeautifuldaymovie,0.9943958,0.98493534,1.0,0.9762505,0.9811135,0.9740341,0.9805841,0.99165285,0.99343306,0.98663867,0.9771625,0.9842518,0.9855549,0.98150635,0.98628473,0.98405325,0.98955536,0.9841976,0.998093,0.9854291,0.98279566,0.9917479,0.9754977,0.98809916,0.98948705,0.58912426,0.9891862,0.9857823,0.9932945,0.9858925,0.9872173,0.9802209,0.97086096,0.9767221,0.9610676,0.86345774,0.9885842,0.99017185,0.99155146,0.9881337,0.99389434,0.9840616,0.9672632,0.99308866,0.9878289,0.988216,0.978451,0.9684069,0.982845,0.9877407,0.9934121,0.98611766,0.9680149,0.9910094,0.98138684,0.9846383,0.978984,0.9893554,0.9879631,0.994685,0.9829786,0.98497254,0.9866549,0.9750042,0.99007124,0.9801655,0.97623616,0.9796112,0.97419775,0.98158056,0.9934253,0.5359913,0.97361445,0.98071235,0.965233,0.9714869,0.87660193,0.9899153,0.9956444,0.975094,0.9913244,0.9889115,0.9874073,0.9731628,0.988704,0.9634881,0.97648555,0.99349046,0.9846517,0.99616784,0.99171114,0.9934253,0.9885504,0.94099987,0.9963968,0.98689955,0.98124826,0.99510914,0.98688596,0.9747351,0.9879404,0.99142087,0.9564125,0.99542195,0.9822831,0.99415773,0.9882147,0.9846158,0.98501617,0.96674013,0.9887703,0.5938392,0.9842808,0.7857479,0.9826535,0.98975754,0.9926926,0.9580933,0.9912234,0.9842465,0.9840068,0.9911277,0.98232013,0.95270574,0.9853871,0.98130286,0.9819834,0.9936487,0.98833704,0.9300015,0.9713654,0.95959544,0.99117833,0.97248405,0.9937102,0.98375106,0.99438417,0.980024,0.99413556,0.9760804,0.99343306,0.99437433,0.97742236,0.9834708,0.992141,0.9797553,0.9864575,0.95859903,0.982605,0.9863469,0.97640103,0.99168783,0.9951722,0.9796188,0.99107003,0.9922263,0.97865343,0.98808575,0.9838988,0.98655766,0.99343306,0.97674376,0.98914987,0.98038274,0.9929162
abominablemovie,0.97205424,0.962998,0.9762505,1.0,0.97324836,0.9573972,0.9612838,0.97383124,0.98113024,0.9588229,0.9536768,0.9534936,0.9876098,0.95712316,0.9633878,0.96709156,0.9674869,0.97696877,0.9713026,0.9636558,0.9864042,0.9823843,0.9723394,0.9807237,0.9850438,0.5733781,0.9766756,0.98157215,0.97982943,0.9566855,0.96611905,0.9726513,0.9362074,0.98130715,0.96196806,0.9237274,0.9779377,0.98956895,0.9837336,0.9659091,0.9677681,0.9782273,0.96095484,0.9757564,0.9797599,0.97787803,0.9781804,0.95583665,0.9820394,0.9747151,0.9766442,0.97483003,0.97615486,0.9802222,0.989807,0.97704536,0.9671351,0.9786026,0.98039114,0.98363304,0.9669524,0.9875762,0.9808545,0.96079785,0.9736026,0.9644687,0.9601425,0.97051126,0.95664984,0.9699277,0.97905403,0.6160681,0.9748127,0.9660942,0.9738628,0.9463172,0.9311061,0.9676493,0.9784618,0.9690943,0.98557955,0.9857051,0.9698903,0.96316683,0.9887457,0.9238657,0.9740667,0.9791915,0.96254975,0.976663,0.98070097,0.97905403,0.97461325,0.9177159,0.9804855,0.9816547,0.9626253,0.98115647,0.9607945,0.969255,0.99182606,0.9693233,0.94249165,0.9818095,0.9507917,0.97591716,0.97219706,0.9697722,0.96125495,0.94641703,0.97476935,0.58691067,0.97539854,0.85497147,0.9716312,0.9745167,0.9779848,0.97790974,0.9876031,0.96470654,0.95871216,0.9789338,0.9881562,0.9459598,0.96661097,0.95180947,0.9595177,0.98171884,0.9798595,0.9505957,0.9732153,0.9589069,0.9716514,0.948937,0.97840214,0.95483446,0.9865863,0.9677692,0.9774088,0.95270497,0.98113024,0.98277235,0.98643565,0.9643952,0.97529525,0.97668225,0.99190336,0.9558676,0.9604964,0.97185373,0.960831,0.9714459,0.9770282,0.9300081,0.98890656,0.9774836,0.9618455,0.9808323,0.97189105,0.97687894,0.98113024,0.948512,0.96156627,0.967122,0.98087
adastramovie,0.9845002,0.9732923,0.9811135,0.97324836,0.9999998,0.99054164,0.98371404,0.9904177,0.9940381,0.986791,0.98868454,0.9824943,0.9854954,0.9875516,0.9880674,0.97869724,0.98522586,0.99129397,0.9851794,0.9784281,0.99570477,0.9844788,0.98965406,0.989143,0.9921186,0.6511561,0.98482776,0.98432106,0.98827136,0.9809617,0.9861008,0.9869468,0.9756686,0.98384994,0.9706355,0.85947007,0.99039173,0.98673236,0.9909039,0.9855917,0.98895097,0.98542845,0.9596359,0.9875068,0.9959241,0.9777676,0.99044657,0.9821348,0.97963387,0.9888038,0.98834777,0.9940142,0.9709891,0.9853234,0.97065264,0.9945425,0.97676593,0.98788756,0.9894554,0.99363583,0.9912566,0.9847223,0.9890227,0.9925913,0.99074644,0.98898476,0.9602182,0.99296397,0.9874885,0.9831059,0.99511343,0.52467364,0.98054725,0.9820098,0.965006,0.9786121,0.8906815,0.99019593,0.99096894,0.9851158,0.99306554,0.97757304,0.9913605,0.9816218,0.9831965,0.9695246,0.9899409,0.99360746,0.99094546,0.99109274,0.98959804,0.99511343,0.98217726,0.9691993,0.9841392,0.99675673,0.9815747,0.9912373,0.9799204,0.9803295,0.98282576,0.98368514,0.95692146,0.98554766,0.97495145,0.98772097,0.99454254,0.9857309,0.98140216,0.9788954,0.99135256,0.5951233,0.9919859,0.77892554,0.9814864,0.99589497,0.9887886,0.9631809,0.99392456,0.98059016,0.9877433,0.98471904,0.98846054,0.96781945,0.9954571,0.9864319,0.98606664,0.9866503,0.99300784,0.928326,0.9846401,0.9803929,0.9882525,0.98705524,0.99140024,0.97531337,0.98403996,0.99274415,0.9925432,0.976349,0.9940381,0.99224323,0.9723113,0.99174947,0.9897128,0.9909797,0.9816906,0.9735355,0.98768216,0.9840591,0.9851761,0.97878826,0.98514485,0.95654756,0.99098855,0.9885597,0.9863634,0.9935116,0.9883886,0.9949055,0.9940381,0.98655486,0.975326,0.99143094,0.9842089
adogsjourneymovie,0.97367424,0.96389836,0.9740341,0.9573972,0.99054164,1.0,0.9822227,0.983976,0.98481435,0.98779565,0.9823952,0.9709785,0.9725693,0.98371404,0.9710829,0.975913,0.9749313,0.9744907,0.97640085,0.9606167,0.9806469,0.9708029,0.98952836,0.97892684,0.98587245,0.64279705,0.97478336,0.9775239,0.9764152,0.972239,0.9824463,0.99118406,0.97247946,0.9739709,0.962786,0.82840157,0.98386484,0.97277117,0.98126674,0.99091357,0.98547554,0.9844087,0.9594337,0.9866133,0.9881482,0.9675199,0.9871871,0.9906349,0.9777971,0.9868796,0.9751573,0.9933852,0.95811236,0.9785051,0.9499087,0.980379,0.96973425,0.9804866,0.9886613,0.9837385,0.98923546,0.98021907,0.9713607,0.98692644,0.9897972,0.98590297,0.9541011,0.9909167,0.9693669,0.9707478,0.9861374,0.4501862,0.9586345,0.9816146,0.95392925,0.97227,0.848023,0.982251,0.98599565,0.99262404,0.9859094,0.96739113,0.9871188,0.96385014,0.96514976,0.96956646,0.97334075,0.98478645,0.992113,0.9814597,0.9826882,0.9861374,0.9673431,0.96742946,0.9718417,0.9848006,0.96639955,0.98061407,0.9841776,0.98172206,0.9683934,0.9710054,0.94702494,0.9790323,0.9686426,0.9767833,0.9846522,0.9840574,0.9702575,0.98908603,0.984968,0.5228469,0.984658,0.74170864,0.9675489,0.98493975,0.9787298,0.9537848,0.98616374,0.973548,0.98658943,0.9775057,0.9792523,0.9812516,0.9937039,0.9889421,0.9853762,0.9713438,0.9838866,0.91853535,0.9721488,0.96268463,0.98019224,0.97911084,0.9846922,0.9643727,0.9735336,0.99176705,0.9784428,0.95870745,0.98481435,0.98006546,0.95566434,0.99247575,0.9813654,0.992274,0.9720235,0.96805274,0.9917965,0.9794169,0.97949076,0.9768689,0.9755603,0.9376905,0.9806431,0.9820245,0.9866233,0.9856672,0.9864584,0.9887952,0.98481435,0.9850313,0.9689937,0.99242,0.9703352
aftermathmovie,0.98484224,0.9806795,0.9805841,0.9612838,0.98371404,0.9822227,1.0000001,0.9925841,0.991328,0.978929,0.97861505,0.9741468,0.9764509,0.98714876,0.9802035,0.9838428,0.9882412,0.9841826,0.9871787,0.9786764,0.98171616,0.9821322,0.98877263,0.991831,0.9798786,0.6440266,0.9911283,0.99070215,0.97903675,0.97062844,0.97709906,0.99074763,0.9702793,0.9820873,0.9624107,0.83437014,0.9832714,0.97231364,0.98995215,0.98978513,0.9876676,0.98706394,0.97383827,0.9897254,0.9922711,0.9850751,0.9873082,0.988974,0.9807416,0.98935837,0.9784736,0.9923042,0.96197224,0.9920362,0.961162,0.97983366,0.9874149,0.9880201,0.9884693,0.9828837,0.98363227,0.97898287,0.97033805,0.9910411,0.9872569,0.97008723,0.972897,0.9914388,0.972148,0.9776526,0.98557913,0.5020002,0.9555068,0.9927102,0.9516658,0.9658925,0.86187667,0.98259896,0.990938,0.98816687,0.9815218,0.98841554,0.98695165,0.9696806,0.97158056,0.95945334,0.9840342,0.98573816,0.9813797,0.98592895,0.9888886,0.98557913,0.9741913,0.95893097,0.9860368,0.98649734,0.96907705,0.98876566,0.99656343,0.9826744,0.9796882,0.9780833,0.92987853,0.9904716,0.97040534,0.97911954,0.9882102,0.990772,0.98122525,0.98610294,0.99268836,0.55048794,0.99262667,0.75498545,0.9876937,0.98283666,0.9875754,0.9582786,0.986598,0.99803615,0.9959132,0.98310196,0.98047274,0.97549045,0.98831356,0.9915667,0.9841299,0.9759684,0.9805036,0.92585176,0.9750137,0.96135515,0.9932179,0.980626,0.98109156,0.9748832,0.98070586,0.9912772,0.9826348,0.97631794,0.991328,0.98641676,0.9720419,0.9920358,0.99273,0.986394,0.9782628,0.9640522,0.9939192,0.98542404,0.99703044,0.9856406,0.9880189,0.9615135,0.9813618,0.9868726,0.9949293,0.9879528,0.989736,0.9933066,0.991328,0.9812623,0.97391057,0.99064887,0.978136
aftermovie,0.99024934,0.98057353,0.99165285,0.97383124,0.9904177,0.983976,0.9925841,1.0,0.9966845,0.9858917,0.98054034,0.97696716,0.98562294,0.9863338,0.9897306,0.9887159,0.98783576,0.9870088,0.9950835,0.9887778,0.9907421,0.98911655,0.98909736,0.9949933,0.989818,0.6251741,0.99400765,0.99057996,0.9881435,0.9836882,0.99064785,0.98905295,0.97497565,0.9768317,0.964837,0.85296845,0.99737394,0.9848063,0.99612087,0.9904061,0.99668926,0.9865711,0.96648073,0.9918237,0.99479544,0.9857671,0.9903162,0.9808559,0.9816496,0.98987794,0.9862581,0.9930843,0.9667429,0.99128324,0.9738407,0.99134403,0.98715234,0.9920248,0.99604744,0.99557453,0.9931112,0.9904135,0.9820249,0.98739415,0.9888654,0.97412235,0.9659254,0.98964685,0.9838928,0.9756363,0.99604964,0.5087014,0.9748933,0.9940724,0.9673787,0.9748495,0.8772055,0.9886532,0.99827564,0.9844172,0.9881455,0.988325,0.99530166,0.98227334,0.98059225,0.9690636,0.9806923,0.9927603,0.9841691,0.9965779,0.9936292,0.99604964,0.9826111,0.9568019,0.99384236,0.9902255,0.9773665,0.99476486,0.99264127,0.97892916,0.9887765,0.9857531,0.94448483,0.9948814,0.9786828,0.9865819,0.99254423,0.99206513,0.98671675,0.9804703,0.9968718,0.5717942,0.9939488,0.7641687,0.99402356,0.99033827,0.9943469,0.9651186,0.995412,0.99263614,0.9949331,0.9918879,0.9886787,0.96958077,0.9904414,0.9921584,0.985931,0.9860816,0.9869678,0.9286442,0.98231375,0.9634162,0.99152493,0.97571033,0.99052906,0.98044467,0.99205685,0.9893759,0.99449956,0.9750182,0.9966845,0.993416,0.9769472,0.9902885,0.9934139,0.9868595,0.98445565,0.9650188,0.99272496,0.9884926,0.99139327,0.9908471,0.98977417,0.9703007,0.99059194,0.9922022,0.99105823,0.99442214,0.99572253,0.9972509,0.9966845,0.9888004,0.98297304,0.99330395,0.98520786
ahiddenlifefilm,0.9949401,0.98695606,0.99343306,0.98113024,0.9940381,0.98481435,0.991328,0.9966845,1.0,0.9852765,0.9847088,0.98323107,0.99224,0.98688656,0.98992515,0.98913646,0.993984,0.9926582,0.99560136,0.98502964,0.9952061,0.994117,0.99097264,0.9976522,0.9953669,0.62202775,0.9952456,0.9945652,0.99355894,0.982941,0.98605824,0.9900548,0.9720894,0.98771477,0.9767794,0.8744398,0.99387467,0.9935859,0.9990375,0.99082524,0.9945489,0.9922167,0.9747173,0.9957965,0.9974146,0.9906509,0.9921602,0.9818154,0.9889235,0.9949336,0.9932446,0.99472547,0.97855675,0.9959399,0.982779,0.9915115,0.98581296,0.99671423,0.99395776,0.99762124,0.989331,0.9915824,0.9888941,0.9884772,0.99424446,0.9857427,0.97874224,0.99265593,0.981808,0.98773086,0.9983647,0.5479902,0.9778448,0.99072117,0.97285736,0.97368926,0.8968302,0.9921798,0.9972783,0.985305,0.99578786,0.9920347,0.9937627,0.9861249,0.99078256,0.9657631,0.9907676,0.9985275,0.99081564,0.99686503,0.99504787,0.9983647,0.99264836,0.957365,0.99564165,0.99641085,0.98272526,0.9985906,0.98982745,0.98716223,0.99257624,0.989523,0.9510032,0.997312,0.9808647,0.9934732,0.99672145,0.9926109,0.98736674,0.97841036,0.9982062,0.59846616,0.9967396,0.79796374,0.9907398,0.9948334,0.99698466,0.97258186,0.99769455,0.9913375,0.9931922,0.99573547,0.9933011,0.96877897,0.99393475,0.989758,0.99039596,0.9924043,0.9952325,0.9414023,0.98856616,0.9708017,0.9967943,0.985302,0.9958461,0.98144484,0.9950114,0.9911203,0.99727505,0.98085105,1.0,0.99784005,0.98569757,0.99256563,0.9962795,0.99008054,0.9886007,0.9754147,0.99154466,0.99172264,0.98927146,0.9932667,0.99578434,0.97086257,0.99647903,0.9974182,0.99108416,0.9950521,0.9938081,0.9963459,1.0,0.9848096,0.982082,0.992487,0.99160236
alitamovie,0.9782041,0.97112536,0.98663867,0.9588229,0.986791,0.98779565,0.978929,0.9858917,0.9852765,1.0,0.98424536,0.98806566,0.9708854,0.990269,0.9857182,0.9791739,0.9782972,0.98063016,0.9864935,0.9835181,0.9794253,0.9818659,0.97791946,0.9758285,0.9823284,0.60364705,0.97943,0.97296196,0.9880988,0.9869853,0.99519134,0.9822047,0.9878072,0.97557044,0.9425307,0.8193538,0.9819885,0.9740658,0.97830147,0.99248135,0.9894432,0.9797329,0.94822645,0.9878345,0.9882076,0.97497606,0.9799115,0.98256165,0.9691758,0.9833149,0.98848754,0.9888526,0.95458174,0.98121345,0.9548688,0.98769337,0.97866917,0.9776133,0.98535025,0.987034,0.9897595,0.9701815,0.984795,0.988414,0.98733187,0.9858872,0.9500971,0.9835935,0.9812725,0.9769009,0.98677284,0.4645245,0.97646105,0.9716639,0.9495486,0.9889285,0.83555424,0.9946457,0.9914003,0.9861871,0.98728865,0.973846,0.98559874,0.9559581,0.9757682,0.9770975,0.97238684,0.9851923,0.98861486,0.98924994,0.9910261,0.98677284,0.96739227,0.9648229,0.98385113,0.98650753,0.9819994,0.98625475,0.9848642,0.96958756,0.972932,0.98678094,0.9684474,0.98313415,0.9822626,0.9894953,0.9821853,0.98295474,0.98699236,0.9787513,0.9797907,0.5526232,0.97831786,0.727596,0.969637,0.9924445,0.9790805,0.94121426,0.9862231,0.9780716,0.98044926,0.9728241,0.9700046,0.9618032,0.99348646,0.9869003,0.97767586,0.9870602,0.9841308,0.9019681,0.95619947,0.97199315,0.98302984,0.97847146,0.9865369,0.9828945,0.9810842,0.98494095,0.9848118,0.9722296,0.9852765,0.98859274,0.9514672,0.9910124,0.986393,0.9853694,0.9790662,0.94945586,0.98435444,0.9764261,0.9784317,0.9730584,0.98292506,0.96303296,0.978778,0.9800438,0.97995156,0.98865485,0.9793666,0.9862089,0.9852765,0.9869487,0.9895226,0.98296654,0.9870645
angelhasfallen,0.9795969,0.98329043,0.9771625,0.9536768,0.98868454,0.9823952,0.97861505,0.98054034,0.9847088,0.98424536,1.0000001,0.98362625,0.96976316,0.9967098,0.97916764,0.96737415,0.9903831,0.98500663,0.9822117,0.9718772,0.97896963,0.9756203,0.97465986,0.97275984,0.98446965,0.6802268,0.97222567,0.9779345,0.9855749,0.978082,0.9735432,0.98273206,0.9835842,0.97237056,0.9689924,0.8088291,0.9750906,0.97250783,0.9796113,0.98205006,0.978368,0.973843,0.9451818,0.9800379,0.98901755,0.9662071,0.9716845,0.97447634,0.9673363,0.98156273,0.98589414,0.98910713,0.94967,0.9740476,0.95448333,0.9812761,0.9703634,0.9760603,0.9746622,0.9820221,0.9843004,0.9690819,0.9871325,0.9857832,0.989039,0.9862012,0.9639422,0.98928916,0.9862418,0.9783641,0.9829007,0.46241364,0.9657187,0.9694986,0.9445578,0.9760638,0.8722176,0.9876021,0.9847708,0.97220755,0.9864698,0.96596956,0.9748128,0.95858896,0.97061837,0.977443,0.98495024,0.9880902,0.9814692,0.98796016,0.97649133,0.9829007,0.97369534,0.98262584,0.9784424,0.987102,0.98962086,0.9808206,0.9750584,0.9753454,0.96344817,0.99109745,0.95819926,0.9733916,0.98578507,0.9862927,0.9856171,0.97362727,0.9798535,0.97861856,0.9797107,0.53058535,0.98256665,0.7289866,0.96773887,0.9931749,0.97510314,0.9399631,0.97882384,0.9784545,0.9789367,0.97407454,0.97747445,0.945633,0.9879305,0.9817192,0.9900638,0.9773941,0.9770536,0.89886594,0.96570504,0.972545,0.9879706,0.98588896,0.9873496,0.9812516,0.97068727,0.99268013,0.9814391,0.9796864,0.9847088,0.9847815,0.9547964,0.9826038,0.98202103,0.9734165,0.9659113,0.9782783,0.981922,0.9658655,0.9735951,0.97102433,0.9813078,0.9613795,0.9764618,0.97758085,0.98488086,0.9775303,0.97810316,0.98682535,0.9847088,0.9833433,0.9762432,0.9773687,0.98034346
angrybirdsmovie,0.98605585,0.9717763,0.9842518,0.9534936,0.9824943,0.9709785,0.9741468,0.97696716,0.98323107,0.98806566,0.98362625,0.9999999,0.9677605,0.9856244,0.9891421,0.9637227,0.9852507,0.9855213,0.98763955,0.9787287,0.97400177,0.97786915,0.96110344,0.9740909,0.97358626,0.62844276,0.9736912,0.96725607,0.98784834,0.98629683,0.97899544,0.9662968,0.9806791,0.97829425,0.940658,0.82225174,0.9690167,0.9764092,0.97526777,0.9772253,0.9832152,0.969737,0.9499282,0.98076516,0.9833193,0.97516626,0.96394885,0.96382487,0.96554744,0.9758593,0.99289227,0.97998613,0.95025223,0.9805221,0.96053696,0.9844636,0.9666463,0.97276527,0.96868205,0.98145705,0.9752059,0.95898926,0.9862132,0.98197836,0.9850081,0.9864523,0.9645153,0.9737938,0.97928977,0.98566324,0.98382604,0.5279602,0.9671256,0.9591039,0.9306769,0.97939026,0.8475327,0.98933434,0.98316616,0.96934175,0.9845357,0.9739948,0.975868,0.9574007,0.9801647,0.96604437,0.9819739,0.98417115,0.9859179,0.98501045,0.98477226,0.98382604,0.97625476,0.95420486,0.983326,0.98835576,0.98415697,0.9857238,0.9771976,0.95854735,0.9684218,0.98663026,0.97028023,0.9800707,0.9716246,0.99118936,0.985126,0.96892655,0.9784872,0.9579608,0.97446984,0.63771796,0.9716047,0.75614244,0.96358716,0.9905652,0.9812652,0.9240905,0.9779874,0.97636795,0.97668433,0.9680962,0.9609711,0.9368751,0.98514384,0.97291845,0.9723115,0.99081326,0.9847215,0.9000087,0.9520483,0.9828054,0.9862354,0.98318166,0.9821903,0.9860629,0.9729221,0.9790823,0.9864297,0.9822413,0.98323107,0.9865228,0.9549116,0.9815799,0.9899708,0.975343,0.9763306,0.9436519,0.9712805,0.9759348,0.97580266,0.9676387,0.989628,0.9766973,0.9774147,0.9771922,0.9676295,0.9802046,0.9631069,0.9772485,0.98323107,0.96992177,0.986788,0.9674419,0.9889055
annabellemovie,0.9890628,0.9757983,0.9855549,0.9876098,0.9854954,0.9725693,0.9764509,0.98562294,0.99224,0.9708854,0.96976316,0.9677605,0.99999994,0.9700633,0.9716661,0.9763245,0.98408794,0.9913271,0.98394793,0.9731919,0.9925714,0.992281,0.9856674,0.99263555,0.9939558,0.6356843,0.99189126,0.9933199,0.9813101,0.95906574,0.97667783,0.9849316,0.94179124,0.9838615,0.97929436,0.921181,0.986465,0.991424,0.9929619,0.9823325,0.9849653,0.9932607,0.98311704,0.9914231,0.98594457,0.99292076,0.98817813,0.9723032,0.9943099,0.9932082,0.9821227,0.98749286,0.9926864,0.99180263,0.9948544,0.97918975,0.96817833,0.9959418,0.9899562,0.99354416,0.9708769,0.9902204,0.9822029,0.97707283,0.9887644,0.9770791,0.97602504,0.98665196,0.9624398,0.98811406,0.9905552,0.6202721,0.97197735,0.98530036,0.98822486,0.94735193,0.9337009,0.97884405,0.98663044,0.9742181,0.99117976,0.98630065,0.98957855,0.9865361,0.9934081,0.9319912,0.98695916,0.9927983,0.97864723,0.9859335,0.98454607,0.9905552,0.9887732,0.9264454,0.98408186,0.9876619,0.96436596,0.99417603,0.9746873,0.9843132,0.99649984,0.98106605,0.92631465,0.9904629,0.96878165,0.9827417,0.9915065,0.9886571,0.97398907,0.9710019,0.9877848,0.6115641,0.99204266,0.8540511,0.98858225,0.9849098,0.99252313,0.98614055,0.991489,0.97758377,0.9799939,0.99374545,0.9934135,0.9692408,0.98379266,0.97096306,0.97446734,0.98511255,0.99142593,0.9721877,0.9905245,0.9527364,0.986981,0.97694546,0.9934568,0.95538014,0.99256176,0.980478,0.9880519,0.979463,0.99224,0.992171,0.9958314,0.98367,0.98690015,0.98571396,0.9837659,0.9719037,0.9831076,0.9910948,0.9712554,0.98966694,0.98785466,0.96169055,0.99737364,0.99476844,0.97682434,0.99194384,0.98328656,0.9883224,0.99224,0.96390045,0.9601131,0.9865544,0.98243916
annamovie,0.98042935,0.9842651,0.98150635,0.95712316,0.9875516,0.98371404,0.98714876,0.9863338,0.98688656,0.990269,0.9967098,0.9856244,0.9700633,1.0,0.98334885,0.9744754,0.9900709,0.9866802,0.98625475,0.98157924,0.97983134,0.9802813,0.9785249,0.9770717,0.9828034,0.6624876,0.97936183,0.9815166,0.9874292,0.9811809,0.98166955,0.98731583,0.9888357,0.97726864,0.9591742,0.80551785,0.97844416,0.970737,0.9815928,0.98865414,0.98308045,0.9781096,0.94975317,0.9844435,0.99239105,0.97356826,0.9768459,0.9824435,0.9694965,0.9839744,0.9870947,0.99233234,0.94996905,0.980633,0.95475876,0.98469126,0.9815211,0.9780621,0.9809716,0.9832828,0.9884477,0.970394,0.98651326,0.9916668,0.9894759,0.98186123,0.9628088,0.9911486,0.9874626,0.9786908,0.98359454,0.45726997,0.968425,0.97548974,0.9440815,0.98181343,0.85855645,0.9910674,0.990349,0.98117733,0.98630524,0.9754668,0.9789603,0.954912,0.97207284,0.9777314,0.98407054,0.9869212,0.9810709,0.99030876,0.9847216,0.98359454,0.96945393,0.98073363,0.9841835,0.9883132,0.9890401,0.9843724,0.985312,0.9756074,0.96924317,0.9924981,0.95897514,0.9798479,0.9862833,0.98761946,0.9850177,0.9803057,0.9864116,0.98395634,0.9822398,0.5193765,0.9845525,0.71995527,0.97440886,0.99337554,0.977684,0.94147766,0.9825388,0.9879728,0.9835801,0.97384864,0.97650194,0.95402557,0.9901651,0.9868847,0.98705935,0.9807723,0.9771269,0.8986273,0.9614841,0.97443706,0.990491,0.98361284,0.98591965,0.98626363,0.97548234,0.9944072,0.982165,0.98165685,0.98688656,0.9879037,0.956082,0.987771,0.9874726,0.9788911,0.97398025,0.96870446,0.9864674,0.9702173,0.98332274,0.9733419,0.984786,0.9642681,0.9767559,0.97857296,0.9894066,0.98351604,0.9817823,0.9908737,0.98688656,0.98645383,0.98410475,0.98124075,0.98477787
apollo11movie,0.9842708,0.97408384,0.98628473,0.9633878,0.9880674,0.9710829,0.9802035,0.9897306,0.98992515,0.9857182,0.97916764,0.9891421,0.9716661,0.98334885,1.0,0.98036623,0.98256665,0.98395884,0.9911218,0.9919184,0.9860314,0.98414797,0.97237897,0.9845018,0.978073,0.59050435,0.98294604,0.9727524,0.99192154,0.9940136,0.986727,0.96826714,0.98547995,0.97493696,0.9448682,0.8314415,0.9851558,0.982036,0.9855158,0.9764569,0.98819536,0.96979374,0.94126153,0.9796776,0.99010044,0.9744179,0.97658366,0.96447283,0.9611779,0.9751143,0.9923884,0.98006773,0.95232826,0.9816861,0.9628848,0.99517864,0.9834388,0.9783633,0.97882,0.98859674,0.98848975,0.97131103,0.98772866,0.9836975,0.97794396,0.9765515,0.95286006,0.97551906,0.99269843,0.9743228,0.99106157,0.51589096,0.9838789,0.9709754,0.94504315,0.98853946,0.8577003,0.9920626,0.9901976,0.9716154,0.9834814,0.97990304,0.9830932,0.9735002,0.9804155,0.9774906,0.9791265,0.9864435,0.98216164,0.99238056,0.9913746,0.99106157,0.9794649,0.96214175,0.99218863,0.9907919,0.98769975,0.98904455,0.9791726,0.9606194,0.97792655,0.985094,0.96805507,0.9860169,0.97522765,0.9906146,0.9856906,0.97658736,0.98823,0.9570516,0.98661524,0.63373566,0.9802221,0.74634796,0.9789463,0.99194044,0.9857791,0.94000834,0.9879808,0.9829833,0.9824613,0.97670656,0.9723248,0.94064337,0.98576957,0.9834435,0.9769481,0.99202436,0.9853562,0.89592826,0.96664786,0.9814289,0.9855008,0.9756918,0.9815533,0.9916303,0.9837886,0.9776708,0.99476135,0.9732197,0.98992515,0.99072975,0.96026945,0.9814005,0.98924065,0.9752175,0.98048794,0.94806725,0.9742889,0.97570246,0.986127,0.9724839,0.98643136,0.97376865,0.9807362,0.9808799,0.9769973,0.9860797,0.98000664,0.9855142,0.98992515,0.98539186,0.9903675,0.97626865,0.9900219
arcticdogsmovie,0.97546744,0.98361105,0.98405325,0.96709156,0.97869724,0.975913,0.9838428,0.9887159,0.98913646,0.9791739,0.96737415,0.9637227,0.9763245,0.9744754,0.98036623,1.0,0.9780517,0.97152674,0.98331666,0.9811352,0.9842103,0.9898979,0.98962337,0.9874669,0.9843712,0.52822506,0.99037695,0.9847814,0.98549694,0.9746135,0.9808227,0.98177457,0.9689792,0.9765113,0.9634977,0.8567349,0.9843734,0.97957253,0.9883943,0.9881818,0.9826532,0.9856339,0.9568624,0.98854566,0.9874199,0.9794431,0.990869,0.9813421,0.9714895,0.9862148,0.9817952,0.98080236,0.9704205,0.98620784,0.9605954,0.97748244,0.9936506,0.98851466,0.9870366,0.9848135,0.98362327,0.97844154,0.9738516,0.9780972,0.97669685,0.97231513,0.9597181,0.98168135,0.96887416,0.970323,0.9852785,0.50072604,0.97557616,0.9826606,0.97171795,0.9748062,0.86332077,0.98906547,0.9887774,0.9818289,0.9827251,0.98372704,0.9821163,0.9722498,0.9772734,0.96765876,0.9699953,0.9858619,0.9809687,0.9862369,0.9896622,0.9852785,0.9786332,0.9550979,0.9890112,0.980944,0.97416353,0.98680055,0.98262906,0.98554844,0.98187065,0.9773806,0.9400925,0.98984706,0.98260885,0.9848374,0.9767827,0.9920171,0.9913623,0.97259235,0.9914416,0.5500435,0.9881121,0.76180804,0.97977316,0.98223823,0.9800337,0.9726984,0.98915654,0.9835003,0.9810094,0.98637,0.9819193,0.96720105,0.9869682,0.99241674,0.9842692,0.98061377,0.9829192,0.9197698,0.9771368,0.94820416,0.98494124,0.9728101,0.98231274,0.9757637,0.99216634,0.9733841,0.98420453,0.9593172,0.98913646,0.9884182,0.96832436,0.98626596,0.9797611,0.9775224,0.9755867,0.96537656,0.9839789,0.9752319,0.98115116,0.98517007,0.9804624,0.95463175,0.979446,0.988035,0.9900285,0.98346967,0.9932525,0.98390853,0.98913646,0.98829657,0.976569,0.9866465,0.9836258
arcticmovie,0.9949358,0.9941932,0.98955536,0.9674869,0.98522586,0.9749313,0.9882412,0.98783576,0.993984,0.9782972,0.9903831,0.9852507,0.98408794,0.9900709,0.98256665,0.9780517,1.0000001,0.99120355,0.9933582,0.97808653,0.9834541,0.9884698,0.9789865,0.98858094,0.98868465,0.6542138,0.9878675,0.9916296,0.9896466,0.97618043,0.9719472,0.9847993,0.9701084,0.9825321,0.9788163,0.85121894,0.98003566,0.9849494,0.991931,0.9853935,0.98604226,0.9851967,0.9721653,0.9907911,0.9912019,0.9864016,0.97759145,0.97390646,0.9835291,0.9908677,0.9911835,0.98991036,0.9687608,0.9905785,0.97642654,0.97968,0.9776075,0.99051833,0.9808579,0.98849994,0.9781468,0.9792324,0.98592395,0.9829384,0.9934404,0.98348844,0.98847926,0.989316,0.9766475,0.9894912,0.98945737,0.5391279,0.963012,0.98209643,0.9586796,0.964362,0.89470434,0.98771757,0.9903656,0.972888,0.9906421,0.9857474,0.98184294,0.9744718,0.98476815,0.96223485,0.9919051,0.99524623,0.9839376,0.99244666,0.9842978,0.98945737,0.9908517,0.9591173,0.99081135,0.9902584,0.98483104,0.99272454,0.9853246,0.9841495,0.98075444,0.99319196,0.9445389,0.98958904,0.98401254,0.9916237,0.99308753,0.9836125,0.9832967,0.9751104,0.9902079,0.5826056,0.99111813,0.78473675,0.98256797,0.9913568,0.99005914,0.9580097,0.98559725,0.99062395,0.98789996,0.989553,0.9851845,0.95260113,0.9871899,0.9829482,0.99132293,0.98612136,0.9859402,0.9310093,0.97859275,0.964834,0.99860114,0.98791546,0.99269754,0.98181176,0.9847931,0.9897608,0.9897771,0.98801005,0.993984,0.9925981,0.97953093,0.98556715,0.9927603,0.97730315,0.9768844,0.97912014,0.98638576,0.9826796,0.9814551,0.98922527,0.9956867,0.9782192,0.9879848,0.9917019,0.9879102,0.98331803,0.9834269,0.98917156,0.993984,0.9762218,0.97762823,0.9812694,0.9881934
artofracingmovie,0.99045163,0.9795287,0.9841976,0.97696877,0.99129397,0.9744907,0.9841826,0.9870088,0.9926582,0.98063016,0.98500663,0.9855213,0.9913271,0.9866802,0.98395884,0.97152674,0.99120355,1.0,0.9875744,0.98409677,0.9919034,0.9909946,0.98139423,0.9896566,0.9881719,0.6740735,0.99046713,0.9897041,0.986258,0.9699847,0.98055094,0.9842974,0.96353644,0.9885219,0.96814847,0.87946206,0.98205787,0.9845331,0.9894393,0.983381,0.9858302,0.9876756,0.9726854,0.9889643,0.99184084,0.9910458,0.9834483,0.97629654,0.9851557,0.99042827,0.9890726,0.99142,0.9790898,0.9913326,0.9844191,0.98760414,0.9742385,0.9899599,0.98489696,0.99111426,0.9767266,0.97871786,0.99016273,0.9908383,0.9910363,0.98139274,0.9732075,0.9907161,0.97998387,0.99365085,0.98979837,0.5906625,0.97555333,0.9803862,0.96708065,0.9640125,0.9133276,0.98701525,0.98890436,0.97634345,0.99100065,0.985807,0.9876518,0.97764456,0.9911447,0.9471076,0.9963509,0.9922684,0.98039144,0.9892719,0.9879298,0.98979837,0.9832583,0.94941133,0.9865282,0.994288,0.97861516,0.9945853,0.9796898,0.97755766,0.98938066,0.99032545,0.94286746,0.9875948,0.9745499,0.9880544,0.9947613,0.9855331,0.9822575,0.974917,0.9856882,0.6152248,0.99108595,0.81204396,0.9877766,0.993271,0.9906533,0.9649437,0.98879415,0.9869259,0.98390144,0.98383087,0.9853763,0.96034914,0.988817,0.97548103,0.9762247,0.98945093,0.9896005,0.94604063,0.979392,0.97479516,0.99272484,0.9876179,0.9912358,0.9715576,0.9853636,0.9893174,0.9896632,0.99381804,0.9926582,0.9947154,0.98420763,0.9881516,0.9936818,0.9854641,0.9837569,0.9671392,0.9839631,0.98685896,0.9822745,0.9802135,0.9917001,0.97267085,0.991683,0.9889885,0.9808483,0.9933041,0.9789459,0.9922198,0.9926582,0.9709719,0.97178394,0.9839014,0.9883749
avengers,0.9968389,0.98580676,0.998093,0.9713026,0.9851794,0.97640085,0.9871787,0.9950835,0.99560136,0.9864935,0.9822117,0.98763955,0.98394793,0.98625475,0.9911218,0.98331666,0.9933582,0.9875744,1.0,0.9878299,0.98432195,0.98994535,0.9773267,0.99108523,0.9878958,0.61702216,0.9905686,0.98696715,0.992637,0.98839647,0.98667043,0.9814482,0.9757794,0.97694814,0.96219265,0.8500312,0.9903153,0.988127,0.9935637,0.98763895,0.9961525,0.982785,0.967304,0.9922509,0.9909919,0.98760265,0.9792227,0.9706516,0.9812919,0.9878739,0.9932494,0.9887171,0.9639259,0.99176383,0.9779798,0.9879419,0.9809615,0.98982245,0.98805255,0.9946663,0.98622274,0.98444724,0.98600334,0.9806879,0.99110305,0.9793539,0.97718054,0.9829628,0.98075414,0.9819942,0.9952178,0.5265278,0.97126067,0.9848942,0.9589889,0.97378546,0.8734077,0.9902916,0.9968214,0.9759351,0.9899799,0.98900133,0.9898089,0.9773742,0.98561066,0.9684253,0.9813084,0.99435633,0.98587453,0.9976319,0.99202764,0.9952178,0.9890571,0.9495564,0.99687636,0.9896581,0.98292893,0.9959471,0.99066544,0.9741722,0.98611563,0.99168503,0.9543017,0.9955218,0.98142654,0.9931927,0.9925437,0.98529786,0.9858297,0.9701984,0.9923437,0.60142106,0.98766726,0.7728631,0.9869884,0.99143887,0.9952344,0.9535339,0.9912886,0.9900589,0.9907024,0.99109155,0.9823711,0.9538763,0.9873864,0.9856895,0.98531586,0.9922767,0.98816186,0.9248948,0.9742361,0.96523404,0.9944144,0.9773106,0.9927352,0.98707163,0.9914624,0.98505986,0.9962477,0.9805897,0.99560136,0.9944761,0.97643334,0.98591757,0.995594,0.98068124,0.9845625,0.9607802,0.9862085,0.9880369,0.98441637,0.991654,0.99647284,0.9836143,0.99049485,0.9924547,0.9832377,0.98927087,0.98629594,0.99049014,0.99560136,0.98096615,0.989346,0.9833073,0.9912648
beachbummovie,0.97830147,0.97549874,0.9854291,0.9636558,0.9784281,0.9606167,0.9786764,0.9887778,0.98502964,0.9835181,0.9718772,0.9787287,0.9731919,0.98157924,0.9919184,0.9811352,0.97808653,0.98409677,0.9878299,1.0,0.9823012,0.9892049,0.9710535,0.9809462,0.9745238,0.58767194,0.9881106,0.9757505,0.98587346,0.98096085,0.9892379,0.96990323,0.9770152,0.9704174,0.9373451,0.8396974,0.98210454,0.97214824,0.9810075,0.9788831,0.984461,0.971826,0.94215274,0.97935927,0.9848724,0.9806559,0.9761492,0.9656462,0.9596244,0.9753859,0.98541415,0.97732896,0.95674175,0.981348,0.96521276,0.9875192,0.98692596,0.9781611,0.980393,0.98523265,0.9811748,0.96649534,0.9840335,0.9824673,0.9722425,0.96210754,0.9458253,0.9746232,0.9865117,0.9717189,0.9831414,0.52731603,0.98502845,0.97266006,0.9558323,0.9797861,0.865911,0.98945385,0.9891165,0.9676045,0.97693336,0.9812464,0.9813784,0.9654704,0.9793236,0.9626694,0.97310275,0.9805312,0.9672134,0.9896828,0.989155,0.9831414,0.96878666,0.9494982,0.9907098,0.9818963,0.9810057,0.98743564,0.9777065,0.9588857,0.98182565,0.98792773,0.94900733,0.9841237,0.9803599,0.98510426,0.9782843,0.98144084,0.993722,0.9616666,0.9802765,0.5932399,0.97934216,0.7452482,0.9859897,0.9867887,0.9800812,0.947958,0.9835685,0.9857742,0.97597826,0.9734457,0.9700194,0.9429727,0.98030347,0.9793797,0.96629316,0.98736674,0.97557676,0.9038498,0.9598043,0.96398073,0.9820512,0.9683346,0.97867596,0.9831205,0.98621655,0.97210985,0.9869964,0.9789928,0.98502964,0.99015355,0.96216923,0.9789587,0.9844185,0.96920115,0.9772492,0.94062364,0.9740218,0.97134787,0.9808191,0.97103286,0.9815303,0.97760165,0.9756798,0.97738147,0.9760165,0.9867226,0.97838306,0.9845005,0.98502964,0.98104703,0.98490006,0.9747427,0.9882008
bernadettefilm,0.9837916,0.9764549,0.98279566,0.9864042,0.99570477,0.9806469,0.98171616,0.9907421,0.9952061,0.9794253,0.97896963,0.97400177,0.9925714,0.97983134,0.9860314,0.9842103,0.9834541,0.9919034,0.98432195,0.9823012,1.0000001,0.99198306,0.99142784,0.9934568,0.9940726,0.6169393,0.9908573,0.98974454,0.9893356,0.9747804,0.9839155,0.9856548,0.9646316,0.9875683,0.97423655,0.8928328,0.99154365,0.9918094,0.9944568,0.9829116,0.98567635,0.9887675,0.96411204,0.9880136,0.99519485,0.9844162,0.9942574,0.9783367,0.98306876,0.9894946,0.9880458,0.9902856,0.9823913,0.9890192,0.982445,0.9929866,0.9822147,0.992073,0.9913462,0.9950062,0.98645383,0.9891413,0.9901104,0.98766404,0.98616195,0.9820355,0.96237004,0.9904007,0.9827335,0.9835125,0.99426,0.5713391,0.9874318,0.98334634,0.97917247,0.9717731,0.9156587,0.9882872,0.99079204,0.982211,0.99332076,0.98556864,0.9898307,0.9856991,0.99084526,0.95708066,0.9900864,0.99346405,0.98364466,0.9906724,0.991507,0.99426,0.9855083,0.9558692,0.9883711,0.9956862,0.97916526,0.99351424,0.976322,0.9830712,0.99299496,0.9832263,0.9492685,0.98946136,0.97394264,0.98771375,0.99143213,0.9886024,0.98393,0.9722488,0.9924552,0.6037669,0.99398583,0.8125267,0.987481,0.99297845,0.9897948,0.9793801,0.9968033,0.9815751,0.9827215,0.9890245,0.9942175,0.9664465,0.990635,0.98161113,0.981263,0.98920727,0.99331695,0.9433547,0.99008065,0.9738725,0.98759687,0.9806743,0.99088436,0.9714118,0.9921484,0.98602563,0.99288267,0.9748789,0.9952061,0.9950187,0.9843259,0.98772323,0.9881434,0.9886539,0.9872461,0.97370094,0.98345196,0.98427474,0.9829422,0.981591,0.9856088,0.954663,0.99432725,0.9909527,0.98488903,0.99476403,0.9901631,0.9938585,0.9952061,0.98101485,0.9720794,0.98973227,0.9876028
