movie,21bridgesmovie,47metersdown,abeautifuldaymovie,abominablemovie,adastramovie,adogsjourneymovie,aftermathmovie,aftermovie,ahiddenlifefilm,alitamovie,angelhasfallen,angrybirdsmovie,annabellemovie,annamovie,apollo11movie,arcticdogsmovie,arcticmovie,artofracingmovie,avengers,beachbummovie,bernadettefilm,blackandbluemovie,blackchristmas,blindedbythelightmovie,bombshellmovie,booksmart,breakthroughmovie,brianbanksmovie,brightburnmovie,brittanyrunsmov,captainmarvelofficial,captivestatemovie,catsmovie,charliesangels,childsplaymovie,clarathefilm,coldpursuitmovie,countdown,currentwarmovie,darkwatersmovie,detectivepikachumovie,disneyaladdin,disneyfrozen,disneymaleficent,doctorsleepmovie,dolemiteismyname,dontletgomovie,doramovie,downtonabbey_official,dumbo,escaperoom,everybodyknowsmovie,fastandfuriousmovie,fightingwmyfam,fivefeetapartfilm,fordvferrari,freaksthefilm,geminimanmovie,glassmovie,gloriabellmovie,godzillamovie,goldfinchmovie,goodboysmovie,goodliarmovie,gretafilm,halathemovie,happydeathdaymovie,harrietfilm,hellboymovie,hersmellmovie,highlifemovie,highstrungmovie,honeyboymovie,hotelmumbaifilm,httydragon,hustlemovie,hustlersmovie,isntitromantic,itmovieofficial,jayandsilentbob,johnwickmovie,jojorabbitmovie,jokermovie,judythefilm,jumanjimovie,justmercyfilm,knivesout,lalloronamovie,lastblackmansf,lastchristmasthemovie,latenightmovie,lighthousemovie,lionking,littlethemovie,littlewomenmovie,littlewoodsfilm,longshotmovie,lordsofchaosmovie,lucyintheskyfilm,mamovie2019,marriagestory,meettheaddams,meninblack,midsommarmovie,midwaymovie,missbalamovie,missinglinkfilm,motherlessbklyn,onceinhollywood,onthebasisofsex,overcomermovie,peanutbutterfalcon,petsematarymovie,piercingmovie,playingwithfire,playmobilthemovie,pomsmovie,queenandslim,rambomovie,readyornotfilm,richardjewellfilm,rocketmanmovie,scarystoriesmovie,secretlifeofpets,serenityfilm,shaftmovie,shazammovie,spidermanmovie,spiesindisguise,starwars,stormboymovie,stubermovie,taosdfilm,teenspiritmov,terminator,theaeronautsmov,thebestofenemies,thedeaddontdie,thefarewell,thehighwaymen,thehummingbirdprojectfilm,theintrudermovie,theirishmanfilm,thekitchenmovie,thelegomovie,themustangfilm,thenightingalefilm,theprodigymovie,thesunisalsoastar,theupsidefilm,tolkienmovie,toystory,triplefrontier,uglydolls,uncutgems,underthesilverlake,usmovie,wavesmovie,whatmenwant,wonderparkmovie,wrinklestheclown,xmenmovies,yardiefilm,yesterdaymovie,zombieland
21bridgesmovie,0.99999994,0.94484633,0.951837,0.9416634,0.9557903,0.9491271,0.96179074,0.9502105,0.97799855,0.95067745,0.95048434,0.93913263,0.9499259,0.9565664,0.95779335,0.95456874,0.9567654,0.9420751,0.9704466,0.95303136,0.9544766,0.950884,0.95847094,0.95196646,0.9428987,0.9122536,0.9494851,0.95361114,0.95391065,0.944499,0.9483949,0.9464524,0.9451375,0.94326437,0.9463982,0.9290506,0.96170545,0.9645562,0.94677883,0.9438634,0.9559552,0.9606102,0.94296175,0.95616347,0.95918703,0.94958556,0.95204496,0.94264555,0.95176977,0.9612433,0.95942956,0.9561945,0.93884,0.95281607,0.9455655,0.94948626,0.9426593,0.9496849,0.9527445,0.9594421,0.94854355,0.94273514,0.9604986,0.95362043,0.9431279,0.93810284,0.9361973,0.9533638,0.944525,0.93238604,0.9627924,0.844315,0.93664026,0.96243703,0.940485,0.94510734,0.9464109,0.9449914,0.94273776,0.9433368,0.9538073,0.95140886,0.95827293,0.93840295,0.9571129,0.9341832,0.9572351,0.9529058,0.9560164,0.951709,0.95315915,0.9627924,0.94527787,0.9568361,0.95010173,0.946615,0.95335394,0.9420119,0.9614534,0.95943636,0.95785874,0.9394642,0.9436388,0.95496815,0.94998825,0.95839125,0.9594506,0.95516497,0.9511914,0.9544095,0.95967233,0.9188198,0.95781004,0.93542826,0.954569,0.96806103,0.9902909,0.951984,0.95782167,0.9504155,0.94796544,0.93980235,0.95816565,0.9381999,0.9432799,0.95435053,0.95056444,0.9522771,0.95512605,0.9175532,0.9601434,0.9530582,0.9537439,0.94674176,0.94621915,0.9548615,0.96930295,0.9521741,0.96149784,0.9502861,0.97799855,0.9519255,0.9543486,0.9400072,0.9383277,0.9494917,0.9488091,0.94584733,0.9554678,0.96529484,0.954192,0.95075935,0.9560762,0.9612119,0.9485393,0.9476987,0.9458967,0.9558226,0.9535381,0.94571674,0.97799855,0.94645596,0.9459082,0.95588994,0.95394343
47metersdown,0.94484633,0.99999976,0.9429488,0.9319488,0.9408256,0.95177144,0.9523396,0.93895674,0.96554023,0.94133335,0.942065,0.9358302,0.92153937,0.9467454,0.9436446,0.957434,0.9369172,0.9309065,0.9406832,0.93741184,0.9312631,0.93178886,0.93570447,0.9405024,0.92605287,0.9047962,0.93884,0.92754704,0.9382394,0.94799745,0.9396679,0.93344635,0.9382216,0.9393069,0.9452959,0.91249037,0.94854295,0.93437487,0.9361667,0.93515027,0.94425035,0.94672316,0.9486053,0.9432027,0.944427,0.9305543,0.93613905,0.9370842,0.926688,0.9432172,0.9470134,0.94862974,0.9236271,0.936124,0.9305282,0.9347161,0.93009084,0.9444612,0.94334674,0.93957645,0.9308168,0.9400284,0.9360903,0.93660426,0.93791276,0.9326667,0.9188516,0.9391718,0.9338906,0.9067222,0.9450671,0.82323706,0.9370438,0.94761145,0.9289199,0.91660744,0.91122866,0.9422684,0.9479138,0.93792367,0.9435362,0.93535364,0.9373714,0.92421436,0.9536825,0.94070476,0.94574624,0.93473387,0.93857485,0.9471891,0.9433104,0.9450671,0.94676745,0.9435577,0.94261855,0.9451209,0.94579244,0.9268148,0.9447381,0.94171476,0.9328573,0.9290662,0.9376756,0.9425257,0.95646393,0.9463292,0.94117355,0.9365556,0.94762194,0.9443821,0.9361574,0.90450984,0.9532637,0.9144698,0.9445375,0.9459079,0.95024484,0.9413258,0.93863916,0.93754447,0.9363848,0.9425502,0.9402589,0.9393031,0.92829704,0.95267594,0.9370608,0.945465,0.9365878,0.9312627,0.93687373,0.9274149,0.93414474,0.9260653,0.9489975,0.94982445,0.94647646,0.93889546,0.95217717,0.9324911,0.96554023,0.9325876,0.93145293,0.9257138,0.9248769,0.93383884,0.93612427,0.9347784,0.92932856,0.93997645,0.9434276,0.95424736,0.9346803,0.90438026,0.93617135,0.93362635,0.9295263,0.9376296,0.94152826,0.93728733,0.96554023,0.9334239,0.92838055,0.9377612,0.9436277
abeautifuldaymovie,0.951837,0.9429488,1.0000001,0.9572449,0.9470708,0.9643992,0.95963687,0.95851487,0.976396,0.950637,0.95251346,0.95292723,0.956424,0.95152813,0.95745224,0.95230573,0.9460924,0.9404382,0.942389,0.93926555,0.94461715,0.9684424,0.96286035,0.9538846,0.9302246,0.9264349,0.9554541,0.9514702,0.9781987,0.9478124,0.9376768,0.9531239,0.9290292,0.95765156,0.96270114,0.94542956,0.956226,0.9488395,0.9523099,0.9437924,0.9504216,0.95632076,0.9461061,0.95629644,0.9520923,0.9531074,0.9581205,0.9460835,0.95303106,0.95598316,0.9813461,0.9634946,0.95457315,0.9452265,0.9367914,0.93754536,0.9532546,0.9537926,0.9472043,0.9474428,0.9377232,0.9542419,0.9644719,0.9470003,0.94966,0.95584685,0.9427712,0.9606406,0.938105,0.9296265,0.9544192,0.8489923,0.9457831,0.9512042,0.9564693,0.9288831,0.9477031,0.93845904,0.94829327,0.95086753,0.93568027,0.9470063,0.96232975,0.9568775,0.96830654,0.93321085,0.9493373,0.9662884,0.94437444,0.94953984,0.9470684,0.9544192,0.9536189,0.9593934,0.9702625,0.9505505,0.95272154,0.94218165,0.95690805,0.95749354,0.95347744,0.9509045,0.9614759,0.95361525,0.9553995,0.97537875,0.9552613,0.95639086,0.9610552,0.9490995,0.9572132,0.91704756,0.95467794,0.9391784,0.9455232,0.9472757,0.9625292,0.9595097,0.9520912,0.96005285,0.94622725,0.9462127,0.94639194,0.9467166,0.937414,0.96269566,0.95269674,0.9637872,0.94457364,0.9220501,0.95539486,0.9451425,0.94265413,0.9441917,0.95950496,0.95056856,0.9502935,0.9479676,0.95553225,0.94420135,0.976396,0.97108984,0.950784,0.93621063,0.9428864,0.9481495,0.94602096,0.95392805,0.95603085,0.9560463,0.9581988,0.9634769,0.9505679,0.945963,0.94596297,0.94960773,0.9472429,0.9461839,0.95379835,0.9536746,0.976396,0.94153583,0.948611,0.9622228,0.97669166
abominablemovie,0.9416634,0.9319488,0.9572449,1.0000005,0.942821,0.9548437,0.9454033,0.95242417,0.9723058,0.9497423,0.9476002,0.9489919,0.96122766,0.9399385,0.94316584,0.9402006,0.94729346,0.93888634,0.93759155,0.9312137,0.94310445,0.94837934,0.9561752,0.9474351,0.92542565,0.9147539,0.9419766,0.9414946,0.95982593,0.9434721,0.9416923,0.94567233,0.94014555,0.95084065,0.95787,0.94770634,0.9539828,0.95994866,0.9340274,0.94319993,0.9467666,0.95518464,0.9448739,0.95701826,0.9533136,0.9478091,0.9569809,0.94955075,0.9426811,0.9590829,0.96192396,0.9566653,0.93598366,0.93746203,0.95309514,0.9453145,0.94198716,0.9380743,0.9541752,0.9305695,0.9507965,0.95876884,0.95179284,0.9458142,0.9480364,0.9466866,0.9408848,0.957069,0.94086933,0.9144187,0.9423171,0.8701218,0.9551434,0.95220816,0.94425905,0.9211301,0.92973405,0.9423817,0.9417206,0.94255733,0.94342047,0.9517603,0.9522412,0.9522134,0.9569907,0.9233686,0.9581754,0.950062,0.9468709,0.95060253,0.94379365,0.9423171,0.9397298,0.94244254,0.95627105,0.9499868,0.9416869,0.93809026,0.9359512,0.95410705,0.9529645,0.93940806,0.9449927,0.9435767,0.94139296,0.9571368,0.9552369,0.94169027,0.94832295,0.94787157,0.94754916,0.89051235,0.9434006,0.9339983,0.9380452,0.9412856,0.9543464,0.9522604,0.9437841,0.94857186,0.9488188,0.94157803,0.9561003,0.93702847,0.9387027,0.95184326,0.9395345,0.9520671,0.94134355,0.911722,0.94433486,0.9323072,0.9423399,0.9365624,0.9347543,0.9491727,0.9435673,0.93675727,0.9492385,0.9406099,0.9723058,0.9511414,0.9469894,0.9380401,0.94244766,0.94903886,0.9459191,0.9484371,0.9493406,0.9460056,0.94385415,0.94257563,0.93783474,0.93705213,0.9382424,0.932026,0.9501066,0.9371003,0.94032615,0.9348016,0.9723058,0.9358082,0.94887596,0.9627058,0.95450675
adastramovie,0.9557903,0.9408256,0.9470708,0.942821,1.0000002,0.9496545,0.9546301,0.96708304,0.9749647,0.96014494,0.95822793,0.9519862,0.9385389,0.93997437,0.95328504,0.95635736,0.9507284,0.9773772,0.9472378,0.9499757,0.94981897,0.9446036,0.94600433,0.95594907,0.9462391,0.919261,0.95732206,0.9484689,0.9488805,0.9416357,0.9482661,0.9484168,0.9447946,0.9457885,0.94799656,0.9219611,0.9562745,0.9516801,0.9384324,0.95528585,0.9546116,0.95180386,0.95143074,0.9502074,0.95073164,0.9531873,0.94452924,0.94309396,0.945204,0.95706123,0.95261604,0.95704424,0.9370874,0.9460052,0.9407521,0.9687988,0.9506142,0.93960613,0.9497418,0.9489311,0.9424295,0.9399424,0.96122324,0.9457316,0.94101626,0.9481656,0.9329322,0.95455086,0.9420143,0.9223497,0.95978534,0.85049105,0.94144034,0.9586149,0.94716,0.9390743,0.93216634,0.9386214,0.95284706,0.943527,0.9445458,0.95303744,0.95751464,0.9397996,0.9493339,0.9392022,0.9536607,0.9494175,0.9548442,0.9503261,0.9428076,0.95978534,0.95350134,0.95477766,0.94834155,0.9459076,0.95211285,0.93836105,0.951943,0.9470954,0.95390826,0.95144755,0.9508719,0.96068,0.94318384,0.9533727,0.965631,0.9503111,0.9461651,0.95942867,0.9520715,0.92091346,0.9415408,0.93263376,0.94115716,0.9447048,0.9617237,0.95193154,0.9604431,0.94263256,0.95476204,0.94431037,0.9455539,0.9237845,0.95328385,0.9552914,0.94450235,0.9424041,0.95438826,0.92350984,0.9616892,0.9666664,0.9448598,0.940179,0.9455265,0.94967115,0.95812476,0.9479634,0.9583968,0.95915955,0.9749647,0.9513526,0.9488728,0.9386211,0.9398562,0.94966793,0.93651783,0.9472729,0.9505252,0.9474196,0.94842523,0.9492117,0.95257664,0.93460345,0.95504534,0.9503655,0.94178176,0.95300364,0.95470387,0.93521863,0.9749647,0.9605246,0.9469455,0.95107603,0.9439943
adogsjourneymovie,0.9491271,0.95177144,0.9643992,0.9548437,0.9496545,0.9999997,0.9531617,0.95383096,0.97537315,0.94781995,0.9503431,0.958964,0.9481285,0.9473855,0.95314,0.95596015,0.9573625,0.940544,0.9471188,0.9376039,0.94224495,0.956466,0.96108544,0.95531803,0.9308149,0.9274104,0.9530306,0.94381654,0.9646803,0.94979274,0.9467705,0.9478257,0.9434227,0.95945776,0.96124715,0.93177646,0.95843357,0.94460505,0.9506604,0.94490325,0.9557715,0.9547206,0.9482834,0.9516296,0.9546793,0.9468224,0.9608285,0.94081765,0.94874245,0.9503701,0.9708593,0.9619323,0.9451488,0.9493009,0.9339283,0.9458674,0.94326496,0.9427605,0.949614,0.93684834,0.93982005,0.9603089,0.95291257,0.9480329,0.94845295,0.9471073,0.94059086,0.9572735,0.94691294,0.9311449,0.9490183,0.84735346,0.94811827,0.9420732,0.9512143,0.93291754,0.9365312,0.93918955,0.9530965,0.952733,0.9400216,0.9495016,0.9581927,0.9496143,0.9604463,0.9356212,0.9575664,0.95923966,0.9463248,0.94820446,0.9467565,0.9490183,0.9537955,0.9398069,0.96808064,0.9548499,0.9524554,0.93553865,0.95589435,0.95877,0.94625765,0.949593,0.9566204,0.94883466,0.94338226,0.968249,0.9575606,0.95428854,0.9533926,0.9530773,0.9605915,0.90938836,0.94679356,0.933727,0.9450701,0.95008534,0.9562012,0.9670232,0.9585983,0.94755006,0.9481367,0.94329196,0.94905967,0.9609969,0.94313425,0.9567929,0.9570402,0.9641345,0.9446602,0.92850304,0.9486484,0.9426723,0.94068944,0.93302757,0.94613063,0.95283884,0.9433303,0.95601517,0.9526028,0.93776584,0.97537315,0.9590836,0.94427174,0.93894625,0.9402939,0.9427007,0.9392375,0.9451954,0.9505145,0.95266825,0.95395994,0.9546868,0.9444899,0.93065804,0.94114786,0.9389365,0.9461823,0.9452497,0.9352994,0.93470013,0.97537315,0.94525564,0.9444207,0.96583515,0.965776
aftermathmovie,0.96179074,0.9523396,0.95963687,0.9454033,0.9546301,0.9531617,0.99999976,0.9568285,0.98055947,0.9497057,0.955921,0.93898517,0.95104986,0.9547369,0.96183455,0.95547867,0.95493656,0.9497324,0.9506068,0.9515742,0.9539619,0.95537007,0.9571338,0.9436824,0.9480189,0.9195069,0.9462692,0.94942296,0.96080446,0.9481859,0.9522744,0.94767773,0.94413054,0.9391574,0.9545712,0.9409599,0.96599865,0.948803,0.95696163,0.9582536,0.94583344,0.96325725,0.9449871,0.9569528,0.9605268,0.95827544,0.9574406,0.95783186,0.9588229,0.955699,0.9664899,0.96788514,0.949248,0.9533686,0.93951607,0.950096,0.9596369,0.9609536,0.95404875,0.96569836,0.94264734,0.95955217,0.9674675,0.9479511,0.9577556,0.94609785,0.94149673,0.95764625,0.9459562,0.9480913,0.9665832,0.82843125,0.9426975,0.9588995,0.9451223,0.9545035,0.9439935,0.946314,0.94476503,0.96117276,0.9558654,0.96602887,0.95893896,0.9384706,0.96016455,0.94899833,0.95707047,0.96409845,0.9589661,0.9656882,0.9609166,0.9665832,0.9441655,0.95632565,0.9565616,0.95716447,0.9589346,0.95847726,0.97703326,0.9549578,0.9646604,0.95597374,0.9578464,0.95892584,0.96025467,0.96554446,0.9584663,0.9479202,0.9556943,0.9489189,0.95357734,0.9222998,0.9534664,0.9503391,0.9472605,0.9592143,0.9697151,0.9569186,0.9568082,0.98473835,0.95290464,0.942071,0.960539,0.9494433,0.9562113,0.96171373,0.9583151,0.95739305,0.956443,0.93676114,0.96113116,0.9577916,0.9489844,0.93705523,0.95876765,0.9588289,0.9603276,0.95584905,0.96313244,0.9616674,0.98055947,0.9560128,0.9587533,0.94497406,0.9433895,0.9650883,0.96093005,0.9486628,0.94664025,0.9535456,0.9837739,0.95374596,0.956334,0.93452847,0.95597583,0.95572686,0.9520623,0.9589946,0.95168835,0.94471806,0.98055947,0.94752616,0.95130223,0.96430355,0.9625993
aftermovie,0.9502105,0.93895674,0.95851487,0.95242417,0.96708304,0.95383096,0.9568285,1.0000002,0.9775789,0.95382303,0.95656896,0.94464797,0.94770956,0.94740885,0.95117176,0.9473462,0.95150626,0.9613375,0.9444841,0.94352704,0.94887257,0.9489345,0.95787525,0.95650446,0.9411307,0.9272273,0.9541725,0.95085174,0.9560435,0.9432715,0.94742906,0.9527658,0.9380217,0.94426835,0.9552151,0.92741734,0.9566563,0.94422626,0.9484529,0.9508218,0.9451858,0.95719033,0.9455504,0.94973254,0.9551539,0.9536267,0.9585014,0.94733274,0.95391905,0.95612365,0.95854455,0.9622824,0.9524465,0.9600382,0.94993067,0.9498266,0.9488133,0.9464802,0.94560975,0.9429491,0.9434855,0.9503632,0.9635756,0.9448046,0.952003,0.9565416,0.93782586,0.9535613,0.9427315,0.92211306,0.9569356,0.84841186,0.93559283,0.9526455,0.9517161,0.94273686,0.9292984,0.93293667,0.9461258,0.94461983,0.94371307,0.9535458,0.95745516,0.95105565,0.95780134,0.938024,0.9549238,0.95405084,0.94571495,0.9499996,0.95602715,0.9569356,0.94640607,0.95277584,0.95529956,0.95218587,0.95403534,0.9409528,0.95016545,0.949142,0.959257,0.9503017,0.9494327,0.9583532,0.951877,0.96054155,0.95751387,0.95205104,0.95206,0.953887,0.95292354,0.9104066,0.94983375,0.9366144,0.94515646,0.9435954,0.9601357,0.95340335,0.95173043,0.9473982,0.9493138,0.946295,0.9499928,0.93014866,0.9488034,0.9558253,0.9473128,0.9489393,0.9475275,0.9172116,0.9569256,0.94834256,0.95078194,0.9409448,0.9506289,0.9492016,0.95405436,0.95339084,0.9526427,0.9515993,0.9775789,0.95413613,0.9631868,0.9342491,0.94008243,0.95442593,0.944703,0.9455029,0.9554244,0.94685996,0.9499212,0.9481486,0.9532975,0.9287766,0.9532942,0.9523344,0.94894445,0.9500711,0.960428,0.9358901,0.9775789,0.95081913,0.95236063,0.95865685,0.9553873
ahiddenlifefilm,0.97799855,0.96554023,0.976396,0.9723058,0.9749647,0.97537315,0.98055947,0.9775789,0.99999976,0.9701575,0.9750402,0.961699,0.97147393,0.97327024,0.97787565,0.9741012,0.97476155,0.9679857,0.9716609,0.96853507,0.97200644,0.9719084,0.98018384,0.9726236,0.9608748,0.9351303,0.96722996,0.96958107,0.97581935,0.9675202,0.96832436,0.96837234,0.9657431,0.96524155,0.97469324,0.9562732,0.983079,0.9710653,0.9660873,0.9725583,0.97263,0.97859246,0.9694962,0.9749647,0.9752587,0.9720397,0.9779551,0.9679192,0.9726993,0.97915584,0.9815477,0.9822252,0.96398,0.9719159,0.9621707,0.97065866,0.966397,0.97218007,0.97223777,0.9725315,0.96596706,0.97241765,0.9767626,0.971088,0.97203755,0.96461695,0.9595972,0.97680545,0.96778756,0.9452562,0.9773124,0.8623612,0.9636429,0.97475916,0.96584743,0.95973855,0.95607764,0.96561176,0.9687534,0.9678013,0.9724178,0.97547543,0.9789738,0.96351534,0.9791495,0.9583639,0.9756127,0.97710925,0.97216475,0.9752765,0.97325677,0.9773124,0.9675898,0.97085,0.97619367,0.9725087,0.9751966,0.96550024,0.97249943,0.97801983,0.97578055,0.9705144,0.9677573,0.9764663,0.97157246,0.98080015,0.98034,0.9731898,0.97360903,0.9706677,0.97683287,0.92951953,0.9739163,0.9593361,0.9689583,0.97294587,0.98323286,0.97718763,0.97778034,0.9738032,0.9730889,0.9679897,0.9762463,0.9601107,0.970006,0.97633207,0.97237194,0.974577,0.9691322,0.9494896,0.97626394,0.96655715,0.9682272,0.9600537,0.97144085,0.97357804,0.9725516,0.96988434,0.9764779,0.9692449,0.99999976,0.97158355,0.9745709,0.96238303,0.9627093,0.9749059,0.9691797,0.9686506,0.9744416,0.9727046,0.97384757,0.9706762,0.97059596,0.9564816,0.9695371,0.96558356,0.96913815,0.9675949,0.97051585,0.9644577,0.99999976,0.9678471,0.96872306,0.9803839,0.9750183
alitamovie,0.95067745,0.94133335,0.950637,0.9497423,0.96014494,0.94781995,0.9497057,0.95382303,0.9701575,0.9999998,0.946007,0.9462163,0.9402258,0.950351,0.95107013,0.9439302,0.9496611,0.9599306,0.9400799,0.93784213,0.944584,0.94464415,0.9436013,0.95888525,0.9366274,0.8946753,0.9430495,0.9491513,0.94398785,0.93988115,0.9372638,0.94011897,0.934909,0.9465101,0.9410042,0.9173618,0.9508345,0.9499696,0.93216705,0.94670475,0.9467509,0.94675726,0.9473798,0.94415194,0.94698524,0.9415404,0.94024503,0.9376595,0.9303183,0.9495757,0.9515755,0.9536156,0.94450295,0.94420075,0.9402423,0.9530105,0.94468963,0.93581444,0.9425299,0.9334546,0.93425983,0.9472645,0.95524704,0.947431,0.94356793,0.93031704,0.92725223,0.9511629,0.93772906,0.9048634,0.9472705,0.8421286,0.93377334,0.95038265,0.93915904,0.93480706,0.9227237,0.9423669,0.95517915,0.92941886,0.9462521,0.941371,0.9513043,0.9401656,0.96423185,0.92828435,0.947213,0.94959337,0.9484207,0.95583504,0.9507578,0.9472705,0.9414428,0.93580794,0.9513978,0.9491333,0.9449015,0.93598276,0.9427201,0.9455628,0.9469574,0.9409343,0.9359435,0.95613945,0.96283996,0.9513388,0.95769936,0.9485501,0.9512863,0.9501439,0.94346786,0.90670735,0.93773764,0.92979604,0.94158787,0.9513817,0.96339977,0.94813347,0.957718,0.9470724,0.955016,0.93839216,0.94878227,0.9337925,0.9457839,0.95102423,0.95334023,0.94108444,0.9546953,0.9221954,0.9555318,0.9532265,0.9495654,0.94097114,0.9443366,0.9447003,0.94879574,0.9445763,0.95644283,0.9484167,0.9701575,0.9411582,0.93832743,0.9408869,0.9377569,0.94953746,0.9489312,0.9381044,0.9528709,0.948063,0.946119,0.94735944,0.940113,0.9349028,0.9456265,0.9343452,0.9385473,0.9422633,0.937723,0.93109715,0.9701575,0.9559834,0.93990153,0.94883335,0.94369173
angelhasfallen,0.95048434,0.942065,0.95251346,0.9476002,0.95822793,0.9503431,0.955921,0.95656896,0.9750402,0.946007,0.9999998,0.9411712,0.940834,0.9445405,0.95488364,0.9462903,0.9456172,0.9559271,0.9441798,0.9466275,0.94459367,0.9432539,0.9591968,0.94824237,0.9331573,0.9156337,0.9474673,0.9440022,0.9554429,0.9438048,0.94222075,0.94609696,0.94142354,0.9451864,0.94645983,0.9324394,0.9604585,0.94836855,0.9320805,0.9486991,0.94426316,0.95624113,0.9527739,0.9564106,0.9518937,0.94236976,0.9580814,0.94210184,0.9549332,0.9557034,0.9595909,0.96328485,0.95087963,0.944743,0.93670493,0.9483366,0.9481173,0.9455892,0.9444461,0.9512793,0.93930286,0.9474201,0.949289,0.9501692,0.9487077,0.9503362,0.93724424,0.95317787,0.96051615,0.92560667,0.9521367,0.8443366,0.9402088,0.9508005,0.9504116,0.9288524,0.93216497,0.94108653,0.9459356,0.94735545,0.96447456,0.951574,0.95265687,0.93997055,0.9487613,0.9290831,0.95815486,0.95010084,0.95025694,0.94911426,0.93988067,0.9521367,0.9532741,0.95494366,0.9476735,0.95573044,0.96686476,0.9434815,0.94756037,0.9599727,0.9475227,0.9540984,0.9471007,0.95033133,0.94738483,0.9569595,0.9568618,0.94959164,0.9446206,0.9397266,0.94991076,0.9298289,0.9546002,0.937401,0.9441136,0.9568426,0.9516649,0.9557883,0.9575172,0.95160633,0.94291085,0.94619846,0.9530502,0.9302097,0.9461034,0.9567016,0.94228655,0.95573,0.9531127,0.93433744,0.9493075,0.94852144,0.9370581,0.93530834,0.95209235,0.9473566,0.9438659,0.9542008,0.9517701,0.94370216,0.9750402,0.9465601,0.9457882,0.9401536,0.9405088,0.9468743,0.94943845,0.9430508,0.94881266,0.935056,0.949094,0.9520603,0.95335394,0.92614657,0.94913036,0.94357806,0.94968086,0.9441138,0.9525958,0.94723684,0.9750402,0.93693715,0.94500643,0.9627567,0.95395666
angrybirdsmovie,0.93913263,0.9358302,0.95292723,0.9489919,0.9519862,0.958964,0.93898517,0.94464797,0.961699,0.9462163,0.9411712,1.0,0.93427306,0.93615603,0.93710023,0.9427452,0.9325679,0.9413595,0.92603624,0.92456746,0.9299747,0.94293827,0.9336036,0.94070137,0.9141301,0.9123992,0.93835944,0.9300573,0.9557298,0.9546621,0.9265471,0.92951983,0.9251432,0.96148664,0.94701207,0.9142383,0.9375199,0.9431167,0.92761666,0.93412375,0.94556636,0.9444929,0.9475216,0.94951904,0.93021464,0.92719615,0.9334745,0.94466335,0.9260896,0.9473729,0.95917934,0.94150853,0.93121696,0.93161744,0.9284957,0.93924475,0.92836696,0.93100494,0.9392878,0.9271286,0.9190123,0.9414488,0.9435781,0.94187933,0.9322699,0.9361224,0.9286414,0.9457298,0.9204905,0.9074077,0.9367929,0.8571887,0.9439921,0.9404827,0.9402593,0.9136824,0.9275443,0.930214,0.9502626,0.9322476,0.9272406,0.9313364,0.94274044,0.9444186,0.9547762,0.92356086,0.9452341,0.9520708,0.9412414,0.93877715,0.9259746,0.9367929,0.9437621,0.93170995,0.9564315,0.93601114,0.9352937,0.91852367,0.93655765,0.93787456,0.93457216,0.92620677,0.94887024,0.9400529,0.9311134,0.9561204,0.9414036,0.9459345,0.9462216,0.94736975,0.9365763,0.8940621,0.9294277,0.9182094,0.92972887,0.9375456,0.9488962,0.94426435,0.9403816,0.9405344,0.9391466,0.9415124,0.9354439,0.93836516,0.92749333,0.9487589,0.93384886,0.9504394,0.9437539,0.90983737,0.93507344,0.9375001,0.9271699,0.9376518,0.9303466,0.9430832,0.93105716,0.93062305,0.95400435,0.928436,0.961699,0.94538057,0.92831373,0.9269471,0.92961234,0.9285112,0.9270423,0.9367325,0.93936235,0.9412749,0.93904394,0.9442669,0.9294978,0.9311382,0.9323715,0.92322916,0.92741835,0.94314736,0.93185544,0.9180951,0.961699,0.9408713,0.92743456,0.9361415,0.9520707
annabellemovie,0.9499259,0.92153937,0.956424,0.96122766,0.9385389,0.9481285,0.95104986,0.94770956,0.97147393,0.9402258,0.940834,0.93427306,1.0,0.9429457,0.9512127,0.9486007,0.9519093,0.93077606,0.9465021,0.93465006,0.94647676,0.95245045,0.9625141,0.9441001,0.9386459,0.91719943,0.9388748,0.9426695,0.9566247,0.9398908,0.93870574,0.94226396,0.93860096,0.93645155,0.9547514,0.94157225,0.95128477,0.9578735,0.9421196,0.9381239,0.95811254,0.947929,0.93859756,0.94850594,0.9538818,0.9479971,0.9595483,0.938614,0.9478913,0.9499823,0.96214026,0.9505692,0.93925357,0.939904,0.94532436,0.9416412,0.9426918,0.94397384,0.93865293,0.9368123,0.9557064,0.95199054,0.95331115,0.9580794,0.94345784,0.9506476,0.9338227,0.95530766,0.9369575,0.92671055,0.94518507,0.8597372,0.947901,0.9495314,0.9413857,0.9320685,0.92841095,0.93087274,0.9327594,0.92777735,0.94055474,0.95646805,0.9648657,0.9398717,0.9592465,0.92962354,0.95430046,0.9703927,0.94030815,0.9532822,0.9555534,0.94518507,0.9305096,0.9440308,0.95186573,0.943152,0.942396,0.9287327,0.9423909,0.9555275,0.9534387,0.94130045,0.93414205,0.94452703,0.9337908,0.9612019,0.9530248,0.9579911,0.9439663,0.94201875,0.94891727,0.90678746,0.9533739,0.93982977,0.93965095,0.94101536,0.9526445,0.9546915,0.94330984,0.95133233,0.96028835,0.93700063,0.9571395,0.9396844,0.94773144,0.942697,0.9492467,0.9520098,0.9404447,0.9106128,0.94827926,0.9363869,0.9488082,0.94309044,0.9447632,0.94768196,0.94154954,0.9345965,0.946034,0.9435442,0.97147393,0.94942987,0.95026547,0.95174366,0.9450723,0.9563707,0.94743454,0.9509854,0.9638747,0.95415795,0.9428206,0.9440635,0.9444022,0.9460215,0.93825716,0.9414957,0.95249134,0.9451134,0.93892837,0.9474237,0.97147393,0.935324,0.9502354,0.9641976,0.95250046
annamovie,0.9565664,0.9467454,0.95152813,0.9399385,0.93997437,0.9473855,0.9547369,0.94740885,0.97327024,0.950351,0.9445405,0.93615603,0.9429457,1.0000001,0.96028054,0.94239473,0.9499412,0.9354242,0.95233107,0.95204425,0.94357,0.9382941,0.9480287,0.95594126,0.93608665,0.894554,0.9304664,0.9496388,0.9530146,0.9342843,0.94608015,0.945491,0.9357521,0.9442938,0.94223267,0.93119264,0.95602834,0.9419063,0.94553226,0.95349896,0.95172983,0.94643354,0.93798953,0.94303495,0.9416052,0.9425775,0.9442586,0.949382,0.947792,0.9435178,0.9590403,0.9546749,0.9373111,0.9462428,0.93963206,0.94946575,0.9350082,0.94777215,0.95006454,0.9428615,0.9420472,0.9429737,0.9517926,0.96842337,0.94760555,0.93920946,0.93078005,0.9576846,0.936643,0.9227119,0.948522,0.8332848,0.937073,0.94969374,0.93860835,0.9292872,0.9201919,0.946702,0.9449897,0.9354933,0.9504184,0.9405619,0.9518974,0.9367961,0.9619989,0.9323565,0.94609463,0.9566237,0.94721115,0.9586403,0.9450682,0.948522,0.9373167,0.9494213,0.95200914,0.9535038,0.9486305,0.93908846,0.94805384,0.9591289,0.95184606,0.950656,0.9352497,0.9479745,0.9598019,0.9574985,0.9478828,0.9526885,0.9487145,0.95316863,0.9482829,0.91287595,0.94983655,0.9304587,0.9445302,0.95501703,0.9590419,0.9599142,0.95423335,0.94626766,0.94955087,0.94488055,0.95446,0.9500557,0.9439851,0.9635003,0.9549789,0.9472436,0.9470617,0.921897,0.9433106,0.94117206,0.94093513,0.93716764,0.9454943,0.9386586,0.9456759,0.94906646,0.9569991,0.94302505,0.97327024,0.9408282,0.95332825,0.9484885,0.94962645,0.9496659,0.93741536,0.941159,0.9531901,0.9458873,0.9540157,0.95224047,0.9528158,0.9277477,0.95011747,0.9307626,0.9292449,0.9468814,0.94671386,0.9347992,0.97327024,0.9467131,0.9473225,0.9460988,0.94906473
apollo11movie,0.95779335,0.9436446,0.95745224,0.94316584,0.95328504,0.95314,0.96183455,0.95117176,0.97787565,0.95107013,0.95488364,0.93710023,0.9512127,0.96028054,1.0000002,0.9490348,0.9462783,0.94486016,0.95032775,0.9721521,0.94970894,0.9551405,0.96554494,0.9529894,0.94122744,0.9033956,0.9490753,0.9417945,0.9616164,0.94681734,0.94275147,0.94061184,0.94369304,0.942493,0.95133764,0.9361621,0.9669805,0.94552207,0.9557303,0.94994587,0.94979775,0.9492577,0.94497776,0.9528872,0.9516583,0.9548411,0.96398586,0.9492698,0.96009576,0.95332,0.96764296,0.95545965,0.9432775,0.94948554,0.94060636,0.9498289,0.9490574,0.95477825,0.9517444,0.9507071,0.94718456,0.95402926,0.95242405,0.951322,0.95207846,0.94470704,0.9347836,0.9496705,0.9446594,0.93600875,0.9527351,0.83526546,0.9427733,0.94183147,0.94660133,0.9449726,0.9303942,0.9422563,0.94022,0.94966,0.9521271,0.95914704,0.9599696,0.9418909,0.95526254,0.94362986,0.9509841,0.9566439,0.94676024,0.95879394,0.9565832,0.9527351,0.9465196,0.9478449,0.9589875,0.9675627,0.95874774,0.9326861,0.957816,0.966101,0.9591763,0.95472455,0.9507905,0.9536046,0.95579433,0.9649288,0.95726776,0.9554091,0.9542795,0.93986875,0.96322435,0.92481893,0.9543376,0.9330649,0.9473122,0.952946,0.961996,0.9548214,0.9520409,0.95475155,0.95014215,0.9445662,0.9542247,0.94369495,0.95382077,0.95489216,0.9583041,0.9533458,0.93762386,0.92428684,0.9566365,0.94546556,0.9347477,0.9310131,0.95464724,0.95340335,0.94515896,0.94667095,0.95233744,0.9512277,0.97787565,0.95514154,0.95923156,0.9400906,0.9448785,0.94726586,0.9447018,0.9501456,0.95766324,0.95644754,0.9586409,0.9471798,0.95415825,0.9447284,0.945904,0.9432345,0.9445613,0.9409591,0.94931126,0.9491417,0.97787565,0.94498914,0.9490261,0.96407783,0.9584075
arcticdogsmovie,0.95456874,0.957434,0.95230573,0.9402006,0.95635736,0.95596015,0.95547867,0.9473462,0.9741012,0.9439302,0.9462903,0.9427452,0.9486007,0.94239473,0.9490348,1.0000002,0.9481331,0.9483512,0.9480779,0.9364667,0.95655423,0.93990326,0.9495863,0.944615,0.93154347,0.92257136,0.9377617,0.93753386,0.9483511,0.95517474,0.9412309,0.9453649,0.9501393,0.94297594,0.9509858,0.92011166,0.9532957,0.9406852,0.93815047,0.94211155,0.9546784,0.9581557,0.949508,0.9610699,0.9505307,0.9362364,0.9529359,0.9428721,0.93725944,0.95867574,0.9541597,0.9578764,0.93211484,0.9453576,0.9359741,0.95301104,0.9358863,0.9532103,0.93863785,0.9427534,0.9443896,0.9435905,0.95544946,0.9480107,0.95130014,0.93716323,0.92954344,0.95400476,0.93910605,0.91750383,0.9516403,0.8323557,0.9376975,0.95451915,0.9429417,0.93747365,0.9328411,0.941592,0.944549,0.9372563,0.94256735,0.9477215,0.95678496,0.9355371,0.95442665,0.9506002,0.9545105,0.95473135,0.94466966,0.9506421,0.94909877,0.9516403,0.9444987,0.947171,0.9531792,0.9386972,0.9570299,0.93392795,0.9465638,0.94989157,0.93817174,0.93514496,0.9396643,0.95007765,0.93872696,0.95183736,0.94880986,0.960479,0.956767,0.9556148,0.946165,0.9093994,0.95530367,0.92055,0.95306677,0.947236,0.95593804,0.94838506,0.94903445,0.949435,0.95340806,0.950409,0.95304096,0.9405271,0.94317913,0.9454375,0.9465505,0.94678754,0.9491412,0.9172643,0.9509567,0.9485658,0.94282824,0.93406487,0.9490746,0.95578754,0.949149,0.9448141,0.94761926,0.9381932,0.9741012,0.9405344,0.9407572,0.9328148,0.9395235,0.94736236,0.9369989,0.95275223,0.955521,0.94619113,0.93951833,0.9515022,0.9377067,0.9287619,0.93688005,0.94434714,0.9442627,0.9477954,0.94776374,0.9454355,0.9741012,0.9402174,0.93805736,0.9487146,0.9450701
arcticmovie,0.9567654,0.9369172,0.9460924,0.94729346,0.9507284,0.9573625,0.95493656,0.95150626,0.97476155,0.9496611,0.9456172,0.9325679,0.9519093,0.9499412,0.9462783,0.9481331,0.9999996,0.9556666,0.9485907,0.94540566,0.9517934,0.9525547,0.95221454,0.95929086,0.94470155,0.9110747,0.9429825,0.9686574,0.9453924,0.9409056,0.9516563,0.94974107,0.94675994,0.93839204,0.9442929,0.92469597,0.9583556,0.9487357,0.9469997,0.9477629,0.9511791,0.9500032,0.94326586,0.942841,0.9477096,0.9513313,0.94527507,0.9387722,0.9504983,0.95489633,0.9559585,0.9563713,0.9506155,0.9562159,0.9260729,0.952675,0.9451086,0.94323623,0.94619876,0.94473755,0.94482416,0.9503522,0.94593656,0.95013046,0.9515192,0.9278908,0.93193686,0.9460033,0.94440347,0.91798204,0.9529855,0.83982724,0.94106036,0.94610393,0.93836033,0.9345592,0.9338303,0.9355563,0.9433945,0.9473163,0.9496095,0.94982314,0.94885534,0.9469134,0.9588004,0.93465614,0.9509336,0.9602421,0.95187545,0.9529952,0.94770885,0.9529855,0.94696325,0.93940437,0.95292133,0.944195,0.9447348,0.9475065,0.94894373,0.9571426,0.95415604,0.95151573,0.94128233,0.95861727,0.9426384,0.9565618,0.9644069,0.94943124,0.9406512,0.94469637,0.9516457,0.912945,0.95333946,0.9366487,0.9493081,0.94997245,0.96112615,0.9562203,0.9637048,0.94547623,0.9522912,0.94027984,0.94823986,0.93663514,0.9465751,0.9473108,0.9569199,0.95027447,0.947606,0.93001246,0.9616817,0.94971436,0.967368,0.94826126,0.9426061,0.9508793,0.95735127,0.9467244,0.9521262,0.9501005,0.97476155,0.9485555,0.94661224,0.94587296,0.93887544,0.9550613,0.9460057,0.943823,0.9513029,0.9584951,0.9547035,0.9532448,0.95031625,0.9347771,0.9420176,0.94613427,0.9507962,0.9502408,0.94897044,0.94361746,0.97476155,0.9490945,0.9509495,0.9547405,0.95067894
artofracingmovie,0.9420751,0.9309065,0.9404382,0.93888634,0.9773772,0.940544,0.9497324,0.9613375,0.9679857,0.9599306,0.9559271,0.9413595,0.93077606,0.9354242,0.94486016,0.9483512,0.9556666,0.99999994,0.93926334,0.94034725,0.9497563,0.9355645,0.9398253,0.9504359,0.9394723,0.91500664,0.9481024,0.95469904,0.93549263,0.9350998,0.9470771,0.9541912,0.9428934,0.9352393,0.93867034,0.9085389,0.95164317,0.942051,0.93830043,0.9455661,0.9382864,0.94209903,0.94255376,0.9446453,0.9379269,0.9380553,0.93651605,0.93464226,0.938444,0.9500688,0.9420982,0.95825464,0.9447105,0.9396704,0.93819445,0.95768416,0.9432638,0.9329961,0.93126345,0.9357336,0.93797743,0.938448,0.9492857,0.9378101,0.9470404,0.9339677,0.9317447,0.9452861,0.9302695,0.9093769,0.94239175,0.8223796,0.93178564,0.94959867,0.9446526,0.9395782,0.9268422,0.9422995,0.9473505,0.93497914,0.93380463,0.9459148,0.94532895,0.93692327,0.9406735,0.9298488,0.9377638,0.94951475,0.9430127,0.94870466,0.9325376,0.94239175,0.9488954,0.9392103,0.93550605,0.93676776,0.9502052,0.94094014,0.93922865,0.9413769,0.94592077,0.9476897,0.9325367,0.9419347,0.9401831,0.94374406,0.95956653,0.94552684,0.94170225,0.94910717,0.94292,0.8986838,0.93424815,0.9202689,0.9461322,0.9428838,0.9529412,0.9469867,0.9551662,0.93783784,0.9518148,0.94209874,0.9461052,0.92223936,0.95187545,0.94819736,0.9453485,0.93511355,0.9497044,0.92152095,0.9593422,0.95798135,0.94700456,0.934003,0.9369015,0.94071376,0.9497358,0.94619673,0.9456775,0.95822823,0.9679857,0.9419447,0.939059,0.9348811,0.9271065,0.95123404,0.9372345,0.94281965,0.9441108,0.9439831,0.94678795,0.9464282,0.94029653,0.9213982,0.93827266,0.93523973,0.9508041,0.9459149,0.9540861,0.9408575,0.9679857,0.95144904,0.94694316,0.94524056,0.93799204
avengers,0.9704466,0.9406832,0.942389,0.93759155,0.9472378,0.9471188,0.9506068,0.9444841,0.9716609,0.9400799,0.9441798,0.92603624,0.9465021,0.95233107,0.95032775,0.9480779,0.9485907,0.93926334,0.9999998,0.9466293,0.94756114,0.94106674,0.9547304,0.9446138,0.9413216,0.90092254,0.9468518,0.9431741,0.9482131,0.94262564,0.9745618,0.9484026,0.9359073,0.9297792,0.9400795,0.92638576,0.95798224,0.9486033,0.9422977,0.94750315,0.95439696,0.95174557,0.9374985,0.95110685,0.95209885,0.93639505,0.9515519,0.94084316,0.94792175,0.9556049,0.9512944,0.95329034,0.92728335,0.94468504,0.93617755,0.9450027,0.9380451,0.94083416,0.9501434,0.9531732,0.9552107,0.942543,0.9447959,0.9479242,0.9445319,0.9419868,0.9398024,0.9538061,0.9372804,0.92803025,0.95604086,0.8330234,0.9306739,0.9535072,0.93179965,0.9363614,0.92887706,0.9383037,0.93336266,0.93853915,0.9437333,0.94491696,0.9556244,0.93304175,0.9454896,0.9400438,0.95131123,0.946315,0.94282967,0.95545757,0.95402783,0.95604086,0.9405583,0.9392091,0.9444185,0.9479203,0.94436026,0.93690306,0.9471934,0.9491829,0.94566137,0.92952436,0.9432254,0.94819146,0.9451585,0.94890773,0.95204794,0.9542304,0.9397206,0.9444719,0.9568099,0.9044831,0.9447711,0.9252721,0.9511181,0.95001864,0.9617766,0.9463239,0.95069414,0.9427673,0.95157874,0.9413957,0.9503294,0.93558407,0.95068073,0.951049,0.9400247,0.949597,0.942688,0.92708874,0.950778,0.94049907,0.94885993,0.9372774,0.93979204,0.9487415,0.9438764,0.9470386,0.95347077,0.9472218,0.9716609,0.93902594,0.94611424,0.94496304,0.94024056,0.9575739,0.9413543,0.93502444,0.95039165,0.95030415,0.9442186,0.9451664,0.9456479,0.93369776,0.941208,0.9380419,0.9432501,0.9460985,0.93964344,0.939489,0.9716609,0.93440944,0.9437193,0.9561728,0.9485034
beachbummovie,0.95303136,0.93741184,0.93926555,0.9312137,0.9499757,0.9376039,0.9515742,0.94352704,0.96853507,0.93784213,0.9466275,0.92456746,0.93465006,0.95204425,0.9721521,0.9364667,0.94540566,0.94034725,0.9466293,0.9999999,0.9394764,0.9484338,0.9551579,0.947955,0.94643986,0.88933396,0.93191135,0.9421214,0.9434973,0.93358827,0.93339795,0.9415216,0.9343012,0.9274516,0.93962157,0.92486626,0.9635638,0.9372576,0.93621594,0.953085,0.94393337,0.9439146,0.9343543,0.9405076,0.94172794,0.955724,0.94725233,0.9348521,0.9500529,0.94791317,0.9480562,0.9506885,0.93192303,0.94016683,0.92250276,0.9457409,0.9371395,0.9466979,0.94026065,0.94587237,0.9442375,0.93673724,0.9440114,0.9464031,0.9437909,0.9431304,0.9277594,0.94528526,0.9309418,0.92722476,0.9465872,0.8254527,0.9261248,0.93940157,0.9300869,0.9380552,0.921131,0.9335085,0.9271774,0.934075,0.94399303,0.94779354,0.94820935,0.9219275,0.9408384,0.92115515,0.9413709,0.9422618,0.9413551,0.9476047,0.9471374,0.9465872,0.9366499,0.9420607,0.9464321,0.95273495,0.94436544,0.93976164,0.9511936,0.9532202,0.95772344,0.9580001,0.93791145,0.9496429,0.93999946,0.94661087,0.9552765,0.9423312,0.9441888,0.9391483,0.95006365,0.9176551,0.9500118,0.91990966,0.9361231,0.93745404,0.9529295,0.9452179,0.94243425,0.9455311,0.93521714,0.9376794,0.9495826,0.93424016,0.94281656,0.9475437,0.93516976,0.9381525,0.93900037,0.9197611,0.95425403,0.94323546,0.9379405,0.9272349,0.9430234,0.9487221,0.9430861,0.9334174,0.94315696,0.9504352,0.96853507,0.94118327,0.9451312,0.9322729,0.9409392,0.9484338,0.93471533,0.94099045,0.9472833,0.95105904,0.9456015,0.9340225,0.95145124,0.93869865,0.9381049,0.9307442,0.941235,0.93634224,0.9439586,0.9394871,0.96853507,0.9368234,0.9396332,0.9548569,0.939502
bernadettefilm,0.9544766,0.9312631,0.94461715,0.94310445,0.94981897,0.94224495,0.9539619,0.94887257,0.97200644,0.944584,0.94459367,0.9299747,0.94647676,0.94357,0.94970894,0.95655423,0.9517934,0.9497563,0.94756114,0.9394764,1.0000001,0.9477915,0.9535017,0.9510303,0.93411076,0.9094838,0.9399821,0.9394849,0.9497327,0.9413268,0.9475488,0.9456199,0.9474127,0.93323463,0.94942707,0.9318606,0.95432144,0.94585055,0.93921655,0.9473718,0.9390889,0.95081705,0.93210393,0.9524366,0.9430704,0.9454457,0.9505654,0.93947834,0.9405842,0.95492655,0.9514048,0.9530268,0.94082665,0.95224506,0.94485736,0.9519439,0.94020706,0.9553473,0.94512874,0.9467538,0.9429958,0.9422187,0.9468134,0.94034696,0.94424486,0.931241,0.932788,0.95066124,0.94156265,0.9331475,0.95066315,0.8387948,0.94095826,0.94993985,0.93263084,0.94233274,0.92676425,0.9389784,0.9433694,0.944938,0.9443008,0.95358264,0.95524645,0.9393265,0.9496868,0.939543,0.9505335,0.95455647,0.95002544,0.95483065,0.9496708,0.95066315,0.9413254,0.93997884,0.9425238,0.9368014,0.95394707,0.94522655,0.95279473,0.9492243,0.94751966,0.9328682,0.9435397,0.9460953,0.9447187,0.95095855,0.95918196,0.9469851,0.9543308,0.9474069,0.95359963,0.9061134,0.9502406,0.92652863,0.96519935,0.94750905,0.96044,0.94783145,0.9571218,0.9459879,0.9510585,0.94925165,0.9529749,0.934055,0.9512826,0.9377572,0.95147413,0.9497995,0.9377889,0.913083,0.96798307,0.9485501,0.9480509,0.9290208,0.94644636,0.95166826,0.9526338,0.9442967,0.9485914,0.93864816,0.97200644,0.9483529,0.9503151,0.9351924,0.93396115,0.949757,0.94361573,0.95007426,0.95327395,0.9488492,0.94497633,0.93751055,0.93733466,0.936631,0.9348272,0.948403,0.9527709,0.94590247,0.9515251,0.9409984,0.97200644,0.9465656,0.9445946,0.94723904,0.94537216
