movie,21bridgesmovie,47metersdown,abeautifuldaymovie,abominablemovie,adastramovie,adogsjourneymovie,aftermathmovie,aftermovie,ahiddenlifefilm,alitamovie,angelhasfallen,angrybirdsmovie,annabellemovie,annamovie,apollo11movie,arcticdogsmovie,arcticmovie,artofracingmovie,avengers,beachbummovie,bernadettefilm,blackandbluemovie,blackchristmas,blindedbythelightmovie,bombshellmovie,booksmart,breakthroughmovie,brianbanksmovie,brightburnmovie,brittanyrunsmov,captainmarvelofficial,captivestatemovie,catsmovie,charliesangels,childsplaymovie,clarathefilm,coldpursuitmovie,countdown,currentwarmovie,darkwatersmovie,detectivepikachumovie,disneyaladdin,disneyfrozen,disneymaleficent,doctorsleepmovie,dolemiteismyname,dontletgomovie,doramovie,downtonabbey_official,dumbo,escaperoom,everybodyknowsmovie,fastandfuriousmovie,fightingwmyfam,fivefeetapartfilm,fordvferrari,freaksthefilm,geminimanmovie,glassmovie,gloriabellmovie,godzillamovie,goldfinchmovie,goodboysmovie,goodliarmovie,gretafilm,halathemovie,happydeathdaymovie,harrietfilm,hellboymovie,hersmellmovie,highlifemovie,highstrungmovie,honeyboymovie,hotelmumbaifilm,httydragon,hustlemovie,hustlersmovie,isntitromantic,itmovieofficial,jayandsilentbob,johnwickmovie,jojorabbitmovie,jokermovie,judythefilm,jumanjimovie,justmercyfilm,knivesout,lalloronamovie,lastblackmansf,lastchristmasthemovie,latenightmovie,lighthousemovie,lionking,littlethemovie,littlewomenmovie,littlewoodsfilm,longshotmovie,lordsofchaosmovie,lucyintheskyfilm,mamovie2019,marriagestory,meettheaddams,meninblack,midsommarmovie,midwaymovie,missbalamovie,missinglinkfilm,motherlessbklyn,onceinhollywood,onthebasisofsex,overcomermovie,peanutbutterfalcon,petsematarymovie,piercingmovie,playingwithfire,playmobilthemovie,pomsmovie,queenandslim,rambomovie,readyornotfilm,richardjewellfilm,rocketmanmovie,scarystoriesmovie,secretlifeofpets,serenityfilm,shaftmovie,shazammovie,spidermanmovie,spiesindisguise,starwars,stormboymovie,stubermovie,taosdfilm,teenspiritmov,terminator,theaeronautsmov,thebestofenemies,thedeaddontdie,thefarewell,thehighwaymen,thehummingbirdprojectfilm,theintrudermovie,theirishmanfilm,thekitchenmovie,thelegomovie,themustangfilm,thenightingalefilm,theprodigymovie,thesunisalsoastar,theupsidefilm,tolkienmovie,toystory,triplefrontier,uglydolls,uncutgems,underthesilverlake,usmovie,wavesmovie,whatmenwant,wonderparkmovie,wrinklestheclown,xmenmovies,yardiefilm,yesterdaymovie,zombieland
21bridgesmovie,1.0,0.9828672,0.97582126,0.97230214,0.98801,0.97351843,0.97730345,0.9727833,0.98484045,0.9863085,0.9871013,0.97365993,0.97057647,0.9792046,0.9803297,0.97860265,0.9862799,0.98393786,0.98604345,0.9762182,0.980657,0.9722376,0.9752076,0.96131414,0.97915536,0.6175527,0.971493,0.984139,0.9740439,0.94909525,0.96156263,0.9781527,0.9630187,0.96578,0.92980033,0.95412034,0.978189,0.98631305,0.9725689,0.9691361,0.96784586,0.9735625,0.9543195,0.9761706,0.9856095,0.9792782,0.9759709,0.9743269,0.9682279,0.9754396,0.9762793,0.9843295,0.9513791,0.9686204,0.9633814,0.96144384,0.967347,0.9782925,0.9812922,0.98004127,0.980154,0.9816803,0.9826572,0.9758909,0.9703868,0.98124593,0.9815512,0.98093444,0.9831764,0.98216385,0.98451066,0.47830042,0.940735,0.977847,0.9658147,0.982978,0.8535961,0.9747856,0.97915435,0.96725345,0.9835891,0.96599746,0.97952193,0.9733902,0.95382714,0.9716709,0.9652379,0.97196203,0.97472805,0.9732575,0.9755853,0.98451066,0.97407466,0.9809363,0.9715484,0.97721803,0.97949934,0.97981006,0.9696974,0.97179824,0.98415893,0.9825979,0.9608742,0.971582,0.9740392,0.9685608,0.9809391,0.9635884,0.95107013,0.9721791,0.9832227,0.6822072,0.97547054,0.88507223,0.9861778,0.98615134,0.99493116,0.9805635,0.96594816,0.9618408,0.98153025,0.98063177,0.9753773,0.97802365,0.96559215,0.97077125,0.97387946,0.97268915,0.96936303,0.93100274,0.96369755,0.9704384,0.9805308,0.9439487,0.9859183,0.96030074,0.9889981,0.976398,0.9874213,0.98641247,0.98484045,0.9788594,0.96835047,0.96518236,0.96656984,0.98560256,0.97557926,0.95394933,0.9702343,0.9814994,0.9781917,0.97774714,0.9776858,0.96084434,0.973953,0.9829124,0.9734606,0.98174566,0.9859765,0.97308755,0.98484045,0.9758025,0.98194563,0.9689684,0.9734586
47metersdown,0.9828672,1.0,0.98251784,0.9670119,0.98208296,0.9835438,0.9849382,0.9728974,0.9884985,0.97230613,0.9778555,0.9768956,0.9806507,0.97824174,0.9772096,0.9910782,0.9739591,0.9832427,0.98363084,0.9725586,0.9747976,0.9818923,0.9767895,0.96894914,0.98091716,0.6305694,0.9680574,0.98387,0.9841369,0.9538051,0.980833,0.98189116,0.9735683,0.97581816,0.9376962,0.94682795,0.9772632,0.98345226,0.98160774,0.9756552,0.97570413,0.9803888,0.97484463,0.9832989,0.9818995,0.97763425,0.9751254,0.973177,0.97555816,0.98318654,0.98337615,0.97987705,0.96106124,0.9720336,0.9711463,0.96224123,0.96659666,0.980026,0.9747348,0.97244316,0.982799,0.9822529,0.98250294,0.98288536,0.96571994,0.97760767,0.9772479,0.9675207,0.975271,0.9877318,0.98207325,0.43588442,0.9540263,0.9822896,0.97170645,0.9860074,0.8567941,0.97912186,0.9787332,0.9709855,0.9842756,0.97620344,0.98325145,0.9791737,0.9697181,0.98065335,0.9763398,0.980438,0.9812239,0.98693675,0.9842354,0.98207325,0.973434,0.98740774,0.9773522,0.9762764,0.9842897,0.99112576,0.9773699,0.9712094,0.98598135,0.9825225,0.9710322,0.97700065,0.97367066,0.9821117,0.9824116,0.9813534,0.9663864,0.9665232,0.98250216,0.677827,0.97657895,0.8969066,0.97601813,0.98588145,0.98762405,0.9778111,0.9763393,0.9771417,0.98576266,0.97744936,0.97051424,0.9884574,0.97734195,0.9745137,0.9807181,0.97703546,0.9756011,0.95600855,0.96809113,0.9788597,0.9809416,0.9499848,0.98125976,0.9597657,0.98305607,0.9718093,0.98555034,0.9813648,0.9884985,0.9854982,0.970719,0.977676,0.9781072,0.97678155,0.9800584,0.9682916,0.979897,0.98049206,0.9859161,0.9791948,0.9836902,0.9576636,0.9688175,0.9769605,0.973014,0.9793392,0.98171866,0.9760992,0.9884985,0.9768874,0.9831964,0.9754005,0.97838366
abeautifuldaymovie,0.97582126,0.98251784,1.0,0.97175443,0.9832613,0.97737354,0.98372394,0.9896738,0.9951605,0.97867626,0.97605664,0.98955667,0.99338645,0.98621446,0.9878864,0.98232627,0.9840801,0.98586595,0.9842346,0.97982484,0.9910548,0.993903,0.990811,0.97031343,0.9819729,0.6246852,0.9788784,0.9909187,0.99205184,0.982558,0.99245054,0.9837023,0.97465706,0.9836834,0.9543624,0.96959275,0.9838386,0.98284507,0.9869781,0.9905263,0.98900837,0.99210083,0.9846186,0.9876521,0.98688227,0.9891826,0.9918791,0.98915356,0.99323285,0.98753667,0.995119,0.99119765,0.9712183,0.983433,0.98897773,0.9860715,0.9835348,0.9893545,0.9803319,0.987714,0.9895399,0.9834689,0.9811081,0.98718214,0.9880786,0.9866213,0.9832914,0.98007053,0.98367554,0.98867846,0.99202627,0.45215183,0.9814604,0.993377,0.9787561,0.98677105,0.8868307,0.9887379,0.9919223,0.9857488,0.986575,0.9814324,0.98927784,0.9835546,0.97898096,0.9903118,0.98673725,0.99583554,0.9887778,0.9889728,0.99414486,0.99202627,0.97145844,0.98778284,0.9911116,0.9866829,0.97949487,0.98612183,0.9810222,0.9886283,0.9875042,0.98769873,0.98568964,0.98872954,0.98344916,0.9946179,0.98570865,0.9868558,0.98437643,0.9857225,0.98666936,0.71402603,0.9865374,0.920778,0.9833323,0.98932076,0.9840183,0.9909256,0.9922724,0.9804071,0.98938096,0.9867635,0.9839984,0.9860635,0.9917767,0.9905056,0.99258256,0.988374,0.9784398,0.97156334,0.98718065,0.9852158,0.9920538,0.96640795,0.981189,0.98683065,0.97833294,0.9844981,0.98997974,0.98772097,0.9951605,0.9932224,0.9867383,0.9926475,0.9788653,0.985991,0.9898972,0.9741032,0.9909342,0.9816074,0.991485,0.9927823,0.99682933,0.95203376,0.981282,0.9868999,0.9816733,0.99228156,0.9851061,0.9921285,0.9951605,0.9810877,0.9873999,0.9881531,0.9953917
abominablemovie,0.97230214,0.9670119,0.97175443,1.0,0.98082,0.94509035,0.97148645,0.9633659,0.9808304,0.97055274,0.97946554,0.97342837,0.96463436,0.97944367,0.97830313,0.9717266,0.957742,0.97226655,0.9809946,0.9797885,0.9776263,0.97249925,0.9703667,0.96008605,0.96406835,0.54411834,0.9743733,0.96699035,0.9717051,0.95715004,0.96203166,0.95849085,0.950498,0.9709861,0.9234237,0.9454757,0.9881663,0.9836113,0.96996677,0.9659668,0.97051954,0.9758772,0.96236885,0.97386205,0.9881687,0.9686447,0.97237134,0.97633874,0.96907467,0.9702946,0.9740757,0.9730185,0.94703734,0.969039,0.9689443,0.9556464,0.96672314,0.96616954,0.9903328,0.9777836,0.9768251,0.988422,0.9794402,0.9761703,0.96689206,0.9767264,0.9765455,0.95936275,0.97524625,0.96925527,0.9735003,0.33675545,0.9469942,0.97571623,0.9493481,0.96688676,0.8402706,0.9740573,0.9795998,0.96854097,0.97870445,0.9700074,0.97461706,0.9751267,0.9487449,0.966635,0.9692597,0.9671331,0.97489303,0.9784268,0.97217846,0.9735003,0.96505433,0.98196524,0.9716494,0.97684526,0.9752139,0.97151154,0.9589258,0.96053576,0.98325104,0.97798073,0.94283384,0.96469605,0.9525094,0.9720062,0.97647375,0.9708982,0.930687,0.96157306,0.98443943,0.63318324,0.974932,0.87852114,0.96393704,0.9802557,0.9716834,0.9675273,0.97081774,0.964261,0.9725753,0.97450674,0.97272193,0.9704102,0.96074307,0.96895254,0.96502435,0.9634217,0.9612839,0.9399273,0.9702519,0.9538171,0.9718987,0.9427439,0.9786823,0.9627365,0.96546584,0.95292664,0.9732657,0.9708402,0.9808304,0.97884345,0.9686398,0.97549,0.96639323,0.9706011,0.9652871,0.9410795,0.96455777,0.9706284,0.97074956,0.97389686,0.971088,0.9296314,0.978784,0.9731738,0.9712772,0.98098624,0.9730822,0.97391534,0.9808304,0.96088815,0.97579634,0.96154076,0.972791
adastramovie,0.98801,0.98208296,0.9832613,0.98082,1.0000001,0.9703449,0.9894399,0.9832084,0.9933929,0.9877915,0.99250156,0.98216337,0.98295903,0.9895825,0.9854304,0.98499143,0.98538893,0.99289227,0.98599374,0.9803975,0.9834396,0.9834246,0.9861724,0.9719616,0.9876512,0.6278735,0.98688984,0.9882655,0.9858485,0.95846874,0.97268647,0.9835567,0.97882897,0.9778807,0.9646068,0.976077,0.9827895,0.996338,0.9828123,0.9830716,0.97976625,0.9874767,0.97191316,0.98735726,0.9884248,0.9783106,0.9858314,0.98262334,0.98221403,0.9842323,0.9897139,0.98828703,0.96966213,0.98427564,0.9800834,0.97712845,0.98087126,0.9873902,0.9840506,0.98967886,0.9777177,0.9908799,0.981536,0.9888351,0.97628427,0.98358405,0.9906247,0.9805687,0.98296106,0.9826497,0.9915362,0.44537237,0.9582613,0.98875135,0.98382735,0.9831742,0.8900261,0.9814999,0.987644,0.9695752,0.991046,0.9896975,0.9873965,0.9874636,0.97762674,0.9737032,0.98430794,0.97965246,0.98740447,0.9826795,0.9846161,0.9915362,0.98159516,0.9849077,0.98225296,0.98590225,0.9831113,0.9826007,0.9811118,0.98420715,0.98468727,0.9887396,0.968466,0.984293,0.982949,0.98578686,0.97891957,0.9817706,0.9580892,0.97583395,0.98401654,0.7089778,0.98964894,0.927296,0.990927,0.9929858,0.98828274,0.9892917,0.975655,0.9790094,0.98773646,0.98556364,0.98234516,0.9885114,0.9777893,0.97440636,0.9799571,0.984215,0.9893507,0.9568635,0.973089,0.98157954,0.9889463,0.96699244,0.9941327,0.9676081,0.9822427,0.97146267,0.9912681,0.9833939,0.9933929,0.9897349,0.975408,0.98205507,0.97771215,0.9859737,0.9851084,0.9756027,0.98224115,0.9782538,0.9879659,0.9847297,0.98221046,0.9683273,0.9904822,0.9845375,0.98895776,0.99036974,0.9876359,0.9853991,0.9933929,0.979348,0.9842971,0.98229265,0.9875694
adogsjourneymovie,0.97351843,0.9835438,0.97737354,0.94509035,0.9703449,1.0000001,0.971103,0.9590813,0.9800811,0.96143085,0.97181964,0.971898,0.9744603,0.97213143,0.9645548,0.96591425,0.97373194,0.9649389,0.9748472,0.9581168,0.9687529,0.9732034,0.97583973,0.94958085,0.9731517,0.6230011,0.9509667,0.973752,0.974696,0.9616265,0.9741617,0.97759664,0.96910036,0.95670205,0.9299109,0.9510339,0.9680313,0.9713423,0.9606842,0.97395015,0.96632797,0.9623424,0.96710235,0.97182995,0.9650221,0.9701419,0.9736648,0.97035784,0.96348804,0.9664653,0.9746856,0.9797079,0.96022266,0.96917343,0.95793,0.95840454,0.95891166,0.9745254,0.9566987,0.97192776,0.969479,0.961754,0.96217585,0.9710762,0.96414495,0.964171,0.96516323,0.9747308,0.9810414,0.9829663,0.9780483,0.46280003,0.95323175,0.970271,0.98007613,0.9766094,0.8416748,0.96376264,0.9722343,0.9640172,0.9795937,0.9621598,0.9709292,0.9542145,0.95826906,0.97803396,0.9773924,0.9745352,0.9697132,0.97267044,0.98019713,0.9780483,0.964758,0.97502345,0.9764753,0.9656793,0.9815565,0.96887153,0.9611003,0.9742338,0.9774718,0.97327346,0.97585857,0.97716326,0.9743003,0.9717047,0.9741562,0.9632505,0.96819437,0.96465325,0.9723296,0.6951848,0.9699589,0.89638066,0.9708012,0.97910637,0.97635275,0.97723967,0.9744017,0.96149844,0.9756236,0.9799572,0.9644582,0.97782856,0.9747744,0.9644798,0.98116624,0.9747075,0.9641893,0.95766103,0.95746756,0.98027575,0.975729,0.9482407,0.97342956,0.96267915,0.975678,0.9794622,0.98142564,0.97574013,0.9800811,0.9706166,0.96009934,0.96520835,0.97019225,0.9747068,0.9730644,0.9605314,0.97029275,0.95876104,0.97366655,0.97510386,0.9777094,0.95346737,0.95653486,0.97202075,0.96755666,0.9670968,0.962622,0.9623141,0.9800811,0.9701644,0.9725005,0.9807129,0.9694124
aftermathmovie,0.97730345,0.9849382,0.98372394,0.97148645,0.9894399,0.971103,1.0,0.98119843,0.990397,0.97979033,0.982058,0.9785767,0.98105615,0.98349965,0.97504693,0.986057,0.97885454,0.98975027,0.98325384,0.9749478,0.98266613,0.9845028,0.98347753,0.96849746,0.9843103,0.6092494,0.9782589,0.9834743,0.988644,0.96146655,0.97942895,0.98949486,0.9737994,0.98182535,0.96139985,0.9696218,0.9813472,0.98788786,0.9865606,0.98293376,0.9781501,0.9862182,0.9708202,0.98248595,0.9796476,0.97770333,0.98150635,0.97694457,0.9816658,0.9844419,0.9903053,0.98568875,0.97005564,0.9830774,0.9835891,0.9725617,0.97163767,0.97730905,0.9753038,0.9834902,0.9744522,0.98111904,0.97833085,0.9835268,0.9725833,0.97154874,0.98609746,0.9703225,0.9736819,0.9765002,0.98728555,0.45696107,0.9617534,0.9871638,0.97954035,0.98217994,0.8804745,0.97467333,0.9805688,0.9664238,0.9878866,0.99453676,0.9811013,0.9812003,0.980096,0.9762427,0.9842835,0.9785074,0.98427266,0.9882987,0.9856619,0.98728555,0.9760824,0.9883734,0.98411787,0.9751691,0.98081416,0.985263,0.99194676,0.9800627,0.9813235,0.98673433,0.96436894,0.98446476,0.9744537,0.9876229,0.97627956,0.97920114,0.95973635,0.97786254,0.9807971,0.7048907,0.9811019,0.92506844,0.97493684,0.9849099,0.9777763,0.98262304,0.9774948,0.99526244,0.9865849,0.97397214,0.98377013,0.9869089,0.98302907,0.9706878,0.9831345,0.9886183,0.9846795,0.96055984,0.978524,0.97855055,0.9881142,0.95845765,0.9829973,0.9709301,0.97152144,0.9650298,0.9877818,0.9824744,0.990397,0.98585224,0.981116,0.97759396,0.9773116,0.97770846,0.98347914,0.97994816,0.9780617,0.97328186,0.9963969,0.97904545,0.97966546,0.94869715,0.9802551,0.9826294,0.97724515,0.9832537,0.9814352,0.982344,0.990397,0.9774464,0.9782442,0.97939306,0.98731846
aftermovie,0.9727833,0.9728974,0.9896738,0.9633659,0.9832084,0.9590813,0.98119843,0.9999998,0.98834395,0.9857887,0.9748316,0.98266983,0.99201554,0.9863128,0.98061997,0.98023593,0.98046184,0.9893676,0.97648567,0.9725123,0.982678,0.98764354,0.98750633,0.9709052,0.9856496,0.6210532,0.98354703,0.99099714,0.98468906,0.96868324,0.9809692,0.97689,0.9728021,0.98097485,0.963952,0.97021854,0.97513235,0.9755817,0.9896186,0.97980905,0.986984,0.9910767,0.9709408,0.98027426,0.9788177,0.97794014,0.99014914,0.973623,0.98477805,0.9792348,0.9889449,0.9825226,0.97452426,0.98622674,0.98792744,0.9897765,0.9885871,0.98424965,0.97513324,0.98388076,0.9826264,0.9812622,0.96882117,0.9818235,0.9826135,0.9833595,0.98005193,0.97138906,0.9730963,0.97981244,0.9877533,0.45778275,0.97789526,0.99088913,0.97364175,0.9824105,0.8988914,0.9796828,0.9918271,0.9635018,0.97849953,0.9804649,0.9837521,0.9844377,0.9845878,0.98142385,0.97984916,0.99014235,0.98193926,0.9785154,0.9832981,0.9877533,0.9610754,0.9777256,0.9865938,0.9803813,0.97008914,0.9802745,0.97872186,0.9910903,0.97236943,0.98578954,0.9766419,0.98391676,0.9877495,0.98754454,0.97951734,0.97769785,0.9741362,0.98046917,0.97463375,0.7400466,0.9783557,0.92981374,0.9800749,0.9844201,0.976366,0.9867676,0.9798382,0.9802115,0.984215,0.9756578,0.9800677,0.97577524,0.9794849,0.98243105,0.986181,0.9830044,0.9810131,0.9556382,0.98273283,0.98147076,0.992037,0.9624482,0.97512466,0.97618115,0.9724465,0.9686733,0.98726493,0.9807785,0.98834395,0.988356,0.9765405,0.9828413,0.9728932,0.97983074,0.9908563,0.9771862,0.9820426,0.97278863,0.9898805,0.9845857,0.9842073,0.95687157,0.98579264,0.97634035,0.9846316,0.9891353,0.98917055,0.99314326,0.98834395,0.9841483,0.9723768,0.9773988,0.99396646
ahiddenlifefilm,0.98484045,0.9884985,0.9951605,0.9808304,0.9933929,0.9800811,0.990397,0.98834395,1.0000001,0.9833217,0.98776585,0.99248105,0.99255824,0.99147123,0.9938154,0.9896479,0.98903245,0.99202424,0.9885384,0.98538697,0.99008715,0.9923966,0.99408305,0.9818913,0.9896465,0.6157007,0.9859631,0.9934946,0.9926109,0.9807351,0.9892625,0.99044913,0.98129344,0.984903,0.9565851,0.97069603,0.9889962,0.9934741,0.9912102,0.99405503,0.98967487,0.9937498,0.9859054,0.99417365,0.993138,0.9874988,0.99420446,0.9919912,0.9930441,0.99205637,0.9948971,0.9944487,0.97595626,0.9898165,0.9904036,0.98252034,0.9844853,0.9905495,0.9884003,0.99320215,0.98972905,0.9904254,0.98838896,0.9937578,0.9876291,0.9885655,0.99088085,0.9821744,0.9889574,0.99034524,0.9965159,0.42182657,0.97398293,0.99557966,0.9835349,0.99173576,0.88276255,0.9886419,0.9947344,0.9838675,0.9937104,0.98873705,0.9933715,0.98541105,0.9820098,0.9891853,0.99009395,0.9923217,0.99476045,0.99259007,0.99649537,0.9965159,0.9830423,0.9927039,0.99147725,0.9924274,0.9889561,0.9896957,0.98465514,0.9886564,0.99070567,0.9920228,0.981166,0.9928678,0.98576534,0.9941875,0.9879717,0.9899552,0.97630167,0.9843572,0.99178016,0.70030326,0.9938851,0.91734725,0.98923004,0.9946524,0.9907524,0.99255496,0.99188054,0.9841972,0.9958515,0.99230117,0.9902415,0.9914342,0.9921743,0.9884968,0.99324214,0.9887382,0.98562086,0.9684534,0.9865552,0.9878942,0.99468744,0.9710627,0.9919394,0.9861153,0.9854003,0.9832856,0.9964892,0.98964673,1.0000001,0.99491775,0.98370516,0.9920699,0.9868115,0.99151355,0.99240893,0.97608745,0.99184096,0.98530185,0.9940894,0.993585,0.9935985,0.96328,0.9881772,0.99153537,0.99034214,0.99421406,0.9901805,0.9943864,1.0000001,0.98537284,0.9924338,0.9926733,0.9943007
alitamovie,0.9863085,0.97230613,0.97867626,0.97055274,0.9877915,0.96143085,0.97979033,0.9857887,0.9833217,1.0,0.9860959,0.9707137,0.9759843,0.983479,0.9747742,0.9765126,0.9810807,0.9853356,0.98341817,0.96971744,0.9802089,0.976483,0.9763083,0.95945203,0.98251504,0.61871153,0.9769348,0.98353904,0.9776807,0.95242214,0.96916354,0.9762984,0.96947026,0.9676142,0.94960755,0.9631154,0.9811853,0.9791045,0.9754365,0.97178036,0.97753334,0.97784126,0.9604502,0.9749859,0.980315,0.971177,0.97919387,0.96991175,0.97467405,0.97398186,0.98226684,0.9872378,0.9622006,0.9761656,0.9679636,0.97745645,0.9769894,0.9798742,0.9783063,0.9835295,0.97969824,0.98361313,0.97106755,0.97222805,0.9775465,0.9749947,0.9833898,0.9823791,0.97751135,0.9771851,0.98613954,0.47875184,0.9588234,0.9818911,0.97220653,0.973824,0.8775439,0.9718389,0.98660445,0.95725685,0.97928387,0.97491634,0.97696525,0.97792137,0.9637117,0.973653,0.97210133,0.98028004,0.9754208,0.9756721,0.9724677,0.98613954,0.96224475,0.9769587,0.9834394,0.9740706,0.9747562,0.9743197,0.9741547,0.9829353,0.9747965,0.98070157,0.9647406,0.9803774,0.9824327,0.9767234,0.97603106,0.9628504,0.95409876,0.9767424,0.9774209,0.73409855,0.97629493,0.91181,0.97982186,0.9873523,0.9822722,0.979791,0.97147244,0.97026205,0.9778492,0.9764632,0.97379,0.9741278,0.9681377,0.9742984,0.9800829,0.98032135,0.9725826,0.9503976,0.96950954,0.970075,0.9862995,0.95318365,0.98265564,0.9621803,0.9764721,0.9711513,0.9858284,0.9810137,0.9833217,0.9808508,0.9656973,0.96578765,0.9659955,0.98716486,0.97736734,0.9608331,0.9675481,0.9768738,0.9810717,0.98259366,0.9752263,0.9657517,0.98257524,0.978187,0.98094743,0.9896945,0.9855276,0.98113817,0.9833217,0.9837668,0.9703042,0.97041833,0.98290414
angelhasfallen,0.9871013,0.9778555,0.97605664,0.97946554,0.99250156,0.97181964,0.982058,0.9748316,0.98776585,0.9860959,1.0,0.98305833,0.97505134,0.9889432,0.9777082,0.97708935,0.9816521,0.9875402,0.9837766,0.9670284,0.97805184,0.9716129,0.9832844,0.96986526,0.9845804,0.60659313,0.9785191,0.97901475,0.9732274,0.95710087,0.96885985,0.9756882,0.9680131,0.9710026,0.94503695,0.9657665,0.98427415,0.98935133,0.9764272,0.97620475,0.9770056,0.97882247,0.96555614,0.9836543,0.9828446,0.96802104,0.9853836,0.97300893,0.9715064,0.97883165,0.97912294,0.9820386,0.9639473,0.97735655,0.96935856,0.96650326,0.9751143,0.976773,0.9833659,0.9876083,0.97581565,0.9836397,0.9734959,0.9791083,0.9683327,0.97825664,0.98296946,0.97234845,0.9875333,0.9795587,0.98839456,0.42988658,0.95579773,0.9826796,0.97332215,0.9749357,0.86454797,0.96850485,0.98394334,0.95663434,0.9909864,0.9752632,0.9809736,0.9734259,0.96533906,0.975489,0.98442703,0.9760415,0.9823227,0.9791605,0.98074776,0.98839456,0.97451055,0.9823507,0.9779699,0.9762856,0.98814315,0.97528154,0.9707128,0.97960293,0.9817381,0.9831189,0.95881826,0.98156345,0.9708344,0.97705835,0.9849835,0.9661253,0.95090723,0.96618414,0.98581284,0.7152646,0.98298335,0.90899086,0.9822881,0.9906557,0.9838735,0.97794783,0.9725014,0.9734371,0.98203677,0.97963864,0.97343576,0.983965,0.971689,0.9714608,0.9810896,0.97332907,0.9729125,0.95005137,0.9676635,0.9688287,0.9845044,0.9609465,0.9884745,0.9651631,0.98156965,0.971863,0.9917025,0.9777383,0.98776585,0.9786156,0.96392435,0.97307533,0.9742391,0.9839632,0.9764897,0.95846945,0.9699007,0.97416717,0.9796415,0.9855544,0.9724751,0.9697174,0.98581475,0.97840303,0.98698133,0.9849235,0.9795001,0.9795518,0.98776585,0.97930014,0.97509044,0.9783675,0.9779969
angrybirdsmovie,0.97365993,0.9768956,0.98955667,0.97342837,0.98216337,0.971898,0.9785767,0.98266983,0.99248105,0.9707137,0.98305833,1.0000001,0.98607576,0.98342633,0.98821145,0.97544515,0.9815554,0.98513854,0.97924054,0.9751535,0.9783658,0.9844619,0.99456346,0.9737333,0.9849391,0.6082989,0.98062235,0.9839846,0.9793366,0.9797003,0.9829384,0.9791213,0.9691995,0.9829024,0.9462887,0.9622497,0.9820028,0.98182994,0.98659396,0.9853447,0.98434085,0.98707855,0.9815547,0.9879025,0.9801655,0.9796441,0.99593097,0.98503906,0.98659295,0.9835283,0.9874373,0.98252,0.9690126,0.98468006,0.9849056,0.9782356,0.9842032,0.97898436,0.9784394,0.9874573,0.9853554,0.9771077,0.9738535,0.98304886,0.9813173,0.9838598,0.982851,0.96505946,0.98353225,0.98890877,0.99143237,0.41450837,0.97956854,0.99187636,0.9726698,0.98113924,0.87648,0.9831841,0.9885509,0.97733355,0.9893298,0.9756992,0.98314583,0.9731423,0.9773939,0.98809606,0.988608,0.9884557,0.9860069,0.9855489,0.99517536,0.99143237,0.9714221,0.98277104,0.9862736,0.9842666,0.9820485,0.9820542,0.972016,0.9853915,0.9852978,0.9825405,0.9706017,0.9888376,0.9753101,0.98862296,0.99040085,0.97816736,0.9736901,0.9725184,0.9906829,0.7236944,0.9835632,0.9104027,0.9802175,0.98915476,0.98199415,0.98442185,0.9891969,0.9749462,0.98942906,0.98400694,0.9807754,0.98625034,0.98338443,0.9777125,0.99023765,0.97971725,0.97623026,0.9622838,0.9756776,0.98061687,0.9896444,0.97198063,0.97719127,0.9823731,0.9787348,0.9804184,0.9928215,0.9837361,0.99248105,0.9875094,0.9772818,0.98641187,0.9755139,0.981216,0.98606956,0.9643425,0.9819276,0.97429746,0.9845325,0.9901053,0.9861216,0.95509076,0.9861837,0.9810795,0.9824195,0.9898373,0.97827667,0.98771966,0.99248105,0.97717243,0.98499215,0.9895733,0.9896277
annabellemovie,0.97057647,0.9806507,0.99338645,0.96463436,0.98295903,0.9744603,0.98105615,0.99201554,0.99255824,0.9759843,0.97505134,0.98607576,1.0000001,0.988537,0.9821643,0.98038495,0.98025805,0.9855193,0.9816283,0.97478735,0.9872238,0.99392885,0.98685294,0.9766824,0.98106396,0.6231145,0.9760901,0.9943754,0.9923496,0.97325504,0.9887456,0.98263675,0.9796563,0.9862128,0.95932114,0.9667685,0.9794936,0.98120356,0.99083227,0.98796505,0.98981965,0.9893333,0.9782088,0.98167735,0.9823974,0.9781741,0.9895488,0.9797368,0.98994476,0.9771064,0.99328744,0.9851453,0.98317564,0.9846597,0.9895657,0.98658544,0.9795571,0.9913998,0.9760403,0.9821307,0.98685086,0.98163086,0.9705876,0.9908511,0.980454,0.9831418,0.98001534,0.97249603,0.9756291,0.9818603,0.98785925,0.4217552,0.98003507,0.9926876,0.97798115,0.98786956,0.89279056,0.986398,0.9917589,0.970449,0.9822442,0.9815557,0.99200094,0.98252064,0.9880881,0.9812629,0.98591566,0.9948049,0.98212975,0.981419,0.99026185,0.98785925,0.96712804,0.98323184,0.98836064,0.98717695,0.9753276,0.98531914,0.97628045,0.9907559,0.9790339,0.9857509,0.9923034,0.98641765,0.9875304,0.99304724,0.98009515,0.9882964,0.9823978,0.9793137,0.9767158,0.71561265,0.98470837,0.92601657,0.98328537,0.98700714,0.977899,0.9869862,0.9855474,0.98075515,0.9877558,0.9847934,0.9813301,0.9830047,0.9869492,0.98592937,0.99032944,0.9826713,0.9808507,0.96737045,0.98606515,0.98369646,0.9898939,0.97131336,0.98211396,0.97809017,0.9714702,0.9702259,0.98907346,0.978964,0.99255824,0.9935729,0.9764445,0.9935408,0.98375005,0.9829282,0.99435747,0.9773567,0.9903034,0.968849,0.99068725,0.98517466,0.9904947,0.9517021,0.9776424,0.97618604,0.9860699,0.9884188,0.9877751,0.9912661,0.99255824,0.9794584,0.98007876,0.9845823,0.99510026
annamovie,0.9792046,0.97824174,0.98621446,0.97944367,0.9895825,0.97213143,0.98349965,0.9863128,0.99147123,0.983479,0.9889432,0.98342633,0.988537,1.0000001,0.98103493,0.9755526,0.97760713,0.98758256,0.98808265,0.9703709,0.98688173,0.98116976,0.98867077,0.9707543,0.97687674,0.6176597,0.97652274,0.98858845,0.98201203,0.97305787,0.9792872,0.97306854,0.9723271,0.9748573,0.9567676,0.9695102,0.988714,0.9848749,0.9836026,0.9832439,0.98518556,0.98581344,0.97023195,0.980072,0.9879392,0.97006917,0.989228,0.97782654,0.97930276,0.9759442,0.98476374,0.98529506,0.9713978,0.98513645,0.98346156,0.9764011,0.97716856,0.98947084,0.9860795,0.9852086,0.9794741,0.9879347,0.97154456,0.9887169,0.98096234,0.9869952,0.982385,0.97603273,0.98685396,0.9795701,0.9859264,0.41654447,0.96562016,0.9893236,0.9796832,0.98507166,0.87919956,0.97931,0.99366957,0.96352404,0.98846036,0.9795439,0.98858285,0.985383,0.9754802,0.9812346,0.98961896,0.9851081,0.9832679,0.9830588,0.98778176,0.9859264,0.96911895,0.98370683,0.9829756,0.9810488,0.9801212,0.9745655,0.9740261,0.991156,0.97966486,0.9831637,0.9769216,0.98037213,0.9821531,0.98284,0.97889566,0.97699654,0.9563152,0.97843593,0.9834942,0.6992436,0.9872869,0.92652076,0.9784888,0.992769,0.9769437,0.98725706,0.98234576,0.9802678,0.9837385,0.9855423,0.97953343,0.9814082,0.9791812,0.9796153,0.9831203,0.97390664,0.97721714,0.96242577,0.9856883,0.9797319,0.9880112,0.96879786,0.9891938,0.97715306,0.9759201,0.9698401,0.98766834,0.9772678,0.99147123,0.9836895,0.9701986,0.985206,0.9795761,0.9850163,0.98694795,0.9702627,0.9810575,0.96808803,0.98469704,0.9860934,0.9841692,0.9633797,0.9831492,0.97379774,0.99380946,0.9855925,0.98344606,0.98524094,0.99147123,0.974373,0.9774273,0.98153764,0.98578507
apollo11movie,0.9803297,0.9772096,0.9878864,0.97830313,0.9854304,0.9645548,0.97504693,0.98061997,0.9938154,0.9747742,0.9777082,0.98821145,0.9821643,0.98103493,1.0,0.9805897,0.9828277,0.98553115,0.9780736,0.9841737,0.9832649,0.9840477,0.98936814,0.97870773,0.9820524,0.6129618,0.9866348,0.9863832,0.9802164,0.97863996,0.97612303,0.98035944,0.96758616,0.9778625,0.94813347,0.9639177,0.9801134,0.9851228,0.9864198,0.98718107,0.9816572,0.9901604,0.9806345,0.9923451,0.99264807,0.9828558,0.9895066,0.98930687,0.98842126,0.98921365,0.984367,0.98659045,0.9672742,0.9846371,0.9869273,0.978058,0.98146355,0.9828768,0.9846143,0.9878471,0.9849867,0.9849739,0.9884423,0.98645765,0.9855001,0.9877617,0.9844829,0.9743892,0.98286366,0.9850331,0.99107665,0.4086749,0.96861744,0.9888321,0.96875435,0.986081,0.8903955,0.9864838,0.9899443,0.9848731,0.98413473,0.9759962,0.9874415,0.97848046,0.97057974,0.9804501,0.9783489,0.98592114,0.9909844,0.9842786,0.9898985,0.99107665,0.97398794,0.98219556,0.9812456,0.99258435,0.9775482,0.9798129,0.97706515,0.9797373,0.98492736,0.9842944,0.96969414,0.9855689,0.97770995,0.98476624,0.9813583,0.9844351,0.9677709,0.976169,0.9879144,0.6973977,0.98748964,0.90554976,0.985232,0.9861438,0.9884256,0.9868845,0.9867544,0.96828717,0.99055797,0.988274,0.9879817,0.98017246,0.98385644,0.9843948,0.9827418,0.9769606,0.97888273,0.95329165,0.9810885,0.9791293,0.98701173,0.96311337,0.9827384,0.9844931,0.9814244,0.98216707,0.9884682,0.98622334,0.9938154,0.9873328,0.9766122,0.9858315,0.97413796,0.9859504,0.9860484,0.9647843,0.98564005,0.9876081,0.98227865,0.99023914,0.98836845,0.959953,0.98489445,0.98849237,0.9852254,0.99016255,0.983516,0.9911457,0.9938154,0.9771204,0.99005294,0.98648417,0.98540956
arcticdogsmovie,0.97860265,0.9910782,0.98232627,0.9717266,0.98499143,0.96591425,0.986057,0.98023593,0.9896479,0.9765126,0.97708935,0.97544515,0.98038495,0.9755526,0.9805897,1.0,0.9755325,0.984417,0.9796916,0.97923607,0.97511566,0.9828924,0.9766224,0.976081,0.9865691,0.59452426,0.97899073,0.98279434,0.9864459,0.9572277,0.98420084,0.98376185,0.9794787,0.97569114,0.9381644,0.9496497,0.978147,0.9863312,0.98331493,0.97908115,0.9756317,0.9874641,0.97854793,0.989574,0.9834482,0.98246485,0.97661465,0.9750628,0.98090124,0.9912026,0.9838081,0.9818933,0.95759195,0.9744984,0.97764605,0.96632767,0.97428375,0.9754269,0.9825632,0.9785651,0.98074305,0.98936236,0.988529,0.98228157,0.9685279,0.97815955,0.9841406,0.97011334,0.9739013,0.9803818,0.9835888,0.3969433,0.956015,0.984906,0.96662647,0.98160326,0.8550383,0.9764053,0.9807398,0.97185385,0.9838578,0.98278,0.9814935,0.97903407,0.9695505,0.9795913,0.9728125,0.9792892,0.98872846,0.9884744,0.98104006,0.9835888,0.97951025,0.9860979,0.9786684,0.9774669,0.98362166,0.991897,0.9787795,0.96784043,0.9835366,0.9861521,0.9635154,0.9791144,0.9713686,0.9835721,0.98140025,0.98296934,0.968035,0.97042775,0.9821055,0.66214013,0.9808463,0.89326584,0.97772676,0.9826548,0.9862083,0.9776315,0.9756036,0.97753036,0.9875829,0.97628105,0.9775811,0.98351055,0.9796885,0.98183244,0.98167944,0.97922087,0.9761787,0.956526,0.97067213,0.97560364,0.9808108,0.9505505,0.9822342,0.9649067,0.9778871,0.9667365,0.9858232,0.98007894,0.9896479,0.98837733,0.97670424,0.9793369,0.97974974,0.9787977,0.9806552,0.9634845,0.9802832,0.9880653,0.9883526,0.98100436,0.98146427,0.9533908,0.97709745,0.98427314,0.9758589,0.98287344,0.98641866,0.98609215,0.9896479,0.98301923,0.9834478,0.9747865,0.98261905
arcticmovie,0.9862799,0.9739591,0.9840801,0.957742,0.98538893,0.97373194,0.97885454,0.98046184,0.98903245,0.9810807,0.9816521,0.9815554,0.98025805,0.97760713,0.9828277,0.9755325,1.0000001,0.98543996,0.97275,0.9699636,0.9806777,0.975192,0.9825577,0.977487,0.9831172,0.632617,0.97148985,0.98800427,0.9790176,0.9673832,0.9729605,0.9888292,0.96978307,0.96693546,0.9427836,0.9606538,0.9700007,0.98555136,0.97866404,0.98588204,0.9807289,0.976596,0.9661296,0.9798061,0.9817652,0.9807943,0.9847366,0.98439986,0.9835965,0.9815328,0.983852,0.9896448,0.96135926,0.97515607,0.9733083,0.9707907,0.97222775,0.9812396,0.9755645,0.98762816,0.9819893,0.96961844,0.9787537,0.9817895,0.980099,0.9732109,0.9788143,0.98045415,0.98014116,0.98012936,0.9928988,0.49043238,0.9529149,0.9816625,0.9773818,0.9828945,0.8708231,0.97202826,0.98170614,0.97332275,0.9816042,0.9721345,0.98594826,0.9687375,0.9702698,0.9779673,0.97018194,0.97997123,0.98359686,0.9728161,0.98491395,0.9928988,0.97926015,0.98300487,0.97899383,0.98464173,0.97829384,0.9785986,0.97346187,0.97852325,0.9740051,0.9795069,0.974809,0.9861014,0.98196685,0.9805765,0.97580767,0.971966,0.9724829,0.979939,0.97706264,0.71649086,0.98737377,0.8958834,0.99210584,0.9833974,0.99015635,0.98270655,0.97707176,0.9670755,0.989115,0.9815461,0.9799222,0.98113376,0.9835514,0.9797247,0.9868829,0.9830337,0.9710607,0.9432178,0.9725042,0.9768006,0.9888615,0.955694,0.98548263,0.979068,0.98632073,0.98138946,0.9936258,0.98320395,0.98903245,0.98148644,0.96830195,0.97516006,0.9790876,0.9898318,0.97894496,0.96525824,0.98465836,0.9764167,0.9835166,0.9821973,0.9823262,0.9635628,0.97499573,0.98858196,0.97596574,0.98463553,0.98831236,0.9842112,0.98903245,0.982043,0.9837614,0.98402405,0.98234934
artofracingmovie,0.98393786,0.9832427,0.98586595,0.97226655,0.99289227,0.9649389,0.98975027,0.9893676,0.99202424,0.9853356,0.9875402,0.98513854,0.9855193,0.98758256,0.98553115,0.984417,0.98543996,1.0,0.9796726,0.970335,0.98476136,0.98379743,0.9888159,0.97751063,0.98599434,0.64321214,0.9871922,0.99023396,0.98246133,0.96050423,0.97468764,0.9826769,0.9705437,0.9869783,0.96532595,0.97261685,0.97756404,0.98706275,0.99223864,0.98426527,0.9869939,0.99299985,0.96994495,0.9869001,0.98529303,0.9744388,0.98933953,0.97634685,0.98477876,0.9874364,0.98974013,0.98357886,0.97521204,0.9823596,0.9845631,0.98301625,0.98262674,0.9857657,0.98011076,0.98412025,0.98092496,0.98357785,0.9791015,0.9889568,0.97846735,0.985952,0.9834145,0.9691476,0.97435963,0.98371875,0.99092376,0.47832403,0.9680142,0.99193054,0.97685844,0.98790544,0.910131,0.98319566,0.98626417,0.9635949,0.9833652,0.9861159,0.9898547,0.98931396,0.98411155,0.9771844,0.983251,0.98588157,0.98792744,0.9830592,0.98669624,0.99092376,0.96919906,0.9846604,0.9809942,0.9841996,0.9767157,0.98564017,0.9872956,0.98600316,0.97841465,0.9873429,0.9696094,0.98374605,0.9782983,0.98856926,0.9825643,0.9830824,0.9661586,0.976983,0.9820355,0.7395619,0.98200095,0.93072426,0.9858198,0.98732895,0.98542845,0.9870039,0.9744968,0.98690015,0.9898244,0.9736398,0.9779668,0.9868252,0.9832443,0.979232,0.9828586,0.98171467,0.9857518,0.95078886,0.9817854,0.97975826,0.9917577,0.9626992,0.98589987,0.9714925,0.9814027,0.97422695,0.9911303,0.9811478,0.99202424,0.9874212,0.9717241,0.98311675,0.97535384,0.9805271,0.98655546,0.9790242,0.98496056,0.98171633,0.9908215,0.9843425,0.98161,0.97098476,0.98757315,0.9797344,0.9854647,0.98845494,0.99052364,0.98964316,0.99202424,0.98183745,0.9810517,0.9814159,0.98937017
avengers,0.98604345,0.98363084,0.9842346,0.9809946,0.98599374,0.9748472,0.98325384,0.97648567,0.9885384,0.98341817,0.9837766,0.97924054,0.9816283,0.98808265,0.9780736,0.9796916,0.97275,0.9796726,1.0000001,0.97976255,0.9870878,0.9842404,0.97893494,0.9540973,0.9729882,0.59986645,0.9704344,0.9867371,0.98636097,0.9622228,0.98034936,0.97821224,0.9758332,0.975772,0.935336,0.9550566,0.99523497,0.98449576,0.9771064,0.97634655,0.9702317,0.9802339,0.96499693,0.97647953,0.9845998,0.9775325,0.97909504,0.9766764,0.97690856,0.9734964,0.98454344,0.9881084,0.95703226,0.97335464,0.97507906,0.96862346,0.96585375,0.9846702,0.9859917,0.97883785,0.9812123,0.9913508,0.97852486,0.97984123,0.975871,0.98400027,0.99227405,0.98336226,0.98361135,0.97954065,0.98129886,0.4135443,0.96095693,0.9888834,0.97011036,0.9816454,0.8552298,0.9856724,0.98523754,0.9717192,0.9897348,0.9762792,0.98019487,0.9793009,0.9593724,0.97662216,0.980286,0.98115075,0.9743028,0.9856735,0.984467,0.98129886,0.9728824,0.98270863,0.9821671,0.97380114,0.97749555,0.98188794,0.97388864,0.98075324,0.9916974,0.9805927,0.97349656,0.97492874,0.9744362,0.9779238,0.98144704,0.9698313,0.95286745,0.9802561,0.9900078,0.6669307,0.9787566,0.9035965,0.97554106,0.9915485,0.98339075,0.98418134,0.9784098,0.9730919,0.9815498,0.98838615,0.98107547,0.9826687,0.9715036,0.9744571,0.9794149,0.9747214,0.9728889,0.9656937,0.973183,0.9751441,0.9785853,0.9650867,0.9869323,0.9654722,0.97188365,0.97166675,0.9840639,0.9833701,0.9885384,0.98709774,0.9784731,0.9771729,0.97078323,0.986768,0.98266935,0.95276225,0.9701695,0.97622997,0.98335105,0.98187965,0.9860938,0.9469559,0.9743649,0.97828853,0.9798277,0.9869877,0.9795575,0.974807,0.9885384,0.969415,0.98426545,0.9741574,0.98323464
beachbummovie,0.9762182,0.9725586,0.97982484,0.9797885,0.9803975,0.9581168,0.9749478,0.9725123,0.98538697,0.96971744,0.9670284,0.9751535,0.97478735,0.9703709,0.9841737,0.97923607,0.9699636,0.970335,0.97976255,1.0,0.9762062,0.9852282,0.9740811,0.9627673,0.97767323,0.5883967,0.9715893,0.9796327,0.9819068,0.96166927,0.9692075,0.9742758,0.9592465,0.9703231,0.93587625,0.95672804,0.9767618,0.98528624,0.9726174,0.9709192,0.9651158,0.97704995,0.97395265,0.97769207,0.98507065,0.9879939,0.97344434,0.9870572,0.980601,0.97273463,0.98143613,0.98190606,0.9592495,0.97446054,0.97524726,0.963181,0.969519,0.9745321,0.9756976,0.9792304,0.98022753,0.9839484,0.97939813,0.97319466,0.97387695,0.9777809,0.98269564,0.9700153,0.9774695,0.97631764,0.98073804,0.3945215,0.95162344,0.9787137,0.95948535,0.9792342,0.8525229,0.9815087,0.9816001,0.9815548,0.9817994,0.97728837,0.97126895,0.9715096,0.9624777,0.9719288,0.9672747,0.9729602,0.97318417,0.9763714,0.9747301,0.98073804,0.97379875,0.9762333,0.9752861,0.9858702,0.9778052,0.98381984,0.9639623,0.9667573,0.98500264,0.9872927,0.9576947,0.972099,0.9733179,0.9756267,0.9724358,0.9785794,0.95792097,0.9640847,0.9809518,0.6489898,0.9779675,0.8891491,0.9791489,0.98240227,0.9835296,0.9782336,0.97935134,0.96222705,0.9745961,0.9855458,0.9837226,0.9721429,0.9688544,0.96687126,0.9718066,0.9757956,0.97217816,0.9431501,0.9668046,0.97009027,0.9793345,0.9563561,0.97519165,0.96619725,0.9748352,0.9625596,0.9787932,0.9849871,0.98538697,0.9873129,0.98867595,0.9741125,0.96182984,0.98027056,0.9835981,0.95886236,0.9753702,0.9714511,0.9809075,0.97783273,0.97943187,0.92419785,0.97703755,0.98163056,0.9704833,0.9846326,0.97816235,0.98000956,0.98538697,0.96278846,0.9817216,0.96978325,0.98238415
bernadettefilm,0.980657,0.9747976,0.9910548,0.9776263,0.9834396,0.9687529,0.98266613,0.982678,0.99008715,0.9802089,0.97805184,0.9783658,0.9872238,0.98688173,0.9832649,0.97511566,0.9806777,0.98476136,0.9870878,0.9762062,1.0,0.98893213,0.9820684,0.96542025,0.97104174,0.58071476,0.9776851,0.9874444,0.98876226,0.97242546,0.97877085,0.9815628,0.966677,0.9847995,0.9448553,0.9683924,0.98720336,0.9827909,0.9846964,0.9853475,0.98340476,0.9877659,0.9637056,0.9785692,0.9892455,0.98227334,0.98502696,0.9801226,0.98346424,0.97807395,0.989019,0.9884733,0.97056204,0.97814304,0.9864465,0.98153055,0.972173,0.9842092,0.9855973,0.9844983,0.9839185,0.9837467,0.9816658,0.9874773,0.9810704,0.98366493,0.98099124,0.9802058,0.9787986,0.97518706,0.98514026,0.4414484,0.9706141,0.98781943,0.96656847,0.9853521,0.88305616,0.9837887,0.9867299,0.9747847,0.98062587,0.9771248,0.99043256,0.9795042,0.96744204,0.97428185,0.9779113,0.9880005,0.9812164,0.9814134,0.98532915,0.98514026,0.9649126,0.9873629,0.9842645,0.9828149,0.97164565,0.9783722,0.9811693,0.9826765,0.98556954,0.9867469,0.9792684,0.97888863,0.97189856,0.98556876,0.98084486,0.9791331,0.9665534,0.98789227,0.98176867,0.6847209,0.97933173,0.90961003,0.9784447,0.981711,0.97926223,0.9858454,0.9779356,0.9804719,0.98560655,0.9809278,0.98699003,0.9757009,0.9836765,0.9884225,0.9835764,0.9810155,0.97162104,0.9531125,0.9919221,0.9712083,0.98470306,0.9511352,0.9841079,0.9823938,0.968496,0.9738878,0.9848063,0.9836232,0.99008715,0.987215,0.98008305,0.9871636,0.9762604,0.9825597,0.984359,0.96361566,0.98185813,0.9781134,0.9887238,0.982428,0.989279,0.93987197,0.9739173,0.9850042,0.97723424,0.98577523,0.98574793,0.98576343,0.99008715,0.97617066,0.98257667,0.97686076,0.9882644
