movie,21bridgesmovie,47metersdown,abeautifuldaymovie,abominablemovie,adastramovie,adogsjourneymovie,aftermathmovie,aftermovie,ahiddenlifefilm,alitamovie,angelhasfallen,angrybirdsmovie,annabellemovie,annamovie,apollo11movie,arcticdogsmovie,arcticmovie,artofracingmovie,avengers,beachbummovie,bernadettefilm,blackandbluemovie,blackchristmas,blindedbythelightmovie,bombshellmovie,booksmart,breakthroughmovie,brianbanksmovie,brightburnmovie,brittanyrunsmov,captainmarvelofficial,captivestatemovie,catsmovie,charliesangels,childsplaymovie,clarathefilm,coldpursuitmovie,countdown,currentwarmovie,darkwatersmovie,detectivepikachumovie,disneyaladdin,disneyfrozen,disneymaleficent,doctorsleepmovie,dolemiteismyname,dontletgomovie,doramovie,downtonabbey_official,dumbo,escaperoom,everybodyknowsmovie,fastandfuriousmovie,fightingwmyfam,fivefeetapartfilm,fordvferrari,freaksthefilm,geminimanmovie,glassmovie,gloriabellmovie,godzillamovie,goldfinchmovie,goodboysmovie,goodliarmovie,gretafilm,halathemovie,happydeathdaymovie,harrietfilm,hellboymovie,hersmellmovie,highlifemovie,highstrungmovie,honeyboymovie,hotelmumbaifilm,httydragon,hustlemovie,hustlersmovie,isntitromantic,itmovieofficial,jayandsilentbob,johnwickmovie,jojorabbitmovie,jokermovie,judythefilm,jumanjimovie,justmercyfilm,knivesout,lalloronamovie,lastblackmansf,lastchristmasthemovie,latenightmovie,lighthousemovie,lionking,littlethemovie,littlewomenmovie,littlewoodsfilm,longshotmovie,lordsofchaosmovie,lucyintheskyfilm,mamovie2019,marriagestory,meettheaddams,meninblack,midsommarmovie,midwaymovie,missbalamovie,missinglinkfilm,motherlessbklyn,onceinhollywood,onthebasisofsex,overcomermovie,peanutbutterfalcon,petsematarymovie,piercingmovie,playingwithfire,playmobilthemovie,pomsmovie,queenandslim,rambomovie,readyornotfilm,richardjewellfilm,rocketmanmovie,scarystoriesmovie,secretlifeofpets,serenityfilm,shaftmovie,shazammovie,spidermanmovie,spiesindisguise,starwars,stormboymovie,stubermovie,taosdfilm,teenspiritmov,terminator,theaeronautsmov,thebestofenemies,thedeaddontdie,thefarewell,thehighwaymen,thehummingbirdprojectfilm,theintrudermovie,theirishmanfilm,thekitchenmovie,thelegomovie,themustangfilm,thenightingalefilm,theprodigymovie,thesunisalsoastar,theupsidefilm,tolkienmovie,toystory,triplefrontier,uglydolls,uncutgems,underthesilverlake,usmovie,wavesmovie,whatmenwant,wonderparkmovie,wrinklestheclown,xmenmovies,yardiefilm,yesterdaymovie,zombieland
21bridgesmovie,1.0000005,0.95692784,0.96434367,0.95140016,0.9490296,0.95837504,0.9510261,0.95794255,0.9781302,0.9435389,0.9502576,0.940472,0.952148,0.95427054,0.9638491,0.9601661,0.9485931,0.94329447,0.9726561,0.952148,0.9467217,0.95384467,0.9652683,0.96844137,0.952792,0.88547975,0.9458966,0.9482363,0.9462667,0.9552159,0.93691516,0.9415607,0.95114744,0.93886113,0.9285039,0.9246865,0.96562153,0.9650604,0.9568788,0.9544705,0.950513,0.94581014,0.9395545,0.9506025,0.95243543,0.95018065,0.96005666,0.95131,0.9487233,0.95613575,0.956136,0.9505979,0.93823993,0.9608517,0.943347,0.95596457,0.9431253,0.94849133,0.9578692,0.95849144,0.9440108,0.9508767,0.94826055,0.95974845,0.95458835,0.95978475,0.94473433,0.9463793,0.94029886,0.9393136,0.96132815,0.76898724,0.9470154,0.9585665,0.9440569,0.9492272,0.91521204,0.95386815,0.9511776,0.94870573,0.9457924,0.948891,0.96891564,0.95312625,0.95167387,0.9399778,0.94923156,0.96338844,0.96544504,0.9626526,0.95184743,0.96132815,0.9459689,0.9533259,0.96145713,0.9488869,0.9542343,0.95024735,0.956017,0.9492057,0.950615,0.95523894,0.95292294,0.9608354,0.95001936,0.9561986,0.9600755,0.9660081,0.9573584,0.94163305,0.9678384,0.883624,0.95511764,0.9059625,0.94586194,0.9638558,0.98965025,0.94228065,0.9582823,0.95372075,0.95596826,0.952203,0.9592484,0.952758,0.9621103,0.9375758,0.95269716,0.9480911,0.9512717,0.9413201,0.95577896,0.9483218,0.95657676,0.93399036,0.9540988,0.95388144,0.9637869,0.95363426,0.9612175,0.9461058,0.9781302,0.9631888,0.9423601,0.97009003,0.931756,0.946435,0.95403624,0.94320434,0.9691736,0.9714806,0.9599049,0.95695573,0.9474267,0.9501069,0.9520363,0.94663143,0.9489271,0.9573237,0.959368,0.94383115,0.9781302,0.9503046,0.9569529,0.9574774,0.95274395
47metersdown,0.95692784,0.99999976,0.95413315,0.93490434,0.9496892,0.9515717,0.950079,0.95149666,0.969705,0.9353396,0.9480952,0.9373503,0.95375574,0.9445015,0.95602214,0.96594006,0.9431284,0.9448145,0.9457282,0.9404063,0.9466702,0.949432,0.9583479,0.94718236,0.9610128,0.8775091,0.9470954,0.94778305,0.9385406,0.95103765,0.93119437,0.9363168,0.94193673,0.9285652,0.9424744,0.93684065,0.94915354,0.9511284,0.9520375,0.9479759,0.93761075,0.9473364,0.937123,0.9471493,0.9455028,0.95328224,0.95970935,0.94413793,0.94797426,0.94879204,0.94935817,0.9528735,0.9315688,0.94380766,0.93797314,0.94410205,0.941914,0.9437399,0.9499123,0.9573758,0.94074583,0.9469125,0.93749374,0.9440331,0.94876987,0.9449303,0.9330835,0.9397987,0.9410362,0.94031817,0.95830864,0.75917053,0.9443537,0.9490229,0.94042635,0.94166535,0.9096364,0.95116454,0.94787484,0.94991636,0.94174707,0.94887686,0.95472604,0.9436722,0.94604415,0.94381577,0.9501912,0.9595583,0.950125,0.94724774,0.9461685,0.95830864,0.94931716,0.9429505,0.9477211,0.94749403,0.94938475,0.9456784,0.9497993,0.9402043,0.94298357,0.9533855,0.9338303,0.9555889,0.9371144,0.9479771,0.95023835,0.9499894,0.94528574,0.9364317,0.9548728,0.8763907,0.95304406,0.9096425,0.93857867,0.9514134,0.9565264,0.9291019,0.94969994,0.94902164,0.9490785,0.9478528,0.94662106,0.94606173,0.9521135,0.9321217,0.95500714,0.93236184,0.95248246,0.9441099,0.9468572,0.9389548,0.9512794,0.92601955,0.9329293,0.95036507,0.94785774,0.94996357,0.9550323,0.9431382,0.969705,0.95912594,0.9395441,0.95016575,0.9318627,0.9531576,0.94954616,0.9391249,0.9525117,0.9515263,0.9524329,0.9479434,0.9492259,0.9186876,0.95445085,0.9517118,0.9395897,0.9491627,0.95705354,0.9382391,0.969705,0.9400758,0.95220333,0.95525616,0.9483593
abeautifuldaymovie,0.96434367,0.95413315,0.99999994,0.95528805,0.9545814,0.96099305,0.9583777,0.9599676,0.9808194,0.9482636,0.9587717,0.9622466,0.9600914,0.95465416,0.95985425,0.9583049,0.95272076,0.95308876,0.9624142,0.95281214,0.9570764,0.96621746,0.95998365,0.96302813,0.9536224,0.90570927,0.95121545,0.95425075,0.96915513,0.96179193,0.94806033,0.94705236,0.9489464,0.9499792,0.9404094,0.9336032,0.9592556,0.955609,0.96232414,0.95775235,0.94572604,0.9585153,0.94370824,0.9577391,0.957362,0.9603162,0.95543694,0.9632331,0.94766426,0.9647074,0.972901,0.9561065,0.9430161,0.9585083,0.942366,0.9561995,0.9460559,0.95532274,0.9607276,0.96904624,0.93924105,0.9588569,0.95878845,0.9548264,0.9602494,0.9568912,0.95037043,0.95374215,0.95053244,0.94511545,0.9643194,0.7536616,0.9549822,0.9613945,0.9519199,0.95071363,0.9228338,0.95721006,0.9487974,0.9534064,0.9559448,0.95128155,0.9645226,0.9536684,0.9690244,0.94554013,0.95532095,0.9664864,0.9635761,0.95754397,0.96476257,0.9643194,0.95279384,0.95716876,0.9726906,0.9557491,0.95530194,0.9570558,0.96642053,0.95372343,0.94521475,0.96532494,0.96254313,0.9682002,0.9477368,0.97286856,0.9591338,0.96181023,0.9599537,0.9440887,0.96502125,0.879305,0.96070015,0.90181285,0.95409596,0.9685192,0.96949625,0.9453478,0.9540534,0.96152765,0.9605494,0.9557974,0.95683265,0.95331305,0.9596396,0.94781196,0.9623871,0.9644415,0.95333946,0.944291,0.95617056,0.9510039,0.963882,0.9268951,0.9565053,0.96016234,0.9559929,0.9521074,0.96613055,0.9444171,0.9808194,0.9718877,0.94327766,0.9687382,0.9435723,0.9545706,0.95177567,0.9508497,0.96135724,0.95452714,0.96776015,0.97432035,0.95568436,0.93539673,0.9535899,0.9529836,0.9527432,0.9562599,0.9588919,0.94844186,0.9808194,0.9458897,0.9596286,0.9619703,0.9662396
abominablemovie,0.95140016,0.93490434,0.95528805,0.9999996,0.9578682,0.94780284,0.9611182,0.9463804,0.9709597,0.9600906,0.94985056,0.9427566,0.9590475,0.94756436,0.95632774,0.9353641,0.94754195,0.94914854,0.9488362,0.9493061,0.9530269,0.955499,0.95324224,0.953841,0.94358134,0.8906226,0.9538886,0.95646596,0.95055753,0.9552236,0.93578756,0.9416984,0.94272584,0.9433277,0.9220479,0.9262338,0.954305,0.95457155,0.9527466,0.9600812,0.949525,0.9432636,0.9373935,0.9357508,0.94102716,0.94325733,0.9510386,0.95101553,0.94234204,0.95009845,0.94830185,0.9563864,0.93287176,0.9460418,0.9520091,0.95143116,0.94260484,0.94125754,0.9631353,0.96188784,0.94038004,0.95063907,0.94867086,0.95377105,0.9443788,0.94680476,0.9484344,0.94740444,0.9372402,0.926084,0.9493314,0.791632,0.9288878,0.9591994,0.9490702,0.9465658,0.9077199,0.9445569,0.9456565,0.951297,0.95457166,0.96205705,0.9585276,0.9392772,0.9525075,0.9451925,0.93807626,0.9548136,0.949766,0.9503074,0.9545329,0.9493314,0.94634634,0.95171756,0.9596408,0.95409745,0.94715756,0.9442885,0.9527845,0.9448949,0.93970925,0.95502007,0.94332314,0.95834213,0.95129585,0.94435316,0.9575792,0.95266324,0.93849313,0.94452196,0.952428,0.8823572,0.9513348,0.9178573,0.94831926,0.94283515,0.9558421,0.942265,0.9515509,0.95373344,0.9523882,0.94288814,0.96293926,0.94336885,0.9575488,0.9396504,0.958884,0.9403977,0.9521983,0.9465896,0.9583314,0.94665194,0.95899427,0.9356914,0.94802487,0.9527534,0.95292234,0.9525244,0.9551564,0.93331575,0.9709597,0.9527364,0.9291311,0.958436,0.9347475,0.94863105,0.9552202,0.9425166,0.95320195,0.9443621,0.9623504,0.9529133,0.94238,0.9385171,0.9393709,0.9404163,0.9370981,0.93441844,0.9496177,0.9378057,0.9709597,0.9510869,0.95204836,0.95519155,0.9481142
adastramovie,0.9490296,0.9496892,0.9545814,0.9578682,0.9999998,0.9489076,0.9582146,0.95750904,0.9774908,0.95974135,0.9600067,0.9572456,0.9460208,0.960786,0.95421314,0.9447652,0.95726705,0.9780387,0.9490006,0.9451867,0.9490658,0.95934886,0.9538413,0.95750064,0.9531977,0.8802446,0.9613683,0.9648913,0.9514101,0.96101236,0.95116246,0.9497529,0.94944966,0.9463898,0.93129677,0.9321524,0.955738,0.95230263,0.95681,0.9576641,0.9452388,0.94966465,0.9481105,0.94254375,0.95046985,0.95451623,0.94788414,0.9589686,0.942505,0.9544435,0.9581054,0.9608246,0.9371681,0.95709485,0.95064944,0.96726,0.94348603,0.9467727,0.9572984,0.95863104,0.94353265,0.9476851,0.95294267,0.95354277,0.95558554,0.9505078,0.9534339,0.94665545,0.94589615,0.94019604,0.96049124,0.78863484,0.93369687,0.9575731,0.95003825,0.9450469,0.90211713,0.9509451,0.94529146,0.95367384,0.9625365,0.95555747,0.95345634,0.9432718,0.9625259,0.9549413,0.95335,0.95633143,0.95261437,0.95889384,0.9533936,0.96049124,0.94676214,0.9579375,0.9570024,0.9540873,0.95059067,0.9539912,0.94434255,0.95268255,0.9470217,0.9605008,0.94781864,0.95635337,0.9521017,0.9594776,0.97341794,0.9551106,0.94971704,0.958328,0.9580517,0.88115263,0.9472695,0.9297292,0.9372227,0.95495933,0.95597154,0.9476578,0.9625237,0.95528173,0.9559705,0.94813555,0.9633513,0.94740945,0.9634199,0.9435165,0.954891,0.94919884,0.96306705,0.95102125,0.9597453,0.9610005,0.9568969,0.9436884,0.9444797,0.94726557,0.958759,0.9440822,0.9630839,0.95474195,0.9774908,0.959301,0.9398969,0.9603561,0.9397935,0.95218587,0.95613486,0.94519585,0.9532052,0.95569307,0.95778817,0.94864523,0.9594302,0.92909914,0.9552506,0.9578443,0.93776983,0.938434,0.9545565,0.93859875,0.9774908,0.9491884,0.9551285,0.95669943,0.95648813
adogsjourneymovie,0.95837504,0.9515717,0.96099305,0.94780284,0.9489076,0.99999994,0.94505227,0.9535832,0.9753711,0.9373019,0.95991635,0.9380439,0.9513881,0.94340235,0.95440966,0.95515347,0.9486936,0.95222116,0.95569086,0.9482123,0.95032793,0.96436477,0.9570279,0.9595605,0.9553501,0.8837637,0.9527567,0.9376102,0.94568866,0.94598216,0.947385,0.9408219,0.9477147,0.9277366,0.9440211,0.94168186,0.95534635,0.9438563,0.9660457,0.9523608,0.949442,0.9433227,0.9457058,0.9487624,0.950107,0.95808774,0.9598457,0.95595866,0.94919395,0.95478433,0.95707643,0.9553208,0.94545466,0.9604206,0.94512564,0.9541516,0.94602156,0.9494667,0.9581539,0.96087,0.94886476,0.93792987,0.9516673,0.94891584,0.9647131,0.95471346,0.95434994,0.9480816,0.9494192,0.93616915,0.95543796,0.7668908,0.9386289,0.94560367,0.95757306,0.9380597,0.9148145,0.9548866,0.9444485,0.9664176,0.95448935,0.9439382,0.9580062,0.94971794,0.9523568,0.9535009,0.9495974,0.949975,0.9527942,0.9528807,0.9498785,0.95543796,0.9565641,0.9590456,0.9602391,0.9610813,0.9704295,0.94855773,0.94439995,0.9439959,0.95119536,0.95788527,0.9594924,0.9628624,0.9329565,0.9576671,0.9593556,0.95470214,0.95067394,0.9378768,0.96131486,0.8799014,0.94639975,0.90859723,0.9424974,0.9565256,0.9597603,0.95218307,0.9622676,0.9450327,0.9541391,0.9620647,0.96000206,0.97230613,0.95375305,0.94846517,0.9549825,0.95665044,0.9613198,0.9506001,0.956519,0.9484998,0.95356333,0.93156254,0.94723094,0.9503856,0.9452349,0.9565102,0.9520258,0.9461157,0.9753711,0.97136086,0.93941885,0.9552623,0.9339439,0.9511448,0.9487454,0.9498397,0.9668806,0.9490404,0.9531212,0.9555372,0.95930684,0.9371476,0.9417005,0.9444824,0.947966,0.94886416,0.9518579,0.94281554,0.9753711,0.9483783,0.945078,0.9696338,0.9564701
aftermathmovie,0.9510261,0.950079,0.9583777,0.9611182,0.9582146,0.94505227,0.9999999,0.9483293,0.97950906,0.9517774,0.9602017,0.95090437,0.9643696,0.9633649,0.9631072,0.9472684,0.9529818,0.9528606,0.9493641,0.95292807,0.959337,0.9637133,0.9584011,0.9573485,0.9523373,0.8951921,0.9575962,0.9633651,0.96049136,0.957204,0.9338979,0.95677125,0.93874246,0.94707644,0.9371807,0.9306857,0.96288764,0.95616144,0.9540064,0.9644538,0.9550964,0.96081835,0.94327885,0.9569555,0.9488316,0.95536923,0.9551998,0.957541,0.9522736,0.9639477,0.96039134,0.96614784,0.9503854,0.9557804,0.95337117,0.95513386,0.9447206,0.9508017,0.954019,0.9629189,0.9453022,0.94468564,0.94904107,0.9567358,0.9584688,0.95389533,0.94807243,0.9586752,0.9526451,0.94299495,0.9611042,0.7708604,0.9413444,0.9690469,0.94896084,0.9429538,0.9173381,0.9528409,0.94083834,0.9588713,0.9606084,0.9778261,0.963099,0.9515759,0.96181744,0.94906753,0.94392747,0.9618703,0.95645267,0.9498554,0.96045464,0.9611042,0.95501083,0.9545673,0.96048427,0.9525718,0.9506035,0.9488862,0.97486275,0.95427924,0.95129687,0.9538835,0.9507236,0.960994,0.952763,0.9567917,0.96160054,0.96382743,0.9522712,0.9582431,0.9634774,0.8681615,0.95360965,0.9251372,0.9590475,0.9520313,0.95738965,0.9424005,0.9556111,0.9887729,0.96668136,0.9449485,0.9615793,0.9463024,0.95429695,0.9484412,0.96255064,0.95019495,0.95207083,0.9478997,0.95476925,0.94795775,0.95783836,0.94001186,0.94486564,0.95297956,0.94976074,0.95404243,0.962511,0.9405919,0.97950906,0.966903,0.9444058,0.96603423,0.94692963,0.95925486,0.9587473,0.9528737,0.9581153,0.9505077,0.97691715,0.95200783,0.9460607,0.9315295,0.953899,0.95688695,0.9463674,0.9521762,0.9504856,0.94544536,0.97950906,0.94060713,0.9618018,0.95805514,0.9541707
aftermovie,0.95794255,0.95149666,0.9599676,0.9463804,0.95750904,0.9535832,0.9483293,1.0000004,0.9753697,0.9423627,0.95135564,0.9550387,0.94712263,0.9500682,0.9567359,0.94864744,0.9519719,0.94978255,0.9455464,0.9463815,0.93994975,0.964793,0.9551507,0.9623279,0.9541779,0.8920513,0.9633679,0.93806237,0.96093243,0.9458261,0.9361418,0.9381859,0.9486833,0.9471065,0.9344755,0.93732786,0.95191026,0.9522733,0.9611235,0.954608,0.942942,0.94811,0.9390968,0.94379157,0.9509639,0.959842,0.94853824,0.9548298,0.93811035,0.95423055,0.9660519,0.9487103,0.9318529,0.94623125,0.9487206,0.9526843,0.9513162,0.95302904,0.95635605,0.9530564,0.9422952,0.9477548,0.94858253,0.9468653,0.95088774,0.9552706,0.95258135,0.9407906,0.93795997,0.9487914,0.9580258,0.7525106,0.93325084,0.9433766,0.9472293,0.9389096,0.91656786,0.9455928,0.9463208,0.95470154,0.9517572,0.9444415,0.9631643,0.9518813,0.95658314,0.9527903,0.94682485,0.949863,0.95640767,0.9507146,0.9511093,0.9580258,0.94545454,0.9500067,0.96351147,0.94885767,0.94613844,0.94626904,0.9508484,0.9547432,0.9460189,0.9608928,0.9576405,0.95622283,0.952683,0.9650191,0.96096724,0.96313167,0.94955045,0.94774246,0.95635736,0.8720673,0.95312744,0.91725934,0.94573224,0.9607395,0.9640334,0.93673474,0.96017677,0.9499293,0.95447963,0.9521534,0.9513296,0.9456711,0.9541029,0.9321998,0.9454366,0.95406187,0.9567537,0.93470687,0.9492335,0.9511164,0.9465749,0.92912006,0.95168906,0.94704413,0.95790684,0.94602877,0.95289665,0.9543007,0.9753697,0.97079587,0.9485935,0.9609728,0.9478038,0.95138276,0.9587353,0.94318223,0.95740837,0.9570869,0.9539044,0.9541158,0.95254785,0.9354128,0.9493442,0.9542793,0.9406585,0.9477357,0.96106774,0.94221514,0.9753697,0.9559477,0.9469867,0.94991213,0.9707638
ahiddenlifefilm,0.9781302,0.969705,0.9808194,0.9709597,0.9774908,0.9753711,0.97950906,0.9753697,1.0000005,0.96738124,0.9764859,0.9708593,0.9754104,0.97726065,0.9801841,0.9711323,0.97155446,0.9763993,0.9747761,0.9697224,0.9697491,0.9811474,0.98002183,0.9813666,0.97465444,0.91156584,0.9734267,0.974106,0.97373575,0.9749736,0.9578451,0.9693771,0.9655893,0.964143,0.95837754,0.9535669,0.98002446,0.9730153,0.9789092,0.9776746,0.96837354,0.97439426,0.9638242,0.972974,0.9721545,0.9762486,0.9765232,0.97546893,0.9717652,0.9783384,0.9817961,0.9791046,0.9639625,0.9799605,0.96878314,0.9741482,0.96547425,0.9746635,0.97630554,0.9807066,0.9683146,0.96681416,0.9696392,0.9744614,0.97753567,0.9757854,0.9701766,0.9707146,0.96867746,0.9636086,0.9811634,0.7815717,0.9611122,0.97596884,0.9661588,0.9641912,0.9301984,0.9749945,0.971515,0.9742463,0.97511697,0.97479963,0.9818867,0.9719038,0.9770327,0.9712055,0.97108656,0.9778327,0.9786566,0.9745034,0.97620994,0.9811634,0.96725476,0.9752775,0.9821534,0.97171134,0.97476053,0.9731548,0.9745238,0.9736223,0.97100145,0.97834206,0.9715021,0.9817911,0.9659482,0.98122567,0.9843493,0.97924304,0.97101027,0.9725575,0.98370683,0.89001715,0.9743735,0.9382031,0.96584886,0.97668797,0.98227733,0.96516687,0.9800766,0.97836447,0.9797203,0.9705409,0.9800773,0.96849656,0.97618604,0.96669835,0.9759633,0.9726068,0.9760553,0.96423936,0.9765225,0.9718428,0.97670084,0.9575367,0.96986145,0.97225547,0.97339344,0.9739041,0.98075914,0.9689831,1.0000005,0.9864589,0.96648157,0.9833243,0.9580833,0.97522193,0.97422373,0.96779054,0.98090494,0.97023857,0.9806103,0.97404736,0.9735711,0.94950384,0.9736857,0.9736356,0.967293,0.9736662,0.975365,0.9635698,1.0000005,0.96404964,0.97808903,0.97767276,0.98033977
alitamovie,0.9435389,0.9353396,0.9482636,0.9600906,0.95974135,0.9373019,0.9517774,0.9423627,0.96738124,1.0000002,0.94954175,0.9421807,0.94887125,0.9518299,0.94377697,0.9344816,0.9305603,0.95981395,0.9423585,0.92564213,0.9406534,0.94571024,0.94444805,0.9561537,0.94161034,0.8788302,0.9463789,0.9502116,0.9475364,0.9608573,0.9296141,0.94703954,0.9295409,0.9477466,0.91467214,0.9221452,0.9468524,0.95976853,0.9442994,0.9620105,0.9497808,0.9486842,0.92713493,0.9359915,0.9407415,0.93991464,0.93856287,0.95499873,0.9325933,0.9486372,0.9502718,0.9540437,0.9399497,0.9462196,0.94339985,0.9601953,0.9439366,0.9387766,0.9441423,0.9568472,0.9417606,0.9478803,0.942642,0.9553402,0.9484606,0.9454143,0.9407638,0.94182175,0.9312094,0.93411404,0.95454764,0.77028984,0.9324994,0.95417243,0.93521494,0.9356647,0.9142917,0.93686473,0.94176066,0.9439323,0.9486098,0.94859815,0.95479155,0.926138,0.9558102,0.9435654,0.9374324,0.94605404,0.9506119,0.9540195,0.9544858,0.95454764,0.93171674,0.94631463,0.95236266,0.93371177,0.9358116,0.9341025,0.94034857,0.93828166,0.94282836,0.94447625,0.9303868,0.9549175,0.95977575,0.9457892,0.9509059,0.9603352,0.94216746,0.95743746,0.9480909,0.8784252,0.93960273,0.9164502,0.92591065,0.9419211,0.95349824,0.9345265,0.95308447,0.94949985,0.95531434,0.93624806,0.9549698,0.9311395,0.9494385,0.9291708,0.94672847,0.9517019,0.9529305,0.9328399,0.95061,0.9441821,0.94479525,0.9384364,0.94897044,0.9594275,0.95312035,0.9405575,0.95175904,0.93804514,0.96738124,0.9470565,0.93634474,0.955884,0.95105714,0.9424266,0.9430941,0.93398696,0.95269215,0.93736315,0.95115465,0.9466723,0.95053494,0.9342622,0.94162834,0.94260293,0.93270934,0.93236077,0.951933,0.93233323,0.96738124,0.94967544,0.9528231,0.9395709,0.94783753
angelhasfallen,0.9502576,0.9480952,0.9587717,0.94985056,0.9600067,0.95991635,0.9602017,0.95135564,0.9764859,0.94954175,1.0,0.9491226,0.95632386,0.95963335,0.9458397,0.9508367,0.9464953,0.9602058,0.9458405,0.9399484,0.9505796,0.9629639,0.9589076,0.95498973,0.9485709,0.8989199,0.9502144,0.9566818,0.9481775,0.95174944,0.93612456,0.95609254,0.9434421,0.9361429,0.9406759,0.9332583,0.9566908,0.95229775,0.96153075,0.9590612,0.9393788,0.9499373,0.9394698,0.945929,0.952619,0.95195377,0.9574492,0.96299654,0.9481563,0.95213234,0.9584261,0.95924044,0.9493379,0.96460265,0.94433045,0.95415664,0.93975246,0.95006627,0.9496533,0.9576826,0.9408585,0.9451577,0.9471942,0.9500657,0.96509194,0.95950025,0.9472718,0.94900507,0.95822227,0.9396625,0.96075296,0.76924855,0.9477265,0.9588261,0.9542874,0.9511819,0.9116028,0.9559607,0.94117975,0.95652246,0.97066444,0.9564212,0.95779496,0.94210523,0.95689976,0.9523279,0.9564606,0.95748943,0.9554285,0.9540653,0.9542004,0.96075296,0.93955123,0.96581864,0.95949084,0.9554021,0.96715444,0.9476375,0.9555022,0.9481229,0.9464061,0.96019095,0.9450588,0.96691334,0.9411298,0.9616183,0.9614665,0.9503484,0.94521624,0.9564477,0.95864815,0.88079005,0.94647473,0.91474843,0.93686754,0.9647132,0.95359844,0.94951844,0.9559904,0.96084684,0.95537645,0.95364106,0.9555594,0.9505859,0.95762265,0.94406825,0.95322,0.95151025,0.9512176,0.9441952,0.96059763,0.9447565,0.9525296,0.93351334,0.94755775,0.945316,0.9474367,0.951881,0.9581356,0.94667405,0.9764859,0.9619943,0.9404814,0.9602691,0.93320197,0.95436853,0.9525245,0.94974566,0.95379514,0.9479484,0.9600423,0.9486782,0.95101136,0.9215302,0.94888,0.9562303,0.9493536,0.9565592,0.9545796,0.9396395,0.9764859,0.936665,0.9553962,0.960938,0.9582021
angrybirdsmovie,0.940472,0.9373503,0.9622466,0.9427566,0.9572456,0.9380439,0.95090437,0.9550387,0.9708593,0.9421807,0.9491226,0.9999996,0.94164807,0.94715405,0.94514126,0.9344747,0.9533218,0.9532959,0.94200104,0.94513285,0.9393601,0.96132606,0.9479658,0.94962096,0.9396648,0.8979173,0.94481623,0.9484392,0.9616253,0.9482725,0.93537456,0.94299334,0.9321408,0.9540042,0.9306684,0.92356926,0.94660413,0.9457885,0.9482524,0.95295364,0.94167334,0.9472513,0.9400418,0.94051325,0.9513663,0.95144224,0.9367653,0.9597756,0.9438432,0.9499993,0.97503436,0.9485674,0.94494563,0.95670176,0.9427145,0.94259274,0.935305,0.9559283,0.94596344,0.9466118,0.93979204,0.9438677,0.9483307,0.94253767,0.9556134,0.9460186,0.94531846,0.9413807,0.9472869,0.9363128,0.95299363,0.75233805,0.9245577,0.9465853,0.9363307,0.9389767,0.88549805,0.9360728,0.9391052,0.93732065,0.96047115,0.94549066,0.9508006,0.9388145,0.9692364,0.9443791,0.94812554,0.9439673,0.94508207,0.94766957,0.9482349,0.95299363,0.93307483,0.9522678,0.96678644,0.944117,0.94137555,0.9472017,0.9550014,0.9451284,0.9379167,0.9565462,0.95260215,0.9514407,0.9482432,0.9767549,0.95688343,0.95508945,0.9450866,0.9570227,0.9542154,0.8674219,0.9517495,0.9139756,0.94342947,0.9528986,0.9497756,0.9311051,0.9528719,0.94784546,0.9570536,0.94444567,0.95491767,0.9393118,0.9482452,0.94111776,0.94856286,0.9571497,0.9448786,0.9294208,0.955196,0.95242214,0.94771457,0.91959244,0.9476866,0.93498355,0.9471562,0.94275707,0.9623021,0.94852716,0.9708593,0.9613008,0.9389982,0.96059805,0.94428384,0.9543971,0.9531133,0.9447574,0.954288,0.94433993,0.94704926,0.94250774,0.9422182,0.9227758,0.9470936,0.94641167,0.94028383,0.9550295,0.9615584,0.9445563,0.9708593,0.9407829,0.9435115,0.9453235,0.9701196
annabellemovie,0.952148,0.95375574,0.9600914,0.9590475,0.9460208,0.9513881,0.9643696,0.94712263,0.9754104,0.94887125,0.95632386,0.94164807,1.0000001,0.96004903,0.96155345,0.9508466,0.9451428,0.94968265,0.9522554,0.954532,0.9548141,0.962396,0.9654212,0.9548483,0.95669025,0.89038956,0.948762,0.95417434,0.9491227,0.95620775,0.92898196,0.95698845,0.9483921,0.93914175,0.9434581,0.9436203,0.962295,0.9699064,0.95563185,0.96076316,0.95144796,0.9561401,0.93385094,0.95134056,0.9542246,0.9560082,0.9631977,0.94873315,0.95167303,0.953477,0.95233595,0.9594847,0.9592393,0.9554573,0.9609244,0.94688874,0.9397462,0.954388,0.9529087,0.962651,0.96188384,0.9597284,0.94317096,0.96067065,0.9488755,0.9622487,0.94225085,0.9532953,0.95259684,0.94297814,0.9584104,0.7809581,0.94866145,0.9522177,0.9570302,0.94214386,0.92258734,0.9538849,0.9550938,0.9501325,0.9560725,0.9686087,0.96785736,0.9535023,0.9518617,0.9519852,0.96008044,0.97699434,0.95783806,0.94816726,0.96124554,0.9584104,0.9433928,0.9538647,0.9557777,0.95282686,0.95833427,0.95241314,0.9562563,0.9557511,0.9585573,0.9517842,0.94451195,0.9577165,0.9364907,0.9531418,0.9550358,0.9639834,0.9383362,0.94828975,0.96201557,0.8684343,0.95730674,0.9323176,0.9538381,0.95283085,0.95984256,0.9500134,0.9584483,0.961367,0.956624,0.9470345,0.9561927,0.94493824,0.9550688,0.94721097,0.9668265,0.9419587,0.95315415,0.93161356,0.95399714,0.94646347,0.955384,0.9403951,0.95033747,0.95374614,0.95533127,0.95706403,0.9596886,0.94037765,0.9754104,0.96279854,0.95335823,0.9603328,0.94179446,0.9551666,0.95171773,0.9539489,0.960005,0.9470423,0.96939456,0.9485587,0.9584586,0.9267686,0.9603226,0.95044005,0.9490939,0.9547263,0.9613881,0.9509231,0.9754104,0.94167924,0.96573037,0.9614341,0.9461468
annamovie,0.95427054,0.9445015,0.95465416,0.94756436,0.960786,0.94340235,0.9633649,0.9500682,0.97726065,0.9518299,0.95963335,0.94715405,0.96004903,0.99999964,0.95856345,0.95032936,0.9453174,0.97023994,0.9502081,0.9434222,0.94771564,0.9580802,0.9611692,0.9587231,0.96144503,0.9062951,0.958365,0.9578522,0.9518279,0.95452505,0.93209994,0.9544457,0.9485237,0.952605,0.92747986,0.9326774,0.9615144,0.9566459,0.95755196,0.9638767,0.94738525,0.9677831,0.9373416,0.9606669,0.9566083,0.95170087,0.95633745,0.9526356,0.94041663,0.96684486,0.9573369,0.9646842,0.9454216,0.9581037,0.95286167,0.95347863,0.9387597,0.94961864,0.9539955,0.962728,0.9472948,0.9542491,0.9525038,0.9729508,0.95460206,0.9574152,0.95449555,0.9525309,0.95140994,0.9360627,0.96187645,0.76791227,0.9347142,0.9590523,0.94495845,0.9523535,0.9164538,0.9551497,0.95048785,0.9448175,0.95652014,0.95195866,0.9586188,0.94275546,0.95828974,0.9618571,0.94696814,0.96440715,0.9674546,0.9563836,0.955777,0.96187645,0.9485217,0.95346916,0.9607686,0.9487149,0.96087915,0.9464035,0.9505771,0.9714491,0.9524357,0.9573495,0.9483555,0.9570353,0.9544726,0.96126676,0.95965624,0.9605544,0.9450791,0.9674162,0.9629406,0.86309093,0.9478116,0.92172253,0.94507456,0.95985,0.96063054,0.9418207,0.96345073,0.95921046,0.9565054,0.93452436,0.9624154,0.9332718,0.9553068,0.94618964,0.9514957,0.94832677,0.9521425,0.9334008,0.9480421,0.94957626,0.95883894,0.93890953,0.93838793,0.94883764,0.954434,0.95633346,0.9633229,0.9543791,0.97726065,0.9622254,0.94520897,0.9634245,0.94218165,0.95701396,0.9461946,0.93614626,0.95357674,0.9511157,0.96162295,0.9529779,0.9580184,0.92640936,0.95089024,0.9547306,0.9520081,0.945281,0.9538261,0.9400802,0.97726065,0.94700855,0.96561474,0.95047927,0.9574253
apollo11movie,0.9638491,0.95602214,0.95985425,0.95632774,0.95421314,0.95440966,0.9631072,0.9567359,0.9801841,0.94377697,0.9458397,0.94514126,0.96155345,0.95856345,0.99999946,0.9602986,0.95355487,0.9558937,0.9571357,0.9735927,0.9630483,0.9590143,0.96334875,0.9624068,0.95961654,0.88893646,0.9609456,0.95452726,0.9478527,0.9591144,0.9361591,0.9548099,0.95203936,0.9440506,0.9276263,0.9359587,0.9663139,0.95158964,0.9623776,0.9531212,0.9608959,0.95670867,0.9530801,0.95763177,0.9551447,0.95557487,0.9597585,0.952651,0.96189797,0.96384865,0.95726615,0.96175957,0.9379032,0.95607835,0.9552872,0.95781094,0.9475065,0.9615453,0.95909315,0.96294385,0.96136427,0.943929,0.95369905,0.96055734,0.95235413,0.9567772,0.94107014,0.95602745,0.9454601,0.94704634,0.955778,0.7737987,0.9514418,0.9575107,0.9411695,0.9366825,0.9064584,0.9531209,0.9498711,0.9595299,0.951435,0.9615061,0.97347546,0.95812404,0.9481387,0.9469324,0.9471931,0.95843005,0.94839245,0.955432,0.9608616,0.955778,0.950722,0.94588685,0.9637168,0.9757732,0.95511514,0.96335816,0.9550805,0.95634854,0.95210665,0.95413256,0.9538805,0.9530376,0.94236094,0.95579165,0.9657857,0.96602243,0.9475751,0.9510267,0.9690676,0.86602086,0.9642518,0.9243646,0.96446687,0.9551595,0.966339,0.9465947,0.95646167,0.9580854,0.96602726,0.9535784,0.9620056,0.9446449,0.9580313,0.95419264,0.96300673,0.94549054,0.9585004,0.95185494,0.957602,0.95469606,0.9605923,0.94572955,0.9543429,0.9603744,0.9529482,0.9591885,0.95629126,0.9477991,0.9801841,0.96750736,0.9523585,0.9645718,0.9339354,0.9538923,0.95259225,0.9480997,0.9674914,0.95281214,0.9657561,0.958848,0.9622104,0.932171,0.9594457,0.95137215,0.94637597,0.95172143,0.9510475,0.9587184,0.9801841,0.94495106,0.95834035,0.96384,0.95700854
arcticdogsmovie,0.9601661,0.96594006,0.9583049,0.9353641,0.9447652,0.95515347,0.9472684,0.94864744,0.9711323,0.9344816,0.9508367,0.9344747,0.9508466,0.95032936,0.9602986,0.9999998,0.9414066,0.9474907,0.94315636,0.9406684,0.94640857,0.9488152,0.9575852,0.95852864,0.95944685,0.88684654,0.94152933,0.9409268,0.93572944,0.94687736,0.9268269,0.9366261,0.9441682,0.9274545,0.93612444,0.92512447,0.95285285,0.94068253,0.9540959,0.94690347,0.9400751,0.95098096,0.93624467,0.95606387,0.93895495,0.9470859,0.95560926,0.94486773,0.9515772,0.95294654,0.9499606,0.9500362,0.9370547,0.95204866,0.9305843,0.94688344,0.93350446,0.94910973,0.9464607,0.9582852,0.94613516,0.9428406,0.9455446,0.94535816,0.9526442,0.9514966,0.94179326,0.94056904,0.93960106,0.9351232,0.9552444,0.7386383,0.9423694,0.945646,0.94550717,0.9387276,0.9215168,0.95254076,0.94526845,0.9456073,0.94168216,0.9527722,0.9579798,0.9444172,0.9424445,0.94318664,0.94752157,0.9597426,0.9501727,0.94960815,0.9494339,0.9552444,0.9431722,0.95274943,0.9494839,0.9480559,0.95055276,0.95246094,0.9502524,0.9447099,0.93396705,0.9522362,0.94136965,0.9527949,0.9269259,0.95079005,0.9501994,0.95629513,0.9505088,0.9346405,0.95597446,0.8672516,0.94302106,0.9127195,0.94099945,0.9531695,0.9622482,0.93320596,0.95469683,0.94925815,0.9575461,0.95079017,0.95093906,0.9431961,0.95173687,0.9365142,0.9492035,0.9382553,0.9527534,0.93854666,0.9468284,0.939982,0.94548595,0.9304911,0.9429954,0.9499669,0.94534874,0.94095075,0.95439726,0.9360771,0.9711323,0.9580931,0.9341868,0.95472527,0.92675066,0.948299,0.9452404,0.936113,0.9503185,0.9536762,0.9524242,0.9501088,0.9543589,0.919329,0.9488319,0.9481394,0.9482537,0.9495642,0.95004874,0.9404535,0.9711323,0.9365979,0.9561789,0.9578848,0.94668245
arcticmovie,0.9485931,0.9431284,0.95272076,0.94754195,0.95726705,0.9486936,0.9529818,0.9519719,0.97155446,0.9305603,0.9464953,0.9533218,0.9451428,0.9453174,0.95355487,0.9414066,1.0000001,0.9464745,0.9429095,0.9531018,0.940882,0.95898086,0.9614597,0.95155704,0.94854105,0.8799313,0.9669513,0.9723137,0.94156194,0.9431145,0.9265374,0.92810273,0.931731,0.93053484,0.94400054,0.9311856,0.951932,0.94390637,0.9515177,0.9407214,0.94277287,0.942464,0.9536557,0.9491712,0.94911695,0.9592876,0.9558537,0.95221645,0.9581353,0.95403,0.95675594,0.95364267,0.9402132,0.9587327,0.9420282,0.9385375,0.94494736,0.9408923,0.94304687,0.94847345,0.9453509,0.93715227,0.937647,0.9439685,0.9501251,0.94446737,0.9430158,0.9422215,0.9411344,0.9452274,0.9505087,0.7637428,0.9341581,0.9543943,0.9513868,0.94101566,0.89377445,0.939841,0.9470404,0.94466656,0.95179296,0.955843,0.9609893,0.9542542,0.9598573,0.9449072,0.9455901,0.94175225,0.9420949,0.9453665,0.9425189,0.9505087,0.94560313,0.94955003,0.96464455,0.94857514,0.9479228,0.9579002,0.9531218,0.9540412,0.9359184,0.9612894,0.9422526,0.95627594,0.93797046,0.95761657,0.96107703,0.95098215,0.95000213,0.94643843,0.95984477,0.8748027,0.9534478,0.9339389,0.94071007,0.94925237,0.9503347,0.9439654,0.9505013,0.9477142,0.94729745,0.94569373,0.96213686,0.9446738,0.95029444,0.9556623,0.9479328,0.93875873,0.9504369,0.95098454,0.9477752,0.9450291,0.9745099,0.9387226,0.9397952,0.94121575,0.9489615,0.95643383,0.9578756,0.948607,0.97155446,0.9598364,0.94024795,0.9595891,0.9305306,0.94623303,0.9543876,0.946773,0.95762724,0.9466198,0.9499316,0.95015943,0.9398644,0.9242966,0.94737273,0.9507797,0.93983656,0.94565475,0.9503562,0.9428016,0.97155446,0.93930554,0.94221425,0.9602558,0.9606615
artofracingmovie,0.94329447,0.9448145,0.95308876,0.94914854,0.9780387,0.95222116,0.9528606,0.94978255,0.9763993,0.95981395,0.9602058,0.9532959,0.94968265,0.97023994,0.9558937,0.9474907,0.9464745,0.9999999,0.946996,0.9440436,0.9435186,0.9595497,0.95751774,0.9569538,0.9559073,0.89905447,0.95889294,0.9593832,0.95003915,0.959716,0.94371104,0.9539546,0.94956255,0.9513613,0.9326027,0.9337126,0.950615,0.94801754,0.9566062,0.95651835,0.94638956,0.9607787,0.94708157,0.9533262,0.9544036,0.95361805,0.954216,0.96117824,0.938723,0.96083075,0.9601065,0.95871794,0.9420453,0.96213126,0.9526187,0.9626669,0.95013034,0.9507272,0.9533311,0.9622358,0.94844717,0.95021117,0.9535752,0.9581495,0.9514059,0.9533309,0.9465295,0.9434289,0.950782,0.9335327,0.95902264,0.78071606,0.9330766,0.9507445,0.9471299,0.94982743,0.9045566,0.9481622,0.9469726,0.9551308,0.9549151,0.94978815,0.95152307,0.94212824,0.95711976,0.9620033,0.9490069,0.9534721,0.9559047,0.95663947,0.9532822,0.95902264,0.93775547,0.9568523,0.95800936,0.9508047,0.9549222,0.9422918,0.9393455,0.95707005,0.9469726,0.96091133,0.94501805,0.9557758,0.952121,0.96289855,0.9694346,0.9545582,0.9474689,0.9669495,0.9600478,0.8575403,0.94515115,0.9271459,0.9355235,0.9583038,0.9524408,0.9504332,0.96049356,0.94908726,0.9558683,0.94214624,0.96113867,0.9473442,0.9614112,0.9492915,0.95147854,0.9534744,0.96141183,0.9388981,0.9640109,0.95752555,0.95902216,0.9515619,0.94459325,0.95202994,0.9533007,0.9482253,0.9621154,0.9587479,0.9763993,0.95873296,0.94471204,0.9620745,0.9395012,0.9553696,0.95134926,0.9400231,0.9594131,0.9471558,0.9570035,0.9492514,0.96241206,0.92441976,0.95467687,0.95157516,0.9541274,0.94503,0.9509513,0.94147265,0.9763993,0.95354533,0.9539476,0.9589683,0.9567158
avengers,0.9726561,0.9457282,0.9624142,0.9488362,0.9490006,0.95569086,0.9493641,0.9455464,0.9747761,0.9423585,0.9458405,0.94200104,0.9522554,0.9502081,0.9571357,0.94315636,0.9429095,0.946996,0.9999999,0.94454765,0.95059097,0.9585875,0.9536899,0.9558181,0.9401102,0.8877194,0.9436758,0.9388183,0.9532629,0.95421684,0.9610248,0.9388505,0.9479688,0.9431579,0.9263403,0.93595695,0.95595294,0.9550668,0.9524861,0.95191175,0.9537605,0.9407795,0.923131,0.93586284,0.95618415,0.9532092,0.9505754,0.94349724,0.9408825,0.94457334,0.95781857,0.9458865,0.9460878,0.9564754,0.94483185,0.9504895,0.9484982,0.95066446,0.95965225,0.9636766,0.9446825,0.95232785,0.95953846,0.9535419,0.94473106,0.95469165,0.9442657,0.9443638,0.9398634,0.93162066,0.95993346,0.7810485,0.93966657,0.9476729,0.9391195,0.94267213,0.89011645,0.94800663,0.9564039,0.95193857,0.9423949,0.93854326,0.9651299,0.94819695,0.94766265,0.94764394,0.9510685,0.9655334,0.9613409,0.9577792,0.9526497,0.95993346,0.94401526,0.95504683,0.9546128,0.9455807,0.95523316,0.9461804,0.9531278,0.93732816,0.9505814,0.95287013,0.95949185,0.9609659,0.94415265,0.9547517,0.95909804,0.9581865,0.9541339,0.94184685,0.9583122,0.8690197,0.95468616,0.91344404,0.9380753,0.955311,0.9628913,0.93682617,0.9568307,0.94900113,0.9561626,0.9412588,0.9563107,0.9447852,0.9554135,0.9477524,0.95211977,0.95054984,0.94635886,0.9389453,0.9546594,0.9467893,0.95941937,0.92395115,0.9518355,0.9497458,0.9414778,0.94808143,0.95756024,0.9462595,0.9747761,0.96479064,0.9430842,0.96531063,0.9397743,0.94722164,0.9526266,0.9382858,0.9618351,0.9414604,0.95829475,0.9516493,0.9509716,0.9395192,0.9546968,0.9414283,0.94975805,0.95190805,0.9530588,0.94155025,0.9747761,0.94657505,0.9508768,0.94884384,0.9561023
beachbummovie,0.952148,0.9404063,0.95281214,0.9493061,0.9451867,0.9482123,0.95292807,0.9463815,0.9697224,0.92564213,0.9399484,0.94513285,0.954532,0.9434222,0.9735927,0.9406684,0.9531018,0.9440436,0.94454765,0.99999994,0.9481959,0.96119833,0.95718896,0.95053494,0.9530214,0.8826702,0.9507464,0.94931895,0.9406984,0.9428716,0.93504894,0.94023055,0.94427913,0.94428563,0.93058765,0.93488616,0.96497047,0.9344617,0.9520337,0.9386991,0.9488228,0.94838685,0.93928766,0.9481373,0.9476488,0.9586531,0.95262474,0.94734114,0.946303,0.95266765,0.9496659,0.95371616,0.93872553,0.95187265,0.9382314,0.93772113,0.93762547,0.9505503,0.95105255,0.95075357,0.9451825,0.93843096,0.9455697,0.94265956,0.94861966,0.94711035,0.93568164,0.9477436,0.9397245,0.9427069,0.9505329,0.784711,0.9397297,0.9521783,0.94910234,0.9337024,0.8959066,0.94223523,0.94165486,0.94959605,0.94628865,0.9501492,0.958234,0.9460851,0.9434243,0.9431852,0.94202983,0.94659823,0.9364149,0.94286925,0.95242476,0.9505329,0.9400811,0.9492276,0.9574629,0.9628281,0.94746375,0.9609776,0.9491232,0.9430497,0.9489543,0.9621399,0.9502397,0.94687784,0.93026763,0.95041364,0.9573207,0.949657,0.93867403,0.94517195,0.96274513,0.86179656,0.95354027,0.9180697,0.9579695,0.9440818,0.956614,0.94607466,0.94821656,0.9458549,0.95830446,0.94615674,0.9483158,0.93953794,0.95161736,0.9505728,0.9507691,0.9373029,0.9498591,0.93221456,0.9503424,0.94808143,0.9569555,0.93639106,0.9398673,0.94362545,0.9439713,0.9538398,0.95385265,0.9463937,0.9697224,0.9581666,0.94423574,0.9457867,0.91731775,0.9471005,0.9576868,0.943957,0.95556456,0.94002163,0.95431244,0.9470642,0.94797593,0.92371047,0.9498876,0.94919306,0.9499454,0.9454404,0.9421956,0.9453252,0.9697224,0.93104917,0.94425124,0.9675211,0.9468834
bernadettefilm,0.9467217,0.9466702,0.9570764,0.9530269,0.9490658,0.95032793,0.959337,0.93994975,0.9697491,0.9406534,0.9505796,0.9393601,0.9548141,0.94771564,0.9630483,0.94640857,0.940882,0.9435186,0.95059097,0.9481959,1.0,0.95417,0.9472978,0.94288915,0.94480693,0.91204077,0.94916886,0.94661903,0.94158256,0.9531102,0.93746847,0.9476223,0.93823487,0.93669885,0.9362979,0.9422884,0.9499405,0.9495608,0.95518035,0.9524399,0.94382685,0.9426726,0.9426539,0.9399275,0.94824713,0.949466,0.94366765,0.95835936,0.9517196,0.95416516,0.95154387,0.95467174,0.9310718,0.94601846,0.9427821,0.9473731,0.9401992,0.94819397,0.95256937,0.95853174,0.9414417,0.936922,0.94533944,0.9492342,0.94990116,0.94242775,0.93578464,0.94181085,0.943437,0.9296473,0.9532736,0.764538,0.9466084,0.9553284,0.9377039,0.9370624,0.92075527,0.9481255,0.9485245,0.96195614,0.95056725,0.95428145,0.9558103,0.9472825,0.94632995,0.94541085,0.94449437,0.95740706,0.94257855,0.93417776,0.9489027,0.9532736,0.94795215,0.9499629,0.9567353,0.95700747,0.94672203,0.9372473,0.9581191,0.93363804,0.9405185,0.9380989,0.9477415,0.9517943,0.93169856,0.9506448,0.9463851,0.94639,0.9401116,0.94138956,0.95278543,0.8788732,0.9559039,0.9153887,0.9666855,0.9493833,0.95556194,0.9309787,0.9521677,0.9605366,0.9482829,0.9524949,0.9492678,0.9312452,0.95284265,0.93933713,0.97098476,0.94866484,0.9423783,0.94640774,0.9644851,0.93829376,0.9548024,0.92921996,0.94793975,0.9486441,0.93970025,0.9472851,0.9514259,0.93336356,0.9697491,0.96231043,0.9354758,0.95323956,0.9243604,0.9475474,0.94399923,0.951096,0.9495078,0.9442423,0.96106094,0.95258164,0.9554574,0.9266725,0.9493937,0.9432503,0.9287628,0.9491976,0.95071805,0.9498825,0.9697491,0.94278103,0.9464618,0.9521834,0.94613683
