movie,21bridgesmovie,47metersdown,abeautifuldaymovie,abominablemovie,adastramovie,adogsjourneymovie,aftermathmovie,aftermovie,ahiddenlifefilm,alitamovie,angelhasfallen,angrybirdsmovie,annabellemovie,annamovie,apollo11movie,arcticdogsmovie,arcticmovie,artofracingmovie,avengers,beachbummovie,bernadettefilm,blackandbluemovie,blackchristmas,blindedbythelightmovie,bombshellmovie,booksmart,breakthroughmovie,brianbanksmovie,brightburnmovie,brittanyrunsmov,captainmarvelofficial,captivestatemovie,catsmovie,charliesangels,childsplaymovie,clarathefilm,coldpursuitmovie,countdown,currentwarmovie,darkwatersmovie,detectivepikachumovie,disneyaladdin,disneyfrozen,disneymaleficent,doctorsleepmovie,dolemiteismyname,dontletgomovie,doramovie,downtonabbey_official,dumbo,escaperoom,everybodyknowsmovie,fastandfuriousmovie,fightingwmyfam,fivefeetapartfilm,fordvferrari,freaksthefilm,geminimanmovie,glassmovie,gloriabellmovie,godzillamovie,goldfinchmovie,goodboysmovie,goodliarmovie,gretafilm,halathemovie,happydeathdaymovie,harrietfilm,hellboymovie,hersmellmovie,highlifemovie,highstrungmovie,honeyboymovie,hotelmumbaifilm,httydragon,hustlemovie,hustlersmovie,isntitromantic,itmovieofficial,jayandsilentbob,johnwickmovie,jojorabbitmovie,jokermovie,judythefilm,jumanjimovie,justmercyfilm,knivesout,lalloronamovie,lastblackmansf,lastchristmasthemovie,latenightmovie,lighthousemovie,lionking,littlethemovie,littlewomenmovie,littlewoodsfilm,longshotmovie,lordsofchaosmovie,lucyintheskyfilm,mamovie2019,marriagestory,meettheaddams,meninblack,midsommarmovie,midwaymovie,missbalamovie,missinglinkfilm,motherlessbklyn,onceinhollywood,onthebasisofsex,overcomermovie,peanutbutterfalcon,petsematarymovie,piercingmovie,playingwithfire,playmobilthemovie,pomsmovie,queenandslim,rambomovie,readyornotfilm,richardjewellfilm,rocketmanmovie,scarystoriesmovie,secretlifeofpets,serenityfilm,shaftmovie,shazammovie,spidermanmovie,spiesindisguise,starwars,stormboymovie,stubermovie,taosdfilm,teenspiritmov,terminator,theaeronautsmov,thebestofenemies,thedeaddontdie,thefarewell,thehighwaymen,thehummingbirdprojectfilm,theintrudermovie,theirishmanfilm,thekitchenmovie,thelegomovie,themustangfilm,thenightingalefilm,theprodigymovie,thesunisalsoastar,theupsidefilm,tolkienmovie,toystory,triplefrontier,uglydolls,uncutgems,underthesilverlake,usmovie,wavesmovie,whatmenwant,wonderparkmovie,wrinklestheclown,xmenmovies,yardiefilm,yesterdaymovie,zombieland
21bridgesmovie,1.0,0.9640968,0.9684385,0.9708431,0.9537613,0.96060604,0.9714778,0.95299995,0.9843644,0.95217836,0.9717159,0.9577185,0.96715975,0.97486496,0.9659884,0.9686316,0.9672599,0.95832574,0.9781852,0.9616233,0.9682899,0.96100867,0.9624192,0.96699274,0.9598718,0.8937995,0.96399236,0.96148324,0.9660432,0.95492727,0.96475095,0.95451933,0.94152725,0.9618906,0.9728002,0.94706005,0.961335,0.97465134,0.96368176,0.9577743,0.9621832,0.96854025,0.94876826,0.9708275,0.9680019,0.9641956,0.9695068,0.96864074,0.95331746,0.9720598,0.97386354,0.96173775,0.9608413,0.96029335,0.96304566,0.9576771,0.95817924,0.9614994,0.9573625,0.9730837,0.96848184,0.9642787,0.9496691,0.9723386,0.9484558,0.96030664,0.96093804,0.9594334,0.96092397,0.9593684,0.97457314,0.79573584,0.9651074,0.9555506,0.956278,0.95511234,0.93814486,0.9621744,0.9611401,0.96052897,0.96169907,0.9553608,0.970438,0.9644716,0.9598614,0.96327114,0.9535726,0.96563333,0.960428,0.9634216,0.96775645,0.97457314,0.95651174,0.95495516,0.9650661,0.9707728,0.9645001,0.9630273,0.9530537,0.95388347,0.961167,0.95596814,0.95087487,0.9655129,0.9642352,0.97046095,0.9639471,0.9653005,0.96427375,0.9475919,0.9728786,0.91181874,0.97402734,0.9260042,0.96573997,0.97523326,0.9909342,0.95565593,0.9640815,0.97305244,0.970229,0.9578609,0.96060216,0.95026934,0.96361446,0.96190774,0.96456504,0.962454,0.95486784,0.93552727,0.969361,0.95465386,0.9602301,0.96180964,0.9755653,0.9625887,0.9629409,0.9417641,0.9729707,0.9621562,0.9843644,0.9621583,0.95926934,0.96801144,0.9709729,0.9568038,0.9625057,0.9698016,0.96881884,0.97301906,0.9650973,0.9562199,0.94622856,0.96400744,0.9595001,0.9668716,0.9616374,0.96899194,0.955578,0.96078044,0.9843644,0.95760256,0.96334445,0.9615517,0.9676004
47metersdown,0.9640968,1.0000001,0.95550036,0.9410091,0.9364365,0.9383838,0.961539,0.94609696,0.97135437,0.9465483,0.95140564,0.9458654,0.95330256,0.95921147,0.9690107,0.96231997,0.95457786,0.95069164,0.95657897,0.96085,0.96467686,0.9461351,0.95510256,0.9540853,0.94485044,0.8797963,0.94443786,0.9436578,0.9585719,0.9468172,0.9551118,0.9464894,0.93682957,0.9406508,0.9644984,0.93310136,0.94228816,0.9559402,0.9558715,0.9544259,0.94812495,0.9617441,0.9341038,0.9596825,0.9610152,0.9402066,0.9587935,0.9649897,0.9348514,0.9622003,0.96519035,0.94835436,0.9410248,0.94661087,0.94556093,0.93367666,0.9443145,0.9450775,0.9360679,0.9573347,0.9627337,0.941242,0.93660015,0.9578784,0.93088657,0.9498728,0.9516273,0.9482714,0.9445572,0.94827074,0.9668657,0.768599,0.9443369,0.93667257,0.9383844,0.9364276,0.92121327,0.95157766,0.9474289,0.95461285,0.9480282,0.94982624,0.95986867,0.95285267,0.9479279,0.95830774,0.9391262,0.94799185,0.9437413,0.95905346,0.956396,0.9668657,0.94567055,0.9423244,0.9491612,0.9686682,0.95304304,0.944814,0.94147706,0.9451014,0.93977994,0.94222605,0.9424044,0.96518606,0.9610063,0.9589459,0.9498432,0.9516281,0.94940877,0.94585645,0.952405,0.8845202,0.9643573,0.9048526,0.9554796,0.95188856,0.96182406,0.9506309,0.952376,0.96245724,0.95848686,0.95077896,0.93742573,0.9383198,0.9520153,0.9453376,0.9494976,0.9622818,0.9403641,0.93247646,0.95593345,0.94152445,0.94972765,0.94407135,0.9546407,0.9519335,0.94639957,0.9308413,0.96534127,0.94973385,0.97135437,0.95089084,0.9432732,0.95055455,0.9503112,0.93846387,0.93897474,0.9585377,0.95274067,0.95097667,0.9557388,0.9366931,0.9333693,0.93256634,0.93782043,0.9624826,0.94584876,0.9526721,0.94020617,0.94646114,0.97135437,0.9403333,0.9454497,0.9567625,0.9617485
abeautifuldaymovie,0.9684385,0.95550036,0.9999998,0.95220065,0.9530781,0.9610405,0.9640989,0.95419806,0.982423,0.9624474,0.9651555,0.95955044,0.9674575,0.97143507,0.96561587,0.96524745,0.9682044,0.96275413,0.9661415,0.9561863,0.962574,0.9653736,0.9633889,0.963713,0.96421087,0.90072834,0.9586601,0.9510442,0.9710261,0.95645475,0.9714102,0.95938385,0.9367523,0.96519184,0.9599684,0.9554881,0.95756876,0.958697,0.961219,0.9639257,0.95620954,0.96892524,0.95777345,0.9689555,0.9672005,0.96377635,0.9658683,0.95959944,0.95436853,0.96999174,0.97389555,0.9656524,0.9558084,0.9562846,0.95461977,0.9618796,0.9617764,0.9578413,0.96165586,0.9711281,0.9628141,0.96696246,0.9593927,0.9688042,0.9512826,0.9518555,0.95348436,0.9655061,0.9640841,0.96374565,0.9725578,0.77596724,0.9567225,0.9576784,0.94858736,0.95116895,0.9267451,0.96218604,0.96794856,0.96946114,0.9637481,0.9462944,0.970743,0.96247053,0.9647572,0.9701239,0.9619189,0.9670346,0.9582916,0.9605551,0.9628381,0.9725578,0.96143794,0.96459913,0.96431017,0.9683795,0.9681345,0.9641098,0.9530169,0.95706284,0.95988536,0.9558099,0.9566264,0.96586746,0.9702155,0.97345823,0.9623053,0.96305674,0.9649453,0.95519745,0.96548986,0.915158,0.96786207,0.9229832,0.9563572,0.9641393,0.966064,0.96258825,0.9683986,0.9631949,0.967978,0.9578961,0.9580991,0.9516476,0.96454066,0.9632188,0.963424,0.96703523,0.95216185,0.94460046,0.9635429,0.95615214,0.96025413,0.9583048,0.9609968,0.96235204,0.9613894,0.95153433,0.9672597,0.96720254,0.982423,0.9686472,0.95039177,0.97235215,0.9658547,0.9601989,0.95550853,0.9572823,0.96535206,0.956631,0.9589228,0.97611564,0.9552724,0.94250906,0.9469761,0.9653154,0.9657379,0.96370476,0.96104807,0.9579956,0.982423,0.9511454,0.96089387,0.956916,0.9691194
abominablemovie,0.9708431,0.9410091,0.95220065,0.99999994,0.95168996,0.9514054,0.95999706,0.94870156,0.9741193,0.9474521,0.9701126,0.93839103,0.95785105,0.9583554,0.9595053,0.9534074,0.95045894,0.9571821,0.9572875,0.9555853,0.9586856,0.9509697,0.9458646,0.9579076,0.9495417,0.88535994,0.95830494,0.95800275,0.9497963,0.9514662,0.9569734,0.9404555,0.929056,0.94766206,0.96145654,0.9388125,0.9525124,0.9667195,0.95280886,0.9455462,0.95910543,0.95857936,0.9283553,0.9537079,0.95950115,0.94893485,0.95168215,0.9490357,0.95096844,0.95594716,0.95686156,0.9589874,0.9530259,0.942311,0.95921105,0.950292,0.9454557,0.95911103,0.9613335,0.96455526,0.94843763,0.95618343,0.94946164,0.9623132,0.9573726,0.96177465,0.95536786,0.95212185,0.95385414,0.95243645,0.9613332,0.78974473,0.9365223,0.95963013,0.9604028,0.9482814,0.9304698,0.94837344,0.9426407,0.9505202,0.95335823,0.9549225,0.9553237,0.9490296,0.9606524,0.95490193,0.9478831,0.9582746,0.95271367,0.9603035,0.95373416,0.9613332,0.9588508,0.9509509,0.9529816,0.9668305,0.9569941,0.95680666,0.95293766,0.94167775,0.9493142,0.9493433,0.9330497,0.95429134,0.94526726,0.9515223,0.9564954,0.9567516,0.94533956,0.9437736,0.9592181,0.9058945,0.95380425,0.92352754,0.9498897,0.958042,0.9684324,0.9448436,0.9571128,0.9638729,0.95607126,0.9512427,0.9595887,0.94563615,0.95240176,0.95843446,0.9522557,0.94108355,0.9593721,0.91613644,0.95610756,0.94288117,0.94451123,0.9506414,0.96429944,0.95203817,0.9540106,0.94345176,0.96264404,0.9478884,0.9741193,0.94551325,0.94854546,0.9584846,0.9656327,0.94809633,0.9491439,0.9608803,0.9546403,0.9552474,0.94903016,0.9409304,0.9429475,0.9520569,0.961153,0.9534522,0.95918685,0.96211964,0.950185,0.95689887,0.9741193,0.95488214,0.9498414,0.9513533,0.9419624
adastramovie,0.9537613,0.9364365,0.9530781,0.95168996,0.99999994,0.93683785,0.96152383,0.951467,0.9719969,0.96075535,0.96611786,0.94288117,0.96202695,0.9608073,0.9592459,0.9456506,0.95234466,0.97334343,0.9512571,0.945773,0.951014,0.9447623,0.950506,0.9557094,0.94992226,0.8699475,0.96485496,0.9520815,0.95033765,0.94428855,0.95739645,0.93964034,0.9337103,0.95457906,0.94266135,0.9418887,0.94210315,0.9565638,0.939256,0.94807374,0.96193045,0.95134073,0.9333496,0.94998246,0.9614786,0.9528749,0.9530591,0.9586615,0.9551302,0.9436317,0.95842487,0.9524349,0.9339016,0.94325817,0.9428447,0.9654983,0.94574124,0.94827163,0.95068175,0.9541366,0.9642622,0.96273226,0.945987,0.9640857,0.95662665,0.9582881,0.9520456,0.9575079,0.9593756,0.95043325,0.9573864,0.78651094,0.93370444,0.95840895,0.9507107,0.9427339,0.91033864,0.95237315,0.95507014,0.9528167,0.9604715,0.952191,0.9605658,0.948571,0.96119064,0.9587509,0.9535629,0.9598676,0.95087475,0.9602367,0.9474567,0.9573864,0.9470107,0.9449709,0.9516257,0.95657265,0.9527659,0.9623433,0.95059824,0.9479948,0.94654816,0.94925773,0.9320696,0.95429885,0.95462424,0.9560623,0.9528523,0.95767206,0.93317574,0.94607115,0.9628785,0.8965022,0.95805126,0.9243675,0.9445581,0.95876306,0.95603395,0.95479685,0.96205616,0.95696187,0.9501999,0.95297027,0.95649236,0.9538847,0.95228606,0.9628551,0.9540743,0.94090736,0.9508824,0.918703,0.95338255,0.9659169,0.95725036,0.94810504,0.94952554,0.9540133,0.94086844,0.9442138,0.95869666,0.9421467,0.9719969,0.9581535,0.94556755,0.9568034,0.9612204,0.9347451,0.94303894,0.94861114,0.9548146,0.9564429,0.94701326,0.939534,0.94411683,0.93399,0.94940805,0.9444628,0.95923984,0.95506734,0.93438876,0.95403385,0.9719969,0.95762426,0.9591025,0.94239146,0.9501472
adogsjourneymovie,0.96060604,0.9383838,0.9610405,0.9514054,0.93683785,1.0000002,0.94227177,0.9398118,0.9674529,0.93289065,0.960407,0.9377147,0.9514818,0.9621497,0.9444586,0.95431775,0.93907136,0.95064145,0.9487956,0.9358364,0.94686943,0.9520082,0.9580164,0.95489657,0.9561862,0.8949492,0.9465961,0.9460243,0.96028167,0.93318206,0.94554514,0.9413054,0.93599075,0.9550922,0.9436558,0.93712234,0.94053257,0.9470834,0.9527917,0.94835526,0.93722165,0.9600989,0.95217544,0.9590056,0.94794935,0.9490945,0.95829946,0.94990027,0.94556206,0.96082884,0.9562506,0.9543134,0.9484529,0.9451426,0.9420935,0.9403143,0.95001435,0.94665694,0.94071126,0.9585951,0.95088005,0.9496161,0.94923353,0.9531675,0.93171185,0.9428774,0.9372383,0.95398074,0.9591738,0.9568762,0.9604884,0.7839526,0.94985837,0.9491705,0.944235,0.93322927,0.9231176,0.9480113,0.95010597,0.96358246,0.9463634,0.9290835,0.94905204,0.94361675,0.94995797,0.9536871,0.94574517,0.94946426,0.9472115,0.9510634,0.94812375,0.9604884,0.94785786,0.9527673,0.9427831,0.9475245,0.96131074,0.94646055,0.9348147,0.948795,0.9429539,0.95412207,0.9376382,0.9535662,0.95242834,0.9517505,0.9445675,0.9491983,0.9509475,0.9400504,0.95437455,0.92185074,0.9531009,0.9218455,0.9431285,0.9502516,0.95781296,0.9500249,0.94847816,0.94896555,0.9480789,0.9408567,0.94904065,0.9649605,0.9443707,0.9550875,0.9569562,0.9566705,0.94000167,0.9267966,0.9451267,0.9294566,0.94277936,0.94463176,0.95406526,0.939618,0.9473777,0.940692,0.95608455,0.94932866,0.9674529,0.953267,0.94032323,0.94892,0.9506789,0.943467,0.9524192,0.94324684,0.9471833,0.94441605,0.94484466,0.9490713,0.9271232,0.9261211,0.9348425,0.9506235,0.9581203,0.95343,0.94367594,0.9374825,0.9674529,0.9494773,0.9425594,0.9507663,0.9585539
aftermathmovie,0.9714778,0.961539,0.9640989,0.95999706,0.96152383,0.94227177,1.0000002,0.9600405,0.9834232,0.95681715,0.961841,0.9535131,0.95715845,0.96569127,0.97037673,0.9668969,0.9679771,0.96545607,0.9719134,0.96287304,0.97210896,0.9618786,0.9604642,0.96904385,0.95704085,0.8965211,0.9653588,0.9607805,0.9684616,0.9538912,0.97608227,0.9561504,0.9430228,0.9626731,0.97057647,0.9566234,0.95467967,0.9639083,0.96505797,0.9702431,0.9599704,0.96836007,0.93743396,0.9686436,0.9712447,0.96070087,0.9636763,0.96992666,0.95876807,0.96693456,0.9677709,0.9676156,0.9591476,0.95779425,0.9565739,0.9638053,0.9526108,0.95884675,0.9639843,0.9669523,0.9613935,0.9627731,0.9585719,0.96424085,0.961321,0.9606632,0.9693688,0.9633955,0.9646796,0.9633751,0.97664714,0.77303547,0.94848853,0.9647699,0.9523625,0.9517568,0.9409078,0.97295326,0.9616574,0.9680176,0.9606501,0.9762501,0.96555996,0.9635235,0.9629032,0.9631713,0.9579734,0.96334195,0.95842624,0.9706137,0.9655507,0.97664714,0.96379185,0.96001536,0.96335745,0.9629522,0.964291,0.96633816,0.9735269,0.9522771,0.95362395,0.9571716,0.9512244,0.97376114,0.9648753,0.9643901,0.97120386,0.96469885,0.9548173,0.9605425,0.96954507,0.9150121,0.967861,0.9437355,0.9640755,0.96507394,0.9677663,0.96297103,0.9645044,0.9900571,0.96193755,0.96245545,0.9607791,0.93881357,0.96806884,0.96022946,0.9555253,0.960903,0.9531818,0.9378024,0.96713513,0.95379794,0.95935374,0.954704,0.96168697,0.9563395,0.9559626,0.95043683,0.97389024,0.96097976,0.9834232,0.96056235,0.959211,0.96104157,0.96439034,0.9487918,0.95424604,0.96806824,0.9661804,0.9565387,0.98081785,0.94784313,0.958825,0.9434042,0.96580493,0.96878415,0.96464413,0.9663314,0.94927603,0.9659529,0.9834232,0.9605062,0.95706165,0.96039796,0.9614811
aftermovie,0.95299995,0.94609696,0.95419806,0.94870156,0.951467,0.9398118,0.9600405,0.9999997,0.9723753,0.9423376,0.95508647,0.9470873,0.9525975,0.9524374,0.95134133,0.9563618,0.95444983,0.9555471,0.9490156,0.94420505,0.9578959,0.94915205,0.9453512,0.95305884,0.94197524,0.86975247,0.95071113,0.9394676,0.948776,0.9415184,0.95692605,0.95350355,0.921392,0.942929,0.9559345,0.9394422,0.9535806,0.95607156,0.95122707,0.9507261,0.9486448,0.95345736,0.9438797,0.96166146,0.9580962,0.9460667,0.94779205,0.959282,0.94858336,0.9576214,0.9542626,0.9598361,0.93752027,0.94586,0.95247453,0.95260394,0.9439219,0.95170265,0.94634837,0.95270073,0.9575857,0.9487979,0.94226897,0.95915836,0.9613101,0.95455277,0.95375127,0.9592249,0.9519959,0.954906,0.96228075,0.7586309,0.9369916,0.9492742,0.9403117,0.9385686,0.91698265,0.95118535,0.9454123,0.9510594,0.9563382,0.94763154,0.9557835,0.9586512,0.95222145,0.96486795,0.9432889,0.95253223,0.96198446,0.9604275,0.94708896,0.96228075,0.95032686,0.94782805,0.96010715,0.9492948,0.95780504,0.9608271,0.9404875,0.9384416,0.9468048,0.95155156,0.9323679,0.9518697,0.94707316,0.949547,0.9526248,0.95501196,0.93688935,0.95412123,0.9515227,0.8829715,0.959307,0.9181772,0.9506895,0.9633086,0.95417434,0.94907033,0.9624604,0.9589774,0.95400417,0.95552677,0.94901663,0.92699564,0.95600045,0.9423856,0.9426447,0.9389933,0.94402826,0.9164339,0.95587176,0.9477792,0.9559782,0.9520519,0.96372706,0.95040137,0.9470269,0.9497362,0.9553082,0.94419336,0.9723753,0.9482995,0.93924886,0.95713305,0.95350283,0.94040227,0.94617873,0.95664036,0.95709187,0.94757843,0.9480711,0.93436235,0.95008564,0.9304558,0.94429344,0.95617294,0.9428231,0.9625883,0.9589794,0.95790523,0.9723753,0.9501446,0.953036,0.9416339,0.9413051
ahiddenlifefilm,0.9843644,0.97135437,0.982423,0.9741193,0.9719969,0.9674529,0.9834232,0.9723753,1.0,0.9669393,0.98214203,0.9724099,0.9767956,0.9838023,0.9806025,0.9787124,0.9774951,0.97615886,0.9798862,0.9715129,0.9802527,0.9739373,0.97658867,0.98085886,0.97224,0.9046972,0.9764313,0.9736071,0.97746783,0.9671822,0.9845756,0.9686567,0.9585294,0.9718393,0.97677577,0.9644046,0.9728747,0.9797952,0.97695374,0.97729003,0.97476536,0.98421884,0.9674646,0.98458904,0.9826563,0.97735435,0.97930586,0.9835097,0.9747104,0.98487747,0.98152363,0.983502,0.9700259,0.97172934,0.96892,0.97147864,0.9747379,0.9781061,0.9744681,0.98605275,0.9818055,0.9779674,0.97307676,0.9807788,0.97344273,0.97245836,0.97469205,0.9787295,0.9774598,0.97815925,0.98960894,0.8028982,0.9692829,0.9718887,0.96907985,0.96667224,0.94840187,0.9768833,0.97663367,0.9796265,0.9776704,0.97295904,0.9814769,0.9750427,0.97946054,0.98148465,0.97104794,0.9789165,0.97927475,0.9842654,0.97801375,0.98960894,0.97621906,0.9760317,0.9764638,0.97722834,0.984051,0.97793573,0.97248226,0.9719707,0.97555804,0.9733888,0.9623645,0.981113,0.9771773,0.9788057,0.9779148,0.97810787,0.9680302,0.96823716,0.9844887,0.9196507,0.98558664,0.94711226,0.974827,0.9804209,0.98393416,0.9782649,0.982213,0.9820073,0.9780078,0.97429794,0.97523135,0.96221614,0.9818755,0.9746853,0.97491443,0.9768248,0.9731797,0.9552609,0.97675115,0.9702458,0.9753387,0.97124404,0.97783285,0.9727542,0.9763231,0.9714484,0.98792934,0.9748586,1.0,0.97744393,0.97311157,0.97776353,0.9832973,0.9715495,0.97044045,0.97693783,0.97632205,0.97348446,0.9740078,0.9748763,0.97063947,0.955546,0.97283906,0.9816932,0.97947985,0.98123044,0.9749213,0.97736955,1.0,0.96871734,0.9764514,0.9733902,0.9749465
alitamovie,0.95217836,0.9465483,0.9624474,0.9474521,0.96075535,0.93289065,0.95681715,0.9423376,0.9669393,1.0,0.9598076,0.94156027,0.95908326,0.9643002,0.95741546,0.9437984,0.9584218,0.9536555,0.94415945,0.9485382,0.9511362,0.9481549,0.9532122,0.94722664,0.948302,0.86705816,0.9509158,0.9484591,0.95631313,0.95093656,0.9547889,0.93833953,0.929791,0.9487605,0.9485217,0.9424009,0.93595004,0.95309365,0.9388904,0.94593865,0.96009654,0.95404655,0.9263198,0.94767237,0.9557487,0.9433406,0.9552223,0.95250756,0.9293293,0.94447774,0.96518856,0.9414332,0.9405039,0.9405051,0.9498572,0.94787604,0.94469863,0.95571864,0.95177054,0.9451778,0.95523024,0.95574105,0.9350337,0.96191,0.93730426,0.9469934,0.93807685,0.9487437,0.9483891,0.94589806,0.95309466,0.7627974,0.92667043,0.96307164,0.94053966,0.9224974,0.9154766,0.94907576,0.9485536,0.94628847,0.9519411,0.9430948,0.9561741,0.94814056,0.9508107,0.9612695,0.94565105,0.9552859,0.94718313,0.95209837,0.9405278,0.95309466,0.9405237,0.94785726,0.94611764,0.95856774,0.9547824,0.95086473,0.9378929,0.9383306,0.9365208,0.95139885,0.9398578,0.9508687,0.960543,0.9659611,0.9509371,0.94736564,0.93103176,0.9418985,0.9498735,0.88567287,0.95647174,0.90074635,0.94356906,0.95745486,0.9542006,0.94787616,0.95638466,0.95847124,0.94935715,0.9487823,0.9470128,0.940745,0.9462791,0.9562235,0.95235896,0.93836236,0.93627435,0.92453796,0.9558997,0.9543787,0.94974756,0.9504492,0.9547974,0.9568905,0.9416092,0.93602055,0.95007765,0.941828,0.9669393,0.95592207,0.933452,0.95572895,0.9510659,0.931149,0.9369745,0.9485822,0.95216966,0.94975716,0.94704604,0.9446501,0.94747096,0.93737787,0.9283055,0.9382787,0.95484513,0.9424487,0.9363821,0.9526579,0.9669393,0.95213306,0.9486887,0.943434,0.9559386
angelhasfallen,0.9717159,0.95140564,0.9651555,0.9701126,0.96611786,0.960407,0.961841,0.95508647,0.98214203,0.9598076,0.9999998,0.9511288,0.96302885,0.9732064,0.9616506,0.9543481,0.96256596,0.9653254,0.9592854,0.95512587,0.9626312,0.9627494,0.963316,0.96594614,0.960047,0.8908799,0.9683766,0.9624021,0.96459556,0.9495372,0.9628507,0.953314,0.9295032,0.9566939,0.96180165,0.9483309,0.9591079,0.9676149,0.9635643,0.9544241,0.96130705,0.96413213,0.9527488,0.9706168,0.96714157,0.9555899,0.96429336,0.96465,0.95518076,0.96691847,0.9693801,0.96304494,0.94451535,0.954199,0.94894063,0.96383303,0.9622104,0.9615911,0.95947623,0.9683709,0.96838737,0.95602894,0.95531625,0.97121257,0.9571087,0.97056043,0.9497599,0.9712664,0.9681633,0.9577546,0.96986705,0.78527063,0.9534112,0.96330136,0.9672122,0.9551423,0.91556966,0.95354956,0.95683706,0.9638683,0.97092247,0.9458643,0.96387714,0.95957786,0.9603851,0.9683686,0.9638757,0.96218765,0.9639721,0.9638665,0.9666398,0.96986705,0.958627,0.9624236,0.96284163,0.9673432,0.9726441,0.9663079,0.9510453,0.9545683,0.95206267,0.95904505,0.9427718,0.9657598,0.96119845,0.9662885,0.9572033,0.96130407,0.9542186,0.9583326,0.9688838,0.9174887,0.97036004,0.9357886,0.95797455,0.9760772,0.96943015,0.9648696,0.9673257,0.9641585,0.96333367,0.964595,0.96260136,0.9532417,0.9594178,0.966285,0.9611269,0.9589582,0.96076083,0.9317832,0.9630518,0.964523,0.95941484,0.96092397,0.9646946,0.95810926,0.95251215,0.9566441,0.96940756,0.95265085,0.98214203,0.96111983,0.9475933,0.96550953,0.9702832,0.9574156,0.9575665,0.9619271,0.96159714,0.96426594,0.9585642,0.9515568,0.9472016,0.9489784,0.95858836,0.95687634,0.97010624,0.9651727,0.95443475,0.9598812,0.98214203,0.9627356,0.9607238,0.9519799,0.96043706
angrybirdsmovie,0.9577185,0.9458654,0.95955044,0.93839103,0.94288117,0.9377147,0.9535131,0.9470873,0.9724099,0.94156027,0.9511288,0.9999999,0.951317,0.9541054,0.9435103,0.94997025,0.94693035,0.94761074,0.940831,0.93825024,0.953335,0.9516957,0.9430519,0.95061976,0.95019513,0.8818519,0.9447583,0.9345343,0.9512999,0.94426715,0.95249134,0.9550994,0.9436688,0.94368386,0.94290185,0.9286535,0.94705975,0.95208615,0.9493728,0.9577934,0.9471388,0.96315277,0.95409685,0.9611432,0.9633545,0.96125746,0.9451798,0.96959686,0.9417845,0.962796,0.9659827,0.96246994,0.94833475,0.94693184,0.9402008,0.9375569,0.942126,0.95725346,0.95416814,0.95585716,0.96215606,0.96339095,0.9552454,0.9516129,0.94600695,0.94194955,0.94060826,0.95176655,0.9479342,0.9507381,0.9639842,0.7790277,0.9439531,0.9339567,0.9306873,0.93560404,0.9272899,0.95179486,0.9569761,0.9469077,0.953195,0.95012236,0.95590556,0.9450831,0.9515793,0.95489484,0.94470555,0.95361406,0.9535857,0.94617754,0.95046234,0.9639842,0.9498457,0.95086884,0.95730275,0.9437876,0.9655456,0.94003063,0.9376405,0.94489485,0.9497522,0.9549918,0.9399682,0.949522,0.94117695,0.9638745,0.953732,0.94367117,0.9457575,0.94401705,0.951409,0.8929128,0.9629655,0.90912884,0.95216507,0.95760065,0.964736,0.9460049,0.9532016,0.95116144,0.9539188,0.9443243,0.9461411,0.93533325,0.95461667,0.9510444,0.95096,0.95656157,0.9523441,0.92511415,0.9489278,0.94950116,0.9472841,0.93276715,0.95293677,0.93875045,0.9649494,0.95390683,0.96470314,0.94814205,0.9724099,0.96030784,0.94626856,0.9513609,0.9529671,0.95460516,0.94132066,0.94500655,0.9432564,0.950404,0.9386313,0.9478831,0.9439736,0.93256044,0.94561625,0.96333,0.9439831,0.95886385,0.95520276,0.95371586,0.9724099,0.94214076,0.95259595,0.9375843,0.95398945
annabellemovie,0.96715975,0.95330256,0.9674575,0.95785105,0.96202695,0.9514818,0.95715845,0.9525975,0.9767956,0.95908326,0.96302885,0.951317,1.0000002,0.9635486,0.96701115,0.95833457,0.9552291,0.96117115,0.95782715,0.95402014,0.95769984,0.9444208,0.9573322,0.9535615,0.9547245,0.87511045,0.95421815,0.9455404,0.956369,0.9466123,0.9602599,0.9521074,0.9346734,0.9544235,0.95929545,0.9469153,0.9454311,0.9719081,0.9527825,0.95063734,0.95919317,0.9600904,0.93310905,0.95808345,0.9586264,0.9501059,0.96349174,0.9586117,0.9474398,0.9584899,0.9646897,0.9572592,0.95502883,0.94923234,0.9501234,0.9499977,0.9590091,0.95649755,0.94345045,0.9658926,0.97178936,0.9620628,0.94904035,0.96929365,0.9474357,0.958563,0.9570921,0.9571014,0.96195596,0.9580105,0.96657497,0.79339033,0.9532647,0.9541172,0.9540447,0.9303144,0.9277447,0.9532713,0.9619733,0.96377,0.9551979,0.95647705,0.97532576,0.95162773,0.96878284,0.9706887,0.9620537,0.97793835,0.9615942,0.95912266,0.95456886,0.96657497,0.94837093,0.9444795,0.9576141,0.96196276,0.9597536,0.9566117,0.94927883,0.95021003,0.9564536,0.9587495,0.94619673,0.96099764,0.95789874,0.95952576,0.96082485,0.9653585,0.952746,0.9599493,0.9669429,0.9085577,0.9649057,0.9229544,0.9541408,0.95934135,0.9684642,0.9649622,0.96047246,0.9539913,0.96031713,0.95385265,0.9509605,0.9546522,0.95568514,0.9581479,0.9648346,0.9572475,0.9563538,0.9210977,0.95681995,0.96035624,0.95460045,0.94997996,0.9640847,0.9553171,0.9577398,0.94848126,0.9629708,0.9513095,0.9767956,0.9535756,0.95124906,0.9595985,0.95991254,0.9554047,0.9562187,0.9605176,0.95807946,0.95732015,0.9589551,0.95218414,0.9518355,0.94918394,0.939111,0.9513493,0.9569954,0.95736957,0.94702077,0.9620108,0.9767956,0.95509875,0.9595032,0.95514935,0.9562597
annamovie,0.97486496,0.95921147,0.97143507,0.9583554,0.9608073,0.9621497,0.96569127,0.9524374,0.9838023,0.9643002,0.9732064,0.9541054,0.9635486,0.9999999,0.96829396,0.9617514,0.9632454,0.96392834,0.96141523,0.95290774,0.9635796,0.96511275,0.966849,0.96587944,0.95644873,0.8905738,0.96856195,0.9618707,0.9709135,0.94711614,0.96202326,0.9559296,0.943495,0.9606505,0.96293676,0.9475519,0.96051913,0.96208763,0.9611891,0.96066517,0.95881325,0.9700842,0.9536451,0.9731082,0.97208965,0.9659988,0.96994543,0.96518797,0.95251805,0.97041744,0.97692347,0.9643757,0.953995,0.9602501,0.96090865,0.9639138,0.9603119,0.96635616,0.9580704,0.96519065,0.9650436,0.96332043,0.9614902,0.9753316,0.9553827,0.96163124,0.96241164,0.96382874,0.9605244,0.9598166,0.972839,0.79163647,0.96019524,0.9604642,0.9551855,0.9505442,0.93436486,0.95832026,0.9680436,0.9647456,0.97030187,0.95499784,0.96756935,0.959274,0.9668927,0.96582115,0.9633475,0.965652,0.96303755,0.96557766,0.9606564,0.972839,0.9599995,0.96333635,0.9684982,0.9702176,0.9677916,0.96254104,0.9515045,0.9628327,0.96541345,0.959486,0.9475524,0.96889454,0.97496074,0.9726689,0.960186,0.96164083,0.95891225,0.9544508,0.97013915,0.9177058,0.97880256,0.9329322,0.963351,0.96761775,0.9737369,0.9602086,0.9707038,0.9667963,0.96154743,0.95894074,0.9599123,0.95343435,0.958568,0.97211134,0.9609201,0.9620673,0.9585888,0.93201464,0.968966,0.9519163,0.9598575,0.9651827,0.96908617,0.95504683,0.9603216,0.95542485,0.9686557,0.96173346,0.9838023,0.9697497,0.9621629,0.96284837,0.96313286,0.9533017,0.95852697,0.96062225,0.9620153,0.9692423,0.962955,0.95435715,0.95740527,0.95374167,0.9620254,0.96577626,0.9734028,0.96596557,0.95563275,0.9615811,0.9838023,0.9590787,0.9651101,0.9602896,0.9704221
apollo11movie,0.9659884,0.9690107,0.96561587,0.9595053,0.9592459,0.9444586,0.97037673,0.95134133,0.9806025,0.95741546,0.9616506,0.9435103,0.96701115,0.96829396,1.0000002,0.96519536,0.9625789,0.9660052,0.96556175,0.9737623,0.96242124,0.9563731,0.96535736,0.9655492,0.9536839,0.88543195,0.9659778,0.9626683,0.96367717,0.9496248,0.9673515,0.9502037,0.9397454,0.9532163,0.96122235,0.9433425,0.95063996,0.965652,0.9619475,0.96120125,0.9640202,0.96646285,0.9351845,0.96552587,0.964501,0.95356005,0.9687184,0.9629982,0.95478934,0.9632187,0.9647928,0.9656363,0.9554853,0.95121694,0.95637524,0.9496678,0.96207076,0.9550495,0.954845,0.9687666,0.96437925,0.95829886,0.95653987,0.9666624,0.9573095,0.96106833,0.96360517,0.9642514,0.95744205,0.9529395,0.9701578,0.7852072,0.9375948,0.9533315,0.95364827,0.95465887,0.9310433,0.9590487,0.9545828,0.9609531,0.9540049,0.9551066,0.9659485,0.95857996,0.9643611,0.9661569,0.95294714,0.9672583,0.9602275,0.9700459,0.9600058,0.9701578,0.96046734,0.95353764,0.95712125,0.9761027,0.95899224,0.95847434,0.95843595,0.9571424,0.95445055,0.95188147,0.950997,0.96742904,0.9686398,0.9575172,0.9704462,0.9649201,0.9474607,0.9569045,0.9682756,0.90134174,0.9659959,0.9240496,0.95436054,0.9519389,0.9660579,0.96600795,0.96534055,0.96784437,0.9608852,0.9653701,0.96001613,0.94614947,0.9629718,0.9618872,0.9588512,0.9591923,0.94999427,0.9340813,0.9615729,0.94920915,0.9662995,0.9582605,0.9618568,0.9547195,0.9542011,0.9490799,0.9691339,0.95913005,0.9806025,0.95222324,0.952739,0.9646341,0.9671795,0.94783556,0.9457224,0.9593743,0.9640188,0.9609205,0.9629223,0.95857596,0.956364,0.94368076,0.9496541,0.9637529,0.9661282,0.95667785,0.9507806,0.9566538,0.9806025,0.95537156,0.9542308,0.96313477,0.95583826
arcticdogsmovie,0.9686316,0.96231997,0.96524745,0.9534074,0.9456506,0.95431775,0.9668969,0.9563618,0.9787124,0.9437984,0.9543481,0.94997025,0.95833457,0.9617514,0.96519536,1.0,0.9558022,0.9553279,0.96307606,0.9602721,0.9650677,0.96482396,0.9557974,0.96639234,0.9526587,0.87048465,0.9568245,0.9507246,0.9673023,0.95319325,0.9630112,0.95382255,0.9415592,0.9544014,0.9653642,0.9453209,0.94568247,0.9673326,0.9563471,0.958483,0.9572286,0.9683325,0.94263405,0.9679562,0.965812,0.9682407,0.96307683,0.96073586,0.9592244,0.9701879,0.96968997,0.96413875,0.9557456,0.9458362,0.9545328,0.948584,0.95800465,0.9540303,0.9555939,0.966914,0.95889986,0.96419036,0.9538942,0.9641722,0.9507401,0.94844896,0.9524529,0.9648313,0.95772266,0.9618568,0.97428656,0.7885254,0.9535993,0.9547343,0.94990283,0.9481277,0.946971,0.9613153,0.9531591,0.95943356,0.9518042,0.95296,0.96492976,0.9535278,0.965556,0.9634257,0.9454954,0.9591236,0.9648106,0.9661735,0.96007407,0.97428656,0.95413405,0.95527864,0.9535971,0.9558034,0.9612953,0.9604356,0.9540193,0.9414508,0.9599851,0.9568238,0.9582626,0.96402824,0.9622788,0.9619083,0.96882546,0.9716967,0.968551,0.9461632,0.9642216,0.9110947,0.9647432,0.9359066,0.95383686,0.9550811,0.9696199,0.94987553,0.9607948,0.9656619,0.95907056,0.95020366,0.9542397,0.9450066,0.9671243,0.9463582,0.9570691,0.96113515,0.9472825,0.93242055,0.9572089,0.945048,0.9548092,0.9465493,0.9606843,0.9521228,0.9610935,0.9495769,0.96943307,0.97032666,0.9787124,0.96153814,0.96460295,0.954049,0.96614134,0.952804,0.9572658,0.966564,0.96149725,0.9561049,0.958096,0.9571605,0.95998275,0.9433562,0.95380163,0.96415985,0.9535052,0.95871264,0.9599373,0.94624984,0.9787124,0.9559791,0.9598592,0.9611022,0.96329015
arcticmovie,0.9672599,0.95457786,0.9682044,0.95045894,0.95234466,0.93907136,0.9679771,0.95444983,0.9774951,0.9584218,0.96256596,0.94693035,0.9552291,0.9632454,0.9625789,0.9558022,1.0,0.9544202,0.95349425,0.9529696,0.9609256,0.95285887,0.9534884,0.95693266,0.94459444,0.8760221,0.9604857,0.9677184,0.9611095,0.9464016,0.96183926,0.94901043,0.9321157,0.949523,0.9585913,0.953708,0.9589018,0.96257925,0.95913225,0.95074046,0.9561115,0.9535252,0.9348641,0.95662034,0.960137,0.94656694,0.95818925,0.96490586,0.95062065,0.9569403,0.9660405,0.9515078,0.9488159,0.96099895,0.95729864,0.9521783,0.9492098,0.9550154,0.9558795,0.9635448,0.96364826,0.95893824,0.947842,0.96262974,0.9442794,0.9479271,0.95650166,0.95614153,0.9488185,0.95291144,0.96637076,0.7775495,0.9486581,0.95190954,0.9442738,0.93879104,0.9191309,0.9495212,0.95617664,0.9569751,0.9651561,0.9400993,0.96017724,0.95503145,0.9512818,0.9643508,0.95133907,0.9585094,0.955154,0.95884895,0.9574117,0.96637076,0.94373083,0.9552837,0.9597991,0.9611602,0.96007574,0.957337,0.9498173,0.94240797,0.9465812,0.9444674,0.95278895,0.96116555,0.9585014,0.9664653,0.9578778,0.9560717,0.9466444,0.94627416,0.9668198,0.8926018,0.9640421,0.9143429,0.9481212,0.961226,0.9633269,0.95778376,0.962391,0.9693124,0.96106476,0.955095,0.9566139,0.9367465,0.96184975,0.9592968,0.9554537,0.9566364,0.9432618,0.9333169,0.96906364,0.9560185,0.9774637,0.9609252,0.96343404,0.95618427,0.9560876,0.94107556,0.9636396,0.9476089,0.9774951,0.95799947,0.94005185,0.96408004,0.96231335,0.94439596,0.9387937,0.95279056,0.9583951,0.9597523,0.96162283,0.95688075,0.94779414,0.94374985,0.9455845,0.95894855,0.94882345,0.9531895,0.9562773,0.9562816,0.9774951,0.9489377,0.9524403,0.9536268,0.96229935
artofracingmovie,0.95832574,0.95069164,0.96275413,0.9571821,0.97334343,0.95064145,0.96545607,0.9555471,0.97615886,0.9536555,0.9653254,0.94761074,0.96117115,0.96392834,0.9660052,0.9553279,0.9544202,0.9999995,0.95538634,0.96481234,0.9569486,0.9582588,0.9650224,0.96818763,0.9604773,0.888342,0.9685318,0.9560914,0.956389,0.9482114,0.9646671,0.9543176,0.9506038,0.95137286,0.9534844,0.9454145,0.95833915,0.9578333,0.95477355,0.9563785,0.9557684,0.9666396,0.94281036,0.96109545,0.96657115,0.9557906,0.96363616,0.9581452,0.9552134,0.9608438,0.9607371,0.96285355,0.94931287,0.9539112,0.9517532,0.9724739,0.9484519,0.95327336,0.9560968,0.96508574,0.95785075,0.95525104,0.956456,0.9643101,0.9643697,0.96159947,0.960922,0.9646138,0.95712304,0.95526975,0.96680814,0.78117704,0.9434753,0.9571561,0.9567252,0.95224345,0.9159293,0.95603484,0.9528838,0.9638378,0.96584815,0.954385,0.9620268,0.9603876,0.96127516,0.9667001,0.95926243,0.961151,0.9579659,0.96465766,0.9561182,0.96680814,0.9593843,0.9536354,0.96106845,0.9626807,0.9615183,0.96403164,0.954768,0.9591675,0.94857687,0.9581703,0.9357545,0.96949327,0.959571,0.9591445,0.9525921,0.9544028,0.9429595,0.9578633,0.9593014,0.9130313,0.9622651,0.9284295,0.95624363,0.9623153,0.9623977,0.9639089,0.9706284,0.96625507,0.9576104,0.95750207,0.9519896,0.9568042,0.9544623,0.96745336,0.9473564,0.9471539,0.9623457,0.9388455,0.95343316,0.95952225,0.9595904,0.94643825,0.9547446,0.9525671,0.96224344,0.9451896,0.9631169,0.9613799,0.97615886,0.9590281,0.9422079,0.96169454,0.95941037,0.9441798,0.9425609,0.95064247,0.9562026,0.95598453,0.9569172,0.9504422,0.941062,0.94436246,0.95596427,0.9592887,0.96409523,0.9633917,0.94636446,0.95606047,0.97615886,0.9616925,0.9576458,0.9608239,0.95299304
avengers,0.9781852,0.95657897,0.9661415,0.9572875,0.9512571,0.9487956,0.9719134,0.9490156,0.9798862,0.94415945,0.9592854,0.940831,0.95782715,0.96141523,0.96556175,0.96307606,0.95349425,0.95538634,1.0000002,0.9540637,0.9659362,0.95129734,0.9512954,0.964875,0.95327413,0.89152515,0.9534547,0.9523276,0.95685357,0.94458264,0.9778999,0.9490134,0.93240476,0.9593496,0.96927994,0.9368879,0.9522311,0.954316,0.96609515,0.9657512,0.9566315,0.960863,0.9459252,0.9623162,0.9588294,0.9592788,0.959562,0.9587707,0.9515756,0.96470696,0.96021914,0.96247256,0.9540031,0.9477997,0.94463503,0.94791085,0.9561436,0.9506291,0.9461701,0.9691125,0.95746225,0.94975454,0.95111686,0.96380854,0.9443287,0.950995,0.95924675,0.9566562,0.95920044,0.96087754,0.9708517,0.8054589,0.94709545,0.95227695,0.9446584,0.9549773,0.9316335,0.96167547,0.9498788,0.96216804,0.95083183,0.9554514,0.9656245,0.9602496,0.95590574,0.9602979,0.94953257,0.957329,0.9549474,0.96772605,0.9628611,0.9708517,0.96340114,0.9577521,0.961161,0.96276605,0.9657441,0.962609,0.955549,0.9536061,0.95996743,0.9498408,0.9482627,0.9640244,0.96208584,0.95618325,0.9636006,0.9688203,0.9559953,0.9472046,0.96131444,0.9083978,0.963844,0.92589295,0.9636215,0.96002686,0.9626729,0.9508166,0.9624614,0.9705371,0.96694654,0.9622984,0.95504147,0.93307865,0.96227974,0.95029837,0.95827556,0.96080726,0.9503574,0.9431809,0.95906794,0.95580804,0.9513432,0.959886,0.9589634,0.9535157,0.95062846,0.9444135,0.96753937,0.95551324,0.9798862,0.95215464,0.9586734,0.9678577,0.968467,0.9516566,0.956985,0.9698768,0.9684109,0.9432419,0.9657915,0.9599997,0.9413835,0.94455516,0.9560521,0.96235925,0.96196824,0.96355724,0.94871104,0.9571996,0.9798862,0.9541554,0.95151466,0.9523031,0.95225203
beachbummovie,0.9616233,0.96085,0.9561863,0.9555853,0.945773,0.9358364,0.96287304,0.94420505,0.9715129,0.9485382,0.95512587,0.93825024,0.95402014,0.95290774,0.9737623,0.9602721,0.9529696,0.96481234,0.9540637,1.0000002,0.95750487,0.949649,0.95432395,0.96272933,0.9610348,0.8845689,0.95632935,0.9587545,0.950582,0.9412759,0.9623639,0.94402415,0.9367891,0.94263256,0.94884914,0.92852145,0.95270324,0.96014977,0.9540913,0.95356596,0.9532679,0.9671692,0.93275833,0.9640284,0.96098965,0.95148647,0.95605314,0.9537549,0.9431675,0.96452135,0.9565074,0.9583483,0.94572526,0.9428296,0.9497748,0.9494077,0.94849265,0.95021886,0.9515855,0.96208495,0.95659566,0.9510503,0.9434826,0.95694554,0.95564884,0.9502893,0.96092,0.95630413,0.9427493,0.93892515,0.9627588,0.7784323,0.9284663,0.94717294,0.94098663,0.95062315,0.9182598,0.9566661,0.94915676,0.9563103,0.9449107,0.9485397,0.9517613,0.9508063,0.9489785,0.9514525,0.94435984,0.9532281,0.95602536,0.95328975,0.9443293,0.9627588,0.9511135,0.95010954,0.95488137,0.9611849,0.952087,0.9600089,0.94719344,0.9438174,0.9442542,0.9536132,0.9414973,0.9605872,0.9577753,0.9542366,0.95519316,0.95441556,0.93985105,0.94778174,0.95742613,0.8871384,0.9544362,0.9111817,0.9518689,0.9512353,0.96145254,0.9509509,0.9549119,0.96670014,0.95713484,0.9461214,0.952124,0.938608,0.95505756,0.95697093,0.947665,0.94800186,0.9413874,0.9309506,0.95522857,0.9409266,0.9548745,0.9491378,0.9519939,0.9473989,0.95086354,0.9329268,0.96063715,0.95936906,0.9715129,0.9387614,0.93763363,0.95411265,0.95376825,0.94510394,0.9388858,0.94419307,0.94953436,0.95521146,0.9592346,0.94810855,0.93688226,0.94217354,0.9480983,0.9522891,0.95111036,0.95072407,0.9466556,0.95152485,0.9715129,0.949411,0.9456149,0.9591401,0.94818836
bernadettefilm,0.9682899,0.96467686,0.962574,0.9586856,0.951014,0.94686943,0.97210896,0.9578959,0.9802527,0.9511362,0.9626312,0.953335,0.95769984,0.9635796,0.96242124,0.9650677,0.9609256,0.9569486,0.9659362,0.95750487,1.0,0.9599745,0.95930827,0.95719576,0.9528657,0.8833474,0.95594275,0.9479427,0.96280795,0.9637365,0.96650904,0.9547299,0.94453686,0.9488497,0.9613865,0.941381,0.9579041,0.9615423,0.96461064,0.96146923,0.96613896,0.9671045,0.94740576,0.96598446,0.96079963,0.96187407,0.9623645,0.9644534,0.9552815,0.9688146,0.9664686,0.96596783,0.95284927,0.9491654,0.95224833,0.95037884,0.9483207,0.9589138,0.9516184,0.9650739,0.96901804,0.95996815,0.946558,0.96376854,0.95683765,0.95288444,0.9578097,0.9623592,0.9538095,0.9578272,0.9719703,0.785633,0.94208443,0.9561116,0.9441428,0.95131254,0.93359345,0.9629927,0.9506316,0.95744157,0.95758677,0.96472746,0.9626181,0.95310485,0.9554707,0.9670299,0.94802284,0.9601219,0.9647294,0.9685043,0.9629154,0.9719703,0.9619712,0.9635673,0.9613295,0.95901966,0.9631271,0.9639583,0.9529046,0.9514719,0.9605381,0.9592496,0.9468805,0.9621988,0.9577182,0.961733,0.96329117,0.96459174,0.9539771,0.95036656,0.96498823,0.89876735,0.96540874,0.9243845,0.9722644,0.9617612,0.9639191,0.9528985,0.96018684,0.9707434,0.96243984,0.95246464,0.95975596,0.94406074,0.96203065,0.9571875,0.9526565,0.9554565,0.95489126,0.935969,0.97719693,0.95260817,0.9501082,0.95279455,0.9629998,0.9659743,0.95542043,0.9527823,0.967311,0.96127987,0.9802527,0.95772374,0.9584274,0.9618562,0.9649871,0.95446485,0.9624459,0.9609929,0.9591392,0.9544934,0.9636231,0.95021313,0.9502347,0.947798,0.9626106,0.96523035,0.96187896,0.9595265,0.9561415,0.96387804,0.9802527,0.9506261,0.9614818,0.9550103,0.9609426
