movie,21bridgesmovie,47metersdown,abeautifuldaymovie,abominablemovie,adastramovie,adogsjourneymovie,aftermathmovie,aftermovie,ahiddenlifefilm,alitamovie,angelhasfallen,angrybirdsmovie,annabellemovie,annamovie,apollo11movie,arcticdogsmovie,arcticmovie,artofracingmovie,avengers,beachbummovie,bernadettefilm,blackandbluemovie,blackchristmas,blindedbythelightmovie,bombshellmovie,booksmart,breakthroughmovie,brianbanksmovie,brightburnmovie,brittanyrunsmov,captainmarvelofficial,captivestatemovie,catsmovie,charliesangels,childsplaymovie,clarathefilm,coldpursuitmovie,countdown,currentwarmovie,darkwatersmovie,detectivepikachumovie,disneyaladdin,disneyfrozen,disneymaleficent,doctorsleepmovie,dolemiteismyname,dontletgomovie,doramovie,downtonabbey_official,dumbo,escaperoom,everybodyknowsmovie,fastandfuriousmovie,fightingwmyfam,fivefeetapartfilm,fordvferrari,freaksthefilm,geminimanmovie,glassmovie,gloriabellmovie,godzillamovie,goldfinchmovie,goodboysmovie,goodliarmovie,gretafilm,halathemovie,happydeathdaymovie,harrietfilm,hellboymovie,hersmellmovie,highlifemovie,highstrungmovie,honeyboymovie,hotelmumbaifilm,httydragon,hustlemovie,hustlersmovie,isntitromantic,itmovieofficial,jayandsilentbob,johnwickmovie,jojorabbitmovie,jokermovie,judythefilm,jumanjimovie,justmercyfilm,knivesout,lalloronamovie,lastblackmansf,lastchristmasthemovie,latenightmovie,lighthousemovie,lionking,littlethemovie,littlewomenmovie,littlewoodsfilm,longshotmovie,lordsofchaosmovie,lucyintheskyfilm,mamovie2019,marriagestory,meettheaddams,meninblack,midsommarmovie,midwaymovie,missbalamovie,missinglinkfilm,motherlessbklyn,onceinhollywood,onthebasisofsex,overcomermovie,peanutbutterfalcon,petsematarymovie,piercingmovie,playingwithfire,playmobilthemovie,pomsmovie,queenandslim,rambomovie,readyornotfilm,richardjewellfilm,rocketmanmovie,scarystoriesmovie,secretlifeofpets,serenityfilm,shaftmovie,shazammovie,spidermanmovie,spiesindisguise,starwars,stormboymovie,stubermovie,taosdfilm,teenspiritmov,terminator,theaeronautsmov,thebestofenemies,thedeaddontdie,thefarewell,thehighwaymen,thehummingbirdprojectfilm,theintrudermovie,theirishmanfilm,thekitchenmovie,thelegomovie,themustangfilm,thenightingalefilm,theprodigymovie,thesunisalsoastar,theupsidefilm,tolkienmovie,toystory,triplefrontier,uglydolls,uncutgems,underthesilverlake,usmovie,wavesmovie,whatmenwant,wonderparkmovie,wrinklestheclown,xmenmovies,yardiefilm,yesterdaymovie,zombieland
21bridgesmovie,1.0000004,0.9450737,0.9653721,0.9626881,0.95823944,0.9516817,0.96730036,0.96513647,0.98384964,0.9561552,0.9624838,0.95766383,0.9697375,0.9674746,0.9638248,0.96406835,0.96370035,0.9533045,0.97471726,0.9601063,0.9584261,0.9595689,0.96157825,0.9622948,0.9567661,0.89855456,0.9588553,0.9584399,0.9632911,0.9657148,0.9523398,0.95496196,0.951665,0.9532853,0.9519856,0.92532283,0.96351624,0.97676235,0.96269166,0.9686375,0.95699304,0.9579139,0.96432924,0.96034133,0.9671218,0.9651547,0.9609959,0.9575734,0.9663879,0.96010715,0.964436,0.9690101,0.9621084,0.9539604,0.9537673,0.96316516,0.9558693,0.9680506,0.9535934,0.96961635,0.9472084,0.95556796,0.9670425,0.9634001,0.957787,0.9653324,0.9379036,0.96122795,0.94728506,0.960057,0.96737266,0.8200035,0.9508408,0.96364284,0.952941,0.9467181,0.9341977,0.95940745,0.96087384,0.9605742,0.9656478,0.95814437,0.960885,0.9555034,0.95956725,0.9487615,0.9608904,0.97144145,0.9604986,0.969032,0.96170014,0.96737266,0.96601635,0.9573792,0.963756,0.96488816,0.9486425,0.9689,0.9589309,0.96255314,0.9612024,0.9620714,0.95690155,0.9636352,0.95271313,0.9598015,0.9621525,0.9581478,0.95293534,0.96240735,0.96333355,0.8862668,0.9638497,0.93368727,0.9725567,0.9740207,0.9926404,0.9501567,0.96988034,0.97035927,0.9621839,0.9556079,0.9591301,0.94600034,0.96135867,0.9588588,0.9609661,0.9564842,0.9612083,0.9472253,0.9667662,0.95225036,0.9679701,0.94581145,0.96175593,0.96270967,0.9749589,0.95928544,0.96321696,0.9608471,0.98384964,0.96139973,0.95019865,0.9612626,0.9527936,0.9611179,0.94890946,0.96181035,0.9622472,0.97976565,0.9553314,0.9667157,0.96362936,0.9637866,0.95582145,0.9599027,0.9568929,0.9616092,0.9626884,0.9700683,0.98384964,0.9516669,0.9642735,0.9620057,0.9628769
47metersdown,0.9450737,1.0000005,0.9513141,0.94049984,0.94629407,0.9335082,0.9551971,0.94467497,0.96636915,0.93643594,0.943391,0.9388394,0.9556293,0.9510315,0.9469272,0.9582146,0.9408647,0.93341017,0.94844544,0.9364834,0.93636614,0.92851335,0.9519896,0.96258736,0.93132466,0.87272257,0.9437241,0.9362384,0.9439178,0.9354896,0.9356167,0.95052433,0.9438396,0.92518944,0.93030965,0.8812032,0.95397913,0.9504074,0.96120816,0.9449889,0.9412771,0.9488181,0.93498516,0.9539361,0.94728166,0.94893545,0.9519097,0.9455258,0.9451343,0.95198286,0.9384583,0.95675343,0.95807314,0.9387092,0.9409803,0.94100595,0.94550765,0.9570583,0.94383425,0.95181304,0.9404556,0.94142073,0.94746035,0.94768906,0.94360614,0.943765,0.92628604,0.95199287,0.9344233,0.95022,0.95207983,0.81040007,0.934019,0.94389987,0.9284349,0.92433643,0.90597785,0.9527433,0.94010395,0.9355431,0.9603847,0.9470278,0.9373257,0.9402228,0.9311991,0.9368025,0.9466779,0.9636007,0.9491923,0.95320946,0.9255944,0.95207983,0.94350344,0.94404817,0.9376813,0.94186604,0.940646,0.9399592,0.94911426,0.94305855,0.9488734,0.9431713,0.93343276,0.9542411,0.94592905,0.9371269,0.95806974,0.9435506,0.93719155,0.9381494,0.9447981,0.8843997,0.9591377,0.9095294,0.9618047,0.9340836,0.9472371,0.929733,0.95896107,0.9495939,0.94526863,0.95223814,0.94705486,0.9364481,0.9434514,0.9456182,0.93823075,0.9454547,0.9466042,0.918177,0.9413044,0.93540835,0.9442484,0.94217217,0.9534946,0.9275412,0.94291514,0.9399626,0.9526856,0.9521886,0.96636915,0.9378728,0.93663156,0.9573772,0.9515131,0.9477385,0.91788983,0.9386209,0.95469385,0.9295581,0.96201336,0.9560253,0.94849366,0.933432,0.9449713,0.94465625,0.9447672,0.94221276,0.9536878,0.9570225,0.96636915,0.9397119,0.95911163,0.9454291,0.9362656
abeautifuldaymovie,0.9653721,0.9513141,1.0000001,0.96216667,0.9601397,0.9582493,0.9625576,0.9576602,0.98157334,0.95343477,0.94854,0.9533779,0.9728695,0.96001965,0.9637357,0.96092135,0.95828474,0.95427114,0.9663116,0.95279104,0.9571561,0.9687002,0.95748127,0.9612462,0.95486146,0.8977084,0.9465539,0.9524831,0.9677186,0.9615466,0.95790994,0.9517513,0.9482196,0.95656455,0.9532037,0.9248469,0.96645826,0.9617275,0.9641927,0.9643121,0.95584774,0.96730006,0.95538384,0.9651803,0.96296936,0.9646851,0.95931715,0.9542305,0.9621874,0.9664288,0.9731253,0.9716081,0.9580531,0.95504034,0.9596659,0.9634696,0.96191406,0.97573495,0.95095074,0.96055704,0.9553945,0.96612763,0.97010154,0.96539164,0.9571813,0.96224254,0.952172,0.97457826,0.95990884,0.9593979,0.9634021,0.81456554,0.9537048,0.9675092,0.9580024,0.94611996,0.9369775,0.9579203,0.95759374,0.95398384,0.9573147,0.9585282,0.95235735,0.95788425,0.9699196,0.9521501,0.9566557,0.96851295,0.9547703,0.97216284,0.96015644,0.9634021,0.95874363,0.9570888,0.96839225,0.9541572,0.9565253,0.9624553,0.950535,0.94927037,0.96447283,0.964821,0.9567036,0.9588694,0.9590486,0.9704678,0.961864,0.95794564,0.95879644,0.9575646,0.94944775,0.8983865,0.96416837,0.93551826,0.96917063,0.95475274,0.9673925,0.947397,0.9657618,0.962467,0.9545559,0.9647283,0.9635225,0.9466499,0.96485364,0.9628641,0.96188277,0.96263945,0.9637151,0.94710165,0.9613961,0.9559497,0.9634144,0.94614124,0.97626716,0.954836,0.955527,0.95902044,0.9631136,0.9642843,0.98157334,0.96978855,0.9544784,0.9647379,0.95421946,0.96226984,0.94804835,0.9563997,0.9617973,0.96293455,0.9652735,0.9736758,0.9606303,0.9470081,0.9508909,0.9557244,0.95365953,0.9537681,0.9632082,0.9662336,0.98157334,0.95381635,0.9551924,0.9582084,0.97162586
abominablemovie,0.9626881,0.94049984,0.96216667,0.9999998,0.9527246,0.9634051,0.95883083,0.9591035,0.9808908,0.9593854,0.9539513,0.94415563,0.96430814,0.96153945,0.9645595,0.9562684,0.9701543,0.95027685,0.9533249,0.9564698,0.9513193,0.96039104,0.96230155,0.96047044,0.9380465,0.89132756,0.9594204,0.9628359,0.9586974,0.9570298,0.95770466,0.94944835,0.9543402,0.94449633,0.9611743,0.9442983,0.9627611,0.9657173,0.9595344,0.95976824,0.95640945,0.95721066,0.9527777,0.9541563,0.9606164,0.9613774,0.96383816,0.9582486,0.96036154,0.955238,0.9494837,0.96658534,0.9524084,0.94711274,0.94743985,0.9564127,0.9470033,0.96892726,0.9641481,0.96891767,0.94867355,0.9692138,0.96842676,0.9571565,0.95184344,0.9624445,0.9472388,0.9615593,0.95006615,0.9523354,0.9701501,0.82018465,0.9496913,0.9655763,0.9567133,0.94177055,0.932841,0.9520309,0.96258414,0.9565315,0.9517579,0.958497,0.9617465,0.9653708,0.9524211,0.9544574,0.95797855,0.9609115,0.9532244,0.9707484,0.9503221,0.9701501,0.9495483,0.9518067,0.9523179,0.9680167,0.9510193,0.95497537,0.95017534,0.9563795,0.9621743,0.95319146,0.95025986,0.96271485,0.9535069,0.9515699,0.95849407,0.96356696,0.9424035,0.94566107,0.9611653,0.8967265,0.96456057,0.9527233,0.9682403,0.9516785,0.96671265,0.9505954,0.96238655,0.9610337,0.95918757,0.95580757,0.9494162,0.95579106,0.9662076,0.96151865,0.959785,0.9429266,0.9531895,0.9425319,0.96171033,0.9489743,0.9654092,0.9527268,0.97138107,0.9489208,0.9539663,0.9551145,0.9661284,0.95831454,0.9808908,0.9610032,0.96077514,0.9658251,0.96369046,0.9597142,0.94777215,0.956245,0.95754,0.95947504,0.9569228,0.9580792,0.9559554,0.94105697,0.9543921,0.9621741,0.95490456,0.9592253,0.9605491,0.96799266,0.9808908,0.9535463,0.95081806,0.96526027,0.9509067
adastramovie,0.95823944,0.94629407,0.9601397,0.9527246,0.99999976,0.95191836,0.9579137,0.94648707,0.97572565,0.9656646,0.95117205,0.94265133,0.9548439,0.9478814,0.9704049,0.9445882,0.9492585,0.9780251,0.96172184,0.9569115,0.94176555,0.947775,0.95867383,0.95367694,0.95580596,0.8915729,0.95997316,0.94754136,0.95929265,0.9563262,0.9487735,0.94529253,0.96042687,0.9508124,0.9505852,0.90578276,0.961115,0.9571275,0.96202147,0.96011144,0.95248044,0.9524585,0.94293433,0.9487922,0.9602514,0.96107715,0.9607727,0.9517241,0.95704967,0.9526574,0.95896107,0.96265864,0.95459074,0.9435669,0.9487603,0.97431004,0.9582483,0.96560997,0.94445175,0.9586586,0.9417945,0.94880164,0.9547952,0.9506384,0.9458917,0.95755213,0.9531191,0.9670837,0.949129,0.951024,0.9619835,0.8243311,0.9487497,0.954765,0.94736624,0.9347467,0.93662006,0.95028806,0.94878995,0.9478714,0.95298755,0.9528386,0.94679713,0.951682,0.9562397,0.9481546,0.95207065,0.9560113,0.9528686,0.96698177,0.95009255,0.9619835,0.9413788,0.949561,0.9603043,0.95942116,0.9479644,0.96275586,0.9465388,0.9503004,0.96277744,0.94642574,0.9524752,0.96083575,0.9546053,0.956414,0.95892495,0.9461948,0.9493416,0.9467279,0.9467758,0.89466894,0.96231306,0.9339684,0.9560514,0.9485002,0.96143764,0.9418783,0.95873696,0.96280617,0.947164,0.9537228,0.9513644,0.95010066,0.9563563,0.95188713,0.9458139,0.95690715,0.9645508,0.9362703,0.9576469,0.96117026,0.9575236,0.94645184,0.96355575,0.94787353,0.9490186,0.9561132,0.95659953,0.9624508,0.97572565,0.95527947,0.95472914,0.9474723,0.9478705,0.9504123,0.9343502,0.95915544,0.95165145,0.96505904,0.9609198,0.9522691,0.9608242,0.94771016,0.95010984,0.9496058,0.9471759,0.953795,0.961864,0.9608664,0.97572565,0.9634866,0.9624473,0.9584572,0.9519088
adogsjourneymovie,0.9516817,0.9335082,0.9582493,0.9634051,0.95191836,0.99999994,0.9518527,0.9520016,0.9750773,0.953044,0.94399256,0.9379979,0.96200895,0.95496523,0.95277536,0.94667256,0.9531494,0.9616814,0.948768,0.9403011,0.92974806,0.9505335,0.96471316,0.9523302,0.93062854,0.8843255,0.95177406,0.94871116,0.9554279,0.95107675,0.9510689,0.9543763,0.95241904,0.9489545,0.94720906,0.9225573,0.96437883,0.94779927,0.9567766,0.957959,0.94374776,0.9637252,0.9568308,0.9575748,0.9529613,0.95118314,0.96168196,0.9470991,0.9608744,0.9613675,0.9527981,0.96428794,0.95897883,0.9489332,0.9479187,0.95585304,0.9392129,0.9646856,0.94891125,0.9486139,0.94243944,0.96271914,0.96487385,0.9453838,0.9559508,0.95433384,0.9500101,0.9612733,0.9337416,0.9503817,0.9501397,0.8240981,0.9438364,0.96386415,0.9572336,0.9321744,0.9248775,0.9471082,0.96774113,0.9559174,0.9436815,0.9520288,0.9553007,0.95393,0.95503247,0.9446523,0.9478872,0.960596,0.9346586,0.9608262,0.9526594,0.9501397,0.942321,0.95319796,0.95643973,0.95709974,0.9406986,0.9602339,0.9460152,0.96283555,0.9528789,0.95982,0.9553783,0.9486965,0.94418824,0.9538412,0.9524576,0.9458041,0.94940233,0.94714713,0.950896,0.8862188,0.96053785,0.9370526,0.95399415,0.9464474,0.95994824,0.9504201,0.9556446,0.9551165,0.95173794,0.9604646,0.9516435,0.9658762,0.95992094,0.95718765,0.9617666,0.9463618,0.95822734,0.9446165,0.94913477,0.94387573,0.94786674,0.94815934,0.9679079,0.94480085,0.9547522,0.94708854,0.94866633,0.95571595,0.9750773,0.95439875,0.9492888,0.9463351,0.95817405,0.96225923,0.9435905,0.95100975,0.94742197,0.95457506,0.95523804,0.9503547,0.9526388,0.94434315,0.94128156,0.95028996,0.9467853,0.943484,0.95374423,0.95842797,0.9750773,0.95158947,0.951048,0.969092,0.95193404
aftermathmovie,0.96730036,0.9551971,0.9625576,0.95883083,0.9579137,0.9518527,1.0000002,0.9627938,0.979876,0.9627131,0.9598697,0.94647264,0.9681027,0.9629077,0.9608917,0.9544816,0.9632366,0.94817823,0.96017665,0.9593445,0.9502452,0.9536153,0.9559831,0.9582538,0.9545079,0.88959646,0.9496661,0.9545813,0.9570899,0.9619593,0.9495409,0.95498353,0.9497329,0.9435073,0.9454476,0.91362435,0.96276796,0.9629827,0.9636325,0.96468484,0.9585706,0.9653182,0.95317847,0.96099555,0.9663612,0.95788217,0.9567006,0.9659761,0.9680751,0.9655668,0.95566165,0.9674905,0.9608907,0.94921887,0.94320875,0.9622866,0.9525914,0.96679693,0.9588049,0.9642693,0.9411031,0.9663509,0.9655792,0.96074843,0.955921,0.9612509,0.93425816,0.96634513,0.95600635,0.959429,0.9617697,0.8116049,0.95108235,0.9619254,0.94211334,0.9486906,0.91804093,0.9535357,0.9638316,0.9530045,0.951925,0.97336113,0.9593562,0.94711417,0.95330006,0.95795846,0.9575606,0.96849555,0.954687,0.96241874,0.95766836,0.9617697,0.9597384,0.95434433,0.95420295,0.95677793,0.9519168,0.95429283,0.978258,0.95256317,0.9557394,0.96077126,0.94532377,0.9644802,0.96381015,0.9496136,0.9667482,0.9559342,0.95130956,0.95367384,0.9625192,0.88506633,0.9653722,0.93385327,0.9602901,0.95415443,0.96622694,0.94341475,0.9646895,0.9902843,0.9646434,0.9590031,0.95252687,0.95091623,0.9632968,0.95582175,0.9611315,0.9478087,0.9511851,0.93750954,0.96614486,0.95063317,0.96836036,0.94246775,0.96198773,0.95716715,0.9590711,0.9582801,0.95690644,0.96674645,0.979876,0.9565151,0.9485644,0.9536184,0.9595399,0.95949745,0.9501937,0.9524375,0.9636165,0.9605961,0.98209924,0.9611821,0.96015704,0.95728064,0.94751334,0.9484252,0.9478348,0.95785266,0.96313494,0.965452,0.979876,0.95107484,0.96375585,0.95834625,0.9499296
aftermovie,0.96513647,0.94467497,0.9576602,0.9591035,0.94648707,0.9520016,0.9627938,1.0000001,0.97841257,0.9534108,0.9544878,0.9394377,0.96724564,0.9571236,0.9616958,0.9627251,0.9585332,0.94915915,0.9546741,0.9555776,0.9545433,0.9528141,0.96166027,0.95735425,0.94201946,0.88890505,0.95535845,0.9558127,0.94960815,0.964948,0.9487736,0.9472701,0.95045865,0.9359699,0.9543579,0.93209296,0.96284103,0.9575565,0.9592052,0.9599479,0.9535329,0.96297574,0.955705,0.96591437,0.95504403,0.9629458,0.9622702,0.94535184,0.96348757,0.9681757,0.9470234,0.9640498,0.96005344,0.9511664,0.9650818,0.9486025,0.9498669,0.9604429,0.9525296,0.9617199,0.9465014,0.95732546,0.96041054,0.96535164,0.95744556,0.9537824,0.93667334,0.9602028,0.9523668,0.9540758,0.9632325,0.79747295,0.94729656,0.9630476,0.94832134,0.94605285,0.93425083,0.96247715,0.9656237,0.94308674,0.9596892,0.9583947,0.96096474,0.9510999,0.9417762,0.95096403,0.9599765,0.96886855,0.9500196,0.96573997,0.95358616,0.9632325,0.96129364,0.94900256,0.9560465,0.9590067,0.95654774,0.96164584,0.96057,0.9514403,0.9564509,0.95406675,0.9442233,0.9655298,0.9530139,0.94408065,0.95725363,0.9636319,0.94425154,0.9463455,0.9607728,0.89118415,0.95851415,0.9391855,0.96353734,0.9598247,0.96970844,0.94394606,0.9583642,0.9599538,0.96236664,0.954848,0.9587836,0.95328677,0.96446586,0.9571506,0.9622408,0.9411705,0.9495568,0.9336191,0.96287274,0.94272226,0.9663593,0.9435094,0.9608012,0.95800626,0.9565324,0.95054585,0.95519793,0.9578132,0.97841257,0.9491996,0.9547328,0.9636434,0.94993496,0.9558269,0.94973904,0.9561379,0.9683998,0.96187234,0.9499489,0.9654935,0.9566136,0.9510907,0.9502254,0.95729566,0.9544435,0.95240325,0.9735898,0.96496797,0.97841257,0.94497883,0.9578203,0.9614088,0.9447148
ahiddenlifefilm,0.98384964,0.96636915,0.98157334,0.9808908,0.97572565,0.9750773,0.979876,0.97841257,0.9999999,0.9757023,0.9739289,0.96375066,0.9839479,0.97946763,0.97796595,0.9778792,0.9788477,0.97193974,0.97611964,0.9707799,0.96974677,0.9702585,0.98233545,0.9791659,0.965448,0.9076359,0.9734063,0.975721,0.9769746,0.97432494,0.9697337,0.96793896,0.97249997,0.966486,0.9732211,0.9397286,0.9816413,0.97999394,0.98059297,0.98034966,0.9738198,0.97868353,0.9724314,0.9774651,0.98010087,0.9807304,0.9823661,0.97272885,0.98175067,0.97927547,0.97359574,0.9849174,0.9787228,0.97126853,0.9729826,0.9743196,0.96928155,0.98604476,0.97118205,0.97999156,0.9652104,0.9738842,0.9830386,0.97611123,0.9731645,0.97484964,0.961966,0.98206586,0.96842355,0.97294116,0.9832458,0.83235294,0.9631127,0.98176515,0.9701839,0.96231395,0.9496778,0.9750537,0.9778429,0.96995777,0.9756425,0.9761997,0.9778344,0.97219676,0.97508186,0.9686064,0.9761944,0.98276514,0.97047293,0.98499596,0.9700812,0.9832458,0.9699226,0.9711047,0.9770675,0.9789229,0.96946913,0.9776871,0.97144806,0.97760874,0.97911996,0.9721152,0.96940345,0.98275286,0.97542036,0.9727954,0.97655296,0.9771425,0.9680108,0.9684945,0.9759298,0.9101493,0.9800376,0.95565736,0.9833961,0.9742808,0.9855201,0.96745664,0.97970945,0.98184997,0.9777718,0.9754472,0.977344,0.9699968,0.98184747,0.9758902,0.97585577,0.969478,0.97555494,0.95601904,0.9763927,0.966921,0.9813574,0.96923935,0.98325366,0.96924835,0.97574556,0.97203577,0.98037493,0.9799846,0.9999999,0.9763224,0.9733019,0.9758349,0.97302854,0.9781526,0.96665704,0.9776082,0.9775994,0.97858447,0.9751438,0.97952896,0.9783895,0.96325576,0.9717819,0.9767085,0.97319955,0.9757114,0.9799738,0.9823743,0.9999999,0.97137153,0.9771143,0.9815,0.9730871
alitamovie,0.9561552,0.93643594,0.95343477,0.9593854,0.9656646,0.953044,0.9627131,0.9534108,0.9757023,0.99999976,0.95563185,0.92708254,0.95404416,0.9494603,0.9566318,0.9519435,0.9509287,0.9545873,0.95499825,0.9477883,0.94067955,0.9489557,0.9561726,0.9532667,0.93841547,0.8773559,0.9513662,0.9448964,0.9544149,0.95949876,0.9507334,0.9375815,0.9584519,0.9409876,0.94533914,0.9096605,0.958346,0.955627,0.95346,0.95248693,0.94889534,0.9580333,0.94817615,0.95060587,0.96368706,0.959531,0.95739853,0.9509229,0.9603232,0.9528035,0.9516874,0.9571981,0.9528117,0.94939935,0.9484136,0.9651457,0.9500471,0.96679455,0.94636494,0.954017,0.93621206,0.947447,0.9545389,0.94421035,0.9422381,0.9578503,0.9385315,0.96239716,0.94521224,0.9510466,0.9601875,0.8019093,0.94172025,0.94675344,0.9453018,0.9381829,0.919524,0.9546155,0.9539784,0.940432,0.9439631,0.9618736,0.9456526,0.9536026,0.9511845,0.9459496,0.9489003,0.9560015,0.95267254,0.95758444,0.94728327,0.9601875,0.9422167,0.94324,0.9538687,0.96078676,0.9381987,0.95922256,0.94832397,0.9484338,0.9586689,0.9400489,0.9527128,0.9578697,0.96381027,0.94962245,0.9495071,0.9494013,0.9438716,0.93623847,0.95524585,0.8788539,0.9614896,0.9366223,0.9535278,0.9461583,0.9617451,0.9407292,0.9530727,0.968973,0.9450502,0.94235975,0.9492282,0.9460439,0.9579262,0.95573276,0.9484774,0.9476478,0.95859253,0.9323535,0.9542762,0.94966334,0.9564984,0.9505099,0.96438855,0.9490465,0.9466604,0.95835066,0.95756036,0.9537798,0.9757023,0.9546289,0.9588111,0.9433551,0.940652,0.9501971,0.9396068,0.9560065,0.948896,0.9588742,0.94975096,0.951392,0.95072746,0.9441633,0.9499161,0.9561778,0.94425,0.95834196,0.95259213,0.9603971,0.9757023,0.9543591,0.951316,0.9590865,0.9464264
angelhasfallen,0.9624838,0.943391,0.94854,0.9539513,0.95117205,0.94399256,0.9598697,0.9544878,0.9739289,0.95563185,0.9999997,0.92971414,0.9539061,0.955865,0.9540013,0.9500794,0.95361286,0.94098735,0.9560465,0.94940394,0.9385845,0.93409336,0.96263796,0.95182616,0.9422781,0.8875066,0.947336,0.94492024,0.9505175,0.9495097,0.94668055,0.93478215,0.95230526,0.93554634,0.94910824,0.91348565,0.9541034,0.96079016,0.94905585,0.95530105,0.950531,0.9538212,0.9475353,0.946252,0.9523532,0.95596796,0.9604001,0.93963957,0.9505003,0.9495544,0.9384414,0.96009004,0.9513214,0.9426226,0.953143,0.94492537,0.9410369,0.9593982,0.9448263,0.9540675,0.93367463,0.9362744,0.9551876,0.9472526,0.9501243,0.9521978,0.9266742,0.96311414,0.9567185,0.9429863,0.9522381,0.8033602,0.935787,0.95155126,0.9557179,0.9294695,0.9075311,0.9611711,0.9540716,0.9379685,0.9713455,0.95205575,0.94834244,0.9543543,0.9356563,0.94809026,0.9660856,0.9585787,0.942997,0.9612568,0.9358462,0.9522381,0.94481975,0.9359284,0.9400364,0.9596426,0.957733,0.94958115,0.94830453,0.955682,0.94907707,0.95140016,0.93908495,0.9523836,0.94667363,0.9364201,0.94609535,0.94524044,0.9331059,0.94756466,0.96356326,0.87706137,0.9516903,0.93123966,0.95070165,0.9593231,0.96256816,0.9477234,0.95541453,0.95980585,0.9475903,0.94096875,0.9464724,0.94742256,0.9546604,0.9469109,0.9525131,0.9383624,0.94896495,0.9327956,0.95506823,0.9289852,0.95249355,0.9451962,0.9488657,0.94411373,0.95547837,0.93824923,0.9480233,0.95024157,0.9739289,0.9470386,0.93927866,0.94571567,0.9544588,0.95503414,0.9454095,0.96236706,0.9504534,0.95000947,0.94300324,0.95985585,0.95174414,0.9367265,0.9372549,0.95296013,0.9557898,0.93848944,0.95333797,0.9578296,0.9739289,0.9444345,0.9576153,0.9540306,0.9380557
angrybirdsmovie,0.95766383,0.9388394,0.9533779,0.94415563,0.94265133,0.9379979,0.94647264,0.9394377,0.96375066,0.92708254,0.92971414,1.0000006,0.95310426,0.9585196,0.95553344,0.9396162,0.94241154,0.933172,0.9486615,0.94119155,0.9362765,0.9430377,0.9427327,0.95050085,0.9448296,0.8883891,0.9328662,0.93442774,0.9406869,0.9393819,0.93236864,0.93499446,0.92716455,0.95507294,0.941853,0.91009223,0.95157105,0.9464749,0.9461995,0.9392546,0.9432202,0.94342715,0.93755805,0.94086397,0.95168436,0.9462477,0.9459275,0.95309687,0.9414936,0.9436222,0.9565258,0.94432884,0.9464849,0.9438315,0.93355095,0.9413811,0.94445705,0.9563217,0.9382246,0.9546911,0.93421674,0.94137496,0.9567873,0.95345455,0.9296995,0.9410157,0.93013215,0.9436825,0.9467347,0.9483951,0.9560446,0.8221554,0.9439758,0.95317566,0.9222473,0.927534,0.90807253,0.9402445,0.9461879,0.95110756,0.94268346,0.93829906,0.9417528,0.9417513,0.9542309,0.9239942,0.9429202,0.9507787,0.9324261,0.94981825,0.94079405,0.9560446,0.93818057,0.95155126,0.9606978,0.95244956,0.9359934,0.9381832,0.93392444,0.94704133,0.95078075,0.94067085,0.9399395,0.9559428,0.93841,0.9527837,0.94772035,0.94176626,0.9456888,0.95044696,0.9356003,0.86005247,0.9480504,0.9234589,0.95307374,0.94285643,0.9547647,0.923643,0.9474137,0.9433107,0.94356376,0.9474258,0.94020706,0.9278233,0.9332662,0.9450859,0.94902277,0.9339695,0.9399671,0.9329415,0.94232416,0.9426527,0.94696826,0.91773134,0.9494548,0.9310932,0.93986446,0.93387157,0.9621955,0.94549745,0.96375066,0.9430017,0.93859684,0.9603943,0.9478988,0.93423617,0.9297267,0.9383478,0.949483,0.9431062,0.947852,0.94529957,0.9480509,0.94013083,0.9451176,0.94132423,0.93862545,0.9572115,0.9560767,0.9430642,0.96375066,0.9360184,0.9505554,0.9375473,0.95860124
annabellemovie,0.9697375,0.9556293,0.9728695,0.96430814,0.9548439,0.96200895,0.9681027,0.96724564,0.9839479,0.95404416,0.9539061,0.95310426,1.0,0.9762896,0.964096,0.9658655,0.9642032,0.9518793,0.96420664,0.95887244,0.9580742,0.9568309,0.96317816,0.9657855,0.946867,0.89929515,0.9580234,0.9639158,0.9562336,0.9570758,0.95180696,0.9558136,0.9559041,0.9451667,0.95811874,0.9198233,0.9659399,0.9736628,0.9682567,0.9600888,0.9671075,0.9653819,0.9655252,0.9667848,0.9635364,0.9656586,0.96306795,0.9576626,0.96692115,0.9688294,0.95653486,0.96793926,0.966226,0.95938194,0.9610896,0.95798343,0.95493746,0.9720037,0.9585441,0.9685613,0.96501106,0.96601266,0.97156405,0.9760382,0.9626754,0.95678365,0.95319384,0.9662552,0.95615786,0.9553955,0.9718577,0.81384987,0.9497632,0.96764076,0.95249116,0.9497006,0.9386277,0.9590265,0.9638876,0.95074695,0.9566924,0.96980804,0.9739447,0.9555933,0.96669227,0.9554973,0.961279,0.9846411,0.9598125,0.9676431,0.9591758,0.9718577,0.96408975,0.95600784,0.96138954,0.9629057,0.951641,0.9587841,0.96148646,0.95987296,0.9611697,0.9621424,0.9502472,0.9706932,0.96719044,0.95658946,0.9617275,0.972616,0.958657,0.9551164,0.9591102,0.89346224,0.96422654,0.93214166,0.97271943,0.96339905,0.969133,0.95101535,0.9638038,0.9650504,0.96895105,0.9722003,0.96307343,0.9575377,0.96600133,0.9554042,0.96943146,0.9475678,0.9658297,0.950348,0.95733666,0.9569157,0.96980834,0.9574222,0.9690457,0.95327944,0.9643063,0.95293504,0.970578,0.962081,0.9839479,0.95809734,0.9566538,0.96983075,0.95910937,0.9597022,0.95579237,0.95858777,0.9719681,0.9582311,0.96275145,0.9674162,0.9619346,0.94707876,0.9567429,0.96529716,0.9602031,0.9642125,0.9668296,0.9668734,0.9839479,0.9477982,0.96329874,0.96829337,0.9607442
annamovie,0.9674746,0.9510315,0.96001965,0.96153945,0.9478814,0.95496523,0.9629077,0.9571236,0.97946763,0.9494603,0.955865,0.9585196,0.9762896,1.0000004,0.9560107,0.9586037,0.9639653,0.9480769,0.9615716,0.9531203,0.9448361,0.9476883,0.9629046,0.96066445,0.94436395,0.8927978,0.95220387,0.9619729,0.95291686,0.95680463,0.9480008,0.953656,0.95370424,0.9424824,0.9555042,0.91415167,0.95906794,0.9695086,0.9567899,0.9554181,0.9644325,0.9621019,0.95613295,0.96141136,0.9618231,0.9661133,0.96376026,0.9536198,0.9594871,0.9637002,0.9542759,0.9668116,0.95908564,0.9498711,0.9540218,0.94544536,0.9490933,0.9658283,0.9504767,0.96421826,0.9499762,0.95876694,0.9672928,0.9788053,0.9610499,0.95470226,0.93419147,0.95622146,0.9518818,0.9491431,0.96993226,0.8208278,0.9503806,0.96475047,0.9510608,0.9454193,0.92551225,0.9557565,0.954863,0.9500915,0.9503175,0.967488,0.9728215,0.9555637,0.9545054,0.95071894,0.9556387,0.9702488,0.9634245,0.9675359,0.95453274,0.96993226,0.96327716,0.9573844,0.9575304,0.95512444,0.94782114,0.94818723,0.95264506,0.9659328,0.95742905,0.9537269,0.9508944,0.96579313,0.96812004,0.9550768,0.96296173,0.9637348,0.9487073,0.95682436,0.961574,0.8739073,0.9552951,0.9312657,0.9697905,0.95778584,0.96355635,0.9517354,0.9598844,0.96045774,0.96648,0.96165293,0.95406806,0.95389897,0.9581029,0.95382535,0.9617817,0.94757396,0.95140517,0.941661,0.94923586,0.93950295,0.96637845,0.95394707,0.9606461,0.95504606,0.95434636,0.9502561,0.9671533,0.97139513,0.97946763,0.9503824,0.95522654,0.962752,0.9572636,0.9576038,0.94275063,0.95859784,0.96293575,0.95352286,0.95845747,0.9606116,0.95737696,0.93969715,0.9569611,0.9641996,0.96361405,0.95987946,0.9586721,0.9618315,0.97946763,0.9408631,0.95797503,0.9600339,0.95413065
apollo11movie,0.9638248,0.9469272,0.9637357,0.9645595,0.9704049,0.95277536,0.9608917,0.9616958,0.97796595,0.9566318,0.9540013,0.95553344,0.964096,0.9560107,1.0000002,0.95242256,0.95838344,0.95913553,0.9609119,0.9792561,0.95754695,0.9516945,0.96408606,0.96000636,0.9583487,0.8954619,0.9574746,0.9599003,0.95478433,0.96217793,0.9517946,0.94504106,0.96036834,0.9471375,0.94976944,0.9235529,0.9695028,0.95927316,0.96303064,0.95375985,0.96270394,0.9590492,0.9508514,0.9554491,0.96088564,0.9636434,0.9660138,0.9559217,0.96216327,0.95781773,0.9528939,0.963051,0.962482,0.9452148,0.9479618,0.96223384,0.9614898,0.9691753,0.95444566,0.97172123,0.9536584,0.9539264,0.95875853,0.96226555,0.95550764,0.9626714,0.95111746,0.96484715,0.9556224,0.9529625,0.9710961,0.8223823,0.95145303,0.9649925,0.9446018,0.9470674,0.9315661,0.95582634,0.9511811,0.9502356,0.95662117,0.95428145,0.95176965,0.95299983,0.9521763,0.9549875,0.95888454,0.9638209,0.96032095,0.9683752,0.9502181,0.9710961,0.9472371,0.948308,0.9622152,0.97454816,0.9555465,0.9594532,0.9570329,0.9490244,0.9666957,0.9547087,0.940751,0.9690733,0.95876324,0.9530015,0.9633885,0.9565109,0.9551413,0.9538602,0.95362383,0.90103364,0.96011627,0.9340828,0.96140003,0.9629393,0.96851444,0.9358193,0.9568597,0.9597028,0.95612663,0.95636696,0.9599525,0.9550077,0.96224934,0.9502494,0.9513642,0.94709677,0.9575685,0.94719166,0.96667874,0.95282644,0.9667557,0.9401199,0.9653819,0.952548,0.95150524,0.9534602,0.9638117,0.9655869,0.97796595,0.95498717,0.95854884,0.9615711,0.9587439,0.95601314,0.94568276,0.9529723,0.95853126,0.96402353,0.9618342,0.96418846,0.9635838,0.9525794,0.95762724,0.9579265,0.9571972,0.96120167,0.96686745,0.96400833,0.97796595,0.96250236,0.95962805,0.9622011,0.9510374
arcticdogsmovie,0.96406835,0.9582146,0.96092135,0.9562684,0.9445882,0.94667256,0.9544816,0.9627251,0.9778792,0.9519435,0.9500794,0.9396162,0.9658655,0.9586037,0.95242256,0.9999998,0.9497108,0.9391124,0.9552274,0.9471646,0.9516833,0.94196105,0.9589814,0.96589315,0.94112885,0.88740766,0.9566433,0.9563939,0.96087176,0.95262074,0.9589188,0.94231284,0.95281446,0.94228446,0.94659704,0.89405227,0.9641386,0.9609907,0.96501094,0.95144826,0.9505248,0.95445657,0.94817364,0.962211,0.96328646,0.9607246,0.957555,0.95034015,0.9574873,0.957849,0.9506465,0.95939136,0.95668924,0.95535356,0.96206343,0.9395751,0.94785494,0.96469474,0.94924086,0.9609805,0.9385341,0.9473244,0.9581581,0.9545795,0.95511943,0.9523959,0.9400499,0.9545759,0.9450012,0.94672865,0.9663396,0.8025927,0.92554104,0.96289414,0.9480044,0.94552803,0.92521524,0.9648958,0.9478028,0.94604915,0.9540974,0.9539509,0.9494039,0.94926447,0.9507915,0.9468281,0.9497586,0.9661924,0.95018464,0.96342653,0.93844557,0.9663396,0.9567592,0.9424614,0.9538512,0.9564598,0.94677746,0.9552866,0.9478193,0.95305884,0.9585342,0.950282,0.946258,0.9613659,0.9529324,0.950484,0.9549289,0.9702233,0.9678538,0.9416036,0.9568776,0.89095867,0.9642671,0.92228645,0.9647861,0.94848657,0.9681418,0.9416681,0.95337427,0.95155644,0.9557711,0.95247316,0.9591156,0.9395495,0.966282,0.9546153,0.9580108,0.9558906,0.9572478,0.9306207,0.95713246,0.93367404,0.96144974,0.9494584,0.96458,0.9426212,0.9596122,0.9501804,0.9637831,0.953039,0.9778792,0.9507389,0.9515219,0.9604857,0.95318544,0.9499437,0.9355757,0.959201,0.964745,0.9523714,0.9465025,0.960179,0.9574747,0.9467539,0.9591662,0.9646742,0.94684684,0.9538091,0.9671895,0.9656113,0.9778792,0.9506203,0.9630546,0.95237297,0.95001614
arcticmovie,0.96370035,0.9408647,0.95828474,0.9701543,0.9492585,0.9531494,0.9632366,0.9585332,0.9788477,0.9509287,0.95361286,0.94241154,0.9642032,0.9639653,0.95838344,0.9497108,0.99999934,0.9496791,0.95218074,0.95863026,0.941493,0.95613045,0.95625395,0.9555097,0.9426147,0.88592744,0.94438654,0.97773737,0.9492929,0.95531416,0.94524616,0.9502657,0.9524834,0.9333172,0.9605134,0.9445128,0.9554909,0.9591124,0.95933527,0.9637201,0.9626058,0.9588241,0.9532779,0.96019804,0.9632561,0.9614321,0.95428467,0.95795137,0.9612384,0.96066356,0.943558,0.9683266,0.95618236,0.94797933,0.94586515,0.9502186,0.95244753,0.966592,0.9560724,0.96056306,0.95153046,0.95077103,0.9585628,0.96143115,0.9544892,0.9511191,0.9414529,0.961934,0.94969803,0.946364,0.9623,0.8192628,0.9486213,0.96390516,0.9543146,0.94874877,0.93568444,0.95071596,0.95917267,0.94580805,0.9530295,0.9593993,0.9690463,0.9604673,0.9460278,0.9563622,0.9592949,0.96270955,0.9532943,0.96634394,0.94337904,0.9623,0.9405475,0.9482332,0.9452173,0.9587521,0.9515163,0.95749617,0.9481603,0.9507237,0.9595934,0.9485062,0.942637,0.9624791,0.9498961,0.9468451,0.9545749,0.96150637,0.9369072,0.95152766,0.94915247,0.88571,0.95524836,0.9435435,0.9596871,0.95434755,0.9626254,0.9505413,0.96026015,0.9675759,0.9603305,0.9549719,0.94872,0.95105,0.9685393,0.9452635,0.95519793,0.9354307,0.9475529,0.939262,0.9526709,0.9438564,0.9805465,0.96126825,0.9586592,0.9499607,0.9567145,0.9559609,0.95868945,0.962147,0.9788477,0.95628136,0.9556079,0.9626607,0.9561156,0.962962,0.95664245,0.9529225,0.95652217,0.95626885,0.95291,0.9624581,0.9579033,0.941666,0.9519287,0.94786245,0.95596915,0.9540247,0.95704734,0.9600809,0.9788477,0.946575,0.9536174,0.9592687,0.9428561
artofracingmovie,0.9533045,0.93341017,0.95427114,0.95027685,0.9780251,0.9616814,0.94817823,0.94915915,0.97193974,0.9545873,0.94098735,0.933172,0.9518793,0.9480769,0.95913553,0.9391124,0.9496791,1.0,0.9523922,0.9491496,0.933699,0.94730556,0.96013665,0.94729435,0.9467894,0.8807468,0.9542232,0.9453454,0.9523535,0.9533086,0.94179267,0.9427694,0.9507301,0.95094603,0.9502627,0.9137624,0.95339066,0.94527966,0.9558994,0.95870394,0.95356023,0.9584708,0.94343,0.94950765,0.95245886,0.9551983,0.9628641,0.9459431,0.96033365,0.9574846,0.9510522,0.96172833,0.9600227,0.9391064,0.9468209,0.97108245,0.9450973,0.9558941,0.94709164,0.9516133,0.945999,0.95136106,0.94978184,0.9467841,0.9500835,0.9489187,0.94588935,0.9544784,0.94321316,0.9441943,0.9525977,0.8096619,0.94540715,0.9565888,0.9576932,0.93149036,0.93098915,0.944935,0.95282763,0.94641936,0.94959605,0.9457772,0.9547707,0.9457574,0.9519581,0.9421438,0.9493384,0.957788,0.9528893,0.9672373,0.95467395,0.9525977,0.93953824,0.9447541,0.95133245,0.9548881,0.9424056,0.9702549,0.9420572,0.9558318,0.95274645,0.9450379,0.95044893,0.95344704,0.95045793,0.9482114,0.9498128,0.9463765,0.9465288,0.9509534,0.9357537,0.8863116,0.9507459,0.9245812,0.9509867,0.9504304,0.96187246,0.9521205,0.95298034,0.95475394,0.9496658,0.94988257,0.95195323,0.95126057,0.9534289,0.94627184,0.95571345,0.94796383,0.95971805,0.9297795,0.9489432,0.95757115,0.9505121,0.93912214,0.95687616,0.9483927,0.9465533,0.9463061,0.95077085,0.9663762,0.97193974,0.9495364,0.9499225,0.9447205,0.9462535,0.94931406,0.9398666,0.9560441,0.9455991,0.962116,0.9499423,0.9495106,0.9538973,0.94189304,0.9460331,0.945238,0.949974,0.9432616,0.95310414,0.9547855,0.97193974,0.9610556,0.952917,0.96686816,0.94646573
avengers,0.97471726,0.94844544,0.9663116,0.9533249,0.96172184,0.948768,0.96017665,0.9546741,0.97611964,0.95499825,0.9560465,0.9486615,0.96420664,0.9615716,0.9609119,0.9552274,0.95218074,0.9523922,1.0000001,0.9559345,0.9477605,0.9590771,0.957874,0.95559615,0.95546824,0.8914916,0.94912565,0.9427995,0.95633966,0.9596137,0.9704671,0.95260847,0.95082986,0.94995123,0.9463311,0.9057834,0.9599033,0.9580745,0.95693576,0.9546253,0.95893145,0.95163226,0.9523133,0.95415,0.9600732,0.962803,0.9576618,0.95415413,0.95906246,0.9521934,0.96249413,0.9646678,0.958067,0.94178843,0.94246393,0.9589986,0.95330644,0.9638638,0.9512278,0.9604246,0.9443412,0.9548566,0.9627468,0.9609895,0.9573298,0.95574003,0.93538773,0.9652521,0.94572043,0.95113564,0.962365,0.81817347,0.9536584,0.9523665,0.9503729,0.93791354,0.93501776,0.9546675,0.9490298,0.9520649,0.9571996,0.95894444,0.95532197,0.9575914,0.95545214,0.94835424,0.9535327,0.96910655,0.95952666,0.9607575,0.955946,0.962365,0.9598436,0.95046073,0.9558717,0.95746845,0.95085216,0.9598833,0.95692384,0.9487095,0.9580542,0.9583985,0.9507869,0.954131,0.94860715,0.9571212,0.96162885,0.959739,0.9523669,0.9478473,0.9582001,0.88330853,0.95865595,0.9253046,0.9635886,0.95204794,0.9657056,0.9509629,0.9656465,0.95982045,0.95669675,0.9577002,0.9561388,0.9499487,0.9540529,0.96371835,0.95550376,0.9604058,0.9593599,0.94551194,0.958556,0.94487715,0.96112025,0.94860417,0.96401083,0.9538713,0.94962156,0.9602376,0.962988,0.9588255,0.97611964,0.9629061,0.95541924,0.96212524,0.9496424,0.95316565,0.93747926,0.95541155,0.95991546,0.95671713,0.95857304,0.9619996,0.95536256,0.9545012,0.95412326,0.95424366,0.9568283,0.95313555,0.9550986,0.95834464,0.97611964,0.9555299,0.96034306,0.95538217,0.9550303
beachbummovie,0.9601063,0.9364834,0.95279104,0.9564698,0.9569115,0.9403011,0.9593445,0.9555776,0.9707799,0.9477883,0.94940394,0.94119155,0.95887244,0.9531203,0.9792561,0.9471646,0.95863026,0.9491496,0.9559345,1.0,0.95038354,0.94468546,0.95393425,0.9563633,0.9518716,0.892776,0.95047194,0.9578463,0.9456224,0.95803046,0.9443583,0.9254596,0.9500232,0.9360941,0.9541207,0.91877085,0.9521537,0.9550066,0.9533413,0.94394296,0.956275,0.9548182,0.9336526,0.9434887,0.95447075,0.9614344,0.9555467,0.94495255,0.9561186,0.94772065,0.9384715,0.95492065,0.95905304,0.94217324,0.942809,0.9510718,0.9552754,0.9660589,0.95389676,0.96334845,0.94144934,0.9429997,0.95194113,0.9606534,0.94885427,0.95778793,0.93521696,0.95400757,0.9453754,0.9515589,0.96222883,0.8156291,0.9440675,0.9535014,0.9444744,0.94713205,0.9322244,0.94988763,0.94683367,0.94273,0.94971484,0.95527065,0.95216954,0.94706297,0.94432664,0.94153446,0.9618746,0.95521444,0.95851743,0.9594551,0.94231117,0.96222883,0.93984675,0.944816,0.9459717,0.9580023,0.9536482,0.9571074,0.9545115,0.943183,0.9503165,0.9529774,0.9357445,0.96062565,0.9480871,0.9392021,0.955415,0.95256,0.94458526,0.93752146,0.94612014,0.8860193,0.9534896,0.92873174,0.955339,0.95213157,0.9582726,0.94788843,0.9484476,0.95237815,0.952209,0.94466704,0.95243615,0.9453148,0.9592985,0.94230074,0.9432097,0.93107104,0.9485673,0.9316794,0.9569432,0.94936055,0.9658701,0.94124377,0.95994776,0.9501479,0.9401952,0.9467461,0.9560334,0.9593737,0.9707799,0.937046,0.9478731,0.95336,0.955428,0.9480068,0.94750476,0.95824933,0.9554398,0.95625895,0.9514423,0.949192,0.955582,0.9453004,0.94732136,0.94206405,0.9560014,0.95280063,0.95915675,0.9535764,0.9707799,0.9545707,0.948217,0.9566288,0.9381798
bernadettefilm,0.9584261,0.93636614,0.9571561,0.9513193,0.94176555,0.92974806,0.9502452,0.9545433,0.96974677,0.94067955,0.9385845,0.9362765,0.9580742,0.9448361,0.95754695,0.9516833,0.941493,0.933699,0.9477605,0.95038354,1.0000004,0.94329816,0.9558258,0.9505532,0.94292355,0.89162225,0.9535436,0.951453,0.94361037,0.95417327,0.94414,0.93511516,0.94449645,0.9353211,0.94571656,0.92434347,0.945914,0.9549526,0.95247066,0.9449953,0.9493746,0.9388365,0.93977237,0.93765974,0.9530019,0.95655304,0.9591324,0.9508559,0.955417,0.9370373,0.93761706,0.9562095,0.94932604,0.93883187,0.94146734,0.94372123,0.94860315,0.9570015,0.9413516,0.96219164,0.93277067,0.94114995,0.96020883,0.954843,0.94907814,0.94255257,0.9328,0.95534146,0.95157915,0.9433273,0.9663961,0.8045428,0.934988,0.95071465,0.92241484,0.93391174,0.91935956,0.9436271,0.94242823,0.9394481,0.9479441,0.9480747,0.9519495,0.93046945,0.94569427,0.9421736,0.94901156,0.95365536,0.94849527,0.9501997,0.94711375,0.9663961,0.94752115,0.9206679,0.9460304,0.95615995,0.9487305,0.9440406,0.9468093,0.9565452,0.94606483,0.9451065,0.93624675,0.96039826,0.95110995,0.93750566,0.95599693,0.9591139,0.943788,0.9331215,0.9610187,0.88638633,0.9552973,0.9176891,0.9668484,0.95395106,0.95689255,0.92552125,0.9520505,0.94962317,0.9501175,0.9430555,0.9448487,0.93616563,0.954865,0.9416794,0.9512481,0.93209773,0.9385741,0.9169924,0.9693214,0.9413722,0.9643273,0.9337565,0.95824265,0.95083284,0.9444406,0.94195527,0.9623427,0.9551425,0.96974677,0.952272,0.94900835,0.9489352,0.94048256,0.94545126,0.94023633,0.9458361,0.96334213,0.9549498,0.94677556,0.9472552,0.9497859,0.9353224,0.9458606,0.95623636,0.94604915,0.9583532,0.94916505,0.95749575,0.96974677,0.94622254,0.9406254,0.95406467,0.9392247
