movie,21bridgesmovie,47metersdown,abeautifuldaymovie,abominablemovie,adastramovie,adogsjourneymovie,aftermathmovie,aftermovie,ahiddenlifefilm,alitamovie,angelhasfallen,angrybirdsmovie,annabellemovie,annamovie,apollo11movie,arcticdogsmovie,arcticmovie,artofracingmovie,avengers,beachbummovie,bernadettefilm,blackandbluemovie,blackchristmas,blindedbythelightmovie,bombshellmovie,booksmart,breakthroughmovie,brianbanksmovie,brightburnmovie,brittanyrunsmov,captainmarvelofficial,captivestatemovie,catsmovie,charliesangels,childsplaymovie,clarathefilm,coldpursuitmovie,countdown,currentwarmovie,darkwatersmovie,detectivepikachumovie,disneyaladdin,disneyfrozen,disneymaleficent,doctorsleepmovie,dolemiteismyname,dontletgomovie,doramovie,downtonabbey_official,dumbo,escaperoom,everybodyknowsmovie,fastandfuriousmovie,fightingwmyfam,fivefeetapartfilm,fordvferrari,freaksthefilm,geminimanmovie,glassmovie,gloriabellmovie,godzillamovie,goldfinchmovie,goodboysmovie,goodliarmovie,gretafilm,halathemovie,happydeathdaymovie,harrietfilm,hellboymovie,hersmellmovie,highlifemovie,highstrungmovie,honeyboymovie,hotelmumbaifilm,httydragon,hustlemovie,hustlersmovie,isntitromantic,itmovieofficial,jayandsilentbob,johnwickmovie,jojorabbitmovie,jokermovie,judythefilm,jumanjimovie,justmercyfilm,knivesout,lalloronamovie,lastblackmansf,lastchristmasthemovie,latenightmovie,lighthousemovie,lionking,littlethemovie,littlewomenmovie,littlewoodsfilm,longshotmovie,lordsofchaosmovie,lucyintheskyfilm,mamovie2019,marriagestory,meettheaddams,meninblack,midsommarmovie,midwaymovie,missbalamovie,missinglinkfilm,motherlessbklyn,onceinhollywood,onthebasisofsex,overcomermovie,peanutbutterfalcon,petsematarymovie,piercingmovie,playingwithfire,playmobilthemovie,pomsmovie,queenandslim,rambomovie,readyornotfilm,richardjewellfilm,rocketmanmovie,scarystoriesmovie,secretlifeofpets,serenityfilm,shaftmovie,shazammovie,spidermanmovie,spiesindisguise,starwars,stormboymovie,stubermovie,taosdfilm,teenspiritmov,terminator,theaeronautsmov,thebestofenemies,thedeaddontdie,thefarewell,thehighwaymen,thehummingbirdprojectfilm,theintrudermovie,theirishmanfilm,thekitchenmovie,thelegomovie,themustangfilm,thenightingalefilm,theprodigymovie,thesunisalsoastar,theupsidefilm,tolkienmovie,toystory,triplefrontier,uglydolls,uncutgems,underthesilverlake,usmovie,wavesmovie,whatmenwant,wonderparkmovie,wrinklestheclown,xmenmovies,yardiefilm,yesterdaymovie,zombieland
21bridgesmovie,1.0000002,0.9494477,0.9561273,0.9525338,0.95642316,0.95331055,0.9574744,0.96818846,0.9771027,0.96663827,0.94173187,0.95810145,0.95648307,0.9662968,0.95912457,0.9620699,0.95467293,0.9581179,0.9763019,0.9482854,0.9608547,0.9583615,0.96168566,0.9560608,0.95868856,0.8820924,0.95816064,0.9515185,0.95868665,0.9606441,0.96049255,0.95704025,0.94014704,0.9520782,0.9402473,0.9162219,0.95219284,0.9727051,0.96622425,0.95092106,0.9554057,0.96389085,0.9555427,0.95325464,0.95392674,0.9542888,0.95976394,0.9564619,0.94892293,0.9615078,0.9612074,0.96211773,0.9527021,0.9427164,0.96396124,0.9585255,0.945589,0.9564152,0.9641881,0.9541644,0.95628446,0.95891976,0.96806455,0.9578004,0.9526795,0.94773775,0.9521101,0.95529026,0.9452647,0.9429977,0.9574225,0.78375536,0.9336285,0.95821965,0.9416855,0.9507095,0.9220402,0.9607208,0.9479457,0.9501664,0.94819957,0.955662,0.9608008,0.9569612,0.95812124,0.95478827,0.95634174,0.95355177,0.9592954,0.9509641,0.9581347,0.9574225,0.9670808,0.960383,0.94787186,0.95464927,0.9593999,0.9611572,0.94735324,0.95541984,0.9407774,0.9576017,0.9496108,0.95530385,0.9602971,0.96232027,0.9618454,0.94861215,0.9417405,0.9549348,0.9690245,0.8645281,0.9498653,0.91005,0.96446145,0.97350717,0.9908237,0.950904,0.95545584,0.955262,0.9624729,0.95440227,0.9610365,0.94625556,0.9635508,0.9604118,0.9487787,0.9611985,0.9568021,0.9357408,0.96309143,0.9462372,0.951904,0.94256103,0.95889217,0.96589255,0.97377,0.9540234,0.9647962,0.94745946,0.9771027,0.95549506,0.9461435,0.95439017,0.9558023,0.9622522,0.94647896,0.940891,0.9506589,0.9714527,0.9635643,0.95492846,0.94311386,0.96412265,0.94567335,0.9592402,0.95840204,0.95608485,0.9623244,0.95314765,0.9771027,0.9478505,0.9593831,0.9632634,0.9568432
47metersdown,0.9494477,0.99999964,0.9550244,0.9560432,0.9603211,0.95025414,0.9610193,0.957804,0.97596,0.9646422,0.9378665,0.9293235,0.9516126,0.9599866,0.9498788,0.9679982,0.95210767,0.960238,0.95878243,0.93472433,0.95677114,0.9597137,0.95648086,0.9577646,0.95115435,0.8907392,0.9525125,0.946367,0.96000916,0.9543298,0.9550648,0.9451459,0.94787323,0.9450949,0.95295167,0.933704,0.95740974,0.9453665,0.96098906,0.95051366,0.941446,0.9662233,0.9467686,0.95539844,0.955092,0.94989234,0.9536048,0.9482835,0.947873,0.96078384,0.9638311,0.9542966,0.9542173,0.9478621,0.9384332,0.95835966,0.94185865,0.96136713,0.94571006,0.9584823,0.955759,0.95239323,0.95954865,0.9543426,0.95061433,0.95253336,0.9491454,0.95370626,0.94714594,0.9517811,0.9606893,0.7654475,0.9465623,0.9580032,0.9465341,0.9537312,0.91955894,0.9602437,0.9456734,0.95023805,0.9458651,0.95674926,0.956438,0.9660045,0.95092684,0.9571676,0.94224346,0.9461385,0.95145226,0.9570996,0.95578414,0.9606893,0.95966256,0.9508187,0.94947237,0.9419395,0.96432686,0.9563135,0.9538832,0.9442891,0.9489269,0.95935214,0.95805764,0.94964504,0.9669489,0.9651734,0.9560067,0.9580843,0.95764196,0.94325817,0.9533746,0.85308903,0.9496889,0.9238772,0.94902533,0.9597431,0.95453054,0.9416801,0.9508431,0.9572875,0.9479669,0.9521368,0.95549095,0.948947,0.96521676,0.956558,0.95373726,0.9539563,0.958469,0.94240564,0.94734126,0.954465,0.9532097,0.94716924,0.95824516,0.9579668,0.9416884,0.9573544,0.9558926,0.94426054,0.97596,0.9499022,0.94532365,0.9549314,0.9453542,0.9572847,0.9528872,0.9434177,0.954214,0.9407415,0.96107054,0.95840347,0.9468244,0.93771887,0.9436232,0.95551544,0.9561265,0.94951946,0.9502825,0.96162117,0.97596,0.95129883,0.96315557,0.95513904,0.96173334
abeautifuldaymovie,0.9561273,0.9550244,1.0,0.95092374,0.9581119,0.9511444,0.960619,0.96525013,0.9778512,0.9564711,0.94884956,0.9491027,0.95898294,0.96582824,0.94825935,0.9597713,0.9582917,0.95850074,0.9559354,0.93822634,0.9521463,0.9722347,0.9655868,0.96106094,0.94824463,0.87533414,0.9573194,0.95868945,0.9776378,0.9616502,0.9518714,0.9531293,0.9552271,0.9532891,0.94874406,0.92226917,0.9619449,0.9522086,0.96834254,0.94581467,0.95539,0.9615954,0.9619605,0.9582811,0.96629584,0.94497323,0.96266437,0.96304786,0.95144594,0.96352327,0.97610056,0.95777345,0.95104796,0.95556825,0.9567249,0.95150375,0.9417637,0.9589993,0.9559688,0.96094096,0.9575928,0.9533722,0.9599323,0.96559554,0.9515279,0.9510335,0.9565481,0.95111585,0.9568969,0.9483749,0.9603296,0.7707749,0.93606955,0.9665842,0.94671226,0.94509363,0.9204928,0.95642596,0.94303894,0.9415629,0.9609939,0.96260655,0.96906,0.9572279,0.95941395,0.9570873,0.95527947,0.9591063,0.9543987,0.96496147,0.9622603,0.9603296,0.9576889,0.96563655,0.9598092,0.95113474,0.9599509,0.9557266,0.9553758,0.961997,0.94602704,0.9490832,0.9697152,0.9615258,0.9600084,0.97768784,0.9697533,0.9522121,0.9573519,0.95248,0.96579766,0.85802066,0.95477396,0.91483116,0.95455766,0.9620096,0.9648245,0.9486197,0.962866,0.952922,0.95890635,0.9561036,0.9659386,0.9424217,0.9581185,0.96747994,0.95695287,0.9580241,0.9537168,0.9436495,0.95500785,0.9437409,0.95435625,0.95244366,0.95970774,0.9691299,0.95508397,0.95630676,0.96119654,0.94938433,0.9778512,0.9739782,0.9414259,0.9518065,0.95452267,0.9617706,0.94571203,0.9496641,0.9570464,0.95052326,0.9600168,0.97526604,0.95332927,0.9364402,0.9519781,0.96463984,0.9620327,0.9603524,0.9589197,0.953044,0.9778512,0.9538094,0.9693856,0.9664173,0.9663338
abominablemovie,0.9525338,0.9560432,0.95092374,1.0000001,0.9652591,0.9518581,0.96229976,0.96394885,0.97864145,0.9565121,0.9538834,0.94704735,0.97160846,0.96532744,0.9622044,0.9682707,0.960041,0.96602523,0.95451874,0.941452,0.9650717,0.96480095,0.9714857,0.95882463,0.94735813,0.92430407,0.9476692,0.9538772,0.95968527,0.9656432,0.9574771,0.95680887,0.95690084,0.9561136,0.9396015,0.9348265,0.96116865,0.9650539,0.96386933,0.95678747,0.9540597,0.96229476,0.94692266,0.9531713,0.96200424,0.9528884,0.9643044,0.95069873,0.94972014,0.9576177,0.9676793,0.958477,0.9533104,0.9528505,0.9570428,0.96388537,0.9426171,0.9642469,0.96170264,0.96284395,0.95750105,0.96508837,0.9654567,0.96609,0.95548034,0.95342356,0.949098,0.9605105,0.9521484,0.9528769,0.96514565,0.7573855,0.94857246,0.9617057,0.9567849,0.95371366,0.93477315,0.96197015,0.9501296,0.9543644,0.95635366,0.96818435,0.9640204,0.96255857,0.96988326,0.94265234,0.9583268,0.9627776,0.95901513,0.9595878,0.96140075,0.96514565,0.9659566,0.95696265,0.9574021,0.97558653,0.96516055,0.9579804,0.9563504,0.9585628,0.9488655,0.9524104,0.9514064,0.9595125,0.9641713,0.9652284,0.9588087,0.9688044,0.95733345,0.957797,0.9582642,0.8806408,0.95923656,0.9315698,0.94970727,0.9603747,0.96283525,0.94531524,0.96044207,0.9613746,0.96476084,0.9574873,0.9646489,0.9589518,0.963513,0.9633183,0.9554855,0.9602344,0.9672244,0.94432807,0.958295,0.954622,0.95564204,0.9607005,0.9617449,0.96414196,0.95660686,0.9590036,0.96281093,0.95494586,0.97864145,0.957736,0.96242017,0.9657794,0.9614321,0.96209216,0.9523065,0.95232964,0.9588849,0.9488265,0.96376723,0.9593207,0.961292,0.93710744,0.9586673,0.9602956,0.9687694,0.9596667,0.9550628,0.95745885,0.97864145,0.9594176,0.9678316,0.9706819,0.9639546
adastramovie,0.95642316,0.9603211,0.9581119,0.9652591,1.0000001,0.9491738,0.9628722,0.9569926,0.9766708,0.96204776,0.94608086,0.9469079,0.95994925,0.9690837,0.95763934,0.96500766,0.95885265,0.98156565,0.95259225,0.94302964,0.9640136,0.953818,0.9643791,0.9595765,0.9498117,0.89859176,0.9590218,0.9484353,0.95666254,0.96203285,0.9537772,0.950737,0.9481369,0.9436643,0.93779945,0.9213763,0.9558989,0.9690823,0.9658203,0.9445602,0.9485355,0.9670317,0.94649315,0.9571311,0.9618094,0.94948024,0.95798975,0.9466623,0.9419818,0.9620974,0.9580451,0.9565966,0.9488215,0.9487415,0.9565602,0.9742643,0.9427797,0.96307975,0.96120894,0.9604667,0.9598449,0.95303404,0.9698562,0.9553894,0.9502009,0.9498982,0.9513659,0.95110893,0.9507782,0.9533251,0.967654,0.75838155,0.9430685,0.95518804,0.94339275,0.94540936,0.9213022,0.96043444,0.94430935,0.954822,0.95161957,0.9672439,0.9554675,0.95859337,0.96522444,0.9463825,0.9544932,0.9526826,0.95899445,0.9581592,0.95953363,0.967654,0.96480554,0.954788,0.94513434,0.9562627,0.9590216,0.96364313,0.9487783,0.9476322,0.94610244,0.94868886,0.9472102,0.95995957,0.9643895,0.959494,0.958137,0.9624862,0.94386804,0.9498896,0.9607665,0.86630124,0.95887107,0.914625,0.9515984,0.9562397,0.96370137,0.94157094,0.9635307,0.966561,0.95736116,0.95282394,0.9653657,0.9504028,0.9565315,0.9609244,0.94994843,0.9505562,0.97727054,0.9406057,0.9567456,0.964525,0.96276563,0.9471905,0.95800555,0.9652048,0.9518826,0.95247304,0.9646729,0.9552519,0.9766708,0.95161843,0.95624965,0.95730054,0.9555005,0.9538874,0.93393064,0.94266844,0.9624085,0.9533166,0.9647133,0.9613596,0.9518883,0.9428329,0.9513509,0.95645577,0.95864135,0.9590023,0.9544311,0.95437616,0.9766708,0.9531875,0.96698445,0.9626245,0.9565406
adogsjourneymovie,0.95331055,0.95025414,0.9511444,0.9518581,0.9491738,1.0000004,0.953496,0.9570326,0.9717606,0.95165867,0.94304985,0.95623285,0.9526083,0.9565782,0.9569441,0.95882845,0.9540363,0.95720106,0.9592286,0.95046234,0.94158065,0.96107227,0.96439165,0.96155775,0.9457451,0.892187,0.9498016,0.95088303,0.96166116,0.96082276,0.9546412,0.9444353,0.95897067,0.94524837,0.9378753,0.93533057,0.9359699,0.9462263,0.9581932,0.9516361,0.95401853,0.9545549,0.95358956,0.9544014,0.9531328,0.95805615,0.9585918,0.9513581,0.93861556,0.95491517,0.95979834,0.95157367,0.95447797,0.9552851,0.9460952,0.95870936,0.943931,0.94878775,0.9486376,0.9520751,0.9524317,0.9530674,0.95127875,0.9536949,0.9470153,0.9487257,0.9401866,0.9451392,0.9470011,0.95171535,0.95805514,0.7741522,0.9403994,0.96202856,0.94551283,0.9488064,0.9172879,0.9476779,0.9397914,0.95502055,0.9420072,0.95112187,0.9509727,0.96518075,0.94848704,0.9560206,0.94385946,0.9584572,0.95388305,0.95375794,0.9547701,0.95805514,0.9519591,0.96059066,0.94095165,0.95170796,0.9482751,0.9517461,0.9491197,0.9485717,0.9413496,0.95607305,0.9554003,0.96352214,0.9489388,0.9630551,0.9561415,0.95561135,0.9459832,0.9464383,0.95078546,0.87406343,0.95154554,0.92501634,0.95015967,0.95767087,0.9526429,0.93789417,0.9485573,0.9474305,0.95843416,0.9515826,0.96303374,0.96860015,0.9566704,0.96085227,0.9546714,0.9526263,0.95263934,0.93225735,0.94296116,0.94223833,0.9537501,0.94709,0.95633984,0.9615017,0.9382158,0.9444715,0.96047115,0.9489849,0.9717606,0.9515357,0.95138854,0.95551705,0.9597163,0.9527175,0.9514591,0.9407798,0.9536085,0.9409524,0.9524633,0.9490171,0.9548389,0.94121295,0.9488054,0.96030223,0.95823056,0.94709665,0.9610426,0.9599627,0.9717606,0.9392232,0.961272,0.96115714,0.9529763
aftermathmovie,0.9574744,0.9610193,0.960619,0.96229976,0.9628722,0.953496,1.0000001,0.96537054,0.98189706,0.9706758,0.9455402,0.9531151,0.9647911,0.9649307,0.96053994,0.9695703,0.967538,0.9583474,0.957906,0.94551766,0.960699,0.9556872,0.9679486,0.9608656,0.94602466,0.8993617,0.9472895,0.95856166,0.9644263,0.957899,0.95498437,0.95555484,0.94698286,0.96570486,0.96202385,0.9315758,0.96639043,0.9555305,0.9680702,0.95997024,0.9611732,0.9671671,0.95525414,0.9557279,0.9657622,0.947268,0.96600145,0.96587867,0.9564073,0.96238637,0.9650551,0.9582734,0.9622036,0.9587931,0.95467526,0.9587969,0.94354403,0.9700477,0.9609246,0.9663516,0.9643527,0.9588588,0.96779877,0.9617762,0.9557241,0.9634011,0.95695746,0.96024394,0.95631856,0.9545483,0.96476585,0.75809014,0.93513966,0.9598366,0.94588053,0.95841646,0.92976713,0.9623937,0.9467413,0.953083,0.9512493,0.9779583,0.9665623,0.96692246,0.96346194,0.9528998,0.96233946,0.9579794,0.95657766,0.95387137,0.9633214,0.96476585,0.9616435,0.95945156,0.9579904,0.9605779,0.9718325,0.9605186,0.97488785,0.9562059,0.95031285,0.9551996,0.9482794,0.9602677,0.9600891,0.9676719,0.9637087,0.9610884,0.9461556,0.9539445,0.95625085,0.8728661,0.96358913,0.93499005,0.9522632,0.95702744,0.9629095,0.95854986,0.9632835,0.98430276,0.96584725,0.95711935,0.96827537,0.9548457,0.96537167,0.9648255,0.95312583,0.9582246,0.9613929,0.9466056,0.95789826,0.9529523,0.96330047,0.9574768,0.97239655,0.96009016,0.9532902,0.9624945,0.96918964,0.94487697,0.98189706,0.9560319,0.9571073,0.96017057,0.96329814,0.96363515,0.9554019,0.95868456,0.9650977,0.9554427,0.98241615,0.96103925,0.95217645,0.9466374,0.9577184,0.9590331,0.95793986,0.9544816,0.9597228,0.9576742,0.98189706,0.9507957,0.9678564,0.96398175,0.9583144
aftermovie,0.96818846,0.957804,0.96525013,0.96394885,0.9569926,0.9570326,0.96537054,0.9999999,0.984519,0.97039664,0.9610188,0.95620894,0.9686124,0.97024614,0.9654818,0.96955425,0.9643946,0.96739477,0.96917963,0.9549623,0.96487814,0.9695858,0.9706768,0.96392834,0.960214,0.89726263,0.96507233,0.96778995,0.969715,0.96814966,0.96296376,0.95634997,0.95742506,0.963899,0.9564101,0.9296692,0.9691554,0.96396995,0.9623464,0.958223,0.96316475,0.96676373,0.9656332,0.95798033,0.9659678,0.95818317,0.9702537,0.9709926,0.94241995,0.9658619,0.9759729,0.96157753,0.9639977,0.9569624,0.969552,0.9677359,0.9548979,0.9615609,0.9645362,0.9651572,0.96107805,0.9636477,0.96604353,0.9699563,0.9548923,0.96719307,0.9615525,0.96094656,0.96129376,0.95217794,0.9651236,0.7784641,0.94145983,0.972701,0.9544904,0.96068364,0.917385,0.9557504,0.9436718,0.95903397,0.9580035,0.95930105,0.97222906,0.9708612,0.97004366,0.9588138,0.9611048,0.9698401,0.96508497,0.96829855,0.96384317,0.9651236,0.9701526,0.97088706,0.9680448,0.964806,0.96835715,0.9654027,0.95850766,0.9680048,0.9555852,0.9536283,0.9620157,0.96153986,0.9655481,0.97715145,0.97810364,0.9563781,0.95057315,0.9552718,0.9736238,0.8735415,0.95932734,0.92635024,0.96023655,0.9729382,0.97388756,0.96215826,0.9668873,0.9606961,0.9620345,0.96664894,0.96801865,0.9733045,0.96860456,0.9682342,0.96376276,0.9677845,0.9577458,0.9519058,0.9603203,0.9499924,0.9640007,0.95520633,0.9672566,0.9670517,0.9628278,0.95790404,0.9705251,0.95806545,0.984519,0.9665044,0.9586856,0.9542206,0.9669502,0.96194285,0.95795316,0.9556113,0.95942223,0.9582554,0.96765953,0.96659577,0.96189296,0.9516837,0.9645495,0.9669776,0.9635404,0.9576882,0.9776818,0.96762073,0.984519,0.9643672,0.9721416,0.96869206,0.970189
ahiddenlifefilm,0.9771027,0.97596,0.9778512,0.97864145,0.9766708,0.9717606,0.98189706,0.984519,0.99999964,0.9802326,0.96883833,0.9685351,0.9776604,0.98293567,0.9783069,0.9840143,0.98050916,0.97886586,0.97748613,0.96404314,0.9775307,0.9819737,0.9827534,0.97916,0.9732008,0.9166595,0.97134405,0.97633994,0.9827214,0.97789085,0.9742083,0.97465414,0.9713249,0.9715331,0.96962816,0.94956106,0.97921294,0.9736707,0.9841459,0.97477686,0.9751367,0.98239976,0.97632223,0.97653633,0.9814194,0.9745675,0.98009294,0.9778152,0.9689469,0.9810533,0.98329127,0.98098725,0.97242224,0.97482854,0.9745356,0.9782605,0.96539223,0.9813007,0.9767629,0.9809772,0.97486645,0.97826874,0.9816591,0.9802058,0.9756513,0.97619605,0.974134,0.9769684,0.97393864,0.9714433,0.98171514,0.792996,0.9600241,0.9810312,0.967839,0.97210985,0.9419002,0.97734016,0.9662839,0.97212696,0.97264045,0.9780522,0.9817889,0.9834546,0.97854537,0.97364146,0.97474325,0.9762879,0.9777622,0.97874117,0.97986895,0.98171514,0.9809662,0.97982514,0.97106373,0.9764476,0.9813381,0.9784877,0.9751574,0.9733845,0.970482,0.9737217,0.97293365,0.9779374,0.9785836,0.9851038,0.9825166,0.97710276,0.97242165,0.9729975,0.98125887,0.88133985,0.97822595,0.94181937,0.9755645,0.9808561,0.98204374,0.97083324,0.9804594,0.97652674,0.9765199,0.97927773,0.98433954,0.97313803,0.983426,0.98382545,0.97291195,0.97158486,0.97654366,0.96197444,0.9764124,0.96454793,0.9796007,0.97360116,0.98336524,0.97967124,0.97410166,0.97762614,0.98359823,0.9733922,0.99999964,0.977798,0.97382647,0.9750499,0.9784483,0.98117304,0.97234076,0.9706575,0.97831845,0.9712861,0.9790621,0.97917676,0.9742331,0.9620884,0.9728307,0.980552,0.9793796,0.9759837,0.98089767,0.98011893,0.99999964,0.96991783,0.985776,0.98092437,0.9800684
alitamovie,0.96663827,0.9646422,0.9564711,0.9565121,0.96204776,0.95165867,0.9706758,0.97039664,0.9802326,0.99999976,0.95373034,0.9496795,0.9635691,0.96947503,0.96196663,0.9642378,0.9538219,0.9595082,0.9596431,0.94727147,0.959292,0.9668203,0.9639962,0.95882004,0.9518399,0.88820636,0.96017194,0.9487836,0.9592158,0.95892924,0.9494429,0.94998014,0.9528428,0.9507905,0.95492864,0.9327153,0.96103376,0.95663065,0.9669493,0.9461071,0.9633309,0.9655636,0.95624316,0.95630115,0.9595179,0.9591109,0.96501327,0.96164876,0.9469596,0.96439433,0.9605057,0.95608,0.96481663,0.95578694,0.96383435,0.9619142,0.95366204,0.96280915,0.9561027,0.96456116,0.96533334,0.9534594,0.969119,0.95742357,0.95396775,0.95425576,0.95441395,0.96081126,0.96068156,0.9453879,0.96296394,0.7747047,0.93336666,0.96248996,0.9512945,0.9572315,0.9243055,0.95885265,0.93831897,0.9499871,0.9506936,0.9655581,0.9650003,0.9653674,0.9603368,0.9554387,0.9574875,0.9588983,0.9629986,0.9587771,0.9621105,0.96296394,0.96516293,0.9578834,0.9539916,0.95455647,0.970247,0.96346444,0.95645523,0.9592428,0.9498041,0.9533171,0.95354044,0.955031,0.97188556,0.9635655,0.9625943,0.9527018,0.94359773,0.9532472,0.96266454,0.8750529,0.957716,0.9318025,0.9618584,0.969944,0.9656886,0.9582665,0.9624491,0.9637052,0.96138036,0.9589704,0.96539146,0.95731235,0.95934284,0.96701497,0.951464,0.95617896,0.96226335,0.9378495,0.959798,0.9612696,0.95412,0.94739443,0.9682205,0.9599458,0.9568885,0.9609484,0.9685399,0.947951,0.9802326,0.9537566,0.9503348,0.9542978,0.9635258,0.9607702,0.95548046,0.9540909,0.96215343,0.9535869,0.9666776,0.9567325,0.9522645,0.94620085,0.9536885,0.9624835,0.95664084,0.95553875,0.962514,0.9596348,0.9802326,0.95533353,0.9659977,0.96210283,0.9597962
angelhasfallen,0.94173187,0.9378665,0.94884956,0.9538834,0.94608086,0.94304985,0.9455402,0.9610188,0.96883833,0.95373034,1.0000001,0.94759715,0.9443368,0.9505757,0.954413,0.9541687,0.9502892,0.94860435,0.94358796,0.94668126,0.944709,0.9534309,0.9568881,0.946374,0.9423241,0.88904697,0.93828225,0.9508836,0.9509886,0.95269436,0.9483547,0.9411811,0.9424391,0.95105475,0.9438002,0.91781527,0.9608221,0.94229144,0.95692027,0.94772077,0.9440861,0.93730724,0.94418895,0.9411277,0.94974774,0.95013326,0.9549516,0.9453834,0.9305334,0.94350445,0.9535203,0.94566613,0.94566983,0.94958085,0.9544424,0.9510063,0.9469114,0.94174844,0.9615132,0.9489828,0.9461481,0.95040584,0.9469101,0.94857514,0.9463817,0.95725876,0.94143283,0.9478729,0.9595722,0.94102144,0.95583963,0.74874425,0.9267838,0.959878,0.94458187,0.9429883,0.92078507,0.9366571,0.9427377,0.94379383,0.9581326,0.94624466,0.9540315,0.95546496,0.9494474,0.9461975,0.96177447,0.95067626,0.9547123,0.9575907,0.94714415,0.95583963,0.9486768,0.95736295,0.961944,0.9640257,0.95263106,0.95503503,0.9488378,0.9456319,0.95494735,0.94194156,0.93580025,0.95227534,0.94364023,0.95233214,0.94890434,0.94477075,0.94480145,0.9435822,0.95439464,0.8760562,0.94222414,0.91672915,0.94072145,0.9614575,0.9534729,0.9440778,0.9501563,0.9483089,0.94356656,0.9408653,0.96040714,0.950841,0.95175916,0.9637534,0.93593085,0.9429052,0.9417818,0.9446053,0.9421228,0.9281664,0.9479324,0.93907773,0.95276254,0.94641215,0.9499756,0.9486602,0.95583296,0.950163,0.96883833,0.94112724,0.95496035,0.9428487,0.9457613,0.9505066,0.9529875,0.94884425,0.9489199,0.943492,0.9524582,0.9529736,0.94818664,0.93774813,0.9554886,0.96005887,0.9504684,0.9537491,0.95221674,0.9459593,0.96883833,0.95545405,0.95481443,0.9610291,0.9502215
angrybirdsmovie,0.95810145,0.9293235,0.9491027,0.94704735,0.9469079,0.95623285,0.9531151,0.95620894,0.9685351,0.9496795,0.94759715,0.9999999,0.945658,0.9577151,0.9510791,0.957423,0.9502579,0.94686544,0.950396,0.9416022,0.9528121,0.9471678,0.9598363,0.94721156,0.9390404,0.8970595,0.9434262,0.9449378,0.95528346,0.95860416,0.9529901,0.95073044,0.9361492,0.95558566,0.9340791,0.914324,0.9473429,0.9538992,0.9547861,0.9420622,0.9463358,0.94791883,0.9556698,0.9502488,0.9504381,0.94944876,0.9560625,0.9621557,0.93647575,0.95141166,0.96216834,0.9476429,0.9348834,0.94819367,0.9548622,0.9496022,0.9389681,0.94270855,0.95789504,0.94358975,0.94329256,0.95195156,0.9576481,0.9417453,0.93664366,0.9457475,0.942304,0.9413285,0.9448725,0.93807495,0.9538708,0.76411015,0.92242944,0.9566794,0.937114,0.9501675,0.917698,0.9418695,0.9324761,0.95302165,0.94801587,0.95432585,0.9440345,0.95728266,0.95843774,0.94537497,0.9494988,0.9491206,0.95320296,0.94222414,0.943693,0.9538708,0.9549113,0.9627135,0.9556799,0.9573561,0.9457812,0.9459315,0.9494721,0.94715035,0.9425069,0.9317357,0.9372773,0.96165186,0.9429938,0.9650382,0.96108174,0.9413341,0.9378929,0.9533979,0.95155436,0.8752265,0.94161874,0.90860176,0.9515398,0.9539356,0.95858455,0.9422463,0.95068884,0.94678617,0.94490796,0.9476515,0.96056587,0.9471851,0.95371544,0.95559555,0.9373512,0.9511891,0.947099,0.95299476,0.95183194,0.9345258,0.9471719,0.9430856,0.94630694,0.95053655,0.95439136,0.9412878,0.96073765,0.9519956,0.9685351,0.9456496,0.9519277,0.9435832,0.9595375,0.9480458,0.9438426,0.9413875,0.9389194,0.9635269,0.94713795,0.94932115,0.94687974,0.9430364,0.9533473,0.9533988,0.949532,0.9600708,0.9503987,0.9436574,0.9685351,0.93676203,0.9539598,0.9613199,0.95678365
annabellemovie,0.95648307,0.9516126,0.95898294,0.97160846,0.95994925,0.9526083,0.9647911,0.9686124,0.9776604,0.9635691,0.9443368,0.945658,1.0000001,0.960026,0.9613635,0.9631911,0.9599038,0.96275336,0.9532026,0.9484344,0.9567843,0.96680033,0.96642107,0.9626206,0.9532353,0.8933269,0.95631945,0.9605688,0.96482104,0.961754,0.95017034,0.9560479,0.95288897,0.9591673,0.9464998,0.9307221,0.9580333,0.9684947,0.952299,0.9552001,0.9695184,0.96448565,0.9536044,0.96270746,0.95966077,0.95166177,0.9609268,0.95356625,0.9444045,0.9648675,0.96717453,0.9599478,0.9622216,0.9543673,0.9644048,0.9613933,0.95639956,0.9649829,0.9492551,0.9547535,0.9676778,0.9597965,0.96004695,0.9714042,0.9576118,0.95118076,0.9534236,0.9620304,0.9591343,0.95719886,0.9538815,0.775153,0.9352012,0.96615696,0.943657,0.9508375,0.9263641,0.96008176,0.9426125,0.94531065,0.9485952,0.96326643,0.97019446,0.95736206,0.96890503,0.9426671,0.95759,0.9812802,0.9553057,0.95459294,0.9637468,0.9538815,0.9715074,0.956134,0.95695305,0.95901644,0.9647977,0.95035475,0.9552587,0.95732516,0.9408285,0.9472016,0.95327663,0.95470184,0.95851594,0.9678977,0.96745074,0.9612913,0.9477839,0.95983756,0.9622014,0.86908543,0.9650004,0.92203283,0.95927376,0.9649912,0.9660069,0.9430628,0.96034175,0.95444113,0.9693914,0.9679404,0.9680902,0.95763457,0.95821744,0.95777124,0.9720162,0.9556246,0.96250975,0.9385382,0.9523962,0.95188284,0.95700955,0.95932454,0.9694861,0.9610848,0.95455474,0.95889926,0.9587755,0.94814163,0.9776604,0.95547724,0.94635653,0.96141887,0.9713931,0.962038,0.94724876,0.94834524,0.9581847,0.94946724,0.96330696,0.9567037,0.95695555,0.9445512,0.94864297,0.95526403,0.9629079,0.9489115,0.96243423,0.9601002,0.9776604,0.95534265,0.9671612,0.95439017,0.9560911
annamovie,0.9662968,0.9599866,0.96582824,0.96532744,0.9690837,0.9565782,0.9649307,0.97024614,0.98293567,0.96947503,0.9505757,0.9577151,0.960026,0.99999964,0.95685333,0.96753836,0.9577237,0.969515,0.96011937,0.9400519,0.9664818,0.9656628,0.96806896,0.96136034,0.9541908,0.9069603,0.9649645,0.95148,0.9671125,0.9656593,0.96197236,0.95920277,0.95285755,0.94818306,0.9470827,0.9394663,0.9619441,0.96685356,0.97493255,0.95219487,0.95776516,0.965599,0.95843893,0.9553,0.96511006,0.95600414,0.96676356,0.9648171,0.9548731,0.96260756,0.96588135,0.9616827,0.96172166,0.9563015,0.9631942,0.97221875,0.9494817,0.9646954,0.96719444,0.9659259,0.96304667,0.9537151,0.97088766,0.9701876,0.9499704,0.96102196,0.96025854,0.9585571,0.95202136,0.95733017,0.9694447,0.78619725,0.942384,0.9629257,0.9509664,0.9560623,0.9263121,0.9604069,0.94242936,0.9591975,0.9584563,0.9653472,0.964101,0.9668831,0.9642707,0.96271837,0.9537757,0.96142036,0.9667759,0.9668888,0.96362466,0.9694447,0.963862,0.9670752,0.95029014,0.95937586,0.96927553,0.9597941,0.9571115,0.9626412,0.9500315,0.9472856,0.96009696,0.96925414,0.97236675,0.9684034,0.9686224,0.9613119,0.9521382,0.9546066,0.97316635,0.86866796,0.9670701,0.93241066,0.9650102,0.96434486,0.96894836,0.95542985,0.96311396,0.95967364,0.9597288,0.962714,0.9679476,0.9619605,0.9655347,0.97150433,0.9511089,0.9569915,0.9674047,0.94874823,0.95972997,0.95692366,0.95772594,0.9444989,0.96719193,0.9685817,0.95784205,0.954543,0.97121644,0.9618859,0.98293567,0.9608701,0.9542771,0.95753837,0.9619807,0.96199447,0.9516133,0.95016193,0.9653107,0.9629494,0.96244186,0.9633923,0.9606261,0.955365,0.95857805,0.9666582,0.9627199,0.9631445,0.96627694,0.9648757,0.98293567,0.9516324,0.9730835,0.96884453,0.96286625
apollo11movie,0.95912457,0.9498788,0.94825935,0.9622044,0.95763934,0.9569441,0.96053994,0.9654818,0.9783069,0.96196663,0.954413,0.9510791,0.9613635,0.95685333,1.0,0.9624307,0.9617157,0.9565455,0.95961607,0.97299385,0.9548038,0.9590494,0.96500033,0.9584667,0.95555216,0.9033882,0.9580465,0.95537376,0.9610348,0.9587447,0.9585141,0.95542145,0.95993,0.9556826,0.945839,0.93361926,0.9553293,0.9532801,0.9624028,0.95569986,0.9682247,0.9608759,0.9550144,0.9545644,0.95480466,0.9614151,0.9602504,0.96016437,0.9457167,0.96030384,0.9642314,0.95836055,0.9551549,0.95932335,0.9618654,0.9572767,0.9578226,0.95831984,0.9613766,0.9572501,0.9599916,0.9638854,0.9575784,0.96701163,0.96626496,0.9550243,0.9501391,0.9596002,0.9628036,0.9479678,0.9592991,0.77993166,0.9428976,0.9616134,0.94905317,0.9560411,0.92638993,0.9560093,0.9557981,0.95509547,0.95162934,0.95859,0.964014,0.9620482,0.9610416,0.9529446,0.96361506,0.9516258,0.95292777,0.95420486,0.9644929,0.9592991,0.9691159,0.9559522,0.95288706,0.9742045,0.9682218,0.95835227,0.94222623,0.9493458,0.95377666,0.9676314,0.953565,0.95650953,0.9528987,0.96505654,0.961864,0.96223474,0.95045596,0.9507825,0.9634162,0.87218374,0.9564613,0.9193651,0.9497643,0.9602624,0.96374756,0.94966495,0.96169263,0.9589565,0.9581158,0.9677011,0.9676856,0.96074,0.9633721,0.9635767,0.9557154,0.95906126,0.9563838,0.9345636,0.95418805,0.9538163,0.96821123,0.95499855,0.9591897,0.9583571,0.95702213,0.95589185,0.95997536,0.9530196,0.9783069,0.95388794,0.9648056,0.9624424,0.963469,0.9631353,0.9522176,0.9554799,0.9603423,0.9470067,0.9624251,0.95685154,0.95346886,0.9434456,0.95067066,0.95658475,0.9613302,0.957081,0.9633694,0.96249974,0.9783069,0.9565282,0.96215135,0.9613149,0.9571662
arcticdogsmovie,0.9620699,0.9679982,0.9597713,0.9682707,0.96500766,0.95882845,0.9695703,0.96955425,0.9840143,0.9642378,0.9541687,0.957423,0.9631911,0.96753836,0.9624307,1.0,0.9631932,0.9667235,0.9633849,0.9517937,0.9689733,0.96721673,0.96970624,0.9675751,0.95634854,0.91408014,0.9522169,0.9596959,0.97044265,0.9634712,0.96319187,0.96170944,0.95705295,0.95671934,0.965247,0.9353074,0.96192163,0.95698625,0.9667098,0.9589102,0.9570748,0.9639049,0.955784,0.95756376,0.97052085,0.95598805,0.96796185,0.9635737,0.9567077,0.9633207,0.96792346,0.9617143,0.9576542,0.9559957,0.9545642,0.96501344,0.9449184,0.9676885,0.96461487,0.95783925,0.9592652,0.97054684,0.9669376,0.9642,0.96009016,0.961539,0.9618414,0.9528595,0.9566696,0.9577522,0.9631511,0.7763034,0.952752,0.96193373,0.96185505,0.9593319,0.93790144,0.96227324,0.9546784,0.96415263,0.95596033,0.9704493,0.96730524,0.97278434,0.96388996,0.9555588,0.96390086,0.9618121,0.9588993,0.9623263,0.9744116,0.9631511,0.9680439,0.9689052,0.95716023,0.9595742,0.96445763,0.96113485,0.95966303,0.9594671,0.94859314,0.9555656,0.95602906,0.9588636,0.9619758,0.969877,0.96151376,0.9697268,0.9694295,0.95805955,0.96569514,0.87944144,0.9674989,0.93755645,0.9578006,0.96809036,0.9681464,0.95789504,0.95840675,0.96473354,0.9626477,0.9637227,0.97507876,0.96337473,0.96849865,0.96713984,0.9614157,0.9596344,0.9608936,0.9476137,0.9654345,0.95226645,0.9618709,0.9544028,0.9686239,0.9680852,0.9524472,0.9594451,0.9634496,0.9530416,0.9840143,0.9613111,0.9604308,0.96132374,0.9641822,0.963852,0.9574983,0.9625605,0.9610198,0.962423,0.9643915,0.9619064,0.9584673,0.9455255,0.96189404,0.9605482,0.9647458,0.96173674,0.9663645,0.96465844,0.9840143,0.9547348,0.97405493,0.9714608,0.9624351
arcticmovie,0.95467293,0.95210767,0.9582917,0.960041,0.95885265,0.9540363,0.967538,0.9643946,0.98050916,0.9538219,0.9502892,0.9502579,0.9599038,0.9577237,0.9617157,0.9631932,1.0000001,0.9629443,0.9550309,0.9477966,0.9510538,0.96351564,0.9649026,0.9567621,0.9561376,0.9007952,0.9450829,0.9788587,0.9679346,0.95986706,0.9510744,0.9598329,0.95306754,0.9593591,0.9538991,0.91696614,0.96323216,0.9585145,0.9661238,0.9593341,0.9521632,0.9721992,0.9667205,0.96355456,0.9571032,0.9513712,0.9601368,0.9579264,0.95420927,0.96722454,0.9700414,0.96881497,0.95199525,0.9559594,0.9567557,0.95761776,0.94089526,0.9717672,0.9606789,0.9583061,0.9583635,0.96755767,0.9626235,0.96084857,0.9615672,0.9568507,0.9510629,0.96213204,0.9533417,0.9604306,0.9568217,0.77531457,0.9395114,0.96643436,0.94831127,0.9485817,0.9180643,0.95796096,0.94881856,0.94880223,0.9563688,0.9605563,0.95981926,0.9632232,0.963549,0.95495534,0.9557988,0.9590537,0.95787704,0.9596574,0.95783097,0.9568217,0.9642291,0.9614132,0.95949745,0.95679295,0.96546245,0.96102977,0.96032345,0.9540064,0.9518918,0.9527262,0.9498375,0.95878726,0.95474666,0.96834856,0.9644045,0.9563823,0.9615735,0.9590799,0.95413554,0.8579466,0.9579654,0.92158526,0.95458734,0.95984703,0.9613617,0.95605475,0.9610486,0.9592604,0.95695317,0.9644274,0.9633214,0.9498095,0.9598456,0.9671544,0.9627375,0.9535291,0.9619245,0.9597244,0.9578043,0.93858117,0.9808744,0.9602018,0.9653238,0.9602587,0.9608923,0.9604543,0.9628437,0.95661634,0.98050916,0.9595777,0.96029043,0.95947117,0.95667636,0.96496314,0.95686173,0.9534534,0.95509785,0.9548358,0.95615697,0.9679344,0.9553921,0.94193506,0.9587575,0.9575158,0.9620946,0.9522354,0.9622255,0.9621671,0.98050916,0.9458199,0.96598566,0.95819145,0.964413
artofracingmovie,0.9581179,0.960238,0.95850074,0.96602523,0.98156565,0.95720106,0.9583474,0.96739477,0.97886586,0.9595082,0.94860435,0.94686544,0.96275336,0.969515,0.9565455,0.9667235,0.9629443,1.0000002,0.95584196,0.9445265,0.96056545,0.9637425,0.96806747,0.9592638,0.9569004,0.9006054,0.9628825,0.9599279,0.96380556,0.96641827,0.956907,0.95816886,0.9575536,0.94716877,0.9391677,0.92066854,0.9559904,0.9631717,0.96512,0.9495743,0.951447,0.96570235,0.9506264,0.95830864,0.9603811,0.9565321,0.96525127,0.9542488,0.9388186,0.96308565,0.96460855,0.9576643,0.9564372,0.95340717,0.95411634,0.9750583,0.9430676,0.9592429,0.9582893,0.95921355,0.9625155,0.9512229,0.96185935,0.96034455,0.9529495,0.95545584,0.9582965,0.9521451,0.94574577,0.9606863,0.9662682,0.77038187,0.94779253,0.9679048,0.9534106,0.94949347,0.92572117,0.9512102,0.9364107,0.95401406,0.95370924,0.96357745,0.96013284,0.9634754,0.9701625,0.9499229,0.9504512,0.9595441,0.9658884,0.9620418,0.9602002,0.9662682,0.967169,0.9628278,0.95268327,0.95932275,0.95846087,0.9665723,0.9498224,0.96016216,0.9449636,0.9503934,0.9604341,0.96454793,0.9611482,0.96571213,0.96171653,0.9598112,0.9499416,0.9542265,0.9589652,0.8734391,0.95661616,0.9171196,0.9539179,0.96068645,0.96600956,0.9462733,0.95711154,0.95740587,0.9559969,0.9552295,0.9627282,0.9603265,0.9576412,0.9612437,0.9543699,0.9528447,0.96756893,0.9473572,0.95572937,0.9618047,0.9610747,0.9486488,0.9625228,0.9675727,0.9575509,0.9490207,0.96715033,0.9662483,0.97886586,0.9604615,0.95532787,0.9510563,0.9563232,0.9497921,0.9416852,0.94061995,0.95731914,0.96064425,0.9609252,0.96335346,0.96049,0.9454077,0.954402,0.96063757,0.96207047,0.95674413,0.9662104,0.96261,0.97886586,0.95524037,0.9662488,0.9657679,0.96196795
avengers,0.9763019,0.95878243,0.9559354,0.95451874,0.95259225,0.9592286,0.957906,0.96917963,0.97748613,0.9596431,0.94358796,0.950396,0.9532026,0.96011937,0.95961607,0.9633849,0.9550309,0.95584196,0.99999994,0.9477554,0.9485984,0.96343124,0.9563607,0.95677197,0.9535803,0.8841207,0.95765764,0.95524967,0.9635659,0.9605675,0.975843,0.95774704,0.9442459,0.95437807,0.9473971,0.9317138,0.95873,0.9588345,0.96404773,0.9502154,0.9533807,0.9572254,0.9611021,0.9579637,0.9524738,0.95809275,0.9536317,0.9553046,0.9476581,0.96059257,0.9655316,0.9580994,0.9482745,0.95766157,0.95635617,0.9571336,0.94248605,0.95438725,0.96557575,0.95768476,0.9463818,0.9668046,0.958468,0.9656102,0.95467293,0.95021087,0.9516444,0.9515426,0.9415256,0.9438827,0.9596351,0.7852468,0.9426274,0.9632516,0.9461892,0.95889837,0.9244468,0.96698976,0.960476,0.9554485,0.9418525,0.9558949,0.9661521,0.9675721,0.95449966,0.95482147,0.9514808,0.94737333,0.957206,0.9536075,0.9561291,0.9596351,0.96022856,0.95917886,0.9556486,0.9540417,0.9554553,0.9568472,0.947124,0.9521497,0.95098007,0.9588331,0.95772415,0.95551944,0.956205,0.96667296,0.9669718,0.9551653,0.95105696,0.95566267,0.96570337,0.86824065,0.9493827,0.9060657,0.95522076,0.97007316,0.9668972,0.9493949,0.9532327,0.9590295,0.9606803,0.95907605,0.9601454,0.9498048,0.9667367,0.9618098,0.95214844,0.9661628,0.95143795,0.93840957,0.95317143,0.9467818,0.9575936,0.9518586,0.96099114,0.96154565,0.9520791,0.9548991,0.96347296,0.9514654,0.97748613,0.960956,0.9537779,0.9573991,0.9575669,0.959086,0.95209444,0.94598997,0.96076506,0.9528446,0.964742,0.9580782,0.9528775,0.9557008,0.9522886,0.9580835,0.9544544,0.9553594,0.9581663,0.96393883,0.97748613,0.9525462,0.9599521,0.9543177,0.95682126
beachbummovie,0.9482854,0.93472433,0.93822634,0.941452,0.94302964,0.95046234,0.94551766,0.9549623,0.96404314,0.94727147,0.94668126,0.9416022,0.9484344,0.9400519,0.97299385,0.9517937,0.9477966,0.9445265,0.9477554,1.0,0.93751854,0.95463884,0.9487862,0.9561155,0.93416744,0.8838001,0.9446869,0.9450046,0.9523446,0.95166165,0.9464224,0.94281006,0.9433583,0.9467575,0.93169713,0.9120659,0.9360951,0.94019145,0.9411176,0.94221175,0.9525958,0.9450033,0.9388113,0.9389322,0.94302535,0.9598526,0.9456054,0.94515413,0.9200615,0.9417715,0.9540009,0.94069886,0.9305006,0.94240767,0.94690293,0.9431848,0.9433328,0.94485086,0.9528259,0.9405305,0.94410616,0.9552497,0.940728,0.9490814,0.94986004,0.9459898,0.9414304,0.9414239,0.9496418,0.9499872,0.9462251,0.79601103,0.92703927,0.9497332,0.92796355,0.945073,0.89604485,0.94112045,0.95162374,0.9361607,0.93962437,0.9432856,0.9471845,0.94600505,0.9433044,0.9537353,0.95631254,0.94387656,0.94751245,0.94635487,0.9513434,0.9462251,0.95214397,0.942218,0.9443928,0.94803816,0.95232856,0.95294213,0.940122,0.9298718,0.9445438,0.95684177,0.9381294,0.94997585,0.9367698,0.9532481,0.9528013,0.9390597,0.931101,0.92785144,0.95015895,0.86466557,0.93873847,0.9059708,0.9432468,0.95274293,0.952892,0.9278612,0.947437,0.94415265,0.94636935,0.95657754,0.952009,0.9495911,0.9489041,0.9499728,0.9460706,0.9523415,0.9346378,0.9216876,0.94388103,0.9273682,0.9538601,0.93906236,0.94367313,0.9528902,0.9429108,0.9323075,0.95309526,0.95074135,0.96404314,0.9437393,0.94829196,0.94025195,0.94669354,0.946932,0.9411716,0.94027495,0.9416302,0.93115383,0.9462286,0.9390269,0.93770874,0.9254149,0.93485653,0.9504823,0.9468173,0.9369161,0.94933516,0.948025,0.96404314,0.9497779,0.94953746,0.9420918,0.9459945
bernadettefilm,0.9608547,0.95677114,0.9521463,0.9650717,0.9640136,0.94158065,0.960699,0.96487814,0.9775307,0.959292,0.944709,0.9528121,0.9567843,0.9664818,0.9548038,0.9689733,0.9510538,0.96056545,0.9485984,0.93751854,1.0000001,0.9542977,0.9603895,0.95656794,0.9512658,0.9276312,0.94664806,0.94788766,0.95934993,0.95594436,0.95272046,0.95756745,0.9446878,0.94664425,0.9498815,0.92966765,0.9556744,0.959788,0.95464927,0.9617197,0.95187247,0.96182084,0.9485188,0.9480202,0.96166974,0.94760954,0.96415937,0.9603062,0.94652265,0.9537594,0.9617403,0.9640315,0.9510513,0.9532329,0.9467257,0.95667726,0.9512481,0.9578461,0.96225655,0.96356875,0.951737,0.9543835,0.96803105,0.9565144,0.950714,0.9527508,0.9576534,0.96054405,0.95052737,0.94628537,0.9667713,0.7705559,0.94441134,0.95220727,0.95224714,0.9552327,0.93440115,0.9620858,0.9441875,0.95822227,0.9532539,0.9629088,0.9621603,0.964846,0.9642589,0.9531024,0.950078,0.9521555,0.958381,0.9525075,0.96212524,0.9667713,0.9632564,0.96428144,0.95138043,0.9587776,0.9562781,0.9597267,0.95872337,0.9507421,0.94703835,0.9450636,0.946877,0.9617913,0.962365,0.96499527,0.95601106,0.9604454,0.94590116,0.9530506,0.96180433,0.8791977,0.9588206,0.931116,0.96319854,0.95914674,0.9672595,0.9538852,0.9668085,0.94878083,0.9568081,0.95968544,0.9619189,0.95708174,0.9674772,0.9600937,0.945859,0.9553677,0.96158123,0.94107646,0.9792206,0.9446252,0.9551078,0.95124686,0.9558981,0.9575297,0.95583093,0.9616932,0.9645029,0.95035607,0.9775307,0.9565365,0.9543236,0.95611346,0.9615978,0.9610886,0.95181423,0.94996446,0.9492764,0.9571852,0.95725673,0.95356613,0.94546974,0.94120383,0.95626414,0.9596482,0.9589343,0.9603464,0.959304,0.95744085,0.9775307,0.94761425,0.9629738,0.96473587,0.9662137
