movie,21bridgesmovie,47metersdown,abeautifuldaymovie,abominablemovie,adastramovie,adogsjourneymovie,aftermathmovie,aftermovie,ahiddenlifefilm,alitamovie,angelhasfallen,angrybirdsmovie,annabellemovie,annamovie,apollo11movie,arcticdogsmovie,arcticmovie,artofracingmovie,avengers,beachbummovie,bernadettefilm,blackandbluemovie,blackchristmas,blindedbythelightmovie,bombshellmovie,booksmart,breakthroughmovie,brianbanksmovie,brightburnmovie,brittanyrunsmov,captainmarvelofficial,captivestatemovie,catsmovie,charliesangels,childsplaymovie,clarathefilm,coldpursuitmovie,countdown,currentwarmovie,darkwatersmovie,detectivepikachumovie,disneyaladdin,disneyfrozen,disneymaleficent,doctorsleepmovie,dolemiteismyname,dontletgomovie,doramovie,downtonabbey_official,dumbo,escaperoom,everybodyknowsmovie,fastandfuriousmovie,fightingwmyfam,fivefeetapartfilm,fordvferrari,freaksthefilm,geminimanmovie,glassmovie,gloriabellmovie,godzillamovie,goldfinchmovie,goodboysmovie,goodliarmovie,gretafilm,halathemovie,happydeathdaymovie,harrietfilm,hellboymovie,hersmellmovie,highlifemovie,highstrungmovie,honeyboymovie,hotelmumbaifilm,httydragon,hustlemovie,hustlersmovie,isntitromantic,itmovieofficial,jayandsilentbob,johnwickmovie,jojorabbitmovie,jokermovie,judythefilm,jumanjimovie,justmercyfilm,knivesout,lalloronamovie,lastblackmansf,lastchristmasthemovie,latenightmovie,lighthousemovie,lionking,littlethemovie,littlewomenmovie,littlewoodsfilm,longshotmovie,lordsofchaosmovie,lucyintheskyfilm,mamovie2019,marriagestory,meettheaddams,meninblack,midsommarmovie,midwaymovie,missbalamovie,missinglinkfilm,motherlessbklyn,onceinhollywood,onthebasisofsex,overcomermovie,peanutbutterfalcon,petsematarymovie,piercingmovie,playingwithfire,playmobilthemovie,pomsmovie,queenandslim,rambomovie,readyornotfilm,richardjewellfilm,rocketmanmovie,scarystoriesmovie,secretlifeofpets,serenityfilm,shaftmovie,shazammovie,spidermanmovie,spiesindisguise,starwars,stormboymovie,stubermovie,taosdfilm,teenspiritmov,terminator,theaeronautsmov,thebestofenemies,thedeaddontdie,thefarewell,thehighwaymen,thehummingbirdprojectfilm,theintrudermovie,theirishmanfilm,thekitchenmovie,thelegomovie,themustangfilm,thenightingalefilm,theprodigymovie,thesunisalsoastar,theupsidefilm,tolkienmovie,toystory,triplefrontier,uglydolls,uncutgems,underthesilverlake,usmovie,wavesmovie,whatmenwant,wonderparkmovie,wrinklestheclown,xmenmovies,yardiefilm,yesterdaymovie,zombieland
21bridgesmovie,1.0000004,0.9504463,0.958875,0.95452905,0.9470885,0.953012,0.96063995,0.95900464,0.9785209,0.9464015,0.9469037,0.9537748,0.961625,0.958211,0.9732333,0.9586758,0.957926,0.94932425,0.9739538,0.9531013,0.95576745,0.95934904,0.9629637,0.9514436,0.9464837,0.8723491,0.9394145,0.9529642,0.96270853,0.9436181,0.95230913,0.9571698,0.9476072,0.9537665,0.9526133,0.90729576,0.96106786,0.96459186,0.95539623,0.9372379,0.9590675,0.96654946,0.940337,0.95252925,0.9521368,0.9590256,0.95767957,0.9466985,0.9598669,0.96203303,0.95617765,0.9693544,0.96391517,0.9605611,0.95935607,0.9547522,0.95515317,0.96037805,0.9537124,0.9602265,0.9555601,0.9583487,0.9487448,0.9624434,0.9627919,0.94654006,0.94767976,0.95815355,0.9554524,0.9324386,0.9624867,0.7833565,0.9394269,0.9498242,0.94012994,0.94583535,0.9362068,0.9500323,0.9557693,0.948267,0.9441876,0.9596432,0.9645243,0.9541731,0.95595443,0.94274366,0.95331246,0.96133614,0.9557055,0.96056736,0.9558937,0.9624867,0.95497584,0.9555403,0.95579284,0.9629527,0.94413334,0.9486987,0.9457624,0.94899267,0.96176594,0.94806796,0.95281285,0.9410286,0.9475229,0.95432174,0.9604514,0.96365386,0.9509369,0.95255256,0.9604873,0.87511194,0.94993424,0.88997555,0.949676,0.9625892,0.9892169,0.9505575,0.9617924,0.95902216,0.96241313,0.9524085,0.96090245,0.95418966,0.95310885,0.9519549,0.95853,0.94746625,0.95766985,0.9393484,0.94943297,0.94506145,0.95464075,0.9421772,0.94901615,0.9451725,0.96409565,0.9544214,0.9613897,0.9477599,0.9785209,0.9512371,0.963418,0.95775336,0.9519443,0.95945656,0.9397329,0.9542969,0.9579631,0.96406186,0.9486033,0.94983774,0.95949847,0.9495755,0.951307,0.9574664,0.9537009,0.9595772,0.9592858,0.9419669,0.9785209,0.94138825,0.952648,0.96896213,0.950619
47metersdown,0.9504463,1.0000004,0.94932747,0.9451237,0.93814343,0.9312696,0.9443586,0.9490195,0.96717274,0.942285,0.94976825,0.9220183,0.9422044,0.9409777,0.95292115,0.9693914,0.9637825,0.95264286,0.9461028,0.9388592,0.9499286,0.9489724,0.94785684,0.9455933,0.9309591,0.87468773,0.9269449,0.95412546,0.9423885,0.9303556,0.9474876,0.9403116,0.9329679,0.9401472,0.94207376,0.9083521,0.95137674,0.94000435,0.9507863,0.93811095,0.94557154,0.9521393,0.92460907,0.9486198,0.9432235,0.9495555,0.94110197,0.942643,0.94742763,0.9512119,0.94223696,0.95488757,0.94509864,0.94498545,0.95493263,0.9475538,0.9487234,0.95441335,0.9423855,0.95667046,0.9441791,0.9406277,0.9471835,0.9503447,0.941914,0.93654376,0.93290097,0.94822836,0.9533921,0.937473,0.956667,0.7834101,0.9357543,0.94555146,0.9303271,0.9275474,0.92020243,0.9425313,0.9484645,0.93753517,0.94401234,0.9431887,0.954773,0.9416924,0.936149,0.9316849,0.93417597,0.9501987,0.94305634,0.9508062,0.9373772,0.956667,0.95136094,0.9511591,0.9407628,0.94434565,0.9496752,0.9411242,0.9422016,0.94111586,0.9465048,0.9352103,0.9387839,0.94607747,0.9528503,0.93839365,0.9546734,0.949531,0.9295578,0.9462202,0.95225173,0.8622599,0.9401151,0.88144904,0.9424632,0.95180976,0.95909286,0.9326705,0.9504094,0.9475597,0.9435857,0.94423157,0.95955276,0.93414515,0.9431253,0.93703073,0.9484912,0.9416353,0.9398098,0.9335529,0.94510186,0.93283373,0.9501979,0.94095844,0.94294983,0.9348263,0.9492274,0.93925583,0.9501857,0.9559815,0.96717274,0.93835795,0.94882095,0.95059717,0.94630605,0.95103467,0.94197315,0.94531196,0.95419425,0.9347877,0.93950754,0.9357331,0.945379,0.92773974,0.9473526,0.94014287,0.9328887,0.9440636,0.94865084,0.94037753,0.96717274,0.9462084,0.94712424,0.9562609,0.93959045
abeautifuldaymovie,0.958875,0.94932747,1.0000001,0.9572292,0.95902365,0.9559368,0.9499699,0.9573798,0.98091227,0.9474635,0.9554248,0.9585251,0.9611425,0.95837057,0.9675957,0.963385,0.9633722,0.95760083,0.9562936,0.9512417,0.9592474,0.961834,0.96577865,0.95244145,0.95526,0.88785946,0.9476293,0.96120715,0.9781141,0.9505581,0.95135045,0.9588434,0.95754874,0.9626378,0.9482498,0.91125584,0.96404564,0.9490514,0.96024084,0.95539445,0.9656513,0.9618244,0.9520719,0.9595962,0.96528673,0.95525765,0.9654935,0.9490464,0.95978695,0.96760404,0.975899,0.9667145,0.95957184,0.95392627,0.95981216,0.9532373,0.95681745,0.9611403,0.9526541,0.9737435,0.9549468,0.9632545,0.95620465,0.9618959,0.95448977,0.9468879,0.9412316,0.9641689,0.9591556,0.9474318,0.97519773,0.80363834,0.9425644,0.95962423,0.94782126,0.9401489,0.94178396,0.95437366,0.95386124,0.94909865,0.9558899,0.9544161,0.96473485,0.9527393,0.97288966,0.94564116,0.95112544,0.96124995,0.9501877,0.9630257,0.9556408,0.97519773,0.9512838,0.96236455,0.974231,0.9659913,0.95152175,0.9578519,0.94764006,0.95881957,0.9625168,0.95730776,0.97110265,0.96192807,0.9556478,0.97576356,0.95787466,0.9610065,0.9656575,0.95949,0.96798277,0.8919675,0.96173793,0.8915633,0.9567706,0.9543687,0.966268,0.9525833,0.96388507,0.9479664,0.96455246,0.95523375,0.9616134,0.9536657,0.95499957,0.9583507,0.9600857,0.9643048,0.95747644,0.95256495,0.95663667,0.9520157,0.965452,0.94566417,0.9571329,0.9542385,0.9553063,0.95832276,0.9713668,0.95522696,0.98091227,0.9677883,0.9624227,0.9589792,0.95325875,0.96113676,0.9469092,0.9529416,0.95938313,0.96247274,0.9458066,0.97341186,0.95865,0.94464016,0.963383,0.96348447,0.94865984,0.9642293,0.96885633,0.9543123,0.98091227,0.9607788,0.95605236,0.9696321,0.966083
abominablemovie,0.95452905,0.9451237,0.9572292,0.9999999,0.9430376,0.9509765,0.9469375,0.9473208,0.9726648,0.94699013,0.94761467,0.9418917,0.9630962,0.9525781,0.95716417,0.95046204,0.95693773,0.9517998,0.94737613,0.93988943,0.9433781,0.95286155,0.95882195,0.94557714,0.9397733,0.88655597,0.94814396,0.957665,0.94479954,0.9428417,0.9503827,0.95450264,0.9458531,0.9387356,0.94206977,0.91934264,0.96251035,0.9600139,0.94783545,0.94625723,0.9427084,0.94988513,0.9284846,0.94900054,0.9562755,0.9532792,0.9561729,0.93893844,0.94673383,0.9537352,0.9492105,0.95908016,0.9531518,0.94724137,0.95404136,0.9496315,0.9426752,0.95131457,0.9633852,0.96441233,0.9423036,0.9612141,0.94278103,0.9422148,0.95142186,0.9337494,0.9337292,0.9489512,0.9550437,0.9314037,0.966206,0.807006,0.94381773,0.95655894,0.94355017,0.94295996,0.9358565,0.95096266,0.9536059,0.94187236,0.9464614,0.9586888,0.9463031,0.9474289,0.95787925,0.94457865,0.9599362,0.96366715,0.94256616,0.9569393,0.9557825,0.966206,0.9358707,0.95255613,0.95479554,0.9616942,0.9453913,0.95046824,0.93556225,0.9384807,0.95901555,0.9507187,0.9446693,0.95377207,0.9472349,0.9432053,0.9551581,0.94877297,0.93313867,0.94709414,0.961213,0.87083316,0.96468663,0.8994591,0.94909155,0.94774765,0.95775807,0.9526929,0.95523804,0.937043,0.9489295,0.93635577,0.9511893,0.9524427,0.95321876,0.95803064,0.95301175,0.943873,0.94576967,0.93984413,0.9457269,0.9414943,0.9563415,0.9360683,0.9561782,0.9496292,0.9348099,0.942246,0.9634733,0.95189106,0.9726648,0.9518364,0.9589006,0.9416313,0.9432683,0.9574826,0.94050306,0.9450758,0.9411212,0.95062125,0.94275934,0.9514708,0.9587562,0.93349606,0.951256,0.95967966,0.93980443,0.9592802,0.9569944,0.9502591,0.9726648,0.9467566,0.95253897,0.9635839,0.9427298
adastramovie,0.9470885,0.93814343,0.95902365,0.9430376,1.0000004,0.9433931,0.9514918,0.9514667,0.9753106,0.95616144,0.95005476,0.94600534,0.95300233,0.95183146,0.957316,0.9561891,0.9573071,0.97823155,0.95308816,0.9458705,0.96073174,0.9467655,0.9530824,0.9497211,0.9463534,0.86798483,0.95706594,0.95191,0.9524316,0.9384259,0.95353675,0.9580047,0.9473364,0.94643694,0.93507177,0.8884019,0.95954597,0.93887675,0.9548866,0.941866,0.9404081,0.9523459,0.93196857,0.95155,0.96325666,0.9518117,0.95032424,0.9498059,0.9534085,0.95663565,0.9560072,0.96017206,0.94896084,0.94443643,0.9382108,0.97074354,0.9345407,0.95222175,0.9457773,0.9616824,0.95193344,0.9540449,0.9578387,0.9534536,0.94859236,0.94733757,0.9376665,0.9429971,0.9519642,0.9362357,0.962142,0.7785474,0.93956,0.9643611,0.9336999,0.93386537,0.9317544,0.95462686,0.9441357,0.9515255,0.95118815,0.9472924,0.9572097,0.9380269,0.95188844,0.93793935,0.93553394,0.95598704,0.9415709,0.95792234,0.9535382,0.962142,0.9416194,0.94989496,0.95641655,0.9553652,0.95073384,0.9422094,0.94243205,0.95462096,0.95000076,0.9481097,0.9593144,0.9512674,0.94981,0.9558311,0.95293725,0.9536308,0.9433597,0.95267475,0.9650058,0.86940736,0.95394593,0.88642657,0.95406437,0.9488617,0.95249826,0.9433082,0.960795,0.9536941,0.9551609,0.9391074,0.9601608,0.94289213,0.94666606,0.9537385,0.9521942,0.94481707,0.95952773,0.93072885,0.95329165,0.969192,0.954278,0.9346404,0.9540907,0.94216835,0.94156253,0.94678605,0.9581216,0.95195514,0.9753106,0.9561613,0.96221304,0.94582385,0.9521082,0.9532021,0.9433833,0.9389886,0.94239926,0.9417093,0.9447412,0.9476273,0.9526425,0.9354309,0.9517564,0.9465136,0.9488735,0.95641863,0.9510753,0.94677824,0.9753106,0.9620736,0.96126616,0.958251,0.9462938
adogsjourneymovie,0.953012,0.9312696,0.9559368,0.9509765,0.9433931,0.99999994,0.9513991,0.958436,0.9742544,0.94632363,0.951332,0.95344305,0.9420835,0.94779456,0.95910627,0.94646734,0.9492902,0.94507825,0.95162004,0.9470538,0.94796413,0.9530914,0.9744357,0.9431075,0.9412669,0.8848662,0.9379392,0.9481929,0.9512531,0.9450156,0.9485829,0.9444621,0.94678634,0.9395435,0.9452365,0.91739565,0.9505547,0.93282396,0.9469491,0.9402144,0.9440349,0.9512803,0.9413844,0.95147663,0.95779103,0.9567421,0.96688163,0.9338322,0.94605297,0.958145,0.9557766,0.9551603,0.9555626,0.9527528,0.9503628,0.94680244,0.94115,0.946692,0.9575948,0.95670426,0.93551695,0.9504855,0.94604266,0.94294125,0.94393563,0.9454451,0.9493802,0.9421842,0.95139486,0.9279374,0.95830166,0.80197614,0.9399674,0.95457,0.94418305,0.9439683,0.9224636,0.95746756,0.9548364,0.9515445,0.95256734,0.94776505,0.94639796,0.9530154,0.9519325,0.9445273,0.9554356,0.94959134,0.94350743,0.9596754,0.946418,0.95830166,0.941355,0.9532076,0.95840883,0.9557321,0.9400779,0.96168315,0.94195646,0.9558571,0.9569648,0.94231915,0.9598949,0.9438407,0.9455513,0.9550267,0.94818425,0.9489606,0.9400669,0.94957465,0.9592879,0.8807524,0.957515,0.9016414,0.9487083,0.95437425,0.9579659,0.95564497,0.9566062,0.9500592,0.9411348,0.93919593,0.9510476,0.9684725,0.9520304,0.9544824,0.9609704,0.9564364,0.9412236,0.93897665,0.9543266,0.9417953,0.94805133,0.9317011,0.94858086,0.9454481,0.93806565,0.94909793,0.9575919,0.94106925,0.9742544,0.9589959,0.9611329,0.94196993,0.9325626,0.9563499,0.9423287,0.9444213,0.94233346,0.9524881,0.94772035,0.9460036,0.9552994,0.9316933,0.95435834,0.9514569,0.95469743,0.9553691,0.95554674,0.9526187,0.9742544,0.95300245,0.94972897,0.96880585,0.9411921
aftermathmovie,0.96063995,0.9443586,0.9499699,0.9469375,0.9514918,0.9513991,0.99999994,0.952929,0.9771208,0.9579025,0.95289147,0.9525639,0.94531393,0.9543986,0.96187294,0.959636,0.95986223,0.9580871,0.9577865,0.94399047,0.947611,0.94729924,0.95798504,0.94618654,0.94123244,0.87364787,0.9394405,0.9501865,0.9528493,0.9528637,0.9546929,0.9515572,0.94222015,0.9501427,0.94418377,0.9139634,0.9558307,0.9450043,0.9628408,0.94421273,0.94828284,0.9561371,0.92682654,0.9493585,0.9556024,0.9637127,0.9586485,0.94336694,0.95187765,0.957553,0.95243746,0.96764266,0.9535905,0.9575197,0.95634604,0.9576813,0.9430058,0.9568947,0.9503593,0.959857,0.9499675,0.95527625,0.9425732,0.95178854,0.95415825,0.94575745,0.93736285,0.9512445,0.9496019,0.93116874,0.9585959,0.78731346,0.9441183,0.95062333,0.9311497,0.9477807,0.9343643,0.95439273,0.9608519,0.9650735,0.95284283,0.9755936,0.95717984,0.9477813,0.9533772,0.94087946,0.9438471,0.9537795,0.94786954,0.96609277,0.9606278,0.9585959,0.94324756,0.9446074,0.95066756,0.9550782,0.94635165,0.949009,0.96953803,0.9497187,0.96202624,0.9455372,0.95320314,0.9427307,0.9510031,0.9514098,0.95957875,0.95601606,0.9387547,0.9447326,0.9585369,0.87583417,0.95624983,0.90368736,0.9470866,0.9494381,0.9597116,0.93985796,0.9593015,0.9853664,0.95247114,0.95131546,0.9514834,0.95123243,0.9536943,0.94167966,0.951212,0.9527228,0.94960773,0.93812877,0.9537348,0.94610023,0.9460565,0.9407819,0.9501113,0.9526539,0.9489331,0.94676095,0.958696,0.95107573,0.9771208,0.9516913,0.9708948,0.9527908,0.95143896,0.9591631,0.9469111,0.9453597,0.9476633,0.94914085,0.98418194,0.93158394,0.96319723,0.9357406,0.94418037,0.9560318,0.94216156,0.9543083,0.9530342,0.9425185,0.9771208,0.95624703,0.95756453,0.9608448,0.949712
aftermovie,0.95900464,0.9490195,0.9573798,0.9473208,0.9514667,0.958436,0.952929,1.0000004,0.9757539,0.9418872,0.9563373,0.9443432,0.9502104,0.9618445,0.96183497,0.9609839,0.95475775,0.9500473,0.9530932,0.9547464,0.95851797,0.94643986,0.96405613,0.952705,0.9437604,0.8438251,0.93703777,0.9470675,0.9532184,0.95008814,0.95426136,0.9485879,0.9409891,0.9450282,0.94199944,0.90719044,0.9579576,0.94645214,0.9511163,0.94273156,0.9537132,0.956038,0.94214886,0.95234615,0.954259,0.96287286,0.9547911,0.94774187,0.95039856,0.9571373,0.95365876,0.9605968,0.9484508,0.9519355,0.9635966,0.94106215,0.9553152,0.9682935,0.9562871,0.9658452,0.9500272,0.95172006,0.9564949,0.95468265,0.94699395,0.95001304,0.94658875,0.9426789,0.95414156,0.9398333,0.9714268,0.7849173,0.93784684,0.94879085,0.93330425,0.9393837,0.92720044,0.9580071,0.9543584,0.9537398,0.95169705,0.947405,0.95992595,0.93811136,0.9565209,0.9320627,0.9522999,0.9497518,0.9567565,0.9544456,0.9506716,0.9714268,0.9579283,0.95452493,0.96514213,0.95736116,0.9443163,0.95750105,0.9490288,0.9519255,0.9545872,0.9441872,0.9481013,0.95874673,0.9540663,0.9493086,0.95472026,0.9584347,0.9513813,0.94451255,0.96011364,0.8699868,0.9547494,0.88606906,0.95704514,0.96176517,0.96168673,0.9467848,0.95789844,0.95675355,0.95514417,0.9549584,0.9570109,0.94656646,0.94901687,0.96324974,0.95640373,0.95534754,0.9489394,0.9372617,0.951132,0.93895537,0.952981,0.95170826,0.9547091,0.9524265,0.95089227,0.9522866,0.9675306,0.9485505,0.9757539,0.948626,0.9634909,0.94220394,0.94770586,0.961654,0.9422377,0.94779164,0.951939,0.94975066,0.94923085,0.9488949,0.95440227,0.92916906,0.96501166,0.9605122,0.9522436,0.9619237,0.971312,0.9524968,0.9757539,0.9416095,0.9516277,0.96250707,0.9395176
ahiddenlifefilm,0.9785209,0.96717274,0.98091227,0.9726648,0.9753106,0.9742544,0.9771208,0.9757539,0.99999964,0.97370046,0.9733765,0.9714006,0.9758315,0.9736432,0.98329306,0.9796305,0.979633,0.9789976,0.9745632,0.96945083,0.9745645,0.9734587,0.9831164,0.96832675,0.9661847,0.890609,0.96464455,0.97720873,0.9741913,0.9689468,0.97437996,0.9736009,0.9699452,0.9704147,0.9677434,0.929898,0.98082477,0.9670333,0.9745103,0.9661958,0.9726161,0.97948885,0.96026176,0.9774156,0.9810521,0.97938704,0.98068565,0.9663802,0.97633624,0.98371285,0.9771463,0.9852752,0.9755066,0.9764263,0.9730543,0.97650707,0.96913666,0.9805643,0.9738612,0.9848348,0.9701818,0.9734673,0.96952295,0.97528434,0.97363645,0.9693422,0.96133447,0.9741152,0.9733694,0.9589743,0.9852811,0.8100357,0.96241987,0.97796905,0.9620462,0.9638691,0.9512568,0.9762915,0.97326684,0.96901846,0.97319424,0.9771972,0.97950536,0.9725775,0.97714126,0.96311843,0.9672686,0.978926,0.9690551,0.9832135,0.9759034,0.9852811,0.9679542,0.9708221,0.97843605,0.9773645,0.96797293,0.97199893,0.9682193,0.9742008,0.9812883,0.96688735,0.97677904,0.971947,0.9735518,0.97511053,0.9784838,0.97824556,0.9647992,0.9741771,0.98082346,0.8923198,0.9796553,0.911113,0.97454226,0.97265327,0.98256314,0.97137004,0.980942,0.9738783,0.97734624,0.9703011,0.9800658,0.9703231,0.974132,0.97192717,0.97784024,0.96884507,0.9729225,0.961036,0.9738346,0.9718458,0.9774824,0.96433824,0.97725934,0.9716866,0.96689177,0.9696542,0.98213786,0.97508043,0.99999964,0.9751058,0.9846193,0.9718849,0.9669481,0.979831,0.96176296,0.97089386,0.97265583,0.9698392,0.96786314,0.97098446,0.9803097,0.9583047,0.9730627,0.97547305,0.9686629,0.98028904,0.97951365,0.97179365,0.99999964,0.9741399,0.97829473,0.9857786,0.970656
alitamovie,0.9464015,0.942285,0.9474635,0.94699013,0.95616144,0.94632363,0.9579025,0.9418872,0.97370046,1.0000001,0.9529514,0.94006467,0.94855464,0.9584972,0.9536011,0.95792705,0.9540157,0.9684164,0.9409982,0.9411786,0.94485116,0.94474745,0.9591454,0.9412575,0.94811577,0.85667783,0.95031387,0.9587297,0.9346908,0.9463871,0.9518799,0.9531177,0.94250625,0.93352944,0.9452467,0.9194414,0.96261936,0.9379635,0.9434808,0.9542147,0.9379998,0.95751286,0.931823,0.95802903,0.94805306,0.950591,0.9582689,0.9392914,0.94530624,0.96393913,0.9430718,0.9552298,0.95243514,0.9528178,0.9401813,0.96656543,0.93934166,0.9564472,0.9390778,0.9556463,0.93900025,0.94094723,0.94648975,0.95139,0.948989,0.94707966,0.9250112,0.94494224,0.94706434,0.9406398,0.95482177,0.80037946,0.94335467,0.9638522,0.9455289,0.9394984,0.92695576,0.94977105,0.9454087,0.9552493,0.9577955,0.9605936,0.9519308,0.9485712,0.9516626,0.9270477,0.93698,0.9520205,0.93031424,0.9681432,0.94916844,0.95482177,0.9314345,0.9418494,0.94691247,0.94435275,0.94182014,0.93961746,0.9454404,0.9536715,0.9587808,0.9498057,0.9492878,0.950262,0.96722585,0.9392721,0.95839286,0.9482658,0.9302702,0.9591864,0.9566077,0.88396984,0.95324194,0.8904523,0.94790643,0.9451409,0.951896,0.9517935,0.95014095,0.9517863,0.9515078,0.9424718,0.9459124,0.9428521,0.95819914,0.94713426,0.9539474,0.9348993,0.95172125,0.9330206,0.94661266,0.9584984,0.95171815,0.93188405,0.9598302,0.9471262,0.94218045,0.9394682,0.9543622,0.94778854,0.97370046,0.94960946,0.96435446,0.94202274,0.9376209,0.95191646,0.94704485,0.95668626,0.94084597,0.9408556,0.95275134,0.9374975,0.95973057,0.93513846,0.9491606,0.94848317,0.938372,0.95736825,0.9505913,0.9503307,0.97370046,0.9628633,0.9510952,0.96103746,0.93938804
angelhasfallen,0.9469037,0.94976825,0.9554248,0.94761467,0.95005476,0.951332,0.95289147,0.9563373,0.9733765,0.9529514,0.99999994,0.94859064,0.9438781,0.94359136,0.956092,0.9587207,0.9653095,0.9561394,0.9467211,0.9530572,0.9544768,0.95461947,0.9648063,0.95718503,0.94885,0.878177,0.944187,0.95714533,0.9466822,0.94569063,0.94334376,0.9454858,0.95456433,0.9462834,0.95273316,0.9148346,0.96014166,0.92879546,0.9513935,0.9478183,0.94515467,0.9511744,0.93153375,0.95044905,0.9614614,0.96066207,0.961646,0.9459874,0.9552962,0.95371604,0.94971234,0.955185,0.9594948,0.95664304,0.9494635,0.9454924,0.95539105,0.95550966,0.9513956,0.96480435,0.94049627,0.95067227,0.9535989,0.94511735,0.94061345,0.9547339,0.9450514,0.94586927,0.96761364,0.93811554,0.963602,0.8090805,0.93900317,0.9584975,0.95656466,0.94215775,0.92889386,0.96702415,0.9597087,0.9534494,0.9694293,0.959192,0.95830643,0.9482885,0.9498622,0.94566214,0.95274645,0.9485371,0.9538927,0.9569186,0.94757897,0.963602,0.9521256,0.9455214,0.9553731,0.9570371,0.97065353,0.9573283,0.95675564,0.95386547,0.95465887,0.95136553,0.94649965,0.957817,0.95662147,0.95080906,0.9528221,0.95906895,0.94494045,0.9572943,0.9588483,0.88262033,0.94964427,0.90757257,0.95154816,0.97222424,0.95382863,0.95491904,0.96259505,0.9501456,0.94859904,0.944635,0.95615363,0.9451266,0.9479761,0.94543844,0.9639609,0.9446972,0.94542503,0.9427383,0.9539979,0.9411001,0.95871997,0.9422574,0.9478265,0.9506658,0.941034,0.94469357,0.95896894,0.95498604,0.9733765,0.95306164,0.96267205,0.94763285,0.9393002,0.9554778,0.9460335,0.95141417,0.95660007,0.94126254,0.9485327,0.9413067,0.9517657,0.93465966,0.9457076,0.95798373,0.9513053,0.95827603,0.94870883,0.942768,0.9733765,0.95368433,0.95946246,0.9639247,0.94736445
angrybirdsmovie,0.9537748,0.9220183,0.9585251,0.9418917,0.94600534,0.95344305,0.9525639,0.9443432,0.9714006,0.94006467,0.94859064,0.9999999,0.9501122,0.9490525,0.9568307,0.93863523,0.95080286,0.9496592,0.9489858,0.9453479,0.9444603,0.9449246,0.9592422,0.9433144,0.94897103,0.8816585,0.9312112,0.95100087,0.9615138,0.9586675,0.94101,0.9498673,0.9395901,0.9553809,0.94004333,0.8900138,0.9569262,0.9385475,0.9538758,0.9358855,0.9466508,0.9490591,0.92901814,0.9418501,0.96265554,0.9518942,0.9592907,0.9448841,0.95420474,0.95177436,0.9640685,0.96215403,0.94615227,0.9470468,0.95164144,0.9430008,0.94564164,0.9443051,0.94305396,0.9565532,0.94328475,0.95086396,0.93610656,0.9458145,0.94690037,0.9474106,0.937536,0.94820815,0.9475866,0.9337947,0.95608985,0.81448555,0.9464579,0.949429,0.94271386,0.93557245,0.9447275,0.95108026,0.94891465,0.9407579,0.9437958,0.95390385,0.94775176,0.9466771,0.9604512,0.93835104,0.94884527,0.95314234,0.93806356,0.95744026,0.9576462,0.95608985,0.932498,0.9339853,0.96714014,0.94521815,0.93999296,0.9495048,0.940631,0.95070803,0.95867014,0.9386337,0.95229685,0.9398436,0.9476934,0.96539146,0.9518415,0.94406617,0.94751114,0.9504669,0.95254695,0.88156986,0.95401865,0.88445413,0.9485359,0.946497,0.96103954,0.95149237,0.9566017,0.9468305,0.95351064,0.93607813,0.9546934,0.95235187,0.9399743,0.9484828,0.9510133,0.9466177,0.9407417,0.9498671,0.9436831,0.9376852,0.94553524,0.9344679,0.9443634,0.9496957,0.9475463,0.94397634,0.9636042,0.95123315,0.9714006,0.9527074,0.95827585,0.94297266,0.947896,0.9528011,0.91590035,0.9354322,0.9375279,0.95791197,0.944806,0.94342226,0.9556274,0.93892425,0.9422996,0.9455027,0.9392062,0.9584643,0.95416605,0.93700075,0.9714006,0.9406097,0.94747204,0.9527913,0.9569932
annabellemovie,0.961625,0.9422044,0.9611425,0.9630962,0.95300233,0.9420835,0.94531393,0.9502104,0.9758315,0.94855464,0.9438781,0.9501122,1.0000002,0.9635884,0.9552465,0.95588607,0.9581614,0.9585502,0.9496425,0.9422203,0.9481258,0.9484849,0.95476264,0.9537791,0.9514295,0.87920874,0.94211155,0.95851225,0.94926274,0.952889,0.94207895,0.9644788,0.9424301,0.9458903,0.9441821,0.9063647,0.95504314,0.95776516,0.95053744,0.9446637,0.9561881,0.95691895,0.940563,0.9529329,0.96205413,0.9510734,0.9518886,0.9484101,0.9533991,0.9599398,0.94745463,0.96510345,0.9595751,0.953307,0.94891393,0.9534175,0.940107,0.9563209,0.9513387,0.9624126,0.96681255,0.9529164,0.94384766,0.96137697,0.9639336,0.94214773,0.9296051,0.95997536,0.9491691,0.94270235,0.96645814,0.79213834,0.94484985,0.95860535,0.9403643,0.9362166,0.9372093,0.94797045,0.94860035,0.94444776,0.9500379,0.9585189,0.96388316,0.9504701,0.96678466,0.9520033,0.95602566,0.9841378,0.94703186,0.96145576,0.9568487,0.96645814,0.9434702,0.95079994,0.9536931,0.9527669,0.948388,0.94320816,0.9330062,0.9530492,0.9591375,0.95338136,0.95214957,0.9559957,0.95001525,0.94565344,0.96317744,0.9635739,0.9442374,0.95537233,0.9573627,0.87516326,0.9568074,0.8880984,0.948514,0.9432537,0.96210164,0.94282734,0.9641663,0.94163585,0.9669149,0.9449746,0.95802313,0.93883324,0.9443962,0.951179,0.9660859,0.9394241,0.9515061,0.9400858,0.9465228,0.9535754,0.95353687,0.9470815,0.96027917,0.95530677,0.9423911,0.9466886,0.96572226,0.95668834,0.9758315,0.94943315,0.960548,0.95779544,0.96123433,0.9585286,0.9321717,0.9533692,0.9615556,0.95456547,0.9382742,0.9590445,0.9611442,0.93953943,0.95307755,0.9655335,0.94514996,0.95512784,0.95751774,0.94736457,0.9758315,0.9459672,0.94497645,0.9599224,0.9435647
annamovie,0.958211,0.9409777,0.95837057,0.9525781,0.95183146,0.94779456,0.9543986,0.9618445,0.9736432,0.9584972,0.94359136,0.9490525,0.9635884,1.0000002,0.9570634,0.95605373,0.9512343,0.96089464,0.9536171,0.9493098,0.9390618,0.94469047,0.9615766,0.95828795,0.9467025,0.8600096,0.9456657,0.9543808,0.94830406,0.9547443,0.95517915,0.96030456,0.9362242,0.941372,0.93685085,0.91208655,0.95690984,0.9511868,0.94561845,0.9428716,0.94564354,0.9621501,0.94067055,0.9527583,0.9521209,0.9529227,0.95700574,0.94599044,0.94973,0.95945626,0.9431114,0.9618179,0.9437792,0.94397795,0.95301425,0.9495986,0.9399657,0.9573482,0.94428027,0.95266914,0.95502454,0.94154406,0.9477104,0.9681771,0.9616466,0.9438373,0.9323145,0.9489614,0.9473978,0.94712293,0.96053475,0.812026,0.9478576,0.9603222,0.93728346,0.9334342,0.94001776,0.9447831,0.9523752,0.9474581,0.9488852,0.9528666,0.95645666,0.9493741,0.9596676,0.9389273,0.95308536,0.95510095,0.94562346,0.97033346,0.9572997,0.96053475,0.93905884,0.9525554,0.9507227,0.94928974,0.94278616,0.95674646,0.940155,0.9618278,0.9558349,0.94008154,0.95299715,0.9478709,0.968052,0.94269,0.9528944,0.94535536,0.9485156,0.9511733,0.954871,0.8827902,0.95755124,0.8902523,0.95409083,0.9411656,0.96112114,0.94183445,0.9597776,0.9517045,0.95421773,0.9440193,0.95674115,0.94700706,0.9571039,0.95398,0.9535209,0.9358098,0.9519604,0.9424557,0.9395578,0.9525027,0.9513644,0.93249106,0.95508856,0.95432943,0.9495141,0.95145047,0.95912457,0.95538425,0.9736432,0.94815004,0.95841825,0.94290483,0.9486314,0.9550203,0.94091064,0.95158064,0.9422316,0.9536372,0.94948334,0.9539026,0.9619886,0.9408128,0.9556628,0.9534551,0.9360649,0.9560783,0.9649368,0.9529914,0.9736432,0.9441621,0.9432668,0.9562728,0.9321441
apollo11movie,0.9732333,0.95292115,0.9675957,0.95716417,0.957316,0.95910627,0.96187294,0.96183497,0.98329306,0.9536011,0.956092,0.9568307,0.9552465,0.9570634,1.0000001,0.96505153,0.9637809,0.9617256,0.96827114,0.97384536,0.9613591,0.9632595,0.9659767,0.9487512,0.947585,0.88180614,0.9479722,0.95989484,0.96255964,0.94766027,0.9646733,0.9590648,0.95542276,0.9617526,0.95737237,0.91867447,0.9668273,0.9562023,0.9628647,0.9424468,0.9601956,0.9565057,0.9430553,0.9582942,0.96525604,0.9627153,0.9627528,0.94553554,0.9658629,0.9663981,0.96327585,0.967617,0.96121186,0.96005744,0.9656193,0.9571787,0.9546056,0.96160454,0.9523925,0.969153,0.9496599,0.9518065,0.9503523,0.95686805,0.9615461,0.95388365,0.9473099,0.95951116,0.9554318,0.94326,0.966211,0.80866426,0.9473487,0.96001774,0.95157313,0.95394397,0.94317466,0.9616504,0.95913786,0.95749646,0.9588939,0.96546036,0.96335655,0.96322215,0.9622142,0.9447946,0.95525163,0.9585145,0.95738465,0.9671689,0.9532258,0.966211,0.94930184,0.96133685,0.9640744,0.9770729,0.95002043,0.95385134,0.95773774,0.9559453,0.9666292,0.9513935,0.9535759,0.9472904,0.95727605,0.9611782,0.9531386,0.9605256,0.95146424,0.9574369,0.9655532,0.8899888,0.961209,0.9089874,0.9576003,0.9579167,0.9734819,0.9618435,0.964549,0.95898366,0.9587127,0.9591949,0.96407026,0.9654455,0.96116346,0.95384026,0.9608768,0.9582899,0.95718324,0.94744515,0.9560102,0.95042145,0.96641433,0.953294,0.95876324,0.9491368,0.95851976,0.95787907,0.9634875,0.96115524,0.98329306,0.9639569,0.96920687,0.9568319,0.9504014,0.9612032,0.9470526,0.95560884,0.95092475,0.9611487,0.95547676,0.95846653,0.96628636,0.9487526,0.95358324,0.9598378,0.9535321,0.9634898,0.962125,0.9516475,0.98329306,0.959123,0.9679394,0.9712347,0.9541038
arcticdogsmovie,0.9586758,0.9693914,0.963385,0.95046204,0.9561891,0.94646734,0.959636,0.9609839,0.9796305,0.95792705,0.9587207,0.93863523,0.95588607,0.95605373,0.96505153,1.0,0.9627695,0.96067154,0.95097226,0.9485425,0.9596973,0.96020406,0.9645015,0.9543124,0.9390299,0.8693659,0.9490635,0.9559533,0.9567105,0.95564115,0.9529015,0.95650023,0.94218266,0.95490146,0.94622767,0.90145856,0.9602045,0.94958556,0.9582864,0.95062804,0.96226704,0.9623608,0.9372062,0.95924103,0.9587598,0.9601519,0.96412075,0.940788,0.962703,0.96384984,0.9561165,0.9656801,0.9583816,0.9518581,0.9572003,0.95521694,0.9571946,0.9660153,0.9490927,0.9643797,0.9533523,0.95016396,0.9509692,0.9647609,0.95087457,0.9420563,0.9417652,0.9600594,0.9607549,0.94758064,0.9686205,0.78143275,0.9399433,0.95367575,0.9420582,0.9390544,0.9237868,0.9565268,0.95331323,0.95112497,0.9601516,0.9546313,0.9667611,0.95058227,0.9576457,0.9419062,0.94420624,0.95508504,0.94902605,0.9678211,0.95461357,0.9686205,0.9497241,0.9530354,0.95439726,0.9552044,0.953679,0.952286,0.95259684,0.9505877,0.9541385,0.9483201,0.9555423,0.9560325,0.960082,0.9549681,0.96253455,0.96603596,0.9529264,0.95549554,0.96116966,0.8741788,0.9610255,0.88331014,0.95514554,0.95531815,0.9626631,0.9429311,0.9582068,0.9627639,0.9610545,0.9544949,0.96113545,0.93930227,0.9557174,0.9511715,0.95938236,0.94780797,0.9565815,0.9365779,0.96037966,0.9563313,0.9601048,0.94873804,0.9591874,0.958559,0.95143265,0.9497582,0.96589524,0.95834,0.9796305,0.95805097,0.9640043,0.9510427,0.95389616,0.9607988,0.9382987,0.9537042,0.9556848,0.9421355,0.9557508,0.9496645,0.95933247,0.933322,0.957625,0.96122247,0.9441502,0.9577205,0.9614582,0.95662075,0.9796305,0.9590187,0.95497715,0.9668408,0.9524761
arcticmovie,0.957926,0.9637825,0.9633722,0.95693773,0.9573071,0.9492902,0.95986223,0.95475775,0.979633,0.9540157,0.9653095,0.95080286,0.9581614,0.9512343,0.9637809,0.9627695,1.0000002,0.9629498,0.9612769,0.9514523,0.95778894,0.96393764,0.95950645,0.95851666,0.95890975,0.8844573,0.9465625,0.97769755,0.95808035,0.94975686,0.9524048,0.95705867,0.95423377,0.9543331,0.9553195,0.91612285,0.9639284,0.94859785,0.9584376,0.9479393,0.9564227,0.9630685,0.9458938,0.96301144,0.9674783,0.9644143,0.9559279,0.9571089,0.9662001,0.9684022,0.95593774,0.96926224,0.9564648,0.9567468,0.95787126,0.9582347,0.95593274,0.95863646,0.95127285,0.966291,0.95649385,0.9603775,0.9547104,0.95649,0.9578171,0.9484289,0.94247025,0.9605129,0.9591649,0.9428557,0.9648179,0.80333686,0.9491401,0.96127325,0.9427395,0.9405797,0.9396728,0.9604578,0.9558278,0.9530262,0.9537029,0.9657947,0.96721655,0.95373076,0.95659095,0.94477963,0.950403,0.9599363,0.952018,0.96038955,0.95888513,0.9648179,0.9566156,0.95598096,0.95970213,0.959902,0.95493114,0.9547282,0.9521174,0.95451856,0.96296006,0.9581879,0.9501076,0.95066303,0.9604761,0.955667,0.95673317,0.9633351,0.938761,0.95886993,0.9657244,0.8839869,0.9583892,0.8998229,0.95349604,0.96269447,0.9634239,0.95581716,0.96154916,0.95709664,0.96144843,0.94827026,0.96667117,0.94253397,0.9540823,0.9487988,0.9583042,0.95266885,0.9500671,0.9603774,0.96259433,0.94886595,0.97756624,0.95723206,0.95438147,0.95202714,0.953642,0.95575106,0.96339536,0.9566623,0.979633,0.95615214,0.9651134,0.9598107,0.961365,0.96326125,0.9524584,0.95397633,0.9639657,0.94725025,0.9515702,0.95382124,0.9619395,0.93992805,0.9550034,0.9561405,0.953917,0.95947665,0.96424156,0.95409846,0.979633,0.9544943,0.9669366,0.96949553,0.95222825
artofracingmovie,0.94932425,0.95264286,0.95760083,0.9517998,0.97823155,0.94507825,0.9580871,0.9500473,0.9789976,0.9684164,0.9561394,0.9496592,0.9585502,0.96089464,0.9617256,0.96067154,0.9629498,0.9999999,0.95534086,0.9469494,0.95430136,0.951172,0.9590976,0.952692,0.94798714,0.88052356,0.95261216,0.9595713,0.9539779,0.9455605,0.965158,0.9637734,0.952632,0.95094556,0.9512156,0.90338296,0.9663355,0.9483175,0.95736015,0.9479744,0.94812584,0.95655704,0.93402904,0.9558154,0.96634084,0.95759237,0.9553908,0.950885,0.95063794,0.96137124,0.95335215,0.96698064,0.9505861,0.9534983,0.9453852,0.9692813,0.94392633,0.96351016,0.95077616,0.96413475,0.9576736,0.95369506,0.9496961,0.9587474,0.9576815,0.95225716,0.9438482,0.9544804,0.95295626,0.9478401,0.96213335,0.7869991,0.94532526,0.96717596,0.9459594,0.93350244,0.9389064,0.9512302,0.9496502,0.95577455,0.9596867,0.9536299,0.9607267,0.95198005,0.9565193,0.94037986,0.9438801,0.959178,0.9405541,0.9655519,0.95542544,0.96213335,0.93684757,0.9443408,0.95598835,0.9577966,0.9492113,0.949854,0.95232344,0.96126336,0.9633716,0.946108,0.9577429,0.9552241,0.9616041,0.95064944,0.96069205,0.95700735,0.94276124,0.962678,0.9626552,0.87415445,0.9615117,0.89565396,0.9473915,0.94772804,0.9580573,0.9501628,0.9638118,0.9548372,0.9569838,0.94745326,0.9618901,0.944068,0.9528951,0.95255476,0.96078384,0.9445139,0.9584147,0.93968815,0.95190483,0.96595883,0.95628893,0.93910956,0.964225,0.9470852,0.9521106,0.9514606,0.9599344,0.9668877,0.9789976,0.9554836,0.9644248,0.9509497,0.95486486,0.9618829,0.9450113,0.9537563,0.947436,0.94940084,0.9524714,0.9489215,0.9652372,0.9483604,0.94693404,0.9467156,0.9454299,0.95510954,0.95288277,0.95102245,0.9789976,0.9674562,0.96384656,0.961109,0.94548935
avengers,0.9739538,0.9461028,0.9562936,0.94737613,0.95308816,0.95162004,0.9577865,0.9530932,0.9745632,0.9409982,0.9467211,0.9489858,0.9496425,0.9536171,0.96827114,0.95097226,0.9612769,0.95534086,1.0000004,0.9481676,0.95312595,0.9603411,0.9611849,0.9474805,0.93666273,0.8747983,0.93829733,0.9579802,0.96168774,0.9359028,0.9676507,0.94978964,0.94658536,0.95015,0.9392092,0.8931485,0.95982677,0.9443559,0.9511577,0.92768383,0.9509193,0.9597573,0.9366211,0.9536463,0.9540272,0.9569561,0.9568306,0.9503456,0.9609465,0.9620622,0.95272183,0.96344364,0.95719206,0.95345724,0.9564524,0.95530945,0.94488716,0.95451164,0.94718856,0.96078044,0.946567,0.94816005,0.938162,0.95116633,0.9545693,0.94190145,0.93595886,0.9501627,0.9486927,0.91952205,0.95739084,0.7811043,0.935994,0.95929706,0.93741894,0.9446879,0.93226177,0.9479959,0.9481951,0.95357937,0.94238406,0.95088017,0.954888,0.9482515,0.9488999,0.9364816,0.9472086,0.95264345,0.95538116,0.96072054,0.95137227,0.95739084,0.9494904,0.9578094,0.95113695,0.9550728,0.9401821,0.9496565,0.93805563,0.94744766,0.9535786,0.9406144,0.9508282,0.93454945,0.9492317,0.95436114,0.948307,0.9541056,0.9439435,0.9535821,0.9652958,0.86175776,0.9496598,0.8857907,0.94282734,0.96025777,0.96178234,0.94336706,0.95689875,0.95278555,0.9529217,0.9491327,0.9621162,0.95026886,0.94520396,0.9493905,0.9609328,0.95624304,0.95299673,0.94617987,0.9539802,0.948661,0.95566195,0.9369302,0.94655025,0.936484,0.9399562,0.95052075,0.9571701,0.94808155,0.9745632,0.9533359,0.9591905,0.95444447,0.9556679,0.95102024,0.93512684,0.93973935,0.9460876,0.94320476,0.9468295,0.954086,0.95435363,0.9450222,0.950811,0.9508946,0.9501798,0.9557192,0.9547159,0.94271106,0.9745632,0.9401361,0.9617447,0.9663695,0.945184
beachbummovie,0.9531013,0.9388592,0.9512417,0.93988943,0.9458705,0.9470538,0.94399047,0.9547464,0.96945083,0.9411786,0.9530572,0.9453479,0.9422203,0.9493098,0.97384536,0.9485425,0.9514523,0.9469494,0.9481676,1.0000005,0.9526315,0.9523878,0.9568974,0.94127154,0.9324656,0.8640853,0.9464695,0.94858766,0.940926,0.93710077,0.95104253,0.94466764,0.95086104,0.94792145,0.9457366,0.9139816,0.9533248,0.9432143,0.945547,0.9350109,0.9453384,0.94690484,0.9306766,0.95352876,0.952023,0.9629869,0.95034957,0.9396489,0.95531553,0.95575356,0.9487385,0.95120174,0.9474439,0.939277,0.95858485,0.9449509,0.9532929,0.94906,0.94088185,0.9558537,0.93919665,0.93849236,0.9360138,0.94330126,0.9426853,0.9535538,0.94266075,0.93966883,0.94310766,0.9466367,0.9559544,0.8135512,0.93767124,0.94922864,0.9452671,0.94496465,0.9334156,0.96002954,0.9459059,0.94388765,0.9527326,0.953764,0.9484874,0.95017284,0.94949025,0.9341468,0.943223,0.94706315,0.9511799,0.954848,0.9438947,0.9559544,0.93049765,0.95407414,0.95967114,0.95798707,0.9364678,0.9589747,0.94372374,0.9579714,0.9565283,0.9385702,0.93407077,0.94565994,0.95248747,0.9438773,0.9381874,0.9466672,0.9399027,0.9495396,0.9512846,0.8899639,0.9443719,0.90211266,0.9498126,0.9455991,0.9589549,0.9480039,0.95517945,0.9427971,0.94436324,0.9417193,0.9577222,0.94589454,0.94720006,0.93997085,0.95374954,0.9383701,0.9414458,0.9311731,0.9449915,0.93895596,0.9577908,0.9524779,0.9432497,0.93459797,0.9524102,0.9402428,0.9516521,0.9591328,0.96945083,0.95305324,0.959135,0.9481892,0.9300159,0.9492646,0.94353074,0.9435508,0.93912214,0.94698983,0.9437222,0.9422775,0.9532424,0.94048905,0.9372414,0.95289683,0.9441236,0.95600075,0.9563837,0.9306349,0.96945083,0.9440367,0.95786905,0.957936,0.93731457
bernadettefilm,0.95576745,0.9499286,0.9592474,0.9433781,0.96073174,0.94796413,0.947611,0.95851797,0.9745645,0.94485116,0.9544768,0.9444603,0.9481258,0.9390618,0.9613591,0.9596973,0.95778894,0.95430136,0.95312595,0.9526315,1.0000004,0.9531054,0.95534337,0.9540029,0.9481392,0.87255746,0.94162434,0.9561145,0.9576789,0.93889326,0.949792,0.9446967,0.94665396,0.9540204,0.94273955,0.9026326,0.9584541,0.94069415,0.9563363,0.9372127,0.95494056,0.95741665,0.94033885,0.95786697,0.953178,0.9624723,0.95529544,0.9371131,0.9587094,0.96019906,0.9606653,0.9623942,0.9559064,0.9566218,0.94298154,0.9520251,0.95012003,0.9647429,0.94460577,0.9648313,0.9505335,0.9530399,0.9537549,0.9517689,0.9499801,0.9465042,0.9383683,0.9508141,0.960608,0.9370475,0.9607344,0.79131657,0.94511807,0.95465606,0.94876266,0.94087124,0.9278708,0.95369494,0.95083016,0.94238067,0.9548015,0.9441876,0.9642139,0.9430884,0.953538,0.93876183,0.94737697,0.95262784,0.95045793,0.95286566,0.94855404,0.9607344,0.9519308,0.96194345,0.96244574,0.95706713,0.95379907,0.95183253,0.95326674,0.9472565,0.95496315,0.95187396,0.9491961,0.94920856,0.94409215,0.9615367,0.95231545,0.95324004,0.9508957,0.954821,0.9616577,0.8814734,0.95307416,0.8917084,0.9640715,0.95999753,0.95698714,0.95467234,0.9631138,0.94730455,0.9532071,0.9428561,0.9515801,0.94824755,0.9436099,0.9510883,0.96004903,0.955331,0.9598259,0.9403129,0.9771881,0.95660496,0.9531071,0.939294,0.95367134,0.9419184,0.95079875,0.94597375,0.958674,0.95206195,0.9745645,0.95500934,0.962815,0.9478915,0.95684344,0.9594474,0.9436958,0.9388115,0.9462958,0.95519084,0.9373548,0.95430297,0.9583387,0.9325052,0.956709,0.9429886,0.95372945,0.95109016,0.958165,0.9513874,0.9745645,0.95364183,0.9542221,0.9728498,0.9602741
