movie,21bridgesmovie,47metersdown,abeautifuldaymovie,abominablemovie,adastramovie,adogsjourneymovie,aftermathmovie,aftermovie,ahiddenlifefilm,alitamovie,angelhasfallen,angrybirdsmovie,annabellemovie,annamovie,apollo11movie,arcticdogsmovie,arcticmovie,artofracingmovie,avengers,beachbummovie,bernadettefilm,blackandbluemovie,blackchristmas,blindedbythelightmovie,bombshellmovie,booksmart,breakthroughmovie,brianbanksmovie,brightburnmovie,brittanyrunsmov,captainmarvelofficial,captivestatemovie,catsmovie,charliesangels,childsplaymovie,clarathefilm,coldpursuitmovie,countdown,currentwarmovie,darkwatersmovie,detectivepikachumovie,disneyaladdin,disneyfrozen,disneymaleficent,doctorsleepmovie,dolemiteismyname,dontletgomovie,doramovie,downtonabbey_official,dumbo,escaperoom,everybodyknowsmovie,fastandfuriousmovie,fightingwmyfam,fivefeetapartfilm,fordvferrari,freaksthefilm,geminimanmovie,glassmovie,gloriabellmovie,godzillamovie,goldfinchmovie,goodboysmovie,goodliarmovie,gretafilm,halathemovie,happydeathdaymovie,harrietfilm,hellboymovie,hersmellmovie,highlifemovie,highstrungmovie,honeyboymovie,hotelmumbaifilm,httydragon,hustlemovie,hustlersmovie,isntitromantic,itmovieofficial,jayandsilentbob,johnwickmovie,jojorabbitmovie,jokermovie,judythefilm,jumanjimovie,justmercyfilm,knivesout,lalloronamovie,lastblackmansf,lastchristmasthemovie,latenightmovie,lighthousemovie,lionking,littlethemovie,littlewomenmovie,littlewoodsfilm,longshotmovie,lordsofchaosmovie,lucyintheskyfilm,mamovie2019,marriagestory,meettheaddams,meninblack,midsommarmovie,midwaymovie,missbalamovie,missinglinkfilm,motherlessbklyn,onceinhollywood,onthebasisofsex,overcomermovie,peanutbutterfalcon,petsematarymovie,piercingmovie,playingwithfire,playmobilthemovie,pomsmovie,queenandslim,rambomovie,readyornotfilm,richardjewellfilm,rocketmanmovie,scarystoriesmovie,secretlifeofpets,serenityfilm,shaftmovie,shazammovie,spidermanmovie,spiesindisguise,starwars,stormboymovie,stubermovie,taosdfilm,teenspiritmov,terminator,theaeronautsmov,thebestofenemies,thedeaddontdie,thefarewell,thehighwaymen,thehummingbirdprojectfilm,theintrudermovie,theirishmanfilm,thekitchenmovie,thelegomovie,themustangfilm,thenightingalefilm,theprodigymovie,thesunisalsoastar,theupsidefilm,tolkienmovie,toystory,triplefrontier,uglydolls,uncutgems,underthesilverlake,usmovie,wavesmovie,whatmenwant,wonderparkmovie,wrinklestheclown,xmenmovies,yardiefilm,yesterdaymovie,zombieland
21bridgesmovie,0.9999998,0.9669564,0.96436036,0.9611043,0.9661774,0.9562267,0.9735119,0.9752511,0.9881402,0.9584599,0.9759009,0.9634727,0.9712658,0.9703883,0.96558726,0.96795565,0.9736631,0.9707725,0.9803529,0.96148425,0.9747947,0.95924157,0.9824572,0.97405666,0.96807534,0.8550281,0.9584039,0.97198236,0.9711343,0.97589976,0.96511024,0.9696573,0.9781524,0.96112084,0.95509136,0.91590726,0.97306114,0.9758084,0.979719,0.9640119,0.95951915,0.98063886,0.949786,0.97543585,0.9719468,0.9670558,0.9755562,0.97902656,0.95869434,0.9773707,0.97454035,0.9700783,0.965546,0.96093583,0.9691567,0.96565026,0.97763383,0.9798802,0.95760506,0.96629834,0.9543764,0.9610718,0.9666649,0.9690373,0.9693129,0.97619075,0.9671087,0.9657208,0.9694406,0.95808536,0.97869235,0.7884339,0.9623552,0.9718624,0.97269005,0.97692275,0.9370977,0.9692467,0.9645928,0.9649807,0.9697178,0.9694743,0.9737751,0.9667273,0.96857095,0.9581127,0.95277745,0.96815944,0.965358,0.97922313,0.9684024,0.97869235,0.9642653,0.9762751,0.96686345,0.9687317,0.9648214,0.968465,0.97012216,0.97480464,0.9703093,0.9616828,0.96933174,0.9755167,0.9601793,0.9747715,0.9702642,0.9695572,0.9550779,0.95357877,0.9729165,0.8633564,0.9710589,0.9259555,0.96766096,0.9819522,0.99193656,0.9710269,0.97224396,0.9700615,0.9591645,0.9764059,0.9827139,0.9520732,0.9738427,0.9654694,0.9642098,0.96659267,0.9729644,0.93149966,0.97155774,0.97325647,0.9777733,0.9491508,0.9692436,0.9742457,0.9844653,0.9561961,0.9689196,0.9737159,0.9881402,0.9597089,0.9671529,0.9738892,0.97270703,0.96835434,0.9464679,0.9541199,0.9703448,0.9612656,0.97014815,0.9664422,0.9752794,0.94821537,0.96136755,0.97498447,0.9656163,0.9755657,0.9757391,0.96272403,0.9881402,0.95388895,0.97351784,0.97607136,0.970828
47metersdown,0.9669564,1.0000001,0.97006637,0.94922274,0.9655257,0.9424496,0.96609783,0.964084,0.97769403,0.9436352,0.9637668,0.9644782,0.9518355,0.967818,0.95687294,0.97203386,0.97262913,0.9647569,0.96036845,0.9535971,0.9520878,0.94772816,0.9585881,0.9746935,0.949911,0.80461645,0.9507943,0.972595,0.96901065,0.9652164,0.95431846,0.9630722,0.9521258,0.9451437,0.94622123,0.87928873,0.96131104,0.95530593,0.9663876,0.95858914,0.9482313,0.9665915,0.9658054,0.9635085,0.97581464,0.9481946,0.9561665,0.9650754,0.94967234,0.9681248,0.96569073,0.96325064,0.9544075,0.95704067,0.9374635,0.95933527,0.962407,0.96317065,0.9594283,0.95450425,0.9428657,0.94826967,0.9710838,0.9590887,0.96560514,0.957709,0.9481971,0.9453395,0.96521455,0.9326066,0.96511424,0.71186113,0.92794687,0.96249574,0.9516205,0.95362556,0.8934195,0.96359724,0.96811944,0.95886403,0.96892345,0.95838153,0.96044475,0.95514834,0.94224894,0.95100486,0.94383264,0.9617308,0.94288856,0.96552205,0.96041596,0.96511424,0.96714157,0.9738746,0.9624367,0.95835966,0.97064966,0.97259134,0.9588037,0.9637523,0.9468348,0.95173794,0.9560537,0.9702771,0.96876115,0.96911675,0.9519515,0.9557131,0.9461841,0.9517943,0.9501831,0.80959713,0.9704771,0.88487685,0.9491457,0.95986104,0.96461636,0.95157576,0.970816,0.96069425,0.9681135,0.9701116,0.9638087,0.9385256,0.96687627,0.96405923,0.9508241,0.96151096,0.965374,0.9373508,0.9710112,0.966742,0.9706141,0.9450528,0.9623806,0.9614134,0.9671306,0.9539962,0.96084565,0.9548514,0.97769403,0.959522,0.9410411,0.9627104,0.95874876,0.95368415,0.9240527,0.94226253,0.9657836,0.9318222,0.9656035,0.96747833,0.9560814,0.90839154,0.9617668,0.9680387,0.9490712,0.9616245,0.9761545,0.9451821,0.97769403,0.95618266,0.96605587,0.9558998,0.9594418
abeautifuldaymovie,0.96436036,0.97006637,0.99999994,0.95386326,0.9626782,0.95478886,0.9620797,0.97345257,0.9797784,0.9481111,0.97381246,0.9773841,0.9715357,0.9717655,0.9617592,0.97021693,0.97296387,0.96346074,0.9581032,0.9611108,0.9687202,0.96263665,0.9683175,0.97385144,0.9641541,0.82256705,0.9572059,0.97364813,0.9797699,0.9701034,0.95649594,0.9574553,0.9556451,0.9628199,0.9372762,0.9076092,0.965614,0.9657585,0.96745765,0.9517213,0.9574328,0.9670895,0.9552442,0.95803,0.97057575,0.9569831,0.9666921,0.9597538,0.94445205,0.9625257,0.9791545,0.9636579,0.96635056,0.95924443,0.94841963,0.95435107,0.9611952,0.9605582,0.9690544,0.96657497,0.94839466,0.95956594,0.96183467,0.9670779,0.96134084,0.9579935,0.96241134,0.95758,0.96371967,0.94560224,0.9721371,0.76035357,0.9373682,0.9690903,0.9556709,0.9567955,0.9097292,0.9676308,0.96677107,0.9584871,0.96878135,0.95837003,0.96727836,0.9589324,0.96145964,0.9571046,0.95850676,0.97201437,0.9535907,0.97032565,0.96336854,0.9721371,0.9536105,0.9672723,0.9748329,0.9653081,0.9704283,0.9687278,0.94904214,0.96857184,0.9549479,0.96079826,0.9675212,0.97553974,0.9628587,0.9803262,0.9625759,0.9699982,0.9615424,0.9510671,0.9544362,0.8272736,0.96508837,0.90364313,0.9556056,0.9680714,0.9653827,0.9471764,0.9686206,0.95599145,0.9713344,0.9685016,0.962214,0.9534938,0.96795195,0.9766201,0.9615741,0.96046907,0.96255434,0.9350013,0.9672378,0.9583434,0.97171223,0.9469517,0.9534115,0.9671832,0.9657143,0.9610057,0.9745404,0.9624368,0.9797784,0.98002595,0.95681953,0.9675301,0.95655304,0.959743,0.94660807,0.93817544,0.96844286,0.94746435,0.95917284,0.9758799,0.97056407,0.9092871,0.96864134,0.9730225,0.9519171,0.96200734,0.9674576,0.95466894,0.9797784,0.95717525,0.96941817,0.9650328,0.9726968
abominablemovie,0.9611043,0.94922274,0.95386326,0.99999994,0.9491165,0.933229,0.9614437,0.9623732,0.97206676,0.9448123,0.9612583,0.9539126,0.96133506,0.94338125,0.9556969,0.94666123,0.96618235,0.9712745,0.94838434,0.9490659,0.956338,0.9414038,0.95803434,0.96926904,0.95913,0.8329522,0.95239997,0.9600618,0.95195216,0.9478278,0.9480434,0.9577042,0.9562191,0.95297027,0.9498335,0.9069873,0.95438445,0.96665937,0.9600717,0.9571584,0.9458526,0.9519725,0.94686615,0.95480245,0.9568391,0.94666845,0.95349747,0.9550884,0.96782595,0.95669293,0.9581168,0.9644358,0.9584042,0.9427706,0.9429896,0.9532938,0.9601967,0.9452836,0.962903,0.9550206,0.934025,0.9589176,0.95540136,0.9423977,0.95610934,0.95757097,0.95209676,0.9453331,0.94649893,0.94624186,0.9618807,0.77388966,0.9458501,0.96450573,0.96262753,0.9459872,0.9015855,0.9571946,0.960891,0.93947864,0.9704311,0.9700642,0.9575247,0.94846195,0.95113003,0.93631595,0.959108,0.95485556,0.9546653,0.9544885,0.9559498,0.9618807,0.9445425,0.9627545,0.9583348,0.95960844,0.95629585,0.9663776,0.95030195,0.956817,0.9441918,0.9571943,0.9469757,0.9657244,0.9328478,0.9578215,0.9708505,0.9432737,0.9465647,0.9523879,0.9572257,0.8595318,0.9550346,0.91470885,0.9558392,0.9627657,0.96387607,0.9511214,0.96241874,0.95074576,0.95253325,0.94280535,0.96441156,0.9341066,0.96004367,0.95886934,0.9478986,0.9407717,0.954228,0.91411763,0.96232986,0.9472533,0.96496826,0.93669283,0.9406179,0.95361924,0.9666724,0.9579272,0.9536475,0.9580421,0.97206676,0.9444961,0.94221646,0.95877314,0.95735997,0.966034,0.9485498,0.94904166,0.9470859,0.93851835,0.95107585,0.9575704,0.95372,0.9138707,0.9565069,0.96120304,0.9510807,0.95783216,0.9574042,0.9514314,0.97206676,0.9562389,0.95307547,0.95538396,0.95665616
adastramovie,0.9661774,0.9655257,0.9626782,0.9491165,1.0000004,0.95219576,0.9573786,0.96473503,0.9754163,0.9554999,0.9617885,0.9607649,0.9614486,0.96172005,0.9591178,0.9757454,0.9635598,0.9791951,0.95699775,0.9596952,0.95494014,0.95075417,0.9653835,0.9720979,0.95310646,0.8062957,0.9626283,0.96675193,0.9658064,0.96637666,0.9530952,0.96471214,0.94769984,0.9499357,0.9508574,0.91682696,0.9651052,0.95704675,0.9600777,0.957937,0.9391921,0.95650524,0.9461966,0.94736785,0.96502084,0.95143664,0.96611696,0.96660936,0.9482711,0.9523811,0.9633997,0.9617414,0.96423554,0.9517591,0.9316558,0.9727739,0.9590235,0.9602402,0.96120274,0.9477227,0.9503102,0.9439886,0.962688,0.9583501,0.958083,0.95926046,0.95308244,0.94612145,0.96377444,0.9601778,0.966659,0.76594865,0.9435092,0.96100205,0.94935447,0.94678843,0.916474,0.96834296,0.95790577,0.95432514,0.958301,0.9594626,0.96768737,0.94413126,0.9420827,0.94394064,0.95175356,0.96550894,0.9458884,0.9643042,0.95352054,0.966659,0.9565111,0.9618953,0.9638796,0.95735645,0.9638087,0.9613173,0.95535666,0.9718343,0.95192975,0.95203245,0.9576781,0.9740252,0.94582915,0.9644062,0.9631696,0.9603539,0.9493524,0.9515028,0.9604131,0.8522868,0.97047377,0.91529423,0.9476402,0.9573982,0.9618293,0.95168996,0.96122533,0.9475562,0.9625248,0.96542263,0.9573975,0.94649786,0.965055,0.9633544,0.9619842,0.95120203,0.96877927,0.92861074,0.966169,0.97168404,0.96759206,0.92962205,0.96592015,0.9632071,0.96197003,0.9574984,0.96148306,0.9571295,0.9754163,0.9653585,0.9524555,0.9621139,0.95782423,0.9623424,0.9433848,0.94579536,0.9642917,0.9235497,0.9548265,0.9669075,0.9599419,0.91504043,0.9639162,0.9651202,0.9534719,0.96134835,0.9790843,0.9502701,0.9754163,0.96250784,0.9567292,0.95781916,0.9559286
adogsjourneymovie,0.9562267,0.9424496,0.95478886,0.933229,0.95219576,0.9999999,0.9556539,0.9533719,0.9698744,0.94343144,0.952678,0.96460515,0.9658432,0.9596732,0.94691044,0.95457935,0.9583564,0.95185125,0.94360465,0.9433541,0.96316266,0.9609913,0.96632147,0.9587347,0.94218534,0.8257585,0.9419187,0.9616975,0.9655272,0.9523589,0.93321985,0.955081,0.9596954,0.9527591,0.9402246,0.9398272,0.96476626,0.95745444,0.9585521,0.94357735,0.93554807,0.9538166,0.93715566,0.9491789,0.9529251,0.9623952,0.96656674,0.9487379,0.93115616,0.95277536,0.9695421,0.9497277,0.9548075,0.94349176,0.9237621,0.9448907,0.96053,0.94557095,0.9451956,0.95045763,0.93864757,0.942843,0.9439545,0.94797564,0.9540604,0.9470902,0.9618011,0.9353015,0.94610745,0.95368373,0.95700103,0.8102152,0.9431565,0.95774925,0.9522158,0.9498548,0.9338104,0.96502024,0.95405936,0.95255244,0.9420395,0.95105314,0.9689374,0.9466128,0.95838726,0.93919873,0.9447466,0.96212006,0.9408297,0.95479935,0.9473971,0.95700103,0.9413117,0.94812304,0.96686774,0.95098525,0.94340616,0.9428146,0.95041406,0.9621542,0.96247905,0.9554243,0.96365345,0.9582632,0.93669236,0.9713707,0.9570856,0.9560101,0.9586628,0.9415765,0.95784724,0.8816853,0.943117,0.915727,0.9526405,0.96582294,0.9657325,0.9523928,0.9562932,0.95264345,0.9586883,0.94306415,0.9514006,0.97316647,0.9592336,0.9445304,0.97178835,0.9555914,0.963132,0.9008188,0.9561881,0.9440685,0.96447104,0.93716955,0.9486717,0.953987,0.96041816,0.944662,0.96183497,0.96109253,0.9698744,0.9653905,0.95942545,0.94998246,0.94392973,0.96063,0.94739985,0.9440873,0.95857006,0.9442613,0.94493514,0.9522118,0.95426685,0.93045974,0.939656,0.9449701,0.95569885,0.94970715,0.9463299,0.9412029,0.9698744,0.94707245,0.9594389,0.9691782,0.96157867
aftermathmovie,0.9735119,0.96609783,0.9620797,0.9614437,0.9573786,0.9556539,1.0,0.97434574,0.9867008,0.95556605,0.9720617,0.9662847,0.971439,0.96681535,0.97175574,0.962152,0.96706504,0.9673833,0.96830004,0.9570088,0.9627742,0.96060807,0.9650013,0.97308683,0.9612799,0.84819156,0.9677073,0.9603348,0.9720345,0.97188914,0.9708292,0.97521263,0.97080797,0.96533144,0.9655664,0.91912997,0.970554,0.9690177,0.98056453,0.9760879,0.9532153,0.97250766,0.9510164,0.9748433,0.97687435,0.9677863,0.9593633,0.9641727,0.9635192,0.97359973,0.97729033,0.97547674,0.9602289,0.96704733,0.96061563,0.95693064,0.9768422,0.96980524,0.9691045,0.94612837,0.9483651,0.9684593,0.9768793,0.96986884,0.97096235,0.97505766,0.95631486,0.9614765,0.96678495,0.9547035,0.9609814,0.775566,0.94655704,0.97183925,0.9594171,0.96618664,0.9285137,0.9789197,0.9758198,0.9686947,0.9657829,0.9865596,0.97744477,0.96103996,0.96429414,0.9555004,0.9546931,0.96921545,0.9639024,0.97597134,0.96287274,0.9609814,0.96566045,0.97072035,0.9667648,0.97391266,0.9653772,0.9723842,0.9810276,0.9665512,0.969436,0.9714102,0.9718782,0.965578,0.95750296,0.97868,0.966025,0.9637804,0.96083695,0.96228915,0.96523803,0.8447798,0.97094893,0.92375946,0.9713905,0.97530884,0.97692746,0.9604976,0.9701362,0.9909525,0.96536696,0.9616183,0.9800588,0.9442776,0.9818679,0.9636969,0.9663539,0.9699454,0.9729114,0.9318381,0.9648285,0.9618404,0.97162676,0.9476848,0.9717236,0.97336364,0.96704805,0.95741653,0.95554423,0.96777815,0.9867008,0.9724126,0.96096134,0.97363764,0.97682226,0.97436607,0.94230175,0.96306723,0.97502124,0.96082395,0.98602855,0.97222626,0.9626778,0.9410858,0.95440376,0.9653885,0.961167,0.9601905,0.9682635,0.95989597,0.9867008,0.9682583,0.9726696,0.96595854,0.97328764
aftermovie,0.9752511,0.964084,0.97345257,0.9623732,0.96473503,0.9533719,0.97434574,0.9999999,0.9853233,0.95653415,0.97568005,0.9610506,0.9730839,0.97255856,0.9722918,0.9644024,0.97007674,0.96781194,0.9714544,0.9731842,0.9665205,0.95789444,0.9668002,0.97429854,0.9668703,0.8174839,0.9571194,0.97114235,0.97276413,0.97281915,0.9671228,0.9721956,0.9617432,0.9547969,0.96325827,0.9184765,0.9741405,0.970465,0.9681601,0.96953034,0.9619626,0.96487457,0.93948853,0.95931876,0.96426827,0.96338016,0.96460617,0.963624,0.95988,0.9599187,0.9702104,0.97064173,0.9570928,0.96480405,0.9688398,0.9629229,0.9727108,0.96817017,0.96002036,0.96221507,0.95796674,0.96185035,0.96148807,0.9694794,0.9645931,0.9708457,0.96252316,0.96127987,0.9713054,0.9515785,0.9699535,0.771705,0.95531243,0.9809548,0.96390307,0.97062004,0.9175227,0.97092247,0.96965915,0.96288264,0.96728146,0.9751394,0.97105384,0.95977813,0.96360886,0.96241677,0.9591958,0.96720403,0.9633735,0.96707743,0.95833135,0.9699535,0.958481,0.96395934,0.9703722,0.969184,0.9667052,0.9635191,0.96208537,0.972544,0.9658314,0.96587235,0.9722118,0.97547376,0.96044594,0.97240895,0.9717799,0.96950394,0.963478,0.95422494,0.96871334,0.85178936,0.9609819,0.9189285,0.9591409,0.9717799,0.9729726,0.95639676,0.96864814,0.96790195,0.9667395,0.9676408,0.97503513,0.9555421,0.9823696,0.9646515,0.96958506,0.96404725,0.9694788,0.9275873,0.9634364,0.96494204,0.9779828,0.95125014,0.9622933,0.9707513,0.9618546,0.9643288,0.96838844,0.96457887,0.9853233,0.9700105,0.960425,0.9743378,0.96429896,0.973527,0.95011675,0.95637465,0.97740555,0.95196784,0.9656791,0.96765405,0.97135925,0.9302484,0.95721036,0.96920276,0.9571447,0.9678229,0.9683967,0.9556316,0.9853233,0.96330225,0.9672609,0.96620697,0.9673765
ahiddenlifefilm,0.9881402,0.97769403,0.9797784,0.97206676,0.9754163,0.9698744,0.9867008,0.9853233,1.0000001,0.9715644,0.9836256,0.9805786,0.9844126,0.98181707,0.9793717,0.97969157,0.9835843,0.9793678,0.9792207,0.97483236,0.9842068,0.9761225,0.9849842,0.98802394,0.9780192,0.8578467,0.9758815,0.9830203,0.98701817,0.9852372,0.9755257,0.9806623,0.98113054,0.9794849,0.96847993,0.9351067,0.98532677,0.98313034,0.9851137,0.9764468,0.9664455,0.9870332,0.9658619,0.98317814,0.98090976,0.9818273,0.9826639,0.984299,0.9743565,0.9852473,0.988897,0.9832067,0.9808435,0.9760383,0.96672326,0.97216165,0.98328334,0.9784761,0.97785723,0.96893686,0.9672695,0.97786397,0.98112994,0.97834855,0.98301274,0.98748165,0.97616404,0.9718864,0.9771202,0.96945363,0.9807434,0.79667634,0.9693548,0.98260564,0.9747756,0.97731423,0.94238204,0.98588693,0.98084825,0.9806323,0.9802465,0.9856185,0.9857541,0.9752759,0.9769379,0.9719436,0.9695567,0.98396367,0.97760665,0.98677623,0.97981906,0.9807434,0.9725884,0.9820825,0.9856729,0.98050714,0.98153025,0.9801567,0.978661,0.98538315,0.981734,0.9816157,0.979691,0.9827481,0.9738123,0.9889911,0.98249876,0.9799324,0.9761898,0.96824425,0.98262566,0.86765665,0.97949046,0.93566763,0.97658306,0.98852414,0.98904556,0.9772047,0.98442775,0.9823767,0.9769426,0.977009,0.9853103,0.96538067,0.9891318,0.9787475,0.98043984,0.9799986,0.9798035,0.95149696,0.98393345,0.9739019,0.98799384,0.9619354,0.9758088,0.985895,0.9855136,0.9739733,0.9769588,0.9832632,1.0000001,0.9810258,0.9773282,0.9818782,0.98236793,0.9820618,0.9632588,0.9679071,0.98320836,0.9650706,0.9784497,0.9850939,0.9813842,0.94605976,0.9717461,0.98201287,0.9728967,0.9777098,0.98201203,0.9729239,1.0000001,0.9701783,0.9816871,0.9839882,0.98445266
alitamovie,0.9584599,0.9436352,0.9481111,0.9448123,0.9554999,0.94343144,0.95556605,0.95653415,0.9715644,0.9999998,0.9619906,0.97158146,0.9529121,0.949954,0.9494299,0.9535894,0.9555856,0.95981264,0.9572869,0.94004214,0.95727056,0.9335599,0.9668568,0.9696202,0.95115775,0.8502627,0.95676965,0.9540402,0.9543593,0.9597224,0.9498986,0.95577204,0.9616876,0.9654935,0.9410843,0.9098605,0.95303714,0.9655136,0.9575594,0.94542384,0.9394989,0.96113527,0.93281126,0.95675224,0.9537315,0.9533305,0.96440434,0.96122205,0.943921,0.956578,0.96239257,0.9499993,0.9490243,0.95618325,0.94046277,0.95764965,0.9650937,0.95643276,0.9468329,0.9559157,0.9538159,0.95075285,0.9656923,0.9423741,0.9529642,0.9663816,0.93767655,0.93165684,0.9320318,0.944397,0.96392184,0.7696995,0.9462694,0.9538676,0.94766945,0.95752734,0.9086669,0.9700988,0.94997984,0.94984555,0.9581155,0.9559867,0.9598101,0.9503439,0.955641,0.9444515,0.94361925,0.9455544,0.9657249,0.95750904,0.9498096,0.96392184,0.9544351,0.9586668,0.9598983,0.9566231,0.9473175,0.95390207,0.94193655,0.96016777,0.9519986,0.95005983,0.9497272,0.9700128,0.96129054,0.96848583,0.9593809,0.9531636,0.9459924,0.93225,0.954251,0.8564022,0.9507944,0.9068755,0.9385469,0.95576257,0.96473104,0.9538511,0.9660748,0.9534185,0.9562584,0.9525796,0.96043295,0.943915,0.9603168,0.9476568,0.9543521,0.95224,0.9653239,0.9180228,0.9643821,0.96008986,0.96239096,0.9339994,0.95714414,0.9585815,0.95931774,0.95310754,0.9642682,0.9533722,0.9715644,0.9489495,0.9581663,0.95728445,0.9535641,0.9526308,0.94960195,0.9408763,0.9505045,0.94158727,0.95363975,0.9563339,0.949861,0.91475976,0.96620274,0.9690035,0.9661134,0.95163906,0.95636576,0.94470185,0.9715644,0.9497146,0.9515855,0.9638254,0.9592812
angelhasfallen,0.9759009,0.9637668,0.97381246,0.9612583,0.9617885,0.952678,0.9720617,0.97568005,0.9836256,0.9619906,0.99999994,0.96559566,0.9707171,0.96873444,0.9700545,0.96990895,0.9635902,0.9705721,0.9779477,0.966239,0.964111,0.95137334,0.9751112,0.9702412,0.96619993,0.8318562,0.9644163,0.96769905,0.9652459,0.9712846,0.9758912,0.9692064,0.9624924,0.95771736,0.9566236,0.9115215,0.96852165,0.97113067,0.9699929,0.964208,0.95677483,0.96816945,0.9459823,0.9667161,0.9772133,0.9607264,0.97024804,0.96898174,0.9512327,0.9645486,0.9694131,0.9733705,0.96777624,0.9695853,0.95335466,0.9618917,0.97178024,0.96644217,0.97241783,0.9617353,0.95224553,0.96652603,0.96609396,0.96734667,0.97106946,0.9784378,0.9627085,0.96510375,0.96885806,0.96414286,0.971414,0.7706391,0.9531423,0.96564233,0.9694392,0.9606202,0.91616666,0.9712867,0.97193253,0.9582186,0.96749216,0.96897125,0.9716278,0.959486,0.96196425,0.9568517,0.97159755,0.9750444,0.9654123,0.96797866,0.9642647,0.971414,0.9542143,0.97351265,0.96951675,0.9705439,0.9672486,0.96559453,0.9621681,0.9657407,0.9633509,0.97026783,0.9650619,0.9794289,0.95904243,0.97213376,0.9676396,0.9699945,0.9587205,0.94463813,0.965132,0.864377,0.9680147,0.9064742,0.95802766,0.9713578,0.9710705,0.96122926,0.9731081,0.96246314,0.96518606,0.96905124,0.97459716,0.94915974,0.9749029,0.9761924,0.96530664,0.96143526,0.9660514,0.92591035,0.9660263,0.96645117,0.97631735,0.9482798,0.96126497,0.9728645,0.96608555,0.9644638,0.97164875,0.9684731,0.9836256,0.9673242,0.95822865,0.9665826,0.9629227,0.97044015,0.94352657,0.9650935,0.9708328,0.94740313,0.9678149,0.97118217,0.95920587,0.9344698,0.9639949,0.97639835,0.965532,0.96587986,0.973398,0.95969576,0.9836256,0.955174,0.9715773,0.9703884,0.96490896
angrybirdsmovie,0.9634727,0.9644782,0.9773841,0.9539126,0.9607649,0.96460515,0.9662847,0.9610506,0.9805786,0.97158146,0.96559566,0.99999964,0.96940905,0.9705799,0.9597542,0.9660695,0.971662,0.96548337,0.9601776,0.9510748,0.969357,0.9545829,0.9695639,0.9764882,0.9644795,0.835553,0.96332264,0.96813893,0.97526914,0.96773404,0.9498183,0.9624639,0.96568334,0.9699237,0.9419147,0.9108462,0.9603855,0.9755883,0.9687157,0.954568,0.9486438,0.9692358,0.966499,0.9619989,0.9719925,0.9600127,0.96553516,0.96493334,0.9483148,0.96340376,0.979771,0.9622578,0.9639958,0.95868886,0.94382423,0.9627714,0.97079897,0.9592072,0.9648135,0.9612986,0.9557471,0.9580133,0.9700648,0.9578818,0.9598183,0.96344715,0.9578779,0.9433998,0.9494367,0.9507556,0.9727772,0.77639866,0.9424495,0.9654745,0.953707,0.95890987,0.9200818,0.9760176,0.9700515,0.9615747,0.9648062,0.9635925,0.9715821,0.9570064,0.9688869,0.9568979,0.9613519,0.96300894,0.9649912,0.96781987,0.9628006,0.9727772,0.95932996,0.961865,0.9748098,0.96483696,0.96730024,0.97140676,0.9595467,0.9686837,0.956633,0.9624686,0.96141326,0.9772625,0.96927816,0.9839592,0.9642826,0.9625287,0.9690837,0.95040804,0.9618251,0.8425458,0.9646026,0.9079143,0.9557631,0.969316,0.9728626,0.95510113,0.9749924,0.9619425,0.96946084,0.9661108,0.9631085,0.9554974,0.96941733,0.96311,0.9695807,0.96170175,0.9669786,0.94195396,0.9729538,0.9609391,0.9692768,0.9439893,0.95991796,0.96111804,0.9701553,0.961829,0.9765688,0.96405375,0.9805786,0.96776843,0.9664463,0.9629986,0.95400816,0.9643404,0.9548406,0.9480195,0.9622697,0.94888645,0.9614101,0.9688914,0.962478,0.9150139,0.9760028,0.97418314,0.9621108,0.9599579,0.9622009,0.9550545,0.9805786,0.95674074,0.965285,0.9666164,0.97219175
annabellemovie,0.9712658,0.9518355,0.9715357,0.96133506,0.9614486,0.9658432,0.971439,0.9730839,0.9844126,0.9529121,0.9707171,0.96940905,1.0000001,0.96566784,0.9655244,0.9677819,0.9763664,0.96257794,0.96358174,0.9629785,0.97073245,0.9674202,0.96922904,0.97023994,0.9740431,0.8450081,0.9502887,0.97345287,0.9738533,0.97165036,0.9665054,0.9747342,0.9627045,0.96734816,0.9538255,0.9270117,0.9694308,0.9765258,0.9748225,0.9662253,0.9635127,0.9735837,0.95048714,0.9669804,0.9659464,0.97129416,0.9665035,0.9710334,0.9601648,0.966627,0.97661465,0.97303957,0.9715263,0.9631421,0.9594169,0.955791,0.96288216,0.9676597,0.963591,0.95640665,0.96624714,0.9642155,0.965375,0.96521264,0.96939933,0.9713892,0.9702829,0.9658901,0.9718974,0.962543,0.96499854,0.81695575,0.95711976,0.9728894,0.9602596,0.966152,0.9447835,0.9712631,0.9661164,0.9710331,0.9631119,0.9716835,0.98056984,0.9643738,0.9744847,0.9656797,0.9629593,0.9867357,0.958521,0.9772118,0.9680644,0.96499854,0.9556325,0.95881045,0.9733296,0.96315247,0.9715809,0.9671256,0.9667256,0.97021216,0.9638346,0.97065455,0.9718086,0.96994334,0.9502442,0.9734833,0.98055035,0.9678233,0.97030675,0.95654756,0.9654648,0.86257565,0.9636483,0.9287866,0.9688886,0.9802198,0.9744362,0.9605491,0.9623504,0.96720487,0.96461743,0.9631657,0.97057796,0.9616505,0.97498524,0.9684599,0.97743565,0.9647866,0.9626937,0.9411247,0.96314865,0.95431995,0.9766369,0.95228964,0.9593918,0.9770816,0.9673312,0.9652618,0.9647393,0.965488,0.9844126,0.9763652,0.9645975,0.96800363,0.9692852,0.97102064,0.9483937,0.96367353,0.96798927,0.9561326,0.9616473,0.96571326,0.968353,0.9407716,0.95217973,0.9640285,0.95135635,0.9570253,0.9614781,0.96356446,0.9844126,0.9633792,0.9676894,0.9718145,0.9735123
annamovie,0.9703883,0.967818,0.9717655,0.94338125,0.96172005,0.9596732,0.96681535,0.97255856,0.98181707,0.949954,0.96873444,0.9705799,0.96566784,1.0000001,0.96912694,0.96727777,0.96628493,0.9623236,0.96179193,0.96622854,0.9676851,0.9641759,0.9646243,0.965342,0.9590065,0.82778364,0.96331316,0.9697557,0.97503334,0.97707623,0.9590659,0.96281904,0.9599912,0.9538936,0.94859475,0.9232812,0.9672122,0.9607429,0.96688473,0.9529252,0.94527686,0.96698505,0.94900304,0.9596054,0.96800345,0.9585998,0.9601006,0.9551692,0.94708747,0.9626684,0.97360194,0.954754,0.965401,0.95948064,0.93893903,0.95907104,0.96501064,0.9553478,0.9600184,0.9524499,0.9549634,0.9645693,0.9603638,0.98452765,0.95442516,0.96352214,0.9592745,0.94724095,0.96208614,0.94993156,0.965594,0.77962303,0.94117296,0.96964175,0.9541755,0.95460033,0.92290545,0.96743745,0.96891564,0.9690406,0.9583349,0.95910996,0.9667664,0.9611559,0.9559044,0.9558447,0.9573644,0.9698911,0.95533603,0.96973205,0.9646478,0.965594,0.9517938,0.9629132,0.9705188,0.965751,0.9670288,0.9649951,0.95855814,0.9734313,0.9626412,0.9612031,0.9671607,0.96672976,0.972757,0.97543097,0.954263,0.9726006,0.9602648,0.95289934,0.96358925,0.8375477,0.9640829,0.9200791,0.9569894,0.97684515,0.9707629,0.9519768,0.96368915,0.9671125,0.9723924,0.96748555,0.96062875,0.9534939,0.9785739,0.9659714,0.963142,0.9643759,0.9658829,0.93424296,0.9672432,0.9535348,0.9711178,0.9550794,0.95956427,0.9706531,0.96369356,0.943267,0.9671935,0.96062136,0.98181707,0.9726734,0.96393734,0.97385085,0.9623282,0.9527398,0.9496303,0.94275063,0.98101133,0.9504486,0.96507055,0.96663284,0.9679601,0.9250381,0.960382,0.9641994,0.9559479,0.96180063,0.9729941,0.9621282,0.98181707,0.9492718,0.96992004,0.9624717,0.96616286
apollo11movie,0.96558726,0.95687294,0.9617592,0.9556969,0.9591178,0.94691044,0.97175574,0.9722918,0.9793717,0.9494299,0.9700545,0.9597542,0.9655244,0.96912694,1.0,0.9638486,0.95994735,0.9734131,0.9688784,0.9813251,0.9627588,0.95861995,0.9655111,0.9677119,0.95554584,0.8253733,0.96681696,0.96005565,0.97239393,0.97106105,0.96730417,0.96996516,0.9584056,0.9472398,0.9577895,0.9168283,0.9584444,0.9550871,0.9635576,0.97219396,0.94487166,0.9631471,0.93457687,0.9605743,0.9688132,0.94510925,0.96510965,0.95907867,0.96558,0.95722336,0.9697867,0.97397405,0.9647139,0.96131134,0.9434347,0.9490326,0.97151953,0.96221495,0.9700233,0.95666283,0.95099705,0.96136695,0.9602383,0.96102256,0.9564497,0.9647445,0.96298206,0.9535713,0.96509933,0.95846695,0.964495,0.79081166,0.9374669,0.9686889,0.9512398,0.9548112,0.91411495,0.9687422,0.97234964,0.9773947,0.96765864,0.96039927,0.9668027,0.955114,0.94891834,0.94704205,0.9526649,0.964908,0.9463594,0.9657486,0.9509294,0.964495,0.95102805,0.96181166,0.96128213,0.9841492,0.9629365,0.964672,0.9659823,0.95914775,0.9482411,0.9521869,0.9652086,0.9647395,0.9568909,0.9683302,0.9686183,0.9566238,0.9607657,0.9585288,0.96192086,0.83201563,0.96319896,0.9007675,0.95393884,0.96565115,0.9603447,0.95203876,0.97456276,0.9700903,0.95537204,0.97226334,0.96562654,0.9463417,0.9775306,0.9734865,0.9504552,0.9652627,0.9626724,0.93475246,0.9630276,0.9558002,0.9678211,0.94358104,0.96205604,0.9720293,0.9557177,0.96736526,0.96061933,0.9606032,0.9793717,0.9682218,0.94421935,0.97233427,0.9698277,0.96847653,0.93205386,0.9569247,0.97387064,0.9364683,0.96650445,0.9664385,0.96123356,0.9242766,0.9575524,0.962844,0.9587229,0.9604748,0.97429013,0.9556125,0.9793717,0.9627569,0.9587257,0.9652795,0.96672225
arcticdogsmovie,0.96795565,0.97203386,0.97021693,0.94666123,0.9757454,0.95457935,0.962152,0.9644024,0.97969157,0.9535894,0.96990895,0.9660695,0.9677819,0.96727777,0.9638486,0.9999999,0.97309744,0.96961945,0.9655419,0.96644306,0.9629186,0.9534945,0.9683751,0.9739451,0.957132,0.8207797,0.957372,0.9717932,0.97483677,0.97713065,0.9634329,0.970667,0.9614578,0.9587379,0.94711816,0.9073793,0.9682658,0.9599899,0.96744233,0.95806915,0.9407234,0.9672849,0.9506993,0.96373224,0.96657026,0.95941514,0.96603644,0.9739157,0.9438255,0.9672732,0.97266406,0.96237224,0.9656641,0.9621454,0.9349798,0.97266996,0.96648425,0.96385694,0.96901333,0.95531726,0.9645194,0.95504767,0.96353626,0.9676892,0.96647567,0.9684633,0.97073114,0.95138854,0.96051306,0.9550363,0.97142124,0.75441134,0.9477691,0.95413804,0.94140136,0.96024686,0.90369564,0.97556007,0.9652528,0.9657653,0.9579746,0.9600517,0.9733921,0.9516867,0.9450278,0.94977325,0.94165224,0.97308457,0.9449526,0.97158414,0.9687088,0.97142124,0.96095914,0.96335554,0.970518,0.9612398,0.9639222,0.9683495,0.95605606,0.9670765,0.96036446,0.9581131,0.9530401,0.9771353,0.9563513,0.9729056,0.9624438,0.97698367,0.9722961,0.9490582,0.95794123,0.8379233,0.97167176,0.9013076,0.948207,0.9673476,0.9674244,0.9485472,0.9732977,0.95431364,0.9756471,0.97272456,0.96290594,0.9449582,0.97185355,0.9646241,0.9659076,0.9545879,0.96063113,0.9365201,0.9688557,0.96001154,0.97567755,0.9320096,0.9613767,0.9749032,0.9654575,0.9547006,0.9668057,0.96584994,0.97969157,0.97454923,0.9513395,0.9657469,0.9635693,0.96155506,0.93152267,0.95653373,0.9710584,0.9292058,0.96403164,0.9663328,0.96015054,0.9201742,0.95671976,0.97175574,0.95435745,0.9607321,0.97536343,0.9539712,0.97969157,0.9507892,0.966412,0.96038276,0.97033244
arcticmovie,0.9736631,0.97262913,0.97296387,0.96618235,0.9635598,0.9583564,0.96706504,0.97007674,0.9835843,0.9555856,0.9635902,0.971662,0.9763664,0.96628493,0.95994735,0.97309744,0.9999998,0.97016245,0.9619989,0.95879585,0.97380626,0.9607731,0.9690704,0.9808775,0.9661187,0.8379136,0.9549449,0.9868489,0.9743689,0.97260284,0.954303,0.9704404,0.96264166,0.9670914,0.9387701,0.903114,0.969293,0.96575224,0.97959036,0.9609451,0.95862246,0.9741539,0.9618372,0.970767,0.9652178,0.9613017,0.96656317,0.9695462,0.9609368,0.9751126,0.9797411,0.97109425,0.96776426,0.96394104,0.9481126,0.9653476,0.97559583,0.96679306,0.96176773,0.9714914,0.96356833,0.9645862,0.9658744,0.9592416,0.96964926,0.9671575,0.9641172,0.9615933,0.9597451,0.9493126,0.9790645,0.763121,0.95541984,0.9743954,0.956481,0.97212946,0.91161084,0.97151154,0.9717188,0.9627836,0.9686059,0.9683362,0.9721129,0.9591426,0.968564,0.9662307,0.9468805,0.97189945,0.9580373,0.9745971,0.9725932,0.9790645,0.9637956,0.96678346,0.97866607,0.960725,0.9754432,0.97175235,0.96094054,0.9729274,0.9583705,0.96307844,0.960943,0.97930896,0.9623592,0.976731,0.96949065,0.96692544,0.9657799,0.9558115,0.9626828,0.84804505,0.97142524,0.9111567,0.9598299,0.96941084,0.9736617,0.95289975,0.96820754,0.9634476,0.9720594,0.9671354,0.9646136,0.94569194,0.9723729,0.95984477,0.9691942,0.96434253,0.96854764,0.93176204,0.9708459,0.9566665,0.9870584,0.96020746,0.96369827,0.9730948,0.9748904,0.9609883,0.97500706,0.96601135,0.9835843,0.9701608,0.9576328,0.9698631,0.9622383,0.9640891,0.9490158,0.9478167,0.970197,0.94893664,0.96624374,0.96577644,0.9682,0.9240959,0.96615094,0.97953564,0.9547265,0.9711336,0.9703078,0.9668098,0.9835843,0.9593057,0.9679194,0.9672952,0.97681653
artofracingmovie,0.9707725,0.9647569,0.96346074,0.9712745,0.9791951,0.95185125,0.9673833,0.96781194,0.9793678,0.95981264,0.9705721,0.96548337,0.96257794,0.9623236,0.9734131,0.96961945,0.97016245,1.0000002,0.96649355,0.9622383,0.9612305,0.9510032,0.9635071,0.9755422,0.9616202,0.8162092,0.9714374,0.96825695,0.9668711,0.96690893,0.963108,0.9711753,0.9536213,0.9518067,0.95821506,0.91176444,0.96255696,0.96217203,0.965817,0.9702889,0.9529083,0.957966,0.94800013,0.9588452,0.97135127,0.9424392,0.962028,0.96379536,0.95793456,0.95782024,0.9701634,0.97560483,0.9652814,0.9624111,0.93727094,0.9752155,0.9738254,0.96124905,0.9681128,0.9639595,0.9545777,0.95846474,0.968234,0.9588182,0.96752745,0.9654967,0.95614773,0.9575974,0.95795345,0.94835055,0.9758946,0.7662861,0.94663817,0.9661874,0.9590803,0.9560082,0.905329,0.96950895,0.9650229,0.9549284,0.96721697,0.9657806,0.9682717,0.9447263,0.9519667,0.945377,0.9555908,0.9656449,0.9541861,0.9594082,0.9536847,0.9758946,0.9544537,0.9654879,0.9643323,0.9676208,0.9660696,0.96412134,0.9596917,0.96105975,0.9467778,0.9570636,0.9596013,0.9797841,0.9485587,0.9714722,0.971992,0.9581637,0.95529383,0.9557981,0.9620215,0.8459944,0.9700136,0.9018069,0.9534539,0.9636107,0.9699826,0.9497927,0.974962,0.9585169,0.96664554,0.96821845,0.9646038,0.9444576,0.97222257,0.9719966,0.9564142,0.95277256,0.9757231,0.9226624,0.96615356,0.9743135,0.98035365,0.9423141,0.9662209,0.9664459,0.9698746,0.9628737,0.96958804,0.9671791,0.9793678,0.96464324,0.94580954,0.9628345,0.9713105,0.9726684,0.9427168,0.9597662,0.96944225,0.93319035,0.96509534,0.97063905,0.9599113,0.91247135,0.9706668,0.9712157,0.9608995,0.97497284,0.9813338,0.9571599,0.9793678,0.96774703,0.9594135,0.9578909,0.96639895
avengers,0.9803529,0.96036845,0.9581032,0.94838434,0.95699775,0.94360465,0.96830004,0.9714544,0.9792207,0.9572869,0.9779477,0.9601776,0.96358174,0.96179193,0.9688784,0.9655419,0.9619989,0.96649355,0.9999999,0.9606922,0.9670293,0.94641757,0.9666145,0.9638746,0.95893914,0.83657765,0.9488947,0.9526219,0.95976245,0.9711871,0.98387283,0.96581054,0.9624376,0.9535483,0.9544576,0.89107513,0.96984464,0.96067226,0.97031885,0.9659098,0.95592576,0.9663335,0.93563545,0.9612047,0.97070247,0.9566557,0.9632367,0.97409636,0.9446934,0.9599093,0.9619413,0.9682088,0.95749134,0.9603446,0.961902,0.95869905,0.97651416,0.9720727,0.9560315,0.94772905,0.94872403,0.95323855,0.9634395,0.9640092,0.9666054,0.9704324,0.9602962,0.96374536,0.96319246,0.9487093,0.9630779,0.76731443,0.9484976,0.9576476,0.9582927,0.9667514,0.92522275,0.9667599,0.9717391,0.95968103,0.9600396,0.9632086,0.9679259,0.95817435,0.9612697,0.95793253,0.9557326,0.9664519,0.9551042,0.96870786,0.9583907,0.9630779,0.9500699,0.96642584,0.957802,0.96987504,0.9589314,0.95626175,0.9686059,0.9557519,0.9643478,0.96007746,0.95404506,0.96788883,0.95654553,0.96223783,0.96510553,0.9636539,0.94768184,0.93536633,0.9668157,0.8508656,0.9688141,0.8988546,0.9510183,0.9691732,0.97099596,0.9536849,0.9765389,0.9651772,0.95615757,0.9712418,0.9744897,0.93758166,0.97211915,0.96102154,0.9618005,0.9615087,0.9634151,0.93307954,0.96246344,0.96972644,0.9718593,0.95062274,0.969787,0.9741166,0.9619966,0.9531568,0.96461946,0.96487075,0.9792207,0.9530496,0.9573341,0.9682352,0.96702576,0.9615638,0.93122095,0.9592142,0.9684263,0.9424861,0.9666532,0.954498,0.9609842,0.92580634,0.94609827,0.96109146,0.9536221,0.9676338,0.97241586,0.9555917,0.9792207,0.95428765,0.9676377,0.9639511,0.9557393
beachbummovie,0.96148425,0.9535971,0.9611108,0.9490659,0.9596952,0.9433541,0.9570088,0.9731842,0.97483236,0.94004214,0.966239,0.9510748,0.9629785,0.96622854,0.9813251,0.96644306,0.95879585,0.9622383,0.9606922,0.99999994,0.9637428,0.9548912,0.96043706,0.96440893,0.95974714,0.8084656,0.95185655,0.96728283,0.9705314,0.9718809,0.9569302,0.95898104,0.94684273,0.9440556,0.9492725,0.9186224,0.9530448,0.9524551,0.9594951,0.96086955,0.9330899,0.9576832,0.92698646,0.94839114,0.9617296,0.9511715,0.9574642,0.9560881,0.9594113,0.9507363,0.96214575,0.9659516,0.9649163,0.9601196,0.9338306,0.9498522,0.9593288,0.9616743,0.96465653,0.9553669,0.9434474,0.96041256,0.94860613,0.9543954,0.9553185,0.96295357,0.9562647,0.9485278,0.9697293,0.95394343,0.9620842,0.8242677,0.94307125,0.96670145,0.94298285,0.94929326,0.90530324,0.96539795,0.968533,0.96635264,0.96277577,0.9521103,0.95559686,0.95104945,0.9412072,0.95147806,0.94893324,0.9652498,0.9461298,0.9640716,0.9483386,0.9620842,0.9425124,0.9552904,0.95367885,0.9669641,0.9639876,0.9591376,0.94877535,0.9556922,0.9431721,0.956871,0.955648,0.96399486,0.95048445,0.9598686,0.9591827,0.96126235,0.9668606,0.949402,0.9590299,0.83752614,0.961019,0.9118226,0.9474245,0.9649394,0.9532121,0.9427355,0.96667296,0.9558081,0.95135176,0.9668618,0.95568705,0.94248134,0.9688392,0.9668504,0.94903165,0.95208997,0.9530325,0.91946065,0.9627647,0.94625133,0.96405596,0.9397811,0.9660282,0.9660042,0.9500623,0.9616155,0.95640427,0.96050936,0.97483236,0.96328276,0.9388219,0.9691762,0.9601077,0.9621683,0.9336882,0.94625074,0.9707879,0.929861,0.95582926,0.9555571,0.94761324,0.9201346,0.94563323,0.95553833,0.94861907,0.9559015,0.9703537,0.9582707,0.97483236,0.9464534,0.95584154,0.9590346,0.9633486
bernadettefilm,0.9747947,0.9520878,0.9687202,0.956338,0.95494014,0.96316266,0.9627742,0.9665205,0.9842068,0.95727056,0.964111,0.969357,0.97073245,0.9676851,0.9627588,0.9629186,0.97380626,0.9612305,0.9670293,0.9637428,1.0000001,0.9681987,0.9771724,0.97265905,0.9645366,0.85846937,0.9602257,0.96631795,0.97213256,0.96815693,0.9527914,0.95664203,0.96813774,0.9682717,0.9352389,0.92873585,0.969839,0.9666067,0.9687209,0.9561417,0.9475573,0.9756727,0.9427711,0.96253324,0.96337986,0.9703402,0.9744785,0.97400755,0.95586663,0.96868265,0.97605145,0.9628069,0.97189796,0.95332545,0.95592767,0.95375466,0.97078526,0.9646974,0.96110445,0.96306974,0.9529698,0.96104884,0.9541984,0.9609423,0.9646894,0.9730949,0.96931815,0.9589196,0.95617175,0.96411955,0.9710115,0.81183606,0.96009785,0.9625295,0.956346,0.9696788,0.93702424,0.9648583,0.9657929,0.9693514,0.96614885,0.9618725,0.966555,0.9576449,0.9647752,0.96279556,0.9573085,0.96890795,0.96788883,0.9755396,0.9671954,0.9710115,0.9456115,0.96699774,0.972799,0.96518594,0.96634924,0.9560317,0.95378643,0.9682762,0.9722024,0.9700767,0.95910984,0.9706177,0.9637221,0.9715544,0.96735865,0.96694,0.96595496,0.9502845,0.96427226,0.8672173,0.96569365,0.92143106,0.9648235,0.9781395,0.97231734,0.9570712,0.97419995,0.96119225,0.9575351,0.9622306,0.9660506,0.9520124,0.9688387,0.9669925,0.9641368,0.9587261,0.9623948,0.9365625,0.9755556,0.94980454,0.9746111,0.9431365,0.9591016,0.9723737,0.9749625,0.95772904,0.9702501,0.9807693,0.9842068,0.96471626,0.9675797,0.9736537,0.966908,0.9627447,0.9509662,0.9370117,0.9643405,0.94544315,0.9581272,0.9633364,0.97252524,0.9382082,0.953927,0.9656819,0.94894403,0.96957594,0.96616054,0.9640853,0.9842068,0.9447747,0.97056454,0.9735815,0.97358614
