movie,21bridgesmovie,47metersdown,abeautifuldaymovie,abominablemovie,adastramovie,adogsjourneymovie,aftermathmovie,aftermovie,ahiddenlifefilm,alitamovie,angelhasfallen,angrybirdsmovie,annabellemovie,annamovie,apollo11movie,arcticdogsmovie,arcticmovie,artofracingmovie,avengers,beachbummovie,bernadettefilm,blackandbluemovie,blackchristmas,blindedbythelightmovie,bombshellmovie,booksmart,breakthroughmovie,brianbanksmovie,brightburnmovie,brittanyrunsmov,captainmarvelofficial,captivestatemovie,catsmovie,charliesangels,childsplaymovie,clarathefilm,coldpursuitmovie,countdown,currentwarmovie,darkwatersmovie,detectivepikachumovie,disneyaladdin,disneyfrozen,disneymaleficent,doctorsleepmovie,dolemiteismyname,dontletgomovie,doramovie,downtonabbey_official,dumbo,escaperoom,everybodyknowsmovie,fastandfuriousmovie,fightingwmyfam,fivefeetapartfilm,fordvferrari,freaksthefilm,geminimanmovie,glassmovie,gloriabellmovie,godzillamovie,goldfinchmovie,goodboysmovie,goodliarmovie,gretafilm,halathemovie,happydeathdaymovie,harrietfilm,hellboymovie,hersmellmovie,highlifemovie,highstrungmovie,honeyboymovie,hotelmumbaifilm,httydragon,hustlemovie,hustlersmovie,isntitromantic,itmovieofficial,jayandsilentbob,johnwickmovie,jojorabbitmovie,jokermovie,judythefilm,jumanjimovie,justmercyfilm,knivesout,lalloronamovie,lastblackmansf,lastchristmasthemovie,latenightmovie,lighthousemovie,lionking,littlethemovie,littlewomenmovie,littlewoodsfilm,longshotmovie,lordsofchaosmovie,lucyintheskyfilm,mamovie2019,marriagestory,meettheaddams,meninblack,midsommarmovie,midwaymovie,missbalamovie,missinglinkfilm,motherlessbklyn,onceinhollywood,onthebasisofsex,overcomermovie,peanutbutterfalcon,petsematarymovie,piercingmovie,playingwithfire,playmobilthemovie,pomsmovie,queenandslim,rambomovie,readyornotfilm,richardjewellfilm,rocketmanmovie,scarystoriesmovie,secretlifeofpets,serenityfilm,shaftmovie,shazammovie,spidermanmovie,spiesindisguise,starwars,stormboymovie,stubermovie,taosdfilm,teenspiritmov,terminator,theaeronautsmov,thebestofenemies,thedeaddontdie,thefarewell,thehighwaymen,thehummingbirdprojectfilm,theintrudermovie,theirishmanfilm,thekitchenmovie,thelegomovie,themustangfilm,thenightingalefilm,theprodigymovie,thesunisalsoastar,theupsidefilm,tolkienmovie,toystory,triplefrontier,uglydolls,uncutgems,underthesilverlake,usmovie,wavesmovie,whatmenwant,wonderparkmovie,wrinklestheclown,xmenmovies,yardiefilm,yesterdaymovie,zombieland
21bridgesmovie,1.0000001,0.9527967,0.95453346,0.9531837,0.9513705,0.9434012,0.9522117,0.95497847,0.97725624,0.93593234,0.95508283,0.95228875,0.95341784,0.9561959,0.96243095,0.9516131,0.95862603,0.9571747,0.96552366,0.9481401,0.95008326,0.9551755,0.9459723,0.95332956,0.95477986,0.9052638,0.94924295,0.9516438,0.9558968,0.94533527,0.9421905,0.9599464,0.92900205,0.945026,0.9288813,0.9153156,0.9462378,0.9643624,0.9531426,0.95605135,0.9465158,0.9629494,0.9477883,0.9652917,0.9538019,0.95548064,0.95464903,0.9599857,0.94903344,0.9632807,0.9557862,0.962954,0.94901276,0.95048946,0.94999677,0.9492863,0.95364714,0.95686615,0.96090186,0.96259725,0.9508193,0.94899637,0.9547236,0.95623106,0.95960087,0.95637256,0.93537074,0.9534194,0.9483571,0.94809806,0.96791476,0.8117981,0.94199187,0.962419,0.95069945,0.94519216,0.91844726,0.951175,0.9532667,0.9438964,0.95149183,0.94801956,0.95821595,0.9395845,0.9507671,0.9462989,0.9538116,0.9612301,0.95512867,0.9577584,0.9546308,0.96791476,0.944634,0.9486862,0.9455348,0.9489569,0.95220786,0.9575673,0.9403537,0.9454499,0.94324267,0.9557033,0.9480678,0.956119,0.94989055,0.95268023,0.9608369,0.94883275,0.9365533,0.9548602,0.9607005,0.8648424,0.96276504,0.9288992,0.9444495,0.96078724,0.9877613,0.9459234,0.96600616,0.9542735,0.9536565,0.9507537,0.96260685,0.95321715,0.9584622,0.9513615,0.95302105,0.9418257,0.96440923,0.9473611,0.9558325,0.95792043,0.96215,0.95383906,0.9477481,0.9476776,0.95986366,0.95060456,0.9650044,0.9451074,0.97725624,0.96110845,0.9454913,0.9478028,0.9483377,0.9614505,0.95658094,0.9470418,0.9470387,0.96676004,0.9532637,0.95300037,0.95203865,0.9574739,0.9434859,0.95235634,0.94237894,0.9544818,0.95667404,0.94298553,0.97725624,0.94842356,0.95337063,0.9500664,0.9461546
47metersdown,0.9527967,1.0000001,0.9560934,0.93883497,0.9459911,0.94299936,0.9527577,0.9459584,0.9730218,0.9350604,0.9481247,0.94345486,0.95129347,0.95442563,0.9517581,0.965646,0.96015894,0.95790374,0.9439936,0.943039,0.9466195,0.9478689,0.942001,0.9472683,0.9501857,0.884849,0.9433335,0.9521347,0.9468269,0.9387694,0.94084233,0.9368512,0.9347704,0.93088764,0.94046575,0.9128114,0.95209646,0.9497684,0.95153266,0.9417108,0.94592464,0.9499678,0.9305093,0.95235825,0.95839185,0.9479166,0.9467009,0.9589091,0.94640553,0.95241475,0.94960004,0.9501607,0.9418187,0.95422244,0.9333787,0.9373706,0.93666154,0.944595,0.9473688,0.953978,0.94346476,0.94484824,0.946873,0.9524283,0.94693106,0.9462892,0.9305596,0.95556635,0.93989843,0.9320417,0.95518,0.80421364,0.9249545,0.946977,0.9374157,0.93663645,0.9098976,0.9489961,0.9475458,0.92838234,0.9432791,0.9465851,0.9486771,0.9489268,0.94157946,0.93936706,0.95029616,0.9554401,0.9370418,0.94410384,0.9520784,0.95518,0.9450003,0.94700146,0.9532838,0.9444277,0.94749916,0.95435137,0.9332454,0.93776643,0.93726045,0.94646287,0.94744796,0.9426441,0.9490736,0.9499389,0.95327544,0.94753516,0.9360008,0.9397712,0.95885897,0.87544525,0.95587456,0.9266257,0.9400442,0.95107186,0.9552425,0.94376874,0.9564802,0.9474809,0.9451056,0.9518567,0.9490385,0.94846964,0.95056295,0.9359418,0.95570433,0.9360684,0.94772905,0.93443996,0.95094144,0.94851327,0.95218414,0.9424411,0.9429539,0.9407507,0.9311334,0.93875676,0.9525195,0.9390486,0.9730218,0.9450708,0.9356041,0.94852436,0.9398658,0.9528102,0.94292736,0.9472605,0.942239,0.95047855,0.94914687,0.95185333,0.9474466,0.9299479,0.93955696,0.9382697,0.93373394,0.94425374,0.9468787,0.9474828,0.9730218,0.93868774,0.95039326,0.95151377,0.940373
abeautifuldaymovie,0.95453346,0.9560934,1.0,0.95004654,0.940059,0.94768304,0.95876473,0.9480824,0.97704023,0.9346776,0.95047396,0.954288,0.9441712,0.9446342,0.9583209,0.95534205,0.9625475,0.9558515,0.95421654,0.9522886,0.9514558,0.9616741,0.9427713,0.96198714,0.9579563,0.88322276,0.93949205,0.9556665,0.97024834,0.9511582,0.9521269,0.9505636,0.9426382,0.9540841,0.935792,0.92071384,0.9508307,0.9579889,0.9638299,0.9559831,0.94642097,0.9564704,0.9503265,0.958024,0.95732206,0.95507187,0.94580543,0.95179826,0.9495289,0.95846474,0.9723633,0.9558675,0.9510815,0.95891714,0.9428086,0.94761574,0.94494057,0.95609266,0.96086097,0.9629414,0.9530268,0.95262,0.9525542,0.9456371,0.9500181,0.95590067,0.9296919,0.95141095,0.94575334,0.9409571,0.96712524,0.80009204,0.9449644,0.96010023,0.9435612,0.938673,0.9112303,0.9549771,0.9498963,0.9441329,0.93661386,0.95385283,0.94762224,0.95325404,0.9509493,0.9572075,0.94115096,0.9527802,0.9601455,0.94463855,0.9526998,0.96712524,0.9494427,0.9435908,0.9651515,0.9507352,0.9559077,0.957276,0.9407109,0.9356998,0.9473012,0.9519982,0.9589691,0.95679015,0.9459313,0.97101444,0.95483667,0.9464552,0.95341,0.9508693,0.95346534,0.8858303,0.95179397,0.9325985,0.94511086,0.95423025,0.96513903,0.95138717,0.9541762,0.9581015,0.9508153,0.94842505,0.95641285,0.94560707,0.95448154,0.94434327,0.9515424,0.9602848,0.9535523,0.9405923,0.9611915,0.94588715,0.96484834,0.95360154,0.9493631,0.94782346,0.9509172,0.94864595,0.95672464,0.9533225,0.97704023,0.966966,0.9490196,0.95020044,0.949284,0.95405823,0.9488037,0.9547844,0.9429459,0.956772,0.9558655,0.97108525,0.95711046,0.931385,0.9502612,0.94916147,0.93294775,0.9501293,0.9469189,0.946021,0.97704023,0.95468146,0.9587231,0.94714206,0.9632772
abominablemovie,0.9531837,0.93883497,0.95004654,1.0,0.93790805,0.9365689,0.94532037,0.94443244,0.96556395,0.92607135,0.9443036,0.9515757,0.94806856,0.93961793,0.94818765,0.9351821,0.9513176,0.9454875,0.95837426,0.93568075,0.94133717,0.94825834,0.9324712,0.9519095,0.94365674,0.892322,0.934643,0.93698275,0.95135295,0.9386006,0.94665587,0.9346369,0.919746,0.93445516,0.9222089,0.9102262,0.9435466,0.9545177,0.9411646,0.9404882,0.94622546,0.9497869,0.94995296,0.94820154,0.94342726,0.93886375,0.9385123,0.94686526,0.93897104,0.95218825,0.9522065,0.94858557,0.9414753,0.9414255,0.94075614,0.93771935,0.93873286,0.94574887,0.95992976,0.94852024,0.93582404,0.95727617,0.9372372,0.9493621,0.94288003,0.94541955,0.92391914,0.9446615,0.93391126,0.94260466,0.9514585,0.7848012,0.9238985,0.94425976,0.9623389,0.9270319,0.8851697,0.93959355,0.9453603,0.93346953,0.92828846,0.94886523,0.9497972,0.93069655,0.9467312,0.9442507,0.9383309,0.9494856,0.94661695,0.9516242,0.94588417,0.9514585,0.9392185,0.9407627,0.9499643,0.9572886,0.94064206,0.94581217,0.94105756,0.9294594,0.939422,0.941346,0.9397965,0.94218284,0.93707466,0.9521704,0.9538616,0.9450135,0.936363,0.94143224,0.94922924,0.85921216,0.94429886,0.91115266,0.9425455,0.9413076,0.95246327,0.9385452,0.93443114,0.94616675,0.94227743,0.93739575,0.9566418,0.93070817,0.9398138,0.951603,0.9450755,0.94361657,0.94683826,0.9521041,0.95327526,0.93807983,0.9549723,0.94700944,0.93907505,0.9351435,0.9322584,0.9372198,0.95263356,0.93263346,0.96556395,0.9502255,0.9340936,0.94730544,0.9440437,0.9487577,0.94051445,0.9330393,0.9423572,0.9466015,0.94380593,0.9503333,0.9433405,0.92540914,0.9351203,0.9356289,0.9384456,0.9362307,0.9464778,0.94084233,0.96556395,0.945212,0.94867015,0.94395286,0.9419413
adastramovie,0.9513705,0.9459911,0.940059,0.93790805,1.0,0.93626225,0.9494306,0.9508689,0.9701223,0.9449319,0.95527285,0.9366254,0.9464214,0.9577611,0.9549025,0.94842756,0.95146644,0.971626,0.9517333,0.9342719,0.95533764,0.95090085,0.95434827,0.9453243,0.94686556,0.8793671,0.95593405,0.9427737,0.9449106,0.942766,0.9309606,0.93695915,0.9276961,0.93205196,0.92793673,0.92124903,0.94533646,0.94956684,0.9573085,0.9447866,0.9383419,0.9563268,0.944872,0.95414174,0.94646454,0.942711,0.9562419,0.94910246,0.94427097,0.9562846,0.9468863,0.94985527,0.9527492,0.94119436,0.9377397,0.9686171,0.9453972,0.94662935,0.9575698,0.9487419,0.935955,0.9494385,0.9452431,0.9513492,0.9435479,0.9472816,0.9314271,0.9495957,0.94750637,0.928754,0.9535349,0.7723082,0.9433405,0.9362742,0.9357895,0.94403726,0.89103556,0.93622065,0.9510615,0.938885,0.932101,0.9450958,0.94324315,0.93360174,0.94391406,0.93306404,0.9460682,0.9589903,0.9428806,0.94619584,0.94353336,0.9535349,0.952627,0.952075,0.93994826,0.95003134,0.9454445,0.9530447,0.9372885,0.9355274,0.9390985,0.94955724,0.9360933,0.9412411,0.952577,0.9463314,0.9585747,0.95168513,0.9441773,0.9411483,0.9516729,0.8646637,0.9502993,0.9217698,0.9502403,0.9500877,0.95282084,0.94192266,0.9442711,0.94669074,0.94146293,0.95331573,0.95103115,0.9367349,0.9483048,0.9456126,0.95229006,0.93921137,0.96246606,0.93871033,0.9486331,0.95474035,0.9567648,0.9412891,0.94559294,0.94293845,0.92483836,0.9391119,0.95689553,0.9287561,0.9701223,0.9526213,0.93578255,0.95205355,0.951207,0.94293994,0.94741446,0.94338274,0.94856435,0.9459544,0.94639146,0.94605833,0.95202947,0.9316954,0.9303003,0.9496264,0.9519043,0.93498766,0.9514907,0.9425347,0.9701223,0.95331943,0.9518677,0.9562266,0.94542027
adogsjourneymovie,0.9434012,0.94299936,0.94768304,0.9365689,0.93626225,0.9999998,0.95029676,0.9431303,0.96963716,0.93802756,0.94034165,0.9442449,0.9399785,0.9437283,0.9523075,0.9448785,0.9528541,0.9362658,0.9403337,0.93850666,0.94617254,0.9401741,0.9564467,0.9464621,0.9542241,0.877675,0.9336686,0.94731647,0.9430334,0.94847745,0.93669105,0.93296987,0.942929,0.93339795,0.92737234,0.9068609,0.94133246,0.94567734,0.9435521,0.9585486,0.9377157,0.95941633,0.94554853,0.9565131,0.95621055,0.93822414,0.96022415,0.9428254,0.9477228,0.9569878,0.9396172,0.95478123,0.9443521,0.9455207,0.9321285,0.9333311,0.946499,0.94417965,0.9507246,0.95211357,0.933009,0.9401352,0.9421517,0.9431487,0.95000666,0.9382521,0.92517,0.9508913,0.9475674,0.92179114,0.94896096,0.78480315,0.9370408,0.94472766,0.9455478,0.932811,0.8988373,0.9385845,0.93968797,0.93750435,0.9337291,0.9448482,0.9506043,0.9481175,0.9326994,0.93081456,0.9313143,0.9516157,0.93146986,0.9457609,0.9389059,0.94896096,0.9376698,0.95285606,0.94390595,0.9503975,0.94087553,0.94923973,0.9348481,0.9454566,0.9388586,0.94975984,0.9501557,0.94933176,0.93588704,0.93992704,0.9506175,0.9435295,0.93343633,0.9510505,0.94655484,0.8580778,0.9452404,0.91358185,0.93837005,0.9440242,0.9495409,0.945816,0.943664,0.94801533,0.9388048,0.9466201,0.95319456,0.95953506,0.950804,0.9503897,0.9530831,0.93473715,0.93633753,0.93197757,0.9421026,0.9278471,0.96046203,0.9473861,0.94757396,0.9518801,0.93912494,0.93709,0.94663227,0.9361417,0.96963716,0.93898076,0.9397479,0.94747496,0.9483915,0.9464845,0.9411958,0.94223946,0.9380392,0.94342643,0.95101625,0.95002735,0.9451874,0.9173282,0.9335756,0.94609684,0.94389844,0.9370413,0.94573385,0.94876415,0.96963716,0.9413616,0.9590103,0.95874095,0.92850286
aftermathmovie,0.9522117,0.9527577,0.95876473,0.94532037,0.9494306,0.95029676,1.0000004,0.95157605,0.97822416,0.93638206,0.95617265,0.95279264,0.9451834,0.95226514,0.96260774,0.94909215,0.957092,0.9543708,0.95529085,0.95512474,0.9472204,0.9478758,0.95705354,0.95505744,0.95410174,0.8975102,0.93946743,0.95318675,0.94743544,0.9479218,0.9440187,0.9495146,0.94496566,0.9437537,0.93975335,0.9165017,0.94974643,0.9577952,0.9576525,0.9481351,0.9513595,0.95648915,0.94700605,0.9559609,0.9605746,0.94775814,0.95776135,0.9510628,0.95848566,0.958961,0.9528967,0.963404,0.94536906,0.95671874,0.94056845,0.9405505,0.9527574,0.952495,0.95332044,0.9609312,0.9534699,0.947142,0.9584968,0.94947815,0.9571656,0.95809275,0.92739236,0.9623344,0.9416211,0.94038963,0.96171933,0.8017882,0.94296587,0.95819867,0.94568735,0.9431131,0.9078309,0.94503224,0.94637775,0.9383039,0.9458297,0.9602613,0.95832056,0.94673246,0.94340706,0.9513424,0.9449179,0.959677,0.9607254,0.9511805,0.9537626,0.96171933,0.94508415,0.9568322,0.95681685,0.96140933,0.94983864,0.9523566,0.96509874,0.9436808,0.94170296,0.95386106,0.95762837,0.95969355,0.94878894,0.95224756,0.96693575,0.9532166,0.9457099,0.95241773,0.9572726,0.86985844,0.9564605,0.9235368,0.94406265,0.9462841,0.9546823,0.95542425,0.95287657,0.98602885,0.9558039,0.95422417,0.95704746,0.95792,0.95529246,0.952824,0.94886404,0.94560325,0.9510769,0.93679285,0.9533101,0.9513864,0.9597382,0.943407,0.9501253,0.942294,0.9348766,0.9569544,0.95304936,0.9423454,0.97822416,0.9528,0.9519063,0.94662124,0.95198417,0.95770097,0.95078325,0.95422727,0.94871545,0.955153,0.98109853,0.9588155,0.9545011,0.9313767,0.94940406,0.9447022,0.9376074,0.95247483,0.94949275,0.94158524,0.97822416,0.95708984,0.96768034,0.9547725,0.94290644
aftermovie,0.95497847,0.9459584,0.9480824,0.94443244,0.9508689,0.9431303,0.95157605,0.99999994,0.97376156,0.9261982,0.951993,0.93564206,0.9513911,0.94145304,0.95624727,0.9528283,0.9543084,0.95594746,0.95350736,0.950393,0.9483732,0.9515819,0.9550496,0.95769644,0.94789547,0.90199775,0.94368994,0.95013547,0.9461783,0.94315094,0.95070267,0.9465022,0.944603,0.930893,0.9204431,0.90893745,0.95026857,0.9521689,0.963295,0.9491409,0.9507117,0.9582228,0.9436824,0.9634569,0.9477589,0.95458996,0.9576038,0.95069027,0.95161444,0.96090513,0.9499268,0.96135646,0.9432583,0.93862605,0.958364,0.94741726,0.9425381,0.9477836,0.9565254,0.9571988,0.9472231,0.95263606,0.94524735,0.94601613,0.9524199,0.953247,0.941459,0.95551336,0.9388323,0.93617123,0.9634397,0.78331757,0.93760425,0.9475964,0.9456397,0.9483783,0.9136431,0.9420288,0.9467044,0.9429725,0.93658435,0.94779074,0.95516056,0.9474834,0.93257797,0.9380579,0.939103,0.96506715,0.9562325,0.9510121,0.95587516,0.9634397,0.9458484,0.94371915,0.9454497,0.94790643,0.94728035,0.95155144,0.9475585,0.9435317,0.94712436,0.9482832,0.9432914,0.9524446,0.9402512,0.94838053,0.96418583,0.9611943,0.934718,0.9529172,0.9590127,0.8729056,0.94321656,0.9185167,0.9436322,0.94881594,0.95765483,0.9535963,0.95057935,0.9526986,0.94266367,0.94771314,0.95134306,0.9361872,0.9572652,0.9498543,0.95737374,0.9540459,0.95623004,0.94139224,0.93675447,0.95013654,0.9553748,0.9483667,0.9438857,0.9474962,0.94391483,0.9482405,0.95365524,0.9479092,0.97376156,0.9502447,0.9496589,0.9511848,0.9454411,0.9544923,0.94421905,0.9399,0.9497061,0.95134,0.9487864,0.94848555,0.9555886,0.9365522,0.9504443,0.9530723,0.94914764,0.94687694,0.96420103,0.9414495,0.97376156,0.9523628,0.94511425,0.949943,0.94069487
ahiddenlifefilm,0.97725624,0.9730218,0.97704023,0.96556395,0.9701223,0.96963716,0.97822416,0.97376156,1.0,0.9515055,0.97478914,0.9697491,0.97140926,0.97465867,0.98169404,0.97106034,0.9770659,0.97561896,0.9762942,0.9659719,0.97275037,0.9707159,0.9728797,0.9801249,0.97618276,0.91236454,0.9629194,0.9720539,0.9710816,0.9653965,0.9680428,0.97036034,0.9607286,0.96156305,0.9541609,0.9380181,0.9751454,0.97371393,0.97524905,0.9743719,0.9703761,0.97757727,0.96824265,0.9785839,0.97906286,0.9715236,0.9757884,0.97489005,0.97346175,0.9789427,0.9774215,0.9821357,0.9691955,0.9754832,0.96434635,0.9637861,0.96860796,0.97259676,0.9787997,0.9776608,0.9685383,0.97118753,0.97461885,0.9757799,0.9756805,0.97324604,0.9576734,0.9784735,0.96941835,0.95409536,0.98161346,0.81633747,0.9643415,0.97453535,0.9631793,0.9619383,0.92329043,0.9676366,0.9668833,0.9618166,0.9692307,0.9714994,0.9775092,0.97014993,0.9677123,0.96264285,0.9685172,0.9803808,0.96875656,0.97668624,0.97579664,0.98161346,0.96832174,0.9740228,0.9769038,0.974907,0.97246647,0.9765986,0.95839566,0.96469975,0.963958,0.9735011,0.9702329,0.97532326,0.9656492,0.97619224,0.9808767,0.9732756,0.963836,0.9740098,0.97906715,0.88592505,0.9762569,0.9458425,0.9659893,0.9743613,0.98130506,0.9719097,0.9787666,0.9740528,0.9741456,0.972496,0.978459,0.96955746,0.9787669,0.96966624,0.97178584,0.9699504,0.9724151,0.96148765,0.9720188,0.9663574,0.9794459,0.9677131,0.97186995,0.96858853,0.9644535,0.9685233,0.97728604,0.96306694,1.0,0.97537017,0.9682012,0.9715754,0.97130793,0.97808844,0.9677941,0.96898633,0.96928066,0.9731559,0.97273296,0.973474,0.9741932,0.9549967,0.96749526,0.9693505,0.9616278,0.9669242,0.97290164,0.9654661,1.0,0.96858245,0.976542,0.97333705,0.9679782
alitamovie,0.93593234,0.9350604,0.9346776,0.92607135,0.9449319,0.93802756,0.93638206,0.9261982,0.9515055,0.99999976,0.9279567,0.92916745,0.928472,0.94369847,0.9367397,0.9366851,0.94968796,0.93904513,0.92549366,0.9205372,0.9218545,0.9348266,0.93340844,0.93177426,0.9372366,0.82457155,0.927063,0.92043865,0.93176275,0.9201772,0.91005456,0.92272276,0.9309701,0.9123198,0.9160911,0.89650506,0.92119414,0.94203144,0.9400725,0.9303146,0.9240184,0.9316826,0.9209886,0.9334916,0.93265516,0.93564594,0.9350348,0.9320053,0.9393058,0.93411,0.9348798,0.9324846,0.9402916,0.93069285,0.9145532,0.9327492,0.93605644,0.91880786,0.9334103,0.93569034,0.92496026,0.93680567,0.9174732,0.9383384,0.9361926,0.92283326,0.89925915,0.92849207,0.9088676,0.9194233,0.9339178,0.773357,0.9111962,0.9238007,0.9206932,0.9231496,0.8881378,0.9245446,0.92617625,0.92196155,0.912492,0.93083847,0.93527347,0.91758704,0.93751866,0.92856646,0.9189014,0.9326969,0.93157643,0.92142266,0.9283213,0.9339178,0.92869174,0.93576086,0.9265137,0.9323171,0.92081624,0.93190145,0.9173662,0.914816,0.93282473,0.9288936,0.93494797,0.9248517,0.95739913,0.93468785,0.93979084,0.9387124,0.9310941,0.9211741,0.93615663,0.8474899,0.9387636,0.9043094,0.9193899,0.9314145,0.9441472,0.9118353,0.92890906,0.9417665,0.9248881,0.92688334,0.9366062,0.9430552,0.9258755,0.9207533,0.93224466,0.9251635,0.9415507,0.91118544,0.9398411,0.92958033,0.947303,0.93151754,0.92495364,0.9172086,0.9214713,0.9186298,0.9388359,0.9400301,0.9515055,0.93624645,0.92741,0.93313694,0.9399447,0.9347773,0.94071186,0.9359249,0.928059,0.9392091,0.93934304,0.9310815,0.92626995,0.91437954,0.9152463,0.91685593,0.93142384,0.91842604,0.9352591,0.9255384,0.9515055,0.9429088,0.9465119,0.93905365,0.93531126
angelhasfallen,0.95508283,0.9481247,0.95047396,0.9443036,0.95527285,0.94034165,0.95617265,0.951993,0.97478914,0.9279567,0.99999994,0.9361642,0.95525956,0.9560138,0.9541741,0.9427298,0.9558434,0.95842534,0.95016456,0.9339122,0.9517468,0.94725263,0.9548508,0.960261,0.95450526,0.89816415,0.9402169,0.94170755,0.9493916,0.93653107,0.9390917,0.9491853,0.9368455,0.9310992,0.92211556,0.91454,0.95741415,0.95529413,0.95045483,0.9482463,0.94561964,0.9540107,0.94772166,0.9525398,0.9530654,0.9525776,0.9515897,0.9499347,0.9478583,0.9559955,0.9529958,0.959614,0.9442143,0.9475329,0.9387646,0.9438245,0.94530666,0.9529683,0.95096684,0.95869476,0.9521514,0.9506959,0.9597762,0.9541967,0.9552001,0.9615005,0.9261759,0.9557954,0.95930487,0.93712294,0.9616923,0.8,0.93600553,0.9524954,0.9487202,0.9340092,0.89608216,0.93579507,0.93203074,0.9373935,0.9697335,0.94251835,0.9533541,0.9438408,0.94692796,0.94129676,0.9579635,0.95758504,0.95493627,0.95178676,0.9599431,0.9616923,0.9510698,0.94796884,0.95280623,0.96186274,0.9619667,0.9458621,0.9416042,0.93746525,0.93855083,0.9515346,0.9501776,0.9523268,0.94957477,0.9524369,0.9585816,0.9484949,0.93152386,0.9458658,0.95174426,0.87259644,0.96065694,0.9198526,0.95459056,0.95791554,0.9563923,0.946837,0.9549173,0.9468664,0.95305204,0.960021,0.94994706,0.93740165,0.9503324,0.94301575,0.95338064,0.9473824,0.95427674,0.9343849,0.9468003,0.9501839,0.9518267,0.9315904,0.95330983,0.9418345,0.95378155,0.94991297,0.9563946,0.9315401,0.97478914,0.95177394,0.94483,0.94651777,0.9391746,0.95951694,0.9472091,0.9353202,0.9414618,0.9495878,0.9466986,0.9485623,0.94913465,0.93367374,0.9512661,0.9507628,0.93731177,0.9495636,0.9559148,0.953388,0.97478914,0.94328284,0.9567036,0.94915235,0.9459766
angrybirdsmovie,0.95228875,0.94345486,0.954288,0.9515757,0.9366254,0.9442449,0.95279264,0.93564206,0.9697491,0.92916745,0.9361642,1.0000001,0.94316435,0.94652855,0.9542419,0.9393752,0.9446371,0.9466659,0.95361716,0.9435285,0.9401231,0.9502549,0.9333807,0.95108676,0.9475117,0.8779197,0.93843096,0.9470366,0.9561137,0.9488312,0.94327635,0.9344255,0.92674816,0.95553416,0.9362293,0.92260605,0.94502187,0.94820887,0.94611126,0.94536424,0.94622594,0.94058466,0.9279157,0.9350326,0.95019627,0.94052124,0.942744,0.9562983,0.94664085,0.93590355,0.96650887,0.9495719,0.9504358,0.95346767,0.93773806,0.9339337,0.94035417,0.94838446,0.95329905,0.9471867,0.9373191,0.9424285,0.9458945,0.9481284,0.95030075,0.94440395,0.9297098,0.9473374,0.93790084,0.93039626,0.9538395,0.8024975,0.9412379,0.9454522,0.9449783,0.9375226,0.9094954,0.944762,0.9348079,0.94128937,0.93877316,0.9493025,0.95007426,0.9391963,0.9578194,0.929873,0.93067193,0.95208555,0.94417304,0.9477364,0.94993055,0.9538395,0.9272404,0.94051605,0.9638306,0.94961655,0.94414055,0.94619185,0.93164223,0.9322339,0.9492814,0.9447446,0.9442412,0.94097483,0.9433564,0.9614202,0.9498911,0.9478483,0.94064957,0.94553226,0.9550472,0.8789223,0.947555,0.9232195,0.9319299,0.95134825,0.95947605,0.9418179,0.954319,0.9500606,0.9499538,0.9339788,0.9504771,0.9535432,0.95275307,0.9460017,0.9433351,0.95166343,0.95441306,0.9341287,0.9493119,0.944552,0.9461762,0.94190204,0.9404965,0.9400423,0.9329383,0.9347261,0.9595275,0.9353653,0.9697491,0.95060325,0.94379365,0.9524196,0.9592646,0.9405415,0.94155854,0.94876367,0.94697267,0.9531736,0.9500077,0.94118357,0.9537231,0.93743974,0.93512326,0.9327514,0.93016636,0.9498419,0.94274956,0.9360138,0.9697491,0.95092463,0.95074344,0.94374216,0.95494914
annabellemovie,0.95341784,0.95129347,0.9441712,0.94806856,0.9464214,0.9399785,0.9451834,0.9513911,0.97140926,0.928472,0.95525956,0.94316435,1.0000001,0.9493533,0.94634753,0.94618595,0.94923663,0.95396626,0.9451419,0.932339,0.9457007,0.94673276,0.93610835,0.95050997,0.94592696,0.89456284,0.94411445,0.94127166,0.94599676,0.9388612,0.9414408,0.9403256,0.92407864,0.9409972,0.94010293,0.9207287,0.9475075,0.9668021,0.94980174,0.94187874,0.94351375,0.9533534,0.9447662,0.9537396,0.9458004,0.9415942,0.94124526,0.9531122,0.94582945,0.953017,0.9515224,0.9528178,0.95357186,0.95556414,0.9438859,0.93263334,0.94401634,0.9412464,0.951924,0.94544214,0.94764745,0.9460625,0.9450001,0.9507126,0.9490473,0.95614797,0.92444324,0.9452562,0.9374973,0.9296537,0.9471695,0.80057317,0.9359712,0.942461,0.9437503,0.94480044,0.91093516,0.94935054,0.9376696,0.940348,0.9428087,0.95462036,0.9617271,0.94335914,0.9628352,0.93089575,0.94999737,0.9751787,0.9326636,0.945772,0.94937223,0.9471695,0.93716764,0.93595755,0.9480768,0.9419723,0.94001245,0.94905996,0.93396014,0.93359774,0.9421392,0.95336556,0.94718736,0.9380841,0.941985,0.95089716,0.9636874,0.95905,0.93690443,0.9425571,0.95430297,0.86917806,0.9433704,0.93449885,0.93085873,0.9480468,0.9531026,0.9454151,0.9487312,0.94131017,0.95095617,0.9394764,0.9554204,0.9403964,0.9429362,0.9409679,0.95409495,0.94166636,0.9553633,0.9496494,0.9421943,0.9451822,0.94809353,0.93944114,0.93853176,0.9374515,0.93503505,0.93335146,0.9491927,0.9294215,0.97140926,0.946982,0.93393135,0.95070237,0.9498255,0.954264,0.9510653,0.95018846,0.9555987,0.94869596,0.94331336,0.95215094,0.95006233,0.93967736,0.92314583,0.9394894,0.92901975,0.9347168,0.9433226,0.9365319,0.97140926,0.944156,0.94976836,0.946411,0.9398954
annamovie,0.9561959,0.95442563,0.9446342,0.93961793,0.9577611,0.9437283,0.95226514,0.94145304,0.97465867,0.94369847,0.9560138,0.94652855,0.9493533,1.0,0.957921,0.94948936,0.9539356,0.95181835,0.9490748,0.9446709,0.950119,0.94239855,0.9524842,0.9501202,0.95683795,0.8733413,0.93817794,0.94402707,0.94246954,0.9401766,0.92969096,0.94550073,0.9348693,0.93272954,0.9288144,0.91135657,0.9535615,0.9494271,0.9499004,0.9492897,0.953764,0.9550658,0.93768656,0.9486653,0.95881325,0.9448383,0.95222986,0.9546382,0.95144266,0.9546343,0.94985664,0.9551008,0.95084023,0.9523692,0.9421888,0.94226235,0.9458736,0.9466325,0.95369494,0.9527159,0.95082355,0.9467802,0.9498987,0.9702363,0.9516235,0.9480791,0.9273057,0.95628875,0.9451177,0.93368626,0.9574256,0.78779376,0.93762046,0.9464338,0.937448,0.93621624,0.9102522,0.93894035,0.93724895,0.93447405,0.95298636,0.95137286,0.95595014,0.94031864,0.94310415,0.9348088,0.9504474,0.95583385,0.9411643,0.95827794,0.95884866,0.9574256,0.94363445,0.95348895,0.9527898,0.95485276,0.9608374,0.9558933,0.93477124,0.95517504,0.937735,0.9494078,0.9416484,0.9531792,0.962187,0.9457175,0.9578154,0.9508399,0.94172955,0.95279384,0.95750517,0.860042,0.9622065,0.92122155,0.94471574,0.958021,0.9582952,0.94347686,0.95774335,0.9495686,0.95676476,0.9616467,0.95874435,0.94805247,0.9467018,0.94910634,0.95614904,0.9409799,0.95560825,0.9318675,0.9450956,0.9458851,0.9525988,0.9416226,0.94423217,0.9430085,0.93749577,0.9433314,0.9569429,0.9404609,0.97465867,0.9462062,0.9382604,0.948308,0.94586486,0.9573785,0.9547323,0.94580865,0.94238657,0.9431153,0.94925046,0.94960964,0.94829965,0.940054,0.93870676,0.94403327,0.9423882,0.94484574,0.9540772,0.94322443,0.97465867,0.94594836,0.95581317,0.9527294,0.9439845
apollo11movie,0.96243095,0.9517581,0.9583209,0.94818765,0.9549025,0.9523075,0.96260774,0.95624727,0.98169404,0.9367397,0.9541741,0.9542419,0.94634753,0.957921,0.9999998,0.95759505,0.9661632,0.95465165,0.9576945,0.97001565,0.96473455,0.95652837,0.9556695,0.96007437,0.96050096,0.8885743,0.9448784,0.9539463,0.9551031,0.9480081,0.9439545,0.94995314,0.9470353,0.94552106,0.93144274,0.92234254,0.95851123,0.95388436,0.9577977,0.9553458,0.96189946,0.9657472,0.9516703,0.9621209,0.9675419,0.95541686,0.954528,0.9582767,0.9573309,0.963582,0.95732296,0.9623426,0.95335543,0.95158845,0.94671917,0.94678164,0.95265126,0.95276356,0.96076924,0.96611404,0.95713156,0.9525868,0.96500283,0.9651615,0.9573825,0.95756936,0.9342008,0.9615612,0.9525962,0.93333817,0.96921015,0.80662674,0.94889873,0.9562611,0.9387034,0.9490083,0.8999131,0.9509825,0.94537616,0.9363977,0.94695467,0.95115733,0.96714085,0.9477273,0.9469025,0.9463459,0.9498557,0.962906,0.95373416,0.9599203,0.9588755,0.96921015,0.95238566,0.9640322,0.95600015,0.9691307,0.9536556,0.95930773,0.94588333,0.94238496,0.9498007,0.95980626,0.95342004,0.96028507,0.9433089,0.95648503,0.96553785,0.9635924,0.94640636,0.9501307,0.96386796,0.861858,0.9616075,0.91670823,0.9524909,0.95632315,0.9693041,0.95367026,0.96352667,0.96041775,0.9657074,0.9560123,0.9645698,0.9533823,0.9600959,0.95378315,0.9544832,0.95491815,0.95122564,0.9408682,0.9625224,0.94848233,0.9660147,0.95736694,0.95558435,0.9513502,0.946982,0.9580764,0.96562725,0.94872564,0.98169404,0.9629013,0.95110625,0.94937855,0.9557729,0.95625424,0.9496442,0.95488715,0.9518089,0.9648751,0.951881,0.9577832,0.9590417,0.93616015,0.94886476,0.9514562,0.9517872,0.9542803,0.9582953,0.9342555,0.98169404,0.9514739,0.95979506,0.9502225,0.95155656
arcticdogsmovie,0.9516131,0.965646,0.95534205,0.9351821,0.94842756,0.9448785,0.94909215,0.9528283,0.97106034,0.9366851,0.9427298,0.9393752,0.94618595,0.94948936,0.95759505,1.0,0.9599272,0.95222205,0.942742,0.9534097,0.944016,0.9499618,0.94104916,0.9467671,0.94847214,0.8771232,0.9517835,0.94929755,0.94502485,0.9360712,0.9347826,0.93940234,0.9317302,0.93364686,0.923849,0.9060968,0.94571584,0.9504523,0.9566374,0.94767463,0.9456458,0.9492005,0.9332869,0.95092714,0.95238334,0.94846874,0.9430371,0.94472766,0.94880056,0.95288813,0.9480321,0.94314235,0.941459,0.9471052,0.93870807,0.9351672,0.93557286,0.94179404,0.9488882,0.95218086,0.93877697,0.95179063,0.9436973,0.9444775,0.94131714,0.9402532,0.91785866,0.9420319,0.9368886,0.9240072,0.9555492,0.7708987,0.93425494,0.9456733,0.9264913,0.9341394,0.9026761,0.9425266,0.949712,0.9302344,0.9337201,0.9475558,0.9446079,0.94287956,0.93790966,0.941335,0.9439463,0.953095,0.93663377,0.94575304,0.9497264,0.9555492,0.9425559,0.9503216,0.9470132,0.9447272,0.94684863,0.9553651,0.92774373,0.93172765,0.9365832,0.9523177,0.9393624,0.943402,0.9365907,0.947019,0.9581422,0.96030486,0.95133543,0.9455004,0.958334,0.8793602,0.9451692,0.9235764,0.9374243,0.95070344,0.9583418,0.93432397,0.94985443,0.9487847,0.9394411,0.9404673,0.95413446,0.9451446,0.9418685,0.94208777,0.95136034,0.9415784,0.9511548,0.93317366,0.9515383,0.94344085,0.958892,0.95022327,0.9469819,0.93932575,0.9337186,0.9458084,0.95107067,0.93565935,0.97106034,0.9493177,0.9436619,0.9380265,0.9343399,0.95039374,0.945104,0.94679004,0.9335127,0.95005476,0.94491106,0.9490376,0.9445007,0.9259329,0.9366482,0.9401858,0.9362352,0.9425039,0.95343196,0.9384594,0.97106034,0.9411538,0.9529314,0.94462967,0.93353397
arcticmovie,0.95862603,0.96015894,0.9625475,0.9513176,0.95146644,0.9528541,0.957092,0.9543084,0.9770659,0.94968796,0.9558434,0.9446371,0.94923663,0.9539356,0.9661632,0.9599272,0.99999994,0.957324,0.95073056,0.94143885,0.95927775,0.9539302,0.95036095,0.9556449,0.95705736,0.8944161,0.9451556,0.96644706,0.9506562,0.9562972,0.94186205,0.94490224,0.9483634,0.94211876,0.9279316,0.91177684,0.9548549,0.9635787,0.9611487,0.9605478,0.9489253,0.9585662,0.9478745,0.9601782,0.9622435,0.956518,0.94704944,0.9489997,0.95727724,0.9583111,0.9581865,0.96196693,0.9474232,0.95812595,0.9375971,0.94498605,0.9527201,0.9488494,0.95995295,0.9672839,0.95318925,0.9542668,0.95660675,0.95943403,0.95381767,0.950103,0.93073845,0.95629996,0.9444858,0.93223906,0.96658087,0.800364,0.9403579,0.95657516,0.94576734,0.94217545,0.9007737,0.95302176,0.9511364,0.9437362,0.9396933,0.95099366,0.96012616,0.9494766,0.9505958,0.94957066,0.9533965,0.9519567,0.95171475,0.94591594,0.95483136,0.96658087,0.94728374,0.95754045,0.96266156,0.95933735,0.9470396,0.95152074,0.9433273,0.9343807,0.94555515,0.94979584,0.9528173,0.95872486,0.94304776,0.9614339,0.9621789,0.9568925,0.94629735,0.9485731,0.9618106,0.87159187,0.9575902,0.9128837,0.95252955,0.9553834,0.9655155,0.94872785,0.9567221,0.9570857,0.9494173,0.9524662,0.9583603,0.9487575,0.9500043,0.9491699,0.95543474,0.9531056,0.9576791,0.9449676,0.9575796,0.94143295,0.981048,0.9639277,0.9508462,0.9557635,0.9503767,0.95203257,0.9606606,0.94403577,0.9770659,0.9560216,0.94939053,0.9582955,0.951864,0.9620404,0.94739556,0.9436269,0.952639,0.9562084,0.95656943,0.95393294,0.9497192,0.94052744,0.9542429,0.9529612,0.9465855,0.95226526,0.955179,0.950355,0.9770659,0.9467797,0.9600559,0.95657563,0.9537012
artofracingmovie,0.9571747,0.95790374,0.9558515,0.9454875,0.971626,0.9362658,0.9543708,0.95594746,0.97561896,0.93904513,0.95842534,0.9466659,0.95396626,0.95181835,0.95465165,0.95222205,0.957324,1.0000002,0.9610943,0.93913245,0.9542291,0.9566191,0.94777685,0.95602417,0.9553614,0.8955787,0.95270586,0.9596467,0.95717293,0.9479603,0.94826996,0.94413185,0.9309226,0.9473481,0.9454034,0.9293107,0.95487636,0.9515441,0.96371096,0.9481811,0.9455216,0.96058464,0.9515547,0.9597092,0.9528796,0.95750254,0.9511329,0.95287305,0.9509235,0.95858705,0.96160764,0.9607733,0.9517995,0.95146525,0.9438263,0.9665595,0.94381714,0.9506052,0.9519106,0.95906305,0.94410676,0.94856155,0.95276624,0.943721,0.95773757,0.95590276,0.9395505,0.9535427,0.9485721,0.93691,0.96279067,0.7867903,0.9410965,0.9552805,0.94606346,0.9451939,0.9043659,0.95349026,0.9454855,0.9455154,0.94137985,0.94741035,0.94799125,0.94576895,0.9472555,0.9502097,0.9496518,0.96368444,0.9483068,0.95021975,0.94738066,0.96279067,0.9555274,0.9493607,0.9529834,0.9533958,0.9567999,0.95564026,0.94389695,0.9419491,0.95372534,0.9585516,0.94661635,0.94743544,0.94871974,0.96110964,0.9592119,0.9525226,0.9428025,0.9498151,0.96208805,0.8646507,0.95149916,0.9289009,0.9511018,0.96395457,0.9628594,0.9518193,0.95156974,0.9513188,0.9497274,0.94795287,0.94952613,0.9416,0.95276725,0.9458777,0.953136,0.9541635,0.9628831,0.94523597,0.95270574,0.9629413,0.96173143,0.94797516,0.94770795,0.9465952,0.94441634,0.9444182,0.95967567,0.9495702,0.97561896,0.9567644,0.9481979,0.94608724,0.94886345,0.95219284,0.94506764,0.95318323,0.9470404,0.95581585,0.9521611,0.95289665,0.9536933,0.9284822,0.94328374,0.9512747,0.9478494,0.9533778,0.9524182,0.9430789,0.97561896,0.9543213,0.96015936,0.95339626,0.9502118
avengers,0.96552366,0.9439936,0.95421654,0.95837426,0.9517333,0.9403337,0.95529085,0.95350736,0.9762942,0.92549366,0.95016456,0.95361716,0.9451419,0.9490748,0.9576945,0.942742,0.95073056,0.9610943,0.9999999,0.9418372,0.9512625,0.94679415,0.9529421,0.9645212,0.95483434,0.9056997,0.9423233,0.9487999,0.95259905,0.94821817,0.9726316,0.94406295,0.9351764,0.9427295,0.93987757,0.9270053,0.9500414,0.9554894,0.9533412,0.94773734,0.9491766,0.95642066,0.9525384,0.9561125,0.9520033,0.946506,0.95743805,0.9543557,0.94787914,0.95588136,0.9567027,0.96341884,0.9464,0.9506451,0.9470349,0.95641255,0.947865,0.9565528,0.9630596,0.9496996,0.94188213,0.94583106,0.94616467,0.94897574,0.9573686,0.9546359,0.93972754,0.95450914,0.9489626,0.9444692,0.9591645,0.8077988,0.94869244,0.9587295,0.96081144,0.9483213,0.906849,0.944789,0.94484675,0.9448239,0.94838357,0.9496168,0.9552762,0.9459138,0.9451852,0.9470205,0.9457567,0.95908856,0.9507995,0.9556272,0.9589565,0.9591645,0.94603586,0.9585114,0.95427704,0.9551703,0.94758964,0.9570402,0.94748247,0.95070577,0.9399082,0.94792587,0.9447971,0.9478521,0.9386778,0.95606405,0.95952547,0.944164,0.94953954,0.9559504,0.95502996,0.87044376,0.9599365,0.92366606,0.9496109,0.9511461,0.95969677,0.9605064,0.953937,0.95728874,0.954926,0.9553372,0.9563639,0.9477997,0.957346,0.96259254,0.95092124,0.9563873,0.9582131,0.9596161,0.9465331,0.94928277,0.9555342,0.94188833,0.9566663,0.95508015,0.9413101,0.94699377,0.95726615,0.94008565,0.9762942,0.95525503,0.9467769,0.9490472,0.9551954,0.9581455,0.94880354,0.95262027,0.9470109,0.9508417,0.94861466,0.95070165,0.95856994,0.9347805,0.9434082,0.9472675,0.94646573,0.9495665,0.9561548,0.94769114,0.9762942,0.9495284,0.9604236,0.9499845,0.94902563
beachbummovie,0.9481401,0.943039,0.9522886,0.93568075,0.9342719,0.93850666,0.95512474,0.950393,0.9659719,0.9205372,0.9339122,0.9435285,0.932339,0.9446709,0.97001565,0.9534097,0.94143885,0.93913245,0.9418372,1.0000001,0.94158447,0.9480216,0.93947387,0.9468454,0.9423412,0.8694399,0.94131243,0.9392326,0.9447857,0.9364748,0.9314716,0.94103247,0.93048364,0.93345875,0.9166235,0.90882635,0.9378838,0.9459313,0.9448352,0.93442786,0.95075303,0.95017856,0.93575126,0.94553363,0.9545322,0.946657,0.9444852,0.94948727,0.9407672,0.95036334,0.94535506,0.9422545,0.9419392,0.9365613,0.9434566,0.9367847,0.9322121,0.9363928,0.94574934,0.94537485,0.9446192,0.9368487,0.9435251,0.94190407,0.9369422,0.9427329,0.9125632,0.9445519,0.93581426,0.9394778,0.9545967,0.77986175,0.9346235,0.93941176,0.92751694,0.92598087,0.9042282,0.936245,0.93022794,0.92755145,0.9393619,0.9496982,0.9468607,0.9356751,0.936015,0.92476904,0.9333809,0.9471313,0.93878984,0.9414482,0.94913435,0.9545967,0.9389581,0.9440074,0.9399137,0.94859594,0.9411403,0.9658727,0.93396056,0.9320472,0.93392223,0.94683164,0.94272095,0.9432666,0.939021,0.94214386,0.95029956,0.94404805,0.9287079,0.9417281,0.9551713,0.8706668,0.9489185,0.91175514,0.93577415,0.945545,0.95346314,0.9343,0.955125,0.9550516,0.94859415,0.9456715,0.9473417,0.94055945,0.94011396,0.9412194,0.9324302,0.9414016,0.9426589,0.93417513,0.942508,0.9435531,0.94921637,0.94386035,0.93790585,0.9347516,0.9284863,0.9435029,0.94933444,0.95025474,0.9659719,0.9508103,0.93742377,0.93464106,0.9412972,0.93783224,0.9359371,0.9430452,0.92530847,0.94714594,0.94442,0.94890743,0.9482238,0.9219545,0.93363976,0.92759013,0.9289939,0.93994594,0.9489478,0.922773,0.9659719,0.94350195,0.95002717,0.93692154,0.9419346
bernadettefilm,0.95008326,0.9466195,0.9514558,0.94133717,0.95533764,0.94617254,0.9472204,0.9483732,0.97275037,0.9218545,0.9517468,0.9401231,0.9457007,0.950119,0.96473455,0.944016,0.95927775,0.9542291,0.9512625,0.94158447,0.9999999,0.95256937,0.9491092,0.94505095,0.9601127,0.91383845,0.9393137,0.9515606,0.950097,0.9548297,0.9402545,0.9523716,0.93807936,0.9466263,0.93178517,0.9250585,0.95461076,0.9467943,0.94984144,0.9502251,0.9386446,0.95967424,0.93762475,0.95719814,0.9484851,0.9502783,0.94651043,0.9455228,0.94281644,0.95464784,0.9542077,0.96197474,0.94782305,0.9496079,0.94227237,0.94810224,0.95065594,0.95419645,0.9497282,0.9559665,0.94488746,0.94808877,0.95574975,0.9488969,0.9459264,0.95484763,0.9315,0.9562801,0.9543193,0.9287974,0.95625603,0.80006856,0.9415155,0.9498666,0.9363544,0.94210213,0.88651943,0.9418033,0.9453049,0.93507826,0.9387767,0.9397032,0.94447184,0.9438363,0.940505,0.93919265,0.9439753,0.9544363,0.94044554,0.9484577,0.9528012,0.95625603,0.94294417,0.95281583,0.95060915,0.9559945,0.94906694,0.95221066,0.9266834,0.93407124,0.9466033,0.9559873,0.94085205,0.9466387,0.93651974,0.95745754,0.9528561,0.94798106,0.935706,0.94271517,0.9505232,0.8484648,0.95357096,0.9124411,0.9588132,0.9484919,0.9553734,0.95215064,0.9545853,0.94320065,0.956675,0.95438766,0.95278525,0.94080347,0.9513452,0.9406754,0.95017827,0.948004,0.95063823,0.927955,0.96239555,0.94295245,0.9641075,0.9489239,0.95868266,0.9563335,0.9434585,0.94761693,0.9458629,0.932933,0.97275037,0.95659816,0.94498134,0.94864774,0.9531492,0.9517401,0.93980587,0.94180334,0.9419373,0.95102686,0.9373368,0.9432385,0.95151746,0.92822737,0.94014853,0.9450807,0.9431631,0.94023234,0.95457375,0.9437913,0.97275037,0.94045633,0.9482095,0.9440904,0.9533503
