movie,21bridgesmovie,47metersdown,abeautifuldaymovie,abominablemovie,adastramovie,adogsjourneymovie,aftermathmovie,aftermovie,ahiddenlifefilm,alitamovie,angelhasfallen,angrybirdsmovie,annabellemovie,annamovie,apollo11movie,arcticdogsmovie,arcticmovie,artofracingmovie,avengers,beachbummovie,bernadettefilm,blackandbluemovie,blackchristmas,blindedbythelightmovie,bombshellmovie,booksmart,breakthroughmovie,brianbanksmovie,brightburnmovie,brittanyrunsmov,captainmarvelofficial,captivestatemovie,catsmovie,charliesangels,childsplaymovie,clarathefilm,coldpursuitmovie,countdown,currentwarmovie,darkwatersmovie,detectivepikachumovie,disneyaladdin,disneyfrozen,disneymaleficent,doctorsleepmovie,dolemiteismyname,dontletgomovie,doramovie,downtonabbey_official,dumbo,escaperoom,everybodyknowsmovie,fastandfuriousmovie,fightingwmyfam,fivefeetapartfilm,fordvferrari,freaksthefilm,geminimanmovie,glassmovie,gloriabellmovie,godzillamovie,goldfinchmovie,goodboysmovie,goodliarmovie,gretafilm,halathemovie,happydeathdaymovie,harrietfilm,hellboymovie,hersmellmovie,highlifemovie,highstrungmovie,honeyboymovie,hotelmumbaifilm,httydragon,hustlemovie,hustlersmovie,isntitromantic,itmovieofficial,jayandsilentbob,johnwickmovie,jojorabbitmovie,jokermovie,judythefilm,jumanjimovie,justmercyfilm,knivesout,lalloronamovie,lastblackmansf,lastchristmasthemovie,latenightmovie,lighthousemovie,lionking,littlethemovie,littlewomenmovie,littlewoodsfilm,longshotmovie,lordsofchaosmovie,lucyintheskyfilm,mamovie2019,marriagestory,meettheaddams,meninblack,midsommarmovie,midwaymovie,missbalamovie,missinglinkfilm,motherlessbklyn,onceinhollywood,onthebasisofsex,overcomermovie,peanutbutterfalcon,petsematarymovie,piercingmovie,playingwithfire,playmobilthemovie,pomsmovie,queenandslim,rambomovie,readyornotfilm,richardjewellfilm,rocketmanmovie,scarystoriesmovie,secretlifeofpets,serenityfilm,shaftmovie,shazammovie,spidermanmovie,spiesindisguise,starwars,stormboymovie,stubermovie,taosdfilm,teenspiritmov,terminator,theaeronautsmov,thebestofenemies,thedeaddontdie,thefarewell,thehighwaymen,thehummingbirdprojectfilm,theintrudermovie,theirishmanfilm,thekitchenmovie,thelegomovie,themustangfilm,thenightingalefilm,theprodigymovie,thesunisalsoastar,theupsidefilm,tolkienmovie,toystory,triplefrontier,uglydolls,uncutgems,underthesilverlake,usmovie,wavesmovie,whatmenwant,wonderparkmovie,wrinklestheclown,xmenmovies,yardiefilm,yesterdaymovie,zombieland
21bridgesmovie,1.0000004,0.950673,0.9541441,0.95499015,0.9589897,0.9582678,0.9615843,0.9519545,0.97907305,0.95876276,0.9628189,0.95168835,0.94559485,0.9632146,0.9668749,0.9543243,0.95291644,0.95984167,0.972472,0.96258825,0.95725983,0.95250875,0.95312417,0.9572631,0.9550122,0.9182104,0.9341051,0.9587888,0.9649401,0.94626915,0.9529941,0.95603,0.9400261,0.9676021,0.9489827,0.92002624,0.963972,0.97370124,0.9547306,0.96137863,0.96106267,0.9622161,0.95893306,0.95510554,0.95761734,0.9516482,0.9457477,0.9602791,0.9538771,0.95880467,0.96733236,0.9528001,0.950362,0.9598752,0.9461545,0.96333075,0.93915683,0.9622498,0.95826054,0.95649445,0.9565907,0.95991653,0.96293193,0.9611918,0.9472983,0.9585732,0.95389706,0.94746304,0.9631181,0.94526345,0.9578165,0.7787075,0.95337534,0.96870804,0.94711757,0.95878583,0.9414456,0.9551154,0.9487107,0.95238173,0.9502893,0.9645441,0.95851153,0.95570064,0.953433,0.94454736,0.95588255,0.94921494,0.94956434,0.95931023,0.9497308,0.9578165,0.9541792,0.94918305,0.9627619,0.9523002,0.96928716,0.96336716,0.95463324,0.9525311,0.9474146,0.9550258,0.94797176,0.9659681,0.9447984,0.9656909,0.95707834,0.9494369,0.9396726,0.9525801,0.96495825,0.87472475,0.95775265,0.92132163,0.9527659,0.97401446,0.98919076,0.9524895,0.9639184,0.9576055,0.96200275,0.9584125,0.96258974,0.9393307,0.96220523,0.96535325,0.95864093,0.95232147,0.95834786,0.93404925,0.9649678,0.95361066,0.9492295,0.9419243,0.9588816,0.9483093,0.968305,0.9407977,0.9485012,0.9554687,0.97907305,0.95899403,0.9492635,0.9379052,0.9466701,0.93603116,0.93348366,0.95479894,0.9580204,0.9703455,0.9607855,0.9446196,0.95849156,0.9398059,0.9528622,0.9479705,0.94612885,0.9586002,0.9515218,0.96091723,0.97907305,0.9543227,0.965994,0.96293837,0.9629751
47metersdown,0.950673,0.9999996,0.94790685,0.9426353,0.9509885,0.93413603,0.9539164,0.94133484,0.96627814,0.9516333,0.94577324,0.93316364,0.9418813,0.94781893,0.9538332,0.9530475,0.95791644,0.94154805,0.9533883,0.94259816,0.9505076,0.9484022,0.94989145,0.9421578,0.95052874,0.882868,0.94001234,0.9467935,0.94286597,0.94718635,0.94123447,0.94343954,0.92865044,0.9424164,0.9377868,0.9228233,0.9412688,0.9499123,0.94762826,0.93874323,0.94972336,0.9292551,0.9392712,0.9378706,0.9406434,0.9371232,0.9455857,0.9383858,0.92854756,0.93835604,0.9546592,0.9458628,0.9467375,0.93640864,0.9284502,0.95331705,0.9329931,0.9400823,0.9453517,0.9511684,0.9321304,0.9408397,0.9472845,0.9471822,0.93425494,0.9459451,0.9352022,0.9388601,0.942987,0.94433635,0.95217925,0.81331205,0.94457793,0.95704454,0.93365854,0.9248955,0.923194,0.93372977,0.95371234,0.95105356,0.93488866,0.9397179,0.9445766,0.9475246,0.95042294,0.9290844,0.9535441,0.9455265,0.94253975,0.9470275,0.93375885,0.95217925,0.93614006,0.935245,0.94186854,0.9328741,0.95598805,0.95312566,0.94385535,0.9340213,0.9253961,0.9435787,0.94358146,0.9532792,0.94033223,0.95291597,0.949469,0.940014,0.93352216,0.9422915,0.9573558,0.8760108,0.9377855,0.9184822,0.94596994,0.9463129,0.9523346,0.9430364,0.9477896,0.9474912,0.9467383,0.9282861,0.95003396,0.9343669,0.9395146,0.94792426,0.9434168,0.9510341,0.93859816,0.925479,0.9514701,0.9447986,0.9466885,0.935596,0.9528114,0.9534367,0.9421038,0.93465894,0.94311184,0.9435335,0.96627814,0.9385935,0.92535233,0.93627226,0.92142224,0.931627,0.9349132,0.9334077,0.94448155,0.93867636,0.9549438,0.9364406,0.94179165,0.91921633,0.9309186,0.9500536,0.93585765,0.94462633,0.93596244,0.9417905,0.96627814,0.95151466,0.9508251,0.9377206,0.9492415
abeautifuldaymovie,0.9541441,0.94790685,0.9999998,0.9574238,0.95893896,0.9611982,0.96844476,0.9581221,0.9821755,0.9595492,0.9667897,0.9581642,0.9681285,0.95920026,0.9679579,0.9641425,0.96273375,0.96164083,0.95693415,0.96245307,0.9652291,0.9729676,0.961369,0.95871437,0.9584313,0.9146527,0.9424819,0.9538861,0.96889096,0.9622873,0.9546148,0.96870506,0.9475145,0.9644301,0.96054715,0.9361599,0.9700918,0.95723605,0.96201885,0.95591646,0.9649135,0.9584245,0.96153575,0.96137416,0.96345204,0.94985145,0.9607423,0.9557068,0.95469785,0.96444726,0.9754438,0.96633464,0.952431,0.9592466,0.9466301,0.95552164,0.9510762,0.97023964,0.9615416,0.9663555,0.9510876,0.96518296,0.96658206,0.95956206,0.9483067,0.9601853,0.95793456,0.96168715,0.9565277,0.9513423,0.9696556,0.8093598,0.9548219,0.96602833,0.9568569,0.94756365,0.92981046,0.9549536,0.95616686,0.96097994,0.9507005,0.962903,0.9588496,0.95848006,0.9652609,0.9532823,0.95882934,0.9724262,0.9666786,0.9633936,0.9623982,0.9696556,0.95009714,0.9495747,0.97287285,0.9586249,0.95650876,0.96322197,0.95277804,0.94668394,0.95249814,0.9522995,0.95638007,0.96732986,0.9404853,0.9713066,0.9639029,0.9600877,0.95808315,0.95399225,0.95997226,0.8836983,0.9639913,0.939851,0.95828295,0.96369195,0.9592289,0.95699084,0.9654395,0.9608156,0.9622227,0.9621501,0.9667766,0.95750105,0.96032286,0.960285,0.96146184,0.96320695,0.95144194,0.9442847,0.9617853,0.95058435,0.9611567,0.9555977,0.95873445,0.96202993,0.95017153,0.96011764,0.9649074,0.95941544,0.9821755,0.9661238,0.9507853,0.9517134,0.93971384,0.9525103,0.94446754,0.9574372,0.9645228,0.9540718,0.96121204,0.9762056,0.96256334,0.9297591,0.9492221,0.9627693,0.950472,0.96918136,0.955776,0.96634966,0.9821755,0.95510393,0.9632839,0.95830315,0.9617756
abominablemovie,0.95499015,0.9426353,0.9574238,1.0,0.9524261,0.94391364,0.95638394,0.9646025,0.97241205,0.94712436,0.960857,0.94757885,0.957178,0.9387355,0.95605236,0.9565289,0.94550234,0.94401723,0.9541131,0.95164746,0.95378906,0.9572845,0.9478509,0.9473179,0.9550862,0.9131023,0.9387491,0.9436098,0.95852244,0.9350956,0.95259553,0.95252055,0.93589324,0.9490611,0.9396099,0.91475296,0.9556161,0.9620325,0.9520689,0.95363456,0.9609963,0.9449923,0.9459465,0.94776046,0.9510585,0.94646746,0.9459218,0.9510643,0.93233407,0.9453028,0.96603703,0.9552431,0.934308,0.9494069,0.9475309,0.9503801,0.95365,0.95724016,0.9630236,0.95865554,0.94420004,0.96663487,0.9562853,0.94897425,0.94091266,0.95391047,0.9423897,0.9467579,0.938908,0.94195044,0.9551719,0.7974182,0.9404023,0.96175987,0.9517348,0.95205784,0.93133444,0.9489192,0.949321,0.9615595,0.9372806,0.9646421,0.9551128,0.943669,0.961823,0.9403178,0.9585959,0.94715595,0.94274443,0.95259124,0.95272166,0.9551719,0.9427089,0.94494385,0.9586198,0.9526789,0.9415535,0.954954,0.9503073,0.93187535,0.9389974,0.94394565,0.9485888,0.95774215,0.94177866,0.96139705,0.95295644,0.9549,0.94746804,0.9582275,0.9602211,0.868386,0.9542815,0.93023926,0.94719946,0.952189,0.9585613,0.95031506,0.9515053,0.95605105,0.96425647,0.9581109,0.9594355,0.9437159,0.95419675,0.9563281,0.95797306,0.96205074,0.9496512,0.9383204,0.96030885,0.94875306,0.95273525,0.93834215,0.94835246,0.94164217,0.94734114,0.947289,0.9451371,0.9482109,0.97241205,0.95461136,0.9367109,0.95203525,0.9489587,0.9323297,0.94732964,0.9461589,0.95899343,0.95599884,0.9492327,0.9427642,0.9525488,0.9287839,0.9362973,0.94507205,0.9430116,0.9526329,0.9437666,0.95388824,0.97241205,0.951409,0.95300364,0.9453196,0.9628756
adastramovie,0.9589897,0.9509885,0.95893896,0.9524261,0.99999976,0.94999665,0.95421493,0.9540905,0.9774115,0.96627885,0.9522066,0.94807285,0.95695394,0.959318,0.9660726,0.9650288,0.95731604,0.97552323,0.95478183,0.95550334,0.95983684,0.95553833,0.95647883,0.9469484,0.9615004,0.91604495,0.94665426,0.9550339,0.9563798,0.95052314,0.9495667,0.95349586,0.94388443,0.95688367,0.9453155,0.93244,0.9709394,0.95513654,0.9566598,0.9566596,0.9568523,0.95494735,0.9544183,0.95838034,0.9516682,0.94438744,0.9474695,0.95661765,0.9499426,0.95699364,0.96253866,0.95252293,0.95511806,0.9464647,0.93608963,0.9787123,0.9287231,0.9631649,0.95999914,0.95691663,0.9490198,0.96541995,0.9652191,0.96628493,0.94662976,0.9425525,0.9523159,0.9431175,0.9566208,0.93755287,0.9605932,0.80564576,0.9523359,0.96189904,0.9455862,0.9433599,0.93708855,0.95158803,0.9575407,0.9674349,0.9509078,0.9538136,0.95302516,0.9628692,0.95426995,0.94432926,0.9538298,0.9610394,0.9507054,0.9592515,0.9505298,0.9605932,0.9480457,0.945148,0.96065027,0.9472316,0.96285063,0.96152383,0.9466445,0.9513592,0.9435834,0.95192915,0.9475635,0.95911014,0.9388378,0.9607282,0.95674753,0.959753,0.9429335,0.9493426,0.95990986,0.9038598,0.95216465,0.9342259,0.95335406,0.9597439,0.96103895,0.95234376,0.9667079,0.9544941,0.95926476,0.9527548,0.96340096,0.9458426,0.9575038,0.9558349,0.9600662,0.95218265,0.9675456,0.94523174,0.9606512,0.967972,0.95541626,0.9596295,0.9545904,0.95656717,0.950382,0.9473437,0.9575126,0.95655704,0.9774115,0.95594037,0.9413467,0.94693804,0.93693423,0.9332118,0.9443297,0.9494883,0.95770633,0.95656186,0.95683104,0.95224005,0.958853,0.91761094,0.9520071,0.9552673,0.94871604,0.95670724,0.95108026,0.95816547,0.9774115,0.9618591,0.95954406,0.9555034,0.956429
adogsjourneymovie,0.9582678,0.93413603,0.9611982,0.94391364,0.94999665,0.9999999,0.96698034,0.95321363,0.9772385,0.9587145,0.9648601,0.9470513,0.951584,0.95975715,0.9649063,0.9458669,0.9533,0.961481,0.9457667,0.954774,0.9561091,0.955523,0.9580224,0.95046926,0.94609535,0.92529696,0.9418693,0.94164443,0.9646516,0.95310223,0.9442526,0.9522165,0.953815,0.9589597,0.94709384,0.9077524,0.9612714,0.9555882,0.94810694,0.94667256,0.95270723,0.9598229,0.960061,0.95175457,0.9517139,0.94857526,0.9559798,0.9534845,0.95085377,0.9546842,0.9603082,0.9542969,0.96475255,0.9550242,0.95213175,0.95313764,0.9506966,0.9599243,0.96253425,0.95230997,0.9428008,0.9599117,0.9499578,0.95784384,0.95665246,0.9569106,0.9513044,0.95093864,0.94619304,0.94965607,0.9563696,0.7704982,0.9415912,0.96276987,0.9552382,0.95399725,0.9373982,0.9406886,0.9486052,0.95333296,0.94761527,0.9614556,0.9566809,0.94628036,0.9518955,0.9468535,0.9504056,0.95715964,0.9467297,0.9496466,0.9492082,0.9563696,0.93062735,0.93932617,0.957177,0.95335466,0.9550332,0.96087325,0.95933247,0.9463314,0.94727415,0.9579551,0.9540739,0.960015,0.9355038,0.95859855,0.9629919,0.95164263,0.95584935,0.95066345,0.9632172,0.8737092,0.9506343,0.92411363,0.95501935,0.955412,0.9593466,0.9511627,0.95733213,0.9628229,0.95028716,0.95238364,0.9620477,0.96337676,0.95625085,0.9648688,0.9570793,0.93889827,0.9464105,0.93968034,0.95854944,0.9449151,0.9545115,0.9476134,0.9470401,0.9476318,0.9576628,0.9490692,0.9582678,0.9503851,0.9772385,0.95416504,0.9485349,0.9491021,0.9434405,0.9342074,0.9352744,0.9468122,0.95769906,0.94667387,0.95361525,0.94724077,0.9508459,0.9267876,0.94052106,0.94801015,0.95084685,0.9405525,0.94324166,0.9514251,0.9772385,0.9504593,0.9680186,0.9657122,0.9528862
aftermathmovie,0.9615843,0.9539164,0.96844476,0.95638394,0.95421493,0.96698034,0.9999998,0.9707857,0.9845598,0.96115553,0.9609536,0.9462565,0.95948446,0.96772254,0.9632716,0.957259,0.95991784,0.96060777,0.9585535,0.945951,0.9702061,0.96353096,0.96594495,0.9592287,0.95913965,0.9229351,0.9384302,0.9572954,0.96555203,0.9567533,0.95614266,0.96352607,0.95847356,0.9608034,0.9578322,0.93712264,0.9677732,0.9687103,0.9603978,0.958258,0.9564168,0.9589148,0.96254057,0.9568507,0.9639699,0.9597929,0.96189886,0.95607615,0.94794935,0.9604051,0.9684048,0.96239585,0.9560014,0.95751405,0.9632911,0.947291,0.94434434,0.9707751,0.96179795,0.9648353,0.95748025,0.9664592,0.9598897,0.9658183,0.9518873,0.95191044,0.9573356,0.9604772,0.9563915,0.9549653,0.96752626,0.7819637,0.95378435,0.96878797,0.9628817,0.9549723,0.9399602,0.9528208,0.9688156,0.9654988,0.9612138,0.9820277,0.96634054,0.9667127,0.95743346,0.9612201,0.96124643,0.96314275,0.9599579,0.9613743,0.9592621,0.96752626,0.9442674,0.94412124,0.9635512,0.9523305,0.966241,0.96564776,0.9745423,0.95866746,0.9589544,0.95430154,0.9573585,0.9694008,0.94476295,0.96440196,0.9700724,0.95710665,0.94723433,0.9596145,0.9690314,0.87782997,0.95817274,0.9370752,0.96635187,0.9557407,0.96532124,0.96345127,0.96435213,0.9883265,0.96246946,0.9635583,0.9711803,0.95815647,0.9670466,0.9575653,0.9664385,0.95572805,0.9502631,0.938184,0.97135717,0.94813436,0.9660716,0.9578404,0.96523297,0.9602467,0.96017146,0.954133,0.9656341,0.95507294,0.9845598,0.9629456,0.95425224,0.9478205,0.94109577,0.9515752,0.9505455,0.95954543,0.9623265,0.9518391,0.98331755,0.9531582,0.9671138,0.9321776,0.9487336,0.95927656,0.96347857,0.9627251,0.9514929,0.9689886,0.9845598,0.95839083,0.96934265,0.96715057,0.96316475
aftermovie,0.9519545,0.94133484,0.9581221,0.9646025,0.9540905,0.95321363,0.9707857,1.0,0.9791341,0.9475738,0.95523304,0.95103705,0.9572809,0.9570729,0.95855826,0.95647955,0.9545709,0.9553218,0.9591545,0.94810927,0.9697516,0.9558666,0.9586451,0.9474792,0.95965904,0.9245718,0.942374,0.9563652,0.95908666,0.94786745,0.9521393,0.95919275,0.952318,0.9579522,0.9429321,0.92071277,0.96298003,0.9588514,0.9597002,0.9570856,0.95771,0.9578093,0.9565286,0.9578739,0.9508977,0.9558912,0.9535226,0.949774,0.9508024,0.9622274,0.9641434,0.9599848,0.94904846,0.9499422,0.97027725,0.9515519,0.94740856,0.9629787,0.9592908,0.96136755,0.9459278,0.9668415,0.9571523,0.96266377,0.9447777,0.94874394,0.9454799,0.9524148,0.95362777,0.9514502,0.96386474,0.7868526,0.9453371,0.9700406,0.9522541,0.953745,0.94794273,0.9561632,0.9562535,0.95569324,0.9439714,0.97372365,0.9695972,0.94936556,0.9539072,0.95388234,0.9552876,0.9576541,0.95250434,0.9596104,0.95315236,0.96386474,0.9582029,0.9447249,0.9576427,0.9468941,0.9467341,0.96181387,0.971892,0.94583225,0.9522695,0.9447454,0.9472893,0.9617908,0.9477142,0.9588597,0.9656787,0.95654684,0.94770825,0.96154344,0.965523,0.8701938,0.9497232,0.9330235,0.95708275,0.9519337,0.9597602,0.9601498,0.95776105,0.96977705,0.96589327,0.9577148,0.9660151,0.95521384,0.95537794,0.95210916,0.95883393,0.9608587,0.9528373,0.9467701,0.96111,0.9544514,0.961178,0.9570709,0.946776,0.95615166,0.94927204,0.95377856,0.9665123,0.9616238,0.9791341,0.9564404,0.9586117,0.9566045,0.9465681,0.94380534,0.9522722,0.9492641,0.96398574,0.9499012,0.96449697,0.9557878,0.96200484,0.9301221,0.94295543,0.9476433,0.9616765,0.95392567,0.9477752,0.95865977,0.9791341,0.9543141,0.9597092,0.95979977,0.9618777
ahiddenlifefilm,0.97907305,0.96627814,0.9821755,0.97241205,0.9774115,0.9772385,0.9845598,0.9791341,1.0,0.97628355,0.97943175,0.97202736,0.9774212,0.9794278,0.98543596,0.9788334,0.97611177,0.9771979,0.975725,0.9757002,0.98131835,0.9799611,0.97845596,0.9726632,0.9770367,0.9394228,0.9593091,0.9720905,0.9814177,0.97124934,0.9729499,0.9809772,0.9677959,0.97881985,0.96982,0.9458895,0.98382956,0.97800475,0.97688174,0.97636706,0.97438174,0.9763194,0.97470224,0.9750311,0.97638583,0.97194445,0.97386205,0.97656137,0.96863264,0.9776196,0.9858848,0.9797752,0.97332835,0.9711274,0.96920276,0.9739935,0.96498877,0.98360306,0.9762785,0.9794367,0.97036684,0.9803733,0.98153734,0.98120725,0.970266,0.971464,0.97179025,0.97522664,0.9750713,0.968883,0.9830271,0.8160534,0.96976584,0.98371196,0.9731582,0.9697723,0.96072245,0.96936655,0.9772455,0.9798921,0.9713081,0.97996217,0.98081416,0.9758227,0.9754693,0.96901846,0.9766521,0.97949606,0.9730015,0.9796288,0.97386456,0.9830271,0.9686922,0.96679056,0.9804945,0.9730926,0.97747517,0.9793644,0.9777841,0.97008574,0.96873885,0.9699064,0.9711261,0.9819949,0.9630121,0.98329943,0.97973126,0.97644484,0.96921134,0.9765799,0.9835342,0.9034243,0.9745268,0.95259213,0.9760293,0.97751063,0.98150927,0.9777579,0.98179615,0.98089576,0.9807445,0.9773614,0.98389834,0.97088766,0.980144,0.97960794,0.9776077,0.9730506,0.9729592,0.96123344,0.9811929,0.97192806,0.97577477,0.97155666,0.97540915,0.9738297,0.97479975,0.97504306,0.98126364,0.9765137,1.0,0.9776149,0.968422,0.97109866,0.9617869,0.96417195,0.9653056,0.9722935,0.9785182,0.97249997,0.9820844,0.96814775,0.9784902,0.9454718,0.966627,0.97472084,0.97289014,0.97775143,0.9706607,0.9774931,1.0,0.97491324,0.9819508,0.9798249,0.9816377
alitamovie,0.95876276,0.9516333,0.9595492,0.94712436,0.96627885,0.9587145,0.96115553,0.9475738,0.97628355,0.99999994,0.95488787,0.9575012,0.9453273,0.9615165,0.96578807,0.961314,0.9513048,0.97119266,0.95466423,0.95264035,0.9597365,0.9525712,0.9550597,0.95920867,0.9491467,0.919899,0.9545123,0.94955796,0.95213103,0.9470422,0.94531184,0.9511503,0.93455446,0.95636064,0.9549262,0.9214562,0.96032506,0.95716286,0.9515769,0.9557142,0.9531736,0.9511815,0.9497604,0.9493368,0.9562601,0.9433804,0.9473564,0.9616547,0.95208496,0.9533395,0.964182,0.95661986,0.958729,0.9526786,0.9385577,0.9657547,0.9469104,0.96399456,0.9486885,0.9643533,0.94451606,0.9565655,0.9550568,0.956058,0.95124596,0.95090616,0.9489195,0.95063895,0.95454276,0.947396,0.96417946,0.7685665,0.9508047,0.9583417,0.95070523,0.9411712,0.92002016,0.93602705,0.9519798,0.97200716,0.9519765,0.95224786,0.9530626,0.96326053,0.95742226,0.942031,0.95277005,0.9537903,0.9506407,0.9611245,0.9501534,0.96417946,0.9438598,0.93973017,0.9603772,0.9559008,0.95889765,0.95749694,0.9548373,0.94430184,0.930022,0.94651806,0.94833076,0.9638466,0.95559835,0.9643691,0.95696425,0.9505724,0.9465532,0.95144945,0.96176577,0.87956643,0.9546786,0.91939056,0.95023143,0.9589025,0.9609761,0.95312965,0.96179974,0.96188664,0.9592318,0.9560006,0.9609556,0.9529765,0.96231985,0.9554513,0.95620674,0.94897854,0.9560216,0.93505216,0.95895016,0.9561122,0.9567088,0.94929653,0.963539,0.94911855,0.95338863,0.9494383,0.95812273,0.94572836,0.97628355,0.9565791,0.9381038,0.9490421,0.9455389,0.9380179,0.9357827,0.9599301,0.9519873,0.9489251,0.9627238,0.9480973,0.9556913,0.9285741,0.95134056,0.9644248,0.9435344,0.95555353,0.94726086,0.9492891,0.97628355,0.9580393,0.95225704,0.9568523,0.9568366
angelhasfallen,0.9628189,0.94577324,0.9667897,0.960857,0.9522066,0.9648601,0.9609536,0.95523304,0.97943175,0.95488787,1.0000001,0.9544893,0.9604008,0.9577114,0.9684091,0.9548254,0.9498482,0.9601458,0.9581693,0.95825475,0.95457613,0.95953214,0.95921683,0.95724195,0.95965195,0.9219038,0.93974483,0.9417374,0.96380043,0.9433879,0.959928,0.9706407,0.9475771,0.95910543,0.9521315,0.91759896,0.9637927,0.9584299,0.9623055,0.9607308,0.96088123,0.95655423,0.9542149,0.95223075,0.964216,0.9501283,0.95578754,0.95584714,0.95902807,0.9586544,0.9696,0.971295,0.95571643,0.9510466,0.9437385,0.9552469,0.9450844,0.9678471,0.961357,0.9555099,0.95142645,0.9630033,0.9632884,0.9569905,0.9539078,0.9716076,0.9596927,0.9636253,0.96730393,0.9507609,0.9645782,0.79299885,0.9408356,0.9614459,0.9622091,0.95340717,0.9322308,0.9503787,0.9519811,0.9637417,0.96987414,0.95633495,0.9611029,0.9484229,0.9600773,0.9427177,0.9611757,0.96314347,0.95716107,0.9625766,0.9564432,0.9645782,0.9488243,0.95238835,0.96086687,0.963363,0.9580853,0.96298796,0.9536237,0.950422,0.95007473,0.9452252,0.9585109,0.9585862,0.93174934,0.96946,0.960024,0.958151,0.94961816,0.9610505,0.96013594,0.8810961,0.9586672,0.9220628,0.9572703,0.97205436,0.9670488,0.95172966,0.9637049,0.9589799,0.9602571,0.9725265,0.96452177,0.9581547,0.9648532,0.9693441,0.9580586,0.9597937,0.9574462,0.93961835,0.9609549,0.94746995,0.9463533,0.94096255,0.95718277,0.9434941,0.9563908,0.96017766,0.96178156,0.9631976,0.97943175,0.9603017,0.953992,0.9470408,0.94165677,0.94679725,0.9471509,0.9472769,0.9586257,0.9597204,0.9610659,0.951339,0.9601038,0.9338175,0.94441986,0.9578157,0.9508829,0.95831,0.9532217,0.95559,0.97943175,0.9593243,0.9656178,0.96523196,0.9627272
angrybirdsmovie,0.95168835,0.93316364,0.9581642,0.94757885,0.94807285,0.9470513,0.9462565,0.95103705,0.97202736,0.9575012,0.9544893,1.0,0.95623314,0.95739293,0.95450586,0.95760447,0.94435877,0.94753677,0.94371915,0.9562336,0.95695263,0.9512452,0.955142,0.939437,0.94976664,0.9041873,0.9320792,0.9398934,0.950615,0.95335585,0.94408345,0.96153283,0.9399067,0.9595393,0.94881165,0.91920173,0.95336515,0.9532372,0.9450289,0.95097536,0.9549307,0.9484831,0.9517841,0.9453692,0.9504449,0.94380116,0.9494937,0.95649886,0.9442821,0.949159,0.9658521,0.9601115,0.9463848,0.93687546,0.9400002,0.95458066,0.9492723,0.9600509,0.9456726,0.95289993,0.9574644,0.9587535,0.95829725,0.9595178,0.94649917,0.9537089,0.9471239,0.9565011,0.94660705,0.95014536,0.9517535,0.7848846,0.9562709,0.95456797,0.9504735,0.9399571,0.9355266,0.9351895,0.9409817,0.9571193,0.94775784,0.94670236,0.96358633,0.95516914,0.9676343,0.947255,0.95258945,0.95497876,0.9425981,0.9577412,0.9523508,0.9517535,0.94776523,0.942062,0.9583067,0.9480493,0.9480088,0.948745,0.95382124,0.94026566,0.93020797,0.93046004,0.9365254,0.94819456,0.94197774,0.9642467,0.9551235,0.95894,0.9496844,0.96431375,0.95010424,0.87800103,0.9470471,0.92962855,0.9512713,0.9559928,0.95936626,0.9495722,0.955934,0.94943595,0.9584356,0.95310205,0.95109534,0.94627976,0.9476326,0.9603959,0.94963783,0.94275826,0.9455833,0.9387784,0.9458569,0.9448495,0.9490897,0.93583906,0.94833535,0.9447732,0.95011073,0.9496117,0.95464414,0.9569997,0.97202736,0.95093143,0.9417667,0.9575339,0.9501706,0.9322377,0.94147176,0.9544512,0.95653886,0.9520062,0.9503062,0.9488129,0.9530966,0.92493516,0.9310836,0.9498111,0.94381016,0.95660996,0.94103056,0.9400394,0.97202736,0.9533668,0.95283985,0.9579958,0.9611076
annabellemovie,0.94559485,0.9418813,0.9681285,0.957178,0.95695394,0.951584,0.95948446,0.9572809,0.9774212,0.9453273,0.9604008,0.95623314,0.99999994,0.9563616,0.96329457,0.9619147,0.9565521,0.94752705,0.9476385,0.95963657,0.95821553,0.960698,0.9598673,0.9505639,0.9537586,0.91571546,0.9313025,0.9420778,0.9566627,0.95186454,0.9509652,0.97096515,0.9468387,0.9536752,0.94263166,0.9191523,0.96813554,0.9542888,0.9546549,0.9539599,0.9620442,0.9493442,0.9556422,0.9516705,0.9533904,0.94679385,0.9595775,0.9505199,0.94421214,0.9522864,0.9597377,0.9681237,0.9529118,0.94474965,0.94947577,0.94557935,0.94343984,0.9605324,0.9655895,0.9584037,0.95824856,0.9585974,0.9613973,0.959118,0.9507902,0.9544626,0.95207405,0.966003,0.9506254,0.9457684,0.95803,0.81600714,0.94790506,0.96040726,0.95234364,0.9439301,0.9396597,0.94408065,0.95538706,0.96508193,0.9513977,0.95462406,0.96927416,0.9511636,0.9663564,0.9509309,0.95974886,0.9846151,0.9497286,0.96502256,0.9554162,0.95803,0.94580615,0.9440333,0.95914906,0.9485069,0.95338875,0.9523644,0.95342803,0.9503585,0.9463724,0.9457691,0.94782585,0.94742066,0.9440653,0.95429176,0.96323776,0.96021175,0.95417863,0.9606988,0.9550224,0.8974835,0.9539429,0.94354564,0.95993763,0.95083016,0.9469865,0.95403737,0.9646016,0.95375544,0.9685282,0.9565131,0.95893776,0.95170057,0.952306,0.9619021,0.961561,0.94947165,0.94202524,0.9438525,0.95851517,0.9434767,0.9557488,0.9504016,0.9502243,0.9515733,0.9490471,0.95581275,0.9564797,0.95438266,0.9774212,0.9557433,0.9432288,0.9568274,0.9497375,0.9571686,0.9532195,0.9461853,0.959184,0.94220763,0.9606667,0.95014226,0.9564983,0.9280026,0.93432945,0.9556168,0.9487961,0.9589665,0.94014657,0.9586182,0.9774212,0.9594234,0.9628973,0.9565693,0.9555874
annamovie,0.9632146,0.94781893,0.95920026,0.9387355,0.959318,0.95975715,0.96772254,0.9570729,0.9794278,0.9615165,0.9577114,0.95739293,0.9563616,0.99999976,0.9701634,0.97035724,0.9586794,0.9647182,0.95518816,0.9559309,0.97161454,0.9584443,0.9609599,0.9520253,0.9588214,0.92017615,0.9454477,0.947774,0.95765585,0.9636786,0.9471149,0.9630522,0.949496,0.95359814,0.95573914,0.9386585,0.9648564,0.95189357,0.9464036,0.9578936,0.95401245,0.9439618,0.94513196,0.94359463,0.9504915,0.95406145,0.95743555,0.9611259,0.9438412,0.9467469,0.9668439,0.9588894,0.95367193,0.94640267,0.94943523,0.95416534,0.9394814,0.964823,0.9559163,0.9555087,0.95571476,0.96148926,0.95988905,0.97858435,0.9552059,0.94377893,0.9553396,0.95781183,0.96020156,0.9478826,0.95884556,0.81156635,0.95633644,0.96584564,0.9594249,0.94999033,0.9331444,0.93898505,0.95848656,0.9524316,0.9566365,0.9583974,0.9626379,0.96321815,0.9579668,0.9441903,0.9547407,0.9574999,0.94915503,0.9588202,0.95580345,0.95884556,0.94246453,0.94518584,0.95650923,0.9639002,0.95724136,0.95423615,0.96105903,0.9651798,0.9462763,0.9568049,0.9512113,0.95156413,0.95874774,0.96923757,0.9590272,0.9570758,0.9538097,0.95834494,0.9663509,0.89011246,0.94941986,0.9342648,0.9635252,0.95437914,0.96151346,0.95467454,0.96800536,0.9637323,0.963121,0.9568631,0.9620487,0.95294,0.9550086,0.9620053,0.9621764,0.94607556,0.9478634,0.9344008,0.96446025,0.9535337,0.9543477,0.95748776,0.95631117,0.9661644,0.9548518,0.95842654,0.9604516,0.96226573,0.9794278,0.95169103,0.9444996,0.9494054,0.9415902,0.9406404,0.9499159,0.9564722,0.96194345,0.950977,0.9689225,0.94110847,0.95591444,0.9358189,0.938062,0.95688665,0.95086,0.9638121,0.9482718,0.9592915,0.9794278,0.95810294,0.96404666,0.96442485,0.9627082
apollo11movie,0.9668749,0.9538332,0.9679579,0.95605236,0.9660726,0.9649063,0.9632716,0.95855826,0.98543596,0.96578807,0.9684091,0.95450586,0.96329457,0.9701634,0.9999999,0.9738387,0.9588382,0.9648893,0.9690201,0.9819728,0.963471,0.96206516,0.96178883,0.9602766,0.9640092,0.92418236,0.94808584,0.95448524,0.9632602,0.95209646,0.9627081,0.96834874,0.95623165,0.96063447,0.9510334,0.93662715,0.967988,0.9624096,0.96040714,0.96601754,0.9581346,0.9546955,0.9523864,0.95081913,0.95973283,0.9626389,0.96078795,0.96559584,0.9622349,0.9536459,0.96934175,0.96857315,0.9548079,0.95217764,0.9487863,0.9563471,0.95600843,0.97009903,0.9601338,0.9590821,0.95997137,0.96359,0.9662513,0.96502423,0.96322745,0.95809984,0.96884745,0.9599126,0.9607482,0.9457404,0.96428543,0.8221462,0.953835,0.96924555,0.9550267,0.95719343,0.93779147,0.9489706,0.9634206,0.96643925,0.95272475,0.95657074,0.9625537,0.95866114,0.9571807,0.9460765,0.9619075,0.9643529,0.9568651,0.967479,0.95942867,0.96428543,0.94544977,0.9472237,0.96593744,0.9739243,0.96154106,0.9578549,0.95630705,0.9524891,0.95605314,0.959574,0.95307475,0.96357393,0.94673353,0.9679315,0.97014445,0.9638607,0.96807116,0.96035373,0.97734696,0.9063418,0.9537812,0.94450337,0.9614823,0.9590922,0.96392447,0.9616842,0.9688372,0.9625141,0.9593831,0.9569238,0.96713537,0.9616883,0.9685025,0.9660734,0.9633633,0.9591124,0.95570576,0.94032985,0.9670575,0.9550519,0.959061,0.95134574,0.9604346,0.95975155,0.9554672,0.96437174,0.9637381,0.96758026,0.98543596,0.9610365,0.9539892,0.95749915,0.94769883,0.9570205,0.96006423,0.9566278,0.9631367,0.96243536,0.96564084,0.950104,0.9657763,0.92809343,0.9508889,0.9639609,0.95926154,0.964082,0.9541896,0.9519831,0.98543596,0.96106774,0.9676905,0.9659721,0.96688485
arcticdogsmovie,0.9543243,0.9530475,0.9641425,0.9565289,0.9650288,0.9458669,0.957259,0.95647955,0.9788334,0.961314,0.9548254,0.95760447,0.9619147,0.97035724,0.9738387,0.99999994,0.9565905,0.9598735,0.9644512,0.96270144,0.9679854,0.9609471,0.95697474,0.9455851,0.96270823,0.91363555,0.9429492,0.94658166,0.9600948,0.95262486,0.9599931,0.965016,0.94882894,0.95421964,0.94775,0.93560094,0.96255714,0.9518765,0.95801204,0.9638216,0.9554201,0.94852984,0.9415753,0.9483373,0.9550615,0.95323604,0.9528315,0.9621913,0.94521433,0.94745576,0.9710452,0.96677196,0.94917727,0.94721615,0.9411482,0.9616205,0.9515798,0.96650344,0.95015126,0.95598876,0.953454,0.96704817,0.96727425,0.9659357,0.9537887,0.95009226,0.95641196,0.9571303,0.95088017,0.94331986,0.95860755,0.82131106,0.9618435,0.9608856,0.9491143,0.94924206,0.9277572,0.9488758,0.96141326,0.9660955,0.95075494,0.9542936,0.9642291,0.9618552,0.9642798,0.9490325,0.9644907,0.96097726,0.94424385,0.96258175,0.95339674,0.95860755,0.95025724,0.9485551,0.9620082,0.9646786,0.96071476,0.9503216,0.9548811,0.94311637,0.9457753,0.95723665,0.9493415,0.9554466,0.9525734,0.9711996,0.9593531,0.9684795,0.97137916,0.96080685,0.96525484,0.89223975,0.95191425,0.94238764,0.9584541,0.9520054,0.9561254,0.9596552,0.9651329,0.95922625,0.9648199,0.9533238,0.95894396,0.94810486,0.9586808,0.9541937,0.95852107,0.96232635,0.9553783,0.9331599,0.96444005,0.9560775,0.9537448,0.9559198,0.95987403,0.95892656,0.9496393,0.96273667,0.9612009,0.9584469,0.9788334,0.96114534,0.9445452,0.9638372,0.94074047,0.9487632,0.95713365,0.9531182,0.96810895,0.95559895,0.96182686,0.9443749,0.95621496,0.92151636,0.9380314,0.9563739,0.95637417,0.9651164,0.9486784,0.9526564,0.9788334,0.95958203,0.96271425,0.96005285,0.96713877
arcticmovie,0.95291644,0.95791644,0.96273375,0.94550234,0.95731604,0.9533,0.95991784,0.9545709,0.97611177,0.9513048,0.9498482,0.94435877,0.9565521,0.9586794,0.9588382,0.9565905,1.0,0.96166587,0.95034844,0.95269275,0.9624917,0.9643217,0.9609058,0.9516427,0.95668185,0.91829515,0.9406596,0.9664944,0.96301943,0.9597388,0.9455055,0.958337,0.9350537,0.96309817,0.9502349,0.9267535,0.9585232,0.9593657,0.94767624,0.94571877,0.94775134,0.95032907,0.9541773,0.95108664,0.95026535,0.95032555,0.9553164,0.94217,0.9324138,0.95500416,0.9696903,0.9494271,0.9555073,0.94505376,0.95152295,0.9598776,0.9313,0.957256,0.9564716,0.95639235,0.9442251,0.9487568,0.96438223,0.95740575,0.9462788,0.9459461,0.9464941,0.9516723,0.94542366,0.949325,0.9694286,0.7891242,0.9543952,0.96904325,0.95524967,0.93785226,0.9341303,0.9491946,0.9589933,0.95542765,0.9398195,0.9532232,0.9596178,0.95149916,0.95095843,0.94915694,0.9590546,0.9577362,0.9590111,0.961512,0.9580901,0.9694286,0.95014393,0.942939,0.95529765,0.94624114,0.9546854,0.96179724,0.953673,0.9541154,0.94296163,0.9529029,0.94819707,0.95926946,0.93877935,0.96735954,0.95891434,0.9521957,0.9461646,0.95383596,0.9616931,0.8997302,0.9557182,0.93246454,0.9520199,0.9604461,0.9558394,0.954221,0.9635201,0.95553595,0.96507114,0.9500555,0.96498245,0.95137215,0.95301056,0.9517666,0.95210654,0.9543536,0.95470524,0.95407534,0.96485394,0.9560425,0.97433335,0.9668671,0.9519366,0.959962,0.9557864,0.95746976,0.96573037,0.9542145,0.97611177,0.9523697,0.9400901,0.94571674,0.93177766,0.9364894,0.940907,0.94626653,0.95052445,0.9427997,0.95655614,0.94848645,0.9574788,0.9134042,0.95510113,0.9568793,0.95007175,0.9636781,0.94763416,0.9591935,0.97611177,0.9571452,0.95058596,0.9513081,0.9554854
artofracingmovie,0.95984167,0.94154805,0.96164083,0.94401723,0.97552323,0.961481,0.96060777,0.9553218,0.9771979,0.97119266,0.9601458,0.94753677,0.94752705,0.9647182,0.9648893,0.9598735,0.96166587,0.99999976,0.95200276,0.95592856,0.96193165,0.95357406,0.95819455,0.962162,0.95702004,0.9327341,0.9610999,0.953918,0.96042246,0.94918376,0.94722486,0.95843077,0.9450436,0.96182376,0.95567155,0.9313772,0.9658357,0.9594676,0.9521163,0.9605886,0.95813274,0.9617592,0.9564571,0.9564597,0.95362276,0.945603,0.94820327,0.95583075,0.95613843,0.9597414,0.96572405,0.9582834,0.9579048,0.95728177,0.9436224,0.97188354,0.9379293,0.9670395,0.9564231,0.954356,0.9419041,0.9591075,0.96145535,0.96162677,0.956062,0.95131665,0.95404327,0.94385356,0.9578077,0.9457689,0.9641947,0.780172,0.94955146,0.96197957,0.95382243,0.9552209,0.9403307,0.9494192,0.9561624,0.96250415,0.95290846,0.9576186,0.95633554,0.95892364,0.9506193,0.942694,0.95079404,0.95855796,0.9577732,0.95950735,0.9579892,0.9641947,0.9452666,0.9488998,0.9600001,0.9578871,0.95972484,0.96102595,0.9505464,0.9478906,0.9415427,0.9496057,0.9526586,0.9634186,0.9361372,0.9667696,0.95633906,0.94999105,0.9423176,0.9484683,0.9667931,0.8935174,0.9602542,0.9346579,0.9547354,0.96475625,0.9668378,0.9472818,0.9681968,0.9572652,0.959964,0.95928925,0.9675317,0.95924306,0.96027356,0.9627122,0.95973563,0.9459176,0.97038686,0.9435966,0.9675918,0.9701305,0.95728683,0.9562782,0.95458883,0.95187515,0.9529123,0.95412725,0.9608706,0.9640824,0.9771979,0.95740044,0.9435138,0.9398442,0.93916756,0.9343055,0.93976766,0.9571958,0.9505512,0.9464833,0.96024656,0.9496086,0.962681,0.92079717,0.95522857,0.96009016,0.9468714,0.9577048,0.95474964,0.9563674,0.9771979,0.9581017,0.95741194,0.9645796,0.9546516
avengers,0.972472,0.9533883,0.95693415,0.9541131,0.95478183,0.9457667,0.9585535,0.9591545,0.975725,0.95466423,0.9581693,0.94371915,0.9476385,0.95518816,0.9690201,0.9644512,0.95034844,0.95200276,0.9999999,0.95933723,0.9562589,0.95549065,0.9505815,0.9477342,0.9589147,0.91891927,0.9386142,0.95501447,0.9574079,0.93470657,0.9737535,0.9594056,0.9372543,0.95234203,0.94128096,0.9264028,0.9625782,0.95650035,0.95471233,0.96711606,0.953856,0.95059437,0.94751775,0.9520892,0.9539165,0.9478715,0.9441632,0.95233274,0.947357,0.95263547,0.9637397,0.9582799,0.9368392,0.9487719,0.9453653,0.95484394,0.9436524,0.9604522,0.9509508,0.9561623,0.94438463,0.95592374,0.9628166,0.9589991,0.9438764,0.9518012,0.9491674,0.95136875,0.957576,0.9358462,0.95990205,0.7907746,0.95100254,0.9670179,0.93473065,0.950309,0.9260024,0.95408577,0.95255166,0.95668864,0.95187354,0.9558028,0.9605349,0.9477424,0.94401675,0.9442193,0.9575562,0.9512727,0.94971395,0.9519628,0.94723105,0.95990205,0.9544853,0.94490814,0.95819944,0.9541047,0.9617966,0.9566452,0.95323074,0.94047064,0.9471906,0.95402086,0.9453245,0.9615544,0.94539887,0.96417975,0.9620374,0.9569839,0.9462903,0.9546517,0.9661029,0.88604295,0.9442583,0.9286183,0.947439,0.96140605,0.9593018,0.9470021,0.9584445,0.9543083,0.95560396,0.9493323,0.9590982,0.93270755,0.9607597,0.94971216,0.95082307,0.9628687,0.95471495,0.9359469,0.95767045,0.95239186,0.9494828,0.9460926,0.952008,0.9454741,0.9446123,0.9433765,0.95318425,0.95100206,0.975725,0.95553094,0.9491894,0.9464297,0.94475335,0.9417038,0.9397624,0.9494225,0.96427226,0.95423007,0.95813906,0.9456863,0.955657,0.93052274,0.94257635,0.9435858,0.95130813,0.9588314,0.9433725,0.9556649,0.975725,0.95260334,0.95536274,0.94876605,0.95809644
beachbummovie,0.96258825,0.94259816,0.96245307,0.95164746,0.95550334,0.954774,0.945951,0.94810927,0.9757002,0.95264035,0.95825475,0.9562336,0.95963657,0.9559309,0.9819728,0.96270144,0.95269275,0.95592856,0.95933723,1.0,0.9483567,0.9571025,0.9492859,0.9561619,0.9558232,0.9091099,0.9412014,0.9500795,0.9567075,0.95250684,0.952335,0.9587883,0.94559956,0.9537872,0.9401611,0.92334276,0.96116525,0.9508549,0.9603206,0.9606225,0.95499647,0.9532331,0.9492703,0.9442793,0.95694435,0.9565794,0.9463458,0.9606776,0.95384246,0.9486572,0.9629001,0.959331,0.9454126,0.9511227,0.9453894,0.95488155,0.94645077,0.9658032,0.9540823,0.9480386,0.95859885,0.9514193,0.96596056,0.95188755,0.9582848,0.9565565,0.95997274,0.95217854,0.9533748,0.9478324,0.9491142,0.8132557,0.9446843,0.9627599,0.940896,0.94471574,0.93433553,0.9442826,0.95092916,0.95163196,0.9373927,0.94689846,0.958029,0.9482535,0.95953935,0.94422674,0.95888406,0.95819247,0.94181216,0.96427345,0.95873165,0.9491142,0.9391475,0.9454619,0.96272796,0.9623504,0.956187,0.9569336,0.9426049,0.94031245,0.9464108,0.95207417,0.94307244,0.95564544,0.94559586,0.958257,0.9646087,0.9555216,0.95432913,0.94524646,0.96453005,0.89561003,0.9563797,0.93452245,0.95131576,0.9510961,0.9586284,0.94885767,0.9583378,0.94104105,0.96079004,0.9513631,0.9588055,0.944923,0.95907897,0.96043575,0.9563059,0.95113385,0.9574684,0.9403609,0.9563939,0.95234174,0.9521076,0.936565,0.954822,0.95185596,0.9472337,0.9518673,0.9496055,0.9601295,0.9757002,0.94770485,0.9427002,0.9484407,0.9412329,0.94565386,0.94473493,0.9492648,0.956254,0.9581792,0.95463604,0.9444629,0.95460916,0.9224313,0.9339049,0.94477934,0.95051354,0.94856465,0.95267457,0.9441709,0.9757002,0.9565379,0.9577073,0.95754534,0.958063
bernadettefilm,0.95725983,0.9505076,0.9652291,0.95378906,0.95983684,0.9561091,0.9702061,0.9697516,0.98131835,0.9597365,0.95457613,0.95695263,0.95821553,0.97161454,0.963471,0.9679854,0.9624917,0.96193165,0.9562589,0.9483567,0.99999994,0.9593528,0.96727264,0.9562338,0.95795244,0.92382485,0.9459015,0.9515558,0.9644849,0.9525846,0.9553287,0.9632692,0.9501945,0.9630353,0.9529606,0.9392304,0.9661119,0.9591997,0.9527985,0.9576596,0.96261406,0.9569158,0.9495896,0.9597075,0.95072824,0.95075506,0.9609738,0.95778245,0.94355035,0.96087193,0.97014385,0.96243966,0.9582029,0.95333266,0.9524032,0.9554219,0.9437748,0.9667391,0.9570923,0.9696816,0.9529068,0.96185774,0.9620795,0.972857,0.95088094,0.9466945,0.95006573,0.9592119,0.9553359,0.939774,0.97293496,0.7970084,0.959404,0.9699141,0.9629195,0.9568359,0.944965,0.95061606,0.97086877,0.9608404,0.95337075,0.96670306,0.97296196,0.9630492,0.9647648,0.95041114,0.9634976,0.9588228,0.9618416,0.95816374,0.95083696,0.97293496,0.95256054,0.94723684,0.9576563,0.9565335,0.9539638,0.9607229,0.96945906,0.95971435,0.9422605,0.94814014,0.96064794,0.96290517,0.9513825,0.96967334,0.9626361,0.9680785,0.94946474,0.9668047,0.9682141,0.88549834,0.9536876,0.94211465,0.9686568,0.95574516,0.96269214,0.9601596,0.9680106,0.9700434,0.96621835,0.9521335,0.9616315,0.95885044,0.9567004,0.95985353,0.9601847,0.95720005,0.9548967,0.9408027,0.96871936,0.9610255,0.9675681,0.96790344,0.9586195,0.9574229,0.9577155,0.9615883,0.97131705,0.9601214,0.98131835,0.96090484,0.9534331,0.96296823,0.9415568,0.9441777,0.9524289,0.95545727,0.97310907,0.95143855,0.96701616,0.95531565,0.9587785,0.9255711,0.9541866,0.9628863,0.96005994,0.96952075,0.9481947,0.9635534,0.98131835,0.958184,0.9603261,0.9593316,0.96745765
