movie,21bridgesmovie,47metersdown,abeautifuldaymovie,abominablemovie,adastramovie,adogsjourneymovie,aftermathmovie,aftermovie,ahiddenlifefilm,alitamovie,angelhasfallen,angrybirdsmovie,annabellemovie,annamovie,apollo11movie,arcticdogsmovie,arcticmovie,artofracingmovie,avengers,beachbummovie,bernadettefilm,blackandbluemovie,blackchristmas,blindedbythelightmovie,bombshellmovie,booksmart,breakthroughmovie,brianbanksmovie,brightburnmovie,brittanyrunsmov,captainmarvelofficial,captivestatemovie,catsmovie,charliesangels,childsplaymovie,clarathefilm,coldpursuitmovie,countdown,currentwarmovie,darkwatersmovie,detectivepikachumovie,disneyaladdin,disneyfrozen,disneymaleficent,doctorsleepmovie,dolemiteismyname,dontletgomovie,doramovie,downtonabbey_official,dumbo,escaperoom,everybodyknowsmovie,fastandfuriousmovie,fightingwmyfam,fivefeetapartfilm,fordvferrari,freaksthefilm,geminimanmovie,glassmovie,gloriabellmovie,godzillamovie,goldfinchmovie,goodboysmovie,goodliarmovie,gretafilm,halathemovie,happydeathdaymovie,harrietfilm,hellboymovie,hersmellmovie,highlifemovie,highstrungmovie,honeyboymovie,hotelmumbaifilm,httydragon,hustlemovie,hustlersmovie,isntitromantic,itmovieofficial,jayandsilentbob,johnwickmovie,jojorabbitmovie,jokermovie,judythefilm,jumanjimovie,justmercyfilm,knivesout,lalloronamovie,lastblackmansf,lastchristmasthemovie,latenightmovie,lighthousemovie,lionking,littlethemovie,littlewomenmovie,littlewoodsfilm,longshotmovie,lordsofchaosmovie,lucyintheskyfilm,mamovie2019,marriagestory,meettheaddams,meninblack,midsommarmovie,midwaymovie,missbalamovie,missinglinkfilm,motherlessbklyn,onceinhollywood,onthebasisofsex,overcomermovie,peanutbutterfalcon,petsematarymovie,piercingmovie,playingwithfire,playmobilthemovie,pomsmovie,queenandslim,rambomovie,readyornotfilm,richardjewellfilm,rocketmanmovie,scarystoriesmovie,secretlifeofpets,serenityfilm,shaftmovie,shazammovie,spidermanmovie,spiesindisguise,starwars,stormboymovie,stubermovie,taosdfilm,teenspiritmov,terminator,theaeronautsmov,thebestofenemies,thedeaddontdie,thefarewell,thehighwaymen,thehummingbirdprojectfilm,theintrudermovie,theirishmanfilm,thekitchenmovie,thelegomovie,themustangfilm,thenightingalefilm,theprodigymovie,thesunisalsoastar,theupsidefilm,tolkienmovie,toystory,triplefrontier,uglydolls,uncutgems,underthesilverlake,usmovie,wavesmovie,whatmenwant,wonderparkmovie,wrinklestheclown,xmenmovies,yardiefilm,yesterdaymovie,zombieland
21bridgesmovie,1.0,0.9814369,0.981481,0.980223,0.98562413,0.974996,0.99578726,0.9882255,0.99613273,0.9934594,0.9885652,0.98502004,0.9899637,0.9969447,0.9862985,0.9843885,0.99598503,0.9864098,0.9909821,0.989765,0.9779094,0.9852077,0.990308,0.9915791,0.98827034,0.3646557,0.9738336,0.99283564,0.9859367,0.9898019,0.9896801,0.98537546,0.97964454,0.977777,0.94413644,0.92476493,0.9850632,0.9965684,0.9905626,0.9795575,0.98209876,0.98783743,0.97832316,0.98841727,0.9963351,0.97200274,0.9918024,0.9937824,0.9874502,0.98530066,0.9857446,0.9887954,0.9802584,0.9770105,0.9694535,0.9840422,0.9884818,0.9885288,0.9907914,0.9938786,0.9839769,0.975153,0.985726,0.99138296,0.9910411,0.9827561,0.9861437,0.98823273,0.98903793,0.9526385,0.99389625,0.5659372,0.9416193,0.99443597,0.97181606,0.9800332,0.8239778,0.9927203,0.9902629,0.98938483,0.98309904,0.9878257,0.99311393,0.9819001,0.98181725,0.9960435,0.9818059,0.98940766,0.995162,0.9823064,0.9838134,0.99389625,0.9750257,0.9816715,0.97868633,0.99244416,0.9862115,0.99473804,0.99557894,0.984967,0.9751074,0.98798484,0.9684936,0.98691475,0.9910006,0.98813397,0.992854,0.9909771,0.9528677,0.97685975,0.9892712,0.67438626,0.9859307,0.86903197,0.98335546,0.99681354,0.9987893,0.9910987,0.988793,0.9898001,0.99059045,0.98963434,0.99145395,0.972085,0.98933583,0.99055016,0.98946875,0.9669797,0.9747013,0.8970068,0.98058367,0.97802854,0.9971943,0.9667998,0.99021757,0.989406,0.9894328,0.9832375,0.9920599,0.98339754,0.99613273,0.9764328,0.9800359,0.9827223,0.9811871,0.9766295,0.98180556,0.96432716,0.9829607,0.99384123,0.99303883,0.9805733,0.9889318,0.9505166,0.9751716,0.9900696,0.9786967,0.9924684,0.9919033,0.9814411,0.99613273,0.983199,0.9892291,0.9898274,0.9866807
47metersdown,0.9814369,1.0,0.97697395,0.97222555,0.98555195,0.95092773,0.9883146,0.9784559,0.99150354,0.98128307,0.9906182,0.97156024,0.9867564,0.98462635,0.9835431,0.9847747,0.9869624,0.9822532,0.9812349,0.98716265,0.9711688,0.98432827,0.99262726,0.9795764,0.97702324,0.33420756,0.97116965,0.98114645,0.98599267,0.971456,0.98615175,0.9889154,0.9788505,0.98059905,0.9499269,0.94648945,0.98601604,0.98103124,0.98193336,0.9925363,0.9801052,0.9841866,0.96519566,0.9896017,0.9845382,0.9958319,0.99303526,0.9788577,0.98718536,0.9814141,0.98007345,0.9948954,0.9833726,0.9635414,0.9575124,0.96872574,0.9774662,0.980232,0.97859156,0.9866094,0.98082227,0.9637405,0.98651165,0.9859619,0.990737,0.98174965,0.98203874,0.9906544,0.9952572,0.9659977,0.99251485,0.6505552,0.93724746,0.9816781,0.96450555,0.9646611,0.78701526,0.9841576,0.9928627,0.9753035,0.9917667,0.9818666,0.99082696,0.99646735,0.98184717,0.98065555,0.97385794,0.981304,0.9817963,0.98299223,0.9826561,0.99251485,0.9852835,0.96212226,0.97712165,0.9841872,0.9868166,0.9924527,0.98839206,0.99040884,0.99479383,0.9943092,0.9649758,0.9854199,0.97010756,0.98117805,0.98473054,0.9870701,0.95056814,0.98876923,0.983245,0.71254337,0.9844253,0.8934563,0.9853377,0.9832908,0.98676294,0.99530303,0.9860868,0.98464763,0.9835874,0.9849534,0.98377824,0.96534276,0.99440014,0.9858607,0.97907436,0.96310437,0.9717148,0.88401586,0.9700531,0.97252464,0.9873968,0.9823921,0.9891721,0.97689897,0.980593,0.9863964,0.9951363,0.9871104,0.99150354,0.9785244,0.9981898,0.98034346,0.9906989,0.9842693,0.9756103,0.96411794,0.97621155,0.972268,0.98035884,0.9747162,0.9892378,0.9296239,0.959024,0.9962114,0.9851791,0.97874415,0.9848583,0.98230416,0.99150354,0.98055327,0.9856593,0.9902712,0.97872806
abeautifuldaymovie,0.981481,0.97697395,1.0000001,0.9938092,0.99351686,0.95632434,0.9788879,0.9745896,0.99007934,0.99145603,0.9909276,0.9904467,0.99010724,0.9738025,0.99582404,0.98912233,0.98519063,0.98929125,0.9900329,0.9874619,0.9651983,0.99575406,0.99141306,0.9760543,0.97644293,0.44824675,0.99188435,0.9890717,0.9942405,0.97376436,0.99495214,0.9802203,0.96453375,0.9846905,0.931914,0.93144506,0.98316944,0.98110574,0.99076736,0.97507477,0.9774601,0.99280125,0.9821263,0.9962344,0.97504365,0.96956307,0.9915333,0.9875057,0.97474104,0.9949668,0.9921928,0.9874571,0.98308456,0.95391434,0.93936765,0.98235685,0.9903125,0.9643881,0.99329984,0.974763,0.98748076,0.9943097,0.9673223,0.9831281,0.9872313,0.97156495,0.97156066,0.9784155,0.98034334,0.9512274,0.98466146,0.5023782,0.9473551,0.99145555,0.9859265,0.956898,0.8224117,0.9805056,0.9903078,0.9754615,0.9927083,0.97181773,0.9904916,0.97194177,0.9828232,0.9899804,0.9657784,0.99099237,0.98985624,0.9743172,0.98295003,0.98466146,0.9910489,0.97386765,0.98785764,0.9957817,0.98582363,0.98423773,0.98168707,0.9705257,0.98529786,0.9832319,0.99448115,0.97929263,0.95785016,0.9898571,0.9851728,0.9839654,0.9588004,0.9691091,0.9893011,0.6050003,0.96903807,0.8534909,0.96315503,0.9834663,0.98369175,0.98614985,0.99310136,0.96984434,0.9794424,0.9699887,0.97341514,0.953386,0.9740616,0.9923955,0.99191797,0.9789272,0.97917575,0.92252886,0.97387815,0.99160296,0.9879576,0.95855033,0.97568804,0.9748557,0.9696956,0.98519546,0.9820936,0.97889894,0.99007934,0.9907467,0.97952837,0.97523785,0.9795177,0.97084206,0.9697674,0.9528944,0.9600046,0.97814643,0.9825113,0.98951423,0.9769644,0.9269104,0.9637775,0.97914386,0.9875883,0.98552835,0.982779,0.9684559,0.99007934,0.9840223,0.9770034,0.9868466,0.9958209
abominablemovie,0.980223,0.97222555,0.9938092,1.0,0.98401165,0.9411018,0.97790354,0.9818391,0.9867864,0.98224163,0.9825388,0.989583,0.9917851,0.97540295,0.9912326,0.99108756,0.9801932,0.9817631,0.98890036,0.9766974,0.9696603,0.99251187,0.9815734,0.9751739,0.98031455,0.4758773,0.99005646,0.98787236,0.9922206,0.98050463,0.9930888,0.9783214,0.9581493,0.9884994,0.9359634,0.93516046,0.9812672,0.9824328,0.98917294,0.9601766,0.9704309,0.99532,0.98857313,0.99475586,0.9755815,0.9626892,0.9864188,0.9907018,0.96251726,0.99810404,0.99365574,0.9789884,0.9734158,0.93620205,0.95393354,0.9782337,0.99538475,0.95989513,0.99455357,0.9700444,0.9750021,0.99710333,0.968952,0.97796595,0.9797012,0.96383154,0.9587815,0.9697277,0.9749663,0.9498526,0.9791396,0.50619555,0.9684641,0.99164027,0.9896468,0.9568138,0.8450707,0.97988534,0.9878744,0.98529965,0.9852742,0.9776569,0.9862493,0.96825725,0.9846616,0.9864267,0.96177983,0.99043703,0.98473674,0.9737273,0.98209894,0.9791396,0.9876377,0.96930236,0.9826137,0.9920381,0.98640436,0.9822449,0.98394066,0.95709515,0.9755417,0.9750644,0.9928296,0.9662043,0.94964665,0.98556274,0.9856846,0.97770643,0.9659614,0.95883393,0.99212986,0.59370357,0.9669255,0.85569936,0.95947313,0.9794828,0.98026806,0.98070294,0.98739886,0.96555525,0.9728843,0.9642411,0.9768304,0.933858,0.9689615,0.98932517,0.9944314,0.9852352,0.96917444,0.936952,0.98016244,0.97842014,0.98800564,0.94247234,0.9705087,0.9822468,0.96984583,0.96993464,0.9793921,0.97142166,0.9867864,0.99155134,0.974639,0.9635019,0.97970384,0.95405173,0.9604824,0.95767206,0.9514973,0.97289187,0.98328775,0.9887923,0.97456676,0.9168135,0.9681753,0.9749364,0.97331226,0.98225576,0.9818561,0.96722955,0.9867864,0.9798671,0.97495455,0.97685003,0.99249095
adastramovie,0.98562413,0.98555195,0.99351686,0.98401165,1.0,0.9544025,0.98310375,0.9747261,0.9951008,0.9920552,0.9984748,0.9840668,0.993207,0.98292315,0.9937016,0.988701,0.9916798,0.9965486,0.9937011,0.9961252,0.9729257,0.9900689,0.9961023,0.9861417,0.9849963,0.38881776,0.9901485,0.98622006,0.9925517,0.9774761,0.9956616,0.98939264,0.9791149,0.98745525,0.9450572,0.9452299,0.9874504,0.98267215,0.9944921,0.98893183,0.9939553,0.9921063,0.96874076,0.99438906,0.98282504,0.98010534,0.997446,0.9884098,0.9884944,0.9914369,0.9928578,0.99184954,0.99450165,0.9735708,0.9418994,0.99178004,0.9877983,0.9819102,0.9904748,0.98286843,0.9984696,0.9852471,0.97816724,0.99476844,0.98835367,0.98263425,0.9867526,0.982859,0.9928944,0.96225405,0.993034,0.5478939,0.94826823,0.99015725,0.9787557,0.9488689,0.79191697,0.9808541,0.99521,0.97616214,0.9966239,0.9681862,0.99666363,0.9781738,0.9877748,0.99134743,0.9843734,0.99434805,0.9864913,0.9815559,0.9834255,0.993034,0.99407077,0.980824,0.9955197,0.99647164,0.9911733,0.99226356,0.9859599,0.98781604,0.993613,0.98822975,0.9851959,0.99441797,0.9700575,0.9948246,0.98801196,0.9959307,0.9612706,0.9860183,0.98691565,0.67055017,0.9861239,0.8710499,0.98223376,0.9901611,0.9901648,0.99501216,0.99612784,0.97246903,0.9925095,0.986675,0.9760118,0.9686431,0.9795677,0.9954316,0.99284786,0.9766039,0.9924322,0.89913064,0.97511744,0.9970726,0.9875602,0.9676057,0.98855126,0.97644484,0.9764795,0.9880566,0.99016255,0.9921893,0.9951008,0.9911113,0.9878896,0.9851498,0.98439234,0.9850695,0.98116183,0.96417266,0.98265237,0.98871845,0.9864446,0.98031497,0.98789275,0.9410771,0.96744984,0.9892363,0.9960746,0.98197013,0.98938113,0.9831974,0.9951008,0.9936142,0.9864676,0.9961585,0.99604994
adogsjourneymovie,0.974996,0.95092773,0.95632434,0.9411018,0.9544025,1.0000001,0.9729439,0.94713706,0.9649809,0.97784925,0.9606449,0.95234454,0.94854456,0.9646113,0.9545394,0.9445004,0.9685664,0.94877,0.94918376,0.9688639,0.9228166,0.9662902,0.9679697,0.9489205,0.9375865,0.32513043,0.9329618,0.97111356,0.94894636,0.9400849,0.95755446,0.9384369,0.936246,0.9252571,0.913368,0.8848144,0.9377273,0.9672023,0.9516336,0.9567334,0.9372718,0.9474411,0.95055896,0.9572312,0.9649817,0.94243366,0.96046364,0.95649725,0.9674652,0.9437829,0.93996316,0.96549326,0.95051587,0.95439893,0.9202113,0.9444098,0.9522143,0.9528693,0.95506305,0.9662051,0.9520762,0.9319993,0.9426742,0.9578051,0.9697581,0.9690968,0.96522486,0.975327,0.95207447,0.9229846,0.9634457,0.56176287,0.8730979,0.968153,0.94565,0.97335213,0.82005876,0.9699978,0.9524811,0.9467287,0.95215046,0.9613345,0.95945233,0.96373117,0.931792,0.96839607,0.9433671,0.9455245,0.97793657,0.93298805,0.95324355,0.9634457,0.93578506,0.9517928,0.92973685,0.9605416,0.9418238,0.9626065,0.9653689,0.96088606,0.942055,0.96624106,0.9282037,0.958984,0.97615623,0.94900113,0.95278126,0.9589872,0.8815535,0.9455129,0.9520795,0.6316896,0.9456858,0.8581962,0.94682056,0.9690425,0.9747811,0.95970476,0.9505099,0.98189616,0.9577551,0.9615531,0.9596609,0.9764271,0.96767634,0.960128,0.94485915,0.906169,0.92954886,0.86234796,0.9277038,0.94746315,0.97260225,0.966306,0.9598011,0.9447064,0.9556905,0.97435594,0.9578685,0.9434993,0.9649809,0.9260388,0.95170337,0.9681965,0.93635327,0.9558162,0.95967084,0.92592543,0.9480899,0.9675314,0.9676531,0.9582774,0.94465464,0.9506255,0.93061054,0.9561318,0.95241714,0.97823715,0.95615447,0.9340939,0.9649809,0.934014,0.94911027,0.961311,0.9502502
aftermathmovie,0.99578726,0.9883146,0.9788879,0.97790354,0.98310375,0.9729439,0.99999994,0.9825479,0.9946627,0.98802453,0.98627865,0.9752825,0.99118674,0.9946429,0.9848715,0.98166627,0.99384725,0.9800674,0.9837024,0.9882719,0.96585655,0.9871204,0.99212116,0.9828165,0.98250616,0.38123822,0.9645386,0.99577075,0.9830966,0.985101,0.9889363,0.987018,0.9725522,0.98041,0.9630865,0.9397166,0.9839014,0.99257123,0.9827634,0.9817128,0.97586715,0.98823094,0.98188555,0.9893141,0.9939652,0.9820042,0.9919751,0.9897331,0.9835757,0.983526,0.9812539,0.9921933,0.9836294,0.9684015,0.9700296,0.9738776,0.9861474,0.9872575,0.986461,0.99276316,0.9788073,0.9692642,0.9823926,0.99030685,0.98968697,0.9856044,0.9880232,0.989163,0.9910508,0.96102595,0.9921671,0.62555695,0.9406399,0.9932162,0.9741391,0.9804915,0.84493715,0.988558,0.98801106,0.99165756,0.98582995,0.98733294,0.99024695,0.991593,0.9771624,0.99353915,0.98038036,0.98711205,0.99063784,0.9780207,0.99252945,0.9921671,0.9777317,0.9701791,0.9743599,0.9885263,0.9895343,0.99521947,0.9955877,0.98710835,0.9801067,0.9922511,0.966729,0.98516876,0.9854856,0.9817047,0.9857317,0.9892886,0.93927985,0.9804544,0.9830061,0.69980466,0.98857015,0.9013733,0.9860597,0.99655664,0.9956819,0.9910883,0.9863082,0.9963806,0.9912323,0.98962295,0.99088705,0.9747235,0.9923852,0.98804164,0.9841663,0.957223,0.96764135,0.9116406,0.9685084,0.97027797,0.99512655,0.97048414,0.9923407,0.9901918,0.9850623,0.98845965,0.9911488,0.9782669,0.9946627,0.97189397,0.9860927,0.98924845,0.9789622,0.9797907,0.98623586,0.9776427,0.9826041,0.98842335,0.9953009,0.983229,0.989175,0.95185703,0.9593145,0.99361575,0.97704613,0.9893825,0.99027383,0.9861647,0.9946627,0.97794706,0.98300135,0.98556066,0.98108894
aftermovie,0.9882255,0.9784559,0.9745896,0.9818391,0.9747261,0.94713706,0.9825479,1.0,0.9888872,0.9832716,0.97983146,0.9865886,0.9837238,0.98956984,0.9852894,0.99341506,0.9804026,0.9751284,0.9874606,0.971101,0.9919098,0.9751168,0.97675246,0.9874002,0.9894919,0.3241691,0.9757949,0.98129654,0.9893874,0.9871754,0.98109144,0.9804956,0.9838617,0.98112327,0.920921,0.9016442,0.9797243,0.99513257,0.98582983,0.96537024,0.9734514,0.9859428,0.9671939,0.98482925,0.9932027,0.962023,0.98350644,0.98926187,0.97091115,0.98547447,0.9863111,0.97666734,0.96031487,0.95946383,0.98562735,0.9689845,0.98210317,0.976441,0.9872674,0.98927224,0.9698474,0.9759167,0.9942814,0.9768669,0.98516,0.9575221,0.96947914,0.9778262,0.9789338,0.926055,0.989537,0.55010456,0.94027895,0.98702306,0.95839804,0.97217005,0.7829722,0.9954976,0.989153,0.9858391,0.9742851,0.9925982,0.985271,0.9741367,0.98413265,0.9817656,0.9708611,0.97995186,0.9866443,0.991423,0.96666867,0.989537,0.96675277,0.97974294,0.9708476,0.9867711,0.9782506,0.98550934,0.9856387,0.9683099,0.9679357,0.9732565,0.9702205,0.9694876,0.9774918,0.98471683,0.99482787,0.97970575,0.97546154,0.95740676,0.9950205,0.6281174,0.9745876,0.82887214,0.97320706,0.9803653,0.98597187,0.9863071,0.9828962,0.9766948,0.97083014,0.97414654,0.9962391,0.93378705,0.98443824,0.9856783,0.98698187,0.98196787,0.9674797,0.87307066,0.99308276,0.9676701,0.9896107,0.9488829,0.97855204,0.9843173,0.97918457,0.96252525,0.9882657,0.978848,0.9888872,0.98040366,0.9788408,0.953325,0.988558,0.95766306,0.9553335,0.9452269,0.96173894,0.97337604,0.9775861,0.96514404,0.9876932,0.9002767,0.99158436,0.985699,0.9677044,0.9901327,0.9909705,0.971883,0.9888872,0.9818337,0.9892007,0.9819554,0.98093086
ahiddenlifefilm,0.99613273,0.99150354,0.99007934,0.9867864,0.9951008,0.9649809,0.9946627,0.9888872,0.9999999,0.994867,0.99680346,0.9878813,0.996152,0.99496627,0.9944702,0.9929256,0.9967142,0.9934715,0.9954812,0.9949799,0.9818124,0.9915648,0.99699384,0.99234295,0.99102366,0.37049004,0.98479337,0.9934666,0.99444145,0.9887987,0.9960694,0.99282336,0.9847163,0.9886228,0.9499383,0.939615,0.9918167,0.9944804,0.9954797,0.9884929,0.9903508,0.9947627,0.9781151,0.996365,0.9948721,0.9834073,0.9989675,0.99520296,0.99069446,0.9930452,0.99327093,0.9952203,0.9892913,0.9758441,0.9656001,0.98788834,0.9920385,0.98872286,0.99456453,0.99402976,0.99231404,0.9830754,0.9895361,0.99598795,0.9950652,0.9848192,0.98925,0.99046934,0.9961631,0.96092033,0.998358,0.5770519,0.949915,0.9960864,0.97803,0.971323,0.80935633,0.9926091,0.99810696,0.9887928,0.99449164,0.9859499,0.9986778,0.9878512,0.9896783,0.9963819,0.9856755,0.9949678,0.99440795,0.98880696,0.9883601,0.998358,0.9886215,0.9833501,0.98936546,0.9977629,0.9934909,0.9984573,0.99559563,0.9902643,0.9899418,0.99318904,0.9805035,0.9925993,0.983396,0.99430656,0.9956651,0.9964639,0.96331376,0.98522973,0.99375045,0.6802619,0.99034685,0.8761383,0.987541,0.9962438,0.99784005,0.99828744,0.9963878,0.9870785,0.9938484,0.9912756,0.99096656,0.9699019,0.99166316,0.9968788,0.994832,0.9771123,0.9848423,0.90068305,0.9837236,0.98790497,0.99699956,0.97198236,0.9935816,0.98916954,0.9882062,0.9887291,0.9969641,0.99162143,0.9999999,0.98826534,0.99143267,0.9855952,0.9902141,0.9837158,0.983002,0.9690791,0.98486567,0.99156195,0.9930365,0.9839513,0.9945051,0.942605,0.97643596,0.99618775,0.9903522,0.9916865,0.9957612,0.98730534,0.9999999,0.9923484,0.992714,0.996555,0.9936413
alitamovie,0.9934594,0.98128307,0.99145603,0.98224163,0.9920552,0.97784925,0.98802453,0.9832716,0.994867,1.0000001,0.99377257,0.9917906,0.98760533,0.9861346,0.99190384,0.9873868,0.9937292,0.99025446,0.99235386,0.9915168,0.97530127,0.99007493,0.99376535,0.98837984,0.98409945,0.3650254,0.9833416,0.99103636,0.9923796,0.97632635,0.99242,0.98380417,0.9813575,0.9775965,0.92840254,0.9156281,0.98184276,0.9930122,0.99197745,0.9850876,0.9827486,0.9883299,0.97450423,0.9918891,0.9895179,0.97316283,0.99261105,0.9875813,0.9887961,0.98742914,0.9886272,0.99157256,0.98323226,0.97976965,0.95584786,0.98362994,0.9840825,0.9824304,0.9891328,0.9888971,0.9902537,0.9815706,0.98158246,0.9871123,0.9929416,0.9807659,0.98594713,0.9919447,0.98591334,0.9474716,0.99431336,0.528907,0.92792505,0.9922102,0.9711504,0.9718017,0.8023017,0.99323606,0.99144995,0.9763973,0.98714095,0.9833889,0.9941892,0.97993714,0.98404336,0.99232644,0.9770985,0.9877683,0.9969122,0.9827238,0.9785456,0.99431336,0.980369,0.9810214,0.9830152,0.99499375,0.98376536,0.9892329,0.98902595,0.9848406,0.9819232,0.9884605,0.9783628,0.98937523,0.98517996,0.9932802,0.99098855,0.9898856,0.9575459,0.97637385,0.99038875,0.6262349,0.97858924,0.84847873,0.9778602,0.99195004,0.99411917,0.9917694,0.9912486,0.9844586,0.9853428,0.9850483,0.98643744,0.97324014,0.9874212,0.99164855,0.9877707,0.9724993,0.9824092,0.89068085,0.97899985,0.9899975,0.99420667,0.973821,0.98795325,0.97495997,0.9776815,0.9898692,0.9905798,0.9873478,0.994867,0.9827354,0.9823235,0.98171246,0.9835098,0.98334616,0.9804324,0.95050776,0.97480077,0.98900753,0.9858898,0.9821,0.98500293,0.9422626,0.97555935,0.9875542,0.98616666,0.99461824,0.9886219,0.9750424,0.994867,0.98343486,0.9892329,0.9936555,0.9927526
angelhasfallen,0.9885652,0.9906182,0.9909276,0.9825388,0.9984748,0.9606449,0.98627865,0.97983146,0.99680346,0.99377257,1.0,0.9850012,0.99254465,0.9872301,0.9919962,0.9903928,0.9936161,0.99571484,0.99381834,0.99707633,0.97748005,0.9909081,0.99671376,0.98917794,0.9862063,0.35900414,0.9893499,0.9861065,0.99286544,0.9768028,0.9956399,0.9895366,0.98288226,0.98503757,0.9445569,0.9456719,0.9865204,0.98617965,0.9952989,0.99241304,0.99383116,0.99128485,0.9676709,0.9948712,0.9871568,0.98482406,0.99838424,0.98840904,0.9933919,0.99040055,0.99168414,0.9940303,0.9929518,0.97587997,0.94799036,0.99047595,0.9877084,0.98497635,0.9893322,0.9862584,0.99672675,0.98097533,0.98441255,0.99490863,0.9913773,0.98725796,0.9877344,0.98930186,0.9950774,0.96570235,0.99609935,0.5690137,0.9473307,0.99060726,0.9769928,0.95587873,0.7861718,0.98693615,0.9972192,0.9766086,0.99587506,0.97589296,0.998301,0.9851643,0.9891859,0.9902193,0.98519635,0.9917659,0.98892355,0.98380834,0.9815308,0.99609935,0.9925232,0.9813987,0.99165475,0.99564683,0.98999494,0.994812,0.99026686,0.99093586,0.9944124,0.99117744,0.9790757,0.9948439,0.97569364,0.99458706,0.99070615,0.9968026,0.96167153,0.988906,0.9899576,0.6762162,0.98776454,0.87464845,0.9862733,0.9904271,0.9935081,0.99796623,0.9940375,0.9782342,0.99173725,0.99063134,0.981375,0.97266805,0.9860606,0.99591964,0.9914583,0.9756327,0.98963624,0.8893524,0.97836965,0.99368346,0.99126494,0.97678643,0.9915669,0.9763565,0.9807295,0.98841417,0.99477035,0.9948371,0.99680346,0.9896169,0.9928426,0.98506737,0.988812,0.9866517,0.9813269,0.9628969,0.9836887,0.98885465,0.98740506,0.979651,0.989059,0.9442757,0.97260916,0.99244785,0.9949928,0.98542464,0.9906205,0.9827645,0.99680346,0.991417,0.99083394,0.9982075,0.9943748
angrybirdsmovie,0.98502004,0.97156024,0.9904467,0.989583,0.9840668,0.95234454,0.9752825,0.9865886,0.9878813,0.9917906,0.9850012,0.99999994,0.984836,0.97579086,0.98845243,0.98831373,0.98610234,0.98828167,0.9944826,0.9776477,0.9840097,0.98547035,0.98253685,0.98810226,0.98479784,0.4085451,0.99065965,0.98191816,0.9946036,0.97606915,0.98958665,0.9810886,0.9774678,0.97808504,0.90182424,0.90084714,0.98393744,0.98859495,0.99328655,0.9709092,0.97517294,0.9881424,0.9786232,0.9896369,0.9801109,0.9627703,0.98437905,0.9843182,0.9753014,0.9913917,0.99277383,0.9825802,0.9688643,0.9626862,0.9577792,0.98048776,0.9838068,0.9683968,0.988693,0.9767224,0.9803867,0.99109787,0.97830254,0.97412366,0.98603857,0.9632178,0.96328646,0.9817457,0.97595704,0.93809533,0.98537004,0.46674627,0.9410276,0.98505324,0.9677172,0.965631,0.79936993,0.98892397,0.9891556,0.97260666,0.979151,0.98455185,0.9896168,0.96566206,0.9903824,0.98449874,0.96013206,0.98708755,0.992292,0.9849031,0.9693178,0.98537004,0.97840184,0.9710581,0.9829775,0.99111164,0.98054224,0.979269,0.98381567,0.96595395,0.9734937,0.9786404,0.9833255,0.9741057,0.9671718,0.99289083,0.9931854,0.97665215,0.9789525,0.9632914,0.99517184,0.56879175,0.963565,0.8093459,0.9619968,0.9803305,0.98374605,0.98228735,0.9883739,0.9661702,0.97037077,0.968209,0.9814619,0.94476604,0.97799695,0.98426723,0.9897476,0.9896882,0.9777658,0.8986282,0.99152946,0.9842608,0.99014986,0.95753336,0.97449803,0.9723289,0.9732041,0.97341686,0.985818,0.9831744,0.9878813,0.99067986,0.9710049,0.9606744,0.98809606,0.9667966,0.9637955,0.93170184,0.95433164,0.97504836,0.97297454,0.98258895,0.97804207,0.91738254,0.98231643,0.9768598,0.9737674,0.9861072,0.9794541,0.96449524,0.9878813,0.98017573,0.98853165,0.98471856,0.9936589
annabellemovie,0.9899637,0.9867564,0.99010724,0.9917851,0.993207,0.94854456,0.99118674,0.9837238,0.996152,0.98760533,0.99254465,0.984836,1.0,0.988713,0.9925341,0.9914233,0.99307764,0.99096304,0.9945118,0.9890273,0.9755031,0.9912071,0.9923789,0.9879422,0.9923338,0.42991054,0.98501486,0.9936191,0.9934828,0.98710275,0.9978895,0.99467295,0.9762703,0.9958832,0.960533,0.9525719,0.99024695,0.9896778,0.99321634,0.98065984,0.987694,0.99899125,0.9839929,0.9967102,0.9889397,0.9817698,0.9960892,0.99352825,0.97999257,0.9969645,0.996498,0.9908921,0.9915039,0.96317697,0.9649272,0.98698705,0.99411166,0.98529017,0.99318624,0.98452324,0.98852485,0.989117,0.98279315,0.9931291,0.98522246,0.98148096,0.98265463,0.98174274,0.99278575,0.96677107,0.9922112,0.5765487,0.9661802,0.99445784,0.98449165,0.95802504,0.8355613,0.9842519,0.9947193,0.9922584,0.99275726,0.98027617,0.99576116,0.9830583,0.99211085,0.99305713,0.9850507,0.99810904,0.986333,0.98482656,0.9928936,0.9922112,0.99357814,0.9736765,0.99267775,0.9953592,0.99877346,0.99432933,0.9938501,0.9821057,0.9883702,0.9881307,0.9859962,0.9872521,0.9699541,0.9934242,0.98988503,0.9930594,0.9651728,0.98242116,0.9899834,0.66793585,0.99061805,0.88831466,0.9858667,0.9941798,0.9913513,0.9931291,0.99421126,0.979227,0.99239886,0.9873174,0.9857681,0.9603937,0.982426,0.993716,0.99623793,0.9813297,0.9848441,0.9266826,0.97979,0.98493296,0.9923836,0.9587741,0.9915111,0.9889289,0.9785701,0.9829522,0.991802,0.9870748,0.996152,0.99240303,0.9872164,0.9844407,0.98708326,0.9785744,0.9841455,0.97929853,0.9808126,0.9884796,0.99358636,0.9867829,0.99153805,0.9413123,0.96779734,0.9919115,0.98332727,0.98363817,0.99203205,0.99119437,0.996152,0.9902334,0.98761237,0.98844224,0.9949342
annamovie,0.9969447,0.98462635,0.9738025,0.97540295,0.98292315,0.9646113,0.9946429,0.98956984,0.99496627,0.9861346,0.9872301,0.97579086,0.988713,1.0,0.9832779,0.98548084,0.9912992,0.98194385,0.98700935,0.98769224,0.9799461,0.9795247,0.98701334,0.98944974,0.9882497,0.32780325,0.9696505,0.98785895,0.9820941,0.99178606,0.9854611,0.9842284,0.9803916,0.97891384,0.9532692,0.9334321,0.9827768,0.9938136,0.98743874,0.97786474,0.9840302,0.98558146,0.96826565,0.985495,0.99763453,0.9727598,0.9915196,0.99397486,0.98570275,0.9820293,0.9823817,0.98483586,0.9782743,0.97232443,0.97284603,0.9811343,0.98724324,0.9894794,0.9886026,0.9950241,0.981041,0.9675811,0.9901637,0.99330294,0.98811466,0.98052096,0.98655725,0.98308444,0.991008,0.9519931,0.99380064,0.60441446,0.94634944,0.9923937,0.96860325,0.97349864,0.8063839,0.99048734,0.9904199,0.9912288,0.9825856,0.9848763,0.9909339,0.983683,0.9790147,0.9920988,0.9864471,0.98592633,0.9880394,0.9826247,0.9805548,0.99380064,0.97309536,0.98440486,0.97556573,0.98929846,0.98463434,0.99680185,0.9938769,0.9855535,0.97544503,0.984187,0.96216846,0.9851197,0.9887476,0.98363537,0.99143803,0.99272215,0.95149773,0.97667277,0.9872364,0.7119632,0.9905262,0.8813294,0.9875701,0.9934986,0.99715996,0.99273485,0.98583144,0.9880231,0.9906949,0.99125814,0.99204373,0.96517205,0.9882063,0.99102294,0.98800135,0.963539,0.97194463,0.882877,0.97919935,0.9722382,0.99346083,0.96225935,0.99004245,0.9915827,0.9908116,0.97602737,0.99201465,0.9826333,0.99496627,0.9733186,0.98436713,0.97825426,0.98089516,0.9716227,0.9755945,0.970161,0.98651075,0.9910969,0.9926367,0.970476,0.99125975,0.94214267,0.97641,0.99228317,0.97855514,0.9884113,0.99472207,0.98360693,0.99496627,0.98520947,0.98775554,0.98888665,0.9807904
apollo11movie,0.9862985,0.9835431,0.99582404,0.9912326,0.9937016,0.9545394,0.9848715,0.9852894,0.9944702,0.99190384,0.9919962,0.98845243,0.9925341,0.9832779,1.0,0.9956414,0.98583245,0.9878089,0.991276,0.98713225,0.9755128,0.99097246,0.992907,0.98088044,0.98401505,0.39621666,0.98735845,0.99163336,0.99689305,0.98420227,0.99287623,0.9861271,0.97703373,0.991123,0.9387584,0.924946,0.9875329,0.9887103,0.99047863,0.97781223,0.9822413,0.9947346,0.9767299,0.9963755,0.98581254,0.9716771,0.99468195,0.99273574,0.9761509,0.99467736,0.99332815,0.98862374,0.9822007,0.96243346,0.958782,0.9794474,0.98941356,0.9739857,0.99587506,0.98751014,0.9883851,0.99049956,0.9807697,0.98789567,0.9917111,0.96744585,0.9813906,0.9794441,0.986107,0.94051754,0.9919789,0.53525114,0.9414487,0.99460465,0.9781128,0.9628268,0.8032045,0.98732203,0.9942606,0.9839768,0.9940803,0.9776837,0.9919922,0.9768762,0.9840733,0.9927369,0.9756157,0.99186546,0.99100983,0.9860488,0.9840613,0.9919789,0.9871681,0.98328775,0.98807293,0.9980646,0.988604,0.9899548,0.98322123,0.9776859,0.98686713,0.983962,0.9937558,0.9832141,0.96920145,0.9915825,0.99094486,0.9894059,0.96518064,0.96931946,0.99227065,0.63561946,0.9784069,0.8531294,0.9726294,0.987714,0.9873504,0.99217695,0.9969896,0.9772921,0.9838745,0.9758592,0.98516047,0.94995165,0.9815349,0.99604017,0.9939827,0.980913,0.9822275,0.90558785,0.97995335,0.99014086,0.98943037,0.9554444,0.9819151,0.98412794,0.9750613,0.9847424,0.98697364,0.9824761,0.9944702,0.9901117,0.9857055,0.9742321,0.98454094,0.97333324,0.96945274,0.9591231,0.968858,0.98054063,0.9853013,0.9812393,0.9890667,0.9142283,0.9737306,0.9887291,0.99038136,0.99123,0.9935027,0.97803634,0.9944702,0.99218756,0.98264027,0.9908742,0.9936543
arcticdogsmovie,0.9843885,0.9847747,0.98912233,0.99108756,0.988701,0.9445004,0.98166627,0.99341506,0.9929256,0.9873868,0.9903928,0.98831373,0.9914233,0.98548084,0.9956414,1.0,0.982046,0.9839744,0.9915037,0.98115396,0.9858486,0.9865863,0.98619896,0.98410434,0.9888592,0.36130753,0.9890967,0.98579144,0.9968601,0.9836479,0.9907992,0.98505837,0.9810967,0.9919771,0.9353436,0.92575985,0.9832024,0.9903977,0.99116564,0.9735983,0.98251784,0.9944501,0.9702038,0.99469835,0.9885562,0.9707853,0.9922753,0.99212927,0.97409683,0.9947581,0.99419814,0.983333,0.975792,0.9568934,0.9696031,0.977588,0.9892535,0.9746674,0.99333483,0.9859645,0.9825498,0.98783404,0.989411,0.9847588,0.9876518,0.96472085,0.9752856,0.97814447,0.9847243,0.93938076,0.9921107,0.5488593,0.95103335,0.9921853,0.9744459,0.9585722,0.78588414,0.99141717,0.9953986,0.9848834,0.9888615,0.9835208,0.9911138,0.97793263,0.98846644,0.98563033,0.97707653,0.9878171,0.9864425,0.9899727,0.9754263,0.9921107,0.9845286,0.9839658,0.9841506,0.9947112,0.98633766,0.98931605,0.9847451,0.9732244,0.9836383,0.97831225,0.98737735,0.9776194,0.9674221,0.99112487,0.99334913,0.987916,0.97597086,0.96616364,0.99645805,0.63020885,0.9792893,0.84830195,0.97567713,0.9822763,0.9858161,0.99262387,0.99143624,0.9737381,0.9779595,0.9765707,0.9899748,0.9388854,0.981362,0.9950011,0.9938051,0.9874312,0.97962105,0.8906798,0.98820925,0.9834393,0.9889626,0.95288944,0.9815146,0.9823378,0.9743791,0.9727684,0.9892547,0.98440135,0.9929256,0.99189806,0.9884953,0.9634073,0.99027675,0.9657966,0.961132,0.95627403,0.9655126,0.97631,0.98253983,0.9733281,0.9891127,0.90444696,0.98548204,0.9886701,0.9835199,0.9899944,0.9943421,0.976703,0.9929256,0.99070454,0.98722506,0.9887111,0.9911774
arcticmovie,0.99598503,0.9869624,0.98519063,0.9801932,0.9916798,0.9685664,0.99384725,0.9804026,0.9967142,0.9937292,0.9936161,0.98610234,0.99307764,0.9912992,0.98583245,0.982046,0.99999994,0.9941876,0.99399465,0.9944208,0.9754983,0.988632,0.99518365,0.99355537,0.9883743,0.39021072,0.97905046,0.99080706,0.98833656,0.98254555,0.99449176,0.99240804,0.9813281,0.9805342,0.9455777,0.9390083,0.99032533,0.9911725,0.99351513,0.9901393,0.9878847,0.98975915,0.97973686,0.9912953,0.9907695,0.9845358,0.9947907,0.988465,0.9934493,0.98755306,0.98911554,0.99558157,0.9902779,0.9806658,0.9582125,0.98889863,0.9869617,0.9904925,0.9874671,0.98863673,0.99090064,0.97752315,0.98297983,0.99287975,0.9908572,0.99047416,0.98699176,0.9928902,0.9946378,0.9698222,0.9945493,0.5720821,0.9465376,0.9902864,0.97351485,0.97101104,0.8227481,0.9876496,0.9929176,0.9829018,0.98879695,0.9835621,0.9973678,0.9855594,0.9888889,0.99421024,0.98193216,0.9937129,0.9929229,0.9828646,0.9880775,0.9945493,0.98575854,0.97178876,0.98761845,0.99238867,0.9923792,0.99464136,0.9968126,0.9911926,0.9859701,0.9950773,0.97084945,0.993709,0.9845814,0.9925494,0.9912589,0.9925269,0.9562609,0.99016714,0.98733574,0.67978066,0.98822784,0.87828577,0.987241,0.997141,0.9972912,0.99331176,0.9917433,0.98559713,0.9941061,0.99264306,0.9848894,0.98098284,0.99041957,0.9890857,0.98934895,0.97048706,0.9832794,0.9058998,0.9784511,0.984564,0.99594235,0.9777028,0.9943338,0.98327774,0.9869599,0.9901204,0.9956057,0.99127996,0.9967142,0.983324,0.98423654,0.990581,0.9865474,0.98853654,0.99106425,0.9662601,0.9863832,0.9932896,0.99070424,0.9867131,0.9893897,0.9610724,0.9667847,0.9920525,0.98374796,0.9850766,0.9869221,0.9865184,0.9967142,0.98452306,0.9923725,0.9932366,0.99136055
artofracingmovie,0.9864098,0.9822532,0.98929125,0.9817631,0.9965486,0.94877,0.9800674,0.9751284,0.9934715,0.99025446,0.99571484,0.98828167,0.99096304,0.98194385,0.9878089,0.9839744,0.9941876,1.0,0.9967587,0.99374247,0.9797026,0.98574597,0.99278355,0.99248266,0.98691964,0.39466402,0.99102366,0.9805594,0.9908179,0.9787732,0.99390906,0.99067926,0.9820628,0.98217094,0.92934954,0.937469,0.99199617,0.9819334,0.99736667,0.98867714,0.99433726,0.98871815,0.9695491,0.990722,0.9808735,0.9790337,0.99421155,0.9859224,0.9909701,0.98957986,0.9929052,0.9909289,0.98991835,0.9768527,0.94144714,0.9951542,0.9857226,0.9819703,0.98805386,0.98003334,0.99694043,0.9842552,0.9785919,0.99146026,0.9874132,0.98148036,0.97957593,0.9835315,0.99238807,0.9650627,0.9910479,0.5224877,0.95147353,0.9848032,0.97217816,0.95117456,0.7868801,0.979516,0.9945855,0.9724704,0.9915857,0.9703001,0.9972603,0.97310305,0.9922283,0.9897187,0.9783621,0.9950257,0.98683876,0.98346907,0.9791019,0.9910479,0.9912309,0.9749172,0.99637246,0.9935631,0.9898444,0.98994386,0.9876387,0.9859535,0.9896452,0.98855317,0.97887176,0.9930621,0.9700611,0.9958494,0.99130404,0.9915536,0.96979415,0.9880983,0.9880231,0.6646513,0.9820442,0.8529943,0.9793903,0.9886528,0.98999184,0.99179935,0.9949202,0.966489,0.99008214,0.98475385,0.97351134,0.9674829,0.9796506,0.9898617,0.99245995,0.9811297,0.99238247,0.8954538,0.98250747,0.994532,0.98825043,0.9691526,0.9863463,0.975712,0.98200387,0.9833477,0.991934,0.9951529,0.9934715,0.9920888,0.98129684,0.980726,0.98804975,0.98420566,0.98036134,0.95348823,0.9809683,0.98758006,0.9807863,0.9812423,0.98624814,0.944614,0.9703837,0.9860687,0.9905894,0.97629005,0.983373,0.9806171,0.9934715,0.99177194,0.99108833,0.99535215,0.99578035
avengers,0.9909821,0.9812349,0.9900329,0.98890036,0.9937011,0.94918376,0.9837024,0.9874606,0.9954812,0.99235386,0.99381834,0.9944826,0.9945118,0.98700935,0.991276,0.9915037,0.99399465,0.9967587,0.99999994,0.9885732,0.9883043,0.9863949,0.98990226,0.9962949,0.99497944,0.3944007,0.9923508,0.98594344,0.9956117,0.98588336,0.9955423,0.99255806,0.9861649,0.98859596,0.93002456,0.9289493,0.9914069,0.9912315,0.9990059,0.9819508,0.9919441,0.9943019,0.9757683,0.9932917,0.9884973,0.9744198,0.9937533,0.99158055,0.9855801,0.9948075,0.9979945,0.9885215,0.98505235,0.9745002,0.96158564,0.99289614,0.9899309,0.9847875,0.99251336,0.9845324,0.99236476,0.99029356,0.9865068,0.98983306,0.9875014,0.9764711,0.97872126,0.983613,0.9901048,0.9558692,0.9934656,0.51660424,0.9566239,0.9901455,0.9736061,0.9581562,0.79767895,0.9880885,0.996045,0.98238575,0.98822725,0.9810769,0.9974665,0.9737408,0.9965367,0.99122065,0.98102134,0.9965019,0.99013317,0.990431,0.9794754,0.9934656,0.9883206,0.97959644,0.99470747,0.9960389,0.99214166,0.99076277,0.99121934,0.98115665,0.9843538,0.9851262,0.98335063,0.9886046,0.97488815,0.99875814,0.99632466,0.9911714,0.97998226,0.980119,0.99480885,0.6375176,0.98375094,0.8445697,0.9811248,0.9907183,0.9917772,0.992215,0.9950775,0.9709213,0.98759913,0.9848994,0.9846691,0.9580884,0.981788,0.9920096,0.99672085,0.9899853,0.9909639,0.90009576,0.9917479,0.9912803,0.99242336,0.9611632,0.9879832,0.9820355,0.9814386,0.97844034,0.99340165,0.99380434,0.9954812,0.99531275,0.9811408,0.97512406,0.9917862,0.9784548,0.97783834,0.9559388,0.9777193,0.9885065,0.9844105,0.9815199,0.9901259,0.9350827,0.9825091,0.98798084,0.9842158,0.9842546,0.9894263,0.9832256,0.9954812,0.99267524,0.9950752,0.99306613,0.99787635
beachbummovie,0.989765,0.98716265,0.9874619,0.9766974,0.9961252,0.9688639,0.9882719,0.971101,0.9949799,0.9915168,0.99707633,0.9776477,0.9890273,0.98769224,0.98713225,0.98115396,0.9944208,0.99374247,0.9885732,0.9999999,0.9663334,0.9900024,0.997112,0.9843808,0.9782291,0.37053683,0.9814544,0.98595995,0.98461956,0.9767476,0.99242,0.9841922,0.97363025,0.9764503,0.9502005,0.95034224,0.9849422,0.98161304,0.9913788,0.99132246,0.99029607,0.9855442,0.9682634,0.9907153,0.98395354,0.9824887,0.9967578,0.9875005,0.99480164,0.9842032,0.98402166,0.9934772,0.99313146,0.9750092,0.93656164,0.99043924,0.9869434,0.9825994,0.9876147,0.9849405,0.995259,0.9736806,0.9754607,0.9965171,0.9908299,0.991608,0.9882012,0.9873616,0.99421465,0.9705502,0.9921775,0.57772607,0.94375294,0.9896976,0.978552,0.9597866,0.80167407,0.9807403,0.9925593,0.9752251,0.99473625,0.9698337,0.9955465,0.98376405,0.97975874,0.9928671,0.98225075,0.989722,0.98858255,0.9734586,0.9843096,0.9921775,0.98874354,0.9791364,0.98687464,0.99284345,0.98635715,0.99518925,0.98970795,0.991762,0.99074054,0.9925261,0.97164947,0.99483985,0.97666055,0.9877247,0.98572415,0.99573064,0.9436971,0.9900914,0.9829734,0.7052075,0.986012,0.889082,0.9828724,0.9919718,0.9948846,0.9946579,0.9913925,0.98040605,0.9947396,0.99021447,0.97466856,0.9817243,0.9840207,0.99352604,0.98761123,0.9612041,0.9826598,0.89414227,0.96802187,0.98975176,0.990456,0.97834396,0.9888926,0.977918,0.9853198,0.9911108,0.99094856,0.98872834,0.9949799,0.9799878,0.987977,0.99091226,0.97926044,0.9854203,0.9837141,0.9658105,0.9866955,0.99155456,0.98962647,0.98124415,0.9841262,0.95871854,0.96043265,0.98901886,0.99473673,0.9820709,0.9865715,0.9792031,0.9949799,0.9867569,0.98369235,0.9960581,0.9891098
bernadettefilm,0.9779094,0.9711688,0.9651983,0.9696603,0.9729257,0.9228166,0.96585655,0.9919098,0.9818124,0.97530127,0.97748005,0.9840097,0.9755031,0.9799461,0.9755128,0.9858486,0.9754983,0.9797026,0.9883043,0.9663334,1.0,0.96029186,0.9687825,0.9918211,0.9894688,0.29019147,0.9786451,0.96194476,0.98438424,0.9794301,0.97361887,0.9796611,0.9911698,0.9737657,0.89411956,0.8907149,0.9798376,0.98408306,0.98677254,0.9664061,0.9808862,0.9762297,0.9465005,0.9746129,0.98335123,0.95699465,0.9772066,0.9785805,0.9725634,0.97754997,0.98404396,0.96924406,0.95592153,0.96626735,0.971009,0.97386277,0.9703741,0.9745017,0.9772347,0.97970754,0.9729365,0.9695165,0.9928939,0.9718412,0.9768326,0.94904274,0.9612727,0.96977913,0.97685826,0.92175305,0.98482466,0.5109721,0.93655264,0.9716073,0.9398925,0.9498304,0.7268084,0.98484963,0.9865101,0.9682713,0.96751213,0.9785249,0.98299605,0.95879626,0.98792946,0.9707753,0.9674275,0.97633743,0.9754774,0.9933384,0.94933903,0.98482466,0.96324307,0.97482216,0.9757161,0.9796534,0.9718016,0.97734904,0.976082,0.96663547,0.96590763,0.9653025,0.9606093,0.97031844,0.96918035,0.98595273,0.99339086,0.9754086,0.98999476,0.9598787,0.9898404,0.63131756,0.96941864,0.79401064,0.96996355,0.97021407,0.9775154,0.98158324,0.9796596,0.9541543,0.96547264,0.9699152,0.9831659,0.9254013,0.9748043,0.97690177,0.9825479,0.9877877,0.97641927,0.8408389,0.99781525,0.97066915,0.9783512,0.9442266,0.97271013,0.9706394,0.97512126,0.9500541,0.9857934,0.98624855,0.9818124,0.9824091,0.9703323,0.9410999,0.99064606,0.95723426,0.9473734,0.92469406,0.9613937,0.9672377,0.96060556,0.9501825,0.98444676,0.8903851,0.994846,0.97869843,0.966299,0.97304577,0.9812991,0.9673831,0.9818124,0.98425436,0.9926153,0.9821773,0.978628
