movie,21bridgesmovie,47metersdown,abeautifuldaymovie,abominablemovie,adastramovie,adogsjourneymovie,aftermathmovie,aftermovie,ahiddenlifefilm,alitamovie,angelhasfallen,angrybirdsmovie,annabellemovie,annamovie,apollo11movie,arcticdogsmovie,arcticmovie,artofracingmovie,avengers,beachbummovie,bernadettefilm,blackandbluemovie,blackchristmas,blindedbythelightmovie,bombshellmovie,booksmart,breakthroughmovie,brianbanksmovie,brightburnmovie,brittanyrunsmov,captainmarvelofficial,captivestatemovie,catsmovie,charliesangels,childsplaymovie,clarathefilm,coldpursuitmovie,countdown,currentwarmovie,darkwatersmovie,detectivepikachumovie,disneyaladdin,disneyfrozen,disneymaleficent,doctorsleepmovie,dolemiteismyname,dontletgomovie,doramovie,downtonabbey_official,dumbo,escaperoom,everybodyknowsmovie,fastandfuriousmovie,fightingwmyfam,fivefeetapartfilm,fordvferrari,freaksthefilm,geminimanmovie,glassmovie,gloriabellmovie,godzillamovie,goldfinchmovie,goodboysmovie,goodliarmovie,gretafilm,halathemovie,happydeathdaymovie,harrietfilm,hellboymovie,hersmellmovie,highlifemovie,highstrungmovie,honeyboymovie,hotelmumbaifilm,httydragon,hustlemovie,hustlersmovie,isntitromantic,itmovieofficial,jayandsilentbob,johnwickmovie,jojorabbitmovie,jokermovie,judythefilm,jumanjimovie,justmercyfilm,knivesout,lalloronamovie,lastblackmansf,lastchristmasthemovie,latenightmovie,lighthousemovie,lionking,littlethemovie,littlewomenmovie,littlewoodsfilm,longshotmovie,lordsofchaosmovie,lucyintheskyfilm,mamovie2019,marriagestory,meettheaddams,meninblack,midsommarmovie,midwaymovie,missbalamovie,missinglinkfilm,motherlessbklyn,onceinhollywood,onthebasisofsex,overcomermovie,peanutbutterfalcon,petsematarymovie,piercingmovie,playingwithfire,playmobilthemovie,pomsmovie,queenandslim,rambomovie,readyornotfilm,richardjewellfilm,rocketmanmovie,scarystoriesmovie,secretlifeofpets,serenityfilm,shaftmovie,shazammovie,spidermanmovie,spiesindisguise,starwars,stormboymovie,stubermovie,taosdfilm,teenspiritmov,terminator,theaeronautsmov,thebestofenemies,thedeaddontdie,thefarewell,thehighwaymen,thehummingbirdprojectfilm,theintrudermovie,theirishmanfilm,thekitchenmovie,thelegomovie,themustangfilm,thenightingalefilm,theprodigymovie,thesunisalsoastar,theupsidefilm,tolkienmovie,toystory,triplefrontier,uglydolls,uncutgems,underthesilverlake,usmovie,wavesmovie,whatmenwant,wonderparkmovie,wrinklestheclown,xmenmovies,yardiefilm,yesterdaymovie,zombieland
21bridgesmovie,1.0,0.97509295,0.98346704,0.973604,0.977672,0.9673499,0.97719103,0.98254824,0.991518,0.9722311,0.97606397,0.96556354,0.98036385,0.9802121,0.98169243,0.97922087,0.9810057,0.98042744,0.97988695,0.98256886,0.9860431,0.9640474,0.98248154,0.96793664,0.9719297,0.8984541,0.98045194,0.97556126,0.97709197,0.96869963,0.9650207,0.98041177,0.9612924,0.97626615,0.96220386,0.9328694,0.9786729,0.9911536,0.9874303,0.9816375,0.9805818,0.98165864,0.92948097,0.9805742,0.9824853,0.9882945,0.9820271,0.9827762,0.97225493,0.97959775,0.9790359,0.98252046,0.9679155,0.955255,0.98498094,0.9697649,0.9742218,0.9810649,0.98572576,0.9785325,0.97517246,0.9729715,0.98049885,0.9816791,0.9846114,0.9860643,0.96980983,0.98021424,0.9645277,0.9585003,0.98277086,0.5299486,0.96573156,0.9716431,0.9460119,0.9717828,0.9195822,0.9723229,0.9791903,0.9757807,0.9746258,0.971329,0.98495567,0.98251617,0.98628813,0.97944057,0.9710184,0.9761339,0.9776104,0.982565,0.9760506,0.98277086,0.9758462,0.97757405,0.9796786,0.980217,0.9795482,0.9830316,0.9810732,0.96958977,0.9766108,0.98135144,0.96839815,0.98189694,0.9814852,0.9735902,0.98063815,0.9860189,0.9727087,0.9719753,0.98712,0.8111507,0.9797116,0.9328281,0.9859897,0.98309577,0.99744433,0.9652114,0.9800812,0.96858776,0.9802002,0.97702926,0.98543066,0.9741125,0.9760514,0.98015517,0.97550124,0.9753346,0.9864773,0.9484371,0.9791257,0.9757072,0.97870004,0.9728949,0.97888345,0.9646384,0.9838627,0.97105217,0.98559994,0.9794636,0.991518,0.9709649,0.97192603,0.98238885,0.98008037,0.98272324,0.96769494,0.9652091,0.9821866,0.98679334,0.98107225,0.9790461,0.98548937,0.97386795,0.9830891,0.9769605,0.97147983,0.9842845,0.98595876,0.9815234,0.991518,0.9668848,0.97309464,0.97605014,0.98088527
47metersdown,0.97509295,1.0000002,0.980779,0.95246387,0.9735597,0.9550305,0.97212887,0.9744125,0.9829173,0.9685953,0.9691436,0.96046895,0.9732185,0.96988016,0.9700207,0.9762537,0.9737753,0.9769368,0.96641266,0.97537225,0.97013015,0.9672325,0.96842617,0.9669881,0.97035056,0.8780021,0.9847106,0.9734476,0.9747285,0.96794194,0.97485805,0.9806547,0.9683108,0.97270083,0.95949453,0.91978526,0.976461,0.9746387,0.9747641,0.9730798,0.9791633,0.9705169,0.94155693,0.96946025,0.9752351,0.9775596,0.9708961,0.9702437,0.95854044,0.9737363,0.9768319,0.973183,0.9596886,0.9432708,0.9632835,0.96736634,0.96514934,0.97160155,0.98120713,0.97246027,0.958942,0.981581,0.96639264,0.9691277,0.97793585,0.98072755,0.97206074,0.95971745,0.95192194,0.9550126,0.97357064,0.5303741,0.9731401,0.9782332,0.93148446,0.97224027,0.90219784,0.97579527,0.9808983,0.9677065,0.9735625,0.96687376,0.9709946,0.97717184,0.96749175,0.9697973,0.97200483,0.9744214,0.96048486,0.9722767,0.97435015,0.97357064,0.97044086,0.9582896,0.97187483,0.9724421,0.9666599,0.9749875,0.9738121,0.956625,0.9705954,0.9702084,0.97071266,0.96644926,0.9671377,0.9724088,0.97854215,0.9762976,0.969422,0.984714,0.98418397,0.7968401,0.9744263,0.9188886,0.9763587,0.9728831,0.982956,0.9655584,0.9776907,0.9610796,0.96697605,0.9659959,0.9737287,0.9628098,0.97554976,0.9705716,0.9672029,0.9798095,0.9825711,0.9599824,0.9690555,0.971012,0.96923417,0.94982535,0.96793705,0.9699861,0.96872866,0.9678006,0.97565615,0.96295214,0.9829173,0.97023016,0.9611131,0.9798764,0.9671914,0.9646899,0.9462686,0.968113,0.966846,0.98148364,0.969582,0.9806419,0.967433,0.9695255,0.97255045,0.97472984,0.9570983,0.97191083,0.97633713,0.9665551,0.9829173,0.9545327,0.968216,0.9711234,0.9688539
abeautifuldaymovie,0.98346704,0.980779,1.0,0.9723397,0.97077763,0.9644175,0.98146677,0.98274297,0.98871124,0.9762638,0.97649395,0.9820513,0.98288816,0.9833955,0.98106563,0.97654206,0.9803159,0.9796097,0.97227275,0.97773254,0.98175365,0.9784821,0.9758014,0.9635366,0.98276097,0.9160039,0.9856956,0.9750919,0.9881795,0.97142136,0.97283936,0.9872047,0.9663258,0.9780664,0.96108615,0.9364845,0.98018587,0.97957987,0.9878155,0.9801321,0.98076075,0.97076416,0.9290239,0.963217,0.9823013,0.98035896,0.98047155,0.9836991,0.97164863,0.9668783,0.9905975,0.9821575,0.9795951,0.95836645,0.9789354,0.96538144,0.97973967,0.978903,0.9881658,0.9740318,0.9622552,0.9768014,0.98293865,0.97564954,0.98507756,0.984014,0.9744521,0.98145187,0.94556606,0.9635165,0.97739536,0.52175516,0.96806425,0.97982395,0.94284064,0.97100943,0.8963823,0.96836454,0.98236364,0.96276706,0.98009974,0.97929037,0.9760093,0.9724929,0.9851059,0.9730862,0.9660439,0.9860809,0.96582955,0.9836533,0.9836416,0.97739536,0.9829036,0.97401506,0.98531175,0.98545146,0.97599876,0.9770214,0.9871416,0.9664793,0.97714984,0.97690886,0.98323697,0.979217,0.9729185,0.9856517,0.9831158,0.98005795,0.9824861,0.98702383,0.99296826,0.7967904,0.98231894,0.91771597,0.98123425,0.96932703,0.9852518,0.96200705,0.9824559,0.97684896,0.97132355,0.98065716,0.97709376,0.97594804,0.97778714,0.9780733,0.9773517,0.9848578,0.9853068,0.95050436,0.96999604,0.98088443,0.9818197,0.9598832,0.9785436,0.9721911,0.97894955,0.97089076,0.98301834,0.97463095,0.98871124,0.9847395,0.9719292,0.9849217,0.9705279,0.97500956,0.9612835,0.97124976,0.9697744,0.9817665,0.97980326,0.9874756,0.9737412,0.967082,0.97462654,0.97300094,0.96812606,0.9836632,0.988434,0.98171437,0.98871124,0.97002107,0.97395396,0.9789521,0.9860255
abominablemovie,0.973604,0.95246387,0.9723397,1.0,0.97239095,0.9747761,0.97571975,0.9734458,0.98378885,0.96754223,0.96708214,0.9446019,0.97957325,0.982947,0.9776899,0.96968883,0.97266835,0.9664673,0.9710184,0.9690865,0.98004454,0.95684373,0.9865747,0.9613752,0.9675461,0.9186277,0.96298134,0.9674922,0.9653413,0.9722847,0.96228766,0.9652042,0.9669129,0.9676561,0.9654752,0.95256627,0.96400565,0.97810185,0.97119755,0.9698477,0.9717953,0.96822965,0.9265486,0.95829743,0.97428226,0.9792699,0.9859668,0.98487973,0.9672154,0.96235055,0.96173453,0.9701864,0.9764691,0.9408558,0.96925837,0.9658155,0.9757634,0.97373384,0.9693331,0.9711078,0.9643686,0.96648943,0.9743349,0.9741212,0.97639,0.9802873,0.9753339,0.96891296,0.9609642,0.9600255,0.9753779,0.59326255,0.961986,0.9700048,0.96761113,0.9722425,0.9325345,0.96757287,0.9705435,0.9670999,0.9738355,0.976824,0.9713703,0.96637344,0.97083694,0.97223324,0.9598169,0.9703633,0.96356535,0.97202045,0.97754943,0.9753779,0.97118914,0.9719291,0.9639302,0.97800237,0.9776933,0.97171557,0.9612817,0.9850147,0.9651009,0.964594,0.95647556,0.9661999,0.97217464,0.9584653,0.9659649,0.96964747,0.9638391,0.9593107,0.9760847,0.7931694,0.9712831,0.93478763,0.9815563,0.96735984,0.9751031,0.970434,0.97907996,0.96881497,0.9744665,0.97179586,0.9736882,0.9796437,0.97910225,0.9603966,0.9814285,0.9537983,0.9619189,0.9388703,0.9717734,0.9619507,0.9781667,0.96331,0.9648371,0.9660701,0.9807519,0.95387846,0.97583157,0.9734605,0.98378885,0.9556705,0.96873575,0.96863407,0.96266884,0.9570693,0.97201765,0.97223485,0.97394896,0.97714037,0.98019344,0.9699079,0.9803047,0.95468515,0.96573216,0.9712198,0.9750911,0.9767857,0.9773384,0.97934353,0.98378885,0.9730577,0.9746711,0.9784936,0.96985626
adastramovie,0.977672,0.9735597,0.97077763,0.97239095,0.99999994,0.9647175,0.97709846,0.973405,0.988652,0.97787374,0.97015315,0.9373849,0.98006046,0.9738694,0.9778422,0.979686,0.9859211,0.98876697,0.9878502,0.9733456,0.9687795,0.94185174,0.98145735,0.9751374,0.95934093,0.8963103,0.986085,0.9750203,0.96164,0.9818582,0.9779563,0.97751355,0.9707238,0.967476,0.960662,0.9422311,0.98288894,0.97941273,0.9738921,0.98143405,0.9827994,0.9782815,0.9508754,0.974227,0.9798893,0.98199147,0.98148954,0.9823628,0.9716005,0.9784989,0.95773625,0.97676086,0.95305115,0.94750255,0.96912515,0.986865,0.97727185,0.9783499,0.9790011,0.9849563,0.9693333,0.9853384,0.9760268,0.97369796,0.9809689,0.9909371,0.98060316,0.9712163,0.9766714,0.9751645,0.9836834,0.56668603,0.9703787,0.97648674,0.92864066,0.9778317,0.90950495,0.98329735,0.9834171,0.96263367,0.9718449,0.9694927,0.98473805,0.96012527,0.9711044,0.97572553,0.9854192,0.97084194,0.9735917,0.98124725,0.9721107,0.9836834,0.9651058,0.9795301,0.9716022,0.9754208,0.9716831,0.9758829,0.9749484,0.97106785,0.97862333,0.97251433,0.9487262,0.9783591,0.97812873,0.9558853,0.97880703,0.9745425,0.9748258,0.9712315,0.9829902,0.83363837,0.9744427,0.9432905,0.9827663,0.9811675,0.9791826,0.96242315,0.9799681,0.96729785,0.9747506,0.9761641,0.9846891,0.97010356,0.9847776,0.97971743,0.9703376,0.96284556,0.98447365,0.9553032,0.9718922,0.97245324,0.98346543,0.95551795,0.97885895,0.97963315,0.9687232,0.96803695,0.9796826,0.97877896,0.988652,0.953839,0.9649224,0.96740854,0.9711457,0.97041386,0.97167426,0.9616123,0.971241,0.98297983,0.97421706,0.97312146,0.9801611,0.9705957,0.98396343,0.982559,0.98043764,0.97487557,0.97294056,0.9731676,0.988652,0.97444403,0.9717448,0.9834107,0.95755845
adogsjourneymovie,0.9673499,0.9550305,0.9644175,0.9747761,0.9647175,0.9999999,0.957814,0.9608772,0.9811521,0.95984644,0.96578264,0.95195806,0.9763127,0.98257446,0.97863173,0.9627141,0.9696927,0.96470505,0.97035515,0.9623621,0.9844543,0.95253694,0.9837976,0.9733809,0.9508052,0.8876276,0.96737224,0.9641413,0.9628755,0.9519692,0.9683285,0.9605083,0.9842818,0.9604954,0.962267,0.93609565,0.96316564,0.9617147,0.966945,0.9593197,0.96677136,0.9665104,0.9479567,0.95914394,0.96699,0.9749787,0.9825854,0.9827779,0.95541143,0.9664406,0.96326834,0.95904785,0.9669826,0.941075,0.9513832,0.9629887,0.9574743,0.96230495,0.97219557,0.9757444,0.9568463,0.95698905,0.96431273,0.9742807,0.9637195,0.97095543,0.97373426,0.95798594,0.9624234,0.9430944,0.9791409,0.58354115,0.9647462,0.96818423,0.9675116,0.96555465,0.9098375,0.97957265,0.9754122,0.9664876,0.97528434,0.9597705,0.9652497,0.96838826,0.96151096,0.9708274,0.95423365,0.97302985,0.96300644,0.97704935,0.9553315,0.9791409,0.95613736,0.94736755,0.9648096,0.97309124,0.9660214,0.96111894,0.9415206,0.9820154,0.96299124,0.97573566,0.9509623,0.96219754,0.969515,0.96560925,0.96904576,0.97204316,0.95272523,0.96477175,0.9796378,0.8133153,0.9500368,0.9266987,0.9762972,0.97709894,0.9704634,0.974684,0.9764206,0.94857717,0.96630514,0.9595977,0.9663821,0.9836353,0.9746586,0.9533017,0.9816394,0.9627288,0.9777668,0.9557462,0.97892314,0.97084475,0.9731259,0.95414263,0.94821477,0.94793373,0.9731921,0.9437797,0.9784119,0.95717096,0.9811521,0.9609582,0.95477927,0.97399473,0.9572247,0.9460019,0.95626813,0.96197575,0.97515374,0.9709238,0.9689224,0.96255183,0.9722917,0.9505242,0.9694136,0.96821827,0.9796047,0.972972,0.9613851,0.9644717,0.9811521,0.97325325,0.9785527,0.9812633,0.9710425
aftermathmovie,0.97719103,0.97212887,0.98146677,0.97571975,0.97709846,0.957814,0.99999994,0.9865561,0.986086,0.9822577,0.97208655,0.94471836,0.9779414,0.97492176,0.9799975,0.98080254,0.9740095,0.98109084,0.97100973,0.96764433,0.9773514,0.95345587,0.96975285,0.95766926,0.9749103,0.8863447,0.97555345,0.9670206,0.9672048,0.973746,0.9748851,0.9810375,0.9526819,0.9587941,0.9650443,0.9409978,0.9735521,0.9761167,0.98257166,0.98851705,0.976223,0.9791071,0.9296688,0.97421145,0.9791534,0.97641426,0.9743448,0.9846448,0.9693443,0.9740933,0.96592706,0.98503625,0.97081643,0.9564772,0.9779247,0.96691,0.98198974,0.9828565,0.98119324,0.9670788,0.96822566,0.97439545,0.9748417,0.9706104,0.9894666,0.98323256,0.9744488,0.9810788,0.96761066,0.9633711,0.9723766,0.55543894,0.95307565,0.9698143,0.9402258,0.9740759,0.90716094,0.9690654,0.9716802,0.9690178,0.9775905,0.98665386,0.9761917,0.9697659,0.96752167,0.9812064,0.9628741,0.97264093,0.9708426,0.9695103,0.9824073,0.9723766,0.9693902,0.9658057,0.9667787,0.9801024,0.98011494,0.96652704,0.98484975,0.96390396,0.97814566,0.97828907,0.9697321,0.97503823,0.97142565,0.9635343,0.97996145,0.9762734,0.97487116,0.9772174,0.98056364,0.8086776,0.98493314,0.9194885,0.9810343,0.97475934,0.9803768,0.9552797,0.98020536,0.99405086,0.9711085,0.9767897,0.98010033,0.9596154,0.98256105,0.9808288,0.9680798,0.97110593,0.9745388,0.9390208,0.96248615,0.96514064,0.9817345,0.96705085,0.9837308,0.97213066,0.96796983,0.9790075,0.9753505,0.9846752,0.986086,0.9586579,0.97356325,0.9702281,0.96370965,0.96965504,0.96239084,0.97311634,0.97038305,0.9772625,0.9920028,0.9850795,0.96904534,0.9645424,0.96987927,0.97223306,0.9612217,0.979261,0.9817848,0.9851811,0.986086,0.9793779,0.9714041,0.9722851,0.9709919
aftermovie,0.98254824,0.9744125,0.98274297,0.9734458,0.973405,0.9608772,0.9865561,1.0,0.9888001,0.9715029,0.9710759,0.9491927,0.9837857,0.9715908,0.9841516,0.9787296,0.97824365,0.9789059,0.9760991,0.9787186,0.97978276,0.96622646,0.9742897,0.9666835,0.97518605,0.8783482,0.98094183,0.9767841,0.97255164,0.96718216,0.97294337,0.9793187,0.9566962,0.9700334,0.95863986,0.93510735,0.9800387,0.97561276,0.9860704,0.9798496,0.97585005,0.9853409,0.9335135,0.97826827,0.9881524,0.98738563,0.97720397,0.9796648,0.9703395,0.97901255,0.97238034,0.97660637,0.9785183,0.95619804,0.98552036,0.9679887,0.9781121,0.98311204,0.98449016,0.9749626,0.9727291,0.9719785,0.9813952,0.97358394,0.986157,0.9832652,0.97264403,0.9701698,0.9594729,0.950121,0.9830842,0.55630636,0.9592514,0.97380924,0.9378703,0.96966016,0.89371544,0.96511585,0.97347003,0.9710383,0.97814304,0.98329395,0.9792758,0.96909475,0.9792994,0.97840196,0.9588897,0.9781428,0.96952206,0.97605354,0.98035914,0.9830842,0.9808602,0.97506976,0.9777862,0.98753846,0.97464526,0.9703038,0.9813095,0.9601208,0.98324174,0.978324,0.97260296,0.98292655,0.9747798,0.9683158,0.9843093,0.97598284,0.9761737,0.97227335,0.98666954,0.7727558,0.98619276,0.9103598,0.9833377,0.9705192,0.98327535,0.9590428,0.9847599,0.9851613,0.9723524,0.9788709,0.9877636,0.96899503,0.9794158,0.97920763,0.971076,0.97034645,0.9784491,0.94839376,0.97133684,0.9756576,0.98584497,0.9764101,0.982232,0.96441245,0.9712914,0.97650266,0.98312217,0.98229206,0.9888001,0.97288764,0.97972643,0.9717619,0.9683481,0.9651508,0.9653209,0.96837395,0.9718762,0.9767588,0.98352295,0.9863594,0.98047656,0.96355796,0.97505903,0.98063695,0.96306545,0.98374194,0.9895181,0.9805329,0.9888001,0.9672286,0.9702167,0.9746569,0.97851014
ahiddenlifefilm,0.991518,0.9829173,0.98871124,0.98378885,0.988652,0.9811521,0.986086,0.9888001,0.9999999,0.98580045,0.9860825,0.96709293,0.99034536,0.98957014,0.9885701,0.9869362,0.9887821,0.9903057,0.9876591,0.9824641,0.99197674,0.9744808,0.99079865,0.980874,0.97898656,0.90196556,0.9890275,0.9859169,0.9844296,0.97852176,0.98491687,0.98779315,0.98007125,0.9831682,0.9764339,0.951647,0.99053997,0.9893,0.9936036,0.98627996,0.9889181,0.98578095,0.9463446,0.98105496,0.98919785,0.9937792,0.99151677,0.9934719,0.98250353,0.9847056,0.98261213,0.9889542,0.9783061,0.9654161,0.98396623,0.98307365,0.98703605,0.991064,0.9927245,0.98834705,0.9824865,0.98771405,0.98762774,0.9863759,0.99275434,0.99486655,0.98686683,0.9829236,0.9764213,0.9736108,0.99345535,0.5535696,0.97655857,0.98632824,0.95727706,0.9831975,0.9170166,0.98770845,0.98956394,0.9806837,0.9885049,0.9830288,0.98924255,0.9833625,0.98559356,0.9885178,0.98104507,0.9867359,0.983509,0.9907032,0.98770374,0.99345535,0.9845634,0.9807655,0.9872863,0.9921386,0.9867755,0.98554486,0.9832828,0.9835705,0.9883597,0.98599523,0.9776989,0.9880364,0.9889896,0.9807338,0.99268335,0.9907272,0.98260653,0.98389,0.9946964,0.82075596,0.9858697,0.9401635,0.99602586,0.9887281,0.99329823,0.97730505,0.9922607,0.9795093,0.9870809,0.9884057,0.9918057,0.98416793,0.9917767,0.9843204,0.9874681,0.9836664,0.99294376,0.9638069,0.9873356,0.9848084,0.9909141,0.97037363,0.9857342,0.9770707,0.9846302,0.98007345,0.9946503,0.9863498,0.9999999,0.9786764,0.9812703,0.9886433,0.98364717,0.9790946,0.97683793,0.9813044,0.98583204,0.9920545,0.99048066,0.98814255,0.9914587,0.977434,0.9893517,0.9880146,0.9828349,0.98997676,0.9892803,0.9877737,0.9999999,0.98213845,0.9837153,0.9910683,0.98534304
alitamovie,0.9722311,0.9685953,0.9762638,0.96754223,0.97787374,0.95984644,0.9822577,0.9715029,0.98580045,1.0000001,0.9668418,0.951764,0.9724918,0.97652346,0.970484,0.9669938,0.980284,0.98759913,0.9688574,0.9658516,0.9762236,0.95200664,0.97091997,0.97610795,0.9700725,0.9003246,0.97158855,0.980168,0.97616976,0.9707069,0.97507507,0.9762832,0.97091013,0.9709176,0.9646721,0.9350837,0.9801816,0.9698755,0.9828397,0.97634,0.9705429,0.97758,0.94153374,0.9606256,0.9752351,0.97000545,0.97228736,0.98300743,0.97810894,0.97115827,0.9688751,0.98551244,0.9655934,0.9554254,0.97276056,0.9738976,0.98261166,0.9866912,0.9798952,0.9709112,0.96160835,0.9766258,0.97101444,0.9625565,0.9874796,0.9845064,0.9726035,0.97529453,0.96762896,0.98106784,0.9758092,0.52303755,0.9528255,0.97323614,0.9267887,0.9798862,0.8856363,0.97808075,0.9749275,0.9628114,0.97644895,0.9817385,0.9688267,0.96192735,0.9674334,0.97400343,0.97226876,0.9763416,0.96324646,0.9777855,0.9757857,0.9758092,0.96882886,0.9629085,0.97052914,0.9745333,0.9678273,0.9757279,0.97911555,0.9672033,0.97909564,0.97479504,0.97361916,0.97262794,0.9774299,0.96873844,0.98390776,0.9684397,0.977414,0.97833276,0.9755438,0.806134,0.9712236,0.9296079,0.98409504,0.971146,0.97391516,0.9519766,0.9849613,0.9746772,0.96679384,0.9779912,0.9771558,0.96198285,0.9812258,0.9704066,0.9641625,0.9726949,0.97962934,0.9574591,0.9696114,0.9752656,0.9846558,0.94369656,0.978905,0.9741415,0.95725816,0.9735904,0.98109514,0.98579,0.98580045,0.9624632,0.96507126,0.96933883,0.9650186,0.971349,0.96013355,0.972006,0.96383005,0.978518,0.982016,0.9818872,0.9733897,0.96070284,0.97811717,0.969811,0.9612366,0.9699643,0.97037035,0.9733507,0.98580045,0.9806755,0.9741073,0.97955227,0.971353
angelhasfallen,0.97606397,0.9691436,0.97649395,0.96708214,0.97015315,0.96578264,0.97208655,0.9710759,0.9860825,0.9668418,1.0,0.9603435,0.9781801,0.97270125,0.96879375,0.98172635,0.9592441,0.972307,0.9659423,0.9529994,0.9788133,0.96897644,0.9697279,0.94957846,0.97003794,0.87829435,0.97401184,0.96188563,0.9688049,0.9512601,0.9769461,0.9803371,0.954481,0.96837085,0.9811942,0.9657756,0.9739515,0.979271,0.9775793,0.97727764,0.97995704,0.9590021,0.9039557,0.96368134,0.9627227,0.9793859,0.9694864,0.9778926,0.97115326,0.9635548,0.96384895,0.9816752,0.95757085,0.941998,0.9623599,0.9660224,0.97501594,0.9711886,0.97995216,0.96803916,0.9770157,0.97116894,0.96802026,0.96832854,0.9797244,0.9826142,0.97496015,0.977491,0.961702,0.9570506,0.9743031,0.49798715,0.96775955,0.97540444,0.96011084,0.9618088,0.9070496,0.9714406,0.97682804,0.9704838,0.98382473,0.9575703,0.97534806,0.9770283,0.964655,0.9799216,0.9747682,0.9711514,0.9781031,0.9687137,0.9815628,0.9743031,0.9778083,0.9622045,0.968567,0.980324,0.9883417,0.9666203,0.97491467,0.9702128,0.9739342,0.9641899,0.9633344,0.9686718,0.972167,0.9613123,0.9772304,0.9852918,0.9656368,0.9682813,0.9827588,0.8631423,0.9725327,0.9402559,0.9864433,0.9882639,0.98232514,0.9587516,0.96805745,0.96813095,0.9701228,0.97885525,0.9753839,0.9720289,0.98276335,0.9714912,0.98216355,0.9729566,0.97984385,0.93175703,0.97627646,0.96266586,0.9696779,0.9560873,0.9663654,0.95299375,0.9771918,0.9640958,0.97756547,0.96264565,0.9860825,0.95611435,0.9790718,0.9814608,0.97789204,0.977223,0.9763302,0.97836196,0.9693805,0.9793013,0.97314084,0.97116345,0.97709566,0.9560175,0.9719704,0.97374433,0.9645852,0.97307026,0.97306603,0.97743446,0.9860825,0.9598584,0.95823693,0.96791553,0.96832347
angrybirdsmovie,0.96556354,0.96046895,0.9820513,0.9446019,0.9373849,0.95195806,0.94471836,0.9491927,0.96709293,0.951764,0.9603435,0.9999998,0.9596045,0.97021985,0.95294875,0.9484147,0.95346105,0.95586294,0.94373626,0.9547761,0.9676672,0.9749476,0.95200384,0.937476,0.95866334,0.8900462,0.9601364,0.9516362,0.978871,0.9416745,0.9444485,0.96352524,0.95700645,0.9678753,0.93765587,0.91141576,0.9588466,0.96131885,0.9670382,0.9479379,0.95787895,0.9388346,0.90235406,0.9297285,0.95578605,0.95522,0.95520097,0.9645313,0.9533372,0.9358511,0.98619586,0.962486,0.95297176,0.93562233,0.9541078,0.93991375,0.9614956,0.95865655,0.96404284,0.95199275,0.94529384,0.9489318,0.95301014,0.95742583,0.9605854,0.96071166,0.9527243,0.96147764,0.9141496,0.94737035,0.9551615,0.49309042,0.9524344,0.96142983,0.93653905,0.94548756,0.88282734,0.94772345,0.9568848,0.94364375,0.96327734,0.9495531,0.9490589,0.96491665,0.96667826,0.95278835,0.9359331,0.9699335,0.94122326,0.97217965,0.95495325,0.9551615,0.9565471,0.94815475,0.9726598,0.96620804,0.9510377,0.9665002,0.9603291,0.94657207,0.9571348,0.94945914,0.97621816,0.9505032,0.9479436,0.983267,0.96538866,0.9622035,0.95970035,0.96906275,0.9714103,0.76388633,0.95823544,0.8969783,0.96413463,0.94602746,0.96671504,0.94730085,0.9603108,0.93656206,0.9512646,0.9558628,0.9504462,0.95665824,0.9499537,0.9552412,0.9569683,0.9672555,0.9681761,0.9327937,0.9585108,0.9630841,0.9544382,0.9235891,0.949212,0.9421853,0.96538764,0.9456081,0.9654487,0.9414188,0.96709293,0.9774262,0.9482305,0.9769724,0.9455114,0.95620114,0.9317865,0.9467067,0.94521296,0.95642745,0.9570854,0.9578718,0.94788945,0.9428202,0.9495279,0.95104843,0.9436292,0.9655026,0.9652382,0.9587836,0.96709293,0.946609,0.9547206,0.9613198,0.9762327
annabellemovie,0.98036385,0.9732185,0.98288816,0.97957325,0.98006046,0.9763127,0.9779414,0.9837857,0.99034536,0.9724918,0.9781801,0.9596045,1.0000001,0.9859751,0.9888827,0.98865265,0.9816451,0.98068774,0.97492504,0.9776487,0.987253,0.9650088,0.9824543,0.97565776,0.97766954,0.90898913,0.9843918,0.97603613,0.97723216,0.97201484,0.9753763,0.9773163,0.97312933,0.97223616,0.9623478,0.938943,0.9781303,0.9757998,0.9791973,0.97748387,0.9824583,0.9777409,0.9504976,0.97154236,0.98725045,0.98693275,0.9829372,0.9814912,0.95904046,0.97719014,0.9726429,0.9732351,0.9740583,0.9532876,0.96658146,0.97960764,0.9772108,0.9820233,0.9867678,0.9851385,0.97851545,0.9787016,0.9847881,0.98755527,0.98169094,0.9880725,0.97052294,0.9693882,0.9678893,0.95666087,0.9856852,0.55849534,0.97635996,0.97476274,0.96119094,0.97408193,0.90964663,0.9736798,0.98049045,0.9697323,0.9779635,0.97473806,0.9882592,0.9697797,0.9826683,0.9821798,0.9666431,0.9885689,0.9654959,0.98139554,0.9748249,0.9856852,0.9805562,0.9783485,0.973349,0.98194003,0.9791076,0.9756206,0.9760963,0.9720758,0.9811198,0.9792583,0.96339893,0.9773017,0.97834766,0.97390693,0.9874068,0.983863,0.98531723,0.96907866,0.98765516,0.7951407,0.97779745,0.9087714,0.9856253,0.9763167,0.9834493,0.9702887,0.98180884,0.9725238,0.98464084,0.9832813,0.9783481,0.9816043,0.9847837,0.97969216,0.98189235,0.967114,0.98441714,0.9526033,0.98818296,0.97703654,0.98534733,0.9636534,0.9774615,0.97286403,0.9832273,0.9661404,0.9847431,0.97145015,0.99034536,0.9684996,0.9705901,0.9825814,0.97581095,0.96092635,0.96468693,0.9699378,0.98164177,0.98050123,0.9774152,0.98434293,0.983525,0.9744462,0.97575986,0.9778638,0.98558724,0.9833127,0.98237807,0.9773488,0.99034536,0.974493,0.98105246,0.9845394,0.9776196
annamovie,0.9802121,0.96988016,0.9833955,0.982947,0.9738694,0.98257446,0.97492176,0.9715908,0.98957014,0.97652346,0.97270125,0.97021985,0.9859751,0.99999994,0.985647,0.97816014,0.97968745,0.9771322,0.9747112,0.9752134,0.9921475,0.9664371,0.98377067,0.9736672,0.97181726,0.9051597,0.97710717,0.97660613,0.98165697,0.96726716,0.9743669,0.97444224,0.9815079,0.9759619,0.9658244,0.938877,0.97560924,0.97531635,0.9823295,0.96775514,0.9806826,0.97286963,0.94633025,0.9654508,0.97873014,0.9784403,0.98319,0.99004805,0.9659708,0.9703075,0.9817472,0.9733265,0.9733693,0.9550013,0.9658913,0.9698477,0.9781555,0.9794474,0.98555213,0.97811484,0.97170115,0.97585267,0.9785962,0.9880006,0.97916305,0.9808051,0.97011113,0.97452575,0.96024054,0.9633032,0.98059225,0.5477539,0.96913123,0.97900134,0.96447194,0.96874213,0.91726416,0.97576207,0.9765609,0.9690591,0.9739593,0.97371143,0.98087865,0.9768492,0.980728,0.9783975,0.9612502,0.9828511,0.9607859,0.98274183,0.97319853,0.98059225,0.9750493,0.9670225,0.97597295,0.98194015,0.9805884,0.98264235,0.9661026,0.9802587,0.9731702,0.97462505,0.9696992,0.96781236,0.98481464,0.983878,0.98183674,0.9839164,0.97905815,0.9729727,0.9847503,0.7959062,0.96753496,0.9247597,0.9862622,0.97410625,0.98257804,0.9718147,0.9853935,0.9635906,0.9825474,0.9778454,0.9736937,0.98226213,0.9813834,0.9713214,0.98297083,0.97440165,0.9812909,0.9617563,0.9866447,0.9708585,0.98149836,0.9552201,0.96827334,0.9684369,0.9796762,0.96169347,0.98466414,0.9695977,0.98957014,0.9730839,0.9621576,0.9833291,0.9765025,0.9602404,0.95911086,0.9716476,0.98350227,0.98395604,0.98371935,0.979031,0.976233,0.9788266,0.97725445,0.97303516,0.9799196,0.9823771,0.97658193,0.9763965,0.98957014,0.98233193,0.9796171,0.9849092,0.98476607
apollo11movie,0.98169243,0.9700207,0.98106563,0.9776899,0.9778422,0.97863173,0.9799975,0.9841516,0.9885701,0.970484,0.96879375,0.95294875,0.9888827,0.985647,1.0,0.9859142,0.97990245,0.97889644,0.98039126,0.98187447,0.98617905,0.96049356,0.9860795,0.97215086,0.964265,0.89602035,0.98288584,0.97265893,0.97193694,0.96645623,0.9736742,0.97588754,0.97365296,0.966035,0.9585303,0.9391107,0.97660065,0.97193485,0.98263395,0.9725504,0.980973,0.98025656,0.95466506,0.97433525,0.98425037,0.9868134,0.9871534,0.98680043,0.95607287,0.97929806,0.97289026,0.96947473,0.9738093,0.9496965,0.97237957,0.9762684,0.97650117,0.97553784,0.9850152,0.97967595,0.9682596,0.97384214,0.97764605,0.9854227,0.97909915,0.98152435,0.969091,0.969979,0.95726204,0.9492976,0.98042744,0.5711522,0.9713157,0.97277397,0.95435417,0.96370155,0.9072529,0.9721928,0.97629184,0.97211206,0.9752243,0.96848327,0.98020726,0.9674825,0.9800382,0.9752843,0.9612189,0.9832496,0.9669016,0.9801742,0.9734505,0.98042744,0.9711173,0.9648085,0.9735489,0.9791474,0.9740996,0.9700437,0.9666748,0.9726838,0.9788843,0.9817798,0.9588999,0.9722766,0.9794637,0.9727694,0.981106,0.9815244,0.9794618,0.96979934,0.98544234,0.8035176,0.97183055,0.9147786,0.97884333,0.9740904,0.98184377,0.9618983,0.98504806,0.9746262,0.9771936,0.97388977,0.9796799,0.9792714,0.9809247,0.97278374,0.9800494,0.9717325,0.9855869,0.9533734,0.98248357,0.9752789,0.98853546,0.9637056,0.97067446,0.9663381,0.9746488,0.9582884,0.9813662,0.97815037,0.9885701,0.97307074,0.969377,0.97568184,0.9728618,0.9590511,0.96760356,0.9642716,0.98171735,0.98301,0.98228425,0.9828623,0.9823807,0.9706433,0.9802825,0.9726918,0.9807115,0.97957844,0.97804964,0.97092366,0.9885701,0.97787017,0.9778487,0.9827378,0.97923297
arcticdogsmovie,0.97922087,0.9762537,0.97654206,0.96968883,0.979686,0.9627141,0.98080254,0.9787296,0.9869362,0.9669938,0.98172635,0.9484147,0.98865265,0.97816014,0.9859142,0.99999994,0.97274905,0.98113227,0.97524923,0.968735,0.9810672,0.96572655,0.9761212,0.95909417,0.97070295,0.88361967,0.9826356,0.9648501,0.9724126,0.9652749,0.9790117,0.97782236,0.9590108,0.9651864,0.9686974,0.94378304,0.9766488,0.9786983,0.9779556,0.9790289,0.98480195,0.9690049,0.9258912,0.9732922,0.9775243,0.98253393,0.9781668,0.9759459,0.9536299,0.97297335,0.9671784,0.9740903,0.96221274,0.9545262,0.9633532,0.9786454,0.97837156,0.9777908,0.98278946,0.9729297,0.9820939,0.98263675,0.97809833,0.9874285,0.98212004,0.9841076,0.96748936,0.9684753,0.96136,0.9528957,0.9742799,0.51252353,0.9735884,0.96626174,0.95297056,0.9610215,0.915086,0.97351295,0.9737941,0.9748923,0.9723049,0.9646048,0.9890637,0.9732966,0.9732863,0.9846683,0.97116894,0.9765276,0.97115195,0.97007775,0.97829413,0.9742799,0.97342265,0.96843886,0.9687312,0.97633916,0.9855513,0.9660718,0.9757859,0.9635545,0.97680056,0.9755961,0.9605094,0.97125167,0.9740375,0.9672391,0.98225385,0.9907133,0.9837159,0.9652632,0.9811523,0.8230636,0.9795734,0.90911317,0.9807716,0.9774188,0.98405474,0.9577909,0.9754946,0.976496,0.98281646,0.9771205,0.97752655,0.96745384,0.98293346,0.97923845,0.97495675,0.97195333,0.98096335,0.9436774,0.97944504,0.96189207,0.9768065,0.9578258,0.9798062,0.9688925,0.9747505,0.9672309,0.97472394,0.9701323,0.9869362,0.9633331,0.97312653,0.98496664,0.98139656,0.9591911,0.9641458,0.9734169,0.9839456,0.97989035,0.980682,0.9774167,0.9778645,0.97565794,0.97481847,0.9697619,0.9716194,0.9770559,0.9785204,0.9761337,0.9869362,0.96994936,0.9625115,0.97312444,0.9709735
arcticmovie,0.9810057,0.9737753,0.9803159,0.97266835,0.9859211,0.9696927,0.9740095,0.97824365,0.9887821,0.980284,0.9592441,0.95346105,0.9816451,0.97968745,0.97990245,0.97274905,1.0,0.9886119,0.9813464,0.9766796,0.97490984,0.9551447,0.98169655,0.983262,0.973247,0.9151278,0.98761004,0.9861083,0.97777826,0.9821117,0.9766604,0.97974515,0.9786178,0.97061676,0.95787364,0.91952705,0.9853308,0.97394574,0.9806101,0.977881,0.98146135,0.9876028,0.9597851,0.97770023,0.9910189,0.9788027,0.9845502,0.9817994,0.9656447,0.9850953,0.9721524,0.974436,0.9683194,0.9616756,0.97325546,0.9743232,0.96931016,0.98450947,0.98352814,0.9880154,0.9641898,0.9817972,0.98487025,0.9833092,0.9785036,0.9876151,0.97129714,0.96548635,0.96505094,0.9663048,0.98844665,0.5663114,0.9650128,0.9752495,0.9278109,0.97837377,0.90557235,0.98026377,0.9841225,0.9647905,0.9696277,0.9779511,0.9827881,0.9606351,0.9779019,0.973862,0.974493,0.9821229,0.9649354,0.98464155,0.9655326,0.98844665,0.97449666,0.9790635,0.9778903,0.9790468,0.9667994,0.9738,0.9751272,0.96785396,0.97570336,0.98059887,0.9694022,0.98395437,0.9801512,0.9692811,0.98439306,0.97545373,0.9786409,0.98141074,0.9864915,0.78258353,0.97904825,0.91344374,0.9824577,0.9671556,0.9810544,0.9668298,0.98654425,0.9651474,0.9774959,0.97786474,0.98255277,0.96753174,0.98218894,0.9768949,0.97120297,0.9679463,0.9866218,0.9757768,0.97161925,0.98323846,0.98789626,0.96357995,0.9827445,0.97833496,0.97416216,0.96870154,0.9859977,0.9799186,0.9887821,0.9747937,0.95819354,0.9767598,0.97253835,0.95959467,0.95501685,0.9666852,0.97977924,0.9801124,0.975594,0.98160666,0.98173916,0.9769716,0.98892295,0.9825908,0.9786925,0.98267645,0.9840312,0.9738962,0.9887821,0.9783352,0.9812399,0.9845413,0.9705868
artofracingmovie,0.98042744,0.9769368,0.9796097,0.9664673,0.98876697,0.96470505,0.98109084,0.9789059,0.9903057,0.98759913,0.972307,0.95586294,0.98068774,0.9771322,0.97889644,0.98113227,0.9886119,1.0000001,0.9854195,0.9744919,0.9736911,0.95326453,0.9749985,0.977063,0.96885157,0.89294356,0.9849381,0.98065245,0.97300065,0.9793549,0.98208046,0.9813375,0.97257024,0.97229636,0.96962595,0.93314886,0.9859366,0.9804343,0.98172665,0.980867,0.977466,0.9777529,0.9441111,0.97318435,0.98268884,0.97815263,0.9794262,0.98271054,0.9744043,0.9760176,0.9690031,0.9804124,0.9588342,0.95889425,0.9781977,0.9865676,0.97965896,0.98371994,0.98252743,0.9799685,0.97578466,0.98167634,0.9794555,0.9789452,0.9849774,0.9892883,0.97782445,0.9700978,0.9682155,0.9812366,0.98266035,0.5525672,0.9689142,0.97543645,0.9259543,0.97709286,0.9093274,0.98398453,0.9816618,0.9700983,0.9724213,0.97617084,0.9850192,0.9658871,0.9737853,0.982083,0.97776765,0.9748791,0.97213113,0.98404604,0.9713884,0.98266035,0.9693047,0.97609556,0.9775959,0.9783834,0.97332776,0.9785805,0.9830475,0.9670074,0.9797918,0.9816982,0.9694185,0.9791235,0.9786747,0.9675865,0.989012,0.9818446,0.9808471,0.9769847,0.98326856,0.8150113,0.97951823,0.9209809,0.98403764,0.9766009,0.98239505,0.9571466,0.9846652,0.97162414,0.9781568,0.97503877,0.9857286,0.96242476,0.98155946,0.98227745,0.96308804,0.97200537,0.9875978,0.9653448,0.97034866,0.9848212,0.98633444,0.9513632,0.9836221,0.978161,0.9667073,0.9731272,0.98327476,0.98770905,0.9903057,0.9651571,0.9653171,0.9795027,0.9734131,0.968687,0.96329933,0.9726066,0.9775319,0.98254687,0.9831223,0.9827875,0.98016006,0.9733645,0.98755604,0.9813026,0.9680349,0.9804409,0.977578,0.97466964,0.9903057,0.97442657,0.9738484,0.9824506,0.96890485
avengers,0.97988695,0.96641266,0.97227275,0.9710184,0.9878502,0.97035515,0.97100973,0.9760991,0.9876591,0.9688574,0.9659423,0.94373626,0.97492504,0.9747112,0.98039126,0.97524923,0.9813464,0.9854195,1.0000001,0.97626394,0.9727856,0.9470008,0.98491526,0.97493553,0.9603938,0.8817382,0.98389,0.9689848,0.9647471,0.9687169,0.9776731,0.9764235,0.9671395,0.96924275,0.9556333,0.9295661,0.98424,0.97911894,0.98056084,0.9730407,0.9758349,0.96934485,0.9338615,0.967704,0.98161393,0.9845965,0.9874931,0.9812945,0.9749366,0.9678706,0.9645783,0.97283256,0.9588944,0.95836735,0.97708887,0.98257256,0.9753188,0.97582954,0.98053944,0.97708875,0.9707885,0.98192495,0.9796074,0.975807,0.9758475,0.97803146,0.9792234,0.972827,0.9644905,0.96315813,0.98259014,0.5644971,0.96456903,0.97087806,0.9280794,0.9674735,0.90201527,0.9799275,0.9811654,0.9584319,0.9674529,0.9683548,0.98462284,0.96082574,0.97850734,0.98043466,0.9787624,0.96474564,0.978162,0.9832657,0.9696001,0.98259014,0.9682256,0.9779789,0.9825196,0.9759197,0.9746176,0.9693044,0.97110754,0.9725456,0.9743516,0.9766674,0.95120996,0.98280007,0.9756042,0.9631431,0.97911423,0.9762717,0.97218084,0.966192,0.98220575,0.82007647,0.9702173,0.9266041,0.9809969,0.97609043,0.9768784,0.95717436,0.98074657,0.9644626,0.9736704,0.9726131,0.9802522,0.9729285,0.9741179,0.97418296,0.965587,0.97092116,0.98243403,0.9611336,0.9696943,0.9762151,0.979494,0.9565996,0.9772951,0.96790427,0.96227324,0.9693122,0.9803255,0.98058605,0.9876591,0.9637157,0.96504515,0.9700533,0.97620344,0.9667395,0.9676437,0.9603261,0.9741429,0.98412114,0.9765673,0.96790254,0.9825025,0.9704189,0.9837424,0.97584623,0.9772092,0.9835879,0.9738258,0.97320014,0.9876591,0.9693737,0.9637106,0.9851729,0.96759814
beachbummovie,0.98256886,0.97537225,0.97773254,0.9690865,0.9733456,0.9623621,0.96764433,0.9787186,0.9824641,0.9658516,0.9529994,0.9547761,0.9776487,0.9752134,0.98187447,0.968735,0.9766796,0.9744919,0.97626394,0.9999999,0.9747969,0.9600894,0.9816045,0.97281486,0.96524423,0.8963188,0.97487956,0.97974324,0.97074413,0.97383946,0.95911694,0.96765625,0.97177076,0.9685974,0.9412911,0.9143813,0.97035694,0.97333944,0.9743477,0.96055996,0.9726618,0.9718221,0.9444662,0.96468765,0.97844225,0.9822406,0.98262805,0.9769659,0.96326846,0.96941036,0.9735518,0.965392,0.9748524,0.93985987,0.97729516,0.97439134,0.96930957,0.9710469,0.9790529,0.9786226,0.96282923,0.9669395,0.97172797,0.9711588,0.97416824,0.97425556,0.970735,0.96304643,0.95132273,0.9584834,0.98042035,0.5575311,0.9671749,0.9737188,0.92887014,0.9757666,0.90501064,0.9688522,0.97072655,0.96248937,0.963721,0.97119683,0.97098565,0.96486896,0.9752621,0.96685445,0.9586184,0.9776675,0.9595186,0.9845993,0.96851724,0.98042035,0.9663573,0.97669846,0.97026414,0.97361255,0.96426857,0.9837218,0.96710366,0.959244,0.9694764,0.97765505,0.9609018,0.97177434,0.9668658,0.9696737,0.9768242,0.9664098,0.9695328,0.96446383,0.9793808,0.7641439,0.9663624,0.91788846,0.97117275,0.9669706,0.9799636,0.9627404,0.9786933,0.9553077,0.9714676,0.96247625,0.9719436,0.97090554,0.96858144,0.9643224,0.96757674,0.9626679,0.9770001,0.9431959,0.9741752,0.97770894,0.9808422,0.959831,0.96382856,0.97028047,0.96669024,0.9576251,0.9790768,0.9714516,0.9824641,0.96682304,0.9568957,0.9709504,0.9628433,0.9563721,0.9518435,0.94893456,0.96824205,0.97553253,0.9706441,0.9769929,0.97534734,0.9671781,0.97302467,0.97751874,0.9682543,0.9803503,0.9760285,0.9649368,0.9824641,0.95676565,0.9743326,0.9818536,0.9723815
bernadettefilm,0.9860431,0.97013015,0.98175365,0.98004454,0.9687795,0.9844543,0.9773514,0.97978276,0.99197674,0.9762236,0.9788133,0.9676672,0.987253,0.9921475,0.98617905,0.9810672,0.97490984,0.9736911,0.9727856,0.9747969,0.9999997,0.9745704,0.98590976,0.9740182,0.97305244,0.89026153,0.9761312,0.9763961,0.9841989,0.9595946,0.97312355,0.9758322,0.97485393,0.97449327,0.96708417,0.9399296,0.9789118,0.97886306,0.9875981,0.9738957,0.9792236,0.9771922,0.93670183,0.9704245,0.98060656,0.9854728,0.98429143,0.98800683,0.96921825,0.97520244,0.9829399,0.9792819,0.979721,0.9659147,0.96993375,0.9680163,0.9796405,0.9836094,0.987234,0.97573966,0.977796,0.9733407,0.98105276,0.98541343,0.98575866,0.9811955,0.9714659,0.9766114,0.96822166,0.95327824,0.98321927,0.5307091,0.9672321,0.9745561,0.9684151,0.97250414,0.9068255,0.9771633,0.97667986,0.9763151,0.9817081,0.9769683,0.9818196,0.984229,0.9840616,0.9832447,0.961924,0.9837602,0.97155786,0.98225856,0.97892845,0.98321927,0.9780754,0.96338737,0.98056734,0.9851588,0.98306876,0.9777462,0.9702971,0.977412,0.9794474,0.9834072,0.9741803,0.9757256,0.9857062,0.9856162,0.9850979,0.9870085,0.97605187,0.97229064,0.986623,0.79503906,0.9717041,0.9224667,0.9900124,0.9808704,0.98741364,0.97353125,0.9858526,0.97171474,0.9821611,0.9799361,0.97908205,0.98376375,0.9821312,0.9733463,0.9853943,0.9806439,0.9840228,0.95630944,0.9917298,0.9715135,0.98082906,0.9664996,0.97433096,0.9616759,0.9802571,0.9703094,0.9879183,0.97344816,0.99197674,0.97618467,0.97181183,0.9864061,0.9789902,0.9658126,0.9622649,0.9731845,0.985632,0.98265076,0.98619276,0.9805203,0.98064554,0.970611,0.9756332,0.9721553,0.97961795,0.98423845,0.9807833,0.9821781,0.99197674,0.9785659,0.9783391,0.98332226,0.9918831
