movie,21bridgesmovie,47metersdown,abeautifuldaymovie,abominablemovie,adastramovie,adogsjourneymovie,aftermathmovie,aftermovie,ahiddenlifefilm,alitamovie,angelhasfallen,angrybirdsmovie,annabellemovie,annamovie,apollo11movie,arcticdogsmovie,arcticmovie,artofracingmovie,avengers,beachbummovie,bernadettefilm,blackandbluemovie,blackchristmas,blindedbythelightmovie,bombshellmovie,booksmart,breakthroughmovie,brianbanksmovie,brightburnmovie,brittanyrunsmov,captainmarvelofficial,captivestatemovie,catsmovie,charliesangels,childsplaymovie,clarathefilm,coldpursuitmovie,countdown,currentwarmovie,darkwatersmovie,detectivepikachumovie,disneyaladdin,disneyfrozen,disneymaleficent,doctorsleepmovie,dolemiteismyname,dontletgomovie,doramovie,downtonabbey_official,dumbo,escaperoom,everybodyknowsmovie,fastandfuriousmovie,fightingwmyfam,fivefeetapartfilm,fordvferrari,freaksthefilm,geminimanmovie,glassmovie,gloriabellmovie,godzillamovie,goldfinchmovie,goodboysmovie,goodliarmovie,gretafilm,halathemovie,happydeathdaymovie,harrietfilm,hellboymovie,hersmellmovie,highlifemovie,highstrungmovie,honeyboymovie,hotelmumbaifilm,httydragon,hustlemovie,hustlersmovie,isntitromantic,itmovieofficial,jayandsilentbob,johnwickmovie,jojorabbitmovie,jokermovie,judythefilm,jumanjimovie,justmercyfilm,knivesout,lalloronamovie,lastblackmansf,lastchristmasthemovie,latenightmovie,lighthousemovie,lionking,littlethemovie,littlewomenmovie,littlewoodsfilm,longshotmovie,lordsofchaosmovie,lucyintheskyfilm,mamovie2019,marriagestory,meettheaddams,meninblack,midsommarmovie,midwaymovie,missbalamovie,missinglinkfilm,motherlessbklyn,onceinhollywood,onthebasisofsex,overcomermovie,peanutbutterfalcon,petsematarymovie,piercingmovie,playingwithfire,playmobilthemovie,pomsmovie,queenandslim,rambomovie,readyornotfilm,richardjewellfilm,rocketmanmovie,scarystoriesmovie,secretlifeofpets,serenityfilm,shaftmovie,shazammovie,spidermanmovie,spiesindisguise,starwars,stormboymovie,stubermovie,taosdfilm,teenspiritmov,terminator,theaeronautsmov,thebestofenemies,thedeaddontdie,thefarewell,thehighwaymen,thehummingbirdprojectfilm,theintrudermovie,theirishmanfilm,thekitchenmovie,thelegomovie,themustangfilm,thenightingalefilm,theprodigymovie,thesunisalsoastar,theupsidefilm,tolkienmovie,toystory,triplefrontier,uglydolls,uncutgems,underthesilverlake,usmovie,wavesmovie,whatmenwant,wonderparkmovie,wrinklestheclown,xmenmovies,yardiefilm,yesterdaymovie,zombieland
21bridgesmovie,0.99999994,0.9552274,0.9556431,0.9542644,0.95630264,0.95075595,0.9706642,0.9532499,0.9793531,0.9563355,0.95411134,0.9598144,0.96322393,0.95494014,0.9692818,0.9640136,0.9556326,0.9571083,0.9746808,0.9497612,0.9572292,0.9541987,0.964856,0.9623301,0.95196986,0.8691823,0.95791006,0.95381457,0.96590215,0.96448666,0.94896126,0.95943135,0.9353636,0.95947844,0.9512557,0.9259022,0.95344555,0.9665587,0.9570386,0.96257585,0.9496528,0.96557426,0.9346468,0.95135105,0.9618324,0.960841,0.9607923,0.962596,0.94805986,0.9528447,0.9654289,0.9662297,0.95355684,0.9524072,0.9670183,0.950707,0.9550212,0.9575278,0.9528734,0.96369326,0.9634563,0.9570325,0.9625195,0.95614403,0.9497655,0.95055366,0.9476313,0.95122874,0.94746107,0.94285,0.9642344,0.71963656,0.9541847,0.9563919,0.94808686,0.9406306,0.91641057,0.9595503,0.9579343,0.94349366,0.94487107,0.96176624,0.95764095,0.9590672,0.9561721,0.93910944,0.96917105,0.9655345,0.95330197,0.9658019,0.9621493,0.9642344,0.9542839,0.9569003,0.9583826,0.9501452,0.95851445,0.9705041,0.96182376,0.9481879,0.94828457,0.9496067,0.9599389,0.9636078,0.95699424,0.9666185,0.96444464,0.9480787,0.9498256,0.9535738,0.96937925,0.8395763,0.9541562,0.9035713,0.94781524,0.97321796,0.9888681,0.9554926,0.96392643,0.96674085,0.95377856,0.95254016,0.96203804,0.9379056,0.9552072,0.9528067,0.9626981,0.94511586,0.9517824,0.9205363,0.9507538,0.954673,0.95722276,0.9157281,0.95522344,0.9638692,0.9679377,0.95554143,0.9634014,0.9624657,0.9793531,0.94514,0.9544247,0.9498894,0.938057,0.9623372,0.9583609,0.9547725,0.9478437,0.965625,0.95508283,0.9537724,0.9573364,0.92892486,0.9352142,0.95845157,0.95521533,0.96560967,0.95314676,0.9536064,0.9793531,0.94961643,0.9612711,0.9601136,0.9637054
47metersdown,0.9552274,0.9999998,0.95042586,0.9431623,0.9521691,0.9475774,0.95387733,0.94870967,0.9669733,0.94619954,0.9331378,0.9523423,0.9436061,0.95254385,0.9545288,0.96407366,0.9463884,0.948517,0.9490781,0.94377947,0.9384433,0.9477354,0.9423919,0.95051455,0.93940985,0.8859343,0.94265825,0.9398169,0.9546989,0.943412,0.9555078,0.93970174,0.9294194,0.9551437,0.9333587,0.88811165,0.93609345,0.94924575,0.9552495,0.9364314,0.95427513,0.9599185,0.94179726,0.95577615,0.95275,0.95054543,0.9422133,0.9466132,0.9453122,0.95515853,0.9576129,0.9533199,0.92759895,0.939188,0.95765007,0.9461121,0.93492913,0.94294584,0.9376328,0.95221776,0.94336116,0.9367501,0.9531938,0.9525128,0.9433723,0.93766236,0.9166327,0.94156796,0.9408457,0.9222796,0.9546549,0.7116066,0.9155262,0.9407173,0.91563076,0.9364901,0.8972446,0.95062387,0.94595486,0.9400676,0.9287304,0.9407343,0.94725835,0.94170123,0.95070815,0.94229114,0.947166,0.9420383,0.93757504,0.9474778,0.9555625,0.9546549,0.93929344,0.936385,0.95604336,0.9377244,0.9498213,0.95953566,0.9347148,0.9345389,0.93876415,0.9525729,0.9385763,0.9524566,0.96386063,0.9606793,0.95417154,0.9361821,0.94866776,0.9361379,0.94748497,0.8155108,0.95701015,0.87790954,0.93654466,0.9525414,0.95623094,0.92652804,0.94282544,0.9528058,0.93352044,0.94318867,0.94055736,0.9161212,0.950031,0.94328195,0.94864243,0.9409032,0.9625332,0.91698855,0.9427592,0.95507365,0.9567035,0.92914855,0.94700617,0.9485511,0.94851834,0.9426166,0.95603496,0.955718,0.9669733,0.9441473,0.9497628,0.9362075,0.9149593,0.9246194,0.933525,0.925366,0.9413044,0.9423561,0.9425211,0.95325744,0.95096964,0.91070354,0.9223943,0.9508255,0.9336908,0.94262147,0.94810784,0.9521763,0.9669733,0.9448832,0.9499496,0.9493422,0.9494384
abeautifuldaymovie,0.9556431,0.95042586,0.99999994,0.94233614,0.9621938,0.94858223,0.96839404,0.9670375,0.9819886,0.9450298,0.95772374,0.9664381,0.952075,0.95725185,0.9623304,0.9548478,0.950238,0.9570311,0.95350844,0.9568735,0.9471299,0.96637905,0.9509373,0.96494627,0.94593036,0.886568,0.9644093,0.95270634,0.9837128,0.94905937,0.96032387,0.95624924,0.9416562,0.9702207,0.94363225,0.9231856,0.9511698,0.9498955,0.95781153,0.95780265,0.97074133,0.9742889,0.94120806,0.9615474,0.9638942,0.96672523,0.9532788,0.9466483,0.9491533,0.96477437,0.9822397,0.9642423,0.9464209,0.9533832,0.9640898,0.95336795,0.94970256,0.9706977,0.9608435,0.96003616,0.9583706,0.9503015,0.9658882,0.97014135,0.9551688,0.96545094,0.94176704,0.95769054,0.9516448,0.9412031,0.9617934,0.72110826,0.93983114,0.95926946,0.92805004,0.93155915,0.9043782,0.9682329,0.9562284,0.9558126,0.955784,0.95569575,0.96180433,0.9661248,0.96698695,0.9531105,0.9527413,0.95562565,0.9529074,0.9636389,0.9665814,0.9617934,0.95410436,0.9657543,0.9704934,0.9675237,0.9611001,0.9601343,0.9563143,0.9345494,0.9620639,0.95031595,0.9630408,0.9589461,0.962895,0.97846246,0.96856457,0.9560322,0.96653837,0.95766073,0.96617067,0.860347,0.96779156,0.9033313,0.94625634,0.9660225,0.9648895,0.9445978,0.95615304,0.9665327,0.9511861,0.96219206,0.9616661,0.9517394,0.95823675,0.96301574,0.9502222,0.96040106,0.95761436,0.9199241,0.9591044,0.9549921,0.95299834,0.93926793,0.9688476,0.9591498,0.95328015,0.9691384,0.964279,0.96823454,0.9819886,0.9622885,0.9666113,0.9626654,0.94798934,0.9527383,0.9514103,0.94522524,0.9640922,0.9584657,0.9627589,0.9735218,0.9585682,0.9123936,0.9368516,0.95619494,0.95310134,0.96428835,0.96471936,0.9629932,0.9819886,0.95975727,0.96337897,0.9620601,0.9752199
abominablemovie,0.9542644,0.9431623,0.94233614,1.0000001,0.947156,0.936418,0.95691943,0.95897895,0.9660878,0.9461122,0.94191647,0.94630843,0.9507764,0.94107324,0.94110495,0.95196676,0.9489481,0.93205756,0.95750165,0.91157895,0.9392084,0.92945707,0.9292586,0.9403861,0.9506979,0.8701429,0.94173336,0.94735366,0.94619805,0.93731236,0.9354242,0.9446959,0.923609,0.9442774,0.9354452,0.89279634,0.94199896,0.9415094,0.9468175,0.94439113,0.9471215,0.95318174,0.9112375,0.94076455,0.94762874,0.95447904,0.9280624,0.95450956,0.9297452,0.9433117,0.9494139,0.95517266,0.94054043,0.9501771,0.9571665,0.9303441,0.9435385,0.94486874,0.9594841,0.9560784,0.94397014,0.9539369,0.94258606,0.95955014,0.9424192,0.9351064,0.9271586,0.94541174,0.9379167,0.93387765,0.95658314,0.7082312,0.91373533,0.94850886,0.9505097,0.91963106,0.9122396,0.9510306,0.9502608,0.9292431,0.93788093,0.9468913,0.9540216,0.9373053,0.9556887,0.9486063,0.9655582,0.94889796,0.9426242,0.9432575,0.9410733,0.95658314,0.94042623,0.9370928,0.95371246,0.94883275,0.9502961,0.9523492,0.93801785,0.9134797,0.95211613,0.946744,0.9464923,0.9599199,0.9551697,0.949033,0.9474126,0.9470557,0.9286895,0.9465992,0.95635915,0.85112125,0.9351807,0.8845787,0.9288943,0.9496012,0.95164645,0.9399133,0.96019447,0.956344,0.9562995,0.94630456,0.9473837,0.9246683,0.9375646,0.9241374,0.9483673,0.9343369,0.9456456,0.88289255,0.94594705,0.92976874,0.941783,0.9143853,0.9441188,0.93928194,0.93752694,0.952496,0.95546496,0.9553864,0.9660878,0.9345832,0.94716704,0.957019,0.94067305,0.95576525,0.94196165,0.9302384,0.9411746,0.94533473,0.94443685,0.94409496,0.9542815,0.9026318,0.92402196,0.94912565,0.93458164,0.9457216,0.93941605,0.9362547,0.9660878,0.93303,0.9524377,0.93622845,0.94223636
adastramovie,0.95630264,0.9521691,0.9621938,0.947156,1.0,0.95264375,0.9679937,0.96358395,0.9789898,0.9518993,0.96001273,0.9590198,0.9579086,0.95604753,0.962617,0.9586702,0.9513171,0.9713725,0.9522776,0.94337493,0.95166415,0.96209544,0.95018864,0.95821214,0.96633214,0.85971427,0.9681468,0.9540397,0.9707985,0.95351076,0.9583415,0.9613896,0.9377004,0.95571744,0.9456278,0.90928113,0.9641876,0.9518396,0.9661542,0.9575044,0.95432335,0.9713909,0.949978,0.9705912,0.95807445,0.96201926,0.9517597,0.9600641,0.9486562,0.9702146,0.9677269,0.9680512,0.9426069,0.94633037,0.95925856,0.9798554,0.95727867,0.9673173,0.9595138,0.9602058,0.962292,0.9495338,0.95570534,0.968123,0.9549071,0.9512248,0.9393281,0.9583826,0.9470689,0.93759716,0.9663013,0.7193653,0.9498458,0.96099323,0.9328248,0.9274407,0.9077936,0.95832986,0.9579081,0.9480622,0.9501742,0.96233207,0.96186334,0.9571375,0.9613353,0.9542134,0.95894367,0.9506805,0.9556074,0.9663367,0.96411794,0.9663013,0.9519388,0.95108265,0.96314555,0.95700806,0.97230524,0.9607108,0.9508604,0.9395231,0.95498466,0.958315,0.9621951,0.95436954,0.9603748,0.9698618,0.96462804,0.9612289,0.96316826,0.95585203,0.9633867,0.82745445,0.965784,0.9003486,0.95339864,0.96129423,0.96177804,0.94955194,0.9633543,0.9685388,0.957377,0.95485395,0.9542792,0.94352376,0.95964634,0.95761037,0.9649941,0.9461278,0.967762,0.9156281,0.9551539,0.972344,0.9584924,0.9227232,0.96793145,0.9605571,0.95566183,0.96015924,0.97138953,0.96941036,0.9789898,0.9522393,0.9585365,0.95563084,0.9291154,0.96117836,0.9506893,0.9347898,0.96408683,0.9530661,0.9668792,0.9703678,0.94962806,0.9188157,0.940048,0.95965105,0.94674575,0.9615562,0.9654018,0.9573397,0.9789898,0.959427,0.96737665,0.95629084,0.9594005
adogsjourneymovie,0.95075595,0.9475774,0.94858223,0.936418,0.95264375,0.9999995,0.95438623,0.95790315,0.96778905,0.9483336,0.9607662,0.9496997,0.94249284,0.9477382,0.94277024,0.9524567,0.94542754,0.94788617,0.9469048,0.9254155,0.9441877,0.94647443,0.9592096,0.9507157,0.9477954,0.884926,0.9570342,0.94702923,0.94599503,0.9424438,0.94969535,0.9417657,0.9329325,0.9388743,0.9269011,0.9001255,0.95862687,0.938021,0.9359878,0.9473817,0.95291185,0.95394194,0.93850034,0.9515836,0.95883846,0.9581213,0.96231765,0.95941573,0.93042135,0.9473676,0.9525498,0.94946414,0.9468156,0.94743305,0.9554925,0.94631076,0.9511924,0.9511562,0.9472516,0.9493686,0.9402729,0.938031,0.9443744,0.9517185,0.94143814,0.93776995,0.92420846,0.932037,0.9474069,0.9296764,0.9623379,0.719044,0.9372048,0.94313854,0.92921674,0.93584895,0.93149513,0.9444301,0.955752,0.9628026,0.95546204,0.9463368,0.94868135,0.9450235,0.95096505,0.9429346,0.94851667,0.9480104,0.9430585,0.9564233,0.9526669,0.9623379,0.92975897,0.9427659,0.95589125,0.94477576,0.95583725,0.9491463,0.9509567,0.93949014,0.95912784,0.9572963,0.958174,0.9616946,0.95230645,0.9559428,0.95507735,0.93772274,0.93786395,0.9357172,0.96299267,0.8246746,0.9649604,0.89829624,0.94552314,0.95619255,0.951377,0.9414913,0.95512766,0.95553887,0.9401933,0.9480078,0.93923134,0.9650827,0.94643104,0.95356506,0.9719457,0.9436234,0.94122535,0.940654,0.9519579,0.9402228,0.9509689,0.9193552,0.9633839,0.9535163,0.93428713,0.9450111,0.9621083,0.96360147,0.96778905,0.94788224,0.95351344,0.94572455,0.92683154,0.93524235,0.9357279,0.9268033,0.9519742,0.94758093,0.94416356,0.95641166,0.961416,0.91843843,0.946202,0.9479154,0.9636569,0.95820695,0.9532217,0.9519457,0.96778905,0.9441416,0.9536242,0.96113354,0.94598883
aftermathmovie,0.9706642,0.95387733,0.96839404,0.95691943,0.9679937,0.95438623,0.9999997,0.96758616,0.9871545,0.958731,0.96601766,0.97100407,0.9629801,0.9626249,0.97328234,0.96235085,0.96496135,0.9645684,0.9596086,0.96067697,0.95645934,0.9650165,0.960616,0.96503234,0.9634815,0.8770639,0.9680831,0.96472466,0.97159874,0.9620437,0.9580105,0.962777,0.9516022,0.95922697,0.9494581,0.91653925,0.95514446,0.95406324,0.96033734,0.9679006,0.96348524,0.9773459,0.9420548,0.96746266,0.9674961,0.96581966,0.95990586,0.95922685,0.9587494,0.96923155,0.9744886,0.97940737,0.9674243,0.958923,0.9688838,0.9556741,0.9682086,0.9698007,0.96621853,0.9724094,0.96213263,0.96381164,0.96031016,0.975972,0.9690135,0.9581081,0.95424175,0.968698,0.954389,0.9472366,0.97161555,0.7506384,0.9419328,0.9657645,0.95160544,0.92972815,0.915923,0.96689606,0.9638727,0.95444244,0.95437044,0.9774307,0.9741505,0.97095025,0.9660884,0.96346873,0.96705115,0.96682376,0.96184826,0.96395254,0.96502244,0.97161555,0.9630142,0.96598136,0.9666774,0.9669467,0.9689951,0.9728519,0.9722962,0.9430036,0.958975,0.9601052,0.9650931,0.9686951,0.95992416,0.9735929,0.9724122,0.9620715,0.95413667,0.96958643,0.9718663,0.84760845,0.9680335,0.90070134,0.94922715,0.9642827,0.97654206,0.9469968,0.96825475,0.9920596,0.9651171,0.9702322,0.9663375,0.9504456,0.9591944,0.9630501,0.96105164,0.95075923,0.9518665,0.9185748,0.96011174,0.94681174,0.96580833,0.93325204,0.96667564,0.964304,0.96877474,0.9725775,0.972133,0.9747922,0.9871545,0.9596223,0.9594225,0.96862715,0.9539471,0.97065777,0.95734334,0.942782,0.96365696,0.9696343,0.980585,0.971595,0.9653026,0.9345372,0.9429593,0.9625341,0.9608169,0.9670257,0.9695596,0.96234745,0.9871545,0.9605761,0.9711028,0.96805704,0.96787417
aftermovie,0.9532499,0.94870967,0.9670375,0.95897895,0.96358395,0.95790315,0.96758616,0.9999998,0.9756134,0.9458231,0.9513951,0.96080774,0.9583896,0.94650584,0.9520791,0.95627654,0.953933,0.95761245,0.94759446,0.93716216,0.94359016,0.94688916,0.94411105,0.95958364,0.9547053,0.8862163,0.9575354,0.9571351,0.9621014,0.95369697,0.95929813,0.95672494,0.9437227,0.958809,0.9342106,0.90268946,0.9546736,0.9448717,0.9509049,0.9597998,0.9612827,0.9651507,0.9312443,0.956675,0.9595332,0.9594235,0.94856435,0.96254206,0.9437882,0.95650965,0.96488506,0.9669203,0.9561672,0.9523174,0.96968734,0.94913346,0.95666033,0.9550952,0.9616804,0.9622274,0.9530051,0.94936794,0.9595275,0.9609572,0.9639086,0.9523636,0.9370966,0.959672,0.9495138,0.9347936,0.9609981,0.7201852,0.93058234,0.9575359,0.9365833,0.93108594,0.9093977,0.9653546,0.9639266,0.9552498,0.9511426,0.9569778,0.95612043,0.9524461,0.96132594,0.9526881,0.95973927,0.9615144,0.94422543,0.9595413,0.9649094,0.9609981,0.94933534,0.9519392,0.9639535,0.95465416,0.9641174,0.96509266,0.9464467,0.92980677,0.95628655,0.9573254,0.9600937,0.9601418,0.95774835,0.9623772,0.96150565,0.9543502,0.95912665,0.9553114,0.9650204,0.8457638,0.96023196,0.8895514,0.9418474,0.9635671,0.95670116,0.9397027,0.9571256,0.9668518,0.95520705,0.95254344,0.95134425,0.94551533,0.95358545,0.9638812,0.964177,0.93558353,0.9425255,0.9050065,0.9542394,0.94539547,0.94889784,0.92727786,0.9612601,0.9610393,0.9447316,0.96140486,0.95726573,0.97125536,0.9756134,0.9430696,0.9603216,0.9635433,0.9471972,0.9523268,0.9400822,0.92737687,0.95542514,0.9537471,0.9585037,0.9592191,0.9729548,0.9213795,0.93968195,0.9620574,0.950968,0.95819384,0.9685432,0.954221,0.9756134,0.9629412,0.9590786,0.9563911,0.96125424
ahiddenlifefilm,0.9793531,0.9669733,0.9819886,0.9660878,0.9789898,0.96778905,0.9871545,0.9756134,0.9999996,0.97051066,0.97757083,0.9750231,0.9730198,0.98101085,0.98405534,0.97540325,0.976902,0.9760065,0.97424006,0.9688541,0.9686574,0.97860414,0.9770164,0.9784926,0.97177625,0.8876129,0.98119,0.9727651,0.9830668,0.96822315,0.9764016,0.97405696,0.9558099,0.973255,0.9629483,0.9308885,0.9737151,0.9716092,0.97759175,0.97612864,0.97348064,0.9876984,0.96129483,0.98130494,0.9815624,0.9825881,0.97642654,0.9707234,0.9687131,0.9818498,0.98442906,0.9850171,0.9702264,0.97530264,0.9793497,0.9694282,0.97362566,0.98337746,0.97583735,0.9806857,0.9743903,0.9762471,0.9785749,0.9851409,0.97419935,0.9730119,0.9675507,0.97534865,0.9649812,0.96361583,0.98466086,0.7394993,0.9615843,0.9788702,0.95875865,0.94765145,0.9250673,0.97713596,0.9752474,0.9637201,0.9699804,0.9781655,0.9811259,0.9742123,0.9790619,0.97032404,0.9778792,0.97364205,0.9735122,0.98306876,0.98298407,0.98466086,0.9703325,0.97641027,0.98001236,0.97795904,0.979003,0.9810846,0.974145,0.96453667,0.9755357,0.9761051,0.9734598,0.98065525,0.97930354,0.985986,0.98425597,0.9725703,0.96982324,0.9695321,0.98581934,0.8476871,0.9806101,0.91243565,0.9697257,0.98148835,0.9865567,0.9662195,0.9809706,0.9832241,0.97463816,0.9789954,0.9780929,0.9604117,0.97689867,0.97567487,0.9752973,0.96987796,0.9719074,0.9427481,0.9715635,0.96660066,0.9780981,0.9488501,0.98257405,0.97491014,0.9758882,0.98218554,0.985198,0.98545927,0.9999996,0.9726214,0.97782046,0.9785113,0.9585105,0.9736977,0.96844494,0.9624717,0.9748264,0.97849596,0.9784221,0.98145074,0.9774645,0.93709445,0.96307725,0.9760504,0.9682581,0.98017776,0.97703725,0.97957945,0.9999996,0.97244817,0.9825408,0.9795553,0.97799593
alitamovie,0.9563355,0.94619954,0.9450298,0.9461122,0.9518993,0.9483336,0.958731,0.9458231,0.97051066,0.9999998,0.9577408,0.9478237,0.94594973,0.9465683,0.9551291,0.95352405,0.9515551,0.9519507,0.96293426,0.9317195,0.95726675,0.94926375,0.95231295,0.9466831,0.9451759,0.84715235,0.9654376,0.9479562,0.9510217,0.9405352,0.94756716,0.95043606,0.9317716,0.9468556,0.9296517,0.90883046,0.94622725,0.93260896,0.95051223,0.94591266,0.94008005,0.95986885,0.9445043,0.95271236,0.9609267,0.9579118,0.9479671,0.95664525,0.9360187,0.9527886,0.9553432,0.95466244,0.9499991,0.9453751,0.9498544,0.947954,0.9465861,0.95238274,0.9465484,0.95189863,0.94907355,0.9487184,0.9562648,0.95535296,0.94491553,0.93902373,0.9436955,0.94357926,0.9376398,0.9460397,0.957061,0.74043065,0.94023794,0.95145285,0.9429425,0.9411785,0.9158311,0.95394105,0.948384,0.9304229,0.94758546,0.95191026,0.9585851,0.94753474,0.9418577,0.93188226,0.9436205,0.9547973,0.9450449,0.9579958,0.95542806,0.957061,0.93303806,0.94148636,0.9514186,0.9492377,0.95780903,0.9533709,0.9458009,0.93423337,0.9542237,0.95382386,0.9471476,0.95808727,0.96262586,0.9591893,0.9563623,0.9316283,0.9323967,0.94022137,0.96268195,0.8119685,0.95679957,0.88702846,0.9421343,0.9517032,0.9562311,0.93559134,0.9578087,0.9550779,0.947117,0.94788706,0.95393294,0.9322911,0.943259,0.9448398,0.9576964,0.9500745,0.94776696,0.9417433,0.951359,0.9372762,0.95142204,0.935694,0.9610803,0.94774735,0.9527428,0.95144415,0.95775944,0.96300626,0.97051066,0.95537454,0.94866306,0.9411825,0.918499,0.94790643,0.93669075,0.92839,0.9441048,0.9523901,0.9545034,0.9593077,0.9539314,0.91707826,0.9381063,0.95641243,0.9445323,0.94975555,0.95706236,0.9551826,0.97051066,0.95149446,0.9577991,0.9516049,0.9412521
angelhasfallen,0.95411134,0.9331378,0.95772374,0.94191647,0.96001273,0.9607662,0.96601766,0.9513951,0.97757083,0.9577408,0.99999994,0.95092493,0.9388304,0.9589066,0.95572597,0.9484521,0.9517152,0.945149,0.9476094,0.9399585,0.9642313,0.95451254,0.95714486,0.96243805,0.95637524,0.8627859,0.9707936,0.96442515,0.9580078,0.9554753,0.9548541,0.95914847,0.9315628,0.9414844,0.93380594,0.92457336,0.9574916,0.93611914,0.95297194,0.9625717,0.95194983,0.96827716,0.93557143,0.96674466,0.96411765,0.9665305,0.9551672,0.9534277,0.944569,0.9641203,0.9578381,0.9641407,0.95264035,0.9539603,0.9549097,0.9505563,0.9604603,0.96990424,0.9566599,0.9570668,0.9541967,0.95561886,0.9523468,0.96690637,0.9573146,0.96193206,0.94922817,0.95264024,0.9624652,0.947782,0.96597314,0.7490838,0.95397323,0.96442866,0.94254816,0.9302452,0.92068523,0.9497402,0.95720303,0.94802386,0.9688395,0.9529959,0.9612854,0.9542353,0.9576304,0.9494136,0.9591524,0.9424106,0.9523366,0.96842796,0.96178097,0.96597314,0.94970953,0.9554739,0.95174015,0.9664192,0.9713893,0.95403945,0.96251386,0.93364495,0.9691557,0.9634768,0.95668834,0.9633147,0.9571175,0.95760685,0.9600591,0.9548584,0.9350816,0.949245,0.96719843,0.8352316,0.96614647,0.9009791,0.96643126,0.9685475,0.965093,0.93758917,0.96881354,0.96290475,0.9521965,0.9592629,0.9581227,0.95276463,0.9627281,0.95272297,0.96147,0.9528041,0.95117754,0.93574685,0.95914507,0.9349734,0.95859057,0.9306094,0.96867245,0.96142346,0.9453365,0.9634525,0.9645864,0.96648103,0.97757083,0.9569163,0.9635129,0.9564772,0.9342796,0.9568991,0.9489922,0.93653876,0.9534613,0.95665455,0.9640476,0.96783924,0.9538193,0.9257101,0.956227,0.9498203,0.94981474,0.9660412,0.959394,0.9613833,0.97757083,0.95374596,0.9638061,0.9566568,0.9482069
angrybirdsmovie,0.9598144,0.9523423,0.9664381,0.94630843,0.9590198,0.9496997,0.97100407,0.96080774,0.9750231,0.9478237,0.95092493,0.9999997,0.9468705,0.9528522,0.95469165,0.95594597,0.95302016,0.9499213,0.9495655,0.94301623,0.9422297,0.9535504,0.94764113,0.9554996,0.94907355,0.8668032,0.95280457,0.95554185,0.97119695,0.9591824,0.9493777,0.95473284,0.932558,0.965333,0.94202787,0.90922904,0.94104946,0.9398767,0.9495,0.9548394,0.95420325,0.9684103,0.94313824,0.9576756,0.95701885,0.95740134,0.9506436,0.9597564,0.94924605,0.9616927,0.97388494,0.9635076,0.9537875,0.93776953,0.9551231,0.9412924,0.94790125,0.9581408,0.955961,0.95125026,0.9594717,0.94772637,0.95527434,0.961368,0.9571235,0.9526246,0.93125176,0.9534221,0.9495525,0.93035996,0.9585228,0.7140872,0.9236228,0.9548701,0.93117386,0.91921806,0.8945337,0.955127,0.95355076,0.94593006,0.9305301,0.9530787,0.9561945,0.95919746,0.9563384,0.94606876,0.95218927,0.9503904,0.94971055,0.95496285,0.95076007,0.9585228,0.9454579,0.94436014,0.95247555,0.9475772,0.9566143,0.9653583,0.938405,0.9369144,0.94497025,0.95081407,0.9558629,0.95317584,0.9539144,0.96992564,0.95743245,0.9479291,0.9462774,0.9519864,0.9563118,0.83516943,0.95180845,0.89221495,0.94043875,0.9568849,0.9622706,0.9318184,0.94722414,0.96488345,0.95146525,0.9470632,0.9561517,0.9425336,0.95385313,0.959395,0.94306576,0.9371608,0.9493585,0.92060673,0.9556086,0.94967735,0.954995,0.93125236,0.95472187,0.95270896,0.9490836,0.9573258,0.9681599,0.9577584,0.9750231,0.95005244,0.948793,0.9533176,0.94516927,0.9515447,0.94505584,0.9336205,0.9475409,0.95514643,0.95940286,0.9596641,0.95755476,0.91105783,0.92928696,0.94795334,0.94032156,0.954948,0.95400435,0.9510492,0.9750231,0.9528438,0.9548789,0.95608675,0.96707916
annabellemovie,0.96322393,0.9436061,0.952075,0.9507764,0.9579086,0.94249284,0.9629801,0.9583896,0.9730198,0.94594973,0.9388304,0.9468705,1.0,0.9492839,0.952704,0.94953877,0.94822866,0.95899796,0.95875084,0.93809783,0.94113857,0.95309097,0.9594798,0.9495213,0.94856703,0.87213,0.9528129,0.94756836,0.95858157,0.95436025,0.9437177,0.9598346,0.9453933,0.9482048,0.9358135,0.88427323,0.95735496,0.9564618,0.9491189,0.95550066,0.953221,0.9602727,0.9331704,0.95168823,0.9630139,0.9571115,0.9596594,0.9579341,0.9490498,0.9505286,0.9583307,0.96820694,0.9601554,0.9512535,0.96294904,0.9453505,0.9608846,0.94517016,0.94791496,0.95453095,0.96033424,0.94348145,0.95123017,0.96239763,0.95148003,0.9363411,0.953244,0.9504952,0.9374228,0.93898827,0.96044147,0.71151876,0.9351307,0.95232254,0.94396186,0.9207591,0.91704553,0.9545231,0.9547452,0.9399771,0.9409738,0.9594858,0.9738508,0.9492523,0.9627121,0.9474776,0.96002334,0.98070776,0.9463114,0.9576937,0.9591667,0.96044147,0.938559,0.9563753,0.95697016,0.94928795,0.9586799,0.9580827,0.95640844,0.9441658,0.9511446,0.9451657,0.9583094,0.9602019,0.95659167,0.96283484,0.9651028,0.95874643,0.9472572,0.94606775,0.9613442,0.8348769,0.9551055,0.86541927,0.9317904,0.9471446,0.9582138,0.95858777,0.9577372,0.9582372,0.95781326,0.9476184,0.9514403,0.9267802,0.94572353,0.95712245,0.9608012,0.9371153,0.9409198,0.90424556,0.94233066,0.948805,0.95666784,0.91271776,0.945769,0.96541995,0.9463266,0.963765,0.96088433,0.96677774,0.9730198,0.94566596,0.955256,0.9633658,0.934047,0.9552415,0.9391451,0.9391204,0.95869446,0.9455551,0.9560325,0.95204973,0.95793164,0.9337049,0.9373575,0.9618179,0.9557792,0.94637984,0.94609773,0.9432971,0.9730198,0.9506047,0.96171004,0.9588586,0.9608576
annamovie,0.95494014,0.95254385,0.95725185,0.94107324,0.95604753,0.9477382,0.9626249,0.94650584,0.98101085,0.9465683,0.9589066,0.9528522,0.9492839,0.99999994,0.96989894,0.95801765,0.96128684,0.958305,0.9509214,0.958612,0.94980985,0.9621776,0.95909345,0.9656578,0.95755243,0.8734656,0.96026725,0.95717186,0.959706,0.94193053,0.9653397,0.95206624,0.9355054,0.94202375,0.9543089,0.91808474,0.96074975,0.9574773,0.94831383,0.9539656,0.95089966,0.96535516,0.9461784,0.9704379,0.9686995,0.96615565,0.95927685,0.9463807,0.946753,0.9709654,0.96231157,0.96257055,0.9539807,0.96263754,0.9649412,0.95365125,0.95689714,0.9617799,0.95141923,0.9596779,0.9510426,0.95832473,0.9623291,0.97391796,0.9532605,0.9558464,0.9465452,0.95270985,0.9422268,0.94606894,0.96371704,0.71751475,0.94935644,0.9608127,0.9363652,0.9325742,0.91105163,0.94961816,0.9521996,0.94146925,0.9518818,0.9596372,0.95990276,0.9518572,0.96913165,0.9684955,0.9628074,0.95084023,0.9705654,0.96789426,0.9634839,0.96371704,0.96195805,0.966742,0.9559892,0.9662123,0.961751,0.96096224,0.94868743,0.96570605,0.95473546,0.9546507,0.9545802,0.9531697,0.9691976,0.9670677,0.96545386,0.96035224,0.95149255,0.9519812,0.96200866,0.81298226,0.96101487,0.8908239,0.96097463,0.9624888,0.97228646,0.96034914,0.9622644,0.95924056,0.9596619,0.9606983,0.95712984,0.9348636,0.9674362,0.9587818,0.9571659,0.95312476,0.956134,0.93211657,0.950695,0.95147985,0.96274817,0.92246646,0.9622894,0.9472466,0.9578329,0.95733964,0.96614766,0.9614289,0.98101085,0.95316875,0.9585729,0.9629352,0.9317386,0.9398521,0.93855107,0.95084375,0.95943886,0.96328163,0.94692004,0.95672786,0.953958,0.9101324,0.9503994,0.95434225,0.944257,0.9622898,0.95187086,0.96191233,0.98101085,0.9459913,0.96389407,0.9641535,0.9534986
apollo11movie,0.9692818,0.9545288,0.9623304,0.94110495,0.962617,0.94277024,0.97328234,0.9520791,0.98405534,0.9551291,0.95572597,0.95469165,0.952704,0.96989894,1.0000004,0.95811296,0.9654852,0.9656767,0.9585145,0.97720826,0.95121634,0.9600338,0.96186316,0.96211517,0.96026826,0.8728987,0.9650567,0.96185744,0.96525145,0.94802296,0.96156055,0.9521175,0.934237,0.9559278,0.95401335,0.9121511,0.95112115,0.9709938,0.96150786,0.9622567,0.95502305,0.9676663,0.9522683,0.9639874,0.96475744,0.9620038,0.9644097,0.9496653,0.95414156,0.96424496,0.9644379,0.971545,0.9527309,0.95631933,0.96483636,0.9604036,0.95582193,0.96647644,0.9540654,0.964154,0.9619402,0.9641121,0.97040665,0.96437454,0.9597796,0.9526851,0.9535326,0.96058077,0.9383098,0.9438623,0.964145,0.70888376,0.9541035,0.9660276,0.9431659,0.9379634,0.9003751,0.956782,0.9560536,0.9379217,0.94382036,0.9649531,0.96350104,0.9549994,0.96074027,0.9503716,0.9651659,0.9552582,0.9662318,0.97069514,0.9666699,0.964145,0.96527094,0.964406,0.9577387,0.9693953,0.96416885,0.9724779,0.95504594,0.9516151,0.94484115,0.95626384,0.9488705,0.95763546,0.96660894,0.9661093,0.9704794,0.95431894,0.9652964,0.95481545,0.9722476,0.82222307,0.96202284,0.89071524,0.95893747,0.9685886,0.98030674,0.9508739,0.9653293,0.96759194,0.96153426,0.9599478,0.9704267,0.9431435,0.9657897,0.961754,0.9518278,0.9539685,0.95514286,0.92410576,0.95186955,0.9570815,0.9650785,0.9372626,0.965379,0.9532866,0.97929126,0.96866685,0.9654881,0.9655405,0.98405534,0.9572643,0.9550499,0.9564731,0.9413046,0.95864385,0.9593856,0.950142,0.95449996,0.9725163,0.9568354,0.96165276,0.9549263,0.92023396,0.9410137,0.95258224,0.9495791,0.9616741,0.9624693,0.96394986,0.98405534,0.9528422,0.96531117,0.9662054,0.95806366
arcticdogsmovie,0.9640136,0.96407366,0.9548478,0.95196676,0.9586702,0.9524567,0.96235085,0.95627654,0.97540325,0.95352405,0.9484521,0.95594597,0.94953877,0.95801765,0.95811296,0.99999994,0.95611906,0.961561,0.9547127,0.9328854,0.941156,0.9588327,0.9575145,0.95662934,0.9542098,0.8717754,0.95851046,0.9510242,0.961665,0.9464092,0.9522462,0.94816613,0.931771,0.95453024,0.9277099,0.9145199,0.9584551,0.952797,0.9484589,0.94677234,0.9533851,0.96697986,0.9420753,0.9645676,0.964614,0.9618243,0.9500197,0.9565156,0.93454176,0.9624902,0.96434987,0.9612529,0.93908167,0.95970684,0.9676224,0.95339453,0.95156854,0.95937914,0.94361275,0.9541036,0.9535961,0.9526952,0.95681846,0.957952,0.9518702,0.942745,0.9438016,0.9532245,0.94745743,0.9244229,0.9564345,0.7255931,0.94398135,0.9530354,0.9269792,0.94259405,0.90713984,0.9520758,0.9545526,0.94540596,0.9463531,0.9557441,0.94723815,0.9501601,0.9541742,0.95433694,0.95577097,0.9461221,0.9444881,0.95507663,0.9548476,0.9564345,0.9468624,0.950632,0.9702509,0.9531556,0.95667386,0.95078325,0.93575937,0.9535258,0.96138245,0.9591932,0.9594609,0.9654092,0.95924526,0.96910626,0.95948666,0.95880276,0.9634115,0.93520206,0.95581555,0.8217923,0.9582168,0.8879521,0.9442497,0.9577277,0.9637919,0.93842727,0.95863557,0.9610157,0.9442578,0.95185024,0.96400034,0.93322045,0.9571088,0.9517495,0.9555858,0.94549894,0.95806015,0.9190976,0.95454824,0.95864826,0.9614727,0.9305624,0.95246017,0.94865614,0.9533937,0.95237935,0.95840186,0.96433204,0.97540325,0.9489631,0.95136595,0.95238703,0.9258899,0.9591995,0.9574812,0.929115,0.94718665,0.95444137,0.95090234,0.9589334,0.9563213,0.9272753,0.9304822,0.9521522,0.9454818,0.9512306,0.958021,0.9593105,0.97540325,0.9511024,0.95806307,0.9483602,0.9598707
arcticmovie,0.9556326,0.9463884,0.950238,0.9489481,0.9513171,0.94542754,0.96496135,0.953933,0.976902,0.9515551,0.9517152,0.95302016,0.94822866,0.96128684,0.9654852,0.95611906,0.9999997,0.9529061,0.9525687,0.9488547,0.95178854,0.9446346,0.95682675,0.95998216,0.9484751,0.8728812,0.95550233,0.97551644,0.9474677,0.9452145,0.95095307,0.9553056,0.9473421,0.95338506,0.92254984,0.8897142,0.9549948,0.9520737,0.9588424,0.9570684,0.95584595,0.9615695,0.93828803,0.95396113,0.9543829,0.9540692,0.95750874,0.9563769,0.9589243,0.95556843,0.952775,0.9679347,0.9490723,0.9586875,0.9592619,0.94273376,0.95579296,0.9535666,0.9485231,0.956974,0.9540774,0.96403974,0.94944507,0.96501017,0.9573767,0.94296557,0.9338589,0.95364356,0.9393086,0.9391059,0.9603712,0.7233597,0.9360754,0.9677325,0.92881966,0.94386023,0.8974202,0.966403,0.9552045,0.9380045,0.9379758,0.9627803,0.9582584,0.93687016,0.9558934,0.94888747,0.9551531,0.9455157,0.9539706,0.9621292,0.95494545,0.9603712,0.9467631,0.95051503,0.95757425,0.9506014,0.9481887,0.96791106,0.9501414,0.9426037,0.9436154,0.9593113,0.9475032,0.9618507,0.968584,0.95449454,0.96138644,0.95714074,0.940757,0.9496138,0.9647294,0.8141158,0.95482665,0.88510066,0.9530106,0.9501546,0.9647761,0.9444251,0.9589379,0.9597597,0.95690787,0.9533999,0.96170473,0.94083184,0.95316666,0.94446737,0.9494359,0.94219536,0.9461731,0.9203304,0.9530564,0.93705255,0.9777796,0.9340256,0.95693564,0.94457,0.9587119,0.9655234,0.96438885,0.9614972,0.976902,0.94723713,0.9486941,0.9588424,0.93512505,0.959567,0.9500705,0.9329565,0.94805294,0.9547548,0.9518796,0.9576385,0.9633589,0.9198316,0.9502249,0.9481441,0.94376945,0.9563487,0.9542379,0.95738995,0.976902,0.94482595,0.96343327,0.9564325,0.94474924
artofracingmovie,0.9571083,0.948517,0.9570311,0.93205756,0.9713725,0.94788617,0.9645684,0.95761245,0.9760065,0.9519507,0.945149,0.9499213,0.95899796,0.958305,0.9656767,0.961561,0.9529061,1.0,0.95544577,0.94848293,0.934989,0.965614,0.9551396,0.9542136,0.9553673,0.85035586,0.9651977,0.94281954,0.9630681,0.9401478,0.9579462,0.9526874,0.9309429,0.94408536,0.93465775,0.9034245,0.9592646,0.9530874,0.95491314,0.94400483,0.94763625,0.96664804,0.955987,0.96692675,0.9607929,0.9554513,0.9555706,0.94889104,0.94607276,0.9665084,0.9607978,0.95791125,0.9458564,0.95576525,0.9573065,0.97099626,0.9551501,0.9568146,0.9442629,0.9560677,0.9498356,0.94931334,0.9622658,0.963616,0.9479555,0.9434446,0.9444695,0.9521786,0.93709904,0.9400787,0.9625585,0.7140668,0.94517154,0.95568484,0.9266068,0.92673844,0.8870322,0.951327,0.94842494,0.9430727,0.94890285,0.96048903,0.957386,0.94500756,0.9504143,0.9498243,0.9584206,0.9546516,0.94851726,0.96079886,0.96675676,0.9625585,0.94485414,0.94989574,0.9545656,0.9522842,0.9600291,0.9525476,0.94171935,0.948362,0.95087403,0.9493742,0.95308906,0.95349014,0.95410776,0.96861875,0.9628769,0.95783365,0.9647743,0.94695294,0.95938987,0.7961711,0.9685834,0.88670266,0.9498807,0.956171,0.95697325,0.9517083,0.956628,0.96449506,0.955238,0.9566541,0.9551839,0.93605334,0.94887567,0.9587706,0.95874137,0.950969,0.9502368,0.9234887,0.94224817,0.9585825,0.95386326,0.9188302,0.9652708,0.95245,0.9642185,0.94787467,0.96393937,0.97073424,0.9760065,0.9519206,0.9530935,0.95386964,0.9216873,0.95056003,0.9521987,0.9362595,0.95973504,0.94962794,0.95113915,0.95562845,0.9470694,0.9161975,0.9369911,0.96210736,0.94401187,0.96325254,0.9682647,0.96532285,0.9760065,0.9484973,0.9577429,0.95518947,0.95652777
avengers,0.9746808,0.9490781,0.95350844,0.95750165,0.9522776,0.9469048,0.9596086,0.94759446,0.97424006,0.96293426,0.9476094,0.9495655,0.95875084,0.9509214,0.9585145,0.9547127,0.9525687,0.95544577,1.0000001,0.9321127,0.954837,0.94524175,0.9516412,0.9508487,0.9360998,0.8503775,0.95457464,0.9450801,0.9587155,0.948827,0.9617481,0.94568163,0.9351587,0.94389594,0.9357947,0.9092292,0.9503074,0.95359683,0.9503919,0.95068926,0.950863,0.956117,0.92475533,0.94763416,0.9616928,0.9624158,0.9497986,0.9550017,0.94254154,0.94775933,0.9596423,0.9605423,0.9437704,0.9585943,0.95515484,0.9449485,0.9532222,0.95547634,0.9488285,0.9589262,0.9564766,0.9480996,0.956437,0.95572525,0.93932605,0.94076073,0.9404063,0.9434135,0.93876165,0.9511274,0.9671416,0.70590675,0.939261,0.94923645,0.9385235,0.9323459,0.9002406,0.95292807,0.9489249,0.93405116,0.94645476,0.94692445,0.9562361,0.94752043,0.95652,0.9466264,0.9629078,0.95957196,0.9567631,0.9540746,0.9549673,0.9671416,0.9390432,0.9544368,0.95620024,0.94796145,0.95664644,0.9574481,0.9466421,0.9333836,0.95919305,0.9442239,0.9551842,0.9680956,0.9615482,0.9623151,0.9568875,0.94794214,0.9422555,0.94305265,0.9622768,0.8278223,0.9556121,0.89219683,0.9465738,0.9586363,0.96392876,0.95064116,0.9612613,0.95886153,0.9553319,0.95331097,0.9550072,0.9337176,0.94105476,0.94905144,0.95834005,0.96149796,0.94851804,0.9202325,0.95260566,0.94387144,0.94903475,0.91908514,0.9556281,0.9538092,0.9581331,0.95420927,0.9684528,0.9598681,0.97424006,0.95090675,0.9614101,0.9508376,0.92691255,0.9589788,0.9529787,0.9439348,0.9462938,0.9428681,0.9487809,0.9492687,0.95487183,0.9127915,0.9386902,0.95931196,0.9435322,0.96368307,0.9574998,0.95945615,0.97424006,0.94579107,0.9605944,0.95630157,0.9539192
beachbummovie,0.9497612,0.94377947,0.9568735,0.91157895,0.94337493,0.9254155,0.96067697,0.93716216,0.9688541,0.9317195,0.9399585,0.94301623,0.93809783,0.958612,0.97720826,0.9328854,0.9488547,0.94848293,0.9321127,1.0000004,0.9406143,0.960094,0.9555005,0.95254153,0.9371194,0.8763864,0.9475789,0.94254,0.95740366,0.9374446,0.9500125,0.9405957,0.92989504,0.9434176,0.95116764,0.90248996,0.94079274,0.950176,0.9521985,0.9429906,0.9425787,0.95868176,0.94232714,0.9570287,0.94607544,0.9438966,0.9582562,0.9285718,0.948662,0.95957303,0.9566321,0.95310163,0.94136465,0.9376383,0.9470055,0.9431157,0.93534195,0.9432265,0.93908197,0.95190966,0.94342923,0.944621,0.9518028,0.9560177,0.94498557,0.9486712,0.9362349,0.94723463,0.929144,0.93248636,0.9490326,0.71077794,0.9343911,0.9535517,0.92017514,0.9191391,0.89197755,0.9487826,0.93796974,0.93999434,0.9326977,0.956665,0.9493435,0.94815445,0.9522573,0.9396994,0.9426881,0.94051325,0.9520461,0.9515214,0.9593569,0.9490326,0.95390224,0.95221126,0.9436841,0.9462869,0.94487876,0.96773773,0.9500534,0.9452572,0.92056704,0.93823457,0.9331074,0.9373045,0.95056766,0.9559376,0.9536592,0.9370051,0.9463188,0.9516191,0.9569815,0.82216996,0.9514757,0.8945339,0.942305,0.95531696,0.96409786,0.9428237,0.94341713,0.95752096,0.937672,0.9481723,0.9461576,0.9205774,0.9511781,0.95359236,0.9408961,0.94111836,0.9334383,0.9134404,0.9344957,0.9341654,0.95291847,0.91807437,0.946252,0.9421259,0.9575724,0.95402575,0.94925404,0.95260566,0.9688541,0.94353646,0.9398969,0.94025755,0.9299431,0.9292971,0.9347477,0.9495145,0.94732416,0.96032697,0.95200884,0.95544845,0.94017386,0.89908665,0.92508775,0.9445306,0.93976927,0.9505272,0.94509685,0.9487033,0.9688541,0.9442772,0.95259416,0.95658076,0.9509077
bernadettefilm,0.9572292,0.9384433,0.9471299,0.9392084,0.95166415,0.9441877,0.95645934,0.94359016,0.9686574,0.95726675,0.9642313,0.9422297,0.94113857,0.94980985,0.95121634,0.941156,0.95178854,0.934989,0.954837,0.9406143,1.0000004,0.9454158,0.946294,0.949492,0.9387074,0.86109656,0.945087,0.949095,0.9517913,0.9411307,0.9453768,0.95566696,0.9286338,0.9415327,0.9291591,0.9054466,0.93990964,0.9438947,0.94187963,0.9575385,0.94870543,0.95992833,0.9261817,0.94776726,0.96098334,0.95358366,0.94242084,0.9479903,0.94007194,0.9505102,0.9562393,0.95832527,0.92880374,0.9424726,0.94868153,0.9382978,0.93961465,0.9484745,0.94178385,0.94132924,0.9499582,0.9437678,0.94547117,0.95717245,0.9592482,0.94182336,0.9305315,0.94685495,0.9420076,0.93788797,0.94912046,0.723055,0.94337875,0.95052445,0.9294437,0.93816316,0.91173214,0.9496711,0.9486454,0.93396354,0.94714475,0.9485233,0.9535199,0.9471898,0.9498163,0.9413644,0.9470128,0.93386286,0.9441529,0.9509587,0.9472674,0.94912046,0.954138,0.94554293,0.9440877,0.9429937,0.9531286,0.96198624,0.9520401,0.9198667,0.9448261,0.9450157,0.9437611,0.9531813,0.9493643,0.95289534,0.9526839,0.9448624,0.9332353,0.9422225,0.95639426,0.83294517,0.95569634,0.89379025,0.9573894,0.9569602,0.9620553,0.9333948,0.96191597,0.9533834,0.93949276,0.94689345,0.94835013,0.93178016,0.94799656,0.9406974,0.9532799,0.949761,0.94085,0.9294245,0.9672018,0.9256892,0.95329726,0.9160984,0.955312,0.94739074,0.95384544,0.95233476,0.955221,0.9572351,0.9686574,0.9472089,0.9558509,0.9435732,0.9235466,0.94200057,0.9365394,0.93866545,0.9471772,0.95145994,0.950594,0.9642921,0.94616187,0.9026251,0.9296321,0.93258965,0.9375405,0.9579666,0.9473879,0.9519128,0.9686574,0.94373554,0.9599117,0.95175964,0.9422917
