movie,21bridgesmovie,47metersdown,abeautifuldaymovie,abominablemovie,adastramovie,adogsjourneymovie,aftermathmovie,aftermovie,ahiddenlifefilm,alitamovie,angelhasfallen,angrybirdsmovie,annabellemovie,annamovie,apollo11movie,arcticdogsmovie,arcticmovie,artofracingmovie,avengers,beachbummovie,bernadettefilm,blackandbluemovie,blackchristmas,blindedbythelightmovie,bombshellmovie,booksmart,breakthroughmovie,brianbanksmovie,brightburnmovie,brittanyrunsmov,captainmarvelofficial,captivestatemovie,catsmovie,charliesangels,childsplaymovie,clarathefilm,coldpursuitmovie,countdown,currentwarmovie,darkwatersmovie,detectivepikachumovie,disneyaladdin,disneyfrozen,disneymaleficent,doctorsleepmovie,dolemiteismyname,dontletgomovie,doramovie,downtonabbey_official,dumbo,escaperoom,everybodyknowsmovie,fastandfuriousmovie,fightingwmyfam,fivefeetapartfilm,fordvferrari,freaksthefilm,geminimanmovie,glassmovie,gloriabellmovie,godzillamovie,goldfinchmovie,goodboysmovie,goodliarmovie,gretafilm,halathemovie,happydeathdaymovie,harrietfilm,hellboymovie,hersmellmovie,highlifemovie,highstrungmovie,honeyboymovie,hotelmumbaifilm,httydragon,hustlemovie,hustlersmovie,isntitromantic,itmovieofficial,jayandsilentbob,johnwickmovie,jojorabbitmovie,jokermovie,judythefilm,jumanjimovie,justmercyfilm,knivesout,lalloronamovie,lastblackmansf,lastchristmasthemovie,latenightmovie,lighthousemovie,lionking,littlethemovie,littlewomenmovie,littlewoodsfilm,longshotmovie,lordsofchaosmovie,lucyintheskyfilm,mamovie2019,marriagestory,meettheaddams,meninblack,midsommarmovie,midwaymovie,missbalamovie,missinglinkfilm,motherlessbklyn,onceinhollywood,onthebasisofsex,overcomermovie,peanutbutterfalcon,petsematarymovie,piercingmovie,playingwithfire,playmobilthemovie,pomsmovie,queenandslim,rambomovie,readyornotfilm,richardjewellfilm,rocketmanmovie,scarystoriesmovie,secretlifeofpets,serenityfilm,shaftmovie,shazammovie,spidermanmovie,spiesindisguise,starwars,stormboymovie,stubermovie,taosdfilm,teenspiritmov,terminator,theaeronautsmov,thebestofenemies,thedeaddontdie,thefarewell,thehighwaymen,thehummingbirdprojectfilm,theintrudermovie,theirishmanfilm,thekitchenmovie,thelegomovie,themustangfilm,thenightingalefilm,theprodigymovie,thesunisalsoastar,theupsidefilm,tolkienmovie,toystory,triplefrontier,uglydolls,uncutgems,underthesilverlake,usmovie,wavesmovie,whatmenwant,wonderparkmovie,wrinklestheclown,xmenmovies,yardiefilm,yesterdaymovie,zombieland
21bridgesmovie,0.9999999,0.958261,0.9621806,0.96994317,0.97026116,0.9680059,0.97824544,0.96480936,0.98720145,0.9733538,0.97342956,0.96428555,0.97630066,0.9759123,0.96421117,0.96936303,0.96991,0.9678165,0.97896504,0.9578256,0.9669889,0.9620398,0.9643788,0.97466964,0.96815455,0.8571006,0.96042717,0.96609664,0.96670145,0.970179,0.964302,0.97295034,0.9657602,0.9735109,0.96145827,0.9508531,0.9781063,0.98244417,0.9800031,0.9622631,0.97701275,0.9702416,0.9675634,0.975222,0.9762911,0.9666424,0.96128386,0.9595609,0.96637565,0.9733207,0.961066,0.9708677,0.9698649,0.96008766,0.96714985,0.96871626,0.9704381,0.96914536,0.96744466,0.97836256,0.9728243,0.9681799,0.9699262,0.9755636,0.95440555,0.97702396,0.9676879,0.96047336,0.95919317,0.96008027,0.9755055,0.8127083,0.9676455,0.9639396,0.96679646,0.96399254,0.9545277,0.95616984,0.9675012,0.9566335,0.9723894,0.97226393,0.98026544,0.9517729,0.9673821,0.96344125,0.964027,0.9713646,0.97304875,0.9815769,0.9743634,0.9755055,0.96717906,0.9629773,0.9645635,0.9578385,0.96778196,0.97587234,0.9794805,0.9713207,0.9678595,0.9736473,0.96249485,0.9684161,0.9562927,0.9590738,0.9735776,0.97370213,0.96592635,0.95568454,0.9609858,0.8654756,0.97173357,0.9481751,0.9663123,0.97165114,0.9923543,0.97316974,0.975874,0.9713229,0.97594285,0.9684499,0.9815083,0.97001,0.968608,0.96664745,0.9731118,0.9463327,0.9764932,0.9549606,0.9662481,0.9705626,0.97130233,0.9548238,0.9608141,0.9742366,0.9805106,0.97351277,0.97739,0.9698332,0.98720145,0.9722803,0.9636871,0.9729622,0.964123,0.95900637,0.9621408,0.964317,0.9748323,0.96975935,0.97566825,0.97830486,0.97345674,0.9603428,0.9690627,0.96816534,0.9573759,0.97847384,0.96980697,0.9636099,0.98720145,0.9630423,0.9667207,0.9670823,0.96724224
47metersdown,0.958261,0.9999999,0.9326569,0.94046205,0.9464223,0.9644906,0.9639152,0.93865013,0.96877277,0.95767164,0.9575318,0.9253492,0.9535762,0.9600178,0.95541346,0.97347146,0.94725585,0.9495858,0.9494221,0.9467406,0.95027006,0.9437647,0.9490642,0.9595644,0.94370025,0.8862638,0.9491312,0.93911695,0.94155174,0.952002,0.94371575,0.9513106,0.95724356,0.9354847,0.94262457,0.93241686,0.95391166,0.9525729,0.9545959,0.935391,0.94304186,0.9540879,0.9396961,0.9597223,0.9532016,0.9454623,0.95320666,0.9326041,0.95303386,0.95834434,0.9321415,0.9583333,0.95439017,0.9515651,0.93011814,0.94648725,0.9478767,0.9493115,0.9481711,0.95302546,0.95441484,0.9367182,0.95721054,0.9612763,0.9384775,0.9542082,0.9482918,0.94582105,0.94739884,0.9506352,0.9506516,0.82398266,0.95456684,0.94705415,0.944052,0.9463213,0.92740065,0.9280626,0.942549,0.94731945,0.95076394,0.9534496,0.9545065,0.9162217,0.9375755,0.9453259,0.94326645,0.9533965,0.94129413,0.9596073,0.9454679,0.9506516,0.9449783,0.94340456,0.9365808,0.9541988,0.948882,0.96513927,0.96003747,0.9687814,0.94335425,0.95543844,0.9487287,0.9494546,0.962139,0.92862517,0.95278794,0.95447993,0.9297193,0.9406613,0.954087,0.86257464,0.9517294,0.92223907,0.9502999,0.9419178,0.95126265,0.94038796,0.94331175,0.95824045,0.95033705,0.9494673,0.9538817,0.95515454,0.9428758,0.9578344,0.95262975,0.9348392,0.9532703,0.93984395,0.93844396,0.9554572,0.9393166,0.92739654,0.93607926,0.9555089,0.9589219,0.961727,0.94244635,0.95364714,0.96877277,0.957123,0.9397266,0.9502211,0.9409957,0.9590549,0.9461039,0.9348781,0.9546757,0.93477356,0.9534003,0.94917506,0.9613101,0.9452775,0.95329386,0.9438876,0.93840206,0.94657034,0.9516242,0.94295657,0.96877277,0.9442285,0.9573077,0.95675194,0.94920146
abeautifuldaymovie,0.9621806,0.9326569,1.0,0.952634,0.9550636,0.9485742,0.96713895,0.9436517,0.9743666,0.94905645,0.9587076,0.96962136,0.95743674,0.95244366,0.9627892,0.95589495,0.9586189,0.9629855,0.96430403,0.95498526,0.96000504,0.9633592,0.9661283,0.9652035,0.9643969,0.83877045,0.93955636,0.94730234,0.97482556,0.960427,0.962115,0.95162094,0.9421374,0.96955925,0.94196576,0.938198,0.96563023,0.95683706,0.9722954,0.9450899,0.94427174,0.9543645,0.9519421,0.9616198,0.968884,0.94366354,0.95806575,0.9561736,0.953207,0.95442224,0.97537833,0.95859486,0.94359434,0.9580815,0.9440036,0.9471856,0.9575226,0.9615485,0.9486051,0.9578623,0.9480044,0.9509301,0.95986503,0.9473788,0.931235,0.9707445,0.9588423,0.9509862,0.94876075,0.95068324,0.96223146,0.7621863,0.94302684,0.95606065,0.95103365,0.93716615,0.92574716,0.9291956,0.9473903,0.94287074,0.95542437,0.9586432,0.95706874,0.9432933,0.9655394,0.95462304,0.9610411,0.9614915,0.95466375,0.9684704,0.9577478,0.96223146,0.95554143,0.96431696,0.9797336,0.95541644,0.948421,0.9644677,0.96133345,0.9484678,0.94766766,0.95397913,0.9616574,0.95518243,0.9428355,0.9744047,0.9578247,0.95148045,0.96571636,0.9425176,0.9362032,0.8437711,0.9587803,0.9161299,0.9498292,0.9509623,0.96206135,0.96062106,0.966598,0.96523875,0.9466352,0.9589061,0.96265805,0.95506424,0.95339775,0.9522018,0.95055395,0.97146106,0.9577302,0.9520911,0.9483282,0.9427013,0.9464976,0.9237098,0.9475483,0.95974743,0.95274246,0.9548791,0.95941913,0.95877266,0.9743666,0.96252865,0.94790834,0.95898414,0.9479954,0.94982505,0.9349127,0.95281184,0.95629084,0.9440389,0.95783687,0.96981585,0.95064753,0.9315158,0.95352083,0.954914,0.9543016,0.9600915,0.95445025,0.94909555,0.9743666,0.9429905,0.9607096,0.9597853,0.97407395
abominablemovie,0.96994317,0.94046205,0.952634,1.0000001,0.96567595,0.95776635,0.9672233,0.9711062,0.97730833,0.96200913,0.97164273,0.960448,0.973308,0.9701788,0.9626909,0.95421106,0.9517632,0.9674324,0.96669793,0.956516,0.95955783,0.9539652,0.94961363,0.9506366,0.9604452,0.8453954,0.9564166,0.9515129,0.9553691,0.9644927,0.9600976,0.966443,0.952396,0.9648949,0.95896035,0.96344054,0.9636944,0.9639289,0.9608339,0.95529544,0.9644248,0.9543406,0.9557796,0.96693385,0.9687838,0.9657495,0.9441586,0.9486136,0.95389235,0.9615253,0.9583421,0.9623536,0.9509146,0.9551956,0.96800715,0.9681005,0.96474385,0.9634236,0.97514445,0.9636905,0.95611656,0.9727461,0.9591612,0.9726376,0.95528865,0.96528405,0.9568192,0.9616424,0.9573223,0.9511544,0.9601563,0.8343692,0.9536583,0.9413654,0.9685463,0.9569514,0.92102814,0.9619578,0.9664007,0.95589745,0.9638548,0.9755085,0.9697364,0.9528482,0.9679709,0.94775534,0.96342945,0.96742624,0.9622457,0.9658036,0.9683759,0.9601563,0.95573354,0.9501922,0.96280164,0.9587511,0.95279086,0.9619739,0.9692369,0.9587409,0.96137154,0.96596223,0.9518411,0.9579129,0.956038,0.95658225,0.9723677,0.96309775,0.9518389,0.9406643,0.95686954,0.88642025,0.9657174,0.94917184,0.95449066,0.9663373,0.96346176,0.96160245,0.9622769,0.9703594,0.9656579,0.94933736,0.967466,0.955993,0.9633741,0.9655705,0.96795124,0.94604164,0.9684539,0.9534569,0.9569289,0.95435745,0.9570101,0.95081675,0.9604547,0.9638849,0.95539767,0.9675651,0.95650685,0.9637904,0.97730833,0.95263356,0.9591005,0.967581,0.9609049,0.9472725,0.9512157,0.96767735,0.9650281,0.9586016,0.96373504,0.96275866,0.96101815,0.92751354,0.95024586,0.9579115,0.94776285,0.96883196,0.96826285,0.9649656,0.97730833,0.9637047,0.96035904,0.95553756,0.9672755
adastramovie,0.97026116,0.9464223,0.9550636,0.96567595,1.0000001,0.9686939,0.9748365,0.9708501,0.9858605,0.9749704,0.9640161,0.96891814,0.9617898,0.9652196,0.9659339,0.95521253,0.9634929,0.9806424,0.9740193,0.9569652,0.96986324,0.96375096,0.9648482,0.9633191,0.97046447,0.84744775,0.9737469,0.9596072,0.9605748,0.9682362,0.9701478,0.970144,0.9553091,0.96510094,0.9577986,0.9606326,0.975529,0.95957744,0.96642894,0.96123594,0.9641292,0.966457,0.9683346,0.9716379,0.96886605,0.96772414,0.9589369,0.96658754,0.9540269,0.96836627,0.96081436,0.96508414,0.9643405,0.9705005,0.95839274,0.9815595,0.96979,0.9741524,0.9741841,0.9683592,0.9609212,0.9610445,0.9632314,0.9668813,0.9653261,0.96822506,0.9580603,0.9584355,0.970737,0.9501389,0.9686792,0.7711725,0.9617377,0.9498496,0.9745063,0.9656432,0.94020396,0.9665503,0.9587698,0.9571238,0.96597433,0.9706347,0.9790795,0.9623009,0.9636069,0.96223,0.9563126,0.9715519,0.9659192,0.9717422,0.96984655,0.9686792,0.9676366,0.9664786,0.9636468,0.9574141,0.96743536,0.9706002,0.9647438,0.9621412,0.9691248,0.97080225,0.9634063,0.96660745,0.95554966,0.9648192,0.97669786,0.968149,0.94969296,0.9579017,0.96896255,0.8808285,0.9699368,0.9591113,0.9727807,0.96516794,0.9643116,0.9694017,0.97201514,0.973102,0.966239,0.97023636,0.96010464,0.9668525,0.9679243,0.9729112,0.9674802,0.9505489,0.9785391,0.9549676,0.96276736,0.97283846,0.9684746,0.9538429,0.9646343,0.968146,0.97358793,0.9679778,0.97121656,0.9619878,0.9858605,0.9638666,0.9660554,0.97083825,0.9647812,0.954315,0.9612929,0.96020526,0.96688515,0.95015526,0.9729518,0.9724716,0.96440583,0.9284721,0.9673439,0.95648223,0.95766336,0.97150284,0.9669833,0.97185767,0.9858605,0.9753164,0.9574666,0.9686198,0.95959806
adogsjourneymovie,0.9680059,0.9644906,0.9485742,0.95776635,0.9686939,1.0,0.9687109,0.9663016,0.982701,0.9679269,0.9680653,0.9612015,0.9617317,0.9651101,0.9684888,0.9573355,0.96993685,0.95700705,0.9671507,0.9655749,0.9750898,0.9677817,0.97096235,0.9732718,0.9583252,0.8696684,0.9707254,0.9674333,0.9651454,0.96989346,0.96158123,0.96054214,0.9750151,0.9667557,0.94518405,0.9419088,0.9706732,0.95768565,0.9652576,0.9558739,0.9556788,0.9691631,0.9589482,0.97348946,0.96540546,0.96397084,0.9692453,0.96154976,0.9550658,0.96689695,0.96354294,0.9715706,0.9689457,0.9751214,0.9584696,0.9662831,0.9646207,0.9731268,0.9704109,0.9658804,0.9613171,0.9551494,0.97167325,0.9679613,0.95639247,0.9655732,0.9597811,0.9662762,0.9571891,0.9589295,0.9656182,0.8029402,0.9664158,0.9560445,0.9670467,0.9635165,0.9365226,0.9509999,0.96695584,0.96652585,0.9541041,0.9615019,0.96706396,0.9530578,0.96327466,0.95045745,0.95627296,0.9689204,0.96142626,0.97293216,0.96907496,0.9656182,0.9699922,0.9657368,0.9627507,0.96395195,0.9648746,0.97223896,0.9615948,0.96272874,0.95975614,0.9688619,0.9748493,0.9677214,0.96153504,0.9667602,0.9719309,0.9615063,0.94753456,0.9560357,0.96809995,0.8578493,0.9690096,0.9361995,0.97175056,0.949585,0.962686,0.96163577,0.9583319,0.96717405,0.96745265,0.9635376,0.9673461,0.97932875,0.9642101,0.96811956,0.9713325,0.95183456,0.97239685,0.95105743,0.96509266,0.9665223,0.9724515,0.95669043,0.9566171,0.97103983,0.96666557,0.96342415,0.9605946,0.96229726,0.982701,0.97289413,0.95292693,0.9652434,0.9573421,0.9649342,0.96260786,0.9506452,0.9625859,0.94672894,0.9628779,0.96161366,0.96989655,0.9429657,0.9678889,0.9539689,0.9673775,0.96823144,0.970889,0.9588014,0.982701,0.9592591,0.97394234,0.9747769,0.96680605
aftermathmovie,0.97824544,0.9639152,0.96713895,0.9672233,0.9748365,0.9687109,1.0,0.9660706,0.98919916,0.97404724,0.9743425,0.96214026,0.9705002,0.9771716,0.97827375,0.97130907,0.9691868,0.9741122,0.97490495,0.9637068,0.97513473,0.96094793,0.9725186,0.9702759,0.96542215,0.8632251,0.96478593,0.9665817,0.96453255,0.9669771,0.9744511,0.97227454,0.9672425,0.96608704,0.9561361,0.94302285,0.9752118,0.96585786,0.9738126,0.9602647,0.97107697,0.9613726,0.9635994,0.9716851,0.9775432,0.96717906,0.9693511,0.96403736,0.9622337,0.96679837,0.9577788,0.9713814,0.9740471,0.97004277,0.95792663,0.96761996,0.9649336,0.97051483,0.9721158,0.9760436,0.9681385,0.9692637,0.9760829,0.9733658,0.9593805,0.97636247,0.9692362,0.9716351,0.9623997,0.9618537,0.9734455,0.7842608,0.96555614,0.9741649,0.9681655,0.9568274,0.9313058,0.9601702,0.97235423,0.9635921,0.9725433,0.98417705,0.9759055,0.9561125,0.96491784,0.9683395,0.96446276,0.9744389,0.9669872,0.9797489,0.96813923,0.9734455,0.96657616,0.9692774,0.962908,0.96368176,0.9669834,0.9752116,0.9847996,0.97246194,0.9692286,0.97182065,0.96062756,0.96738994,0.9679595,0.9573135,0.9740665,0.97507715,0.95218617,0.95676583,0.9675851,0.8633053,0.9715686,0.93086034,0.972089,0.96379685,0.9733847,0.9659782,0.9858715,0.99196106,0.9709901,0.9707713,0.9697582,0.9747765,0.9721672,0.97228575,0.96957844,0.9545526,0.9710345,0.9532122,0.9674317,0.96388745,0.9595657,0.9512968,0.96329886,0.9694916,0.9741153,0.97707283,0.970266,0.97295,0.98919916,0.9687811,0.9677822,0.97423285,0.9664286,0.95926774,0.96325713,0.96181226,0.97552973,0.96404964,0.98880386,0.971788,0.9711529,0.9522728,0.96426606,0.96455276,0.96586674,0.98056084,0.96955,0.97394806,0.98919916,0.9665216,0.96849257,0.9763399,0.9656463
aftermovie,0.96480936,0.93865013,0.9436517,0.9711062,0.9708501,0.9663016,0.9660706,0.9999999,0.9806901,0.9656005,0.9665016,0.96714854,0.9602227,0.9738746,0.9705984,0.9559953,0.95876306,0.96423125,0.9615681,0.9632855,0.9614792,0.9588628,0.9646166,0.9608848,0.9540731,0.81945455,0.9641693,0.9607654,0.95831305,0.9646961,0.95766455,0.96806914,0.96278125,0.95937127,0.9590768,0.9545728,0.9652176,0.9522519,0.9623375,0.9571413,0.9649609,0.9501023,0.9577387,0.9664527,0.96975505,0.9762088,0.9603001,0.9679875,0.9545493,0.9633008,0.96333,0.96660835,0.96545917,0.9635421,0.9729634,0.96897364,0.9618341,0.96915674,0.9720671,0.9642343,0.95620525,0.96871084,0.9609074,0.9689369,0.96313184,0.9609594,0.96043575,0.9644022,0.9511528,0.9585465,0.96707624,0.7849634,0.95059085,0.94299763,0.9625824,0.95691764,0.91393936,0.9727671,0.9691018,0.9651749,0.9551947,0.9709946,0.9684083,0.9605791,0.9655834,0.9476409,0.96634203,0.97382045,0.97073984,0.9686832,0.9661694,0.96707624,0.9521807,0.9590437,0.96059775,0.95964694,0.9514739,0.97318465,0.9640344,0.95815223,0.97273517,0.9628842,0.9534104,0.96708006,0.954892,0.9633142,0.9789375,0.9599671,0.95553017,0.94974214,0.97320974,0.8631995,0.9666988,0.9540644,0.9634278,0.96227103,0.9599755,0.9641344,0.9635496,0.97093064,0.9553416,0.9593668,0.96682155,0.9587649,0.96280015,0.9661237,0.9698172,0.9369226,0.96336126,0.93666303,0.947424,0.9577841,0.9625455,0.95065063,0.96067184,0.96889067,0.9603745,0.9636006,0.96713793,0.96934056,0.9806901,0.95928764,0.9676278,0.968501,0.9631195,0.95437735,0.96921414,0.96633744,0.9626099,0.95092237,0.9654631,0.9578669,0.9664818,0.9220985,0.96211725,0.96128416,0.9589815,0.96841705,0.97446716,0.9649569,0.9806901,0.9595799,0.953492,0.96820736,0.9644235
ahiddenlifefilm,0.98720145,0.96877277,0.9743666,0.97730833,0.9858605,0.982701,0.98919916,0.9806901,1.0000001,0.98197836,0.9844483,0.97930807,0.98195565,0.9822133,0.98432875,0.97874004,0.9809656,0.9822035,0.9831143,0.97542405,0.9823851,0.9762347,0.9828732,0.98396146,0.9816366,0.86843723,0.9780089,0.97637206,0.97897905,0.98278964,0.98005563,0.9813251,0.9790305,0.98108524,0.97320586,0.9627046,0.9869936,0.9776058,0.9842668,0.97328085,0.9785978,0.9773764,0.9763452,0.98433733,0.98785764,0.9803961,0.97838575,0.97727484,0.97425437,0.98202556,0.9776527,0.98548764,0.9792499,0.98310214,0.97688234,0.982454,0.9794067,0.98466164,0.9849363,0.9831204,0.976657,0.9772581,0.98515815,0.9829025,0.97242737,0.9827255,0.97798085,0.9757858,0.9758147,0.97181344,0.9842763,0.79322815,0.97583646,0.9739376,0.9802057,0.97405213,0.95039696,0.97234064,0.9796295,0.9740047,0.97862744,0.98493683,0.9874404,0.96959144,0.9764076,0.9746102,0.9775967,0.98626775,0.9792735,0.9884701,0.98388654,0.9842763,0.9798916,0.9764354,0.97879624,0.97722167,0.98033,0.9879523,0.9840801,0.97925144,0.98005664,0.98271024,0.9759438,0.98150647,0.97404695,0.9779684,0.98530555,0.9835758,0.96978205,0.97121763,0.97818184,0.8774961,0.9819757,0.95643824,0.9812697,0.97741896,0.9832984,0.97965455,0.9827244,0.9868205,0.98011494,0.9798605,0.9853228,0.979082,0.98258626,0.9797622,0.9831747,0.968127,0.9830737,0.9653879,0.97293305,0.9759619,0.97851497,0.96337,0.97225714,0.9848535,0.983658,0.9837409,0.9821706,0.9832918,1.0000001,0.9822039,0.9772735,0.98609143,0.9783928,0.9746337,0.97325003,0.97725415,0.9844785,0.9689456,0.9828956,0.98147875,0.98241454,0.9553034,0.9782559,0.97566104,0.9751969,0.9870487,0.9829482,0.97788066,1.0000001,0.9751786,0.9803854,0.9848372,0.98269594
alitamovie,0.9733538,0.95767164,0.94905645,0.96200913,0.9749704,0.9679269,0.97404724,0.9656005,0.98197836,1.0000001,0.9650336,0.95747674,0.9608273,0.9625073,0.9618649,0.95623994,0.96079654,0.9634338,0.96385205,0.9493685,0.9687281,0.95417786,0.960221,0.9672144,0.9672638,0.8585624,0.95863163,0.9568289,0.9549795,0.96060306,0.96375877,0.9683587,0.9575631,0.966202,0.95395714,0.94552547,0.97131264,0.9656346,0.9712101,0.95401347,0.96458685,0.96275806,0.9529983,0.9620154,0.9629477,0.9629674,0.9572745,0.9658404,0.95995396,0.9650912,0.95441633,0.9692865,0.96357596,0.9604585,0.95139956,0.9709804,0.9562278,0.96581846,0.9737876,0.96453786,0.95735186,0.9614635,0.961558,0.9668467,0.95716727,0.9604485,0.96905494,0.95836747,0.95681036,0.9462946,0.96382797,0.7816672,0.96087444,0.9598741,0.9695624,0.95985,0.93904674,0.9670565,0.9683531,0.95606434,0.9637905,0.96722454,0.9744101,0.9497688,0.9514761,0.9567588,0.9521201,0.9655941,0.9641928,0.9714577,0.9659095,0.96382797,0.96053815,0.9598863,0.9521848,0.9513907,0.9594979,0.9684466,0.96991646,0.9619921,0.9646992,0.9698852,0.9574053,0.95666987,0.9657263,0.9545472,0.97221035,0.9685552,0.9490168,0.95779777,0.9629234,0.8808197,0.9647935,0.9445102,0.96718234,0.9605751,0.9667108,0.9621273,0.96793,0.96866214,0.9675093,0.9712082,0.9654066,0.96746504,0.9581388,0.972682,0.9671513,0.9484442,0.96781373,0.95602506,0.9577793,0.96600753,0.958239,0.9434904,0.9615639,0.96378887,0.97069174,0.9687349,0.9635087,0.9648958,0.98197836,0.96282774,0.9649088,0.965864,0.96013844,0.95872825,0.9580323,0.95291847,0.9651276,0.954101,0.9709299,0.9668839,0.960198,0.93689424,0.9602967,0.9455906,0.95604503,0.9630725,0.97041386,0.96679676,0.98197836,0.9660446,0.95273906,0.9649685,0.95801634
angelhasfallen,0.97342956,0.9575318,0.9587076,0.97164273,0.9640161,0.9680653,0.9743425,0.9665016,0.9844483,0.9650336,0.99999994,0.96855783,0.971657,0.97562957,0.9768754,0.9622266,0.96016675,0.96614474,0.96943325,0.9590702,0.9693763,0.9565774,0.9653423,0.9634351,0.9693619,0.8458102,0.9630008,0.9589092,0.96077996,0.9703151,0.9641167,0.972548,0.96198344,0.96090055,0.9570497,0.951053,0.9711918,0.96085364,0.97281665,0.9580028,0.967781,0.954186,0.9585263,0.97133076,0.97503525,0.9652848,0.9599018,0.96152985,0.9663262,0.9649406,0.96158993,0.9733791,0.96555007,0.96038574,0.96439475,0.96559924,0.96421444,0.9665423,0.97947747,0.97738004,0.9594594,0.97576493,0.9717964,0.97279024,0.95803314,0.9718848,0.96907526,0.96668386,0.9651987,0.9613562,0.98043317,0.82369995,0.9639713,0.95839775,0.9639133,0.95725816,0.93451965,0.9600776,0.9706916,0.9589038,0.98234385,0.96966654,0.96787786,0.9511764,0.9661783,0.9577275,0.96862966,0.97102994,0.9710407,0.97092986,0.9756769,0.98043317,0.9629761,0.96160865,0.9653788,0.9759741,0.9716357,0.9716678,0.967143,0.96340936,0.9653665,0.9720092,0.95611846,0.9748196,0.95868516,0.9582921,0.97179866,0.96646446,0.9548227,0.95850873,0.9650848,0.8559609,0.9672482,0.9407153,0.9575265,0.97325367,0.9703306,0.95995,0.9740528,0.97429055,0.96422046,0.9595138,0.97379076,0.96045345,0.96509665,0.9718907,0.97107434,0.9457115,0.96736974,0.95211965,0.96089274,0.96078223,0.9619883,0.95358706,0.96497107,0.97381717,0.9636138,0.97110397,0.97549725,0.9672777,0.9844483,0.9685209,0.9597432,0.97170955,0.9690325,0.96128875,0.96108264,0.9635725,0.9728026,0.96026367,0.9708417,0.9720663,0.96496093,0.952729,0.96351826,0.977889,0.9514417,0.97448385,0.9763641,0.965077,0.9844483,0.9629852,0.9684463,0.9729056,0.9673605
angrybirdsmovie,0.96428555,0.9253492,0.96962136,0.960448,0.96891814,0.9612015,0.96214026,0.96714854,0.97930807,0.95747674,0.96855783,1.0000002,0.95848566,0.95897025,0.96345425,0.952121,0.95621234,0.9669288,0.96679944,0.961611,0.96673554,0.9690213,0.970201,0.96192855,0.9611785,0.8278052,0.9558268,0.95476484,0.9690525,0.97052574,0.9624223,0.9550585,0.9579122,0.9690522,0.94994444,0.9476943,0.96644497,0.9596954,0.9657286,0.95429075,0.95813966,0.9524106,0.95914495,0.96116275,0.96628314,0.95896184,0.95921946,0.9697707,0.94574934,0.9529173,0.9808723,0.96414787,0.95413256,0.968492,0.96270823,0.95774597,0.9543484,0.96419185,0.9664899,0.9637144,0.9478485,0.956402,0.9653363,0.958262,0.9488619,0.9691817,0.95611084,0.9572565,0.95888966,0.9415555,0.96785563,0.77926695,0.9476792,0.94946593,0.96142733,0.95027655,0.9294727,0.95205873,0.9593357,0.9502554,0.9636723,0.95831835,0.9619016,0.9583061,0.97269535,0.9489541,0.9686626,0.96856946,0.96684486,0.97134626,0.9682964,0.96785563,0.9544738,0.95596766,0.9783282,0.9574496,0.9580201,0.97191423,0.955328,0.9520646,0.95227903,0.9654555,0.9594303,0.9677466,0.94737935,0.98177207,0.9729492,0.95776105,0.9620374,0.95007735,0.95178217,0.8520144,0.9556373,0.95180476,0.95331156,0.9621744,0.96014637,0.963907,0.96874464,0.96147376,0.9587836,0.94879675,0.9639796,0.95594794,0.96132404,0.9583387,0.954926,0.95319676,0.96248704,0.9524258,0.9567783,0.9430021,0.95960844,0.94080484,0.95341766,0.96558356,0.9548469,0.9568273,0.9751701,0.95997834,0.97930807,0.9646987,0.95001376,0.96485066,0.95299804,0.94816625,0.95490736,0.9649791,0.9659107,0.93575025,0.9558848,0.9659653,0.9575457,0.9258265,0.95973396,0.9637876,0.9556116,0.9672048,0.9594393,0.9583317,0.97930807,0.9546865,0.96499884,0.9665054,0.9769492
annabellemovie,0.97630066,0.9535762,0.95743674,0.973308,0.9617898,0.9617317,0.9705002,0.9602227,0.98195565,0.9608273,0.971657,0.95848566,0.9999999,0.9698705,0.9566034,0.97081625,0.9644596,0.966843,0.9721009,0.96009314,0.96522415,0.95597184,0.96025586,0.96742356,0.9643969,0.86595523,0.94912493,0.95897317,0.9620773,0.96649736,0.96871775,0.97242874,0.9585436,0.9686681,0.9653912,0.94855285,0.9603082,0.9763256,0.9741634,0.9706035,0.9683619,0.9689136,0.95844144,0.9698414,0.97193485,0.9665697,0.95672107,0.9548007,0.97103864,0.9685499,0.9564256,0.97917145,0.9611431,0.9612306,0.96834904,0.97005445,0.95905155,0.9681434,0.96948284,0.9731215,0.97523814,0.95919496,0.9734161,0.97951686,0.9580649,0.9684885,0.95823437,0.96950835,0.96457076,0.96072394,0.96802175,0.8132947,0.9573717,0.96094227,0.96222985,0.95637834,0.94289255,0.95102316,0.9610286,0.96114606,0.9654941,0.97321075,0.9787307,0.9532559,0.9720022,0.9508273,0.97117853,0.9763014,0.96385527,0.96705765,0.96077263,0.96802175,0.9663671,0.9572323,0.9582413,0.96173495,0.96941644,0.97438943,0.97946024,0.96823543,0.9559304,0.96393687,0.95458406,0.9670661,0.9505024,0.9561705,0.9640337,0.974729,0.9580391,0.9610844,0.9497563,0.84986097,0.961242,0.94304776,0.9591518,0.9652299,0.97427404,0.96691126,0.96759295,0.9701037,0.9693538,0.9575427,0.97842866,0.95325357,0.96908075,0.96393085,0.9697911,0.9529473,0.97631097,0.95146894,0.9621488,0.95727766,0.9609247,0.9496087,0.9534953,0.9644112,0.96254104,0.97700465,0.96588165,0.9724702,0.98195565,0.96006155,0.9612283,0.96995014,0.9657318,0.9657047,0.950796,0.96762395,0.9784503,0.9583449,0.9676984,0.96516174,0.97032046,0.9391031,0.96225345,0.9585059,0.9564302,0.9717245,0.96061134,0.9507357,0.98195565,0.9553449,0.96322507,0.9648982,0.97008663
annamovie,0.9759123,0.9600178,0.95244366,0.9701788,0.9652196,0.9651101,0.9771716,0.9738746,0.9822133,0.9625073,0.97562957,0.95897025,0.9698705,1.0,0.9694725,0.966965,0.955911,0.9654241,0.97069955,0.96314245,0.9612956,0.9545722,0.95985276,0.9670408,0.96136886,0.84426045,0.956636,0.9580374,0.95632696,0.96960443,0.96351826,0.9669723,0.9571459,0.95895123,0.95357674,0.94923276,0.9689256,0.96310216,0.96954423,0.9536982,0.9692616,0.95563763,0.96252716,0.97005534,0.97831315,0.9581517,0.95886225,0.9602493,0.9516087,0.96563524,0.95364296,0.96509266,0.9649395,0.96269476,0.964545,0.96611136,0.95708543,0.96545935,0.9711765,0.9667114,0.96247673,0.9692059,0.9777311,0.97958213,0.95470786,0.97614014,0.9631037,0.96390486,0.960443,0.95912814,0.96968627,0.8154453,0.9570135,0.9562744,0.9584594,0.9505525,0.92729837,0.95148593,0.9639513,0.9598527,0.9633131,0.97175646,0.9732698,0.95948565,0.9684852,0.95786786,0.96438307,0.972479,0.9759449,0.97790277,0.96872544,0.96968627,0.9571075,0.9648558,0.95745766,0.96160597,0.96430725,0.9723613,0.9718546,0.97158533,0.96084714,0.96942765,0.9538568,0.96271586,0.9667702,0.95414156,0.96735334,0.9690146,0.9579912,0.9512028,0.9640005,0.8821934,0.96893144,0.93659645,0.9555355,0.96470535,0.97118014,0.9708194,0.9688966,0.9779382,0.96670437,0.9542086,0.9652443,0.96357375,0.96764237,0.97116613,0.9677043,0.94142294,0.9692538,0.947579,0.9531644,0.9654421,0.9640172,0.94987285,0.95482314,0.97285044,0.96111995,0.9718223,0.9685082,0.9714863,0.9822133,0.95891434,0.95681494,0.96896,0.970179,0.9535332,0.9593602,0.96156454,0.9708164,0.9613347,0.97517824,0.96681297,0.9710831,0.9485469,0.9596318,0.9660959,0.95703197,0.9740832,0.9674972,0.95390075,0.9822133,0.9578167,0.9598936,0.96442395,0.962728
apollo11movie,0.96421117,0.95541346,0.9627892,0.9626909,0.9659339,0.9684888,0.97827375,0.9705984,0.98432875,0.9618649,0.9768754,0.96345425,0.9566034,0.9694725,1.0000002,0.96112686,0.96282685,0.9667321,0.9696834,0.9776571,0.9696794,0.96357477,0.9786073,0.9631446,0.9652923,0.8522966,0.96884024,0.9618295,0.9646706,0.9619282,0.9646653,0.9676048,0.96638304,0.95769197,0.9539373,0.9473841,0.9678861,0.94885194,0.9603781,0.9566683,0.9555479,0.9501095,0.9595811,0.96890193,0.9735963,0.9695415,0.97193754,0.9657422,0.95838153,0.96180654,0.9644264,0.97296375,0.9677508,0.97208863,0.9647893,0.96042854,0.9671823,0.9667537,0.9708831,0.9661712,0.9536434,0.96518075,0.9716913,0.9619656,0.9574034,0.9674561,0.95773077,0.97021383,0.9482842,0.96018285,0.9690298,0.7830637,0.9627831,0.96423215,0.9651401,0.9535011,0.9243626,0.9632449,0.9728253,0.9592928,0.9684408,0.9732595,0.96497655,0.95440656,0.95857775,0.9595462,0.96011144,0.976144,0.96065587,0.97228694,0.9700629,0.9690298,0.966692,0.96312773,0.95899737,0.9830823,0.9617434,0.968896,0.96498346,0.96815044,0.9693652,0.9658059,0.9615146,0.9632723,0.966281,0.9657569,0.97397935,0.9666563,0.9543537,0.95455396,0.9718584,0.85819966,0.9708201,0.9326241,0.9722777,0.9565583,0.95686156,0.9607844,0.9763252,0.9765899,0.958198,0.96542394,0.9680859,0.9675512,0.97026634,0.9662253,0.972601,0.95218325,0.9600174,0.9471491,0.95185506,0.9552363,0.9614033,0.9465111,0.96083945,0.9658289,0.96399564,0.96893966,0.963604,0.9696122,0.98432875,0.96937805,0.9672254,0.97085196,0.96460605,0.956003,0.96501,0.9597184,0.9663644,0.953018,0.97056997,0.9621275,0.96356624,0.94388443,0.958358,0.9662764,0.96052307,0.977966,0.97360086,0.97020674,0.98432875,0.95930517,0.9652557,0.9825342,0.9692863
arcticdogsmovie,0.96936303,0.97347146,0.95589495,0.95421106,0.95521253,0.9573355,0.97130907,0.9559953,0.97874004,0.95623994,0.9622266,0.952121,0.97081625,0.966965,0.96112686,0.9999997,0.9550993,0.96416557,0.96287614,0.9589953,0.95639753,0.9477905,0.9708798,0.9648272,0.95540744,0.86297894,0.94952774,0.9479276,0.9526385,0.95453656,0.9626198,0.9595246,0.9622458,0.9567005,0.9643909,0.9494452,0.9669916,0.9667294,0.96547157,0.9528885,0.95224804,0.96072817,0.95990795,0.9734237,0.9711385,0.96422786,0.9666589,0.94262445,0.96235776,0.9684047,0.94464743,0.97024673,0.9615382,0.96529615,0.9516566,0.9550076,0.95546186,0.9544785,0.96114063,0.9611434,0.95639503,0.95460415,0.9651225,0.9695447,0.95692605,0.9670763,0.9560937,0.9544078,0.96204615,0.9583355,0.9576349,0.80482006,0.9446134,0.96006536,0.95386386,0.9412417,0.93824404,0.9416399,0.96116346,0.94739383,0.9580665,0.9706268,0.9629826,0.93254006,0.9563394,0.9609185,0.9680959,0.967838,0.9551592,0.9726514,0.9535312,0.9576349,0.9574267,0.9501709,0.95468163,0.95691854,0.9624465,0.9800699,0.9687779,0.9786905,0.95931983,0.95812756,0.94776744,0.9628609,0.9526336,0.941366,0.9646257,0.9696066,0.94889396,0.95706916,0.9508956,0.8543655,0.9525016,0.9448606,0.9568434,0.9643017,0.9704874,0.9574713,0.95989555,0.9641365,0.954722,0.9500096,0.97220385,0.9504592,0.958393,0.95800966,0.96176976,0.9444021,0.9631758,0.9554693,0.9532588,0.952779,0.94706804,0.9420836,0.9329187,0.95670724,0.9712063,0.97063065,0.96049064,0.96653086,0.97874004,0.9550296,0.952879,0.96510774,0.9475002,0.9695534,0.9543945,0.9651069,0.96962255,0.9512584,0.9618471,0.96767604,0.9751764,0.9424639,0.9565168,0.9529124,0.9582274,0.9608217,0.95591885,0.9460949,0.97874004,0.9591648,0.96260846,0.97044677,0.9564669
arcticmovie,0.96991,0.94725585,0.9586189,0.9517632,0.9634929,0.96993685,0.9691868,0.95876306,0.9809656,0.96079654,0.96016675,0.95621234,0.9644596,0.955911,0.96282685,0.9550993,0.99999994,0.9580803,0.96280116,0.96083695,0.9637681,0.9583593,0.9684229,0.9640719,0.9667151,0.8570418,0.95021796,0.9666008,0.96587807,0.9561208,0.9545433,0.9552455,0.9631633,0.9693622,0.9638643,0.94034845,0.96995693,0.9564132,0.9620137,0.9558967,0.96105367,0.9597863,0.95359236,0.9633781,0.9731403,0.969161,0.96578383,0.96549916,0.95330215,0.95957714,0.9599822,0.9689464,0.9642952,0.9605116,0.9603096,0.9606429,0.9611227,0.9636201,0.9551741,0.9556986,0.9625208,0.9542672,0.97277486,0.9650819,0.94967586,0.9620953,0.96278125,0.9552045,0.952753,0.9640298,0.95954686,0.7736456,0.9581592,0.951186,0.95544404,0.9644481,0.9390459,0.95974797,0.9618067,0.9633787,0.9586209,0.9621649,0.97251,0.9434246,0.9539606,0.9521568,0.96086454,0.9657801,0.957024,0.9713896,0.959123,0.95954686,0.96674347,0.96115524,0.9605489,0.9562411,0.9597086,0.9676434,0.9671817,0.96116614,0.96454895,0.96337783,0.96697366,0.95419943,0.9538167,0.9620274,0.9640231,0.9659204,0.9647885,0.95505524,0.95214254,0.8427918,0.96421623,0.9321527,0.9731833,0.95976216,0.96511185,0.96010345,0.961733,0.9648623,0.95772314,0.96482646,0.97246134,0.96357,0.9661816,0.95535827,0.96835345,0.9470554,0.9624317,0.9442028,0.94551307,0.95884883,0.9752992,0.9590131,0.9464156,0.96203816,0.9614297,0.9690354,0.96018386,0.96662825,0.9809656,0.96777904,0.9632028,0.9709052,0.96348846,0.95527816,0.95624536,0.96015626,0.9655045,0.95081955,0.96721125,0.9564334,0.9628167,0.9302237,0.95300245,0.9525162,0.95978475,0.9653668,0.95996743,0.95495856,0.9809656,0.94982195,0.95890933,0.96514314,0.9695521
artofracingmovie,0.9678165,0.9495858,0.9629855,0.9674324,0.9806424,0.95700705,0.9741122,0.96423125,0.9822035,0.9634338,0.96614474,0.9669288,0.966843,0.9654241,0.9667321,0.96416557,0.9580803,1.0000002,0.9763656,0.94790184,0.9642809,0.9535575,0.9607563,0.9667176,0.96283555,0.84901446,0.96153194,0.9653551,0.9602759,0.96865827,0.9686175,0.9780086,0.95380384,0.962347,0.95812714,0.9561281,0.9748738,0.955616,0.97016054,0.9612936,0.9587265,0.9624519,0.9622667,0.970127,0.9730957,0.9636765,0.95096153,0.96421546,0.95406574,0.96714616,0.9614136,0.97452044,0.953074,0.96725345,0.9652735,0.978463,0.9688137,0.96329445,0.9690294,0.960573,0.95512456,0.9599598,0.9603023,0.9718584,0.96509117,0.9652493,0.9617848,0.963692,0.97017616,0.94910073,0.96257514,0.7823026,0.9579701,0.95614034,0.97318476,0.9511715,0.9339617,0.95924,0.95925,0.96183616,0.96304303,0.9701784,0.97605157,0.9515509,0.9617574,0.95770043,0.95868564,0.97321737,0.96297884,0.9716231,0.9655918,0.96257514,0.9572535,0.96295756,0.968671,0.9628636,0.9586895,0.9705445,0.96905077,0.9583093,0.967967,0.96090347,0.95879155,0.96078944,0.952779,0.9617237,0.97863704,0.96528745,0.9589176,0.9568017,0.9606263,0.8694473,0.96001816,0.937461,0.96653295,0.964863,0.9586863,0.9707787,0.96786284,0.9740663,0.9590312,0.95931643,0.96237487,0.9627783,0.9647088,0.9621598,0.9664278,0.95171505,0.97320724,0.9583712,0.9492275,0.9667072,0.9628497,0.9456415,0.95188606,0.96710885,0.96201783,0.9710701,0.9611581,0.97155774,0.9822035,0.9599756,0.9602596,0.97045434,0.96433544,0.9480326,0.94871175,0.96471393,0.9711674,0.9449838,0.97217137,0.96922505,0.9675186,0.9295428,0.9586583,0.95722073,0.9529454,0.9633202,0.9619174,0.9621675,0.9822035,0.9685733,0.96565235,0.9634247,0.9666681
avengers,0.97896504,0.9494221,0.96430403,0.96669793,0.9740193,0.9671507,0.97490495,0.9615681,0.9831143,0.96385205,0.96943325,0.96679944,0.9721009,0.97069955,0.9696834,0.96287614,0.96280116,0.9763656,1.0,0.9590656,0.9699893,0.95709455,0.9663889,0.9704205,0.9634633,0.8514272,0.96302015,0.95723134,0.9574696,0.97037524,0.98183703,0.9773194,0.96396166,0.96871424,0.95590585,0.9527808,0.9694801,0.9684694,0.96961564,0.9663634,0.9584087,0.9646087,0.9612469,0.9708595,0.9709952,0.9630238,0.95795023,0.95945156,0.96219593,0.96670514,0.9633778,0.9784716,0.95964706,0.9645086,0.96540546,0.9732051,0.97744524,0.9652793,0.9737464,0.9694936,0.9644254,0.95919,0.96623003,0.9748777,0.9702225,0.96959215,0.9587361,0.96941,0.9680745,0.96283126,0.9693861,0.80229783,0.9625563,0.95492744,0.9620477,0.9562852,0.9459202,0.9530415,0.9611642,0.9554796,0.9699119,0.9754274,0.9759822,0.9544208,0.96614,0.9563237,0.96348584,0.969367,0.9695687,0.9708783,0.97174966,0.9693861,0.9601427,0.96780884,0.9661038,0.96329135,0.9696172,0.9700528,0.97428364,0.9680179,0.96239865,0.9696396,0.9599184,0.96375644,0.94995594,0.96641356,0.9688318,0.96808696,0.9624187,0.95892215,0.95963395,0.8723563,0.9641375,0.942762,0.9700648,0.9663165,0.9695196,0.9689933,0.9699121,0.9755776,0.9717935,0.962715,0.973794,0.9726171,0.96530217,0.97043663,0.96818054,0.9603741,0.9735162,0.958901,0.9665314,0.9631934,0.9722663,0.9554227,0.9574817,0.9717707,0.96454155,0.97632974,0.96974754,0.96632755,0.9831143,0.9603536,0.9585672,0.9716843,0.96216965,0.96206987,0.95416903,0.9627083,0.97499645,0.9579302,0.9713104,0.9740192,0.9685291,0.93755424,0.95713544,0.9591503,0.96110606,0.97547483,0.9636846,0.9603683,0.9831143,0.9681525,0.9688555,0.967738,0.9667041
beachbummovie,0.9578256,0.9467406,0.95498526,0.956516,0.9569652,0.9655749,0.9637068,0.9632855,0.97542405,0.9493685,0.9590702,0.961611,0.96009314,0.96314245,0.9776571,0.9589953,0.96083695,0.94790184,0.9590656,1.0000001,0.95516217,0.9625728,0.9713666,0.95005345,0.95685434,0.8615287,0.9480364,0.94907063,0.9577771,0.9561024,0.95995945,0.9505179,0.95789194,0.9569923,0.95296407,0.9467613,0.9575324,0.95701826,0.94754374,0.9516338,0.9534292,0.949952,0.95211846,0.960493,0.9644719,0.96677786,0.9650465,0.9520871,0.9445162,0.94891083,0.95934546,0.96014774,0.9617218,0.9674177,0.9545515,0.9406877,0.9454478,0.96542245,0.958742,0.9572109,0.96366835,0.94816035,0.96896046,0.9647117,0.9395634,0.967366,0.94550365,0.9591727,0.9400782,0.9586753,0.95525795,0.77353454,0.94548184,0.9524412,0.95237815,0.9527227,0.93427896,0.9468593,0.96127176,0.94805914,0.95403326,0.9618349,0.9589351,0.9534076,0.96834767,0.9647732,0.9632096,0.96603763,0.9562031,0.9619954,0.953136,0.95525795,0.9616976,0.95509666,0.9584138,0.96403474,0.95752543,0.974835,0.955218,0.96208006,0.9524026,0.96713,0.94957876,0.9525342,0.9546816,0.962398,0.96931523,0.96594375,0.941992,0.9395098,0.9517176,0.83485234,0.9586094,0.9401947,0.95311755,0.94906676,0.9560302,0.9530307,0.96585137,0.9633715,0.9595113,0.95221525,0.9600596,0.95802593,0.96689296,0.96148247,0.95560783,0.9445134,0.9569357,0.94019943,0.9452718,0.94289476,0.9524459,0.94189435,0.95272404,0.95553386,0.954141,0.95721817,0.954952,0.964355,0.97542405,0.9576809,0.95630914,0.95879555,0.95187676,0.9564509,0.9570132,0.958005,0.96544456,0.9424871,0.95725065,0.95499176,0.96559685,0.93211704,0.9573525,0.9532603,0.958094,0.96589094,0.95375,0.9454279,0.97542405,0.95127606,0.95421416,0.9662015,0.9678117
bernadettefilm,0.9669889,0.95027006,0.96000504,0.95955783,0.96986324,0.9750898,0.97513473,0.9614792,0.9823851,0.9687281,0.9693763,0.96673554,0.96522415,0.9612956,0.9696794,0.95639753,0.9637681,0.9642809,0.9699893,0.95516217,1.0000001,0.96162826,0.96705145,0.9717737,0.9650389,0.84219635,0.96754664,0.96249866,0.96480536,0.9663032,0.97252095,0.97142845,0.96509004,0.9654638,0.9420894,0.93499315,0.9687492,0.95577204,0.9674611,0.9588762,0.959441,0.96752423,0.9553242,0.9668044,0.9660469,0.9509941,0.956331,0.9639737,0.95616883,0.9673145,0.9644015,0.9698315,0.9638203,0.9660527,0.9531196,0.971491,0.958628,0.9688602,0.98001194,0.9649769,0.9541425,0.96948785,0.96762925,0.9623048,0.96072644,0.972534,0.9626011,0.96955657,0.9616139,0.9537641,0.9666436,0.7901979,0.96433455,0.9623492,0.96187556,0.95707476,0.92721194,0.9465015,0.96797854,0.9549852,0.96769434,0.9687786,0.97295296,0.94779766,0.95571023,0.94924724,0.9590467,0.9721339,0.9549055,0.9665797,0.97269946,0.9666436,0.97023684,0.95904046,0.960389,0.9605895,0.96964806,0.97205245,0.96629107,0.9622177,0.9571214,0.96743315,0.96123004,0.9666228,0.95952255,0.9667025,0.9644595,0.9673193,0.94663334,0.9575563,0.95882046,0.8641641,0.9625537,0.9290992,0.97107077,0.95396703,0.9593585,0.95098555,0.97344613,0.97050524,0.9627058,0.9694121,0.9656725,0.9652245,0.9679833,0.9663939,0.9679575,0.9605217,0.9681017,0.94927806,0.9712363,0.95228153,0.96206546,0.9325382,0.9631292,0.96781075,0.96667284,0.9662764,0.9635977,0.96482587,0.9823851,0.9679093,0.9578313,0.9639682,0.96461165,0.95641565,0.9491276,0.95117956,0.9631887,0.9518139,0.9630917,0.96459925,0.95295334,0.9517437,0.9622976,0.9525173,0.96182185,0.96874994,0.97409976,0.9676842,0.9823851,0.9588334,0.96689945,0.9748339,0.9628061
