movie,21bridgesmovie,47metersdown,abeautifuldaymovie,abominablemovie,adastramovie,adogsjourneymovie,aftermathmovie,aftermovie,ahiddenlifefilm,alitamovie,angelhasfallen,angrybirdsmovie,annabellemovie,annamovie,apollo11movie,arcticdogsmovie,arcticmovie,artofracingmovie,avengers,beachbummovie,bernadettefilm,blackandbluemovie,blackchristmas,blindedbythelightmovie,bombshellmovie,booksmart,breakthroughmovie,brianbanksmovie,brightburnmovie,brittanyrunsmov,captainmarvelofficial,captivestatemovie,catsmovie,charliesangels,childsplaymovie,clarathefilm,coldpursuitmovie,countdown,currentwarmovie,darkwatersmovie,detectivepikachumovie,disneyaladdin,disneyfrozen,disneymaleficent,doctorsleepmovie,dolemiteismyname,dontletgomovie,doramovie,downtonabbey_official,dumbo,escaperoom,everybodyknowsmovie,fastandfuriousmovie,fightingwmyfam,fivefeetapartfilm,fordvferrari,freaksthefilm,geminimanmovie,glassmovie,gloriabellmovie,godzillamovie,goldfinchmovie,goodboysmovie,goodliarmovie,gretafilm,halathemovie,happydeathdaymovie,harrietfilm,hellboymovie,hersmellmovie,highlifemovie,highstrungmovie,honeyboymovie,hotelmumbaifilm,httydragon,hustlemovie,hustlersmovie,isntitromantic,itmovieofficial,jayandsilentbob,johnwickmovie,jojorabbitmovie,jokermovie,judythefilm,jumanjimovie,justmercyfilm,knivesout,lalloronamovie,lastblackmansf,lastchristmasthemovie,latenightmovie,lighthousemovie,lionking,littlethemovie,littlewomenmovie,littlewoodsfilm,longshotmovie,lordsofchaosmovie,lucyintheskyfilm,mamovie2019,marriagestory,meettheaddams,meninblack,midsommarmovie,midwaymovie,missbalamovie,missinglinkfilm,motherlessbklyn,onceinhollywood,onthebasisofsex,overcomermovie,peanutbutterfalcon,petsematarymovie,piercingmovie,playingwithfire,playmobilthemovie,pomsmovie,queenandslim,rambomovie,readyornotfilm,richardjewellfilm,rocketmanmovie,scarystoriesmovie,secretlifeofpets,serenityfilm,shaftmovie,shazammovie,spidermanmovie,spiesindisguise,starwars,stormboymovie,stubermovie,taosdfilm,teenspiritmov,terminator,theaeronautsmov,thebestofenemies,thedeaddontdie,thefarewell,thehighwaymen,thehummingbirdprojectfilm,theintrudermovie,theirishmanfilm,thekitchenmovie,thelegomovie,themustangfilm,thenightingalefilm,theprodigymovie,thesunisalsoastar,theupsidefilm,tolkienmovie,toystory,triplefrontier,uglydolls,uncutgems,underthesilverlake,usmovie,wavesmovie,whatmenwant,wonderparkmovie,wrinklestheclown,xmenmovies,yardiefilm,yesterdaymovie,zombieland
21bridgesmovie,0.99999964,0.9451171,0.9567002,0.95185894,0.94962215,0.9429614,0.94943345,0.9586154,0.976213,0.95458496,0.9467463,0.94039387,0.9431596,0.9625173,0.9597203,0.95564103,0.9639498,0.95165986,0.9754126,0.94565654,0.9478953,0.9549661,0.95903075,0.9644348,0.95450217,0.91266507,0.9485963,0.9544028,0.9596539,0.94985485,0.9613377,0.95310175,0.95168155,0.95439905,0.9391607,0.91923755,0.9552709,0.9663574,0.95355207,0.95491403,0.9543899,0.96228087,0.9473739,0.9480015,0.9506771,0.9461651,0.95389336,0.9573618,0.9502497,0.9562642,0.9605501,0.95899534,0.9554463,0.9619132,0.9588633,0.94779634,0.95746374,0.9632917,0.9591238,0.95864683,0.94583845,0.95428467,0.958984,0.95800304,0.9527863,0.9495124,0.9493891,0.9607173,0.94665676,0.9456398,0.95606494,0.7800209,0.9467008,0.951272,0.94897735,0.9447439,0.9355616,0.96003103,0.9547481,0.9516415,0.94656396,0.95347714,0.95201325,0.94905216,0.9474225,0.9597073,0.95510936,0.94300604,0.95060724,0.95994866,0.95267266,0.95606494,0.9414553,0.94195193,0.946753,0.9601357,0.9579937,0.9515957,0.93863523,0.9517973,0.9526865,0.951268,0.9551055,0.9457638,0.9477439,0.9617948,0.9677748,0.95595336,0.9537026,0.9417606,0.96350455,0.9171843,0.950721,0.9201363,0.9448918,0.9716272,0.9891008,0.9473619,0.9578682,0.9454936,0.95509285,0.9580371,0.9542114,0.93479526,0.96197385,0.9478942,0.9567239,0.9582061,0.96171296,0.9501145,0.95078033,0.9435339,0.95923734,0.94384027,0.95621705,0.9499184,0.971431,0.9488685,0.9473275,0.953354,0.976213,0.95672846,0.9488137,0.95434004,0.9561589,0.9589309,0.951626,0.9459418,0.9540236,0.9734433,0.95033485,0.9634752,0.96365905,0.9575318,0.95374995,0.95458573,0.9458549,0.9605643,0.9510518,0.95258445,0.976213,0.9517618,0.95805484,0.95612204,0.956699
47metersdown,0.9451171,1.0000004,0.9386091,0.94022083,0.94825745,0.9424659,0.9486988,0.9388617,0.9694736,0.9454195,0.9429834,0.93890727,0.9395706,0.9592926,0.95302045,0.96256936,0.9455468,0.95677674,0.9426768,0.93731934,0.94427866,0.9519648,0.9483578,0.9565693,0.9429113,0.91202056,0.9510692,0.9533283,0.94055384,0.9420132,0.9403955,0.9359794,0.9338135,0.94880134,0.93993765,0.9282077,0.9447333,0.94696295,0.9532853,0.93736356,0.93935907,0.94725037,0.93993586,0.94579655,0.95326084,0.94609904,0.9391941,0.9480382,0.9366579,0.9435217,0.9476198,0.94920754,0.9427281,0.94245577,0.9409239,0.9532423,0.94482607,0.95713425,0.94110346,0.95272624,0.9349392,0.95044726,0.95051324,0.94051784,0.9476692,0.95450455,0.9410869,0.94650793,0.93966645,0.94639367,0.9506424,0.8135283,0.95076996,0.94874007,0.95196867,0.9403021,0.91711336,0.9476958,0.9418062,0.9393647,0.9491948,0.94086355,0.94636583,0.95150566,0.9374505,0.9328259,0.948687,0.9472011,0.9453982,0.9560944,0.947486,0.9506424,0.94555175,0.9370545,0.9417952,0.9413924,0.94775707,0.95283186,0.9349996,0.94888294,0.9492954,0.93969965,0.940872,0.95067614,0.9629319,0.9422926,0.94709843,0.9423419,0.93564266,0.9441029,0.9519387,0.91739243,0.9526788,0.9242723,0.95229036,0.95036644,0.95120853,0.9473422,0.95318043,0.9399134,0.94398355,0.9579761,0.9467942,0.92754334,0.94547987,0.93577874,0.95592284,0.94656736,0.95555085,0.9389094,0.95372444,0.94725096,0.95541906,0.9426974,0.95657206,0.9372477,0.95302886,0.9433405,0.94529575,0.9528828,0.9694736,0.9484721,0.9306338,0.9438369,0.93948674,0.94009554,0.94839984,0.9342007,0.9328992,0.94964767,0.94147646,0.9540849,0.957392,0.926929,0.9393327,0.9519169,0.93950284,0.95570636,0.94464004,0.9499599,0.9694736,0.9479092,0.947092,0.9446943,0.9424931
abeautifuldaymovie,0.9567002,0.9386091,1.0000001,0.95157427,0.9496989,0.93713194,0.95523286,0.947714,0.97340596,0.9439242,0.9451738,0.9542266,0.9506412,0.9633409,0.955243,0.9562381,0.9495458,0.9441686,0.94801515,0.9396068,0.9583154,0.96132,0.9614412,0.95651746,0.94860256,0.9050833,0.9495393,0.9476962,0.96832305,0.94109994,0.95110196,0.94378215,0.93244123,0.9583753,0.937001,0.9174438,0.9529424,0.95194453,0.9559748,0.9606474,0.9555776,0.95243615,0.9358344,0.9505665,0.9585263,0.9469818,0.95888567,0.95458674,0.94579625,0.9520739,0.97083694,0.96544784,0.9615674,0.95131516,0.9535601,0.9437721,0.95109534,0.96274954,0.94931936,0.9621646,0.9498226,0.9400924,0.9551995,0.95907784,0.9486586,0.9405853,0.9487611,0.9587493,0.9486762,0.9450352,0.9604699,0.7994086,0.93816674,0.95891666,0.9503449,0.93788385,0.92144996,0.9507111,0.9514694,0.9469544,0.9364464,0.94920105,0.95823884,0.95034206,0.9614223,0.96144354,0.9622346,0.94898295,0.9527424,0.95424944,0.93745244,0.9604699,0.93823636,0.94204813,0.9620667,0.9504119,0.9608479,0.9553358,0.9536363,0.95485437,0.94900715,0.9491769,0.95593876,0.9523694,0.94107944,0.96484834,0.9562817,0.9523666,0.9600484,0.952055,0.95490086,0.91540885,0.9554519,0.9252766,0.95152265,0.9583114,0.9644163,0.9490259,0.9472862,0.9552268,0.9524003,0.9590706,0.9546563,0.9435294,0.96029097,0.94632834,0.9528629,0.9533655,0.9570389,0.94123656,0.9485712,0.944882,0.9458692,0.9448605,0.95438683,0.9374807,0.9549157,0.95329285,0.95261616,0.93622136,0.97340596,0.9670131,0.94113284,0.9595423,0.9569162,0.9576413,0.9582554,0.93645436,0.9566089,0.95105207,0.9527176,0.9702224,0.9542919,0.9399253,0.9540772,0.9551681,0.94466776,0.9585266,0.9394883,0.9448616,0.97340596,0.94581443,0.95869774,0.9515103,0.96406305
abominablemovie,0.95185894,0.94022083,0.95157427,0.99999994,0.93788165,0.9419863,0.9522926,0.94867504,0.9707447,0.9383031,0.9420609,0.9352083,0.94398457,0.9571668,0.9476792,0.9527938,0.9555849,0.93955857,0.9394011,0.9365665,0.94291675,0.9515496,0.9544932,0.95467204,0.93756086,0.9116582,0.93597025,0.94973433,0.9557235,0.930524,0.93817455,0.94802886,0.9431339,0.9483495,0.9354581,0.9291653,0.9447609,0.94988596,0.94404227,0.94222736,0.9482141,0.9545751,0.93823504,0.9528085,0.95343524,0.9458048,0.9488759,0.9558845,0.9380408,0.95598,0.9520369,0.9594011,0.94629985,0.9470581,0.9510453,0.9400382,0.93356794,0.95047116,0.9576355,0.952268,0.9329555,0.9558069,0.94430196,0.95797,0.95990694,0.93698853,0.93713284,0.9534061,0.9416698,0.9355741,0.9505378,0.79447234,0.9451655,0.9513523,0.95981336,0.9357545,0.9302627,0.9531228,0.9503038,0.950435,0.944542,0.94831455,0.95429057,0.9445572,0.9388367,0.9380562,0.95210433,0.94614476,0.9430396,0.95366746,0.94761693,0.9505378,0.93775934,0.9375642,0.9411541,0.9587487,0.94508904,0.9465599,0.945148,0.9491256,0.94907826,0.9380419,0.94104064,0.9403335,0.94424987,0.94700456,0.956036,0.9587145,0.94463414,0.9455028,0.9529799,0.9279854,0.95232934,0.92316544,0.9369689,0.9490379,0.95912373,0.9422922,0.9443404,0.9506298,0.95258963,0.9487394,0.94813627,0.93870205,0.9445748,0.9336386,0.9604431,0.94365084,0.9465892,0.9408971,0.95296013,0.9317645,0.95185566,0.936798,0.95015097,0.93563676,0.9496003,0.95400345,0.94079566,0.9503555,0.9707447,0.95397806,0.9428862,0.95816475,0.9564872,0.9549199,0.9553036,0.9457033,0.9556571,0.9438601,0.9475879,0.9522675,0.9545016,0.92998135,0.94074166,0.9473882,0.9469328,0.95577615,0.9409915,0.94552505,0.9707447,0.93701077,0.96147865,0.9448269,0.9499392
adastramovie,0.94962215,0.94825745,0.9496989,0.93788165,0.99999994,0.9529797,0.946203,0.94272363,0.9718456,0.9625817,0.95030797,0.92656535,0.94926286,0.95307887,0.94990015,0.95436317,0.9469514,0.9708551,0.9466349,0.9371476,0.94808775,0.94934666,0.9571238,0.94656205,0.94807285,0.91582733,0.9594428,0.9398097,0.94414604,0.94061774,0.9429226,0.9375218,0.9371368,0.9457379,0.9521205,0.92935216,0.94831747,0.9503758,0.95382625,0.9430138,0.95042944,0.94509184,0.94191235,0.9467789,0.95792156,0.9482178,0.9518016,0.94482183,0.940926,0.94799143,0.9470467,0.9461756,0.952775,0.94621855,0.9455774,0.9647757,0.95044553,0.96067846,0.9464767,0.9626979,0.9464617,0.9376094,0.95681083,0.9420824,0.9431842,0.9526101,0.94150174,0.9467897,0.94444835,0.9468992,0.957065,0.78857434,0.94010437,0.9363866,0.950242,0.93170536,0.9298788,0.947619,0.94677204,0.94023484,0.94816995,0.9437567,0.9497338,0.9545353,0.93941724,0.9446925,0.9581296,0.94151855,0.9514235,0.96544975,0.9418578,0.957065,0.9468898,0.94046056,0.9466914,0.94674665,0.9571439,0.95372933,0.94204277,0.9557485,0.94826657,0.9475739,0.9506454,0.9544137,0.9399995,0.94394433,0.955337,0.9448014,0.9462341,0.940938,0.9588745,0.9280695,0.95475197,0.94308776,0.95136285,0.9512813,0.9559772,0.95461154,0.950818,0.9380186,0.9489795,0.9528259,0.9454664,0.9426505,0.9542664,0.9473854,0.95514214,0.9420101,0.97082907,0.94411993,0.9502561,0.96228415,0.94429547,0.95051354,0.9571445,0.93765473,0.9489605,0.94077796,0.9460609,0.9452522,0.9718456,0.94689757,0.9405272,0.95086926,0.9483506,0.9500748,0.9524638,0.94546634,0.94658136,0.9524514,0.9404365,0.9592753,0.95330954,0.92810285,0.94316894,0.95250255,0.9411959,0.94875515,0.9381505,0.9453197,0.9718456,0.9514484,0.95417947,0.9522309,0.9418894
adogsjourneymovie,0.9429614,0.9424659,0.93713194,0.9419863,0.9529797,1.0,0.94693947,0.94324005,0.9695468,0.9513964,0.9397432,0.9362892,0.940914,0.9472474,0.94828945,0.95444477,0.9478006,0.9553844,0.94079113,0.94157875,0.944376,0.94591814,0.96670467,0.94685227,0.93694925,0.89589304,0.9485113,0.93610644,0.9424186,0.9379303,0.942393,0.95217633,0.94939417,0.94215304,0.9452896,0.9297041,0.9543543,0.93909866,0.95318806,0.9372274,0.9399188,0.9476564,0.9383928,0.9459797,0.9514382,0.95154846,0.9583266,0.9519307,0.93990034,0.9471181,0.9413552,0.9524097,0.9588319,0.9456683,0.952122,0.94830126,0.94430614,0.94811195,0.9524054,0.95526046,0.94599855,0.93935484,0.95506746,0.94037586,0.94874287,0.9499192,0.93627596,0.95309806,0.9482499,0.9378517,0.9537062,0.8100526,0.9445715,0.9446321,0.95492786,0.94829607,0.9299086,0.94807756,0.94896907,0.94795746,0.9480509,0.9417374,0.9506907,0.9430242,0.9373466,0.92713255,0.950468,0.93539274,0.93969357,0.95784545,0.9368004,0.9537062,0.9504887,0.9413629,0.9453954,0.938321,0.95059115,0.9497414,0.9301284,0.95844334,0.9560664,0.9565943,0.9409809,0.94552124,0.93423724,0.940178,0.9486965,0.94569874,0.9397843,0.9360728,0.95534104,0.92296344,0.9352046,0.9315293,0.9448509,0.9413088,0.9509231,0.95298606,0.9536765,0.93672997,0.94516486,0.94590604,0.95493364,0.969377,0.9512832,0.9460078,0.9607593,0.94469786,0.9572491,0.9388823,0.952459,0.94284517,0.94361365,0.94438004,0.936738,0.9376266,0.9493256,0.93710333,0.95118976,0.9486006,0.9695468,0.94562596,0.945795,0.9450278,0.9531301,0.952859,0.9567011,0.947545,0.9372931,0.9535982,0.94903696,0.9541151,0.95621824,0.92902195,0.9364841,0.9523206,0.96170473,0.95310277,0.93590367,0.9390063,0.9695468,0.9469042,0.9516766,0.9626313,0.9319041
aftermathmovie,0.94943345,0.9486988,0.95523286,0.9522926,0.946203,0.94693947,1.0000001,0.9552883,0.97717804,0.94602466,0.95378923,0.9447275,0.9569529,0.96315634,0.9569188,0.95466775,0.95232093,0.9451396,0.9503781,0.9369023,0.95388573,0.9538559,0.95858514,0.96415883,0.9494438,0.9010338,0.9480891,0.9514972,0.9552311,0.94774914,0.95541656,0.95747924,0.93386334,0.95661706,0.95341116,0.94248194,0.95562,0.9520975,0.9552562,0.9550934,0.95247036,0.96696246,0.9588684,0.9645987,0.967778,0.953954,0.95116645,0.9573571,0.94841826,0.9658154,0.9512967,0.9674379,0.9613861,0.95464003,0.95715696,0.94297314,0.95597994,0.967868,0.95325094,0.96354264,0.94986784,0.95281863,0.9538458,0.9524515,0.95900124,0.95140284,0.9465537,0.9548735,0.9508897,0.95298266,0.96282053,0.8072594,0.9471735,0.9554816,0.96089125,0.9410515,0.93284327,0.96249473,0.9517463,0.95409507,0.94989836,0.96808,0.962025,0.96362495,0.9446693,0.9437679,0.9586177,0.9566551,0.96161294,0.95835483,0.9535641,0.96282053,0.94994736,0.9538725,0.9517376,0.9568341,0.9506065,0.95253974,0.9746493,0.95431304,0.95622724,0.9456619,0.9432741,0.953334,0.95224696,0.9477455,0.95337677,0.9573787,0.94618744,0.9596548,0.9663707,0.9295708,0.95710593,0.9298706,0.95094,0.9541494,0.95782715,0.95620954,0.9630699,0.99002016,0.95972824,0.9531826,0.9612744,0.935597,0.96028125,0.9511168,0.9566684,0.94453967,0.95781785,0.9477214,0.951869,0.94216144,0.9525155,0.94905674,0.9599065,0.94204617,0.95377207,0.9594074,0.9557734,0.9562377,0.97717804,0.95538175,0.9471744,0.96545047,0.95380294,0.958304,0.9582492,0.9544034,0.95499367,0.9515949,0.9810785,0.9659079,0.9625483,0.93639123,0.95441586,0.95700794,0.94710803,0.9578166,0.94762844,0.9498857,0.97717804,0.945833,0.95844364,0.9509691,0.9546953
aftermovie,0.9586154,0.9388617,0.947714,0.94867504,0.94272363,0.94324005,0.9552883,1.0,0.9730575,0.9430116,0.95038915,0.94224775,0.9473666,0.95711416,0.9438566,0.9553268,0.9560068,0.94424367,0.9550574,0.92928785,0.9420997,0.95105517,0.9566486,0.9534403,0.947687,0.91260636,0.94746685,0.94605553,0.9574042,0.944423,0.9522032,0.94367045,0.94852173,0.9438481,0.942528,0.92467463,0.95749146,0.9463706,0.9551978,0.94031906,0.9505188,0.9530236,0.93982697,0.94888896,0.95191956,0.94886357,0.9544402,0.9522568,0.9442779,0.9502555,0.9586567,0.953126,0.9499512,0.9498415,0.9673961,0.9415238,0.9480898,0.9560095,0.9523196,0.95996547,0.947248,0.940836,0.94960046,0.9564371,0.9528453,0.9494041,0.934924,0.9556607,0.9520323,0.94555503,0.95604974,0.7898197,0.94272184,0.944976,0.9468753,0.9417882,0.92934644,0.9534819,0.9429884,0.9439758,0.9513336,0.9533467,0.9579437,0.9495468,0.942558,0.9406911,0.9516912,0.9540384,0.95390415,0.9477484,0.94441104,0.95604974,0.9412822,0.94528013,0.95646787,0.9520802,0.9525364,0.9548264,0.9440594,0.94759107,0.95704895,0.937609,0.9478549,0.9535848,0.9482941,0.95504665,0.9514777,0.96023816,0.94457257,0.93892366,0.96001285,0.91057926,0.940908,0.92738944,0.9463754,0.95432335,0.9590599,0.95134866,0.9518028,0.947997,0.96111584,0.9474762,0.9579566,0.93413734,0.95752984,0.9506661,0.9489487,0.9488908,0.9548171,0.9430694,0.9501567,0.9430748,0.94734097,0.9417476,0.94580096,0.93987966,0.9529967,0.94683534,0.94993985,0.94475883,0.9730575,0.9562095,0.9469882,0.95418155,0.9443297,0.94590336,0.9510491,0.9488001,0.9529393,0.95173144,0.95319945,0.9471557,0.95656866,0.93922067,0.94204825,0.94673264,0.9520599,0.94969004,0.95634127,0.9490239,0.9730575,0.9502621,0.9551688,0.95436,0.955341
ahiddenlifefilm,0.976213,0.9694736,0.97340596,0.9707447,0.9718456,0.9695468,0.97717804,0.9730575,1.0000005,0.97132176,0.96871454,0.96590966,0.97235674,0.9806524,0.9773136,0.9768683,0.9761255,0.9744146,0.97425187,0.9614707,0.9740797,0.9771745,0.9809174,0.9770472,0.9718379,0.9329373,0.97439694,0.97019815,0.9761217,0.96732485,0.9707613,0.9700443,0.96135265,0.97475344,0.96486217,0.9465603,0.9790376,0.9733785,0.9801449,0.96697885,0.9746829,0.9785812,0.9715689,0.97697175,0.979896,0.97294295,0.97484595,0.97649485,0.96767586,0.9780274,0.9762339,0.9796053,0.9776306,0.9759584,0.9726183,0.96895945,0.97509587,0.98459727,0.97592473,0.98336947,0.9654595,0.9715319,0.9765699,0.9728858,0.97413456,0.9714469,0.9656488,0.97639143,0.9718252,0.96804667,0.98214114,0.8128792,0.9693863,0.97238255,0.97462,0.9635624,0.9488577,0.97703856,0.97192526,0.97057116,0.9731203,0.9738515,0.97838664,0.9742032,0.9679364,0.96474624,0.9753663,0.9746765,0.97645754,0.98085546,0.972472,0.98214114,0.97020954,0.9698163,0.9750342,0.9730909,0.97817075,0.97675943,0.9667158,0.9760076,0.97659117,0.96867657,0.9660305,0.9752971,0.9706022,0.971537,0.97804266,0.97483736,0.97063196,0.97051924,0.98199046,0.9347066,0.9760179,0.9490864,0.9745059,0.97456706,0.9818987,0.97375894,0.97905886,0.9714513,0.9765134,0.9782335,0.9755833,0.96148723,0.9785412,0.9711329,0.979539,0.9712934,0.97796375,0.96979415,0.9788797,0.9665996,0.9737918,0.97163635,0.9785088,0.9644999,0.97576815,0.97203106,0.9752695,0.9743108,1.0000005,0.9764916,0.9653751,0.9758256,0.9735523,0.9740237,0.9768816,0.9681133,0.9729823,0.9765429,0.97340196,0.9801677,0.9797806,0.95778894,0.96922857,0.9791455,0.97387594,0.9817744,0.96901816,0.9732915,1.0000005,0.97205377,0.9762465,0.9745721,0.97444713
alitamovie,0.95458496,0.9454195,0.9439242,0.9383031,0.9625817,0.9513964,0.94602466,0.9430116,0.97132176,0.99999994,0.93110925,0.9376161,0.9495017,0.95438796,0.9592886,0.9485803,0.94876796,0.9551097,0.95226115,0.94640934,0.95521104,0.94485265,0.9582832,0.9520775,0.95028293,0.90921766,0.9511703,0.95074886,0.94765097,0.9396442,0.9518567,0.9451012,0.93763703,0.951514,0.9405771,0.92535514,0.9520676,0.9538726,0.95522875,0.93815684,0.94515127,0.95429116,0.9456481,0.9458561,0.9537719,0.9494142,0.948781,0.9508228,0.94041663,0.94892585,0.9505358,0.95088756,0.9625747,0.9488515,0.94258755,0.9509887,0.94807917,0.9589404,0.9575398,0.9517002,0.9439239,0.9512568,0.9503285,0.9391751,0.9476685,0.9461603,0.94560534,0.9502017,0.9455153,0.94606376,0.9477118,0.7906554,0.9422158,0.9448773,0.9458083,0.9378967,0.9329026,0.9501927,0.95375687,0.9370787,0.9392901,0.94625133,0.946297,0.9461853,0.9535943,0.94022036,0.9531192,0.94295174,0.94897574,0.96154433,0.9441168,0.9477118,0.94954056,0.9441798,0.94526166,0.9447077,0.95318717,0.9527336,0.92968,0.95491785,0.9515954,0.95039725,0.93934953,0.9394552,0.9560585,0.95156735,0.94998384,0.94564176,0.9420524,0.9436365,0.95671636,0.9190099,0.952099,0.920573,0.9450473,0.93818426,0.9567538,0.9452584,0.9573374,0.939578,0.94678754,0.95473605,0.945286,0.9406302,0.9547469,0.946712,0.95246845,0.95092714,0.9669764,0.9378134,0.9559317,0.95427436,0.94709414,0.94289297,0.9591379,0.94200855,0.95569783,0.9447321,0.9423209,0.95467913,0.97132176,0.9485823,0.93986934,0.95223683,0.95400316,0.94943625,0.9485369,0.93957824,0.94292516,0.95203614,0.9443557,0.95647,0.95639116,0.94159484,0.9415154,0.9494181,0.9508187,0.95418006,0.9549389,0.94706446,0.97132176,0.94967467,0.9513012,0.952103,0.9441203
angelhasfallen,0.9467463,0.9429834,0.9451738,0.9420609,0.95030797,0.9397432,0.95378923,0.95038915,0.96871454,0.93110925,1.0000001,0.933893,0.9399468,0.9493581,0.9441689,0.9508135,0.95019335,0.9426557,0.9422489,0.93238366,0.93516845,0.94957715,0.9460844,0.9467099,0.941134,0.9097338,0.9447284,0.9369372,0.93972385,0.9380452,0.93875,0.93222153,0.9217444,0.94334626,0.93218446,0.92151785,0.9493616,0.93639946,0.954624,0.9442915,0.94737166,0.94348556,0.93179137,0.9412508,0.96084607,0.94947,0.9410682,0.9503968,0.94151765,0.93947536,0.9404592,0.9466718,0.9442054,0.9388343,0.9496392,0.93809795,0.94590205,0.95648926,0.940015,0.96029174,0.9457098,0.9417819,0.95878255,0.93619204,0.94124305,0.9608548,0.9347808,0.9471028,0.95957893,0.9410833,0.9552669,0.810241,0.93601024,0.9449507,0.9589905,0.9330204,0.91657716,0.9461151,0.9382504,0.94294095,0.96898687,0.94098735,0.955709,0.95080507,0.92501026,0.9354393,0.94648916,0.9455335,0.9523517,0.9564529,0.94659,0.9552669,0.94008535,0.9431265,0.9452209,0.9644375,0.96209043,0.9541716,0.9503097,0.946083,0.94917905,0.9434505,0.94577247,0.95862275,0.9411952,0.93511474,0.95315975,0.94206107,0.9421236,0.93526477,0.9479138,0.9076464,0.9485306,0.9272961,0.9440252,0.9644752,0.95014435,0.94470835,0.948532,0.9495923,0.943223,0.94414806,0.95027274,0.92766505,0.94458145,0.9435545,0.943793,0.9298499,0.95410794,0.93290424,0.9424508,0.93823963,0.9518016,0.9454879,0.94913846,0.9362264,0.9493775,0.94116515,0.9457013,0.94104964,0.96871454,0.94214755,0.94538087,0.9472594,0.93703663,0.9374739,0.9465514,0.9276358,0.9385954,0.94641304,0.95779526,0.949314,0.95717424,0.9322839,0.94469976,0.94961405,0.9415502,0.94552183,0.9418502,0.9503632,0.96871454,0.9432955,0.94981104,0.9416788,0.9430662
angrybirdsmovie,0.94039387,0.93890727,0.9542266,0.9352083,0.92656535,0.9362892,0.9447275,0.94224775,0.96590966,0.9376161,0.933893,1.0000002,0.93620765,0.9536398,0.9481144,0.94198394,0.95117503,0.9349953,0.9392007,0.9406362,0.9427154,0.95299655,0.945103,0.9468979,0.9319725,0.9122133,0.9355629,0.94923425,0.9559888,0.9489966,0.94658387,0.9338978,0.9310149,0.9557794,0.9274466,0.9094526,0.9432157,0.940129,0.9517161,0.9449287,0.94145894,0.94371206,0.9353983,0.9545167,0.9456635,0.9365388,0.9405046,0.95165646,0.9265427,0.9486844,0.9703648,0.9492037,0.9428751,0.9369639,0.94066316,0.9347857,0.9421558,0.95060706,0.9406607,0.9471708,0.93614304,0.9326926,0.9425827,0.93986976,0.9346542,0.93019414,0.9334999,0.9477471,0.9403869,0.93265903,0.9438733,0.8020703,0.94345725,0.9449928,0.9393909,0.9391676,0.9092948,0.94295174,0.93859434,0.93611693,0.93407077,0.9456449,0.94535947,0.9382059,0.96165675,0.9417024,0.94533515,0.94246054,0.93587416,0.9486817,0.9359746,0.9438733,0.9398278,0.930948,0.961761,0.9415027,0.94523096,0.9536002,0.9372189,0.9420922,0.94022924,0.932848,0.9402809,0.9368739,0.9482507,0.9659775,0.94302183,0.93497974,0.9411348,0.94647884,0.945703,0.9097652,0.9420203,0.92658955,0.94018614,0.9412901,0.9496976,0.94251525,0.9459099,0.94246054,0.9438612,0.95214593,0.94651,0.9282433,0.960378,0.92974204,0.94205177,0.958681,0.9399028,0.95414895,0.9446543,0.9276519,0.93727064,0.93916607,0.9443693,0.933884,0.94118226,0.94866866,0.9493569,0.9373286,0.96590966,0.9612939,0.93069255,0.94218135,0.9471091,0.94307905,0.9458241,0.9265336,0.93386,0.9417912,0.94217294,0.9518314,0.9482309,0.9169201,0.93580574,0.94430053,0.9441713,0.9539668,0.92870563,0.94139975,0.96590966,0.936149,0.9448901,0.9388089,0.9630328
annabellemovie,0.9431596,0.9395706,0.9506412,0.94398457,0.94926286,0.940914,0.9569529,0.9473666,0.97235674,0.9495017,0.9399468,0.93620765,1.0000001,0.9571321,0.96028167,0.9498111,0.9435536,0.95013034,0.9447034,0.9362632,0.9528954,0.9540906,0.9606062,0.9526746,0.9567741,0.90806514,0.94384944,0.9443674,0.9575624,0.9502282,0.9417248,0.9551697,0.93392646,0.94554496,0.9523838,0.9282367,0.9537535,0.9609145,0.952116,0.94499594,0.96241295,0.955471,0.9497685,0.9546952,0.95995843,0.95316565,0.9590987,0.956422,0.94589955,0.95729226,0.9521535,0.96022224,0.96259403,0.9534574,0.9534109,0.9376377,0.9468754,0.9656633,0.94643915,0.9601293,0.9588136,0.94173926,0.94837487,0.9576544,0.9539153,0.94434625,0.93452686,0.95406413,0.9466768,0.9475476,0.95880026,0.79791373,0.9458923,0.9510902,0.9525312,0.9410603,0.93879044,0.95482796,0.9464637,0.9381951,0.94376945,0.96052396,0.9688688,0.9573136,0.9549631,0.9399933,0.9688323,0.9727939,0.9579779,0.9555718,0.945996,0.95880026,0.94544554,0.9400983,0.9546761,0.9442671,0.95516956,0.9445849,0.95013106,0.95167875,0.94906867,0.94441354,0.93603384,0.9504296,0.940311,0.94263077,0.9455768,0.9562702,0.94824255,0.9549571,0.95736825,0.9145312,0.9620533,0.93958116,0.95118695,0.9465554,0.94849795,0.9609603,0.9539401,0.95026904,0.9666194,0.95381767,0.9486492,0.93646777,0.9528836,0.94782126,0.9598403,0.94005936,0.9536575,0.9408891,0.9561448,0.94361925,0.9452596,0.9561511,0.95617104,0.9459582,0.9377952,0.9510549,0.9533149,0.9420969,0.97235674,0.9538198,0.94105786,0.95539945,0.95292157,0.95187634,0.96217275,0.9548984,0.9547415,0.94452214,0.9433369,0.9516726,0.9539899,0.93175817,0.94042957,0.9575093,0.95754445,0.9568021,0.9358572,0.9524392,0.97235674,0.94064724,0.9513533,0.9534871,0.9485793
annamovie,0.9625173,0.9592926,0.9633409,0.9571668,0.95307887,0.9472474,0.96315634,0.95711416,0.9806524,0.95438796,0.9493581,0.9536398,0.9571321,1.0,0.9550959,0.9573012,0.9612645,0.954162,0.9532613,0.93839407,0.9610761,0.9636903,0.963828,0.95918584,0.94641465,0.9226381,0.95563304,0.9633318,0.9635226,0.9512324,0.94911426,0.94951695,0.94324267,0.95684505,0.944395,0.9307967,0.9562429,0.960555,0.9558248,0.9573174,0.9592676,0.95874345,0.9453861,0.9565281,0.9563683,0.95622855,0.9584155,0.9685775,0.95414275,0.95696825,0.9687397,0.96305215,0.9594186,0.9588149,0.95529914,0.95164955,0.9613098,0.96490335,0.95659107,0.9659825,0.9574269,0.94956744,0.9570944,0.9716103,0.9576771,0.95462406,0.9546155,0.96087855,0.9510936,0.9531972,0.967325,0.8050107,0.95244646,0.9590108,0.9533946,0.9521962,0.9333914,0.9562942,0.9536313,0.9579063,0.9527358,0.9605651,0.9618248,0.9620041,0.9585829,0.9564608,0.96000516,0.95934594,0.9648489,0.95902264,0.95532644,0.967325,0.9506154,0.9524496,0.95596135,0.9512959,0.9605798,0.9619337,0.96097165,0.96710926,0.9546405,0.9494853,0.95442873,0.9586068,0.96317035,0.9645015,0.9583421,0.955915,0.94976056,0.95514214,0.96031433,0.92093503,0.95626855,0.93406934,0.9585713,0.95495385,0.9661635,0.96127665,0.9595805,0.95789915,0.9604685,0.9644253,0.9553329,0.9380697,0.9648923,0.9493768,0.9602772,0.958131,0.95805204,0.94915295,0.96029955,0.9543622,0.9627508,0.95294017,0.9638372,0.95053345,0.9613417,0.955527,0.9612192,0.95208037,0.9806524,0.9635902,0.9472834,0.96163684,0.95642596,0.96349585,0.9636079,0.9428307,0.95192355,0.9535373,0.95489836,0.96201414,0.96665394,0.9448397,0.9554328,0.9633021,0.95785415,0.9667747,0.9548107,0.95591307,0.9806524,0.94970155,0.9624731,0.95730156,0.9650993
apollo11movie,0.9597203,0.95302045,0.955243,0.9476792,0.94990015,0.94828945,0.9569188,0.9438566,0.9773136,0.9592886,0.9441689,0.9481144,0.96028167,0.9550959,1.0000004,0.95782375,0.96046615,0.9589566,0.96045136,0.9670409,0.95654166,0.96121466,0.9619457,0.9647568,0.955493,0.9043635,0.95942885,0.9562211,0.9560837,0.95808136,0.95504445,0.9596266,0.93959796,0.9622025,0.9509041,0.92674613,0.9603897,0.96386105,0.96423507,0.95938367,0.95912594,0.96735877,0.958685,0.9573596,0.96726614,0.9508087,0.95847636,0.96528566,0.9441848,0.9588891,0.9583849,0.96569943,0.9622297,0.9603118,0.9505017,0.95158625,0.95856196,0.97153044,0.9527654,0.95776975,0.9546834,0.95899606,0.95930654,0.95237625,0.95824444,0.9499861,0.9431319,0.9593692,0.9502567,0.95276,0.9551436,0.79071444,0.95767736,0.9574261,0.95559293,0.9456229,0.92917305,0.9578981,0.95133626,0.9512263,0.94949853,0.94824225,0.95823675,0.95619136,0.9502363,0.94959766,0.9579295,0.95713085,0.9538535,0.9693288,0.95962095,0.9551436,0.94948983,0.94880277,0.9599542,0.9637183,0.95827436,0.9507449,0.9420566,0.9575566,0.9540681,0.9536196,0.94785583,0.9502286,0.9498208,0.9536769,0.9549976,0.9558279,0.9509369,0.96374583,0.9597252,0.9261164,0.9674368,0.9339829,0.9587303,0.95393145,0.962154,0.9544668,0.95539844,0.94987476,0.9546978,0.9645397,0.9531741,0.9462298,0.9588223,0.9493024,0.96615833,0.9511009,0.96372926,0.9478739,0.9573835,0.9462917,0.960058,0.9564163,0.9613656,0.9549271,0.95782685,0.95880747,0.952634,0.9522692,0.9773136,0.95936024,0.93704855,0.9552034,0.9587803,0.9580521,0.96185696,0.95018214,0.9544654,0.95846283,0.9574597,0.9666275,0.9575671,0.93393624,0.9495882,0.9572845,0.9536687,0.9580506,0.95160145,0.9601698,0.9773136,0.95410097,0.95224655,0.9527417,0.9547435
arcticdogsmovie,0.95564103,0.96256936,0.9562381,0.9527938,0.95436317,0.95444477,0.95466775,0.9553268,0.9768683,0.9485803,0.9508135,0.94198394,0.9498111,0.9573012,0.95782375,1.0000001,0.9563204,0.9573789,0.958006,0.9455659,0.94904965,0.9606962,0.9606273,0.96060985,0.9547052,0.9176677,0.9550899,0.95185965,0.9597792,0.9468791,0.95065755,0.9519269,0.94467807,0.9553086,0.9430212,0.92878246,0.9536833,0.9508094,0.96151537,0.94300467,0.9522478,0.9541161,0.94605315,0.9539115,0.9622209,0.9515675,0.9562724,0.95358866,0.95123625,0.9531586,0.9596985,0.9570202,0.9562816,0.95191,0.9530227,0.95824367,0.95011777,0.9644673,0.95057374,0.9640539,0.94190896,0.9495275,0.95577246,0.952052,0.9505204,0.96441877,0.94626385,0.9507659,0.9445785,0.9511789,0.9622209,0.7853113,0.9561043,0.95501304,0.96234703,0.94950426,0.92256165,0.9672789,0.95327073,0.9478819,0.951678,0.94719106,0.958695,0.954774,0.9468935,0.9414958,0.96110463,0.9490107,0.9557241,0.964745,0.9505397,0.9622209,0.9494467,0.94384384,0.9573258,0.9503477,0.9594428,0.954676,0.9466515,0.9523006,0.95486206,0.94888633,0.94605505,0.96104497,0.95140797,0.95757437,0.956543,0.9655945,0.96425354,0.95420474,0.9635461,0.92436415,0.9550797,0.9250157,0.9518915,0.9529855,0.9569229,0.95895725,0.95930564,0.9505724,0.95676166,0.9570278,0.9581462,0.9393654,0.9582318,0.949923,0.9605179,0.95529777,0.96049225,0.9457999,0.9562816,0.94747084,0.9579173,0.948701,0.95621043,0.94481903,0.9586159,0.9519122,0.9583061,0.95865214,0.9768683,0.9586385,0.9426751,0.96151763,0.9515321,0.95095396,0.962907,0.9501678,0.9522754,0.95841676,0.9553466,0.961214,0.9586613,0.9429535,0.9464597,0.95645857,0.9486778,0.95940894,0.9487771,0.95092,0.9768683,0.95446783,0.95511305,0.9569227,0.9521799
arcticmovie,0.9639498,0.9455468,0.9495458,0.9555849,0.9469514,0.9478006,0.95232093,0.9560068,0.9761255,0.94876796,0.95019335,0.95117503,0.9435536,0.9612645,0.96046615,0.9563204,1.0000005,0.9545711,0.9587346,0.9380276,0.95149505,0.9531149,0.9536365,0.95593566,0.94254535,0.91403013,0.9477414,0.96632224,0.95436454,0.9480015,0.9501366,0.95154667,0.9519974,0.9468334,0.94473886,0.9213321,0.95754176,0.95405024,0.96211123,0.9548896,0.95009637,0.95706064,0.94709766,0.9582148,0.95191544,0.9456859,0.94697034,0.951915,0.9447785,0.9555105,0.9585549,0.95985466,0.9488584,0.95704687,0.9529194,0.944256,0.955489,0.96310306,0.9556823,0.9557002,0.9523221,0.9486674,0.95714056,0.9607416,0.9585718,0.9505024,0.93993586,0.9597558,0.95166224,0.9432931,0.95214486,0.7963843,0.94792795,0.95004123,0.94691116,0.94377595,0.9294113,0.95593405,0.9495595,0.94614667,0.9474869,0.948876,0.9523961,0.95172036,0.94844794,0.9470282,0.95099485,0.94806933,0.94566596,0.96021646,0.95519364,0.95214486,0.94675946,0.9476905,0.9549678,0.9581323,0.9570206,0.95784307,0.9415714,0.95057285,0.9541323,0.940447,0.93976474,0.95217544,0.9517415,0.958841,0.9656172,0.95812374,0.9396226,0.9501391,0.95695376,0.9171719,0.95026803,0.92595387,0.95492715,0.95618623,0.9668221,0.945365,0.94990224,0.947465,0.9578286,0.9590856,0.9533355,0.94106644,0.9575939,0.94958776,0.95948446,0.95255214,0.955272,0.954787,0.9492601,0.94162416,0.9683548,0.9584871,0.95077556,0.9415013,0.9599897,0.9486925,0.94958985,0.9488694,0.9761255,0.95052725,0.9446827,0.9573151,0.9514274,0.95406574,0.95332056,0.9477917,0.94989187,0.9602704,0.9554553,0.96040267,0.9553553,0.9474469,0.9376155,0.9495057,0.94724315,0.9607519,0.9510663,0.9542494,0.9761255,0.95285946,0.95593005,0.9498221,0.9539321
artofracingmovie,0.95165986,0.95677674,0.9441686,0.93955857,0.9708551,0.9553844,0.9451396,0.94424367,0.9744146,0.9551097,0.9426557,0.9349953,0.95013034,0.954162,0.9589566,0.9573789,0.9545711,0.9999995,0.9530291,0.9422156,0.93934727,0.94621605,0.9559997,0.9524693,0.94510406,0.90628666,0.96633005,0.9430762,0.9468555,0.9463949,0.9437094,0.9425267,0.93834764,0.95405537,0.9469851,0.91760546,0.9504873,0.95311624,0.9605731,0.9419075,0.95177895,0.9531048,0.95111734,0.949772,0.95840186,0.9408101,0.9490239,0.9492794,0.9395761,0.95237577,0.9500701,0.9475048,0.9502861,0.95216477,0.9453242,0.96643925,0.9583309,0.963416,0.94562095,0.9621167,0.9480747,0.9450454,0.96096236,0.94239014,0.94454455,0.94878346,0.94758564,0.9470737,0.9438465,0.9564815,0.96012175,0.7908498,0.944177,0.93928236,0.94584584,0.93542576,0.9213496,0.94625527,0.94617677,0.94439167,0.9515067,0.94372326,0.9572881,0.9435623,0.93200785,0.9398448,0.95356774,0.94834554,0.9480996,0.96989894,0.94514966,0.96012175,0.9466904,0.9473923,0.95235103,0.93960214,0.9569654,0.9522694,0.9388808,0.9601754,0.9497744,0.9436628,0.9434305,0.9615104,0.9458758,0.944648,0.95668757,0.9496497,0.9357362,0.93816924,0.96206635,0.9159394,0.95248014,0.92992973,0.9542341,0.9495088,0.9572019,0.94516516,0.9479843,0.93818015,0.95451075,0.9572622,0.94746315,0.94242066,0.95636195,0.95178926,0.9659048,0.9450865,0.9639558,0.9478455,0.949524,0.94779414,0.95056987,0.9529406,0.95294,0.9414794,0.94986063,0.9433667,0.9446917,0.96202666,0.9744146,0.9482774,0.93481094,0.94865626,0.9528566,0.9457909,0.9548268,0.9472112,0.94613475,0.9593237,0.9393056,0.9584248,0.9555998,0.92817146,0.9405941,0.9580311,0.94941163,0.9579042,0.9399406,0.94966394,0.9744146,0.9593976,0.94712627,0.9492274,0.94598484
avengers,0.9754126,0.9426768,0.94801515,0.9394011,0.9466349,0.94079113,0.9503781,0.9550574,0.97425187,0.95226115,0.9422489,0.9392007,0.9447034,0.9532613,0.96045136,0.958006,0.9587346,0.9530291,1.0000001,0.9480185,0.94370395,0.95269835,0.9548422,0.9577301,0.9585958,0.9204251,0.9508003,0.94728917,0.95774746,0.9486486,0.97804177,0.9491938,0.94706136,0.9491583,0.94524384,0.92312056,0.95309645,0.95432645,0.9557216,0.94722223,0.95242333,0.9548518,0.94425035,0.9466351,0.9592021,0.950894,0.95003915,0.95402616,0.9444868,0.9492282,0.9557481,0.9555206,0.9498904,0.95453537,0.9493083,0.94192636,0.961078,0.96234596,0.95041895,0.9635087,0.94503903,0.94486314,0.95786613,0.95333713,0.95064855,0.95184445,0.9436792,0.95353144,0.9488087,0.94395596,0.9549316,0.7751349,0.94414485,0.9485563,0.9443517,0.93948454,0.9255792,0.96211886,0.943434,0.94723696,0.9474431,0.94322634,0.94678265,0.9467306,0.9420617,0.9532154,0.9532177,0.9447503,0.952113,0.95653695,0.94498974,0.9549316,0.9431581,0.93760735,0.9486927,0.96105933,0.9622782,0.94998246,0.93928844,0.9488387,0.94899154,0.9480496,0.94702977,0.9500207,0.94332665,0.9565246,0.95895445,0.9571082,0.9518526,0.9424042,0.9604764,0.91177905,0.95319617,0.9207174,0.95080566,0.9580779,0.9637383,0.9470335,0.95270944,0.9414109,0.9504857,0.9572486,0.94918615,0.9301127,0.96158236,0.9455409,0.95218676,0.96095777,0.9577118,0.9497405,0.9504796,0.94298995,0.9542197,0.9435244,0.95376724,0.9496494,0.956208,0.951386,0.95001924,0.95259345,0.97425187,0.95327103,0.9385951,0.95633936,0.94493294,0.955018,0.9493856,0.9498279,0.95482165,0.9596333,0.94627243,0.95901376,0.95747983,0.9545132,0.948108,0.9575028,0.94363797,0.95302993,0.94812393,0.95013916,0.97425187,0.9526257,0.9519976,0.9473049,0.9497291
beachbummovie,0.94565654,0.93731934,0.9396068,0.9365665,0.9371476,0.94157875,0.9369023,0.92928785,0.9614707,0.94640934,0.93238366,0.9406362,0.9362632,0.93839407,0.9670409,0.9455659,0.9380276,0.9422156,0.9480185,0.99999994,0.9415475,0.95424277,0.9541555,0.94206965,0.9392182,0.8999909,0.93744224,0.9317604,0.94074625,0.94744873,0.9479877,0.9331846,0.93172055,0.94514763,0.9314301,0.9163234,0.9388023,0.94230586,0.9430005,0.9390814,0.9386137,0.9428702,0.9310703,0.9386562,0.9556666,0.9524699,0.9482341,0.9458969,0.93159294,0.9371139,0.94443333,0.94997597,0.94876397,0.94156754,0.9402423,0.93374616,0.93506485,0.9498481,0.94791055,0.9486729,0.93221796,0.9424911,0.9520064,0.93435967,0.9387981,0.9393022,0.9287907,0.94903755,0.93587255,0.9476046,0.94643885,0.7845861,0.95038015,0.93868965,0.9428136,0.9300124,0.9126032,0.94841933,0.9448277,0.9342643,0.93976897,0.93383265,0.9444802,0.93817806,0.93636096,0.936772,0.94678706,0.9356319,0.9381071,0.95799345,0.9389713,0.94643885,0.9532054,0.9272123,0.9394999,0.94992644,0.94877714,0.9581612,0.9252959,0.950131,0.9412261,0.9529214,0.9348313,0.9339283,0.9386973,0.94558257,0.93873686,0.9351624,0.94454384,0.9436811,0.94090223,0.9212974,0.9392629,0.92364126,0.9372367,0.9390172,0.94596547,0.9444426,0.94557977,0.93324804,0.9406114,0.9415747,0.93752474,0.93250394,0.9445101,0.9339845,0.9419296,0.9414981,0.94030476,0.93137026,0.9470145,0.9351748,0.94798064,0.9432831,0.9439301,0.9401767,0.94361174,0.9445425,0.94534445,0.9524276,0.9614707,0.9379287,0.9291415,0.93874,0.9468072,0.9431435,0.9402515,0.9336542,0.9386409,0.94121236,0.9397595,0.9615932,0.945936,0.923975,0.9427589,0.9518373,0.93994015,0.9433169,0.926677,0.93855906,0.9614707,0.93906176,0.93494606,0.9491379,0.9365197
bernadettefilm,0.9478953,0.94427866,0.9583154,0.94291675,0.94808775,0.944376,0.95388573,0.9420997,0.9740797,0.95521104,0.93516845,0.9427154,0.9528954,0.9610761,0.95654166,0.94904965,0.95149505,0.93934727,0.94370395,0.9415475,0.9999998,0.9465984,0.9595521,0.951707,0.94918627,0.90885556,0.9441996,0.9453644,0.9446611,0.94471174,0.9460088,0.9452908,0.9332837,0.9498826,0.9395136,0.9280241,0.9543025,0.9415848,0.9564336,0.94544154,0.95371836,0.9579038,0.95049924,0.95921195,0.94974804,0.9514581,0.95591307,0.9574239,0.9454011,0.95775867,0.94952416,0.9561688,0.959555,0.9462142,0.9445478,0.9399092,0.95032704,0.96024597,0.95815694,0.95745695,0.9408099,0.9497598,0.9441408,0.9559125,0.95225066,0.94632757,0.93861496,0.9563946,0.9486877,0.9447939,0.9585971,0.78778106,0.9436724,0.961402,0.94735736,0.94761103,0.92488927,0.95596766,0.95984006,0.95307577,0.9422266,0.9484359,0.95462084,0.94974506,0.94954073,0.93981016,0.95253265,0.957431,0.9510461,0.95235753,0.94753826,0.9585971,0.9472111,0.94732326,0.94897246,0.9459289,0.9511606,0.9582924,0.94505125,0.9571729,0.9580181,0.94682914,0.9350202,0.94879603,0.9509646,0.9465331,0.9510144,0.9536158,0.9490437,0.9524649,0.95679796,0.9084894,0.94976217,0.92410076,0.9527666,0.9439585,0.95597464,0.94666916,0.9617534,0.9493103,0.95914876,0.95322967,0.95205116,0.9428955,0.94868094,0.95163363,0.9585595,0.94626105,0.9507262,0.94620705,0.9754536,0.9470045,0.9479315,0.9478813,0.9514866,0.94012815,0.9530541,0.9453096,0.9566564,0.94909084,0.9740797,0.9475927,0.9492724,0.9533279,0.9562327,0.94836193,0.9534894,0.9392747,0.94821894,0.9546219,0.9571148,0.9663973,0.95657367,0.9309612,0.95245147,0.9580885,0.9536813,0.96182853,0.9435191,0.9435861,0.9740797,0.95435727,0.9477187,0.9563692,0.9491442
