movie,21bridgesmovie,47metersdown,abeautifuldaymovie,abominablemovie,adastramovie,adogsjourneymovie,aftermathmovie,aftermovie,ahiddenlifefilm,alitamovie,angelhasfallen,angrybirdsmovie,annabellemovie,annamovie,apollo11movie,arcticdogsmovie,arcticmovie,artofracingmovie,avengers,beachbummovie,bernadettefilm,blackandbluemovie,blackchristmas,blindedbythelightmovie,bombshellmovie,booksmart,breakthroughmovie,brianbanksmovie,brightburnmovie,brittanyrunsmov,captainmarvelofficial,captivestatemovie,catsmovie,charliesangels,childsplaymovie,clarathefilm,coldpursuitmovie,countdown,currentwarmovie,darkwatersmovie,detectivepikachumovie,disneyaladdin,disneyfrozen,disneymaleficent,doctorsleepmovie,dolemiteismyname,dontletgomovie,doramovie,downtonabbey_official,dumbo,escaperoom,everybodyknowsmovie,fastandfuriousmovie,fightingwmyfam,fivefeetapartfilm,fordvferrari,freaksthefilm,geminimanmovie,glassmovie,gloriabellmovie,godzillamovie,goldfinchmovie,goodboysmovie,goodliarmovie,gretafilm,halathemovie,happydeathdaymovie,harrietfilm,hellboymovie,hersmellmovie,highlifemovie,highstrungmovie,honeyboymovie,hotelmumbaifilm,httydragon,hustlemovie,hustlersmovie,isntitromantic,itmovieofficial,jayandsilentbob,johnwickmovie,jojorabbitmovie,jokermovie,judythefilm,jumanjimovie,justmercyfilm,knivesout,lalloronamovie,lastblackmansf,lastchristmasthemovie,latenightmovie,lighthousemovie,lionking,littlethemovie,littlewomenmovie,littlewoodsfilm,longshotmovie,lordsofchaosmovie,lucyintheskyfilm,mamovie2019,marriagestory,meettheaddams,meninblack,midsommarmovie,midwaymovie,missbalamovie,missinglinkfilm,motherlessbklyn,onceinhollywood,onthebasisofsex,overcomermovie,peanutbutterfalcon,petsematarymovie,piercingmovie,playingwithfire,playmobilthemovie,pomsmovie,queenandslim,rambomovie,readyornotfilm,richardjewellfilm,rocketmanmovie,scarystoriesmovie,secretlifeofpets,serenityfilm,shaftmovie,shazammovie,spidermanmovie,spiesindisguise,starwars,stormboymovie,stubermovie,taosdfilm,teenspiritmov,terminator,theaeronautsmov,thebestofenemies,thedeaddontdie,thefarewell,thehighwaymen,thehummingbirdprojectfilm,theintrudermovie,theirishmanfilm,thekitchenmovie,thelegomovie,themustangfilm,thenightingalefilm,theprodigymovie,thesunisalsoastar,theupsidefilm,tolkienmovie,toystory,triplefrontier,uglydolls,uncutgems,underthesilverlake,usmovie,wavesmovie,whatmenwant,wonderparkmovie,wrinklestheclown,xmenmovies,yardiefilm,yesterdaymovie,zombieland
21bridgesmovie,0.99999994,0.94280785,0.9595811,0.9553512,0.9613159,0.9469823,0.9641612,0.957195,0.97548026,0.9479257,0.9504363,0.9431803,0.9590729,0.9566225,0.95182365,0.9509869,0.9454731,0.96282357,0.9684257,0.9478261,0.9541374,0.96299016,0.9512542,0.95348084,0.9519333,0.87852806,0.9594042,0.95088583,0.9624729,0.95409274,0.9428763,0.95789516,0.9363147,0.9564862,0.92947954,0.9307417,0.94536716,0.9612155,0.9566166,0.95712996,0.94922864,0.9601173,0.94528806,0.9523549,0.96315354,0.9605686,0.9546056,0.96474886,0.94392556,0.95781076,0.95717037,0.962492,0.9537988,0.9643857,0.9344406,0.9600254,0.9536313,0.953499,0.9437547,0.95832235,0.95023316,0.9505412,0.951271,0.96469736,0.95052934,0.94397193,0.9461726,0.9573099,0.93756574,0.9406723,0.9645514,0.8395127,0.9441057,0.95162034,0.94588846,0.9352932,0.910375,0.94773513,0.9508223,0.9475919,0.9561913,0.9563412,0.95424557,0.94926,0.9555666,0.9443389,0.9543907,0.9640536,0.9508191,0.9599999,0.94982636,0.9645514,0.955758,0.9466995,0.9469705,0.9452025,0.9423044,0.9560204,0.9516398,0.9528485,0.9501535,0.94017136,0.944031,0.9590277,0.9462472,0.9591941,0.9578491,0.9618537,0.9502645,0.9450341,0.9603572,0.8913482,0.9640931,0.92285925,0.95433,0.966818,0.98853254,0.94732594,0.9611027,0.95436484,0.9594691,0.95019764,0.95639294,0.93946064,0.96148324,0.94797474,0.9545033,0.9510931,0.959106,0.9378483,0.95626634,0.9582064,0.95237124,0.9261264,0.9489725,0.947452,0.96901524,0.9547019,0.9623981,0.95534325,0.97548026,0.96405745,0.9549376,0.96192265,0.9440056,0.9483398,0.94346267,0.936177,0.97014123,0.9631044,0.9550441,0.95006424,0.9600594,0.96472514,0.962288,0.9593941,0.9491287,0.956819,0.95632327,0.95109195,0.97548026,0.94637126,0.9736141,0.9463061,0.95615655
47metersdown,0.94280785,1.0000002,0.95067513,0.92859906,0.93293244,0.9353478,0.9581229,0.94860625,0.96522754,0.93420506,0.9506206,0.9396422,0.94570774,0.9444805,0.94487613,0.9622885,0.92967993,0.94126123,0.9490153,0.9455739,0.9494049,0.95175016,0.9495197,0.95170146,0.9491171,0.8677216,0.94521534,0.9397948,0.95214427,0.95028,0.9435496,0.9384126,0.92320657,0.94538635,0.9153256,0.9106161,0.9406438,0.952308,0.94097716,0.9448344,0.9553778,0.9487809,0.93581635,0.95385474,0.94309443,0.9425326,0.94714713,0.94697934,0.9397723,0.9494762,0.94216776,0.9538494,0.9401238,0.952983,0.93992764,0.94645053,0.930411,0.9532097,0.93171567,0.9504735,0.9480254,0.9385652,0.94008815,0.9531087,0.93235654,0.9309754,0.93725854,0.9472549,0.94178635,0.9335187,0.9528082,0.83029234,0.9470842,0.9476627,0.92375153,0.9439917,0.8879973,0.9434485,0.9401009,0.92778975,0.9470141,0.9518326,0.9505417,0.9298649,0.9358558,0.94418895,0.9493458,0.9409936,0.9396022,0.9454194,0.94061124,0.9528082,0.9433558,0.9461741,0.9386687,0.9401476,0.943782,0.9537789,0.9475636,0.9427033,0.93379176,0.9336388,0.93950325,0.9495572,0.9393844,0.94748765,0.9544729,0.9526198,0.94045186,0.9259103,0.9541479,0.8710342,0.94830483,0.8879974,0.95198876,0.9477484,0.9460103,0.9370964,0.95498145,0.9543808,0.95699847,0.9509038,0.9482033,0.9426026,0.9525923,0.950398,0.94313735,0.935846,0.9379181,0.9373522,0.9558845,0.92940205,0.9386668,0.91852427,0.9494264,0.9512127,0.9392153,0.9452959,0.94302595,0.95183444,0.96522754,0.94992626,0.93478376,0.9441041,0.94348776,0.9383699,0.92254543,0.92433566,0.95295846,0.9320297,0.9426824,0.94926983,0.9404752,0.9269388,0.9389011,0.94816905,0.9415874,0.94533366,0.9398588,0.94151753,0.96522754,0.926957,0.9534256,0.9478855,0.93748856
abeautifuldaymovie,0.9595811,0.95067513,1.0000002,0.9548992,0.96213424,0.95624226,0.96649325,0.9645473,0.98191214,0.9625619,0.9627627,0.96246445,0.95726,0.9587344,0.9590786,0.9602104,0.9601278,0.9654653,0.9473044,0.9550426,0.9549745,0.977795,0.9629201,0.9674948,0.96056986,0.8688112,0.9635067,0.957561,0.97540563,0.9579352,0.9465967,0.9507494,0.9504092,0.9669544,0.9282276,0.92727697,0.9579715,0.96211034,0.9618581,0.9646398,0.9614131,0.9621253,0.95164484,0.96368486,0.96976924,0.9605709,0.9632195,0.9656073,0.9511172,0.96304363,0.9699013,0.96998096,0.9614771,0.9574332,0.9397396,0.9612937,0.9549096,0.95087796,0.95167357,0.96143883,0.9617121,0.95605326,0.9524804,0.9669088,0.9574726,0.9493136,0.94740134,0.96568525,0.95241475,0.9429824,0.9596587,0.8418318,0.9534573,0.9554448,0.9557918,0.94152814,0.9068314,0.9527198,0.9569962,0.954334,0.9650334,0.96250653,0.9644869,0.96044505,0.9687554,0.9543029,0.96179646,0.9604641,0.94657516,0.9654409,0.9579484,0.9596587,0.965163,0.95434964,0.9631167,0.9539565,0.9596649,0.9560498,0.9568928,0.95387816,0.9551132,0.9484896,0.96290094,0.95753175,0.94502246,0.96644396,0.96275616,0.9681201,0.9617461,0.9580275,0.9656749,0.87768847,0.9647666,0.9161356,0.96294886,0.9634135,0.9695508,0.9557405,0.970146,0.95372653,0.96367085,0.9606799,0.95972234,0.95605296,0.96777135,0.96059704,0.9553193,0.9551087,0.9573424,0.9374107,0.9607788,0.96602404,0.9648193,0.9427251,0.941576,0.95897156,0.9642001,0.9560256,0.9596253,0.94705546,0.98191214,0.9716678,0.95926607,0.95774096,0.96018904,0.95803654,0.9421256,0.9383634,0.9659564,0.9545177,0.9583213,0.96967524,0.95382696,0.9441332,0.9597758,0.95618963,0.96379554,0.94898796,0.95574605,0.95167106,0.98191214,0.95712227,0.9699342,0.9595848,0.9695552
abominablemovie,0.9553512,0.92859906,0.9548992,1.0000002,0.95502585,0.9572593,0.94995517,0.95575273,0.97659004,0.9451817,0.94620454,0.93733865,0.9596013,0.9589308,0.95052713,0.95625526,0.96093035,0.96340406,0.9445302,0.9384983,0.96076345,0.9571204,0.9580589,0.96464694,0.9558426,0.8671211,0.96033084,0.9534913,0.9565104,0.9570987,0.9424506,0.96743524,0.9494224,0.94958293,0.9202717,0.9272644,0.9604334,0.9626508,0.9548713,0.9673047,0.93848175,0.9473188,0.95139694,0.95237774,0.9570609,0.95646477,0.95977175,0.9546315,0.94717693,0.955695,0.95602363,0.9662877,0.9513028,0.9540952,0.9447306,0.9528761,0.9387247,0.94158065,0.96982294,0.9505313,0.9492573,0.9625003,0.9490131,0.9592277,0.95407504,0.93822026,0.93821007,0.96155286,0.93091375,0.9261483,0.9481062,0.8274655,0.9529807,0.94124424,0.95726126,0.9512967,0.91466594,0.96043855,0.96089023,0.9543822,0.9541241,0.95909446,0.9543899,0.94636506,0.9602172,0.9384897,0.94920945,0.95501757,0.94293666,0.95881754,0.957024,0.9481062,0.9541687,0.94727576,0.95778954,0.9637562,0.93615633,0.95934546,0.9474558,0.9492593,0.9486892,0.9484384,0.9470147,0.95141417,0.9453354,0.95545393,0.96022373,0.96675897,0.9495189,0.9625988,0.96617216,0.87573487,0.9527565,0.91797054,0.94357836,0.95371944,0.96354437,0.9468028,0.9591422,0.9381967,0.96268207,0.95921606,0.9616269,0.9553104,0.9590428,0.9601383,0.958872,0.94584066,0.9417342,0.94543785,0.9537895,0.95282876,0.9582708,0.93525386,0.9386641,0.9577339,0.9401247,0.9584938,0.9549554,0.95077807,0.97659004,0.95155007,0.94674164,0.9645641,0.9498047,0.9536268,0.94975966,0.9339713,0.95698893,0.94792545,0.9490161,0.94285685,0.9626979,0.94642234,0.9481675,0.94401544,0.9630416,0.94472945,0.94404775,0.955573,0.97659004,0.9596323,0.9620546,0.957461,0.95450747
adastramovie,0.9613159,0.93293244,0.96213424,0.95502585,1.0000004,0.9606586,0.9614184,0.95574015,0.9772062,0.9608386,0.93718433,0.9501961,0.95603245,0.95288986,0.95681596,0.9428786,0.9616127,0.97335804,0.951603,0.94708115,0.9528821,0.95605206,0.9564089,0.9594757,0.9423641,0.870752,0.9604643,0.95660454,0.95176566,0.955344,0.9321655,0.96080273,0.9443489,0.96141624,0.9291131,0.9153965,0.9432515,0.95354795,0.9583575,0.9666337,0.9576744,0.9603119,0.9521664,0.9485438,0.9567895,0.9491885,0.9581564,0.9674575,0.95023924,0.954904,0.9496263,0.9680908,0.95553064,0.95486814,0.93325454,0.96879387,0.9458939,0.94669765,0.9520329,0.9586643,0.94040823,0.9493463,0.953233,0.96515673,0.9557268,0.9560951,0.952871,0.967712,0.92917675,0.9314018,0.9573641,0.8425326,0.9422265,0.94062907,0.9458334,0.9407796,0.8943417,0.9542089,0.95732296,0.9554319,0.9574062,0.9523644,0.9525387,0.94926244,0.9542479,0.9354005,0.9504375,0.9678138,0.95126444,0.95811695,0.9521518,0.9573641,0.9520633,0.94742197,0.94196063,0.9471038,0.93786496,0.9544238,0.94789976,0.95306545,0.9399676,0.94245416,0.9488381,0.95423716,0.93444026,0.9508358,0.9542679,0.9499059,0.94648707,0.95053756,0.96130717,0.877871,0.95506406,0.9299104,0.9601545,0.95213413,0.9623846,0.9521266,0.965552,0.9509121,0.9577376,0.94810027,0.9504129,0.9512561,0.9611032,0.95047253,0.9603319,0.9448422,0.96928966,0.92613304,0.9581934,0.96475166,0.95534563,0.93312067,0.9422238,0.9506827,0.95324713,0.95607704,0.95754457,0.9441498,0.9772062,0.96034354,0.9489585,0.95953923,0.9433573,0.9629601,0.9445269,0.93764955,0.95934886,0.9419407,0.9568492,0.94970816,0.94922346,0.9464016,0.95777303,0.95018446,0.9549454,0.9439989,0.940441,0.9528249,0.9772062,0.9679106,0.96067685,0.95699155,0.9516491
adogsjourneymovie,0.9469823,0.9353478,0.95624226,0.9572593,0.9606586,0.9999998,0.9597637,0.94064957,0.97209424,0.9493704,0.9491582,0.9478856,0.949499,0.95452714,0.94123477,0.9515275,0.9518905,0.95398885,0.9484113,0.9412596,0.946521,0.956538,0.9577685,0.9615013,0.95454216,0.8669671,0.944781,0.94662446,0.9402342,0.94531655,0.9314326,0.9620274,0.94528395,0.94764304,0.9255404,0.91189027,0.9480293,0.95536095,0.9455812,0.9636167,0.947005,0.94510746,0.9461097,0.93957067,0.9486482,0.94429445,0.9579424,0.9552527,0.940998,0.9447783,0.94088733,0.96182644,0.9473493,0.94646347,0.9378862,0.95304036,0.93487513,0.9367655,0.9445806,0.95711577,0.93510944,0.963035,0.9501358,0.94998366,0.95549256,0.94916654,0.9394917,0.96075994,0.9425298,0.93847466,0.94923526,0.8260201,0.94457513,0.946159,0.9554338,0.94789875,0.88620985,0.9451395,0.95043814,0.9535777,0.9525149,0.942338,0.9473812,0.9563552,0.9503141,0.93210214,0.95110315,0.95345366,0.9407651,0.9599165,0.95836884,0.94923526,0.94438004,0.947168,0.9397504,0.9522136,0.9426481,0.9557941,0.94276166,0.9485041,0.938089,0.9480188,0.9446726,0.946332,0.93331385,0.94427353,0.95785743,0.95171976,0.9370181,0.9495774,0.9523968,0.8675876,0.9440949,0.90985626,0.94595313,0.9588732,0.9578968,0.9517579,0.9597846,0.9497153,0.9562016,0.9424572,0.9561034,0.9737865,0.95229876,0.9435392,0.9655632,0.939117,0.95233727,0.9306891,0.947656,0.9555437,0.9421576,0.93305635,0.93047726,0.94098884,0.946436,0.95105827,0.9524911,0.93362266,0.97209424,0.95105153,0.9388628,0.95503503,0.9345874,0.9470129,0.9432787,0.93445295,0.94837034,0.93797696,0.94709957,0.9399601,0.9507738,0.9484895,0.95795876,0.9436045,0.9593198,0.93858135,0.932449,0.94131774,0.97209424,0.9490368,0.9530975,0.9639191,0.94110024
aftermathmovie,0.9641612,0.9581229,0.96649325,0.94995517,0.9614184,0.9597637,0.9999999,0.957393,0.9823861,0.9564169,0.95959276,0.95331955,0.9641755,0.9700783,0.9637506,0.9565278,0.95818156,0.9592924,0.9616082,0.95816433,0.9557902,0.96815234,0.9612868,0.96723217,0.9591681,0.8800428,0.9561743,0.96261364,0.9611068,0.9581289,0.9492878,0.9566913,0.951929,0.9614528,0.9294742,0.92979485,0.95824564,0.9664072,0.9696676,0.9638462,0.9547424,0.9650464,0.94796306,0.9590444,0.9676312,0.9595252,0.9585082,0.9622846,0.9599198,0.9604937,0.9606642,0.9760885,0.9562432,0.9662012,0.948136,0.9655316,0.9549229,0.9651852,0.9481708,0.9746854,0.9518844,0.9540137,0.96602106,0.96620494,0.9558552,0.95397973,0.9571304,0.96629936,0.9514594,0.94457674,0.9745759,0.8222435,0.9587222,0.96514297,0.94627136,0.9495593,0.9055507,0.95307523,0.9577327,0.9572144,0.95555735,0.9766314,0.9646059,0.950067,0.9608573,0.9619222,0.9592073,0.967257,0.9591224,0.9648678,0.9506751,0.9745759,0.962586,0.96094877,0.959263,0.9561351,0.9524589,0.95637643,0.98194003,0.9574321,0.9538407,0.9468735,0.9578643,0.971087,0.94984275,0.9612342,0.95900005,0.95557725,0.96083814,0.9577827,0.9662553,0.8864912,0.9644495,0.9151521,0.96177757,0.9636601,0.9673565,0.9476769,0.9705078,0.9877044,0.9625607,0.96399707,0.9676825,0.951424,0.9632379,0.9626081,0.96335495,0.954778,0.962527,0.94436234,0.9681234,0.9484637,0.95627224,0.9373739,0.9517847,0.95389503,0.95552355,0.9639818,0.96826327,0.9601473,0.9823861,0.9641365,0.95854104,0.9542541,0.9443572,0.9632711,0.9364649,0.9451196,0.9609592,0.9513787,0.9863631,0.9581548,0.96175116,0.94285434,0.9652889,0.96771985,0.9640418,0.96363354,0.9598969,0.9508686,0.9823861,0.96021694,0.9688809,0.9614576,0.9564902
aftermovie,0.957195,0.94860625,0.9645473,0.95575273,0.95574015,0.94064957,0.957393,1.0,0.97843957,0.947586,0.96019137,0.9402924,0.9650197,0.9600905,0.9544341,0.9531515,0.9593558,0.9586182,0.9511014,0.9548052,0.9541821,0.96439326,0.9575796,0.95525116,0.9502791,0.8734129,0.96051437,0.96053475,0.96519065,0.9492779,0.9539659,0.95627683,0.93733644,0.9590977,0.92625487,0.9318077,0.95527357,0.96290296,0.9517561,0.96420556,0.9625357,0.9620452,0.9426314,0.9635657,0.964554,0.9561467,0.95676154,0.96125406,0.9405701,0.96514153,0.9577387,0.96320534,0.96344835,0.95934916,0.9625602,0.955502,0.9501248,0.9553858,0.96056795,0.9556961,0.95629615,0.9463934,0.95786214,0.96446615,0.94799536,0.9475252,0.9551367,0.9540861,0.9488345,0.93924034,0.96308,0.8196385,0.9519968,0.9547444,0.9512111,0.937742,0.908031,0.95664275,0.95496595,0.94949615,0.9650484,0.9529284,0.9644058,0.95312715,0.9586379,0.9477139,0.9523092,0.9657117,0.9539923,0.95816785,0.9468645,0.96308,0.96750677,0.95148176,0.95576787,0.95300734,0.9482309,0.95299846,0.9556803,0.9489028,0.9456108,0.93840915,0.95110947,0.96627593,0.9453001,0.95666504,0.95887697,0.9634132,0.9564195,0.9523258,0.9626823,0.87434787,0.9602901,0.9115608,0.95653087,0.9587845,0.9637118,0.9520564,0.96486324,0.9492576,0.9641399,0.9616952,0.9572207,0.9432675,0.96319073,0.964589,0.94673204,0.95252,0.94527555,0.94660336,0.964228,0.95075214,0.96355253,0.94174516,0.9461516,0.9517394,0.9558669,0.9578969,0.9613339,0.950485,0.97843957,0.95995104,0.9446362,0.96606,0.9592481,0.95129645,0.93225324,0.9397585,0.96116424,0.94168735,0.9545138,0.9610788,0.9549493,0.9392729,0.9553506,0.95964384,0.9625646,0.9583081,0.9611997,0.95419186,0.97843957,0.950236,0.97319674,0.95621735,0.9521574
ahiddenlifefilm,0.97548026,0.96522754,0.98191214,0.97659004,0.9772062,0.97209424,0.9823861,0.97843957,1.0,0.9731518,0.97346354,0.9667755,0.9793076,0.98119605,0.9765783,0.9724382,0.97683305,0.97928256,0.96741873,0.9713107,0.9757156,0.98146194,0.9785846,0.9840598,0.97446066,0.8915386,0.9760456,0.97605854,0.97860444,0.97508204,0.96074986,0.97502965,0.9633651,0.9786358,0.9431055,0.9442145,0.9759472,0.982037,0.9762696,0.98140585,0.9707484,0.979108,0.9644422,0.9782679,0.9790095,0.97627664,0.9776851,0.97995543,0.96361625,0.97922367,0.97584015,0.9857388,0.9746656,0.97797424,0.9630628,0.9773843,0.9690052,0.974319,0.9727121,0.9828035,0.9695699,0.9738389,0.976919,0.98321676,0.96971387,0.9652203,0.9685994,0.9809689,0.9634592,0.95954514,0.9837308,0.845186,0.9725608,0.9723553,0.96682805,0.9689968,0.9254752,0.9759941,0.9748959,0.97361165,0.9774053,0.9785404,0.97767025,0.9691969,0.9788466,0.96634805,0.9752018,0.97906405,0.9718376,0.9814159,0.9735614,0.9837308,0.9775439,0.9681124,0.97536063,0.973157,0.96713525,0.97771597,0.97287947,0.9717533,0.96843535,0.9636443,0.97244275,0.98241687,0.96570045,0.97661334,0.98135185,0.9802294,0.9726703,0.9756663,0.981476,0.90065426,0.979718,0.93476456,0.9757761,0.97924256,0.98287165,0.9700205,0.9853054,0.973107,0.9831422,0.9795223,0.97983027,0.96849257,0.98123556,0.97627765,0.9765971,0.9689175,0.9698123,0.9564197,0.9809614,0.96836346,0.97746205,0.95656997,0.96604156,0.9730599,0.972544,0.97795284,0.9823388,0.9714013,1.0,0.9797222,0.9691011,0.9787654,0.9706356,0.96925735,0.96332103,0.9581119,0.9810874,0.9656185,0.9755988,0.97008574,0.9746261,0.9606107,0.9779966,0.9790965,0.9779056,0.97459555,0.9747986,0.97623736,1.0,0.9746255,0.9852299,0.9760208,0.9721032
alitamovie,0.9479257,0.93420506,0.9625619,0.9451817,0.9608386,0.9493704,0.9564169,0.947586,0.9731518,0.99999976,0.9459812,0.95406544,0.94607747,0.955533,0.95361865,0.9479615,0.96333665,0.960033,0.93667114,0.940514,0.9516661,0.9522926,0.96291876,0.95843303,0.9548413,0.87143517,0.9460301,0.95522255,0.9595057,0.9451888,0.9216186,0.9464304,0.9388984,0.95969516,0.9199044,0.91661006,0.94380873,0.950377,0.95427346,0.9512528,0.944641,0.95899236,0.9404135,0.9609479,0.9435947,0.94994444,0.95860964,0.9589631,0.939901,0.95639646,0.9533417,0.95869565,0.95151806,0.9518497,0.9229533,0.9572448,0.94131017,0.9516366,0.9486211,0.9588691,0.94147974,0.9533104,0.9528841,0.9521893,0.9480913,0.94906354,0.9464658,0.9574747,0.93802404,0.9252034,0.96364164,0.8322555,0.9391896,0.94714135,0.94257134,0.9414957,0.90364486,0.9452691,0.9542889,0.9445273,0.95488304,0.9539535,0.94842553,0.95458174,0.95253706,0.94007796,0.9503687,0.9527229,0.945287,0.95698076,0.9436028,0.96364164,0.95465344,0.9374809,0.94492036,0.9417104,0.9364347,0.9480944,0.94281197,0.95778173,0.94036645,0.9372248,0.9554786,0.9556773,0.95055413,0.9562647,0.95049024,0.9468286,0.95325094,0.94770837,0.9604405,0.88478947,0.94530416,0.91576517,0.95791,0.9492469,0.95804787,0.9553807,0.9645504,0.9359292,0.95555633,0.95592475,0.955295,0.9433214,0.95204806,0.9465341,0.9527393,0.94206613,0.9516471,0.9247008,0.9532939,0.96148133,0.95234543,0.9382096,0.9424106,0.93961686,0.9518871,0.9468775,0.9588863,0.9390834,0.9731518,0.9525897,0.94790256,0.9406431,0.9502635,0.9395186,0.94713914,0.9354163,0.9512984,0.94183195,0.9451351,0.9492038,0.9383205,0.93680596,0.958284,0.957374,0.95648766,0.95006543,0.9431322,0.94645965,0.9731518,0.9557703,0.9521943,0.95762223,0.95793074
angelhasfallen,0.9504363,0.9506206,0.9627627,0.94620454,0.93718433,0.9491582,0.95959276,0.96019137,0.97346354,0.9459812,1.0,0.9355906,0.9600372,0.9625833,0.9467017,0.9520779,0.9456777,0.9510826,0.9473451,0.9456481,0.95182574,0.9589451,0.9603472,0.9648058,0.9561064,0.86289173,0.955201,0.95418346,0.95290524,0.948441,0.952541,0.9522274,0.9406037,0.9447828,0.9217848,0.92935956,0.9551712,0.96178484,0.94654524,0.95407987,0.9491921,0.94939166,0.9267998,0.9557635,0.9558978,0.9522139,0.95970505,0.951853,0.93246067,0.9530792,0.9534477,0.961305,0.959133,0.95907724,0.9461244,0.94809234,0.95920545,0.95513624,0.9456772,0.9556313,0.95137626,0.943496,0.9606959,0.96102774,0.9538165,0.9475821,0.94669145,0.9565897,0.9590855,0.95996505,0.9546242,0.8284515,0.9494889,0.9622507,0.95381457,0.94856757,0.89809674,0.95663786,0.9437151,0.94077545,0.97078675,0.9530216,0.9562704,0.9543939,0.95232415,0.9438798,0.9617615,0.9603392,0.9330113,0.9562418,0.95053697,0.9546242,0.9508109,0.94210213,0.956875,0.9562196,0.96752137,0.94941413,0.9461725,0.95252454,0.9473688,0.939845,0.9486408,0.9536323,0.9456156,0.9554386,0.96353036,0.96767807,0.9501111,0.9522778,0.9580547,0.8750918,0.95901334,0.89128345,0.9576516,0.9732078,0.9615089,0.94633734,0.9590277,0.94710237,0.957107,0.95605797,0.96309984,0.9391778,0.95937014,0.9525418,0.9573385,0.9470687,0.93482894,0.93837744,0.9522465,0.9404237,0.95663345,0.93754315,0.9430347,0.94711363,0.9559699,0.9495757,0.94888157,0.9489946,0.97346354,0.95096,0.94793516,0.9550403,0.942928,0.9304834,0.9290548,0.9344482,0.9575286,0.9403457,0.94724613,0.94913524,0.9462356,0.94646716,0.9548076,0.94883895,0.95825326,0.9500341,0.9582457,0.95697,0.97346354,0.935704,0.96827275,0.95807415,0.94927907
angrybirdsmovie,0.9431803,0.9396422,0.96246445,0.93733865,0.9501961,0.9478856,0.95331955,0.9402924,0.9667755,0.95406544,0.9355906,0.99999994,0.9421951,0.9435955,0.94739455,0.94625133,0.94078225,0.9502347,0.93764234,0.94275093,0.9418931,0.9629637,0.9561762,0.9460486,0.93781465,0.8641935,0.95192295,0.9389029,0.95700276,0.94876844,0.92109156,0.92212737,0.92352206,0.95113826,0.90544444,0.8991453,0.94946,0.9424838,0.9463969,0.943611,0.9335595,0.9467127,0.94555384,0.946138,0.94714487,0.94658864,0.952383,0.96254975,0.9266472,0.94482,0.9580941,0.9489163,0.9403021,0.94508934,0.9172721,0.9465478,0.93413484,0.9414477,0.9357007,0.95562774,0.93913054,0.9462228,0.93480927,0.9475471,0.9413592,0.93965733,0.9496641,0.94982386,0.93489236,0.9183839,0.9558658,0.8297918,0.9344387,0.936816,0.9304911,0.9324603,0.8933663,0.9334888,0.95232993,0.9322405,0.94502157,0.9446555,0.9416415,0.93874395,0.9597256,0.93376535,0.94598436,0.95014673,0.93798923,0.94114584,0.9550708,0.9558658,0.94212943,0.93508184,0.9540691,0.9391349,0.9239718,0.9468839,0.94745094,0.9488718,0.94109285,0.93074155,0.94328755,0.9533627,0.9305854,0.95557255,0.9539873,0.9494536,0.94886786,0.94329256,0.96142375,0.8611253,0.95046514,0.89570856,0.94393545,0.939034,0.94599944,0.9449912,0.95628107,0.93158364,0.95061684,0.94317,0.93444157,0.94956726,0.94586533,0.9297091,0.9469857,0.9429904,0.9510098,0.9308458,0.9476415,0.94527394,0.9435173,0.9232454,0.92758095,0.93775725,0.93091494,0.94129235,0.95518863,0.94424933,0.9667755,0.95663035,0.9426547,0.94886404,0.94516945,0.9449521,0.9397479,0.92501163,0.9468084,0.92344904,0.94020396,0.94516283,0.94343305,0.92163897,0.95318824,0.95283955,0.9470464,0.94540584,0.9304525,0.94063765,0.9667755,0.9420752,0.9459486,0.9496532,0.9531489
annabellemovie,0.9590729,0.94570774,0.95726,0.9596013,0.95603245,0.949499,0.9641755,0.9650197,0.9793076,0.94607747,0.9600372,0.9421951,1.0000006,0.9651921,0.95431477,0.95227367,0.9537297,0.952855,0.9492732,0.95871246,0.9606436,0.96324587,0.95080304,0.95993865,0.9533905,0.87860304,0.95308095,0.96222466,0.95696485,0.952099,0.9511253,0.965101,0.9345115,0.9599827,0.93547785,0.9364608,0.9592933,0.97988755,0.9583419,0.969837,0.95942974,0.9613585,0.93316877,0.95546603,0.9663957,0.9599073,0.95419776,0.95796734,0.9426456,0.9613835,0.95819753,0.96440774,0.95944244,0.9647288,0.96203274,0.9557709,0.95602643,0.9512578,0.9577509,0.961532,0.961285,0.9525334,0.96798134,0.969482,0.95426285,0.9501352,0.94622254,0.9604187,0.9510659,0.9533707,0.96178156,0.8536754,0.95263594,0.9584292,0.95054364,0.95500153,0.9217174,0.9516752,0.95389724,0.95134985,0.96133935,0.96027255,0.96537596,0.94587266,0.9645234,0.95120406,0.96435964,0.9828241,0.9581608,0.96549433,0.95292777,0.96178156,0.95565,0.9565681,0.96292627,0.9516904,0.9532234,0.95870775,0.9559311,0.94867045,0.9506406,0.94324726,0.95161414,0.96444017,0.9458021,0.9627268,0.9600585,0.96013445,0.95508164,0.95770293,0.95961535,0.87576663,0.96524405,0.9168279,0.9550352,0.9633095,0.965061,0.95091313,0.9693633,0.9602473,0.963604,0.95509636,0.9613253,0.9371234,0.97327465,0.9561565,0.9684087,0.9497644,0.947763,0.92352116,0.96484804,0.945932,0.9625175,0.94337296,0.9518867,0.9524901,0.9546319,0.96133566,0.9582413,0.9516965,0.9793076,0.9584153,0.9476342,0.9653268,0.95478547,0.941309,0.9378793,0.94963586,0.96833724,0.9532819,0.95538664,0.95234805,0.9578016,0.9469511,0.9583352,0.9557921,0.9568357,0.955829,0.96198213,0.95845973,0.9793076,0.95227,0.96670336,0.95174223,0.95487523
annamovie,0.9566225,0.9444805,0.9587344,0.9589308,0.95288986,0.95452714,0.9700783,0.9600905,0.98119605,0.955533,0.9625833,0.9435955,0.9651921,1.0000004,0.95988065,0.95516795,0.96099406,0.95244735,0.9508668,0.95663327,0.95534086,0.9612667,0.9669135,0.96597576,0.96293795,0.8779866,0.95800763,0.9575407,0.9625257,0.95907235,0.9456781,0.96056986,0.9490522,0.9610425,0.9332106,0.93503416,0.9634942,0.968518,0.95888394,0.96303844,0.9463772,0.96218014,0.9424964,0.9600296,0.9651886,0.9575517,0.959406,0.9552696,0.94575685,0.9622457,0.9578685,0.96311194,0.9592083,0.95849377,0.9549876,0.9581234,0.9566014,0.95803195,0.95373744,0.9663422,0.95148426,0.9462203,0.9690272,0.97368264,0.94895744,0.95447195,0.9531646,0.96084034,0.95016795,0.9545293,0.96818507,0.8150918,0.95836353,0.95594823,0.94739467,0.9524979,0.920669,0.9637752,0.9577004,0.94769204,0.96369135,0.96194077,0.95722294,0.9550989,0.9648569,0.9529238,0.95434004,0.961792,0.96583563,0.9653709,0.95754045,0.96818507,0.95368975,0.9409587,0.9620726,0.9580835,0.95288956,0.9598859,0.96008056,0.9687622,0.95154047,0.9531754,0.9522641,0.966673,0.9642515,0.9587425,0.96323884,0.9628417,0.9509909,0.95485586,0.96168256,0.88967496,0.96464795,0.9078805,0.9527356,0.9608111,0.96210974,0.9469477,0.96481025,0.9627469,0.96228987,0.9611019,0.9685263,0.94496006,0.95936495,0.95774466,0.9602139,0.95411384,0.95233136,0.93618727,0.96635735,0.9425206,0.96257865,0.9466547,0.9486498,0.9576178,0.95473415,0.95795447,0.9676161,0.94758016,0.98119605,0.95963097,0.9513878,0.9589163,0.94743043,0.94534737,0.9402411,0.9477222,0.96158284,0.94238645,0.9587714,0.9536035,0.9546269,0.94748753,0.96042556,0.9601965,0.9604964,0.95691574,0.9614125,0.96017766,0.98119605,0.9497789,0.9636479,0.96194196,0.9571007
apollo11movie,0.95182365,0.94487613,0.9590786,0.95052713,0.95681596,0.94123477,0.9637506,0.9544341,0.9765783,0.95361865,0.9467017,0.94739455,0.95431477,0.95988065,0.99999994,0.9527039,0.95619714,0.9572991,0.9500054,0.970424,0.9541597,0.9545651,0.95663464,0.9646923,0.9517776,0.8594195,0.95898986,0.95455384,0.9556553,0.9600177,0.94643176,0.95457506,0.94789153,0.9644548,0.90352595,0.9074132,0.94582033,0.9552064,0.9552144,0.9615814,0.9494681,0.9582372,0.9379742,0.95285714,0.9538387,0.95425916,0.95521253,0.9619266,0.9445885,0.95312595,0.95051,0.97189367,0.9532174,0.95566815,0.93809086,0.962517,0.94163865,0.9628033,0.95115936,0.9617123,0.9409604,0.94906527,0.9541594,0.96759593,0.9480651,0.94043833,0.938246,0.964285,0.94667727,0.9279042,0.9646549,0.80638653,0.947755,0.94493836,0.93103456,0.93314034,0.8894295,0.95307446,0.9608489,0.9518445,0.95079184,0.9494769,0.9543873,0.9428857,0.9493265,0.95054805,0.9509684,0.95719314,0.94790274,0.96005917,0.95182174,0.9646549,0.95553094,0.9493725,0.94984275,0.97663826,0.9487685,0.94953775,0.9535434,0.9472767,0.9517118,0.9428889,0.9508848,0.96738404,0.93965715,0.9494901,0.9607253,0.9563837,0.94964373,0.9549979,0.9569027,0.88447565,0.9600419,0.90159684,0.9600657,0.9459093,0.95278686,0.94169134,0.9649099,0.9525908,0.9648693,0.95934427,0.95556116,0.9450437,0.9578229,0.9626317,0.947837,0.940025,0.9475884,0.9320947,0.96241343,0.9416326,0.9536289,0.93320715,0.9395886,0.9572074,0.9440672,0.95730793,0.9666375,0.95571697,0.9765783,0.95725244,0.9504359,0.9536179,0.9496862,0.95219934,0.93536794,0.92844766,0.95222396,0.93285954,0.9580111,0.94858474,0.9524343,0.9261547,0.9562734,0.9632791,0.9582558,0.9584605,0.95678836,0.95383096,0.9765783,0.95717776,0.96375465,0.9517559,0.94345033
arcticdogsmovie,0.9509869,0.9622885,0.9602104,0.95625526,0.9428786,0.9515275,0.9565278,0.9531515,0.9724382,0.9479615,0.9520779,0.94625133,0.95227367,0.95516795,0.9527039,0.9999997,0.95098245,0.95965964,0.95001894,0.9585262,0.9602295,0.9590465,0.95841086,0.96356106,0.9660667,0.87166464,0.9505334,0.94529134,0.96611005,0.9576766,0.9549652,0.95345235,0.94063175,0.9611137,0.92411464,0.92630595,0.9566226,0.9542153,0.94779587,0.96113265,0.9471981,0.95378906,0.9492234,0.96215624,0.9537241,0.95550954,0.9589302,0.95289123,0.94177145,0.9574126,0.9616333,0.9642222,0.94454414,0.9529369,0.94177157,0.95292526,0.9359979,0.9478867,0.9599677,0.9513179,0.9522074,0.96221656,0.9488419,0.95338446,0.95475113,0.9380914,0.9452338,0.96523124,0.9457177,0.94422823,0.95359844,0.82044786,0.9433327,0.9536828,0.9355543,0.95261097,0.9141963,0.9529773,0.96138096,0.94054973,0.9603633,0.955227,0.9562787,0.9421386,0.9567973,0.9577427,0.9567211,0.9510518,0.9438475,0.9590883,0.95094204,0.95359844,0.9447629,0.9497853,0.9570903,0.9521867,0.95525545,0.9675751,0.946932,0.9544733,0.95058453,0.95502114,0.94535947,0.95739263,0.9394981,0.9620561,0.9625493,0.96997607,0.9563756,0.94473654,0.95863587,0.8771761,0.9514545,0.9124702,0.94866407,0.9551388,0.9593516,0.94688666,0.96507704,0.9481008,0.9643447,0.9536597,0.96367854,0.9475624,0.9628309,0.96221966,0.95723176,0.94690466,0.94639295,0.9391439,0.9611197,0.94561666,0.9491231,0.9306475,0.9384909,0.9562641,0.9471538,0.9550585,0.9461269,0.9497366,0.9724382,0.9562554,0.9584376,0.9524782,0.9512264,0.9504091,0.9369257,0.93178904,0.9488568,0.9480094,0.94034684,0.9541319,0.94636554,0.94973075,0.94748694,0.95245576,0.94878083,0.9509666,0.9432974,0.94533896,0.9724382,0.9504865,0.9607175,0.94621575,0.9464802
arcticmovie,0.9454731,0.92967993,0.9601278,0.96093035,0.9616127,0.9518905,0.95818156,0.9593558,0.97683305,0.96333665,0.9456777,0.94078225,0.9537297,0.96099406,0.95619714,0.95098245,1.0000002,0.956149,0.9335344,0.9427639,0.94811505,0.95440835,0.9639325,0.96807873,0.9525573,0.88296854,0.94906616,0.96805334,0.95708746,0.9467147,0.92686653,0.95264125,0.94644314,0.9573464,0.90970534,0.9190279,0.9572885,0.9554836,0.9497962,0.9641526,0.9447947,0.9539524,0.9424787,0.95938575,0.9526626,0.9572276,0.96500105,0.95197994,0.9456817,0.9553748,0.95638084,0.9667202,0.9591185,0.9480217,0.94460577,0.9538309,0.9337084,0.95220554,0.9601542,0.96408254,0.94206727,0.9511452,0.9535301,0.9537685,0.9538091,0.9487924,0.9460454,0.9652278,0.9477958,0.9287042,0.96517575,0.81230944,0.9434743,0.946072,0.9477945,0.94337904,0.9026462,0.9504654,0.9544414,0.9501345,0.9525135,0.95999914,0.9524325,0.9510771,0.9608908,0.948389,0.95363086,0.9496338,0.9542758,0.9542907,0.9426866,0.96517575,0.96782655,0.9444236,0.9509618,0.95316786,0.94408417,0.9482877,0.954433,0.95124125,0.9534237,0.93340385,0.9532646,0.9573187,0.95065373,0.9575887,0.9584339,0.95703375,0.94549364,0.9585335,0.9530185,0.88165665,0.955305,0.9073572,0.9582912,0.94768506,0.9529262,0.9538229,0.9601868,0.94162357,0.95921403,0.96409065,0.96034557,0.9505451,0.96069777,0.955374,0.9490993,0.9488159,0.9471739,0.9292128,0.9544407,0.95223004,0.9732674,0.9506461,0.93474513,0.94782436,0.94516045,0.9619882,0.96747035,0.94415575,0.97683305,0.9536464,0.957444,0.95754266,0.9482313,0.94704616,0.9461854,0.92907166,0.94913995,0.9404094,0.95451474,0.9488433,0.9502424,0.934522,0.9609609,0.95823824,0.96463156,0.95089436,0.9538103,0.95403874,0.97683305,0.9579325,0.963306,0.9637976,0.9516893
artofracingmovie,0.96282357,0.94126123,0.9654653,0.96340406,0.97335804,0.95398885,0.9592924,0.9586182,0.97928256,0.960033,0.9510826,0.9502347,0.952855,0.95244735,0.9572991,0.95965964,0.956149,1.0000002,0.952091,0.9467937,0.9608958,0.95683396,0.9597694,0.96578765,0.9555026,0.8699434,0.9641572,0.95400727,0.9573647,0.95693517,0.9445928,0.9625551,0.954224,0.9578108,0.9247553,0.9220973,0.95207196,0.95618314,0.9619008,0.96807605,0.9487838,0.9623245,0.9589583,0.96501637,0.9533766,0.9480799,0.96264106,0.9660601,0.9476767,0.9656956,0.9539745,0.97540885,0.95600194,0.958827,0.9254454,0.96565485,0.95227855,0.9494818,0.95607454,0.95767266,0.9461508,0.95701444,0.94602346,0.9649854,0.9644769,0.941293,0.9496149,0.9743841,0.93181306,0.9346,0.95936084,0.82967407,0.950061,0.94898707,0.94201183,0.95247424,0.89832294,0.9600101,0.9565239,0.9601245,0.95921856,0.9578049,0.9596972,0.9530417,0.95417845,0.94752103,0.95803237,0.9643937,0.9448083,0.9585736,0.9540954,0.95936084,0.9559819,0.9539935,0.9512696,0.95569044,0.93926805,0.95811474,0.94766444,0.95378745,0.9446351,0.9456448,0.9530999,0.95988715,0.9405986,0.9545592,0.9630551,0.9662688,0.955766,0.96004456,0.96558183,0.8783565,0.95313424,0.93284583,0.95528585,0.9576436,0.9688189,0.94917417,0.96781886,0.9434018,0.9661643,0.9585183,0.9592642,0.9510811,0.96404165,0.96382844,0.9610553,0.94688785,0.9616766,0.9440122,0.9612801,0.96702904,0.95600146,0.9263809,0.9432222,0.9548054,0.9535214,0.9578617,0.9608088,0.9521351,0.97928256,0.9567628,0.9521337,0.9566103,0.95219487,0.9621514,0.9523173,0.9300625,0.95655054,0.9491756,0.9539192,0.952146,0.9459414,0.95013374,0.957057,0.9554677,0.9527297,0.95713115,0.95096385,0.95287687,0.97928256,0.96932954,0.96751225,0.95593333,0.95248413
avengers,0.9684257,0.9490153,0.9473044,0.9445302,0.951603,0.9484113,0.9616082,0.9511014,0.96741873,0.93667114,0.9473451,0.93764234,0.9492732,0.9508668,0.9500054,0.95001894,0.9335344,0.952091,1.0000001,0.94575715,0.946425,0.95051676,0.9426605,0.9463942,0.94843936,0.8533442,0.94882727,0.9420755,0.9492295,0.95463365,0.9671641,0.9443179,0.92653155,0.9449985,0.91899616,0.9055809,0.9449655,0.94953626,0.9463137,0.95297945,0.9447808,0.9567398,0.9281218,0.942732,0.95264614,0.9501021,0.9410355,0.95973593,0.93536824,0.94804126,0.9457688,0.9573718,0.94791675,0.9593535,0.92955834,0.9585311,0.94871485,0.9509715,0.93944746,0.9539374,0.9344231,0.9439294,0.94919133,0.96522045,0.94646835,0.939428,0.9368103,0.95399004,0.92768025,0.9409813,0.9607299,0.81164956,0.950396,0.9438994,0.92700577,0.9300129,0.87840766,0.941957,0.9546847,0.9398984,0.9489558,0.9459644,0.95250124,0.93407613,0.94184005,0.93524677,0.94189733,0.9573434,0.9336179,0.9504511,0.94340336,0.9607299,0.9441563,0.9400526,0.94472605,0.9389618,0.9448606,0.94910717,0.955403,0.93835545,0.9454816,0.94702196,0.9334475,0.95825696,0.9261738,0.9479889,0.9617684,0.9565846,0.9445812,0.9329119,0.9537414,0.8811155,0.94916505,0.8992722,0.94425815,0.9518892,0.95804477,0.93042576,0.95413584,0.95188105,0.95759594,0.939664,0.9438837,0.93152094,0.9520616,0.95038706,0.94994867,0.95052457,0.9539179,0.9321334,0.9541673,0.94213295,0.9391247,0.92503536,0.9419032,0.9495523,0.93989164,0.94336504,0.9575692,0.94448966,0.96741873,0.9538999,0.94019765,0.9522733,0.93218535,0.95307577,0.9353139,0.9252037,0.9646365,0.93655884,0.9503755,0.9329919,0.9514719,0.9445468,0.9528481,0.951168,0.9386574,0.9499155,0.94181216,0.94390273,0.96741873,0.9461976,0.96037084,0.9467857,0.9365382
beachbummovie,0.9478261,0.9455739,0.9550426,0.9384983,0.94708115,0.9412596,0.95816433,0.9548052,0.9713107,0.940514,0.9456481,0.94275093,0.95871246,0.95663327,0.970424,0.9585262,0.9427639,0.9467937,0.94575715,1.0000004,0.9432133,0.9539754,0.95131254,0.95390254,0.9476287,0.8634159,0.9521907,0.9487942,0.9541014,0.9495283,0.9508963,0.9463487,0.9447678,0.96094316,0.9077914,0.9083943,0.953292,0.9534173,0.9471201,0.95357096,0.947163,0.96011364,0.94299334,0.9583107,0.9558844,0.9495039,0.95013964,0.952171,0.9286647,0.95921075,0.9482491,0.95904064,0.93675435,0.9490252,0.9383599,0.9529232,0.9396166,0.9504545,0.95090824,0.9633483,0.94426656,0.94658226,0.9573675,0.9589299,0.9408154,0.93545294,0.9376222,0.9568568,0.94514847,0.94118065,0.96047163,0.7864837,0.93771696,0.95819414,0.92387164,0.939024,0.89901453,0.9513103,0.9507231,0.93977845,0.9532073,0.95201045,0.9554175,0.92874634,0.9538027,0.94483966,0.9512833,0.95692873,0.9416724,0.9597871,0.94109845,0.96047163,0.95260173,0.9478438,0.95580924,0.95150775,0.95464605,0.9666875,0.94879586,0.94729865,0.94083756,0.94085294,0.94665897,0.9630332,0.9325195,0.94809645,0.9576004,0.95629174,0.94483685,0.9404052,0.947263,0.8750945,0.9538844,0.90036094,0.9497403,0.94994414,0.952823,0.9303879,0.96281856,0.9568402,0.9558931,0.9480942,0.9561777,0.9303047,0.9619752,0.95610666,0.95094913,0.9342295,0.9443071,0.9310815,0.96496004,0.93649846,0.948427,0.9282128,0.93463624,0.9486573,0.9506995,0.9461606,0.96004313,0.94743294,0.9713107,0.9562808,0.94371223,0.9525614,0.9432042,0.93765557,0.92594564,0.9293416,0.9513687,0.9378273,0.950656,0.95509565,0.93189174,0.9305037,0.95037085,0.96462417,0.9514618,0.94840735,0.9564636,0.9430236,0.9713107,0.94422257,0.9573062,0.9350046,0.93736124
bernadettefilm,0.9541374,0.9494049,0.9549745,0.96076345,0.9528821,0.946521,0.9557902,0.9541821,0.9757156,0.9516661,0.95182574,0.9418931,0.9606436,0.95534086,0.9541597,0.9602295,0.94811505,0.9608958,0.946425,0.9432133,1.0000001,0.960559,0.9556264,0.9583659,0.9523319,0.8567295,0.9510408,0.95556015,0.9573585,0.95911205,0.9425922,0.95893216,0.9470981,0.9534518,0.9381781,0.9251771,0.9447848,0.96314645,0.95664763,0.9571165,0.94275135,0.9461981,0.9433198,0.9554344,0.9548911,0.9556109,0.95801854,0.9607198,0.9317827,0.9517577,0.9580312,0.96206063,0.9508025,0.9636863,0.93842894,0.9455182,0.9490092,0.9458587,0.95515406,0.95800287,0.95070845,0.94953454,0.94835573,0.9671548,0.9531055,0.9324658,0.9372055,0.95314044,0.9428942,0.9359056,0.9597712,0.8503891,0.9490451,0.9573878,0.9507588,0.9520102,0.9117375,0.96103114,0.95223665,0.9489998,0.9619363,0.9588903,0.9613032,0.944617,0.95397526,0.94425905,0.9575631,0.95812917,0.95735615,0.961716,0.9537127,0.9597712,0.94581354,0.94415784,0.9557135,0.94809824,0.9358807,0.96262896,0.94554996,0.9467961,0.94087464,0.94612926,0.9482912,0.964665,0.93382305,0.9608854,0.95613605,0.962064,0.9534068,0.9565348,0.9685663,0.8747959,0.9543182,0.922563,0.96072614,0.96167004,0.9637695,0.951266,0.96318763,0.94700533,0.97196656,0.95833296,0.95912045,0.9483497,0.9566875,0.9597627,0.96543485,0.9515996,0.9296188,0.9480614,0.9686586,0.93240094,0.9569217,0.93532336,0.94399893,0.9533802,0.9533523,0.95120734,0.9521223,0.9495536,0.9757156,0.9556986,0.94528246,0.9645228,0.9500955,0.94162333,0.9437861,0.9465236,0.9676315,0.9458637,0.9490823,0.94672686,0.95200324,0.9533315,0.9559811,0.9567613,0.9541793,0.95869404,0.94284683,0.9561707,0.9757156,0.9559557,0.9669783,0.9548104,0.94657034
