movie,21bridgesmovie,47metersdown,abeautifuldaymovie,abominablemovie,adastramovie,adogsjourneymovie,aftermathmovie,aftermovie,ahiddenlifefilm,alitamovie,angelhasfallen,angrybirdsmovie,annabellemovie,annamovie,apollo11movie,arcticdogsmovie,arcticmovie,artofracingmovie,avengers,beachbummovie,bernadettefilm,blackandbluemovie,blackchristmas,blindedbythelightmovie,bombshellmovie,booksmart,breakthroughmovie,brianbanksmovie,brightburnmovie,brittanyrunsmov,captainmarvelofficial,captivestatemovie,catsmovie,charliesangels,childsplaymovie,clarathefilm,coldpursuitmovie,countdown,currentwarmovie,darkwatersmovie,detectivepikachumovie,disneyaladdin,disneyfrozen,disneymaleficent,doctorsleepmovie,dolemiteismyname,dontletgomovie,doramovie,downtonabbey_official,dumbo,escaperoom,everybodyknowsmovie,fastandfuriousmovie,fightingwmyfam,fivefeetapartfilm,fordvferrari,freaksthefilm,geminimanmovie,glassmovie,gloriabellmovie,godzillamovie,goldfinchmovie,goodboysmovie,goodliarmovie,gretafilm,halathemovie,happydeathdaymovie,harrietfilm,hellboymovie,hersmellmovie,highlifemovie,highstrungmovie,honeyboymovie,hotelmumbaifilm,httydragon,hustlemovie,hustlersmovie,isntitromantic,itmovieofficial,jayandsilentbob,johnwickmovie,jojorabbitmovie,jokermovie,judythefilm,jumanjimovie,justmercyfilm,knivesout,lalloronamovie,lastblackmansf,lastchristmasthemovie,latenightmovie,lighthousemovie,lionking,littlethemovie,littlewomenmovie,littlewoodsfilm,longshotmovie,lordsofchaosmovie,lucyintheskyfilm,mamovie2019,marriagestory,meettheaddams,meninblack,midsommarmovie,midwaymovie,missbalamovie,missinglinkfilm,motherlessbklyn,onceinhollywood,onthebasisofsex,overcomermovie,peanutbutterfalcon,petsematarymovie,piercingmovie,playingwithfire,playmobilthemovie,pomsmovie,queenandslim,rambomovie,readyornotfilm,richardjewellfilm,rocketmanmovie,scarystoriesmovie,secretlifeofpets,serenityfilm,shaftmovie,shazammovie,spidermanmovie,spiesindisguise,starwars,stormboymovie,stubermovie,taosdfilm,teenspiritmov,terminator,theaeronautsmov,thebestofenemies,thedeaddontdie,thefarewell,thehighwaymen,thehummingbirdprojectfilm,theintrudermovie,theirishmanfilm,thekitchenmovie,thelegomovie,themustangfilm,thenightingalefilm,theprodigymovie,thesunisalsoastar,theupsidefilm,tolkienmovie,toystory,triplefrontier,uglydolls,uncutgems,underthesilverlake,usmovie,wavesmovie,whatmenwant,wonderparkmovie,wrinklestheclown,xmenmovies,yardiefilm,yesterdaymovie,zombieland
21bridgesmovie,1.0000001,0.95965797,0.974984,0.953384,0.9748714,0.96334326,0.9696711,0.96878314,0.9828212,0.97271115,0.96653444,0.9607379,0.97582847,0.981763,0.97470057,0.9783934,0.96695197,0.97006917,0.9831221,0.98315066,0.97078687,0.96382457,0.96069616,0.97385406,0.96877885,0.8069544,0.9718067,0.95695287,0.9657884,0.9618776,0.97552514,0.9747499,0.96563894,0.9607605,0.9512099,0.925456,0.97881097,0.9822409,0.97789663,0.9750243,0.9413768,0.97136503,0.9646024,0.9757281,0.9681935,0.972471,0.95828915,0.97528064,0.9618154,0.97520816,0.9753714,0.9753108,0.9737664,0.9644233,0.96751416,0.97387034,0.9683212,0.9740119,0.9612334,0.9581548,0.9499058,0.96866536,0.95752966,0.9719095,0.9694927,0.97209364,0.9649509,0.9678554,0.9532527,0.9635602,0.963654,0.5708903,0.9553697,0.9699547,0.95753866,0.9785201,0.9180931,0.9722808,0.95940244,0.9657279,0.9494289,0.9752559,0.9729214,0.9638444,0.97245294,0.96657425,0.95493513,0.97690153,0.96437943,0.9753149,0.9664182,0.963654,0.97842896,0.96451706,0.9788545,0.9616792,0.9620026,0.9735407,0.9675375,0.9678961,0.97632724,0.9687298,0.9579195,0.9769468,0.9710234,0.97012866,0.9663442,0.95610774,0.9766144,0.9467384,0.978196,0.77227473,0.976797,0.9544961,0.97208923,0.98391354,0.9953603,0.96190614,0.97565436,0.96390736,0.9636247,0.97849977,0.96371734,0.9734379,0.9706615,0.9675772,0.9617917,0.9759585,0.9765839,0.95878416,0.97325844,0.9566004,0.9693889,0.9489114,0.97229946,0.96457016,0.98717034,0.9626213,0.96631485,0.97537833,0.9828212,0.9795787,0.9612919,0.951536,0.9606787,0.9803881,0.96815306,0.9615916,0.96523046,0.97935855,0.96827346,0.9741288,0.9784586,0.9686082,0.9486419,0.9687032,0.971718,0.9567058,0.96547544,0.9715028,0.9828212,0.94943935,0.96504796,0.9618831,0.96978045
47metersdown,0.95965797,0.99999994,0.9650228,0.9582952,0.9562725,0.96670455,0.95314884,0.95202285,0.97525126,0.9767098,0.953435,0.9677337,0.96199983,0.9713103,0.96078825,0.9832623,0.9620312,0.9519042,0.96653384,0.9563517,0.96164334,0.96164185,0.96645945,0.97801304,0.97191024,0.76664513,0.95618236,0.9600223,0.96535,0.9712044,0.9753488,0.96603686,0.9504296,0.95112866,0.9509295,0.88674444,0.9653264,0.95232904,0.9626323,0.9530444,0.9357738,0.9547178,0.94796795,0.9630119,0.962151,0.97779304,0.96837807,0.9763608,0.959097,0.9617577,0.97194237,0.9691396,0.9714351,0.9481129,0.9595375,0.9658079,0.96377546,0.9611388,0.9695747,0.9551515,0.9568915,0.9629325,0.95217836,0.9541355,0.95143354,0.95527977,0.95401806,0.9619204,0.9641397,0.9408392,0.96334213,0.47259343,0.941592,0.95812535,0.95953375,0.969514,0.91757864,0.95188516,0.951714,0.95887727,0.9538596,0.96370137,0.9682834,0.9613892,0.95462555,0.94733274,0.9574015,0.96738386,0.95191807,0.9743164,0.9527131,0.96334213,0.95722336,0.96037716,0.965631,0.95891714,0.96952915,0.9413746,0.94578236,0.9681201,0.971735,0.9673588,0.9599112,0.9648616,0.9830968,0.96629196,0.96610796,0.9532392,0.9568762,0.94696605,0.9747057,0.7219001,0.9698392,0.92611456,0.9693349,0.9568719,0.96041954,0.9589284,0.9716566,0.9462661,0.9495155,0.9629431,0.9589426,0.9585117,0.9673587,0.96973354,0.96058667,0.9650753,0.95228326,0.942484,0.96651506,0.94786596,0.9700963,0.9538444,0.95960706,0.97129107,0.95893484,0.9566794,0.96640855,0.97529197,0.97525126,0.9605146,0.9622201,0.94061863,0.9541056,0.9602505,0.96076614,0.9512813,0.959818,0.9467475,0.95224124,0.9472319,0.9690003,0.9317955,0.9591004,0.9682685,0.9754329,0.95919967,0.9585724,0.9584478,0.97525126,0.9373802,0.95460206,0.97106,0.97381794
abeautifuldaymovie,0.974984,0.9650228,0.99999994,0.95193034,0.9640567,0.96234334,0.957485,0.9669101,0.9774622,0.97210157,0.9576581,0.9596593,0.9701875,0.9703016,0.96914005,0.98134816,0.96205777,0.95989823,0.9796898,0.96683836,0.95169646,0.9699421,0.965161,0.9691563,0.9807813,0.8048324,0.9607351,0.9450342,0.9842778,0.97037244,0.97895235,0.9757459,0.95953315,0.9745825,0.9489147,0.89956325,0.96712905,0.95633066,0.967923,0.9494411,0.943642,0.9707669,0.95840955,0.97786844,0.97061306,0.9700126,0.9641999,0.9719263,0.97180164,0.9749871,0.98811865,0.96960986,0.9683957,0.9669647,0.96034735,0.9612929,0.97511846,0.968326,0.96151745,0.9679879,0.97128075,0.96894974,0.95665544,0.96084404,0.9636029,0.9657875,0.96047544,0.9743778,0.9501201,0.9571419,0.97208893,0.53776646,0.9559244,0.95115954,0.9492946,0.96657264,0.9152243,0.95735043,0.94995385,0.95272386,0.96189475,0.96807736,0.97136265,0.958724,0.9653381,0.96705943,0.9427563,0.9765462,0.96511316,0.9732135,0.9669949,0.97208893,0.97689945,0.9683919,0.9775933,0.969584,0.9656124,0.9521356,0.9610614,0.9601386,0.97595894,0.9688296,0.9755753,0.9742692,0.9687058,0.9812547,0.96795154,0.9666925,0.9765148,0.93995744,0.97844124,0.763489,0.97074187,0.9300929,0.95615524,0.9626019,0.9708284,0.94847417,0.9750083,0.94821453,0.95707196,0.9593332,0.96529394,0.94989187,0.9575522,0.9774685,0.963794,0.98539114,0.96119034,0.9491803,0.95397544,0.9556938,0.9703149,0.946239,0.96379566,0.9752914,0.9625481,0.9571837,0.9751536,0.9791362,0.9774622,0.98257285,0.97837716,0.9570502,0.9636044,0.9664835,0.9615744,0.95022994,0.9758913,0.9610474,0.95470655,0.97992265,0.9683701,0.95723647,0.96002626,0.97452444,0.9699257,0.96782964,0.96362376,0.95089495,0.9774622,0.94252825,0.9683037,0.9690601,0.98509306
abominablemovie,0.953384,0.9582952,0.95193034,1.0,0.97408265,0.9712507,0.9725673,0.9593176,0.9830124,0.96347004,0.9669419,0.95618963,0.9628924,0.96636194,0.9766439,0.9712525,0.9611922,0.9602815,0.9606691,0.95944923,0.9595927,0.95471245,0.9757242,0.97044706,0.9710094,0.7871862,0.9527296,0.9662213,0.95391417,0.97070307,0.97298366,0.95812,0.9561988,0.9608203,0.9728824,0.92713016,0.96631724,0.94532067,0.978227,0.95215815,0.9524911,0.96909326,0.97347844,0.9699756,0.958946,0.9723441,0.97685105,0.9711772,0.9716337,0.9744071,0.96587175,0.9742624,0.9798619,0.97393453,0.973067,0.97833896,0.96212196,0.97115135,0.9877186,0.97302455,0.9677344,0.9778811,0.9421302,0.9688055,0.9695473,0.9684391,0.97414815,0.9678085,0.95659524,0.9559657,0.9808064,0.5798899,0.95500976,0.9689999,0.97654456,0.95837575,0.9291301,0.9583509,0.9733113,0.9694026,0.9568583,0.97644544,0.9744306,0.97738844,0.9627694,0.9716878,0.9740386,0.9721796,0.9614455,0.97595763,0.9647657,0.9808064,0.97066,0.9738111,0.9659357,0.981392,0.9792912,0.940983,0.9575236,0.968008,0.97384906,0.9664226,0.9422675,0.9781931,0.9627507,0.9661453,0.97294575,0.9651801,0.95579094,0.9511533,0.96631616,0.7697385,0.96089077,0.9423246,0.9670904,0.96324974,0.9607668,0.9664927,0.9723678,0.96647555,0.96907043,0.9581812,0.9720891,0.9680311,0.96515816,0.9736282,0.9843937,0.96254563,0.95974356,0.9605614,0.9679329,0.967845,0.96766615,0.9441542,0.96431804,0.96933734,0.96239394,0.9622659,0.9746129,0.96642745,0.9830124,0.9557634,0.96690166,0.96182364,0.9699578,0.962354,0.9675058,0.9641261,0.9685509,0.9541516,0.9691114,0.96956587,0.97263813,0.9489787,0.9720159,0.97686464,0.97457826,0.9757922,0.96948165,0.95471466,0.9830124,0.9639874,0.9457356,0.9778386,0.96342474
adastramovie,0.9748714,0.9562725,0.9640567,0.97408265,0.9999999,0.9694903,0.9734063,0.9737249,0.98718196,0.98149854,0.96958,0.968737,0.98216516,0.979002,0.9803657,0.97729814,0.9626585,0.9755053,0.97708905,0.9708314,0.9654457,0.9691964,0.9744836,0.9741193,0.9630635,0.8000564,0.9715973,0.9679287,0.9662348,0.9694208,0.97690123,0.96184444,0.9620949,0.96704197,0.9568106,0.945141,0.9726043,0.9691216,0.9705735,0.9553545,0.9529257,0.9778906,0.9702709,0.9778162,0.9710536,0.9721717,0.9747555,0.9722835,0.96109575,0.9785372,0.98211974,0.96837455,0.9844853,0.97324634,0.9811108,0.9836742,0.96615595,0.98600465,0.9776771,0.9685326,0.96385497,0.98025316,0.9590026,0.9814454,0.9665242,0.9858258,0.9679674,0.9671447,0.95726854,0.96215063,0.97249067,0.6077358,0.97013295,0.9717856,0.96826124,0.96912724,0.91250956,0.9668258,0.9729771,0.9486854,0.96742207,0.9777348,0.9827266,0.9707857,0.9827723,0.967525,0.9758235,0.97893846,0.9651354,0.9775734,0.97293466,0.97249067,0.9729773,0.9792977,0.9769124,0.98160136,0.96500826,0.95790297,0.9629242,0.9750778,0.97694594,0.9653965,0.9564481,0.97671247,0.9699568,0.9830525,0.9722717,0.97629267,0.9690612,0.94947034,0.9742851,0.7876172,0.9744079,0.96578044,0.97134393,0.97193116,0.97181356,0.9634555,0.977196,0.97033536,0.9788147,0.9739511,0.9705652,0.9736946,0.9650216,0.9757388,0.9746544,0.97002965,0.98432267,0.94948614,0.9740258,0.9817094,0.9723177,0.9425416,0.9837292,0.9681545,0.9709367,0.9617982,0.97389907,0.9722991,0.98718196,0.972259,0.9650458,0.9725423,0.9703911,0.97526264,0.98108673,0.95804113,0.97235847,0.96828717,0.9645804,0.97073144,0.9785448,0.95025253,0.96417654,0.9744693,0.97701204,0.97549844,0.9758338,0.9723462,0.98718196,0.95634377,0.9572272,0.9753126,0.97742516
adogsjourneymovie,0.96334326,0.96670455,0.96234334,0.9712507,0.9694903,0.99999994,0.9659199,0.96697706,0.98261255,0.96486765,0.9552652,0.9616462,0.9653066,0.9706542,0.9750694,0.974329,0.9613975,0.95397806,0.97059107,0.96286374,0.9708462,0.96581674,0.9755522,0.97120637,0.9690226,0.79707325,0.96008366,0.9651909,0.96535844,0.9714459,0.981797,0.9698401,0.96532106,0.96638876,0.9671717,0.91128296,0.97357553,0.9525054,0.97125,0.95866096,0.9359993,0.966803,0.96727073,0.9682084,0.96888816,0.97476196,0.97165596,0.9815348,0.95388865,0.97011167,0.97301817,0.9743957,0.97008944,0.9618808,0.9704651,0.9647711,0.9595905,0.97130907,0.9798157,0.96303385,0.96051973,0.9780106,0.95525545,0.9614538,0.9683206,0.96696746,0.96706027,0.9675613,0.9541734,0.96400684,0.96829194,0.5345337,0.9540796,0.96290034,0.9678476,0.9674485,0.92461747,0.95807076,0.9624074,0.9646255,0.9541415,0.9739519,0.9791496,0.9744322,0.9603495,0.9601377,0.96260643,0.97060305,0.95570105,0.9722089,0.9704607,0.96829194,0.9655664,0.9636149,0.96996975,0.97294116,0.9663878,0.9599184,0.95818686,0.9755763,0.97403526,0.97175014,0.95217264,0.9698427,0.9749805,0.9708716,0.9703388,0.9606127,0.9607832,0.9534797,0.97350204,0.757011,0.9784354,0.9394414,0.9724846,0.96300995,0.963555,0.96616554,0.9778469,0.96198094,0.97167546,0.96723646,0.968172,0.98294055,0.9663747,0.97222453,0.98023176,0.9645591,0.9641576,0.96935713,0.96315813,0.97155887,0.970725,0.9325743,0.9731478,0.97051287,0.9655573,0.9691999,0.9629606,0.9735067,0.98261255,0.96602005,0.96514326,0.9524824,0.9730654,0.9636899,0.9639102,0.95618445,0.96177334,0.9541665,0.95448595,0.96478516,0.97767454,0.95445114,0.96162343,0.96805066,0.985562,0.9668099,0.96746385,0.96493196,0.98261255,0.9578457,0.954128,0.97599065,0.9730686
aftermathmovie,0.9696711,0.95314884,0.957485,0.9725673,0.9734063,0.9659199,0.9999999,0.9593964,0.98442817,0.96528393,0.96010417,0.9652129,0.9722906,0.9730594,0.9829824,0.976051,0.96431607,0.9774279,0.959812,0.9809861,0.96936905,0.95226556,0.9676088,0.9707419,0.9778548,0.7965058,0.96027654,0.96227676,0.9605827,0.97726595,0.9713987,0.96921104,0.9712465,0.95972997,0.9488124,0.9202942,0.97741824,0.9465225,0.9767701,0.9629578,0.9556017,0.9741124,0.9726489,0.97284377,0.9603306,0.9812574,0.96561503,0.98479307,0.9600047,0.9760715,0.9695025,0.9703714,0.96878606,0.970819,0.9600076,0.9748176,0.97255594,0.9806997,0.9762141,0.9660201,0.957346,0.9640427,0.9587945,0.97329664,0.96132493,0.97605425,0.97416675,0.9659325,0.94896686,0.9698592,0.9713107,0.6058064,0.97054535,0.9645779,0.956502,0.9689225,0.91545767,0.97019917,0.9715399,0.970381,0.9442068,0.9876896,0.976444,0.966374,0.9654566,0.96691185,0.95644605,0.9754028,0.9605399,0.9717555,0.97222537,0.9713107,0.9724259,0.97318345,0.9703539,0.97290945,0.96046084,0.95540005,0.9782572,0.97016966,0.9825659,0.9734925,0.94942206,0.97651285,0.9558555,0.9706962,0.9802062,0.965314,0.9700636,0.9606083,0.9801366,0.7599623,0.9677987,0.9421423,0.9699018,0.9660014,0.97232854,0.95870376,0.97983414,0.9920424,0.97830343,0.9668218,0.9685294,0.9658981,0.9752689,0.97359097,0.98142695,0.9599296,0.9686762,0.94342184,0.9757982,0.9625609,0.9684603,0.94830316,0.9727401,0.9729374,0.9725011,0.9735783,0.9668658,0.97699463,0.98442817,0.9642529,0.9714641,0.9585606,0.96768206,0.96710616,0.9690926,0.94373375,0.9716664,0.9512305,0.98886144,0.97124976,0.9773859,0.9615749,0.97408694,0.96926975,0.9667377,0.9689268,0.971302,0.9571043,0.98442817,0.96149665,0.9667401,0.9694409,0.96673185
aftermovie,0.96878314,0.95202285,0.9669101,0.9593176,0.9737249,0.96697706,0.9593964,1.0,0.9830383,0.9698324,0.9591189,0.95857227,0.97292954,0.9718144,0.96819407,0.96829313,0.9718294,0.9693036,0.97698694,0.97060156,0.9671586,0.96754,0.9735182,0.96551824,0.96311784,0.81313074,0.96744704,0.9673474,0.9748751,0.97073793,0.97444123,0.9725222,0.9745433,0.9686714,0.96127987,0.9347833,0.9720479,0.9606429,0.9701223,0.95967925,0.94877446,0.9758334,0.9641407,0.9683472,0.9646367,0.9641221,0.97090584,0.96973324,0.955713,0.9712792,0.9762932,0.96612877,0.97379297,0.96057224,0.97928405,0.9740059,0.9663679,0.9786107,0.968577,0.9756437,0.9635604,0.9754356,0.95795137,0.9668119,0.97189254,0.98021215,0.957839,0.9637548,0.956948,0.95992154,0.9785399,0.6088698,0.9678618,0.9699468,0.9693581,0.96371925,0.929554,0.97320276,0.96834564,0.9594794,0.96294785,0.96927947,0.9743511,0.971602,0.95959085,0.97064567,0.96114314,0.9783679,0.9676124,0.9740085,0.965324,0.9785399,0.9704831,0.9674277,0.9743204,0.9697346,0.95689476,0.9637617,0.95917016,0.972838,0.97017556,0.9699176,0.9621081,0.97393817,0.96712023,0.97263354,0.9699999,0.95988023,0.9630002,0.9518821,0.97177976,0.7898315,0.9696133,0.9602026,0.9712281,0.968094,0.9647384,0.9709701,0.9778364,0.9495877,0.9636337,0.97575915,0.9776665,0.95775265,0.9652402,0.9780772,0.9739329,0.96907216,0.9742911,0.9598221,0.96048355,0.9760215,0.96748334,0.9406261,0.97588885,0.9639274,0.96082234,0.95901716,0.967014,0.9719691,0.9830383,0.97661036,0.95448923,0.9623431,0.96256036,0.96687645,0.96843064,0.9636633,0.9667932,0.96317345,0.95517796,0.96201044,0.9721234,0.95688987,0.96544564,0.97429794,0.97289985,0.9786855,0.9718957,0.96749485,0.9830383,0.9668711,0.9702962,0.97711635,0.9743006
ahiddenlifefilm,0.9828212,0.97525126,0.9774622,0.9830124,0.98718196,0.98261255,0.98442817,0.9830383,0.9999998,0.98555225,0.976038,0.9803703,0.9874057,0.9899199,0.9865955,0.9903079,0.9838721,0.9824276,0.98371166,0.9826273,0.9789881,0.9762275,0.9877405,0.98796487,0.9840805,0.8149665,0.9766679,0.98238254,0.98208916,0.9866615,0.988788,0.9822736,0.9807547,0.9778392,0.9675076,0.92858154,0.9854379,0.970355,0.990095,0.9767949,0.96840775,0.98859227,0.9846004,0.98813874,0.9838746,0.98761165,0.98648775,0.9905745,0.97995645,0.99000925,0.9890295,0.9876026,0.9896707,0.98511076,0.98699915,0.9900941,0.984624,0.99032605,0.9877905,0.984785,0.9770684,0.9850127,0.9730853,0.98510474,0.98260003,0.9887519,0.98144203,0.98266786,0.9704479,0.973263,0.98769057,0.58108807,0.9764019,0.9866328,0.9803187,0.9770086,0.9223531,0.9829582,0.982839,0.9787552,0.967538,0.9892866,0.9902566,0.98323643,0.98113745,0.9834726,0.97553194,0.99218637,0.9797231,0.9914985,0.9779564,0.98769057,0.9861329,0.9864618,0.98691344,0.98471355,0.98086566,0.97121334,0.97684795,0.9865507,0.9855476,0.98368466,0.972178,0.99256927,0.9831308,0.987444,0.9903632,0.9765851,0.98378706,0.9706006,0.9881861,0.76770747,0.9840108,0.960723,0.98617554,0.982368,0.98393047,0.9803122,0.99167734,0.97700703,0.9837142,0.97918737,0.98906666,0.9821069,0.98319846,0.98733735,0.9894542,0.98084074,0.9835628,0.9710749,0.98503274,0.97704566,0.98550725,0.96155,0.9852954,0.9833186,0.9814253,0.98067325,0.9848602,0.985348,0.9999998,0.98354894,0.9802888,0.97299945,0.9839792,0.9821187,0.98043966,0.9658129,0.983888,0.97295266,0.9783873,0.98009044,0.98806864,0.96530515,0.98326313,0.9868401,0.9890523,0.9837244,0.983464,0.97620887,0.9999998,0.9694088,0.97967875,0.9900299,0.98698825
alitamovie,0.97271115,0.9767098,0.97210157,0.96347004,0.98149854,0.96486765,0.96528393,0.9698324,0.98555225,0.9999999,0.9608645,0.9797296,0.98280543,0.9790462,0.9679767,0.9847749,0.9648105,0.9682881,0.97376335,0.9704383,0.96231884,0.9670278,0.96970487,0.97173625,0.97022086,0.79108226,0.96797186,0.9664985,0.97131574,0.97124285,0.97929114,0.970082,0.96530354,0.96478605,0.9478996,0.9110172,0.975799,0.96450293,0.9717342,0.95842594,0.95729375,0.9775216,0.9680341,0.97484285,0.97272503,0.977907,0.9701096,0.9744319,0.9637129,0.97733325,0.9847818,0.9720099,0.9825933,0.96737844,0.9809567,0.9838827,0.9726534,0.9763439,0.9739447,0.9683146,0.9700395,0.9763456,0.96037585,0.9769324,0.96407676,0.97465354,0.95836323,0.96917224,0.9685051,0.9465041,0.9713985,0.5737618,0.9636649,0.972441,0.9599147,0.9683218,0.9097629,0.9646194,0.96496683,0.9589959,0.9616613,0.9730586,0.9782826,0.96460295,0.98078847,0.96075135,0.96794784,0.98187274,0.9612922,0.9752088,0.96515113,0.9713985,0.97238266,0.98457247,0.98075116,0.9664399,0.966451,0.9557658,0.959868,0.9677144,0.9784016,0.96989805,0.9680534,0.97598225,0.9867976,0.98251283,0.9752002,0.9714375,0.9703586,0.9592776,0.97928596,0.7491415,0.96748656,0.94970167,0.97523063,0.9663075,0.9727459,0.9585473,0.97806746,0.95468783,0.9712378,0.9702112,0.97654665,0.96588993,0.9739327,0.9857032,0.9667455,0.9739924,0.98161966,0.9537218,0.97174215,0.9686993,0.97510374,0.9522463,0.9655207,0.96961105,0.9646737,0.96182966,0.97185946,0.9781995,0.98555225,0.9746212,0.972232,0.9598042,0.96789837,0.9734916,0.9725613,0.94914705,0.9726961,0.9701184,0.96488774,0.9656909,0.9738823,0.9515631,0.96588415,0.97250336,0.9741564,0.9677625,0.9658457,0.95983726,0.98555225,0.952864,0.9702828,0.9757215,0.9852523
angelhasfallen,0.96653444,0.953435,0.9576581,0.9669419,0.96958,0.9552652,0.96010417,0.9591189,0.976038,0.9608645,0.99999994,0.9613945,0.9583903,0.9641731,0.9752798,0.9669011,0.95814466,0.95284486,0.9617578,0.96317846,0.95478356,0.9600217,0.9509899,0.9646683,0.9647969,0.82613,0.96966225,0.94466394,0.9518404,0.9575304,0.95745146,0.9552553,0.93956715,0.94827026,0.965346,0.9345728,0.96739167,0.95091254,0.96739936,0.94625366,0.93318,0.96850675,0.96153975,0.96961755,0.955579,0.9512402,0.9502127,0.9662649,0.9570091,0.96923375,0.9680566,0.97002274,0.9615197,0.97097385,0.9565834,0.96851313,0.9626439,0.9771462,0.9644627,0.96764874,0.94539344,0.9756851,0.94233716,0.9649689,0.9445551,0.9754641,0.96030265,0.97423047,0.97733164,0.9665365,0.9655357,0.6077773,0.95939386,0.96433854,0.9606791,0.9497617,0.91744584,0.946957,0.9731736,0.96209395,0.9713298,0.95812505,0.9736074,0.96334374,0.9612923,0.9622371,0.9757024,0.96367145,0.94224095,0.9727298,0.9557245,0.9655357,0.9623683,0.95658106,0.96805906,0.9731979,0.97739714,0.94388866,0.9608043,0.952983,0.9666034,0.9645779,0.93780345,0.9732627,0.9598559,0.96803445,0.9583838,0.96104556,0.9620861,0.9507874,0.96370745,0.79392666,0.95966256,0.96120924,0.96202946,0.96956944,0.9720394,0.96208924,0.97926384,0.96054,0.95347184,0.9633642,0.9579814,0.95815617,0.93707603,0.9616115,0.9621648,0.9683992,0.9653313,0.9432057,0.95402634,0.95206386,0.9684138,0.94153476,0.9609701,0.9584883,0.9658297,0.95291865,0.96860653,0.9564739,0.976038,0.96595967,0.94700587,0.95993817,0.9619011,0.9657728,0.9778879,0.9706031,0.96849906,0.95333725,0.96498847,0.9733502,0.9642472,0.96129274,0.95549446,0.97200245,0.9565741,0.95515585,0.94671863,0.95031416,0.976038,0.9495277,0.9430433,0.9557946,0.9616114
angrybirdsmovie,0.9607379,0.9677337,0.9596593,0.95618963,0.968737,0.9616462,0.9652129,0.95857227,0.9803703,0.9797296,0.9613945,0.9999999,0.966951,0.9698385,0.9712288,0.97450966,0.9649372,0.9635654,0.96152484,0.96004725,0.95271957,0.9450578,0.96680576,0.96408564,0.9631072,0.7916344,0.9584203,0.9657721,0.95982003,0.970972,0.9726559,0.95948696,0.9667532,0.95125633,0.93434644,0.88666344,0.97200024,0.946898,0.96678245,0.9392875,0.9560978,0.9741259,0.9635824,0.9711668,0.9590148,0.96817017,0.9670076,0.9792682,0.9497983,0.9720091,0.97353446,0.96430606,0.969778,0.9626551,0.96659815,0.9694282,0.9739992,0.97237515,0.97882193,0.96302265,0.9642399,0.967688,0.94039774,0.971783,0.9488285,0.9766779,0.95539516,0.9622693,0.95972484,0.940611,0.9665921,0.5527722,0.95798194,0.9729321,0.9517868,0.9508897,0.8977849,0.9547928,0.9754375,0.9664182,0.9575364,0.95978916,0.97289145,0.95303196,0.9734534,0.9650463,0.95264864,0.9691464,0.96111375,0.97269523,0.95509845,0.9665921,0.9525935,0.97501385,0.9723674,0.96997446,0.95361865,0.9390598,0.95560324,0.96272355,0.9703872,0.96041864,0.9501553,0.9696513,0.9727689,0.9709596,0.978993,0.97220576,0.96007913,0.9627353,0.9621549,0.7385312,0.9581264,0.9291703,0.97329533,0.9603028,0.9633232,0.9624678,0.9708336,0.96076334,0.9631277,0.9569305,0.96878076,0.9581286,0.9633279,0.97342527,0.96203095,0.9578544,0.97529435,0.94161147,0.96732527,0.96441805,0.9721735,0.949733,0.9576658,0.96449715,0.9506589,0.9563078,0.97055423,0.9669186,0.9803703,0.9577146,0.9603968,0.9694104,0.9720223,0.9662354,0.9674799,0.941186,0.9739697,0.9516152,0.9645361,0.95683444,0.96999276,0.94633603,0.9686584,0.96672434,0.96001613,0.9665457,0.95148355,0.94684947,0.9803703,0.96292865,0.9676494,0.9701045,0.98224866
annabellemovie,0.97582847,0.96199983,0.9701875,0.9628924,0.98216516,0.9653066,0.9722906,0.97292954,0.9874057,0.98280543,0.9583903,0.966951,0.9999998,0.9775002,0.9682239,0.9849286,0.96865803,0.9778295,0.972706,0.97400564,0.9727105,0.9656998,0.97001106,0.97696805,0.97068954,0.80888027,0.97008693,0.9671801,0.97259945,0.9691209,0.97447324,0.977727,0.97352225,0.96525085,0.95464116,0.9270049,0.97540843,0.97553456,0.9740556,0.96829945,0.97231066,0.9738943,0.96674854,0.9780974,0.97474444,0.97502697,0.9689562,0.974959,0.97017777,0.9755485,0.9797768,0.97830987,0.9768826,0.9723963,0.97964716,0.9855255,0.9738379,0.976668,0.97469914,0.97136366,0.97219306,0.9764778,0.97394466,0.97626114,0.9690308,0.9793366,0.9718118,0.97230273,0.95182925,0.96544594,0.9718263,0.59992874,0.9732903,0.9744434,0.9615567,0.96290445,0.9093126,0.9723945,0.9664405,0.95971197,0.95485425,0.9776427,0.9845868,0.9743487,0.9833106,0.96955836,0.9636442,0.9900601,0.9723839,0.9805932,0.964053,0.9718263,0.98124236,0.97861964,0.97695446,0.96859056,0.96201426,0.96439093,0.96683115,0.9730856,0.97353786,0.9688531,0.96975845,0.9818625,0.97245383,0.97988564,0.9766137,0.9688653,0.9759271,0.9595865,0.982052,0.78031164,0.97453207,0.96140105,0.9814471,0.97090465,0.97599596,0.9620071,0.9768732,0.96411794,0.97577435,0.9791915,0.9751366,0.96855724,0.9707616,0.9762185,0.9716841,0.9680154,0.9789041,0.95142955,0.97960126,0.9728036,0.96490926,0.9652638,0.9718786,0.96487415,0.9720596,0.96634984,0.96746176,0.9736239,0.9874057,0.9789735,0.97197515,0.96092135,0.9763227,0.9770221,0.97051305,0.9506158,0.97285855,0.96909803,0.9669025,0.9673419,0.9700292,0.9615058,0.9642846,0.97055495,0.9783961,0.9675726,0.9739891,0.9754418,0.9874057,0.9573557,0.9778454,0.9751004,0.976762
annamovie,0.981763,0.9713103,0.9703016,0.96636194,0.979002,0.9706542,0.9730594,0.9718144,0.9899199,0.9790462,0.9641731,0.9698385,0.9775002,0.9999999,0.979943,0.98253316,0.9820771,0.9731152,0.98419166,0.9799732,0.96541643,0.971643,0.9782626,0.9884462,0.9738406,0.7900528,0.96843207,0.97799194,0.9745301,0.9757896,0.9816005,0.9730882,0.9643725,0.9610895,0.9540134,0.9101432,0.974504,0.9696704,0.97997886,0.9770253,0.95087457,0.981719,0.96916187,0.9823675,0.98060507,0.98367363,0.98025817,0.9845828,0.9691056,0.98595643,0.97939336,0.98292005,0.9783805,0.972778,0.9732199,0.9782847,0.9761453,0.978986,0.9721835,0.9676231,0.95952725,0.9736259,0.96940124,0.979302,0.978388,0.9729495,0.9757372,0.9795562,0.9580958,0.96680504,0.97095585,0.55033106,0.962664,0.977862,0.9720718,0.9729347,0.90026927,0.97543025,0.96773547,0.9635393,0.9616751,0.97626305,0.9785315,0.9704828,0.9706487,0.9698834,0.96585816,0.98248005,0.97051805,0.9883066,0.96285474,0.97095585,0.9800333,0.97208065,0.97353107,0.9710582,0.970707,0.9699843,0.97358835,0.9895362,0.97532916,0.9776334,0.96642977,0.9796742,0.9839423,0.9787494,0.98203295,0.9591439,0.9787658,0.959932,0.9813038,0.7541177,0.9754131,0.94093424,0.97553146,0.98021746,0.97820425,0.9717193,0.98197263,0.9663955,0.9689982,0.9752561,0.9705353,0.97544634,0.9800473,0.9714249,0.97560453,0.96929246,0.9721239,0.9634309,0.97612864,0.9651338,0.9820982,0.9497513,0.97896135,0.970543,0.9819491,0.9789586,0.9731884,0.97370225,0.9899199,0.97818995,0.9625077,0.9609541,0.9696218,0.9820623,0.9734425,0.95485085,0.9688931,0.96256095,0.96494293,0.9704521,0.9808914,0.95379364,0.9749363,0.9683857,0.9803637,0.968358,0.97651696,0.9670686,0.9899199,0.9530791,0.97035986,0.9777784,0.9773942
apollo11movie,0.97470057,0.96078825,0.96914005,0.9766439,0.9803657,0.9750694,0.9829824,0.96819407,0.9865955,0.9679767,0.9752798,0.9712288,0.9682239,0.979943,0.9999999,0.97423756,0.96885496,0.9677172,0.9721566,0.98330873,0.96441,0.9654261,0.97383016,0.9736981,0.9793295,0.7971982,0.9656205,0.96692324,0.9653621,0.9775228,0.974855,0.972376,0.9621341,0.9674127,0.9694553,0.9260565,0.9800308,0.95817006,0.97879446,0.9613643,0.9416662,0.97584826,0.9707489,0.9806642,0.9682478,0.97844464,0.9743928,0.98037785,0.96020263,0.98107034,0.9782636,0.9761101,0.97768915,0.97433263,0.9650796,0.9745526,0.9738183,0.9832531,0.9781462,0.96454704,0.9629794,0.97318846,0.95811987,0.97343796,0.96983296,0.98035216,0.9774443,0.97290164,0.9571871,0.97482795,0.97062266,0.5798721,0.9662004,0.9663536,0.9736064,0.97413623,0.9328029,0.9652708,0.9764614,0.9672545,0.9697884,0.97877675,0.97686815,0.9742053,0.97275084,0.9748115,0.9692971,0.97560406,0.95921826,0.9841843,0.97083366,0.97062266,0.97598743,0.97455865,0.9789914,0.989966,0.9710186,0.96420157,0.9722749,0.9781261,0.9883467,0.9758177,0.9508894,0.9765774,0.9675208,0.97731996,0.9755141,0.9678591,0.9718935,0.95082897,0.9749476,0.7973665,0.9729312,0.9463266,0.9702931,0.9769668,0.9753139,0.969708,0.9809931,0.97807175,0.97211456,0.97509015,0.96892565,0.97111726,0.97054166,0.97131264,0.9797091,0.97017235,0.9714078,0.95159173,0.9679101,0.9749296,0.97452563,0.95117104,0.9800258,0.9777236,0.9746006,0.9711385,0.97244304,0.9791547,0.9865955,0.9701595,0.9658186,0.97123575,0.9750748,0.9720895,0.98065275,0.96794546,0.9752263,0.96131533,0.9772959,0.97689784,0.9830583,0.96233743,0.96950644,0.97312945,0.97443646,0.9689539,0.9744263,0.96100223,0.9865955,0.9619736,0.9542678,0.9735991,0.9752835
arcticdogsmovie,0.9783934,0.9832623,0.98134816,0.9712525,0.97729814,0.974329,0.976051,0.96829313,0.9903079,0.9847749,0.9669011,0.97450966,0.9849286,0.98253316,0.97423756,1.0,0.97165644,0.9763595,0.9807689,0.97410977,0.97670245,0.9630989,0.97820663,0.9832339,0.9840439,0.80418694,0.96455723,0.9677957,0.9764255,0.9818439,0.9870327,0.9793748,0.9702197,0.96891636,0.95907605,0.9102494,0.9820581,0.96799636,0.976148,0.9667491,0.96004415,0.9754642,0.96975654,0.9825385,0.9776889,0.9821868,0.97889537,0.9857809,0.9798724,0.98083806,0.98496366,0.9857698,0.9786848,0.97549284,0.97355175,0.9806754,0.9865018,0.9788407,0.984398,0.9775708,0.9760172,0.98127997,0.9703626,0.97477776,0.9722639,0.977054,0.9765435,0.98305744,0.9653345,0.96420926,0.97987664,0.53584176,0.97104114,0.97588915,0.96821636,0.9728146,0.91297317,0.9689538,0.9719788,0.9674843,0.960298,0.9807078,0.98272735,0.9787638,0.9786811,0.9708324,0.96882266,0.98788404,0.96869034,0.98551357,0.97298056,0.97987664,0.97850484,0.97847104,0.9840745,0.9716238,0.97863084,0.95925575,0.97229046,0.9770084,0.9839887,0.97713906,0.9699482,0.9862549,0.9844896,0.9810098,0.98503935,0.9744451,0.98010576,0.9633202,0.98671377,0.74766463,0.9770141,0.9447622,0.98049194,0.96695316,0.9803228,0.96730417,0.98616797,0.96882546,0.97335464,0.9717945,0.9757115,0.9733595,0.9759819,0.9808467,0.97563046,0.9759948,0.9739267,0.9575514,0.981547,0.96566546,0.981175,0.9586004,0.97308445,0.9831227,0.97476697,0.9719154,0.9826104,0.98577034,0.9903079,0.97683436,0.9813965,0.9602223,0.97701705,0.97994035,0.9723593,0.9557907,0.97769153,0.9667148,0.9673887,0.97297704,0.97968227,0.95998394,0.97437227,0.980075,0.98413694,0.97905004,0.9707102,0.96691304,0.9903079,0.95490474,0.9797002,0.9830468,0.9851987
arcticmovie,0.96695197,0.9620312,0.96205777,0.9611922,0.9626585,0.9613975,0.96431607,0.9718294,0.9838721,0.9648105,0.95814466,0.9649372,0.96865803,0.9820771,0.96885496,0.97165644,0.9999999,0.9741997,0.97787905,0.96987486,0.95497084,0.9671569,0.97137654,0.98183805,0.9702389,0.804089,0.9641749,0.98531914,0.98035604,0.97357696,0.97223294,0.97560555,0.9662827,0.9673279,0.93993944,0.89395225,0.9616642,0.9540195,0.97713214,0.9703419,0.951374,0.97238094,0.9633801,0.96950465,0.97503513,0.9762137,0.96889037,0.97795635,0.969925,0.9723648,0.97597325,0.9753582,0.9718141,0.9706974,0.96581745,0.97452474,0.9658195,0.9699044,0.9680477,0.9618365,0.94929105,0.9644682,0.976297,0.96073514,0.97629607,0.97615093,0.9550926,0.97182745,0.94688416,0.95811117,0.9605079,0.5600944,0.9576711,0.96706736,0.9622587,0.95830214,0.89332134,0.9687441,0.9580061,0.96646,0.951137,0.97261524,0.9623667,0.95979404,0.9639131,0.96871316,0.9489076,0.97824883,0.96663237,0.97921807,0.9611724,0.9605079,0.9773299,0.9681072,0.96464646,0.9643304,0.95835394,0.9675635,0.9560583,0.9753431,0.96244067,0.97059643,0.97047997,0.96975887,0.9633396,0.9736083,0.98401153,0.94616055,0.97359395,0.9571189,0.9751195,0.7346094,0.9680023,0.9324714,0.96719235,0.9663959,0.96185416,0.971384,0.9803142,0.95237225,0.95576656,0.96081775,0.9728929,0.9661934,0.96987104,0.9685478,0.97203714,0.96831334,0.9640834,0.9597398,0.9652977,0.961186,0.982974,0.9684791,0.9677941,0.9653496,0.9608355,0.97134686,0.9579276,0.96930397,0.9838721,0.97905964,0.9603115,0.94643956,0.9579313,0.96304566,0.9556501,0.94020385,0.95974827,0.9528402,0.95901436,0.94782203,0.973299,0.94136465,0.97045887,0.96256846,0.97437114,0.963713,0.9639156,0.95455104,0.9838721,0.9552265,0.9740438,0.9742861,0.97203004
artofracingmovie,0.97006917,0.9519042,0.95989823,0.9602815,0.9755053,0.95397806,0.9774279,0.9693036,0.9824276,0.9682881,0.95284486,0.9635654,0.9778295,0.9731152,0.9677172,0.9763595,0.9741997,0.9999998,0.97300947,0.9661839,0.97332394,0.95696694,0.9773199,0.97592175,0.97009116,0.7827452,0.96679,0.9725026,0.96997756,0.97428405,0.96969086,0.9655476,0.97053754,0.9627598,0.93726254,0.9086201,0.96872693,0.952327,0.9657088,0.9603087,0.9616585,0.976691,0.95966333,0.9775374,0.9628762,0.9735241,0.9728165,0.9748689,0.9706165,0.9751533,0.97248423,0.9635014,0.97789633,0.967982,0.96103024,0.98082465,0.97365725,0.9775901,0.9693688,0.96607107,0.966304,0.9626134,0.96961725,0.97295266,0.9675077,0.97618604,0.97462225,0.95948887,0.94326955,0.95774466,0.96760255,0.5906881,0.9713751,0.96795,0.9534961,0.9607894,0.89876837,0.96165645,0.9616182,0.95747846,0.9528468,0.9793553,0.9727573,0.9641115,0.9645358,0.9678708,0.94799775,0.9804994,0.97422504,0.97093964,0.9676713,0.96760255,0.9702165,0.970084,0.96876717,0.9621953,0.9594608,0.955235,0.96703213,0.97540516,0.9701269,0.9655083,0.9600221,0.9771079,0.9560198,0.971649,0.9820193,0.9639603,0.9722857,0.9450907,0.97402334,0.7326694,0.96730524,0.9381503,0.9752928,0.96275544,0.9649644,0.9633788,0.9736807,0.9619013,0.9755542,0.96535087,0.9666351,0.95919955,0.970653,0.9725203,0.96921986,0.95926994,0.9681236,0.933088,0.9816461,0.9663767,0.9766083,0.9628087,0.9728908,0.96915495,0.95889497,0.9699823,0.9625972,0.9771733,0.9824276,0.968861,0.96842414,0.95626086,0.9682907,0.9635753,0.9671268,0.93611056,0.97196025,0.9535697,0.9614428,0.95552593,0.9727706,0.94899863,0.97440726,0.9643463,0.97277564,0.97467935,0.9703151,0.96775496,0.9824276,0.9555744,0.9767444,0.9770959,0.9730738
avengers,0.9831221,0.96653384,0.9796898,0.9606691,0.97708905,0.97059107,0.959812,0.97698694,0.98371166,0.97376335,0.9617578,0.96152484,0.972706,0.98419166,0.9721566,0.9807689,0.97787905,0.97300947,0.99999994,0.9722283,0.9619614,0.9720577,0.9782386,0.98120564,0.97094405,0.78452593,0.97309506,0.9690859,0.97616583,0.97019875,0.9878248,0.9735045,0.96394104,0.964128,0.95600474,0.91661507,0.9656904,0.9660321,0.9729236,0.96419954,0.9473453,0.97244805,0.9583922,0.9751882,0.97345567,0.97036135,0.9754356,0.9783905,0.9713953,0.97600836,0.98282564,0.976396,0.978497,0.9688206,0.97067446,0.9703973,0.9716283,0.9782678,0.96892947,0.9608128,0.9587333,0.9750872,0.96224004,0.96712965,0.97486794,0.97078234,0.9654539,0.9756777,0.9538834,0.96021456,0.9668652,0.54360944,0.96096146,0.9670734,0.96585315,0.9786708,0.9136016,0.9682113,0.9549279,0.95563066,0.95875424,0.97056395,0.9748777,0.9707951,0.9685509,0.9610029,0.95647323,0.98224384,0.9665139,0.97742885,0.9713267,0.9668652,0.9814587,0.96694654,0.9722039,0.97006816,0.9621975,0.9730718,0.9559419,0.9755247,0.97181785,0.9669722,0.9724903,0.97456306,0.9756434,0.9784787,0.9738848,0.9635174,0.9766904,0.9494676,0.9788151,0.75625557,0.9782319,0.94086015,0.9719835,0.97781044,0.97674966,0.9679706,0.9785253,0.9516286,0.9623934,0.9740251,0.9682756,0.97028446,0.97037905,0.9711575,0.96666723,0.9811192,0.9732067,0.95764655,0.9687196,0.96508956,0.9864469,0.9468776,0.9799732,0.9697813,0.97015256,0.9632752,0.96959364,0.9781098,0.98371166,0.98185104,0.9656972,0.9556096,0.95993114,0.9761851,0.97360903,0.95890737,0.9678559,0.9654343,0.95026684,0.9654642,0.98341745,0.95610356,0.961069,0.97360736,0.97995657,0.9709857,0.96891487,0.97290677,0.98371166,0.9482602,0.96960145,0.97665846,0.9798668
beachbummovie,0.98315066,0.9563517,0.96683836,0.95944923,0.9708314,0.96286374,0.9809861,0.97060156,0.9826273,0.9704383,0.96317846,0.96004725,0.97400564,0.9799732,0.98330873,0.97410977,0.96987486,0.9661839,0.9722283,0.9999999,0.9617861,0.96443266,0.9631475,0.9715426,0.97465706,0.81244606,0.96845317,0.9639237,0.9669762,0.9754652,0.97200966,0.9794597,0.96940136,0.9664075,0.95609754,0.92108095,0.97991234,0.96712685,0.9803844,0.9732635,0.95207417,0.97279865,0.96531326,0.9708402,0.96908736,0.9785408,0.96375215,0.9756219,0.96142346,0.9728466,0.9728111,0.97646606,0.96343076,0.9610225,0.96743923,0.9777711,0.9733553,0.97786033,0.9672355,0.9609468,0.9560573,0.97112185,0.96720004,0.9760779,0.9676176,0.97895765,0.96546096,0.97335166,0.94820005,0.97017866,0.96515197,0.5905509,0.9644795,0.9620199,0.9587521,0.973901,0.91543907,0.9761701,0.96516764,0.9606048,0.9497163,0.9805312,0.97482026,0.96658295,0.9645793,0.9708271,0.9565279,0.97482675,0.95787674,0.9743746,0.97162616,0.96515197,0.98073775,0.967631,0.97093594,0.9684602,0.95911324,0.98461264,0.9691337,0.970204,0.980474,0.97682405,0.95717335,0.97010374,0.96429497,0.97186923,0.9727795,0.9585626,0.9718265,0.9669399,0.98277783,0.7744766,0.96861625,0.948693,0.9654856,0.9806611,0.9856689,0.9624779,0.9833443,0.9744385,0.9730136,0.9745034,0.96744204,0.9647683,0.97393876,0.9689446,0.9710031,0.9673374,0.97841173,0.9488422,0.9672237,0.9637444,0.9668286,0.949303,0.97085595,0.97112453,0.9819872,0.9726371,0.9617858,0.9791769,0.9826273,0.9795577,0.9640977,0.9559162,0.9652653,0.976623,0.9646502,0.949751,0.9694295,0.9651137,0.9743898,0.9668367,0.97963625,0.9670113,0.96218985,0.96912366,0.9668201,0.96091133,0.9707401,0.95902956,0.9826273,0.9544543,0.9660508,0.965836,0.9677235
bernadettefilm,0.97078687,0.96164334,0.95169646,0.9595927,0.9654457,0.9708462,0.96936905,0.9671586,0.9789881,0.96231884,0.95478356,0.95271957,0.9727105,0.96541643,0.96441,0.97670245,0.95497084,0.97332394,0.9619614,0.9617861,1.0,0.94998837,0.96725947,0.96574855,0.9597134,0.7941847,0.9590708,0.9628987,0.95716465,0.96699154,0.9655352,0.96608645,0.9597568,0.9604091,0.95319796,0.9212333,0.9795546,0.9627142,0.96623725,0.9669931,0.93452585,0.9616754,0.96228707,0.97002757,0.95834816,0.97441226,0.9617137,0.97344285,0.9514077,0.96557283,0.9631015,0.9662799,0.9667516,0.9556674,0.9615124,0.9694731,0.96672064,0.9690654,0.97046924,0.96644974,0.958817,0.960831,0.95603853,0.9576981,0.9623339,0.967524,0.972093,0.9552491,0.9539605,0.96387905,0.97020423,0.5579026,0.95683146,0.96785724,0.9620888,0.9666062,0.9120727,0.9613334,0.9637573,0.96526617,0.9505873,0.97187775,0.97285193,0.9765836,0.9587883,0.96280086,0.96360826,0.9727047,0.96341753,0.97085756,0.96098953,0.97020423,0.9576412,0.9587731,0.9747018,0.9507376,0.9701083,0.9494337,0.9732494,0.9753652,0.9753533,0.9680593,0.9424086,0.97789323,0.96391684,0.9600979,0.9671671,0.9457741,0.9614834,0.9395274,0.97467977,0.7415717,0.9739119,0.95052016,0.9836059,0.963195,0.97082186,0.96546185,0.9725068,0.9642191,0.9680522,0.97495973,0.96461004,0.9696326,0.9673723,0.9643333,0.96721506,0.956981,0.96198314,0.94658566,0.98310786,0.959153,0.9631422,0.9451125,0.9691427,0.9639704,0.9714443,0.9613786,0.96533394,0.97901565,0.9789881,0.95655596,0.95856804,0.93979543,0.9683853,0.9632009,0.9589615,0.95281494,0.9545965,0.95507395,0.955162,0.9578245,0.97126436,0.95565003,0.95658255,0.96591,0.977681,0.96537733,0.96651286,0.9752795,0.9789881,0.95085114,0.9657564,0.96637475,0.9609858
