movie,21bridgesmovie,47metersdown,abeautifuldaymovie,abominablemovie,adastramovie,adogsjourneymovie,aftermathmovie,aftermovie,ahiddenlifefilm,alitamovie,angelhasfallen,angrybirdsmovie,annabellemovie,annamovie,apollo11movie,arcticdogsmovie,arcticmovie,artofracingmovie,avengers,beachbummovie,bernadettefilm,blackandbluemovie,blackchristmas,blindedbythelightmovie,bombshellmovie,booksmart,breakthroughmovie,brianbanksmovie,brightburnmovie,brittanyrunsmov,captainmarvelofficial,captivestatemovie,catsmovie,charliesangels,childsplaymovie,clarathefilm,coldpursuitmovie,countdown,currentwarmovie,darkwatersmovie,detectivepikachumovie,disneyaladdin,disneyfrozen,disneymaleficent,doctorsleepmovie,dolemiteismyname,dontletgomovie,doramovie,downtonabbey_official,dumbo,escaperoom,everybodyknowsmovie,fastandfuriousmovie,fightingwmyfam,fivefeetapartfilm,fordvferrari,freaksthefilm,geminimanmovie,glassmovie,gloriabellmovie,godzillamovie,goldfinchmovie,goodboysmovie,goodliarmovie,gretafilm,halathemovie,happydeathdaymovie,harrietfilm,hellboymovie,hersmellmovie,highlifemovie,highstrungmovie,honeyboymovie,hotelmumbaifilm,httydragon,hustlemovie,hustlersmovie,isntitromantic,itmovieofficial,jayandsilentbob,johnwickmovie,jojorabbitmovie,jokermovie,judythefilm,jumanjimovie,justmercyfilm,knivesout,lalloronamovie,lastblackmansf,lastchristmasthemovie,latenightmovie,lighthousemovie,lionking,littlethemovie,littlewomenmovie,littlewoodsfilm,longshotmovie,lordsofchaosmovie,lucyintheskyfilm,mamovie2019,marriagestory,meettheaddams,meninblack,midsommarmovie,midwaymovie,missbalamovie,missinglinkfilm,motherlessbklyn,onceinhollywood,onthebasisofsex,overcomermovie,peanutbutterfalcon,petsematarymovie,piercingmovie,playingwithfire,playmobilthemovie,pomsmovie,queenandslim,rambomovie,readyornotfilm,richardjewellfilm,rocketmanmovie,scarystoriesmovie,secretlifeofpets,serenityfilm,shaftmovie,shazammovie,spidermanmovie,spiesindisguise,starwars,stormboymovie,stubermovie,taosdfilm,teenspiritmov,terminator,theaeronautsmov,thebestofenemies,thedeaddontdie,thefarewell,thehighwaymen,thehummingbirdprojectfilm,theintrudermovie,theirishmanfilm,thekitchenmovie,thelegomovie,themustangfilm,thenightingalefilm,theprodigymovie,thesunisalsoastar,theupsidefilm,tolkienmovie,toystory,triplefrontier,uglydolls,uncutgems,underthesilverlake,usmovie,wavesmovie,whatmenwant,wonderparkmovie,wrinklestheclown,xmenmovies,yardiefilm,yesterdaymovie,zombieland
21bridgesmovie,0.9999999,0.99387056,0.9817585,0.9810155,0.9914484,0.97514886,0.98328346,0.98688364,0.9932869,0.9870552,0.9804188,0.97861516,0.9919662,0.9894657,0.9940145,0.99349034,0.9845556,0.9902889,0.9945603,0.9791585,0.9829405,0.9776695,0.9863202,0.9872978,0.9844976,0.83603334,0.9896489,0.977787,0.9804812,0.9839517,0.99130726,0.9814926,0.965632,0.9867703,0.9727607,0.9777891,0.99063045,0.9844915,0.98995346,0.98712385,0.98881793,0.9937008,0.9780541,0.98527443,0.9886533,0.98130685,0.9841131,0.97192866,0.9731399,0.9894225,0.98593175,0.9844827,0.9679672,0.9652117,0.9713357,0.98078865,0.97974855,0.98160297,0.99442965,0.9911249,0.9839435,0.99162674,0.98152494,0.98806334,0.9845817,0.97698456,0.97581834,0.98749113,0.9574016,0.97343755,0.99045056,0.51532257,0.9584366,0.9774517,0.9733927,0.9755918,0.9512622,0.98578346,0.98678005,0.97290784,0.9876252,0.9808466,0.9866692,0.97643095,0.98413426,0.98578393,0.9781537,0.98947006,0.9860735,0.9846712,0.97490954,0.99045056,0.98197407,0.97895455,0.9842081,0.98753333,0.97987384,0.984925,0.98112357,0.98442847,0.9843593,0.96338457,0.9674512,0.9894069,0.98578787,0.9881559,0.9910672,0.9900422,0.97510266,0.9625567,0.98553354,0.5300407,0.9845277,0.90571797,0.985048,0.9846018,0.9972254,0.97485155,0.97840333,0.9772131,0.9722431,0.9904218,0.98053616,0.9710656,0.9875272,0.99219537,0.9910189,0.98588043,0.99265224,0.96179867,0.9721255,0.98166144,0.98431134,0.9852642,0.984259,0.98740935,0.9916181,0.97313076,0.99356484,0.9910026,0.9932869,0.9859229,0.9793708,0.9852035,0.9817782,0.9697844,0.98074067,0.9693312,0.98443806,0.9880613,0.9815494,0.9852178,0.98759955,0.95603067,0.98873705,0.98313075,0.9823848,0.9813594,0.987999,0.98847836,0.9932869,0.9892251,0.98970246,0.9865629,0.9914103
47metersdown,0.99387056,0.9999999,0.97991467,0.9830708,0.98657376,0.9774017,0.98743874,0.98556954,0.9925407,0.98507404,0.98544794,0.9671635,0.9910659,0.99205196,0.9937199,0.9920559,0.9846121,0.98769,0.9924765,0.9789207,0.9796177,0.96838975,0.9864441,0.9873385,0.9869444,0.8438453,0.98115873,0.97990924,0.97704,0.9785769,0.9915642,0.98216295,0.9604784,0.98297125,0.9617995,0.9687243,0.99215704,0.9859854,0.99189246,0.98747647,0.9867834,0.98654073,0.9863548,0.9813155,0.9894372,0.98629797,0.986127,0.9710148,0.97731924,0.9847358,0.9817022,0.98445296,0.97049457,0.96650904,0.9726207,0.975418,0.9784752,0.9810956,0.9885334,0.9908078,0.9807086,0.9929967,0.97906274,0.9903583,0.9875989,0.97980624,0.975074,0.9834121,0.9642608,0.9746579,0.9887862,0.5028465,0.95181435,0.9834647,0.965022,0.9732928,0.93315965,0.9844055,0.98337567,0.9701023,0.98559874,0.98385507,0.9903452,0.9646035,0.98016953,0.9836863,0.9758776,0.98543006,0.9810532,0.9848838,0.9708127,0.9887862,0.98638326,0.9769414,0.9841705,0.989042,0.980535,0.98415184,0.98591423,0.98278874,0.98756546,0.97483075,0.96598274,0.9884204,0.9899076,0.9837403,0.990807,0.9893548,0.96581495,0.96709543,0.9894894,0.5372525,0.986777,0.88443303,0.9829394,0.98390007,0.99538857,0.97008616,0.9756686,0.98139787,0.9797317,0.98760444,0.982051,0.9740448,0.9840747,0.98637056,0.9845284,0.9854022,0.9853762,0.9665323,0.970642,0.9803227,0.9888014,0.986271,0.98757213,0.98480266,0.99454606,0.9718442,0.98779625,0.99257195,0.9925407,0.9793338,0.98202324,0.98819935,0.979945,0.9723432,0.9729049,0.96129876,0.98221445,0.98214024,0.9833028,0.9821493,0.98947823,0.95613605,0.9895178,0.9794311,0.9862493,0.9796633,0.98922443,0.9906559,0.9925407,0.98590016,0.98866063,0.9894383,0.98880225
abeautifuldaymovie,0.9817585,0.97991467,0.9999998,0.98210317,0.99329615,0.98557866,0.983524,0.9844603,0.9939268,0.9838828,0.97996277,0.9781515,0.98588943,0.9871928,0.9874784,0.9847031,0.9729246,0.98764294,0.9901449,0.98350984,0.9850717,0.98853666,0.9908869,0.9926805,0.9910976,0.8319592,0.9820202,0.9744842,0.9939187,0.96948767,0.9820213,0.9833337,0.9839042,0.9852038,0.9669147,0.9673585,0.9900661,0.96946406,0.9897593,0.9870123,0.9869628,0.98417795,0.97204393,0.98833203,0.9918547,0.98298883,0.98910785,0.9840257,0.967169,0.99214256,0.9931376,0.98571354,0.9785731,0.96356094,0.96129054,0.9841573,0.986444,0.9658533,0.9844074,0.9898858,0.98340535,0.98261535,0.98095673,0.9881913,0.9828322,0.9833237,0.9818102,0.98460555,0.9746596,0.9823373,0.9864184,0.51567644,0.9580147,0.99090743,0.97803,0.9819252,0.93034136,0.98328096,0.9822683,0.99429566,0.99385643,0.97126,0.98916304,0.9677925,0.9711413,0.9860647,0.97017103,0.98645943,0.9796358,0.9883008,0.98447675,0.9864184,0.97798955,0.9827936,0.9945597,0.9827207,0.9845822,0.9782221,0.9812852,0.9786488,0.9866285,0.9742672,0.9777694,0.98500377,0.9693822,0.99108255,0.99178356,0.9892072,0.98516226,0.97255844,0.9870862,0.57065314,0.9884569,0.8954026,0.98161733,0.97793126,0.9821019,0.9785252,0.9898665,0.9760403,0.9794781,0.98680735,0.9897102,0.97801834,0.9881677,0.988183,0.98955816,0.98175216,0.978484,0.94776416,0.975686,0.98357964,0.98224604,0.974548,0.97301424,0.98030967,0.979816,0.98098654,0.98350173,0.98509,0.9939268,0.99205244,0.9797484,0.97613066,0.97850984,0.98184633,0.9847273,0.9610541,0.9846801,0.9718254,0.9841997,0.9927487,0.983296,0.94405675,0.975525,0.9870406,0.9896685,0.98374116,0.98708665,0.98209286,0.9939268,0.98592424,0.993583,0.98876053,0.9876671
abominablemovie,0.9810155,0.9830708,0.98210317,0.9999999,0.9867476,0.9742193,0.9732208,0.98258615,0.9840406,0.97557193,0.9696277,0.9685203,0.9853845,0.97813314,0.9836867,0.97747314,0.9605089,0.9855667,0.98237014,0.9752478,0.9734695,0.97167933,0.9781937,0.9767149,0.9772411,0.8076045,0.9705996,0.96372974,0.982095,0.96361506,0.9753832,0.9803586,0.9724081,0.974383,0.9713185,0.9600198,0.97916776,0.9773912,0.97882575,0.9795282,0.9741526,0.9756882,0.9810308,0.98555064,0.9837856,0.969864,0.9750572,0.9638811,0.9583658,0.9855881,0.9848674,0.97686356,0.96217954,0.9733091,0.9478555,0.9729315,0.97579044,0.95662737,0.9744201,0.9839928,0.96930337,0.9828138,0.9832291,0.97981226,0.96992266,0.97491044,0.9782881,0.9744131,0.9606361,0.97981983,0.9784707,0.5329018,0.94243497,0.974559,0.97955865,0.9678838,0.936663,0.97294194,0.96066254,0.97119224,0.9837094,0.9729124,0.987727,0.9640592,0.9858592,0.96843016,0.9684944,0.9763337,0.9686648,0.9798,0.9682653,0.9784707,0.98167366,0.9752529,0.98130614,0.9777167,0.96966565,0.9745622,0.9784569,0.98085624,0.9725734,0.95993423,0.9757388,0.9760159,0.9706628,0.9852427,0.9799635,0.9882555,0.97242904,0.95552194,0.97072935,0.5012166,0.9806581,0.8623921,0.96884966,0.9793844,0.98033184,0.9750527,0.9802708,0.96230227,0.9638773,0.98038954,0.97255003,0.9671038,0.980414,0.9759049,0.9820054,0.9756113,0.9789341,0.93886626,0.9608594,0.9896279,0.9752453,0.98322767,0.96910655,0.96747464,0.98422307,0.9671606,0.980983,0.9780432,0.9840406,0.9795895,0.9692932,0.9729022,0.9714935,0.96573085,0.97321796,0.96518254,0.98085535,0.9696831,0.96974033,0.97502977,0.97807854,0.9533613,0.9709816,0.9769645,0.98749447,0.9732519,0.98194474,0.9877833,0.9840406,0.977378,0.9757642,0.9835844,0.98587346
adastramovie,0.9914484,0.98657376,0.99329615,0.9867476,0.99999994,0.97648424,0.9882338,0.9906746,0.9960288,0.9890683,0.9811517,0.9810293,0.99182826,0.9887574,0.9930458,0.990972,0.9818694,0.99489266,0.9933399,0.9854533,0.98969567,0.98567873,0.99140054,0.98909545,0.9885222,0.83819675,0.99178946,0.9820496,0.9899834,0.97992474,0.98672754,0.9893925,0.97823024,0.9852106,0.9792262,0.98411036,0.9912505,0.9794606,0.9927069,0.98905355,0.9879023,0.99172944,0.97416955,0.99199617,0.9955962,0.9816657,0.98932445,0.9855506,0.9747292,0.99606067,0.99055004,0.9892365,0.97626024,0.9710441,0.96929246,0.9910089,0.99000955,0.9718182,0.9938535,0.99287134,0.9854814,0.986917,0.98647183,0.98900676,0.98644346,0.9814626,0.9865721,0.990053,0.96800756,0.9859878,0.9904849,0.5671574,0.9691856,0.9882573,0.9805397,0.98370796,0.95044804,0.98243916,0.98658335,0.9875418,0.99464357,0.98339236,0.988797,0.97687525,0.9821695,0.989463,0.98323447,0.9914995,0.9853329,0.98896706,0.9872891,0.9904849,0.9816311,0.9861812,0.98836815,0.9878657,0.9817372,0.9861649,0.9894387,0.9822636,0.9851617,0.96848744,0.9795283,0.9872608,0.97484237,0.98896897,0.9926421,0.9949548,0.98647404,0.972568,0.9838877,0.5467075,0.9912274,0.9118889,0.98398274,0.97867614,0.9892706,0.98111784,0.99185747,0.9801668,0.9729116,0.98882943,0.9907438,0.9701873,0.992309,0.9932072,0.99171376,0.98025477,0.98879987,0.95174783,0.978368,0.9920271,0.9876811,0.9820708,0.97820467,0.98692065,0.9857226,0.9817941,0.9908772,0.98904437,0.9960288,0.9934157,0.9835825,0.97984076,0.9815855,0.9811638,0.98420644,0.9734504,0.98890024,0.97347325,0.98770076,0.9928841,0.9863005,0.9522682,0.9800778,0.98795223,0.98857063,0.98701864,0.9928063,0.9873985,0.9960288,0.99162644,0.9923104,0.99135613,0.992535
adogsjourneymovie,0.97514886,0.9774017,0.98557866,0.9742193,0.97648424,1.0000001,0.9674523,0.97745043,0.9848783,0.9663561,0.96357894,0.9644474,0.97848827,0.9796041,0.9775725,0.97519827,0.9598481,0.9733707,0.9841658,0.96446294,0.9751856,0.9733801,0.9865706,0.98614454,0.9809025,0.8395818,0.9745097,0.965783,0.9781249,0.9616769,0.97771186,0.9632552,0.9791013,0.97848666,0.9558535,0.94911975,0.9801521,0.9763887,0.97877455,0.9804169,0.986171,0.9754621,0.9833856,0.97881025,0.9819504,0.97893804,0.9812849,0.96870124,0.9442679,0.9817918,0.97953594,0.9751001,0.9734916,0.96221745,0.9647958,0.9714794,0.96673596,0.97261596,0.96822125,0.9779972,0.9782415,0.97281843,0.9704469,0.98918855,0.9753086,0.97879267,0.96185946,0.9715232,0.96592766,0.9668011,0.97542775,0.43729985,0.9443406,0.97804105,0.96629924,0.9576497,0.90966576,0.9773637,0.9625517,0.98457026,0.9784534,0.9521164,0.9908218,0.9511944,0.9683752,0.9765711,0.9526611,0.9758975,0.9734142,0.9897473,0.96386766,0.97542775,0.9772425,0.9731496,0.98858815,0.9797509,0.9720084,0.96406156,0.96874654,0.98214227,0.97619796,0.96068263,0.97459227,0.9797874,0.9616485,0.9825388,0.980893,0.981523,0.9759078,0.96177167,0.98109424,0.5681793,0.9768221,0.8673786,0.9749392,0.98111933,0.97845846,0.97601557,0.9732786,0.9584899,0.9780642,0.98511887,0.9773106,0.9883892,0.9684251,0.97550786,0.9813838,0.98327416,0.9701639,0.96407926,0.9672798,0.96813416,0.9810672,0.97138107,0.9786498,0.9756769,0.9666424,0.96495634,0.97470355,0.97558355,0.9848783,0.9759857,0.96975166,0.98072875,0.9761584,0.96190196,0.9620184,0.95415926,0.98433244,0.97154135,0.9679644,0.9826447,0.9772625,0.91635084,0.96852034,0.98236984,0.99034625,0.97047305,0.97487736,0.9781646,0.9848783,0.9771927,0.98062736,0.9819681,0.9774438
aftermathmovie,0.98328346,0.98743874,0.983524,0.9732208,0.9882338,0.9674523,1.0000001,0.9789222,0.98994464,0.9836859,0.98834294,0.9592053,0.9812949,0.98644245,0.9882364,0.98740935,0.9825426,0.98725075,0.98981166,0.97941846,0.9875805,0.9659382,0.9863287,0.98304814,0.98268515,0.8395728,0.9794339,0.98422503,0.9764074,0.97784424,0.9870107,0.98487246,0.9633567,0.97709894,0.94895697,0.97334164,0.9870745,0.97004217,0.99190503,0.9816752,0.9793687,0.98144394,0.97304904,0.9769002,0.98656756,0.9811242,0.9879001,0.98463094,0.98597854,0.9813877,0.9768138,0.9859567,0.9672815,0.9558479,0.96240044,0.986457,0.98389816,0.97010607,0.98532355,0.98435223,0.97467655,0.9783471,0.9727689,0.9842992,0.98539174,0.98044175,0.98052573,0.9883052,0.9686294,0.9816478,0.9840181,0.542254,0.9649138,0.9857356,0.95234555,0.9794982,0.9254547,0.9800109,0.9865566,0.97830945,0.9860954,0.9899687,0.9823413,0.9617553,0.9651243,0.98776454,0.9821234,0.98082906,0.9749418,0.9783898,0.97981036,0.9840181,0.97667146,0.9740124,0.9763894,0.98984796,0.9805917,0.98360485,0.9948711,0.9662605,0.98446536,0.966431,0.96329355,0.97821474,0.9781251,0.9742119,0.9876814,0.9843034,0.96798575,0.96956176,0.9883855,0.55730295,0.9823006,0.9023724,0.9793856,0.9713064,0.98422885,0.9563989,0.98388,0.99528193,0.97692436,0.9788863,0.9888031,0.95861816,0.9864745,0.98571473,0.97482115,0.97012126,0.97711974,0.95262206,0.98484445,0.9772486,0.9830413,0.9743109,0.9762993,0.9853026,0.98585904,0.980316,0.98067176,0.9899649,0.98994464,0.9792792,0.9831842,0.9710276,0.97751236,0.9814412,0.97499734,0.9458694,0.97293055,0.9639521,0.99530935,0.9851191,0.9842304,0.9495862,0.9817732,0.9760642,0.9820494,0.97618765,0.98730433,0.9778693,0.98994464,0.98197204,0.9899524,0.9891764,0.9791305
aftermovie,0.98688364,0.98556954,0.9844603,0.98258615,0.9906746,0.97745043,0.9789222,1.0,0.99182,0.98522586,0.98014325,0.98061126,0.99100006,0.9828104,0.9911438,0.9879772,0.97969484,0.98952,0.9855208,0.9800233,0.9811125,0.9829441,0.9786908,0.9879505,0.9823606,0.8329289,0.9782204,0.9749178,0.98539364,0.9812541,0.97993445,0.9753246,0.98151535,0.9696646,0.9755542,0.9728682,0.987556,0.9791573,0.9897719,0.98688674,0.9867265,0.98519063,0.96928555,0.9922517,0.9853437,0.97217786,0.9760584,0.9805184,0.95681465,0.9929959,0.9865522,0.9766198,0.9636509,0.96225864,0.9759897,0.9844535,0.9782223,0.9765492,0.98723316,0.9889941,0.98798937,0.98572606,0.97810584,0.9917545,0.9738507,0.984659,0.97519666,0.9751266,0.966292,0.9746439,0.9891223,0.5137442,0.9699818,0.97810525,0.97762275,0.9761919,0.9411237,0.9740735,0.9742192,0.9845774,0.9893413,0.9684704,0.98557526,0.975625,0.98336375,0.9828954,0.9740933,0.9840995,0.97349757,0.9832617,0.98486686,0.9891223,0.9708113,0.9717531,0.98527604,0.9851467,0.9778198,0.9829352,0.97842026,0.9759129,0.9767627,0.9542234,0.982813,0.9900604,0.9747224,0.985268,0.9858244,0.98841125,0.9804415,0.9541847,0.9789473,0.5622255,0.985115,0.89297354,0.9753392,0.9759006,0.98918027,0.9740626,0.9768107,0.9722336,0.9733768,0.9878979,0.9862646,0.9651146,0.984625,0.9827027,0.98453635,0.9799959,0.98800015,0.9390372,0.96983224,0.9854724,0.98252183,0.9743481,0.988063,0.9832715,0.9814782,0.971519,0.9947444,0.98243695,0.99182,0.9901413,0.9727865,0.983067,0.97664946,0.96712744,0.9736221,0.9645211,0.98675007,0.9814621,0.9786516,0.984053,0.9867542,0.94217163,0.97956145,0.9835153,0.98157096,0.9894208,0.9906937,0.986434,0.99182,0.9913787,0.99092597,0.9804885,0.98905295
ahiddenlifefilm,0.9932869,0.9925407,0.9939268,0.9840406,0.9960288,0.9848783,0.98994464,0.99182,0.9999999,0.9921522,0.98924565,0.9818727,0.99451965,0.99530387,0.99682987,0.9963387,0.98676705,0.99313,0.99695265,0.9884091,0.99130505,0.9874146,0.99309593,0.996248,0.99357176,0.8607941,0.99035245,0.98472935,0.99056435,0.98492104,0.9930733,0.98825663,0.97915983,0.98920226,0.97382396,0.97989357,0.996487,0.98275495,0.99692583,0.9937164,0.9931848,0.9936728,0.9811208,0.9924037,0.9953547,0.98698467,0.9913724,0.9846728,0.9775596,0.99566907,0.99252886,0.9921648,0.98142844,0.9733497,0.9757024,0.98804635,0.9887233,0.9826839,0.9936805,0.99518144,0.9913223,0.9903399,0.9869971,0.9960969,0.9899567,0.9881782,0.98234296,0.99165374,0.9753953,0.9853125,0.9928776,0.5238682,0.9667728,0.99063593,0.9793724,0.9860108,0.94481456,0.98970574,0.9911433,0.9895867,0.9963207,0.984447,0.9934637,0.9777524,0.98347986,0.99147636,0.9831011,0.9919997,0.987138,0.99230766,0.9865379,0.9928776,0.98524714,0.98847693,0.99382335,0.99135756,0.98935485,0.99028057,0.9888344,0.9874406,0.9884941,0.97567075,0.9756874,0.99277705,0.98496747,0.99287146,0.9961899,0.9956485,0.9835789,0.9765938,0.9926818,0.5833368,0.99169046,0.9124281,0.98952717,0.9858459,0.9941663,0.9827124,0.98942816,0.98389626,0.9829786,0.99541116,0.9931457,0.97963005,0.992715,0.9940383,0.9932446,0.9889007,0.98891,0.96183944,0.98212034,0.985394,0.9917162,0.98563206,0.98673344,0.9913482,0.9904984,0.98553467,0.9927249,0.9919988,0.9999999,0.9928585,0.98427004,0.9896649,0.9862195,0.98496026,0.9849353,0.9695118,0.9916357,0.9810992,0.98934406,0.9935213,0.9913661,0.95168906,0.98792773,0.9895399,0.9907085,0.9868309,0.99558496,0.9914835,0.9999999,0.9930825,0.99612886,0.9925311,0.99508107
alitamovie,0.9870552,0.98507404,0.9838828,0.97557193,0.9890683,0.9663561,0.9836859,0.98522586,0.9921522,1.0000001,0.98482305,0.97924304,0.9915428,0.9931581,0.9906188,0.99191797,0.9867571,0.9874024,0.9870515,0.98585683,0.9817089,0.98321545,0.97828597,0.9894033,0.9876959,0.8485335,0.9791914,0.9805358,0.98229146,0.98490256,0.9879997,0.98357666,0.96968746,0.9798637,0.9734012,0.9742364,0.9886425,0.97223794,0.98763347,0.98388547,0.98004454,0.9911728,0.9699976,0.9873331,0.9828766,0.9776689,0.97672075,0.9740605,0.9694382,0.9892403,0.9840703,0.9798163,0.9735786,0.9624977,0.96618557,0.98115706,0.9801303,0.97554123,0.9911484,0.9912732,0.98215246,0.985886,0.97382295,0.9896769,0.97459924,0.9737206,0.979396,0.9815376,0.9659958,0.9719643,0.9928974,0.5347227,0.95254225,0.9805945,0.97295874,0.98434275,0.9495583,0.9775895,0.98636,0.9764666,0.9924864,0.9832239,0.9774999,0.98646075,0.97882473,0.983215,0.97749084,0.9899893,0.9837685,0.97825223,0.97512203,0.9928974,0.9700316,0.9786916,0.9853169,0.97997797,0.980743,0.99163043,0.97961855,0.9792743,0.978386,0.96766144,0.95825046,0.9898674,0.9878102,0.9824112,0.9907407,0.98383206,0.9800535,0.95547444,0.9849159,0.5851849,0.9778627,0.9131002,0.97817737,0.9767959,0.9892604,0.9730588,0.98252463,0.9812716,0.96782166,0.98634255,0.9844616,0.9590527,0.994433,0.9824866,0.9848812,0.97406715,0.9897393,0.9444742,0.976983,0.9799094,0.9827433,0.98300594,0.97661203,0.98147535,0.9882325,0.97273654,0.9908507,0.9876013,0.9921522,0.98546463,0.9729515,0.977673,0.9743777,0.97315025,0.98730814,0.9681923,0.98303705,0.97893083,0.9820044,0.98564166,0.9906361,0.95388114,0.98771524,0.9845035,0.9759871,0.98673356,0.98741573,0.98212934,0.9921522,0.9898138,0.99017406,0.9777823,0.98857605
angelhasfallen,0.9804188,0.98544794,0.97996277,0.9696277,0.9811517,0.96357894,0.98834294,0.98014325,0.98924565,0.98482305,0.9999999,0.96113163,0.98371893,0.985734,0.9912122,0.9897212,0.97786105,0.97695845,0.9841386,0.98928744,0.98069125,0.97239465,0.9755697,0.9891372,0.985444,0.8566849,0.97214377,0.9726977,0.9795528,0.97532237,0.98511577,0.9835962,0.96165746,0.9710659,0.9531121,0.96425027,0.9885269,0.9635535,0.99069405,0.98070973,0.9719928,0.9798684,0.9646859,0.9799072,0.98046076,0.9778805,0.97732764,0.97671497,0.9737634,0.98060274,0.9796944,0.98364705,0.9692877,0.95626545,0.9558014,0.9703836,0.9742699,0.9721832,0.9846107,0.9860484,0.97354275,0.97923374,0.9737654,0.9829157,0.97730494,0.9816693,0.97256213,0.9796721,0.97907144,0.9717373,0.98360825,0.51995635,0.9485636,0.97800106,0.96412885,0.98057467,0.92279977,0.98212653,0.98600286,0.973204,0.9857747,0.9866585,0.9793436,0.9649973,0.9651291,0.98089117,0.9852913,0.9788682,0.9725232,0.9736803,0.979632,0.98360825,0.9721982,0.972091,0.9777805,0.98096776,0.9879647,0.98090786,0.98187965,0.9697658,0.9801719,0.971723,0.9566808,0.9819465,0.9838506,0.9786896,0.986619,0.9823646,0.9633108,0.9679789,0.9888392,0.604201,0.9790597,0.89322704,0.979402,0.97879267,0.98166496,0.96067107,0.97536135,0.9876637,0.9704546,0.98074895,0.9802422,0.955291,0.98241675,0.9830822,0.97989285,0.9746707,0.97517186,0.9424336,0.9763273,0.9686515,0.9718134,0.9694566,0.9734476,0.9788805,0.9886245,0.9799448,0.9821781,0.984475,0.98924565,0.9789366,0.9727772,0.9728755,0.9681562,0.9838488,0.97878456,0.9505394,0.97402185,0.9663856,0.9886057,0.97765076,0.98242635,0.95881486,0.9804311,0.9758632,0.97129124,0.9720011,0.9882633,0.98061645,0.98924565,0.98106194,0.9873948,0.97825164,0.9809659
angrybirdsmovie,0.97861516,0.9671635,0.9781515,0.9685203,0.9810293,0.9644474,0.9592053,0.98061126,0.9818727,0.97924304,0.96113163,0.99999994,0.979825,0.97525847,0.98024666,0.98054194,0.9681477,0.98417133,0.9754198,0.9753283,0.9696579,0.99002796,0.96332884,0.9773909,0.97515273,0.84478444,0.9715166,0.9588348,0.9867302,0.97050893,0.97040313,0.96591425,0.96348757,0.97569966,0.9671792,0.97382826,0.9767066,0.9658902,0.97652775,0.9680254,0.979922,0.98010004,0.95304275,0.97597325,0.97403324,0.9674396,0.959168,0.95934707,0.9484367,0.98076093,0.988731,0.9629349,0.9597789,0.9494785,0.9511666,0.9708381,0.9740377,0.9618759,0.9742784,0.97297853,0.97360694,0.9708605,0.968729,0.97418284,0.96005094,0.96623474,0.95800745,0.97027606,0.9572352,0.96356446,0.9730245,0.5475996,0.957943,0.9662588,0.9757897,0.9696412,0.96618855,0.97795343,0.97058487,0.9716866,0.9791883,0.95367205,0.96749914,0.97750145,0.97644377,0.9643993,0.96110165,0.9750421,0.96597165,0.9652509,0.9668466,0.9730245,0.96091306,0.9756916,0.98143226,0.96727395,0.9762921,0.96967703,0.955359,0.96526045,0.9661893,0.9551386,0.9696406,0.97298807,0.96392924,0.986928,0.9797353,0.9761011,0.9712338,0.9504389,0.95917076,0.5815061,0.9738491,0.9163217,0.96855235,0.9695313,0.9829393,0.9672364,0.9653668,0.95879376,0.9557085,0.98542994,0.9754065,0.9663454,0.974107,0.9740877,0.9780989,0.98030466,0.9793385,0.91914123,0.9460611,0.9741568,0.96789247,0.96196276,0.9688279,0.9731561,0.9723772,0.9605153,0.9777522,0.9718276,0.9818727,0.99094933,0.96241,0.9759478,0.9678138,0.95421183,0.9774114,0.9544222,0.969742,0.97629386,0.9637047,0.97125894,0.96865696,0.93791837,0.9606019,0.9693152,0.96694005,0.9755777,0.98348856,0.97459567,0.9818727,0.9807716,0.97890794,0.9667243,0.9879093
annabellemovie,0.9919662,0.9910659,0.98588943,0.9853845,0.99182826,0.97848827,0.9812949,0.99100006,0.99451965,0.9915428,0.98371893,0.979825,1.0000001,0.9901461,0.99337465,0.99459887,0.9812965,0.98799926,0.9897003,0.98752743,0.9822704,0.9848325,0.9848313,0.9905947,0.99127716,0.8490377,0.98733014,0.9797919,0.9844635,0.98622745,0.9928372,0.98535156,0.97542167,0.9791578,0.9827252,0.97226346,0.9941885,0.98700136,0.9882513,0.9883337,0.9851987,0.9943185,0.9784645,0.99123186,0.9887674,0.98159766,0.98410356,0.9819678,0.96208346,0.9952287,0.9858306,0.98207945,0.98095316,0.97910595,0.9688598,0.9780981,0.9799344,0.9841348,0.99311775,0.9957252,0.98385936,0.9902021,0.9872527,0.99302274,0.9760843,0.9835474,0.97781813,0.9806945,0.96380997,0.97500867,0.99143964,0.54559493,0.95248216,0.9838287,0.98235595,0.980706,0.94272184,0.9821641,0.98035187,0.98055685,0.9918551,0.98203933,0.9870591,0.98510295,0.98251843,0.98538274,0.9790086,0.9944367,0.9912164,0.9893048,0.979526,0.99143964,0.98585147,0.9823273,0.9873323,0.9852856,0.9788587,0.9817452,0.9835666,0.9861883,0.9796306,0.96952164,0.97051364,0.9904174,0.98065686,0.9880312,0.99102867,0.9921454,0.98404354,0.9643922,0.9858621,0.55681235,0.9877129,0.89248866,0.9878404,0.9838583,0.99317473,0.98340404,0.9841019,0.97391176,0.97042596,0.99294114,0.98232085,0.97361755,0.990873,0.990261,0.99233377,0.98328197,0.9899177,0.95481586,0.96992373,0.98645115,0.98629606,0.98512787,0.9884165,0.9858707,0.9921921,0.9728612,0.99161714,0.9853208,0.99451965,0.9887056,0.9713592,0.9845874,0.98074615,0.97399104,0.9820532,0.9793094,0.9910697,0.98184824,0.98259455,0.9873139,0.98414767,0.962019,0.98268026,0.9878019,0.98572904,0.9802431,0.99242455,0.99392503,0.99451965,0.9941494,0.9891375,0.98550016,0.9900768
annamovie,0.9894657,0.99205196,0.9871928,0.97813314,0.9887574,0.9796041,0.98644245,0.9828104,0.99530387,0.9931581,0.985734,0.97525847,0.9901461,0.99999994,0.991393,0.9947769,0.9852536,0.98660207,0.9938219,0.9856898,0.98475295,0.9786352,0.9887231,0.9914878,0.9902956,0.85469264,0.9830587,0.98280084,0.9857293,0.9769064,0.992336,0.98646486,0.9708764,0.9906088,0.9652059,0.972251,0.9943891,0.973992,0.99190784,0.98901695,0.9860808,0.98889905,0.98359,0.9833433,0.9913378,0.9919813,0.98595124,0.9725799,0.9756025,0.9869464,0.9874542,0.98807985,0.97977144,0.96607417,0.968897,0.9794136,0.98406285,0.9770251,0.9889457,0.9923946,0.9839098,0.9889689,0.9771346,0.99269694,0.98846394,0.97499055,0.9763737,0.98589694,0.97678006,0.97477067,0.9906056,0.5073305,0.94573414,0.9873471,0.9687651,0.98040706,0.9423303,0.9884981,0.99049556,0.9779857,0.9919741,0.98333794,0.988667,0.96986115,0.9785416,0.9852258,0.98038346,0.9901366,0.98370403,0.9862809,0.9706327,0.9906056,0.9810445,0.98097795,0.99243635,0.98674905,0.9861011,0.9902227,0.9817973,0.98515415,0.9909926,0.98132485,0.9643395,0.99159616,0.9924704,0.98750687,0.99473566,0.9910923,0.97310865,0.96699923,0.9906855,0.5735341,0.98774636,0.90169203,0.98537344,0.98815167,0.99241805,0.9737818,0.9836677,0.9845076,0.9754255,0.99118084,0.98555017,0.97347647,0.98730683,0.9855457,0.9894975,0.983683,0.98361343,0.968581,0.9762014,0.9765126,0.9903232,0.9839277,0.9797986,0.98200685,0.98880583,0.9762277,0.98709875,0.99347836,0.99530387,0.98503745,0.98647213,0.9882713,0.9830341,0.979876,0.9837966,0.96656024,0.98781365,0.9781694,0.98574513,0.9854171,0.99106306,0.9525792,0.98898065,0.9846794,0.98524487,0.9845746,0.9894411,0.98867613,0.99530387,0.98445266,0.99082893,0.98822236,0.99197054
apollo11movie,0.9940145,0.9937199,0.9874784,0.9836867,0.9930458,0.9775725,0.9882364,0.9911438,0.99682987,0.9906188,0.9912122,0.98024666,0.99337465,0.991393,0.9999999,0.99404436,0.98821414,0.9919307,0.9930407,0.98922944,0.985743,0.9808849,0.98583335,0.9941875,0.99167526,0.85660654,0.98550564,0.9827868,0.986663,0.9843132,0.9906258,0.9868308,0.96869624,0.9836509,0.9686911,0.9770171,0.99348617,0.9836845,0.99520534,0.98659945,0.98918575,0.99396574,0.9792788,0.99145895,0.99131405,0.9834351,0.9841361,0.9769083,0.97664547,0.9930259,0.9884615,0.9884599,0.97300327,0.967352,0.9716667,0.9833282,0.98563224,0.98468894,0.992203,0.99065095,0.9854064,0.99000853,0.9826445,0.99248064,0.98671013,0.9837724,0.98432755,0.9899425,0.9729639,0.98140246,0.9905138,0.53431356,0.964439,0.98665434,0.9752278,0.98618895,0.94690174,0.98907876,0.98899615,0.9793709,0.99100447,0.98632824,0.99011296,0.97630745,0.9822844,0.985776,0.98360825,0.990102,0.98233753,0.9846477,0.98086804,0.9905138,0.9823684,0.98567826,0.9887615,0.98801047,0.98656297,0.9882895,0.9865788,0.98394287,0.98422855,0.9756333,0.97101283,0.98834825,0.9850052,0.98904514,0.99505675,0.99133337,0.9763061,0.9744727,0.98948705,0.57992643,0.9860773,0.9059835,0.98283964,0.9844171,0.99367756,0.9754667,0.9827432,0.9838075,0.9809452,0.99252903,0.98999816,0.9732537,0.9895714,0.9905825,0.98923564,0.98543525,0.99255526,0.9538052,0.9805469,0.9840156,0.98759776,0.98498476,0.98424685,0.9890031,0.99241585,0.9782948,0.9915902,0.9937196,0.99682987,0.98755115,0.9797586,0.9864626,0.98111016,0.979652,0.9848573,0.9642406,0.98616225,0.9807007,0.9857846,0.98742443,0.9912057,0.9579792,0.9855026,0.98488665,0.985297,0.98431516,0.9945536,0.98787814,0.99682987,0.9914767,0.99368495,0.98774683,0.9926947
arcticdogsmovie,0.99349034,0.9920559,0.9847031,0.97747314,0.990972,0.97519827,0.98740935,0.9879772,0.9963387,0.99191797,0.9897212,0.98054194,0.99459887,0.9947769,0.99404436,1.0000001,0.98389745,0.98929125,0.99435395,0.9882821,0.9885011,0.9828687,0.98633087,0.99027276,0.9889518,0.8612832,0.98817044,0.97993964,0.9862987,0.9868313,0.99599594,0.9874195,0.9712084,0.9861223,0.97125584,0.97851384,0.9962932,0.979036,0.9939156,0.9903033,0.9859222,0.99190754,0.97745705,0.9844074,0.9896537,0.98693603,0.9857023,0.981528,0.976072,0.9894817,0.9883865,0.9879493,0.98109376,0.97269386,0.96986455,0.9811043,0.98371655,0.9823461,0.993523,0.99347574,0.98483896,0.9868198,0.98513514,0.991349,0.9846451,0.9846441,0.97411376,0.9875571,0.9728691,0.9785349,0.98845625,0.5344154,0.95673996,0.9822994,0.9739614,0.9821206,0.951262,0.9903966,0.99091023,0.97962135,0.99220806,0.98698956,0.9865791,0.97753376,0.98247576,0.9868741,0.98746693,0.9902814,0.98630255,0.9857593,0.98037916,0.98845625,0.9843949,0.9817794,0.9876321,0.9896105,0.98723716,0.9872009,0.9841321,0.9823172,0.9867481,0.9718191,0.9682748,0.99025226,0.9888533,0.9900624,0.9922124,0.9937768,0.97649753,0.9691875,0.987275,0.57003295,0.9905888,0.90771693,0.99199283,0.98766637,0.99523205,0.97554946,0.98127365,0.98402977,0.97127914,0.9952627,0.9848192,0.97331107,0.98911726,0.9933498,0.99115133,0.9880442,0.98506635,0.96312654,0.9726613,0.9806806,0.98634535,0.97956634,0.9871314,0.98844075,0.9929402,0.98172987,0.9902293,0.9896398,0.9963387,0.9901754,0.98262125,0.98909944,0.98440444,0.9819179,0.9810133,0.96993285,0.98720825,0.9796735,0.9901022,0.98562974,0.9852275,0.96177757,0.9870973,0.9814501,0.982197,0.97840935,0.9948192,0.99331534,0.9963387,0.98986596,0.99098414,0.98895794,0.99333155
arcticmovie,0.9845556,0.9846121,0.9729246,0.9605089,0.9818694,0.9598481,0.9825426,0.97969484,0.98676705,0.9867571,0.97786105,0.9681477,0.9812965,0.9852536,0.98821414,0.98389745,1.0,0.9831725,0.98266643,0.97521573,0.97631365,0.9653876,0.97628206,0.98058903,0.977391,0.8628562,0.9768245,0.9919863,0.96484655,0.9802285,0.9793933,0.9748678,0.9531954,0.96927047,0.9517808,0.97428554,0.9857561,0.96883565,0.98304516,0.97880775,0.98699826,0.98789334,0.9599668,0.97794664,0.98166883,0.9706575,0.97513133,0.96804386,0.9724736,0.9814135,0.9683746,0.97862065,0.9562542,0.9504882,0.9704632,0.9815496,0.98142993,0.984673,0.98490757,0.980465,0.9868881,0.9853699,0.96740746,0.98517495,0.9800514,0.9627321,0.97206223,0.9817502,0.94956684,0.96343696,0.98598444,0.5384185,0.9645151,0.9838949,0.9490819,0.9834529,0.92523706,0.9733191,0.9879976,0.96639484,0.97862417,0.9750346,0.97600114,0.9717983,0.96052754,0.9811067,0.9710559,0.98502535,0.9727818,0.97417223,0.9677037,0.98598444,0.9655582,0.9715516,0.9744384,0.97627926,0.97310394,0.98697484,0.9794481,0.9656963,0.97117096,0.96448743,0.9442637,0.97951776,0.97903883,0.9684569,0.98857826,0.9765027,0.95794815,0.9612967,0.98609394,0.61538845,0.972396,0.93003464,0.9729389,0.9603452,0.98592985,0.9551349,0.97710425,0.97930264,0.97953624,0.9795205,0.98354673,0.95287853,0.98321795,0.9755976,0.9729955,0.9630974,0.98417187,0.94510967,0.9781721,0.9631292,0.98801243,0.977921,0.9791754,0.98303163,0.9779635,0.9636282,0.9829965,0.98342085,0.98676705,0.97309864,0.9641076,0.97867584,0.9805142,0.9688358,0.97828424,0.94623774,0.9760756,0.9738507,0.97301525,0.9821195,0.9872148,0.9407402,0.98089355,0.97556907,0.9733793,0.9824867,0.9837486,0.9721586,0.98676705,0.980477,0.98789895,0.97212565,0.9766321
artofracingmovie,0.9902889,0.98769,0.98764294,0.9855667,0.99489266,0.9733707,0.98725075,0.98952,0.99313,0.9874024,0.97695845,0.98417133,0.98799926,0.98660207,0.9919307,0.98929125,0.9831725,1.0000001,0.9906429,0.9768987,0.98538595,0.98081946,0.98408985,0.9838686,0.98095083,0.84393376,0.98193127,0.9775747,0.9873335,0.9779633,0.98399943,0.98211825,0.96803486,0.9850094,0.9656969,0.98223037,0.9886847,0.9806451,0.9900306,0.98414296,0.9898521,0.9883488,0.97555274,0.98549503,0.9913811,0.9763416,0.9816529,0.9795332,0.9794489,0.9894458,0.98812026,0.98326015,0.9674889,0.96612024,0.96967703,0.9919383,0.98780626,0.9731913,0.9866783,0.98577666,0.9852309,0.98687834,0.98201996,0.98669815,0.9829658,0.9816161,0.98640096,0.988749,0.9603866,0.9859502,0.9835078,0.55253386,0.9727002,0.98374647,0.96831983,0.9809343,0.9534956,0.98268664,0.9832951,0.98143965,0.99180883,0.9793461,0.9852698,0.97422475,0.9843951,0.978833,0.97760916,0.98369664,0.9751033,0.98334605,0.9790273,0.9835078,0.97717965,0.9813805,0.9851713,0.9877233,0.9772058,0.98583204,0.98513377,0.9735063,0.9807225,0.96365476,0.9770783,0.9800073,0.977405,0.98814154,0.98914266,0.98961616,0.9771962,0.9671931,0.9781669,0.5418634,0.98776144,0.9132043,0.97591454,0.973719,0.99157345,0.9700958,0.9815289,0.9787948,0.9777493,0.9893103,0.99037236,0.9717987,0.9909104,0.9875913,0.981748,0.98120195,0.98690104,0.9476188,0.9739263,0.9900123,0.9879004,0.9836259,0.9825104,0.9830551,0.98692316,0.9746935,0.9871544,0.9876177,0.99313,0.99049795,0.98054713,0.9830415,0.98288584,0.9758176,0.9801042,0.9559784,0.9795366,0.9770724,0.98186165,0.9884056,0.98788863,0.95430166,0.9793345,0.9758929,0.9861974,0.98481554,0.99062955,0.98669684,0.99313,0.98653626,0.9904169,0.98848414,0.99161285
avengers,0.9945603,0.9924765,0.9901449,0.98237014,0.9933399,0.9841658,0.98981166,0.9855208,0.99695265,0.9870515,0.9841386,0.9754198,0.9897003,0.9938219,0.9930407,0.99435395,0.98266643,0.9906429,1.0000001,0.98037565,0.9939843,0.97974235,0.9957975,0.9907451,0.9885445,0.840853,0.99029094,0.9816421,0.9849808,0.983252,0.9950071,0.98937416,0.97486967,0.9908462,0.9675381,0.9748529,0.9932819,0.9789315,0.99469054,0.99477607,0.9904147,0.98991853,0.98255336,0.9846639,0.9932129,0.98707795,0.99416065,0.9796903,0.98112273,0.98955977,0.990143,0.9948437,0.98018473,0.97335637,0.9686123,0.98777026,0.98577285,0.9777215,0.990512,0.9932379,0.98682386,0.986398,0.9870495,0.9921234,0.9926467,0.9851068,0.9788559,0.9949962,0.96885806,0.984767,0.9899318,0.5077099,0.96150976,0.9868436,0.9729807,0.9796168,0.94138426,0.9885538,0.9888009,0.9835631,0.99160445,0.9846692,0.9941205,0.96967614,0.98245394,0.9916066,0.9795495,0.99001455,0.9854665,0.99008596,0.979137,0.9899318,0.9887003,0.98546916,0.9912174,0.9889,0.9882399,0.9876105,0.98899776,0.9871692,0.9883607,0.9713846,0.96876246,0.9902735,0.98606867,0.992074,0.99503905,0.99437183,0.9797467,0.9755856,0.99138176,0.5484321,0.9882436,0.9045324,0.9913524,0.9858294,0.9927856,0.9787152,0.9873736,0.9820213,0.97956544,0.9929208,0.9867035,0.9805785,0.98988694,0.99452865,0.99269336,0.9889811,0.984481,0.96744126,0.9805838,0.9838396,0.9897263,0.9829069,0.98183817,0.9902854,0.98908985,0.9877124,0.9900611,0.99245375,0.99695265,0.9881136,0.98687947,0.9863154,0.9867908,0.9839836,0.97913575,0.9682324,0.9884759,0.9786457,0.98825884,0.9901324,0.9893505,0.951566,0.99004406,0.9854633,0.99215466,0.9814685,0.9906372,0.9885653,0.99695265,0.9873246,0.992187,0.9943059,0.9926559
beachbummovie,0.9791585,0.9789207,0.98350984,0.9752478,0.9854533,0.96446294,0.97941846,0.9800233,0.9884091,0.98585683,0.98928744,0.9753283,0.98752743,0.9856898,0.98922944,0.9882821,0.97521573,0.9768987,0.98037565,1.0,0.97478044,0.97931564,0.97451127,0.9864002,0.98980224,0.85213727,0.9776832,0.9786828,0.9854195,0.97430116,0.98081785,0.9843048,0.97180766,0.97181505,0.9657064,0.9690033,0.9888856,0.96454597,0.9862718,0.975121,0.9733084,0.9836796,0.96483445,0.9851371,0.981982,0.98219806,0.97413015,0.97198844,0.9597887,0.98721933,0.9841445,0.9781263,0.97041553,0.95805335,0.9491645,0.9672641,0.98460263,0.9696354,0.984358,0.98483336,0.97047544,0.9783622,0.97514313,0.98167634,0.9721032,0.9707356,0.96834433,0.97521245,0.98412645,0.9698294,0.982625,0.568536,0.942976,0.98174,0.97638446,0.98596114,0.94096667,0.98676395,0.9834547,0.97401536,0.98322755,0.980915,0.9792405,0.9715411,0.96668446,0.9790876,0.98564476,0.9843911,0.9753735,0.9725129,0.97847146,0.982625,0.97510177,0.97764194,0.9822005,0.9796197,0.98505163,0.9785507,0.9767148,0.9737177,0.9808028,0.9767938,0.96487975,0.9807397,0.97405416,0.9802644,0.9868544,0.9868986,0.9668323,0.9640861,0.9811846,0.6142752,0.9832199,0.8954069,0.98167074,0.98338574,0.9810924,0.9664776,0.9834848,0.98262066,0.9621178,0.9843101,0.97961867,0.956871,0.9788965,0.9800582,0.9850618,0.9727514,0.979193,0.93801665,0.96659756,0.9711566,0.9729241,0.9676783,0.9695781,0.97751176,0.98418486,0.971971,0.97986877,0.9829187,0.9884091,0.9838532,0.9706061,0.9749842,0.97379494,0.9749851,0.98707646,0.9619687,0.9814957,0.9666263,0.98550904,0.9773189,0.97351205,0.95558506,0.96936643,0.9814026,0.9731362,0.97134405,0.99219084,0.982855,0.9884091,0.9838176,0.98507065,0.97833323,0.98413146
bernadettefilm,0.9829405,0.9796177,0.9850717,0.9734695,0.98969567,0.9751856,0.9875805,0.9811125,0.99130505,0.9817089,0.98069125,0.9696579,0.9822704,0.98475295,0.985743,0.9885011,0.97631365,0.98538595,0.9939843,0.97478044,1.0,0.9784947,0.99029,0.9832969,0.9792603,0.8474563,0.9868101,0.9778252,0.97937506,0.9808188,0.9893519,0.9904342,0.9722416,0.9791391,0.96506894,0.9762476,0.984954,0.96736455,0.9890086,0.99068993,0.9803748,0.9824796,0.96727127,0.97838396,0.9877569,0.9766598,0.9891399,0.98480886,0.9757626,0.9838877,0.98286134,0.9945791,0.9819729,0.9754753,0.9558177,0.99178827,0.9793269,0.96860534,0.9824812,0.9865916,0.98126686,0.9701885,0.98661375,0.98529935,0.98446697,0.9840165,0.97475255,0.99329615,0.96552545,0.9836067,0.9828017,0.5480934,0.9677207,0.98151773,0.9682615,0.97448504,0.93165743,0.9772795,0.98093575,0.98325837,0.9874285,0.98346704,0.98615825,0.968261,0.973934,0.9889555,0.98136705,0.98514646,0.9797419,0.9847674,0.978968,0.9828017,0.98202884,0.98378026,0.98110807,0.9792566,0.98659474,0.9808114,0.989852,0.9766783,0.9741426,0.95970005,0.96236545,0.9804701,0.9744885,0.98440915,0.9895804,0.9890825,0.9812103,0.9777664,0.98302335,0.5687363,0.98003805,0.9151207,0.98731035,0.9737105,0.9810031,0.97447675,0.9876126,0.9785212,0.96768737,0.98562783,0.98285854,0.969359,0.9860467,0.9895656,0.9856652,0.977596,0.9739323,0.9497823,0.9816731,0.9815314,0.98278487,0.97088593,0.9721,0.9874674,0.9776837,0.9925166,0.98277235,0.98115385,0.99130505,0.9860064,0.9783387,0.97339493,0.9791298,0.9882603,0.97157186,0.9664197,0.9831525,0.95951223,0.9863202,0.98683786,0.98207486,0.94472873,0.97773,0.98119277,0.9872574,0.9755189,0.9877639,0.97959423,0.99130505,0.9824272,0.98428065,0.98623604,0.9844621
