movie,21bridgesmovie,47metersdown,abeautifuldaymovie,abominablemovie,adastramovie,adogsjourneymovie,aftermathmovie,aftermovie,ahiddenlifefilm,alitamovie,angelhasfallen,angrybirdsmovie,annabellemovie,annamovie,apollo11movie,arcticdogsmovie,arcticmovie,artofracingmovie,avengers,beachbummovie,bernadettefilm,blackandbluemovie,blackchristmas,blindedbythelightmovie,bombshellmovie,booksmart,breakthroughmovie,brianbanksmovie,brightburnmovie,brittanyrunsmov,captainmarvelofficial,captivestatemovie,catsmovie,charliesangels,childsplaymovie,clarathefilm,coldpursuitmovie,countdown,currentwarmovie,darkwatersmovie,detectivepikachumovie,disneyaladdin,disneyfrozen,disneymaleficent,doctorsleepmovie,dolemiteismyname,dontletgomovie,doramovie,downtonabbey_official,dumbo,escaperoom,everybodyknowsmovie,fastandfuriousmovie,fightingwmyfam,fivefeetapartfilm,fordvferrari,freaksthefilm,geminimanmovie,glassmovie,gloriabellmovie,godzillamovie,goldfinchmovie,goodboysmovie,goodliarmovie,gretafilm,halathemovie,happydeathdaymovie,harrietfilm,hellboymovie,hersmellmovie,highlifemovie,highstrungmovie,honeyboymovie,hotelmumbaifilm,httydragon,hustlemovie,hustlersmovie,isntitromantic,itmovieofficial,jayandsilentbob,johnwickmovie,jojorabbitmovie,jokermovie,judythefilm,jumanjimovie,justmercyfilm,knivesout,lalloronamovie,lastblackmansf,lastchristmasthemovie,latenightmovie,lighthousemovie,lionking,littlethemovie,littlewomenmovie,littlewoodsfilm,longshotmovie,lordsofchaosmovie,lucyintheskyfilm,mamovie2019,marriagestory,meettheaddams,meninblack,midsommarmovie,midwaymovie,missbalamovie,missinglinkfilm,motherlessbklyn,onceinhollywood,onthebasisofsex,overcomermovie,peanutbutterfalcon,petsematarymovie,piercingmovie,playingwithfire,playmobilthemovie,pomsmovie,queenandslim,rambomovie,readyornotfilm,richardjewellfilm,rocketmanmovie,scarystoriesmovie,secretlifeofpets,serenityfilm,shaftmovie,shazammovie,spidermanmovie,spiesindisguise,starwars,stormboymovie,stubermovie,taosdfilm,teenspiritmov,terminator,theaeronautsmov,thebestofenemies,thedeaddontdie,thefarewell,thehighwaymen,thehummingbirdprojectfilm,theintrudermovie,theirishmanfilm,thekitchenmovie,thelegomovie,themustangfilm,thenightingalefilm,theprodigymovie,thesunisalsoastar,theupsidefilm,tolkienmovie,toystory,triplefrontier,uglydolls,uncutgems,underthesilverlake,usmovie,wavesmovie,whatmenwant,wonderparkmovie,wrinklestheclown,xmenmovies,yardiefilm,yesterdaymovie,zombieland
21bridgesmovie,0.9999999,0.9793378,0.97582775,0.9632066,0.9702359,0.9657745,0.9728793,0.9696064,0.98689765,0.9751717,0.97387904,0.9577307,0.9832304,0.9771846,0.968732,0.98543984,0.97379756,0.9769952,0.9828771,0.9727851,0.9764103,0.97845197,0.97370374,0.97558504,0.9775276,0.8131689,0.9666764,0.972449,0.9819284,0.969095,0.97943014,0.97514766,0.9579143,0.95424825,0.94665366,0.95005417,0.97795033,0.9816103,0.9702556,0.9720784,0.9682925,0.9826881,0.9693756,0.9781752,0.9700507,0.9783523,0.9670726,0.9683462,0.97669494,0.97983164,0.98028076,0.97845304,0.9753798,0.9679519,0.96824014,0.9666502,0.9689582,0.9776851,0.98036695,0.9730792,0.97021985,0.97028965,0.9614869,0.97423124,0.9631427,0.9669345,0.9699252,0.9739883,0.9718588,0.96438366,0.9775011,0.5404773,0.9501506,0.98361385,0.95506036,0.9669833,0.93478566,0.9537544,0.975464,0.9683782,0.96514666,0.9696351,0.9738518,0.9464136,0.96748465,0.96757454,0.96314263,0.984183,0.9769795,0.97871053,0.9754313,0.9775011,0.9715494,0.96774346,0.97143537,0.9737186,0.97780496,0.9655578,0.9748735,0.96907496,0.97995996,0.97440475,0.9722091,0.96820784,0.9744435,0.9793819,0.9671273,0.979744,0.9584626,0.9583724,0.9718221,0.81677985,0.9809287,0.9311876,0.97055006,0.9804719,0.9935338,0.96937597,0.9657984,0.9809789,0.9756274,0.9738633,0.9722934,0.9684699,0.9802563,0.9795819,0.96528465,0.9725177,0.97576785,0.95296454,0.97179204,0.9775748,0.974837,0.9353914,0.9804372,0.96873176,0.97856873,0.9704643,0.9782232,0.9757751,0.98689765,0.98254955,0.9812062,0.9674364,0.9500386,0.9746747,0.96019065,0.96767783,0.9707396,0.97822297,0.9659733,0.9729954,0.9746497,0.93970174,0.9760806,0.97095525,0.9739804,0.97675663,0.9648721,0.9737601,0.98689765,0.974115,0.9721722,0.9752558,0.9734336
47metersdown,0.9793378,1.0000001,0.9699724,0.94795716,0.96876645,0.9663306,0.9612303,0.9682602,0.980924,0.9649614,0.9720628,0.9464065,0.9713978,0.97140765,0.96925646,0.98092884,0.97133744,0.9719786,0.9793732,0.9620752,0.96557343,0.96410215,0.96990085,0.98336107,0.971871,0.800277,0.9719392,0.9661713,0.9758544,0.97800666,0.96911925,0.96484953,0.94927293,0.94283813,0.943751,0.94301414,0.9790959,0.9629804,0.9680366,0.9640476,0.9681744,0.9671522,0.95787257,0.961899,0.96482086,0.96557635,0.96330327,0.96927935,0.9734945,0.96620333,0.96923417,0.9790033,0.9546041,0.96344405,0.963515,0.9777707,0.975256,0.97532254,0.9642697,0.96165556,0.9646806,0.9619738,0.9588958,0.96781033,0.9623727,0.9454708,0.9625509,0.96987504,0.96748066,0.9592635,0.95706207,0.49981317,0.94931173,0.9754378,0.95551395,0.9604296,0.92350125,0.94643813,0.9688052,0.9689448,0.9711783,0.95947707,0.97618574,0.9449998,0.9648354,0.9655383,0.96287256,0.9712216,0.95670503,0.9732126,0.97660834,0.95706207,0.9544604,0.96558774,0.9704446,0.96952957,0.972914,0.960191,0.9674898,0.96588683,0.9756393,0.9694501,0.96116936,0.94752955,0.9722828,0.9703916,0.9673296,0.9752629,0.95982563,0.9528683,0.9775631,0.84190243,0.97418296,0.9077495,0.9622636,0.9729092,0.97846603,0.9609831,0.9757111,0.972007,0.97300166,0.9653542,0.96304435,0.9669792,0.9652627,0.97530335,0.96209085,0.9590425,0.96958065,0.9481261,0.96776795,0.9628453,0.9743776,0.9292651,0.9792314,0.9749262,0.9777875,0.96902615,0.9620668,0.9717404,0.980924,0.9672278,0.97729313,0.96325725,0.95559186,0.963885,0.95329815,0.95321757,0.9678372,0.9657445,0.95729256,0.9654129,0.96726686,0.93064165,0.96786183,0.96690106,0.97509354,0.96370846,0.9656948,0.96735644,0.980924,0.96570206,0.971366,0.966565,0.96262443
abeautifuldaymovie,0.97582775,0.9699724,0.9999999,0.9521109,0.9757382,0.96645373,0.9691961,0.97017545,0.98731774,0.96414757,0.9792748,0.9716106,0.9732497,0.97932357,0.9673603,0.9728677,0.9764529,0.9742464,0.9764428,0.9667204,0.97203594,0.9787403,0.969376,0.970841,0.9812965,0.8268273,0.9720269,0.96568006,0.98663974,0.9727901,0.9738249,0.9704491,0.96469456,0.9722337,0.9534809,0.95058656,0.9732371,0.96541256,0.9814982,0.975139,0.9693901,0.9712178,0.9646923,0.971226,0.97961366,0.9768856,0.96267974,0.9696285,0.9719506,0.9706279,0.99154776,0.9789239,0.95696664,0.9637301,0.962294,0.96604306,0.97545034,0.98002654,0.96582896,0.9788666,0.9746286,0.9705499,0.9693454,0.9724011,0.9702781,0.95469636,0.97031677,0.97902036,0.9776077,0.9573416,0.9708301,0.5357682,0.96484226,0.97147757,0.9571998,0.96551657,0.9347762,0.9720715,0.96439964,0.95890844,0.9644001,0.96522206,0.970652,0.96265453,0.9748385,0.98520094,0.96778435,0.9749495,0.9669424,0.9779293,0.9720721,0.9708301,0.9659953,0.96420634,0.9805392,0.9693291,0.9800732,0.9684313,0.967145,0.9698879,0.9731214,0.9729704,0.9691602,0.971595,0.97547287,0.9894588,0.97583795,0.9635033,0.9772938,0.95235133,0.9800451,0.8290789,0.98188835,0.9420259,0.9714314,0.98175853,0.97745734,0.9695101,0.9705553,0.9754983,0.97113097,0.9784021,0.97058344,0.9721314,0.9763684,0.9787081,0.95703554,0.9797234,0.97352403,0.95133317,0.9618095,0.9660689,0.9747735,0.95284384,0.9733454,0.9740725,0.9672534,0.9691748,0.97582257,0.9725416,0.98731774,0.9859605,0.96982825,0.96178806,0.95693016,0.97119766,0.96188164,0.9647642,0.96543455,0.96587205,0.968631,0.9797128,0.9662494,0.93889904,0.96959734,0.9750554,0.9720584,0.9722941,0.9689303,0.9708445,0.98731774,0.97176963,0.98188627,0.9693055,0.9776482
abominablemovie,0.9632066,0.94795716,0.9521109,1.0000001,0.9512914,0.9449516,0.9569933,0.9581574,0.9714295,0.94407654,0.95735055,0.9518077,0.9695461,0.9574322,0.9614129,0.9643022,0.9658159,0.95379907,0.9526431,0.94230413,0.9512962,0.9528654,0.9618445,0.96086,0.9450337,0.83478224,0.931883,0.9520125,0.95717674,0.93433684,0.94993126,0.96285546,0.95015824,0.92163557,0.94627005,0.9244194,0.9535116,0.96699536,0.96698457,0.95578617,0.9601736,0.9573304,0.9461995,0.9566357,0.9671902,0.9606225,0.9563881,0.94602543,0.9676077,0.9590495,0.9542773,0.9697411,0.945785,0.9288111,0.9617415,0.93662,0.94388443,0.95666146,0.9570084,0.94985676,0.94341844,0.9543084,0.9626256,0.96718776,0.96267754,0.9495214,0.9505731,0.9634058,0.95946854,0.9234273,0.9512716,0.49255195,0.94354475,0.96729386,0.9612287,0.9472468,0.9402451,0.94477695,0.95257443,0.9475093,0.93636024,0.95962733,0.9581294,0.9543661,0.944724,0.95165604,0.95787627,0.96869224,0.9641148,0.9650158,0.9453615,0.9512716,0.95290565,0.9417973,0.9330474,0.9656025,0.950828,0.9540706,0.96908814,0.94250655,0.9599157,0.951999,0.9513124,0.9398343,0.9414781,0.95477945,0.9560483,0.95961255,0.9497036,0.9510246,0.94841135,0.7802139,0.96950644,0.9282303,0.94819486,0.9659352,0.9608659,0.944598,0.9483883,0.9615253,0.95959973,0.9527606,0.9681822,0.9398949,0.9579404,0.95041496,0.95356715,0.94285417,0.94781274,0.9341559,0.954187,0.96251845,0.9559364,0.92915285,0.9613104,0.93868965,0.94472414,0.9608711,0.9600996,0.96343344,0.9714295,0.9528296,0.95499,0.94867074,0.953172,0.9634599,0.94899666,0.9589211,0.9566045,0.9383385,0.9578632,0.9469325,0.9556368,0.90979165,0.9437671,0.95171666,0.95203537,0.9479814,0.95783323,0.959884,0.9714295,0.9508963,0.96324956,0.9595575,0.9515789
adastramovie,0.9702359,0.96876645,0.9757382,0.9512914,1.0,0.94931877,0.9670784,0.9712925,0.986271,0.9733307,0.9734602,0.97406167,0.9761936,0.97901547,0.95786613,0.9619809,0.974818,0.97992814,0.9781568,0.9628421,0.96781415,0.96783906,0.9671357,0.97439146,0.978308,0.8124496,0.97754914,0.9757459,0.97432315,0.9764979,0.9752629,0.970898,0.9673306,0.96816266,0.93959886,0.9438151,0.97487754,0.96848065,0.9812328,0.9699595,0.9590837,0.9693866,0.957982,0.975059,0.964924,0.98008627,0.96021,0.9677155,0.97091484,0.9721218,0.9808681,0.9742866,0.9600132,0.96990687,0.96109253,0.9753232,0.9762477,0.97808284,0.9682019,0.97141665,0.9791404,0.97494334,0.96183157,0.97706604,0.9587468,0.9624345,0.96867234,0.97965175,0.9748923,0.95709676,0.9660749,0.55425847,0.9632706,0.97903436,0.953497,0.9614929,0.9264203,0.974871,0.973804,0.96717906,0.9498901,0.9670842,0.97383475,0.95548224,0.9633031,0.9716985,0.9544094,0.9706907,0.96469533,0.97459465,0.9637541,0.9660749,0.9602187,0.97021604,0.9708657,0.9606143,0.98152304,0.96812576,0.97097695,0.9722924,0.9746167,0.97561336,0.9700539,0.96684766,0.9809647,0.9827599,0.97262055,0.96689117,0.96352154,0.9571037,0.973589,0.80693966,0.9743491,0.9267889,0.96653366,0.97883767,0.9753491,0.95380574,0.9661576,0.97043127,0.9729703,0.9721291,0.97200674,0.9592168,0.9780371,0.9803154,0.9561877,0.96482664,0.97625065,0.9485378,0.960945,0.97979736,0.97270024,0.955595,0.9792004,0.978097,0.96724457,0.9685654,0.971935,0.98065275,0.986271,0.9723336,0.9724043,0.9661291,0.96266,0.9700563,0.96791553,0.94913864,0.9733068,0.97740954,0.96628165,0.9715862,0.9780701,0.93916535,0.9633522,0.97064966,0.9639449,0.97010046,0.9709376,0.9808628,0.986271,0.96850395,0.97841686,0.96234584,0.98299867
adogsjourneymovie,0.9657745,0.9663306,0.96645373,0.9449516,0.94931877,1.0,0.9514478,0.9581793,0.97158957,0.9429143,0.96584916,0.9461356,0.9647865,0.9677247,0.9634977,0.9695013,0.96005934,0.9462522,0.96479726,0.95533717,0.9643907,0.95911026,0.96572936,0.96827495,0.96102697,0.809691,0.95499134,0.94582283,0.9690504,0.94955134,0.96414715,0.95621204,0.95746195,0.9458721,0.9269906,0.94852084,0.9560431,0.95811486,0.9506101,0.9654213,0.9511096,0.96616834,0.9550429,0.9547654,0.95552045,0.9577046,0.9569294,0.94494706,0.9654102,0.96435845,0.9690372,0.9706136,0.95884347,0.94414717,0.9475665,0.95026404,0.9535175,0.970886,0.94408643,0.9542617,0.9522489,0.9540377,0.9619452,0.961001,0.96395147,0.934771,0.93848056,0.95920306,0.9522528,0.9391745,0.9523312,0.5166577,0.93705285,0.9679752,0.96641016,0.95726705,0.9208761,0.954565,0.9574241,0.9487306,0.9507621,0.9563021,0.9601411,0.94185907,0.96689516,0.9597716,0.9588841,0.96856415,0.96316063,0.9685447,0.94866467,0.9523312,0.96012884,0.9329811,0.95666665,0.9697783,0.9605024,0.95920604,0.9471859,0.9618518,0.9574257,0.9765025,0.94675124,0.9439599,0.9584537,0.9682394,0.9585548,0.96724266,0.9553053,0.96569407,0.963465,0.83276236,0.9563344,0.9110383,0.9556974,0.96230745,0.9708073,0.9721506,0.9507429,0.9617384,0.9492385,0.9683336,0.95205945,0.9846231,0.96758133,0.9535615,0.9653486,0.9709378,0.9471938,0.93718845,0.96608895,0.9453909,0.9617263,0.92565304,0.95655835,0.9435406,0.9589578,0.9678101,0.95987,0.95353353,0.97158957,0.9589535,0.9705466,0.95113856,0.9597558,0.95084566,0.9424497,0.9458607,0.94554025,0.9469443,0.9399058,0.9550894,0.9436907,0.9308385,0.96159685,0.9517315,0.97108215,0.95351344,0.94529676,0.9504,0.97158957,0.9630413,0.96054137,0.97556394,0.9574107
aftermathmovie,0.9728793,0.9612303,0.9691961,0.9569933,0.9670784,0.9514478,1.0,0.9740283,0.9844901,0.9686922,0.96508825,0.95147866,0.9752103,0.96829164,0.965439,0.97896117,0.98112786,0.96301734,0.96754116,0.9739531,0.97035396,0.9567652,0.97676206,0.9731945,0.9641624,0.83278906,0.9593967,0.98016894,0.962524,0.96173465,0.97126746,0.96648234,0.9561798,0.9438068,0.9336682,0.9300095,0.9729001,0.97642165,0.96951026,0.9768158,0.966822,0.97385013,0.97093576,0.9777605,0.96919316,0.9713301,0.9730165,0.96412784,0.97425246,0.9812184,0.9677415,0.9761448,0.9648448,0.9599036,0.9601361,0.9586312,0.9597929,0.9690447,0.97070324,0.9647186,0.9686263,0.97462523,0.97062534,0.9725422,0.97458357,0.9586759,0.97112936,0.9734346,0.97816694,0.97280896,0.96070755,0.54191226,0.9478576,0.976495,0.95509446,0.9659873,0.92369807,0.9733294,0.97637427,0.9697763,0.9606769,0.9815756,0.982017,0.9562271,0.9541159,0.97199076,0.9639964,0.973709,0.95732325,0.9699007,0.96294844,0.96070755,0.97647834,0.96403927,0.9502192,0.96940815,0.97285354,0.9775776,0.9873537,0.9672263,0.96808475,0.9714712,0.9605792,0.9587557,0.96643364,0.9694059,0.98039025,0.97448605,0.9440052,0.9687949,0.9677477,0.8413673,0.9758654,0.930931,0.9761638,0.97807586,0.97948205,0.96314013,0.96586573,0.9916643,0.9798508,0.9782812,0.96805876,0.9544287,0.97803646,0.97574556,0.96406704,0.953914,0.95453185,0.95565337,0.9718315,0.9623256,0.97825986,0.94247156,0.974743,0.9655798,0.9652775,0.97698736,0.9683002,0.9677664,0.9844901,0.9619562,0.96787727,0.97648394,0.9625033,0.9715717,0.96651596,0.959677,0.9699273,0.9574896,0.9921616,0.9729176,0.96828383,0.95282096,0.96060807,0.96027493,0.96676165,0.96474457,0.982444,0.9797048,0.9844901,0.97942376,0.977231,0.9692263,0.96677095
aftermovie,0.9696064,0.9682602,0.97017545,0.9581574,0.9712925,0.9581793,0.9740283,1.0,0.9847753,0.9683023,0.967551,0.9615951,0.97524434,0.97317874,0.9657396,0.97811586,0.9817505,0.97209674,0.9656624,0.9597666,0.97336864,0.96073747,0.9831767,0.9731256,0.96018785,0.81499815,0.96003395,0.9737785,0.9732699,0.97468716,0.9682894,0.96893895,0.96143353,0.9573092,0.9481784,0.9235296,0.9730515,0.974389,0.97264904,0.9671193,0.97192955,0.9746273,0.9557109,0.96685696,0.96752715,0.97488266,0.9748759,0.9735472,0.97256607,0.9710362,0.972656,0.9763592,0.9643047,0.9660134,0.9733761,0.9638826,0.96639305,0.9784718,0.9680994,0.9629555,0.971309,0.9721227,0.9738035,0.9786542,0.97250813,0.9523986,0.96462154,0.97476155,0.9697378,0.95173126,0.9597699,0.46572807,0.9567729,0.97665787,0.9592656,0.96258885,0.9224532,0.9636278,0.9696089,0.9653486,0.9580998,0.9724979,0.98138994,0.95652705,0.971621,0.9706811,0.963,0.9708991,0.95763767,0.9772645,0.97045517,0.9597699,0.97174966,0.9651558,0.9600187,0.97301424,0.9704161,0.96034753,0.97754,0.9714061,0.97409284,0.97372246,0.95672476,0.95486915,0.9745535,0.97591966,0.97994405,0.9748931,0.9560304,0.9600456,0.96925277,0.8405431,0.9686963,0.91388065,0.9651503,0.9746084,0.9761517,0.9540264,0.9722432,0.98236006,0.9796753,0.9718994,0.9767594,0.96050364,0.9742615,0.97478753,0.96693116,0.96282554,0.9675801,0.9454257,0.9672176,0.9647458,0.97557503,0.9397782,0.97469825,0.97119224,0.9640126,0.9717333,0.9709291,0.9743551,0.9847753,0.96837693,0.9730766,0.9684225,0.96903443,0.96607655,0.94963497,0.9627215,0.97315043,0.9607794,0.9735968,0.9681518,0.9693166,0.93562275,0.9625351,0.9654316,0.97176,0.96117073,0.97932285,0.971299,0.9847753,0.9740871,0.9747088,0.97179705,0.96493584
ahiddenlifefilm,0.98689765,0.980924,0.98731774,0.9714295,0.986271,0.97158957,0.9844901,0.9847753,1.0,0.98120165,0.98567057,0.9771068,0.99155754,0.98934466,0.9827396,0.9868259,0.9925238,0.9871554,0.9886153,0.9790929,0.9841499,0.98026794,0.98886365,0.9888942,0.98412293,0.837894,0.97873497,0.98871535,0.9865074,0.9826948,0.98757195,0.98719174,0.97939074,0.97149396,0.95969516,0.9565771,0.9886937,0.9847426,0.98808146,0.98447526,0.97751105,0.98603016,0.9792865,0.98775434,0.98742366,0.985471,0.9813559,0.98341554,0.986758,0.9889548,0.9900351,0.9917305,0.97869843,0.97608465,0.97669506,0.9817292,0.9806812,0.9880948,0.9801589,0.9795961,0.9833851,0.9811018,0.9811408,0.9866135,0.9820581,0.96978295,0.98364705,0.9915886,0.98722553,0.970049,0.97869194,0.53080237,0.9705451,0.99217427,0.9725321,0.9749975,0.9405625,0.9792113,0.98671913,0.97248274,0.97566247,0.9817493,0.9891856,0.9739196,0.9784418,0.9866576,0.9802459,0.99042016,0.97606456,0.98967004,0.9824608,0.97869194,0.9839331,0.97878313,0.98012537,0.98256123,0.987851,0.98080546,0.9851184,0.98530656,0.9862577,0.98303187,0.9747001,0.97229743,0.98540896,0.9907603,0.988947,0.98263216,0.9722818,0.9780939,0.98827165,0.8443561,0.9907457,0.9418546,0.9824455,0.9902471,0.9912683,0.97940576,0.9839321,0.9886139,0.98733175,0.9878971,0.9823009,0.97525764,0.9895602,0.98957783,0.98142314,0.980039,0.9784818,0.96802276,0.9824706,0.9811665,0.9906552,0.95990133,0.9882396,0.98209137,0.9833754,0.98591447,0.98486066,0.9867993,1.0,0.98472345,0.98356867,0.9813916,0.9766563,0.9850427,0.97792846,0.9761651,0.983215,0.97703433,0.98357445,0.9861323,0.98342675,0.95291936,0.97985226,0.982901,0.9823791,0.9849066,0.98474306,0.9866696,1.0,0.98666453,0.99091953,0.9856396,0.98409206
alitamovie,0.9751717,0.9649614,0.96414757,0.94407654,0.9733307,0.9429143,0.9686922,0.9683023,0.98120165,0.99999994,0.96554136,0.9541376,0.9783095,0.9747832,0.9569489,0.96987724,0.9701757,0.9790964,0.97240007,0.96919626,0.97779375,0.9700013,0.9745423,0.97004914,0.975591,0.8124917,0.97162217,0.973665,0.9655197,0.9764907,0.982363,0.9758,0.97398293,0.96152323,0.94987386,0.9316338,0.97671443,0.978487,0.9668904,0.95576054,0.950318,0.96843606,0.9587735,0.9701446,0.95664907,0.9718979,0.9725397,0.96011966,0.9761976,0.9697066,0.9729872,0.969958,0.9760391,0.962148,0.958198,0.96500784,0.97185206,0.9721833,0.9724438,0.9662862,0.9596241,0.9587506,0.9549778,0.96872836,0.96284086,0.9604696,0.9714644,0.97250295,0.96641064,0.95174545,0.96874595,0.5133484,0.9441232,0.9779041,0.94944847,0.9591824,0.9195728,0.9685729,0.9798883,0.9638096,0.9558201,0.96902543,0.9687221,0.9529428,0.96207434,0.9568621,0.9551474,0.97328603,0.94780624,0.97890466,0.9719326,0.96874595,0.97384936,0.97880447,0.9677876,0.9617505,0.96750474,0.9555083,0.9746768,0.97454065,0.96733546,0.9728836,0.95603746,0.9639595,0.97537416,0.97290194,0.9705988,0.9602675,0.95938605,0.96044004,0.96685195,0.82570964,0.96806604,0.9205726,0.97953516,0.97934395,0.9807689,0.9524675,0.9642038,0.97583956,0.9760031,0.97044194,0.9587273,0.9529556,0.9751368,0.98346,0.9664976,0.96303064,0.96190333,0.94697547,0.96679527,0.9742886,0.97630745,0.94107276,0.97885865,0.97392315,0.9723585,0.9623406,0.9732199,0.97187895,0.98120165,0.9690566,0.9674736,0.9600637,0.9483658,0.96542054,0.9673368,0.9634571,0.96137625,0.9724628,0.9671854,0.96745205,0.97887915,0.94871914,0.9680177,0.9638654,0.9710189,0.9738506,0.96845263,0.98004407,0.98120165,0.98144823,0.9722436,0.97183543,0.9760942
angelhasfallen,0.97387904,0.9720628,0.9792748,0.95735055,0.9734602,0.96584916,0.96508825,0.967551,0.98567057,0.96554136,1.0000001,0.95755976,0.9784493,0.9809126,0.9677674,0.96983016,0.9766686,0.97739804,0.9812086,0.9623563,0.9626504,0.9674782,0.971704,0.97333455,0.98137915,0.8302358,0.97342366,0.96789527,0.9752714,0.9738557,0.9715764,0.96994907,0.97444034,0.95221925,0.9552424,0.9423532,0.97324795,0.9676559,0.9725615,0.9695709,0.96832186,0.96530896,0.9576161,0.9673745,0.9758904,0.9746411,0.9706427,0.973699,0.96810037,0.9652552,0.9757049,0.97424775,0.9655774,0.9500144,0.9704211,0.96656156,0.9748173,0.9809754,0.9573109,0.9691571,0.9685863,0.96279556,0.9783788,0.97421706,0.96429384,0.968208,0.9660642,0.9730572,0.98253536,0.95113003,0.9638777,0.54924554,0.95752525,0.9763446,0.96819425,0.95816445,0.937379,0.9666744,0.96661294,0.96834445,0.97023815,0.96074283,0.9754091,0.96335596,0.96504545,0.9761254,0.97540474,0.9841641,0.96544343,0.97601277,0.9662528,0.9638777,0.96820456,0.9663571,0.9599887,0.9738982,0.98865634,0.96061033,0.97022384,0.9728551,0.9709533,0.9721226,0.9647363,0.95262337,0.97506016,0.9743495,0.976489,0.96473664,0.96519846,0.9576771,0.9806151,0.82150584,0.9791907,0.94154704,0.9691079,0.9824154,0.9736244,0.9670452,0.9670731,0.9656466,0.96600163,0.9763953,0.9793587,0.9631125,0.9771033,0.9724071,0.96781,0.96510035,0.96822655,0.9412418,0.959575,0.96778214,0.971088,0.94458854,0.97601634,0.97240996,0.9685352,0.96996605,0.9665447,0.9754164,0.98567057,0.9722848,0.9656671,0.9638064,0.9655008,0.9698363,0.9693356,0.9609667,0.96056485,0.96307,0.96438223,0.9617426,0.97279197,0.944935,0.96314865,0.968483,0.96901894,0.9682407,0.970681,0.96854526,0.98567057,0.96841335,0.98320764,0.97187334,0.9722513
angrybirdsmovie,0.9577307,0.9464065,0.9716106,0.9518077,0.97406167,0.9461356,0.95147866,0.9615951,0.9771068,0.9541376,0.95755976,1.0000001,0.9692814,0.9650428,0.94985515,0.9563956,0.97099215,0.9688802,0.9628383,0.9415045,0.9557263,0.9607471,0.95500815,0.96324044,0.9611719,0.8082383,0.94659466,0.96457964,0.96773124,0.95452374,0.96517533,0.95977896,0.95604205,0.97090083,0.93592167,0.9512321,0.9590244,0.9507789,0.96874344,0.9509056,0.96276903,0.9607565,0.95803285,0.9634187,0.9678449,0.9667731,0.94617575,0.95125,0.95647925,0.96344966,0.9827871,0.96933866,0.94694906,0.96055746,0.945712,0.9501653,0.9605081,0.95802075,0.96053547,0.96351206,0.96410465,0.961,0.95308304,0.97050613,0.9552315,0.93605405,0.95582503,0.96941334,0.95999086,0.94074845,0.96123344,0.5721095,0.96035,0.9594212,0.95124185,0.9401525,0.92031366,0.9540735,0.9550037,0.94754225,0.9520917,0.9536578,0.9622038,0.9526112,0.96745837,0.9632224,0.9541565,0.96097684,0.9568227,0.96681666,0.95591027,0.96123344,0.9549557,0.9533609,0.97471,0.94991535,0.9571889,0.9528636,0.9530279,0.95913327,0.96512365,0.9583839,0.954815,0.96446395,0.96584195,0.98253036,0.9616216,0.9535517,0.9672243,0.9569376,0.9624379,0.8124149,0.9664387,0.9351579,0.94816446,0.96857595,0.9650039,0.9476859,0.96281666,0.9549313,0.9688979,0.95378107,0.9652863,0.96392196,0.9605994,0.96509016,0.9529537,0.96665597,0.9589351,0.9540639,0.9514804,0.96032107,0.9718677,0.9581273,0.95831144,0.95302,0.9634857,0.9515426,0.9723763,0.96774215,0.9771068,0.9726259,0.96508354,0.9560731,0.95436025,0.9642897,0.9698203,0.9519064,0.9667112,0.9654435,0.9529221,0.9661463,0.95890045,0.9148552,0.9643768,0.9586251,0.9517769,0.96669805,0.9580858,0.96240085,0.9771068,0.96011126,0.97132266,0.94986665,0.97507083
annabellemovie,0.9832304,0.9713978,0.9732497,0.9695461,0.9761936,0.9647865,0.9752103,0.97524434,0.99155754,0.9783095,0.9784493,0.9692814,0.99999994,0.9880022,0.97623605,0.98242027,0.981311,0.98208284,0.98051506,0.969398,0.9766568,0.97001386,0.9813206,0.9828813,0.9774278,0.82701147,0.9685866,0.98103386,0.9778157,0.97015315,0.98048854,0.9818856,0.9737458,0.9594798,0.9580112,0.95149255,0.9834369,0.98500216,0.9808857,0.96893656,0.96840084,0.9824187,0.97685015,0.98482203,0.98050636,0.9804768,0.9716645,0.9725343,0.9806108,0.9855994,0.98260874,0.9836281,0.9819693,0.9665545,0.97005576,0.9734215,0.97053283,0.97375983,0.96947074,0.9657407,0.9750042,0.96949977,0.9692533,0.9863161,0.96723986,0.9620287,0.97456753,0.9843207,0.9825227,0.9585146,0.97040886,0.50850505,0.959047,0.9855495,0.96367705,0.9653264,0.93530256,0.9634073,0.9779014,0.9675977,0.97354984,0.9770548,0.98309165,0.9646579,0.9689835,0.9742051,0.9823744,0.9949974,0.9676882,0.98249424,0.97097886,0.97040886,0.9789568,0.9709099,0.9690075,0.97980154,0.9811381,0.9683941,0.97484297,0.97892064,0.981995,0.9736562,0.9624997,0.96009785,0.9756235,0.981777,0.9802575,0.9812068,0.9607372,0.9719571,0.9787105,0.8418779,0.9813256,0.9387371,0.9710133,0.98651576,0.9870126,0.9705334,0.97758365,0.98094565,0.97756594,0.9806012,0.97521263,0.96860754,0.98429,0.9822947,0.9801649,0.9749799,0.9693263,0.964767,0.97730196,0.976434,0.97949183,0.94911134,0.9796871,0.9674042,0.98263097,0.98004574,0.9765566,0.98521245,0.99155754,0.97855616,0.9834334,0.97980314,0.9690774,0.97838205,0.97433156,0.97298056,0.980341,0.9723694,0.9760256,0.97832793,0.9804507,0.941883,0.9794642,0.97170544,0.98215497,0.9811827,0.9749822,0.976518,0.99155754,0.9817496,0.97881,0.98219675,0.97843295
annamovie,0.9771846,0.97140765,0.97932357,0.9574322,0.97901547,0.9677247,0.96829164,0.97317874,0.98934466,0.9747832,0.9809126,0.9650428,0.9880022,1.0000001,0.97547656,0.97048515,0.9793047,0.9787835,0.9837311,0.9743116,0.9781022,0.9662755,0.98053783,0.9806741,0.98014647,0.8420942,0.9725628,0.9739426,0.9777893,0.9774842,0.9817132,0.98228264,0.97474194,0.9617988,0.9597003,0.94671226,0.97581416,0.97492844,0.9836383,0.9700424,0.9591083,0.9754265,0.9723485,0.98114276,0.97811633,0.97098905,0.9727338,0.9746318,0.97637683,0.9814164,0.9827755,0.98205054,0.9745248,0.95753086,0.96404225,0.97596097,0.9709608,0.97475547,0.96374536,0.9677441,0.9727545,0.96714383,0.9720591,0.98431385,0.96285844,0.95738864,0.97169346,0.98350644,0.981769,0.95730627,0.96554875,0.51706755,0.952027,0.9806698,0.96441597,0.9666274,0.94389457,0.9728272,0.9734233,0.9637928,0.96715385,0.9708267,0.97745025,0.96716917,0.969413,0.97583973,0.97767955,0.9863597,0.9656712,0.9849167,0.9659182,0.96554875,0.9774855,0.97362334,0.9695485,0.981053,0.9821725,0.97025543,0.9716964,0.9828434,0.97063154,0.97564507,0.95573884,0.958111,0.98093045,0.97925854,0.9835036,0.96984845,0.96224266,0.97128946,0.9811555,0.8507203,0.9813566,0.9354648,0.96836936,0.9858482,0.98196536,0.97216487,0.9750528,0.9753483,0.9731564,0.9822118,0.97362936,0.97058356,0.9821443,0.98216504,0.97365516,0.9809317,0.9719662,0.9545928,0.9745484,0.976226,0.9778512,0.94797504,0.974324,0.9720881,0.9751471,0.9736847,0.9700398,0.9780797,0.98934466,0.9777527,0.9710023,0.9779678,0.96557295,0.9729262,0.9641961,0.96581304,0.9706306,0.96823835,0.968347,0.9759192,0.97714716,0.95946944,0.976545,0.96889895,0.98466265,0.9742897,0.9692448,0.9750529,0.98934466,0.97754735,0.9784715,0.97906196,0.9763028
apollo11movie,0.968732,0.96925646,0.9673603,0.9614129,0.95786613,0.9634977,0.965439,0.9657396,0.9827396,0.9569489,0.9677674,0.94985515,0.97623605,0.97547656,1.0,0.97031057,0.9761264,0.9602486,0.96634203,0.97347164,0.96844476,0.96063817,0.97385323,0.9768039,0.96458894,0.85931575,0.9607329,0.97257257,0.9711908,0.97064185,0.970371,0.9740143,0.96071243,0.94233704,0.9584626,0.9396937,0.9729543,0.96515274,0.97039235,0.96601063,0.95899886,0.9705151,0.9681571,0.96588594,0.9737822,0.9575635,0.9679334,0.9679409,0.97259235,0.972892,0.96734333,0.98027027,0.96134627,0.9614197,0.95900595,0.972021,0.9549593,0.97317415,0.9550855,0.9467914,0.95791537,0.96460783,0.96610576,0.9685868,0.9772385,0.9446863,0.964386,0.98174405,0.9745543,0.9462795,0.9473768,0.48596758,0.95772266,0.97684634,0.96338284,0.96678877,0.9339641,0.9558391,0.97692275,0.9522654,0.9564188,0.9771257,0.9742417,0.9716914,0.9596057,0.9636271,0.97741395,0.9756851,0.9499121,0.97336304,0.9725269,0.9473768,0.96849173,0.96110797,0.9594713,0.97870475,0.9663897,0.95920324,0.96859217,0.9573791,0.9651206,0.9654936,0.9418256,0.9400882,0.9588707,0.9713396,0.9777934,0.9648349,0.95904225,0.9709851,0.97526014,0.85350436,0.9729169,0.9129506,0.9651277,0.97610843,0.9733367,0.97521687,0.9671279,0.9717965,0.97161037,0.97539234,0.9702749,0.9615574,0.97566,0.9757895,0.977413,0.9669525,0.9506998,0.9589472,0.9703611,0.9485391,0.975659,0.9242022,0.9677195,0.96955955,0.96975476,0.9786908,0.9547265,0.9687891,0.9827396,0.9622959,0.9654944,0.96540326,0.96755236,0.9677947,0.95700556,0.97120464,0.96621656,0.94565207,0.96732867,0.97156125,0.96246374,0.93528557,0.96071154,0.9544871,0.9682708,0.96133685,0.97406656,0.96602374,0.9827396,0.9698786,0.9756791,0.97086143,0.9525724
arcticdogsmovie,0.98543984,0.98092884,0.9728677,0.9643022,0.9619809,0.9695013,0.97896117,0.97811586,0.9868259,0.96987724,0.96983016,0.9563956,0.98242027,0.97048515,0.97031057,1.0,0.97803164,0.9711448,0.97814643,0.9690049,0.9774858,0.96849555,0.97757345,0.97904277,0.9701365,0.80909234,0.9604363,0.9735231,0.9734091,0.96571267,0.97649515,0.974737,0.95805377,0.943634,0.9385239,0.9409087,0.98042125,0.9821259,0.9665045,0.97689295,0.9750197,0.9807954,0.9749308,0.9744301,0.9778277,0.9780898,0.96830636,0.96930367,0.9754683,0.9802827,0.97260046,0.9845844,0.9676841,0.9667276,0.9708574,0.9600932,0.9661519,0.9783726,0.9749597,0.97304565,0.9715868,0.97011346,0.9705578,0.97541744,0.978664,0.9592885,0.96970016,0.97305495,0.9715024,0.9668619,0.9754375,0.5171144,0.94701385,0.97857636,0.9607316,0.966994,0.9278737,0.95434976,0.9729355,0.9649175,0.97131574,0.9731207,0.98075324,0.9460676,0.965316,0.9729237,0.9656704,0.98265576,0.9732687,0.97765964,0.9801215,0.9754375,0.9752257,0.9593723,0.9663281,0.9756681,0.9712284,0.9686428,0.9784827,0.96691114,0.9798765,0.9757541,0.96392727,0.9624967,0.96830904,0.9742668,0.97328156,0.98515946,0.95672363,0.96581846,0.9709932,0.839836,0.9812575,0.9188831,0.972529,0.9753304,0.9845858,0.9617482,0.97692496,0.98595184,0.9825279,0.9756852,0.9669427,0.9667328,0.9747577,0.97739214,0.9693983,0.96384275,0.9660582,0.95743173,0.9793306,0.96861947,0.9818582,0.9357977,0.9811162,0.9647789,0.9722107,0.976818,0.9808424,0.9772967,0.9868259,0.9749863,0.9821731,0.9703957,0.95674545,0.9748921,0.9616972,0.9614309,0.97267926,0.96593964,0.9729845,0.97240555,0.9681687,0.9328488,0.9751244,0.9725379,0.9788441,0.9747179,0.970213,0.97270674,0.9868259,0.97261244,0.97485095,0.978342,0.965722
arcticmovie,0.97379756,0.97133744,0.9764529,0.9658159,0.974818,0.96005934,0.98112786,0.9817505,0.9925238,0.9701757,0.9766686,0.97099215,0.981311,0.9793047,0.9761264,0.97803164,0.99999994,0.9780443,0.9776711,0.9671584,0.97265697,0.9634554,0.982112,0.9804455,0.9668105,0.8314392,0.96049833,0.9901187,0.97110164,0.97607255,0.97559685,0.9809516,0.9697959,0.96007925,0.94918084,0.95021975,0.9817415,0.97144806,0.97871125,0.97552556,0.9764767,0.97371763,0.9740337,0.98008,0.9823055,0.976319,0.97356075,0.97796077,0.97844225,0.97989345,0.9775303,0.99035156,0.9660831,0.9705647,0.9694512,0.97514004,0.9710464,0.9746504,0.96920377,0.96577406,0.9734435,0.96808666,0.9750274,0.98181474,0.97769594,0.9564507,0.98277795,0.9903859,0.98291713,0.9653205,0.9634429,0.51621825,0.97278917,0.982348,0.9692553,0.9629787,0.9346539,0.96965677,0.9773715,0.96047914,0.9731991,0.97920096,0.9913921,0.9659738,0.96329474,0.9781309,0.97382814,0.9805155,0.9613329,0.98177075,0.9715029,0.9634429,0.9767611,0.96627307,0.9679118,0.973391,0.9791601,0.9735216,0.9831336,0.97921157,0.9804237,0.9713424,0.9623531,0.9559593,0.97752666,0.977849,0.9894213,0.9744355,0.95956755,0.9746566,0.9812365,0.8433366,0.9814371,0.92923665,0.9721623,0.9842459,0.98423636,0.96816707,0.98149735,0.9830692,0.9825753,0.9739193,0.97562206,0.96852136,0.979387,0.97801435,0.98103523,0.9661987,0.96005195,0.96800494,0.9751362,0.96502024,0.9911917,0.95958304,0.9750712,0.9763938,0.97657466,0.98319006,0.9711577,0.9814048,0.9925238,0.9697562,0.9780955,0.9786785,0.9719607,0.9864784,0.97434604,0.97084206,0.98485047,0.95624244,0.97837496,0.9843773,0.9772251,0.94793355,0.9685082,0.96824354,0.97652984,0.97298825,0.98148686,0.97353643,0.9925238,0.986786,0.9876113,0.97960776,0.9692209
artofracingmovie,0.9769952,0.9719786,0.9742464,0.95379907,0.97992814,0.9462522,0.96301734,0.97209674,0.9871554,0.9790964,0.97739804,0.9688802,0.98208284,0.9787835,0.9602486,0.9711448,0.9780443,0.99999976,0.9795705,0.9654145,0.97110367,0.97082996,0.97485375,0.9759042,0.9779582,0.8005851,0.9735823,0.97729635,0.9708135,0.98140776,0.9785941,0.9763237,0.9751064,0.9697799,0.94570595,0.94113326,0.9836759,0.97068113,0.976476,0.9599864,0.9606494,0.97278357,0.96289873,0.97441596,0.9725721,0.9738972,0.96829057,0.9806702,0.97719824,0.97146136,0.97843283,0.9764422,0.9710827,0.96733063,0.9702079,0.973108,0.97492146,0.9756446,0.9758846,0.9707961,0.9663184,0.96069014,0.9599173,0.9746405,0.96031255,0.96759725,0.97865224,0.97935945,0.974727,0.9501311,0.97303367,0.5277125,0.95846885,0.98425174,0.94721186,0.9536119,0.9160317,0.96552944,0.9746646,0.9627113,0.96701944,0.9640993,0.9741437,0.9593804,0.9721186,0.97300303,0.96931887,0.97937834,0.9632591,0.97725415,0.9779944,0.97303367,0.96625865,0.9734688,0.97813904,0.95876664,0.98000187,0.96240157,0.9684087,0.9737476,0.97627187,0.9653462,0.96454203,0.96309775,0.9735321,0.9777958,0.97131425,0.9633134,0.9656624,0.95393246,0.981256,0.81760854,0.98220366,0.94318783,0.96624476,0.97894543,0.9772923,0.9580387,0.97286755,0.97352505,0.978026,0.9684589,0.96785253,0.9587254,0.9759695,0.9807998,0.96787965,0.96462816,0.9773658,0.953339,0.96669245,0.9806255,0.97720116,0.94800925,0.9812949,0.97875607,0.971118,0.96667975,0.97488534,0.9828755,0.9871554,0.9774561,0.9689571,0.96289444,0.9523836,0.97297174,0.97037685,0.9590784,0.96595067,0.97089285,0.9637166,0.9733305,0.977773,0.93237567,0.96842325,0.9772084,0.9665738,0.9826494,0.9681743,0.9765161,0.9871554,0.97325593,0.9785889,0.9692119,0.9723158
avengers,0.9828771,0.9793732,0.9764428,0.9526431,0.9781568,0.96479726,0.96754116,0.9656624,0.9886153,0.97240007,0.9812086,0.9628383,0.98051506,0.9837311,0.96634203,0.97814643,0.9776711,0.9795705,0.99999994,0.97233224,0.9707765,0.9707345,0.97562397,0.9785845,0.9837572,0.81237304,0.9729003,0.97497666,0.9755326,0.97603613,0.9854951,0.9748211,0.96641123,0.95455045,0.9424328,0.9527041,0.979781,0.97396004,0.9730589,0.97269887,0.96491486,0.96959805,0.9701883,0.97460705,0.97138023,0.97454786,0.97009987,0.97189593,0.96979415,0.97567964,0.9761996,0.977358,0.9721597,0.9590603,0.96861064,0.9780589,0.9712924,0.9753707,0.9714467,0.9736246,0.97658956,0.9685618,0.9669423,0.97334564,0.96140695,0.9640848,0.9719941,0.97616744,0.9734095,0.95755786,0.9739997,0.55709773,0.94872284,0.9823656,0.9604831,0.9533653,0.9276729,0.9626776,0.97785676,0.9605309,0.96652496,0.9605,0.97547567,0.951807,0.961109,0.9755904,0.96258986,0.98220474,0.9739587,0.98074406,0.97414416,0.9739997,0.97028804,0.9708949,0.9713882,0.97199506,0.9792092,0.97315997,0.9680319,0.9778646,0.97674716,0.9739099,0.9659575,0.9618465,0.98157793,0.9753057,0.97074807,0.9724317,0.9577607,0.9638956,0.9810268,0.84343064,0.98067826,0.9250966,0.96789604,0.9745638,0.98074204,0.9743172,0.9720682,0.9725113,0.9739508,0.97535735,0.9682324,0.9673394,0.9751405,0.97771716,0.96815264,0.974124,0.97099787,0.95949376,0.9720453,0.9752451,0.97926724,0.9385417,0.9793392,0.97184336,0.9742307,0.9700372,0.9756595,0.9781632,0.9886153,0.9743552,0.97241664,0.973029,0.9612697,0.9704939,0.96939003,0.95186436,0.9701424,0.9744534,0.9637514,0.9739837,0.96664053,0.94236815,0.9743736,0.9750263,0.9756226,0.9766675,0.9627257,0.9740718,0.9886153,0.97198385,0.9791164,0.97718865,0.97617656
beachbummovie,0.9727851,0.9620752,0.9667204,0.94230413,0.9628421,0.95533717,0.9739531,0.9597666,0.9790929,0.96919626,0.9623563,0.9415045,0.969398,0.9743116,0.97347164,0.9690049,0.9671584,0.9654145,0.97233224,1.0000002,0.9846027,0.9653543,0.9644235,0.96571344,0.9674904,0.8644309,0.9631679,0.9673879,0.9669424,0.96737146,0.9843627,0.974282,0.95345855,0.9474903,0.9328538,0.9311698,0.96916175,0.97422695,0.9647729,0.9707351,0.9470724,0.9723523,0.97470266,0.97208816,0.96253115,0.9619723,0.95849466,0.9613461,0.9700266,0.9760183,0.96817124,0.96741337,0.95849717,0.9557492,0.95331836,0.961964,0.9554462,0.9706589,0.9608446,0.9626794,0.9527208,0.953893,0.9631085,0.96295094,0.9665302,0.96044147,0.9636838,0.97284895,0.97166276,0.9517844,0.9605616,0.5647193,0.93332756,0.9754305,0.94452685,0.96751755,0.92011636,0.9691526,0.979711,0.94554937,0.9481445,0.9724079,0.96240574,0.9600975,0.9546688,0.9600435,0.95506746,0.97385836,0.9556898,0.9730187,0.96346146,0.9605616,0.9692425,0.96325755,0.9559465,0.96855295,0.97021544,0.98047364,0.97272533,0.95694375,0.960686,0.9762714,0.94869167,0.9561454,0.965002,0.96831864,0.9737549,0.9624445,0.9538739,0.962306,0.9639665,0.85391235,0.97060364,0.92200583,0.9826855,0.97030336,0.9737748,0.97224605,0.94928044,0.980882,0.9765198,0.97491646,0.9611549,0.9588851,0.97944546,0.9792916,0.9651227,0.9679362,0.9642218,0.95542717,0.9740799,0.96469575,0.96791804,0.92671984,0.96983737,0.9625517,0.9594307,0.9714039,0.9627496,0.96872795,0.9790929,0.96872413,0.9622257,0.9655077,0.94793373,0.960425,0.95111793,0.950675,0.95533204,0.95633954,0.97185624,0.97071016,0.9559991,0.9562975,0.9621845,0.9530724,0.9582497,0.9653639,0.957047,0.97571206,0.9790929,0.9674089,0.9684747,0.9614335,0.9611515
bernadettefilm,0.9764103,0.96557343,0.97203594,0.9512962,0.96781415,0.9643907,0.97035396,0.97336864,0.9841499,0.97779375,0.9626504,0.9557263,0.9766568,0.9781022,0.96844476,0.9774858,0.97265697,0.97110367,0.9707765,0.9846027,0.99999994,0.9706549,0.9754347,0.9743313,0.96611,0.8449032,0.9660833,0.9695668,0.9737686,0.96700627,0.9821495,0.9768048,0.966965,0.96270263,0.9496876,0.9397126,0.9696031,0.9834064,0.9733202,0.9703197,0.95372033,0.978421,0.97561765,0.9788754,0.97097087,0.9737886,0.96348363,0.9594245,0.9791937,0.9792592,0.9794555,0.9757732,0.9643718,0.95756507,0.9522625,0.96610785,0.9602047,0.97658294,0.96959627,0.9654524,0.95989114,0.96254766,0.9692823,0.97603035,0.9718042,0.949827,0.9684864,0.97432375,0.9651013,0.95375365,0.96864766,0.53133667,0.9504221,0.9809634,0.9580008,0.97148806,0.93468004,0.97228354,0.975758,0.95021874,0.9616939,0.9773243,0.9674468,0.9577409,0.9753564,0.96505654,0.9646576,0.97656846,0.9610362,0.98037857,0.9682664,0.96864766,0.9803958,0.96229553,0.96583176,0.96683556,0.9688881,0.9719238,0.9698936,0.9717742,0.9692023,0.9779936,0.9499442,0.9608043,0.9733069,0.97694105,0.9761906,0.9695315,0.95767343,0.9739197,0.96641827,0.85803014,0.97192407,0.9240639,0.98168516,0.97671217,0.979815,0.9669888,0.9659016,0.9835319,0.9757713,0.98082095,0.9563591,0.9672534,0.97989815,0.9804116,0.9727685,0.9807952,0.9733831,0.9561036,0.9876192,0.96816695,0.97768354,0.9466406,0.9739,0.96228665,0.97081655,0.97315365,0.97634465,0.9731246,0.9841499,0.97546446,0.97706205,0.96303654,0.9519596,0.9648921,0.9477231,0.9684028,0.96152276,0.9638592,0.96800756,0.9755266,0.96424353,0.9446628,0.97110707,0.9647271,0.973958,0.9673898,0.9584828,0.9771714,0.9841499,0.97987545,0.96520746,0.9736898,0.9733835
