movie,21bridgesmovie,47metersdown,abeautifuldaymovie,abominablemovie,adastramovie,adogsjourneymovie,aftermathmovie,aftermovie,ahiddenlifefilm,alitamovie,angelhasfallen,angrybirdsmovie,annabellemovie,annamovie,apollo11movie,arcticdogsmovie,arcticmovie,artofracingmovie,avengers,beachbummovie,bernadettefilm,blackandbluemovie,blackchristmas,blindedbythelightmovie,bombshellmovie,booksmart,breakthroughmovie,brianbanksmovie,brightburnmovie,brittanyrunsmov,captainmarvelofficial,captivestatemovie,catsmovie,charliesangels,childsplaymovie,clarathefilm,coldpursuitmovie,countdown,currentwarmovie,darkwatersmovie,detectivepikachumovie,disneyaladdin,disneyfrozen,disneymaleficent,doctorsleepmovie,dolemiteismyname,dontletgomovie,doramovie,downtonabbey_official,dumbo,escaperoom,everybodyknowsmovie,fastandfuriousmovie,fightingwmyfam,fivefeetapartfilm,fordvferrari,freaksthefilm,geminimanmovie,glassmovie,gloriabellmovie,godzillamovie,goldfinchmovie,goodboysmovie,goodliarmovie,gretafilm,halathemovie,happydeathdaymovie,harrietfilm,hellboymovie,hersmellmovie,highlifemovie,highstrungmovie,honeyboymovie,hotelmumbaifilm,httydragon,hustlemovie,hustlersmovie,isntitromantic,itmovieofficial,jayandsilentbob,johnwickmovie,jojorabbitmovie,jokermovie,judythefilm,jumanjimovie,justmercyfilm,knivesout,lalloronamovie,lastblackmansf,lastchristmasthemovie,latenightmovie,lighthousemovie,lionking,littlethemovie,littlewomenmovie,littlewoodsfilm,longshotmovie,lordsofchaosmovie,lucyintheskyfilm,mamovie2019,marriagestory,meettheaddams,meninblack,midsommarmovie,midwaymovie,missbalamovie,missinglinkfilm,motherlessbklyn,onceinhollywood,onthebasisofsex,overcomermovie,peanutbutterfalcon,petsematarymovie,piercingmovie,playingwithfire,playmobilthemovie,pomsmovie,queenandslim,rambomovie,readyornotfilm,richardjewellfilm,rocketmanmovie,scarystoriesmovie,secretlifeofpets,serenityfilm,shaftmovie,shazammovie,spidermanmovie,spiesindisguise,starwars,stormboymovie,stubermovie,taosdfilm,teenspiritmov,terminator,theaeronautsmov,thebestofenemies,thedeaddontdie,thefarewell,thehighwaymen,thehummingbirdprojectfilm,theintrudermovie,theirishmanfilm,thekitchenmovie,thelegomovie,themustangfilm,thenightingalefilm,theprodigymovie,thesunisalsoastar,theupsidefilm,tolkienmovie,toystory,triplefrontier,uglydolls,uncutgems,underthesilverlake,usmovie,wavesmovie,whatmenwant,wonderparkmovie,wrinklestheclown,xmenmovies,yardiefilm,yesterdaymovie,zombieland
21bridgesmovie,1.0000006,0.9392253,0.9583411,0.9458886,0.9480229,0.95706755,0.9657722,0.95641446,0.97441876,0.95144814,0.95531636,0.9489153,0.9524913,0.96095747,0.96560484,0.9383017,0.94871217,0.95453006,0.9742629,0.9531573,0.96013546,0.948467,0.96083695,0.9582226,0.9484886,0.9043709,0.95887214,0.96165276,0.94469047,0.9626376,0.95548695,0.95786685,0.94229716,0.94825184,0.928086,0.9191612,0.96461743,0.9607365,0.9506335,0.95717335,0.94285774,0.95746875,0.94473374,0.9571101,0.9448466,0.94701445,0.95794356,0.95305526,0.957316,0.9601831,0.960887,0.9605775,0.95277596,0.9525883,0.93926203,0.94824463,0.9428107,0.9519761,0.94590104,0.9588763,0.94525033,0.9597991,0.94826674,0.9566566,0.9552597,0.9479733,0.9448136,0.9500481,0.9521752,0.9331101,0.9630766,0.8011852,0.9324539,0.9566116,0.9383621,0.94445324,0.9149348,0.9506868,0.94571584,0.9516576,0.9537298,0.9573692,0.9533124,0.9459729,0.9557615,0.9448484,0.95607406,0.96181345,0.95280844,0.96444315,0.9582719,0.9630766,0.9491559,0.94819236,0.9649908,0.955156,0.952918,0.95514834,0.9540971,0.959857,0.9625049,0.949366,0.9461882,0.96012074,0.94939893,0.9604773,0.94904983,0.9418371,0.93532753,0.9523935,0.9564707,0.89399004,0.95162904,0.9159597,0.9532356,0.9633911,0.98639745,0.93936795,0.9574919,0.9663089,0.9468269,0.9540679,0.9507733,0.9519242,0.9560983,0.94781494,0.9545362,0.95804805,0.955708,0.94881153,0.964741,0.9441637,0.9608978,0.9317475,0.95178944,0.95951855,0.96645457,0.9409502,0.9526477,0.9504761,0.97441876,0.95889926,0.9435583,0.9568377,0.9340833,0.9573341,0.9438648,0.93654984,0.95395726,0.9615728,0.9582188,0.94930017,0.95050675,0.9484404,0.9427978,0.9568618,0.95633537,0.947027,0.9512838,0.9435022,0.97441876,0.9496217,0.9513436,0.95580304,0.9548033
47metersdown,0.9392253,0.99999976,0.9429627,0.93767923,0.9489016,0.95043445,0.96124464,0.94822997,0.9725103,0.94056106,0.94769996,0.94461834,0.9553252,0.9505697,0.9580987,0.95462996,0.95667434,0.9385364,0.94045687,0.94506115,0.95631653,0.93796486,0.95476556,0.9542838,0.95675385,0.88684404,0.9370059,0.95193833,0.94611794,0.95352036,0.94558156,0.9553942,0.93515927,0.95191234,0.9451904,0.9289142,0.94594306,0.943772,0.957202,0.95259315,0.955865,0.95638335,0.9329815,0.94942504,0.95235914,0.93024284,0.958172,0.95645905,0.9602926,0.95195377,0.9490393,0.96093976,0.94550663,0.9361345,0.93963075,0.9459106,0.94711447,0.95334375,0.95018566,0.9459578,0.9454301,0.949818,0.9512855,0.9492265,0.9555573,0.9589294,0.93078756,0.9566198,0.9452996,0.94405466,0.9471458,0.8193768,0.94446224,0.9453736,0.94673353,0.93453276,0.92569625,0.94190747,0.9487046,0.9504484,0.94836634,0.9541731,0.9466297,0.9561461,0.9509338,0.9547398,0.96258706,0.95058167,0.94223976,0.9579777,0.95312035,0.9471458,0.94358855,0.94332254,0.95122635,0.9485613,0.95799726,0.95398796,0.9531867,0.9523758,0.948375,0.94771427,0.93753606,0.94467556,0.95924485,0.94435835,0.94927657,0.94104666,0.93813765,0.94136906,0.96324205,0.8854351,0.9445827,0.9041992,0.9418208,0.94565153,0.9527697,0.9443297,0.9512697,0.9469148,0.9527002,0.9528036,0.9551281,0.94908583,0.9471715,0.94868565,0.95569295,0.9413467,0.95137984,0.9291405,0.94518757,0.9458128,0.95309436,0.9350744,0.94418454,0.9552114,0.9360477,0.94850874,0.9457844,0.94048756,0.9725103,0.9457157,0.94927686,0.94860244,0.95024174,0.9593281,0.93325716,0.9472768,0.9426026,0.9437565,0.9505464,0.9386441,0.95347863,0.92383707,0.93788254,0.9355613,0.94599426,0.94723344,0.9570742,0.9468845,0.9725103,0.9513442,0.9516426,0.9526458,0.95281184
abeautifuldaymovie,0.9583411,0.9429627,1.0000001,0.94834876,0.95469093,0.9564548,0.95563686,0.95789784,0.97338843,0.9526822,0.94522953,0.95847905,0.95090026,0.95980567,0.9602334,0.939032,0.9484174,0.951612,0.9477338,0.9416158,0.9594946,0.9653143,0.95689434,0.9702801,0.95023584,0.90706426,0.9585161,0.95150644,0.9715527,0.9526206,0.95181245,0.9460733,0.94865406,0.955575,0.9457561,0.9332618,0.953135,0.9441078,0.94497675,0.948337,0.9368617,0.96139884,0.94204235,0.9584927,0.94740653,0.9480419,0.9531727,0.9454868,0.95121133,0.9613263,0.9789035,0.9551581,0.9528008,0.94732046,0.95171213,0.95796,0.9517858,0.9532569,0.948772,0.9576724,0.94446725,0.9568256,0.9524698,0.9572008,0.9491885,0.94458365,0.94643694,0.94560325,0.94156116,0.9313133,0.95877576,0.8348117,0.9393266,0.9602168,0.9407563,0.9426303,0.91900635,0.9496655,0.94623935,0.9524052,0.9533229,0.94879115,0.95778847,0.95132875,0.96058756,0.9519,0.951163,0.95393825,0.9478341,0.95620894,0.95272535,0.95877576,0.95008457,0.95061445,0.9674441,0.95286953,0.95587975,0.95422965,0.9584028,0.95909107,0.9577281,0.9462665,0.9542186,0.962523,0.95510817,0.9765638,0.949514,0.93987775,0.9502541,0.9377856,0.9641084,0.90769345,0.9524366,0.9169146,0.9570584,0.9528059,0.9648607,0.9348701,0.9509478,0.9535114,0.9496518,0.9505491,0.956629,0.9509999,0.95741534,0.95050335,0.9521429,0.9619736,0.953532,0.9451508,0.961878,0.94735605,0.9538788,0.946945,0.94828856,0.9519862,0.95726854,0.94028515,0.94846064,0.95326364,0.97338843,0.9713891,0.94646806,0.9552963,0.9421633,0.95362025,0.94550216,0.9449709,0.94953036,0.94884723,0.9469075,0.9720417,0.9630015,0.9300146,0.9448342,0.95461756,0.9485455,0.95431566,0.95127034,0.9504875,0.97338843,0.95394903,0.95609164,0.94990027,0.9732394
abominablemovie,0.9458886,0.93767923,0.94834876,1.0000007,0.952747,0.94464684,0.9526142,0.9516401,0.9660818,0.94697165,0.9432792,0.9360551,0.9568244,0.94726294,0.9562774,0.94318116,0.9462186,0.9428018,0.9448518,0.9429498,0.949443,0.9405315,0.95323706,0.94903874,0.9360809,0.9051673,0.9445589,0.94409573,0.94687104,0.95271146,0.95605665,0.94382876,0.922536,0.9368939,0.9333535,0.91552484,0.95255893,0.9504014,0.9393563,0.9425802,0.9382375,0.9517813,0.9319902,0.94518805,0.94633657,0.93998545,0.94300777,0.94029635,0.93651134,0.950712,0.9455628,0.9494411,0.9437743,0.96328425,0.95489746,0.9486894,0.9410328,0.94377315,0.9663038,0.95146644,0.9364382,0.95825976,0.94809496,0.9442744,0.94033223,0.93089813,0.93287313,0.9416401,0.93650997,0.9192928,0.94794905,0.8011137,0.9388723,0.9505881,0.95281184,0.9314041,0.90756387,0.94098705,0.94261473,0.9477905,0.9353162,0.9521184,0.9452495,0.941415,0.94967526,0.94100904,0.94997454,0.94920117,0.9492682,0.9485733,0.93803644,0.94794905,0.9468265,0.9440825,0.94952583,0.95411235,0.9462056,0.95897734,0.9452048,0.9486069,0.95887554,0.9367262,0.9390036,0.958778,0.9413294,0.95043606,0.9460179,0.9433649,0.93536234,0.93396384,0.95497525,0.8878729,0.947547,0.9163012,0.95092183,0.9384521,0.9534966,0.93814653,0.9518329,0.9489479,0.94097424,0.9340898,0.95007366,0.9445331,0.9409036,0.9538471,0.9484364,0.95188135,0.95346737,0.935155,0.9475812,0.9458931,0.94901377,0.92635524,0.94740194,0.94820404,0.94761187,0.93628484,0.93963677,0.93948853,0.9660818,0.9453495,0.9489736,0.9510085,0.94024193,0.9489049,0.9453698,0.94424164,0.9508041,0.93724924,0.94947743,0.95637834,0.950407,0.9232621,0.9291873,0.9418917,0.9344939,0.9382799,0.9473039,0.9489019,0.9660818,0.94452137,0.940887,0.9456754,0.9403654
adastramovie,0.9480229,0.9489016,0.95469093,0.952747,1.0000002,0.9569942,0.9621141,0.9497701,0.9775472,0.96680725,0.94915634,0.9406993,0.9555641,0.9563889,0.9647135,0.95055234,0.9536039,0.9716291,0.9518252,0.94534713,0.95917773,0.94953555,0.9638489,0.95572567,0.9477086,0.9074613,0.9548945,0.9608604,0.9528013,0.9507517,0.9509969,0.9513397,0.93961275,0.9520437,0.94984984,0.9312392,0.96240795,0.95571244,0.9512622,0.9513269,0.944934,0.96162206,0.9435733,0.958502,0.9511865,0.9424245,0.9587839,0.9561385,0.95194453,0.9593786,0.96067524,0.95653784,0.9508347,0.9489651,0.9602521,0.97312605,0.9461047,0.95187944,0.94650996,0.96062106,0.94383144,0.9589733,0.9526591,0.9559732,0.9530815,0.957176,0.9393657,0.95516366,0.9503202,0.93478173,0.95310986,0.81154907,0.9344868,0.95833355,0.9416088,0.95446616,0.9210067,0.9561858,0.9496962,0.96251607,0.9435315,0.95445466,0.9618871,0.9573541,0.9520074,0.95412695,0.94944143,0.95753294,0.9445762,0.95991546,0.9501026,0.95310986,0.955113,0.95531505,0.96212816,0.95265514,0.9538867,0.95766276,0.9589328,0.9555007,0.9593378,0.9510908,0.9485195,0.9521321,0.9571812,0.96042895,0.95974827,0.9500909,0.9389116,0.9422932,0.96089965,0.8808936,0.9439934,0.93278885,0.94520354,0.94857156,0.96183443,0.9412079,0.95795316,0.9544078,0.9544609,0.95772076,0.9624181,0.9591064,0.9533338,0.94512224,0.9563062,0.9574631,0.9710129,0.93311375,0.9574756,0.9700096,0.95059687,0.94639367,0.9569035,0.9537481,0.95548135,0.94444174,0.9440924,0.95168126,0.9775472,0.95529133,0.9462769,0.9577086,0.9338386,0.9555184,0.9496829,0.94554216,0.9608343,0.9558427,0.9492062,0.9514531,0.9562325,0.9239943,0.93809354,0.9505407,0.9548659,0.9464957,0.9592256,0.9491038,0.9775472,0.9580374,0.95061123,0.95520455,0.9622665
adogsjourneymovie,0.95706755,0.95043445,0.9564548,0.94464684,0.9569942,0.99999994,0.9682405,0.95774233,0.9790505,0.9564256,0.9429384,0.9533697,0.95517063,0.95585567,0.9647668,0.94907415,0.95530784,0.9593848,0.9549424,0.9472434,0.9639661,0.95471203,0.97332245,0.95843303,0.94407946,0.9080579,0.95460546,0.95999515,0.95383734,0.9495749,0.95060706,0.9610967,0.9532042,0.9569383,0.9519722,0.9442069,0.9540312,0.9576309,0.9572839,0.95733696,0.94594145,0.95789075,0.948042,0.956215,0.9592307,0.9511218,0.97122514,0.9524449,0.9605644,0.95575017,0.9634033,0.96138555,0.9611946,0.9600605,0.9572764,0.9558365,0.9550429,0.9492085,0.94920367,0.96155894,0.95380014,0.951414,0.9514193,0.95583695,0.954244,0.94978327,0.9413184,0.9540331,0.9546448,0.9444738,0.9629349,0.8522298,0.9513624,0.95151746,0.95320296,0.9494615,0.939832,0.95789194,0.9575201,0.95976955,0.958023,0.9643253,0.95297766,0.9610628,0.9569295,0.95658064,0.96527934,0.96291274,0.9509706,0.9667488,0.96121454,0.9629349,0.95463556,0.95181036,0.9589411,0.9570987,0.962514,0.9558897,0.95866126,0.96735656,0.9574551,0.954639,0.9558746,0.96922266,0.9526691,0.96170574,0.95086527,0.9427113,0.94217014,0.946993,0.9629822,0.9025305,0.9526301,0.92951953,0.9524236,0.95382744,0.9623114,0.95309126,0.9665295,0.96630216,0.94864744,0.95465297,0.9625581,0.9673697,0.9575363,0.9563603,0.96509975,0.9587689,0.9603791,0.94706213,0.9593057,0.9557489,0.9581397,0.93702704,0.95012486,0.95342296,0.9553666,0.9519161,0.95681995,0.9479511,0.9790505,0.9535799,0.95716274,0.9599509,0.9437235,0.9554162,0.9423885,0.95923716,0.95082897,0.93473464,0.96112657,0.9496087,0.9656234,0.9375785,0.9491407,0.9568311,0.95475036,0.95893717,0.95278776,0.9416118,0.9790505,0.9639482,0.9528472,0.9690835,0.9597022
aftermathmovie,0.9657722,0.96124464,0.95563686,0.9526142,0.9621141,0.9682405,1.0000002,0.9618543,0.9838027,0.958875,0.95030487,0.9607991,0.9637623,0.9632565,0.9705195,0.95609325,0.9582002,0.96033406,0.9647383,0.95464224,0.9642214,0.94990057,0.971484,0.96076053,0.9512887,0.90427196,0.95407414,0.963971,0.96087486,0.96309996,0.96505547,0.964258,0.9472071,0.95923644,0.9401698,0.93453985,0.96903014,0.96125734,0.9570491,0.9629954,0.9639212,0.96228534,0.95045054,0.9601399,0.9553512,0.9490129,0.9673598,0.9586165,0.9649505,0.96330625,0.9665631,0.9671325,0.9596589,0.9571272,0.9584316,0.96029884,0.9558579,0.95946646,0.9524486,0.9651197,0.95441633,0.9621309,0.9516548,0.957727,0.95939726,0.9550264,0.94382614,0.96175164,0.9594725,0.94134176,0.9678357,0.8276694,0.94720143,0.9548933,0.9519397,0.9508433,0.92567706,0.9597476,0.9573615,0.9591489,0.95600134,0.97756016,0.95578927,0.96202147,0.96460724,0.95960695,0.96642244,0.96727824,0.95376664,0.9714531,0.9572486,0.9678357,0.95900756,0.95042837,0.97041017,0.95481735,0.96454734,0.95794296,0.9762655,0.96279716,0.96162677,0.95794076,0.9459638,0.9676162,0.9591804,0.961749,0.95677537,0.94477594,0.93856484,0.95960426,0.9660436,0.8887766,0.9562733,0.9273713,0.9535138,0.965125,0.9715324,0.9502825,0.965374,0.98812985,0.9562623,0.9586928,0.96103674,0.95745605,0.9642031,0.9534127,0.9664873,0.9600821,0.9608714,0.9462351,0.9643992,0.952537,0.96376413,0.93991864,0.95688915,0.9601963,0.96511185,0.9465136,0.96105057,0.95295817,0.9838027,0.9615413,0.9517915,0.956215,0.94801486,0.9604508,0.9511031,0.94996953,0.95508385,0.9508633,0.98169196,0.9551977,0.9592904,0.94173217,0.95401305,0.96037334,0.96328056,0.95889354,0.96008044,0.95003873,0.9838027,0.9614147,0.9589437,0.96661437,0.96177244
aftermovie,0.95641446,0.94822997,0.95789784,0.9516401,0.9497701,0.95774233,0.9618543,1.0000001,0.97599363,0.95256734,0.9511779,0.9502177,0.9616035,0.9596726,0.9578109,0.94940954,0.9543179,0.95609564,0.95332676,0.9438268,0.9593965,0.95522034,0.9609967,0.9610244,0.9478667,0.90557873,0.9554853,0.9566406,0.9568244,0.9604649,0.9523297,0.95025116,0.9395673,0.9465811,0.9374082,0.93102944,0.9525341,0.9517559,0.95841855,0.9524585,0.94706243,0.9640043,0.9479015,0.95384973,0.95058763,0.9448854,0.9548681,0.9399548,0.9591259,0.9602153,0.9607796,0.95933974,0.95267385,0.94936776,0.9640399,0.9536659,0.96278703,0.9569248,0.95258605,0.9576054,0.95436025,0.9617751,0.9453212,0.9525538,0.95710856,0.9468855,0.9433826,0.9450536,0.960183,0.9308088,0.95892215,0.8276222,0.94132686,0.95420694,0.93946576,0.9330098,0.92243457,0.9488074,0.9482209,0.95355296,0.9563855,0.94784707,0.960146,0.95288295,0.96032834,0.95035213,0.95591605,0.95638627,0.94317937,0.96197665,0.95169514,0.95892215,0.9532182,0.94728446,0.9538016,0.9525385,0.95956606,0.9546361,0.95635253,0.95647335,0.9562295,0.9482174,0.94863766,0.9571684,0.94841015,0.9609705,0.95144504,0.9418283,0.94339484,0.9437535,0.9637145,0.8791695,0.95457476,0.92572224,0.95398545,0.9505517,0.96038246,0.9373359,0.9629753,0.95658886,0.9442984,0.95176685,0.9545721,0.95352906,0.94502276,0.9396898,0.9602623,0.9533637,0.9630927,0.94366235,0.9512847,0.9451759,0.95995486,0.94218534,0.95403963,0.95624214,0.9578123,0.94012904,0.95461327,0.95056933,0.97599363,0.9573002,0.95383865,0.95195377,0.9497028,0.9562563,0.9493372,0.9454573,0.9466167,0.9444155,0.95273894,0.9570439,0.9610207,0.92826843,0.94891304,0.9531588,0.94812495,0.94133216,0.96909237,0.94981724,0.97599363,0.9449308,0.94503105,0.9605745,0.95588326
ahiddenlifefilm,0.97441876,0.9725103,0.97338843,0.9660818,0.9775472,0.9790505,0.9838027,0.97599363,1.0,0.97305423,0.97198504,0.9686402,0.97614664,0.97779715,0.9841038,0.9720859,0.97514105,0.97269815,0.9706817,0.9701305,0.9764269,0.9713361,0.9829324,0.9775416,0.9686017,0.92428887,0.9723622,0.9729414,0.9731539,0.976559,0.97101504,0.97426665,0.9631198,0.9680461,0.96415216,0.9480487,0.9787636,0.9706831,0.97653574,0.9722291,0.96717185,0.98014975,0.963886,0.97716904,0.9737547,0.9674718,0.98005784,0.97307557,0.9775716,0.9805415,0.97822005,0.98014754,0.97575754,0.9689691,0.97039014,0.9743552,0.9717229,0.9734789,0.97280353,0.97906137,0.97179246,0.97929084,0.97333956,0.9782705,0.97491753,0.97146773,0.9661832,0.97061133,0.97354996,0.9618855,0.9808013,0.83751553,0.96489704,0.9709958,0.9647842,0.9627725,0.9443045,0.9708535,0.97275484,0.9776065,0.97396815,0.973818,0.9769357,0.9753409,0.97508085,0.9748183,0.9777255,0.9769174,0.9703383,0.9836073,0.9759695,0.9808013,0.9717095,0.96860015,0.9767483,0.9729449,0.9807629,0.9789813,0.97850734,0.9779392,0.97928977,0.9728597,0.9685532,0.9773211,0.97179717,0.97485423,0.97128236,0.96815604,0.9595048,0.9656784,0.98257697,0.906005,0.9705526,0.9439145,0.9691343,0.9714853,0.9827566,0.9640727,0.9810258,0.97656244,0.97306687,0.97538054,0.9803436,0.97488624,0.97428346,0.96794325,0.9781062,0.9731599,0.98005205,0.9581301,0.97202706,0.972455,0.97784966,0.96012086,0.972976,0.9753115,0.974222,0.966321,0.9740985,0.96848416,1.0,0.97690976,0.9736257,0.9776049,0.96804374,0.9769649,0.9655109,0.9685384,0.97483194,0.9661111,0.9753163,0.97125256,0.97742116,0.9525262,0.9667296,0.9761744,0.9741111,0.9721218,0.9717542,0.9659095,1.0,0.9731262,0.9754281,0.97855145,0.9776563
alitamovie,0.95144814,0.94056106,0.9526822,0.94697165,0.96680725,0.9564256,0.958875,0.95256734,0.97305423,1.0,0.94714683,0.9306149,0.94937295,0.9590507,0.9615421,0.9416946,0.9473412,0.9636307,0.95083404,0.9534038,0.95528257,0.94521844,0.9630654,0.9523339,0.9390768,0.91192573,0.96010864,0.9476219,0.9538986,0.9538746,0.9436848,0.9430975,0.9224009,0.9477361,0.9333896,0.92094827,0.96502763,0.95260644,0.9499311,0.94696003,0.9352436,0.9593603,0.9451217,0.9510582,0.95510703,0.94146776,0.9563344,0.9516515,0.95073134,0.9569118,0.9547973,0.9519358,0.95277774,0.9491612,0.95248467,0.96832544,0.95475686,0.9510136,0.94905245,0.9560493,0.9421761,0.9579701,0.9468472,0.9493756,0.9430721,0.94718975,0.93672913,0.94752693,0.9471383,0.9261155,0.9522878,0.80939317,0.9425056,0.9488337,0.9355274,0.94721836,0.9129101,0.9536751,0.9490991,0.9484842,0.94735503,0.9509769,0.9515617,0.9481883,0.9520082,0.95159036,0.94693637,0.9546536,0.9399926,0.949843,0.94818777,0.9522878,0.93934137,0.9443754,0.95693904,0.95298946,0.9472189,0.9605128,0.9593237,0.96069074,0.95834357,0.9498251,0.937545,0.95319265,0.9594673,0.9539438,0.9581943,0.9425761,0.9345296,0.93724066,0.96129584,0.8838154,0.9483549,0.9208869,0.95140547,0.94248354,0.95891804,0.9323136,0.9571643,0.9575869,0.946432,0.94285387,0.9607378,0.94924134,0.9487567,0.93730545,0.94953346,0.954491,0.9673516,0.93438685,0.95717436,0.9635587,0.9454952,0.941588,0.9540763,0.95526266,0.9568949,0.9409165,0.9447097,0.9415112,0.97305423,0.9540107,0.94435626,0.9544232,0.9328643,0.9474406,0.9444751,0.934068,0.9467632,0.94423866,0.94342875,0.95475346,0.95402914,0.9242056,0.9444879,0.9467147,0.949721,0.9333275,0.9509516,0.9498864,0.97305423,0.9472758,0.9505949,0.95203614,0.95458263
angelhasfallen,0.95531636,0.94769996,0.94522953,0.9432792,0.94915634,0.9429384,0.95030487,0.9511779,0.97198504,0.94714683,1.0,0.9407311,0.9379514,0.94496137,0.95774484,0.950461,0.9483177,0.94277656,0.9483641,0.95207006,0.9550317,0.9425308,0.9526078,0.9487362,0.9514232,0.8994926,0.9433773,0.9434688,0.9405523,0.95865786,0.94377923,0.9499424,0.922944,0.9326056,0.9413538,0.9242836,0.9557338,0.9373723,0.951777,0.9456956,0.93821144,0.9498454,0.9287939,0.9498667,0.94442904,0.93079716,0.94653445,0.94825554,0.95438373,0.9527052,0.9478272,0.95688426,0.94241846,0.95177066,0.9302692,0.9448374,0.94921064,0.95456135,0.9461226,0.9521313,0.94768476,0.9587139,0.94285727,0.94011503,0.95708364,0.95541227,0.9367174,0.9401499,0.96142465,0.93988097,0.95191437,0.8026771,0.9464125,0.942836,0.9414006,0.93021584,0.91176635,0.94550616,0.9424706,0.96214604,0.9717947,0.93691367,0.94882816,0.94224787,0.947283,0.9538421,0.9601669,0.9477693,0.9437648,0.94977266,0.9524064,0.95191437,0.93051106,0.9515859,0.95580405,0.96416295,0.964503,0.9539626,0.95103204,0.94608444,0.9512796,0.9473387,0.9470891,0.9490983,0.9417858,0.9491733,0.94379205,0.9406888,0.9461481,0.9426485,0.95333266,0.8804347,0.94838506,0.9080954,0.94645053,0.9651296,0.96028084,0.9417058,0.96131,0.94571406,0.9445361,0.9469164,0.95166045,0.9452323,0.9391451,0.9410001,0.9492406,0.9426395,0.9524476,0.9207534,0.94605345,0.9464269,0.9524606,0.92990583,0.9534319,0.9517935,0.951021,0.9470177,0.9460713,0.934851,0.97198504,0.9515359,0.9426277,0.94531715,0.9320882,0.9460735,0.94178236,0.9450873,0.94554216,0.9470448,0.93885475,0.94073606,0.9496758,0.9154061,0.9434506,0.9441588,0.94457966,0.9357466,0.94967955,0.94674957,0.97198504,0.9378278,0.9395946,0.9466621,0.9474134
angrybirdsmovie,0.9489153,0.94461834,0.95847905,0.9360551,0.9406993,0.9533697,0.9607991,0.9502177,0.9686402,0.9306149,0.9407311,0.99999976,0.95228213,0.949638,0.95003605,0.93558675,0.94456375,0.9346,0.9369161,0.93752223,0.9515047,0.9541157,0.9504219,0.9564776,0.93691313,0.9051899,0.94788325,0.94179845,0.95370984,0.9513262,0.9487407,0.9506057,0.9496544,0.95467544,0.931651,0.920986,0.9426692,0.94175917,0.94291806,0.9484559,0.9409214,0.94917643,0.9413788,0.94326276,0.9346927,0.9428938,0.94724697,0.94217014,0.95178443,0.9497416,0.9677347,0.9541263,0.9476427,0.93775,0.94619405,0.94551563,0.94103545,0.9441101,0.93539906,0.95203036,0.9474377,0.94491965,0.9382876,0.9502765,0.95218176,0.9421089,0.9454338,0.9366665,0.9325528,0.9346536,0.95678836,0.8387935,0.936359,0.9449414,0.9288728,0.932295,0.9141218,0.9383745,0.93506044,0.9539944,0.9498497,0.950788,0.94872034,0.9463431,0.9681631,0.94322217,0.94818294,0.943673,0.9441307,0.95672554,0.9470891,0.95678836,0.94447774,0.93755245,0.9603281,0.9445911,0.9558663,0.95366454,0.95452374,0.9495867,0.94663185,0.9427836,0.9522371,0.9519265,0.9416711,0.96099555,0.93667793,0.9401759,0.927761,0.94339967,0.9528044,0.88387156,0.94115996,0.90773153,0.9465013,0.9454127,0.95880055,0.935631,0.9535676,0.95332915,0.9389409,0.95233524,0.9478866,0.9399229,0.95531523,0.9389537,0.94299924,0.9560858,0.93763506,0.9358612,0.94792706,0.9339058,0.9506751,0.9314189,0.9442716,0.94188285,0.94196045,0.94254774,0.96262246,0.9421687,0.9686402,0.95887303,0.95386475,0.9537481,0.9405924,0.951769,0.93261987,0.94255686,0.9473868,0.9393035,0.95639706,0.94602776,0.9489439,0.9272262,0.93680716,0.95308554,0.9521898,0.9577679,0.9455435,0.94365287,0.9686402,0.9439764,0.9435014,0.94948727,0.955384
annabellemovie,0.9524913,0.9553252,0.95090026,0.9568244,0.9555641,0.95517063,0.9637623,0.9616035,0.97614664,0.94937295,0.9379514,0.95228213,1.0000001,0.9627064,0.96113485,0.9568524,0.9517371,0.95693785,0.9481849,0.94502956,0.9570197,0.9488294,0.95697397,0.9561085,0.94690776,0.9092016,0.9487391,0.95585555,0.9538004,0.95432454,0.952359,0.96136904,0.9441652,0.94433457,0.94402164,0.9210402,0.9528793,0.96662253,0.951463,0.9549131,0.96657217,0.9518325,0.9437257,0.95123446,0.94980216,0.9479901,0.95203835,0.9514401,0.95326054,0.95263344,0.958165,0.9622987,0.9628171,0.95046747,0.9634666,0.9546216,0.95100456,0.95547867,0.9498106,0.9549137,0.95662504,0.9590651,0.9493469,0.9702153,0.954682,0.9496433,0.94923645,0.95773584,0.95203745,0.9310781,0.9547123,0.8302811,0.94069266,0.96456045,0.9451021,0.9480982,0.9198905,0.94958794,0.9583873,0.9559793,0.9422411,0.96135426,0.97172856,0.95584214,0.96735877,0.94636756,0.95765764,0.97199994,0.9544892,0.96420944,0.9513423,0.9547123,0.95769894,0.9401774,0.9515777,0.9533107,0.95361316,0.95405984,0.95785606,0.95388484,0.9588369,0.956731,0.9457863,0.95036584,0.9509426,0.95624644,0.94648075,0.9646724,0.9388659,0.9535671,0.9600825,0.8833045,0.954536,0.9174055,0.9492269,0.9462299,0.96381783,0.9507942,0.9586422,0.95548487,0.960986,0.9567608,0.95463806,0.9542521,0.9556322,0.94923115,0.96566343,0.9521115,0.9559053,0.9433366,0.9594457,0.95049316,0.9626118,0.9379646,0.96009684,0.94740903,0.95636463,0.9521599,0.9485379,0.9483113,0.97614664,0.95305395,0.9619039,0.96541435,0.9633002,0.9540429,0.93775994,0.94756085,0.9642762,0.949618,0.95977944,0.9529524,0.95655465,0.93370366,0.939879,0.9430631,0.950827,0.94980603,0.9586989,0.9522834,0.97614664,0.950312,0.9533601,0.9609404,0.955726
annamovie,0.96095747,0.9505697,0.95980567,0.94726294,0.9563889,0.95585567,0.9632565,0.9596726,0.97779715,0.9590507,0.94496137,0.949638,0.9627064,1.0000002,0.96261656,0.94802284,0.95508677,0.9611113,0.9568231,0.9495216,0.9623051,0.9476283,0.95934695,0.9645522,0.95166594,0.9086981,0.9589031,0.96474636,0.9571489,0.96178365,0.957263,0.9514941,0.9403705,0.9497776,0.9448455,0.93794346,0.96142036,0.95667195,0.9555989,0.95592344,0.95359397,0.9594293,0.9481809,0.9527085,0.9547022,0.951114,0.95736307,0.95535463,0.9523655,0.95597374,0.95996666,0.9534728,0.95488375,0.9515224,0.95740837,0.9591897,0.95490175,0.9557249,0.95098615,0.9576313,0.9517815,0.95711136,0.95882916,0.9726215,0.9539002,0.9522635,0.9516043,0.9448205,0.9468358,0.946848,0.96303236,0.8407719,0.9428947,0.9587152,0.9476476,0.95032763,0.9248685,0.95362204,0.9499106,0.9539239,0.95384854,0.95988744,0.9613008,0.948436,0.96005446,0.9548823,0.9567401,0.9629021,0.95127755,0.9603412,0.94917023,0.96303236,0.95159477,0.94584924,0.9646071,0.94679207,0.9594287,0.96401435,0.9594278,0.9678639,0.9656218,0.95394623,0.94363934,0.9633921,0.9678768,0.95488375,0.95101714,0.9564413,0.9443213,0.9465825,0.96263313,0.8974423,0.948347,0.92815506,0.95071524,0.94779795,0.96384865,0.94474167,0.9606635,0.9607655,0.9534074,0.95502746,0.9685262,0.9553946,0.95835334,0.95005625,0.9620396,0.95211315,0.9667036,0.94762105,0.95887727,0.95573074,0.9588951,0.94755965,0.9510937,0.95971215,0.9596608,0.9383861,0.9523757,0.9552377,0.97779715,0.9566753,0.95704955,0.96092916,0.9466183,0.9535723,0.9482866,0.9479297,0.9565697,0.95370245,0.95080185,0.9525853,0.9605374,0.93507105,0.9515181,0.9582863,0.9537977,0.952565,0.9509588,0.94818217,0.97779715,0.9522869,0.96080923,0.9554216,0.96247095
apollo11movie,0.96560484,0.9580987,0.9602334,0.9562774,0.9647135,0.9647668,0.9705195,0.9578109,0.9841038,0.9615421,0.95774484,0.95003605,0.96113485,0.96261656,1.0,0.9612254,0.9614779,0.95888364,0.9606153,0.97245663,0.9703574,0.9553515,0.974479,0.9593695,0.9558988,0.9167768,0.95785534,0.95984715,0.9566763,0.96130246,0.9601268,0.9616109,0.94398946,0.95626515,0.94132173,0.92948675,0.97367126,0.9585431,0.9526753,0.96201277,0.9523923,0.9649178,0.94735473,0.9626641,0.96420276,0.95725405,0.9720075,0.959104,0.96008956,0.96475226,0.96201897,0.9712284,0.9593046,0.9540641,0.9548624,0.9580603,0.960603,0.95952874,0.9615811,0.96915007,0.95607966,0.96686,0.9618334,0.9629568,0.96166223,0.9618619,0.94599974,0.96012,0.96677005,0.9433735,0.97161305,0.82162035,0.95529664,0.9558744,0.9458987,0.9505264,0.92982924,0.9611717,0.9600318,0.96016115,0.96208394,0.95803076,0.96252584,0.9609215,0.95973283,0.96258503,0.9665112,0.96797967,0.9628933,0.96766615,0.9635682,0.97161305,0.9551902,0.96487653,0.9646008,0.97423536,0.9706133,0.96193284,0.96121764,0.96600115,0.9712295,0.9592461,0.95595634,0.96666867,0.96274394,0.96127516,0.9582575,0.955292,0.9488942,0.9600603,0.9687193,0.9027129,0.96047795,0.9248347,0.96185726,0.96472496,0.9691328,0.94662565,0.966793,0.9625971,0.9621151,0.960025,0.96599466,0.96652853,0.965163,0.9602463,0.9639076,0.9602015,0.96305746,0.94671905,0.9618273,0.9584103,0.96602464,0.9492347,0.9591257,0.9606177,0.95758945,0.95347345,0.9640643,0.9571169,0.9841038,0.96112734,0.960806,0.9679567,0.94845116,0.96728456,0.9528108,0.9470068,0.96282643,0.958572,0.9630599,0.9603907,0.9650218,0.9422548,0.9572029,0.96141946,0.96567047,0.96030223,0.9610995,0.9567941,0.9841038,0.9611661,0.9566465,0.96535355,0.9636958
arcticdogsmovie,0.9383017,0.95462996,0.939032,0.94318116,0.95055234,0.94907415,0.95609325,0.94940954,0.9720859,0.9416946,0.950461,0.93558675,0.9568524,0.94802284,0.9612254,1.0000001,0.95300084,0.9476846,0.9426552,0.9458183,0.95037436,0.9337341,0.95636696,0.94458395,0.9461554,0.88581127,0.93776774,0.9503425,0.9407411,0.9491283,0.9400508,0.949495,0.9284459,0.9326584,0.93645203,0.923496,0.9424039,0.9440606,0.95380944,0.9453248,0.9465819,0.9554493,0.9325606,0.9443163,0.9540262,0.9328578,0.95404947,0.9498146,0.95207864,0.9480106,0.9442325,0.95371014,0.941309,0.9433464,0.94420123,0.9486858,0.9496558,0.95417726,0.9443172,0.947073,0.94536006,0.94880193,0.9459408,0.95454776,0.9490137,0.95040154,0.9358308,0.94566435,0.94908285,0.93040496,0.9597229,0.80026907,0.9457548,0.9413267,0.94361883,0.9333559,0.9200717,0.9463164,0.94640535,0.95111275,0.94833416,0.944404,0.95121026,0.9506585,0.95180935,0.95121545,0.9611139,0.94655263,0.9524562,0.9587788,0.9484925,0.9597229,0.9376259,0.94093,0.94484127,0.9538497,0.95986027,0.9570913,0.9471056,0.94425654,0.9459339,0.9447004,0.93453676,0.9608262,0.94771606,0.9395441,0.93818116,0.96282035,0.955552,0.9486813,0.95536757,0.88228244,0.9486071,0.9157935,0.94145125,0.9382262,0.9472422,0.9416092,0.9632299,0.9391951,0.9526006,0.9466722,0.9518926,0.9594143,0.93960273,0.9390807,0.9537051,0.9378722,0.95688415,0.9225558,0.9360168,0.95371723,0.9527985,0.9387636,0.9484998,0.94742304,0.9344447,0.9456862,0.95364285,0.9409564,0.9720859,0.9412183,0.9468088,0.9511417,0.9482145,0.94991857,0.94664574,0.94260436,0.95878804,0.9399836,0.95183134,0.9435991,0.94600993,0.9189865,0.9378734,0.95319176,0.9469856,0.9476639,0.94464546,0.9349639,0.9720859,0.9423711,0.94434,0.95945007,0.9445267
arcticmovie,0.94871217,0.95667434,0.9484174,0.9462186,0.9536039,0.95530784,0.9582002,0.9543179,0.97514105,0.9473412,0.9483177,0.94456375,0.9517371,0.95508677,0.9614779,0.95300084,1.0000004,0.9509515,0.9480255,0.948898,0.95680445,0.9465234,0.9540705,0.958807,0.9493698,0.9081563,0.94625384,0.9640649,0.9449078,0.95858103,0.94929874,0.95150304,0.93699384,0.94058335,0.947417,0.9298402,0.9516173,0.9434438,0.95770717,0.960053,0.9412615,0.95221364,0.9395993,0.94556147,0.9476718,0.94159,0.95363754,0.9617416,0.95598614,0.95255667,0.95069766,0.9671272,0.9437412,0.95320916,0.94586235,0.95255566,0.95399565,0.93983245,0.9497931,0.94950527,0.9481733,0.95974505,0.962835,0.9559043,0.9582835,0.9500873,0.94323206,0.9531518,0.95134866,0.93261206,0.95264274,0.8380673,0.955361,0.9506275,0.94907475,0.94089127,0.9316084,0.9534246,0.9480902,0.9545525,0.94549596,0.95515907,0.9514788,0.9569233,0.9539546,0.9517911,0.9569399,0.9488391,0.95174515,0.96549714,0.95368475,0.95264274,0.9465681,0.9505605,0.9530484,0.9511826,0.96091264,0.95449585,0.96103746,0.94938916,0.95851547,0.9418787,0.9459512,0.95578253,0.94565356,0.9451502,0.95466316,0.9437133,0.94016063,0.94473326,0.9607584,0.8946055,0.93465245,0.9243152,0.93683994,0.9466114,0.956397,0.9422888,0.95884365,0.9466511,0.9489088,0.9452302,0.9591494,0.9585506,0.95515674,0.9425285,0.9504114,0.9465514,0.9598764,0.9419902,0.947975,0.9492933,0.97675145,0.9423826,0.943721,0.9593982,0.9468232,0.9493911,0.95041615,0.9487929,0.97514105,0.95165575,0.9547088,0.9555243,0.95204926,0.9662627,0.9496271,0.9498926,0.9543406,0.9476682,0.95348567,0.95269215,0.95935225,0.93484926,0.9409201,0.9442126,0.94970435,0.9455936,0.9512413,0.94245386,0.97514105,0.95690113,0.9504841,0.949171,0.9506487
artofracingmovie,0.95453006,0.9385364,0.951612,0.9428018,0.9716291,0.9593848,0.96033406,0.95609564,0.97269815,0.9636307,0.94277656,0.9346,0.95693785,0.9611113,0.95888364,0.9476846,0.9509515,0.9999993,0.9571301,0.9506205,0.9583917,0.9410484,0.9587273,0.9543292,0.95196146,0.9025948,0.9602527,0.9637181,0.9425319,0.9565048,0.94852364,0.9491461,0.9308876,0.9427159,0.93417454,0.92898375,0.96033317,0.95471025,0.9521903,0.95293033,0.94203246,0.95145935,0.9387183,0.9469476,0.9521566,0.9424937,0.95340097,0.9611801,0.95422244,0.9489655,0.95330346,0.9508074,0.9465135,0.9510804,0.9536578,0.96689415,0.9569602,0.95228624,0.9396476,0.94806963,0.9443054,0.9561329,0.94704056,0.9525307,0.9514561,0.9448421,0.93996936,0.9473832,0.94987875,0.9302546,0.9463716,0.8123386,0.9293414,0.9579966,0.93511486,0.9466751,0.91086787,0.9509329,0.95178837,0.9539524,0.9443257,0.94671834,0.955878,0.94512254,0.9462304,0.95108783,0.94952387,0.9595181,0.94393265,0.95649445,0.949879,0.9463716,0.945753,0.95177037,0.95997196,0.94568235,0.9523486,0.95399934,0.95517063,0.95739293,0.95607805,0.9491151,0.94467115,0.9503003,0.95236325,0.95362955,0.9503055,0.94295573,0.94090265,0.93726635,0.96224105,0.87485474,0.9451126,0.9186293,0.94386274,0.94970864,0.9611824,0.93072325,0.9552963,0.9585907,0.9487191,0.94721735,0.96028894,0.955218,0.9479453,0.9408499,0.96435404,0.95256317,0.97081286,0.9334891,0.96087646,0.96184045,0.95707166,0.9338749,0.9499171,0.959742,0.95809066,0.9379368,0.93595606,0.9584522,0.97269815,0.9477259,0.9422427,0.96090156,0.93408716,0.94819605,0.9435941,0.93578017,0.9576222,0.95088613,0.9486242,0.94715893,0.9521512,0.9268114,0.9347968,0.94427955,0.94406426,0.93915176,0.96135783,0.9389383,0.97269815,0.9472475,0.94487303,0.9505632,0.95511985
avengers,0.9742629,0.94045687,0.9477338,0.9448518,0.9518252,0.9549424,0.9647383,0.95332676,0.9706817,0.95083404,0.9483641,0.9369161,0.9481849,0.9568231,0.9606153,0.9426552,0.9480255,0.9571301,0.9999998,0.9477363,0.95648813,0.9439244,0.95933974,0.9501361,0.9438799,0.90401524,0.94972646,0.9609466,0.94731617,0.95668954,0.9674809,0.9525166,0.9356381,0.94220424,0.9338259,0.92405826,0.9608281,0.94842243,0.9519988,0.9605486,0.9430466,0.95046204,0.93901265,0.9470701,0.94266975,0.93881,0.954806,0.9499686,0.95784104,0.9493272,0.95920163,0.9569348,0.9497869,0.9554768,0.9407985,0.94797593,0.9442657,0.94888127,0.9411353,0.94766814,0.93483,0.951371,0.94860524,0.9505251,0.95211905,0.94773346,0.938772,0.9505075,0.95055205,0.9306569,0.95448655,0.79800814,0.93168616,0.9564984,0.9447019,0.93898815,0.91678655,0.9471561,0.947683,0.9455858,0.9479453,0.9578029,0.94544435,0.9437871,0.9494879,0.9419352,0.95500463,0.9577935,0.94451666,0.95564854,0.9563734,0.95448655,0.95154023,0.9457924,0.96464354,0.9545353,0.9542434,0.9522831,0.9489866,0.9552279,0.95580596,0.9403556,0.94602305,0.9567625,0.9483313,0.95607376,0.9508566,0.9357829,0.9269886,0.9498957,0.95383465,0.88941693,0.9472948,0.91904783,0.9428479,0.95007825,0.95975626,0.9386135,0.95197266,0.9634241,0.9447992,0.9449499,0.95567733,0.94826776,0.9514433,0.9408073,0.9622041,0.95955634,0.9609444,0.9514696,0.9610572,0.9450686,0.9546463,0.9287584,0.94625336,0.9604188,0.9524227,0.9375183,0.94307524,0.9499149,0.9706817,0.95160097,0.94104743,0.9463573,0.9338999,0.9501937,0.941215,0.94522446,0.9479799,0.9420362,0.9526896,0.9403075,0.9455515,0.93375754,0.9397913,0.9462807,0.9495449,0.9434319,0.95098245,0.9404745,0.9706817,0.9524097,0.9485064,0.9608881,0.95499355
beachbummovie,0.9531573,0.94506115,0.9416158,0.9429498,0.94534713,0.9472434,0.95464224,0.9438268,0.9701305,0.9534038,0.95207006,0.93752223,0.94502956,0.9495216,0.97245663,0.9458183,0.948898,0.9506205,0.9477363,1.0000004,0.9504849,0.9461,0.9531843,0.9478586,0.94472826,0.90139836,0.9417404,0.9474516,0.9412187,0.9547235,0.9455776,0.94408715,0.9170682,0.9459609,0.9251001,0.91453767,0.9631121,0.94902414,0.93873143,0.9468448,0.9382256,0.9501292,0.9342356,0.943812,0.9531692,0.9535344,0.9492985,0.956802,0.95285517,0.951128,0.94341946,0.9532115,0.94763666,0.9432728,0.93379563,0.9409363,0.9524899,0.95716065,0.94596535,0.9562689,0.9483466,0.9526048,0.94491965,0.94557863,0.9494846,0.95483196,0.9268056,0.93477917,0.94819796,0.9401376,0.9549732,0.8076852,0.93763214,0.93857074,0.92815316,0.92941046,0.9145546,0.9510829,0.94783854,0.94567126,0.95069176,0.9356993,0.9511173,0.94365287,0.94607544,0.95450276,0.94529533,0.947292,0.9541654,0.94898325,0.9439994,0.9549732,0.9394497,0.96033496,0.94970286,0.95862186,0.95446324,0.9675569,0.94739974,0.9518395,0.9603045,0.95090854,0.94061077,0.94908816,0.949695,0.9429923,0.9477401,0.9385789,0.9341984,0.9401589,0.9527998,0.88871455,0.9500988,0.91106856,0.9563012,0.95229685,0.95969284,0.93500364,0.95286375,0.94910765,0.94498646,0.9472471,0.95343304,0.95735794,0.9452608,0.94212073,0.9470565,0.9491273,0.9536209,0.92638385,0.94759876,0.94411725,0.9495376,0.9377591,0.95318455,0.9487409,0.95215625,0.9411529,0.95336753,0.9585252,0.9701305,0.94504833,0.9463272,0.95858294,0.94560206,0.94863814,0.93915766,0.9321426,0.9460203,0.95178163,0.94791955,0.9405965,0.9467343,0.9272951,0.9371476,0.9429114,0.94838876,0.9362564,0.9505743,0.95013106,0.9701305,0.9428555,0.9417917,0.95127225,0.94329906
bernadettefilm,0.96013546,0.95631653,0.9594946,0.949443,0.95917773,0.9639661,0.9642214,0.9593965,0.9764269,0.95528257,0.9550317,0.9515047,0.9570197,0.9623051,0.9703574,0.95037436,0.95680445,0.9583917,0.95648813,0.9504849,1.0000005,0.9416415,0.96349293,0.96219105,0.9523544,0.90217525,0.9450803,0.9598631,0.95381284,0.9563916,0.9547623,0.95291954,0.9415998,0.9498825,0.94279915,0.9304249,0.96310157,0.9497465,0.95524514,0.9537454,0.94643795,0.95895433,0.9432013,0.9567386,0.95222175,0.9450358,0.95957756,0.96029985,0.9570017,0.95824885,0.96322083,0.95703036,0.9471206,0.95121926,0.9528346,0.9539704,0.9535941,0.95905226,0.95057774,0.95578456,0.949083,0.9562425,0.9526146,0.9588155,0.95279336,0.9474218,0.93577117,0.94793344,0.9524658,0.93946946,0.95808244,0.8314223,0.9428778,0.9576581,0.9432042,0.95131755,0.92530066,0.96155804,0.9528396,0.94976974,0.9540047,0.9602847,0.96060693,0.95357627,0.9563284,0.9608772,0.958477,0.96439075,0.947129,0.96250415,0.95788014,0.95808244,0.95341176,0.95267475,0.9641624,0.959593,0.96096975,0.95410025,0.95961016,0.9573132,0.9600579,0.94705683,0.9526275,0.9564083,0.9589137,0.9619914,0.9499895,0.9425607,0.94137883,0.95019627,0.9658658,0.87548137,0.95771533,0.90044254,0.96273357,0.9590351,0.96611875,0.94443417,0.9638611,0.9631873,0.9580075,0.9560132,0.9620115,0.9557628,0.9578153,0.9541043,0.9596194,0.9572622,0.96163416,0.94439566,0.9783916,0.9618471,0.9646261,0.93921214,0.9539298,0.9579537,0.9522582,0.9455685,0.9524949,0.953656,0.9764269,0.95315427,0.9501668,0.9579723,0.9398461,0.9602542,0.94442517,0.9474818,0.9517961,0.95720404,0.95424926,0.9553021,0.9604565,0.93418443,0.9427177,0.9480851,0.9581492,0.9508436,0.9587564,0.949128,0.9764269,0.95421547,0.9512238,0.9651878,0.961693
