movie,21bridgesmovie,47metersdown,abeautifuldaymovie,abominablemovie,adastramovie,adogsjourneymovie,aftermathmovie,aftermovie,ahiddenlifefilm,alitamovie,angelhasfallen,angrybirdsmovie,annabellemovie,annamovie,apollo11movie,arcticdogsmovie,arcticmovie,artofracingmovie,avengers,beachbummovie,bernadettefilm,blackandbluemovie,blackchristmas,blindedbythelightmovie,bombshellmovie,booksmart,breakthroughmovie,brianbanksmovie,brightburnmovie,brittanyrunsmov,captainmarvelofficial,captivestatemovie,catsmovie,charliesangels,childsplaymovie,clarathefilm,coldpursuitmovie,countdown,currentwarmovie,darkwatersmovie,detectivepikachumovie,disneyaladdin,disneyfrozen,disneymaleficent,doctorsleepmovie,dolemiteismyname,dontletgomovie,doramovie,downtonabbey_official,dumbo,escaperoom,everybodyknowsmovie,fastandfuriousmovie,fightingwmyfam,fivefeetapartfilm,fordvferrari,freaksthefilm,geminimanmovie,glassmovie,gloriabellmovie,godzillamovie,goldfinchmovie,goodboysmovie,goodliarmovie,gretafilm,halathemovie,happydeathdaymovie,harrietfilm,hellboymovie,hersmellmovie,highlifemovie,highstrungmovie,honeyboymovie,hotelmumbaifilm,httydragon,hustlemovie,hustlersmovie,isntitromantic,itmovieofficial,jayandsilentbob,johnwickmovie,jojorabbitmovie,jokermovie,judythefilm,jumanjimovie,justmercyfilm,knivesout,lalloronamovie,lastblackmansf,lastchristmasthemovie,latenightmovie,lighthousemovie,lionking,littlethemovie,littlewomenmovie,littlewoodsfilm,longshotmovie,lordsofchaosmovie,lucyintheskyfilm,mamovie2019,marriagestory,meettheaddams,meninblack,midsommarmovie,midwaymovie,missbalamovie,missinglinkfilm,motherlessbklyn,onceinhollywood,onthebasisofsex,overcomermovie,peanutbutterfalcon,petsematarymovie,piercingmovie,playingwithfire,playmobilthemovie,pomsmovie,queenandslim,rambomovie,readyornotfilm,richardjewellfilm,rocketmanmovie,scarystoriesmovie,secretlifeofpets,serenityfilm,shaftmovie,shazammovie,spidermanmovie,spiesindisguise,starwars,stormboymovie,stubermovie,taosdfilm,teenspiritmov,terminator,theaeronautsmov,thebestofenemies,thedeaddontdie,thefarewell,thehighwaymen,thehummingbirdprojectfilm,theintrudermovie,theirishmanfilm,thekitchenmovie,thelegomovie,themustangfilm,thenightingalefilm,theprodigymovie,thesunisalsoastar,theupsidefilm,tolkienmovie,toystory,triplefrontier,uglydolls,uncutgems,underthesilverlake,usmovie,wavesmovie,whatmenwant,wonderparkmovie,wrinklestheclown,xmenmovies,yardiefilm,yesterdaymovie,zombieland
21bridgesmovie,1.0000002,0.95914716,0.96260196,0.95596737,0.95648813,0.9419849,0.95982695,0.9632921,0.9805058,0.95458245,0.9661066,0.9391975,0.9637762,0.97166336,0.9577425,0.9534194,0.95759946,0.95801723,0.9715578,0.9568373,0.97091585,0.9550168,0.95432395,0.9608622,0.9481957,0.84878623,0.95243543,0.9636587,0.9570711,0.9405933,0.9412486,0.9570847,0.9525546,0.9497598,0.9253018,0.91578317,0.95973384,0.97539103,0.9695761,0.9611029,0.95710796,0.9714694,0.9547364,0.9734658,0.9623719,0.94968426,0.9491233,0.9487965,0.9585539,0.9748934,0.9606027,0.9656565,0.94390297,0.94781727,0.945268,0.96761584,0.948825,0.9592864,0.95591223,0.95707756,0.9546761,0.95079,0.95623684,0.96348685,0.95261145,0.951462,0.9425844,0.96022344,0.96543705,0.9540772,0.9643883,0.72437286,0.9548155,0.9680912,0.9362291,0.9552747,0.9059042,0.9632398,0.947512,0.9548844,0.95599765,0.95728487,0.9661901,0.94720036,0.95668477,0.94762784,0.9558742,0.9635426,0.9567011,0.9551389,0.9502071,0.9643883,0.96242875,0.9551763,0.9577739,0.96250534,0.95393115,0.9618319,0.95985824,0.95028424,0.9520909,0.9529126,0.94371724,0.9670339,0.9641653,0.9544698,0.964723,0.9647468,0.9412409,0.94927555,0.96737343,0.86797106,0.96429193,0.9334491,0.9606293,0.9691438,0.9891339,0.94915223,0.96337813,0.9579281,0.95177263,0.9617638,0.9523283,0.949699,0.96724105,0.95368457,0.9508982,0.94966424,0.9633545,0.92459893,0.9659386,0.9518046,0.9613527,0.939746,0.95769954,0.95175904,0.9746247,0.9601315,0.96747273,0.9538731,0.9805058,0.95952857,0.9496999,0.96061325,0.9528898,0.9708279,0.9662289,0.9403145,0.9660648,0.9665975,0.9621233,0.9713862,0.94653565,0.93807113,0.9467316,0.96153706,0.93757284,0.95321494,0.956379,0.9639209,0.9805058,0.9503749,0.9563058,0.9570383,0.9548748
47metersdown,0.95914716,0.99999994,0.94768,0.9604871,0.95044506,0.93695027,0.9428143,0.95195085,0.97264516,0.9538865,0.9462291,0.9270373,0.95852757,0.96574706,0.9503916,0.96891636,0.9399852,0.9553189,0.95642024,0.9379578,0.9559335,0.941978,0.9601349,0.96121967,0.94860435,0.8607152,0.9356658,0.9445491,0.9431426,0.94564414,0.9475657,0.9582142,0.9439641,0.9429027,0.92503893,0.9113782,0.95362526,0.9521714,0.95907646,0.9551907,0.9461828,0.9650214,0.95917904,0.9603597,0.95195836,0.9454639,0.9543672,0.9468533,0.94360065,0.9608386,0.9518922,0.9584516,0.9523347,0.94623137,0.9350455,0.95855236,0.9538249,0.9519064,0.95865864,0.9554854,0.946406,0.9384765,0.9471051,0.9604471,0.93590355,0.9468968,0.934058,0.9482839,0.95128083,0.94313884,0.95850825,0.76060903,0.94417715,0.9574846,0.9448387,0.95563036,0.89634204,0.9546037,0.9499929,0.9463886,0.94587904,0.9474205,0.9562948,0.9508855,0.9545677,0.9497004,0.9441724,0.96179205,0.9463787,0.95514625,0.9329061,0.95850825,0.95443475,0.9477529,0.95367324,0.95362985,0.9496038,0.9359503,0.93830204,0.9410716,0.9523984,0.96006244,0.93632644,0.95969373,0.9681869,0.9475046,0.96765894,0.9626731,0.9429263,0.93919927,0.96285987,0.8582524,0.9518239,0.93083817,0.9441316,0.94772536,0.95664555,0.95534766,0.9614594,0.938821,0.9430162,0.95426685,0.9559346,0.9412307,0.9585347,0.9480974,0.945299,0.95132726,0.95150906,0.93618536,0.95852166,0.9538109,0.94851315,0.93178976,0.95140254,0.9451145,0.95825213,0.96049386,0.95887053,0.94464827,0.97264516,0.9462127,0.9493129,0.9485026,0.93137485,0.95565325,0.95689404,0.93334806,0.95650715,0.93551606,0.945559,0.95608497,0.94319946,0.92744297,0.95278883,0.9423734,0.94502974,0.9520627,0.9440724,0.94435483,0.97264516,0.94838226,0.9465246,0.95880955,0.9472075
abeautifuldaymovie,0.96260196,0.94768,1.0000002,0.95429456,0.9503129,0.940544,0.96320444,0.96363956,0.975382,0.94989944,0.9508454,0.9390921,0.9606025,0.95941484,0.9579972,0.95554626,0.96448505,0.9625235,0.95562327,0.9468883,0.9612951,0.96556944,0.95149934,0.9531504,0.94820285,0.83291763,0.9474057,0.9620619,0.9705602,0.9383942,0.93981004,0.94643396,0.9472515,0.9484349,0.91357696,0.89615273,0.9558787,0.95321023,0.9594842,0.94426227,0.9518496,0.9521186,0.9507126,0.9531391,0.9562515,0.9449352,0.9450818,0.9343968,0.9487471,0.9544085,0.9705413,0.9610941,0.93940926,0.9477508,0.9460061,0.9524476,0.94415677,0.9502367,0.9630201,0.9609319,0.94426733,0.95733273,0.9583157,0.952757,0.9479039,0.94590026,0.93974257,0.93560153,0.94984186,0.9339143,0.967284,0.7375016,0.94377327,0.96266073,0.9318214,0.94796306,0.88565224,0.95561063,0.9534829,0.9526627,0.94198656,0.956719,0.96003103,0.94271815,0.9589436,0.946942,0.9423546,0.96413565,0.95565635,0.94565564,0.9460574,0.967284,0.9460485,0.95334464,0.9640219,0.96020055,0.94450414,0.95510674,0.9594686,0.93845534,0.9465375,0.95016253,0.9633435,0.96372396,0.958091,0.96830404,0.96145236,0.95536685,0.96276593,0.9414467,0.95747,0.8635623,0.9506751,0.9099162,0.9535669,0.94320536,0.9624608,0.9488298,0.9543127,0.9614662,0.9441729,0.95661306,0.951153,0.94862854,0.9568554,0.9570523,0.9572493,0.9470891,0.95430154,0.9267255,0.9607322,0.95707303,0.96534926,0.94415385,0.9442643,0.9452662,0.956394,0.9624025,0.9606276,0.9526325,0.975382,0.9672245,0.95439816,0.95680004,0.94515646,0.9579732,0.9487831,0.9371066,0.95636463,0.9654893,0.9680511,0.97128135,0.9432169,0.9334671,0.9515713,0.95894665,0.9399396,0.9546793,0.9448959,0.9486369,0.975382,0.94771504,0.9538284,0.9534388,0.9628031
abominablemovie,0.95596737,0.9604871,0.95429456,0.9999999,0.95124733,0.94143754,0.94768524,0.9513188,0.97158235,0.95394415,0.9484425,0.93067485,0.95860404,0.9646386,0.9469854,0.9535322,0.9406415,0.9493056,0.9533739,0.92422587,0.9539103,0.94801635,0.95352894,0.96048146,0.94609827,0.86541283,0.9481208,0.9456093,0.94683295,0.95122,0.93837494,0.9482379,0.93677986,0.95008683,0.9294719,0.89926165,0.95303875,0.95984155,0.9580696,0.94462657,0.9409841,0.9543367,0.9499079,0.9515072,0.952717,0.94111645,0.94883597,0.9273573,0.93903965,0.95206267,0.95515585,0.9636771,0.9539344,0.9351417,0.94558775,0.9504587,0.9573485,0.95038295,0.9631524,0.96231073,0.93864626,0.9537595,0.94769573,0.9487341,0.9489547,0.9374076,0.93180114,0.9475458,0.9556255,0.9380459,0.9653301,0.7393713,0.95068264,0.9488258,0.9437232,0.9444466,0.89845145,0.9553842,0.95257205,0.93870074,0.95166814,0.94899285,0.9546606,0.95201474,0.9541218,0.94141906,0.9574723,0.9558584,0.95381254,0.94741076,0.9394408,0.9653301,0.93764365,0.9465051,0.9565488,0.9493028,0.9490748,0.9353858,0.94037974,0.945748,0.94533503,0.9490886,0.9320665,0.9611162,0.9551816,0.950393,0.9575178,0.9532762,0.94441473,0.9446939,0.9486687,0.85491,0.9516785,0.9367416,0.9477634,0.9427353,0.9564382,0.9573139,0.9564597,0.94521195,0.9344832,0.96019626,0.95983195,0.94196606,0.946693,0.9414741,0.9544109,0.9458467,0.9484802,0.9162537,0.9524895,0.9475923,0.94957983,0.9415325,0.9498566,0.9509522,0.9574582,0.9534188,0.9657823,0.93968844,0.97158235,0.94364667,0.9453727,0.9440595,0.9350759,0.9539315,0.94412225,0.9473614,0.95460254,0.9521539,0.95158017,0.949843,0.9338301,0.9410556,0.95410395,0.957161,0.9404238,0.9596956,0.93900055,0.94292444,0.97158235,0.9421342,0.9474193,0.9525849,0.9547225
adastramovie,0.95648813,0.95044506,0.9503129,0.95124733,1.0000001,0.941075,0.9466521,0.96238196,0.97206587,0.94559646,0.95025635,0.9264628,0.9505543,0.95231575,0.9647332,0.9505859,0.94939244,0.9633953,0.9490773,0.9447444,0.95591867,0.9558342,0.9530989,0.94568026,0.93358,0.82828546,0.9472418,0.9462183,0.94357723,0.93184274,0.9413173,0.9388945,0.9291202,0.9451693,0.907727,0.9092195,0.9498876,0.9509877,0.95456296,0.94975543,0.95254654,0.95535374,0.94172955,0.9440836,0.9461805,0.95124197,0.9522898,0.93626976,0.9369023,0.9460417,0.953537,0.96051246,0.9394034,0.9434257,0.9429232,0.9727411,0.93756926,0.9548323,0.95623,0.96263736,0.9521238,0.93851584,0.9399191,0.949982,0.9447903,0.94755846,0.9401294,0.9431883,0.9510425,0.9378068,0.9689451,0.7283684,0.9421532,0.95417356,0.9310443,0.9444664,0.8763659,0.95422965,0.9526125,0.9449947,0.9378391,0.94931716,0.95607495,0.9385975,0.9397895,0.9601115,0.9394515,0.9592467,0.96381205,0.9479639,0.94315296,0.9689451,0.9472354,0.95032597,0.9509398,0.95904374,0.9394249,0.94855803,0.94441515,0.9441049,0.94173354,0.94722325,0.9400109,0.96154267,0.9472672,0.9462225,0.9604639,0.9483681,0.9329217,0.9426344,0.95843023,0.85701984,0.9508432,0.9291075,0.952003,0.9397393,0.9596914,0.93946815,0.9512673,0.94099224,0.94725084,0.9560803,0.95255846,0.93294895,0.94411427,0.9470964,0.953425,0.94534993,0.9671164,0.91503215,0.9522062,0.95551884,0.9532916,0.9380003,0.94634706,0.9382207,0.9486847,0.9561635,0.96264815,0.94006675,0.97206587,0.9466614,0.9413515,0.9537417,0.94652563,0.95309204,0.9474807,0.92732376,0.95475614,0.9529831,0.9511302,0.95851433,0.94006145,0.9339751,0.94726247,0.9493026,0.9313795,0.95263207,0.9494965,0.94683963,0.97206587,0.9568167,0.9581644,0.9446039,0.9522396
adogsjourneymovie,0.9419849,0.93695027,0.940544,0.94143754,0.941075,1.0000001,0.9545414,0.94536215,0.96655226,0.93066466,0.95114577,0.9342158,0.9435746,0.94055897,0.95407945,0.9420397,0.946307,0.94936585,0.94180655,0.9418885,0.9415767,0.95022476,0.96088135,0.94534564,0.90852034,0.8699,0.9406703,0.9309026,0.9503263,0.9330871,0.9415586,0.9486323,0.9494158,0.9499002,0.9221041,0.9061246,0.9393732,0.9480116,0.94524837,0.9471091,0.9523649,0.9469273,0.9393696,0.9430762,0.9540198,0.9544717,0.951479,0.935026,0.94203216,0.9462839,0.9489124,0.9501107,0.95004153,0.93157345,0.9405816,0.9374916,0.94205123,0.9477823,0.9462703,0.9465025,0.94644713,0.9303252,0.94680476,0.9473919,0.9426085,0.93063486,0.92008144,0.9399294,0.9523923,0.942071,0.9525055,0.7547136,0.9355623,0.94729537,0.93829805,0.94133216,0.895269,0.95785207,0.94564784,0.9485792,0.937324,0.9526611,0.9420526,0.93643016,0.9345883,0.9474195,0.95494723,0.95331204,0.94200176,0.95214754,0.9430288,0.9525055,0.9473545,0.93804187,0.94854295,0.94993025,0.9405686,0.9460663,0.94258726,0.9433564,0.9401606,0.9530034,0.9357059,0.9544218,0.9366806,0.9400066,0.96220756,0.9315266,0.9243229,0.9380044,0.95224524,0.8632309,0.955962,0.9158746,0.95543855,0.9479301,0.9550367,0.94106996,0.95360214,0.9456032,0.9476706,0.95284194,0.94009256,0.9676098,0.9531727,0.9388975,0.96174455,0.9467902,0.9348038,0.92470163,0.9530104,0.9436634,0.9498667,0.9283777,0.94764537,0.9482606,0.9430031,0.9383989,0.95199746,0.9323231,0.96655226,0.9457781,0.93419474,0.94492507,0.944798,0.9383245,0.9206804,0.9470763,0.94316703,0.9456456,0.9569009,0.93636656,0.9424235,0.9198887,0.9342409,0.9457557,0.94845665,0.9366616,0.9299602,0.95186,0.96655226,0.94882053,0.9519278,0.9650957,0.94012356
aftermathmovie,0.95982695,0.9428143,0.96320444,0.94768524,0.9466521,0.9545414,0.9999995,0.9653696,0.9830035,0.952462,0.9592087,0.9503912,0.96795577,0.95599985,0.96687734,0.9559528,0.9681071,0.96051866,0.9547545,0.9586945,0.95180535,0.9622265,0.95908827,0.963613,0.9468769,0.83886576,0.9591023,0.95288956,0.9677171,0.95138884,0.94841456,0.95367455,0.9505625,0.95350844,0.92571545,0.897428,0.9576298,0.9612742,0.96782863,0.95001453,0.95420337,0.9605358,0.947954,0.9608772,0.9643589,0.95436263,0.9558564,0.95375896,0.9505642,0.9658502,0.9680644,0.9651389,0.93897355,0.96394825,0.95471203,0.95029265,0.9487295,0.9537169,0.9545577,0.9600728,0.9507061,0.9575439,0.9557966,0.96394575,0.95604146,0.94841105,0.9481791,0.94840854,0.9604591,0.93950075,0.9672649,0.70140517,0.9404325,0.96195483,0.9459076,0.9613223,0.9231809,0.96143395,0.9470802,0.96420586,0.9516343,0.98128355,0.9642552,0.9479711,0.9639399,0.94590247,0.96074504,0.9674166,0.96386594,0.9546064,0.95800674,0.9672649,0.9526372,0.94801867,0.9641596,0.96125156,0.9523608,0.9713893,0.98155475,0.94939697,0.9429978,0.9618832,0.94786733,0.96543765,0.95136315,0.9660359,0.95859396,0.9536992,0.9558752,0.95272785,0.9672217,0.8829573,0.9629013,0.92186433,0.96519625,0.9620908,0.97046304,0.95227915,0.96531695,0.9911935,0.96016556,0.9616085,0.9578227,0.9560009,0.9717687,0.96168685,0.96986765,0.94927496,0.9610693,0.92732495,0.9621425,0.9581787,0.96935534,0.94126534,0.95536524,0.96331996,0.9600252,0.967541,0.97178996,0.9434726,0.9830035,0.9593893,0.9469963,0.95182157,0.95525897,0.9584103,0.95464396,0.9551835,0.9643342,0.96475667,0.9874971,0.9633091,0.95905375,0.93332577,0.9529875,0.9667791,0.939002,0.947403,0.93911886,0.9510253,0.9830035,0.95411307,0.95237714,0.9558713,0.9605075
aftermovie,0.9632921,0.95195085,0.96363956,0.9513188,0.96238196,0.94536215,0.9653696,0.9999995,0.98023117,0.9526329,0.95529085,0.9483303,0.9620923,0.9643516,0.96323836,0.9570489,0.9635452,0.9677904,0.95629,0.95748484,0.9573001,0.95699686,0.9512048,0.9583353,0.9577477,0.8450837,0.9490234,0.950777,0.9545065,0.9531431,0.9438063,0.9496392,0.950478,0.9477505,0.9168935,0.90965176,0.9532874,0.9562772,0.9663754,0.9555923,0.9604946,0.9607903,0.95059264,0.95700055,0.9637563,0.94759053,0.9498606,0.94858587,0.95042175,0.95933837,0.96162504,0.9652828,0.9430302,0.956895,0.9437609,0.9616615,0.94665253,0.95758116,0.9612975,0.9627229,0.95912707,0.95852256,0.96430033,0.9646816,0.94945914,0.9485068,0.93883103,0.9446399,0.95275205,0.94217306,0.96842486,0.7166479,0.9375048,0.96298313,0.92497194,0.9592193,0.90252864,0.968237,0.95592904,0.96618015,0.94421524,0.96325,0.9612394,0.9415951,0.95645946,0.94902194,0.94766074,0.96768945,0.95991486,0.9609448,0.95766,0.96842486,0.9541998,0.958566,0.9597745,0.9618122,0.95985496,0.9546289,0.9598875,0.93948793,0.9471977,0.9629334,0.94713366,0.96753466,0.9608585,0.96210676,0.9692927,0.96069235,0.9516992,0.94686204,0.95909643,0.873853,0.95607805,0.91554934,0.9591019,0.95297086,0.96561784,0.93735635,0.9620915,0.96138,0.9521835,0.9602813,0.95245993,0.94254744,0.960984,0.95790285,0.9585869,0.9483513,0.9610642,0.92716014,0.9665921,0.9635113,0.96391475,0.94662344,0.9543433,0.96184945,0.9557584,0.9637807,0.972319,0.9571594,0.98023117,0.96303314,0.95194143,0.9628442,0.95255125,0.9567713,0.9466008,0.93559206,0.9615684,0.9666011,0.968319,0.9586094,0.9552135,0.9338577,0.9526469,0.9582517,0.9389016,0.95355177,0.9566311,0.95322233,0.98023117,0.9635779,0.95473874,0.9501029,0.96048
ahiddenlifefilm,0.9805058,0.97264516,0.975382,0.97158235,0.97206587,0.96655226,0.9830035,0.98023117,0.99999976,0.96999496,0.97847915,0.96147877,0.9783979,0.9787411,0.9785197,0.9766575,0.97708315,0.97656155,0.9739862,0.97088045,0.9769637,0.9778218,0.9763933,0.9799806,0.9656228,0.8601177,0.97125906,0.970734,0.97687274,0.9636496,0.96531487,0.9727331,0.9647766,0.9697522,0.94506156,0.9311632,0.9771821,0.97644776,0.98309606,0.970753,0.97427934,0.979832,0.96675926,0.97619724,0.98060405,0.97202146,0.97223216,0.9670244,0.96819913,0.9775492,0.97911483,0.984289,0.96429217,0.9743667,0.96550524,0.9729365,0.9712064,0.97921526,0.974444,0.97989774,0.9702853,0.9703648,0.97176176,0.98063064,0.96863914,0.9690065,0.9612604,0.96718603,0.9787373,0.9635561,0.9863017,0.7365818,0.9679245,0.9791292,0.9627242,0.97377586,0.9269096,0.98011625,0.9691296,0.9768642,0.9707451,0.9797382,0.9812129,0.96836394,0.97326607,0.9700293,0.9739554,0.98178035,0.9786592,0.97741246,0.9662098,0.9863017,0.9725188,0.9752017,0.979217,0.9812192,0.97010475,0.9780141,0.97524244,0.963425,0.9685467,0.9781404,0.96080106,0.98408717,0.97421545,0.9759692,0.9831264,0.97584677,0.9660654,0.9645222,0.9823448,0.8896261,0.97971153,0.9463959,0.97897893,0.97350824,0.9867779,0.9711929,0.9811237,0.9783651,0.9720893,0.98114574,0.97757965,0.96590924,0.98027325,0.97617286,0.97847015,0.97158694,0.97907686,0.9468881,0.97877455,0.9746392,0.98121476,0.9594818,0.9775665,0.9712192,0.97693473,0.9809341,0.9857473,0.96856344,0.99999976,0.9752244,0.9698746,0.9746146,0.9681582,0.9768532,0.97282517,0.9647205,0.9801238,0.97592413,0.9837238,0.9764898,0.9698844,0.9516763,0.9716851,0.97896755,0.9599678,0.9739346,0.96793115,0.97302866,0.99999976,0.9716005,0.9774812,0.9753812,0.97516143
alitamovie,0.95458245,0.9538865,0.94989944,0.95394415,0.94559646,0.93066466,0.952462,0.9526329,0.96999496,0.99999976,0.9474117,0.94364613,0.9587556,0.95404667,0.9512921,0.95107216,0.9389589,0.96043086,0.9568872,0.94423926,0.9582841,0.9461911,0.94215435,0.9548991,0.94377023,0.8284847,0.9532865,0.9493537,0.9484345,0.95135903,0.93193865,0.9443654,0.9347295,0.94269574,0.9055014,0.9050565,0.9541726,0.95392805,0.95389396,0.9310901,0.9445249,0.94885576,0.93896097,0.95068675,0.947817,0.9328992,0.9356358,0.9441294,0.9230245,0.9453259,0.95391786,0.9457371,0.9384711,0.9496265,0.9200172,0.95212066,0.9550383,0.9553965,0.951372,0.9524504,0.954076,0.94411397,0.9571937,0.95813227,0.9417201,0.9442136,0.9396855,0.9307022,0.95277244,0.93730086,0.9556035,0.73619884,0.9509525,0.96075547,0.93668944,0.9489823,0.8925119,0.94996315,0.94313186,0.94666684,0.94405323,0.95527285,0.95069695,0.95154256,0.9474041,0.94579357,0.94172335,0.9556123,0.94605273,0.95458984,0.9331814,0.9556035,0.94177914,0.94190425,0.95151764,0.95699435,0.9518924,0.9483471,0.94171864,0.92368317,0.9427368,0.9563739,0.94442695,0.95312935,0.9697274,0.9510864,0.9588219,0.9549243,0.941511,0.92635846,0.956377,0.8523164,0.95354193,0.91782576,0.9554128,0.94581896,0.9562332,0.93793714,0.95608574,0.95087487,0.942375,0.9501293,0.9420922,0.9426316,0.9425618,0.9467386,0.94190735,0.9433592,0.94827765,0.9135088,0.9591083,0.95053184,0.949695,0.9317086,0.96574146,0.9529215,0.9513994,0.9484707,0.9575976,0.94524264,0.96999496,0.9541973,0.9469949,0.94458413,0.93376607,0.9476454,0.95098865,0.9273085,0.95432264,0.94097084,0.95490456,0.9501813,0.9389358,0.9277167,0.94637907,0.9565296,0.9349177,0.94416374,0.95080984,0.9471352,0.96999496,0.94908535,0.94821876,0.939755,0.95027745
angelhasfallen,0.9661066,0.9462291,0.9508454,0.9484425,0.95025635,0.95114577,0.9592087,0.95529085,0.97847915,0.9474117,0.99999994,0.9330176,0.9596456,0.967765,0.964617,0.95284706,0.9592902,0.95871,0.9526988,0.9537016,0.962698,0.95984155,0.96544003,0.9610744,0.94248325,0.8429824,0.9421023,0.9628919,0.9523591,0.9407592,0.93768865,0.95477206,0.9394851,0.94577646,0.92134446,0.9131205,0.96019083,0.95724374,0.95878416,0.95730126,0.94523764,0.96307135,0.94680154,0.9598525,0.96397156,0.95246863,0.9593086,0.9437018,0.95595837,0.9623979,0.9545562,0.9683731,0.9577633,0.9453706,0.94019294,0.9586461,0.95946413,0.95725125,0.94603485,0.9527379,0.95208514,0.9378757,0.95491606,0.95780176,0.9526406,0.9629537,0.9514677,0.95652765,0.97398347,0.943364,0.9615214,0.7042537,0.9523367,0.9597437,0.95470375,0.9491492,0.88129497,0.95699114,0.9488214,0.9531281,0.9663934,0.95154667,0.95793974,0.94377255,0.9455025,0.95333785,0.95968527,0.9655939,0.9615477,0.9510017,0.9428654,0.9615214,0.95556957,0.95535713,0.95473355,0.9667873,0.9641208,0.9562738,0.95199215,0.94976884,0.94828975,0.95499796,0.9325491,0.96132034,0.9505207,0.9496075,0.9660414,0.9574872,0.9382001,0.9422444,0.9567414,0.8542651,0.9564885,0.9252151,0.9605655,0.9615892,0.9677629,0.95169306,0.9611453,0.9562548,0.9516299,0.9535913,0.9570387,0.94746184,0.9634085,0.9472773,0.9551302,0.9466584,0.9570601,0.915442,0.96414036,0.9458281,0.9699278,0.95275223,0.9605123,0.95352745,0.9627011,0.95850563,0.96276605,0.9486284,0.97847915,0.9521741,0.9463539,0.9493572,0.94773597,0.9573655,0.95158774,0.93748385,0.95977026,0.9562209,0.95991546,0.9575925,0.94827586,0.9232466,0.9583616,0.9561937,0.94226766,0.95166296,0.9447817,0.95946366,0.97847915,0.9437179,0.9577144,0.9624817,0.9536165
angrybirdsmovie,0.9391975,0.9270373,0.9390921,0.93067485,0.9264628,0.9342158,0.9503912,0.9483303,0.96147877,0.94364613,0.9330176,1.0,0.9447554,0.9383131,0.93266195,0.9376665,0.94154316,0.9327392,0.93558425,0.92387635,0.94058627,0.94485843,0.9262178,0.94837326,0.9171024,0.82515985,0.9556326,0.92369586,0.9520533,0.9307747,0.92980033,0.93475884,0.934395,0.95898056,0.90323776,0.89455384,0.93616146,0.9469956,0.944892,0.9260655,0.9419317,0.9300019,0.9206168,0.92961484,0.94957024,0.9305501,0.91792804,0.95686483,0.9358206,0.9245847,0.96321696,0.93779093,0.92645,0.94957197,0.92281574,0.9322994,0.9421499,0.95335585,0.9402182,0.94383097,0.9328789,0.93556947,0.949637,0.9573273,0.9399213,0.9345579,0.9301752,0.9128701,0.9371887,0.91319513,0.95127213,0.7389703,0.927438,0.9423741,0.91332334,0.9425011,0.9030762,0.9562219,0.94372344,0.94493985,0.9389369,0.95076567,0.94995505,0.9231362,0.9576032,0.9209358,0.9366562,0.9494867,0.94140327,0.95333606,0.9376026,0.95127213,0.9297458,0.94489825,0.9592338,0.9423353,0.92909896,0.93992203,0.94030595,0.9140731,0.9273245,0.94029254,0.93097043,0.94716215,0.9453716,0.9619109,0.94265664,0.940503,0.94289184,0.9229887,0.9473559,0.8666602,0.94977045,0.894897,0.9519218,0.9449864,0.9518005,0.9281626,0.95252025,0.9515329,0.9400293,0.952428,0.9337423,0.93407524,0.93798035,0.95073676,0.94222754,0.9504653,0.94577813,0.906415,0.94630593,0.94236964,0.9473441,0.91502595,0.9602166,0.9340804,0.93801117,0.93981266,0.9628292,0.9267282,0.96147877,0.9550444,0.9282479,0.9569474,0.937741,0.94264776,0.9294585,0.9286011,0.9522723,0.9347824,0.9518197,0.92134166,0.9422195,0.91048527,0.92333853,0.9512544,0.9199962,0.94139016,0.9390988,0.94542295,0.96147877,0.94058573,0.9344041,0.93359554,0.94666356
annabellemovie,0.9637762,0.95852757,0.9606025,0.95860404,0.9505543,0.9435746,0.96795577,0.9620923,0.9783979,0.9587556,0.9596456,0.9447554,1.0000005,0.9620541,0.956908,0.9562619,0.95890206,0.9643585,0.9487174,0.94247156,0.95384645,0.95485824,0.954001,0.9610826,0.9477809,0.84917176,0.94914454,0.9587548,0.9523271,0.95246845,0.94152594,0.9569254,0.9484543,0.94317555,0.9217672,0.883341,0.9618193,0.9664871,0.9572572,0.95278656,0.95227563,0.9544072,0.94875324,0.95658046,0.9591622,0.9357906,0.95005417,0.9466687,0.951369,0.9560671,0.9582054,0.9622987,0.9529218,0.95826995,0.9412844,0.9521103,0.95508146,0.95826644,0.9531648,0.96485585,0.95784384,0.9484846,0.9578355,0.96560735,0.94937384,0.9568399,0.9485469,0.94741225,0.9559159,0.94647616,0.96787274,0.7238034,0.9436615,0.969923,0.9437132,0.9536716,0.8901848,0.96277755,0.95228934,0.9562373,0.9473557,0.9644051,0.97011125,0.94882554,0.9654323,0.9464079,0.9457901,0.98533434,0.9589935,0.9536046,0.94415414,0.96787274,0.94272894,0.9484197,0.9584063,0.96168,0.9606687,0.9542134,0.96438366,0.94629306,0.9394832,0.9637521,0.93351424,0.960004,0.9645224,0.9583833,0.95953244,0.9634406,0.9500261,0.94734037,0.9586008,0.8712663,0.9532415,0.9197026,0.9564965,0.9573689,0.9689536,0.9477813,0.9588982,0.96758384,0.9531463,0.95114845,0.9483352,0.948408,0.96439916,0.9595584,0.96446425,0.9455849,0.9528375,0.9178399,0.9618288,0.951038,0.96059227,0.9405571,0.95828414,0.9510013,0.96567893,0.9700545,0.96818036,0.93280596,0.9783979,0.95006925,0.9345733,0.9545842,0.9510132,0.9565969,0.9431984,0.94331294,0.96614575,0.9568623,0.96794546,0.9601794,0.9417878,0.9293902,0.9511842,0.95516306,0.93968874,0.9460274,0.9460018,0.95412064,0.9783979,0.95327604,0.9490254,0.9546385,0.9535531
annamovie,0.97166336,0.96574706,0.95941484,0.9646386,0.95231575,0.94055897,0.95599985,0.9643516,0.9787411,0.95404667,0.967765,0.9383131,0.9620541,1.0,0.95863336,0.9550583,0.95079845,0.9562989,0.96207845,0.94326717,0.9727059,0.9462623,0.96520436,0.96864676,0.95702654,0.84940994,0.9412095,0.9572151,0.9497237,0.94268745,0.9508724,0.96231693,0.94343746,0.9438578,0.9209985,0.91209257,0.9505357,0.9588209,0.9705523,0.9652628,0.9497158,0.97458106,0.96083343,0.9696788,0.9606427,0.93781406,0.9595047,0.94127154,0.9576025,0.97284955,0.95863163,0.9744705,0.95446175,0.9431085,0.9363483,0.9567711,0.9602817,0.9570615,0.9635066,0.9626902,0.9511745,0.9558386,0.94874835,0.9684115,0.9567651,0.95458865,0.9432302,0.9637472,0.97214586,0.93731654,0.96934783,0.71640575,0.94850755,0.9635782,0.93959963,0.9533644,0.8932885,0.95724547,0.950617,0.94448197,0.9559198,0.9538751,0.9649956,0.9560282,0.96086997,0.9490604,0.95347875,0.9630273,0.96016335,0.9565223,0.9423039,0.96934783,0.95054305,0.958379,0.9523096,0.9575633,0.9599806,0.9490366,0.9570664,0.95705783,0.94959223,0.9577067,0.9357083,0.9654595,0.9692862,0.9571963,0.9707966,0.96719074,0.95511264,0.95362973,0.9606932,0.8672984,0.96015507,0.9395374,0.9518426,0.9576809,0.96779,0.95266294,0.96138686,0.9544627,0.94247645,0.964755,0.9584695,0.9432328,0.9649524,0.9565426,0.9532252,0.9503401,0.96057713,0.92372733,0.96520776,0.9546888,0.962316,0.9393383,0.960162,0.94970936,0.96306556,0.96509707,0.97144055,0.9505772,0.9787411,0.95227003,0.9489328,0.9497841,0.9365106,0.9677362,0.9592624,0.93584645,0.9601704,0.9597681,0.9592078,0.97032195,0.9442132,0.9332353,0.96065724,0.960865,0.94153696,0.958617,0.9554259,0.95797193,0.9787411,0.947831,0.9578435,0.96027565,0.95709103
apollo11movie,0.9577425,0.9503916,0.9579972,0.9469854,0.9647332,0.95407945,0.96687734,0.96323836,0.9785197,0.9512921,0.964617,0.93266195,0.956908,0.95863336,0.99999964,0.95366794,0.9531667,0.9678241,0.9554274,0.9646687,0.95725757,0.9564981,0.9642408,0.96187055,0.93776256,0.835848,0.95072776,0.9488867,0.95874363,0.94115096,0.94062936,0.9437089,0.938533,0.9479394,0.9244786,0.91371065,0.96011764,0.95049536,0.9643818,0.95539314,0.9493013,0.96640116,0.9514335,0.95819914,0.96297216,0.9517778,0.9612898,0.9432936,0.945106,0.9627461,0.9571907,0.9613411,0.9463983,0.94943804,0.93989766,0.9573686,0.9443019,0.9630579,0.9534979,0.961839,0.94602627,0.94168866,0.94873625,0.9581234,0.94817454,0.9585616,0.94689953,0.94602215,0.9613263,0.94216394,0.9656306,0.7107098,0.9437905,0.9621485,0.9471604,0.949982,0.8996669,0.9595075,0.93761367,0.9534989,0.9454778,0.9611019,0.95423174,0.94999164,0.9497912,0.9490106,0.95214397,0.96745014,0.9578122,0.95585185,0.9481944,0.9656306,0.95017,0.9576241,0.9561248,0.98028773,0.94851595,0.95571125,0.9540558,0.945907,0.9463218,0.9535202,0.94246125,0.9601112,0.9555587,0.95135134,0.96308476,0.95173144,0.9417234,0.9505506,0.96849465,0.8669651,0.9633347,0.93202895,0.96355224,0.9506294,0.96235335,0.9512007,0.9514341,0.96371406,0.952718,0.9619645,0.9522164,0.9469308,0.96102643,0.94954854,0.9558259,0.9448143,0.9639755,0.924815,0.9620929,0.951542,0.9592204,0.9380518,0.9589462,0.9549113,0.9518763,0.9623116,0.9605674,0.94093317,0.9785197,0.9529149,0.9492953,0.94540685,0.9539545,0.9468933,0.95560414,0.94557166,0.9547524,0.9537197,0.9714751,0.9582765,0.9466415,0.92981756,0.9557314,0.96068895,0.93237495,0.94424886,0.9520865,0.9517296,0.9785197,0.9536687,0.96099055,0.9591921,0.95382524
arcticdogsmovie,0.9534194,0.96891636,0.95554626,0.9535322,0.9505859,0.9420397,0.9559528,0.9570489,0.9766575,0.95107216,0.95284706,0.9376665,0.9562619,0.9550583,0.95366794,1.0000001,0.95773053,0.95683646,0.95576835,0.9397052,0.96045077,0.957406,0.9576344,0.9547573,0.95615935,0.83606786,0.9477871,0.95217776,0.962514,0.9447805,0.9533287,0.95745736,0.9437404,0.95848286,0.9141312,0.90914387,0.960228,0.956864,0.9623507,0.95877314,0.9488366,0.9588429,0.9448224,0.95789254,0.96043754,0.9518723,0.9555687,0.9576932,0.950331,0.956701,0.9618911,0.9671625,0.9475182,0.9566945,0.9454033,0.9503745,0.9563721,0.958314,0.96162826,0.9598467,0.946358,0.94742584,0.95597446,0.961914,0.9460048,0.95690536,0.9483643,0.94884205,0.9552981,0.931042,0.966733,0.7404382,0.9525423,0.9636935,0.9365846,0.9570944,0.9043194,0.9565558,0.9545904,0.9568991,0.9448169,0.9565172,0.9572901,0.9581316,0.96116686,0.9615853,0.94577426,0.954286,0.95884746,0.9616396,0.9401939,0.966733,0.95224875,0.9566486,0.9619186,0.9514386,0.9476593,0.95358783,0.9422983,0.9401655,0.9465404,0.95850706,0.9415235,0.9665591,0.9620964,0.957636,0.9602108,0.96391004,0.95608264,0.94783235,0.9591164,0.85657734,0.956036,0.9239737,0.96080196,0.9429427,0.95837355,0.9564419,0.9621692,0.95389265,0.95196384,0.9626143,0.95794535,0.9416964,0.96225804,0.9560263,0.9507998,0.9514635,0.9570377,0.9272212,0.9518926,0.95743424,0.9635304,0.93764025,0.95692265,0.9514606,0.953493,0.96541375,0.9623726,0.94862854,0.9766575,0.95405054,0.94790965,0.95156103,0.9507414,0.9552723,0.9490278,0.93332016,0.96151054,0.9503159,0.9574607,0.9507633,0.93719363,0.9401567,0.9523825,0.95419854,0.9380231,0.9483877,0.9512542,0.9451741,0.9766575,0.95137286,0.9590869,0.9502311,0.9641479
arcticmovie,0.95759946,0.9399852,0.96448505,0.9406415,0.94939244,0.946307,0.9681071,0.9635452,0.97708315,0.9389589,0.9592902,0.94154316,0.95890206,0.95079845,0.9531667,0.95773053,1.0000001,0.95104206,0.9598601,0.94857466,0.954081,0.96638745,0.9563545,0.9528892,0.94353974,0.82313514,0.9478094,0.9651353,0.9597123,0.94428813,0.95498097,0.9550064,0.9398499,0.9563487,0.9212929,0.90348303,0.9510568,0.95395774,0.9588333,0.94954866,0.95991653,0.95228684,0.9389114,0.9492688,0.95383734,0.9503666,0.9534048,0.95053655,0.9462688,0.9511569,0.9601424,0.9628727,0.9385782,0.95567,0.95115924,0.9509204,0.9497679,0.9522513,0.95102984,0.95590615,0.9486527,0.9399752,0.952626,0.95568246,0.9447909,0.94397914,0.94384706,0.94660515,0.9539663,0.933897,0.9622352,0.6974299,0.9406912,0.95788985,0.9384196,0.95486164,0.90193474,0.95161855,0.94132376,0.9609401,0.950856,0.9614848,0.9602275,0.9424187,0.95254296,0.95330596,0.94942105,0.96199447,0.9569584,0.9601448,0.94861066,0.9622352,0.94941163,0.95388323,0.9571989,0.9610688,0.95031273,0.9604532,0.9550486,0.9496898,0.93856657,0.95159036,0.9401814,0.9610829,0.9476043,0.9564509,0.95976007,0.94983673,0.9523693,0.9379354,0.9540924,0.8579625,0.94642186,0.90471035,0.95779616,0.9506532,0.9636148,0.9404509,0.9636686,0.96526176,0.9522094,0.95771277,0.95758265,0.9492456,0.9619922,0.9682101,0.9584827,0.9511574,0.9586023,0.9189459,0.9512546,0.9561696,0.9819781,0.94809836,0.9544541,0.95116264,0.9597512,0.9600278,0.96349007,0.9468026,0.97708315,0.9603363,0.94467545,0.9530945,0.9517626,0.953417,0.9398251,0.9375381,0.9605261,0.9629708,0.9697454,0.9527967,0.95395154,0.9372369,0.94744676,0.9531901,0.9381754,0.9460476,0.950954,0.94800395,0.97708315,0.95487833,0.9575678,0.95124406,0.95490533
artofracingmovie,0.95801723,0.9553189,0.9625235,0.9493056,0.9633953,0.94936585,0.96051866,0.9677904,0.97656155,0.96043086,0.95871,0.9327392,0.9643585,0.9562989,0.9678241,0.95683646,0.95104206,1.0000002,0.9540294,0.9652641,0.95245993,0.9599743,0.95691276,0.9539131,0.94780123,0.8583999,0.95605993,0.95747834,0.9568622,0.9406544,0.9464955,0.95069164,0.9519454,0.93961257,0.9117612,0.899145,0.95791775,0.9561385,0.96110874,0.9516397,0.94914246,0.95498526,0.9504766,0.9538964,0.9603117,0.9560245,0.95584124,0.9355856,0.9497921,0.95464814,0.9580069,0.9629821,0.9517367,0.9537745,0.94328266,0.96853393,0.956583,0.9562831,0.95599264,0.9554022,0.9563997,0.94631565,0.9551758,0.96144205,0.9533281,0.95451003,0.9436965,0.9439974,0.94908094,0.9517457,0.96422285,0.7343159,0.949285,0.967671,0.9437135,0.95688957,0.8913078,0.9637,0.9558001,0.95669025,0.9489071,0.96167207,0.95947796,0.95087725,0.9483327,0.9624342,0.9419737,0.96775377,0.9585952,0.94767135,0.9475207,0.96422285,0.9557139,0.9550122,0.9601238,0.9676538,0.9515797,0.96368235,0.96251047,0.9466347,0.9551329,0.9621459,0.952622,0.9630111,0.95685434,0.9551819,0.96710443,0.96453726,0.9432165,0.9590782,0.9613267,0.8732343,0.9600417,0.9154819,0.9593399,0.93902755,0.9607747,0.94857293,0.9565452,0.962252,0.9590897,0.95074034,0.9528477,0.94801944,0.96412164,0.94993484,0.95971394,0.9455118,0.953256,0.9301475,0.96092683,0.95886433,0.96299857,0.93822974,0.9556676,0.94988644,0.95561713,0.95822734,0.9619136,0.95878994,0.97656155,0.95524895,0.9560661,0.95767134,0.9483986,0.95566887,0.95292443,0.93420535,0.95765835,0.9639306,0.9586391,0.95812625,0.950334,0.9414512,0.9572111,0.953812,0.94015175,0.9498161,0.95156825,0.9513323,0.97656155,0.95476305,0.9554097,0.9577349,0.95574784
avengers,0.9715578,0.95642024,0.95562327,0.9533739,0.9490773,0.94180655,0.9547545,0.95629,0.9739862,0.9568872,0.9526988,0.93558425,0.9487174,0.96207845,0.9554274,0.95576835,0.9598601,0.9540294,1.0000002,0.94684047,0.95590574,0.95257866,0.96301883,0.9521141,0.94388616,0.8444044,0.95267844,0.9590318,0.95335865,0.9459485,0.9611933,0.95411885,0.94361466,0.94884706,0.91607744,0.92246544,0.9493381,0.95523113,0.9611382,0.9426181,0.9623621,0.9588792,0.9459845,0.95968646,0.95743,0.9489476,0.95881915,0.94689125,0.9317787,0.9573328,0.95717895,0.95655197,0.94728225,0.94766414,0.9371681,0.95581686,0.946859,0.95157677,0.95380676,0.94701195,0.95290613,0.9451636,0.9419268,0.9625824,0.94358224,0.9391113,0.9336695,0.9389586,0.9594627,0.9425627,0.9594039,0.7447624,0.95146674,0.9566036,0.93867743,0.9506883,0.89653945,0.9495181,0.937939,0.9500451,0.9471237,0.94990677,0.9563691,0.95553535,0.946117,0.95958054,0.9525435,0.9560009,0.9549433,0.9605265,0.9396782,0.9594039,0.94680697,0.9481113,0.95037645,0.95523375,0.945874,0.95013374,0.946519,0.94924164,0.94764084,0.94973207,0.94740117,0.95611936,0.9590634,0.95133114,0.95788467,0.95887274,0.9439627,0.9398951,0.96868116,0.85948485,0.95782864,0.9225375,0.9601109,0.95211536,0.96303093,0.9574603,0.95855385,0.9480099,0.95410275,0.9579765,0.9506796,0.9485054,0.9538446,0.946488,0.94925463,0.9573435,0.9537062,0.92696553,0.9477236,0.9563573,0.9645273,0.93930537,0.95280504,0.9584938,0.957828,0.9524531,0.9578707,0.95396924,0.9739862,0.9591443,0.950839,0.9510398,0.94521004,0.9483479,0.95681435,0.9322324,0.9639078,0.9480568,0.9578248,0.9587114,0.9492165,0.9395332,0.9547552,0.95784557,0.9496477,0.94786996,0.9538647,0.9523509,0.9739862,0.94366336,0.95555127,0.9546634,0.94742924
beachbummovie,0.9568373,0.9379578,0.9468883,0.92422587,0.9447444,0.9418885,0.9586945,0.95748484,0.97088045,0.94423926,0.9537016,0.92387635,0.94247156,0.94326717,0.9646687,0.9397052,0.94857466,0.9652641,0.94684047,0.99999994,0.94878244,0.95721847,0.9468856,0.951186,0.93413705,0.8296875,0.9438729,0.93734705,0.9511678,0.9296869,0.93968654,0.93406916,0.93775105,0.9391809,0.9169498,0.901478,0.9443815,0.9493445,0.95960367,0.93680716,0.9483362,0.95551944,0.9389883,0.9579175,0.9463964,0.95627797,0.94562864,0.9408529,0.9424546,0.9576847,0.9477931,0.9469153,0.9298088,0.95217806,0.94281995,0.95014304,0.94302315,0.94638145,0.9419745,0.94675726,0.9383851,0.9361559,0.949898,0.9551278,0.92985517,0.9329666,0.93057656,0.93840915,0.951351,0.9513961,0.9521148,0.6802633,0.93224186,0.9500152,0.93646836,0.94636565,0.89915645,0.9467148,0.93084836,0.95371425,0.9422075,0.9528059,0.95551866,0.934154,0.92994213,0.9364036,0.9366434,0.95836467,0.9485777,0.94385564,0.9475136,0.9521148,0.9568518,0.9425933,0.9455689,0.96142066,0.9373568,0.9715659,0.9504109,0.9336216,0.94432306,0.9584667,0.9372927,0.9589199,0.94686514,0.9441365,0.95957875,0.9475828,0.9297855,0.9367792,0.9637419,0.8593669,0.9516542,0.9042089,0.9430032,0.94582945,0.9621871,0.93917507,0.9425596,0.95122105,0.9487102,0.949577,0.9558358,0.93709594,0.9573209,0.95005393,0.94795066,0.9404058,0.9463975,0.9229191,0.96025294,0.95132834,0.95552516,0.9332697,0.9472208,0.9434371,0.94623196,0.9485628,0.9505984,0.955413,0.97088045,0.9488377,0.949213,0.9458682,0.95161295,0.94315064,0.94320273,0.9374034,0.95148295,0.950541,0.96145177,0.95049673,0.9524094,0.91758305,0.9373508,0.9505638,0.9341806,0.9329895,0.941443,0.9425408,0.97088045,0.94878125,0.94373465,0.94915015,0.95095605
bernadettefilm,0.97091585,0.9559335,0.9612951,0.9539103,0.95591867,0.9415767,0.95180535,0.9573001,0.9769637,0.9582841,0.962698,0.94058627,0.95384645,0.9727059,0.95725757,0.96045077,0.954081,0.95245993,0.95590574,0.94878244,1.0000002,0.9562121,0.9566512,0.95816374,0.95156544,0.8505648,0.9402461,0.9575454,0.95555955,0.9377598,0.9400378,0.9451579,0.9450216,0.94853395,0.9272664,0.93359303,0.9511368,0.9520242,0.96529955,0.9539782,0.9489282,0.9697626,0.95436263,0.9635039,0.95911473,0.9504912,0.9533922,0.949183,0.94989234,0.9634047,0.96203154,0.9627552,0.95284116,0.95633477,0.9316177,0.95751584,0.94946766,0.9641184,0.9572607,0.9650703,0.9383524,0.9568675,0.95576686,0.95348006,0.9406628,0.9521112,0.9440963,0.9607768,0.9675416,0.9439783,0.9657119,0.71727484,0.9592272,0.95957726,0.9380286,0.9546321,0.8919163,0.9637122,0.9463282,0.9495563,0.9471276,0.9561473,0.95537645,0.9458113,0.9556132,0.9470316,0.9520682,0.9577354,0.9579881,0.95407677,0.9371775,0.9657119,0.9564448,0.956771,0.95673907,0.9565715,0.9545016,0.95481896,0.9462733,0.94488186,0.95597637,0.9553109,0.93479365,0.96751934,0.96107864,0.9576638,0.96513087,0.95675904,0.9533314,0.9368584,0.9624284,0.869248,0.9651946,0.9339723,0.96335816,0.9595671,0.9702704,0.95069754,0.95923936,0.9502061,0.93836063,0.9667941,0.9500347,0.9431672,0.9592702,0.9571503,0.9464475,0.95470876,0.9590159,0.9195774,0.9755555,0.94906336,0.9567892,0.9354286,0.96446884,0.9414545,0.95603496,0.95402676,0.964686,0.95837045,0.9769637,0.9594873,0.9600798,0.9543643,0.94597566,0.96495265,0.9615896,0.9399613,0.9560337,0.9562679,0.9570215,0.96508485,0.94685185,0.9263821,0.949271,0.9591822,0.94249797,0.9578832,0.9544702,0.96450746,0.9769637,0.94868284,0.9622569,0.9537821,0.95798
