movie,21bridgesmovie,47metersdown,abeautifuldaymovie,abominablemovie,adastramovie,adogsjourneymovie,aftermathmovie,aftermovie,ahiddenlifefilm,alitamovie,angelhasfallen,angrybirdsmovie,annabellemovie,annamovie,apollo11movie,arcticdogsmovie,arcticmovie,artofracingmovie,avengers,beachbummovie,bernadettefilm,blackandbluemovie,blackchristmas,blindedbythelightmovie,bombshellmovie,booksmart,breakthroughmovie,brianbanksmovie,brightburnmovie,brittanyrunsmov,captainmarvelofficial,captivestatemovie,catsmovie,charliesangels,childsplaymovie,clarathefilm,coldpursuitmovie,countdown,currentwarmovie,darkwatersmovie,detectivepikachumovie,disneyaladdin,disneyfrozen,disneymaleficent,doctorsleepmovie,dolemiteismyname,dontletgomovie,doramovie,downtonabbey_official,dumbo,escaperoom,everybodyknowsmovie,fastandfuriousmovie,fightingwmyfam,fivefeetapartfilm,fordvferrari,freaksthefilm,geminimanmovie,glassmovie,gloriabellmovie,godzillamovie,goldfinchmovie,goodboysmovie,goodliarmovie,gretafilm,halathemovie,happydeathdaymovie,harrietfilm,hellboymovie,hersmellmovie,highlifemovie,highstrungmovie,honeyboymovie,hotelmumbaifilm,httydragon,hustlemovie,hustlersmovie,isntitromantic,itmovieofficial,jayandsilentbob,johnwickmovie,jojorabbitmovie,jokermovie,judythefilm,jumanjimovie,justmercyfilm,knivesout,lalloronamovie,lastblackmansf,lastchristmasthemovie,latenightmovie,lighthousemovie,lionking,littlethemovie,littlewomenmovie,littlewoodsfilm,longshotmovie,lordsofchaosmovie,lucyintheskyfilm,mamovie2019,marriagestory,meettheaddams,meninblack,midsommarmovie,midwaymovie,missbalamovie,missinglinkfilm,motherlessbklyn,onceinhollywood,onthebasisofsex,overcomermovie,peanutbutterfalcon,petsematarymovie,piercingmovie,playingwithfire,playmobilthemovie,pomsmovie,queenandslim,rambomovie,readyornotfilm,richardjewellfilm,rocketmanmovie,scarystoriesmovie,secretlifeofpets,serenityfilm,shaftmovie,shazammovie,spidermanmovie,spiesindisguise,starwars,stormboymovie,stubermovie,taosdfilm,teenspiritmov,terminator,theaeronautsmov,thebestofenemies,thedeaddontdie,thefarewell,thehighwaymen,thehummingbirdprojectfilm,theintrudermovie,theirishmanfilm,thekitchenmovie,thelegomovie,themustangfilm,thenightingalefilm,theprodigymovie,thesunisalsoastar,theupsidefilm,tolkienmovie,toystory,triplefrontier,uglydolls,uncutgems,underthesilverlake,usmovie,wavesmovie,whatmenwant,wonderparkmovie,wrinklestheclown,xmenmovies,yardiefilm,yesterdaymovie,zombieland
21bridgesmovie,1.0,0.95923316,0.95781624,0.9641288,0.96371883,0.9478353,0.97140604,0.9622493,0.97993785,0.96308845,0.9675476,0.95921916,0.9698486,0.97305447,0.9612451,0.96545917,0.9714003,0.9598022,0.97287244,0.9533509,0.96409774,0.9446501,0.9578615,0.9646744,0.9646438,0.889592,0.96109504,0.9741012,0.95917475,0.95307416,0.9599748,0.9568725,0.9493358,0.9606703,0.933284,0.90745664,0.96453774,0.9672952,0.96599215,0.9548225,0.95971185,0.95139694,0.94676864,0.9455248,0.9589832,0.9619026,0.957455,0.95604944,0.9541044,0.9523301,0.9719339,0.9662208,0.9686927,0.96105,0.95196664,0.96041614,0.96145993,0.96210796,0.96682614,0.9720241,0.9628545,0.9661523,0.9482674,0.96447,0.9658635,0.9581745,0.9479352,0.95331657,0.95457274,0.939701,0.9741344,0.6850918,0.961237,0.9613518,0.9561276,0.9585255,0.879567,0.9542996,0.9616013,0.9630382,0.97527486,0.9666388,0.96267164,0.9521386,0.95852053,0.96153754,0.95289963,0.97400993,0.9661719,0.9743739,0.95654243,0.9741344,0.95375943,0.9677917,0.96535766,0.9684596,0.9649924,0.97557104,0.95886546,0.96140724,0.95874316,0.9524471,0.9576797,0.9662953,0.96123475,0.96726394,0.9635261,0.95693165,0.9597859,0.96220994,0.9711266,0.785113,0.96117204,0.9116084,0.95841926,0.9776288,0.9907924,0.96891594,0.97510177,0.9725923,0.95978904,0.9513176,0.95834464,0.9403064,0.97271466,0.9691455,0.9582908,0.96595526,0.95568925,0.9424812,0.97302544,0.9606637,0.9716811,0.946166,0.9533472,0.9558281,0.9799475,0.95372427,0.9695397,0.96568817,0.97993785,0.96278495,0.95913994,0.95234025,0.96781915,0.95844746,0.9512122,0.9568724,0.9641683,0.979355,0.96590596,0.95759296,0.9649263,0.9519081,0.94684654,0.9650281,0.95160115,0.9695477,0.9727473,0.95103055,0.97993785,0.95817375,0.9667514,0.9614447,0.9724551
47metersdown,0.95923316,1.0,0.97288,0.95462453,0.9596149,0.9434791,0.971876,0.96201575,0.9806753,0.95467764,0.96770847,0.9500556,0.97114116,0.9685041,0.97391784,0.96954834,0.96020395,0.9569331,0.9593581,0.96715945,0.9638496,0.96246964,0.95879513,0.9603141,0.9611511,0.86256963,0.96759236,0.96157306,0.9544509,0.9534913,0.96500015,0.9622021,0.9495985,0.9396985,0.924762,0.90401655,0.9709287,0.9514059,0.96662956,0.9552653,0.96734405,0.9482529,0.95261884,0.9454297,0.96696484,0.9689115,0.9575837,0.9550936,0.9665271,0.95534277,0.96159357,0.9640473,0.9702042,0.9686185,0.966403,0.9655664,0.9645503,0.9684902,0.9699522,0.9622346,0.95924705,0.96304315,0.9541219,0.9678294,0.96254295,0.9586955,0.9554606,0.9512713,0.95964754,0.94933677,0.9736975,0.6643351,0.95925975,0.96028954,0.9485775,0.9567323,0.8410544,0.95589226,0.9564,0.94801176,0.9703245,0.9737411,0.9637276,0.95504385,0.952544,0.9697131,0.9561202,0.97501284,0.9612652,0.96690726,0.9685172,0.9736975,0.95866334,0.95406413,0.9562626,0.9752656,0.96465707,0.9680686,0.96109545,0.9539392,0.96942896,0.956882,0.9500368,0.9706568,0.9582677,0.9674132,0.9693672,0.9630048,0.9588003,0.9523673,0.97920984,0.79068375,0.9696747,0.9020609,0.9539466,0.9655427,0.96210474,0.96138775,0.9730819,0.96750516,0.96784586,0.9600887,0.9617905,0.92709243,0.97298974,0.96631044,0.96435654,0.9535061,0.9622809,0.9481752,0.9713726,0.9612337,0.9613228,0.9292234,0.96417344,0.9584326,0.95050037,0.9504472,0.96852213,0.9637345,0.9806753,0.96438867,0.95894,0.9574331,0.95852715,0.9688328,0.9510997,0.95823455,0.97062075,0.9557335,0.9659417,0.9708354,0.9608259,0.9309253,0.96344817,0.9723441,0.9613892,0.968506,0.96702653,0.96471953,0.9806753,0.94998467,0.9588205,0.9662176,0.95911735
abeautifuldaymovie,0.95781624,0.97288,1.0000001,0.9648323,0.97250205,0.9636592,0.977074,0.973709,0.9863085,0.96971685,0.9677002,0.9774053,0.9814831,0.9736681,0.97640485,0.9792216,0.9774222,0.96451503,0.9744266,0.9715456,0.9743864,0.9805669,0.97320575,0.96638215,0.969177,0.88050455,0.97166353,0.9753664,0.9856011,0.9696527,0.9726077,0.9677198,0.95799947,0.96622115,0.9415264,0.92660415,0.97025335,0.9581035,0.97266775,0.9547315,0.96890527,0.96379477,0.9586282,0.95656025,0.97537905,0.974575,0.9697958,0.9680552,0.96657914,0.9680435,0.98361313,0.97298133,0.9770488,0.9772074,0.9619076,0.96752226,0.96834683,0.9733412,0.97010916,0.97443515,0.9685728,0.9704342,0.9675342,0.97510684,0.9704357,0.96098876,0.9748222,0.9530046,0.96483773,0.95835173,0.9796698,0.6817875,0.9600334,0.9722961,0.9618413,0.95616245,0.8593329,0.9599698,0.9569402,0.95088553,0.9689694,0.9754019,0.9703867,0.9611728,0.9747142,0.9697328,0.96273226,0.98254067,0.9629228,0.97147894,0.97335804,0.9796698,0.9638386,0.96312827,0.98249996,0.97282946,0.9684126,0.9744156,0.97467756,0.9656838,0.96211827,0.9711803,0.97087204,0.97396594,0.9691658,0.9861586,0.9769524,0.98166263,0.974446,0.96506965,0.98130476,0.7992746,0.97777164,0.931209,0.97052443,0.96720505,0.9588409,0.96865577,0.971986,0.9697163,0.9716285,0.9675683,0.96473694,0.95591503,0.97290283,0.9747899,0.96780473,0.96818584,0.9687891,0.9643169,0.97648215,0.9691161,0.96851397,0.9238106,0.9738667,0.97141,0.9440013,0.9471228,0.9783061,0.9652025,0.9863085,0.9838556,0.9678425,0.974593,0.9719203,0.9763228,0.96172845,0.96860206,0.97999334,0.9547538,0.96947503,0.9830323,0.9741491,0.93158406,0.96721464,0.9710481,0.9741741,0.9786344,0.9789658,0.9672287,0.9863085,0.9583287,0.9716442,0.9688416,0.97450423
abominablemovie,0.9641288,0.95462453,0.9648323,1.0,0.96877545,0.9404258,0.95768166,0.962538,0.9786691,0.9661253,0.96492237,0.96580714,0.9750912,0.9575834,0.9607758,0.9639523,0.966841,0.95284224,0.97027135,0.95539945,0.96162784,0.95405746,0.950605,0.9572748,0.9493945,0.8813326,0.9667814,0.95881724,0.9637545,0.9606813,0.9599227,0.95584214,0.93471026,0.96385956,0.9558065,0.9315696,0.9570715,0.9658414,0.962034,0.94348973,0.9677766,0.9600252,0.9521303,0.95444983,0.96465206,0.9719674,0.9480368,0.9555698,0.9466918,0.9641662,0.9675643,0.9627513,0.97579324,0.954244,0.96551454,0.9569643,0.9485591,0.9600387,0.9691435,0.96512884,0.9745848,0.9688515,0.9684849,0.95412886,0.9569743,0.96330565,0.961698,0.9513915,0.9432239,0.9435325,0.9668898,0.69763243,0.94760966,0.9595365,0.95967907,0.9430347,0.89003164,0.94779414,0.9487086,0.9619785,0.95207006,0.96527714,0.96343666,0.94819313,0.97279227,0.948221,0.9601704,0.9693155,0.9598365,0.9632731,0.95816916,0.9668898,0.95399797,0.95916367,0.962264,0.9628651,0.95693874,0.9598612,0.95580477,0.9628659,0.96121585,0.9604285,0.95722556,0.9550218,0.9633218,0.9665218,0.96823615,0.96698827,0.95499825,0.9611583,0.9622856,0.7959148,0.96084046,0.9369784,0.9552248,0.9539141,0.9614372,0.9564351,0.9611677,0.96081436,0.96259546,0.9476965,0.9675948,0.94311213,0.964542,0.9638481,0.9630297,0.96304584,0.9656457,0.94495183,0.96269315,0.9662979,0.955495,0.91990584,0.9551195,0.9576417,0.9517253,0.94551927,0.9717083,0.96558607,0.9786691,0.96303344,0.9658364,0.95443577,0.97086805,0.9534699,0.9637333,0.966358,0.96661127,0.95313805,0.9518504,0.95969784,0.96310943,0.9452102,0.95015496,0.951129,0.952499,0.9602344,0.9617468,0.9341536,0.9786691,0.95230144,0.96030414,0.9467567,0.9718228
adastramovie,0.96371883,0.9596149,0.97250205,0.96877545,1.0000001,0.95814687,0.9655315,0.97148687,0.9850276,0.9777704,0.9660986,0.964276,0.9738076,0.9697063,0.97046703,0.9719175,0.97880405,0.98204595,0.96970785,0.96310776,0.9661239,0.96373194,0.97097784,0.9633294,0.95346814,0.90273863,0.98064125,0.9718048,0.96280026,0.96101856,0.9698626,0.9681839,0.9619854,0.96399283,0.9455732,0.9329022,0.96718735,0.9530676,0.9780198,0.94669616,0.9679715,0.9763355,0.9644305,0.96571994,0.9744045,0.9740805,0.9694793,0.9682236,0.96678764,0.9746892,0.9653427,0.9767576,0.9704532,0.9575449,0.95681536,0.97872704,0.96982145,0.9785037,0.9753969,0.97104263,0.9748609,0.9725571,0.9739261,0.9654693,0.9719253,0.97225296,0.9626573,0.9582125,0.96603495,0.9585467,0.97603065,0.6962158,0.95237446,0.9701882,0.9524952,0.96239585,0.875932,0.9562924,0.96077174,0.96285874,0.96655446,0.9673622,0.977593,0.95729524,0.96319956,0.96559983,0.96176,0.9749894,0.9618773,0.96432924,0.96387446,0.97603065,0.96053565,0.96812385,0.96298337,0.9663537,0.9581435,0.9718429,0.9681071,0.9652225,0.96909297,0.96414214,0.9630532,0.9602822,0.9672053,0.96279985,0.96955353,0.9662886,0.96922857,0.9663514,0.9689661,0.79828954,0.9659762,0.9342358,0.9750745,0.96044785,0.963819,0.95935667,0.96985716,0.9662051,0.96981984,0.9699121,0.96976066,0.94594836,0.97441965,0.97888637,0.9723283,0.9657833,0.98678917,0.95225006,0.9573543,0.9822133,0.9710393,0.94329095,0.96998256,0.96465206,0.95423955,0.9530808,0.9783593,0.9730128,0.9850276,0.9682257,0.96597457,0.9623236,0.9742397,0.96469414,0.97155297,0.95620894,0.9704624,0.9604438,0.9635136,0.9714385,0.9673804,0.9480443,0.96322244,0.9619815,0.96783704,0.97136724,0.97727203,0.96116406,0.9850276,0.96906984,0.962083,0.97139674,0.96783143
adogsjourneymovie,0.9478353,0.9434791,0.9636592,0.9404258,0.95814687,1.0000001,0.95927036,0.96258205,0.9706935,0.9487814,0.94935393,0.951278,0.96544164,0.95461303,0.9615458,0.9506606,0.95726776,0.9414893,0.9603131,0.9478782,0.9559574,0.9632074,0.9708267,0.96963227,0.9465569,0.86503714,0.9559787,0.95176834,0.96205634,0.95004,0.9527025,0.9660816,0.9467329,0.9571134,0.9364794,0.9233442,0.9531219,0.9482864,0.9563492,0.95250434,0.9511521,0.9655653,0.95300186,0.94812596,0.9509663,0.96051353,0.9687422,0.9558619,0.9462184,0.958603,0.96436316,0.9640394,0.96281105,0.94956684,0.94593894,0.94698685,0.9617274,0.9648706,0.95396644,0.9637226,0.9542303,0.96532345,0.9608793,0.94780767,0.95496583,0.95770663,0.9656754,0.94525236,0.9553176,0.9562874,0.96577924,0.70890105,0.94359416,0.9572637,0.9477159,0.93979716,0.8499635,0.9400959,0.9410144,0.9494586,0.9645833,0.9514652,0.9510236,0.94981843,0.95285714,0.95317745,0.9427585,0.9663673,0.95508707,0.94468474,0.9622778,0.96577924,0.9489869,0.9455263,0.9535033,0.9549074,0.94979984,0.9573298,0.9490673,0.96018267,0.9514123,0.96667844,0.95583606,0.95929724,0.9533661,0.95962334,0.95694864,0.95651734,0.95066553,0.9532304,0.95330334,0.7905853,0.95215434,0.91255915,0.9616427,0.9464824,0.9416234,0.9563127,0.9566723,0.9521099,0.9539936,0.96682924,0.95423186,0.97752285,0.9627197,0.96195817,0.9573615,0.95234126,0.95711917,0.93093,0.9489814,0.9507225,0.9518345,0.9195999,0.951439,0.95678186,0.9272578,0.9506372,0.9648454,0.95363677,0.9706935,0.9639335,0.95523703,0.94574815,0.9590047,0.9633541,0.94849694,0.9499437,0.94367844,0.93918073,0.9614244,0.9631721,0.9548442,0.93319565,0.9442959,0.9556533,0.9566074,0.9641298,0.9571619,0.9464898,0.9706935,0.9374527,0.95213735,0.96227807,0.9626679
aftermathmovie,0.97140604,0.971876,0.977074,0.95768166,0.9655315,0.95927036,1.0000002,0.97023386,0.9881013,0.9647477,0.97770005,0.9601502,0.9821185,0.96960557,0.97438747,0.9764226,0.98131996,0.96156543,0.9758162,0.9718411,0.970948,0.9736884,0.9749583,0.9779545,0.9662776,0.8878564,0.97451544,0.9798626,0.9674856,0.9633037,0.969644,0.9764389,0.95671344,0.96346784,0.9400845,0.9098028,0.9800847,0.96470785,0.97731525,0.9628318,0.969444,0.9647956,0.9650024,0.96937144,0.9652878,0.97510034,0.971904,0.9700386,0.9684938,0.9710975,0.9757148,0.97511476,0.9755349,0.97829556,0.96120775,0.9647519,0.9739082,0.97326565,0.9748855,0.9814026,0.9730539,0.9752698,0.9563515,0.97169006,0.9697527,0.97206104,0.9664667,0.9606381,0.95708925,0.9527821,0.98219943,0.69509846,0.9623699,0.97605234,0.9627943,0.9591335,0.8583683,0.9623068,0.9687296,0.9554252,0.9746015,0.9835116,0.9673553,0.96756786,0.96033406,0.97662437,0.95922107,0.98276824,0.9797125,0.97796386,0.9744321,0.98219943,0.96771413,0.9691213,0.97418654,0.9730418,0.96786374,0.9844908,0.9822651,0.9632164,0.97244805,0.96909326,0.9599275,0.98005146,0.96394765,0.9769838,0.97262347,0.974592,0.9708026,0.96759444,0.9774002,0.787431,0.9722368,0.917292,0.9687143,0.9763126,0.97103775,0.9726445,0.9806572,0.99370474,0.97685546,0.9679753,0.97430146,0.94980425,0.97300404,0.97507495,0.96391666,0.9613447,0.96604556,0.9657243,0.9776127,0.9666127,0.9847087,0.9556707,0.97022307,0.96838117,0.96000594,0.95720446,0.97725964,0.9755176,0.9881013,0.97161967,0.970328,0.9674919,0.96763295,0.9754118,0.95622134,0.9625248,0.97778136,0.9697849,0.98773277,0.98369867,0.9776249,0.95007306,0.96374196,0.9783547,0.96980464,0.9834969,0.9798563,0.9708619,0.9881013,0.95459855,0.9744501,0.97439444,0.97161543
aftermovie,0.9622493,0.96201575,0.973709,0.962538,0.97148687,0.96258205,0.97023386,1.0000001,0.9818848,0.9739349,0.96169657,0.96981996,0.9724232,0.9682533,0.97370034,0.96804005,0.97733897,0.9578356,0.9682343,0.9574184,0.96697557,0.96513325,0.97342145,0.96793145,0.95872504,0.88956547,0.96419275,0.9690453,0.97095954,0.9628297,0.96159524,0.96799666,0.9604061,0.97107,0.93812484,0.921974,0.9710993,0.9577824,0.9717918,0.95936924,0.9546455,0.9700926,0.9528347,0.9595256,0.9656984,0.9689669,0.9707112,0.9617204,0.9648468,0.9695217,0.973985,0.9762571,0.97375375,0.9687747,0.9528064,0.97217697,0.96512544,0.97084546,0.9719323,0.9751853,0.9695685,0.9771334,0.9726454,0.9643471,0.96690416,0.9640464,0.96367145,0.9576948,0.95185304,0.9558665,0.9787085,0.6888798,0.96006846,0.9709748,0.96177334,0.959339,0.88065505,0.9683986,0.9613269,0.95115024,0.9615764,0.9694572,0.9626317,0.95829916,0.96602577,0.9642194,0.9580529,0.9755432,0.9654207,0.9666739,0.97244984,0.9787085,0.9636967,0.9661733,0.97207046,0.9728824,0.9622985,0.963744,0.96217954,0.96746796,0.9586951,0.96666145,0.96342593,0.9718726,0.96607536,0.97384185,0.96939474,0.96532536,0.9699039,0.96538454,0.96785635,0.7933253,0.9676001,0.93021476,0.9667027,0.9594217,0.957317,0.9638902,0.9665164,0.97042006,0.964717,0.96682715,0.9586743,0.953132,0.97292036,0.96999866,0.9705931,0.9623588,0.96765965,0.9472785,0.9711585,0.96845174,0.9647514,0.9309558,0.9625982,0.96590304,0.9392422,0.9508528,0.97968924,0.96393543,0.9818848,0.97229546,0.9645126,0.9638783,0.96791506,0.97230977,0.9523917,0.96006733,0.9614822,0.9495499,0.97010833,0.9721612,0.9621664,0.9577818,0.9693589,0.9657709,0.9753316,0.97552156,0.9744529,0.9559681,0.9818848,0.952771,0.97027236,0.9732405,0.96621823
ahiddenlifefilm,0.97993785,0.9806753,0.9863085,0.9786691,0.9850276,0.9706935,0.9881013,0.9818848,1.0000001,0.9808063,0.98471266,0.977229,0.99047846,0.98511326,0.9850974,0.9858992,0.9869042,0.9786855,0.9852004,0.9753406,0.9818072,0.97952306,0.9860075,0.98509943,0.9759012,0.9018572,0.9860255,0.9849416,0.9802985,0.97595006,0.98233414,0.9819559,0.9748524,0.9765721,0.9633957,0.93226385,0.9857753,0.9763529,0.98704684,0.9718326,0.9828687,0.97962517,0.9754028,0.9752233,0.9824133,0.98830867,0.98426765,0.97842705,0.9807408,0.98072636,0.98605335,0.9883349,0.9856574,0.9783718,0.9769283,0.98045933,0.9796255,0.9872617,0.9834627,0.9883858,0.98499566,0.98639745,0.9791527,0.9839392,0.9822373,0.9823067,0.975945,0.97330934,0.97494537,0.9687154,0.99273324,0.7099044,0.97213304,0.9810269,0.9726957,0.9713606,0.88749677,0.9754597,0.9759016,0.9726474,0.98447526,0.98845524,0.98669934,0.97695214,0.9782364,0.9806637,0.9754521,0.98838854,0.98416555,0.9861305,0.98440033,0.99273324,0.978375,0.9815303,0.9824028,0.98224515,0.977845,0.9880946,0.98443913,0.9807558,0.9813689,0.9758065,0.9744267,0.9853494,0.9786511,0.98514515,0.9852757,0.98442787,0.98161143,0.9802403,0.98599887,0.8058444,0.98394054,0.9358076,0.98236036,0.9821338,0.9804693,0.9831148,0.98609734,0.98526496,0.9863501,0.98121125,0.98357445,0.96208745,0.98824483,0.98770505,0.9792888,0.979394,0.9823298,0.9678088,0.9836247,0.98250395,0.98566663,0.9557127,0.9836361,0.9792165,0.9711202,0.97195923,0.9900577,0.98394203,1.0000001,0.9827524,0.9811405,0.9780874,0.983854,0.98444974,0.9723866,0.9810427,0.9847057,0.9762151,0.98128986,0.98621154,0.983108,0.9570933,0.97550005,0.9852191,0.9807026,0.98903847,0.9889256,0.97510564,1.0000001,0.97212243,0.9829802,0.98391455,0.9851894
alitamovie,0.96308845,0.95467764,0.96971685,0.9661253,0.9777704,0.9487814,0.9647477,0.9739349,0.9808063,0.9999999,0.9672689,0.968327,0.97005045,0.9715752,0.96825963,0.9701777,0.97556347,0.9680706,0.9654566,0.9558852,0.96712,0.9588047,0.9676419,0.9610722,0.9577223,0.8840643,0.97175676,0.97007495,0.96958715,0.96699804,0.9657226,0.95689094,0.9660838,0.9629443,0.9360117,0.9118125,0.9667495,0.9629609,0.9706024,0.93831,0.965818,0.96544516,0.95046973,0.95797515,0.9687376,0.97233284,0.9680813,0.974026,0.95915025,0.9619665,0.97233284,0.9667777,0.96415526,0.95310503,0.94984025,0.9738807,0.9572273,0.9747776,0.96348757,0.96646124,0.9678719,0.96634257,0.96168584,0.96667165,0.9599831,0.9663282,0.95600915,0.9520078,0.95112145,0.9532194,0.97170067,0.70023376,0.9535006,0.9613486,0.95424116,0.95555025,0.8713816,0.9637925,0.9646334,0.95673066,0.96259946,0.9639767,0.97304434,0.94855165,0.9591772,0.9567518,0.9641472,0.9705249,0.96346456,0.96728426,0.97368443,0.97170067,0.9550137,0.9696218,0.963907,0.9633123,0.95836216,0.9651402,0.9585103,0.9650589,0.9620073,0.9599395,0.96006894,0.9593031,0.9775478,0.9685839,0.9645867,0.9626141,0.9608719,0.96235085,0.9708828,0.7883379,0.9684114,0.9251647,0.9746164,0.9634183,0.9661489,0.95970136,0.9639834,0.96473277,0.96974546,0.9636276,0.96135837,0.93961704,0.96970016,0.9723239,0.96599895,0.96783096,0.97167706,0.95248234,0.9635723,0.97848445,0.9629745,0.9386832,0.97185653,0.97258115,0.9549127,0.95134014,0.97432685,0.9736608,0.9808063,0.9677306,0.959466,0.9707736,0.97542626,0.9638591,0.9590997,0.9517175,0.96919364,0.95917,0.9625664,0.95893997,0.9696849,0.9515912,0.959375,0.9580898,0.96843106,0.9678025,0.97734135,0.96066755,0.9808063,0.9655672,0.96802306,0.961843,0.970848
angelhasfallen,0.9675476,0.96770847,0.9677002,0.96492237,0.9660986,0.94935393,0.97770005,0.96169657,0.98471266,0.9672689,1.0,0.96304417,0.978076,0.96922153,0.96938664,0.97017056,0.9760461,0.9642069,0.9691787,0.9641602,0.9686796,0.95761156,0.9686183,0.9674953,0.957065,0.8849008,0.9633566,0.9640236,0.9573755,0.9674655,0.97263503,0.9605604,0.959707,0.95727646,0.9474488,0.91261417,0.9746263,0.95949394,0.97055316,0.9505523,0.9769994,0.9672119,0.9725609,0.96370566,0.9687602,0.9812027,0.966367,0.97005635,0.9636128,0.97113514,0.96556437,0.96983993,0.96915406,0.9647376,0.9679812,0.96035504,0.9582938,0.9725612,0.96449494,0.9709502,0.9726453,0.97173625,0.9633759,0.9708224,0.96366906,0.97395384,0.9648049,0.9597314,0.9645875,0.94815385,0.9767594,0.7025258,0.94983524,0.9539723,0.9672489,0.9564181,0.87579834,0.95902467,0.96490973,0.9598095,0.97484595,0.9774704,0.9776292,0.9593746,0.96353817,0.969134,0.97149366,0.9749665,0.9747833,0.9811028,0.9748033,0.9767594,0.97361296,0.9749849,0.9659642,0.9654512,0.97646487,0.97563744,0.9763981,0.96554637,0.9774331,0.9621304,0.95382005,0.9676291,0.96740395,0.96595746,0.964399,0.97414315,0.9531535,0.9625635,0.9684707,0.7999348,0.96676064,0.9106669,0.96804476,0.9727278,0.96781427,0.97277004,0.97016793,0.97579664,0.97501063,0.96288055,0.9815896,0.93574303,0.9813291,0.97089165,0.96618825,0.9644118,0.96423864,0.97287494,0.9639487,0.97108513,0.9786567,0.94199705,0.96280223,0.9698417,0.96817875,0.965289,0.9761863,0.97653115,0.98471266,0.95468086,0.97657496,0.96571845,0.9672885,0.9631075,0.95281607,0.9666971,0.9786454,0.96465546,0.9705799,0.9750736,0.9793313,0.94488424,0.9573881,0.9670379,0.96624225,0.9749497,0.9771784,0.9514524,0.98471266,0.9569129,0.96948683,0.96273196,0.964785
angrybirdsmovie,0.95921916,0.9500556,0.9774053,0.96580714,0.964276,0.951278,0.9601502,0.96981996,0.977229,0.968327,0.96304417,0.9999999,0.96977746,0.9666956,0.95644855,0.9689884,0.96688586,0.95850146,0.96010405,0.93952984,0.97055817,0.95515287,0.9648109,0.9554775,0.95589495,0.8711052,0.9555746,0.9639348,0.9775368,0.96684825,0.96082765,0.9498427,0.95392483,0.9710389,0.94517714,0.9263757,0.9502271,0.96483386,0.9644158,0.94684136,0.9563469,0.96010876,0.9429093,0.9542676,0.9651038,0.9637596,0.9623222,0.9577915,0.95657873,0.96060276,0.97860676,0.9673489,0.96545106,0.9610082,0.94152385,0.95962876,0.9557687,0.96334887,0.9575322,0.96569824,0.9641288,0.9677068,0.9678961,0.9660093,0.9624434,0.94906384,0.96650296,0.9526777,0.94968843,0.93695956,0.9715626,0.7013344,0.9505096,0.95673525,0.96101546,0.9529233,0.8910829,0.958416,0.95252407,0.94566494,0.959189,0.970933,0.9662871,0.95235574,0.9729682,0.9584417,0.96271724,0.9722643,0.96000636,0.96291274,0.96352357,0.9715626,0.96103823,0.9601804,0.97126997,0.95739245,0.9665905,0.9567454,0.96573406,0.9724574,0.94616765,0.95546186,0.9624124,0.96361566,0.96810675,0.97696203,0.96571404,0.97054106,0.9640512,0.958322,0.966664,0.813966,0.96251184,0.9382256,0.96839356,0.96110797,0.9617064,0.95860165,0.95904505,0.95539653,0.9644024,0.9591758,0.95150656,0.94897306,0.9622054,0.9623866,0.96869713,0.96868914,0.95404613,0.9485946,0.9655384,0.9666362,0.9550877,0.9189774,0.95867515,0.96313876,0.9468234,0.9399514,0.9730272,0.9542845,0.977229,0.967649,0.9610967,0.97233003,0.97189176,0.96273994,0.9612506,0.9651919,0.96999437,0.9578497,0.95791465,0.9617841,0.9653806,0.9424217,0.95633644,0.9636461,0.9658647,0.9690037,0.9681533,0.94447094,0.977229,0.95561105,0.9659021,0.95988566,0.97003627
annabellemovie,0.9698486,0.97114116,0.9814831,0.9750912,0.9738076,0.96544164,0.9821185,0.9724232,0.99047846,0.97005045,0.978076,0.96977746,1.0,0.9733504,0.9784665,0.9805396,0.9790089,0.9640665,0.97429836,0.97238475,0.97357637,0.97108924,0.97510546,0.9766705,0.9619019,0.89959985,0.9757746,0.97254837,0.9747854,0.9664877,0.97024304,0.9718343,0.9588006,0.96778464,0.9568869,0.93039894,0.9765523,0.9797525,0.9796922,0.95793855,0.9781402,0.97361946,0.96884125,0.9724767,0.97016436,0.9852066,0.97437775,0.9692415,0.9725345,0.9781496,0.978636,0.9756202,0.9826409,0.9731639,0.97068477,0.9655329,0.9703702,0.97291154,0.97600836,0.9742867,0.981482,0.97259486,0.97133684,0.9745818,0.96864593,0.9754842,0.9727649,0.95827496,0.96799624,0.9564186,0.97983384,0.7069106,0.9599103,0.9743213,0.96487033,0.9565288,0.8646252,0.9586747,0.95922863,0.9618386,0.96994853,0.98599327,0.97582537,0.9636004,0.97757035,0.9702856,0.9680964,0.99037194,0.9716583,0.97615886,0.9751999,0.97983384,0.968364,0.9682954,0.9730756,0.96831584,0.9673782,0.98360735,0.9773922,0.97062975,0.9755202,0.9692866,0.9658942,0.9737946,0.97331053,0.9784664,0.97411066,0.98279697,0.97268635,0.96995735,0.9802915,0.7882197,0.972779,0.9355852,0.9716272,0.96709967,0.97453666,0.9715759,0.9726442,0.9796354,0.98041004,0.97042996,0.9780241,0.9574784,0.9778023,0.9776514,0.972462,0.9651901,0.9716183,0.9602731,0.97775024,0.97141045,0.97634685,0.9452761,0.97112125,0.9644084,0.96113026,0.9615724,0.97801214,0.9769925,0.99047846,0.97757614,0.97838086,0.9669119,0.97936547,0.974728,0.969312,0.9734076,0.978503,0.96338886,0.9733308,0.9837828,0.9768731,0.9486209,0.955657,0.96987087,0.9779275,0.9792278,0.97735727,0.95985466,0.99047846,0.9563549,0.9669649,0.9724467,0.97755957
annamovie,0.97305447,0.9685041,0.9736681,0.9575834,0.9697063,0.95461303,0.96960557,0.9682533,0.98511326,0.9715752,0.96922153,0.9666956,0.9733504,1.0000001,0.97336924,0.9741597,0.9728854,0.96552646,0.97129,0.9599013,0.96492594,0.9601436,0.97273856,0.97029316,0.9756842,0.8931452,0.97462255,0.9763393,0.97025794,0.9597884,0.9692405,0.9663395,0.9675049,0.97061765,0.93406427,0.90328324,0.9749856,0.96259314,0.9694916,0.959283,0.9721413,0.96030796,0.94878536,0.95218664,0.96443665,0.9706354,0.9717422,0.9652152,0.965085,0.95806646,0.97405124,0.9748695,0.96768105,0.96299803,0.9598636,0.9675498,0.9758708,0.9751288,0.9711908,0.9691258,0.96529734,0.96830153,0.9548435,0.98436856,0.9702413,0.95962006,0.9595728,0.9652174,0.96830726,0.95187145,0.97514284,0.70616573,0.957177,0.95884025,0.9436069,0.96707994,0.8799498,0.9700124,0.9657814,0.95325845,0.9768076,0.97139066,0.9724454,0.9591798,0.95880616,0.97468066,0.9616191,0.976299,0.97301614,0.97645855,0.9719092,0.97514284,0.95499545,0.97024834,0.96975356,0.96865594,0.9666536,0.9788638,0.9703896,0.97102636,0.96490943,0.9600916,0.9599753,0.96773565,0.97598463,0.971768,0.96262056,0.9727549,0.9691909,0.9637691,0.9740566,0.8001908,0.9686439,0.899546,0.9706949,0.97730505,0.97643214,0.9649031,0.9768005,0.9693396,0.9739014,0.9677396,0.96357125,0.944261,0.9742954,0.9726943,0.9667577,0.9614172,0.96653956,0.94835687,0.97343045,0.964403,0.974355,0.949342,0.97046196,0.96371347,0.9652503,0.95225483,0.97253186,0.97139925,0.98511326,0.9686276,0.959759,0.9687591,0.9722035,0.9733032,0.9505819,0.9599058,0.9744167,0.97072124,0.962227,0.96283835,0.96847856,0.945903,0.9545357,0.9702646,0.9694145,0.9701856,0.97552586,0.9580271,0.98511326,0.9589862,0.9713528,0.96982414,0.97335446
apollo11movie,0.9612451,0.97391784,0.97640485,0.9607758,0.97046703,0.9615458,0.97438747,0.97370034,0.9850974,0.96825963,0.96938664,0.95644855,0.9784665,0.97336924,1.0000001,0.96611714,0.9745135,0.96744764,0.9728369,0.9789295,0.9747496,0.96935683,0.9746017,0.9794323,0.961938,0.89316446,0.97160155,0.9688498,0.96792185,0.9644029,0.96265626,0.975351,0.9608432,0.96166056,0.93500924,0.9064901,0.96852005,0.9556046,0.96692926,0.9622203,0.969201,0.9688219,0.96398205,0.96633524,0.96688664,0.97655326,0.97225326,0.9669233,0.96600497,0.9736037,0.97397375,0.97615576,0.9743811,0.9643202,0.9620471,0.95808387,0.96282303,0.9764051,0.9744209,0.9739175,0.96928644,0.9709182,0.9747672,0.9646066,0.96531606,0.9655644,0.9620532,0.96434116,0.95781946,0.9563135,0.98069805,0.67537016,0.9509866,0.9760505,0.94970083,0.9629966,0.85082614,0.95552593,0.9599571,0.952339,0.9668303,0.9717653,0.96400726,0.9621824,0.9674393,0.9701856,0.95900536,0.97774285,0.96705896,0.97681296,0.9704792,0.98069805,0.96840006,0.96287763,0.96497875,0.98168665,0.9683394,0.97727185,0.9648272,0.96068144,0.9667601,0.971652,0.95919764,0.9742027,0.96874344,0.97351694,0.9677999,0.96729815,0.9629917,0.9647933,0.97756624,0.7773317,0.97282064,0.9192227,0.9713763,0.96134424,0.96042323,0.96684885,0.9736452,0.975765,0.9734062,0.9675029,0.9657926,0.9529486,0.97542405,0.97919655,0.970278,0.9565811,0.9710755,0.9502041,0.97550654,0.97024995,0.97209126,0.9364012,0.97524565,0.9668748,0.9495302,0.9586985,0.9788136,0.9785432,0.9850974,0.9711796,0.96784735,0.9598103,0.96456856,0.9722678,0.9587214,0.96202105,0.9657091,0.96334165,0.96502185,0.9763089,0.96525496,0.9470976,0.9666387,0.9722407,0.97183317,0.9767986,0.97244257,0.9597576,0.9850974,0.9549579,0.96595705,0.97537893,0.9709012
arcticdogsmovie,0.96545917,0.96954834,0.9792216,0.9639523,0.9719175,0.9506606,0.9764226,0.96804005,0.9858992,0.9701777,0.97017056,0.9689884,0.9805396,0.9741597,0.96611714,1.0,0.9769441,0.96822345,0.97295815,0.9561308,0.9711104,0.96740466,0.97444373,0.9652827,0.9624069,0.88260204,0.97658986,0.9741372,0.97689617,0.95954454,0.9687904,0.96737903,0.9626901,0.9656097,0.94502795,0.92347974,0.97374606,0.9681862,0.97832596,0.9490296,0.9632318,0.9609706,0.9502777,0.9554806,0.97129405,0.9809915,0.97245866,0.9661459,0.97542304,0.9605868,0.9746726,0.97336537,0.97273874,0.9692864,0.96193945,0.97745985,0.9630734,0.97321767,0.9643605,0.96710926,0.965834,0.9651583,0.96000934,0.9744972,0.975331,0.9647006,0.9648036,0.95608866,0.9601509,0.95764124,0.9732259,0.6990868,0.9687743,0.9709602,0.962567,0.95387316,0.8630582,0.96261615,0.959721,0.9501788,0.9756674,0.98009104,0.97232515,0.96165633,0.9645358,0.967984,0.97152996,0.97870284,0.96894747,0.97319824,0.97141147,0.9732259,0.9658922,0.9668282,0.9719065,0.9609746,0.96566695,0.9748569,0.9718172,0.9666907,0.973044,0.96426445,0.96493053,0.9663714,0.96385664,0.97269183,0.96832794,0.98069185,0.9713871,0.958946,0.97582567,0.79371804,0.973493,0.92096084,0.97297853,0.9642541,0.96841997,0.9686855,0.9771488,0.96982676,0.97339684,0.9669415,0.9650445,0.9345318,0.96848345,0.9686426,0.9614676,0.96470654,0.9750244,0.9580916,0.9712846,0.96760195,0.97611487,0.95075804,0.96949255,0.9655952,0.9563241,0.95607865,0.9730842,0.96844757,0.9858992,0.97136444,0.97461486,0.9743459,0.9740323,0.9730974,0.96102124,0.96884,0.9820142,0.952083,0.9664809,0.9731841,0.9713419,0.9461482,0.9562533,0.97325,0.97453046,0.9719611,0.97964656,0.9644397,0.9858992,0.9503722,0.9672401,0.9740573,0.96751887
arcticmovie,0.9714003,0.96020395,0.9774222,0.966841,0.97880405,0.95726776,0.98131996,0.97733897,0.9869042,0.97556347,0.9760461,0.96688586,0.9790089,0.9728854,0.9745135,0.9769441,0.99999976,0.96772,0.97738945,0.9637574,0.9752721,0.9693433,0.9724143,0.97382885,0.96048945,0.90668124,0.9780382,0.9872743,0.9734989,0.9686656,0.9683521,0.9705697,0.957169,0.975005,0.945716,0.9284102,0.97757167,0.9631499,0.9792929,0.95113283,0.9690468,0.97233045,0.9616939,0.9619297,0.968921,0.978579,0.96892166,0.9682465,0.9666996,0.96849215,0.9732665,0.9744103,0.9826811,0.96782327,0.9634396,0.97085303,0.96730775,0.97830313,0.97079706,0.97760606,0.9718904,0.9748641,0.96547043,0.96326816,0.9684242,0.97129464,0.9609342,0.95425284,0.9559571,0.95386624,0.9807038,0.7047897,0.96327,0.97694093,0.9702861,0.96004826,0.8838498,0.96169835,0.96480125,0.958994,0.9701446,0.969401,0.9726215,0.964677,0.9749937,0.96318454,0.9619449,0.9791167,0.9754524,0.9777595,0.9716424,0.9807038,0.9677316,0.9701043,0.9757296,0.974024,0.965272,0.97641987,0.97728693,0.969672,0.9722144,0.96696585,0.9686866,0.9672495,0.974234,0.9707016,0.97327983,0.9759978,0.9700055,0.96924525,0.9703174,0.81088364,0.9702798,0.93950707,0.9740283,0.96882045,0.9688898,0.96947265,0.9750083,0.9792428,0.9715723,0.96332955,0.97043735,0.9588637,0.9723876,0.9769018,0.96489763,0.9617835,0.9802774,0.9687324,0.9787743,0.9761582,0.9843778,0.9517078,0.96633166,0.97043097,0.9565446,0.95569694,0.9823187,0.97210294,0.9869042,0.97366863,0.9772107,0.96710294,0.97352874,0.9632881,0.9613794,0.967865,0.9706702,0.9671558,0.9782265,0.9768572,0.97513616,0.95395166,0.96074563,0.96965593,0.9714706,0.98313403,0.9781826,0.9572891,0.9869042,0.9620491,0.96943766,0.9679603,0.9684141
artofracingmovie,0.9598022,0.9569331,0.96451503,0.95284224,0.98204595,0.9414893,0.96156543,0.9578356,0.9786855,0.9680706,0.9642069,0.95850146,0.9640665,0.96552646,0.96744764,0.96822345,0.96772,0.9999997,0.9689842,0.9500925,0.95878506,0.9466566,0.9656123,0.96318007,0.95347124,0.88253623,0.97091347,0.9624737,0.94653946,0.95706236,0.96720874,0.957807,0.9692623,0.9562744,0.9413224,0.9122353,0.954851,0.952378,0.972082,0.9500684,0.9622297,0.9606335,0.9620733,0.9589155,0.97113186,0.96866804,0.96500796,0.9627815,0.9630308,0.96384853,0.9549283,0.9731405,0.95725757,0.9510673,0.94454855,0.9742303,0.9600736,0.9698415,0.9639095,0.9694992,0.96717095,0.96366376,0.9637946,0.9644786,0.9721101,0.95904547,0.9513982,0.95468086,0.958344,0.9380453,0.97400635,0.6649501,0.9427374,0.96353513,0.939903,0.9593321,0.8707817,0.9621501,0.96717423,0.9493998,0.96684057,0.9660088,0.97479665,0.9548677,0.94941324,0.96643686,0.9575292,0.9659025,0.96008414,0.9715282,0.9571948,0.97400635,0.96603185,0.9732481,0.9528396,0.958819,0.9604828,0.97078264,0.9628956,0.9569044,0.9619741,0.95576,0.94141906,0.96513146,0.95597327,0.9516368,0.9639403,0.96037906,0.96349275,0.9588268,0.96574223,0.7566171,0.96255165,0.92077583,0.9694824,0.96502095,0.96204984,0.9577354,0.9685409,0.96526647,0.9677465,0.9690631,0.9644936,0.933322,0.97181267,0.9735039,0.9692471,0.9549694,0.97328484,0.95034105,0.9554134,0.97758174,0.9677385,0.9489465,0.9677072,0.96174,0.9514975,0.9550962,0.96889985,0.971864,0.9786855,0.9517515,0.96035844,0.96373415,0.9667662,0.9608363,0.95765036,0.9520541,0.9673699,0.9650619,0.9536652,0.9640551,0.96524477,0.93668807,0.9600355,0.96708876,0.95851004,0.96819544,0.976659,0.9588718,0.9786855,0.9687601,0.9598821,0.9735276,0.95397013
avengers,0.97287244,0.9593581,0.9744266,0.97027135,0.96970785,0.9603131,0.9758162,0.9682343,0.9852004,0.9654566,0.9691787,0.96010405,0.97429836,0.97129,0.9728369,0.97295815,0.97738945,0.9689842,0.99999976,0.9689571,0.9693969,0.9648962,0.9731074,0.97494036,0.9610744,0.90212566,0.9774404,0.97492546,0.968764,0.96666485,0.9813092,0.96642846,0.95820886,0.9687689,0.95522314,0.9279208,0.9724583,0.9610097,0.9716527,0.95787805,0.9640084,0.9650001,0.96371984,0.95638984,0.97571635,0.9736225,0.9699774,0.95561653,0.9619386,0.9645386,0.97388196,0.9721147,0.9818768,0.9670715,0.9661395,0.96483153,0.96060485,0.97178245,0.97059596,0.976828,0.96304095,0.97146326,0.9677627,0.9619533,0.97393864,0.9656729,0.96154094,0.9545881,0.9562955,0.9459782,0.97946024,0.6979315,0.9576961,0.9728607,0.9635616,0.96113336,0.90779054,0.9635697,0.96351326,0.9642869,0.9760848,0.9703609,0.9659024,0.9654178,0.96720004,0.9615716,0.95060843,0.97648394,0.97211105,0.9757443,0.96658427,0.97946024,0.9653079,0.96440876,0.97692436,0.97312194,0.9611378,0.9792499,0.96377575,0.9735976,0.9640081,0.97008646,0.96087986,0.9753835,0.9590796,0.96974164,0.97475845,0.9697947,0.9733973,0.96760404,0.9747924,0.7863571,0.9750061,0.9233042,0.97025853,0.9707045,0.96257114,0.96679616,0.9777516,0.97531444,0.96576715,0.9639457,0.97242296,0.9532581,0.9739968,0.97029424,0.9700483,0.9717184,0.973469,0.96187985,0.97018147,0.97038144,0.9712831,0.9414683,0.9664475,0.9679295,0.9493321,0.9526487,0.9741563,0.9704241,0.9852004,0.9694557,0.96954536,0.96468383,0.96803236,0.9649204,0.95267576,0.9651101,0.9675712,0.9632516,0.9669951,0.9708463,0.9699721,0.95111316,0.9618132,0.9716639,0.9621437,0.9783264,0.97463137,0.9604075,0.9852004,0.9612766,0.9776113,0.96914434,0.9679045
beachbummovie,0.9533509,0.96715945,0.9715456,0.95539945,0.96310776,0.9478782,0.9718411,0.9574184,0.9753406,0.9558852,0.9641602,0.93952984,0.97238475,0.9599013,0.9789295,0.9561308,0.9637574,0.9500925,0.9689571,1.0,0.95544755,0.96378005,0.9558286,0.9642216,0.94786626,0.8978572,0.9693228,0.96304446,0.953982,0.9554174,0.96051335,0.95868915,0.9469934,0.940394,0.9221873,0.90395397,0.9682955,0.9391696,0.958317,0.94047964,0.9705938,0.954051,0.95668364,0.9538701,0.9585079,0.9631069,0.9537418,0.9622429,0.9548809,0.9634062,0.96129894,0.96246964,0.96840477,0.9676254,0.96483,0.9482317,0.957505,0.9604812,0.97124934,0.9609714,0.9609305,0.9594641,0.95415556,0.95827657,0.95722055,0.96396387,0.94962806,0.953768,0.954799,0.95514745,0.96479726,0.6890084,0.94010687,0.9685537,0.9457878,0.9480654,0.84269655,0.94160503,0.93907243,0.9516629,0.958673,0.96285045,0.95658433,0.94876784,0.9573525,0.96000594,0.9412072,0.9730235,0.9530099,0.96240145,0.96238273,0.96479726,0.9461952,0.94723207,0.96170837,0.9686708,0.9550343,0.976528,0.9592015,0.9490989,0.95759535,0.95707226,0.95238614,0.9604069,0.95406175,0.9662143,0.9620219,0.9635247,0.95106745,0.9536584,0.9715075,0.7772216,0.9600136,0.9052968,0.9516212,0.9555997,0.94976467,0.95292634,0.96626914,0.9716687,0.9689422,0.95060533,0.96877974,0.93742913,0.9621015,0.9635537,0.9569171,0.94657296,0.9629543,0.9583899,0.96141124,0.9589842,0.96356225,0.91919905,0.9654007,0.95789456,0.940676,0.93725437,0.9632157,0.96583724,0.9753406,0.9613845,0.95330566,0.95296615,0.9530295,0.9627538,0.9527351,0.94626325,0.9679778,0.9488869,0.96268797,0.97697747,0.96431565,0.9360167,0.94900686,0.9528454,0.9568129,0.9674957,0.956522,0.9548988,0.9753406,0.9443142,0.9581299,0.9543918,0.95645815
bernadettefilm,0.96409774,0.9638496,0.9743864,0.96162784,0.9661239,0.9559574,0.970948,0.96697557,0.9818072,0.96712,0.9686796,0.97055817,0.97357637,0.96492594,0.9747496,0.9711104,0.9752721,0.95878506,0.9693969,0.95544755,1.0,0.96520096,0.96759135,0.96217775,0.9626178,0.8873332,0.9629628,0.97606593,0.9749586,0.96935904,0.962441,0.96093416,0.95942444,0.95688975,0.94719386,0.9301422,0.9642046,0.95358384,0.9647941,0.9472194,0.96680856,0.9590649,0.95645946,0.9471734,0.9718502,0.9667424,0.96630263,0.9622056,0.9609297,0.95961666,0.9744655,0.96019214,0.97375035,0.95993614,0.95434654,0.94961476,0.9511917,0.9705868,0.961925,0.96696466,0.9619406,0.96060675,0.96564996,0.9621463,0.9662242,0.9643928,0.95796853,0.9452809,0.95819724,0.9508705,0.9766671,0.68340427,0.9449159,0.9691234,0.96919614,0.9629784,0.86766714,0.951304,0.9469009,0.9574367,0.9678921,0.96986395,0.96785516,0.9576088,0.96791005,0.9585028,0.95587426,0.9737527,0.96225214,0.97250223,0.9697464,0.9766671,0.96260023,0.9651724,0.9703897,0.97666657,0.9701636,0.9722825,0.96708107,0.9642296,0.95124865,0.9683624,0.96611965,0.96577364,0.9628195,0.9739657,0.96699655,0.9641415,0.96286446,0.9624019,0.97120386,0.7871708,0.9751747,0.9264709,0.97163224,0.960146,0.95725846,0.96516216,0.9662525,0.97023743,0.96687806,0.96093893,0.9545756,0.94586015,0.9681193,0.96925366,0.9622534,0.96022075,0.96407706,0.9595169,0.9772142,0.96863884,0.9675235,0.9220405,0.96622705,0.9701735,0.94938284,0.9428037,0.976728,0.9557166,0.9818072,0.9742867,0.95925635,0.9636519,0.9677437,0.9624558,0.960976,0.97553176,0.9628436,0.95926225,0.9610877,0.9697939,0.96461374,0.93770796,0.9543581,0.9649014,0.96867716,0.97644,0.9705621,0.9589313,0.9818072,0.9588772,0.9661998,0.9643277,0.96687144
