movie,21bridgesmovie,47metersdown,abeautifuldaymovie,abominablemovie,adastramovie,adogsjourneymovie,aftermathmovie,aftermovie,ahiddenlifefilm,alitamovie,angelhasfallen,angrybirdsmovie,annabellemovie,annamovie,apollo11movie,arcticdogsmovie,arcticmovie,artofracingmovie,avengers,beachbummovie,bernadettefilm,blackandbluemovie,blackchristmas,blindedbythelightmovie,bombshellmovie,booksmart,breakthroughmovie,brianbanksmovie,brightburnmovie,brittanyrunsmov,captainmarvelofficial,captivestatemovie,catsmovie,charliesangels,childsplaymovie,clarathefilm,coldpursuitmovie,countdown,currentwarmovie,darkwatersmovie,detectivepikachumovie,disneyaladdin,disneyfrozen,disneymaleficent,doctorsleepmovie,dolemiteismyname,dontletgomovie,doramovie,downtonabbey_official,dumbo,escaperoom,everybodyknowsmovie,fastandfuriousmovie,fightingwmyfam,fivefeetapartfilm,fordvferrari,freaksthefilm,geminimanmovie,glassmovie,gloriabellmovie,godzillamovie,goldfinchmovie,goodboysmovie,goodliarmovie,gretafilm,halathemovie,happydeathdaymovie,harrietfilm,hellboymovie,hersmellmovie,highlifemovie,highstrungmovie,honeyboymovie,hotelmumbaifilm,httydragon,hustlemovie,hustlersmovie,isntitromantic,itmovieofficial,jayandsilentbob,johnwickmovie,jojorabbitmovie,jokermovie,judythefilm,jumanjimovie,justmercyfilm,knivesout,lalloronamovie,lastblackmansf,lastchristmasthemovie,latenightmovie,lighthousemovie,lionking,littlethemovie,littlewomenmovie,littlewoodsfilm,longshotmovie,lordsofchaosmovie,lucyintheskyfilm,mamovie2019,marriagestory,meettheaddams,meninblack,midsommarmovie,midwaymovie,missbalamovie,missinglinkfilm,motherlessbklyn,onceinhollywood,onthebasisofsex,overcomermovie,peanutbutterfalcon,petsematarymovie,piercingmovie,playingwithfire,playmobilthemovie,pomsmovie,queenandslim,rambomovie,readyornotfilm,richardjewellfilm,rocketmanmovie,scarystoriesmovie,secretlifeofpets,serenityfilm,shaftmovie,shazammovie,spidermanmovie,spiesindisguise,starwars,stormboymovie,stubermovie,taosdfilm,teenspiritmov,terminator,theaeronautsmov,thebestofenemies,thedeaddontdie,thefarewell,thehighwaymen,thehummingbirdprojectfilm,theintrudermovie,theirishmanfilm,thekitchenmovie,thelegomovie,themustangfilm,thenightingalefilm,theprodigymovie,thesunisalsoastar,theupsidefilm,tolkienmovie,toystory,triplefrontier,uglydolls,uncutgems,underthesilverlake,usmovie,wavesmovie,whatmenwant,wonderparkmovie,wrinklestheclown,xmenmovies,yardiefilm,yesterdaymovie,zombieland
21bridgesmovie,1.0000004,0.94815123,0.95725393,0.95461106,0.953902,0.9510638,0.9460628,0.9569544,0.97604567,0.952078,0.95179003,0.9545439,0.95293707,0.95522404,0.954813,0.9556418,0.95722926,0.95585465,0.9688318,0.94192296,0.951787,0.9554842,0.949061,0.95957816,0.9382767,0.9203896,0.9471588,0.9524964,0.9553851,0.94863,0.95228827,0.94179964,0.9442732,0.9506958,0.94540066,0.9376182,0.9569333,0.9668767,0.95537716,0.93297553,0.95090824,0.95710677,0.9496207,0.9505688,0.9452173,0.9452359,0.947077,0.9585137,0.9455688,0.9558821,0.9589248,0.9507518,0.9478963,0.9438291,0.9614301,0.9450202,0.9442077,0.95445347,0.9481402,0.95477515,0.94317466,0.94709384,0.94603187,0.95101213,0.96006644,0.9519718,0.95172834,0.9580308,0.94996774,0.92670536,0.95329976,0.8291217,0.9361015,0.9580271,0.950091,0.94373316,0.91829354,0.95073545,0.9478697,0.9613165,0.9529165,0.93971574,0.95002174,0.938583,0.9581357,0.95063853,0.95581555,0.9547187,0.94094026,0.95212126,0.9464005,0.95329976,0.94978017,0.9605864,0.9491751,0.95285386,0.94714236,0.9458554,0.9528005,0.94678724,0.95432764,0.94971377,0.9400296,0.95447636,0.9490603,0.9521874,0.9560512,0.94486684,0.95025456,0.9423714,0.9512149,0.87960434,0.95231247,0.93529963,0.95744455,0.966065,0.9858392,0.9415642,0.9595202,0.9387718,0.94339234,0.9467338,0.9606451,0.9388232,0.95319915,0.9508604,0.95844334,0.96036893,0.9531477,0.93135154,0.95626384,0.93703973,0.9558259,0.935761,0.95093066,0.9548916,0.9631537,0.9500503,0.95327425,0.94956625,0.97604567,0.9569487,0.9402066,0.94934404,0.9494502,0.94756407,0.9392309,0.9600865,0.9406782,0.96411365,0.94632214,0.9520126,0.95469797,0.9536191,0.9563044,0.9543413,0.9477509,0.9470563,0.95335984,0.9557217,0.97604567,0.94529426,0.95310324,0.9508549,0.9580441
47metersdown,0.94815123,1.0000001,0.95262593,0.94328666,0.9542232,0.9504849,0.94152725,0.9459563,0.96802706,0.9496384,0.95864457,0.946935,0.9424237,0.9492604,0.9451424,0.9534394,0.9457363,0.94314086,0.9433535,0.9433149,0.9484451,0.9488453,0.94977427,0.9514423,0.9371146,0.90503216,0.9421737,0.9453754,0.9528964,0.9403069,0.94834524,0.94664437,0.9418089,0.9377772,0.94143885,0.933749,0.94374716,0.9324154,0.9440286,0.94263244,0.93963313,0.9458148,0.93832326,0.94779813,0.94528824,0.9445596,0.9496875,0.9528193,0.93925565,0.945468,0.957515,0.95493466,0.93152833,0.9428992,0.9372067,0.9438569,0.9436792,0.95796245,0.9433941,0.95497906,0.9390984,0.9477117,0.94066244,0.94519,0.95522213,0.95110935,0.9334913,0.9594869,0.94748664,0.92121,0.9552227,0.8192835,0.92714137,0.9540335,0.948141,0.93376595,0.8858508,0.94380057,0.9427676,0.95312005,0.9460615,0.93801594,0.94420964,0.9381112,0.95231736,0.94080937,0.9399348,0.94372255,0.94121337,0.94449264,0.9465115,0.9552227,0.9348137,0.94915897,0.9437641,0.94500047,0.9517947,0.9470253,0.9292929,0.9494373,0.9409404,0.9523122,0.9413955,0.9595176,0.9550461,0.9602866,0.95239484,0.9334618,0.9381234,0.9284545,0.95738304,0.8869649,0.941707,0.9287092,0.93628913,0.9426152,0.9543411,0.9409791,0.953465,0.9328639,0.9444981,0.9428442,0.9586945,0.93026966,0.9466315,0.95102465,0.94522744,0.9539693,0.950727,0.9197964,0.9508356,0.9435378,0.94496924,0.9367811,0.9464807,0.9449228,0.9489839,0.94603175,0.9520025,0.9489612,0.96802706,0.9520215,0.9374188,0.9436525,0.93319404,0.9514244,0.9362318,0.94341016,0.93718857,0.93987024,0.9373935,0.937968,0.95388746,0.9409919,0.9494531,0.9474818,0.9436287,0.9562481,0.940574,0.93278456,0.96802706,0.9413262,0.9543513,0.95200837,0.9517092
abeautifuldaymovie,0.95725393,0.95262593,1.0000005,0.9517723,0.9627287,0.94914347,0.96217525,0.96048594,0.98084074,0.95197505,0.96039367,0.9623581,0.95362467,0.96471196,0.95592505,0.9591575,0.960218,0.96837425,0.95426893,0.95151883,0.9603644,0.96568054,0.9649372,0.9646044,0.9397143,0.9175003,0.95520824,0.9601276,0.9738302,0.9568288,0.9591393,0.95872045,0.9580966,0.96017975,0.94554865,0.9350963,0.9668409,0.9430041,0.95656747,0.9471579,0.9554951,0.96102357,0.953563,0.9619411,0.9542837,0.95361894,0.9614651,0.9585937,0.95041275,0.96614844,0.9782015,0.9642633,0.9495055,0.9459783,0.9563572,0.95551187,0.9443834,0.9632111,0.9498638,0.9642487,0.9532129,0.95190233,0.9604309,0.9627559,0.96307266,0.96471184,0.9580407,0.96201396,0.94910926,0.9377139,0.96335804,0.8354774,0.9424326,0.9655666,0.950862,0.94006526,0.907212,0.95174605,0.9539109,0.95463073,0.95750016,0.9510498,0.9568442,0.9467643,0.960931,0.95459944,0.9566696,0.950249,0.9529065,0.95725673,0.96219414,0.96335804,0.95452815,0.95865965,0.97072005,0.94807124,0.96262985,0.9610491,0.95328504,0.9529548,0.9624416,0.9589797,0.95797616,0.9612865,0.9515903,0.9753293,0.96621084,0.9568038,0.95245564,0.9499911,0.9668858,0.8897049,0.96256936,0.937637,0.9559676,0.95086735,0.95561624,0.96523225,0.9615693,0.95629656,0.94764346,0.9488585,0.9627569,0.9334741,0.96413493,0.9585907,0.95140725,0.9667839,0.95795673,0.93896335,0.956041,0.9498967,0.96048164,0.9499718,0.9626425,0.95853996,0.9444096,0.95642334,0.95391625,0.95901597,0.98084074,0.976625,0.9526311,0.95570576,0.9469792,0.953816,0.94792116,0.957342,0.95455253,0.9423051,0.95341706,0.97392964,0.95966077,0.93614995,0.9578161,0.95651716,0.963434,0.9599097,0.95614445,0.95814973,0.98084074,0.95512986,0.96484554,0.96496445,0.9682032
abominablemovie,0.95461106,0.94328666,0.9517723,1.0000002,0.9510365,0.94305575,0.94653845,0.94658417,0.9722189,0.94967324,0.95677054,0.94206184,0.9612521,0.9534789,0.95780015,0.9563709,0.95687515,0.9491212,0.9572919,0.9502193,0.9419867,0.954129,0.95204943,0.9542666,0.94536555,0.90005535,0.9346753,0.95277727,0.94961387,0.93865234,0.9541382,0.9511494,0.9441415,0.9340577,0.94407916,0.9379655,0.945169,0.95182246,0.9508756,0.9427679,0.9480785,0.937482,0.9500343,0.9439066,0.9428326,0.943355,0.94906473,0.9554082,0.9491416,0.9470472,0.94822663,0.9567897,0.9487296,0.9575952,0.9485839,0.93948126,0.9460527,0.9483421,0.95432127,0.9468999,0.9545234,0.95718706,0.9412004,0.95461327,0.95424616,0.9500943,0.9441604,0.9519133,0.9480116,0.9318987,0.9504066,0.8233213,0.9319237,0.9543902,0.9649386,0.9454436,0.90648943,0.95246,0.9511741,0.9535895,0.94645965,0.95602983,0.95016897,0.9476121,0.9502933,0.94116974,0.9492649,0.9549104,0.94488466,0.95548236,0.94600123,0.9504066,0.9464412,0.9531576,0.9377392,0.95295626,0.95036316,0.94153917,0.941596,0.9502622,0.94598955,0.95851445,0.9275779,0.9527147,0.94394135,0.9493513,0.9486132,0.9560671,0.93915766,0.9371335,0.949959,0.8792428,0.9484552,0.93449444,0.9427561,0.94679403,0.9514728,0.9512831,0.94783866,0.9404793,0.945266,0.9476037,0.9515254,0.92557865,0.9591433,0.9510639,0.9524107,0.95011413,0.9483746,0.9442964,0.9456496,0.93616635,0.95875746,0.93176,0.95127255,0.9467853,0.9425183,0.94630605,0.93891823,0.95235556,0.9722189,0.94787914,0.9456898,0.9505141,0.94568026,0.9426807,0.946568,0.9562766,0.95400995,0.93818665,0.9467683,0.94851404,0.9543644,0.9397912,0.9470096,0.94304353,0.9463682,0.9513686,0.9463058,0.94594496,0.9722189,0.93854475,0.9578376,0.9582176,0.9514193
adastramovie,0.953902,0.9542232,0.9627287,0.9510365,1.0,0.9434578,0.946848,0.9535547,0.97535104,0.95332843,0.9567521,0.951263,0.95688105,0.9571381,0.95751953,0.94955003,0.95127654,0.96736807,0.9479839,0.9567326,0.9541102,0.952074,0.95516074,0.95682704,0.9292612,0.90520173,0.95973766,0.9488075,0.95824397,0.94987327,0.9425673,0.9547027,0.9488094,0.9439435,0.93538857,0.932343,0.9527689,0.9303259,0.9558779,0.95117456,0.95146763,0.9571472,0.9417054,0.9520069,0.94541055,0.9546091,0.95072216,0.949561,0.9430302,0.95676047,0.96111643,0.95785046,0.9393463,0.9499149,0.9464422,0.9621159,0.94577444,0.9590098,0.94205713,0.9563711,0.9443414,0.95106184,0.9517249,0.95761377,0.95249516,0.9603217,0.94358593,0.95877635,0.9451733,0.93621534,0.95013934,0.80852073,0.92575854,0.95663047,0.94618416,0.93083656,0.8876814,0.9407432,0.94638675,0.9523185,0.94986093,0.9404371,0.94705224,0.94332325,0.9531639,0.946009,0.94929576,0.9603532,0.94650173,0.9504184,0.9451535,0.95013934,0.9458459,0.95880103,0.9470605,0.9504496,0.95247704,0.9548457,0.94945973,0.9528508,0.9601763,0.9491949,0.94088423,0.958269,0.94896924,0.96097165,0.96090823,0.95018977,0.9359861,0.94051707,0.96495074,0.8811191,0.95184714,0.92962193,0.9485118,0.94562304,0.95274967,0.9455939,0.9507062,0.94426054,0.9422026,0.9521708,0.9594332,0.9263085,0.9550372,0.9486149,0.955788,0.958347,0.97097707,0.92521584,0.9555618,0.9588635,0.9501293,0.94449914,0.95015776,0.9551152,0.9479407,0.9471897,0.94980174,0.955694,0.97535104,0.95549583,0.95478404,0.94702053,0.94277596,0.95157015,0.9431966,0.94664717,0.94871855,0.9410481,0.9435709,0.9552505,0.9629804,0.94208604,0.95431346,0.9422279,0.94906956,0.9516837,0.95100075,0.94509745,0.97535104,0.94643223,0.96546537,0.95507777,0.9574329
adogsjourneymovie,0.9510638,0.9504849,0.94914347,0.94305575,0.9434578,0.9999999,0.94580853,0.9447443,0.9712345,0.9535484,0.9526769,0.9491231,0.94537926,0.9483071,0.9474382,0.95908225,0.9493327,0.93992615,0.9457525,0.94692266,0.94443315,0.9443348,0.95542306,0.9511404,0.92366606,0.9028599,0.9440088,0.94104326,0.95114803,0.93943083,0.95357,0.9404699,0.9425139,0.9364749,0.9506564,0.944937,0.9514176,0.93932617,0.944464,0.9187786,0.9465812,0.94070226,0.9316458,0.94080436,0.94308704,0.95265746,0.95231026,0.9552991,0.94158757,0.9420725,0.956115,0.94564074,0.94643676,0.94896054,0.946514,0.9298219,0.9406926,0.9555096,0.94866985,0.9587569,0.9376929,0.95574015,0.946154,0.9432225,0.9523418,0.94867015,0.9421899,0.948434,0.9517898,0.92877793,0.9549656,0.8327317,0.91606516,0.9438861,0.95560515,0.93500555,0.90589446,0.9466216,0.9460287,0.9624372,0.9441359,0.94535816,0.94789666,0.9319639,0.9558822,0.9303183,0.94871265,0.95376086,0.94749796,0.95203286,0.9478827,0.9549656,0.9475182,0.9469103,0.9426318,0.94501877,0.9367826,0.948516,0.9431665,0.9530935,0.9488814,0.9541002,0.94104725,0.9530039,0.9536732,0.95460284,0.94495183,0.94367915,0.93566346,0.9198951,0.94837964,0.8813529,0.9434262,0.93670017,0.95674527,0.94642425,0.95540285,0.9384436,0.9475439,0.9424041,0.94051725,0.94582844,0.9520765,0.9722364,0.94843477,0.93910575,0.9618508,0.94403225,0.93603975,0.94524086,0.937044,0.92281955,0.94711536,0.93248767,0.94890004,0.9459947,0.9458775,0.94920987,0.94332814,0.9529508,0.9712345,0.9542553,0.94367003,0.94584656,0.9398152,0.93544316,0.9322193,0.95538986,0.9425324,0.94098663,0.9443279,0.94870675,0.951476,0.9346443,0.9370538,0.95502156,0.9525449,0.9490457,0.9503082,0.9493928,0.9712345,0.938579,0.95237976,0.9580202,0.9537054
aftermathmovie,0.9460628,0.94152725,0.96217525,0.94653845,0.946848,0.94580853,0.9999995,0.9584202,0.97749037,0.955065,0.9581892,0.954917,0.9544199,0.96052414,0.9570322,0.9588118,0.9571134,0.95113206,0.9517254,0.94593585,0.9575236,0.95186263,0.95749766,0.95721114,0.93397707,0.90057087,0.9446819,0.9563933,0.96105886,0.93856215,0.9604037,0.96492183,0.9497528,0.94783294,0.94511473,0.9483376,0.95889366,0.94599736,0.9486925,0.95366323,0.96291643,0.95238394,0.9497317,0.95219815,0.95284444,0.95862114,0.95505667,0.95124835,0.9545236,0.95443064,0.9624763,0.9661555,0.9463877,0.9519927,0.94963133,0.9493581,0.9393481,0.9546774,0.9584416,0.949958,0.9508019,0.9585473,0.9483291,0.9604041,0.94942266,0.9564625,0.9505758,0.9539956,0.9510311,0.9408904,0.9524755,0.84951735,0.9335329,0.9628206,0.9469951,0.9369781,0.9106974,0.9419949,0.9557203,0.9499139,0.9521828,0.9740519,0.9594296,0.93702006,0.9552708,0.93796015,0.9545329,0.94941694,0.94275457,0.9587964,0.9507049,0.9524755,0.9505374,0.95465004,0.95155096,0.9436637,0.94918346,0.9540347,0.9689386,0.94947636,0.961072,0.95330805,0.9510117,0.9464154,0.94655097,0.9599779,0.9600529,0.96433794,0.95072216,0.9504565,0.9608169,0.8929175,0.9533925,0.94403696,0.949221,0.939481,0.9539438,0.95179576,0.96240056,0.9838218,0.94492394,0.9515462,0.9588111,0.9374611,0.96567404,0.95520186,0.96001726,0.953563,0.95069295,0.93889046,0.9570363,0.94229186,0.9551726,0.9432137,0.9526803,0.9451535,0.9443722,0.95524585,0.9412162,0.9605363,0.97749037,0.9640535,0.9579624,0.96303916,0.94912434,0.95598763,0.9609601,0.96158093,0.96132314,0.94372016,0.9803271,0.95313805,0.9507191,0.9400587,0.9451043,0.9467867,0.9515115,0.9555399,0.95331556,0.94588155,0.97749037,0.94810826,0.9586467,0.9514989,0.9583338
aftermovie,0.9569544,0.9459563,0.96048594,0.94658417,0.9535547,0.9447443,0.9584202,1.0000001,0.97551304,0.95100534,0.95815945,0.96022224,0.9546667,0.9586648,0.9547046,0.9506649,0.9600196,0.95414716,0.95181406,0.9481004,0.95887953,0.9550818,0.9514797,0.95195895,0.9322212,0.90640396,0.94722795,0.95878685,0.9632332,0.9503397,0.95258546,0.9518593,0.94696397,0.9488934,0.95275885,0.9338591,0.95128167,0.9460577,0.9499839,0.94796246,0.95369506,0.95440054,0.94647455,0.9543469,0.9473838,0.9521873,0.951794,0.9561451,0.9495463,0.9551945,0.9660763,0.96001947,0.9393628,0.94936097,0.9635081,0.9545699,0.9390894,0.9508161,0.9502572,0.9578841,0.9380866,0.94789594,0.94148606,0.95665276,0.9607649,0.95697683,0.9457412,0.9623081,0.9498699,0.94052243,0.9582356,0.8349758,0.92666227,0.9574684,0.9466674,0.93088,0.91036326,0.94598776,0.9529673,0.9485477,0.9539096,0.9537712,0.95199776,0.9409769,0.9590479,0.94499725,0.94781214,0.9515075,0.9411741,0.95659965,0.9519065,0.9582356,0.953102,0.9519249,0.9479583,0.95390576,0.95584565,0.9500692,0.94176865,0.95570093,0.95440507,0.94642204,0.9478103,0.96214956,0.9465437,0.9661151,0.9600028,0.9581855,0.9346242,0.9415724,0.9576227,0.88776755,0.9470567,0.9437298,0.9458325,0.948796,0.96136534,0.95084757,0.9603317,0.951735,0.9440587,0.9498658,0.9596664,0.94224364,0.95135415,0.9548876,0.9679189,0.9576525,0.9568832,0.91993356,0.949928,0.9548139,0.95955586,0.9473693,0.93957925,0.9570124,0.946245,0.94970244,0.956865,0.9510794,0.97551304,0.96401745,0.95048827,0.95528126,0.9507786,0.95210314,0.95266205,0.95718104,0.95290625,0.9486333,0.94541776,0.9466776,0.95278305,0.9380586,0.94651234,0.95231694,0.9488638,0.9476468,0.9526855,0.94170636,0.97551304,0.9492953,0.9511931,0.9522094,0.95381385
ahiddenlifefilm,0.97604567,0.96802706,0.98084074,0.9722189,0.97535104,0.9712345,0.97749037,0.97551304,0.9999997,0.9736494,0.9777885,0.9713489,0.9725687,0.9778278,0.9770511,0.97818494,0.97701293,0.9765041,0.9737334,0.9701293,0.97361207,0.97643834,0.9771213,0.97717,0.95497584,0.92419106,0.96938133,0.97388166,0.97847205,0.96414834,0.97484374,0.9703141,0.9707411,0.96517754,0.96902657,0.9607453,0.97959375,0.9635428,0.97575283,0.963335,0.97507733,0.9699215,0.96788603,0.9698046,0.9701113,0.97318506,0.97577703,0.97652453,0.9710045,0.9730084,0.9830018,0.9783596,0.96769476,0.97186065,0.9708416,0.9689295,0.9636893,0.977399,0.96946037,0.9788327,0.96689224,0.97374976,0.9713388,0.9763287,0.976165,0.97563285,0.9698014,0.9788884,0.97113657,0.9558554,0.9768284,0.8435648,0.953234,0.97682226,0.9743036,0.9587446,0.92341727,0.9676215,0.97065556,0.9751428,0.97115916,0.97036654,0.9726852,0.96556157,0.9761119,0.963456,0.97140634,0.97482896,0.96932113,0.97772235,0.9732227,0.9768284,0.9703656,0.9752519,0.9726022,0.96754056,0.9709142,0.97462755,0.97170544,0.97172505,0.97749466,0.9755247,0.9652623,0.9771884,0.9716928,0.9810988,0.9777668,0.9752886,0.9639532,0.9566114,0.98090255,0.9020895,0.9717494,0.9582814,0.9695968,0.968277,0.9765486,0.97289693,0.9769413,0.9705044,0.9667911,0.9690685,0.97833055,0.9588596,0.9798282,0.96899796,0.9774525,0.9775444,0.973861,0.9591369,0.9739406,0.9643047,0.9757339,0.96107006,0.97244924,0.97169554,0.9672883,0.9706821,0.96882004,0.97701174,0.9999997,0.98051864,0.96982074,0.97341216,0.9647052,0.96866244,0.9677139,0.9769259,0.9722639,0.9636229,0.9713317,0.9745094,0.97697973,0.9587446,0.96825224,0.9719203,0.9738423,0.9729846,0.97411126,0.968259,0.9999997,0.96624976,0.97928363,0.9771893,0.9801335
alitamovie,0.952078,0.9496384,0.95197505,0.94967324,0.95332843,0.9535484,0.955065,0.95100534,0.9736494,1.0000002,0.9584066,0.94744533,0.9518838,0.9589375,0.95012784,0.9595272,0.95229787,0.9480424,0.94899225,0.945965,0.9472009,0.9529367,0.954879,0.9516969,0.93548596,0.8939032,0.9492369,0.9557196,0.95011115,0.9374141,0.94667536,0.9472357,0.94740385,0.94210494,0.94854397,0.9412592,0.94982505,0.945704,0.94603944,0.93370146,0.95150584,0.9458836,0.946596,0.9509897,0.9469455,0.9584452,0.95120806,0.95143026,0.94472283,0.9495699,0.95586175,0.94878256,0.95106256,0.95592785,0.9459471,0.9516864,0.946462,0.95104295,0.94197094,0.95628035,0.93799233,0.9472716,0.95425904,0.95683384,0.94654,0.9467148,0.9464882,0.9547004,0.9499045,0.93973505,0.95117444,0.83495843,0.9207574,0.95752233,0.9477663,0.92987347,0.8896543,0.93540096,0.9524783,0.9546855,0.95608294,0.94683504,0.9482369,0.9381251,0.9541096,0.9421504,0.9439524,0.95388925,0.94615287,0.9535019,0.9399861,0.95117444,0.9486488,0.95712346,0.93574643,0.9426088,0.9441735,0.9444312,0.94361085,0.9557081,0.9514034,0.9591247,0.9392274,0.95002735,0.9723806,0.9549626,0.9546464,0.95116466,0.9474636,0.933076,0.95217997,0.8804325,0.940394,0.9245111,0.9493051,0.9421536,0.94856733,0.94299006,0.9517941,0.9484341,0.93340605,0.94858396,0.952792,0.9276734,0.9469284,0.94967693,0.9611625,0.952161,0.95177484,0.9349764,0.945554,0.94441223,0.9564739,0.9462643,0.9547104,0.9459708,0.94824946,0.94328916,0.9446271,0.95924985,0.9736494,0.9525041,0.94853723,0.9461868,0.9320292,0.9430798,0.94413805,0.9552517,0.9453436,0.93985796,0.95352143,0.94952816,0.9553905,0.9344051,0.944453,0.94954985,0.9449617,0.9500871,0.94721615,0.94410795,0.9736494,0.95797503,0.9548437,0.95253134,0.9556489
angelhasfallen,0.95179003,0.95864457,0.96039367,0.95677054,0.9567521,0.9526769,0.9581892,0.95815945,0.9777885,0.9584066,1.0,0.94876325,0.9541236,0.96400243,0.96561676,0.9585813,0.95327055,0.95315504,0.9499108,0.9589781,0.9600568,0.9575043,0.96270925,0.9599342,0.9336356,0.90988845,0.9586044,0.95112026,0.9559296,0.9457422,0.9592008,0.95261836,0.9536692,0.9476686,0.9508983,0.9514483,0.95165575,0.94753444,0.954261,0.9432398,0.9504009,0.95419294,0.94475913,0.95064145,0.9590039,0.95434064,0.96094924,0.9576263,0.9507361,0.9523746,0.9591733,0.9568049,0.9441533,0.9461215,0.9546208,0.9493937,0.9496965,0.958511,0.9528638,0.95726633,0.9409136,0.9585207,0.95553046,0.9556194,0.9522353,0.96328264,0.94303674,0.9584394,0.96099764,0.9420071,0.9535839,0.8236864,0.94171494,0.9534526,0.9573101,0.9459888,0.8943375,0.95527893,0.95483285,0.95643365,0.973199,0.95281273,0.9548161,0.94352645,0.9534749,0.94594795,0.9578898,0.9554778,0.9521871,0.9557363,0.951635,0.9535839,0.94820863,0.9573393,0.945643,0.9641193,0.95937634,0.95548195,0.94790703,0.9520858,0.9583659,0.9536008,0.93929094,0.9533572,0.95501447,0.9578863,0.9519473,0.9526032,0.9450135,0.93410105,0.9617399,0.88131833,0.9557348,0.93608135,0.94711936,0.9595824,0.95753795,0.9558887,0.9593732,0.9473508,0.9467669,0.9509929,0.9560267,0.9346922,0.9628735,0.95118487,0.9562686,0.95570666,0.9536301,0.94006974,0.95336103,0.94666237,0.9533122,0.9353935,0.95185983,0.9520478,0.95057726,0.9512765,0.94515836,0.9590181,0.9777885,0.9636726,0.95494974,0.9528597,0.93803024,0.9476524,0.95417166,0.9593117,0.94767064,0.9373562,0.95337564,0.9484901,0.96542716,0.9363121,0.94548327,0.95280904,0.9466779,0.9571052,0.9603996,0.9478951,0.9777885,0.9421623,0.95824295,0.9616436,0.9566605
angrybirdsmovie,0.9545439,0.946935,0.9623581,0.94206184,0.951263,0.9491231,0.954917,0.96022224,0.9713489,0.94744533,0.94876325,1.0,0.95657283,0.95215005,0.9494829,0.953439,0.95683956,0.9486696,0.94895965,0.94038105,0.95618004,0.94961816,0.9536078,0.9498659,0.9257426,0.9114534,0.9452169,0.95380723,0.9663778,0.95043534,0.95299417,0.94693524,0.9486893,0.9552493,0.935594,0.9245782,0.954115,0.9496962,0.94350946,0.9306228,0.9511637,0.9475775,0.942726,0.94011855,0.94829494,0.948572,0.9541423,0.96532387,0.9341721,0.9463377,0.9747841,0.952092,0.94048727,0.9391892,0.9510181,0.9451313,0.93590546,0.9538232,0.9545523,0.9546314,0.95416385,0.9503984,0.9446284,0.9573864,0.95406514,0.954784,0.9414934,0.9541031,0.9504609,0.93794763,0.95228714,0.8368204,0.92775154,0.95289606,0.9496307,0.93183243,0.8961184,0.9405784,0.94499457,0.95120114,0.9512959,0.9451134,0.9588947,0.9290574,0.96565413,0.9458347,0.9521961,0.94671625,0.9426711,0.9492843,0.95198095,0.95228714,0.94318414,0.9513781,0.95799553,0.942354,0.951114,0.9478038,0.947258,0.9508647,0.9501665,0.9496886,0.944708,0.9490336,0.9531532,0.9694258,0.9474401,0.9564938,0.94691545,0.944401,0.95428145,0.8821307,0.9490829,0.9326157,0.944317,0.94497144,0.9563589,0.945652,0.96666527,0.9502616,0.9413961,0.9467352,0.94958085,0.94288516,0.94635344,0.95063764,0.9535231,0.96277803,0.9499779,0.93763095,0.9492865,0.93366677,0.957738,0.9459826,0.94477624,0.94917417,0.94383407,0.9468,0.9545955,0.95674413,0.9713489,0.9667259,0.93895704,0.95820254,0.9583585,0.93982136,0.9404758,0.9504465,0.9514381,0.95033133,0.9440164,0.9512029,0.9465517,0.93392843,0.94406426,0.95118463,0.9517072,0.95088094,0.94757605,0.9459402,0.9713489,0.9363079,0.9543208,0.95303255,0.96884954
annabellemovie,0.95293707,0.9424237,0.95362467,0.9612521,0.95688105,0.94537926,0.9544199,0.9546667,0.9725687,0.9518838,0.9541236,0.95657283,0.99999976,0.95229745,0.9570766,0.95256937,0.9531355,0.9519483,0.9506874,0.9471203,0.94159335,0.94602686,0.95079046,0.9537596,0.9346962,0.8930631,0.9354942,0.94882464,0.949154,0.9383911,0.9512481,0.9543854,0.9442808,0.940279,0.9422742,0.9317042,0.94804424,0.9578327,0.9530413,0.9379721,0.9578497,0.95118,0.9502393,0.9477875,0.94739455,0.94947493,0.9512815,0.95188236,0.94982237,0.9511733,0.95467895,0.96014935,0.94808006,0.94399905,0.96154654,0.9458824,0.93832797,0.9504291,0.95009416,0.94987595,0.9601065,0.94610155,0.9440395,0.9635443,0.95704067,0.955459,0.93929553,0.95481205,0.9511212,0.93437976,0.9549574,0.8247269,0.9265282,0.9552654,0.949892,0.9421185,0.90143764,0.94931734,0.9517999,0.95431644,0.9430517,0.9609695,0.96789944,0.9343041,0.9640285,0.9511249,0.96089363,0.97535306,0.9524255,0.94685173,0.9423585,0.9549574,0.9473047,0.9493078,0.94036096,0.9506817,0.9566649,0.9484681,0.9452392,0.9443863,0.9559793,0.95321983,0.93984437,0.95085603,0.9509127,0.9541821,0.9526697,0.9636699,0.9381454,0.93906075,0.9502997,0.88130784,0.94422734,0.94027275,0.9408536,0.9528473,0.9521637,0.94636244,0.95373684,0.9535019,0.9540816,0.94312274,0.9596169,0.9314944,0.9508156,0.95134157,0.9625286,0.9533221,0.94890845,0.9357735,0.94028133,0.9392319,0.95963943,0.9399978,0.94534224,0.9458504,0.9454203,0.9525059,0.9532578,0.95413667,0.9725687,0.95345205,0.94810575,0.9526472,0.950811,0.9505015,0.94646055,0.95747185,0.9562905,0.9413025,0.9535747,0.9435694,0.95052713,0.93879503,0.94068384,0.94548327,0.9497348,0.9589598,0.947229,0.943096,0.9725687,0.9351961,0.948201,0.95379305,0.9559012
annamovie,0.95522404,0.9492604,0.96471196,0.9534789,0.9571381,0.9483071,0.96052414,0.9586648,0.9778278,0.9589375,0.96400243,0.95215005,0.95229745,1.0000001,0.95754963,0.959682,0.9622342,0.9525621,0.9582266,0.95353454,0.957347,0.9585387,0.96654975,0.95839065,0.9347985,0.89894646,0.95151174,0.9525534,0.96068823,0.9466959,0.9627981,0.9526155,0.95690846,0.9457054,0.9468419,0.94500107,0.9571044,0.94303566,0.9501684,0.9437109,0.9557366,0.9537195,0.9498578,0.9515011,0.9575277,0.9547581,0.9651739,0.95766944,0.9502517,0.95463973,0.965258,0.9566951,0.9520451,0.9532304,0.94462353,0.9483247,0.9462341,0.9629886,0.95760083,0.9526834,0.94445765,0.94884914,0.9584732,0.97213405,0.9507626,0.9547579,0.9553031,0.95615786,0.9483935,0.92514414,0.95223737,0.8084262,0.9412875,0.95635474,0.9571058,0.92731273,0.8956636,0.939331,0.95887786,0.95907116,0.9559927,0.94587344,0.95791405,0.95020276,0.94731003,0.9527039,0.9487367,0.9533391,0.9421609,0.95637596,0.9472694,0.95223737,0.95117706,0.9547941,0.9535522,0.95411056,0.9545838,0.95114374,0.9505153,0.97260976,0.9548813,0.958074,0.94466263,0.9520656,0.95840406,0.9624649,0.9589734,0.96080387,0.9437854,0.9316389,0.963113,0.88117075,0.96178424,0.9333705,0.95227826,0.9441346,0.9563629,0.9529275,0.9534782,0.952075,0.9486847,0.95542574,0.95811373,0.93587595,0.9629973,0.95130175,0.96049166,0.9589419,0.94849455,0.9423553,0.95393956,0.94319075,0.9545371,0.9405707,0.9609407,0.95522356,0.94884133,0.94780725,0.9443953,0.9531514,0.9778278,0.9669307,0.9570659,0.9593748,0.94678426,0.95414704,0.9567724,0.95796573,0.9614846,0.94180745,0.9537071,0.95899105,0.954205,0.94467336,0.94729584,0.947884,0.9555722,0.9499564,0.9559749,0.95214784,0.9778278,0.9520473,0.9625888,0.96589077,0.9607855
apollo11movie,0.954813,0.9451424,0.95592505,0.95780015,0.95751953,0.9474382,0.9570322,0.9547046,0.9770511,0.95012784,0.96561676,0.9494829,0.9570766,0.95754963,1.0000001,0.95218396,0.9543445,0.96086097,0.9588665,0.97052366,0.9538751,0.95313764,0.95950526,0.95943946,0.9328463,0.905309,0.94783205,0.94634235,0.9546876,0.94581175,0.95317364,0.9439822,0.9513487,0.9461603,0.9434776,0.9432477,0.9549647,0.94611907,0.965146,0.94182634,0.95971715,0.9498347,0.94402266,0.94210213,0.95936483,0.9418098,0.9555656,0.9549338,0.9468076,0.94576335,0.95258147,0.95585555,0.942247,0.95557946,0.95656943,0.9470304,0.942031,0.9573741,0.94801444,0.9525942,0.95560634,0.9511135,0.94391894,0.95125175,0.95117813,0.9608662,0.9451575,0.96006495,0.9603285,0.93181366,0.9499492,0.8262702,0.94665986,0.9503123,0.95592016,0.95336974,0.90604556,0.95254934,0.95138514,0.9571372,0.9529518,0.9515798,0.9551379,0.9478664,0.9475832,0.9408949,0.9562268,0.9573418,0.9463177,0.95184064,0.9528782,0.9499492,0.94387573,0.9577767,0.94094485,0.9698786,0.95517397,0.9546678,0.9560331,0.94950897,0.95224047,0.9531998,0.9403228,0.9525511,0.95238906,0.9525451,0.9595371,0.9556792,0.9383196,0.92408514,0.95705366,0.8759529,0.96458864,0.93482697,0.9444697,0.9535519,0.95712286,0.9448698,0.9536635,0.9571168,0.94917417,0.952474,0.958797,0.93200797,0.96159416,0.94750446,0.9600108,0.9493179,0.95674986,0.93532825,0.95345455,0.948285,0.95306015,0.9370082,0.95471287,0.9485888,0.95239896,0.9465422,0.9437877,0.9552231,0.9770511,0.9581044,0.9465668,0.9521508,0.9496452,0.94625056,0.94886804,0.9590995,0.94981,0.94347143,0.9586213,0.94929194,0.9570949,0.9430227,0.94390774,0.94610995,0.9506583,0.955799,0.96537316,0.95118934,0.9770511,0.94520503,0.958507,0.9539058,0.9567922
arcticdogsmovie,0.9556418,0.9534394,0.9591575,0.9563709,0.94955003,0.95908225,0.9588118,0.9506649,0.97818494,0.9595272,0.9585813,0.953439,0.95256937,0.959682,0.95218396,1.0000001,0.9570962,0.95539784,0.9556126,0.9490804,0.953036,0.96119976,0.95167464,0.9572336,0.94704777,0.91054523,0.9508018,0.96010786,0.9580393,0.9438883,0.959619,0.95465,0.9497014,0.9471341,0.95311224,0.95184433,0.9592101,0.9501264,0.95967346,0.9363148,0.95318407,0.9415605,0.94798344,0.9479642,0.9553152,0.9496042,0.9521368,0.95758694,0.9545184,0.9505174,0.96590036,0.95782894,0.9488769,0.95177877,0.94821435,0.9460856,0.95009696,0.95808965,0.95003575,0.9590836,0.9460055,0.95468736,0.9647095,0.9559106,0.9556808,0.9495317,0.9531687,0.9541802,0.95566624,0.9396766,0.960134,0.8275671,0.93967986,0.95858896,0.9624047,0.93692017,0.90260404,0.9488785,0.9560572,0.96341527,0.9514295,0.9480941,0.95633835,0.9446163,0.9550206,0.94326305,0.9487123,0.9513088,0.9490455,0.95520204,0.95376074,0.960134,0.95091474,0.95953834,0.95646155,0.95292187,0.9535175,0.9522504,0.95302624,0.95034754,0.95516163,0.96737933,0.95068765,0.9609767,0.9561271,0.96215534,0.957786,0.9614262,0.9658916,0.9406589,0.95777404,0.89407754,0.953507,0.936955,0.95661914,0.9493803,0.95580316,0.95201737,0.9607072,0.9508645,0.9437706,0.95592314,0.9582399,0.9413926,0.9547865,0.94503516,0.95807356,0.9614984,0.94661605,0.9444724,0.9552598,0.93479306,0.95662326,0.9378336,0.95695,0.95313966,0.9486685,0.95617867,0.94633037,0.95881647,0.97818494,0.9617889,0.9468477,0.9531842,0.9497614,0.9475163,0.9477185,0.95195276,0.9544716,0.94206786,0.9634798,0.9570164,0.95619637,0.9488759,0.9438248,0.95509356,0.95367503,0.95635337,0.9599236,0.96081144,0.97818494,0.94323134,0.96140337,0.9572534,0.961914
arcticmovie,0.95722926,0.9457363,0.960218,0.95687515,0.95127654,0.9493327,0.9571134,0.9600196,0.97701293,0.95229787,0.95327055,0.95683956,0.9531355,0.9622342,0.9543445,0.9570962,0.99999976,0.95425355,0.9593734,0.94398177,0.95422727,0.9503369,0.9620286,0.9574952,0.93851733,0.90494,0.9416524,0.97109824,0.963525,0.94685227,0.95550674,0.9562898,0.9425372,0.9431807,0.94984704,0.93680155,0.9629712,0.9448567,0.95421654,0.9491648,0.95703,0.952314,0.9445669,0.9521214,0.95119536,0.94412506,0.9589348,0.9532102,0.94692576,0.9547558,0.9658598,0.95973176,0.948445,0.95454556,0.9481386,0.9528197,0.94330937,0.9605562,0.95240146,0.95556664,0.9543256,0.9586739,0.9540207,0.9574287,0.95852107,0.95571494,0.9599093,0.9575835,0.95157474,0.9398782,0.96141404,0.82348514,0.93614495,0.96012545,0.9539061,0.9379162,0.9039535,0.9398225,0.9512483,0.9529283,0.9476954,0.9440263,0.9523392,0.94542754,0.9517179,0.9456361,0.9462176,0.9503025,0.9463296,0.9666958,0.95614994,0.96141404,0.9536994,0.95973307,0.9594864,0.94779944,0.96122795,0.96195096,0.94670284,0.9598385,0.9598831,0.9588371,0.94681376,0.9619059,0.9510236,0.96292776,0.9547335,0.9596248,0.9451144,0.9400827,0.96636593,0.89423394,0.96355534,0.9366037,0.9589003,0.93750644,0.9555597,0.9496551,0.95443213,0.95069814,0.95076305,0.95809704,0.9553802,0.9391464,0.9632101,0.9595841,0.9612887,0.9599695,0.95315677,0.94172883,0.9593125,0.9476237,0.9709757,0.9474716,0.96176416,0.9506829,0.94529396,0.94882584,0.951203,0.958645,0.97701293,0.9645074,0.9464137,0.9580305,0.9503926,0.9556687,0.9462092,0.95863307,0.95463693,0.94393796,0.95254344,0.95400923,0.9538811,0.9478942,0.94592535,0.95156765,0.9558635,0.94888073,0.96065235,0.9552508,0.97701293,0.944855,0.95843697,0.95982826,0.95845675
artofracingmovie,0.95585465,0.94314086,0.96837425,0.9491212,0.96736807,0.93992615,0.95113206,0.95414716,0.9765041,0.9480424,0.95315504,0.9486696,0.9519483,0.9525621,0.96086097,0.95539784,0.95425355,0.9999999,0.95112056,0.95395327,0.94731677,0.95661783,0.95542455,0.9571342,0.93987876,0.9145256,0.9595656,0.9463855,0.9543576,0.950191,0.94392,0.94385433,0.94994473,0.9478645,0.9477275,0.9365968,0.96447724,0.94591796,0.9620842,0.94558936,0.9493399,0.94414043,0.9469201,0.95184124,0.94873613,0.9502975,0.9533258,0.9427667,0.95143735,0.95336413,0.96020913,0.95557505,0.9374897,0.9483558,0.9534156,0.9598006,0.9407178,0.9541497,0.9375242,0.95912343,0.9466325,0.94733185,0.95466894,0.9489751,0.9537565,0.9571033,0.9559436,0.95551205,0.9410614,0.93549913,0.95042807,0.8122446,0.9302852,0.9507871,0.9468325,0.9416486,0.9106277,0.9466523,0.9536404,0.95371586,0.9500118,0.9482406,0.9387137,0.9469159,0.9520386,0.9423754,0.9539815,0.94915456,0.9508001,0.9555944,0.95420855,0.95042807,0.9488531,0.9595652,0.9496951,0.9483941,0.95214945,0.95903033,0.94431806,0.9457513,0.96127236,0.9516451,0.94614357,0.950497,0.94792944,0.9623607,0.9573853,0.94722134,0.95213395,0.9369833,0.9634152,0.882131,0.9551206,0.9398715,0.94709057,0.9452149,0.95263946,0.9603205,0.9565634,0.94725245,0.9357125,0.948115,0.9585421,0.93379205,0.9551223,0.94267416,0.9499959,0.95897245,0.9616263,0.93671495,0.9526266,0.9556769,0.95164144,0.94309306,0.95409524,0.9515776,0.9421683,0.9445706,0.94235283,0.96196604,0.9765041,0.9609438,0.95069754,0.94864047,0.93832594,0.9453069,0.94210196,0.9535059,0.94725484,0.9397685,0.9469487,0.95678633,0.96029556,0.93287975,0.95156807,0.9486557,0.9557791,0.94415164,0.95161366,0.9475157,0.9765041,0.9475594,0.96017325,0.95501965,0.95832664
avengers,0.9688318,0.9433535,0.95426893,0.9572919,0.9479839,0.9457525,0.9517254,0.95181406,0.9737334,0.94899225,0.9499108,0.94895965,0.9506874,0.9582266,0.9588665,0.9556126,0.9593734,0.95112056,1.0000002,0.9482118,0.9499372,0.9556604,0.95228785,0.9542537,0.9357628,0.8918207,0.9317331,0.95263314,0.9554314,0.94662696,0.9717851,0.944676,0.9444735,0.95152414,0.9439292,0.9345552,0.95668495,0.95435864,0.9561477,0.9388016,0.9635572,0.9488208,0.9463491,0.9453914,0.9453609,0.93897086,0.9481257,0.9525287,0.9460717,0.9492557,0.9597558,0.9534097,0.947173,0.949698,0.9585865,0.94900745,0.93878174,0.9504692,0.95585847,0.95792264,0.94240373,0.94566184,0.94821453,0.9520897,0.9568089,0.9514605,0.94490826,0.9561968,0.95063186,0.9194232,0.9623376,0.8191644,0.93354255,0.95726186,0.9580575,0.93196136,0.89645755,0.9426752,0.9556103,0.9535872,0.944805,0.9508699,0.94864625,0.94548684,0.95948845,0.94078153,0.94777334,0.9530531,0.9447165,0.95468616,0.95147085,0.9623376,0.94719946,0.9583082,0.94651926,0.9517773,0.9529995,0.9568421,0.9470876,0.9479762,0.9474381,0.96141624,0.9506545,0.9584462,0.948493,0.958619,0.95636934,0.94696337,0.94537675,0.9286364,0.94780606,0.866784,0.9535546,0.934017,0.9519829,0.94266796,0.95440036,0.9463215,0.94928604,0.9497758,0.9508995,0.9429769,0.9624928,0.9366119,0.95980537,0.95737904,0.95822906,0.9678037,0.94751334,0.94123167,0.95168513,0.93908894,0.95260185,0.9267302,0.95382667,0.95591754,0.943268,0.9462123,0.96195054,0.9447165,0.9737334,0.9587338,0.94047797,0.94506323,0.9453161,0.9441096,0.9418293,0.9623329,0.9477225,0.9474261,0.9467031,0.9519596,0.94999623,0.94090044,0.9545154,0.9448801,0.95171773,0.9532765,0.9505281,0.9509699,0.9737334,0.95994896,0.95576465,0.95304304,0.9583206
beachbummovie,0.94192296,0.9433149,0.95151883,0.9502193,0.9567326,0.94692266,0.94593585,0.9481004,0.9701293,0.945965,0.9589781,0.94038105,0.9471203,0.95353454,0.97052366,0.9490804,0.94398177,0.95395327,0.9482118,1.0000002,0.94501746,0.95571095,0.9493545,0.9542101,0.9209582,0.88732076,0.9461964,0.94058144,0.9451346,0.9375217,0.94844216,0.9441606,0.94095385,0.93240917,0.93814576,0.94613856,0.9478166,0.93096817,0.951687,0.9344264,0.9478449,0.94741285,0.9396617,0.9404432,0.94440323,0.9543772,0.9452788,0.94699454,0.94418615,0.9468034,0.94680566,0.951528,0.94110954,0.94343024,0.9371228,0.9488993,0.94238937,0.950351,0.9373776,0.94643956,0.93934166,0.94213915,0.9428829,0.94307506,0.94668967,0.9525569,0.9357666,0.95225376,0.9477423,0.9369831,0.9426478,0.82485795,0.93558484,0.9482915,0.9473917,0.9380259,0.89559156,0.9363497,0.95060515,0.9534453,0.9488793,0.9369278,0.94841343,0.94129884,0.93753684,0.93595535,0.95249414,0.95802563,0.9430676,0.9502303,0.9476613,0.9426478,0.94156903,0.9466506,0.9318249,0.9631186,0.9487078,0.9619347,0.94259936,0.94278723,0.94752884,0.9531561,0.93459314,0.94312453,0.9450813,0.94937456,0.9531945,0.93811494,0.93309146,0.91873825,0.95134324,0.8702207,0.94880587,0.9281737,0.9436919,0.9343022,0.94091135,0.94712526,0.94339156,0.9465382,0.9379471,0.9448019,0.94846076,0.9283135,0.9566372,0.9376444,0.9588467,0.94600976,0.9511253,0.9314135,0.9425162,0.9402766,0.9411034,0.92577744,0.94419014,0.94360656,0.9388099,0.94442594,0.9381284,0.95908767,0.9701293,0.9502554,0.95045847,0.9454531,0.9359899,0.9454498,0.9426587,0.9521036,0.94502,0.9278574,0.9408346,0.94878656,0.9588852,0.9388568,0.94293046,0.9357535,0.93552345,0.9522369,0.94994557,0.9435463,0.9701293,0.940601,0.9592639,0.9503568,0.94603115
bernadettefilm,0.951787,0.9484451,0.9603644,0.9419867,0.9541102,0.94443315,0.9575236,0.95887953,0.97361207,0.9472009,0.9600568,0.95618004,0.94159335,0.957347,0.9538751,0.953036,0.95422727,0.94731677,0.9499372,0.94501746,1.0000001,0.95338356,0.953271,0.946563,0.9297335,0.92071706,0.94565374,0.95263165,0.95633835,0.94528866,0.9570109,0.95186645,0.9443569,0.94558215,0.94483507,0.9369109,0.9612186,0.93756217,0.9507497,0.9445273,0.94633496,0.94103605,0.94336694,0.9394838,0.947008,0.9507524,0.9517157,0.9555699,0.9433847,0.94029856,0.9617197,0.9557336,0.9319827,0.94088876,0.9452358,0.94821274,0.9446455,0.9535224,0.9553314,0.96000206,0.93803704,0.9555843,0.9485519,0.950549,0.9513195,0.95807904,0.9491691,0.9556684,0.94961655,0.9352323,0.9532749,0.8313041,0.93663436,0.9560903,0.94787896,0.92664176,0.8937762,0.9421742,0.94839895,0.9450195,0.95644253,0.94277966,0.9470909,0.9388369,0.94827384,0.9480251,0.95193,0.94246835,0.94388974,0.952525,0.95578235,0.9532749,0.9490269,0.95258576,0.9547544,0.94008744,0.95469254,0.948429,0.949846,0.9495732,0.9547055,0.9528326,0.93788993,0.95729715,0.9446019,0.95874655,0.9570521,0.94751656,0.93862337,0.9394847,0.95316726,0.87336135,0.9512982,0.9303042,0.95674616,0.9452662,0.9528711,0.95175934,0.96092975,0.9549525,0.94468033,0.94272774,0.9571958,0.93034256,0.9593537,0.95449,0.95149875,0.9574947,0.95085615,0.9339396,0.9677146,0.94544846,0.9525226,0.9375656,0.9490877,0.9496986,0.9440778,0.95253026,0.9433636,0.94530374,0.97361207,0.96158737,0.94734937,0.95030457,0.93822473,0.94569707,0.94850475,0.95438826,0.9445113,0.94580895,0.94705415,0.94790965,0.95476675,0.9403981,0.95407206,0.94376093,0.94252473,0.9509475,0.9490933,0.94327706,0.97361207,0.9477197,0.9527466,0.95138025,0.9533074
