movie,21bridgesmovie,47metersdown,abeautifuldaymovie,abominablemovie,adastramovie,adogsjourneymovie,aftermathmovie,aftermovie,ahiddenlifefilm,alitamovie,angelhasfallen,angrybirdsmovie,annabellemovie,annamovie,apollo11movie,arcticdogsmovie,arcticmovie,artofracingmovie,avengers,beachbummovie,bernadettefilm,blackandbluemovie,blackchristmas,blindedbythelightmovie,bombshellmovie,booksmart,breakthroughmovie,brianbanksmovie,brightburnmovie,brittanyrunsmov,captainmarvelofficial,captivestatemovie,catsmovie,charliesangels,childsplaymovie,clarathefilm,coldpursuitmovie,countdown,currentwarmovie,darkwatersmovie,detectivepikachumovie,disneyaladdin,disneyfrozen,disneymaleficent,doctorsleepmovie,dolemiteismyname,dontletgomovie,doramovie,downtonabbey_official,dumbo,escaperoom,everybodyknowsmovie,fastandfuriousmovie,fightingwmyfam,fivefeetapartfilm,fordvferrari,freaksthefilm,geminimanmovie,glassmovie,gloriabellmovie,godzillamovie,goldfinchmovie,goodboysmovie,goodliarmovie,gretafilm,halathemovie,happydeathdaymovie,harrietfilm,hellboymovie,hersmellmovie,highlifemovie,highstrungmovie,honeyboymovie,hotelmumbaifilm,httydragon,hustlemovie,hustlersmovie,isntitromantic,itmovieofficial,jayandsilentbob,johnwickmovie,jojorabbitmovie,jokermovie,judythefilm,jumanjimovie,justmercyfilm,knivesout,lalloronamovie,lastblackmansf,lastchristmasthemovie,latenightmovie,lighthousemovie,lionking,littlethemovie,littlewomenmovie,littlewoodsfilm,longshotmovie,lordsofchaosmovie,lucyintheskyfilm,mamovie2019,marriagestory,meettheaddams,meninblack,midsommarmovie,midwaymovie,missbalamovie,missinglinkfilm,motherlessbklyn,onceinhollywood,onthebasisofsex,overcomermovie,peanutbutterfalcon,petsematarymovie,piercingmovie,playingwithfire,playmobilthemovie,pomsmovie,queenandslim,rambomovie,readyornotfilm,richardjewellfilm,rocketmanmovie,scarystoriesmovie,secretlifeofpets,serenityfilm,shaftmovie,shazammovie,spidermanmovie,spiesindisguise,starwars,stormboymovie,stubermovie,taosdfilm,teenspiritmov,terminator,theaeronautsmov,thebestofenemies,thedeaddontdie,thefarewell,thehighwaymen,thehummingbirdprojectfilm,theintrudermovie,theirishmanfilm,thekitchenmovie,thelegomovie,themustangfilm,thenightingalefilm,theprodigymovie,thesunisalsoastar,theupsidefilm,tolkienmovie,toystory,triplefrontier,uglydolls,uncutgems,underthesilverlake,usmovie,wavesmovie,whatmenwant,wonderparkmovie,wrinklestheclown,xmenmovies,yardiefilm,yesterdaymovie,zombieland
21bridgesmovie,1.0000001,0.95800114,0.9650123,0.9579113,0.9602401,0.9428707,0.96973103,0.96581334,0.9820824,0.9583,0.9537885,0.9581673,0.95571923,0.9641126,0.95863926,0.95920104,0.9597451,0.9619558,0.9756396,0.94999284,0.95341116,0.9702155,0.9532844,0.958312,0.9458697,0.8798911,0.96257645,0.95872915,0.9683007,0.96514904,0.9584934,0.95987386,0.9556786,0.9527876,0.95311165,0.92735773,0.9628287,0.971501,0.9643728,0.9536723,0.9479581,0.9646573,0.95293266,0.96541005,0.9615971,0.9681476,0.95321053,0.96083456,0.95624864,0.9676027,0.9668563,0.9662461,0.9313601,0.9440922,0.9568672,0.9602449,0.9565862,0.9759301,0.95971024,0.963274,0.9593318,0.96314484,0.96633303,0.9630928,0.96401286,0.9634309,0.9522192,0.9515624,0.956201,0.95360744,0.9650673,0.86485237,0.9501658,0.9624519,0.94563144,0.9513496,0.92962915,0.9477843,0.9510141,0.96530163,0.9585261,0.9610813,0.96470165,0.954217,0.95176315,0.9579212,0.9567242,0.95510703,0.9559631,0.9577427,0.9642114,0.9650673,0.9534877,0.95989805,0.96427923,0.9557366,0.9613201,0.9626433,0.96046,0.9249535,0.9722492,0.96324974,0.9632283,0.9583865,0.9553922,0.965588,0.96747094,0.95469207,0.9643383,0.9471921,0.96636736,0.8823736,0.9704933,0.933856,0.95546746,0.97150534,0.9893977,0.9608022,0.9666553,0.96216524,0.95671403,0.96200925,0.95810544,0.9345401,0.96197206,0.9643062,0.9516493,0.96825296,0.9589586,0.92703354,0.9612705,0.95576966,0.96064776,0.93397516,0.9711705,0.96889496,0.97114974,0.9491877,0.9642011,0.9664025,0.9820824,0.9587456,0.967436,0.96079284,0.95809156,0.9658966,0.9504326,0.9552447,0.95436126,0.96895194,0.97112477,0.96255267,0.95935214,0.95838314,0.953859,0.9632051,0.9415061,0.9571976,0.9661977,0.9656189,0.9820824,0.9605425,0.965948,0.95776707,0.95863676
47metersdown,0.95800114,0.99999976,0.95312667,0.9518159,0.951112,0.9485194,0.96647316,0.9530595,0.9754084,0.93984413,0.94939804,0.95316905,0.9635282,0.9624376,0.9507521,0.9650571,0.9556437,0.9516124,0.95452815,0.9440589,0.9493441,0.9567637,0.95025635,0.9537275,0.94142234,0.8764671,0.9445689,0.94185245,0.96170056,0.96481365,0.94478935,0.9496532,0.9376272,0.9363461,0.94931626,0.91507787,0.96472824,0.9497857,0.9565692,0.94184345,0.95350325,0.9518294,0.94350386,0.953418,0.9438766,0.95904225,0.94759625,0.9425727,0.9516974,0.9563871,0.9563366,0.9596868,0.9375786,0.9411456,0.9466125,0.951586,0.9484,0.9607338,0.945535,0.9588234,0.95160276,0.94634193,0.9519772,0.9661347,0.9578107,0.9533076,0.9528049,0.9420773,0.95352477,0.9407585,0.95895535,0.82085323,0.9425341,0.9552294,0.94447374,0.94551533,0.9193579,0.94571656,0.9450359,0.9579607,0.94964755,0.95742106,0.9576241,0.9489472,0.9503954,0.94698834,0.9501926,0.9598618,0.9399082,0.96133655,0.95804375,0.95895535,0.95011026,0.9498233,0.9538634,0.949527,0.9475419,0.96125364,0.94963515,0.93276346,0.96325505,0.95637137,0.94567287,0.95281655,0.9539888,0.952852,0.96068275,0.9625094,0.9518417,0.94898194,0.95173526,0.85641795,0.95508283,0.92853177,0.9625702,0.9503946,0.95500225,0.9469151,0.9605665,0.96630883,0.9606582,0.96249235,0.95362,0.9437042,0.95255464,0.9528537,0.9566331,0.94980705,0.943724,0.9194258,0.9577019,0.9415375,0.9452086,0.93315804,0.9577316,0.963646,0.94545424,0.9402409,0.96741116,0.9495716,0.9754084,0.9567897,0.95350176,0.9603696,0.9522792,0.9580356,0.94151765,0.9507578,0.96562475,0.93788594,0.9696845,0.9547911,0.9551486,0.92985976,0.94979596,0.9533105,0.94597095,0.95217234,0.95275074,0.956309,0.9754084,0.9361304,0.93854976,0.9546952,0.95853984
abeautifuldaymovie,0.9650123,0.95312667,0.9999999,0.9419758,0.96319103,0.94204265,0.94854486,0.95740616,0.9739768,0.9538662,0.9452724,0.9596743,0.95565236,0.9542546,0.9551812,0.9579052,0.9631087,0.965753,0.9588126,0.95092165,0.9493892,0.96666235,0.94592434,0.9576316,0.950386,0.8575061,0.958319,0.9512844,0.9745257,0.9514335,0.95275897,0.9407401,0.9399892,0.94461775,0.9495861,0.90082806,0.9519769,0.959282,0.9574016,0.93765765,0.9473313,0.9473352,0.9337194,0.9527648,0.9550385,0.9523938,0.9442035,0.9495633,0.94587386,0.9545792,0.9729426,0.96279573,0.9384105,0.9387196,0.9440409,0.9530158,0.94900316,0.9592313,0.9490913,0.9463953,0.9392274,0.9475748,0.9588582,0.9600641,0.95573413,0.94408375,0.9530794,0.9462067,0.9459747,0.94212234,0.9576005,0.83015865,0.94449705,0.9597434,0.9341809,0.94343853,0.90909314,0.9330106,0.9437729,0.9494396,0.9488201,0.94771725,0.9529604,0.9448677,0.960338,0.93720233,0.94240636,0.95487267,0.94416153,0.94982785,0.94820344,0.9576005,0.9493222,0.95454127,0.97039366,0.95239544,0.95251614,0.9497197,0.94347537,0.9212821,0.96094185,0.9625318,0.964827,0.9508967,0.9490869,0.96836805,0.96089077,0.9589883,0.95558137,0.9506575,0.9493224,0.8711168,0.9601644,0.9296336,0.95546764,0.94755644,0.96453565,0.9400526,0.9555451,0.9468656,0.944864,0.9577656,0.9549545,0.93438077,0.95726544,0.9507893,0.9459956,0.96365166,0.9424852,0.91067487,0.96223813,0.95292795,0.9469374,0.9391978,0.95570105,0.9543604,0.9475349,0.93905705,0.9582885,0.95735264,0.9739768,0.9684025,0.960699,0.9547801,0.94678754,0.95982957,0.9419636,0.9471395,0.95838124,0.95245874,0.95138556,0.9703286,0.9514385,0.92512596,0.9393297,0.95629907,0.9437119,0.9516412,0.9481506,0.9570183,0.9739768,0.94773436,0.9477355,0.95339787,0.96170974
abominablemovie,0.9579113,0.9518159,0.9419758,0.9999996,0.93855304,0.9444434,0.95853734,0.9472187,0.9712852,0.93901706,0.95452845,0.95433736,0.9510027,0.95154977,0.94057685,0.95094395,0.96328586,0.94481033,0.9541083,0.93139637,0.9472975,0.95369315,0.95577633,0.94859535,0.93790305,0.8700353,0.943812,0.9529166,0.95236844,0.9547334,0.95131594,0.9530024,0.94830614,0.9455517,0.9466103,0.938299,0.95790607,0.9496478,0.9477077,0.9509875,0.9480214,0.95494163,0.938288,0.9520739,0.9407998,0.95508343,0.94969666,0.94532907,0.9409138,0.9564791,0.9526696,0.9574287,0.9284974,0.9373031,0.9482562,0.9351726,0.9464618,0.96390736,0.9607853,0.9600205,0.9536552,0.9530633,0.9425136,0.9506535,0.95879114,0.9373222,0.9466218,0.9432445,0.95344174,0.94739854,0.96066076,0.83566785,0.93719226,0.9549908,0.95216197,0.93688506,0.91856056,0.93494034,0.936148,0.9515981,0.9531699,0.9511646,0.9557883,0.93970245,0.9409529,0.93973136,0.96427804,0.94970167,0.94266826,0.951435,0.94287205,0.96066076,0.94553745,0.9528771,0.9543797,0.94442934,0.94162697,0.9462435,0.950997,0.9411355,0.95375425,0.9476926,0.9486964,0.9604111,0.94823676,0.9477295,0.9541937,0.94236976,0.9524139,0.948282,0.96184754,0.85301256,0.94948006,0.9269328,0.95048904,0.9493767,0.94962084,0.95332694,0.9553857,0.96016705,0.9466409,0.94950604,0.94677496,0.93544304,0.9484778,0.9576808,0.94707763,0.94888824,0.9394838,0.9422112,0.94566745,0.9274673,0.95703113,0.93853414,0.95377326,0.955889,0.94968176,0.93778396,0.9662775,0.94481796,0.9712852,0.94394845,0.9445694,0.9394508,0.94699377,0.95464563,0.9470834,0.94847995,0.9454963,0.93686765,0.9566891,0.94410926,0.9544834,0.93201107,0.9433907,0.95760894,0.9496086,0.9518759,0.955285,0.94919014,0.9712852,0.934394,0.95685077,0.952092,0.9424484
adastramovie,0.9602401,0.951112,0.96319103,0.93855304,1.0,0.9431795,0.9496877,0.9640531,0.97125,0.96016765,0.94291455,0.9584714,0.9435475,0.95074385,0.9545514,0.94610894,0.949394,0.9742563,0.9541298,0.95690185,0.9468803,0.95409083,0.9518682,0.9459806,0.93788296,0.85989213,0.9566962,0.9313818,0.95224893,0.9493496,0.93237406,0.9375816,0.9347391,0.9502788,0.9410264,0.90450776,0.95620286,0.9497054,0.95968306,0.93933666,0.9456495,0.94566983,0.94426364,0.9480597,0.94621754,0.9565112,0.9488005,0.940014,0.942173,0.9533041,0.9576447,0.95714074,0.93488926,0.9259165,0.94118047,0.9686252,0.94198054,0.95871675,0.9372049,0.9516644,0.9313525,0.94591147,0.9480448,0.950357,0.9544188,0.9449479,0.9484792,0.935714,0.9448919,0.9375428,0.9528636,0.8274737,0.9387494,0.9481106,0.9253444,0.94259655,0.9186183,0.9381254,0.9331667,0.9426006,0.94974405,0.9467457,0.9419724,0.9476122,0.95130134,0.93213826,0.9396586,0.9458716,0.9427457,0.95932657,0.9437713,0.9528636,0.94508636,0.9422396,0.95585483,0.9535613,0.94228864,0.9566926,0.940274,0.9233193,0.95938665,0.95939314,0.9515597,0.945278,0.9483857,0.9530867,0.9537285,0.9430408,0.9462334,0.9329809,0.95077026,0.8780704,0.9520943,0.93787163,0.9450591,0.93673944,0.95814127,0.92971396,0.960341,0.94737124,0.9408139,0.9510114,0.95112485,0.93081284,0.9504114,0.94830006,0.94423556,0.9487822,0.96478,0.9160699,0.95159143,0.9560592,0.9402706,0.9315755,0.9553873,0.94883835,0.9426665,0.94711196,0.9600745,0.9563179,0.97125,0.9526271,0.9512991,0.9425664,0.94429654,0.95224696,0.9385796,0.9422343,0.9511284,0.93111384,0.9550389,0.9538844,0.94123304,0.9243069,0.94064915,0.9535896,0.9359041,0.9457007,0.935964,0.9523826,0.97125,0.9643599,0.9519134,0.9509462,0.9498437
adogsjourneymovie,0.9428707,0.9485194,0.94204265,0.9444434,0.9431795,1.0000002,0.95152366,0.94085974,0.97016954,0.9321783,0.93448555,0.95365816,0.9517519,0.954621,0.9503293,0.9452466,0.94141513,0.93760735,0.9359,0.93870175,0.92977774,0.947112,0.9561118,0.9570618,0.94190854,0.87298423,0.93492377,0.9432304,0.9450212,0.94588894,0.9342947,0.9436792,0.94072944,0.9458963,0.9499898,0.89094526,0.9663225,0.9483913,0.9580372,0.9449468,0.95493466,0.9605764,0.95351374,0.96496683,0.9431528,0.94936,0.9455326,0.9425506,0.95019126,0.963651,0.9502164,0.9609768,0.93646264,0.94124496,0.9264585,0.93766755,0.93657935,0.9524589,0.937215,0.9511739,0.9373997,0.94721264,0.9469494,0.9533946,0.9588685,0.94386476,0.93638194,0.94085896,0.9481983,0.9299697,0.95701224,0.80164117,0.9181737,0.9571616,0.94673437,0.9416273,0.9143349,0.9472403,0.9395768,0.95418996,0.93712956,0.9518884,0.9540338,0.9380457,0.9402633,0.93351775,0.9480346,0.9553709,0.9453947,0.94870853,0.94414425,0.95701224,0.9432627,0.94349146,0.95392424,0.93511003,0.92822206,0.9448481,0.93987775,0.94452614,0.9519923,0.949583,0.9471392,0.9525729,0.94422454,0.9516289,0.9498147,0.9519263,0.93749183,0.9478335,0.9488345,0.8668334,0.9429337,0.9098077,0.9513838,0.946414,0.9493212,0.94250304,0.9549528,0.95516723,0.94968003,0.9513787,0.93555814,0.96659034,0.9470076,0.95259684,0.95896596,0.94839644,0.94293153,0.92513645,0.9353297,0.9418876,0.9411388,0.93043774,0.9440481,0.9474211,0.9392985,0.9382005,0.9615478,0.9388907,0.97016954,0.9419378,0.9404237,0.952852,0.9468769,0.9550323,0.9189967,0.9469202,0.96526855,0.94242543,0.95881814,0.94813937,0.9455047,0.91558087,0.9398328,0.9434435,0.9481752,0.9438714,0.938095,0.9440767,0.97016954,0.9408303,0.94448394,0.9529906,0.9400225
aftermathmovie,0.96973103,0.96647316,0.94854486,0.95853734,0.9496877,0.95152366,1.0000004,0.9601986,0.9803202,0.949036,0.95177084,0.9597441,0.95613754,0.95831174,0.95718753,0.95801336,0.9591573,0.9529665,0.960534,0.9480036,0.95469284,0.96548957,0.9572922,0.96447647,0.94439024,0.87844074,0.9607235,0.95322245,0.9628119,0.9682767,0.95308167,0.96157676,0.9520844,0.9474244,0.956566,0.9317095,0.96319246,0.95264167,0.95967066,0.9482865,0.9565948,0.9629594,0.95574284,0.96292984,0.9452396,0.961977,0.9556684,0.9498658,0.9615664,0.9654367,0.9590176,0.9688317,0.93500775,0.9488469,0.9524601,0.9515442,0.9616068,0.9725059,0.95897436,0.96862704,0.96528405,0.96078444,0.95340633,0.96203554,0.96962184,0.9598045,0.94727486,0.950193,0.95780873,0.9468984,0.9666693,0.84548676,0.93924314,0.9624562,0.94332665,0.9471939,0.9199868,0.9525039,0.95430756,0.95785475,0.95591,0.9733905,0.9623021,0.95784926,0.9416244,0.95363283,0.9601905,0.957474,0.9516947,0.9632858,0.95612884,0.9666693,0.9525936,0.95513654,0.9567731,0.95689344,0.9591961,0.957561,0.9676458,0.93513626,0.96316224,0.9623093,0.95284104,0.95891154,0.9483028,0.95553195,0.9581522,0.9528994,0.96392006,0.9517774,0.9658093,0.8744486,0.96055114,0.93203753,0.9599258,0.96220285,0.96725386,0.96135193,0.963213,0.9859972,0.955752,0.9558019,0.95709777,0.94029695,0.95977265,0.9604703,0.9551848,0.9520701,0.9510969,0.9321851,0.9616199,0.9449516,0.95654655,0.93159443,0.9634062,0.96847165,0.96398056,0.94888264,0.9687647,0.9497719,0.9803202,0.9581993,0.9589526,0.9620899,0.95755583,0.9700406,0.9485807,0.95000714,0.9591515,0.9524837,0.9812788,0.9527379,0.95132744,0.9420352,0.9534833,0.9634901,0.9472429,0.95230097,0.96364266,0.958812,0.9803202,0.944114,0.9563988,0.96084183,0.96088195
aftermovie,0.96581334,0.9530595,0.95740616,0.9472187,0.9640531,0.94085974,0.9601986,0.99999994,0.97805256,0.95691025,0.95398563,0.96169096,0.96408933,0.96430564,0.9658644,0.9600329,0.9539916,0.95881605,0.95796084,0.9527154,0.9491354,0.9579454,0.95621157,0.9572126,0.956131,0.88228095,0.9584264,0.9385305,0.9645914,0.95545393,0.9447613,0.955586,0.9454763,0.953144,0.9487986,0.9222348,0.9553982,0.9607729,0.96261257,0.94874537,0.9555938,0.95965034,0.94582933,0.9608664,0.9536959,0.95888764,0.95582914,0.95010096,0.9530956,0.9643379,0.964256,0.96834165,0.9540677,0.94957477,0.95977795,0.96488273,0.95122844,0.962294,0.9473574,0.95650077,0.95171255,0.95837855,0.9502948,0.95965815,0.95803404,0.957376,0.9492164,0.95055515,0.95954627,0.9425601,0.9588248,0.8543066,0.9431719,0.95445246,0.9346129,0.9511738,0.9159081,0.94487685,0.9432077,0.94939864,0.9638544,0.9539036,0.95499426,0.96465504,0.9533224,0.95563287,0.94969153,0.96756023,0.9530994,0.9606402,0.951239,0.9588248,0.95649165,0.9520106,0.95534664,0.965907,0.96189874,0.9549515,0.9571735,0.9353482,0.9579331,0.9654247,0.9518556,0.9556226,0.94996,0.96050304,0.9622733,0.94984937,0.9522097,0.9472491,0.9530294,0.88146275,0.9614217,0.93083096,0.9594837,0.9580712,0.9618116,0.95137876,0.9666956,0.95944744,0.9533554,0.9583961,0.9594143,0.93976176,0.95685196,0.95580524,0.9553339,0.96357286,0.9535611,0.91369337,0.95727843,0.95261264,0.9461203,0.9336585,0.9593579,0.95692116,0.95230764,0.9472892,0.9614098,0.9497499,0.97805256,0.9592057,0.94873446,0.9584552,0.963511,0.9589353,0.9426357,0.95126003,0.95824146,0.9505006,0.9642986,0.9534155,0.9495023,0.9389384,0.9475895,0.9605139,0.9422138,0.9512227,0.9623143,0.9626489,0.97805256,0.9604231,0.95507056,0.95388794,0.96365356
ahiddenlifefilm,0.9820824,0.9754084,0.9739768,0.9712852,0.97125,0.97016954,0.9803202,0.97805256,0.99999994,0.970375,0.97119004,0.97841156,0.97595227,0.98173434,0.9781997,0.97256774,0.9760447,0.9724223,0.97423494,0.9710427,0.97129965,0.9779795,0.97623754,0.9801359,0.96609867,0.8927532,0.9729593,0.96642613,0.98289526,0.9790123,0.96672297,0.9699193,0.9665404,0.97175694,0.97082967,0.9362156,0.98192286,0.9774431,0.9808914,0.97075784,0.97078186,0.97826207,0.9674773,0.980476,0.9752444,0.9806393,0.97383285,0.9735688,0.9728195,0.9836461,0.9811255,0.98606074,0.9625578,0.9637218,0.967177,0.9728547,0.96851,0.9830169,0.9727081,0.97906554,0.96969956,0.9737727,0.9743917,0.9798281,0.9764663,0.97279054,0.97054136,0.9717588,0.9780825,0.9652121,0.9826453,0.8516874,0.9608377,0.97989905,0.96451324,0.96470225,0.93887424,0.9655031,0.9659182,0.974017,0.97355235,0.97602314,0.97829276,0.96965057,0.97102535,0.96612,0.9748475,0.978259,0.97227174,0.97863793,0.9742983,0.9826453,0.97056067,0.97492796,0.97910434,0.9705862,0.9751122,0.9746283,0.97380364,0.95814055,0.98222756,0.97791934,0.97269535,0.978289,0.9714571,0.9798282,0.98194563,0.97293353,0.9730368,0.9681715,0.982671,0.8850021,0.9819528,0.9470191,0.9736522,0.9748527,0.981762,0.97099787,0.98133415,0.9789337,0.9755295,0.98003995,0.97635776,0.9585258,0.97883356,0.97894007,0.973979,0.9766051,0.97010285,0.94114137,0.9772353,0.9684958,0.97372395,0.95219415,0.97952604,0.9792537,0.9751123,0.96830726,0.9856121,0.97395784,0.99999994,0.97414166,0.9760119,0.97545147,0.9768864,0.9799025,0.9614556,0.97089,0.97767895,0.9690269,0.98304856,0.97576404,0.97144455,0.9602023,0.9708325,0.97875565,0.96889585,0.97539705,0.9763973,0.9752642,0.99999994,0.97006214,0.97752655,0.9750924,0.97542375
alitamovie,0.9583,0.93984413,0.9538662,0.93901706,0.96016765,0.9321783,0.949036,0.95691025,0.970375,0.99999964,0.9462818,0.950711,0.94358695,0.9511147,0.95096415,0.94960606,0.9513722,0.96146303,0.9540999,0.9480009,0.942974,0.9473253,0.9535644,0.9441564,0.9297664,0.8643656,0.95193535,0.9266953,0.9580474,0.9497901,0.9443693,0.94069827,0.9374397,0.951857,0.935834,0.91548365,0.9422067,0.95027703,0.9540278,0.94480985,0.9328734,0.948642,0.93773746,0.9476741,0.95100737,0.9478643,0.9540216,0.9418052,0.9432459,0.95301306,0.95345604,0.958551,0.94338304,0.9395976,0.9399637,0.9537196,0.945953,0.9550119,0.941365,0.9466607,0.93820816,0.9484021,0.96036446,0.94736475,0.9516235,0.9492203,0.9467106,0.9450884,0.94542086,0.93603134,0.95319074,0.81511515,0.9354109,0.94319946,0.93207985,0.9397337,0.90519637,0.9300885,0.9495553,0.9304364,0.947541,0.94333696,0.94890255,0.93780315,0.9449897,0.9357385,0.9354264,0.9484178,0.95566,0.9589469,0.9436599,0.95319074,0.939209,0.9560293,0.9446453,0.9538272,0.9519317,0.9518616,0.95101345,0.9276381,0.9523278,0.9585436,0.9480637,0.9492434,0.9592533,0.95213985,0.9472675,0.9414,0.94716656,0.93474185,0.95563346,0.8643809,0.9482251,0.91900945,0.9377709,0.9402697,0.95571274,0.94153374,0.95106435,0.944864,0.9425839,0.9498231,0.95227754,0.93043214,0.95793265,0.94994223,0.94859296,0.9493268,0.9490763,0.90407246,0.94977117,0.951433,0.9444367,0.9172061,0.9574417,0.9505157,0.9428326,0.9453555,0.95961046,0.9568128,0.970375,0.9465172,0.9510679,0.9410497,0.94660765,0.95045036,0.93913096,0.934065,0.9474217,0.9376279,0.9532282,0.9516419,0.9381978,0.93665814,0.93273306,0.95346296,0.94218916,0.94836885,0.93979913,0.95443577,0.970375,0.94776976,0.95619833,0.95810497,0.9503808
angelhasfallen,0.9537885,0.94939804,0.9452724,0.95452845,0.94291455,0.93448555,0.95177084,0.95398563,0.97119004,0.9462818,0.9999998,0.9379283,0.95155185,0.9496901,0.95182866,0.945234,0.95150226,0.9518197,0.94553065,0.9417913,0.9495414,0.95377564,0.9481011,0.9486718,0.9397962,0.85792345,0.94753,0.9391401,0.96025646,0.9427306,0.9454004,0.9417176,0.92403686,0.9444614,0.9429159,0.9198793,0.95242554,0.9503918,0.94609773,0.94803244,0.9486401,0.9455434,0.9376459,0.9528863,0.9399041,0.9522967,0.9424186,0.94230276,0.94004947,0.9527005,0.9583841,0.9597388,0.93120366,0.93402475,0.9368856,0.95501375,0.9402812,0.9530348,0.95424664,0.9549982,0.9547623,0.9467921,0.9359245,0.94695854,0.9420242,0.95628834,0.9425135,0.9364605,0.9585913,0.93734574,0.962284,0.81636393,0.9453972,0.94356525,0.953668,0.937164,0.92772806,0.9362197,0.9366095,0.9461743,0.970647,0.9516544,0.9470629,0.95297843,0.9347763,0.9407475,0.9609335,0.9529349,0.9457954,0.9558291,0.9419363,0.962284,0.9495278,0.945666,0.9497759,0.9565873,0.9645984,0.94811016,0.9413188,0.9353057,0.9531085,0.9553417,0.95044565,0.95446056,0.93342364,0.9547051,0.9549252,0.94078684,0.9443752,0.94972575,0.95482385,0.86758184,0.9473558,0.91824067,0.95113903,0.9626069,0.9512813,0.9511368,0.9539937,0.9525748,0.9462331,0.9522923,0.95234424,0.92211854,0.9530991,0.95403695,0.9416125,0.9489616,0.9351783,0.90432286,0.94364655,0.9370953,0.9435306,0.92749184,0.9533219,0.9471003,0.9460688,0.9455166,0.96575946,0.9435674,0.97119004,0.95103997,0.9441159,0.9401656,0.946459,0.95255315,0.93536323,0.9489701,0.9479766,0.94029355,0.95934385,0.9405724,0.9417186,0.94222224,0.9450247,0.9581582,0.94335014,0.9500068,0.95002574,0.95464116,0.97119004,0.95751727,0.9482722,0.9423861,0.94794637
angrybirdsmovie,0.9581673,0.95316905,0.9596743,0.95433736,0.9584714,0.95365816,0.9597441,0.96169096,0.97841156,0.950711,0.9379283,0.99999994,0.9565636,0.9680959,0.9509744,0.9523565,0.9589574,0.95474917,0.9563126,0.9450654,0.95090556,0.96037,0.962134,0.96178424,0.94935,0.86705846,0.95470023,0.9514975,0.96302253,0.95977825,0.93956375,0.94906217,0.9525084,0.9524493,0.9462505,0.9097374,0.96221524,0.9598384,0.96080196,0.94872856,0.9559465,0.95873624,0.95211774,0.9530783,0.94858205,0.95834607,0.960606,0.9603412,0.9506685,0.9622402,0.96433514,0.9634554,0.9428081,0.9521195,0.95497066,0.9557782,0.9533485,0.9681606,0.9556361,0.9565344,0.9491002,0.9591819,0.954218,0.9674391,0.9675419,0.9448568,0.95618755,0.95312923,0.95566815,0.94880706,0.9592553,0.82733935,0.9355862,0.9721637,0.9386452,0.94606066,0.91804826,0.9457493,0.9470348,0.9525337,0.95670986,0.95600283,0.9575975,0.9422621,0.9664357,0.9470033,0.9524656,0.9566686,0.9481711,0.9555533,0.9576775,0.9592553,0.94977856,0.9565678,0.9661224,0.94432575,0.9512363,0.9503782,0.9506008,0.94656515,0.96309596,0.95586175,0.95431423,0.95714456,0.95093465,0.96386516,0.9589145,0.9539141,0.95287204,0.9522932,0.9600479,0.8540582,0.9606301,0.9278242,0.9578089,0.94650733,0.95912015,0.9478478,0.9624881,0.9562148,0.9474485,0.9566131,0.95634305,0.9533174,0.94509876,0.9577678,0.9532018,0.96101683,0.9563848,0.93964124,0.9580695,0.9511572,0.95260143,0.92897785,0.95697165,0.9577302,0.9562342,0.9499931,0.9710603,0.95000565,0.97841156,0.9482876,0.9530801,0.96013933,0.96008784,0.9612031,0.94363225,0.9483397,0.9618956,0.95003754,0.95904577,0.96561724,0.95011175,0.9245977,0.9527038,0.95813847,0.9519902,0.9553439,0.9578195,0.9510727,0.97841156,0.95049185,0.9509043,0.95678055,0.9620787
annabellemovie,0.95571923,0.9635282,0.95565236,0.9510027,0.9435475,0.9517519,0.95613754,0.96408933,0.97595227,0.94358695,0.95155185,0.9565636,1.0000001,0.9595625,0.9524179,0.9571956,0.94843984,0.95368373,0.9476959,0.94331247,0.9485448,0.9546759,0.9490189,0.9508274,0.9389303,0.8718689,0.9451322,0.93720514,0.96496296,0.9492073,0.9489307,0.9556763,0.93683577,0.9477579,0.95241493,0.92171353,0.95698863,0.9690898,0.95324975,0.94832355,0.96288574,0.94617957,0.9432741,0.95607275,0.95221317,0.9503721,0.94469297,0.9465134,0.9496423,0.95469636,0.9620602,0.96452105,0.9507578,0.95097905,0.9505443,0.9492604,0.95092064,0.9587154,0.9478352,0.9564326,0.96511364,0.94592506,0.94614476,0.9664054,0.9613648,0.9502147,0.9433097,0.944501,0.9593448,0.9420588,0.95822716,0.82760775,0.94141597,0.9565926,0.9412768,0.9450919,0.917845,0.9407835,0.94729435,0.9584314,0.9567446,0.95236325,0.95918566,0.9526503,0.96920246,0.94941735,0.95982844,0.9802895,0.95106226,0.95849746,0.9492328,0.95822716,0.95014226,0.9481098,0.95769423,0.9518566,0.9549363,0.96109045,0.94749975,0.9288474,0.9575736,0.96047544,0.95082104,0.9529155,0.9518373,0.960217,0.96579343,0.96322966,0.94749266,0.95513093,0.9553458,0.879586,0.963952,0.93460274,0.95592666,0.9563858,0.95796156,0.95705235,0.9635943,0.95965624,0.9624738,0.96127963,0.9510919,0.9451316,0.9464862,0.960808,0.9583855,0.95363873,0.9347341,0.9199206,0.9591359,0.9387108,0.94348216,0.93562496,0.9628463,0.955548,0.95092016,0.9458272,0.9639835,0.94953233,0.97595227,0.95359963,0.9502368,0.9668668,0.9598061,0.96422285,0.9496111,0.9576964,0.96518517,0.9412533,0.9594313,0.9502089,0.9546093,0.9336363,0.94153076,0.9540335,0.9449987,0.95219433,0.95890176,0.9641842,0.97595227,0.9504258,0.94584805,0.94828105,0.9621252
annamovie,0.9641126,0.9624376,0.9542546,0.95154977,0.95074385,0.954621,0.95831174,0.96430564,0.98173434,0.9511147,0.9496901,0.9680959,0.9595625,0.9999998,0.9615889,0.96240896,0.957419,0.95318514,0.9574785,0.9497121,0.9499734,0.9561451,0.9638061,0.96201473,0.9507264,0.87660104,0.95270854,0.9530987,0.96203905,0.96493226,0.9512192,0.9555678,0.95606595,0.9564111,0.9474173,0.9163454,0.9651528,0.95908445,0.9643478,0.9530578,0.95293766,0.9695305,0.9493624,0.9619355,0.9528837,0.9622981,0.9617056,0.9547506,0.9625447,0.97103274,0.9611592,0.96522456,0.9532677,0.94583815,0.95335305,0.9598049,0.95747805,0.97140247,0.9471201,0.95882946,0.9522787,0.9534891,0.95806926,0.975894,0.955577,0.95422316,0.9604722,0.9582856,0.9607299,0.95284426,0.96036816,0.84056276,0.9520861,0.96564794,0.9477923,0.95448893,0.928454,0.95512277,0.9462539,0.9581431,0.96622866,0.95995903,0.9626823,0.9576442,0.95780563,0.96256953,0.9576237,0.95968235,0.9470366,0.9624666,0.95975995,0.96036816,0.95797503,0.9695636,0.95344853,0.95505524,0.9619403,0.9547312,0.9577608,0.95810384,0.97549576,0.95209026,0.9588667,0.9548464,0.9701778,0.9601198,0.96722174,0.96005917,0.9625691,0.9501034,0.9664553,0.86259174,0.96382314,0.9215659,0.9644189,0.95531154,0.9602336,0.9568983,0.9647571,0.9573747,0.9593302,0.9699876,0.9572202,0.94826984,0.95591897,0.96240616,0.95467293,0.95808524,0.9536224,0.92671025,0.95656097,0.95439297,0.9555605,0.9322418,0.9675047,0.9658354,0.9574565,0.95662344,0.96798116,0.96417344,0.98173434,0.9522949,0.960797,0.9630959,0.963277,0.9575213,0.93865716,0.95113325,0.96511406,0.95341134,0.96123976,0.9627525,0.96063435,0.942044,0.95157,0.9588651,0.9595294,0.94991547,0.9611562,0.9591142,0.98173434,0.9444703,0.9580947,0.96525234,0.95690465
apollo11movie,0.95863926,0.9507521,0.9551812,0.94057685,0.9545514,0.9503293,0.95718753,0.9658644,0.9781997,0.95096415,0.95182866,0.9509744,0.9524179,0.9615889,0.9999996,0.95290303,0.9495419,0.9536994,0.9532678,0.9723411,0.9500735,0.9557063,0.9572767,0.9680031,0.9543594,0.87069,0.95427006,0.9381514,0.9621568,0.95518124,0.94471395,0.9530133,0.94631016,0.95678955,0.9415409,0.89316106,0.96533614,0.9556618,0.96550804,0.9447813,0.9482616,0.95977277,0.94888026,0.961148,0.9634066,0.9581499,0.9529753,0.951519,0.95366955,0.9648248,0.9614211,0.9689169,0.94873106,0.9345253,0.93937826,0.95516604,0.9455955,0.95708174,0.94841903,0.9633831,0.941501,0.9562034,0.9536449,0.95725626,0.95860547,0.9578867,0.94766456,0.94775146,0.96046436,0.93939054,0.9636621,0.8207385,0.93705523,0.957579,0.94281685,0.9441238,0.91343755,0.94978803,0.9410292,0.9477415,0.9522314,0.95286626,0.94804245,0.95381504,0.94233745,0.94862276,0.9507749,0.9644294,0.95889455,0.970761,0.95803195,0.9636621,0.9551297,0.9502127,0.9577507,0.97090775,0.96133393,0.9548016,0.9470117,0.9387197,0.9559532,0.96213263,0.9554216,0.9505394,0.94995433,0.95898813,0.95651716,0.9417116,0.9518111,0.9456974,0.9644597,0.8569215,0.9612086,0.92149746,0.94879687,0.95338666,0.96220845,0.94401497,0.9598174,0.95932394,0.9546072,0.95953995,0.9581189,0.93580765,0.96499544,0.9528535,0.95744467,0.95670635,0.9507003,0.9116657,0.95852333,0.9550774,0.95065594,0.9320809,0.9604417,0.9608745,0.95349777,0.9562979,0.9646988,0.9492103,0.9781997,0.9628016,0.9517216,0.94845784,0.9508784,0.95858485,0.93468326,0.9443275,0.95453507,0.9462619,0.96435606,0.95335984,0.9396963,0.9426228,0.9560978,0.960092,0.95002806,0.95388794,0.94872993,0.9477847,0.9781997,0.95347875,0.9533,0.95670164,0.95759773
arcticdogsmovie,0.95920104,0.9650571,0.9579052,0.95094395,0.94610894,0.9452466,0.95801336,0.9600329,0.97256774,0.94960606,0.945234,0.9523565,0.9571956,0.96240896,0.95290303,1.0000001,0.95476323,0.94742167,0.95145506,0.9476836,0.9557158,0.95489943,0.94822294,0.9579715,0.9448088,0.86156493,0.94125134,0.9477421,0.9654477,0.96027416,0.94264597,0.9506017,0.9390052,0.93882996,0.9380742,0.9170855,0.9539147,0.9452717,0.9502123,0.95067126,0.94418526,0.961362,0.9464891,0.95554924,0.94725645,0.95306015,0.9449714,0.9475544,0.9550567,0.959377,0.9583874,0.96769154,0.94188195,0.9432887,0.9452219,0.95037025,0.9538138,0.96012527,0.94274616,0.9519307,0.94074523,0.9488303,0.9604274,0.95925635,0.95675784,0.9508543,0.9500385,0.9522002,0.94570386,0.9412422,0.95579994,0.8284683,0.937957,0.9512661,0.9341625,0.9452238,0.90618896,0.94118637,0.94543856,0.949171,0.9479087,0.95224047,0.9613543,0.94597745,0.9367147,0.94193065,0.94391316,0.9575953,0.9495966,0.95881766,0.9436471,0.95579994,0.9527215,0.9466855,0.9502994,0.9549235,0.9423684,0.9555284,0.9473498,0.92487574,0.9587689,0.9534333,0.9534709,0.9490641,0.9528323,0.9563924,0.95496124,0.96953297,0.96709263,0.94773084,0.9516864,0.8566088,0.95223624,0.9214813,0.9622484,0.94635093,0.9557946,0.947207,0.959876,0.9626448,0.9501093,0.9593921,0.948413,0.94159716,0.95104206,0.9473306,0.95478827,0.9502515,0.9321304,0.9229719,0.9531315,0.9365888,0.9499789,0.9252678,0.9521355,0.9595028,0.94831294,0.9481263,0.9593406,0.95339096,0.97256774,0.96030575,0.9520383,0.9625345,0.9554213,0.9644262,0.9362364,0.9421163,0.9621221,0.94631207,0.9612575,0.9532728,0.9541836,0.9286723,0.9391104,0.95339924,0.9452634,0.95353115,0.94817644,0.95702326,0.97256774,0.93658483,0.9497439,0.9569307,0.9520725
arcticmovie,0.9597451,0.9556437,0.9631087,0.96328586,0.949394,0.94141513,0.9591573,0.9539916,0.9760447,0.9513722,0.95150226,0.9589574,0.94843984,0.957419,0.9495419,0.95476323,1.0000005,0.9502559,0.9555109,0.952946,0.95051676,0.9672395,0.95085317,0.9529312,0.9487292,0.8783146,0.9522907,0.9661624,0.9673251,0.95947367,0.9513174,0.9482026,0.9444299,0.9466687,0.9493423,0.91243654,0.9533989,0.95342565,0.9589136,0.9489967,0.9445038,0.9569169,0.94494003,0.9604435,0.9526856,0.9561288,0.94788027,0.95103204,0.9421964,0.96153176,0.96392065,0.959882,0.94102055,0.938538,0.95493203,0.95302886,0.95050937,0.96294314,0.95100653,0.95448583,0.9471387,0.95207226,0.9617835,0.95760286,0.9563831,0.946009,0.9583312,0.9496296,0.95132947,0.9501632,0.9589691,0.8343581,0.94523054,0.96188396,0.9420732,0.93280375,0.91238153,0.9298414,0.9408108,0.9412638,0.9568544,0.9469913,0.9562348,0.9467066,0.9480911,0.9417091,0.9535331,0.9563922,0.9509441,0.95127964,0.95549613,0.9589691,0.95776045,0.9584051,0.9585683,0.94958675,0.9519564,0.9555537,0.9529327,0.93770593,0.95701313,0.9559908,0.9523761,0.9522101,0.9487541,0.9584984,0.9582828,0.9560852,0.9519302,0.95246387,0.95696867,0.8563662,0.9553666,0.91776025,0.95263755,0.94948834,0.955185,0.9451626,0.9563171,0.95922655,0.9433714,0.9564206,0.9518928,0.9353225,0.96154606,0.95481724,0.94756085,0.9596153,0.9447996,0.9262888,0.9564351,0.942202,0.9741265,0.94942325,0.9556044,0.9664126,0.952694,0.9350471,0.9582999,0.94956887,0.9760447,0.9598816,0.9586977,0.9484561,0.94885707,0.9539796,0.9553792,0.94596004,0.95269513,0.9477766,0.9594321,0.9606405,0.95783013,0.9328928,0.9462416,0.9608978,0.95166284,0.95729995,0.9528371,0.9569645,0.9760447,0.93989354,0.95586914,0.95300126,0.9577634
artofracingmovie,0.9619558,0.9516124,0.965753,0.94481033,0.9742563,0.93760735,0.9529665,0.95881605,0.9724223,0.96146303,0.9518197,0.95474917,0.95368373,0.95318514,0.9536994,0.94742167,0.9502559,1.0000004,0.96062285,0.95320475,0.9612552,0.95621544,0.9519656,0.9487533,0.93927014,0.87369746,0.9581052,0.9380878,0.9567296,0.95385784,0.9438659,0.9425274,0.93587387,0.9526771,0.9379396,0.9194707,0.95025456,0.9544431,0.9489539,0.94374144,0.95211065,0.94166696,0.9402844,0.95124125,0.9479362,0.95402277,0.9485788,0.943785,0.9438421,0.95533746,0.9565607,0.95867544,0.93228084,0.92338014,0.93411946,0.96818304,0.9470732,0.96076745,0.9451622,0.9528401,0.9477553,0.9424569,0.9494461,0.94941455,0.9552207,0.9439964,0.95073885,0.9473069,0.95164466,0.9487011,0.9568269,0.83889854,0.95173675,0.95182574,0.9221912,0.9395963,0.9189072,0.9371773,0.94710046,0.936791,0.94956994,0.94366044,0.9530041,0.94986904,0.9632983,0.93662864,0.9512135,0.9442623,0.9489917,0.96099114,0.9496763,0.9568269,0.94041747,0.94105464,0.9543044,0.9538809,0.9538253,0.9583132,0.95189863,0.92765385,0.9569641,0.96626544,0.9503445,0.94604194,0.9578009,0.9491365,0.9601414,0.9470883,0.94696856,0.93923235,0.9594523,0.8759139,0.96329945,0.93309474,0.94979537,0.94364065,0.95729524,0.9448727,0.9556093,0.9509884,0.9508033,0.95775044,0.9418121,0.92808986,0.94950384,0.9584299,0.94316274,0.9409693,0.94601357,0.91290265,0.95563513,0.9564926,0.9489948,0.93157923,0.9617713,0.95732796,0.9410978,0.945654,0.96401834,0.9720909,0.9724223,0.9562534,0.95338947,0.9497324,0.9470817,0.96105057,0.9485665,0.93992394,0.9480259,0.9394588,0.9497899,0.95627093,0.9392947,0.93621266,0.9385456,0.9528869,0.9359231,0.95490724,0.9445586,0.9618934,0.9724223,0.9615695,0.9424448,0.951475,0.9576095
avengers,0.9756396,0.95452815,0.9588126,0.9541083,0.9541298,0.9359,0.960534,0.95796084,0.97423494,0.9540999,0.94553065,0.9563126,0.9476959,0.9574785,0.9532678,0.95145506,0.9555109,0.96062285,1.0000001,0.9437141,0.94962734,0.95954686,0.9523871,0.9530895,0.94162196,0.8640148,0.9623415,0.9446043,0.96216786,0.9593309,0.9762309,0.95083946,0.94572484,0.9443655,0.94732374,0.91251135,0.9560202,0.953628,0.95403314,0.9471697,0.9465709,0.95933604,0.9446973,0.9540909,0.95512056,0.9517086,0.95546126,0.95525074,0.9482875,0.96449864,0.95706815,0.96138555,0.92606604,0.93643284,0.9447235,0.95208234,0.9489666,0.96828514,0.9531258,0.94878066,0.9532918,0.9504649,0.96256673,0.96108943,0.9594003,0.9495066,0.94534856,0.9502784,0.95339257,0.9469973,0.95521647,0.84494233,0.94189733,0.9613761,0.9332603,0.9354765,0.9064927,0.93334115,0.9324183,0.95101714,0.95299923,0.947454,0.95951104,0.9422371,0.95448303,0.95749146,0.95071846,0.9423773,0.9476111,0.95326835,0.94702214,0.95521647,0.9594217,0.9542102,0.9575889,0.9563235,0.95612967,0.95631117,0.96176785,0.9214463,0.9605394,0.95317507,0.9513015,0.95178825,0.94854665,0.9567054,0.9639858,0.9517814,0.95427424,0.94410324,0.9624587,0.8637015,0.9612721,0.91640455,0.95484596,0.9524066,0.9590592,0.945679,0.95941466,0.9555759,0.9440565,0.96345025,0.95355976,0.92885345,0.9590722,0.9588322,0.93822074,0.9605878,0.95847106,0.9325238,0.9575686,0.95051694,0.95160943,0.9230398,0.96612066,0.9599198,0.95722145,0.95145875,0.9581694,0.9606619,0.97423494,0.9484364,0.95757395,0.9439992,0.9518104,0.958369,0.93927044,0.94389564,0.95043087,0.95250136,0.9582375,0.9533748,0.95402956,0.9353787,0.9460508,0.9591409,0.9374719,0.9527031,0.9539494,0.9572052,0.97423494,0.9486021,0.96155924,0.9565469,0.94796056
beachbummovie,0.94999284,0.9440589,0.95092165,0.93139637,0.95690185,0.93870175,0.9480036,0.9527154,0.9710427,0.9480009,0.9417913,0.9450654,0.94331247,0.9497121,0.9723411,0.9476836,0.952946,0.95320475,0.9437141,0.99999994,0.9461336,0.9585455,0.9471084,0.95393115,0.9490075,0.8565087,0.9382614,0.93505144,0.95952374,0.943449,0.92540246,0.9365096,0.9301317,0.94572324,0.93525517,0.89481735,0.95211196,0.94303983,0.9561006,0.9413667,0.94950676,0.94001675,0.941286,0.94808227,0.9490987,0.95691866,0.94417554,0.94239193,0.9467241,0.9507502,0.96093416,0.9596185,0.94651806,0.9344503,0.94282496,0.95880157,0.936705,0.948079,0.9345488,0.9518045,0.9380831,0.95355815,0.94816077,0.95366645,0.944216,0.9454116,0.94405746,0.9395899,0.95282245,0.9370862,0.9556705,0.8141454,0.93635666,0.9540462,0.9256685,0.9346027,0.8983833,0.9376973,0.9382769,0.93730414,0.9495143,0.95296437,0.94758713,0.9459997,0.94362175,0.93325555,0.9423726,0.9521098,0.94661987,0.9618282,0.9503958,0.9556705,0.9435231,0.9385388,0.95470977,0.9636874,0.95512223,0.9642937,0.9424362,0.92590344,0.9520355,0.9593833,0.943833,0.9428214,0.94027615,0.9602414,0.95509994,0.94362986,0.9427528,0.9317511,0.94982916,0.86131495,0.9535475,0.9308951,0.93942,0.93876046,0.9524412,0.9327047,0.9577137,0.9526531,0.94640464,0.95404184,0.9564819,0.9301188,0.9518091,0.94050044,0.9453202,0.9498618,0.94039184,0.9079406,0.9502841,0.9427527,0.94993013,0.9264406,0.952178,0.9480894,0.93513554,0.94420093,0.95436066,0.95398164,0.9710427,0.95848113,0.95007247,0.94805217,0.94051653,0.9544045,0.93618095,0.9398825,0.94665974,0.9425039,0.95667964,0.9455809,0.9324399,0.92996156,0.9421535,0.9536601,0.9334508,0.9491896,0.92993206,0.94201547,0.9710427,0.95051074,0.94526666,0.9496221,0.9552397
bernadettefilm,0.95341116,0.9493441,0.9493892,0.9472975,0.9468803,0.92977774,0.95469284,0.9491354,0.97129965,0.942974,0.9495414,0.95090556,0.9485448,0.9499734,0.9500735,0.9557158,0.95051676,0.9612552,0.94962734,0.9461336,1.0000001,0.9446042,0.9456121,0.95333177,0.9356927,0.8746977,0.9522021,0.94252014,0.9568028,0.95910555,0.94177896,0.93963706,0.92930025,0.9425883,0.9334371,0.9265444,0.95063734,0.943145,0.95209545,0.944156,0.9492147,0.94872916,0.9468244,0.9520668,0.95292765,0.95012414,0.94486594,0.9522044,0.94266963,0.9559723,0.95236313,0.95777947,0.93438447,0.92742145,0.93706155,0.9518761,0.9443635,0.96168303,0.95433295,0.95821565,0.9405179,0.93873614,0.9485718,0.94593716,0.9461337,0.9462599,0.94800586,0.94349927,0.9464668,0.9446512,0.95827526,0.81081444,0.9434436,0.9547535,0.92947465,0.935061,0.9040501,0.93419707,0.9335381,0.9406864,0.94222,0.9381278,0.9574014,0.9426259,0.9407051,0.9326542,0.9481089,0.9522025,0.9511514,0.95845264,0.9468827,0.95827526,0.9358078,0.9372515,0.95000225,0.9471397,0.945612,0.95271325,0.95336455,0.92512757,0.9532607,0.95119053,0.95335585,0.95667636,0.9403004,0.947339,0.9555232,0.9539708,0.9473267,0.9362921,0.96121824,0.8481325,0.96486247,0.9177182,0.9595831,0.94457704,0.95345926,0.94827026,0.95403355,0.956752,0.9541985,0.9608265,0.94441307,0.90739936,0.95402426,0.95556784,0.94405663,0.939348,0.940166,0.9217119,0.9702127,0.9417031,0.9573622,0.9374883,0.9554846,0.95619434,0.95259744,0.94644666,0.960255,0.95889264,0.97129965,0.9547788,0.9481773,0.9465292,0.94608295,0.9582554,0.94307333,0.9331328,0.9443766,0.93998,0.9527394,0.9575825,0.9435286,0.9328116,0.9419878,0.95670545,0.9341163,0.9575832,0.9560068,0.95147586,0.97129965,0.9451131,0.9513523,0.9470057,0.952482
