movie,21bridgesmovie,47metersdown,abeautifuldaymovie,abominablemovie,adastramovie,adogsjourneymovie,aftermathmovie,aftermovie,ahiddenlifefilm,alitamovie,angelhasfallen,angrybirdsmovie,annabellemovie,annamovie,apollo11movie,arcticdogsmovie,arcticmovie,artofracingmovie,avengers,beachbummovie,bernadettefilm,blackandbluemovie,blackchristmas,blindedbythelightmovie,bombshellmovie,booksmart,breakthroughmovie,brianbanksmovie,brightburnmovie,brittanyrunsmov,captainmarvelofficial,captivestatemovie,catsmovie,charliesangels,childsplaymovie,clarathefilm,coldpursuitmovie,countdown,currentwarmovie,darkwatersmovie,detectivepikachumovie,disneyaladdin,disneyfrozen,disneymaleficent,doctorsleepmovie,dolemiteismyname,dontletgomovie,doramovie,downtonabbey_official,dumbo,escaperoom,everybodyknowsmovie,fastandfuriousmovie,fightingwmyfam,fivefeetapartfilm,fordvferrari,freaksthefilm,geminimanmovie,glassmovie,gloriabellmovie,godzillamovie,goldfinchmovie,goodboysmovie,goodliarmovie,gretafilm,halathemovie,happydeathdaymovie,harrietfilm,hellboymovie,hersmellmovie,highlifemovie,highstrungmovie,honeyboymovie,hotelmumbaifilm,httydragon,hustlemovie,hustlersmovie,isntitromantic,itmovieofficial,jayandsilentbob,johnwickmovie,jojorabbitmovie,jokermovie,judythefilm,jumanjimovie,justmercyfilm,knivesout,lalloronamovie,lastblackmansf,lastchristmasthemovie,latenightmovie,lighthousemovie,lionking,littlethemovie,littlewomenmovie,littlewoodsfilm,longshotmovie,lordsofchaosmovie,lucyintheskyfilm,mamovie2019,marriagestory,meettheaddams,meninblack,midsommarmovie,midwaymovie,missbalamovie,missinglinkfilm,motherlessbklyn,onceinhollywood,onthebasisofsex,overcomermovie,peanutbutterfalcon,petsematarymovie,piercingmovie,playingwithfire,playmobilthemovie,pomsmovie,queenandslim,rambomovie,readyornotfilm,richardjewellfilm,rocketmanmovie,scarystoriesmovie,secretlifeofpets,serenityfilm,shaftmovie,shazammovie,spidermanmovie,spiesindisguise,starwars,stormboymovie,stubermovie,taosdfilm,teenspiritmov,terminator,theaeronautsmov,thebestofenemies,thedeaddontdie,thefarewell,thehighwaymen,thehummingbirdprojectfilm,theintrudermovie,theirishmanfilm,thekitchenmovie,thelegomovie,themustangfilm,thenightingalefilm,theprodigymovie,thesunisalsoastar,theupsidefilm,tolkienmovie,toystory,triplefrontier,uglydolls,uncutgems,underthesilverlake,usmovie,wavesmovie,whatmenwant,wonderparkmovie,wrinklestheclown,xmenmovies,yardiefilm,yesterdaymovie,zombieland
21bridgesmovie,0.9999996,0.95873195,0.97279865,0.97264737,0.973089,0.96363395,0.9671581,0.9689863,0.98557854,0.9714037,0.9635427,0.9648271,0.97134584,0.9707705,0.9832569,0.9706416,0.97372186,0.9674056,0.9774289,0.9721953,0.9742863,0.97268784,0.97584295,0.9719369,0.96798897,0.8725788,0.9666525,0.9755223,0.9716867,0.96622986,0.96473235,0.9752406,0.96549547,0.9666221,0.92875636,0.9338906,0.9699414,0.98283076,0.97272146,0.97356,0.94947416,0.9752351,0.9590247,0.9636228,0.9793823,0.97593004,0.97225827,0.96653193,0.95650727,0.96710956,0.97492814,0.98099273,0.9699259,0.9520382,0.9665557,0.9686334,0.9570724,0.977076,0.9731064,0.96806914,0.9565429,0.9705325,0.97324073,0.96664155,0.9688811,0.9804238,0.9700314,0.9808953,0.9629099,0.9567568,0.97749794,0.6553777,0.9458851,0.9725737,0.95582724,0.9634816,0.93774235,0.96519524,0.96989495,0.96748203,0.9620181,0.9675836,0.9593581,0.95815074,0.9680494,0.951917,0.9524893,0.97036666,0.9743744,0.9713176,0.9653969,0.97749794,0.95978737,0.96836805,0.97067463,0.9745023,0.95157313,0.97277904,0.9593218,0.96301216,0.9678259,0.9772108,0.96319264,0.9725208,0.9702009,0.9720179,0.9796464,0.95476854,0.9672638,0.967993,0.9720278,0.81236345,0.97471964,0.8965106,0.9727439,0.97230875,0.99575585,0.96105266,0.9729589,0.9690929,0.96392083,0.96120757,0.97349876,0.94618523,0.9697997,0.97491205,0.9695274,0.9596646,0.9772094,0.94000447,0.96912265,0.9707657,0.9723674,0.9611132,0.96616155,0.96350414,0.9854741,0.97992307,0.9774416,0.9589917,0.98557854,0.9750138,0.956442,0.96747184,0.97184455,0.97132343,0.9505761,0.9463411,0.955159,0.97674173,0.96581376,0.9711952,0.9746987,0.9709884,0.9672033,0.9750071,0.96979266,0.971571,0.9696329,0.9671371,0.98557854,0.9636926,0.9756951,0.9635839,0.9759162
47metersdown,0.95873195,0.9999999,0.9639339,0.9471935,0.9652509,0.9550368,0.9661922,0.96101,0.97801924,0.9706799,0.9598408,0.9521393,0.9729137,0.97427773,0.9616048,0.9794192,0.96866935,0.96199715,0.96889216,0.9597861,0.97028744,0.96339434,0.96894366,0.96968615,0.9678733,0.84981275,0.9589754,0.96628493,0.9676997,0.9639112,0.968419,0.95818686,0.9615839,0.94897336,0.92467046,0.91396767,0.9678534,0.9659684,0.9584818,0.9566961,0.9525763,0.96179265,0.95674264,0.9593276,0.9693621,0.96878237,0.96622837,0.9598779,0.94249874,0.96077394,0.9646185,0.96716136,0.97301394,0.9576146,0.94240755,0.9544469,0.9458006,0.9610016,0.96710646,0.97200495,0.960252,0.95637304,0.9553647,0.9635547,0.9575614,0.9496163,0.95720804,0.9675985,0.96346337,0.9422248,0.9744013,0.65503323,0.95023793,0.9582504,0.9367856,0.9461966,0.9174182,0.9546905,0.96184725,0.9566154,0.9637082,0.96081203,0.96326476,0.9522192,0.96660227,0.96222806,0.96312755,0.9669815,0.95967746,0.95504296,0.951889,0.9744013,0.9586103,0.96890414,0.9683439,0.9612318,0.96275634,0.9622665,0.96139437,0.9530076,0.9592583,0.9558679,0.9642542,0.9731813,0.97517145,0.96437466,0.96215034,0.95550156,0.9664304,0.95446104,0.9711774,0.8040496,0.96519697,0.8795423,0.9709893,0.9562761,0.9582685,0.94219035,0.9679893,0.9613952,0.9516271,0.9468441,0.964283,0.9335807,0.9549892,0.97446585,0.97064006,0.9552431,0.9550882,0.93267655,0.96495724,0.95864296,0.96715987,0.9408879,0.9681786,0.9626973,0.9636427,0.9514224,0.9709261,0.957261,0.97801924,0.96363026,0.9598122,0.9739253,0.97017395,0.96780187,0.9448449,0.9342526,0.9498751,0.9428713,0.9662399,0.96101713,0.95573664,0.9335173,0.96609426,0.9607494,0.9567181,0.9696062,0.96931696,0.96555924,0.97801924,0.9450569,0.96557903,0.9599195,0.9673487
abeautifuldaymovie,0.97279865,0.9639339,1.0,0.9663124,0.96570337,0.96722,0.96337366,0.9631899,0.9799468,0.9633894,0.960688,0.96304214,0.9654014,0.96905977,0.96689,0.9723595,0.96237326,0.9598233,0.9747614,0.9598637,0.96880645,0.9691738,0.97196704,0.9742895,0.9685113,0.865223,0.95513827,0.96396863,0.97519606,0.96419746,0.97066665,0.96380144,0.96470404,0.97127074,0.93578905,0.9322452,0.9631254,0.9719541,0.96677965,0.97056085,0.949777,0.9765894,0.954942,0.96132326,0.9738294,0.9729257,0.966321,0.9672016,0.9517922,0.9645943,0.9771236,0.9704695,0.9600465,0.93500507,0.96125275,0.96850556,0.9492534,0.9712975,0.9668087,0.97040164,0.9542518,0.97146773,0.95354944,0.9649897,0.96218365,0.9656556,0.96930295,0.9712165,0.9581694,0.9418834,0.97567797,0.6684778,0.9415788,0.9611747,0.96742886,0.9573018,0.93624616,0.9568894,0.95815337,0.96339387,0.96583486,0.95487684,0.9644065,0.9589512,0.964114,0.9482404,0.9543438,0.96077734,0.9653423,0.96634847,0.96306556,0.97567797,0.95067453,0.953857,0.9711255,0.97321737,0.94173795,0.963371,0.95122087,0.9669509,0.9617388,0.9649582,0.9711003,0.9738527,0.96351135,0.97048265,0.96290725,0.9604127,0.9670378,0.9584765,0.9701733,0.82654184,0.96935236,0.9020008,0.9710744,0.9645531,0.97495335,0.96473765,0.975748,0.9645448,0.9611598,0.95772487,0.9785047,0.9503861,0.9646088,0.96401155,0.9623584,0.96743244,0.9719562,0.94380444,0.9679651,0.9614266,0.9675968,0.9482989,0.9637435,0.9592833,0.9726562,0.96667194,0.9692184,0.94958466,0.9799468,0.9727038,0.95538557,0.97025144,0.9715313,0.96916837,0.94718415,0.9414024,0.95231074,0.9616834,0.96616286,0.97642195,0.96327627,0.9520425,0.9651116,0.9679633,0.97256285,0.9642855,0.9602138,0.9645751,0.9799468,0.9501213,0.96753323,0.9695173,0.97630274
abominablemovie,0.97264737,0.9471935,0.9663124,1.0000002,0.9678269,0.9638826,0.96783644,0.9672362,0.97955567,0.95939195,0.9735679,0.9537988,0.97159106,0.96102846,0.970717,0.96533847,0.9608238,0.9691143,0.9730213,0.9621652,0.97382194,0.95985234,0.9754954,0.9664953,0.9525046,0.8685009,0.9693766,0.96143556,0.96234155,0.96026534,0.9630504,0.97250235,0.95181304,0.95837986,0.9549382,0.94119185,0.96825767,0.9657121,0.9603374,0.9775369,0.9477343,0.9615016,0.94243765,0.9605274,0.96762687,0.96605664,0.974709,0.95875376,0.9634145,0.9609114,0.96489257,0.9740364,0.9603269,0.9416727,0.9661734,0.9664284,0.9586191,0.96846795,0.97246355,0.96451694,0.9522533,0.9669087,0.96559054,0.966303,0.96376806,0.967922,0.95929873,0.9740652,0.9602824,0.933774,0.96960163,0.6557761,0.9448202,0.96362215,0.9587826,0.96183515,0.92977023,0.9518667,0.95624256,0.95860636,0.96670145,0.96326065,0.9621614,0.95328045,0.95898664,0.94751805,0.9635387,0.968449,0.9597996,0.9695479,0.96775806,0.96960163,0.95058036,0.95987964,0.967437,0.97983265,0.9511935,0.96922225,0.9508609,0.96245664,0.96504843,0.96410304,0.95644015,0.9700065,0.9618376,0.95905054,0.96877897,0.95543325,0.96080714,0.96095264,0.9672707,0.8477506,0.9764862,0.92641723,0.959305,0.97105956,0.9717055,0.9559427,0.97573984,0.9690335,0.9629912,0.9644521,0.97021496,0.9422032,0.96731776,0.9617694,0.95376337,0.9478711,0.96953404,0.93248576,0.9625716,0.9668054,0.96417016,0.9562077,0.9621627,0.9576968,0.9621693,0.974503,0.96416694,0.96282786,0.97955567,0.96230304,0.9595412,0.95759463,0.9593843,0.97803795,0.9656446,0.96452904,0.95759696,0.9642933,0.9665855,0.9624835,0.96749634,0.95146817,0.9618397,0.9619733,0.96576875,0.9639614,0.96792287,0.96872246,0.97955567,0.95996606,0.9719577,0.9698174,0.96485615
adastramovie,0.973089,0.9652509,0.96570337,0.9678269,1.0000001,0.9759057,0.9782959,0.95964164,0.98692256,0.97801733,0.96932644,0.9592737,0.97303665,0.98093677,0.9787282,0.97043675,0.96914744,0.9793435,0.9723064,0.96751255,0.9762675,0.96729225,0.9782069,0.9734828,0.9788658,0.87262934,0.9762928,0.9723628,0.9720812,0.96307516,0.96595365,0.973036,0.9705585,0.9645677,0.9360857,0.932138,0.97021455,0.9642502,0.96989006,0.9709167,0.96891546,0.9765583,0.95424145,0.970758,0.9760918,0.96697176,0.97095776,0.9623037,0.9641097,0.97020257,0.96883696,0.97740346,0.976381,0.9548122,0.94780695,0.9774369,0.9548296,0.9764306,0.9723098,0.96930695,0.9660118,0.97513884,0.9737622,0.977011,0.96915084,0.97181106,0.9599695,0.9777495,0.97231835,0.9450691,0.9794662,0.63989997,0.94723636,0.9706645,0.95209223,0.95443517,0.93638563,0.95953053,0.96447855,0.95909715,0.9700708,0.9753912,0.9652749,0.96122885,0.9665838,0.9567872,0.9688873,0.97589856,0.96143985,0.9745353,0.960229,0.9794662,0.9708534,0.96809906,0.96559507,0.972712,0.9712559,0.9574495,0.96218723,0.9652505,0.9627698,0.97280777,0.9635774,0.9740388,0.97323155,0.9696991,0.97303027,0.96679384,0.9620162,0.9679917,0.9715653,0.8291563,0.97577363,0.8964472,0.97197634,0.96909183,0.9766477,0.9599761,0.9764084,0.977595,0.9666756,0.9646519,0.971833,0.9629929,0.9696739,0.9692128,0.96647906,0.96134067,0.9749127,0.9471244,0.9702881,0.96721613,0.9735995,0.9560658,0.9761657,0.95674855,0.97433096,0.96832323,0.9765564,0.9604111,0.98692256,0.9748058,0.961925,0.97111005,0.9667352,0.9749062,0.95616895,0.9514984,0.96956396,0.96835464,0.9783563,0.9649362,0.9599805,0.9553279,0.96927977,0.9667641,0.9705989,0.9748097,0.9672113,0.9681811,0.98692256,0.9608389,0.97913265,0.9763029,0.96941686
adogsjourneymovie,0.96363395,0.9550368,0.96722,0.9638826,0.9759057,1.0000002,0.97348857,0.9578397,0.9837214,0.97151756,0.97262686,0.96335006,0.96941215,0.97333336,0.97226477,0.9648302,0.96479094,0.9643443,0.9683572,0.95850253,0.9759604,0.97020304,0.971695,0.96963483,0.9695595,0.8694238,0.95305455,0.9639087,0.97479707,0.96825415,0.9600682,0.9686309,0.96891993,0.96921456,0.94721574,0.93916214,0.97606254,0.95877784,0.9702685,0.9677082,0.9676566,0.9709901,0.9650352,0.973726,0.96831167,0.9641509,0.96858156,0.9649298,0.95842266,0.9699124,0.974322,0.97201735,0.96833044,0.94834936,0.94387054,0.96565974,0.952089,0.97179663,0.9617439,0.9605617,0.9700637,0.9571422,0.9512851,0.9772692,0.96596485,0.9622193,0.96184933,0.9744983,0.96181995,0.94913334,0.9717249,0.63235664,0.9443081,0.96466506,0.95857644,0.9452761,0.94178677,0.9580242,0.9596856,0.97520417,0.9698178,0.97212225,0.97159123,0.9651886,0.96593106,0.96102047,0.96460295,0.9632804,0.96032184,0.9713709,0.9642301,0.9717249,0.95896846,0.96101296,0.969433,0.97275746,0.95947874,0.95667166,0.9570021,0.96529925,0.973554,0.96711326,0.96495,0.9731134,0.966472,0.9731578,0.97418904,0.9783853,0.9516786,0.9617072,0.9639366,0.8209986,0.9717853,0.91244596,0.9669421,0.96242595,0.9667655,0.95749944,0.974837,0.97270197,0.97011507,0.96239126,0.9739599,0.97257686,0.9616089,0.9717123,0.96604466,0.9685908,0.9617716,0.96110904,0.96583706,0.954075,0.961094,0.962813,0.9755991,0.96450114,0.9721248,0.9614192,0.9717971,0.96666735,0.9837214,0.9737969,0.97077423,0.9726456,0.96802384,0.9706247,0.95279074,0.958361,0.9751646,0.95262957,0.9760298,0.96670663,0.96515954,0.95603675,0.9561292,0.9590105,0.9748704,0.96022594,0.9659996,0.9677787,0.9837214,0.96378624,0.9722437,0.9721338,0.9761871
aftermathmovie,0.9671581,0.9661922,0.96337366,0.96783644,0.9782959,0.97348857,0.99999994,0.95950407,0.9873317,0.97644645,0.9731277,0.95938647,0.974388,0.9781999,0.9806571,0.9672351,0.9758612,0.97951186,0.9737717,0.9699727,0.98126054,0.97935146,0.97856516,0.9742617,0.9657253,0.85080254,0.97138304,0.9736413,0.974588,0.96293485,0.96543413,0.9788289,0.9729627,0.95682865,0.9454296,0.933069,0.9741051,0.9639934,0.969413,0.97956866,0.96925753,0.9682804,0.96131134,0.9720803,0.97636104,0.97495514,0.97364014,0.97043806,0.9671633,0.9722357,0.9766408,0.97509927,0.9737456,0.95544225,0.9484248,0.9769485,0.954528,0.96970564,0.9651173,0.9684607,0.96628726,0.96406984,0.9692707,0.9800791,0.9663401,0.9638608,0.96501166,0.97335863,0.9670493,0.9562708,0.9795106,0.6469803,0.95693415,0.9730636,0.9569813,0.9584954,0.9486639,0.96060055,0.9646132,0.9639909,0.9743681,0.9830719,0.96950054,0.97057486,0.971245,0.97165155,0.964792,0.9692808,0.97068113,0.9753222,0.9691149,0.9795106,0.9628463,0.9697263,0.9751269,0.9775391,0.9656132,0.9720948,0.9803294,0.9648591,0.96980846,0.9670496,0.96313655,0.9763461,0.96715707,0.97633237,0.97556424,0.97380275,0.9752585,0.9781387,0.97468066,0.84893715,0.97491014,0.9131698,0.9735026,0.9699527,0.9682251,0.96998656,0.97908443,0.9909895,0.96848553,0.9618598,0.9761555,0.955417,0.974762,0.97555304,0.96373,0.96543664,0.97001344,0.949194,0.97481686,0.96350545,0.97474885,0.9582307,0.9723404,0.9613686,0.97367674,0.9656781,0.97717035,0.9735042,0.9873317,0.98020774,0.9727216,0.9787201,0.9737925,0.9760544,0.95868486,0.9630421,0.9748988,0.9599745,0.98923,0.96387684,0.96757555,0.95337963,0.9652797,0.96141285,0.961283,0.978467,0.9695319,0.9645779,0.9873317,0.97324777,0.9736743,0.9760434,0.97420806
aftermovie,0.9689863,0.96101,0.9631899,0.9672362,0.95964164,0.9578397,0.95950407,0.99999976,0.97776043,0.95091474,0.9676284,0.9569052,0.96542424,0.9626169,0.96882993,0.9745129,0.9631616,0.95938015,0.9602274,0.9748195,0.9670603,0.9595036,0.9733769,0.9611986,0.9536814,0.8581606,0.9605939,0.95880234,0.96203053,0.9638618,0.9603492,0.9618597,0.9494182,0.9570892,0.93584996,0.94232345,0.96658945,0.9742093,0.96645266,0.96569544,0.9430021,0.96134394,0.9581655,0.9604009,0.97095895,0.9686804,0.9749225,0.9631108,0.9524367,0.95180905,0.9623653,0.9649567,0.9565424,0.9419012,0.96767807,0.9539878,0.95627,0.97076434,0.9705289,0.9659072,0.9499043,0.9549452,0.96442753,0.96161103,0.9613657,0.96496356,0.95173365,0.964224,0.96188074,0.94196415,0.9666075,0.64769155,0.958297,0.95913905,0.9360988,0.9649373,0.9329525,0.95026046,0.9608677,0.95180786,0.9579177,0.95207584,0.96311724,0.95813036,0.95560235,0.9472793,0.9594317,0.96106136,0.9545427,0.9649867,0.96253544,0.9666075,0.9469124,0.9564286,0.95931494,0.96768254,0.9540511,0.96362364,0.9487592,0.94090754,0.96772057,0.96963364,0.9484416,0.9645373,0.9522957,0.9581101,0.96388376,0.94906414,0.95778525,0.95554817,0.962629,0.802185,0.97365344,0.9162493,0.9621126,0.9673191,0.97044826,0.9417508,0.9628649,0.9615665,0.96381557,0.96289283,0.9697788,0.9417995,0.9733462,0.96899396,0.9614423,0.9485513,0.9557518,0.92866445,0.96856254,0.95377153,0.96178925,0.9624691,0.9673026,0.9653022,0.9613583,0.9545524,0.9660364,0.96181273,0.97776043,0.9618823,0.9565734,0.9610956,0.96763563,0.96947247,0.9649443,0.9464862,0.9506613,0.9606892,0.9570469,0.9594448,0.97174734,0.9439607,0.9633079,0.9638224,0.9566767,0.96098614,0.9722802,0.9694787,0.97776043,0.9523784,0.96531475,0.9611923,0.9554844
ahiddenlifefilm,0.98557854,0.97801924,0.9799468,0.97955567,0.98692256,0.9837214,0.9873317,0.97776043,1.0000001,0.9835578,0.98515844,0.9753846,0.9882233,0.98830044,0.9903656,0.9847128,0.9830749,0.98484874,0.9878942,0.983373,0.99034256,0.9819011,0.98677343,0.98775935,0.9817734,0.8796682,0.97744155,0.9846026,0.983607,0.98202837,0.9794427,0.9844983,0.98175514,0.9741264,0.9527397,0.9492704,0.98658705,0.9828142,0.98237944,0.9855659,0.9729873,0.98540866,0.9748084,0.9846492,0.9904625,0.9872194,0.98361826,0.9785734,0.9731807,0.98418015,0.98462194,0.9880992,0.9832492,0.9667066,0.9673954,0.9818639,0.9721182,0.9863046,0.9820619,0.98372334,0.9736385,0.9778079,0.9807795,0.9872304,0.9793483,0.98309684,0.97772,0.9871374,0.9800513,0.9655743,0.9911136,0.66209024,0.96741366,0.9844647,0.96914905,0.97042537,0.95204556,0.9751224,0.9813135,0.97756326,0.98166716,0.9835691,0.9839202,0.97786033,0.98294497,0.975089,0.9768541,0.98479027,0.98177016,0.9864401,0.98089874,0.9911136,0.97768366,0.9839798,0.9843457,0.987422,0.9775561,0.9795698,0.9775129,0.97464573,0.98473275,0.9806001,0.97393966,0.9892155,0.9840732,0.98257595,0.9852726,0.9820939,0.9801923,0.98000634,0.98248416,0.842082,0.99006355,0.9243075,0.98351485,0.98233235,0.9866618,0.9756189,0.99051905,0.9864434,0.9795108,0.97716075,0.98548377,0.9653527,0.98140013,0.9861457,0.9821926,0.9740524,0.9785554,0.96213084,0.9859738,0.97767866,0.985609,0.970469,0.98463833,0.97898155,0.98659766,0.9787797,0.99045444,0.98135656,1.0000001,0.9824291,0.98239565,0.98776627,0.98627144,0.98754287,0.9711596,0.96717256,0.9794875,0.97719616,0.98608786,0.98206645,0.98134947,0.9680111,0.9783972,0.981284,0.97979337,0.9842243,0.98548025,0.9809889,1.0000001,0.97881794,0.9885176,0.98326,0.983954
alitamovie,0.9714037,0.9706799,0.9633894,0.95939195,0.97801733,0.97151756,0.97644645,0.95091474,0.9835578,1.0000002,0.9719354,0.95816493,0.970861,0.97475296,0.97670215,0.9686781,0.9706877,0.9723428,0.97141445,0.9622523,0.971568,0.97046167,0.9763829,0.9746601,0.97306037,0.851183,0.9589821,0.9780737,0.97370493,0.96676403,0.96330893,0.9718446,0.97633094,0.9613818,0.9288243,0.9216742,0.96833044,0.96511966,0.9603527,0.96163315,0.9665391,0.9693881,0.9599714,0.9703022,0.972042,0.97437364,0.9717168,0.96393573,0.94859916,0.97565514,0.9758358,0.97345465,0.9763926,0.9609773,0.9478886,0.9710354,0.95418525,0.96671486,0.9616885,0.97271127,0.96783316,0.9676321,0.96603566,0.9718673,0.96077657,0.9596935,0.96206695,0.9782609,0.96403813,0.9484654,0.9820647,0.6384179,0.94030434,0.9731602,0.95311457,0.95073146,0.93010014,0.96517915,0.9633643,0.97113603,0.9699863,0.9770341,0.9584981,0.9716993,0.9655657,0.966987,0.96283394,0.9674127,0.97099847,0.96880215,0.95662063,0.9820647,0.9745063,0.97564787,0.9741297,0.9665175,0.9614597,0.96451116,0.95739716,0.9678322,0.9681068,0.96239233,0.9678661,0.98085916,0.97584534,0.9766603,0.9763704,0.96604353,0.96374553,0.96985686,0.96905345,0.81851786,0.9678278,0.89551914,0.9773537,0.96978974,0.97480077,0.96721107,0.9740846,0.9726814,0.9578703,0.9539232,0.97180915,0.9483755,0.9582854,0.9730673,0.96770465,0.9602796,0.9697727,0.9429561,0.96813446,0.9668717,0.976126,0.95744336,0.97210425,0.9624189,0.9761318,0.97250056,0.97883195,0.96118385,0.9835578,0.97582495,0.96584296,0.9732239,0.97317487,0.9708786,0.9474208,0.9436488,0.9700071,0.9556211,0.97172713,0.96617836,0.9670086,0.9620133,0.9716066,0.9646901,0.9662263,0.9702462,0.9703517,0.9669095,0.9835578,0.96628547,0.9744934,0.9686309,0.97827685
angelhasfallen,0.9635427,0.9598408,0.960688,0.9735679,0.96932644,0.97262686,0.9731277,0.9676284,0.98515844,0.9719354,1.0000002,0.9629774,0.97303104,0.9681616,0.9742268,0.9735328,0.97061247,0.97334474,0.979061,0.9770819,0.9817634,0.9647537,0.97164625,0.97299814,0.962002,0.86290807,0.9678421,0.9660951,0.9686284,0.9711299,0.97063935,0.96860015,0.96632516,0.96388274,0.9372252,0.9381098,0.97985935,0.96444255,0.96397656,0.9701943,0.9608271,0.9659851,0.9640334,0.9709288,0.98080957,0.97231776,0.96696645,0.96838456,0.96061426,0.9670233,0.96838963,0.97264886,0.9702563,0.9490434,0.9535739,0.9641679,0.96878594,0.97496086,0.9714601,0.9733203,0.96034646,0.9617557,0.97031844,0.9698047,0.96753883,0.9713709,0.9516737,0.9703182,0.97672945,0.94749624,0.97689193,0.6276738,0.9497075,0.9676167,0.95018256,0.96250004,0.9373787,0.96739745,0.96601164,0.9613669,0.9781594,0.9674748,0.97379684,0.97104454,0.9691123,0.96703124,0.96962273,0.9708328,0.96669316,0.96761453,0.9686046,0.97689193,0.96651554,0.97689325,0.97245884,0.9793718,0.9742017,0.9718855,0.96082425,0.9519415,0.9766491,0.9644143,0.95418376,0.97610927,0.9693086,0.9639799,0.97002095,0.9707934,0.962859,0.96087825,0.9712851,0.83864856,0.9826135,0.9173086,0.9704061,0.9769743,0.9648025,0.9605899,0.9790591,0.9746439,0.9633682,0.9771838,0.9720102,0.9440282,0.963811,0.9703122,0.96397436,0.9585869,0.9610502,0.94740224,0.9790017,0.96592534,0.976325,0.9666329,0.97142625,0.9677299,0.96292573,0.96917033,0.9776323,0.97164637,0.98515844,0.96430343,0.97505236,0.9695901,0.96756905,0.97852767,0.96433014,0.95131105,0.9703743,0.9591466,0.9683932,0.96653265,0.967198,0.9610384,0.9678527,0.9635209,0.9693038,0.96801466,0.97820264,0.9734165,0.98515844,0.96269166,0.979406,0.97308743,0.9624162
angrybirdsmovie,0.9648271,0.9521393,0.96304214,0.9537988,0.9592737,0.96335006,0.95938647,0.9569052,0.9753846,0.95816493,0.9629774,0.99999976,0.9595081,0.9668954,0.96420467,0.9687231,0.9557316,0.9628092,0.9612849,0.9621565,0.96631444,0.9701946,0.9564399,0.9721119,0.96287626,0.8737228,0.94971275,0.95849067,0.96295476,0.96116614,0.95457345,0.9566929,0.96159637,0.9671549,0.92251366,0.9282726,0.9732037,0.95663935,0.9637369,0.9613721,0.95232856,0.96841204,0.95948756,0.95991987,0.96449494,0.96025276,0.9523328,0.9601513,0.9518151,0.95903206,0.9730227,0.96754676,0.965628,0.9375528,0.9529555,0.956896,0.95121264,0.9721478,0.96448314,0.9667545,0.95564795,0.9568729,0.96096677,0.9612745,0.95450443,0.96349686,0.9480979,0.96412235,0.9456671,0.94385195,0.97184944,0.6377096,0.9338806,0.9676734,0.93882143,0.95165557,0.94039446,0.95543724,0.9697732,0.95740056,0.9527049,0.9584591,0.95399845,0.95298004,0.96834964,0.9499196,0.9438886,0.96619415,0.9637868,0.96242046,0.96598977,0.97184944,0.9586629,0.96345943,0.9685763,0.9645466,0.95086235,0.9588354,0.9504343,0.9425475,0.9693206,0.96689403,0.9654887,0.9634137,0.9630733,0.96522564,0.95961326,0.9605196,0.95192313,0.9611187,0.95848405,0.7961136,0.9713207,0.90365994,0.9618201,0.9593564,0.9683357,0.95045173,0.9630785,0.9624424,0.9593233,0.9631013,0.97050107,0.94292927,0.96374893,0.9636203,0.95771885,0.9648548,0.96146965,0.93670905,0.9560742,0.95969784,0.9629612,0.95332,0.96054906,0.94962394,0.96671516,0.9611013,0.97807425,0.9504763,0.9753846,0.9651446,0.9565903,0.96264434,0.9604021,0.96292,0.95378137,0.9324105,0.95595425,0.94282097,0.9632691,0.96066046,0.9567983,0.9482693,0.94845474,0.9593682,0.95963126,0.9659787,0.97304934,0.95544213,0.9753846,0.9594892,0.96667534,0.95041597,0.9655249
annabellemovie,0.97134584,0.9729137,0.9654014,0.97159106,0.97303665,0.96941215,0.974388,0.96542424,0.9882233,0.970861,0.97303104,0.9595081,0.9999998,0.9784229,0.9792246,0.9719728,0.9745912,0.9739245,0.97780883,0.9728867,0.98113686,0.967582,0.97539705,0.9766889,0.96657324,0.860518,0.9709575,0.9736654,0.96793073,0.97261095,0.9709167,0.9760044,0.96603894,0.9598988,0.953885,0.9399998,0.97402817,0.9771329,0.97327083,0.9756964,0.9585825,0.97416526,0.9540967,0.9788407,0.9790259,0.9746863,0.97066176,0.97186303,0.969934,0.9790018,0.97193855,0.9782085,0.9722353,0.96361125,0.96203834,0.9690246,0.95280385,0.9714253,0.97485983,0.9751015,0.9651673,0.9696679,0.96875113,0.980937,0.96680653,0.9700817,0.9731726,0.9804685,0.97180873,0.9480405,0.9784068,0.66937697,0.9527594,0.97119224,0.96095514,0.9604725,0.9372053,0.956554,0.9690332,0.970446,0.9709689,0.9741001,0.9754638,0.95977384,0.97495914,0.96598375,0.9667413,0.98831105,0.97332656,0.97205305,0.97352445,0.9784068,0.96699464,0.970798,0.97799146,0.97704947,0.97037536,0.9680687,0.96340686,0.9658824,0.9709717,0.96748865,0.9580617,0.9819859,0.9755185,0.97129226,0.97575265,0.97347194,0.9683309,0.9697717,0.969112,0.8259986,0.9801783,0.92264163,0.96497756,0.9694982,0.971014,0.9605212,0.98182595,0.9722408,0.96919185,0.9595472,0.9746699,0.9515583,0.9701454,0.97541153,0.97819245,0.9604209,0.9685235,0.9378771,0.9714202,0.9714737,0.9770193,0.9494095,0.97592586,0.96829724,0.97198474,0.9645631,0.972763,0.9684231,0.9882233,0.96465796,0.9725013,0.97788584,0.9725026,0.9811039,0.96721756,0.9623229,0.9736378,0.9671325,0.9785971,0.9651881,0.97151786,0.95360893,0.9711035,0.96719193,0.9618526,0.97459924,0.9729579,0.97035193,0.9882233,0.9691617,0.977305,0.97153085,0.96971285
annamovie,0.9707705,0.97427773,0.96905977,0.96102846,0.98093677,0.97333336,0.9781999,0.9626169,0.98830044,0.97475296,0.9681616,0.9668954,0.9784229,0.9999999,0.98000157,0.97103167,0.97184175,0.97676104,0.9778427,0.9691971,0.9836414,0.9715214,0.9754533,0.97921765,0.97461754,0.8885822,0.970346,0.9784382,0.9718826,0.9616336,0.96958154,0.97849727,0.9769823,0.9639386,0.934783,0.93146896,0.97031265,0.97135234,0.9688177,0.9727139,0.97144556,0.97968155,0.9649031,0.9741744,0.9791976,0.9727954,0.97204906,0.96702355,0.9580535,0.9748423,0.9741159,0.9758695,0.9779793,0.96145797,0.94811374,0.97120655,0.95793885,0.97576946,0.9712476,0.9740441,0.9745796,0.9702624,0.9724382,0.98154706,0.9664945,0.9714716,0.9668847,0.97740906,0.968108,0.9590444,0.9825145,0.6633995,0.9506947,0.97430295,0.9528474,0.95809144,0.9332852,0.962996,0.96756494,0.96240354,0.96624494,0.9754759,0.97476524,0.9643427,0.97269905,0.96441543,0.9664839,0.972633,0.96873224,0.97456986,0.9700076,0.9825145,0.9670073,0.97245526,0.9715255,0.9725277,0.9701803,0.96785957,0.9718862,0.97139823,0.96948975,0.9729728,0.9662513,0.9786387,0.982569,0.9725619,0.9690561,0.9721087,0.96343666,0.96747106,0.97666204,0.8265798,0.9791808,0.9052032,0.97473,0.9662398,0.9723314,0.9606982,0.9758025,0.97641486,0.96710134,0.95983446,0.9740905,0.9542294,0.9758859,0.9710437,0.96965176,0.9648804,0.9698663,0.95435387,0.9751193,0.97097003,0.9754224,0.95231134,0.9757213,0.95731616,0.9742547,0.96101904,0.9832747,0.96629757,0.98830044,0.97196263,0.96864825,0.9844166,0.9732977,0.97400826,0.95548433,0.9466044,0.97259414,0.95684093,0.97751254,0.96858305,0.965628,0.95532286,0.9691314,0.96735346,0.9633247,0.9705673,0.970593,0.9679877,0.98830044,0.96075755,0.97648305,0.967985,0.9763425
apollo11movie,0.9832569,0.9616048,0.96689,0.970717,0.9787282,0.97226477,0.9806571,0.96882993,0.9903656,0.97670215,0.9742268,0.96420467,0.9792246,0.98000157,1.0,0.97272515,0.97494197,0.97717845,0.97796434,0.98095006,0.97963583,0.9709666,0.9805066,0.98024416,0.9700137,0.86225736,0.9716904,0.9820924,0.9711271,0.9706288,0.96696174,0.97765976,0.9740782,0.96570563,0.9308436,0.94056344,0.9711688,0.97340614,0.9779228,0.9766807,0.9675117,0.97680676,0.96758544,0.9742395,0.9833537,0.9789981,0.97691,0.9765685,0.9588483,0.97525674,0.9717137,0.976873,0.97571933,0.95841205,0.96235085,0.9752291,0.9673261,0.9771567,0.9701346,0.972998,0.9663984,0.9676995,0.9774996,0.9763383,0.9639932,0.98054385,0.97138923,0.97963184,0.97083014,0.9642558,0.98162067,0.64502406,0.9574518,0.97939503,0.9579766,0.9594089,0.9447833,0.9628464,0.96732765,0.9734648,0.9692277,0.9727409,0.9735596,0.96593344,0.9714877,0.96797574,0.96393627,0.9786992,0.975319,0.9776333,0.97263926,0.98162067,0.9683407,0.9743465,0.96901035,0.98028964,0.96852225,0.9705097,0.9676183,0.9654879,0.97627336,0.97268236,0.9583457,0.97881615,0.97428876,0.97054654,0.9802133,0.96861845,0.96872133,0.97215307,0.9763005,0.8329229,0.98237664,0.91060835,0.9773867,0.977219,0.98438853,0.9715476,0.9774041,0.9832053,0.97102755,0.9686108,0.9751595,0.95376456,0.9789534,0.9738239,0.9710213,0.960856,0.9749889,0.9476131,0.9790085,0.97261983,0.97651565,0.9570457,0.9735209,0.96604806,0.98318386,0.97292,0.98338133,0.9751407,0.9903656,0.9710926,0.96954817,0.97286695,0.97406214,0.97665405,0.97023654,0.948151,0.96796083,0.97424316,0.97748214,0.97148615,0.98204833,0.9626619,0.9705376,0.97171736,0.9686878,0.9731378,0.9773064,0.97390336,0.9903656,0.97257644,0.9760617,0.97211206,0.9749542
arcticdogsmovie,0.9706416,0.9794192,0.9723595,0.96533847,0.97043675,0.9648302,0.9672351,0.9745129,0.9847128,0.9686781,0.9735328,0.9687231,0.9719728,0.97103167,0.97272515,0.99999994,0.9724335,0.9711695,0.97412187,0.97520804,0.9763426,0.9643877,0.97128,0.9755019,0.9708397,0.85948443,0.95855504,0.96879476,0.97154295,0.9692219,0.97147155,0.97038305,0.9661399,0.9626677,0.93039834,0.9315557,0.9774316,0.9722057,0.96970606,0.9702413,0.96275806,0.97094214,0.95917654,0.9609299,0.97741634,0.9750124,0.9671242,0.9688542,0.9561403,0.9626582,0.96996796,0.97879183,0.973086,0.9503136,0.9545207,0.9715024,0.95902026,0.97172856,0.9746066,0.9776929,0.9600169,0.9656601,0.96683085,0.9701095,0.9675553,0.96551275,0.95586383,0.97271955,0.9659092,0.9438934,0.9756121,0.6680748,0.9615156,0.9660063,0.9464516,0.96037924,0.9311866,0.9578817,0.9721763,0.96034235,0.96480227,0.96317124,0.97423166,0.9676159,0.9682087,0.9592933,0.9571887,0.96949565,0.96555585,0.9704181,0.96698713,0.9756121,0.95696557,0.9702464,0.96885455,0.97015905,0.9617839,0.9682156,0.9650007,0.9438194,0.97216076,0.9681701,0.96002114,0.9664599,0.97261167,0.96594375,0.9714315,0.96854746,0.9657936,0.9627106,0.9671239,0.82720405,0.97978264,0.90281236,0.9729334,0.9644445,0.97275823,0.9548192,0.97616845,0.9676784,0.9714537,0.96318215,0.97076976,0.9509218,0.9708502,0.9722329,0.97319776,0.9625119,0.96639884,0.9431038,0.967662,0.96225655,0.97332025,0.9456916,0.96730393,0.9664928,0.97075343,0.9658595,0.9751577,0.9687186,0.9847128,0.9654195,0.9660424,0.9743535,0.9787045,0.97537786,0.95946926,0.946808,0.95747477,0.96192926,0.96464986,0.9706747,0.96601415,0.94588715,0.96523595,0.9680483,0.9636404,0.9720159,0.9735342,0.97243536,0.9847128,0.95800525,0.9783475,0.9637395,0.9683612
arcticmovie,0.97372186,0.96866935,0.96237326,0.9608238,0.96914744,0.96479094,0.9758612,0.9631616,0.9830749,0.9706877,0.97061247,0.9557316,0.9745912,0.97184175,0.97494197,0.9724335,1.0,0.97236073,0.9765307,0.96985286,0.9718094,0.96411103,0.981302,0.9740538,0.9650691,0.8419944,0.9654694,0.98182976,0.9692085,0.9660896,0.96639,0.97160125,0.96945465,0.9541978,0.9292815,0.93181765,0.9730382,0.9691962,0.9619237,0.97233593,0.9570105,0.96805483,0.95334345,0.9660263,0.97045374,0.9686283,0.9743568,0.968994,0.960734,0.9661522,0.9673207,0.9769656,0.9726949,0.9628017,0.94723034,0.9666455,0.9602209,0.9729003,0.9707799,0.9745339,0.96304286,0.95755625,0.9602643,0.9687269,0.9698279,0.96054125,0.9586637,0.97395605,0.9709762,0.9508283,0.9747807,0.68555766,0.9607808,0.9670799,0.95273566,0.94822174,0.9332326,0.9596561,0.9658885,0.9618738,0.96622837,0.9701151,0.96694076,0.96069777,0.9656028,0.9611841,0.9558414,0.96490604,0.9610613,0.9648461,0.9595768,0.9747807,0.96550417,0.9715309,0.97084147,0.9728015,0.95332885,0.96427286,0.9644924,0.95647734,0.9710926,0.96318007,0.95049375,0.9736306,0.96780914,0.9671518,0.97465324,0.96311736,0.9642788,0.9649167,0.9749399,0.8330738,0.97558653,0.89963365,0.96454006,0.96842873,0.97073144,0.9612645,0.97837764,0.9686734,0.9633911,0.9693917,0.9697073,0.9524939,0.96742785,0.9779927,0.9655573,0.951484,0.96186274,0.9311928,0.97176564,0.96062225,0.98520947,0.963424,0.9757016,0.96545976,0.9713769,0.97177935,0.9723586,0.9656449,0.9830749,0.96816635,0.96778315,0.9692214,0.9720846,0.97583187,0.954009,0.949997,0.96132654,0.9559273,0.96765757,0.9643513,0.96371067,0.9530741,0.9657151,0.97204125,0.9691068,0.970813,0.9705962,0.97141343,0.9830749,0.96515,0.9678293,0.97622955,0.96685654
artofracingmovie,0.9674056,0.96199715,0.9598233,0.9691143,0.9793435,0.9643443,0.97951186,0.95938015,0.98484874,0.9723428,0.97334474,0.9628092,0.9739245,0.97676104,0.97717845,0.9711695,0.97236073,0.99999964,0.9796074,0.9757849,0.9794387,0.96640736,0.97434413,0.97637874,0.9678658,0.86573654,0.97322106,0.97495097,0.968315,0.9642676,0.97206074,0.97542465,0.9706601,0.9624654,0.9347373,0.9305575,0.9713416,0.9717218,0.9655696,0.97756827,0.96006984,0.97152567,0.9512626,0.97131026,0.9757257,0.974696,0.9700453,0.96839446,0.9694767,0.9685476,0.970363,0.9790451,0.967239,0.9487068,0.9590787,0.97729635,0.9637896,0.9741957,0.9702281,0.96919,0.9578033,0.9695846,0.9749917,0.97253346,0.964692,0.9650747,0.9643761,0.9706612,0.9655536,0.9582945,0.97794735,0.641753,0.95629066,0.97541416,0.95558816,0.9620302,0.9355078,0.9625297,0.97177595,0.95533335,0.9626701,0.97425497,0.96653736,0.9707411,0.9712709,0.96205264,0.9592592,0.96970415,0.9684682,0.9786726,0.96458054,0.97794735,0.96099466,0.9713987,0.9678272,0.97680664,0.9637132,0.9702893,0.9655158,0.9623502,0.9689513,0.964347,0.9643425,0.9726308,0.9725484,0.96822554,0.97182983,0.9674027,0.9750058,0.97179115,0.9703946,0.834169,0.9796942,0.9033052,0.9670151,0.97464865,0.97176003,0.9669165,0.97176564,0.97626436,0.9644827,0.96393627,0.97206146,0.948944,0.9716062,0.9678029,0.95983547,0.9676952,0.9790233,0.947425,0.9741649,0.9762771,0.97785926,0.9593872,0.9659295,0.9588844,0.9662662,0.9696788,0.978175,0.97939646,0.98484874,0.96534324,0.9692474,0.973923,0.9715852,0.97771424,0.9602136,0.95015043,0.96613914,0.962696,0.9698755,0.9554354,0.9643167,0.9494778,0.9683674,0.9634418,0.9620128,0.97594386,0.9688617,0.9641293,0.98484874,0.9706409,0.9751921,0.9701455,0.968852
avengers,0.9774289,0.96889216,0.9747614,0.9730213,0.9723064,0.9683572,0.9737717,0.9602274,0.9878942,0.97141445,0.979061,0.9612849,0.97780883,0.9778427,0.97796434,0.97412187,0.9765307,0.9796074,1.0000001,0.97447264,0.985526,0.9646976,0.97660977,0.9763801,0.96691924,0.8740737,0.9701106,0.9738521,0.9707614,0.97069067,0.9869521,0.97505134,0.9721658,0.9701045,0.9408128,0.93758255,0.97400326,0.9713065,0.9696418,0.9780277,0.96048313,0.9724897,0.9575588,0.96629447,0.9823013,0.97629935,0.971822,0.96925026,0.96290165,0.966655,0.9722702,0.981067,0.9711682,0.9516675,0.9640656,0.9750742,0.96610856,0.9752387,0.97786254,0.97279537,0.9645796,0.9702521,0.96409655,0.9747663,0.96693206,0.9717566,0.96763664,0.9767945,0.96498126,0.95522153,0.979323,0.67186433,0.9527019,0.97065276,0.96273243,0.9602952,0.940687,0.9637639,0.975364,0.9658098,0.9700847,0.9668141,0.9766426,0.96682644,0.9774984,0.9631674,0.9647627,0.9684826,0.9737615,0.9705788,0.96676713,0.979323,0.9603752,0.97552556,0.97504175,0.98307616,0.9600988,0.97841716,0.96787846,0.9677326,0.9721239,0.96274173,0.9635298,0.97731745,0.97386545,0.9675558,0.97433275,0.97126883,0.971165,0.9659906,0.97467536,0.8460369,0.9859418,0.9098913,0.97039485,0.9702536,0.97368056,0.96699756,0.9833809,0.9759666,0.961456,0.9652259,0.975033,0.94753164,0.9702987,0.9731442,0.96585184,0.9683157,0.97495437,0.9550116,0.97930485,0.9758524,0.9781809,0.9534792,0.96960294,0.96661705,0.96940565,0.9767281,0.97954714,0.9706855,0.9878942,0.9644554,0.9697285,0.9770887,0.97528046,0.9823393,0.9563469,0.9503652,0.9653369,0.9609171,0.97018236,0.97322285,0.9693723,0.9568658,0.9681321,0.968614,0.9690989,0.9687486,0.9731536,0.9715745,0.9878942,0.96423966,0.9835669,0.9712327,0.97437507
beachbummovie,0.9721953,0.9597861,0.9598637,0.9621652,0.96751255,0.95850253,0.9699727,0.9748195,0.983373,0.9622523,0.9770819,0.9621565,0.9728867,0.9691971,0.98095006,0.97520804,0.96985286,0.9757849,0.97447264,0.9999999,0.977885,0.96526533,0.9688266,0.9702695,0.9676139,0.85618407,0.9696218,0.96674806,0.9644086,0.9644198,0.97036433,0.9676337,0.9637045,0.9598103,0.930326,0.94318265,0.976312,0.9793302,0.971152,0.9704466,0.94653195,0.9704965,0.96443117,0.9675238,0.9819014,0.97674423,0.96514213,0.9730227,0.9589481,0.96242136,0.96491224,0.9722465,0.96640354,0.94422555,0.9597818,0.96279424,0.9666833,0.9756853,0.97337824,0.97117573,0.949131,0.96324015,0.9750013,0.96674496,0.9626845,0.97121555,0.94787335,0.96437734,0.96975285,0.95723337,0.97233653,0.65827346,0.95971185,0.9708681,0.94455475,0.9597793,0.93865865,0.95873547,0.97075164,0.95862603,0.9667391,0.95855266,0.96565574,0.9691426,0.9674929,0.9597049,0.95560217,0.9680927,0.9665428,0.9689358,0.96721554,0.97233653,0.95890874,0.9690022,0.9676623,0.9748308,0.9653675,0.9733799,0.9612616,0.9387384,0.9756528,0.9696273,0.94561064,0.9667147,0.96599895,0.9611262,0.9706668,0.9643971,0.96794176,0.9620781,0.9628238,0.8196749,0.9802903,0.9070371,0.96804225,0.96858084,0.9737187,0.9554953,0.96960855,0.97114545,0.96348906,0.9722261,0.9663372,0.9453684,0.97185445,0.9682937,0.9631635,0.9571411,0.96095353,0.94799125,0.9783861,0.9606822,0.9699042,0.9546674,0.9645933,0.9660184,0.9718124,0.9635524,0.9753492,0.9778121,0.983373,0.9620749,0.96412826,0.9667131,0.97452456,0.96949476,0.9685162,0.9476437,0.9547035,0.9728431,0.96270436,0.96008766,0.9687129,0.95283663,0.9645468,0.97177565,0.9569006,0.97538775,0.97452164,0.96756655,0.983373,0.9625011,0.9750191,0.963615,0.96104044
bernadettefilm,0.9742863,0.97028744,0.96880645,0.97382194,0.9762675,0.9759604,0.98126054,0.9670603,0.99034256,0.971568,0.9817634,0.96631444,0.98113686,0.9836414,0.97963583,0.9763426,0.9718094,0.9794387,0.985526,0.977885,1.0,0.97386134,0.97471476,0.98063135,0.9719231,0.88884634,0.972207,0.9761784,0.97558767,0.97210795,0.975615,0.9817223,0.9700885,0.9716386,0.94790775,0.9474683,0.9792223,0.9774214,0.9706526,0.980039,0.9677056,0.9749677,0.96678513,0.9760487,0.9851182,0.97575086,0.97156,0.9694916,0.96578467,0.97328013,0.9769594,0.9799807,0.9782476,0.9567375,0.9568755,0.97316796,0.9658196,0.9744373,0.9756119,0.97450167,0.967166,0.96997803,0.9758714,0.98032,0.97088164,0.9742425,0.9684327,0.9763178,0.9741149,0.95998716,0.9788246,0.65286803,0.9612776,0.97647417,0.96166563,0.961565,0.9401765,0.96892434,0.9761886,0.9658551,0.9757943,0.97251403,0.9811542,0.96870357,0.9814122,0.96537936,0.9675784,0.9740062,0.9713429,0.97537875,0.97265404,0.9788246,0.95734847,0.9765841,0.97434646,0.98388386,0.97132444,0.9810371,0.9719037,0.96327776,0.9768871,0.9738923,0.962951,0.976903,0.9779807,0.9731808,0.9780697,0.9824084,0.9773663,0.97142893,0.9758783,0.8339284,0.9843445,0.91778773,0.97879803,0.97412753,0.9758727,0.9635452,0.98225355,0.98040646,0.9686545,0.9679395,0.97718304,0.9576723,0.9764593,0.97329926,0.97293836,0.96933466,0.969581,0.9641916,0.9844154,0.97101086,0.9761355,0.9595828,0.9742075,0.96747833,0.97332907,0.96666753,0.98075736,0.97601897,0.99034256,0.97534406,0.97440606,0.9822925,0.97494316,0.9818979,0.96675265,0.9613018,0.97494155,0.9684577,0.97501194,0.96926785,0.9713042,0.96005905,0.96378714,0.96603155,0.9656923,0.9715949,0.97781837,0.97187406,0.99034256,0.968158,0.9850419,0.9745907,0.9732818
blackandbluemovie,0.97268784,0.96339434,0.9691738,0.95985234,0.96729225,0.97020304,0.97935146,0.9595036,0.9819011,0.97046167,0.9647537,0.9701946,0.967582,0.9715214,0.9709666,0.9643877,0.96411103,0.96640736,0.9646976,0.96526533,0.97386134,0.9999999,0.96561086,0.9693778,0.96452343,0.8629789,0.9547954,0.9653922,0.98602766,0.954891,0.9602595,0.97043234,0.96651363,0.96170264,0.9371937,0.93825465,0.976024,0.9683975,0.9722116,0.96929044,0.9531432,0.9757203,0.9592642,0.96675694,0.97531384,0.97052974,0.9644168,0.9676313,0.9600899,0.96904224,0.99274,0.9784343,0.96633035,0.9556963,0.9469232,0.9611204,0.9440623,0.96791756,0.9649841,0.96250063,0.95220363,0.96074885,0.9713752,0.97103703,0.97119814,0.9625337,0.9573,0.9751768,0.9636339,0.9563415,0.9747937,0.64916784,0.9439757,0.967443,0.9549376,0.95666486,0.93978524,0.9618769,0.9664953,0.9640549,0.9654257,0.9768261,0.9586628,0.9645656,0.9765728,0.9595816,0.95258915,0.9673949,0.965528,0.96835357,0.96092993,0.9747937,0.95544195,0.9635215,0.98244894,0.9729495,0.95866436,0.9689056,0.9636736,0.95794713,0.96497935,0.97811645,0.9769379,0.9754128,0.9647098,0.9898206,0.9692253,0.964822,0.96815896,0.9714152,0.9586861,0.812201,0.96459156,0.9111859,0.9708172,0.9655514,0.97593486,0.960503,0.96760744,0.9723333,0.9667993,0.95353496,0.9792965,0.9549482,0.9598202,0.9775513,0.9642259,0.9797299,0.9681791,0.94303685,0.96669847,0.96826684,0.96281564,0.9556876,0.9654406,0.9597981,0.9802114,0.96231335,0.97341794,0.958991,0.9819011,0.9922451,0.95931065,0.973817,0.97184384,0.9661514,0.9491549,0.9507868,0.9666611,0.9604623,0.97481006,0.96057993,0.9625809,0.96289545,0.95782757,0.96019566,0.962896,0.97406715,0.9632127,0.95298266,0.9819011,0.9664415,0.9655967,0.96161103,0.9818473
blackchristmas,0.97584295,0.96894366,0.97196704,0.9754954,0.9782069,0.971695,0.97856516,0.9733769,0.98677343,0.9763829,0.97164625,0.9564399,0.97539705,0.9754533,0.9805066,0.97128,0.981302,0.97434413,0.97660977,0.9688266,0.97471476,0.96561086,0.99999976,0.97803056,0.9709365,0.86769605,0.9764095,0.9823772,0.9739261,0.9728355,0.97036105,0.98094255,0.9708271,0.96588355,0.9479157,0.94277704,0.97100496,0.97021806,0.9674467,0.9796734,0.96013665,0.9717841,0.9579022,0.9726737,0.9730134,0.9744722,0.99507564,0.96841645,0.96717507,0.970295,0.9732606,0.98000157,0.9762834,0.9546274,0.9592465,0.97670776,0.9619306,0.97410697,0.9701993,0.97858495,0.96877974,0.96328384,0.96450996,0.9743328,0.9724735,0.96581364,0.9697502,0.9816212,0.97026926,0.9564697,0.98161477,0.6848327,0.95920676,0.9770998,0.9608406,0.95874125,0.93815875,0.9639106,0.95913005,0.9706044,0.97518456,0.9694379,0.9692421,0.962734,0.96708155,0.9599534,0.97151035,0.96827453,0.9691009,0.97563696,0.96773314,0.98161477,0.9658987,0.96878934,0.97512877,0.97807056,0.95619255,0.973094,0.96120894,0.9754902,0.972237,0.9671309,0.96333444,0.98161054,0.9655136,0.97242796,0.97933125,0.9644156,0.96749884,0.97191584,0.9809494,0.8451527,0.975935,0.9169754,0.9700013,0.97522974,0.9778673,0.96872777,0.9793052,0.971811,0.9667488,0.9660929,0.9764029,0.9618042,0.976333,0.9737657,0.9614434,0.95956504,0.97417873,0.93800014,0.9721432,0.9711025,0.9781278,0.9679753,0.97606933,0.96998966,0.97937995,0.9767299,0.977053,0.9673728,0.98677343,0.9729867,0.9678409,0.9704849,0.971519,0.9813067,0.9624513,0.96290755,0.9660589,0.9633166,0.97446275,0.9759656,0.9699561,0.9490749,0.97577184,0.9710149,0.9818281,0.9748587,0.9741024,0.97716457,0.98677343,0.9662413,0.972171,0.98632073,0.9746504
blindedbythelightmovie,0.9719369,0.96968615,0.9742895,0.9664953,0.9734828,0.96963483,0.9742617,0.9611986,0.98775935,0.9746601,0.97299814,0.9721119,0.9766889,0.97921765,0.98024416,0.9755019,0.9740538,0.97637874,0.9763801,0.9702695,0.98063135,0.9693778,0.97803056,1.0,0.973965,0.87670785,0.9707608,0.9752679,0.9749859,0.97895676,0.96782374,0.97079223,0.97444445,0.96486557,0.93738246,0.9432154,0.9745779,0.97337055,0.96442175,0.97638863,0.9695886,0.9746816,0.96060497,0.975448,0.97439474,0.97552645,0.9743029,0.977195,0.9621426,0.97339374,0.97828364,0.97381496,0.9715812,0.9545873,0.9462351,0.9761755,0.96644235,0.971098,0.96599513,0.9796615,0.96484953,0.96451414,0.96447414,0.9729658,0.9598211,0.9692277,0.9683137,0.9765058,0.9717047,0.9601919,0.9834587,0.664882,0.96003467,0.97386044,0.9647137,0.95568794,0.94080377,0.96736264,0.96658564,0.97081256,0.97557986,0.97192764,0.979156,0.964885,0.9737229,0.96299374,0.9653171,0.97752744,0.97224957,0.9767274,0.97177345,0.9834587,0.96777236,0.97187996,0.97499084,0.9810636,0.9622637,0.96831024,0.9660209,0.9689933,0.9778422,0.9677462,0.9684525,0.9820749,0.98269135,0.9755337,0.97270805,0.9720033,0.97274274,0.96715975,0.97845095,0.8420772,0.976721,0.92206734,0.9696853,0.97448355,0.97627544,0.97217077,0.9807741,0.9725449,0.96647114,0.9706261,0.9746842,0.9518245,0.97071916,0.9716227,0.9676629,0.96395284,0.97093123,0.9481608,0.97373617,0.9736453,0.9790246,0.96058625,0.97084385,0.97009337,0.9769078,0.96479404,0.9812174,0.97258043,0.98775935,0.96973336,0.97481346,0.9763836,0.9751101,0.9767416,0.96595055,0.9500487,0.9672602,0.9640626,0.97051674,0.96767074,0.96798027,0.95576555,0.97133464,0.9729024,0.96959054,0.9745786,0.9768923,0.96984917,0.98775935,0.9662814,0.98106384,0.9750103,0.97872794
bombshellmovie,0.96798897,0.9678733,0.9685113,0.9525046,0.9788658,0.9695595,0.9657253,0.9536814,0.9817734,0.97306037,0.962002,0.96287626,0.96657324,0.97461754,0.9700137,0.9708397,0.9650691,0.9678658,0.96691924,0.9676139,0.9719231,0.96452343,0.9709365,0.973965,1.0,0.8673642,0.9565258,0.97436154,0.97117525,0.9667399,0.96720886,0.96708035,0.97007483,0.96193373,0.92291385,0.9172341,0.97078973,0.96648514,0.9616286,0.9617972,0.9539813,0.97507846,0.9559342,0.9667459,0.9766046,0.9679821,0.96770716,0.9629623,0.95213985,0.96752244,0.9690998,0.9696863,0.9731347,0.9472235,0.9397574,0.9616844,0.9514312,0.97214323,0.9624901,0.97183037,0.9634961,0.96746093,0.9653879,0.96416855,0.9619885,0.9668644,0.95839566,0.97186816,0.9707955,0.94901717,0.97771037,0.6350036,0.9432944,0.9700536,0.95268786,0.9432856,0.9211187,0.96305895,0.96328324,0.96224135,0.96705294,0.96509725,0.9646388,0.9556363,0.96697694,0.9586699,0.96053594,0.9647172,0.95896477,0.9699538,0.9553764,0.97771037,0.9695236,0.9687029,0.96893877,0.966944,0.9652672,0.9552002,0.96004087,0.95448154,0.965201,0.977444,0.9596457,0.97102296,0.97342473,0.9652174,0.96624255,0.96324253,0.96993184,0.95944476,0.9652924,0.80753165,0.9638422,0.8807213,0.96961915,0.9620182,0.97412395,0.9586688,0.9750309,0.96191365,0.9645758,0.96004826,0.9667127,0.9596433,0.962717,0.9696672,0.9701036,0.96082205,0.96285295,0.9533634,0.96973073,0.96106935,0.969234,0.9482665,0.97082233,0.9651216,0.97895324,0.9599947,0.9763975,0.96193063,0.9817734,0.97134733,0.95536953,0.9685023,0.9663291,0.96705735,0.9541959,0.9424361,0.956452,0.9705661,0.96447146,0.9656063,0.9589412,0.9546219,0.95985204,0.9691842,0.9655441,0.9690765,0.9686615,0.9615401,0.9817734,0.95465875,0.97346747,0.9715027,0.9723479
booksmart,0.8725788,0.84981275,0.865223,0.8685009,0.87262934,0.8694238,0.85080254,0.8581606,0.8796682,0.851183,0.86290807,0.8737228,0.860518,0.8885822,0.86225736,0.85948443,0.8419944,0.86573654,0.8740737,0.85618407,0.88884634,0.8629789,0.86769605,0.87670785,0.8673642,0.9999998,0.8574527,0.8589591,0.87158567,0.8506195,0.86870944,0.89309937,0.86155796,0.88863087,0.8560518,0.86882466,0.85640734,0.8727611,0.85852194,0.8784507,0.8545892,0.8979796,0.8572785,0.8834484,0.8784945,0.86550516,0.86713016,0.8509596,0.8852233,0.8766138,0.86553735,0.88404036,0.85610914,0.83254147,0.83071387,0.8704458,0.86524856,0.8787061,0.8755012,0.8591708,0.84296215,0.8615777,0.8836477,0.87609816,0.8809464,0.8915463,0.8597178,0.8815808,0.8611416,0.8813703,0.8711662,0.657656,0.85702574,0.8715464,0.8623722,0.87555766,0.85896116,0.87254214,0.87678814,0.8527835,0.8544904,0.8509606,0.88058203,0.8357329,0.87347937,0.82778716,0.857934,0.86544687,0.87780386,0.8864404,0.8679863,0.8711662,0.8693918,0.86538327,0.8627917,0.87103164,0.8559404,0.86931705,0.8702652,0.8707069,0.8629795,0.8748981,0.8651861,0.868918,0.87388384,0.85931987,0.86355966,0.86337966,0.858586,0.86539084,0.8712332,0.7746571,0.87522864,0.8608778,0.8645441,0.8616916,0.87963134,0.85300344,0.86686105,0.84769607,0.8637976,0.87054694,0.84888864,0.8758236,0.87213624,0.85423446,0.8459802,0.8545696,0.86113054,0.8691464,0.85170496,0.88450575,0.86404145,0.84914213,0.87154156,0.83120847,0.86907756,0.86167073,0.8768489,0.85435635,0.8796682,0.86435354,0.85551965,0.87863505,0.86222005,0.8694943,0.8701511,0.8505749,0.8647445,0.8784505,0.8603951,0.8855225,0.85670173,0.883725,0.8290154,0.8433092,0.8811219,0.85371804,0.86271644,0.8710426,0.8796682,0.8566451,0.8870411,0.8655768,0.85834235
breakthroughmovie,0.9666525,0.9589754,0.95513827,0.9693766,0.9762928,0.95305455,0.97138304,0.9605939,0.97744155,0.9589821,0.9678421,0.94971275,0.9709575,0.970346,0.9716904,0.95855504,0.9654694,0.97322106,0.9701106,0.9696218,0.972207,0.9547954,0.9764095,0.9707608,0.9565258,0.8574527,1.0000004,0.96010864,0.96347535,0.9518626,0.9655811,0.9613488,0.9562176,0.94727325,0.93032104,0.92746764,0.96659416,0.9665503,0.958008,0.96703565,0.94680387,0.9611881,0.94842273,0.96845853,0.97081214,0.9637503,0.9698149,0.95756507,0.95702004,0.96298873,0.9569825,0.96551234,0.9613681,0.93936795,0.95076257,0.9650159,0.95104,0.9641175,0.9700833,0.97116333,0.9503115,0.96643305,0.9642767,0.95752496,0.9554214,0.9633656,0.95475054,0.96306384,0.9684857,0.9335867,0.97538817,0.64503,0.9339213,0.9595563,0.93800867,0.9557337,0.92443377,0.95123374,0.9572099,0.95080805,0.9669811,0.9598378,0.95810944,0.9436731,0.9549513,0.9464536,0.9690679,0.9707552,0.96008843,0.9580285,0.9628751,0.97538817,0.9496817,0.95496386,0.9609787,0.96780086,0.959012,0.9652844,0.9545841,0.9635113,0.9607388,0.96368665,0.9518485,0.9675605,0.9681741,0.95423716,0.9727694,0.94765663,0.95599353,0.9552049,0.97834283,0.8288192,0.9708798,0.8974524,0.95700186,0.96713996,0.9687701,0.94729954,0.966435,0.97191185,0.94729584,0.96182835,0.96282345,0.9336392,0.9688654,0.95799077,0.95310086,0.9454362,0.9721473,0.922718,0.96805704,0.96604127,0.96921694,0.957079,0.9607801,0.9452152,0.9645338,0.9562803,0.9702619,0.95522434,0.97744155,0.95500904,0.9580196,0.9591298,0.95407194,0.97865725,0.96209186,0.94302076,0.95197594,0.96140367,0.9728718,0.9549605,0.95561147,0.9448222,0.97512394,0.96741074,0.957696,0.9702274,0.9605656,0.96065533,0.97744155,0.949066,0.9722949,0.9661089,0.95299876
brianbanksmovie,0.9755223,0.96628493,0.96396863,0.96143556,0.9723628,0.9639087,0.9736413,0.95880234,0.9846026,0.9780737,0.9660951,0.95849067,0.9736654,0.9784382,0.9820924,0.96879476,0.98182976,0.97495097,0.9738521,0.96674806,0.9761784,0.9653922,0.9823772,0.9752679,0.97436154,0.8589591,0.96010864,1.0000001,0.96848774,0.96778435,0.9609489,0.98039466,0.975232,0.9565988,0.9251202,0.930424,0.96737045,0.9708854,0.965981,0.96940905,0.9612729,0.9752276,0.96226096,0.9744838,0.97370136,0.97467947,0.9789517,0.96851,0.9539584,0.97613925,0.9702199,0.977249,0.9770934,0.9666118,0.95315623,0.9723655,0.9643511,0.9730391,0.9658906,0.9751401,0.96118975,0.9627931,0.97030056,0.96835524,0.96609974,0.9647774,0.9708853,0.97766936,0.96741945,0.9621863,0.9795434,0.6840116,0.96240103,0.9818547,0.95743823,0.95007455,0.92390853,0.9669118,0.9657821,0.9659415,0.9674019,0.9690669,0.9634232,0.95863444,0.97297925,0.9625872,0.959507,0.96877116,0.9657527,0.9741243,0.9578045,0.9795434,0.9679894,0.97391856,0.9714386,0.9749501,0.9567617,0.9705531,0.9582275,0.96434116,0.9698534,0.96915424,0.9589048,0.97848994,0.9735185,0.9713225,0.97126836,0.96358305,0.9732595,0.9700936,0.9739159,0.8273045,0.97067344,0.9035673,0.97575134,0.96908647,0.97708535,0.9682218,0.97642845,0.96647227,0.96224064,0.95553607,0.97333604,0.9581412,0.9665291,0.9749287,0.966099,0.95572513,0.96964765,0.95059437,0.97598034,0.9704602,0.9834734,0.9618232,0.9704113,0.96684265,0.9772693,0.9726836,0.9796948,0.9669505,0.9846026,0.9704933,0.9619956,0.97299033,0.973578,0.9739663,0.9554053,0.9490212,0.9636241,0.964901,0.96666497,0.96877444,0.96584946,0.9529663,0.96882856,0.97045475,0.9700984,0.9712709,0.97185063,0.96743816,0.9846026,0.9714374,0.96614593,0.97267777,0.972354
brightburnmovie,0.9716867,0.9676997,0.97519606,0.96234155,0.9720812,0.97479707,0.974588,0.96203053,0.983607,0.97370493,0.9686284,0.96295476,0.96793073,0.9718826,0.9711271,0.97154295,0.9692085,0.968315,0.9707614,0.9644086,0.97558767,0.98602766,0.9739261,0.9749859,0.97117525,0.87158567,0.96347535,0.96848774,0.9999999,0.9618042,0.9642099,0.9720879,0.970795,0.97052485,0.94353384,0.9439439,0.9793492,0.9714271,0.9690192,0.9741625,0.9601481,0.9766776,0.96367335,0.97039396,0.97740114,0.9724944,0.9724127,0.9684139,0.95189464,0.9708316,0.9889941,0.9817523,0.96840465,0.95866424,0.94384855,0.9649495,0.95189655,0.96893495,0.9684065,0.9680304,0.95821244,0.9630829,0.962407,0.97072315,0.97705543,0.96361846,0.95864886,0.9788008,0.9658681,0.9527273,0.97544146,0.65698385,0.9496158,0.96583664,0.95648956,0.9531447,0.93655735,0.96956354,0.9739178,0.9721022,0.9665828,0.97049004,0.96731377,0.9649483,0.97558236,0.94675165,0.95771027,0.96779335,0.9615781,0.96563834,0.96543694,0.97544146,0.9541743,0.9627602,0.98056483,0.972581,0.95274127,0.97333896,0.9597957,0.96172327,0.9729521,0.97586685,0.973176,0.97631437,0.969258,0.988765,0.9791433,0.96908146,0.9660407,0.9702404,0.9667866,0.82980645,0.9704921,0.9151738,0.975971,0.9655251,0.9750509,0.9602555,0.97121936,0.9698317,0.96783346,0.958959,0.9750067,0.95725375,0.96592915,0.97844934,0.96708196,0.97545016,0.96896094,0.9460845,0.97024894,0.9695844,0.9666518,0.9544396,0.973252,0.9667426,0.9782202,0.9677774,0.9745017,0.9601611,0.983607,0.98980856,0.9673459,0.97478956,0.9781831,0.97504807,0.9580878,0.9537965,0.9683423,0.9626965,0.97188467,0.9682838,0.9697354,0.9606619,0.9624128,0.96677256,0.97274196,0.9696925,0.96377957,0.9637158,0.983607,0.96310735,0.9735604,0.9642123,0.98083013
brittanyrunsmov,0.96622986,0.9639112,0.96419746,0.96026534,0.96307516,0.96825415,0.96293485,0.9638618,0.98202837,0.96676403,0.9711299,0.96116614,0.97261095,0.9616336,0.9706288,0.9692219,0.9660896,0.9642676,0.97069067,0.9644198,0.97210795,0.954891,0.9728355,0.97895676,0.9667399,0.8506195,0.9518626,0.96778435,0.9618042,1.0,0.95644313,0.9604197,0.9705205,0.9615093,0.9436139,0.93148273,0.9672192,0.9636243,0.96290827,0.9680915,0.95381355,0.9644759,0.9617667,0.9685932,0.96920675,0.96838224,0.9714235,0.9677835,0.956213,0.9660794,0.96370655,0.9669178,0.9672017,0.95051146,0.95439285,0.9637005,0.95922124,0.96668595,0.9615436,0.96658325,0.96714544,0.95067585,0.9562104,0.9717271,0.95525837,0.96178013,0.9668146,0.97242105,0.9621329,0.94991183,0.9702001,0.6467844,0.95971763,0.96681356,0.95633346,0.9467937,0.9406689,0.962947,0.96173006,0.96752405,0.96413946,0.9623963,0.9672345,0.9601985,0.96459126,0.95975554,0.9537966,0.96888983,0.965745,0.96818644,0.9668363,0.9702001,0.9658181,0.97217625,0.96063,0.9726476,0.958569,0.9642494,0.9497227,0.94853103,0.9732802,0.95674884,0.9610651,0.9759202,0.96489877,0.96227944,0.9653743,0.97225964,0.96334296,0.95732075,0.9642858,0.8291086,0.97643393,0.9103108,0.9579804,0.96910894,0.9679437,0.9557286,0.97640246,0.9610112,0.9599516,0.96527016,0.96961606,0.94892716,0.962891,0.9709839,0.967218,0.9557026,0.95942837,0.9414878,0.9712892,0.9578521,0.97196484,0.9629722,0.96631706,0.9889592,0.9648385,0.9635586,0.9699518,0.9677121,0.98202837,0.9604316,0.9732592,0.9688619,0.97289133,0.97255564,0.95308036,0.9514875,0.9664513,0.95263314,0.9592968,0.96979314,0.9661894,0.94385064,0.95851445,0.9642548,0.97232056,0.95888126,0.9831911,0.9716577,0.98202837,0.9617368,0.9739709,0.9718,0.97024804
captainmarvelofficial,0.96473235,0.968419,0.97066665,0.9630504,0.96595365,0.9600682,0.96543413,0.9603492,0.9794427,0.96330893,0.97063935,0.95457345,0.9709167,0.96958154,0.96696174,0.97147155,0.96639,0.97206074,0.9869521,0.97036433,0.975615,0.9602595,0.97036105,0.96782374,0.96720886,0.86870944,0.9655811,0.9609489,0.9642099,0.95644313,1.0000001,0.96440125,0.96171385,0.9632846,0.92661005,0.92297643,0.9715851,0.9656604,0.96392256,0.96709,0.944711,0.97123605,0.94580543,0.96344656,0.9798344,0.973002,0.9639655,0.95938116,0.95996624,0.96082443,0.9672843,0.9681163,0.9566234,0.9353782,0.9542558,0.96596193,0.95266205,0.9753661,0.9707269,0.9760173,0.95192885,0.9653106,0.9568683,0.96279716,0.9561447,0.9690744,0.95321447,0.9672995,0.9688306,0.9396991,0.9811343,0.6490277,0.9360851,0.9637611,0.95576614,0.95913434,0.9282427,0.95810705,0.9666299,0.9555405,0.972424,0.95908695,0.97067875,0.9560415,0.9662367,0.96367663,0.9633447,0.9611997,0.9685683,0.964131,0.95631695,0.9811343,0.9554261,0.9652975,0.9754477,0.97133636,0.96018755,0.9617957,0.96380794,0.9599056,0.96339613,0.9599244,0.9583351,0.97327536,0.9671146,0.96010506,0.96944183,0.9571132,0.9638692,0.9555719,0.96931773,0.80914253,0.97256947,0.8933065,0.96355385,0.9636176,0.9648592,0.957859,0.9789426,0.964758,0.95451903,0.9628571,0.97065526,0.94074243,0.96952826,0.9654651,0.96046746,0.9636993,0.96605194,0.94637656,0.9733866,0.96828324,0.9690256,0.9474977,0.97029936,0.957525,0.96407104,0.96250695,0.97659814,0.9611441,0.9794427,0.9566957,0.9596709,0.97174287,0.96741086,0.9722767,0.9535531,0.93583643,0.94984907,0.9569637,0.96589154,0.9603064,0.9588604,0.9526672,0.9692657,0.9607644,0.95711786,0.971688,0.96059036,0.95980436,0.9794427,0.95713645,0.9753828,0.9659936,0.96456856
captivestatemovie,0.9752406,0.95818686,0.96380144,0.97250235,0.973036,0.9686309,0.9788289,0.9618597,0.9844983,0.9718446,0.96860015,0.9566929,0.9760044,0.97849727,0.97765976,0.97038305,0.97160125,0.97542465,0.97505134,0.9676337,0.9817223,0.97043234,0.98094255,0.97079223,0.96708035,0.89309937,0.9613488,0.98039466,0.9720879,0.9604197,0.96440125,1.0,0.9729494,0.96584195,0.9455586,0.940591,0.96484184,0.9718049,0.96744096,0.98782444,0.96135587,0.97575176,0.95709693,0.9710713,0.97731745,0.97208416,0.9768312,0.9666956,0.97479683,0.97162545,0.97517246,0.98597383,0.9739206,0.9545389,0.9491668,0.97443247,0.9552947,0.96955854,0.96517116,0.96849716,0.96305764,0.9647615,0.97402996,0.9811735,0.97842634,0.96740854,0.96895355,0.98300683,0.96502185,0.95941544,0.9747109,0.68938375,0.9557722,0.97750205,0.95901954,0.9593422,0.93347913,0.9623322,0.9663302,0.9625678,0.9668356,0.97280663,0.9665317,0.9639127,0.9751132,0.95907843,0.96141624,0.96665645,0.97383803,0.9806779,0.96524364,0.9747109,0.9607704,0.9684142,0.9729683,0.9721328,0.95891786,0.9786512,0.9693376,0.9668349,0.9638404,0.97192085,0.9602517,0.97471684,0.96676403,0.9749612,0.97421294,0.97333366,0.97021323,0.9823052,0.97022736,0.8496506,0.97461027,0.924393,0.9727145,0.97030574,0.977042,0.9689389,0.97573245,0.96951175,0.96943074,0.9552703,0.9704126,0.96353877,0.97438186,0.96718997,0.9638893,0.9624671,0.97101563,0.9536538,0.9660037,0.9716656,0.97274935,0.95182663,0.96762544,0.95892423,0.9741146,0.97470677,0.9747435,0.9675009,0.9844983,0.97357434,0.9640152,0.97769636,0.97311777,0.97708184,0.95768774,0.964476,0.97329533,0.9700569,0.970886,0.9717941,0.9654675,0.9562507,0.9600818,0.95881283,0.9660107,0.9708756,0.96750706,0.97244954,0.9844983,0.97171384,0.97442555,0.9712449,0.9720094
catsmovie,0.96549547,0.9615839,0.96470404,0.95181304,0.9705585,0.96891993,0.9729627,0.9494182,0.98175514,0.97633094,0.96632516,0.96159637,0.96603894,0.9769823,0.9740782,0.9661399,0.96945465,0.9706601,0.9721658,0.9637045,0.9700885,0.96651363,0.9708271,0.97444445,0.97007483,0.86155796,0.9562176,0.975232,0.970795,0.9705205,0.96171385,0.9729494,1.0,0.9557126,0.9294309,0.927976,0.9634629,0.9568473,0.96395093,0.96646583,0.9618872,0.9744666,0.9630857,0.9739581,0.9719136,0.9683673,0.96733767,0.96507806,0.95670146,0.9738478,0.9708984,0.97302157,0.96969223,0.95340323,0.93988436,0.9679626,0.9566679,0.9672578,0.96323097,0.9681318,0.96491915,0.9620278,0.95808053,0.97473615,0.9652064,0.9621115,0.96345043,0.9729345,0.96148723,0.9455046,0.9767657,0.6532562,0.94692427,0.97402173,0.9518118,0.9446688,0.94158703,0.96035254,0.95857626,0.96619046,0.96372175,0.9705894,0.9596321,0.9691416,0.9616121,0.9575287,0.9491717,0.958315,0.96454,0.97420186,0.9622284,0.9767657,0.970006,0.9720063,0.9675668,0.9628027,0.9570645,0.9651276,0.9580543,0.9569453,0.9615147,0.95997036,0.9703519,0.9789612,0.97172767,0.9719404,0.96843255,0.96734303,0.9590148,0.9694772,0.9701926,0.8365963,0.97618157,0.9036763,0.9627581,0.96708256,0.96899766,0.96877885,0.9752102,0.96928596,0.96122986,0.9592679,0.9655804,0.9539014,0.9627788,0.97192734,0.9605317,0.9663722,0.96360177,0.9472428,0.96587294,0.95924026,0.9727444,0.94962674,0.9652148,0.96609956,0.96947134,0.96291405,0.9755998,0.9655082,0.98175514,0.96907544,0.9691077,0.9761494,0.98043287,0.96811664,0.94272673,0.9401795,0.9690681,0.9494643,0.967846,0.9718418,0.9602482,0.9475413,0.96550035,0.96164757,0.9689281,0.9628101,0.9743305,0.9687768,0.98175514,0.9707627,0.9715679,0.963975,0.97568023
charliesangels,0.9666221,0.94897336,0.97127074,0.95837986,0.9645677,0.96921456,0.95682865,0.9570892,0.9741264,0.9613818,0.96388274,0.9671549,0.9598988,0.9639386,0.96570563,0.9626677,0.9541978,0.9624654,0.9701045,0.9598103,0.9716386,0.96170264,0.96588355,0.96486557,0.96193373,0.88863087,0.94727325,0.9565988,0.97052485,0.9615093,0.9632846,0.96584195,0.9557126,1.0,0.92902726,0.9273738,0.9610529,0.96309334,0.963847,0.9673085,0.9515799,0.97366244,0.9466408,0.957361,0.9753404,0.9562539,0.96111715,0.9589897,0.95276964,0.9584466,0.9729533,0.9708158,0.9665007,0.93711644,0.95289636,0.95718586,0.9488107,0.9684701,0.96492845,0.96282524,0.9548869,0.9566052,0.9624019,0.96901804,0.9636976,0.9683604,0.94877917,0.97182894,0.95395434,0.945877,0.9684121,0.6333359,0.93347514,0.95694804,0.9427935,0.95111436,0.93368876,0.95777684,0.9632788,0.96430445,0.95309705,0.95799357,0.96310514,0.95254993,0.96944165,0.94473946,0.9480797,0.9567113,0.9633102,0.96123505,0.9595671,0.9684121,0.9557101,0.9605036,0.9665474,0.96919245,0.94918907,0.9651875,0.9449307,0.94893694,0.9594028,0.96462333,0.9597877,0.96627206,0.9538211,0.966698,0.96640307,0.96420693,0.95036227,0.9541111,0.9536006,0.81954104,0.9739819,0.9011637,0.9669599,0.9588589,0.97067654,0.94838274,0.9638809,0.96226656,0.9624773,0.9590014,0.9612603,0.9528193,0.9652983,0.95921975,0.94966507,0.9679613,0.9657193,0.93787587,0.9617108,0.9684919,0.95924795,0.9428566,0.966126,0.95943815,0.96291864,0.97098094,0.96861583,0.950104,0.9741264,0.9681654,0.94557023,0.9630256,0.9611674,0.9632104,0.95268226,0.9321251,0.9579818,0.95417774,0.9561018,0.9652053,0.9582148,0.9589529,0.95078826,0.9481575,0.96802,0.9546792,0.96098053,0.96366036,0.9741264,0.95454156,0.9705983,0.9599283,0.9686427
childsplaymovie,0.92875636,0.92467046,0.93578905,0.9549382,0.9360857,0.94721574,0.9454296,0.93584996,0.9527397,0.9288243,0.9372252,0.92251366,0.953885,0.934783,0.9308436,0.93039834,0.9292815,0.9347373,0.9408128,0.930326,0.94790775,0.9371937,0.9479157,0.93738246,0.92291385,0.8560518,0.93032104,0.9251202,0.94353384,0.9436139,0.92661005,0.9455586,0.9294309,0.92902726,0.9999999,0.9542351,0.94335896,0.9321599,0.92195165,0.95211524,0.93680966,0.9219782,0.92033,0.94035155,0.93206406,0.94056463,0.9546365,0.9277978,0.9398983,0.9316399,0.94229895,0.9480955,0.9260993,0.9198822,0.9308941,0.93095875,0.93109804,0.9252988,0.9367205,0.9276931,0.93266284,0.9237483,0.92229986,0.9507392,0.94541055,0.92739505,0.92877364,0.9412846,0.91459703,0.9106216,0.9333046,0.67874986,0.93056035,0.9388915,0.9485257,0.9296687,0.9315963,0.9348157,0.9391547,0.93988484,0.9361686,0.9256054,0.9408337,0.93604785,0.9407649,0.91543376,0.93545645,0.9369409,0.9336763,0.942663,0.9529317,0.9333046,0.924171,0.92901164,0.9453513,0.9379225,0.9161973,0.9401569,0.91633916,0.9341858,0.9463562,0.9233589,0.93821985,0.9447118,0.9340209,0.94240665,0.94490886,0.95501006,0.9399643,0.943084,0.93077713,0.8468529,0.9502788,0.9326435,0.92675,0.941714,0.93099827,0.9421401,0.94843,0.9361398,0.93718433,0.9293612,0.941893,0.9247081,0.9290219,0.9420748,0.93760496,0.9246748,0.919239,0.92032063,0.9360216,0.92829674,0.9296635,0.92114586,0.94468486,0.9422325,0.9359929,0.93670446,0.9264004,0.943552,0.9527397,0.94031245,0.950988,0.9378525,0.94205856,0.9522291,0.93436944,0.9849392,0.9552566,0.92647153,0.9476683,0.93638897,0.94156814,0.912888,0.9133674,0.9261249,0.9368273,0.9318932,0.94533455,0.9463294,0.9527397,0.9421867,0.94598055,0.93699795,0.94510025
clarathefilm,0.9338906,0.91396767,0.9322452,0.94119185,0.932138,0.93916214,0.933069,0.94232345,0.9492704,0.9216742,0.9381098,0.9282726,0.9399998,0.93146896,0.94056344,0.9315557,0.93181765,0.9305575,0.93758255,0.94318265,0.9474683,0.93825465,0.94277704,0.9432154,0.9172341,0.86882466,0.92746764,0.930424,0.9439439,0.93148273,0.92297643,0.940591,0.927976,0.9273738,0.9542351,0.99999994,0.9424577,0.93619704,0.9145274,0.94084495,0.9390865,0.9333321,0.9249224,0.9404578,0.92844117,0.933508,0.94808286,0.93648434,0.92542464,0.926935,0.9423058,0.94155335,0.92604315,0.9297049,0.918781,0.9388712,0.9541701,0.9313029,0.9364547,0.9230859,0.9204907,0.9240333,0.92666477,0.9442234,0.94349563,0.93651426,0.9139751,0.9290555,0.92102784,0.93485665,0.92394847,0.716442,0.94337803,0.93510276,0.937936,0.9228899,0.92256534,0.92510957,0.93816996,0.9220406,0.9322399,0.91071624,0.9413329,0.9300916,0.93190795,0.8942026,0.92628425,0.9359357,0.91857815,0.9389398,0.9379906,0.92394847,0.912284,0.9310087,0.93955326,0.94461566,0.91778517,0.93845403,0.9036238,0.91925186,0.9473733,0.9231102,0.9282094,0.93673813,0.92845345,0.9458578,0.93468946,0.94380575,0.9290065,0.93240744,0.93135446,0.8314406,0.94235736,0.9510066,0.9279509,0.94269055,0.93889266,0.93230313,0.9343187,0.9355687,0.9327537,0.937747,0.93781376,0.9392707,0.9248063,0.9335117,0.92500407,0.91859794,0.9125163,0.92067885,0.9371856,0.9352014,0.934168,0.9264737,0.93579453,0.9292879,0.9407743,0.9292853,0.92618525,0.94015795,0.9492704,0.93974257,0.94239944,0.94010574,0.93835056,0.93812156,0.94844997,0.95586956,0.94919795,0.93495446,0.92337245,0.93756586,0.94011253,0.90663284,0.910023,0.9230197,0.9377848,0.9219614,0.9422143,0.93531495,0.9492704,0.9328005,0.93467194,0.93067396,0.9326211
coldpursuitmovie,0.9699414,0.9678534,0.9631254,0.96825767,0.97021455,0.97606254,0.9741051,0.96658945,0.98658705,0.96833044,0.97985935,0.9732037,0.97402817,0.97031265,0.9711688,0.9774316,0.9730382,0.9713416,0.97400326,0.976312,0.9792223,0.976024,0.97100496,0.9745779,0.97078973,0.85640734,0.96659416,0.96737045,0.9793492,0.9672192,0.9715851,0.96484184,0.9634629,0.9610529,0.94335896,0.9424577,1.0000001,0.96821827,0.9686149,0.9713547,0.9603983,0.9707021,0.96803945,0.9736522,0.97464436,0.9750833,0.96859896,0.96681666,0.9514641,0.9724708,0.9769024,0.9756757,0.9733441,0.9550932,0.9528827,0.96634495,0.9670797,0.9776364,0.97819805,0.97187066,0.959941,0.96626997,0.9639829,0.9711912,0.9714556,0.9710908,0.95488197,0.96867687,0.9716271,0.9466168,0.9778586,0.6214163,0.95484966,0.9727301,0.94549996,0.9612337,0.93082255,0.9722364,0.97986096,0.9631838,0.97190857,0.96906817,0.97293484,0.96611613,0.97030616,0.9599882,0.9701858,0.97359526,0.9625978,0.964674,0.9709692,0.9778586,0.9638248,0.97730196,0.98552734,0.97589344,0.9674403,0.9710613,0.9632339,0.9518469,0.9867587,0.973257,0.9605945,0.9740605,0.97558784,0.97443086,0.9806229,0.9700195,0.9642504,0.96524847,0.96937484,0.809654,0.97824275,0.907986,0.9715085,0.9696061,0.97089523,0.95249254,0.9769827,0.974704,0.9707091,0.9771659,0.9755321,0.95346946,0.96425635,0.98002285,0.9749997,0.962915,0.958951,0.9536233,0.9724409,0.9661891,0.97123194,0.96471334,0.97607505,0.9687074,0.9721744,0.9691723,0.97807586,0.97524947,0.98658705,0.97456014,0.9758126,0.9726334,0.9752045,0.9747793,0.9622421,0.9557969,0.9647996,0.9602017,0.9733646,0.96496564,0.9693498,0.95320195,0.9673894,0.9711298,0.9697728,0.9768934,0.97544485,0.9687164,0.98658705,0.96254617,0.97534204,0.96743375,0.96962774
countdown,0.98283076,0.9659684,0.9719541,0.9657121,0.9642502,0.95877784,0.9639934,0.9742093,0.9828142,0.96511966,0.96444255,0.95663935,0.9771329,0.97135234,0.97340614,0.9722057,0.9691962,0.9717218,0.9713065,0.9793302,0.9774214,0.9683975,0.97021806,0.97337055,0.96648514,0.8727611,0.9665503,0.9708854,0.9714271,0.9636243,0.9656604,0.9718049,0.9568473,0.96309334,0.9321599,0.93619704,0.96821827,1.0000001,0.96675825,0.96756446,0.9416091,0.97308695,0.9602719,0.9689395,0.9800956,0.98113954,0.9687532,0.9710607,0.96000236,0.9675478,0.97075725,0.9729375,0.9634376,0.94422066,0.96897584,0.9615846,0.9553336,0.97236586,0.9715641,0.97168237,0.9471768,0.9674307,0.96932834,0.9634239,0.9593398,0.9675368,0.9621894,0.9700398,0.9642607,0.9571867,0.9738866,0.67069304,0.95597047,0.9654193,0.9514953,0.9667192,0.92992204,0.9613617,0.97248584,0.96464103,0.9611409,0.9632865,0.9635159,0.96109915,0.97028077,0.94956386,0.9531806,0.9662312,0.9714919,0.9698279,0.96550894,0.9738866,0.9481503,0.9597185,0.968988,0.9726021,0.9496612,0.9770653,0.95770013,0.95533705,0.9717022,0.9722167,0.9556417,0.9694396,0.97015274,0.967253,0.969885,0.9582392,0.972284,0.9606229,0.96452475,0.80558664,0.97188485,0.9084953,0.96946096,0.96231407,0.98269564,0.9489923,0.9671187,0.9630354,0.9595073,0.9570057,0.9718353,0.9421257,0.96813464,0.9713016,0.9664326,0.95449525,0.9676996,0.9429108,0.97145635,0.9631026,0.9685196,0.9578446,0.9629982,0.9653995,0.974852,0.9624583,0.9720927,0.9658912,0.9828142,0.9681087,0.9617883,0.969295,0.97369426,0.9671882,0.9554934,0.9487079,0.9474519,0.9757216,0.9582415,0.95932513,0.9733358,0.9598704,0.9681188,0.97506297,0.96239275,0.9714911,0.96287966,0.95984614,0.9828142,0.95858437,0.9714398,0.96177197,0.9669294
currentwarmovie,0.97272146,0.9584818,0.96677965,0.9603374,0.96989006,0.9702685,0.969413,0.96645266,0.98237944,0.9603527,0.96397656,0.9637369,0.97327083,0.9688177,0.9779228,0.96970606,0.9619237,0.9655696,0.9696418,0.971152,0.9706526,0.9722116,0.9674467,0.96442175,0.9616286,0.85852194,0.958008,0.965981,0.9690192,0.96290827,0.96392256,0.96744096,0.96395093,0.963847,0.92195165,0.9145274,0.9686149,0.96675825,0.99999994,0.9706928,0.9454354,0.9761002,0.96121895,0.96895707,0.97686785,0.9708552,0.9606033,0.9675677,0.9643516,0.96940917,0.9736608,0.97616136,0.9637291,0.9497112,0.9627149,0.9641232,0.9407428,0.9732086,0.96690464,0.9632653,0.94869924,0.9596976,0.96220976,0.96978503,0.9630666,0.9673214,0.9713071,0.9771746,0.96434134,0.9466868,0.97323555,0.65030694,0.9454004,0.96688706,0.9470005,0.9596425,0.9458284,0.95473194,0.96292865,0.9698985,0.95544827,0.9721811,0.9635462,0.9571752,0.9721491,0.96322906,0.94855195,0.974829,0.97015226,0.96937037,0.96473575,0.97323555,0.9590091,0.9561966,0.9674697,0.97428,0.9560916,0.95970935,0.9657219,0.951768,0.9615386,0.97330713,0.96091694,0.9708155,0.9571468,0.9697632,0.9719559,0.9641158,0.95951986,0.96722347,0.96066004,0.8094962,0.97642463,0.8960932,0.9643681,0.9604305,0.97092324,0.955851,0.9694116,0.96843773,0.97235405,0.9557251,0.97148204,0.9490984,0.9710935,0.97381395,0.96890676,0.975443,0.9742455,0.9407034,0.96742624,0.96056086,0.9584943,0.95275635,0.9689958,0.9607943,0.96711546,0.9660206,0.97364014,0.9575798,0.98237944,0.9680311,0.95719457,0.9679635,0.97173464,0.97076654,0.9529691,0.9405796,0.9595594,0.9594361,0.97814125,0.9664798,0.96513444,0.954841,0.9594683,0.96733725,0.95995456,0.9732832,0.9628153,0.9634936,0.98237944,0.9700067,0.9698924,0.96247005,0.96993226
darkwatersmovie,0.97356,0.9566961,0.97056085,0.9775369,0.9709167,0.9677082,0.97956866,0.96569544,0.9855659,0.96163315,0.9701943,0.9613721,0.9756964,0.9727139,0.9766807,0.9702413,0.97233593,0.97756827,0.9780277,0.9704466,0.980039,0.96929044,0.9796734,0.97638863,0.9617972,0.8784507,0.96703565,0.96940905,0.9741625,0.9680915,0.96709,0.98782444,0.96646583,0.9673085,0.95211524,0.94084495,0.9713547,0.96756446,0.9706928,1.0,0.9606955,0.972842,0.95600224,0.96626765,0.97773993,0.9710994,0.97428775,0.9673777,0.9742113,0.9654352,0.9751694,0.985359,0.96516013,0.9480998,0.9530118,0.97494435,0.9542662,0.97111344,0.9649565,0.9673823,0.96171004,0.96277946,0.9691238,0.98180234,0.9780561,0.9686392,0.96973926,0.9792698,0.9648679,0.95779496,0.9733173,0.6684391,0.95999706,0.97430134,0.9656343,0.95761216,0.94584906,0.9594819,0.9683549,0.9619354,0.97002053,0.96997255,0.97343695,0.96396387,0.9754455,0.96261996,0.96526545,0.9711548,0.9709108,0.9779075,0.9733517,0.9733173,0.9564071,0.96369165,0.972611,0.97901696,0.95465624,0.9753994,0.9720381,0.9689776,0.9670478,0.9702041,0.9578343,0.97312176,0.9645683,0.9732005,0.9749819,0.97445554,0.9731894,0.9805809,0.97264266,0.8629701,0.9786807,0.9224422,0.96799856,0.97184396,0.97321975,0.9713714,0.9815694,0.97446907,0.9721913,0.9673804,0.974456,0.9553267,0.9820681,0.9680384,0.9644452,0.96892965,0.97457516,0.9495089,0.9691825,0.97200656,0.9700011,0.9557112,0.9675691,0.9646778,0.9712089,0.975159,0.9743337,0.9717413,0.9855659,0.97182953,0.96874005,0.97686476,0.97385365,0.98119634,0.9631308,0.96664655,0.9725002,0.9653935,0.9745713,0.97042584,0.96637887,0.95378786,0.9636544,0.9624052,0.9660264,0.97319496,0.96990156,0.973034,0.9855659,0.96664596,0.97694296,0.9735021,0.97301334
detectivepikachumovie,0.94947416,0.9525763,0.949777,0.9477343,0.96891546,0.9676566,0.96925753,0.9430021,0.9729873,0.9665391,0.9608271,0.95232856,0.9585825,0.97144556,0.9675117,0.96275806,0.9570105,0.96006984,0.96048313,0.94653195,0.9677056,0.9531432,0.96013665,0.9695886,0.9539813,0.8545892,0.94680387,0.9612729,0.9601481,0.95381355,0.944711,0.96135587,0.9618872,0.9515799,0.93680966,0.9390865,0.9603983,0.9416091,0.9454354,0.9606955,1.0,0.950013,0.9435837,0.9540261,0.9569857,0.95421934,0.9580705,0.949273,0.9344294,0.9531731,0.96009755,0.95821774,0.96467674,0.96008754,0.92960036,0.9667808,0.9541896,0.946358,0.95109403,0.955968,0.96039927,0.9498347,0.94909596,0.9745298,0.9516817,0.95302784,0.94032425,0.9581426,0.95002174,0.9444036,0.96307296,0.6378222,0.9452734,0.95662665,0.9405637,0.9390658,0.9388305,0.9518946,0.95611167,0.95667744,0.94951594,0.95781285,0.97098964,0.95352644,0.95858663,0.94539994,0.95360273,0.9571168,0.9522194,0.95787424,0.9577522,0.96307296,0.9531031,0.96406364,0.9582004,0.96241915,0.9469405,0.9497569,0.94757444,0.9463451,0.9602446,0.9475693,0.9554852,0.9616444,0.96018034,0.96282065,0.95713794,0.9739738,0.94919634,0.9561276,0.9593886,0.8588486,0.962225,0.9101062,0.9589255,0.95212156,0.95309633,0.95948815,0.9628758,0.9776484,0.9670302,0.9437746,0.9627843,0.9464927,0.95219064,0.96208787,0.9518427,0.94981253,0.95190465,0.93824023,0.9567591,0.95926195,0.9602496,0.93566924,0.95721674,0.95015013,0.95788556,0.9509181,0.9613505,0.9587076,0.9729873,0.9601757,0.9595124,0.97028464,0.96840465,0.9587003,0.94419056,0.9505097,0.9772541,0.9382561,0.963421,0.9549337,0.9573322,0.9337006,0.94666034,0.9469805,0.94979346,0.9517513,0.9576129,0.9530799,0.9729873,0.95315987,0.9617466,0.95260787,0.96334624
disneyaladdin,0.9752351,0.96179265,0.9765894,0.9615016,0.9765583,0.9709901,0.9682804,0.96134394,0.98540866,0.9693881,0.9659851,0.96841204,0.97416526,0.97968155,0.97680676,0.97094214,0.96805483,0.97152567,0.9724897,0.9704965,0.9749677,0.9757203,0.9717841,0.9746816,0.97507846,0.8979796,0.9611881,0.9752276,0.9766776,0.9644759,0.97123605,0.97575176,0.9744666,0.97366244,0.9219782,0.9333321,0.9707021,0.97308695,0.9761002,0.972842,0.950013,1.0,0.9632648,0.98186237,0.9829844,0.9700857,0.9659823,0.97057074,0.968919,0.98653054,0.9760576,0.9818029,0.97046274,0.9546056,0.94801635,0.9736019,0.9559949,0.9837624,0.9709443,0.97140384,0.9545197,0.971026,0.97676635,0.97808325,0.97485644,0.97614497,0.9650621,0.9835833,0.97489786,0.9560967,0.97879606,0.6638877,0.94859827,0.9720267,0.9586251,0.9579293,0.93471617,0.9600843,0.9670753,0.9643449,0.9656673,0.97316563,0.96772754,0.9559704,0.96962106,0.9541922,0.95893735,0.97623503,0.9656566,0.9773021,0.9627317,0.97879606,0.9706065,0.9656233,0.9726107,0.97539914,0.96451914,0.9636366,0.9637709,0.9612059,0.96508485,0.978865,0.9668057,0.9792348,0.9695365,0.9748309,0.9706844,0.96586543,0.9623505,0.9665563,0.9648959,0.8134619,0.97267544,0.9092713,0.9703572,0.9648035,0.97995996,0.95659816,0.97712106,0.96512043,0.96626335,0.965291,0.97253543,0.9707484,0.97148573,0.9670444,0.9648826,0.96827954,0.97531587,0.95132643,0.9688051,0.9746823,0.97374296,0.9541462,0.9708661,0.9580423,0.9791546,0.9696799,0.97697264,0.9586445,0.98540866,0.97501063,0.96027285,0.9795177,0.9713272,0.9715439,0.9582981,0.93668795,0.96541727,0.97371906,0.9713596,0.97786146,0.95997906,0.96271247,0.96576196,0.96602046,0.9726821,0.9685588,0.9656257,0.96270937,0.98540866,0.96330297,0.97212166,0.97135204,0.9696922
disneyfrozen,0.9590247,0.95674264,0.954942,0.94243765,0.95424145,0.9650352,0.96131134,0.9581655,0.9748084,0.9599714,0.9640334,0.95948756,0.9540967,0.9649031,0.96758544,0.95917654,0.95334345,0.9512626,0.9575588,0.96443117,0.96678513,0.9592642,0.9579022,0.96060497,0.9559342,0.8572785,0.94842273,0.96226096,0.96367335,0.9617667,0.94580543,0.95709693,0.9630857,0.9466408,0.92033,0.9249224,0.96803945,0.9602719,0.96121895,0.95600224,0.9435837,0.9632648,0.9999999,0.97142,0.96396345,0.9691841,0.95889926,0.9609235,0.9328378,0.96748763,0.9567218,0.9606799,0.966009,0.94175154,0.9443308,0.94467765,0.9551856,0.96395344,0.9521892,0.95827,0.9569289,0.9484947,0.9512249,0.9584615,0.9538302,0.948069,0.9512752,0.95961297,0.9449654,0.94282836,0.9658127,0.62286705,0.94680613,0.96430767,0.9302479,0.9395841,0.92397934,0.96461654,0.96032834,0.965464,0.9541344,0.94841206,0.95333326,0.9593437,0.9579911,0.94878566,0.95421624,0.95634025,0.9577781,0.9527393,0.96497303,0.9658127,0.9478202,0.95266765,0.954266,0.951823,0.94962704,0.9638921,0.9480504,0.9399163,0.9751578,0.9566336,0.9473462,0.96528554,0.96050376,0.9587333,0.96135485,0.9608226,0.9548324,0.9595272,0.96176153,0.80174875,0.96800894,0.8911134,0.9748926,0.9575705,0.96018255,0.9431048,0.9575264,0.9613049,0.9542215,0.9513942,0.9666514,0.9385007,0.95130676,0.9603354,0.95957845,0.9478798,0.93905604,0.9622706,0.9629077,0.9383319,0.9547861,0.9558624,0.9566859,0.9570997,0.95981586,0.95155656,0.975198,0.95943516,0.9748084,0.96225977,0.9733135,0.95936406,0.9642263,0.96149296,0.93893373,0.9327741,0.9508053,0.9428548,0.9598345,0.97232366,0.9678425,0.9374814,0.9502208,0.9678006,0.9626308,0.9561186,0.96966344,0.96433395,0.9748084,0.9464875,0.9551802,0.9472482,0.9589565
disneymaleficent,0.9636228,0.9593276,0.96132326,0.9605274,0.970758,0.973726,0.9720803,0.9604009,0.9846492,0.9703022,0.9709288,0.95991987,0.9788407,0.9741744,0.9742395,0.9609299,0.9660263,0.97131026,0.96629447,0.9675238,0.9760487,0.96675694,0.9726737,0.975448,0.9667459,0.8834484,0.96845853,0.9744838,0.97039396,0.9685932,0.96344656,0.9710713,0.9739581,0.957361,0.94035155,0.9404578,0.9736522,0.9689395,0.96895707,0.96626765,0.9540261,0.98186237,0.97142,1.0000001,0.9739004,0.9754953,0.96989065,0.96506906,0.9639162,0.99346054,0.96845096,0.9719417,0.965506,0.9603967,0.9507898,0.9660468,0.96148425,0.97268283,0.9686341,0.97426444,0.9534405,0.968405,0.96328413,0.97130835,0.9666886,0.96774375,0.96830916,0.9748962,0.9722324,0.94598264,0.9805207,0.6599984,0.9473264,0.97376513,0.9561241,0.9536885,0.9311505,0.9671424,0.9707501,0.9706079,0.9674473,0.967877,0.9660515,0.958221,0.9646265,0.955353,0.9666651,0.97535795,0.9681883,0.977817,0.9651645,0.9805207,0.97284526,0.9665245,0.97189283,0.9676313,0.96691525,0.96250606,0.95435697,0.9610775,0.97413605,0.96918106,0.9648869,0.9839393,0.9720658,0.97188926,0.9776308,0.96668273,0.9627465,0.9671596,0.97198576,0.8170262,0.97401696,0.9221291,0.9684504,0.9714998,0.9694557,0.96275496,0.9744659,0.9684099,0.9608015,0.9639265,0.9707079,0.96341187,0.9610904,0.9690412,0.96542436,0.9558879,0.96037316,0.9528967,0.97101957,0.96595085,0.974203,0.9666198,0.9730898,0.9608902,0.97032046,0.9600934,0.97710264,0.9688488,0.9846492,0.9656311,0.97244984,0.9751607,0.97379065,0.9792304,0.9609751,0.95006627,0.96934444,0.9675599,0.97571063,0.97206634,0.96495306,0.9524718,0.9667758,0.9697261,0.9678468,0.9706313,0.9725782,0.96828675,0.9846492,0.97380704,0.9714498,0.9702703,0.9621544
doctorsleepmovie,0.9793823,0.9693621,0.9738294,0.96762687,0.9760918,0.96831167,0.97636104,0.97095895,0.9904625,0.972042,0.98080957,0.96449494,0.9790259,0.9791976,0.9833537,0.97741634,0.97045374,0.9757257,0.9823013,0.9819014,0.9851182,0.97531384,0.9730134,0.97439474,0.9766046,0.8784945,0.97081214,0.97370136,0.97740114,0.96920675,0.9798344,0.97731745,0.9719136,0.9753404,0.93206406,0.92844117,0.97464436,0.9800956,0.97686785,0.97773993,0.9569857,0.9829844,0.96396345,0.9739004,1.0000001,0.97966796,0.96809644,0.9729791,0.96701044,0.9740048,0.9763329,0.978453,0.9736014,0.9521059,0.9572416,0.9665325,0.95382094,0.98170555,0.9740435,0.981299,0.9563864,0.9714321,0.9837824,0.9747828,0.97280866,0.98318946,0.96415687,0.9784014,0.9780724,0.9609171,0.9856539,0.6282376,0.9491364,0.9727457,0.95731837,0.96090853,0.9392559,0.966163,0.9760813,0.967816,0.9763049,0.97272444,0.97657007,0.9641067,0.9789401,0.9691853,0.96668273,0.97424513,0.97575176,0.9766893,0.9693978,0.9856539,0.9667214,0.9735369,0.9739183,0.97953546,0.9737468,0.9762244,0.97299206,0.96169716,0.9696508,0.9818947,0.96278226,0.9787565,0.9752842,0.9708317,0.9761324,0.97121847,0.97462505,0.96869516,0.9733521,0.82684463,0.98257643,0.90231866,0.9794484,0.9712185,0.98082757,0.9640956,0.9833913,0.9782431,0.9688397,0.9697802,0.97423935,0.9538945,0.97936136,0.9728268,0.9716219,0.96872747,0.97409266,0.95490026,0.9839206,0.973,0.9746487,0.9539934,0.97600245,0.9701581,0.980463,0.9693303,0.9849029,0.97044325,0.9904625,0.9734739,0.9650199,0.98056424,0.9757616,0.9775143,0.96523166,0.9475137,0.96440166,0.9775418,0.9732167,0.9729629,0.97250634,0.9726233,0.9733381,0.9706504,0.96784216,0.9762256,0.97234535,0.96841115,0.9904625,0.9673955,0.9834194,0.97278315,0.97126395
dolemiteismyname,0.97593004,0.96878237,0.9729257,0.96605664,0.96697176,0.9641509,0.97495514,0.9686804,0.9872194,0.97437364,0.97231776,0.96025276,0.9746863,0.9727954,0.9789981,0.9750124,0.9686283,0.974696,0.97629935,0.97674423,0.97575086,0.97052974,0.9744722,0.97552645,0.9679821,0.86550516,0.9637503,0.97467947,0.9724944,0.96838224,0.973002,0.97208416,0.9683673,0.9562539,0.94056463,0.933508,0.9750833,0.98113954,0.9708552,0.9710994,0.95421934,0.9700857,0.9691841,0.9754953,0.97966796,0.9999999,0.97361314,0.9724129,0.952363,0.9745688,0.97166705,0.9716195,0.9679688,0.9479485,0.9680102,0.9687142,0.962328,0.97256315,0.9722563,0.9771252,0.9505601,0.9700692,0.9637295,0.96644,0.9596362,0.9683215,0.97018427,0.9699782,0.960683,0.9545464,0.98217374,0.6589223,0.95789164,0.977292,0.95523655,0.96930504,0.9397304,0.9752375,0.97311485,0.97168267,0.9684385,0.9674192,0.965289,0.9725001,0.9714595,0.96437293,0.95945716,0.9680796,0.9841954,0.9724964,0.9724624,0.98217374,0.9625899,0.9699058,0.97358114,0.96907943,0.95549375,0.9717165,0.964007,0.9589653,0.9839683,0.9647178,0.95984215,0.97573847,0.9742216,0.96978456,0.9770016,0.965286,0.9762849,0.97329915,0.9746278,0.81504345,0.9752173,0.9103962,0.9805103,0.96879655,0.9763507,0.96752715,0.97626597,0.9720444,0.96349865,0.9571297,0.9792044,0.94384426,0.96969646,0.97236234,0.97086793,0.95873445,0.96471107,0.95282865,0.9720368,0.96249896,0.9729643,0.95897514,0.9701349,0.9707856,0.97465646,0.9667581,0.9801784,0.9767801,0.9872194,0.9712855,0.97942173,0.97236884,0.98462886,0.9762854,0.9570259,0.9528506,0.9544672,0.96845967,0.97505337,0.967061,0.9812226,0.95338947,0.97213674,0.9759567,0.9692556,0.9801051,0.97149116,0.9661319,0.9872194,0.9661526,0.9739146,0.96495736,0.97128737
dontletgomovie,0.97225827,0.96622837,0.966321,0.974709,0.97095776,0.96858156,0.97364014,0.9749225,0.98361826,0.9717168,0.96696645,0.9523328,0.97066176,0.97204906,0.97691,0.9671242,0.9743568,0.9700453,0.971822,0.96514213,0.97156,0.9644168,0.99507564,0.9743029,0.96770716,0.86713016,0.9698149,0.9789517,0.9724127,0.9714235,0.9639655,0.9768312,0.96733767,0.96111715,0.9546365,0.94808286,0.96859896,0.9687532,0.9606033,0.97428775,0.9580705,0.9659823,0.95889926,0.96989065,0.96809644,0.97361314,0.99999994,0.96669155,0.96113753,0.96635705,0.97215015,0.97574884,0.97378564,0.9572115,0.95807964,0.9672732,0.9660592,0.966405,0.96681195,0.97100824,0.9681844,0.9582351,0.9620624,0.9698352,0.9698467,0.9600408,0.96370876,0.9770487,0.9618439,0.9528595,0.9762408,0.68037695,0.96412313,0.9733994,0.9578011,0.95783097,0.9313376,0.96467495,0.9583351,0.972107,0.96626836,0.9663565,0.9663477,0.9603699,0.9653041,0.9561762,0.9695739,0.9638742,0.9619576,0.97009164,0.96683764,0.9762408,0.95740634,0.9669388,0.9709822,0.97345465,0.9519969,0.97333914,0.95442563,0.9689123,0.9741035,0.9675688,0.9647559,0.9790059,0.96523464,0.97113615,0.9739522,0.960975,0.9667737,0.9679051,0.9750728,0.83997947,0.9734355,0.9191492,0.9659324,0.97389084,0.9751451,0.9643759,0.97173584,0.96795857,0.96563965,0.95898443,0.97475356,0.95679194,0.9695256,0.9743494,0.95941883,0.95610076,0.96599114,0.9386543,0.9698527,0.9704869,0.97214985,0.96937937,0.97351825,0.9738249,0.9756899,0.97197276,0.9725895,0.970079,0.98361826,0.9715391,0.96901,0.9652662,0.9700716,0.97757155,0.9581281,0.9665068,0.9642021,0.9607356,0.96841776,0.97025394,0.9740508,0.94390965,0.96896774,0.9691494,0.97835946,0.96602416,0.9755226,0.97533596,0.98361826,0.9642463,0.9669703,0.97767025,0.9773544
doramovie,0.96653193,0.9598779,0.9672016,0.95875376,0.9623037,0.9649298,0.97043806,0.9631108,0.9785734,0.96393573,0.96838456,0.9601513,0.97186303,0.96702355,0.9765685,0.9688542,0.968994,0.96839446,0.96925026,0.9730227,0.9694916,0.9676313,0.96841645,0.977195,0.9629623,0.8509596,0.95756507,0.96851,0.9684139,0.9677835,0.95938116,0.9666956,0.96507806,0.9589897,0.9277978,0.93648434,0.96681666,0.9710607,0.9675677,0.9673777,0.949273,0.97057074,0.9609235,0.96506906,0.9729791,0.9724129,0.96669155,0.9999998,0.9581839,0.9643173,0.9703719,0.9669587,0.96464723,0.95149344,0.94549435,0.9636601,0.95325094,0.96698546,0.9613106,0.9631008,0.955526,0.95545447,0.9577923,0.96511424,0.96044785,0.9610368,0.9584365,0.96749413,0.95753074,0.95634675,0.96755093,0.65477824,0.95761704,0.96423674,0.955103,0.95003,0.93648064,0.9563308,0.955641,0.96547055,0.9631705,0.9612746,0.9698769,0.96127933,0.9663194,0.9590212,0.9493722,0.9690809,0.9657632,0.9647879,0.96746594,0.96755093,0.9511658,0.9557436,0.9664511,0.975331,0.95123136,0.96519893,0.9613012,0.9497517,0.97021604,0.9662787,0.9544715,0.96748513,0.97036386,0.9712273,0.9632196,0.96211296,0.9666432,0.9649922,0.9694003,0.8152066,0.97282386,0.9044422,0.9632685,0.96619457,0.9687556,0.95806175,0.9700654,0.9678128,0.96644115,0.9569374,0.9689027,0.9506111,0.9610536,0.9658586,0.96054333,0.955327,0.96476525,0.9479619,0.96586657,0.96287113,0.96604633,0.9486538,0.9636312,0.9647891,0.96779275,0.9588286,0.9646682,0.9725148,0.9785734,0.96784765,0.9667675,0.9648431,0.96365446,0.96603614,0.958253,0.9421861,0.9578143,0.9592719,0.96525383,0.95666414,0.9708638,0.9550223,0.9590125,0.95962316,0.9633098,0.9649374,0.9637168,0.96369886,0.9785734,0.95815855,0.9663085,0.9666761,0.967952
downtonabbey_official,0.95650727,0.94249874,0.9517922,0.9634145,0.9641097,0.95842266,0.9671633,0.9524367,0.9731807,0.94859916,0.96061426,0.9518151,0.969934,0.9580535,0.9588483,0.9561403,0.960734,0.9694767,0.96290165,0.9589481,0.96578467,0.9600899,0.96717507,0.9621426,0.95213985,0.8852233,0.95702004,0.9539584,0.95189464,0.956213,0.95996624,0.97479683,0.95670146,0.95276964,0.9398983,0.92542464,0.9514641,0.96000236,0.9643516,0.9742113,0.9344294,0.968919,0.9328378,0.9639162,0.96701044,0.952363,0.96113753,0.9581839,1.0,0.96022594,0.9618436,0.9737887,0.95167935,0.9256982,0.94295573,0.96069586,0.9369343,0.9630932,0.95588815,0.9547342,0.942092,0.9487874,0.9630426,0.96930534,0.9654676,0.9549123,0.9513241,0.9698144,0.9606018,0.9410478,0.96288,0.6959728,0.9408441,0.96035093,0.9586685,0.95200545,0.94361305,0.9385816,0.9508999,0.9493383,0.9574305,0.968223,0.9591632,0.951232,0.9657575,0.9574151,0.9457428,0.9591916,0.9616101,0.9755464,0.9534305,0.96288,0.9514302,0.94692075,0.95734274,0.9700414,0.95056176,0.9569283,0.96187425,0.95098376,0.9442808,0.96232283,0.95317155,0.9630477,0.9480367,0.9562262,0.95573986,0.9621011,0.9564153,0.964403,0.95117813,0.84363353,0.9671921,0.9241975,0.94011265,0.9579629,0.95918167,0.95732826,0.9678384,0.9551662,0.95671654,0.95770067,0.9593739,0.95672834,0.9616201,0.9579234,0.944663,0.9608148,0.9659747,0.93105865,0.9512249,0.9575762,0.9586166,0.948621,0.95808434,0.94846237,0.9580123,0.957104,0.9588821,0.95516455,0.9731807,0.95168626,0.9530161,0.9637208,0.9515043,0.96745574,0.9490764,0.9551459,0.9593998,0.95809096,0.9632538,0.95181626,0.94208735,0.9489393,0.94754887,0.94518304,0.95605713,0.96359175,0.9545006,0.95622206,0.9731807,0.9666729,0.96721244,0.97367126,0.95580995
dumbo,0.96710956,0.96077394,0.9645943,0.9609114,0.97020257,0.9699124,0.9722357,0.95180905,0.98418015,0.97565514,0.9670233,0.95903206,0.9790018,0.9748423,0.97525674,0.9626582,0.9661522,0.9685476,0.966655,0.96242136,0.97328013,0.96904224,0.970295,0.97339374,0.96752244,0.8766138,0.96298873,0.97613925,0.9708316,0.9660794,0.96082443,0.97162545,0.9738478,0.9584466,0.9316399,0.926935,0.9724708,0.9675478,0.96940917,0.9654352,0.9531731,0.98653054,0.96748763,0.99346054,0.9740048,0.9745688,0.96635705,0.9643173,0.96022594,1.0000001,0.97029847,0.97486556,0.97007257,0.9612255,0.9513738,0.96944255,0.9567989,0.9709666,0.968873,0.9712431,0.9546308,0.97545075,0.9670298,0.97555554,0.9672314,0.96646816,0.970907,0.9800805,0.9726339,0.93923974,0.97947115,0.6518612,0.9434249,0.9762551,0.95345056,0.9554347,0.9241417,0.9640451,0.96856564,0.97052634,0.9641631,0.9739436,0.9668571,0.9602677,0.9640838,0.95644706,0.96335256,0.9760114,0.9695045,0.9739758,0.967235,0.97947115,0.97542834,0.96922493,0.9755855,0.9683779,0.9644856,0.9627437,0.95808727,0.96163625,0.969586,0.9688928,0.9631863,0.98414755,0.9711417,0.97346365,0.97689074,0.9662362,0.96285707,0.9712017,0.9658965,0.8103372,0.97196543,0.90998375,0.9691423,0.96699715,0.97148633,0.960222,0.9776284,0.96926326,0.96284175,0.960321,0.9702494,0.96180034,0.9587249,0.96935123,0.9689119,0.9564021,0.96596867,0.947918,0.9653606,0.9698104,0.974145,0.95558155,0.9685482,0.95885813,0.97190106,0.9681163,0.9741549,0.96357864,0.98418015,0.9688867,0.9694989,0.97641975,0.97341645,0.97561455,0.95363593,0.9445352,0.9677533,0.96874213,0.9765991,0.9747923,0.9657629,0.95463353,0.9681953,0.9678704,0.9674849,0.96813565,0.9684603,0.965511,0.98418015,0.9695902,0.9699435,0.969889,0.965344
escaperoom,0.97492814,0.9646185,0.9771236,0.96489257,0.96883696,0.974322,0.9766408,0.9623653,0.98462194,0.9758358,0.96838963,0.9730227,0.97193855,0.9741159,0.9717137,0.96996796,0.9673207,0.970363,0.9722702,0.96491224,0.9769594,0.99274,0.9732606,0.97828364,0.9690998,0.86553735,0.9569825,0.9702199,0.9889941,0.96370655,0.9672843,0.97517246,0.9708984,0.9729533,0.94229895,0.9423058,0.9769024,0.97075725,0.9736608,0.9751694,0.96009755,0.9760576,0.9567218,0.96845096,0.9763329,0.97166705,0.97215015,0.9703719,0.9618436,0.97029847,1.0,0.9814298,0.96921974,0.9598584,0.95138836,0.9676731,0.95057124,0.9686433,0.96640044,0.9700759,0.96284306,0.96643144,0.96815306,0.97458017,0.97334415,0.9651026,0.96488065,0.98098564,0.9650215,0.95449954,0.9807033,0.663624,0.9451227,0.97281927,0.96318614,0.96087253,0.9388321,0.96782976,0.9703572,0.9709187,0.9677912,0.97772264,0.967732,0.96900505,0.9820919,0.96061695,0.95653176,0.96940595,0.96969634,0.97094834,0.9658159,0.9807033,0.9557938,0.96753097,0.9891265,0.97815937,0.9570569,0.9727596,0.9606193,0.9657587,0.96891326,0.9779486,0.9828165,0.9813893,0.96835303,0.99601483,0.9735965,0.9722854,0.9685533,0.97505534,0.9631521,0.82366395,0.97008467,0.91567516,0.9713718,0.97126406,0.97879034,0.9707324,0.9726312,0.9728238,0.97179776,0.9562535,0.9823813,0.9559445,0.96507454,0.9796617,0.96811306,0.98661083,0.9749426,0.9459394,0.97080415,0.97708005,0.9693344,0.9588606,0.9705052,0.969185,0.9799043,0.9715702,0.97813284,0.95973366,0.98462194,0.98969245,0.9625579,0.97797287,0.97729087,0.9706565,0.9513238,0.9556358,0.973367,0.960911,0.97272986,0.9648402,0.9678064,0.96678495,0.9663442,0.96546733,0.9665142,0.9742669,0.9645756,0.9608803,0.98462194,0.9724865,0.9739539,0.9661114,0.99056673
everybodyknowsmovie,0.98099273,0.96716136,0.9704695,0.9740364,0.97740346,0.97201735,0.97509927,0.9649567,0.9880992,0.97345465,0.97264886,0.96754676,0.9782085,0.9758695,0.976873,0.97879183,0.9769656,0.9790451,0.981067,0.9722465,0.9799807,0.9784343,0.98000157,0.97381496,0.9696863,0.88404036,0.96551234,0.977249,0.9817523,0.9669178,0.9681163,0.98597383,0.97302157,0.9708158,0.9480955,0.94155335,0.9756757,0.9729375,0.97616136,0.985359,0.95821774,0.9818029,0.9606799,0.9719417,0.978453,0.9716195,0.97574884,0.9669587,0.9737887,0.97486556,0.9814298,0.9999999,0.9744089,0.9610706,0.9582399,0.9732293,0.95635825,0.9754716,0.975004,0.96723056,0.9625969,0.97053385,0.97465134,0.9822264,0.9885271,0.9692667,0.96576804,0.99155676,0.9660789,0.95740765,0.9748032,0.68309784,0.95400554,0.9792647,0.960515,0.9561358,0.9381215,0.9623502,0.9756951,0.9695165,0.9667994,0.9754809,0.9688126,0.9691915,0.9823513,0.95854735,0.9624612,0.97523654,0.96808004,0.97775733,0.96843904,0.9748032,0.96491796,0.9715548,0.97791547,0.97794145,0.9592446,0.9748804,0.96556747,0.963627,0.9675249,0.9748517,0.9689634,0.9754474,0.9683025,0.982344,0.97935796,0.9723437,0.9710646,0.9816418,0.96730113,0.83607966,0.9796283,0.91493577,0.9718415,0.97073454,0.9808152,0.9672973,0.9788557,0.968638,0.97237015,0.9624785,0.9750441,0.961881,0.96903527,0.97833437,0.97067255,0.97370225,0.9782249,0.9473052,0.97021544,0.97529083,0.97300225,0.9556092,0.97255224,0.96362376,0.9793642,0.98367155,0.97656214,0.96786314,0.9880992,0.9777354,0.96454823,0.9775719,0.97707075,0.98601407,0.9584048,0.962459,0.9733516,0.9697469,0.9744595,0.9748641,0.96750206,0.95949596,0.96401006,0.96686,0.9709541,0.97382545,0.9737743,0.9751178,0.9880992,0.97044057,0.9789871,0.9712813,0.9773102
fastandfuriousmovie,0.9699259,0.97301394,0.9600465,0.9603269,0.976381,0.96833044,0.9737456,0.9565424,0.9832492,0.9763926,0.9702563,0.965628,0.9722353,0.9779793,0.97571933,0.973086,0.9726949,0.967239,0.9711682,0.96640354,0.9782476,0.96633035,0.9762834,0.9715812,0.9731347,0.85610914,0.9613681,0.9770934,0.96840465,0.9672017,0.9566234,0.9739206,0.96969223,0.9665007,0.9260993,0.92604315,0.9733441,0.9634376,0.9637291,0.96516013,0.96467674,0.97046274,0.966009,0.965506,0.9736014,0.9679688,0.97378564,0.96464723,0.95167935,0.97007257,0.96921974,0.9744089,0.9999999,0.9656132,0.9458836,0.960162,0.9589935,0.97041804,0.9698271,0.9722491,0.96803176,0.9632382,0.9700198,0.9753069,0.9708691,0.96289873,0.95757115,0.97507405,0.9636644,0.9485136,0.97462773,0.6388185,0.95022047,0.9734695,0.9359004,0.94712263,0.9217627,0.966663,0.96209747,0.9677532,0.9606031,0.9729747,0.96115804,0.95832753,0.9746268,0.95837134,0.9613224,0.971181,0.9632701,0.9611597,0.95968294,0.97462773,0.96424985,0.9782473,0.9670492,0.97040725,0.96675396,0.9706139,0.9581193,0.95177263,0.970789,0.96802264,0.9592854,0.9722063,0.9702108,0.9679204,0.9690564,0.9724851,0.96102065,0.97042847,0.9701526,0.82200545,0.9757459,0.8962887,0.97865164,0.9648043,0.96957743,0.95217186,0.96807003,0.9745987,0.9641416,0.955993,0.96954834,0.9557081,0.96323794,0.96726125,0.9663046,0.9564868,0.95894855,0.94403464,0.9664725,0.9605003,0.9703172,0.9496657,0.9735163,0.965399,0.9712227,0.9705456,0.97670805,0.96186423,0.9832492,0.9710782,0.9674407,0.9704159,0.9680633,0.9697409,0.95182776,0.9441019,0.9641452,0.95489675,0.96850145,0.9717263,0.96553093,0.94046295,0.96270883,0.9683221,0.9713224,0.9686952,0.9768507,0.97260076,0.9832492,0.9550602,0.96833843,0.97042894,0.97004706
fightingwmyfam,0.9520382,0.9576146,0.93500507,0.9416727,0.9548122,0.94834936,0.95544225,0.9419012,0.9667066,0.9609773,0.9490434,0.9375528,0.96361125,0.96145797,0.95841205,0.9503136,0.9628017,0.9487068,0.9516675,0.94422555,0.9567375,0.9556963,0.9546274,0.9545873,0.9472235,0.83254147,0.93936795,0.9666118,0.95866424,0.95051146,0.9353782,0.9545389,0.95340323,0.93711644,0.9198822,0.9297049,0.9550932,0.94422066,0.9497112,0.9480998,0.96008754,0.9546056,0.94175154,0.9603967,0.9521059,0.9479485,0.9572115,0.95149344,0.9256982,0.9612255,0.9598584,0.9610706,0.9656132,0.9999998,0.9201659,0.9447983,0.9424098,0.94606346,0.94708556,0.95372343,0.9502802,0.9408635,0.948976,0.9625775,0.95830643,0.94647,0.94044167,0.9643453,0.95370644,0.94119745,0.9577566,0.6667151,0.94642997,0.94988495,0.936226,0.92648226,0.9044832,0.948825,0.95111036,0.9550218,0.9369024,0.95817953,0.95313084,0.93491596,0.9557323,0.9408907,0.9438864,0.9669995,0.93951404,0.9461686,0.9431572,0.9577566,0.9526992,0.9642164,0.9577856,0.9549362,0.9511387,0.93991446,0.94142616,0.9366746,0.95241064,0.9482553,0.9520208,0.9667359,0.9549457,0.9707419,0.9525774,0.9537008,0.94934946,0.9524848,0.9525713,0.82440853,0.95309746,0.8919249,0.9522918,0.9513926,0.9500003,0.9443126,0.9529533,0.9562069,0.95851916,0.9298795,0.9519563,0.9348195,0.93743217,0.96241105,0.9541687,0.93755454,0.9386487,0.92407984,0.9591434,0.9582922,0.9589476,0.9397225,0.95935184,0.9547223,0.9543488,0.9525631,0.9561336,0.94737375,0.9667066,0.9603892,0.9475214,0.9625414,0.9629198,0.9556066,0.9357926,0.94047636,0.96838295,0.9387292,0.95439684,0.95088357,0.95131487,0.93035024,0.93990755,0.9588885,0.9402253,0.9499644,0.9573571,0.9461979,0.9667066,0.95244694,0.9459711,0.9445006,0.9558044
fivefeetapartfilm,0.9665557,0.94240755,0.96125275,0.9661734,0.94780695,0.94387054,0.9484248,0.96767807,0.9673954,0.9478886,0.9535739,0.9529555,0.96203834,0.94811374,0.96235085,0.9545207,0.94723034,0.9590787,0.9640656,0.9597818,0.9568755,0.9469232,0.9592465,0.9462351,0.9397574,0.83071387,0.95076257,0.95315623,0.94384855,0.95439285,0.9542558,0.9491668,0.93988436,0.95289636,0.9308941,0.918781,0.9528827,0.96897584,0.9627149,0.9530118,0.92960036,0.94801635,0.9443308,0.9507898,0.9572416,0.9680102,0.95807964,0.94549435,0.94295573,0.9513738,0.95138836,0.9582399,0.9458836,0.9201659,1.0000001,0.94900566,0.94736165,0.95631933,0.970743,0.95134765,0.9343893,0.9637144,0.9492068,0.9501127,0.9392798,0.9533147,0.9564601,0.9546145,0.9365721,0.9180055,0.9571955,0.63979375,0.9280987,0.9602158,0.9296896,0.9633397,0.93174076,0.9423971,0.96039975,0.95008004,0.9339956,0.9425608,0.9426712,0.95323163,0.95563793,0.9353792,0.94108075,0.94940525,0.96234417,0.9530809,0.95702446,0.9571955,0.93895984,0.9475538,0.95422924,0.9606336,0.9277574,0.9593302,0.9249261,0.9353966,0.9564087,0.9483069,0.9466349,0.9552139,0.9406633,0.9442973,0.957148,0.94144475,0.95215946,0.95139843,0.9482353,0.78648055,0.9693647,0.89780074,0.9510515,0.9540422,0.96450496,0.9398972,0.95281523,0.957615,0.94748026,0.9439101,0.9705959,0.9170772,0.95292306,0.96072274,0.95109755,0.9458082,0.9628434,0.91569746,0.9533619,0.95095706,0.95029294,0.9449199,0.94652724,0.9495805,0.9465712,0.96301526,0.95479536,0.94970524,0.9673954,0.94536775,0.9455865,0.94433,0.9583293,0.96387976,0.94416785,0.93513936,0.9349266,0.9471546,0.951347,0.95157677,0.9699944,0.93122613,0.9550629,0.95726955,0.9494053,0.95224226,0.95796216,0.95528823,0.9673954,0.95026976,0.9543972,0.9463187,0.95006496
fordvferrari,0.9686334,0.9544469,0.96850556,0.9664284,0.9774369,0.96565974,0.9769485,0.9539878,0.9818639,0.9710354,0.9641679,0.956896,0.9690246,0.97120655,0.9752291,0.9715024,0.9666455,0.97729635,0.9750742,0.96279424,0.97316796,0.9611204,0.97670776,0.9761755,0.9616844,0.8704458,0.9650159,0.9723655,0.9649495,0.9637005,0.96596193,0.97443247,0.9679626,0.95718586,0.93095875,0.9388712,0.96634495,0.9615846,0.9641232,0.97494435,0.9667808,0.9736019,0.94467765,0.9660468,0.9665325,0.9687142,0.9672732,0.9636601,0.96069586,0.96944255,0.9676731,0.9732293,0.960162,0.9447983,0.94900566,1.0000001,0.9582615,0.9701623,0.9635697,0.9642859,0.9568697,0.9689396,0.9629717,0.9737702,0.9561357,0.96757406,0.9695844,0.97007877,0.963571,0.9526765,0.9729355,0.6711743,0.96192205,0.96788925,0.96023136,0.96195805,0.94238275,0.9475187,0.95993686,0.9514623,0.96589833,0.97088575,0.968055,0.96548957,0.9567561,0.9501542,0.9568875,0.96726483,0.96900994,0.97395086,0.9662193,0.9729355,0.95679677,0.9658829,0.9681735,0.9765228,0.9522047,0.9607278,0.96355313,0.9654564,0.9641936,0.9569284,0.9581277,0.9680461,0.9639509,0.96754414,0.9690992,0.96295005,0.9649357,0.9665594,0.9681973,0.8449125,0.9690505,0.91470283,0.9581024,0.9609903,0.97318035,0.9663248,0.97477514,0.97272027,0.9652333,0.9582849,0.96995294,0.96117604,0.9722036,0.96421605,0.95730406,0.95917624,0.98016685,0.9383695,0.9620679,0.97159284,0.9789247,0.9494058,0.9599417,0.9535787,0.97089773,0.96644354,0.9690201,0.9628963,0.9818639,0.9656256,0.9618981,0.97265226,0.97178584,0.9713556,0.9540331,0.9501425,0.9648259,0.9629415,0.9719456,0.9667199,0.95743555,0.9440184,0.9655432,0.9549483,0.96422064,0.96725786,0.95892954,0.957778,0.9818639,0.96158755,0.97236574,0.97240466,0.9665869
freaksthefilm,0.9570724,0.9458006,0.9492534,0.9586191,0.9548296,0.952089,0.954528,0.95627,0.9721182,0.95418525,0.96878594,0.95121264,0.95280385,0.95793885,0.9673261,0.95902026,0.9602209,0.9637896,0.96610856,0.9666833,0.9658196,0.9440623,0.9619306,0.96644235,0.9514312,0.86524856,0.95104,0.9643511,0.95189655,0.95922124,0.95266205,0.9552947,0.9566679,0.9488107,0.93109804,0.9541701,0.9670797,0.9553336,0.9407428,0.9542662,0.9541896,0.9559949,0.9551856,0.96148425,0.95382094,0.962328,0.9660592,0.95325094,0.9369343,0.9567989,0.95057124,0.95635825,0.9589935,0.9424098,0.94736165,0.9582615,0.99999994,0.9605893,0.95835596,0.9525131,0.95289695,0.94387174,0.95598036,0.95600045,0.9539627,0.9605763,0.94430673,0.95098805,0.955002,0.9442838,0.9603509,0.67070764,0.9577805,0.9615546,0.9415343,0.96160924,0.92495376,0.968563,0.95836955,0.9442425,0.9466578,0.9462162,0.9571056,0.9528634,0.95044506,0.93603355,0.95074445,0.9553784,0.9472693,0.9582893,0.9559358,0.9603509,0.9554061,0.97263724,0.95683336,0.9635503,0.9509821,0.9604277,0.9376155,0.9351689,0.9754859,0.94412315,0.94868016,0.96511066,0.9602879,0.95047534,0.9569223,0.95612127,0.9539395,0.94537395,0.9599416,0.8341706,0.9684062,0.9109507,0.95955634,0.9698817,0.96007675,0.9552391,0.95564806,0.9559117,0.9436235,0.96951836,0.9512509,0.9317379,0.9491259,0.95918083,0.95231074,0.9356735,0.94081897,0.9401506,0.96519834,0.9630953,0.96813744,0.9558996,0.9551685,0.9549569,0.95314676,0.96402204,0.96361095,0.96538264,0.9721182,0.94913363,0.9673211,0.9528782,0.9588949,0.9582859,0.9514426,0.9388408,0.9547876,0.95169985,0.9482287,0.9577668,0.9591505,0.93401015,0.94507945,0.9552807,0.9597723,0.9476431,0.9741394,0.9662506,0.9721182,0.95357656,0.95635855,0.9539452,0.9539572
geminimanmovie,0.977076,0.9610016,0.9712975,0.96846795,0.9764306,0.97179663,0.96970564,0.97076434,0.9863046,0.96671486,0.97496086,0.9721478,0.9714253,0.97576946,0.9771567,0.97172856,0.9729003,0.9741957,0.9752387,0.9756853,0.9744373,0.96791756,0.97410697,0.971098,0.97214323,0.8787061,0.9641175,0.9730391,0.96893495,0.96668595,0.9753661,0.96955854,0.9672578,0.9684701,0.9252988,0.9313029,0.9776364,0.97236586,0.9732086,0.97111344,0.946358,0.9837624,0.96395344,0.97268283,0.98170555,0.97256315,0.966405,0.96698546,0.9630932,0.9709666,0.9686433,0.9754716,0.97041804,0.94606346,0.95631933,0.9701623,0.9605893,0.9999999,0.97190523,0.9736757,0.95414686,0.96243143,0.97472674,0.9684786,0.97168833,0.98470396,0.96139306,0.9741386,0.9758071,0.95630157,0.9819216,0.6236149,0.9511875,0.97237605,0.95511025,0.9637233,0.93993306,0.96508485,0.9668281,0.96168137,0.97542965,0.96974367,0.96379095,0.960701,0.96774364,0.95774615,0.96671367,0.9708872,0.96800166,0.9774739,0.96116626,0.9819216,0.970561,0.9695169,0.9707127,0.97879183,0.96922433,0.96300024,0.9632725,0.9607598,0.97234017,0.9723573,0.958732,0.9762724,0.9722684,0.96373206,0.9746896,0.9576777,0.9638677,0.9624341,0.97584707,0.79997504,0.9782004,0.9021939,0.9750785,0.97286046,0.97687066,0.95740557,0.97802883,0.9681185,0.9615776,0.97904897,0.9733053,0.95400155,0.9771849,0.96912163,0.9613577,0.9574315,0.97024065,0.9467842,0.974503,0.9650899,0.97278655,0.96440256,0.98265845,0.9600499,0.9769416,0.9707839,0.9836478,0.9638826,0.9863046,0.9658529,0.9625644,0.97375613,0.9669849,0.9723672,0.9673679,0.9400693,0.956158,0.96810794,0.970625,0.9723071,0.9661658,0.9595973,0.9707289,0.9683311,0.973505,0.97817874,0.9730729,0.9716016,0.9863046,0.9621728,0.9714615,0.9735854,0.96366334
glassmovie,0.9731064,0.96710646,0.9668087,0.97246355,0.9723098,0.9617439,0.9651173,0.9705289,0.9820619,0.9616885,0.9714601,0.96448314,0.97485983,0.9712476,0.9701346,0.9746066,0.9707799,0.9702281,0.97786254,0.97337824,0.9756119,0.9649841,0.9701993,0.96599513,0.9624901,0.8755012,0.9700833,0.9658906,0.9684065,0.9615436,0.9707269,0.96517116,0.96323097,0.96492845,0.9367205,0.9364547,0.97819805,0.9715641,0.96690464,0.9649565,0.95109403,0.9709443,0.9521892,0.9686341,0.9740435,0.9722563,0.96681195,0.9613106,0.95588815,0.968873,0.96640044,0.975004,0.9698271,0.94708556,0.970743,0.9635697,0.95835596,0.97190523,0.9999998,0.96922475,0.9507419,0.97975534,0.96700424,0.9702992,0.966023,0.9719767,0.9540306,0.9718458,0.9638378,0.9298297,0.97172993,0.66152555,0.9452654,0.9653992,0.93494236,0.9601249,0.93404984,0.9536936,0.97900087,0.9552298,0.958294,0.959315,0.96563053,0.95841557,0.96699196,0.9439484,0.9578249,0.9664458,0.96562827,0.96272093,0.9634463,0.97172993,0.9632898,0.9715083,0.9738392,0.9750868,0.9582789,0.9733768,0.948923,0.94548607,0.96847206,0.9685658,0.9562682,0.9689101,0.9686478,0.9614303,0.97337216,0.95627457,0.9542206,0.9573775,0.96588326,0.8149055,0.9840683,0.9173075,0.96217275,0.9608396,0.97238916,0.94044435,0.97073245,0.97237575,0.9660733,0.965306,0.9746964,0.9496722,0.96172076,0.9786648,0.9627698,0.9534961,0.9646123,0.9298424,0.9645489,0.96474445,0.97539705,0.9497739,0.9681324,0.95964,0.96050394,0.96571475,0.9676238,0.9640574,0.9820619,0.96486187,0.95670533,0.96814185,0.97473145,0.97725844,0.9636303,0.9416048,0.9526112,0.9615109,0.96559197,0.96493787,0.9701043,0.94915813,0.96666884,0.9656739,0.96950567,0.96555954,0.970027,0.9697519,0.9820619,0.961128,0.9785863,0.9635834,0.96123224
gloriabellmovie,0.96806914,0.97200495,0.97040164,0.96451694,0.96930695,0.9605617,0.9684607,0.9659072,0.98372334,0.97271127,0.9733203,0.9667545,0.9751015,0.9740441,0.972998,0.9776929,0.9745339,0.96919,0.97279537,0.97117573,0.97450167,0.96250063,0.97858495,0.9796615,0.97183037,0.8591708,0.97116333,0.9751401,0.9680304,0.96658325,0.9760173,0.96849716,0.9681318,0.96282524,0.9276931,0.9230859,0.97187066,0.97168237,0.9632653,0.9673823,0.955968,0.97140384,0.95827,0.97426444,0.981299,0.9771252,0.97100824,0.9631008,0.9547342,0.9712431,0.9700759,0.96723056,0.9722491,0.95372343,0.95134765,0.9642859,0.9525131,0.9736757,0.96922475,1.0000002,0.95601845,0.9658323,0.96392024,0.9632486,0.9559289,0.966134,0.95650864,0.9722328,0.9711431,0.94521886,0.9924201,0.65819263,0.9437531,0.9679265,0.9508864,0.9505848,0.9236584,0.96033376,0.96524614,0.9690765,0.9762264,0.9642084,0.9665953,0.95469105,0.96677566,0.961032,0.96737146,0.969284,0.9729076,0.9691099,0.9638143,0.9924201,0.96752644,0.9700462,0.9741233,0.9686415,0.96135485,0.96622103,0.958518,0.96187127,0.9731788,0.9670831,0.9614213,0.9824383,0.9720171,0.9651507,0.97211814,0.9638979,0.9639464,0.9596574,0.97508633,0.82748073,0.97440976,0.903667,0.9749123,0.9651332,0.97223186,0.96204627,0.9797665,0.9682085,0.9600929,0.9634348,0.9735174,0.9493201,0.9716481,0.96484244,0.9610671,0.95564735,0.9634797,0.93978345,0.9715372,0.96403694,0.97868484,0.9554001,0.97028786,0.9657115,0.9751155,0.96500385,0.98743856,0.95978194,0.98372334,0.96435153,0.9623752,0.9687212,0.97412175,0.9736262,0.95890963,0.9444459,0.953028,0.9611616,0.9683775,0.9711012,0.9614942,0.95011955,0.97793275,0.9826085,0.96751934,0.9800959,0.9694532,0.9637698,0.98372334,0.9650443,0.9737864,0.9719897,0.9653988
godzillamovie,0.9565429,0.960252,0.9542518,0.9522533,0.9660118,0.9700637,0.96628726,0.9499043,0.9736385,0.96783316,0.96034646,0.95564795,0.9651673,0.9745796,0.9663984,0.9600169,0.96304286,0.9578033,0.9645796,0.949131,0.967166,0.95220363,0.96877974,0.96484953,0.9634961,0.84296215,0.9503115,0.96118975,0.95821244,0.96714544,0.95192885,0.96305764,0.96491915,0.9548869,0.93266284,0.9204907,0.959941,0.9471768,0.94869924,0.96171004,0.96039927,0.9545197,0.9569289,0.9534405,0.9563864,0.9505601,0.9681844,0.955526,0.942092,0.9546308,0.96284306,0.9625969,0.96803176,0.9502802,0.9343893,0.9568697,0.95289695,0.95414686,0.9507419,0.95601845,1.0000002,0.9509028,0.9512301,0.973488,0.9521371,0.9475657,0.95554423,0.9684268,0.9474922,0.9362489,0.9655637,0.64596796,0.93671924,0.9545211,0.9436932,0.9398069,0.91752076,0.94960546,0.950209,0.95622844,0.9515139,0.963735,0.96079844,0.9518483,0.9510821,0.95902824,0.9536575,0.9578659,0.94719434,0.952596,0.963117,0.9655637,0.9506381,0.962913,0.9574308,0.95536286,0.9594757,0.95594245,0.9519553,0.955621,0.9645568,0.9546894,0.95586807,0.9677635,0.9605427,0.96291053,0.9597451,0.9649347,0.94179183,0.95098865,0.96091825,0.8244797,0.9677668,0.87931275,0.9539894,0.9600852,0.95891684,0.94744587,0.9638457,0.963168,0.9551506,0.95440805,0.9609625,0.93734807,0.96253127,0.96065754,0.96157706,0.9547576,0.95096344,0.9333905,0.9593599,0.95533013,0.9667507,0.9474017,0.96285677,0.9602112,0.95821387,0.9597398,0.96861774,0.9482877,0.9736385,0.96295285,0.96421915,0.9632176,0.95433486,0.9617198,0.93451285,0.937847,0.9699424,0.93027174,0.9631528,0.95957816,0.957933,0.93948996,0.95153296,0.95154107,0.9596334,0.944926,0.9682197,0.96359587,0.9736385,0.94462556,0.9645392,0.9579784,0.9723635
goldfinchmovie,0.9705325,0.95637304,0.97146773,0.9669087,0.97513884,0.9571422,0.96406984,0.9549452,0.9778079,0.9676321,0.9617557,0.9568729,0.9696679,0.9702624,0.9676995,0.9656601,0.95755625,0.9695846,0.9702521,0.96324015,0.96997803,0.96074885,0.96328384,0.96451414,0.96746093,0.8615777,0.96643305,0.9627931,0.9630829,0.95067585,0.9653106,0.9647615,0.9620278,0.9566052,0.9237483,0.9240333,0.96626997,0.9674307,0.9596976,0.96277946,0.9498347,0.971026,0.9484947,0.968405,0.9714321,0.9700692,0.9582351,0.95545447,0.9487874,0.97545075,0.96643144,0.97053385,0.9632382,0.9408635,0.9637144,0.9689396,0.94387174,0.96243143,0.97975534,0.9658323,0.9509028,1.0000004,0.9632461,0.96605426,0.95743704,0.9639247,0.96144706,0.9707659,0.9591871,0.921005,0.9718911,0.6264961,0.9280211,0.9693489,0.941074,0.9494256,0.91205496,0.94447166,0.9705893,0.9493343,0.95758414,0.9576419,0.9588407,0.9621498,0.957031,0.94352114,0.95728797,0.96395683,0.96016407,0.96104294,0.9612007,0.9718911,0.9561844,0.96361053,0.96981335,0.9656204,0.9546756,0.96124685,0.94549024,0.95389,0.95582986,0.96930504,0.9567307,0.9670088,0.96493787,0.9642998,0.9656166,0.95126706,0.95918286,0.96615887,0.962824,0.79401916,0.9724513,0.8894979,0.96264607,0.96052426,0.97397536,0.95112866,0.971515,0.9722649,0.96154386,0.95430434,0.9727907,0.9500497,0.95558476,0.96292764,0.9645033,0.9535654,0.9698521,0.93639964,0.95991445,0.96379143,0.9707266,0.9411129,0.95852196,0.94725686,0.9627759,0.96647763,0.9659618,0.9531169,0.9778079,0.96507704,0.95083475,0.9656866,0.96858346,0.9712168,0.94586897,0.9367252,0.9497462,0.96819097,0.96334785,0.9599956,0.9650934,0.9478805,0.9710102,0.96371716,0.9555068,0.9636401,0.9587697,0.9602104,0.9778079,0.95305836,0.9742682,0.9617836,0.9617912
goodboysmovie,0.97324073,0.9553647,0.95354944,0.96559054,0.9737622,0.9512851,0.9692707,0.96442753,0.9807795,0.96603566,0.97031844,0.96096677,0.96875113,0.9724382,0.9774996,0.96683085,0.9602643,0.9749917,0.96409655,0.9750013,0.9758714,0.9713752,0.96450996,0.96447414,0.9653879,0.8836477,0.9642767,0.97030056,0.962407,0.9562104,0.9568683,0.97402996,0.95808053,0.9624019,0.92229986,0.92666477,0.9639829,0.96932834,0.96220976,0.9691238,0.94909596,0.97676635,0.9512249,0.96328413,0.9837824,0.9637295,0.9620624,0.9577923,0.9630426,0.9670298,0.96815306,0.97465134,0.9700198,0.948976,0.9492068,0.9629717,0.95598036,0.97472674,0.96700424,0.96392024,0.9512301,0.9632461,0.9999998,0.9691623,0.9687915,0.9765038,0.95418966,0.9713462,0.9732978,0.9548811,0.97363156,0.62751824,0.94819546,0.9694558,0.9417865,0.9657203,0.9278053,0.95926136,0.96477735,0.94594526,0.9595888,0.9698891,0.9591846,0.9534624,0.96767807,0.9574152,0.95923907,0.97115624,0.96209896,0.97125435,0.9588562,0.97363156,0.9634894,0.9706581,0.96246076,0.9717769,0.97551626,0.9676394,0.9603747,0.9483851,0.9591141,0.9769747,0.9549777,0.96896946,0.96677935,0.9623954,0.9643806,0.9567864,0.96600485,0.963035,0.9592177,0.8274214,0.97108865,0.8994607,0.96808404,0.9723812,0.9787873,0.9529579,0.9660519,0.96872246,0.961453,0.96347564,0.9631404,0.94268805,0.9706754,0.9608262,0.959074,0.9557102,0.9699157,0.93351126,0.9711705,0.97507995,0.97248155,0.9486255,0.96237916,0.9530765,0.9719014,0.96467155,0.9746413,0.9605311,0.9807795,0.96794695,0.9507483,0.9682163,0.95943916,0.96786493,0.96372104,0.9386421,0.9616513,0.97462577,0.9623477,0.96186864,0.960529,0.9657355,0.96207654,0.95658255,0.9569578,0.9673451,0.9684158,0.96054745,0.9807795,0.956797,0.97041595,0.96285665,0.9607546
goodliarmovie,0.96664155,0.9635547,0.9649897,0.966303,0.977011,0.9772692,0.9800791,0.96161103,0.9872304,0.9718673,0.9698047,0.9612745,0.980937,0.98154706,0.9763383,0.9701095,0.9687269,0.97253346,0.9747663,0.96674496,0.98032,0.97103703,0.9743328,0.9729658,0.96416855,0.87609816,0.95752496,0.96835524,0.97072315,0.9717271,0.96279716,0.9811735,0.97473615,0.96901804,0.9507392,0.9442234,0.9711912,0.9634239,0.96978503,0.98180234,0.9745298,0.97808325,0.9584615,0.97130835,0.9747828,0.96644,0.9698352,0.96511424,0.96930534,0.97555554,0.97458017,0.9822264,0.9753069,0.9625775,0.9501127,0.9737702,0.95600045,0.9684786,0.9702992,0.9632486,0.973488,0.96605426,0.9691623,1.0,0.9769111,0.96701294,0.96270645,0.98307496,0.96599513,0.9560359,0.9720042,0.66538477,0.95454836,0.9719326,0.9547022,0.9534032,0.94559014,0.9539657,0.9650546,0.9649368,0.96534956,0.97750753,0.979493,0.96783537,0.9719282,0.9630531,0.96189463,0.9731753,0.9668978,0.9755699,0.9734475,0.9720042,0.968067,0.97411776,0.9737047,0.978079,0.9655938,0.9685366,0.9669939,0.9602225,0.96607226,0.9640232,0.9619372,0.9782257,0.9609681,0.9768756,0.9699252,0.9856605,0.9613459,0.9757004,0.960872,0.846815,0.9784731,0.9267878,0.9651099,0.96379584,0.96843314,0.9590533,0.9798319,0.9800169,0.9786522,0.9618752,0.97237784,0.9676226,0.97085464,0.9734264,0.9663849,0.96707624,0.9656375,0.94968015,0.9670891,0.9672029,0.9695164,0.94665176,0.9704461,0.9678915,0.9686463,0.96917355,0.97074383,0.9680383,0.9872304,0.9742252,0.9702339,0.98773605,0.978168,0.9737058,0.9582349,0.96031964,0.98726547,0.95914096,0.9765626,0.9714826,0.96744704,0.94898087,0.95987177,0.9567119,0.9656438,0.9636823,0.97218406,0.96906817,0.9872304,0.9673342,0.97504264,0.974101,0.97334087
gretafilm,0.9688811,0.9575614,0.96218365,0.96376806,0.96915084,0.96596485,0.9663401,0.9613657,0.9793483,0.96077657,0.96753883,0.95450443,0.96680653,0.9664945,0.9639932,0.9675553,0.9698279,0.964692,0.96693206,0.9626845,0.97088164,0.97119814,0.9724735,0.9598211,0.9619885,0.8809464,0.9554214,0.96609974,0.97705543,0.95525837,0.9561447,0.97842634,0.9652064,0.9636976,0.94541055,0.94349563,0.9714556,0.9593398,0.9630666,0.9780561,0.9516817,0.97485644,0.9538302,0.9666886,0.97280866,0.9596362,0.9698467,0.96044785,0.9654676,0.9672314,0.97334415,0.9885271,0.9708691,0.95830643,0.9392798,0.9561357,0.9539627,0.97168833,0.966023,0.9559289,0.9521371,0.95743704,0.9687915,0.9769111,1.0,0.9682346,0.9528509,0.9787672,0.96595365,0.948796,0.9643823,0.66411185,0.9466682,0.96935046,0.9513145,0.9493223,0.930809,0.96347153,0.9638162,0.95878196,0.9612605,0.96273303,0.9636784,0.95740515,0.971542,0.9449055,0.95905083,0.9649538,0.95245934,0.9687213,0.95846564,0.9643823,0.9596577,0.965191,0.97068757,0.96982527,0.9572374,0.9666115,0.95498776,0.9526293,0.95710564,0.9717985,0.96118736,0.9691647,0.9589607,0.9759811,0.9717183,0.9650394,0.9611438,0.97313434,0.9651899,0.8290436,0.970796,0.9070417,0.96870977,0.97247875,0.9695169,0.96039224,0.9709074,0.9625069,0.9669149,0.9623019,0.96149665,0.9595125,0.9586674,0.97010976,0.9606439,0.9620086,0.9614625,0.9404714,0.96379596,0.9666727,0.9608037,0.9508532,0.9727402,0.95623535,0.97086245,0.9727925,0.9641517,0.96000296,0.9793483,0.9723287,0.95748377,0.9732055,0.96679795,0.97602344,0.95519114,0.9572077,0.9716157,0.9654213,0.9657862,0.9705167,0.9599186,0.9510764,0.9544441,0.9524889,0.9679812,0.96512496,0.96706253,0.9757731,0.9793483,0.9593476,0.9657256,0.9693013,0.96487504
halathemovie,0.9804238,0.9496163,0.9656556,0.967922,0.97181106,0.9622193,0.9638608,0.96496356,0.98309684,0.9596935,0.9713709,0.96349686,0.9700817,0.9714716,0.98054385,0.96551275,0.96054125,0.9650747,0.9717566,0.97121555,0.9742425,0.9625337,0.96581364,0.9692277,0.9668644,0.8915463,0.9633656,0.9647774,0.96361846,0.96178013,0.9690744,0.96740854,0.9621115,0.9683604,0.92739505,0.93651426,0.9710908,0.9675368,0.9673214,0.9686392,0.95302784,0.97614497,0.948069,0.96774375,0.98318946,0.9683215,0.9600408,0.9610368,0.9549123,0.96646816,0.9651026,0.9692667,0.96289873,0.94647,0.9533147,0.96757406,0.9605763,0.98470396,0.9719767,0.966134,0.9475657,0.9639247,0.9765038,0.96701294,0.9682346,0.99999994,0.9600255,0.96881986,0.97316533,0.9541123,0.97667193,0.6212627,0.9409502,0.9694681,0.952643,0.965798,0.93990886,0.9641668,0.9662031,0.9527327,0.9645633,0.96218777,0.96893984,0.9508446,0.96305686,0.9506044,0.95877165,0.9725391,0.97018796,0.9727952,0.9635967,0.97667193,0.9673549,0.9734165,0.96751964,0.97576374,0.96837926,0.95755404,0.9589774,0.95556676,0.96458775,0.9723973,0.9542196,0.9693261,0.9705622,0.9603947,0.97237027,0.9544352,0.96028465,0.95802456,0.97342545,0.8161411,0.97576356,0.90683603,0.9670291,0.9738848,0.9800992,0.96071726,0.9725775,0.96986413,0.9645104,0.97486365,0.96314853,0.94369745,0.9726399,0.9668892,0.9649181,0.9500097,0.9661496,0.93832797,0.9736446,0.97010267,0.96885824,0.95109093,0.97632766,0.95533323,0.9743197,0.9659564,0.97658795,0.9616729,0.98309684,0.95978934,0.95312494,0.9709569,0.96511334,0.9689006,0.9682255,0.93820375,0.9589857,0.9758226,0.9666288,0.96783525,0.9688214,0.9681291,0.961242,0.96009016,0.96196955,0.9671001,0.96814394,0.96721023,0.98309684,0.96051943,0.97517663,0.96556836,0.9598065
happydeathdaymovie,0.9700314,0.95720804,0.96930295,0.95929873,0.9599695,0.96184933,0.96501166,0.95173365,0.97772,0.96206695,0.9516737,0.9480979,0.9731726,0.9668847,0.97138923,0.95586383,0.9586637,0.9643761,0.96763664,0.94787335,0.9684327,0.9573,0.9697502,0.9683137,0.95839566,0.8597178,0.95475054,0.9708853,0.95864886,0.9668146,0.95321447,0.96895355,0.96345043,0.94877917,0.92877364,0.9139751,0.95488197,0.9621894,0.9713071,0.96973926,0.94032425,0.9650621,0.9512752,0.96830916,0.96415687,0.97018427,0.96370876,0.9584365,0.9513241,0.970907,0.96488065,0.96576804,0.95757115,0.94044167,0.9564601,0.9695844,0.94430673,0.96139306,0.9540306,0.95650864,0.95554423,0.96144706,0.95418966,0.96270645,0.9528509,0.9600255,1.0,0.9703533,0.9567679,0.94420993,0.9690561,0.64213073,0.94351333,0.9665228,0.96044284,0.9557913,0.9300856,0.954199,0.9517345,0.95551777,0.9554028,0.9624225,0.9564796,0.95109886,0.95882195,0.9557724,0.95147794,0.96674407,0.9692188,0.9707378,0.9591687,0.9690561,0.9531522,0.9575729,0.96007425,0.965128,0.9506056,0.9559705,0.95629716,0.97357124,0.9566957,0.95683527,0.9609048,0.97284883,0.96456903,0.9623186,0.970018,0.955976,0.9681829,0.96559846,0.9717958,0.815272,0.9652139,0.89138186,0.96150804,0.9682963,0.9716255,0.96489584,0.96908206,0.9588365,0.95323086,0.9461197,0.96547717,0.94108635,0.9638982,0.9601894,0.9702559,0.9573949,0.9714932,0.93646,0.96263146,0.96079993,0.968717,0.9484854,0.95955753,0.95367706,0.96514416,0.95941234,0.9655008,0.9531349,0.97772,0.9600144,0.9600255,0.9678661,0.9621906,0.97126997,0.9442433,0.93872356,0.9571412,0.9578685,0.9701016,0.9658305,0.9619096,0.9462711,0.96106154,0.956391,0.96010107,0.9586668,0.9634707,0.96551603,0.97772,0.95930296,0.9632422,0.9655397,0.96846807
harrietfilm,0.9808953,0.9675985,0.9712165,0.9740652,0.9777495,0.9744983,0.97335863,0.964224,0.9871374,0.9782609,0.9703182,0.96412235,0.9804685,0.97740906,0.97963184,0.97271955,0.97395605,0.9706612,0.9767945,0.96437734,0.9763178,0.9751768,0.9816212,0.9765058,0.97186816,0.8815808,0.96306384,0.97766936,0.9788008,0.97242105,0.9672995,0.98300683,0.9729345,0.97182894,0.9412846,0.9290555,0.96867687,0.9700398,0.9771746,0.9792698,0.9581426,0.9835833,0.95961297,0.9748962,0.9784014,0.9699782,0.9770487,0.96749413,0.9698144,0.9800805,0.98098564,0.99155676,0.97507405,0.9643453,0.9546145,0.97007877,0.95098805,0.9741386,0.9718458,0.9722328,0.9684268,0.9707659,0.9713462,0.98307496,0.9787672,0.96881986,0.9703533,0.9999999,0.9694554,0.9523823,0.9796005,0.6706321,0.9424033,0.9759243,0.96194917,0.9507296,0.9361264,0.9601446,0.9675496,0.97784334,0.9697187,0.9774092,0.96927303,0.9613435,0.97837156,0.9594698,0.96216476,0.9793237,0.97033936,0.9760819,0.96771544,0.9796005,0.97281414,0.97062486,0.9775685,0.97900575,0.9614599,0.96948874,0.9634067,0.967946,0.9647014,0.9754771,0.970969,0.9839848,0.96677333,0.98211575,0.9779806,0.9704002,0.96458757,0.9767321,0.9667475,0.82618225,0.97568625,0.9124123,0.97064185,0.96879447,0.9812688,0.9654098,0.9813586,0.9673143,0.97127926,0.9580127,0.9765227,0.96249497,0.96920866,0.97853935,0.97099835,0.967847,0.97795546,0.94000465,0.96972513,0.9745115,0.9742197,0.95424676,0.97387516,0.968958,0.98010135,0.981593,0.97734296,0.95837885,0.9871374,0.9783061,0.96162766,0.97618043,0.9747448,0.9824271,0.957308,0.9553209,0.9730096,0.9697625,0.9761282,0.9747321,0.9710965,0.9647288,0.96722716,0.96820056,0.97042185,0.9703892,0.97349334,0.9736889,0.9871374,0.9741711,0.9789965,0.97384286,0.9804707
hellboymovie,0.9629099,0.96346337,0.9581694,0.9602824,0.97231835,0.96181995,0.9670493,0.96188074,0.9800513,0.96403813,0.97672945,0.9456671,0.97180873,0.968108,0.97083014,0.9659092,0.9709762,0.9655536,0.96498126,0.96975285,0.9741149,0.9636339,0.97026926,0.9717047,0.9707955,0.8611416,0.9684857,0.96741945,0.9658681,0.9621329,0.9688306,0.96502185,0.96148723,0.95395434,0.91459703,0.92102784,0.9716271,0.9642607,0.96434134,0.9648679,0.95002174,0.97489786,0.9449654,0.9722324,0.9780724,0.960683,0.9618439,0.95753074,0.9606018,0.9726339,0.9650215,0.9660789,0.9636644,0.95370644,0.9365721,0.963571,0.955002,0.9758071,0.9638378,0.9711431,0.9474922,0.9591871,0.9732978,0.96599513,0.96595365,0.97316533,0.9567679,0.9694554,1.0000001,0.94103503,0.97744083,0.6206151,0.947963,0.96084744,0.9488841,0.9596989,0.9227817,0.95928967,0.9531096,0.9519413,0.9764531,0.96845853,0.9714313,0.9516963,0.96082884,0.9625986,0.96970505,0.9688641,0.95788753,0.9699145,0.9519475,0.97744083,0.9703637,0.9713805,0.9704458,0.97625625,0.9798539,0.95404744,0.9634513,0.95210695,0.9580747,0.9692777,0.9528205,0.9793346,0.9679063,0.9623344,0.9703824,0.95662844,0.96486294,0.9517152,0.969514,0.81888366,0.96636784,0.89286095,0.96281075,0.9728434,0.9676526,0.954047,0.9770248,0.9648918,0.9603811,0.97430307,0.9610146,0.94830424,0.9634954,0.96663606,0.95997727,0.95350957,0.96424526,0.93394905,0.97466224,0.9689395,0.97258735,0.9566736,0.96995175,0.9603591,0.9689799,0.9580572,0.9698165,0.9589435,0.9800513,0.9632476,0.9540423,0.9716635,0.9626571,0.96820617,0.96187687,0.9355413,0.961301,0.9736689,0.9653988,0.9593843,0.95066446,0.9575074,0.97097224,0.9615495,0.9606073,0.97162396,0.9660869,0.96540296,0.9800513,0.9550999,0.96933645,0.97864497,0.95718324
hersmellmovie,0.9567568,0.9422248,0.9418834,0.933774,0.9450691,0.94913334,0.9562708,0.94196415,0.9655743,0.9484654,0.94749624,0.94385195,0.9480405,0.9590444,0.9642558,0.9438934,0.9508283,0.9582945,0.95522153,0.95723337,0.95998716,0.9563415,0.9564697,0.9601919,0.94901717,0.8813703,0.9335867,0.9621863,0.9527273,0.94991183,0.9396991,0.95941544,0.9455046,0.945877,0.9106216,0.93485665,0.9466168,0.9571867,0.9466868,0.95779496,0.9444036,0.9560967,0.94282836,0.94598264,0.9609171,0.9545464,0.9528595,0.95634675,0.9410478,0.93923974,0.95449954,0.95740765,0.9485136,0.94119745,0.9180055,0.9526765,0.9442838,0.95630157,0.9298297,0.94521886,0.9362489,0.921005,0.9548811,0.9560359,0.948796,0.9541123,0.94420993,0.9523823,0.94103503,1.0000001,0.9549421,0.67016166,0.9511542,0.9528769,0.94338036,0.92983454,0.9257251,0.942647,0.9419429,0.9441647,0.947038,0.9480481,0.9529244,0.93750143,0.95505804,0.9425491,0.93373173,0.9503742,0.95003605,0.95521605,0.94461626,0.9549421,0.939482,0.95399994,0.9446457,0.9649891,0.93749255,0.95282817,0.9559794,0.9489842,0.9541406,0.9451953,0.9418644,0.9534844,0.94450057,0.95513284,0.9394623,0.9522683,0.9586346,0.9464101,0.9507516,0.8353403,0.94310045,0.9039872,0.9550923,0.94709545,0.9572771,0.9483551,0.9471143,0.9490824,0.9480135,0.9389533,0.94315875,0.9433837,0.95141983,0.94875515,0.93741024,0.94642425,0.94614923,0.9408631,0.9588109,0.9528747,0.9493737,0.9397616,0.945804,0.9478121,0.96586215,0.94299287,0.96423495,0.95852995,0.9655743,0.9535729,0.9438404,0.9602507,0.9536854,0.945653,0.9468098,0.93361074,0.9502332,0.946937,0.9436806,0.94768655,0.94745696,0.93717504,0.9308311,0.9418465,0.9475299,0.9513481,0.94843924,0.9338105,0.9655743,0.94338286,0.9435946,0.9529328,0.95288986
highlifemovie,0.97749794,0.9744013,0.97567797,0.96960163,0.9794662,0.9717249,0.9795106,0.9666075,0.9911136,0.9820647,0.97689193,0.97184944,0.9784068,0.9825145,0.98162067,0.9756121,0.9747807,0.97794735,0.979323,0.97233653,0.9788246,0.9747937,0.98161477,0.9834587,0.97771037,0.8711662,0.97538817,0.9795434,0.97544146,0.9702001,0.9811343,0.9747109,0.9767657,0.9684121,0.9333046,0.92394847,0.9778586,0.9738866,0.97323555,0.9733173,0.96307296,0.97879606,0.9658127,0.9805207,0.9856539,0.98217374,0.9762408,0.96755093,0.96288,0.97947115,0.9807033,0.9748032,0.97462773,0.9577566,0.9571955,0.9729355,0.9603509,0.9819216,0.97172993,0.9924201,0.9655637,0.9718911,0.97363156,0.9720042,0.9643823,0.97667193,0.9690561,0.9796005,0.97744083,0.9549421,0.9999995,0.6388094,0.9467399,0.9771682,0.9603833,0.9656719,0.9355349,0.97249305,0.9695756,0.9748142,0.98010534,0.9779637,0.9717754,0.96536565,0.97342426,0.9730158,0.97528046,0.9757123,0.9813261,0.976844,0.9703402,0.9999995,0.9766828,0.97890395,0.9827853,0.97622824,0.9726982,0.9697819,0.97046953,0.9746029,0.97699803,0.9731726,0.9755712,0.9920436,0.98016983,0.97635525,0.9786133,0.9671853,0.97197044,0.9690094,0.9816336,0.829517,0.9784077,0.902205,0.9815046,0.9779931,0.981417,0.97383755,0.9835836,0.9785813,0.96851116,0.9680509,0.9790055,0.95093,0.9735364,0.9757986,0.9680331,0.96871126,0.9747557,0.9511267,0.9777956,0.9755655,0.9825428,0.9649049,0.977933,0.9689623,0.9824207,0.97207606,0.9949002,0.9667445,0.9911136,0.97441334,0.96894145,0.97688514,0.97854334,0.9781438,0.9584042,0.947772,0.9649408,0.9681668,0.9816842,0.97438544,0.96964204,0.9655061,0.983001,0.98172224,0.9731505,0.98738384,0.9737329,0.96985954,0.9911136,0.9735855,0.9785752,0.9777093,0.97840387
highstrungmovie,0.6553777,0.65503323,0.6684778,0.6557761,0.63989997,0.63235664,0.6469803,0.64769155,0.66209024,0.6384179,0.6276738,0.6377096,0.66937697,0.6633995,0.64502406,0.6680748,0.68555766,0.641753,0.67186433,0.65827346,0.65286803,0.64916784,0.6848327,0.664882,0.6350036,0.657656,0.64503,0.6840116,0.65698385,0.6467844,0.6490277,0.68938375,0.6532562,0.6333359,0.67874986,0.716442,0.6214163,0.67069304,0.65030694,0.6684391,0.6378222,0.6638877,0.62286705,0.6599984,0.6282376,0.6589223,0.68037695,0.65477824,0.6959728,0.6518612,0.663624,0.68309784,0.6388185,0.6667151,0.63979375,0.6711743,0.67070764,0.6236149,0.66152555,0.65819263,0.64596796,0.6264961,0.62751824,0.66538477,0.66411185,0.6212627,0.64213073,0.6706321,0.6206151,0.67016166,0.6388094,1.0000001,0.67850864,0.64855397,0.6907031,0.6483046,0.65118486,0.6367064,0.65858024,0.6448698,0.63042414,0.6296189,0.65984064,0.6316833,0.6678405,0.6237497,0.59572154,0.65401506,0.6638714,0.66973764,0.6517735,0.6388094,0.6325285,0.6211723,0.6610765,0.66043633,0.5938377,0.67001647,0.6453685,0.6484073,0.6415695,0.63255006,0.64408106,0.6479019,0.63412035,0.6691645,0.63247365,0.6706161,0.6399937,0.6525984,0.6324172,0.7384823,0.6504472,0.7515053,0.62405473,0.624403,0.6443732,0.6687173,0.6565879,0.61395484,0.64414614,0.6243781,0.64713174,0.6774393,0.6518399,0.6612691,0.6374893,0.6542085,0.6441121,0.6228346,0.64025444,0.65896904,0.6768426,0.6325398,0.6292691,0.653002,0.65251493,0.65965986,0.6431416,0.63323164,0.66209024,0.64480793,0.6483759,0.67346525,0.67444247,0.6727462,0.6562441,0.693244,0.6625387,0.6435223,0.637657,0.67841905,0.6225435,0.625313,0.6111974,0.6623051,0.6598123,0.6442956,0.63886786,0.64304113,0.66209024,0.6712481,0.6583187,0.6506678,0.6654171
honeyboymovie,0.9458851,0.95023793,0.9415788,0.9448202,0.94723636,0.9443081,0.95693415,0.958297,0.96741366,0.94030434,0.9497075,0.9338806,0.9527594,0.9506947,0.9574518,0.9615156,0.9607808,0.95629066,0.9527019,0.95971185,0.9612776,0.9439757,0.95920676,0.96003467,0.9432944,0.85702574,0.9339213,0.96240103,0.9496158,0.95971763,0.9360851,0.9557722,0.94692427,0.93347514,0.93056035,0.94337803,0.95484966,0.95597047,0.9454004,0.95999706,0.9452734,0.94859827,0.94680613,0.9473264,0.9491364,0.95789164,0.96412313,0.95761704,0.9408441,0.9434249,0.9451227,0.95400554,0.95022047,0.94642997,0.9280987,0.96192205,0.9577805,0.9511875,0.9452654,0.9437531,0.93671924,0.9280211,0.94819546,0.95454836,0.9466682,0.9409502,0.94351333,0.9424033,0.947963,0.9511542,0.9467399,0.67850864,0.99999976,0.9500802,0.9410064,0.94593716,0.92831767,0.9423821,0.9480182,0.9410387,0.94507885,0.947805,0.96098846,0.95434725,0.9484614,0.9405923,0.93997896,0.9475769,0.94038475,0.9557248,0.95440155,0.9467399,0.9336093,0.95542914,0.9443872,0.9600775,0.93933177,0.95308286,0.95474255,0.9284124,0.9645076,0.93942946,0.92703676,0.9503246,0.9502569,0.94695777,0.9442917,0.9514586,0.9653671,0.9478076,0.9476148,0.8442793,0.9606833,0.9128401,0.9471629,0.9483273,0.94825715,0.9413499,0.95553297,0.95037824,0.9580097,0.9455615,0.94689447,0.940954,0.95444715,0.95741296,0.94346887,0.93359715,0.9344927,0.93948853,0.95508206,0.94211215,0.9596124,0.9445461,0.94946766,0.96183336,0.948627,0.9373823,0.9487177,0.9699991,0.96741366,0.9514404,0.96233183,0.9526621,0.9642508,0.9494243,0.94395304,0.951272,0.9454149,0.9460981,0.94409525,0.94617385,0.9510557,0.9156013,0.93482476,0.9466498,0.9523204,0.95024467,0.9606893,0.9522718,0.96741366,0.9441959,0.9471231,0.955358,0.948597
hotelmumbaifilm,0.9725737,0.9582504,0.9611747,0.96362215,0.9706645,0.96466506,0.9730636,0.95913905,0.9844647,0.9731602,0.9676167,0.9676734,0.97119224,0.97430295,0.97939503,0.9660063,0.9670799,0.97541416,0.97065276,0.9708681,0.97647417,0.967443,0.9770998,0.97386044,0.9700536,0.8715464,0.9595563,0.9818547,0.96583664,0.96681356,0.9637611,0.97750205,0.97402173,0.95694804,0.9388915,0.93510276,0.9727301,0.9654193,0.96688706,0.97430134,0.95662665,0.9720267,0.96430767,0.97376513,0.9727457,0.977292,0.9733994,0.96423674,0.96035093,0.9762551,0.97281927,0.9792647,0.9734695,0.94988495,0.9602158,0.96788925,0.9615546,0.97237605,0.9653992,0.9679265,0.9545211,0.9693489,0.9694558,0.9719326,0.96935046,0.9694681,0.9665228,0.9759243,0.96084744,0.9528769,0.9771682,0.64855397,0.9500802,0.9999999,0.9550996,0.9561573,0.9356751,0.9712132,0.9699576,0.96146107,0.96596104,0.96700215,0.96520996,0.97289,0.97721297,0.9627327,0.9617695,0.9678054,0.9715206,0.9753835,0.9674663,0.9771682,0.96697235,0.97516704,0.9762751,0.9722556,0.9562735,0.9662252,0.95884407,0.96021575,0.9717804,0.9652485,0.95913965,0.9744499,0.96875477,0.97341114,0.9715182,0.9693561,0.9721154,0.9883641,0.96904474,0.80974275,0.97386795,0.9079617,0.97312045,0.9742535,0.97400993,0.97497344,0.9773362,0.96882707,0.96375096,0.96163416,0.9746876,0.95210147,0.9668895,0.9722353,0.9738842,0.9611076,0.96628815,0.9584925,0.9717205,0.96434134,0.9687024,0.95543003,0.9710197,0.9637115,0.973558,0.9736798,0.9792708,0.97391546,0.9844647,0.96764594,0.97052574,0.9713109,0.97449136,0.97371984,0.9555598,0.958049,0.96409917,0.96245503,0.9710915,0.9651785,0.97256064,0.9544681,0.96770656,0.9662974,0.9614446,0.97593176,0.9735579,0.9699379,0.9844647,0.97222877,0.9725191,0.97161114,0.96907336
httydragon,0.95582724,0.9367856,0.96742886,0.9587826,0.95209223,0.95857644,0.9569813,0.9360988,0.96914905,0.95311457,0.95018256,0.93882143,0.96095514,0.9528474,0.9579766,0.9464516,0.95273566,0.95558816,0.96273243,0.94455475,0.96166563,0.9549376,0.9608406,0.9647137,0.95268786,0.8623722,0.93800867,0.95743823,0.95648956,0.95633346,0.95576614,0.95901954,0.9518118,0.9427935,0.9485257,0.937936,0.94549996,0.9514953,0.9470005,0.9656343,0.9405637,0.9586251,0.9302479,0.9561241,0.95731837,0.95523655,0.9578011,0.955103,0.9586685,0.95345056,0.96318614,0.960515,0.9359004,0.936226,0.9296896,0.96023136,0.9415343,0.95511025,0.93494236,0.9508864,0.9436932,0.941074,0.9417865,0.9547022,0.9513145,0.952643,0.96044284,0.96194917,0.9488841,0.94338036,0.9603833,0.6907031,0.9410064,0.9550996,1.0,0.9341299,0.94402933,0.9456288,0.9426741,0.95281696,0.96196866,0.94721043,0.9579842,0.95056677,0.95804214,0.95175177,0.94170463,0.9532538,0.95404845,0.9726013,0.9462238,0.9603833,0.94056386,0.94272935,0.95710915,0.96599156,0.9377884,0.94103926,0.9489645,0.9669072,0.94989604,0.9446848,0.9561186,0.9652272,0.9563509,0.9610932,0.9563696,0.9595015,0.9638827,0.9501686,0.9567812,0.847971,0.9535157,0.9110529,0.9477894,0.96140116,0.96014273,0.97955376,0.97138333,0.9461527,0.9441677,0.9454215,0.96344054,0.940817,0.94848764,0.95156366,0.94870406,0.94987816,0.95578563,0.94517684,0.96444076,0.951441,0.9605684,0.94486195,0.9555949,0.94773555,0.969064,0.9518681,0.954662,0.9488701,0.96914905,0.95495564,0.95205265,0.9628793,0.9513878,0.95699346,0.93607104,0.95960426,0.95821774,0.9549938,0.95764875,0.9516924,0.9452372,0.95283127,0.93975306,0.94882196,0.95256495,0.95361483,0.9492049,0.94779485,0.96914905,0.9645753,0.9579584,0.96541137,0.96598136
hustlemovie,0.9634816,0.9461966,0.9573018,0.96183515,0.95443517,0.9452761,0.9584954,0.9649373,0.97042537,0.95073146,0.96250004,0.95165557,0.9604725,0.95809144,0.9594089,0.96037924,0.94822174,0.9620302,0.9602952,0.9597793,0.961565,0.95666486,0.95874125,0.95568794,0.9432856,0.87555766,0.9557337,0.95007455,0.9531447,0.9467937,0.95913434,0.9593422,0.9446688,0.95111436,0.9296687,0.9228899,0.9612337,0.9667192,0.9596425,0.95761216,0.9390658,0.9579293,0.9395841,0.9536885,0.96090853,0.96930504,0.95783097,0.95003,0.95200545,0.9554347,0.96087253,0.9561358,0.94712263,0.92648226,0.9633397,0.96195805,0.96160924,0.9637233,0.9601249,0.9505848,0.9398069,0.9494256,0.9657203,0.9534032,0.9493223,0.965798,0.9557913,0.9507296,0.9596989,0.92983454,0.9656719,0.6483046,0.94593716,0.9561573,0.9341299,1.0,0.9370523,0.96594846,0.9539491,0.94102323,0.9424813,0.9584992,0.9545326,0.95139843,0.9513827,0.9430317,0.94563305,0.95678014,0.9673228,0.95829725,0.96503943,0.9656719,0.9459876,0.9559986,0.96356463,0.9596813,0.9490106,0.9582262,0.95426834,0.9422478,0.9614679,0.95174795,0.95205146,0.962241,0.95457333,0.95331573,0.9586471,0.9443026,0.95762056,0.95182,0.9547304,0.822099,0.96428806,0.90238833,0.95332986,0.966499,0.9637392,0.94816095,0.95451766,0.9576462,0.95277584,0.9541314,0.9570268,0.91321534,0.9630498,0.95712787,0.9532383,0.95173854,0.96139187,0.9213501,0.954579,0.9669692,0.9586437,0.9474373,0.9506786,0.9446671,0.9500489,0.95688707,0.9600827,0.9507828,0.97042537,0.95450735,0.957486,0.9546103,0.95753366,0.9559153,0.94470584,0.93624014,0.94971776,0.95477766,0.96178824,0.95195717,0.95865643,0.9488253,0.95421666,0.95024866,0.95042986,0.9613655,0.95341647,0.9518865,0.97042537,0.9457686,0.9598844,0.9477756,0.9538268
hustlersmovie,0.93774235,0.9174182,0.93624616,0.92977023,0.93638563,0.94178677,0.9486639,0.9329525,0.95204556,0.93010014,0.9373787,0.94039446,0.9372053,0.9332852,0.9447833,0.9311866,0.9332326,0.9355078,0.940687,0.93865865,0.9401765,0.93978524,0.93815875,0.94080377,0.9211187,0.85896116,0.92443377,0.92390853,0.93655735,0.9406689,0.9282427,0.93347913,0.94158703,0.93368876,0.9315963,0.92256534,0.93082255,0.92992204,0.9458284,0.94584906,0.9388305,0.93471617,0.92397934,0.9311505,0.9392559,0.9397304,0.9313376,0.93648064,0.94361305,0.9241417,0.9388321,0.9381215,0.9217627,0.9044832,0.93174076,0.94238275,0.92495376,0.93993306,0.93404984,0.9236584,0.91752076,0.91205496,0.9278053,0.94559014,0.930809,0.93990886,0.9300856,0.9361264,0.9227817,0.9257251,0.9355349,0.65118486,0.92831767,0.9356751,0.94402933,0.9370523,0.9999999,0.925367,0.93255335,0.9395217,0.92828417,0.9299491,0.93813646,0.9378185,0.94486517,0.92547876,0.9154649,0.9299689,0.9531471,0.9498876,0.9431488,0.9355349,0.9343297,0.92534566,0.9341108,0.94898695,0.9161428,0.9288804,0.9346903,0.9213458,0.934938,0.92013204,0.9349926,0.937013,0.9263951,0.9338118,0.94188684,0.94325954,0.92945516,0.93273586,0.93563783,0.85227025,0.94817597,0.91427904,0.9221556,0.93498296,0.9401559,0.94743925,0.94443446,0.94858456,0.93458337,0.9333769,0.94358826,0.90953124,0.9427757,0.9490881,0.92173195,0.9376111,0.94059205,0.90311277,0.93467486,0.9214526,0.93303376,0.9183022,0.93541306,0.9303153,0.9424236,0.9248134,0.93376744,0.93294734,0.95204556,0.9372493,0.9391323,0.9419263,0.9452116,0.93315804,0.9336863,0.9358439,0.9405757,0.9217651,0.9538988,0.93884236,0.9393177,0.9308442,0.91875607,0.9206247,0.93370306,0.94032526,0.93525887,0.93316364,0.95204556,0.9514896,0.9489578,0.9340348,0.93962073
isntitromantic,0.96519524,0.9546905,0.9568894,0.9518667,0.95953053,0.9580242,0.96060055,0.95026046,0.9751224,0.96517915,0.96739745,0.95543724,0.956554,0.962996,0.9628464,0.9578817,0.9596561,0.9625297,0.9637639,0.95873547,0.96892434,0.9618769,0.9639106,0.96736264,0.96305895,0.87254214,0.95123374,0.9669118,0.96956354,0.962947,0.95810705,0.9623322,0.96035254,0.95777684,0.9348157,0.92510957,0.9722364,0.9613617,0.95473194,0.9594819,0.9518946,0.9600843,0.96461654,0.9671424,0.966163,0.9752375,0.96467495,0.9563308,0.9385816,0.9640451,0.96782976,0.9623502,0.966663,0.948825,0.9423971,0.9475187,0.968563,0.96508485,0.9536936,0.96033376,0.94960546,0.94447166,0.95926136,0.9539657,0.96347153,0.9641668,0.954199,0.9601446,0.95928967,0.942647,0.97249305,0.6367064,0.9423821,0.9712132,0.9456288,0.96594846,0.925367,1.0000004,0.96472394,0.95971787,0.9533071,0.9563588,0.9547893,0.9538616,0.9669941,0.9489913,0.9490989,0.96052307,0.9653312,0.95981157,0.95822287,0.97249305,0.9605642,0.9676021,0.9691796,0.9560711,0.9528859,0.9616132,0.9487999,0.944099,0.97640276,0.95848215,0.96018,0.9708027,0.96922755,0.96703595,0.969778,0.9617417,0.9645382,0.9631385,0.9683176,0.81684875,0.96594274,0.8878996,0.9749816,0.97646725,0.96590304,0.9624641,0.96258277,0.95621544,0.9523174,0.9576802,0.96174926,0.9261853,0.9529755,0.96269846,0.9633463,0.95119745,0.9476464,0.9516672,0.96946734,0.96297693,0.9632067,0.96180564,0.96825415,0.96368176,0.96089596,0.9655391,0.9722174,0.9604868,0.9751224,0.96678627,0.9734706,0.96098804,0.96593195,0.96392363,0.93971956,0.9422792,0.95929295,0.9520712,0.9597077,0.9608697,0.96355295,0.95805925,0.9510386,0.9623045,0.9653106,0.9682192,0.96842164,0.9662863,0.9751224,0.95544976,0.9611758,0.954034,0.9659916
itmovieofficial,0.96989495,0.96184725,0.95815337,0.95624256,0.96447855,0.9596856,0.9646132,0.9608677,0.9813135,0.9633643,0.96601164,0.9697732,0.9690332,0.96756494,0.96732765,0.9721763,0.9658885,0.97177595,0.975364,0.97075164,0.9761886,0.9664953,0.95913005,0.96658564,0.96328324,0.87678814,0.9572099,0.9657821,0.9739178,0.96173006,0.9666299,0.9663302,0.95857626,0.9632788,0.9391547,0.93816996,0.97986096,0.97248584,0.96292865,0.9683549,0.95611167,0.9670753,0.96032834,0.9707501,0.9760813,0.97311485,0.9583351,0.955641,0.9508999,0.96856564,0.9703572,0.9756951,0.96209747,0.95111036,0.96039975,0.95993686,0.95836955,0.9668281,0.97900087,0.96524614,0.950209,0.9705893,0.96477735,0.9650546,0.9638162,0.9662031,0.9517345,0.9675496,0.9531096,0.9419429,0.9695756,0.65858024,0.9480182,0.9699576,0.9426741,0.9539491,0.93255335,0.96472394,0.99999964,0.9557962,0.9513001,0.95674527,0.96459603,0.9601793,0.97636485,0.9465785,0.95343894,0.9646866,0.96466666,0.965607,0.96240425,0.9695756,0.95760256,0.97102773,0.9734185,0.9651314,0.9540795,0.9736442,0.9545278,0.94403535,0.9743483,0.96888757,0.9580599,0.9641661,0.96995044,0.968494,0.9737603,0.96546924,0.96229124,0.96570253,0.957789,0.8118918,0.9788145,0.9102165,0.9665077,0.9586892,0.96929765,0.9511007,0.9684933,0.9677939,0.95782447,0.9618187,0.97017574,0.94299084,0.96298665,0.97656184,0.972078,0.9570083,0.9575628,0.9481043,0.97131354,0.9649353,0.9707637,0.9525694,0.9674638,0.96021587,0.9635762,0.96494687,0.97435546,0.9653076,0.9813135,0.9653493,0.96375614,0.9724315,0.9765952,0.97378725,0.95498174,0.9497082,0.95764446,0.95946556,0.961089,0.95995307,0.9693106,0.9554658,0.95408857,0.9650977,0.95480055,0.9663108,0.969395,0.9607889,0.9813135,0.96895766,0.97997355,0.94926715,0.96258783
jayandsilentbob,0.96748203,0.9566154,0.96339387,0.95860636,0.95909715,0.97520417,0.9639909,0.95180786,0.97756326,0.97113603,0.9613669,0.95740056,0.970446,0.96240354,0.9734648,0.96034235,0.9618738,0.95533335,0.9658098,0.95862603,0.9658551,0.9640549,0.9706044,0.97081256,0.96224135,0.8527835,0.95080805,0.9659415,0.9721022,0.96752405,0.9555405,0.9625678,0.96619046,0.96430445,0.93988484,0.9220406,0.9631838,0.96464103,0.9698985,0.9619354,0.95667744,0.9643449,0.965464,0.9706079,0.967816,0.97168267,0.972107,0.96547055,0.9493383,0.97052634,0.9709187,0.9695165,0.9677532,0.9550218,0.95008004,0.9514623,0.9442425,0.96168137,0.9552298,0.9690765,0.95622844,0.9493343,0.94594526,0.9649368,0.95878196,0.9527327,0.95551777,0.97784334,0.9519413,0.9441647,0.9748142,0.6448698,0.9410387,0.96146107,0.95281696,0.94102323,0.9395217,0.95971787,0.9557962,0.99999964,0.96061796,0.9655285,0.96219766,0.95518494,0.97022194,0.9530792,0.95151913,0.9631604,0.9688576,0.9597376,0.9688326,0.9748142,0.956003,0.9544222,0.96721655,0.96717805,0.940676,0.9631714,0.9493966,0.95663404,0.97129387,0.96025383,0.96288854,0.97746533,0.96179634,0.97065467,0.9741491,0.9661111,0.9569834,0.9602404,0.96017706,0.82208234,0.96724033,0.9024436,0.967372,0.95585793,0.9673213,0.96130204,0.96923625,0.9658906,0.9660474,0.94308853,0.96917546,0.94671893,0.9564716,0.9713464,0.95305103,0.962934,0.960918,0.938718,0.958362,0.9567051,0.95405626,0.94936144,0.9647216,0.97084177,0.97468424,0.9640893,0.972075,0.96104354,0.97756326,0.9667809,0.96551776,0.959086,0.9728072,0.9683322,0.94802785,0.9511241,0.95843786,0.9537113,0.9702057,0.96611744,0.97536045,0.9468093,0.9584905,0.9696471,0.96978456,0.9658179,0.9646511,0.9623138,0.97756326,0.96648055,0.9634154,0.9586315,0.97838914
johnwickmovie,0.9620181,0.9637082,0.96583486,0.96670145,0.9700708,0.9698178,0.9743681,0.9579177,0.98166716,0.9699863,0.9781594,0.9527049,0.9709689,0.96624494,0.9692277,0.96480227,0.96622837,0.9626701,0.9700847,0.9667391,0.9757943,0.9654257,0.97518456,0.97557986,0.96705294,0.8544904,0.9669811,0.9674019,0.9665828,0.96413946,0.972424,0.9668356,0.96372175,0.95309705,0.9361686,0.9322399,0.97190857,0.9611409,0.95544827,0.97002053,0.94951594,0.9656673,0.9541344,0.9674473,0.9763049,0.9684385,0.96626836,0.9631705,0.9574305,0.9641631,0.9677912,0.9667994,0.9606031,0.9369024,0.9339956,0.96589833,0.9466578,0.97542965,0.958294,0.9762264,0.9515139,0.95758414,0.9595888,0.96534956,0.9612605,0.9645633,0.9554028,0.9697187,0.9764531,0.947038,0.98010534,0.63042414,0.94507885,0.96596104,0.96196866,0.9424813,0.92828417,0.9533071,0.9513001,0.96061796,1.0,0.9633733,0.9678146,0.96097875,0.9635338,0.9690954,0.9751894,0.96505487,0.96367824,0.9718089,0.95795286,0.98010534,0.963054,0.964175,0.97545576,0.97551817,0.9691021,0.9638684,0.9624643,0.9695512,0.9630629,0.9605451,0.95142066,0.97818017,0.9710821,0.9647088,0.97040176,0.9598856,0.9679694,0.95879984,0.9730792,0.8183684,0.96494544,0.9094111,0.9715042,0.9680277,0.96522856,0.96168643,0.9872016,0.96746486,0.9522984,0.96699053,0.96859705,0.9533131,0.9641762,0.9641931,0.95674914,0.9526555,0.9600088,0.9500702,0.97327554,0.9561714,0.9700461,0.9579906,0.9700981,0.9629702,0.9757535,0.9555564,0.97500724,0.96238333,0.98166716,0.9658606,0.9616136,0.9725366,0.9615406,0.9715126,0.96199113,0.9530715,0.95825624,0.9643053,0.97075474,0.9592878,0.9528074,0.95504165,0.9751927,0.9564365,0.96521324,0.9768891,0.9684656,0.9643381,0.98166716,0.9594254,0.9735064,0.9780236,0.96501124
jojorabbitmovie,0.9675836,0.96081203,0.95487684,0.96326065,0.9753912,0.97212225,0.9830719,0.95207584,0.9835691,0.9770341,0.9674748,0.9584591,0.9741001,0.9754759,0.9727409,0.96317124,0.9701151,0.97425497,0.9668141,0.95855266,0.97251403,0.9768261,0.9694379,0.97192764,0.96509725,0.8509606,0.9598378,0.9690669,0.97049004,0.9623963,0.95908695,0.97280663,0.9705894,0.95799357,0.9256054,0.91071624,0.96906817,0.9632865,0.9721811,0.96997255,0.95781285,0.97316563,0.94841206,0.967877,0.97272444,0.9674192,0.9663565,0.9612746,0.968223,0.9739436,0.97772264,0.9754809,0.9729747,0.95817953,0.9425608,0.97088575,0.9462162,0.96974367,0.959315,0.9642084,0.963735,0.9576419,0.9698891,0.97750753,0.96273303,0.96218777,0.9624225,0.9774092,0.96845853,0.9480481,0.9779637,0.6296189,0.947805,0.96700215,0.94721043,0.9584992,0.9299491,0.9563588,0.95674527,0.9655285,0.9633733,1.0000001,0.96187335,0.9660487,0.9683513,0.96943027,0.95826167,0.97148424,0.96503514,0.9711029,0.9601227,0.9779637,0.96535945,0.97011536,0.97138715,0.971862,0.96536636,0.95960426,0.9734889,0.96230274,0.96470594,0.9701467,0.96334493,0.9760306,0.9655341,0.9759004,0.9694556,0.9670192,0.9608575,0.97125185,0.95969546,0.8158897,0.96721745,0.90024966,0.962712,0.9598395,0.9678057,0.9571034,0.9719074,0.9745136,0.9653087,0.95475477,0.96912897,0.9508317,0.9684628,0.9736527,0.9642502,0.96941835,0.97151047,0.9357086,0.9611211,0.9668661,0.9677664,0.9590931,0.9721792,0.9627494,0.9695628,0.96608126,0.97497565,0.96391904,0.9835691,0.9748252,0.96787953,0.97246015,0.96906745,0.9685873,0.9447196,0.94706815,0.97038996,0.953614,0.98011863,0.95607495,0.959116,0.9557265,0.96612644,0.9600379,0.9608575,0.97109395,0.96299845,0.95512956,0.9835691,0.9674769,0.969662,0.9697917,0.9746594
jokermovie,0.9593581,0.96326476,0.9644065,0.9621614,0.9652749,0.97159123,0.96950054,0.96311724,0.9839202,0.9584981,0.97379684,0.95399845,0.9754638,0.97476524,0.9735596,0.97423166,0.96694076,0.96653736,0.9766426,0.96565574,0.9811542,0.9586628,0.9692421,0.979156,0.9646388,0.88058203,0.95810944,0.9634232,0.96731377,0.9672345,0.97067875,0.9665317,0.9596321,0.96310514,0.9408337,0.9413329,0.97293484,0.9635159,0.9635462,0.97343695,0.97098964,0.96772754,0.95333326,0.9660515,0.97657007,0.965289,0.9663477,0.9698769,0.9591632,0.9668571,0.967732,0.9688126,0.96115804,0.95313084,0.9426712,0.968055,0.9571056,0.96379095,0.96563053,0.9665953,0.96079844,0.9588407,0.9591846,0.979493,0.9636784,0.96893984,0.9564796,0.96927303,0.9714313,0.9529244,0.9717754,0.65984064,0.96098846,0.96520996,0.9579842,0.9545326,0.93813646,0.9547893,0.96459603,0.96219766,0.9678146,0.96187335,1.0000001,0.9626616,0.96963125,0.9622884,0.96445733,0.96832144,0.96292835,0.968518,0.97599614,0.9717754,0.95477694,0.9656564,0.97170967,0.9816819,0.96236634,0.9602774,0.9732148,0.95732945,0.96883374,0.9606682,0.94764495,0.9716563,0.9673572,0.96591896,0.9652625,0.97670525,0.9670355,0.9603643,0.9643059,0.85295224,0.97708106,0.92032135,0.9604306,0.96297306,0.9606242,0.9602709,0.98264676,0.97504514,0.9803665,0.9660293,0.96664935,0.9532957,0.9671172,0.9720967,0.9668693,0.9599943,0.9587412,0.9552948,0.97366595,0.9669693,0.96661687,0.94251496,0.9668299,0.9663083,0.9628304,0.9557519,0.9695256,0.97577137,0.9839202,0.959748,0.970156,0.9794192,0.9715255,0.9717099,0.9645632,0.95509887,0.9711214,0.9604915,0.9663601,0.9645375,0.9709779,0.9520359,0.95772225,0.95897007,0.95937586,0.9595884,0.96366143,0.9641593,0.9839202,0.9583599,0.97688067,0.9725374,0.9660289
judythefilm,0.95815074,0.9522192,0.9589512,0.95328045,0.96122885,0.9651886,0.97057486,0.95813036,0.97786033,0.9716993,0.97104454,0.95298004,0.95977384,0.9643427,0.96593344,0.9676159,0.96069777,0.9707411,0.96682644,0.9691426,0.96870357,0.9645656,0.962734,0.964885,0.9556363,0.8357329,0.9436731,0.95863444,0.9649483,0.9601985,0.9560415,0.9639127,0.9691416,0.95254993,0.93604785,0.9300916,0.96611613,0.96109915,0.9571752,0.96396387,0.95352644,0.9559704,0.9593437,0.958221,0.9641067,0.9725001,0.9603699,0.96127933,0.951232,0.9602677,0.96900505,0.9691915,0.95832753,0.93491596,0.95323163,0.96548957,0.9528634,0.960701,0.95841557,0.95469105,0.9518483,0.9621498,0.9534624,0.96783537,0.95740515,0.9508446,0.95109886,0.9613435,0.9516963,0.93750143,0.96536565,0.6316833,0.95434725,0.97289,0.95056677,0.95139843,0.9378185,0.9538616,0.9601793,0.95518494,0.96097875,0.9660487,0.9626616,0.9999999,0.96158403,0.95956457,0.9483235,0.94672143,0.9638379,0.9683923,0.96395904,0.96536565,0.9526418,0.96462893,0.9663224,0.9627486,0.9515473,0.9609702,0.95751816,0.9440808,0.96827954,0.94968045,0.9481237,0.96431464,0.9591507,0.96884817,0.96436685,0.9667008,0.96337557,0.97243357,0.95240957,0.81459516,0.9737927,0.9089298,0.9661782,0.9635267,0.9610471,0.9669062,0.9680279,0.9669358,0.96399856,0.9537082,0.9692174,0.9426588,0.95268744,0.96881187,0.9600517,0.96243733,0.95449847,0.9517902,0.9621503,0.9456769,0.9630396,0.94620174,0.95988953,0.9616272,0.9599275,0.9583233,0.96595854,0.9754408,0.97786033,0.9662091,0.97204274,0.9659409,0.9761818,0.9647145,0.9384951,0.95031905,0.95906323,0.94805217,0.96016204,0.95194936,0.9663918,0.94453794,0.9605773,0.9542479,0.9543066,0.9646426,0.965504,0.9638317,0.97786033,0.96291834,0.968398,0.96272874,0.96682346
jumanjimovie,0.9680494,0.96660227,0.964114,0.95898664,0.9665838,0.96593106,0.971245,0.95560235,0.98294497,0.9655657,0.9691123,0.96834964,0.97495914,0.97269905,0.9714877,0.9682087,0.9656028,0.9712709,0.9774984,0.9674929,0.9814122,0.9765728,0.96708155,0.9737229,0.96697694,0.87347937,0.9549513,0.97297925,0.97558236,0.96459126,0.9662367,0.9751132,0.9616121,0.96944165,0.9407649,0.93190795,0.97030616,0.97028077,0.9721491,0.9754455,0.95858663,0.96962106,0.9579911,0.9646265,0.9789401,0.9714595,0.9653041,0.9663194,0.9657575,0.9640838,0.9820919,0.9823513,0.9746268,0.9557323,0.95563793,0.9567561,0.95044506,0.96774364,0.96699196,0.96677566,0.9510821,0.957031,0.96767807,0.9719282,0.971542,0.96305686,0.95882195,0.97837156,0.96082884,0.95505804,0.97342426,0.6678405,0.9484614,0.97721297,0.95804214,0.9513827,0.94486517,0.9669941,0.97636485,0.97022194,0.9635338,0.9683513,0.96963125,0.96158403,1.0,0.96369153,0.9595283,0.96935064,0.9726265,0.9703081,0.9589261,0.97342426,0.9545116,0.9674111,0.976966,0.9791654,0.9576616,0.9715264,0.9617861,0.9544492,0.9662371,0.9690693,0.96626747,0.97138,0.969171,0.97866446,0.96786773,0.97804785,0.9731344,0.9749818,0.9608729,0.8297267,0.9734271,0.91378266,0.9731665,0.9612429,0.96818125,0.96711653,0.972231,0.96843565,0.96248394,0.95095515,0.97853166,0.94692296,0.9628254,0.9766239,0.96662766,0.97418416,0.96854675,0.9537637,0.9742242,0.9687338,0.9634735,0.94731313,0.969966,0.9667806,0.971753,0.9674286,0.97673464,0.96466905,0.98294497,0.97099495,0.96227914,0.9749766,0.97179514,0.97363627,0.9549565,0.95674354,0.96577907,0.9606104,0.9693556,0.9590927,0.9664873,0.95738035,0.9583998,0.9629467,0.9592266,0.9735238,0.9668357,0.96403974,0.98294497,0.97149336,0.9748376,0.96336627,0.97648895
justmercyfilm,0.951917,0.96222806,0.9482404,0.94751805,0.9567872,0.96102047,0.97165155,0.9472793,0.975089,0.966987,0.96703124,0.9499196,0.96598375,0.96441543,0.96797574,0.9592933,0.9611841,0.96205264,0.9631674,0.9597049,0.96537936,0.9595816,0.9599534,0.96299374,0.9586699,0.82778716,0.9464536,0.9625872,0.94675165,0.95975554,0.96367663,0.95907843,0.9575287,0.94473946,0.91543376,0.8942026,0.9599882,0.94956386,0.96322906,0.96261996,0.94539994,0.9541922,0.94878566,0.955353,0.9691853,0.96437293,0.9561762,0.9590212,0.9574151,0.95644706,0.96061695,0.95854735,0.95837134,0.9408907,0.9353792,0.9501542,0.93603355,0.95774615,0.9439484,0.961032,0.95902824,0.94352114,0.9574152,0.9630531,0.9449055,0.9506044,0.9557724,0.9594698,0.9625986,0.9425491,0.9730158,0.6237497,0.9405923,0.9627327,0.95175177,0.9430317,0.92547876,0.9489913,0.9465785,0.9530792,0.9690954,0.96943027,0.9622884,0.95956457,0.96369153,0.9999998,0.95940703,0.9576411,0.9669284,0.9637493,0.95059675,0.9730158,0.958739,0.9633282,0.96207577,0.9619474,0.96911,0.9477945,0.9701491,0.95476043,0.95580274,0.9545779,0.94663334,0.96749717,0.96458155,0.95551705,0.9585718,0.9596194,0.96229446,0.9569626,0.9598474,0.818175,0.9625555,0.87806624,0.95886064,0.96079224,0.95294636,0.9602725,0.9728588,0.96343315,0.95302254,0.9534776,0.96125954,0.93025017,0.9578069,0.9619565,0.96116716,0.95919514,0.9532237,0.9466099,0.96694803,0.94966984,0.9627226,0.95094526,0.9638732,0.96005267,0.9596447,0.9504701,0.97294825,0.96255237,0.975089,0.9530553,0.95788497,0.9693484,0.95604503,0.96033883,0.9383023,0.9340149,0.9570692,0.941134,0.97013146,0.94408566,0.9460819,0.95528436,0.96059483,0.950601,0.9444547,0.9673006,0.9641315,0.95645696,0.975089,0.95697767,0.9650319,0.9643018,0.9655377
knivesout,0.9524893,0.96312755,0.9543438,0.9635387,0.9688873,0.96460295,0.964792,0.9594317,0.9768541,0.96283394,0.96962273,0.9438886,0.9667413,0.9664839,0.96393627,0.9571887,0.9558414,0.9592592,0.9647627,0.95560217,0.9675784,0.95258915,0.97151035,0.9653171,0.96053594,0.857934,0.9690679,0.959507,0.95771027,0.9537966,0.9633447,0.96141624,0.9491717,0.9480797,0.93545645,0.92628425,0.9701858,0.9531806,0.94855195,0.96526545,0.95360273,0.95893735,0.95421624,0.9666651,0.96668273,0.95945716,0.9695739,0.9493722,0.9457428,0.96335256,0.95653176,0.9624612,0.9613224,0.9438864,0.94108075,0.9568875,0.95074445,0.96671367,0.9578249,0.96737146,0.9536575,0.95728797,0.95923907,0.96189463,0.95905083,0.95877165,0.95147794,0.96216476,0.96970505,0.93373173,0.97528046,0.59572154,0.93997896,0.9617695,0.94170463,0.94563305,0.9154649,0.9490989,0.95343894,0.95151913,0.9751894,0.95826167,0.96445733,0.9483235,0.9595283,0.95940703,0.9999998,0.9627946,0.9519224,0.9614373,0.9470855,0.97528046,0.9589636,0.9623407,0.9667674,0.9662034,0.9705853,0.95480657,0.9510156,0.9682191,0.9635712,0.9585444,0.94974196,0.973955,0.96798086,0.9550215,0.96456724,0.9508135,0.9539594,0.95284486,0.97027206,0.81867015,0.96138287,0.90017706,0.9643341,0.9662328,0.9582947,0.94902474,0.972405,0.9665501,0.94632643,0.96036506,0.9657817,0.9407994,0.9548422,0.9593911,0.958683,0.9408545,0.95553136,0.9419803,0.9656267,0.9611783,0.959858,0.95441025,0.96908826,0.9507031,0.9629465,0.95285654,0.9711212,0.96019924,0.9768541,0.95221436,0.95520043,0.96231157,0.95381165,0.9717634,0.95763224,0.9478552,0.9539063,0.9555979,0.96938664,0.96211755,0.9547843,0.93905336,0.97698164,0.9588952,0.9568503,0.96442467,0.96219176,0.9673678,0.9768541,0.9430876,0.96540874,0.969902,0.9517201
lalloronamovie,0.97036666,0.9669815,0.96077734,0.968449,0.97589856,0.9632804,0.9692808,0.96106136,0.98479027,0.9674127,0.9708328,0.96619415,0.98831105,0.972633,0.9786992,0.96949565,0.96490604,0.96970415,0.9684826,0.9680927,0.9740062,0.9673949,0.96827453,0.97752744,0.9647172,0.86544687,0.9707552,0.96877116,0.96779335,0.96888983,0.9611997,0.96665645,0.958315,0.9567113,0.9369409,0.9359357,0.97359526,0.9662312,0.974829,0.9711548,0.9571168,0.97623503,0.95634025,0.97535795,0.97424513,0.9680796,0.9638742,0.9690809,0.9591916,0.9760114,0.96940595,0.97523654,0.971181,0.9669995,0.94940525,0.96726483,0.9553784,0.9708872,0.9664458,0.969284,0.9578659,0.96395683,0.97115624,0.9731753,0.9649538,0.9725391,0.96674407,0.9793237,0.9688641,0.9503742,0.9757123,0.65401506,0.9475769,0.9678054,0.9532538,0.95678014,0.9299689,0.96052307,0.9646866,0.9631604,0.96505487,0.97148424,0.96832144,0.94672143,0.96935064,0.9576411,0.9627946,0.9999999,0.96424127,0.964955,0.9694118,0.9757123,0.96861994,0.96883255,0.97111005,0.97449845,0.97137445,0.9576781,0.9619189,0.9599397,0.96833575,0.9695199,0.95816183,0.9774301,0.9720898,0.9702187,0.96802217,0.9654597,0.964534,0.9668386,0.9675906,0.8182409,0.9726156,0.91256464,0.96643126,0.9715609,0.9704533,0.9556662,0.9742796,0.9683259,0.96640426,0.9593839,0.9695452,0.94572437,0.9662699,0.9692962,0.97870433,0.95572454,0.9671715,0.9341478,0.9707499,0.973961,0.9729951,0.95481336,0.9724924,0.9600838,0.96983176,0.964434,0.97392935,0.9588014,0.98479027,0.9650239,0.96843624,0.9702204,0.96402884,0.9776686,0.9671011,0.9505266,0.97181314,0.96643734,0.9776693,0.9649115,0.9658761,0.95238304,0.9617719,0.96673983,0.9580071,0.97276396,0.97315,0.96469146,0.98479027,0.9632671,0.97161305,0.9640325,0.96467185
lastblackmansf,0.9743744,0.95967746,0.9653423,0.9597996,0.96143985,0.96032184,0.97068113,0.9545427,0.98177016,0.97099847,0.96669316,0.9637868,0.97332656,0.96873224,0.975319,0.96555585,0.9610613,0.9684682,0.9737615,0.9665428,0.9713429,0.965528,0.9691009,0.97224957,0.95896477,0.87780386,0.96008843,0.9657527,0.9615781,0.965745,0.9685683,0.97383803,0.96454,0.9633102,0.9336763,0.91857815,0.9625978,0.9714919,0.97015226,0.9709108,0.9522194,0.9656566,0.9577781,0.9681883,0.97575176,0.9841954,0.9619576,0.9657632,0.9616101,0.9695045,0.96969634,0.96808004,0.9632701,0.93951404,0.96234417,0.96900994,0.9472693,0.96800166,0.96562827,0.9729076,0.94719434,0.96016407,0.96209896,0.9668978,0.95245934,0.97018796,0.9692188,0.97033936,0.95788753,0.95003605,0.9813261,0.6638714,0.94038475,0.9715206,0.95404845,0.9673228,0.9531471,0.9653312,0.96466666,0.9688576,0.96367824,0.96503514,0.96292835,0.9638379,0.9726265,0.9669284,0.9519224,0.96424127,0.99999994,0.971028,0.97143674,0.9813261,0.96441334,0.9660849,0.97287893,0.96792686,0.9526444,0.96709466,0.9616066,0.96121836,0.9668172,0.9557401,0.9607617,0.9736997,0.96859616,0.96481407,0.9743566,0.9642514,0.96732104,0.96979034,0.9702193,0.8325821,0.97244024,0.9128133,0.9686042,0.964058,0.97438097,0.9691709,0.9708636,0.96864825,0.9617242,0.9506617,0.97193885,0.9369061,0.9648959,0.9680822,0.9602543,0.96048236,0.9698171,0.9397802,0.9606276,0.9639377,0.969891,0.9462909,0.9615812,0.96144027,0.97163945,0.9648514,0.9785518,0.96222204,0.98177016,0.96078444,0.9637213,0.97223014,0.9739901,0.96966124,0.9518138,0.94575626,0.9556709,0.96111524,0.9739483,0.96714574,0.9679244,0.9607341,0.96360415,0.96373856,0.96170753,0.9769996,0.9622927,0.9623684,0.98177016,0.96879256,0.97544163,0.96088576,0.9701587
lastchristmasthemovie,0.9713176,0.95504296,0.96634847,0.9695479,0.9745353,0.9713709,0.9753222,0.9649867,0.9864401,0.96880215,0.96761453,0.96242046,0.97205305,0.97456986,0.9776333,0.9704181,0.9648461,0.9786726,0.9705788,0.9689358,0.97537875,0.96835357,0.97563696,0.9767274,0.9699538,0.8864404,0.9580285,0.9741243,0.96563834,0.96818644,0.964131,0.9806779,0.97420186,0.96123505,0.942663,0.9389398,0.964674,0.9698279,0.96937037,0.9779075,0.95787424,0.9773021,0.9527393,0.977817,0.9766893,0.9724964,0.97009164,0.9647879,0.9755464,0.9739758,0.97094834,0.97775733,0.9611597,0.9461686,0.9530809,0.97395086,0.9582893,0.9774739,0.96272093,0.9691099,0.952596,0.96104294,0.97125435,0.9755699,0.9687213,0.9727952,0.9707378,0.9760819,0.9699145,0.95521605,0.976844,0.66973764,0.9557248,0.9753835,0.9726013,0.95829725,0.9498876,0.95981157,0.965607,0.9597376,0.9718089,0.9711029,0.968518,0.9683923,0.9703081,0.9637493,0.9614373,0.964955,0.971028,1.0,0.9577657,0.976844,0.9709456,0.9651275,0.9685819,0.97455114,0.9663467,0.9630816,0.9669664,0.965374,0.9633939,0.96902055,0.9647459,0.97592443,0.97026175,0.96940696,0.97544,0.9680977,0.97130656,0.97083926,0.96834415,0.84091455,0.9761911,0.9256788,0.967459,0.9726138,0.9765218,0.97474444,0.9805123,0.96903795,0.96205056,0.96693057,0.970006,0.96112955,0.9727484,0.9666139,0.9597893,0.96070135,0.9713991,0.95659703,0.9707217,0.9661383,0.97054183,0.95914507,0.9688751,0.9585927,0.9774076,0.96522146,0.9748452,0.9728054,0.9864401,0.9662793,0.96251875,0.98110664,0.97181684,0.97236985,0.96106493,0.9575857,0.9685062,0.97246236,0.97053075,0.967941,0.95926195,0.9596372,0.9631078,0.96031374,0.96517265,0.9736988,0.97333825,0.9695979,0.9864401,0.97921413,0.97735053,0.97416234,0.96862054
latenightmovie,0.9653969,0.951889,0.96306556,0.96775806,0.960229,0.9642301,0.9691149,0.96253544,0.98089874,0.95662063,0.9686046,0.96598977,0.97352445,0.9700076,0.97263926,0.96698713,0.9595768,0.96458054,0.96676713,0.96721554,0.97265404,0.96092993,0.96773314,0.97177345,0.9553764,0.8679863,0.9628751,0.9578045,0.96543694,0.9668363,0.95631695,0.96524364,0.9622284,0.9595671,0.9529317,0.9379906,0.9709692,0.96550894,0.96473575,0.9733517,0.9577522,0.9627317,0.96497303,0.9651645,0.9693978,0.9724624,0.96683764,0.96746594,0.9534305,0.967235,0.9658159,0.96843904,0.95968294,0.9431572,0.95702446,0.9662193,0.9559358,0.96116626,0.9634463,0.9638143,0.963117,0.9612007,0.9588562,0.9734475,0.95846564,0.9635967,0.9591687,0.96771544,0.9519475,0.94461626,0.9703402,0.6517735,0.95440155,0.9674663,0.9462238,0.96503943,0.9431488,0.95822287,0.96240425,0.9688326,0.95795286,0.9601227,0.97599614,0.96395904,0.9589261,0.95059675,0.9470855,0.9694118,0.97143674,0.9577657,1.0,0.9703402,0.95183164,0.96143484,0.9688609,0.96708226,0.9486924,0.9665012,0.9626628,0.95320827,0.97449726,0.9553005,0.95146686,0.9695655,0.9622219,0.9645765,0.9650907,0.96928006,0.96391916,0.96627605,0.96193963,0.8419249,0.9787308,0.91369313,0.9586094,0.9629979,0.96546084,0.9579714,0.973136,0.971508,0.9787686,0.95876443,0.96464545,0.93783754,0.9703784,0.9665231,0.96344364,0.9576072,0.9581468,0.93939817,0.962335,0.95961326,0.96394545,0.9429756,0.9560563,0.96554404,0.9632299,0.96041864,0.96954554,0.9680071,0.98089874,0.96498483,0.97753143,0.9631327,0.9698961,0.9710724,0.95661,0.96058106,0.9655965,0.95384043,0.9722285,0.9653203,0.97631925,0.9450255,0.95340323,0.9628065,0.9619416,0.96361274,0.9682629,0.9599327,0.98089874,0.95747864,0.96971583,0.95763135,0.9690988
lighthousemovie,0.97749794,0.9744013,0.97567797,0.96960163,0.9794662,0.9717249,0.9795106,0.9666075,0.9911136,0.9820647,0.97689193,0.97184944,0.9784068,0.9825145,0.98162067,0.9756121,0.9747807,0.97794735,0.979323,0.97233653,0.9788246,0.9747937,0.98161477,0.9834587,0.97771037,0.8711662,0.97538817,0.9795434,0.97544146,0.9702001,0.9811343,0.9747109,0.9767657,0.9684121,0.9333046,0.92394847,0.9778586,0.9738866,0.97323555,0.9733173,0.96307296,0.97879606,0.9658127,0.9805207,0.9856539,0.98217374,0.9762408,0.96755093,0.96288,0.97947115,0.9807033,0.9748032,0.97462773,0.9577566,0.9571955,0.9729355,0.9603509,0.9819216,0.97172993,0.9924201,0.9655637,0.9718911,0.97363156,0.9720042,0.9643823,0.97667193,0.9690561,0.9796005,0.97744083,0.9549421,0.9999995,0.6388094,0.9467399,0.9771682,0.9603833,0.9656719,0.9355349,0.97249305,0.9695756,0.9748142,0.98010534,0.9779637,0.9717754,0.96536565,0.97342426,0.9730158,0.97528046,0.9757123,0.9813261,0.976844,0.9703402,0.9999995,0.9766828,0.97890395,0.9827853,0.97622824,0.9726982,0.9697819,0.97046953,0.9746029,0.97699803,0.9731726,0.9755712,0.9920436,0.98016983,0.97635525,0.9786133,0.9671853,0.97197044,0.9690094,0.9816336,0.829517,0.9784077,0.902205,0.9815046,0.9779931,0.981417,0.97383755,0.9835836,0.9785813,0.96851116,0.9680509,0.9790055,0.95093,0.9735364,0.9757986,0.9680331,0.96871126,0.9747557,0.9511267,0.9777956,0.9755655,0.9825428,0.9649049,0.977933,0.9689623,0.9824207,0.97207606,0.9949002,0.9667445,0.9911136,0.97441334,0.96894145,0.97688514,0.97854334,0.9781438,0.9584042,0.947772,0.9649408,0.9681668,0.9816842,0.97438544,0.96964204,0.9655061,0.983001,0.98172224,0.9731505,0.98738384,0.9737329,0.96985954,0.9911136,0.9735855,0.9785752,0.9777093,0.97840387
lionking,0.95978737,0.9586103,0.95067453,0.95058036,0.9708534,0.95896846,0.9628463,0.9469124,0.97768366,0.9745063,0.96651554,0.9586629,0.96699464,0.9670073,0.9683407,0.95696557,0.96550417,0.96099466,0.9603752,0.95890874,0.95734847,0.95544195,0.9658987,0.96777236,0.9695236,0.8693918,0.9496817,0.9679894,0.9541743,0.9658181,0.9554261,0.9607704,0.970006,0.9557101,0.924171,0.912284,0.9638248,0.9481503,0.9590091,0.9564071,0.9531031,0.9706065,0.9478202,0.97284526,0.9667214,0.9625899,0.95740634,0.9511658,0.9514302,0.97542834,0.9557938,0.96491796,0.96424985,0.9526992,0.93895984,0.95679677,0.9554061,0.970561,0.9632898,0.96752644,0.9506381,0.9561844,0.9634894,0.968067,0.9596577,0.9673549,0.9531522,0.97281414,0.9703637,0.939482,0.9766828,0.6325285,0.9336093,0.96697235,0.94056386,0.9459876,0.9343297,0.9605642,0.95760256,0.956003,0.963054,0.96535945,0.95477694,0.9526418,0.9545116,0.958739,0.9589636,0.96861994,0.96441334,0.9709456,0.95183164,0.9766828,1.0000001,0.97814155,0.9676421,0.9597571,0.9707257,0.9460799,0.95363945,0.949163,0.9590118,0.9549676,0.9544377,0.98083377,0.96529263,0.95673746,0.9656155,0.9534916,0.9524861,0.95594025,0.96214086,0.8145546,0.96743035,0.8970189,0.9626912,0.9671385,0.9629581,0.95717275,0.9747801,0.9590658,0.9536394,0.966412,0.9528018,0.94369775,0.9500747,0.96726906,0.95941275,0.9410674,0.9515802,0.93013686,0.9592991,0.9604526,0.9724466,0.9495817,0.9707873,0.9557248,0.9641574,0.96496683,0.9709593,0.95523036,0.97768366,0.95784694,0.9545327,0.96473515,0.96445245,0.9648827,0.95285046,0.9331252,0.96150786,0.9551542,0.96899563,0.9663493,0.9499605,0.9524979,0.95729256,0.95598,0.96184725,0.96949697,0.974656,0.9676259,0.97768366,0.965779,0.9679857,0.9671085,0.95578885
littlethemovie,0.96836805,0.96890414,0.953857,0.95987964,0.96809906,0.96101296,0.9697263,0.9564286,0.9839798,0.97564787,0.97689325,0.96345943,0.970798,0.97245526,0.9743465,0.9702464,0.9715309,0.9713987,0.97552556,0.9690022,0.9765841,0.9635215,0.96878934,0.97187996,0.9687029,0.86538327,0.95496386,0.97391856,0.9627602,0.97217625,0.9652975,0.9684142,0.9720063,0.9605036,0.92901164,0.9310087,0.97730196,0.9597185,0.9561966,0.96369165,0.96406364,0.9656233,0.95266765,0.9665245,0.9735369,0.9699058,0.9669388,0.9557436,0.94692075,0.96922493,0.96753097,0.9715548,0.9782473,0.9642164,0.9475538,0.9658829,0.97263724,0.9695169,0.9715083,0.9700462,0.962913,0.96361053,0.9706581,0.97411776,0.965191,0.9734165,0.9575729,0.97062486,0.9713805,0.95399994,0.97890395,0.6211723,0.95542914,0.97516704,0.94272935,0.9559986,0.92534566,0.9676021,0.97102773,0.9544222,0.964175,0.97011536,0.9656564,0.96462893,0.9674111,0.9633282,0.9623407,0.96883255,0.9660849,0.9651275,0.96143484,0.97890395,0.97814155,1.0000002,0.9754101,0.97114486,0.97553116,0.9663152,0.9602424,0.9501927,0.97367674,0.957225,0.96204245,0.9795305,0.97126013,0.96684396,0.9668592,0.9665601,0.9658061,0.96368647,0.96804416,0.81747824,0.97610795,0.8979202,0.9703362,0.97391564,0.9704536,0.9602579,0.97313535,0.9712704,0.9613616,0.96720475,0.96119493,0.9444018,0.9575045,0.9753694,0.9691056,0.9512729,0.95397824,0.9426554,0.9739159,0.9690856,0.9808359,0.9555945,0.9719591,0.96982974,0.9684724,0.9695446,0.978418,0.9686427,0.9839798,0.96599054,0.96588093,0.97237855,0.97532463,0.9682164,0.9511634,0.9434664,0.96778685,0.9592294,0.96550626,0.9628788,0.9636426,0.9508839,0.9609705,0.96093875,0.96265566,0.9690044,0.9829602,0.97030425,0.9839798,0.966886,0.9723065,0.9700236,0.96658975
littlewomenmovie,0.97067463,0.9683439,0.9711255,0.967437,0.96559507,0.969433,0.9751269,0.95931494,0.9843457,0.9741297,0.97245884,0.9685763,0.97799146,0.9715255,0.96901035,0.96885455,0.97084147,0.9678272,0.97504175,0.9676623,0.97434646,0.98244894,0.97512877,0.97499084,0.96893877,0.8627917,0.9609787,0.9714386,0.98056483,0.96063,0.9754477,0.9729683,0.9675668,0.9665474,0.9453513,0.93955326,0.98552734,0.968988,0.9674697,0.972611,0.9582004,0.9726107,0.954266,0.97189283,0.9739183,0.97358114,0.9709822,0.9664511,0.95734274,0.9755855,0.9891265,0.97791547,0.9670492,0.9577856,0.95422924,0.9681735,0.95683336,0.9707127,0.9738392,0.9741233,0.9574308,0.96981335,0.96246076,0.9737047,0.97068757,0.96751964,0.96007425,0.9775685,0.9704458,0.9446457,0.9827853,0.6610765,0.9443872,0.9762751,0.95710915,0.96356463,0.9341108,0.9691796,0.9734185,0.96721655,0.97545576,0.97138715,0.97170967,0.9663224,0.976966,0.96207577,0.9667674,0.97111005,0.97287893,0.9685819,0.9688609,0.9827853,0.9676421,0.9754101,1.0000001,0.977392,0.960674,0.97302705,0.9613614,0.96430063,0.97178996,0.968576,0.9703974,0.984066,0.9707494,0.98704785,0.97586393,0.9662281,0.9679623,0.9725234,0.9654584,0.82041174,0.9709734,0.9161913,0.9680776,0.9689947,0.97229606,0.9660548,0.98030466,0.9723113,0.97007656,0.9626574,0.97727865,0.9504326,0.9599622,0.9836008,0.9698266,0.97039974,0.9663319,0.94413906,0.9688737,0.9767931,0.97337204,0.9546483,0.971326,0.9677859,0.97540605,0.97260326,0.9761547,0.9640476,0.9843457,0.9797496,0.96381444,0.977,0.97730935,0.9707948,0.9548153,0.9583737,0.96712995,0.96131116,0.97474533,0.96476257,0.9663514,0.96266663,0.9721556,0.96450025,0.9652285,0.980201,0.96637905,0.9638399,0.9843457,0.9725683,0.97321653,0.96780306,0.98015946
littlewoodsfilm,0.9745023,0.9612318,0.97321737,0.97983265,0.972712,0.97275746,0.9775391,0.96768254,0.987422,0.9665175,0.9793718,0.9645466,0.97704947,0.9725277,0.98028964,0.97015905,0.9728015,0.97680664,0.98307616,0.9748308,0.98388386,0.9729495,0.97807056,0.9810636,0.966944,0.87103164,0.96780086,0.9749501,0.972581,0.9726476,0.97133636,0.9721328,0.9628027,0.96919245,0.9379225,0.94461566,0.97589344,0.9726021,0.97428,0.97901696,0.96241915,0.97539914,0.951823,0.9676313,0.97953546,0.96907943,0.97345465,0.975331,0.9700414,0.9683779,0.97815937,0.97794145,0.97040725,0.9549362,0.9606336,0.9765228,0.9635503,0.97879183,0.9750868,0.9686415,0.95536286,0.9656204,0.9717769,0.978079,0.96982527,0.97576374,0.965128,0.97900575,0.97625625,0.9649891,0.97622824,0.66043633,0.9600775,0.9722556,0.96599156,0.9596813,0.94898695,0.9560711,0.9651314,0.96717805,0.97551817,0.971862,0.9816819,0.9627486,0.9791654,0.9619474,0.9662034,0.97449845,0.96792686,0.97455114,0.96708226,0.97622824,0.9597571,0.97114486,0.977392,1.0,0.9612814,0.9746856,0.9660658,0.96468425,0.9690838,0.97163075,0.96319896,0.9779981,0.96627676,0.9730264,0.96886915,0.9707299,0.9730153,0.96525013,0.9704724,0.84722954,0.97768474,0.9281868,0.965565,0.9708666,0.9742676,0.96532965,0.9814798,0.97992975,0.9728096,0.9710156,0.97865057,0.95890296,0.9709911,0.9787118,0.96009016,0.96817464,0.97920275,0.9453573,0.97895753,0.97603756,0.9732688,0.9595466,0.9700994,0.9710612,0.9736071,0.9716683,0.97447854,0.97214466,0.987422,0.97061396,0.96106106,0.97715986,0.97193104,0.9765573,0.9733272,0.9569499,0.96801347,0.97071874,0.97140336,0.96608263,0.9713607,0.9592813,0.96841455,0.96548903,0.968825,0.97163373,0.97006315,0.9668605,0.987422,0.969436,0.9774974,0.9826302,0.974175
longshotmovie,0.95157313,0.96275634,0.94173795,0.9511935,0.9712559,0.95947874,0.9656132,0.9540511,0.9775561,0.9614597,0.9742017,0.95086235,0.97037536,0.9701803,0.96852225,0.9617839,0.95332885,0.9637132,0.9600988,0.9653675,0.97132444,0.95866436,0.95619255,0.9622637,0.9652672,0.8559404,0.959012,0.9567617,0.95274127,0.958569,0.96018755,0.95891786,0.9570645,0.94918907,0.9161973,0.91778517,0.9674403,0.9496612,0.9560916,0.95465624,0.9469405,0.96451914,0.94962704,0.96691525,0.9737468,0.95549375,0.9519969,0.95123136,0.95056176,0.9644856,0.9570569,0.9592446,0.96675396,0.9511387,0.9277574,0.9522047,0.9509821,0.96922433,0.9582789,0.96135485,0.9594757,0.9546756,0.97551626,0.9655938,0.9572374,0.96837926,0.9506056,0.9614599,0.9798539,0.93749255,0.9726982,0.5938377,0.93933177,0.9562735,0.9377884,0.9490106,0.9161428,0.9528859,0.9540795,0.940676,0.9691021,0.96536636,0.96236634,0.9515473,0.9576616,0.96911,0.9705853,0.97137445,0.9526444,0.9663467,0.9486924,0.9726982,0.9707257,0.97553116,0.960674,0.9612814,1.0000002,0.94852585,0.9628201,0.9450286,0.95792127,0.96070635,0.9492231,0.97250533,0.9702935,0.9549961,0.9607607,0.9546537,0.953188,0.94553626,0.9610657,0.8060928,0.9682068,0.88731605,0.96326375,0.97195864,0.9585651,0.9444461,0.96838796,0.9650941,0.95073664,0.9634583,0.9524343,0.9363504,0.9556946,0.9564717,0.9614181,0.94665855,0.9481659,0.94017786,0.9714079,0.95945275,0.96787673,0.9468555,0.96795726,0.9533696,0.96090084,0.94462967,0.9716069,0.95845336,0.9775561,0.954637,0.9566266,0.9690391,0.95220774,0.9630569,0.9563785,0.92898273,0.96203685,0.95923686,0.9661417,0.9525656,0.94617,0.94684297,0.96052897,0.9470551,0.94937056,0.9664704,0.9717406,0.96253353,0.9775561,0.95179754,0.9691879,0.96288806,0.9514965
lordsofchaosmovie,0.97277904,0.9622665,0.963371,0.96922225,0.9574495,0.95667166,0.9720948,0.96362364,0.9795698,0.96451116,0.9718855,0.9588354,0.9680687,0.96785957,0.9705097,0.9682156,0.96427286,0.9702893,0.97841716,0.9733799,0.9810371,0.9689056,0.973094,0.96831024,0.9552002,0.86931705,0.9652844,0.9705531,0.97333896,0.9642494,0.9617957,0.9786512,0.9651276,0.9651875,0.9401569,0.93845403,0.9710613,0.9770653,0.95970935,0.9753994,0.9497569,0.9636366,0.9638921,0.96250606,0.9762244,0.9717165,0.97333914,0.96519893,0.9569283,0.9627437,0.9727596,0.9748804,0.9706139,0.93991446,0.9593302,0.9607278,0.9604277,0.96300024,0.9733768,0.96622103,0.95594245,0.96124685,0.9676394,0.9685366,0.9666115,0.95755404,0.9559705,0.96948874,0.95404744,0.95282817,0.9697819,0.67001647,0.95308286,0.9662252,0.94103926,0.9582262,0.9288804,0.9616132,0.9736442,0.9631714,0.9638684,0.95960426,0.9602774,0.9609702,0.9715264,0.9477945,0.95480657,0.9576781,0.96709466,0.9630816,0.9665012,0.9697819,0.9460799,0.9663152,0.97302705,0.9746856,0.94852585,1.0000001,0.9552398,0.954125,0.96873647,0.9668309,0.95953315,0.9707745,0.96396273,0.967505,0.96946305,0.9634061,0.96452504,0.9637929,0.9634298,0.8393327,0.97749573,0.92072284,0.96976525,0.964242,0.97175926,0.94883835,0.96728605,0.9715201,0.9548112,0.9552703,0.96862173,0.9427216,0.9655875,0.97037226,0.9537136,0.96153194,0.9652821,0.94237125,0.96725464,0.96881515,0.96767306,0.95333964,0.95399964,0.9672377,0.965759,0.9675145,0.97162896,0.9657489,0.9795698,0.9694248,0.9621861,0.97010046,0.9716602,0.9710794,0.95451546,0.952393,0.9563914,0.9581806,0.95850945,0.9660571,0.9676055,0.94784665,0.96408486,0.9585691,0.96636796,0.96519417,0.9698079,0.9654708,0.9795698,0.9624384,0.9730839,0.95839804,0.9705262
lucyintheskyfilm,0.9593218,0.96139437,0.95122087,0.9508609,0.96218723,0.9570021,0.9803294,0.9487592,0.9775129,0.95739716,0.96082425,0.9504343,0.96340686,0.9718862,0.9676183,0.9650007,0.9644924,0.9655158,0.96787846,0.9612616,0.9719037,0.9636736,0.96120894,0.9660209,0.96004087,0.8702652,0.9545841,0.9582275,0.9597957,0.9497227,0.96380794,0.9693376,0.9580543,0.9449307,0.91633916,0.9036238,0.9632339,0.95770013,0.9657219,0.9720381,0.94757444,0.9637709,0.9480504,0.95435697,0.97299206,0.964007,0.95442563,0.9613012,0.96187425,0.95808727,0.9606193,0.96556747,0.9581193,0.94142616,0.9249261,0.96355313,0.9376155,0.9632725,0.948923,0.958518,0.9519553,0.94549024,0.9603747,0.9669939,0.95498776,0.9589774,0.95629716,0.9634067,0.9634513,0.9559794,0.97046953,0.6453685,0.95474255,0.95884407,0.9489645,0.95426834,0.9346903,0.9487999,0.9545278,0.9493966,0.9624643,0.9734889,0.9732148,0.95751816,0.9617861,0.9701491,0.9510156,0.9619189,0.9616066,0.9669664,0.9626628,0.97046953,0.95363945,0.9602424,0.9613614,0.9660658,0.9628201,0.9552398,0.99999994,0.9558556,0.95747375,0.95691943,0.9410126,0.9631109,0.9620932,0.9583353,0.95893276,0.96008635,0.96989894,0.9631909,0.96194386,0.84178776,0.9644572,0.88834953,0.9615087,0.95477366,0.95636463,0.9549692,0.9746792,0.9700279,0.96326554,0.95348305,0.9539426,0.93544453,0.970998,0.96242875,0.9600117,0.95501745,0.95703596,0.9502218,0.96578443,0.95291287,0.96098125,0.9400093,0.95814794,0.94680196,0.96250284,0.9490245,0.97120446,0.9664389,0.9775129,0.9620645,0.9638804,0.9707033,0.9620727,0.96127063,0.9437524,0.94114137,0.95583826,0.95263064,0.9749373,0.9529494,0.9535569,0.9488655,0.9483222,0.9533078,0.9461627,0.9702367,0.95711195,0.9489018,0.9775129,0.9563349,0.9668127,0.9641598,0.95842457
mamovie2019,0.96301216,0.9530076,0.9669509,0.96245664,0.9652505,0.96529925,0.9648591,0.94090754,0.97464573,0.9678322,0.9519415,0.9425475,0.9658824,0.97139823,0.9654879,0.9438194,0.95647734,0.9623502,0.9677326,0.9387384,0.96327776,0.95794713,0.9754902,0.9689933,0.95448154,0.8707069,0.9635113,0.96434116,0.96172327,0.94853103,0.9599056,0.9668349,0.9569453,0.94893694,0.9341858,0.91925186,0.9518469,0.95533705,0.951768,0.9689776,0.9463451,0.9612059,0.9399163,0.9610775,0.96169716,0.9589653,0.9689123,0.9497517,0.95098376,0.96163625,0.9657587,0.963627,0.95177263,0.9366746,0.9353966,0.9654564,0.9351689,0.9607598,0.94548607,0.96187127,0.955621,0.95389,0.9483851,0.9602225,0.9526293,0.95556676,0.97357124,0.967946,0.95210695,0.9489842,0.9746029,0.6484073,0.9284124,0.96021575,0.9669072,0.9422478,0.9213458,0.944099,0.94403535,0.95663404,0.9695512,0.96230274,0.95732945,0.9440808,0.9544492,0.95476043,0.9682191,0.9599397,0.96121836,0.965374,0.95320827,0.9746029,0.949163,0.9501927,0.96430063,0.96468425,0.9450286,0.954125,0.9558556,1.0000001,0.9498443,0.9501753,0.96072274,0.9751406,0.96623534,0.96273655,0.96282655,0.94927233,0.9568322,0.95663655,0.97126645,0.833374,0.9542114,0.90009904,0.95852345,0.9617935,0.96372914,0.9651598,0.96979576,0.95940566,0.94323266,0.94373566,0.9638046,0.93910974,0.9596219,0.95410144,0.9544614,0.95336384,0.96802235,0.9362941,0.96071,0.9623952,0.96153253,0.9515694,0.9598778,0.94011,0.96992713,0.95456105,0.9698292,0.9467008,0.97464573,0.95785844,0.95222265,0.9661423,0.9501997,0.96537685,0.9411099,0.94642216,0.9559675,0.94707566,0.9696857,0.9604123,0.9507261,0.9479645,0.9661035,0.9549694,0.9611552,0.95923615,0.9484536,0.9510932,0.97464573,0.9518976,0.9617345,0.9670568,0.9689057
marriagestory,0.9678259,0.9592583,0.9617388,0.96504843,0.9627698,0.973554,0.96980846,0.96772057,0.98473275,0.9681068,0.9766491,0.9693206,0.9709717,0.96948975,0.97627336,0.97216076,0.9710926,0.9689513,0.9721239,0.9756528,0.9768871,0.96497935,0.972237,0.9778422,0.965201,0.8629795,0.9607388,0.9698534,0.9729521,0.9732802,0.96339613,0.9638404,0.9615147,0.9594028,0.9463562,0.9473733,0.9867587,0.9717022,0.9615386,0.9670478,0.9602446,0.96508485,0.9751578,0.97413605,0.9696508,0.9839683,0.9741035,0.97021604,0.9442808,0.969586,0.96891326,0.9675249,0.970789,0.95241064,0.9564087,0.9641936,0.9754859,0.97234017,0.96847206,0.9731788,0.9645568,0.95582986,0.9591141,0.96607226,0.95710564,0.96458775,0.9566957,0.9647014,0.9580747,0.9541406,0.97699803,0.6415695,0.9645076,0.9717804,0.94989604,0.9614679,0.934938,0.97640276,0.9743483,0.97129387,0.9630629,0.96470594,0.96883374,0.96827954,0.9662371,0.95580274,0.9635712,0.96833575,0.9668172,0.9633939,0.97449726,0.97699803,0.9590118,0.97367674,0.97178996,0.9690838,0.95792127,0.96873647,0.95747375,0.9498443,1.0,0.9624211,0.9531519,0.97318625,0.9718883,0.96713936,0.9764216,0.97213256,0.96173626,0.96300244,0.96865815,0.81819534,0.97755665,0.91704017,0.9736555,0.96878225,0.97086716,0.9570476,0.9709456,0.9692276,0.9646897,0.968904,0.9741544,0.9478125,0.9668073,0.96984875,0.9684606,0.9511155,0.9508618,0.95563465,0.9713182,0.9586397,0.97322553,0.9665354,0.97340304,0.9719546,0.97050667,0.9646413,0.9793916,0.9777298,0.98473275,0.9691266,0.98590153,0.96296614,0.975757,0.9734216,0.96123624,0.9554224,0.9614834,0.9568309,0.9694598,0.9652401,0.9793405,0.94979584,0.9609699,0.9763794,0.97286856,0.9698151,0.9773166,0.96772796,0.98473275,0.96127224,0.97001195,0.96516025,0.9665852
meettheaddams,0.9772108,0.9558679,0.9649582,0.96410304,0.97280777,0.96711326,0.9670496,0.96963364,0.9806001,0.96239233,0.9644143,0.96689403,0.96748865,0.9729728,0.97268236,0.9681701,0.96318007,0.964347,0.96274173,0.9696273,0.9738923,0.97811645,0.9671309,0.9677462,0.977444,0.8748981,0.96368665,0.96915424,0.97586685,0.95674884,0.9599244,0.97192085,0.95997036,0.96462333,0.9233589,0.9231102,0.973257,0.9722167,0.97330713,0.9702041,0.9475693,0.978865,0.9566336,0.96918106,0.9818947,0.9647178,0.9675688,0.9662787,0.96232283,0.9688928,0.9779486,0.9748517,0.96802264,0.9482553,0.9483069,0.9569284,0.94412315,0.9723573,0.9685658,0.9670831,0.9546894,0.96930504,0.9769747,0.9640232,0.9717985,0.9723973,0.95683527,0.9754771,0.9692777,0.9451953,0.9731726,0.63255006,0.93942946,0.9652485,0.9446848,0.95174795,0.92013204,0.95848215,0.96888757,0.96025383,0.9605451,0.9701467,0.9606682,0.94968045,0.9690693,0.9545779,0.9585444,0.9695199,0.9557401,0.96902055,0.9553005,0.9731726,0.9549676,0.957225,0.968576,0.97163075,0.96070635,0.9668309,0.95691943,0.9501753,0.9624211,0.99999976,0.9611171,0.966039,0.9675036,0.97167903,0.9710858,0.9557509,0.9597372,0.96348244,0.96232724,0.79436904,0.9692704,0.8945449,0.9660258,0.96436816,0.98122793,0.9490592,0.96828943,0.965759,0.9656232,0.9628203,0.9721762,0.96089375,0.9709521,0.97070026,0.9668727,0.96671385,0.9724162,0.9414105,0.96628517,0.97000086,0.9631348,0.96074116,0.97135985,0.9597311,0.97677225,0.9636488,0.97347,0.95608294,0.9806001,0.9766617,0.94910264,0.96704173,0.96331877,0.97105885,0.95778495,0.94139487,0.9570506,0.9741327,0.9648838,0.9600619,0.96232206,0.96811426,0.9634625,0.9649096,0.9600083,0.9661159,0.96474105,0.9634872,0.9806001,0.95781326,0.9738883,0.9637775,0.9708729
meninblack,0.96319264,0.9642542,0.9711003,0.95644015,0.9635774,0.96495,0.96313655,0.9484416,0.97393966,0.9678661,0.95418376,0.9654887,0.9580617,0.9662513,0.9583457,0.96002114,0.95049375,0.9643425,0.9635298,0.94561064,0.962951,0.9769379,0.96333444,0.9684525,0.9596457,0.8651861,0.9518485,0.9589048,0.973176,0.9610651,0.9583351,0.9602517,0.9703519,0.9597877,0.93821985,0.9282094,0.9605945,0.9556417,0.96091694,0.9578343,0.9554852,0.9668057,0.9473462,0.9648869,0.96278226,0.95984215,0.9647559,0.9544715,0.95317155,0.9631863,0.9828165,0.9689634,0.9592854,0.9520208,0.9466349,0.9581277,0.94868016,0.958732,0.9562682,0.9614213,0.95586807,0.9567307,0.9549777,0.9619372,0.96118736,0.9542196,0.9609048,0.970969,0.9528205,0.9418644,0.9755712,0.64408106,0.92703676,0.95913965,0.9561186,0.95205146,0.9349926,0.96018,0.9580599,0.96288854,0.95142066,0.96334493,0.94764495,0.9481237,0.96626747,0.94663334,0.94974196,0.95816183,0.9607617,0.9647459,0.95146686,0.9755712,0.9544377,0.96204245,0.9703974,0.96319896,0.9492231,0.95953315,0.9410126,0.96072274,0.9531519,0.9611171,1.0000001,0.97910863,0.9650323,0.98007125,0.96098703,0.95811594,0.9577265,0.9557063,0.96440077,0.8156779,0.96083164,0.8921055,0.95957774,0.96648943,0.9696566,0.9627931,0.958362,0.9612203,0.9501881,0.9438686,0.9691043,0.94077975,0.94640887,0.9670634,0.9525793,0.97438806,0.9704838,0.9342319,0.9592604,0.97149664,0.9586717,0.95315576,0.9582287,0.9566457,0.9697949,0.9628285,0.9694704,0.9448305,0.97393966,0.9727159,0.9504432,0.9682537,0.9659486,0.9616867,0.9324857,0.9415862,0.96341646,0.94470507,0.9664809,0.9619549,0.9501338,0.9460432,0.95536715,0.9560989,0.9618962,0.96335155,0.9610121,0.9553412,0.97393966,0.9635631,0.9619483,0.9548224,0.9820171
midsommarmovie,0.9725208,0.9731813,0.9738527,0.9700065,0.9740388,0.9731134,0.9763461,0.9645373,0.9892155,0.98085916,0.97610927,0.9634137,0.9819859,0.9786387,0.97881615,0.9664599,0.9736306,0.9726308,0.97731745,0.9667147,0.976903,0.9754128,0.98161054,0.9820749,0.97102296,0.868918,0.9675605,0.97848994,0.97631437,0.9759202,0.97327536,0.97471684,0.9789612,0.96627206,0.9447118,0.93673813,0.9740605,0.9694396,0.9708155,0.97312176,0.9616444,0.9792348,0.96528554,0.9839393,0.9787565,0.97573847,0.9790059,0.96748513,0.9630477,0.98414755,0.9813893,0.9754474,0.9722063,0.9667359,0.9552139,0.9680461,0.96511066,0.9762724,0.9689101,0.9824383,0.9677635,0.9670088,0.96896946,0.9782257,0.9691647,0.9693261,0.97284883,0.9839848,0.9793346,0.9534844,0.9920436,0.6479019,0.9503246,0.9744499,0.9652272,0.962241,0.937013,0.9708027,0.9641661,0.97746533,0.97818017,0.9760306,0.9716563,0.96431464,0.97138,0.96749717,0.973955,0.9774301,0.9736997,0.97592443,0.9695655,0.9920436,0.98083377,0.9795305,0.984066,0.9779981,0.97250533,0.9707745,0.9631109,0.9751406,0.97318625,0.966039,0.97910863,0.9999998,0.975002,0.98086166,0.97591,0.9697407,0.9711974,0.96821165,0.97636235,0.8326948,0.9768597,0.91447073,0.97620714,0.98146826,0.9761176,0.97249,0.9834049,0.9740512,0.96684563,0.96613985,0.9763212,0.95252824,0.96375114,0.9778624,0.967311,0.9675944,0.96867436,0.9480427,0.97657216,0.9777698,0.9800789,0.96509373,0.97545207,0.9736181,0.9776885,0.9730344,0.9847713,0.9651277,0.9892155,0.97669345,0.9714378,0.97802895,0.977583,0.9766008,0.95760685,0.95353675,0.974731,0.9647842,0.9788602,0.97632295,0.96948326,0.9589162,0.9765881,0.9748325,0.97526693,0.9785592,0.97826463,0.97296804,0.9892155,0.97591716,0.97303087,0.97836196,0.98006964
midwaymovie,0.9702009,0.97517145,0.96351135,0.9618376,0.97323155,0.966472,0.96715707,0.9522957,0.9840732,0.97584534,0.9693086,0.9630733,0.9755185,0.982569,0.97428876,0.97261167,0.96780914,0.9725484,0.97386545,0.96599895,0.9779807,0.9647098,0.9655136,0.98269135,0.97342473,0.87388384,0.9681741,0.9735185,0.969258,0.96489877,0.9671146,0.96676403,0.97172767,0.9538211,0.9340209,0.92845345,0.97558784,0.97015274,0.9571468,0.9645683,0.96018034,0.9695365,0.96050376,0.9720658,0.9752842,0.9742216,0.96523464,0.97036386,0.9480367,0.9711417,0.96835303,0.9683025,0.9702108,0.9549457,0.9406633,0.9639509,0.9602879,0.9722684,0.9686478,0.9720171,0.9605427,0.96493787,0.96677935,0.9609681,0.9589607,0.9705622,0.96456903,0.96677333,0.9679063,0.94450057,0.98016983,0.63412035,0.9502569,0.96875477,0.9563509,0.95457333,0.9263951,0.96922755,0.96995044,0.96179634,0.9710821,0.9655341,0.9673572,0.9591507,0.969171,0.96458155,0.96798086,0.9720898,0.96859616,0.97026175,0.9622219,0.98016983,0.96529263,0.97126013,0.9707494,0.96627676,0.9702935,0.96396273,0.9620932,0.96623534,0.9718883,0.9675036,0.9650323,0.975002,1.0000001,0.9657133,0.9744082,0.9597944,0.9666574,0.9569811,0.9805412,0.8171448,0.9756897,0.89428025,0.97287,0.97125125,0.9725279,0.9607247,0.9754014,0.9663382,0.9545292,0.9625426,0.9673295,0.9369476,0.96071863,0.969311,0.9718244,0.9527662,0.964075,0.9524284,0.9711353,0.96939164,0.9749756,0.9526207,0.9729453,0.9587453,0.9732978,0.9567206,0.9782452,0.971162,0.9840732,0.9624854,0.9697532,0.97377145,0.96657246,0.9723255,0.95572823,0.9424463,0.95812756,0.958892,0.9683449,0.9597407,0.9627653,0.9602206,0.97070616,0.96547234,0.96327496,0.97173244,0.9726119,0.9705138,0.9840732,0.9580852,0.9783906,0.9590304,0.9742449
missbalamovie,0.9720179,0.96437466,0.97048265,0.95905054,0.9696991,0.9731578,0.97633237,0.9581101,0.98257595,0.9766603,0.9639799,0.96522564,0.97129226,0.9725619,0.97054654,0.96594375,0.9671518,0.96822554,0.9675558,0.9611262,0.9731808,0.9898206,0.97242796,0.9755337,0.9652174,0.85931987,0.95423716,0.9713225,0.988765,0.96227944,0.96010506,0.9749612,0.9719404,0.966698,0.94240665,0.9458578,0.97443086,0.967253,0.9697632,0.9732005,0.96282065,0.9748309,0.9587333,0.97188926,0.9708317,0.96978456,0.97113615,0.9712273,0.9562262,0.97346365,0.99601483,0.982344,0.9679204,0.9707419,0.9442973,0.96754414,0.95047534,0.96373206,0.9614303,0.9651507,0.96291053,0.9642998,0.9623954,0.9768756,0.9759811,0.9603947,0.9623186,0.98211575,0.9623344,0.95513284,0.97635525,0.6691645,0.94695777,0.97341114,0.9610932,0.95331573,0.9338118,0.96703595,0.968494,0.97065467,0.9647088,0.9759004,0.96591896,0.96884817,0.97866446,0.95551705,0.9550215,0.9702187,0.96481407,0.96940696,0.9645765,0.97635525,0.95673746,0.96684396,0.98704785,0.9730264,0.9549961,0.967505,0.9583353,0.96273655,0.96713936,0.97167903,0.98007125,0.98086166,0.9657133,0.99999994,0.97269404,0.9714196,0.9673519,0.97856385,0.9619273,0.82094276,0.9658555,0.9124474,0.9707653,0.96874887,0.9753075,0.9699926,0.9705154,0.9708483,0.97105944,0.95029026,0.97782606,0.9576553,0.9586211,0.9791931,0.9679224,0.9799027,0.9694134,0.94751734,0.9683124,0.9745842,0.9668516,0.955823,0.96855754,0.9680743,0.9780475,0.9706908,0.97375965,0.9604484,0.98257595,0.99038994,0.9639015,0.97755253,0.9786997,0.96928024,0.9456928,0.95682544,0.9766906,0.95877194,0.97246945,0.9623837,0.966976,0.9602884,0.9634673,0.9631647,0.96348983,0.9723778,0.96307635,0.9593953,0.98257595,0.971719,0.96873236,0.9636265,0.9862718
missinglinkfilm,0.9796464,0.96215034,0.96290725,0.96877897,0.97303027,0.97418904,0.97556424,0.96388376,0.9852726,0.9763704,0.97002095,0.95961326,0.97575265,0.9690561,0.9802133,0.9714315,0.97465324,0.97182983,0.97433275,0.9706668,0.9780697,0.9692253,0.97933125,0.97270805,0.96624255,0.86355966,0.9727694,0.97126836,0.9791433,0.9653743,0.96944183,0.97421294,0.96843255,0.96640307,0.94490886,0.93468946,0.9806229,0.969885,0.9719559,0.9749819,0.95713794,0.9706844,0.96135485,0.9776308,0.9761324,0.9770016,0.9739522,0.9632196,0.95573986,0.97689074,0.9735965,0.97935796,0.9690564,0.9525774,0.957148,0.9690992,0.9569223,0.9746896,0.97337216,0.97211814,0.9597451,0.9656166,0.9643806,0.9699252,0.9717183,0.97237027,0.970018,0.9779806,0.9703824,0.9394623,0.9786133,0.63247365,0.9442917,0.9715182,0.9563696,0.9586471,0.94188684,0.969778,0.9737603,0.9741491,0.97040176,0.9694556,0.9652625,0.96436685,0.96786773,0.9585718,0.96456724,0.96802217,0.9743566,0.97544,0.9650907,0.9786133,0.9656155,0.9668592,0.97586393,0.96886915,0.9607607,0.96946305,0.95893276,0.96282655,0.9764216,0.9710858,0.96098703,0.97591,0.9744082,0.97269404,0.99999994,0.9649887,0.96323067,0.9700615,0.9769602,0.8121701,0.9788161,0.90245813,0.97467166,0.97380435,0.98156625,0.96426827,0.97688544,0.97299165,0.9620686,0.968378,0.9716328,0.95075136,0.97181916,0.9739597,0.9684648,0.9599982,0.97149336,0.94130236,0.96913904,0.96760577,0.9721337,0.96017015,0.9783733,0.9604566,0.97995025,0.975115,0.9755667,0.967468,0.9852726,0.97229946,0.96781564,0.97278416,0.9730923,0.9810878,0.9634779,0.9526545,0.9653995,0.9683301,0.97806454,0.96860886,0.97249275,0.9632057,0.97023916,0.96701616,0.9701,0.9744524,0.9724284,0.9770667,0.9852726,0.9720547,0.97985834,0.9670085,0.97128075
motherlessbklyn,0.95476854,0.95550156,0.9604127,0.95543325,0.96679384,0.9783853,0.97380275,0.94906414,0.9820939,0.96604353,0.9707934,0.9605196,0.97347194,0.9721087,0.96861845,0.96854746,0.96311736,0.9674027,0.97126883,0.9643971,0.9824084,0.964822,0.9644156,0.9720033,0.96324253,0.86337966,0.94765663,0.96358305,0.96908146,0.97225964,0.9571132,0.97333366,0.96734303,0.96420693,0.95501006,0.94380575,0.9700195,0.9582392,0.9641158,0.97445554,0.9739738,0.96586543,0.9608226,0.96668273,0.97121847,0.965286,0.960975,0.96211296,0.9621011,0.9662362,0.9722854,0.9723437,0.9724851,0.9537008,0.94144475,0.96295005,0.95612127,0.9576777,0.95627457,0.9638979,0.9649347,0.95126706,0.9567864,0.9856605,0.9650394,0.9544352,0.955976,0.9704002,0.95662844,0.9522683,0.9671853,0.6706161,0.9514586,0.9693561,0.9595015,0.9443026,0.94325954,0.9617417,0.96546924,0.9661111,0.9598856,0.9670192,0.97670525,0.9667008,0.97804785,0.9596194,0.9508135,0.9654597,0.9642514,0.9680977,0.96928006,0.9671853,0.9534916,0.9665601,0.9662281,0.9707299,0.9546537,0.9634061,0.96008635,0.94927233,0.97213256,0.9557509,0.95811594,0.9697407,0.9597944,0.9714196,0.9649887,0.99999994,0.9626862,0.97104937,0.9534355,0.85334355,0.9741482,0.92310363,0.9666493,0.9578993,0.9579599,0.9645394,0.9738299,0.97159123,0.97063845,0.95484453,0.97143304,0.96330774,0.96175075,0.9639801,0.9677254,0.9675876,0.95347434,0.9642553,0.9698635,0.95445275,0.96316755,0.94410944,0.96433514,0.967686,0.96379334,0.9617455,0.96907014,0.9678572,0.9820939,0.9678291,0.9769504,0.97846067,0.97263074,0.9686158,0.94971544,0.96781653,0.9853187,0.9508906,0.96874475,0.9651197,0.96189594,0.94533855,0.94389564,0.9602198,0.96070325,0.9584427,0.9668985,0.96132344,0.9820939,0.96779907,0.97138363,0.96749914,0.9711937
onceinhollywood,0.9672638,0.9664304,0.9670378,0.96080714,0.9620162,0.9516786,0.9752585,0.95778525,0.9801923,0.96374553,0.962859,0.95192313,0.9683309,0.96343666,0.96872133,0.9657936,0.9642788,0.9750058,0.971165,0.96794176,0.9773663,0.96815896,0.96749884,0.97274274,0.96993184,0.858586,0.95599353,0.9732595,0.9660407,0.96334296,0.9638692,0.97021323,0.9590148,0.95036227,0.9399643,0.9290065,0.9642504,0.972284,0.95951986,0.9731894,0.94919634,0.9623505,0.9548324,0.9627465,0.97462505,0.9762849,0.9667737,0.9666432,0.9564153,0.96285707,0.9685533,0.9710646,0.96102065,0.94934946,0.95215946,0.9649357,0.9539395,0.9638677,0.9542206,0.9639464,0.94179183,0.95918286,0.96600485,0.9613459,0.9611438,0.96028465,0.9681829,0.96458757,0.96486294,0.9586346,0.97197044,0.6399937,0.9653671,0.9721154,0.9638827,0.95762056,0.92945516,0.9645382,0.96229124,0.9569834,0.9679694,0.9608575,0.9670355,0.96337557,0.9731344,0.96229446,0.9539594,0.964534,0.96732104,0.97130656,0.96391916,0.97197044,0.9524861,0.9658061,0.9679623,0.9730153,0.953188,0.96452504,0.96989894,0.9568322,0.96173626,0.9597372,0.9577265,0.9711974,0.9666574,0.9673519,0.96323067,0.9626862,0.9999999,0.97353417,0.96881956,0.82738036,0.96504503,0.893821,0.9735823,0.9699171,0.9683865,0.9721075,0.9741876,0.96718353,0.96348685,0.95165694,0.96772,0.9385523,0.9604861,0.96724254,0.964342,0.95756316,0.9624306,0.9576785,0.9769885,0.9635104,0.96768135,0.95032656,0.9593371,0.96144766,0.97010845,0.96205616,0.9696906,0.9728326,0.9801923,0.96957463,0.9629032,0.969514,0.9693482,0.96977943,0.951949,0.95798385,0.95770866,0.9713587,0.9657168,0.9571342,0.9642362,0.9466231,0.95248204,0.96382743,0.9530733,0.97349936,0.96981066,0.95912737,0.9801923,0.9609933,0.96398723,0.96790963,0.9683072
onthebasisofsex,0.967993,0.95446104,0.9584765,0.96095264,0.9679917,0.9617072,0.9781387,0.95554817,0.98000634,0.96985686,0.96087825,0.9611187,0.9697717,0.96747106,0.97215307,0.9627106,0.9649167,0.97179115,0.9659906,0.9620781,0.97142893,0.9714152,0.97191584,0.96715975,0.95944476,0.86539084,0.9552049,0.9700936,0.9702404,0.95732075,0.9555719,0.9823052,0.9694772,0.9541111,0.943084,0.93240744,0.96524847,0.9606229,0.96722347,0.9805809,0.9561276,0.9665563,0.9595272,0.9671596,0.96869516,0.97329915,0.9679051,0.9649922,0.964403,0.9712017,0.97505534,0.9816418,0.97042847,0.9524848,0.95139843,0.9665594,0.94537395,0.9624341,0.9573775,0.9596574,0.95098865,0.96615887,0.963035,0.9757004,0.97313434,0.95802456,0.96559846,0.9767321,0.9517152,0.9464101,0.9690094,0.6525984,0.9478076,0.9883641,0.9501686,0.95182,0.93273586,0.9631385,0.96570253,0.9602404,0.95879984,0.97125185,0.9603643,0.97243357,0.9749818,0.9569626,0.95284486,0.9668386,0.96979034,0.97083926,0.96627605,0.9690094,0.95594025,0.96368647,0.9725234,0.96525013,0.94553626,0.9637929,0.9631909,0.95663655,0.96300244,0.96348244,0.9557063,0.96821165,0.9569811,0.97856385,0.9700615,0.97104937,0.97353417,0.9999999,0.96332544,0.8184092,0.96966964,0.9105944,0.97019565,0.96682185,0.96735936,0.97267383,0.97200745,0.9700929,0.968408,0.9500791,0.9716631,0.953807,0.96606266,0.96722686,0.9701907,0.96225506,0.96401376,0.9504328,0.9601731,0.9596736,0.9613624,0.94598734,0.9674342,0.95567214,0.9662994,0.97274035,0.9704072,0.9663447,0.98000634,0.97353923,0.9697248,0.97057146,0.9733533,0.9744887,0.94880867,0.9612768,0.96908265,0.9582843,0.97323984,0.96116245,0.97059786,0.94986695,0.95714587,0.9595176,0.954062,0.9715966,0.9669663,0.9670461,0.98000634,0.9682689,0.9669274,0.9659089,0.9671356
overcomermovie,0.9720278,0.9711774,0.9701733,0.9672707,0.9715653,0.9639366,0.97468066,0.962629,0.98248416,0.96905345,0.9712851,0.95848405,0.969112,0.97666204,0.9763005,0.9671239,0.9749399,0.9703946,0.97467536,0.9628238,0.9758783,0.9586861,0.9809494,0.97845095,0.9652924,0.8712332,0.97834283,0.9739159,0.9667866,0.9642858,0.96931773,0.97022736,0.9701926,0.9536006,0.93077713,0.93135446,0.96937484,0.96452475,0.96066004,0.97264266,0.9593886,0.9648959,0.96176153,0.97198576,0.9733521,0.9746278,0.9750728,0.9694003,0.95117813,0.9658965,0.9631521,0.96730113,0.9701526,0.9525713,0.9482353,0.9681973,0.9599416,0.97584707,0.96588326,0.97508633,0.96091825,0.962824,0.9592177,0.960872,0.9651899,0.97342545,0.9717958,0.9667475,0.969514,0.9507516,0.9816336,0.6324172,0.9476148,0.96904474,0.9567812,0.9547304,0.93563783,0.9683176,0.957789,0.96017706,0.9730792,0.95969546,0.9643059,0.95240957,0.9608729,0.9598474,0.97027206,0.9675906,0.9702193,0.96834415,0.96193963,0.9816336,0.96214086,0.96804416,0.9654584,0.9704724,0.9610657,0.9634298,0.96194386,0.97126645,0.96865815,0.96232724,0.96440077,0.97636235,0.9805412,0.9619273,0.9769602,0.9534355,0.96881956,0.96332544,0.9999998,0.8238203,0.9746589,0.89014804,0.9748369,0.9797163,0.97267807,0.9672894,0.9749804,0.97351384,0.95518255,0.9685017,0.9695642,0.937747,0.9693035,0.9654586,0.96086407,0.9472487,0.96737796,0.9406017,0.9730752,0.9654142,0.97590816,0.9647815,0.9778456,0.9533914,0.9718505,0.964512,0.97840923,0.9638794,0.98248416,0.9621599,0.96709955,0.9711071,0.96465915,0.97846323,0.9595536,0.9415547,0.95739704,0.95621926,0.97553533,0.9702393,0.9665016,0.9506109,0.97184974,0.9663836,0.97082096,0.9744908,0.97317046,0.97837603,0.98248416,0.9558068,0.96926856,0.97416204,0.9646392
peanutbutterfalcon,0.81236345,0.8040496,0.82654184,0.8477506,0.8291563,0.8209986,0.84893715,0.802185,0.842082,0.81851786,0.83864856,0.7961136,0.8259986,0.8265798,0.8329229,0.82720405,0.8330738,0.834169,0.8460369,0.8196749,0.8339284,0.812201,0.8451527,0.8420772,0.80753165,0.7746571,0.8288192,0.8273045,0.82980645,0.8291086,0.80914253,0.8496506,0.8365963,0.81954104,0.8468529,0.8314406,0.809654,0.80558664,0.8094962,0.8629701,0.8588486,0.8134619,0.80174875,0.8170262,0.82684463,0.81504345,0.83997947,0.8152066,0.84363353,0.8103372,0.82366395,0.83607966,0.82200545,0.82440853,0.78648055,0.8449125,0.8341706,0.79997504,0.8149055,0.82748073,0.8244797,0.79401916,0.8274214,0.846815,0.8290436,0.8161411,0.815272,0.82618225,0.81888366,0.8353403,0.829517,0.7384823,0.8442793,0.80974275,0.847971,0.822099,0.85227025,0.81684875,0.8118918,0.82208234,0.8183684,0.8158897,0.85295224,0.81459516,0.8297267,0.818175,0.81867015,0.8182409,0.8325821,0.84091455,0.8419249,0.829517,0.8145546,0.81747824,0.82041174,0.84722954,0.8060928,0.8393327,0.84178776,0.833374,0.81819534,0.79436904,0.8156779,0.8326948,0.8171448,0.82094276,0.8121701,0.85334355,0.82738036,0.8184092,0.8238203,1.0,0.8409954,0.87127405,0.80628943,0.82544523,0.81111485,0.86085147,0.84143615,0.84615177,0.8467049,0.8203945,0.8142502,0.81042886,0.8317004,0.8197005,0.7916253,0.8250009,0.8220643,0.8031956,0.82857966,0.83060193,0.8424301,0.7844531,0.7956883,0.82991004,0.81579816,0.8245777,0.82861006,0.83608973,0.842082,0.8183539,0.8304891,0.83628213,0.84076226,0.8402387,0.8316758,0.8561825,0.85244113,0.8142013,0.8285498,0.8558248,0.8104715,0.8111179,0.80577147,0.8299002,0.8340552,0.81675935,0.8194554,0.82350606,0.842082,0.82884043,0.84074044,0.83661234,0.83572304
petsematarymovie,0.97471964,0.96519697,0.96935236,0.9764862,0.97577363,0.9717853,0.97491014,0.97365344,0.99006355,0.9678278,0.9826135,0.9713207,0.9801783,0.9791808,0.98237664,0.97978264,0.97558653,0.9796942,0.9859418,0.9802903,0.9843445,0.96459156,0.975935,0.976721,0.9638422,0.87522864,0.9708798,0.97067344,0.9704921,0.97643393,0.97256947,0.97461027,0.97618157,0.9739819,0.9502788,0.94235736,0.97824275,0.97188485,0.97642463,0.9786807,0.962225,0.97267544,0.96800894,0.97401696,0.98257643,0.9752173,0.9734355,0.97282386,0.9671921,0.97196543,0.97008467,0.9796283,0.9757459,0.95309746,0.9693647,0.9690505,0.9684062,0.9782004,0.9840683,0.97440976,0.9677668,0.9724513,0.97108865,0.9784731,0.970796,0.97576356,0.9652139,0.97568625,0.96636784,0.94310045,0.9784077,0.6504472,0.9606833,0.97386795,0.9535157,0.96428806,0.94817597,0.96594274,0.9788145,0.96724033,0.96494544,0.96721745,0.97708106,0.9737927,0.9734271,0.9625555,0.96138287,0.9726156,0.97244024,0.9761911,0.9787308,0.9784077,0.96743035,0.97610795,0.9709734,0.97768474,0.9682068,0.97749573,0.9644572,0.9542114,0.97755665,0.9692704,0.96083164,0.9768597,0.9756897,0.9658555,0.9788161,0.9741482,0.96504503,0.96966964,0.9746589,0.8409954,0.99999994,0.91775894,0.9710566,0.9771908,0.9743157,0.9630242,0.9810074,0.9795302,0.972808,0.97835565,0.97346985,0.949427,0.9760537,0.9751809,0.9691139,0.96331704,0.9674214,0.9504371,0.9770338,0.9676015,0.9778896,0.9578827,0.977507,0.9703827,0.9652342,0.9751024,0.97944,0.97543585,0.99006355,0.9659644,0.9764592,0.9741111,0.9770414,0.9821399,0.9645843,0.95463073,0.96866435,0.96071786,0.9723153,0.97363585,0.97596776,0.95708376,0.96629715,0.97024,0.9723781,0.9705189,0.984328,0.98506224,0.99006355,0.97226024,0.9852426,0.97074306,0.97120374
piercingmovie,0.8965106,0.8795423,0.9020008,0.92641723,0.8964472,0.91244596,0.9131698,0.9162493,0.9243075,0.89551914,0.9173086,0.90365994,0.92264163,0.9052032,0.91060835,0.90281236,0.89963365,0.9033052,0.9098913,0.9070371,0.91778773,0.9111859,0.9169754,0.92206734,0.8807213,0.8608778,0.8974524,0.9035673,0.9151738,0.9103108,0.8933065,0.924393,0.9036763,0.9011637,0.9326435,0.9510066,0.907986,0.9084953,0.8960932,0.9224422,0.9101062,0.9092713,0.8911134,0.9221291,0.90231866,0.9103962,0.9191492,0.9044422,0.9241975,0.90998375,0.91567516,0.91493577,0.8962887,0.8919249,0.89780074,0.91470283,0.9109507,0.9021939,0.9173075,0.903667,0.87931275,0.8894979,0.8994607,0.9267878,0.9070417,0.90683603,0.89138186,0.9124123,0.89286095,0.9039872,0.902205,0.7515053,0.9128401,0.9079617,0.9110529,0.90238833,0.91427904,0.8878996,0.9102165,0.9024436,0.9094111,0.90024966,0.92032135,0.9089298,0.91378266,0.87806624,0.90017706,0.91256464,0.9128133,0.9256788,0.91369313,0.902205,0.8970189,0.8979202,0.9161913,0.9281868,0.88731605,0.92072284,0.88834953,0.90009904,0.91704017,0.8945449,0.8921055,0.91447073,0.89428025,0.9124474,0.90245813,0.92310363,0.893821,0.9105944,0.89014804,0.87127405,0.91775894,1.0000001,0.891782,0.9022129,0.8989879,0.90621585,0.9135959,0.90837705,0.91260594,0.90088207,0.91663253,0.91848093,0.9063045,0.91192925,0.89035964,0.8944044,0.8901251,0.8826245,0.8994418,0.90138817,0.9101312,0.89116365,0.903669,0.90882164,0.9006879,0.890836,0.9022814,0.9148362,0.9243075,0.9031364,0.9161892,0.92178243,0.91998035,0.92230403,0.9401421,0.9347423,0.9251905,0.9043551,0.903784,0.914236,0.910655,0.8851309,0.88892055,0.8952606,0.90600413,0.89695835,0.9111407,0.90232474,0.9243075,0.92427015,0.9197518,0.90883076,0.90171343
playingwithfire,0.9727439,0.9709893,0.9710744,0.959305,0.97197634,0.9669421,0.9735026,0.9621126,0.98351485,0.9773537,0.9704061,0.9618201,0.96497756,0.97473,0.9773867,0.9729334,0.96454006,0.9670151,0.97039485,0.96804225,0.97879803,0.9708172,0.9700013,0.9696853,0.96961915,0.8645441,0.95700186,0.97575134,0.975971,0.9579804,0.96355385,0.9727145,0.9627581,0.9669599,0.92675,0.9279509,0.9715085,0.96946096,0.9643681,0.96799856,0.9589255,0.9703572,0.9748926,0.9684504,0.9794484,0.9805103,0.9659324,0.9632685,0.94011265,0.9691423,0.9713718,0.9718415,0.97865164,0.9522918,0.9510515,0.9581024,0.95955634,0.9750785,0.96217275,0.9749123,0.9539894,0.96264607,0.96808404,0.9651099,0.96870977,0.9670291,0.96150804,0.97064185,0.96281075,0.9550923,0.9815046,0.62405473,0.9471629,0.97312045,0.9477894,0.95332986,0.9221556,0.9749816,0.9665077,0.967372,0.9715042,0.962712,0.9604306,0.9661782,0.9731665,0.95886064,0.9643341,0.96643126,0.9686042,0.967459,0.9586094,0.9815046,0.9626912,0.9703362,0.9680776,0.965565,0.96326375,0.96976525,0.9615087,0.95852345,0.9736555,0.9660258,0.95957774,0.97620714,0.97287,0.9707653,0.97467166,0.9666493,0.9735823,0.97019565,0.9748369,0.80628943,0.9710566,0.891782,0.9999999,0.97220594,0.97397035,0.9630989,0.9716021,0.97252226,0.9580697,0.9553366,0.97114056,0.9469308,0.9634359,0.96362215,0.9662493,0.9581844,0.9587738,0.9628856,0.973474,0.9599603,0.9667235,0.9527025,0.97272545,0.95649856,0.97563624,0.9680687,0.9837125,0.9634476,0.98351485,0.97648716,0.96595484,0.97075886,0.97076416,0.97156924,0.95482963,0.9408157,0.9587883,0.964611,0.9710418,0.970124,0.9698132,0.9531397,0.9635844,0.967681,0.9667479,0.9769371,0.97195214,0.9711925,0.98351485,0.9577693,0.9663422,0.96445596,0.9681966
playmobilthemovie,0.97230875,0.9562761,0.9645531,0.97105956,0.96909183,0.96242595,0.9699527,0.9673191,0.98233235,0.96978974,0.9769743,0.9593564,0.9694982,0.9662398,0.977219,0.9644445,0.96842873,0.97464865,0.9702536,0.96858084,0.97412753,0.9655514,0.97522974,0.97448355,0.9620182,0.8616916,0.96713996,0.96908647,0.9655251,0.96910894,0.9636176,0.97030574,0.96708256,0.9588589,0.941714,0.94269055,0.9696061,0.96231407,0.9604305,0.97184396,0.95212156,0.9648035,0.9575705,0.9714998,0.9712185,0.96879655,0.97389084,0.96619457,0.9579629,0.96699715,0.97126406,0.97073454,0.9648043,0.9513926,0.9540422,0.9609903,0.9698817,0.97286046,0.9608396,0.9651332,0.9600852,0.96052426,0.9723812,0.96379584,0.97247875,0.9738848,0.9682963,0.96879447,0.9728434,0.94709545,0.9779931,0.624403,0.9483273,0.9742535,0.96140116,0.966499,0.93498296,0.97646725,0.9586892,0.95585793,0.9680277,0.9598395,0.96297306,0.9635267,0.9612429,0.96079224,0.9662328,0.9715609,0.964058,0.9726138,0.9629979,0.9779931,0.9671385,0.97391564,0.9689947,0.9708666,0.97195864,0.964242,0.95477366,0.9617935,0.96878225,0.96436816,0.96648943,0.98146826,0.97125125,0.96874887,0.97380435,0.9578993,0.9699171,0.96682185,0.9797163,0.82544523,0.9771908,0.9022129,0.97220594,1.0000004,0.9771986,0.9749578,0.97358316,0.9691815,0.95932925,0.9725278,0.9667412,0.9361884,0.9620405,0.9649222,0.9663766,0.9559724,0.9646965,0.94147944,0.9783834,0.9720224,0.9750911,0.9692032,0.972508,0.96127933,0.9692894,0.96920264,0.97465485,0.9666786,0.98233235,0.96608126,0.9679575,0.96580625,0.962634,0.97687656,0.9615684,0.9494792,0.96918947,0.9666763,0.9677467,0.9661882,0.9685514,0.959772,0.965587,0.9611996,0.96439666,0.9719854,0.9797411,0.9810942,0.98233235,0.9656466,0.96991885,0.9729519,0.96728545
pomsmovie,0.99575585,0.9582685,0.97495335,0.9717055,0.9766477,0.9667655,0.9682251,0.97044826,0.9866618,0.97480077,0.9648025,0.9683357,0.971014,0.9723314,0.98438853,0.97275823,0.97073144,0.97176003,0.97368056,0.9737187,0.9758727,0.97593486,0.9778673,0.97627544,0.97412395,0.87963134,0.9687701,0.97708535,0.9750509,0.9679437,0.9648592,0.977042,0.96899766,0.97067654,0.93099827,0.93889266,0.97089523,0.98269564,0.97092324,0.97321975,0.95309633,0.97995996,0.96018255,0.9694557,0.98082757,0.9763507,0.9751451,0.9687556,0.95918167,0.97148633,0.97879034,0.9808152,0.96957743,0.9500003,0.96450496,0.97318035,0.96007675,0.97687066,0.97238916,0.97223186,0.95891684,0.97397536,0.9787873,0.96843314,0.9695169,0.9800992,0.9716255,0.9812688,0.9676526,0.9572771,0.981417,0.6443732,0.94825715,0.97400993,0.96014273,0.9637392,0.9401559,0.96590304,0.96929765,0.9673213,0.96522856,0.9678057,0.9606242,0.9610471,0.96818125,0.95294636,0.9582947,0.9704533,0.97438097,0.9765218,0.96546084,0.981417,0.9629581,0.9704536,0.97229606,0.9742676,0.9585651,0.97175926,0.95636463,0.96372914,0.97086716,0.98122793,0.9696566,0.9761176,0.9725279,0.9753075,0.98156625,0.9579599,0.9683865,0.96735936,0.97267807,0.81111485,0.9743157,0.8989879,0.97397035,0.9771986,1.0000001,0.9650049,0.9732126,0.96959174,0.96588707,0.963445,0.975491,0.95520025,0.97024226,0.9728391,0.96768117,0.96252924,0.9806246,0.9426933,0.97046036,0.9747904,0.97675025,0.96303385,0.967057,0.96386313,0.99009925,0.97689986,0.97901064,0.96044695,0.9866618,0.9790922,0.9565666,0.9685302,0.9722166,0.9723506,0.9551824,0.9464698,0.9588271,0.9829157,0.9671954,0.97176886,0.9733862,0.97287464,0.97067386,0.97327685,0.9731855,0.97293353,0.97099614,0.9691694,0.9866618,0.9671093,0.9765814,0.96890414,0.977623
queenandslim,0.96105266,0.94219035,0.96473765,0.9559427,0.9599761,0.95749944,0.96998656,0.9417508,0.9756189,0.96721107,0.9605899,0.95045173,0.9605212,0.9606982,0.9715476,0.9548192,0.9612645,0.9669165,0.96699756,0.9554953,0.9635452,0.960503,0.96872777,0.97217077,0.9586688,0.85300344,0.94729954,0.9682218,0.9602555,0.9557286,0.957859,0.9689389,0.96877885,0.94838274,0.9421401,0.93230313,0.95249254,0.9489923,0.955851,0.9713714,0.95948815,0.95659816,0.9431048,0.96275496,0.9640956,0.96752715,0.9643759,0.95806175,0.95732826,0.960222,0.9707324,0.9672973,0.95217186,0.9443126,0.9398972,0.9663248,0.9552391,0.95740557,0.94044435,0.96204627,0.94744587,0.95112866,0.9529579,0.9590533,0.96039224,0.96071726,0.96489584,0.9654098,0.954047,0.9483551,0.97383755,0.6687173,0.9413499,0.97497344,0.97955376,0.94816095,0.94743925,0.9624641,0.9511007,0.96130204,0.96168643,0.9571034,0.9602709,0.9669062,0.96711653,0.9602725,0.94902474,0.9556662,0.9691709,0.97474444,0.9579714,0.97383755,0.95717275,0.9602579,0.9660548,0.96532965,0.9444461,0.94883835,0.9549692,0.9651598,0.9570476,0.9490592,0.9627931,0.97249,0.9607247,0.9699926,0.96426827,0.9645394,0.9721075,0.97267383,0.9672894,0.86085147,0.9630242,0.90621585,0.9630989,0.9749578,0.9650049,1.0000001,0.97176206,0.9630698,0.95688576,0.9514375,0.9648127,0.9373505,0.9556276,0.96025884,0.9559326,0.9606788,0.9618455,0.94394326,0.9679282,0.96056145,0.96666414,0.94391596,0.96075475,0.95188254,0.9714534,0.9646711,0.9707053,0.9612556,0.9756189,0.959771,0.9597342,0.9630653,0.9661752,0.9666315,0.94248986,0.956946,0.9646141,0.95785385,0.96770614,0.95974106,0.95879585,0.95410866,0.9540105,0.95809656,0.9515918,0.96797514,0.96048605,0.96193486,0.9756189,0.9739587,0.96350366,0.96669513,0.9721503
rambomovie,0.9729589,0.9679893,0.975748,0.97573984,0.9764084,0.974837,0.97908443,0.9628649,0.99051905,0.9740846,0.9790591,0.9630785,0.98182595,0.9758025,0.9774041,0.97616845,0.97837764,0.97176564,0.9833809,0.96960855,0.98225355,0.96760744,0.9793052,0.9807741,0.9750309,0.86686105,0.966435,0.97642845,0.97121936,0.97640246,0.9789426,0.97573245,0.9752102,0.9638809,0.94843,0.9343187,0.9769827,0.9671187,0.9694116,0.9815694,0.9628758,0.97712106,0.9575264,0.9744659,0.9833913,0.97626597,0.97173584,0.9700654,0.9678384,0.9776284,0.9726312,0.9788557,0.96807003,0.9529533,0.95281523,0.97477514,0.95564806,0.97802883,0.97073245,0.9797665,0.9638457,0.971515,0.9660519,0.9798319,0.9709074,0.9725775,0.96908206,0.9813586,0.9770248,0.9471143,0.9835836,0.6565879,0.95553297,0.9773362,0.97138333,0.95451766,0.94443446,0.96258277,0.9684933,0.96923625,0.9872016,0.9719074,0.98264676,0.9680279,0.972231,0.9728588,0.972405,0.9742796,0.9708636,0.9805123,0.973136,0.9835836,0.9747801,0.97313535,0.98030466,0.9814798,0.96838796,0.96728605,0.9746792,0.96979576,0.9709456,0.96828943,0.958362,0.9834049,0.9754014,0.9705154,0.97688544,0.9738299,0.9741876,0.97200745,0.9749804,0.84143615,0.9810074,0.9135959,0.9716021,0.97358316,0.9732126,0.97176206,0.9999999,0.9763099,0.969671,0.9735848,0.9755745,0.9591316,0.97495943,0.9750181,0.9729362,0.9618482,0.9704565,0.9562999,0.97820073,0.96712285,0.97864825,0.95631784,0.97573835,0.9728632,0.9764756,0.971525,0.9781143,0.97172725,0.99051905,0.97135967,0.9735083,0.9808426,0.9762105,0.9822503,0.9639219,0.9631052,0.97052574,0.9686604,0.9790456,0.97418463,0.96764964,0.962759,0.9741418,0.9678884,0.97056204,0.97738606,0.9766813,0.97311956,0.99051905,0.97068375,0.9840869,0.9823706,0.97242856
readyornotfilm,0.9690929,0.9613952,0.9645448,0.9690335,0.977595,0.97270197,0.9909895,0.9615665,0.9864434,0.9726814,0.9746439,0.9624424,0.9722408,0.97641486,0.9832053,0.9676784,0.9686734,0.97626436,0.9759666,0.97114545,0.98040646,0.9723333,0.971811,0.9725449,0.96191365,0.84769607,0.97191185,0.96647227,0.9698317,0.9610112,0.964758,0.96951175,0.96928596,0.96226656,0.9361398,0.9355687,0.974704,0.9630354,0.96843773,0.97446907,0.9776484,0.96512043,0.9613049,0.9684099,0.9782431,0.9720444,0.96795857,0.9678128,0.9551662,0.96926326,0.9728238,0.968638,0.9745987,0.9562069,0.957615,0.97272027,0.9559117,0.9681185,0.97237575,0.9682085,0.963168,0.9722649,0.96872246,0.9800169,0.9625069,0.96986413,0.9588365,0.9673143,0.9648918,0.9490824,0.9785813,0.61395484,0.95037824,0.96882707,0.9461527,0.9576462,0.94858456,0.95621544,0.9677939,0.9658906,0.96746486,0.9745136,0.97504514,0.9669358,0.96843565,0.96343315,0.9665501,0.9683259,0.96864825,0.96903795,0.971508,0.9785813,0.9590658,0.9712704,0.9723113,0.97992975,0.9650941,0.9715201,0.9700279,0.95940566,0.9692276,0.965759,0.9612203,0.9740512,0.9663382,0.9708483,0.97299165,0.97159123,0.96718353,0.9700929,0.97351384,0.84615177,0.9795302,0.90837705,0.97252226,0.9691815,0.96959174,0.9630698,0.9763099,1.0000001,0.9738715,0.96205765,0.97671205,0.9492872,0.971205,0.97336763,0.9594889,0.96340585,0.9698841,0.94683325,0.9733967,0.9657538,0.96969426,0.95334464,0.96716535,0.95962363,0.9694469,0.96348673,0.97610915,0.97325546,0.9864434,0.97347677,0.9681321,0.9767764,0.9746778,0.9720411,0.96068424,0.9527604,0.97226304,0.9596724,0.982476,0.96562445,0.9755357,0.95057744,0.968373,0.96371603,0.9610179,0.9730044,0.9679895,0.9635593,0.9864434,0.96668637,0.9741716,0.969709,0.9706832
richardjewellfilm,0.96392083,0.9516271,0.9611598,0.9629912,0.9666756,0.97011507,0.96848553,0.96381557,0.9795108,0.9578703,0.9633682,0.9593233,0.96919185,0.96710134,0.97102755,0.9714537,0.9633911,0.9644827,0.961456,0.96348906,0.9686545,0.9667993,0.9667488,0.96647114,0.9645758,0.8637976,0.94729584,0.96224064,0.96783346,0.9599516,0.95451903,0.96943074,0.96122986,0.9624773,0.93718433,0.9327537,0.9707091,0.9595073,0.97235405,0.9721913,0.9670302,0.96626335,0.9542215,0.9608015,0.9688397,0.96349865,0.96563965,0.96644115,0.95671654,0.96284175,0.97179776,0.97237015,0.9641416,0.95851916,0.94748026,0.9652333,0.9436235,0.9615776,0.9660733,0.9600929,0.9551506,0.96154386,0.961453,0.9786522,0.9669149,0.9645104,0.95323086,0.97127926,0.9603811,0.9480135,0.96851116,0.64414614,0.9580097,0.96375096,0.9441677,0.95277584,0.93458337,0.9523174,0.95782447,0.9660474,0.9522984,0.9653087,0.9803665,0.96399856,0.96248394,0.95302254,0.94632643,0.96640426,0.9617242,0.96205056,0.9787686,0.96851116,0.9536394,0.9613616,0.97007656,0.9728096,0.95073664,0.9548112,0.96326554,0.94323266,0.9646897,0.9656232,0.9501881,0.96684563,0.9545292,0.97105944,0.9620686,0.97063845,0.96348685,0.968408,0.95518255,0.8467049,0.972808,0.91260594,0.9580697,0.95932925,0.96588707,0.95688576,0.969671,0.9738715,1.0,0.9524063,0.96921486,0.95911956,0.9615922,0.97337335,0.960113,0.96385187,0.95813864,0.94214815,0.9588644,0.95973265,0.9621662,0.9399427,0.9620054,0.9651797,0.96236587,0.9595865,0.96547836,0.97051316,0.9795108,0.97102636,0.96112144,0.96765405,0.9754742,0.96733886,0.9555112,0.9550976,0.9699235,0.9594231,0.96527743,0.96313965,0.9736984,0.94753057,0.9492767,0.9621626,0.96168953,0.96356714,0.9606658,0.95985955,0.9795108,0.9609494,0.96218836,0.96522725,0.97045887
rocketmanmovie,0.96120757,0.9468441,0.95772487,0.9644521,0.9646519,0.96239126,0.9618598,0.96289283,0.97716075,0.9539232,0.9771838,0.9631013,0.9595472,0.95983446,0.9686108,0.96318215,0.9693917,0.96393627,0.9652259,0.9722261,0.9679395,0.95353496,0.9660929,0.9706261,0.96004826,0.87054694,0.96182835,0.95553607,0.958959,0.96527016,0.9628571,0.9552703,0.9592679,0.9590014,0.9293612,0.937747,0.9771659,0.9570057,0.9557251,0.9673804,0.9437746,0.965291,0.9513942,0.9639265,0.9697802,0.9571297,0.95898443,0.9569374,0.95770067,0.960321,0.9562535,0.9624785,0.955993,0.9298795,0.9439101,0.9582849,0.96951836,0.97904897,0.965306,0.9634348,0.95440805,0.95430434,0.96347564,0.9618752,0.9623019,0.97486365,0.9461197,0.9580127,0.97430307,0.9389533,0.9680509,0.6243781,0.9455615,0.96163416,0.9454215,0.9541314,0.9333769,0.9576802,0.9618187,0.94308853,0.96699053,0.95475477,0.9660293,0.9537082,0.95095515,0.9534776,0.96036506,0.9593839,0.9506617,0.96693057,0.95876443,0.9680509,0.966412,0.96720475,0.9626574,0.9710156,0.9634583,0.9552703,0.95348305,0.94373566,0.968904,0.9628203,0.9438686,0.96613985,0.9625426,0.95029026,0.968378,0.95484453,0.95165694,0.9500791,0.9685017,0.8203945,0.97835565,0.90088207,0.9553366,0.9725278,0.963445,0.9514375,0.9735848,0.96205765,0.9524063,1.0000001,0.95560855,0.9415895,0.9675838,0.9620619,0.95684606,0.94359577,0.95096004,0.9332158,0.96861213,0.95693326,0.96766543,0.962407,0.97392416,0.9555658,0.95914966,0.9680168,0.9702466,0.96127295,0.97716075,0.953825,0.96153605,0.9607602,0.9561683,0.9651837,0.9649278,0.9362377,0.95270365,0.9562833,0.9569528,0.96118855,0.95522773,0.95443696,0.9570814,0.95767564,0.9663269,0.95954084,0.97537464,0.97493833,0.97716075,0.9526891,0.97062945,0.9719421,0.9517274
scarystoriesmovie,0.97349876,0.964283,0.9785047,0.97021496,0.971833,0.9739599,0.9761555,0.9697788,0.98548377,0.97180915,0.9720102,0.97050107,0.9746699,0.9740905,0.9751595,0.97076976,0.9697073,0.97206146,0.975033,0.9663372,0.97718304,0.9792965,0.9764029,0.9746842,0.9667127,0.84888864,0.96282345,0.97333604,0.9750067,0.96961606,0.97065526,0.9704126,0.9655804,0.9612603,0.941893,0.93781376,0.9755321,0.9718353,0.97148204,0.974456,0.9627843,0.97253543,0.9666514,0.9707079,0.97423935,0.9792044,0.97475356,0.9689027,0.9593739,0.9702494,0.9823813,0.9750441,0.96954834,0.9519563,0.9705959,0.96995294,0.9512509,0.9733053,0.9746964,0.9735174,0.9609625,0.9727907,0.9631404,0.97237784,0.96149665,0.96314853,0.96547717,0.9765227,0.9610146,0.94315875,0.9790055,0.64713174,0.94689447,0.9746876,0.96344054,0.9570268,0.94358826,0.96174926,0.97017574,0.96917546,0.96859705,0.96912897,0.96664935,0.9692174,0.97853166,0.96125954,0.9657817,0.9695452,0.97193885,0.970006,0.96464545,0.9790055,0.9528018,0.96119493,0.97727865,0.97865057,0.9524343,0.96862173,0.9539426,0.9638046,0.9741544,0.9721762,0.9691043,0.9763212,0.9673295,0.97782606,0.9716328,0.97143304,0.96772,0.9716631,0.9695642,0.8142502,0.97346985,0.91663253,0.97114056,0.9667412,0.975491,0.9648127,0.9755745,0.97671205,0.96921486,0.95560855,0.99999994,0.9548376,0.96689814,0.9777218,0.9689661,0.9706152,0.9741156,0.9472663,0.9735065,0.96536463,0.9732939,0.9666006,0.9696766,0.9672774,0.974356,0.9676318,0.9770844,0.9644594,0.98548377,0.97762424,0.9690198,0.9744706,0.9754525,0.97646147,0.9521149,0.95693284,0.9656397,0.95812416,0.97360295,0.96836734,0.97654927,0.952628,0.97244686,0.97453755,0.97048813,0.97122616,0.9671731,0.9622122,0.98548377,0.96788216,0.9699497,0.9693655,0.9780742
secretlifeofpets,0.94618523,0.9335807,0.9503861,0.9422032,0.9629929,0.97257686,0.955417,0.9417995,0.9653527,0.9483755,0.9440282,0.94292927,0.9515583,0.9542294,0.95376456,0.9509218,0.9524939,0.948944,0.94753164,0.9453684,0.9576723,0.9549482,0.9618042,0.9518245,0.9596433,0.8758236,0.9336392,0.9581412,0.95725375,0.94892716,0.94074243,0.96353877,0.9539014,0.9528193,0.9247081,0.9392707,0.95346946,0.9421257,0.9490984,0.9553267,0.9464927,0.9707484,0.9385007,0.96341187,0.9538945,0.94384426,0.95679194,0.9506111,0.95672834,0.96180034,0.9559445,0.961881,0.9557081,0.9348195,0.9170772,0.96117604,0.9317379,0.95400155,0.9496722,0.9493201,0.93734807,0.9500497,0.94268805,0.9676226,0.9595125,0.94369745,0.94108635,0.96249497,0.94830424,0.9433837,0.95093,0.6774393,0.940954,0.95210147,0.940817,0.91321534,0.90953124,0.9261853,0.94299084,0.94671893,0.9533131,0.9508317,0.9532957,0.9426588,0.94692296,0.93025017,0.9407994,0.94572437,0.9369061,0.96112955,0.93783754,0.95093,0.94369775,0.9444018,0.9504326,0.95890296,0.9363504,0.9427216,0.93544453,0.93910974,0.9478125,0.96089375,0.94077975,0.95252824,0.9369476,0.9576553,0.95075136,0.96330774,0.9385523,0.953807,0.937747,0.81042886,0.949427,0.91848093,0.9469308,0.9361884,0.95520025,0.9373505,0.9591316,0.9492872,0.95911956,0.9415895,0.9548376,1.0000001,0.9451515,0.9478975,0.9392871,0.9477286,0.94660443,0.94515324,0.9403245,0.94211483,0.9520439,0.937084,0.9532918,0.9466472,0.9620326,0.9447356,0.9487924,0.94774806,0.9653527,0.96121955,0.94036126,0.9598766,0.9539274,0.9553265,0.94289666,0.9445,0.9569298,0.95619977,0.94834244,0.95471805,0.9364516,0.929512,0.93546486,0.938663,0.96174973,0.942015,0.94575036,0.94601166,0.9653527,0.9494318,0.9499852,0.9691071,0.95024115
serenityfilm,0.9697997,0.9549892,0.9646088,0.96731776,0.9696739,0.9616089,0.974762,0.9733462,0.98140013,0.9582854,0.963811,0.96374893,0.9701454,0.9758859,0.9789534,0.9708502,0.96742785,0.9716062,0.9702987,0.97185445,0.9764593,0.9598202,0.976333,0.97071916,0.962717,0.87213624,0.9688654,0.9665291,0.96592915,0.962891,0.96952826,0.97438186,0.9627788,0.9652983,0.9290219,0.9248063,0.96425635,0.96813464,0.9710935,0.9820681,0.95219064,0.97148573,0.95130676,0.9610904,0.97936136,0.96969646,0.9695256,0.9610536,0.9616201,0.9587249,0.96507454,0.96903527,0.96323794,0.93743217,0.95292306,0.9722036,0.9491259,0.9771849,0.96172076,0.9716481,0.96253127,0.95558476,0.9706754,0.97085464,0.9586674,0.9726399,0.9638982,0.96920866,0.9634954,0.95141983,0.9735364,0.6518399,0.95444715,0.9668895,0.94848764,0.9630498,0.9427757,0.9529755,0.96298665,0.9564716,0.9641762,0.9684628,0.9671172,0.95268744,0.9628254,0.9578069,0.9548422,0.9662699,0.9648959,0.9727484,0.9703784,0.9735364,0.9500747,0.9575045,0.9599622,0.9709911,0.9556946,0.9655875,0.970998,0.9596219,0.9668073,0.9709521,0.94640887,0.96375114,0.96071863,0.9586211,0.97181916,0.96175075,0.9604861,0.96606266,0.9693035,0.8317004,0.9760537,0.9063045,0.9634359,0.9620405,0.97024226,0.9556276,0.97495943,0.971205,0.9615922,0.9675838,0.96689814,0.9451515,0.99999994,0.95981234,0.9606515,0.9595756,0.9719992,0.93282014,0.97115946,0.9616808,0.9671167,0.951465,0.97052044,0.9591574,0.9681288,0.9600926,0.97662675,0.9604814,0.98140013,0.96388954,0.96302694,0.9706156,0.9668695,0.97251815,0.9686878,0.94392276,0.95847386,0.958873,0.9713031,0.9623265,0.96630883,0.9513528,0.965017,0.95980006,0.9572609,0.9671754,0.96773964,0.9628579,0.98140013,0.9577011,0.9748318,0.9651807,0.96309316
shaftmovie,0.97491205,0.97446585,0.96401155,0.9617694,0.9692128,0.9717123,0.97555304,0.96899396,0.9861457,0.9730673,0.9703122,0.9636203,0.97541153,0.9710437,0.9738239,0.9722329,0.9779927,0.9678029,0.9731442,0.9682937,0.97329926,0.9775513,0.9737657,0.9716227,0.9696672,0.85423446,0.95799077,0.9749287,0.97844934,0.9709839,0.9654651,0.96718997,0.97192734,0.95921975,0.9420748,0.9335117,0.98002285,0.9713016,0.97381395,0.9680384,0.96208787,0.9670444,0.9603354,0.9690412,0.9728268,0.97236234,0.9743494,0.9658586,0.9579234,0.96935123,0.9796617,0.97833437,0.96726125,0.96241105,0.96072274,0.96421605,0.95918083,0.96912163,0.9786648,0.96484244,0.96065754,0.96292764,0.9608262,0.9734264,0.97010976,0.9668892,0.9601894,0.97853935,0.96663606,0.94875515,0.9757986,0.6612691,0.95741296,0.9722353,0.95156366,0.95712787,0.9490881,0.96269846,0.97656184,0.9713464,0.9641931,0.9736527,0.9720967,0.96881187,0.9766239,0.9619565,0.9593911,0.9692962,0.9680822,0.9666139,0.9665231,0.9757986,0.96726906,0.9753694,0.9836008,0.9787118,0.9564717,0.97037226,0.96242875,0.95410144,0.96984875,0.97070026,0.9670634,0.9778624,0.969311,0.9791931,0.9739597,0.9639801,0.96724254,0.96722686,0.9654586,0.8197005,0.9751809,0.91192925,0.96362215,0.9649222,0.9728391,0.96025884,0.9750181,0.97336763,0.97337335,0.9620619,0.9777218,0.9478975,0.95981234,0.9999999,0.975625,0.9674129,0.9651734,0.93575096,0.97245747,0.9659903,0.9734422,0.96168125,0.97554195,0.9771484,0.97249293,0.9673092,0.9741058,0.969593,0.9861457,0.97658974,0.9650657,0.974681,0.98323,0.97320426,0.953815,0.9574832,0.96493316,0.95817435,0.9735902,0.9628279,0.97597885,0.9585622,0.9656661,0.96692866,0.9653953,0.9710497,0.9730775,0.9693412,0.9861457,0.9771568,0.97443193,0.9662316,0.9799153
shazammovie,0.9695274,0.97064006,0.9623584,0.95376337,0.96647906,0.96604466,0.96373,0.9614423,0.9821926,0.96770465,0.96397436,0.95771885,0.97819245,0.96965176,0.9710213,0.97319776,0.9655573,0.95983547,0.96585184,0.9631635,0.97293836,0.9642259,0.9614434,0.9676629,0.9701036,0.8459802,0.95310086,0.966099,0.96708196,0.967218,0.96046746,0.9638893,0.9605317,0.94966507,0.93760496,0.92500407,0.9749997,0.9664326,0.96890676,0.9644452,0.9518427,0.9648826,0.95957845,0.96542436,0.9716219,0.97086793,0.95941883,0.96054333,0.944663,0.9689119,0.96811306,0.97067255,0.9663046,0.9541687,0.95109755,0.95730406,0.95231074,0.9613577,0.9627698,0.9610671,0.96157706,0.9645033,0.959074,0.9663849,0.9606439,0.9649181,0.9702559,0.97099835,0.95997727,0.93741024,0.9680331,0.6374893,0.94346887,0.9738842,0.94870406,0.9532383,0.92173195,0.9633463,0.972078,0.95305103,0.95674914,0.9642502,0.9668693,0.9600517,0.96662766,0.96116716,0.958683,0.97870433,0.9602543,0.9597893,0.96344364,0.9680331,0.95941275,0.9691056,0.9698266,0.96009016,0.9614181,0.9537136,0.9600117,0.9544614,0.9684606,0.9668727,0.9525793,0.967311,0.9718244,0.9679224,0.9684648,0.9677254,0.964342,0.9701907,0.96086407,0.7916253,0.9691139,0.89035964,0.9662493,0.9663766,0.96768117,0.9559326,0.9729362,0.9594889,0.960113,0.95684606,0.9689661,0.9392871,0.9606515,0.975625,1.0,0.95498234,0.953776,0.9455473,0.97335774,0.95486677,0.9670224,0.9488071,0.9726009,0.96353453,0.9656218,0.9603775,0.9691853,0.96109575,0.9821926,0.9648832,0.97007495,0.96953666,0.9692449,0.9712362,0.9476853,0.95187867,0.9629748,0.9577546,0.96956664,0.9616122,0.96937096,0.9544735,0.95729995,0.96606004,0.9485273,0.96029115,0.9704536,0.96642756,0.9821926,0.9584103,0.97368586,0.95655686,0.9660309
spidermanmovie,0.9596646,0.9552431,0.96743244,0.9478711,0.96134067,0.9685908,0.96543664,0.9485513,0.9740524,0.9602796,0.9585869,0.9648548,0.9604209,0.9648804,0.960856,0.9625119,0.951484,0.9676952,0.9683157,0.9571411,0.96933466,0.9797299,0.95956504,0.96395284,0.96082205,0.8545696,0.9454362,0.95572513,0.97545016,0.9557026,0.9636993,0.9624671,0.9663722,0.9679613,0.9246748,0.91859794,0.962915,0.95449525,0.975443,0.96892965,0.94981253,0.96827954,0.9478798,0.9558879,0.96872747,0.95873445,0.95610076,0.955327,0.9608148,0.9564021,0.98661083,0.97370225,0.9564868,0.93755454,0.9458082,0.95917624,0.9356735,0.9574315,0.9534961,0.95564735,0.9547576,0.9535654,0.9557102,0.96707624,0.9620086,0.9500097,0.9573949,0.967847,0.95350957,0.94642425,0.96871126,0.6542085,0.93359715,0.9611076,0.94987816,0.95173854,0.9376111,0.95119745,0.9570083,0.962934,0.9526555,0.96941835,0.9599943,0.96243733,0.97418416,0.95919514,0.9408545,0.95572454,0.96048236,0.96070135,0.9576072,0.96871126,0.9410674,0.9512729,0.97039974,0.96817464,0.94665855,0.96153194,0.95501745,0.95336384,0.9511155,0.96671385,0.97438806,0.9675944,0.9527662,0.9799027,0.9599982,0.9675876,0.95756316,0.96225506,0.9472487,0.8250009,0.96331704,0.8944044,0.9581844,0.9559724,0.96252924,0.9606788,0.9618482,0.96340585,0.96385187,0.94359577,0.9706152,0.9477286,0.9595756,0.9674129,0.95498234,1.0,0.97387975,0.9414577,0.957686,0.96746004,0.951556,0.94290006,0.95276517,0.9597272,0.9640402,0.9589225,0.9704999,0.95242524,0.9740524,0.97394264,0.95234436,0.9690884,0.968171,0.96186817,0.9358757,0.9373862,0.9639881,0.94244814,0.9644603,0.95616645,0.9493217,0.9471781,0.9550311,0.9505432,0.9560445,0.9627451,0.9517941,0.9472456,0.9740524,0.95813674,0.96651125,0.9536688,0.9823312
spiesindisguise,0.9772094,0.9550882,0.9719562,0.96953404,0.9749127,0.9617716,0.97001344,0.9557518,0.9785554,0.9697727,0.9610502,0.96146965,0.9685235,0.9698663,0.9749889,0.96639884,0.96186274,0.9790233,0.97495437,0.96095353,0.969581,0.9681791,0.97417873,0.97093123,0.96285295,0.86113054,0.9721473,0.96964765,0.96896094,0.95942837,0.96605194,0.97101563,0.96360177,0.9657193,0.919239,0.9125163,0.958951,0.9676996,0.9742455,0.97457516,0.95190465,0.97531587,0.93905604,0.96037316,0.97409266,0.96471107,0.96599114,0.96476525,0.9659747,0.96596867,0.9749426,0.9782249,0.95894855,0.9386487,0.9628434,0.98016685,0.94081897,0.97024065,0.9646123,0.9634797,0.95096344,0.9698521,0.9699157,0.9656375,0.9614625,0.9661496,0.9714932,0.97795546,0.96424526,0.94614923,0.9747557,0.6441121,0.9344927,0.96628815,0.95578563,0.96139187,0.94059205,0.9476464,0.9575628,0.960918,0.9600088,0.97151047,0.9587412,0.95449847,0.96854675,0.9532237,0.95553136,0.9671715,0.9698171,0.9713991,0.9581468,0.9747557,0.9515802,0.95397824,0.9663319,0.97920275,0.9481659,0.9652821,0.95703596,0.96802235,0.9508618,0.9724162,0.9704838,0.96867436,0.964075,0.9694134,0.97149336,0.95347434,0.9624306,0.96401376,0.96737796,0.8220643,0.9674214,0.8901251,0.9587738,0.9646965,0.9806246,0.9618455,0.9704565,0.9698841,0.95813864,0.95096004,0.9741156,0.94660443,0.9719992,0.9651734,0.953776,0.97387975,0.99999994,0.9253105,0.96230143,0.98107845,0.9670047,0.9507354,0.9562395,0.95159465,0.9741331,0.97165763,0.9699316,0.9528633,0.9785554,0.9662758,0.94594693,0.9677691,0.9629527,0.9747863,0.95263094,0.9369885,0.9576566,0.96494687,0.97092783,0.9602608,0.95852786,0.95763177,0.97404754,0.9566668,0.96127164,0.9688546,0.9539967,0.95754635,0.9785554,0.96005154,0.97290075,0.96680856,0.9731067
starwars,0.94000447,0.93267655,0.94380444,0.93248576,0.9471244,0.96110904,0.949194,0.92866445,0.96213084,0.9429561,0.94740224,0.93670905,0.9378771,0.95435387,0.9476131,0.9431038,0.9311928,0.947425,0.9550116,0.94799125,0.9641916,0.94303685,0.93800014,0.9481608,0.9533634,0.8691464,0.922718,0.95059437,0.9460845,0.9414878,0.94637656,0.9536538,0.9472428,0.93787587,0.92032063,0.92067885,0.9536233,0.9429108,0.9407034,0.9495089,0.93824023,0.95132643,0.9622706,0.9528967,0.95490026,0.95282865,0.9386543,0.9479619,0.93105865,0.947918,0.9459394,0.9473052,0.94403464,0.92407984,0.91569746,0.9383695,0.9401506,0.9467842,0.9298424,0.93978345,0.9333905,0.93639964,0.93351126,0.94968015,0.9404714,0.93832797,0.93646,0.94000465,0.93394905,0.9408631,0.9511267,0.6228346,0.93948853,0.9584925,0.94517684,0.9213501,0.90311277,0.9516672,0.9481043,0.938718,0.9500702,0.9357086,0.9552948,0.9517902,0.9537637,0.9466099,0.9419803,0.9341478,0.9397802,0.95659703,0.93939817,0.9511267,0.93013686,0.9426554,0.94413906,0.9453573,0.94017786,0.94237125,0.9502218,0.9362941,0.95563465,0.9414105,0.9342319,0.9480427,0.9524284,0.94751734,0.94130236,0.9642553,0.9576785,0.9504328,0.9406017,0.8031956,0.9504371,0.8826245,0.9628856,0.94147944,0.9426933,0.94394326,0.9562999,0.94683325,0.94214815,0.9332158,0.9472663,0.94515324,0.93282014,0.93575096,0.9455473,0.9414577,0.9253105,0.9999998,0.9568703,0.9283941,0.9353776,0.93607247,0.9410601,0.93903285,0.94652736,0.9364787,0.95711124,0.96040547,0.96213084,0.9471913,0.9559532,0.95641047,0.9488893,0.940198,0.91793793,0.93833596,0.9478347,0.9405928,0.9428352,0.9436058,0.93738294,0.93292385,0.92343014,0.9447959,0.9405333,0.9441273,0.9443037,0.93864954,0.96213084,0.9400046,0.95057446,0.9438707,0.94679976
stormboymovie,0.96912265,0.96495724,0.9679651,0.9625716,0.9702881,0.96583706,0.97481686,0.96856254,0.9859738,0.96813446,0.9790017,0.9560742,0.9714202,0.9751193,0.9790085,0.967662,0.97176564,0.9741649,0.97930485,0.9783861,0.9844154,0.96669847,0.9721432,0.97373617,0.96973073,0.85170496,0.96805704,0.97598034,0.97024894,0.9712892,0.9733866,0.9660037,0.96587294,0.9617108,0.9360216,0.9371856,0.9724409,0.97145635,0.96742624,0.9691825,0.9567591,0.9688051,0.9629077,0.97101957,0.9839206,0.9720368,0.9698527,0.96586657,0.9512249,0.9653606,0.97080415,0.97021544,0.9664725,0.9591434,0.9533619,0.9620679,0.96519834,0.974503,0.9645489,0.9715372,0.9593599,0.95991445,0.9711705,0.9670891,0.96379596,0.9736446,0.96263146,0.96972513,0.97466224,0.9588109,0.9777956,0.64025444,0.95508206,0.9717205,0.96444076,0.954579,0.93467486,0.96946734,0.97131354,0.958362,0.97327554,0.9611211,0.97366595,0.9621503,0.9742242,0.96694803,0.9656267,0.9707499,0.9606276,0.9707217,0.962335,0.9777956,0.9592991,0.9739159,0.9688737,0.97895753,0.9714079,0.96725464,0.96578443,0.96071,0.9713182,0.96628517,0.9592604,0.97657216,0.9711353,0.9683124,0.96913904,0.9698635,0.9769885,0.9601731,0.9730752,0.82857966,0.9770338,0.8994418,0.973474,0.9783834,0.97046036,0.9679282,0.97820073,0.9733967,0.9588644,0.96861213,0.9735065,0.9403245,0.97115946,0.97245747,0.97335774,0.957686,0.96230143,0.9568703,1.0,0.96370935,0.97696453,0.9666739,0.9741854,0.9698301,0.97123885,0.9622446,0.9794435,0.969936,0.9859738,0.9672949,0.9662466,0.97607833,0.97097874,0.97562546,0.9612329,0.9524346,0.9680819,0.9670251,0.9685949,0.96334296,0.9691218,0.9601997,0.96405685,0.97138506,0.9571425,0.9678874,0.976447,0.9668268,0.9859738,0.96876127,0.97502226,0.97082955,0.96802783
stubermovie,0.9707657,0.95864296,0.9614266,0.9668054,0.96721613,0.954075,0.96350545,0.95377153,0.97767866,0.9668717,0.96592534,0.95969784,0.9714737,0.97097003,0.97261983,0.96225655,0.96062225,0.9762771,0.9758524,0.9606822,0.97101086,0.96826684,0.9711025,0.9736453,0.96106935,0.88450575,0.96604127,0.9704602,0.9695844,0.9578521,0.96828324,0.9716656,0.95924026,0.9684919,0.92829674,0.9352014,0.9661891,0.9631026,0.96056086,0.97200656,0.95926195,0.9746823,0.9383319,0.96595085,0.973,0.96249896,0.9704869,0.96287113,0.9575762,0.9698104,0.97708005,0.97529083,0.9605003,0.9582922,0.95095706,0.97159284,0.9630953,0.9650899,0.96474445,0.96403694,0.95533013,0.96379143,0.97507995,0.9672029,0.9666727,0.97010267,0.96079993,0.9745115,0.9689395,0.9528747,0.9755655,0.65896904,0.94211215,0.96434134,0.951441,0.9669692,0.9214526,0.96297693,0.9649353,0.9567051,0.9561714,0.9668661,0.9669693,0.9456769,0.9687338,0.94966984,0.9611783,0.973961,0.9639377,0.9661383,0.95961326,0.9755655,0.9604526,0.9690856,0.9767931,0.97603756,0.95945275,0.96881515,0.95291287,0.9623952,0.9586397,0.97000086,0.97149664,0.9777698,0.96939164,0.9745842,0.96760577,0.95445275,0.9635104,0.9596736,0.9654142,0.83060193,0.9676015,0.90138817,0.9599603,0.9720224,0.9747904,0.96056145,0.96712285,0.9657538,0.95973265,0.95693326,0.96536463,0.94211483,0.9616808,0.9659903,0.95486677,0.96746004,0.98107845,0.9283941,0.96370935,1.0,0.9712478,0.9514117,0.9591119,0.9554529,0.96894515,0.9747049,0.9712164,0.9581227,0.97767866,0.96589917,0.95105004,0.9693193,0.96183586,0.97132427,0.9559027,0.9388109,0.96692884,0.96398485,0.9619702,0.961156,0.9590043,0.95707184,0.9653592,0.95253605,0.9614607,0.96389896,0.9618926,0.9593624,0.97767866,0.95887905,0.96780753,0.95971024,0.97265834
taosdfilm,0.9723674,0.96715987,0.9675968,0.96417016,0.9735995,0.961094,0.97474885,0.96178925,0.985609,0.976126,0.976325,0.9629612,0.9770193,0.9754224,0.97651565,0.97332025,0.98520947,0.97785926,0.9781809,0.9699042,0.9761355,0.96281564,0.9781278,0.9790246,0.969234,0.86404145,0.96921694,0.9834734,0.9666518,0.97196484,0.9690256,0.97274935,0.9727444,0.95924795,0.9296635,0.934168,0.97123194,0.9685196,0.9584943,0.9700011,0.9602496,0.97374296,0.9547861,0.974203,0.9746487,0.9729643,0.97214985,0.96604633,0.9586166,0.974145,0.9693344,0.97300225,0.9703172,0.9589476,0.95029294,0.9789247,0.96813744,0.97278655,0.97539705,0.97868484,0.9667507,0.9707266,0.97248155,0.9695164,0.9608037,0.96885824,0.968717,0.9742197,0.97258735,0.9493737,0.9825428,0.6768426,0.9596124,0.9687024,0.9605684,0.9586437,0.93303376,0.9632067,0.9707637,0.95405626,0.9700461,0.9677664,0.96661687,0.9630396,0.9634735,0.9627226,0.959858,0.9729951,0.969891,0.97054183,0.96394545,0.9825428,0.9724466,0.9808359,0.97337204,0.9732688,0.96787673,0.96767306,0.96098125,0.96153253,0.97322553,0.9631348,0.9586717,0.9800789,0.9749756,0.9668516,0.9721337,0.96316755,0.96768135,0.9613624,0.97590816,0.8424301,0.9778896,0.9101312,0.9667235,0.9750911,0.97675025,0.96666414,0.97864825,0.96969426,0.9621662,0.96766543,0.9732939,0.9520439,0.9671167,0.9734422,0.9670224,0.951556,0.9670047,0.9353776,0.97696453,0.9712478,0.99999994,0.9640599,0.9707812,0.96474016,0.971643,0.9682707,0.9785579,0.9621423,0.985609,0.96798927,0.9669828,0.97407085,0.97279763,0.97782874,0.9563356,0.94455254,0.9664887,0.9648655,0.9687825,0.9683501,0.9619667,0.9607108,0.97041243,0.9692343,0.9702124,0.96992266,0.97556555,0.9694969,0.985609,0.97033477,0.97538614,0.97506297,0.96814626
teenspiritmov,0.9611132,0.9408879,0.9482989,0.9562077,0.9560658,0.962813,0.9582307,0.9624691,0.970469,0.95744336,0.9666329,0.95332,0.9494095,0.95231134,0.9570457,0.9456916,0.963424,0.9593872,0.9534792,0.9546674,0.9595828,0.9556876,0.9679753,0.96058625,0.9482665,0.84914213,0.957079,0.9618232,0.9544396,0.9629722,0.9474977,0.95182663,0.94962674,0.9428566,0.92114586,0.9264737,0.96471334,0.9578446,0.95275635,0.9557112,0.93566924,0.9541462,0.9558624,0.9666198,0.9539934,0.95897514,0.96937937,0.9486538,0.948621,0.95558155,0.9588606,0.9556092,0.9496657,0.9397225,0.9449199,0.9494058,0.9558996,0.96440256,0.9497739,0.9554001,0.9474017,0.9411129,0.9486255,0.94665176,0.9508532,0.95109093,0.9484854,0.95424676,0.9566736,0.9397616,0.9649049,0.6325398,0.9445461,0.95543003,0.94486195,0.9474373,0.9183022,0.96180564,0.9525694,0.94936144,0.9579906,0.9590931,0.94251496,0.94620174,0.94731313,0.95094526,0.95441025,0.95481336,0.9462909,0.95914507,0.9429756,0.9649049,0.9495817,0.9555945,0.9546483,0.9595466,0.9468555,0.95333964,0.9400093,0.9515694,0.9665354,0.96074116,0.95315576,0.96509373,0.9526207,0.955823,0.96017015,0.94410944,0.95032656,0.94598734,0.9647815,0.7844531,0.9578827,0.89116365,0.9527025,0.9692032,0.96303385,0.94391596,0.95631784,0.95334464,0.9399427,0.962407,0.9666006,0.937084,0.951465,0.96168125,0.9488071,0.94290006,0.9507354,0.93607247,0.9666739,0.9514117,0.9640599,0.99999994,0.9639277,0.9563665,0.9575496,0.9566139,0.9657781,0.95221335,0.970469,0.9572862,0.96035564,0.95276946,0.952066,0.96063757,0.9350687,0.9409308,0.95302945,0.9436025,0.9543412,0.9491358,0.9496462,0.94540447,0.9528192,0.9603126,0.9650289,0.9568443,0.96586925,0.9565656,0.970469,0.95670635,0.95307904,0.9622416,0.95527697
terminator,0.96616155,0.9681786,0.9637435,0.9621627,0.9761657,0.9755991,0.9723404,0.9673026,0.98463833,0.97210425,0.97142625,0.96054906,0.97592586,0.9757213,0.9735209,0.96730393,0.9757016,0.9659295,0.96960294,0.9645933,0.9742075,0.9654406,0.97606933,0.97084385,0.97082233,0.87154156,0.9607801,0.9704113,0.973252,0.96631706,0.97029936,0.96762544,0.9652148,0.966126,0.94468486,0.93579453,0.97607505,0.9629982,0.9689958,0.9675691,0.95721674,0.9708661,0.9566859,0.9730898,0.97600245,0.9701349,0.97351825,0.9636312,0.95808434,0.9685482,0.9705052,0.97255224,0.9735163,0.95935184,0.94652724,0.9599417,0.9551685,0.98265845,0.9681324,0.97028786,0.96285677,0.95852196,0.96237916,0.9704461,0.9727402,0.97632766,0.95955753,0.97387516,0.96995175,0.945804,0.977933,0.6292691,0.94946766,0.9710197,0.9555949,0.9506786,0.93541306,0.96825415,0.9674638,0.9647216,0.9700981,0.9721792,0.9668299,0.95988953,0.969966,0.9638732,0.96908826,0.9724924,0.9615812,0.9688751,0.9560563,0.977933,0.9707873,0.9719591,0.971326,0.9700994,0.96795726,0.95399964,0.95814794,0.9598778,0.97340304,0.97135985,0.9582287,0.97545207,0.9729453,0.96855754,0.9783733,0.96433514,0.9593371,0.9674342,0.9778456,0.7956883,0.977507,0.903669,0.97272545,0.972508,0.967057,0.96075475,0.97573835,0.96716535,0.9620054,0.97392416,0.9696766,0.9532918,0.97052044,0.97554195,0.9726009,0.95276517,0.9562395,0.9410601,0.9741854,0.9591119,0.9707812,0.9639277,0.9999999,0.9640724,0.9702398,0.9668359,0.97686136,0.9618326,0.98463833,0.96752757,0.96799046,0.9729321,0.967738,0.97622,0.9645596,0.9514873,0.9659847,0.956682,0.9759747,0.9633382,0.96891475,0.9596263,0.9636258,0.9620626,0.9670628,0.97150135,0.9746327,0.98055,0.98463833,0.9654617,0.97270316,0.9752654,0.9669455
theaeronautsmov,0.96350414,0.9626973,0.9592833,0.9576968,0.95674855,0.96450114,0.9613686,0.9653022,0.97898155,0.9624189,0.9677299,0.94962394,0.96829724,0.95731616,0.96604806,0.9664928,0.96545976,0.9588844,0.96661705,0.9660184,0.96747833,0.9597981,0.96998966,0.97009337,0.9651216,0.83120847,0.9452152,0.96684265,0.9667426,0.9889592,0.957525,0.95892423,0.96609956,0.95943815,0.9422325,0.9292879,0.9687074,0.9653995,0.9607943,0.9646778,0.95015013,0.9580423,0.9570997,0.9608902,0.9701581,0.9707856,0.9738249,0.9647891,0.94846237,0.95885813,0.969185,0.96362376,0.965399,0.9547223,0.9495805,0.9535787,0.9549569,0.9600499,0.95964,0.9657115,0.9602112,0.94725686,0.9530765,0.9678915,0.95623535,0.95533323,0.95367706,0.968958,0.9603591,0.9478121,0.9689623,0.653002,0.96183336,0.9637115,0.94773555,0.9446671,0.9303153,0.96368176,0.96021587,0.97084177,0.9629702,0.9627494,0.9663083,0.9616272,0.9667806,0.96005267,0.9507031,0.9600838,0.96144027,0.9585927,0.96554404,0.9689623,0.9557248,0.96982974,0.9677859,0.9710612,0.9533696,0.9672377,0.94680196,0.94011,0.9719546,0.9597311,0.9566457,0.9736181,0.9587453,0.9680743,0.9604566,0.967686,0.96144766,0.95567214,0.9533914,0.82991004,0.9703827,0.90882164,0.95649856,0.96127933,0.96386313,0.95188254,0.9728632,0.95962363,0.9651797,0.9555658,0.9672774,0.9466472,0.9591574,0.9771484,0.96353453,0.9597272,0.95159465,0.93903285,0.9698301,0.9554529,0.96474016,0.9563665,0.9640724,0.9999999,0.9631528,0.9597624,0.9675313,0.96930593,0.97898155,0.96568334,0.96923107,0.9649433,0.9795128,0.96514094,0.9476416,0.9556443,0.9585067,0.9527093,0.95362103,0.9588033,0.9682892,0.9429566,0.96195364,0.9644908,0.9662527,0.96098363,0.97392845,0.96397096,0.97898155,0.96108145,0.9684767,0.9647429,0.9754986
thebestofenemies,0.9854741,0.9636427,0.9726562,0.9621693,0.97433096,0.9721248,0.97367674,0.9613583,0.98659766,0.9761318,0.96292573,0.96671516,0.97198474,0.9742547,0.98318386,0.97075343,0.9713769,0.9662662,0.96940565,0.9718124,0.97332907,0.9802114,0.97937995,0.9769078,0.97895324,0.86907756,0.9645338,0.9772693,0.9782202,0.9648385,0.96407104,0.9741146,0.96947134,0.96291864,0.9359929,0.9407743,0.9721744,0.974852,0.96711546,0.9712089,0.95788556,0.9791546,0.95981586,0.97032046,0.980463,0.97465646,0.9756899,0.96779275,0.9580123,0.97190106,0.9799043,0.9793642,0.9712227,0.9543488,0.9465712,0.97089773,0.95314676,0.9769416,0.96050394,0.9751155,0.95821387,0.9627759,0.9719014,0.9686463,0.97086245,0.9743197,0.96514416,0.98010135,0.9689799,0.96586215,0.9824207,0.65251493,0.948627,0.973558,0.969064,0.9500489,0.9424236,0.96089596,0.9635762,0.97468424,0.9757535,0.9695628,0.9628304,0.9599275,0.971753,0.9596447,0.9629465,0.96983176,0.97163945,0.9774076,0.9632299,0.9824207,0.9641574,0.9684724,0.97540605,0.9736071,0.96090084,0.965759,0.96250284,0.96992713,0.97050667,0.97677225,0.9697949,0.9776885,0.9732978,0.9780475,0.97995025,0.96379334,0.97010845,0.9662994,0.9718505,0.81579816,0.9652342,0.9006879,0.97563624,0.9692894,0.99009925,0.9714534,0.9764756,0.9694469,0.96236587,0.95914966,0.974356,0.9620326,0.9681288,0.97249293,0.9656218,0.9640402,0.9741331,0.94652736,0.97123885,0.96894515,0.971643,0.9575496,0.9702398,0.9631528,1.0000001,0.9688348,0.98043597,0.96185344,0.98659766,0.9795312,0.9582638,0.97333765,0.9705918,0.96916413,0.9562457,0.95609146,0.96184325,0.97894025,0.9740652,0.9715677,0.96678823,0.9649205,0.9680846,0.97139984,0.97178406,0.9778329,0.9684565,0.9621041,0.98659766,0.96790874,0.9712989,0.9719385,0.9798314
thedeaddontdie,0.97992307,0.9514224,0.96667194,0.974503,0.96832323,0.9614192,0.9656781,0.9545524,0.9787797,0.97250056,0.96917033,0.9611013,0.9645631,0.96101904,0.97292,0.9658595,0.97177935,0.9696788,0.9767281,0.9635524,0.96666753,0.96231335,0.9767299,0.96479404,0.9599947,0.86167073,0.9562803,0.9726836,0.9677774,0.9635586,0.96250695,0.97470677,0.96291405,0.97098094,0.93670446,0.9292853,0.9691723,0.9624583,0.9660206,0.975159,0.9509181,0.9696799,0.95155656,0.9600934,0.9693303,0.9667581,0.97197276,0.9588286,0.957104,0.9681163,0.9715702,0.98367155,0.9705456,0.9525631,0.96301526,0.96644354,0.96402204,0.9707839,0.96571475,0.96500385,0.9597398,0.96647763,0.96467155,0.96917355,0.9727925,0.9659564,0.95941234,0.981593,0.9580572,0.94299287,0.97207606,0.65965986,0.9373823,0.9736798,0.9518681,0.95688707,0.9248134,0.9655391,0.96494687,0.9640893,0.9555564,0.96608126,0.9557519,0.9583233,0.9674286,0.9504701,0.95285654,0.964434,0.9648514,0.96522146,0.96041864,0.97207606,0.96496683,0.9695446,0.97260326,0.9716683,0.94462967,0.9675145,0.9490245,0.95456105,0.9646413,0.9636488,0.9628285,0.9730344,0.9567206,0.9706908,0.975115,0.9617455,0.96205616,0.97274035,0.964512,0.8245777,0.9751024,0.890836,0.9680687,0.96920264,0.97689986,0.9646711,0.971525,0.96348673,0.9595865,0.9680168,0.9676318,0.9447356,0.9600926,0.9673092,0.9603775,0.9589225,0.97165763,0.9364787,0.9622446,0.9747049,0.9682707,0.9566139,0.9668359,0.9597624,0.9688348,0.9999999,0.97232366,0.95486915,0.9787797,0.9680014,0.95693004,0.96070635,0.96635544,0.9713357,0.9441861,0.9494699,0.9611337,0.95957804,0.9627188,0.9719221,0.96497595,0.95570856,0.9584378,0.96666825,0.97110754,0.96390545,0.96882236,0.97330344,0.9787797,0.96346384,0.96781754,0.9659159,0.97152907
thefarewell,0.9774416,0.9709261,0.9692184,0.96416694,0.9765564,0.9717971,0.97717035,0.9660364,0.99045444,0.97883195,0.9776323,0.97807425,0.972763,0.9832747,0.98338133,0.9751577,0.9723586,0.978175,0.97954714,0.9753492,0.98075736,0.97341794,0.977053,0.9812174,0.9763975,0.8768489,0.9702619,0.9796948,0.9745017,0.9699518,0.97659814,0.9747435,0.9755998,0.96861583,0.9264004,0.92618525,0.97807586,0.9720927,0.97364014,0.9743337,0.9613505,0.97697264,0.975198,0.97710264,0.9849029,0.9801784,0.9725895,0.9646682,0.9588821,0.9741549,0.97813284,0.97656214,0.97670805,0.9561336,0.95479536,0.9690201,0.96361095,0.9836478,0.9676238,0.98743856,0.96861774,0.9659618,0.9746413,0.97074383,0.9641517,0.97658795,0.9655008,0.97734296,0.9698165,0.96423495,0.9949002,0.6431416,0.9487177,0.9792708,0.954662,0.9600827,0.93376744,0.9722174,0.97435546,0.972075,0.97500724,0.97497565,0.9695256,0.96595854,0.97673464,0.97294825,0.9711212,0.97392935,0.9785518,0.9748452,0.96954554,0.9949002,0.9709593,0.978418,0.9761547,0.97447854,0.9716069,0.97162896,0.97120446,0.9698292,0.9793916,0.97347,0.9694704,0.9847713,0.9782452,0.97375965,0.9755667,0.96907014,0.9696906,0.9704072,0.97840923,0.82861006,0.97944,0.9022814,0.9837125,0.97465485,0.97901064,0.9707053,0.9781143,0.97610915,0.96547836,0.9702466,0.9770844,0.9487924,0.97662675,0.9741058,0.9691853,0.9704999,0.9699316,0.95711124,0.9794435,0.9712164,0.9785579,0.9657781,0.97686136,0.9675313,0.98043597,0.97232366,0.99999964,0.9679407,0.99045444,0.9717395,0.9704968,0.97662044,0.97681206,0.9770464,0.95940435,0.94365263,0.9636088,0.9626773,0.976223,0.97483826,0.9705851,0.96250886,0.97527534,0.98127383,0.9702749,0.9821473,0.9773744,0.969329,0.99045444,0.97073454,0.9782042,0.9701194,0.9767263
thehighwaymen,0.9589917,0.957261,0.94958466,0.96282786,0.9604111,0.96666735,0.9735042,0.96181273,0.98135656,0.96118385,0.97164637,0.9504763,0.9684231,0.96629757,0.9751407,0.9687186,0.9656449,0.97939646,0.9706855,0.9778121,0.97601897,0.958991,0.9673728,0.97258043,0.96193063,0.85435635,0.95522434,0.9669505,0.9601611,0.9677121,0.9611441,0.9675009,0.9655082,0.950104,0.943552,0.94015795,0.97524947,0.9658912,0.9575798,0.9717413,0.9587076,0.9586445,0.95943516,0.9688488,0.97044325,0.9767801,0.970079,0.9725148,0.95516455,0.96357864,0.95973366,0.96786314,0.96186423,0.94737375,0.94970524,0.9628963,0.96538264,0.9638826,0.9640574,0.95978194,0.9482877,0.9531169,0.9605311,0.9680383,0.96000296,0.9616729,0.9531349,0.95837885,0.9589435,0.95852995,0.9667445,0.63323164,0.9699991,0.97391546,0.9488701,0.9507828,0.93294734,0.9604868,0.9653076,0.96104354,0.96238333,0.96391904,0.97577137,0.9754408,0.96466905,0.96255237,0.96019924,0.9588014,0.96222204,0.9728054,0.9680071,0.9667445,0.95523036,0.9686427,0.9640476,0.97214466,0.95845336,0.9657489,0.9664389,0.9467008,0.9777298,0.95608294,0.9448305,0.9651277,0.971162,0.9604484,0.967468,0.9678572,0.9728326,0.9663447,0.9638794,0.83608973,0.97543585,0.9148362,0.9634476,0.9666786,0.96044695,0.9612556,0.97172725,0.97325546,0.97051316,0.96127295,0.9644594,0.94774806,0.9604814,0.969593,0.96109575,0.95242524,0.9528633,0.96040547,0.969936,0.9581227,0.9621423,0.95221335,0.9618326,0.96930593,0.96185344,0.95486915,0.9679407,1.0,0.98135656,0.95690536,0.9769971,0.9672702,0.97586346,0.9713485,0.9619135,0.9589597,0.9591515,0.9580675,0.9621186,0.9539098,0.9739073,0.93871015,0.95804906,0.95953935,0.9588042,0.9667383,0.972019,0.965115,0.98135656,0.9639303,0.9678576,0.9652447,0.9623429
thehummingbirdprojectfilm,0.98557854,0.97801924,0.9799468,0.97955567,0.98692256,0.9837214,0.9873317,0.97776043,1.0000001,0.9835578,0.98515844,0.9753846,0.9882233,0.98830044,0.9903656,0.9847128,0.9830749,0.98484874,0.9878942,0.983373,0.99034256,0.9819011,0.98677343,0.98775935,0.9817734,0.8796682,0.97744155,0.9846026,0.983607,0.98202837,0.9794427,0.9844983,0.98175514,0.9741264,0.9527397,0.9492704,0.98658705,0.9828142,0.98237944,0.9855659,0.9729873,0.98540866,0.9748084,0.9846492,0.9904625,0.9872194,0.98361826,0.9785734,0.9731807,0.98418015,0.98462194,0.9880992,0.9832492,0.9667066,0.9673954,0.9818639,0.9721182,0.9863046,0.9820619,0.98372334,0.9736385,0.9778079,0.9807795,0.9872304,0.9793483,0.98309684,0.97772,0.9871374,0.9800513,0.9655743,0.9911136,0.66209024,0.96741366,0.9844647,0.96914905,0.97042537,0.95204556,0.9751224,0.9813135,0.97756326,0.98166716,0.9835691,0.9839202,0.97786033,0.98294497,0.975089,0.9768541,0.98479027,0.98177016,0.9864401,0.98089874,0.9911136,0.97768366,0.9839798,0.9843457,0.987422,0.9775561,0.9795698,0.9775129,0.97464573,0.98473275,0.9806001,0.97393966,0.9892155,0.9840732,0.98257595,0.9852726,0.9820939,0.9801923,0.98000634,0.98248416,0.842082,0.99006355,0.9243075,0.98351485,0.98233235,0.9866618,0.9756189,0.99051905,0.9864434,0.9795108,0.97716075,0.98548377,0.9653527,0.98140013,0.9861457,0.9821926,0.9740524,0.9785554,0.96213084,0.9859738,0.97767866,0.985609,0.970469,0.98463833,0.97898155,0.98659766,0.9787797,0.99045444,0.98135656,1.0000001,0.9824291,0.98239565,0.98776627,0.98627144,0.98754287,0.9711596,0.96717256,0.9794875,0.97719616,0.98608786,0.98206645,0.98134947,0.9680111,0.9783972,0.981284,0.97979337,0.9842243,0.98548025,0.9809889,1.0000001,0.97881794,0.9885176,0.98326,0.983954
theintrudermovie,0.9750138,0.96363026,0.9727038,0.96230304,0.9748058,0.9737969,0.98020774,0.9618823,0.9824291,0.97582495,0.96430343,0.9651446,0.96465796,0.97196263,0.9710926,0.9654195,0.96816635,0.96534324,0.9644554,0.9620749,0.97534406,0.9922451,0.9729867,0.96973336,0.97134733,0.86435354,0.95500904,0.9704933,0.98980856,0.9604316,0.9566957,0.97357434,0.96907544,0.9681654,0.94031245,0.93974257,0.97456014,0.9681087,0.9680311,0.97182953,0.9601757,0.97501063,0.96225977,0.9656311,0.9734739,0.9712855,0.9715391,0.96784765,0.95168626,0.9688867,0.98969245,0.9777354,0.9710782,0.9603892,0.94536775,0.9656256,0.94913363,0.9658529,0.96486187,0.96435153,0.96295285,0.96507704,0.96794695,0.9742252,0.9723287,0.95978934,0.9600144,0.9783061,0.9632476,0.9535729,0.97441334,0.64480793,0.9514404,0.96764594,0.95495564,0.95450735,0.9372493,0.96678627,0.9653493,0.9667809,0.9658606,0.9748252,0.959748,0.9662091,0.97099495,0.9530553,0.95221436,0.9650239,0.96078444,0.9662793,0.96498483,0.97441334,0.95784694,0.96599054,0.9797496,0.97061396,0.954637,0.9694248,0.9620645,0.95785844,0.9691266,0.9766617,0.9727159,0.97669345,0.9624854,0.99038994,0.97229946,0.9678291,0.96957463,0.97353923,0.9621599,0.8183539,0.9659644,0.9031364,0.97648716,0.96608126,0.9790922,0.959771,0.97135967,0.97347677,0.97102636,0.953825,0.97762424,0.96121955,0.96388954,0.97658974,0.9648832,0.97394264,0.9662758,0.9471913,0.9672949,0.96589917,0.96798927,0.9572862,0.96752757,0.96568334,0.9795312,0.9680014,0.9717395,0.95690536,0.9824291,1.0,0.9626761,0.9707799,0.97440475,0.9665729,0.94617206,0.95413077,0.9702932,0.961978,0.9741867,0.96396506,0.9666178,0.9627069,0.9576168,0.9629086,0.97081846,0.97071564,0.9661987,0.9578102,0.9824291,0.9634788,0.9668981,0.96709883,0.98268217
theirishmanfilm,0.956442,0.9598122,0.95538557,0.9595412,0.961925,0.97077423,0.9727216,0.9565734,0.98239565,0.96584296,0.97505236,0.9565903,0.9725013,0.96864825,0.96954817,0.9660424,0.96778315,0.9692474,0.9697285,0.96412826,0.97440606,0.95931065,0.9678409,0.97481346,0.95536953,0.85551965,0.9580196,0.9619956,0.9673459,0.9732592,0.9596709,0.9640152,0.9691077,0.94557023,0.950988,0.94239944,0.9758126,0.9617883,0.95719457,0.96874005,0.9595124,0.96027285,0.9733135,0.97244984,0.9650199,0.97942173,0.96901,0.9667675,0.9530161,0.9694989,0.9625579,0.96454823,0.9674407,0.9475214,0.9455865,0.9618981,0.9673211,0.9625644,0.95670533,0.9623752,0.96421915,0.95083475,0.9507483,0.9702339,0.95748377,0.95312494,0.9600255,0.96162766,0.9540423,0.9438404,0.96894145,0.6483759,0.96233183,0.97052574,0.95205265,0.957486,0.9391323,0.9734706,0.96375614,0.96551776,0.9616136,0.96787953,0.970156,0.97204274,0.96227914,0.95788497,0.95520043,0.96843624,0.9637213,0.96251875,0.97753143,0.96894145,0.9545327,0.96588093,0.96381444,0.96106106,0.9566266,0.9621861,0.9638804,0.95222265,0.98590153,0.94910264,0.9504432,0.9714378,0.9697532,0.9639015,0.96781564,0.9769504,0.9629032,0.9697248,0.96709955,0.8304891,0.9764592,0.9161892,0.96595484,0.9679575,0.9565666,0.9597342,0.9735083,0.9681321,0.96112144,0.96153605,0.9690198,0.94036126,0.96302694,0.9650657,0.97007495,0.95234436,0.94594693,0.9559532,0.9662466,0.95105004,0.9669828,0.96035564,0.96799046,0.96923107,0.9582638,0.95693004,0.9704968,0.9769971,0.98239565,0.9626761,0.9999998,0.9672216,0.9722354,0.971713,0.94846743,0.9595289,0.9683561,0.94333184,0.9700757,0.96256053,0.9736183,0.9375699,0.9555061,0.96384734,0.9682414,0.9638397,0.97443175,0.9663162,0.98239565,0.9590662,0.9667008,0.9625318,0.9649992
thekitchenmovie,0.96747184,0.9739253,0.97025144,0.95759463,0.97111005,0.9726456,0.9787201,0.9610956,0.98776627,0.9732239,0.9695901,0.96264434,0.97788584,0.9844166,0.97286695,0.9743535,0.9692214,0.973923,0.9770887,0.9667131,0.9822925,0.973817,0.9704849,0.9763836,0.9685023,0.87863505,0.9591298,0.97299033,0.97478956,0.9688619,0.97174287,0.97769636,0.9761494,0.9630256,0.9378525,0.94010574,0.9726334,0.969295,0.9679635,0.97686476,0.97028464,0.9795177,0.95936406,0.9751607,0.98056424,0.97236884,0.9652662,0.9648431,0.9637208,0.97641975,0.97797287,0.9775719,0.9704159,0.9625414,0.94433,0.97265226,0.9528782,0.97375613,0.96814185,0.9687212,0.9632176,0.9656866,0.9682163,0.98773605,0.9732055,0.9709569,0.9678661,0.97618043,0.9716635,0.9602507,0.97688514,0.67346525,0.9526621,0.9713109,0.9628793,0.9546103,0.9419263,0.96098804,0.9724315,0.959086,0.9725366,0.97246015,0.9794192,0.9659409,0.9749766,0.9693484,0.96231157,0.9702204,0.97223014,0.98110664,0.9631327,0.97688514,0.96473515,0.97237855,0.977,0.97715986,0.9690391,0.97010046,0.9707033,0.9661423,0.96296614,0.96704173,0.9682537,0.97802895,0.97377145,0.97755253,0.97278416,0.97846067,0.969514,0.97057146,0.9711071,0.83628213,0.9741111,0.92178243,0.97075886,0.96580625,0.9685302,0.9630653,0.9808426,0.9767764,0.96765405,0.9607602,0.9744706,0.9598766,0.9706156,0.974681,0.96953666,0.9690884,0.9677691,0.95641047,0.97607833,0.9693193,0.97407085,0.95276946,0.9729321,0.9649433,0.97333765,0.96070635,0.97662044,0.9672702,0.98776627,0.9707799,0.9672216,1.0000002,0.9800334,0.97309494,0.9587262,0.9518729,0.9801201,0.9605916,0.9732151,0.97085524,0.96156347,0.95605344,0.96567225,0.95824677,0.9604695,0.9693142,0.9698438,0.9649474,0.98776627,0.96855676,0.97803986,0.96838754,0.9742787
thelegomovie,0.97184455,0.97017395,0.9715313,0.9593843,0.9667352,0.96802384,0.9737925,0.96763563,0.98627144,0.97317487,0.96756905,0.9604021,0.9725026,0.9732977,0.97406214,0.9787045,0.9720846,0.9715852,0.97528046,0.97452456,0.97494316,0.97184384,0.971519,0.9751101,0.9663291,0.86222005,0.95407194,0.973578,0.9781831,0.97289133,0.96741086,0.97311777,0.98043287,0.9611674,0.94205856,0.93835056,0.9752045,0.97369426,0.97173464,0.97385365,0.96840465,0.9713272,0.9642263,0.97379065,0.9757616,0.98462886,0.9700716,0.96365446,0.9515043,0.97341645,0.97729087,0.97707075,0.9680633,0.9629198,0.9583293,0.97178584,0.9588949,0.9669849,0.97473145,0.97412175,0.95433486,0.96858346,0.95943916,0.978168,0.96679795,0.96511334,0.9621906,0.9747448,0.9626571,0.9536854,0.97854334,0.67444247,0.9642508,0.97449136,0.9513878,0.95753366,0.9452116,0.96593195,0.9765952,0.9728072,0.9615406,0.96906745,0.9715255,0.9761818,0.97179514,0.95604503,0.95381165,0.96402884,0.9739901,0.97181684,0.9698961,0.97854334,0.96445245,0.97532463,0.97730935,0.97193104,0.95220774,0.9716602,0.9620727,0.9501997,0.975757,0.96331877,0.9659486,0.977583,0.96657246,0.9786997,0.9730923,0.97263074,0.9693482,0.9733533,0.96465915,0.84076226,0.9770414,0.91998035,0.97076416,0.962634,0.9722166,0.9661752,0.9762105,0.9746778,0.9754742,0.9561683,0.9754525,0.9539274,0.9668695,0.98323,0.9692449,0.968171,0.9629527,0.9488893,0.97097874,0.96183586,0.97279763,0.952066,0.967738,0.9795128,0.9705918,0.96635544,0.97681206,0.97586346,0.98627144,0.97440475,0.9722354,0.9800334,1.0,0.973135,0.9522577,0.9557013,0.9650815,0.9614787,0.96917385,0.9710606,0.97590816,0.94609016,0.9680788,0.97411764,0.9650335,0.97409034,0.97162014,0.9676111,0.98627144,0.97253126,0.9753263,0.96290845,0.97618866
themustangfilm,0.97132343,0.96780187,0.96916837,0.97803795,0.9749062,0.9706247,0.9760544,0.96947247,0.98754287,0.9708786,0.97852767,0.96292,0.9811039,0.97400826,0.97665405,0.97537786,0.97583187,0.97771424,0.9823393,0.96949476,0.9818979,0.9661514,0.9813067,0.9767416,0.96705735,0.8694943,0.97865725,0.9739663,0.97504807,0.97255564,0.9722767,0.97708184,0.96811664,0.9632104,0.9522291,0.93812156,0.9747793,0.9671882,0.97076654,0.98119634,0.9587003,0.9715439,0.96149296,0.9792304,0.9775143,0.9762854,0.97757155,0.96603614,0.96745574,0.97561455,0.9706565,0.98601407,0.9697409,0.9556066,0.96387976,0.9713556,0.9582859,0.9723672,0.97725844,0.9736262,0.9617198,0.9712168,0.96786493,0.9737058,0.97602344,0.9689006,0.97126997,0.9824271,0.96820617,0.945653,0.9781438,0.6727462,0.9494243,0.97371984,0.95699346,0.9559153,0.93315804,0.96392363,0.97378725,0.9683322,0.9715126,0.9685873,0.9717099,0.9647145,0.97363627,0.96033883,0.9717634,0.9776686,0.96966124,0.97236985,0.9710724,0.9781438,0.9648827,0.9682164,0.9707948,0.9765573,0.9630569,0.9710794,0.96127063,0.96537685,0.9734216,0.97105885,0.9616867,0.9766008,0.9723255,0.96928024,0.9810878,0.9686158,0.96977943,0.9744887,0.97846323,0.8402387,0.9821399,0.92230403,0.97156924,0.97687656,0.9723506,0.9666315,0.9822503,0.9720411,0.96733886,0.9651837,0.97646147,0.9553265,0.97251815,0.97320426,0.9712362,0.96186817,0.9747863,0.940198,0.97562546,0.97132427,0.97782874,0.96063757,0.97622,0.96514094,0.96916413,0.9713357,0.9770464,0.9713485,0.98754287,0.9665729,0.971713,0.97309494,0.973135,0.9999999,0.97350794,0.9595777,0.9710578,0.96605533,0.9781989,0.97342294,0.9725623,0.9530741,0.96997005,0.96829677,0.96831757,0.97138304,0.9795973,0.9800152,0.98754287,0.965908,0.9807077,0.9753914,0.9674348
thenightingalefilm,0.9505761,0.9448449,0.94718415,0.9656446,0.95616895,0.95279074,0.95868486,0.9649443,0.9711596,0.9474208,0.96433014,0.95378137,0.96721756,0.95548433,0.97023654,0.95946926,0.954009,0.9602136,0.9563469,0.9685162,0.96675265,0.9491549,0.9624513,0.96595055,0.9541959,0.8701511,0.96209186,0.9554053,0.9580878,0.95308036,0.9535531,0.95768774,0.94272673,0.95268226,0.93436944,0.94844997,0.9622421,0.9554934,0.9529691,0.9631308,0.94419056,0.9582981,0.93893373,0.9609751,0.96523166,0.9570259,0.9581281,0.958253,0.9490764,0.95363593,0.9513238,0.9584048,0.95182776,0.9357926,0.94416785,0.9540331,0.9514426,0.9673679,0.9636303,0.95890963,0.93451285,0.94586897,0.96372104,0.9582349,0.95519114,0.9682255,0.9442433,0.957308,0.96187687,0.9468098,0.9584042,0.6562441,0.94395304,0.9555598,0.93607104,0.94470584,0.9336863,0.93971956,0.95498174,0.94802785,0.96199113,0.9447196,0.9645632,0.9384951,0.9549565,0.9383023,0.95763224,0.9671011,0.9518138,0.96106493,0.95661,0.9584042,0.95285046,0.9511634,0.9548153,0.9733272,0.9563785,0.95451546,0.9437524,0.9411099,0.96123624,0.95778495,0.9324857,0.95760685,0.95572823,0.9456928,0.9634779,0.94971544,0.951949,0.94880867,0.9595536,0.8316758,0.9645843,0.9401421,0.95482963,0.9615684,0.9551824,0.94248986,0.9639219,0.96068424,0.9555112,0.9649278,0.9521149,0.94289666,0.9686878,0.953815,0.9476853,0.9358757,0.95263094,0.91793793,0.9612329,0.9559027,0.9563356,0.9350687,0.9645596,0.9476416,0.9562457,0.9441861,0.95940435,0.9619135,0.9711596,0.94617206,0.94846743,0.9587262,0.9522577,0.97350794,1.0,0.9424694,0.95220757,0.96247977,0.9574626,0.95305985,0.96294355,0.9378782,0.9496042,0.94521224,0.94691736,0.95671886,0.96450984,0.960809,0.9711596,0.9503492,0.96570283,0.9590682,0.9421179
theprodigymovie,0.9463411,0.9342526,0.9414024,0.96452904,0.9514984,0.958361,0.9630421,0.9464862,0.96717256,0.9436488,0.95131105,0.9324105,0.9623229,0.9466044,0.948151,0.946808,0.949997,0.95015043,0.9503652,0.9476437,0.9613018,0.9507868,0.96290755,0.9500487,0.9424361,0.8505749,0.94302076,0.9490212,0.9537965,0.9514875,0.93583643,0.964476,0.9401795,0.9321251,0.9849392,0.95586956,0.9557969,0.9487079,0.9405796,0.96664655,0.9505097,0.93668795,0.9327741,0.95006627,0.9475137,0.9528506,0.9665068,0.9421861,0.9551459,0.9445352,0.9556358,0.962459,0.9441019,0.94047636,0.93513936,0.9501425,0.9388408,0.9400693,0.9416048,0.9444459,0.937847,0.9367252,0.9386421,0.96031964,0.9572077,0.93820375,0.93872356,0.9553209,0.9355413,0.93361074,0.947772,0.693244,0.951272,0.958049,0.95960426,0.93624014,0.9358439,0.9422792,0.9497082,0.9511241,0.9530715,0.94706815,0.95509887,0.95031905,0.95674354,0.9340149,0.9478552,0.9505266,0.94575626,0.9575857,0.96058106,0.947772,0.9331252,0.9434664,0.9583737,0.9569499,0.92898273,0.952393,0.94114137,0.94642216,0.9554224,0.94139487,0.9415862,0.95353675,0.9424463,0.95682544,0.9526545,0.96781653,0.95798385,0.9612768,0.9415547,0.8561825,0.95463073,0.9347423,0.9408157,0.9494792,0.9464698,0.956946,0.9631052,0.9527604,0.9550976,0.9362377,0.95693284,0.9445,0.94392276,0.9574832,0.95187867,0.9373862,0.9369885,0.93833596,0.9524346,0.9388109,0.94455254,0.9409308,0.9514873,0.9556443,0.95609146,0.9494699,0.94365263,0.9589597,0.96717256,0.95413077,0.9595289,0.9518729,0.9557013,0.9595777,0.9424694,0.99999994,0.96405953,0.9477052,0.9589124,0.9466105,0.95154923,0.92596334,0.929816,0.94750404,0.94416684,0.9529241,0.95019317,0.94749075,0.96717256,0.9605968,0.9557275,0.9547826,0.9554619
thesunisalsoastar,0.955159,0.9498751,0.95231074,0.95759696,0.96956396,0.9751646,0.9748988,0.9506613,0.9794875,0.9700071,0.9703743,0.95595425,0.9736378,0.97259414,0.96796083,0.95747477,0.96132654,0.96613914,0.9653369,0.9547035,0.97494155,0.9666611,0.9660589,0.9672602,0.956452,0.8647445,0.95197594,0.9636241,0.9683423,0.9664513,0.94984907,0.97329533,0.9690681,0.9579818,0.9552566,0.94919795,0.9647996,0.9474519,0.9595594,0.9725002,0.9772541,0.96541727,0.9508053,0.96934444,0.96440166,0.9544672,0.9642021,0.9578143,0.9593998,0.9677533,0.973367,0.9733516,0.9641452,0.96838295,0.9349266,0.9648259,0.9547876,0.956158,0.9526112,0.953028,0.9699424,0.9497462,0.9616513,0.98726547,0.9716157,0.9589857,0.9571412,0.9730096,0.961301,0.9502332,0.9649408,0.6625387,0.9454149,0.96409917,0.95821774,0.94971776,0.9405757,0.95929295,0.95764446,0.95843786,0.95825624,0.97038996,0.9711214,0.95906323,0.96577907,0.9570692,0.9539063,0.97181314,0.9556709,0.9685062,0.9655965,0.9649408,0.96150786,0.96778685,0.96712995,0.96801347,0.96203685,0.9563914,0.95583826,0.9559675,0.9614834,0.9570506,0.96341646,0.974731,0.95812756,0.9766906,0.9653995,0.9853187,0.95770866,0.96908265,0.95739704,0.85244113,0.96866435,0.9251905,0.9587883,0.96918947,0.9588271,0.9646141,0.97052574,0.97226304,0.9699235,0.95270365,0.9656397,0.9569298,0.95847386,0.96493316,0.9629748,0.9639881,0.9576566,0.9478347,0.9680819,0.96692884,0.9664887,0.95302945,0.9659847,0.9585067,0.96184325,0.9611337,0.9636088,0.9591515,0.9794875,0.9702932,0.9683561,0.9801201,0.9650815,0.9710578,0.95220757,0.96405953,1.0000001,0.9490816,0.9724569,0.96218836,0.9571853,0.951191,0.9441267,0.94815975,0.9553384,0.9534546,0.9683977,0.9609038,0.9794875,0.96707314,0.96743995,0.96391475,0.96954864
theupsidefilm,0.97674173,0.9428713,0.9616834,0.9642933,0.96835464,0.95262957,0.9599745,0.9606892,0.97719616,0.9556211,0.9591466,0.94282097,0.9671325,0.95684093,0.97424316,0.96192926,0.9559273,0.962696,0.9609171,0.9728431,0.9684577,0.9604623,0.9633166,0.9640626,0.9705661,0.8784505,0.96140367,0.964901,0.9626965,0.95263314,0.9569637,0.9700569,0.9494643,0.95417774,0.92647153,0.93495446,0.9602017,0.9757216,0.9594361,0.9653935,0.9382561,0.97371906,0.9428548,0.9675599,0.9775418,0.96845967,0.9607356,0.9592719,0.95809096,0.96874213,0.960911,0.9697469,0.95489675,0.9387292,0.9471546,0.9629415,0.95169985,0.96810794,0.9615109,0.9611616,0.93027174,0.96819097,0.97462577,0.95914096,0.9654213,0.9758226,0.9578685,0.9697625,0.9736689,0.946937,0.9681668,0.6435223,0.9460981,0.96245503,0.9549938,0.95477766,0.9217651,0.9520712,0.95946556,0.9537113,0.9643053,0.953614,0.9604915,0.94805217,0.9606104,0.941134,0.9555979,0.96643734,0.96111524,0.97246236,0.95384043,0.9681668,0.9551542,0.9592294,0.96131116,0.97071874,0.95923686,0.9581806,0.95263064,0.94707566,0.9568309,0.9741327,0.94470507,0.9647842,0.958892,0.95877194,0.9683301,0.9508906,0.9713587,0.9582843,0.95621926,0.8142013,0.96071786,0.9043551,0.964611,0.9666763,0.9829157,0.95785385,0.9686604,0.9596724,0.9594231,0.9562833,0.95812416,0.95619977,0.958873,0.95817435,0.9577546,0.94244814,0.96494687,0.9405928,0.9670251,0.96398485,0.9648655,0.9436025,0.956682,0.9527093,0.97894025,0.95957804,0.9626773,0.9580675,0.97719616,0.961978,0.94333184,0.9605916,0.9614787,0.96605533,0.96247977,0.9477052,0.9490816,0.9999999,0.9577862,0.9574411,0.9618687,0.9602536,0.9569802,0.96207404,0.95383984,0.9659597,0.9581236,0.95845383,0.97719616,0.95867395,0.96805614,0.9667123,0.9549079
tolkienmovie,0.96581376,0.9662399,0.96616286,0.9665855,0.9783563,0.9760298,0.98923,0.9570469,0.98608786,0.97172713,0.9683932,0.9632691,0.9785971,0.97751254,0.97748214,0.96464986,0.96765757,0.9698755,0.97018236,0.96270436,0.97501194,0.97481006,0.97446275,0.97051674,0.96447146,0.8603951,0.9728718,0.96666497,0.97188467,0.9592968,0.96589154,0.970886,0.967846,0.9561018,0.9476683,0.92337245,0.9733646,0.9582415,0.97814125,0.9745713,0.963421,0.9713596,0.9598345,0.97571063,0.9732167,0.97505337,0.96841776,0.96525383,0.9632538,0.9765991,0.97272986,0.9744595,0.96850145,0.95439684,0.951347,0.9719456,0.9482287,0.970625,0.96559197,0.9683775,0.9631528,0.96334785,0.9623477,0.9765626,0.9657862,0.9666288,0.9701016,0.9761282,0.9653988,0.9436806,0.9816842,0.637657,0.94409525,0.9710915,0.95764875,0.96178824,0.9538988,0.9597077,0.961089,0.9702057,0.97075474,0.98011863,0.9663601,0.96016204,0.9693556,0.97013146,0.96938664,0.9776693,0.9739483,0.97053075,0.9722285,0.9816842,0.96899563,0.96550626,0.97474533,0.97140336,0.9661417,0.95850945,0.9749373,0.9696857,0.9694598,0.9648838,0.9664809,0.9788602,0.9683449,0.97246945,0.97806454,0.96874475,0.9657168,0.97323984,0.97553533,0.8285498,0.9723153,0.903784,0.9710418,0.9677467,0.9671954,0.96770614,0.9790456,0.982476,0.96527743,0.9569528,0.97360295,0.94834244,0.9713031,0.9735902,0.96956664,0.9644603,0.97092783,0.9428352,0.9685949,0.9619702,0.9687825,0.9543412,0.9759747,0.95362103,0.9740652,0.9627188,0.976223,0.9621186,0.98608786,0.9741867,0.9700757,0.9732151,0.96917385,0.9781989,0.9574626,0.9589124,0.9724569,0.9577862,0.99999976,0.9665272,0.9649473,0.95388377,0.9652744,0.96340096,0.96090657,0.9799606,0.9661708,0.96455616,0.98608786,0.97010636,0.9735194,0.9715924,0.97015435
toystory,0.9711952,0.96101713,0.97642195,0.9624835,0.9649362,0.96670663,0.96387684,0.9594448,0.98206645,0.96617836,0.96653265,0.96066046,0.9651881,0.96858305,0.97148615,0.9706747,0.9643513,0.9554354,0.97322285,0.96008766,0.96926785,0.96057993,0.9759656,0.96767074,0.9656063,0.8855225,0.9549605,0.96877444,0.9682838,0.96979314,0.9603064,0.9717941,0.9718418,0.9652053,0.93638897,0.93756586,0.96496564,0.95932513,0.9664798,0.97042584,0.9549337,0.97786146,0.97232366,0.97206634,0.9729629,0.967061,0.97025394,0.95666414,0.95181626,0.9747923,0.9648402,0.9748641,0.9717263,0.95088357,0.95157677,0.9667199,0.9577668,0.9723071,0.96493787,0.9711012,0.95957816,0.9599956,0.96186864,0.9714826,0.9705167,0.96783525,0.9658305,0.9747321,0.9593843,0.94768655,0.97438544,0.67841905,0.94617385,0.9651785,0.9516924,0.95195717,0.93884236,0.9608697,0.95995307,0.96611744,0.9592878,0.95607495,0.9645375,0.95194936,0.9590927,0.94408566,0.96211755,0.9649115,0.96714574,0.967941,0.9653203,0.97438544,0.9663493,0.9628788,0.96476257,0.96608263,0.9525656,0.9660571,0.9529494,0.9604123,0.9652401,0.9600619,0.9619549,0.97632295,0.9597407,0.9623837,0.96860886,0.9651197,0.9571342,0.96116245,0.9702393,0.8558248,0.97363585,0.914236,0.970124,0.9661882,0.97176886,0.95974106,0.97418463,0.96562445,0.96313965,0.96118855,0.96836734,0.95471805,0.9623265,0.9628279,0.9616122,0.95616645,0.9602608,0.9436058,0.96334296,0.961156,0.9683501,0.9491358,0.9633382,0.9588033,0.9715677,0.9719221,0.97483826,0.9539098,0.98206645,0.96396506,0.96256053,0.97085524,0.9710606,0.97342294,0.95305985,0.9466105,0.96218836,0.9574411,0.9665272,0.99999994,0.9640968,0.94336665,0.9567257,0.969918,0.97808987,0.95868564,0.9699753,0.9722694,0.98206645,0.9533411,0.96715045,0.9662652,0.9651031
triplefrontier,0.9746987,0.95573664,0.96327627,0.96749634,0.9599805,0.96515954,0.96757555,0.97174734,0.98134947,0.9670086,0.967198,0.9567983,0.97151786,0.965628,0.98204833,0.96601415,0.96371067,0.9643167,0.9693723,0.9687129,0.9713042,0.9625809,0.9699561,0.96798027,0.9589412,0.85670173,0.95561147,0.96584946,0.9697354,0.9661894,0.9588604,0.9654675,0.9602482,0.9582148,0.94156814,0.94011253,0.9693498,0.9733358,0.96513444,0.96637887,0.9573322,0.95997906,0.9678425,0.96495306,0.97250634,0.9812226,0.9740508,0.9708638,0.94208735,0.9657629,0.9678064,0.96750206,0.96553093,0.95131487,0.9699944,0.95743555,0.9591505,0.9661658,0.9701043,0.9614942,0.957933,0.9650934,0.960529,0.96744704,0.9599186,0.9688214,0.9619096,0.9710965,0.95066446,0.94745696,0.96964204,0.6225435,0.9510557,0.97256064,0.9452372,0.95865643,0.9393177,0.96355295,0.9693106,0.97536045,0.9528074,0.959116,0.9709779,0.9663918,0.9664873,0.9460819,0.9547843,0.9658761,0.9679244,0.95926195,0.97631925,0.96964204,0.9499605,0.9636426,0.9663514,0.9713607,0.94617,0.9676055,0.9535569,0.9507261,0.9793405,0.96232206,0.9501338,0.96948326,0.9627653,0.966976,0.97249275,0.96189594,0.9642362,0.97059786,0.9665016,0.8104715,0.97596776,0.910655,0.9698132,0.9685514,0.9733862,0.95879585,0.96764964,0.9755357,0.9736984,0.95522773,0.97654927,0.9364516,0.96630883,0.97597885,0.96937096,0.9493217,0.95852786,0.93738294,0.9691218,0.9590043,0.9619667,0.9496462,0.96891475,0.9682892,0.96678823,0.96497595,0.9705851,0.9739073,0.98134947,0.9666178,0.9736183,0.96156347,0.97590816,0.9725623,0.96294355,0.95154923,0.9571853,0.9618687,0.9649473,0.9640968,0.99999976,0.9505487,0.9607932,0.96838886,0.9632267,0.95967185,0.9700006,0.96887004,0.98134947,0.9628393,0.9659201,0.9583699,0.968544
uglydolls,0.9709884,0.9335173,0.9520425,0.95146817,0.9553279,0.95603675,0.95337963,0.9439607,0.9680111,0.9620133,0.9610384,0.9482693,0.95360893,0.95532286,0.9626619,0.94588715,0.9530741,0.9494778,0.9568658,0.95283663,0.96005905,0.96289545,0.9490749,0.95576555,0.9546219,0.883725,0.9448222,0.9529663,0.9606619,0.94385064,0.9526672,0.9562507,0.9475413,0.9589529,0.912888,0.90663284,0.95320195,0.9598704,0.954841,0.95378786,0.9337006,0.96271247,0.9374814,0.9524718,0.9726233,0.95338947,0.94390965,0.9550223,0.9489393,0.95463353,0.96678495,0.95949596,0.94046295,0.93035024,0.93122613,0.9440184,0.93401015,0.9595973,0.94915813,0.95011955,0.93948996,0.9478805,0.9657355,0.94898087,0.9510764,0.9681291,0.9462711,0.9647288,0.9575074,0.93717504,0.9655061,0.625313,0.9156013,0.9544681,0.95283127,0.9488253,0.9308442,0.95805925,0.9554658,0.9468093,0.95504165,0.9557265,0.9520359,0.94453794,0.95738035,0.95528436,0.93905336,0.95238304,0.9607341,0.9596372,0.9450255,0.9655061,0.9524979,0.9508839,0.96266663,0.9592813,0.94684297,0.94784665,0.9488655,0.9479645,0.94979584,0.96811426,0.9460432,0.9589162,0.9602206,0.9602884,0.9632057,0.94533855,0.9466231,0.94986695,0.9506109,0.8111179,0.95708376,0.8851309,0.9531397,0.959772,0.97287464,0.95410866,0.962759,0.95057744,0.94753057,0.95443696,0.952628,0.929512,0.9513528,0.9585622,0.9544735,0.9471781,0.95763177,0.93292385,0.9601997,0.95707184,0.9607108,0.94540447,0.9596263,0.9429566,0.9649205,0.95570856,0.96250886,0.93871015,0.9680111,0.9627069,0.9375699,0.95605344,0.94609016,0.9530741,0.9378782,0.92596334,0.951191,0.9602536,0.95388377,0.94336665,0.9505487,1.0,0.94790703,0.94629,0.94545925,0.95202094,0.94654846,0.94893974,0.9680111,0.9559296,0.96924895,0.95136577,0.9609004
uncutgems,0.9672033,0.96609426,0.9651116,0.9618397,0.96927977,0.9561292,0.9652797,0.9633079,0.9783972,0.9716066,0.9678527,0.94845474,0.9711035,0.9691314,0.9705376,0.96523595,0.9657151,0.9683674,0.9681321,0.9645468,0.96378714,0.95782757,0.97577184,0.97133464,0.95985204,0.8290154,0.97512394,0.96882856,0.9624128,0.95851445,0.9692657,0.9600818,0.96550035,0.95078826,0.9133674,0.910023,0.9673894,0.9681188,0.9594683,0.9636544,0.94666034,0.96576196,0.9502208,0.9667758,0.9733381,0.97213674,0.96896774,0.9590125,0.94754887,0.9681953,0.9663442,0.96401006,0.96270883,0.93990755,0.9550629,0.9655432,0.94507945,0.9707289,0.96666884,0.97793275,0.95153296,0.9710102,0.96207654,0.95987177,0.9544441,0.961242,0.96106154,0.96722716,0.97097224,0.9308311,0.983001,0.6111974,0.93482476,0.96770656,0.93975306,0.95421666,0.91875607,0.9510386,0.95408857,0.9584905,0.9751927,0.96612644,0.95772225,0.9605773,0.9583998,0.96059483,0.97698164,0.9617719,0.96360415,0.9631078,0.95340323,0.983001,0.95729256,0.9609705,0.9721556,0.96841455,0.96052897,0.96408486,0.9483222,0.9661035,0.9609699,0.9634625,0.95536715,0.9765881,0.97070616,0.9634673,0.97023916,0.94389564,0.95248204,0.95714587,0.97184974,0.80577147,0.96629715,0.88892055,0.9635844,0.965587,0.97067386,0.9540105,0.9741418,0.968373,0.9492767,0.9570814,0.97244686,0.93546486,0.965017,0.9656661,0.95729995,0.9550311,0.97404754,0.92343014,0.96405685,0.9653592,0.97041243,0.9528192,0.9636258,0.96195364,0.9680846,0.9584378,0.97527534,0.95804906,0.9783972,0.9576168,0.9555061,0.96567225,0.9680788,0.96997005,0.9496042,0.929816,0.9441267,0.9569802,0.9652744,0.9567257,0.9607932,0.94790703,0.9999997,0.96658367,0.9607511,0.9745937,0.95867074,0.9628289,0.9783972,0.95149887,0.9689396,0.96744835,0.96303934
underthesilverlake,0.9750071,0.9607494,0.9679633,0.9619733,0.9667641,0.9590105,0.96141285,0.9638224,0.981284,0.9646901,0.9635209,0.9593682,0.96719193,0.96735346,0.97171736,0.9680483,0.97204125,0.9634418,0.968614,0.97177565,0.96603155,0.96019566,0.9710149,0.9729024,0.9691842,0.8433092,0.96741074,0.97045475,0.96677256,0.9642548,0.9607644,0.95881283,0.96164757,0.9481575,0.9261249,0.9230197,0.9711298,0.97506297,0.96733725,0.9624052,0.9469805,0.96602046,0.9678006,0.9697261,0.9706504,0.9759567,0.9691494,0.95962316,0.94518304,0.9678704,0.96546733,0.96686,0.9683221,0.9588885,0.95726955,0.9549483,0.9552807,0.9683311,0.9656739,0.9826085,0.95154107,0.96371716,0.95658255,0.9567119,0.9524889,0.96009016,0.956391,0.96820056,0.9615495,0.9418465,0.98172224,0.6623051,0.9466498,0.9662974,0.94882196,0.95024866,0.9206247,0.9623045,0.9650977,0.9696471,0.9564365,0.9600379,0.95897007,0.9542479,0.9629467,0.950601,0.9588952,0.96673983,0.96373856,0.96031374,0.9628065,0.98172224,0.95598,0.96093875,0.96450025,0.96548903,0.9470551,0.9585691,0.9533078,0.9549694,0.9763794,0.9649096,0.9560989,0.9748325,0.96547234,0.9631647,0.96701616,0.9602198,0.96382743,0.9595176,0.9663836,0.8299002,0.97024,0.8952606,0.967681,0.9611996,0.97327685,0.95809656,0.9678884,0.96371603,0.9621626,0.95767564,0.97453755,0.938663,0.95980006,0.96692866,0.96606004,0.9505432,0.9566668,0.9447959,0.97138506,0.95253605,0.9692343,0.9603126,0.9620626,0.9644908,0.97139984,0.96666825,0.98127383,0.95953935,0.981284,0.9629086,0.96384734,0.95824677,0.97411764,0.96829677,0.94521224,0.94750404,0.94815975,0.96207404,0.96340096,0.969918,0.96838886,0.94629,0.96658367,0.9999998,0.9641453,0.97122556,0.9652621,0.9578824,0.981284,0.9577309,0.96558076,0.9626677,0.9650401
usmovie,0.96979266,0.9567181,0.97256285,0.96576875,0.9705989,0.9748704,0.961283,0.9566767,0.97979337,0.9662263,0.9693038,0.95963126,0.9618526,0.9633247,0.9686878,0.9636404,0.9691068,0.9620128,0.9690989,0.9569006,0.9656923,0.962896,0.9818281,0.96959054,0.9655441,0.8811219,0.957696,0.9700984,0.97274196,0.97232056,0.95711786,0.9660107,0.9689281,0.96802,0.9368273,0.9377848,0.9697728,0.96239275,0.95995456,0.9660264,0.94979346,0.9726821,0.9626308,0.9678468,0.96784216,0.9692556,0.97835946,0.9633098,0.95605713,0.9674849,0.9665142,0.9709541,0.9713224,0.9402253,0.9494053,0.96422064,0.9597723,0.973505,0.96950567,0.96751934,0.9596334,0.9555068,0.9569578,0.9656438,0.9679812,0.96196955,0.96010107,0.97042185,0.9606073,0.9475299,0.9731505,0.6598123,0.9523204,0.9614446,0.95256495,0.95042986,0.93370306,0.9653106,0.95480055,0.96978456,0.96521324,0.9608575,0.95937586,0.9543066,0.9592266,0.9444547,0.9568503,0.9580071,0.96170753,0.96517265,0.9619416,0.9731505,0.96184725,0.96265566,0.9652285,0.968825,0.94937056,0.96636796,0.9461627,0.9611552,0.97286856,0.9600083,0.9618962,0.97526693,0.96327496,0.96348983,0.9701,0.96070325,0.9530733,0.954062,0.97082096,0.8340552,0.9723781,0.90600413,0.9667479,0.96439666,0.9731855,0.9515918,0.97056204,0.9610179,0.96168953,0.9663269,0.97048813,0.96174973,0.9572609,0.9653953,0.9485273,0.9560445,0.96127164,0.9405333,0.9571425,0.9614607,0.9702124,0.9650289,0.9670628,0.9662527,0.97178406,0.97110754,0.9702749,0.9588042,0.97979337,0.97081846,0.9682414,0.9604695,0.9650335,0.96831757,0.94691736,0.94416684,0.9553384,0.95383984,0.96090657,0.97808987,0.9632267,0.94545925,0.9607511,0.9641453,0.99999994,0.9614368,0.96837336,0.97010094,0.97979337,0.95286864,0.96085185,0.9763919,0.9696962
wavesmovie,0.971571,0.9696062,0.9642855,0.9639614,0.9748097,0.96022594,0.978467,0.96098614,0.9842243,0.9702462,0.96801466,0.9659787,0.97459924,0.9705673,0.9731378,0.9720159,0.970813,0.97594386,0.9687486,0.97538775,0.9715949,0.97406715,0.9748587,0.9745786,0.9690765,0.85371804,0.9702274,0.9712709,0.9696925,0.95888126,0.971688,0.9708756,0.9628101,0.9546792,0.9318932,0.9219614,0.9768934,0.9714911,0.9732832,0.97319496,0.9517513,0.9685588,0.9561186,0.9706313,0.9762256,0.9801051,0.96602416,0.9649374,0.96359175,0.96813565,0.9742669,0.97382545,0.9686952,0.9499644,0.95224226,0.96725786,0.9476431,0.97817874,0.96555954,0.9800959,0.944926,0.9636401,0.9673451,0.9636823,0.96512496,0.9671001,0.9586668,0.9703892,0.97162396,0.9513481,0.98738384,0.6442956,0.95024467,0.97593176,0.95361483,0.9613655,0.94032526,0.9682192,0.9663108,0.9658179,0.9768891,0.97109395,0.9595884,0.9646426,0.9735238,0.9673006,0.96442467,0.97276396,0.9769996,0.9736988,0.96361274,0.98738384,0.96949697,0.9690044,0.980201,0.97163373,0.9664704,0.96519417,0.9702367,0.95923615,0.9698151,0.9661159,0.96335155,0.9785592,0.97173244,0.9723778,0.9744524,0.9584427,0.97349936,0.9715966,0.9744908,0.81675935,0.9705189,0.89695835,0.9769371,0.9719854,0.97293353,0.96797514,0.97738606,0.9730044,0.96356714,0.95954084,0.97122616,0.942015,0.9671754,0.9710497,0.96029115,0.9627451,0.9688546,0.9441273,0.9678874,0.96389896,0.96992266,0.9568443,0.97150135,0.96098363,0.9778329,0.96390545,0.9821473,0.9667383,0.9842243,0.97071564,0.9638397,0.9693142,0.97409034,0.97138304,0.95671886,0.9529241,0.9534546,0.9659597,0.9799606,0.95868564,0.95967185,0.95202094,0.9745937,0.97122556,0.9614368,1.0000001,0.96593845,0.9628038,0.9842243,0.96967655,0.970465,0.9712337,0.9675466
whatmenwant,0.9696329,0.96931696,0.9602138,0.96792287,0.9672113,0.9659996,0.9695319,0.9722802,0.98548025,0.9703517,0.97820264,0.97304934,0.9729579,0.970593,0.9773064,0.9735342,0.9705962,0.9688617,0.9731536,0.97452164,0.97781837,0.9632127,0.9741024,0.9768923,0.9686615,0.86271644,0.9605656,0.97185063,0.96377957,0.9831911,0.96059036,0.96750706,0.9743305,0.96098053,0.94533455,0.9422143,0.97544485,0.96287966,0.9628153,0.96990156,0.9576129,0.9656257,0.96966344,0.9725782,0.97234535,0.97149116,0.9755226,0.9637168,0.9545006,0.9684603,0.9645756,0.9737743,0.9768507,0.9573571,0.95796216,0.95892954,0.9741394,0.9730729,0.970027,0.9694532,0.9682197,0.9587697,0.9684158,0.97218406,0.96706253,0.96814394,0.9634707,0.97349334,0.9660869,0.94843924,0.9737329,0.63886786,0.9606893,0.9735579,0.9492049,0.95341647,0.93525887,0.96842164,0.969395,0.9646511,0.9684656,0.96299845,0.96366143,0.965504,0.9668357,0.9641315,0.96219176,0.97315,0.9622927,0.97333825,0.9682629,0.9737329,0.974656,0.9829602,0.96637905,0.97006315,0.9717406,0.9698079,0.95711195,0.9484536,0.9773166,0.96474105,0.9610121,0.97826463,0.9726119,0.96307635,0.9724284,0.9668985,0.96981066,0.9669663,0.97317046,0.8194554,0.984328,0.9111407,0.97195214,0.9797411,0.97099614,0.96048605,0.9766813,0.9679895,0.9606658,0.97537464,0.9671731,0.94575036,0.96773964,0.9730775,0.9704536,0.9517941,0.9539967,0.9443037,0.976447,0.9618926,0.97556555,0.96586925,0.9746327,0.97392845,0.9684565,0.96882236,0.9773744,0.972019,0.98548025,0.9661987,0.97443175,0.9698438,0.97162014,0.9795973,0.96450984,0.95019317,0.9683977,0.9581236,0.9661708,0.9699753,0.9700006,0.94654846,0.95867074,0.9652621,0.96837336,0.96593845,1.0000001,0.9841119,0.98548025,0.9663573,0.97391254,0.9684874,0.9685485
wonderparkmovie,0.9671371,0.96555924,0.9645751,0.96872246,0.9681811,0.9677787,0.9645779,0.9694787,0.9809889,0.9669095,0.9734165,0.95544213,0.97035193,0.9679877,0.97390336,0.97243536,0.97141343,0.9641293,0.9715745,0.96756655,0.97187406,0.95298266,0.97716457,0.96984917,0.9615401,0.8710426,0.96065533,0.96743816,0.9637158,0.9716577,0.95980436,0.97244954,0.9687768,0.96366036,0.9463294,0.93531495,0.9687164,0.95984614,0.9634936,0.973034,0.9530799,0.96270937,0.96433395,0.96828675,0.96841115,0.9661319,0.97533596,0.96369886,0.95622206,0.965511,0.9608803,0.9751178,0.97260076,0.9461979,0.95528823,0.957778,0.9662506,0.9716016,0.9697519,0.9637698,0.96359587,0.9602104,0.96054745,0.96906817,0.9757731,0.96721023,0.96551603,0.9736889,0.96540296,0.9338105,0.96985954,0.64304113,0.9522718,0.9699379,0.94779485,0.9518865,0.93316364,0.9662863,0.9607889,0.9623138,0.9643381,0.95512956,0.9641593,0.9638317,0.96403974,0.95645696,0.9673678,0.96469146,0.9623684,0.9695979,0.9599327,0.96985954,0.9676259,0.97030425,0.9638399,0.9668605,0.96253353,0.9654708,0.9489018,0.9510932,0.96772796,0.9634872,0.9553412,0.97296804,0.9705138,0.9593953,0.9770667,0.96132344,0.95912737,0.9670461,0.97837603,0.82350606,0.98506224,0.90232474,0.9711925,0.9810942,0.9691694,0.96193486,0.97311956,0.9635593,0.95985955,0.97493833,0.9622122,0.94601166,0.9628579,0.9693412,0.96642756,0.9472456,0.95754635,0.93864954,0.9668268,0.9593624,0.9694969,0.9565656,0.98055,0.96397096,0.9621041,0.97330344,0.969329,0.965115,0.9809889,0.9578102,0.9663162,0.9649474,0.9676111,0.9800152,0.960809,0.94749075,0.9609038,0.95845383,0.96455616,0.9722694,0.96887004,0.94893974,0.9628289,0.9578824,0.97010094,0.9628038,0.9841119,1.0,0.9809889,0.9592428,0.9722664,0.9721169,0.9654354
wrinklestheclown,0.98557854,0.97801924,0.9799468,0.97955567,0.98692256,0.9837214,0.9873317,0.97776043,1.0000001,0.9835578,0.98515844,0.9753846,0.9882233,0.98830044,0.9903656,0.9847128,0.9830749,0.98484874,0.9878942,0.983373,0.99034256,0.9819011,0.98677343,0.98775935,0.9817734,0.8796682,0.97744155,0.9846026,0.983607,0.98202837,0.9794427,0.9844983,0.98175514,0.9741264,0.9527397,0.9492704,0.98658705,0.9828142,0.98237944,0.9855659,0.9729873,0.98540866,0.9748084,0.9846492,0.9904625,0.9872194,0.98361826,0.9785734,0.9731807,0.98418015,0.98462194,0.9880992,0.9832492,0.9667066,0.9673954,0.9818639,0.9721182,0.9863046,0.9820619,0.98372334,0.9736385,0.9778079,0.9807795,0.9872304,0.9793483,0.98309684,0.97772,0.9871374,0.9800513,0.9655743,0.9911136,0.66209024,0.96741366,0.9844647,0.96914905,0.97042537,0.95204556,0.9751224,0.9813135,0.97756326,0.98166716,0.9835691,0.9839202,0.97786033,0.98294497,0.975089,0.9768541,0.98479027,0.98177016,0.9864401,0.98089874,0.9911136,0.97768366,0.9839798,0.9843457,0.987422,0.9775561,0.9795698,0.9775129,0.97464573,0.98473275,0.9806001,0.97393966,0.9892155,0.9840732,0.98257595,0.9852726,0.9820939,0.9801923,0.98000634,0.98248416,0.842082,0.99006355,0.9243075,0.98351485,0.98233235,0.9866618,0.9756189,0.99051905,0.9864434,0.9795108,0.97716075,0.98548377,0.9653527,0.98140013,0.9861457,0.9821926,0.9740524,0.9785554,0.96213084,0.9859738,0.97767866,0.985609,0.970469,0.98463833,0.97898155,0.98659766,0.9787797,0.99045444,0.98135656,1.0000001,0.9824291,0.98239565,0.98776627,0.98627144,0.98754287,0.9711596,0.96717256,0.9794875,0.97719616,0.98608786,0.98206645,0.98134947,0.9680111,0.9783972,0.981284,0.97979337,0.9842243,0.98548025,0.9809889,1.0000001,0.97881794,0.9885176,0.98326,0.983954
xmenmovies,0.9636926,0.9450569,0.9501213,0.95996606,0.9608389,0.96378624,0.97324777,0.9523784,0.97881794,0.96628547,0.96269166,0.9594892,0.9691617,0.96075755,0.97257644,0.95800525,0.96515,0.9706409,0.96423966,0.9625011,0.968158,0.9664415,0.9662413,0.9662814,0.95465875,0.8566451,0.949066,0.9714374,0.96310735,0.9617368,0.95713645,0.97171384,0.9707627,0.95454156,0.9421867,0.9328005,0.96254617,0.95858437,0.9700067,0.96664596,0.95315987,0.96330297,0.9464875,0.97380704,0.9673955,0.9661526,0.9642463,0.95815855,0.9666729,0.9695902,0.9724865,0.97044057,0.9550602,0.95244694,0.95026976,0.96158755,0.95357656,0.9621728,0.961128,0.9650443,0.94462556,0.95305836,0.956797,0.9673342,0.9593476,0.96051943,0.95930296,0.9741711,0.9550999,0.94338286,0.9735855,0.6712481,0.9441959,0.97222877,0.9645753,0.9457686,0.9514896,0.95544976,0.96895766,0.96648055,0.9594254,0.9674769,0.9583599,0.96291834,0.97149336,0.95697767,0.9430876,0.9632671,0.96879256,0.97921413,0.95747864,0.9735855,0.965779,0.966886,0.9725683,0.969436,0.95179754,0.9624384,0.9563349,0.9518976,0.96127224,0.95781326,0.9635631,0.97591716,0.9580852,0.971719,0.9720547,0.96779907,0.9609933,0.9682689,0.9558068,0.82884043,0.97226024,0.92427015,0.9577693,0.9656466,0.9671093,0.9739587,0.97068375,0.96668637,0.9609494,0.9526891,0.96788216,0.9494318,0.9577011,0.9771568,0.9584103,0.95813674,0.96005154,0.9400046,0.96876127,0.95887905,0.97033477,0.95670635,0.9654617,0.96108145,0.96790874,0.96346384,0.97073454,0.9639303,0.97881794,0.9634788,0.9590662,0.96855676,0.97253126,0.965908,0.9503492,0.9605968,0.96707314,0.95867395,0.97010636,0.9533411,0.9628393,0.9559296,0.95149887,0.9577309,0.95286864,0.96967655,0.9663573,0.9592428,0.97881794,0.9999998,0.9689844,0.96119684,0.96918035
yardiefilm,0.9756951,0.96557903,0.96753323,0.9719577,0.97913265,0.9722437,0.9736743,0.96531475,0.9885176,0.9744934,0.979406,0.96667534,0.977305,0.97648305,0.9760617,0.9783475,0.9678293,0.9751921,0.9835669,0.9750191,0.9850419,0.9655967,0.972171,0.98106384,0.97346747,0.8870411,0.9722949,0.96614593,0.9735604,0.9739709,0.9753828,0.97442555,0.9715679,0.9705983,0.94598055,0.93467194,0.97534204,0.9714398,0.9698924,0.97694296,0.9617466,0.97212166,0.9551802,0.9714498,0.9834194,0.9739146,0.9669703,0.9663085,0.96721244,0.9699435,0.9739539,0.9789871,0.96833843,0.9459711,0.9543972,0.97236574,0.95635855,0.9714615,0.9785863,0.9737864,0.9645392,0.9742682,0.97041595,0.97504264,0.9657256,0.97517663,0.9632422,0.9789965,0.96933645,0.9435946,0.9785752,0.6583187,0.9471231,0.9725191,0.9579584,0.9598844,0.9489578,0.9611758,0.97997355,0.9634154,0.9735064,0.969662,0.97688067,0.968398,0.9748376,0.9650319,0.96540874,0.97161305,0.97544163,0.97735053,0.96971583,0.9785752,0.9679857,0.9723065,0.97321653,0.9774974,0.9691879,0.9730839,0.9668127,0.9617345,0.97001195,0.9738883,0.9619483,0.97303087,0.9783906,0.96873236,0.97985834,0.97138363,0.96398723,0.9669274,0.96926856,0.84074044,0.9852426,0.9197518,0.9663422,0.96991885,0.9765814,0.96350366,0.9840869,0.9741716,0.96218836,0.97062945,0.9699497,0.9499852,0.9748318,0.97443193,0.97368586,0.96651125,0.97290075,0.95057446,0.97502226,0.96780753,0.97538614,0.95307904,0.97270316,0.9684767,0.9712989,0.96781754,0.9782042,0.9678576,0.9885176,0.9668981,0.9667008,0.97803986,0.9753263,0.9807077,0.96570283,0.9557275,0.96743995,0.96805614,0.9735194,0.96715045,0.9659201,0.96924895,0.9689396,0.96558076,0.96085185,0.970465,0.97391254,0.9722664,0.9885176,0.9689844,0.99999994,0.9681409,0.9724979
yesterdaymovie,0.9635839,0.9599195,0.9695173,0.9698174,0.9763029,0.9721338,0.9760434,0.9611923,0.98326,0.9686309,0.97308743,0.95041597,0.97153085,0.967985,0.97211206,0.9637395,0.97622955,0.9701455,0.9712327,0.963615,0.9745907,0.96161103,0.98632073,0.9750103,0.9715027,0.8655768,0.9661089,0.97267777,0.9642123,0.9718,0.9659936,0.9712449,0.963975,0.9599283,0.93699795,0.93067396,0.96743375,0.96177197,0.96247005,0.9735021,0.95260787,0.97135204,0.9472482,0.9702703,0.97278315,0.96495736,0.97767025,0.9666761,0.97367126,0.969889,0.9661114,0.9712813,0.97042894,0.9445006,0.9463187,0.97240466,0.9539452,0.9735854,0.9635834,0.9719897,0.9579784,0.9617836,0.96285665,0.974101,0.9693013,0.96556836,0.9655397,0.97384286,0.97864497,0.9529328,0.9777093,0.6506678,0.955358,0.97161114,0.96541137,0.9477756,0.9340348,0.954034,0.94926715,0.9586315,0.9780236,0.9697917,0.9725374,0.96272874,0.96336627,0.9643018,0.969902,0.9640325,0.96088576,0.97416234,0.95763135,0.9777093,0.9671085,0.9700236,0.96780306,0.9826302,0.96288806,0.95839804,0.9641598,0.9670568,0.96516025,0.9637775,0.9548224,0.97836196,0.9590304,0.9636265,0.9670085,0.96749914,0.96790963,0.9659089,0.97416204,0.83661234,0.97074306,0.90883076,0.96445596,0.9729519,0.96890414,0.96669513,0.9823706,0.969709,0.96522725,0.9719421,0.9693655,0.9691071,0.9651807,0.9662316,0.95655686,0.9536688,0.96680856,0.9438707,0.97082955,0.95971024,0.97506297,0.9622416,0.9752654,0.9647429,0.9719385,0.9659159,0.9701194,0.9652447,0.98326,0.96709883,0.9625318,0.96838754,0.96290845,0.9753914,0.9590682,0.9547826,0.96391475,0.9667123,0.9715924,0.9662652,0.9583699,0.95136577,0.96744835,0.9626677,0.9763919,0.9712337,0.9684874,0.9721169,0.98326,0.96119684,0.9681409,1.0000001,0.96242964
zombieland,0.9759162,0.9673487,0.97630274,0.96485615,0.96941686,0.9761871,0.97420806,0.9554844,0.983954,0.97827685,0.9624162,0.9655249,0.96971285,0.9763425,0.9749542,0.9683612,0.96685654,0.968852,0.97437507,0.96104044,0.9732818,0.9818473,0.9746504,0.97872794,0.9723479,0.85834235,0.95299876,0.972354,0.98083013,0.97024804,0.96456856,0.9720094,0.97568023,0.9686427,0.94510025,0.9326211,0.96962774,0.9669294,0.96993226,0.97301334,0.96334624,0.9696922,0.9589565,0.9621544,0.97126395,0.97128737,0.9773544,0.967952,0.95580995,0.965344,0.99056673,0.9773102,0.97004706,0.9558044,0.95006496,0.9665869,0.9539572,0.96366334,0.96123224,0.9653988,0.9723635,0.9617912,0.9607546,0.97334087,0.96487504,0.9598065,0.96846807,0.9804707,0.95718324,0.95288986,0.97840387,0.6654171,0.948597,0.96907336,0.96598136,0.9538268,0.93962073,0.9659916,0.96258783,0.97838914,0.96501124,0.9746594,0.9660289,0.96682346,0.97648895,0.9655377,0.9517201,0.96467185,0.9701587,0.96862054,0.9690988,0.97840387,0.95578885,0.96658975,0.98015946,0.974175,0.9514965,0.9705262,0.95842457,0.9689057,0.9665852,0.9708729,0.9820171,0.98006964,0.9742449,0.9862718,0.97128075,0.9711937,0.9683072,0.9671356,0.9646392,0.83572304,0.97120374,0.90171343,0.9681966,0.96728545,0.977623,0.9721503,0.97242856,0.9706832,0.97045887,0.9517274,0.9780742,0.95024115,0.96309316,0.9799153,0.9660309,0.9823312,0.9731067,0.94679976,0.96802783,0.97265834,0.96814626,0.95527697,0.9669455,0.9754986,0.9798314,0.97152907,0.9767263,0.9623429,0.983954,0.98268217,0.9649992,0.9742787,0.97618866,0.9674348,0.9421179,0.9554619,0.96954864,0.9549079,0.97015435,0.9651031,0.968544,0.9609004,0.96303934,0.9650401,0.9696962,0.9675466,0.9685485,0.9654354,0.983954,0.96918035,0.9724979,0.96242964,0.9999999
