movie,21bridgesmovie,47metersdown,abeautifuldaymovie,abominablemovie,adastramovie,adogsjourneymovie,aftermathmovie,aftermovie,ahiddenlifefilm,alitamovie,angelhasfallen,angrybirdsmovie,annabellemovie,annamovie,apollo11movie,arcticdogsmovie,arcticmovie,artofracingmovie,avengers,beachbummovie,bernadettefilm,blackandbluemovie,blackchristmas,blindedbythelightmovie,bombshellmovie,booksmart,breakthroughmovie,brianbanksmovie,brightburnmovie,brittanyrunsmov,captainmarvelofficial,captivestatemovie,catsmovie,charliesangels,childsplaymovie,clarathefilm,coldpursuitmovie,countdown,currentwarmovie,darkwatersmovie,detectivepikachumovie,disneyaladdin,disneyfrozen,disneymaleficent,doctorsleepmovie,dolemiteismyname,dontletgomovie,doramovie,downtonabbey_official,dumbo,escaperoom,everybodyknowsmovie,fastandfuriousmovie,fightingwmyfam,fivefeetapartfilm,fordvferrari,freaksthefilm,geminimanmovie,glassmovie,gloriabellmovie,godzillamovie,goldfinchmovie,goodboysmovie,goodliarmovie,gretafilm,halathemovie,happydeathdaymovie,harrietfilm,hellboymovie,hersmellmovie,highlifemovie,highstrungmovie,honeyboymovie,hotelmumbaifilm,httydragon,hustlemovie,hustlersmovie,isntitromantic,itmovieofficial,jayandsilentbob,johnwickmovie,jojorabbitmovie,jokermovie,judythefilm,jumanjimovie,justmercyfilm,knivesout,lalloronamovie,lastblackmansf,lastchristmasthemovie,latenightmovie,lighthousemovie,lionking,littlethemovie,littlewomenmovie,littlewoodsfilm,longshotmovie,lordsofchaosmovie,lucyintheskyfilm,mamovie2019,marriagestory,meettheaddams,meninblack,midsommarmovie,midwaymovie,missbalamovie,missinglinkfilm,motherlessbklyn,onceinhollywood,onthebasisofsex,overcomermovie,peanutbutterfalcon,petsematarymovie,piercingmovie,playingwithfire,playmobilthemovie,pomsmovie,queenandslim,rambomovie,readyornotfilm,richardjewellfilm,rocketmanmovie,scarystoriesmovie,secretlifeofpets,serenityfilm,shaftmovie,shazammovie,spidermanmovie,spiesindisguise,starwars,stormboymovie,stubermovie,taosdfilm,teenspiritmov,terminator,theaeronautsmov,thebestofenemies,thedeaddontdie,thefarewell,thehighwaymen,thehummingbirdprojectfilm,theintrudermovie,theirishmanfilm,thekitchenmovie,thelegomovie,themustangfilm,thenightingalefilm,theprodigymovie,thesunisalsoastar,theupsidefilm,tolkienmovie,toystory,triplefrontier,uglydolls,uncutgems,underthesilverlake,usmovie,wavesmovie,whatmenwant,wonderparkmovie,wrinklestheclown,xmenmovies,yardiefilm,yesterdaymovie,zombieland
21bridgesmovie,0.9999999,0.97080517,0.96234316,0.9610679,0.9637604,0.9599849,0.97268647,0.9715016,0.98667854,0.9698971,0.96601474,0.9561387,0.97109145,0.9755436,0.9629858,0.96876746,0.9715014,0.96395504,0.9754734,0.95009065,0.96658236,0.9641489,0.96537995,0.967521,0.962904,0.86602956,0.95998925,0.9653607,0.9662081,0.96460086,0.9691924,0.9655326,0.9550738,0.95761424,0.9550849,0.9275412,0.962415,0.9744352,0.959772,0.9659768,0.96942973,0.9664897,0.9680094,0.9691641,0.9699803,0.9719173,0.96615285,0.9614353,0.9490235,0.9714945,0.9637952,0.9721721,0.9651438,0.96277696,0.957051,0.96648175,0.96081674,0.9703037,0.96924025,0.96435535,0.9672435,0.9663354,0.9723985,0.9713854,0.97042054,0.9684909,0.95358163,0.96842754,0.9611895,0.9493659,0.96565014,0.7570821,0.9612103,0.9615931,0.96205693,0.9601664,0.9125416,0.9595981,0.96668124,0.96037185,0.9673981,0.9669761,0.97317,0.95815843,0.9648057,0.96144044,0.9696823,0.96793294,0.96724916,0.97036225,0.96600723,0.96565014,0.95245624,0.9590211,0.96786505,0.9628989,0.9650893,0.97883433,0.96451384,0.9597739,0.9615909,0.9634216,0.96634525,0.9662636,0.96594524,0.9642835,0.96727675,0.963689,0.94506186,0.9564973,0.9794306,0.83155376,0.96556777,0.9245297,0.96356994,0.98052555,0.99109584,0.96168125,0.9656716,0.9663478,0.96631336,0.9664708,0.9670468,0.9489366,0.9728919,0.9679087,0.9686681,0.95102394,0.9620973,0.9646507,0.971938,0.96988225,0.9701416,0.95945716,0.9707672,0.9622219,0.97639924,0.965043,0.96096265,0.9699661,0.98667854,0.97009325,0.9550643,0.96261436,0.9623946,0.96736526,0.9620769,0.96471876,0.9692427,0.9685886,0.9674641,0.96751434,0.97462034,0.96021837,0.9606211,0.963377,0.9611206,0.96381134,0.9655327,0.9598999,0.98667854,0.95408535,0.95820093,0.96277773,0.9639377
47metersdown,0.97080517,1.0000001,0.94408804,0.95824647,0.96780264,0.96429825,0.96223766,0.953824,0.97680813,0.97350997,0.96237904,0.949254,0.9617229,0.9702321,0.9630018,0.97526693,0.9712968,0.96026725,0.96383095,0.95562524,0.9595638,0.9567723,0.9626484,0.95864785,0.94825923,0.84298366,0.96674645,0.97040933,0.94879997,0.9648197,0.9646286,0.95350724,0.9525873,0.9450182,0.9502897,0.9130619,0.95833445,0.9579907,0.95632946,0.9563035,0.9573515,0.9618123,0.9462958,0.9627942,0.95455146,0.9636156,0.9610402,0.95516205,0.92404884,0.9636345,0.9535833,0.9595009,0.9577677,0.9559821,0.95331705,0.9630316,0.9550148,0.9653462,0.964893,0.954952,0.9568996,0.95906574,0.9607242,0.95662946,0.96001816,0.9588759,0.9557619,0.9618411,0.9556535,0.9396527,0.95814764,0.7528451,0.96354926,0.95750934,0.95165485,0.9470739,0.8885087,0.9496044,0.9627475,0.9615948,0.9622083,0.9571657,0.9555449,0.9628168,0.9590889,0.95477295,0.9512686,0.96250457,0.96510756,0.9563544,0.9544906,0.95814764,0.9411459,0.96433973,0.9567776,0.9597703,0.9436729,0.9733844,0.95631385,0.9552613,0.9455004,0.9555205,0.95000666,0.95862293,0.9710288,0.9552842,0.96189207,0.95519793,0.9216585,0.9431875,0.9700272,0.82018346,0.9618578,0.9134129,0.9616444,0.95045435,0.96392643,0.95483834,0.962251,0.95249283,0.9448554,0.95710844,0.955472,0.9571801,0.96595544,0.96586573,0.9579345,0.940112,0.9637759,0.9405688,0.9608668,0.9592623,0.9702123,0.9508809,0.9685809,0.9653867,0.9509496,0.9559161,0.9526279,0.9558103,0.97680813,0.9553024,0.9349342,0.95085245,0.9434317,0.96284294,0.95357335,0.9458421,0.95949274,0.950015,0.9656861,0.9546962,0.95921427,0.93808705,0.9455091,0.9497551,0.9578346,0.9527034,0.96636957,0.94716257,0.97680813,0.9524713,0.9464359,0.9547429,0.95673513
abeautifuldaymovie,0.96234316,0.94408804,1.0,0.9490687,0.9466747,0.95478827,0.9541637,0.95893884,0.97635335,0.94420075,0.96497375,0.9682668,0.9600883,0.96295846,0.9574231,0.95829153,0.955975,0.94904333,0.9667686,0.9476488,0.9538716,0.97386867,0.94919485,0.95608383,0.9553101,0.8620482,0.9439705,0.9508639,0.9806152,0.9527263,0.9557138,0.96139246,0.939401,0.9622278,0.92903304,0.9074637,0.9557509,0.9478104,0.9526616,0.9516754,0.9645899,0.955517,0.96544,0.9635636,0.95992965,0.96632975,0.9478729,0.9562845,0.9484045,0.9607436,0.9797572,0.9736315,0.95243704,0.95397246,0.92733616,0.95539796,0.95813227,0.9636835,0.94742,0.9573931,0.9509491,0.95712113,0.9595996,0.9523561,0.9652913,0.94221234,0.9468384,0.95834047,0.95635724,0.9354033,0.9509532,0.7737714,0.9538696,0.963198,0.9467473,0.9320178,0.8880871,0.9476926,0.95953876,0.9527532,0.9568459,0.94725764,0.95983493,0.95055896,0.9727387,0.9580296,0.9511069,0.95457196,0.95493144,0.9641994,0.95906025,0.9509532,0.9487502,0.94948226,0.97872657,0.95572674,0.9592858,0.9522812,0.94239014,0.9416307,0.9522501,0.9575,0.97085,0.9523832,0.9459154,0.98066777,0.95572776,0.9491761,0.95892864,0.95994604,0.9715466,0.8576219,0.95245665,0.9098477,0.962191,0.96714336,0.96210015,0.9470818,0.964723,0.9491845,0.9555048,0.9601265,0.9517539,0.947381,0.95239913,0.9502869,0.9527215,0.96402884,0.9399205,0.960207,0.96007705,0.9557818,0.96468204,0.93512046,0.96352744,0.9583936,0.94430304,0.9612857,0.9549207,0.9598417,0.97635335,0.97446376,0.9472224,0.9487609,0.95068747,0.96175003,0.93721557,0.93779093,0.9515007,0.95251256,0.9506566,0.97331077,0.95563614,0.93670636,0.95290214,0.954575,0.9505516,0.9499898,0.950338,0.94666785,0.97635335,0.9435033,0.95399094,0.9524097,0.9750987
abominablemovie,0.9610679,0.95824647,0.9490687,0.9999999,0.96052456,0.9520167,0.9717605,0.9536114,0.9781287,0.9653606,0.96787626,0.9639375,0.9649813,0.96333313,0.9515393,0.966182,0.9621715,0.9679769,0.9514782,0.9408031,0.9594775,0.9542067,0.9694035,0.95916855,0.9684325,0.8935353,0.9600248,0.95654356,0.95027786,0.96411604,0.95315963,0.9528257,0.9537395,0.95467067,0.9415364,0.9190001,0.9524777,0.96564037,0.9684035,0.9515415,0.964986,0.9567599,0.9533827,0.96138865,0.96019804,0.9623931,0.9685145,0.9575943,0.9387871,0.9608821,0.95571846,0.96319157,0.95738214,0.9564657,0.9590082,0.96149945,0.9478691,0.9613261,0.97102576,0.9636335,0.9475712,0.96754396,0.96242166,0.9468146,0.96181667,0.9518489,0.9544952,0.9571839,0.9605436,0.9402372,0.9637166,0.7377741,0.9576164,0.95075804,0.96269727,0.9491677,0.9010181,0.9482694,0.9623575,0.9488934,0.9702869,0.9706698,0.96393955,0.9504012,0.96844685,0.96156293,0.9579106,0.9577596,0.96355087,0.96473664,0.9582852,0.9637166,0.96243006,0.9514843,0.95759964,0.9578919,0.96459854,0.9601081,0.9702006,0.95567787,0.9527982,0.9557708,0.94653344,0.95427626,0.9621835,0.95657045,0.9601163,0.9565522,0.94203293,0.9335419,0.97087973,0.8421619,0.9622926,0.92069364,0.959902,0.9629074,0.9598656,0.94681704,0.9632,0.9594901,0.957236,0.9660523,0.9589819,0.9454317,0.9696658,0.9524337,0.959102,0.94254035,0.9637057,0.93709123,0.96145946,0.9703964,0.9584591,0.937998,0.9663827,0.9642213,0.95676565,0.95779204,0.96675605,0.9595878,0.9781287,0.95803076,0.9442072,0.942683,0.94689584,0.96428865,0.9542535,0.95158964,0.9541357,0.9525241,0.9695132,0.9507785,0.9619599,0.9310792,0.96107733,0.9640495,0.9655903,0.9646376,0.9563596,0.9474942,0.9781287,0.9484477,0.9584415,0.96240664,0.9493375
adastramovie,0.9637604,0.96780264,0.9466747,0.96052456,0.9999999,0.95940006,0.9650655,0.95590806,0.97400737,0.9736612,0.96059036,0.95356864,0.9601324,0.9689195,0.94910777,0.96968424,0.9609637,0.97719586,0.96182954,0.93635994,0.9607702,0.9518746,0.96623415,0.950037,0.9500446,0.84688514,0.9794677,0.9672196,0.94813883,0.9585119,0.9706361,0.9458059,0.9570258,0.95031136,0.9418211,0.9138052,0.95057875,0.9588885,0.9522389,0.9466335,0.9524958,0.9626117,0.95031494,0.9630397,0.95099854,0.96122843,0.96635413,0.96059275,0.92326915,0.96297216,0.9498815,0.9607113,0.94707036,0.95092297,0.95115435,0.9687937,0.956283,0.9628175,0.95828456,0.96049774,0.94745374,0.9563618,0.9487032,0.95762205,0.9579418,0.95493495,0.9689574,0.9591337,0.96772355,0.9389415,0.95928746,0.7223949,0.94402385,0.95182174,0.94347566,0.9513037,0.90015775,0.9570842,0.94936675,0.95345956,0.96712923,0.95862776,0.9519615,0.9472554,0.9582169,0.9641019,0.95508784,0.9602878,0.97230756,0.9608455,0.9538508,0.95928746,0.9427858,0.9623238,0.95538074,0.94881725,0.94769955,0.96712196,0.9556777,0.9618459,0.9449975,0.9436544,0.94744045,0.9512647,0.9634043,0.95076853,0.9550123,0.96312875,0.93084806,0.940042,0.9674229,0.8120156,0.96155643,0.9095505,0.96086127,0.9575229,0.96040416,0.9555052,0.96129596,0.94904435,0.94957733,0.95160633,0.9593199,0.9542341,0.9693249,0.9602705,0.9634391,0.9377696,0.9703369,0.936875,0.9496703,0.9669063,0.9664769,0.9479487,0.96543956,0.96171236,0.96023375,0.95643437,0.9502777,0.95269626,0.97400737,0.953479,0.94125783,0.9542096,0.9539,0.9651804,0.95354104,0.94872946,0.962469,0.950754,0.9654274,0.9540569,0.9567095,0.93136626,0.9501588,0.9574251,0.95690507,0.9517426,0.9610418,0.9440398,0.97400737,0.95441765,0.950731,0.9492447,0.94854
adogsjourneymovie,0.9599849,0.96429825,0.95478827,0.9520167,0.95940006,0.99999994,0.964199,0.94976234,0.97604924,0.9641523,0.9611158,0.95974547,0.9714994,0.972227,0.96308976,0.9608789,0.96318805,0.9665502,0.9576348,0.9479118,0.95059186,0.96077585,0.9731512,0.9551465,0.9481834,0.85312635,0.9578408,0.963067,0.9613764,0.95688933,0.9631209,0.94760716,0.9553951,0.9496915,0.9505552,0.9177035,0.9552035,0.95601034,0.95439774,0.94826037,0.96387833,0.95888233,0.95630497,0.9618206,0.94951355,0.9530204,0.9732147,0.9492045,0.9347796,0.9622695,0.9599073,0.9621062,0.9571688,0.95636714,0.9325093,0.96064544,0.95243764,0.9526706,0.95831454,0.95801914,0.962644,0.9626547,0.9478356,0.9538949,0.9586277,0.9515131,0.96086884,0.95109755,0.9515388,0.9320833,0.9581371,0.7530733,0.9536007,0.95412457,0.95438045,0.94916266,0.9023827,0.96121037,0.96469575,0.9535158,0.9589133,0.96712434,0.9533337,0.9574986,0.963978,0.9641312,0.9403727,0.96346503,0.9655626,0.95416266,0.94823074,0.9581371,0.9343134,0.964232,0.96344596,0.9600147,0.93714464,0.9590178,0.9579574,0.96532154,0.94252604,0.9493116,0.96245146,0.95530856,0.95594966,0.9587673,0.9569359,0.9514316,0.929583,0.94895834,0.96607125,0.8498362,0.95386213,0.92780674,0.9483841,0.9554915,0.96015924,0.95939374,0.9655463,0.95234525,0.9524415,0.93840456,0.94303834,0.9788404,0.9640031,0.9640934,0.9716868,0.9467608,0.96217453,0.9524861,0.95208675,0.9638611,0.9579703,0.9273734,0.9579454,0.957648,0.9547997,0.9450904,0.9506248,0.95647824,0.97604924,0.95421076,0.9401672,0.9527852,0.9642669,0.9647938,0.95403296,0.94385386,0.9571526,0.95082515,0.96065444,0.95000696,0.951576,0.9323987,0.95582765,0.9527104,0.96764183,0.9547966,0.96208274,0.9348377,0.97604924,0.94801164,0.94709146,0.96886003,0.96382284
aftermathmovie,0.97268647,0.96223766,0.9541637,0.9717605,0.9650655,0.964199,0.99999976,0.9666233,0.98797077,0.9652478,0.967902,0.9623399,0.9762714,0.97333854,0.964832,0.96719867,0.9705925,0.9726358,0.9599345,0.9529786,0.96852326,0.96193016,0.97384334,0.9758563,0.9752082,0.8782086,0.9675702,0.9671095,0.9618306,0.9622725,0.9702683,0.9695119,0.9645183,0.955609,0.94676536,0.9402326,0.96444744,0.96730596,0.9668699,0.96595275,0.96604437,0.9602996,0.9577503,0.9643747,0.9693707,0.97630703,0.97694385,0.966216,0.9527776,0.9674375,0.95701694,0.97548753,0.9597563,0.96582115,0.95583004,0.9698298,0.9618827,0.9670122,0.9771841,0.9808394,0.95335054,0.97536206,0.9640598,0.96732944,0.97361755,0.9512212,0.96150434,0.97413146,0.959012,0.9628254,0.97941613,0.75961274,0.96738404,0.9610486,0.96940804,0.9518431,0.9057428,0.9674972,0.9743872,0.96609014,0.97244,0.9791939,0.9648797,0.96072274,0.96500707,0.9629985,0.95350635,0.9704561,0.9694661,0.96591675,0.96496576,0.97941613,0.95303404,0.9620732,0.96184236,0.96976495,0.9527913,0.96603334,0.98316276,0.9707603,0.9682073,0.9686035,0.9565981,0.97291,0.9626623,0.9574678,0.9674625,0.9672466,0.936558,0.9585638,0.9768298,0.84670615,0.9623633,0.9272796,0.9638737,0.9705155,0.976482,0.96311367,0.9704521,0.9898569,0.96449685,0.9672072,0.97374463,0.957419,0.9756521,0.9642332,0.9745219,0.94598293,0.9595764,0.9434942,0.96132076,0.96469057,0.97124165,0.9354314,0.9667135,0.9649185,0.9687299,0.9677288,0.9788822,0.9743627,0.98797077,0.965364,0.9632694,0.96682084,0.9670485,0.982761,0.96645236,0.95361906,0.9689799,0.97390807,0.9881292,0.95598465,0.9756687,0.9472006,0.9691385,0.9802817,0.9656553,0.9765584,0.9617899,0.9492119,0.98797077,0.961258,0.9749124,0.9718999,0.9575846
aftermovie,0.9715016,0.953824,0.95893884,0.9536114,0.95590806,0.94976234,0.9666233,0.99999994,0.98041093,0.9576849,0.9589004,0.9543081,0.9632894,0.9716523,0.96547246,0.95964956,0.958691,0.9644154,0.9660086,0.9503454,0.9631439,0.95896506,0.95505387,0.9613243,0.95413446,0.87534183,0.9558061,0.958709,0.9634681,0.9520191,0.960589,0.9674584,0.95289296,0.95541966,0.9364005,0.9058103,0.96534365,0.9656081,0.95918965,0.9568822,0.95667875,0.95956796,0.95684147,0.9626127,0.9614362,0.9688378,0.9557686,0.9633355,0.9404899,0.96648216,0.9663939,0.969059,0.9409496,0.9519468,0.96532184,0.96635807,0.9565364,0.9642127,0.96111107,0.96757656,0.96488583,0.95112324,0.9572091,0.9626586,0.9674145,0.94933414,0.95265377,0.9615532,0.94908655,0.9478415,0.96556985,0.7488898,0.95354193,0.96482766,0.9429303,0.95163184,0.88011116,0.96087056,0.9625914,0.9570202,0.96000177,0.9545849,0.9601148,0.9493899,0.9618065,0.9522232,0.95597416,0.9575688,0.95426804,0.9597043,0.9567453,0.96556985,0.95655394,0.95951873,0.9663072,0.96049273,0.95117146,0.96747833,0.9601713,0.9515713,0.96074617,0.95836467,0.9586751,0.96218294,0.95610553,0.96201384,0.96724755,0.957089,0.9366298,0.95378,0.97037894,0.8097092,0.96077895,0.8983533,0.960324,0.97025114,0.97219783,0.9488588,0.9589098,0.95985353,0.9543556,0.96062666,0.9708434,0.9468523,0.9639112,0.9572882,0.9573027,0.95686567,0.9565074,0.95238185,0.9687107,0.9708158,0.96446276,0.93968457,0.9676347,0.9499373,0.9552242,0.96301347,0.9581397,0.969347,0.98041093,0.96933424,0.94836336,0.95679337,0.9522429,0.9642609,0.9417874,0.9475689,0.9537717,0.9588524,0.96187687,0.96338785,0.9723854,0.95784867,0.9600415,0.96447015,0.9591891,0.9569241,0.9709219,0.95075494,0.98041093,0.954159,0.96028936,0.9573979,0.9658537
ahiddenlifefilm,0.98667854,0.97680813,0.97635335,0.9781287,0.97400737,0.97604924,0.98797077,0.98041093,0.9999999,0.97664416,0.98325443,0.9764992,0.98669815,0.9868361,0.97990626,0.9827947,0.98373115,0.9809905,0.97980535,0.9649293,0.9819456,0.9768154,0.9790646,0.98196816,0.9773627,0.8872864,0.9743718,0.9795478,0.98030466,0.97732276,0.98021245,0.9807645,0.9678616,0.9757061,0.9618072,0.937646,0.97945255,0.9785418,0.9780988,0.9765125,0.97811985,0.9773151,0.9792828,0.980792,0.97971505,0.9858317,0.98029244,0.9760329,0.96292543,0.9819553,0.9801492,0.98665506,0.9728208,0.97917527,0.9671777,0.98077124,0.97528714,0.9805552,0.98315597,0.98508006,0.9741599,0.9796166,0.97943634,0.9784911,0.98573965,0.9705508,0.972461,0.981126,0.9727855,0.96551186,0.98547596,0.7696606,0.97714967,0.9777779,0.9727232,0.96613944,0.9167565,0.9736803,0.9817226,0.9775519,0.9818051,0.98223066,0.979959,0.9738338,0.9817822,0.9760295,0.9742402,0.9827775,0.9801406,0.9824353,0.97826517,0.98547596,0.9687906,0.9749676,0.98227245,0.9793493,0.9726151,0.9806291,0.980117,0.97577524,0.9800693,0.97470933,0.9761953,0.98085284,0.97426844,0.98071635,0.98212785,0.9793359,0.95584846,0.9716917,0.98957133,0.85088426,0.97430366,0.9336322,0.97580236,0.98236763,0.98608565,0.97116345,0.9818884,0.9815276,0.976744,0.9784917,0.9807805,0.96603054,0.98322046,0.9770183,0.98223656,0.9687513,0.97250354,0.96550727,0.9816318,0.9777985,0.9836001,0.9571196,0.9814243,0.9785008,0.97520584,0.97402024,0.98325735,0.9811698,0.9999999,0.9814138,0.9703665,0.9770743,0.97597104,0.98256886,0.97092086,0.9680872,0.98148036,0.97507554,0.9828295,0.9771911,0.9836751,0.9627236,0.97959733,0.98199767,0.97488457,0.98054385,0.9765754,0.96227145,0.9999999,0.9708702,0.9769842,0.9777807,0.97858125
alitamovie,0.9698971,0.97350997,0.94420075,0.9653606,0.9736612,0.9641523,0.9652478,0.9576849,0.97664416,0.9999999,0.96888405,0.9495119,0.96507317,0.9715682,0.9638741,0.9730276,0.96636677,0.9645639,0.9678431,0.94872344,0.9584843,0.9528419,0.9725206,0.95606226,0.95704126,0.8559472,0.97552335,0.9656833,0.9488042,0.9577062,0.9603149,0.9481673,0.9566191,0.9505307,0.9526283,0.90810513,0.9550428,0.958798,0.9537064,0.94469994,0.9630403,0.96735156,0.94892853,0.96927017,0.95401514,0.95904416,0.9716737,0.9618897,0.9234021,0.97043157,0.9529499,0.9523357,0.9665944,0.9566766,0.95017505,0.9685434,0.95155543,0.9661801,0.9570565,0.961355,0.9578851,0.96086913,0.96062946,0.9644335,0.95307785,0.96223277,0.958566,0.95453364,0.9642123,0.9355996,0.9638224,0.73172593,0.9550045,0.94717383,0.9520519,0.9523957,0.90550214,0.9549098,0.95494384,0.9598379,0.96916777,0.96688825,0.95887494,0.94679266,0.9642001,0.9530685,0.95707476,0.9586959,0.9683119,0.9573757,0.9484363,0.9638224,0.94933915,0.962471,0.9608367,0.9654973,0.9531959,0.96369904,0.95697063,0.9543561,0.94294316,0.9553151,0.9505084,0.954999,0.97219867,0.95761126,0.9574518,0.960031,0.9276137,0.930725,0.97059244,0.8304272,0.96271175,0.91166705,0.9631979,0.9559216,0.9607684,0.9492683,0.9637675,0.95383227,0.95610064,0.9550577,0.9517564,0.95065576,0.9631014,0.95763457,0.9623877,0.94449615,0.97084177,0.9419568,0.95748687,0.9671069,0.9676579,0.9416508,0.96879566,0.95939326,0.9536322,0.9475927,0.95897347,0.952751,0.97664416,0.9511955,0.9327291,0.9553945,0.9511951,0.95932937,0.9552097,0.95787096,0.96110326,0.9538451,0.96386975,0.9551969,0.9597724,0.9504266,0.95305675,0.96195656,0.95728296,0.9594437,0.96346784,0.9427386,0.97664416,0.9571499,0.95651114,0.95804363,0.9546626
angelhasfallen,0.96601474,0.96237904,0.96497375,0.96787626,0.96059036,0.9611158,0.967902,0.9589004,0.98325443,0.96888405,0.9999999,0.97126955,0.96396244,0.96968037,0.9643577,0.967425,0.9728218,0.9700917,0.9642594,0.94880104,0.97214514,0.97015727,0.9640602,0.96671,0.95690674,0.8509561,0.96345985,0.96213377,0.9687096,0.9669285,0.9631643,0.96742374,0.9595229,0.9632722,0.94638264,0.9158197,0.95958674,0.9604148,0.97443444,0.9633927,0.955678,0.96693057,0.95823944,0.97205323,0.96588963,0.9698265,0.9658996,0.9729988,0.945275,0.9703773,0.97406125,0.97077256,0.9589345,0.96183044,0.9516145,0.96294445,0.952904,0.9648456,0.97082174,0.9707397,0.9582645,0.9649515,0.96959686,0.95566636,0.9663974,0.9605861,0.9654425,0.961768,0.97156215,0.9458134,0.9729767,0.76976514,0.95444524,0.9590871,0.9560654,0.9484832,0.89724463,0.9574204,0.9626873,0.9684668,0.97871965,0.96940655,0.9584328,0.95419705,0.96947587,0.9572546,0.9623033,0.9631862,0.96554273,0.9679189,0.9561301,0.9729767,0.956006,0.9573165,0.9716369,0.97393024,0.97085047,0.9634584,0.9564586,0.95988214,0.9568933,0.9526022,0.96901625,0.9648989,0.96008694,0.9769686,0.9634688,0.96246237,0.9398138,0.945438,0.9759056,0.83554035,0.957078,0.9140744,0.9678895,0.97450954,0.9616423,0.95210105,0.96638113,0.9583317,0.95281345,0.96391374,0.9673399,0.9470327,0.96797884,0.9577491,0.96215105,0.96484286,0.9667372,0.94861716,0.9667913,0.9597403,0.9686871,0.9413898,0.9709436,0.9672356,0.9476911,0.95681924,0.9711471,0.9698571,0.98325443,0.9723335,0.95430136,0.96070844,0.94952977,0.9681749,0.9581666,0.9513784,0.9628081,0.955251,0.96957713,0.96482044,0.9699392,0.95126003,0.95928437,0.9749922,0.95905286,0.96360165,0.95580953,0.9466867,0.98325443,0.9577494,0.96749234,0.9647959,0.97231025
angrybirdsmovie,0.9561387,0.949254,0.9682668,0.9639375,0.95356864,0.95974547,0.9623399,0.9543081,0.9764992,0.9495119,0.97126955,0.99999994,0.9599574,0.9664285,0.95591015,0.9625574,0.9556505,0.9585746,0.95913047,0.9350904,0.95764107,0.95672864,0.95302653,0.9530815,0.9511627,0.87654126,0.94916844,0.9491738,0.969355,0.97013384,0.95663327,0.963235,0.9451503,0.9700047,0.9413248,0.91635126,0.9589658,0.9553415,0.95592135,0.9532788,0.9585038,0.9537623,0.96062386,0.9639551,0.95110434,0.96587974,0.95528543,0.9604257,0.9522024,0.95864475,0.97092694,0.9692751,0.95129675,0.95728016,0.9441213,0.95921516,0.95242053,0.94881,0.9608445,0.9639812,0.95332956,0.96438205,0.96030104,0.9479864,0.96373796,0.94396037,0.95689726,0.95642936,0.95998585,0.9340582,0.96144646,0.7619445,0.9572632,0.95035416,0.96110284,0.9508572,0.8955,0.96000755,0.9637167,0.9670685,0.9615927,0.961839,0.9533856,0.95764834,0.9750552,0.9704329,0.9465177,0.9548842,0.9628425,0.9616086,0.9635416,0.96144646,0.94729793,0.95305216,0.97222006,0.9590664,0.95179176,0.9455671,0.95624715,0.9573212,0.963783,0.9494967,0.96100223,0.96111894,0.94999665,0.9732744,0.9653235,0.9645056,0.93857354,0.96067065,0.9573854,0.85605854,0.95328176,0.9187924,0.94653594,0.9641904,0.958382,0.96040684,0.971378,0.95541036,0.96211857,0.9569456,0.9589982,0.95013654,0.9596379,0.94538504,0.9568911,0.9531543,0.94957554,0.94243056,0.9648139,0.96089673,0.96018475,0.9261352,0.9582815,0.96499246,0.9508805,0.9548634,0.9690545,0.9640901,0.9764992,0.9652046,0.9660312,0.9569715,0.9569856,0.95924497,0.95003885,0.93831617,0.95960623,0.94398504,0.95890605,0.95135593,0.959912,0.934841,0.95494854,0.9535217,0.9571465,0.9607262,0.94582963,0.93274266,0.9764992,0.94934887,0.95560193,0.9652243,0.96712357
annabellemovie,0.97109145,0.9617229,0.9600883,0.9649813,0.9601324,0.9714994,0.9762714,0.9632894,0.98669815,0.96507317,0.96396244,0.9599574,0.9999999,0.978802,0.9650162,0.96478456,0.97210586,0.9663005,0.96474975,0.95095956,0.9647309,0.96397316,0.96970725,0.9663533,0.97262174,0.87927413,0.9640182,0.96973825,0.9673192,0.97182524,0.96333927,0.96500343,0.9493154,0.95916563,0.95724136,0.93048245,0.96318567,0.97116935,0.9627107,0.95707285,0.9752104,0.95852923,0.9663995,0.9645754,0.9661396,0.9721826,0.97192585,0.95968616,0.9542742,0.96711713,0.96981424,0.9686346,0.9653782,0.9599239,0.9561201,0.9625718,0.9596872,0.9612141,0.9712327,0.97610384,0.97317666,0.969717,0.9643876,0.9690964,0.9697685,0.95624924,0.9590552,0.96238905,0.9546163,0.95308214,0.9769791,0.76017004,0.9610952,0.9687306,0.95936435,0.953434,0.9154334,0.9655289,0.9693486,0.9632392,0.9642987,0.9728601,0.97711873,0.9675265,0.9741172,0.9693785,0.96002465,0.98249567,0.97267693,0.9629661,0.9669598,0.9769791,0.9523198,0.9644721,0.96909934,0.96843475,0.95950544,0.96704507,0.97515684,0.96413887,0.9638715,0.96333027,0.9651603,0.96767443,0.9619448,0.968264,0.9737587,0.9697718,0.9375173,0.9654061,0.9763414,0.8469022,0.96212786,0.93164116,0.96087086,0.9672483,0.973198,0.96134335,0.9687359,0.9698505,0.9693589,0.9624758,0.9709039,0.9533643,0.9660575,0.9643786,0.9775947,0.95564187,0.9553805,0.9443823,0.9608414,0.96018904,0.9666051,0.93810886,0.9629074,0.97016716,0.9651345,0.95577645,0.9703164,0.96100736,0.98669815,0.9675978,0.9577691,0.97079545,0.9745132,0.96930945,0.9577042,0.9604051,0.97405976,0.964038,0.96998775,0.95880693,0.96870196,0.9466383,0.9740605,0.9636487,0.96699846,0.97018075,0.96471894,0.94377637,0.98669815,0.9584219,0.9642899,0.96950126,0.96647686
annamovie,0.9755436,0.9702321,0.96295846,0.96333313,0.9689195,0.972227,0.97333854,0.9716523,0.9868361,0.9715682,0.96968037,0.9664285,0.978802,1.0000004,0.9777805,0.97553575,0.97332793,0.9698533,0.9740327,0.9654614,0.97227156,0.9618525,0.9673335,0.9734554,0.96296686,0.86872023,0.9638159,0.96930194,0.9702124,0.96985686,0.96343654,0.9618322,0.9615622,0.9644157,0.9521146,0.91978395,0.9708338,0.97205496,0.96855325,0.9624758,0.97127175,0.9613613,0.9639438,0.9653369,0.96792424,0.96844494,0.96759367,0.9677001,0.94344103,0.96850085,0.96919,0.96887195,0.9682229,0.96281123,0.954233,0.97260165,0.9578817,0.9678442,0.9664575,0.9726822,0.9695741,0.9705583,0.9666709,0.978507,0.97179896,0.96288484,0.9658842,0.9632244,0.962959,0.94426906,0.9730554,0.7496481,0.96258134,0.9661364,0.95919484,0.9611177,0.8940655,0.9609509,0.96827775,0.9665012,0.9772926,0.96983254,0.9613581,0.9586988,0.97565395,0.9675366,0.96495575,0.9751458,0.97135204,0.9723121,0.96772784,0.9730554,0.95781946,0.96737546,0.97130466,0.96700305,0.95739126,0.9720876,0.9650736,0.9663344,0.96092266,0.96726185,0.9669351,0.97067916,0.9708423,0.9700407,0.9790277,0.97231394,0.93874955,0.9601123,0.9740321,0.83276093,0.9689868,0.91184586,0.96233046,0.9677951,0.973116,0.95150197,0.9750779,0.9652116,0.965574,0.9683485,0.971921,0.958619,0.9698657,0.9608353,0.9715737,0.95684946,0.9687801,0.95000005,0.96706647,0.9668469,0.9728448,0.93457407,0.9699486,0.97088975,0.96187866,0.9594692,0.9644432,0.96138644,0.9868361,0.9693965,0.95608646,0.9670351,0.9659524,0.9667408,0.96156496,0.95161927,0.9685465,0.9596226,0.9719349,0.9628836,0.96895343,0.9585752,0.9630059,0.96430993,0.96307737,0.9693273,0.9693991,0.94711465,0.9868361,0.9645657,0.9662677,0.9681761,0.9678649
apollo11movie,0.9629858,0.9630018,0.9574231,0.9515393,0.94910777,0.96308976,0.964832,0.96547246,0.97990626,0.9638741,0.9643577,0.95591015,0.9650162,0.9777805,0.9999998,0.96933466,0.96263975,0.95522827,0.960226,0.9789209,0.9677986,0.9538958,0.95842314,0.9730771,0.9560547,0.8635871,0.94830066,0.96569294,0.95637864,0.95264137,0.9511011,0.96092254,0.95231336,0.9569124,0.9352981,0.9019168,0.964126,0.95573926,0.9653324,0.9457472,0.96266305,0.9601287,0.9554936,0.96326196,0.9601265,0.9648744,0.96013767,0.9635018,0.93056166,0.964525,0.9637988,0.9638721,0.95688343,0.96301776,0.94252074,0.9688371,0.9556536,0.9643012,0.957347,0.9661404,0.96445817,0.9648644,0.9562956,0.9631546,0.968296,0.950992,0.9542799,0.95822626,0.95157546,0.93948984,0.962478,0.7688587,0.9669842,0.9618796,0.9467274,0.9471419,0.8784061,0.9555762,0.96779954,0.96939284,0.96927184,0.9605887,0.9533168,0.95231926,0.968375,0.9543634,0.9487033,0.9646945,0.95665514,0.9641521,0.9633313,0.962478,0.9484244,0.96509707,0.96920514,0.9752898,0.948845,0.96313083,0.95858943,0.94770205,0.95346963,0.9691898,0.95450896,0.958712,0.95865977,0.96294993,0.972301,0.96069634,0.9320422,0.9462915,0.9673241,0.83790463,0.9630475,0.89197475,0.95699275,0.9549992,0.9610582,0.94475704,0.9747288,0.9606674,0.9563904,0.95493025,0.9599448,0.95386726,0.9535804,0.9622379,0.96275324,0.9547305,0.95732003,0.94410956,0.9695685,0.9576311,0.97139144,0.91913307,0.96984375,0.96023434,0.94946456,0.95602965,0.95700455,0.95723504,0.97990626,0.95341146,0.94830847,0.9502825,0.9571175,0.96667814,0.95329994,0.93744177,0.95193255,0.9479929,0.9692982,0.95987964,0.9572226,0.94854844,0.9597154,0.95978063,0.95094115,0.96287704,0.9635385,0.9425069,0.97990626,0.9686832,0.970811,0.9567757,0.96630746
arcticdogsmovie,0.96876746,0.97526693,0.95829153,0.966182,0.96968424,0.9608789,0.96719867,0.95964956,0.9827947,0.9730276,0.967425,0.9625574,0.96478456,0.97553575,0.96933466,0.99999994,0.9677985,0.9693318,0.9646373,0.9529655,0.9666286,0.9527059,0.96909314,0.9645306,0.9589323,0.874871,0.9670943,0.9727006,0.9652677,0.9635225,0.968014,0.9600924,0.9548669,0.95755917,0.9447126,0.91547114,0.9745662,0.961258,0.9617414,0.9563924,0.96414083,0.96605164,0.9648944,0.9710429,0.96277076,0.9634715,0.96658087,0.9581707,0.93979245,0.9705748,0.96211016,0.9674712,0.9600765,0.96455175,0.9518741,0.9629056,0.9525812,0.9699838,0.96655065,0.9647146,0.9549426,0.96489793,0.9669304,0.966682,0.9688053,0.95239234,0.9634615,0.9679777,0.96414703,0.93460834,0.9647359,0.7408413,0.96130544,0.9566039,0.9549361,0.95508164,0.9035824,0.95745385,0.96990883,0.9651678,0.9683747,0.9628256,0.96494067,0.956291,0.9705377,0.9655896,0.95997506,0.96427643,0.97151834,0.9696258,0.9615392,0.9647359,0.95484346,0.97172594,0.97171175,0.9656376,0.9583171,0.96655303,0.9602627,0.96107787,0.96353155,0.9615042,0.95763427,0.9578925,0.9675641,0.9651761,0.9631378,0.9720354,0.9451179,0.9463667,0.9729502,0.8392523,0.9699099,0.9082591,0.9620144,0.9613805,0.9680427,0.95284367,0.9645165,0.95613223,0.96012205,0.9679105,0.96129245,0.95383847,0.97092086,0.97112477,0.9660166,0.9472183,0.9661842,0.95348513,0.97042465,0.9647671,0.966192,0.94863045,0.97145605,0.9665213,0.95799965,0.9526824,0.9642921,0.955828,0.9827947,0.96115464,0.95023584,0.964954,0.9540377,0.96511835,0.96425086,0.9536683,0.969207,0.9593878,0.96458334,0.96129024,0.9701513,0.9352007,0.9600762,0.959232,0.9606755,0.960633,0.9683623,0.94681925,0.9827947,0.9547059,0.9583772,0.961243,0.95830506
arcticmovie,0.9715014,0.9712968,0.955975,0.9621715,0.9609637,0.96318805,0.9705925,0.958691,0.98373115,0.96636677,0.9728218,0.9556505,0.97210586,0.97332793,0.96263975,0.9677985,1.0000001,0.966146,0.9617374,0.94963264,0.97082245,0.96190333,0.9639738,0.96218276,0.9556765,0.8542851,0.9610168,0.974748,0.96425647,0.9633293,0.9603681,0.9590672,0.9493537,0.9560971,0.94882226,0.9186716,0.9640892,0.96875316,0.96397644,0.9685134,0.9592846,0.96718186,0.9629824,0.9659916,0.9649817,0.9733233,0.9684455,0.96222085,0.93522954,0.97033453,0.96178806,0.96828634,0.96001905,0.9589574,0.95869553,0.96907306,0.9523051,0.9664914,0.9703527,0.97279173,0.9528887,0.96787435,0.96051496,0.95873624,0.9708544,0.9594707,0.9584825,0.96662307,0.95901704,0.9444607,0.9744586,0.73976976,0.9621076,0.9630623,0.9528072,0.9424606,0.90301245,0.9547079,0.9649903,0.96661,0.96795756,0.966556,0.9578016,0.957326,0.9620382,0.9573597,0.96194476,0.9652214,0.9728974,0.9693275,0.9574157,0.9744586,0.94447196,0.9597833,0.96295613,0.96678615,0.954292,0.9716531,0.96405625,0.96525615,0.9636118,0.9565682,0.96470845,0.9663235,0.96174264,0.9644373,0.9674528,0.9660635,0.9359195,0.94944257,0.97226495,0.8288767,0.95834625,0.90377843,0.9626334,0.96614087,0.97121704,0.95080024,0.9653462,0.9619694,0.9538402,0.9594046,0.97034395,0.95166343,0.96880907,0.96294343,0.9682557,0.9497756,0.9640532,0.9573545,0.9682485,0.96093655,0.9822047,0.9537391,0.9654267,0.9590654,0.9586704,0.9555683,0.96687853,0.9632142,0.98373115,0.96563536,0.95391566,0.9612188,0.9599279,0.9668752,0.9475689,0.9507851,0.96891975,0.9522011,0.96708685,0.96127486,0.9670343,0.94722134,0.9617977,0.9698301,0.960648,0.9717436,0.95969474,0.94472754,0.98373115,0.96063316,0.95531017,0.9561443,0.9580407
artofracingmovie,0.96395504,0.96026725,0.94904333,0.9679769,0.97719586,0.9665502,0.9726358,0.9644154,0.9809905,0.9645639,0.9700917,0.9585746,0.9663005,0.9698533,0.95522827,0.9693318,0.966146,0.9999998,0.9563588,0.9444999,0.9691913,0.9568224,0.97469586,0.9665442,0.95876443,0.87188303,0.9689977,0.9728285,0.95788383,0.95500284,0.96782315,0.96599954,0.96096593,0.9599013,0.9441865,0.9196678,0.9626238,0.96644485,0.96733016,0.9666198,0.9581767,0.95701504,0.9618474,0.961556,0.9645823,0.96384966,0.97429913,0.95694107,0.94142747,0.96237,0.95989025,0.9710083,0.9485347,0.9597,0.9548916,0.96536845,0.9536336,0.96196693,0.97233456,0.9714551,0.9526584,0.96231353,0.9606649,0.95746744,0.96943873,0.953398,0.9718765,0.96816576,0.96390754,0.95428014,0.9730527,0.7350327,0.9501091,0.95730823,0.94976425,0.9537156,0.9093384,0.96205235,0.9676578,0.9538889,0.9746079,0.97141063,0.95924914,0.95676255,0.9623705,0.96915936,0.96324134,0.9609233,0.97453487,0.9683423,0.9610096,0.9730527,0.95846087,0.96280116,0.96406686,0.958358,0.96000236,0.97259605,0.9647611,0.97450316,0.9588396,0.9521877,0.9539642,0.9651549,0.9572419,0.9604763,0.9606615,0.9610272,0.9399863,0.94518906,0.9708172,0.83746356,0.96846706,0.9168238,0.95580775,0.9680288,0.9645209,0.95724696,0.9663906,0.95675045,0.95727164,0.96256983,0.96698534,0.9526679,0.97082424,0.96400976,0.9667545,0.9510194,0.97385466,0.94880986,0.9636953,0.9736031,0.9633625,0.94541335,0.9702491,0.95601684,0.9571344,0.9589843,0.9680163,0.96799463,0.9809905,0.96630937,0.9518962,0.9604706,0.95776653,0.9687064,0.95131797,0.9572993,0.96546286,0.9603478,0.9710857,0.95660937,0.9638276,0.9403683,0.96998936,0.9677936,0.96316266,0.96461546,0.9662037,0.94568336,0.9809905,0.95948505,0.959955,0.9662229,0.95806086
avengers,0.9754734,0.96383095,0.9667686,0.9514782,0.96182954,0.9576348,0.9599345,0.9660086,0.97980535,0.9678431,0.9642594,0.95913047,0.96474975,0.9740327,0.960226,0.9646373,0.9617374,0.9563588,0.9999997,0.94853663,0.9704321,0.9672846,0.9560895,0.9615211,0.95570356,0.854933,0.9630983,0.9562065,0.9697639,0.9612294,0.97709465,0.9609182,0.9448901,0.9642213,0.9422003,0.9231188,0.95933825,0.9545319,0.95195425,0.9507025,0.9628694,0.95804214,0.95836437,0.96268,0.9670227,0.9715813,0.95304424,0.96485907,0.94075763,0.96142006,0.9702275,0.96582466,0.9580674,0.95446223,0.9447653,0.9705997,0.96459776,0.96210337,0.9609179,0.9608266,0.9628347,0.95774,0.9675806,0.96559733,0.9678987,0.9533473,0.95472217,0.9639646,0.95617175,0.9442673,0.9605347,0.75693125,0.9572854,0.9666393,0.94588244,0.9432884,0.9028678,0.952752,0.9549976,0.95551914,0.95813435,0.9601137,0.955462,0.9527957,0.9647723,0.9531213,0.958315,0.9614927,0.96582985,0.9682953,0.9574273,0.9605347,0.9396134,0.9489818,0.96662235,0.95395005,0.9498609,0.9622807,0.94518995,0.95379996,0.95579076,0.9621322,0.96413976,0.9541492,0.95607644,0.97155976,0.96107286,0.95867676,0.9383688,0.9509155,0.9696553,0.83619505,0.9470097,0.9187215,0.96383196,0.9574442,0.962571,0.94670385,0.9662614,0.95120424,0.95870686,0.95514166,0.9588589,0.94263166,0.9618361,0.9579164,0.9579404,0.9637647,0.9526416,0.95765024,0.97590923,0.96140355,0.96742034,0.9358851,0.9553283,0.96632624,0.95399654,0.95514077,0.9559244,0.9584059,0.97980535,0.9667646,0.94952136,0.9507794,0.9593493,0.95618546,0.9575253,0.94460964,0.9576351,0.9461367,0.95797485,0.95973307,0.96308833,0.9542513,0.9564322,0.95137656,0.95087475,0.9551452,0.95603776,0.93606776,0.97980535,0.9589165,0.9483702,0.95154244,0.9695195
beachbummovie,0.95009065,0.95562524,0.9476488,0.9408031,0.93635994,0.9479118,0.9529786,0.9503454,0.9649293,0.94872344,0.94880104,0.9350904,0.95095956,0.9654614,0.9789209,0.9529655,0.94963264,0.9444999,0.94853663,0.99999994,0.9535182,0.9570189,0.94304115,0.96691436,0.9537717,0.83031833,0.92805296,0.9563633,0.94218487,0.93345845,0.93407583,0.94826543,0.9471786,0.9401955,0.9100935,0.87786144,0.9430154,0.93627197,0.9522107,0.92975664,0.9557149,0.941482,0.9361431,0.94324297,0.9480216,0.95944685,0.94609016,0.94602007,0.9127163,0.9443238,0.9480553,0.9450705,0.9526967,0.95224357,0.9293198,0.9484406,0.9321116,0.9583675,0.94793713,0.9558687,0.95067304,0.9529535,0.9428053,0.95272136,0.9498079,0.94322675,0.94785225,0.9453008,0.9351293,0.9374216,0.9516871,0.73627293,0.9509712,0.9572799,0.92350066,0.9210474,0.84706175,0.9400019,0.95595205,0.95399183,0.9568409,0.94278944,0.93929017,0.9332143,0.94923794,0.93537843,0.93996197,0.94860655,0.94389635,0.95434093,0.9465251,0.9516871,0.9364034,0.94305474,0.95493805,0.9577763,0.946545,0.96381027,0.94668597,0.92816037,0.9308823,0.9641958,0.9410231,0.9484,0.94206977,0.9489176,0.9619446,0.93925583,0.91404295,0.9306103,0.954718,0.8080883,0.94854635,0.8707982,0.9416604,0.93828094,0.94232553,0.92107576,0.9552067,0.9424854,0.94638306,0.94085795,0.944653,0.9384035,0.9298149,0.9478664,0.94304067,0.9362444,0.9442488,0.9254856,0.95342475,0.9365659,0.95859396,0.90381855,0.9613685,0.9409825,0.9375977,0.9398452,0.94565356,0.9493953,0.9649293,0.9469014,0.92023057,0.93974185,0.9343182,0.94791055,0.94233096,0.914827,0.9383346,0.9351606,0.95508426,0.9403756,0.9471239,0.9362409,0.94592017,0.94466317,0.94261223,0.9496534,0.9522673,0.9294432,0.9649293,0.9513808,0.9605601,0.94142836,0.95573
bernadettefilm,0.96658236,0.9595638,0.9538716,0.9594775,0.9607702,0.95059186,0.96852326,0.9631439,0.9819456,0.9584843,0.97214514,0.95764107,0.9647309,0.97227156,0.9677986,0.9666286,0.97082245,0.9691913,0.9704321,0.9535182,1.0,0.9571462,0.9616735,0.97240645,0.95740116,0.8651162,0.9592334,0.95899343,0.9555165,0.9632018,0.962836,0.96452045,0.948738,0.9628667,0.93677944,0.92153895,0.959133,0.9575336,0.9727284,0.96102864,0.95183736,0.956136,0.95449406,0.95823765,0.9704067,0.96985584,0.9598005,0.9651637,0.9422821,0.95871216,0.9594538,0.96506256,0.95546895,0.9615574,0.9525612,0.96534145,0.9558957,0.96620023,0.9711876,0.9692786,0.9536708,0.9602896,0.9668346,0.96175975,0.9736872,0.9546298,0.9667788,0.9645899,0.9580007,0.9525377,0.9696852,0.76474553,0.9536027,0.9568357,0.9470272,0.9527855,0.89171416,0.9556562,0.9650528,0.96446556,0.9704292,0.96630365,0.95926374,0.9508039,0.9598711,0.9558721,0.9596134,0.9702217,0.9629985,0.968873,0.965987,0.9696852,0.94876695,0.95613533,0.9606041,0.9638425,0.9564088,0.97068626,0.957083,0.9654821,0.9598498,0.9570278,0.9609794,0.9608089,0.9560921,0.96286976,0.9642635,0.9681054,0.92967427,0.9468417,0.97048044,0.8146687,0.9561505,0.8978047,0.9618659,0.95976263,0.95966864,0.94041824,0.96386236,0.9608368,0.9580131,0.9650602,0.96951926,0.9412893,0.9636954,0.9545605,0.9684992,0.9564075,0.96735215,0.94115514,0.97971445,0.9586543,0.9677164,0.9390043,0.96249455,0.966012,0.9466453,0.9524712,0.9662315,0.96258605,0.9819456,0.9600892,0.954351,0.9620131,0.9518164,0.96534544,0.95489234,0.9453183,0.96742266,0.9514198,0.970668,0.95336336,0.96874005,0.9477906,0.960832,0.96460444,0.9575602,0.9624438,0.95486754,0.9374792,0.9819456,0.96052986,0.9575219,0.9554522,0.9542462
