movie,21bridgesmovie,47metersdown,abeautifuldaymovie,abominablemovie,adastramovie,adogsjourneymovie,aftermathmovie,aftermovie,ahiddenlifefilm,alitamovie,angelhasfallen,angrybirdsmovie,annabellemovie,annamovie,apollo11movie,arcticdogsmovie,arcticmovie,artofracingmovie,avengers,beachbummovie,bernadettefilm,blackandbluemovie,blackchristmas,blindedbythelightmovie,bombshellmovie,booksmart,breakthroughmovie,brianbanksmovie,brightburnmovie,brittanyrunsmov,captainmarvelofficial,captivestatemovie,catsmovie,charliesangels,childsplaymovie,clarathefilm,coldpursuitmovie,countdown,currentwarmovie,darkwatersmovie,detectivepikachumovie,disneyaladdin,disneyfrozen,disneymaleficent,doctorsleepmovie,dolemiteismyname,dontletgomovie,doramovie,downtonabbey_official,dumbo,escaperoom,everybodyknowsmovie,fastandfuriousmovie,fightingwmyfam,fivefeetapartfilm,fordvferrari,freaksthefilm,geminimanmovie,glassmovie,gloriabellmovie,godzillamovie,goldfinchmovie,goodboysmovie,goodliarmovie,gretafilm,halathemovie,happydeathdaymovie,harrietfilm,hellboymovie,hersmellmovie,highlifemovie,highstrungmovie,honeyboymovie,hotelmumbaifilm,httydragon,hustlemovie,hustlersmovie,isntitromantic,itmovieofficial,jayandsilentbob,johnwickmovie,jojorabbitmovie,jokermovie,judythefilm,jumanjimovie,justmercyfilm,knivesout,lalloronamovie,lastblackmansf,lastchristmasthemovie,latenightmovie,lighthousemovie,lionking,littlethemovie,littlewomenmovie,littlewoodsfilm,longshotmovie,lordsofchaosmovie,lucyintheskyfilm,mamovie2019,marriagestory,meettheaddams,meninblack,midsommarmovie,midwaymovie,missbalamovie,missinglinkfilm,motherlessbklyn,onceinhollywood,onthebasisofsex,overcomermovie,peanutbutterfalcon,petsematarymovie,piercingmovie,playingwithfire,playmobilthemovie,pomsmovie,queenandslim,rambomovie,readyornotfilm,richardjewellfilm,rocketmanmovie,scarystoriesmovie,secretlifeofpets,serenityfilm,shaftmovie,shazammovie,spidermanmovie,spiesindisguise,starwars,stormboymovie,stubermovie,taosdfilm,teenspiritmov,terminator,theaeronautsmov,thebestofenemies,thedeaddontdie,thefarewell,thehighwaymen,thehummingbirdprojectfilm,theintrudermovie,theirishmanfilm,thekitchenmovie,thelegomovie,themustangfilm,thenightingalefilm,theprodigymovie,thesunisalsoastar,theupsidefilm,tolkienmovie,toystory,triplefrontier,uglydolls,uncutgems,underthesilverlake,usmovie,wavesmovie,whatmenwant,wonderparkmovie,wrinklestheclown,xmenmovies,yardiefilm,yesterdaymovie,zombieland
21bridgesmovie,0.99999994,0.9594572,0.9707239,0.9599989,0.96633095,0.9742741,0.9720482,0.9706631,0.9848481,0.970649,0.96154284,0.96044356,0.9700904,0.97071004,0.97753954,0.9695863,0.9764003,0.96994615,0.98515147,0.9733062,0.97631633,0.9695693,0.9824441,0.9667144,0.98282206,0.77885544,0.9728949,0.96822155,0.9724323,0.980555,0.9645365,0.9758176,0.9589203,0.96198356,0.95834875,0.9217903,0.9790887,0.96505785,0.97652316,0.95755124,0.9644636,0.96985805,0.94839406,0.96482867,0.97563154,0.9691647,0.97877216,0.97437346,0.9608054,0.96742845,0.97001064,0.9733971,0.97104365,0.9592538,0.9490506,0.9733578,0.9773212,0.9631836,0.97502583,0.977805,0.9715019,0.9694914,0.970279,0.96526664,0.9685704,0.96324,0.96983314,0.97226775,0.9636418,0.94647,0.98257774,0.59058267,0.95587695,0.97097033,0.9545342,0.9549913,0.8502244,0.96321833,0.9685854,0.96879244,0.9713997,0.96374893,0.9743311,0.9780257,0.9591252,0.9581925,0.95950294,0.97310597,0.9599146,0.9825885,0.97036743,0.98257774,0.97656155,0.96725875,0.9628097,0.9705503,0.9695355,0.98155236,0.9696111,0.97226775,0.9636314,0.971552,0.95842046,0.97881305,0.96079004,0.9726899,0.97478443,0.9724637,0.9368363,0.9566983,0.9735502,0.71004105,0.97742784,0.8759477,0.9795109,0.9865603,0.99352264,0.96095014,0.97896093,0.96895903,0.9624427,0.96893305,0.95523506,0.9667604,0.9601917,0.975531,0.9686184,0.9707312,0.9708787,0.94020945,0.9634535,0.9703877,0.97959155,0.95404977,0.9666889,0.9792138,0.9831819,0.958123,0.98198694,0.9718465,0.9848481,0.9700601,0.9663862,0.9664063,0.9584485,0.9669952,0.97047734,0.95540345,0.9681433,0.9787525,0.97199607,0.96418977,0.96910304,0.9442107,0.97208863,0.97807115,0.98404545,0.9767741,0.9747871,0.9750644,0.9848481,0.97258353,0.9763471,0.97934985,0.9704965
47metersdown,0.9594572,1.0,0.9537946,0.96211463,0.97902524,0.9614368,0.97754925,0.9662119,0.9816159,0.9746828,0.9647343,0.9493479,0.980466,0.9854487,0.9766195,0.9759671,0.9737666,0.9763455,0.96937364,0.972434,0.97126055,0.96325076,0.9782932,0.97248596,0.9652887,0.8046076,0.96657425,0.96409875,0.9641964,0.9701442,0.96663153,0.9705076,0.92464453,0.9699481,0.9651556,0.9504389,0.9712456,0.95155,0.9803639,0.9626661,0.96237576,0.9716681,0.93877375,0.9699013,0.97720647,0.9646924,0.974036,0.96912664,0.9685991,0.9641311,0.9670495,0.9726751,0.97312385,0.9504114,0.9463589,0.95683944,0.9590877,0.9734502,0.968555,0.9691868,0.9695776,0.9628272,0.9641255,0.97120035,0.9641958,0.96266174,0.9673659,0.9619397,0.95654243,0.9579762,0.96541995,0.62765497,0.9518273,0.9761599,0.95503736,0.94047046,0.8419109,0.95298856,0.96751624,0.9601303,0.9507831,0.96936506,0.97631466,0.9788724,0.9714231,0.9522739,0.9628607,0.97054815,0.96035844,0.9687971,0.9680306,0.96541995,0.9723095,0.94679,0.9628583,0.97007555,0.95332605,0.9646056,0.9695837,0.97316754,0.9530725,0.97532225,0.94678295,0.96697015,0.9843556,0.965213,0.9827019,0.9778333,0.9262712,0.9651762,0.9785311,0.7615951,0.9811399,0.90783435,0.96487534,0.9560698,0.9645932,0.95742255,0.9695495,0.9702119,0.96875346,0.9707464,0.9565467,0.9509666,0.95431083,0.977179,0.9621648,0.9669603,0.98760056,0.9299641,0.9571421,0.96564037,0.9810418,0.95896363,0.9695056,0.97040206,0.9631482,0.97554433,0.96204203,0.9667667,0.9816159,0.9625183,0.96538144,0.9674582,0.9664067,0.9643001,0.9727753,0.9667841,0.9659815,0.9536086,0.974507,0.9562832,0.9585169,0.9318572,0.9710057,0.95834565,0.9768523,0.96761006,0.9681933,0.967998,0.9816159,0.9749109,0.956809,0.9711764,0.96744287
abeautifuldaymovie,0.9707239,0.9537946,1.0000001,0.9642381,0.96735966,0.96315616,0.98050207,0.96411896,0.9859233,0.95648044,0.96622795,0.96848303,0.96901804,0.9690399,0.96715504,0.9617566,0.97591287,0.9548862,0.9695182,0.9748169,0.96477157,0.98934436,0.9700878,0.9642892,0.9599675,0.773502,0.9710704,0.9753584,0.9897281,0.97473943,0.9686213,0.97920924,0.94501233,0.97129405,0.9719759,0.94641656,0.9810866,0.96861494,0.97147787,0.97407746,0.97137237,0.98267305,0.9692708,0.9712752,0.9639527,0.97984606,0.96921855,0.9759306,0.97068244,0.97691625,0.99143267,0.98290706,0.9696076,0.9605192,0.9628799,0.95595187,0.9640224,0.9665482,0.96616215,0.97720325,0.9529558,0.9609745,0.96657306,0.95961994,0.96769804,0.9744456,0.9600494,0.97453463,0.9735635,0.9764235,0.9829173,0.56087583,0.96335024,0.9774943,0.9577597,0.94937205,0.85410684,0.9659024,0.9763298,0.966893,0.9715272,0.97444785,0.95933825,0.9612077,0.9684554,0.95587873,0.9790461,0.9660715,0.97367036,0.9722098,0.96091056,0.9829173,0.9736405,0.9682308,0.98249215,0.9662847,0.97956127,0.97239214,0.97419506,0.9648187,0.9824788,0.9763856,0.9710557,0.98019934,0.9487459,0.9912706,0.9738344,0.9698297,0.95635784,0.9657316,0.9632719,0.77713406,0.9693359,0.8955703,0.97284687,0.9666365,0.9746234,0.9654225,0.9714553,0.9754193,0.9603511,0.95730484,0.96011895,0.94847035,0.965657,0.9732721,0.9546672,0.9800145,0.9584864,0.956206,0.9715354,0.95992804,0.9787564,0.93845224,0.96454406,0.9693417,0.9599691,0.96865344,0.97902405,0.9621205,0.9859233,0.98796827,0.9791942,0.9709455,0.94888306,0.97352046,0.9665141,0.9731236,0.9627111,0.96266425,0.97235507,0.9841267,0.9663919,0.8961188,0.9660254,0.9725365,0.96803415,0.9668489,0.97321963,0.96326333,0.9859233,0.9674938,0.98010534,0.963326,0.97630244
abominablemovie,0.9599989,0.96211463,0.9642381,0.9999997,0.96915346,0.96321124,0.9548277,0.9518577,0.97296673,0.95439017,0.95723724,0.9444841,0.9794731,0.962545,0.9561418,0.96544224,0.9610861,0.95332116,0.94965214,0.9697858,0.9603034,0.9567658,0.96803683,0.9538033,0.95633304,0.7699162,0.9672003,0.9651099,0.97312856,0.968186,0.939764,0.96407324,0.9339484,0.96662474,0.9631369,0.9435916,0.97191614,0.97325987,0.9609157,0.9522068,0.95995486,0.9696157,0.95437145,0.9590873,0.9572876,0.9647275,0.9655119,0.97199655,0.9680239,0.96843845,0.9690561,0.9690498,0.9516231,0.9497024,0.96158487,0.96787417,0.96462095,0.94307685,0.9653283,0.97570586,0.9512058,0.96804804,0.95873344,0.9647676,0.9598698,0.9585325,0.9507088,0.9615114,0.9576799,0.9727442,0.9698583,0.5435673,0.97703874,0.9700176,0.9479025,0.92899805,0.81195307,0.94740725,0.95374537,0.94518435,0.9636437,0.95589995,0.9571593,0.9486082,0.9650775,0.9378705,0.9719729,0.95299846,0.9592751,0.970848,0.9636739,0.9698583,0.96832645,0.94644815,0.9588266,0.9613551,0.95150566,0.97120917,0.95304614,0.9646668,0.9588338,0.968327,0.9529727,0.9676137,0.9605524,0.96833056,0.96011984,0.97424114,0.95272744,0.9496288,0.96515644,0.7620835,0.96085227,0.8838211,0.9546403,0.95986897,0.9628765,0.93762517,0.96071935,0.9497457,0.95804465,0.9342566,0.9688973,0.94307375,0.9446105,0.9657801,0.9505619,0.9533144,0.9589343,0.933047,0.9665906,0.93802834,0.97084934,0.93127143,0.94802725,0.9670895,0.94897336,0.959931,0.9654495,0.94743156,0.97296673,0.9723734,0.96898687,0.97301716,0.9446152,0.959016,0.9484271,0.9704162,0.97297716,0.9470565,0.94613504,0.9702591,0.93175864,0.90256727,0.9566686,0.96722347,0.9710236,0.9568685,0.9625558,0.9655952,0.97296673,0.9687417,0.9674789,0.9628964,0.9651615
adastramovie,0.96633095,0.97902524,0.96735966,0.96915346,1.0000001,0.96257794,0.9830939,0.9811012,0.9877256,0.97938585,0.95636666,0.93735427,0.978668,0.98192286,0.97673154,0.9751929,0.9706408,0.98569804,0.96819973,0.972611,0.97409654,0.97016215,0.97586167,0.9746298,0.96685505,0.7746078,0.9773481,0.95997137,0.96688163,0.9798659,0.97539437,0.9754885,0.9358529,0.9717927,0.96089226,0.93878496,0.97493285,0.9519936,0.98406696,0.9671754,0.96341467,0.976832,0.9447539,0.9642947,0.9653268,0.97038144,0.97061086,0.9817059,0.969847,0.9683511,0.96916974,0.9825501,0.96196103,0.9615982,0.95577973,0.9812186,0.96325743,0.9759225,0.98067117,0.97042745,0.9776406,0.9761381,0.96207273,0.97378635,0.9685677,0.96485287,0.9706959,0.9676277,0.9582471,0.96992975,0.9717427,0.5704818,0.9640965,0.9770088,0.9620619,0.9604012,0.83822614,0.969039,0.974469,0.9628834,0.9613327,0.9801986,0.9721475,0.98388946,0.963874,0.9687299,0.96576446,0.9742523,0.9689151,0.96843237,0.9747108,0.9717427,0.9748096,0.96673834,0.9624533,0.97357374,0.96770537,0.9653531,0.97387356,0.97646004,0.9597392,0.97871006,0.95685905,0.97070545,0.9761786,0.96972626,0.9816332,0.97956973,0.93682295,0.9653641,0.9840716,0.73987806,0.97196984,0.88651574,0.9717761,0.95794934,0.97255313,0.9549806,0.9711671,0.9716754,0.9673165,0.9620557,0.9685857,0.9525634,0.96713626,0.9866799,0.96826327,0.9613634,0.98546433,0.921537,0.9716911,0.97429746,0.9776117,0.95275635,0.97066087,0.98282415,0.97247124,0.9730804,0.96698904,0.9702418,0.9877256,0.96298325,0.96820307,0.9713816,0.950707,0.9751345,0.97198135,0.975583,0.9730718,0.96727467,0.97952074,0.96026325,0.96333545,0.9238434,0.96611476,0.96339035,0.97958535,0.9657007,0.97309065,0.9729705,0.9877256,0.9832076,0.9644356,0.96504855,0.9695798
adogsjourneymovie,0.9742741,0.9614368,0.96315616,0.96321124,0.96257794,0.99999976,0.95783436,0.9675157,0.9748466,0.95051336,0.95859635,0.95975304,0.9671493,0.974437,0.965702,0.9478025,0.95745045,0.96795106,0.9594536,0.9743333,0.96967435,0.95866567,0.98349154,0.9560767,0.974331,0.79967517,0.9628519,0.95619375,0.9703834,0.973008,0.9462944,0.961626,0.9587865,0.962005,0.9588996,0.9471373,0.97249365,0.96358067,0.9626977,0.9558127,0.96180385,0.9537332,0.93427485,0.9469549,0.95411545,0.96376127,0.9805295,0.9720272,0.9547305,0.94580764,0.9618586,0.9652367,0.9650869,0.93975425,0.9396795,0.9680726,0.96535003,0.9594434,0.97042835,0.973574,0.9613475,0.96452945,0.953613,0.9709348,0.9601107,0.9547696,0.9568124,0.9627984,0.9575391,0.953485,0.9755574,0.60624963,0.9529788,0.9711902,0.95388603,0.9424695,0.8280887,0.9575974,0.9606028,0.95649016,0.96592516,0.9627506,0.9751358,0.96126854,0.9506345,0.94118,0.96663177,0.95471483,0.9538774,0.9655913,0.9547695,0.9755574,0.96742886,0.9475736,0.9621413,0.95735115,0.9491623,0.97999,0.9589851,0.9794282,0.96457183,0.97193664,0.9482966,0.975477,0.94865066,0.9643129,0.9573078,0.9725623,0.9418455,0.9536548,0.9718581,0.7382635,0.9673891,0.8884207,0.96777797,0.9649246,0.966051,0.9628703,0.9650872,0.95619553,0.9633033,0.9613652,0.9311293,0.9810307,0.952009,0.9630188,0.954802,0.957436,0.96821505,0.9338745,0.956949,0.9569501,0.9631888,0.95148927,0.9548806,0.96909064,0.96382976,0.95930976,0.9695899,0.9637805,0.9748466,0.9573728,0.9716498,0.97120005,0.95991343,0.95542336,0.9603487,0.9543669,0.96193486,0.955761,0.95645875,0.9597196,0.95542264,0.91980684,0.9684981,0.9728277,0.9875289,0.9769396,0.9644143,0.9663801,0.9748466,0.967142,0.96561813,0.9764332,0.9635147
aftermathmovie,0.9720482,0.97754925,0.98050207,0.9548277,0.9830939,0.95783436,0.99999994,0.97741896,0.9920849,0.9783709,0.96754915,0.95968693,0.97580945,0.9824689,0.98020905,0.981306,0.98197645,0.9742655,0.983496,0.9719678,0.9692389,0.98620576,0.9767167,0.97756416,0.9722625,0.80371785,0.97326845,0.9722037,0.9786149,0.9825438,0.9852752,0.98415583,0.9374271,0.9718407,0.97389024,0.94335675,0.97648996,0.953898,0.98741955,0.97766536,0.9729734,0.982103,0.95580584,0.97129864,0.9757636,0.97526443,0.9721097,0.9793786,0.98355967,0.97467166,0.98086685,0.9899852,0.9711191,0.9734915,0.9574625,0.9576221,0.959226,0.9802743,0.9718137,0.9781437,0.97735983,0.969784,0.9737476,0.9710365,0.9778455,0.9781805,0.97459704,0.98060185,0.9674955,0.9662141,0.9788413,0.5964648,0.957948,0.98378116,0.9719146,0.96804947,0.86891174,0.97271746,0.9823826,0.9714425,0.96939224,0.9888077,0.97490436,0.9822473,0.97086895,0.9741995,0.96896094,0.9763365,0.97242427,0.9695319,0.9753234,0.9788413,0.9788778,0.9704301,0.97303593,0.9740036,0.9819528,0.9688385,0.98542297,0.9751113,0.9664199,0.98098665,0.9555872,0.97641224,0.96770173,0.9800716,0.98622334,0.97679484,0.9447951,0.97673774,0.9784135,0.77411944,0.98166263,0.8987069,0.9766851,0.9663228,0.9774791,0.9742976,0.981715,0.99125993,0.97314817,0.9694304,0.9704982,0.9454004,0.9748868,0.9810599,0.9695245,0.9820054,0.97879523,0.9444875,0.9705127,0.97346705,0.9824866,0.95041996,0.9777609,0.9822317,0.97325677,0.98055065,0.9785022,0.9669203,0.9920849,0.974499,0.973415,0.9708924,0.96232015,0.9791696,0.9777865,0.9798087,0.9719115,0.96815366,0.99268806,0.96469986,0.9723976,0.91439474,0.9741663,0.9695593,0.9699286,0.96922785,0.9780598,0.971754,0.9920849,0.9769654,0.97014654,0.9683775,0.9709131
aftermovie,0.9706631,0.9662119,0.96411896,0.9518577,0.9811012,0.9675157,0.97741896,0.99999994,0.9865021,0.9714365,0.9577343,0.9436158,0.9731483,0.9820333,0.97529334,0.96659786,0.96739835,0.97602475,0.9695856,0.9760312,0.96889734,0.9729225,0.98375434,0.97396475,0.9732166,0.76030326,0.9645649,0.9605214,0.9681653,0.9861736,0.9679038,0.97631264,0.94957167,0.9646424,0.96087724,0.9400302,0.9776252,0.95515394,0.97627103,0.9705811,0.97455686,0.9727635,0.94632554,0.95921135,0.9669859,0.9710765,0.97916925,0.9738869,0.9636363,0.9601438,0.9709853,0.98052067,0.9684676,0.9555114,0.96177864,0.9652256,0.9515564,0.9833619,0.9731589,0.9726556,0.9736619,0.97275627,0.9571744,0.969429,0.96844804,0.964054,0.9754155,0.9702955,0.95540863,0.9639534,0.977757,0.56631213,0.9455702,0.97248346,0.9606321,0.9681127,0.85317785,0.9742963,0.97933203,0.9729359,0.9607331,0.9774203,0.9677702,0.9839345,0.9599193,0.96840584,0.96531904,0.9760787,0.97172594,0.9716899,0.98178464,0.977757,0.97519964,0.97500026,0.97057927,0.9747719,0.9592467,0.97697735,0.9753182,0.98002756,0.97030246,0.9711531,0.9590079,0.9781185,0.9607348,0.9685234,0.9727705,0.9683424,0.93613636,0.9565865,0.9817039,0.73591506,0.9804652,0.88072443,0.97331196,0.9603566,0.9736689,0.9659654,0.9744543,0.97435385,0.9737933,0.9772101,0.95898426,0.9573019,0.97175956,0.9761326,0.97050077,0.96618515,0.9780921,0.9206789,0.9587371,0.97105426,0.9741097,0.9528006,0.9742423,0.987913,0.9684168,0.9735976,0.97135067,0.97584283,0.9865021,0.9599622,0.9724324,0.9722893,0.959781,0.9728573,0.9720724,0.9715512,0.9638227,0.96551013,0.9784659,0.9534281,0.9748365,0.92301095,0.96543264,0.96429145,0.98128873,0.97296023,0.9841256,0.963722,0.9865021,0.9761039,0.9727093,0.97752744,0.9697318
ahiddenlifefilm,0.9848481,0.9816159,0.9859233,0.97296673,0.9877256,0.9748466,0.9920849,0.9865021,1.0,0.982066,0.97590065,0.9696043,0.9880236,0.9896766,0.9897506,0.98579663,0.9889302,0.98268706,0.9877727,0.9872528,0.9836872,0.9893088,0.98900825,0.98380965,0.98220754,0.7937828,0.98322374,0.98233825,0.98833734,0.9931202,0.9855115,0.9889357,0.9590832,0.98334795,0.98281056,0.9594835,0.99026984,0.971716,0.9916924,0.983536,0.9837636,0.99023056,0.96702933,0.98038816,0.98260605,0.9878285,0.98707056,0.98861796,0.9840003,0.9830218,0.9889629,0.9945321,0.9829053,0.97607833,0.97198915,0.97401375,0.9742675,0.98617613,0.98759544,0.98756295,0.98231125,0.9810436,0.9792905,0.98139477,0.9830065,0.98451954,0.98183846,0.9848955,0.97531354,0.97949964,0.99155825,0.5926479,0.9690677,0.990921,0.97479767,0.96885496,0.86133033,0.9808426,0.98597795,0.98033714,0.9753473,0.9864115,0.98327816,0.98927635,0.9785583,0.9765498,0.9824768,0.9850418,0.9843019,0.9856261,0.98450077,0.99155825,0.9874745,0.9795892,0.9822377,0.9856967,0.9801792,0.9854711,0.9856931,0.98439586,0.9826964,0.9878121,0.96906966,0.99188894,0.9766862,0.98907465,0.99128544,0.98858047,0.9552059,0.9796264,0.988445,0.76687187,0.9904466,0.9065046,0.98761106,0.9803118,0.98828566,0.97705656,0.9850139,0.986366,0.98121035,0.979481,0.9750325,0.9647888,0.98124504,0.99059296,0.975609,0.9851581,0.9850361,0.9532088,0.978977,0.97839445,0.9908076,0.9640867,0.9850626,0.9907515,0.97999495,0.9861756,0.9882506,0.98251164,1.0,0.98224366,0.9866662,0.9855181,0.9721213,0.9879333,0.9866458,0.98502994,0.982209,0.9795087,0.98982537,0.9768294,0.9822154,0.9298447,0.9838797,0.9827497,0.9871695,0.983708,0.9908256,0.98345613,1.0,0.98775095,0.9880415,0.9842532,0.98358876
alitamovie,0.970649,0.9746828,0.95648044,0.95439017,0.97938585,0.95051336,0.9783709,0.9714365,0.982066,0.99999994,0.9557428,0.9434324,0.97206956,0.9757071,0.9702223,0.97702026,0.9676261,0.9714421,0.97201014,0.9686588,0.9686149,0.9659771,0.96842057,0.9711431,0.97125345,0.8233051,0.9759021,0.9568496,0.9600039,0.9724696,0.97393537,0.9735214,0.92543703,0.96957433,0.96451634,0.9373005,0.96720445,0.9490522,0.98384786,0.96503556,0.95937383,0.9749556,0.93416804,0.9653021,0.970109,0.9621295,0.9648527,0.9691613,0.97187245,0.96824753,0.9628681,0.9781329,0.9669303,0.9557105,0.94035435,0.95831436,0.9646884,0.9713081,0.97679144,0.9642184,0.9726382,0.9733999,0.9572214,0.9573044,0.96021783,0.96756935,0.9734227,0.9695016,0.95794284,0.95035005,0.9671094,0.62690896,0.95502514,0.96678877,0.9511199,0.95130885,0.8679395,0.95593977,0.96850115,0.9600634,0.9550381,0.97120047,0.9676692,0.9854278,0.9578029,0.96159375,0.95388854,0.9796478,0.9651521,0.9675337,0.97188544,0.9671094,0.97120315,0.9555476,0.95424515,0.9746955,0.95658684,0.96319354,0.97245175,0.9695408,0.9531826,0.9694515,0.95735544,0.9665777,0.9908644,0.96269494,0.9802206,0.970814,0.9188203,0.96339154,0.97986054,0.7639698,0.9792287,0.9020422,0.9821448,0.9637488,0.9756734,0.95190024,0.9725835,0.97188854,0.95419335,0.9727994,0.9546149,0.9431977,0.9631685,0.97975576,0.9597336,0.962857,0.9752107,0.92154044,0.96270895,0.97791946,0.977733,0.95435077,0.9772439,0.97932136,0.96373844,0.9641357,0.96346277,0.9632927,0.982066,0.9609109,0.9615453,0.9611113,0.9473275,0.97613907,0.9727045,0.9596053,0.9615955,0.9745332,0.9796639,0.94149023,0.9628919,0.9459416,0.96081424,0.96496755,0.96897835,0.96250284,0.9679859,0.97529286,0.982066,0.98174655,0.9592172,0.9679629,0.9622258
angelhasfallen,0.96154284,0.9647343,0.96622795,0.95723724,0.95636666,0.95859635,0.96754915,0.9577343,0.97590065,0.9557428,1.0000001,0.950039,0.96452826,0.97180074,0.9559611,0.96964276,0.9658804,0.9681107,0.9702542,0.9656641,0.9681425,0.9636676,0.9689723,0.9750055,0.9586787,0.7520497,0.96260697,0.95351577,0.9738372,0.96585023,0.9548602,0.9747736,0.93573815,0.97366226,0.9587607,0.95552564,0.97652954,0.9643741,0.9658011,0.97968227,0.9740217,0.9726729,0.9512864,0.95499027,0.97009975,0.9682406,0.9652989,0.9680328,0.9658488,0.9577366,0.9737618,0.9767482,0.9591083,0.96459764,0.95193875,0.949862,0.95819056,0.9677001,0.9569559,0.9647325,0.9582194,0.95647734,0.9598911,0.9761091,0.96862143,0.9749056,0.94911677,0.9712845,0.98784816,0.94829655,0.9640566,0.56768924,0.9339944,0.9614209,0.9294442,0.9308372,0.797754,0.9611817,0.97672397,0.969511,0.9799786,0.956506,0.9763749,0.9526386,0.96064514,0.963005,0.9824885,0.9507011,0.9782205,0.97433615,0.96517277,0.9640566,0.95945245,0.951965,0.97160894,0.96454984,0.9669487,0.9662836,0.9595949,0.9540762,0.9681248,0.9686541,0.9448634,0.97243434,0.9501329,0.9748067,0.96238905,0.9722351,0.9562384,0.9614161,0.9712142,0.7425842,0.9726737,0.87908083,0.95611006,0.966392,0.9629849,0.942147,0.97020656,0.9623188,0.96918815,0.9490703,0.9512366,0.9600572,0.9657545,0.9590837,0.9379494,0.9748688,0.9562396,0.9443544,0.96437943,0.9466223,0.96978295,0.9233316,0.96771556,0.97014695,0.95161676,0.97174263,0.95503485,0.9581149,0.97590065,0.96797144,0.9689535,0.983878,0.9720295,0.9596448,0.9757928,0.9652581,0.97862077,0.9648892,0.9641938,0.96768093,0.96786207,0.89720094,0.97111505,0.9560171,0.96538806,0.9645219,0.9687817,0.9475972,0.97590065,0.9642285,0.97473174,0.9593111,0.95742
angrybirdsmovie,0.96044356,0.9493479,0.96848303,0.9444841,0.93735427,0.95975304,0.95968693,0.9436158,0.9696043,0.9434324,0.950039,0.9999999,0.953295,0.95275414,0.96237737,0.95550036,0.96322215,0.93989444,0.96250135,0.9572472,0.9455776,0.9694013,0.96070963,0.9490098,0.9597078,0.8038182,0.94925827,0.96504503,0.9749975,0.9683771,0.9504403,0.9467708,0.94820035,0.95909613,0.9788885,0.9542828,0.96026564,0.9510472,0.95054096,0.9516537,0.9606433,0.961816,0.94708246,0.9598513,0.9533084,0.96397936,0.9620864,0.9570086,0.9597038,0.96071607,0.9687285,0.96131194,0.9645469,0.9378405,0.93063873,0.9349352,0.95341504,0.9594703,0.94873637,0.9615365,0.9379909,0.9341696,0.9540117,0.94079924,0.9450796,0.9528214,0.93837297,0.9514234,0.9536615,0.9573969,0.96547943,0.63383186,0.93906146,0.96515864,0.95470214,0.93761677,0.8696269,0.95695406,0.94666785,0.9457218,0.9481289,0.9554971,0.9485416,0.95060956,0.96018773,0.9329359,0.95929545,0.95249695,0.9455571,0.9605918,0.93848103,0.96547943,0.9514218,0.95176816,0.95912755,0.95151705,0.9522806,0.96364546,0.9516022,0.9526088,0.9610449,0.9522057,0.95297676,0.9678015,0.93938494,0.966098,0.960756,0.95574796,0.96096295,0.9581932,0.939838,0.7991602,0.9649829,0.9081248,0.97040504,0.9605067,0.9524583,0.9727518,0.95038193,0.95528346,0.938842,0.956307,0.92015374,0.921575,0.9515207,0.9531248,0.9466473,0.95469403,0.94347686,0.9670431,0.93970233,0.94451535,0.9590498,0.9374894,0.9595949,0.94874376,0.93573236,0.9512947,0.97298574,0.94527096,0.9696043,0.9650836,0.96323663,0.9547779,0.95095116,0.9544785,0.95203733,0.96329045,0.9396593,0.93800634,0.95384854,0.96132016,0.9516869,0.8860947,0.9496362,0.96433854,0.9537145,0.9590274,0.95991683,0.96245396,0.9696043,0.94561917,0.9704842,0.95652324,0.96214074
annabellemovie,0.9700904,0.980466,0.96901804,0.9794731,0.978668,0.9671493,0.97580945,0.9731483,0.9880236,0.97206956,0.96452826,0.953295,1.0000001,0.98139375,0.98142153,0.97475165,0.97709906,0.9726547,0.9700905,0.98356307,0.9745197,0.97089076,0.9823986,0.9700835,0.9720063,0.8124176,0.9831617,0.9707258,0.9837188,0.98259395,0.9748658,0.98300016,0.9416253,0.98003066,0.9702337,0.9538129,0.9802342,0.9725066,0.9793778,0.97055984,0.970976,0.98143363,0.95838875,0.97476494,0.9770408,0.9777674,0.9803258,0.9831021,0.9753196,0.97523755,0.9827303,0.9830189,0.9731236,0.96202666,0.9745742,0.967648,0.9648669,0.9769667,0.98025787,0.97898,0.9797128,0.97101563,0.9728005,0.97757715,0.97681844,0.9711354,0.9794189,0.97386914,0.96363944,0.9778252,0.9792476,0.59027845,0.9762134,0.97880954,0.9578255,0.96019536,0.84912527,0.96936953,0.9734508,0.9644402,0.96276677,0.98067814,0.9783705,0.9745226,0.98216426,0.9708214,0.978026,0.9799218,0.97021306,0.97540843,0.97489494,0.9792476,0.9812129,0.9659204,0.97432655,0.9829571,0.97110856,0.9801536,0.9754446,0.9819252,0.97135776,0.9798274,0.9629514,0.97850907,0.97643477,0.98302895,0.9807058,0.98433983,0.94203746,0.9726653,0.9867311,0.7744372,0.9827385,0.90086883,0.9759351,0.9730566,0.97347677,0.95241046,0.97618115,0.9714841,0.9750114,0.97304434,0.9737479,0.95649487,0.9654551,0.9851668,0.9740747,0.9753505,0.98407286,0.93126166,0.9746511,0.97219086,0.98442453,0.95677245,0.96921647,0.98011804,0.9670473,0.98067665,0.9772299,0.98034334,0.9880236,0.9763044,0.9836808,0.9746406,0.96700525,0.9782548,0.9741371,0.9733404,0.9748115,0.95803636,0.9697232,0.9677054,0.96586293,0.9213973,0.9694983,0.97338784,0.97889155,0.9736195,0.98054916,0.9782703,0.9880236,0.97866786,0.9758677,0.9809878,0.981183
annamovie,0.97071004,0.9854487,0.9690399,0.962545,0.98192286,0.974437,0.9824689,0.9820333,0.9896766,0.9757071,0.97180074,0.95275414,0.98139375,1.0000001,0.98133975,0.97667897,0.98227596,0.98032624,0.97190034,0.9787249,0.9782104,0.9787708,0.9832872,0.9858585,0.97934216,0.786625,0.9697588,0.969017,0.9759316,0.9768987,0.9710766,0.98219544,0.94722116,0.979302,0.9667791,0.9597122,0.9847965,0.95986885,0.98591447,0.9791822,0.97538567,0.9750971,0.9427575,0.9654378,0.97474116,0.97608125,0.9814078,0.981217,0.97497165,0.96317756,0.9776895,0.9855445,0.9704727,0.9582579,0.96025133,0.96286875,0.95908076,0.9813159,0.9851152,0.9817723,0.9777694,0.9760685,0.96518046,0.98646134,0.97248447,0.97145045,0.9809757,0.97848076,0.9660582,0.97106034,0.98441124,0.59769255,0.954233,0.98331314,0.96237135,0.95704836,0.83785504,0.9728591,0.9804568,0.9783498,0.9629518,0.9742352,0.982635,0.98422396,0.97357786,0.96373904,0.97480166,0.9715655,0.9746849,0.9716097,0.9774654,0.98441124,0.97769403,0.9584725,0.9800408,0.97810644,0.96190447,0.9739214,0.96973133,0.9791024,0.97455066,0.97972727,0.9576552,0.9848096,0.9769719,0.9776558,0.9827067,0.9892772,0.9354218,0.9707831,0.9897297,0.7514968,0.98265415,0.8961562,0.97044295,0.97050565,0.9769684,0.96240735,0.9789559,0.9817457,0.98100287,0.974027,0.95788664,0.9687141,0.96742153,0.9782534,0.96196014,0.9753083,0.9877451,0.93733144,0.96273386,0.97003764,0.9847099,0.9645902,0.978088,0.9782143,0.9698717,0.98454565,0.97861207,0.9786543,0.9896766,0.97046614,0.97908133,0.97847855,0.9761077,0.9792261,0.9848243,0.9726631,0.9745753,0.9677221,0.9795559,0.95875394,0.9788935,0.9360917,0.98523474,0.97331536,0.9843079,0.982009,0.97884274,0.97250926,0.9896766,0.98433995,0.97344023,0.9797484,0.9769633
apollo11movie,0.97753954,0.9766195,0.96715504,0.9561418,0.97673154,0.965702,0.98020905,0.97529334,0.9897506,0.9702223,0.9559611,0.96237737,0.98142153,0.98133975,0.9999998,0.97924566,0.98457396,0.97602,0.9845429,0.98061734,0.9744949,0.97761506,0.9833703,0.9668841,0.9796964,0.80191785,0.9661619,0.97468054,0.97500503,0.9840486,0.9848142,0.97420275,0.9535525,0.9640306,0.9733545,0.9469468,0.9760762,0.9561073,0.9792197,0.96680516,0.96591717,0.9702335,0.94784075,0.9655195,0.9701242,0.97954,0.98138034,0.971173,0.97168607,0.96366143,0.97309154,0.9771138,0.975173,0.9635064,0.954946,0.9610287,0.9579735,0.979291,0.98490036,0.9750498,0.97426665,0.96967006,0.9639872,0.97112674,0.9719017,0.9649586,0.9751529,0.9614406,0.9558419,0.96583444,0.9793452,0.60468674,0.95329005,0.9827754,0.9680305,0.96474147,0.8645557,0.97783697,0.9710272,0.9721469,0.95673496,0.97731483,0.97589517,0.988196,0.9682853,0.9610429,0.9666647,0.97729063,0.96714413,0.9729779,0.97270936,0.9793452,0.97840697,0.97006243,0.96672255,0.9861774,0.96823573,0.9762643,0.97453016,0.9777034,0.96714723,0.97985226,0.95133805,0.9823003,0.97037834,0.9746881,0.9834478,0.9793694,0.9426459,0.9697481,0.98084086,0.7419726,0.9853463,0.8963007,0.9775749,0.9739406,0.9778023,0.9731592,0.97271615,0.9720214,0.9714396,0.9777526,0.9592009,0.9578896,0.9714491,0.9873449,0.97813195,0.9718347,0.98005587,0.94483465,0.96344995,0.9651346,0.98174286,0.96321964,0.9778393,0.97671753,0.9691126,0.97774166,0.97763574,0.9808264,0.9897506,0.965186,0.9732899,0.9705,0.9659785,0.9750786,0.9733175,0.9731559,0.96717495,0.9704578,0.97994345,0.95547396,0.97550046,0.92063826,0.97879344,0.9718917,0.97969717,0.970932,0.98006487,0.9818214,0.9897506,0.97071385,0.972569,0.98209876,0.9788962
arcticdogsmovie,0.9695863,0.9759671,0.9617566,0.96544224,0.9751929,0.9478025,0.981306,0.96659786,0.98579663,0.97702026,0.96964276,0.95550036,0.97475165,0.97667897,0.97924566,1.0000002,0.9797277,0.97276366,0.978404,0.96794856,0.97046065,0.9730673,0.9704544,0.9733835,0.96803886,0.78208905,0.96671915,0.96694565,0.9717284,0.9752043,0.97229815,0.9721252,0.93115634,0.96822095,0.97628015,0.95054406,0.97272956,0.9481408,0.9838302,0.9695468,0.9764358,0.9806615,0.95221496,0.97230667,0.9740113,0.97068703,0.96823376,0.96780586,0.97810197,0.97699225,0.97293943,0.9823076,0.9602751,0.9655851,0.9547049,0.9592135,0.9615971,0.96949357,0.9698643,0.9736115,0.9761237,0.9648517,0.9607276,0.96811944,0.96819115,0.9716513,0.965923,0.9665306,0.9578957,0.9654933,0.9696071,0.56286705,0.95696473,0.9764619,0.9631533,0.94679004,0.8408895,0.96740496,0.97041,0.9730561,0.9640806,0.96835965,0.96919316,0.9761466,0.9688952,0.96523476,0.97090197,0.96983165,0.966303,0.97485906,0.97005916,0.9696071,0.9684338,0.9656399,0.9593717,0.9830787,0.9624595,0.9694143,0.96360505,0.9647095,0.9587123,0.97125083,0.95638937,0.97186875,0.9743141,0.9703916,0.9850707,0.97902757,0.95709306,0.9660887,0.9780127,0.7440717,0.9793046,0.88807017,0.9711468,0.96909,0.9759927,0.95525,0.97191113,0.96992755,0.9621515,0.96106374,0.97252464,0.9372305,0.9622295,0.98059213,0.97129774,0.97366893,0.97412825,0.9495613,0.96311045,0.95732844,0.98067826,0.9534869,0.97486246,0.9757453,0.9636999,0.97247255,0.97130126,0.96391195,0.98579663,0.97128755,0.97012705,0.97362727,0.9630647,0.97316366,0.97164625,0.98090094,0.9756593,0.96807617,0.9800482,0.9547519,0.9666596,0.9180201,0.9690931,0.9595577,0.9643668,0.9613986,0.975152,0.9746447,0.98579663,0.978399,0.9718907,0.9641975,0.9730064
arcticmovie,0.9764003,0.9737666,0.97591287,0.9610861,0.9706408,0.95745045,0.98197645,0.96739835,0.9889302,0.9676261,0.9658804,0.96322215,0.97709906,0.98227596,0.98457396,0.9797277,0.99999976,0.96633494,0.98588717,0.9811611,0.97060895,0.9789296,0.97475755,0.9711715,0.97430223,0.757108,0.9661887,0.98583555,0.98079115,0.978091,0.9795109,0.982244,0.95453167,0.9727975,0.9716633,0.9511813,0.9860956,0.9542706,0.9826206,0.9711268,0.9683842,0.9802522,0.9665923,0.97534716,0.981621,0.9796299,0.9739712,0.97364837,0.9749525,0.97636276,0.9788623,0.9808743,0.9748318,0.96731347,0.9578395,0.95673996,0.960905,0.9753862,0.97690237,0.9739659,0.96535546,0.962568,0.97121567,0.9739693,0.9676762,0.97428745,0.9724956,0.9746992,0.96316385,0.9729701,0.98070854,0.59256387,0.9547907,0.98446715,0.9604666,0.9499634,0.84836584,0.97301203,0.9776072,0.97759813,0.959453,0.9730439,0.972247,0.9780994,0.9678075,0.96286356,0.97309417,0.9778757,0.9646232,0.9789527,0.96604174,0.98070854,0.9762315,0.9708551,0.97102684,0.9751669,0.9723981,0.9795795,0.9687757,0.9651141,0.9776838,0.9755224,0.9566388,0.9819217,0.96690875,0.9795746,0.9803713,0.98014736,0.94034034,0.968495,0.97307956,0.7535845,0.98330784,0.9000939,0.9736605,0.9722495,0.97660327,0.9649249,0.9751887,0.9753615,0.97206986,0.9716898,0.961722,0.9472178,0.9655789,0.9796254,0.96428317,0.97775173,0.9693482,0.9602952,0.9620394,0.9588515,0.9902005,0.96865,0.9791933,0.9712224,0.96239066,0.97245795,0.9801502,0.97672933,0.9889302,0.97601944,0.9766553,0.9750574,0.9666094,0.977092,0.9772586,0.97471285,0.9700199,0.96262836,0.9784025,0.9652529,0.9803232,0.9282766,0.97541153,0.96852654,0.9744472,0.97074705,0.98220164,0.975525,0.9889302,0.9741669,0.9826787,0.9756389,0.9749938
artofracingmovie,0.96994615,0.9763455,0.9548862,0.95332116,0.98569804,0.96795106,0.9742655,0.97602475,0.98268706,0.9714421,0.9681107,0.93989444,0.9726547,0.98032624,0.97602,0.97276366,0.96633494,0.99999994,0.97270936,0.96399254,0.9843316,0.9582428,0.9790523,0.9776886,0.96285605,0.76770324,0.9743087,0.94270504,0.9596002,0.9763421,0.9722798,0.97510374,0.9479547,0.97050405,0.95221174,0.92836857,0.97007364,0.9430319,0.97990316,0.9664805,0.9644948,0.969842,0.9328655,0.9568046,0.9715558,0.9682908,0.97625107,0.9824114,0.95709413,0.95739114,0.95941055,0.9729591,0.95787334,0.9555183,0.9482493,0.9826529,0.96059084,0.98135906,0.9757693,0.9634533,0.98641574,0.96306455,0.963374,0.9770927,0.964268,0.9600419,0.9657937,0.95935196,0.9599533,0.9516991,0.96680087,0.5639624,0.94570655,0.96446085,0.95652914,0.9589588,0.80673784,0.97581244,0.97162056,0.9690989,0.9593823,0.9705593,0.9820185,0.9791349,0.95036036,0.96781397,0.96069616,0.967901,0.9622739,0.9698835,0.96921176,0.96680087,0.9724524,0.96173173,0.9522451,0.96996486,0.9630295,0.96382505,0.9623685,0.97330916,0.955473,0.97106516,0.9483034,0.966457,0.9657054,0.96246743,0.97747934,0.97537315,0.94122875,0.9632433,0.9842229,0.6910518,0.97838897,0.8512381,0.9757496,0.9638267,0.9689626,0.9494216,0.9696099,0.96181804,0.97104394,0.971782,0.9544531,0.9623074,0.9725487,0.9758655,0.967419,0.96336496,0.98669475,0.9270869,0.9676368,0.97262365,0.97091824,0.95140314,0.9781443,0.9772187,0.9700593,0.96737474,0.96206564,0.9794468,0.98268706,0.9533589,0.9634684,0.9714069,0.9633758,0.9599152,0.9757549,0.970392,0.97145814,0.96264523,0.9767912,0.94959515,0.96874017,0.93167686,0.9711774,0.9592705,0.98095334,0.97154474,0.97187066,0.9780629,0.98268706,0.9804765,0.9653041,0.96371555,0.9637656
avengers,0.98515147,0.96937364,0.9695182,0.94965214,0.96819973,0.9594536,0.983496,0.9695856,0.9877727,0.97201014,0.9702542,0.96250135,0.9700905,0.97190034,0.9845429,0.978404,0.98588717,0.97270936,0.9999998,0.9733488,0.9762953,0.97036135,0.97781235,0.9627051,0.98032695,0.7720948,0.9657058,0.97240704,0.97109604,0.9832226,0.98361677,0.97812086,0.95201266,0.96259046,0.9720682,0.93859494,0.9804417,0.9515141,0.9820738,0.9658857,0.96408564,0.974965,0.9501781,0.96988225,0.9769981,0.96823806,0.9732702,0.97100925,0.9665707,0.97073627,0.97090775,0.9777058,0.9765687,0.975818,0.9480341,0.96138036,0.9643672,0.9714415,0.97011846,0.968841,0.9710773,0.97042346,0.9657912,0.9668994,0.97369415,0.9705643,0.9657897,0.9697712,0.96744144,0.9524018,0.97576654,0.6081163,0.94631886,0.9748484,0.9620426,0.95288956,0.852416,0.969151,0.97977763,0.97378933,0.9684594,0.9713449,0.97668713,0.97922957,0.9595466,0.9688878,0.96339697,0.9789402,0.96588075,0.97682506,0.97229046,0.97576654,0.9700106,0.9670361,0.9642342,0.97257984,0.9747291,0.9758035,0.9730563,0.96758264,0.9629444,0.9751795,0.9486301,0.9778923,0.9637906,0.9732007,0.97926354,0.97178054,0.9372732,0.96332145,0.97370416,0.7314365,0.9843846,0.8919961,0.9760938,0.97481656,0.97916454,0.96964365,0.98055315,0.9777106,0.96521616,0.97101516,0.9603916,0.9541919,0.9740244,0.97556335,0.96945965,0.9811286,0.9689819,0.9539948,0.9708012,0.9649952,0.9816746,0.955897,0.97532487,0.98008776,0.9739976,0.96502817,0.97551346,0.9704801,0.9877727,0.9654198,0.9654536,0.97268075,0.9652039,0.970645,0.98012745,0.9704414,0.9712863,0.97827995,0.9862318,0.96082324,0.9753868,0.9230158,0.97108746,0.9682604,0.9731119,0.9670949,0.9770684,0.96901697,0.9877727,0.97171503,0.9764502,0.9708369,0.9669931
beachbummovie,0.9733062,0.972434,0.9748169,0.9697858,0.972611,0.9743333,0.9719678,0.9760312,0.9872528,0.9686588,0.9656641,0.9572472,0.98356307,0.9787249,0.98061734,0.96794856,0.9811611,0.96399254,0.9733488,0.9999999,0.9716249,0.9719368,0.9834964,0.96309876,0.97227126,0.7962271,0.9717072,0.973548,0.9819763,0.9780977,0.9692842,0.9743204,0.9590661,0.9707559,0.97764575,0.95960575,0.98625857,0.970138,0.97447956,0.97053236,0.974669,0.9773302,0.9599055,0.9735968,0.9672627,0.9785128,0.9803406,0.9693251,0.96884805,0.9714004,0.97589344,0.9775891,0.9821379,0.9590895,0.9623983,0.9599691,0.96060723,0.9747619,0.9790727,0.9772057,0.9634834,0.9709011,0.9603146,0.97507626,0.96461487,0.97610587,0.9729138,0.9699536,0.96682817,0.9744148,0.97995764,0.60413504,0.9551238,0.97743976,0.95176053,0.94957656,0.85363716,0.9724299,0.9744612,0.96520936,0.964551,0.9750057,0.9745623,0.9743035,0.9618424,0.9555349,0.9812311,0.9793866,0.97142434,0.97721785,0.97069544,0.97995764,0.9789601,0.9702956,0.97532606,0.9808547,0.96300656,0.9897126,0.97453034,0.9748177,0.9791637,0.9801137,0.96726924,0.9852578,0.9668017,0.9764532,0.9722572,0.97919244,0.93898404,0.9606846,0.978743,0.7741681,0.9810129,0.91487116,0.97699094,0.9695424,0.97380215,0.96109647,0.96655667,0.9703842,0.9702651,0.97410554,0.9565885,0.96854144,0.96333295,0.98166543,0.9608569,0.97149193,0.96828574,0.93969774,0.96535605,0.96260816,0.9814739,0.9568298,0.97317433,0.97767395,0.9618674,0.9700753,0.97426194,0.9774298,0.9872528,0.97189236,0.9798931,0.985129,0.97225255,0.97231364,0.96978116,0.97007567,0.9720776,0.9674353,0.9684077,0.9686931,0.9750078,0.92581934,0.9662854,0.97328097,0.9835621,0.97090787,0.9816547,0.96998125,0.9872528,0.96985346,0.98259133,0.98633367,0.96989715
bernadettefilm,0.97631633,0.97126055,0.96477157,0.9603034,0.97409654,0.96967435,0.9692389,0.96889734,0.9836872,0.9686149,0.9681425,0.9455776,0.9745197,0.9782104,0.9744949,0.97046065,0.97060895,0.9843316,0.9762953,0.9716249,1.0,0.96329576,0.9830076,0.97079027,0.9639672,0.78008753,0.97512585,0.952695,0.9652064,0.972708,0.97284204,0.9782927,0.95536906,0.97575015,0.9641725,0.9318249,0.9800172,0.9596239,0.9774288,0.96107227,0.9669001,0.97623235,0.9488711,0.9704816,0.96758926,0.96510506,0.98280436,0.97749126,0.95728546,0.97240806,0.96668035,0.9714472,0.9697912,0.95644563,0.96314937,0.98084587,0.9682009,0.9655462,0.9751754,0.96876997,0.9785437,0.9671137,0.9644674,0.97136116,0.95804065,0.96262836,0.97368264,0.9668476,0.9603618,0.9580614,0.9748387,0.5625971,0.95689565,0.9696788,0.96578705,0.9511394,0.8269685,0.9667727,0.9667872,0.9582836,0.96171755,0.9594572,0.9782351,0.9720385,0.9590169,0.9513349,0.9639166,0.9700742,0.9622654,0.9781288,0.9703477,0.9748387,0.97608024,0.9486797,0.9614795,0.97782516,0.9508993,0.96921456,0.9655368,0.9779367,0.9638748,0.9687281,0.9568073,0.97510403,0.96805644,0.969106,0.9828421,0.98054534,0.9309677,0.95972294,0.9776138,0.70865375,0.97517747,0.85940963,0.97617716,0.9742225,0.97938275,0.9571203,0.9751583,0.9725585,0.9660546,0.97456443,0.9624385,0.96901155,0.96970254,0.97305787,0.96209383,0.9784931,0.9791842,0.94571877,0.98244447,0.9682124,0.977962,0.95776427,0.9679301,0.97855186,0.9808346,0.9574043,0.96998805,0.9728528,0.9836872,0.9601157,0.97109056,0.9725547,0.9641397,0.9610987,0.9748128,0.9714717,0.96951103,0.97267336,0.96755207,0.9612893,0.9667015,0.9408994,0.9714318,0.96411014,0.98390514,0.9783447,0.9667938,0.9745625,0.9836872,0.9869667,0.97210336,0.9764002,0.9664028
