movie,21bridgesmovie,47metersdown,abeautifuldaymovie,abominablemovie,adastramovie,adogsjourneymovie,aftermathmovie,aftermovie,ahiddenlifefilm,alitamovie,angelhasfallen,angrybirdsmovie,annabellemovie,annamovie,apollo11movie,arcticdogsmovie,arcticmovie,artofracingmovie,avengers,beachbummovie,bernadettefilm,blackandbluemovie,blackchristmas,blindedbythelightmovie,bombshellmovie,booksmart,breakthroughmovie,brianbanksmovie,brightburnmovie,brittanyrunsmov,captainmarvelofficial,captivestatemovie,catsmovie,charliesangels,childsplaymovie,clarathefilm,coldpursuitmovie,countdown,currentwarmovie,darkwatersmovie,detectivepikachumovie,disneyaladdin,disneyfrozen,disneymaleficent,doctorsleepmovie,dolemiteismyname,dontletgomovie,doramovie,downtonabbey_official,dumbo,escaperoom,everybodyknowsmovie,fastandfuriousmovie,fightingwmyfam,fivefeetapartfilm,fordvferrari,freaksthefilm,geminimanmovie,glassmovie,gloriabellmovie,godzillamovie,goldfinchmovie,goodboysmovie,goodliarmovie,gretafilm,halathemovie,happydeathdaymovie,harrietfilm,hellboymovie,hersmellmovie,highlifemovie,highstrungmovie,honeyboymovie,hotelmumbaifilm,httydragon,hustlemovie,hustlersmovie,isntitromantic,itmovieofficial,jayandsilentbob,johnwickmovie,jojorabbitmovie,jokermovie,judythefilm,jumanjimovie,justmercyfilm,knivesout,lalloronamovie,lastblackmansf,lastchristmasthemovie,latenightmovie,lighthousemovie,lionking,littlethemovie,littlewomenmovie,littlewoodsfilm,longshotmovie,lordsofchaosmovie,lucyintheskyfilm,mamovie2019,marriagestory,meettheaddams,meninblack,midsommarmovie,midwaymovie,missbalamovie,missinglinkfilm,motherlessbklyn,onceinhollywood,onthebasisofsex,overcomermovie,peanutbutterfalcon,petsematarymovie,piercingmovie,playingwithfire,playmobilthemovie,pomsmovie,queenandslim,rambomovie,readyornotfilm,richardjewellfilm,rocketmanmovie,scarystoriesmovie,secretlifeofpets,serenityfilm,shaftmovie,shazammovie,spidermanmovie,spiesindisguise,starwars,stormboymovie,stubermovie,taosdfilm,teenspiritmov,terminator,theaeronautsmov,thebestofenemies,thedeaddontdie,thefarewell,thehighwaymen,thehummingbirdprojectfilm,theintrudermovie,theirishmanfilm,thekitchenmovie,thelegomovie,themustangfilm,thenightingalefilm,theprodigymovie,thesunisalsoastar,theupsidefilm,tolkienmovie,toystory,triplefrontier,uglydolls,uncutgems,underthesilverlake,usmovie,wavesmovie,whatmenwant,wonderparkmovie,wrinklestheclown,xmenmovies,yardiefilm,yesterdaymovie,zombieland
21bridgesmovie,1.0,0.9401999,0.95840096,0.9448161,0.96520764,0.95595974,0.9667162,0.95834243,0.9786546,0.9456669,0.9628168,0.95861834,0.9481362,0.9602239,0.9582905,0.96269363,0.9497402,0.9486271,0.97718656,0.94607985,0.96416837,0.95324284,0.9604717,0.9684043,0.95228636,0.86390847,0.93881214,0.9613375,0.94928676,0.9590932,0.95941055,0.95551205,0.9476377,0.94143957,0.9457605,0.9237487,0.9563488,0.96450746,0.9623056,0.95841146,0.94461787,0.96239233,0.9445927,0.96087587,0.9594145,0.95858324,0.9648518,0.96082866,0.96170557,0.9610208,0.96010375,0.9669097,0.95039445,0.9559348,0.94306934,0.9702787,0.9495257,0.96151197,0.948233,0.96137524,0.93634707,0.95634747,0.94498277,0.95419973,0.9601578,0.9538939,0.94632477,0.958982,0.95578873,0.9443322,0.962379,0.7257801,0.9483081,0.9648953,0.9459886,0.937121,0.9209891,0.951526,0.9601475,0.96054745,0.95757776,0.9551763,0.9583013,0.9471602,0.9498145,0.9514726,0.95771986,0.96669066,0.9486344,0.9599285,0.959178,0.962379,0.9499558,0.95511216,0.95080453,0.9594633,0.95200425,0.9431949,0.95732135,0.9498207,0.9522658,0.9574407,0.95244765,0.96043557,0.9367012,0.9571754,0.9597898,0.9561785,0.9297947,0.9491682,0.954298,0.8269675,0.96273667,0.9158,0.95153,0.965167,0.9903471,0.9642672,0.96747136,0.9710029,0.9579344,0.9535441,0.9569221,0.9501563,0.9610319,0.9619027,0.9637242,0.9523971,0.9552773,0.92710257,0.9575723,0.9576583,0.95593464,0.93462837,0.95596313,0.9574289,0.9742227,0.9521399,0.96308255,0.9579532,0.9786546,0.9552077,0.949679,0.9437896,0.9332892,0.9601706,0.9569326,0.95769227,0.95801276,0.9655675,0.9612236,0.9723138,0.9709216,0.956582,0.9518043,0.9528397,0.95853853,0.9616098,0.95870435,0.94683397,0.9786546,0.94497955,0.9564835,0.96402395,0.9586683
47metersdown,0.9401999,0.9999997,0.9339832,0.9355913,0.95248765,0.93384516,0.95273954,0.9523496,0.9647871,0.95363206,0.95146763,0.93762857,0.9391573,0.9441474,0.93913513,0.9488898,0.9372921,0.9449844,0.9368921,0.93969524,0.94269794,0.937662,0.9526398,0.9347589,0.9530378,0.8887027,0.918842,0.9333265,0.93273276,0.937946,0.939283,0.94261014,0.94082254,0.9181018,0.9538523,0.93280494,0.9407798,0.94992065,0.94626665,0.933788,0.9511428,0.93831944,0.94646484,0.94213045,0.95553845,0.9469424,0.9446016,0.9345023,0.9307603,0.942421,0.93581325,0.9511454,0.9441636,0.9379869,0.9415992,0.9520457,0.95066553,0.95373195,0.9321785,0.94405013,0.9402711,0.9417245,0.94190115,0.9493807,0.9375603,0.9523692,0.9342208,0.94642687,0.93908846,0.9365149,0.94720083,0.7591799,0.9439089,0.9379819,0.945078,0.9347019,0.9261363,0.9570947,0.946024,0.94001395,0.9352878,0.9428707,0.9417321,0.9475268,0.9357705,0.93747824,0.93620193,0.9475352,0.94004434,0.944863,0.92727506,0.94720083,0.9337606,0.9390529,0.9313957,0.94229615,0.9490031,0.9201545,0.95007133,0.9382814,0.93671906,0.94506234,0.9308896,0.93974495,0.9585702,0.9330167,0.9438895,0.9476996,0.9179913,0.9377164,0.9435506,0.8604399,0.95322114,0.932592,0.94816715,0.95369565,0.9511662,0.94255483,0.95202696,0.95300376,0.9483332,0.9461137,0.94611096,0.929779,0.94284374,0.9426259,0.94310755,0.9259004,0.9398317,0.93851656,0.9463371,0.93486136,0.94119453,0.92185414,0.95055556,0.94449574,0.9360978,0.9360006,0.9429695,0.9403411,0.9647871,0.9334589,0.9428403,0.939817,0.90933204,0.9368913,0.94542706,0.9503212,0.9473875,0.9513862,0.95843244,0.93881506,0.9366477,0.9417666,0.94303244,0.932194,0.94157356,0.94287944,0.9380362,0.94630766,0.9647871,0.9404123,0.93916345,0.9521112,0.9315579
abeautifuldaymovie,0.95840096,0.9339832,1.0,0.94850254,0.96419173,0.95496285,0.9583899,0.95826596,0.9795406,0.9501127,0.9589082,0.95862234,0.9650579,0.9638803,0.9608758,0.95928526,0.96214855,0.9506307,0.96248436,0.94607705,0.962391,0.9690439,0.96276593,0.96483606,0.9569281,0.8963468,0.949652,0.9553452,0.9809152,0.95611215,0.9536377,0.96079904,0.95778054,0.9622928,0.95072854,0.9241817,0.9662937,0.9656933,0.9589104,0.9517331,0.95915747,0.9653525,0.9517988,0.96049535,0.96004105,0.9570243,0.95675606,0.9482873,0.96150035,0.9662727,0.980748,0.95988184,0.94779336,0.96282613,0.9512145,0.9568049,0.95270866,0.9609582,0.96093935,0.9716107,0.94494313,0.9540205,0.9531952,0.95921016,0.95118034,0.9578686,0.94426095,0.9550912,0.9598612,0.9340599,0.97253364,0.73502755,0.9405043,0.95509785,0.9450179,0.9350007,0.929017,0.94910884,0.9579136,0.9590275,0.95446056,0.9671887,0.9648974,0.95300263,0.9716306,0.9580118,0.9594898,0.959469,0.9588165,0.9490089,0.9366564,0.97253364,0.9505672,0.96124256,0.9711637,0.96061105,0.952162,0.9591629,0.9541343,0.94387627,0.9624061,0.9473589,0.9652577,0.96974254,0.9432478,0.9792459,0.95719165,0.9640038,0.95652395,0.94139,0.95767444,0.8603174,0.96157897,0.91780347,0.9589003,0.9561075,0.95774347,0.9642509,0.9623778,0.95939285,0.9507482,0.9543479,0.9623702,0.95242363,0.9540812,0.9612118,0.9592638,0.969894,0.95617944,0.939886,0.96043074,0.9489662,0.96056795,0.93925285,0.95895076,0.96055484,0.9481169,0.9488416,0.96751404,0.9491293,0.9795406,0.9760897,0.9551842,0.9573093,0.96014035,0.9491719,0.94868076,0.95675665,0.9617496,0.9527231,0.9544812,0.9758751,0.94672215,0.95471495,0.9502497,0.9695943,0.95907766,0.9564789,0.9539365,0.95527506,0.9795406,0.9540873,0.9617755,0.96171516,0.9688974
abominablemovie,0.9448161,0.9355913,0.94850254,0.9999998,0.9534947,0.9323906,0.9521969,0.9507172,0.9675674,0.9420143,0.94480324,0.94001,0.95263505,0.9454167,0.94875187,0.94652134,0.9471671,0.93718284,0.9431855,0.9459174,0.94224316,0.9441749,0.9398444,0.9520759,0.9384654,0.874629,0.9304382,0.9555499,0.9374885,0.94380623,0.9445118,0.9494765,0.9454073,0.9157773,0.947492,0.93312633,0.95007545,0.957999,0.9489935,0.9423895,0.94454664,0.9529771,0.94482,0.95496404,0.9568607,0.95128375,0.94204473,0.94226116,0.94578177,0.95702153,0.94406426,0.9560582,0.9341262,0.9480282,0.94787854,0.9446468,0.94190353,0.9542071,0.9575502,0.9551119,0.92056185,0.9427156,0.9511837,0.9529089,0.94891703,0.94681674,0.9320752,0.9456129,0.9452457,0.9291757,0.9529546,0.74430007,0.9322346,0.95131177,0.9500078,0.91357505,0.91613317,0.94775796,0.94841516,0.93938684,0.92756844,0.953108,0.94508034,0.94881946,0.9467401,0.9361145,0.9514877,0.95243156,0.94705176,0.94070846,0.9226878,0.9529546,0.94696003,0.9456689,0.93808764,0.95258814,0.93723094,0.94502914,0.9314126,0.92148054,0.9476289,0.92940205,0.9329363,0.95266736,0.931842,0.9399656,0.9472018,0.94560313,0.91248757,0.94218016,0.95847887,0.85980755,0.95253295,0.9171816,0.9409467,0.9336421,0.9480072,0.954372,0.9459276,0.9527277,0.9458851,0.9529088,0.93982,0.94414526,0.9287907,0.9522953,0.95054555,0.9405929,0.9450868,0.9374192,0.94377154,0.93525094,0.9443834,0.93122303,0.9491864,0.9498581,0.94337016,0.94446427,0.95418453,0.95044976,0.9675674,0.94580144,0.9391033,0.9329299,0.9255717,0.9462198,0.9220583,0.9648764,0.95232767,0.930886,0.950656,0.9547354,0.9527049,0.9288272,0.936754,0.9389482,0.9373948,0.9476886,0.9459304,0.93305457,0.9675674,0.9452804,0.94839275,0.94731575,0.9274012
adastramovie,0.96520764,0.95248765,0.96419173,0.9534947,0.99999976,0.9524244,0.972484,0.9810432,0.98432857,0.9710427,0.97099954,0.9611249,0.96879536,0.9676624,0.96292406,0.9601139,0.9662891,0.9705846,0.9670615,0.9534933,0.96093345,0.9624046,0.9645153,0.9660505,0.95748127,0.8978245,0.96263254,0.95935154,0.9502041,0.9673128,0.95733446,0.96289533,0.9541753,0.94569147,0.95501417,0.92861146,0.9564851,0.96975726,0.9632948,0.9568062,0.96214986,0.96581876,0.95020854,0.96324766,0.97225356,0.9570064,0.9649631,0.95640594,0.9569752,0.9690499,0.95949155,0.9758993,0.95051163,0.95931536,0.9448543,0.9776073,0.9612866,0.9701649,0.9579859,0.9667351,0.95767045,0.96257985,0.9651696,0.9675981,0.9629605,0.9628113,0.9472009,0.9657539,0.9637014,0.94440126,0.97186106,0.75257903,0.9460183,0.964536,0.95168614,0.941256,0.9276675,0.9551515,0.95983803,0.9614144,0.9648796,0.9604749,0.97194636,0.9631088,0.9677601,0.9505381,0.96631294,0.9691455,0.9560376,0.9679225,0.963396,0.97186106,0.9585772,0.9660328,0.9571723,0.9656458,0.96073824,0.9544219,0.9604706,0.9593523,0.944776,0.9541212,0.95918494,0.9676113,0.9606733,0.95875573,0.9616728,0.96835184,0.9378831,0.95626837,0.9691872,0.8781482,0.9795264,0.93927103,0.97189194,0.9652828,0.96955717,0.9599311,0.9735405,0.9685768,0.9732199,0.9662731,0.95734274,0.95561075,0.9566217,0.97348493,0.9708171,0.9606337,0.9672523,0.955471,0.95929855,0.97359717,0.9647162,0.9466002,0.9655262,0.97032917,0.96068823,0.960838,0.9719676,0.94703007,0.98432857,0.95371956,0.94586474,0.96277606,0.94939744,0.9760219,0.95817316,0.9614833,0.9714223,0.9651597,0.9677699,0.9730746,0.9627302,0.9576742,0.9511049,0.9675337,0.9566354,0.9706587,0.96418446,0.966179,0.98432857,0.9655646,0.9579866,0.9662964,0.9542216
adogsjourneymovie,0.95595974,0.93384516,0.95496285,0.9323906,0.9524244,1.0000004,0.9525451,0.94842094,0.9687107,0.9372766,0.9546644,0.9473227,0.9376254,0.96160203,0.95078504,0.95649076,0.9506292,0.93458,0.96216327,0.938437,0.9453461,0.9522744,0.97184587,0.95278895,0.95299256,0.8779655,0.9488238,0.95109916,0.95793235,0.95240027,0.9521924,0.93721336,0.95628744,0.9324747,0.94715714,0.9061369,0.94797224,0.94964945,0.94413966,0.9495703,0.9416995,0.93947166,0.9394716,0.93923646,0.9450716,0.9482431,0.97392565,0.9436146,0.94096756,0.9453924,0.95245606,0.9499904,0.9498744,0.9456298,0.93770397,0.9544266,0.9532572,0.9537986,0.9456042,0.9632898,0.9323232,0.9537031,0.94161683,0.9547781,0.95047903,0.94559014,0.9423623,0.9495385,0.94499093,0.9219187,0.95771605,0.69661725,0.9315221,0.95268846,0.94696975,0.9330728,0.90352345,0.9414604,0.93579423,0.9544935,0.9477924,0.9495071,0.95404464,0.9380308,0.9478079,0.93461293,0.9312737,0.9520981,0.9423489,0.95485723,0.9438705,0.95771605,0.9432846,0.94835156,0.9400681,0.95262,0.94797575,0.9278122,0.95128655,0.95285666,0.9408555,0.9488311,0.9669728,0.9560372,0.937324,0.95190316,0.94765097,0.9491364,0.9504743,0.91803724,0.9537248,0.83630276,0.953427,0.9032945,0.9432261,0.95192355,0.9512102,0.9576534,0.9550137,0.9584571,0.9531661,0.95297265,0.9459096,0.9660061,0.9553949,0.94927657,0.9663628,0.9385148,0.93717927,0.9217641,0.94236034,0.9432628,0.951834,0.93628824,0.95319283,0.9467501,0.9380693,0.9447922,0.95829606,0.9323771,0.9687107,0.9501632,0.93801606,0.9299453,0.933875,0.9439967,0.9495935,0.95772874,0.95119655,0.9464071,0.9470364,0.9595774,0.9560018,0.9347132,0.94074893,0.9583529,0.956525,0.95878017,0.954482,0.9482574,0.9687107,0.9346415,0.95569485,0.96821976,0.94150114
aftermathmovie,0.9667162,0.95273954,0.9583899,0.9521969,0.972484,0.9525451,0.9999999,0.9646237,0.9853677,0.96691626,0.96522856,0.9573414,0.97213674,0.9713324,0.9699897,0.9614272,0.96695983,0.969721,0.9671557,0.9658595,0.9638296,0.96140665,0.9687218,0.9655645,0.9507472,0.89490116,0.95056766,0.9610639,0.9480763,0.9607053,0.9564669,0.9577773,0.95839155,0.94583344,0.951743,0.9349379,0.9649305,0.97235185,0.9690155,0.96195114,0.96685845,0.9651988,0.95986176,0.96675676,0.9689128,0.9577732,0.9678854,0.9607932,0.9632262,0.97311366,0.96634465,0.9684714,0.9486979,0.9580326,0.95580393,0.9714201,0.96360356,0.9731936,0.95328414,0.9669262,0.95199734,0.96212023,0.96224684,0.967791,0.96364975,0.9570428,0.9518913,0.960229,0.9577825,0.95183647,0.9681482,0.74570286,0.94768745,0.95881206,0.95829016,0.9437014,0.92795676,0.9650169,0.955096,0.95989335,0.9585211,0.97309494,0.9666072,0.96031123,0.96483874,0.94542414,0.9606918,0.97161925,0.94715184,0.96244264,0.95921254,0.9681482,0.9614591,0.96114606,0.9626581,0.9635505,0.95500696,0.956595,0.97822237,0.9600947,0.954053,0.9589,0.9593867,0.96538866,0.9635553,0.9632265,0.9605331,0.95992446,0.93791574,0.9499435,0.9643197,0.8711336,0.9733186,0.9319648,0.96845883,0.9639762,0.9682777,0.9643945,0.97585076,0.98914677,0.9674298,0.957458,0.95926505,0.9568558,0.96324533,0.96869063,0.9663958,0.95546186,0.96149206,0.94673216,0.95870245,0.962041,0.96748763,0.93757594,0.96809846,0.9606754,0.9633249,0.9537896,0.9659686,0.9673648,0.9853677,0.95261425,0.95200914,0.9527415,0.94606525,0.9681311,0.9631882,0.96733147,0.96829355,0.9673186,0.98684263,0.9711824,0.96241313,0.961777,0.953161,0.9564675,0.9510514,0.96274626,0.9623069,0.96126425,0.9853677,0.95987934,0.96882796,0.96782416,0.9637069
aftermovie,0.95834243,0.9523496,0.95826596,0.9507172,0.9810432,0.94842094,0.9646237,0.9999999,0.98102874,0.95874405,0.9677681,0.9604177,0.96337473,0.9654232,0.96544623,0.96221226,0.952544,0.9656725,0.96325403,0.9540028,0.9544254,0.9590304,0.9597597,0.96334,0.95611364,0.89802504,0.9493545,0.95482457,0.9553774,0.96424675,0.9570481,0.96088845,0.9511124,0.94502175,0.949733,0.92793983,0.9578292,0.9684365,0.9553801,0.9494213,0.96249527,0.9686732,0.9521176,0.96900386,0.96781456,0.95845395,0.9601226,0.9547553,0.9570381,0.9717457,0.9591349,0.97150743,0.95005405,0.95597315,0.96261734,0.9731548,0.9626166,0.9698883,0.9592314,0.9708399,0.95765203,0.9602118,0.96301025,0.96432084,0.95912933,0.9609211,0.95113987,0.9644472,0.95559686,0.9427216,0.97272104,0.7477714,0.9507323,0.9566877,0.94291884,0.9385704,0.92243916,0.9550993,0.9593661,0.96184844,0.9551551,0.9585599,0.9653754,0.9556237,0.9642067,0.9531994,0.95832497,0.966183,0.9669152,0.96050406,0.95862967,0.97272104,0.95814186,0.9615114,0.9556388,0.967968,0.9578991,0.95289564,0.95802635,0.9532577,0.951487,0.9538904,0.95612454,0.966662,0.957315,0.9576407,0.95678246,0.9637076,0.94365686,0.9543347,0.96167153,0.87429976,0.97311926,0.9406098,0.9651465,0.9588975,0.9653659,0.9579764,0.96759623,0.9631997,0.9656007,0.9696348,0.9619968,0.95159066,0.9484064,0.9696453,0.96385133,0.95517284,0.955251,0.953921,0.95696646,0.96317744,0.9585374,0.9468429,0.9606969,0.9660758,0.96046036,0.9569468,0.97058725,0.954534,0.98102874,0.9555587,0.9521692,0.9562149,0.949798,0.9685785,0.9582084,0.95712775,0.96280545,0.96104825,0.9658316,0.9651922,0.9608741,0.96037734,0.95655745,0.9648209,0.9583322,0.96507,0.97100043,0.95728046,0.98102874,0.9588178,0.9578879,0.96210223,0.95269495
ahiddenlifefilm,0.9786546,0.9647871,0.9795406,0.9675674,0.98432857,0.9687107,0.9853677,0.98102874,1.0000002,0.97289187,0.9787787,0.9730496,0.9797478,0.98188275,0.9774495,0.97728753,0.9752372,0.97692716,0.9785852,0.9688818,0.9803687,0.9784893,0.98159194,0.9813086,0.9736234,0.903814,0.9660622,0.97372365,0.97427887,0.97393423,0.97282106,0.97781247,0.97290206,0.9642809,0.9701513,0.9504922,0.97817343,0.98164195,0.97771925,0.97160846,0.9759094,0.9804212,0.9673873,0.97851413,0.9820943,0.97457826,0.9793963,0.97090524,0.9767824,0.9834748,0.98189485,0.9836048,0.96753496,0.9742874,0.9696747,0.9799638,0.9745861,0.98193383,0.9746118,0.9832151,0.96245575,0.97428834,0.97528136,0.9793215,0.9779487,0.97549576,0.9654406,0.9763548,0.9727904,0.95491594,0.9841873,0.75525075,0.96194595,0.9775456,0.9691235,0.95434743,0.9453658,0.9746611,0.97426784,0.9750726,0.96945435,0.97916037,0.9786209,0.97448117,0.9767429,0.966553,0.9676584,0.9824942,0.9722229,0.9772359,0.9643594,0.9841873,0.9715232,0.97655565,0.97539204,0.9783509,0.9717418,0.97000945,0.97608227,0.97057474,0.97428167,0.97227925,0.9715687,0.98032403,0.9699258,0.9793262,0.97919255,0.97884905,0.95840746,0.9667049,0.9808481,0.87363195,0.9839095,0.9436906,0.97694063,0.97582436,0.98235726,0.9814886,0.9838118,0.9844153,0.9768907,0.97504103,0.97972065,0.97160566,0.97547174,0.98095083,0.9807019,0.9731698,0.97140086,0.96059346,0.9781762,0.96914774,0.97629446,0.9562094,0.97776204,0.9770012,0.97360253,0.9682396,0.9812502,0.9745755,1.0000002,0.9754366,0.97116226,0.96916157,0.96014917,0.976363,0.97101873,0.9788857,0.9821169,0.97538155,0.98181236,0.9821998,0.9759024,0.968966,0.9649065,0.9753992,0.9725071,0.97488505,0.9759101,0.9714796,1.0000002,0.97525823,0.97775227,0.98374975,0.9743971
alitamovie,0.9456669,0.95363206,0.9501127,0.9420143,0.9710427,0.9372766,0.96691626,0.95874405,0.97289187,0.9999999,0.9564388,0.94361025,0.96259713,0.9657217,0.95642203,0.9534028,0.9598192,0.9704497,0.9432858,0.94560105,0.94350564,0.950015,0.9668433,0.9585463,0.9398725,0.89185375,0.9484588,0.9484679,0.93894833,0.9510038,0.94325286,0.94451296,0.94124097,0.9370656,0.9361902,0.9222713,0.9517606,0.9680208,0.95504683,0.9403847,0.95557654,0.9499319,0.9389637,0.9531263,0.9627038,0.9411889,0.96264315,0.9480208,0.942348,0.95959157,0.94606006,0.9545387,0.95439714,0.94815946,0.93431044,0.9672378,0.9538299,0.9576259,0.9491669,0.95005465,0.9481619,0.95008343,0.949214,0.957846,0.94315434,0.94918174,0.93193245,0.9507663,0.9570464,0.93709075,0.95371073,0.75983644,0.94930345,0.9504199,0.9535869,0.92135084,0.9141834,0.95186967,0.9556615,0.9466446,0.94448894,0.956104,0.9601058,0.9616195,0.950858,0.9428728,0.95440835,0.96397865,0.9389455,0.95185614,0.937639,0.95371073,0.95820636,0.95918113,0.95216894,0.9494185,0.95142823,0.9434942,0.9577605,0.96041065,0.9411982,0.9412465,0.9399,0.94803816,0.96976775,0.9425838,0.9527946,0.9554198,0.92439157,0.9347821,0.9563779,0.8620364,0.9647955,0.9199436,0.9581277,0.9615268,0.96302146,0.95216405,0.9631502,0.96274966,0.9590194,0.95467067,0.94987005,0.9381463,0.9446576,0.9614711,0.9572573,0.9394828,0.9512767,0.93110955,0.9508123,0.9613794,0.9548554,0.93893135,0.95787174,0.95014846,0.9501061,0.94439965,0.9526147,0.94325125,0.97289187,0.93280655,0.93919605,0.95648444,0.9357503,0.9519462,0.95282906,0.9478226,0.9599984,0.95366913,0.964501,0.9548895,0.9487177,0.95158005,0.9421795,0.9494446,0.9533596,0.9542816,0.9519885,0.9582569,0.97289187,0.95768726,0.9513886,0.95966136,0.94117254
angelhasfallen,0.9628168,0.95146763,0.9589082,0.94480324,0.97099954,0.9546644,0.96522856,0.9677681,0.9787787,0.9564388,0.9999999,0.95412594,0.94639254,0.96017253,0.9578806,0.96382654,0.95366126,0.96329325,0.964583,0.94903594,0.95660585,0.96581596,0.9620252,0.95406324,0.96501744,0.9020826,0.95333356,0.9609523,0.94645655,0.9562116,0.9631039,0.96383375,0.96381867,0.93574196,0.95891577,0.92509586,0.9583069,0.9556587,0.962308,0.96191764,0.95620435,0.9540859,0.9552622,0.954939,0.9644591,0.96036416,0.96311784,0.9598032,0.95921177,0.95972735,0.9572715,0.9704578,0.9613002,0.9587463,0.9489155,0.9622768,0.95516884,0.971293,0.9548446,0.96044403,0.9360707,0.96537024,0.9493447,0.9535862,0.9585407,0.9657213,0.95578563,0.9545257,0.97206163,0.93470764,0.9586835,0.7633229,0.94573724,0.95864975,0.9645174,0.9396071,0.930741,0.96176904,0.9604768,0.9619615,0.969342,0.96278906,0.95255667,0.9579115,0.9510705,0.9517566,0.96037996,0.9643606,0.9543478,0.96670187,0.95600617,0.9586835,0.95809174,0.9568498,0.95319235,0.9674776,0.9648177,0.9352044,0.9596601,0.9552674,0.95088375,0.9635432,0.95793873,0.9594791,0.95119333,0.9553354,0.96354777,0.9586596,0.9450777,0.9526566,0.962654,0.8671538,0.9685785,0.9221193,0.9577808,0.9733975,0.9631447,0.962514,0.96546817,0.9606792,0.95763856,0.96096945,0.95673436,0.9543466,0.95812255,0.96752334,0.9582241,0.95250016,0.96100974,0.9523793,0.95588505,0.9619963,0.96190256,0.9284663,0.96748954,0.95942235,0.9535255,0.9587216,0.9549592,0.95369077,0.9787787,0.950508,0.95226413,0.9406901,0.93642175,0.95497304,0.95419705,0.9626362,0.95504487,0.9592895,0.96727234,0.97007424,0.9571591,0.950765,0.94675934,0.95005846,0.95443547,0.9598733,0.96256137,0.9584342,0.9787787,0.95519483,0.96072793,0.9672702,0.9539652
angrybirdsmovie,0.95861834,0.93762857,0.95862234,0.94001,0.9611249,0.9473227,0.9573414,0.9604177,0.9730496,0.94361025,0.95412594,0.99999994,0.94973105,0.9556649,0.95139843,0.96022,0.94652295,0.9523796,0.9566044,0.9431578,0.95731574,0.9491074,0.95453745,0.96518993,0.95772576,0.8656061,0.93844277,0.9546359,0.95012605,0.9639412,0.95979273,0.9433536,0.9494742,0.9419029,0.94280785,0.9283743,0.94854337,0.95409346,0.9580416,0.92528456,0.9484622,0.9543219,0.94139117,0.95290565,0.96451867,0.95366186,0.9563863,0.9533372,0.95149356,0.95483017,0.9676046,0.95052254,0.93740696,0.94996953,0.9375655,0.9561887,0.94591486,0.96016407,0.9536877,0.95741,0.93004304,0.9497056,0.95876074,0.94855803,0.9460542,0.95082986,0.943132,0.94711226,0.9600091,0.93950003,0.95983416,0.73638386,0.94633734,0.96034604,0.93208563,0.9274653,0.9181731,0.9604425,0.9506137,0.9487358,0.9481696,0.9515921,0.95312536,0.94165856,0.96324015,0.95226,0.9414189,0.9608378,0.9503867,0.9444762,0.9507733,0.95983416,0.9490228,0.94538766,0.96327597,0.9480324,0.95759064,0.9369772,0.948123,0.9417594,0.947854,0.9489769,0.9455169,0.9503923,0.9467026,0.9629604,0.96455574,0.96023464,0.94201046,0.94623446,0.95690364,0.8377131,0.9607662,0.91087514,0.9601032,0.9627786,0.9592657,0.9539968,0.954361,0.95764846,0.9562417,0.96262306,0.95378286,0.9485905,0.9503068,0.95452434,0.9500715,0.9501005,0.9435694,0.9362044,0.9524035,0.9437454,0.95385885,0.9245549,0.9492069,0.95779717,0.9431056,0.9344493,0.9648979,0.9478213,0.9730496,0.9570173,0.94949025,0.9466213,0.935394,0.9455927,0.9547453,0.95239127,0.950867,0.9528465,0.95751125,0.95754814,0.95593905,0.9654195,0.93376845,0.9459227,0.9361153,0.96511537,0.9528552,0.95283854,0.9730496,0.95011175,0.9577243,0.956891,0.9534352
annabellemovie,0.9481362,0.9391573,0.9650579,0.95263505,0.96879536,0.9376254,0.97213674,0.96337473,0.9797478,0.96259713,0.94639254,0.94973105,0.99999964,0.9638488,0.96221155,0.953605,0.96457267,0.96379614,0.95768946,0.9552455,0.958497,0.956774,0.95922446,0.96361125,0.9473919,0.88669485,0.95502853,0.95795757,0.9490098,0.95308024,0.9487229,0.9608527,0.94876987,0.95387524,0.9520908,0.94006807,0.9606641,0.9780809,0.9588282,0.94939345,0.97250766,0.96270674,0.9456041,0.95761204,0.96062255,0.94703305,0.9569758,0.94938916,0.9579135,0.96628964,0.9591609,0.9643061,0.9419328,0.9510079,0.9515273,0.9581175,0.9526941,0.9600247,0.95871043,0.96446836,0.95918906,0.9478268,0.9602919,0.96837276,0.9567375,0.95719516,0.95201033,0.95618427,0.9524707,0.94499016,0.9660436,0.74785155,0.9401812,0.95640165,0.9455567,0.9303016,0.9254426,0.9501064,0.9528038,0.95301944,0.9465297,0.9683814,0.9706998,0.9560115,0.97006917,0.9498728,0.95665413,0.9796108,0.9542111,0.9617931,0.94335186,0.9660436,0.9533103,0.9671459,0.96097213,0.9549608,0.9465257,0.9624547,0.96015215,0.95088464,0.9554147,0.938427,0.94824135,0.95812494,0.9509504,0.95422405,0.95348495,0.9712975,0.93309444,0.94410086,0.9617137,0.87262434,0.9629787,0.93887717,0.96033615,0.9484658,0.95758206,0.9595689,0.9675551,0.96260893,0.9597539,0.9530681,0.95562166,0.9465344,0.9522379,0.96689326,0.96690476,0.9553136,0.954183,0.93915534,0.9605515,0.95066476,0.9625166,0.94686884,0.95818853,0.96034557,0.94873285,0.9517368,0.9648172,0.95391476,0.9797478,0.95211375,0.9524696,0.9611464,0.9575826,0.96713793,0.95340794,0.96215504,0.973946,0.9501369,0.96505904,0.9634456,0.9483809,0.9552535,0.9489673,0.96168035,0.9557772,0.950868,0.95761067,0.94775116,0.9797478,0.96555066,0.9629731,0.9604901,0.9489869
annamovie,0.9602239,0.9441474,0.9638803,0.9454167,0.9676624,0.96160203,0.9713324,0.9654232,0.98188275,0.9657217,0.96017253,0.9556649,0.9638488,0.9999998,0.95843756,0.9613216,0.9620109,0.96463907,0.9642412,0.9521142,0.95622224,0.9636749,0.9742315,0.96527606,0.9499867,0.88764447,0.9533304,0.9533325,0.96053183,0.96185654,0.95170873,0.9582781,0.9624077,0.9479015,0.95214015,0.93309814,0.97263056,0.96858335,0.96044064,0.9553183,0.9671661,0.9649115,0.94997716,0.96390903,0.9559371,0.95511466,0.972291,0.9595649,0.9589985,0.96790797,0.96574956,0.96861345,0.9520934,0.9608839,0.9551052,0.96849906,0.96315205,0.9689947,0.9617319,0.9692372,0.95466757,0.95498765,0.9518309,0.974814,0.9639339,0.9565712,0.9500343,0.9670993,0.95258904,0.9399455,0.96951216,0.7317689,0.95654184,0.9573768,0.96287364,0.9258205,0.92272985,0.95595795,0.95298207,0.9547833,0.952093,0.97121555,0.96710616,0.96229863,0.95668656,0.9438555,0.94530296,0.9636006,0.9550498,0.9594899,0.94703406,0.96951216,0.96012515,0.95425487,0.9654982,0.9609142,0.9470101,0.9599222,0.96424305,0.970301,0.9599073,0.947353,0.9674974,0.9667001,0.9653283,0.9616799,0.9600716,0.9580446,0.9480529,0.94014883,0.96455705,0.8592951,0.96421814,0.935413,0.9560413,0.95979285,0.9642611,0.9690654,0.96835595,0.97124475,0.96698326,0.962665,0.956845,0.9577052,0.95984787,0.9630985,0.9639845,0.9625819,0.9515936,0.9422418,0.9543364,0.96254593,0.9604684,0.9489104,0.9616294,0.95701253,0.95541155,0.9584094,0.9667705,0.94994164,0.98188275,0.95815134,0.9541686,0.95335275,0.94900537,0.95992464,0.953837,0.9631896,0.96308887,0.953506,0.9655953,0.963477,0.9556312,0.9589368,0.9521948,0.9644341,0.9565082,0.95786077,0.95534694,0.96441245,0.98188275,0.9577384,0.96516156,0.9684024,0.953949
apollo11movie,0.9582905,0.93913513,0.9608758,0.94875187,0.96292406,0.95078504,0.9699897,0.96544623,0.9774495,0.95642203,0.9578806,0.95139843,0.96221155,0.95843756,0.9999997,0.94947463,0.9576066,0.9634749,0.9643746,0.9717123,0.9608848,0.9516667,0.9608891,0.96450335,0.94312066,0.8871162,0.9344717,0.9535999,0.9517058,0.9557868,0.9576058,0.9711274,0.95014995,0.9438145,0.9378039,0.92385095,0.9573118,0.96514934,0.9499929,0.9613891,0.9580179,0.9688019,0.9532779,0.96676594,0.9624592,0.9470967,0.9644592,0.95561135,0.9594511,0.97005355,0.9626543,0.96840423,0.9402766,0.949583,0.9485093,0.9627157,0.9533677,0.9667333,0.9577821,0.9709836,0.95302325,0.9518348,0.9589919,0.9572624,0.96610016,0.9587153,0.9473312,0.95713,0.9509614,0.9417952,0.96409947,0.73174924,0.93733364,0.9566663,0.9385845,0.9403401,0.89801615,0.95514905,0.96144265,0.9533868,0.9441399,0.96489716,0.9600615,0.9445886,0.9562311,0.95906055,0.96144533,0.96160436,0.95214623,0.9616441,0.95024735,0.96409947,0.9632094,0.9598265,0.95804214,0.9760196,0.95374614,0.95871794,0.9614563,0.9505916,0.95045173,0.95341516,0.95048714,0.964991,0.95283234,0.95878065,0.9527958,0.9556834,0.940117,0.9473326,0.95471454,0.86194474,0.969444,0.90938914,0.96006787,0.95452404,0.96523505,0.9514053,0.9690226,0.9664509,0.9516951,0.95962256,0.9579569,0.9485527,0.95140207,0.96598744,0.96510404,0.9553231,0.94855803,0.947467,0.9481674,0.94812,0.96284646,0.937237,0.96602654,0.95900434,0.9592841,0.95045215,0.961768,0.9648644,0.9774495,0.9587263,0.9437199,0.9484204,0.9369241,0.96361136,0.95527,0.9532177,0.9583278,0.95938194,0.96019584,0.96479315,0.94847596,0.951201,0.95685333,0.9562373,0.95865834,0.9537297,0.9660002,0.95211625,0.9774495,0.94943714,0.9640869,0.9582987,0.9644083
arcticdogsmovie,0.96269363,0.9488898,0.95928526,0.94652134,0.9601139,0.95649076,0.9614272,0.96221226,0.97728753,0.9534028,0.96382654,0.96022,0.953605,0.9613216,0.94947463,1.0000002,0.94959074,0.9553248,0.96286786,0.9487652,0.9607876,0.9595908,0.96219367,0.96835464,0.9616912,0.8786014,0.94420475,0.95647645,0.9607626,0.95728815,0.96947837,0.95071214,0.9598495,0.9446943,0.94446164,0.9172321,0.9566031,0.9642194,0.95975065,0.9415862,0.95790654,0.96315753,0.9527908,0.9617976,0.9609412,0.95515937,0.9630847,0.9568718,0.95701337,0.96727645,0.9641972,0.9586635,0.95249313,0.9567176,0.9516752,0.9623486,0.95619655,0.9585013,0.9640826,0.96739876,0.94143635,0.9606654,0.9597508,0.96690166,0.9574726,0.9496767,0.9412654,0.94821167,0.9535171,0.93540287,0.9660517,0.730083,0.9533123,0.9613533,0.9493252,0.9300599,0.9325809,0.96171033,0.9604697,0.9594103,0.9525317,0.9586137,0.9593295,0.9519074,0.9562365,0.9492388,0.9448706,0.9641498,0.95341045,0.95281917,0.95059586,0.9660517,0.953926,0.9540855,0.953882,0.9618328,0.9542791,0.9369513,0.956985,0.95282686,0.9537305,0.95882684,0.95601004,0.9555835,0.9463587,0.9643268,0.9660704,0.9719185,0.9551991,0.9516385,0.96425384,0.8319116,0.96628666,0.9140985,0.9547815,0.9562849,0.965149,0.96066946,0.9610885,0.95740765,0.96270865,0.95598096,0.9616768,0.9501323,0.95614225,0.9684366,0.9633358,0.9528258,0.95791256,0.9393743,0.96750873,0.9500769,0.9548025,0.93319505,0.9535321,0.9564629,0.9538471,0.9418829,0.96159613,0.95237327,0.97728753,0.95780474,0.9512107,0.95530033,0.94200003,0.94942045,0.9521155,0.95535547,0.96670705,0.9557178,0.96348053,0.96012217,0.95864487,0.9555688,0.9347901,0.95570403,0.95039654,0.95828015,0.95344347,0.95094734,0.97728753,0.9588377,0.96168643,0.96919864,0.95194936
arcticmovie,0.9497402,0.9372921,0.96214855,0.9471671,0.9662891,0.9506292,0.96695983,0.952544,0.9752372,0.9598192,0.95366126,0.94652295,0.96457267,0.9620109,0.9576066,0.94959074,1.0000001,0.947305,0.9541596,0.94446737,0.953976,0.95371944,0.9577486,0.95922655,0.9469093,0.8886221,0.948261,0.9688013,0.95087856,0.95488614,0.95386815,0.9534693,0.94386667,0.94745386,0.947723,0.92259675,0.9566696,0.96109116,0.952938,0.9473943,0.955237,0.9533627,0.9397454,0.946812,0.95984256,0.954277,0.95753396,0.943758,0.9539104,0.95209867,0.9577156,0.9571557,0.93952286,0.95363915,0.9386383,0.9538449,0.9508523,0.9580997,0.9520982,0.957081,0.9375231,0.95494366,0.95028156,0.9555259,0.95230603,0.95495045,0.9518073,0.95590377,0.9552257,0.93811464,0.9581901,0.7351139,0.9301326,0.9579828,0.95282924,0.9349365,0.9206878,0.9503571,0.95687926,0.9468978,0.9487307,0.96409094,0.9577748,0.95578027,0.9524086,0.9405098,0.94812644,0.9614836,0.93740207,0.9584307,0.9390397,0.9581901,0.95063007,0.96172667,0.95239997,0.95333904,0.94052875,0.94954854,0.96449536,0.9454063,0.9527811,0.94257265,0.9534431,0.95545715,0.9506018,0.9561514,0.9528097,0.95544,0.9369927,0.93789345,0.95841205,0.8517684,0.959869,0.913944,0.9547699,0.9554851,0.95838267,0.9630219,0.967831,0.96408474,0.9531623,0.9479347,0.94599473,0.95472115,0.9526361,0.96149385,0.96089494,0.9417388,0.9484559,0.93449014,0.9630206,0.95507556,0.97481716,0.9462731,0.95065695,0.9583602,0.9509022,0.95112115,0.95081085,0.9418113,0.9752372,0.9485606,0.94489634,0.9435322,0.94181925,0.95648295,0.94966924,0.9548493,0.95547533,0.9512811,0.95451564,0.96213275,0.9522455,0.94071966,0.9470091,0.94849676,0.9489816,0.950996,0.9541171,0.9502695,0.9752372,0.947512,0.9614476,0.9575649,0.9484741
artofracingmovie,0.9486271,0.9449844,0.9506307,0.93718284,0.9705846,0.93458,0.969721,0.9656725,0.97692716,0.9704497,0.96329325,0.9523796,0.96379614,0.96463907,0.9634749,0.9553248,0.947305,0.9999999,0.9615325,0.9497981,0.95349824,0.95597917,0.9601396,0.95691586,0.94372636,0.8820727,0.95881385,0.94228953,0.9386871,0.94938385,0.9537249,0.9525627,0.94781494,0.93421584,0.9416018,0.9301758,0.95193714,0.9597322,0.95138836,0.94628483,0.9655253,0.9603563,0.9445254,0.9635004,0.96132785,0.9390221,0.9565772,0.95855623,0.9466566,0.9695857,0.95162773,0.9572538,0.94232744,0.946155,0.9409759,0.97293305,0.95496637,0.95950425,0.95239764,0.95562875,0.9596256,0.9525227,0.95503056,0.95842016,0.95274496,0.9534726,0.93398046,0.9462512,0.95257986,0.92526287,0.95953363,0.75535697,0.9476644,0.94866616,0.9458204,0.9230032,0.9113706,0.9503911,0.9527896,0.9549811,0.93825525,0.95283544,0.9578329,0.95948046,0.9577116,0.9484849,0.941254,0.9646167,0.94538265,0.9517474,0.95165247,0.95953363,0.95083624,0.95559794,0.9550273,0.9547561,0.95612234,0.9464015,0.9517611,0.9611405,0.94078475,0.94869137,0.94553125,0.95342565,0.96530014,0.94859254,0.9574646,0.9520644,0.9318887,0.94485617,0.95594054,0.8701,0.96904457,0.93348056,0.9669939,0.9599743,0.95708483,0.9477267,0.9583881,0.9579256,0.96256953,0.9519435,0.9591041,0.9461754,0.95103496,0.96088815,0.9575657,0.9497557,0.95479786,0.94592535,0.95056176,0.9668161,0.948359,0.93404067,0.95587033,0.95205927,0.9393726,0.9436061,0.95833975,0.960151,0.97692716,0.94649315,0.9417741,0.94644165,0.9367157,0.96021247,0.9589724,0.95004475,0.9603399,0.95865643,0.9705881,0.95808744,0.9462158,0.9551558,0.93712133,0.95094526,0.9428012,0.9557213,0.9513776,0.9543583,0.97692716,0.9743277,0.9509282,0.96101147,0.95350677
avengers,0.97718656,0.9368921,0.96248436,0.9431855,0.9670615,0.96216327,0.9671557,0.96325403,0.9785852,0.9432858,0.964583,0.9566044,0.95768946,0.9642412,0.9643746,0.96286786,0.9541596,0.9615325,0.9999999,0.95237094,0.9560896,0.95991874,0.9660571,0.96055615,0.9523091,0.8721337,0.95229995,0.9543847,0.9566265,0.9560004,0.97203803,0.96059203,0.95484024,0.9392948,0.948671,0.92356324,0.9602471,0.9609334,0.9606606,0.95814323,0.9601308,0.9632997,0.94736445,0.95568484,0.9565145,0.94853806,0.96643955,0.9580814,0.9583326,0.96300703,0.9604832,0.96227527,0.94941944,0.95143837,0.9532142,0.964761,0.95021427,0.96103394,0.9550001,0.9681893,0.95162815,0.94979393,0.96097237,0.9603659,0.96073174,0.95341665,0.94455403,0.9533204,0.95613146,0.9298671,0.9711366,0.70719784,0.9375132,0.966044,0.9447154,0.93303883,0.90706456,0.9513261,0.9598666,0.9650101,0.95167243,0.95809454,0.96613395,0.95132047,0.95706135,0.9542149,0.94813836,0.9681447,0.9565353,0.9575192,0.9540263,0.9711366,0.9496303,0.9550974,0.95308226,0.96693414,0.9503505,0.94946927,0.9614832,0.9560237,0.9428707,0.9563869,0.9663592,0.96637297,0.94184357,0.9591875,0.9544886,0.95430773,0.936537,0.948335,0.95587987,0.84039205,0.9668605,0.9217708,0.9558447,0.9575883,0.96878237,0.9550615,0.9664297,0.96539605,0.9606636,0.9540639,0.9591112,0.95901436,0.9570587,0.96195704,0.9703427,0.9622581,0.95429856,0.9438843,0.9561539,0.9563051,0.9571321,0.9385455,0.96039504,0.95439786,0.95408237,0.94615066,0.96863544,0.9567249,0.9785852,0.9621843,0.9438588,0.94514465,0.93447715,0.95922494,0.956111,0.9582487,0.9570745,0.9629139,0.96398383,0.9693431,0.95891494,0.9532506,0.9557224,0.9616009,0.95593095,0.9670394,0.96036524,0.9549201,0.9785852,0.9542705,0.95978904,0.9654508,0.95727074
beachbummovie,0.94607985,0.93969524,0.94607705,0.9459174,0.9534933,0.938437,0.9658595,0.9540028,0.9688818,0.94560105,0.94903594,0.9431578,0.9552455,0.9521142,0.9717123,0.9487652,0.94446737,0.9497981,0.95237094,0.9999999,0.9566409,0.9532134,0.95019394,0.9491458,0.94127333,0.8748786,0.93257004,0.9443586,0.94309753,0.9402189,0.9506941,0.9546453,0.95622915,0.9258794,0.9334987,0.9299928,0.9507934,0.9560528,0.94250625,0.9426013,0.9484592,0.9566015,0.9533645,0.956704,0.9531817,0.957169,0.95110655,0.9417215,0.9432495,0.95769495,0.95040053,0.95430976,0.93295157,0.9441628,0.9482204,0.95387876,0.9503932,0.9579574,0.94858074,0.9561635,0.9482924,0.9385613,0.958752,0.9560621,0.9598219,0.94767433,0.9410078,0.94289535,0.9445413,0.95763075,0.95614594,0.7460702,0.94486314,0.94976896,0.9366539,0.9200761,0.9068477,0.9536199,0.9389373,0.9395809,0.93321884,0.9664649,0.9495431,0.93581045,0.94092417,0.9356858,0.940858,0.95394206,0.94504684,0.94660586,0.9330207,0.95614594,0.9521612,0.95151764,0.9442985,0.95830137,0.9494917,0.96750563,0.9553445,0.9392394,0.95039254,0.9503887,0.9458785,0.9541894,0.9426928,0.9458843,0.9440468,0.9523442,0.91800463,0.93390316,0.95499873,0.85929364,0.95917344,0.92138386,0.9542504,0.94529486,0.9524236,0.9479979,0.95505446,0.959084,0.9463868,0.9493382,0.9477527,0.947643,0.9376158,0.9508753,0.95136434,0.93973184,0.9497297,0.94139916,0.94703406,0.9366321,0.9500293,0.9394244,0.9519091,0.94620955,0.9467234,0.9279791,0.953734,0.96869236,0.9688818,0.9483217,0.9474604,0.945567,0.9234731,0.9499206,0.934316,0.9487647,0.9502828,0.94695306,0.95935565,0.95218176,0.9416698,0.94332594,0.9354603,0.93987423,0.9425816,0.94375795,0.9538259,0.94822836,0.9688818,0.93267184,0.95495164,0.9459305,0.94482917
bernadettefilm,0.96416837,0.94269794,0.962391,0.94224316,0.96093345,0.9453461,0.9638296,0.9544254,0.9803687,0.94350564,0.95660585,0.95731574,0.958497,0.95622224,0.9608848,0.9607876,0.953976,0.95349824,0.9560896,0.9566409,0.9999998,0.9613972,0.9629043,0.96045387,0.9553613,0.89096254,0.94204813,0.9569141,0.960921,0.95092976,0.9545697,0.9570715,0.95405877,0.95166045,0.9489234,0.94604516,0.96019447,0.95701796,0.9621993,0.9524918,0.9582136,0.9659232,0.9586278,0.96510744,0.9642811,0.9628815,0.9609411,0.94738334,0.9681866,0.96681225,0.97108823,0.9646703,0.94051766,0.9597594,0.94755,0.960296,0.9569916,0.95964545,0.95241094,0.9673665,0.93895483,0.95550644,0.955739,0.96236306,0.96156824,0.958744,0.9488732,0.9620892,0.9505463,0.94554734,0.9681756,0.7767563,0.9399385,0.95924693,0.9473682,0.94951755,0.9308953,0.95914733,0.95339066,0.95512134,0.9472742,0.96026564,0.9590686,0.9514904,0.95572215,0.94390124,0.93818253,0.96074444,0.953361,0.95843375,0.9438324,0.9681756,0.94461215,0.9553638,0.95829564,0.959416,0.9490258,0.95026785,0.96200794,0.95189947,0.95882934,0.9623899,0.95467466,0.9653545,0.95011014,0.9699505,0.9570664,0.96271414,0.9442199,0.94237214,0.9575177,0.85154766,0.9624064,0.921555,0.9666676,0.9540425,0.96359736,0.96423453,0.96847486,0.9650908,0.9536222,0.9530111,0.9622143,0.9481991,0.96572083,0.95706934,0.9587889,0.956362,0.95723695,0.9441273,0.97646266,0.94344807,0.96290535,0.93539786,0.9575257,0.960444,0.9581644,0.94996095,0.9643048,0.9629369,0.9803687,0.9630957,0.9513111,0.95577806,0.9440416,0.95839363,0.9543603,0.9575878,0.9692872,0.95914876,0.95639133,0.96309984,0.96235263,0.9445586,0.9427886,0.9588904,0.95015436,0.94758445,0.95436925,0.945125,0.9803687,0.94955367,0.9547946,0.9656919,0.9645296
