movie,21bridgesmovie,47metersdown,abeautifuldaymovie,abominablemovie,adastramovie,adogsjourneymovie,aftermathmovie,aftermovie,ahiddenlifefilm,alitamovie,angelhasfallen,angrybirdsmovie,annabellemovie,annamovie,apollo11movie,arcticdogsmovie,arcticmovie,artofracingmovie,avengers,beachbummovie,bernadettefilm,blackandbluemovie,blackchristmas,blindedbythelightmovie,bombshellmovie,booksmart,breakthroughmovie,brianbanksmovie,brightburnmovie,brittanyrunsmov,captainmarvelofficial,captivestatemovie,catsmovie,charliesangels,childsplaymovie,clarathefilm,coldpursuitmovie,countdown,currentwarmovie,darkwatersmovie,detectivepikachumovie,disneyaladdin,disneyfrozen,disneymaleficent,doctorsleepmovie,dolemiteismyname,dontletgomovie,doramovie,downtonabbey_official,dumbo,escaperoom,everybodyknowsmovie,fastandfuriousmovie,fightingwmyfam,fivefeetapartfilm,fordvferrari,freaksthefilm,geminimanmovie,glassmovie,gloriabellmovie,godzillamovie,goldfinchmovie,goodboysmovie,goodliarmovie,gretafilm,halathemovie,happydeathdaymovie,harrietfilm,hellboymovie,hersmellmovie,highlifemovie,highstrungmovie,honeyboymovie,hotelmumbaifilm,httydragon,hustlemovie,hustlersmovie,isntitromantic,itmovieofficial,jayandsilentbob,johnwickmovie,jojorabbitmovie,jokermovie,judythefilm,jumanjimovie,justmercyfilm,knivesout,lalloronamovie,lastblackmansf,lastchristmasthemovie,latenightmovie,lighthousemovie,lionking,littlethemovie,littlewomenmovie,littlewoodsfilm,longshotmovie,lordsofchaosmovie,lucyintheskyfilm,mamovie2019,marriagestory,meettheaddams,meninblack,midsommarmovie,midwaymovie,missbalamovie,missinglinkfilm,motherlessbklyn,onceinhollywood,onthebasisofsex,overcomermovie,peanutbutterfalcon,petsematarymovie,piercingmovie,playingwithfire,playmobilthemovie,pomsmovie,queenandslim,rambomovie,readyornotfilm,richardjewellfilm,rocketmanmovie,scarystoriesmovie,secretlifeofpets,serenityfilm,shaftmovie,shazammovie,spidermanmovie,spiesindisguise,starwars,stormboymovie,stubermovie,taosdfilm,teenspiritmov,terminator,theaeronautsmov,thebestofenemies,thedeaddontdie,thefarewell,thehighwaymen,thehummingbirdprojectfilm,theintrudermovie,theirishmanfilm,thekitchenmovie,thelegomovie,themustangfilm,thenightingalefilm,theprodigymovie,thesunisalsoastar,theupsidefilm,tolkienmovie,toystory,triplefrontier,uglydolls,uncutgems,underthesilverlake,usmovie,wavesmovie,whatmenwant,wonderparkmovie,wrinklestheclown,xmenmovies,yardiefilm,yesterdaymovie,zombieland
21bridgesmovie,1.0000004,0.96054935,0.9753038,0.971067,0.97487354,0.97939646,0.97744,0.97690713,0.99112195,0.9765877,0.98100746,0.96811396,0.97457695,0.9805539,0.97823864,0.975436,0.97406685,0.9758195,0.98728895,0.9705269,0.9729326,0.96982896,0.97560006,0.9725775,0.9706219,0.901309,0.97420824,0.979943,0.9668474,0.97411495,0.9692395,0.97351456,0.96603876,0.96332854,0.96636826,0.9630191,0.979983,0.9784156,0.96518606,0.97218716,0.96469396,0.9691012,0.9713659,0.9755564,0.9785885,0.968813,0.97283685,0.9701294,0.9722851,0.97547007,0.9666777,0.97787905,0.97424823,0.9583898,0.96793777,0.97678435,0.9747382,0.9804522,0.97290313,0.9737096,0.96369565,0.96175283,0.97447723,0.979769,0.97253746,0.96313924,0.97131675,0.9686672,0.9744852,0.9717993,0.9795898,0.74147975,0.9755274,0.97583467,0.97287935,0.9665091,0.96184164,0.9711304,0.9615674,0.97023326,0.9706104,0.9812973,0.97740966,0.9679676,0.97593033,0.9713013,0.96778333,0.97354645,0.9708851,0.97011834,0.9703032,0.9795898,0.97563714,0.96820456,0.9749297,0.96952385,0.97949916,0.97720486,0.9676691,0.9668111,0.9739167,0.97158486,0.9528015,0.9785076,0.9745203,0.9669042,0.9808489,0.97887826,0.97383326,0.97076946,0.9781102,0.91112447,0.97899544,0.9614136,0.9727927,0.9870243,0.99373883,0.97449505,0.9798605,0.9740912,0.97672623,0.9824862,0.97548443,0.9733421,0.9758931,0.9762498,0.9768575,0.9638342,0.96521765,0.9602926,0.97831374,0.972359,0.9788094,0.9615837,0.98293203,0.9755318,0.9747195,0.97255397,0.9722452,0.9693705,0.99112195,0.96765757,0.9643463,0.9663651,0.96487606,0.9693926,0.95903754,0.9723827,0.9731473,0.98331326,0.9751386,0.9724549,0.97025174,0.954928,0.97597027,0.9674523,0.973085,0.9772802,0.97649825,0.96794355,0.99112195,0.9744694,0.9823832,0.9741486,0.96954226
47metersdown,0.96054935,1.0,0.9465459,0.9474621,0.953837,0.9408095,0.96928966,0.95049906,0.9697941,0.9559421,0.9473158,0.94398856,0.9621801,0.9650912,0.9617156,0.9609324,0.9540481,0.9569519,0.95745987,0.9425565,0.9514358,0.9490455,0.95436794,0.9599973,0.9482445,0.866165,0.9520642,0.9600148,0.9566586,0.95077276,0.9505947,0.96626055,0.9415296,0.9521863,0.9352265,0.92792124,0.9619228,0.9620859,0.95056236,0.95978755,0.955193,0.95449567,0.94302,0.955561,0.9584727,0.94228643,0.95215994,0.9482365,0.94401336,0.9570758,0.9536934,0.9631763,0.9528485,0.9344231,0.94960916,0.9500901,0.9523154,0.96588266,0.95611036,0.96285343,0.95133364,0.94644547,0.94757915,0.9654281,0.9626496,0.9379748,0.95380706,0.9558009,0.95556206,0.9376291,0.96000475,0.73147947,0.94761044,0.9630944,0.95114696,0.9424093,0.9267651,0.9513775,0.94966215,0.9456835,0.93623155,0.964045,0.9634301,0.94619817,0.95072675,0.9606907,0.9434358,0.95529234,0.9496844,0.9601336,0.94616455,0.96000475,0.9578719,0.9469823,0.9571895,0.94645894,0.95457166,0.9473543,0.9527546,0.9441902,0.9504624,0.9491295,0.9334198,0.9608032,0.9570204,0.95431733,0.9594075,0.9595409,0.9517435,0.96944964,0.95126265,0.853768,0.9644026,0.92760414,0.9529542,0.9555196,0.96429366,0.9457932,0.95374006,0.9700023,0.9559529,0.9586728,0.95944375,0.9379971,0.95726126,0.9516896,0.95322067,0.9518023,0.94964826,0.9383847,0.9504852,0.9483709,0.9560528,0.93518794,0.9638019,0.95320505,0.95215696,0.9623844,0.95627296,0.94784766,0.9697941,0.9544287,0.9355239,0.95491326,0.94977605,0.9613045,0.9471962,0.9496826,0.95864254,0.94552606,0.96500766,0.94304836,0.9510388,0.9327746,0.9452807,0.937795,0.9484737,0.9568091,0.9609711,0.950048,0.9697941,0.94576955,0.9611334,0.94317055,0.9524556
abeautifuldaymovie,0.9753038,0.9465459,1.0000001,0.97255236,0.9590552,0.9670389,0.96815103,0.97001237,0.9829151,0.96340543,0.96855354,0.96614856,0.9583734,0.9769368,0.97275406,0.96464163,0.96455336,0.96753037,0.96959484,0.95398504,0.95944935,0.97758883,0.96861845,0.96211565,0.96012914,0.9019437,0.96945316,0.9730347,0.9788095,0.96828246,0.97372895,0.96439564,0.95611393,0.96001107,0.94992334,0.9683178,0.9699245,0.96371573,0.95061725,0.9652298,0.95951957,0.9660838,0.9694364,0.9744035,0.97506696,0.9695238,0.96484303,0.95667493,0.9661076,0.9755708,0.97925484,0.965567,0.9687861,0.9578497,0.9681939,0.96666974,0.9743572,0.97096944,0.97358173,0.96323496,0.94541156,0.965068,0.96530265,0.9731229,0.96961045,0.95975626,0.96729976,0.9522283,0.968223,0.9578764,0.9738606,0.7421922,0.96093124,0.9704427,0.9522734,0.96367526,0.93731594,0.96695775,0.9601851,0.95215166,0.9587996,0.96662927,0.96923804,0.96590245,0.9799505,0.9670534,0.958213,0.9650759,0.97354,0.9662426,0.966378,0.9738606,0.9661502,0.96946484,0.9759732,0.97057253,0.971018,0.9696177,0.96316016,0.95952576,0.9682899,0.9750034,0.96852106,0.96953803,0.96951216,0.9772682,0.973158,0.96680075,0.96920425,0.96289605,0.9712734,0.8719198,0.96687466,0.95653343,0.96572363,0.97471774,0.980543,0.9567222,0.9682041,0.9690247,0.95819044,0.97678137,0.97299397,0.96270096,0.97869706,0.9735917,0.96486235,0.96260697,0.9510573,0.954136,0.9562568,0.9578482,0.97022,0.9584702,0.9673049,0.96877235,0.96011,0.9679404,0.97184837,0.9681383,0.9829151,0.9796989,0.9596612,0.96015716,0.94759434,0.9646181,0.9584632,0.9597328,0.96495974,0.9606235,0.9621879,0.9779054,0.9603712,0.9451889,0.9660928,0.9691408,0.9741423,0.9673242,0.9638391,0.9582344,0.9829151,0.9615682,0.976757,0.9662468,0.9772857
abominablemovie,0.971067,0.9474621,0.97255236,1.0,0.9675858,0.9700612,0.9714396,0.96449184,0.98277605,0.9638254,0.97029144,0.962654,0.96739024,0.9675377,0.97250354,0.9636513,0.96318984,0.9607019,0.9692949,0.95485044,0.9702897,0.9701826,0.97448474,0.96228564,0.9538895,0.8943554,0.9710309,0.9753643,0.968489,0.96760064,0.97330016,0.9661213,0.96683955,0.9628684,0.9553642,0.9625107,0.97295386,0.9695777,0.9684931,0.9699442,0.9645564,0.9652458,0.9663582,0.97096276,0.96601295,0.97147036,0.97309023,0.96321553,0.97993034,0.96632004,0.9763329,0.97122246,0.9627827,0.95197487,0.9692541,0.96769047,0.9734142,0.9732094,0.9745204,0.96439487,0.96189016,0.965825,0.96524835,0.9610384,0.96679914,0.97273135,0.9662642,0.960946,0.9719554,0.9616938,0.97031736,0.74849564,0.9643097,0.9631078,0.97096866,0.9681398,0.93462414,0.9650214,0.95661813,0.96676344,0.9477091,0.97430557,0.9658291,0.96606827,0.97978926,0.96952355,0.9561232,0.96490043,0.9670042,0.963799,0.97520685,0.97031736,0.9607749,0.9568351,0.97397286,0.96963197,0.96747404,0.9671778,0.9698551,0.96744263,0.9671439,0.97071785,0.95826775,0.96957356,0.973114,0.9712744,0.96398777,0.95658123,0.96570456,0.9597739,0.9714114,0.88712835,0.9651978,0.9586624,0.9755923,0.9709159,0.97097063,0.9689718,0.9637693,0.96242034,0.95855546,0.9731421,0.9706798,0.95974374,0.9741557,0.96754426,0.9714271,0.96451324,0.96354926,0.94460416,0.9653584,0.9665998,0.9781806,0.9456807,0.96470416,0.9678116,0.95333785,0.9577468,0.96127826,0.957593,0.98277605,0.96900666,0.957139,0.9513381,0.9374377,0.9621916,0.9635051,0.96674156,0.9567653,0.9670928,0.9780883,0.96203595,0.9653262,0.9379395,0.9669474,0.9596289,0.9671182,0.9704677,0.9607255,0.9516001,0.98277605,0.96406,0.97528976,0.97816646,0.97444546
adastramovie,0.97487354,0.953837,0.9590552,0.9675858,0.9999999,0.9740383,0.96615785,0.9674434,0.98403096,0.9768818,0.9628117,0.9583886,0.96528006,0.9664207,0.9766327,0.9716687,0.96637434,0.97738147,0.96863115,0.9679477,0.9628166,0.95383227,0.97503453,0.9635593,0.95903784,0.8865664,0.97499496,0.97904485,0.95280796,0.96944046,0.95920676,0.9705729,0.9669916,0.95148313,0.96011156,0.9588801,0.96998155,0.9699672,0.97024727,0.9645571,0.96713656,0.9699565,0.9578895,0.9686265,0.9674331,0.9619216,0.9727524,0.9581284,0.97020924,0.9677328,0.9581378,0.9764725,0.9647697,0.9530452,0.95883715,0.98247635,0.9766668,0.97897327,0.96279866,0.97379124,0.96881473,0.95939296,0.96253186,0.97474355,0.9661984,0.95215964,0.9636012,0.9636302,0.96490437,0.96387964,0.97451544,0.7479272,0.96695423,0.96821636,0.9772414,0.9545991,0.9475399,0.9629337,0.9575812,0.96904665,0.9563816,0.9704893,0.9735585,0.9669442,0.9683394,0.96107215,0.95926934,0.9563986,0.9628116,0.96814287,0.9693852,0.97451544,0.96316034,0.96066415,0.96673214,0.97089785,0.9690673,0.9677383,0.9577857,0.9616566,0.96355456,0.9650155,0.9465244,0.97155195,0.9583338,0.9580618,0.9699958,0.9705237,0.96020657,0.96519643,0.97390443,0.905603,0.974343,0.96250683,0.96165717,0.9677573,0.9777066,0.9698048,0.9691366,0.96121424,0.9731062,0.9711272,0.9702458,0.9703248,0.9609349,0.9684443,0.9664238,0.9559698,0.97797596,0.95045495,0.9751299,0.9776368,0.97546464,0.95463,0.9716533,0.9685172,0.96323824,0.96587735,0.97025687,0.96373,0.98403096,0.9564635,0.95192146,0.9620017,0.9557885,0.9689745,0.95990634,0.96776664,0.9709763,0.9684155,0.96907634,0.9612478,0.96494293,0.9436199,0.9656073,0.9569528,0.9696176,0.96772027,0.9739182,0.9628276,0.98403096,0.9735679,0.97298694,0.9725387,0.96091723
adogsjourneymovie,0.97939646,0.9408095,0.9670389,0.9700612,0.9740383,1.0000001,0.96884674,0.97401035,0.98273045,0.9678708,0.968623,0.97462475,0.96827966,0.96759254,0.9623723,0.9715581,0.9691791,0.96593547,0.9716014,0.95777434,0.9639518,0.96505386,0.9784166,0.9645328,0.9596786,0.9086548,0.97735995,0.97926563,0.96508247,0.96886384,0.9647257,0.9701285,0.9653373,0.9616154,0.95895797,0.9573449,0.9668356,0.9679962,0.9618833,0.96380055,0.9564164,0.9580623,0.9639579,0.9700805,0.9745619,0.96144116,0.9750521,0.9649195,0.9730927,0.9661845,0.96339524,0.97510815,0.96208644,0.95335686,0.96107024,0.9779239,0.97044444,0.9660762,0.96007067,0.9686889,0.959551,0.9592616,0.9698203,0.9648901,0.960916,0.9622793,0.963109,0.9635556,0.9691231,0.96398556,0.9731087,0.75322294,0.9778627,0.96795195,0.970725,0.95413226,0.9499296,0.9608028,0.9561989,0.97029597,0.9507547,0.96918476,0.9677665,0.9557607,0.97706044,0.95735836,0.96147394,0.95947117,0.96237683,0.9666703,0.9691392,0.9731087,0.95945066,0.96888304,0.96401286,0.9661507,0.9655497,0.9667131,0.9602976,0.9745279,0.96258897,0.96954256,0.9659737,0.96542925,0.9642722,0.96089816,0.97226435,0.96804583,0.9638128,0.9556118,0.97347826,0.9134579,0.96660435,0.9631175,0.9667357,0.9669621,0.977662,0.9689683,0.9638625,0.9610729,0.9667297,0.9645263,0.97237355,0.9757342,0.97094434,0.9665328,0.968404,0.9570221,0.95734316,0.956569,0.96451193,0.96516895,0.9782356,0.951469,0.9667612,0.96683073,0.95376205,0.9615671,0.9766296,0.96003413,0.98273045,0.96259654,0.9531072,0.9545843,0.94863755,0.9604737,0.95578873,0.9657028,0.9664911,0.96315515,0.9697359,0.96265006,0.96549344,0.9418947,0.97624034,0.9659402,0.9691789,0.97651666,0.96104884,0.9514797,0.98273045,0.96684206,0.97195977,0.97958696,0.96696407
aftermathmovie,0.97744,0.96928966,0.96815103,0.9714396,0.96615785,0.96884674,0.99999994,0.9635604,0.9839511,0.9684063,0.96551085,0.9540402,0.9708484,0.9724202,0.97049314,0.95974046,0.9649906,0.96698815,0.9711692,0.9595918,0.9617917,0.9732405,0.97049576,0.9772223,0.9544291,0.884675,0.97180134,0.9745705,0.97444475,0.97070265,0.96815896,0.97390676,0.96100307,0.9665556,0.9472418,0.95231485,0.9658413,0.9752853,0.9628154,0.96416694,0.95874965,0.9635916,0.9600166,0.96693814,0.971099,0.9616424,0.9659481,0.96711934,0.96536344,0.9655781,0.9746955,0.97491753,0.96374446,0.9562712,0.9665564,0.9688489,0.9684679,0.97072,0.96550375,0.9673206,0.9575109,0.95885545,0.96216744,0.9752907,0.9721186,0.9651346,0.9648387,0.9648286,0.96333355,0.9565145,0.970069,0.73710924,0.97244954,0.9651352,0.9638419,0.96766037,0.94486773,0.9650548,0.9578517,0.9635671,0.94838315,0.9844512,0.9678704,0.9629816,0.9712094,0.9687281,0.9558251,0.9709219,0.9664962,0.96591794,0.97554266,0.970069,0.9647314,0.96062547,0.9663378,0.9632217,0.96230006,0.96368974,0.97414136,0.9623287,0.9577316,0.9668856,0.95799464,0.9622294,0.9682801,0.9744509,0.9771574,0.96132886,0.9632136,0.9635287,0.9674389,0.89290845,0.97042096,0.9510106,0.96746093,0.9641772,0.9767882,0.96769434,0.96322,0.9933237,0.9730783,0.97227955,0.9750395,0.9621942,0.9735085,0.9682954,0.9682484,0.9672361,0.9599162,0.9482483,0.9583425,0.9603751,0.9740917,0.94872075,0.971246,0.9715088,0.95882076,0.9645273,0.9632652,0.9622935,0.9839511,0.96961576,0.94788164,0.9567199,0.95441943,0.9648682,0.96624106,0.95958716,0.9668581,0.9619083,0.9886825,0.95882744,0.96961874,0.93388075,0.9663275,0.9522496,0.9676799,0.97418445,0.9640076,0.9503456,0.9839511,0.9548366,0.98129296,0.9658879,0.9748494
aftermovie,0.97690713,0.95049906,0.97001237,0.96449184,0.9674434,0.97401035,0.9635604,0.9999998,0.98390573,0.9669309,0.97099876,0.9656098,0.97408086,0.97066784,0.9748642,0.9741403,0.96985394,0.96965796,0.9660515,0.9647178,0.96623933,0.95740384,0.97339696,0.9679054,0.96238184,0.90288174,0.95623,0.97008413,0.96341527,0.9744317,0.96094745,0.97454923,0.9522895,0.9519652,0.9404498,0.9488265,0.9675694,0.9674892,0.96647364,0.9663654,0.9653595,0.964663,0.9599575,0.9694287,0.9705796,0.9682799,0.96581197,0.9684357,0.9726247,0.9684322,0.9575743,0.9724377,0.9674481,0.95825905,0.96747184,0.964752,0.96573675,0.97325677,0.9737802,0.9637829,0.964986,0.96107554,0.96757925,0.96894574,0.96290344,0.9625756,0.95651335,0.9621054,0.9661026,0.9593798,0.9710327,0.7434111,0.9592648,0.96274155,0.96660525,0.9532418,0.9446581,0.9592845,0.95895714,0.96113265,0.9518361,0.9632154,0.973572,0.95371133,0.9692091,0.9678246,0.9589415,0.96850395,0.9613914,0.9701192,0.9701897,0.9710327,0.96112704,0.9686929,0.9614206,0.96525323,0.97177184,0.9648596,0.9566747,0.96067023,0.96263814,0.97249985,0.95044404,0.96878046,0.96123505,0.9597222,0.9730443,0.96871144,0.97119194,0.9633974,0.97203237,0.8825718,0.9723011,0.9520012,0.9675167,0.96797717,0.97572875,0.955178,0.96749616,0.96432817,0.9631013,0.97226673,0.9758116,0.9687491,0.96655244,0.9761704,0.97359025,0.9457175,0.96250224,0.95070887,0.9671969,0.96531683,0.97296214,0.9571305,0.96768445,0.97420084,0.95932573,0.9601294,0.9699822,0.96225595,0.98390573,0.96019816,0.9562948,0.9549048,0.9602288,0.959464,0.9622331,0.9617669,0.9636945,0.9581345,0.96868795,0.96494615,0.9672233,0.94368553,0.9747995,0.9552654,0.97409266,0.96217114,0.9725473,0.95862144,0.98390573,0.96701133,0.97545046,0.97427213,0.96276623
ahiddenlifefilm,0.99112195,0.9697941,0.9829151,0.98277605,0.98403096,0.98273045,0.9839511,0.98390573,0.9999998,0.9835207,0.9833698,0.9752541,0.9832618,0.98585373,0.98563707,0.9848303,0.9798082,0.9829604,0.98569125,0.9775785,0.9803045,0.97525084,0.9861244,0.9830711,0.9743869,0.9048848,0.9812532,0.98818916,0.97785383,0.98082244,0.9804963,0.9855371,0.9738511,0.9725699,0.96894366,0.97203034,0.98446965,0.98332083,0.98065555,0.9854309,0.9809635,0.9796408,0.976936,0.98471063,0.98804206,0.98295945,0.9830776,0.97590756,0.98429877,0.9838212,0.9785294,0.98963135,0.982052,0.965921,0.97784585,0.98714906,0.98520714,0.9888096,0.9831688,0.98384464,0.9774058,0.97446066,0.9816834,0.9875816,0.9852664,0.9722456,0.98123777,0.9787404,0.9829673,0.9794282,0.9879691,0.7562482,0.9783084,0.981848,0.9815788,0.9742324,0.96163636,0.98072463,0.9769391,0.9758169,0.9733672,0.98370063,0.98718876,0.9767772,0.9842393,0.983897,0.97418594,0.9815984,0.98182464,0.9803383,0.97951764,0.9879691,0.9820622,0.979694,0.9796198,0.98051965,0.98682487,0.98525405,0.9781582,0.974321,0.98041743,0.9834636,0.9623413,0.9868751,0.97773856,0.9783261,0.98746747,0.9831023,0.98074305,0.98336434,0.9862482,0.89643264,0.9877798,0.96955556,0.9820782,0.984232,0.99165535,0.98080707,0.9851396,0.9813582,0.98220396,0.9868651,0.988484,0.980106,0.9861688,0.9867427,0.9862633,0.9725045,0.9811093,0.9643567,0.9816656,0.9810003,0.98833853,0.9716206,0.98780113,0.9841336,0.975379,0.9827607,0.98363066,0.97750306,0.9999998,0.9752066,0.970107,0.9764346,0.9721179,0.98241824,0.97703713,0.98118937,0.9810474,0.98043525,0.9853536,0.98079395,0.9800174,0.95907366,0.97961044,0.9745094,0.98250806,0.9847702,0.9834557,0.97481084,0.9999998,0.9836659,0.99109733,0.9852521,0.9782795
alitamovie,0.9765877,0.9559421,0.96340543,0.9638254,0.9768818,0.9678708,0.9684063,0.9669309,0.9835207,0.99999976,0.96363086,0.9643679,0.9688643,0.96776134,0.97318536,0.97008395,0.968379,0.97095823,0.96962386,0.96507984,0.9658161,0.95387554,0.9763792,0.96308225,0.95822346,0.87602586,0.96749485,0.9749297,0.95380133,0.96564996,0.9585868,0.9657367,0.9613623,0.95353776,0.95651066,0.9610226,0.96277356,0.9701021,0.9760025,0.9657387,0.96389216,0.9593316,0.95595413,0.96553373,0.97136617,0.9655747,0.9720974,0.9544683,0.97019196,0.96659684,0.95987654,0.97022116,0.96923393,0.9486114,0.9542623,0.972212,0.9693699,0.97328794,0.9691517,0.97041696,0.9587402,0.96352345,0.9680382,0.97424805,0.9687684,0.9592378,0.9705365,0.95947754,0.96517074,0.96978474,0.97448665,0.7432782,0.9665312,0.9645714,0.9755756,0.96532476,0.9617545,0.97010165,0.96064776,0.9600787,0.96469975,0.96721655,0.9725848,0.9679266,0.96976507,0.9683539,0.963247,0.96608067,0.9689179,0.9620502,0.96634835,0.97448665,0.9718565,0.96880186,0.9659311,0.96693605,0.97140074,0.9755819,0.9633792,0.95897263,0.95859694,0.96631896,0.94533956,0.9696671,0.9643585,0.961816,0.9764876,0.9686437,0.9661976,0.96711004,0.974455,0.9042698,0.9683938,0.9612273,0.9670968,0.96963006,0.97725433,0.973868,0.96902865,0.96249396,0.9716261,0.97525024,0.97043175,0.9667493,0.9708138,0.97258437,0.97353673,0.9591931,0.9694004,0.9418416,0.9739267,0.9669348,0.97378224,0.9624859,0.9736221,0.96719754,0.963133,0.96543217,0.9674233,0.95837045,0.9835207,0.95191646,0.94778854,0.95976245,0.955823,0.95993334,0.95517063,0.96210265,0.9617634,0.9606048,0.973974,0.9600896,0.9703063,0.94204044,0.96330386,0.96352714,0.9696161,0.97249186,0.9724841,0.95760953,0.9835207,0.9778361,0.97235394,0.9707129,0.9580844
angelhasfallen,0.98100746,0.9473158,0.96855354,0.97029144,0.9628117,0.968623,0.96551085,0.97099876,0.9833698,0.96363086,1.0,0.96077466,0.9685815,0.96809834,0.97575086,0.9724015,0.96979284,0.9664039,0.9735305,0.9674285,0.95443267,0.96091586,0.9679023,0.9534265,0.9559257,0.90063256,0.96370703,0.97124493,0.9652724,0.9672423,0.9704552,0.96829224,0.9583038,0.95348734,0.9513614,0.95562625,0.97415775,0.96864235,0.96582407,0.97324324,0.9590745,0.96730757,0.9599542,0.97676915,0.9687933,0.9594104,0.9662135,0.96013355,0.9739432,0.97202265,0.9673562,0.97297543,0.96929264,0.9513254,0.9634065,0.9661798,0.9748069,0.96954316,0.965758,0.9666306,0.95283383,0.9490588,0.9673042,0.9650089,0.97395474,0.9674941,0.960529,0.9703338,0.97776115,0.9697365,0.9720883,0.74227077,0.95539916,0.9686058,0.96910346,0.9607216,0.95844084,0.9612398,0.95682293,0.96731395,0.9671626,0.9715972,0.9687095,0.951375,0.97635907,0.9745143,0.97193515,0.9680856,0.9600999,0.96413845,0.9575499,0.9720883,0.9651267,0.96124905,0.9654496,0.97534245,0.98017234,0.9662694,0.9678218,0.9524637,0.967504,0.9685171,0.95152754,0.9671584,0.9622106,0.9679383,0.96899456,0.96436113,0.97364706,0.96005505,0.9669881,0.8922602,0.9674742,0.9570936,0.96033895,0.9770993,0.9805417,0.9690801,0.9656554,0.9643197,0.96019775,0.9719971,0.9777553,0.9583662,0.97121745,0.97456384,0.96890676,0.9633333,0.95960045,0.95673424,0.9607311,0.96196795,0.9751376,0.9557573,0.96777296,0.96555936,0.9679736,0.9692073,0.96767557,0.96516734,0.9833698,0.96085244,0.9590193,0.95533264,0.9494031,0.96265435,0.96262926,0.96621376,0.95721525,0.96716845,0.9706235,0.9662829,0.9680447,0.9408466,0.96913624,0.9684336,0.9636684,0.9698678,0.96426725,0.95463115,0.9833698,0.9689726,0.97010404,0.97231495,0.9699896
angrybirdsmovie,0.96811396,0.94398856,0.96614856,0.962654,0.9583886,0.97462475,0.9540402,0.9656098,0.9752541,0.9643679,0.96077466,1.0000002,0.95834273,0.9647831,0.9565038,0.96453345,0.9579868,0.95216006,0.96565396,0.9427253,0.95903844,0.9567226,0.9699921,0.94946057,0.9437041,0.88873297,0.96959174,0.9673373,0.9627554,0.96005267,0.9619055,0.9609569,0.95540303,0.9585762,0.94259745,0.9427023,0.96480155,0.9657427,0.9624217,0.9602083,0.9579998,0.9520518,0.9503434,0.9598166,0.9715341,0.96263313,0.96736497,0.9518004,0.96496916,0.9592332,0.9668668,0.96643645,0.9525975,0.9525323,0.953004,0.965969,0.9593742,0.9600826,0.9619309,0.96573,0.9475243,0.95253175,0.9720386,0.9578333,0.9633416,0.9590576,0.9651001,0.95726097,0.96898353,0.9557397,0.96884453,0.76052225,0.95485896,0.9683797,0.9549223,0.9525986,0.9336329,0.9602189,0.9560746,0.95524603,0.94553417,0.9535973,0.9704967,0.95055646,0.9701801,0.95627576,0.94858164,0.9524498,0.96370006,0.9529735,0.9580374,0.96884453,0.9569899,0.96999663,0.9653157,0.95107573,0.96515083,0.95911956,0.9529082,0.96432483,0.9584981,0.96401733,0.9598969,0.96557564,0.9562695,0.96787035,0.96545845,0.95994216,0.95656157,0.9576328,0.9732985,0.87403494,0.9558246,0.9459438,0.96910954,0.9626055,0.9693337,0.9563017,0.9551172,0.9512044,0.9615524,0.9565059,0.96757346,0.95894223,0.9661033,0.9665476,0.9609266,0.96212727,0.95782375,0.9260198,0.9535695,0.9556523,0.9659788,0.9456841,0.9587137,0.95944774,0.95044506,0.9613213,0.9714333,0.9510457,0.9752541,0.95501715,0.9508276,0.9568987,0.9515113,0.9578104,0.947147,0.95571166,0.957362,0.9586283,0.9636475,0.943488,0.94990975,0.95252514,0.95935017,0.96336275,0.95940995,0.973458,0.9522528,0.93805206,0.9752541,0.9689444,0.9656038,0.96638834,0.9603417
annabellemovie,0.97457695,0.9621801,0.9583734,0.96739024,0.96528006,0.96827966,0.9708484,0.97408086,0.9832618,0.9688643,0.9685815,0.95834273,1.0,0.9671031,0.9672761,0.97441643,0.9645981,0.9647769,0.96753234,0.9599674,0.9713149,0.9565335,0.96793354,0.9686333,0.95223516,0.9028904,0.95984995,0.9686707,0.9609509,0.9794571,0.9588214,0.9748532,0.95731705,0.9543428,0.9457363,0.94973385,0.96743953,0.97899127,0.9663828,0.9733533,0.97374237,0.9588565,0.95646966,0.9693963,0.9706197,0.96076864,0.9651678,0.9695023,0.971269,0.96644545,0.95592785,0.9747927,0.9644875,0.9411579,0.9692546,0.96680945,0.96587765,0.96900475,0.97122276,0.96504146,0.97166324,0.96391153,0.96857846,0.9746737,0.96742344,0.95880806,0.9609756,0.9707531,0.9690731,0.96608144,0.96913093,0.7418271,0.96245646,0.96903217,0.9628785,0.95782804,0.9530822,0.96737987,0.96331936,0.96301675,0.9501581,0.97378755,0.97700626,0.952927,0.97192067,0.9683045,0.9662712,0.9818579,0.9575351,0.9696457,0.9656591,0.96913093,0.9633589,0.96755373,0.95536405,0.9610972,0.96837395,0.9717358,0.9675707,0.95378864,0.9622,0.9619736,0.942492,0.9688715,0.9630902,0.9554962,0.968442,0.97047395,0.96954423,0.97115076,0.96869457,0.88017136,0.97158676,0.945348,0.9708939,0.9668445,0.9740921,0.96129435,0.9679007,0.9671667,0.9716222,0.96933544,0.97955006,0.9564971,0.9683384,0.97000575,0.9753551,0.9476729,0.96510965,0.9447337,0.96910506,0.9672682,0.97509277,0.95490205,0.96651995,0.9776026,0.9576207,0.9612903,0.96677864,0.9592255,0.9832618,0.9539027,0.95155597,0.96123147,0.96360385,0.9660792,0.9661401,0.96531254,0.96377164,0.9598803,0.97741663,0.9619197,0.97072047,0.9550923,0.970919,0.9588111,0.965639,0.96743864,0.969625,0.9560676,0.9832618,0.9637526,0.97557354,0.9743107,0.95601404
annamovie,0.9805539,0.9650912,0.9769368,0.9675377,0.9664207,0.96759254,0.9724202,0.97066784,0.98585373,0.96776134,0.96809834,0.9647831,0.9671031,1.0000002,0.9767796,0.97210157,0.96017134,0.9681412,0.9697895,0.96069247,0.96592915,0.96568775,0.97414535,0.96455294,0.96042776,0.8922976,0.97567,0.9752612,0.9671012,0.9649849,0.96668214,0.9754718,0.96033216,0.96495295,0.9611351,0.95843697,0.97298557,0.9744691,0.96657187,0.9734683,0.9670007,0.96972775,0.9654258,0.9713759,0.9741349,0.96868,0.9707039,0.9639361,0.96758944,0.9702217,0.9718925,0.9756246,0.96849215,0.9563919,0.96845007,0.97367465,0.97406656,0.9768262,0.9722255,0.9687073,0.9560812,0.9594235,0.9742254,0.9797173,0.9725628,0.9646216,0.96776044,0.9640088,0.9705828,0.9668915,0.97316676,0.7477417,0.96716434,0.9691982,0.96514475,0.962037,0.9499143,0.97002137,0.9629238,0.958493,0.96012646,0.96808666,0.972959,0.96474624,0.9756976,0.9721952,0.9633659,0.96475005,0.97117543,0.9676467,0.9635275,0.97316676,0.9710489,0.96293336,0.9735449,0.96423966,0.97074944,0.96432155,0.9725789,0.9751948,0.97064847,0.9668285,0.9483312,0.97548234,0.97378033,0.97314185,0.97360486,0.96855485,0.9730852,0.9715911,0.9776986,0.8800603,0.97375274,0.95293355,0.967246,0.97497535,0.9834635,0.9643145,0.96603155,0.9688514,0.9629625,0.9760257,0.97430533,0.964852,0.9726379,0.96991324,0.969315,0.9651572,0.9634994,0.9461271,0.96812636,0.9606622,0.9761348,0.9580839,0.97768104,0.97037166,0.97239465,0.9676345,0.9691833,0.9686709,0.98585373,0.9694843,0.95775616,0.9662003,0.9535318,0.9672672,0.96347076,0.97024643,0.97078204,0.96930057,0.96888685,0.96423316,0.96240693,0.9420809,0.9713789,0.95981324,0.9694425,0.9716093,0.9670886,0.9602305,0.98585373,0.96439034,0.9766725,0.9667805,0.96722656
apollo11movie,0.97823864,0.9617156,0.97275406,0.97250354,0.9766327,0.9623723,0.97049314,0.9748642,0.98563707,0.97318536,0.97575086,0.9565038,0.9672761,0.9767796,1.0,0.9696881,0.96227616,0.96928084,0.97257984,0.97875446,0.9640913,0.9622273,0.9711003,0.9610262,0.9638003,0.8781358,0.96662825,0.97508806,0.96910554,0.9677003,0.9687247,0.9702382,0.9598892,0.9571804,0.9465244,0.95891815,0.9740515,0.9718901,0.969899,0.9672335,0.9705303,0.9789495,0.9633412,0.9778608,0.97020215,0.96789837,0.967168,0.96784204,0.97382575,0.97643614,0.9714265,0.97292495,0.9699523,0.95151395,0.9629849,0.9748672,0.9809316,0.98470235,0.9782428,0.96893144,0.96919423,0.9685348,0.96422595,0.97320205,0.96932,0.97148067,0.9665456,0.9609208,0.9697649,0.96769285,0.97412646,0.74765646,0.96090317,0.97274244,0.9753707,0.95839435,0.94924206,0.96039134,0.9595982,0.96842974,0.96832806,0.96890324,0.9700756,0.9708364,0.9721319,0.97233903,0.9564882,0.9636904,0.9669738,0.9710248,0.96452105,0.97412646,0.9687749,0.96354645,0.97208625,0.9841186,0.9745294,0.97167957,0.96411544,0.9597571,0.9701677,0.9752455,0.9494135,0.9722069,0.9752067,0.96959823,0.96915597,0.9660626,0.96316534,0.9710175,0.9735189,0.8715113,0.9754159,0.9563616,0.96972007,0.97220075,0.9792669,0.9719865,0.9740141,0.97119695,0.9644267,0.98262626,0.9748244,0.95990795,0.96749485,0.97658193,0.9697466,0.9630696,0.9733801,0.946282,0.97319496,0.9677785,0.9730632,0.9580962,0.97849953,0.9663173,0.96957415,0.968456,0.9688725,0.9667276,0.98563707,0.9650706,0.96161044,0.9550146,0.9507628,0.9656332,0.96219665,0.96043026,0.9633543,0.96678936,0.97261465,0.96856743,0.96626693,0.9406649,0.96971726,0.9565745,0.9694621,0.96939564,0.9768242,0.9656955,0.98563707,0.96895605,0.9778729,0.9733621,0.9759391
arcticdogsmovie,0.975436,0.9609324,0.96464163,0.9636513,0.9716687,0.9715581,0.95974046,0.9741403,0.9848303,0.97008395,0.9724015,0.96453345,0.97441643,0.97210157,0.9696881,0.99999994,0.9634067,0.9643993,0.97148114,0.96172494,0.9641658,0.9605301,0.9766179,0.9617564,0.9642881,0.91546,0.9714785,0.97203726,0.962944,0.97136956,0.96454483,0.964773,0.96602464,0.9450615,0.95791155,0.94785017,0.9795646,0.9685305,0.9727257,0.9738104,0.9668988,0.9669408,0.96203345,0.9747285,0.96967864,0.96600896,0.9777564,0.9600236,0.9656688,0.97307366,0.9626151,0.97030836,0.96659696,0.9475708,0.963756,0.971657,0.9715621,0.974492,0.9674946,0.97958016,0.9682503,0.96005994,0.9661533,0.9742955,0.9674875,0.96110517,0.9735667,0.97001487,0.9818874,0.97111344,0.9803271,0.7574021,0.9589249,0.97819054,0.96943086,0.96299815,0.94672334,0.9670186,0.9693991,0.96010625,0.9625401,0.96406645,0.98125273,0.9570257,0.97234136,0.968737,0.9731302,0.966968,0.9671445,0.9704333,0.95694315,0.9803271,0.96539575,0.9728473,0.96755517,0.96637183,0.9755276,0.9734324,0.9635017,0.96325314,0.9650149,0.96962625,0.9520305,0.9796465,0.965354,0.959659,0.9717322,0.9745399,0.9750007,0.9701338,0.9737322,0.8907654,0.97305524,0.95699936,0.964405,0.9781464,0.9802841,0.9607145,0.9729001,0.958299,0.96416664,0.96760076,0.9775117,0.96712554,0.97165066,0.9714923,0.9667182,0.95924497,0.9680808,0.950701,0.9676665,0.96676636,0.97146314,0.9534374,0.9706573,0.9739579,0.9635615,0.96247053,0.98271376,0.961961,0.9848303,0.9591389,0.9487523,0.9629858,0.95979136,0.9622713,0.9602985,0.97084504,0.9691121,0.9650346,0.9673991,0.963244,0.96764815,0.9528919,0.9722628,0.9711145,0.97169286,0.96761763,0.9684952,0.96404076,0.9848303,0.9735599,0.97444457,0.97307694,0.96335787
arcticmovie,0.97406685,0.9540481,0.96455336,0.96318984,0.96637434,0.9691791,0.9649906,0.96985394,0.9798082,0.968379,0.96979284,0.9579868,0.9645981,0.96017134,0.96227616,0.9634067,1.0000001,0.9621056,0.971007,0.9598963,0.9651192,0.9585572,0.9690076,0.963444,0.9527799,0.9005054,0.9567561,0.9838852,0.9576692,0.9646474,0.9609043,0.96957475,0.9520883,0.95662063,0.9536397,0.9513912,0.9585668,0.9642312,0.95672125,0.9710144,0.9619965,0.9626646,0.96436197,0.96947646,0.97128606,0.9526477,0.96680826,0.96714705,0.96516675,0.9668022,0.9566288,0.9706609,0.9684709,0.95172393,0.95829487,0.96237004,0.96827894,0.9654097,0.9598149,0.9677428,0.95351934,0.95184225,0.96379524,0.96549046,0.9682436,0.94496185,0.9606676,0.9634576,0.9590854,0.9571097,0.9725459,0.7465199,0.96060634,0.9632788,0.9607693,0.95666033,0.95080096,0.9593359,0.95391,0.962487,0.95052373,0.96439,0.9659226,0.9434412,0.96550626,0.9691317,0.96590036,0.9660329,0.96099895,0.9599738,0.9619471,0.9725459,0.96067,0.9576593,0.95719004,0.96236694,0.9678957,0.9623381,0.9560861,0.95013475,0.951386,0.9672712,0.9497131,0.9714521,0.95439255,0.9587104,0.9704097,0.96294314,0.97124815,0.96144867,0.96900517,0.90500087,0.9654888,0.9515061,0.95519936,0.96235865,0.96993977,0.9613117,0.9659032,0.963202,0.961789,0.96238655,0.9726297,0.9591581,0.9727302,0.96899,0.9662204,0.95591766,0.95466727,0.9671024,0.96776557,0.9570623,0.98374695,0.9585882,0.96216434,0.9693809,0.95711976,0.96897507,0.9678746,0.95495015,0.9798082,0.95726395,0.9400352,0.95501655,0.9607797,0.9652915,0.9536748,0.96689475,0.9591722,0.956428,0.96602297,0.9629045,0.9613351,0.94033426,0.9576908,0.9689813,0.9650169,0.9699773,0.9645184,0.94931734,0.9798082,0.9694101,0.9679041,0.9653737,0.9592393
artofracingmovie,0.9758195,0.9569519,0.96753037,0.9607019,0.97738147,0.96593547,0.96698815,0.96965796,0.9829604,0.97095823,0.9664039,0.95216006,0.9647769,0.9681412,0.96928084,0.9643993,0.9621056,1.0000001,0.9665563,0.9613177,0.96036154,0.9574248,0.9666886,0.9667784,0.9605492,0.8886098,0.9630675,0.9686827,0.96256536,0.97028565,0.9604433,0.97355354,0.9545864,0.95889366,0.9546513,0.96438086,0.9710566,0.9714251,0.9639008,0.96501714,0.95454776,0.9632647,0.95369613,0.96883345,0.9733129,0.9626718,0.96006966,0.95109326,0.9702881,0.9685233,0.96256006,0.975242,0.9652741,0.96814984,0.9656653,0.9747935,0.96976787,0.97346276,0.9593452,0.9688319,0.9532647,0.9559304,0.9641126,0.97118753,0.96768427,0.94787616,0.95799583,0.95764893,0.96054846,0.9610338,0.97164696,0.7355496,0.9606966,0.96125513,0.96313006,0.9469138,0.94589293,0.9644457,0.95578635,0.9537304,0.95773333,0.96773446,0.97198546,0.9678217,0.9736794,0.963807,0.96019226,0.9691277,0.95949453,0.96830016,0.9629702,0.97164696,0.96279275,0.9596349,0.9743371,0.9639598,0.9725821,0.9679784,0.96622,0.95739007,0.9639424,0.9621815,0.9463526,0.96972007,0.9556214,0.966836,0.9694476,0.96487105,0.95784366,0.9680829,0.96742547,0.8792752,0.97741294,0.9609046,0.96050346,0.970486,0.9790441,0.963819,0.96731514,0.9639396,0.9613165,0.9754256,0.96630275,0.9578691,0.9644061,0.9661854,0.97222245,0.9560812,0.964836,0.95154715,0.9629745,0.96850014,0.9706585,0.9631743,0.97336566,0.9676377,0.9655717,0.9706197,0.966199,0.976512,0.9829604,0.9660452,0.9512828,0.9591262,0.95018727,0.97118413,0.95349926,0.9654253,0.9649151,0.9649743,0.96146643,0.9662238,0.96491724,0.9383918,0.9596952,0.95821154,0.965859,0.9599283,0.9725585,0.9708448,0.9829604,0.9660752,0.9695444,0.963719,0.96288484
avengers,0.98728895,0.95745987,0.96959484,0.9692949,0.96863115,0.9716014,0.9711692,0.9660515,0.98569125,0.96962386,0.9735305,0.96565396,0.96753234,0.9697895,0.97257984,0.97148114,0.971007,0.9665563,1.0,0.96602464,0.9645327,0.96835035,0.97240156,0.96905833,0.9596742,0.8870485,0.9723182,0.97877455,0.9725044,0.9616169,0.97761583,0.9656313,0.9691293,0.9675299,0.9564837,0.9538686,0.98067355,0.96913385,0.96741986,0.97081155,0.9603824,0.9736058,0.96439785,0.976997,0.9799077,0.9676074,0.97293925,0.96183205,0.96836364,0.9764592,0.97027826,0.97539884,0.97250926,0.95920116,0.95896167,0.97515154,0.97163653,0.9787158,0.9707631,0.97353655,0.964019,0.95709,0.96673584,0.9687917,0.97565675,0.96629393,0.9727482,0.96811694,0.972626,0.96405786,0.97716564,0.75748694,0.9652383,0.976533,0.9726433,0.9597617,0.9500304,0.9651976,0.9566136,0.97001696,0.9575625,0.9733402,0.97171986,0.9613584,0.97102183,0.9641657,0.9565075,0.9692684,0.965498,0.96541995,0.9615709,0.97716564,0.96969146,0.96589386,0.9775615,0.96804637,0.9728157,0.9764371,0.9615263,0.9588511,0.9691622,0.9695701,0.9582604,0.9780861,0.9645474,0.96916205,0.9762784,0.9682704,0.96190816,0.97062457,0.97638345,0.89172995,0.976977,0.9574122,0.9724277,0.97459865,0.978987,0.9693233,0.971074,0.96722233,0.96554637,0.9744783,0.97207385,0.95904964,0.9685354,0.9733602,0.9678805,0.9740173,0.9688945,0.9559932,0.96707636,0.9695613,0.97462153,0.9508794,0.97731805,0.96256316,0.9575018,0.9693903,0.97014064,0.9666059,0.98569125,0.96902627,0.9583632,0.95855045,0.9615924,0.9656517,0.95143175,0.9677122,0.9699061,0.97514755,0.97372246,0.96792173,0.96410626,0.9565458,0.961422,0.96593815,0.9712771,0.9742125,0.9700283,0.96719444,0.98569125,0.97268355,0.9836015,0.9763905,0.97047216
beachbummovie,0.9705269,0.9425565,0.95398504,0.95485044,0.9679477,0.95777434,0.9595918,0.9647178,0.9775785,0.96507984,0.9674285,0.9427253,0.9599674,0.96069247,0.97875446,0.96172494,0.9598963,0.9613177,0.96602464,0.99999994,0.94948375,0.9567226,0.9660916,0.9570707,0.9619611,0.8796386,0.9544992,0.9711538,0.95594573,0.95910853,0.9572544,0.9649721,0.9619886,0.952124,0.94534993,0.9451332,0.9622951,0.96126354,0.96667236,0.9610591,0.95590657,0.97621506,0.9517272,0.97056806,0.96593964,0.96341884,0.96563643,0.961244,0.96277094,0.971111,0.95003587,0.97186047,0.97194254,0.9390815,0.9490394,0.9662054,0.9701568,0.9700805,0.9590271,0.9667258,0.96314836,0.94923055,0.9556895,0.96978194,0.968387,0.9558477,0.95486706,0.9544007,0.9554877,0.9629546,0.968801,0.72769594,0.9476516,0.9650207,0.9720163,0.95154166,0.95381933,0.9625463,0.9515797,0.9638635,0.95997876,0.9624877,0.9582116,0.95445645,0.95642054,0.9659294,0.9520684,0.9541305,0.9517079,0.9557962,0.9570522,0.968801,0.96868247,0.9604629,0.95217115,0.96575975,0.9705389,0.9769581,0.9506393,0.9457591,0.9618816,0.9676759,0.9363815,0.9668917,0.95633256,0.9480142,0.9668353,0.9587421,0.9572573,0.9623244,0.9639095,0.88204074,0.9656716,0.9569875,0.94916415,0.95861447,0.96703005,0.97173095,0.96732366,0.959026,0.9616871,0.964862,0.9681174,0.9615211,0.9547907,0.9665574,0.9626733,0.9447241,0.9717027,0.93963563,0.96247774,0.96522784,0.9655957,0.94952446,0.96492106,0.96167314,0.9510466,0.9653324,0.9635391,0.96046364,0.9775785,0.9485625,0.95279086,0.9468543,0.9526251,0.9592988,0.9475313,0.9558139,0.95765084,0.9543719,0.9601775,0.9667489,0.96507096,0.9310353,0.9638739,0.9521294,0.96584785,0.96274745,0.96629846,0.9517411,0.9775785,0.9624656,0.970736,0.96702325,0.9583887
bernadettefilm,0.9729326,0.9514358,0.95944935,0.9702897,0.9628166,0.9639518,0.9617917,0.96623933,0.9803045,0.9658161,0.95443267,0.95903844,0.9713149,0.96592915,0.9640913,0.9641658,0.9651192,0.96036154,0.9645327,0.94948375,0.99999994,0.950015,0.9688288,0.970949,0.9599398,0.890427,0.95893604,0.968925,0.9484793,0.96759415,0.9500958,0.96530664,0.9508006,0.9449026,0.9560341,0.95079935,0.9617492,0.9667927,0.96740174,0.96902984,0.9639902,0.9486759,0.9589923,0.95678484,0.96131754,0.9623532,0.96677047,0.96167535,0.9672169,0.9539445,0.9517108,0.96978855,0.958296,0.9449001,0.9564661,0.9694288,0.96336854,0.9661252,0.962359,0.96167654,0.966394,0.9642088,0.9623387,0.9634308,0.9571038,0.9460031,0.96329844,0.96011996,0.96034664,0.95900685,0.967875,0.74444973,0.97261745,0.95741665,0.9648167,0.95521593,0.93531716,0.9572362,0.9552114,0.9507322,0.9437878,0.9608519,0.9728201,0.95604116,0.9654567,0.9656471,0.96199644,0.9667037,0.96647793,0.9660287,0.967865,0.967875,0.95698816,0.95618707,0.9593549,0.9534071,0.96266305,0.9645758,0.96123296,0.95913047,0.95476496,0.96252644,0.93372375,0.97674674,0.9645756,0.95024675,0.96031153,0.96277875,0.9565691,0.96608084,0.9667175,0.8953608,0.96631527,0.9444857,0.97921324,0.9671005,0.9681988,0.9627986,0.9625779,0.96073824,0.9643866,0.9675576,0.9651097,0.9601278,0.971279,0.9588136,0.96963614,0.95259404,0.9580689,0.94533616,0.9808598,0.95700485,0.9710058,0.9462811,0.96557194,0.9709886,0.9536629,0.9542276,0.96263516,0.9470669,0.9803045,0.9486097,0.9393591,0.9510633,0.9556483,0.9659178,0.95097893,0.9656094,0.9614716,0.9648219,0.9691075,0.95523334,0.9538597,0.9537025,0.9608168,0.95382696,0.96048164,0.9640111,0.96028996,0.9583803,0.9803045,0.96539944,0.9716117,0.9675406,0.9455175
