movie,21bridgesmovie,47metersdown,abeautifuldaymovie,abominablemovie,adastramovie,adogsjourneymovie,aftermathmovie,aftermovie,ahiddenlifefilm,alitamovie,angelhasfallen,angrybirdsmovie,annabellemovie,annamovie,apollo11movie,arcticdogsmovie,arcticmovie,artofracingmovie,avengers,beachbummovie,bernadettefilm,blackandbluemovie,blackchristmas,blindedbythelightmovie,bombshellmovie,booksmart,breakthroughmovie,brianbanksmovie,brightburnmovie,brittanyrunsmov,captainmarvelofficial,captivestatemovie,catsmovie,charliesangels,childsplaymovie,clarathefilm,coldpursuitmovie,countdown,currentwarmovie,darkwatersmovie,detectivepikachumovie,disneyaladdin,disneyfrozen,disneymaleficent,doctorsleepmovie,dolemiteismyname,dontletgomovie,doramovie,downtonabbey_official,dumbo,escaperoom,everybodyknowsmovie,fastandfuriousmovie,fightingwmyfam,fivefeetapartfilm,fordvferrari,freaksthefilm,geminimanmovie,glassmovie,gloriabellmovie,godzillamovie,goldfinchmovie,goodboysmovie,goodliarmovie,gretafilm,halathemovie,happydeathdaymovie,harrietfilm,hellboymovie,hersmellmovie,highlifemovie,highstrungmovie,honeyboymovie,hotelmumbaifilm,httydragon,hustlemovie,hustlersmovie,isntitromantic,itmovieofficial,jayandsilentbob,johnwickmovie,jojorabbitmovie,jokermovie,judythefilm,jumanjimovie,justmercyfilm,knivesout,lalloronamovie,lastblackmansf,lastchristmasthemovie,latenightmovie,lighthousemovie,lionking,littlethemovie,littlewomenmovie,littlewoodsfilm,longshotmovie,lordsofchaosmovie,lucyintheskyfilm,mamovie2019,marriagestory,meettheaddams,meninblack,midsommarmovie,midwaymovie,missbalamovie,missinglinkfilm,motherlessbklyn,onceinhollywood,onthebasisofsex,overcomermovie,peanutbutterfalcon,petsematarymovie,piercingmovie,playingwithfire,playmobilthemovie,pomsmovie,queenandslim,rambomovie,readyornotfilm,richardjewellfilm,rocketmanmovie,scarystoriesmovie,secretlifeofpets,serenityfilm,shaftmovie,shazammovie,spidermanmovie,spiesindisguise,starwars,stormboymovie,stubermovie,taosdfilm,teenspiritmov,terminator,theaeronautsmov,thebestofenemies,thedeaddontdie,thefarewell,thehighwaymen,thehummingbirdprojectfilm,theintrudermovie,theirishmanfilm,thekitchenmovie,thelegomovie,themustangfilm,thenightingalefilm,theprodigymovie,thesunisalsoastar,theupsidefilm,tolkienmovie,toystory,triplefrontier,uglydolls,uncutgems,underthesilverlake,usmovie,wavesmovie,whatmenwant,wonderparkmovie,wrinklestheclown,xmenmovies,yardiefilm,yesterdaymovie,zombieland
21bridgesmovie,0.9999998,0.95263934,0.95492506,0.95604026,0.95864284,0.9605497,0.96189845,0.9540494,0.9763428,0.94960815,0.9482287,0.94837207,0.9496646,0.94794333,0.95830625,0.9525435,0.9514413,0.95403945,0.969042,0.95019096,0.9513388,0.95517987,0.95208997,0.9523736,0.9500883,0.8914514,0.942914,0.96024865,0.9588413,0.9546742,0.945699,0.9474862,0.95273215,0.94515574,0.9527697,0.9318731,0.9600918,0.9682487,0.9506516,0.9434004,0.94753057,0.95539474,0.94517684,0.9552024,0.9553388,0.94659996,0.9552482,0.9518216,0.94739455,0.9590241,0.96067125,0.95914286,0.9450954,0.95179135,0.9456193,0.9476237,0.95100105,0.9537715,0.95524377,0.9454881,0.9460888,0.9566461,0.94651186,0.95018095,0.9436576,0.94856983,0.94909036,0.95438385,0.95491964,0.9395048,0.94933957,0.8233232,0.95235753,0.96787316,0.9487405,0.9422835,0.92506284,0.94656295,0.9519775,0.94961786,0.9549858,0.9504493,0.954909,0.95887756,0.94370264,0.94298,0.95633036,0.95694435,0.9518479,0.9607563,0.94990635,0.94933957,0.94779474,0.9594889,0.9498293,0.9506652,0.952851,0.9601697,0.96209306,0.9435417,0.9461728,0.9408934,0.9503511,0.9451097,0.94334626,0.95747334,0.9569468,0.9424081,0.94795173,0.9502259,0.95878315,0.8900367,0.9530515,0.92890525,0.9475211,0.9688718,0.98481375,0.9532855,0.9619149,0.9543687,0.9539016,0.94611174,0.95264214,0.94978607,0.94905436,0.95057344,0.9548932,0.9436141,0.9369841,0.9259918,0.957973,0.93828917,0.96003234,0.94896215,0.96231616,0.95381236,0.97160345,0.94889164,0.94312257,0.94911313,0.9763428,0.95249975,0.93888885,0.9473689,0.95000416,0.95064193,0.93842584,0.95252186,0.9512248,0.95394415,0.9567095,0.95839316,0.9549339,0.96210915,0.93612933,0.94906473,0.9448454,0.9465244,0.96182173,0.94678503,0.9763428,0.95434093,0.95800686,0.95439416,0.9568374
47metersdown,0.95263934,0.9999998,0.94689876,0.94852203,0.95606595,0.9521629,0.95884854,0.94093406,0.9748556,0.94906896,0.9398053,0.9462769,0.94994944,0.9526282,0.9556751,0.9632752,0.95131445,0.9506179,0.94876456,0.94534296,0.95086074,0.9527493,0.9497854,0.9536176,0.9471291,0.8911542,0.94606096,0.9551593,0.9530428,0.9516642,0.9531461,0.9519041,0.95056117,0.95701826,0.9391828,0.923081,0.96084744,0.95389557,0.9485154,0.94466275,0.9523057,0.9605232,0.94506305,0.9531292,0.95003843,0.94576937,0.95143014,0.95189553,0.96233106,0.9558425,0.958123,0.9602502,0.95174634,0.95382035,0.9457177,0.95128965,0.9436811,0.95563614,0.94914377,0.96056134,0.9519565,0.95428336,0.9418265,0.95251644,0.94728744,0.95067024,0.9387882,0.9517058,0.9528177,0.9324065,0.95986855,0.83193016,0.9483653,0.95663464,0.93487334,0.9477838,0.90742964,0.956679,0.94311845,0.9560992,0.94742423,0.9506716,0.95112646,0.9451358,0.95012826,0.9454184,0.94686985,0.95866406,0.96103996,0.95822954,0.9455127,0.95986855,0.9465153,0.957269,0.9553221,0.95189905,0.95528483,0.9501148,0.9580039,0.9398328,0.9434226,0.9508342,0.9481366,0.95632046,0.94959015,0.95484775,0.95616907,0.947576,0.93901,0.9424316,0.9516276,0.8810693,0.95279735,0.92402494,0.95596135,0.95424926,0.9559969,0.94237703,0.9482988,0.9559389,0.9483766,0.95750195,0.9496242,0.9381531,0.95456105,0.9534823,0.94895035,0.94510835,0.9476591,0.9364429,0.948797,0.94846255,0.9629796,0.94953704,0.959981,0.9499717,0.94264054,0.9505563,0.95565814,0.94570655,0.9748556,0.9547791,0.944451,0.9395489,0.9496116,0.94829935,0.9391976,0.93553305,0.94650024,0.94383997,0.9542256,0.94996953,0.94825685,0.9340657,0.9481753,0.9526526,0.94851625,0.948888,0.9526653,0.9461618,0.9748556,0.9482628,0.96238846,0.9508743,0.95222604
abeautifuldaymovie,0.95492506,0.94689876,0.99999946,0.9474075,0.963821,0.9505283,0.9569099,0.95294446,0.9775297,0.95229584,0.9509554,0.9629158,0.95044506,0.9578685,0.95235264,0.94650835,0.9548792,0.960275,0.94886917,0.9456946,0.95835835,0.9709833,0.95721334,0.95861673,0.95323515,0.89583004,0.94644696,0.95824724,0.97064865,0.95998365,0.95302457,0.9549182,0.9576017,0.9596879,0.9388787,0.923325,0.96458745,0.95716095,0.9468436,0.94662446,0.94846874,0.9568355,0.9427115,0.95199436,0.96409553,0.95891625,0.9574931,0.94916135,0.9497561,0.9519311,0.9778398,0.96117187,0.9593406,0.9529065,0.9485898,0.95010704,0.9570308,0.9610951,0.9597718,0.9500278,0.9480621,0.95976007,0.96094763,0.95128775,0.95821404,0.9588916,0.94341046,0.9595396,0.9566167,0.9377309,0.95608974,0.806875,0.94686615,0.95782244,0.94182485,0.9407098,0.89516324,0.9533943,0.9555792,0.9508431,0.9576587,0.9470124,0.95870996,0.955686,0.9596471,0.9546574,0.9505048,0.9590712,0.95479673,0.962057,0.9547841,0.95608974,0.9467409,0.9529817,0.97016126,0.9501721,0.9616774,0.9536593,0.95601326,0.9448218,0.9582218,0.9453763,0.9683946,0.9531184,0.9464397,0.97478527,0.9599324,0.9453096,0.9633666,0.9552844,0.9559026,0.8878783,0.95668143,0.92609066,0.9609499,0.9600684,0.9613418,0.9431915,0.955916,0.95687544,0.94966084,0.95138156,0.948254,0.9549242,0.9561997,0.9526079,0.949336,0.9584011,0.95738375,0.9364825,0.95959616,0.9575622,0.9670571,0.9506903,0.9614005,0.9486222,0.951429,0.9501642,0.9547967,0.9629217,0.9775297,0.9714385,0.95380116,0.9553857,0.9457645,0.95536524,0.9441729,0.9390967,0.9516482,0.9408331,0.9461269,0.9652674,0.95830333,0.94553727,0.93820053,0.9569582,0.9484138,0.95439947,0.952904,0.9533551,0.9775297,0.9465316,0.966566,0.9587433,0.97353446
abominablemovie,0.95604026,0.94852203,0.9474075,0.9999999,0.9524347,0.9421527,0.9585736,0.94849324,0.9702968,0.9456931,0.9450928,0.9471827,0.9520443,0.9467922,0.9430936,0.95344836,0.94503564,0.9435917,0.9436101,0.93714535,0.95266896,0.943317,0.94125235,0.9408704,0.94983417,0.89251965,0.9391653,0.94933075,0.9483731,0.95583826,0.9394293,0.93421245,0.9432987,0.9559273,0.9378735,0.92259514,0.9487546,0.958161,0.9452188,0.9378873,0.9527111,0.95421386,0.94653165,0.94592154,0.9502996,0.95124024,0.9425289,0.9503862,0.94372344,0.9521898,0.9558695,0.9546391,0.93904716,0.9384684,0.9407559,0.95012647,0.9498373,0.95019406,0.956339,0.949369,0.9459974,0.9621553,0.94176686,0.95216066,0.94440836,0.94216365,0.93611485,0.9414535,0.9484479,0.9338932,0.9519307,0.819703,0.94788206,0.95777476,0.95234925,0.93278044,0.91797686,0.93899745,0.94416964,0.9420504,0.94269264,0.9565698,0.9471098,0.94605255,0.94723594,0.9498237,0.9428145,0.9545732,0.9520067,0.9539444,0.94691133,0.9519307,0.9471596,0.9540867,0.9392689,0.95524305,0.9500078,0.9560777,0.9482541,0.92994773,0.94776404,0.939369,0.945322,0.944094,0.94052476,0.9506971,0.9552157,0.9430413,0.9459715,0.94265777,0.95277286,0.88577145,0.94815636,0.9237833,0.94908047,0.9504522,0.95769733,0.9489804,0.9473156,0.9540137,0.9526723,0.95102614,0.9388563,0.9409812,0.94917667,0.9486029,0.946717,0.9392706,0.94049126,0.91344523,0.95376045,0.94843763,0.95385087,0.9370738,0.952436,0.94950706,0.9507985,0.9508308,0.9509298,0.9469548,0.9702968,0.9444907,0.93907386,0.95224667,0.94607973,0.9465705,0.9411546,0.94001687,0.94773275,0.94415784,0.95416564,0.9511153,0.9445611,0.9283135,0.9386335,0.94842255,0.9389776,0.9500593,0.94266564,0.9465251,0.9702968,0.94976664,0.951219,0.94577825,0.9532413
adastramovie,0.95864284,0.95606595,0.963821,0.9524347,0.9999999,0.9510979,0.96008444,0.95528376,0.97842973,0.9642976,0.954791,0.9527829,0.9536725,0.9510226,0.95631844,0.9498999,0.95487994,0.96857613,0.94814223,0.95197296,0.95405835,0.95436215,0.95823014,0.9532237,0.9570428,0.89710087,0.9617891,0.9609639,0.95989585,0.9496662,0.9496858,0.956887,0.95818794,0.95216614,0.94063133,0.9278685,0.96179897,0.9568684,0.9486362,0.94511163,0.95489824,0.9597529,0.94842595,0.9498394,0.95715064,0.95296323,0.960183,0.95299,0.95276636,0.9547316,0.9607788,0.9677375,0.9518789,0.95164955,0.94493586,0.9671471,0.9579885,0.9621569,0.95944965,0.9523327,0.9534649,0.9632377,0.95540005,0.9614366,0.95602316,0.95714,0.937796,0.96368134,0.9573495,0.9445208,0.96028924,0.81342775,0.944545,0.96086764,0.93686676,0.94148314,0.9053475,0.95694613,0.9546385,0.95174754,0.95508355,0.94637984,0.9664132,0.9471397,0.9575391,0.9523143,0.95289195,0.96331364,0.96437955,0.9631594,0.9554866,0.96028924,0.94874835,0.9642642,0.95897514,0.95992166,0.9624749,0.9595528,0.95596164,0.95069635,0.9489714,0.950804,0.95556384,0.9549632,0.9431109,0.95709145,0.96972203,0.9484586,0.954289,0.9583184,0.96709126,0.8804521,0.9586986,0.92966884,0.95512694,0.9637358,0.96162903,0.95052993,0.9606608,0.9583102,0.961935,0.9598658,0.95108694,0.9455543,0.9558855,0.95647514,0.95608,0.9444472,0.9594034,0.92691875,0.9570349,0.9617601,0.964608,0.95174545,0.961791,0.94727504,0.9571062,0.95909995,0.9584816,0.95612895,0.97842973,0.9551706,0.9484861,0.95759296,0.9456064,0.96108705,0.9530895,0.949452,0.95554,0.95060194,0.95515907,0.9553964,0.9585399,0.94698966,0.9475507,0.9592317,0.9504067,0.9526736,0.95868176,0.9596196,0.97842973,0.96686333,0.96877575,0.96006346,0.95263493
adogsjourneymovie,0.9605497,0.9521629,0.9505283,0.9421527,0.9510979,0.99999976,0.9620394,0.9456214,0.97341985,0.94632226,0.9510871,0.9446087,0.9554745,0.9438819,0.95068765,0.95111877,0.949803,0.94678897,0.94552046,0.9458372,0.94297516,0.9563706,0.9651552,0.9464335,0.94071734,0.8950111,0.94065416,0.94590646,0.9585542,0.95259076,0.95054185,0.9470967,0.9510649,0.94406515,0.935982,0.9248618,0.95083225,0.95456344,0.94874966,0.9427075,0.9452654,0.9513865,0.9524595,0.9543188,0.95169604,0.9473365,0.96176285,0.9567662,0.9502361,0.95487446,0.95864224,0.95105827,0.95093596,0.9455541,0.938265,0.94568074,0.94397104,0.94983745,0.95083576,0.95287704,0.94471884,0.9510208,0.9415983,0.94145745,0.9351912,0.94502693,0.93760544,0.9423814,0.94959927,0.93816817,0.9521165,0.8049812,0.94262284,0.95722765,0.9500677,0.93639153,0.901138,0.949036,0.9458569,0.95853317,0.9552087,0.9474415,0.9499684,0.9527637,0.9442338,0.9386618,0.95419717,0.9628307,0.9570564,0.9635772,0.9458238,0.9521165,0.9418331,0.95892656,0.9506309,0.95471746,0.9527282,0.9538186,0.9588285,0.9529751,0.9422346,0.95322484,0.9557925,0.94982517,0.9406113,0.9527005,0.9482027,0.94458145,0.94793737,0.9444311,0.9621933,0.88681,0.9505178,0.92580825,0.94509166,0.95271415,0.9580679,0.95625305,0.9580604,0.95304596,0.946257,0.9399732,0.9491556,0.9555069,0.950528,0.9532328,0.9577074,0.9514786,0.94273305,0.9323191,0.945145,0.9448061,0.95384943,0.94394857,0.95534176,0.94968784,0.9496401,0.9433964,0.9416212,0.94255674,0.97341985,0.9489261,0.93933177,0.939762,0.9404206,0.9431799,0.93021405,0.93601793,0.9480118,0.9393471,0.94998777,0.95112807,0.94627404,0.9370409,0.9442252,0.9437845,0.9565394,0.95035005,0.9487867,0.9442929,0.97341985,0.9417491,0.9556981,0.9655793,0.9506176
aftermathmovie,0.96189845,0.95884854,0.9569099,0.9585736,0.96008444,0.9620394,1.0000005,0.95125,0.98222625,0.9561666,0.9581403,0.95385766,0.95773786,0.9578994,0.9577134,0.95946604,0.96402436,0.9466932,0.95315206,0.9481427,0.96496767,0.95574003,0.9645256,0.95932996,0.9576423,0.88897103,0.94546473,0.9537331,0.9591725,0.9585251,0.9589152,0.9514452,0.9602685,0.95830154,0.94414777,0.93114084,0.9662412,0.96401584,0.954602,0.9504287,0.95716286,0.96443754,0.9549442,0.95926267,0.95966566,0.9584287,0.9647827,0.9555247,0.9571645,0.9612841,0.96219146,0.96227336,0.9542295,0.9585364,0.95698404,0.94453907,0.9518759,0.96226704,0.9651541,0.96222275,0.9498782,0.96685153,0.95056367,0.95611733,0.9511286,0.95439285,0.94877785,0.9569587,0.9652139,0.9440105,0.96376777,0.81232274,0.95050424,0.96503234,0.95062983,0.9486269,0.91782254,0.9551791,0.96672064,0.9604781,0.963608,0.97836924,0.958257,0.96171534,0.9584386,0.9527732,0.9709544,0.96704024,0.96721727,0.9615041,0.9540594,0.96376777,0.94440246,0.96823055,0.9601093,0.9575097,0.96363217,0.9628426,0.9771496,0.94565105,0.9540492,0.9498929,0.9595944,0.9625506,0.9427701,0.9579969,0.96148044,0.95264655,0.9507887,0.94921315,0.96495557,0.9003725,0.9588838,0.93741417,0.9644802,0.9614816,0.961405,0.9587207,0.96494585,0.98992854,0.95241547,0.9560511,0.95762885,0.9496435,0.9679326,0.95903635,0.95805556,0.9468092,0.9551587,0.93624353,0.9614585,0.9541096,0.9633698,0.93904424,0.9672425,0.9570621,0.95490277,0.9544146,0.96178424,0.9534272,0.98222625,0.95543694,0.9568526,0.952749,0.95324033,0.9523491,0.9471589,0.9433023,0.9513252,0.95211786,0.98322314,0.9558735,0.95602226,0.93357253,0.95651126,0.9601693,0.952729,0.95726943,0.95341575,0.95860374,0.98222625,0.9493836,0.96708286,0.96143526,0.9579057
aftermovie,0.9540494,0.94093406,0.95294446,0.94849324,0.95528376,0.9456214,0.95125,0.9999996,0.97137827,0.94768715,0.94742346,0.9556428,0.95119786,0.95411676,0.9408788,0.9450273,0.9450773,0.9517734,0.949544,0.9451539,0.94302696,0.94830394,0.95201534,0.94995147,0.94920087,0.87748283,0.94140714,0.95718944,0.9544236,0.9497365,0.94678664,0.9383503,0.9546304,0.95512486,0.9236922,0.9238164,0.9524652,0.95177275,0.9370012,0.9424605,0.9497186,0.9473596,0.9369586,0.94555146,0.9541713,0.9480153,0.9537019,0.9402073,0.9430075,0.94471616,0.9589747,0.9522386,0.9424151,0.94937474,0.9571094,0.94728464,0.9428758,0.94862324,0.9553053,0.94582105,0.95093614,0.95551294,0.94321716,0.9657909,0.9415114,0.9505901,0.93364537,0.9528856,0.94904774,0.93486315,0.9534802,0.7944183,0.92952013,0.95674,0.9304677,0.9289824,0.89325565,0.9500728,0.9526113,0.9487393,0.9515616,0.943316,0.96014935,0.94109833,0.95070547,0.95046216,0.955016,0.9522012,0.9584009,0.9590641,0.94348377,0.9534802,0.9412306,0.9531759,0.950915,0.9444062,0.9532166,0.95405173,0.9501908,0.94706213,0.94300777,0.9444356,0.9519011,0.9526973,0.930253,0.95554847,0.9522723,0.95695645,0.94732434,0.9516764,0.9586765,0.86593795,0.94311005,0.9152267,0.94218934,0.9508043,0.95107377,0.9410803,0.9506593,0.9487619,0.9568858,0.9452253,0.95346355,0.9464713,0.9462007,0.94712895,0.9501916,0.9443456,0.9410587,0.9185118,0.95207405,0.9483185,0.9501715,0.94978034,0.95388204,0.9428177,0.94247425,0.9463075,0.95239496,0.94730777,0.97137827,0.94538456,0.94281965,0.9561211,0.94554764,0.9450214,0.9395198,0.9271152,0.9606035,0.93921137,0.9429075,0.94974244,0.95373017,0.9294386,0.93780386,0.94693553,0.94459647,0.94212574,0.96108204,0.94741136,0.97137827,0.94906324,0.9595014,0.9521727,0.9494427
ahiddenlifefilm,0.9763428,0.9748556,0.9775297,0.9702968,0.97842973,0.97341985,0.98222625,0.97137827,1.0000006,0.9714134,0.9720559,0.973802,0.97598565,0.9748904,0.9762167,0.9698845,0.97529495,0.9716652,0.9694958,0.96872187,0.97542644,0.975924,0.98001486,0.9763699,0.9777048,0.9149847,0.96583563,0.97577703,0.9783155,0.97731376,0.97321,0.9724374,0.975479,0.9729526,0.9610527,0.9481823,0.98139936,0.9790072,0.9737469,0.9695033,0.9727539,0.98159677,0.96920174,0.97775316,0.9778752,0.96944904,0.97951776,0.9702356,0.9733509,0.9797187,0.98121834,0.9809262,0.97166455,0.97484154,0.9697956,0.97131264,0.9722219,0.98006946,0.9799719,0.9756875,0.9702478,0.9798084,0.96940994,0.97464955,0.97140026,0.97497994,0.9606668,0.9773818,0.97817826,0.9593299,0.97893447,0.8295566,0.9684469,0.98018044,0.964273,0.96102786,0.9296783,0.97324765,0.9755599,0.97412616,0.97432333,0.9748868,0.9776143,0.9719372,0.97517025,0.968094,0.9772628,0.98245716,0.9784387,0.9812211,0.9760773,0.97893447,0.9675905,0.9774078,0.97525394,0.97513586,0.9780142,0.9777326,0.97612756,0.968508,0.9681654,0.967397,0.97777957,0.9748072,0.9653434,0.97773427,0.9824957,0.9693217,0.9696629,0.97378147,0.98099726,0.90584326,0.977347,0.94774884,0.9764208,0.9772493,0.9791364,0.9716319,0.9781793,0.98068506,0.9762434,0.97346765,0.975695,0.9681106,0.97791755,0.97599643,0.9725708,0.9708713,0.9752165,0.95538765,0.9788195,0.9753312,0.98222154,0.9673214,0.98254037,0.97276914,0.9724765,0.9733305,0.9763312,0.9714607,1.0000006,0.9743455,0.9685891,0.9684963,0.9680032,0.9733177,0.9635694,0.9606386,0.97303134,0.9647757,0.97552776,0.9730561,0.9763531,0.9555427,0.9655663,0.9749296,0.9715707,0.97224504,0.9743259,0.97370446,1.0000006,0.9711862,0.9814052,0.9784284,0.9762475
alitamovie,0.94960815,0.94906896,0.95229584,0.9456931,0.9642976,0.94632226,0.9561666,0.94768715,0.9714134,0.9999994,0.9511941,0.9468717,0.948622,0.95423025,0.9471894,0.9508864,0.9461817,0.9569281,0.93668485,0.94438726,0.95119363,0.94330037,0.9537033,0.9444416,0.95126104,0.8905497,0.95067173,0.9520471,0.94869334,0.9429764,0.9431774,0.94664896,0.9472515,0.9465412,0.9307847,0.9215808,0.9601298,0.9489924,0.9413074,0.94282687,0.94692767,0.95352817,0.9440748,0.9531099,0.9483913,0.9378485,0.955372,0.9460982,0.95140815,0.9519262,0.9531631,0.95639133,0.9549104,0.94404835,0.9399237,0.95328826,0.9434724,0.95224714,0.9500534,0.9488581,0.9397865,0.9539785,0.94897926,0.95073456,0.94536054,0.9452692,0.9259933,0.95393336,0.9574012,0.93699193,0.9567128,0.7987133,0.9408421,0.9553966,0.9391335,0.9288197,0.8981105,0.9531638,0.9457884,0.9451787,0.95798033,0.9445204,0.9514405,0.93867594,0.95533276,0.9387115,0.95265985,0.96600974,0.95751685,0.9505215,0.94261265,0.9567128,0.9329646,0.95511264,0.9559391,0.9549658,0.9557355,0.95085233,0.9460526,0.94691926,0.93915826,0.9410178,0.94346553,0.95887023,0.95702976,0.94966245,0.955016,0.9539699,0.93906665,0.9479714,0.962205,0.8713263,0.9411619,0.91836673,0.9454874,0.9488384,0.95090497,0.93292785,0.9519781,0.95258176,0.9500194,0.9427554,0.9467623,0.9396424,0.95110506,0.94367504,0.95756227,0.93435574,0.94381785,0.9343224,0.95629585,0.9537219,0.9527098,0.9510369,0.95638186,0.9379691,0.94396055,0.94736606,0.9517982,0.95228374,0.9714134,0.9505029,0.9455442,0.949416,0.9417899,0.9477539,0.94551957,0.93879783,0.94764304,0.93467,0.94981676,0.95507723,0.9496999,0.93229425,0.9500552,0.9558846,0.9391234,0.95368,0.9488443,0.944778,0.9714134,0.95449764,0.9550587,0.9557845,0.9531278
angelhasfallen,0.9482287,0.9398053,0.9509554,0.9450928,0.954791,0.9510871,0.9581403,0.94742346,0.9720559,0.9511941,1.0000004,0.95284635,0.9451798,0.94847983,0.9589484,0.9359754,0.94163567,0.9432192,0.93570787,0.947095,0.9451173,0.9521104,0.9525811,0.95002544,0.95433044,0.8939612,0.9507627,0.94699395,0.95512575,0.9509651,0.9416137,0.9532217,0.95019895,0.94015,0.92997265,0.92025197,0.9563842,0.9506234,0.95106447,0.95207334,0.94123983,0.95864224,0.9361137,0.9531734,0.9546415,0.9443466,0.9568089,0.952168,0.9569649,0.9599444,0.9513945,0.9594824,0.9404845,0.9414461,0.9497623,0.9412833,0.94696367,0.95445544,0.9524279,0.9489364,0.94190663,0.95804644,0.94824857,0.9439699,0.9477327,0.95497876,0.92785794,0.9587376,0.9662078,0.9432134,0.95527637,0.80261916,0.9397092,0.94671625,0.9544574,0.94013345,0.90852815,0.94559157,0.9455603,0.95300394,0.9746451,0.9404051,0.94675463,0.9514027,0.94223845,0.9461443,0.96162754,0.9619477,0.95498925,0.9508728,0.95064783,0.95527637,0.93720365,0.95683646,0.94468564,0.9689831,0.9580747,0.95273024,0.9507588,0.94568646,0.9461102,0.9366853,0.9514345,0.9524591,0.9429817,0.9483245,0.9581796,0.93238026,0.946928,0.9461903,0.96691144,0.88265383,0.9473962,0.9193417,0.94598323,0.9606055,0.95396614,0.9486793,0.9573563,0.9532115,0.94571686,0.94819474,0.9591876,0.94378036,0.9591931,0.94410396,0.953951,0.9400405,0.9464582,0.92406774,0.95095307,0.9465555,0.9506639,0.93844193,0.957611,0.9502453,0.95221347,0.94927144,0.95487803,0.9552924,0.9720559,0.9516975,0.9458515,0.9413062,0.9423317,0.9521132,0.9327211,0.93336654,0.9407017,0.9429563,0.95693743,0.9549483,0.9567613,0.92777044,0.9501075,0.9575901,0.9491718,0.9541564,0.95009047,0.947159,0.9720559,0.94358516,0.9561558,0.96207106,0.95330894
angrybirdsmovie,0.94837207,0.9462769,0.9629158,0.9471827,0.9527829,0.9446087,0.95385766,0.9556428,0.973802,0.9468717,0.95284635,0.99999994,0.9565245,0.9602279,0.9548166,0.9426448,0.9460686,0.9445784,0.9443213,0.941902,0.9506693,0.9592183,0.95784557,0.9524713,0.957557,0.8954978,0.9427702,0.95331126,0.95848745,0.9586015,0.9538981,0.9529128,0.95610046,0.95734215,0.9363455,0.9357648,0.9599707,0.9546164,0.9464696,0.94798565,0.94399923,0.952966,0.94048136,0.9487537,0.9543986,0.9466562,0.95497996,0.9465523,0.951686,0.9450153,0.9667754,0.9586213,0.9447941,0.9488653,0.9453599,0.9426091,0.9515074,0.9562284,0.9593136,0.9515955,0.95121783,0.9536018,0.9506458,0.95381945,0.9522683,0.95779485,0.9380626,0.951355,0.95347065,0.9419472,0.95500416,0.8160623,0.9413694,0.95625305,0.94263643,0.93335193,0.90453416,0.94021344,0.958831,0.9465896,0.9579617,0.94556063,0.9543156,0.95314044,0.96493113,0.95278746,0.96005464,0.9551619,0.9497869,0.9588388,0.9433487,0.95500416,0.94473594,0.9546066,0.9608278,0.9535232,0.9593268,0.9466713,0.95174485,0.94873935,0.953625,0.94482094,0.95806,0.95459664,0.94685936,0.96456563,0.9621673,0.9460399,0.9501008,0.9597973,0.9585553,0.8959754,0.942538,0.92459977,0.94858485,0.95292085,0.95426065,0.9382913,0.9578906,0.95671684,0.94798553,0.9423855,0.95684636,0.9438244,0.951644,0.95433974,0.94660366,0.9489716,0.9535678,0.940739,0.962164,0.9572904,0.9562925,0.9456034,0.95944655,0.94362426,0.95023453,0.9475522,0.9623997,0.9552086,0.973802,0.960483,0.9563168,0.9500997,0.948804,0.9538463,0.938562,0.932846,0.95110357,0.9369643,0.9467897,0.9522772,0.9555066,0.93698156,0.9397882,0.9549499,0.9402767,0.953204,0.9499944,0.944511,0.973802,0.94652635,0.96046245,0.94943595,0.96312183
annabellemovie,0.9496646,0.94994944,0.95044506,0.9520443,0.9536725,0.9554745,0.95773786,0.95119786,0.97598565,0.948622,0.9451798,0.9565245,0.99999964,0.95650345,0.9508632,0.95446074,0.9535441,0.95092493,0.9472014,0.9478691,0.94749945,0.94890195,0.9701785,0.95150024,0.9622835,0.88912153,0.9414,0.95502025,0.95021534,0.9544769,0.9548753,0.9568666,0.95371085,0.9512742,0.9406289,0.9354037,0.9557977,0.9741638,0.94877434,0.9517822,0.9537233,0.9553941,0.9454989,0.9541164,0.95413375,0.94044614,0.9658425,0.9487617,0.9449456,0.95185137,0.9585968,0.9571892,0.95311457,0.95602363,0.9535656,0.9541618,0.948216,0.9556274,0.960544,0.9528164,0.9633307,0.9578299,0.94315207,0.96449953,0.9499636,0.95496345,0.94769377,0.94917786,0.95481354,0.9346619,0.9520089,0.82022214,0.95158976,0.9601181,0.9461208,0.94743085,0.91922504,0.95518285,0.96149105,0.9486809,0.9480238,0.9600755,0.9631797,0.94581187,0.96234715,0.94705814,0.95924306,0.9770483,0.9579082,0.9584694,0.958989,0.9520089,0.94976276,0.9537596,0.9503333,0.951443,0.95359063,0.95408547,0.9530841,0.9563998,0.9439227,0.9441611,0.9547856,0.94812566,0.9464203,0.95663863,0.95966613,0.9603667,0.94750756,0.9609499,0.9603305,0.89382404,0.9553495,0.9336031,0.95097303,0.9535964,0.95255035,0.9572368,0.950295,0.9637589,0.9615149,0.947236,0.9478021,0.94745725,0.9550076,0.9573745,0.9557916,0.95286286,0.9568361,0.9333569,0.9531798,0.9541999,0.9587946,0.9478184,0.9583143,0.942467,0.9486181,0.9563821,0.9496419,0.9445229,0.97598565,0.94634205,0.94434,0.9552015,0.9441946,0.9505924,0.9423394,0.9352382,0.96348196,0.93594134,0.9510699,0.95062125,0.9530376,0.9289176,0.9380747,0.9440952,0.94982314,0.9464749,0.9535335,0.95132744,0.97598565,0.950781,0.9525683,0.9620379,0.951503
annamovie,0.94794333,0.9526282,0.9578685,0.9467922,0.9510226,0.9438819,0.9578994,0.95411676,0.9748904,0.95423025,0.94847983,0.9602279,0.95650345,0.9999995,0.951376,0.9443297,0.9449082,0.9475984,0.94043314,0.9424629,0.95264494,0.9495508,0.95089537,0.96208996,0.9588384,0.89789754,0.93994665,0.95173633,0.950415,0.9616571,0.9448927,0.94916195,0.95930284,0.9581465,0.9317571,0.9245482,0.956683,0.95816666,0.9473659,0.9395892,0.9525543,0.9578179,0.9434249,0.9515863,0.961032,0.9412023,0.95437825,0.944045,0.95035887,0.9515281,0.95796996,0.9567394,0.94742805,0.9510712,0.9476391,0.9452701,0.94254684,0.963872,0.94948214,0.953581,0.94515103,0.95384914,0.9571682,0.9704097,0.9439239,0.9606524,0.93511486,0.9504734,0.9536976,0.936814,0.9585068,0.8034404,0.9457422,0.95755804,0.9324143,0.9447487,0.8951954,0.9553254,0.965094,0.9450786,0.95647043,0.95199317,0.9587423,0.9427054,0.95586014,0.9448607,0.95241773,0.9590598,0.9547478,0.9539532,0.9554713,0.9585068,0.9524535,0.9541507,0.9560017,0.95253205,0.95809263,0.9527011,0.9460289,0.95315355,0.94020426,0.93975,0.9575571,0.9595743,0.9596747,0.9549225,0.96508694,0.9567476,0.9425977,0.9515681,0.9572681,0.86645424,0.95656997,0.91185546,0.9557711,0.95927495,0.9535442,0.9373142,0.9560611,0.960589,0.95232034,0.9548908,0.953261,0.9421639,0.95179355,0.95340824,0.94649035,0.94509065,0.95975447,0.93180895,0.9606497,0.9613663,0.9540581,0.9495751,0.96196336,0.95177245,0.946642,0.94786453,0.9604832,0.94464695,0.9748904,0.9523545,0.94983435,0.9529733,0.94040966,0.95043564,0.93641424,0.92952627,0.9571488,0.9347106,0.9508569,0.95642006,0.948981,0.9274177,0.94875526,0.95620966,0.93916893,0.9498198,0.95433295,0.9550132,0.9748904,0.94883376,0.95924383,0.9512139,0.9575254
apollo11movie,0.95830625,0.9556751,0.95235264,0.9430936,0.95631844,0.95068765,0.9577134,0.9408788,0.9762167,0.9471894,0.9589484,0.9548166,0.9508632,0.951376,1.0000001,0.9372976,0.9526858,0.9481042,0.94191384,0.966093,0.9460036,0.95602363,0.94822943,0.95855445,0.95287156,0.90006256,0.9480254,0.9467567,0.9532995,0.9599461,0.95295656,0.95181,0.95482904,0.94474906,0.931518,0.91164386,0.95569974,0.9535988,0.9516983,0.9567846,0.95602185,0.9603404,0.9488366,0.95760185,0.955647,0.9464244,0.95157504,0.95696896,0.96510106,0.96172863,0.95504194,0.96167254,0.9436998,0.9520583,0.9455442,0.94883573,0.95023406,0.9577978,0.95506895,0.94792575,0.95545954,0.9584248,0.95170736,0.9478684,0.945302,0.9491443,0.9459972,0.95619446,0.9556905,0.93848366,0.9491131,0.8159045,0.94703925,0.9502933,0.9422369,0.948731,0.9020195,0.94886494,0.9516815,0.95552284,0.9588844,0.9478993,0.9495565,0.953775,0.95422685,0.9584767,0.95453393,0.9541353,0.95199937,0.959858,0.9532597,0.9491131,0.9488139,0.95364356,0.9473889,0.9725594,0.9523552,0.9550111,0.9548058,0.936235,0.9445887,0.944352,0.949239,0.94752383,0.94772,0.9536354,0.9626086,0.94008887,0.9346584,0.9514282,0.9606818,0.88332474,0.9482867,0.91372615,0.95143193,0.9551313,0.9631979,0.94259256,0.96009827,0.960874,0.9532159,0.9438757,0.9568598,0.9461206,0.9637258,0.95554316,0.9474729,0.9485389,0.9470056,0.9381344,0.9490123,0.9430953,0.9585822,0.9414814,0.9619075,0.95591044,0.9555038,0.9500536,0.9511094,0.9522558,0.9762167,0.94954973,0.9518377,0.9426891,0.9465559,0.9516675,0.9316384,0.93261224,0.94471294,0.9454662,0.95274603,0.9564198,0.95593035,0.9396168,0.9500255,0.95622724,0.94555473,0.9500087,0.94900256,0.9472834,0.9762167,0.9482566,0.95566833,0.9552367,0.95639557
arcticdogsmovie,0.9525435,0.9632752,0.94650835,0.95344836,0.9498999,0.95111877,0.95946604,0.9450273,0.9698845,0.9508864,0.9359754,0.9426448,0.95446074,0.9443297,0.9372976,1.0000002,0.9521286,0.94452745,0.955654,0.92680305,0.95298016,0.9434484,0.95438886,0.94560295,0.94796085,0.886133,0.93286544,0.9515712,0.94491935,0.94374996,0.9534058,0.9428603,0.94439685,0.948275,0.9380692,0.93096286,0.95548815,0.9592567,0.9493085,0.941109,0.94742084,0.95408285,0.9456334,0.94756395,0.94244325,0.9450662,0.95357114,0.95112777,0.9451485,0.9523039,0.9536984,0.9564835,0.94203657,0.9461489,0.95331454,0.9415318,0.94439846,0.9460008,0.9550757,0.9510505,0.938088,0.95772403,0.93912953,0.944166,0.950626,0.9515833,0.93417776,0.9494636,0.9546189,0.9343746,0.9585399,0.8061329,0.9460091,0.95610064,0.9427016,0.9367627,0.9065719,0.95348895,0.9473926,0.9430639,0.9453221,0.9539317,0.9433379,0.9414334,0.9471225,0.9410377,0.9525406,0.9600829,0.95513713,0.9524662,0.94100076,0.9585399,0.93535423,0.9556422,0.9478001,0.93898034,0.95580095,0.9477638,0.94968104,0.94349504,0.94219035,0.9415047,0.943656,0.9534828,0.9394621,0.9515048,0.9466192,0.95544326,0.9492944,0.9416861,0.94901335,0.87318045,0.94276726,0.93195426,0.94922745,0.9511178,0.947782,0.95312786,0.9509987,0.95953804,0.941165,0.952188,0.94556344,0.9482063,0.9542079,0.9488014,0.94841856,0.9380239,0.93931615,0.9270812,0.9547675,0.9475389,0.95470774,0.9481648,0.9556255,0.9372057,0.9365423,0.95127726,0.9502897,0.9366387,0.9698845,0.9501099,0.93311894,0.94598,0.9387156,0.94872975,0.942095,0.94228524,0.9441047,0.93507373,0.9526431,0.953384,0.9483564,0.9293678,0.9418796,0.9513249,0.9433623,0.9458461,0.94688994,0.9436113,0.9698845,0.94868946,0.95201826,0.9510245,0.9493299
arcticmovie,0.9514413,0.95131445,0.9548792,0.94503564,0.95487994,0.949803,0.96402436,0.9450773,0.97529495,0.9461817,0.94163567,0.9460686,0.9535441,0.9449082,0.9526858,0.9521286,1.0000007,0.94382286,0.9489481,0.9493442,0.9627824,0.9518425,0.96351135,0.9528634,0.95650953,0.8821543,0.93286175,0.9661885,0.95111716,0.95802915,0.95151037,0.9555787,0.9487234,0.9528361,0.9388486,0.9178157,0.96509343,0.9654169,0.95587987,0.9449909,0.9540547,0.9624698,0.9504849,0.9588396,0.9456126,0.95377946,0.96092224,0.9466686,0.9491145,0.96081364,0.95631886,0.95580995,0.95262146,0.956601,0.95087034,0.94556946,0.9552004,0.9612464,0.9565057,0.95141226,0.943563,0.96465784,0.9274104,0.94786793,0.9500425,0.95046735,0.95263916,0.9535364,0.9493815,0.9382054,0.95230055,0.81419855,0.9477297,0.9526559,0.93807846,0.9396466,0.90370286,0.9521742,0.9538702,0.95387655,0.9493114,0.956201,0.9588988,0.94803756,0.9492502,0.9449191,0.96055025,0.9579267,0.9560306,0.95701236,0.95916957,0.95230055,0.9476853,0.95689076,0.95620203,0.9504177,0.95400226,0.9594199,0.9559008,0.94626606,0.95389456,0.94706446,0.9462565,0.94991225,0.9278575,0.9527256,0.958468,0.9528506,0.9407563,0.9443121,0.9503217,0.8906017,0.9553786,0.9310099,0.96030533,0.9494871,0.9508151,0.95125943,0.9652369,0.9670081,0.9550539,0.9516789,0.9535956,0.94969344,0.94662076,0.95434254,0.94423515,0.9503618,0.95262456,0.9408602,0.9638074,0.95184547,0.9794544,0.94991815,0.96229386,0.9529417,0.9387682,0.9452569,0.9511856,0.9481465,0.97529495,0.94266117,0.9513452,0.9517349,0.9372194,0.9488923,0.9436306,0.9371853,0.9525583,0.94399256,0.95562476,0.9499007,0.9583614,0.9317442,0.94598216,0.94329,0.9567562,0.9474142,0.95166194,0.9506986,0.97529495,0.9447583,0.9572395,0.954948,0.9464076
artofracingmovie,0.95403945,0.9506179,0.960275,0.9435917,0.96857613,0.94678897,0.9466932,0.9517734,0.9716652,0.9569281,0.9432192,0.9445784,0.95092493,0.9475984,0.9481042,0.94452745,0.94382286,0.9999999,0.94589394,0.9477311,0.94287163,0.94663996,0.9453617,0.9420186,0.95032793,0.890759,0.9566573,0.9512873,0.9512953,0.9433075,0.9452122,0.94004154,0.9494127,0.9480793,0.92794585,0.9189485,0.9545405,0.94663775,0.9396331,0.9445142,0.9407422,0.95370823,0.94204795,0.95163554,0.9528624,0.9315727,0.9442524,0.947275,0.9470178,0.9496149,0.95328116,0.9545906,0.9499409,0.94244266,0.9377043,0.96122456,0.9504736,0.95008016,0.953337,0.94672537,0.94887686,0.95485103,0.94502205,0.9562267,0.94480425,0.9430187,0.9317266,0.9528837,0.94798714,0.9440641,0.94980586,0.80524975,0.9299957,0.9533925,0.9268477,0.93299913,0.89791113,0.95329064,0.9458195,0.9572929,0.9526909,0.9375133,0.9634503,0.9356941,0.94761485,0.9393779,0.9482272,0.9609433,0.95562387,0.95276076,0.9490193,0.94980586,0.93445605,0.95296806,0.9475031,0.95298517,0.9524402,0.95271796,0.9481655,0.94380164,0.93255365,0.9415343,0.95060265,0.94814575,0.9438449,0.9484826,0.95469904,0.9449065,0.9457252,0.9468707,0.9544715,0.8834132,0.9498353,0.9203277,0.9421802,0.9450268,0.95389766,0.9368104,0.9511593,0.9467816,0.95514506,0.9428009,0.9410737,0.9458578,0.95556426,0.94837075,0.9539579,0.9453922,0.95261294,0.9247895,0.9509864,0.952908,0.9564327,0.94860417,0.95647544,0.9390085,0.9512005,0.94343615,0.942989,0.9637481,0.9716652,0.9474041,0.9337525,0.94958943,0.9453733,0.9538589,0.94793445,0.9257121,0.94968843,0.93792516,0.9368195,0.9554491,0.94866186,0.9376044,0.9363456,0.9483615,0.94069326,0.9437528,0.9495834,0.94836384,0.9716652,0.9519446,0.95509624,0.9573486,0.9512065
avengers,0.969042,0.94876456,0.94886917,0.9436101,0.94814223,0.94552046,0.95315206,0.949544,0.9694958,0.93668485,0.93570787,0.9443213,0.9472014,0.94043314,0.94191384,0.955654,0.9489481,0.94589394,0.9999999,0.9349884,0.9493014,0.9487908,0.9518185,0.952862,0.9456499,0.88076496,0.93852466,0.9491324,0.9528019,0.94648516,0.96929556,0.93858284,0.939745,0.94218206,0.94542694,0.9311659,0.9515005,0.95730436,0.9486315,0.94353205,0.940434,0.95334625,0.93739504,0.95648825,0.9487523,0.94131696,0.9489003,0.9385833,0.9370468,0.9559364,0.9536096,0.95258594,0.94693494,0.9424012,0.9421681,0.9392374,0.95318395,0.94842565,0.9581598,0.9447979,0.9371529,0.9557155,0.93391824,0.94908905,0.9421203,0.94210434,0.94006616,0.94917643,0.9446419,0.9259119,0.95344007,0.81972295,0.93536294,0.95412016,0.94321346,0.9277267,0.92425084,0.94238776,0.94903964,0.9389824,0.9430242,0.9543845,0.9530485,0.9545098,0.9419451,0.9316223,0.95075154,0.9475568,0.94461215,0.9583802,0.9421027,0.95344007,0.9403058,0.95040387,0.94401884,0.9374075,0.94298387,0.9492435,0.95590407,0.9395548,0.94067115,0.93724716,0.9479804,0.9465819,0.9307964,0.94816023,0.9487792,0.95010465,0.943286,0.9419386,0.94562596,0.8877959,0.94966155,0.933107,0.952085,0.9479042,0.9484542,0.9469588,0.9527788,0.95238394,0.94782954,0.9460167,0.9437197,0.9399019,0.94204164,0.9516167,0.94192934,0.9523338,0.94049203,0.9372496,0.94998705,0.9438247,0.9498607,0.9399838,0.9612902,0.94060755,0.94666725,0.945925,0.94892657,0.93821037,0.9694958,0.9480741,0.93690777,0.9466051,0.94487715,0.9427451,0.932433,0.93994623,0.95282894,0.9326887,0.94366115,0.94454443,0.94428825,0.9409898,0.92873615,0.9446621,0.9384865,0.943182,0.9492396,0.9477111,0.9694958,0.9436216,0.95040166,0.94522893,0.94779223
beachbummovie,0.95019096,0.94534296,0.9456946,0.93714535,0.95197296,0.9458372,0.9481427,0.9451539,0.96872187,0.94438726,0.947095,0.941902,0.9478691,0.9424629,0.966093,0.92680305,0.9493442,0.9477311,0.9349884,0.99999994,0.9385091,0.9488952,0.942682,0.94263464,0.94654495,0.88073295,0.94253373,0.9529068,0.94547325,0.95456135,0.94265693,0.9455773,0.94984955,0.93478286,0.92063046,0.90661347,0.9496004,0.95143664,0.93531364,0.9476337,0.94931895,0.9520309,0.9479946,0.95131063,0.9431016,0.94339836,0.940976,0.94696254,0.94788337,0.9538919,0.94460475,0.9536084,0.937285,0.94636244,0.93725353,0.9453295,0.94195145,0.9472026,0.95177215,0.948567,0.94982535,0.949366,0.9376639,0.9475528,0.93238103,0.9340447,0.940815,0.94979644,0.9449776,0.9427195,0.9481333,0.8074286,0.94245774,0.9507324,0.92329603,0.93691534,0.889553,0.94431186,0.9408584,0.9558073,0.95084506,0.93851405,0.9490669,0.93755114,0.9392778,0.9417383,0.95249325,0.9534679,0.94906014,0.9523738,0.9433357,0.9481333,0.93726015,0.9500187,0.9349699,0.95694125,0.94443876,0.967478,0.9433919,0.9307176,0.93952936,0.945005,0.94148993,0.94123167,0.9324499,0.94597673,0.9571808,0.935873,0.9269957,0.9445828,0.9508883,0.8756362,0.94234294,0.91359323,0.93623865,0.9467497,0.9562914,0.9363129,0.9528412,0.94764435,0.9479823,0.9382185,0.9447728,0.9356583,0.94809276,0.9446416,0.9400194,0.93777776,0.9394199,0.93788654,0.9425618,0.9411585,0.9566605,0.9332698,0.9522145,0.9512699,0.9462286,0.9454557,0.9473783,0.9530676,0.96872187,0.93956584,0.94070804,0.93097794,0.93936586,0.94352794,0.9270025,0.9185289,0.9347308,0.934665,0.9361751,0.94636077,0.9509782,0.9311027,0.9363615,0.94390273,0.9405689,0.9376867,0.94685245,0.9388258,0.96872187,0.9380894,0.956467,0.9503781,0.9443011
bernadettefilm,0.9513388,0.95086074,0.95835835,0.95266896,0.95405835,0.94297516,0.96496767,0.94302696,0.97542644,0.95119363,0.9451173,0.9506693,0.94749945,0.95264494,0.9460036,0.95298016,0.9627824,0.94287163,0.9493014,0.9385091,1.0000002,0.94956595,0.95561624,0.9558497,0.96172655,0.8919051,0.93597794,0.94969,0.95616305,0.9531948,0.9438902,0.9504407,0.94140637,0.94943327,0.9429482,0.93408346,0.9593787,0.9530728,0.949347,0.9399735,0.9439053,0.9571102,0.9355018,0.9517326,0.9568988,0.95761883,0.95424235,0.95232916,0.9482594,0.95411444,0.96144736,0.9561579,0.94141793,0.9499943,0.9473274,0.94465005,0.9527855,0.95731324,0.9573267,0.95156336,0.935763,0.96194917,0.9425816,0.9489471,0.9596439,0.95983624,0.9351975,0.9521331,0.95337534,0.9372604,0.95971096,0.7965544,0.94459075,0.95887417,0.9430396,0.9313443,0.9036482,0.9398521,0.95258415,0.95499676,0.95175046,0.9570727,0.9524989,0.95654416,0.9528299,0.9431837,0.95656455,0.9553594,0.95744115,0.94979095,0.95664793,0.95971096,0.94742364,0.95891625,0.95872164,0.94534785,0.956598,0.9591492,0.95459634,0.94347733,0.9544131,0.948001,0.9553033,0.9562369,0.9398259,0.9570591,0.9632619,0.9503138,0.9417893,0.94493824,0.9539784,0.88352096,0.95661765,0.9317118,0.9703826,0.9496277,0.95076656,0.9459638,0.95800567,0.96280015,0.9506989,0.95268834,0.95723677,0.94602203,0.95109165,0.9477042,0.9557699,0.94814795,0.9554386,0.9283393,0.97737,0.9571336,0.9627223,0.94787,0.9600925,0.9478527,0.9433307,0.9490537,0.95857316,0.95250165,0.97542644,0.9515277,0.95876867,0.9485148,0.9475374,0.9463161,0.9403909,0.9394214,0.9479607,0.95069146,0.9547478,0.9446376,0.9545572,0.9301372,0.94028205,0.9516933,0.9531365,0.9563891,0.9493107,0.9512718,0.97542644,0.94708526,0.9547397,0.9485523,0.95675445
