movie,21bridgesmovie,47metersdown,abeautifuldaymovie,abominablemovie,adastramovie,adogsjourneymovie,aftermathmovie,aftermovie,ahiddenlifefilm,alitamovie,angelhasfallen,angrybirdsmovie,annabellemovie,annamovie,apollo11movie,arcticdogsmovie,arcticmovie,artofracingmovie,avengers,beachbummovie,bernadettefilm,blackandbluemovie,blackchristmas,blindedbythelightmovie,bombshellmovie,booksmart,breakthroughmovie,brianbanksmovie,brightburnmovie,brittanyrunsmov,captainmarvelofficial,captivestatemovie,catsmovie,charliesangels,childsplaymovie,clarathefilm,coldpursuitmovie,countdown,currentwarmovie,darkwatersmovie,detectivepikachumovie,disneyaladdin,disneyfrozen,disneymaleficent,doctorsleepmovie,dolemiteismyname,dontletgomovie,doramovie,downtonabbey_official,dumbo,escaperoom,everybodyknowsmovie,fastandfuriousmovie,fightingwmyfam,fivefeetapartfilm,fordvferrari,freaksthefilm,geminimanmovie,glassmovie,gloriabellmovie,godzillamovie,goldfinchmovie,goodboysmovie,goodliarmovie,gretafilm,halathemovie,happydeathdaymovie,harrietfilm,hellboymovie,hersmellmovie,highlifemovie,highstrungmovie,honeyboymovie,hotelmumbaifilm,httydragon,hustlemovie,hustlersmovie,isntitromantic,itmovieofficial,jayandsilentbob,johnwickmovie,jojorabbitmovie,jokermovie,judythefilm,jumanjimovie,justmercyfilm,knivesout,lalloronamovie,lastblackmansf,lastchristmasthemovie,latenightmovie,lighthousemovie,lionking,littlethemovie,littlewomenmovie,littlewoodsfilm,longshotmovie,lordsofchaosmovie,lucyintheskyfilm,mamovie2019,marriagestory,meettheaddams,meninblack,midsommarmovie,midwaymovie,missbalamovie,missinglinkfilm,motherlessbklyn,onceinhollywood,onthebasisofsex,overcomermovie,peanutbutterfalcon,petsematarymovie,piercingmovie,playingwithfire,playmobilthemovie,pomsmovie,queenandslim,rambomovie,readyornotfilm,richardjewellfilm,rocketmanmovie,scarystoriesmovie,secretlifeofpets,serenityfilm,shaftmovie,shazammovie,spidermanmovie,spiesindisguise,starwars,stormboymovie,stubermovie,taosdfilm,teenspiritmov,terminator,theaeronautsmov,thebestofenemies,thedeaddontdie,thefarewell,thehighwaymen,thehummingbirdprojectfilm,theintrudermovie,theirishmanfilm,thekitchenmovie,thelegomovie,themustangfilm,thenightingalefilm,theprodigymovie,thesunisalsoastar,theupsidefilm,tolkienmovie,toystory,triplefrontier,uglydolls,uncutgems,underthesilverlake,usmovie,wavesmovie,whatmenwant,wonderparkmovie,wrinklestheclown,xmenmovies,yardiefilm,yesterdaymovie,zombieland
21bridgesmovie,1.0,0.97686774,0.98595035,0.95102775,0.9875384,0.88257754,0.98926425,0.99560684,0.9929184,0.9669035,0.9851121,0.89335126,0.98799247,0.993851,0.9807402,0.985687,0.9773514,0.9884718,0.980045,0.9782699,0.97992444,0.9612008,0.9869988,0.986772,0.9620664,0.8406928,0.96714836,0.9870395,0.98334783,0.96891236,0.96458596,0.9652721,0.9333188,0.9321167,0.8661037,0.83720326,0.9849288,0.9601644,0.98704296,0.9592005,0.978239,0.98864156,0.8932543,0.99125654,0.9883999,0.9359022,0.99023163,0.9896275,0.96110535,0.9926663,0.98515946,0.9848446,0.92805594,0.9654574,0.9287123,0.9703628,0.97760415,0.9772835,0.98919046,0.99668723,0.978305,0.97732466,0.97067356,0.97756714,0.9823896,0.97798383,0.9881092,0.97244406,0.9875203,0.96444213,0.99621856,0.9157065,0.95600325,0.9911799,0.9245277,0.98224324,0.84496194,0.9770181,0.9846173,0.92150307,0.9668493,0.9856088,0.9919407,0.98316646,0.93750906,0.9872697,0.9498768,0.9941588,0.9809361,0.99120337,0.9674085,0.99621856,0.9248116,0.9823276,0.9832588,0.99492526,0.9668055,0.98723894,0.98452437,0.95146394,0.9546269,0.93994194,0.9409473,0.98534095,0.97357655,0.9849081,0.9888916,0.9419584,0.98725617,0.91014355,0.9959091,0.85871065,0.9848919,0.8563574,0.9650018,0.9857659,0.99783504,0.9364233,0.9920457,0.97705364,0.98642474,0.9802913,0.9748396,0.869065,0.9931727,0.9937682,0.9794661,0.90286875,0.95558774,0.7316464,0.98662096,0.96747625,0.9863435,0.97373533,0.9888473,0.95818377,0.9813648,0.98044086,0.99514884,0.9546618,0.9929184,0.97958094,0.921551,0.9156342,0.95434815,0.96778995,0.9455704,0.9045948,0.9608964,0.96707374,0.9954804,0.98104715,0.9891464,0.94635874,0.96904063,0.9950029,0.9725765,0.97446156,0.9823267,0.96360725,0.9929184,0.9796293,0.9888153,0.9936989,0.9451151
47metersdown,0.97686774,1.0,0.95765156,0.9269505,0.9779157,0.8435912,0.96964645,0.9749188,0.9730734,0.9406508,0.95921963,0.8212814,0.9581343,0.98002756,0.96846586,0.97095555,0.94216174,0.9739021,0.97262025,0.9539096,0.9528413,0.9157003,0.98283345,0.9613639,0.91808105,0.830782,0.9479906,0.9618973,0.9528346,0.9289382,0.9617708,0.9501036,0.90442824,0.8735552,0.82977337,0.8209099,0.96836996,0.9217607,0.9760785,0.94297534,0.9414213,0.9820076,0.8808155,0.98175,0.96736133,0.89132315,0.98456496,0.96962255,0.9602332,0.9803894,0.95478594,0.97288996,0.8792768,0.9379639,0.90625876,0.9575036,0.96228963,0.9684345,0.97455746,0.9791169,0.94993836,0.9506441,0.9293772,0.95961803,0.9734618,0.9622002,0.9584054,0.9583985,0.97144324,0.95483863,0.9815447,0.8934221,0.92141247,0.97297823,0.91244,0.9718844,0.8121794,0.9688541,0.9653527,0.88964206,0.9535532,0.96215016,0.97263056,0.959329,0.88358444,0.9729146,0.9593469,0.9744115,0.9512032,0.97481036,0.9594181,0.9815447,0.8883403,0.96500844,0.95126116,0.97313076,0.9305841,0.9618925,0.9759375,0.9487727,0.9219899,0.8948455,0.9060366,0.95939434,0.9445421,0.950303,0.9716899,0.9070279,0.95765036,0.8905826,0.97974396,0.8478148,0.979988,0.8608162,0.9574113,0.9683125,0.9661422,0.9258394,0.9779381,0.9492982,0.9565842,0.972181,0.9519813,0.83058894,0.9761358,0.9799095,0.9712485,0.86666214,0.9449611,0.7108906,0.9657826,0.956811,0.9541928,0.96125567,0.97585243,0.94604963,0.95613503,0.97430843,0.97493124,0.92490494,0.9730734,0.9420039,0.88651425,0.89141315,0.92401296,0.95527166,0.9240025,0.8868125,0.92871755,0.9290884,0.9783676,0.96895313,0.96336734,0.9223801,0.95657253,0.980926,0.9640721,0.94342655,0.961823,0.96288055,0.9730734,0.9625781,0.9653361,0.97743624,0.89893186
abeautifuldaymovie,0.98595035,0.95765156,0.99999994,0.9331452,0.9860237,0.8826732,0.9853683,0.98996913,0.9928862,0.94488126,0.9804244,0.89971685,0.97383744,0.99091244,0.9872184,0.9730583,0.98024476,0.9769285,0.9698534,0.9840864,0.9888338,0.9720909,0.98328775,0.9857219,0.96436805,0.7857514,0.9425785,0.9840087,0.99629474,0.98529,0.9390637,0.96842486,0.9388116,0.9521756,0.80765164,0.7925699,0.98670167,0.93386984,0.9744979,0.95789355,0.9556024,0.9695971,0.8997324,0.97757804,0.98005974,0.9339323,0.9843517,0.9852084,0.9251866,0.97719955,0.9945139,0.9889892,0.9340848,0.9473008,0.8860994,0.9808347,0.96182245,0.97710806,0.97895306,0.98865753,0.9835607,0.970379,0.9671075,0.9600362,0.98204505,0.9594188,0.9856962,0.97299004,0.9767374,0.9351333,0.98994684,0.93466175,0.9562645,0.9834606,0.88136756,0.9619034,0.78763455,0.96607226,0.9745344,0.918594,0.95019794,0.9662205,0.97473913,0.9776001,0.9299068,0.9726263,0.91165525,0.98205775,0.95358527,0.9850931,0.9660535,0.98994684,0.91612375,0.9717674,0.99429715,0.98216414,0.9690224,0.9812456,0.9741,0.9102866,0.9461419,0.9392042,0.963707,0.98340327,0.9665889,0.98572046,0.9896136,0.9266777,0.9786205,0.8993607,0.9915381,0.806008,0.98272604,0.8057904,0.9799221,0.9708041,0.98978484,0.897492,0.9930311,0.9731071,0.9715145,0.9844666,0.9809041,0.8881515,0.9751312,0.9774884,0.9642249,0.89458126,0.9499613,0.7009183,0.98073,0.9694981,0.98948807,0.9663761,0.97861266,0.97586733,0.9636845,0.9626565,0.9895981,0.93788224,0.9928862,0.98991483,0.9109579,0.88969576,0.95425177,0.97817826,0.92331344,0.85875154,0.94115704,0.9570474,0.98740023,0.97899705,0.97732943,0.94371307,0.9573113,0.9818495,0.9752833,0.98870045,0.98928076,0.96985525,0.9928862,0.9669063,0.9920202,0.9865318,0.95618916
abominablemovie,0.95102775,0.9269505,0.9331452,1.0000001,0.95754874,0.9371549,0.9288675,0.9533623,0.9505036,0.9507726,0.96104556,0.87231886,0.96333295,0.94087553,0.92993397,0.93808174,0.96092296,0.9608712,0.8965056,0.9493955,0.9657435,0.9262117,0.9467458,0.95868105,0.96708596,0.90566176,0.9559155,0.95592296,0.945584,0.93889713,0.87392354,0.95354813,0.92503816,0.9113021,0.94284445,0.93517137,0.94662005,0.9550654,0.94246465,0.9666156,0.96231896,0.94040453,0.79997957,0.9275609,0.9412112,0.95642877,0.945206,0.93858284,0.924825,0.9293393,0.93625414,0.95611024,0.94340575,0.8714704,0.9675548,0.9312791,0.91961104,0.96623707,0.9758323,0.95645857,0.9569062,0.9874278,0.9510393,0.9615719,0.93733895,0.9481081,0.9381193,0.9645148,0.93837905,0.9591613,0.9556359,0.8490474,0.9640837,0.96807104,0.94572383,0.9467626,0.92836136,0.9318888,0.958224,0.8502824,0.9432538,0.9102686,0.962056,0.9636697,0.9332944,0.95094484,0.92469215,0.9639898,0.9540572,0.95947635,0.9237246,0.9556359,0.8632886,0.97277737,0.9371113,0.97130084,0.9541923,0.97203064,0.92975307,0.93527627,0.9647269,0.94412726,0.8639723,0.94777787,0.9078971,0.930529,0.9523818,0.9467696,0.9298631,0.9613443,0.9546908,0.91109705,0.9478007,0.92367023,0.953491,0.9757009,0.95620793,0.94622725,0.94735163,0.9131302,0.9505121,0.9461029,0.9241867,0.92961717,0.9654785,0.94876975,0.9649813,0.8030259,0.8908691,0.6458751,0.9533386,0.88477904,0.9429403,0.9483739,0.9615561,0.94406205,0.90209645,0.9471602,0.9615983,0.95529354,0.9505036,0.9236197,0.93964565,0.9392845,0.96272415,0.9660055,0.9749805,0.95771223,0.939754,0.9631295,0.939994,0.90797925,0.9641679,0.951841,0.9541271,0.9397972,0.92356485,0.94143164,0.94951284,0.9447081,0.9505036,0.96454984,0.9616982,0.954549,0.9190779
adastramovie,0.9875384,0.9779157,0.9860237,0.95754874,0.99999994,0.89464384,0.9780171,0.9879162,0.9882894,0.96208435,0.97683394,0.8801066,0.975548,0.98974544,0.97813785,0.9756132,0.97452456,0.9940101,0.9637967,0.9720295,0.9861957,0.95393765,0.9892401,0.97999877,0.95349354,0.8152405,0.96645075,0.97860575,0.9859313,0.9676838,0.94077045,0.9794924,0.9430111,0.935389,0.8384775,0.8286954,0.9847983,0.94068307,0.983564,0.97352755,0.9660365,0.9867755,0.8993603,0.9869699,0.9791683,0.9483372,0.99142605,0.9782869,0.9531789,0.98537546,0.9824241,0.99096835,0.9290318,0.9347669,0.9208627,0.9809759,0.9526142,0.98802304,0.9899932,0.99214405,0.9777176,0.9803608,0.9730218,0.9833391,0.9875031,0.9674461,0.97509736,0.9838217,0.9762554,0.95423424,0.9930344,0.90115607,0.9494424,0.98441523,0.9051257,0.976157,0.81830674,0.9832213,0.986599,0.91611177,0.96564996,0.9666398,0.9843279,0.97596145,0.93284947,0.979114,0.9376408,0.98468727,0.969531,0.9843564,0.95616543,0.9930344,0.92218,0.9875393,0.98313135,0.9904169,0.9681598,0.9821107,0.9695531,0.94501084,0.9612013,0.94731534,0.93514884,0.9814284,0.9640548,0.9755397,0.9838111,0.94688225,0.9753398,0.92947096,0.99264354,0.83151704,0.9886121,0.842672,0.9818138,0.9863262,0.9888383,0.93932796,0.991372,0.95551974,0.97563905,0.98720765,0.9713767,0.89344454,0.98545617,0.98794067,0.96994704,0.8799208,0.9702629,0.69549435,0.9838178,0.9753808,0.97867894,0.97153324,0.9862075,0.9651722,0.96545917,0.98129815,0.99164504,0.95502764,0.9882894,0.9751098,0.9340315,0.9288056,0.9701063,0.9820607,0.9481766,0.88745314,0.9549593,0.9615973,0.9880713,0.9740573,0.98352116,0.94314253,0.97698987,0.9869314,0.9673218,0.98033303,0.9880139,0.96962184,0.9882894,0.9806656,0.99099785,0.9913306,0.9413334
adogsjourneymovie,0.88257754,0.8435912,0.8826732,0.9371549,0.89464384,1.0000001,0.8397662,0.90061384,0.876872,0.92682344,0.9047463,0.9210304,0.9244656,0.8627036,0.8366602,0.8657744,0.8863829,0.87980956,0.8379333,0.86929214,0.9008319,0.8987025,0.8932697,0.87131083,0.9259042,0.8846543,0.9141949,0.8986111,0.89804655,0.9072717,0.8170267,0.90725195,0.9008364,0.93224764,0.8805143,0.8576288,0.8703132,0.9291111,0.8554163,0.925286,0.93308216,0.8592373,0.85140353,0.8469874,0.8729014,0.9600557,0.882467,0.8715286,0.8040519,0.8546796,0.8893221,0.887484,0.97082496,0.82227504,0.90991634,0.85281193,0.8697475,0.9087446,0.90879107,0.8856218,0.89104265,0.9383996,0.91905504,0.9023262,0.8564733,0.8427906,0.8671417,0.8872704,0.84423995,0.88787866,0.88724345,0.75526536,0.9200883,0.9004067,0.91545963,0.8704399,0.8705746,0.8403402,0.88186574,0.9047903,0.89153814,0.8282785,0.9002511,0.8966516,0.90652,0.8638385,0.7965394,0.89500844,0.8980107,0.8939546,0.82469213,0.88724345,0.8814893,0.924307,0.89377654,0.90182084,0.93866086,0.9140749,0.8517759,0.9094264,0.96104556,0.97563946,0.8937105,0.9166658,0.86073214,0.8777151,0.87325025,0.9415283,0.8491371,0.9002513,0.88753515,0.89106363,0.8697648,0.8557434,0.9062831,0.88811004,0.8959881,0.8855486,0.8860427,0.8199628,0.8603518,0.8876696,0.81975085,0.98199075,0.8823043,0.88610256,0.8979048,0.83649594,0.83752,0.76122046,0.86065507,0.82431203,0.86232483,0.872464,0.88363636,0.8873581,0.8012261,0.8585084,0.89725405,0.95731664,0.876872,0.88721174,0.9514873,0.9188985,0.94714487,0.9295085,0.9052509,0.9237713,0.924468,0.9194202,0.86969477,0.8491685,0.92352635,0.91615355,0.9115185,0.87317365,0.85364884,0.87409246,0.9010158,0.8609251,0.876872,0.9328255,0.90917075,0.90798223,0.93823904
aftermathmovie,0.98926425,0.96964645,0.9853683,0.9288675,0.9780171,0.8397662,0.9999999,0.98825675,0.9947064,0.934399,0.98470306,0.8568828,0.9742975,0.9957614,0.9928735,0.9833973,0.98220414,0.98266244,0.9792911,0.98368484,0.98159033,0.9480972,0.9776726,0.98973197,0.95942026,0.7994881,0.9290265,0.9839606,0.9819627,0.9728833,0.9589712,0.9625031,0.9345101,0.9059567,0.82642436,0.801849,0.9930154,0.9342796,0.9722269,0.93087775,0.9555783,0.97119224,0.8628932,0.97936565,0.9909137,0.9110602,0.9842214,0.99394894,0.9445719,0.97888327,0.9792685,0.98489016,0.90891445,0.9436896,0.9026161,0.9699524,0.95727324,0.9717654,0.9805405,0.98571306,0.98564553,0.9585092,0.9590461,0.9673618,0.9859829,0.97950673,0.98892033,0.9714625,0.99333715,0.9451577,0.9881584,0.9488472,0.9469719,0.9878481,0.8899677,0.97609246,0.811623,0.97621083,0.9727136,0.8844082,0.96539754,0.9867977,0.9812236,0.9783738,0.8987033,0.9847623,0.9392661,0.99037236,0.95728856,0.98975056,0.97586787,0.9881584,0.902951,0.9658836,0.97701496,0.9810703,0.959909,0.9796131,0.9886844,0.91677815,0.9303035,0.9057093,0.922647,0.9632709,0.95483255,0.9745997,0.9894905,0.9216921,0.982215,0.9065492,0.98975384,0.82294685,0.9857562,0.81052375,0.96235776,0.975794,0.98612535,0.90958613,0.9899474,0.99439615,0.9858472,0.98382604,0.98866636,0.8341707,0.9813405,0.98337495,0.9751249,0.87354916,0.9415926,0.6782446,0.9907446,0.96048826,0.9926748,0.9569638,0.97830987,0.9682953,0.98181397,0.96993655,0.9835566,0.9200713,0.9947064,0.9737464,0.89680123,0.8869371,0.9277999,0.9571578,0.9285446,0.87563175,0.9419587,0.93925637,0.9909798,0.96896636,0.9758789,0.94119936,0.9451454,0.98343223,0.974008,0.9812743,0.97984356,0.9679068,0.9947064,0.9522924,0.98502094,0.98188365,0.91489714
aftermovie,0.99560684,0.9749188,0.98996913,0.9533623,0.9879162,0.90061384,0.98825675,1.0000001,0.9964561,0.9686687,0.98694044,0.8951266,0.98918676,0.99382764,0.9841115,0.99001056,0.9819015,0.9835345,0.98242,0.9817357,0.98654974,0.96374774,0.9915443,0.9892144,0.97073054,0.8422867,0.96313,0.9923315,0.988753,0.98039144,0.9613261,0.9744248,0.9365931,0.9360329,0.8625322,0.83715355,0.98964936,0.956334,0.982784,0.9633419,0.9766753,0.9822796,0.9014051,0.9850282,0.98911816,0.9386004,0.9926378,0.9928776,0.94741863,0.9866566,0.98929155,0.9916477,0.94046843,0.95541024,0.92823607,0.97267574,0.9781395,0.9860775,0.9911211,0.9938905,0.98534864,0.9818115,0.97240746,0.9748595,0.98039603,0.9733274,0.99108404,0.9773299,0.98758596,0.96253586,0.9969543,0.9313757,0.9683421,0.9944429,0.92816585,0.97602844,0.8461626,0.97344,0.9832954,0.923866,0.9641964,0.98019606,0.9905602,0.98572725,0.93592185,0.9812215,0.9451433,0.9946629,0.96913344,0.9947361,0.971937,0.9969543,0.9233538,0.98786587,0.9858671,0.992689,0.97191733,0.98963076,0.987235,0.94931453,0.95997435,0.94544685,0.9519453,0.9867749,0.9714171,0.9849686,0.99308205,0.9464611,0.98185515,0.9117322,0.9967498,0.86065567,0.98857737,0.8503592,0.9774656,0.9819955,0.9953232,0.93231004,0.99580365,0.9754684,0.9811497,0.98883253,0.9756442,0.88683474,0.9900726,0.99056196,0.9854998,0.90518636,0.95188385,0.74515575,0.9845958,0.9645905,0.9869644,0.9708672,0.9898566,0.97465813,0.96882576,0.97837394,0.9956217,0.95735675,0.9964561,0.98109543,0.92580307,0.91505706,0.95527166,0.97805196,0.94682956,0.9107568,0.9620279,0.966736,0.99208945,0.98244494,0.99082416,0.956576,0.9731813,0.9932149,0.9814917,0.97604746,0.98996246,0.9736404,0.9964561,0.98275226,0.9925454,0.9965059,0.9541247
ahiddenlifefilm,0.9929184,0.9730734,0.9928862,0.9505036,0.9882894,0.876872,0.9947064,0.9964561,1.0,0.95180273,0.98740035,0.87342197,0.98107415,0.9972186,0.99426526,0.98803747,0.9884862,0.9857228,0.978229,0.98912126,0.9924464,0.9603495,0.9890097,0.9956924,0.971214,0.8200022,0.94979715,0.99167323,0.9909662,0.98168105,0.9512306,0.9748737,0.93552196,0.92523247,0.8482052,0.83178383,0.9959534,0.9421755,0.9827295,0.9581252,0.9641605,0.97948927,0.87725294,0.9838313,0.99007773,0.92821753,0.99178463,0.9938172,0.94859487,0.98337156,0.9885642,0.9957936,0.9273208,0.9439745,0.9182771,0.9808158,0.9689427,0.9869767,0.99041384,0.99317557,0.99044394,0.9781659,0.96794,0.9708245,0.98675305,0.9780461,0.99342066,0.98370576,0.9921168,0.9554112,0.9963878,0.94627506,0.9673666,0.9950625,0.9093291,0.9740971,0.8318921,0.9772229,0.9832708,0.8972751,0.9617023,0.9788353,0.9855624,0.9878033,0.9236489,0.9841016,0.9459592,0.9942548,0.9598066,0.994597,0.98083735,0.9963878,0.90615267,0.98253316,0.98561853,0.99054635,0.9672314,0.9885896,0.98783356,0.92845917,0.94767034,0.9278214,0.9383342,0.97817177,0.9629941,0.98196155,0.9977171,0.9326391,0.98366255,0.91513354,0.99716985,0.8391613,0.9925097,0.8376479,0.9810309,0.9840649,0.9927768,0.92168796,0.99676615,0.9835379,0.9840196,0.9914814,0.98865,0.87251,0.9890423,0.9862045,0.9842167,0.8785034,0.9478091,0.69526464,0.9912702,0.9637695,0.9938232,0.97090447,0.98944926,0.98223746,0.9721158,0.97797686,0.99440134,0.9382117,1.0,0.97918916,0.91113484,0.9012131,0.9472186,0.9776837,0.9449318,0.8941384,0.94773304,0.95978105,0.99182725,0.97930807,0.9840565,0.9551458,0.9639752,0.98971534,0.9842262,0.98500746,0.99068666,0.98063385,1.0,0.9714641,0.9932921,0.9913123,0.93842953
alitamovie,0.9669035,0.9406508,0.94488126,0.9507726,0.96208435,0.92682344,0.934399,0.9686687,0.95180273,0.9999999,0.9481644,0.9172979,0.9758764,0.95227045,0.92554456,0.96325535,0.9367396,0.9597362,0.93268377,0.9375152,0.9437993,0.9367183,0.9595653,0.9425707,0.9328418,0.87665516,0.98645616,0.95974493,0.9513364,0.9450901,0.9295223,0.94449836,0.9044831,0.94111264,0.88664013,0.83789027,0.9349045,0.9558876,0.96205825,0.970307,0.9812202,0.9632709,0.9174286,0.95805526,0.9525274,0.93858516,0.9565815,0.9472389,0.93088484,0.96651274,0.9603097,0.9493689,0.9346459,0.94215,0.9318438,0.9356809,0.9473986,0.9525296,0.96706647,0.9655806,0.94660544,0.9642452,0.9577926,0.969671,0.93377227,0.9353744,0.95056576,0.9360353,0.9450633,0.9675868,0.96591806,0.8490392,0.9446988,0.95809233,0.95175576,0.9468727,0.8761932,0.9465426,0.975238,0.93913406,0.93212146,0.9481739,0.9809405,0.93886507,0.9655891,0.94665396,0.93173075,0.9614897,0.97103584,0.95883566,0.90685546,0.96591806,0.9215499,0.9746508,0.9548002,0.97596204,0.9453029,0.96469635,0.9508491,0.9806793,0.96360004,0.95637774,0.92844236,0.97816503,0.9727917,0.9665465,0.9453297,0.9612449,0.9457146,0.89792615,0.96144986,0.88893217,0.95522225,0.86498135,0.9383241,0.961803,0.97082675,0.9494494,0.9580314,0.91781956,0.9581528,0.94777703,0.91296613,0.8989158,0.96604675,0.9637639,0.94559747,0.92324835,0.9390753,0.8165745,0.94307905,0.94119817,0.93629897,0.9411009,0.9725783,0.9159094,0.9375405,0.95781565,0.9692805,0.9890804,0.95180273,0.95593107,0.93785083,0.94094074,0.9647611,0.9530055,0.9378195,0.924568,0.97009957,0.9637829,0.9631084,0.94907594,0.9735619,0.91021955,0.9701921,0.96645546,0.93518305,0.92294806,0.95903146,0.93694335,0.95180273,0.98423004,0.95843995,0.9760791,0.96496964
angelhasfallen,0.9851121,0.95921963,0.9804244,0.96104556,0.97683394,0.9047463,0.98470306,0.98694044,0.98740035,0.9481644,1.0,0.8997842,0.99161625,0.9848813,0.9746705,0.96903896,0.9817144,0.9813881,0.9621525,0.98086,0.98638487,0.95468134,0.97525835,0.9857049,0.98556143,0.8516819,0.9401549,0.9847517,0.9829163,0.97928286,0.9468822,0.9683787,0.9689986,0.9362632,0.87328595,0.84146005,0.98700047,0.9714243,0.9577363,0.94633013,0.9773132,0.9568316,0.8561693,0.9601933,0.98644173,0.9516442,0.9786111,0.98994607,0.9270108,0.96186006,0.97383875,0.98236424,0.95148134,0.9306084,0.9307763,0.9550308,0.9514738,0.9745051,0.98892254,0.9820517,0.9902125,0.97977185,0.96841395,0.97516716,0.97603416,0.9785,0.97766894,0.9735975,0.9782563,0.9530984,0.9826832,0.9250177,0.963174,0.9939541,0.91802955,0.9796177,0.8588549,0.9560909,0.96601737,0.8996401,0.9832184,0.9682906,0.98624784,0.98330355,0.91861403,0.98709136,0.9166174,0.99414545,0.97138107,0.9942049,0.95968246,0.9826832,0.91381264,0.97391117,0.9791707,0.98344725,0.9857163,0.9891804,0.97780406,0.93472433,0.96066934,0.9450213,0.9256684,0.9702462,0.943242,0.96574116,0.9827778,0.95078826,0.97301763,0.9456146,0.98500794,0.8725831,0.9766775,0.848908,0.9686532,0.9763385,0.9852212,0.9194007,0.9844341,0.980549,0.9776001,0.97959834,0.96407264,0.9003196,0.9822024,0.9840522,0.9843537,0.8690248,0.92240447,0.69830203,0.9846536,0.93667734,0.9830692,0.95840096,0.9733975,0.97250545,0.953603,0.9600465,0.9833502,0.95117503,0.98740035,0.97087014,0.9352244,0.9196072,0.959471,0.97328144,0.9437524,0.9190792,0.9618906,0.95701706,0.98171175,0.94962585,0.9889311,0.96734554,0.94569457,0.9720777,0.9573847,0.98197865,0.9758135,0.9625719,0.98740035,0.96470803,0.9935102,0.98235655,0.93501467
angrybirdsmovie,0.89335126,0.8212814,0.89971685,0.87231886,0.8801066,0.9210304,0.8568828,0.8951266,0.87342197,0.9172979,0.8997842,1.0,0.9244659,0.86928135,0.8391561,0.86019945,0.871488,0.8743455,0.8510139,0.87509274,0.8791779,0.92468494,0.86240023,0.87029517,0.89955163,0.7739578,0.88992614,0.88591033,0.9084922,0.9078422,0.8565736,0.8651541,0.90887374,0.9773052,0.79058146,0.71600163,0.8525313,0.94013923,0.85302895,0.88632745,0.92112625,0.84994614,0.8671804,0.85630894,0.870165,0.9287568,0.8582028,0.88269705,0.7852684,0.86622316,0.91272396,0.8592591,0.93812716,0.90216887,0.8169192,0.83375186,0.8704237,0.850953,0.879905,0.88934034,0.8878942,0.9028704,0.8984322,0.88725096,0.8519448,0.84922075,0.8664845,0.8323048,0.8430234,0.8609452,0.880019,0.7773645,0.856977,0.8780309,0.83453196,0.8769579,0.76554847,0.8293836,0.8682638,0.9317933,0.8702413,0.85937625,0.89951676,0.8628106,0.93516046,0.86714643,0.76037014,0.87934685,0.92522895,0.8902104,0.8010773,0.880019,0.89644897,0.88017356,0.92216414,0.89435333,0.9191354,0.9024886,0.851367,0.8678532,0.9188302,0.94814354,0.9297062,0.9316333,0.90181667,0.91560245,0.8639561,0.9125603,0.88269234,0.83808786,0.8777142,0.79111713,0.8446378,0.7482722,0.85027647,0.8694227,0.9100084,0.82917935,0.8766575,0.8560229,0.87157065,0.8517559,0.8249668,0.91037285,0.87661624,0.88935417,0.844294,0.91690814,0.8477878,0.7722263,0.86288184,0.8565257,0.8795398,0.8804318,0.8719987,0.8362496,0.84882855,0.8433736,0.89060956,0.94363976,0.87342197,0.93008894,0.9073151,0.8734015,0.9280425,0.88184303,0.8294464,0.82461435,0.9202018,0.90680796,0.88296366,0.8542794,0.90926707,0.84705883,0.8783623,0.8682449,0.8264954,0.8826969,0.8774286,0.8337718,0.87342197,0.9104245,0.9063588,0.89220154,0.9618914
annabellemovie,0.98799247,0.9581343,0.97383744,0.96333295,0.975548,0.9244656,0.9742975,0.98918676,0.98107415,0.9758764,0.99161625,0.9244659,1.0,0.97908115,0.96004915,0.97514397,0.97182864,0.9785215,0.9620847,0.9701965,0.9750876,0.95374054,0.9741216,0.97690725,0.9795697,0.86946446,0.96420276,0.98327816,0.97752243,0.9752395,0.95501274,0.9667989,0.9556817,0.9472345,0.8910017,0.8473714,0.97402424,0.98438567,0.9634452,0.9577575,0.9931921,0.9654934,0.8851113,0.9648218,0.9837343,0.9568422,0.97532386,0.98582983,0.9341924,0.96950805,0.974143,0.974169,0.9567236,0.94813263,0.94378,0.94537026,0.9637128,0.9711513,0.9859174,0.9823258,0.98210037,0.9812791,0.9726234,0.979051,0.9657117,0.9719038,0.9752209,0.9619661,0.9700028,0.96307856,0.98296916,0.9061502,0.9606156,0.98972255,0.94257593,0.9732216,0.8733913,0.951263,0.9705227,0.929901,0.9758307,0.9696904,0.99197453,0.97509843,0.9433354,0.9829686,0.9226,0.9913361,0.9841639,0.98974717,0.9417142,0.98296916,0.9333194,0.9817538,0.97566766,0.9885659,0.9833644,0.98833984,0.97423995,0.96428066,0.9701188,0.9617456,0.93678874,0.981458,0.95949674,0.9722495,0.97476244,0.96436197,0.97312796,0.934473,0.98264366,0.889044,0.97232175,0.85930157,0.95991266,0.97448015,0.98933417,0.9396682,0.9807305,0.9672743,0.9755612,0.9723376,0.9467381,0.9074321,0.9851959,0.9850317,0.97977793,0.905234,0.9332172,0.7651897,0.97508943,0.94307715,0.9733487,0.95848876,0.9766815,0.95490247,0.95515,0.96301186,0.9846857,0.9758419,0.98107415,0.9726097,0.9437606,0.9344641,0.968278,0.96917444,0.9480245,0.935117,0.9765878,0.9689864,0.98237926,0.9548107,0.9963001,0.96143454,0.95613,0.97909564,0.9513772,0.96761066,0.9736723,0.9534878,0.98107415,0.9793133,0.9884276,0.987609,0.9546574
annamovie,0.993851,0.98002756,0.99091244,0.94087553,0.98974544,0.8627036,0.9957614,0.99382764,0.9972186,0.95227045,0.9848813,0.86928135,0.97908115,0.99999994,0.992512,0.9869042,0.97943604,0.98902845,0.9822836,0.98485583,0.9863451,0.95589805,0.9895239,0.9906496,0.9578907,0.8142269,0.9504662,0.987936,0.98877317,0.9738491,0.9611903,0.9699079,0.9373146,0.92296296,0.8328468,0.8120899,0.99389726,0.9393023,0.9848852,0.9534193,0.9629545,0.98273766,0.8889596,0.9886678,0.99125165,0.9249927,0.99359804,0.99398124,0.9522782,0.9880803,0.98804855,0.9928678,0.9169752,0.9509989,0.90728563,0.979579,0.965338,0.9827075,0.9890192,0.9934538,0.98598784,0.9712106,0.9647131,0.9746506,0.9893721,0.9795298,0.98775715,0.9790955,0.99359447,0.95665276,0.9956986,0.9339849,0.9549455,0.99154305,0.90313524,0.980194,0.818035,0.98360014,0.9837845,0.90413857,0.9655007,0.9849142,0.9878583,0.98065865,0.9165195,0.98462963,0.9479475,0.9923616,0.9631004,0.9933241,0.97498715,0.9956986,0.91103053,0.9763154,0.9859361,0.98921853,0.96349734,0.98519605,0.9905342,0.9342558,0.94515526,0.9227682,0.9381722,0.9769763,0.9675878,0.98305625,0.9936519,0.931621,0.9834961,0.910068,0.9963787,0.83300585,0.99393487,0.82937914,0.97622454,0.98299164,0.99116325,0.92244977,0.99615896,0.9840954,0.98386174,0.9909225,0.9855078,0.85868174,0.987373,0.98934126,0.9785707,0.8887721,0.9564199,0.70393556,0.99101657,0.9698028,0.9893195,0.96688896,0.98864084,0.9720183,0.9785046,0.98159736,0.9922415,0.93914676,0.9972186,0.9804936,0.9101625,0.9015011,0.9464322,0.97233516,0.9365682,0.88356036,0.94995034,0.9525256,0.99597055,0.9808163,0.9828897,0.9419234,0.96355736,0.9910124,0.9807855,0.9807564,0.9881239,0.9779325,0.9972186,0.9695275,0.9911005,0.99178225,0.93440443
apollo11movie,0.9807402,0.96846586,0.9872184,0.92993397,0.97813785,0.8366602,0.9928735,0.9841115,0.99426526,0.92554456,0.9746705,0.8391561,0.96004915,0.992512,1.0000001,0.9795395,0.9837331,0.9754637,0.9687349,0.9907954,0.9843421,0.95330644,0.9805322,0.98985684,0.9548178,0.7923661,0.92529845,0.98443,0.9824221,0.9731919,0.9363317,0.96121055,0.9147407,0.90207493,0.8144507,0.811057,0.99070907,0.9114205,0.97450554,0.94335306,0.93482894,0.96788317,0.8548108,0.97552997,0.9791165,0.896193,0.9831088,0.9841003,0.9368112,0.9739841,0.98118407,0.9887978,0.90316725,0.93087333,0.888895,0.98484576,0.95681554,0.97644293,0.97876745,0.9848259,0.9830638,0.95865095,0.94662625,0.954192,0.98404396,0.9652483,0.98861355,0.97398466,0.98868656,0.94232273,0.9879885,0.95348275,0.95575917,0.9845034,0.8832626,0.9625297,0.80259377,0.9734093,0.97574323,0.8657209,0.9446111,0.9676526,0.97149444,0.9795547,0.89511776,0.9758055,0.94418174,0.98287725,0.9377123,0.984989,0.9866026,0.9879885,0.87260693,0.96520054,0.97652507,0.97804135,0.94767773,0.97813815,0.98517066,0.8977256,0.9202264,0.89453113,0.92342496,0.9639365,0.94903994,0.9722618,0.9941073,0.90157783,0.97470754,0.8951006,0.989231,0.81356496,0.9892859,0.81872857,0.9743732,0.9770721,0.9792577,0.89608485,0.99094737,0.98460144,0.97844315,0.98512286,0.9946711,0.83932513,0.9755328,0.9718175,0.971385,0.8490058,0.93082076,0.6463909,0.98451865,0.95556587,0.99214286,0.9664108,0.98326457,0.9817158,0.96828,0.964476,0.98400325,0.90748525,0.99426526,0.971039,0.87886554,0.8659403,0.9215997,0.967242,0.92635655,0.8619223,0.9189672,0.9348879,0.9857178,0.971707,0.9633414,0.93615127,0.9488273,0.977883,0.98573434,0.9808468,0.98488015,0.9844841,0.99426526,0.9531842,0.98161036,0.9783372,0.91731805
arcticdogsmovie,0.985687,0.97095555,0.9730583,0.93808174,0.9756132,0.8657744,0.9833973,0.99001056,0.98803747,0.96325535,0.96903896,0.86019945,0.97514397,0.9869042,0.9795395,1.0,0.9701862,0.97763425,0.97255826,0.97631705,0.97289133,0.93456066,0.97659045,0.9830461,0.9488537,0.83208174,0.96139956,0.9798202,0.9761963,0.97054243,0.95299953,0.97468054,0.90742165,0.9051351,0.86067945,0.83375055,0.97992766,0.9323923,0.97960883,0.9540737,0.9630953,0.98015285,0.89296705,0.9831517,0.98809135,0.9115271,0.9798016,0.9838838,0.9578588,0.9838921,0.97836983,0.98289186,0.90789765,0.9488722,0.9284356,0.9669649,0.9667887,0.9773832,0.97747606,0.9799841,0.97984374,0.9651588,0.96233845,0.9695328,0.9789873,0.96661556,0.98297083,0.963761,0.985125,0.9721338,0.986267,0.93269026,0.95399636,0.9821351,0.9344944,0.961966,0.8456446,0.9753075,0.98230743,0.8946262,0.94719017,0.97799635,0.983304,0.96648335,0.922388,0.9677707,0.962832,0.9837285,0.95473003,0.98128855,0.96206164,0.986267,0.91609305,0.97833675,0.9647337,0.9840795,0.9481744,0.98316073,0.9841817,0.9479797,0.9466446,0.9150219,0.9253133,0.9675722,0.95877266,0.97978204,0.9823423,0.9407958,0.96978015,0.90177983,0.985176,0.851223,0.9876421,0.8395005,0.9606808,0.97804236,0.98432887,0.9500191,0.9827883,0.97304106,0.9789319,0.9826358,0.9741917,0.8501952,0.97987795,0.97638655,0.9766264,0.9017808,0.9554646,0.7497742,0.98123866,0.96021247,0.9763808,0.95618576,0.98604167,0.96178037,0.97440225,0.98278606,0.981259,0.9431074,0.98803747,0.9713315,0.91082,0.91355324,0.9359542,0.9635048,0.95203733,0.9103389,0.9593546,0.9563967,0.98303044,0.9698219,0.9748912,0.9289616,0.9609876,0.9864446,0.97393614,0.9557249,0.98057526,0.9708109,0.98803747,0.9704894,0.9784658,0.98527616,0.9298809
arcticmovie,0.9773514,0.94216174,0.98024476,0.96092296,0.97452456,0.8863829,0.98220414,0.9819015,0.9884862,0.9367396,0.9817144,0.871488,0.97182864,0.97943604,0.9837331,0.9701862,0.99999994,0.97632825,0.94806355,0.9831345,0.990599,0.9601489,0.970308,0.98828065,0.98238325,0.82456833,0.929523,0.9868784,0.9805581,0.98367715,0.9136444,0.9698331,0.9339955,0.9189203,0.8627898,0.85584754,0.98724896,0.93685704,0.957621,0.94630045,0.95768964,0.9562192,0.83480805,0.95769864,0.97595805,0.93642855,0.97297704,0.9783576,0.92255074,0.95847255,0.9736505,0.98157483,0.94471335,0.9043132,0.9300813,0.96951944,0.9457552,0.97997177,0.98262376,0.9793407,0.9875175,0.97437274,0.9703838,0.96678793,0.97195566,0.96061814,0.98803014,0.98061675,0.97727984,0.93896383,0.9820089,0.9338971,0.9721609,0.9866615,0.90154046,0.9591728,0.85123366,0.96287686,0.9734251,0.87346274,0.9580461,0.9572639,0.9727984,0.9884864,0.91290414,0.9737681,0.9234402,0.9859394,0.9518559,0.9824972,0.9683023,0.9820089,0.88805634,0.9782658,0.97120446,0.98084295,0.97260183,0.98310983,0.9670356,0.906827,0.94762444,0.9314119,0.91413057,0.9628387,0.9372882,0.96399903,0.9857468,0.934157,0.9688347,0.93164,0.984004,0.8438551,0.97553915,0.835184,0.9716283,0.9810049,0.98202634,0.9131137,0.9839569,0.973769,0.98143095,0.97935236,0.98413813,0.8817856,0.9749704,0.96911967,0.9736106,0.83606714,0.9181335,0.6351453,0.9819321,0.9354676,0.9945155,0.9592668,0.9758419,0.9793565,0.95622885,0.9513391,0.9813763,0.9286654,0.9884862,0.9664251,0.9165322,0.90028256,0.94058967,0.9690373,0.9519869,0.8994569,0.93788457,0.94877017,0.97587943,0.9495267,0.975507,0.9648127,0.95388657,0.96926856,0.96834064,0.9884387,0.98528427,0.96634966,0.9884862,0.9577001,0.98324305,0.9762014,0.92715585
artofracingmovie,0.9884718,0.9739021,0.9769285,0.9608712,0.9940101,0.87980956,0.98266244,0.9835345,0.9857228,0.9597362,0.9813881,0.8743455,0.9785215,0.98902845,0.9754637,0.97763425,0.97632825,1.0,0.9576323,0.9720211,0.98319083,0.94178605,0.978238,0.981752,0.9540639,0.8262096,0.96338737,0.9748095,0.98061085,0.9648582,0.9421085,0.9784706,0.9507374,0.92430073,0.8580509,0.836704,0.98416835,0.9483863,0.9776245,0.96136343,0.9720562,0.98320615,0.8765783,0.98405784,0.98579323,0.94961256,0.98451966,0.979473,0.96147114,0.9828253,0.9749772,0.9846861,0.92287254,0.93126416,0.9348773,0.97199655,0.94144017,0.9803512,0.9896159,0.9881044,0.98121583,0.9767044,0.97665066,0.9928266,0.9898467,0.977692,0.97284627,0.9805679,0.9809178,0.9637699,0.9880109,0.89761114,0.9431177,0.9841456,0.9115048,0.9844585,0.8395255,0.98734087,0.98683107,0.89834166,0.9772129,0.97515917,0.98910785,0.97200793,0.92790693,0.98402584,0.94380563,0.9877464,0.9793579,0.98398495,0.9502234,0.9880109,0.9251828,0.98216087,0.974903,0.9902679,0.9690011,0.9844622,0.9705628,0.948741,0.96233636,0.9383053,0.9106318,0.970027,0.9551663,0.9723447,0.97818685,0.9572387,0.97509813,0.9476048,0.9883093,0.8434884,0.9857952,0.8451348,0.96667,0.99114424,0.9884964,0.95294404,0.98464763,0.96634007,0.9859518,0.9824156,0.9726655,0.87734616,0.9861363,0.98895437,0.970206,0.87166107,0.96651775,0.67913747,0.99139017,0.9672799,0.98001856,0.9636003,0.9832503,0.9548605,0.9770892,0.98353696,0.9855542,0.9535666,0.9857228,0.9718736,0.94104135,0.9434267,0.9673575,0.9711094,0.9576546,0.90104824,0.96595293,0.95969075,0.98738533,0.95799726,0.9827634,0.93763655,0.96644676,0.98205656,0.954698,0.9783745,0.98012626,0.96160215,0.9857228,0.971594,0.9890687,0.98555285,0.9238061
avengers,0.980045,0.97262025,0.9698534,0.8965056,0.9637967,0.8379333,0.9792911,0.98242,0.978229,0.93268377,0.9621525,0.8510139,0.9620847,0.9822836,0.9687349,0.97255826,0.94806355,0.9576323,0.9999999,0.9496789,0.95215744,0.9388766,0.9798804,0.96255463,0.93022627,0.7925252,0.922202,0.97269654,0.9596739,0.94271964,0.9873314,0.9362131,0.91157925,0.88804746,0.8018028,0.7666414,0.9764322,0.92811483,0.9633363,0.91073394,0.9436204,0.9659723,0.8997794,0.97483206,0.9697448,0.8903716,0.98409927,0.9850732,0.92369395,0.97446746,0.96452355,0.96907204,0.8945854,0.9559707,0.8789433,0.9429005,0.96905434,0.9586921,0.9655563,0.9736785,0.9540222,0.94339955,0.9319928,0.9449253,0.95791245,0.95678234,0.9716407,0.9466802,0.9785967,0.9236108,0.97786796,0.92411405,0.9274932,0.9712521,0.8829985,0.9670948,0.78785306,0.95827943,0.95068604,0.9173504,0.94846904,0.9830299,0.9662588,0.9645649,0.8768051,0.96145684,0.9309406,0.9728043,0.9395614,0.9774562,0.96217006,0.97786796,0.90084565,0.95565796,0.96571743,0.96166074,0.9395985,0.9541815,0.97944456,0.9255846,0.91502994,0.90105295,0.9413677,0.96015555,0.9563487,0.95957446,0.97539026,0.9008316,0.9742739,0.8488082,0.9774514,0.81344897,0.9674275,0.79353076,0.94641876,0.94839424,0.97081673,0.88959163,0.97909594,0.965478,0.95272297,0.96891683,0.95737505,0.8098652,0.9699666,0.9826079,0.964198,0.9036105,0.9384417,0.7526052,0.95790166,0.9537266,0.96539414,0.94805604,0.9640308,0.94504607,0.95777714,0.9597509,0.97194946,0.9131755,0.978229,0.95465064,0.87712705,0.86209726,0.9002902,0.93448645,0.8891848,0.86244935,0.9294999,0.9154359,0.9785291,0.98088527,0.96798587,0.9258328,0.95069796,0.9811114,0.97331685,0.9471211,0.964024,0.94864553,0.978229,0.9545781,0.9645576,0.9771895,0.91492593
beachbummovie,0.9782699,0.9539096,0.9840864,0.9493955,0.9720295,0.86929214,0.98368484,0.9817357,0.98912126,0.9375152,0.98086,0.87509274,0.9701965,0.98485583,0.9907954,0.97631705,0.9831345,0.9720211,0.9496789,0.9999999,0.98617274,0.9638876,0.97116274,0.99087363,0.96963716,0.8302251,0.9380259,0.9857003,0.9859201,0.98066,0.920521,0.9618564,0.9238891,0.9292502,0.8526685,0.84215873,0.9811056,0.9329343,0.96978337,0.95895505,0.94592464,0.9575533,0.8473402,0.9636194,0.9761498,0.91470504,0.97092617,0.9791646,0.9293168,0.9643456,0.9841114,0.98378307,0.9260495,0.93618035,0.90095043,0.9788729,0.9545688,0.97151583,0.97969425,0.98219246,0.989234,0.9707089,0.94971544,0.95483786,0.9786184,0.9629007,0.98215854,0.9652695,0.97976595,0.9601153,0.9826744,0.9415784,0.9675208,0.98579186,0.90796816,0.9590958,0.84038305,0.95903796,0.975615,0.86574405,0.94144297,0.9543804,0.9757166,0.977559,0.9205993,0.9736069,0.938093,0.9823201,0.94697183,0.98533565,0.9764319,0.9826744,0.87237537,0.963896,0.97940415,0.9823866,0.9563281,0.9907016,0.9808912,0.9027694,0.93765926,0.91274154,0.9253072,0.9709282,0.9465086,0.97775316,0.9901588,0.91639864,0.9693674,0.91256493,0.98363066,0.8497985,0.9834488,0.8510126,0.9712467,0.9816199,0.9809008,0.90682006,0.98359394,0.9823218,0.9799038,0.97659904,0.98309165,0.8758853,0.9742259,0.9648237,0.9713324,0.8554465,0.91473544,0.6644716,0.9821155,0.93589425,0.98805386,0.97017646,0.9841212,0.980062,0.95640963,0.95949703,0.98314685,0.92903197,0.98912126,0.97791696,0.8970818,0.8797231,0.9408238,0.9756367,0.9397428,0.8891443,0.93122596,0.95216125,0.9808631,0.95673805,0.96612775,0.93593,0.9457022,0.96825236,0.9747449,0.9762648,0.98118305,0.98560107,0.98912126,0.96160674,0.9855728,0.9756741,0.93890375
bernadettefilm,0.97992444,0.9528413,0.9888338,0.9657435,0.9861957,0.9008319,0.98159033,0.98654974,0.9924464,0.9437993,0.98638487,0.8791779,0.9750876,0.9863451,0.9843421,0.97289133,0.990599,0.98319083,0.95215744,0.98617274,1.0000001,0.9577058,0.9785954,0.99321276,0.97920585,0.8221032,0.9447696,0.9835118,0.99312955,0.9852937,0.91685396,0.98188925,0.94903815,0.93776304,0.85558885,0.8481385,0.9917488,0.9380915,0.969822,0.96404326,0.9616357,0.9644086,0.8594361,0.96661615,0.9824585,0.95063126,0.98108,0.98218626,0.9337795,0.9650448,0.9841281,0.99456656,0.94141924,0.91266686,0.92277604,0.977814,0.94502515,0.98907864,0.9883748,0.9833686,0.9924883,0.9856711,0.9759974,0.9705642,0.98283786,0.9714422,0.9808627,0.9908686,0.9794274,0.9490633,0.9865598,0.93043804,0.97273314,0.99016964,0.9021078,0.9651832,0.8397526,0.96971256,0.9775843,0.8825035,0.9597212,0.95762503,0.9767518,0.9839368,0.92889416,0.97274363,0.92366153,0.9871183,0.9516469,0.98708826,0.9676228,0.9865598,0.9030765,0.98008615,0.9827597,0.98491764,0.9745596,0.9882874,0.96990556,0.9140677,0.96079314,0.9402549,0.9280263,0.9694235,0.94587326,0.97370774,0.9900629,0.94346714,0.9671809,0.94218445,0.9888917,0.83742,0.98511785,0.8415244,0.98760176,0.98195577,0.9849483,0.9214118,0.98794156,0.9688696,0.9756425,0.98923016,0.98225033,0.90907997,0.9784812,0.97340256,0.9783578,0.8547293,0.9398816,0.65831614,0.9895691,0.9475746,0.98737764,0.95955575,0.9796725,0.9866146,0.9516483,0.9706725,0.98697877,0.9409407,0.9924464,0.97472703,0.9304741,0.91684186,0.963295,0.9871156,0.9569461,0.8984486,0.94776756,0.9659987,0.97769773,0.958968,0.9792411,0.96033686,0.959771,0.97344536,0.969382,0.9887842,0.9883661,0.9754061,0.9924464,0.96474266,0.9942363,0.98223597,0.9392001
