movie,21bridgesmovie,47metersdown,abeautifuldaymovie,abominablemovie,adastramovie,adogsjourneymovie,aftermathmovie,aftermovie,ahiddenlifefilm,alitamovie,angelhasfallen,angrybirdsmovie,annabellemovie,annamovie,apollo11movie,arcticdogsmovie,arcticmovie,artofracingmovie,avengers,beachbummovie,bernadettefilm,blackandbluemovie,blackchristmas,blindedbythelightmovie,bombshellmovie,booksmart,breakthroughmovie,brianbanksmovie,brightburnmovie,brittanyrunsmov,captainmarvelofficial,captivestatemovie,catsmovie,charliesangels,childsplaymovie,clarathefilm,coldpursuitmovie,countdown,currentwarmovie,darkwatersmovie,detectivepikachumovie,disneyaladdin,disneyfrozen,disneymaleficent,doctorsleepmovie,dolemiteismyname,dontletgomovie,doramovie,downtonabbey_official,dumbo,escaperoom,everybodyknowsmovie,fastandfuriousmovie,fightingwmyfam,fivefeetapartfilm,fordvferrari,freaksthefilm,geminimanmovie,glassmovie,gloriabellmovie,godzillamovie,goldfinchmovie,goodboysmovie,goodliarmovie,gretafilm,halathemovie,happydeathdaymovie,harrietfilm,hellboymovie,hersmellmovie,highlifemovie,highstrungmovie,honeyboymovie,hotelmumbaifilm,httydragon,hustlemovie,hustlersmovie,isntitromantic,itmovieofficial,jayandsilentbob,johnwickmovie,jojorabbitmovie,jokermovie,judythefilm,jumanjimovie,justmercyfilm,knivesout,lalloronamovie,lastblackmansf,lastchristmasthemovie,latenightmovie,lighthousemovie,lionking,littlethemovie,littlewomenmovie,littlewoodsfilm,longshotmovie,lordsofchaosmovie,lucyintheskyfilm,mamovie2019,marriagestory,meettheaddams,meninblack,midsommarmovie,midwaymovie,missbalamovie,missinglinkfilm,motherlessbklyn,onceinhollywood,onthebasisofsex,overcomermovie,peanutbutterfalcon,petsematarymovie,piercingmovie,playingwithfire,playmobilthemovie,pomsmovie,queenandslim,rambomovie,readyornotfilm,richardjewellfilm,rocketmanmovie,scarystoriesmovie,secretlifeofpets,serenityfilm,shaftmovie,shazammovie,spidermanmovie,spiesindisguise,starwars,stormboymovie,stubermovie,taosdfilm,teenspiritmov,terminator,theaeronautsmov,thebestofenemies,thedeaddontdie,thefarewell,thehighwaymen,thehummingbirdprojectfilm,theintrudermovie,theirishmanfilm,thekitchenmovie,thelegomovie,themustangfilm,thenightingalefilm,theprodigymovie,thesunisalsoastar,theupsidefilm,tolkienmovie,toystory,triplefrontier,uglydolls,uncutgems,underthesilverlake,usmovie,wavesmovie,whatmenwant,wonderparkmovie,wrinklestheclown,xmenmovies,yardiefilm,yesterdaymovie,zombieland
21bridgesmovie,0.9999999,0.95334566,0.9634675,0.9477726,0.95715594,0.94821006,0.95649385,0.9568845,0.9775642,0.95177627,0.95487744,0.9418173,0.96181375,0.95180637,0.9575826,0.9603293,0.9611578,0.9526134,0.9722059,0.9458188,0.9424396,0.9570154,0.95662606,0.9522143,0.9449708,0.8925582,0.9468544,0.9463965,0.9541199,0.95215577,0.94895506,0.94527096,0.94237566,0.9271618,0.9401906,0.91933185,0.95515376,0.9681019,0.9565943,0.9461726,0.95038193,0.9418514,0.939478,0.9441679,0.96157974,0.95055187,0.95146364,0.94421524,0.9513208,0.9480862,0.96245265,0.9613782,0.95314896,0.95214725,0.94931453,0.94920224,0.9498525,0.9501879,0.9558756,0.9580326,0.93813306,0.95242065,0.9632817,0.95435256,0.9533843,0.95174026,0.9517617,0.9510887,0.94192004,0.9423836,0.96080077,0.81504226,0.93729013,0.94919384,0.93728405,0.9430726,0.9216888,0.95882124,0.94851744,0.9464499,0.94804525,0.9507875,0.9588562,0.941728,0.9596123,0.94357127,0.95553094,0.9542555,0.9465515,0.9606509,0.9583624,0.96080077,0.95081925,0.95357126,0.956988,0.9469259,0.95142645,0.95083475,0.9596412,0.94783,0.94892913,0.9452919,0.9413769,0.96107334,0.9568563,0.959938,0.95118886,0.95620793,0.9432003,0.94996274,0.95816785,0.8832887,0.96365505,0.91662157,0.953398,0.9595709,0.98822296,0.9464508,0.9587622,0.946456,0.9599679,0.94991404,0.953901,0.9420738,0.9472991,0.9564259,0.948364,0.9541972,0.94645536,0.9376607,0.9542221,0.9485036,0.9559907,0.92757285,0.9598801,0.9553914,0.9721426,0.95190066,0.9561215,0.94698524,0.9775642,0.95526916,0.95247185,0.94861585,0.9346031,0.9576563,0.95701605,0.9383786,0.95998806,0.9662544,0.949202,0.9549525,0.9453623,0.9462807,0.95593643,0.955788,0.949081,0.9574224,0.9585895,0.95153916,0.9775642,0.9418872,0.95912194,0.95184743,0.9559937
47metersdown,0.95334566,0.99999976,0.95258194,0.94039994,0.94776,0.95366687,0.94517285,0.94585216,0.9682913,0.94787645,0.9449783,0.9355516,0.9510925,0.94285667,0.94971853,0.96355206,0.9461219,0.9529558,0.94706994,0.94293374,0.9379295,0.9416095,0.94674796,0.9483987,0.94464546,0.87183523,0.93569154,0.93980014,0.9462474,0.9453746,0.93894356,0.9380707,0.93750197,0.9323533,0.92682713,0.9063731,0.94572264,0.94910187,0.9487251,0.9366191,0.9333051,0.9418685,0.9300224,0.94048345,0.9519534,0.95263493,0.94693285,0.9466267,0.94594586,0.94299954,0.95056564,0.956924,0.93573457,0.94562244,0.93410045,0.94567883,0.9426006,0.9464082,0.9475489,0.9475645,0.9275035,0.9475963,0.951931,0.9455455,0.9457235,0.9395154,0.937295,0.95365965,0.9393787,0.92827815,0.95149255,0.80811447,0.9285031,0.9387138,0.9353004,0.92807734,0.9025348,0.94555336,0.9436278,0.9480759,0.94851846,0.934656,0.9405893,0.93261206,0.9507934,0.9426448,0.948786,0.949397,0.94553626,0.9590515,0.947159,0.95149255,0.9473622,0.9506295,0.9473546,0.948042,0.95418304,0.94331694,0.9424945,0.93632704,0.93872005,0.9494301,0.9372859,0.94387263,0.9453676,0.9513765,0.9410135,0.940129,0.940202,0.93461335,0.9471587,0.87465763,0.9465083,0.90381646,0.94645524,0.95152265,0.95936143,0.9330155,0.9529364,0.93788666,0.9454085,0.9480007,0.95026237,0.93528694,0.94704396,0.942679,0.9387428,0.9401462,0.9482473,0.9191764,0.9410474,0.9393596,0.94178355,0.9245766,0.9422596,0.94866765,0.94657606,0.9421163,0.9520483,0.9382651,0.9682913,0.9354723,0.94691664,0.9428386,0.9243289,0.94998544,0.9459639,0.92983615,0.94750416,0.9453041,0.9472982,0.94881785,0.94758433,0.91589427,0.9530894,0.9449065,0.94041395,0.9466306,0.94397944,0.93575215,0.9682913,0.9401397,0.956731,0.9454186,0.9451324
abeautifuldaymovie,0.9634675,0.95258194,1.0000004,0.95481765,0.95888275,0.95274407,0.96414614,0.9619851,0.980998,0.9491899,0.9594423,0.95847416,0.96261185,0.9525308,0.95957786,0.95768094,0.96461725,0.95035845,0.94625175,0.9488569,0.9405043,0.9684862,0.9661361,0.9562705,0.95744133,0.89924926,0.94805115,0.95166767,0.97276735,0.9603443,0.94520086,0.95255816,0.9435078,0.9533208,0.94375926,0.9213198,0.95742023,0.96120363,0.9617451,0.945987,0.94416165,0.95004284,0.94209117,0.94482875,0.96226823,0.9535326,0.96484387,0.94616836,0.95225114,0.94931585,0.9787589,0.96320295,0.96507406,0.9640318,0.9559634,0.9492492,0.9469877,0.95997816,0.9597931,0.9663877,0.94513756,0.9583952,0.96239465,0.95342344,0.95861924,0.9564194,0.94197124,0.953481,0.9377688,0.94844025,0.96711016,0.813338,0.94047695,0.9552113,0.95107406,0.93454164,0.92100316,0.9587821,0.9525494,0.95066863,0.9565907,0.95499396,0.956504,0.9475015,0.9679155,0.9412405,0.9571169,0.9640708,0.9550977,0.9572624,0.9573954,0.96711016,0.96098363,0.95412207,0.9734581,0.9586129,0.953451,0.9519882,0.96137094,0.9553328,0.9521062,0.953972,0.9577269,0.9642513,0.9547963,0.97520185,0.94986266,0.956345,0.9555113,0.9573509,0.95998657,0.8943801,0.96160954,0.924153,0.9522673,0.949724,0.9677134,0.9536071,0.96701866,0.9566752,0.9494594,0.95807177,0.9607132,0.956749,0.9562226,0.95745504,0.95288634,0.9629656,0.95960265,0.938313,0.9549898,0.95011926,0.95588946,0.9434418,0.9598026,0.9640535,0.9617495,0.95310867,0.9570999,0.94967353,0.980998,0.9709996,0.9559974,0.95316976,0.9438597,0.95307595,0.96495473,0.9460391,0.9571253,0.9603206,0.95916516,0.9683173,0.9483198,0.9315157,0.9561276,0.956511,0.96130884,0.9623632,0.95029736,0.95128155,0.980998,0.9465021,0.9556698,0.9596862,0.9701706
abominablemovie,0.9477726,0.94039994,0.95481765,1.0000002,0.95802325,0.9499264,0.9632953,0.9627087,0.9743155,0.9420638,0.9502017,0.9338444,0.95331067,0.9453559,0.96067226,0.9508842,0.95395553,0.9498307,0.9417322,0.9439376,0.9396402,0.95041263,0.95002586,0.9499296,0.94078034,0.8841905,0.95202076,0.9454589,0.954708,0.94523346,0.93898076,0.94432783,0.937433,0.93617433,0.94113934,0.92981094,0.95261854,0.9570846,0.95840776,0.94161475,0.94508404,0.9483694,0.94113404,0.9443651,0.9493184,0.9375741,0.9539819,0.9373834,0.9537522,0.949927,0.95319295,0.95127296,0.94328606,0.9479219,0.94910175,0.9491162,0.9437704,0.9427913,0.96887445,0.9595621,0.93617857,0.95825666,0.95249575,0.94532466,0.94588137,0.94251084,0.92946917,0.9422212,0.94940233,0.9376264,0.95909697,0.81997883,0.9337758,0.9486771,0.96482277,0.9346052,0.9201928,0.9452708,0.9541214,0.93841076,0.9429228,0.957292,0.9469509,0.94142586,0.9489345,0.9465016,0.95517856,0.94849956,0.9562858,0.9488879,0.9564813,0.95909697,0.9499849,0.9510802,0.94891083,0.9582297,0.94039446,0.9500135,0.9581777,0.94099814,0.93782854,0.94207966,0.943807,0.95519394,0.9468884,0.95346296,0.94942695,0.95164317,0.9433493,0.9382568,0.95547706,0.8675253,0.94985217,0.91587204,0.9470173,0.9391665,0.95364887,0.9515074,0.955199,0.9571624,0.94987005,0.9470101,0.9503592,0.9488152,0.9407188,0.95149344,0.9453177,0.94147205,0.9442429,0.92810094,0.95564127,0.9449382,0.957562,0.94248414,0.94103914,0.9545762,0.9552442,0.9373323,0.95546687,0.9458474,0.9743155,0.9471885,0.9437119,0.9439869,0.9315311,0.94521874,0.9623059,0.9452019,0.95865905,0.94007254,0.9584697,0.95592195,0.954098,0.915721,0.950506,0.95458555,0.95153904,0.95128816,0.9457547,0.940172,0.9743155,0.9507113,0.9485591,0.9608568,0.9525794
adastramovie,0.95715594,0.94776,0.95888275,0.95802325,0.9999995,0.9574592,0.9656926,0.95494115,0.9810437,0.9642848,0.9619333,0.940584,0.96081495,0.95231056,0.9615732,0.963879,0.9655918,0.9738385,0.9511816,0.955145,0.94780463,0.9569387,0.96789634,0.96028554,0.94425875,0.90065527,0.966521,0.9547506,0.9602552,0.9516356,0.94909763,0.94613343,0.946766,0.9429179,0.95268816,0.94048,0.959789,0.9614961,0.96842355,0.94481784,0.9479306,0.9547721,0.950314,0.94839114,0.9628565,0.94781256,0.9673378,0.9531558,0.95873785,0.9549924,0.96201557,0.9661827,0.95394254,0.9559192,0.9455407,0.966482,0.9539677,0.95756775,0.9620169,0.95898724,0.94295883,0.95355135,0.96215695,0.95181847,0.96063524,0.95899314,0.9398073,0.95533866,0.9463633,0.9538464,0.9592233,0.8132565,0.937105,0.95409334,0.95573884,0.9294088,0.9273826,0.95844775,0.9604131,0.94824165,0.95575815,0.95559764,0.9559533,0.9540385,0.950339,0.9460389,0.9594651,0.9589585,0.9480984,0.9553703,0.94993913,0.9592233,0.9517176,0.95689005,0.96117646,0.9562313,0.94839174,0.9569547,0.95841527,0.9528318,0.9459752,0.95389974,0.943061,0.9606716,0.9495032,0.96011245,0.9565701,0.9547127,0.94888186,0.9502677,0.9628093,0.8891542,0.9608522,0.9377463,0.9568051,0.94271153,0.964537,0.9562415,0.9715677,0.9616761,0.947249,0.9555065,0.95632493,0.94969803,0.9502733,0.9632945,0.95845,0.95054626,0.9700375,0.93747705,0.9634767,0.9666668,0.9646003,0.9385105,0.96055615,0.95586956,0.9531751,0.95456856,0.957106,0.95670843,0.9810437,0.95650464,0.9511113,0.9607022,0.93849677,0.9575287,0.96112,0.9506268,0.9621782,0.94920105,0.96036375,0.9533627,0.9551653,0.9340268,0.95394695,0.9525611,0.9610101,0.9655088,0.95741016,0.9477097,0.9810437,0.9683958,0.96271396,0.9664475,0.9597048
adogsjourneymovie,0.94821006,0.95366687,0.95274407,0.9499264,0.9574592,0.9999998,0.9526022,0.95146924,0.9727145,0.95140356,0.9481949,0.9361885,0.9518518,0.9463959,0.9499339,0.9551152,0.9538609,0.9559662,0.94725823,0.94996303,0.94195276,0.94768304,0.9643207,0.94927645,0.94332254,0.87642455,0.9475641,0.9444252,0.9533067,0.94201535,0.9427523,0.93678236,0.9434553,0.93083304,0.93778837,0.9328592,0.94754034,0.95122105,0.955189,0.93954545,0.940387,0.94904786,0.9422277,0.94042045,0.95645565,0.94962174,0.9642886,0.9366211,0.9463754,0.94716746,0.95621514,0.94984853,0.939232,0.9451783,0.9368566,0.9536473,0.9502667,0.9498374,0.95350844,0.9520584,0.92838115,0.9569833,0.947642,0.94670576,0.9471334,0.9509363,0.93660676,0.9501263,0.93466794,0.93512434,0.95605373,0.8008286,0.9370478,0.9446808,0.95280933,0.9348872,0.9235603,0.95353824,0.9450881,0.9468172,0.9498279,0.9450461,0.9483401,0.9420733,0.94168925,0.9385382,0.946387,0.95529366,0.9518551,0.9533091,0.9486191,0.95605373,0.94511205,0.9501177,0.9485167,0.95032114,0.9386992,0.9530882,0.9479036,0.9500654,0.9438268,0.9500655,0.9541488,0.9502224,0.95102435,0.9552445,0.956633,0.94223726,0.9422897,0.94241464,0.9567029,0.8694969,0.94974136,0.91579884,0.9460629,0.9495157,0.95815027,0.9476753,0.9615342,0.9502034,0.94414216,0.95227575,0.9454557,0.95949715,0.9494694,0.9481924,0.95722467,0.9467228,0.95033145,0.93681246,0.95144635,0.9546087,0.95377,0.9278368,0.9549392,0.9491418,0.94680786,0.9413859,0.9540472,0.9553403,0.9727145,0.9473312,0.95136684,0.94959354,0.9333979,0.94071364,0.96093535,0.94545907,0.9495545,0.9460807,0.95123255,0.952126,0.95013744,0.9144216,0.9446865,0.95087165,0.9600462,0.95076585,0.9519891,0.94773966,0.9727145,0.95246345,0.95312953,0.9651341,0.9512792
aftermathmovie,0.95649385,0.94517285,0.96414614,0.9632953,0.9656926,0.9526022,0.99999976,0.96207815,0.9811242,0.95156586,0.95979935,0.94693893,0.95805335,0.9449975,0.9614118,0.95846176,0.96031344,0.9607746,0.94895357,0.9451932,0.9432219,0.95747834,0.966123,0.9597117,0.9457377,0.89600235,0.9628622,0.9513761,0.96027476,0.9518464,0.9518338,0.95040536,0.9505711,0.94348973,0.94451815,0.92946464,0.95629764,0.9581114,0.96027184,0.95509946,0.9494844,0.95361596,0.9519005,0.94829017,0.9584916,0.950223,0.9646976,0.9467525,0.9632331,0.9534299,0.9625786,0.9693026,0.9497413,0.9520886,0.9506183,0.95414716,0.94281983,0.9530119,0.9639409,0.9599198,0.94208777,0.95949465,0.96235484,0.95073766,0.96273035,0.95710486,0.9391324,0.95217764,0.93924165,0.9439456,0.9636357,0.814252,0.9419293,0.9585326,0.95684,0.9422812,0.92236286,0.9566472,0.9558527,0.9581984,0.94827247,0.97245,0.9506483,0.9387188,0.9560434,0.9432233,0.9516487,0.9589736,0.9543544,0.9607663,0.9562165,0.9636357,0.9552557,0.95520484,0.9608551,0.9596751,0.94675696,0.951551,0.97311735,0.94886804,0.9466691,0.95325434,0.95050204,0.96124744,0.94875026,0.9617681,0.95838743,0.95591766,0.9479572,0.9498491,0.96179974,0.87721944,0.9590814,0.92406356,0.95476776,0.94613445,0.9600389,0.9509453,0.96698165,0.9868614,0.949954,0.9602376,0.9596169,0.9530022,0.9609791,0.961929,0.9553037,0.9529945,0.95827466,0.9409857,0.96234477,0.95357037,0.9555751,0.93988717,0.95516104,0.95808387,0.95944905,0.9538367,0.955867,0.9500911,0.9811242,0.963776,0.95690036,0.9504157,0.93102145,0.9597808,0.96413815,0.94418114,0.95581084,0.9528484,0.9825644,0.9552976,0.95635235,0.9310155,0.9575763,0.9538029,0.9575566,0.9628077,0.95694804,0.9503623,0.9811242,0.9605249,0.95487005,0.9678501,0.96495354
aftermovie,0.9568845,0.94585216,0.9619851,0.9627087,0.95494115,0.95146924,0.96207815,1.0,0.9770652,0.9415075,0.9596653,0.94742614,0.95274806,0.9403817,0.96109986,0.95528775,0.9637997,0.95096314,0.9506986,0.9543715,0.94178045,0.95432335,0.954674,0.9584476,0.9568119,0.8872355,0.9458446,0.95737857,0.95370954,0.9563839,0.9499356,0.9471628,0.9417128,0.9396016,0.9343084,0.9222573,0.9574724,0.95224047,0.96143043,0.94668436,0.9504139,0.95478404,0.939402,0.9521159,0.95208484,0.9494188,0.9541579,0.9467865,0.9529939,0.95518035,0.95751315,0.96249044,0.95225126,0.9543574,0.96422946,0.94928735,0.9412757,0.9518702,0.9611255,0.9551208,0.93346345,0.96492,0.959261,0.94890463,0.9586174,0.9510724,0.94241965,0.951246,0.9601202,0.9523443,0.9583145,0.81310755,0.93522024,0.95111173,0.945243,0.9421884,0.9098104,0.9626377,0.95689523,0.9505466,0.95222366,0.95798934,0.94818276,0.94495326,0.9572731,0.9488982,0.9533145,0.95627683,0.9501941,0.9602342,0.9597548,0.9583145,0.95234996,0.9542933,0.9562297,0.9601825,0.95239294,0.95873463,0.95549524,0.93951386,0.94594336,0.9589243,0.94340146,0.954997,0.94633305,0.9583921,0.9500995,0.9511669,0.9481583,0.9488744,0.96249497,0.8721822,0.95710695,0.9124516,0.95191395,0.9508935,0.96153307,0.94588864,0.9623471,0.96273744,0.94972503,0.9529125,0.95742893,0.94868004,0.9563466,0.95810485,0.9498011,0.95251167,0.952961,0.94014,0.9531527,0.9563569,0.9600605,0.94262815,0.95314497,0.9611749,0.9568836,0.9484189,0.9517367,0.9523671,0.9770652,0.95176446,0.9500787,0.9512738,0.94013023,0.95551056,0.9591518,0.9297413,0.95264846,0.95546716,0.9520687,0.95680606,0.95417196,0.9266555,0.9461753,0.95032537,0.9584649,0.9561846,0.96383554,0.95259243,0.9770652,0.9386101,0.95910347,0.9594765,0.95530885
ahiddenlifefilm,0.9775642,0.9682913,0.980998,0.9743155,0.9810437,0.9727145,0.9811242,0.9770652,1.0000006,0.96907485,0.9741179,0.96331763,0.9789664,0.9699324,0.9813146,0.9762738,0.9778414,0.97486746,0.967294,0.9712508,0.96463567,0.97605455,0.9816586,0.9772097,0.9699426,0.91025704,0.9711203,0.96876127,0.9763455,0.9717937,0.9668216,0.969673,0.96556115,0.95983505,0.9615096,0.94721884,0.97861373,0.9766711,0.9784711,0.9670193,0.9660837,0.9714239,0.9642003,0.96874017,0.9775158,0.97153693,0.97998804,0.96848476,0.9734599,0.97213036,0.9798423,0.98238415,0.9711138,0.9739304,0.9679135,0.9721453,0.9699871,0.97552353,0.9793696,0.98028433,0.9597697,0.97672427,0.9787893,0.97345924,0.97729504,0.97238266,0.9599683,0.9721559,0.9608358,0.9649255,0.98367375,0.8259649,0.9617775,0.9736635,0.9687193,0.95820814,0.9410545,0.97669,0.97349375,0.9706461,0.9697585,0.97356105,0.97375613,0.9653632,0.97362745,0.9669246,0.9728228,0.9768659,0.97190166,0.97968036,0.97479266,0.98367375,0.97355556,0.9741984,0.97765803,0.973499,0.97013277,0.9742133,0.9745563,0.9703849,0.96947503,0.9717967,0.96328837,0.9808751,0.96893305,0.979083,0.97349703,0.97211087,0.96562946,0.9690973,0.979389,0.8992783,0.97657406,0.9408008,0.9726292,0.9671586,0.98348695,0.96998763,0.98184603,0.97513,0.9721897,0.9736585,0.97715867,0.9704802,0.97034454,0.9757147,0.9721926,0.96878403,0.9710825,0.9543731,0.97726977,0.9709809,0.975196,0.9551563,0.9777426,0.976302,0.9755352,0.97124,0.9788838,0.97253406,1.0000006,0.9757096,0.97462183,0.97222954,0.9588979,0.9739243,0.976895,0.96414447,0.97704136,0.9734748,0.97613704,0.9757143,0.9746287,0.9427499,0.97533375,0.9752848,0.97560275,0.9806823,0.97227716,0.9682198,1.0000006,0.9705829,0.9783734,0.9796885,0.97870904
alitamovie,0.95177627,0.94787645,0.9491899,0.9420638,0.9642848,0.95140356,0.95156586,0.9415075,0.96907485,0.9999999,0.9505844,0.9395807,0.94897795,0.93476605,0.9547232,0.9594756,0.9440515,0.95674884,0.9457987,0.95177096,0.9333108,0.9408244,0.9576323,0.9518642,0.9395759,0.88474077,0.944236,0.9392053,0.9452224,0.9397057,0.9445682,0.9327595,0.9429621,0.92843,0.9260601,0.91930157,0.95331347,0.9475034,0.9451611,0.9382705,0.93763536,0.94337094,0.93382275,0.9347776,0.9526654,0.94301754,0.95600027,0.9449979,0.9473796,0.94092655,0.9464809,0.9543729,0.9483782,0.9389981,0.9362618,0.9464775,0.9412099,0.94436127,0.94248605,0.95286864,0.9323025,0.94348717,0.9519404,0.9329609,0.9531585,0.94756794,0.93036485,0.94667107,0.9326755,0.9348016,0.95595837,0.81265163,0.9288172,0.95122385,0.9395286,0.92718637,0.91333365,0.9500915,0.9438058,0.9385757,0.9436312,0.9397338,0.9456845,0.9332127,0.94073576,0.9330383,0.94871235,0.94477665,0.94020826,0.94454324,0.9469963,0.95595837,0.94364506,0.94568086,0.94571996,0.9410844,0.9436022,0.94757736,0.94296587,0.9429906,0.9411175,0.9422836,0.9249022,0.95374274,0.9535118,0.9444405,0.9435899,0.93642175,0.93632454,0.9331087,0.94672567,0.87477624,0.9523303,0.91747165,0.94166005,0.94242245,0.9576596,0.93108356,0.9602005,0.9451896,0.93842024,0.9387445,0.95184684,0.94186234,0.9516894,0.95057,0.9471872,0.93991923,0.9488134,0.9355592,0.9389027,0.9497098,0.94489527,0.9261135,0.9523376,0.94328576,0.93680257,0.9416806,0.9549641,0.94486254,0.96907485,0.9401427,0.9476428,0.94278187,0.9253968,0.9470482,0.9489402,0.9351742,0.94427484,0.9395611,0.9446669,0.95034254,0.9395925,0.9328596,0.9478659,0.9444343,0.9459114,0.95466703,0.94382566,0.9327891,0.96907485,0.9496498,0.95681226,0.9484651,0.9430459
angelhasfallen,0.95487744,0.9449783,0.9594423,0.9502017,0.9619333,0.9481949,0.95979935,0.9596653,0.9741179,0.9505844,0.9999998,0.9475118,0.9574541,0.94409055,0.9559643,0.9546108,0.9604928,0.9561412,0.94843847,0.94347227,0.94366264,0.95256907,0.95253414,0.9597676,0.9519375,0.89417833,0.94312066,0.94977474,0.96583056,0.9469254,0.94625366,0.9490787,0.94343174,0.94871444,0.9345702,0.92354923,0.9551634,0.96096206,0.95901597,0.93659496,0.9318676,0.9487927,0.9422426,0.9384441,0.952262,0.9412169,0.9496867,0.94336015,0.9476134,0.94341224,0.96650195,0.95476305,0.94830495,0.949374,0.94867635,0.94440544,0.94393045,0.9562073,0.96148705,0.9618179,0.93336785,0.95282865,0.95656896,0.9439465,0.9464804,0.96397936,0.93612224,0.94108474,0.95481426,0.95150715,0.962079,0.817138,0.9308795,0.94820476,0.9468994,0.93994987,0.91582054,0.9595203,0.95105165,0.9484993,0.96002597,0.95257145,0.94985884,0.9402603,0.9581085,0.9397053,0.96645814,0.9501144,0.95126057,0.960729,0.9551387,0.962079,0.95043904,0.9487737,0.96163154,0.9563203,0.9610131,0.9544086,0.95510584,0.94390297,0.947163,0.9523988,0.95048827,0.96065295,0.95133376,0.9653776,0.9439856,0.94429946,0.9423239,0.94370556,0.95604557,0.88851947,0.95855033,0.9264916,0.9518894,0.95607775,0.957811,0.9426452,0.9582827,0.9564931,0.9468802,0.9544214,0.95282215,0.9409442,0.9415903,0.95904386,0.9571616,0.94820184,0.9507913,0.9388622,0.95058405,0.9544213,0.9543771,0.9345732,0.9547346,0.95586574,0.9431109,0.9446268,0.9563119,0.9398745,0.9741179,0.95636076,0.950457,0.94734615,0.93717074,0.94784665,0.95399636,0.945253,0.94631046,0.9490516,0.95467025,0.95025545,0.9438011,0.9256271,0.9483209,0.95402044,0.94792444,0.95960265,0.95296705,0.9467357,0.9741179,0.94406545,0.9556819,0.9565633,0.9571353
angrybirdsmovie,0.9418173,0.9355516,0.95847416,0.9338444,0.940584,0.9361885,0.94693893,0.94742614,0.96331763,0.9395807,0.9475118,0.9999998,0.95271903,0.9307299,0.94114584,0.9433534,0.93942136,0.9331392,0.9293871,0.94119453,0.9148033,0.9495831,0.94997805,0.941171,0.9432432,0.89350146,0.930124,0.93140125,0.95415056,0.94204956,0.935813,0.9393482,0.9316444,0.9561327,0.9193698,0.9097797,0.9555341,0.94615865,0.94022095,0.9279712,0.9380351,0.9456491,0.93660647,0.9410639,0.94668686,0.94243914,0.9478858,0.93558884,0.93968034,0.94218606,0.9598711,0.9471529,0.93823826,0.9389092,0.9369402,0.9342377,0.92914224,0.9456541,0.94161856,0.9586852,0.9382859,0.9387461,0.9404262,0.9361094,0.951702,0.9381546,0.92685467,0.934816,0.93155646,0.93460035,0.95737934,0.8268041,0.9178902,0.9411513,0.93563825,0.9327252,0.89555496,0.9448727,0.9466308,0.9455732,0.93504506,0.93940026,0.94449306,0.9227132,0.95652336,0.9248612,0.9395461,0.9443047,0.93408304,0.9401042,0.9467528,0.95737934,0.9474187,0.9315526,0.96291554,0.9325291,0.9404278,0.9377542,0.94248426,0.94162995,0.94533235,0.9394819,0.93382144,0.95300925,0.93388516,0.95787233,0.9343395,0.9389031,0.9369203,0.94318354,0.94942117,0.8748707,0.9479101,0.9146591,0.9312168,0.9354949,0.9522655,0.932503,0.94414884,0.9358656,0.9417284,0.93704844,0.9412148,0.9401499,0.93969977,0.9406142,0.9508089,0.9489536,0.94256335,0.9408272,0.9322615,0.9323047,0.9280481,0.9177449,0.9457562,0.93826705,0.9409856,0.93717986,0.95906216,0.9352686,0.96331763,0.9462523,0.9470158,0.9455768,0.94235706,0.9426494,0.9422267,0.920784,0.9368094,0.94125557,0.94434685,0.9430043,0.93146616,0.90680957,0.9440516,0.94054586,0.94584787,0.95943415,0.93164504,0.92556405,0.96331763,0.9327661,0.93620485,0.94292563,0.94975924
annabellemovie,0.96181375,0.9510925,0.96261185,0.95331067,0.96081495,0.9518518,0.95805335,0.95274806,0.9789664,0.94897795,0.9574541,0.95271903,1.0000005,0.95104724,0.9634301,0.95511633,0.95954216,0.9559947,0.94264,0.95068604,0.95344293,0.949066,0.9644914,0.962034,0.9495344,0.88809735,0.95246273,0.9459025,0.9548511,0.95943594,0.9471328,0.9602272,0.9413833,0.9416999,0.9472385,0.9191349,0.9603131,0.97886825,0.9604959,0.9435888,0.9525077,0.9560539,0.94870424,0.95833856,0.9601568,0.9478299,0.96210927,0.93944716,0.9509808,0.9590485,0.9592479,0.96193886,0.9503303,0.95617,0.9487805,0.9512395,0.9494097,0.9650857,0.9604454,0.9677111,0.9593471,0.9537324,0.9630577,0.9598417,0.95334715,0.95508444,0.9436486,0.94880587,0.9405972,0.945333,0.9707773,0.8036566,0.94375366,0.95231646,0.95286113,0.94044125,0.92059857,0.9551503,0.95814824,0.94493145,0.9469239,0.95816565,0.96766126,0.94037426,0.9684724,0.9449114,0.9607474,0.9801284,0.95477784,0.96043956,0.9613969,0.9707773,0.95260847,0.9578202,0.96246636,0.95581007,0.94958985,0.95781815,0.95538694,0.95274943,0.9474107,0.95091796,0.94175017,0.9679489,0.9470421,0.95804745,0.95367,0.962808,0.94232255,0.9499576,0.96009016,0.8755278,0.95663637,0.9252755,0.9600079,0.9501095,0.9698641,0.9586773,0.95975244,0.9517635,0.97044045,0.9548728,0.95894873,0.9489725,0.952004,0.9562963,0.9687355,0.94185084,0.9488923,0.93599206,0.9577811,0.94977677,0.9553081,0.9286989,0.9635125,0.9585394,0.9571495,0.95281774,0.9693409,0.9484367,0.9789664,0.9548083,0.95436496,0.9569276,0.94506294,0.9511316,0.9561317,0.9565018,0.9673398,0.9568259,0.959064,0.96103203,0.9476892,0.9284706,0.9542951,0.95893073,0.955106,0.965018,0.946905,0.9469904,0.9789664,0.9526899,0.956323,0.9599602,0.954689
annamovie,0.95180637,0.94285667,0.9525308,0.9453559,0.95231056,0.9463959,0.9449975,0.9403817,0.9699324,0.93476605,0.94409055,0.9307299,0.95104724,0.99999976,0.950333,0.9462552,0.94566154,0.9417422,0.9412461,0.9362176,0.9345224,0.9452588,0.95068467,0.94732606,0.95050114,0.8873008,0.94734645,0.93800557,0.9489332,0.9429712,0.94024134,0.9404162,0.94127417,0.93417823,0.9301219,0.9066703,0.94329816,0.9432526,0.95554173,0.93800104,0.9424468,0.9397947,0.9315261,0.9411946,0.95639986,0.94755673,0.946788,0.9398811,0.9437784,0.94164103,0.95220506,0.9562475,0.93718207,0.9363866,0.9291988,0.9456895,0.952852,0.9526078,0.9528004,0.9535089,0.9349162,0.9454845,0.944559,0.96831363,0.9489759,0.9496591,0.93618983,0.9469589,0.93437517,0.92597234,0.9578405,0.80788064,0.9288878,0.94531614,0.9410673,0.9286652,0.9161293,0.95319533,0.9470614,0.9425178,0.93872905,0.939411,0.9542853,0.9428132,0.944816,0.9372021,0.9489662,0.94865596,0.94480246,0.9512624,0.9483025,0.9578405,0.95073843,0.9551103,0.9424803,0.94380224,0.9405584,0.93923444,0.9405691,0.9641927,0.9442084,0.94004637,0.94114363,0.94949436,0.9614277,0.9494195,0.94563967,0.94965905,0.936365,0.94886744,0.95143086,0.8750808,0.949483,0.907386,0.9466077,0.9418457,0.95504224,0.9431101,0.9547441,0.93711305,0.95067227,0.9444091,0.94032663,0.94159716,0.9340103,0.9577031,0.9415667,0.9428971,0.94374985,0.91976476,0.95032597,0.9425518,0.9491842,0.93791205,0.9550603,0.9490593,0.94798297,0.9521501,0.9579936,0.95077693,0.9699324,0.9476016,0.9497831,0.94893163,0.940979,0.94887406,0.9408312,0.93451077,0.952383,0.944808,0.9479548,0.9472992,0.9509995,0.9284466,0.9488602,0.95971483,0.9431541,0.9535213,0.9462762,0.94332653,0.9699324,0.94634956,0.9534326,0.9517849,0.9553225
apollo11movie,0.9575826,0.94971853,0.95957786,0.96067226,0.9615732,0.9499339,0.9614118,0.96109986,0.9813146,0.9547232,0.9559643,0.94114584,0.9634301,0.950333,0.99999994,0.95820624,0.9516829,0.9565799,0.9493671,0.9737748,0.9512946,0.95139194,0.9627574,0.9587226,0.94682634,0.9011911,0.9543719,0.9504525,0.9489717,0.9565289,0.95124555,0.9515043,0.94513744,0.9391987,0.9367031,0.92173207,0.9663246,0.9598106,0.95934075,0.9557893,0.950016,0.9524328,0.9495678,0.95266,0.96473217,0.95572895,0.9592825,0.94946975,0.95170176,0.95462126,0.95506364,0.96371263,0.9525057,0.9556282,0.9662102,0.95407647,0.94723684,0.95645106,0.96306217,0.9563782,0.94726187,0.96096754,0.9642884,0.95760846,0.9653742,0.9482692,0.9435976,0.95563906,0.9491135,0.9435088,0.9640339,0.8073138,0.946944,0.95450014,0.9544827,0.93964493,0.9232234,0.9555996,0.9554315,0.9503632,0.95127064,0.9596973,0.9610171,0.93833965,0.95722944,0.95157427,0.95324486,0.9568621,0.95657253,0.9629529,0.96163476,0.9640339,0.9560401,0.9546583,0.95615214,0.9745545,0.95413667,0.96298736,0.9570446,0.9528443,0.95989555,0.95069444,0.93856204,0.9622848,0.94616926,0.95406973,0.9522637,0.9559834,0.9415492,0.95148367,0.9617015,0.8838827,0.96089286,0.9194172,0.9584949,0.9496469,0.9672411,0.95433015,0.9664539,0.95930606,0.9597115,0.95011884,0.96686107,0.9547721,0.95999914,0.95798826,0.95296067,0.93902636,0.9450894,0.9364016,0.9606006,0.95384747,0.9581207,0.93344635,0.9581359,0.96349746,0.9576449,0.94838214,0.96035266,0.95414025,0.9813146,0.94896686,0.9578988,0.95681876,0.9402381,0.9582347,0.95723236,0.93749046,0.9551133,0.956307,0.95938855,0.9607253,0.9644372,0.9280151,0.9582714,0.9580081,0.95483303,0.96538925,0.9488185,0.9538845,0.9813146,0.95226777,0.95939595,0.9611776,0.9504996
arcticdogsmovie,0.9603293,0.96355206,0.95768094,0.9508842,0.963879,0.9551152,0.95846176,0.95528775,0.9762738,0.9594756,0.9546108,0.9433534,0.95511633,0.9462552,0.95820624,0.99999994,0.95604426,0.9616982,0.9514236,0.9492859,0.9426809,0.9536451,0.9629594,0.9566074,0.9474681,0.8917231,0.95164365,0.944382,0.95642656,0.95166045,0.9445553,0.94799185,0.9457216,0.9366961,0.9354763,0.92402303,0.95874256,0.9522913,0.9564613,0.94673866,0.942995,0.94950885,0.9355976,0.94858706,0.9608725,0.9591934,0.9611876,0.9446707,0.9483885,0.9515427,0.9581169,0.96224886,0.94986415,0.9550557,0.93762827,0.9522259,0.9503118,0.9512786,0.960211,0.9632561,0.94753504,0.95970863,0.9580954,0.953044,0.9584442,0.9500652,0.9397356,0.95409256,0.9446806,0.941848,0.9652665,0.7972491,0.9348725,0.9464207,0.94451797,0.93259287,0.9068697,0.9547756,0.95362484,0.95366454,0.9473556,0.9494177,0.95299155,0.94586456,0.9556168,0.95172596,0.95269376,0.953026,0.95460147,0.9520402,0.95035505,0.9652665,0.94321877,0.9565418,0.96208364,0.9526522,0.95797867,0.94865817,0.95747596,0.9499098,0.95515996,0.95517635,0.9460862,0.9624121,0.9513644,0.9597055,0.9461984,0.9549118,0.96348083,0.94543236,0.95968056,0.886739,0.96023315,0.9123391,0.94488925,0.94881517,0.96302366,0.9436295,0.9611489,0.9518952,0.9486346,0.95369965,0.951073,0.94034165,0.95247906,0.9588245,0.9533544,0.9486521,0.95323485,0.9309317,0.95150477,0.9571091,0.9501996,0.9444478,0.954084,0.95812076,0.9522614,0.95105237,0.96125174,0.95388544,0.9762738,0.9497524,0.95684594,0.94829,0.9373083,0.9545417,0.9492071,0.93717027,0.9556412,0.96132517,0.9541962,0.95417637,0.9647291,0.9297559,0.96349204,0.95617825,0.9542948,0.96223,0.9548543,0.94249725,0.9762738,0.9531229,0.963259,0.95346355,0.9584448
arcticmovie,0.9611578,0.9461219,0.96461725,0.95395553,0.9655918,0.9538609,0.96031344,0.9637997,0.9778414,0.9440515,0.9604928,0.93942136,0.95954216,0.94566154,0.9516829,0.95604426,1.0,0.9604308,0.95043576,0.941939,0.95427144,0.96606946,0.9575401,0.953734,0.95150715,0.88587695,0.94552606,0.9721283,0.9602228,0.9549406,0.9443605,0.95195776,0.94491714,0.93250555,0.94646955,0.9239248,0.9511981,0.95600694,0.96600765,0.94959503,0.9393717,0.9558868,0.9406724,0.9517498,0.9560361,0.94928145,0.95407665,0.95045,0.94917417,0.95493525,0.9600473,0.9624914,0.9588618,0.95640403,0.9450525,0.9492783,0.9446,0.9622582,0.959159,0.9626167,0.9357576,0.9525955,0.9553454,0.95174897,0.95043266,0.959025,0.9463433,0.95539296,0.9449421,0.9460269,0.9627444,0.81637174,0.9370574,0.9563274,0.9469394,0.94507784,0.91664654,0.962717,0.95519674,0.94299036,0.9539433,0.9523684,0.9477547,0.95533764,0.9531279,0.9440091,0.9527078,0.9613697,0.9565244,0.96296716,0.94610995,0.9627444,0.9585505,0.9574905,0.95808816,0.9529331,0.94740134,0.95246583,0.95406854,0.946624,0.936508,0.9513509,0.9433023,0.9604157,0.9548976,0.95918614,0.9610595,0.9506319,0.946135,0.94709295,0.9613336,0.87535363,0.960004,0.9175926,0.958181,0.94596535,0.9604675,0.9528133,0.96266454,0.95902747,0.9448064,0.9620153,0.9541127,0.9513269,0.95222104,0.957738,0.9494851,0.9537302,0.9576699,0.9388766,0.9637329,0.9491925,0.9735743,0.9514735,0.96364576,0.96132255,0.9507586,0.9561174,0.9565106,0.9527465,0.9778414,0.9590376,0.9453748,0.9511612,0.94253683,0.95290303,0.9537299,0.9452724,0.9589731,0.9551559,0.95435184,0.96096176,0.9450094,0.9308325,0.9443959,0.9532027,0.9583891,0.9599419,0.96178436,0.9530476,0.9778414,0.94289684,0.95871913,0.9591894,0.95963156
artofracingmovie,0.9526134,0.9529558,0.95035845,0.9498307,0.9738385,0.9559662,0.9607746,0.95096314,0.97486746,0.95674884,0.9561412,0.9331392,0.9559947,0.9417422,0.9565799,0.9616982,0.9604308,1.0000001,0.9445223,0.9449067,0.93970966,0.95087034,0.9599764,0.95656943,0.94091094,0.88078934,0.9580392,0.94633335,0.9530024,0.94090223,0.9437284,0.9406353,0.9476816,0.92761844,0.935005,0.92084223,0.95619076,0.9572066,0.9561409,0.93627983,0.9426592,0.94946814,0.94524497,0.9441147,0.9585054,0.9524438,0.9559096,0.9480489,0.9511733,0.94631875,0.9546909,0.956024,0.94032675,0.9487454,0.93459094,0.964718,0.9431195,0.95281523,0.9515486,0.94939375,0.9340507,0.95300514,0.96162325,0.9528942,0.954016,0.9562842,0.9460499,0.95495516,0.9364826,0.9390246,0.95494455,0.8045571,0.9393489,0.94872487,0.9464824,0.92770684,0.91324216,0.9524009,0.94788,0.94225055,0.9538778,0.94848454,0.951958,0.9458082,0.9469629,0.9483071,0.9494424,0.9555337,0.95441514,0.9555288,0.94694406,0.95494455,0.95722663,0.9540177,0.95234805,0.95212185,0.9459601,0.9531365,0.9544245,0.9465753,0.9441431,0.94745636,0.93493927,0.95227796,0.9375507,0.9562273,0.95225513,0.9481525,0.9416532,0.9367259,0.96151745,0.8733845,0.95109904,0.91100574,0.95371205,0.93796307,0.9603379,0.94263226,0.96694374,0.95499545,0.9436924,0.95995426,0.9465927,0.9463827,0.9471641,0.95594513,0.94587874,0.94442594,0.9611418,0.928174,0.95489246,0.9615739,0.95714545,0.9397694,0.9506847,0.94882226,0.9464738,0.94231075,0.950582,0.95986295,0.97486746,0.9525298,0.9486276,0.9486993,0.9308944,0.9508215,0.95181143,0.9413333,0.9537911,0.9422428,0.9566667,0.9538495,0.95512944,0.9280182,0.9544803,0.94141495,0.95388126,0.9535823,0.9535553,0.94468194,0.97486746,0.9559551,0.96362704,0.95899093,0.952124
avengers,0.9722059,0.94706994,0.94625175,0.9417322,0.9511816,0.94725823,0.94895357,0.9506986,0.967294,0.9457987,0.94843847,0.9293871,0.94264,0.9412461,0.9493671,0.9514236,0.95043576,0.9445223,0.99999976,0.94349754,0.93470865,0.9465393,0.94515747,0.9387681,0.93947387,0.8806116,0.9325649,0.93897116,0.94206643,0.940133,0.9662137,0.923825,0.93599635,0.92253065,0.92936367,0.9101095,0.9427378,0.9499531,0.94494665,0.9339912,0.9352691,0.9384838,0.93575686,0.93827724,0.9555811,0.9369197,0.9402273,0.9392406,0.9444438,0.94061726,0.9500686,0.95108014,0.9423072,0.9440794,0.9391152,0.93979686,0.93662214,0.9388821,0.95085806,0.9461168,0.9129654,0.9400802,0.9473157,0.9418485,0.9443375,0.94277567,0.9273366,0.9423465,0.93069154,0.92972213,0.950933,0.80749035,0.9228791,0.93878263,0.93183523,0.9301733,0.92174166,0.95069915,0.93812823,0.93742025,0.93493044,0.93383944,0.94209313,0.92936116,0.94707656,0.93860334,0.9419969,0.93771315,0.93865955,0.9487985,0.94742066,0.950933,0.9395811,0.94809586,0.94277114,0.94075125,0.9429885,0.94680274,0.95062286,0.93659174,0.9361046,0.9484651,0.92670083,0.9470908,0.94692147,0.94854885,0.93908614,0.94002783,0.9374782,0.9346076,0.9501632,0.87096494,0.95634097,0.909105,0.9372816,0.9430161,0.96196115,0.9382932,0.94655955,0.93914896,0.9464096,0.9441025,0.93762755,0.9382674,0.94282985,0.9387027,0.9364465,0.95407337,0.9412705,0.94342583,0.9474344,0.9373908,0.94415706,0.9237246,0.9462221,0.94845736,0.9479988,0.9404851,0.94473547,0.9411009,0.967294,0.93664104,0.94438696,0.93727285,0.9225602,0.9448335,0.9475102,0.9309843,0.9476687,0.94456273,0.93544185,0.94406056,0.94134176,0.9373379,0.9436985,0.9416062,0.9423903,0.94517416,0.95690966,0.94173634,0.967294,0.93818116,0.9562626,0.9469065,0.9450767
beachbummovie,0.9458188,0.94293374,0.9488569,0.9439376,0.955145,0.94996303,0.9451932,0.9543715,0.9712508,0.95177096,0.94347227,0.94119453,0.95068604,0.9362176,0.9737748,0.9492859,0.941939,0.9449067,0.94349754,1.0,0.9476547,0.94624597,0.9545825,0.9598084,0.93650335,0.8855357,0.9398186,0.94191813,0.9386842,0.94182783,0.94276327,0.9442466,0.9342884,0.93446934,0.92469084,0.9306246,0.9558151,0.943581,0.94184107,0.9481975,0.9413168,0.95216966,0.94029504,0.9485855,0.9526229,0.954859,0.953427,0.94472164,0.9446554,0.95698977,0.94383276,0.95839983,0.9404739,0.94790417,0.94827175,0.9468348,0.94101834,0.94301754,0.95557386,0.94670826,0.9320088,0.9534885,0.94900715,0.94358915,0.9571358,0.9328981,0.93206525,0.94971013,0.95006555,0.94220793,0.95337546,0.79606926,0.9348961,0.9436278,0.9440815,0.93378437,0.91482717,0.94678354,0.94702864,0.94063354,0.9471462,0.9446283,0.95122296,0.9303121,0.9468145,0.94170344,0.94654644,0.95000005,0.9400565,0.9595076,0.9535086,0.95337546,0.9492999,0.9447838,0.9489416,0.95400655,0.9480647,0.96300197,0.9408199,0.9473114,0.94647044,0.9515111,0.9265718,0.9554984,0.94135654,0.9428592,0.9386603,0.94831204,0.9362536,0.9461236,0.94860953,0.8693709,0.94479907,0.93114793,0.9459599,0.9501639,0.9565638,0.941366,0.95486444,0.94376725,0.9514906,0.9359398,0.95161533,0.9431714,0.9543714,0.94224733,0.94661087,0.9293184,0.9439313,0.93488187,0.94598013,0.9478729,0.9503661,0.9232177,0.9459751,0.947704,0.9471487,0.94524056,0.95197463,0.9594341,0.9712508,0.93733704,0.94632655,0.959364,0.9302152,0.95300055,0.9593519,0.9239861,0.9514026,0.94119054,0.9397942,0.9586995,0.9531307,0.91499764,0.940979,0.94743943,0.9500198,0.95336264,0.9417612,0.94346744,0.9712508,0.9422531,0.9530001,0.95102596,0.94013137
bernadettefilm,0.9424396,0.9379295,0.9405043,0.9396402,0.94780463,0.94195276,0.9432219,0.94178045,0.96463567,0.9333108,0.94366264,0.9148033,0.95344293,0.9345224,0.9512946,0.9426809,0.95427144,0.93970966,0.93470865,0.9476547,1.0000001,0.9426183,0.94364,0.9491591,0.92498076,0.86583775,0.93380356,0.944258,0.9406191,0.9373913,0.9341783,0.94743574,0.9281032,0.92282194,0.9361791,0.925196,0.93673074,0.9405469,0.9458918,0.93651897,0.923793,0.94554865,0.9287436,0.945695,0.9423933,0.9394094,0.9435847,0.93830013,0.92975694,0.9485538,0.9359284,0.95125395,0.9388164,0.9440194,0.93838215,0.9387392,0.9371638,0.94976807,0.9545852,0.9482406,0.92460924,0.9415785,0.9405219,0.9416619,0.9334329,0.9332293,0.92339873,0.94368607,0.941536,0.9325868,0.9520639,0.7937477,0.9376578,0.9347263,0.9317968,0.9331141,0.911955,0.9508945,0.94662344,0.92891884,0.9466965,0.9406855,0.9364056,0.92854285,0.94478166,0.9384318,0.9434242,0.9547537,0.94164556,0.9516239,0.93862855,0.9520639,0.9387545,0.940784,0.9315638,0.94408107,0.9420947,0.94923073,0.93535984,0.927131,0.92560416,0.93913066,0.9363285,0.9504942,0.93648225,0.9354568,0.9527613,0.9435728,0.9303925,0.92848116,0.93753886,0.8535083,0.94622993,0.9201682,0.96684563,0.94475925,0.9483655,0.93218285,0.9501885,0.94412243,0.93656284,0.94478667,0.9524516,0.94405186,0.94656885,0.9388984,0.9462571,0.91861105,0.9387394,0.91238564,0.9709901,0.94388413,0.94873744,0.9229757,0.9524536,0.95288575,0.9366793,0.93451023,0.9497831,0.9336374,0.96463567,0.9420605,0.9416869,0.948353,0.9288456,0.94003725,0.9445987,0.9378996,0.9474015,0.9392261,0.93838817,0.9501007,0.94015753,0.9114981,0.92715573,0.9435433,0.9416672,0.9435938,0.93959665,0.9507615,0.96463567,0.93482804,0.94630975,0.93842065,0.9361909
