movie,21bridgesmovie,47metersdown,abeautifuldaymovie,abominablemovie,adastramovie,adogsjourneymovie,aftermathmovie,aftermovie,ahiddenlifefilm,alitamovie,angelhasfallen,angrybirdsmovie,annabellemovie,annamovie,apollo11movie,arcticdogsmovie,arcticmovie,artofracingmovie,avengers,beachbummovie,bernadettefilm,blackandbluemovie,blackchristmas,blindedbythelightmovie,bombshellmovie,booksmart,breakthroughmovie,brianbanksmovie,brightburnmovie,brittanyrunsmov,captainmarvelofficial,captivestatemovie,catsmovie,charliesangels,childsplaymovie,clarathefilm,coldpursuitmovie,countdown,currentwarmovie,darkwatersmovie,detectivepikachumovie,disneyaladdin,disneyfrozen,disneymaleficent,doctorsleepmovie,dolemiteismyname,dontletgomovie,doramovie,downtonabbey_official,dumbo,escaperoom,everybodyknowsmovie,fastandfuriousmovie,fightingwmyfam,fivefeetapartfilm,fordvferrari,freaksthefilm,geminimanmovie,glassmovie,gloriabellmovie,godzillamovie,goldfinchmovie,goodboysmovie,goodliarmovie,gretafilm,halathemovie,happydeathdaymovie,harrietfilm,hellboymovie,hersmellmovie,highlifemovie,highstrungmovie,honeyboymovie,hotelmumbaifilm,httydragon,hustlemovie,hustlersmovie,isntitromantic,itmovieofficial,jayandsilentbob,johnwickmovie,jojorabbitmovie,jokermovie,judythefilm,jumanjimovie,justmercyfilm,knivesout,lalloronamovie,lastblackmansf,lastchristmasthemovie,latenightmovie,lighthousemovie,lionking,littlethemovie,littlewomenmovie,littlewoodsfilm,longshotmovie,lordsofchaosmovie,lucyintheskyfilm,mamovie2019,marriagestory,meettheaddams,meninblack,midsommarmovie,midwaymovie,missbalamovie,missinglinkfilm,motherlessbklyn,onceinhollywood,onthebasisofsex,overcomermovie,peanutbutterfalcon,petsematarymovie,piercingmovie,playingwithfire,playmobilthemovie,pomsmovie,queenandslim,rambomovie,readyornotfilm,richardjewellfilm,rocketmanmovie,scarystoriesmovie,secretlifeofpets,serenityfilm,shaftmovie,shazammovie,spidermanmovie,spiesindisguise,starwars,stormboymovie,stubermovie,taosdfilm,teenspiritmov,terminator,theaeronautsmov,thebestofenemies,thedeaddontdie,thefarewell,thehighwaymen,thehummingbirdprojectfilm,theintrudermovie,theirishmanfilm,thekitchenmovie,thelegomovie,themustangfilm,thenightingalefilm,theprodigymovie,thesunisalsoastar,theupsidefilm,tolkienmovie,toystory,triplefrontier,uglydolls,uncutgems,underthesilverlake,usmovie,wavesmovie,whatmenwant,wonderparkmovie,wrinklestheclown,xmenmovies,yardiefilm,yesterdaymovie,zombieland
21bridgesmovie,1.0,0.9875139,0.9881516,0.97278017,0.99064946,0.9763246,0.9909285,0.9837453,0.9910894,0.97812545,0.9806262,0.9703663,0.9873597,0.9772775,0.97417015,0.9897717,0.9905473,0.9823927,0.98996276,0.969005,0.9847134,0.97942275,0.9848961,0.9826585,0.977469,0.6398763,0.97342175,0.9886066,0.98238575,0.9704377,0.97648585,0.9854655,0.9782379,0.98293614,0.95426005,0.94032246,0.9819714,0.9935723,0.98398393,0.9753776,0.9812321,0.98712337,0.9680295,0.98408204,0.9839984,0.9841757,0.97861034,0.97164875,0.97644556,0.986422,0.9834238,0.98879725,0.97827184,0.965634,0.9644029,0.9885242,0.9855167,0.9852241,0.97837174,0.98951524,0.9885451,0.9837778,0.980297,0.978353,0.98719794,0.97976846,0.9615386,0.9769028,0.9796522,0.9784793,0.99010295,0.4348102,0.9660433,0.9885891,0.9694235,0.9712741,0.9511206,0.9895112,0.9890049,0.9817088,0.9782434,0.98091066,0.9837512,0.9817428,0.9750254,0.9840452,0.9852227,0.9890998,0.99215543,0.98271704,0.98092526,0.99010295,0.97787136,0.9902866,0.98444474,0.9783022,0.9837771,0.97693354,0.98292875,0.9823595,0.978903,0.98756355,0.9704425,0.9895536,0.98293066,0.98074543,0.990365,0.98237646,0.9728795,0.98591113,0.9865154,0.83529997,0.98397404,0.9349048,0.98016316,0.9923978,0.9954359,0.9780553,0.98463076,0.9892285,0.99030674,0.9806738,0.97497964,0.9771274,0.97693,0.98273486,0.97852844,0.9784537,0.9799044,0.94196206,0.98802173,0.96589166,0.9870266,0.97369534,0.9744829,0.9655999,0.98836756,0.98342144,0.98264486,0.9797971,0.9910894,0.9703268,0.97017133,0.9789311,0.98584867,0.9882414,0.987693,0.9663941,0.98587596,0.98506725,0.9879331,0.9825113,0.9889242,0.9613195,0.97772175,0.98607606,0.99245065,0.98915577,0.98151135,0.982408,0.9910894,0.98027486,0.98371416,0.99199194,0.9797461
47metersdown,0.9875139,1.0,0.967077,0.9582073,0.9899116,0.97211367,0.9814357,0.9875134,0.9902641,0.9816075,0.9815736,0.9851213,0.987301,0.9854596,0.97096175,0.9900196,0.9844672,0.98697805,0.9830318,0.9753206,0.98404896,0.97359824,0.9875606,0.9863205,0.98363775,0.6460281,0.9810758,0.9826124,0.9753116,0.9718225,0.98132324,0.98884493,0.98102546,0.9806718,0.95674366,0.9384851,0.9842924,0.9897358,0.9904195,0.98528403,0.9794201,0.98173577,0.97083503,0.9727404,0.98087126,0.9871143,0.9861602,0.97009903,0.98242563,0.97687626,0.97971016,0.98980105,0.9858748,0.9739228,0.96784085,0.97822255,0.977522,0.9797108,0.97639054,0.9900058,0.9767237,0.97300255,0.98428196,0.98449326,0.98774624,0.9787041,0.9633932,0.9828927,0.976918,0.9787726,0.9904331,0.44989756,0.957176,0.98231435,0.97864723,0.98312974,0.97056097,0.99224734,0.98568547,0.9895005,0.97858584,0.9859498,0.9863699,0.9794658,0.9851916,0.96516514,0.98287696,0.9868529,0.99010825,0.9736697,0.9839378,0.9904331,0.97317487,0.9817561,0.97950584,0.98021007,0.97711295,0.982668,0.9828836,0.98466873,0.9848028,0.98212314,0.9775466,0.9861759,0.9879296,0.97820246,0.98859996,0.9873135,0.9642738,0.98720086,0.98754287,0.8577956,0.9762423,0.9422619,0.9829486,0.9880027,0.9911931,0.9818975,0.9847,0.9765134,0.97983503,0.96694946,0.96527314,0.9808147,0.9844106,0.98220944,0.9763003,0.9804383,0.98378384,0.9532882,0.98642206,0.98480195,0.97756374,0.960473,0.97701216,0.9647258,0.98003334,0.97955734,0.98879254,0.9835488,0.9902641,0.96718204,0.98173577,0.9835568,0.9823852,0.98488986,0.9830616,0.9702672,0.9878612,0.98063207,0.98941064,0.97135574,0.99068797,0.9603402,0.98514986,0.9878706,0.98782957,0.9926702,0.97512776,0.98027664,0.9902641,0.986053,0.98822236,0.9862114,0.9772722
abeautifuldaymovie,0.9881516,0.967077,1.0000001,0.9854474,0.98039585,0.9783956,0.9868094,0.9794259,0.9889918,0.97685194,0.97636855,0.9602172,0.9828835,0.96774644,0.9799395,0.9813882,0.99200946,0.97547644,0.9784296,0.96605957,0.98299414,0.98309165,0.9819802,0.9795806,0.9705767,0.6460869,0.9723237,0.98839915,0.9894467,0.96813047,0.98027635,0.97889906,0.970471,0.9844751,0.9550399,0.95434356,0.9817055,0.98689216,0.97351635,0.9693148,0.9775097,0.9899408,0.97018623,0.99159616,0.9814169,0.9778291,0.9765935,0.9803325,0.96652764,0.9919142,0.98785466,0.9808827,0.96978873,0.9638359,0.96257704,0.98589396,0.9827412,0.9886824,0.98388463,0.9781553,0.98930544,0.988981,0.9753383,0.97523355,0.982555,0.98252827,0.9746981,0.96457255,0.9826892,0.9786674,0.9796327,0.45526755,0.9743947,0.9851082,0.9678693,0.9596208,0.93071955,0.97921056,0.9867262,0.9757484,0.9795576,0.9711023,0.97757447,0.97936964,0.9685095,0.9910013,0.98347086,0.9880585,0.984784,0.98361635,0.97866935,0.9796327,0.97777706,0.98880404,0.9870141,0.980579,0.98847336,0.97414374,0.9742386,0.9803727,0.97830635,0.9817364,0.97452927,0.9827318,0.9719004,0.9867445,0.9852813,0.97279364,0.9858528,0.97731465,0.98346776,0.82811093,0.9894385,0.9411576,0.97861797,0.985021,0.9849747,0.9776179,0.98510796,0.9856196,0.9892303,0.98714674,0.98513854,0.97501224,0.97380304,0.9848864,0.97815496,0.9750223,0.9758128,0.9448947,0.98316276,0.9540321,0.992112,0.98260516,0.975153,0.96344626,0.9869276,0.9858981,0.9710605,0.9783686,0.9889918,0.9773874,0.9656422,0.9759446,0.98236513,0.9799359,0.98395663,0.9594529,0.9804728,0.9818677,0.98007274,0.98890996,0.9830296,0.9416049,0.9713324,0.97429574,0.9883464,0.97521186,0.9872606,0.9816511,0.9889918,0.9725558,0.97781944,0.988984,0.98178905
abominablemovie,0.97278017,0.9582073,0.9854474,1.0,0.9618475,0.979299,0.97385997,0.971603,0.9793559,0.9622918,0.95844436,0.9492264,0.97672135,0.9652444,0.97324157,0.97462815,0.9841592,0.9585439,0.95791507,0.9643834,0.96924996,0.9672458,0.97770387,0.9749686,0.9675393,0.67291623,0.95815563,0.98410547,0.980541,0.9648804,0.9716504,0.96534437,0.95830125,0.9736164,0.9431149,0.9423962,0.97433555,0.9826113,0.9560072,0.9553246,0.97132194,0.977055,0.970438,0.9790438,0.9710257,0.9716789,0.97387177,0.9737023,0.95145345,0.9812611,0.97842616,0.968264,0.96113837,0.96409196,0.96977943,0.9694651,0.96754247,0.97839445,0.9858483,0.9681148,0.97091603,0.99053264,0.9648585,0.96970356,0.96446013,0.9715441,0.97056913,0.94562614,0.9706879,0.9688451,0.9654635,0.4437354,0.9674382,0.97356457,0.96709543,0.9499944,0.9435628,0.96919024,0.98608977,0.9744146,0.96938086,0.96588504,0.9682536,0.96946704,0.9673172,0.9839769,0.97302014,0.9793431,0.98385644,0.98501503,0.97467756,0.9654635,0.97561204,0.9735286,0.9817295,0.9698561,0.9729495,0.97724587,0.95970887,0.97728986,0.9696952,0.9616703,0.9657024,0.96516305,0.9680929,0.9779134,0.97814256,0.9634477,0.9702603,0.96762145,0.97634923,0.86957324,0.979459,0.95827055,0.97337073,0.9759477,0.97367483,0.9714582,0.9850573,0.97054684,0.9792177,0.97959596,0.9803203,0.9800507,0.96239215,0.972729,0.96998376,0.96574235,0.95606834,0.95590943,0.970896,0.9448361,0.9876947,0.96366817,0.9647089,0.95898265,0.9744278,0.97071254,0.95456344,0.9712545,0.9793559,0.9668703,0.9529862,0.9649048,0.9683197,0.96734405,0.97837824,0.94910544,0.9728387,0.9659852,0.96612203,0.98842543,0.97481614,0.92605704,0.9661786,0.9559816,0.97334695,0.95863295,0.9771923,0.96481144,0.9793559,0.9514045,0.9759222,0.97330564,0.9665281
adastramovie,0.99064946,0.9899116,0.98039585,0.9618475,0.99999994,0.9653749,0.9864744,0.9863842,0.99059534,0.9873309,0.979334,0.9746662,0.9864463,0.97455025,0.975707,0.98505753,0.9889953,0.99250704,0.98771393,0.97238886,0.985694,0.9746263,0.9878269,0.9813725,0.98334265,0.61681384,0.97974443,0.98394114,0.976953,0.97075385,0.9777052,0.9839943,0.9762249,0.98067516,0.9577134,0.9315499,0.98469085,0.9850602,0.9875266,0.98177,0.9737241,0.9893873,0.96199894,0.98365104,0.9807825,0.9833597,0.984647,0.97214365,0.97366816,0.9869066,0.9811316,0.988717,0.9840806,0.9640613,0.96243495,0.98610985,0.9837923,0.98777306,0.9732042,0.9837206,0.9823288,0.974303,0.9810738,0.97974306,0.9916867,0.98693573,0.96813685,0.9790757,0.98428905,0.9721063,0.98691404,0.4134045,0.9560234,0.98463386,0.97211015,0.9748397,0.95044124,0.9887493,0.9814718,0.978317,0.9780318,0.9793735,0.9843638,0.97718495,0.9779506,0.975177,0.9832935,0.98961484,0.9886734,0.9772298,0.97699434,0.98691404,0.9775866,0.9861303,0.9818468,0.9791352,0.98792934,0.9716769,0.98259217,0.9825115,0.97952086,0.98598987,0.9729504,0.9876439,0.98146164,0.98167586,0.99134415,0.9823565,0.97026426,0.98778987,0.9837042,0.82848084,0.9814522,0.92367905,0.98528093,0.98680675,0.9914173,0.97962683,0.9808764,0.9837344,0.98062384,0.98293537,0.97283834,0.97588134,0.9835763,0.9810606,0.97382313,0.9755012,0.99353546,0.9323821,0.9859295,0.982792,0.9835664,0.9635662,0.9801132,0.96308744,0.9885779,0.9858976,0.9848626,0.98477644,0.99059534,0.9651387,0.9737208,0.9797473,0.98428714,0.9837794,0.98592067,0.9647141,0.98474926,0.98538965,0.9862492,0.9727339,0.9881679,0.9566424,0.98007077,0.9847044,0.99117786,0.9860765,0.98026544,0.9874761,0.99059534,0.98147684,0.98200965,0.9899123,0.98088115
adogsjourneymovie,0.9763246,0.97211367,0.9783956,0.979299,0.9653749,0.9999998,0.9814649,0.9723907,0.98896295,0.9694769,0.9869617,0.96546143,0.9850297,0.9830732,0.9775214,0.98483676,0.9822066,0.96804273,0.97089005,0.9658065,0.980873,0.9709215,0.98018247,0.9889693,0.9763682,0.68124485,0.97371995,0.9875861,0.9782911,0.9761636,0.9849337,0.9881419,0.9694672,0.9748138,0.95771414,0.9670873,0.9866874,0.9875417,0.9797368,0.97427464,0.97617924,0.9800939,0.9752665,0.9750218,0.9804673,0.97550726,0.9786549,0.98217225,0.97662455,0.97813517,0.97730947,0.98167366,0.97542965,0.98475075,0.9659186,0.9786887,0.98043096,0.9791935,0.9739573,0.98346627,0.9782542,0.9826493,0.9808114,0.98544157,0.9832269,0.97770685,0.9652798,0.97128767,0.98110527,0.9805667,0.9848552,0.5118021,0.9843207,0.9797553,0.98131263,0.9734416,0.95450115,0.9805727,0.98080784,0.99070066,0.9875542,0.9798736,0.9801428,0.9850502,0.96997416,0.98234355,0.97942156,0.98788035,0.98326385,0.9844226,0.99056506,0.9848552,0.9749343,0.98436606,0.97710556,0.98808485,0.9808331,0.983903,0.98084855,0.98554635,0.9843798,0.9848867,0.9800054,0.9844992,0.9811296,0.977614,0.98006856,0.9816879,0.9799036,0.97219676,0.988626,0.86610645,0.97940713,0.9644031,0.9735152,0.9866633,0.98200065,0.9783782,0.99211055,0.9841242,0.98367774,0.9683134,0.9832492,0.98778874,0.978283,0.98014385,0.9842993,0.9741553,0.9641,0.971971,0.98861396,0.9642719,0.98051536,0.9797995,0.9747693,0.97187954,0.9825417,0.97626346,0.9731344,0.9747007,0.98896295,0.96712863,0.9766459,0.9854874,0.9818619,0.98079777,0.98257744,0.96772903,0.9875927,0.9705925,0.9804376,0.9845027,0.98424697,0.95005685,0.9743601,0.9764855,0.97937447,0.9771859,0.980189,0.96566856,0.98896295,0.97020835,0.9763684,0.97969633,0.97564256
aftermathmovie,0.9909285,0.9814357,0.9868094,0.97385997,0.9864744,0.9814649,1.0000001,0.9813877,0.99334836,0.97921735,0.9808513,0.97335297,0.98755896,0.9836338,0.98073286,0.98878956,0.991093,0.9854547,0.9842542,0.97800046,0.98534006,0.9796529,0.98311514,0.98357534,0.9860552,0.631911,0.98417044,0.9948512,0.9812039,0.97137856,0.9824233,0.98645765,0.9792634,0.9866527,0.9671606,0.9519081,0.98424107,0.9898055,0.9842706,0.97969365,0.9811807,0.9899549,0.9734674,0.99063563,0.9888507,0.98099583,0.982705,0.9768387,0.9766058,0.9916685,0.9841834,0.9925763,0.9852094,0.9796237,0.96508497,0.98352194,0.98755044,0.9886457,0.9772658,0.9890435,0.98918724,0.980429,0.9883919,0.985371,0.99093425,0.9886611,0.9719937,0.98252356,0.9844535,0.97467285,0.9900234,0.4624345,0.9733899,0.9910577,0.9761005,0.9839827,0.95734537,0.9882299,0.98382705,0.984646,0.9811083,0.9895189,0.9862498,0.989952,0.9785294,0.9830585,0.9848056,0.99069947,0.98775864,0.9824391,0.9818837,0.9900234,0.9821113,0.9910147,0.98170197,0.9847002,0.99100876,0.98179376,0.9898422,0.9875074,0.9821486,0.98942083,0.9769171,0.9919212,0.98246086,0.9858072,0.99035835,0.9872504,0.9757512,0.98731107,0.9915115,0.82975155,0.9895954,0.9425403,0.9873952,0.9906127,0.9916213,0.98752576,0.9871665,0.99491704,0.9902903,0.9850871,0.9812504,0.9782517,0.98264307,0.9840468,0.97764903,0.9764025,0.9813598,0.9457486,0.99015135,0.9732378,0.9900109,0.981194,0.9841523,0.96335006,0.991948,0.98981637,0.98455215,0.9816101,0.99334836,0.9700287,0.9788946,0.9836551,0.9852706,0.98299915,0.9875351,0.9723847,0.98756295,0.9764561,0.99471104,0.9817489,0.99118805,0.9618908,0.98201746,0.98460335,0.990176,0.98600996,0.9890763,0.9831256,0.99334836,0.9790922,0.986246,0.9902464,0.98182386
aftermovie,0.9837453,0.9875134,0.9794259,0.971603,0.9863842,0.9723907,0.9813877,1.0,0.98891747,0.9800999,0.9793415,0.9769515,0.9847606,0.9732499,0.9727332,0.98456687,0.99089044,0.9823755,0.97415847,0.96708554,0.98147494,0.9753184,0.9803742,0.9835677,0.9786488,0.60636276,0.9741676,0.9834106,0.97970104,0.96427315,0.98308897,0.98136675,0.9741914,0.981109,0.9608346,0.9488156,0.9878132,0.98751867,0.98295,0.9842514,0.98071337,0.9835749,0.9697754,0.9819458,0.98335195,0.98355746,0.98138744,0.97795564,0.96415657,0.9837317,0.9849157,0.9818569,0.9769084,0.9694105,0.9773035,0.97288626,0.9735852,0.9834795,0.9853868,0.984853,0.9782793,0.97799814,0.9804263,0.97673833,0.98395294,0.9810415,0.9778057,0.9749523,0.9766523,0.976594,0.9835933,0.4044588,0.9634512,0.98035634,0.9752133,0.98197556,0.9590577,0.98436105,0.9864161,0.98574436,0.9802838,0.9764407,0.9841849,0.9750614,0.98095405,0.97928476,0.97803247,0.9893574,0.9851283,0.9802335,0.97842735,0.9835933,0.9829802,0.98367846,0.9843562,0.9802851,0.98240954,0.9826782,0.9767232,0.9776686,0.9848674,0.98134667,0.9793611,0.98374176,0.9769662,0.98519313,0.9898272,0.9778465,0.96592444,0.983344,0.98412067,0.84954643,0.9853942,0.959913,0.98623914,0.989082,0.98814714,0.9835902,0.98787665,0.9760478,0.98299855,0.98129135,0.97964394,0.9770286,0.98145866,0.98431355,0.97937334,0.98007125,0.9790804,0.9521264,0.9808226,0.9732738,0.9864946,0.96026254,0.98128396,0.95841396,0.9796778,0.9785047,0.9815664,0.9810669,0.98891747,0.97097963,0.9746071,0.9804639,0.9777194,0.9769903,0.9868513,0.9657835,0.98349875,0.97602135,0.98540723,0.98757476,0.98649234,0.942032,0.97358745,0.9820982,0.98302245,0.9904633,0.98585737,0.9891336,0.98891747,0.9811287,0.9866569,0.98091364,0.97403336
ahiddenlifefilm,0.9910894,0.9902641,0.9889918,0.9793559,0.99059534,0.98896295,0.99334836,0.98891747,1.0000001,0.98914045,0.9890717,0.9837781,0.9960427,0.99006844,0.98783237,0.9939259,0.9961761,0.9897658,0.98750824,0.98204255,0.9942117,0.98675275,0.99393654,0.993376,0.98819214,0.6504586,0.9911962,0.99550545,0.99002403,0.98064864,0.99240005,0.9945369,0.9843409,0.99124616,0.9728141,0.96405345,0.99338436,0.99555814,0.99326277,0.988472,0.98782104,0.9952385,0.9812805,0.99114525,0.9905822,0.9913468,0.9933636,0.98763406,0.9864129,0.99347013,0.9914205,0.99455297,0.99045146,0.9843854,0.975525,0.9898404,0.9881595,0.99361557,0.98675865,0.99250203,0.99134475,0.9870998,0.9912234,0.9933734,0.9952624,0.99222857,0.98077756,0.9835952,0.9918144,0.98739946,0.9947694,0.48409742,0.9776575,0.99269557,0.9867741,0.98464566,0.96344054,0.995468,0.99085575,0.9945776,0.9910085,0.99112797,0.9932311,0.9928919,0.987058,0.984721,0.9916365,0.99768937,0.9948304,0.98832935,0.9937537,0.9947694,0.98335075,0.99364257,0.9891144,0.99385476,0.9935155,0.9880091,0.9891769,0.9943072,0.99305433,0.9910196,0.9880129,0.9946337,0.9900447,0.9916258,0.9949786,0.99245155,0.9858276,0.9919677,0.99641114,0.85263747,0.992208,0.95422506,0.99205565,0.9949736,0.9947915,0.99275553,0.99600434,0.9911105,0.9933582,0.9831459,0.9875769,0.9910589,0.9906653,0.9928241,0.98875767,0.9859221,0.98942196,0.96296114,0.996559,0.98151153,0.99209917,0.98247635,0.98857033,0.973612,0.9934554,0.992125,0.9901705,0.98998636,1.0000001,0.98003596,0.9884103,0.993759,0.9938339,0.98988664,0.99143857,0.9797042,0.99592775,0.9869514,0.99479115,0.9878669,0.99650717,0.9585864,0.989612,0.99009186,0.9945369,0.99123925,0.9919436,0.9891198,1.0000001,0.98877,0.99328583,0.99579215,0.9893791
alitamovie,0.97812545,0.9816075,0.97685194,0.9622918,0.9873309,0.9694769,0.97921735,0.9800999,0.98914045,1.0,0.9787929,0.9786606,0.98434347,0.9769813,0.9757691,0.97920704,0.98319685,0.9844211,0.9740871,0.9706833,0.9833722,0.9806137,0.98381585,0.97958285,0.97420895,0.62370396,0.9834421,0.9794949,0.98062193,0.9708869,0.98237467,0.98610646,0.96014166,0.9847465,0.9679788,0.9514723,0.98640174,0.979005,0.9860626,0.9759957,0.97881424,0.9851116,0.9694301,0.97953576,0.9808124,0.98013926,0.98490095,0.9753366,0.9735266,0.9812478,0.98106456,0.9817864,0.9844882,0.96329683,0.96385336,0.9767207,0.97682536,0.9898078,0.978759,0.980143,0.98655653,0.9666011,0.9822478,0.9764606,0.98414016,0.990611,0.97529906,0.9763414,0.98746115,0.98119813,0.9815863,0.4742317,0.96314377,0.98077273,0.9709427,0.9712378,0.94774586,0.983609,0.97574776,0.9793421,0.98480743,0.9710755,0.9804304,0.9799833,0.9799548,0.9654963,0.98700094,0.98632526,0.9822128,0.9749769,0.9767368,0.9815863,0.9656334,0.9824986,0.9766546,0.98033774,0.98290014,0.97382796,0.98083305,0.9877903,0.9825464,0.97890675,0.9792517,0.9816769,0.9820109,0.9816328,0.9895605,0.97721875,0.9706004,0.9781586,0.9833622,0.8323388,0.9802738,0.9388818,0.98135555,0.9865191,0.98435986,0.9849024,0.98135436,0.9803259,0.9739957,0.97703105,0.97860664,0.97267556,0.9853698,0.98676413,0.9715249,0.9743017,0.99212605,0.9419004,0.9863367,0.9755399,0.97664964,0.971353,0.983792,0.9561432,0.98529655,0.9835038,0.9796154,0.9803604,0.98914045,0.96860415,0.97570986,0.9821384,0.98108333,0.97193253,0.98556894,0.96993935,0.98236614,0.9845108,0.97990644,0.9714503,0.98638344,0.95620584,0.9767324,0.9820591,0.98231465,0.9797144,0.9829853,0.98511136,0.98914045,0.9801216,0.9809733,0.9826553,0.98241305
angelhasfallen,0.9806262,0.9815736,0.97636855,0.95844436,0.979334,0.9869617,0.9808513,0.9793415,0.9890717,0.9787929,0.99999994,0.9702078,0.9849029,0.9781501,0.9791952,0.9846795,0.98117334,0.98159224,0.97596437,0.9686804,0.9791324,0.9687298,0.97927034,0.9877759,0.9787707,0.65876347,0.97573346,0.9823862,0.9734738,0.98399025,0.98279905,0.993469,0.97144085,0.97609484,0.95137876,0.9496629,0.9924485,0.98471385,0.9868058,0.98482096,0.97440714,0.98341143,0.9676243,0.9752412,0.97968906,0.97058314,0.9767716,0.9739301,0.97767204,0.9772846,0.9758489,0.98850197,0.976738,0.9738393,0.95643306,0.97853017,0.98714954,0.9835028,0.96775246,0.9864401,0.9818507,0.9759085,0.9829686,0.98006606,0.99116147,0.98442316,0.9660551,0.98579997,0.98730844,0.9806251,0.98951113,0.50656676,0.9739801,0.981006,0.97294044,0.9817589,0.94413644,0.98384374,0.97886145,0.9882674,0.9888641,0.97258985,0.9803743,0.9805674,0.9650251,0.9756393,0.9846665,0.98883927,0.9783371,0.97881734,0.9878789,0.98951113,0.9667887,0.9869543,0.9776008,0.9908729,0.9831152,0.9813734,0.987297,0.983492,0.9846532,0.99161726,0.9862078,0.9890873,0.97798675,0.97580415,0.97951084,0.9778186,0.9814835,0.970309,0.98793936,0.837155,0.9757953,0.9392175,0.9712201,0.98822916,0.982674,0.973196,0.98565656,0.9824607,0.97738415,0.9702933,0.9766194,0.97888786,0.98929733,0.98283684,0.9822689,0.9702484,0.9760376,0.9496755,0.9874792,0.97653925,0.97727054,0.9777121,0.98446095,0.9798291,0.9839227,0.9820571,0.9812625,0.9764426,0.9890717,0.96176946,0.97431546,0.98474663,0.9825066,0.98784035,0.983301,0.9592143,0.98704034,0.9812532,0.98500377,0.9751628,0.98202056,0.96628666,0.9753657,0.98826593,0.9844368,0.9869307,0.98071164,0.97229856,0.9890717,0.9783324,0.9722322,0.9805736,0.980963
angrybirdsmovie,0.9703663,0.9851213,0.9602172,0.9492264,0.9746662,0.96546143,0.97335297,0.9769515,0.9837781,0.9786606,0.9702078,0.99999994,0.97945535,0.9804908,0.9610872,0.9836491,0.9791867,0.9730704,0.96536535,0.9741865,0.9838457,0.9828372,0.97636336,0.9769135,0.9726255,0.59934497,0.97840446,0.9751633,0.9775999,0.9556561,0.987994,0.98125744,0.96199536,0.9855233,0.9619546,0.95013064,0.97608304,0.98083436,0.9851293,0.97566015,0.97335166,0.9735257,0.9786759,0.9664111,0.9749127,0.9858519,0.9812604,0.9757651,0.98078007,0.96918696,0.9818851,0.9799189,0.98966813,0.97082967,0.9564404,0.9639177,0.95735157,0.97689146,0.9760575,0.98118067,0.9721737,0.9616495,0.9887736,0.9751639,0.9775916,0.9733313,0.96332675,0.97679824,0.97072273,0.9754842,0.9822222,0.51923317,0.9517492,0.9747662,0.97124356,0.9758895,0.96426046,0.9796447,0.9689673,0.9857948,0.97128546,0.98249865,0.9744115,0.9706297,0.9944345,0.95662796,0.96762455,0.97705734,0.9776933,0.9586422,0.9720358,0.9822222,0.9599101,0.9779315,0.97288895,0.9751406,0.9746732,0.97710145,0.9634364,0.9768832,0.98894244,0.97278386,0.9738616,0.9765322,0.9775829,0.9818174,0.98013246,0.9868361,0.9657859,0.978696,0.97742075,0.8218266,0.9693223,0.9512299,0.98195803,0.9776668,0.9827721,0.98185074,0.97323143,0.96574813,0.97231865,0.9574611,0.963059,0.97247285,0.98003703,0.9851929,0.96611965,0.9826974,0.9792897,0.9637586,0.9847678,0.9780637,0.9686245,0.967349,0.9761389,0.9399407,0.9738166,0.97110283,0.98788553,0.9752765,0.9837781,0.9733417,0.986483,0.97804886,0.9725255,0.9702456,0.97465134,0.9704563,0.97685057,0.97889847,0.9870129,0.9647836,0.9885035,0.9542345,0.9781419,0.98135936,0.9779593,0.9878427,0.97495335,0.9807396,0.9837781,0.9728686,0.98274136,0.9796872,0.9727629
annabellemovie,0.9873597,0.987301,0.9828835,0.97672135,0.9864463,0.9850297,0.98755896,0.9847606,0.9960427,0.98434347,0.9849029,0.97945535,0.9999998,0.99167484,0.9845721,0.99201953,0.99263024,0.9831054,0.9819591,0.97880393,0.98946255,0.98198736,0.9895725,0.99187887,0.9890625,0.6459291,0.98534185,0.99090374,0.9856722,0.9817194,0.98409116,0.98922604,0.98086834,0.98445344,0.9640655,0.9523532,0.99041235,0.9932419,0.9886868,0.984552,0.98283833,0.98960143,0.9750892,0.9867502,0.983877,0.9877269,0.99055135,0.97857445,0.98059803,0.9885584,0.98661023,0.99021226,0.9899575,0.9790455,0.973176,0.9833644,0.98073196,0.9896543,0.98222363,0.9861471,0.98719406,0.9860121,0.9859403,0.99124134,0.9879994,0.9893257,0.97442913,0.97686684,0.986483,0.9832714,0.9922053,0.49374256,0.9683619,0.98784196,0.97895455,0.9843806,0.96477294,0.9916459,0.985058,0.9922497,0.98806494,0.988287,0.9914051,0.987975,0.9841968,0.9812959,0.9856287,0.99757314,0.9941307,0.9868709,0.98975474,0.9922053,0.97677666,0.99049544,0.9861311,0.99202305,0.98835206,0.98074794,0.9831317,0.99349403,0.98830134,0.9852109,0.9868283,0.99174106,0.9880742,0.986598,0.98841345,0.9900944,0.98269475,0.9916004,0.9936095,0.8587402,0.9850424,0.94124043,0.99000555,0.9936268,0.9918907,0.9902541,0.99397135,0.98552805,0.9921107,0.9803183,0.98351216,0.99329305,0.9854996,0.9882265,0.98527515,0.98314387,0.98295873,0.95395267,0.99242455,0.97509444,0.9889187,0.97581625,0.98885477,0.9732919,0.99220127,0.98609394,0.98674107,0.98148936,0.9960427,0.97421235,0.98138463,0.99198276,0.98998994,0.9856803,0.98603654,0.97053254,0.9942024,0.9864269,0.9916636,0.98325074,0.9898649,0.9565561,0.9864901,0.9881332,0.9906091,0.98903376,0.99165416,0.9869974,0.9960427,0.9839616,0.99156487,0.99139833,0.9853616
annamovie,0.9772775,0.9854596,0.96774644,0.9652444,0.97455025,0.9830732,0.9836338,0.9732499,0.99006844,0.9769813,0.9781501,0.9804908,0.99167484,1.0000001,0.9706642,0.98591673,0.9837389,0.9775835,0.9761896,0.9709488,0.982982,0.97405195,0.98340213,0.9886418,0.9879077,0.6868757,0.9878877,0.9870041,0.97643226,0.9687198,0.9839923,0.98748785,0.9795468,0.97487575,0.9610562,0.9513342,0.98081064,0.9875027,0.98472327,0.98133785,0.9809508,0.979075,0.9737357,0.973577,0.9761578,0.980775,0.9891084,0.96833044,0.983386,0.97638595,0.977143,0.9875938,0.9892072,0.98649555,0.9679672,0.973553,0.9731496,0.9768663,0.97018224,0.9818451,0.9817293,0.9781581,0.9848321,0.99165577,0.98243535,0.9801197,0.9601772,0.97400093,0.9750192,0.9739359,0.9870444,0.5395297,0.96466553,0.9775116,0.97990274,0.98388696,0.967754,0.98430043,0.9788926,0.9906433,0.97885454,0.99052054,0.98741454,0.98622555,0.98426044,0.9698724,0.9813601,0.98763376,0.9866468,0.97119486,0.98374134,0.9870444,0.9733157,0.97755414,0.97622216,0.98289853,0.981577,0.97644496,0.9810594,0.989326,0.98256063,0.9782745,0.982689,0.9864544,0.989549,0.9773899,0.98066634,0.9883323,0.97388583,0.9841304,0.99157834,0.8724319,0.97584236,0.9457885,0.98319113,0.9855481,0.98485637,0.9869482,0.98796946,0.9810047,0.9824924,0.967499,0.97316927,0.98708177,0.9786367,0.9776215,0.97263783,0.98070806,0.97468793,0.9625016,0.98671216,0.97529405,0.97912085,0.97084224,0.97720987,0.9571341,0.981196,0.9799844,0.98138356,0.9730073,0.99006844,0.97126234,0.98157275,0.98466367,0.9779369,0.97841924,0.97578585,0.9690841,0.9849581,0.97337073,0.98970646,0.9707638,0.98833925,0.9615727,0.9857071,0.98179203,0.985478,0.9838687,0.98081666,0.97358114,0.99006844,0.9810501,0.9867605,0.9855442,0.97584647
apollo11movie,0.97417015,0.97096175,0.9799395,0.97324157,0.975707,0.9775214,0.98073286,0.9727332,0.98783237,0.9757691,0.9791952,0.9610872,0.9845721,0.9706642,0.99999976,0.980862,0.98268217,0.97386444,0.96767634,0.98585516,0.9742086,0.97065777,0.9841362,0.97757775,0.9759425,0.6350722,0.98138595,0.9861085,0.9762463,0.98559135,0.9724924,0.98123074,0.9746927,0.98231894,0.9657795,0.9526295,0.98798776,0.9786136,0.9746925,0.97565,0.9760169,0.99044114,0.9777304,0.9889389,0.97722137,0.97019064,0.9806947,0.97623205,0.9760777,0.9905681,0.97898984,0.98505986,0.96795774,0.9685021,0.9691723,0.9768134,0.9878576,0.9853847,0.97947603,0.9793004,0.9777289,0.9774639,0.97227085,0.9829959,0.9816474,0.9844162,0.98375535,0.9718163,0.9917864,0.979947,0.98046625,0.47390136,0.96998966,0.9868075,0.9760363,0.9701839,0.95468485,0.9832299,0.9787132,0.97901064,0.98215836,0.97084606,0.98266816,0.9873029,0.96378565,0.96896136,0.98513734,0.98740095,0.98000443,0.9832012,0.9895371,0.98046625,0.9597529,0.98294157,0.97990155,0.99246335,0.9778012,0.98228586,0.9814212,0.9887224,0.9793904,0.97334826,0.9837362,0.97876906,0.967796,0.98000675,0.9791038,0.9740643,0.9812391,0.9747656,0.9873368,0.8476032,0.9797033,0.9347823,0.97427976,0.9811234,0.974228,0.9804586,0.98745304,0.9759319,0.9832264,0.97002697,0.982434,0.98150945,0.9824064,0.9845258,0.98605865,0.9596477,0.97527647,0.942531,0.98069346,0.96635866,0.98346156,0.9719425,0.9858564,0.9834644,0.98123074,0.9890503,0.97585565,0.9772185,0.98783237,0.95881605,0.97053707,0.9855244,0.98765904,0.9817449,0.97436297,0.9669155,0.98923016,0.96901995,0.98020655,0.9766434,0.9767835,0.9336105,0.9845271,0.9748801,0.9784493,0.9719027,0.97913414,0.9691834,0.98783237,0.9756447,0.9827714,0.9804606,0.9832716
arcticdogsmovie,0.9897717,0.9900196,0.9813882,0.97462815,0.98505753,0.98483676,0.98878956,0.98456687,0.9939259,0.97920704,0.9846795,0.9836491,0.99201953,0.98591673,0.980862,0.99999994,0.9879604,0.97968805,0.9783879,0.9834475,0.98735607,0.98672974,0.99095404,0.98937553,0.9901722,0.6591937,0.9789836,0.98924595,0.98780274,0.97656137,0.98489916,0.9915587,0.98238593,0.9873801,0.95368934,0.95547515,0.99017775,0.99505967,0.9837148,0.97615725,0.97726524,0.9900333,0.9846969,0.98539376,0.98218596,0.99059397,0.98562175,0.9847394,0.98430854,0.98854125,0.9904768,0.98955685,0.9856576,0.9799353,0.9708771,0.98368174,0.9822608,0.9889122,0.98453754,0.9904607,0.9814341,0.9846959,0.9852705,0.9868639,0.98684675,0.98439616,0.96751183,0.9767256,0.9805264,0.98909664,0.9899783,0.45844737,0.9782015,0.98715264,0.9778872,0.97937715,0.9746492,0.9880406,0.98769534,0.9923311,0.9866058,0.9894569,0.9830767,0.98366463,0.98829615,0.97926486,0.9857218,0.9925485,0.9936389,0.9777685,0.9892448,0.9899783,0.9761385,0.99173737,0.9897542,0.9899207,0.9839115,0.9862711,0.982682,0.99093527,0.99353564,0.9874175,0.98185796,0.9865821,0.99185383,0.9891313,0.99150115,0.9945644,0.98377454,0.9897229,0.99508893,0.86433136,0.9806805,0.9478717,0.98252463,0.9904986,0.994391,0.9871136,0.99034834,0.9844717,0.9894361,0.9710437,0.97825867,0.986003,0.9822294,0.98993975,0.9803912,0.9848062,0.97887486,0.96710587,0.99256366,0.97856677,0.9872547,0.98223466,0.9825116,0.96925306,0.98575324,0.9822527,0.98433274,0.98522043,0.9939259,0.98103267,0.984662,0.9880421,0.9849132,0.9845291,0.98775953,0.96692014,0.99337786,0.9853996,0.9926847,0.98131794,0.9904598,0.95487225,0.9814363,0.9820973,0.9939992,0.9910504,0.98386395,0.9816066,0.9939259,0.98090285,0.9878389,0.9922233,0.98749614
arcticmovie,0.9905473,0.9844672,0.99200946,0.9841592,0.9889953,0.9822066,0.991093,0.99089044,0.9961761,0.98319685,0.98117334,0.9791867,0.99263024,0.9837389,0.98268217,0.9879604,1.0000001,0.98510534,0.9835898,0.9742976,0.9895275,0.9816155,0.9883886,0.9877969,0.9836508,0.6280589,0.9836613,0.9938163,0.98665017,0.972648,0.989464,0.9854629,0.9780962,0.9883029,0.96744436,0.95379955,0.9874311,0.9946518,0.9865004,0.9865359,0.9890502,0.9930165,0.9769336,0.99146944,0.98635143,0.987096,0.989189,0.9828228,0.9769003,0.99347025,0.9885068,0.990349,0.98451585,0.97516525,0.97851557,0.98545927,0.9815263,0.991362,0.98764914,0.98772943,0.9912187,0.99072105,0.9863453,0.9858078,0.9895378,0.9886109,0.9787654,0.9763334,0.9881974,0.9771526,0.98955894,0.47423738,0.96703976,0.98812264,0.9784468,0.9786941,0.95536584,0.99020314,0.99073786,0.9887651,0.9837136,0.9850398,0.9906046,0.9866723,0.9842333,0.9896642,0.98624474,0.9942592,0.9927123,0.98785883,0.98543304,0.98955894,0.98497397,0.989357,0.98816776,0.9867375,0.99306434,0.9828139,0.98034185,0.9860151,0.98568696,0.9839002,0.98040265,0.98991466,0.98173755,0.98881507,0.99263704,0.9842685,0.98143387,0.9883765,0.9897891,0.83797157,0.9907174,0.955612,0.9920019,0.99282396,0.9925093,0.98711705,0.9931683,0.9883893,0.9930307,0.98918283,0.98898506,0.9890217,0.9858091,0.98805404,0.98383987,0.98248386,0.9854487,0.95549846,0.98907006,0.97355163,0.99448085,0.97582936,0.9842406,0.9650297,0.9913878,0.98885643,0.9855513,0.9832359,0.9961761,0.97588515,0.97753453,0.98485756,0.9876127,0.98848224,0.9903476,0.9718439,0.9881929,0.9852356,0.9911681,0.9918858,0.9934877,0.95419973,0.9850091,0.9856398,0.9913638,0.98818886,0.9910617,0.9897029,0.9961761,0.98105556,0.9908817,0.9928939,0.97971934
artofracingmovie,0.9823927,0.98697805,0.97547644,0.9585439,0.99250704,0.96804273,0.9854547,0.9823755,0.9897658,0.9844211,0.98159224,0.9730704,0.9831054,0.9775835,0.97386444,0.97968805,0.98510534,1.0000001,0.9854076,0.9748755,0.9865908,0.96990204,0.9863917,0.9847366,0.9836261,0.6525037,0.9869219,0.98603696,0.9756784,0.97269976,0.98221713,0.985869,0.97818226,0.9787598,0.96238625,0.93701154,0.9848932,0.983312,0.98797816,0.98592734,0.97417265,0.98635083,0.95797986,0.9782648,0.98302597,0.9807646,0.9872566,0.9729607,0.9693755,0.98103493,0.97901785,0.9888645,0.986093,0.9746167,0.95513207,0.9792561,0.98124063,0.9866332,0.9684689,0.98299086,0.97807896,0.9733155,0.9851607,0.9806201,0.99347156,0.9874372,0.9760113,0.9815126,0.98231584,0.9675527,0.9853153,0.45812392,0.95850265,0.9853663,0.9793778,0.9826589,0.94248414,0.9901941,0.9821805,0.98327535,0.97445667,0.98290634,0.98281044,0.97768486,0.9751153,0.9713596,0.98391086,0.98604953,0.9828999,0.9783015,0.9812118,0.9853153,0.979875,0.97936136,0.9779539,0.978732,0.9888813,0.9775621,0.9821771,0.9809198,0.98087424,0.9857246,0.97928834,0.98743504,0.9804712,0.9804885,0.98706096,0.97913957,0.97045803,0.9844498,0.98416543,0.831821,0.98742104,0.928695,0.9894104,0.9818175,0.9840176,0.97915393,0.9799141,0.9791197,0.9740176,0.9812093,0.96998185,0.97411484,0.987159,0.97798586,0.97413033,0.97290725,0.9902571,0.94007754,0.9865667,0.9853555,0.9833251,0.9606651,0.9837025,0.9659495,0.9830912,0.98511386,0.9830487,0.99130857,0.9897658,0.96801466,0.9782967,0.97890824,0.9834535,0.98200727,0.98403454,0.96670055,0.98243296,0.98018116,0.9869972,0.97140425,0.98677933,0.96388775,0.9818591,0.9850527,0.9878376,0.98188347,0.98385364,0.98598266,0.9897658,0.9807799,0.9818758,0.9859386,0.9825504
avengers,0.98996276,0.9830318,0.9784296,0.95791507,0.98771393,0.97089005,0.9842542,0.97415847,0.98750824,0.9740871,0.97596437,0.96536535,0.9819591,0.9761896,0.96767634,0.9783879,0.9835898,0.9854076,1.0000001,0.9631983,0.9880293,0.9741582,0.9813368,0.9788946,0.97047377,0.6632047,0.9807769,0.9849245,0.97514147,0.95830095,0.97686094,0.9833037,0.9841477,0.9721645,0.96634173,0.9415022,0.9754126,0.9822299,0.9856318,0.97765005,0.97564775,0.97889096,0.9475819,0.9745825,0.9803477,0.9787679,0.9800591,0.96834075,0.97317964,0.9778297,0.9773853,0.98458916,0.97977203,0.9730134,0.948842,0.9879669,0.98162115,0.9751847,0.960519,0.9827178,0.9843046,0.97041357,0.9804032,0.98065764,0.9897832,0.97343194,0.9573886,0.97644514,0.9772678,0.9711385,0.9864934,0.44605342,0.9599362,0.9802609,0.97768384,0.9670399,0.9305153,0.98857826,0.98134756,0.9780131,0.9668263,0.9805037,0.9848905,0.97609967,0.96833265,0.9768746,0.98011094,0.9861832,0.9848246,0.97619855,0.97798306,0.9864934,0.98165905,0.98437226,0.9762095,0.9720892,0.9867846,0.96617126,0.9813609,0.9775494,0.97381914,0.9880113,0.97007734,0.99260324,0.97892207,0.97777945,0.9830013,0.98133445,0.9673631,0.9818915,0.9786807,0.8427428,0.98413265,0.92381245,0.9795497,0.9804751,0.985571,0.9779986,0.97646743,0.9842734,0.9829917,0.973645,0.96523637,0.9712343,0.97628695,0.97024256,0.9805564,0.9820443,0.9782218,0.93648773,0.9869739,0.97139704,0.9779915,0.96563405,0.9676411,0.9553439,0.98301804,0.98328274,0.98192644,0.97967744,0.98750824,0.9680548,0.97674036,0.9789399,0.9862992,0.9793181,0.97563314,0.97842425,0.9815211,0.9740404,0.98160374,0.9701132,0.9887469,0.9478344,0.97670686,0.98471886,0.98715776,0.98104024,0.97528505,0.98029745,0.98750824,0.9809613,0.981602,0.9884218,0.9797941
beachbummovie,0.969005,0.9753206,0.96605957,0.9643834,0.97238886,0.9658065,0.97800046,0.96708554,0.98204255,0.9706833,0.9686804,0.9741865,0.97880393,0.9709488,0.98585516,0.9834475,0.9742976,0.9748755,0.9631983,1.0,0.97187024,0.97533774,0.9836813,0.9713724,0.9775206,0.6492461,0.9760844,0.98243743,0.97769564,0.9787921,0.9718497,0.975603,0.9727012,0.9856052,0.95693195,0.93395275,0.98097086,0.97642845,0.96886677,0.96462053,0.963964,0.98038673,0.976216,0.97895086,0.9724046,0.97547823,0.98158467,0.9701819,0.96951383,0.97972476,0.98317534,0.98194796,0.9781755,0.9735836,0.9510511,0.967376,0.97404474,0.9830891,0.97718805,0.97578245,0.96589744,0.96926194,0.9800327,0.9759993,0.975287,0.9799292,0.97640157,0.9721177,0.97910744,0.97740036,0.9745516,0.48240995,0.962003,0.9819838,0.97284514,0.970948,0.96001476,0.98081964,0.9770072,0.98103243,0.9662891,0.97736996,0.9686251,0.9728229,0.9777843,0.9567206,0.9764788,0.97940713,0.97780126,0.9731365,0.9815191,0.9745516,0.9578437,0.97919923,0.981475,0.9802577,0.9722517,0.98588663,0.9701981,0.98678493,0.9830614,0.9693123,0.97986287,0.9711387,0.9713927,0.9844507,0.9764578,0.9785973,0.9728119,0.9731429,0.9813097,0.8502195,0.973925,0.9261741,0.9768582,0.96990746,0.97078353,0.98064625,0.9742541,0.96396446,0.9706613,0.9629212,0.96219134,0.97305816,0.98052925,0.98044133,0.9707133,0.9649087,0.97134656,0.9443915,0.97902834,0.97685724,0.9756804,0.9679042,0.98330045,0.9707734,0.97347236,0.9804025,0.975652,0.98408455,0.98204255,0.96619713,0.975583,0.9748219,0.9757549,0.9703965,0.9707353,0.9619849,0.98130584,0.96935993,0.9815162,0.96152496,0.97930574,0.9434004,0.98204905,0.9714299,0.97796166,0.97027916,0.9762,0.9685691,0.98204255,0.96215194,0.9837145,0.97664267,0.986513
bernadettefilm,0.9847134,0.98404896,0.98299414,0.96924996,0.985694,0.980873,0.98534006,0.98147494,0.9942117,0.9833722,0.9791324,0.9838457,0.98946255,0.982982,0.9742086,0.98735607,0.9895275,0.9865908,0.9880293,0.97187024,1.0000001,0.98724324,0.9860865,0.9917245,0.97855407,0.6413107,0.98862624,0.9895448,0.98781836,0.9659152,0.99321824,0.9909586,0.977622,0.9867883,0.9711792,0.9648473,0.9844017,0.98926544,0.99250907,0.9843341,0.98113835,0.98515546,0.96948695,0.9788357,0.99075335,0.9907846,0.9868484,0.9898742,0.98219085,0.9831293,0.98804957,0.9875627,0.99146086,0.9792523,0.9579274,0.9826207,0.97696316,0.9850575,0.9789041,0.9888875,0.9842498,0.97731084,0.9908836,0.9879397,0.99231094,0.98126733,0.97683764,0.9795364,0.98243827,0.9826701,0.99201,0.48030323,0.9669664,0.989002,0.9861084,0.97581786,0.9479454,0.9909652,0.98236066,0.9892592,0.98164725,0.98988855,0.98947906,0.9821649,0.985579,0.9782564,0.9801106,0.9906337,0.9911227,0.97910154,0.9846546,0.99201,0.98067605,0.98995644,0.9800809,0.98469883,0.9905796,0.9789846,0.9782889,0.98551077,0.98935145,0.9877065,0.98098963,0.9926071,0.98414683,0.988819,0.9887696,0.9916504,0.97882926,0.99145097,0.9860218,0.839059,0.99091667,0.9501043,0.991867,0.98702055,0.99203557,0.98742193,0.9863618,0.98271286,0.9892926,0.9757981,0.9764849,0.98203564,0.9844668,0.98830616,0.9870829,0.9921294,0.9840872,0.9651714,0.9965336,0.97377247,0.98692715,0.9761133,0.98141956,0.95817536,0.98905385,0.98571044,0.9904965,0.987449,0.9942117,0.98159003,0.99066573,0.99102694,0.9923456,0.98061806,0.98410827,0.98205286,0.989726,0.9857364,0.989672,0.9828161,0.99340147,0.9473756,0.9843313,0.987472,0.98813856,0.9870554,0.98648685,0.9908165,0.9942117,0.9850114,0.9887352,0.991277,0.9840676
