movie,21bridgesmovie,47metersdown,abeautifuldaymovie,abominablemovie,adastramovie,adogsjourneymovie,aftermathmovie,aftermovie,ahiddenlifefilm,alitamovie,angelhasfallen,angrybirdsmovie,annabellemovie,annamovie,apollo11movie,arcticdogsmovie,arcticmovie,artofracingmovie,avengers,beachbummovie,bernadettefilm,blackandbluemovie,blackchristmas,blindedbythelightmovie,bombshellmovie,booksmart,breakthroughmovie,brianbanksmovie,brightburnmovie,brittanyrunsmov,captainmarvelofficial,captivestatemovie,catsmovie,charliesangels,childsplaymovie,clarathefilm,coldpursuitmovie,countdown,currentwarmovie,darkwatersmovie,detectivepikachumovie,disneyaladdin,disneyfrozen,disneymaleficent,doctorsleepmovie,dolemiteismyname,dontletgomovie,doramovie,downtonabbey_official,dumbo,escaperoom,everybodyknowsmovie,fastandfuriousmovie,fightingwmyfam,fivefeetapartfilm,fordvferrari,freaksthefilm,geminimanmovie,glassmovie,gloriabellmovie,godzillamovie,goldfinchmovie,goodboysmovie,goodliarmovie,gretafilm,halathemovie,happydeathdaymovie,harrietfilm,hellboymovie,hersmellmovie,highlifemovie,highstrungmovie,honeyboymovie,hotelmumbaifilm,httydragon,hustlemovie,hustlersmovie,isntitromantic,itmovieofficial,jayandsilentbob,johnwickmovie,jojorabbitmovie,jokermovie,judythefilm,jumanjimovie,justmercyfilm,knivesout,lalloronamovie,lastblackmansf,lastchristmasthemovie,latenightmovie,lighthousemovie,lionking,littlethemovie,littlewomenmovie,littlewoodsfilm,longshotmovie,lordsofchaosmovie,lucyintheskyfilm,mamovie2019,marriagestory,meettheaddams,meninblack,midsommarmovie,midwaymovie,missbalamovie,missinglinkfilm,motherlessbklyn,onceinhollywood,onthebasisofsex,overcomermovie,peanutbutterfalcon,petsematarymovie,piercingmovie,playingwithfire,playmobilthemovie,pomsmovie,queenandslim,rambomovie,readyornotfilm,richardjewellfilm,rocketmanmovie,scarystoriesmovie,secretlifeofpets,serenityfilm,shaftmovie,shazammovie,spidermanmovie,spiesindisguise,starwars,stormboymovie,stubermovie,taosdfilm,teenspiritmov,terminator,theaeronautsmov,thebestofenemies,thedeaddontdie,thefarewell,thehighwaymen,thehummingbirdprojectfilm,theintrudermovie,theirishmanfilm,thekitchenmovie,thelegomovie,themustangfilm,thenightingalefilm,theprodigymovie,thesunisalsoastar,theupsidefilm,tolkienmovie,toystory,triplefrontier,uglydolls,uncutgems,underthesilverlake,usmovie,wavesmovie,whatmenwant,wonderparkmovie,wrinklestheclown,xmenmovies,yardiefilm,yesterdaymovie,zombieland
21bridgesmovie,0.9999998,0.9560748,0.9596433,0.9489884,0.9583995,0.95220405,0.97657436,0.95759445,0.9786443,0.9511207,0.9626253,0.94940144,0.9553283,0.9688761,0.96170205,0.9533778,0.96448493,0.9543842,0.9748036,0.9511658,0.96297854,0.9696601,0.9674199,0.9696309,0.96545786,0.90169364,0.9566718,0.9636128,0.96575916,0.95613694,0.9603774,0.96029556,0.9597662,0.9521059,0.9419065,0.9362749,0.97137177,0.95941645,0.970583,0.95899767,0.954207,0.96713287,0.9456867,0.963513,0.96470284,0.960087,0.9613245,0.9630757,0.9532734,0.96757406,0.96523815,0.9597153,0.97023135,0.94730693,0.9410713,0.9466443,0.96602297,0.96608716,0.9650772,0.9586791,0.9553271,0.96760166,0.9624084,0.96338254,0.9528276,0.95280737,0.9516672,0.9502391,0.9604961,0.9419927,0.96635765,0.752505,0.9539341,0.95916075,0.9585419,0.95084345,0.9442671,0.9710903,0.9647068,0.95874584,0.95997614,0.96506965,0.969624,0.95802426,0.9582746,0.9543654,0.9577387,0.96313053,0.9584523,0.9590379,0.9617866,0.96635765,0.958415,0.9635032,0.9643126,0.9620295,0.94957006,0.9533499,0.95788723,0.9639579,0.9563481,0.96882457,0.9536295,0.9652775,0.96277297,0.965016,0.95264566,0.95930195,0.9514786,0.9493157,0.9676938,0.8773223,0.9629952,0.9447722,0.95386404,0.9734067,0.9865133,0.94842196,0.96226233,0.9648249,0.9690526,0.9576545,0.96276844,0.95089984,0.9586981,0.9563392,0.96288407,0.95806164,0.96025884,0.9430119,0.96650773,0.95211375,0.9695504,0.9432265,0.95787597,0.95830625,0.9675371,0.9441782,0.96014214,0.9637549,0.9786443,0.9627442,0.95264065,0.95590585,0.96300745,0.9625575,0.9522309,0.9491153,0.95799667,0.96476364,0.97449267,0.95366985,0.9644504,0.94511837,0.9611973,0.9625513,0.95914483,0.9665833,0.9468606,0.94587547,0.9786443,0.95741904,0.96213937,0.9688116,0.9655151
47metersdown,0.9560748,0.9999999,0.9555734,0.95320195,0.95959425,0.9638866,0.9585484,0.96602964,0.9756477,0.94952726,0.95601875,0.94464606,0.9515143,0.958001,0.9615712,0.96371096,0.9564032,0.96020246,0.9586711,0.9589967,0.9493326,0.9670667,0.9693099,0.97113484,0.95249474,0.8919788,0.95092577,0.95382243,0.9566408,0.94911265,0.96061355,0.9623347,0.9509474,0.94818324,0.9664592,0.9179515,0.9489453,0.9450027,0.9639813,0.9516334,0.94144255,0.95603764,0.93975765,0.9573956,0.95418686,0.95416087,0.96530473,0.9525052,0.9543323,0.9574228,0.9643717,0.9536861,0.95141083,0.938918,0.94802785,0.94592357,0.95890343,0.9529396,0.9565797,0.9574074,0.93886065,0.9495315,0.9528356,0.95844364,0.9501681,0.95827365,0.9520754,0.9401258,0.9636328,0.9532536,0.95992637,0.7732351,0.9436212,0.95820445,0.9547637,0.9407659,0.94543046,0.95337355,0.95650905,0.9535335,0.96251905,0.9557862,0.9608856,0.9607618,0.9578512,0.94403774,0.9576252,0.95352525,0.96699417,0.96026355,0.94800675,0.95992637,0.9321199,0.95978785,0.9523535,0.96063596,0.9410289,0.9561145,0.9593667,0.9589681,0.9374837,0.9637095,0.9473663,0.9618568,0.96072376,0.96101713,0.9507511,0.95267683,0.95385844,0.9528084,0.9657577,0.8676112,0.95367324,0.95082307,0.94752574,0.96103317,0.958141,0.964828,0.95729405,0.9611097,0.95452994,0.9538821,0.9591045,0.9614162,0.94556767,0.95592046,0.9615988,0.9615301,0.9504159,0.94013894,0.9573093,0.9556107,0.95885247,0.9445811,0.9591197,0.95045143,0.9534162,0.95482385,0.9656893,0.9519103,0.9756477,0.95958775,0.95030737,0.95064235,0.9445831,0.95125765,0.9401107,0.96206504,0.9579601,0.9459538,0.9553337,0.9449548,0.94459337,0.9317947,0.9546164,0.9446654,0.9589167,0.9559905,0.9574181,0.9464502,0.9756477,0.9549741,0.9547415,0.96895784,0.9636647
abeautifuldaymovie,0.9596433,0.9555734,1.0000002,0.95074755,0.9530562,0.9563697,0.9701327,0.9597074,0.98030835,0.95288837,0.96443015,0.95472354,0.9643848,0.96582264,0.9643151,0.9653951,0.95929295,0.9611853,0.94973457,0.95291954,0.9562631,0.9665673,0.96435875,0.96657926,0.9595499,0.88794994,0.9547724,0.9636912,0.9711336,0.9571398,0.9541533,0.96455246,0.9446371,0.95441604,0.94621426,0.93263775,0.9628789,0.9478663,0.9688431,0.9615121,0.95974934,0.9723906,0.95537686,0.9668441,0.96679443,0.9615583,0.9599303,0.95916605,0.9656257,0.9689035,0.9680058,0.9605876,0.95955414,0.94996834,0.9603035,0.960014,0.95441544,0.95835334,0.9663958,0.96296495,0.9479736,0.96666574,0.9619881,0.96855885,0.9556042,0.951965,0.95748115,0.94335926,0.970698,0.94796705,0.96812,0.75609803,0.9602773,0.9682593,0.95233566,0.94294566,0.92156863,0.9593524,0.95316917,0.964249,0.9625614,0.96632385,0.9663344,0.96002024,0.958551,0.953391,0.95915544,0.97091085,0.95667326,0.9660925,0.95100397,0.96812,0.9505519,0.96337247,0.961695,0.96032226,0.9581584,0.9580855,0.95096105,0.95479584,0.9604302,0.9582479,0.9569844,0.9635654,0.95391357,0.9677628,0.96170676,0.96714824,0.9607861,0.9574058,0.96654797,0.8750279,0.9636879,0.9470466,0.95758295,0.962776,0.9662988,0.9556242,0.9587985,0.9729399,0.96888477,0.9559463,0.9659751,0.94925565,0.95924634,0.961176,0.96747994,0.95251983,0.959457,0.9552306,0.9601412,0.9573451,0.9595146,0.9456056,0.9593442,0.95143974,0.953156,0.9511359,0.9641222,0.956864,0.98030835,0.96457726,0.96230686,0.9597536,0.9596074,0.952999,0.9624097,0.9535366,0.96646076,0.94692856,0.9644614,0.9718267,0.9621993,0.91320467,0.9561815,0.958616,0.95509446,0.96957076,0.95571864,0.9521098,0.98030835,0.9495964,0.95992464,0.97160023,0.96661115
abominablemovie,0.9489884,0.95320195,0.95074755,1.0,0.95753765,0.94406164,0.9580874,0.95334715,0.9727934,0.95619816,0.9384304,0.94078684,0.95242345,0.95066893,0.9553417,0.95472413,0.9525577,0.95371884,0.9420926,0.9510067,0.9371846,0.9516146,0.9531064,0.95946044,0.9522814,0.89052033,0.9410123,0.9462814,0.95311356,0.9397418,0.9567119,0.94969755,0.94189274,0.93897474,0.9532406,0.93549347,0.9509844,0.95477057,0.9531812,0.9498436,0.9305877,0.9556326,0.9383,0.9540915,0.95719606,0.959567,0.95221764,0.95113313,0.9588347,0.955622,0.95292974,0.95072687,0.94776595,0.9550166,0.9536209,0.9532642,0.9393285,0.9639087,0.9578426,0.9589305,0.9316659,0.9592842,0.9544995,0.9529604,0.94620335,0.9544357,0.94346464,0.93604517,0.95032954,0.94744104,0.9656564,0.75855285,0.95224375,0.9576174,0.9543399,0.94758147,0.9372885,0.94771653,0.9477292,0.93760854,0.9409368,0.95292854,0.9553749,0.95937324,0.95490986,0.9488544,0.959671,0.9474503,0.9562712,0.95453846,0.94436646,0.9656564,0.9447435,0.95387644,0.9471567,0.95912,0.94558656,0.95346355,0.95085734,0.9384358,0.949851,0.96000576,0.9403263,0.9696209,0.9421502,0.9541445,0.9504821,0.94895107,0.94956636,0.946151,0.96460366,0.88785255,0.95146084,0.94345397,0.9419497,0.9548378,0.9648999,0.94279647,0.948451,0.96024525,0.9414368,0.95566946,0.95858276,0.9406172,0.93916047,0.95353156,0.9519891,0.9514708,0.9563045,0.94193,0.95126694,0.9473764,0.94598633,0.9324548,0.96484315,0.935539,0.9533379,0.9391022,0.96919894,0.9516289,0.9727934,0.94860643,0.9502004,0.9522962,0.93357396,0.94237673,0.94649845,0.9578013,0.9564359,0.93926436,0.9521394,0.94926196,0.9452843,0.9139,0.943761,0.9516923,0.9363342,0.9586526,0.94321847,0.9472795,0.9727934,0.9346977,0.94839674,0.95830226,0.9476038
adastramovie,0.9583995,0.95959425,0.9530562,0.95753765,1.0000002,0.958933,0.95809656,0.96059465,0.97845805,0.97192675,0.95655465,0.9528541,0.95446485,0.95984226,0.9598213,0.9588942,0.9662701,0.9803223,0.96124095,0.95230144,0.95399404,0.959379,0.96788126,0.9676492,0.95530295,0.8833339,0.9675696,0.9561938,0.96028966,0.960361,0.9627506,0.96467084,0.9495328,0.9435505,0.95394254,0.92781776,0.96432334,0.95260924,0.9590644,0.96066743,0.9565994,0.96947044,0.95498896,0.9622105,0.96725714,0.9573236,0.9651194,0.9589273,0.9617189,0.9668689,0.9610808,0.9642552,0.9541464,0.94082314,0.9528779,0.9780893,0.95691776,0.9778035,0.9622279,0.95525444,0.9563312,0.9658841,0.96649206,0.96386105,0.95988446,0.9515107,0.9637226,0.9414736,0.9558265,0.9537958,0.9592503,0.75808966,0.95045954,0.9609327,0.95251113,0.94476384,0.9187673,0.9634486,0.9590458,0.9465245,0.95879483,0.94965345,0.9701461,0.9593883,0.9498915,0.96133024,0.9542154,0.95462435,0.9576237,0.96200275,0.9627759,0.9592503,0.9521084,0.9639802,0.96028805,0.95942086,0.9545768,0.96024495,0.95949167,0.95783335,0.9503422,0.96933126,0.94514656,0.96673256,0.95154786,0.9594338,0.9537333,0.96644515,0.94738066,0.9537889,0.974263,0.89328945,0.9753641,0.9391577,0.96101385,0.96936965,0.9599211,0.95791304,0.9587522,0.95708245,0.9673852,0.9708364,0.96981597,0.95044243,0.96346587,0.958989,0.9580885,0.95247555,0.9631517,0.9404616,0.958083,0.9651063,0.9648482,0.9376696,0.9699396,0.95938563,0.950997,0.9591486,0.9665383,0.9569204,0.97845805,0.95376897,0.9552982,0.96691126,0.95311743,0.9540394,0.9510542,0.959705,0.967345,0.9433728,0.9554192,0.9564267,0.95616835,0.9285515,0.954763,0.95341104,0.9529287,0.95871794,0.960418,0.96620005,0.97845805,0.9663848,0.948075,0.96274716,0.9551699
adogsjourneymovie,0.95220405,0.9638866,0.9563697,0.94406164,0.958933,1.0,0.9648519,0.9615409,0.9778252,0.9446977,0.9512134,0.9525534,0.9470742,0.954019,0.9636949,0.95641154,0.9569466,0.9593418,0.95239204,0.9496425,0.9647877,0.9683554,0.97504956,0.9612917,0.9552885,0.8951945,0.9551171,0.9624232,0.9598416,0.9565632,0.95487565,0.9652045,0.95974976,0.9545025,0.9529311,0.9335515,0.9580113,0.9468494,0.95850545,0.9587451,0.94821423,0.95342153,0.9532468,0.9601827,0.9625453,0.95325375,0.9735074,0.95505655,0.9485136,0.9598181,0.96468496,0.9608521,0.95559955,0.93584293,0.93035704,0.95230484,0.94693786,0.95725554,0.9578791,0.9499515,0.9508833,0.95512104,0.9595746,0.95917284,0.95038325,0.9446236,0.9667506,0.9451555,0.9573952,0.9480523,0.9573068,0.7543787,0.9432922,0.95606697,0.9605788,0.93583196,0.93094665,0.95542955,0.95859015,0.95256823,0.96096826,0.9534311,0.9652108,0.95630497,0.9473284,0.9560548,0.9500716,0.96061665,0.95834035,0.9541397,0.9494451,0.9573068,0.9324941,0.9583869,0.9561807,0.9609977,0.9387756,0.9561448,0.9584062,0.9623532,0.9443185,0.96884125,0.94226897,0.9591772,0.945955,0.9626081,0.9503799,0.9578453,0.95163727,0.958491,0.96453893,0.8776962,0.9601802,0.94016814,0.95363927,0.95428073,0.9546043,0.9542304,0.95736414,0.9651281,0.9592484,0.957566,0.9534335,0.97255933,0.9541502,0.9634086,0.9697447,0.9503482,0.9457405,0.9489263,0.9629711,0.9465867,0.96110857,0.9522975,0.9660003,0.9512073,0.9536654,0.952129,0.96145374,0.95107436,0.9778252,0.9600158,0.9577005,0.96252406,0.9420586,0.9504264,0.94803435,0.9537519,0.9533372,0.94055265,0.96091837,0.9590502,0.9541077,0.9285009,0.95639455,0.9531664,0.9646003,0.95713603,0.96517944,0.963103,0.9778252,0.9499255,0.9639152,0.9702953,0.9635161
aftermathmovie,0.97657436,0.9585484,0.9701327,0.9580874,0.95809656,0.9648519,0.9999998,0.96621245,0.9855959,0.95689607,0.959892,0.95073503,0.9603722,0.97173005,0.96973234,0.96359444,0.9666614,0.96718323,0.96184635,0.9584484,0.95811677,0.9694107,0.97283196,0.9731825,0.96864325,0.91504776,0.9605942,0.9690773,0.9718251,0.96449584,0.9656268,0.97198886,0.9645612,0.9655315,0.9492544,0.9386601,0.97155315,0.95487833,0.97868645,0.96567476,0.9582849,0.96730345,0.94974566,0.97165126,0.9721769,0.9690431,0.967615,0.9623245,0.9610059,0.9716321,0.9685533,0.9660845,0.9689914,0.9533697,0.94940317,0.9560551,0.96008444,0.9687124,0.97053546,0.9642713,0.95837873,0.9646909,0.96764654,0.969427,0.9562478,0.9633564,0.96749926,0.9570874,0.97068566,0.953463,0.97109616,0.7486936,0.96262604,0.96704185,0.96168274,0.9597592,0.9496784,0.97042835,0.9707083,0.9617622,0.9649388,0.9829634,0.9715559,0.96573466,0.96205294,0.9632717,0.96569586,0.9701551,0.9675754,0.96545786,0.956595,0.97109616,0.9579166,0.970678,0.9659306,0.96483696,0.9583318,0.9582254,0.97784466,0.96800524,0.96238714,0.9740788,0.9627115,0.96907,0.9651004,0.9683757,0.96468484,0.9638623,0.9584924,0.9604754,0.9743358,0.893118,0.9637664,0.95007586,0.96188104,0.9680961,0.9796713,0.9524185,0.96707875,0.9896796,0.96565056,0.96072364,0.970381,0.9604371,0.95874846,0.9661084,0.96933085,0.95285755,0.9627923,0.95335287,0.9702134,0.9613025,0.96438676,0.95546925,0.9683993,0.96142095,0.96857727,0.9508875,0.9684402,0.97249675,0.9855959,0.9678054,0.96636605,0.9583056,0.9627741,0.9590503,0.9574983,0.959758,0.9633676,0.96689904,0.9877573,0.9621175,0.96681756,0.9353024,0.9647768,0.9699513,0.96146464,0.9738487,0.9575412,0.9551251,0.9855959,0.96085155,0.9729754,0.9738077,0.9687465
aftermovie,0.95759445,0.96602964,0.9597074,0.95334715,0.96059465,0.9615409,0.96621245,0.99999994,0.979459,0.95864564,0.94563717,0.9574998,0.95803887,0.9597169,0.9661564,0.9589369,0.94962704,0.96499944,0.96407425,0.95442784,0.954305,0.97195375,0.96825135,0.974842,0.95420784,0.89063287,0.95258737,0.94862586,0.96381,0.94883454,0.95709294,0.9650539,0.95322555,0.944482,0.950202,0.93613935,0.9595925,0.9515462,0.9699858,0.9606552,0.93970335,0.95985097,0.944007,0.9635259,0.96335804,0.9654572,0.9634874,0.9662406,0.9555891,0.96315676,0.9584522,0.9709939,0.96183336,0.94084406,0.9624327,0.9575991,0.95601803,0.9623212,0.9613673,0.96290064,0.94555706,0.95892304,0.96382546,0.95815134,0.95807695,0.9597539,0.9560151,0.9563001,0.96220195,0.9531515,0.9660752,0.7641587,0.9422918,0.9634,0.94909066,0.9469916,0.9350979,0.9584018,0.96318674,0.95673317,0.95494115,0.9664357,0.9664001,0.9572258,0.95377094,0.9577658,0.96294385,0.96342117,0.96423775,0.9554654,0.9637876,0.9660752,0.9502402,0.9653493,0.9571643,0.96275437,0.94748276,0.95172554,0.9581027,0.9573014,0.9524859,0.9699765,0.94978505,0.9690377,0.9574564,0.9586094,0.95830536,0.95710903,0.9572523,0.96259207,0.96795577,0.87508535,0.9613405,0.94552535,0.9552614,0.9625622,0.96220005,0.9532778,0.9693083,0.97149223,0.9586272,0.95175415,0.9664869,0.9553406,0.9470659,0.95776206,0.96635485,0.95913905,0.95994323,0.93730444,0.95779896,0.9568555,0.95397717,0.94220585,0.9640315,0.94855815,0.95724666,0.9598477,0.96902275,0.95904565,0.979459,0.95486325,0.96148753,0.9572192,0.9494553,0.9647902,0.9561941,0.95395523,0.9602075,0.9418972,0.96191686,0.9530579,0.9510098,0.9322654,0.95979065,0.95543987,0.9566519,0.9575524,0.96742755,0.9561564,0.979459,0.9555321,0.96495676,0.964147,0.9573919
ahiddenlifefilm,0.9786443,0.9756477,0.98030835,0.9727934,0.97845805,0.9778252,0.9855959,0.979459,1.0,0.9727426,0.97402376,0.9683321,0.97486585,0.98180413,0.98182786,0.9782445,0.97814375,0.9793642,0.9761263,0.97273976,0.9736097,0.98121274,0.9852717,0.98513806,0.9754649,0.9126386,0.9709777,0.9808893,0.981379,0.97072786,0.9760694,0.9824909,0.969454,0.969741,0.97017086,0.95474946,0.9797248,0.96992815,0.9819617,0.976255,0.9712858,0.98323584,0.96648467,0.9814561,0.98249424,0.9787906,0.9828741,0.97956717,0.9778556,0.98309636,0.979507,0.98027366,0.97550607,0.9659957,0.969349,0.97520804,0.97278684,0.9808559,0.9828715,0.97954404,0.96862525,0.9785012,0.98022175,0.9821072,0.971578,0.97353804,0.9728898,0.96397316,0.9791058,0.9714536,0.98464465,0.7649896,0.9726791,0.9811978,0.9745385,0.9668927,0.95058244,0.97970766,0.97746307,0.97725815,0.97972333,0.9779153,0.9832424,0.97903955,0.97068954,0.9733607,0.9781298,0.980685,0.97832304,0.9791885,0.97019464,0.98464465,0.97034913,0.9814674,0.9753007,0.9787087,0.9697006,0.9771837,0.9761894,0.9780934,0.969202,0.9841533,0.968904,0.98491323,0.9752456,0.9796619,0.9781854,0.97869056,0.9713802,0.97495484,0.9858821,0.8974154,0.97932357,0.96434426,0.9756734,0.9841063,0.9835343,0.9714708,0.9809933,0.98552233,0.97943175,0.9789724,0.9836224,0.97118783,0.97215897,0.9779792,0.98327684,0.96933126,0.97901976,0.9647936,0.9786172,0.973754,0.97738415,0.96478856,0.9804243,0.96975636,0.9759117,0.96804667,0.9841968,0.9765487,1.0,0.9764084,0.9723432,0.97721654,0.97171044,0.973449,0.97346723,0.9772521,0.98045003,0.96715206,0.98015004,0.9774206,0.97483474,0.94352746,0.9775569,0.97806066,0.9728925,0.9825904,0.9749737,0.9733583,1.0,0.97007954,0.9778775,0.98661566,0.97889584
alitamovie,0.9511207,0.94952726,0.95288837,0.95619816,0.97192675,0.9446977,0.95689607,0.95864564,0.9727426,1.0000005,0.9420836,0.9488144,0.9557211,0.96543247,0.9571998,0.9536752,0.9590693,0.9654882,0.95338786,0.95161057,0.9412787,0.9492911,0.9594089,0.9690779,0.9451676,0.88735324,0.9507885,0.9466296,0.9526797,0.9503467,0.9595946,0.960131,0.9388094,0.937202,0.9478711,0.91824096,0.9570446,0.94666564,0.96166927,0.95492387,0.9477846,0.9570655,0.9473098,0.95580006,0.95977867,0.9521636,0.9577824,0.9520324,0.95196134,0.9581981,0.9532578,0.9552879,0.94601756,0.944641,0.94985884,0.9706997,0.93895113,0.963358,0.952622,0.95030844,0.9405709,0.95302707,0.95917606,0.9627498,0.9512919,0.9498876,0.95127636,0.93074095,0.95200384,0.9568513,0.95296234,0.7562498,0.94468737,0.95941967,0.9489313,0.9485524,0.922918,0.9572639,0.9514255,0.95151526,0.95508045,0.94978076,0.95502764,0.9571398,0.9538897,0.9600057,0.95830834,0.9487299,0.9488435,0.9535389,0.9518046,0.95296234,0.95433843,0.96152014,0.9496185,0.94552976,0.9543282,0.9530752,0.95232064,0.9514874,0.94463104,0.96209985,0.9423636,0.9636299,0.9673028,0.9531007,0.9551597,0.9575249,0.93970215,0.94175774,0.9703438,0.88906807,0.9620725,0.9273429,0.95931774,0.9626079,0.95599025,0.9470524,0.96512645,0.954171,0.95714223,0.9618992,0.95762223,0.9407397,0.951408,0.95902085,0.9572709,0.94296473,0.9572194,0.94226927,0.95705545,0.9644004,0.95352936,0.9364137,0.96267503,0.9470353,0.9539532,0.940349,0.955734,0.9589557,0.9727426,0.9460705,0.9420563,0.9516519,0.94668597,0.94337034,0.94045955,0.9569927,0.95913035,0.9387186,0.951597,0.95329285,0.94938886,0.929896,0.9537916,0.9470035,0.9393477,0.9626024,0.95493615,0.95639193,0.9727426,0.95911604,0.94695455,0.9518603,0.9481087
angelhasfallen,0.9626253,0.95601875,0.96443015,0.9384304,0.95655465,0.9512134,0.959892,0.94563717,0.97402376,0.9420836,1.0000001,0.94906604,0.9533534,0.9535142,0.9567323,0.9628206,0.95390487,0.958479,0.947649,0.9528369,0.9533573,0.9627691,0.9640441,0.96179473,0.9533222,0.87971276,0.9470913,0.9631278,0.96301675,0.95326537,0.9388374,0.9588843,0.9452595,0.9520383,0.9463459,0.93416363,0.9551011,0.945817,0.9592361,0.9539508,0.95713556,0.9674932,0.94656575,0.9616842,0.95998114,0.9615774,0.96391773,0.9577843,0.9569545,0.96590793,0.96306074,0.9547531,0.9580703,0.948265,0.94858956,0.94970965,0.9601838,0.95890385,0.9574479,0.95086193,0.95157397,0.96175295,0.95341754,0.9623594,0.947745,0.966872,0.9581963,0.93753856,0.9630607,0.9469342,0.95777756,0.7416707,0.95362693,0.9608246,0.948421,0.9475504,0.9224991,0.9577203,0.94895136,0.9606241,0.9668835,0.95023566,0.9628505,0.95357287,0.94953656,0.94990486,0.96260077,0.9588047,0.9591764,0.9641169,0.95597583,0.95777756,0.9552454,0.95943886,0.9537645,0.96630555,0.95959675,0.9588045,0.9536616,0.95834345,0.94367504,0.9602833,0.9429086,0.95560366,0.94589186,0.96121824,0.9558387,0.96080333,0.94914067,0.9427772,0.95683396,0.87534094,0.9630281,0.94427353,0.9541762,0.9757294,0.96321,0.94373554,0.9503405,0.9573635,0.9668714,0.95615345,0.95997924,0.9351307,0.9624163,0.9446928,0.9525718,0.9462635,0.9626738,0.9416765,0.9604098,0.9488445,0.95066386,0.9400648,0.95286775,0.9477396,0.9524585,0.9462503,0.95706517,0.95526195,0.97402376,0.96386385,0.9501889,0.95559037,0.9514386,0.9557248,0.9548237,0.9491136,0.95981675,0.9487418,0.9533986,0.9516323,0.9580266,0.9193152,0.9515937,0.9511213,0.9505009,0.9636706,0.9532135,0.94982636,0.97402376,0.95623577,0.9576839,0.96986294,0.9673558
angrybirdsmovie,0.94940144,0.94464606,0.95472354,0.94078684,0.9528541,0.9525534,0.95073503,0.9574998,0.9683321,0.9488144,0.94906604,1.0000002,0.94533354,0.94747293,0.95488864,0.9500093,0.9451521,0.9536183,0.94782877,0.94728374,0.9521381,0.9540839,0.95537585,0.9540084,0.9486588,0.8846828,0.9302922,0.9498857,0.9628189,0.94257784,0.94114816,0.9420914,0.94302505,0.94438654,0.9367281,0.93524724,0.9544864,0.9494948,0.95215976,0.9423477,0.931726,0.9550067,0.94642997,0.9460581,0.9530065,0.9468592,0.9519706,0.951264,0.94912887,0.950199,0.96023196,0.9441268,0.9505745,0.9395276,0.9546734,0.95133597,0.93832934,0.9522846,0.9511535,0.95187175,0.9349636,0.9496052,0.9612715,0.951979,0.940075,0.94416887,0.93633795,0.9236247,0.94448495,0.94182783,0.95567346,0.7532462,0.9394392,0.95602447,0.9501633,0.93350524,0.9106905,0.94750255,0.9404168,0.9472453,0.95597583,0.94665986,0.9551098,0.9483211,0.948862,0.9457096,0.9564972,0.95593244,0.94500893,0.94557065,0.9484088,0.95567346,0.9433225,0.9534628,0.9572515,0.9520081,0.95311207,0.95259964,0.937052,0.94582254,0.9378612,0.95332336,0.9446408,0.9566462,0.94596195,0.95881397,0.94425094,0.94783723,0.95296365,0.95087355,0.9559416,0.8756498,0.9483614,0.9459942,0.94929403,0.9583102,0.94753194,0.94202024,0.9564132,0.95473105,0.9508201,0.93900204,0.95522493,0.9325351,0.945535,0.9465605,0.95356715,0.9463174,0.95504576,0.93498164,0.9533314,0.9544772,0.9561531,0.9256056,0.9448523,0.93699616,0.935371,0.93161875,0.9618243,0.94876075,0.9683321,0.9415528,0.93851805,0.9595247,0.95669866,0.942263,0.9533999,0.94309735,0.9503796,0.9195808,0.94560975,0.94448197,0.95259964,0.9097198,0.94583595,0.94284874,0.93735325,0.95500225,0.9470153,0.95020616,0.9683321,0.93801135,0.9581238,0.95747405,0.95626086
annabellemovie,0.9553283,0.9515143,0.9643848,0.95242345,0.95446485,0.9470742,0.9603722,0.95803887,0.97486585,0.9557211,0.9533534,0.94533354,1.0000004,0.96386594,0.9554799,0.9597194,0.95018256,0.9547342,0.94647294,0.9539398,0.9526781,0.9556747,0.95401263,0.9587168,0.94964415,0.9068525,0.9486788,0.9461817,0.9598103,0.94358873,0.9483766,0.96186924,0.93713516,0.9336444,0.9498617,0.93901974,0.9555534,0.95621383,0.96015865,0.95672756,0.95338064,0.9584038,0.93287534,0.9548043,0.96154135,0.9642074,0.94841725,0.94950897,0.9593149,0.9549804,0.958733,0.95434934,0.95890856,0.9487393,0.9643427,0.9573991,0.94613606,0.96170145,0.9602318,0.9651932,0.96216726,0.9531166,0.95943636,0.9646182,0.9516894,0.9475775,0.951347,0.9471955,0.95723915,0.95940024,0.9704956,0.76607573,0.9544819,0.95525616,0.94812804,0.9494673,0.9303378,0.9543795,0.9517383,0.95269984,0.94916356,0.9590957,0.96198463,0.9526362,0.96390474,0.9530588,0.9609732,0.97428787,0.9635697,0.95132357,0.94826645,0.9704956,0.9500196,0.9550076,0.9536211,0.948656,0.9534162,0.96131843,0.9501162,0.95213276,0.9544608,0.95733327,0.9450278,0.9683474,0.95371383,0.9586688,0.9524753,0.9596376,0.9481761,0.94478005,0.96536297,0.89844257,0.9557545,0.9513308,0.9484235,0.96391773,0.95798355,0.9542408,0.9530107,0.96094745,0.95731723,0.95717615,0.95892745,0.9384521,0.95246065,0.9575668,0.9594429,0.9505759,0.95526946,0.9319677,0.9500308,0.9472012,0.94532424,0.9305176,0.9663931,0.9393676,0.9444775,0.95192677,0.96810436,0.9569314,0.97486585,0.9534434,0.9531176,0.9551431,0.95687675,0.94622767,0.95215243,0.9603407,0.96458,0.9416685,0.95604503,0.9524497,0.94898766,0.91157985,0.95411354,0.9575923,0.9467264,0.96444255,0.9470111,0.94396347,0.97486585,0.9459584,0.9495739,0.95726514,0.9568548
annamovie,0.9688761,0.958001,0.96582264,0.95066893,0.95984226,0.954019,0.97173005,0.9597169,0.98180413,0.96543247,0.9535142,0.94747293,0.96386594,1.0000001,0.97025496,0.9584738,0.96933794,0.9640669,0.95719606,0.9591689,0.95435625,0.96263415,0.9696076,0.9708239,0.9627964,0.8989539,0.95904547,0.9684649,0.9553454,0.9549057,0.9629899,0.9627321,0.95525205,0.9448135,0.95942193,0.93574476,0.9683972,0.95778656,0.9741789,0.9636607,0.9621402,0.9635697,0.9453234,0.9654111,0.97551286,0.9639193,0.96577585,0.96475154,0.957821,0.96540403,0.9574392,0.9619129,0.95751107,0.9492635,0.95040965,0.9617667,0.9537921,0.9642487,0.9702703,0.9565317,0.9522751,0.95800984,0.9636513,0.973883,0.95974433,0.95276237,0.955625,0.9477679,0.9626511,0.9617914,0.96483314,0.75778913,0.955072,0.9668775,0.9653029,0.9476875,0.94047046,0.96167064,0.9646751,0.9618803,0.96553314,0.95813066,0.9674331,0.9627804,0.9584851,0.95174,0.95416975,0.9660476,0.96056217,0.958986,0.95724446,0.96483314,0.9513864,0.96475816,0.95737815,0.96128905,0.9501016,0.95625854,0.9583907,0.97832286,0.95833695,0.9681845,0.95106345,0.96631414,0.97387046,0.9581182,0.9636678,0.9575308,0.9512597,0.9556334,0.9738715,0.8832563,0.967915,0.9418898,0.958056,0.96747535,0.9739248,0.96107996,0.9706604,0.97007096,0.9674869,0.9599788,0.9633704,0.95459056,0.95867026,0.97011656,0.9602977,0.94905305,0.9597369,0.9442439,0.9598719,0.96189517,0.96621495,0.9500591,0.96635544,0.95367247,0.96350896,0.94956976,0.964446,0.9690454,0.98180413,0.95301014,0.95079744,0.9554214,0.95788026,0.9567382,0.95473796,0.9676632,0.9628596,0.95674723,0.96716726,0.9581998,0.96187824,0.93815196,0.9600565,0.9596116,0.95801693,0.9660203,0.95839524,0.95729166,0.98180413,0.9627744,0.9611683,0.9703097,0.954196
apollo11movie,0.96170205,0.9615712,0.9643151,0.9553417,0.9598213,0.9636949,0.96973234,0.9661564,0.98182786,0.9571998,0.9567323,0.95488864,0.9554799,0.97025496,1.0000002,0.9619379,0.96632564,0.96404403,0.9674647,0.9712892,0.9523971,0.95862854,0.97237605,0.97319716,0.9640272,0.891477,0.94651705,0.9692151,0.9612942,0.9542129,0.97314274,0.9686663,0.9534449,0.9506431,0.9520359,0.933017,0.96321726,0.95023644,0.9689604,0.9637534,0.9561989,0.9666494,0.95982987,0.9670242,0.9687119,0.9556625,0.9676998,0.96946436,0.9602158,0.96734333,0.95993406,0.96837705,0.9562868,0.9563366,0.94761646,0.95698106,0.95036274,0.95821273,0.9662812,0.96296155,0.9535725,0.96222746,0.96504474,0.9678941,0.96072996,0.952485,0.96118325,0.9525278,0.961745,0.95111847,0.96709806,0.7530142,0.9521949,0.96801996,0.9594181,0.9469814,0.93209094,0.9596534,0.9682341,0.9712545,0.9654014,0.9590084,0.9657984,0.9663934,0.9538263,0.963599,0.963895,0.96295,0.9604359,0.96483445,0.95554286,0.96709806,0.9435656,0.9646103,0.95327413,0.9753892,0.9583577,0.9594313,0.95751804,0.9668056,0.9486292,0.97178227,0.95112306,0.9671692,0.9541475,0.9606907,0.9683089,0.9608626,0.9532469,0.9616338,0.97362393,0.8751749,0.96648324,0.9417423,0.9557567,0.9605198,0.96442163,0.95966494,0.97248906,0.9692764,0.96304137,0.9528256,0.96925914,0.9560682,0.95562035,0.969487,0.9645801,0.9574395,0.9582707,0.9615562,0.9560485,0.9610194,0.9632064,0.9565114,0.9663192,0.9491564,0.9552832,0.95552987,0.96962184,0.9556789,0.98182786,0.95756966,0.9509044,0.96136117,0.95679307,0.95968854,0.955681,0.96034765,0.9654764,0.9493635,0.97038996,0.963466,0.9619282,0.9307605,0.954275,0.9526871,0.96284235,0.96317196,0.96237653,0.9577727,0.98182786,0.95653933,0.9614861,0.9711233,0.95739895
arcticdogsmovie,0.9533778,0.96371096,0.9653951,0.95472413,0.9588942,0.95641154,0.96359444,0.9589369,0.9782445,0.9536752,0.9628206,0.9500093,0.9597194,0.9584738,0.9619379,0.9999998,0.9561048,0.96918154,0.953956,0.9524498,0.9472231,0.9628808,0.96668047,0.95878494,0.9430085,0.9069013,0.95229447,0.95351934,0.95992374,0.95201546,0.9544055,0.9599993,0.94654685,0.95951444,0.9494137,0.9245839,0.9546163,0.9493422,0.96795255,0.9530855,0.9524113,0.96714866,0.9469409,0.9696383,0.9629915,0.9646884,0.96445197,0.9580131,0.96449894,0.9643781,0.96373343,0.9605352,0.9599553,0.9507415,0.94999766,0.95335805,0.9531648,0.96637255,0.95114934,0.96379066,0.94443417,0.9578034,0.96322066,0.96172684,0.9579958,0.95902497,0.95180124,0.9443682,0.96357954,0.94639474,0.96559846,0.7512276,0.951425,0.9569207,0.9513074,0.9444272,0.9256306,0.95299655,0.9551194,0.95306176,0.96489125,0.9629223,0.96567845,0.962266,0.9591982,0.9616082,0.95970404,0.9649314,0.9585126,0.96744037,0.95617914,0.96559846,0.9529837,0.9638085,0.955301,0.9618104,0.9513955,0.9625633,0.96493876,0.9565172,0.9460914,0.95963967,0.9440269,0.96182483,0.94897574,0.9620106,0.96297616,0.96635884,0.9662134,0.95280254,0.9688075,0.8876508,0.96398383,0.9451298,0.95977473,0.9601577,0.9614835,0.9557213,0.9592509,0.96798176,0.96119297,0.9654528,0.9573828,0.9558758,0.94634795,0.9554576,0.9644339,0.9469649,0.96127087,0.9428856,0.9565164,0.96294606,0.95546234,0.9513835,0.97075325,0.9494568,0.9524956,0.9498807,0.96931916,0.95688385,0.9782445,0.96072423,0.958083,0.9521881,0.9497212,0.94906044,0.94307846,0.9519853,0.9637355,0.9461344,0.9555211,0.95150447,0.9565178,0.9326964,0.9657775,0.9518697,0.95279723,0.9662322,0.9615282,0.9561376,0.9782445,0.9444339,0.9570567,0.96966296,0.961959
arcticmovie,0.96448493,0.9564032,0.95929295,0.9525577,0.9662701,0.9569466,0.9666614,0.94962704,0.97814375,0.9590693,0.95390487,0.9451521,0.95018256,0.96933794,0.96632564,0.9561048,1.0000001,0.95574063,0.9567739,0.96042395,0.947519,0.96186864,0.96712804,0.96522534,0.95675683,0.8941221,0.95790607,0.97234064,0.95741874,0.9552697,0.9651756,0.96242386,0.94464004,0.94291764,0.9531688,0.9304574,0.95963943,0.95024043,0.9553469,0.95418394,0.9614283,0.96109676,0.9545341,0.961312,0.9692942,0.94841087,0.9630353,0.95917463,0.9557917,0.9595879,0.95405006,0.9588345,0.94547236,0.9510808,0.93850005,0.9574976,0.94521254,0.96664697,0.9672686,0.9533347,0.9475261,0.95828766,0.9585353,0.9591085,0.9531242,0.95014346,0.9552596,0.9395173,0.9565262,0.94994026,0.96031386,0.7443839,0.95504093,0.96634114,0.95576555,0.9443992,0.92686325,0.9629056,0.9629083,0.9592892,0.9636259,0.9530851,0.96429986,0.9543944,0.9434075,0.9521208,0.9553952,0.9572084,0.95299864,0.9562069,0.9512834,0.96031386,0.94515824,0.96466786,0.95123595,0.95589966,0.9469809,0.9568544,0.9557177,0.96025634,0.9453668,0.9635853,0.9494812,0.96260625,0.95631236,0.95340294,0.95314634,0.95586294,0.948563,0.953639,0.96693456,0.8915905,0.96693003,0.93958145,0.95331174,0.9636164,0.96637577,0.9576178,0.96751255,0.96058166,0.96170944,0.96775526,0.95322883,0.95241606,0.95863575,0.9724601,0.95805085,0.9449454,0.95051855,0.9529391,0.95125484,0.9414154,0.97663236,0.9608125,0.9657056,0.9539557,0.95329154,0.94598335,0.9606551,0.95662624,0.97814375,0.9524509,0.94658417,0.9535499,0.94987714,0.9517695,0.9559665,0.9552156,0.9573286,0.9482114,0.96002895,0.95793873,0.9575819,0.9242214,0.959208,0.95766795,0.95810205,0.9714862,0.9592503,0.9595307,0.97814375,0.9524256,0.95579785,0.96446854,0.94881135
artofracingmovie,0.9543842,0.96020246,0.9611853,0.95371884,0.9803223,0.9593418,0.96718323,0.96499944,0.9793642,0.9654882,0.958479,0.9536183,0.9547342,0.9640669,0.96404403,0.96918154,0.95574063,1.0000001,0.9576047,0.95816684,0.9544602,0.95989466,0.96910036,0.97201514,0.9568004,0.89361197,0.9645064,0.96073675,0.96012294,0.95305,0.95865834,0.96684873,0.9515951,0.9576909,0.9518977,0.92112803,0.9649614,0.9519892,0.9654975,0.9686255,0.9512385,0.97481185,0.9556766,0.9654602,0.96450865,0.97058374,0.966339,0.96482855,0.9610997,0.9695352,0.95664626,0.9629961,0.9618717,0.93734384,0.95637965,0.9723947,0.9561096,0.97489,0.958255,0.9629065,0.9571419,0.9588237,0.9673864,0.96828115,0.95902103,0.95957774,0.95648944,0.94127095,0.96504056,0.9484244,0.96393067,0.74815387,0.94820845,0.95671856,0.95950013,0.9487552,0.9281412,0.9649733,0.95733863,0.946865,0.96367246,0.96241814,0.9708307,0.96837777,0.9566086,0.96400607,0.95827305,0.9589644,0.96153885,0.9672779,0.95472354,0.96393067,0.9528589,0.96222126,0.9557521,0.9589492,0.9568522,0.95909286,0.9725112,0.96330464,0.95689917,0.9714397,0.9456028,0.96590286,0.96071684,0.9541334,0.95942485,0.9741611,0.9525943,0.94992304,0.9760069,0.8833034,0.97259027,0.9389888,0.9640273,0.9651136,0.9592138,0.95626515,0.96160567,0.9653505,0.966231,0.96138024,0.9688068,0.9553924,0.9667553,0.95517385,0.9619787,0.94199437,0.9717489,0.9515887,0.9556135,0.97260773,0.9556545,0.94136083,0.97174066,0.9513684,0.9534353,0.9550564,0.9657611,0.9708909,0.9793642,0.9569991,0.9654139,0.96625966,0.9529223,0.9520095,0.9509925,0.9586806,0.96931267,0.95366263,0.95863366,0.9598386,0.9621337,0.92357564,0.95674,0.9583202,0.9501347,0.96390015,0.96975774,0.9640959,0.9793642,0.96097124,0.9590046,0.9644598,0.9567628
avengers,0.9748036,0.9586711,0.94973457,0.9420926,0.96124095,0.95239204,0.96184635,0.96407425,0.9761263,0.95338786,0.947649,0.94782877,0.94647294,0.95719606,0.9674647,0.953956,0.9567739,0.9576047,1.0000001,0.95387524,0.9615412,0.9625656,0.96530014,0.9657691,0.956975,0.89051455,0.95105267,0.9532733,0.95550746,0.95292443,0.9729084,0.95967466,0.9513465,0.94301444,0.9439887,0.929903,0.95670617,0.9439825,0.96275413,0.94932425,0.948408,0.96472526,0.9504754,0.9625323,0.95912945,0.953222,0.95955485,0.96650493,0.94879067,0.96339184,0.95697796,0.96181864,0.9623114,0.9413972,0.9399729,0.95055526,0.95415723,0.96059,0.9483444,0.96285766,0.94723064,0.9519518,0.9615726,0.95735925,0.956793,0.94686586,0.9404581,0.94752717,0.9521859,0.9459997,0.96215343,0.75589854,0.94074434,0.9541256,0.95814115,0.94451326,0.9316056,0.96049774,0.95673484,0.96048975,0.95876193,0.9554205,0.96492946,0.95953065,0.9506816,0.9555024,0.95366,0.9571306,0.95221424,0.9566183,0.95288557,0.96215343,0.95202035,0.9592055,0.9513405,0.9561667,0.9453424,0.94498926,0.9546298,0.95884013,0.939215,0.9673695,0.9405796,0.9604792,0.95174897,0.9554332,0.94920033,0.959352,0.94435084,0.9483097,0.9676745,0.8695186,0.96219426,0.94079113,0.9612032,0.9631066,0.96128815,0.95481193,0.963355,0.9581463,0.9612952,0.95648015,0.9686233,0.9562839,0.94972116,0.9535562,0.95649886,0.9585565,0.9551251,0.9449888,0.9616583,0.9601068,0.95949864,0.94529325,0.9557193,0.96028703,0.96004456,0.95358586,0.96063864,0.9528482,0.9761263,0.9516756,0.9402917,0.95774657,0.953083,0.95690656,0.9514404,0.95134294,0.9650158,0.9457278,0.9576482,0.9543754,0.9586758,0.9365777,0.95914686,0.949839,0.95981854,0.9586901,0.95315635,0.9546413,0.9761263,0.9516632,0.95329213,0.9581448,0.95577145
beachbummovie,0.9511658,0.9589967,0.95291954,0.9510067,0.95230144,0.9496425,0.9584484,0.95442784,0.97273976,0.95161057,0.9528369,0.94728374,0.9539398,0.9591689,0.9712892,0.9524498,0.96042395,0.95816684,0.95387524,0.9999998,0.94478273,0.9623922,0.9568569,0.963693,0.94558966,0.8965131,0.9432063,0.9563119,0.960248,0.9546273,0.9579379,0.9643298,0.94075406,0.9456141,0.95194703,0.918412,0.9474107,0.9392734,0.9489126,0.95334244,0.94617224,0.96410424,0.94894916,0.9608083,0.95732474,0.9573574,0.95121306,0.95548457,0.95002204,0.96189696,0.9524827,0.9565849,0.94977164,0.9491569,0.9427985,0.9538546,0.9489461,0.9552547,0.9584598,0.9499198,0.940608,0.9458077,0.9547225,0.9602583,0.9466826,0.95720863,0.9527023,0.94329876,0.95872337,0.9507334,0.9542769,0.78655,0.94633174,0.9534317,0.95310736,0.9440428,0.93372726,0.95324147,0.95346296,0.9549697,0.95269024,0.9521434,0.95575076,0.9553468,0.94969225,0.9467546,0.9606152,0.9478168,0.94624484,0.9594012,0.94588655,0.9542769,0.9426337,0.95284337,0.9384366,0.95957625,0.94965,0.9672575,0.95347035,0.9492086,0.9345068,0.96681064,0.956148,0.95914376,0.9575008,0.95087934,0.94827443,0.9549184,0.9436518,0.94348794,0.965378,0.87912786,0.9510357,0.9437494,0.95003045,0.9607929,0.95567626,0.9478992,0.95547056,0.95379114,0.9580974,0.94516444,0.95759344,0.9426006,0.9450991,0.9525678,0.9472161,0.9497897,0.95197433,0.95017266,0.95136917,0.9462914,0.9541991,0.9421226,0.9561992,0.9481996,0.94526374,0.9462722,0.9591911,0.9635943,0.97273976,0.9520226,0.94227946,0.94784963,0.94530964,0.94688123,0.9469006,0.95091975,0.9574372,0.93374485,0.9508363,0.95460665,0.9392795,0.9194015,0.945022,0.9413273,0.94559604,0.9582618,0.9529686,0.9420379,0.97273976,0.9447319,0.95802456,0.95777893,0.9565271
bernadettefilm,0.96297854,0.9493326,0.9562631,0.9371846,0.95399404,0.9647877,0.95811677,0.954305,0.9736097,0.9412787,0.9533573,0.9521381,0.9526781,0.95435625,0.9523971,0.9472231,0.947519,0.9544602,0.9615412,0.94478273,1.0000001,0.9626194,0.9605444,0.95815617,0.94617164,0.87422585,0.95184445,0.9571536,0.95673805,0.94963914,0.9484952,0.9566804,0.9455551,0.9444963,0.94549966,0.9432508,0.96203274,0.9467987,0.9573164,0.9475968,0.94839615,0.9592652,0.93904585,0.95273817,0.96162117,0.957223,0.95683396,0.9533665,0.9510214,0.9540568,0.95707476,0.95922357,0.9534923,0.9346761,0.9356793,0.95098066,0.95811045,0.9550137,0.952288,0.94738096,0.9522524,0.9471462,0.96145445,0.9539595,0.9455178,0.9503339,0.94836277,0.9390188,0.95487726,0.94953924,0.95617586,0.737854,0.9455645,0.9488988,0.96057343,0.94961727,0.9294893,0.9620532,0.94734806,0.9559079,0.953342,0.9492569,0.9642726,0.9524658,0.94869083,0.9474656,0.9462234,0.961266,0.94943446,0.95094067,0.95314986,0.95617586,0.9452082,0.9526106,0.95937866,0.9492633,0.9375211,0.9488261,0.95120424,0.95199716,0.94726205,0.9596735,0.9446756,0.9542426,0.9521399,0.95722795,0.94796604,0.95590866,0.9385437,0.9367586,0.959748,0.85830414,0.9561691,0.94075197,0.95709884,0.96633726,0.96009386,0.93842584,0.95111436,0.95835465,0.96094865,0.9536154,0.95685285,0.9549387,0.9543398,0.9519449,0.96124506,0.9406707,0.95404875,0.93235904,0.97551316,0.94458205,0.95926106,0.9399944,0.9512276,0.95341843,0.9618438,0.94657916,0.9585894,0.9556016,0.9736097,0.9518018,0.94557405,0.9626975,0.9486603,0.95273757,0.9522795,0.95132613,0.9550395,0.9456279,0.9506471,0.9563992,0.9534372,0.90702343,0.95653176,0.9568472,0.9478704,0.9569966,0.95455974,0.9516947,0.9736097,0.94254136,0.959016,0.955381,0.96188277
