movie,21bridgesmovie,47metersdown,abeautifuldaymovie,abominablemovie,adastramovie,adogsjourneymovie,aftermathmovie,aftermovie,ahiddenlifefilm,alitamovie,angelhasfallen,angrybirdsmovie,annabellemovie,annamovie,apollo11movie,arcticdogsmovie,arcticmovie,artofracingmovie,avengers,beachbummovie,bernadettefilm,blackandbluemovie,blackchristmas,blindedbythelightmovie,bombshellmovie,booksmart,breakthroughmovie,brianbanksmovie,brightburnmovie,brittanyrunsmov,captainmarvelofficial,captivestatemovie,catsmovie,charliesangels,childsplaymovie,clarathefilm,coldpursuitmovie,countdown,currentwarmovie,darkwatersmovie,detectivepikachumovie,disneyaladdin,disneyfrozen,disneymaleficent,doctorsleepmovie,dolemiteismyname,dontletgomovie,doramovie,downtonabbey_official,dumbo,escaperoom,everybodyknowsmovie,fastandfuriousmovie,fightingwmyfam,fivefeetapartfilm,fordvferrari,freaksthefilm,geminimanmovie,glassmovie,gloriabellmovie,godzillamovie,goldfinchmovie,goodboysmovie,goodliarmovie,gretafilm,halathemovie,happydeathdaymovie,harrietfilm,hellboymovie,hersmellmovie,highlifemovie,highstrungmovie,honeyboymovie,hotelmumbaifilm,httydragon,hustlemovie,hustlersmovie,isntitromantic,itmovieofficial,jayandsilentbob,johnwickmovie,jojorabbitmovie,jokermovie,judythefilm,jumanjimovie,justmercyfilm,knivesout,lalloronamovie,lastblackmansf,lastchristmasthemovie,latenightmovie,lighthousemovie,lionking,littlethemovie,littlewomenmovie,littlewoodsfilm,longshotmovie,lordsofchaosmovie,lucyintheskyfilm,mamovie2019,marriagestory,meettheaddams,meninblack,midsommarmovie,midwaymovie,missbalamovie,missinglinkfilm,motherlessbklyn,onceinhollywood,onthebasisofsex,overcomermovie,peanutbutterfalcon,petsematarymovie,piercingmovie,playingwithfire,playmobilthemovie,pomsmovie,queenandslim,rambomovie,readyornotfilm,richardjewellfilm,rocketmanmovie,scarystoriesmovie,secretlifeofpets,serenityfilm,shaftmovie,shazammovie,spidermanmovie,spiesindisguise,starwars,stormboymovie,stubermovie,taosdfilm,teenspiritmov,terminator,theaeronautsmov,thebestofenemies,thedeaddontdie,thefarewell,thehighwaymen,thehummingbirdprojectfilm,theintrudermovie,theirishmanfilm,thekitchenmovie,thelegomovie,themustangfilm,thenightingalefilm,theprodigymovie,thesunisalsoastar,theupsidefilm,tolkienmovie,toystory,triplefrontier,uglydolls,uncutgems,underthesilverlake,usmovie,wavesmovie,whatmenwant,wonderparkmovie,wrinklestheclown,xmenmovies,yardiefilm,yesterdaymovie,zombieland
21bridgesmovie,1.0000005,0.9514569,0.95219845,0.94752157,0.9568834,0.95310426,0.95264184,0.9569359,0.9774317,0.9397234,0.9398551,0.94324744,0.95244724,0.9615155,0.95540845,0.9640226,0.96215606,0.9613138,0.9712086,0.95000815,0.9560552,0.9551021,0.96164674,0.95303017,0.9389531,0.9177571,0.950759,0.958352,0.95479965,0.94699156,0.94436085,0.9563044,0.9428308,0.9602304,0.9444937,0.9252006,0.9526971,0.96364594,0.9614545,0.9670956,0.951419,0.95382243,0.94492847,0.9559462,0.9562102,0.9589467,0.9529467,0.9479438,0.95304716,0.9552365,0.9550323,0.96585655,0.9546419,0.95007324,0.9516994,0.9534334,0.9459116,0.95805293,0.94811237,0.95529556,0.94214535,0.94549835,0.95665085,0.95889246,0.9585089,0.9510466,0.9465784,0.95197505,0.9489359,0.9639672,0.96130353,0.8485359,0.9428535,0.9516839,0.94713837,0.95604205,0.93714434,0.9430669,0.9509415,0.9400974,0.9506331,0.9555618,0.9517702,0.9442025,0.9418909,0.94269514,0.9496235,0.9558179,0.94799125,0.95992106,0.9486424,0.96130353,0.9537918,0.94716215,0.9527061,0.9526266,0.95081127,0.95737195,0.9567595,0.95818967,0.95035744,0.9512518,0.9466589,0.9612585,0.9412432,0.95452946,0.96321654,0.9552581,0.94799083,0.96246046,0.96529126,0.88568884,0.962195,0.9354709,0.95786166,0.96597487,0.98797536,0.9535307,0.9617826,0.94808245,0.954654,0.9592136,0.95693576,0.94441247,0.9611693,0.9536478,0.9553366,0.94529754,0.95643026,0.9414274,0.96145463,0.9498801,0.961784,0.94878817,0.9616767,0.9520368,0.9716276,0.9603761,0.9524151,0.9491031,0.9774317,0.95678604,0.9535235,0.9491878,0.94660944,0.96074504,0.9515225,0.95364183,0.95340014,0.9440557,0.9511549,0.9490239,0.9463648,0.9529604,0.9486222,0.95263064,0.9527719,0.9499196,0.95528483,0.955326,0.9774317,0.9520294,0.9595401,0.95545256,0.95046103
47metersdown,0.9514569,1.0,0.9561451,0.95193183,0.95086217,0.9580703,0.95147604,0.95829713,0.9702787,0.9401319,0.9423213,0.9474145,0.95192236,0.9580162,0.9485775,0.95422554,0.9417022,0.9430814,0.9370536,0.946798,0.9488469,0.94687504,0.9563699,0.9413805,0.9295965,0.91389465,0.94428843,0.9375133,0.94696385,0.95337284,0.9406721,0.946412,0.93503124,0.94449586,0.9435489,0.9350074,0.95823675,0.9489879,0.9513621,0.9476453,0.9505372,0.95910126,0.95064217,0.96086866,0.94516593,0.94355696,0.9465791,0.9517905,0.94540095,0.960157,0.95530736,0.9538746,0.9426003,0.9311453,0.94456995,0.94897836,0.9357461,0.9577576,0.94542044,0.9470446,0.9480056,0.95125586,0.9513269,0.94820637,0.9645101,0.9516639,0.946833,0.9405584,0.93160236,0.94580454,0.9537361,0.87635124,0.9497536,0.9531264,0.95075655,0.9456578,0.92774594,0.9510318,0.9520249,0.9497653,0.93965465,0.954883,0.94956326,0.9483942,0.944424,0.94545853,0.9465899,0.95464665,0.94981015,0.9578135,0.9437781,0.9537361,0.9523707,0.9396873,0.9547164,0.9533789,0.9459363,0.94489855,0.9463179,0.9501862,0.9420124,0.9463001,0.9547382,0.95057976,0.95006824,0.95486003,0.9565644,0.9400929,0.9308519,0.9458533,0.9512931,0.89372087,0.94541335,0.9297012,0.94901794,0.9452759,0.95714843,0.94709855,0.9571202,0.94829327,0.94295716,0.9475444,0.95534414,0.9520494,0.94968116,0.9491907,0.95037544,0.9438591,0.9572247,0.94895077,0.95412296,0.9555259,0.94526815,0.94697976,0.9501707,0.9555475,0.9384858,0.93844324,0.9486954,0.9471366,0.9702787,0.95006496,0.9386868,0.94802606,0.94005984,0.9528602,0.9505343,0.95056385,0.9523854,0.9486846,0.9602016,0.9604287,0.9507779,0.92847186,0.9457559,0.945325,0.9592692,0.94156766,0.9343565,0.93228716,0.9702787,0.9467963,0.95253086,0.9547483,0.9562792
abeautifuldaymovie,0.95219845,0.9561451,0.99999964,0.95792156,0.9531694,0.9592162,0.96838415,0.95759606,0.97814405,0.9422573,0.9574997,0.9605674,0.9597881,0.9656571,0.96497303,0.96678233,0.9479351,0.94893426,0.9548764,0.95882106,0.9625644,0.9643689,0.9625275,0.95177287,0.9348417,0.92363435,0.94666046,0.947649,0.9720269,0.9663876,0.9515206,0.9589036,0.9506577,0.96385294,0.94332606,0.9249751,0.96197164,0.96568257,0.9532276,0.95405483,0.94451,0.96310997,0.9539681,0.9652932,0.95161325,0.9590258,0.95380396,0.9639409,0.95034325,0.9629142,0.97540724,0.96420425,0.9548211,0.9496653,0.953465,0.9444163,0.95308363,0.9614458,0.95897835,0.95222163,0.95084137,0.9624919,0.9569453,0.95189935,0.96042025,0.9603351,0.9529861,0.94792026,0.9512337,0.9492976,0.96260846,0.8797017,0.94531184,0.9534925,0.95734483,0.9580747,0.92240196,0.9450738,0.96027535,0.95221865,0.9518228,0.96684355,0.958448,0.95383394,0.9620563,0.95061225,0.9452275,0.9548065,0.9608662,0.9629576,0.96480465,0.96260846,0.9559714,0.9456286,0.9612591,0.9663059,0.95394146,0.95834064,0.9651083,0.95530486,0.95261854,0.95767325,0.9710437,0.95229214,0.95082635,0.9698014,0.9615809,0.9558379,0.9557522,0.9569449,0.9609641,0.89960533,0.9617803,0.9249659,0.958914,0.9542797,0.9632967,0.9504765,0.9624065,0.96215266,0.9528934,0.963611,0.9630556,0.9528682,0.9572723,0.9530394,0.9563787,0.9560743,0.94901514,0.9437005,0.9697219,0.9423951,0.9584932,0.9596585,0.9619374,0.9650236,0.9450691,0.95498,0.96085125,0.95861256,0.97814405,0.96346694,0.9488369,0.9470953,0.9484526,0.96162415,0.95206743,0.95849,0.95728695,0.9546079,0.9679627,0.9703302,0.957577,0.9321295,0.95011264,0.95820856,0.9689956,0.96163726,0.9509958,0.9533706,0.97814405,0.95241904,0.9596138,0.9623681,0.9686852
abominablemovie,0.94752157,0.95193183,0.95792156,0.99999994,0.94542295,0.9549595,0.9568009,0.9540934,0.96875536,0.9337934,0.94232655,0.9496724,0.95642257,0.9552873,0.9509442,0.95301944,0.94614893,0.94134545,0.94586295,0.9422775,0.94099796,0.94577825,0.9494327,0.93890035,0.916793,0.91945404,0.9398328,0.949743,0.95230293,0.9463827,0.9358061,0.94890076,0.93522567,0.9450322,0.9390305,0.92547476,0.9519331,0.95577854,0.9511015,0.94657314,0.9462036,0.9523877,0.94682974,0.9582316,0.94290054,0.95239824,0.9385619,0.96027315,0.9440625,0.956635,0.9579698,0.9571483,0.9461917,0.9386552,0.9474018,0.94050294,0.94389415,0.95036846,0.94774693,0.94560564,0.9398094,0.9509374,0.9509352,0.9443524,0.962192,0.9449706,0.94026047,0.9446572,0.9385521,0.9502867,0.9580515,0.85607123,0.9370539,0.9461039,0.9543856,0.94977665,0.9226174,0.9307008,0.94806105,0.9501557,0.94898844,0.9577716,0.9529538,0.94024426,0.9520642,0.9333193,0.947698,0.9559574,0.94634783,0.9558492,0.9532016,0.9580515,0.94944215,0.94029135,0.951773,0.9540383,0.94710565,0.95423543,0.9593443,0.9458476,0.954043,0.94465804,0.94896066,0.95238954,0.945273,0.9564856,0.954926,0.9422611,0.9318471,0.94889194,0.9446161,0.8775331,0.95606923,0.91916376,0.94345576,0.956413,0.9550877,0.9477056,0.96095014,0.95013505,0.95362604,0.9526311,0.9478121,0.9431224,0.94302726,0.9343412,0.9490643,0.9446446,0.9411381,0.9471933,0.9497791,0.9332897,0.9551574,0.939843,0.95084167,0.9497292,0.94361955,0.95066655,0.948916,0.94865596,0.96875536,0.95105773,0.9477146,0.939611,0.9422652,0.9506056,0.9394082,0.94855255,0.9501622,0.937543,0.9568587,0.9468694,0.9575272,0.9217229,0.94057965,0.94503224,0.95051104,0.9453382,0.9493802,0.95262915,0.96875536,0.944906,0.9436611,0.95008373,0.95411354
adastramovie,0.9568834,0.95086217,0.9531694,0.94542295,1.0000002,0.9581686,0.9549004,0.9558405,0.9744207,0.94989485,0.9462434,0.9352688,0.9452907,0.9559862,0.95128685,0.9475164,0.95243865,0.9751113,0.95110965,0.9493411,0.9519433,0.94849825,0.9588966,0.95254457,0.94258964,0.9201848,0.9535733,0.9553971,0.94970256,0.94845426,0.95244133,0.9633644,0.94400245,0.9511205,0.9339621,0.9209237,0.9605194,0.9490705,0.9581033,0.9618653,0.9437727,0.95787233,0.9479899,0.963672,0.9597945,0.9505848,0.9491603,0.95114547,0.954119,0.9680747,0.95454127,0.95986557,0.9498046,0.9417203,0.9422021,0.9624335,0.9387754,0.94914407,0.947405,0.9479915,0.9430946,0.9492266,0.95456725,0.95578223,0.9581712,0.94556916,0.9371709,0.94824415,0.95155525,0.9538721,0.9591785,0.8508545,0.9354108,0.95876116,0.9434859,0.9540239,0.91521996,0.94708645,0.95225257,0.9427749,0.94196486,0.9541873,0.949527,0.9427607,0.93964803,0.94678426,0.9514544,0.9499286,0.94610167,0.9570449,0.9478217,0.9591785,0.9578712,0.94999456,0.9547751,0.95273364,0.9566808,0.95109975,0.95242614,0.9571612,0.94938976,0.95332754,0.95316833,0.9574498,0.9453298,0.95135325,0.9548486,0.94308776,0.93928087,0.95649695,0.9607412,0.89375377,0.9554351,0.9372665,0.9516637,0.95025814,0.9592833,0.93076324,0.9616712,0.94935423,0.94612515,0.9494544,0.95439255,0.9492447,0.9524869,0.95534986,0.9580036,0.9470292,0.96364534,0.9444461,0.9572006,0.97009754,0.9601792,0.9540729,0.95251805,0.95101887,0.94065285,0.94202745,0.95175225,0.9518349,0.9744207,0.94687766,0.94183695,0.94360024,0.9414692,0.9569955,0.9549005,0.9522632,0.9562698,0.94935673,0.9544829,0.9523313,0.9512421,0.937101,0.94474685,0.9493849,0.9489784,0.9431435,0.9460585,0.94003177,0.9744207,0.9489629,0.95707685,0.95672214,0.9459826
adogsjourneymovie,0.95310426,0.9580703,0.9592162,0.9549595,0.9581686,1.0,0.97012144,0.9567581,0.9792089,0.94402415,0.95361704,0.9546312,0.9573152,0.9714351,0.9658297,0.9572623,0.9526433,0.9523118,0.9485155,0.9573813,0.95240694,0.95525914,0.9664552,0.9429066,0.9361396,0.92767996,0.9443669,0.95174795,0.94990915,0.9482116,0.9495873,0.959676,0.95331234,0.95986843,0.9469854,0.9419741,0.9624894,0.958111,0.957401,0.95717967,0.9501741,0.96359384,0.95366406,0.96224785,0.96304065,0.95793027,0.9601939,0.9593913,0.95557576,0.96427906,0.96192294,0.9630314,0.9604709,0.94860864,0.9574417,0.9523481,0.9449797,0.9574307,0.9534301,0.9572822,0.9513848,0.9551638,0.96548307,0.96125764,0.9543972,0.95954406,0.94698274,0.9497239,0.945275,0.9556379,0.96799254,0.87728906,0.9461961,0.959324,0.95657927,0.95672023,0.9369727,0.9495593,0.9560328,0.95975214,0.95210963,0.96257097,0.96118563,0.9538378,0.96038884,0.95509356,0.9479121,0.9633962,0.95888096,0.9583194,0.96166,0.96799254,0.9642739,0.9554328,0.9596974,0.9650332,0.9632248,0.95680726,0.9568237,0.96845096,0.9542362,0.9603157,0.9604386,0.96533364,0.9537126,0.9589572,0.9618934,0.9503762,0.93832666,0.955723,0.9662986,0.9052057,0.9648962,0.93306756,0.9466706,0.95647,0.9603902,0.95421463,0.9645445,0.96297604,0.9496951,0.95638114,0.9587214,0.9740923,0.95545924,0.9580193,0.9689216,0.9502918,0.96110696,0.95075446,0.95976895,0.95333904,0.9572524,0.954696,0.95714706,0.9539486,0.95223844,0.94830793,0.9640643,0.9550972,0.9792089,0.9540197,0.94910634,0.9564825,0.948811,0.9607599,0.964151,0.9593616,0.9551873,0.9590231,0.97128433,0.96109563,0.9619223,0.9442887,0.94785774,0.96351886,0.9621414,0.96339107,0.94731,0.9456173,0.9792089,0.95898175,0.9545566,0.96676266,0.96127117
aftermathmovie,0.95264184,0.95147604,0.96838415,0.9568009,0.9549004,0.97012144,0.9999996,0.95443416,0.9792523,0.9521026,0.9623772,0.9626158,0.9591558,0.9688476,0.96657866,0.9556395,0.9520888,0.95186967,0.9537977,0.9571321,0.9547573,0.9590084,0.96922594,0.9523773,0.9371891,0.9132462,0.9490513,0.9574333,0.9607677,0.9620914,0.94791156,0.957574,0.9559019,0.96344197,0.946862,0.9287522,0.9638478,0.96564573,0.9591914,0.9529585,0.94889814,0.9673135,0.9424807,0.96852547,0.96114093,0.9604613,0.9626832,0.96226215,0.94612116,0.9676338,0.96788067,0.96500474,0.96765465,0.95422167,0.95692796,0.95222473,0.9479321,0.95801556,0.9520188,0.9571706,0.9548917,0.95008516,0.9597464,0.953729,0.95526475,0.9655484,0.94711554,0.94968075,0.94959426,0.95285,0.9672114,0.8646619,0.9510363,0.95903194,0.9498494,0.9617401,0.93185484,0.9472473,0.957849,0.9603544,0.95077556,0.9769753,0.9564044,0.9502941,0.96368665,0.9610242,0.94279325,0.95964015,0.9578871,0.9694184,0.9648368,0.9672114,0.9661331,0.9541848,0.959587,0.96715647,0.9617947,0.95905006,0.9671236,0.96095526,0.9584585,0.9541512,0.9595753,0.9603638,0.9622333,0.9671244,0.9603867,0.9500443,0.9432353,0.95260304,0.9638112,0.8894602,0.95673716,0.9185991,0.947882,0.9620436,0.9617468,0.95651966,0.96548724,0.9832351,0.9508209,0.9655192,0.95624846,0.95836776,0.95408267,0.94790787,0.96318877,0.9508015,0.96060544,0.94285536,0.96616304,0.937918,0.95682466,0.95273936,0.9601676,0.9660602,0.9479722,0.95954835,0.9683246,0.9549195,0.9792523,0.95886916,0.95150286,0.9543832,0.94490707,0.96601397,0.9605467,0.9561388,0.95384663,0.95907223,0.9842683,0.9569064,0.96360123,0.94996893,0.9452203,0.958498,0.96458566,0.9609948,0.9477188,0.94763047,0.9792523,0.9502461,0.96275806,0.9679491,0.96594995
aftermovie,0.9569359,0.95829713,0.95759606,0.9540934,0.9558405,0.9567581,0.95443416,0.99999976,0.9776204,0.9485845,0.94879293,0.9495232,0.9653131,0.9666958,0.9564186,0.95335597,0.96067995,0.94886166,0.9606614,0.95298034,0.9593402,0.95769185,0.9595257,0.9553462,0.93246806,0.9141451,0.9577451,0.95900023,0.952803,0.9550039,0.95481455,0.9486743,0.94499683,0.9567084,0.957202,0.93596613,0.9562269,0.96123314,0.9548212,0.94892097,0.9489674,0.95596427,0.94532704,0.9650096,0.9457054,0.96149296,0.9541678,0.9559636,0.9500902,0.9661307,0.95612454,0.953709,0.9576867,0.9452102,0.957675,0.9542489,0.9488647,0.9508571,0.9495919,0.9564608,0.95328236,0.95681196,0.9513436,0.9609362,0.9619996,0.96042734,0.9552079,0.942612,0.94569045,0.95472795,0.96186095,0.8694005,0.937542,0.956423,0.95320314,0.95298874,0.9304862,0.9478113,0.9538068,0.949899,0.94597965,0.95867926,0.96190405,0.9627467,0.9513667,0.9446174,0.9551776,0.96222615,0.955119,0.9609724,0.9609795,0.96186095,0.9548763,0.942572,0.9471525,0.95756423,0.95046586,0.9560092,0.95496917,0.9566379,0.95420843,0.95787454,0.951503,0.9504705,0.963347,0.9535535,0.9614559,0.95099413,0.9348562,0.94866854,0.96161073,0.8829531,0.96011907,0.9349634,0.9575953,0.9506651,0.9573253,0.9537036,0.96410376,0.95439464,0.956413,0.9571283,0.95517474,0.9504308,0.9571221,0.9527998,0.959716,0.9415134,0.94576365,0.9536768,0.95893216,0.94753176,0.9655253,0.9562676,0.95668226,0.9501507,0.9479979,0.95178556,0.9555307,0.9572105,0.9776204,0.95530325,0.947848,0.9461954,0.94497514,0.9486996,0.94724596,0.96088797,0.9614939,0.95296836,0.9605917,0.95955104,0.9545924,0.9389842,0.9417633,0.9594933,0.95651555,0.94949025,0.9585534,0.9425986,0.9776204,0.9550238,0.9609798,0.96075404,0.95991606
ahiddenlifefilm,0.9774317,0.9702787,0.97814405,0.96875536,0.9744207,0.9792089,0.9792523,0.9776204,1.0000002,0.9613618,0.97510695,0.96953464,0.9769942,0.9846876,0.98101723,0.98052317,0.97475106,0.97272444,0.9739915,0.9747954,0.97345066,0.976621,0.98041064,0.9712633,0.9597797,0.93914497,0.9669208,0.97447515,0.9756007,0.97367275,0.9713349,0.9772882,0.96902966,0.9791498,0.9621493,0.9492496,0.9816927,0.9771582,0.97757804,0.9743669,0.9693715,0.9800957,0.9692307,0.9831857,0.9754946,0.9763851,0.96977836,0.9757974,0.9709673,0.9832235,0.9800026,0.98305404,0.97650224,0.9702811,0.9726499,0.9732102,0.9702418,0.97782266,0.971362,0.9773705,0.96940494,0.97489995,0.97725326,0.9765143,0.9736158,0.97692055,0.96833295,0.9681111,0.9703644,0.97499627,0.9840744,0.88042885,0.96959126,0.97612685,0.9721118,0.9757885,0.94734067,0.96796507,0.9727094,0.97164476,0.9746481,0.9755129,0.9772698,0.97251785,0.9744003,0.968377,0.96758306,0.9789163,0.9717943,0.98171085,0.97909844,0.9840744,0.97655255,0.96834654,0.97960836,0.9788741,0.975222,0.97994167,0.9733506,0.9772966,0.97535616,0.9761878,0.97563285,0.9804609,0.969664,0.9794189,0.9834473,0.97460943,0.9647545,0.9765081,0.9825317,0.9070706,0.98021597,0.9494177,0.9741411,0.97399235,0.9831727,0.972124,0.9844751,0.97402245,0.97284144,0.9785122,0.97901475,0.97256976,0.97679484,0.97417426,0.97773385,0.96882594,0.97379524,0.96834105,0.98053795,0.9655615,0.9793348,0.9713165,0.97985774,0.97538894,0.9697621,0.9747411,0.9801202,0.9754469,1.0000002,0.9768587,0.97023296,0.97020376,0.96847856,0.98162466,0.9742861,0.9767985,0.9769013,0.9727079,0.98000664,0.97697073,0.9749215,0.95479923,0.9708879,0.9754575,0.9774458,0.97226655,0.9687024,0.96770316,1.0000002,0.97063684,0.97990507,0.9802473,0.97684824
alitamovie,0.9397234,0.9401319,0.9422573,0.9337934,0.94989485,0.94402415,0.9521026,0.9485845,0.9613618,0.99999976,0.9430341,0.93385273,0.93766266,0.9518619,0.94832015,0.93334436,0.93645334,0.94942933,0.94295,0.9501231,0.9460455,0.94756496,0.95230025,0.9355745,0.93036634,0.8864406,0.9419193,0.9392708,0.9420172,0.94234794,0.934832,0.9431659,0.9384114,0.94418365,0.9353287,0.9056232,0.94250464,0.9397715,0.946417,0.94314307,0.94127995,0.9439913,0.9290291,0.9531799,0.9474266,0.9534476,0.9443525,0.9341942,0.93333477,0.95661366,0.9503609,0.9445284,0.9564536,0.93295246,0.9390546,0.94689304,0.93051594,0.9431124,0.9404834,0.9477717,0.9431427,0.9379543,0.9457822,0.9364436,0.94872445,0.93095446,0.9369784,0.93530154,0.9385126,0.9324588,0.9501309,0.8549267,0.92423856,0.9491758,0.92688453,0.9472821,0.9057731,0.9459868,0.94448096,0.9206707,0.92921084,0.9480326,0.9373593,0.9350079,0.94681114,0.93554837,0.94883835,0.9434132,0.942296,0.9355996,0.9461792,0.9501309,0.9389104,0.9301301,0.9361652,0.9399258,0.941424,0.93845224,0.92831016,0.94399434,0.9370022,0.9536934,0.93593806,0.94370663,0.9606235,0.94920903,0.95163196,0.9235409,0.9055206,0.95374554,0.94354707,0.85768855,0.9469527,0.9103212,0.94568425,0.93871844,0.94140786,0.9274723,0.9488621,0.9510195,0.935374,0.94776297,0.9419598,0.9395621,0.9444826,0.94409746,0.94545776,0.9260105,0.9446269,0.9312676,0.95444685,0.93892294,0.94426036,0.92922926,0.94198465,0.94488204,0.93370724,0.93594116,0.9417608,0.9470184,0.9613618,0.9434182,0.93712616,0.9319892,0.9293002,0.9497059,0.9362485,0.9450683,0.93954295,0.94414747,0.9471658,0.94411623,0.95044315,0.9352289,0.9331433,0.94452333,0.94110507,0.93685764,0.9253466,0.93191624,0.9613618,0.9486005,0.95065093,0.94366163,0.939351
angelhasfallen,0.9398551,0.9423213,0.9574997,0.94232655,0.9462434,0.95361704,0.9623772,0.94879293,0.97510695,0.9430341,1.0000001,0.949648,0.9486654,0.96073675,0.9649897,0.94696987,0.95468026,0.9446528,0.94609034,0.9614979,0.9541608,0.9572616,0.95991975,0.94975466,0.9226211,0.92172295,0.9498573,0.9563516,0.9501669,0.95341307,0.9494194,0.9505931,0.9500949,0.9564616,0.93981385,0.9232986,0.95475113,0.9452756,0.94855475,0.9404234,0.93737876,0.9574019,0.93957084,0.961849,0.94718426,0.95456964,0.9470261,0.94807833,0.93901986,0.95878446,0.9587795,0.9522576,0.94944054,0.94796693,0.9437297,0.9507428,0.94748753,0.95184165,0.95159006,0.96053547,0.9440905,0.94759196,0.9489687,0.9469289,0.94220495,0.95407265,0.940176,0.93884665,0.9637524,0.94400513,0.9587157,0.862364,0.9499636,0.95950615,0.94952446,0.954864,0.9213298,0.9454351,0.9459217,0.94059455,0.9656051,0.9509689,0.95150834,0.9506855,0.9573936,0.9490278,0.9465195,0.9504008,0.95132786,0.96259576,0.9574715,0.9587157,0.9496766,0.93852043,0.9547431,0.96358657,0.9513643,0.95775735,0.9501169,0.9493464,0.94794196,0.95113033,0.95117944,0.9553307,0.95244664,0.9608001,0.9649388,0.9410165,0.93481576,0.9442331,0.955606,0.8896097,0.95082766,0.91939676,0.9562268,0.95429134,0.95066315,0.9477368,0.9603703,0.9560091,0.94732463,0.9556277,0.9524715,0.9534856,0.9476885,0.9534012,0.95340854,0.9397397,0.9437742,0.9467241,0.9589158,0.9388503,0.9561804,0.94480914,0.9551006,0.94896424,0.9356684,0.9456474,0.95746446,0.9507078,0.97510695,0.9574745,0.93971986,0.9403391,0.9495465,0.9593846,0.9499591,0.9555202,0.9492548,0.9493741,0.9646875,0.9659189,0.94823825,0.9236222,0.9484809,0.95562756,0.95695865,0.9480222,0.9339187,0.9492438,0.97510695,0.95288116,0.95615715,0.96237737,0.9488399
angrybirdsmovie,0.94324744,0.9474145,0.9605674,0.9496724,0.9352688,0.9546312,0.9626158,0.9495232,0.96953464,0.93385273,0.949648,1.0000001,0.9482189,0.9575841,0.9571429,0.95577925,0.9407736,0.9358167,0.93692225,0.9521019,0.944053,0.9501627,0.952165,0.94034165,0.91881377,0.9159018,0.9453195,0.94547933,0.95781195,0.96832937,0.93819845,0.94698054,0.9390974,0.961733,0.9322682,0.9133992,0.95020056,0.9529811,0.9436301,0.9310601,0.94185305,0.9523018,0.94782317,0.94960445,0.9544042,0.95255053,0.9454553,0.9541366,0.93616825,0.9512159,0.96362156,0.9531332,0.9446114,0.9386888,0.94378346,0.9425867,0.9482225,0.9504927,0.95064145,0.9492409,0.9511585,0.9549555,0.95218146,0.9483483,0.94732547,0.9463913,0.943696,0.93786335,0.94999933,0.9421779,0.95772606,0.874605,0.94920427,0.9486878,0.9418217,0.9450025,0.9145785,0.94457734,0.9594402,0.94414,0.9558321,0.95464236,0.95466924,0.94286096,0.9516848,0.9395014,0.9306149,0.946179,0.9528339,0.9572796,0.96468216,0.95772606,0.9500442,0.9457613,0.9514075,0.9614347,0.9494264,0.94519943,0.94624263,0.9421126,0.94842535,0.9494272,0.9564523,0.9484561,0.9480455,0.96468484,0.95705324,0.9525762,0.9389327,0.9407911,0.95394367,0.8652058,0.9576641,0.90403736,0.9484395,0.9495803,0.954279,0.9474426,0.9593003,0.959238,0.9535925,0.9542837,0.9545463,0.9477567,0.9476026,0.94178647,0.9441784,0.94062334,0.9414934,0.93466043,0.9594311,0.93096626,0.95125365,0.9507358,0.95280594,0.9609343,0.94286,0.9576911,0.9623914,0.945431,0.96953464,0.9549856,0.9384156,0.96430343,0.9559138,0.954474,0.95189834,0.94681966,0.95968556,0.9496646,0.9590906,0.9525412,0.9497654,0.9263737,0.93702596,0.9525705,0.95747757,0.95764434,0.9477309,0.9463371,0.96953464,0.94199306,0.94791025,0.9518091,0.9614867
annabellemovie,0.95244724,0.95192236,0.9597881,0.95642257,0.9452907,0.9573152,0.9591558,0.9653131,0.9769942,0.93766266,0.9486654,0.9482189,0.99999994,0.9595688,0.9604925,0.9613001,0.95311004,0.94713205,0.9567632,0.9495045,0.9552957,0.9590708,0.95478374,0.9505764,0.9442101,0.9166988,0.939218,0.9510504,0.95897204,0.95570403,0.952963,0.94965684,0.94675016,0.95521504,0.94655675,0.9239628,0.9574154,0.97366494,0.9516128,0.95173514,0.9602906,0.9613584,0.9501655,0.96263355,0.94865537,0.9558731,0.94438136,0.959401,0.94645286,0.96137315,0.9630982,0.9622994,0.9614076,0.9590513,0.97083914,0.9510129,0.93880093,0.96303374,0.9436651,0.9534157,0.9577745,0.95851433,0.95199966,0.95915955,0.95188475,0.9625732,0.9449021,0.9453383,0.9377889,0.943102,0.96131843,0.86639434,0.94615006,0.953429,0.9522825,0.9639082,0.93571025,0.9536583,0.96065974,0.9505827,0.94860417,0.96189773,0.9596887,0.9522795,0.9722234,0.94755644,0.95698446,0.9803519,0.9509224,0.9594033,0.9578942,0.96131843,0.964506,0.9469451,0.95631385,0.9545452,0.94951487,0.96068424,0.9502715,0.95341754,0.9504736,0.95175433,0.95307356,0.95163536,0.94402087,0.96453947,0.96170723,0.9622001,0.9509316,0.95465094,0.9517528,0.8861161,0.9607719,0.92320573,0.9573828,0.94729966,0.96073526,0.9468266,0.9601414,0.9573298,0.95259166,0.9607762,0.9637716,0.9467145,0.96168864,0.9457739,0.9638572,0.95130056,0.95515776,0.94582427,0.96131814,0.94587773,0.96022475,0.95159507,0.961499,0.95776194,0.95239556,0.9542707,0.9567587,0.95122576,0.9769942,0.9523149,0.96037954,0.9509216,0.9490493,0.95238245,0.9477731,0.9625892,0.9625524,0.9532791,0.962459,0.957251,0.9597244,0.9352934,0.9583521,0.9557968,0.95735705,0.9495704,0.9541245,0.94626194,0.9769942,0.95047385,0.9625175,0.9557234,0.9595813
annamovie,0.9615155,0.9580162,0.9656571,0.9552873,0.9559862,0.9714351,0.9688476,0.9666958,0.9846876,0.9518619,0.96073675,0.9575841,0.9595688,1.0000001,0.9747924,0.9636872,0.95613885,0.9549555,0.9564221,0.9562419,0.95290315,0.9712193,0.9741143,0.95743185,0.9443388,0.9316054,0.95206976,0.9528326,0.96443146,0.95711404,0.95101315,0.9642201,0.9635097,0.96601754,0.9586859,0.94431156,0.967496,0.963046,0.95848787,0.9597199,0.95367193,0.9598594,0.9547125,0.96326035,0.96408683,0.9654449,0.9680702,0.9575743,0.950682,0.9620007,0.97049224,0.9698503,0.9642844,0.95027643,0.96486276,0.9510911,0.95535654,0.9601578,0.96145636,0.95879334,0.9582879,0.96155643,0.9576174,0.973498,0.9561237,0.96121573,0.9535231,0.96152323,0.9567243,0.9527165,0.9660208,0.8760412,0.95787317,0.96014243,0.9612726,0.9564619,0.9410591,0.95695925,0.95885605,0.96124566,0.95857275,0.9640813,0.95895904,0.9611574,0.9620866,0.9578246,0.9557077,0.9668468,0.9602253,0.96864855,0.96255296,0.9660208,0.9608058,0.9544511,0.966593,0.9646284,0.963676,0.96049076,0.9543665,0.9783839,0.96222925,0.96166605,0.9593334,0.96404856,0.9703584,0.96880287,0.967963,0.9559025,0.9447224,0.963332,0.97074276,0.89741623,0.9672073,0.9428245,0.95353425,0.96136606,0.9641295,0.9668763,0.96976864,0.9643472,0.95977974,0.97209245,0.9714369,0.9639945,0.96526563,0.95621026,0.96666014,0.95761985,0.9577883,0.9549315,0.96565765,0.951895,0.9609057,0.95576596,0.9592835,0.9588682,0.9522868,0.96029466,0.96908987,0.96517617,0.9846876,0.9679721,0.95440453,0.9534286,0.948339,0.96930635,0.9675291,0.9671175,0.95746106,0.9597916,0.9683953,0.9622757,0.9656846,0.94507504,0.95147693,0.96008134,0.9646963,0.9603171,0.94979185,0.95416003,0.9846876,0.9594356,0.9667934,0.96193373,0.9668428
apollo11movie,0.95540845,0.9485775,0.96497303,0.9509442,0.95128685,0.9658297,0.96657866,0.9564186,0.98101723,0.94832015,0.9649897,0.9571429,0.9604925,0.9747924,0.99999994,0.9646196,0.9569223,0.95093995,0.94591427,0.9765784,0.9522236,0.96462506,0.96471953,0.95885867,0.9359738,0.92817396,0.95033944,0.95881724,0.9539113,0.96459424,0.9455672,0.96107584,0.95075846,0.95754707,0.9449008,0.9259809,0.9687343,0.96274877,0.95252573,0.9527372,0.9462484,0.9605383,0.94661105,0.96446556,0.9656195,0.95870537,0.9529083,0.9627126,0.9477902,0.96134335,0.9621588,0.9655898,0.9599396,0.95520335,0.9604028,0.9568466,0.9490766,0.9626484,0.9569351,0.9616383,0.956514,0.9561834,0.9614854,0.9586286,0.9554245,0.962006,0.9480996,0.956032,0.9551775,0.9520593,0.9697484,0.8691315,0.9588401,0.9613783,0.9546643,0.95985353,0.9354884,0.9503785,0.9549649,0.95140785,0.9598797,0.9615362,0.95667374,0.962541,0.9625316,0.9514701,0.9473597,0.9605971,0.9608083,0.96466374,0.96875095,0.9697484,0.9620063,0.95684934,0.96268225,0.9704594,0.9542219,0.9609548,0.95173097,0.96387357,0.9530019,0.95721346,0.95010805,0.9654464,0.9561699,0.96094614,0.9626897,0.95468366,0.94843376,0.95959085,0.9665444,0.8885922,0.9681122,0.92987484,0.95721793,0.95975935,0.965833,0.9566879,0.9647903,0.9622528,0.9521002,0.9623788,0.96202946,0.96328723,0.9591803,0.95890677,0.9580497,0.94634336,0.95438933,0.94817615,0.96338207,0.9449103,0.9605601,0.9573643,0.9597801,0.9635051,0.9572383,0.9577454,0.97062886,0.95795876,0.98101723,0.95569843,0.9447798,0.95604813,0.9471124,0.96098506,0.9526938,0.96128047,0.9597317,0.95920855,0.9624375,0.9605509,0.95894724,0.942545,0.9593079,0.96556205,0.96273017,0.9609458,0.94753146,0.9564236,0.98101723,0.9552606,0.95921636,0.9585263,0.95717114
arcticdogsmovie,0.9640226,0.95422554,0.96678233,0.95301944,0.9475164,0.9572623,0.9556395,0.95335597,0.98052317,0.93334436,0.94696987,0.95577925,0.9613001,0.9636872,0.9646196,1.0000002,0.95448685,0.9552708,0.95277876,0.95440155,0.95626104,0.9612475,0.9624048,0.9509061,0.943685,0.92523074,0.9406441,0.9556403,0.9641065,0.9586041,0.9477619,0.9596849,0.9452922,0.96384287,0.94386977,0.9226632,0.9643861,0.96593016,0.96036035,0.953994,0.9525513,0.962785,0.9561458,0.96322864,0.95477927,0.9569448,0.9465511,0.9542384,0.9533542,0.9641239,0.9669309,0.9663345,0.9574439,0.95586926,0.9539974,0.94821995,0.95271057,0.96346116,0.95358896,0.95001113,0.94895864,0.9598221,0.9617078,0.95518243,0.9594543,0.9621226,0.9549785,0.952761,0.9471864,0.9616148,0.9606726,0.85568523,0.9528045,0.95612055,0.96020997,0.9593177,0.9312453,0.94948006,0.9566858,0.95196295,0.9601829,0.95941454,0.9586811,0.95767415,0.9565542,0.9477298,0.9493291,0.9615196,0.9528422,0.9619238,0.9675812,0.9606726,0.9637879,0.9549772,0.96268773,0.9588827,0.95810735,0.96516573,0.95761675,0.95762485,0.9540193,0.9546163,0.95631444,0.9583265,0.94236976,0.96404195,0.9663075,0.9701108,0.9654779,0.96075714,0.9671188,0.8824751,0.95917696,0.93122923,0.9543116,0.95637274,0.97509724,0.95990795,0.9664555,0.95370775,0.9560689,0.95935595,0.9633871,0.95597523,0.95383173,0.95783347,0.9568527,0.95959985,0.9563548,0.9510796,0.9652132,0.94169205,0.95656013,0.9567463,0.96072143,0.96337616,0.9571256,0.96254414,0.95892805,0.95799637,0.98052317,0.9591791,0.9498594,0.9580668,0.9513787,0.964848,0.9553052,0.9604933,0.962312,0.9537851,0.9583381,0.9591855,0.9528316,0.9278635,0.9545816,0.94718456,0.96484315,0.9544712,0.95511043,0.9513637,0.98052317,0.9474676,0.9578163,0.96205205,0.9604175
arcticmovie,0.96215606,0.9417022,0.9479351,0.94614893,0.95243865,0.9526433,0.9520888,0.96067995,0.97475106,0.93645334,0.95468026,0.9407736,0.95311004,0.95613885,0.9569223,0.95448685,1.0000004,0.9451318,0.9639595,0.952969,0.9519547,0.95281994,0.95381206,0.9596494,0.9380319,0.9218289,0.9400064,0.973158,0.9492481,0.9494798,0.9445921,0.9550473,0.9447601,0.9581445,0.9382144,0.91682935,0.9539684,0.9506708,0.9625445,0.95649374,0.94157803,0.95351243,0.9360348,0.96493995,0.9521704,0.9578299,0.9446297,0.95417994,0.9398637,0.96030736,0.952067,0.9521069,0.95485693,0.9480409,0.94766694,0.9545018,0.9432767,0.94845384,0.9419543,0.95414424,0.9424932,0.94165677,0.955537,0.95474094,0.949843,0.94753724,0.9487608,0.94412905,0.94682527,0.96286756,0.95833814,0.8443145,0.9457298,0.9517194,0.94827884,0.9585971,0.9353944,0.94500625,0.9501047,0.9464572,0.951218,0.9488298,0.95393705,0.9445978,0.94017124,0.93836176,0.9543059,0.95933276,0.9460828,0.9595994,0.95354474,0.95833814,0.9508026,0.9394927,0.9549733,0.95298034,0.9484474,0.9601987,0.95807254,0.9532928,0.9511994,0.9531878,0.9463142,0.95645106,0.9489727,0.95081997,0.95673513,0.9559684,0.9361557,0.954037,0.95851254,0.8724789,0.9619145,0.9305146,0.9512473,0.95616925,0.9616181,0.9496126,0.95933414,0.95071954,0.9559046,0.9585939,0.94949156,0.9438105,0.9558958,0.94329834,0.9515146,0.94587976,0.9416285,0.95566446,0.9594737,0.940135,0.9809216,0.9579214,0.9595069,0.94793886,0.9525805,0.9532309,0.94971603,0.95084256,0.97475106,0.96243286,0.9484488,0.9490713,0.94249177,0.95160747,0.9494294,0.95448494,0.95770895,0.9453653,0.9571375,0.94825816,0.94851524,0.9340495,0.9463921,0.9478533,0.9554373,0.9458652,0.9548061,0.95117956,0.97475106,0.9469599,0.9558426,0.9601404,0.95197755
artofracingmovie,0.9613138,0.9430814,0.94893426,0.94134545,0.9751113,0.9523118,0.95186967,0.94886166,0.97272444,0.94942933,0.9446528,0.9358167,0.94713205,0.9549555,0.95093995,0.9552708,0.9451318,1.0000001,0.9494963,0.9409993,0.947769,0.95178866,0.9620337,0.9471699,0.94716084,0.9092412,0.95085114,0.94746923,0.9540682,0.94204485,0.948174,0.95533997,0.9432168,0.9532877,0.93350255,0.9179723,0.9599202,0.9502711,0.94582736,0.9604547,0.9563246,0.9525386,0.9489007,0.9573873,0.95252764,0.9559944,0.95120084,0.9450175,0.94505006,0.95957845,0.9574532,0.9534207,0.9548367,0.9536234,0.94621414,0.96048564,0.9444089,0.953278,0.9498974,0.95593774,0.9442985,0.94858605,0.9514542,0.95230067,0.9507726,0.94711804,0.9363087,0.94354385,0.9557578,0.951337,0.96271616,0.8480995,0.93918216,0.9464465,0.94148093,0.95492953,0.9143441,0.9520858,0.94748175,0.9430622,0.9441599,0.949479,0.9487165,0.9443471,0.9459403,0.9429575,0.94626874,0.95121086,0.9503479,0.95412767,0.9538164,0.96271616,0.95471907,0.95418966,0.95834386,0.95169413,0.95039463,0.9490281,0.9392639,0.95620495,0.9561753,0.94336045,0.9447933,0.9655798,0.9376201,0.95829284,0.95576525,0.94641715,0.93362856,0.95609385,0.96000767,0.88427126,0.9475348,0.9272794,0.94678056,0.95485246,0.9617789,0.94172704,0.9604146,0.94433886,0.9509447,0.948604,0.95624703,0.945912,0.95309544,0.95894665,0.95927835,0.9460476,0.96302825,0.93763363,0.95170957,0.9599046,0.95541143,0.94161594,0.9503279,0.9520487,0.9393774,0.943854,0.9549101,0.9658371,0.97272444,0.9475999,0.95253664,0.9429928,0.94988793,0.9542563,0.95040643,0.9520347,0.95012605,0.93967456,0.94785,0.9459312,0.94920295,0.9323044,0.94868016,0.94491696,0.94731015,0.9439389,0.9415718,0.93282115,0.97272444,0.9531078,0.95880985,0.95370865,0.9514801
avengers,0.9712086,0.9370536,0.9548764,0.94586295,0.95110965,0.9485155,0.9537977,0.9606614,0.9739915,0.94295,0.94609034,0.93692225,0.9567632,0.9564221,0.94591427,0.95277876,0.9639595,0.9494963,0.99999994,0.9424771,0.94873685,0.9542047,0.9500728,0.94425243,0.9418401,0.9148152,0.94445837,0.9586054,0.9565282,0.9473488,0.96047497,0.95296514,0.941709,0.9585854,0.94008505,0.9287534,0.9518452,0.9570584,0.9555981,0.9593427,0.9399345,0.95200354,0.9421606,0.9575582,0.94682366,0.9641692,0.9440863,0.95189327,0.9509114,0.95468855,0.9542976,0.95778435,0.95616364,0.94420004,0.9477085,0.9445066,0.94618106,0.9516645,0.94889474,0.9507249,0.94613445,0.94708943,0.94674504,0.9518913,0.9548715,0.9565169,0.9424179,0.94192064,0.94863856,0.95483255,0.9543241,0.8532044,0.93489325,0.9466502,0.9427696,0.9553581,0.9305295,0.94085914,0.94952947,0.944956,0.94502103,0.9486744,0.9510304,0.9356731,0.94398546,0.9361484,0.94695395,0.95711976,0.94753134,0.95419836,0.9491739,0.9543241,0.95064515,0.93465626,0.94840354,0.9482311,0.9486606,0.95593095,0.96046895,0.9510553,0.9619922,0.95468295,0.9491363,0.950539,0.9488096,0.9540028,0.9609371,0.9493793,0.9402563,0.9539065,0.9584774,0.8787036,0.9612834,0.92656225,0.9513989,0.9493131,0.95855373,0.941978,0.9570893,0.9505891,0.95140845,0.95767146,0.9478313,0.93375224,0.9529753,0.94301724,0.95639324,0.94270885,0.9488856,0.95267385,0.95232934,0.9388641,0.9663016,0.94593614,0.95877916,0.95037603,0.946519,0.9511189,0.9454518,0.9537396,0.9739915,0.9598417,0.96024704,0.93568414,0.9365193,0.95450807,0.9419993,0.95250326,0.94760305,0.9480726,0.954846,0.9493232,0.95133007,0.93857336,0.94252,0.9486749,0.9457026,0.94378114,0.9492029,0.94608784,0.9739915,0.94607925,0.9564239,0.9513849,0.95806396
beachbummovie,0.95000815,0.946798,0.95882106,0.9422775,0.9493411,0.9573813,0.9571321,0.95298034,0.9747954,0.9501231,0.9614979,0.9521019,0.9495045,0.9562419,0.9765784,0.95440155,0.952969,0.9409993,0.9424771,0.9999998,0.95638007,0.9632263,0.9528848,0.95350206,0.9293707,0.90763277,0.9429552,0.95380694,0.94856566,0.95760953,0.9434997,0.9570205,0.94085944,0.9534439,0.93947625,0.91892934,0.9592991,0.9513473,0.9568774,0.94742954,0.935138,0.95275396,0.9369234,0.96002954,0.95376956,0.9637191,0.9378385,0.9544005,0.9465418,0.9602149,0.95208055,0.9620776,0.95534855,0.93937224,0.9454754,0.96244866,0.94116086,0.9507194,0.95280135,0.95773494,0.9353857,0.95207393,0.9624245,0.9431751,0.94910437,0.9531119,0.95097756,0.9476926,0.9498784,0.9530504,0.96254873,0.85981375,0.9516836,0.9534184,0.9535563,0.9526921,0.9241915,0.94111043,0.9553889,0.93123287,0.9544988,0.95534813,0.9499744,0.9598878,0.9479618,0.9362897,0.9487545,0.94843686,0.95413435,0.95128393,0.9597655,0.96254873,0.9533052,0.9478837,0.9448381,0.9579412,0.94201577,0.9672741,0.9435996,0.9508227,0.94481206,0.96729237,0.94935644,0.94817185,0.9451146,0.95040035,0.95989305,0.94555753,0.9380858,0.95426863,0.95461065,0.8732118,0.9564379,0.9275315,0.9552695,0.94345117,0.9601388,0.9484751,0.958693,0.9564686,0.9418638,0.950874,0.9486827,0.9580871,0.95206857,0.9570351,0.9492985,0.9362298,0.9421158,0.9400981,0.9640712,0.94257206,0.9539977,0.9486376,0.9504521,0.95586044,0.95065594,0.9523875,0.9559738,0.95042753,0.9747954,0.9532509,0.9379964,0.95094913,0.9431735,0.9589315,0.94567573,0.9569677,0.9562694,0.9524107,0.95552653,0.9589879,0.95127815,0.9323392,0.95087194,0.954642,0.9579541,0.9622557,0.948832,0.9445332,0.9747954,0.9461237,0.9542667,0.95802444,0.9436174
bernadettefilm,0.9560552,0.9488469,0.9625644,0.94099796,0.9519433,0.95240694,0.9547573,0.9593402,0.97345066,0.9460455,0.9541608,0.944053,0.9552957,0.95290315,0.9522236,0.95626104,0.9519547,0.947769,0.94873685,0.95638007,0.9999992,0.94828886,0.95342076,0.9551684,0.92720956,0.9048641,0.9415297,0.9530354,0.9497078,0.9500941,0.9543565,0.95176226,0.9472877,0.9535896,0.9357312,0.9261022,0.94797826,0.9618449,0.9595892,0.95352095,0.93455946,0.96537906,0.9526193,0.9699765,0.9420483,0.9520746,0.9376853,0.949405,0.94983953,0.97290915,0.9550616,0.95679945,0.94869536,0.94982064,0.9464935,0.9600598,0.9392401,0.9559332,0.94876736,0.95737606,0.94454265,0.95022243,0.9535811,0.9461918,0.94969416,0.94737005,0.94402903,0.93814665,0.9395618,0.9556756,0.96037614,0.86552423,0.93998104,0.95138854,0.94454515,0.9553658,0.9152716,0.94773006,0.953364,0.93777037,0.9454471,0.95939,0.9513816,0.9541271,0.9515842,0.94336563,0.9576675,0.95543903,0.94684434,0.9526738,0.9566347,0.96037614,0.9571759,0.9508411,0.9439012,0.9558631,0.94699943,0.95569,0.94676226,0.9461915,0.94105214,0.95300466,0.952813,0.9529314,0.9550283,0.9540731,0.9658874,0.9460891,0.9384447,0.95338583,0.9592739,0.87960166,0.95022005,0.919833,0.96624297,0.94269145,0.9649487,0.9425695,0.95586634,0.95110786,0.9457409,0.950671,0.95622194,0.9384664,0.96064085,0.95876884,0.95125693,0.9382788,0.9495714,0.93840784,0.9771907,0.94197905,0.9534,0.94846284,0.9544269,0.9490154,0.95809364,0.948488,0.95744807,0.95193154,0.97345066,0.9517235,0.9449982,0.9383629,0.9454096,0.9551373,0.94369256,0.9497229,0.9474331,0.94245374,0.9588117,0.9565961,0.9463855,0.9321021,0.95093477,0.95493305,0.9548916,0.9548776,0.9532662,0.94094807,0.97345066,0.94977903,0.9593724,0.95497197,0.95425206
