movie,21bridgesmovie,47metersdown,abeautifuldaymovie,abominablemovie,adastramovie,adogsjourneymovie,aftermathmovie,aftermovie,ahiddenlifefilm,alitamovie,angelhasfallen,angrybirdsmovie,annabellemovie,annamovie,apollo11movie,arcticdogsmovie,arcticmovie,artofracingmovie,avengers,beachbummovie,bernadettefilm,blackandbluemovie,blackchristmas,blindedbythelightmovie,bombshellmovie,booksmart,breakthroughmovie,brianbanksmovie,brightburnmovie,brittanyrunsmov,captainmarvelofficial,captivestatemovie,catsmovie,charliesangels,childsplaymovie,clarathefilm,coldpursuitmovie,countdown,currentwarmovie,darkwatersmovie,detectivepikachumovie,disneyaladdin,disneyfrozen,disneymaleficent,doctorsleepmovie,dolemiteismyname,dontletgomovie,doramovie,downtonabbey_official,dumbo,escaperoom,everybodyknowsmovie,fastandfuriousmovie,fightingwmyfam,fivefeetapartfilm,fordvferrari,freaksthefilm,geminimanmovie,glassmovie,gloriabellmovie,godzillamovie,goldfinchmovie,goodboysmovie,goodliarmovie,gretafilm,halathemovie,happydeathdaymovie,harrietfilm,hellboymovie,hersmellmovie,highlifemovie,highstrungmovie,honeyboymovie,hotelmumbaifilm,httydragon,hustlemovie,hustlersmovie,isntitromantic,itmovieofficial,jayandsilentbob,johnwickmovie,jojorabbitmovie,jokermovie,judythefilm,jumanjimovie,justmercyfilm,knivesout,lalloronamovie,lastblackmansf,lastchristmasthemovie,latenightmovie,lighthousemovie,lionking,littlethemovie,littlewomenmovie,littlewoodsfilm,longshotmovie,lordsofchaosmovie,lucyintheskyfilm,mamovie2019,marriagestory,meettheaddams,meninblack,midsommarmovie,midwaymovie,missbalamovie,missinglinkfilm,motherlessbklyn,onceinhollywood,onthebasisofsex,overcomermovie,peanutbutterfalcon,petsematarymovie,piercingmovie,playingwithfire,playmobilthemovie,pomsmovie,queenandslim,rambomovie,readyornotfilm,richardjewellfilm,rocketmanmovie,scarystoriesmovie,secretlifeofpets,serenityfilm,shaftmovie,shazammovie,spidermanmovie,spiesindisguise,starwars,stormboymovie,stubermovie,taosdfilm,teenspiritmov,terminator,theaeronautsmov,thebestofenemies,thedeaddontdie,thefarewell,thehighwaymen,thehummingbirdprojectfilm,theintrudermovie,theirishmanfilm,thekitchenmovie,thelegomovie,themustangfilm,thenightingalefilm,theprodigymovie,thesunisalsoastar,theupsidefilm,tolkienmovie,toystory,triplefrontier,uglydolls,uncutgems,underthesilverlake,usmovie,wavesmovie,whatmenwant,wonderparkmovie,wrinklestheclown,xmenmovies,yardiefilm,yesterdaymovie,zombieland
21bridgesmovie,0.99999994,0.97182107,0.9745406,0.9835251,0.9800453,0.9764208,0.9751964,0.97290605,0.994326,0.9677806,0.9695655,0.9673985,0.9834,0.9827534,0.98363537,0.9841873,0.9851541,0.97922814,0.98997146,0.9736856,0.9811657,0.9828415,0.9828553,0.981606,0.97793424,0.89349824,0.97449297,0.97886604,0.98699707,0.98389846,0.9848556,0.98028624,0.9619359,0.9722766,0.96460193,0.958571,0.9865948,0.9746067,0.9788977,0.9773362,0.9761289,0.979223,0.9699566,0.9772922,0.9875947,0.9740361,0.9836951,0.98509574,0.9657628,0.97986966,0.9875095,0.9858167,0.9714959,0.97588646,0.9436271,0.9690165,0.9760494,0.98073155,0.9817245,0.97755665,0.9785012,0.9837391,0.9811434,0.97874844,0.9744498,0.96957946,0.9639619,0.97600347,0.9751796,0.9793718,0.9844496,0.6227468,0.9766141,0.9778782,0.98006946,0.9609552,0.9245087,0.97836393,0.9842455,0.9620769,0.9811648,0.9648002,0.987684,0.97704804,0.97723705,0.9726361,0.96769834,0.9846775,0.9743245,0.98934716,0.97948796,0.9844496,0.97568303,0.9717631,0.98109466,0.9830179,0.980148,0.9842723,0.9797455,0.9787849,0.97437006,0.97447646,0.975174,0.9800272,0.98259276,0.98614836,0.9865311,0.97533906,0.9701072,0.9672623,0.9789651,0.86876744,0.9838521,0.94182146,0.97934127,0.98307496,0.9964275,0.96887165,0.9847241,0.9680638,0.98456544,0.9814236,0.9762294,0.9690006,0.9781153,0.97706926,0.9842313,0.97069913,0.9774243,0.9465498,0.9738548,0.9733427,0.98202306,0.9567142,0.98330444,0.98403555,0.987323,0.98166746,0.9801979,0.97691184,0.994326,0.9854052,0.95931786,0.9791233,0.9736096,0.9767941,0.9585395,0.9735465,0.98197174,0.981234,0.97152936,0.9754196,0.96819824,0.9508432,0.97455615,0.9797124,0.97394454,0.97846437,0.9709211,0.97355187,0.994326,0.981509,0.97728056,0.98325145,0.98111206
47metersdown,0.97182107,1.0000001,0.9589422,0.9618484,0.9696597,0.9690223,0.9598379,0.96926105,0.98095095,0.94901484,0.9553538,0.9571803,0.97473025,0.96687615,0.9680285,0.98085535,0.9723058,0.96982694,0.9652439,0.95912397,0.95676404,0.96558934,0.96423,0.9613965,0.97954607,0.9098689,0.95561713,0.96815324,0.96322143,0.9688024,0.9720425,0.9684001,0.96562517,0.9495722,0.9576474,0.9364132,0.9701144,0.9726629,0.9593073,0.9615187,0.9709051,0.97150975,0.95018435,0.966856,0.9713891,0.9681679,0.9701956,0.9684024,0.9503951,0.9704854,0.9741007,0.96915597,0.963482,0.9702608,0.95573044,0.9622473,0.96066505,0.97838444,0.96742505,0.9754273,0.969915,0.96812016,0.9734058,0.97184616,0.96801746,0.96623516,0.9546472,0.96036804,0.95615876,0.9689533,0.9795663,0.6483176,0.9644647,0.9646176,0.9574168,0.95590913,0.9298755,0.96079206,0.9684277,0.9461446,0.9604495,0.9579753,0.97723365,0.9671533,0.96514785,0.95303464,0.9582461,0.9752472,0.96710867,0.97057444,0.9546392,0.9795663,0.9722299,0.9597404,0.97419953,0.9637466,0.9643326,0.9683555,0.9665367,0.9550358,0.96670485,0.9728123,0.95496535,0.97277945,0.9582497,0.97030514,0.9662961,0.973226,0.95529664,0.9580467,0.95769864,0.8948002,0.97070205,0.9373536,0.9727227,0.96017045,0.9696506,0.96472216,0.9732345,0.95742124,0.97855693,0.97346157,0.9744378,0.9687193,0.9749888,0.95700234,0.9623091,0.9583047,0.9778706,0.9192932,0.9477444,0.97882646,0.97398883,0.93214923,0.9663282,0.97011966,0.96614724,0.96451706,0.9726756,0.969537,0.98095095,0.95898277,0.9595952,0.96512973,0.9629809,0.96643203,0.94882303,0.9621793,0.96786433,0.952124,0.9594289,0.96574163,0.96624947,0.9379203,0.95974636,0.9767585,0.956863,0.9754075,0.96690536,0.96554714,0.98095095,0.96863747,0.97611994,0.9699575,0.9653719
abeautifuldaymovie,0.9745406,0.9589422,0.99999994,0.96942437,0.97718674,0.9528371,0.9705358,0.9646294,0.98097634,0.9700797,0.96195406,0.9605346,0.97150356,0.9747238,0.9612525,0.96957093,0.96564436,0.9808551,0.9698259,0.95859444,0.9599568,0.9739947,0.9763881,0.96692955,0.97392565,0.8966629,0.96618754,0.9609492,0.9758728,0.9762793,0.9746156,0.9762231,0.95539963,0.95736355,0.95928603,0.9447093,0.97147083,0.9673966,0.97209805,0.9664196,0.9477056,0.9710063,0.95597047,0.96609455,0.9699055,0.9701684,0.97530156,0.9749762,0.96221614,0.965264,0.981435,0.978487,0.95658463,0.9618849,0.9533962,0.9631792,0.9702885,0.96640074,0.97316575,0.9685924,0.958567,0.9638163,0.9719779,0.96871936,0.9707046,0.9581437,0.9684474,0.9665471,0.9637689,0.9607657,0.9716141,0.6466597,0.95317435,0.9723489,0.95163995,0.93222106,0.91060466,0.9531696,0.9681568,0.9528091,0.95232046,0.96529424,0.97278196,0.967017,0.9745964,0.9655361,0.96558166,0.9698957,0.96203226,0.96792793,0.9713986,0.9716141,0.96250385,0.9637433,0.9735698,0.9589233,0.9683058,0.9684064,0.96610093,0.97390217,0.9661277,0.95693326,0.9621726,0.9651828,0.9690496,0.9801632,0.96411383,0.9532664,0.9770842,0.9537893,0.9657862,0.8709381,0.9718019,0.9273406,0.96413684,0.95941645,0.97447085,0.9568205,0.96385205,0.96974474,0.9743497,0.97006077,0.96651185,0.9500319,0.97597957,0.96933573,0.96899384,0.9690132,0.9726664,0.9112733,0.9592219,0.96676725,0.96642625,0.94184566,0.9614373,0.96839446,0.9721901,0.9774514,0.9684379,0.9662736,0.98097634,0.98021525,0.9454938,0.9547457,0.95432514,0.97717375,0.94090086,0.9630342,0.9678729,0.96907,0.96777385,0.9851495,0.96798956,0.94312686,0.9568019,0.9636655,0.95987374,0.9612056,0.960682,0.963294,0.98097634,0.97233254,0.9683129,0.97002625,0.96631706
abominablemovie,0.9835251,0.9618484,0.96942437,0.99999994,0.970566,0.9750316,0.96106404,0.96727955,0.9846278,0.9708514,0.9548343,0.9672296,0.981343,0.9715663,0.96602863,0.97845626,0.9746283,0.9659288,0.9727032,0.9564548,0.9751022,0.9753588,0.97599,0.9798883,0.97539836,0.87464494,0.9624953,0.9733814,0.97587645,0.968608,0.97823256,0.96511644,0.96274805,0.9660278,0.96637625,0.94400185,0.9745802,0.97776455,0.97105634,0.95746344,0.95253587,0.9737421,0.95548373,0.9710301,0.98460126,0.96852356,0.97985536,0.97023344,0.95568794,0.97223675,0.98057145,0.9752434,0.968945,0.9676559,0.9560715,0.9492561,0.96900475,0.97035617,0.9757373,0.97544265,0.96638405,0.98124045,0.97744524,0.9672977,0.9627544,0.96133274,0.9760091,0.95539767,0.9583887,0.9665118,0.97642505,0.6142881,0.9550289,0.9653297,0.97692686,0.95177525,0.92602277,0.97259444,0.9788328,0.9660415,0.95292526,0.96364653,0.9732947,0.98156303,0.9854684,0.9636635,0.9582294,0.9799307,0.9728523,0.9791964,0.96938664,0.97642505,0.9775497,0.96753997,0.97389805,0.95854926,0.96615386,0.98142093,0.96670216,0.97335577,0.9675555,0.9651534,0.9716219,0.97390485,0.97060585,0.9822835,0.97830766,0.96111673,0.97715443,0.9582506,0.9715946,0.8694546,0.971187,0.9235821,0.96525484,0.9720997,0.9843317,0.97262883,0.9683678,0.95901763,0.9783991,0.97649115,0.9738458,0.9736494,0.976147,0.9693991,0.97393787,0.9738028,0.9732675,0.92335194,0.9703388,0.96338004,0.96916586,0.9462955,0.97683585,0.96371144,0.9751644,0.97058845,0.9803341,0.97145367,0.9846278,0.97333205,0.9554571,0.9623835,0.9594101,0.97069615,0.9371053,0.9735734,0.9622465,0.9728212,0.96690077,0.97336954,0.95956194,0.9401302,0.9704905,0.97031677,0.9725794,0.9646251,0.9661551,0.9634138,0.9846278,0.9757596,0.98032653,0.97572136,0.96868646
adastramovie,0.9800453,0.9696597,0.97718674,0.970566,0.99999994,0.96250004,0.9729405,0.9715147,0.9833965,0.96779037,0.95398545,0.9538615,0.9758655,0.9714502,0.97412974,0.97336745,0.97185403,0.9848042,0.9788952,0.9765586,0.9636843,0.9743476,0.97267956,0.9592407,0.9746622,0.8791129,0.97039694,0.9725336,0.98096585,0.97213113,0.97610456,0.97194916,0.9558054,0.94853,0.9499037,0.93300855,0.9766128,0.9619198,0.96869045,0.9678069,0.9535583,0.9738576,0.96256834,0.9702963,0.97808224,0.9673073,0.9748019,0.9777717,0.94759125,0.9734443,0.9843404,0.97255015,0.95170265,0.95734066,0.94597644,0.98047984,0.9705165,0.9801497,0.96681714,0.9732644,0.9680702,0.97426206,0.96964437,0.96228456,0.9614108,0.95937186,0.96512663,0.9597973,0.96415305,0.9705125,0.97723544,0.6662212,0.9649068,0.9725011,0.96316147,0.94772017,0.9059647,0.9643813,0.9760956,0.962974,0.9593186,0.95783913,0.97891766,0.96396387,0.9677553,0.96527183,0.9627621,0.9783447,0.9628163,0.97431976,0.96978253,0.97723544,0.95757174,0.96403176,0.97054327,0.96828467,0.9695281,0.9792349,0.9726331,0.9696425,0.9668829,0.9676673,0.9703777,0.9696552,0.97012985,0.9811476,0.9694952,0.95827866,0.9677903,0.9544821,0.96859795,0.84428877,0.9756768,0.9271106,0.9744937,0.96125,0.9767818,0.95878506,0.96860003,0.9664702,0.9744719,0.9663894,0.9673103,0.953159,0.9743418,0.97779936,0.9763307,0.96418,0.9813755,0.9300037,0.9668547,0.9818729,0.97768193,0.95330685,0.9726788,0.9742796,0.9797663,0.9810008,0.9721905,0.96873665,0.9833965,0.97492135,0.94556487,0.9592673,0.9575747,0.9702538,0.93776757,0.9648706,0.96074164,0.97240746,0.97002697,0.98233783,0.9688702,0.9446572,0.96016574,0.97101015,0.97123504,0.97258306,0.9687721,0.96085143,0.9833965,0.9787642,0.9735511,0.9720226,0.9714622
adogsjourneymovie,0.9764208,0.9690223,0.9528371,0.9750316,0.96250004,1.0,0.95271677,0.9627264,0.9782303,0.94948137,0.94406384,0.96501243,0.9668675,0.9592964,0.95944864,0.97536623,0.9674625,0.95518667,0.97270906,0.9498793,0.9623938,0.96920276,0.96732765,0.97519577,0.9709842,0.8895297,0.9541524,0.9720197,0.9689169,0.9558291,0.97165036,0.9567259,0.9616251,0.95378107,0.9608916,0.94713956,0.9626254,0.9723288,0.9536697,0.95010066,0.9506221,0.9709802,0.94221544,0.9647111,0.9776303,0.96461684,0.9754064,0.97172683,0.9485231,0.9704,0.97349507,0.9624577,0.95770705,0.9570344,0.9412892,0.94395494,0.95959646,0.9664208,0.9644437,0.9734387,0.954664,0.96911395,0.97106326,0.95536673,0.9460475,0.9455381,0.9539033,0.9389165,0.9520306,0.97284305,0.9775135,0.6470052,0.9587465,0.9556073,0.972067,0.9471664,0.93241715,0.9610066,0.9626931,0.9569917,0.9548313,0.95150757,0.97112185,0.97599435,0.96577615,0.9534205,0.946569,0.97013116,0.97922164,0.9674649,0.954802,0.9775135,0.9720052,0.9651046,0.95955646,0.9500526,0.9541585,0.9671438,0.96949476,0.9658444,0.9575502,0.97503066,0.9665637,0.9693297,0.9564311,0.97257996,0.9679981,0.9641684,0.9600609,0.9590921,0.95873475,0.89838755,0.97712314,0.93944556,0.96552205,0.96577775,0.97345585,0.972436,0.9580139,0.9480992,0.972298,0.9651465,0.9612856,0.98460364,0.9715005,0.9565114,0.97135454,0.9698635,0.96362126,0.93159705,0.94747186,0.96046925,0.9572385,0.9294411,0.9731592,0.9543342,0.9778114,0.95684713,0.97351116,0.9555652,0.9782303,0.9685929,0.9479181,0.95804286,0.95794743,0.95745,0.93199354,0.9623454,0.9547234,0.9496529,0.95107967,0.95487535,0.9547708,0.9270739,0.9648427,0.9750822,0.960164,0.9733059,0.9731041,0.96953875,0.9782303,0.9574648,0.9671992,0.9679039,0.9661953
aftermathmovie,0.9751964,0.9598379,0.9705358,0.96106404,0.9729405,0.95271677,1.0000001,0.9751126,0.98431635,0.96147054,0.9619284,0.9557539,0.9727804,0.97845197,0.97250646,0.9704295,0.9724122,0.97063947,0.9702954,0.9741084,0.9720487,0.9678873,0.98170626,0.96009165,0.972962,0.8678963,0.9647806,0.96068287,0.97693336,0.9752032,0.97915906,0.98494005,0.9401772,0.94894785,0.9536239,0.94185823,0.97821563,0.9633068,0.9724958,0.9695396,0.9535287,0.9723264,0.95707256,0.98028135,0.9764483,0.9673418,0.98021203,0.9771363,0.9591341,0.97731966,0.9733107,0.983349,0.94939756,0.9737178,0.94062155,0.97315145,0.9692091,0.97713363,0.97258264,0.971091,0.9689561,0.9630621,0.96815914,0.9678963,0.96844184,0.95282495,0.96789384,0.9768332,0.96852803,0.9597104,0.97775763,0.6482558,0.95568734,0.97354394,0.958058,0.9652723,0.91823816,0.9665668,0.9840357,0.9601183,0.95776963,0.983525,0.9773271,0.96426505,0.9661604,0.96291035,0.9745343,0.9716079,0.9610906,0.97101396,0.9659541,0.97775763,0.9566153,0.97282475,0.97476804,0.9563117,0.9663292,0.9732425,0.9840553,0.9709693,0.9638808,0.9598676,0.9617179,0.97300684,0.97119945,0.9733871,0.973239,0.9590418,0.9564419,0.9647393,0.9677923,0.8317307,0.9738626,0.91476107,0.97051316,0.9689711,0.97512215,0.942633,0.9667577,0.9920421,0.97118944,0.96120924,0.9666897,0.9497958,0.9711027,0.97854453,0.9715396,0.95580375,0.9677274,0.93169427,0.97435033,0.97308815,0.97726136,0.9623577,0.9621051,0.9735968,0.97394687,0.97682136,0.9721799,0.9631665,0.98431635,0.9773865,0.9442159,0.9486405,0.95887756,0.98181456,0.9651463,0.96602136,0.96951425,0.9685829,0.9903272,0.9644251,0.97700685,0.96200305,0.9622711,0.96787184,0.97142094,0.9761043,0.9708356,0.9545127,0.98431635,0.9739411,0.9611565,0.97874296,0.96720463
aftermovie,0.97290605,0.96926105,0.9646294,0.96727955,0.9715147,0.9627264,0.9751126,1.0,0.9833205,0.95731497,0.9534232,0.9531671,0.9719507,0.96593964,0.9738782,0.97255015,0.96572566,0.9569875,0.9749997,0.97200084,0.9613148,0.9620266,0.9731385,0.9669956,0.98008645,0.89120317,0.9560372,0.9644433,0.963221,0.96098506,0.97299945,0.96716875,0.9589622,0.9365616,0.9523998,0.9301471,0.97190595,0.97475934,0.95759064,0.9676758,0.9597296,0.97563076,0.96153945,0.97033066,0.97660697,0.9607158,0.975361,0.9793042,0.95584714,0.97360474,0.97196954,0.97624904,0.9442013,0.97078377,0.96093667,0.97118646,0.9633073,0.98486274,0.96337044,0.9802376,0.96454304,0.9670669,0.97060037,0.96911174,0.9682108,0.9487725,0.9687959,0.97194856,0.9569389,0.9614024,0.9826214,0.6657694,0.95219934,0.9584779,0.9611024,0.94997436,0.9279352,0.9597369,0.97376734,0.9548057,0.9549749,0.97578824,0.97654814,0.96662575,0.966937,0.96569884,0.95851487,0.9771582,0.980168,0.96952075,0.953725,0.9826214,0.9646398,0.97351456,0.9680169,0.95677525,0.958621,0.9786071,0.9696795,0.96341556,0.955304,0.96145785,0.95839053,0.9778039,0.95192075,0.97141606,0.96251494,0.96666956,0.95906377,0.9635792,0.9594488,0.8646363,0.9713385,0.9371349,0.96607333,0.9567894,0.97253096,0.9532419,0.9738896,0.9788164,0.97662884,0.96927816,0.9758313,0.9686008,0.9681576,0.970237,0.9646183,0.9558612,0.9787077,0.91975826,0.9573052,0.9766789,0.9704186,0.9586751,0.9658791,0.9712929,0.97108346,0.97911835,0.9787811,0.95703214,0.9833205,0.9630856,0.9519778,0.9515947,0.958705,0.97823125,0.95626295,0.9631695,0.96677226,0.9688536,0.9724199,0.9665043,0.9642541,0.95179784,0.9693664,0.9774725,0.972423,0.9742126,0.9800981,0.9611176,0.9833205,0.96758497,0.97335696,0.97350657,0.95567596
ahiddenlifefilm,0.994326,0.98095095,0.98097634,0.9846278,0.9833965,0.9782303,0.98431635,0.9833205,0.9999998,0.97276664,0.97607124,0.9724031,0.9886685,0.989863,0.98399997,0.98927176,0.984847,0.97900784,0.9875821,0.9775795,0.9840129,0.9839473,0.99074477,0.98292977,0.985839,0.9039542,0.9790426,0.9805558,0.98707056,0.98476195,0.99139494,0.98765785,0.9707124,0.96857536,0.9742555,0.961973,0.98853207,0.9830435,0.98534477,0.9809688,0.9766925,0.9858504,0.97409576,0.9863721,0.9915557,0.9825904,0.99294466,0.98922473,0.9739202,0.98718137,0.9880012,0.99087507,0.97343516,0.9843515,0.96047103,0.97491604,0.9803574,0.989313,0.98642635,0.98752517,0.9812421,0.98410183,0.98744416,0.9864004,0.9790696,0.97761756,0.97584486,0.9807433,0.97782767,0.98235,0.9923219,0.64907765,0.97523475,0.9819532,0.98220855,0.9674183,0.9333053,0.97895944,0.9887419,0.9703466,0.97701585,0.9779856,0.99152994,0.9852396,0.9842251,0.9793324,0.9773966,0.9891459,0.98436356,0.9905563,0.97994614,0.9923219,0.98156804,0.9794045,0.9848553,0.9783977,0.98324865,0.98860705,0.9864731,0.98543924,0.9800655,0.9784535,0.9779025,0.98837847,0.9811461,0.98761046,0.9884375,0.98316824,0.97296935,0.9751185,0.9807665,0.88025117,0.9889651,0.94550425,0.98577636,0.9823939,0.9928047,0.9757733,0.98563695,0.9790736,0.9881117,0.9854702,0.9851625,0.9748775,0.9861989,0.98363036,0.9845707,0.97562015,0.98528445,0.9454146,0.9796929,0.9802611,0.9860921,0.96132547,0.983997,0.9849606,0.98768425,0.98572266,0.9895103,0.9791257,0.9999998,0.9882389,0.96779734,0.9793745,0.98042476,0.9874016,0.9692252,0.9823032,0.98583233,0.9823883,0.98228186,0.98280555,0.9828097,0.9602309,0.98193854,0.9853291,0.9819104,0.9849783,0.98181576,0.97829497,0.9999998,0.988191,0.98176074,0.9904376,0.98055047
alitamovie,0.9677806,0.94901484,0.9700797,0.9708514,0.96779037,0.94948137,0.96147054,0.95731497,0.97276664,0.9999999,0.9460856,0.9383027,0.96104115,0.97184414,0.95793533,0.9592564,0.9656776,0.96446854,0.95264,0.9585493,0.96455646,0.9752869,0.970991,0.96689576,0.96904993,0.87654567,0.9563105,0.9602083,0.97117156,0.9669275,0.96124923,0.9651405,0.93913865,0.9513192,0.9456962,0.9167334,0.9638447,0.9641868,0.9691599,0.94933194,0.9414929,0.9606906,0.9470845,0.95612216,0.96816415,0.95918775,0.9669767,0.96595514,0.945647,0.9574249,0.97236985,0.96099424,0.9695835,0.95655006,0.9510728,0.95910496,0.95567185,0.9641518,0.96117425,0.96133256,0.9520471,0.9575714,0.97359204,0.95628005,0.94797415,0.9522609,0.9717959,0.95081514,0.94178855,0.9401653,0.9624601,0.6923496,0.9398209,0.960896,0.94482034,0.92286235,0.9004487,0.94284475,0.97106946,0.9424149,0.94487923,0.9575063,0.96098053,0.96355784,0.9740882,0.9588888,0.9475456,0.9567676,0.95744884,0.9694046,0.96914756,0.9624601,0.9640939,0.9528267,0.9639888,0.952534,0.96065974,0.9708694,0.95530474,0.9609091,0.9570485,0.96704495,0.94580597,0.95740694,0.9754963,0.97258973,0.9620055,0.93805873,0.95853996,0.939444,0.96681577,0.8612354,0.96061856,0.89697015,0.9684001,0.95441276,0.9733046,0.9564527,0.9581113,0.9608313,0.9672861,0.9586219,0.9668109,0.943888,0.9673459,0.95285314,0.95363563,0.95806575,0.97099215,0.91763675,0.9534913,0.96720135,0.9618481,0.9254289,0.97079057,0.96811676,0.9641075,0.9563342,0.95957476,0.9613752,0.97276664,0.96461856,0.9415982,0.9405632,0.9491921,0.95943224,0.9178115,0.9541283,0.9406592,0.96493113,0.9697783,0.9737453,0.9553299,0.9424722,0.9617038,0.94924456,0.96151227,0.95446956,0.9600745,0.9562412,0.97276664,0.9690163,0.9616943,0.9700231,0.95661646
angelhasfallen,0.9695655,0.9553538,0.96195406,0.9548343,0.95398545,0.94406384,0.9619284,0.9534232,0.97607124,0.9460856,1.0000001,0.94821274,0.96276647,0.9610327,0.9548889,0.9587937,0.9595856,0.9536117,0.96071047,0.94682974,0.95878655,0.9472034,0.96550834,0.9541174,0.9482632,0.89346784,0.9532547,0.9455078,0.9569147,0.9607148,0.96932805,0.96568656,0.92857707,0.94782275,0.9481227,0.93927115,0.9679384,0.9570983,0.96196276,0.9584188,0.9574892,0.9620474,0.96035576,0.963198,0.95855254,0.95665526,0.9642331,0.9619889,0.95217556,0.9645262,0.9554622,0.96717024,0.94110733,0.9614272,0.9356468,0.9576101,0.952368,0.96346945,0.96553195,0.9705358,0.9585432,0.96007234,0.95704854,0.95659715,0.9568767,0.97367793,0.95329785,0.95824414,0.9721026,0.95812565,0.9664106,0.67020726,0.9563758,0.9722641,0.9595653,0.9469526,0.9233007,0.95567554,0.9637691,0.9540561,0.96861666,0.9558678,0.96944034,0.95969594,0.9610526,0.9722671,0.96371657,0.96069187,0.95976675,0.97001666,0.96427804,0.9664106,0.95614725,0.9664779,0.96711326,0.95962995,0.9759904,0.95086384,0.96585834,0.96631676,0.9631144,0.9376215,0.96506286,0.96502346,0.95448333,0.9527488,0.96770054,0.96099806,0.9374727,0.9484106,0.9566935,0.8523245,0.9666015,0.93785226,0.9624331,0.9712708,0.9672494,0.9334708,0.9677753,0.9594178,0.96070665,0.97000945,0.96214247,0.94033444,0.9620308,0.9715973,0.9548238,0.93984574,0.9568343,0.92695594,0.9557008,0.9429213,0.9630036,0.93606985,0.9604816,0.95696366,0.95988226,0.96165353,0.96237725,0.9602373,0.97607124,0.9583895,0.95879614,0.95687306,0.96064645,0.9640717,0.9548146,0.950759,0.9620154,0.95861554,0.95687276,0.96368265,0.96509296,0.93800503,0.9693173,0.9566565,0.9490509,0.9592308,0.9642953,0.95398676,0.97607124,0.96278113,0.945729,0.95856076,0.95356894
angrybirdsmovie,0.9673985,0.9571803,0.9605346,0.9672296,0.9538615,0.96501243,0.9557539,0.9531671,0.9724031,0.9383027,0.94821274,0.99999994,0.9626765,0.9555504,0.9534684,0.96474284,0.9506402,0.95630455,0.96669114,0.95353895,0.95964915,0.9606258,0.9639364,0.962345,0.9712749,0.90135854,0.9502646,0.9492737,0.9733595,0.9624211,0.97121423,0.9670048,0.95323515,0.97671086,0.95343214,0.94615,0.9550319,0.9593024,0.954697,0.9651888,0.9365883,0.9682872,0.94786775,0.97376776,0.97093076,0.9592949,0.96972775,0.9646879,0.93692,0.9706643,0.97802407,0.9764218,0.94868404,0.9567742,0.92139804,0.93702817,0.955625,0.95731735,0.9603868,0.9555363,0.9462489,0.95338,0.9616816,0.9585647,0.96498483,0.9454286,0.9389016,0.95101756,0.9653489,0.96137226,0.9660712,0.6249291,0.9365552,0.9526824,0.9574423,0.95470995,0.92907774,0.9645343,0.95663047,0.9674518,0.95485294,0.9546767,0.9664958,0.96829385,0.9746606,0.9378499,0.9535326,0.9620437,0.9596717,0.95466954,0.9435881,0.9660712,0.96425873,0.9577063,0.9667806,0.9330246,0.94708914,0.9549274,0.9609974,0.9680835,0.95021355,0.9561541,0.9668906,0.9633993,0.94699025,0.9777246,0.95949626,0.94797516,0.96671176,0.97931457,0.951038,0.8888389,0.9660567,0.92314154,0.9548356,0.9611919,0.9620324,0.95838636,0.9600037,0.95739156,0.9588078,0.95936656,0.9482569,0.9606517,0.9700136,0.9586034,0.95853287,0.97369826,0.9585518,0.9089025,0.9579528,0.95128417,0.959566,0.9488881,0.9645663,0.9455941,0.9719077,0.9585338,0.972809,0.96036804,0.9724031,0.9715391,0.9441183,0.94249564,0.9534688,0.9711299,0.95462567,0.9621864,0.95512384,0.95933557,0.962535,0.9506847,0.9586342,0.9074807,0.96373534,0.9619818,0.95747215,0.9604254,0.9570869,0.9610141,0.9724031,0.9570354,0.95992935,0.9575949,0.97776145
annabellemovie,0.9834,0.97473025,0.97150356,0.981343,0.9758655,0.9668675,0.9727804,0.9719507,0.9886685,0.96104115,0.96276647,0.9626765,1.0,0.97674716,0.97266084,0.9817798,0.9779723,0.9775693,0.9777364,0.96499723,0.96828353,0.97266364,0.97582376,0.96571094,0.9761328,0.8663899,0.97504604,0.96859354,0.9773089,0.97001165,0.98259723,0.9790525,0.9585259,0.9581023,0.9652958,0.95022637,0.98369545,0.9793502,0.97522324,0.9694839,0.974229,0.97876227,0.9546562,0.9755274,0.9832225,0.9681502,0.9781423,0.97269446,0.97381496,0.976324,0.98061794,0.9862237,0.96551013,0.967641,0.9657083,0.9708157,0.97677815,0.98585665,0.97712886,0.97776324,0.98647785,0.97968173,0.97941387,0.9828786,0.9709654,0.9730337,0.96683425,0.973437,0.96555316,0.97650546,0.9817409,0.6330524,0.97143835,0.9789204,0.97320914,0.95416003,0.9293103,0.96934336,0.98342973,0.9626248,0.9585753,0.96940756,0.98676425,0.9719623,0.97960275,0.96905744,0.973821,0.9912127,0.9713245,0.97686535,0.97632664,0.9817409,0.96892357,0.97378206,0.98085237,0.96562195,0.97747964,0.9771516,0.9794497,0.97030646,0.97186583,0.9681883,0.97088814,0.97950286,0.96325046,0.97877586,0.97448987,0.97938836,0.9627824,0.97098565,0.9806438,0.85103524,0.9760121,0.9265282,0.96939397,0.9752771,0.9820076,0.962329,0.9739388,0.9669946,0.98895866,0.9833057,0.9817751,0.96923137,0.98174113,0.9776082,0.9873704,0.96167076,0.9772305,0.9216483,0.96510696,0.9716428,0.97891116,0.94977874,0.9772189,0.9685266,0.9670299,0.9775116,0.98459315,0.9713919,0.9886685,0.97415304,0.96031094,0.97384804,0.9743382,0.9850407,0.9550549,0.9790545,0.9803544,0.9761698,0.9723868,0.9731822,0.96623784,0.9537657,0.96547914,0.97583854,0.96834826,0.9769163,0.97140074,0.9670713,0.9886685,0.9818469,0.98067045,0.97980887,0.96980923
annamovie,0.9827534,0.96687615,0.9747238,0.9715663,0.9714502,0.9592964,0.97845197,0.96593964,0.989863,0.97184414,0.9610327,0.9555504,0.97674716,1.0000002,0.9707092,0.98330086,0.9707282,0.97286433,0.971242,0.9656843,0.9825736,0.9810664,0.9863591,0.9719509,0.977231,0.8902671,0.9730443,0.9715439,0.97999173,0.98433614,0.9817751,0.9833708,0.96581507,0.95791173,0.9643676,0.9604573,0.984447,0.9706577,0.97888154,0.97181743,0.9654,0.96480244,0.9542829,0.97317225,0.9836346,0.9767302,0.98551446,0.9769953,0.9684412,0.97059697,0.9741858,0.980638,0.96837336,0.9798189,0.94716704,0.9591898,0.97170234,0.9730876,0.98121256,0.974477,0.9676058,0.9671032,0.98036945,0.98736227,0.96836275,0.969426,0.9730846,0.9749838,0.96077174,0.96950966,0.9827833,0.62114334,0.962562,0.9741802,0.9712207,0.9573568,0.9138985,0.9713697,0.9804494,0.94567484,0.9700972,0.9660221,0.9849936,0.97634476,0.96966976,0.96834075,0.966304,0.9715884,0.9703666,0.9799167,0.97310144,0.9827833,0.9689709,0.9643395,0.9788493,0.9741641,0.9711906,0.9786229,0.97530967,0.9809211,0.9801683,0.96909195,0.9610413,0.9810709,0.9765771,0.9773698,0.97805935,0.9769076,0.9600702,0.9640932,0.9702352,0.8788146,0.9803845,0.93373626,0.9841199,0.97387445,0.98462874,0.9767709,0.97300225,0.9698007,0.97907037,0.97444165,0.9755854,0.957666,0.9768296,0.9697542,0.9691419,0.962688,0.9671383,0.9283567,0.98259604,0.97243625,0.9749517,0.9439599,0.97459716,0.9843746,0.9795765,0.9739745,0.9795923,0.9724727,0.989863,0.98140305,0.9613319,0.97881633,0.9792565,0.98135525,0.96162647,0.97215736,0.98157996,0.97032887,0.9725735,0.9724644,0.97152865,0.95962435,0.9696238,0.9731651,0.9766845,0.96619457,0.9689691,0.97552574,0.989863,0.9788398,0.9737321,0.9897694,0.96369195
apollo11movie,0.98363537,0.9680285,0.9612525,0.96602863,0.97412974,0.95944864,0.97250646,0.9738782,0.98399997,0.95793533,0.9548889,0.9534684,0.97266084,0.9707092,0.9999998,0.97279435,0.9741288,0.96145856,0.9725747,0.9859821,0.9687941,0.975072,0.9745625,0.9583778,0.9723462,0.89449483,0.9559024,0.9699556,0.974344,0.9782293,0.971578,0.97234887,0.9544415,0.95118755,0.9457964,0.944232,0.97622615,0.96589553,0.9725437,0.9722312,0.967131,0.96942234,0.9595296,0.96541387,0.98126835,0.9705189,0.9754722,0.97125393,0.9643092,0.9669218,0.9758722,0.97799265,0.9532278,0.9654163,0.9278964,0.969402,0.9686061,0.98119235,0.9697753,0.9689416,0.9703686,0.97209966,0.96596,0.967125,0.9688108,0.95808077,0.95309263,0.97333276,0.95712864,0.9567162,0.9771979,0.6329904,0.9699553,0.96320075,0.96049845,0.95763564,0.92480326,0.9621053,0.974564,0.9527133,0.9664248,0.96217257,0.97339976,0.96799606,0.9666332,0.96667975,0.95540714,0.97179383,0.9667977,0.9860001,0.96818453,0.9771979,0.9597073,0.96972626,0.9744471,0.980624,0.96987593,0.97545016,0.97027993,0.956308,0.9750137,0.9628381,0.9638975,0.9723037,0.9709279,0.9726191,0.97622055,0.9713442,0.95252925,0.9673083,0.9593087,0.84921324,0.97680914,0.9428612,0.97199786,0.9678642,0.9810232,0.9595426,0.9713862,0.9625924,0.97736424,0.97187,0.96063954,0.95927125,0.9736317,0.9729552,0.96713686,0.9557928,0.96805924,0.93012875,0.96345454,0.9663572,0.9815645,0.9568984,0.97146887,0.97866035,0.9738241,0.97866195,0.9703239,0.9672909,0.98399997,0.97209775,0.9627163,0.95188385,0.9563948,0.96545684,0.9458894,0.9601164,0.96624076,0.96672183,0.96975225,0.9598893,0.9608619,0.9458726,0.96414644,0.97557247,0.9705711,0.9773949,0.9711064,0.9718831,0.98399997,0.97361994,0.97088104,0.9732469,0.9657725
arcticdogsmovie,0.9841873,0.98085535,0.96957093,0.97845626,0.97336745,0.97536623,0.9704295,0.97255015,0.98927176,0.9592564,0.9587937,0.96474284,0.9817798,0.98330086,0.97279435,1.0000002,0.97074425,0.9755263,0.9735145,0.9677634,0.9710499,0.9793018,0.9805508,0.97193474,0.97692835,0.88775045,0.96839666,0.9774682,0.9794389,0.97603315,0.9778276,0.97343373,0.9710741,0.9567969,0.9648197,0.95106333,0.9809328,0.97376347,0.9718461,0.9733571,0.9725418,0.970228,0.951713,0.96898824,0.9811471,0.97543925,0.9817812,0.97651726,0.9625947,0.96842873,0.9828007,0.9806966,0.9665275,0.9826762,0.95911163,0.95695025,0.9654613,0.97459745,0.9749641,0.9837428,0.9738317,0.9736801,0.9765659,0.9786379,0.9691854,0.9723888,0.97612995,0.9671885,0.95642316,0.9741006,0.9882273,0.62679034,0.96629727,0.9699356,0.9707929,0.95938283,0.9266951,0.97182924,0.97412455,0.9511793,0.9716139,0.96327585,0.9835674,0.98101306,0.97637475,0.96386623,0.9593105,0.97987044,0.9746444,0.97941995,0.9715837,0.9882273,0.97455305,0.9706798,0.98364955,0.97757596,0.96630806,0.98039126,0.9723749,0.96673834,0.9747531,0.9718152,0.96876353,0.9892381,0.96990204,0.9850472,0.9813701,0.9802651,0.971205,0.9582532,0.9642485,0.8777531,0.9803684,0.93889505,0.97892284,0.9714919,0.9839712,0.9737132,0.9796308,0.9622415,0.9841014,0.9771337,0.9788808,0.9712038,0.9818584,0.96724164,0.97253734,0.9703677,0.9748888,0.9163755,0.968387,0.97604394,0.970285,0.9348192,0.97328067,0.978638,0.9774921,0.97817755,0.98322123,0.97437495,0.98927176,0.97695696,0.9601643,0.9778539,0.97483456,0.9805803,0.9524195,0.96884644,0.9788241,0.9622142,0.9644619,0.96805465,0.96921027,0.9492601,0.9782438,0.9885858,0.97065794,0.9737731,0.9738436,0.97550356,0.98927176,0.9713822,0.9818161,0.98429817,0.96955097
arcticmovie,0.9851541,0.9723058,0.96564436,0.9746283,0.97185403,0.9674625,0.9724122,0.96572566,0.984847,0.9656776,0.9595856,0.9506402,0.9779723,0.9707282,0.9741288,0.97074425,1.0,0.9698665,0.9792307,0.95994204,0.9741344,0.9708103,0.97818196,0.97273105,0.9763883,0.8921598,0.9555509,0.98267496,0.9709977,0.97273135,0.97610176,0.9745683,0.9459788,0.96138597,0.9657158,0.9489292,0.9766505,0.9741114,0.97396135,0.95657736,0.96643543,0.9738525,0.9614172,0.9696524,0.9732309,0.97291946,0.9773393,0.9742209,0.9602647,0.97545475,0.97722536,0.9768745,0.9708486,0.96986973,0.9449998,0.96452403,0.9713762,0.9760109,0.9669516,0.96810275,0.9709528,0.9796229,0.96838945,0.97085196,0.9697755,0.9589991,0.9585822,0.9672164,0.96522367,0.9709711,0.97143584,0.64634687,0.9689862,0.9801558,0.97032225,0.95285827,0.92267805,0.96671945,0.98027,0.9543463,0.96184206,0.96883166,0.9755553,0.9697568,0.9745775,0.9524315,0.96013045,0.97660595,0.9669623,0.9816123,0.9769114,0.97143584,0.9689982,0.96654373,0.96567607,0.96340674,0.9689572,0.9797165,0.96860284,0.96742666,0.9701135,0.97497416,0.9537212,0.9600575,0.9801738,0.9750906,0.97221565,0.96591353,0.9600366,0.95436215,0.9687957,0.8701266,0.97724825,0.93050545,0.9754205,0.9725822,0.98439527,0.9588313,0.96744406,0.96508664,0.97728145,0.96910274,0.9701496,0.9632256,0.96644235,0.9663262,0.97466946,0.96850795,0.97050124,0.9531072,0.9584524,0.9694763,0.98518294,0.9585147,0.9751152,0.9712065,0.97219807,0.97077173,0.96405643,0.96569777,0.984847,0.97227705,0.95693964,0.961742,0.9604297,0.9669377,0.9552435,0.96844894,0.9671813,0.9721741,0.9701659,0.97553897,0.96271884,0.9523475,0.95592207,0.9636905,0.96497643,0.9687814,0.9633896,0.96202815,0.984847,0.9795753,0.9617838,0.97280246,0.97382325
artofracingmovie,0.97922814,0.96982694,0.9808551,0.9659288,0.9848042,0.95518667,0.97063947,0.9569875,0.97900784,0.96446854,0.9536117,0.95630455,0.9775693,0.97286433,0.96145856,0.9755263,0.9698665,1.0,0.97278917,0.9610106,0.9543571,0.9709756,0.9671816,0.95691735,0.9732498,0.8764079,0.97364587,0.96168005,0.98085725,0.97367644,0.97129303,0.97505206,0.95632505,0.9602175,0.9412795,0.9289194,0.9790548,0.9560689,0.9617785,0.9636112,0.95652944,0.96517694,0.94718,0.9622383,0.969271,0.96203625,0.96591437,0.9694986,0.9486886,0.96380836,0.9836273,0.9723861,0.959763,0.9556946,0.9447723,0.97025317,0.96713275,0.96950877,0.97224927,0.9653478,0.9714411,0.9704658,0.97071,0.9657469,0.9650682,0.9646647,0.9589219,0.9623948,0.9686067,0.9701126,0.9689669,0.63151896,0.95675445,0.9743063,0.95158774,0.9463034,0.8910918,0.9668257,0.974486,0.94839674,0.96572,0.95696497,0.97775626,0.9544316,0.9675599,0.95954984,0.9633801,0.976528,0.9500853,0.9665426,0.969762,0.9689669,0.9504718,0.9553175,0.98078525,0.9658367,0.972058,0.9694283,0.9729509,0.9673777,0.9637531,0.96672803,0.9597291,0.96243143,0.9683311,0.9796253,0.96547455,0.9550972,0.96787584,0.95321965,0.97505516,0.8457677,0.96902066,0.9113352,0.9716937,0.9652281,0.9764985,0.9532905,0.97381455,0.96381235,0.9752545,0.96467006,0.96946007,0.94599277,0.9714752,0.96360236,0.9717759,0.95764667,0.9743931,0.9160705,0.9567151,0.97820103,0.97391206,0.93844825,0.96550757,0.97077495,0.97572124,0.9709859,0.9658159,0.97620875,0.97900784,0.97423553,0.94064385,0.96507126,0.95952123,0.9679983,0.93870384,0.95242,0.965788,0.96569306,0.9666199,0.97505224,0.96406835,0.94209933,0.95184976,0.9613136,0.957648,0.96289593,0.95776486,0.9596756,0.97900784,0.970694,0.9749084,0.97165567,0.9723315
avengers,0.98997146,0.9652439,0.9698259,0.9727032,0.9788952,0.97270906,0.9702954,0.9749997,0.9875821,0.95264,0.96071047,0.96669114,0.9777364,0.971242,0.9725747,0.9735145,0.9792307,0.97278917,0.99999994,0.96672666,0.96900696,0.96600795,0.97764224,0.9726089,0.97767717,0.8993896,0.9712038,0.9722035,0.9787569,0.9646319,0.9859646,0.9725021,0.9531606,0.9625937,0.95781296,0.9547995,0.9737836,0.9743249,0.9643359,0.9671997,0.96132064,0.98005766,0.9666729,0.978501,0.97854924,0.9645052,0.97881,0.98674095,0.9575657,0.9827146,0.98233116,0.98004943,0.95255846,0.9691638,0.9400048,0.96665424,0.9770947,0.979675,0.9731655,0.97123116,0.96652424,0.9775842,0.969436,0.9680914,0.97220254,0.9561822,0.9492534,0.96956867,0.97702307,0.97896963,0.97817785,0.6351297,0.9648097,0.9691844,0.9751091,0.95114213,0.9175803,0.97017527,0.9756573,0.9610139,0.9707516,0.96710974,0.9811316,0.963885,0.9720993,0.9667537,0.9630005,0.97999847,0.971931,0.97668266,0.96357167,0.97817785,0.96410704,0.9710746,0.971469,0.9675637,0.9728924,0.9801203,0.975769,0.9764609,0.962465,0.9728201,0.968264,0.9728803,0.96428317,0.9808093,0.97158146,0.96916753,0.96696126,0.9701531,0.9690484,0.8673942,0.98034173,0.9460486,0.9697344,0.9727498,0.98349845,0.9605087,0.9761685,0.9689525,0.97586006,0.97003096,0.96930736,0.9687085,0.9627491,0.97721654,0.9793902,0.97109765,0.97387373,0.95075405,0.9649386,0.97393847,0.9780996,0.96347594,0.978883,0.9675968,0.9832525,0.9799792,0.97658694,0.96542156,0.9875821,0.9765169,0.94996303,0.9680594,0.9685193,0.97398084,0.96586204,0.9666288,0.9745253,0.976983,0.9631354,0.974702,0.9610448,0.9385809,0.96085227,0.97252846,0.9686285,0.9719643,0.96996427,0.9692186,0.9875821,0.9736581,0.9671809,0.9745127,0.97887206
beachbummovie,0.9736856,0.95912397,0.95859444,0.9564548,0.9765586,0.9498793,0.9741084,0.97200084,0.9775795,0.9585493,0.94682974,0.95353895,0.96499723,0.9656843,0.9859821,0.9677634,0.95994204,0.9610106,0.96672666,1.0000001,0.9630611,0.9723333,0.974186,0.94941944,0.96885085,0.882739,0.95141345,0.95717084,0.9738275,0.9736943,0.96517473,0.96906567,0.9434359,0.94295645,0.9415799,0.9300742,0.96324617,0.9600559,0.96460795,0.9643566,0.955733,0.9702142,0.9582815,0.9678769,0.97415686,0.9657137,0.972894,0.9698608,0.95658493,0.9692664,0.97467947,0.9737119,0.9539685,0.96095127,0.9274905,0.9674006,0.95518154,0.972972,0.95575297,0.9667801,0.95601445,0.9542314,0.96145576,0.9580827,0.9626716,0.9511056,0.9558849,0.96398544,0.9563651,0.95685035,0.9771609,0.6809064,0.9534759,0.94890213,0.9493006,0.957313,0.9100974,0.9604407,0.96792,0.9507534,0.95712817,0.9642591,0.9706829,0.9614128,0.9627875,0.9583411,0.9540999,0.9719419,0.9570276,0.97244567,0.95943534,0.9771609,0.9567075,0.9653851,0.9649271,0.9669922,0.96222204,0.9780602,0.97208863,0.9545522,0.9590717,0.96191317,0.96498406,0.97248733,0.9633702,0.97139686,0.9691575,0.9543682,0.9575094,0.95860857,0.9530266,0.83582234,0.96590084,0.930085,0.9642754,0.9602113,0.9709776,0.9486447,0.9679911,0.9659342,0.9651388,0.962086,0.9537254,0.94654214,0.9696562,0.96874493,0.9635908,0.95370513,0.9745435,0.9129473,0.9632801,0.9719559,0.9671545,0.9530699,0.9598406,0.9735705,0.9698477,0.9753251,0.9719614,0.96800154,0.9775795,0.9737598,0.94137895,0.9386679,0.94684124,0.96671855,0.9464019,0.95870304,0.9556629,0.955692,0.96720254,0.9566408,0.96209747,0.9334227,0.9645646,0.9758181,0.97561806,0.972622,0.965348,0.9621898,0.9775795,0.9618328,0.96422654,0.97535026,0.9619272
bernadettefilm,0.9811657,0.95676404,0.9599568,0.9751022,0.9636843,0.9623938,0.9720487,0.9613148,0.9840129,0.96455646,0.95878655,0.95964915,0.96828353,0.9825736,0.9687941,0.9710499,0.9741344,0.9543571,0.96900696,0.9630611,1.0000001,0.97762537,0.979941,0.9682166,0.9673524,0.8645566,0.95406675,0.9727469,0.97943306,0.9795135,0.9826811,0.9761571,0.9492218,0.9623856,0.9707782,0.95576745,0.97618526,0.9666404,0.9767001,0.9672849,0.9530945,0.9673784,0.96168214,0.972682,0.9816077,0.96535265,0.9817329,0.9727255,0.95125324,0.97586113,0.9719023,0.9769908,0.96261805,0.9764772,0.92424315,0.9446259,0.9659812,0.9668866,0.96931386,0.96988374,0.95817035,0.9636949,0.9687091,0.96929246,0.96399003,0.9477263,0.9660654,0.96764654,0.95823246,0.96559435,0.97448474,0.62092537,0.9534596,0.9731084,0.9744017,0.966602,0.9291739,0.97006935,0.9767824,0.9550203,0.96635544,0.95549846,0.97311074,0.97812515,0.97099084,0.9535699,0.9605643,0.9647416,0.9639522,0.9780835,0.96413654,0.97448474,0.9761917,0.96066254,0.9621192,0.9601909,0.9568166,0.9731585,0.96493363,0.97250146,0.9675785,0.96046233,0.9626987,0.9677517,0.9770258,0.9759488,0.9742916,0.95786434,0.9545157,0.9602198,0.9633042,0.87003136,0.9716044,0.92683,0.9789249,0.9816306,0.9863833,0.9631157,0.96598434,0.9674049,0.96844965,0.9750183,0.9687943,0.9560046,0.9714069,0.9687622,0.9663871,0.9678974,0.96059483,0.9507673,0.987095,0.95943415,0.97463995,0.9476841,0.972316,0.97949195,0.9763567,0.9672762,0.97349215,0.95818955,0.9840129,0.9762942,0.9478463,0.9628339,0.9592402,0.97162825,0.9592219,0.9742673,0.96331996,0.96944594,0.96857995,0.96422565,0.95996064,0.94290394,0.9737407,0.9678036,0.96892434,0.9636748,0.96700704,0.9637666,0.9840129,0.9698704,0.96232635,0.9749811,0.96986437
