movie,21bridgesmovie,47metersdown,abeautifuldaymovie,abominablemovie,adastramovie,adogsjourneymovie,aftermathmovie,aftermovie,ahiddenlifefilm,alitamovie,angelhasfallen,angrybirdsmovie,annabellemovie,annamovie,apollo11movie,arcticdogsmovie,arcticmovie,artofracingmovie,avengers,beachbummovie,bernadettefilm,blackandbluemovie,blackchristmas,blindedbythelightmovie,bombshellmovie,booksmart,breakthroughmovie,brianbanksmovie,brightburnmovie,brittanyrunsmov,captainmarvelofficial,captivestatemovie,catsmovie,charliesangels,childsplaymovie,clarathefilm,coldpursuitmovie,countdown,currentwarmovie,darkwatersmovie,detectivepikachumovie,disneyaladdin,disneyfrozen,disneymaleficent,doctorsleepmovie,dolemiteismyname,dontletgomovie,doramovie,downtonabbey_official,dumbo,escaperoom,everybodyknowsmovie,fastandfuriousmovie,fightingwmyfam,fivefeetapartfilm,fordvferrari,freaksthefilm,geminimanmovie,glassmovie,gloriabellmovie,godzillamovie,goldfinchmovie,goodboysmovie,goodliarmovie,gretafilm,halathemovie,happydeathdaymovie,harrietfilm,hellboymovie,hersmellmovie,highlifemovie,highstrungmovie,honeyboymovie,hotelmumbaifilm,httydragon,hustlemovie,hustlersmovie,isntitromantic,itmovieofficial,jayandsilentbob,johnwickmovie,jojorabbitmovie,jokermovie,judythefilm,jumanjimovie,justmercyfilm,knivesout,lalloronamovie,lastblackmansf,lastchristmasthemovie,latenightmovie,lighthousemovie,lionking,littlethemovie,littlewomenmovie,littlewoodsfilm,longshotmovie,lordsofchaosmovie,lucyintheskyfilm,mamovie2019,marriagestory,meettheaddams,meninblack,midsommarmovie,midwaymovie,missbalamovie,missinglinkfilm,motherlessbklyn,onceinhollywood,onthebasisofsex,overcomermovie,peanutbutterfalcon,petsematarymovie,piercingmovie,playingwithfire,playmobilthemovie,pomsmovie,queenandslim,rambomovie,readyornotfilm,richardjewellfilm,rocketmanmovie,scarystoriesmovie,secretlifeofpets,serenityfilm,shaftmovie,shazammovie,spidermanmovie,spiesindisguise,starwars,stormboymovie,stubermovie,taosdfilm,teenspiritmov,terminator,theaeronautsmov,thebestofenemies,thedeaddontdie,thefarewell,thehighwaymen,thehummingbirdprojectfilm,theintrudermovie,theirishmanfilm,thekitchenmovie,thelegomovie,themustangfilm,thenightingalefilm,theprodigymovie,thesunisalsoastar,theupsidefilm,tolkienmovie,toystory,triplefrontier,uglydolls,uncutgems,underthesilverlake,usmovie,wavesmovie,whatmenwant,wonderparkmovie,wrinklestheclown,xmenmovies,yardiefilm,yesterdaymovie,zombieland
21bridgesmovie,0.9999999,0.9444941,0.9824812,0.968021,0.97168833,0.96204865,0.9697953,0.97196794,0.98695123,0.9608598,0.97159684,0.9672891,0.9791063,0.97049475,0.9820294,0.9695179,0.9682568,0.9780776,0.9735012,0.9715246,0.9731364,0.97630584,0.9753791,0.9848469,0.97338915,0.8444853,0.964231,0.97057384,0.9799047,0.9689788,0.96638536,0.9767582,0.9561622,0.9738233,0.9455684,0.93747,0.97736865,0.97964764,0.9757401,0.96456814,0.96332085,0.9733224,0.94581914,0.96463984,0.97484446,0.975748,0.97799945,0.9658157,0.96774876,0.9744599,0.9750211,0.975371,0.9734463,0.965712,0.95781654,0.98059404,0.9654952,0.97476393,0.96594584,0.9751581,0.97153646,0.96701676,0.9790966,0.9750379,0.9695222,0.9800459,0.9716242,0.97603685,0.9738662,0.9780489,0.97703147,0.7021399,0.96919847,0.98192275,0.96837795,0.9695944,0.9399795,0.9640434,0.9647632,0.9697711,0.97229135,0.9718897,0.9731185,0.97855866,0.9702277,0.9753401,0.96877956,0.9784105,0.9769661,0.9742749,0.96524096,0.97703147,0.98004615,0.96982384,0.97317064,0.9764701,0.9720861,0.9785563,0.96368676,0.9701533,0.9754524,0.9698318,0.97201496,0.9750805,0.9502888,0.97466815,0.9721798,0.9759799,0.9748176,0.96078897,0.9816276,0.77258754,0.9707403,0.9372048,0.96937305,0.9794602,0.99306333,0.9629272,0.9747735,0.97386336,0.9636979,0.97207856,0.976586,0.97104186,0.9793653,0.97112393,0.9773933,0.9659332,0.97740513,0.9374778,0.9690305,0.97000813,0.9629558,0.954103,0.9775562,0.96861887,0.9844224,0.972765,0.9739369,0.9720786,0.98695123,0.97702765,0.9716067,0.97072536,0.96196604,0.975781,0.9761653,0.9560076,0.9755562,0.96671927,0.9774216,0.9640615,0.9717225,0.96541375,0.9671707,0.97309625,0.96294737,0.9764855,0.97551095,0.96662015,0.98695123,0.96907884,0.97471064,0.9718023,0.969012
47metersdown,0.9444941,1.0000001,0.95654446,0.9416353,0.95267874,0.919665,0.95565975,0.9535046,0.9691261,0.9421148,0.95904607,0.94873255,0.9623293,0.965803,0.9644727,0.9726457,0.9704306,0.95469564,0.94188344,0.9462347,0.9576402,0.95510143,0.94236994,0.95898956,0.95840925,0.76174736,0.95483714,0.95249975,0.95306194,0.96204954,0.9657399,0.9646222,0.9412243,0.94503176,0.9460122,0.91489685,0.9519024,0.9449384,0.9426337,0.9403608,0.94899064,0.95231086,0.91556185,0.95162654,0.9579387,0.959337,0.95155203,0.95493853,0.950637,0.95614684,0.95762324,0.95426387,0.93384033,0.95189583,0.9398498,0.9626471,0.9595238,0.9581317,0.9690421,0.96096283,0.95076096,0.9539691,0.9510752,0.9508676,0.93733305,0.9424372,0.92884874,0.958223,0.962903,0.9339691,0.9702422,0.64912283,0.9343984,0.94454634,0.9256385,0.95126486,0.91963977,0.9492817,0.9659842,0.93457437,0.9572606,0.94610196,0.9479251,0.95887554,0.9654589,0.9591658,0.9481075,0.9623587,0.9621695,0.9540053,0.964368,0.9702422,0.94324535,0.9541864,0.9629586,0.962093,0.95456654,0.9589165,0.9509587,0.93845356,0.9587544,0.944245,0.9540309,0.9676021,0.96754044,0.95606625,0.96622866,0.9651337,0.9570121,0.94519323,0.9555618,0.7271957,0.9526727,0.89106655,0.9653007,0.96319824,0.9521738,0.92315674,0.96259457,0.95121825,0.95458984,0.9387683,0.9580487,0.9298343,0.9598517,0.9653835,0.96207243,0.94067466,0.9567841,0.90381575,0.9506084,0.94438857,0.9599489,0.94568634,0.96261245,0.9584834,0.94047165,0.9480845,0.97345614,0.94571596,0.9691261,0.95621175,0.9585456,0.95476794,0.9298143,0.94316304,0.94912314,0.946009,0.95870405,0.9423418,0.9411322,0.9162303,0.94574493,0.9006785,0.9657969,0.95902973,0.9376566,0.9630053,0.9460802,0.9503575,0.9691261,0.9505914,0.95666355,0.9456921,0.94946086
abeautifuldaymovie,0.9824812,0.95654446,1.0000001,0.9655857,0.97519606,0.9613416,0.9618273,0.97514236,0.98825896,0.965977,0.9753864,0.97494614,0.9855951,0.98093224,0.98383486,0.9742668,0.98057294,0.9746352,0.9682041,0.9840441,0.9760854,0.98293054,0.97583765,0.9782243,0.9801866,0.8288358,0.9690966,0.9763551,0.98259616,0.976616,0.9780328,0.9722497,0.96595556,0.9727101,0.95576465,0.9412832,0.9775896,0.9814564,0.9761806,0.95980513,0.9699162,0.9746182,0.94938284,0.97050196,0.9757812,0.980778,0.98018044,0.96215063,0.9701096,0.9771221,0.98493695,0.9736349,0.98057705,0.9640439,0.962317,0.973619,0.97194886,0.9821336,0.9707979,0.9713774,0.96770895,0.9741387,0.975151,0.9802818,0.96653634,0.9742222,0.96875095,0.9734345,0.9781957,0.9667425,0.975134,0.70799476,0.94975823,0.97673005,0.9578435,0.9666095,0.9474357,0.972186,0.9724859,0.967669,0.9732697,0.964714,0.9758769,0.9754167,0.9814592,0.9774373,0.9768383,0.9814093,0.9745171,0.9733091,0.9756084,0.975134,0.9737014,0.96994567,0.98329204,0.98312134,0.97350603,0.98174185,0.96093845,0.97361946,0.98216236,0.97655016,0.975618,0.9749242,0.96047425,0.9844501,0.97487664,0.9808692,0.9739714,0.96195483,0.97951776,0.766908,0.97420406,0.92218935,0.97242904,0.9785663,0.9814843,0.9554565,0.98339844,0.96409297,0.97316986,0.97107536,0.9726393,0.9651059,0.9792617,0.9769698,0.9813373,0.9728577,0.97839326,0.9462836,0.9687506,0.9725152,0.9743375,0.95039594,0.9833213,0.9754277,0.96929175,0.97454697,0.97304374,0.97522575,0.98825896,0.9834048,0.97907144,0.97322595,0.95586234,0.9748707,0.9713476,0.96174896,0.9791774,0.9608462,0.9674521,0.97042984,0.970959,0.9582754,0.97543085,0.9706671,0.9591687,0.9727121,0.9742519,0.9710898,0.98825896,0.97122324,0.97275764,0.97595936,0.98053706
abominablemovie,0.968021,0.9416353,0.9655857,1.0,0.9608621,0.935624,0.9480924,0.96304464,0.97590816,0.93908465,0.9661405,0.95482427,0.96604395,0.96535474,0.9723244,0.9612498,0.9598884,0.9618692,0.9413888,0.9643329,0.9578127,0.9701214,0.9571179,0.97138065,0.9532365,0.80456865,0.95315945,0.95593625,0.96303815,0.95928144,0.96071553,0.9653604,0.93920445,0.96163315,0.9572526,0.9336281,0.9699437,0.9560364,0.95380884,0.96116924,0.9578823,0.9561712,0.9252099,0.94068825,0.9655302,0.9694827,0.9662608,0.955956,0.9545226,0.9508135,0.9703681,0.95773304,0.9600717,0.95866567,0.948313,0.9555837,0.9426237,0.96224225,0.9611321,0.9610079,0.96143436,0.9700587,0.96879137,0.9691226,0.9599838,0.96294147,0.9425767,0.95887065,0.9723658,0.94240195,0.96156925,0.6727016,0.93877524,0.972038,0.95792675,0.9529857,0.9309282,0.9586174,0.9609428,0.9409517,0.95604926,0.95323366,0.9726298,0.96649694,0.96823174,0.9603263,0.96392715,0.9571733,0.9568589,0.9670251,0.96165556,0.96156925,0.9692354,0.96627533,0.9682434,0.9682877,0.9629428,0.9670987,0.95054704,0.9511023,0.9613578,0.96295834,0.9501481,0.9665078,0.941132,0.9723007,0.9619347,0.96676314,0.95975864,0.95492804,0.9665642,0.71195596,0.9556557,0.9209627,0.95757776,0.9751892,0.9698121,0.93766505,0.95586884,0.957011,0.97361505,0.94482404,0.9674246,0.94903916,0.96471447,0.96551085,0.9619354,0.95111763,0.96205103,0.9171135,0.962241,0.9540666,0.9599685,0.93556994,0.96138674,0.95918417,0.95553416,0.96155787,0.96471465,0.95663345,0.97590816,0.96571136,0.9637887,0.9563759,0.9481067,0.9546271,0.96908396,0.958772,0.96789736,0.9480065,0.9454566,0.94152147,0.9584091,0.9415385,0.95547915,0.9603956,0.9527072,0.9547984,0.957504,0.95858824,0.97590816,0.9645241,0.95820004,0.95833135,0.9620932
adastramovie,0.97168833,0.95267874,0.97519606,0.9608621,0.99999976,0.97378093,0.9684606,0.9748712,0.983004,0.973042,0.96718013,0.96611077,0.97466385,0.9682111,0.974825,0.9626175,0.97509867,0.9867538,0.9621952,0.9642573,0.9647411,0.96962786,0.97524923,0.97245705,0.97580916,0.7988201,0.96801996,0.9683753,0.9620981,0.96653384,0.97482806,0.9722345,0.9473643,0.9715797,0.9453767,0.9302204,0.97774124,0.96626735,0.9734482,0.95935893,0.96036464,0.97270674,0.9596062,0.9620492,0.9700413,0.97891825,0.9782591,0.966719,0.97013366,0.9709615,0.96224874,0.9688635,0.9750537,0.97664446,0.9432689,0.97545695,0.96160704,0.97387105,0.9659769,0.9640962,0.97206855,0.9613636,0.9704912,0.9736035,0.95486414,0.96233654,0.97034836,0.9749029,0.97164315,0.94753367,0.9676213,0.67406005,0.9408511,0.9755792,0.96459544,0.94884413,0.9261553,0.9588335,0.96603274,0.9640916,0.96246713,0.960335,0.97791827,0.97247356,0.9645565,0.97559553,0.96508014,0.96912426,0.9729248,0.968352,0.96283054,0.9676213,0.976814,0.9674237,0.96667534,0.9722915,0.9694058,0.97165155,0.96554035,0.9672352,0.9775854,0.97077036,0.9607725,0.96614695,0.950001,0.9706967,0.97146416,0.9736638,0.961464,0.95789605,0.9737508,0.74470544,0.9706361,0.91305166,0.96638733,0.9699251,0.9703549,0.9577077,0.96929675,0.96872073,0.9746015,0.96133786,0.969452,0.9644563,0.9748766,0.9730716,0.9725575,0.94787115,0.98422813,0.9515511,0.9670236,0.98379606,0.9731111,0.9490568,0.96922493,0.95914847,0.9634001,0.9691186,0.9683984,0.97927284,0.983004,0.97329134,0.9786736,0.96821463,0.9565725,0.9673895,0.96851635,0.9533108,0.97495407,0.9583225,0.96575457,0.96780974,0.9795774,0.95720756,0.9649839,0.9624703,0.9669397,0.9764365,0.9683377,0.97526896,0.983004,0.96905136,0.96569324,0.9727304,0.961846
adogsjourneymovie,0.96204865,0.919665,0.9613416,0.935624,0.97378093,1.0,0.9604807,0.96450806,0.9722028,0.9509314,0.95885587,0.9507233,0.96755064,0.95521945,0.95450014,0.9379676,0.9607308,0.9625137,0.9563589,0.9509065,0.960226,0.9531896,0.97343,0.9559462,0.9663191,0.82482517,0.9538439,0.96674895,0.95454293,0.95415574,0.9596329,0.9570846,0.9298122,0.9498771,0.93061346,0.90745866,0.96524197,0.96121126,0.97525066,0.9464322,0.9534423,0.96216136,0.958312,0.95783967,0.957109,0.95394844,0.97468096,0.9491915,0.9648505,0.9667424,0.94988555,0.9644164,0.9738287,0.95703053,0.9378527,0.9667666,0.9496009,0.9576567,0.94656247,0.95335996,0.955401,0.9450949,0.9518361,0.95549196,0.95916456,0.95714176,0.9659053,0.97169095,0.9552827,0.94789815,0.9576545,0.6463434,0.9287675,0.96712893,0.9559892,0.9446428,0.9246354,0.9438961,0.94473755,0.96731627,0.9639449,0.95621014,0.9618834,0.9630242,0.9459045,0.96138906,0.95576614,0.9664407,0.9600463,0.9522673,0.9388512,0.9576545,0.96378905,0.94267744,0.9481995,0.96457547,0.95281863,0.95002615,0.9504527,0.9637647,0.95791733,0.96561456,0.9526901,0.94924426,0.9316097,0.9548794,0.9522726,0.95323676,0.9582923,0.9467122,0.9657616,0.767919,0.952865,0.90429926,0.9504963,0.96109426,0.9616287,0.9530122,0.9615391,0.95514274,0.9439366,0.96573514,0.9635321,0.97906053,0.95910895,0.9586855,0.95747495,0.9508479,0.9718157,0.95510596,0.9557155,0.96970904,0.9567064,0.9456077,0.9562928,0.9446239,0.95948786,0.9579235,0.94866127,0.96038246,0.9722028,0.9606836,0.95659846,0.95517653,0.95727247,0.96487266,0.95463455,0.93487906,0.9545402,0.9537121,0.96531266,0.9692729,0.947721,0.9505509,0.95228046,0.95385975,0.96532524,0.95896524,0.96451646,0.96282125,0.9722028,0.953409,0.9507179,0.9719648,0.9510426
aftermathmovie,0.9697953,0.95565975,0.9618273,0.9480924,0.9684606,0.9604807,1.0000001,0.9736818,0.9835927,0.9633041,0.9670742,0.9600511,0.97176296,0.96734846,0.97023237,0.96984684,0.96679395,0.97471374,0.96043676,0.94900125,0.96896607,0.95812213,0.9761215,0.9723407,0.9800104,0.80512464,0.9689943,0.9679138,0.9612864,0.95492506,0.96998584,0.97574234,0.9676396,0.96172625,0.9533759,0.9353604,0.97747374,0.9575738,0.97694534,0.9619449,0.9565164,0.97286415,0.9585462,0.9684742,0.96555203,0.96746093,0.9762511,0.9797671,0.9803729,0.9740718,0.9609615,0.98025984,0.95845646,0.96788514,0.9511984,0.97280085,0.9614503,0.968524,0.96903116,0.9684622,0.9616623,0.959059,0.95922196,0.97091556,0.9701916,0.96588796,0.96043205,0.97619903,0.96608496,0.9614717,0.97246295,0.6564761,0.95324665,0.9727909,0.9637275,0.9575132,0.93672043,0.956571,0.96182203,0.96074694,0.96733636,0.9903924,0.97309905,0.97415686,0.95333445,0.9687419,0.9623634,0.9746587,0.96298665,0.95936596,0.9568444,0.97246295,0.9795554,0.9676205,0.9641466,0.9686112,0.96576864,0.9680877,0.9876444,0.96745825,0.97298926,0.9600388,0.9606449,0.9697494,0.95758086,0.9644954,0.9682995,0.96884704,0.9683659,0.9622845,0.9760412,0.775126,0.95713365,0.930243,0.96942055,0.97124916,0.9720249,0.9557974,0.9742284,0.9940995,0.9615004,0.96999985,0.97332984,0.96155894,0.9770768,0.9685278,0.9672375,0.94902694,0.96889997,0.9498603,0.9667881,0.9698279,0.968418,0.9528614,0.97022146,0.95561826,0.96523476,0.96940863,0.9675845,0.97039366,0.9835927,0.96117127,0.964598,0.97031534,0.9608717,0.9728731,0.97132725,0.958104,0.9726919,0.9644455,0.9902911,0.9575409,0.95767874,0.9401638,0.9562442,0.9759103,0.9690113,0.976012,0.9755454,0.96280545,0.9835927,0.970906,0.9808313,0.9755433,0.9595671
aftermovie,0.97196794,0.9535046,0.97514236,0.96304464,0.9748712,0.96450806,0.9736818,0.9999999,0.9864125,0.9646713,0.9812007,0.9615569,0.97476774,0.97647727,0.9698826,0.96596587,0.9777557,0.97178066,0.9631906,0.964712,0.9707957,0.9690545,0.9789302,0.9708096,0.97882676,0.8043624,0.96638316,0.9727418,0.96218544,0.9688531,0.97146887,0.97435284,0.9573603,0.96869594,0.96446824,0.9444597,0.9773041,0.96372056,0.9777091,0.9540152,0.969449,0.98219013,0.97020215,0.9751886,0.9797043,0.9767152,0.9844903,0.97159344,0.9676979,0.9790379,0.97066313,0.9698151,0.97679365,0.9618055,0.97556114,0.9727674,0.953719,0.9793796,0.9609171,0.9766962,0.96546924,0.95329845,0.965941,0.9742001,0.96276337,0.96881366,0.9641371,0.96923935,0.9786621,0.95880353,0.97500885,0.6914669,0.9448619,0.97087294,0.9643083,0.960624,0.9446628,0.9683842,0.9601133,0.9614804,0.9775226,0.9752692,0.98015076,0.9825015,0.9622249,0.97063047,0.96899176,0.97061443,0.97472,0.96065927,0.9694909,0.97500885,0.96492004,0.96270216,0.9698825,0.9732788,0.97741413,0.97013164,0.9739121,0.9794881,0.9768586,0.964167,0.9547179,0.96681434,0.96429867,0.97067076,0.9728163,0.97808075,0.9584372,0.954186,0.9695441,0.77576125,0.97548515,0.9212642,0.97318935,0.9794997,0.97062427,0.95974,0.9799961,0.96969086,0.96760654,0.97201943,0.978852,0.9637702,0.9750317,0.97161144,0.96944636,0.96300316,0.98027545,0.95112175,0.9681297,0.9710877,0.96828306,0.9632867,0.9764537,0.97013366,0.9609928,0.9691978,0.9693728,0.9698778,0.9864125,0.9727275,0.9703345,0.96908456,0.95128524,0.96780044,0.9642207,0.9723034,0.9812974,0.9514449,0.9737972,0.97411233,0.9697333,0.9475187,0.96545357,0.97705734,0.9737432,0.97200507,0.98495674,0.9829138,0.9864125,0.9712273,0.9658879,0.9765895,0.9634104
ahiddenlifefilm,0.98695123,0.9691261,0.98825896,0.97590816,0.983004,0.9722028,0.9835927,0.9864125,1.0,0.9679487,0.9832123,0.97618055,0.98847455,0.9894571,0.9900714,0.9818242,0.9858146,0.9862237,0.9718355,0.9813478,0.98357916,0.9857615,0.98741245,0.98936737,0.98825294,0.82114744,0.9809259,0.985058,0.98592824,0.98123395,0.98626184,0.98459107,0.9700519,0.9802971,0.9719395,0.9476996,0.98974293,0.9799805,0.9884533,0.9712823,0.97694194,0.9855251,0.9610387,0.9813221,0.98458374,0.9854074,0.99161863,0.9792681,0.98499,0.9869089,0.98646927,0.98675203,0.982018,0.97856116,0.9708077,0.98505765,0.9759144,0.98751944,0.9825875,0.9859695,0.97644675,0.9793798,0.9825154,0.9861934,0.9790685,0.9818185,0.9733715,0.985717,0.9869527,0.975635,0.98792857,0.68204534,0.9660471,0.98884314,0.976136,0.9722528,0.9539754,0.97358316,0.9765026,0.97288924,0.9817545,0.98311585,0.9849734,0.98895884,0.98041224,0.9857562,0.9772663,0.9874717,0.98265547,0.98029095,0.9810268,0.98792857,0.98791564,0.97963846,0.9857146,0.9882504,0.98419553,0.9873782,0.9778988,0.98132277,0.9867544,0.98167557,0.97659516,0.98595464,0.96847093,0.9886169,0.9833493,0.9884253,0.98020667,0.96987784,0.9878885,0.77949744,0.98106277,0.9333289,0.9860401,0.98903865,0.9899866,0.9680803,0.9872909,0.9837992,0.9794836,0.9827683,0.9874769,0.9784873,0.98893434,0.98810977,0.98429286,0.9751239,0.9873473,0.95578855,0.9805878,0.98111963,0.9821592,0.96622634,0.9897025,0.9805098,0.9797964,0.9831863,0.98453295,0.9825674,1.0,0.9878253,0.9833049,0.98145986,0.97193265,0.98062587,0.97982776,0.97524166,0.9871679,0.97421104,0.982509,0.9734753,0.97462183,0.95590913,0.97954845,0.98735577,0.9769749,0.9860509,0.9869688,0.98294204,1.0,0.981335,0.98514897,0.987779,0.9825909
alitamovie,0.9608598,0.9421148,0.965977,0.93908465,0.973042,0.9509314,0.9633041,0.9646713,0.9679487,1.0000001,0.9603728,0.95995694,0.9647002,0.95899373,0.96448016,0.96619195,0.9578505,0.96550876,0.9469495,0.9508113,0.95319426,0.94667286,0.9529754,0.95232356,0.97177726,0.83547187,0.9584234,0.95570827,0.94858325,0.9380329,0.9587348,0.96297884,0.94335115,0.9531763,0.9195266,0.9175083,0.96528125,0.9602946,0.96496207,0.95048827,0.95297545,0.96140784,0.95764714,0.9511796,0.9692498,0.95981556,0.9587213,0.9685619,0.96438783,0.96107423,0.94889075,0.9645917,0.94808024,0.9680642,0.9370977,0.95724845,0.94697356,0.95318055,0.94600505,0.9505825,0.95359355,0.9472081,0.9621694,0.9657985,0.95093256,0.9506895,0.9569014,0.9517966,0.9593581,0.93839216,0.9589726,0.6924102,0.9255984,0.95325905,0.9517098,0.93557984,0.9185243,0.94587857,0.96090096,0.95776945,0.95817065,0.9529058,0.9630339,0.9549644,0.94716275,0.95807123,0.9456616,0.9619012,0.96088153,0.9599046,0.94351244,0.9589726,0.9620269,0.9562783,0.9651067,0.9660037,0.95275015,0.9499701,0.9608579,0.9508924,0.96519077,0.95319974,0.95570356,0.96525943,0.9610391,0.95373267,0.95265424,0.9645412,0.9578466,0.9584486,0.9658241,0.77190036,0.96380633,0.9068011,0.95226103,0.96439934,0.9576721,0.93436354,0.9582634,0.9607852,0.9558202,0.94880724,0.95497143,0.9439798,0.9590584,0.9560619,0.96089065,0.9373673,0.9647808,0.9410573,0.94078106,0.97200316,0.9654239,0.9405513,0.96010625,0.9363987,0.9482484,0.9581647,0.9590229,0.95721084,0.9679487,0.9526823,0.96264297,0.96150815,0.93000805,0.970063,0.96037775,0.9298511,0.9652093,0.9559922,0.96706545,0.95839566,0.95619464,0.9427451,0.96068954,0.95149845,0.94260865,0.9602685,0.95176935,0.9633684,0.9679487,0.9523145,0.9670377,0.950515,0.9404823
angelhasfallen,0.97159684,0.95904607,0.9753864,0.9661405,0.96718013,0.95885587,0.9670742,0.9812007,0.9832123,0.9603728,1.0000001,0.9609559,0.9770953,0.97793823,0.9741851,0.9686111,0.9738263,0.96600145,0.95403147,0.9663473,0.9676091,0.9682997,0.969438,0.9691754,0.9731876,0.81151175,0.9634056,0.96447456,0.96870637,0.9692038,0.96152747,0.9763446,0.9538978,0.9637234,0.9547865,0.93423504,0.9633332,0.96726036,0.97479403,0.963033,0.9661903,0.97530574,0.96258026,0.9691412,0.9741702,0.9684769,0.97543293,0.9722969,0.9695408,0.9768753,0.9740603,0.9696876,0.9753167,0.94992626,0.959571,0.976762,0.9640987,0.97432476,0.9632034,0.97029203,0.9671952,0.96336055,0.96412146,0.97201073,0.9661021,0.96755487,0.95960957,0.97427905,0.97731185,0.9594196,0.97151893,0.7057109,0.9388416,0.96670073,0.9610046,0.96681005,0.9483949,0.966077,0.9673265,0.96455866,0.9858113,0.9675904,0.9781574,0.97440135,0.96539265,0.96803695,0.9710944,0.97084975,0.9677366,0.96402705,0.965274,0.97151893,0.9664463,0.9589726,0.96966654,0.97803736,0.9787269,0.9622067,0.9693105,0.971828,0.96584225,0.97082144,0.9642116,0.9685153,0.9689393,0.96940064,0.97606647,0.9753842,0.96568054,0.9514537,0.9675547,0.772157,0.9682403,0.9168393,0.9714625,0.98831856,0.97170675,0.9487136,0.977591,0.9667239,0.9655597,0.9696262,0.98207635,0.9643827,0.97048986,0.96823215,0.9694563,0.96313125,0.97556216,0.948134,0.9670998,0.9658304,0.9638294,0.9535294,0.9702824,0.9635625,0.9633109,0.9685979,0.96603745,0.96087575,0.9832123,0.96811575,0.96478206,0.96823543,0.94735855,0.97281,0.9642975,0.95403826,0.9775403,0.95469487,0.97083837,0.9591779,0.96377885,0.9504818,0.9642873,0.9664335,0.9674251,0.96603054,0.9683302,0.9729072,0.9832123,0.9715998,0.9679058,0.96713316,0.9670154
angrybirdsmovie,0.9672891,0.94873255,0.97494614,0.95482427,0.96611077,0.9507233,0.9600511,0.9615569,0.97618055,0.95995694,0.9609559,0.99999994,0.9754542,0.95942795,0.97066224,0.9646535,0.96939814,0.9698498,0.9613857,0.9653784,0.9685879,0.96268475,0.962446,0.973634,0.9744707,0.7963579,0.9596387,0.9589813,0.97425085,0.96386033,0.9696758,0.96669376,0.9513989,0.97427154,0.93763214,0.9143651,0.9652113,0.96821004,0.9684353,0.9441552,0.95316994,0.9559802,0.93395746,0.95520943,0.96499944,0.96763253,0.9666818,0.96230876,0.9569337,0.9577459,0.9783839,0.9606137,0.9582292,0.95748293,0.9471074,0.96149516,0.9536316,0.96603155,0.957717,0.96133643,0.9640999,0.9722279,0.9644326,0.968758,0.94834423,0.9619729,0.9521035,0.96131194,0.9678834,0.949959,0.96880627,0.6594642,0.93720466,0.95712024,0.9468419,0.93518096,0.9082323,0.95606977,0.9599692,0.9656437,0.95815295,0.9559288,0.9697904,0.9595291,0.9768125,0.96178776,0.96440065,0.96902007,0.94539124,0.9665209,0.9549392,0.96880627,0.96286446,0.9605454,0.97384185,0.97360027,0.97118556,0.9671493,0.9615617,0.94676745,0.97248036,0.9693837,0.9630291,0.96486074,0.94861746,0.9804667,0.97083414,0.97218347,0.96387017,0.9582831,0.97187185,0.754514,0.96380836,0.8910576,0.96361274,0.9702867,0.9670834,0.9377558,0.96954674,0.9642538,0.96248627,0.9609018,0.9572835,0.9535077,0.9689282,0.9715617,0.9650909,0.9690899,0.9682628,0.93968046,0.94919413,0.96501213,0.9696469,0.94025594,0.97310865,0.9553109,0.9588773,0.9561898,0.974583,0.9677605,0.97618055,0.97938293,0.97027946,0.9744379,0.95690125,0.96494436,0.95402503,0.94250804,0.96473604,0.9466861,0.96335894,0.94419056,0.9632144,0.92420584,0.9592406,0.9632577,0.9526772,0.97743386,0.9606009,0.9649422,0.97618055,0.9614753,0.9664942,0.9628082,0.96924955
annabellemovie,0.9791063,0.9623293,0.9855951,0.96604395,0.97466385,0.96755064,0.97176296,0.97476774,0.98847455,0.9647002,0.9770953,0.9754542,0.9999998,0.9797231,0.9797495,0.9743574,0.9749631,0.9782525,0.9660995,0.96551424,0.9750082,0.97386074,0.9768459,0.98051494,0.9834509,0.82164305,0.9748793,0.9696886,0.98279494,0.9732566,0.9803609,0.9742457,0.964209,0.9643131,0.9528564,0.9249333,0.97723293,0.9831721,0.98041606,0.9591391,0.9752072,0.97200924,0.955209,0.9734012,0.96881735,0.97106284,0.9790268,0.9672287,0.9724905,0.9775906,0.98326683,0.97654855,0.9799539,0.9685394,0.95738775,0.9770414,0.9737321,0.9752306,0.97428524,0.975282,0.9797829,0.9750425,0.97446936,0.9858393,0.970133,0.9733871,0.9620326,0.9809585,0.979927,0.9586627,0.9798149,0.69428515,0.950598,0.97191817,0.95854104,0.9638479,0.9363611,0.9644016,0.97299194,0.9628455,0.9763784,0.9730346,0.9786791,0.9747121,0.9845033,0.9783076,0.9706812,0.99006283,0.9776091,0.97840226,0.9682528,0.9798149,0.97572935,0.97083175,0.9769865,0.98423123,0.975734,0.975182,0.9690541,0.96347296,0.9763936,0.9755175,0.9787233,0.9750349,0.956482,0.98406595,0.971699,0.978067,0.97616,0.9596427,0.98270184,0.7623038,0.9649987,0.91566396,0.9707837,0.98100865,0.9816885,0.952192,0.9800717,0.9729004,0.9744047,0.96718484,0.9742751,0.9721184,0.98110914,0.9799471,0.98222625,0.9766184,0.9826254,0.9533762,0.96922725,0.97403646,0.968178,0.9505342,0.97715133,0.9677667,0.97166234,0.97797066,0.9823794,0.97073877,0.98847455,0.98097116,0.9687523,0.9754128,0.96467054,0.97389585,0.9710193,0.9570002,0.9855999,0.97050625,0.9718415,0.96208644,0.9695503,0.95581037,0.97572196,0.9741017,0.9640284,0.9791243,0.97401303,0.96990293,0.98847455,0.9745829,0.9703329,0.9769827,0.9751853
annamovie,0.97049475,0.965803,0.98093224,0.96535474,0.9682111,0.95521945,0.96734846,0.97647727,0.9894571,0.95899373,0.97793823,0.95942795,0.9797231,0.9999999,0.98113346,0.9702789,0.9818351,0.9735753,0.9516603,0.971176,0.9717627,0.97833323,0.97323364,0.9777267,0.9755145,0.82092327,0.96769625,0.9806694,0.97551024,0.970307,0.97416556,0.9723798,0.9603914,0.9645533,0.96706754,0.94280994,0.9752758,0.97665405,0.9741265,0.96162367,0.9722243,0.9744004,0.9525911,0.9715208,0.97854537,0.97185916,0.9795931,0.96964806,0.98080575,0.9741212,0.98204714,0.97642714,0.9732493,0.96417004,0.9648578,0.9728055,0.96773493,0.978367,0.97121537,0.97532547,0.96111137,0.9696499,0.9764499,0.9858232,0.9707167,0.9659489,0.9624536,0.9733864,0.9774566,0.9593725,0.9775962,0.6713108,0.9530391,0.9774937,0.9670526,0.9653874,0.9583395,0.9599335,0.9706136,0.9620787,0.97644985,0.9709727,0.9741287,0.98372686,0.9718605,0.97933763,0.96202,0.9797385,0.97569454,0.97019064,0.9738568,0.9775962,0.9744224,0.9646996,0.9793436,0.97835344,0.9736268,0.97389656,0.9624186,0.9749519,0.9718572,0.97150356,0.9672396,0.97919446,0.9741983,0.98196536,0.9650969,0.98086065,0.9644641,0.9538576,0.97642696,0.77065146,0.97175556,0.9294329,0.9813325,0.9809775,0.9778282,0.96280825,0.9787695,0.9657786,0.9710317,0.96841526,0.97387993,0.9621064,0.97873306,0.976424,0.9738866,0.9705361,0.9798738,0.941236,0.9752189,0.96857774,0.9698745,0.95657325,0.98070955,0.970523,0.9691717,0.9777903,0.9722078,0.96668863,0.9894571,0.97656965,0.9739146,0.971484,0.9503157,0.97343075,0.96676415,0.96666425,0.98043555,0.964217,0.9624933,0.961338,0.96140325,0.9446275,0.9696753,0.9769261,0.9630022,0.96697116,0.9730324,0.9756309,0.9894571,0.96340424,0.9746016,0.9753849,0.9760505
apollo11movie,0.9820294,0.9644727,0.98383486,0.9723244,0.974825,0.95450014,0.97023237,0.9698826,0.9900714,0.96448016,0.9741851,0.97066224,0.9797495,0.98113346,1.0,0.97761446,0.9766805,0.97988397,0.9600934,0.9838549,0.9726669,0.9781524,0.97715884,0.98167604,0.9756027,0.8128575,0.9715728,0.975456,0.97725934,0.9699494,0.9774149,0.97333986,0.9572843,0.97103393,0.96063596,0.9401737,0.98658127,0.9723769,0.97761697,0.961413,0.96261525,0.97527033,0.9491523,0.9654265,0.9781624,0.9762428,0.9837091,0.9732156,0.97339284,0.9737343,0.97863895,0.9735208,0.9678908,0.9647069,0.9495836,0.9727644,0.9684874,0.9735005,0.9782288,0.9676432,0.97303593,0.9771152,0.98021877,0.9793382,0.9692433,0.977485,0.9631074,0.9729187,0.9828555,0.96110713,0.97270787,0.6792997,0.9629612,0.98406774,0.968559,0.9586518,0.9453155,0.9647856,0.971055,0.9584873,0.9689158,0.96848935,0.9765568,0.9755809,0.97459114,0.9853437,0.9697482,0.9773639,0.9708074,0.9767285,0.9753827,0.97270787,0.9772051,0.9764181,0.98432404,0.98513025,0.9808026,0.98279196,0.96354735,0.96937907,0.9780126,0.97719634,0.9702179,0.9772887,0.957354,0.98314667,0.9792887,0.9821444,0.9757249,0.96661043,0.9779164,0.74567217,0.97112155,0.92365116,0.9681518,0.9850522,0.985452,0.955314,0.9743327,0.97605735,0.98019165,0.9640929,0.973789,0.9610141,0.9743551,0.98485225,0.97509474,0.96071506,0.9751488,0.94270325,0.968331,0.97799397,0.97757703,0.94971687,0.97461873,0.9737366,0.9746746,0.9734123,0.9778094,0.97321,0.9900714,0.9770942,0.98076403,0.9715507,0.9571777,0.9713934,0.9756024,0.96227676,0.9780942,0.97153604,0.9704863,0.95963824,0.9671149,0.9484953,0.9765475,0.974159,0.95947796,0.97377646,0.97427094,0.9696183,0.9900714,0.9742638,0.9765714,0.9723272,0.97500753
arcticdogsmovie,0.9695179,0.9726457,0.9742668,0.9612498,0.9626175,0.9379676,0.96984684,0.96596587,0.9818242,0.96619195,0.9686111,0.9646535,0.9743574,0.9702789,0.97761446,0.99999994,0.96821433,0.9706441,0.9500545,0.964026,0.9694856,0.9631031,0.954174,0.9747255,0.96837986,0.7931505,0.97047323,0.96224755,0.96601206,0.96434224,0.96629125,0.9695435,0.9645785,0.9606017,0.9464493,0.92133045,0.9761434,0.96530753,0.9635741,0.95763624,0.96148,0.96078825,0.931077,0.9555929,0.9714047,0.9682246,0.9631741,0.9759067,0.9612505,0.9643729,0.96690434,0.9697285,0.951739,0.9678518,0.95443064,0.97306097,0.95944834,0.9656789,0.96449673,0.96472275,0.9602939,0.9602914,0.961198,0.96977556,0.9625618,0.9625642,0.9526775,0.96409243,0.97259337,0.95361704,0.96880805,0.6957903,0.94717026,0.9621893,0.9550423,0.95227563,0.9365337,0.9515699,0.9579222,0.9495887,0.96783304,0.9650603,0.96708065,0.9658301,0.96988153,0.968358,0.95356923,0.9711035,0.9665389,0.9668915,0.9676692,0.96880805,0.9634127,0.9731657,0.9772421,0.97366965,0.95754707,0.9687772,0.9617596,0.94714653,0.971685,0.9520963,0.9607332,0.9721842,0.96851057,0.96683925,0.97064906,0.98279804,0.9777753,0.96148586,0.9728404,0.76138186,0.97028184,0.9043879,0.97286683,0.9741261,0.9719457,0.93634254,0.97357374,0.96780324,0.9682977,0.9575229,0.971963,0.95846945,0.9742677,0.9744103,0.9668876,0.9516579,0.9649844,0.9285097,0.9555647,0.9613695,0.97254676,0.9450342,0.97052336,0.9614837,0.959158,0.95922405,0.96775424,0.95838726,0.9818242,0.9695914,0.9651885,0.97035897,0.94570774,0.9637343,0.9680759,0.9517564,0.9787743,0.962723,0.9633411,0.94634753,0.9516387,0.93458456,0.9616952,0.96618444,0.94363624,0.96359783,0.9634691,0.9657905,0.9818242,0.9618127,0.9807358,0.95666695,0.9577783
arcticmovie,0.9682568,0.9704306,0.98057294,0.9598884,0.97509867,0.9607308,0.96679395,0.9777557,0.9858146,0.9578505,0.9738263,0.96939814,0.9749631,0.9818351,0.9766805,0.96821433,1.0,0.97261834,0.9596947,0.97052354,0.9748917,0.9750959,0.97433203,0.9748904,0.97519624,0.7957392,0.96229357,0.9857898,0.97246057,0.98062843,0.97602123,0.97455555,0.94917524,0.9698915,0.958956,0.9367279,0.971916,0.9675658,0.97171444,0.9580335,0.9681628,0.97217757,0.9499136,0.9728963,0.9763884,0.9732868,0.97995347,0.9660075,0.97444123,0.97365147,0.98007536,0.97104496,0.9755114,0.9668249,0.96080047,0.97839683,0.96495277,0.97878325,0.9740664,0.96813995,0.9621881,0.96454585,0.9709517,0.96891737,0.9595455,0.96343756,0.9635341,0.9763806,0.9757323,0.9647432,0.97376776,0.6746772,0.95720696,0.97184116,0.9554007,0.9583578,0.9504056,0.9644753,0.96848035,0.9643919,0.973496,0.96358067,0.9705248,0.9796425,0.9734861,0.9805183,0.96480805,0.9785154,0.9730749,0.9625768,0.97083575,0.97376776,0.9695997,0.9678617,0.97216433,0.9747825,0.97155493,0.9784598,0.96475077,0.9723305,0.9755028,0.96778524,0.9670393,0.9701623,0.97333395,0.98196983,0.97266334,0.97877884,0.9676154,0.9553707,0.9740933,0.7500172,0.9741459,0.92400855,0.97788334,0.9750369,0.9699752,0.96477187,0.9811827,0.96206945,0.9637454,0.9709869,0.97706985,0.96309626,0.97570556,0.9740416,0.9691008,0.9693883,0.9774165,0.9326215,0.9694885,0.9694884,0.9843825,0.9670325,0.98378104,0.97862864,0.96736604,0.96737605,0.96961457,0.9699523,0.9858146,0.9792154,0.97945756,0.9650142,0.94632804,0.9692964,0.9636789,0.96271896,0.9726553,0.9605746,0.96226156,0.96123236,0.96542567,0.9457042,0.9705602,0.96908337,0.9639867,0.974774,0.9725248,0.97997165,0.9858146,0.9673732,0.9702969,0.9739701,0.9753505
artofracingmovie,0.9780776,0.95469564,0.9746352,0.9618692,0.9867538,0.9625137,0.97471374,0.97178066,0.9862237,0.96550876,0.96600145,0.9698498,0.9782525,0.9735753,0.97988397,0.9706441,0.97261834,1.0,0.9632797,0.965084,0.9699736,0.97150433,0.9739999,0.9829278,0.97263706,0.7994005,0.9658756,0.9720343,0.9743476,0.9647787,0.97369957,0.970892,0.9546464,0.9718291,0.95151746,0.9353534,0.97972983,0.9729057,0.9772761,0.95380837,0.9641347,0.96796453,0.95170444,0.9602768,0.967874,0.97719246,0.9776485,0.9707936,0.971041,0.96799034,0.9717828,0.9710079,0.9694327,0.9685389,0.9497342,0.9810958,0.96780187,0.9793752,0.97217196,0.96420157,0.97266287,0.9634436,0.97052556,0.9769406,0.9535954,0.9629509,0.9669352,0.97644085,0.970332,0.9552518,0.96915066,0.68544674,0.96171296,0.97942626,0.9725057,0.9512055,0.9335038,0.95608425,0.95519495,0.96066207,0.9640737,0.97093093,0.9744558,0.9790166,0.96886873,0.98072827,0.9612497,0.9727086,0.97213894,0.9678093,0.9649298,0.96915066,0.9784569,0.9637492,0.97098553,0.97533095,0.9669919,0.9766028,0.9698851,0.9596157,0.9759818,0.96586275,0.96547383,0.9682715,0.9461427,0.9764022,0.97055346,0.9755326,0.96311796,0.9557402,0.97551125,0.7696755,0.9754743,0.92270815,0.9743932,0.96885806,0.976529,0.9667215,0.97332126,0.9762044,0.9707945,0.9691719,0.97424656,0.96338385,0.982225,0.9734333,0.9666544,0.9523726,0.98334086,0.9459547,0.9707022,0.9814028,0.9708271,0.9480687,0.97533613,0.9597233,0.97007966,0.97295976,0.9708455,0.9800239,0.9862237,0.9760094,0.9733982,0.9691433,0.9623068,0.9673023,0.9669233,0.9613429,0.9732308,0.9548123,0.9712318,0.9569056,0.97746104,0.9470522,0.9586513,0.96974987,0.9649626,0.98309433,0.9712019,0.9764722,0.9862237,0.9657936,0.968654,0.9734557,0.96841556
avengers,0.9735012,0.94188344,0.9682041,0.9413888,0.9621952,0.9563589,0.96043676,0.9631906,0.9718355,0.9469495,0.95403147,0.9613857,0.9660995,0.9516603,0.9600934,0.9500545,0.9596947,0.9632797,0.9999998,0.9516403,0.9605424,0.9486445,0.9693257,0.96660316,0.96196526,0.8117456,0.951793,0.95515144,0.95749,0.96252644,0.97475153,0.96381456,0.95928913,0.9674339,0.92795795,0.9093102,0.9604168,0.94720584,0.9616111,0.9498169,0.94161487,0.96605384,0.9479204,0.95731854,0.9601978,0.9570252,0.9656734,0.9511624,0.94913936,0.96608293,0.96076435,0.96231467,0.9643354,0.95775694,0.9334852,0.9606088,0.96546066,0.9668894,0.95534617,0.96666884,0.9527029,0.9495237,0.9602543,0.95175123,0.9487474,0.96454865,0.94891083,0.9699039,0.955573,0.9562252,0.9674975,0.69429064,0.9416995,0.9587443,0.93922144,0.9466948,0.9020009,0.9537349,0.95682067,0.9559675,0.95835745,0.9603691,0.95093155,0.9682135,0.94987035,0.9589104,0.9646664,0.97096676,0.9584466,0.9580066,0.9592822,0.9674975,0.9581535,0.9495851,0.9627645,0.96721166,0.9552163,0.96118283,0.9548333,0.95723695,0.96327883,0.95996016,0.9541783,0.962505,0.9330594,0.9582653,0.9592987,0.951684,0.9604477,0.9373995,0.9718916,0.7522164,0.96257484,0.90838325,0.9545366,0.95976925,0.9581134,0.9408052,0.97181803,0.9647313,0.95021456,0.9578708,0.9542428,0.9499323,0.9665001,0.9602682,0.9628785,0.95138156,0.9639129,0.93455553,0.96849674,0.95863324,0.95056164,0.9550485,0.9687488,0.95900106,0.95874083,0.95653373,0.96502006,0.9521022,0.9718355,0.9573955,0.9554852,0.95662206,0.94951093,0.96369517,0.95622957,0.93748385,0.9538569,0.9402942,0.9714577,0.948973,0.9568045,0.929054,0.96082073,0.95852154,0.9634342,0.96544445,0.9663285,0.9637281,0.9718355,0.9674465,0.95888317,0.970553,0.9497237
beachbummovie,0.9715246,0.9462347,0.9840441,0.9643329,0.9642573,0.9509065,0.94900125,0.964712,0.9813478,0.9508113,0.9663473,0.9653784,0.96551424,0.971176,0.9838549,0.964026,0.97052354,0.965084,0.9516403,1.0,0.9653658,0.975566,0.96916693,0.968768,0.96682715,0.8172522,0.95947945,0.97488695,0.9697625,0.9687789,0.96894443,0.9629676,0.945768,0.96659476,0.9469011,0.9367031,0.9757916,0.96334994,0.9727416,0.9493063,0.95341635,0.9629771,0.93920344,0.957976,0.9698804,0.97402817,0.9748847,0.95975095,0.96501315,0.96425974,0.97439474,0.9635827,0.96644914,0.9486588,0.94964284,0.960447,0.95378965,0.9721862,0.9626929,0.96513516,0.9522765,0.96406466,0.9626017,0.9638045,0.95793283,0.9621639,0.95799375,0.9590082,0.9771294,0.9610975,0.96970785,0.6762258,0.9420181,0.9774722,0.95428115,0.9500164,0.9397154,0.96392024,0.9609857,0.9650791,0.95850754,0.9487872,0.96259266,0.9639382,0.96888566,0.9707725,0.9674743,0.9677781,0.96360224,0.96478313,0.96064544,0.96970785,0.9603153,0.95859945,0.97683275,0.9773756,0.9694962,0.98308796,0.9458678,0.9632485,0.9695069,0.96773565,0.9486092,0.96857125,0.9404105,0.9760138,0.975061,0.9752754,0.96071345,0.95785296,0.9622106,0.75974226,0.9722288,0.9090921,0.9607253,0.9736649,0.9734011,0.94738346,0.97254,0.95429677,0.9620783,0.9669528,0.96608686,0.956362,0.9652359,0.9714715,0.9656157,0.96390474,0.96895224,0.93892753,0.9640923,0.9689878,0.9715659,0.9485738,0.97489977,0.9755074,0.95987576,0.958388,0.9648434,0.9616098,0.9813478,0.97597647,0.9735564,0.9675466,0.9490583,0.963496,0.9562255,0.95054376,0.9597319,0.94601095,0.95732665,0.96061397,0.96362895,0.9335971,0.971669,0.9711999,0.9595138,0.9604727,0.97184825,0.9685248,0.9813478,0.96239483,0.9677505,0.9680652,0.9711151
bernadettefilm,0.9731364,0.9576402,0.9760854,0.9578127,0.9647411,0.960226,0.96896607,0.9707957,0.98357916,0.95319426,0.9676091,0.9685879,0.9750082,0.9717627,0.9726669,0.9694856,0.9748917,0.9699736,0.9605424,0.9653658,1.0,0.97246003,0.96901256,0.9758681,0.97708863,0.7993747,0.97165185,0.97932565,0.97270125,0.9702897,0.9685557,0.97039783,0.9483683,0.97210807,0.9650897,0.924835,0.9697413,0.9698457,0.97380674,0.9482462,0.96007574,0.9648905,0.93462235,0.9633987,0.96683294,0.96434146,0.97482556,0.9703817,0.9656443,0.9686925,0.9726802,0.96981674,0.96508396,0.95880014,0.958756,0.9727059,0.9673525,0.9765264,0.9729071,0.9639848,0.9603127,0.96610194,0.96637046,0.9675175,0.9521507,0.96025336,0.96750206,0.9645524,0.96848893,0.9618842,0.97019047,0.6397319,0.9615033,0.97061604,0.9591365,0.9530701,0.9429401,0.96216756,0.9648497,0.9696524,0.96922123,0.9653527,0.9690366,0.9796402,0.96687543,0.9726491,0.9705179,0.97745,0.9627515,0.9594692,0.9620301,0.97019047,0.97009724,0.9588129,0.96595985,0.9695305,0.97146183,0.9715576,0.9610878,0.961285,0.9706661,0.9581985,0.9638949,0.96587396,0.95327616,0.9738868,0.9804231,0.9732226,0.9779244,0.9535762,0.98050183,0.7516174,0.9611088,0.9034559,0.9723106,0.97547233,0.9769009,0.95609164,0.9731133,0.97046196,0.9636321,0.9711422,0.9694045,0.9608616,0.9723572,0.96942747,0.9668376,0.96502,0.96550465,0.9328555,0.9691027,0.9622122,0.97232485,0.96160674,0.9753656,0.9651628,0.9657129,0.9541811,0.97014433,0.97208333,0.98357916,0.97608584,0.96142524,0.9627444,0.9501513,0.9638625,0.9579079,0.9694505,0.9674445,0.9542048,0.967546,0.96120834,0.9609533,0.9325286,0.95266193,0.9692215,0.9563954,0.97285795,0.9670313,0.9651198,0.98357916,0.96621907,0.9714959,0.9710331,0.9713243
