movie,21bridgesmovie,47metersdown,abeautifuldaymovie,abominablemovie,adastramovie,adogsjourneymovie,aftermathmovie,aftermovie,ahiddenlifefilm,alitamovie,angelhasfallen,angrybirdsmovie,annabellemovie,annamovie,apollo11movie,arcticdogsmovie,arcticmovie,artofracingmovie,avengers,beachbummovie,bernadettefilm,blackandbluemovie,blackchristmas,blindedbythelightmovie,bombshellmovie,booksmart,breakthroughmovie,brianbanksmovie,brightburnmovie,brittanyrunsmov,captainmarvelofficial,captivestatemovie,catsmovie,charliesangels,childsplaymovie,clarathefilm,coldpursuitmovie,countdown,currentwarmovie,darkwatersmovie,detectivepikachumovie,disneyaladdin,disneyfrozen,disneymaleficent,doctorsleepmovie,dolemiteismyname,dontletgomovie,doramovie,downtonabbey_official,dumbo,escaperoom,everybodyknowsmovie,fastandfuriousmovie,fightingwmyfam,fivefeetapartfilm,fordvferrari,freaksthefilm,geminimanmovie,glassmovie,gloriabellmovie,godzillamovie,goldfinchmovie,goodboysmovie,goodliarmovie,gretafilm,halathemovie,happydeathdaymovie,harrietfilm,hellboymovie,hersmellmovie,highlifemovie,highstrungmovie,honeyboymovie,hotelmumbaifilm,httydragon,hustlemovie,hustlersmovie,isntitromantic,itmovieofficial,jayandsilentbob,johnwickmovie,jojorabbitmovie,jokermovie,judythefilm,jumanjimovie,justmercyfilm,knivesout,lalloronamovie,lastblackmansf,lastchristmasthemovie,latenightmovie,lighthousemovie,lionking,littlethemovie,littlewomenmovie,littlewoodsfilm,longshotmovie,lordsofchaosmovie,lucyintheskyfilm,mamovie2019,marriagestory,meettheaddams,meninblack,midsommarmovie,midwaymovie,missbalamovie,missinglinkfilm,motherlessbklyn,onceinhollywood,onthebasisofsex,overcomermovie,peanutbutterfalcon,petsematarymovie,piercingmovie,playingwithfire,playmobilthemovie,pomsmovie,queenandslim,rambomovie,readyornotfilm,richardjewellfilm,rocketmanmovie,scarystoriesmovie,secretlifeofpets,serenityfilm,shaftmovie,shazammovie,spidermanmovie,spiesindisguise,starwars,stormboymovie,stubermovie,taosdfilm,teenspiritmov,terminator,theaeronautsmov,thebestofenemies,thedeaddontdie,thefarewell,thehighwaymen,thehummingbirdprojectfilm,theintrudermovie,theirishmanfilm,thekitchenmovie,thelegomovie,themustangfilm,thenightingalefilm,theprodigymovie,thesunisalsoastar,theupsidefilm,tolkienmovie,toystory,triplefrontier,uglydolls,uncutgems,underthesilverlake,usmovie,wavesmovie,whatmenwant,wonderparkmovie,wrinklestheclown,xmenmovies,yardiefilm,yesterdaymovie,zombieland
21bridgesmovie,1.0,0.9382833,0.95185816,0.9334476,0.9465177,0.93209934,0.96087956,0.9494049,0.9706484,0.9395202,0.9511308,0.9289274,0.94826144,0.95476633,0.94373727,0.95254546,0.9529036,0.95610064,0.96854436,0.94674027,0.940641,0.945275,0.95199466,0.9485994,0.9512615,0.91246456,0.95007765,0.9478191,0.95863146,0.9437352,0.94610035,0.9522576,0.9396825,0.9546362,0.9355074,0.9175405,0.959362,0.9538733,0.947464,0.9498385,0.9426458,0.9447254,0.9464143,0.9479764,0.9537933,0.9483254,0.94456,0.9405678,0.940133,0.9490056,0.9560956,0.9544481,0.93998593,0.9377752,0.94696665,0.9497638,0.93969595,0.945156,0.9522766,0.95325404,0.94686663,0.9479989,0.94851255,0.94669783,0.9494329,0.9416764,0.93559176,0.9417549,0.9475911,0.93386203,0.9554481,0.8299499,0.9386341,0.94595295,0.94884163,0.9284578,0.9295747,0.9493153,0.93713695,0.9509198,0.9395048,0.94883925,0.949693,0.948517,0.9488329,0.94166315,0.93372345,0.94092625,0.94116515,0.95696926,0.93705577,0.9554481,0.93404186,0.944015,0.9537656,0.93030494,0.95214844,0.9481861,0.943912,0.94930506,0.9449928,0.95051914,0.9423517,0.9548924,0.9457192,0.9568211,0.9583728,0.9522162,0.9436474,0.94967014,0.95519084,0.89442337,0.9443287,0.9292198,0.9342724,0.96757746,0.9879737,0.9486124,0.9525229,0.94703054,0.937971,0.92260754,0.956928,0.9390921,0.95066446,0.9463302,0.9443583,0.944397,0.9499048,0.9179307,0.950728,0.9427368,0.9526975,0.9454529,0.9406692,0.94527805,0.96323335,0.9449664,0.9517126,0.93816286,0.9706484,0.9585702,0.9444814,0.9415506,0.93615955,0.94562006,0.9374087,0.9323361,0.9410063,0.9723441,0.9551225,0.95441025,0.9361346,0.9517142,0.9527628,0.9439523,0.9543962,0.9487857,0.9451263,0.93853486,0.9706484,0.9342314,0.9626874,0.94674087,0.95320266
47metersdown,0.9382833,0.9999999,0.94411784,0.9434284,0.9437674,0.9370662,0.9486111,0.9417913,0.9682198,0.93906254,0.938685,0.939425,0.94383967,0.95041215,0.9393811,0.95276403,0.9526474,0.9468813,0.9425541,0.93224514,0.9433842,0.9346485,0.9552987,0.9460451,0.94675785,0.9129154,0.94646,0.94034344,0.9530946,0.956574,0.9461039,0.94315046,0.9268855,0.9425621,0.94922274,0.93114465,0.94938934,0.93525726,0.9492253,0.93836814,0.9470218,0.9536464,0.95611405,0.9618411,0.9565273,0.9401944,0.95376366,0.93553925,0.9486481,0.9586019,0.9455756,0.9490176,0.93952096,0.9235514,0.9328531,0.93958706,0.94679636,0.9423642,0.94397175,0.9465603,0.9422055,0.95001465,0.95380986,0.9382972,0.945959,0.9391707,0.9304389,0.93534863,0.94531417,0.9374257,0.95878685,0.83299553,0.9432728,0.94636035,0.94085777,0.9266683,0.92567384,0.9362958,0.9466344,0.94257456,0.93981564,0.9373899,0.9379658,0.9321761,0.93178105,0.9489829,0.94284046,0.9449331,0.95282346,0.9563527,0.9406748,0.95878685,0.947832,0.95410335,0.93975645,0.9439428,0.9477077,0.94581497,0.9461463,0.94191444,0.93805164,0.94337916,0.9321104,0.9537655,0.9441814,0.946194,0.94714785,0.9403693,0.9205255,0.958779,0.9530311,0.8754112,0.94545513,0.9422204,0.9459918,0.9471833,0.9454972,0.94510883,0.9476426,0.9430914,0.935825,0.93718225,0.948021,0.95075285,0.94854665,0.955698,0.94825095,0.93819255,0.9365958,0.9286497,0.9543642,0.9268153,0.9487682,0.9389731,0.94291526,0.95500374,0.9358215,0.9410338,0.95448023,0.93681973,0.9682198,0.9459255,0.9422756,0.9404259,0.94372344,0.95505625,0.9481655,0.9337445,0.93334574,0.9409,0.95615995,0.95159537,0.9468976,0.91368365,0.9453703,0.9540582,0.9450268,0.9592599,0.9321468,0.93828183,0.9682198,0.9425864,0.9548158,0.9522979,0.94010127
abeautifuldaymovie,0.95185816,0.94411784,1.0000002,0.94399446,0.9358177,0.9274916,0.9482903,0.94815224,0.96968704,0.9328174,0.94158596,0.9487734,0.95590514,0.95742226,0.95032907,0.9472965,0.9566783,0.9462879,0.9516867,0.94623315,0.93719137,0.9533088,0.9486308,0.9381616,0.94254524,0.90980643,0.9436633,0.94186866,0.97423255,0.94703704,0.93969166,0.9559791,0.9330338,0.95851606,0.93486726,0.9289818,0.9575812,0.9436874,0.9399138,0.9501511,0.949523,0.94622296,0.95315915,0.9516951,0.95054287,0.9520201,0.9496906,0.9374946,0.9429365,0.95408946,0.97084963,0.96047217,0.940506,0.93494093,0.9384682,0.94673425,0.94315255,0.94949085,0.9471629,0.9479942,0.95055205,0.9484522,0.9485621,0.94609904,0.9413648,0.9427818,0.92568755,0.94359356,0.94143397,0.93036836,0.9519205,0.81918406,0.9436936,0.9449059,0.9377041,0.92497504,0.9168569,0.9375044,0.9390004,0.94463176,0.9327351,0.93698746,0.95824856,0.9484335,0.9483211,0.93773085,0.93327177,0.9510436,0.9527453,0.9445906,0.94364923,0.9519205,0.9395351,0.943542,0.97026205,0.9420348,0.9451168,0.94603693,0.9468869,0.94690305,0.9488357,0.94719017,0.95742273,0.95507336,0.9516188,0.9712147,0.9597131,0.94933605,0.95375246,0.9532093,0.9538442,0.897443,0.9520261,0.91798544,0.95052683,0.9468257,0.9537446,0.9368997,0.9536021,0.9422397,0.9414967,0.9353087,0.9538582,0.933567,0.94316494,0.9517561,0.9487754,0.94876164,0.9371043,0.9205113,0.9549193,0.93367475,0.952651,0.9502409,0.9479617,0.9457531,0.9397045,0.9452052,0.9524717,0.94594556,0.96968704,0.96070004,0.9467555,0.9439247,0.9440294,0.94689226,0.92863727,0.93496376,0.94356626,0.94084996,0.9512128,0.9714524,0.9425843,0.91454995,0.9439733,0.94096327,0.94891965,0.9556504,0.94369,0.94141483,0.96968704,0.9347539,0.9562904,0.9532871,0.9623002
abominablemovie,0.9334476,0.9434284,0.94399446,0.99999976,0.9434985,0.9336758,0.9465767,0.9475362,0.96779597,0.9374663,0.9328044,0.937279,0.9556471,0.9599091,0.94262505,0.94798636,0.9506453,0.94276583,0.9446019,0.93755627,0.9323032,0.93780005,0.955527,0.94488454,0.9459056,0.91983795,0.9438238,0.9343787,0.951005,0.9397337,0.9312434,0.9442204,0.9409005,0.9459217,0.9490104,0.92601275,0.95107704,0.9423271,0.95200443,0.94068325,0.9392442,0.94717824,0.93829983,0.9488171,0.95395464,0.9466595,0.95373994,0.94149756,0.9383811,0.95373946,0.940333,0.9494464,0.9461906,0.92736006,0.9451432,0.93864644,0.9421728,0.94815856,0.9532733,0.93637,0.92860556,0.95846456,0.9440217,0.9476027,0.9308663,0.92690015,0.9282447,0.94284874,0.9406143,0.9329913,0.9485266,0.82199526,0.9387214,0.9473923,0.9526743,0.93054426,0.92430615,0.9531427,0.9524226,0.9370323,0.93192506,0.95127016,0.94374114,0.9360042,0.9413104,0.939166,0.9475669,0.9549898,0.94308376,0.9384764,0.9499144,0.9485266,0.93788993,0.94070184,0.9449684,0.9529999,0.948067,0.9465714,0.94458574,0.94588476,0.9378143,0.9461607,0.93227684,0.95272696,0.93899536,0.93658686,0.9489172,0.9493018,0.94131047,0.9411423,0.9399948,0.89036816,0.94624084,0.9162301,0.9427101,0.94598365,0.9390251,0.9468938,0.9496822,0.94507825,0.93312675,0.94344866,0.95829755,0.9420271,0.9328711,0.94259226,0.9499186,0.9319193,0.94989175,0.9166804,0.9499398,0.9404533,0.947892,0.94358766,0.9415396,0.941876,0.9364271,0.94788444,0.9500569,0.92669404,0.96779597,0.9393879,0.9348115,0.9417625,0.9415919,0.938098,0.9338642,0.9454823,0.9413174,0.934542,0.9491523,0.9435003,0.9462276,0.9043731,0.945875,0.95090604,0.9470864,0.95647675,0.93920535,0.94766927,0.96779597,0.93944085,0.9553527,0.95133233,0.9366388
adastramovie,0.9465177,0.9437674,0.9358177,0.9434985,1.0,0.93714917,0.9570114,0.9501417,0.96773225,0.94864744,0.94915205,0.93744946,0.9494684,0.94822294,0.9373423,0.94898427,0.9496978,0.9620712,0.95026946,0.9352529,0.92986006,0.93283594,0.96310496,0.94375145,0.94577396,0.90725845,0.9577861,0.95114684,0.9414119,0.94581956,0.9431278,0.9446746,0.92927015,0.9469228,0.9480271,0.92283446,0.9496624,0.93638015,0.94935757,0.93636924,0.9435785,0.9431456,0.9347918,0.9456945,0.95168227,0.9364296,0.95549023,0.9432214,0.94238627,0.9455414,0.9433159,0.94874716,0.9515694,0.9353302,0.93990797,0.9617244,0.94736856,0.9385709,0.95043707,0.94777083,0.9504165,0.9440497,0.949417,0.94466484,0.9346768,0.9409544,0.9303632,0.9322586,0.9613848,0.9471886,0.9490632,0.8250277,0.94961053,0.9480159,0.95408267,0.9203109,0.9343859,0.93941903,0.9417282,0.9424665,0.94027025,0.94427484,0.9468195,0.93237466,0.9344648,0.9477653,0.953546,0.9478586,0.9478212,0.94857705,0.94053614,0.9490632,0.93772006,0.9441059,0.9474968,0.93827003,0.96087533,0.9446287,0.94464344,0.9475846,0.93802786,0.94455016,0.93050176,0.9458602,0.93742543,0.9426593,0.94357854,0.9515014,0.9426756,0.9414279,0.94686264,0.9032635,0.93722326,0.93247175,0.9340021,0.9554491,0.9538093,0.9582997,0.9517008,0.9484808,0.9347569,0.94194055,0.94892627,0.9458816,0.94095576,0.9510564,0.9485503,0.93735725,0.9562816,0.9116571,0.9454413,0.9459634,0.9450302,0.9300262,0.938763,0.94703025,0.9467072,0.94773424,0.94271415,0.93624663,0.96773225,0.9385377,0.94099313,0.945883,0.93702304,0.94202775,0.93995255,0.94719183,0.9414502,0.95015764,0.9525439,0.9415173,0.94566154,0.92344,0.9417571,0.94987583,0.94490045,0.9483094,0.9368569,0.9361378,0.96773225,0.9478596,0.9501061,0.9544545,0.9421222
adogsjourneymovie,0.93209934,0.9370662,0.9274916,0.9336758,0.93714917,0.9999998,0.9466273,0.9298091,0.9663386,0.93555653,0.9373219,0.9352405,0.9394599,0.94610554,0.9521143,0.94457084,0.95277196,0.94624114,0.94965434,0.9363832,0.94581604,0.9436734,0.9519088,0.93198735,0.95348495,0.91830873,0.93913,0.943633,0.942632,0.95831263,0.9568397,0.9301504,0.9471767,0.94592685,0.94269085,0.9309875,0.9427944,0.91695327,0.95563674,0.95082414,0.95308113,0.94545245,0.93923557,0.940795,0.95559216,0.9432866,0.95579433,0.94146323,0.9447027,0.9466038,0.93676096,0.9538537,0.9435609,0.930853,0.9378195,0.946803,0.9464661,0.9397842,0.94407624,0.952821,0.93836004,0.94306415,0.9404242,0.9513022,0.9482861,0.9377432,0.92981803,0.93994486,0.9409024,0.9472268,0.9565203,0.85601795,0.94680285,0.94443226,0.9450409,0.9293328,0.9152913,0.93971264,0.95002097,0.94490284,0.93619424,0.93528765,0.943557,0.9329414,0.93040603,0.9436875,0.93494314,0.94168466,0.9408652,0.93870306,0.9474322,0.9565203,0.9416402,0.9427476,0.9340525,0.94733846,0.93861705,0.9435725,0.93592286,0.9315539,0.94555855,0.9560773,0.94497585,0.9566307,0.92743975,0.9370373,0.9460674,0.94983214,0.9241682,0.94660443,0.944012,0.8934747,0.94079757,0.9059909,0.9429857,0.9419345,0.9445099,0.94967294,0.94822836,0.9442299,0.9412819,0.9296945,0.9427699,0.9661037,0.9434545,0.9581733,0.9557253,0.9357316,0.9427604,0.93548733,0.95004666,0.9300606,0.94501024,0.918296,0.94198596,0.9537246,0.930272,0.9464617,0.95416194,0.9353942,0.9663386,0.9385858,0.9381126,0.94477534,0.94122064,0.9490513,0.9411184,0.93675524,0.93767154,0.93871623,0.9445827,0.9335794,0.9436954,0.9120417,0.9505464,0.94900936,0.94423586,0.94860286,0.92036635,0.93717194,0.9663386,0.9343346,0.94187677,0.95112914,0.934027
aftermathmovie,0.96087956,0.9486111,0.9482903,0.9465767,0.9570114,0.9466273,1.0000002,0.95657396,0.97858924,0.9513453,0.9511033,0.93686306,0.9518858,0.9655514,0.9552478,0.95234716,0.95252645,0.95915335,0.9602588,0.9591041,0.9526375,0.95122814,0.9599251,0.9470943,0.95556635,0.9286152,0.9631626,0.95950234,0.9562222,0.9508746,0.95271873,0.95520043,0.94547606,0.9616081,0.9534442,0.9352318,0.9583054,0.95276713,0.9545263,0.95622545,0.96528745,0.9556763,0.9548769,0.9535896,0.9626797,0.9528877,0.9532957,0.94859374,0.95527536,0.9564346,0.9575333,0.9676583,0.95258075,0.94028556,0.9532654,0.9533377,0.9471619,0.9553859,0.95132333,0.9643184,0.96004534,0.94323575,0.9542698,0.9570739,0.9546832,0.945167,0.94784963,0.9529633,0.96160674,0.941379,0.9642155,0.8472585,0.9533311,0.95891947,0.950938,0.9296612,0.94157124,0.9497626,0.9494641,0.9604512,0.9456937,0.9654744,0.95330673,0.9550358,0.9424646,0.9510317,0.94911647,0.9509623,0.9519388,0.95600253,0.9495234,0.9642155,0.9483541,0.9523614,0.95735645,0.9462399,0.9582506,0.9619619,0.96814185,0.95262367,0.9501056,0.9489985,0.9426862,0.9603602,0.9578144,0.9555434,0.96319324,0.9612451,0.9444629,0.9572239,0.9595951,0.90903276,0.9543299,0.9454199,0.94706905,0.9576121,0.96410155,0.9538818,0.96324384,0.98334754,0.9526808,0.9507185,0.9575841,0.9501351,0.95868784,0.9511235,0.95300376,0.9459535,0.95484006,0.9250799,0.9556276,0.96193653,0.95224875,0.949219,0.95411915,0.94753027,0.9584023,0.95918,0.9566706,0.95117795,0.97858924,0.95224905,0.9516053,0.95676565,0.94399065,0.9565904,0.9531017,0.94456047,0.9507862,0.95762944,0.98338217,0.95019245,0.9524894,0.93101686,0.9584818,0.95652694,0.9575442,0.9553846,0.9583892,0.95176345,0.97858924,0.94925505,0.9576285,0.95475954,0.95693177
aftermovie,0.9494049,0.9417913,0.94815224,0.9475362,0.9501417,0.9298091,0.95657396,1.0,0.9760379,0.94729406,0.95318025,0.950907,0.9586572,0.96326244,0.94904995,0.9506834,0.96232665,0.95100254,0.95593536,0.95527995,0.94446987,0.9439917,0.9529182,0.9613368,0.95514053,0.918035,0.95139205,0.9554042,0.95508516,0.9473424,0.9465821,0.9588699,0.9409885,0.9584469,0.94745874,0.92853576,0.9568542,0.9438823,0.95612633,0.94982177,0.9452075,0.9588743,0.9464133,0.96005785,0.9660725,0.9551697,0.95221305,0.9489911,0.95004326,0.9600733,0.95937896,0.95995617,0.95652413,0.95654476,0.95104015,0.9556466,0.9504412,0.94825876,0.9609452,0.95099205,0.9498961,0.9526889,0.9498197,0.9517052,0.95167387,0.947928,0.94362026,0.94324434,0.95951265,0.9472699,0.95152533,0.82618326,0.9458364,0.9609583,0.94391584,0.9364149,0.93130815,0.9532649,0.94839734,0.9597066,0.9512036,0.9505548,0.9444734,0.93944424,0.95449007,0.94649637,0.9446096,0.96641773,0.9494089,0.95801955,0.9552171,0.95152533,0.9583074,0.9462701,0.95689267,0.94479114,0.95539004,0.95573115,0.9462144,0.95391804,0.9494364,0.94849545,0.9399871,0.9576965,0.9519923,0.96134806,0.96484315,0.95998436,0.94699234,0.94846094,0.95169264,0.907649,0.94992507,0.91815656,0.9422057,0.96750396,0.95413816,0.9462448,0.9580127,0.947348,0.9417304,0.94797623,0.9520814,0.94241846,0.94780797,0.95015085,0.94721633,0.9589861,0.95791894,0.929872,0.95690924,0.94132376,0.9575308,0.9487798,0.94162446,0.9478957,0.9541827,0.9572755,0.95284736,0.95289314,0.9760379,0.9557589,0.9542155,0.94530743,0.94593215,0.95218796,0.94904673,0.9420249,0.94643724,0.954798,0.96063256,0.959241,0.96113324,0.92573035,0.9428923,0.94954926,0.9448048,0.95944333,0.95871466,0.95047265,0.9760379,0.9513992,0.95912486,0.9546919,0.95383275
ahiddenlifefilm,0.9706484,0.9682198,0.96968704,0.96779597,0.96773225,0.9663386,0.97858924,0.9760379,1.0,0.9671965,0.9724722,0.96514815,0.9768445,0.98032904,0.9741871,0.9730956,0.98070556,0.9749517,0.97691506,0.96939623,0.96926403,0.9710049,0.97798437,0.97455347,0.9718156,0.9422916,0.9701663,0.9718714,0.97735727,0.97515124,0.9727958,0.974801,0.9659441,0.9772351,0.9720794,0.95558476,0.9793809,0.96222955,0.97752154,0.9761729,0.9722023,0.9797322,0.9696149,0.9796015,0.9840385,0.9722476,0.9777124,0.9711553,0.9743525,0.9814084,0.97446483,0.9832245,0.9743716,0.96363014,0.9647881,0.9755168,0.9710395,0.974178,0.97352386,0.9756481,0.9692301,0.97196794,0.97336614,0.97599477,0.9745756,0.96891016,0.959462,0.9701945,0.9747172,0.964958,0.9804935,0.85353494,0.9710162,0.9741906,0.9670007,0.9573987,0.9553337,0.9709908,0.9725066,0.9752246,0.96663946,0.97118974,0.97360873,0.9690757,0.9660145,0.9720388,0.96838737,0.97934574,0.97273093,0.97586435,0.9716934,0.9804935,0.97083765,0.9747066,0.9725298,0.9679088,0.97541255,0.97685635,0.9730221,0.9703816,0.9719126,0.9738947,0.9643091,0.97980124,0.97257435,0.97463405,0.9789748,0.9795491,0.9638935,0.97206855,0.9790402,0.9203472,0.9751509,0.9468976,0.96866864,0.9777945,0.9760061,0.97151697,0.9824448,0.9730463,0.9681165,0.9667341,0.9764801,0.9713642,0.976019,0.9749799,0.97572535,0.96772933,0.97266555,0.9525169,0.98146707,0.9630635,0.9784209,0.96601313,0.97362345,0.9722086,0.9685644,0.973804,0.97912955,0.96903443,1.0,0.9705853,0.9724272,0.9731973,0.9695038,0.9752139,0.96791077,0.9646033,0.97117895,0.97059816,0.98053986,0.9761842,0.97432387,0.9434109,0.9719394,0.9744514,0.97202784,0.98087025,0.96878624,0.971925,1.0,0.9637696,0.9806384,0.9778291,0.97122496
alitamovie,0.9395202,0.93906254,0.9328174,0.9374663,0.94864744,0.93555653,0.9513453,0.94729406,0.9671965,0.99999994,0.9540434,0.93552905,0.93802273,0.9506657,0.94680506,0.94079226,0.9429422,0.9548948,0.9481339,0.94007796,0.9307319,0.9383695,0.94950205,0.94668585,0.9544402,0.90604746,0.9497861,0.9499817,0.93783134,0.95216,0.9449772,0.9463597,0.9349339,0.9426947,0.9439032,0.92554784,0.94829667,0.9317473,0.9413874,0.93218464,0.92980856,0.9496957,0.93899095,0.94747746,0.9520804,0.93768746,0.94940865,0.93879324,0.94031125,0.94808453,0.9349557,0.9516596,0.95828265,0.9322786,0.9386989,0.9534905,0.9343731,0.9346982,0.93850005,0.956157,0.9365355,0.94284403,0.94995534,0.94504833,0.94409794,0.9347807,0.92826146,0.9386612,0.9448982,0.94421315,0.94979966,0.83524925,0.94252914,0.9512782,0.94288903,0.91069376,0.9230672,0.9353258,0.93337727,0.9471184,0.94211394,0.93528277,0.9426241,0.93952554,0.9229919,0.94760734,0.9471978,0.94869244,0.9398504,0.9486083,0.9303422,0.94979966,0.9350605,0.9473682,0.9360519,0.9496953,0.95765334,0.9494281,0.94359285,0.9431559,0.944628,0.94921905,0.92953634,0.9431807,0.96946174,0.93518984,0.9460713,0.9401467,0.93594366,0.94118774,0.9441494,0.8985665,0.9399197,0.9203121,0.93340755,0.94224155,0.94203234,0.934568,0.9481868,0.9505445,0.93078524,0.93483084,0.94670516,0.9420149,0.9364438,0.94098955,0.937957,0.9303848,0.940321,0.92969775,0.9499031,0.9398668,0.93488914,0.9408659,0.9503138,0.9518789,0.9388634,0.9369902,0.9425409,0.94222665,0.9671965,0.93517363,0.93996817,0.94480145,0.93218386,0.94029236,0.929066,0.9350843,0.9391701,0.9286261,0.95314187,0.9398607,0.94290084,0.9360472,0.942757,0.95288163,0.9385494,0.9498929,0.951384,0.939682,0.9671965,0.9388185,0.9478797,0.9530682,0.9418206
angelhasfallen,0.9511308,0.938685,0.94158596,0.9328044,0.94915205,0.9373219,0.9511033,0.95318025,0.9724722,0.9540434,1.0000004,0.94469094,0.943164,0.94696283,0.94488966,0.9481922,0.9461977,0.9573539,0.95320445,0.9438609,0.93916625,0.9468059,0.9529563,0.9413783,0.9526597,0.9196689,0.945708,0.94155765,0.947578,0.95549893,0.9519156,0.94953805,0.9403437,0.9509688,0.9478639,0.9267972,0.95857286,0.9370029,0.9484828,0.9429204,0.9355473,0.9592768,0.9462317,0.95348734,0.955677,0.93660444,0.95600283,0.9487378,0.951212,0.95724756,0.95059204,0.95205474,0.9607597,0.956403,0.942751,0.9490708,0.9430084,0.95106953,0.93722975,0.96038246,0.9426891,0.95407784,0.9469841,0.9484524,0.94949335,0.9637235,0.9432913,0.9350846,0.95685554,0.9486762,0.9544535,0.83241796,0.9389446,0.9467226,0.9520887,0.931543,0.93233424,0.9413866,0.93978053,0.9529492,0.9697443,0.94784904,0.94123644,0.9508511,0.9415289,0.9586724,0.954447,0.9561639,0.9481577,0.94925064,0.9430065,0.9544535,0.9464502,0.9565723,0.9494671,0.94857067,0.96349454,0.947435,0.94526523,0.9469318,0.9505264,0.9459354,0.93714595,0.9544693,0.9505731,0.95133454,0.94696605,0.9476861,0.9451257,0.9351119,0.9551304,0.89742464,0.94314337,0.91897476,0.9305652,0.96593595,0.95350754,0.94765747,0.95717293,0.9460346,0.9391578,0.9346366,0.9478949,0.93649584,0.9516731,0.9499296,0.9469256,0.941331,0.9519388,0.92745686,0.94932795,0.9397266,0.94507563,0.9372715,0.94664353,0.9505732,0.94762516,0.9450187,0.9601777,0.9450174,0.9724722,0.9486349,0.94704664,0.94500375,0.93367153,0.94433975,0.93870074,0.94136643,0.9402146,0.95003414,0.95080394,0.9480584,0.9473827,0.93449634,0.9524682,0.9507923,0.94347435,0.9489484,0.9462503,0.9410931,0.9724722,0.9299399,0.9543975,0.9542735,0.9563687
angrybirdsmovie,0.9289274,0.939425,0.9487734,0.937279,0.93744946,0.9352405,0.93686306,0.950907,0.96514815,0.93552905,0.94469094,0.9999997,0.9456648,0.9485686,0.9430751,0.94999254,0.952935,0.9457182,0.937506,0.9351376,0.93459064,0.9470146,0.94291294,0.9391279,0.9483623,0.9096097,0.93680465,0.9349764,0.95217407,0.9608968,0.9396628,0.9389737,0.92738557,0.95690614,0.94235426,0.9415167,0.94214994,0.92294693,0.9561397,0.9435977,0.9336096,0.9514805,0.9507626,0.9532885,0.9563321,0.94972724,0.9473319,0.9525152,0.9321248,0.9547749,0.9572894,0.94120914,0.9455295,0.9422011,0.93082845,0.9422761,0.9470694,0.9432401,0.93962556,0.94126666,0.9324229,0.9460598,0.9419645,0.9372507,0.92987335,0.95178556,0.91645366,0.9319372,0.940692,0.9452354,0.94277304,0.82841486,0.9518621,0.94046915,0.93845093,0.9246649,0.92249876,0.93376577,0.94043803,0.9364418,0.93550265,0.9250561,0.9414919,0.9376831,0.9587804,0.94232786,0.9362564,0.94386065,0.9443872,0.9394636,0.9481829,0.94277304,0.95072985,0.95086855,0.9558786,0.9378013,0.9367107,0.9484392,0.9322975,0.93925345,0.94972634,0.942194,0.93323636,0.95152044,0.9413015,0.9577009,0.93728477,0.94255114,0.9520982,0.94312286,0.9489988,0.89408904,0.9445274,0.920243,0.93670815,0.93694526,0.9377449,0.93632364,0.9533177,0.94112486,0.93735695,0.93902224,0.9416651,0.94538814,0.93471205,0.9612549,0.93988127,0.95073223,0.94508564,0.9376411,0.9512006,0.9287895,0.9454743,0.94354665,0.9452395,0.9482942,0.9295796,0.9387044,0.9576019,0.9434799,0.96514815,0.9502086,0.9389877,0.93958515,0.947227,0.9417769,0.93827057,0.93367356,0.9400706,0.9355432,0.944683,0.9486962,0.9478673,0.9082954,0.9260045,0.93583435,0.933955,0.96136594,0.938062,0.9316011,0.96514815,0.920851,0.94196033,0.94680643,0.9525927
annabellemovie,0.94826144,0.94383967,0.95590514,0.9556471,0.9494684,0.9394599,0.9518858,0.9586572,0.9768445,0.93802273,0.943164,0.9456648,0.9999999,0.9610808,0.95662653,0.9583876,0.9696801,0.95322865,0.9455161,0.95372766,0.94049037,0.94769496,0.954484,0.9505903,0.9492289,0.91920877,0.94449997,0.9493968,0.95865566,0.9487925,0.9405492,0.96422666,0.94634956,0.9562728,0.9495158,0.93187577,0.9598315,0.96152973,0.9501996,0.9526815,0.9596136,0.95096076,0.94349265,0.96045506,0.9602925,0.95933634,0.95183766,0.9497924,0.9491571,0.95562637,0.9573426,0.957524,0.9496642,0.9451389,0.949299,0.9625381,0.95036995,0.95166147,0.9676026,0.9493561,0.96203256,0.9491782,0.9479456,0.9641135,0.9431091,0.9393883,0.9515411,0.9441648,0.95226514,0.939206,0.9532657,0.8291644,0.952454,0.95013213,0.94146085,0.94023836,0.93675303,0.9448153,0.9549377,0.9511303,0.93723685,0.9582871,0.9700516,0.9512358,0.9548447,0.95522356,0.9567826,0.9761001,0.9541871,0.95506406,0.9532681,0.9532657,0.9458453,0.9504607,0.9591402,0.9507728,0.9559472,0.9530912,0.95043206,0.9480767,0.9544884,0.9549661,0.94093776,0.957311,0.94136447,0.95634717,0.96236813,0.9720108,0.95809877,0.9486086,0.9565285,0.9023458,0.95661163,0.9214561,0.9522013,0.96366465,0.9572153,0.94462955,0.9529103,0.9546181,0.9570114,0.94995844,0.9579405,0.94241536,0.94874483,0.9585896,0.96557266,0.9394048,0.9455942,0.92638,0.96094257,0.94386196,0.9615048,0.95830196,0.9467485,0.9500053,0.949827,0.94845843,0.9510618,0.94479024,0.9768445,0.95000005,0.9591981,0.9533475,0.96041614,0.94595504,0.94128084,0.9508695,0.9588069,0.9460167,0.95793974,0.9579222,0.9526105,0.912771,0.94708043,0.9434812,0.9625767,0.9640744,0.95397633,0.961544,0.9768445,0.9528961,0.9635558,0.95609397,0.9470093
annamovie,0.95476633,0.95041215,0.95742226,0.9599091,0.94822294,0.94610554,0.9655514,0.96326244,0.98032904,0.9506657,0.94696283,0.9485686,0.9610808,1.0,0.95793676,0.95534956,0.96307766,0.95306206,0.9656568,0.9509159,0.94838554,0.9573068,0.96336603,0.9589606,0.9485749,0.91621655,0.95722795,0.9596703,0.96449876,0.9584083,0.95433915,0.96108973,0.9624721,0.96246654,0.94904333,0.9292958,0.96290874,0.9482249,0.95721394,0.9531791,0.9544809,0.96448255,0.95846945,0.9691561,0.9635987,0.9656022,0.95941883,0.9514001,0.9557154,0.96727,0.959152,0.96365315,0.9545378,0.9468303,0.9517539,0.959071,0.951352,0.95717555,0.96057904,0.9601532,0.95264286,0.9554662,0.953613,0.9634735,0.9534699,0.9466817,0.9349166,0.9521376,0.95148146,0.94118667,0.9621442,0.83162963,0.952798,0.9665013,0.9461734,0.9411118,0.9436226,0.9570451,0.96196663,0.96145105,0.94457585,0.9636962,0.95674133,0.9544704,0.9554051,0.9524412,0.95181966,0.9611608,0.95695037,0.9624193,0.9586069,0.9621442,0.9566222,0.95213497,0.9576711,0.95719725,0.9510065,0.9610425,0.96856284,0.9642006,0.95604664,0.95608443,0.9462895,0.9572221,0.9628015,0.96050334,0.96218705,0.956841,0.9495664,0.95145994,0.9571955,0.89723605,0.96223617,0.9222581,0.9549591,0.95453656,0.95415235,0.95001763,0.9626682,0.9621662,0.9466675,0.951559,0.9652213,0.95697635,0.9602729,0.9538095,0.95884055,0.95347834,0.95349646,0.9305106,0.9654308,0.94485086,0.96229273,0.9560529,0.9572164,0.9548036,0.94844955,0.95979774,0.9637347,0.95092696,0.98032904,0.95724434,0.9551312,0.9527292,0.94972265,0.9534914,0.95126444,0.9402097,0.949064,0.94615924,0.9662314,0.96042424,0.95939684,0.9289938,0.9510816,0.9600885,0.95378655,0.96800226,0.9596304,0.95638454,0.98032904,0.9523674,0.9647936,0.96418726,0.9558116
apollo11movie,0.94373727,0.9393811,0.95032907,0.94262505,0.9373423,0.9521143,0.9552478,0.94904995,0.9741871,0.94680506,0.94488966,0.9430751,0.95662653,0.95793676,0.9999998,0.9441697,0.95913434,0.95432305,0.9454062,0.97287166,0.945407,0.95157534,0.95873266,0.94945794,0.94980043,0.91198784,0.94476557,0.94896364,0.95110714,0.9629362,0.9431111,0.94657344,0.94697034,0.94824237,0.9401703,0.93413395,0.96146536,0.9487127,0.95009035,0.9537947,0.953714,0.94920725,0.9432184,0.9458957,0.957558,0.95872456,0.95724297,0.9447046,0.94071984,0.95093125,0.9500958,0.9574861,0.95057124,0.9287055,0.94881546,0.9452628,0.93986887,0.9498393,0.94489866,0.95306677,0.95766497,0.944116,0.9388064,0.9515931,0.94285095,0.94021755,0.9398748,0.9374579,0.94500846,0.9388951,0.9553246,0.8350382,0.9454352,0.9566414,0.9479445,0.9398202,0.92829865,0.94183767,0.95084417,0.9460996,0.9314051,0.9379564,0.95652467,0.9429608,0.9338129,0.9484361,0.94278276,0.95529944,0.94890356,0.9484071,0.95080864,0.9553246,0.9309753,0.942721,0.9499951,0.9552875,0.9467879,0.94392043,0.94730437,0.95532894,0.95664144,0.9532489,0.9404575,0.9534721,0.9444542,0.94572645,0.9576668,0.95933765,0.9362918,0.9552209,0.9523834,0.8879299,0.95258975,0.9170258,0.94857454,0.95019805,0.95428234,0.946702,0.9508322,0.95429343,0.95247734,0.93530214,0.951074,0.9508921,0.95376235,0.95690995,0.9641703,0.9350191,0.9470625,0.9387126,0.9582242,0.9398504,0.9486882,0.94244105,0.94691384,0.95595676,0.9421218,0.9460661,0.9495273,0.9451208,0.9741871,0.9442059,0.9531401,0.942649,0.9499473,0.94189155,0.9271376,0.94462425,0.9492377,0.9408987,0.9575024,0.94990754,0.95177495,0.9181203,0.94854254,0.94620603,0.9501569,0.95014834,0.9457058,0.9514547,0.9741871,0.9374858,0.96225727,0.9514792,0.95084095
arcticdogsmovie,0.95254546,0.95276403,0.9472965,0.94798636,0.94898427,0.94457084,0.95234716,0.9506834,0.9730956,0.94079226,0.9481922,0.94999254,0.9583876,0.95534956,0.9441697,0.99999976,0.96054524,0.95682275,0.9460577,0.941096,0.9362348,0.9381608,0.9585494,0.94194365,0.9444785,0.9315259,0.95096004,0.95067483,0.95764464,0.9550396,0.94447815,0.94665265,0.9328587,0.95879054,0.9492326,0.9439037,0.9564321,0.9387759,0.9507749,0.95232403,0.9506348,0.95397884,0.9521616,0.9585194,0.9583785,0.95080006,0.9559021,0.9462445,0.9460106,0.9614327,0.9522825,0.9586518,0.95030636,0.93749785,0.947308,0.95258754,0.9578208,0.95024127,0.9507305,0.958622,0.94447273,0.96256346,0.9532841,0.95062333,0.95262116,0.94685197,0.9412886,0.9493527,0.9502421,0.9501063,0.9609284,0.83042455,0.9540143,0.9557521,0.95427644,0.9281309,0.9420243,0.9420934,0.9496308,0.94298935,0.9516048,0.9475611,0.9532452,0.94501776,0.93795687,0.9518051,0.9412578,0.95447785,0.94641286,0.9524211,0.9520503,0.9609284,0.9455436,0.951179,0.9515549,0.94275105,0.9517673,0.9530966,0.94351816,0.9511558,0.95530134,0.95145106,0.9289933,0.95885545,0.9383245,0.9517114,0.9563718,0.965402,0.95501435,0.95047635,0.95863944,0.910929,0.95278794,0.9405224,0.944764,0.9593752,0.9628034,0.95215464,0.9614714,0.9481877,0.94776386,0.94276166,0.9581542,0.94433177,0.9445153,0.9581519,0.9461014,0.9417711,0.94518405,0.9350777,0.9530878,0.9406129,0.95791864,0.94704974,0.9483053,0.9555595,0.9546943,0.9537921,0.952535,0.945286,0.9730956,0.9477659,0.95380783,0.9560485,0.95067424,0.9546914,0.94924384,0.944576,0.94962716,0.95584476,0.9551794,0.9585313,0.94599086,0.9384794,0.9489039,0.9535463,0.95072615,0.9580935,0.9449157,0.946759,0.9730956,0.9404136,0.9525717,0.95569366,0.9508186
arcticmovie,0.9529036,0.9526474,0.9566783,0.9506453,0.9496978,0.95277196,0.95252645,0.96232665,0.98070556,0.9429422,0.9461977,0.952935,0.9696801,0.96307766,0.95913434,0.96054524,0.99999946,0.9555276,0.9606973,0.9544183,0.9492621,0.9569616,0.9620048,0.9662384,0.9537631,0.9148827,0.949834,0.9683897,0.9644813,0.9628481,0.9584969,0.9632995,0.9450202,0.95819044,0.94960296,0.9392405,0.96323144,0.94375426,0.959391,0.9617541,0.9546257,0.9636961,0.9529485,0.96673596,0.9648547,0.96143067,0.96129274,0.9498925,0.9601902,0.965719,0.95966876,0.96655285,0.95774275,0.95016444,0.9426406,0.95497394,0.96276903,0.9571025,0.96671796,0.9581311,0.95427626,0.9566685,0.95280856,0.95863074,0.9546279,0.9544585,0.94456345,0.9499278,0.9545733,0.94771355,0.9657019,0.8335204,0.95518273,0.96142066,0.9486635,0.94259626,0.9314554,0.9515152,0.95750844,0.9551127,0.94509035,0.94188416,0.96229,0.95034635,0.95466954,0.95671344,0.95176,0.96645725,0.9622411,0.96871215,0.95478964,0.9657019,0.9539083,0.9580871,0.95314205,0.95298225,0.9543328,0.95678926,0.9494501,0.956786,0.9550093,0.95743227,0.9513245,0.96532,0.9531164,0.9607501,0.96331185,0.96638644,0.9511939,0.95604926,0.96162087,0.89355785,0.96129394,0.91960347,0.95824623,0.96084523,0.96179634,0.9570617,0.9604204,0.9482376,0.9502231,0.94939023,0.9618297,0.96184635,0.9565132,0.9681685,0.96110964,0.9530259,0.955356,0.9430074,0.9645717,0.9403334,0.9801989,0.9614895,0.95272464,0.95865357,0.95672226,0.95954454,0.9644656,0.9507319,0.98070556,0.9551764,0.95903885,0.95889866,0.9622899,0.9607993,0.94870067,0.9469574,0.95712227,0.9516385,0.96005416,0.96393764,0.9573328,0.9279222,0.95329267,0.95626724,0.9514269,0.9667347,0.94870454,0.9570257,0.98070556,0.95343465,0.96163785,0.9633166,0.9530032
artofracingmovie,0.95610064,0.9468813,0.9462879,0.94276583,0.9620712,0.94624114,0.95915335,0.95100254,0.9749517,0.9548948,0.9573539,0.9457182,0.95322865,0.95306206,0.95432305,0.95682275,0.9555276,1.0,0.95532584,0.9515346,0.9351371,0.9421574,0.9615956,0.9543893,0.9530935,0.9242133,0.9647179,0.95235705,0.9529825,0.9588621,0.94437736,0.9516811,0.93892014,0.9560783,0.94941115,0.93430394,0.95188266,0.9506885,0.9582985,0.95569515,0.9528707,0.94862133,0.9467297,0.9477957,0.9614978,0.9518142,0.9595992,0.950893,0.9483913,0.94946367,0.9485368,0.9576457,0.95682347,0.9450887,0.9544602,0.9626202,0.9570095,0.9445126,0.94754696,0.9622274,0.9539758,0.95704204,0.94911444,0.9490813,0.95256066,0.9478091,0.94414383,0.9492876,0.94581735,0.9481274,0.9605259,0.85165006,0.9463924,0.9507236,0.95760226,0.93288857,0.9408513,0.94305956,0.94518983,0.9547426,0.9503272,0.94920576,0.9533551,0.9495098,0.94054043,0.95006365,0.95604885,0.94995195,0.95169663,0.9523199,0.95084625,0.9605259,0.94061685,0.9434154,0.9478583,0.9448154,0.9632032,0.9573965,0.94901526,0.95214295,0.9511412,0.9497354,0.9365764,0.95939374,0.94732493,0.95097435,0.9525696,0.9596587,0.94601005,0.94804835,0.9617653,0.90955925,0.9484454,0.9244393,0.94146436,0.9578985,0.9594217,0.95406187,0.95957595,0.95221853,0.94523066,0.93464243,0.9563627,0.94516003,0.94765395,0.9553578,0.9533371,0.93795645,0.9652902,0.92647916,0.95582676,0.9555762,0.95147395,0.9436953,0.9496161,0.96317285,0.94946575,0.95076865,0.9582616,0.9614324,0.9749517,0.9429647,0.9565476,0.9493051,0.945712,0.94720817,0.93688667,0.9441673,0.94457763,0.949462,0.95856416,0.9514552,0.9532151,0.94005215,0.9533857,0.95609426,0.95120555,0.9500893,0.94650096,0.946189,0.9749517,0.9403458,0.9556543,0.9528535,0.9578913
avengers,0.96854436,0.9425541,0.9516867,0.9446019,0.95026946,0.94965434,0.9602588,0.95593536,0.97691506,0.9481339,0.95320445,0.937506,0.9455161,0.9656568,0.9454062,0.9460577,0.9606973,0.95532584,1.0000001,0.9492462,0.9517463,0.9527451,0.9623626,0.95797426,0.9500246,0.9252365,0.9597632,0.95090115,0.9621229,0.94831246,0.97223914,0.95414084,0.9571358,0.96498895,0.9368449,0.92909837,0.9551158,0.93803793,0.9588046,0.957187,0.94715244,0.9557148,0.9502734,0.9575453,0.961265,0.94435817,0.95965195,0.9448026,0.95675915,0.9579868,0.9575148,0.96263325,0.95213205,0.94871867,0.9408123,0.9563188,0.9432592,0.9484751,0.9610798,0.95588386,0.93956363,0.9482999,0.95363235,0.95808023,0.9563036,0.9530753,0.92836213,0.9533553,0.95434666,0.94481117,0.96216977,0.84150696,0.95157915,0.94697344,0.94537884,0.9395594,0.92356193,0.95148075,0.9465712,0.962666,0.95126426,0.9497735,0.94902205,0.9472752,0.9540672,0.9418473,0.9383092,0.9502491,0.94716245,0.96166635,0.95051306,0.96216977,0.9490129,0.9516687,0.954549,0.95151603,0.94749767,0.95184344,0.95400083,0.952566,0.94186985,0.95199573,0.9614003,0.95939726,0.95598507,0.9603721,0.95509475,0.94966346,0.9408104,0.9438434,0.9592733,0.9053135,0.95559543,0.92377436,0.94855726,0.95263565,0.9608965,0.9515967,0.9578976,0.9487858,0.9386809,0.93429565,0.9576944,0.9512443,0.9563668,0.95047003,0.9459453,0.95903754,0.9551471,0.9359822,0.9634976,0.9507135,0.95672905,0.9474574,0.9505681,0.95176846,0.9464038,0.95271873,0.96270955,0.93903875,0.97691506,0.95079213,0.93884325,0.95144975,0.9458771,0.95343715,0.950958,0.930713,0.9432032,0.9518457,0.9626097,0.960017,0.9498875,0.9357719,0.9573758,0.9655526,0.9510689,0.95441455,0.94503725,0.9491003,0.97691506,0.9427066,0.9605,0.9606551,0.954245
beachbummovie,0.94674027,0.93224514,0.94623315,0.93755627,0.9352529,0.9363832,0.9591041,0.95527995,0.96939623,0.94007796,0.9438609,0.9351376,0.95372766,0.9509159,0.97287166,0.941096,0.9544183,0.9515346,0.9492462,0.9999999,0.9430485,0.95410556,0.9552401,0.9440929,0.94672483,0.9234918,0.93851584,0.9437992,0.95152587,0.94805187,0.9376048,0.94946843,0.94557977,0.9497016,0.9415286,0.940689,0.95280266,0.9521795,0.947133,0.9476783,0.9516156,0.94601154,0.94185615,0.94541025,0.95906246,0.9590028,0.95158076,0.9415941,0.9368362,0.94892853,0.94944507,0.9542983,0.94098717,0.92907894,0.94635147,0.94873923,0.9313698,0.94467247,0.94773066,0.94467545,0.95336705,0.9352937,0.9450236,0.9492647,0.9355508,0.9407765,0.9404927,0.9428884,0.95353717,0.94460034,0.94569695,0.8275963,0.9429649,0.94296145,0.9501826,0.9297058,0.9302797,0.9369751,0.9442552,0.94599813,0.9397411,0.93945044,0.9478127,0.9459059,0.9372904,0.9371814,0.93906456,0.9492832,0.9397838,0.9416393,0.94060236,0.94569695,0.9322802,0.9358737,0.9457812,0.9487241,0.9471427,0.95353836,0.9424149,0.95031226,0.9543333,0.94786215,0.94431466,0.9449008,0.9421942,0.94749904,0.9571862,0.9593867,0.93774796,0.9502252,0.94659334,0.9065746,0.9515452,0.9229626,0.93744063,0.9511117,0.9537836,0.9444128,0.94295317,0.95317006,0.94570976,0.9343617,0.943391,0.9331716,0.9469498,0.9416403,0.95464647,0.94124955,0.9504149,0.9342164,0.94598603,0.9475612,0.943849,0.93585324,0.94068533,0.9408007,0.9466556,0.9436259,0.94271487,0.9565391,0.96939623,0.9471709,0.9548881,0.9393575,0.93687034,0.93342817,0.9290126,0.944136,0.94162464,0.9435276,0.9545658,0.9472354,0.9488548,0.9105226,0.9386027,0.9335192,0.9457855,0.939249,0.94642,0.94942415,0.96939623,0.9378231,0.9571143,0.9513649,0.94585586
bernadettefilm,0.940641,0.9433842,0.93719137,0.9323032,0.92986006,0.94581604,0.9526375,0.94446987,0.96926403,0.9307319,0.93916625,0.93459064,0.94049037,0.94838554,0.945407,0.9362348,0.9492621,0.9351371,0.9517463,0.9430485,1.0000002,0.948196,0.94580364,0.94216436,0.9482962,0.91608244,0.9396658,0.9375472,0.94451904,0.9458131,0.94803303,0.93322664,0.94117403,0.9465703,0.93985134,0.9396008,0.9524813,0.93217564,0.949218,0.95627475,0.9481705,0.95307374,0.94056535,0.95138454,0.9520532,0.9411279,0.94169724,0.94467854,0.94311994,0.9562765,0.9436683,0.9564258,0.9386847,0.92280513,0.9284079,0.9381595,0.93937176,0.946442,0.94492674,0.94866574,0.93228394,0.9407687,0.9465875,0.95093054,0.94530064,0.9436224,0.91983056,0.9525741,0.94974333,0.93203676,0.95494044,0.83470356,0.9527313,0.93140316,0.9409368,0.9333258,0.9301397,0.9470419,0.9519714,0.95238006,0.9342449,0.93281543,0.9446991,0.94106233,0.9395455,0.9375717,0.9302401,0.9438825,0.9390406,0.94259155,0.9441317,0.95494044,0.94399995,0.9403209,0.9475155,0.93630105,0.93906397,0.9511662,0.94396454,0.93270344,0.9464241,0.94173795,0.9386856,0.95227873,0.9439263,0.94221514,0.94080263,0.9434074,0.9188278,0.940196,0.95118177,0.8923732,0.9491905,0.9301658,0.9508224,0.94145334,0.9486484,0.9453371,0.95455605,0.9492714,0.9482286,0.9438902,0.94595456,0.95041007,0.9618629,0.9456832,0.95021296,0.9381974,0.93622357,0.92116123,0.96419084,0.9364139,0.9458619,0.9324547,0.9493012,0.93885523,0.93372744,0.94809675,0.9561296,0.9434001,0.96926403,0.939969,0.9330336,0.946483,0.9414187,0.95111084,0.95171696,0.9326447,0.9420453,0.94785285,0.9489995,0.9459576,0.9460335,0.9162493,0.93549323,0.9492978,0.94619423,0.9493306,0.93794274,0.9436327,0.96926403,0.9284833,0.9582415,0.9438496,0.939105
