movie,21bridgesmovie,47metersdown,abeautifuldaymovie,abominablemovie,adastramovie,adogsjourneymovie,aftermathmovie,aftermovie,ahiddenlifefilm,alitamovie,angelhasfallen,angrybirdsmovie,annabellemovie,annamovie,apollo11movie,arcticdogsmovie,arcticmovie,artofracingmovie,avengers,beachbummovie,bernadettefilm,blackandbluemovie,blackchristmas,blindedbythelightmovie,bombshellmovie,booksmart,breakthroughmovie,brianbanksmovie,brightburnmovie,brittanyrunsmov,captainmarvelofficial,captivestatemovie,catsmovie,charliesangels,childsplaymovie,clarathefilm,coldpursuitmovie,countdown,currentwarmovie,darkwatersmovie,detectivepikachumovie,disneyaladdin,disneyfrozen,disneymaleficent,doctorsleepmovie,dolemiteismyname,dontletgomovie,doramovie,downtonabbey_official,dumbo,escaperoom,everybodyknowsmovie,fastandfuriousmovie,fightingwmyfam,fivefeetapartfilm,fordvferrari,freaksthefilm,geminimanmovie,glassmovie,gloriabellmovie,godzillamovie,goldfinchmovie,goodboysmovie,goodliarmovie,gretafilm,halathemovie,happydeathdaymovie,harrietfilm,hellboymovie,hersmellmovie,highlifemovie,highstrungmovie,honeyboymovie,hotelmumbaifilm,httydragon,hustlemovie,hustlersmovie,isntitromantic,itmovieofficial,jayandsilentbob,johnwickmovie,jojorabbitmovie,jokermovie,judythefilm,jumanjimovie,justmercyfilm,knivesout,lalloronamovie,lastblackmansf,lastchristmasthemovie,latenightmovie,lighthousemovie,lionking,littlethemovie,littlewomenmovie,littlewoodsfilm,longshotmovie,lordsofchaosmovie,lucyintheskyfilm,mamovie2019,marriagestory,meettheaddams,meninblack,midsommarmovie,midwaymovie,missbalamovie,missinglinkfilm,motherlessbklyn,onceinhollywood,onthebasisofsex,overcomermovie,peanutbutterfalcon,petsematarymovie,piercingmovie,playingwithfire,playmobilthemovie,pomsmovie,queenandslim,rambomovie,readyornotfilm,richardjewellfilm,rocketmanmovie,scarystoriesmovie,secretlifeofpets,serenityfilm,shaftmovie,shazammovie,spidermanmovie,spiesindisguise,starwars,stormboymovie,stubermovie,taosdfilm,teenspiritmov,terminator,theaeronautsmov,thebestofenemies,thedeaddontdie,thefarewell,thehighwaymen,thehummingbirdprojectfilm,theintrudermovie,theirishmanfilm,thekitchenmovie,thelegomovie,themustangfilm,thenightingalefilm,theprodigymovie,thesunisalsoastar,theupsidefilm,tolkienmovie,toystory,triplefrontier,uglydolls,uncutgems,underthesilverlake,usmovie,wavesmovie,whatmenwant,wonderparkmovie,wrinklestheclown,xmenmovies,yardiefilm,yesterdaymovie,zombieland
21bridgesmovie,1.0000004,0.9639824,0.9574721,0.95551294,0.9565208,0.9603546,0.9671776,0.95918024,0.98338705,0.9443931,0.9634362,0.9539399,0.9635328,0.96685183,0.96631426,0.95538145,0.9572598,0.95645905,0.9662572,0.95988214,0.96366566,0.9605761,0.9553615,0.96837574,0.94326496,0.8752663,0.9624711,0.9583833,0.9614396,0.94508266,0.94799227,0.9505812,0.955934,0.9483278,0.9451867,0.9322279,0.9655446,0.96017444,0.9607937,0.95636535,0.96292025,0.95760876,0.94916034,0.9554235,0.96067494,0.9583301,0.95778817,0.96132326,0.9561466,0.95443416,0.9598836,0.97104114,0.93661755,0.9503147,0.95199144,0.9495437,0.9536208,0.9563591,0.9527371,0.96811855,0.9526851,0.9556884,0.9530439,0.9665194,0.9625513,0.9597625,0.96270275,0.96390206,0.96352524,0.94718736,0.96926355,0.82479775,0.95091003,0.9609659,0.95688164,0.9528567,0.9312144,0.9533865,0.9477301,0.9454221,0.9500952,0.9526358,0.95717895,0.9487468,0.94645923,0.9548463,0.9621202,0.9632434,0.95301586,0.9640382,0.960868,0.96926355,0.9448547,0.9569996,0.959067,0.96018326,0.94475156,0.95684266,0.9570649,0.95406085,0.9613638,0.9516515,0.95553285,0.9680989,0.95353353,0.95890117,0.96997,0.9613994,0.9582288,0.954439,0.96993965,0.85297763,0.95680016,0.9358738,0.95976543,0.96629506,0.9864652,0.9500708,0.9658064,0.9626406,0.95879126,0.9559148,0.96923065,0.9458454,0.9567191,0.9552529,0.9593952,0.9542856,0.95214796,0.92924637,0.96465266,0.9508713,0.962784,0.95003563,0.955647,0.9574141,0.96786195,0.9602165,0.96224314,0.9567342,0.98338705,0.95700026,0.9539548,0.9574429,0.9542883,0.95990336,0.96109194,0.9491946,0.96589124,0.9676503,0.9645348,0.953887,0.9627892,0.94924444,0.95658195,0.9698134,0.94874233,0.9630665,0.95638573,0.95691645,0.98338705,0.9522325,0.96522343,0.9593352,0.95315385
47metersdown,0.9639824,0.99999976,0.9470181,0.93478733,0.9508143,0.94349575,0.954049,0.9501187,0.971995,0.9410727,0.9582083,0.9534176,0.9497474,0.9543111,0.95243025,0.95287776,0.9564751,0.9548814,0.9449067,0.9478137,0.95890605,0.9482947,0.9497151,0.95567656,0.9396569,0.8784747,0.94377244,0.9399526,0.94870603,0.9311224,0.9344507,0.93807685,0.9394464,0.9377494,0.930553,0.9182999,0.95712745,0.9435617,0.9505914,0.94544625,0.95084584,0.9499257,0.9483495,0.9439157,0.9502687,0.9440172,0.9521641,0.9476103,0.9403548,0.94194424,0.94656473,0.95724964,0.92457896,0.94494325,0.93552893,0.93677104,0.939225,0.95072,0.9352373,0.9603793,0.948463,0.9358157,0.94795096,0.9516481,0.959095,0.9379465,0.9532565,0.95290244,0.94575876,0.9319369,0.9636626,0.82472223,0.9429526,0.943833,0.94672304,0.93699723,0.9144992,0.9335104,0.93733174,0.93021095,0.9375766,0.9399632,0.9433533,0.93539786,0.9425576,0.9407686,0.95217276,0.9495041,0.93970007,0.9580989,0.9490262,0.9636626,0.9433019,0.94382894,0.94745237,0.950488,0.95297736,0.9469683,0.94326484,0.9484274,0.94798946,0.9497906,0.9383703,0.95449644,0.9523336,0.94434273,0.9421538,0.94372034,0.9545384,0.9408369,0.95354956,0.8410646,0.94360244,0.9200527,0.94971526,0.9486388,0.9567343,0.9347353,0.949409,0.95162827,0.94518805,0.95196897,0.9507703,0.9368471,0.9562506,0.9476871,0.94226307,0.93910974,0.9420935,0.9285446,0.95280194,0.9383261,0.95275885,0.94587916,0.94487923,0.9422351,0.9467695,0.947244,0.9586207,0.9505721,0.971995,0.9352164,0.9483408,0.9482985,0.94985706,0.956256,0.9505201,0.9366558,0.9521442,0.94338864,0.949973,0.9401205,0.9509929,0.9196363,0.95685667,0.9506703,0.9512597,0.96259135,0.9348613,0.9389716,0.971995,0.9332294,0.9505793,0.9459582,0.93632144
abeautifuldaymovie,0.9574721,0.9470181,0.9999994,0.95163023,0.95699954,0.952012,0.9551934,0.95213246,0.9750248,0.95130754,0.95469075,0.95408255,0.9575718,0.9631301,0.961386,0.9581742,0.94534254,0.9608688,0.9595383,0.95805585,0.9535811,0.9642421,0.95429987,0.96141213,0.93677866,0.8722225,0.951635,0.9506963,0.972476,0.9471365,0.94913274,0.95342416,0.93658954,0.95393807,0.9146504,0.9141071,0.958836,0.94700456,0.95814943,0.95442724,0.95069104,0.95225686,0.9349715,0.93856204,0.95359886,0.9520898,0.9530685,0.9577264,0.9388003,0.94718313,0.97319466,0.9542952,0.93516004,0.96046746,0.9466705,0.95835125,0.9523472,0.9538405,0.9502346,0.9618541,0.94531465,0.95042354,0.95030934,0.9595068,0.9484573,0.9465135,0.9470911,0.9492084,0.94829667,0.93621236,0.9651575,0.8062607,0.9467436,0.9542632,0.94543844,0.9366517,0.91631854,0.94304895,0.94685984,0.9367668,0.9403096,0.95123166,0.9503018,0.9345369,0.9562617,0.954675,0.9513454,0.95447624,0.94591796,0.9546603,0.95436794,0.9651575,0.93765944,0.9549567,0.96791005,0.94799834,0.9554384,0.94689405,0.9480558,0.95140946,0.9515047,0.94718015,0.9596708,0.96185327,0.95176345,0.97217894,0.9667522,0.9532669,0.9585123,0.9419094,0.96341044,0.8445822,0.9565915,0.91605103,0.9525508,0.9315948,0.95146334,0.93401974,0.9597256,0.9514168,0.95438594,0.9483444,0.9615609,0.94496226,0.95742446,0.96301657,0.95203763,0.96058244,0.96184754,0.9166561,0.95812076,0.94912785,0.95244473,0.9324434,0.9519632,0.9499252,0.9385396,0.94465333,0.95227486,0.95611733,0.9750248,0.9610481,0.9481821,0.95590407,0.9467592,0.95128655,0.9508197,0.93543357,0.9513476,0.9491407,0.95662,0.9547511,0.9511164,0.9393588,0.9521912,0.95448124,0.94969046,0.9565227,0.94659746,0.9491332,0.9750248,0.9569635,0.95738566,0.9452431,0.96068084
abominablemovie,0.95551294,0.93478733,0.95163023,1.0000002,0.94327664,0.95109475,0.95071983,0.95743567,0.97380185,0.94172406,0.9465844,0.93392444,0.9604762,0.9534755,0.95327425,0.95240414,0.9466873,0.9522313,0.94402915,0.9390658,0.94476974,0.9502239,0.94884664,0.96121407,0.9309825,0.8709021,0.95100915,0.9533155,0.9547278,0.932894,0.9428897,0.9500599,0.9365031,0.9487574,0.92681015,0.93108094,0.9563107,0.9570407,0.95927763,0.95555705,0.95528054,0.9495253,0.9266858,0.94858736,0.9492297,0.94728434,0.9484911,0.94486827,0.93690085,0.94598216,0.958314,0.9498878,0.9329763,0.943163,0.94795126,0.93611324,0.9361187,0.9545852,0.95890313,0.9610381,0.9452554,0.95827395,0.9456681,0.960224,0.9520631,0.958623,0.93651444,0.94046074,0.9418064,0.9305595,0.9582674,0.8133034,0.93533695,0.9519452,0.96238256,0.9372727,0.9261048,0.9380322,0.94384235,0.93973064,0.9314093,0.9523754,0.94646907,0.9327285,0.9509638,0.9432804,0.9517461,0.9529061,0.9438884,0.9548891,0.9470842,0.9582674,0.93659395,0.94805574,0.9580793,0.95467883,0.94497186,0.9499157,0.93171465,0.94025177,0.94933116,0.9469395,0.95149815,0.9591945,0.9372873,0.95727265,0.9630007,0.9525791,0.93983036,0.94062424,0.9567192,0.84754246,0.9515949,0.9386071,0.9516395,0.9368613,0.9543009,0.94354427,0.9532828,0.9440837,0.9508669,0.9472883,0.957013,0.9343706,0.95270663,0.9577517,0.9544092,0.9498296,0.94509214,0.92051876,0.9585256,0.9452431,0.94729024,0.9337634,0.952847,0.9434527,0.94004446,0.93768245,0.9487126,0.9403593,0.97380185,0.95345336,0.9400228,0.9476836,0.9389783,0.9473921,0.96634954,0.9465222,0.95330435,0.9389398,0.9569312,0.9420069,0.9493757,0.9257977,0.939271,0.95575273,0.94230837,0.9534707,0.9427091,0.9482386,0.97380185,0.9491141,0.95310616,0.9446102,0.9483423
adastramovie,0.9565208,0.9508143,0.95699954,0.94327664,0.9999998,0.9474299,0.9484738,0.94701445,0.9724439,0.954771,0.9532146,0.94125825,0.9527636,0.95580244,0.95480907,0.9510887,0.94813895,0.9713548,0.94628274,0.94687885,0.9568191,0.9540064,0.94730777,0.957534,0.94279927,0.8842291,0.95332664,0.94468373,0.9545202,0.94239295,0.93858963,0.9410126,0.933788,0.9494439,0.92293227,0.9230472,0.95196265,0.93933713,0.95615464,0.95337516,0.9485916,0.9536174,0.9318981,0.9423269,0.9568353,0.94496423,0.9482592,0.9511115,0.9395474,0.94006044,0.95118505,0.9590268,0.9217535,0.94345313,0.94984204,0.96857834,0.94236976,0.95315695,0.94363135,0.9600207,0.94268024,0.949235,0.9465723,0.9568889,0.9415125,0.9523961,0.9451927,0.95044816,0.94527066,0.9347434,0.9606881,0.8152602,0.941697,0.9500132,0.94295865,0.9547591,0.9248269,0.939569,0.94078994,0.9325979,0.93973315,0.9386122,0.945772,0.9391115,0.9488609,0.94652236,0.9426473,0.954244,0.9401701,0.9552454,0.9565252,0.9606881,0.93602437,0.94442624,0.9515218,0.95101297,0.95342773,0.94338965,0.94136477,0.9483585,0.93758184,0.9488016,0.9512991,0.9610143,0.9444246,0.95045704,0.95877063,0.9443256,0.9547101,0.9410669,0.9619703,0.8683061,0.95676845,0.92406726,0.9541025,0.94417405,0.95066303,0.94306904,0.95673615,0.94912696,0.9505697,0.95743614,0.9595902,0.9327773,0.94845825,0.9540911,0.9513687,0.9452894,0.9653998,0.8993805,0.95456165,0.9584021,0.95247924,0.9374943,0.95644957,0.9488426,0.9440835,0.945809,0.9541199,0.95488936,0.9724439,0.9415242,0.94176084,0.948468,0.951564,0.9513066,0.9536623,0.9311085,0.9478755,0.9526771,0.94568443,0.9396201,0.9373613,0.9217093,0.9529382,0.9441649,0.94909227,0.9490523,0.94833577,0.9517683,0.9724439,0.9447694,0.9526609,0.944061,0.94160527
adogsjourneymovie,0.9603546,0.94349575,0.952012,0.95109475,0.9474299,1.0000004,0.9531192,0.95561254,0.97407573,0.95128125,0.95355505,0.945629,0.9546862,0.9536447,0.9554263,0.94563377,0.9499648,0.9560421,0.93777066,0.95221317,0.9555072,0.9517177,0.961003,0.95990884,0.94239193,0.8891026,0.9532648,0.9516603,0.9561988,0.9325989,0.93561083,0.9549317,0.9499619,0.95079374,0.93056005,0.9247211,0.95198935,0.94561946,0.94853216,0.94491845,0.9413727,0.9372496,0.9368373,0.9371693,0.9454873,0.94895744,0.960607,0.95173275,0.9461801,0.936557,0.95531106,0.959549,0.94925207,0.9410983,0.94114625,0.9452603,0.9459094,0.94921935,0.9466551,0.96274954,0.93686104,0.9479545,0.9401539,0.9537454,0.95279014,0.95008945,0.93898165,0.9533935,0.95132756,0.9327075,0.962131,0.82079583,0.9427041,0.952873,0.9528508,0.94697106,0.9366606,0.9389052,0.9339057,0.9471725,0.94736993,0.93882453,0.9467318,0.9402509,0.95422196,0.93678415,0.9452891,0.961835,0.93702644,0.9498212,0.9423188,0.962131,0.9297897,0.93634033,0.9523013,0.9528564,0.9423959,0.9507458,0.93853116,0.9424505,0.9505981,0.95147926,0.9571443,0.95442724,0.94328785,0.9516065,0.9570652,0.95354325,0.94921654,0.9469631,0.9585168,0.86827546,0.9472532,0.9290676,0.9582797,0.9497492,0.9625729,0.9573103,0.9584107,0.95576274,0.94400936,0.95216775,0.9596751,0.9674148,0.95875275,0.95641434,0.9522477,0.9414432,0.94736296,0.9136016,0.95993143,0.95200187,0.95446527,0.930552,0.9496212,0.9431974,0.93967706,0.95059294,0.9572265,0.9465745,0.97407573,0.94481003,0.95346564,0.94461405,0.95130634,0.94834936,0.94861,0.9429,0.94522244,0.9498771,0.95113117,0.92963463,0.94527864,0.9235414,0.9561686,0.95848197,0.95592093,0.9568509,0.92603844,0.9516814,0.97407573,0.946309,0.9513211,0.9579014,0.94886565
aftermathmovie,0.9671776,0.954049,0.9551934,0.95071983,0.9484738,0.9531192,0.99999994,0.9506384,0.9795736,0.94577587,0.9599071,0.94503164,0.95782864,0.96597826,0.9660043,0.94555056,0.953314,0.9602448,0.95792794,0.9559462,0.9648258,0.9627739,0.9582275,0.96195567,0.9402693,0.88166505,0.95765764,0.94615734,0.9534766,0.9559811,0.9428847,0.9514971,0.9567778,0.9426075,0.92618424,0.9293853,0.95556194,0.94793314,0.9541102,0.9539121,0.9605271,0.9579349,0.9403408,0.947347,0.9496917,0.9628996,0.9604783,0.95871717,0.9576416,0.9514184,0.9520201,0.96212816,0.93571144,0.9496668,0.9488354,0.94136745,0.95787036,0.9511245,0.9484519,0.9671861,0.951453,0.94886446,0.9463638,0.96335125,0.95465964,0.9542878,0.9594046,0.95451593,0.95483243,0.95225877,0.96683186,0.830041,0.9553738,0.954573,0.95560485,0.93559813,0.9115093,0.95780534,0.9503997,0.95367837,0.9457542,0.97249115,0.95766973,0.9465924,0.94927436,0.9503267,0.953945,0.9542234,0.9469315,0.9609247,0.95862126,0.96683186,0.9452371,0.9514246,0.95166606,0.96334404,0.94671863,0.94814163,0.96517044,0.95303035,0.95905846,0.9502239,0.95404553,0.9660642,0.95412123,0.95071894,0.95995575,0.9551448,0.9556698,0.9480387,0.963911,0.8478449,0.95407593,0.9291591,0.9546266,0.9462963,0.9649871,0.945716,0.9599152,0.9848461,0.9626539,0.9467039,0.9689403,0.9365919,0.9538344,0.95641446,0.94587874,0.9473961,0.9463158,0.9237774,0.9598028,0.9551566,0.95656085,0.9361699,0.9493254,0.95807076,0.9539292,0.9537853,0.95885694,0.9591685,0.9795736,0.9564828,0.95590895,0.95095897,0.9498197,0.9563623,0.9508847,0.94165283,0.952304,0.9557859,0.97921664,0.94665015,0.96703255,0.9252841,0.9509393,0.96342033,0.95256436,0.96625566,0.9320771,0.94824463,0.9795736,0.9453246,0.96280605,0.9559839,0.944993
aftermovie,0.95918024,0.9501187,0.95213246,0.95743567,0.94701445,0.95561254,0.9506384,1.0000006,0.97398275,0.94845617,0.9530437,0.9427042,0.95373225,0.9544841,0.96006256,0.9556061,0.9544625,0.95601016,0.9577595,0.9594124,0.9522296,0.95519763,0.95614684,0.9568622,0.9440338,0.877299,0.9471522,0.95707786,0.9545902,0.9343051,0.95781696,0.9464453,0.93980134,0.9492746,0.9303018,0.9182152,0.9594039,0.94670975,0.95720464,0.9542615,0.9443083,0.9393454,0.9321621,0.94076484,0.95009214,0.9530417,0.95883316,0.94149715,0.9330564,0.9368122,0.95660055,0.9602519,0.9440955,0.94566137,0.9519817,0.93625,0.9463451,0.9478757,0.9447795,0.96302515,0.9401368,0.9586067,0.94051784,0.9541968,0.95171905,0.95110893,0.94114274,0.9505935,0.94426537,0.9308566,0.9639795,0.8061721,0.9398539,0.9502756,0.9510513,0.94738215,0.93131036,0.9351753,0.9300358,0.9333389,0.94067806,0.9403541,0.94369376,0.9417351,0.9530489,0.93397534,0.9546326,0.9555777,0.95052654,0.9614471,0.9482334,0.9639795,0.9409108,0.9524793,0.9538584,0.9509107,0.9472514,0.9494395,0.9316569,0.9516584,0.95377934,0.95149547,0.9483123,0.9570313,0.9377924,0.9577248,0.95348716,0.95330036,0.9479053,0.9456229,0.9538543,0.8501952,0.9461376,0.9280741,0.95289564,0.9434555,0.95796216,0.943732,0.9553025,0.9441387,0.9444068,0.9515499,0.95883507,0.94373155,0.96707314,0.9599587,0.94933444,0.9552519,0.9440291,0.9210372,0.95576733,0.9528617,0.9584327,0.95047307,0.9493409,0.945931,0.9487083,0.9495776,0.95554966,0.9533309,0.97398275,0.9489539,0.94990486,0.9460055,0.94154084,0.94042414,0.94879776,0.9429046,0.94807124,0.94327503,0.9537311,0.9358664,0.9475998,0.9338642,0.9549627,0.9528382,0.9423102,0.96242976,0.95830613,0.94357026,0.97398275,0.9367606,0.95233274,0.9477305,0.94691116
ahiddenlifefilm,0.98338705,0.971995,0.9750248,0.97380185,0.9724439,0.97407573,0.9795736,0.97398275,1.0000006,0.9703354,0.97652555,0.96693325,0.9777463,0.97842383,0.98030776,0.97163916,0.9745448,0.97799397,0.97100544,0.9732459,0.9778077,0.97619545,0.97532415,0.98076427,0.9616952,0.9008678,0.97512,0.97447264,0.97641796,0.96138805,0.96632624,0.9676754,0.96666956,0.9663309,0.9505484,0.9462078,0.97967315,0.9686145,0.9776262,0.97541416,0.9762156,0.9716882,0.960254,0.96901065,0.97342956,0.97572684,0.97568595,0.9738855,0.97054756,0.970457,0.97687966,0.9809757,0.9564495,0.9699391,0.96834975,0.96550477,0.96916544,0.97205806,0.9703625,0.9807668,0.96909314,0.9724353,0.9691371,0.9801999,0.9738511,0.9753152,0.97214115,0.9748079,0.974424,0.9597751,0.98321325,0.84098047,0.96442974,0.97266376,0.9751843,0.9678192,0.94456345,0.9676618,0.966292,0.96422505,0.96314186,0.9691088,0.97484684,0.9641173,0.97106594,0.9677278,0.97434634,0.97658646,0.96614194,0.9794602,0.97443575,0.98321325,0.963921,0.97113514,0.9758378,0.97363305,0.9702591,0.9732431,0.9652753,0.9715898,0.97502756,0.9714325,0.9722761,0.9831694,0.97015595,0.9751254,0.98256373,0.975415,0.9726189,0.96406233,0.9831668,0.87297875,0.9747671,0.9507397,0.97334564,0.96870977,0.9819441,0.9702104,0.98037875,0.97389716,0.9773027,0.97306544,0.9828227,0.962595,0.9789429,0.97965586,0.9740723,0.9696516,0.97230554,0.9426826,0.9791243,0.9700998,0.97913367,0.96391225,0.97106487,0.9712716,0.97132534,0.9730288,0.9766624,0.9753561,1.0000006,0.96768063,0.9731816,0.9737945,0.9719919,0.9742393,0.9755196,0.9637478,0.9757811,0.97065294,0.9768537,0.967476,0.9750706,0.9453189,0.97091407,0.9786241,0.9725656,0.98105204,0.96216565,0.9699731,1.0000006,0.9689801,0.97975415,0.9760555,0.97053117
alitamovie,0.9443931,0.9410727,0.95130754,0.94172406,0.954771,0.95128125,0.94577587,0.94845617,0.9703354,1.0000001,0.9477278,0.94500345,0.9488061,0.9494875,0.94901776,0.95009273,0.9513978,0.9559615,0.93877536,0.9351594,0.9542192,0.9516401,0.9535271,0.9523841,0.9363703,0.8728131,0.94633096,0.9479096,0.9531919,0.92974627,0.9464574,0.94116205,0.9391718,0.9356182,0.911953,0.9243336,0.94775134,0.93891335,0.9579425,0.95024806,0.9414715,0.93345016,0.92547387,0.92910135,0.9418242,0.94998425,0.9506353,0.95084554,0.9411103,0.9325152,0.95726776,0.95091,0.9367365,0.9474323,0.9484501,0.9388893,0.93983823,0.93986756,0.9425912,0.9519575,0.93348825,0.94203794,0.94190437,0.945824,0.9388691,0.9442185,0.9466889,0.9468865,0.93768215,0.92159545,0.9538874,0.82679665,0.9319971,0.9438057,0.95412624,0.9462546,0.92375195,0.93909943,0.9335988,0.94633955,0.9382619,0.93825495,0.9417303,0.9389553,0.9608684,0.93760455,0.94352365,0.95336485,0.93520594,0.9484851,0.94446456,0.9538874,0.9314671,0.9457205,0.9490354,0.9435592,0.94159865,0.9397176,0.92778695,0.9448603,0.9480774,0.9395138,0.951734,0.9534259,0.9590622,0.95403075,0.94951504,0.95013034,0.9409856,0.93051356,0.95356315,0.85851395,0.9427843,0.91465247,0.937247,0.9340476,0.94595873,0.9470862,0.95803523,0.94915175,0.9497009,0.94626373,0.953897,0.94699776,0.95499986,0.9619972,0.94164157,0.94782543,0.95653147,0.92095214,0.95332944,0.9499622,0.9534145,0.9365462,0.94330406,0.9378846,0.9302717,0.9444057,0.94795066,0.95147324,0.9703354,0.9418668,0.9482264,0.9467042,0.9526966,0.9441655,0.9450653,0.93037486,0.94365466,0.9427535,0.9461155,0.923989,0.95281565,0.91402155,0.9394793,0.9483376,0.95529926,0.9524893,0.9261636,0.9360137,0.9703354,0.9496435,0.9448549,0.9558002,0.9563499
angelhasfallen,0.9634362,0.9582083,0.95469075,0.9465844,0.9532146,0.95355505,0.9599071,0.9530437,0.97652555,0.9477278,1.0,0.95122004,0.9504248,0.95880336,0.95554197,0.9514316,0.956694,0.9545041,0.9437434,0.95320576,0.9598769,0.95826876,0.9538766,0.96404314,0.9455982,0.87227297,0.9499958,0.9533808,0.9537502,0.9471565,0.93805164,0.9419789,0.9490272,0.9439008,0.9256727,0.9247981,0.9610146,0.9481542,0.95281553,0.9456454,0.9475451,0.9465029,0.9360816,0.94214785,0.9493714,0.9477879,0.95521706,0.9478867,0.9477302,0.9435485,0.95791173,0.9551457,0.93420583,0.9459904,0.94191664,0.94371825,0.9492627,0.94996494,0.9370171,0.9584909,0.94373876,0.94343853,0.95332134,0.9596898,0.9574266,0.95687497,0.9534078,0.9506694,0.9562949,0.9308822,0.96422327,0.8176952,0.9448686,0.95788807,0.956727,0.948689,0.9084705,0.95378417,0.93822837,0.9489379,0.9717047,0.9436337,0.9523593,0.94223464,0.9503091,0.9504138,0.96796596,0.9554649,0.94706684,0.9596593,0.95954454,0.96422327,0.93267274,0.9447289,0.95176005,0.96316034,0.95933473,0.95063686,0.94216675,0.9481757,0.946644,0.9540408,0.958684,0.95780015,0.94846845,0.9528351,0.96171314,0.95335835,0.95686454,0.94533527,0.9628467,0.84478104,0.9531557,0.91687214,0.96071315,0.9602511,0.95816207,0.94508624,0.95864016,0.9476323,0.9544133,0.9532703,0.96023643,0.94442195,0.9575479,0.95269376,0.9452809,0.9486141,0.9441469,0.9165055,0.95674944,0.948154,0.9574086,0.945851,0.95544374,0.95023704,0.9461656,0.9462427,0.9571927,0.9470673,0.97652555,0.9457961,0.9489089,0.9548225,0.9486801,0.9532993,0.9511526,0.9337835,0.951043,0.95506483,0.95286334,0.9372796,0.948289,0.9260098,0.958616,0.9519335,0.95163405,0.9656097,0.93882865,0.95019704,0.97652555,0.9414532,0.95557445,0.9504178,0.95966405
angrybirdsmovie,0.9539399,0.9534176,0.95408255,0.93392444,0.94125825,0.945629,0.94503164,0.9427042,0.96693325,0.94500345,0.95122004,0.99999976,0.94238347,0.94936335,0.9505808,0.9516458,0.94055486,0.9501546,0.9444003,0.9460278,0.94988036,0.9554289,0.95331144,0.95131373,0.9355805,0.86297464,0.9391521,0.93633103,0.95671684,0.94010824,0.9352792,0.934918,0.93778634,0.9443424,0.91262233,0.8984064,0.9516454,0.9408526,0.94615203,0.9487678,0.93956345,0.93510246,0.9421273,0.9256453,0.953268,0.9537854,0.95303816,0.9586225,0.93763226,0.9305294,0.9621183,0.95253354,0.92383575,0.9303666,0.93795764,0.9316533,0.93650776,0.9501327,0.9415688,0.9531536,0.9267125,0.93235093,0.94952476,0.9396593,0.94908744,0.9422141,0.9439208,0.94805723,0.93892956,0.9217802,0.95904547,0.80337703,0.9255455,0.9437795,0.9374009,0.93927366,0.90796804,0.9364344,0.94165546,0.93824977,0.92844874,0.9366308,0.933535,0.9365487,0.95383096,0.9328328,0.9509329,0.9463417,0.94448024,0.945425,0.95034295,0.95904547,0.9386968,0.947423,0.9559196,0.93799204,0.9499786,0.9473924,0.93261135,0.9421879,0.9495244,0.9458068,0.9423899,0.95417273,0.9387394,0.954067,0.95518726,0.9412931,0.95284814,0.93435043,0.9563315,0.8468651,0.94811624,0.90018857,0.94989127,0.9448252,0.9458844,0.93176186,0.94468486,0.9391798,0.9419976,0.95048344,0.9479769,0.9355228,0.9553933,0.94760233,0.93991333,0.9476979,0.94416094,0.91679615,0.9577479,0.9356443,0.94660133,0.93127304,0.93987536,0.94245523,0.9329149,0.94287777,0.96191484,0.9509691,0.96693325,0.9416116,0.954323,0.9337406,0.94429076,0.949825,0.9441552,0.92823404,0.92670786,0.93245566,0.93938136,0.93156993,0.9458988,0.9073087,0.94473594,0.95488274,0.94615006,0.96104074,0.9305508,0.94348013,0.96693325,0.9420903,0.9434627,0.94989765,0.9471404
annabellemovie,0.9635328,0.9497474,0.9575718,0.9604762,0.9527636,0.9546862,0.95782864,0.95373225,0.9777463,0.9488061,0.9504248,0.94238347,0.99999976,0.9630408,0.96351117,0.9552044,0.95952606,0.95698905,0.9524421,0.9513192,0.95568603,0.953569,0.9545621,0.9635654,0.9385442,0.8735127,0.95870703,0.9581466,0.9604449,0.9399766,0.94676423,0.9537062,0.94196975,0.957915,0.941136,0.92648214,0.95844406,0.9684288,0.9597396,0.95784074,0.95792896,0.95791537,0.94065094,0.95633763,0.95423615,0.95116526,0.95726925,0.94539434,0.9421048,0.9551084,0.9579853,0.95774406,0.9369487,0.94851923,0.9546407,0.9543293,0.9514697,0.9549651,0.9492436,0.96097213,0.9600748,0.9620362,0.94895315,0.974623,0.9446798,0.95905834,0.9471332,0.9548127,0.94354415,0.9464704,0.96392626,0.8176476,0.952038,0.95787776,0.955797,0.9388578,0.9317852,0.9471541,0.94614995,0.9378104,0.936645,0.95434517,0.9637383,0.94753414,0.9635509,0.95099115,0.95301867,0.97563267,0.938943,0.9651612,0.9552863,0.96392626,0.9477043,0.9463609,0.9587882,0.95675457,0.9487999,0.9611132,0.94513005,0.9561354,0.95864344,0.9472359,0.95256054,0.9636353,0.94916475,0.9571897,0.961606,0.96404165,0.9533623,0.9459407,0.9686824,0.8589818,0.96484053,0.9334147,0.9594757,0.9410151,0.9640959,0.9527434,0.9602989,0.94979715,0.95992786,0.9492314,0.95921665,0.94478077,0.95325106,0.9577919,0.9688305,0.9517345,0.9590526,0.9330712,0.95914197,0.9527966,0.9586788,0.94404364,0.96134144,0.9526576,0.9548612,0.9505474,0.955178,0.9581569,0.9777463,0.9486849,0.95300883,0.96398455,0.9527988,0.9396123,0.9565302,0.953658,0.9696332,0.95086133,0.9648513,0.94865257,0.95429236,0.93353117,0.95186657,0.96053344,0.9510504,0.9579432,0.9483848,0.9551123,0.9777463,0.95523214,0.95763975,0.94969594,0.95655406
annamovie,0.96685183,0.9543111,0.9631301,0.9534755,0.95580244,0.9536447,0.96597826,0.9544841,0.97842383,0.9494875,0.95880336,0.94936335,0.9630408,1.0000002,0.96058047,0.95679754,0.949006,0.9661668,0.9534523,0.95367604,0.95830095,0.9612907,0.958188,0.9600705,0.94156194,0.87672395,0.95929253,0.9503332,0.9621977,0.9459948,0.9514599,0.95414835,0.94942063,0.9511,0.9263659,0.9291814,0.96142864,0.9540747,0.9668251,0.95339274,0.9585098,0.95007294,0.93741196,0.9410942,0.9524029,0.9560842,0.9629227,0.9539836,0.95053035,0.94541544,0.9597588,0.9616106,0.9444803,0.9542499,0.94798017,0.94811845,0.9593877,0.9470342,0.95135045,0.96335036,0.95597774,0.9546217,0.95009905,0.9796469,0.952322,0.95437133,0.96185476,0.95618546,0.9548083,0.9475858,0.96591365,0.81729746,0.9564882,0.95651007,0.9567684,0.93984157,0.92281127,0.9499794,0.95437866,0.94769555,0.9470884,0.9532892,0.96438414,0.95177865,0.9470035,0.95429224,0.9588306,0.9599072,0.9516455,0.9571534,0.9537985,0.96591365,0.93556166,0.94914544,0.9552348,0.95620394,0.95825285,0.9570309,0.95444584,0.9711648,0.9560449,0.94996244,0.9530188,0.9599513,0.9674424,0.9589019,0.9679891,0.9571848,0.9604702,0.94805145,0.9628513,0.84928644,0.9566574,0.92768216,0.95016515,0.94701695,0.9639685,0.9450528,0.95959806,0.95608634,0.95939726,0.9487602,0.96436936,0.9354556,0.95794743,0.9589672,0.9522457,0.95626044,0.956306,0.92126614,0.966097,0.953089,0.95074356,0.9372668,0.94909745,0.954519,0.9574654,0.9470057,0.9540587,0.95917624,0.97842383,0.956257,0.95560706,0.9624451,0.9551007,0.9591684,0.95757204,0.9369732,0.9584016,0.9486584,0.96080565,0.9474787,0.9571265,0.9348134,0.9606731,0.9595372,0.95235664,0.96109134,0.9414941,0.9563497,0.97842383,0.9514601,0.9584066,0.95010996,0.9560267
apollo11movie,0.96631426,0.95243025,0.961386,0.95327425,0.95480907,0.9554263,0.9660043,0.96006256,0.98030776,0.94901776,0.95554197,0.9505808,0.96351117,0.96058047,1.0000001,0.9551821,0.95018154,0.95705813,0.96053976,0.9723668,0.9673362,0.9575087,0.9627947,0.9599714,0.9403667,0.88325197,0.9459776,0.94646937,0.9648175,0.9444535,0.9518347,0.9456322,0.94508874,0.95441186,0.9347139,0.91533005,0.9614655,0.94598895,0.9574288,0.95491445,0.96167,0.95482033,0.94488853,0.9535216,0.95776296,0.96692777,0.96024585,0.95790297,0.9517854,0.95325273,0.9600744,0.96074635,0.93981564,0.95420086,0.9488418,0.94451904,0.9527538,0.9542886,0.95125866,0.9661779,0.949823,0.95276403,0.95304716,0.9618099,0.95496607,0.94990325,0.9560439,0.9632363,0.95176005,0.9442191,0.97020864,0.8268865,0.94153345,0.95136505,0.9560461,0.9437533,0.91954374,0.94927466,0.947978,0.9510232,0.9370921,0.95012903,0.9540445,0.9437315,0.9518877,0.95434916,0.9544368,0.9606964,0.94846797,0.96051586,0.95508295,0.97020864,0.94937813,0.9563426,0.9567099,0.96833795,0.952825,0.9501506,0.9513226,0.9603677,0.96012217,0.95734406,0.9550218,0.9677221,0.9535834,0.95642483,0.9605811,0.9546547,0.9662024,0.9415798,0.9571582,0.8612421,0.95938295,0.9184571,0.95944333,0.94992423,0.963015,0.94704247,0.95987296,0.9609842,0.9572403,0.9571219,0.96217865,0.94050604,0.9603562,0.96181697,0.95961416,0.9495001,0.95261633,0.9238419,0.9680879,0.9498027,0.9549068,0.9460348,0.9554346,0.9517446,0.9508734,0.9513305,0.9616762,0.9632645,0.98030776,0.9531103,0.9538552,0.9585462,0.9575664,0.9501842,0.9493916,0.9513675,0.9591667,0.9431447,0.9606263,0.95378345,0.96163464,0.93055904,0.958107,0.9608464,0.95468307,0.96756816,0.95349973,0.94999033,0.98030776,0.95225465,0.9672371,0.95664334,0.95757335
arcticdogsmovie,0.95538145,0.95287776,0.9581742,0.95240414,0.9510887,0.94563377,0.94555056,0.9556061,0.97163916,0.95009273,0.9514316,0.9516458,0.9552044,0.95679754,0.9551821,1.0000001,0.94620043,0.9525409,0.9427962,0.9404129,0.9494106,0.9506997,0.9454867,0.9501349,0.9411196,0.8750097,0.95057386,0.9491402,0.95640564,0.9378301,0.9441538,0.94341356,0.9360622,0.9506636,0.9182953,0.9205399,0.95764315,0.9470966,0.95759755,0.9466797,0.9502441,0.9417752,0.9408581,0.9437012,0.9530591,0.94805586,0.9431744,0.957547,0.93911564,0.9435869,0.95977026,0.9546695,0.93131024,0.9532058,0.9351006,0.94860464,0.9405113,0.95251304,0.94470537,0.95532155,0.945932,0.946732,0.955203,0.9560054,0.9483822,0.9419778,0.94178087,0.9515683,0.944467,0.92861086,0.9599422,0.8116642,0.9395771,0.9507454,0.9507151,0.9379538,0.9176597,0.93977255,0.9435978,0.94517964,0.93907213,0.94183314,0.9456368,0.9406044,0.95606995,0.94590586,0.9474977,0.94947845,0.9413609,0.95418066,0.94735235,0.9599422,0.93776464,0.9440197,0.9594834,0.95043707,0.949671,0.9443938,0.9351166,0.9452854,0.95043546,0.9454989,0.95079917,0.95557153,0.9456901,0.95716035,0.95839506,0.96533155,0.9564946,0.93447745,0.96274555,0.8473287,0.9577829,0.91438943,0.94639355,0.93972605,0.95408756,0.9288296,0.95818615,0.9425091,0.9549357,0.9478348,0.95071805,0.9452753,0.9591818,0.95792407,0.9520388,0.9464294,0.9538207,0.9266787,0.9612812,0.94859684,0.956309,0.9410572,0.95392364,0.9458342,0.94388217,0.94249487,0.9540043,0.95373845,0.97163916,0.94376415,0.9498896,0.95174897,0.94676983,0.9542103,0.9570966,0.93146795,0.95217675,0.9460976,0.9475986,0.9434234,0.9537345,0.91958505,0.9463079,0.9541514,0.93906426,0.9565126,0.9419935,0.9496248,0.97163916,0.94506675,0.94879997,0.9433865,0.95371234
arcticmovie,0.9572598,0.9564751,0.94534254,0.9466873,0.94813895,0.9499648,0.953314,0.9544625,0.9745448,0.9513978,0.956694,0.94055486,0.95952606,0.949006,0.95018154,0.94620043,1.0000005,0.95735615,0.95181334,0.9456232,0.96405953,0.94731164,0.9518875,0.9556102,0.9369374,0.8930221,0.95302904,0.9649783,0.9489075,0.93325925,0.95415735,0.9413366,0.9382632,0.94195074,0.92322445,0.91891825,0.95899886,0.9518265,0.9556007,0.9524954,0.95126516,0.94892013,0.93919843,0.9500073,0.9436731,0.94607735,0.95411944,0.9412999,0.94848514,0.94732565,0.94939816,0.9601134,0.92744064,0.9419649,0.94574744,0.94426465,0.9410385,0.9482791,0.9447651,0.9485343,0.9483919,0.94944125,0.9497935,0.95425117,0.95313364,0.9457996,0.9392801,0.9552041,0.9561556,0.9423186,0.9506617,0.829968,0.9427491,0.9415628,0.9500902,0.94306976,0.9261669,0.93923426,0.9364815,0.9328908,0.9457638,0.94795203,0.95625824,0.94455624,0.95344925,0.93932354,0.95622927,0.9547469,0.9337452,0.966718,0.95124817,0.9506617,0.95110345,0.94722843,0.9505923,0.9492801,0.9491635,0.9539563,0.9415042,0.9448795,0.9503572,0.9355791,0.9401755,0.9538102,0.9447285,0.94748193,0.95073014,0.9544588,0.93967444,0.9352166,0.95823663,0.858311,0.943492,0.92296726,0.9499603,0.94289684,0.9562162,0.94918597,0.95348716,0.94758254,0.9560433,0.94888,0.9560677,0.9360286,0.95756024,0.96031696,0.9497616,0.95470536,0.9524737,0.9535,0.9513599,0.94612545,0.9712789,0.9656791,0.9424293,0.9492717,0.94619995,0.9619597,0.9435749,0.94906574,0.9745448,0.94010985,0.9510544,0.9505459,0.9478792,0.9443303,0.9466431,0.9368453,0.9538912,0.95264465,0.9559164,0.93727267,0.9486319,0.9184393,0.948384,0.9486492,0.9535514,0.9517255,0.93928844,0.9388743,0.9745448,0.93965656,0.95027363,0.9554014,0.9455006
artofracingmovie,0.95645905,0.9548814,0.9608688,0.9522313,0.9713548,0.9560421,0.9602448,0.95601016,0.97799397,0.9559615,0.9545041,0.9501546,0.95698905,0.9661668,0.95705813,0.9525409,0.95735615,1.0,0.9548184,0.9546705,0.9604665,0.9590387,0.9557914,0.9587625,0.94861573,0.89569825,0.9555623,0.95189,0.9585593,0.94902444,0.9541681,0.9465148,0.94370776,0.9565332,0.9280548,0.93027854,0.9544234,0.9455368,0.96011734,0.95379573,0.95173776,0.94970137,0.9342224,0.943796,0.9522521,0.95458335,0.95542836,0.954562,0.9503811,0.94637483,0.9592457,0.95718706,0.94128036,0.95510584,0.9493087,0.969185,0.94950926,0.9504165,0.95077455,0.9606647,0.9501995,0.95833015,0.9477466,0.96157753,0.9486928,0.95158744,0.95129025,0.94614863,0.9491002,0.9426477,0.9631697,0.82772213,0.95573205,0.9503901,0.9500887,0.94368684,0.92149365,0.9414246,0.9485954,0.9423073,0.94362247,0.94975734,0.95339066,0.94873625,0.95907056,0.95294505,0.948917,0.95659417,0.94633967,0.9600779,0.9599039,0.9631697,0.94394916,0.9490359,0.9589358,0.9535377,0.9538506,0.9496041,0.9542557,0.95665306,0.9494957,0.95616513,0.95225173,0.96343577,0.9534167,0.95859206,0.9612493,0.95178676,0.9622028,0.94991493,0.9606446,0.8614002,0.9549561,0.9250335,0.95069224,0.9369517,0.95399886,0.9485111,0.96139526,0.95696723,0.9560383,0.954138,0.9620749,0.9461982,0.95761657,0.9603891,0.9534158,0.95603263,0.9633893,0.91840816,0.95732135,0.964657,0.95522517,0.94040614,0.9507825,0.9532056,0.9483426,0.94379646,0.9552811,0.9647118,0.97799397,0.9485223,0.9558257,0.95362246,0.95626825,0.9520329,0.9544884,0.9423006,0.9515302,0.9488905,0.95449656,0.9338814,0.94655603,0.91903335,0.9611057,0.95631486,0.9589861,0.9588772,0.94019806,0.9481596,0.97799397,0.94999665,0.9532397,0.952973,0.94962376
avengers,0.9662572,0.9449067,0.9595383,0.94402915,0.94628274,0.93777066,0.95792794,0.9577595,0.97100544,0.93877536,0.9437434,0.9444003,0.9524421,0.9534523,0.96053976,0.9427962,0.95181334,0.9548184,0.9999999,0.9508884,0.95297074,0.9564578,0.9534636,0.95833796,0.92564166,0.86046576,0.94912547,0.94943553,0.9603629,0.9444559,0.96507955,0.93902063,0.93694323,0.945317,0.9212475,0.9037133,0.9577674,0.93164754,0.95571995,0.95388424,0.9481896,0.94403315,0.9298979,0.94158137,0.952698,0.9602136,0.9528366,0.95031726,0.9442677,0.9414919,0.9577963,0.9538511,0.9266098,0.9442338,0.9457021,0.9413904,0.9507448,0.9435581,0.93777233,0.95333,0.94430625,0.94557136,0.9383187,0.95590353,0.9448324,0.9448037,0.9487976,0.95357066,0.947058,0.94193596,0.95895773,0.80394197,0.9369189,0.9425776,0.94005024,0.9344204,0.91090643,0.9405834,0.9402477,0.9324172,0.9335068,0.9400953,0.948462,0.93072724,0.94461864,0.93697494,0.9447927,0.95063025,0.9517189,0.95990545,0.9587962,0.95895773,0.94489735,0.9547496,0.95225817,0.9454498,0.93825924,0.9472696,0.93732256,0.9483438,0.9549435,0.92998666,0.94139147,0.9619486,0.94730395,0.95651245,0.95384,0.94865406,0.9478333,0.9408254,0.9531011,0.8392971,0.94278216,0.9204416,0.95116675,0.9351255,0.9481216,0.9352793,0.9503991,0.94973636,0.9532849,0.94166887,0.9603347,0.9235978,0.9495479,0.9515537,0.9432347,0.95817447,0.9444075,0.926819,0.95210475,0.94630516,0.95486146,0.95366323,0.93630004,0.9523126,0.94453424,0.947058,0.9525613,0.9542865,0.97100544,0.95509285,0.93994,0.95349884,0.9467312,0.9470528,0.94668216,0.93272847,0.955289,0.94186014,0.9587932,0.9454914,0.9533927,0.93404037,0.9439611,0.95184004,0.9406446,0.9563113,0.9462745,0.936991,0.97100544,0.9403644,0.95783836,0.94949484,0.9461031
beachbummovie,0.95988214,0.9478137,0.95805585,0.9390658,0.94687885,0.95221317,0.9559462,0.9594124,0.9732459,0.9351594,0.95320576,0.9460278,0.9513192,0.95367604,0.9723668,0.9404129,0.9456232,0.9546705,0.9508884,1.0000004,0.9541319,0.96280456,0.9572912,0.9562853,0.93159276,0.87259305,0.9400032,0.9437044,0.95735854,0.9354565,0.947241,0.95114183,0.9357951,0.9475401,0.9285812,0.9105366,0.9519345,0.9458466,0.9512652,0.94855493,0.94802964,0.9487174,0.9378005,0.94126546,0.9445437,0.96827203,0.9571691,0.94594383,0.94965243,0.944317,0.9572611,0.9615366,0.9389452,0.9472341,0.9478653,0.94483143,0.94738936,0.9486097,0.9455805,0.9593938,0.94188607,0.9488682,0.9404976,0.9525053,0.9542372,0.94549835,0.94750196,0.95695233,0.9444954,0.942379,0.9630639,0.8057529,0.9475545,0.94812834,0.9449198,0.9376947,0.9156917,0.94002426,0.94105685,0.9291147,0.93614674,0.9465794,0.95119965,0.9430964,0.9404813,0.9497957,0.9501073,0.9550902,0.94103104,0.9518112,0.9505833,0.9630639,0.9364011,0.9474789,0.95226353,0.95010114,0.9444077,0.95597345,0.95595175,0.9536635,0.9542768,0.9576851,0.94559246,0.9638669,0.9407446,0.9549136,0.9643445,0.94383913,0.9595535,0.9463162,0.9508077,0.84745675,0.9446753,0.919822,0.9545759,0.94525015,0.96045035,0.9430552,0.9534904,0.9491518,0.94547313,0.9506788,0.96026176,0.943058,0.94839305,0.959023,0.95238143,0.94322085,0.9472754,0.9134011,0.9574989,0.941023,0.95214576,0.9371654,0.9434652,0.9495356,0.945232,0.95330805,0.95491207,0.96758854,0.9732459,0.9517319,0.9519998,0.9428376,0.94333714,0.94987965,0.93978024,0.9434998,0.9443652,0.9464286,0.95336014,0.941295,0.9483585,0.9229368,0.95672286,0.95055616,0.94399613,0.9610232,0.9400974,0.9468162,0.9732459,0.9497505,0.95458746,0.9472817,0.949986
bernadettefilm,0.96366566,0.95890605,0.9535811,0.94476974,0.9568191,0.9555072,0.9648258,0.9522296,0.9778077,0.9542192,0.9598769,0.94988036,0.95568603,0.95830095,0.9673362,0.9494106,0.96405953,0.9604665,0.95297074,0.9541319,0.9999998,0.95110905,0.96004665,0.9648454,0.94458175,0.88960564,0.9546817,0.9561802,0.95245236,0.94141316,0.9451175,0.93689996,0.9514332,0.94180316,0.9147805,0.925033,0.956096,0.94783914,0.94313246,0.9448277,0.954941,0.9528127,0.9506974,0.95626324,0.95088655,0.9489412,0.95944667,0.9481109,0.95001835,0.9567024,0.9492002,0.95706654,0.9310022,0.9432887,0.9421059,0.9416839,0.9487443,0.9557929,0.9497993,0.9595732,0.9463079,0.94883907,0.9521757,0.9598916,0.94827396,0.948499,0.94969094,0.9538766,0.95497805,0.942683,0.96287614,0.8272105,0.94173974,0.95865893,0.9496653,0.95321417,0.926029,0.94842595,0.94925195,0.94236785,0.94614697,0.958383,0.9582494,0.9407551,0.94563645,0.9464604,0.95745957,0.9500335,0.9360831,0.9563492,0.96499914,0.96287614,0.9570472,0.94823456,0.946124,0.9662591,0.9515516,0.944874,0.9499639,0.9566076,0.942071,0.946414,0.95223093,0.9549652,0.9508441,0.945998,0.95589966,0.9511381,0.95786023,0.93494695,0.9593849,0.8601361,0.9541889,0.92128974,0.9612524,0.94674695,0.9602918,0.94925964,0.95703286,0.95545053,0.9645592,0.95971304,0.95833415,0.93820065,0.9581368,0.9561016,0.94458914,0.94390684,0.9450738,0.93493277,0.9746505,0.9424961,0.95624727,0.9480782,0.95713395,0.95633364,0.9459487,0.94910765,0.9570986,0.9516757,0.9778077,0.94080657,0.9469824,0.9609954,0.9624378,0.9479556,0.9479346,0.9328585,0.9499476,0.9479856,0.9557782,0.94807166,0.95508075,0.9232166,0.95569533,0.96210355,0.9572757,0.9618292,0.9424931,0.94458085,0.9778077,0.9460171,0.95383084,0.96802974,0.9432331
