movie,21bridgesmovie,47metersdown,abeautifuldaymovie,abominablemovie,adastramovie,adogsjourneymovie,aftermathmovie,aftermovie,ahiddenlifefilm,alitamovie,angelhasfallen,angrybirdsmovie,annabellemovie,annamovie,apollo11movie,arcticdogsmovie,arcticmovie,artofracingmovie,avengers,beachbummovie,bernadettefilm,blackandbluemovie,blackchristmas,blindedbythelightmovie,bombshellmovie,booksmart,breakthroughmovie,brianbanksmovie,brightburnmovie,brittanyrunsmov,captainmarvelofficial,captivestatemovie,catsmovie,charliesangels,childsplaymovie,clarathefilm,coldpursuitmovie,countdown,currentwarmovie,darkwatersmovie,detectivepikachumovie,disneyaladdin,disneyfrozen,disneymaleficent,doctorsleepmovie,dolemiteismyname,dontletgomovie,doramovie,downtonabbey_official,dumbo,escaperoom,everybodyknowsmovie,fastandfuriousmovie,fightingwmyfam,fivefeetapartfilm,fordvferrari,freaksthefilm,geminimanmovie,glassmovie,gloriabellmovie,godzillamovie,goldfinchmovie,goodboysmovie,goodliarmovie,gretafilm,halathemovie,happydeathdaymovie,harrietfilm,hellboymovie,hersmellmovie,highlifemovie,highstrungmovie,honeyboymovie,hotelmumbaifilm,httydragon,hustlemovie,hustlersmovie,isntitromantic,itmovieofficial,jayandsilentbob,johnwickmovie,jojorabbitmovie,jokermovie,judythefilm,jumanjimovie,justmercyfilm,knivesout,lalloronamovie,lastblackmansf,lastchristmasthemovie,latenightmovie,lighthousemovie,lionking,littlethemovie,littlewomenmovie,littlewoodsfilm,longshotmovie,lordsofchaosmovie,lucyintheskyfilm,mamovie2019,marriagestory,meettheaddams,meninblack,midsommarmovie,midwaymovie,missbalamovie,missinglinkfilm,motherlessbklyn,onceinhollywood,onthebasisofsex,overcomermovie,peanutbutterfalcon,petsematarymovie,piercingmovie,playingwithfire,playmobilthemovie,pomsmovie,queenandslim,rambomovie,readyornotfilm,richardjewellfilm,rocketmanmovie,scarystoriesmovie,secretlifeofpets,serenityfilm,shaftmovie,shazammovie,spidermanmovie,spiesindisguise,starwars,stormboymovie,stubermovie,taosdfilm,teenspiritmov,terminator,theaeronautsmov,thebestofenemies,thedeaddontdie,thefarewell,thehighwaymen,thehummingbirdprojectfilm,theintrudermovie,theirishmanfilm,thekitchenmovie,thelegomovie,themustangfilm,thenightingalefilm,theprodigymovie,thesunisalsoastar,theupsidefilm,tolkienmovie,toystory,triplefrontier,uglydolls,uncutgems,underthesilverlake,usmovie,wavesmovie,whatmenwant,wonderparkmovie,wrinklestheclown,xmenmovies,yardiefilm,yesterdaymovie,zombieland
21bridgesmovie,0.99999994,0.9659843,0.96453655,0.95009154,0.9563283,0.9563228,0.9623275,0.9641816,0.97920775,0.9479696,0.955486,0.95823765,0.9507114,0.96144944,0.95843506,0.96425116,0.9571075,0.9632598,0.97416174,0.9565678,0.96303844,0.9595108,0.9601259,0.96664447,0.9528661,0.86889976,0.95735955,0.9623434,0.9522641,0.95322293,0.9460247,0.9581884,0.95657825,0.9470722,0.946803,0.93391323,0.9611953,0.96669084,0.9632707,0.9551539,0.95632946,0.96365035,0.94282275,0.9623798,0.95516497,0.9600981,0.9582839,0.9588335,0.9418553,0.9667325,0.96070725,0.96092606,0.9540195,0.9582613,0.96037006,0.9550108,0.954405,0.96750134,0.9585755,0.96250665,0.94666433,0.96447283,0.9530341,0.96036166,0.9546151,0.96079135,0.94901156,0.95904195,0.95920163,0.94959235,0.96385425,0.77294517,0.9407477,0.96101665,0.9528822,0.9467783,0.91708446,0.9589663,0.95686394,0.9539549,0.95918334,0.95057625,0.96416646,0.94677037,0.9548136,0.94783807,0.95035684,0.9582535,0.95813495,0.96110755,0.95896137,0.96385425,0.96451247,0.9511427,0.9548757,0.9549661,0.95434886,0.96382815,0.950802,0.9476277,0.9555796,0.9684541,0.9495123,0.96571153,0.9490327,0.96282095,0.968835,0.9576082,0.9536803,0.9479463,0.9644994,0.8313201,0.9623104,0.9287994,0.9584466,0.9731082,0.98945606,0.9449639,0.9664522,0.9516026,0.95659256,0.9589726,0.9565531,0.95576215,0.9635246,0.95342857,0.9605598,0.964194,0.96074194,0.9394931,0.9598437,0.9584076,0.9627366,0.94364554,0.9612363,0.9557882,0.96550614,0.93956155,0.9578018,0.9540208,0.97920775,0.96317285,0.9491097,0.9510929,0.9509286,0.95832765,0.9530977,0.9516097,0.96320486,0.9728745,0.96125185,0.9659802,0.94802755,0.95118195,0.94751114,0.96125484,0.9506322,0.9524301,0.96071607,0.95178115,0.97920775,0.9548873,0.9613674,0.96050054,0.9583254
47metersdown,0.9659843,0.9999995,0.95967567,0.9427984,0.9591078,0.9558105,0.9606638,0.9575267,0.97590965,0.94427246,0.961728,0.95360225,0.95292175,0.957373,0.9633085,0.96669936,0.9574986,0.95676345,0.9578462,0.95431584,0.9632834,0.94830495,0.9591545,0.95992833,0.9518162,0.86177176,0.9430305,0.96606153,0.9499224,0.9488553,0.9502315,0.9647328,0.95575863,0.94894373,0.9391451,0.92874634,0.96742785,0.9599795,0.95454025,0.95473766,0.9443753,0.9577444,0.9396307,0.9604798,0.9518464,0.9567604,0.9553083,0.95705897,0.944707,0.96301126,0.96300477,0.9676669,0.95448697,0.94799775,0.95285684,0.9558517,0.9450403,0.9628811,0.95641476,0.95262986,0.94170576,0.9576654,0.9478707,0.9552332,0.95773846,0.9583343,0.94469434,0.9621657,0.96362054,0.9440058,0.95682544,0.77341604,0.94431657,0.95567805,0.95372754,0.9442353,0.9136619,0.94897217,0.9494569,0.9560599,0.9539669,0.944646,0.9545261,0.95465755,0.95732874,0.94650644,0.9459191,0.95821846,0.94877356,0.9576506,0.9542759,0.95682544,0.96130615,0.95415974,0.9547877,0.95512176,0.95472175,0.95726013,0.95555824,0.9494124,0.9574313,0.96399164,0.9404041,0.9596747,0.9536791,0.9624632,0.9673942,0.9577553,0.9460892,0.95691293,0.9525675,0.8354247,0.96014136,0.9317712,0.95863736,0.9624736,0.9662433,0.95216304,0.9562004,0.95047975,0.9420494,0.96302575,0.9512892,0.9460108,0.96517444,0.9554726,0.95819503,0.96476054,0.95690775,0.9397171,0.96100545,0.95044804,0.9682687,0.9442763,0.96245676,0.9484994,0.96098006,0.94736874,0.95099443,0.9476268,0.97590965,0.9523724,0.9537411,0.940708,0.94721556,0.959762,0.94682074,0.94993985,0.9526414,0.9538821,0.9570421,0.9609605,0.94644845,0.9321804,0.9525402,0.95180196,0.94802004,0.94102895,0.96151894,0.95519346,0.97590965,0.95621777,0.96215,0.96109855,0.95574576
abeautifuldaymovie,0.96453655,0.95967567,1.0000004,0.94771665,0.96943015,0.95968586,0.9662209,0.9619163,0.98377526,0.9506595,0.95999724,0.96149033,0.95152974,0.9698653,0.96109617,0.9652908,0.9480977,0.9729464,0.9650112,0.95661974,0.9665244,0.96881586,0.96038795,0.96530557,0.9524681,0.8926038,0.95839524,0.9574442,0.97711396,0.9616845,0.9608166,0.95932233,0.9594587,0.96491325,0.94463104,0.94238144,0.9630863,0.9588248,0.9606378,0.957218,0.95746666,0.9626035,0.9453865,0.96630645,0.9564191,0.9616422,0.95808995,0.9634504,0.94790363,0.9666644,0.9780516,0.9631946,0.95958906,0.95956784,0.9555808,0.96518356,0.9579973,0.9679773,0.96002126,0.95955133,0.9488136,0.95916754,0.95800453,0.9652197,0.9595683,0.96052366,0.9501124,0.95715743,0.9572419,0.9527863,0.96546376,0.76662844,0.9525508,0.96198505,0.9631954,0.9500121,0.9305617,0.9579091,0.96322894,0.9604225,0.9544399,0.9534254,0.96645117,0.95840764,0.96520805,0.96121603,0.9577889,0.9655131,0.9540681,0.96958953,0.95922154,0.96546376,0.9662427,0.9601471,0.96842974,0.96058893,0.9570587,0.96310186,0.959522,0.9559003,0.9636263,0.965155,0.96841925,0.9685146,0.95114416,0.9777668,0.9738,0.9664828,0.96477467,0.9475562,0.9672757,0.856492,0.96797377,0.938022,0.96578074,0.9598283,0.96728665,0.9598213,0.9608757,0.95925426,0.9575102,0.9606395,0.9592717,0.9569773,0.96164435,0.9566822,0.96222264,0.96933943,0.9657935,0.9427598,0.9633395,0.95875275,0.95978844,0.9492176,0.9623782,0.9688893,0.9539474,0.9482322,0.95794016,0.95553994,0.98377526,0.97272897,0.9535773,0.9544134,0.9560545,0.95659614,0.9504615,0.9556159,0.9653937,0.96057683,0.96770066,0.97995996,0.96426374,0.9418502,0.9604328,0.9632601,0.9516251,0.9564426,0.96058375,0.96258193,0.98377526,0.96252966,0.96779716,0.96642965,0.9666602
abominablemovie,0.95009154,0.9427984,0.94771665,0.9999998,0.94693226,0.94689673,0.94467074,0.9457475,0.96629184,0.9347805,0.9342128,0.93357337,0.9485238,0.94334185,0.9346411,0.9363307,0.9456058,0.94690955,0.9480946,0.9215121,0.94885725,0.9425669,0.9510735,0.9530287,0.9480153,0.8780608,0.94185954,0.9430343,0.94563615,0.94103056,0.93650955,0.95328337,0.9443207,0.9325608,0.9342865,0.9253819,0.94986796,0.94483525,0.9471707,0.93641025,0.93101305,0.9463331,0.9330911,0.94816774,0.9396109,0.94606847,0.94516295,0.95093,0.9365005,0.95199716,0.945663,0.9554137,0.946126,0.9316101,0.9423262,0.9405305,0.9417175,0.94958305,0.9448533,0.9375506,0.92679024,0.95783085,0.94579303,0.9474157,0.94558185,0.9433608,0.9284038,0.9444277,0.9408615,0.92807424,0.9472475,0.76506674,0.9320379,0.9475035,0.95062804,0.9321416,0.9174335,0.94253355,0.94917107,0.9448296,0.9326898,0.9487758,0.9411186,0.940167,0.9536997,0.9426127,0.9467991,0.9494355,0.9471838,0.95614094,0.9408202,0.9472475,0.9485074,0.94630104,0.9319987,0.9409647,0.94033027,0.93279904,0.93832326,0.9281885,0.9495848,0.95249295,0.9344794,0.94493115,0.9290035,0.9423789,0.9563932,0.9463803,0.93431306,0.94033176,0.95282066,0.84463793,0.94890815,0.9341352,0.94960904,0.9384226,0.95231843,0.93870956,0.9427427,0.93163896,0.9463778,0.9414023,0.9493669,0.94486076,0.9426985,0.93609655,0.9474139,0.9477421,0.94717765,0.93686616,0.94931734,0.94472677,0.94858325,0.94020146,0.94388855,0.94962937,0.9395802,0.94205767,0.9392843,0.94326437,0.96629184,0.9455261,0.94429505,0.94223607,0.93407315,0.94992995,0.9333129,0.94986695,0.94709754,0.9433155,0.94441146,0.95152634,0.9324941,0.9215085,0.9380066,0.93951595,0.9355985,0.9335534,0.9480985,0.9400592,0.96629184,0.94586706,0.95495015,0.94618666,0.9377025
adastramovie,0.9563283,0.9591078,0.96943015,0.94693226,0.9999993,0.95450246,0.96257275,0.9585297,0.9789762,0.9589402,0.9577357,0.95394975,0.9534976,0.9605618,0.9585009,0.962629,0.9556802,0.97186965,0.9590228,0.9508799,0.9620089,0.951347,0.9655603,0.96091235,0.9589973,0.88426846,0.9630467,0.95964265,0.9590187,0.9499339,0.9589581,0.9553314,0.9566092,0.95655376,0.938405,0.9371403,0.9685523,0.9490203,0.9586864,0.95186836,0.9519041,0.9562203,0.9411093,0.95773685,0.9531406,0.955368,0.9652411,0.95689636,0.9381127,0.9598729,0.96801496,0.9645638,0.96519685,0.94891,0.95548195,0.97223186,0.9588272,0.96173394,0.9518914,0.9508944,0.9401727,0.95926374,0.95140594,0.95788604,0.9539269,0.9564995,0.9500117,0.96102077,0.9633697,0.94833916,0.95692277,0.77968067,0.9420342,0.95941496,0.9568203,0.93832135,0.9198503,0.9527144,0.95896375,0.9593083,0.94911283,0.94810116,0.9639528,0.95265746,0.96216047,0.95358384,0.9541937,0.9662289,0.95016277,0.9578644,0.95091563,0.95692277,0.95945305,0.9606064,0.96195143,0.95997757,0.9539563,0.9515807,0.95866776,0.9544578,0.96640545,0.9621944,0.9534661,0.96179646,0.9524002,0.96787924,0.96666723,0.9630193,0.95397466,0.94670767,0.9646608,0.8503555,0.9662261,0.9356915,0.9586521,0.9576776,0.9583988,0.961775,0.95434254,0.9572706,0.948532,0.95897204,0.9654374,0.9580479,0.9634465,0.95110667,0.96129704,0.96748966,0.97071445,0.93763834,0.9575791,0.9619494,0.96267176,0.94604087,0.9616958,0.95583254,0.95695305,0.94516605,0.95153856,0.94733256,0.9789762,0.95662284,0.94992626,0.9483722,0.94898295,0.9596285,0.9466743,0.9504695,0.95541304,0.95518166,0.96167326,0.9632551,0.9495502,0.9390343,0.953726,0.953486,0.9583761,0.9437254,0.9632532,0.9575267,0.9789762,0.96133214,0.95817983,0.9677173,0.95812494
adogsjourneymovie,0.9563228,0.9558105,0.95968586,0.94689673,0.95450246,1.0000002,0.95938045,0.9603124,0.9747283,0.94230276,0.95201206,0.95819765,0.9533963,0.9622029,0.9547773,0.9622807,0.95506173,0.9511141,0.9551562,0.945713,0.95318425,0.95381224,0.9669515,0.9558247,0.9630061,0.8882368,0.9456546,0.95612705,0.9553671,0.95572764,0.9518572,0.958745,0.9580245,0.95153433,0.9322249,0.94270855,0.95683604,0.9506913,0.9517409,0.94415414,0.956914,0.9602563,0.9486924,0.96067995,0.9481608,0.95062464,0.9633017,0.94978905,0.935991,0.9621528,0.96026325,0.9566003,0.9633999,0.9470511,0.95921695,0.95212823,0.96554136,0.9638033,0.9476757,0.9535231,0.93853515,0.96102136,0.94934803,0.96021724,0.9498894,0.95890665,0.9503785,0.95505804,0.9547077,0.93995136,0.9549036,0.77215654,0.95521504,0.9527089,0.957742,0.9446838,0.9197058,0.9497855,0.954096,0.95790064,0.9512721,0.9537595,0.9598427,0.961904,0.9585851,0.9536183,0.94841963,0.9545008,0.9450618,0.9554312,0.9566215,0.9549036,0.9648433,0.9550478,0.9487449,0.9482917,0.953051,0.9535171,0.9396044,0.9565826,0.95827574,0.9579303,0.94995356,0.95368487,0.94722766,0.9594669,0.9600663,0.95995003,0.94982165,0.94458926,0.9585693,0.8610555,0.9597856,0.9384816,0.9596793,0.9537348,0.9547768,0.9574421,0.9557702,0.95084053,0.9525248,0.9541406,0.95813495,0.9758005,0.95452285,0.95267385,0.96224993,0.9631458,0.9508981,0.9444463,0.94858515,0.94189423,0.9642634,0.96047705,0.955962,0.9571841,0.9438519,0.94239885,0.9503432,0.93969476,0.9747283,0.9554249,0.9553825,0.9509019,0.9497334,0.94984293,0.9400904,0.9457657,0.9566996,0.9521642,0.9536744,0.96446484,0.9471643,0.9389176,0.9473167,0.9453074,0.9620626,0.94101167,0.95901465,0.9554949,0.9747283,0.9539376,0.95751625,0.9679856,0.9574662
aftermathmovie,0.9623275,0.9606638,0.9662209,0.94467074,0.96257275,0.95938045,0.9999998,0.95692295,0.98034227,0.9472942,0.9519985,0.9530241,0.9535023,0.9709338,0.9635007,0.95529765,0.96112984,0.95734966,0.95702994,0.9587028,0.96397626,0.9568953,0.95890737,0.9600181,0.9565646,0.8842523,0.9445787,0.96094537,0.95897186,0.9570249,0.9549037,0.9661906,0.9589173,0.9537393,0.9399433,0.9440952,0.968275,0.95930403,0.96058774,0.95829433,0.954309,0.9608534,0.93878454,0.95613533,0.9532945,0.9569126,0.95623136,0.95788777,0.94699895,0.9589579,0.9604715,0.96998674,0.9600683,0.95510924,0.9602763,0.9595838,0.94825166,0.9631367,0.96037877,0.9530734,0.9422647,0.95560676,0.95019317,0.97010887,0.95324963,0.96439785,0.95230603,0.96498877,0.96000606,0.94649196,0.96304506,0.7850803,0.9429651,0.96139866,0.9551737,0.9528948,0.9208802,0.9509025,0.95742726,0.9606637,0.94912523,0.9632886,0.9645201,0.95916545,0.9606107,0.952105,0.9530568,0.964375,0.94985753,0.95934236,0.9529021,0.96304506,0.9614717,0.9663034,0.9538433,0.9525343,0.9557694,0.9623786,0.9744147,0.9503335,0.9650026,0.9634484,0.96014595,0.96322685,0.9564048,0.9603329,0.96848094,0.9636102,0.9455997,0.9582251,0.9615222,0.8426213,0.95985234,0.939626,0.9588685,0.95653373,0.96391493,0.95145965,0.96079695,0.98871374,0.95499146,0.95713943,0.9621259,0.9613929,0.95765686,0.9624381,0.958193,0.9626499,0.9635883,0.93607855,0.966344,0.95188916,0.97111887,0.9513488,0.9570617,0.9566796,0.95004797,0.9476437,0.9590427,0.95439875,0.98034227,0.95817953,0.9507399,0.95438665,0.9568841,0.95940983,0.9435446,0.94915986,0.96287507,0.95043695,0.98138577,0.9615236,0.95597917,0.93066,0.9531301,0.9556485,0.9578816,0.94829184,0.95751554,0.95362765,0.98034227,0.9615707,0.9619106,0.96586937,0.95344603
aftermovie,0.9641816,0.9575267,0.9619163,0.9457475,0.9585297,0.9603124,0.95692295,1.0,0.9801265,0.9518941,0.96400297,0.95723695,0.9565982,0.9658431,0.96327615,0.9652537,0.9628055,0.96343327,0.9669045,0.95240945,0.96110743,0.9511255,0.96265197,0.9541605,0.9581512,0.8867273,0.9522229,0.9575508,0.9589254,0.9476902,0.9614991,0.956923,0.96010506,0.9558227,0.9381003,0.9453627,0.96168673,0.95763105,0.9615829,0.9558643,0.9577288,0.9623092,0.94819796,0.9646331,0.96059036,0.96069866,0.95927227,0.96164465,0.9434399,0.96654564,0.96742404,0.9636364,0.9661779,0.96085817,0.9620335,0.9583847,0.9605334,0.96157545,0.9534652,0.95804214,0.94738364,0.96031064,0.9462064,0.96451926,0.954487,0.95680803,0.95702595,0.9560977,0.96383,0.9495917,0.9632048,0.77168435,0.9439805,0.96062374,0.9592078,0.95064783,0.920026,0.95964724,0.95988375,0.959654,0.96125704,0.9517559,0.9682374,0.9584458,0.9665225,0.96269894,0.95668805,0.96158695,0.9612243,0.9609801,0.9529534,0.9632048,0.95844287,0.95804846,0.9507386,0.96009344,0.96231216,0.9595619,0.95179236,0.9578151,0.9590701,0.96077555,0.9516497,0.95913464,0.9508012,0.968068,0.9697884,0.9686772,0.9480241,0.94742686,0.9627002,0.8729646,0.95833486,0.9330008,0.96047705,0.9630693,0.9632207,0.94881403,0.96540165,0.95351607,0.9596876,0.9494618,0.9540228,0.9584418,0.9648879,0.95688033,0.96000284,0.9663016,0.96728575,0.94540334,0.95634097,0.95814335,0.96346325,0.9566587,0.95230174,0.9559901,0.95191777,0.9462255,0.96140134,0.9544257,0.9801265,0.9595317,0.9583595,0.95647377,0.95883065,0.96109295,0.95181686,0.95229226,0.9649517,0.95893055,0.9565681,0.96752506,0.94848734,0.9355772,0.9565977,0.95577306,0.95746285,0.9520814,0.96352273,0.9479924,0.9801265,0.9498785,0.96022695,0.96178067,0.96348554
ahiddenlifefilm,0.97920775,0.97590965,0.98377526,0.96629184,0.9789762,0.9747283,0.98034227,0.9801265,0.9999995,0.9687889,0.97430104,0.97389174,0.97178406,0.982751,0.9783171,0.9769092,0.97320235,0.9797045,0.97819436,0.9715649,0.97940826,0.97646236,0.9778669,0.97790855,0.973785,0.90162206,0.9703705,0.97384924,0.9769287,0.97184485,0.973581,0.97968537,0.9758465,0.97075945,0.95511883,0.9609002,0.9794582,0.97453356,0.97933143,0.9735633,0.97172016,0.97826165,0.9616783,0.9785701,0.97150177,0.97802883,0.9738573,0.97865796,0.96616447,0.980519,0.9823818,0.9830158,0.9762535,0.97143835,0.9747553,0.9783794,0.9730485,0.983171,0.9767556,0.9732542,0.962449,0.97881615,0.9711228,0.9825011,0.9719492,0.9781822,0.96533096,0.9755152,0.97430944,0.9690461,0.9819483,0.78251004,0.96418947,0.97813755,0.9719882,0.9671843,0.9401405,0.97463876,0.9783578,0.9768879,0.9736014,0.96820724,0.97971714,0.9726528,0.979918,0.9750313,0.97667825,0.98128206,0.9731154,0.9815647,0.97347385,0.9819483,0.97840345,0.9749165,0.97030807,0.9762468,0.9759766,0.97645944,0.9716429,0.9701322,0.9789967,0.9812366,0.9738131,0.97978324,0.97047424,0.9826563,0.9853664,0.9809303,0.96532696,0.9675154,0.98151946,0.8704225,0.98135364,0.9533113,0.9802508,0.9756477,0.98147315,0.9704125,0.98048973,0.9747583,0.96978784,0.97727865,0.9757597,0.97494584,0.98045015,0.9743043,0.9779595,0.98041654,0.9822012,0.95740783,0.97748953,0.9738363,0.9805793,0.9691508,0.9780057,0.97671103,0.97101575,0.96626604,0.97558385,0.97365856,0.9999995,0.97963035,0.973799,0.9722923,0.9722997,0.975995,0.970202,0.9702202,0.9805861,0.9725192,0.97854483,0.98400354,0.9709766,0.95348,0.97692925,0.9744458,0.97269875,0.9679839,0.9760075,0.9741092,0.9999995,0.97593457,0.9820518,0.9806729,0.9756701
alitamovie,0.9479696,0.94427246,0.9506595,0.9347805,0.9589402,0.94230276,0.9472942,0.9518941,0.9687889,0.99999976,0.9493045,0.94579935,0.95510143,0.9556292,0.95175034,0.94759804,0.94755995,0.9551291,0.9588784,0.94283223,0.94760805,0.9436712,0.9488549,0.93739927,0.94987047,0.88753295,0.9484163,0.9504166,0.94545627,0.93681616,0.9519427,0.9505148,0.94447035,0.9346558,0.9358019,0.9323379,0.95083594,0.94336677,0.9533413,0.9413253,0.94241357,0.9449077,0.93698347,0.94409937,0.93972886,0.9492392,0.95191324,0.9464577,0.93732584,0.9463498,0.9488981,0.9535119,0.95424175,0.9440935,0.94154745,0.9589174,0.9437262,0.9599304,0.945,0.9503186,0.9399512,0.947924,0.9408111,0.9591991,0.94590765,0.9552862,0.93181854,0.94890636,0.9526589,0.9455677,0.95579594,0.76750594,0.9362659,0.94437885,0.9364639,0.9314076,0.9077875,0.9432581,0.9384439,0.9436832,0.94862574,0.94705635,0.95853126,0.9459576,0.9603452,0.949791,0.9625267,0.9606748,0.95461476,0.95295393,0.9501918,0.95579594,0.94160277,0.9526627,0.9441596,0.9565683,0.9599309,0.9456287,0.9464679,0.9430296,0.9535642,0.9531111,0.9398841,0.9541894,0.9615739,0.9495798,0.9552473,0.95737517,0.93121165,0.9388275,0.9547528,0.8711522,0.9536198,0.9280081,0.94983727,0.95824295,0.9491967,0.9417974,0.9534913,0.94131964,0.9501012,0.9528075,0.94415826,0.9403649,0.94796854,0.951071,0.9588354,0.9532898,0.9601694,0.9442339,0.9451426,0.9576397,0.94941527,0.94720614,0.9597435,0.9396567,0.9402689,0.94390535,0.95027316,0.9449994,0.9687889,0.94244504,0.95059055,0.9534505,0.9497392,0.9487565,0.93782055,0.9467607,0.95754516,0.9440491,0.94817483,0.9552349,0.939604,0.93679494,0.94810814,0.94524705,0.94258106,0.9402323,0.953067,0.9526221,0.9687889,0.96204555,0.9496909,0.9504661,0.94291884
angelhasfallen,0.955486,0.961728,0.95999724,0.9342128,0.9577357,0.95201206,0.9519985,0.96400297,0.97430104,0.9493045,0.99999994,0.9416856,0.95257956,0.96085507,0.95535237,0.9643404,0.9512211,0.9622472,0.9488118,0.9499947,0.95018536,0.948859,0.95619744,0.94843036,0.95139027,0.88258183,0.9430092,0.9529391,0.9478883,0.9392609,0.9488785,0.95164186,0.9525663,0.9410059,0.9276773,0.9364997,0.94837856,0.9601863,0.95653963,0.95245063,0.9489707,0.9522862,0.93800426,0.9585505,0.94191664,0.9541448,0.9541965,0.94956434,0.9409375,0.9584357,0.95939386,0.95839846,0.947948,0.946134,0.95135695,0.9587292,0.94597703,0.9571343,0.95020056,0.95524895,0.9414114,0.9529676,0.9437566,0.9566991,0.95364296,0.9585698,0.92711955,0.9509329,0.96956784,0.94300866,0.9565806,0.75839883,0.9423493,0.950398,0.95268744,0.94195276,0.9236888,0.9457203,0.948004,0.9465383,0.9688505,0.94249326,0.95318305,0.9537295,0.9543411,0.9450477,0.9641918,0.95704794,0.9474999,0.95407236,0.95440114,0.9565806,0.9562698,0.95128775,0.9368579,0.95892197,0.95808864,0.9527851,0.9420173,0.9448413,0.95184267,0.9542205,0.9516467,0.9545827,0.9442888,0.9612802,0.9613897,0.9629331,0.94241536,0.9449589,0.9520596,0.8637051,0.9569915,0.931713,0.95771855,0.9647805,0.9600043,0.95433486,0.9575244,0.9497777,0.94004434,0.9539006,0.9444889,0.9509423,0.9569576,0.9456179,0.95523375,0.9585304,0.958645,0.92659557,0.9531677,0.95338774,0.9524577,0.94155765,0.95584863,0.9479393,0.94926846,0.9463949,0.94997466,0.9523207,0.97430104,0.95215875,0.95911735,0.94847167,0.9478271,0.9521915,0.9481423,0.9414665,0.95179784,0.9552988,0.9545449,0.959897,0.9402284,0.9314601,0.9583892,0.9470135,0.9441341,0.93749666,0.9658692,0.95530236,0.97430104,0.9467965,0.9593271,0.9580795,0.955675
angrybirdsmovie,0.95823765,0.95360225,0.96149033,0.93357337,0.95394975,0.95819765,0.9530241,0.95723695,0.97389174,0.94579935,0.9416856,0.99999994,0.9452931,0.9621284,0.95343274,0.95148075,0.94456095,0.94969255,0.95458627,0.9480279,0.95969886,0.9527486,0.9606304,0.96241313,0.94853145,0.8775699,0.94512826,0.94695175,0.9544216,0.95569146,0.95158535,0.9537994,0.95602804,0.9601457,0.93804735,0.94440496,0.96089333,0.95133644,0.95426303,0.954279,0.9483892,0.95884573,0.9464319,0.95534116,0.9480897,0.9530875,0.9599834,0.96380496,0.93173987,0.95923954,0.96506995,0.9536794,0.9603021,0.9547185,0.947633,0.9497045,0.95803934,0.9613271,0.95178515,0.9425608,0.93955934,0.9501987,0.9521179,0.9616699,0.9442029,0.9540749,0.95310366,0.9454603,0.94590265,0.94727826,0.9589448,0.7875845,0.9415418,0.95080453,0.9437415,0.9358521,0.91126716,0.946487,0.9523903,0.9554604,0.9535934,0.9445874,0.9624852,0.9478078,0.95967734,0.9521741,0.94947284,0.9588412,0.9462902,0.95866054,0.944824,0.9589448,0.95209575,0.9481513,0.9594646,0.95357263,0.9520433,0.96038043,0.95088285,0.95024985,0.95856005,0.95882756,0.94672126,0.95947516,0.9425259,0.96470886,0.9606461,0.9515919,0.9530921,0.94916743,0.9628385,0.84825546,0.9519219,0.9311207,0.9482263,0.9532367,0.9612589,0.9457548,0.9562645,0.9430522,0.9442479,0.95090747,0.9484992,0.9573998,0.96099496,0.9564682,0.95140415,0.9626327,0.95615745,0.9416281,0.9546268,0.94686157,0.9577014,0.9426946,0.95352954,0.95604676,0.94508994,0.92984045,0.9596776,0.9440262,0.97389174,0.9555798,0.9451451,0.94911337,0.95589286,0.9493441,0.9509602,0.95262676,0.9567735,0.94540465,0.9501215,0.9637971,0.94413954,0.94178826,0.94761735,0.95124733,0.95514125,0.953051,0.9366588,0.9460157,0.97389174,0.9593134,0.9567295,0.95979244,0.9555242
annabellemovie,0.9507114,0.95292175,0.95152974,0.9485238,0.9534976,0.9533963,0.9535023,0.9565982,0.97178406,0.95510143,0.95257956,0.9452931,1.0000004,0.9624476,0.94573736,0.9464672,0.9593396,0.9519736,0.9543972,0.94728535,0.9552465,0.94877416,0.95307314,0.9442741,0.9529448,0.87798333,0.9401424,0.95581007,0.9474162,0.9434772,0.9501496,0.957996,0.9578818,0.93999165,0.9361764,0.93401843,0.96080583,0.9554966,0.94810164,0.94395167,0.9453329,0.9559967,0.94332993,0.9560755,0.9404527,0.9595212,0.9545644,0.9472501,0.9422603,0.9613482,0.95108634,0.9546157,0.95879555,0.93951404,0.9501259,0.9523997,0.94363105,0.9599053,0.946226,0.9432372,0.9608486,0.9473732,0.9363818,0.9655821,0.9372218,0.9532349,0.94521606,0.9490247,0.95811826,0.9353113,0.9506909,0.79968303,0.9389008,0.9534024,0.9455304,0.9375435,0.9221181,0.95467204,0.94983685,0.94521123,0.9470082,0.95724064,0.9613863,0.9525366,0.9693032,0.9561696,0.95934063,0.9711648,0.9525854,0.9532526,0.9512509,0.9506909,0.95133626,0.9537363,0.9440021,0.9477551,0.9637957,0.9548941,0.94946367,0.93992835,0.95667654,0.9551311,0.9412667,0.9483355,0.94790375,0.9506223,0.96125174,0.9621437,0.92508376,0.9461822,0.94657713,0.8543138,0.95528924,0.94080275,0.9602892,0.95887536,0.95074713,0.94611657,0.95476687,0.94431925,0.96255493,0.9559522,0.95168024,0.95337754,0.95862246,0.9469639,0.9657339,0.95640945,0.95342165,0.9507981,0.95629245,0.9469279,0.95650196,0.9516842,0.95455706,0.9474469,0.9378497,0.94225097,0.9451584,0.9437111,0.97178406,0.9521761,0.9580529,0.9532639,0.9517878,0.95309573,0.94538915,0.9530372,0.9573482,0.9406079,0.95076877,0.9577725,0.93430173,0.93727946,0.9441216,0.94032526,0.9470904,0.93353295,0.95319754,0.953437,0.97178406,0.956803,0.96058357,0.9531371,0.9470284
annamovie,0.96144944,0.957373,0.9698653,0.94334185,0.9605618,0.9622029,0.9709338,0.9658431,0.982751,0.9556292,0.96085507,0.9621284,0.9624476,1.0000001,0.9638508,0.96109295,0.95448357,0.9633253,0.95793116,0.96018213,0.9626877,0.9596748,0.9589309,0.95378524,0.9602617,0.89276755,0.95653206,0.9550607,0.95806146,0.95783675,0.9591761,0.9635044,0.9633878,0.95236784,0.9396909,0.94970614,0.96547186,0.96077836,0.9603049,0.9568682,0.9626143,0.9658718,0.9455741,0.95964295,0.956176,0.9599372,0.95664907,0.96727276,0.94757736,0.96420455,0.96072364,0.96069145,0.9570909,0.9658161,0.9597192,0.96314394,0.95590484,0.9654665,0.9632272,0.9589236,0.95523375,0.9604532,0.95361835,0.9835266,0.95477945,0.9613445,0.94391936,0.95154965,0.9640137,0.94767946,0.96347433,0.7811562,0.9452952,0.9627513,0.95165116,0.9483862,0.9277553,0.9530042,0.95958805,0.9612809,0.96107435,0.9505931,0.9699163,0.96042645,0.9630749,0.96127874,0.96138316,0.96418476,0.9568565,0.9632328,0.9601178,0.96347433,0.9582813,0.96289,0.95193636,0.9598834,0.9617695,0.96536094,0.96160597,0.95281947,0.96218985,0.9653438,0.9610087,0.96320015,0.96697277,0.9656257,0.97234344,0.9662281,0.94872975,0.95042884,0.968069,0.86261255,0.96232057,0.9379367,0.9619756,0.9639067,0.9668503,0.949142,0.96606284,0.9660023,0.962352,0.9600926,0.9614914,0.96892285,0.9632192,0.9597685,0.9571924,0.9620178,0.96378607,0.9392418,0.9646193,0.9502142,0.96404225,0.9481805,0.9572203,0.9608159,0.9497396,0.9499253,0.9582136,0.9549175,0.982751,0.96214455,0.95630515,0.9635003,0.96317613,0.9588546,0.9562222,0.9520394,0.97084445,0.956735,0.9697465,0.966747,0.9512384,0.9363907,0.96154875,0.95327556,0.9546303,0.9517311,0.95868677,0.9611067,0.982751,0.960745,0.963025,0.9637339,0.95502883
apollo11movie,0.95843506,0.9633085,0.96109617,0.9346411,0.9585009,0.9547773,0.9635007,0.96327615,0.9783171,0.95175034,0.95535237,0.95343274,0.94573736,0.9638508,1.0000004,0.95642114,0.957918,0.9604125,0.96295995,0.9713328,0.96289366,0.9566721,0.9568809,0.9462656,0.9563354,0.8872992,0.9443534,0.9580879,0.9494544,0.9513217,0.9642592,0.9609131,0.9478103,0.94598645,0.9316167,0.93630373,0.9611551,0.9517952,0.9530191,0.9553435,0.9489477,0.9561473,0.9433543,0.9597926,0.95456034,0.95387155,0.9533111,0.9548464,0.9486198,0.95845985,0.95736617,0.96611273,0.9562072,0.95383567,0.9510377,0.9555299,0.95464104,0.96373034,0.9526509,0.95566857,0.9410063,0.95650655,0.94410676,0.96133024,0.95499533,0.95860994,0.9433605,0.9638479,0.95801467,0.95279276,0.96275705,0.7513959,0.94190997,0.95705074,0.95442677,0.9438508,0.92067033,0.95142734,0.95485616,0.95806676,0.95322865,0.94861716,0.9634126,0.9582332,0.95500344,0.9511626,0.95513356,0.95970106,0.9522914,0.9585612,0.95342785,0.96275705,0.9606527,0.9531921,0.949728,0.97482574,0.9542236,0.9566482,0.95209235,0.95460844,0.95717585,0.9607798,0.95418274,0.9585308,0.9564165,0.9588095,0.96672755,0.9628227,0.94210494,0.94884855,0.96002734,0.8539825,0.96602285,0.93377995,0.9619899,0.9567021,0.9604584,0.94680417,0.9590084,0.96106195,0.9453735,0.96116114,0.9536957,0.9522735,0.9575812,0.96751463,0.95764536,0.9618234,0.9613833,0.9374149,0.96094185,0.954334,0.96580404,0.9507688,0.95832604,0.95171577,0.9572937,0.9470706,0.9565777,0.950843,0.9783171,0.9599111,0.9543111,0.950647,0.9455563,0.95453227,0.9453285,0.9509006,0.9636394,0.9535123,0.9587952,0.96250564,0.9495592,0.93392766,0.9617193,0.94988525,0.95225036,0.94886374,0.9530037,0.95968163,0.9783171,0.9541128,0.9625062,0.96267194,0.95049393
arcticdogsmovie,0.96425116,0.96669936,0.9652908,0.9363307,0.962629,0.9622807,0.95529765,0.9652537,0.9769092,0.94759804,0.9643404,0.95148075,0.9464672,0.96109295,0.95642114,1.0000005,0.9565905,0.9638278,0.9658753,0.9498096,0.95617443,0.9522095,0.96324116,0.95791274,0.9555866,0.8846669,0.9476821,0.9543093,0.9540818,0.95125127,0.95727766,0.95798236,0.95822823,0.9515487,0.93536633,0.9339947,0.95441985,0.9513173,0.960412,0.95201015,0.9573036,0.96139675,0.9341013,0.95973873,0.9542209,0.95945656,0.9600323,0.9542424,0.9404728,0.9621476,0.96345204,0.96362936,0.95743793,0.9511917,0.95032287,0.95976555,0.95769644,0.95828706,0.95392025,0.95962465,0.94167715,0.954882,0.95681155,0.9578977,0.9590478,0.9560678,0.9463706,0.9596003,0.96198785,0.945887,0.95904833,0.7702825,0.9466878,0.95587575,0.949881,0.94831306,0.9200329,0.9497438,0.95380884,0.9577616,0.9543762,0.9428963,0.95734704,0.9568625,0.95445603,0.95382583,0.95670426,0.96049494,0.9497326,0.9596296,0.95353353,0.95904833,0.9585157,0.9520612,0.95009416,0.95264643,0.9587214,0.95290655,0.95144415,0.95437205,0.95514154,0.9628953,0.94838625,0.96550304,0.9524553,0.96387434,0.96438426,0.96667385,0.9625342,0.9517244,0.96169806,0.86042285,0.95808154,0.9273061,0.95548004,0.96308404,0.96289486,0.95671815,0.9569322,0.9490098,0.9445397,0.9558056,0.9501307,0.9548941,0.96180147,0.9517827,0.96128005,0.96753573,0.95987225,0.93287826,0.94767135,0.9573473,0.96279234,0.9443965,0.9558096,0.95791703,0.95716,0.94767857,0.9556049,0.943418,0.9769092,0.9577065,0.9529604,0.94652283,0.95085436,0.96121144,0.955158,0.948746,0.95336246,0.95863545,0.95975363,0.9617386,0.9423678,0.9350244,0.9518271,0.95688087,0.95154727,0.94657093,0.96105057,0.95208293,0.9769092,0.952502,0.9616735,0.9611944,0.952891
arcticmovie,0.9571075,0.9574986,0.9480977,0.9456058,0.9556802,0.95506173,0.96112984,0.9628055,0.97320235,0.94755995,0.9512211,0.94456095,0.9593396,0.95448357,0.957918,0.9565905,0.99999976,0.94837886,0.9626701,0.94973,0.9537193,0.94930923,0.959119,0.95036423,0.9555595,0.8810061,0.95064896,0.97248524,0.9478483,0.9473726,0.96123296,0.96065897,0.95285714,0.938394,0.92659116,0.9341408,0.95688605,0.9480349,0.949355,0.9447683,0.9560829,0.9583856,0.93941754,0.9595478,0.9538091,0.960259,0.9565944,0.94659907,0.9427166,0.9619869,0.95098346,0.9617664,0.95414823,0.93439025,0.9500644,0.9532495,0.9448919,0.9525223,0.9508706,0.9493127,0.94435555,0.9541432,0.94408447,0.9572802,0.9508423,0.95690304,0.94532704,0.9561181,0.96460253,0.9448592,0.9588213,0.7815396,0.93671286,0.95485705,0.95056856,0.94593596,0.921951,0.9480416,0.94848895,0.95945925,0.952742,0.94895965,0.95681614,0.95328116,0.9513072,0.9523932,0.94703346,0.95822316,0.95645165,0.95317554,0.95641905,0.9588213,0.95470864,0.9590468,0.94147736,0.9501828,0.9609934,0.951779,0.952146,0.95155203,0.9555549,0.95824987,0.9446815,0.95566297,0.9477084,0.9472883,0.962322,0.9538754,0.93938833,0.95267105,0.9606406,0.85387695,0.95526046,0.9332606,0.95379937,0.95003265,0.95193577,0.94911623,0.9621383,0.95616925,0.9472537,0.9519681,0.9515276,0.9485977,0.9658268,0.95963204,0.9575359,0.9583091,0.95682657,0.9452878,0.95778,0.9510578,0.97850305,0.9555038,0.94922733,0.9540088,0.9476473,0.9401041,0.95195633,0.9475213,0.97320235,0.9531621,0.952379,0.9488842,0.94067484,0.9524709,0.9428957,0.9479731,0.9530303,0.9452081,0.9521191,0.95434844,0.9390866,0.92986417,0.9482259,0.9475216,0.94800055,0.94346046,0.9579222,0.9465402,0.97320235,0.9570618,0.9623603,0.9553121,0.94910485
artofracingmovie,0.9632598,0.95676345,0.9729464,0.94690955,0.97186965,0.9511141,0.95734966,0.96343327,0.9797045,0.9551291,0.9622472,0.94969255,0.9519736,0.9633253,0.9604125,0.9638278,0.94837886,0.99999994,0.9584678,0.95536005,0.96092194,0.9655225,0.95718545,0.9588892,0.94697493,0.884824,0.95605564,0.9513987,0.96375155,0.95197076,0.95260334,0.95783883,0.9513763,0.94808376,0.938143,0.9276823,0.9572872,0.95270276,0.96206725,0.9530747,0.9498099,0.9574338,0.94722146,0.96808076,0.95550454,0.9615411,0.9557336,0.95510787,0.9410927,0.9684969,0.9684253,0.9603306,0.9600539,0.95836306,0.95537984,0.9675563,0.9542936,0.9598383,0.95613545,0.9563444,0.94118565,0.959114,0.95423186,0.96361464,0.9532653,0.9482921,0.9380153,0.95739853,0.9648837,0.93907434,0.9594057,0.75456667,0.9415939,0.9611724,0.95707715,0.94495845,0.92124665,0.9585925,0.95865524,0.9506188,0.9586196,0.9483017,0.96469,0.95137846,0.9594555,0.95386964,0.96200913,0.9611616,0.95073336,0.95835125,0.95809144,0.9594057,0.9606118,0.950637,0.9555626,0.95926577,0.95366204,0.9516179,0.95023316,0.94584686,0.96012425,0.9657278,0.95838803,0.96302277,0.9552497,0.97049254,0.9660099,0.9654453,0.9544949,0.947376,0.965393,0.8395275,0.9620411,0.92340875,0.9600441,0.9628039,0.9649378,0.95295966,0.96456724,0.9541873,0.9555852,0.9529101,0.9640974,0.95746684,0.9580631,0.9501976,0.95569164,0.96761423,0.9621933,0.9379668,0.96108145,0.9649393,0.9560175,0.944516,0.95908046,0.95880055,0.94979125,0.9454752,0.95178497,0.9616588,0.9797045,0.9644241,0.95307916,0.95314324,0.9552172,0.95068175,0.94567645,0.950756,0.96024805,0.9535976,0.9605718,0.96956754,0.9504331,0.93275476,0.9525104,0.9537859,0.94918185,0.94615054,0.9582009,0.9532716,0.9797045,0.9567706,0.95870435,0.960136,0.96315813
avengers,0.97416174,0.9578462,0.9650112,0.9480946,0.9590228,0.9551562,0.95702994,0.9669045,0.97819436,0.9588784,0.9488118,0.95458627,0.9543972,0.95793116,0.96295995,0.9658753,0.9626701,0.9584678,0.9999999,0.9570317,0.957079,0.9543312,0.95664316,0.95504755,0.95481175,0.88914293,0.95332927,0.95895886,0.95269465,0.954045,0.97167486,0.9609934,0.9560214,0.94908476,0.94396055,0.9340652,0.9585928,0.9519525,0.95793915,0.95053136,0.9523455,0.9586861,0.93943244,0.9603159,0.95535976,0.9613796,0.95440453,0.95415604,0.9401248,0.96130484,0.95838827,0.9622942,0.95195997,0.94955003,0.9506683,0.9571332,0.9559377,0.9665549,0.95168936,0.96402425,0.9469206,0.9592386,0.9511821,0.95687354,0.9574499,0.96469665,0.946453,0.962629,0.95870537,0.9570156,0.9659179,0.7764457,0.9409893,0.9626899,0.9536024,0.945833,0.9241711,0.95438766,0.9603913,0.95416933,0.95528346,0.9507167,0.95830786,0.9598234,0.95949405,0.9524319,0.95200694,0.961782,0.959258,0.96627915,0.95995015,0.9659179,0.9584305,0.95290446,0.9543022,0.95988023,0.95547074,0.95831066,0.9506742,0.9540276,0.9575333,0.9652603,0.94186085,0.965536,0.95682865,0.9566595,0.9682589,0.96255124,0.9508085,0.9524469,0.9661487,0.8618454,0.96297973,0.93534565,0.958151,0.9621935,0.96358204,0.9541745,0.9596325,0.94719595,0.95314616,0.95511514,0.9498796,0.9503354,0.96360177,0.9589959,0.9676504,0.96577036,0.9614094,0.94688994,0.95849365,0.95624745,0.9599871,0.9520026,0.95739716,0.9575347,0.95835775,0.94306445,0.96162665,0.9501038,0.97819436,0.96000516,0.9558664,0.95464647,0.9511695,0.95749146,0.9516006,0.9582632,0.9625258,0.95439476,0.95728016,0.96570176,0.9488562,0.9470511,0.9510104,0.9608958,0.9468952,0.95617545,0.9540171,0.9550172,0.97819436,0.95822126,0.96694905,0.95724493,0.9522408
beachbummovie,0.9565678,0.95431584,0.95661974,0.9215121,0.9508799,0.945713,0.9587028,0.95240945,0.9715649,0.94283223,0.9499947,0.9480279,0.94728535,0.96018213,0.9713328,0.9498096,0.94973,0.95536005,0.9570317,0.99999964,0.95673996,0.95940477,0.9492937,0.9427997,0.94437766,0.88169396,0.9461225,0.9496141,0.9375378,0.94293797,0.95452064,0.95537007,0.9479391,0.9382218,0.92923594,0.9364633,0.9560469,0.9478274,0.9567368,0.94914913,0.943926,0.95307773,0.9372811,0.9575789,0.9487453,0.9528117,0.9446234,0.9532399,0.94431055,0.95766157,0.94631535,0.95118177,0.94885284,0.9541805,0.9455127,0.95232373,0.95102656,0.95696664,0.94677275,0.9490573,0.9364798,0.94708633,0.93873775,0.95299494,0.94478774,0.9548381,0.9321564,0.95432466,0.95546055,0.9567421,0.9533344,0.76899815,0.93986046,0.9527182,0.94776744,0.9463976,0.9087518,0.94892585,0.94456834,0.95044506,0.9520798,0.94164944,0.95575345,0.9508958,0.9446352,0.94346356,0.9466934,0.96030784,0.94203275,0.9495474,0.9502273,0.9533344,0.9554144,0.94727904,0.94554865,0.9611352,0.9456211,0.9713699,0.94674265,0.94481504,0.94752556,0.9598576,0.9442912,0.95554745,0.95101,0.9488608,0.95829153,0.94564563,0.93438345,0.9445929,0.9530032,0.84227747,0.9589535,0.93574685,0.9534036,0.95765483,0.957244,0.9438588,0.95361626,0.95476973,0.94310814,0.95122206,0.94696784,0.94677436,0.9569902,0.9588184,0.9519339,0.95596343,0.9530921,0.92972916,0.9513893,0.9430602,0.9579235,0.9391207,0.9575018,0.9438356,0.94447887,0.92742074,0.94838053,0.9492592,0.9715649,0.95742774,0.9442513,0.93616664,0.94100267,0.9478475,0.95011795,0.9437237,0.9502083,0.94666654,0.9568234,0.95825183,0.948233,0.9262746,0.9531106,0.9488285,0.94706225,0.9405735,0.94001436,0.9524258,0.9715649,0.9488246,0.95911855,0.9595583,0.94908804
bernadettefilm,0.96303844,0.9632834,0.9665244,0.94885725,0.9620089,0.95318425,0.96397626,0.96110743,0.97940826,0.94760805,0.95018536,0.95969886,0.9552465,0.9626877,0.96289366,0.95617443,0.9537193,0.96092194,0.957079,0.95673996,1.0000001,0.95398104,0.9533009,0.95942104,0.95431495,0.8780268,0.95412385,0.9535423,0.96118295,0.952273,0.9568201,0.9633667,0.95249474,0.95059735,0.94273496,0.9448162,0.9642095,0.95004886,0.9658024,0.95733726,0.9454999,0.9578986,0.9414638,0.9607694,0.95971674,0.95956933,0.9493956,0.95932645,0.9525667,0.9636244,0.96517247,0.9663204,0.9602499,0.9540763,0.94911605,0.9589599,0.9555325,0.96100795,0.9517424,0.9521754,0.94759893,0.9587719,0.9474701,0.96486473,0.951284,0.95173186,0.95245045,0.9570146,0.9509048,0.94602144,0.9586569,0.7800423,0.9472406,0.9626609,0.95494175,0.9524617,0.9247827,0.9547693,0.9588168,0.95468515,0.94840133,0.9517864,0.96427476,0.9520975,0.9599313,0.95338774,0.9510928,0.96675557,0.9496515,0.9570236,0.9503879,0.9586569,0.96175754,0.9606775,0.96176994,0.9599496,0.9546429,0.9572108,0.9606062,0.9490975,0.9625292,0.9587299,0.9519391,0.95948046,0.95213366,0.96378356,0.9634885,0.96263945,0.94548124,0.95205027,0.96200085,0.8491982,0.96296316,0.9376842,0.96729976,0.9566083,0.9642918,0.9474332,0.96019626,0.95740783,0.9548772,0.9533031,0.9610209,0.9556223,0.96682495,0.9540097,0.9613684,0.9637928,0.96428454,0.9388009,0.97318727,0.9502475,0.9630705,0.9472153,0.9618255,0.95328367,0.9483628,0.94779146,0.9545711,0.95175546,0.97940826,0.9636492,0.955258,0.95149964,0.95106274,0.9651056,0.9579502,0.95884687,0.96118796,0.9541787,0.9593847,0.96710145,0.9519725,0.9382983,0.9519729,0.9569896,0.9505381,0.9447034,0.95691967,0.95409036,0.97940826,0.95259285,0.95974725,0.9587009,0.95905715
