movie,21bridgesmovie,47metersdown,abeautifuldaymovie,abominablemovie,adastramovie,adogsjourneymovie,aftermathmovie,aftermovie,ahiddenlifefilm,alitamovie,angelhasfallen,angrybirdsmovie,annabellemovie,annamovie,apollo11movie,arcticdogsmovie,arcticmovie,artofracingmovie,avengers,beachbummovie,bernadettefilm,blackandbluemovie,blackchristmas,blindedbythelightmovie,bombshellmovie,booksmart,breakthroughmovie,brianbanksmovie,brightburnmovie,brittanyrunsmov,captainmarvelofficial,captivestatemovie,catsmovie,charliesangels,childsplaymovie,clarathefilm,coldpursuitmovie,countdown,currentwarmovie,darkwatersmovie,detectivepikachumovie,disneyaladdin,disneyfrozen,disneymaleficent,doctorsleepmovie,dolemiteismyname,dontletgomovie,doramovie,downtonabbey_official,dumbo,escaperoom,everybodyknowsmovie,fastandfuriousmovie,fightingwmyfam,fivefeetapartfilm,fordvferrari,freaksthefilm,geminimanmovie,glassmovie,gloriabellmovie,godzillamovie,goldfinchmovie,goodboysmovie,goodliarmovie,gretafilm,halathemovie,happydeathdaymovie,harrietfilm,hellboymovie,hersmellmovie,highlifemovie,highstrungmovie,honeyboymovie,hotelmumbaifilm,httydragon,hustlemovie,hustlersmovie,isntitromantic,itmovieofficial,jayandsilentbob,johnwickmovie,jojorabbitmovie,jokermovie,judythefilm,jumanjimovie,justmercyfilm,knivesout,lalloronamovie,lastblackmansf,lastchristmasthemovie,latenightmovie,lighthousemovie,lionking,littlethemovie,littlewomenmovie,littlewoodsfilm,longshotmovie,lordsofchaosmovie,lucyintheskyfilm,mamovie2019,marriagestory,meettheaddams,meninblack,midsommarmovie,midwaymovie,missbalamovie,missinglinkfilm,motherlessbklyn,onceinhollywood,onthebasisofsex,overcomermovie,peanutbutterfalcon,petsematarymovie,piercingmovie,playingwithfire,playmobilthemovie,pomsmovie,queenandslim,rambomovie,readyornotfilm,richardjewellfilm,rocketmanmovie,scarystoriesmovie,secretlifeofpets,serenityfilm,shaftmovie,shazammovie,spidermanmovie,spiesindisguise,starwars,stormboymovie,stubermovie,taosdfilm,teenspiritmov,terminator,theaeronautsmov,thebestofenemies,thedeaddontdie,thefarewell,thehighwaymen,thehummingbirdprojectfilm,theintrudermovie,theirishmanfilm,thekitchenmovie,thelegomovie,themustangfilm,thenightingalefilm,theprodigymovie,thesunisalsoastar,theupsidefilm,tolkienmovie,toystory,triplefrontier,uglydolls,uncutgems,underthesilverlake,usmovie,wavesmovie,whatmenwant,wonderparkmovie,wrinklestheclown,xmenmovies,yardiefilm,yesterdaymovie,zombieland
21bridgesmovie,1.0,0.9507566,0.9672644,0.972486,0.9667275,0.97049224,0.9655355,0.9738757,0.982327,0.9702566,0.9622684,0.9597969,0.9672261,0.9590182,0.96204966,0.97134787,0.9743841,0.9686404,0.97369057,0.9528118,0.964317,0.97223973,0.96030676,0.9741555,0.96047103,0.90664876,0.9645483,0.97207475,0.9763407,0.95328075,0.96483856,0.96737677,0.96681345,0.9603243,0.9666066,0.94849414,0.97511053,0.97478586,0.9643292,0.9632426,0.9691612,0.9649238,0.9391195,0.9706916,0.9677093,0.95416695,0.96548295,0.9693288,0.95788175,0.9713742,0.97532874,0.9655875,0.9614781,0.9577065,0.9595886,0.9662691,0.96528614,0.9675345,0.9706659,0.96652174,0.96321046,0.9734618,0.9619938,0.964532,0.95017684,0.97160065,0.9697078,0.9678588,0.96518475,0.9587223,0.9682521,0.754469,0.94243926,0.96828634,0.9699696,0.9654391,0.92949486,0.9633472,0.97045356,0.96033657,0.96883404,0.9698295,0.9688657,0.9621343,0.96394104,0.97163725,0.95380855,0.97029036,0.96267533,0.97501695,0.9645897,0.9682521,0.9683569,0.9639221,0.9651762,0.9707054,0.9690155,0.96567184,0.95381844,0.94983804,0.9676675,0.96458673,0.9634441,0.9650555,0.957611,0.976622,0.9701926,0.9669543,0.968238,0.95285934,0.9776638,0.839601,0.96464473,0.9413212,0.9606365,0.9693917,0.9900665,0.9630691,0.96545273,0.9638675,0.95635086,0.96469307,0.9683534,0.9652507,0.96354395,0.97264796,0.97096646,0.96421826,0.9633379,0.9194699,0.96461874,0.9703666,0.97106314,0.948534,0.9704771,0.95917207,0.96738786,0.9540289,0.9643735,0.96483475,0.982327,0.9673856,0.9614233,0.96055233,0.9760872,0.9663726,0.95092654,0.96518606,0.96017104,0.9791221,0.96601474,0.9634913,0.9702821,0.9557316,0.9505157,0.9664797,0.96129835,0.9672213,0.9695081,0.96621937,0.982327,0.97069,0.9763541,0.96728283,0.97175795
47metersdown,0.9507566,1.0000004,0.9641593,0.9665988,0.9597331,0.9565788,0.9660885,0.9609319,0.97751325,0.9540463,0.96338457,0.95262724,0.966123,0.9684601,0.9545011,0.97189665,0.969491,0.96121013,0.9606693,0.94882375,0.97375804,0.961771,0.9650754,0.95804614,0.95628756,0.9072811,0.9428813,0.9544569,0.9655626,0.94875234,0.9623953,0.95626664,0.9525229,0.94821435,0.95578045,0.9395121,0.96014786,0.9608562,0.9564672,0.9685887,0.9511536,0.95513326,0.957503,0.9652456,0.96518576,0.96053505,0.9655504,0.95737326,0.95998293,0.9639011,0.9656402,0.968207,0.9444052,0.9530182,0.97254366,0.95560783,0.9636457,0.9538023,0.9664902,0.9510552,0.95532364,0.96479213,0.9595374,0.97775054,0.96116024,0.95295364,0.9578995,0.9608561,0.9670264,0.96163505,0.96838075,0.7515202,0.9423887,0.9500588,0.9611717,0.95017517,0.9142887,0.9498546,0.9672164,0.95665497,0.96654195,0.96256727,0.9753609,0.95952946,0.95663154,0.94747007,0.963406,0.9543388,0.9617554,0.9570872,0.95480424,0.96838075,0.95744425,0.95457095,0.95694876,0.96399087,0.9544052,0.95982516,0.95978886,0.9616757,0.95871764,0.9489171,0.96192133,0.96284795,0.96833324,0.9732944,0.9722372,0.9686604,0.965756,0.9603324,0.97166926,0.85845405,0.95974934,0.924308,0.9691598,0.9517628,0.9639664,0.9558323,0.9597231,0.9641752,0.95711213,0.95847154,0.9589924,0.9523854,0.9734576,0.9642909,0.9612755,0.95370567,0.94243526,0.9322536,0.96505976,0.9570707,0.96360165,0.9696424,0.9527979,0.9614898,0.93910384,0.9559028,0.9685783,0.9631572,0.97751325,0.958817,0.9477283,0.9578602,0.9585608,0.95823455,0.9522839,0.9573145,0.95755094,0.9615756,0.96757215,0.9580319,0.96789527,0.9364985,0.9511576,0.9598334,0.9588203,0.96127814,0.9614595,0.9579055,0.97751325,0.972554,0.9635447,0.9667221,0.9667256
abeautifuldaymovie,0.9672644,0.9641593,0.9999999,0.96933526,0.9612162,0.9618455,0.97085017,0.9728608,0.98445135,0.95855874,0.95607835,0.97499794,0.9726976,0.9783379,0.972845,0.97568625,0.97367036,0.96951747,0.9660581,0.9571841,0.9698806,0.9736838,0.978637,0.9746388,0.9708854,0.9136786,0.96188414,0.9593959,0.98425496,0.9511127,0.9637492,0.9697071,0.96214515,0.9730223,0.95998555,0.9415184,0.96976477,0.9787616,0.9679518,0.97640294,0.9667113,0.96253204,0.95934635,0.9640155,0.97145087,0.9635988,0.9807892,0.9609233,0.9674139,0.9637565,0.9835317,0.975993,0.96818155,0.9625502,0.9765472,0.9693865,0.9721974,0.96480715,0.9749023,0.9626595,0.9631567,0.96143955,0.96214813,0.965608,0.96777403,0.96348894,0.96694815,0.9655127,0.96321696,0.9654848,0.9699178,0.78926456,0.9591178,0.9654219,0.96999806,0.95804167,0.9313841,0.9592522,0.96785593,0.95480204,0.9575092,0.9810421,0.96693,0.9627875,0.9754126,0.9578994,0.9710566,0.9708861,0.970209,0.9722827,0.9644815,0.9699178,0.96563315,0.95615166,0.976881,0.9731364,0.9675959,0.95930773,0.9643203,0.97533053,0.9690179,0.95604813,0.9775479,0.9726079,0.9733962,0.9814377,0.9730922,0.97413886,0.9801572,0.96631086,0.97724,0.87460613,0.9704722,0.9291564,0.9747834,0.96012086,0.975662,0.96625155,0.9662877,0.96569455,0.9474908,0.97325695,0.9748547,0.9597432,0.97303337,0.96601874,0.9682752,0.9643602,0.95773697,0.94370097,0.9666852,0.96605223,0.9696248,0.9641029,0.96867764,0.9636655,0.96281713,0.95823705,0.9675363,0.9726291,0.98445135,0.9800292,0.965888,0.9670316,0.9648966,0.9647571,0.95045364,0.96785444,0.9718406,0.9748033,0.97276574,0.97340614,0.9732678,0.9508534,0.95499146,0.96898705,0.972263,0.97025,0.970194,0.9705765,0.98445135,0.9691723,0.9712755,0.98349655,0.9775862
abominablemovie,0.972486,0.9665988,0.96933526,0.99999976,0.97064495,0.95799696,0.9719863,0.968421,0.9832845,0.9665968,0.96699584,0.95972747,0.9738536,0.96471494,0.9626324,0.9665076,0.9750091,0.9701745,0.9617999,0.9569028,0.96628165,0.96905315,0.96805406,0.9731983,0.96202874,0.90119773,0.9592516,0.9661956,0.9691322,0.9523379,0.9631652,0.96972436,0.96791404,0.9452727,0.9615014,0.95110565,0.9647335,0.9786831,0.972719,0.9643298,0.959482,0.9524688,0.94982654,0.96714175,0.9701835,0.96239704,0.97189754,0.9632315,0.9676949,0.96300733,0.96755874,0.96126574,0.9517548,0.9627958,0.9728955,0.96106803,0.95682573,0.95000094,0.97638434,0.9646711,0.95550907,0.9793852,0.96976334,0.9743349,0.9503927,0.95705134,0.9589201,0.94995975,0.96989846,0.96498805,0.9716863,0.7373531,0.9408145,0.9666888,0.9722353,0.9585225,0.9131112,0.9521186,0.96354693,0.94582605,0.9783774,0.97542906,0.97043556,0.9724929,0.9654661,0.96195793,0.9698331,0.96675104,0.962632,0.9672164,0.9570264,0.9716863,0.9572762,0.9579981,0.96012056,0.97892797,0.9684119,0.968868,0.9618284,0.9574131,0.95798653,0.9645963,0.9569252,0.97197366,0.9679236,0.97086877,0.9774595,0.9706252,0.96262157,0.95270246,0.9748326,0.85079473,0.9610191,0.9523899,0.96382046,0.9665325,0.9815522,0.9609809,0.96637136,0.96641976,0.9479993,0.9607507,0.96770483,0.9666279,0.96698934,0.97306025,0.96745974,0.9550445,0.95088744,0.9200897,0.953845,0.961779,0.9654029,0.966535,0.9545157,0.9590918,0.962098,0.9596586,0.97144806,0.9674926,0.9832845,0.96415615,0.9614888,0.9708133,0.96796256,0.9584594,0.9643075,0.96912295,0.9649864,0.9732458,0.97563297,0.9589601,0.9680613,0.9404322,0.96567124,0.97335833,0.9702751,0.96575904,0.96704733,0.9620465,0.9832845,0.972183,0.9745877,0.9731336,0.96449965
adastramovie,0.9667275,0.9597331,0.9612162,0.97064495,0.99999994,0.9630718,0.97463787,0.9683822,0.9837982,0.96380746,0.96841615,0.9520611,0.9688043,0.9680911,0.9659462,0.97020024,0.97128993,0.98224354,0.9574805,0.9609677,0.95541847,0.9619214,0.97066593,0.96938896,0.9622716,0.8866601,0.9735602,0.9637679,0.9648187,0.95553094,0.95961076,0.9695891,0.9591723,0.95204884,0.9495522,0.9409037,0.9654286,0.9665914,0.9694092,0.9584467,0.9630007,0.96311814,0.94723845,0.9770846,0.96830124,0.96386135,0.9674742,0.97081435,0.9577123,0.97316074,0.96483606,0.961664,0.95243925,0.96075976,0.96384954,0.9787404,0.9615516,0.96416885,0.9662411,0.9616578,0.96075165,0.9696856,0.9739803,0.9678451,0.9452599,0.9555434,0.96548367,0.9537929,0.9631976,0.95080984,0.96777153,0.7179633,0.95972186,0.96403897,0.9694613,0.95154023,0.9211607,0.97568774,0.9660733,0.9550963,0.973153,0.96719545,0.96467763,0.9751314,0.9622219,0.9659161,0.9658363,0.96766007,0.95619905,0.97326833,0.9624763,0.96777153,0.9686446,0.969045,0.958404,0.9726472,0.97407174,0.96795535,0.95439273,0.95855415,0.97032505,0.96090007,0.9500078,0.9704658,0.9634178,0.96901214,0.96969783,0.9692926,0.9675819,0.9460599,0.97611386,0.84374756,0.9679026,0.9394176,0.9704994,0.9750189,0.9775659,0.9618361,0.9673759,0.97253656,0.95132846,0.9726522,0.9599288,0.9652237,0.95887554,0.97304314,0.9644157,0.9467895,0.96625376,0.9082937,0.95590734,0.9720749,0.9637218,0.95503825,0.9650302,0.9660074,0.95800734,0.96763325,0.9730117,0.9670553,0.9837982,0.96355677,0.96468186,0.96983534,0.9718666,0.95614606,0.9507757,0.96376175,0.9646272,0.9682631,0.9671164,0.96447116,0.97057515,0.94545376,0.9546455,0.9643039,0.97485197,0.9604761,0.9702492,0.9648584,0.9837982,0.97031116,0.9740203,0.97091216,0.9637921
adogsjourneymovie,0.97049224,0.9565788,0.9618455,0.95799696,0.9630718,1.0,0.97231156,0.9619559,0.97909194,0.9593146,0.9492129,0.9489519,0.9566945,0.9586838,0.96480775,0.95501137,0.97205347,0.9708112,0.96267927,0.95945084,0.9563435,0.96662277,0.96775275,0.96521133,0.9599728,0.8926448,0.9534379,0.96069,0.9720829,0.95177525,0.960583,0.9602363,0.96441585,0.95012105,0.9433997,0.93325335,0.9618594,0.9616833,0.9597524,0.9592811,0.97125113,0.9643057,0.9426894,0.96719164,0.95630956,0.96365917,0.9659503,0.9650143,0.9451694,0.9701923,0.9670846,0.9616289,0.954529,0.95595396,0.96280515,0.96827984,0.96116334,0.96238476,0.96703136,0.970481,0.9571496,0.9614234,0.9600841,0.9618203,0.9587471,0.9660484,0.9614393,0.95563644,0.9490191,0.9596052,0.9740298,0.7356055,0.9365144,0.95772123,0.9608257,0.95301694,0.924335,0.9696522,0.9657121,0.96027684,0.96107656,0.96336025,0.9632046,0.95317125,0.94999856,0.9628653,0.95335484,0.9643009,0.95797867,0.9803271,0.95110947,0.9740298,0.95530206,0.9587161,0.9538232,0.9659888,0.96168125,0.96059746,0.95883596,0.9536941,0.97281814,0.96114665,0.96689737,0.9665203,0.9571385,0.96740925,0.9701449,0.95598537,0.9568389,0.9591382,0.9697207,0.84934217,0.9515432,0.91789937,0.9648188,0.9632063,0.9739403,0.96089613,0.96546286,0.9762494,0.9464528,0.95828897,0.9648919,0.97314805,0.96633434,0.9699226,0.9665198,0.95442927,0.9650676,0.92126155,0.9521074,0.9652191,0.9631504,0.94760793,0.96370304,0.9556132,0.9549976,0.94913197,0.9661321,0.9721517,0.97909194,0.9660943,0.96805465,0.9621183,0.96370506,0.9589713,0.94434017,0.95246613,0.955206,0.97396106,0.96708524,0.9652704,0.96728843,0.94002134,0.9607856,0.9695053,0.9691186,0.9622398,0.9652502,0.96832377,0.97909194,0.97393835,0.96603185,0.96896046,0.96947706
aftermathmovie,0.9655355,0.9660885,0.97085017,0.9719863,0.97463787,0.97231156,0.99999994,0.9772747,0.9854499,0.9665951,0.9611696,0.95922303,0.97414035,0.97368324,0.97166264,0.965553,0.97511345,0.97693443,0.96694344,0.96695787,0.95963144,0.97225255,0.970455,0.97535646,0.9619577,0.9013363,0.9712074,0.96378624,0.97631025,0.96066666,0.9626296,0.9650144,0.954333,0.96833616,0.9565848,0.9396836,0.9752795,0.9700857,0.97682005,0.9646348,0.970315,0.96792096,0.9481959,0.97352314,0.9777029,0.9685739,0.9695314,0.9637211,0.9643113,0.9719298,0.97593004,0.9720987,0.9601904,0.9568448,0.96836,0.97052014,0.9710392,0.97059876,0.97550887,0.96836567,0.9546529,0.9658468,0.97816074,0.9729098,0.9618047,0.95584077,0.9701138,0.9650534,0.96306,0.9676581,0.97408605,0.7157613,0.9632999,0.97410774,0.9745518,0.9529663,0.92566836,0.97472304,0.974112,0.9476648,0.96505487,0.9746965,0.9715083,0.9777932,0.96196353,0.9671883,0.9684657,0.97557634,0.96044075,0.9813282,0.96048176,0.97408605,0.9643531,0.96146935,0.96895856,0.9719338,0.97267723,0.97071135,0.9674774,0.96460474,0.97697073,0.9672951,0.96576744,0.9709882,0.9731386,0.9764326,0.9715184,0.9756252,0.97207355,0.96364444,0.97592235,0.8488948,0.9693774,0.9288816,0.9714204,0.9693802,0.97380203,0.95939475,0.9709582,0.9912098,0.9523981,0.9669866,0.96822083,0.9701355,0.96996737,0.9709351,0.9758764,0.9559294,0.95176905,0.90801156,0.9565229,0.9707474,0.9666891,0.96296614,0.9670903,0.9728438,0.9608589,0.95785564,0.9717747,0.9719769,0.9854499,0.9718726,0.96909726,0.9756208,0.97554857,0.96127796,0.95498115,0.96205544,0.9711838,0.9696801,0.98892987,0.9616783,0.96770346,0.94819605,0.9652053,0.97104436,0.9796074,0.9620089,0.97268176,0.97133166,0.9854499,0.9703045,0.9789689,0.9774203,0.9668783
aftermovie,0.9738757,0.9609319,0.9728608,0.968421,0.9683822,0.9619559,0.9772747,1.0,0.9856318,0.970704,0.96421933,0.9585662,0.9751603,0.96749353,0.95908463,0.9731352,0.97583294,0.9668738,0.9663811,0.9546177,0.970779,0.97245604,0.9615006,0.9762206,0.9679089,0.9122199,0.97016716,0.96675,0.97471905,0.9637568,0.96454334,0.97138005,0.95409894,0.96487504,0.96518695,0.9521404,0.9778649,0.9721889,0.96775854,0.9677445,0.9740151,0.96895623,0.95439166,0.97182775,0.9682622,0.9611415,0.9683589,0.9638855,0.963843,0.9754502,0.97363025,0.97109663,0.96873593,0.9562609,0.9703388,0.966321,0.9621013,0.97410905,0.96958035,0.9678684,0.96510935,0.96940666,0.95949906,0.97023666,0.9648052,0.9641329,0.96881187,0.9714076,0.9653173,0.96710825,0.97535986,0.7724333,0.9543138,0.96803325,0.9680131,0.95400995,0.9412356,0.97130007,0.9690785,0.9515514,0.9729587,0.9720211,0.97109944,0.96718633,0.9605921,0.9589817,0.9644036,0.97492236,0.96569395,0.97898936,0.9751856,0.97535986,0.96234274,0.9629079,0.9700685,0.9708694,0.968583,0.9666922,0.96023256,0.9541748,0.9761174,0.9641422,0.96894526,0.9711008,0.9609305,0.97628456,0.97334677,0.9721507,0.97315556,0.96735215,0.98074216,0.86721206,0.9761583,0.95340765,0.97250605,0.9641594,0.98204964,0.9672373,0.9725679,0.9710447,0.96128887,0.96521074,0.9663278,0.963014,0.9684799,0.9680017,0.9741167,0.9585897,0.9507959,0.9200039,0.96760046,0.9689619,0.9735158,0.9468466,0.975103,0.97445494,0.9669047,0.95806223,0.9726997,0.9696055,0.9856318,0.9691099,0.9653938,0.9702564,0.97071826,0.9653826,0.96595234,0.9712284,0.96609676,0.9768088,0.97247386,0.9671366,0.9751404,0.95873123,0.9559599,0.97547954,0.9625298,0.9749187,0.98478824,0.977579,0.9856318,0.9658525,0.9780527,0.9729941,0.9683099
ahiddenlifefilm,0.982327,0.97751325,0.98445135,0.9832845,0.9837982,0.97909194,0.9854499,0.9856318,1.0,0.9779055,0.9782163,0.974987,0.9846783,0.9838639,0.97799236,0.98367727,0.9857916,0.9827141,0.9792324,0.97248447,0.9815505,0.98709226,0.9850887,0.9862194,0.97611207,0.92009974,0.97867894,0.97648555,0.98850304,0.969898,0.98149127,0.9827643,0.9766972,0.97161525,0.97340286,0.96295214,0.9850077,0.98277444,0.9845872,0.98340434,0.98149985,0.9792544,0.96819496,0.98670864,0.98419315,0.98289573,0.9854475,0.97939306,0.98108846,0.9850304,0.9863808,0.9848658,0.97713464,0.9733741,0.9855971,0.98079646,0.97843844,0.9788631,0.9875379,0.9808722,0.97474676,0.98131543,0.9787698,0.9840896,0.97674286,0.9788403,0.9766288,0.9771334,0.97669065,0.9784045,0.98671716,0.76679814,0.9633982,0.97573733,0.98465943,0.9699906,0.94213325,0.9814364,0.9822613,0.97189564,0.9848549,0.98807555,0.9820264,0.9815978,0.9770452,0.97691786,0.9790163,0.9845307,0.9782529,0.9876684,0.97905153,0.98671716,0.97797376,0.98002654,0.9789001,0.985105,0.97918427,0.9791055,0.97533315,0.97398716,0.9860262,0.97528625,0.97466075,0.98607224,0.9774629,0.9879988,0.9885831,0.9843325,0.98186034,0.97549325,0.9909491,0.8782432,0.9806969,0.9524818,0.98634994,0.97780025,0.9896699,0.9838426,0.98435384,0.9842846,0.9707111,0.9815292,0.98262525,0.979411,0.98401624,0.9858346,0.9801255,0.97487116,0.9764239,0.9472184,0.9803962,0.97956914,0.97853756,0.96989954,0.9814374,0.978604,0.97399366,0.9761457,0.98571813,0.985163,1.0,0.9830841,0.9830787,0.9840963,0.98278195,0.9790685,0.9707312,0.9794759,0.9802933,0.9851746,0.9833801,0.98067725,0.986834,0.95958656,0.97294044,0.9856198,0.98567855,0.98370546,0.9846193,0.98395383,1.0,0.98592204,0.9867761,0.98891944,0.9849183
alitamovie,0.9702566,0.9540463,0.95855874,0.9665968,0.96380746,0.9593146,0.9665951,0.970704,0.9779055,1.0000001,0.9662774,0.9481403,0.96587,0.96381086,0.95231205,0.96689093,0.9637533,0.97221565,0.95418745,0.95000243,0.96327907,0.9687979,0.9608478,0.9663306,0.95723283,0.90525436,0.95600265,0.96456885,0.96879023,0.93744653,0.95893824,0.96924794,0.9572076,0.9534449,0.96307176,0.9605597,0.97615874,0.97278446,0.9683867,0.9635519,0.9597209,0.95503896,0.9305479,0.96260214,0.9655728,0.95585704,0.9611235,0.9611239,0.9681182,0.9626619,0.97464085,0.96789384,0.9623426,0.9476049,0.9640076,0.96398985,0.9652579,0.95414853,0.9658729,0.95012444,0.9489559,0.9657575,0.9595861,0.964254,0.9535965,0.9610452,0.95244634,0.9593853,0.960605,0.9657372,0.95178574,0.7616194,0.93984807,0.96642965,0.9651866,0.95306826,0.91528934,0.959113,0.97249323,0.9509336,0.96742994,0.96012914,0.9658121,0.96791327,0.9599418,0.9548396,0.9528274,0.96695226,0.9575944,0.96802545,0.96564364,0.95178574,0.9526268,0.9653838,0.96573484,0.9687244,0.9650404,0.96957743,0.95398,0.94728655,0.967505,0.96686745,0.9567207,0.9596334,0.9667458,0.9758555,0.96771204,0.9626364,0.96316016,0.9596574,0.96997243,0.8502899,0.95900613,0.9482769,0.9547899,0.9524225,0.9730636,0.9637749,0.95848113,0.9659916,0.95585144,0.95413834,0.9676018,0.971468,0.95868975,0.9749815,0.96793324,0.9615785,0.95782226,0.92050487,0.9596235,0.9568307,0.9542949,0.94094074,0.9603619,0.95491266,0.9575493,0.96106124,0.9534464,0.9603856,0.9779055,0.96386254,0.9600582,0.96595967,0.9627937,0.96924365,0.9645839,0.9558995,0.95625764,0.9749622,0.9700217,0.9560882,0.9661489,0.95126504,0.94014496,0.95597553,0.9628956,0.9491523,0.9694238,0.9629487,0.9779055,0.97237176,0.9693679,0.9686758,0.966047
angelhasfallen,0.9622684,0.96338457,0.95607835,0.96699584,0.96841615,0.9492129,0.9611696,0.96421933,0.9782163,0.9662774,0.9999998,0.9531915,0.96990997,0.962339,0.96501935,0.9668938,0.96240085,0.9696591,0.95838,0.95592415,0.9622226,0.9724012,0.95786303,0.9638303,0.9598962,0.89692134,0.96275425,0.9700239,0.9686392,0.9377773,0.96029687,0.97338843,0.95411664,0.9500908,0.94736123,0.96533024,0.9636699,0.9703099,0.9627671,0.9748954,0.95702314,0.9541766,0.9362675,0.96745205,0.96121246,0.9600572,0.9551784,0.9670485,0.97182125,0.9629038,0.9717025,0.9651338,0.9499142,0.9662224,0.96878266,0.95482934,0.96562,0.9528851,0.96664256,0.9498326,0.9587072,0.96359015,0.95372033,0.9686506,0.9563177,0.9648713,0.9554407,0.95291764,0.9728857,0.95475376,0.95857286,0.7684546,0.9337261,0.95879596,0.9644875,0.9528282,0.91602653,0.9537529,0.9634688,0.9525121,0.9804125,0.9713616,0.97115564,0.9601496,0.95908976,0.9492615,0.9641896,0.95953596,0.9592753,0.9590332,0.9586197,0.95857286,0.96208775,0.9710181,0.9627699,0.9712995,0.9658221,0.97076404,0.9545686,0.9486629,0.9637686,0.95730716,0.95056736,0.9725784,0.9494338,0.97461426,0.96857375,0.9688518,0.96263885,0.9586031,0.97215205,0.85349756,0.9535518,0.95428723,0.9669061,0.9679342,0.965346,0.96225935,0.95475715,0.96415716,0.9578491,0.96393514,0.9610479,0.96154875,0.96193177,0.9784854,0.95737225,0.95031905,0.95185214,0.9184731,0.9584039,0.95206165,0.9593965,0.94699764,0.95310456,0.94866973,0.9490411,0.96909875,0.960738,0.9595353,0.9782163,0.96547985,0.9657455,0.9620202,0.9650741,0.9693934,0.96898246,0.9434455,0.9605792,0.9693497,0.95586485,0.9558901,0.96361285,0.9373474,0.9455937,0.9575215,0.96552926,0.95558816,0.96626097,0.9651564,0.9782163,0.9611321,0.9673143,0.9646798,0.967944
angrybirdsmovie,0.9597969,0.95262724,0.97499794,0.95972747,0.9520611,0.9489519,0.95922303,0.9585662,0.974987,0.9481403,0.9531915,1.0,0.964913,0.967713,0.9567158,0.96588415,0.95708513,0.9488833,0.95420563,0.9388117,0.957199,0.9719809,0.9716016,0.951735,0.95612484,0.8966522,0.95840615,0.9490484,0.9747919,0.95105344,0.95601785,0.95744765,0.9502785,0.96411234,0.95914775,0.94073504,0.9551965,0.96793926,0.9629914,0.9662044,0.9517759,0.9465898,0.9501845,0.9609608,0.9789678,0.96057475,0.97334146,0.95001656,0.96559006,0.95505995,0.978347,0.95811623,0.96138215,0.9497641,0.9621093,0.96360123,0.95559144,0.951899,0.9584929,0.9556511,0.9510922,0.9562859,0.949731,0.9554866,0.95678484,0.94708276,0.94590724,0.9542492,0.9503599,0.9576043,0.96452063,0.7762749,0.9489427,0.95524323,0.9730224,0.95043147,0.93042964,0.9381678,0.96110207,0.9555713,0.9595079,0.9758694,0.9591514,0.9624137,0.9779976,0.9637016,0.96001905,0.95600253,0.9534861,0.95528895,0.9519706,0.96452063,0.9488226,0.9565234,0.96780103,0.9575507,0.94732875,0.94686896,0.95554787,0.96785516,0.9654381,0.9448129,0.9544141,0.96266186,0.9560054,0.97616816,0.9660606,0.9727127,0.9570889,0.9510778,0.97068125,0.8763073,0.9707574,0.93163526,0.9598084,0.9467275,0.96553457,0.970473,0.97331595,0.9503448,0.93691903,0.9684422,0.96090853,0.9460271,0.9672434,0.9540409,0.9590208,0.961234,0.9533576,0.9245423,0.95705014,0.95464915,0.9534988,0.9427944,0.95919627,0.952802,0.9585441,0.9545403,0.9704638,0.95427984,0.974987,0.97478944,0.9684071,0.95990115,0.9662888,0.95594466,0.9392501,0.96564513,0.9599689,0.96615094,0.9592087,0.9572568,0.9586121,0.93610865,0.953773,0.9720207,0.9650055,0.976883,0.95822465,0.96302307,0.974987,0.9597594,0.95819485,0.9737288,0.9727098
annabellemovie,0.9672261,0.966123,0.9726976,0.9738536,0.9688043,0.9566945,0.97414035,0.9751603,0.9846783,0.96587,0.96990997,0.964913,1.0000001,0.9755962,0.9651455,0.9797446,0.96615505,0.9653145,0.965156,0.96626455,0.96687776,0.9740011,0.96637887,0.970484,0.9550468,0.89026064,0.9671903,0.96233326,0.9703647,0.9532898,0.96379465,0.96996605,0.95759493,0.95986736,0.96062416,0.9487954,0.9742866,0.9799034,0.97222525,0.9724955,0.9718916,0.96349466,0.95429766,0.9734204,0.9780105,0.9721661,0.96807796,0.96984065,0.97424215,0.9676939,0.9739878,0.974214,0.9695956,0.9566324,0.972865,0.9677049,0.9716366,0.9566074,0.96841675,0.96559334,0.96277,0.96995026,0.96709716,0.9794602,0.96766496,0.96525675,0.96890825,0.97040504,0.96856827,0.9650404,0.9754746,0.7578132,0.9501484,0.965151,0.96681935,0.95945895,0.9116731,0.96292645,0.96976167,0.9537741,0.9727837,0.97717583,0.9784157,0.967182,0.96778923,0.95271295,0.9660951,0.98805326,0.9659816,0.9638531,0.9701427,0.9754746,0.95867324,0.9567105,0.9721152,0.9696292,0.9641057,0.97081345,0.9658434,0.9608076,0.9732085,0.968131,0.955066,0.9776969,0.9680836,0.9738266,0.97752863,0.97565633,0.9695875,0.9632743,0.9741435,0.86178803,0.9674181,0.95074487,0.97107685,0.96978575,0.9759942,0.9694404,0.9718421,0.9691486,0.96320844,0.96698064,0.97122127,0.970793,0.96674556,0.9653665,0.98025125,0.9585452,0.9507515,0.92314637,0.96151084,0.9621686,0.9601776,0.9608086,0.95945513,0.9640753,0.96114695,0.96983564,0.9682203,0.9688069,0.9846783,0.96456283,0.96765655,0.9725873,0.9749439,0.968897,0.9662029,0.9643856,0.9687327,0.969017,0.97259796,0.96669036,0.9763243,0.94135946,0.9594548,0.9721678,0.96579343,0.97059536,0.9711046,0.9731202,0.9846783,0.9656475,0.97169846,0.97158295,0.9665033
annamovie,0.9590182,0.9684601,0.9783379,0.96471494,0.9680911,0.9586838,0.97368324,0.96749353,0.9838639,0.96381086,0.962339,0.967713,0.9755962,0.99999994,0.97074515,0.9727292,0.966087,0.96986026,0.9627491,0.9627281,0.9659966,0.9738947,0.9782687,0.9725156,0.9544754,0.91444373,0.9618919,0.9657516,0.9727262,0.95299506,0.95896024,0.97065353,0.95532495,0.9609202,0.95007753,0.94506174,0.97237843,0.9720886,0.97280264,0.97790265,0.9616951,0.9608439,0.9505062,0.9690205,0.97892356,0.9656291,0.9782598,0.9674669,0.9709367,0.9638957,0.97321516,0.97691953,0.96547866,0.9526394,0.9712325,0.96917313,0.9654719,0.9626638,0.9695117,0.9670406,0.95571834,0.95995396,0.96426785,0.97463423,0.96775883,0.9604871,0.9622584,0.96636266,0.96300846,0.9623998,0.9729192,0.75515324,0.9612873,0.9724882,0.9687271,0.9521717,0.9232948,0.96493465,0.97060674,0.95179415,0.9624704,0.9771092,0.9696015,0.97174793,0.9631098,0.9576222,0.9666953,0.9729025,0.9733036,0.9660338,0.9671621,0.9729192,0.9560529,0.9660437,0.9687479,0.972857,0.9651112,0.9652562,0.96206063,0.97557175,0.9706461,0.95663434,0.9613091,0.97177494,0.9766392,0.9749961,0.9736295,0.9704891,0.97086954,0.96737385,0.9750727,0.85566753,0.9731446,0.9338796,0.97518474,0.9658678,0.97192127,0.9656624,0.96890396,0.96693015,0.95426095,0.9731839,0.9684722,0.9574642,0.97364646,0.9614856,0.97157526,0.95844215,0.95929414,0.9192632,0.9610883,0.9644323,0.9601766,0.9613282,0.9618282,0.9678079,0.9499538,0.9682212,0.9724412,0.9664491,0.9838639,0.97177684,0.9700881,0.9682744,0.9695708,0.9681348,0.95240456,0.95844746,0.96730506,0.96667933,0.96509236,0.9686936,0.9691376,0.94598055,0.9574426,0.9682648,0.97574186,0.96936816,0.97321916,0.9790301,0.9838639,0.9711988,0.97692204,0.9785601,0.96530586
apollo11movie,0.96204966,0.9545011,0.972845,0.9626324,0.9659462,0.96480775,0.97166264,0.95908463,0.97799236,0.95231205,0.96501935,0.9567158,0.9651455,0.97074515,1.0000001,0.9627614,0.9705811,0.9712477,0.96445644,0.9762315,0.9557507,0.9667405,0.9657944,0.9737703,0.959253,0.9048617,0.9606779,0.9650742,0.9699812,0.960076,0.9530899,0.9599901,0.9582192,0.94961953,0.9355322,0.9337274,0.96133757,0.96873003,0.9622392,0.969428,0.96613044,0.95189476,0.94030833,0.9593818,0.9634469,0.9645064,0.96480113,0.96414214,0.9590312,0.954871,0.9646,0.96260124,0.9581193,0.96753454,0.96421975,0.9635438,0.96717304,0.9539021,0.9647048,0.9641629,0.96097356,0.9527616,0.95645374,0.9560812,0.9483239,0.96373,0.96128124,0.9530181,0.9574951,0.9582308,0.96811074,0.7441369,0.9410469,0.9625757,0.9650904,0.9564671,0.9247587,0.9542175,0.960653,0.9529519,0.9641167,0.9760172,0.96563995,0.94999737,0.95179236,0.9642401,0.9650253,0.96451205,0.9643801,0.96726304,0.9519472,0.96811074,0.9609405,0.96374077,0.9535889,0.98008657,0.9659978,0.97056323,0.9606934,0.9655334,0.96646726,0.9546505,0.95479935,0.9664361,0.9603812,0.96646273,0.97254217,0.9552153,0.9678628,0.95635337,0.971149,0.8554702,0.95007217,0.91860133,0.963173,0.9620611,0.96586496,0.9505746,0.9632588,0.9664917,0.94110954,0.9632588,0.9607021,0.95588017,0.9620971,0.96383935,0.9568364,0.9459408,0.95712847,0.9253118,0.9505708,0.9635644,0.9726329,0.9515261,0.9530386,0.964706,0.9588498,0.95324326,0.9649716,0.971226,0.97799236,0.9734719,0.9708977,0.9556738,0.9696387,0.9534567,0.93861127,0.94686645,0.9535782,0.95756227,0.9611308,0.96751374,0.96266353,0.94678605,0.9568454,0.9634707,0.97095865,0.9582479,0.95961,0.9637372,0.97799236,0.9622262,0.97367936,0.97140515,0.9659624
arcticdogsmovie,0.97134787,0.97189665,0.97568625,0.9665076,0.97020024,0.95501137,0.965553,0.9731352,0.98367727,0.96689093,0.9668938,0.96588415,0.9797446,0.9727292,0.9627614,0.99999976,0.9657809,0.96930724,0.9624022,0.9543164,0.9703072,0.970542,0.96681464,0.96993494,0.9578476,0.8944663,0.9725774,0.96331227,0.9733429,0.95446974,0.9647182,0.96182984,0.96082556,0.9648718,0.96763444,0.9460654,0.976721,0.97479767,0.9717248,0.96728444,0.96884793,0.96323663,0.96487105,0.9745914,0.9742846,0.96182996,0.9709992,0.9735188,0.97222185,0.97310424,0.9768515,0.9718623,0.9691756,0.96175814,0.9650541,0.97212887,0.97673607,0.95831156,0.97081524,0.95749897,0.96096826,0.96993905,0.9632849,0.96692824,0.9620681,0.9576501,0.9673891,0.9707271,0.9657447,0.9684623,0.9666995,0.7632746,0.9562007,0.9533283,0.9652161,0.96032864,0.93220854,0.9635662,0.97538537,0.9692576,0.97215337,0.9708947,0.980182,0.95916796,0.97426766,0.95412314,0.9720565,0.9739924,0.9698373,0.9638122,0.9726407,0.9666995,0.97099245,0.9579713,0.9757781,0.96650827,0.96402496,0.9612147,0.9687016,0.96459997,0.9725732,0.9597516,0.9669989,0.9717941,0.9725455,0.978941,0.9728823,0.9782005,0.9769821,0.9559064,0.97398347,0.86054724,0.9679764,0.9394285,0.9729107,0.966258,0.97540826,0.96490824,0.96820885,0.96334803,0.9575119,0.9738752,0.9671228,0.9606091,0.971527,0.96751505,0.97764933,0.96255636,0.95594084,0.9387169,0.96880066,0.97033125,0.9670176,0.958568,0.95767283,0.96854675,0.96249473,0.96786237,0.9701404,0.9636244,0.98367727,0.9727995,0.9612983,0.9637091,0.9636466,0.9654882,0.9526281,0.96920323,0.9631077,0.9729065,0.96992695,0.9725067,0.9727142,0.9552476,0.9536609,0.9675246,0.9622492,0.96770316,0.9677824,0.96492624,0.98367727,0.9750434,0.97111636,0.97332007,0.9715938
arcticmovie,0.9743841,0.969491,0.97367036,0.9750091,0.97128993,0.97205347,0.97511345,0.97583294,0.9857916,0.9637533,0.96240085,0.95708513,0.96615505,0.966087,0.9705811,0.9657809,1.0000001,0.96813005,0.9683689,0.9622386,0.9706821,0.9708287,0.9697893,0.974868,0.9699264,0.924762,0.957627,0.9786914,0.98115087,0.9639493,0.9672977,0.9609641,0.9680624,0.9550748,0.96238965,0.94579357,0.96945524,0.97204745,0.968227,0.9675364,0.9764271,0.9550306,0.9413989,0.9688203,0.97219986,0.9670035,0.97052205,0.9635449,0.9543606,0.96621114,0.9725852,0.9616793,0.963126,0.9706885,0.98174715,0.9625427,0.973041,0.97000307,0.975098,0.9674574,0.9665098,0.96721596,0.96753895,0.97213084,0.9514504,0.97110957,0.969173,0.95465857,0.9697546,0.9662319,0.97161424,0.756231,0.9455042,0.96882695,0.96346664,0.9633925,0.9269066,0.9618624,0.9699964,0.9516472,0.97263026,0.97375524,0.9726273,0.96188724,0.966176,0.970007,0.9667158,0.96619564,0.9570576,0.97884125,0.9696194,0.97161424,0.9620775,0.9685638,0.96086806,0.9804799,0.9727106,0.96577066,0.9667807,0.9589739,0.9750472,0.95817953,0.97040355,0.9676277,0.9670471,0.9783719,0.97496605,0.96601975,0.9725675,0.95754695,0.9817518,0.86718446,0.97051144,0.9376908,0.9705721,0.95861053,0.98087156,0.9608864,0.9698187,0.97082716,0.9559145,0.9657083,0.9702166,0.96237344,0.97173905,0.97386956,0.9665047,0.9617318,0.96271735,0.92316276,0.9679397,0.9697258,0.9832289,0.9698364,0.97057575,0.9726153,0.95961696,0.9463981,0.97036517,0.98009324,0.9857916,0.96894705,0.96324337,0.97110164,0.97821534,0.9562463,0.94979954,0.96804315,0.9700171,0.97847885,0.9745012,0.962107,0.9748097,0.952445,0.9517865,0.9697327,0.9707993,0.9685974,0.9710079,0.9643708,0.9857916,0.9759548,0.9765391,0.97198087,0.9717026
artofracingmovie,0.9686404,0.96121013,0.96951747,0.9701745,0.98224354,0.9708112,0.97693443,0.9668738,0.9827141,0.97221565,0.9696591,0.9488833,0.9653145,0.96986026,0.9712477,0.96930724,0.96813005,0.99999976,0.9648517,0.96428263,0.9624206,0.9648246,0.9724072,0.9767432,0.97109395,0.8958504,0.9646148,0.9588733,0.9691334,0.9436104,0.9610901,0.97484267,0.95646316,0.95150375,0.9496905,0.9430085,0.9712119,0.968193,0.9705496,0.96672416,0.96203303,0.96773106,0.946198,0.97300583,0.9619196,0.9630737,0.9675173,0.97668654,0.9589888,0.97447526,0.9704096,0.9698735,0.9523844,0.96173567,0.9681826,0.97458285,0.9730525,0.9637855,0.969467,0.9672617,0.9617754,0.9721355,0.96751434,0.9677266,0.95287037,0.95843184,0.96492386,0.95981675,0.9628531,0.9572773,0.96890783,0.71923417,0.95468026,0.96586764,0.97202456,0.94412977,0.9235613,0.97256374,0.96888655,0.9646641,0.96724117,0.9667784,0.9661026,0.9719313,0.9595568,0.9582485,0.96648884,0.96738136,0.96623486,0.97511435,0.9587262,0.96890783,0.96771216,0.96945995,0.96330506,0.97638845,0.9736696,0.9757399,0.9622183,0.9565631,0.9745879,0.9627744,0.95836514,0.97541314,0.9646273,0.9731119,0.97386134,0.9703214,0.9721261,0.9571642,0.9704886,0.8357214,0.9570519,0.9375212,0.97097105,0.9681283,0.97452676,0.95908487,0.9606747,0.97656405,0.95108044,0.96712613,0.96940464,0.9732084,0.963451,0.97411495,0.96567404,0.9539066,0.96221524,0.9196767,0.9612368,0.96979684,0.96351117,0.9522061,0.96320236,0.9616659,0.9559635,0.9658511,0.9678128,0.97190076,0.9827141,0.96901387,0.9682426,0.97185767,0.9691892,0.96237475,0.9538563,0.9556,0.96492195,0.97044647,0.9760927,0.9691875,0.9730467,0.93864995,0.95645934,0.96517885,0.97440374,0.9563729,0.96905625,0.969598,0.9827141,0.97264165,0.9713806,0.97446406,0.96563166
avengers,0.97369057,0.9606693,0.9660581,0.9617999,0.9574805,0.96267927,0.96694344,0.9663811,0.9792324,0.95418745,0.95838,0.95420563,0.965156,0.9627491,0.96445644,0.9624022,0.9683689,0.9648517,0.99999976,0.9515077,0.9609474,0.9633653,0.9600898,0.97280484,0.95956534,0.91776776,0.9535212,0.9594451,0.96774817,0.95144236,0.9788911,0.95979,0.9582872,0.95199543,0.95537955,0.9374162,0.96191186,0.9579761,0.95282114,0.96457297,0.9648819,0.95952165,0.9437959,0.96548593,0.96473986,0.95860106,0.9638032,0.97020745,0.9574756,0.9642921,0.96636075,0.9666962,0.95757455,0.96028906,0.9655445,0.95253694,0.96761614,0.9623593,0.9666314,0.96513563,0.9596855,0.95988643,0.95597607,0.9683642,0.9581679,0.96516055,0.9705902,0.9699537,0.9602883,0.9659267,0.96984714,0.73554003,0.93964636,0.957901,0.96738243,0.9641719,0.92826563,0.9583711,0.9626177,0.9530308,0.95877826,0.9726603,0.96705025,0.9558801,0.95391744,0.9631045,0.9572098,0.9652792,0.9621195,0.9694988,0.9528918,0.96984714,0.9662038,0.9586254,0.9539833,0.9683256,0.9594352,0.9679772,0.9612224,0.95741516,0.9617596,0.9485121,0.9557217,0.96139365,0.9539641,0.97007984,0.97348887,0.967149,0.9637223,0.9566144,0.9706715,0.8611093,0.95515376,0.9143622,0.9612818,0.954146,0.96952295,0.96133596,0.9641702,0.9671303,0.95542604,0.95724046,0.9610993,0.95135623,0.9665912,0.9637631,0.9558569,0.96421844,0.95086896,0.9336096,0.9690837,0.9562921,0.96817946,0.9545652,0.9617258,0.9601234,0.9511505,0.95383024,0.9653542,0.96220905,0.9792324,0.95699596,0.95933944,0.9589698,0.9714046,0.9618159,0.93962485,0.9595628,0.96207494,0.96153086,0.9625546,0.9634456,0.96406645,0.94103026,0.95622456,0.96409506,0.9603651,0.96530694,0.96246815,0.9599908,0.9792324,0.96509415,0.96297204,0.97025526,0.9649981
beachbummovie,0.9528118,0.94882375,0.9571841,0.9569028,0.9609677,0.95945084,0.96695787,0.9546177,0.97248447,0.95000243,0.95592415,0.9388117,0.96626455,0.9627281,0.9762315,0.9543164,0.9622386,0.96428263,0.9515077,1.0000001,0.94341916,0.9610259,0.96211183,0.96745235,0.94442785,0.87825125,0.9529609,0.95236534,0.9542832,0.9502472,0.9464638,0.9530476,0.9491639,0.9449718,0.9301664,0.9280781,0.95540273,0.9646735,0.9665915,0.9555004,0.9543743,0.95897394,0.9377748,0.96365225,0.9571933,0.96876395,0.9587678,0.95439255,0.9478456,0.9594742,0.94773465,0.9482938,0.95511925,0.9540777,0.9540211,0.9517208,0.95784366,0.9453128,0.9543128,0.9643436,0.9482386,0.9547196,0.95890266,0.9507312,0.93905747,0.9589692,0.9530228,0.9398707,0.94107157,0.9569096,0.9680131,0.72114474,0.93280244,0.96240926,0.9548081,0.9437012,0.9128618,0.9591511,0.95411867,0.9531635,0.95863086,0.9587429,0.95172274,0.95169705,0.9377536,0.9526517,0.9518368,0.96976125,0.9610923,0.9613896,0.95054114,0.9680131,0.947706,0.9488501,0.94158345,0.96790296,0.94847447,0.9750703,0.9505326,0.9504883,0.96566206,0.96700394,0.945903,0.96378654,0.94950795,0.95182854,0.96848345,0.9454056,0.95378405,0.946078,0.9617246,0.85648435,0.9402437,0.92482656,0.95668006,0.95936453,0.95745045,0.9492343,0.9601114,0.9655487,0.9283109,0.94889325,0.954606,0.9675465,0.9514527,0.95379853,0.95462257,0.93293464,0.9516454,0.9092402,0.94271624,0.96478826,0.9581693,0.9433044,0.93941754,0.95470935,0.95187724,0.9420626,0.9595889,0.97313505,0.97248447,0.95406157,0.971037,0.95416933,0.9635889,0.9397105,0.9420668,0.9324154,0.9489159,0.95117056,0.96226645,0.95825714,0.9586445,0.92054415,0.96104103,0.96039116,0.9642083,0.9562455,0.95169634,0.96252203,0.97248447,0.9491953,0.965427,0.96240765,0.950252
bernadettefilm,0.964317,0.97375804,0.9698806,0.96628165,0.95541847,0.9563435,0.95963144,0.970779,0.9815505,0.96327907,0.9622226,0.957199,0.96687776,0.9659966,0.9557507,0.9703072,0.9706821,0.9624206,0.9609474,0.94341916,1.0,0.96585184,0.9659642,0.9636461,0.96913475,0.9200582,0.94913924,0.9554993,0.97112185,0.95178217,0.964468,0.9663651,0.9597538,0.9473241,0.95931137,0.9501292,0.97115904,0.96700287,0.9662196,0.97347146,0.9659246,0.956826,0.95058936,0.96208566,0.9658216,0.962817,0.96762097,0.95287305,0.96984833,0.9638506,0.97190374,0.97568065,0.9505652,0.9505995,0.9733988,0.9551141,0.9610987,0.9578534,0.96925056,0.95894164,0.96358067,0.96410906,0.95604396,0.97646534,0.9683106,0.9622883,0.9595122,0.9637459,0.96989924,0.9613149,0.96841687,0.76619595,0.9377632,0.95182383,0.9650044,0.9491136,0.9167229,0.95653486,0.9653138,0.95877814,0.97400725,0.96888477,0.9691284,0.95605546,0.95641494,0.9486051,0.96038306,0.96259874,0.957627,0.963755,0.96696436,0.96841687,0.9574019,0.96864486,0.96573395,0.96717465,0.95812875,0.9551049,0.9593343,0.95062053,0.9648086,0.95388716,0.95248204,0.96432143,0.9586316,0.9763934,0.9745603,0.9699724,0.971973,0.97022396,0.97312015,0.85429096,0.96424544,0.94009966,0.97444063,0.95558804,0.97564405,0.9640745,0.967273,0.96224535,0.96548873,0.95628566,0.9700507,0.9622256,0.9725171,0.9680549,0.95922905,0.9606883,0.9574589,0.94002557,0.9780288,0.95402706,0.9636581,0.95068145,0.96321934,0.9612737,0.9547438,0.9600039,0.96602005,0.9677187,0.9815505,0.9616357,0.9539835,0.9666717,0.9618109,0.97105336,0.9648487,0.9617095,0.95883304,0.9671654,0.9664554,0.9634644,0.9743307,0.9310755,0.95130515,0.96406627,0.95853275,0.9672379,0.965351,0.9617039,0.9815505,0.9731363,0.97126424,0.9746284,0.9665644
