movie,21bridgesmovie,47metersdown,abeautifuldaymovie,abominablemovie,adastramovie,adogsjourneymovie,aftermathmovie,aftermovie,ahiddenlifefilm,alitamovie,angelhasfallen,angrybirdsmovie,annabellemovie,annamovie,apollo11movie,arcticdogsmovie,arcticmovie,artofracingmovie,avengers,beachbummovie,bernadettefilm,blackandbluemovie,blackchristmas,blindedbythelightmovie,bombshellmovie,booksmart,breakthroughmovie,brianbanksmovie,brightburnmovie,brittanyrunsmov,captainmarvelofficial,captivestatemovie,catsmovie,charliesangels,childsplaymovie,clarathefilm,coldpursuitmovie,countdown,currentwarmovie,darkwatersmovie,detectivepikachumovie,disneyaladdin,disneyfrozen,disneymaleficent,doctorsleepmovie,dolemiteismyname,dontletgomovie,doramovie,downtonabbey_official,dumbo,escaperoom,everybodyknowsmovie,fastandfuriousmovie,fightingwmyfam,fivefeetapartfilm,fordvferrari,freaksthefilm,geminimanmovie,glassmovie,gloriabellmovie,godzillamovie,goldfinchmovie,goodboysmovie,goodliarmovie,gretafilm,halathemovie,happydeathdaymovie,harrietfilm,hellboymovie,hersmellmovie,highlifemovie,highstrungmovie,honeyboymovie,hotelmumbaifilm,httydragon,hustlemovie,hustlersmovie,isntitromantic,itmovieofficial,jayandsilentbob,johnwickmovie,jojorabbitmovie,jokermovie,judythefilm,jumanjimovie,justmercyfilm,knivesout,lalloronamovie,lastblackmansf,lastchristmasthemovie,latenightmovie,lighthousemovie,lionking,littlethemovie,littlewomenmovie,littlewoodsfilm,longshotmovie,lordsofchaosmovie,lucyintheskyfilm,mamovie2019,marriagestory,meettheaddams,meninblack,midsommarmovie,midwaymovie,missbalamovie,missinglinkfilm,motherlessbklyn,onceinhollywood,onthebasisofsex,overcomermovie,peanutbutterfalcon,petsematarymovie,piercingmovie,playingwithfire,playmobilthemovie,pomsmovie,queenandslim,rambomovie,readyornotfilm,richardjewellfilm,rocketmanmovie,scarystoriesmovie,secretlifeofpets,serenityfilm,shaftmovie,shazammovie,spidermanmovie,spiesindisguise,starwars,stormboymovie,stubermovie,taosdfilm,teenspiritmov,terminator,theaeronautsmov,thebestofenemies,thedeaddontdie,thefarewell,thehighwaymen,thehummingbirdprojectfilm,theintrudermovie,theirishmanfilm,thekitchenmovie,thelegomovie,themustangfilm,thenightingalefilm,theprodigymovie,thesunisalsoastar,theupsidefilm,tolkienmovie,toystory,triplefrontier,uglydolls,uncutgems,underthesilverlake,usmovie,wavesmovie,whatmenwant,wonderparkmovie,wrinklestheclown,xmenmovies,yardiefilm,yesterdaymovie,zombieland
21bridgesmovie,0.99999994,0.9603016,0.95156866,0.9508964,0.9622525,0.9549444,0.9549635,0.95987,0.9790928,0.94637036,0.95986795,0.9547547,0.949238,0.9598185,0.9690508,0.949916,0.97050655,0.9556628,0.97142994,0.96271086,0.93554825,0.95704424,0.95488846,0.95861024,0.95202637,0.90246564,0.9543246,0.9556207,0.9574671,0.95579755,0.9468028,0.9531689,0.9453251,0.95118624,0.94190747,0.93276584,0.9524512,0.96794176,0.9561755,0.95837563,0.9472779,0.95097864,0.9538498,0.95207417,0.9547891,0.9632533,0.9538502,0.94359964,0.95309347,0.95552814,0.9650049,0.9603536,0.95807225,0.9363311,0.9458027,0.9631773,0.95968145,0.95964706,0.96021014,0.95783967,0.9554525,0.95289797,0.95423603,0.9659276,0.9588035,0.95201045,0.9575293,0.94895333,0.9533358,0.9422946,0.96479946,0.7890965,0.9528274,0.95518684,0.9453897,0.9569421,0.91687554,0.95983994,0.9536794,0.95422333,0.94797575,0.94759667,0.96522486,0.95593125,0.95726675,0.94897,0.9389299,0.9562726,0.95463705,0.9600521,0.95632976,0.96479946,0.9518385,0.9562655,0.957136,0.95729184,0.9647646,0.9571036,0.955124,0.945079,0.9557557,0.95512486,0.95546466,0.9564178,0.9590384,0.9570555,0.9602528,0.9674028,0.9513155,0.949049,0.9575453,0.8938253,0.9537856,0.93849266,0.95176274,0.97035044,0.98752236,0.94866824,0.9603602,0.95237523,0.95870924,0.96316844,0.9571704,0.9486628,0.96279806,0.9630472,0.95804894,0.94576675,0.95678794,0.93735224,0.956527,0.9595686,0.9645798,0.94844246,0.95633346,0.96109265,0.9687238,0.95426893,0.9615583,0.95464694,0.9790928,0.9610535,0.9522896,0.96277773,0.9536472,0.9535552,0.9532463,0.94886744,0.9630061,0.95566106,0.95805395,0.9545228,0.9579506,0.94112,0.9566938,0.95607126,0.95236504,0.9642553,0.96416557,0.9583739,0.9790928,0.9406461,0.9520242,0.9574313,0.9576466
47metersdown,0.9603016,0.99999964,0.951202,0.94482404,0.95522606,0.9604895,0.95932275,0.95839727,0.9755744,0.9483895,0.9524143,0.94844216,0.9510823,0.964081,0.961034,0.96844167,0.9570968,0.94635564,0.9643795,0.9453035,0.93358445,0.9531098,0.95161664,0.9572118,0.949879,0.8952534,0.95342076,0.9490433,0.9560454,0.9452321,0.95282835,0.945166,0.9528456,0.95041907,0.93416363,0.91375595,0.9528077,0.9545169,0.9569285,0.9505844,0.9490544,0.9550149,0.94957197,0.9492738,0.9590045,0.9481893,0.9511829,0.94273394,0.95360804,0.9517848,0.9579873,0.9615375,0.95654875,0.9486125,0.932339,0.9513734,0.9591418,0.96235514,0.9489687,0.95189184,0.9474158,0.9520126,0.9532662,0.9639553,0.9554646,0.9370584,0.9541864,0.94872856,0.94789094,0.940308,0.9548582,0.7773968,0.9411259,0.9486874,0.94091326,0.95276415,0.9110623,0.962855,0.9500269,0.95446044,0.94403595,0.95239073,0.9514684,0.94741374,0.95576143,0.9496416,0.9340326,0.95654607,0.949855,0.9524108,0.9529567,0.9548582,0.93952054,0.9529926,0.95818883,0.9553229,0.9580903,0.951366,0.94948906,0.94695735,0.9426899,0.94942594,0.94412094,0.9459514,0.95700717,0.9593758,0.96369404,0.96498024,0.95168096,0.95097744,0.96263266,0.8917773,0.9492468,0.92382807,0.9457035,0.9474455,0.95910233,0.9492969,0.950699,0.96014816,0.9529817,0.9566639,0.94492656,0.9568473,0.9559606,0.95374674,0.9550475,0.9439384,0.9434666,0.9356272,0.95247567,0.9424778,0.9553173,0.9492436,0.9474636,0.9476144,0.9512312,0.9529053,0.9507379,0.9472218,0.9755744,0.9525733,0.94807917,0.9588941,0.943636,0.9534843,0.9465956,0.9436896,0.95440984,0.95157015,0.9625663,0.9548896,0.9518419,0.93142396,0.93993247,0.9481664,0.95628643,0.95295006,0.95243937,0.95038575,0.9755744,0.9501001,0.9568634,0.96137214,0.9547096
abeautifuldaymovie,0.95156866,0.951202,0.99999964,0.94698924,0.9540078,0.9426463,0.9471241,0.95074475,0.9720679,0.94877833,0.9508166,0.9523802,0.9477659,0.96170664,0.94618475,0.95458186,0.95404553,0.9449009,0.9515046,0.9293224,0.9210659,0.95356417,0.9558972,0.9538455,0.9398012,0.89749914,0.9467496,0.95069784,0.9709439,0.9465345,0.94810903,0.9470369,0.946881,0.9436276,0.9208644,0.9159117,0.94819427,0.9506767,0.94501245,0.9356215,0.9480467,0.9404307,0.9381727,0.94123167,0.95414674,0.94461346,0.9560316,0.94583726,0.9511617,0.9469064,0.9771761,0.95264864,0.9492471,0.947911,0.9476455,0.95591396,0.9392497,0.9562337,0.9468842,0.9457618,0.9550076,0.93869317,0.9492182,0.9596999,0.9517068,0.9495015,0.9298486,0.94817203,0.9438265,0.938519,0.951304,0.7671346,0.9303949,0.9559953,0.9258792,0.94203967,0.91334766,0.9523755,0.93768066,0.9512731,0.9407165,0.9504956,0.95977885,0.9441897,0.9643072,0.95192885,0.9344506,0.9521468,0.94410044,0.9679233,0.9434889,0.951304,0.9378374,0.941922,0.9666221,0.95764506,0.95026696,0.94905376,0.9478936,0.94342977,0.9466367,0.9428515,0.96485406,0.9442602,0.95556486,0.9781019,0.94717,0.96045035,0.9567478,0.94097614,0.96062595,0.8947896,0.93923736,0.9210298,0.9373048,0.9414024,0.9492556,0.93754274,0.9575943,0.9520767,0.9519723,0.9463056,0.95151293,0.9469866,0.94290626,0.9584921,0.94889516,0.9596958,0.94916284,0.93971026,0.9416696,0.9439532,0.9503414,0.9461385,0.9464099,0.9475374,0.9370173,0.9357861,0.947999,0.9373193,0.9720679,0.9723111,0.95031244,0.9453081,0.9514101,0.9451787,0.94167656,0.94407654,0.947124,0.9296601,0.9532627,0.96502614,0.9519876,0.9354322,0.93412054,0.95753133,0.9504585,0.9467361,0.94007343,0.9408058,0.9720679,0.937093,0.950747,0.9562317,0.96506494
abominablemovie,0.9508964,0.94482404,0.94698924,1.0000008,0.9593972,0.95276386,0.9655392,0.9548198,0.97309387,0.95566136,0.9597886,0.9505572,0.9499713,0.9583283,0.95292944,0.95266515,0.95844793,0.9530155,0.9547008,0.93152755,0.93688977,0.9443984,0.95356923,0.9439973,0.94835025,0.8962315,0.9513961,0.9505331,0.9527199,0.9457294,0.9538553,0.9542794,0.951645,0.93961126,0.93104917,0.920197,0.94474566,0.95975935,0.95234555,0.94206226,0.9480476,0.9483326,0.9411654,0.9562326,0.95984405,0.9469302,0.9507271,0.951203,0.960444,0.95467085,0.9563995,0.95807403,0.95195496,0.9401123,0.9384593,0.9528314,0.9429991,0.95473754,0.95790625,0.9527504,0.9459821,0.9467338,0.9452828,0.9576962,0.952938,0.94956917,0.9301109,0.94085425,0.9533657,0.93059397,0.96073216,0.80143976,0.93980116,0.9489662,0.9513329,0.94413996,0.91714054,0.9513206,0.9423889,0.95454943,0.9499101,0.9638673,0.947772,0.94445956,0.95540583,0.9495624,0.9441553,0.9549666,0.94919485,0.9584131,0.9487688,0.96073216,0.93831784,0.9522786,0.9553426,0.9591309,0.9577738,0.9499561,0.95412844,0.94018716,0.93851995,0.94611967,0.9431013,0.95639586,0.9572417,0.9560836,0.9455594,0.95917034,0.9438748,0.95260316,0.9584424,0.905453,0.95193195,0.930409,0.9542037,0.9518822,0.95644414,0.9472707,0.9563179,0.9597498,0.9528265,0.94710803,0.95146537,0.94715464,0.9499667,0.9491553,0.9523845,0.95251685,0.94497406,0.9370832,0.9526022,0.95113105,0.955085,0.95363647,0.95869076,0.9495551,0.9476523,0.94848585,0.9594071,0.9353203,0.97309387,0.9516668,0.9434907,0.9522655,0.9368082,0.95745957,0.94970596,0.9500664,0.949011,0.94362944,0.96100116,0.94583964,0.9594898,0.9162648,0.9430195,0.95871943,0.9423618,0.95787394,0.9531354,0.9502732,0.97309387,0.94609416,0.9467772,0.9535266,0.9468017
adastramovie,0.9622525,0.95522606,0.9540078,0.9593972,1.0000006,0.95406747,0.9639475,0.9541197,0.9818975,0.96966845,0.95131254,0.95762277,0.96100646,0.96934885,0.9639803,0.9553864,0.95713425,0.9717842,0.96286994,0.94514304,0.93947965,0.9544019,0.9577873,0.9572264,0.9541384,0.9134465,0.97585356,0.94936556,0.9605546,0.952722,0.9622423,0.95496404,0.9536287,0.95027155,0.93974864,0.9394793,0.9565187,0.9587052,0.96121573,0.94800746,0.95513356,0.9567209,0.9462326,0.95741683,0.96377707,0.95629823,0.9523888,0.95464474,0.95616,0.9602646,0.96047294,0.96263146,0.9606308,0.96218747,0.94841135,0.9658763,0.95881236,0.9593088,0.9627917,0.9543435,0.94913614,0.9538278,0.9573235,0.97033626,0.9595162,0.94882,0.9418297,0.953975,0.9474226,0.9402359,0.96171534,0.7695524,0.9422061,0.9536372,0.94663894,0.9536717,0.9125496,0.95518196,0.95691,0.9506395,0.9429256,0.9637025,0.963341,0.9464661,0.9615156,0.9564012,0.94021547,0.9665117,0.9476306,0.96552515,0.958055,0.96171534,0.94600147,0.96091294,0.9577222,0.9580668,0.95835716,0.9549054,0.95562726,0.9492951,0.95584303,0.9464381,0.9488052,0.95694166,0.96516526,0.96427846,0.956427,0.9695915,0.9578512,0.9556308,0.9685123,0.89197034,0.96182036,0.9346472,0.95711166,0.9469533,0.964282,0.9426022,0.96428615,0.960471,0.95924723,0.95222825,0.95976716,0.9539091,0.95666736,0.96036047,0.9639989,0.95412916,0.9618713,0.93902075,0.9534599,0.96817195,0.9555733,0.94412035,0.96027505,0.9565735,0.95105475,0.9544342,0.9585764,0.94963014,0.9818975,0.96386564,0.9574141,0.9641747,0.95149434,0.9521955,0.9596964,0.955594,0.9708,0.9573177,0.96661913,0.95329714,0.9595528,0.9319216,0.94700897,0.95936406,0.9457001,0.9603221,0.95187056,0.95367724,0.9818975,0.9539783,0.9608495,0.9599533,0.95327264
adogsjourneymovie,0.9549444,0.9604895,0.9426463,0.95276386,0.95406747,1.0000001,0.95831734,0.95291203,0.9730873,0.95208675,0.95893687,0.9552167,0.9468446,0.95862734,0.9609007,0.9591375,0.9602389,0.94419175,0.95752907,0.94616127,0.9409552,0.9478964,0.9548878,0.9507348,0.94872,0.8968423,0.9504201,0.95041525,0.95395476,0.9398779,0.9507873,0.9486422,0.9514125,0.9380362,0.93498105,0.9104758,0.9461674,0.9482892,0.95305884,0.9550481,0.94691205,0.9540146,0.952386,0.95285726,0.9659376,0.9473882,0.9514853,0.9446711,0.94803774,0.9557435,0.9564303,0.9612488,0.9532436,0.94670135,0.9236083,0.9442467,0.94443554,0.9564947,0.94902736,0.9528937,0.9481838,0.9505519,0.95374674,0.9586089,0.95322484,0.9482629,0.9495595,0.951101,0.9502385,0.9407383,0.96026284,0.7868076,0.9367678,0.94853365,0.94736165,0.9509055,0.9076584,0.9572647,0.93491787,0.9551056,0.9477402,0.94855005,0.95770943,0.9398593,0.9552052,0.9415384,0.930507,0.9538431,0.94823194,0.9587919,0.94839185,0.96026284,0.94792914,0.96050614,0.95207095,0.95121145,0.9546649,0.94925064,0.95517915,0.94704247,0.9329781,0.9577239,0.94895864,0.95375705,0.9556983,0.9546771,0.95899826,0.96408814,0.94793594,0.9459146,0.9564274,0.88697773,0.95365614,0.92395055,0.9565491,0.95926183,0.9563961,0.94709307,0.9547427,0.9516286,0.96010023,0.95101935,0.9443941,0.9687358,0.95428973,0.95317054,0.9567158,0.94216484,0.95365477,0.94575787,0.94930124,0.9526549,0.95424044,0.9395694,0.95935917,0.9432053,0.9578555,0.9559884,0.95993626,0.9411793,0.9730873,0.9527948,0.9428146,0.95310235,0.93975097,0.9573027,0.94576085,0.9463991,0.95215446,0.94332707,0.9599717,0.9501077,0.9542061,0.9220645,0.9384075,0.95295596,0.9509985,0.9623297,0.95734054,0.9518203,0.9730873,0.9436715,0.9536288,0.94932425,0.94688183
aftermathmovie,0.9549635,0.95932275,0.9471241,0.9655392,0.9639475,0.95831734,1.0000001,0.95786315,0.9787044,0.95491,0.95649076,0.9537292,0.945582,0.9638657,0.9654366,0.95691484,0.96298283,0.95404696,0.95765203,0.9468028,0.9448288,0.95460576,0.9544634,0.95422834,0.9577076,0.9050695,0.954037,0.95132285,0.96008044,0.9399378,0.9517312,0.9574044,0.9592986,0.9510905,0.9467345,0.9282303,0.94868165,0.95480406,0.95552814,0.9474362,0.9535808,0.95620304,0.9550529,0.96145475,0.96209025,0.95171046,0.95121884,0.94882715,0.9644569,0.96181744,0.95500565,0.96255255,0.9519752,0.9454916,0.93764615,0.9558426,0.9556312,0.95601445,0.9536374,0.9619767,0.9493436,0.95085776,0.9492608,0.9641099,0.95732194,0.9508337,0.9429298,0.94798654,0.95249194,0.94569165,0.9648029,0.8014938,0.9399089,0.95226,0.9526028,0.9456991,0.9141913,0.96006405,0.94339836,0.94943357,0.953045,0.9767099,0.957075,0.94187367,0.9486194,0.9518878,0.93665034,0.95493203,0.9512206,0.9561323,0.95165867,0.9648029,0.94148874,0.9592418,0.9453409,0.96055764,0.9607884,0.9518122,0.9800585,0.9475288,0.9387491,0.9525517,0.94657665,0.9619307,0.96294224,0.9522509,0.96399754,0.96156234,0.95271575,0.9503014,0.9590557,0.9094159,0.95722085,0.94668204,0.9572961,0.9544611,0.9587909,0.9507169,0.96331334,0.9885408,0.9563391,0.95812964,0.95084137,0.9508537,0.9550782,0.9552206,0.96371734,0.94565105,0.9468862,0.9435999,0.9594414,0.95269966,0.95687604,0.95402133,0.9605528,0.94899327,0.9481088,0.9539452,0.9642047,0.94629735,0.9787044,0.95674354,0.9458259,0.95279574,0.94120497,0.95364136,0.9598421,0.95870626,0.9572407,0.9493505,0.9819678,0.9526154,0.9502335,0.9088431,0.9486422,0.9624158,0.9464648,0.9622449,0.95789474,0.9487381,0.9787044,0.9555014,0.95795196,0.9617089,0.94918454
aftermovie,0.95987,0.95839727,0.95074475,0.9548198,0.9541197,0.95291203,0.95786315,0.99999976,0.97690374,0.9570936,0.9584316,0.9515958,0.9423786,0.9571164,0.962234,0.95663404,0.9641152,0.95186055,0.96310794,0.9483187,0.9339933,0.95706636,0.9671456,0.9551226,0.94938284,0.90346164,0.955334,0.9522716,0.95357597,0.95128995,0.9564132,0.9582035,0.9487056,0.9487849,0.938035,0.9270608,0.951704,0.9554814,0.95816576,0.9516252,0.94813055,0.9538283,0.9446219,0.9521126,0.95784944,0.9536796,0.96707636,0.94587654,0.95465016,0.95497996,0.9605117,0.96302944,0.9510281,0.9454103,0.9546445,0.9524295,0.9538004,0.9631483,0.9489773,0.95704526,0.95441103,0.9430789,0.9557643,0.9638927,0.95272386,0.9612491,0.9474789,0.9533887,0.9558551,0.94170445,0.96075356,0.79410315,0.9396848,0.95774657,0.9516591,0.94932413,0.91870123,0.95869505,0.93889546,0.95148176,0.947298,0.9554828,0.95187116,0.9471932,0.9493366,0.9507835,0.9383732,0.9553287,0.95112395,0.95457274,0.9566032,0.96075356,0.9597272,0.96093476,0.9539492,0.9561173,0.95939046,0.9590555,0.9516215,0.9517415,0.9427948,0.9508197,0.9523694,0.9538916,0.95675,0.95454484,0.9579195,0.95760715,0.9475436,0.95596033,0.95228785,0.90291274,0.9534124,0.9279592,0.9577506,0.95113033,0.9609025,0.9515801,0.963055,0.9532908,0.96073043,0.9654178,0.96330714,0.9489668,0.96272695,0.96226335,0.95861715,0.95514137,0.9580886,0.94586736,0.9523355,0.95479244,0.952872,0.94942594,0.9633126,0.95707107,0.956014,0.9522963,0.9564395,0.95240873,0.97690374,0.9611297,0.9473364,0.9546347,0.94599056,0.9580703,0.9577371,0.94833887,0.95424175,0.94800353,0.9591356,0.9588985,0.95764595,0.93707895,0.94674337,0.95169896,0.94609404,0.96397024,0.96661144,0.95237935,0.97690374,0.94661796,0.9548045,0.96225935,0.95438457
ahiddenlifefilm,0.9790928,0.9755744,0.9720679,0.97309387,0.9818975,0.9730873,0.9787044,0.97690374,1.0,0.972558,0.97715616,0.97234756,0.9722561,0.9846406,0.9803692,0.97604096,0.9826642,0.97321266,0.97894,0.9649093,0.9594695,0.97361666,0.97807795,0.97617424,0.9731055,0.9234066,0.9780729,0.9734058,0.9801265,0.9722196,0.97388095,0.97229975,0.9693248,0.9678213,0.95885223,0.94861525,0.9759152,0.9779138,0.9786528,0.9690502,0.9737877,0.97451735,0.96757436,0.972639,0.9813714,0.9727009,0.9740837,0.969454,0.9768419,0.9776543,0.98079765,0.97930175,0.9723904,0.9683865,0.9647912,0.97703224,0.96930444,0.981039,0.97439075,0.978731,0.9709904,0.9692987,0.9750734,0.9846994,0.9771146,0.9721718,0.9628497,0.9701001,0.9733621,0.9619958,0.98355347,0.8015641,0.96343124,0.971324,0.9654493,0.97115946,0.9377444,0.9762078,0.96693814,0.97104913,0.9703224,0.975553,0.97946244,0.97039634,0.9765411,0.9712922,0.9631059,0.97719973,0.9713238,0.97964746,0.97670853,0.98355347,0.9683497,0.9765319,0.9762425,0.9774187,0.9804252,0.97757506,0.97429466,0.9714907,0.9661266,0.9679754,0.9696732,0.9775167,0.98103803,0.97988325,0.98026204,0.98401153,0.97144914,0.9715784,0.9821123,0.9159578,0.9756414,0.94962025,0.9753826,0.96997714,0.9802769,0.96843976,0.98221195,0.9754814,0.9783968,0.9761982,0.9735114,0.9697079,0.98006654,0.97773856,0.9784725,0.97240096,0.97503746,0.9605836,0.9760259,0.9747496,0.9768477,0.9669603,0.977762,0.9777021,0.9711894,0.9716136,0.9812563,0.96734136,1.0,0.9812781,0.9702667,0.978994,0.9693498,0.9752204,0.9718934,0.9726355,0.9788075,0.9695913,0.9791252,0.97424513,0.9750007,0.9446363,0.9687219,0.97546136,0.9679827,0.98138624,0.9756126,0.9737364,1.0,0.970388,0.97882974,0.9747357,0.9735756
alitamovie,0.94637036,0.9483895,0.94877833,0.95566136,0.96966845,0.95208675,0.95491,0.9570936,0.972558,0.9999995,0.94876766,0.9537279,0.94947875,0.95450294,0.95719975,0.9533922,0.9525548,0.9549104,0.95320904,0.93839514,0.93393123,0.94320774,0.9525198,0.948209,0.9486174,0.9108915,0.9561105,0.94711417,0.9476225,0.9387598,0.95436466,0.9488073,0.94769555,0.93619365,0.9251891,0.9209359,0.9518015,0.952379,0.9553895,0.94335556,0.9523831,0.94583505,0.93837774,0.9467779,0.9533444,0.93892604,0.9465682,0.9550488,0.94617146,0.94622326,0.9472049,0.9559561,0.9418997,0.9433126,0.9446287,0.9558853,0.9468517,0.95341974,0.9477915,0.95080125,0.9404456,0.9425157,0.94671726,0.9607504,0.9586122,0.9435747,0.9329703,0.95130616,0.9442252,0.94179344,0.9579703,0.7683965,0.9291443,0.95127404,0.93768626,0.9425059,0.9014023,0.9457617,0.94360495,0.94754994,0.9397597,0.945243,0.9512228,0.93093127,0.94667447,0.94446796,0.9367977,0.9552505,0.9459295,0.9578919,0.9494688,0.9579703,0.9346732,0.9544497,0.95127475,0.95476204,0.9472671,0.95742863,0.95231336,0.9381863,0.934252,0.94304955,0.9382441,0.95606023,0.9617924,0.9525137,0.9537521,0.955684,0.9403006,0.9516851,0.955373,0.8967096,0.95012176,0.9163578,0.9444257,0.937181,0.9462503,0.93556195,0.9551483,0.94778836,0.9616405,0.9487616,0.94895715,0.9508173,0.9509047,0.9591627,0.9529406,0.94154674,0.95399904,0.9366772,0.9562482,0.9537921,0.9476063,0.94870615,0.95959705,0.94250274,0.9403696,0.946681,0.9573383,0.93326676,0.972558,0.9536484,0.935169,0.95183074,0.94140434,0.9492015,0.94672996,0.9455542,0.9586798,0.94454056,0.95851904,0.9444625,0.953558,0.91326356,0.94377416,0.9547307,0.9389188,0.95553493,0.9537129,0.9451042,0.972558,0.95601827,0.9601912,0.9537178,0.9389415
angelhasfallen,0.95986795,0.9524143,0.9508166,0.9597886,0.95131254,0.95893687,0.95649076,0.9584316,0.97715616,0.94876766,1.0000001,0.9540514,0.9466235,0.96329355,0.9642144,0.9546087,0.97033924,0.9539921,0.95496404,0.94609314,0.9314208,0.95511454,0.9564415,0.9606436,0.9532723,0.90040195,0.9498615,0.96650624,0.9604183,0.95399946,0.94926155,0.947607,0.94864947,0.94230896,0.92804873,0.9139799,0.95054424,0.96264267,0.9558031,0.95302576,0.9517929,0.95883745,0.9474232,0.95104015,0.96475387,0.9459578,0.9519642,0.95561934,0.9590622,0.95854753,0.9663677,0.95627,0.9408562,0.93999654,0.94384354,0.9555932,0.93810946,0.9616396,0.95605606,0.9642625,0.9454926,0.9566569,0.960069,0.95507824,0.9542531,0.96096265,0.94965756,0.94445664,0.9683239,0.93437356,0.96564215,0.8043013,0.9407107,0.95988995,0.949245,0.9482483,0.9072462,0.9622276,0.95055777,0.9656959,0.9638426,0.95589054,0.9546554,0.9472898,0.9513065,0.95599824,0.95431083,0.9533782,0.95745957,0.9574032,0.9609062,0.96564215,0.9405837,0.95979524,0.9598737,0.968265,0.9719425,0.9572023,0.952373,0.94575113,0.93718547,0.95589036,0.9468825,0.9621646,0.96221703,0.9610497,0.9573958,0.95579207,0.94742155,0.94648975,0.955617,0.8843639,0.95032793,0.92349005,0.95799524,0.9659021,0.96452224,0.9437537,0.96205527,0.9512778,0.9512418,0.9539013,0.9529431,0.954913,0.95401186,0.9552453,0.9583518,0.9540302,0.95819205,0.93618846,0.9564718,0.95229006,0.96277535,0.94996715,0.96071404,0.95778054,0.95793706,0.95698833,0.9633073,0.94446766,0.97715616,0.9606823,0.94711345,0.9593166,0.94679713,0.9544098,0.9445322,0.9409674,0.9505866,0.9479491,0.95989263,0.954502,0.96198153,0.92708033,0.9517116,0.9578944,0.9392712,0.96657866,0.9572421,0.9529164,0.97715616,0.9423159,0.95546734,0.9465915,0.95906895
angrybirdsmovie,0.9547547,0.94844216,0.9523802,0.9505572,0.95762277,0.9552167,0.9537292,0.9515958,0.97234756,0.9537279,0.9540514,1.0000004,0.9492261,0.95590407,0.95011735,0.9503459,0.9598898,0.94421524,0.9510813,0.93859273,0.93851215,0.9578428,0.9584738,0.94347805,0.9471889,0.9176417,0.95707214,0.9445877,0.9584982,0.96325684,0.9464507,0.95390934,0.9451314,0.9553591,0.9316729,0.93425393,0.9402283,0.95149106,0.9556371,0.9431635,0.94475216,0.9433442,0.9334768,0.9437555,0.96156204,0.9538632,0.95565796,0.9518831,0.9544319,0.9499595,0.96587795,0.9475143,0.9473079,0.9420085,0.9379961,0.94900864,0.9512174,0.9577485,0.9505294,0.95410675,0.9480013,0.94526815,0.94978225,0.95749545,0.9481893,0.9457316,0.9401499,0.93421817,0.9460279,0.93923825,0.957024,0.7811272,0.9389268,0.9488209,0.9405394,0.94482464,0.9182442,0.94569004,0.94233876,0.95369434,0.94306016,0.9507624,0.95255846,0.94303805,0.96240866,0.95507556,0.928764,0.95168597,0.94899446,0.95184326,0.95596045,0.957024,0.9397872,0.94703674,0.9574064,0.9605632,0.9547839,0.94578457,0.95107836,0.9468588,0.9438661,0.94550973,0.95201594,0.9535588,0.94687414,0.96342874,0.9504593,0.9650589,0.9546066,0.9497153,0.9598468,0.88876796,0.95906866,0.93152696,0.95449954,0.9377022,0.94615,0.9363894,0.9564249,0.94826764,0.96079725,0.9506369,0.9439604,0.945727,0.94505256,0.9567394,0.94643176,0.95158315,0.9553492,0.9362041,0.94189745,0.9527222,0.9450588,0.93745196,0.95867807,0.95608,0.9464908,0.9372316,0.96405834,0.9491427,0.97234756,0.9621713,0.95091987,0.9629649,0.9524704,0.95238125,0.9497835,0.94570583,0.9591163,0.9309483,0.9555801,0.9544757,0.9500809,0.90491664,0.93769264,0.9526047,0.940021,0.96598667,0.953597,0.95065653,0.97234756,0.9453244,0.95518583,0.94701415,0.9577303
annabellemovie,0.949238,0.9510823,0.9477659,0.9499713,0.96100646,0.9468446,0.945582,0.9423786,0.9722561,0.94947875,0.9466235,0.9492261,1.0000002,0.9602346,0.95168483,0.9514646,0.95103955,0.9433682,0.9506861,0.931185,0.9371437,0.9435991,0.9491566,0.94285524,0.95068145,0.9068554,0.9578975,0.9503323,0.9544432,0.9451419,0.94721323,0.95411044,0.9466529,0.94040567,0.930793,0.9202649,0.9465287,0.9681722,0.9537522,0.9453692,0.954443,0.9519164,0.938072,0.94140804,0.9541973,0.9497059,0.9462094,0.9487268,0.9446792,0.9496475,0.9574718,0.9548751,0.94681937,0.95648396,0.9475893,0.94141424,0.9536665,0.9585045,0.952153,0.9494408,0.952425,0.94172096,0.9520168,0.96810573,0.94820434,0.9422251,0.9351279,0.9442935,0.9429602,0.93603206,0.95478654,0.77054566,0.91784614,0.94368446,0.9338647,0.94147843,0.9135263,0.94843537,0.9492685,0.9477929,0.94524974,0.9539523,0.9621258,0.9392355,0.96539295,0.94075334,0.95324075,0.9767091,0.9484405,0.9607041,0.948923,0.95478654,0.9355485,0.93636423,0.95551676,0.94364464,0.9547011,0.9493814,0.9433347,0.94174606,0.9456765,0.9424397,0.94357747,0.95251304,0.95301765,0.9613069,0.9520554,0.9662066,0.9500296,0.9439052,0.9657331,0.88684285,0.9588587,0.9124408,0.95063597,0.9338359,0.95235157,0.9435356,0.9611045,0.94394,0.9629884,0.94745547,0.94598037,0.9453048,0.94721764,0.94613856,0.9628099,0.9493394,0.9496545,0.9340514,0.9495155,0.94523454,0.94503695,0.93866134,0.95369166,0.94870245,0.94355005,0.945111,0.9463872,0.9472059,0.9722561,0.9569595,0.9514154,0.9570972,0.9578643,0.95324403,0.9456358,0.9585169,0.9649617,0.9380551,0.9520193,0.94100064,0.95814776,0.91589075,0.94198555,0.9479557,0.9445317,0.953857,0.94638544,0.95487446,0.9722561,0.9499298,0.95445025,0.9465393,0.94996816
annamovie,0.9598185,0.964081,0.96170664,0.9583283,0.96934885,0.95862734,0.9638657,0.9571164,0.9846406,0.95450294,0.96329355,0.95590407,0.9602346,1.0000004,0.9659178,0.96431315,0.96649086,0.9628472,0.9591069,0.9477906,0.93933195,0.9653378,0.96480465,0.9601519,0.9543798,0.9185777,0.96913755,0.9602112,0.96730953,0.95966315,0.95989054,0.95605874,0.95449436,0.9478065,0.94260806,0.9422109,0.9610157,0.96689504,0.9676826,0.95316774,0.9590916,0.9619277,0.9565887,0.961264,0.96990335,0.95385975,0.959913,0.9530542,0.96247184,0.9640191,0.9669755,0.9623247,0.96176285,0.96595675,0.9485371,0.96659,0.94977313,0.96323043,0.9595365,0.96864265,0.9553254,0.95863706,0.9621771,0.97569907,0.9626642,0.95504785,0.9421711,0.9540791,0.95948446,0.9498767,0.9712392,0.78799087,0.9542482,0.9525515,0.954399,0.95582634,0.93248665,0.96058273,0.95276916,0.9638867,0.9596242,0.9638182,0.9666726,0.9583676,0.96341723,0.95724463,0.9521434,0.9663439,0.95742416,0.96619964,0.96630967,0.9712392,0.9482828,0.95848507,0.9645264,0.9628053,0.9691924,0.9657304,0.9586681,0.9672481,0.9486874,0.95459056,0.9518378,0.9677319,0.9785301,0.9699532,0.96757096,0.9672741,0.9549134,0.9485226,0.9706718,0.9078854,0.96275735,0.93563783,0.9580845,0.95616937,0.9671609,0.95690656,0.968328,0.96557873,0.9564703,0.9602335,0.9567698,0.9505328,0.9640323,0.962086,0.96589726,0.95532715,0.9596899,0.950286,0.958501,0.95643157,0.96028346,0.9490337,0.9583938,0.96224934,0.9553607,0.9574666,0.9675261,0.95175046,0.9846406,0.9705607,0.9570906,0.9641262,0.9523262,0.96317685,0.955989,0.9592388,0.960059,0.95999104,0.9670959,0.9642227,0.9630074,0.93839985,0.9569562,0.9638835,0.953709,0.968019,0.95719033,0.95857763,0.9846406,0.9611209,0.9700856,0.95841664,0.95836294
apollo11movie,0.9690508,0.961034,0.94618475,0.95292944,0.9639803,0.9609007,0.9654366,0.962234,0.9803692,0.95719975,0.9642144,0.95011735,0.95168483,0.9659178,0.9999997,0.9615783,0.96764934,0.9601417,0.9689235,0.9740689,0.9385906,0.9534248,0.95971674,0.957249,0.9650155,0.9006119,0.95837843,0.95453215,0.9600837,0.9510867,0.9602113,0.9530893,0.95001334,0.94182,0.93749523,0.92768526,0.958538,0.961712,0.95663244,0.95220274,0.9541542,0.9614414,0.9569911,0.96027774,0.96272814,0.9565022,0.95718676,0.94383764,0.9508047,0.9629745,0.9594694,0.96331114,0.94789255,0.9507363,0.94282806,0.95964485,0.9532524,0.9585194,0.9606309,0.953275,0.9486837,0.95778996,0.9561723,0.96792054,0.95911837,0.9556118,0.95859593,0.9549425,0.96110886,0.9462968,0.9617856,0.79308236,0.9559014,0.9578808,0.951123,0.9488621,0.9081386,0.9550417,0.9524344,0.94827276,0.95010513,0.95315164,0.95882034,0.94936925,0.9529657,0.9496689,0.9372863,0.95909435,0.95082605,0.95669967,0.9581032,0.9617856,0.9504364,0.96246976,0.95658284,0.9658829,0.9638367,0.9656404,0.95957565,0.9467178,0.9478671,0.95838124,0.94660336,0.9577597,0.960487,0.9559827,0.9591394,0.96945757,0.95255554,0.94963795,0.9583934,0.89519906,0.9577541,0.9248206,0.96041393,0.9578267,0.97049546,0.94934326,0.9608996,0.96199393,0.9619808,0.9638517,0.95339024,0.960849,0.9654594,0.95896983,0.96072423,0.95323354,0.9595763,0.9458959,0.95770913,0.957424,0.9593199,0.9514109,0.9598898,0.95991856,0.96021676,0.9636019,0.9570602,0.95215696,0.9803692,0.9611447,0.9527683,0.96494085,0.9486898,0.95499957,0.95379394,0.95143056,0.9615901,0.95722747,0.96062547,0.9610243,0.96125597,0.9220507,0.9514304,0.95133626,0.94839495,0.9652505,0.95820266,0.95591843,0.9803692,0.94533324,0.96106285,0.95305276,0.9518464
arcticdogsmovie,0.949916,0.96844167,0.95458186,0.95266515,0.9553864,0.9591375,0.95691484,0.95663404,0.97604096,0.9533922,0.9546087,0.9503459,0.9514646,0.96431315,0.9615783,0.9999997,0.9570289,0.94597214,0.96322453,0.9401253,0.9401241,0.9480935,0.95589626,0.9556483,0.95056856,0.8963178,0.9539074,0.9465507,0.9573896,0.9521358,0.958632,0.9489688,0.9554565,0.94996554,0.9326167,0.916379,0.9572959,0.9508552,0.94897896,0.94278985,0.9596275,0.94994617,0.94513184,0.95021176,0.96410483,0.94602597,0.95424265,0.95134354,0.9581524,0.9530454,0.96028626,0.95475066,0.9555533,0.9506496,0.9311267,0.9520996,0.9499903,0.95572567,0.94832665,0.9589215,0.9489813,0.9500959,0.9545953,0.96326476,0.9595703,0.9506368,0.9459929,0.9476498,0.9423376,0.9442964,0.9593252,0.78144115,0.9405318,0.9491242,0.938766,0.9477449,0.91413933,0.9554924,0.9391679,0.9593305,0.94492644,0.9463833,0.9565051,0.9480609,0.95854795,0.9454076,0.9405401,0.96242857,0.94949317,0.9593645,0.9578323,0.9593252,0.94691885,0.9521115,0.9619327,0.95607954,0.95252085,0.9414232,0.95786965,0.94459534,0.9429638,0.9395481,0.9422007,0.952343,0.9535313,0.9629071,0.9501453,0.9713561,0.96406925,0.95321965,0.96462244,0.9027546,0.9515788,0.9266023,0.9439622,0.940306,0.9477295,0.9511809,0.95856005,0.9582486,0.9618613,0.95788157,0.94309354,0.95761937,0.9637753,0.957472,0.9523179,0.9511993,0.9514086,0.9383634,0.9539824,0.9437877,0.9473971,0.9499331,0.9536503,0.95479643,0.95274407,0.9500327,0.95832294,0.9442086,0.97604096,0.9566994,0.9445299,0.95490867,0.95331967,0.95489204,0.95405304,0.9498692,0.9530055,0.95047665,0.95684737,0.9567817,0.9457482,0.929453,0.9477873,0.9489692,0.9538596,0.96034974,0.948542,0.9480564,0.97604096,0.95793414,0.96306115,0.96460843,0.95243347
arcticmovie,0.97050655,0.9570968,0.95404553,0.95844793,0.95713425,0.9602389,0.96298283,0.9641152,0.9826642,0.9525548,0.97033924,0.9598898,0.95103955,0.96649086,0.96764934,0.9570289,1.0,0.9520544,0.96215117,0.9607451,0.9435943,0.9546444,0.96712554,0.96279585,0.9586933,0.89948016,0.9599145,0.9730502,0.9663386,0.9583503,0.9559675,0.96438545,0.95085657,0.9538952,0.9405888,0.9290314,0.9598326,0.96552837,0.96530306,0.9575782,0.95420516,0.9557703,0.9567944,0.95599407,0.96819717,0.9626829,0.96234584,0.96087813,0.96318716,0.9603168,0.96604633,0.9639496,0.95539606,0.941949,0.94952196,0.96402663,0.95127237,0.9661897,0.9590475,0.96689653,0.95540076,0.9564844,0.96106106,0.96556246,0.964677,0.9639438,0.9531446,0.9505326,0.96631205,0.9440661,0.97349375,0.8169689,0.95208865,0.95772105,0.95228934,0.95233935,0.91722435,0.96438813,0.95281863,0.9584178,0.959293,0.9576608,0.96134055,0.956035,0.9567089,0.957338,0.9460147,0.95762676,0.9618505,0.9674287,0.9634295,0.97349375,0.96173555,0.9676034,0.9642079,0.9634694,0.9663751,0.9659432,0.96188027,0.9494523,0.953972,0.95919913,0.95465785,0.96653396,0.95891976,0.9619372,0.9656329,0.9661893,0.9502706,0.95004076,0.9647988,0.91425127,0.96317637,0.9384179,0.96556973,0.9614995,0.96974444,0.95684797,0.9613754,0.9614409,0.9673577,0.9624982,0.96008444,0.95579684,0.9625884,0.9716877,0.9615999,0.95884633,0.96015865,0.9547001,0.96541196,0.9579273,0.9787196,0.957802,0.96713185,0.9661558,0.9557762,0.9623053,0.9740249,0.95869815,0.9826642,0.96831506,0.95507616,0.96168375,0.9568042,0.9604179,0.95560384,0.95309114,0.9570521,0.9532743,0.9647424,0.96474683,0.9632815,0.92800885,0.9574132,0.96754223,0.9511135,0.9754166,0.96337175,0.9589914,0.9826642,0.9522197,0.9651438,0.9561567,0.9581606
artofracingmovie,0.9556628,0.94635564,0.9449009,0.9530155,0.9717842,0.94419175,0.95404696,0.95186055,0.97321266,0.9549104,0.9539921,0.94421524,0.9433682,0.9628472,0.9601417,0.94597214,0.9520544,1.0000005,0.94774276,0.9426887,0.9206013,0.94805145,0.9524237,0.95306283,0.9485363,0.90276194,0.9614752,0.9320963,0.9538163,0.9483484,0.9491693,0.9447874,0.9406564,0.9419955,0.93025535,0.92793137,0.94201684,0.9561166,0.9458302,0.9393586,0.9426518,0.94926745,0.944173,0.94748384,0.9622782,0.9466816,0.9442331,0.94341457,0.9437539,0.95427835,0.95272934,0.9487415,0.9479383,0.94093937,0.9343017,0.9690743,0.94557935,0.9513076,0.95738983,0.95079726,0.9368886,0.94754136,0.94844544,0.9543184,0.94996667,0.9501445,0.93413454,0.9442256,0.9496172,0.9360473,0.9560711,0.78883255,0.9401909,0.94172,0.9446146,0.9461685,0.9143002,0.9553806,0.94348043,0.9486678,0.9384789,0.94850475,0.9476799,0.94452965,0.94526225,0.9484293,0.9358569,0.94837236,0.946433,0.943915,0.9509173,0.9560711,0.94140476,0.9554821,0.9454654,0.9499437,0.9511355,0.9489817,0.9420857,0.9479589,0.94083416,0.9387331,0.9353749,0.94757766,0.96042264,0.9528692,0.95219,0.95296556,0.9472057,0.94714123,0.95463747,0.8951958,0.9491614,0.9240975,0.9433015,0.9478397,0.9620464,0.9340677,0.9541198,0.9508374,0.9472732,0.93576986,0.9457977,0.94413215,0.95252615,0.94337523,0.9590005,0.9410029,0.9559156,0.9348407,0.95084906,0.9633671,0.95018744,0.9339648,0.953218,0.9524238,0.9457938,0.94642955,0.9552092,0.9486972,0.97321266,0.95708513,0.9454342,0.95526415,0.9408675,0.9429282,0.9497155,0.9418622,0.94949,0.955719,0.9505968,0.9456071,0.94976723,0.9225443,0.94218546,0.9489434,0.9337422,0.94979364,0.9448397,0.94391185,0.97321266,0.94541514,0.9523644,0.94205946,0.9472439
avengers,0.97142994,0.9643795,0.9515046,0.9547008,0.96286994,0.95752907,0.95765203,0.96310794,0.97894,0.95320904,0.95496404,0.9510813,0.9506861,0.9591069,0.9689235,0.96322453,0.96215117,0.94774276,1.0,0.95155895,0.9394844,0.94597894,0.9531938,0.95687413,0.9538402,0.90277416,0.9532072,0.95553017,0.9543028,0.9462895,0.9732801,0.9532308,0.9409422,0.94860315,0.9325562,0.9225107,0.9544198,0.95741343,0.95547885,0.9502711,0.955267,0.9570932,0.95153195,0.94963276,0.9563923,0.95444256,0.9514787,0.9411757,0.95707834,0.95587754,0.95991117,0.9663607,0.9511529,0.9346563,0.939426,0.95170426,0.9547023,0.9652185,0.9552606,0.949324,0.9500822,0.9493377,0.94843006,0.9642902,0.95971733,0.9576639,0.9453035,0.95846015,0.9464154,0.9387806,0.9550218,0.7690457,0.939999,0.9543197,0.94129145,0.9489718,0.9163622,0.9490914,0.9450524,0.94742465,0.94269526,0.95397854,0.9599682,0.94974947,0.96514547,0.9459862,0.9343388,0.95911044,0.94681126,0.9633156,0.95338553,0.9550218,0.9549362,0.9567611,0.95720035,0.95895696,0.9583149,0.95563775,0.95192295,0.94931066,0.9432845,0.95201707,0.9528606,0.94745404,0.9533492,0.9571088,0.95466363,0.9707687,0.9596724,0.95882845,0.9583389,0.89763373,0.9527065,0.93358004,0.95425475,0.94862694,0.9602048,0.94726884,0.9575432,0.95833474,0.9617119,0.9644405,0.9476231,0.9524315,0.9621555,0.9612063,0.95411366,0.95895195,0.9563544,0.9540619,0.9514184,0.95830196,0.9596133,0.9520998,0.95563036,0.9518359,0.95562977,0.9573919,0.9524658,0.94787395,0.97894,0.95732886,0.9502444,0.96145046,0.9478661,0.9597426,0.9499618,0.953738,0.95796096,0.95141435,0.9597733,0.95488065,0.9543126,0.9434557,0.9481084,0.9510105,0.95049685,0.960061,0.9548381,0.95237774,0.97894,0.9483438,0.9498864,0.9525688,0.9544573
beachbummovie,0.96271086,0.9453035,0.9293224,0.93152755,0.94514304,0.94616127,0.9468028,0.9483187,0.9649093,0.93839514,0.94609314,0.93859273,0.931185,0.9477906,0.9740689,0.9401253,0.9607451,0.9426887,0.95155895,1.0000004,0.93544203,0.9457961,0.9419308,0.9343669,0.9456979,0.89099723,0.941716,0.9463231,0.94892895,0.9396749,0.9367763,0.93903387,0.9283733,0.9287944,0.9238508,0.9183162,0.94659525,0.94349635,0.9416303,0.9389348,0.93783206,0.9351023,0.9436773,0.9359195,0.9446128,0.9578274,0.94038993,0.936753,0.9381335,0.9394909,0.9461616,0.94669914,0.94253594,0.9288115,0.9324575,0.9504504,0.9458893,0.9463606,0.9435758,0.94375926,0.93752724,0.9375785,0.9410211,0.9520406,0.9448686,0.94032544,0.9506212,0.93954736,0.9459132,0.93542606,0.9491679,0.7945664,0.94915825,0.9398614,0.93029964,0.93881834,0.8894113,0.94455504,0.93968856,0.92926496,0.936909,0.93049955,0.93778527,0.9334677,0.9395829,0.9306684,0.924159,0.9393588,0.9368649,0.9459956,0.9454044,0.9491679,0.94283044,0.95477146,0.9442385,0.9441189,0.9480902,0.96303266,0.9477963,0.92823863,0.94506204,0.95553595,0.9289128,0.9466432,0.93985224,0.94017154,0.9513552,0.95443064,0.93709594,0.9279318,0.9400424,0.8832044,0.9453405,0.9198695,0.9515534,0.9455981,0.9583603,0.9377776,0.94183546,0.94278497,0.94822305,0.9583572,0.9421412,0.94166934,0.9497921,0.95351577,0.95227903,0.9319599,0.9431065,0.92875916,0.9505236,0.94249994,0.9512061,0.93763924,0.9468855,0.9509118,0.9475475,0.94244075,0.9490072,0.9570575,0.9649093,0.94326955,0.93983287,0.9494185,0.93737596,0.94264865,0.9436311,0.9346352,0.9428496,0.9385523,0.9474655,0.94734937,0.946292,0.9066657,0.9389089,0.9391098,0.9422346,0.95344067,0.9497554,0.935741,0.9649093,0.9313093,0.94770634,0.9342778,0.9380122
bernadettefilm,0.93554825,0.93358445,0.9210659,0.93688977,0.93947965,0.9409552,0.9448288,0.9339933,0.9594695,0.93393123,0.9314208,0.93851215,0.9371437,0.93933195,0.9385906,0.9401241,0.9435943,0.9206013,0.9394844,0.93544203,0.9999999,0.9426299,0.9346408,0.9290751,0.9446714,0.9050545,0.944784,0.9319057,0.9415657,0.9470538,0.9336344,0.9328015,0.93514115,0.9332654,0.922828,0.9345391,0.93774694,0.9367223,0.94532293,0.9365805,0.93164176,0.92396075,0.9389101,0.9337529,0.94506496,0.9536235,0.93218625,0.9358215,0.93667996,0.9370183,0.9368001,0.9396041,0.942398,0.930425,0.92133117,0.92279184,0.93757784,0.9413113,0.929743,0.94883543,0.92606056,0.9353121,0.9335395,0.9473787,0.9378692,0.92654514,0.9224902,0.9248067,0.9327317,0.92074335,0.9507662,0.82142115,0.9354639,0.9340137,0.93873477,0.95186186,0.9163487,0.93267375,0.9267811,0.9289945,0.93854475,0.9366084,0.93583614,0.9389404,0.9352307,0.9272254,0.9272267,0.9385318,0.9340112,0.9471143,0.9411351,0.9507662,0.9360753,0.940664,0.9310787,0.9294525,0.94248307,0.94199395,0.94201463,0.9264943,0.9346134,0.9421714,0.93333393,0.9511329,0.9319374,0.93452805,0.9518347,0.9528654,0.93591267,0.94255257,0.94544894,0.87660086,0.94446284,0.9232156,0.9563122,0.925177,0.9361019,0.9444822,0.9420082,0.93484896,0.9425158,0.9478313,0.92516285,0.92449355,0.94823986,0.93705523,0.93853164,0.9306672,0.926836,0.9314366,0.9560242,0.9333344,0.93588567,0.9307071,0.9456106,0.953506,0.9401515,0.9309759,0.9497519,0.9376311,0.9594695,0.9389554,0.938142,0.9386806,0.9208232,0.9508088,0.9437231,0.93016076,0.94725627,0.93747556,0.95101875,0.9310618,0.9345659,0.88063556,0.947944,0.9377492,0.93530685,0.9526812,0.94459224,0.92925626,0.9594695,0.9426051,0.9448152,0.9416328,0.9249869
