movie,21bridgesmovie,47metersdown,abeautifuldaymovie,abominablemovie,adastramovie,adogsjourneymovie,aftermathmovie,aftermovie,ahiddenlifefilm,alitamovie,angelhasfallen,angrybirdsmovie,annabellemovie,annamovie,apollo11movie,arcticdogsmovie,arcticmovie,artofracingmovie,avengers,beachbummovie,bernadettefilm,blackandbluemovie,blackchristmas,blindedbythelightmovie,bombshellmovie,booksmart,breakthroughmovie,brianbanksmovie,brightburnmovie,brittanyrunsmov,captainmarvelofficial,captivestatemovie,catsmovie,charliesangels,childsplaymovie,clarathefilm,coldpursuitmovie,countdown,currentwarmovie,darkwatersmovie,detectivepikachumovie,disneyaladdin,disneyfrozen,disneymaleficent,doctorsleepmovie,dolemiteismyname,dontletgomovie,doramovie,downtonabbey_official,dumbo,escaperoom,everybodyknowsmovie,fastandfuriousmovie,fightingwmyfam,fivefeetapartfilm,fordvferrari,freaksthefilm,geminimanmovie,glassmovie,gloriabellmovie,godzillamovie,goldfinchmovie,goodboysmovie,goodliarmovie,gretafilm,halathemovie,happydeathdaymovie,harrietfilm,hellboymovie,hersmellmovie,highlifemovie,highstrungmovie,honeyboymovie,hotelmumbaifilm,httydragon,hustlemovie,hustlersmovie,isntitromantic,itmovieofficial,jayandsilentbob,johnwickmovie,jojorabbitmovie,jokermovie,judythefilm,jumanjimovie,justmercyfilm,knivesout,lalloronamovie,lastblackmansf,lastchristmasthemovie,latenightmovie,lighthousemovie,lionking,littlethemovie,littlewomenmovie,littlewoodsfilm,longshotmovie,lordsofchaosmovie,lucyintheskyfilm,mamovie2019,marriagestory,meettheaddams,meninblack,midsommarmovie,midwaymovie,missbalamovie,missinglinkfilm,motherlessbklyn,onceinhollywood,onthebasisofsex,overcomermovie,peanutbutterfalcon,petsematarymovie,piercingmovie,playingwithfire,playmobilthemovie,pomsmovie,queenandslim,rambomovie,readyornotfilm,richardjewellfilm,rocketmanmovie,scarystoriesmovie,secretlifeofpets,serenityfilm,shaftmovie,shazammovie,spidermanmovie,spiesindisguise,starwars,stormboymovie,stubermovie,taosdfilm,teenspiritmov,terminator,theaeronautsmov,thebestofenemies,thedeaddontdie,thefarewell,thehighwaymen,thehummingbirdprojectfilm,theintrudermovie,theirishmanfilm,thekitchenmovie,thelegomovie,themustangfilm,thenightingalefilm,theprodigymovie,thesunisalsoastar,theupsidefilm,tolkienmovie,toystory,triplefrontier,uglydolls,uncutgems,underthesilverlake,usmovie,wavesmovie,whatmenwant,wonderparkmovie,wrinklestheclown,xmenmovies,yardiefilm,yesterdaymovie,zombieland
21bridgesmovie,0.9999999,0.9563997,0.9649389,0.9501985,0.9573963,0.9618039,0.96561426,0.96073693,0.9814308,0.9612384,0.9620794,0.9459171,0.9543486,0.9644855,0.9608403,0.9545971,0.96590745,0.96365035,0.97244376,0.9487297,0.96751094,0.96613675,0.9692755,0.9579795,0.9629881,0.8331962,0.96152526,0.9592639,0.9638758,0.9551862,0.9540376,0.9669097,0.95911753,0.9477994,0.95550746,0.9547072,0.9664762,0.9635007,0.9648577,0.96648926,0.9627574,0.9657466,0.96058494,0.9640326,0.96971744,0.9531553,0.96851003,0.96777344,0.96246845,0.9672423,0.9628849,0.96737367,0.94749624,0.9554255,0.9656942,0.9528485,0.96369696,0.96588326,0.9592273,0.96450996,0.9567652,0.95773834,0.96487856,0.9683753,0.95400107,0.95570606,0.95368767,0.96111727,0.9584439,0.95089877,0.9702993,0.79760504,0.9578712,0.96876466,0.9641922,0.95183,0.9408279,0.96101767,0.9643145,0.96299887,0.9660823,0.9590055,0.9658307,0.9653885,0.96054465,0.95604646,0.96277326,0.953284,0.9609336,0.97194374,0.9622402,0.9702993,0.95575327,0.95243716,0.95990926,0.9676549,0.96515095,0.966526,0.9528187,0.94810003,0.9546253,0.960792,0.9489261,0.96969116,0.9538571,0.9604095,0.96521676,0.9662899,0.9504357,0.955443,0.9699772,0.86679274,0.96729726,0.93607926,0.9633489,0.9752516,0.9881905,0.9601559,0.96685463,0.9623456,0.96506363,0.96113783,0.9704114,0.95512325,0.9692812,0.9612267,0.959713,0.95968944,0.9631897,0.94389355,0.96457565,0.95464146,0.96505946,0.9479664,0.96007806,0.95593244,0.9761885,0.9563246,0.96803766,0.95560515,0.9814308,0.9643082,0.95662445,0.97001094,0.9434842,0.9572495,0.9605171,0.9626813,0.9657258,0.97581,0.95910007,0.96054405,0.9508333,0.95625156,0.964395,0.955691,0.95408034,0.9499826,0.95673555,0.9655492,0.9814308,0.95480967,0.9580017,0.9679265,0.96159786
47metersdown,0.9563997,0.9999999,0.96519756,0.9536584,0.9574405,0.95664454,0.9588173,0.95174456,0.9764411,0.9598939,0.9567396,0.9429428,0.95513755,0.9634746,0.96405375,0.9598516,0.9639359,0.9530037,0.95317304,0.9447872,0.96358126,0.9579365,0.9575565,0.95388633,0.9546055,0.8256405,0.95243096,0.95075476,0.9620403,0.9516696,0.9451752,0.96244025,0.95432436,0.9509,0.9548686,0.94493115,0.9580528,0.94998837,0.9605237,0.9525195,0.9488424,0.95455235,0.9516345,0.9596141,0.96524614,0.9498787,0.9578414,0.9566022,0.9540857,0.95975006,0.9617308,0.9616921,0.950608,0.94459397,0.95617193,0.9568334,0.9594333,0.9552137,0.95664585,0.9569061,0.9573784,0.952933,0.95385665,0.95668256,0.9488315,0.95228344,0.94933933,0.9533875,0.95568395,0.94249326,0.9588659,0.7862624,0.9336021,0.9619134,0.9520473,0.93816817,0.9173834,0.9541289,0.95497125,0.94960827,0.95020676,0.956828,0.957525,0.9459993,0.95169497,0.9376667,0.95610136,0.9644521,0.9528558,0.965517,0.9553333,0.9588659,0.9559171,0.9480074,0.9522198,0.9617409,0.9581228,0.9485074,0.93605757,0.9509916,0.95097876,0.94957405,0.9354646,0.9569538,0.964514,0.95794046,0.9543524,0.95125604,0.9417504,0.9522783,0.9623292,0.8490718,0.94677305,0.9193939,0.9486445,0.9575664,0.9588295,0.9478216,0.9631085,0.9509597,0.9548845,0.949358,0.965412,0.9391876,0.9604844,0.9478608,0.9584868,0.9583245,0.96053255,0.93221647,0.95748305,0.94514495,0.9655882,0.9506619,0.94590294,0.9460024,0.9538128,0.9588204,0.954901,0.95388407,0.9764411,0.95927805,0.94497937,0.94936025,0.93640476,0.940076,0.94880563,0.9636262,0.95157576,0.9462923,0.9536656,0.9607891,0.957571,0.93965644,0.9419228,0.95062727,0.95320415,0.9456057,0.94050956,0.9454124,0.9764411,0.9594401,0.9546689,0.9622133,0.9633993
abeautifuldaymovie,0.9649389,0.96519756,1.0000001,0.95388937,0.95872134,0.9584759,0.9626873,0.956863,0.9794808,0.95776266,0.9521939,0.9620925,0.9511816,0.9625851,0.9606928,0.95993173,0.96491,0.9656673,0.95084655,0.9522701,0.96443826,0.97846836,0.96297044,0.9630886,0.9641343,0.83254117,0.95996565,0.9617131,0.9813913,0.9703057,0.9448343,0.9621937,0.96122956,0.9623114,0.9565886,0.96042794,0.9653352,0.95614594,0.96576124,0.95639116,0.9511528,0.96538925,0.96597475,0.96768,0.9723245,0.9519104,0.9618585,0.96087795,0.95623386,0.96646166,0.98376054,0.9657861,0.94056404,0.9513157,0.95308936,0.95578647,0.9590476,0.95978284,0.9566179,0.96266013,0.9442375,0.96092683,0.9559035,0.9620768,0.95069844,0.95689464,0.9623816,0.96702266,0.9463908,0.9487313,0.9663277,0.7997904,0.94878215,0.97325844,0.96123177,0.9466797,0.92946833,0.9542561,0.96294403,0.96262985,0.9474454,0.95964324,0.9612195,0.9561376,0.96921813,0.94113916,0.9615493,0.9561956,0.9614309,0.9686883,0.96630883,0.9663277,0.9595887,0.9535099,0.9789339,0.96322834,0.95758486,0.9614503,0.94799215,0.9499491,0.95331246,0.9524115,0.9529878,0.96992815,0.9492331,0.9823412,0.95543647,0.96321195,0.96568066,0.9569405,0.96728534,0.87320673,0.9563022,0.9474372,0.95136994,0.9602197,0.96658546,0.954782,0.9695582,0.9586896,0.9570954,0.9523693,0.96142215,0.94415975,0.95929927,0.9629508,0.9632047,0.972399,0.9618332,0.9441058,0.9623507,0.9528149,0.9653089,0.9522614,0.95323926,0.96794146,0.95933485,0.95569134,0.96118176,0.95323694,0.9794808,0.9809449,0.9520465,0.9565763,0.9402811,0.9474864,0.94861734,0.9605534,0.95462304,0.96200633,0.96618414,0.9770664,0.94937813,0.94596595,0.9598179,0.9535504,0.96126467,0.94977784,0.95301497,0.95352155,0.9794808,0.96168303,0.9597507,0.96637666,0.9748409
abominablemovie,0.9501985,0.9536584,0.95388937,1.0000001,0.95341086,0.9600471,0.9548406,0.95836544,0.9764283,0.9578166,0.957174,0.9526624,0.97124887,0.95947194,0.96166295,0.95796204,0.96000767,0.9558595,0.94599617,0.9612191,0.9575767,0.9507331,0.9594933,0.9622747,0.95873934,0.81505746,0.96077657,0.95281357,0.9473704,0.95712143,0.9493713,0.9640892,0.9515665,0.9418821,0.95305866,0.950796,0.9583013,0.96033674,0.9589556,0.95203334,0.9543974,0.96143556,0.95370686,0.95964247,0.96446276,0.9452105,0.9569985,0.9578106,0.952299,0.96811944,0.9563657,0.96941704,0.96011966,0.956213,0.9668445,0.95116633,0.95622265,0.9519931,0.9714279,0.9545176,0.96077055,0.95702654,0.95399064,0.9580147,0.9571032,0.946473,0.9503204,0.95626414,0.9503694,0.95103776,0.9600162,0.7767562,0.93448555,0.95383155,0.9606099,0.947602,0.9226363,0.9411941,0.94910854,0.95682526,0.95158345,0.96275127,0.9611982,0.94739854,0.9600901,0.9496372,0.96316755,0.9687215,0.958732,0.95598596,0.95550674,0.9600162,0.96183974,0.9453104,0.94616246,0.96104,0.9626674,0.96770185,0.940566,0.9464412,0.9481258,0.9560822,0.923951,0.95792186,0.9478337,0.956222,0.95016,0.9463192,0.94225574,0.9575369,0.9632309,0.8498151,0.9516059,0.93316287,0.9476751,0.9512005,0.95839727,0.9502516,0.954914,0.9447333,0.956531,0.9482151,0.9646763,0.94167507,0.95277196,0.9571356,0.9660158,0.9533626,0.953859,0.92729545,0.9555143,0.9540258,0.9628497,0.94749814,0.9468269,0.9531091,0.9513262,0.96399564,0.96083474,0.95305043,0.9764283,0.94970953,0.9401255,0.95560634,0.93745685,0.95260775,0.94440114,0.9626575,0.94633055,0.95248866,0.95225936,0.94938487,0.9603758,0.9325207,0.9500896,0.9482112,0.9527596,0.9600003,0.94908094,0.9529284,0.9764283,0.957156,0.9592106,0.95441693,0.95569664
adastramovie,0.9573963,0.9574405,0.95872134,0.95341086,1.0,0.9493199,0.9622746,0.9570373,0.97858274,0.9666476,0.9476348,0.9442317,0.9567448,0.96145725,0.9652035,0.9655756,0.96467954,0.9732542,0.9552948,0.9634973,0.9642009,0.9625299,0.9619677,0.971204,0.9558296,0.8480119,0.97487026,0.9488649,0.95730627,0.9632836,0.95491225,0.9678497,0.9538885,0.9454565,0.9423614,0.94569653,0.9669464,0.9619704,0.9579391,0.96196854,0.962832,0.9682917,0.950865,0.9615099,0.9732772,0.96042657,0.9607242,0.95848256,0.94854194,0.96642447,0.95892644,0.96966684,0.95496696,0.96211493,0.9507326,0.9748896,0.95677096,0.9592817,0.96107817,0.95815325,0.95309734,0.95383835,0.9588319,0.96215546,0.963431,0.972689,0.94314414,0.95628095,0.9559473,0.9533028,0.9593891,0.7841346,0.950638,0.96595454,0.9542386,0.95165765,0.9254093,0.95616394,0.9505291,0.95123917,0.94125223,0.9536275,0.9699493,0.9554421,0.9536751,0.9474273,0.951243,0.95954466,0.96456325,0.96799743,0.96184784,0.9593891,0.96105593,0.9611743,0.96327543,0.9576935,0.94469637,0.9634722,0.9568306,0.9518178,0.9598484,0.95020926,0.9421164,0.9659569,0.9539691,0.9611698,0.95980436,0.96596783,0.9435233,0.96554756,0.97422373,0.853714,0.9566312,0.93096095,0.9598833,0.95863193,0.9597904,0.944004,0.96362484,0.95593303,0.96043867,0.9659214,0.961452,0.9467516,0.957839,0.96029115,0.95472616,0.95147467,0.97633106,0.9334406,0.9625139,0.96784365,0.9607851,0.9557202,0.95563275,0.95983404,0.958547,0.96163017,0.9598393,0.95867324,0.97858274,0.96467096,0.9533417,0.95943195,0.9344369,0.9580194,0.94739187,0.9533858,0.9668023,0.9520981,0.9582271,0.9622862,0.95990753,0.948244,0.95109653,0.95082283,0.9533416,0.9501464,0.958343,0.9531907,0.97858274,0.9571674,0.9590399,0.9531083,0.95952237
adogsjourneymovie,0.9618039,0.95664454,0.9584759,0.9600471,0.9493199,1.0000004,0.95901144,0.9613665,0.97983646,0.95810485,0.95683235,0.9558782,0.9619991,0.97097415,0.963578,0.95189303,0.9555999,0.9577967,0.9497119,0.952672,0.96007097,0.96315914,0.97179955,0.9544558,0.954457,0.8270394,0.9542702,0.9522907,0.9637108,0.9504091,0.9446403,0.9628852,0.9634695,0.9434598,0.9568177,0.95666325,0.9610967,0.96413904,0.9626681,0.95436954,0.95175993,0.958231,0.96359533,0.95172226,0.969061,0.9601947,0.9677178,0.9663066,0.9518063,0.95571995,0.9613588,0.964519,0.9462957,0.9484164,0.9665074,0.9453734,0.96519524,0.96499497,0.9611643,0.95688504,0.95106184,0.9569155,0.96157664,0.9637346,0.9480855,0.9580716,0.95263094,0.95556337,0.9559738,0.9497462,0.9646133,0.8224195,0.94929177,0.95479584,0.9614663,0.93593144,0.94089675,0.9469425,0.96530724,0.97174156,0.9625302,0.95805544,0.95918226,0.95293725,0.968212,0.95968926,0.96353036,0.9579768,0.96748275,0.9682455,0.95164484,0.9646133,0.95573723,0.9464339,0.9472664,0.9570712,0.96818286,0.96119183,0.9390854,0.9621858,0.9570508,0.95161223,0.93880856,0.96364015,0.960227,0.95846754,0.963997,0.9571916,0.95393026,0.95160234,0.9620718,0.86950547,0.95057005,0.9318465,0.9514181,0.9592735,0.9699869,0.96399766,0.9687549,0.9509839,0.9530772,0.950549,0.96368545,0.9709736,0.95411104,0.9550042,0.96551067,0.95657647,0.95297635,0.9408786,0.9591313,0.94595665,0.9620042,0.9503618,0.9597735,0.9511969,0.96137726,0.95333916,0.9618014,0.95894253,0.97983646,0.9625443,0.9612586,0.9555723,0.9518306,0.94834054,0.9497395,0.9625268,0.9556067,0.9623844,0.95978403,0.95206004,0.96300095,0.9412943,0.9569244,0.9547969,0.9597141,0.94929165,0.95265955,0.95190126,0.97983646,0.96064645,0.961912,0.9658979,0.95532995
aftermathmovie,0.96561426,0.9588173,0.9626873,0.9548406,0.9622746,0.95901144,0.99999994,0.967855,0.98183805,0.9548671,0.95230806,0.9509143,0.9591915,0.9660474,0.9631758,0.96664,0.96845925,0.95977944,0.9600896,0.9516284,0.96928036,0.96836174,0.9717161,0.96766937,0.95747393,0.82773775,0.96506876,0.9598941,0.96623135,0.9600959,0.95926595,0.96029156,0.9656552,0.9546559,0.95828104,0.9534847,0.9674603,0.9672011,0.9692824,0.9543841,0.9613234,0.9667659,0.95390254,0.96255326,0.9693007,0.95875514,0.9698231,0.96891266,0.9472989,0.96607286,0.9654771,0.9620725,0.9561593,0.95580995,0.9644069,0.9592991,0.96682155,0.96613413,0.96189874,0.9673154,0.94704986,0.9705892,0.9586651,0.97052974,0.95724857,0.9618092,0.9517823,0.9520663,0.95694137,0.9465127,0.96946144,0.78404933,0.94890815,0.9698331,0.9612111,0.94942427,0.9235234,0.952548,0.95971274,0.95736504,0.9516944,0.9748364,0.9692978,0.9583606,0.9638426,0.9481891,0.9597794,0.95891464,0.9678092,0.9741353,0.969963,0.96946144,0.9614243,0.9577149,0.9608705,0.96375513,0.95358366,0.9601695,0.9701041,0.95991176,0.9597035,0.9559043,0.9431548,0.97049475,0.9554187,0.9668906,0.95956093,0.9678631,0.9534666,0.9565977,0.9736164,0.8647643,0.9592121,0.92848516,0.9574913,0.96248865,0.96491116,0.95729053,0.9691716,0.98588026,0.963942,0.9685223,0.9726231,0.95584226,0.96081233,0.9619618,0.9582352,0.9625829,0.96309084,0.94517136,0.95912176,0.9603366,0.96396595,0.94939077,0.9618267,0.96129245,0.9606563,0.9615322,0.969709,0.9535492,0.98183805,0.9656026,0.9530783,0.9627018,0.9450727,0.95133704,0.95014554,0.9592723,0.9681452,0.95975006,0.981628,0.9595655,0.95798737,0.9563083,0.95775384,0.9571825,0.9581699,0.95961386,0.96527094,0.9615079,0.98183805,0.9538527,0.96475565,0.9718733,0.95680445
aftermovie,0.96073693,0.95174456,0.956863,0.95836544,0.9570373,0.9613665,0.967855,1.0,0.97944605,0.9589072,0.9545929,0.9567334,0.9587248,0.9683514,0.9608919,0.95892566,0.962513,0.963542,0.95326585,0.9565045,0.96277046,0.9629203,0.9678058,0.95905864,0.95960206,0.8234762,0.9698898,0.9547556,0.95549333,0.95761317,0.95425797,0.95920956,0.9667283,0.9469203,0.9480776,0.9474667,0.96507925,0.96368873,0.971703,0.9578545,0.96257293,0.96090555,0.95789456,0.95648354,0.9695382,0.95579255,0.9678067,0.95999575,0.9463681,0.96174836,0.96132493,0.9631575,0.9595164,0.9477853,0.96681327,0.9546778,0.9595084,0.95967925,0.95905554,0.96313936,0.95487195,0.9624651,0.95876163,0.9715895,0.95781493,0.95543313,0.95278275,0.94152075,0.95341724,0.9503974,0.96859705,0.7639114,0.94106966,0.9607082,0.95811504,0.9452113,0.9235693,0.9561063,0.9578179,0.9585442,0.9578726,0.96106887,0.9659404,0.96472985,0.9600409,0.956055,0.9605114,0.95977044,0.9662721,0.9655902,0.9556246,0.96859705,0.9488854,0.9479676,0.9571846,0.95788807,0.953793,0.9628801,0.9551095,0.9552962,0.9568671,0.9570734,0.94205475,0.96241635,0.95290756,0.9582031,0.9652271,0.9638946,0.9445022,0.95789224,0.97011256,0.8522374,0.9544331,0.92056906,0.9556102,0.9645238,0.96519136,0.9580572,0.96900773,0.95890784,0.9568827,0.9522208,0.9664063,0.9613533,0.9628325,0.9525873,0.9479241,0.96034455,0.9636963,0.93150425,0.9617425,0.95275277,0.9571523,0.94690776,0.950927,0.9543116,0.9618355,0.9524634,0.9638982,0.9611349,0.97944605,0.95603675,0.95138645,0.9610242,0.94013953,0.9480162,0.9459868,0.95971036,0.96501565,0.95331556,0.9609023,0.95195943,0.9539768,0.95607126,0.9611881,0.95631444,0.95414615,0.9496593,0.972195,0.95661914,0.97944605,0.95482725,0.96795344,0.96802205,0.9567935
ahiddenlifefilm,0.9814308,0.9764411,0.9794808,0.9764283,0.97858274,0.97983646,0.98183805,0.97944605,1.0,0.9759747,0.9732533,0.9693904,0.97519046,0.9842041,0.9824999,0.9755836,0.9808534,0.978195,0.9745751,0.97329426,0.9803778,0.98125446,0.98558944,0.9803099,0.9757982,0.8441637,0.9800161,0.9733411,0.9800271,0.97602046,0.97097695,0.9810124,0.9785553,0.9679169,0.9676182,0.9696364,0.98450786,0.97699785,0.982798,0.97879535,0.9786138,0.9812473,0.9759323,0.9773574,0.98710227,0.97631145,0.9830936,0.9815116,0.9730716,0.9808288,0.9807221,0.986967,0.97223973,0.9733455,0.9806012,0.9718198,0.9791175,0.98053646,0.97877467,0.9831604,0.97366714,0.9752398,0.9780461,0.98327047,0.9748493,0.9761809,0.97113144,0.9755864,0.9754114,0.97014296,0.9871854,0.80723554,0.9664101,0.9824623,0.97815293,0.963649,0.9492383,0.97136384,0.97567767,0.9800037,0.97183895,0.97564375,0.98362386,0.97283864,0.9777689,0.97164917,0.978492,0.97951406,0.98403335,0.9845862,0.9793932,0.9871854,0.9772403,0.9718068,0.9754296,0.97925526,0.9789356,0.9830926,0.9687125,0.97437507,0.97621846,0.9723219,0.96013236,0.9844459,0.9726871,0.9800978,0.98030585,0.97898734,0.96741873,0.9764118,0.9865944,0.8796633,0.9786055,0.947887,0.9762638,0.98090833,0.98499566,0.97396886,0.983858,0.97667825,0.9808277,0.976945,0.98435444,0.96961427,0.97983575,0.9769196,0.97895044,0.97772175,0.9815024,0.95635164,0.9783736,0.97153467,0.97914106,0.97053087,0.97521895,0.97509253,0.97801507,0.9790427,0.9853259,0.9752446,1.0,0.9812842,0.97268766,0.9788732,0.95970565,0.9720338,0.96906865,0.9782708,0.9804024,0.9766574,0.97697574,0.97439164,0.97866315,0.9628851,0.9750002,0.9752947,0.9752856,0.97346914,0.9760359,0.97661036,1.0,0.97461516,0.9796654,0.9833867,0.9794006
alitamovie,0.9612384,0.9598939,0.95776266,0.9578166,0.9666476,0.95810485,0.9548671,0.9589072,0.9759747,0.9999999,0.94817233,0.95220953,0.9470652,0.96789366,0.95767957,0.95769864,0.9587677,0.9711288,0.9568369,0.95791215,0.95864207,0.96420836,0.96358865,0.9607595,0.95280516,0.83748734,0.96221405,0.949121,0.9607238,0.9573807,0.9479158,0.95975703,0.94952786,0.94646674,0.94357246,0.94891363,0.96182245,0.9495468,0.95820236,0.96175355,0.95560545,0.95885897,0.956383,0.9602939,0.9694554,0.9603078,0.9622723,0.9619448,0.9461147,0.96555513,0.96335715,0.96430343,0.95030767,0.94748765,0.9579251,0.9604642,0.9549408,0.9494215,0.95656013,0.94881487,0.94962156,0.94494593,0.9612709,0.9648466,0.9516545,0.95462847,0.9478905,0.9522626,0.9506235,0.94489634,0.9568559,0.7971531,0.941029,0.95801103,0.9518672,0.9466784,0.921898,0.9545953,0.95007443,0.95644575,0.9490922,0.94686687,0.96256393,0.94493866,0.954654,0.94663554,0.94875675,0.95117754,0.9594852,0.9624878,0.95012736,0.9568559,0.96525073,0.9582445,0.9558018,0.96440816,0.95038235,0.9588531,0.94422317,0.9508791,0.9533426,0.9530912,0.9441967,0.95554453,0.9685848,0.95861435,0.95261455,0.9571701,0.94967246,0.9593889,0.96732455,0.85869664,0.9443264,0.9136781,0.9552262,0.95702416,0.96191263,0.9487484,0.9652593,0.9528309,0.9597383,0.96076435,0.9644083,0.9429506,0.9587845,0.9578032,0.95033413,0.96217144,0.9633717,0.9393695,0.95936567,0.9553732,0.9616069,0.9488948,0.9465464,0.956234,0.9555974,0.9516807,0.9510894,0.9648345,0.9759747,0.9658843,0.95105594,0.9574758,0.93409467,0.9524486,0.94902706,0.94835776,0.9549891,0.95256746,0.94839877,0.9605446,0.95639807,0.94217044,0.94982255,0.94836134,0.94673395,0.9491827,0.9500995,0.9456789,0.9759747,0.95310557,0.9501989,0.9560809,0.96545327
angelhasfallen,0.9620794,0.9567396,0.9521939,0.957174,0.9476348,0.95683235,0.95230806,0.9545929,0.9732533,0.94817233,1.0000002,0.94485027,0.9677011,0.96201646,0.9591627,0.9474523,0.9555772,0.9499774,0.95834255,0.94525427,0.9631782,0.9521598,0.9606857,0.95847327,0.95891815,0.79700273,0.95429105,0.95298743,0.9518247,0.94811034,0.94636196,0.9544945,0.9550996,0.93700993,0.9493872,0.94151765,0.9544358,0.9608816,0.9592313,0.94476646,0.9577287,0.95377964,0.9478537,0.9548143,0.95538515,0.9445672,0.9570347,0.9618493,0.9468678,0.95571005,0.9545074,0.9630953,0.95639235,0.9465199,0.96203804,0.94891447,0.9480966,0.9514501,0.9511707,0.9609898,0.9536549,0.95149875,0.94409525,0.95329934,0.9454423,0.9531186,0.94720787,0.9556252,0.9550929,0.94027567,0.96674377,0.7682244,0.94533515,0.9562881,0.9576899,0.9420848,0.91480047,0.94614923,0.95358694,0.9482607,0.9682933,0.95943725,0.9529027,0.94134337,0.95803946,0.9477608,0.9698723,0.95687705,0.9573289,0.95811796,0.94861025,0.96674377,0.951601,0.9461169,0.9485857,0.9645456,0.9648954,0.9546763,0.93271554,0.94092363,0.94993854,0.95083153,0.9439278,0.96075195,0.94679636,0.95075774,0.9537886,0.95123464,0.9408183,0.94042754,0.9581382,0.8824367,0.9485719,0.91683203,0.94980675,0.96421003,0.96429104,0.9485329,0.96026397,0.94598764,0.94778377,0.9417052,0.9568584,0.94298285,0.94884753,0.95387334,0.95461553,0.9567344,0.9571004,0.93449664,0.9540847,0.94486237,0.9557122,0.94057965,0.9438316,0.94331115,0.948645,0.95715374,0.96240157,0.95070195,0.9732533,0.95366544,0.95080507,0.9560844,0.9376988,0.9383538,0.93629897,0.96701956,0.95276874,0.95225567,0.9443054,0.94564986,0.948588,0.93978816,0.9551021,0.9541265,0.9509897,0.95402175,0.9456883,0.95175326,0.9732533,0.9569962,0.94770217,0.9637749,0.9520751
angrybirdsmovie,0.9459171,0.9429428,0.9620925,0.9526624,0.9442317,0.9558782,0.9509143,0.9567334,0.9693904,0.95220953,0.94485027,1.0000002,0.9494871,0.95788604,0.9459442,0.95100176,0.9495222,0.95037967,0.94106066,0.94996536,0.9507648,0.96321905,0.9567946,0.95526636,0.9458372,0.8258132,0.94937015,0.94447356,0.9646185,0.9513363,0.93722767,0.9488194,0.9519068,0.94726837,0.94093895,0.94395405,0.9496373,0.9487987,0.95862716,0.938622,0.9509237,0.94877934,0.9503664,0.94933456,0.9556555,0.9396462,0.94808537,0.95533586,0.9452777,0.94750774,0.9695139,0.9591622,0.9470119,0.942814,0.95713246,0.9367061,0.9432276,0.9475209,0.9489639,0.9506088,0.9419607,0.9501127,0.9456068,0.9599423,0.9505963,0.94736767,0.9463814,0.956742,0.942882,0.93224365,0.9594016,0.7998855,0.93915886,0.95136434,0.9541549,0.93625313,0.92394716,0.9387908,0.93850034,0.9513393,0.9436084,0.94946843,0.9564986,0.9465386,0.95900244,0.9329999,0.9451274,0.95314616,0.9552883,0.9574904,0.94554436,0.9594016,0.9463385,0.936242,0.95498556,0.94513696,0.94619286,0.9525365,0.9357591,0.9439339,0.93849576,0.94475996,0.9281364,0.94872683,0.93267745,0.9674394,0.95227903,0.9511958,0.95756334,0.9449104,0.9537891,0.8744576,0.93495584,0.92766356,0.9376918,0.95081127,0.9544712,0.93582916,0.95978963,0.9463969,0.9448208,0.9411249,0.9532047,0.9437581,0.9468367,0.9508057,0.9522848,0.9619489,0.94373447,0.93359053,0.94465506,0.936797,0.95051706,0.9502967,0.9350177,0.94593835,0.94520473,0.9393483,0.9635253,0.94084096,0.9693904,0.95591784,0.9408189,0.9468153,0.9429835,0.9447014,0.9338395,0.94911224,0.94763863,0.950708,0.9510887,0.9440893,0.94544655,0.93883514,0.94943976,0.9470254,0.9461918,0.9572422,0.942519,0.94196314,0.9693904,0.9573545,0.9445413,0.95340466,0.9598294
annabellemovie,0.9543486,0.95513755,0.9511816,0.97124887,0.9567448,0.9619991,0.9591915,0.9587248,0.97519046,0.9470652,0.9677011,0.9494871,0.99999994,0.96128887,0.9614879,0.95703644,0.9640698,0.9529547,0.94972783,0.95505846,0.96311235,0.95357835,0.9669321,0.9615587,0.9521638,0.8257077,0.9615101,0.95374566,0.948863,0.95313704,0.9539729,0.9628852,0.9632678,0.9369683,0.9531074,0.94691056,0.95683324,0.9774438,0.9644548,0.9490901,0.96661353,0.9638744,0.95470244,0.95872796,0.960524,0.9513336,0.9633807,0.95878994,0.95591897,0.9653023,0.9546397,0.9636846,0.96495044,0.9504842,0.9635755,0.951772,0.9554294,0.9553674,0.95928717,0.9610415,0.9708329,0.9539152,0.94655555,0.9640948,0.95384616,0.95632696,0.94574386,0.9582951,0.95096576,0.9462756,0.96345085,0.7882446,0.938934,0.9518144,0.95903736,0.9497507,0.92333806,0.94685376,0.9512164,0.94855183,0.9575157,0.96885115,0.9696999,0.94642925,0.9650535,0.9548953,0.9666533,0.97849315,0.96456623,0.9576254,0.956268,0.96345085,0.95596176,0.95108813,0.94751054,0.9572362,0.9647044,0.96444774,0.94532835,0.95567423,0.94976586,0.9498653,0.9337856,0.9622688,0.9492275,0.9509217,0.9574101,0.95865977,0.9364379,0.94573873,0.9622899,0.8592583,0.9551055,0.9308298,0.9477487,0.9611866,0.96253747,0.9433543,0.95971584,0.9519479,0.9622805,0.9457102,0.95653903,0.9503149,0.9504647,0.9573141,0.96963954,0.95347553,0.9557859,0.93217254,0.9583355,0.956152,0.95894074,0.9541785,0.95412314,0.94886357,0.95087767,0.95856845,0.9642167,0.94844687,0.97519046,0.9516446,0.9472712,0.96045256,0.94458956,0.9468933,0.94328004,0.9621118,0.9581263,0.95767874,0.9543492,0.9547151,0.9559305,0.93903446,0.95708454,0.95319223,0.9588444,0.95859146,0.9516559,0.9503916,0.97519046,0.95691186,0.96098435,0.96148336,0.95105356
annamovie,0.9644855,0.9634746,0.9625851,0.95947194,0.96145725,0.97097415,0.9660474,0.9683514,0.9842041,0.96789366,0.96201646,0.95788604,0.96128887,0.99999994,0.96197087,0.95491946,0.95912087,0.96137464,0.95739496,0.9607565,0.9645227,0.9701068,0.9672771,0.96270865,0.9651006,0.8265067,0.9614292,0.9604885,0.96604115,0.9601706,0.9557427,0.965041,0.9683752,0.94674087,0.9535271,0.9451558,0.9691537,0.961991,0.96468073,0.95952576,0.95706165,0.96326196,0.9609215,0.9645394,0.97206473,0.9627231,0.9650826,0.9715259,0.95782346,0.9646861,0.9674631,0.9664798,0.9581461,0.9510296,0.964075,0.95684534,0.9658181,0.96826714,0.9664554,0.9630978,0.9549889,0.9568825,0.96637154,0.9803002,0.95227593,0.9600557,0.9506407,0.959429,0.9584276,0.9514432,0.9707335,0.79775834,0.9463512,0.9671603,0.967608,0.94281286,0.94505477,0.9527203,0.9594769,0.96252275,0.9601362,0.9618762,0.9624509,0.95289195,0.96853304,0.9550095,0.967126,0.9587037,0.9698981,0.9701662,0.95695907,0.9707335,0.96747166,0.95189774,0.963864,0.9598982,0.9639783,0.9627255,0.9472479,0.9634812,0.9622078,0.9592021,0.9455174,0.97036374,0.9725549,0.96554095,0.9689929,0.96041155,0.9565485,0.95750415,0.9685523,0.8806019,0.95374155,0.9227108,0.9634213,0.96604294,0.97138447,0.9652899,0.9727979,0.9641529,0.9576282,0.9635927,0.9712909,0.9611912,0.96044433,0.9600376,0.9625079,0.9675356,0.9691602,0.949805,0.9559621,0.9548633,0.96455234,0.95445013,0.957419,0.957818,0.9599236,0.9539026,0.9648161,0.9619602,0.9842041,0.9709503,0.9575326,0.9632444,0.9488927,0.94705874,0.944202,0.97133505,0.96282494,0.9610616,0.9581343,0.95887715,0.9645228,0.95055234,0.9622987,0.95854354,0.9640243,0.9522762,0.9585318,0.95695955,0.9842041,0.9552123,0.9600082,0.9733966,0.96582985
apollo11movie,0.9608403,0.96405375,0.9606928,0.96166295,0.9652035,0.963578,0.9631758,0.9608919,0.9824999,0.95767957,0.9591627,0.9459442,0.9614879,0.96197087,0.9999998,0.9603815,0.9634861,0.95597494,0.95832014,0.97796553,0.9625005,0.96753365,0.96538824,0.9668458,0.95606345,0.8245794,0.9639751,0.9446411,0.9658588,0.95868355,0.9580643,0.9614932,0.95400053,0.9552781,0.9536522,0.95009214,0.96909153,0.96959335,0.9654198,0.96038043,0.9659795,0.96772015,0.96103805,0.9607623,0.96469796,0.95908177,0.9631228,0.96019834,0.9579196,0.9639272,0.96473694,0.96796495,0.95908326,0.9636806,0.96656144,0.9616151,0.9636747,0.9666341,0.9639981,0.96766406,0.95427585,0.96368515,0.95689607,0.9561871,0.96148604,0.96760935,0.9499827,0.9557284,0.9598642,0.96709734,0.9702521,0.7859319,0.95234823,0.95923334,0.9671837,0.94938856,0.9304919,0.9563064,0.96718085,0.96441656,0.96091443,0.9618776,0.97010136,0.95877635,0.9657964,0.95312154,0.97247595,0.9592939,0.96762043,0.9762098,0.97046286,0.9702521,0.95507437,0.9611159,0.9618898,0.97781384,0.95825994,0.9669965,0.9549666,0.96516424,0.96387225,0.94848377,0.94511616,0.9707358,0.9604798,0.9635423,0.95948434,0.9662642,0.9460644,0.9602838,0.97283787,0.88330925,0.963787,0.937577,0.9555468,0.961087,0.96812636,0.9642951,0.9685618,0.95949227,0.9641313,0.9575903,0.9623521,0.9531182,0.96386904,0.9618729,0.95587426,0.96048707,0.9724348,0.94833755,0.96726245,0.9600835,0.9528413,0.95470536,0.96175516,0.95853615,0.9651202,0.9667977,0.9710348,0.9538037,0.9824999,0.9684685,0.9542324,0.9646712,0.94514644,0.9547823,0.948314,0.96859396,0.96590227,0.9557671,0.9626982,0.9639258,0.96241707,0.94772923,0.9493685,0.9558705,0.9631238,0.9544331,0.9548412,0.95750207,0.9824999,0.96046144,0.96742594,0.964809,0.9638464
arcticdogsmovie,0.9545971,0.9598516,0.95993173,0.95796204,0.9655756,0.95189303,0.96664,0.95892566,0.9755836,0.95769864,0.9474523,0.95100176,0.95703644,0.95491946,0.9603815,0.99999994,0.96473336,0.9602887,0.9466584,0.9538807,0.9627648,0.9565371,0.9595807,0.9570047,0.95171773,0.8391639,0.96159136,0.95570195,0.95873576,0.9544246,0.95319575,0.9591345,0.9622764,0.9595496,0.9592267,0.94952476,0.96152025,0.9566593,0.9590572,0.95471245,0.95889425,0.9549997,0.94915813,0.9611306,0.9669634,0.95427465,0.9594635,0.95919424,0.9509168,0.9657203,0.9620388,0.96141607,0.9547128,0.9485491,0.9560518,0.96341556,0.96050406,0.9404262,0.9590186,0.95148027,0.9553196,0.95568603,0.9622045,0.967844,0.9539206,0.95050097,0.9520749,0.9474317,0.9502423,0.9493423,0.95549816,0.7943566,0.9524668,0.96041703,0.9699484,0.9544991,0.9259667,0.9576556,0.9498973,0.9410033,0.943067,0.9654245,0.96760106,0.9604468,0.9584043,0.95000523,0.947391,0.95479333,0.96016747,0.96509093,0.9588972,0.95549816,0.9563136,0.95437276,0.96184576,0.9558453,0.9541645,0.9567356,0.954951,0.957808,0.95454085,0.9539646,0.9334858,0.95815444,0.94756085,0.9592326,0.95670384,0.9623406,0.95359254,0.9542529,0.96526504,0.87962914,0.9488947,0.9358042,0.946273,0.95560396,0.95806026,0.9491096,0.95703006,0.96334404,0.9634288,0.9554783,0.96279687,0.93920344,0.9545937,0.95662403,0.9527441,0.95411795,0.9578278,0.9419786,0.9568407,0.95314187,0.9652517,0.95375675,0.94921756,0.9512501,0.9537418,0.9463954,0.95597273,0.9601221,0.9755836,0.9606648,0.9512875,0.95460224,0.9328696,0.9458587,0.9515192,0.9585096,0.95602494,0.9515591,0.95484704,0.95836055,0.9494024,0.9348207,0.94883955,0.9434798,0.95294446,0.951288,0.9573098,0.9478479,0.9755836,0.9555551,0.95994014,0.955869,0.9585528
arcticmovie,0.96590745,0.9639359,0.96491,0.96000767,0.96467954,0.9555999,0.96845925,0.962513,0.9808534,0.9587677,0.9555772,0.9495222,0.9640698,0.95912087,0.9634861,0.96473336,1.0000001,0.9647962,0.9594894,0.9557218,0.96680975,0.96127605,0.96371144,0.96893746,0.9647301,0.8299312,0.9679957,0.96961606,0.9608265,0.95686895,0.9598039,0.9575139,0.96050173,0.9487291,0.9579052,0.9548034,0.96742004,0.965649,0.96671665,0.9595339,0.9652841,0.9560887,0.95936835,0.9588885,0.96987504,0.9553516,0.96196634,0.95726025,0.9632665,0.9634864,0.96715105,0.9676789,0.9562511,0.9539183,0.96840215,0.95791924,0.9622198,0.9569957,0.96357363,0.9667773,0.96361583,0.95835555,0.95924103,0.9644468,0.95559675,0.95736825,0.9543898,0.9592963,0.95848846,0.9551491,0.9668385,0.7896113,0.9484622,0.9667071,0.9667905,0.9548565,0.9255107,0.9578543,0.9567224,0.9548701,0.9553819,0.96475625,0.96764916,0.9530896,0.96415156,0.95227766,0.9597765,0.9638159,0.96175635,0.96689457,0.96628773,0.9668385,0.96647304,0.9636968,0.9599392,0.9629587,0.9638105,0.96384287,0.9547352,0.9568347,0.95601887,0.9626732,0.9453536,0.9617798,0.9490503,0.965041,0.9602127,0.96960866,0.95497674,0.96037674,0.976918,0.85021913,0.96102875,0.9409047,0.95173967,0.9609405,0.96356475,0.9552434,0.963255,0.9634456,0.96419185,0.9558493,0.9705019,0.95433193,0.9678956,0.9649539,0.9620732,0.9678683,0.963577,0.94528264,0.9622829,0.9625577,0.98084193,0.96325743,0.959774,0.95347357,0.9621496,0.96397084,0.9681903,0.95607215,0.9808534,0.9640327,0.95444036,0.9686364,0.93143904,0.9541578,0.95354384,0.96412045,0.9644752,0.95679706,0.9600141,0.9602945,0.9596418,0.9405645,0.95557904,0.9503303,0.96075124,0.9563734,0.964444,0.9596389,0.9808534,0.96291953,0.9728041,0.9713205,0.96392405
artofracingmovie,0.96365035,0.9530037,0.9656673,0.9558595,0.9732542,0.9577967,0.95977944,0.963542,0.978195,0.9711288,0.9499774,0.95037967,0.9529547,0.96137464,0.95597494,0.9602887,0.9647962,1.0000004,0.95840913,0.95437384,0.9630118,0.96329033,0.96799,0.96468985,0.964167,0.84480715,0.96645594,0.95549697,0.9652749,0.96354634,0.951458,0.9609871,0.95923036,0.9467356,0.948225,0.9526367,0.9648071,0.9578467,0.96036726,0.969545,0.95505005,0.9645473,0.960468,0.9597025,0.97288233,0.962314,0.9645339,0.9630452,0.95021075,0.96721596,0.96216667,0.9693211,0.9483914,0.9510846,0.95869166,0.96725905,0.96227205,0.95988476,0.95962864,0.96240574,0.95380145,0.95523435,0.9639173,0.96743274,0.95344514,0.9599453,0.96029097,0.95776474,0.95812285,0.9489898,0.9616951,0.7927048,0.95055145,0.9684461,0.9589534,0.9469726,0.92105156,0.95735323,0.95331717,0.9617696,0.9514618,0.9482671,0.96607697,0.95338655,0.95227414,0.9517889,0.95492226,0.9554329,0.9634111,0.96481574,0.9623182,0.9616951,0.9615059,0.96065897,0.95996034,0.9562945,0.961439,0.964618,0.9555476,0.95616406,0.95507246,0.955582,0.95117104,0.96606374,0.9456242,0.95931816,0.9615421,0.9602067,0.9531402,0.9617589,0.97239166,0.8533743,0.9594347,0.9270581,0.9620574,0.9620505,0.9612422,0.95603883,0.9682362,0.9514232,0.9636312,0.9619496,0.960719,0.95237064,0.965119,0.9617612,0.9524491,0.9559873,0.9669715,0.9404346,0.9636799,0.9592323,0.96847856,0.95195377,0.95458794,0.96251446,0.95812607,0.9602713,0.95985156,0.9674424,0.978195,0.96173537,0.95475274,0.9603125,0.9324659,0.95981956,0.9545123,0.9540287,0.9631244,0.9572758,0.9549043,0.95866174,0.96275896,0.94015795,0.9633325,0.9542028,0.95083326,0.95209,0.9613104,0.96152276,0.978195,0.9587538,0.9581605,0.9598041,0.95602596
avengers,0.97244376,0.95317304,0.95084655,0.94599617,0.9552948,0.9497119,0.9600896,0.95326585,0.9745751,0.9568369,0.95834255,0.94106066,0.94972783,0.95739496,0.95832014,0.9466584,0.9594894,0.95840913,0.99999976,0.9510407,0.957585,0.9626698,0.9608061,0.9493628,0.9541748,0.8287955,0.95640475,0.9472772,0.9596759,0.9550897,0.97279626,0.95801073,0.9585966,0.9421724,0.9498446,0.9470912,0.95934147,0.95487326,0.9586961,0.9583501,0.95774484,0.9602737,0.94454986,0.95326054,0.9612205,0.9502126,0.9606335,0.9652895,0.950174,0.95499146,0.95895404,0.9619654,0.95235664,0.9377485,0.9516505,0.9497441,0.9563876,0.9558812,0.954034,0.9658598,0.94520617,0.9504272,0.94782615,0.964732,0.9482259,0.9551341,0.9491608,0.9527761,0.9548479,0.943798,0.9664356,0.8035924,0.94255126,0.9616717,0.9524671,0.9535482,0.9259003,0.95562166,0.9484736,0.9523528,0.95118326,0.9438743,0.9656284,0.947912,0.95088834,0.9442895,0.9515055,0.944961,0.9583853,0.9598557,0.9534832,0.9664356,0.9522256,0.9514343,0.9544764,0.9635598,0.9481087,0.9613773,0.9621635,0.94335747,0.950963,0.9544868,0.94148886,0.96272993,0.94269127,0.9531416,0.9475135,0.95879537,0.94018096,0.95277566,0.9633854,0.86231035,0.95448685,0.9154484,0.9559828,0.96391284,0.9612056,0.94718367,0.9665497,0.953386,0.95592606,0.95411307,0.95749867,0.93888134,0.9606777,0.95961165,0.95242244,0.9590796,0.96032465,0.94999987,0.9576004,0.94726783,0.9565512,0.9490549,0.94361323,0.95752174,0.9479423,0.95545834,0.96298504,0.94672376,0.9745751,0.95865655,0.9484219,0.95556885,0.9361097,0.94629586,0.94720995,0.9516307,0.9600787,0.95756435,0.95040244,0.95610404,0.94766015,0.9465696,0.96003866,0.95372015,0.9592344,0.9492086,0.9507874,0.95257837,0.9745751,0.94999695,0.94542897,0.9602232,0.9564693
beachbummovie,0.9487297,0.9447872,0.9522701,0.9612191,0.9634973,0.952672,0.9516284,0.9565045,0.97329426,0.95791215,0.94525427,0.94996536,0.95505846,0.9607565,0.97796553,0.9538807,0.9557218,0.95437384,0.9510407,1.0000001,0.95317644,0.9638619,0.95960766,0.95883983,0.948831,0.83771795,0.96040857,0.93398356,0.9581613,0.9586573,0.95176435,0.9629883,0.9481024,0.94411033,0.9474813,0.9393339,0.9620825,0.9596965,0.9624752,0.95099664,0.9538775,0.9568977,0.94934154,0.9571239,0.96266943,0.9548219,0.957586,0.9550686,0.954524,0.9566037,0.9601108,0.9670033,0.9551791,0.945746,0.9542158,0.9485907,0.9506625,0.94799745,0.95897084,0.94878155,0.942452,0.95269656,0.9513406,0.95360804,0.95496845,0.9596393,0.93953174,0.9524763,0.9490884,0.9631019,0.957229,0.7940473,0.9318823,0.9503939,0.9618629,0.95202494,0.9372702,0.9433768,0.9556394,0.9507465,0.95000494,0.9507267,0.9639756,0.94555837,0.9545888,0.9442096,0.9617484,0.952631,0.9599615,0.9630792,0.9614074,0.957229,0.9550229,0.94797885,0.9605866,0.96475875,0.9486029,0.96956855,0.9501894,0.9581015,0.9547483,0.9452252,0.940292,0.95748013,0.94375116,0.9592932,0.9450516,0.956354,0.9398557,0.961102,0.9636218,0.87078667,0.9548627,0.9362973,0.9511424,0.94649124,0.9573056,0.95155305,0.9557292,0.9486599,0.95645773,0.94942665,0.95345324,0.9437654,0.9533008,0.9572916,0.9566504,0.957718,0.9616093,0.9332509,0.95061934,0.9633784,0.95039207,0.94371563,0.94586384,0.95582414,0.9561189,0.9586638,0.956242,0.9523979,0.97329426,0.9613796,0.9465836,0.9569358,0.93532944,0.9523757,0.9278836,0.95928264,0.955819,0.94695723,0.95099044,0.94953144,0.954394,0.94961333,0.9458733,0.9470566,0.95332533,0.9443155,0.94595057,0.94752264,0.97329426,0.95558196,0.9585567,0.95286494,0.955166
bernadettefilm,0.96751094,0.96358126,0.96443826,0.9575767,0.9642009,0.96007097,0.96928036,0.96277046,0.9803778,0.95864207,0.9631782,0.9507648,0.96311235,0.9645227,0.9625005,0.9627648,0.96680975,0.9630118,0.957585,0.95317644,0.99999976,0.9676668,0.9705496,0.9598559,0.96219975,0.84194475,0.96636957,0.95643765,0.9611129,0.9559152,0.95293456,0.96351606,0.966173,0.94688684,0.95576066,0.9551404,0.961126,0.95857614,0.96682197,0.9512306,0.95725155,0.96300906,0.9595157,0.9607693,0.97103685,0.9648653,0.96945125,0.9695696,0.9443652,0.9648175,0.96576107,0.9673366,0.95996207,0.9526439,0.9591124,0.95347244,0.9523931,0.9531647,0.9553943,0.9539762,0.9503524,0.96171176,0.959277,0.96851677,0.9545984,0.95512265,0.94732684,0.9529831,0.9536083,0.94421166,0.96302265,0.7724534,0.94588494,0.9653611,0.96300167,0.94108623,0.92567736,0.9515819,0.9572977,0.9596882,0.95578676,0.9673929,0.9611665,0.9550434,0.9584606,0.950403,0.9639798,0.96511954,0.9628809,0.9694817,0.961966,0.96302265,0.95719475,0.9586451,0.955405,0.9605252,0.9616495,0.9550208,0.9500517,0.95483816,0.9551724,0.9597074,0.9473196,0.9625164,0.9545191,0.9627445,0.9542817,0.96773696,0.94621897,0.95810074,0.97267336,0.85914844,0.9588916,0.9279672,0.9617667,0.9598789,0.9672722,0.95685863,0.9652483,0.9611442,0.96214676,0.9551073,0.9685197,0.9564758,0.96170956,0.9642527,0.9543994,0.9650683,0.96163535,0.94501644,0.97563446,0.9543947,0.966709,0.9442336,0.9505844,0.9568538,0.95747447,0.95615345,0.95936966,0.95539975,0.9803778,0.96841407,0.9621416,0.9658878,0.93445647,0.95058733,0.9465942,0.961083,0.96646965,0.9595929,0.9615791,0.9576511,0.9599947,0.9541251,0.9534694,0.9543747,0.95732105,0.94937205,0.9557458,0.9541746,0.9803778,0.9576491,0.9593885,0.9641653,0.95658547
