movie,21bridgesmovie,47metersdown,abeautifuldaymovie,abominablemovie,adastramovie,adogsjourneymovie,aftermathmovie,aftermovie,ahiddenlifefilm,alitamovie,angelhasfallen,angrybirdsmovie,annabellemovie,annamovie,apollo11movie,arcticdogsmovie,arcticmovie,artofracingmovie,avengers,beachbummovie,bernadettefilm,blackandbluemovie,blackchristmas,blindedbythelightmovie,bombshellmovie,booksmart,breakthroughmovie,brianbanksmovie,brightburnmovie,brittanyrunsmov,captainmarvelofficial,captivestatemovie,catsmovie,charliesangels,childsplaymovie,clarathefilm,coldpursuitmovie,countdown,currentwarmovie,darkwatersmovie,detectivepikachumovie,disneyaladdin,disneyfrozen,disneymaleficent,doctorsleepmovie,dolemiteismyname,dontletgomovie,doramovie,downtonabbey_official,dumbo,escaperoom,everybodyknowsmovie,fastandfuriousmovie,fightingwmyfam,fivefeetapartfilm,fordvferrari,freaksthefilm,geminimanmovie,glassmovie,gloriabellmovie,godzillamovie,goldfinchmovie,goodboysmovie,goodliarmovie,gretafilm,halathemovie,happydeathdaymovie,harrietfilm,hellboymovie,hersmellmovie,highlifemovie,highstrungmovie,honeyboymovie,hotelmumbaifilm,httydragon,hustlemovie,hustlersmovie,isntitromantic,itmovieofficial,jayandsilentbob,johnwickmovie,jojorabbitmovie,jokermovie,judythefilm,jumanjimovie,justmercyfilm,knivesout,lalloronamovie,lastblackmansf,lastchristmasthemovie,latenightmovie,lighthousemovie,lionking,littlethemovie,littlewomenmovie,littlewoodsfilm,longshotmovie,lordsofchaosmovie,lucyintheskyfilm,mamovie2019,marriagestory,meettheaddams,meninblack,midsommarmovie,midwaymovie,missbalamovie,missinglinkfilm,motherlessbklyn,onceinhollywood,onthebasisofsex,overcomermovie,peanutbutterfalcon,petsematarymovie,piercingmovie,playingwithfire,playmobilthemovie,pomsmovie,queenandslim,rambomovie,readyornotfilm,richardjewellfilm,rocketmanmovie,scarystoriesmovie,secretlifeofpets,serenityfilm,shaftmovie,shazammovie,spidermanmovie,spiesindisguise,starwars,stormboymovie,stubermovie,taosdfilm,teenspiritmov,terminator,theaeronautsmov,thebestofenemies,thedeaddontdie,thefarewell,thehighwaymen,thehummingbirdprojectfilm,theintrudermovie,theirishmanfilm,thekitchenmovie,thelegomovie,themustangfilm,thenightingalefilm,theprodigymovie,thesunisalsoastar,theupsidefilm,tolkienmovie,toystory,triplefrontier,uglydolls,uncutgems,underthesilverlake,usmovie,wavesmovie,whatmenwant,wonderparkmovie,wrinklestheclown,xmenmovies,yardiefilm,yesterdaymovie,zombieland
21bridgesmovie,0.99999994,0.94555634,0.9609738,0.95882934,0.9566018,0.9544837,0.9589736,0.957721,0.98101836,0.9546637,0.9599857,0.95741767,0.957852,0.95922875,0.9617947,0.9532536,0.9633407,0.9607412,0.973443,0.9566839,0.9682674,0.9630394,0.96014154,0.9660347,0.94995975,0.8916767,0.95582557,0.961779,0.9698168,0.951295,0.9554698,0.9561583,0.94019026,0.9622272,0.941535,0.92932564,0.9642519,0.9716634,0.9606546,0.96098393,0.9498539,0.9641572,0.9459659,0.9548454,0.9591922,0.9619732,0.9587627,0.96350217,0.9571201,0.9609184,0.9671276,0.9639129,0.9446396,0.9611532,0.95669425,0.9629964,0.9451621,0.9540096,0.9643697,0.9654568,0.95427614,0.9659271,0.95678556,0.9575803,0.95780796,0.955626,0.95244795,0.9603879,0.95536906,0.947081,0.97103614,0.77770275,0.95725685,0.9577831,0.95331144,0.94642526,0.92923385,0.9539572,0.96065974,0.9597093,0.9592108,0.95029557,0.9596342,0.9553008,0.9598456,0.9590094,0.95947593,0.9635384,0.9643196,0.9636495,0.9583382,0.97103614,0.9549433,0.9544492,0.96052086,0.95526445,0.9592242,0.9570584,0.9530803,0.9529191,0.95305824,0.9544653,0.94950736,0.9658031,0.954024,0.96754897,0.96729475,0.9602424,0.9504363,0.95013607,0.9589545,0.8600918,0.9581645,0.92199653,0.9603259,0.96793026,0.98839545,0.96423525,0.9583348,0.9536639,0.9593488,0.9471796,0.9527959,0.9503667,0.95828384,0.95715654,0.9588543,0.96297807,0.96058315,0.9464076,0.96501017,0.9512882,0.96303874,0.9492435,0.9541229,0.9540565,0.97012717,0.9579469,0.96516615,0.9585908,0.98101836,0.9662212,0.9566516,0.95899886,0.95225704,0.9518999,0.95370907,0.95095265,0.9607399,0.96593535,0.9508434,0.9589659,0.958366,0.9490994,0.9643632,0.9675391,0.95726746,0.9651209,0.9535154,0.9530111,0.98101836,0.94471085,0.963741,0.96048313,0.9634864
47metersdown,0.94555634,1.0000007,0.9492651,0.9222783,0.93724716,0.9327612,0.9423915,0.9372863,0.96291035,0.9388251,0.94212425,0.941488,0.93614763,0.94934076,0.9426984,0.9604301,0.9464072,0.9428501,0.9424024,0.94142497,0.9553488,0.94232506,0.9466003,0.94183606,0.9310346,0.8481442,0.9446343,0.9390858,0.94229454,0.9331387,0.9402533,0.9309747,0.93491274,0.946681,0.9300869,0.9075227,0.944266,0.94096804,0.94230455,0.93407583,0.94185877,0.9425364,0.93999904,0.9411404,0.9500394,0.94842875,0.94224733,0.9357776,0.9377236,0.95088816,0.9448966,0.9463412,0.93661636,0.94813484,0.93938076,0.9397376,0.92918086,0.94203395,0.9325107,0.9448683,0.940173,0.93097395,0.9416465,0.9495967,0.94030786,0.9469712,0.93332607,0.92941564,0.9411192,0.93858695,0.94807553,0.77567047,0.9279295,0.9387284,0.9310806,0.9264566,0.8972296,0.94134355,0.93857104,0.9362168,0.9383753,0.9404425,0.94473565,0.9386787,0.9444422,0.94044334,0.94018954,0.9433203,0.93726444,0.9474917,0.9264422,0.94807553,0.94350374,0.9422499,0.9423746,0.9293763,0.9456949,0.9489216,0.93754584,0.94389015,0.9337816,0.9412561,0.92866576,0.945013,0.9475709,0.9416764,0.94393003,0.94574136,0.9320051,0.9307815,0.942877,0.85159624,0.9515643,0.8959528,0.95138127,0.9437556,0.9509138,0.94855404,0.94551176,0.9432659,0.9373534,0.94376165,0.94659185,0.93635094,0.93410414,0.94204444,0.9430695,0.94101036,0.94094557,0.93550277,0.958253,0.9363897,0.9434438,0.93338585,0.9456839,0.93019456,0.941114,0.94221556,0.94143337,0.93004966,0.96291035,0.9469627,0.94369,0.9424361,0.931279,0.9324338,0.93647105,0.935497,0.9429287,0.944621,0.9388246,0.94795597,0.9454518,0.9075034,0.9358367,0.9434679,0.94329834,0.9472016,0.9442264,0.94441986,0.96291035,0.9361355,0.9499262,0.9431402,0.941206
abeautifuldaymovie,0.9609738,0.9492651,0.9999997,0.946312,0.9515882,0.9464382,0.9535426,0.9545691,0.97526973,0.94565284,0.96453065,0.95334977,0.9534293,0.96182644,0.9613907,0.95930946,0.95561177,0.9569606,0.95271987,0.9526644,0.95658326,0.9603785,0.9558629,0.95436954,0.9492614,0.883658,0.95217746,0.95354563,0.9750567,0.9498246,0.948544,0.9516838,0.93639773,0.96077514,0.9292123,0.91525257,0.9637468,0.95647126,0.95497733,0.9506941,0.9477899,0.9478009,0.9352359,0.9450145,0.9528739,0.9595841,0.9538781,0.9532071,0.9558271,0.9510149,0.9746162,0.9654695,0.9515104,0.9629872,0.9530136,0.9574789,0.93576515,0.9500976,0.95468956,0.9608706,0.9593423,0.95724887,0.95514506,0.9622562,0.9484232,0.9591096,0.9517742,0.95629317,0.9508815,0.9441524,0.96147627,0.7764139,0.9462366,0.96140635,0.94357836,0.9408038,0.9267941,0.9432691,0.9518628,0.9491954,0.9547429,0.95382726,0.9595135,0.94867283,0.95685804,0.95486987,0.95639306,0.9570281,0.95771426,0.95791554,0.94784665,0.96147627,0.9632576,0.9588649,0.9709921,0.95294446,0.95816815,0.9527878,0.9502074,0.9519606,0.94795364,0.9519637,0.9590627,0.9587048,0.94970995,0.9745572,0.9518128,0.9554947,0.95923245,0.9497938,0.96002084,0.86747366,0.9584159,0.90225434,0.9592897,0.948166,0.96242785,0.94978017,0.9548157,0.95305115,0.95024365,0.9578577,0.9550325,0.95120263,0.94939256,0.9517366,0.95423746,0.9642329,0.95262724,0.9383991,0.953236,0.94263947,0.957145,0.94866854,0.95082366,0.9451299,0.9494437,0.95217216,0.9554324,0.9535886,0.97526973,0.9684481,0.9517525,0.9472124,0.9442889,0.9462861,0.9466351,0.9437949,0.95038295,0.9596319,0.94604903,0.97020084,0.9462713,0.9282557,0.9403479,0.9545419,0.9525761,0.9538869,0.9485942,0.9573829,0.97526973,0.93775874,0.9552824,0.9541529,0.96496576
abominablemovie,0.95882934,0.9222783,0.946312,1.0,0.9452875,0.94418925,0.94192475,0.93821985,0.96834326,0.93619734,0.9369941,0.9479365,0.9518228,0.9443783,0.9506488,0.93887806,0.94366825,0.94700193,0.95030457,0.940742,0.94207036,0.94391584,0.94071615,0.95607287,0.94580716,0.9097243,0.9424609,0.94369006,0.94841254,0.9348202,0.9481506,0.94520825,0.9213051,0.9423439,0.9329044,0.9223002,0.9509858,0.945351,0.9411978,0.95080405,0.9415992,0.94747674,0.93437415,0.94269675,0.9415224,0.9499616,0.9422541,0.94684863,0.9417052,0.9464936,0.95857596,0.9538828,0.9272384,0.9447031,0.9509217,0.94424564,0.93242633,0.9367957,0.95914614,0.9488888,0.95305014,0.96808213,0.9358936,0.9412614,0.9453971,0.9439362,0.92937577,0.9540722,0.93562347,0.9394693,0.95342255,0.76765347,0.946528,0.942788,0.9424218,0.9288853,0.918835,0.9308218,0.9414984,0.94745517,0.9436853,0.93868625,0.95385873,0.9420159,0.9543215,0.95053434,0.9470866,0.94732666,0.94722694,0.9485475,0.9462755,0.95342255,0.94686407,0.93875015,0.949321,0.9468719,0.9444838,0.93802494,0.9390605,0.9351736,0.9428043,0.94680774,0.93869364,0.955315,0.93872684,0.957689,0.94185317,0.94729793,0.9373915,0.9366296,0.94864064,0.8570007,0.94527274,0.9134037,0.9420554,0.939941,0.9581022,0.93429893,0.9446461,0.9326369,0.9499599,0.93680316,0.94323796,0.9360075,0.94969404,0.9456956,0.94242007,0.94583356,0.949183,0.92314065,0.9409151,0.9391499,0.9475891,0.9418255,0.942045,0.9356475,0.94640326,0.9356801,0.9526352,0.9430777,0.96834326,0.9456658,0.9438164,0.9424889,0.9394723,0.9402595,0.93905115,0.9373728,0.9456229,0.9526645,0.9361586,0.94498086,0.9516327,0.9396654,0.94140327,0.95325565,0.93975586,0.9531216,0.9367409,0.94181126,0.96834326,0.92197114,0.9509216,0.93448454,0.9536472
adastramovie,0.9566018,0.93724716,0.9515882,0.9452875,1.0000001,0.9492058,0.9590417,0.9530994,0.9760295,0.953071,0.9537827,0.95908916,0.9476469,0.9577786,0.95893246,0.95279145,0.9517233,0.9702522,0.9507158,0.9527844,0.95318955,0.9568297,0.9538098,0.9627233,0.948171,0.87786317,0.9558683,0.9430715,0.9592975,0.9528122,0.95643675,0.9444723,0.93895197,0.95217687,0.9332294,0.91975623,0.95923877,0.9557455,0.95073366,0.9552119,0.9506186,0.9567758,0.9336174,0.9459075,0.9572741,0.9583702,0.9518708,0.9555691,0.95404094,0.9570651,0.9665256,0.96171916,0.9473058,0.9510424,0.95237756,0.96529055,0.938636,0.9480214,0.95495665,0.9560134,0.9486518,0.9567157,0.9394296,0.9590521,0.95359576,0.94733787,0.94044435,0.952729,0.9514315,0.94173986,0.959811,0.7651076,0.9414179,0.93917906,0.9442627,0.9341408,0.9197385,0.9504658,0.9540967,0.9430781,0.9523213,0.9487756,0.9526335,0.95264435,0.944171,0.95843416,0.95054924,0.9565421,0.9502106,0.9469861,0.9503068,0.959811,0.95626986,0.9603053,0.9573258,0.94736177,0.9459811,0.94289416,0.9489871,0.9536046,0.94270474,0.9551164,0.95371145,0.9512624,0.9433276,0.9632702,0.9552668,0.9551996,0.94003034,0.94710857,0.9563485,0.8774541,0.9600106,0.9137255,0.9526622,0.9424124,0.95937717,0.9469075,0.9534381,0.9542568,0.95715094,0.95319206,0.9494022,0.94455796,0.95602536,0.96327394,0.9535964,0.9549292,0.9627428,0.9385474,0.95489824,0.95889944,0.9532979,0.94538414,0.9405061,0.94787776,0.95129216,0.9510633,0.95890003,0.9564018,0.9760295,0.95452935,0.94530565,0.9503951,0.9502626,0.95488125,0.9503428,0.9400399,0.95342505,0.9477385,0.94849145,0.9459093,0.95183754,0.9330865,0.9477059,0.9561512,0.95416284,0.953308,0.94817257,0.9458873,0.9760295,0.9503129,0.9533413,0.95059025,0.960708
adogsjourneymovie,0.9544837,0.9327612,0.9464382,0.94418925,0.9492058,1.0000001,0.9509393,0.9473011,0.96993864,0.94397336,0.9426868,0.95652264,0.94874454,0.9458676,0.94747597,0.94149935,0.94980997,0.94840235,0.9514395,0.93803465,0.9502642,0.9443666,0.95214605,0.95849407,0.94519824,0.8909992,0.9400475,0.94482994,0.9440142,0.94004667,0.9554783,0.94614226,0.94011605,0.9386824,0.9321124,0.89762783,0.9565605,0.94350183,0.94255996,0.95090634,0.95368916,0.9453074,0.93782353,0.9351455,0.9439595,0.9466706,0.9492833,0.9509231,0.9435681,0.9436862,0.9516016,0.957239,0.947463,0.94356203,0.95517164,0.94902146,0.9351493,0.9362063,0.949953,0.9519433,0.9557765,0.94686806,0.9459996,0.94492495,0.9445341,0.9413122,0.9382048,0.9584098,0.9384634,0.9319313,0.95563364,0.7531005,0.9318496,0.9420555,0.9546137,0.93634737,0.899561,0.94275874,0.93711686,0.9496151,0.94217074,0.94651735,0.9553204,0.93772167,0.9404966,0.94760853,0.93457067,0.95104307,0.94400156,0.9416436,0.94664884,0.95563364,0.9508026,0.9545478,0.9440145,0.94079846,0.94535077,0.9437257,0.9448264,0.95093113,0.9360121,0.9510902,0.946509,0.9469042,0.9434759,0.948527,0.95132935,0.9428139,0.93940216,0.93856263,0.9502386,0.8486636,0.9457188,0.8914896,0.9516031,0.9372402,0.9525856,0.94827425,0.95407325,0.95132625,0.9478911,0.95156956,0.956019,0.9659932,0.95022506,0.95422804,0.9646786,0.9392037,0.9494708,0.9326002,0.9442916,0.9423475,0.95613104,0.93692297,0.9322741,0.9352101,0.94682807,0.9527232,0.9550167,0.93955827,0.96993864,0.9470446,0.9383871,0.94242495,0.9390779,0.9408831,0.93641543,0.9384184,0.9460208,0.94959056,0.9463559,0.9522668,0.9434291,0.9333708,0.9483063,0.9560016,0.94786817,0.9523339,0.9459708,0.947554,0.96993864,0.9336277,0.9552836,0.9566255,0.95103496
aftermathmovie,0.9589736,0.9423915,0.9535426,0.94192475,0.9590417,0.9509393,1.0000001,0.951795,0.9777798,0.95108646,0.95216155,0.9545253,0.9488787,0.9632765,0.961835,0.95526564,0.9537132,0.96078223,0.9510098,0.94762874,0.9647005,0.94773823,0.9500806,0.95723665,0.9507807,0.8771114,0.94976425,0.95361924,0.95635056,0.95211256,0.95887905,0.94450784,0.9461239,0.9586557,0.9301059,0.90743655,0.96384215,0.96092737,0.95210975,0.957042,0.95171416,0.95318854,0.9439656,0.9463158,0.9525463,0.9590421,0.9481634,0.9557916,0.9539463,0.95213246,0.9598357,0.9639488,0.94625336,0.95956475,0.9509022,0.9623656,0.93954426,0.9527525,0.9496006,0.9617582,0.95110774,0.9580368,0.9496962,0.960183,0.95543385,0.9460287,0.94754124,0.9593496,0.9532379,0.9367907,0.96441656,0.75386286,0.94920796,0.9509056,0.9466487,0.94530237,0.9122189,0.953929,0.9495953,0.94618744,0.9580911,0.9677625,0.9544185,0.9493044,0.9391956,0.9559495,0.9491557,0.96160376,0.96452343,0.95364124,0.95468974,0.96441656,0.95914257,0.9563887,0.96111643,0.9504571,0.95633006,0.9474666,0.9721222,0.95439076,0.9469519,0.95597756,0.9463028,0.96009827,0.94864637,0.9590041,0.95876735,0.95560324,0.94240123,0.9560025,0.9615017,0.8652407,0.96199644,0.89984655,0.95779324,0.95134586,0.9640362,0.95327175,0.9626083,0.98671836,0.95381904,0.9570645,0.9553244,0.9426425,0.95890903,0.9567325,0.9606166,0.9491818,0.9479297,0.9407505,0.9552409,0.947158,0.9597726,0.9515294,0.9435758,0.9469359,0.9560574,0.9645752,0.957294,0.95122194,0.9777798,0.95090175,0.94388956,0.9516206,0.94426405,0.95123506,0.95822895,0.94667846,0.9536243,0.95280033,0.9798606,0.94974077,0.9552247,0.9249243,0.94836545,0.9568513,0.9478758,0.9581811,0.9533439,0.9543181,0.9777798,0.94002444,0.9649129,0.95267916,0.9539573
aftermovie,0.957721,0.9372863,0.9545691,0.93821985,0.9530994,0.9473011,0.951795,1.0,0.9766396,0.9526416,0.95830566,0.95551896,0.9456989,0.96386844,0.96390986,0.946774,0.9573454,0.95109856,0.93908566,0.9527828,0.95190006,0.96586734,0.95643514,0.9598954,0.9560108,0.88372165,0.9512139,0.95120823,0.95593137,0.9496754,0.9495303,0.95547605,0.9453819,0.95090306,0.9308317,0.90815693,0.96737236,0.95637465,0.9570366,0.9605979,0.9563426,0.95272326,0.9455098,0.9493295,0.9549777,0.9612769,0.95654625,0.95872426,0.95958084,0.9550486,0.95874107,0.96880597,0.94842064,0.96057326,0.961839,0.95036143,0.94216496,0.95134217,0.95682096,0.9622622,0.95855635,0.9522717,0.95735335,0.9623182,0.94904906,0.9584996,0.94800377,0.95873123,0.9516236,0.93544215,0.96827507,0.7729439,0.9403206,0.94458914,0.9442882,0.94356513,0.9251781,0.9540476,0.9528101,0.9531568,0.9526553,0.94939214,0.9598492,0.9562677,0.9441033,0.9610644,0.9557207,0.9499462,0.96204716,0.9537162,0.9482442,0.96827507,0.9492099,0.9503986,0.95263785,0.9522645,0.95284325,0.94878924,0.9482378,0.95370626,0.94795346,0.9608674,0.95338935,0.9589668,0.95240515,0.96042943,0.9567009,0.95890003,0.940607,0.9504126,0.9577084,0.86870736,0.9577034,0.9099766,0.95430046,0.9409801,0.96240115,0.95681256,0.950377,0.94855917,0.9570398,0.95306855,0.95689386,0.94610023,0.9502035,0.9554327,0.956319,0.95096284,0.9518774,0.9437073,0.953764,0.9480169,0.9595175,0.93815017,0.94575244,0.94524693,0.95581675,0.9627589,0.96372473,0.9477136,0.9766396,0.9624432,0.94232297,0.95886064,0.9516107,0.95561266,0.95440125,0.94424826,0.9565231,0.9497655,0.9517511,0.9587008,0.9460265,0.9259287,0.95694804,0.9572469,0.9464503,0.95938087,0.94978666,0.94474363,0.9766396,0.9419052,0.9635611,0.9547977,0.95433855
ahiddenlifefilm,0.98101836,0.96291035,0.97526973,0.96834326,0.9760295,0.96993864,0.9777798,0.9766396,1.0000002,0.9709875,0.97430784,0.9749345,0.9718874,0.98002416,0.98397547,0.9734021,0.97881496,0.97890455,0.9726908,0.9721179,0.9797576,0.9759769,0.9779858,0.98088807,0.97173315,0.9097531,0.9726639,0.97511315,0.9768705,0.9700437,0.9731701,0.9719632,0.9636043,0.9754317,0.9550088,0.9400755,0.9837767,0.9764994,0.97432715,0.97743577,0.97445387,0.9784674,0.96403676,0.97295886,0.9763984,0.9796163,0.97595495,0.9769276,0.9753876,0.9799794,0.9826885,0.9849322,0.9659891,0.9762725,0.97701573,0.9780052,0.96339464,0.9738482,0.974776,0.98105574,0.97806853,0.9761444,0.9699235,0.9787153,0.97412145,0.97625774,0.96588665,0.979264,0.97002155,0.9640034,0.9841487,0.7904919,0.968521,0.9724468,0.96678954,0.96615356,0.9408074,0.97022617,0.972056,0.97250485,0.97516197,0.9710586,0.9787051,0.9723244,0.97242665,0.9771149,0.97288036,0.975628,0.97828794,0.9768447,0.97256684,0.9841487,0.97512746,0.97037554,0.97587276,0.9722816,0.97407913,0.9702513,0.97204816,0.97405064,0.96908075,0.9764892,0.9663549,0.97850126,0.96652985,0.981715,0.97733456,0.97711015,0.96436346,0.9687848,0.9786002,0.8883022,0.97835267,0.9339502,0.975331,0.96561784,0.98342526,0.9704804,0.9782404,0.9753661,0.9754251,0.9753682,0.97759044,0.96926355,0.9759535,0.9730971,0.9762452,0.9749091,0.9784846,0.96153593,0.9775639,0.97101325,0.97937393,0.96964,0.96872866,0.9688538,0.9737244,0.97787404,0.9805305,0.97074854,1.0000002,0.9756,0.97150195,0.9732365,0.9710152,0.9728678,0.9723081,0.96660405,0.9754175,0.974805,0.97125405,0.97619116,0.97552025,0.9531111,0.9726373,0.9780663,0.97136354,0.98017883,0.97026974,0.9684821,1.0000002,0.9594453,0.98221505,0.97476286,0.9770445
alitamovie,0.9546637,0.9388251,0.94565284,0.93619734,0.953071,0.94397336,0.95108646,0.9526416,0.9709875,1.0000001,0.9455785,0.94489914,0.9450264,0.95703197,0.9546621,0.94497246,0.95070255,0.9571537,0.93901837,0.943472,0.9572143,0.9505227,0.9520951,0.9510181,0.9497233,0.8868753,0.95468694,0.9552705,0.95125604,0.9404036,0.94684505,0.9422487,0.9459622,0.9520931,0.9288722,0.90421736,0.9601509,0.9536868,0.95062363,0.95356584,0.9569011,0.9564017,0.9362435,0.9493405,0.9477963,0.9501028,0.95037705,0.9432687,0.9461403,0.95414144,0.9569077,0.95941216,0.9445443,0.94779664,0.94859517,0.95476836,0.9462244,0.95767975,0.9461683,0.9474654,0.94919693,0.9523323,0.94900286,0.9585328,0.9486312,0.94858706,0.9411132,0.9516949,0.94960886,0.9452566,0.9529316,0.77760553,0.94031006,0.95183855,0.9461299,0.9442162,0.9215811,0.9478438,0.94593567,0.94129765,0.9569026,0.9411277,0.95032734,0.9499879,0.93874556,0.9469164,0.9472676,0.9501235,0.9536033,0.94798505,0.9484087,0.9529316,0.95460695,0.9555816,0.95277435,0.93968886,0.9498842,0.9505738,0.9401716,0.95351505,0.94260377,0.95534605,0.934459,0.9481939,0.9540911,0.95770836,0.96019393,0.9594433,0.9327403,0.94313717,0.95505667,0.8572547,0.95078677,0.9136226,0.95398223,0.939392,0.9562909,0.95037174,0.9506706,0.947826,0.95202243,0.9470505,0.94534045,0.93181425,0.95682216,0.9549116,0.95337707,0.9508218,0.9636636,0.9323878,0.9493293,0.952225,0.957067,0.9499638,0.9526869,0.93832636,0.94820035,0.95607215,0.9477937,0.9453869,0.9709875,0.95140016,0.9389956,0.95400447,0.9492909,0.95092046,0.9488758,0.9460667,0.95918524,0.95079494,0.94314325,0.94777405,0.95165616,0.93199784,0.94274354,0.9485844,0.9467158,0.94565713,0.9493834,0.93911123,0.9709875,0.9527829,0.9533238,0.9482822,0.9533351
angelhasfallen,0.9599857,0.94212425,0.96453065,0.9369941,0.9537827,0.9426868,0.95216155,0.95830566,0.97430784,0.9455785,0.99999946,0.9486997,0.94161195,0.9546047,0.96531457,0.9585309,0.9561492,0.95316654,0.94699776,0.95412225,0.9572194,0.9555018,0.9610826,0.95835,0.9429069,0.89740694,0.95192945,0.94489783,0.9575835,0.9496843,0.9488278,0.94789857,0.9425503,0.95173174,0.9312152,0.91985965,0.95933473,0.9532384,0.9544993,0.95177406,0.9429517,0.9542311,0.94050455,0.949897,0.9599151,0.95233446,0.95962906,0.9505751,0.96417004,0.95785546,0.9621498,0.95933694,0.94870627,0.95783764,0.9512242,0.9601955,0.94404846,0.95452195,0.9484828,0.95906407,0.95577115,0.94687515,0.95290583,0.9515178,0.947484,0.9622168,0.94115216,0.9559557,0.95995224,0.94376737,0.9565302,0.7854865,0.938774,0.95768684,0.95106924,0.94838786,0.923181,0.96210164,0.9554123,0.9517089,0.9716873,0.9495333,0.94846535,0.95152587,0.9465283,0.956717,0.9612025,0.9483963,0.94796187,0.9459858,0.94125706,0.9565302,0.9590025,0.95743716,0.9575043,0.96465284,0.9607826,0.94160825,0.95010734,0.9529442,0.93762535,0.9429129,0.95697206,0.9529925,0.9390757,0.96135134,0.95214075,0.94954145,0.9451271,0.9457855,0.9539135,0.87429535,0.9531894,0.9074711,0.95557106,0.96621704,0.9654436,0.94711375,0.95947766,0.9553778,0.9453166,0.9543697,0.96131915,0.9512246,0.9478934,0.9463473,0.95080733,0.9601885,0.95802873,0.9450589,0.9580974,0.9504514,0.9520908,0.9433149,0.94764227,0.9447107,0.95079017,0.9556366,0.9488922,0.9481464,0.97430784,0.95916355,0.94237715,0.9470972,0.9434611,0.94674397,0.9509203,0.93700504,0.94683903,0.95903724,0.9458633,0.9552339,0.9498103,0.9207488,0.94097424,0.9568162,0.95748854,0.9437535,0.948305,0.9466901,0.97430784,0.9350433,0.95493394,0.9636409,0.95506597
angrybirdsmovie,0.95741767,0.941488,0.95334977,0.9479365,0.95908916,0.95652264,0.9545253,0.95551896,0.9749345,0.94489914,0.9486997,0.9999996,0.95298934,0.9558114,0.9581622,0.9503342,0.95294875,0.95602006,0.95974034,0.950725,0.95412594,0.9556298,0.9527172,0.9626658,0.954334,0.8850896,0.9526266,0.949606,0.95904,0.9518988,0.96038556,0.9517007,0.93800855,0.9576846,0.9354705,0.9201969,0.9624288,0.952563,0.94896764,0.9534867,0.9578473,0.9543401,0.95709056,0.9505219,0.9568268,0.96169245,0.9524649,0.9612784,0.950417,0.9586623,0.97002923,0.96212506,0.9383286,0.9575104,0.9505573,0.9509219,0.9338081,0.9464038,0.9592816,0.9546022,0.96028274,0.950912,0.94215715,0.960816,0.9470203,0.94637376,0.9380372,0.9562127,0.9515376,0.93623036,0.96047753,0.77886087,0.93651205,0.94563377,0.9403678,0.94074917,0.9083808,0.94323754,0.94424087,0.9534962,0.9506607,0.9493435,0.9637803,0.9469413,0.9591092,0.954924,0.94807124,0.94987017,0.95087934,0.953571,0.9471366,0.96047753,0.9510938,0.9475125,0.9661788,0.94837976,0.9521641,0.9377096,0.9505925,0.94964564,0.9471964,0.95035946,0.9456374,0.9558746,0.9466924,0.96875393,0.9528388,0.95702726,0.9428681,0.9510368,0.9582945,0.8670883,0.9627662,0.90384823,0.9575227,0.93101054,0.9548193,0.9460367,0.9542447,0.953023,0.95875746,0.95168227,0.94958025,0.95719475,0.9535231,0.95520574,0.9482001,0.96033543,0.95242405,0.9523095,0.94985926,0.9463991,0.9580157,0.94020385,0.9494053,0.935886,0.9512494,0.9536544,0.965765,0.9530608,0.9749345,0.95927465,0.9479167,0.95895004,0.94958514,0.9490316,0.95019954,0.9442115,0.9530651,0.9505378,0.9467483,0.9489724,0.9512376,0.92416555,0.9512369,0.9604993,0.9572757,0.9601091,0.9470458,0.9470976,0.9749345,0.93535876,0.95982206,0.95720136,0.9615223
annabellemovie,0.957852,0.93614763,0.9534293,0.9518228,0.9476469,0.94874454,0.9488787,0.9456989,0.9718874,0.9450264,0.94161195,0.95298934,1.0000001,0.95173347,0.9560257,0.9389823,0.9597745,0.9474852,0.9544439,0.94619864,0.94656026,0.9447325,0.95133734,0.9589808,0.94327164,0.87225366,0.9563908,0.95724976,0.9520931,0.9463319,0.9526919,0.9546626,0.93594164,0.95111316,0.9384955,0.91794175,0.9601699,0.96163386,0.9476945,0.95569694,0.9575014,0.9464421,0.92874676,0.9458125,0.9513197,0.95589995,0.9505631,0.94918936,0.949544,0.9501172,0.9602601,0.962854,0.9388164,0.9516567,0.954874,0.95254153,0.9290011,0.946972,0.9523837,0.95828557,0.9621313,0.95368093,0.944689,0.9587815,0.9516023,0.9475806,0.9539578,0.9563663,0.94091004,0.9414478,0.9607807,0.7613739,0.9485285,0.94986814,0.94902587,0.9406211,0.9116744,0.94211227,0.9503166,0.9501622,0.9401758,0.95459366,0.9664445,0.9547186,0.9606427,0.95629704,0.945324,0.9757456,0.95368725,0.95168436,0.9505207,0.9607807,0.96010756,0.9445102,0.95483196,0.9404497,0.9481692,0.9465173,0.9495493,0.94784546,0.94888705,0.95015734,0.9399259,0.9528986,0.9382088,0.9594687,0.9548251,0.9525804,0.94672,0.93653643,0.9548494,0.8661378,0.95207125,0.9179634,0.9510762,0.9369762,0.9551613,0.94727737,0.9461275,0.94279367,0.9635703,0.9527695,0.94669354,0.9475734,0.96121985,0.94433403,0.9654195,0.95160025,0.9524568,0.93124473,0.9476069,0.95081675,0.95305973,0.94743794,0.94573987,0.94177073,0.9439222,0.94783187,0.9603835,0.9455316,0.9718874,0.94710594,0.9486535,0.9504193,0.95089424,0.94212633,0.94014734,0.9468481,0.9544312,0.9500378,0.94401383,0.9522631,0.9523895,0.9398694,0.9450953,0.95759195,0.9440362,0.9605118,0.94016236,0.9362701,0.9718874,0.9347875,0.95479393,0.9454612,0.95157766
annamovie,0.95922875,0.94934076,0.96182644,0.9443783,0.9577786,0.9458676,0.9632765,0.96386844,0.98002416,0.95703197,0.9546047,0.9558114,0.95173347,1.0000004,0.9659127,0.9567652,0.962379,0.9641447,0.9509135,0.95633143,0.96423274,0.961745,0.9597949,0.96031487,0.95557207,0.88459575,0.955584,0.9545338,0.96192634,0.95166105,0.9487216,0.94945604,0.9502944,0.9651526,0.9430347,0.93086743,0.96783847,0.9616254,0.9574836,0.9544021,0.9584137,0.9657251,0.95265055,0.9556768,0.95617336,0.9661426,0.9632528,0.95641017,0.9567754,0.9621267,0.9665425,0.96512216,0.95914584,0.96249855,0.95849526,0.96079236,0.9482324,0.96251184,0.94994974,0.9658231,0.9640326,0.9565206,0.9541536,0.9721544,0.9539962,0.95954645,0.94819486,0.9558838,0.9535241,0.94953936,0.9672827,0.7733122,0.9525282,0.95275396,0.94957703,0.9459603,0.9231543,0.9551836,0.95590705,0.9559529,0.95755446,0.95617306,0.9633479,0.9579823,0.9553182,0.9593962,0.95453054,0.95984745,0.96769834,0.96505266,0.9586771,0.9672827,0.95856553,0.9558438,0.95790225,0.9515967,0.9577169,0.9504745,0.95415825,0.9637848,0.95178795,0.965675,0.94881654,0.9595196,0.9626355,0.96676075,0.95926976,0.96369845,0.9544576,0.95450366,0.9562677,0.88944775,0.9660131,0.9326239,0.9634523,0.9448439,0.96565914,0.9517155,0.9566079,0.95922476,0.9555712,0.9584709,0.9604852,0.95195884,0.95056844,0.9503759,0.95583445,0.95978177,0.9608072,0.9482768,0.95942575,0.95119524,0.96302,0.9552131,0.9584899,0.9511827,0.9608909,0.9594358,0.96025115,0.9581973,0.98002416,0.96388906,0.9505105,0.95756936,0.9566953,0.9586014,0.9619983,0.95469266,0.95640653,0.9550282,0.95862967,0.9634544,0.95962834,0.9287484,0.9539162,0.95561206,0.95162517,0.96201223,0.9544104,0.95371205,0.98002416,0.9515995,0.97066504,0.95605856,0.95888263
apollo11movie,0.9617947,0.9426984,0.9613907,0.9506488,0.95893246,0.94747597,0.961835,0.96390986,0.98397547,0.9546621,0.96531457,0.9581622,0.9560257,0.9659127,1.0000002,0.9550427,0.96733516,0.9642398,0.95336837,0.9743252,0.9613088,0.9630116,0.96518385,0.9643618,0.9592032,0.8921311,0.96211886,0.9629071,0.96233433,0.9538822,0.9492743,0.95947725,0.95125836,0.95761305,0.9406238,0.92729795,0.96712744,0.9588111,0.9531442,0.9686101,0.9605548,0.96422803,0.94559,0.9622326,0.9597538,0.96457636,0.96608347,0.96047294,0.9628521,0.9677639,0.96754074,0.9682719,0.9574863,0.9659954,0.9562192,0.9625596,0.95425004,0.96022046,0.9571378,0.9695812,0.9671682,0.96054566,0.9598654,0.9591039,0.9582425,0.96750504,0.95567197,0.96446216,0.9519631,0.95029664,0.9705233,0.79864144,0.9501207,0.9571901,0.95179147,0.9525668,0.9305859,0.9631486,0.9538712,0.9540633,0.9594844,0.9562431,0.9604016,0.962371,0.9602393,0.96427965,0.95414233,0.9606534,0.9634738,0.9586721,0.95500547,0.9705233,0.96110827,0.9566088,0.9602113,0.97859937,0.9578406,0.9552234,0.9532073,0.96361625,0.95221686,0.96192217,0.95525104,0.96598625,0.9480251,0.9665442,0.9607754,0.9553231,0.95096946,0.95233077,0.9660096,0.88516325,0.957535,0.9176954,0.96173084,0.948529,0.96670973,0.95487213,0.9604493,0.9624268,0.96358854,0.96070105,0.9626688,0.95216256,0.9614059,0.9556807,0.9608526,0.9596062,0.9632813,0.9387266,0.9636934,0.95442146,0.9681599,0.9648024,0.95457894,0.95216656,0.9610264,0.9619761,0.96336365,0.95722425,0.98397547,0.9599725,0.9521484,0.95309204,0.9582242,0.957604,0.957575,0.9530641,0.9563594,0.9628011,0.9534531,0.9632027,0.9591472,0.9276466,0.9538991,0.96347374,0.9585162,0.96265346,0.9559626,0.9542372,0.98397547,0.9397696,0.9658565,0.9609882,0.96241647
arcticdogsmovie,0.9532536,0.9604301,0.95930946,0.93887806,0.95279145,0.94149935,0.95526564,0.946774,0.9734021,0.94497246,0.9585309,0.9503342,0.9389823,0.9567652,0.9550427,1.0000005,0.95346177,0.9552384,0.9525286,0.94379705,0.9649156,0.94606817,0.9546271,0.9546177,0.94329995,0.87876105,0.95156604,0.942903,0.95556897,0.94672006,0.9539418,0.94143337,0.9448541,0.9568306,0.91926914,0.91481584,0.9579078,0.94853705,0.952285,0.94651985,0.9519976,0.95094615,0.94399214,0.94833267,0.9627032,0.9581275,0.9498896,0.9483241,0.95848006,0.9554642,0.959069,0.96163553,0.943413,0.9566934,0.94876355,0.95574313,0.9397772,0.95529515,0.94910073,0.95592004,0.957843,0.949601,0.95141727,0.96423763,0.9571156,0.959295,0.9402698,0.9476833,0.9474162,0.9424653,0.9524802,0.75045705,0.94424856,0.9469974,0.9366823,0.944788,0.9076299,0.949886,0.945304,0.9490141,0.9573648,0.9424379,0.9536953,0.9366053,0.95103437,0.94750524,0.9426686,0.9477666,0.94804394,0.95397675,0.9464472,0.9524802,0.9505738,0.9419816,0.9598111,0.94793653,0.94993377,0.94606084,0.94400364,0.94784534,0.9470176,0.948126,0.9458925,0.95615464,0.9340879,0.9572724,0.9531512,0.96758115,0.9501609,0.94961685,0.9583431,0.8525239,0.9621171,0.90350693,0.9578176,0.95356274,0.9578948,0.9423975,0.9587896,0.9550278,0.94922286,0.95370823,0.9583815,0.9419528,0.9476155,0.95019776,0.94294745,0.9595409,0.95658755,0.9431165,0.96240306,0.94915384,0.95646,0.9443103,0.95365894,0.9507157,0.9446422,0.9544043,0.94992834,0.9475624,0.9734021,0.9542305,0.9552452,0.95131075,0.94820887,0.94709826,0.9514793,0.9373387,0.9503678,0.95346117,0.9494167,0.9546688,0.95154214,0.9170141,0.9320157,0.9478385,0.94590175,0.9521474,0.9452653,0.9576484,0.9734021,0.947311,0.9584626,0.95720804,0.95091015
arcticmovie,0.9633407,0.9464072,0.95561177,0.94366825,0.9517233,0.94980997,0.9537132,0.9573454,0.97881496,0.95070255,0.9561492,0.95294875,0.9597745,0.962379,0.96733516,0.95346177,0.99999946,0.95744133,0.9591093,0.9593073,0.9600723,0.95573,0.9590932,0.95863557,0.9525763,0.8937446,0.9559192,0.96751666,0.956531,0.9493335,0.9568262,0.94772524,0.9409506,0.9551805,0.9377791,0.9245839,0.9614536,0.9574245,0.95230156,0.957654,0.95220983,0.95817405,0.9396838,0.9514933,0.9523066,0.9629908,0.9612433,0.955716,0.9501847,0.9580546,0.9623341,0.9605619,0.9480557,0.9591735,0.9589329,0.95725036,0.94838005,0.95601755,0.96025383,0.96310186,0.960263,0.95117253,0.9532069,0.95518285,0.95627767,0.9600374,0.9575233,0.9551113,0.9496722,0.95157284,0.9612788,0.76775074,0.9535726,0.959626,0.94872195,0.9463972,0.9220876,0.94830275,0.94802547,0.94594395,0.95359707,0.9480325,0.95952684,0.95256174,0.9516393,0.95837855,0.94696003,0.96217483,0.9583645,0.9573825,0.95142376,0.9612788,0.95155865,0.95175505,0.9561397,0.95539623,0.9589219,0.9597278,0.95783275,0.95155126,0.95523185,0.9597574,0.9452188,0.9583121,0.94973093,0.9599937,0.95633465,0.95342046,0.9531202,0.94805807,0.9648111,0.8695787,0.95115685,0.91303563,0.9504755,0.94535017,0.96348715,0.9531391,0.9552456,0.95259976,0.9566254,0.95779985,0.95832723,0.9500178,0.95513743,0.95084554,0.9657145,0.95497954,0.96034133,0.94202185,0.9624249,0.9571523,0.978548,0.9546739,0.94796044,0.94672585,0.9601472,0.95488775,0.954814,0.95468044,0.97881496,0.9582219,0.9494202,0.9534116,0.95439404,0.94769394,0.95049834,0.94450545,0.95618516,0.9540886,0.9514079,0.95360273,0.9530505,0.9372434,0.951794,0.95383334,0.9508006,0.9546231,0.9505104,0.9407392,0.97881496,0.93467486,0.96769315,0.95752984,0.95761436
artofracingmovie,0.9607412,0.9428501,0.9569606,0.94700193,0.9702522,0.94840235,0.96078223,0.95109856,0.97890455,0.9571537,0.95316654,0.95602006,0.9474852,0.9641447,0.9642398,0.9552384,0.95744133,0.9999998,0.95501536,0.94888186,0.9605945,0.9526268,0.95550364,0.9569755,0.9527498,0.8945383,0.9603017,0.95683557,0.95474374,0.9518128,0.9540994,0.9461241,0.9469702,0.95882845,0.94357216,0.92539763,0.96141195,0.9581659,0.95513487,0.9479002,0.95108795,0.96012735,0.944181,0.9476389,0.9585999,0.95475227,0.958855,0.9571359,0.95382124,0.9566894,0.96405286,0.96019477,0.9508867,0.9567494,0.9496307,0.9743508,0.9438954,0.96152306,0.95627475,0.962288,0.9521123,0.9601787,0.94726825,0.9635989,0.95545906,0.9522847,0.9427822,0.9545754,0.9504569,0.9513897,0.96341276,0.76997197,0.951983,0.9529903,0.95407957,0.94468534,0.9220885,0.9539551,0.95525587,0.95641553,0.96184343,0.9482266,0.9528434,0.9528599,0.956886,0.9529662,0.95222163,0.95639914,0.9603318,0.95827967,0.9515859,0.96341276,0.9602808,0.9539867,0.95897067,0.9539818,0.9535654,0.95467824,0.9502884,0.9522636,0.9453916,0.952667,0.9447026,0.95339745,0.9461317,0.9637736,0.9535623,0.95518726,0.94532084,0.9468151,0.96301985,0.88079447,0.95989656,0.919377,0.9524453,0.94980955,0.9648866,0.9477257,0.96073973,0.95692277,0.94796467,0.96065503,0.9550484,0.94735503,0.9549384,0.9557436,0.9545926,0.9572457,0.9661738,0.9471689,0.9572312,0.9594877,0.9532581,0.9457389,0.9548257,0.9518603,0.9535137,0.95817655,0.9589222,0.96585774,0.97890455,0.952597,0.9544578,0.9491478,0.9468794,0.955003,0.95565593,0.9472418,0.94678843,0.956715,0.95196366,0.9492211,0.9572305,0.93396527,0.9560198,0.9567592,0.950751,0.9549588,0.9548877,0.94955266,0.97890455,0.9517028,0.956693,0.95418864,0.9619838
avengers,0.973443,0.9424024,0.95271987,0.95030457,0.9507158,0.9514395,0.9510098,0.93908566,0.9726908,0.93901837,0.94699776,0.95974034,0.9544439,0.9509135,0.95336837,0.9525286,0.9591093,0.95501536,1.0000006,0.94655895,0.9561511,0.94330394,0.9489947,0.9553821,0.94748825,0.88220656,0.9401122,0.95280564,0.95600253,0.9442465,0.9744244,0.9480385,0.9269285,0.9555019,0.92595917,0.916817,0.95885295,0.95017946,0.9530408,0.94876474,0.94696194,0.95517707,0.9419124,0.9468566,0.96002877,0.95633215,0.94797397,0.9582466,0.9455429,0.952107,0.96016306,0.95461994,0.93374056,0.9467299,0.9532997,0.9584128,0.9391406,0.9491579,0.9515651,0.95460016,0.95588857,0.9510885,0.9466107,0.9480243,0.9492424,0.9515695,0.9469012,0.9511251,0.94744515,0.94159174,0.95847094,0.7610088,0.9508475,0.9507508,0.93440974,0.9522351,0.90456873,0.94108915,0.9473901,0.95089656,0.9483811,0.93890345,0.9588357,0.93700475,0.9520388,0.95417166,0.9397592,0.9602914,0.9508215,0.95485365,0.9501705,0.95847094,0.94578475,0.9411641,0.95790905,0.94948816,0.94482017,0.94703597,0.9427943,0.9396493,0.95513624,0.94407034,0.9469772,0.9565716,0.93604237,0.9582444,0.95948505,0.954916,0.94774044,0.93657506,0.95304704,0.8355293,0.959505,0.90145516,0.9463545,0.9471006,0.95953804,0.9447739,0.95458686,0.946665,0.9526334,0.9461061,0.9496504,0.94632834,0.95420194,0.94679916,0.95023334,0.9600778,0.95594585,0.9490737,0.9607237,0.9471801,0.960166,0.9374507,0.9501809,0.9407953,0.95104796,0.9504138,0.9597291,0.9551587,0.9726908,0.95249593,0.9564726,0.9474181,0.9532604,0.939781,0.94086426,0.9330247,0.94551075,0.9496178,0.95112544,0.94746304,0.95273614,0.93298244,0.9542993,0.9537453,0.9492831,0.9598844,0.9465015,0.9479523,0.9726908,0.9271285,0.95775676,0.9501736,0.9577884
beachbummovie,0.9566839,0.94142497,0.9526644,0.940742,0.9527844,0.93803465,0.94762874,0.9527828,0.9721179,0.943472,0.95412225,0.950725,0.94619864,0.95633143,0.9743252,0.94379705,0.9593073,0.94888186,0.94655895,1.0000002,0.94608575,0.9626578,0.9579543,0.9591764,0.9446384,0.88593423,0.9567158,0.95041627,0.9580863,0.9404601,0.94266075,0.9448857,0.9406432,0.94694084,0.9313871,0.9080182,0.95585877,0.9499396,0.94466144,0.953281,0.9417061,0.9577869,0.9387362,0.9570638,0.9489063,0.9612221,0.95555043,0.9499677,0.9498919,0.96139175,0.957224,0.9581999,0.9439063,0.9557043,0.9440305,0.9504048,0.94151586,0.9449433,0.95095056,0.95578086,0.95018774,0.9519264,0.9502227,0.9483313,0.9422235,0.9519663,0.94020736,0.9531134,0.9437121,0.94965637,0.95863134,0.80271345,0.9339512,0.94387555,0.936862,0.93393046,0.92204565,0.9496896,0.9467086,0.9426181,0.94576925,0.945531,0.9488253,0.94314164,0.9489692,0.9513724,0.9502042,0.9497434,0.95649904,0.94884825,0.94416475,0.95863134,0.94908416,0.9522336,0.94565344,0.95789933,0.9492648,0.95957565,0.94510484,0.9549577,0.94119585,0.95746034,0.9420558,0.95031613,0.9438299,0.9557892,0.953578,0.9434547,0.94583756,0.94178975,0.9520202,0.8866993,0.94810015,0.91286016,0.9496224,0.94245136,0.95652044,0.9498302,0.94558185,0.9495204,0.9543548,0.9510162,0.95241386,0.9370441,0.94429266,0.9514027,0.95375216,0.94828707,0.951442,0.9331972,0.95679075,0.94205093,0.95835656,0.94494355,0.9434574,0.9389286,0.9539671,0.9548982,0.9528614,0.9514271,0.9721179,0.9571335,0.9406894,0.94698095,0.9454461,0.9463619,0.9448773,0.9427133,0.9475386,0.9531165,0.9385547,0.95005596,0.9447078,0.9287799,0.9418635,0.9533597,0.9527646,0.94885164,0.9498544,0.9397135,0.9721179,0.9395149,0.9622456,0.9543162,0.95073783
bernadettefilm,0.9682674,0.9553488,0.95658326,0.94207036,0.95318955,0.9502642,0.9647005,0.95190006,0.9797576,0.9572143,0.9572194,0.95412594,0.94656026,0.96423274,0.9613088,0.9649156,0.9600723,0.9605945,0.9561511,0.94608575,0.99999964,0.9605973,0.95863235,0.9640987,0.95032954,0.8860841,0.9543609,0.95797443,0.96215224,0.9490767,0.9502098,0.9449727,0.94734615,0.96220684,0.93189913,0.9334688,0.96411246,0.9558707,0.95786387,0.95141405,0.9557931,0.96429515,0.953986,0.95837075,0.96384066,0.95878667,0.95509815,0.95594645,0.95061624,0.9643287,0.96816564,0.9560476,0.9465137,0.9564055,0.951759,0.9540725,0.9471442,0.95803595,0.951281,0.9631021,0.9588137,0.94891906,0.9589945,0.9586875,0.9581344,0.9514593,0.94355005,0.953132,0.95499074,0.9401489,0.9657222,0.7653949,0.95370847,0.95332617,0.95277077,0.9476682,0.919672,0.9529272,0.9510278,0.9575184,0.96330935,0.9531901,0.96167666,0.9483395,0.9558421,0.95531994,0.956047,0.95462877,0.95771784,0.95825034,0.95608574,0.9657222,0.95444417,0.9542936,0.9634002,0.9513422,0.96036303,0.9498425,0.95740974,0.95618856,0.94485253,0.9559928,0.9454854,0.9648466,0.956312,0.9660907,0.96244544,0.9653259,0.9466057,0.95482254,0.96123594,0.8627886,0.9627654,0.91546136,0.97057664,0.9539347,0.9677247,0.9583583,0.9596545,0.9606837,0.954684,0.95490646,0.9527978,0.9460774,0.9539037,0.9537968,0.9542261,0.96302557,0.9592008,0.9462487,0.9759216,0.9483454,0.96244085,0.9545607,0.9478477,0.948342,0.958579,0.95866525,0.95848525,0.951908,0.9797576,0.9642172,0.9533433,0.95360065,0.95377827,0.948517,0.95820814,0.9475515,0.95942795,0.95549166,0.95394313,0.96123546,0.9551028,0.9263537,0.95539916,0.9570504,0.9566471,0.96436125,0.95404035,0.95118266,0.9797576,0.94112945,0.9618861,0.95957637,0.9618306
