movie,21bridgesmovie,47metersdown,abeautifuldaymovie,abominablemovie,adastramovie,adogsjourneymovie,aftermathmovie,aftermovie,ahiddenlifefilm,alitamovie,angelhasfallen,angrybirdsmovie,annabellemovie,annamovie,apollo11movie,arcticdogsmovie,arcticmovie,artofracingmovie,avengers,beachbummovie,bernadettefilm,blackandbluemovie,blackchristmas,blindedbythelightmovie,bombshellmovie,booksmart,breakthroughmovie,brianbanksmovie,brightburnmovie,brittanyrunsmov,captainmarvelofficial,captivestatemovie,catsmovie,charliesangels,childsplaymovie,clarathefilm,coldpursuitmovie,countdown,currentwarmovie,darkwatersmovie,detectivepikachumovie,disneyaladdin,disneyfrozen,disneymaleficent,doctorsleepmovie,dolemiteismyname,dontletgomovie,doramovie,downtonabbey_official,dumbo,escaperoom,everybodyknowsmovie,fastandfuriousmovie,fightingwmyfam,fivefeetapartfilm,fordvferrari,freaksthefilm,geminimanmovie,glassmovie,gloriabellmovie,godzillamovie,goldfinchmovie,goodboysmovie,goodliarmovie,gretafilm,halathemovie,happydeathdaymovie,harrietfilm,hellboymovie,hersmellmovie,highlifemovie,highstrungmovie,honeyboymovie,hotelmumbaifilm,httydragon,hustlemovie,hustlersmovie,isntitromantic,itmovieofficial,jayandsilentbob,johnwickmovie,jojorabbitmovie,jokermovie,judythefilm,jumanjimovie,justmercyfilm,knivesout,lalloronamovie,lastblackmansf,lastchristmasthemovie,latenightmovie,lighthousemovie,lionking,littlethemovie,littlewomenmovie,littlewoodsfilm,longshotmovie,lordsofchaosmovie,lucyintheskyfilm,mamovie2019,marriagestory,meettheaddams,meninblack,midsommarmovie,midwaymovie,missbalamovie,missinglinkfilm,motherlessbklyn,onceinhollywood,onthebasisofsex,overcomermovie,peanutbutterfalcon,petsematarymovie,piercingmovie,playingwithfire,playmobilthemovie,pomsmovie,queenandslim,rambomovie,readyornotfilm,richardjewellfilm,rocketmanmovie,scarystoriesmovie,secretlifeofpets,serenityfilm,shaftmovie,shazammovie,spidermanmovie,spiesindisguise,starwars,stormboymovie,stubermovie,taosdfilm,teenspiritmov,terminator,theaeronautsmov,thebestofenemies,thedeaddontdie,thefarewell,thehighwaymen,thehummingbirdprojectfilm,theintrudermovie,theirishmanfilm,thekitchenmovie,thelegomovie,themustangfilm,thenightingalefilm,theprodigymovie,thesunisalsoastar,theupsidefilm,tolkienmovie,toystory,triplefrontier,uglydolls,uncutgems,underthesilverlake,usmovie,wavesmovie,whatmenwant,wonderparkmovie,wrinklestheclown,xmenmovies,yardiefilm,yesterdaymovie,zombieland
21bridgesmovie,1.0000002,0.9417602,0.95780903,0.97042656,0.95269805,0.9566129,0.9673149,0.95836186,0.98155576,0.9461887,0.955167,0.9543525,0.9678345,0.95937353,0.9594612,0.9602183,0.9491265,0.95788187,0.9743956,0.9509783,0.9526102,0.9594234,0.9705122,0.94657326,0.9598646,0.887188,0.9496294,0.9519657,0.9529501,0.9424445,0.95407724,0.9572686,0.9655003,0.95138735,0.9547331,0.9481824,0.95965713,0.97578,0.97425073,0.9514164,0.9629023,0.9470102,0.9489291,0.95278394,0.9585059,0.95991075,0.964882,0.95079297,0.95721817,0.9480905,0.9648133,0.9605283,0.9601892,0.95431983,0.95270777,0.9550389,0.95195055,0.95102286,0.9615175,0.9526798,0.9575236,0.96216685,0.94825083,0.9588547,0.9443822,0.94976926,0.9605322,0.9566939,0.9549568,0.9625931,0.96111,0.87726414,0.9498643,0.95779586,0.9603691,0.9455181,0.9464142,0.9541768,0.95709866,0.9555352,0.95011383,0.9663569,0.9647637,0.95593333,0.96569246,0.94580823,0.96338654,0.959885,0.9546023,0.9656183,0.95345944,0.96111,0.95202076,0.9604853,0.9564864,0.96324,0.95401996,0.9432873,0.95441014,0.96078026,0.9625984,0.94609666,0.9610907,0.9662308,0.96041876,0.96231496,0.96510655,0.9596512,0.94832927,0.94353896,0.9667764,0.9245654,0.9603337,0.93187505,0.9537287,0.9739269,0.98748624,0.9604167,0.9562604,0.95872647,0.96174794,0.9530772,0.9531127,0.95004994,0.96285355,0.95161384,0.9614456,0.96358943,0.9582916,0.94087416,0.94886684,0.9559781,0.9538586,0.9393148,0.9489482,0.94687396,0.97736365,0.95760864,0.9623275,0.96591264,0.98155576,0.9557233,0.96160454,0.95839787,0.9549859,0.9574471,0.942564,0.9555583,0.95885295,0.9740041,0.9606127,0.9544601,0.9684893,0.95988816,0.9622341,0.9586449,0.9600223,0.9505531,0.9669457,0.95216423,0.98155576,0.96005577,0.9642673,0.96991336,0.9600703
47metersdown,0.9417602,1.0000002,0.95384157,0.93637484,0.93719804,0.9316571,0.95214665,0.94030786,0.9572745,0.93556386,0.9442455,0.9393229,0.94658285,0.93066293,0.94477755,0.9529462,0.93912333,0.93450016,0.9334156,0.9382873,0.93550956,0.94331485,0.94016725,0.94673777,0.95103973,0.8430209,0.94638145,0.9436788,0.9484633,0.92479,0.93553925,0.94428355,0.9322627,0.92950296,0.92764014,0.928635,0.93615216,0.9403558,0.9443213,0.94248307,0.9308418,0.92814827,0.930007,0.9331637,0.9334076,0.939232,0.9313103,0.9391844,0.9292305,0.93598115,0.9470187,0.9384644,0.93417823,0.9375029,0.93439376,0.950281,0.93776876,0.92912745,0.9283642,0.94203085,0.9364002,0.9408231,0.9420992,0.9395987,0.9272148,0.9309777,0.9338257,0.93987006,0.9371511,0.9393227,0.9441882,0.86254764,0.9412644,0.94924253,0.9259611,0.928001,0.90512925,0.93037474,0.95011383,0.94126236,0.93825537,0.94104236,0.9400274,0.93053246,0.9581285,0.9440092,0.94478947,0.94079524,0.942962,0.9430956,0.93542695,0.9441882,0.93439114,0.92759514,0.94258124,0.94592637,0.94364357,0.9149048,0.9285905,0.90976894,0.944878,0.940802,0.93943816,0.9420363,0.9465087,0.94626385,0.9449908,0.9386529,0.9381762,0.93966824,0.95051163,0.91388243,0.9308667,0.89645004,0.9360681,0.9397879,0.93951815,0.9284172,0.9405633,0.9408746,0.93680525,0.93602246,0.9460338,0.926502,0.9518708,0.9227081,0.93670756,0.93470263,0.9378462,0.90322626,0.9265493,0.9327867,0.94359237,0.915131,0.9259469,0.9258186,0.9294424,0.9283468,0.94305456,0.94168025,0.9572745,0.9395526,0.9416243,0.93472403,0.9430615,0.9390705,0.9315658,0.9235955,0.9343869,0.9416545,0.9510136,0.93999624,0.94078314,0.92065716,0.9410884,0.9456345,0.93769294,0.94501454,0.936788,0.923409,0.9572745,0.92256224,0.9352104,0.9402563,0.94807166
abeautifuldaymovie,0.95780903,0.95384157,1.0,0.9558371,0.95806605,0.9488952,0.9620637,0.9474505,0.97638303,0.9475964,0.95830655,0.9580701,0.96162516,0.9565171,0.9600047,0.9544741,0.9530974,0.9585198,0.94902873,0.9519294,0.9479113,0.96427625,0.95739365,0.95924634,0.95905185,0.8823256,0.9550939,0.954605,0.9733951,0.9469452,0.94775254,0.95697683,0.9495601,0.958453,0.9400747,0.9451159,0.9434146,0.95787734,0.96744037,0.95559317,0.95591486,0.9459231,0.939732,0.9548056,0.9534432,0.9636789,0.95153993,0.95365757,0.954143,0.94961584,0.97599,0.9570639,0.9496358,0.9597439,0.9457796,0.9522185,0.9590925,0.9651252,0.94672054,0.950365,0.9584849,0.9485114,0.9562335,0.9618277,0.95213693,0.946337,0.94858116,0.95215446,0.952164,0.9538151,0.95217663,0.87241113,0.95331454,0.95676,0.9612748,0.9451332,0.9221474,0.95041645,0.95640767,0.9454329,0.95339227,0.95671254,0.96578175,0.95176965,0.9692435,0.95351595,0.94811356,0.9542195,0.95002323,0.95968634,0.9589133,0.95217663,0.9555961,0.9583029,0.9655265,0.97031814,0.9504075,0.9462651,0.9548184,0.94665474,0.9571752,0.95687085,0.9587629,0.9620713,0.95512867,0.97599584,0.9606179,0.9566765,0.95714384,0.9482369,0.9647719,0.933715,0.95231557,0.9335882,0.9629559,0.951854,0.9604285,0.9536586,0.96338075,0.9512178,0.95893586,0.9661522,0.96704614,0.9517242,0.96201825,0.949069,0.9515207,0.9628792,0.9481829,0.93137914,0.9419528,0.9484237,0.95680547,0.9457213,0.9507187,0.9448541,0.95314103,0.9568856,0.95168436,0.9598424,0.97638303,0.9607212,0.9588568,0.95495594,0.96311086,0.95244336,0.9474017,0.9432484,0.95083416,0.94600576,0.9580851,0.966768,0.96123207,0.9313387,0.95215136,0.9532271,0.9600516,0.95588064,0.95669836,0.94253385,0.97638303,0.9495354,0.9570079,0.9679567,0.967989
abominablemovie,0.97042656,0.93637484,0.9558371,1.0000001,0.9598709,0.9570986,0.9706833,0.9511297,0.977194,0.95084286,0.94904435,0.9453764,0.96397805,0.95102024,0.9560871,0.9499459,0.94910485,0.9665228,0.95798355,0.94366235,0.94603604,0.957136,0.96241415,0.94208777,0.95622516,0.89446473,0.9513068,0.9556483,0.947684,0.9443166,0.95065534,0.9535662,0.956168,0.9474536,0.94877183,0.94007313,0.95790684,0.9701072,0.9724131,0.9572764,0.9519637,0.9458794,0.9489727,0.9499053,0.9563976,0.9491444,0.96094036,0.9480554,0.95264804,0.9474213,0.95468897,0.9613793,0.95376354,0.9525229,0.9520713,0.9630183,0.94285566,0.94286674,0.958574,0.94940144,0.9423197,0.95758396,0.9428682,0.95335746,0.94663715,0.9429793,0.9585645,0.9612299,0.9466036,0.95315415,0.9555774,0.8830827,0.95146245,0.96004856,0.96286345,0.93066806,0.93770206,0.9520256,0.9497428,0.9487284,0.94800603,0.9652768,0.952594,0.9544451,0.96608216,0.9376565,0.9510841,0.95793897,0.9448422,0.9608446,0.9492734,0.9555774,0.9435666,0.96148866,0.94717574,0.9662847,0.9403701,0.93489295,0.9572463,0.94813025,0.9557571,0.9440394,0.9472281,0.9604654,0.95763105,0.9507596,0.9654339,0.9555233,0.9359927,0.95256394,0.96220493,0.9201515,0.9532456,0.92268986,0.9498805,0.9594603,0.97307783,0.9586175,0.9509469,0.95880514,0.9457761,0.9495263,0.957453,0.9440965,0.96027845,0.949611,0.951833,0.95867205,0.956473,0.94520783,0.94813025,0.9571367,0.9513021,0.9379343,0.93919,0.94577026,0.9668328,0.9592647,0.95238805,0.9645902,0.977194,0.9493514,0.95372003,0.9583199,0.9516837,0.96081907,0.9374043,0.9471089,0.95375913,0.9591093,0.9593216,0.9480324,0.9585882,0.94029355,0.953576,0.9519624,0.9544435,0.9550376,0.95989853,0.9349686,0.977194,0.952832,0.9634872,0.9605994,0.9507132
adastramovie,0.95269805,0.93719804,0.95806605,0.9598709,0.99999964,0.94364613,0.9657448,0.9511535,0.97305495,0.9495003,0.94534326,0.94735867,0.9673134,0.94397575,0.9560222,0.9513022,0.9480846,0.97220737,0.95521545,0.9453738,0.9348285,0.95314926,0.95384985,0.9507428,0.95384735,0.90446985,0.9603241,0.9494356,0.9524788,0.9363252,0.9595871,0.9545659,0.9532146,0.94294655,0.93779004,0.9358219,0.94332695,0.9495036,0.9542435,0.9532348,0.94497514,0.9550449,0.94833755,0.96148705,0.9442037,0.952458,0.9471719,0.9458882,0.94408816,0.96022743,0.95729625,0.95805204,0.95378476,0.9656933,0.9538882,0.9727696,0.9488352,0.94660705,0.93944204,0.95416445,0.94829893,0.94839793,0.95278823,0.95329887,0.95162946,0.94916093,0.93999857,0.9669505,0.9414904,0.9424918,0.9521354,0.85821635,0.95593804,0.96161544,0.9531221,0.9345281,0.92036873,0.95275974,0.9569213,0.9423168,0.9500891,0.95378786,0.95116013,0.94553435,0.9583083,0.95087683,0.95235026,0.9600856,0.949764,0.9553947,0.9458971,0.9521354,0.9421017,0.95695937,0.95216763,0.9657349,0.94151324,0.94876397,0.9508483,0.938308,0.95219356,0.95345926,0.9454843,0.96357596,0.9409177,0.9563617,0.95597446,0.9516284,0.9440213,0.9454126,0.9625748,0.9254389,0.94917804,0.93218297,0.94710845,0.94591945,0.9510361,0.9481865,0.95712733,0.95908713,0.94789654,0.9511045,0.9579302,0.95357835,0.95721656,0.9495551,0.95087695,0.94482774,0.9690973,0.94232213,0.9404356,0.9653576,0.9505858,0.93486285,0.9437878,0.93781865,0.9482526,0.95861876,0.95104,0.95642537,0.97305495,0.9468699,0.95327353,0.9592108,0.9590682,0.947949,0.94933206,0.93799,0.9529289,0.9428078,0.9531845,0.9478311,0.95809233,0.939506,0.9499578,0.95648974,0.9545512,0.9556504,0.9578933,0.93056613,0.97305495,0.95537627,0.9510913,0.9509783,0.9578165
adogsjourneymovie,0.9566129,0.9316571,0.9488952,0.9570986,0.94364613,1.0,0.9648196,0.9527202,0.9720841,0.9472363,0.93824077,0.9529776,0.9452578,0.9474439,0.95263594,0.9425368,0.9487511,0.9576495,0.9506237,0.95145315,0.9413284,0.9500445,0.96697956,0.9399518,0.95682925,0.8798144,0.9435906,0.9574582,0.9451972,0.94054884,0.9546406,0.94680166,0.943866,0.941379,0.9389474,0.9347359,0.95273465,0.9412676,0.9615691,0.95854336,0.9462677,0.940422,0.9571183,0.9461246,0.9552624,0.9514055,0.9629907,0.9442814,0.9460438,0.9448422,0.9501533,0.9519526,0.95028263,0.9447135,0.9421631,0.95051354,0.93265057,0.94049734,0.95971847,0.9512748,0.94268584,0.9551786,0.9449837,0.94190717,0.94478786,0.9366312,0.9369804,0.9521539,0.93669796,0.95211726,0.95921266,0.86660004,0.9415489,0.95120704,0.94980866,0.93435335,0.9343441,0.9434248,0.951887,0.9553295,0.9489425,0.9618657,0.94802797,0.94221,0.95721483,0.94553447,0.94680357,0.94683003,0.93511546,0.9521473,0.95039976,0.95921266,0.9504175,0.95975226,0.9431417,0.9651629,0.9378745,0.9583153,0.9471378,0.9539942,0.9556849,0.95932466,0.95302576,0.96005505,0.9604477,0.9462504,0.9507857,0.9522889,0.9313951,0.94935244,0.955198,0.918442,0.94480693,0.93518347,0.9463592,0.9488566,0.9579526,0.95171875,0.94865483,0.95898545,0.9495651,0.94879645,0.94962555,0.9636378,0.96215856,0.9515588,0.95624286,0.94884956,0.9461643,0.95662016,0.9399466,0.95734394,0.94462633,0.9326739,0.9245049,0.9404424,0.9555122,0.94459957,0.95741147,0.96523297,0.9720841,0.9453335,0.952515,0.94892824,0.94829166,0.94661945,0.9439637,0.93797684,0.94977736,0.9480716,0.9599731,0.9459377,0.9543988,0.9322748,0.9517316,0.9556814,0.9596003,0.9519411,0.95730317,0.9331609,0.9720841,0.9479329,0.9537074,0.96811956,0.9507836
aftermathmovie,0.9673149,0.95214665,0.9620637,0.9706833,0.9657448,0.9648196,0.99999964,0.96495837,0.9847972,0.9584372,0.9629476,0.9590512,0.9723433,0.95409596,0.96641433,0.9555905,0.9663584,0.9735757,0.9618751,0.9617902,0.9483549,0.9645463,0.9733199,0.96415794,0.97222865,0.9020039,0.9572373,0.9636604,0.96108043,0.9483266,0.96063143,0.9598793,0.9672808,0.9567678,0.9530268,0.9440775,0.9608857,0.96423334,0.973085,0.96628183,0.96485925,0.9622232,0.95913184,0.9644424,0.96753585,0.96997154,0.96761733,0.9599191,0.9649573,0.9643221,0.96332806,0.9712122,0.9627694,0.9642452,0.9574318,0.9723483,0.96090364,0.95808655,0.9624252,0.9616393,0.96415454,0.96993357,0.96226126,0.9668777,0.9599469,0.9636796,0.9528269,0.9671115,0.9576015,0.9649139,0.9665371,0.8822869,0.9603974,0.969086,0.9619191,0.9537198,0.94868135,0.95913327,0.9648336,0.9631507,0.96193695,0.98113096,0.9691615,0.96271974,0.97211826,0.96278167,0.9604183,0.9675864,0.9608207,0.9689627,0.96259,0.9665371,0.96061695,0.9723112,0.956779,0.97052586,0.95770913,0.95851445,0.9775079,0.9484856,0.9691115,0.96070755,0.96212363,0.97121,0.96232367,0.9635508,0.9695442,0.96992636,0.9506837,0.9633576,0.96804655,0.93502647,0.95768344,0.9350222,0.9621156,0.964524,0.970299,0.9636571,0.95688474,0.98791134,0.9656347,0.9593674,0.9653651,0.9612312,0.9723942,0.960329,0.9676518,0.9607943,0.9640828,0.9495218,0.9560854,0.9665105,0.9653684,0.94543314,0.950948,0.94705,0.96648824,0.9652816,0.9656254,0.97469914,0.9847972,0.9486258,0.96945786,0.96875775,0.96677524,0.9710919,0.9519163,0.9493806,0.97048753,0.9666943,0.98507124,0.9638332,0.96789545,0.95040804,0.96443784,0.9607682,0.9623603,0.9695543,0.96714944,0.943724,0.9847972,0.9596379,0.97208196,0.9704566,0.96889704
aftermovie,0.95836186,0.94030786,0.9474505,0.9511297,0.9511535,0.9527202,0.96495837,1.0000001,0.97580564,0.95239705,0.95291054,0.9563857,0.9596697,0.9471724,0.96142167,0.9522431,0.9508588,0.9579121,0.9547068,0.95821416,0.94690764,0.9497028,0.9600202,0.94964445,0.9604494,0.8835015,0.94041276,0.9519193,0.946978,0.94423324,0.9594636,0.9442457,0.95344937,0.9479874,0.94040525,0.9419438,0.9564274,0.95622253,0.96013814,0.9481674,0.95303774,0.9523217,0.9563436,0.9542433,0.9569899,0.95656145,0.9561272,0.95984507,0.94166017,0.95466894,0.94780576,0.9492346,0.9469125,0.94504386,0.9598939,0.95814246,0.94740546,0.95252854,0.95487684,0.958373,0.94927466,0.95448667,0.95541364,0.94884396,0.9460621,0.9543426,0.9404587,0.95199883,0.95109314,0.95864457,0.96272755,0.8645681,0.9538636,0.957746,0.94814163,0.94147164,0.9308586,0.9535867,0.94979286,0.95058626,0.95726866,0.9553001,0.9546024,0.95488685,0.9526131,0.95613164,0.9545489,0.95071405,0.95739114,0.95695627,0.9501648,0.96272755,0.94137186,0.96267307,0.94723773,0.9578209,0.95181674,0.959778,0.94724715,0.94562054,0.96303844,0.9465172,0.9484492,0.9637641,0.9525287,0.94593734,0.966329,0.9495872,0.9498555,0.94188267,0.95693964,0.9199336,0.9557212,0.92750376,0.95249444,0.9484059,0.9580043,0.9507801,0.9531792,0.9604632,0.9613228,0.9491171,0.95756197,0.9446797,0.95807976,0.9536661,0.9564194,0.9440499,0.9516698,0.94643664,0.9591794,0.9480105,0.9507832,0.9288902,0.944963,0.94449836,0.95684224,0.94747347,0.9652829,0.9621106,0.97580564,0.93965274,0.95602524,0.95268583,0.9533629,0.9495916,0.9473964,0.94199795,0.95617324,0.9511339,0.9533156,0.9499178,0.96154004,0.933764,0.96165305,0.9568959,0.9468009,0.9567759,0.9677244,0.93705225,0.97580564,0.9547315,0.950703,0.95532227,0.948265
ahiddenlifefilm,0.98155576,0.9572745,0.97638303,0.977194,0.97305495,0.9720841,0.9847972,0.97580564,1.0,0.96630573,0.9707808,0.97519517,0.9777236,0.9750073,0.9773516,0.9727307,0.9763661,0.9774084,0.97344047,0.9708465,0.96707857,0.9802703,0.9804333,0.9730585,0.9770857,0.9085948,0.9702349,0.9767197,0.97482854,0.96334434,0.97042596,0.97439367,0.9769409,0.9749106,0.9672739,0.9593721,0.9767611,0.9755517,0.98312056,0.97472745,0.97675467,0.97138095,0.9719985,0.9774701,0.97658116,0.9764429,0.9763475,0.9707247,0.9675387,0.9759683,0.9814093,0.9759728,0.97233284,0.97357106,0.9739169,0.97460455,0.97300154,0.97255754,0.9716605,0.9761496,0.9714826,0.97276556,0.97485626,0.9748524,0.9677251,0.96849173,0.9727407,0.9766297,0.96982014,0.975016,0.97791034,0.8866858,0.97110844,0.97668815,0.9782308,0.96213466,0.94723403,0.9736942,0.9715263,0.9733512,0.9735247,0.9786134,0.9773432,0.97082204,0.97807515,0.97272706,0.974155,0.9783042,0.97002894,0.98218256,0.9738124,0.97791034,0.96894944,0.9819884,0.9754257,0.98108804,0.9719025,0.9709614,0.9738875,0.97297513,0.979775,0.96855026,0.9748105,0.984128,0.97400314,0.98109746,0.98299485,0.97543335,0.96638644,0.9683469,0.9822084,0.94102263,0.9773526,0.9507513,0.9746691,0.977381,0.9834348,0.9770563,0.9788933,0.97885364,0.9770325,0.9744246,0.9788339,0.9682585,0.9775252,0.97192025,0.97749394,0.97602695,0.97060215,0.96648985,0.96686906,0.96981543,0.97876894,0.95977837,0.96786743,0.96436095,0.9774588,0.9731863,0.9762285,0.98222625,1.0,0.9715071,0.97679704,0.9750694,0.9768162,0.97556925,0.9686895,0.9643002,0.9752231,0.9749167,0.97782314,0.97564644,0.98438203,0.95431197,0.97426087,0.9755681,0.9731036,0.9724949,0.9788737,0.96347594,1.0,0.9738393,0.97849077,0.98151934,0.9815941
alitamovie,0.9461887,0.93556386,0.9475964,0.95084286,0.9495003,0.9472363,0.9584372,0.95239705,0.96630573,1.0000002,0.9294004,0.9454578,0.9453997,0.9527708,0.93892354,0.9321031,0.9423674,0.96241856,0.9536014,0.9318654,0.93789095,0.95147145,0.950253,0.9508483,0.9533638,0.89905435,0.9329336,0.94803,0.94448835,0.93811125,0.94529176,0.95121557,0.93008643,0.93734777,0.939961,0.9445434,0.9455636,0.9347876,0.9446087,0.9567786,0.93873084,0.9519687,0.9383295,0.9560008,0.95372427,0.951295,0.9450213,0.93747646,0.9437498,0.9550076,0.943802,0.9520086,0.9430891,0.95226234,0.94051015,0.95524985,0.93915117,0.93935436,0.9487877,0.9474792,0.9319385,0.9465381,0.9354596,0.94089824,0.9455689,0.9421719,0.9381023,0.9551491,0.9344726,0.93339443,0.94682604,0.86741555,0.9510372,0.9491681,0.9419393,0.9418941,0.9352375,0.9519047,0.95168036,0.92759734,0.9348115,0.94761527,0.93334055,0.94682467,0.9429147,0.9386084,0.93392867,0.9452235,0.9398436,0.9499632,0.9558753,0.94682604,0.93730533,0.94686395,0.95129275,0.94721085,0.92409384,0.9426567,0.9404271,0.9245484,0.9467933,0.94146883,0.94143325,0.95443463,0.95971656,0.94579417,0.9466682,0.93876225,0.93779314,0.95047677,0.9556869,0.90351224,0.9404631,0.9347931,0.94471467,0.93559086,0.9448928,0.946089,0.9405243,0.95414853,0.94329244,0.9399179,0.95122594,0.95231324,0.9423359,0.9512137,0.9506655,0.93754506,0.9435924,0.9511703,0.937747,0.95307493,0.9466654,0.9293029,0.93118125,0.9398999,0.93714094,0.9405029,0.94236016,0.9530668,0.96630573,0.9337306,0.94890434,0.95449674,0.9424446,0.9352214,0.93966275,0.9312098,0.95022357,0.9477381,0.9387536,0.94937783,0.947839,0.9241748,0.94916457,0.9411116,0.9445339,0.94241166,0.94117796,0.91687566,0.96630573,0.9440988,0.9413982,0.9474285,0.9415359
angelhasfallen,0.955167,0.9442455,0.95830655,0.94904435,0.94534326,0.93824077,0.9629476,0.95291054,0.9707808,0.9294004,1.0,0.9450696,0.9529917,0.94423115,0.9566934,0.94876957,0.94456404,0.94946194,0.941681,0.9559037,0.94845545,0.95650697,0.9498737,0.9436945,0.95861197,0.8768798,0.9448365,0.9380329,0.95448613,0.9415225,0.9424214,0.94424903,0.9509869,0.9456139,0.92501026,0.91966903,0.94600457,0.9610156,0.96371907,0.9460186,0.951312,0.93443656,0.94199556,0.94334894,0.95119,0.9412018,0.95015776,0.94714314,0.94238263,0.9433116,0.9570008,0.94802153,0.94878775,0.94441783,0.9501448,0.94813263,0.9519312,0.94810194,0.9436686,0.9530275,0.9548371,0.9496176,0.9515145,0.95402735,0.9429867,0.96152556,0.946592,0.94949394,0.96453685,0.95206165,0.94744956,0.8663882,0.9409323,0.94791746,0.95082265,0.93433034,0.91884947,0.9482168,0.9416323,0.93791044,0.9655299,0.9525314,0.96291864,0.94246477,0.9584298,0.9552413,0.9591868,0.9482732,0.9443789,0.9623734,0.9459541,0.94744956,0.9423926,0.95256305,0.9464476,0.9674478,0.9600454,0.94475996,0.94226974,0.93539554,0.9452135,0.9425306,0.9474314,0.95162934,0.94911045,0.95639795,0.9519653,0.9518952,0.9424161,0.9490521,0.9518598,0.9166907,0.9469106,0.898528,0.9504547,0.96328294,0.9600142,0.9443206,0.95459193,0.9512643,0.95964855,0.9488391,0.95312834,0.94121605,0.9562218,0.9473147,0.94642025,0.95112294,0.9511569,0.92028654,0.9474844,0.9411527,0.94980973,0.9344329,0.9391603,0.941704,0.9526146,0.94345963,0.94797814,0.95358855,0.9707808,0.94300747,0.9397519,0.9498725,0.9611032,0.9577073,0.94356006,0.9284528,0.9535258,0.9534937,0.957747,0.9442884,0.94711256,0.9259741,0.9475621,0.9452106,0.9419748,0.9524483,0.9496058,0.94133013,0.9707808,0.93907624,0.9520574,0.9546307,0.957934
angrybirdsmovie,0.9543525,0.9393229,0.9580701,0.9453764,0.94735867,0.9529776,0.9590512,0.9563857,0.97519517,0.9454578,0.9450696,0.9999998,0.953154,0.96373165,0.95441496,0.9445747,0.96381116,0.9561725,0.9457538,0.9501606,0.9354257,0.9661791,0.95472455,0.9558809,0.94953805,0.88745826,0.9505134,0.9630357,0.9648189,0.95315754,0.9410488,0.9502259,0.93816924,0.96389705,0.9459668,0.9391119,0.9487245,0.94175106,0.95952463,0.9423042,0.9505121,0.9499262,0.959829,0.949882,0.9534778,0.96208483,0.9500037,0.9625888,0.94176495,0.9519839,0.96839106,0.9573003,0.94439274,0.95101017,0.9448345,0.95079094,0.9602462,0.9506335,0.95575136,0.9536072,0.947022,0.95059603,0.95647943,0.9511112,0.9484037,0.9500327,0.9620648,0.9551415,0.9519728,0.95826757,0.9588345,0.8826572,0.957226,0.9582649,0.9562527,0.94689554,0.926135,0.9629312,0.96433765,0.94414645,0.9545729,0.94797593,0.9549742,0.94732106,0.95730674,0.94650877,0.9486702,0.9513935,0.9453744,0.96096236,0.9545542,0.9588345,0.9429182,0.95887506,0.95343524,0.9528817,0.9482214,0.95486134,0.9467865,0.95455223,0.95658976,0.9586288,0.9534361,0.9541852,0.95086664,0.96706194,0.96579766,0.9473509,0.9509401,0.9547272,0.9603872,0.9131527,0.9520925,0.932914,0.95051616,0.95664966,0.95581895,0.9523493,0.9590501,0.9544292,0.9607918,0.9508464,0.95932627,0.95003045,0.94850373,0.9613301,0.9631417,0.9558876,0.9453351,0.95363724,0.94356275,0.9490759,0.9698471,0.9436711,0.95428884,0.9525941,0.9551645,0.95043355,0.9667486,0.9591445,0.97519517,0.9631203,0.957867,0.96097785,0.9634286,0.95527536,0.94554394,0.9368619,0.95408225,0.94443774,0.9471538,0.960672,0.9596489,0.9260794,0.9601734,0.95703906,0.9557637,0.9549439,0.95917296,0.94404554,0.97519517,0.9464926,0.94286525,0.9576045,0.9636328
annabellemovie,0.9678345,0.94658285,0.96162516,0.96397805,0.9673134,0.9452578,0.9723433,0.9596697,0.9777236,0.9453997,0.9529917,0.953154,0.99999976,0.94579804,0.9570678,0.95226055,0.95519143,0.9658979,0.9583171,0.953874,0.9472395,0.95606726,0.95687026,0.95444864,0.95818794,0.8719901,0.95219606,0.9531606,0.95601445,0.9422904,0.95347023,0.9555074,0.95784,0.94493455,0.9496456,0.9407992,0.9533561,0.9736165,0.96529114,0.9533413,0.9576765,0.9501414,0.9505206,0.95531577,0.9497852,0.9589976,0.9527035,0.9572261,0.94959116,0.9528496,0.9602325,0.96099526,0.9583582,0.96200955,0.9569926,0.9640478,0.9522598,0.9506999,0.9493137,0.9567149,0.9615382,0.95513296,0.95309657,0.9650964,0.9540932,0.9544376,0.95454085,0.9565704,0.952415,0.95523953,0.95891035,0.8744745,0.95375246,0.9603827,0.9541943,0.9288569,0.9308931,0.95408183,0.9563821,0.94954526,0.9511666,0.9597338,0.96629107,0.9544706,0.9740977,0.95018464,0.9578328,0.97325253,0.9522152,0.969103,0.94709206,0.95891035,0.9387575,0.96291405,0.95562977,0.961994,0.9488694,0.9518387,0.9497572,0.94044775,0.9609328,0.95055926,0.95100355,0.96624243,0.9497329,0.95932186,0.9642239,0.962623,0.9437156,0.9425118,0.96179247,0.93234015,0.954435,0.92689806,0.95427215,0.9544528,0.9630241,0.95199496,0.9590734,0.964254,0.96429425,0.94994456,0.9601691,0.9542165,0.9621585,0.9515075,0.9573452,0.95396173,0.9626365,0.9365203,0.9511924,0.96028674,0.96062565,0.93780005,0.9542863,0.94099575,0.9580706,0.9558822,0.96116436,0.96588033,0.9777236,0.9532176,0.9581562,0.9637793,0.96306384,0.95807296,0.9499656,0.9462393,0.966732,0.96224254,0.9598528,0.9594905,0.9616166,0.94891405,0.9591235,0.956176,0.95293784,0.9605826,0.9602078,0.94524443,0.9777236,0.9524181,0.95660055,0.957909,0.96411264
annamovie,0.95937353,0.93066293,0.9565171,0.95102024,0.94397575,0.9474439,0.95409596,0.9471724,0.9750073,0.9527708,0.94423115,0.96373165,0.94579804,1.0,0.9534948,0.94793886,0.9545001,0.9533234,0.953301,0.9483423,0.94202125,0.9627493,0.9573372,0.9494217,0.949681,0.90232813,0.94927347,0.95729256,0.9563752,0.93888533,0.94477975,0.95301723,0.9446151,0.9598633,0.94783974,0.94624424,0.94670296,0.9455604,0.95902574,0.95108837,0.95473063,0.9509245,0.9439252,0.94817626,0.96110827,0.96117115,0.9529286,0.94429004,0.94702524,0.9514448,0.9560048,0.95081747,0.9513662,0.9492035,0.9477847,0.946055,0.95586634,0.95125425,0.9527841,0.95680374,0.9518981,0.9540356,0.95553,0.9647931,0.9447603,0.94013053,0.9590765,0.95343244,0.95116645,0.9531384,0.958703,0.8546201,0.95128626,0.94913566,0.95594174,0.95408833,0.93176204,0.9526157,0.957597,0.94997114,0.94156367,0.9505862,0.94820476,0.9521823,0.95072824,0.9487662,0.9481485,0.9503621,0.94516486,0.95868444,0.95879465,0.958703,0.9415052,0.9512739,0.9467857,0.9585756,0.941479,0.948303,0.9446984,0.95828456,0.95746446,0.95468324,0.94738734,0.95669365,0.96329904,0.9557841,0.96265745,0.94475496,0.95311844,0.9453176,0.96387726,0.91074276,0.962057,0.9392777,0.95388186,0.95516056,0.9614655,0.9633128,0.96163493,0.9471171,0.95483947,0.955884,0.96163654,0.94076496,0.94715154,0.956569,0.9548873,0.95602995,0.9374814,0.9518798,0.942837,0.9443579,0.95651853,0.938925,0.949013,0.93789464,0.94562113,0.9459499,0.9551025,0.9612898,0.9750073,0.9519325,0.96493715,0.94713575,0.95203143,0.9491959,0.94719416,0.9415783,0.95336944,0.95413196,0.94704366,0.95978826,0.96604115,0.9246785,0.9608449,0.9568402,0.9646127,0.95130503,0.9531069,0.9451004,0.9750073,0.94994795,0.94878584,0.962923,0.95695084
apollo11movie,0.9594612,0.94477755,0.9600047,0.9560871,0.9560222,0.95263594,0.96641433,0.96142167,0.9773516,0.93892354,0.9566934,0.95441496,0.9570678,0.9534948,0.9999998,0.9573628,0.95261055,0.9587644,0.95289373,0.9755424,0.95960796,0.9635364,0.96112597,0.95317024,0.96141654,0.8854421,0.95439255,0.95054156,0.9611183,0.9471655,0.9595414,0.95701516,0.9525885,0.9576126,0.93913245,0.9342354,0.95494556,0.9580442,0.9626631,0.950636,0.9580934,0.9561633,0.952517,0.9588368,0.9592238,0.96130747,0.9557805,0.95195353,0.9503894,0.9626681,0.9614076,0.95063066,0.9585169,0.9518582,0.95512366,0.9574717,0.9498361,0.95497483,0.9445478,0.95133686,0.958525,0.95034856,0.9590198,0.95161456,0.9420392,0.94098645,0.94301724,0.9518305,0.9560391,0.95874983,0.95535684,0.85829395,0.9534818,0.9498507,0.9564564,0.9383979,0.9268053,0.9448908,0.9504205,0.954571,0.964348,0.95911175,0.9601306,0.9467316,0.9620799,0.95604074,0.9610334,0.95449954,0.9495679,0.9575821,0.95178646,0.95535684,0.9511878,0.96079195,0.95088184,0.9745642,0.95262676,0.9500277,0.95965195,0.95269215,0.9587617,0.95028883,0.9472413,0.95855784,0.9518621,0.9599025,0.9655774,0.9582225,0.9548343,0.9491978,0.9596328,0.9268481,0.95953345,0.9202091,0.96172416,0.95934486,0.9661791,0.9567202,0.9573198,0.95998526,0.95756215,0.95512295,0.959558,0.9444077,0.9613247,0.946904,0.94702756,0.9584529,0.9486711,0.9298483,0.96400857,0.9429618,0.9576806,0.9344418,0.94695204,0.95059866,0.96152145,0.9426861,0.95731276,0.9619663,0.9773516,0.9545324,0.96250856,0.95233005,0.9587574,0.95357394,0.9460731,0.94740057,0.9528057,0.9536354,0.95758563,0.9500562,0.9641388,0.94511765,0.9497043,0.9529979,0.9601202,0.9542636,0.95793325,0.9509727,0.9773516,0.95556974,0.9569019,0.9628977,0.9639632
arcticdogsmovie,0.9602183,0.9529462,0.9544741,0.9499459,0.9513022,0.9425368,0.9555905,0.9522431,0.9727307,0.9321031,0.94876957,0.9445747,0.95226055,0.94793886,0.9573628,1.0000002,0.9498666,0.95016015,0.94713324,0.9477823,0.94769394,0.94747275,0.9543527,0.94380814,0.9518384,0.86519086,0.9458907,0.94284856,0.9480584,0.9393999,0.95386624,0.95212,0.96014214,0.94822425,0.93206507,0.93129146,0.95526457,0.9625011,0.9549388,0.9544465,0.9503047,0.94678706,0.9396208,0.94696075,0.94534206,0.9487619,0.94490427,0.9471762,0.94880193,0.9472579,0.9577336,0.9480589,0.943774,0.943578,0.956461,0.9435609,0.9444902,0.9563175,0.9366841,0.9489567,0.94355524,0.93549806,0.95816576,0.95381755,0.94746286,0.9362898,0.94980067,0.94453275,0.9497491,0.95476335,0.952293,0.84802854,0.9402203,0.94699097,0.9472169,0.9326499,0.9139915,0.94139344,0.9397853,0.95730346,0.9450311,0.95462966,0.9554867,0.9374556,0.95452434,0.9508955,0.95126235,0.9504105,0.9522328,0.9552511,0.9368261,0.952293,0.9443981,0.9479876,0.95123273,0.9573185,0.95323926,0.9422245,0.944255,0.94406176,0.95980245,0.94654673,0.93999785,0.96235365,0.9445319,0.95493495,0.95618695,0.9594457,0.9580751,0.9476155,0.9623197,0.90803856,0.9531236,0.91713464,0.9489387,0.9616436,0.9671153,0.9495721,0.9580087,0.9421239,0.95327264,0.9465627,0.9584715,0.9297277,0.9630956,0.9318542,0.9429921,0.95255893,0.94538873,0.9223245,0.9509614,0.933162,0.9471162,0.9302983,0.9479783,0.9428816,0.9552473,0.9447795,0.94995886,0.9542041,0.9727307,0.9468445,0.9553044,0.94643307,0.9504046,0.95369697,0.94448787,0.9437624,0.9467998,0.9466429,0.9565468,0.9471826,0.962775,0.92709863,0.94796216,0.9530791,0.950958,0.95151204,0.9521017,0.9457011,0.9727307,0.94009984,0.962597,0.9568198,0.9552408
arcticmovie,0.9491265,0.93912333,0.9530974,0.94910485,0.9480846,0.9487511,0.9663584,0.9508588,0.9763661,0.9423674,0.94456404,0.96381116,0.95519143,0.9545001,0.95261055,0.9498666,0.99999964,0.9537186,0.94041497,0.9585208,0.94748646,0.9624545,0.9549332,0.96361136,0.9579771,0.87662894,0.95347345,0.9770918,0.9582156,0.94223887,0.94029796,0.9596403,0.94940585,0.9653953,0.93952113,0.92926824,0.9558956,0.94637287,0.96163905,0.9498153,0.95935374,0.95282257,0.95605224,0.95663697,0.95657873,0.9567019,0.95331216,0.9535807,0.94317085,0.9543839,0.9646514,0.9556951,0.95220464,0.9537792,0.9382528,0.9526548,0.9536554,0.9518424,0.9534292,0.957268,0.9544048,0.94996554,0.95564103,0.9573412,0.9558401,0.9484797,0.9565018,0.9523622,0.94662356,0.95168465,0.9614116,0.8750403,0.95044386,0.95949596,0.9497148,0.93817073,0.91579986,0.9589922,0.96093196,0.9575354,0.94845533,0.94912195,0.9605945,0.94102407,0.95391214,0.9495222,0.94708985,0.9573843,0.9480713,0.9645446,0.9514224,0.9614116,0.94418466,0.96007323,0.95512277,0.9507464,0.9529015,0.9530778,0.9539621,0.94668114,0.9546093,0.95516896,0.9445948,0.9642111,0.94831777,0.96643656,0.9633134,0.94843674,0.9511169,0.9498613,0.95630515,0.922982,0.9569287,0.91587067,0.96287924,0.9586519,0.9529019,0.9522757,0.9614158,0.9619064,0.9598605,0.950432,0.9632631,0.94173783,0.9558901,0.96105343,0.95378137,0.9573124,0.94514966,0.94805056,0.9509097,0.944572,0.9839552,0.9588317,0.9485231,0.93766683,0.94744503,0.95035815,0.9600873,0.9624031,0.9763661,0.9525762,0.9592396,0.9578789,0.95969886,0.96302587,0.95251876,0.9304285,0.95836735,0.94500065,0.95815307,0.95947945,0.96353596,0.93117094,0.9624302,0.95688075,0.9521764,0.95491964,0.9522809,0.9523678,0.9763661,0.9472693,0.94890124,0.9582632,0.96338856
artofracingmovie,0.95788187,0.93450016,0.9585198,0.9665228,0.97220737,0.9576495,0.9735757,0.9579121,0.9774084,0.96241856,0.94946194,0.9561725,0.9658979,0.9533234,0.9587644,0.95016015,0.9537186,1.0000001,0.9562693,0.9491576,0.9449705,0.9555341,0.95987844,0.9581133,0.9611853,0.9097014,0.95954984,0.949446,0.9508671,0.9481741,0.9605367,0.95892936,0.9516877,0.9475396,0.9487564,0.9403334,0.9581548,0.9580685,0.96639067,0.9616503,0.9535584,0.95256203,0.9441745,0.95991707,0.9587681,0.9622315,0.95434207,0.9496552,0.9576048,0.9564781,0.95310664,0.9681891,0.94869226,0.96069884,0.9609638,0.96827435,0.9519979,0.9550728,0.9565989,0.9526008,0.95731163,0.9527912,0.94651794,0.9566954,0.96208763,0.95513237,0.94551533,0.96264476,0.9584301,0.95574003,0.9541962,0.87660664,0.9576324,0.9601359,0.95967567,0.95053273,0.9499916,0.96000886,0.9595849,0.9466292,0.95520926,0.9636796,0.95904493,0.95878726,0.95897377,0.95038193,0.94963294,0.951305,0.9506673,0.9563621,0.95947677,0.9541962,0.9482744,0.9639203,0.95537794,0.9662091,0.9418314,0.9595263,0.95762163,0.94507074,0.95963377,0.95132166,0.9412397,0.96266186,0.9563742,0.9542199,0.95836574,0.96471703,0.94679016,0.95959795,0.9648568,0.9245337,0.95626825,0.93873453,0.9594083,0.95730233,0.9637178,0.9590672,0.9558606,0.96394026,0.96072835,0.9493761,0.9691714,0.9665471,0.96188754,0.9557543,0.95599306,0.9513647,0.96758646,0.9460075,0.9491155,0.9612391,0.9547698,0.9441262,0.9481726,0.9489136,0.9606574,0.9629166,0.9512407,0.9735136,0.9774084,0.9422508,0.96247977,0.9692778,0.962971,0.9580787,0.94605017,0.94939137,0.96554965,0.9519547,0.9596172,0.9549216,0.96231884,0.9439127,0.953495,0.95279485,0.9602221,0.96298,0.9587144,0.9410976,0.9774084,0.95872116,0.9560015,0.9633331,0.954443
avengers,0.9743956,0.9334156,0.94902873,0.95798355,0.95521545,0.9506237,0.9618751,0.9547068,0.97344047,0.9536014,0.941681,0.9457538,0.9583171,0.953301,0.95289373,0.94713324,0.94041497,0.9562693,1.0,0.944969,0.9431589,0.9590386,0.9626353,0.9452606,0.9558321,0.89960635,0.9412997,0.9454743,0.94605494,0.93289226,0.9696113,0.95159894,0.9532059,0.94405395,0.9436784,0.93862504,0.9562885,0.94827986,0.9620279,0.9523995,0.94681394,0.95144546,0.94877845,0.9562557,0.9524399,0.95882255,0.9548143,0.94425285,0.9451982,0.9536783,0.955398,0.9582214,0.95767874,0.95488524,0.9437042,0.9503768,0.9470135,0.94451123,0.95084655,0.95216787,0.94169134,0.955421,0.9474909,0.9487513,0.94836575,0.93897533,0.936749,0.9583474,0.95010114,0.9568951,0.9565122,0.8681525,0.9444589,0.94797623,0.9555461,0.9472901,0.9452237,0.94847775,0.9570063,0.948081,0.95081556,0.9593271,0.9438686,0.95306784,0.9507718,0.94057894,0.95306206,0.9621251,0.94158703,0.9477098,0.9466103,0.9565122,0.94784164,0.9500685,0.9548072,0.9544029,0.942119,0.9435284,0.944518,0.94636714,0.95970225,0.94981915,0.9502343,0.9631619,0.95186687,0.9536176,0.95804584,0.9444274,0.9399023,0.943071,0.95254713,0.9231263,0.94584453,0.93168837,0.95044327,0.95224684,0.95817906,0.9589713,0.9511329,0.95146006,0.9466843,0.9500887,0.9497626,0.9449094,0.9612645,0.94393384,0.94860214,0.9564145,0.94640726,0.9457923,0.9382607,0.95309263,0.949946,0.9355102,0.9362285,0.93549615,0.95753306,0.9481739,0.9537858,0.9578652,0.97344047,0.9480979,0.950991,0.95162976,0.9475997,0.9443343,0.9406432,0.9415967,0.95373833,0.9531907,0.9567834,0.9526848,0.96116143,0.9457952,0.9522309,0.95802623,0.95422155,0.9461515,0.9556158,0.93086904,0.97344047,0.9568386,0.95158017,0.95922196,0.95520407
beachbummovie,0.9509783,0.9382873,0.9519294,0.94366235,0.9453738,0.95145315,0.9617902,0.95821416,0.9708465,0.9318654,0.9559037,0.9501606,0.953874,0.9483423,0.9755424,0.9477823,0.9585208,0.9491576,0.944969,1.0000002,0.9555681,0.9589914,0.95114195,0.9515325,0.9605046,0.87212443,0.947401,0.9443412,0.95779073,0.946192,0.9471598,0.95397913,0.9425204,0.95265543,0.927397,0.9135229,0.948782,0.9530542,0.9526577,0.9469871,0.9521034,0.94471616,0.9503224,0.9523127,0.95309615,0.9583825,0.9476907,0.9453523,0.9365165,0.9497272,0.9542723,0.94637454,0.9452464,0.9453925,0.94463295,0.9456882,0.94851696,0.9469307,0.93615097,0.95330566,0.957504,0.9416281,0.95250607,0.9435997,0.9463588,0.9439049,0.9378495,0.94154537,0.94985604,0.95302325,0.9603138,0.84637374,0.9412775,0.9409502,0.94571304,0.93413126,0.9222428,0.9435781,0.9475783,0.9464924,0.96120137,0.95536536,0.9567879,0.93370575,0.95609426,0.95454794,0.9540043,0.94850075,0.94406474,0.95674884,0.9516571,0.9603138,0.95279306,0.9553992,0.9422571,0.9619756,0.95537484,0.96641505,0.9508983,0.94573987,0.9531152,0.955192,0.9445809,0.9577052,0.94747376,0.9534964,0.95814466,0.94400376,0.9425486,0.93939984,0.9505242,0.9340835,0.95299464,0.9141139,0.9553884,0.9571379,0.9546279,0.94079477,0.96219116,0.95672953,0.9553271,0.94832987,0.95513326,0.9498862,0.9524889,0.9400937,0.9464306,0.95059013,0.94804114,0.92186624,0.9573663,0.94060975,0.95718014,0.9410286,0.9297356,0.95084906,0.949493,0.9415877,0.9615681,0.96336174,0.9708465,0.9491988,0.94991523,0.9459816,0.9554537,0.94952226,0.9486857,0.9317443,0.94704956,0.94767857,0.9523651,0.94332206,0.9586283,0.9399202,0.9488438,0.9563736,0.95451695,0.95182544,0.9497469,0.9387773,0.9708465,0.94279766,0.95188475,0.9575127,0.95778424
bernadettefilm,0.9526102,0.93550956,0.9479113,0.94603604,0.9348285,0.9413284,0.9483549,0.94690764,0.96707857,0.93789095,0.94845545,0.9354257,0.9472395,0.94202125,0.95960796,0.94769394,0.94748646,0.9449705,0.9431589,0.9555681,1.0,0.95380676,0.9505829,0.9458956,0.9474061,0.8627107,0.93353206,0.94089603,0.94603974,0.93761206,0.941316,0.9626984,0.94985867,0.9394919,0.929193,0.9210879,0.95777136,0.95359284,0.9538676,0.95338243,0.94646066,0.9501611,0.94949895,0.9540273,0.94015366,0.94820464,0.94423336,0.94644594,0.9401058,0.95112944,0.95195645,0.9484332,0.95604396,0.937669,0.94909054,0.93209344,0.94099826,0.9490146,0.9347669,0.94402486,0.93672055,0.9327824,0.9348417,0.9359771,0.94982046,0.935392,0.9373753,0.9453404,0.94371945,0.9407612,0.9478752,0.8684018,0.92651904,0.9433075,0.9460564,0.93445164,0.92602134,0.94265586,0.9404932,0.9433348,0.950891,0.94705296,0.95116085,0.94113183,0.94871575,0.94379026,0.9491531,0.93978524,0.9459935,0.9524973,0.9427905,0.9478752,0.9372472,0.9468605,0.9532012,0.9541109,0.9389682,0.94988585,0.9351141,0.9401461,0.95198435,0.93333316,0.93719137,0.95645094,0.9426377,0.9513676,0.9538606,0.94622576,0.93937975,0.94372433,0.94581085,0.9096376,0.9471837,0.90693396,0.9588259,0.9550902,0.9547398,0.9440898,0.9513817,0.93713015,0.9439853,0.9360121,0.95811373,0.94634545,0.9473765,0.9364538,0.935971,0.94492894,0.95238316,0.9256796,0.96786296,0.9292993,0.9506719,0.9383466,0.93298036,0.93589836,0.9468284,0.9363187,0.9449922,0.9431521,0.96707857,0.9482269,0.95075065,0.93227696,0.94917387,0.94524497,0.9428333,0.94074935,0.9402682,0.949166,0.9415141,0.93825674,0.94882196,0.9338872,0.9470519,0.939293,0.9460985,0.9332174,0.93990976,0.9360925,0.96707857,0.94455147,0.94962025,0.95986694,0.94742066
