movie,21bridgesmovie,47metersdown,abeautifuldaymovie,abominablemovie,adastramovie,adogsjourneymovie,aftermathmovie,aftermovie,ahiddenlifefilm,alitamovie,angelhasfallen,angrybirdsmovie,annabellemovie,annamovie,apollo11movie,arcticdogsmovie,arcticmovie,artofracingmovie,avengers,beachbummovie,bernadettefilm,blackandbluemovie,blackchristmas,blindedbythelightmovie,bombshellmovie,booksmart,breakthroughmovie,brianbanksmovie,brightburnmovie,brittanyrunsmov,captainmarvelofficial,captivestatemovie,catsmovie,charliesangels,childsplaymovie,clarathefilm,coldpursuitmovie,countdown,currentwarmovie,darkwatersmovie,detectivepikachumovie,disneyaladdin,disneyfrozen,disneymaleficent,doctorsleepmovie,dolemiteismyname,dontletgomovie,doramovie,downtonabbey_official,dumbo,escaperoom,everybodyknowsmovie,fastandfuriousmovie,fightingwmyfam,fivefeetapartfilm,fordvferrari,freaksthefilm,geminimanmovie,glassmovie,gloriabellmovie,godzillamovie,goldfinchmovie,goodboysmovie,goodliarmovie,gretafilm,halathemovie,happydeathdaymovie,harrietfilm,hellboymovie,hersmellmovie,highlifemovie,highstrungmovie,honeyboymovie,hotelmumbaifilm,httydragon,hustlemovie,hustlersmovie,isntitromantic,itmovieofficial,jayandsilentbob,johnwickmovie,jojorabbitmovie,jokermovie,judythefilm,jumanjimovie,justmercyfilm,knivesout,lalloronamovie,lastblackmansf,lastchristmasthemovie,latenightmovie,lighthousemovie,lionking,littlethemovie,littlewomenmovie,littlewoodsfilm,longshotmovie,lordsofchaosmovie,lucyintheskyfilm,mamovie2019,marriagestory,meettheaddams,meninblack,midsommarmovie,midwaymovie,missbalamovie,missinglinkfilm,motherlessbklyn,onceinhollywood,onthebasisofsex,overcomermovie,peanutbutterfalcon,petsematarymovie,piercingmovie,playingwithfire,playmobilthemovie,pomsmovie,queenandslim,rambomovie,readyornotfilm,richardjewellfilm,rocketmanmovie,scarystoriesmovie,secretlifeofpets,serenityfilm,shaftmovie,shazammovie,spidermanmovie,spiesindisguise,starwars,stormboymovie,stubermovie,taosdfilm,teenspiritmov,terminator,theaeronautsmov,thebestofenemies,thedeaddontdie,thefarewell,thehighwaymen,thehummingbirdprojectfilm,theintrudermovie,theirishmanfilm,thekitchenmovie,thelegomovie,themustangfilm,thenightingalefilm,theprodigymovie,thesunisalsoastar,theupsidefilm,tolkienmovie,toystory,triplefrontier,uglydolls,uncutgems,underthesilverlake,usmovie,wavesmovie,whatmenwant,wonderparkmovie,wrinklestheclown,xmenmovies,yardiefilm,yesterdaymovie,zombieland
21bridgesmovie,0.99999994,0.95398885,0.9679509,0.96258885,0.9595915,0.9542219,0.96608514,0.95963174,0.97731686,0.96133965,0.9509549,0.95579463,0.9576611,0.95515954,0.96265745,0.9590186,0.97083664,0.96726465,0.9776598,0.9646765,0.9535397,0.9537746,0.95316315,0.9541761,0.94651175,0.88826245,0.95938087,0.9624527,0.9633919,0.95970154,0.95460546,0.9664329,0.95327055,0.93623066,0.9450785,0.93345475,0.96371776,0.9614664,0.96050495,0.9640072,0.96406597,0.96108854,0.9597449,0.9650958,0.96457684,0.9689634,0.9605134,0.96410376,0.9503189,0.9660595,0.96240306,0.97278804,0.9511731,0.95585173,0.94714004,0.95942,0.9531222,0.9653338,0.97152036,0.96130854,0.953359,0.9571976,0.9619709,0.94879323,0.9660322,0.9495102,0.9702369,0.9650146,0.9580851,0.9486681,0.9583631,0.82905895,0.9502374,0.9679926,0.94282556,0.9485019,0.929412,0.9514905,0.9693343,0.9683413,0.95433015,0.9555637,0.97005236,0.9403096,0.9487937,0.9586032,0.9519671,0.96499425,0.95153105,0.9676893,0.9655834,0.9583631,0.9585168,0.9617902,0.96262705,0.9537759,0.96015793,0.9559149,0.9693299,0.9429771,0.9599689,0.9620843,0.9554939,0.9612428,0.95811105,0.96106136,0.9657515,0.9617943,0.9507736,0.9666244,0.96606463,0.9139087,0.97034746,0.9325737,0.9613977,0.9605431,0.98513484,0.94783545,0.9626125,0.9634008,0.9597758,0.9578688,0.96338385,0.9495985,0.9643447,0.9590288,0.9556606,0.9604664,0.9597687,0.9523044,0.96406674,0.9576621,0.97186536,0.96051556,0.9604682,0.9579315,0.9704401,0.96399266,0.96049523,0.96677065,0.97731686,0.9595343,0.9610484,0.96031773,0.96160233,0.96242636,0.96586275,0.94998217,0.9640302,0.97184145,0.95978117,0.9682383,0.967378,0.9600125,0.9553092,0.964458,0.9574996,0.9582643,0.9645311,0.9582606,0.97731686,0.95952255,0.9618194,0.9594002,0.9597288
47metersdown,0.95398885,1.0000001,0.95894784,0.9520194,0.96379834,0.95982546,0.9606032,0.9522733,0.9765174,0.9533164,0.9560607,0.9494629,0.959478,0.95225644,0.9616078,0.9562858,0.96374303,0.9602224,0.95343626,0.9589261,0.949466,0.9564296,0.959037,0.9543713,0.94216627,0.89422446,0.9609713,0.960458,0.96691227,0.9595361,0.95336074,0.9581281,0.9644715,0.9431381,0.95298594,0.94001436,0.9631556,0.9517721,0.9699667,0.95536536,0.9667599,0.9538515,0.9521661,0.96033657,0.9542668,0.9608345,0.96334183,0.9596023,0.95038885,0.9564017,0.95833325,0.95658594,0.94812423,0.95498925,0.9473422,0.9532207,0.94128317,0.9586025,0.95867026,0.9636788,0.95436865,0.9598657,0.96605855,0.9606017,0.95393944,0.952204,0.9523687,0.95351386,0.9581411,0.94243246,0.96966743,0.8235785,0.95313287,0.9598116,0.9584403,0.938562,0.9334192,0.94942087,0.957009,0.956524,0.9587815,0.95940936,0.9742575,0.94637907,0.94788,0.94843596,0.95061725,0.9632177,0.9607518,0.95869493,0.9506001,0.96966743,0.9446031,0.9560254,0.9537096,0.94744664,0.95997995,0.96531695,0.96397513,0.9567998,0.9579019,0.94966465,0.9510121,0.9619476,0.9519755,0.9576245,0.9616726,0.9617848,0.94219095,0.95454854,0.9592947,0.9011634,0.9555181,0.95149493,0.96418387,0.9536906,0.9593895,0.9456948,0.96778727,0.9627486,0.9623703,0.9518553,0.9512562,0.95431626,0.96259606,0.9607615,0.9583119,0.95836675,0.95658875,0.94942313,0.95444477,0.9654016,0.96894467,0.9520972,0.95260227,0.9564499,0.9598176,0.9607199,0.9635163,0.9633929,0.9765174,0.95830363,0.9580092,0.9549398,0.96743834,0.9553902,0.96442753,0.94945025,0.964761,0.9566499,0.96095914,0.9569939,0.967533,0.939121,0.9571513,0.97158265,0.957264,0.95611763,0.9586509,0.95535713,0.9765174,0.9488799,0.9502341,0.9647741,0.9498629
abeautifuldaymovie,0.9679509,0.95894784,1.0,0.95541304,0.96503603,0.9553112,0.98021644,0.9675593,0.98424417,0.9521083,0.9567585,0.9696459,0.96242696,0.9665494,0.97300196,0.9674421,0.9689618,0.96774685,0.96101564,0.96909946,0.95578384,0.9799136,0.9691705,0.9646181,0.96304715,0.8799359,0.95665586,0.96113986,0.9848851,0.96327853,0.9630515,0.958218,0.9706466,0.95428973,0.95505947,0.9411496,0.9728651,0.9707917,0.9698927,0.9620427,0.96887505,0.9593417,0.9580132,0.96268064,0.9568617,0.9758414,0.97449416,0.96932906,0.95654714,0.96365494,0.9800085,0.96807486,0.96827745,0.968731,0.95840293,0.96133167,0.9529941,0.9743638,0.9631171,0.9698189,0.9601366,0.9605033,0.9641329,0.96881455,0.96469074,0.95543075,0.96509796,0.96591586,0.9658341,0.9482138,0.97206736,0.8245341,0.964546,0.9717539,0.9645632,0.9525679,0.9387048,0.9629454,0.96409076,0.971407,0.960566,0.9688718,0.9691128,0.95529836,0.9633569,0.96248406,0.9538919,0.9679972,0.97261775,0.9650593,0.9706482,0.97206736,0.964532,0.9652977,0.97535604,0.9535274,0.9609525,0.9695389,0.97752887,0.95880806,0.9651422,0.96287036,0.9615705,0.9717192,0.96145296,0.97772205,0.96931493,0.96884793,0.9628772,0.96903956,0.9745708,0.9186267,0.9742354,0.94329643,0.9700397,0.9633505,0.9770157,0.96336925,0.9678529,0.97560847,0.9647268,0.97135705,0.9704261,0.9634269,0.9605574,0.9716039,0.9651268,0.9760353,0.9642075,0.9511884,0.9630163,0.96220434,0.97311306,0.9597718,0.9728995,0.9621995,0.9731762,0.96717006,0.9716009,0.9720229,0.98424417,0.9760971,0.96654093,0.9662244,0.9741207,0.95927733,0.97169304,0.9595952,0.9710185,0.9688859,0.9747508,0.9773885,0.96819186,0.95314926,0.97017884,0.9756806,0.96787494,0.9714219,0.96407574,0.97051805,0.98424417,0.9616451,0.9689191,0.9756018,0.973838
abominablemovie,0.96258885,0.9520194,0.95541304,1.0000001,0.94608253,0.9460265,0.9552304,0.94320947,0.9754909,0.9492705,0.95168436,0.9623504,0.9690547,0.95375746,0.9503901,0.9491956,0.9614875,0.9523175,0.95750433,0.9483163,0.94703406,0.9460611,0.9533666,0.9573309,0.9429404,0.8954491,0.9535094,0.9476877,0.96281344,0.9468084,0.9516099,0.9587509,0.9513898,0.94428474,0.95541406,0.9554023,0.95768243,0.96320176,0.96129835,0.9530543,0.96685755,0.9572461,0.9489685,0.9528095,0.95613515,0.95972395,0.958174,0.9578483,0.9533688,0.95658606,0.9591753,0.96383077,0.938587,0.9494502,0.94080704,0.946116,0.93675905,0.954962,0.97013533,0.9580649,0.9487108,0.9602989,0.953086,0.9589754,0.9524729,0.95103395,0.96061474,0.94797105,0.9622987,0.93374145,0.95936465,0.8125655,0.95379364,0.9532445,0.96296436,0.9326259,0.9353868,0.9454908,0.9527362,0.9557968,0.95956486,0.95789707,0.96370476,0.9488431,0.9654571,0.93634206,0.95726705,0.95016515,0.9429254,0.9606581,0.95130146,0.95936465,0.9491912,0.95174915,0.95726305,0.9682087,0.95090556,0.96236396,0.9617429,0.9512433,0.9591849,0.9516622,0.95771384,0.95181423,0.95060784,0.9540429,0.95792675,0.9643979,0.9567345,0.95431674,0.9586565,0.9318144,0.96731126,0.9494087,0.9554798,0.9573423,0.96086043,0.96082914,0.95484567,0.95253766,0.9565501,0.9436697,0.9490233,0.94366014,0.9599156,0.95138574,0.9558512,0.96729,0.95428574,0.9494541,0.9558319,0.9539038,0.96081614,0.949076,0.9435093,0.9487113,0.9529011,0.96093446,0.96216047,0.95972085,0.9754909,0.94959146,0.965417,0.9551706,0.95812786,0.9567491,0.9593355,0.95987225,0.9641923,0.9590328,0.9543177,0.9600557,0.9655208,0.9340291,0.9509258,0.95865166,0.9601095,0.952735,0.95397,0.95819706,0.9754909,0.94254434,0.9604339,0.9644934,0.9578196
adastramovie,0.9595915,0.96379834,0.96503603,0.94608253,0.99999994,0.9598117,0.97195387,0.96336806,0.9805467,0.95785177,0.96616733,0.956657,0.95585275,0.9543211,0.9668669,0.9570361,0.9629643,0.9760147,0.95862424,0.96320176,0.9597703,0.9614957,0.9600903,0.9667014,0.9466657,0.86609113,0.9718764,0.96297413,0.9685193,0.95981413,0.96434754,0.9625673,0.9695756,0.9525132,0.94340944,0.93939507,0.9658319,0.9592054,0.9668705,0.95299995,0.96722984,0.9621981,0.9508717,0.9679529,0.9608559,0.9648196,0.9656265,0.96462,0.94699794,0.96630025,0.9641867,0.9629181,0.95064884,0.95694566,0.95231587,0.97419107,0.960378,0.9650538,0.96698797,0.96482354,0.95739275,0.9579424,0.9674507,0.95950097,0.9571447,0.95434475,0.95884997,0.96453357,0.96653634,0.95575297,0.9627587,0.8151416,0.95874953,0.964193,0.9558704,0.9488335,0.92432356,0.9616287,0.9615155,0.9598242,0.9641009,0.9665139,0.96252996,0.9520685,0.9567203,0.95287204,0.9637436,0.9624724,0.9593449,0.97069377,0.95612,0.9627587,0.96746296,0.97191155,0.9619938,0.95068926,0.96355176,0.9659053,0.9623706,0.95158684,0.9638626,0.9506515,0.9542026,0.9670369,0.9536163,0.9608618,0.96157277,0.9696146,0.9467606,0.9618566,0.97435427,0.9084956,0.9624759,0.95318913,0.9679979,0.95817584,0.9670102,0.9525605,0.9632845,0.9737052,0.947939,0.95778364,0.9600139,0.9567716,0.9654319,0.9666546,0.961427,0.95556533,0.97398585,0.9450485,0.9652742,0.9687578,0.958322,0.9519416,0.9618042,0.95622534,0.9625916,0.9635858,0.96580786,0.97122306,0.9805467,0.96164334,0.96665686,0.9584899,0.96825415,0.95975614,0.97094077,0.95545375,0.9685785,0.96271056,0.96608347,0.9634905,0.9688014,0.9316349,0.9653445,0.9656012,0.95313114,0.96454763,0.96910924,0.9615233,0.9805467,0.9587601,0.95944923,0.9641265,0.9602302
adogsjourneymovie,0.9542219,0.95982546,0.9553112,0.9460265,0.9598117,1.0000001,0.96491224,0.95238,0.9772502,0.95329344,0.95653856,0.95473045,0.9628223,0.955758,0.96869606,0.94752353,0.96761316,0.9684503,0.952476,0.9605171,0.95802784,0.9498185,0.9740055,0.96122456,0.9415653,0.8973305,0.95309794,0.9665731,0.960959,0.9635517,0.9467564,0.95938987,0.9575381,0.9397163,0.9451641,0.9377412,0.9679454,0.95939696,0.96345496,0.9579343,0.9577064,0.9486443,0.9395032,0.95328915,0.95485544,0.96893996,0.97579014,0.95247173,0.94733196,0.94723135,0.96432185,0.9612771,0.9589936,0.95760727,0.9516043,0.95862156,0.95871955,0.9696143,0.9585309,0.9561797,0.9479894,0.9538102,0.95941377,0.9467891,0.9549008,0.9600989,0.96319425,0.95731735,0.95788527,0.9508351,0.9550622,0.81390655,0.96214485,0.9627569,0.95550334,0.9520452,0.9334696,0.957744,0.96660626,0.96718407,0.95895153,0.96187025,0.96203214,0.94847715,0.94844776,0.9622225,0.9603342,0.97328585,0.9612226,0.9765042,0.9615571,0.9550622,0.94861275,0.95997804,0.95906436,0.9545167,0.95892245,0.9619325,0.95914936,0.9655184,0.9655481,0.95683455,0.95567715,0.95428574,0.9521261,0.9620451,0.9665577,0.9537335,0.9508963,0.96331555,0.9635807,0.89866227,0.96263343,0.938332,0.96717435,0.95182335,0.9561407,0.95854956,0.96611005,0.9595808,0.94501215,0.9601049,0.9572032,0.9690327,0.96491677,0.9490831,0.9807462,0.95854664,0.95891714,0.9382786,0.9623198,0.95731276,0.9645821,0.9546619,0.96560323,0.95857984,0.9581377,0.96050394,0.95620555,0.9669845,0.9772502,0.94899493,0.96214175,0.9564099,0.9659654,0.94992936,0.96496254,0.95707434,0.95862275,0.9570763,0.9644924,0.9452001,0.9642001,0.9486746,0.9575009,0.9634922,0.9677001,0.9596881,0.9649632,0.9601391,0.9772502,0.9516133,0.959909,0.9672803,0.9576868
aftermathmovie,0.96608514,0.9606032,0.98021644,0.9552304,0.97195387,0.96491224,0.9999999,0.9714166,0.9868202,0.96396494,0.96582603,0.96562403,0.96847594,0.97681755,0.9779063,0.9666299,0.97513765,0.9763185,0.95715094,0.9735404,0.9661955,0.9683022,0.96845776,0.9650567,0.96107304,0.88678306,0.9687438,0.97207695,0.97402465,0.9682785,0.9642991,0.9638907,0.9771301,0.9548591,0.9571132,0.9458882,0.97394896,0.9693507,0.9732984,0.9640909,0.9671285,0.9676161,0.9508195,0.9708159,0.96172076,0.97364026,0.97236365,0.97045255,0.95807856,0.9692341,0.9723478,0.9681029,0.9682596,0.96705246,0.95818293,0.96703964,0.9588479,0.98294765,0.9716484,0.9713209,0.9598866,0.96481717,0.97009355,0.9708936,0.9630508,0.965294,0.9723467,0.9614741,0.967785,0.95013297,0.9731675,0.8150716,0.96405977,0.97307223,0.9626711,0.9591847,0.93628705,0.97404826,0.97587323,0.9692251,0.9620076,0.9826395,0.9686799,0.96020204,0.9670344,0.9678239,0.9582443,0.96797687,0.9661989,0.9751867,0.97141063,0.9731675,0.9667942,0.9689309,0.9695777,0.9601017,0.96385556,0.96755844,0.9817682,0.9658828,0.9694287,0.9650438,0.95632845,0.97080725,0.9680594,0.96965134,0.96470684,0.9714836,0.9595126,0.96580887,0.9770335,0.9126229,0.9759525,0.9408495,0.97919667,0.9657402,0.97303575,0.9658254,0.96590346,0.98998415,0.96577334,0.9762449,0.9676488,0.96002895,0.97059685,0.9724062,0.96871984,0.964995,0.9738879,0.9472443,0.9672646,0.97057354,0.974417,0.9611077,0.97747713,0.96526915,0.9694581,0.9657364,0.97297734,0.97615534,0.9868202,0.96443737,0.9672175,0.9722961,0.9733222,0.96188575,0.9745108,0.9620547,0.9735283,0.96930057,0.98889536,0.96891505,0.9704978,0.94863904,0.9611126,0.9740427,0.9692305,0.97052234,0.9725226,0.9734823,0.9868202,0.9663011,0.973168,0.979093,0.9691993
aftermovie,0.95963174,0.9522733,0.9675593,0.94320947,0.96336806,0.95238,0.9714166,0.9999999,0.9790214,0.9517927,0.96150506,0.9495668,0.96025354,0.965095,0.9629599,0.96683055,0.96210206,0.9646171,0.95232856,0.96925414,0.962906,0.96680135,0.9595529,0.9646756,0.9524586,0.88005894,0.95794463,0.95189023,0.9666639,0.96397275,0.9523277,0.96773267,0.96627474,0.92875767,0.94382554,0.9345355,0.9715616,0.9511493,0.97096455,0.96590936,0.95310426,0.96611,0.9531621,0.9667005,0.9624011,0.9642542,0.959869,0.9631526,0.9556469,0.96862817,0.9611432,0.96969086,0.9595361,0.9612572,0.9514712,0.9580821,0.95846814,0.97167766,0.9628348,0.9682811,0.9460878,0.95790464,0.966176,0.96099627,0.95645154,0.9581863,0.9652472,0.966072,0.9659604,0.9358902,0.96291786,0.8271174,0.96477276,0.96719944,0.955911,0.9562037,0.9071037,0.95579076,0.96029925,0.95317304,0.9551219,0.9636859,0.965677,0.944597,0.94132704,0.95729196,0.9411291,0.96988434,0.95663345,0.96247286,0.96677625,0.96291786,0.96125364,0.9592789,0.95957285,0.94056046,0.9614127,0.960178,0.96264756,0.9573589,0.96568984,0.9600362,0.951467,0.96257377,0.959363,0.9581125,0.96324885,0.9720184,0.96016616,0.96356416,0.96971416,0.90164983,0.9659702,0.9304603,0.9607151,0.9435469,0.9564752,0.9486725,0.9662106,0.97028506,0.95988697,0.96676713,0.9618814,0.9522999,0.9585763,0.96257824,0.96435136,0.9538776,0.9697692,0.95587033,0.97102165,0.95951194,0.9620347,0.9478654,0.9637972,0.9640313,0.9530836,0.96819234,0.9536625,0.95860684,0.9790214,0.9534491,0.9649763,0.9642491,0.96555454,0.96249676,0.96968055,0.9549412,0.9725377,0.95661557,0.964561,0.9664831,0.9575869,0.9364381,0.95197207,0.9647719,0.9608069,0.9618904,0.97475785,0.9585121,0.9790214,0.95777404,0.9633786,0.96621764,0.9518435
ahiddenlifefilm,0.97731686,0.9765174,0.98424417,0.9754909,0.9805467,0.9772502,0.9868202,0.9790214,1.0000002,0.96876925,0.97946304,0.9789289,0.9803313,0.9785395,0.9839114,0.9779437,0.98165804,0.9789473,0.975193,0.9797443,0.97307914,0.97972107,0.9792898,0.9812079,0.9696937,0.90753657,0.9753871,0.9758972,0.9882988,0.9802198,0.97537196,0.98057353,0.980378,0.9653043,0.9711387,0.9637805,0.98624134,0.980167,0.9858492,0.97752637,0.9804079,0.9806862,0.968589,0.9806602,0.97971904,0.9855802,0.9826115,0.9796576,0.9731366,0.9804708,0.9844305,0.9850694,0.9728743,0.97972655,0.96859056,0.97664756,0.9704823,0.9880316,0.9806023,0.98415744,0.97181034,0.9758306,0.98365074,0.97909355,0.9773744,0.97834086,0.978375,0.9790631,0.98153603,0.96366614,0.9849715,0.83072656,0.98039323,0.98190105,0.9795573,0.9649821,0.94804066,0.9751234,0.978392,0.9791718,0.98054045,0.98296595,0.9813921,0.9730725,0.974009,0.97252214,0.97361934,0.98276025,0.9786166,0.9853351,0.9806418,0.9849715,0.9772288,0.98058605,0.9813781,0.9707535,0.9794049,0.9825576,0.98344594,0.9742408,0.98318744,0.97883224,0.97350764,0.98290473,0.9761158,0.9816267,0.98315257,0.98238426,0.97039455,0.98222643,0.9867604,0.93135923,0.9874615,0.96649754,0.98260516,0.9758976,0.9823778,0.9763344,0.9839045,0.9835922,0.97805274,0.98071927,0.97732884,0.9730727,0.9814797,0.9802896,0.9807875,0.98013914,0.9819808,0.96764445,0.98169863,0.9766775,0.9805937,0.9723767,0.98004407,0.9793507,0.979347,0.9840707,0.98394823,0.9828785,1.0000002,0.9770577,0.983906,0.9781116,0.98651856,0.97779346,0.9864409,0.9788577,0.9850716,0.97961116,0.98451626,0.9807641,0.9849093,0.9544459,0.97893107,0.984402,0.9791174,0.9814774,0.98265725,0.98054194,1.0000002,0.97026616,0.984236,0.98652995,0.97828513
alitamovie,0.96133965,0.9533164,0.9521083,0.9492705,0.95785177,0.95329344,0.96396494,0.9517927,0.96876925,1.0000001,0.9478759,0.9475892,0.95555264,0.96205884,0.9585878,0.94846725,0.96396524,0.96964455,0.9533973,0.95293266,0.95230246,0.946127,0.9591953,0.9531331,0.9436833,0.8559825,0.96101534,0.9491581,0.95784575,0.9565224,0.94049084,0.9505953,0.959809,0.9421082,0.9406727,0.9315516,0.9619034,0.933799,0.95628357,0.9476511,0.96138334,0.95827925,0.9353991,0.9557808,0.94862056,0.9525944,0.96083295,0.9481238,0.9436061,0.9532361,0.9548595,0.9550085,0.95371234,0.9499158,0.93537164,0.95896375,0.9484978,0.9596861,0.95558715,0.9571836,0.9515831,0.95023626,0.95702463,0.95140284,0.9454237,0.9567315,0.95414734,0.95205265,0.95001036,0.94047284,0.9555305,0.8391935,0.949816,0.9589799,0.94408774,0.93665814,0.91715944,0.9506087,0.97148836,0.9546854,0.946822,0.95369583,0.95795506,0.9428348,0.94375443,0.94466877,0.9410253,0.9588473,0.9470078,0.95984083,0.9479067,0.9555305,0.95063835,0.9501403,0.9537172,0.9498295,0.9499753,0.9515357,0.96676284,0.95156574,0.9627054,0.95052695,0.94241345,0.95284396,0.96794283,0.95332855,0.95273775,0.9518419,0.93645704,0.947096,0.95596075,0.8900985,0.9566431,0.928033,0.9608057,0.94460183,0.9532199,0.9495057,0.955344,0.96153694,0.9511278,0.94016933,0.9534149,0.9442002,0.9543944,0.94556123,0.9580475,0.94692427,0.9624646,0.93783045,0.9523435,0.96829367,0.9477016,0.94064504,0.9606471,0.9561203,0.9501917,0.95353204,0.9530655,0.9561691,0.96876925,0.9455258,0.94861126,0.95716137,0.9532734,0.95810175,0.954459,0.94849133,0.96056,0.94531107,0.9592699,0.9534295,0.9573018,0.9464412,0.93966717,0.9546165,0.94932634,0.95605946,0.959655,0.95716983,0.96876925,0.9549326,0.94954675,0.9615103,0.95499575
angelhasfallen,0.9509549,0.9560607,0.9567585,0.95168436,0.96616733,0.95653856,0.96582603,0.96150506,0.97946304,0.9478759,1.0000002,0.96023345,0.9602909,0.9553893,0.95954204,0.9599585,0.9607259,0.9636349,0.95696366,0.9650177,0.95407563,0.96079314,0.94971114,0.96727234,0.9582895,0.89360654,0.96078604,0.9572934,0.9663366,0.9664065,0.9581565,0.9639493,0.9579032,0.95642036,0.9452744,0.9382267,0.96761185,0.9599408,0.9643695,0.95205396,0.955235,0.9661733,0.94573724,0.9635226,0.96560234,0.96569455,0.9528069,0.9563563,0.95347494,0.9628565,0.9607492,0.9589432,0.9590305,0.95138484,0.9479052,0.9581301,0.9618644,0.9675381,0.9588842,0.9647706,0.94770265,0.9542328,0.9655473,0.9540939,0.9482468,0.96138453,0.95646846,0.95953685,0.97338635,0.94714147,0.9633245,0.7970685,0.9564994,0.96137255,0.9581223,0.9507868,0.9151782,0.9671134,0.95556986,0.949141,0.9779842,0.963962,0.9533939,0.9518421,0.949956,0.95380926,0.96449625,0.9715289,0.9491703,0.96771455,0.95994854,0.9633245,0.9566305,0.964138,0.95738345,0.95425,0.97802234,0.9680879,0.95996094,0.9503343,0.9705107,0.9655279,0.94796807,0.9614193,0.95943314,0.9590762,0.9617732,0.9627281,0.95341384,0.96141094,0.96516913,0.9197549,0.96798134,0.94412744,0.970385,0.9668703,0.9581633,0.9439124,0.9676946,0.9642025,0.94881517,0.9604204,0.9525071,0.9537169,0.96427834,0.9584902,0.9592397,0.9527195,0.96276385,0.9499567,0.96569943,0.95849055,0.9598371,0.9580522,0.9584295,0.9663474,0.95957094,0.95847446,0.96415704,0.9654744,0.97946304,0.9552962,0.96457046,0.967512,0.96976995,0.9517798,0.96394414,0.9563455,0.96231586,0.9614454,0.96102846,0.9529439,0.9600776,0.9154001,0.9590364,0.9673082,0.9533256,0.959265,0.9703006,0.9659772,0.97946304,0.94359183,0.9619261,0.95815843,0.9536268
angrybirdsmovie,0.95579463,0.9494629,0.9696459,0.9623504,0.956657,0.95473045,0.96562403,0.9495668,0.9789289,0.9475892,0.96023345,1.0,0.9654162,0.9573239,0.96179855,0.9501668,0.9592419,0.9516441,0.961843,0.9577704,0.95546013,0.9659562,0.9607779,0.9642566,0.9621022,0.8752569,0.9586757,0.9469522,0.9790659,0.961477,0.951359,0.95553,0.96448696,0.9580496,0.9447369,0.9374782,0.969981,0.96905595,0.9600771,0.957453,0.968828,0.95060754,0.9560547,0.9563878,0.95994467,0.9628946,0.9642868,0.9659099,0.95181084,0.95649433,0.98005784,0.9605082,0.9605149,0.9578708,0.9504367,0.95793205,0.950807,0.9718962,0.95539093,0.96564937,0.95235515,0.95426434,0.9623956,0.95996505,0.95302314,0.9533841,0.9567593,0.96254,0.95398325,0.9477959,0.9660609,0.8078506,0.96373,0.9542181,0.9556057,0.9393302,0.91492605,0.95821464,0.9562872,0.9591648,0.96689373,0.9653674,0.9517843,0.9522719,0.97460115,0.9497606,0.95506936,0.964774,0.9626939,0.96324176,0.9596411,0.9660609,0.9570008,0.95857805,0.9748484,0.9475521,0.9548053,0.9620547,0.96463615,0.9479842,0.9618077,0.964421,0.9558323,0.9619635,0.95175934,0.97608167,0.96287006,0.9554297,0.95660174,0.9628821,0.9691044,0.9161237,0.97406995,0.9430816,0.96549606,0.95766485,0.9639909,0.9531641,0.9609329,0.96128196,0.95493287,0.9673944,0.95281696,0.9550706,0.95817304,0.95151734,0.9572919,0.9676889,0.94939274,0.9471408,0.97010607,0.9500816,0.9575675,0.9472963,0.97096926,0.9563632,0.96371776,0.9578896,0.97157925,0.95900995,0.9789289,0.9712958,0.95839083,0.9551789,0.9669247,0.949179,0.9675279,0.95357203,0.9568599,0.95340526,0.96486205,0.95619607,0.96757364,0.9437705,0.9597439,0.9648536,0.9607287,0.9707244,0.96100813,0.9740059,0.9789289,0.9417423,0.9695926,0.96404254,0.97004235
annabellemovie,0.9576611,0.959478,0.96242696,0.9690547,0.95585275,0.9628223,0.96847594,0.96025354,0.9803313,0.95555264,0.9602909,0.9654162,0.99999994,0.9688268,0.9626183,0.95376176,0.96278316,0.9658018,0.9660611,0.95819366,0.9618496,0.9652139,0.96177244,0.97351795,0.9648929,0.8900627,0.96226835,0.95459366,0.9698942,0.97259194,0.95796317,0.96106,0.9666426,0.95301807,0.9597792,0.9462868,0.96810234,0.9741455,0.96918166,0.9558665,0.97011447,0.9583232,0.94911045,0.95948243,0.96003,0.96542025,0.96374553,0.9626972,0.9534914,0.95897186,0.9731431,0.959997,0.95985854,0.96163225,0.95340824,0.96463305,0.9560078,0.96788925,0.96796656,0.970648,0.9674926,0.9691801,0.9631931,0.9705172,0.9446201,0.9613486,0.96450853,0.95309114,0.964574,0.9407709,0.9675883,0.8247539,0.96712774,0.9618717,0.96660584,0.9535897,0.93662006,0.9564411,0.96283334,0.9558451,0.9652368,0.97335416,0.9778585,0.96195495,0.9725268,0.9507529,0.9623448,0.96848315,0.95912856,0.9706523,0.9689348,0.9675883,0.9541088,0.9585744,0.96606195,0.9525668,0.95503694,0.9656951,0.9686149,0.9673034,0.9628963,0.95881337,0.956299,0.96273583,0.95616084,0.96751606,0.96820796,0.96324384,0.96302426,0.95653915,0.9650793,0.92585665,0.9714272,0.9451106,0.9700835,0.9491474,0.95785224,0.9653445,0.9620866,0.9662227,0.9672359,0.95969486,0.9592592,0.9563078,0.9645287,0.9510673,0.96587473,0.9671118,0.96304214,0.9478516,0.96212393,0.9550933,0.9606472,0.94437295,0.9601924,0.9707778,0.95886403,0.96523666,0.9640288,0.95655763,0.9803313,0.95496494,0.9630381,0.96273077,0.96398777,0.9629944,0.96632844,0.9686747,0.9676477,0.9562012,0.96329623,0.9552796,0.9669585,0.9437764,0.9598328,0.9671574,0.9642345,0.9628494,0.9666012,0.96784765,0.9803313,0.9547274,0.96722746,0.970121,0.9653133
annamovie,0.95515954,0.95225644,0.9665494,0.95375746,0.9543211,0.955758,0.97681755,0.965095,0.9785395,0.96205884,0.9553893,0.9573239,0.9688268,1.0000002,0.9706176,0.96330297,0.97111094,0.96874243,0.9452778,0.9649379,0.96634895,0.9622854,0.9598084,0.96088505,0.9579134,0.8711842,0.9587463,0.9637845,0.9642904,0.96271527,0.95315796,0.9506602,0.9704522,0.95201546,0.96008617,0.9462444,0.9659758,0.95771396,0.96847373,0.9522237,0.9563483,0.96606785,0.9426549,0.96257955,0.96188265,0.96191204,0.959257,0.9630456,0.95795125,0.96179014,0.9597129,0.9571209,0.955199,0.9603634,0.9595123,0.9655996,0.95544374,0.97603065,0.9577988,0.96235937,0.950835,0.9548938,0.9651887,0.97827506,0.9491714,0.96191996,0.9600087,0.9480361,0.96292055,0.9417131,0.96785986,0.82005954,0.96724135,0.9634313,0.9643882,0.9430126,0.9248067,0.9675273,0.9679818,0.96060705,0.951787,0.9713067,0.96338975,0.95354164,0.95948,0.96111214,0.9475892,0.9585163,0.96040905,0.9676891,0.9627139,0.96785986,0.9566361,0.9536991,0.9629232,0.9514524,0.949023,0.9604423,0.9710568,0.96691066,0.96193355,0.95562947,0.95530915,0.96259815,0.9727997,0.95893055,0.9606852,0.9653568,0.953405,0.94927233,0.9691316,0.89920497,0.9704892,0.9428733,0.97263116,0.9562943,0.9586303,0.95815575,0.96157247,0.972806,0.96041214,0.9662701,0.96307236,0.94945997,0.95751804,0.958296,0.9674464,0.95264965,0.9624926,0.9320052,0.9603994,0.9640016,0.9630444,0.952955,0.9673336,0.9654318,0.95874363,0.9578456,0.9654374,0.9596813,0.9785395,0.9539393,0.959548,0.9636743,0.9662487,0.95301676,0.9634587,0.96395844,0.9677583,0.95595884,0.9709958,0.96362,0.96710783,0.929047,0.95037985,0.96262515,0.96621025,0.96210146,0.9642265,0.9699307,0.9785395,0.96173537,0.9621853,0.97227156,0.95121574
apollo11movie,0.96265745,0.9616078,0.97300196,0.9503901,0.9668669,0.96869606,0.9779063,0.9629599,0.9839114,0.9585878,0.95954204,0.96179855,0.9626183,0.9706176,1.0000004,0.964335,0.968235,0.9735029,0.95247304,0.9803706,0.9585313,0.95982975,0.97237813,0.964294,0.95374393,0.87508196,0.95762837,0.96330637,0.9743696,0.9690491,0.9597988,0.9609639,0.9686788,0.9526037,0.9542531,0.94038117,0.9769814,0.9570122,0.97016305,0.95773786,0.96585774,0.959387,0.95054555,0.96161914,0.96448094,0.9729776,0.9727887,0.96693134,0.95199996,0.96136475,0.97077197,0.96948326,0.96370655,0.97022915,0.9476873,0.9652467,0.96098787,0.97504854,0.9673182,0.9678035,0.96562535,0.95791525,0.97137165,0.96869457,0.9619328,0.96151423,0.9708137,0.9669068,0.97292393,0.95547855,0.96778727,0.8213438,0.965398,0.96623576,0.9612279,0.9490995,0.9266143,0.9606372,0.9681682,0.9686292,0.9671226,0.96826136,0.9642049,0.9566286,0.9584646,0.96883494,0.9523689,0.97023,0.96826947,0.97261757,0.9668191,0.96778727,0.9608237,0.96937764,0.97166824,0.9668666,0.96678793,0.96708745,0.97071415,0.9645212,0.9711663,0.95988536,0.9643008,0.97105855,0.9658141,0.97181356,0.9716219,0.964354,0.9488084,0.96831405,0.9713348,0.8983212,0.9676518,0.9431121,0.97376776,0.96607375,0.9682487,0.95856,0.97463566,0.97239584,0.9620814,0.9682008,0.96179247,0.9620671,0.96785146,0.9705238,0.96997863,0.95717883,0.9624226,0.9430101,0.96391594,0.96503216,0.96890616,0.9614126,0.96526366,0.96720845,0.9642636,0.96455663,0.9689872,0.97286725,0.9839114,0.9656732,0.9618783,0.9615962,0.9712687,0.9625427,0.9660244,0.96191937,0.96885663,0.96383387,0.97551876,0.9684597,0.9765266,0.94389457,0.958089,0.9686577,0.97012645,0.9637338,0.97090703,0.96957475,0.9839114,0.9697782,0.9684118,0.9753201,0.96499807
arcticdogsmovie,0.9590186,0.9562858,0.9674421,0.9491956,0.9570361,0.94752353,0.9666299,0.96683055,0.9779437,0.94846725,0.9599585,0.9501668,0.95376176,0.96330297,0.964335,0.99999994,0.967079,0.9550698,0.9469764,0.9653726,0.9500226,0.9617788,0.94778377,0.96091,0.9571791,0.88467354,0.9468442,0.9549654,0.9660603,0.95456797,0.94944733,0.95684785,0.9559852,0.9393909,0.94111735,0.9321746,0.96878266,0.9532922,0.9682232,0.94988316,0.951287,0.9643064,0.9512076,0.96559495,0.9623084,0.96739185,0.9496543,0.95346254,0.9663472,0.9611944,0.95770156,0.97246975,0.94913816,0.9574983,0.94968814,0.94511783,0.9439929,0.96295226,0.95294017,0.96530503,0.9507584,0.9507964,0.9605928,0.96398824,0.9571025,0.95628226,0.96136844,0.9627459,0.9650554,0.93819827,0.9696648,0.82172287,0.95027745,0.96648115,0.9559672,0.9512364,0.9166834,0.96108663,0.9565354,0.9561815,0.9567805,0.96839553,0.9576107,0.9478724,0.9413877,0.95736843,0.9471298,0.96970403,0.95568115,0.9574869,0.9557019,0.9696648,0.96200234,0.9585188,0.96122,0.9478931,0.9644614,0.96351564,0.9649079,0.9434261,0.9614395,0.96370184,0.9506656,0.97013295,0.9588586,0.9568703,0.96401876,0.9718004,0.94949603,0.95754504,0.9611081,0.9106919,0.96214306,0.9343628,0.9589339,0.9574685,0.9618371,0.95180625,0.96275544,0.96987385,0.95742196,0.95750594,0.97156173,0.95257753,0.9541538,0.9667965,0.95927376,0.95581615,0.9598125,0.9519515,0.96116096,0.9575195,0.9573148,0.9546732,0.94607157,0.95605236,0.96102446,0.96888644,0.96422684,0.96634346,0.9779437,0.95085937,0.96303445,0.96183145,0.97590977,0.9628026,0.9614389,0.9516501,0.96824074,0.96018195,0.9632008,0.96853197,0.95620245,0.9324556,0.96269816,0.96738106,0.955067,0.9629473,0.9539184,0.9533155,0.9779437,0.9395908,0.96612924,0.96546084,0.9539492
arcticmovie,0.97083664,0.96374303,0.9689618,0.9614875,0.9629643,0.96761316,0.97513765,0.96210206,0.98165804,0.96396524,0.9607259,0.9592419,0.96278316,0.97111094,0.968235,0.967079,0.9999997,0.9741586,0.95930964,0.9662507,0.9628882,0.958669,0.9634155,0.9596252,0.95377314,0.9039653,0.964853,0.9785462,0.9650414,0.9635155,0.95522696,0.9604896,0.9609371,0.9491136,0.95224977,0.9387774,0.9711045,0.96632755,0.96938115,0.95857257,0.9684473,0.9681798,0.9505338,0.96655136,0.96532977,0.9730002,0.9675896,0.9584892,0.94994336,0.96273607,0.9615623,0.965124,0.96051884,0.9586697,0.96322566,0.9660379,0.9600979,0.97330105,0.9699018,0.9681847,0.9488887,0.95769405,0.96540534,0.96024793,0.9673329,0.9663432,0.96733266,0.95203793,0.96557695,0.9469468,0.9697616,0.83422095,0.9603207,0.9685782,0.9557257,0.95069027,0.9307776,0.96572953,0.9724716,0.9648056,0.95570254,0.9675961,0.9654276,0.94757646,0.9521839,0.9579493,0.95847625,0.96914494,0.9642835,0.9757048,0.96544945,0.9697616,0.9605965,0.959598,0.95769095,0.9544411,0.9641921,0.9680392,0.97171843,0.9580757,0.9689263,0.96519613,0.95904434,0.96454304,0.9658174,0.9602201,0.97555906,0.96700484,0.95643747,0.9613732,0.96713233,0.90668887,0.9739868,0.94449455,0.97636956,0.96321076,0.9680814,0.95451117,0.9664762,0.97453046,0.9612256,0.9648838,0.96931404,0.96262306,0.9612439,0.96626693,0.97159314,0.95787907,0.96218485,0.9560912,0.9624325,0.97235763,0.98278135,0.97111785,0.9687786,0.96176565,0.96440184,0.96364695,0.9710578,0.97448134,0.98165804,0.9539408,0.96205217,0.9666871,0.97368324,0.9560385,0.9717583,0.9598387,0.968888,0.96159613,0.967607,0.96715325,0.9662741,0.9468961,0.9604466,0.97324306,0.9674894,0.96676034,0.96957517,0.9690886,0.98165804,0.9620141,0.9684368,0.9679027,0.9559931
artofracingmovie,0.96726465,0.9602224,0.96774685,0.9523175,0.9760147,0.9684503,0.9763185,0.9646171,0.9789473,0.96964455,0.9636349,0.9516441,0.9658018,0.96874243,0.9735029,0.9550698,0.9741586,1.0000002,0.9611291,0.9638175,0.96691775,0.96081275,0.9661152,0.9677219,0.9528286,0.8753407,0.9733001,0.9686652,0.9640454,0.96521014,0.95761126,0.9562964,0.9655016,0.94836545,0.9568681,0.94093746,0.968445,0.9574572,0.9597896,0.9516426,0.96292835,0.9631596,0.9463685,0.966116,0.9516811,0.96700037,0.968769,0.9615471,0.9420562,0.9622193,0.9635617,0.9561439,0.95760053,0.9546855,0.9525679,0.9748474,0.96702486,0.97040844,0.9726766,0.95834255,0.95310503,0.95164686,0.9640819,0.9593037,0.9527498,0.96291864,0.96833265,0.9494207,0.9719713,0.95477813,0.95606303,0.83337176,0.96079725,0.9676316,0.95636857,0.9507222,0.9329943,0.96722895,0.9699776,0.9671535,0.9565156,0.96722215,0.966246,0.9545328,0.9533747,0.9585322,0.9606267,0.9652557,0.9529304,0.97558624,0.965842,0.95606303,0.96756107,0.9659894,0.95959836,0.95696884,0.9583853,0.9666151,0.9683557,0.95945024,0.967642,0.95259994,0.9530014,0.956373,0.96248305,0.9611427,0.9604972,0.9644411,0.9500545,0.9563771,0.9703569,0.9086328,0.9644938,0.9460229,0.974711,0.96252596,0.9656935,0.95671046,0.9625479,0.96979284,0.9528889,0.9597842,0.96581435,0.95658916,0.96457756,0.9598071,0.96979934,0.95626193,0.9742357,0.94781697,0.9595658,0.97254276,0.96975726,0.95807517,0.9670266,0.962692,0.9621309,0.95657897,0.9601408,0.9734529,0.9789473,0.95564216,0.96152866,0.9673017,0.96342444,0.95429456,0.9711786,0.96253663,0.9682501,0.9564859,0.96467507,0.96287465,0.9658083,0.94835436,0.95260984,0.96246034,0.9588961,0.96089095,0.97191346,0.96366644,0.9789473,0.973007,0.9559473,0.96496004,0.95943993
avengers,0.9776598,0.95343626,0.96101564,0.95750433,0.95862424,0.952476,0.95715094,0.95232856,0.975193,0.9533973,0.95696366,0.961843,0.9660611,0.9452778,0.95247304,0.9469764,0.95930964,0.9611291,1.0000001,0.95235497,0.9511104,0.9624859,0.95543694,0.96154064,0.9530784,0.8947288,0.95704377,0.9506813,0.96532863,0.96159685,0.9707885,0.96425885,0.9622677,0.9402974,0.94497776,0.9404586,0.96405023,0.96076864,0.95843494,0.96178603,0.96208483,0.9558668,0.9531624,0.9631422,0.95227796,0.9654862,0.96074206,0.95700806,0.94026196,0.96003634,0.9673634,0.96219695,0.9594772,0.9677592,0.9405549,0.95803547,0.95584154,0.96089435,0.96956336,0.95793235,0.9471979,0.956918,0.95574754,0.94958454,0.95409113,0.95452875,0.95970315,0.95942825,0.9538544,0.93776935,0.9534465,0.82500136,0.9566284,0.9632784,0.94674444,0.94922113,0.93219054,0.95085925,0.96434695,0.9530232,0.95929694,0.9566163,0.9602913,0.9497988,0.9560321,0.94248706,0.95689845,0.96704495,0.9512643,0.96451914,0.9645955,0.9534465,0.95514935,0.95982325,0.9665651,0.9409711,0.95433766,0.95597845,0.9562929,0.9436752,0.9618554,0.9647537,0.9421493,0.9579658,0.9441018,0.9664586,0.96452636,0.9556425,0.94794345,0.96490914,0.9594186,0.92802674,0.9684197,0.9428621,0.9554773,0.9440373,0.96449697,0.9522765,0.9628279,0.9578276,0.96203977,0.9618726,0.9582046,0.94756466,0.96889687,0.9522385,0.9506578,0.97217065,0.9604598,0.96169823,0.9640613,0.9509676,0.95925957,0.94834936,0.9588846,0.9585736,0.96072656,0.9642637,0.9557989,0.9540708,0.975193,0.9634742,0.9591726,0.95469904,0.9548596,0.9602332,0.9686693,0.9532333,0.9613597,0.9576101,0.95260847,0.9573447,0.96752447,0.9553649,0.9504753,0.9618207,0.95464724,0.959871,0.9632271,0.9572911,0.975193,0.95018154,0.9634126,0.95755607,0.960089
beachbummovie,0.9646765,0.9589261,0.96909946,0.9483163,0.96320176,0.9605171,0.9735404,0.96925414,0.9797443,0.95293266,0.9650177,0.9577704,0.95819366,0.9649379,0.9803706,0.9653726,0.9662507,0.9638175,0.95235497,1.0,0.95326555,0.96642387,0.955815,0.9561416,0.9545074,0.8839914,0.956887,0.96444076,0.9712515,0.95932114,0.9556661,0.96547854,0.9611984,0.9464077,0.9431952,0.93262845,0.96949,0.95307064,0.973837,0.95597106,0.9530942,0.95730674,0.9507868,0.9600921,0.96535015,0.97138506,0.95920384,0.9586933,0.9568004,0.9604331,0.96271116,0.96609014,0.9611282,0.95946884,0.9446824,0.95883626,0.95896006,0.9675342,0.959893,0.9672246,0.9527987,0.96399415,0.9603964,0.96160156,0.95782745,0.95156914,0.958512,0.9681359,0.9635896,0.9531056,0.96876234,0.8071268,0.95564234,0.9682926,0.95465106,0.95284134,0.9261932,0.9578096,0.9594598,0.96159256,0.96892744,0.9637125,0.9641477,0.94591534,0.94452393,0.96392715,0.9510248,0.9747937,0.9580852,0.9622847,0.96576136,0.96876234,0.94841486,0.96831214,0.9629932,0.9576889,0.96378225,0.9687142,0.97443247,0.95320654,0.9694848,0.9669883,0.95969605,0.97131926,0.96186763,0.96199936,0.9653037,0.9645678,0.94962144,0.9649572,0.9640427,0.8989589,0.9688245,0.9411368,0.96575135,0.9612034,0.96886766,0.94745535,0.9751212,0.97307086,0.9574103,0.96172214,0.957268,0.9474981,0.9657367,0.9666663,0.96679986,0.9578398,0.9586771,0.93974304,0.96621484,0.96349925,0.9654919,0.9556478,0.96155083,0.95938414,0.97252667,0.9584896,0.96694416,0.9712205,0.9797443,0.9609883,0.9664582,0.9559628,0.966143,0.95778525,0.9671549,0.94742733,0.9633496,0.96971893,0.9708609,0.96245015,0.9693078,0.9346034,0.9596371,0.97240305,0.9655996,0.9633245,0.974572,0.96351707,0.9797443,0.95330554,0.96627796,0.9654238,0.9547445
bernadettefilm,0.9535397,0.949466,0.95578384,0.94703406,0.9597703,0.95802784,0.9661955,0.962906,0.97307914,0.95230246,0.95407563,0.95546013,0.9618496,0.96634895,0.9585313,0.9500226,0.9628882,0.96691775,0.9511104,0.95326555,0.99999994,0.951235,0.95587325,0.96425956,0.9454754,0.8856216,0.95782745,0.94613945,0.96060026,0.95418537,0.9484163,0.95739955,0.959942,0.9352497,0.9427829,0.94725114,0.964812,0.94837034,0.9597677,0.9503549,0.9592236,0.964604,0.95381075,0.9690401,0.95382893,0.9612663,0.9569896,0.9562351,0.94988495,0.96718645,0.95956105,0.954656,0.94578165,0.9483952,0.9552016,0.9562041,0.9600602,0.9710371,0.9579412,0.95972526,0.9467481,0.9469167,0.9614428,0.9561459,0.946809,0.9632562,0.9552743,0.9445452,0.9566202,0.9378063,0.9571378,0.83014315,0.96566695,0.9612429,0.9492162,0.9577699,0.9105691,0.96145606,0.95961285,0.9518158,0.95580363,0.9680559,0.9572207,0.9467364,0.95351416,0.9566273,0.9423193,0.9616773,0.9586541,0.9686048,0.96165204,0.9571378,0.9610134,0.9524398,0.9596484,0.94251615,0.94290113,0.9549683,0.95369554,0.9544295,0.961108,0.95056385,0.9406206,0.9501501,0.9646551,0.9548609,0.9630912,0.9633319,0.95548654,0.9476633,0.9642361,0.90897673,0.96195495,0.94362354,0.97508764,0.9464751,0.95195585,0.9438889,0.9628086,0.9602829,0.9519764,0.9603945,0.9607833,0.9480536,0.958884,0.9496668,0.96219283,0.9462439,0.96033394,0.9496952,0.97991604,0.9630836,0.9514346,0.9410321,0.96361685,0.94954944,0.9490059,0.9566976,0.95365673,0.9601291,0.97307914,0.95052016,0.96317977,0.96360964,0.9560291,0.9540411,0.9695248,0.9509148,0.9619425,0.9489277,0.9622638,0.9583784,0.95889586,0.94392174,0.9469945,0.956113,0.9456974,0.9629381,0.96575737,0.9572199,0.97307914,0.9521491,0.9578648,0.95960647,0.9532423
