movie,21bridgesmovie,47metersdown,abeautifuldaymovie,abominablemovie,adastramovie,adogsjourneymovie,aftermathmovie,aftermovie,ahiddenlifefilm,alitamovie,angelhasfallen,angrybirdsmovie,annabellemovie,annamovie,apollo11movie,arcticdogsmovie,arcticmovie,artofracingmovie,avengers,beachbummovie,bernadettefilm,blackandbluemovie,blackchristmas,blindedbythelightmovie,bombshellmovie,booksmart,breakthroughmovie,brianbanksmovie,brightburnmovie,brittanyrunsmov,captainmarvelofficial,captivestatemovie,catsmovie,charliesangels,childsplaymovie,clarathefilm,coldpursuitmovie,countdown,currentwarmovie,darkwatersmovie,detectivepikachumovie,disneyaladdin,disneyfrozen,disneymaleficent,doctorsleepmovie,dolemiteismyname,dontletgomovie,doramovie,downtonabbey_official,dumbo,escaperoom,everybodyknowsmovie,fastandfuriousmovie,fightingwmyfam,fivefeetapartfilm,fordvferrari,freaksthefilm,geminimanmovie,glassmovie,gloriabellmovie,godzillamovie,goldfinchmovie,goodboysmovie,goodliarmovie,gretafilm,halathemovie,happydeathdaymovie,harrietfilm,hellboymovie,hersmellmovie,highlifemovie,highstrungmovie,honeyboymovie,hotelmumbaifilm,httydragon,hustlemovie,hustlersmovie,isntitromantic,itmovieofficial,jayandsilentbob,johnwickmovie,jojorabbitmovie,jokermovie,judythefilm,jumanjimovie,justmercyfilm,knivesout,lalloronamovie,lastblackmansf,lastchristmasthemovie,latenightmovie,lighthousemovie,lionking,littlethemovie,littlewomenmovie,littlewoodsfilm,longshotmovie,lordsofchaosmovie,lucyintheskyfilm,mamovie2019,marriagestory,meettheaddams,meninblack,midsommarmovie,midwaymovie,missbalamovie,missinglinkfilm,motherlessbklyn,onceinhollywood,onthebasisofsex,overcomermovie,peanutbutterfalcon,petsematarymovie,piercingmovie,playingwithfire,playmobilthemovie,pomsmovie,queenandslim,rambomovie,readyornotfilm,richardjewellfilm,rocketmanmovie,scarystoriesmovie,secretlifeofpets,serenityfilm,shaftmovie,shazammovie,spidermanmovie,spiesindisguise,starwars,stormboymovie,stubermovie,taosdfilm,teenspiritmov,terminator,theaeronautsmov,thebestofenemies,thedeaddontdie,thefarewell,thehighwaymen,thehummingbirdprojectfilm,theintrudermovie,theirishmanfilm,thekitchenmovie,thelegomovie,themustangfilm,thenightingalefilm,theprodigymovie,thesunisalsoastar,theupsidefilm,tolkienmovie,toystory,triplefrontier,uglydolls,uncutgems,underthesilverlake,usmovie,wavesmovie,whatmenwant,wonderparkmovie,wrinklestheclown,xmenmovies,yardiefilm,yesterdaymovie,zombieland
21bridgesmovie,1.0000001,0.95485836,0.9716778,0.96079654,0.9707285,0.9628136,0.9750368,0.96458703,0.98505133,0.960414,0.9715876,0.96830004,0.96983624,0.9663073,0.9627807,0.9690253,0.9644835,0.949968,0.97084737,0.95370454,0.9624654,0.9657674,0.9709175,0.97209007,0.96443754,0.8573265,0.9616063,0.9683695,0.9763959,0.9690789,0.95712477,0.9726886,0.9706799,0.96561724,0.95615274,0.9454053,0.96629757,0.97830975,0.95787793,0.9696526,0.9668319,0.9724948,0.95878315,0.9739237,0.9686629,0.95652926,0.9706547,0.966418,0.9668089,0.97352684,0.974334,0.97195965,0.95817095,0.9684427,0.9404802,0.9701489,0.9702808,0.9708349,0.9662726,0.9701878,0.96282893,0.95524347,0.95694923,0.97378516,0.96108013,0.96445894,0.9586693,0.958614,0.95128417,0.94996214,0.97396487,0.7998012,0.95866233,0.9691612,0.95324486,0.9556294,0.9457063,0.95934165,0.9599782,0.96142995,0.9663078,0.9588593,0.9697715,0.96010506,0.9661173,0.96033114,0.96749675,0.9671261,0.9696886,0.9710014,0.9570724,0.97396487,0.96213686,0.9655183,0.9598539,0.96366423,0.97145826,0.9678268,0.97139966,0.9607777,0.9566002,0.96349704,0.9627731,0.9714693,0.9745449,0.9740829,0.9682518,0.9680288,0.9558556,0.9670371,0.9674034,0.9060436,0.9663617,0.9457131,0.9583614,0.97650695,0.99208385,0.9665352,0.9687524,0.97101814,0.9644952,0.9628194,0.9650954,0.95600235,0.9695482,0.95641667,0.96729064,0.9652346,0.9566193,0.9517988,0.966708,0.96806353,0.96707857,0.9524586,0.96831536,0.9625217,0.971047,0.96459955,0.9700521,0.95217025,0.98505133,0.9726608,0.9562806,0.96334326,0.9648897,0.96352434,0.9603149,0.96396405,0.96711904,0.97425497,0.97287434,0.9698551,0.95602393,0.97149473,0.9580659,0.9697122,0.96846926,0.9709089,0.96142364,0.9587895,0.98505133,0.96463484,0.97373056,0.96911633,0.9677928
47metersdown,0.95485836,1.0000001,0.9533085,0.9605026,0.9467283,0.945766,0.9561544,0.9561627,0.97228914,0.9483353,0.9491526,0.9510651,0.9606062,0.9499313,0.9636544,0.96651435,0.94233054,0.9454492,0.95833004,0.95593065,0.9608591,0.95182776,0.95571315,0.9589779,0.9447465,0.85314,0.9437101,0.9506025,0.95020556,0.9585693,0.950151,0.9560446,0.9442375,0.9584152,0.9531729,0.94520146,0.9564649,0.95806664,0.9566536,0.95531493,0.9578648,0.9636798,0.93983895,0.9652728,0.96367764,0.95527184,0.948392,0.9462066,0.96622,0.959681,0.95778096,0.9642171,0.9592199,0.95013314,0.94695693,0.9532425,0.9566135,0.95489466,0.95225793,0.95328563,0.9616733,0.9369014,0.94868153,0.9596417,0.96415704,0.9400943,0.95237035,0.949679,0.93172747,0.9233754,0.9542587,0.7844983,0.9483573,0.9547689,0.95699257,0.9345597,0.9179288,0.9428499,0.94177216,0.95196533,0.94485885,0.9473747,0.95715576,0.9478502,0.9430292,0.9469735,0.95855314,0.9547326,0.95973825,0.9548022,0.9446629,0.9542587,0.9487093,0.95975316,0.95345604,0.96385396,0.9508266,0.95596856,0.95617884,0.952031,0.95003146,0.94607985,0.9439619,0.95191914,0.9475117,0.9612563,0.9663645,0.9616655,0.94127643,0.96062654,0.9615809,0.8795327,0.956645,0.9297047,0.9602744,0.9539279,0.95730567,0.9499307,0.95831394,0.95472264,0.9631286,0.94498736,0.95331466,0.9513711,0.95143014,0.94387513,0.9532071,0.9511753,0.9435092,0.93282884,0.95710605,0.9464634,0.9465992,0.9475733,0.95453125,0.95661896,0.9494171,0.94379675,0.9485026,0.9391213,0.97228914,0.94879836,0.956181,0.957686,0.9557973,0.9593687,0.95271796,0.9512022,0.95928,0.95213795,0.9592816,0.9570896,0.94724834,0.9376697,0.94863737,0.94630545,0.9569885,0.9580679,0.94825524,0.94827646,0.97228914,0.9504659,0.9596033,0.95021975,0.95524216
abeautifuldaymovie,0.9716778,0.9533085,0.9999997,0.9566902,0.9593135,0.963703,0.9656743,0.97248507,0.9823023,0.958029,0.9726976,0.963007,0.9720237,0.961615,0.96623254,0.9732919,0.96303326,0.9480833,0.96181417,0.9637951,0.9573145,0.97719175,0.966229,0.96909314,0.95888674,0.83902085,0.9581326,0.9678772,0.9748672,0.96473646,0.96362174,0.96850216,0.95647603,0.9682256,0.95844716,0.96488357,0.97227347,0.9703961,0.9568638,0.9699536,0.96757466,0.963159,0.9493826,0.969295,0.97111636,0.9770688,0.9588886,0.96019423,0.97853696,0.96605223,0.9746748,0.9756489,0.9514035,0.96757144,0.94447786,0.96222687,0.97040874,0.9657383,0.9669048,0.9653677,0.9649299,0.964596,0.960349,0.9660577,0.9639435,0.9612051,0.9573956,0.9654044,0.9530658,0.95776045,0.97166353,0.80280995,0.95691735,0.9577696,0.9574059,0.95729184,0.93736434,0.9672159,0.96027845,0.9528736,0.9674332,0.9592937,0.9699275,0.95595,0.96776175,0.95901746,0.9680831,0.9714892,0.9701986,0.9683207,0.95784616,0.97166353,0.97442657,0.97389174,0.9721408,0.96271,0.9718378,0.96993524,0.97269505,0.96157676,0.97565246,0.9591297,0.9602616,0.9731506,0.96364456,0.97734517,0.9620525,0.97207355,0.96545976,0.9692334,0.9668477,0.9044473,0.9675835,0.9509396,0.9603731,0.96787965,0.9683948,0.9681165,0.9639869,0.9633296,0.9599647,0.96152604,0.9591706,0.9683944,0.9606445,0.97147566,0.97375655,0.96923155,0.9586047,0.94862324,0.95519054,0.9619475,0.96967053,0.9506778,0.9711807,0.9612746,0.9662866,0.96146774,0.9676805,0.96284324,0.9823023,0.97928166,0.9730829,0.963228,0.95936567,0.97084916,0.9616697,0.9668134,0.9638131,0.9604443,0.9600606,0.975938,0.9625599,0.945137,0.9566337,0.9638442,0.9649517,0.9629067,0.9639607,0.9568752,0.9823023,0.9572225,0.9637419,0.9666146,0.97243387
abominablemovie,0.96079654,0.9605026,0.9566902,0.99999994,0.95638025,0.96105677,0.9683145,0.9547065,0.97784734,0.9541267,0.95738757,0.9524383,0.9639361,0.9554201,0.9664806,0.9679303,0.95213825,0.9458348,0.95369285,0.9530612,0.9575821,0.9518035,0.96527725,0.96169484,0.9467794,0.87420374,0.94671947,0.9595813,0.96200806,0.9663956,0.9465816,0.95931035,0.9499485,0.95534915,0.9597308,0.9494934,0.95968145,0.9724036,0.952918,0.96159434,0.9578834,0.9693796,0.94992644,0.9691002,0.9676152,0.94909376,0.9622607,0.95360553,0.96089315,0.969145,0.96213514,0.96669495,0.95451957,0.9656815,0.95905167,0.954074,0.9576636,0.95311385,0.9653166,0.9691267,0.9558135,0.95885026,0.95181084,0.9602855,0.9673954,0.94649786,0.9545376,0.95359755,0.934467,0.9374976,0.96463734,0.8134879,0.95203507,0.96518993,0.95703137,0.9272417,0.9168899,0.9439373,0.9388832,0.9525728,0.9604373,0.95827764,0.95618457,0.9525611,0.95230436,0.953948,0.961341,0.9516572,0.96065706,0.9653232,0.94715655,0.96463734,0.9512757,0.9579915,0.9555005,0.97468895,0.96328175,0.95134926,0.965041,0.95899963,0.9525884,0.9567198,0.9479029,0.9648312,0.947168,0.96375215,0.9637805,0.9616032,0.9587394,0.95765233,0.964172,0.9039844,0.9629761,0.9294609,0.943336,0.95615894,0.96280164,0.9613744,0.9615592,0.9663227,0.95541304,0.94962865,0.9611382,0.96279943,0.9545201,0.95473754,0.9594615,0.9523768,0.9474887,0.9258281,0.95761424,0.9587212,0.9533748,0.95241207,0.95685005,0.9599597,0.9628941,0.9607424,0.9587624,0.947875,0.97784734,0.9585292,0.9592889,0.95917475,0.96021533,0.9598029,0.95184046,0.9656939,0.9572416,0.9552828,0.96343154,0.9613308,0.9566533,0.9428054,0.94974995,0.9627551,0.9638037,0.96116275,0.95373225,0.95053095,0.97784734,0.9473997,0.96717817,0.9559526,0.9568101
adastramovie,0.9707285,0.9467283,0.9593135,0.95638025,1.0000002,0.9582459,0.9659708,0.95652336,0.9763604,0.9623929,0.96495205,0.94871753,0.96922994,0.9456417,0.9566748,0.96443075,0.9498134,0.96934247,0.95116127,0.95123047,0.9539905,0.95171934,0.96032417,0.96885735,0.96021724,0.84365225,0.96064854,0.9593872,0.95569515,0.95887667,0.9504206,0.9650646,0.9406717,0.9461708,0.9472965,0.9390633,0.9563023,0.9657996,0.94634277,0.958653,0.96114045,0.96535254,0.9508841,0.96711075,0.95584464,0.9457853,0.95840454,0.95223504,0.95972586,0.9696523,0.95576745,0.9637712,0.9508624,0.96275467,0.93627816,0.971899,0.9622576,0.96064,0.96177953,0.9644187,0.9578287,0.950057,0.94765186,0.9642886,0.9682306,0.95574933,0.96369714,0.9600385,0.9519194,0.94784135,0.9714897,0.82107204,0.94125235,0.9641307,0.9412451,0.941295,0.92436796,0.9500316,0.9539616,0.9546145,0.9591562,0.95697623,0.96519095,0.9505581,0.95315105,0.9453999,0.960106,0.9636054,0.9564371,0.96375316,0.9451707,0.9714897,0.95878935,0.95772576,0.9455106,0.95320964,0.96835256,0.95535773,0.9662512,0.946204,0.94922614,0.96607566,0.93841875,0.9599437,0.95554173,0.95909,0.9569799,0.9610402,0.95866454,0.9558799,0.9594327,0.9065565,0.96388483,0.93210644,0.9545579,0.9634026,0.96727,0.94825673,0.967968,0.96721673,0.9626324,0.95668375,0.9529128,0.95367306,0.96889675,0.94885564,0.9597233,0.9555514,0.9614332,0.9326288,0.9623524,0.9646298,0.94931144,0.94676024,0.96686316,0.9522929,0.9624224,0.9484982,0.96963674,0.9544539,0.9763604,0.9568991,0.9496015,0.9547363,0.9540419,0.96109813,0.9511259,0.960066,0.9583799,0.9531997,0.9627838,0.9635566,0.95663154,0.9551893,0.9588595,0.96874654,0.9572673,0.966205,0.96123075,0.95610577,0.9763604,0.9575694,0.96189576,0.9614164,0.955297
adogsjourneymovie,0.9628136,0.945766,0.963703,0.96105677,0.9582459,0.99999976,0.96616364,0.96762687,0.9812062,0.9520885,0.9598635,0.9590026,0.96761507,0.9596664,0.9601624,0.9543439,0.9510018,0.95685625,0.95751476,0.9551454,0.94746864,0.960072,0.96876925,0.9618862,0.9570512,0.8697834,0.96248573,0.9678898,0.9656162,0.95812726,0.96552896,0.96685696,0.9501119,0.94719267,0.9597048,0.95735353,0.95833874,0.9652429,0.9572385,0.9663914,0.9621184,0.9674443,0.96054107,0.970186,0.96455044,0.96251,0.96383834,0.9568948,0.96459407,0.96882784,0.9719234,0.96758354,0.95816565,0.961826,0.9483276,0.9541115,0.9585844,0.9601444,0.9690257,0.9572131,0.96273875,0.94655675,0.9450898,0.9558788,0.9600929,0.9497031,0.94007885,0.95489883,0.93887424,0.94597065,0.9672306,0.8006976,0.9549814,0.9613445,0.9554559,0.9389895,0.93412274,0.95645237,0.9509499,0.9696804,0.96645045,0.95647836,0.95999646,0.9613575,0.9621471,0.9546758,0.9623205,0.96460986,0.9609299,0.9727845,0.9499391,0.9672306,0.96893555,0.95653445,0.95475274,0.960374,0.97214544,0.9553195,0.9627561,0.9616433,0.96136045,0.95688593,0.956879,0.96562725,0.9549826,0.96996576,0.9605372,0.96295255,0.9603159,0.9597427,0.955391,0.9135598,0.96700716,0.9314317,0.953395,0.95542973,0.96009845,0.96033025,0.9579397,0.96305835,0.9594808,0.96349144,0.95184904,0.97714496,0.9621271,0.9686383,0.96805316,0.97143185,0.95167035,0.942985,0.96408606,0.954825,0.9527756,0.9421636,0.96263397,0.9548202,0.96896225,0.9592125,0.966801,0.964919,0.9812062,0.9695579,0.9630318,0.95834816,0.960922,0.9584092,0.95780635,0.9691245,0.95712143,0.954394,0.9618452,0.96474916,0.96739346,0.94782585,0.9593093,0.96919286,0.96983516,0.9614534,0.9626141,0.94855344,0.9812062,0.9623532,0.954609,0.9668778,0.9667259
aftermathmovie,0.9750368,0.9561544,0.9656743,0.9683145,0.9659708,0.96616364,0.9999996,0.9611615,0.9844559,0.96142364,0.970236,0.9644208,0.9765793,0.96615505,0.9663451,0.9645448,0.9607661,0.9549112,0.96100426,0.9596337,0.96750236,0.9595377,0.9717709,0.9724309,0.9556798,0.883643,0.96325916,0.9733264,0.9655538,0.9733629,0.9635263,0.96183616,0.95750314,0.9592914,0.9608344,0.9513758,0.96527386,0.97483045,0.9704151,0.96616787,0.9664134,0.97713286,0.95139474,0.9767685,0.97133476,0.9541962,0.9706102,0.9612135,0.96659297,0.9757037,0.96449435,0.97508466,0.9575427,0.9704711,0.95004064,0.96807027,0.9698661,0.96907985,0.9735441,0.9705764,0.96011615,0.95798385,0.95840913,0.9651996,0.9693534,0.9587999,0.9606777,0.96718067,0.9428886,0.943628,0.9751385,0.79588,0.9603514,0.9742156,0.9623106,0.94383913,0.9314289,0.96605104,0.95844674,0.9586634,0.9642829,0.9744412,0.9654105,0.97018456,0.969589,0.9690994,0.96988827,0.96699667,0.9705774,0.9671924,0.9600148,0.9751385,0.96011084,0.965027,0.95907944,0.96978724,0.96715295,0.96697843,0.98258984,0.9664182,0.955365,0.96030927,0.95317405,0.9676592,0.9607541,0.9663935,0.96284926,0.9650135,0.9539302,0.9714053,0.97270334,0.91419595,0.97063076,0.94433063,0.96145535,0.9692764,0.97337466,0.973375,0.9620251,0.9861761,0.96489537,0.96187013,0.9635891,0.9649593,0.96508896,0.96199363,0.9718356,0.9641592,0.96453,0.9395485,0.9732642,0.96835,0.9684794,0.95530903,0.9656732,0.96564054,0.9698758,0.9643151,0.972065,0.95237225,0.9844559,0.9596394,0.95590574,0.96283066,0.96455854,0.96767575,0.96035665,0.9643785,0.96680224,0.96076345,0.98799103,0.96797884,0.96020794,0.9526683,0.96393347,0.9705732,0.96255606,0.96615505,0.957473,0.95931005,0.9844559,0.9559478,0.96660054,0.96634346,0.9584577
aftermovie,0.96458703,0.9561627,0.97248507,0.9547065,0.95652336,0.96762687,0.9611615,0.9999999,0.9813196,0.9591902,0.9620781,0.9502415,0.9677091,0.9570235,0.9688358,0.96837085,0.9576586,0.9529196,0.95763856,0.95411325,0.9695824,0.9637302,0.96509266,0.97136074,0.9570927,0.8454186,0.9594156,0.96937126,0.96354747,0.96305025,0.9591946,0.9600947,0.94818616,0.9571802,0.95283407,0.9535985,0.96255904,0.96021426,0.9595684,0.96214455,0.96796465,0.9648373,0.9484166,0.96949446,0.96683365,0.9656944,0.96118754,0.9603374,0.97601765,0.9669295,0.96792287,0.96734315,0.9527572,0.9615057,0.96636987,0.9536571,0.9704627,0.96357703,0.9644196,0.9612208,0.96630687,0.96281826,0.9464616,0.9642243,0.96638805,0.9552679,0.9474041,0.9613274,0.9497474,0.95647866,0.9642443,0.79222524,0.9521994,0.9618056,0.95956504,0.947576,0.9326641,0.9568438,0.95978427,0.9538338,0.9733512,0.9562611,0.9683315,0.9533176,0.96328515,0.955553,0.9630061,0.9699293,0.96538866,0.97087884,0.9605242,0.9642443,0.96540546,0.97050357,0.95678145,0.9601361,0.9706791,0.9602692,0.9634537,0.95895505,0.9649505,0.95392716,0.9482438,0.9628919,0.9648643,0.9682137,0.9588429,0.9685745,0.95781803,0.95242983,0.970758,0.88710964,0.97186834,0.9385265,0.96530193,0.9624631,0.9614397,0.96285737,0.9696784,0.9638611,0.9615816,0.95915025,0.9664433,0.965304,0.97038835,0.9635134,0.97409767,0.9652108,0.9550832,0.9423832,0.9637946,0.9553959,0.9618177,0.9517651,0.9718347,0.95976907,0.9625704,0.9542572,0.9639595,0.96453243,0.9813196,0.9628865,0.9665402,0.9645464,0.9622867,0.96467143,0.9607665,0.96682364,0.962903,0.9563946,0.9614206,0.965868,0.95900536,0.95675075,0.96075815,0.961218,0.96668583,0.96414745,0.97262144,0.96387136,0.9813196,0.95317096,0.96690696,0.9633649,0.9680566
ahiddenlifefilm,0.98505133,0.97228914,0.9823023,0.97784734,0.9763604,0.9812062,0.9844559,0.9813196,1.0,0.97333705,0.9823183,0.9757553,0.98165774,0.9789215,0.98233914,0.9800169,0.9722576,0.9699338,0.9760443,0.973184,0.97706115,0.9798157,0.9824194,0.9833094,0.9720456,0.8779561,0.9776773,0.98280936,0.9836349,0.9788324,0.9737722,0.97947586,0.9705152,0.9732272,0.97746116,0.96958625,0.97884095,0.9846832,0.9771272,0.9822408,0.97954077,0.98394746,0.96558255,0.9883506,0.9832512,0.97480017,0.97790366,0.97662634,0.9849441,0.9861631,0.98495996,0.98840094,0.969483,0.9819323,0.96452594,0.9778872,0.98114574,0.9781195,0.98142713,0.9809135,0.97889686,0.97249764,0.96941775,0.9824242,0.9827803,0.9714425,0.9727386,0.97632486,0.9625579,0.96477664,0.98482156,0.80466723,0.9754028,0.98353255,0.9715602,0.9603825,0.9443736,0.9748184,0.9697045,0.9745306,0.9847902,0.9716527,0.98163563,0.97720546,0.97764754,0.97426283,0.9813531,0.9796457,0.9830627,0.9848797,0.9739974,0.98482156,0.9780362,0.98274,0.9731644,0.9807722,0.98470896,0.9782047,0.9822935,0.97388506,0.97571164,0.9730087,0.9709817,0.98169637,0.9777633,0.9866546,0.98168975,0.9830759,0.97255594,0.9805147,0.9829747,0.9200897,0.98540306,0.95759094,0.974937,0.9809521,0.98512584,0.9815835,0.9829285,0.98288774,0.978918,0.97675323,0.9774242,0.979639,0.9785144,0.97705376,0.9814222,0.97906643,0.97236884,0.95822316,0.9792396,0.97753114,0.97807515,0.9689026,0.98082566,0.97571564,0.9830312,0.9763039,0.98181087,0.9756912,1.0,0.98080736,0.97880447,0.97899705,0.97846156,0.9820411,0.9729216,0.98267263,0.97918475,0.9777641,0.98138326,0.9822418,0.9748717,0.9684368,0.9722139,0.9817852,0.9789682,0.98352766,0.9802094,0.9752763,1.0,0.9726843,0.9842042,0.9793948,0.98091424
alitamovie,0.960414,0.9483353,0.958029,0.9541267,0.9623929,0.9520885,0.96142364,0.9591902,0.97333705,0.9999997,0.95522225,0.9612976,0.9623338,0.94672906,0.9594577,0.9626939,0.94970953,0.96768105,0.94668907,0.9495003,0.95739764,0.9497696,0.95429,0.9605396,0.9507489,0.86440533,0.956611,0.95797783,0.9530709,0.96225107,0.9562718,0.9558489,0.9408868,0.95432335,0.9497147,0.94324195,0.9611643,0.96262777,0.95836234,0.9571931,0.950333,0.9560079,0.9501907,0.9609502,0.9640738,0.95048416,0.949092,0.9595809,0.9616923,0.958408,0.9581769,0.9613891,0.9441471,0.95125943,0.9357294,0.9633728,0.96181864,0.95131594,0.96557546,0.96396506,0.9510249,0.9490389,0.9535032,0.9588105,0.9674063,0.95443606,0.9629481,0.9607422,0.9430059,0.9447203,0.96207637,0.78222,0.9444737,0.9639166,0.937644,0.95305,0.9117397,0.9604187,0.95092565,0.95101047,0.9574487,0.94252956,0.95842606,0.9480835,0.9528809,0.94739586,0.95690435,0.9602764,0.9523534,0.96286106,0.9416185,0.96207637,0.95940715,0.96222025,0.94477975,0.95751196,0.96139675,0.96322095,0.9605342,0.9450122,0.9587384,0.9656908,0.94200134,0.9577171,0.96616554,0.96243614,0.9581118,0.9631034,0.9493046,0.9572475,0.96872693,0.87781984,0.9601742,0.91290206,0.9474407,0.96797305,0.9614431,0.9523241,0.96482277,0.96415615,0.95710933,0.94179535,0.9608548,0.9503661,0.9579727,0.9564956,0.96901757,0.9574602,0.9567633,0.9297444,0.95843506,0.9654923,0.9539926,0.9482797,0.964846,0.9508193,0.946902,0.9491818,0.9605683,0.9586589,0.97333705,0.9530567,0.9569395,0.95578694,0.95363003,0.96055865,0.95070934,0.96293265,0.9562927,0.95127916,0.9660354,0.9623382,0.95257306,0.95115983,0.9667643,0.95727795,0.95644563,0.9620917,0.9545222,0.94913393,0.97333705,0.9611443,0.9545278,0.9508017,0.94573617
angelhasfallen,0.9715876,0.9491526,0.9726976,0.95738757,0.96495205,0.9598635,0.970236,0.9620781,0.9823183,0.95522225,0.99999994,0.9616437,0.96657556,0.963239,0.95913994,0.97151244,0.9630246,0.9561881,0.956851,0.9541537,0.9637931,0.9710078,0.96884274,0.96715546,0.9569712,0.86736727,0.9601516,0.9691334,0.97168446,0.960707,0.9626226,0.96810526,0.9509849,0.957146,0.96319026,0.9534054,0.96423966,0.97319245,0.9624882,0.9640521,0.9671828,0.96886957,0.9406542,0.970565,0.9649294,0.9648494,0.9634349,0.9588112,0.9687509,0.9693151,0.97058904,0.9714198,0.9440679,0.9600409,0.95062447,0.9621296,0.96540827,0.964918,0.96554965,0.9619328,0.9648487,0.9503893,0.9501918,0.97035027,0.9659789,0.9650196,0.9563767,0.95983076,0.9633204,0.958584,0.9694514,0.7692044,0.9538847,0.96690613,0.9629642,0.94270873,0.93405795,0.959083,0.95678157,0.95727473,0.97452694,0.95531595,0.9615427,0.9568962,0.9661755,0.95130736,0.97290546,0.96202385,0.96713376,0.9680144,0.95199764,0.9694514,0.96923214,0.9665769,0.96138084,0.9574425,0.9686588,0.96174043,0.96536654,0.95699143,0.96725476,0.95317256,0.9533748,0.9641423,0.9602044,0.9736424,0.95905745,0.9647516,0.9628262,0.96590984,0.9650266,0.9118711,0.9663541,0.94781244,0.957435,0.9775814,0.9685595,0.9671578,0.9683557,0.96992844,0.96296495,0.9695154,0.96505797,0.9618217,0.9624997,0.9676571,0.9708867,0.96755254,0.9624293,0.94832957,0.9533852,0.9672439,0.9693591,0.9469537,0.96902907,0.95873594,0.968914,0.95884025,0.96984905,0.9630069,0.9823183,0.9737886,0.9686558,0.96044534,0.95958585,0.96273166,0.9445144,0.97067606,0.9617348,0.96394825,0.9682951,0.9694197,0.9627722,0.9528698,0.94726473,0.9702434,0.9616927,0.9652461,0.9671246,0.9587209,0.9823183,0.9494193,0.9724126,0.96164733,0.9717965
angrybirdsmovie,0.96830004,0.9510651,0.963007,0.9524383,0.94871753,0.9590026,0.9644208,0.9502415,0.9757553,0.9612976,0.9616437,0.9999995,0.96015376,0.9688202,0.960503,0.9585026,0.94416195,0.94814503,0.95260006,0.9461088,0.9465072,0.9557111,0.96383893,0.9607058,0.95242506,0.8583831,0.95223397,0.9491764,0.9646456,0.9646771,0.94964784,0.95347464,0.96361184,0.96602,0.9516489,0.949422,0.9617935,0.9619681,0.95650786,0.95908046,0.953136,0.9657833,0.94842315,0.96044755,0.9678384,0.95130634,0.9592963,0.96510357,0.9637362,0.96029174,0.9749281,0.9605932,0.94405794,0.9583455,0.9367389,0.9554197,0.9540298,0.9579573,0.96263725,0.9587543,0.9537987,0.9431565,0.9497383,0.9631686,0.95326126,0.9604857,0.95328134,0.9583124,0.9325108,0.9423278,0.96616054,0.7788262,0.9515881,0.9527418,0.9513534,0.952848,0.9266489,0.9615598,0.9489416,0.9559059,0.95715475,0.95474505,0.95668244,0.954918,0.9704183,0.9537186,0.96081203,0.9529414,0.9579167,0.96578354,0.9511343,0.96616054,0.9563931,0.9626733,0.9672819,0.9671488,0.96169275,0.96063423,0.959925,0.95582324,0.9579214,0.95191103,0.9654712,0.96616536,0.96133316,0.9772839,0.95957696,0.963305,0.9548877,0.96189564,0.95262283,0.90057874,0.962564,0.93402606,0.9449671,0.9585984,0.9637968,0.96172535,0.9562796,0.96129674,0.9624569,0.9558888,0.9631759,0.94981503,0.9521514,0.96508604,0.96220684,0.9654277,0.9613912,0.9389009,0.9554086,0.96371084,0.95033646,0.93378836,0.96160007,0.95038897,0.95294124,0.9529849,0.96890223,0.94582576,0.9757553,0.9697211,0.9582143,0.96503544,0.96128905,0.94709206,0.95833,0.9593238,0.957605,0.94926924,0.9631391,0.94991434,0.953008,0.95043665,0.9516825,0.96516234,0.96787745,0.97279185,0.9541865,0.95295465,0.9757553,0.9536914,0.96091866,0.9593029,0.97045475
annabellemovie,0.96983624,0.9606062,0.9720237,0.9639361,0.96922994,0.96761507,0.9765793,0.9677091,0.98165774,0.9623338,0.96657556,0.96015376,0.99999994,0.954803,0.9708165,0.97010964,0.9620429,0.94999516,0.9646802,0.96373314,0.96283346,0.9591755,0.97392666,0.96895725,0.95530576,0.8534651,0.96055156,0.9634928,0.9663295,0.9691088,0.95989674,0.97001684,0.9536366,0.9606433,0.96313393,0.95628554,0.9643787,0.97770196,0.96035904,0.96330833,0.97084904,0.9746184,0.9574537,0.97293353,0.9689061,0.9532401,0.969894,0.9559773,0.96653926,0.9723445,0.96699136,0.9656112,0.9617987,0.9676096,0.9584516,0.96865237,0.97064203,0.97226435,0.966551,0.96685326,0.97203815,0.95604813,0.952604,0.9667315,0.96425813,0.9609828,0.9573878,0.9667981,0.94778854,0.9448915,0.97160804,0.7967955,0.9574269,0.960115,0.9576387,0.94924325,0.936108,0.9656227,0.9526674,0.9548533,0.96401674,0.9720412,0.9709945,0.9576381,0.97019833,0.9570149,0.9682101,0.98019636,0.97430575,0.9736992,0.955234,0.97160804,0.9637641,0.9712526,0.9586594,0.9676418,0.9668582,0.9629726,0.9730866,0.9625114,0.9585712,0.95440495,0.95024693,0.96405,0.96394396,0.96925074,0.96135575,0.9713069,0.96609163,0.9660921,0.9677082,0.9092259,0.9711494,0.9421323,0.961609,0.96574277,0.9656187,0.96680117,0.9618772,0.9695864,0.9642337,0.96023345,0.9612204,0.9650346,0.96991384,0.95937157,0.97408646,0.96533746,0.9658385,0.93419343,0.966301,0.96596897,0.9575392,0.9439507,0.9717496,0.96297604,0.9656207,0.9543928,0.9734675,0.94795966,0.98165774,0.96345425,0.9537041,0.97042173,0.96920204,0.96164817,0.96588075,0.9713207,0.9725556,0.9522098,0.97067285,0.9705307,0.9612187,0.94284004,0.9641513,0.966947,0.96700186,0.9665464,0.9587586,0.958557,0.98165774,0.9566951,0.9653192,0.9681985,0.96505517
annamovie,0.9663073,0.9499313,0.961615,0.9554201,0.9456417,0.9596664,0.96615505,0.9570235,0.9789215,0.94672906,0.963239,0.9688202,0.954803,1.0000001,0.9651694,0.9546575,0.94624674,0.94383204,0.95557755,0.9567979,0.9519816,0.9583805,0.9686885,0.96096504,0.95486367,0.8662152,0.9544451,0.95967245,0.9678088,0.96161807,0.9540144,0.95540935,0.9625138,0.9586777,0.9549331,0.94862646,0.9594075,0.9617472,0.9600607,0.96186787,0.9524404,0.9613676,0.9290009,0.9597346,0.9688914,0.95279515,0.9616285,0.96391445,0.9577249,0.95403385,0.9694324,0.96818286,0.9504452,0.96193725,0.9428011,0.9550602,0.96109754,0.9614497,0.96919155,0.95931005,0.9549954,0.95580417,0.94903255,0.9768267,0.95434487,0.95972955,0.95554554,0.9509201,0.94205093,0.94832975,0.9615758,0.78783715,0.9615645,0.96655256,0.95406616,0.9495579,0.92780364,0.95768356,0.9488947,0.9546107,0.965813,0.95040995,0.9669138,0.9672315,0.9533741,0.9626459,0.9579713,0.95383596,0.96376085,0.9670534,0.9532818,0.9615758,0.9445646,0.9692551,0.9514246,0.9674079,0.96436214,0.96067524,0.96247816,0.9669618,0.95595294,0.9517121,0.96253675,0.9646605,0.9675153,0.9710783,0.9617049,0.9633304,0.94620895,0.96093434,0.96087533,0.8916112,0.9677655,0.93634474,0.9495763,0.9596203,0.9669464,0.966406,0.957165,0.96141917,0.95861,0.9659491,0.95994717,0.95310616,0.9560559,0.96736073,0.9577901,0.95986265,0.9561384,0.93604845,0.9640493,0.95882964,0.9560227,0.945821,0.9611511,0.9555178,0.96735984,0.95795166,0.9594533,0.954772,0.9789215,0.9679377,0.95497024,0.96057606,0.96107244,0.9529025,0.95669705,0.9602648,0.9631711,0.9591516,0.9616229,0.9546162,0.95098037,0.94805616,0.9506802,0.95700276,0.9630899,0.9707278,0.96576256,0.96148026,0.9789215,0.9522199,0.96968925,0.9650345,0.96400243
apollo11movie,0.9627807,0.9636544,0.96623254,0.9664806,0.9566748,0.9601624,0.9663451,0.9688358,0.98233914,0.9594577,0.95913994,0.960503,0.9708165,0.9651694,1.0,0.9678928,0.9587777,0.95208025,0.96425843,0.9757586,0.9609444,0.95688474,0.96490794,0.96909106,0.9519995,0.8638548,0.9556376,0.9635708,0.9642555,0.96893245,0.9568915,0.9619777,0.9484607,0.9621232,0.9616943,0.953765,0.9645694,0.96768355,0.9613991,0.96263045,0.9636438,0.97477615,0.9590782,0.97506243,0.9724982,0.959946,0.9610662,0.9569475,0.9685399,0.97521067,0.96655625,0.97200316,0.9543046,0.9666077,0.9563357,0.9669537,0.96901065,0.9673056,0.96653265,0.9651577,0.96364903,0.95626974,0.9544879,0.97192156,0.9690017,0.9539717,0.9576641,0.96886164,0.9433182,0.9479455,0.9632726,0.8126489,0.97292817,0.9659636,0.9519828,0.9492503,0.9210047,0.96415687,0.9558993,0.950482,0.96734905,0.9576216,0.97103894,0.96215594,0.9584359,0.95641875,0.9655377,0.96853024,0.9627792,0.97103655,0.95653385,0.9632726,0.9601286,0.97423077,0.9533588,0.9819768,0.96576273,0.96489495,0.9654841,0.95581603,0.9584871,0.95353854,0.95052135,0.96321005,0.966115,0.97134393,0.96581703,0.96830565,0.95673317,0.96220404,0.96989787,0.87759316,0.97454107,0.9334209,0.96647286,0.96557814,0.96464044,0.96434224,0.96928686,0.9701951,0.9643581,0.96198857,0.96803725,0.9615344,0.95901585,0.96560836,0.96900475,0.95371974,0.9621689,0.9463978,0.96071726,0.96021324,0.96154636,0.9578899,0.9713768,0.96265376,0.96345407,0.9628549,0.959881,0.95524395,0.98233914,0.9526443,0.96623635,0.9715351,0.9591031,0.9680841,0.96247077,0.96800196,0.9663653,0.9526362,0.9643117,0.9711524,0.95581317,0.9490699,0.9640936,0.9570722,0.95780706,0.96924096,0.96591824,0.9610003,0.98233914,0.9544054,0.9724177,0.9576303,0.9636993
arcticdogsmovie,0.9690253,0.96651435,0.9732919,0.9679303,0.96443075,0.9543439,0.9645448,0.96837085,0.9800169,0.9626939,0.97151244,0.9585026,0.97010964,0.9546575,0.9678928,1.0000002,0.9588403,0.95874935,0.9589827,0.9621565,0.9708764,0.9683067,0.9642782,0.9673985,0.96025145,0.84454817,0.95128703,0.9660896,0.96967566,0.96748555,0.9583811,0.9665985,0.95356923,0.9646779,0.95831144,0.95208263,0.9689632,0.96982175,0.9582366,0.96450335,0.96783155,0.97094536,0.9460567,0.96904767,0.9647952,0.96708053,0.960459,0.9621012,0.97257763,0.9689796,0.9680584,0.97347707,0.95417345,0.9517758,0.9513791,0.962591,0.96744704,0.96363086,0.9692455,0.9701976,0.96705675,0.96218365,0.9553589,0.96901846,0.972579,0.9581292,0.960357,0.96033144,0.95672715,0.95169497,0.9687959,0.79878515,0.9498806,0.96248335,0.95192444,0.94512427,0.92961466,0.9537872,0.95871586,0.9530874,0.96444577,0.950184,0.9715217,0.94570595,0.9580388,0.9582285,0.96742415,0.96984136,0.9713156,0.96582204,0.9511604,0.9687959,0.9678841,0.96640265,0.9569401,0.96459234,0.96855426,0.9666951,0.9734022,0.9522376,0.9643433,0.96678656,0.9577941,0.96108466,0.96267533,0.96930707,0.96297395,0.9793128,0.96438795,0.96117634,0.97172195,0.8880294,0.96407896,0.933042,0.9588754,0.97449964,0.9694113,0.9611756,0.96824193,0.95999455,0.9652619,0.9641598,0.966397,0.9611177,0.9656209,0.96307385,0.9685706,0.9598025,0.9600463,0.9393651,0.96333337,0.9643057,0.96503603,0.95497817,0.96712184,0.95933056,0.96257484,0.9596706,0.9655898,0.95655006,0.9800169,0.96889806,0.9670445,0.96736515,0.96763813,0.96958464,0.9584935,0.9653336,0.9649496,0.9563477,0.96858543,0.96688265,0.96423435,0.95368457,0.9589414,0.9649001,0.96295613,0.9680196,0.968518,0.9564657,0.9800169,0.95261306,0.9691326,0.95718443,0.9651434
arcticmovie,0.9644835,0.94233054,0.96303326,0.95213825,0.9498134,0.9510018,0.9607661,0.9576586,0.9722576,0.94970953,0.9630246,0.94416195,0.9620429,0.94624674,0.9587777,0.9588403,0.99999946,0.9409032,0.95799875,0.94944936,0.9514333,0.9548387,0.95996934,0.9596472,0.94042736,0.8518635,0.9499988,0.97339946,0.963265,0.95552284,0.9537536,0.95465845,0.94698423,0.9476217,0.9535675,0.9435512,0.95931154,0.9723194,0.95854497,0.95793086,0.9658237,0.955785,0.94262826,0.961126,0.9608374,0.9463079,0.95508635,0.9572441,0.9581048,0.95917153,0.96175134,0.96075416,0.9353864,0.95439273,0.9478972,0.96361125,0.9588144,0.9594282,0.9540653,0.9542492,0.95856017,0.9484797,0.9401903,0.9529285,0.9565132,0.9477724,0.9500607,0.96071935,0.9568078,0.93399787,0.95756894,0.780641,0.94782686,0.95400834,0.9459263,0.94960046,0.93270695,0.9531665,0.9420778,0.9413996,0.96694523,0.9527092,0.9551755,0.9472888,0.95355624,0.9380403,0.9673041,0.95927924,0.9573889,0.9560622,0.9443214,0.95756894,0.9588674,0.9632665,0.9533189,0.9511573,0.9566087,0.95018363,0.9594039,0.9551633,0.95455617,0.9419331,0.9423263,0.95474654,0.9456123,0.9632113,0.95492625,0.9602843,0.94873625,0.96512955,0.9678411,0.89446163,0.95929116,0.9328404,0.94324285,0.9666436,0.9638143,0.9580932,0.9568943,0.95973647,0.9423845,0.9433748,0.95872676,0.95197046,0.9482098,0.9471565,0.9657971,0.95202947,0.94707406,0.94158304,0.942178,0.95323753,0.9797075,0.9586063,0.9599679,0.9539076,0.9518097,0.9599472,0.95273095,0.94424444,0.9722576,0.95510185,0.9557684,0.94657165,0.95280755,0.95831186,0.9529346,0.9565016,0.95348626,0.95900893,0.9581269,0.96380585,0.94600254,0.937774,0.9490174,0.9544491,0.9602324,0.94546187,0.94728637,0.9363871,0.9722576,0.9550818,0.9550518,0.95022726,0.9551802
artofracingmovie,0.949968,0.9454492,0.9480833,0.9458348,0.96934247,0.95685625,0.9549112,0.9529196,0.9699338,0.96768105,0.9561881,0.94814503,0.94999516,0.94383204,0.95208025,0.95874935,0.9409032,0.9999999,0.93485343,0.9500079,0.94859844,0.9533492,0.95482683,0.96313477,0.95148623,0.8522888,0.96257854,0.9572485,0.9502157,0.94506395,0.95214236,0.95416856,0.9240048,0.9362987,0.94807535,0.935151,0.9507592,0.949163,0.95781994,0.9464704,0.9496405,0.95689076,0.9431808,0.9614125,0.9514295,0.9470779,0.9487035,0.94692785,0.9566712,0.960305,0.9564038,0.95599043,0.9333564,0.94498205,0.9326768,0.9601097,0.9546556,0.94805473,0.9601332,0.9477234,0.95282745,0.9518878,0.9449807,0.9530993,0.96011907,0.9482856,0.9505626,0.94841415,0.9418208,0.9401655,0.9576626,0.7908144,0.93846446,0.95877653,0.93789107,0.9262746,0.9068449,0.9394845,0.9427608,0.9566718,0.95578134,0.93896586,0.9575048,0.9438137,0.9457547,0.9505739,0.95466536,0.9531267,0.9454458,0.9561324,0.94137585,0.9576626,0.9630818,0.9515255,0.93743956,0.93985564,0.9640585,0.9553542,0.954635,0.93539864,0.9519114,0.95764905,0.9367698,0.9479602,0.95042014,0.96001446,0.9558806,0.9588208,0.9502188,0.9463945,0.95035666,0.89786863,0.9587016,0.90821457,0.9491638,0.96019554,0.95021605,0.9385541,0.95868427,0.9622282,0.9638814,0.9511533,0.9583848,0.9546481,0.9571838,0.9551482,0.96051663,0.9626073,0.9593902,0.9258346,0.95013624,0.9589488,0.94813937,0.94114345,0.95985043,0.9336774,0.9510901,0.939008,0.95481074,0.9674424,0.9699338,0.9536827,0.95747375,0.95438534,0.9517922,0.95291257,0.9446748,0.9559687,0.95249015,0.94271487,0.95954484,0.9554235,0.95814085,0.94991165,0.9555098,0.95800257,0.9545319,0.9570153,0.9574096,0.9500406,0.9699338,0.9552031,0.951195,0.9467815,0.95075667
avengers,0.97084737,0.95833004,0.96181417,0.95369285,0.95116127,0.95751476,0.96100426,0.95763856,0.9760443,0.94668907,0.956851,0.95260006,0.9646802,0.95557755,0.96425843,0.9589827,0.95799875,0.93485343,1.0,0.9551407,0.9442532,0.9534696,0.9557105,0.9583273,0.9396773,0.8268627,0.9527162,0.9579112,0.9611849,0.96095616,0.97036815,0.9637578,0.94298285,0.95907485,0.9452241,0.9528831,0.9588765,0.96614224,0.95717984,0.9668289,0.96253234,0.9598508,0.9448652,0.96631664,0.95730376,0.95750934,0.9529319,0.95958036,0.960753,0.9628936,0.9655399,0.96820724,0.9467852,0.9606895,0.932305,0.96280676,0.9592197,0.96084654,0.95660496,0.9523501,0.9604435,0.9440179,0.9365151,0.96006364,0.958624,0.95062506,0.9410792,0.9584029,0.9436939,0.93982387,0.95954895,0.78959984,0.9552799,0.96119726,0.9402761,0.94289225,0.917351,0.94973326,0.94246066,0.9569027,0.9590055,0.94873744,0.96036613,0.95489675,0.9488648,0.94934857,0.95873463,0.9666,0.9611579,0.9602822,0.9485374,0.95954895,0.9534881,0.9703496,0.96133125,0.96282804,0.9558798,0.9615268,0.9575559,0.95257926,0.95571035,0.9456197,0.9535222,0.9574434,0.9539528,0.9638028,0.968046,0.959759,0.9461128,0.96039724,0.96620846,0.87095094,0.96131796,0.935403,0.949792,0.95317626,0.96240735,0.9571837,0.96488893,0.95459414,0.9438041,0.94425434,0.947406,0.9523588,0.9495219,0.94593394,0.9581328,0.9627029,0.9469511,0.95117795,0.9573507,0.945536,0.95102435,0.95070595,0.96359754,0.96174264,0.9586814,0.96435416,0.9532354,0.946173,0.9760443,0.95581514,0.953936,0.95238024,0.9583898,0.96170664,0.9541203,0.9545104,0.94914484,0.95495045,0.9608493,0.9612389,0.94523364,0.9463749,0.9474755,0.9575781,0.945044,0.95411164,0.95571315,0.94915223,0.9760443,0.9569712,0.9543206,0.95001316,0.96507317
beachbummovie,0.95370454,0.95593065,0.9637951,0.9530612,0.95123047,0.9551454,0.9596337,0.95411325,0.973184,0.9495003,0.9541537,0.9461088,0.96373314,0.9567979,0.9757586,0.9621565,0.94944936,0.9500079,0.9551407,1.0000002,0.9502699,0.9621408,0.9578703,0.9531657,0.94808674,0.8458249,0.9531866,0.9666383,0.95879734,0.9510907,0.95209736,0.96099627,0.93515146,0.94505095,0.96487945,0.9519903,0.959473,0.9523755,0.9505373,0.9526081,0.94972765,0.95656693,0.95081437,0.95777816,0.9612583,0.9574088,0.95176476,0.94806874,0.9644567,0.9567242,0.9595532,0.96969193,0.94662386,0.9522027,0.93796337,0.9660343,0.96753955,0.96040815,0.95796996,0.95357996,0.9551345,0.9497595,0.93500364,0.96199554,0.9569718,0.9505704,0.9518787,0.9608996,0.9383437,0.94801784,0.95367527,0.79821306,0.9681433,0.9640896,0.94562787,0.93561566,0.9169852,0.94926196,0.94210476,0.9413589,0.9569843,0.9496846,0.96382076,0.95726955,0.9417285,0.9576554,0.95697373,0.9628266,0.96218234,0.9625215,0.94435096,0.95367527,0.95220494,0.9627393,0.9435863,0.9621932,0.95466876,0.96948874,0.9596627,0.9409237,0.9526157,0.9502561,0.9485043,0.95045364,0.94940597,0.9625683,0.95617765,0.961636,0.9488535,0.9616937,0.9569575,0.89256227,0.96140516,0.9339576,0.9561654,0.95347905,0.95765495,0.958854,0.9589556,0.9627343,0.9623096,0.9599707,0.9575717,0.954508,0.94954216,0.9586632,0.961793,0.9474629,0.9492055,0.9318131,0.9495059,0.95706993,0.9584245,0.9499737,0.9618947,0.94962364,0.9579969,0.9580152,0.9472511,0.9518256,0.973184,0.9548286,0.95514435,0.96050876,0.95764184,0.9689638,0.9550482,0.96557593,0.95746726,0.9528382,0.9585229,0.9585223,0.9464576,0.94257253,0.9526726,0.94562966,0.9516788,0.95826465,0.9559493,0.9482511,0.973184,0.9422483,0.9548255,0.94827604,0.9500916
bernadettefilm,0.9624654,0.9608591,0.9573145,0.9575821,0.9539905,0.94746864,0.96750236,0.9695824,0.97706115,0.95739764,0.9637931,0.9465072,0.96283346,0.9519816,0.9609444,0.9708764,0.9514333,0.94859844,0.9442532,0.9502699,1.0000001,0.9644858,0.9636677,0.9717549,0.95315766,0.8491095,0.949502,0.9664167,0.96149355,0.96435094,0.9514356,0.95809865,0.95121664,0.95710456,0.9541256,0.94430846,0.9640926,0.9631735,0.96090406,0.9599087,0.96021336,0.9679152,0.9342783,0.96744,0.9578011,0.9537919,0.95954955,0.9601176,0.96870947,0.9669837,0.95837903,0.9742061,0.9577452,0.956546,0.9550071,0.95050734,0.9617807,0.9646477,0.9541609,0.96715784,0.96488184,0.94719845,0.9535268,0.9663675,0.97242326,0.9531496,0.9537931,0.9557984,0.95079744,0.93971235,0.9665166,0.7755148,0.950119,0.9664859,0.9635379,0.93769646,0.9256672,0.9571759,0.9523801,0.9419638,0.96436614,0.9542707,0.9626794,0.9569394,0.95763546,0.95880723,0.96671915,0.9579376,0.9670855,0.9618353,0.9591455,0.9665166,0.9539404,0.9568415,0.9532386,0.9590927,0.95962894,0.95440465,0.96602935,0.9509682,0.9522118,0.95530534,0.94524795,0.96009326,0.95629776,0.9617087,0.9585054,0.9625413,0.9468498,0.9629143,0.9682789,0.8950501,0.96270174,0.9333344,0.96669316,0.9700176,0.9618701,0.9714945,0.96141136,0.9631432,0.96215826,0.951045,0.9591181,0.95316947,0.960466,0.9532246,0.9558624,0.9497519,0.94822794,0.9259178,0.97060186,0.9603035,0.9623689,0.94625837,0.963672,0.9616228,0.95769465,0.9533659,0.9644294,0.9495873,0.97706115,0.95621854,0.9544784,0.9621351,0.95116735,0.97093856,0.9583744,0.95817596,0.9675399,0.9562653,0.96750635,0.9515397,0.95764023,0.9459782,0.9642142,0.9584803,0.95877296,0.96579623,0.9592626,0.96037567,0.97706115,0.9401318,0.9705913,0.9617859,0.95408225
