movie,21bridgesmovie,47metersdown,abeautifuldaymovie,abominablemovie,adastramovie,adogsjourneymovie,aftermathmovie,aftermovie,ahiddenlifefilm,alitamovie,angelhasfallen,angrybirdsmovie,annabellemovie,annamovie,apollo11movie,arcticdogsmovie,arcticmovie,artofracingmovie,avengers,beachbummovie,bernadettefilm,blackandbluemovie,blackchristmas,blindedbythelightmovie,bombshellmovie,booksmart,breakthroughmovie,brianbanksmovie,brightburnmovie,brittanyrunsmov,captainmarvelofficial,captivestatemovie,catsmovie,charliesangels,childsplaymovie,clarathefilm,coldpursuitmovie,countdown,currentwarmovie,darkwatersmovie,detectivepikachumovie,disneyaladdin,disneyfrozen,disneymaleficent,doctorsleepmovie,dolemiteismyname,dontletgomovie,doramovie,downtonabbey_official,dumbo,escaperoom,everybodyknowsmovie,fastandfuriousmovie,fightingwmyfam,fivefeetapartfilm,fordvferrari,freaksthefilm,geminimanmovie,glassmovie,gloriabellmovie,godzillamovie,goldfinchmovie,goodboysmovie,goodliarmovie,gretafilm,halathemovie,happydeathdaymovie,harrietfilm,hellboymovie,hersmellmovie,highlifemovie,highstrungmovie,honeyboymovie,hotelmumbaifilm,httydragon,hustlemovie,hustlersmovie,isntitromantic,itmovieofficial,jayandsilentbob,johnwickmovie,jojorabbitmovie,jokermovie,judythefilm,jumanjimovie,justmercyfilm,knivesout,lalloronamovie,lastblackmansf,lastchristmasthemovie,latenightmovie,lighthousemovie,lionking,littlethemovie,littlewomenmovie,littlewoodsfilm,longshotmovie,lordsofchaosmovie,lucyintheskyfilm,mamovie2019,marriagestory,meettheaddams,meninblack,midsommarmovie,midwaymovie,missbalamovie,missinglinkfilm,motherlessbklyn,onceinhollywood,onthebasisofsex,overcomermovie,peanutbutterfalcon,petsematarymovie,piercingmovie,playingwithfire,playmobilthemovie,pomsmovie,queenandslim,rambomovie,readyornotfilm,richardjewellfilm,rocketmanmovie,scarystoriesmovie,secretlifeofpets,serenityfilm,shaftmovie,shazammovie,spidermanmovie,spiesindisguise,starwars,stormboymovie,stubermovie,taosdfilm,teenspiritmov,terminator,theaeronautsmov,thebestofenemies,thedeaddontdie,thefarewell,thehighwaymen,thehummingbirdprojectfilm,theintrudermovie,theirishmanfilm,thekitchenmovie,thelegomovie,themustangfilm,thenightingalefilm,theprodigymovie,thesunisalsoastar,theupsidefilm,tolkienmovie,toystory,triplefrontier,uglydolls,uncutgems,underthesilverlake,usmovie,wavesmovie,whatmenwant,wonderparkmovie,wrinklestheclown,xmenmovies,yardiefilm,yesterdaymovie,zombieland
21bridgesmovie,0.99999994,0.9694969,0.9737067,0.95524853,0.9614044,0.9598658,0.97984517,0.9717486,0.97986054,0.9561947,0.97215915,0.9417359,0.96759206,0.9830724,0.9591141,0.96225065,0.976134,0.959118,0.9830943,0.95311433,0.9643943,0.95901346,0.9643488,0.9638365,0.9715145,0.8875941,0.9712439,0.975091,0.96321887,0.96993834,0.9662174,0.96309406,0.95937157,0.9529394,0.95788836,0.90591955,0.96962005,0.97657764,0.9789593,0.9553631,0.9585085,0.96787435,0.96624136,0.96566325,0.963823,0.95353293,0.96953404,0.95246565,0.9629522,0.9679398,0.95625985,0.9733936,0.9586343,0.9500823,0.9599223,0.9542509,0.97087914,0.9651795,0.96892923,0.96240497,0.95903987,0.974657,0.9626859,0.9760115,0.94885045,0.97182316,0.97742736,0.95898914,0.96945983,0.95986307,0.96996033,0.65939564,0.9302625,0.96559215,0.9614984,0.96246845,0.9057598,0.97023016,0.97336197,0.9618074,0.9648075,0.9606288,0.9679575,0.95883054,0.96356183,0.9625204,0.9656016,0.9730141,0.96461874,0.97307444,0.97955716,0.96996033,0.9474676,0.97696817,0.9634921,0.9671129,0.966376,0.9707878,0.96804494,0.9732235,0.95041084,0.97413087,0.9525693,0.97151047,0.9642644,0.950815,0.9780578,0.9569789,0.9667827,0.94929814,0.9831353,0.80059934,0.9691,0.8993982,0.97092724,0.9850022,0.99330646,0.9554952,0.9649016,0.9799941,0.969052,0.9554784,0.9740541,0.959018,0.9687187,0.9716965,0.97177327,0.9641157,0.959947,0.9511122,0.9771492,0.97534627,0.9780127,0.96919733,0.9713496,0.972002,0.98127687,0.9642289,0.9730792,0.9603356,0.97986054,0.96710825,0.9460808,0.969537,0.9681557,0.96982664,0.9322032,0.94190186,0.9688686,0.97375435,0.9802719,0.9707793,0.9633555,0.9710542,0.9600949,0.9577116,0.96931744,0.9659741,0.97001165,0.96477705,0.97986054,0.96474177,0.9683398,0.96899223,0.963855
47metersdown,0.9694969,0.9999997,0.9698251,0.9654329,0.9717977,0.96826994,0.97809243,0.9790709,0.98580474,0.9630132,0.97480303,0.95990336,0.9778335,0.9743861,0.9715542,0.9710329,0.96664524,0.9697796,0.9745761,0.9680442,0.96542114,0.9693006,0.9747333,0.9686721,0.97534746,0.8790362,0.96838814,0.9746665,0.97849864,0.96466833,0.9702477,0.9649865,0.97405994,0.96057504,0.9573276,0.91027904,0.9703966,0.9814684,0.96706355,0.95589477,0.9632593,0.9750733,0.9657503,0.97257066,0.976281,0.9663362,0.9733297,0.9717037,0.9663294,0.9745239,0.9772235,0.9777233,0.96925354,0.9532359,0.9612039,0.96609265,0.9634572,0.9759807,0.97483885,0.9827343,0.9706659,0.9755023,0.96968424,0.9712175,0.9557726,0.9688041,0.9678681,0.97326964,0.9706569,0.96935725,0.9849831,0.6692332,0.9471501,0.9704916,0.9671358,0.9512507,0.91267383,0.9714591,0.9628409,0.97478086,0.97181904,0.9703104,0.97308075,0.95893997,0.9763755,0.9700357,0.968884,0.9767468,0.97696203,0.9762216,0.9757131,0.9849831,0.957814,0.9675076,0.97152466,0.9725337,0.9810549,0.9719168,0.97437143,0.96280193,0.9623114,0.9645142,0.9708792,0.9762669,0.97281927,0.97345656,0.9779712,0.96024305,0.9629404,0.9580451,0.9704976,0.8232617,0.98312384,0.9138275,0.97449934,0.9705283,0.97074765,0.9642595,0.974031,0.97587174,0.9721398,0.96880454,0.97487235,0.96583074,0.9726843,0.96302944,0.9674697,0.9756309,0.9617775,0.9493868,0.95867306,0.97107434,0.9629672,0.9485519,0.9781192,0.9664747,0.9728661,0.96635,0.9800767,0.96850455,0.98580474,0.9775232,0.9670755,0.96988994,0.97023046,0.97361815,0.95804226,0.94937295,0.9672421,0.9639442,0.976818,0.953261,0.9718633,0.96160394,0.9719415,0.97689414,0.9705582,0.983502,0.9854831,0.97213995,0.98580474,0.9549854,0.9785088,0.9754715,0.97755325
abeautifuldaymovie,0.9737067,0.9698251,0.99999994,0.96860856,0.9744624,0.9790297,0.980992,0.97783554,0.98893887,0.96916634,0.9779828,0.9728637,0.9754088,0.9789764,0.96147954,0.9836428,0.9801835,0.9834182,0.9718765,0.95708776,0.97814125,0.9813899,0.9775909,0.97789025,0.9738388,0.9097271,0.9726527,0.9802489,0.98626965,0.9752838,0.9682095,0.9763343,0.96623725,0.96950644,0.96470815,0.9405634,0.9827789,0.9750227,0.9751876,0.9593726,0.9830467,0.9740448,0.97268593,0.9719473,0.97594136,0.97485787,0.9794448,0.9764166,0.96490085,0.9751614,0.98400587,0.9883816,0.9743008,0.97232574,0.9757401,0.9729155,0.9715452,0.97616214,0.9777474,0.9774142,0.9715435,0.98002976,0.97022516,0.9828904,0.9699285,0.9850293,0.97243404,0.9804906,0.9836826,0.97876,0.9808489,0.7020925,0.94483477,0.9730688,0.9842892,0.95935947,0.9318614,0.9700951,0.96699566,0.96516633,0.9716983,0.96339977,0.98317164,0.96023303,0.9819479,0.9691445,0.97048676,0.9828304,0.9804643,0.98423266,0.9836782,0.9808489,0.96663725,0.97223616,0.9862582,0.9707636,0.97675073,0.9725658,0.978067,0.9727157,0.9778408,0.97718745,0.973857,0.9793726,0.9591868,0.9845129,0.980326,0.98199576,0.9778396,0.9595906,0.97979516,0.8332709,0.98353463,0.9363009,0.98022765,0.9828689,0.9795021,0.9763198,0.9791928,0.97629446,0.9772761,0.9708564,0.98239076,0.96339756,0.9696147,0.9697221,0.9807243,0.9851665,0.9710295,0.9599325,0.97568804,0.97585833,0.9781074,0.961957,0.9781985,0.97536,0.9798792,0.9819374,0.9785432,0.9822914,0.98893887,0.98552686,0.9765129,0.97973543,0.96990585,0.9800674,0.9615666,0.95652735,0.9850259,0.9594304,0.97668195,0.98193043,0.9779067,0.9701343,0.9710731,0.97412497,0.9737363,0.97045904,0.9739496,0.9804657,0.98893887,0.96463555,0.98155963,0.97877413,0.9776705
abominablemovie,0.95524853,0.9654329,0.96860856,0.99999994,0.9594674,0.96057284,0.9648634,0.9713873,0.97797847,0.9520986,0.9688797,0.9679246,0.9717841,0.9604172,0.9662909,0.96557903,0.9584478,0.9641022,0.95361257,0.9585538,0.9748675,0.9657099,0.9653637,0.9732907,0.96423113,0.888885,0.9517106,0.96078926,0.96719366,0.9695165,0.9571712,0.9650255,0.960939,0.95889753,0.95013505,0.9288177,0.9664057,0.97097826,0.9618042,0.9371108,0.9676268,0.96670514,0.9536119,0.9600175,0.9661742,0.9754115,0.96571064,0.969036,0.963783,0.9688049,0.9718523,0.96829754,0.95870364,0.94341254,0.96890664,0.96785873,0.96159613,0.97293746,0.97239953,0.96579766,0.9577566,0.9662157,0.95825684,0.973024,0.95382565,0.96016014,0.963486,0.9692338,0.9749313,0.9637564,0.96661603,0.7225111,0.95068884,0.95899206,0.96727264,0.94098467,0.9278988,0.96568966,0.95306873,0.95997477,0.9752003,0.9605932,0.9736185,0.939767,0.96864486,0.95903355,0.9641646,0.96748143,0.96851593,0.95965284,0.9640525,0.96661603,0.9560545,0.96602285,0.9739061,0.97423846,0.96549743,0.95733994,0.9634195,0.9442599,0.9679677,0.9554852,0.9603549,0.9543464,0.94477046,0.9662947,0.9660046,0.964903,0.95945376,0.9601983,0.967559,0.86132646,0.9775022,0.9264437,0.97047114,0.9689286,0.9627503,0.95678186,0.9761607,0.9617973,0.971599,0.96527225,0.9664409,0.9517618,0.9566627,0.9602424,0.966798,0.9674994,0.962807,0.9383255,0.9661398,0.9620994,0.95545757,0.92665243,0.969091,0.9684209,0.962139,0.96222556,0.9590549,0.96693575,0.97797847,0.96645314,0.9698552,0.97231466,0.9616378,0.96853983,0.9620928,0.9451855,0.9709882,0.94316167,0.9663306,0.9477517,0.9648361,0.94634974,0.95271575,0.95251673,0.9601062,0.97119844,0.9700025,0.95792603,0.97797847,0.95483345,0.9677028,0.96448886,0.9693955
adastramovie,0.9614044,0.9717977,0.9744624,0.9594674,0.99999976,0.9669486,0.9671786,0.9704412,0.981074,0.96996784,0.96822846,0.9637682,0.97852,0.96330804,0.9617756,0.9731591,0.97858095,0.9837704,0.96825016,0.9639615,0.9724861,0.96947193,0.9614772,0.9648643,0.97633964,0.8894391,0.977562,0.97625494,0.97884244,0.9651733,0.9652263,0.9684652,0.9557594,0.9616981,0.94976985,0.90389067,0.9752316,0.97064435,0.9612952,0.95493406,0.97306234,0.96007055,0.9583542,0.9572329,0.9792278,0.9668137,0.9607662,0.9656646,0.9615142,0.9622493,0.9736443,0.9880357,0.96029407,0.95741975,0.96514404,0.98294944,0.9578214,0.9623144,0.9722523,0.9741542,0.9764874,0.9767077,0.9684737,0.9692685,0.96422476,0.96924156,0.9587492,0.974267,0.9621307,0.9605388,0.9781025,0.66390204,0.93724227,0.96068835,0.9701522,0.95285535,0.922958,0.9686777,0.96573853,0.9691864,0.9618073,0.96006,0.9797524,0.95797235,0.96965796,0.96769303,0.95994174,0.9772956,0.9701891,0.9744664,0.96710914,0.9781025,0.9578094,0.96766996,0.9733787,0.9659963,0.96726644,0.97135943,0.9641565,0.95317554,0.96955,0.9699911,0.965519,0.9786573,0.96067345,0.974307,0.97764575,0.96618074,0.95841366,0.959457,0.971349,0.82928133,0.97843814,0.89987266,0.9749408,0.9656199,0.9637926,0.9599655,0.97082996,0.96628636,0.97092515,0.9571607,0.9689658,0.9469282,0.96855915,0.95799196,0.96759886,0.9720923,0.9701062,0.9423811,0.97185683,0.978378,0.9720657,0.9606499,0.9628029,0.9664642,0.9666046,0.9743838,0.9757877,0.975457,0.981074,0.9761302,0.9660654,0.9726641,0.96691674,0.9819812,0.9593749,0.94905984,0.9664609,0.94688463,0.9708947,0.95996577,0.97392255,0.95534986,0.96301246,0.9702547,0.9650753,0.96855855,0.9724109,0.9786504,0.981074,0.96566176,0.9661127,0.9621307,0.97567886
adogsjourneymovie,0.9598658,0.96826994,0.9790297,0.96057284,0.9669486,0.99999994,0.97811407,0.970438,0.98528516,0.9655178,0.9807294,0.9723981,0.9775319,0.9715879,0.96596193,0.9695827,0.97064185,0.97528493,0.9771575,0.9536718,0.9736036,0.9607133,0.9846089,0.9712425,0.97416216,0.8968857,0.95831066,0.97766376,0.9699698,0.95763683,0.967292,0.96754277,0.9696232,0.9622747,0.9641212,0.9293462,0.9732495,0.97535807,0.9712296,0.9528095,0.96599513,0.9723475,0.9713468,0.97755235,0.9674211,0.96117604,0.98363316,0.9707497,0.95291674,0.97980976,0.9698375,0.9768178,0.96836174,0.96454704,0.9762054,0.9674989,0.96127146,0.9655319,0.96768045,0.97240496,0.9597769,0.9774341,0.96013135,0.9780664,0.9572989,0.97489905,0.95863295,0.9574426,0.97629917,0.9724638,0.97615224,0.7257644,0.95465386,0.97270834,0.9796223,0.95835346,0.9306417,0.9704797,0.9594908,0.96234494,0.97364795,0.9688125,0.97472954,0.9585051,0.9783819,0.95878136,0.96735835,0.98317343,0.9790966,0.9700043,0.97957474,0.97615224,0.9676169,0.9773159,0.971294,0.96978945,0.97520274,0.9659441,0.9709023,0.96600586,0.973192,0.9626646,0.97166145,0.9691084,0.9679977,0.9705101,0.97823554,0.9738792,0.96639305,0.96632665,0.97539556,0.84218615,0.97924244,0.9350594,0.97078675,0.96793884,0.96366805,0.9779699,0.9692344,0.9742678,0.9676898,0.9711607,0.9794519,0.9807331,0.9691279,0.96183944,0.97638863,0.9783503,0.96102357,0.9748986,0.97247064,0.97484756,0.97015613,0.94915044,0.97474277,0.9626201,0.96850115,0.9759429,0.97488725,0.97576714,0.98528516,0.9708285,0.9670756,0.9687317,0.9547981,0.9685223,0.9582429,0.960613,0.9817352,0.9573098,0.97506714,0.9665278,0.9810698,0.95321155,0.9595485,0.9699662,0.97366184,0.9667957,0.9777501,0.9788401,0.98528516,0.95068514,0.97595376,0.97192067,0.9685499
aftermathmovie,0.97984517,0.97809243,0.980992,0.9648634,0.9671786,0.97811407,1.0000001,0.97790915,0.989314,0.9723349,0.98870283,0.97191584,0.9738088,0.98074704,0.9713319,0.9726459,0.9796911,0.9754401,0.9800843,0.96330565,0.9776548,0.96575385,0.97693574,0.9699121,0.9781166,0.91433287,0.97803754,0.98168766,0.97362727,0.9725625,0.98157525,0.977331,0.96876246,0.9711583,0.9654524,0.9327262,0.982332,0.9796591,0.97467875,0.9652418,0.96455824,0.98132986,0.9714895,0.9821146,0.9685843,0.9666846,0.98007596,0.9668237,0.96125996,0.98034716,0.96927696,0.98104477,0.9767364,0.9688551,0.9741356,0.97147304,0.98062134,0.9758422,0.9813297,0.9782344,0.9597219,0.97849405,0.9713736,0.98371947,0.95607084,0.98118854,0.9686534,0.9714785,0.9792498,0.975254,0.9822243,0.730661,0.9619879,0.978463,0.97687805,0.9585571,0.92135626,0.9710448,0.966341,0.9672074,0.97284627,0.980871,0.9739648,0.96688324,0.97873586,0.9768086,0.96937984,0.98320544,0.9778085,0.97380835,0.98288494,0.9822243,0.9600659,0.97649944,0.9746544,0.96901095,0.9825366,0.973767,0.988002,0.9698584,0.9734929,0.9732968,0.9578289,0.97724056,0.9767425,0.9677022,0.9860682,0.96967006,0.96731573,0.9646582,0.9860919,0.84454817,0.98155093,0.93064845,0.9780865,0.9802773,0.9824148,0.97456586,0.9805919,0.9950448,0.9757864,0.9758301,0.98953724,0.9709538,0.976679,0.9797618,0.978769,0.97607625,0.9649262,0.9695531,0.98014134,0.97973806,0.97614104,0.9674793,0.97876936,0.9723659,0.9751741,0.9766601,0.9827411,0.97602636,0.989314,0.97504395,0.9707872,0.97282934,0.9621882,0.9722616,0.95206153,0.95946074,0.977231,0.9692538,0.9909663,0.9692309,0.97122025,0.9704153,0.96960837,0.9674038,0.9795618,0.97841257,0.98201174,0.97451276,0.989314,0.96424466,0.9804674,0.97332144,0.97100306
aftermovie,0.9717486,0.9790709,0.97783554,0.9713873,0.9704412,0.970438,0.97790915,0.9999999,0.98901314,0.9595848,0.9793913,0.96883774,0.98037237,0.97801286,0.96775377,0.9739492,0.97138375,0.977583,0.96761465,0.9687592,0.9790791,0.96862406,0.97517604,0.9810715,0.97696185,0.89769137,0.96399856,0.97411513,0.97495466,0.9749132,0.9715429,0.97487086,0.9703822,0.9666966,0.9599542,0.9212948,0.97859,0.9802223,0.96703,0.9623327,0.9763961,0.98433876,0.9701294,0.98096776,0.9760275,0.9756629,0.9739389,0.9798289,0.97068554,0.98641455,0.9740633,0.9838727,0.965184,0.96371216,0.96790045,0.9751047,0.9740795,0.9753552,0.97521627,0.9740043,0.9727524,0.9706007,0.9754955,0.97308236,0.97033644,0.9742913,0.97641194,0.96991557,0.98007894,0.9778988,0.9801902,0.7084013,0.9550113,0.9725106,0.9769475,0.9630521,0.9306413,0.9793351,0.97476196,0.97197473,0.9726474,0.9771299,0.97631305,0.9599148,0.9734712,0.9715757,0.9773871,0.98172754,0.9712487,0.9750697,0.97251797,0.9801902,0.9719003,0.98212045,0.9748489,0.9738021,0.98084664,0.97118735,0.98191637,0.968385,0.97134507,0.9735945,0.9708173,0.9779768,0.9688681,0.9723126,0.9840454,0.9665597,0.96776915,0.9709946,0.98035395,0.84757715,0.9755161,0.93098414,0.97552764,0.98086566,0.980239,0.964356,0.9838473,0.97957325,0.97381586,0.9685656,0.97482336,0.9674254,0.9738449,0.97593707,0.97833407,0.9729593,0.9670899,0.94853514,0.9752195,0.97409815,0.975982,0.9636516,0.9744947,0.9766262,0.98317814,0.9766905,0.97388446,0.9749566,0.98901314,0.96913743,0.9745569,0.9677177,0.98004377,0.9800153,0.9607623,0.95446575,0.9698137,0.95577615,0.9760617,0.9755169,0.9776247,0.9586659,0.97324777,0.9731234,0.97100717,0.9834933,0.98415995,0.9700215,0.98901314,0.96393645,0.98419505,0.97377104,0.9699792
ahiddenlifefilm,0.97986054,0.98580474,0.98893887,0.97797847,0.981074,0.98528516,0.989314,0.98901314,1.0000002,0.9761576,0.99022675,0.98022753,0.9854726,0.9897438,0.97956884,0.98695785,0.98344177,0.988596,0.9832108,0.97649467,0.9864512,0.98180085,0.98597646,0.98383343,0.9894192,0.90926576,0.9792963,0.98951584,0.98754936,0.9806844,0.9823339,0.98430216,0.9830558,0.975472,0.9779981,0.9378144,0.9906881,0.98651695,0.98433405,0.97255087,0.9779175,0.9890714,0.97927,0.9872918,0.9827021,0.9804575,0.9864246,0.9853478,0.9775749,0.990231,0.98421043,0.99348646,0.97893286,0.9746157,0.9761067,0.9815313,0.97852004,0.9881659,0.98805916,0.9895763,0.9760874,0.9854312,0.9790505,0.9900313,0.9762731,0.9872565,0.9830994,0.97961396,0.990506,0.9879771,0.9922085,0.70315874,0.96132576,0.9849812,0.9872672,0.9725662,0.93622726,0.98518765,0.9808837,0.981231,0.98399377,0.9810634,0.98712903,0.97599214,0.9846495,0.97637063,0.98298705,0.9901432,0.9883289,0.9870471,0.98799855,0.9922085,0.97386307,0.98518765,0.9844395,0.9825838,0.9880102,0.9872444,0.98487633,0.979447,0.9824656,0.98478776,0.9807075,0.98881656,0.9803332,0.9829246,0.99279666,0.9800032,0.98108387,0.97846246,0.9882102,0.83859664,0.9913188,0.9362583,0.98608303,0.98816687,0.98598295,0.98282605,0.98895264,0.98698306,0.98589087,0.9830722,0.9900439,0.9780271,0.9851694,0.97926515,0.98704344,0.98731774,0.97916204,0.9648824,0.98477554,0.98436403,0.98357344,0.9685241,0.9879077,0.98184973,0.9872883,0.98811996,0.9906387,0.98628926,1.0000002,0.98485816,0.98170036,0.9835197,0.9814054,0.9867557,0.97120786,0.9711672,0.9869601,0.96708643,0.9878822,0.97855866,0.9876834,0.96782887,0.98346215,0.98452556,0.9805871,0.986915,0.9908219,0.9844811,1.0000002,0.9746731,0.991705,0.98389846,0.98253345
alitamovie,0.9561947,0.9630132,0.96916634,0.9520986,0.96996784,0.9655178,0.9723349,0.9595848,0.9761576,1.0,0.973451,0.95526296,0.9692629,0.96014977,0.9614424,0.9571604,0.9720907,0.9676725,0.96722406,0.9579854,0.963812,0.9520725,0.956317,0.959799,0.96589273,0.88458514,0.9568668,0.9702737,0.96920353,0.9651258,0.9747033,0.9703876,0.94807833,0.94301856,0.94973284,0.91911423,0.96411395,0.9616164,0.9618489,0.95577097,0.9555362,0.95776564,0.9498869,0.97042024,0.95454234,0.95535713,0.95737404,0.9656361,0.9555264,0.96537167,0.9600094,0.97663134,0.95490843,0.9607283,0.9579883,0.9683494,0.95612687,0.9489438,0.9722656,0.97160715,0.96145284,0.96489567,0.95293015,0.968349,0.9445407,0.9645187,0.9577303,0.967887,0.96462375,0.9590695,0.9681075,0.6842804,0.94900167,0.9587737,0.9588845,0.9589405,0.9165025,0.95629436,0.95447165,0.9504471,0.9675268,0.9595061,0.96324766,0.9594699,0.96390665,0.96196705,0.96114945,0.9718743,0.96992934,0.96215576,0.9658727,0.9681075,0.95427823,0.9707534,0.9583086,0.96460485,0.96467745,0.962755,0.9660196,0.95272785,0.9536803,0.9590309,0.9580669,0.96886426,0.97508895,0.96085936,0.9768382,0.94148797,0.9536078,0.957415,0.9672642,0.8208729,0.9646294,0.90058506,0.9581489,0.9620826,0.96068287,0.9536453,0.9663559,0.9688396,0.9663151,0.95957154,0.9764337,0.9429445,0.9641759,0.96845335,0.9746135,0.96397007,0.9400857,0.9422468,0.9600528,0.9620718,0.97006196,0.95890677,0.95930535,0.9637018,0.9570442,0.96740365,0.9729397,0.9710081,0.9761576,0.9642852,0.9606211,0.9529778,0.95673394,0.9796665,0.9640759,0.9544557,0.9593623,0.94582963,0.9690607,0.9497791,0.9563692,0.9565341,0.95896137,0.9578363,0.9541417,0.9596103,0.974134,0.96941817,0.9761576,0.9606356,0.9619054,0.957274,0.95603114
angelhasfallen,0.97215915,0.97480303,0.9779828,0.9688797,0.96822846,0.9807294,0.98870283,0.9793913,0.99022675,0.973451,1.0000001,0.9735329,0.97792095,0.9790369,0.97229683,0.9711506,0.9769174,0.97319335,0.97893,0.96745276,0.9798233,0.9630885,0.9780561,0.97177327,0.9816554,0.91208124,0.9734915,0.9841357,0.97111875,0.9740664,0.98836064,0.98177296,0.9760421,0.9733805,0.967929,0.9396676,0.9846241,0.9805097,0.9770532,0.9568018,0.96611124,0.98205024,0.9635574,0.9821074,0.96805847,0.96964943,0.9773739,0.96965516,0.96787274,0.9828963,0.97092324,0.98103744,0.97291,0.965216,0.9749143,0.9713396,0.9748199,0.97611177,0.98322505,0.98013324,0.96341187,0.98066837,0.96694183,0.98553544,0.95132536,0.98409957,0.9714052,0.96704966,0.98239845,0.97779113,0.9806695,0.73383933,0.957728,0.97910553,0.9769701,0.9618354,0.9235089,0.97497684,0.970863,0.9694401,0.9792164,0.979229,0.97604877,0.96459365,0.97685355,0.972296,0.97606283,0.9848574,0.98433346,0.97064424,0.98103154,0.9806695,0.96203935,0.9771715,0.97537977,0.97575665,0.98143643,0.97646815,0.9771892,0.9694265,0.97605103,0.9706057,0.96817225,0.9731746,0.9729238,0.96839345,0.98823476,0.968587,0.9702869,0.9696485,0.98123974,0.8501803,0.9811117,0.9368273,0.98030156,0.98017114,0.97891694,0.9687863,0.9821192,0.98505086,0.97820246,0.97603977,0.98808587,0.9705787,0.97917813,0.97992224,0.983398,0.97955877,0.9645673,0.96775585,0.97738653,0.9776758,0.9803609,0.97001946,0.98051107,0.9775567,0.9727071,0.97913337,0.9802696,0.97688586,0.99022675,0.97341186,0.97241485,0.97438926,0.96812755,0.97258425,0.9668744,0.9618387,0.9799802,0.96423274,0.9855184,0.964918,0.9761962,0.96199507,0.96896696,0.9711952,0.96924615,0.9758269,0.98235327,0.9754342,0.99022675,0.9750227,0.97941697,0.97406906,0.96898526
angrybirdsmovie,0.9417359,0.95990336,0.9728637,0.9679246,0.9637682,0.9723981,0.97191584,0.96883774,0.98022753,0.95526296,0.9735329,0.99999994,0.96947265,0.9600763,0.9473594,0.9771117,0.9592805,0.9772543,0.9491637,0.9495841,0.9704898,0.96714556,0.9662064,0.96416146,0.9669537,0.9061267,0.96159333,0.9693091,0.9686003,0.95655125,0.95731056,0.9758636,0.9647758,0.9611214,0.9561199,0.93428963,0.97331667,0.96626365,0.960167,0.95348877,0.9589307,0.9693048,0.95798403,0.97036976,0.95863175,0.96642333,0.96608704,0.9746706,0.95156556,0.9724812,0.97200865,0.9760589,0.97124165,0.9633758,0.968208,0.9688983,0.9569443,0.97150505,0.9700622,0.97083205,0.95225114,0.9615346,0.95092,0.97164303,0.9581591,0.9700647,0.94446313,0.960125,0.9676693,0.97153217,0.9717488,0.74330014,0.9519607,0.965895,0.97336227,0.9422074,0.93483263,0.9586639,0.94721884,0.94968915,0.96523863,0.96469617,0.9658492,0.94829345,0.9763869,0.95730597,0.95516336,0.9756548,0.96843016,0.9604484,0.95798355,0.9717488,0.9588282,0.9617231,0.9723638,0.947971,0.970839,0.9569336,0.96310985,0.9490362,0.9753716,0.9569758,0.9569414,0.96507895,0.95446754,0.97319007,0.97260314,0.9667051,0.9596201,0.9655738,0.9603708,0.85000986,0.9755193,0.932989,0.9711644,0.9632431,0.95462275,0.9647442,0.97047436,0.96662503,0.9630448,0.9720535,0.9762854,0.9598529,0.96185136,0.9512466,0.96760243,0.9769238,0.97073257,0.9502136,0.96394855,0.9600331,0.9527614,0.9440057,0.96069086,0.9573774,0.9589456,0.96806264,0.97135967,0.97044146,0.98022753,0.965157,0.9672801,0.9680902,0.9528204,0.96463513,0.96026313,0.95727384,0.9682174,0.92899525,0.96897,0.95700085,0.96350497,0.9504624,0.96244854,0.96414846,0.96115726,0.96622413,0.96997344,0.971255,0.98022753,0.94978267,0.9762356,0.95877963,0.9608134
annabellemovie,0.96759206,0.9778335,0.9754088,0.9717841,0.97852,0.9775319,0.9738088,0.98037237,0.9854726,0.9692629,0.97792095,0.96947265,0.99999994,0.97161114,0.97374743,0.97292167,0.97723126,0.97575754,0.9722424,0.9714669,0.97316843,0.96212333,0.97641826,0.9782537,0.97581697,0.8942318,0.9623061,0.9764894,0.9756181,0.9719807,0.97555864,0.971808,0.9688988,0.97443414,0.95749676,0.9100986,0.9728134,0.98732144,0.9673342,0.95348096,0.9724027,0.9724171,0.9658,0.97538865,0.9757875,0.96921504,0.9738707,0.969365,0.96154714,0.9802298,0.97328687,0.98047286,0.9674248,0.95392483,0.9793984,0.97671163,0.9569074,0.96525633,0.97439784,0.97230923,0.9742746,0.9726464,0.9647192,0.9758695,0.9587362,0.97034764,0.9688067,0.9718272,0.9675709,0.9633307,0.97487384,0.70547205,0.94778234,0.9696211,0.97349495,0.9566824,0.92579055,0.97076213,0.966452,0.9650229,0.9799154,0.97165793,0.9864044,0.95439774,0.98330647,0.9668856,0.97616196,0.99251974,0.9758397,0.97197634,0.97200125,0.97487384,0.9590923,0.9817071,0.96743643,0.97665125,0.9766763,0.9670247,0.9729306,0.9633007,0.9671972,0.9707306,0.9718677,0.96892005,0.9769649,0.969242,0.9832334,0.9684623,0.9597817,0.9656123,0.9763612,0.84995717,0.9807117,0.91181684,0.97480863,0.9717679,0.9713071,0.9642952,0.97881263,0.9738748,0.9746591,0.96212894,0.9741565,0.955385,0.976191,0.9694564,0.9774302,0.97526807,0.9671665,0.9552405,0.9704829,0.9785184,0.97006166,0.95857704,0.97035676,0.9767016,0.9726676,0.97243255,0.973891,0.9773644,0.9854726,0.9650817,0.9647491,0.9758693,0.97679234,0.9774805,0.96062154,0.95744056,0.97862184,0.9520112,0.97858953,0.96299934,0.9772093,0.95668536,0.9646551,0.97010887,0.96831673,0.9719869,0.97865635,0.97558254,0.9854726,0.9641425,0.9755239,0.9704718,0.9705689
annamovie,0.9830724,0.9743861,0.9789764,0.9604172,0.96330804,0.9715879,0.98074704,0.97801286,0.9897438,0.96014977,0.9790369,0.9600763,0.97161114,1.0000002,0.96720076,0.9725596,0.9765441,0.9741885,0.9788763,0.9631692,0.96784025,0.9700211,0.9772928,0.97269535,0.9787975,0.89994645,0.9738999,0.9833645,0.9722898,0.97035116,0.97262585,0.97427255,0.9788209,0.9629278,0.9700807,0.9180666,0.9798131,0.9780094,0.97571075,0.96933526,0.9598458,0.9813781,0.97294587,0.97798246,0.9684214,0.9608565,0.9796761,0.96546286,0.9715134,0.98107743,0.96835184,0.9817608,0.9730462,0.9577703,0.96431047,0.96573484,0.9697196,0.9770066,0.97847307,0.97633743,0.959884,0.9735586,0.96842164,0.98592925,0.9639942,0.9790644,0.9784277,0.9647828,0.97519904,0.974087,0.9790442,0.6752126,0.9441666,0.9799662,0.9807889,0.9675546,0.9145989,0.9742765,0.977343,0.97129524,0.9663509,0.9710471,0.97309995,0.9690769,0.9699222,0.9576906,0.97291434,0.98092204,0.974299,0.98069376,0.9821902,0.9790442,0.96005,0.97585315,0.9719257,0.9764031,0.97474545,0.9778363,0.97323215,0.98050463,0.96301585,0.97605467,0.97145927,0.9814258,0.97702676,0.9637656,0.9815167,0.9697746,0.97446203,0.97002935,0.9782795,0.8008137,0.97650707,0.9229363,0.9752818,0.98396754,0.98689425,0.97251165,0.97103626,0.98040044,0.9757138,0.96833885,0.98304147,0.97044474,0.978046,0.9686496,0.9753934,0.97545743,0.9704048,0.9621698,0.97290593,0.97631615,0.9782609,0.96623206,0.9841589,0.9742913,0.9833908,0.9757531,0.97959733,0.9708649,0.9897438,0.97440857,0.96261096,0.9736695,0.97158533,0.9728569,0.9535237,0.95639175,0.97843605,0.9607944,0.97670424,0.973053,0.9773999,0.96438384,0.976898,0.9747796,0.97116053,0.9757838,0.9774072,0.9718654,0.9897438,0.9681952,0.9820711,0.9780052,0.969938
apollo11movie,0.9591141,0.9715542,0.96147954,0.9662909,0.9617756,0.96596193,0.9713319,0.96775377,0.97956884,0.9614424,0.97229683,0.9473594,0.97374743,0.96720076,0.99999994,0.95504737,0.9611973,0.9624026,0.9657548,0.98657334,0.9709317,0.96395576,0.964559,0.96438986,0.96485966,0.891014,0.9586499,0.9626082,0.97431105,0.9669433,0.9701022,0.9646731,0.96354795,0.9688641,0.95398635,0.90505236,0.9648481,0.9689532,0.958197,0.9515656,0.96089345,0.967314,0.9629229,0.96618426,0.973609,0.96596265,0.96184564,0.9608435,0.9593129,0.9695666,0.96809214,0.97165227,0.94570273,0.94093406,0.95838135,0.96683794,0.9501204,0.9666088,0.96560436,0.9744464,0.96050084,0.96309674,0.9722149,0.97001654,0.949211,0.9639074,0.96783364,0.9663556,0.970045,0.9587449,0.974363,0.70136696,0.9464276,0.9634245,0.96535426,0.9551089,0.9195909,0.97008854,0.95926297,0.9697618,0.97278655,0.96315515,0.9720674,0.96265733,0.9647864,0.955773,0.9603998,0.97317845,0.9724524,0.9687314,0.97233737,0.974363,0.95167583,0.9670464,0.9543076,0.98954445,0.96795565,0.9639506,0.9699469,0.95464575,0.9630149,0.96592486,0.97181785,0.96334934,0.97174335,0.95907515,0.97793764,0.9593884,0.95093834,0.9649319,0.9735821,0.8263638,0.9797213,0.9025422,0.96543044,0.9605463,0.96240455,0.9674709,0.98029846,0.9750172,0.9734147,0.96491486,0.9677566,0.94970316,0.97363085,0.9696201,0.9609975,0.9639549,0.94743043,0.95029426,0.96691346,0.9724039,0.9580986,0.9400887,0.9764926,0.96720976,0.96026224,0.9710111,0.9696719,0.9767371,0.97956884,0.9704489,0.96995765,0.96247363,0.9622721,0.96856964,0.95546526,0.94857055,0.96842927,0.9524489,0.9703706,0.94433093,0.970012,0.94350404,0.96266884,0.96091217,0.9606036,0.9703113,0.97017026,0.95985395,0.97956884,0.95424634,0.9680662,0.9608198,0.967993
arcticdogsmovie,0.96225065,0.9710329,0.9836428,0.96557903,0.9731591,0.9695827,0.9726459,0.9739492,0.98695785,0.9571604,0.9711506,0.9771117,0.97292167,0.9725596,0.95504737,1.0,0.9654709,0.9871282,0.9636791,0.9616727,0.97125006,0.9786145,0.9722627,0.9728521,0.98077375,0.90254587,0.9679659,0.9782904,0.9805304,0.9671571,0.9620409,0.96896225,0.9649216,0.95911723,0.96214634,0.92023766,0.9802876,0.97672117,0.9734648,0.9585779,0.9746609,0.97458136,0.9688989,0.9682667,0.9743143,0.97505534,0.9724046,0.97843844,0.9617446,0.9713306,0.9769838,0.9868652,0.969214,0.9731397,0.9694341,0.97436744,0.96303815,0.98035824,0.97004753,0.9788985,0.9662875,0.9737627,0.97004974,0.973405,0.9699433,0.97820467,0.96496177,0.9763367,0.9791333,0.9786811,0.98507833,0.6737603,0.93932384,0.9742784,0.9726023,0.9607426,0.9336573,0.96530724,0.96850437,0.9691323,0.97555345,0.9651949,0.98101896,0.95684165,0.9810819,0.9699475,0.9763126,0.97836506,0.97805643,0.9799449,0.97486436,0.98507833,0.96156996,0.96565115,0.97643566,0.95881903,0.97624356,0.97492635,0.97090787,0.9632163,0.97493154,0.978558,0.9655124,0.9789677,0.9633709,0.9800869,0.9760219,0.98162615,0.9763625,0.9634202,0.97606105,0.82928973,0.9843853,0.92348784,0.97856915,0.980242,0.9708607,0.97641635,0.9779469,0.96573764,0.9721928,0.97314805,0.9779501,0.95917964,0.97160476,0.9547298,0.971225,0.9788166,0.98164505,0.94722587,0.96789265,0.9739122,0.9653326,0.9544117,0.9676748,0.96751606,0.97742724,0.9790052,0.98352057,0.9762936,0.98695785,0.97673273,0.9706851,0.9790105,0.9715453,0.9738173,0.9562989,0.9578345,0.9745264,0.9530897,0.9721028,0.9695078,0.9799441,0.9646708,0.97769016,0.9745665,0.9740479,0.97413707,0.97992605,0.97968,0.98695785,0.9580506,0.9821749,0.9708896,0.97601616
arcticmovie,0.976134,0.96664524,0.9801835,0.9584478,0.97858095,0.97064185,0.9796911,0.97138375,0.98344177,0.9720907,0.9769174,0.9592805,0.97723126,0.9765441,0.9611973,0.9654709,0.99999994,0.9742044,0.97893095,0.9548922,0.9722004,0.954958,0.96668255,0.97215575,0.9796216,0.9039459,0.9737402,0.9857014,0.97009254,0.97699636,0.97760665,0.9701583,0.9621694,0.9717683,0.9607322,0.9202653,0.9803581,0.97031647,0.9693591,0.95175993,0.96302885,0.9648986,0.95494705,0.96898115,0.9645859,0.9563365,0.9706937,0.961956,0.9651064,0.9697998,0.96584445,0.9809114,0.9650036,0.9535098,0.9681563,0.9736671,0.96927506,0.9580312,0.98187304,0.97542876,0.964498,0.97854924,0.9581525,0.9842701,0.95491934,0.9745372,0.96811765,0.96631134,0.96978945,0.9691495,0.97399026,0.69176817,0.9483008,0.9662504,0.97463036,0.9613429,0.9135232,0.9760872,0.97268015,0.96846765,0.96359694,0.97041833,0.98073447,0.95829576,0.9690049,0.96788204,0.97196585,0.98163944,0.96913415,0.978104,0.9787727,0.97399026,0.946397,0.97424513,0.97462153,0.9695608,0.9706511,0.97870564,0.9704215,0.96431947,0.96566457,0.9728537,0.96146405,0.97457343,0.9703461,0.96280766,0.9797089,0.9640262,0.9585347,0.9576524,0.98039967,0.809391,0.9696038,0.92097026,0.96597904,0.97283524,0.9744884,0.96161306,0.97412,0.9812887,0.9783831,0.95572984,0.9804787,0.95956427,0.9694384,0.9782659,0.9808048,0.9703591,0.9606181,0.95656824,0.9772875,0.976156,0.98296887,0.97216994,0.9675789,0.9771665,0.97266114,0.97458273,0.97508955,0.96861726,0.98344177,0.96831244,0.95913726,0.976632,0.9713128,0.98078847,0.95284355,0.9528799,0.97638774,0.95899105,0.9816646,0.97377044,0.97448766,0.95621747,0.96026975,0.96709454,0.9625571,0.97463155,0.96919847,0.96798724,0.98344177,0.970045,0.96938133,0.9706253,0.9692264
artofracingmovie,0.959118,0.9697796,0.9834182,0.9641022,0.9837704,0.97528493,0.9754401,0.977583,0.988596,0.9676725,0.97319335,0.9772543,0.97575754,0.9741885,0.9624026,0.9871282,0.9742044,1.0000001,0.96419424,0.9631545,0.9776032,0.9746507,0.9754903,0.9749049,0.9797452,0.90749633,0.9710972,0.9763485,0.98129475,0.9696582,0.96565175,0.9772893,0.9629473,0.9659987,0.96704406,0.9174292,0.9813657,0.97280735,0.9705,0.9677871,0.9787738,0.9750832,0.966186,0.9736365,0.9804188,0.9766362,0.9755333,0.9799298,0.967128,0.97845614,0.97345877,0.9937118,0.9730185,0.97799003,0.970543,0.98447627,0.9666637,0.9757445,0.9702392,0.9771657,0.9691913,0.97210276,0.979391,0.9745446,0.98033273,0.97306484,0.9610711,0.9810284,0.97807723,0.974855,0.98306835,0.6898949,0.9516519,0.97277594,0.9786922,0.96345127,0.9357515,0.9717769,0.96855754,0.97201616,0.97079337,0.97378254,0.98269707,0.96240944,0.97406256,0.9650639,0.976825,0.98069626,0.9749288,0.976248,0.9704403,0.98306835,0.9676275,0.9681325,0.9734924,0.96702474,0.9771837,0.9766346,0.97748625,0.96751994,0.97873956,0.97533387,0.96610713,0.98195404,0.9651699,0.97706836,0.9803849,0.9769449,0.97289044,0.9762373,0.9752383,0.84955275,0.98055524,0.91424716,0.9789295,0.97700024,0.9688395,0.9736016,0.9773822,0.97135824,0.97432196,0.9725606,0.9772912,0.95752835,0.9744455,0.9596662,0.9802396,0.97345185,0.9723287,0.9414063,0.97113043,0.9758541,0.97338027,0.96248007,0.9691374,0.9700615,0.9756436,0.985194,0.9803974,0.9834733,0.988596,0.9733351,0.9798203,0.97450083,0.97246164,0.9809067,0.95925534,0.96935505,0.97887313,0.9459648,0.97647893,0.97404814,0.9782428,0.96217275,0.9790278,0.9766973,0.97509015,0.9769343,0.97444206,0.9789143,0.988596,0.9668182,0.9760609,0.9746271,0.97440904
avengers,0.9830943,0.9745761,0.9718765,0.95361257,0.96825016,0.9771575,0.9800843,0.96761465,0.9832108,0.96722406,0.97893,0.9491637,0.9722424,0.9788763,0.9657548,0.9636791,0.97893095,0.96419424,0.9999999,0.9626983,0.96851766,0.9575832,0.9732543,0.9682092,0.97890407,0.8902572,0.97016954,0.98078185,0.96569836,0.9650973,0.98045284,0.96865416,0.96582687,0.9515941,0.9621696,0.913713,0.9752227,0.97821087,0.9780854,0.9586191,0.9608616,0.9676768,0.9676402,0.96984863,0.9680681,0.9494746,0.9742059,0.95710963,0.96704876,0.97000664,0.9611523,0.9767403,0.95765,0.9506061,0.96276534,0.96637636,0.9648696,0.9661534,0.9730747,0.97423637,0.9663123,0.9794075,0.96186066,0.97662944,0.95442,0.9716104,0.96778774,0.96098125,0.97178143,0.9711316,0.9768949,0.68402994,0.9458288,0.9711264,0.9624284,0.9612903,0.90714103,0.96850973,0.971747,0.9699709,0.9658936,0.96906567,0.97105366,0.96160424,0.9677377,0.9596887,0.9711095,0.9731131,0.9684818,0.97035736,0.985175,0.9768949,0.9503411,0.9712588,0.96475023,0.9688067,0.97670054,0.9799116,0.9706963,0.96621376,0.9556285,0.9727545,0.96261746,0.97135174,0.97342235,0.95888877,0.9824921,0.9590584,0.9623634,0.9583831,0.98015934,0.80629724,0.9759254,0.90648466,0.9705958,0.97171885,0.97436625,0.9609344,0.9651729,0.9813607,0.9746266,0.9645728,0.9777265,0.9742862,0.9782516,0.9657991,0.97046113,0.9697809,0.95627546,0.96206146,0.97139066,0.9784074,0.9795851,0.964187,0.9722289,0.96924657,0.96849865,0.9722333,0.97674346,0.9665521,0.9832108,0.9720781,0.9484399,0.9755663,0.9648011,0.96955985,0.94551075,0.955858,0.9760384,0.96914303,0.98079437,0.96483934,0.97656375,0.96379155,0.96694815,0.96432185,0.9670631,0.9708466,0.97423625,0.97306716,0.9832108,0.9598567,0.9745072,0.9709933,0.9704561
beachbummovie,0.95311433,0.9680442,0.95708776,0.9585538,0.9639615,0.9536718,0.96330565,0.9687592,0.97649467,0.9579854,0.96745276,0.9495841,0.9714669,0.9631692,0.98657334,0.9616727,0.9548922,0.9631545,0.9626983,1.0000001,0.96506023,0.96796906,0.9544135,0.9606233,0.96261096,0.8839984,0.96330804,0.9587131,0.97225106,0.96486855,0.9695589,0.96950567,0.9568714,0.96008384,0.94957316,0.89573956,0.9639333,0.9732815,0.95251095,0.9507556,0.95664066,0.9632,0.9610657,0.9573442,0.9718996,0.96511036,0.94823533,0.96058273,0.9562599,0.96005154,0.9663938,0.9726168,0.94093865,0.9396133,0.9493049,0.97564226,0.9523406,0.96861756,0.959915,0.979814,0.9617933,0.95644164,0.96828794,0.96156085,0.9498313,0.9634073,0.96068764,0.9704982,0.9663441,0.9605308,0.9787763,0.67281604,0.9455862,0.9576973,0.9597981,0.95002174,0.91806537,0.958615,0.9587319,0.9637825,0.9671772,0.9564015,0.96883476,0.9614486,0.96245265,0.95212847,0.95942575,0.9670047,0.96473134,0.9655399,0.9704135,0.9787763,0.949302,0.96021616,0.94863,0.97813934,0.96660864,0.9653711,0.96752477,0.9458238,0.96103823,0.96596956,0.9645024,0.96571535,0.9719202,0.96035767,0.9762123,0.9566167,0.94669443,0.9591952,0.9702069,0.80607504,0.97597176,0.8989092,0.9682491,0.9575381,0.9615944,0.95725936,0.97412854,0.96677107,0.969485,0.9580101,0.9599108,0.94406325,0.9701175,0.95956945,0.9548726,0.9594374,0.95572406,0.94171554,0.96312124,0.9711181,0.95802677,0.9406973,0.9657423,0.9643455,0.95530117,0.9697849,0.97027624,0.97748077,0.97649467,0.9685556,0.9656487,0.96063167,0.96759254,0.9640468,0.9535922,0.94704056,0.95970595,0.94284785,0.96298367,0.94426894,0.968535,0.9472292,0.9745274,0.9641495,0.95057946,0.9722026,0.9661838,0.95849955,0.97649467,0.9496682,0.9707417,0.9519315,0.966488
bernadettefilm,0.9643943,0.96542114,0.97814125,0.9748675,0.9724861,0.9736036,0.9776548,0.9790791,0.9864512,0.963812,0.9798233,0.9704898,0.97316843,0.96784025,0.9709317,0.97125006,0.9722004,0.9776032,0.96851766,0.96506023,0.9999997,0.97412175,0.96966803,0.9665684,0.9730515,0.90971565,0.96784365,0.9738488,0.97716695,0.9696969,0.9740361,0.9772012,0.96164453,0.97028714,0.96671534,0.93541956,0.98391247,0.9737309,0.97612685,0.9540748,0.9761202,0.9695232,0.96871763,0.97200376,0.9702997,0.9780827,0.97052765,0.9727242,0.96383,0.9752343,0.9744553,0.98106205,0.9582111,0.96506536,0.96585274,0.97359663,0.9717234,0.9736641,0.97999156,0.97116065,0.9680812,0.97024494,0.96522534,0.97700137,0.9718165,0.97429127,0.9708619,0.96306664,0.9812663,0.9815156,0.97454405,0.7194543,0.9499144,0.9664638,0.976332,0.95073366,0.9325506,0.9733391,0.9620992,0.9666789,0.97617126,0.9624787,0.9752115,0.9611268,0.9661287,0.9715726,0.9641405,0.9740181,0.9741287,0.9691131,0.9755431,0.97454405,0.97016394,0.97503144,0.9774031,0.9674348,0.97717655,0.97732353,0.97108805,0.96786445,0.9808584,0.9723274,0.9663083,0.96975476,0.9596069,0.9747202,0.9844383,0.97127205,0.9650098,0.96271455,0.98016745,0.8529282,0.97919065,0.91782075,0.98085177,0.97555137,0.9717834,0.969488,0.97690076,0.973833,0.9759363,0.97533506,0.97435886,0.9639725,0.9718548,0.9789124,0.97861505,0.9780653,0.965055,0.95600355,0.9868519,0.9732088,0.9746044,0.9606269,0.9706958,0.9717539,0.9756267,0.97732586,0.96946645,0.97734666,0.9864512,0.9720703,0.9729688,0.977433,0.97060496,0.97562295,0.95478445,0.96166676,0.9785339,0.9470943,0.9824789,0.9716063,0.97432166,0.95356077,0.9599592,0.96147025,0.96324426,0.9698667,0.9761079,0.97400486,0.9864512,0.9723754,0.9754784,0.96512216,0.9755956
