movie,21bridgesmovie,47metersdown,abeautifuldaymovie,abominablemovie,adastramovie,adogsjourneymovie,aftermathmovie,aftermovie,ahiddenlifefilm,alitamovie,angelhasfallen,angrybirdsmovie,annabellemovie,annamovie,apollo11movie,arcticdogsmovie,arcticmovie,artofracingmovie,avengers,beachbummovie,bernadettefilm,blackandbluemovie,blackchristmas,blindedbythelightmovie,bombshellmovie,booksmart,breakthroughmovie,brianbanksmovie,brightburnmovie,brittanyrunsmov,captainmarvelofficial,captivestatemovie,catsmovie,charliesangels,childsplaymovie,clarathefilm,coldpursuitmovie,countdown,currentwarmovie,darkwatersmovie,detectivepikachumovie,disneyaladdin,disneyfrozen,disneymaleficent,doctorsleepmovie,dolemiteismyname,dontletgomovie,doramovie,downtonabbey_official,dumbo,escaperoom,everybodyknowsmovie,fastandfuriousmovie,fightingwmyfam,fivefeetapartfilm,fordvferrari,freaksthefilm,geminimanmovie,glassmovie,gloriabellmovie,godzillamovie,goldfinchmovie,goodboysmovie,goodliarmovie,gretafilm,halathemovie,happydeathdaymovie,harrietfilm,hellboymovie,hersmellmovie,highlifemovie,highstrungmovie,honeyboymovie,hotelmumbaifilm,httydragon,hustlemovie,hustlersmovie,isntitromantic,itmovieofficial,jayandsilentbob,johnwickmovie,jojorabbitmovie,jokermovie,judythefilm,jumanjimovie,justmercyfilm,knivesout,lalloronamovie,lastblackmansf,lastchristmasthemovie,latenightmovie,lighthousemovie,lionking,littlethemovie,littlewomenmovie,littlewoodsfilm,longshotmovie,lordsofchaosmovie,lucyintheskyfilm,mamovie2019,marriagestory,meettheaddams,meninblack,midsommarmovie,midwaymovie,missbalamovie,missinglinkfilm,motherlessbklyn,onceinhollywood,onthebasisofsex,overcomermovie,peanutbutterfalcon,petsematarymovie,piercingmovie,playingwithfire,playmobilthemovie,pomsmovie,queenandslim,rambomovie,readyornotfilm,richardjewellfilm,rocketmanmovie,scarystoriesmovie,secretlifeofpets,serenityfilm,shaftmovie,shazammovie,spidermanmovie,spiesindisguise,starwars,stormboymovie,stubermovie,taosdfilm,teenspiritmov,terminator,theaeronautsmov,thebestofenemies,thedeaddontdie,thefarewell,thehighwaymen,thehummingbirdprojectfilm,theintrudermovie,theirishmanfilm,thekitchenmovie,thelegomovie,themustangfilm,thenightingalefilm,theprodigymovie,thesunisalsoastar,theupsidefilm,tolkienmovie,toystory,triplefrontier,uglydolls,uncutgems,underthesilverlake,usmovie,wavesmovie,whatmenwant,wonderparkmovie,wrinklestheclown,xmenmovies,yardiefilm,yesterdaymovie,zombieland
21bridgesmovie,1.0000001,0.94729584,0.9470947,0.9509734,0.9578037,0.9431884,0.95453537,0.95632,0.9753036,0.9526793,0.9549895,0.9499288,0.9540309,0.95799804,0.9547272,0.95450574,0.95812064,0.9453431,0.9693602,0.95299596,0.96246177,0.95565945,0.9563165,0.9438333,0.94837576,0.9007087,0.9488944,0.9542475,0.95304257,0.9549724,0.9503511,0.9532567,0.94447947,0.9411046,0.9324758,0.92665297,0.9648434,0.96438575,0.95326316,0.9452816,0.9493936,0.9472872,0.95082057,0.9418701,0.95439595,0.9470058,0.9548831,0.9612817,0.9489366,0.9453965,0.95090973,0.95879865,0.95235634,0.94855064,0.94496673,0.94898367,0.94844073,0.9612157,0.96109545,0.9639597,0.952721,0.94795775,0.94726443,0.9563086,0.94966173,0.95427215,0.9498122,0.96083254,0.95977706,0.9511094,0.9696932,0.78804886,0.9355103,0.94649047,0.93281454,0.93927085,0.9033005,0.95932096,0.94908464,0.9560077,0.95654786,0.94657034,0.9510191,0.9328126,0.94727135,0.94598615,0.9496734,0.9490464,0.9612515,0.9562647,0.95256793,0.9696932,0.94844306,0.9411439,0.95743763,0.9470268,0.95708334,0.95294076,0.9504125,0.95099974,0.9412444,0.9421546,0.9442962,0.9612405,0.94358945,0.9512349,0.95799315,0.9499454,0.95024884,0.9336301,0.9584532,0.8787678,0.95952535,0.93503886,0.9541639,0.9633509,0.9865417,0.94831216,0.9593457,0.95204014,0.9474811,0.9557879,0.95062435,0.9311545,0.95463103,0.9635684,0.9444068,0.94549423,0.94147384,0.94093686,0.96002555,0.9468513,0.95223284,0.9328393,0.9654063,0.9494299,0.9688769,0.9523751,0.9644773,0.9448679,0.9753036,0.95487964,0.94185597,0.9461347,0.95114774,0.9614572,0.94879615,0.9371049,0.9609235,0.96573526,0.9560787,0.93902606,0.95815307,0.95985657,0.9633439,0.95932984,0.9467046,0.9603288,0.9503978,0.95272976,0.9753036,0.9528116,0.9591961,0.9525672,0.9525967
47metersdown,0.94729584,1.0000001,0.9504174,0.9406068,0.950832,0.9455587,0.9523992,0.94670695,0.96549886,0.94795096,0.946799,0.94697917,0.94908565,0.95054144,0.9562661,0.95000654,0.9417005,0.9435189,0.93894064,0.9431653,0.9481619,0.9517451,0.95380396,0.94342804,0.93096006,0.8953018,0.94617444,0.93957907,0.9480907,0.945608,0.9382138,0.94907886,0.9404267,0.9404834,0.9326256,0.9137628,0.94608665,0.9382389,0.94943804,0.95363927,0.94941866,0.9421551,0.9541584,0.947005,0.94963515,0.9377416,0.9546037,0.9445164,0.93838966,0.9466585,0.9481974,0.96312785,0.95156604,0.94419456,0.93543005,0.9455597,0.9439243,0.93974245,0.95073897,0.9451204,0.9513889,0.92922324,0.9396945,0.9479485,0.9455033,0.9395891,0.9393181,0.9633848,0.93924093,0.92969346,0.9545464,0.7628253,0.9245567,0.94755554,0.9279136,0.9319777,0.9036405,0.9454108,0.9463197,0.94476473,0.94696915,0.9479241,0.9394631,0.9328357,0.9443989,0.9374592,0.9370367,0.9469179,0.9408227,0.9520428,0.9551965,0.9545464,0.94497335,0.953837,0.9485935,0.944058,0.93773425,0.94973826,0.9387199,0.94695216,0.926431,0.93024826,0.93926495,0.9522627,0.95419294,0.94917333,0.94687873,0.94186455,0.93938917,0.9303289,0.9506184,0.8808664,0.9441661,0.9176966,0.93978196,0.9398629,0.95050687,0.94274455,0.94791895,0.9513302,0.955293,0.9437821,0.94898856,0.92834467,0.94666255,0.9512143,0.94475347,0.938783,0.9412277,0.93624246,0.94485843,0.9551904,0.93724984,0.92183375,0.94418633,0.93917274,0.94647497,0.9486116,0.950468,0.93265015,0.96549886,0.94029516,0.93143153,0.93952304,0.9389322,0.95463574,0.93694496,0.9326565,0.9438154,0.93594104,0.9520797,0.94908226,0.9477478,0.9361994,0.9475481,0.94749826,0.94823205,0.94915277,0.9431162,0.93555886,0.96549886,0.94141304,0.94794303,0.9444763,0.9476288
abeautifuldaymovie,0.9470947,0.9504174,0.9999997,0.9437672,0.9544706,0.95374113,0.95831126,0.9597163,0.9764665,0.94964397,0.9534947,0.9570806,0.9585477,0.95033234,0.9519863,0.95570934,0.9584364,0.9595492,0.94827807,0.9412778,0.95757097,0.9669411,0.96590954,0.9528408,0.94777536,0.91913766,0.9467921,0.96114266,0.97069454,0.9451272,0.95469975,0.9555368,0.9501673,0.9491393,0.93105114,0.92492485,0.9555154,0.9579325,0.9535421,0.9482414,0.95094657,0.9613366,0.95517313,0.9559953,0.953939,0.9423464,0.9634481,0.9422907,0.9526181,0.96125853,0.97178596,0.962163,0.9449964,0.940118,0.9430703,0.95584595,0.94896215,0.95967335,0.94998914,0.95438313,0.9554846,0.94294006,0.9581824,0.944222,0.9556945,0.94671065,0.94699335,0.9626819,0.9425687,0.9341483,0.9651545,0.7812834,0.9465083,0.958511,0.9408349,0.9468863,0.91362166,0.95199233,0.9401282,0.9459753,0.9469949,0.9541722,0.9480679,0.9372402,0.96042866,0.94989556,0.9523897,0.94779384,0.95196855,0.96071976,0.9481831,0.9651545,0.9505477,0.95382833,0.9696916,0.9504503,0.94813573,0.9483515,0.94953865,0.96309435,0.93837607,0.93704575,0.9611238,0.95624954,0.9537473,0.9710695,0.9576235,0.9475109,0.955982,0.94295996,0.9516517,0.8815516,0.95684415,0.92696977,0.95798814,0.9484132,0.9564193,0.9396889,0.9572464,0.95423317,0.9540463,0.95814866,0.94794446,0.949356,0.9583843,0.9545395,0.9522621,0.9595681,0.9510688,0.9405463,0.95353705,0.95129335,0.9602872,0.9437317,0.95405084,0.9406604,0.9416846,0.94513196,0.95980614,0.94357866,0.9764665,0.9676157,0.93980116,0.94573087,0.95080465,0.9507063,0.9392002,0.93187344,0.9450046,0.94886905,0.95359755,0.9711633,0.95070094,0.9392123,0.946867,0.9570257,0.9609295,0.9541485,0.9542832,0.9576383,0.9764665,0.9421223,0.9539885,0.9644868,0.96637315
abominablemovie,0.9509734,0.9406068,0.9437672,1.0,0.95213366,0.9532569,0.95082873,0.96078175,0.97476614,0.94608545,0.94892055,0.9532786,0.9539372,0.9559607,0.952561,0.9526138,0.95031416,0.9456673,0.9499618,0.9508538,0.9552594,0.95981187,0.9576189,0.95140517,0.94113296,0.9046567,0.9502657,0.94621897,0.95917463,0.9554316,0.9483069,0.9600208,0.942643,0.94756806,0.9347889,0.9256517,0.9544692,0.95243615,0.9572983,0.95605946,0.9442684,0.9510827,0.94528544,0.94755626,0.9537091,0.95280564,0.96044487,0.9535554,0.9514938,0.9464784,0.9577877,0.9630957,0.9512913,0.9467744,0.93478966,0.9517895,0.9466552,0.95160663,0.95873743,0.95027524,0.9488615,0.95751274,0.9549424,0.94932026,0.96212304,0.94924325,0.9405851,0.9563625,0.94723356,0.93726796,0.95885974,0.7907146,0.93212694,0.9499109,0.94996095,0.9420496,0.9147796,0.95208085,0.9402724,0.9492851,0.9395642,0.9557921,0.9446089,0.9374811,0.95613736,0.94674,0.9511563,0.93550575,0.9530492,0.95940924,0.94926673,0.95885974,0.9502913,0.94130963,0.9572443,0.9564141,0.9565176,0.9478738,0.9404307,0.9493363,0.939395,0.9482347,0.9518814,0.96086645,0.95279986,0.96167636,0.95470417,0.9377071,0.94846773,0.94655097,0.96752983,0.87468,0.9489723,0.936502,0.9452637,0.9446122,0.951568,0.9443449,0.95296264,0.94706327,0.94557685,0.952729,0.9460499,0.94807905,0.95120066,0.95275664,0.9481302,0.94916034,0.94775426,0.93630046,0.950467,0.94220364,0.94870317,0.9428516,0.94962674,0.9526955,0.9485742,0.95175743,0.9591069,0.94662875,0.97476614,0.95391095,0.94804054,0.9365224,0.952958,0.9595965,0.94624037,0.95070773,0.9479738,0.9530972,0.9563702,0.92922914,0.9516451,0.94463336,0.9512343,0.9510061,0.9481351,0.95502836,0.9484189,0.9396958,0.97476614,0.94252837,0.95152485,0.95941454,0.9561889
adastramovie,0.9578037,0.950832,0.9544706,0.95213366,0.99999994,0.95357955,0.9615884,0.95781803,0.9788254,0.9543217,0.9542565,0.95315,0.9566444,0.96116126,0.9591638,0.9528666,0.9574528,0.9734206,0.9503631,0.95718914,0.95427644,0.9660849,0.96744215,0.94689494,0.94659775,0.90236926,0.96542495,0.958405,0.9578062,0.9504885,0.9551049,0.96097064,0.95270693,0.94139594,0.9377646,0.93144345,0.9643057,0.9570694,0.9558723,0.9534238,0.95284235,0.95429885,0.96295327,0.9550444,0.96166056,0.9490326,0.96815056,0.9552848,0.9429876,0.9582808,0.9574329,0.95901936,0.95399797,0.95045537,0.94033873,0.9701396,0.9562367,0.95742995,0.96111655,0.9533433,0.9584968,0.943751,0.95412606,0.9552692,0.94727534,0.9573172,0.95655024,0.9594504,0.9544459,0.94672304,0.9673343,0.77663827,0.93394166,0.96724874,0.93546915,0.9546828,0.91425234,0.95572764,0.9443596,0.9560141,0.9431426,0.9452902,0.95687443,0.9516367,0.95531285,0.9583233,0.94600886,0.9508504,0.9556852,0.9651397,0.96016145,0.9673343,0.95657146,0.9519153,0.9603614,0.95373386,0.953806,0.953772,0.9613443,0.9575032,0.94558746,0.9350302,0.9500914,0.9617335,0.95772135,0.95739543,0.96216863,0.95474356,0.95302093,0.94160163,0.96858853,0.8832022,0.9609978,0.93078035,0.9543893,0.9502692,0.9610041,0.9464676,0.94627464,0.96306366,0.9578957,0.9593289,0.94584244,0.94933146,0.9694491,0.95933145,0.94810295,0.9480831,0.9558571,0.9480325,0.9587469,0.971881,0.95342726,0.9447876,0.9659318,0.9442861,0.9511429,0.95262474,0.96054244,0.9497536,0.9788254,0.9557076,0.939655,0.9538198,0.9592613,0.9562342,0.9456373,0.9449423,0.95819837,0.94850475,0.96689916,0.95798564,0.95920753,0.9413639,0.96014637,0.9599658,0.95496297,0.95489043,0.9540099,0.9556935,0.9788254,0.9596777,0.9651137,0.9582775,0.9634089
adogsjourneymovie,0.9431884,0.9455587,0.95374113,0.9532569,0.95357955,1.0,0.95892644,0.94925404,0.9750473,0.9463765,0.95415866,0.95111454,0.9526098,0.9500537,0.9567527,0.95927626,0.94374686,0.954239,0.9335873,0.94700605,0.95263916,0.95638436,0.96806204,0.95242786,0.94401515,0.9132602,0.9565961,0.94781727,0.9595315,0.9583665,0.9506351,0.9470847,0.94410735,0.9460899,0.9297615,0.9221035,0.95519453,0.94689685,0.96079427,0.9537616,0.9544361,0.9610873,0.95857793,0.95707315,0.9538302,0.9499309,0.9644881,0.9533691,0.9490688,0.9594554,0.9589284,0.9574412,0.95053035,0.9415438,0.936597,0.9506571,0.94653517,0.95756906,0.960597,0.94954336,0.94699633,0.94328725,0.9567265,0.9464794,0.94864964,0.9575287,0.9483497,0.9551195,0.945752,0.93585175,0.9631519,0.79398924,0.93582374,0.9567622,0.94368947,0.94092464,0.9119546,0.94842845,0.9412382,0.95869374,0.943884,0.94842964,0.9536343,0.93306917,0.94333714,0.93971056,0.9472282,0.9484592,0.94751245,0.9611874,0.9546455,0.9631519,0.95569485,0.9450389,0.95675343,0.9547035,0.953542,0.94927627,0.952017,0.95469254,0.9456296,0.94781524,0.9600178,0.95417124,0.9494426,0.9575562,0.95940894,0.95254344,0.9427103,0.93777883,0.961979,0.8771143,0.9550842,0.92922103,0.9597515,0.9400664,0.9536111,0.9473608,0.9503979,0.9507542,0.95503265,0.9580186,0.952787,0.96621037,0.9567745,0.95960045,0.9534702,0.94616354,0.94802773,0.94539344,0.9481638,0.9497816,0.94989175,0.9405459,0.9578165,0.95463157,0.94442904,0.9528892,0.96157205,0.94503176,0.9750473,0.9576315,0.9430013,0.9474591,0.94731575,0.958283,0.9470755,0.93458134,0.9491114,0.9506419,0.9609932,0.95424575,0.9538435,0.9412568,0.954917,0.95688826,0.96595436,0.9412051,0.9394782,0.9554124,0.9750473,0.9418207,0.95221305,0.9649944,0.95542866
aftermathmovie,0.95453537,0.9523992,0.95831126,0.95082873,0.9615884,0.95892644,1.0000005,0.9559453,0.97906566,0.9525095,0.9568413,0.94696015,0.9495135,0.960622,0.955231,0.952274,0.95797706,0.95831424,0.95095366,0.95279115,0.955512,0.9601533,0.96534914,0.9518326,0.9459094,0.8930049,0.95764077,0.9626508,0.9574258,0.95806843,0.9536479,0.95595795,0.94795597,0.9372179,0.9304915,0.9243247,0.9629199,0.95200425,0.95858586,0.9552548,0.9544396,0.96519864,0.95904,0.9624557,0.9581056,0.9531739,0.96315604,0.95433104,0.94913155,0.96208376,0.9552291,0.96238714,0.9470923,0.9551456,0.9434425,0.9606583,0.9583356,0.96278954,0.9586416,0.96137166,0.9507755,0.9443111,0.95615876,0.95308036,0.9561547,0.9546969,0.9566047,0.9601409,0.9500785,0.94030213,0.96760124,0.7758992,0.9439868,0.95907223,0.9416032,0.9481513,0.9147152,0.9537314,0.95189184,0.95331144,0.9471322,0.972774,0.945144,0.9428968,0.95620877,0.9550907,0.9435671,0.94646853,0.9551118,0.96377915,0.95879525,0.96760124,0.9603388,0.9530464,0.9585569,0.9479381,0.9516677,0.95337504,0.9644906,0.959955,0.94696224,0.9504022,0.94920266,0.95752734,0.955577,0.95609725,0.9557942,0.9484613,0.9449802,0.9332188,0.9572503,0.88112557,0.95576227,0.92989767,0.95574176,0.9484498,0.9582739,0.9502043,0.95204294,0.9831973,0.9543762,0.9603954,0.9493019,0.9454582,0.9623887,0.95909923,0.95205903,0.9492268,0.9501249,0.9432634,0.96207875,0.95329475,0.9587095,0.95308065,0.962678,0.9592427,0.9513166,0.9540257,0.96253425,0.9396587,0.97906566,0.9563772,0.95135313,0.94408727,0.95082384,0.9588002,0.9467219,0.9354476,0.94694126,0.9478047,0.9823283,0.9608573,0.9522449,0.9365237,0.9557695,0.9606316,0.96128976,0.9567402,0.94968927,0.9522537,0.97906566,0.9499948,0.9647013,0.95680547,0.95847374
aftermovie,0.95632,0.94670695,0.9597163,0.96078175,0.95781803,0.94925404,0.9559453,1.0000004,0.97988415,0.9505546,0.9489231,0.9584559,0.95843256,0.96543276,0.955884,0.958232,0.95983946,0.9514054,0.9543209,0.9510699,0.9620717,0.96463084,0.9656425,0.953944,0.94677705,0.91040003,0.9516169,0.9604388,0.96612024,0.9536122,0.9554011,0.96256834,0.9456093,0.94955015,0.9418276,0.9414191,0.96041465,0.9632658,0.9541798,0.9568214,0.95356214,0.95765066,0.95720494,0.9526085,0.96488804,0.9464027,0.96375525,0.9535828,0.9527247,0.95343256,0.9676067,0.9689049,0.95383924,0.9536635,0.9474484,0.95770586,0.94961226,0.958174,0.96002233,0.959688,0.9570008,0.9569213,0.9606275,0.956599,0.9622558,0.9519222,0.94518274,0.96515477,0.9489362,0.9476768,0.9657887,0.8021828,0.9416389,0.95756805,0.94930774,0.9441735,0.91673654,0.9543422,0.9497731,0.94931686,0.95267886,0.9538622,0.9509695,0.9466945,0.9591008,0.95255506,0.9569523,0.9436834,0.958754,0.9620243,0.95541435,0.9657887,0.95872635,0.953953,0.96778655,0.94901013,0.9552754,0.95302767,0.95260775,0.9582253,0.9483953,0.94122434,0.95117867,0.96671724,0.9580191,0.967274,0.96068436,0.95274264,0.9575381,0.94667864,0.96522754,0.8919745,0.9583139,0.94460917,0.9537251,0.95550364,0.96173793,0.961598,0.9607714,0.953915,0.954323,0.954375,0.9474783,0.9483242,0.9594122,0.9615424,0.94163024,0.9591877,0.95224136,0.9516873,0.95902,0.94916725,0.95982116,0.94714713,0.9600795,0.9475568,0.95109004,0.9571421,0.9642058,0.9494061,0.97988415,0.9625151,0.9479217,0.9513407,0.95608133,0.96747786,0.9513055,0.94633144,0.957058,0.95338684,0.95619804,0.9478438,0.9557049,0.9391761,0.9586041,0.95886403,0.9567836,0.9578921,0.9661143,0.95554054,0.97988415,0.9417639,0.95672345,0.96467906,0.96324915
ahiddenlifefilm,0.9753036,0.96549886,0.9764665,0.97476614,0.9788254,0.9750473,0.97906566,0.97988415,1.0000002,0.9708655,0.97369474,0.9729985,0.97769105,0.9786569,0.97743636,0.97748965,0.97628295,0.97442937,0.96864676,0.9742071,0.9805302,0.9807399,0.9856426,0.974652,0.96735966,0.9276787,0.97288805,0.97679067,0.98165536,0.97277164,0.9710089,0.975705,0.96787584,0.96468043,0.9550786,0.9504363,0.98123276,0.97824675,0.9761223,0.9738269,0.9720695,0.9768987,0.9743697,0.9732242,0.97936743,0.9683946,0.98450637,0.97123307,0.9703986,0.97444594,0.9798155,0.98207945,0.9722171,0.9702378,0.96099555,0.9777303,0.9696852,0.9815435,0.9760053,0.9795312,0.97289264,0.96848625,0.9763737,0.9740641,0.97611696,0.97476846,0.97145945,0.9804687,0.9736903,0.96345544,0.9860618,0.80040234,0.96062696,0.9780367,0.9627091,0.96638083,0.9344187,0.9763571,0.96854854,0.9711874,0.9694476,0.97406155,0.97293967,0.964181,0.9757207,0.96815264,0.97297734,0.96868056,0.9750277,0.98087466,0.973399,0.9860618,0.9745539,0.96860176,0.9804099,0.97279674,0.97720057,0.9737133,0.97191584,0.97675943,0.9651828,0.9644905,0.97119856,0.98090523,0.9743153,0.9791188,0.9808565,0.97148734,0.9715247,0.96308714,0.98368084,0.90227777,0.9795889,0.9546262,0.976926,0.97185665,0.981473,0.9695636,0.9742431,0.9751776,0.9747156,0.97846776,0.9725171,0.9696139,0.98050714,0.97767144,0.9707545,0.9733592,0.9690459,0.9624893,0.9771599,0.970909,0.9757484,0.96369714,0.98193777,0.96781576,0.9668555,0.97520286,0.98208046,0.96558464,1.0000002,0.97934896,0.96423095,0.97066844,0.9762791,0.97873044,0.9671326,0.9612177,0.97354203,0.97321975,0.98018235,0.97169423,0.9739943,0.9602351,0.9771572,0.9805884,0.97670877,0.9748828,0.9717782,0.97469956,1.0000002,0.9673985,0.97936475,0.98228294,0.97976303
alitamovie,0.9526793,0.94795096,0.94964397,0.94608545,0.9543217,0.9463765,0.9525095,0.9505546,0.9708655,0.99999976,0.94234884,0.9519662,0.9563118,0.95322263,0.9541014,0.94780684,0.95588034,0.95060706,0.94910455,0.9504397,0.9561085,0.95616156,0.95669055,0.94723964,0.93700224,0.8957694,0.9461661,0.95033467,0.96133673,0.9563495,0.94629574,0.95534843,0.9406315,0.9430171,0.92125905,0.9245045,0.9559575,0.9498287,0.9541929,0.94376945,0.9472399,0.9465337,0.94889617,0.9406766,0.95895237,0.9507578,0.95263785,0.9505753,0.9376688,0.94533336,0.96365094,0.95799917,0.95636725,0.943186,0.94063365,0.9563601,0.9510531,0.9594542,0.9575265,0.9517569,0.9458438,0.93752635,0.94881034,0.95078486,0.9470026,0.9497446,0.9486589,0.9541177,0.9514254,0.93680453,0.9606198,0.7720045,0.9419857,0.95757717,0.92726487,0.944033,0.9106613,0.94195414,0.94009155,0.9533595,0.9481126,0.9407125,0.94505227,0.9339424,0.95287347,0.9390955,0.94333965,0.94443506,0.9545511,0.9611236,0.9532759,0.9606198,0.94284564,0.9521982,0.95554745,0.9513061,0.95333856,0.9464707,0.94580495,0.9512238,0.94144785,0.9393847,0.95312595,0.95555174,0.9669602,0.96540415,0.95052403,0.94658834,0.9496644,0.93302405,0.9679911,0.8772754,0.9584814,0.9169136,0.95208097,0.94041866,0.9544171,0.9507298,0.9533128,0.9531788,0.94642067,0.9515734,0.9499046,0.9359174,0.95411104,0.9568631,0.9440012,0.94797385,0.9436028,0.94581455,0.95724696,0.95189506,0.9495533,0.93217486,0.96571094,0.9534444,0.9417365,0.95405906,0.95990217,0.9451246,0.9708655,0.95645034,0.9394413,0.94476444,0.9532265,0.95408523,0.9452921,0.9340935,0.9549568,0.936659,0.9605185,0.939607,0.9532859,0.94636583,0.95054245,0.9597503,0.9512002,0.956788,0.9481418,0.9463004,0.9708655,0.9561443,0.9571749,0.9529532,0.95927787
angelhasfallen,0.9549895,0.946799,0.9534947,0.94892055,0.9542565,0.95415866,0.9568413,0.9489231,0.97369474,0.94234884,0.99999964,0.94340646,0.9497721,0.95704174,0.9530457,0.9494313,0.9521802,0.9497078,0.9490932,0.9564451,0.95791054,0.9549816,0.96453893,0.94493747,0.94187844,0.91576993,0.95351917,0.94762284,0.95702034,0.9552269,0.9516837,0.94681674,0.9519857,0.94078594,0.92908293,0.910361,0.95362574,0.9545919,0.94863766,0.94821537,0.95209754,0.9574716,0.9527108,0.95918256,0.95415485,0.94182503,0.96534723,0.9429776,0.9427216,0.95962524,0.95859945,0.95520735,0.94676054,0.9455141,0.93670684,0.9510779,0.9536277,0.9547541,0.951325,0.9621062,0.9519862,0.9428397,0.95201427,0.95113045,0.950199,0.9520315,0.94883835,0.95551044,0.9623932,0.94535613,0.9645882,0.774897,0.93342763,0.95139945,0.9441718,0.94298464,0.9162947,0.9553799,0.9425296,0.95258445,0.964685,0.9531372,0.94187397,0.9319952,0.9504292,0.94685936,0.9490342,0.94804025,0.9431054,0.9530735,0.9508569,0.9645882,0.9492291,0.942931,0.9578334,0.9566962,0.95818514,0.9580448,0.94255483,0.9551988,0.93434316,0.9316432,0.9404661,0.95322156,0.94322366,0.9575421,0.9625666,0.950111,0.9419411,0.9402383,0.95716774,0.8750794,0.9528023,0.91983646,0.94849694,0.9574232,0.95772624,0.9420514,0.9544877,0.956415,0.94784987,0.95342475,0.94933015,0.9459275,0.95527345,0.9564373,0.946282,0.94939876,0.94286925,0.9328304,0.95642906,0.94827837,0.9549926,0.9367053,0.95814806,0.9492883,0.9457205,0.94904864,0.9559888,0.9370466,0.97369474,0.9565447,0.9352946,0.9420145,0.9439388,0.95036685,0.94041795,0.9375023,0.94591624,0.9490435,0.95586026,0.9550079,0.94926035,0.9373567,0.95325255,0.9575403,0.95710164,0.95040566,0.94082797,0.9444553,0.97369474,0.9472962,0.95803857,0.9563621,0.9544838
angrybirdsmovie,0.9499288,0.94697917,0.9570806,0.9532786,0.95315,0.95111454,0.94696015,0.9584559,0.9729985,0.9519662,0.94340646,1.0,0.9469227,0.958379,0.96153826,0.95548207,0.94965637,0.9419398,0.9442563,0.9558264,0.9645164,0.9592716,0.95308113,0.9569342,0.9483624,0.912982,0.9486459,0.9465101,0.9647629,0.9571697,0.9492746,0.9444896,0.9386725,0.96453387,0.92701465,0.9238967,0.9527888,0.94283336,0.95401275,0.95068246,0.94849795,0.9481419,0.9470967,0.94303197,0.9610547,0.9408709,0.95462877,0.9626012,0.94761175,0.9452738,0.9633514,0.9562575,0.95191336,0.9386407,0.938651,0.9517434,0.94661295,0.9542528,0.9466802,0.94864595,0.9460427,0.9431115,0.94722056,0.95143366,0.9499172,0.9481608,0.9491372,0.95705104,0.94105536,0.9297742,0.95567435,0.7831963,0.93486714,0.95813715,0.9346953,0.93536747,0.91649073,0.94884104,0.9392588,0.9514324,0.95162123,0.9427639,0.9496068,0.9445236,0.9612534,0.9353413,0.9477149,0.94040847,0.94957584,0.96343195,0.94943243,0.95567435,0.9440582,0.94874185,0.96283215,0.9593722,0.94487137,0.9493591,0.95007545,0.946628,0.933245,0.9369871,0.9614088,0.9578819,0.95556235,0.96366405,0.95580316,0.9443348,0.957838,0.933886,0.9615598,0.89796305,0.95150167,0.93803155,0.95379454,0.9416171,0.95702446,0.9481426,0.96415955,0.94945,0.94980896,0.94592977,0.9452732,0.942174,0.9571592,0.9544363,0.9358918,0.9633228,0.9434843,0.9441242,0.9524447,0.93935555,0.95695925,0.9299314,0.95534754,0.9432144,0.94699043,0.9459421,0.9639094,0.93362284,0.9729985,0.95217127,0.9318594,0.95742023,0.95155513,0.95304304,0.9399349,0.9336197,0.95309716,0.95106304,0.9535197,0.9357125,0.95810133,0.94077146,0.9499651,0.9478949,0.9431304,0.9553294,0.94876987,0.9498435,0.9729985,0.9461171,0.9473865,0.9530907,0.95974225
annabellemovie,0.9540309,0.94908565,0.9585477,0.9539372,0.9566444,0.9526098,0.9495135,0.95843256,0.97769105,0.9563118,0.9497721,0.9469227,0.99999976,0.95310855,0.95274884,0.9565222,0.95066845,0.9577687,0.949281,0.94449186,0.96400857,0.95951885,0.95955247,0.9534135,0.9436871,0.9107523,0.9519517,0.9576651,0.9577259,0.9452613,0.9546222,0.9599285,0.94771206,0.9470908,0.95191884,0.9317666,0.95893085,0.971529,0.95572007,0.9504191,0.96046406,0.955901,0.956327,0.95573753,0.95793384,0.93590623,0.9558811,0.94806504,0.9433652,0.95454556,0.95905656,0.9604361,0.95878005,0.946662,0.9418569,0.96140337,0.9471113,0.96388894,0.9575577,0.95939535,0.96346086,0.94607127,0.96862406,0.9597266,0.951263,0.94930387,0.9455681,0.9619209,0.9537112,0.9377621,0.9665539,0.7740472,0.9470307,0.96165764,0.9532382,0.94597703,0.92281514,0.95433974,0.94875765,0.95312756,0.9432417,0.9525931,0.95907766,0.94297135,0.9651606,0.9540755,0.9662423,0.97346014,0.95452195,0.95755076,0.9517685,0.9665539,0.94864744,0.9503111,0.9599003,0.9418769,0.95956254,0.9421767,0.94541883,0.95982665,0.9393921,0.93816525,0.9499829,0.95735365,0.956297,0.95759183,0.9658356,0.9628067,0.9496286,0.9445151,0.96527267,0.8805404,0.96525955,0.9291537,0.9598781,0.954595,0.9638941,0.9510455,0.9482358,0.9477422,0.96169186,0.9538346,0.9524862,0.9435791,0.95325774,0.95676523,0.96095556,0.95495987,0.9477125,0.94159126,0.95512533,0.95450455,0.9536625,0.9350254,0.96846086,0.9395327,0.9406247,0.94875944,0.96175396,0.94225466,0.97769105,0.95781714,0.9388094,0.94919854,0.96111673,0.9582852,0.9499461,0.9543743,0.9620935,0.95671105,0.955308,0.9541044,0.9546555,0.9372128,0.9654384,0.96733016,0.9490424,0.96078587,0.9561694,0.9649686,0.97769105,0.9540731,0.959871,0.9573915,0.954451
annamovie,0.95799804,0.95054144,0.95033234,0.9559607,0.96116126,0.9500537,0.960622,0.96543276,0.9786569,0.95322263,0.95704174,0.958379,0.95310855,1.0000001,0.9555492,0.94924366,0.9510739,0.94610476,0.95628154,0.9573137,0.9581523,0.9611868,0.965003,0.9555357,0.9490607,0.9094205,0.9531484,0.95630324,0.960594,0.9507656,0.94864714,0.9600019,0.95181435,0.9482121,0.94093615,0.9257819,0.96900004,0.9595094,0.95746887,0.9553944,0.9570249,0.95285267,0.9540527,0.9492441,0.96265745,0.9433486,0.9635796,0.95727295,0.94424886,0.94852036,0.96025777,0.9639261,0.95445466,0.9487192,0.9353441,0.96108687,0.9520099,0.9561219,0.95556206,0.96038,0.95680636,0.9520662,0.9530387,0.96844995,0.958284,0.95100814,0.95578945,0.96274686,0.95918274,0.94376856,0.9628214,0.79443055,0.9377513,0.95692563,0.94105774,0.94358873,0.9112161,0.9605809,0.9596119,0.9571286,0.95801103,0.94930506,0.9484934,0.9479489,0.9526322,0.95888066,0.94988453,0.9445314,0.9613126,0.9617858,0.9491085,0.9628214,0.95080763,0.94329333,0.96658003,0.9566669,0.9665279,0.9531416,0.9447308,0.9696521,0.9427626,0.9479647,0.9517337,0.9619671,0.96655303,0.95671475,0.9614788,0.9472593,0.9549461,0.9427419,0.966567,0.8826624,0.9553942,0.92859745,0.95177543,0.95909715,0.959579,0.9574628,0.95850396,0.96362054,0.95405376,0.95586884,0.95112115,0.94105226,0.96083194,0.95010763,0.9505696,0.9596684,0.9501488,0.93746656,0.96316886,0.95177495,0.9517481,0.9426665,0.9618902,0.9513002,0.94818294,0.957963,0.96224934,0.94074225,0.9786569,0.9569993,0.93242735,0.9526734,0.95445925,0.9598336,0.94602114,0.9447062,0.94996285,0.95639443,0.96096474,0.94449097,0.95500284,0.946108,0.95310104,0.9600782,0.9563362,0.9586621,0.9513945,0.9550028,0.9786569,0.9550226,0.96023357,0.9590744,0.96175724
apollo11movie,0.9547272,0.9562661,0.9519863,0.952561,0.9591638,0.9567527,0.955231,0.955884,0.97743636,0.9541014,0.9530457,0.96153826,0.95274884,0.9555492,0.99999964,0.95750546,0.95571375,0.9535215,0.9497185,0.979918,0.95879227,0.9650633,0.96007234,0.9602217,0.94834036,0.89355135,0.9507403,0.9467912,0.9593447,0.9519897,0.9455971,0.9584505,0.9490223,0.94946796,0.93826497,0.93563765,0.9636862,0.95230395,0.9522534,0.95514035,0.95195556,0.9527905,0.9551788,0.9480679,0.95697516,0.9531664,0.9598527,0.95397747,0.9496345,0.951707,0.95724225,0.961953,0.95642453,0.956194,0.95032233,0.9532931,0.94668895,0.96420926,0.9562473,0.959763,0.9488283,0.9468363,0.95268893,0.9518569,0.95558107,0.9534562,0.95687956,0.9626805,0.95541596,0.9468188,0.9688573,0.78654087,0.9362302,0.9536114,0.94106007,0.9416673,0.9231759,0.95754474,0.9483601,0.9571376,0.9534801,0.9524395,0.95085514,0.9487068,0.9586605,0.9484824,0.948897,0.948533,0.95794225,0.96175003,0.9537475,0.9688573,0.9528914,0.95252556,0.960052,0.97147423,0.95542973,0.9595136,0.94816995,0.9526265,0.9448009,0.9482738,0.95532787,0.9632674,0.9576003,0.9569087,0.9605821,0.950046,0.95172685,0.9379675,0.9630169,0.90374166,0.9618637,0.9385592,0.956908,0.94741887,0.9601911,0.95292246,0.9570668,0.95100486,0.9494629,0.96493,0.9533888,0.9517654,0.9584093,0.9614708,0.9413116,0.9470076,0.94519,0.9498696,0.95105475,0.9498053,0.95307857,0.9361052,0.9637064,0.9424296,0.95354396,0.94958836,0.969682,0.94528764,0.97743636,0.9581517,0.94527745,0.95470524,0.9512184,0.9521297,0.94580334,0.94110554,0.95291907,0.95292705,0.9584034,0.950823,0.95610857,0.9500066,0.9566644,0.9601122,0.9484188,0.9582008,0.9539726,0.95706344,0.97743636,0.94701415,0.96102935,0.95241475,0.9577445
arcticdogsmovie,0.95450574,0.95000654,0.95570934,0.9526138,0.9528666,0.95927626,0.952274,0.958232,0.97748965,0.94780684,0.9494313,0.95548207,0.9565222,0.94924366,0.95750546,1.0,0.9606753,0.94609755,0.9464925,0.9550141,0.9645103,0.96090674,0.9632084,0.9609804,0.94932556,0.9136319,0.95126075,0.9576441,0.9635318,0.95416474,0.9518568,0.9514894,0.94579345,0.94027376,0.942007,0.94254726,0.9621303,0.95550877,0.95672655,0.958985,0.9519481,0.9531066,0.9542944,0.94909096,0.9531907,0.95419353,0.96371275,0.950681,0.9595755,0.94805735,0.95839334,0.961637,0.9535851,0.95854956,0.9437246,0.94733346,0.94617313,0.96363,0.95603096,0.9537018,0.9424293,0.95384336,0.94713646,0.9518537,0.9561261,0.9567651,0.94786215,0.9614561,0.9513176,0.9397119,0.96124244,0.7766754,0.9449701,0.95228267,0.9456441,0.9471284,0.91500425,0.9551428,0.9486764,0.94753015,0.9489182,0.9519637,0.9536231,0.94477695,0.9546127,0.94291663,0.95283246,0.94767636,0.9479843,0.9664146,0.9519447,0.96124244,0.9517083,0.94993764,0.9587695,0.9506164,0.95751,0.9523547,0.9514467,0.9497714,0.9585878,0.9533239,0.9565393,0.9597186,0.9549207,0.96013564,0.95891875,0.9650431,0.96671146,0.9451147,0.96362746,0.89777535,0.959,0.9441497,0.9622423,0.95360154,0.96282464,0.9436823,0.9536492,0.950292,0.95193434,0.95895374,0.9576167,0.9472566,0.95686734,0.9615841,0.95031327,0.95018345,0.9461783,0.9504116,0.9538305,0.9569953,0.95998263,0.9411862,0.9608495,0.9467064,0.9510795,0.95252794,0.9564985,0.94523746,0.97748965,0.9618721,0.9564628,0.9490559,0.95328647,0.96141195,0.9512433,0.9448742,0.9531344,0.95300204,0.95044786,0.94526994,0.955234,0.9375378,0.95672137,0.95775706,0.95532244,0.95023566,0.9510128,0.95541674,0.97748965,0.94205433,0.9571687,0.96300304,0.9591722
arcticmovie,0.95812064,0.9417005,0.9584364,0.95031416,0.9574528,0.94374686,0.95797706,0.95983946,0.97628295,0.95588034,0.9521802,0.94965637,0.95066845,0.9510739,0.95571375,0.9606753,0.99999994,0.95352787,0.95450497,0.95916003,0.9657788,0.95891327,0.9639824,0.9538082,0.9486977,0.90839165,0.95192885,0.9699492,0.9599105,0.95227826,0.9515439,0.95205605,0.947609,0.9393502,0.92807364,0.9216955,0.9614263,0.95418745,0.94913083,0.9507713,0.94448125,0.9522099,0.94388324,0.9454794,0.9533225,0.9484157,0.9653613,0.940359,0.9575086,0.9482131,0.9579052,0.9616,0.9516901,0.94727796,0.93621236,0.9546496,0.9516716,0.9679247,0.95038056,0.9525586,0.94587445,0.94363827,0.94951844,0.94396865,0.9616943,0.95102113,0.9442043,0.96328044,0.95267,0.940795,0.96042866,0.77257276,0.9460547,0.9564598,0.9367806,0.94775593,0.90817785,0.94904083,0.9372673,0.9417586,0.94356763,0.9502216,0.94859284,0.94707656,0.95282966,0.93645173,0.9470803,0.9492193,0.94812185,0.9687176,0.95296234,0.96042866,0.9471784,0.9534297,0.95651215,0.9487556,0.94830257,0.95095944,0.95852345,0.9473901,0.9433919,0.9492902,0.9538975,0.95728886,0.957709,0.9599608,0.9586156,0.9422294,0.9543717,0.94742054,0.96126443,0.8886961,0.9603852,0.929575,0.9604672,0.95152456,0.95720375,0.95064217,0.95927155,0.9514517,0.9557062,0.9670534,0.9508578,0.94505584,0.9541427,0.96133494,0.9477629,0.9433467,0.9504268,0.93954116,0.957439,0.95889527,0.98030245,0.95288277,0.96410406,0.9449832,0.93985313,0.9555638,0.9558432,0.950809,0.97628295,0.9632342,0.95354205,0.9384314,0.9507749,0.956554,0.9462245,0.9330274,0.948384,0.943179,0.954884,0.94357276,0.9484131,0.9361586,0.9518647,0.9598919,0.95326376,0.9477291,0.9559063,0.95192534,0.97628295,0.9327176,0.9615343,0.9634673,0.9589951
artofracingmovie,0.9453431,0.9435189,0.9595492,0.9456673,0.9734206,0.954239,0.95831424,0.9514054,0.97442937,0.95060706,0.9497078,0.9419398,0.9577687,0.94610476,0.9535215,0.94609755,0.95352787,0.9999998,0.94000614,0.944482,0.9524019,0.95590556,0.9666702,0.94854563,0.94575083,0.8934899,0.9635086,0.95597017,0.95320195,0.95067936,0.9475034,0.95762295,0.95308447,0.9396982,0.93215895,0.93546045,0.95207494,0.9585758,0.95391554,0.9477735,0.94795513,0.96303034,0.9589857,0.96051776,0.954212,0.9463921,0.96432495,0.939302,0.9433613,0.96511567,0.9538445,0.9575648,0.94521827,0.94648784,0.9393008,0.9718005,0.95269716,0.95463395,0.95363337,0.95312804,0.95390964,0.9380766,0.9569011,0.95291615,0.94648063,0.95179063,0.9516488,0.9582095,0.94846654,0.9433157,0.96633154,0.7615082,0.94337416,0.9587322,0.9381429,0.9427241,0.92202777,0.9512739,0.9398739,0.95263034,0.9417533,0.95041746,0.95860773,0.94743156,0.95101684,0.94980985,0.94935745,0.9521321,0.9458347,0.95595217,0.95160735,0.96633154,0.955434,0.95540315,0.9503465,0.9500634,0.9510475,0.94937456,0.94949824,0.9533057,0.93826747,0.9301055,0.94430083,0.9551813,0.9500486,0.9547646,0.95675486,0.94610864,0.93899685,0.94750136,0.9580359,0.8712327,0.95727634,0.9280334,0.95404494,0.9422077,0.9541845,0.9396339,0.9421329,0.9573027,0.9549291,0.9587553,0.95581806,0.9443622,0.9540809,0.95876276,0.9523919,0.94362605,0.9605008,0.9418486,0.9555579,0.96249723,0.9489985,0.9408915,0.9564459,0.9454373,0.9387886,0.95177585,0.96185476,0.9582137,0.97442937,0.9560118,0.9358886,0.9481992,0.95466906,0.9502331,0.9432536,0.9424495,0.94826865,0.94021684,0.9606985,0.96126705,0.9524551,0.93921685,0.95650655,0.9630436,0.9580838,0.95104504,0.952289,0.9463635,0.97442937,0.9545763,0.96141565,0.96009225,0.95675343
avengers,0.9693602,0.93894064,0.94827807,0.9499618,0.9503631,0.9335873,0.95095366,0.9543209,0.96864676,0.94910455,0.9490932,0.9442563,0.949281,0.95628154,0.9497185,0.9464925,0.95450497,0.94000614,0.9999995,0.94939,0.950692,0.9525687,0.95016086,0.945858,0.9451769,0.8981217,0.94091547,0.94809574,0.95388234,0.9464097,0.9653175,0.956048,0.9453809,0.93872213,0.92546445,0.9212241,0.9620653,0.94891685,0.9379196,0.942381,0.94780463,0.9495211,0.9422214,0.942653,0.94431233,0.94327044,0.9514332,0.9431927,0.93938434,0.9451569,0.9524189,0.9596435,0.94908386,0.9394415,0.9346535,0.9497692,0.94351834,0.95227885,0.94512945,0.95280796,0.94862384,0.9473449,0.9455549,0.9520226,0.9517644,0.94611865,0.9482318,0.9593111,0.9551979,0.95206654,0.96053416,0.78188556,0.9335442,0.94393295,0.9235072,0.9325335,0.8921655,0.9502215,0.93943465,0.9422226,0.94059646,0.93986744,0.95095706,0.9405628,0.94530433,0.9476171,0.94453853,0.94429636,0.9517621,0.95214885,0.94360787,0.96053416,0.9430793,0.9426063,0.95675856,0.94777906,0.95194995,0.94850177,0.941797,0.95142,0.9434006,0.93893945,0.94421303,0.95439065,0.9462877,0.9505822,0.95909774,0.9484376,0.9439789,0.93042177,0.9560411,0.88089216,0.9507998,0.9174455,0.9400752,0.9489333,0.95473844,0.9408877,0.95231205,0.9471248,0.95000875,0.9553162,0.933446,0.93422025,0.94812465,0.9548255,0.93027365,0.94786024,0.93812776,0.9443896,0.95386666,0.9387962,0.95130336,0.9335318,0.952366,0.9436677,0.9470801,0.94900286,0.95770603,0.9427102,0.96864676,0.9539773,0.94585603,0.9485926,0.9443987,0.9590198,0.9461228,0.9263126,0.9525577,0.94729537,0.9441778,0.9358584,0.95339686,0.95019317,0.9561336,0.954663,0.9447461,0.9602468,0.95251244,0.9455824,0.96864676,0.9389064,0.95715004,0.94941664,0.95453715
beachbummovie,0.95299596,0.9431653,0.9412778,0.9508538,0.95718914,0.94700605,0.95279115,0.9510699,0.9742071,0.9504397,0.9564451,0.9558264,0.94449186,0.9573137,0.979918,0.9550141,0.95916003,0.944482,0.94939,1.0000001,0.9570493,0.9623741,0.95764595,0.9573017,0.94983083,0.89485586,0.95231915,0.9485446,0.9561738,0.95220774,0.9425516,0.94951946,0.9488614,0.937668,0.9255566,0.93030834,0.9650394,0.9476592,0.95037925,0.9513279,0.9483421,0.9472212,0.9454693,0.94596964,0.95587015,0.95080465,0.95941275,0.95035064,0.9497733,0.9469661,0.95114505,0.9577112,0.95106447,0.9556794,0.9401698,0.9483267,0.9439689,0.9576567,0.95049876,0.9591531,0.94138986,0.9385847,0.9507143,0.9527784,0.95444643,0.95047104,0.9521304,0.9551216,0.9578132,0.95272666,0.9640367,0.7866616,0.93538004,0.95102113,0.9353423,0.9465575,0.9153773,0.94786644,0.93843335,0.9425988,0.9475253,0.9456953,0.94749445,0.94625187,0.9496748,0.93991405,0.94169915,0.94811165,0.95137334,0.9594023,0.95317805,0.9640367,0.94849133,0.9493345,0.9536981,0.9617264,0.95666236,0.96878105,0.94491845,0.9503568,0.94420975,0.9537877,0.946483,0.96318054,0.9528825,0.9516935,0.9583147,0.9427315,0.9489293,0.9300352,0.965337,0.8904354,0.95587194,0.93706053,0.95122313,0.9466692,0.955427,0.9470324,0.95464605,0.9498607,0.94768983,0.9594651,0.95200247,0.9432774,0.95909667,0.96030205,0.93782866,0.94650215,0.94422454,0.9404588,0.95497125,0.9484511,0.9594023,0.93848526,0.9595221,0.9444059,0.9512718,0.94915366,0.9595755,0.93878394,0.9742071,0.9527169,0.94198465,0.9483574,0.94937897,0.94958395,0.9449629,0.93147224,0.95126855,0.9498018,0.9560728,0.93931913,0.94529396,0.94131625,0.9563025,0.9609913,0.9447229,0.9516831,0.95112824,0.9474743,0.9742071,0.94441175,0.95675373,0.9506879,0.94964075
bernadettefilm,0.96246177,0.9481619,0.95757097,0.9552594,0.95427644,0.95263916,0.955512,0.9620717,0.9805302,0.9561085,0.95791054,0.9645164,0.96400857,0.9581523,0.95879227,0.9645103,0.9657788,0.9524019,0.950692,0.9570493,1.0000004,0.9598048,0.96251726,0.9545696,0.9560319,0.918765,0.9530514,0.95630574,0.963271,0.95760185,0.9505264,0.95897895,0.9475025,0.95198035,0.9469102,0.94463986,0.96085274,0.96585673,0.9611064,0.9589115,0.9577359,0.9525804,0.950911,0.9463264,0.96255344,0.95253485,0.963018,0.9561616,0.95505,0.9482477,0.96483064,0.96276903,0.9557683,0.9593262,0.9502445,0.96319336,0.9517112,0.96739846,0.9524879,0.9596518,0.9478875,0.95417583,0.95335525,0.95709276,0.9632555,0.9535022,0.9535409,0.96338695,0.95267653,0.9379764,0.9642432,0.78317404,0.9515308,0.96180415,0.9500922,0.94682425,0.9198387,0.9528214,0.9460089,0.9582804,0.9581887,0.95752096,0.9547539,0.950541,0.9666077,0.94255173,0.9551099,0.95073956,0.95316863,0.96313214,0.9536355,0.9642432,0.945338,0.95217514,0.9631532,0.9551416,0.95163053,0.9505249,0.9535604,0.95453805,0.94734955,0.9441324,0.9540201,0.9611065,0.9604849,0.9656397,0.963558,0.9530667,0.96325886,0.9457796,0.96624464,0.9000466,0.9694325,0.94465184,0.9704248,0.95577323,0.9676842,0.9531815,0.9676929,0.9588783,0.956587,0.9611435,0.9627806,0.94239897,0.95670265,0.9636944,0.95327777,0.958104,0.9506672,0.9369373,0.9709024,0.95055085,0.9671772,0.9454612,0.970427,0.9468543,0.9512378,0.9590818,0.9632217,0.94864297,0.9805302,0.9622622,0.94755405,0.94993603,0.9585405,0.9617382,0.9560359,0.9526878,0.9627232,0.96017784,0.95981103,0.9439761,0.96377516,0.9444306,0.95653045,0.9637107,0.9547039,0.9594757,0.9596082,0.9659413,0.9805302,0.9477761,0.9664588,0.96534854,0.96199185
