movie,21bridgesmovie,47metersdown,abeautifuldaymovie,abominablemovie,adastramovie,adogsjourneymovie,aftermathmovie,aftermovie,ahiddenlifefilm,alitamovie,angelhasfallen,angrybirdsmovie,annabellemovie,annamovie,apollo11movie,arcticdogsmovie,arcticmovie,artofracingmovie,avengers,beachbummovie,bernadettefilm,blackandbluemovie,blackchristmas,blindedbythelightmovie,bombshellmovie,booksmart,breakthroughmovie,brianbanksmovie,brightburnmovie,brittanyrunsmov,captainmarvelofficial,captivestatemovie,catsmovie,charliesangels,childsplaymovie,clarathefilm,coldpursuitmovie,countdown,currentwarmovie,darkwatersmovie,detectivepikachumovie,disneyaladdin,disneyfrozen,disneymaleficent,doctorsleepmovie,dolemiteismyname,dontletgomovie,doramovie,downtonabbey_official,dumbo,escaperoom,everybodyknowsmovie,fastandfuriousmovie,fightingwmyfam,fivefeetapartfilm,fordvferrari,freaksthefilm,geminimanmovie,glassmovie,gloriabellmovie,godzillamovie,goldfinchmovie,goodboysmovie,goodliarmovie,gretafilm,halathemovie,happydeathdaymovie,harrietfilm,hellboymovie,hersmellmovie,highlifemovie,highstrungmovie,honeyboymovie,hotelmumbaifilm,httydragon,hustlemovie,hustlersmovie,isntitromantic,itmovieofficial,jayandsilentbob,johnwickmovie,jojorabbitmovie,jokermovie,judythefilm,jumanjimovie,justmercyfilm,knivesout,lalloronamovie,lastblackmansf,lastchristmasthemovie,latenightmovie,lighthousemovie,lionking,littlethemovie,littlewomenmovie,littlewoodsfilm,longshotmovie,lordsofchaosmovie,lucyintheskyfilm,mamovie2019,marriagestory,meettheaddams,meninblack,midsommarmovie,midwaymovie,missbalamovie,missinglinkfilm,motherlessbklyn,onceinhollywood,onthebasisofsex,overcomermovie,peanutbutterfalcon,petsematarymovie,piercingmovie,playingwithfire,playmobilthemovie,pomsmovie,queenandslim,rambomovie,readyornotfilm,richardjewellfilm,rocketmanmovie,scarystoriesmovie,secretlifeofpets,serenityfilm,shaftmovie,shazammovie,spidermanmovie,spiesindisguise,starwars,stormboymovie,stubermovie,taosdfilm,teenspiritmov,terminator,theaeronautsmov,thebestofenemies,thedeaddontdie,thefarewell,thehighwaymen,thehummingbirdprojectfilm,theintrudermovie,theirishmanfilm,thekitchenmovie,thelegomovie,themustangfilm,thenightingalefilm,theprodigymovie,thesunisalsoastar,theupsidefilm,tolkienmovie,toystory,triplefrontier,uglydolls,uncutgems,underthesilverlake,usmovie,wavesmovie,whatmenwant,wonderparkmovie,wrinklestheclown,xmenmovies,yardiefilm,yesterdaymovie,zombieland
21bridgesmovie,1.0000002,0.9477335,0.96074057,0.95700246,0.9588554,0.94422114,0.9664753,0.95445484,0.97850347,0.94712335,0.9567382,0.9491014,0.96557444,0.9568853,0.9605898,0.9533378,0.95360196,0.9590799,0.97183144,0.95117944,0.95233315,0.9520624,0.95556724,0.96927816,0.9544383,0.9028509,0.9485662,0.94977313,0.956675,0.9571725,0.94878554,0.95625895,0.9451113,0.9503441,0.9447246,0.93653643,0.9602649,0.963469,0.9581473,0.9487875,0.9563938,0.957837,0.94300485,0.9554993,0.9562048,0.9629488,0.9547514,0.9541059,0.95331544,0.9558945,0.96545666,0.9682989,0.9560288,0.9445944,0.94452006,0.9495048,0.95062786,0.9570366,0.9535019,0.95544577,0.95441216,0.95306647,0.94701993,0.96284014,0.96383846,0.9539472,0.9359708,0.9610244,0.9591161,0.9487557,0.9647961,0.82195944,0.94388676,0.9514053,0.9536067,0.9483556,0.93750983,0.95494646,0.9468501,0.9590356,0.956521,0.9519905,0.9665097,0.9503924,0.9568805,0.9524456,0.9584708,0.965869,0.9569248,0.9625786,0.9650773,0.9647961,0.949186,0.95902365,0.95739865,0.96026385,0.9506441,0.96007127,0.95027333,0.9579085,0.96179974,0.95670193,0.9400363,0.9575983,0.95677936,0.96297956,0.96139777,0.95616955,0.95230526,0.96171117,0.96295166,0.90463704,0.95416206,0.9372097,0.94394916,0.9713287,0.98871094,0.9547929,0.95979714,0.9693793,0.95506686,0.95019406,0.95616984,0.95113456,0.96566117,0.95014673,0.95016193,0.95821106,0.95469254,0.9386125,0.94902456,0.9404466,0.94501674,0.9412646,0.9542509,0.9541877,0.97001064,0.95729905,0.96226877,0.9666564,0.97850347,0.9555984,0.9614417,0.9593177,0.96040994,0.9614984,0.9500891,0.9453372,0.9629922,0.9741047,0.9661587,0.95228565,0.9530271,0.95791644,0.96292144,0.9639789,0.95215106,0.9566205,0.9586266,0.9529147,0.97850347,0.9532753,0.9590284,0.95893246,0.9664302
47metersdown,0.9477335,0.9999998,0.9475947,0.9453963,0.951649,0.9286633,0.9575309,0.9464879,0.97247136,0.9463335,0.9454805,0.93046826,0.94690955,0.94643104,0.95792687,0.9653111,0.9511174,0.9488713,0.9465433,0.94545984,0.95184934,0.94735104,0.94584674,0.9493993,0.9420809,0.89891243,0.955252,0.9564674,0.95073485,0.94131464,0.94227195,0.95485735,0.9330767,0.95462775,0.94236916,0.9227663,0.9434794,0.9433258,0.95600754,0.94840014,0.94845825,0.95002615,0.9326276,0.9503927,0.9613092,0.95239943,0.9492421,0.942445,0.94771457,0.9477508,0.9526298,0.95333445,0.95316124,0.9496428,0.94411975,0.94966716,0.94397664,0.9476955,0.95837647,0.9514125,0.9447495,0.9460631,0.9582296,0.94589674,0.9494717,0.952336,0.94223636,0.94968075,0.9461348,0.93330675,0.96058565,0.7964628,0.9342486,0.9500246,0.9370178,0.9463622,0.9196682,0.95261294,0.94258404,0.95633376,0.9392285,0.9375635,0.9459833,0.9389706,0.93923265,0.9442822,0.9382466,0.95466036,0.95194066,0.9595193,0.9422216,0.96058565,0.94148177,0.95161,0.9465515,0.9549287,0.93772155,0.96315813,0.9398419,0.9423869,0.94517434,0.95120895,0.92669034,0.95747447,0.95308286,0.95012593,0.9571403,0.94385356,0.9487714,0.94887966,0.9600766,0.87659943,0.9521009,0.9254148,0.9405841,0.95311224,0.953313,0.95045316,0.9529371,0.9421187,0.9346411,0.9492131,0.9504926,0.93619645,0.9571597,0.946648,0.94703805,0.94603944,0.9466184,0.9376061,0.94605684,0.9365903,0.95144045,0.938323,0.9551784,0.94052005,0.94467074,0.94719285,0.95777315,0.9532435,0.97247136,0.9554936,0.943616,0.9418409,0.93715054,0.9574822,0.94585294,0.9465504,0.94217575,0.9466117,0.9465228,0.9373471,0.9451277,0.93354446,0.95150393,0.9545914,0.9308414,0.94802344,0.9525052,0.94573545,0.97247136,0.94839984,0.9439763,0.9461686,0.9548988
abeautifuldaymovie,0.96074057,0.9475947,1.0000004,0.95394814,0.95925045,0.942202,0.9581938,0.93917,0.97620654,0.9434459,0.9452826,0.958979,0.95290136,0.9549751,0.9573666,0.951615,0.95574945,0.9560569,0.96559155,0.94510347,0.956866,0.95495814,0.9475769,0.9647447,0.946355,0.8986942,0.9424365,0.95086676,0.9667912,0.95108545,0.9508599,0.9551599,0.9351385,0.95614815,0.93976575,0.939454,0.95770967,0.95443946,0.96024173,0.9460972,0.94728094,0.9572722,0.9427793,0.9571041,0.95591265,0.9568736,0.9484538,0.95357144,0.94078344,0.9555259,0.9727756,0.9555039,0.9387588,0.9495026,0.9475858,0.95258677,0.9436682,0.9528785,0.95809335,0.95001215,0.95940375,0.9498032,0.94834024,0.95781976,0.952299,0.9470321,0.9388533,0.95662165,0.9558424,0.931537,0.95751643,0.81427205,0.94110435,0.95969623,0.9384349,0.9489267,0.9202792,0.95275676,0.9541251,0.9583748,0.95371765,0.9444427,0.96207637,0.9541227,0.9584699,0.9490028,0.9557531,0.9524904,0.95723444,0.95902663,0.95429474,0.95751643,0.9486353,0.95332944,0.96779484,0.9517451,0.9476101,0.9494676,0.941113,0.9444561,0.956355,0.9578185,0.9487614,0.95422214,0.94918954,0.972432,0.9624959,0.95963025,0.95315766,0.9510458,0.96380407,0.88171756,0.946731,0.9198051,0.9351392,0.96071047,0.96053714,0.94835126,0.96345377,0.95125335,0.95125645,0.9516265,0.96270674,0.95286214,0.96586525,0.9493375,0.94997644,0.95757824,0.9613449,0.9491229,0.9558487,0.9455613,0.94705224,0.93883234,0.9563662,0.9517691,0.95170593,0.94948554,0.9597525,0.9572574,0.97620654,0.9638521,0.9583481,0.95400405,0.9504783,0.9550154,0.94520736,0.940038,0.9599403,0.95026296,0.9536243,0.96558625,0.94823945,0.9223374,0.9554697,0.9528901,0.9377413,0.9520638,0.95060486,0.94804823,0.97620654,0.94203,0.94798416,0.942457,0.9682791
abominablemovie,0.95700246,0.9453963,0.95394814,0.9999995,0.95405275,0.94645435,0.96066064,0.94287205,0.9741051,0.94091374,0.9428119,0.94904065,0.9550709,0.95096684,0.9564581,0.9471102,0.9508381,0.95585406,0.9551222,0.94911236,0.949224,0.9465894,0.95406646,0.9612277,0.9522459,0.9150943,0.9452446,0.956987,0.95980716,0.9409046,0.9402795,0.95114666,0.9410717,0.9514779,0.9457314,0.9499679,0.95282394,0.956673,0.9592795,0.9370728,0.94994223,0.9504461,0.9296619,0.94245565,0.95127916,0.960238,0.95364314,0.94219023,0.9487546,0.94397587,0.95610535,0.9606047,0.95132816,0.9463301,0.9524679,0.9513377,0.94954014,0.9535101,0.96200526,0.968807,0.9461175,0.9631324,0.94625664,0.9448368,0.9558196,0.9525372,0.9376836,0.95171463,0.9443079,0.9295858,0.96939117,0.8225477,0.9311043,0.95403093,0.9594009,0.9420301,0.93960446,0.94700664,0.9423961,0.9498597,0.9427846,0.95114684,0.9529192,0.94693863,0.96100545,0.9439846,0.95287627,0.9581515,0.9585325,0.9561669,0.95027053,0.96939117,0.9418627,0.95121986,0.9475132,0.95611936,0.93462515,0.95326537,0.9480034,0.95880276,0.9538905,0.95431894,0.9500044,0.95624906,0.95152897,0.9531522,0.95465046,0.94243854,0.94801456,0.95133346,0.9575534,0.89479256,0.94437456,0.94212663,0.93251806,0.94863284,0.95948035,0.9536531,0.95600563,0.9526165,0.9443972,0.9462656,0.9575104,0.9518908,0.9548533,0.9421088,0.9467163,0.9451475,0.95417076,0.9362298,0.9501775,0.9487175,0.9423587,0.93703365,0.9575344,0.9401729,0.95347553,0.9435014,0.9692714,0.962066,0.9741051,0.9478286,0.95268655,0.9479561,0.94793254,0.96080804,0.9575231,0.95174277,0.94879305,0.9504944,0.9524469,0.94519365,0.95547915,0.9188029,0.9546985,0.957208,0.9525571,0.95850575,0.95585614,0.9428432,0.9741051,0.94937575,0.9528235,0.9544364,0.9605813
adastramovie,0.9588554,0.951649,0.95925045,0.95405275,0.9999999,0.9466792,0.9642452,0.962831,0.98093337,0.9692377,0.94526345,0.94876397,0.96268797,0.9601062,0.9651565,0.96205395,0.95618784,0.97758216,0.9613905,0.9569313,0.9621182,0.95895135,0.9581078,0.967423,0.9563211,0.91081595,0.9565414,0.95684516,0.9624976,0.9523825,0.95791256,0.96068263,0.9453125,0.9542696,0.95212495,0.9407295,0.9581348,0.9602327,0.9647806,0.95287836,0.9565492,0.962184,0.95404226,0.95504564,0.9694317,0.96013445,0.9604381,0.9655259,0.9577754,0.9581485,0.9662231,0.96726686,0.9615481,0.95803237,0.9570775,0.97595936,0.9521462,0.96372837,0.96632344,0.9596848,0.95692235,0.9507919,0.9576762,0.96061933,0.9619043,0.9530697,0.952789,0.96272475,0.95297396,0.939967,0.9648452,0.810125,0.94455266,0.9552629,0.95011824,0.94846606,0.9256867,0.96592194,0.9557264,0.95433813,0.95116013,0.9612461,0.9718539,0.95872676,0.95863795,0.95928967,0.9525121,0.96187204,0.95916873,0.96187854,0.9532802,0.9648452,0.9544615,0.9627505,0.9587904,0.9593578,0.9558125,0.9637172,0.95315695,0.9521022,0.9524885,0.9627701,0.94603425,0.96297073,0.9553218,0.9622401,0.96409386,0.95871484,0.95634365,0.95658046,0.96097904,0.8889195,0.95547533,0.937521,0.9489119,0.96187335,0.960151,0.9605166,0.9651939,0.95453566,0.9565216,0.95675015,0.96081555,0.9531529,0.9643687,0.95997024,0.95147896,0.9554344,0.9754763,0.9480181,0.9597577,0.96820354,0.96055406,0.9369887,0.96302396,0.9478627,0.9492964,0.9584281,0.9643761,0.9623852,0.98093337,0.96494174,0.9585906,0.96015626,0.95509917,0.9698827,0.9510244,0.9528875,0.9606877,0.94846255,0.95914775,0.95960057,0.9520859,0.9261466,0.9639304,0.9599627,0.9496381,0.9520814,0.96500075,0.95056903,0.98093337,0.96488327,0.9480165,0.9590293,0.958958
adogsjourneymovie,0.94422114,0.9286633,0.942202,0.94645435,0.9466792,0.9999997,0.9434696,0.9466131,0.96592456,0.9290895,0.93870074,0.93798923,0.94679654,0.94848907,0.95931196,0.94226235,0.9352211,0.95220184,0.9476609,0.94191074,0.9391477,0.9484323,0.9554669,0.9514062,0.942596,0.88827676,0.941086,0.9385524,0.9475073,0.9416989,0.933987,0.93693143,0.9566006,0.9383821,0.92864305,0.9284739,0.9467897,0.9415342,0.9497059,0.9260564,0.93952686,0.94896877,0.93856496,0.93904984,0.9497823,0.9557761,0.95269746,0.95232844,0.9388483,0.93994397,0.9452057,0.9504396,0.9520019,0.93378747,0.947223,0.94141686,0.93581927,0.9479289,0.93944806,0.9437717,0.94765866,0.9354513,0.9416067,0.9459943,0.94859916,0.9404619,0.9415054,0.9398312,0.9440276,0.9235306,0.9480131,0.78613806,0.9297655,0.9448253,0.9472494,0.9315851,0.92146266,0.94951594,0.9512329,0.9568225,0.94677895,0.9447747,0.95844185,0.94069785,0.9342912,0.9374819,0.9371921,0.94852453,0.94989043,0.94527274,0.9425698,0.9480131,0.9457777,0.95302194,0.9378466,0.9463941,0.9409091,0.9399005,0.9371407,0.9461059,0.94769293,0.95171195,0.93819684,0.9431533,0.93870974,0.9413294,0.9356768,0.9366908,0.9349364,0.94606453,0.9513583,0.8616843,0.93187386,0.9243694,0.9213034,0.9468964,0.94366425,0.95545334,0.94380796,0.93456376,0.94315064,0.94493556,0.94088507,0.95861113,0.9428376,0.9460902,0.9474806,0.9399595,0.9513978,0.92125636,0.9403481,0.93703693,0.9321677,0.9247397,0.9372841,0.9396961,0.93998045,0.93563104,0.9510003,0.95147234,0.96592456,0.9432616,0.95084953,0.9445348,0.93965554,0.9472296,0.9434753,0.92716813,0.94343054,0.9410429,0.94211036,0.9439118,0.94879293,0.9085454,0.94647855,0.95776486,0.9471388,0.94106525,0.9407652,0.9302339,0.96592456,0.9392027,0.95501477,0.9550594,0.94165176
aftermathmovie,0.9664753,0.9575309,0.9581938,0.96066064,0.9642452,0.9434696,0.9999997,0.9609292,0.9809813,0.9543311,0.95088845,0.9510013,0.96663773,0.9652203,0.9617849,0.9642808,0.9589194,0.9569551,0.9613517,0.9518438,0.9606684,0.953201,0.95345235,0.96600854,0.9480124,0.9156411,0.9525646,0.9587183,0.95668143,0.96076334,0.95703155,0.9664419,0.9529282,0.9607024,0.95584065,0.9414901,0.95533335,0.9601617,0.9624795,0.95427036,0.9575841,0.95981675,0.9411744,0.9569076,0.97067094,0.95162183,0.95451564,0.95890516,0.95714307,0.9542482,0.9615666,0.9688363,0.95933384,0.95188487,0.95782614,0.9578208,0.9596,0.96105194,0.969641,0.96831244,0.9615939,0.95516557,0.96286726,0.9670437,0.9629211,0.9559989,0.94968617,0.96432513,0.9539662,0.9414462,0.9725626,0.8184633,0.94456613,0.95854837,0.95361274,0.95587426,0.9351005,0.96746,0.953088,0.9654239,0.9508785,0.97572607,0.9659254,0.9507638,0.9661557,0.963354,0.95239544,0.96728384,0.9597664,0.96666485,0.95821315,0.9725626,0.9493326,0.95553213,0.9592441,0.9634525,0.9508866,0.9655564,0.96890616,0.95896584,0.95337856,0.95800024,0.9439124,0.9674502,0.96250564,0.9573216,0.96270216,0.9553251,0.9512404,0.9574924,0.9622325,0.9040645,0.96197987,0.9402362,0.9493071,0.9606007,0.96623904,0.95205355,0.96120113,0.98475146,0.9550897,0.9531099,0.96655726,0.94831085,0.96778667,0.9550889,0.9633308,0.95221114,0.96182203,0.9387197,0.95530236,0.95231974,0.95697314,0.9470229,0.958673,0.9573763,0.95798814,0.9571945,0.97184646,0.9583311,0.9809813,0.9580454,0.95705956,0.95307326,0.95094794,0.96703756,0.9568728,0.95572454,0.9569571,0.959905,0.9829057,0.9523032,0.95107263,0.9424507,0.96721876,0.96246445,0.9487827,0.97127265,0.9590634,0.95341873,0.9809813,0.9624841,0.96375984,0.9553629,0.9626815
aftermovie,0.95445484,0.9464879,0.93917,0.94287205,0.962831,0.9466131,0.9609292,0.99999976,0.9732142,0.9474517,0.9498641,0.94609535,0.9584911,0.9615177,0.96295685,0.9507342,0.9514388,0.9553452,0.9467715,0.951067,0.95819664,0.9433283,0.9533728,0.96277916,0.94848967,0.9049974,0.94952977,0.94913596,0.9464041,0.9465668,0.93898237,0.95260465,0.95187306,0.94751424,0.9341146,0.9238298,0.9557946,0.9533109,0.958483,0.9451995,0.9475115,0.94940484,0.9441105,0.9491101,0.9604286,0.95351887,0.95350415,0.95541,0.9562111,0.947787,0.95467854,0.96173567,0.95945084,0.94711554,0.9561722,0.949649,0.9493744,0.955624,0.95389134,0.95203346,0.9505825,0.9430871,0.95153934,0.95507425,0.9523452,0.94563496,0.94807476,0.95032537,0.9477391,0.9457549,0.9580547,0.7981185,0.92423856,0.953143,0.9515148,0.9414169,0.92147195,0.955564,0.94110334,0.9524708,0.95685124,0.956708,0.9566901,0.9420816,0.9423037,0.9482686,0.94739085,0.9617486,0.95869213,0.95647734,0.9479469,0.9580547,0.95393527,0.95609415,0.951317,0.95455176,0.9459048,0.9608342,0.9491609,0.95923775,0.9454949,0.95377856,0.9282902,0.95816696,0.94988006,0.9496098,0.9514714,0.94447833,0.9368965,0.9509939,0.9573751,0.87934595,0.9520841,0.9284562,0.94667566,0.9511305,0.95485336,0.95244306,0.9546192,0.9586255,0.9478206,0.9535504,0.94380414,0.95048976,0.9485905,0.9459702,0.9474536,0.9481756,0.9539017,0.9300731,0.95210963,0.9456664,0.95002276,0.9358909,0.9515867,0.9429761,0.9538535,0.9537427,0.957512,0.95037377,0.9732142,0.9438509,0.9497475,0.9507557,0.95011383,0.95439917,0.94717896,0.9355964,0.95167536,0.9447725,0.9509599,0.9472839,0.94421774,0.93151385,0.95183647,0.9563737,0.9601115,0.95444214,0.9648227,0.94831866,0.9732142,0.94656307,0.9535773,0.963171,0.95106715
ahiddenlifefilm,0.97850347,0.97247136,0.97620654,0.9741051,0.98093337,0.96592456,0.9809813,0.9732142,1.0,0.96896815,0.9707571,0.9680251,0.9795128,0.9771089,0.9839693,0.97692925,0.97604537,0.97763395,0.9768966,0.9723656,0.977459,0.97620875,0.9742594,0.98127925,0.97410494,0.92596847,0.97006595,0.9742734,0.9764732,0.9696924,0.96860653,0.9769391,0.96639514,0.97430575,0.9658924,0.9578068,0.97620565,0.9746585,0.98180735,0.9674965,0.9738697,0.9792968,0.9658934,0.97567624,0.9791073,0.98129267,0.9751029,0.973436,0.9734842,0.975452,0.9813326,0.9829248,0.9770315,0.97034734,0.97060966,0.97533894,0.9680182,0.97774017,0.9794517,0.97470105,0.97416013,0.97085744,0.9727993,0.97862244,0.9770553,0.9743732,0.96472853,0.97613925,0.97267497,0.961151,0.98167753,0.8247905,0.9624492,0.97539955,0.9703426,0.96590203,0.94969225,0.97720516,0.96995795,0.9787839,0.9739675,0.97014046,0.9818074,0.97036,0.9707307,0.9706865,0.9710987,0.98029697,0.9794018,0.9815211,0.9720379,0.98167753,0.97269225,0.9791638,0.9740418,0.98030007,0.96942335,0.979163,0.9671531,0.9728028,0.9760544,0.98004895,0.9628068,0.9761053,0.97382236,0.9784095,0.9785833,0.97524697,0.9702837,0.9775495,0.98522407,0.9094217,0.9744745,0.9549295,0.96519923,0.97811973,0.98141503,0.9757456,0.97975856,0.9738853,0.9701394,0.97456837,0.9763476,0.9702035,0.9834308,0.9719414,0.9703523,0.97213805,0.9779881,0.9597471,0.97367036,0.96622145,0.9718516,0.9587395,0.9774124,0.9698829,0.9738003,0.97314173,0.9805122,0.9821114,1.0,0.97799677,0.97497547,0.9771053,0.9717985,0.98086995,0.96983916,0.96722555,0.979876,0.97217745,0.9779597,0.9724045,0.97416216,0.9525857,0.97730213,0.976475,0.9645455,0.9745668,0.97641754,0.9715298,1.0,0.9709237,0.97480756,0.9766009,0.9796309
alitamovie,0.94712335,0.9463335,0.9434459,0.94091374,0.9692377,0.9290895,0.9543311,0.9474517,0.96896815,0.9999996,0.9391628,0.9337238,0.95059633,0.94572264,0.9511647,0.9476534,0.94199353,0.9583322,0.945351,0.94307613,0.9526107,0.9366242,0.9417329,0.9584978,0.9483367,0.89771587,0.95157045,0.9434342,0.94038,0.9490552,0.9423979,0.9494373,0.9288517,0.9412018,0.9444389,0.9212519,0.9458165,0.9426265,0.95473826,0.9419438,0.95112395,0.94564193,0.9366711,0.94512284,0.9570018,0.9488898,0.9447425,0.94511867,0.9466946,0.94102365,0.9468784,0.9526842,0.9585515,0.94323665,0.94112986,0.96661675,0.9416837,0.9483001,0.95123506,0.9493181,0.9446632,0.9486425,0.9517005,0.9468107,0.9520805,0.94327205,0.93774986,0.9508377,0.9477433,0.93601555,0.95567954,0.7769564,0.9375412,0.9420978,0.9356737,0.9473392,0.9125553,0.9501254,0.94226366,0.94538945,0.94643563,0.93998283,0.9540407,0.9449498,0.94101316,0.9376203,0.9441521,0.9541721,0.94366527,0.9595301,0.948882,0.95567954,0.94442254,0.94958526,0.94468766,0.94911313,0.9494149,0.95128727,0.94740033,0.9429151,0.93850434,0.95481944,0.92737687,0.95428795,0.9603754,0.94508016,0.9508738,0.9436357,0.9425061,0.943684,0.95312685,0.8829325,0.95265585,0.9229782,0.9538034,0.9584564,0.95107234,0.94406456,0.94726264,0.9411387,0.94484377,0.94749177,0.94835925,0.94713646,0.9572574,0.9407792,0.94408506,0.9416421,0.95556927,0.930077,0.9479158,0.95004785,0.9450525,0.922352,0.9584713,0.94244623,0.9454278,0.943785,0.9565678,0.9522384,0.96896815,0.9423849,0.9405542,0.95150673,0.94040984,0.9558008,0.9391039,0.94233495,0.94765437,0.93740714,0.9482679,0.93954283,0.9353922,0.9211147,0.95534354,0.9460627,0.92915356,0.9495055,0.95070225,0.94601524,0.96896815,0.9537151,0.93731165,0.9376567,0.94564605
angelhasfallen,0.9567382,0.9454805,0.9452826,0.9428119,0.94526345,0.93870074,0.95088845,0.9498641,0.9707571,0.9391628,1.0000001,0.93626696,0.95447,0.94793904,0.9558931,0.9523153,0.947242,0.9440335,0.952009,0.9424041,0.9435896,0.94256943,0.943024,0.95188576,0.94753337,0.909379,0.945094,0.9414049,0.94460803,0.9454739,0.92713046,0.94157046,0.94222444,0.9381806,0.9411564,0.9228543,0.9452196,0.9435648,0.9603214,0.933054,0.9395503,0.94828045,0.9385273,0.95217603,0.95186824,0.95547634,0.9439349,0.953883,0.94753605,0.95472974,0.9512167,0.9458591,0.94564474,0.9499069,0.9340137,0.94342977,0.9473791,0.94050753,0.9371745,0.9418026,0.9420167,0.9398463,0.94087213,0.94616276,0.9414478,0.94810486,0.93132085,0.94978344,0.9678267,0.9400032,0.95276326,0.79251546,0.93048525,0.9510364,0.9508875,0.93205523,0.91157496,0.9402854,0.93694377,0.95017266,0.9728728,0.94135296,0.94778967,0.9361775,0.9441817,0.9413014,0.95365256,0.9508653,0.95167005,0.9465378,0.94055736,0.95276326,0.94493425,0.9480724,0.9406092,0.9632804,0.94969296,0.94991916,0.93469185,0.9468116,0.9475841,0.9496026,0.93274295,0.9459366,0.9515781,0.95134306,0.9516856,0.94991213,0.9365524,0.95505476,0.95995784,0.89714915,0.95444924,0.92429245,0.94384134,0.9620187,0.9511298,0.9411487,0.94566184,0.94540006,0.9484892,0.9454465,0.9415049,0.94699603,0.95204777,0.93633467,0.9486998,0.94578755,0.935715,0.9248697,0.94297343,0.9392615,0.95063215,0.9321338,0.94527304,0.9399651,0.944902,0.93993646,0.95271564,0.9499554,0.9707571,0.9523535,0.9457638,0.9469794,0.9391593,0.9456021,0.93461037,0.939908,0.949887,0.95684695,0.94949234,0.95050585,0.9486774,0.93590105,0.94362277,0.94597816,0.92953306,0.943342,0.9497125,0.94992507,0.9707571,0.9424292,0.94679946,0.9467746,0.9517173
angrybirdsmovie,0.9491014,0.93046826,0.958979,0.94904065,0.94876397,0.93798923,0.9510013,0.94609535,0.9680251,0.9337238,0.93626696,1.0,0.95149726,0.95933753,0.9501285,0.93857974,0.9489344,0.94709104,0.95061654,0.92522,0.9376434,0.9527499,0.94015664,0.95969284,0.9464703,0.92313236,0.93378305,0.9459831,0.9650684,0.94164616,0.9396435,0.9406067,0.93471676,0.95677835,0.93612623,0.93774736,0.95466834,0.9442154,0.9626265,0.92936176,0.94088787,0.9563507,0.940703,0.95592535,0.9569444,0.9483292,0.94174117,0.9492038,0.95194364,0.9554066,0.971273,0.94403845,0.94243526,0.9492538,0.94268537,0.9458693,0.9369754,0.9446004,0.95343125,0.95359915,0.9506754,0.9516013,0.9486908,0.9466372,0.9457372,0.9395401,0.93393487,0.9382319,0.9435939,0.9322154,0.9544155,0.81714004,0.9262563,0.95289534,0.9468605,0.9383778,0.925826,0.9521224,0.94029135,0.9441469,0.94540805,0.94835454,0.949272,0.94709206,0.95327497,0.9449927,0.9442568,0.9613206,0.9499975,0.95821244,0.9432219,0.9544155,0.9540149,0.95517296,0.96571094,0.9471195,0.9397307,0.93727875,0.94333625,0.9465044,0.9460372,0.95121515,0.95107305,0.9569309,0.94262826,0.9727406,0.9491407,0.943454,0.9529325,0.9428929,0.9505293,0.8960458,0.947769,0.9336731,0.9363413,0.9465021,0.95068127,0.9434192,0.94862235,0.9436347,0.9378685,0.9419557,0.94315416,0.9366941,0.9564831,0.9389516,0.94620055,0.9540923,0.95170426,0.9467257,0.94052,0.93842924,0.93054813,0.9320053,0.9432462,0.93798447,0.9380636,0.93350303,0.9651734,0.94790936,0.9680251,0.95337015,0.9494773,0.9526476,0.95019054,0.9453234,0.9503828,0.93511003,0.94396895,0.9515572,0.9434514,0.94345707,0.9385103,0.91502017,0.9500105,0.9518988,0.9447674,0.94994617,0.9510944,0.9401895,0.9680251,0.9349418,0.9364672,0.94394624,0.96571875
annabellemovie,0.96557444,0.94690955,0.95290136,0.9550709,0.96268797,0.94679654,0.96663773,0.9584911,0.9795128,0.95059633,0.95447,0.95149726,1.0000002,0.96176887,0.9577149,0.95884615,0.9663123,0.95682055,0.9647746,0.94908595,0.95495814,0.9575899,0.9589379,0.9653771,0.9547471,0.9046288,0.9540528,0.9643494,0.95780975,0.9552146,0.94896805,0.96534777,0.94964087,0.9507246,0.95242363,0.9414669,0.95857733,0.96747595,0.9630581,0.947427,0.9682536,0.9673815,0.94958174,0.9582549,0.958164,0.9605727,0.95422745,0.96272784,0.9554356,0.96145993,0.9642262,0.9674297,0.9619039,0.9554498,0.95789117,0.9552168,0.9544588,0.963543,0.9638608,0.96513003,0.9619362,0.95380074,0.9445963,0.9655579,0.9554399,0.9468465,0.94831043,0.95984495,0.9513864,0.9419988,0.97237444,0.8163657,0.95114386,0.95746964,0.9517566,0.94233453,0.9295957,0.95428926,0.9556355,0.9651849,0.9558109,0.9650881,0.971863,0.95261127,0.96297663,0.94750744,0.9624397,0.98376375,0.9653544,0.9596324,0.946558,0.97237444,0.94974303,0.9558147,0.95433396,0.95888126,0.9488998,0.95850503,0.9587701,0.9539464,0.9563887,0.965051,0.9392476,0.965,0.95521,0.9609335,0.9593255,0.96022445,0.95270824,0.9576971,0.96153456,0.9062655,0.95515776,0.94300646,0.9442001,0.9593097,0.9662757,0.95824254,0.95510525,0.95900816,0.9551422,0.9522291,0.96075606,0.953592,0.96060234,0.95149815,0.9577088,0.95484984,0.95885104,0.93956244,0.9521717,0.9515488,0.95316726,0.93814874,0.95718664,0.9563994,0.95432574,0.9586514,0.967694,0.9629959,0.9795128,0.95875835,0.96033734,0.96153265,0.9601886,0.9674177,0.95363295,0.9507551,0.9669582,0.9600297,0.96611565,0.9570261,0.951764,0.94585234,0.9643435,0.96103287,0.94927484,0.96871006,0.9580684,0.95058787,0.9795128,0.9530434,0.9570669,0.9595355,0.96486104
annamovie,0.9568853,0.94643104,0.9549751,0.95096684,0.9601062,0.94848907,0.9652203,0.9615177,0.9771089,0.94572264,0.94793904,0.95933753,0.96176887,0.9999996,0.9604057,0.9630224,0.961153,0.95464075,0.95705146,0.9475592,0.9564099,0.95845133,0.95443624,0.96624017,0.955373,0.8986698,0.94209504,0.9601034,0.95869964,0.9562199,0.95108795,0.9586462,0.94942844,0.9562028,0.93972653,0.93389887,0.96898663,0.95676684,0.9611348,0.9413415,0.95445013,0.96297604,0.94872844,0.9611023,0.96049535,0.9545404,0.95624566,0.9623096,0.95661235,0.9577177,0.96324146,0.9560318,0.95712095,0.9470285,0.9549012,0.952755,0.94709766,0.95733696,0.95767045,0.95753694,0.9590301,0.94444585,0.9598297,0.9773681,0.9484978,0.9563673,0.953503,0.943955,0.95438176,0.94010705,0.9651968,0.7863079,0.94008976,0.9571646,0.9529221,0.9418316,0.9277706,0.9617112,0.94817203,0.9611221,0.95234483,0.9594948,0.96148664,0.9526045,0.9553738,0.9575413,0.9507238,0.96612835,0.96394074,0.96379095,0.9512993,0.9651968,0.9632806,0.9562018,0.957315,0.95724994,0.9516483,0.9586958,0.9489826,0.9650129,0.9536076,0.95723313,0.9469628,0.9616276,0.9664637,0.95845675,0.9564705,0.9635977,0.9527195,0.94895184,0.9653574,0.8998055,0.95531327,0.9336772,0.94492924,0.9514703,0.95926833,0.95001394,0.9558943,0.9585623,0.95180476,0.9519209,0.960023,0.9430806,0.9618346,0.94595575,0.9548853,0.9579596,0.95970315,0.94780725,0.9563643,0.95182824,0.9521793,0.95020556,0.95570797,0.95773333,0.9546213,0.9497864,0.96865493,0.9550725,0.9771089,0.9573931,0.958889,0.96433336,0.94760114,0.9576009,0.9578445,0.9417946,0.96107185,0.9541128,0.9583094,0.9503609,0.9441195,0.9326218,0.9606536,0.9614337,0.95219934,0.9635583,0.958534,0.952153,0.9771089,0.9510688,0.9552523,0.9604218,0.96032536
apollo11movie,0.9605898,0.95792687,0.9573666,0.9564581,0.9651565,0.95931196,0.9617849,0.96295685,0.9839693,0.9511647,0.9558931,0.9501285,0.9577149,0.9604057,1.0000004,0.9662938,0.9562929,0.9587986,0.96012706,0.973692,0.9622138,0.96342504,0.9603381,0.9652982,0.9601555,0.9159141,0.95511174,0.9541998,0.9594495,0.9514641,0.95703924,0.9609095,0.95653284,0.9564054,0.94291323,0.93411905,0.9600767,0.95522374,0.9645396,0.9572714,0.9486337,0.95993286,0.9512303,0.9571142,0.96380824,0.96438694,0.96268046,0.959359,0.96134657,0.9571798,0.9631924,0.968228,0.9641316,0.95366955,0.95615995,0.965047,0.953818,0.9584431,0.9613473,0.9514982,0.9534539,0.9580499,0.96171683,0.96046996,0.9619092,0.9634323,0.94882125,0.9613742,0.9585425,0.945894,0.9614986,0.8053161,0.94805384,0.95558614,0.95137376,0.95298,0.93553877,0.9627464,0.9504506,0.96036845,0.9585509,0.9564329,0.9613781,0.95533204,0.9453464,0.95802134,0.950192,0.9654352,0.9591874,0.9664086,0.9572428,0.9614986,0.957007,0.9703022,0.9536304,0.9777475,0.9562093,0.9687964,0.9497374,0.95747113,0.95869994,0.9623818,0.9461347,0.96026814,0.9596687,0.96099627,0.95956165,0.95297575,0.95556444,0.96129256,0.97250324,0.8883691,0.95452034,0.926468,0.945597,0.9637224,0.9646945,0.96427464,0.9712329,0.9614164,0.94481593,0.956211,0.9605079,0.9571218,0.9680018,0.95883834,0.9571182,0.9591734,0.9589712,0.93752116,0.9595123,0.9465325,0.9627571,0.9432679,0.96263975,0.9487116,0.96267545,0.95118076,0.9579475,0.965336,0.9839693,0.96310776,0.95922,0.95143014,0.9485583,0.9630311,0.94889665,0.95093983,0.9590304,0.95539635,0.9584497,0.95531356,0.9613869,0.9299428,0.9587403,0.96241456,0.95384604,0.95558697,0.96129185,0.94935066,0.9839693,0.9509405,0.9559702,0.9641533,0.96169096
arcticdogsmovie,0.9533378,0.9653111,0.951615,0.9471102,0.96205395,0.94226235,0.9642808,0.9507342,0.97692925,0.9476534,0.9523153,0.93857974,0.95884615,0.9630224,0.9662938,1.0000004,0.9565949,0.95184505,0.9593658,0.9562641,0.9513525,0.95682347,0.94567144,0.9595219,0.9461119,0.911121,0.94523203,0.9562075,0.9529188,0.94962525,0.94707894,0.9585867,0.94663817,0.9497077,0.9451594,0.92604494,0.94898516,0.9422895,0.95991683,0.9494697,0.9443334,0.9587724,0.94610137,0.9585941,0.96309084,0.9584946,0.9484662,0.9571159,0.95445657,0.9573892,0.9553026,0.9598574,0.951037,0.95217055,0.9529528,0.9546074,0.93926746,0.9598706,0.96234834,0.94804066,0.9502724,0.9493,0.95562226,0.9665756,0.9494803,0.9565918,0.94399774,0.9575943,0.9476409,0.93702555,0.9560495,0.7983726,0.9453485,0.9507691,0.9450355,0.9413596,0.91630054,0.9561154,0.9531595,0.9615383,0.9477015,0.95091206,0.9563345,0.94747233,0.94791263,0.95339334,0.9486703,0.9569962,0.9564291,0.9588077,0.95156866,0.9560495,0.95280546,0.9543281,0.94611025,0.96343154,0.94588095,0.96037203,0.94272375,0.9477378,0.9473435,0.95945734,0.93562275,0.95372707,0.95344675,0.95365965,0.9579495,0.9630088,0.95714533,0.94884765,0.9630456,0.8923678,0.95762664,0.9302526,0.9398784,0.95337236,0.9518161,0.9486668,0.96361953,0.95124525,0.9463117,0.9547793,0.9625993,0.94180894,0.96312934,0.94732755,0.94907886,0.9504122,0.95411974,0.94309545,0.9497115,0.93710566,0.94778043,0.9399694,0.9599888,0.9501417,0.9461495,0.9480865,0.95609015,0.9520382,0.97692925,0.9600613,0.95531535,0.95266515,0.9462097,0.9620063,0.94529986,0.94312024,0.95788103,0.95506275,0.9558159,0.95075876,0.9491715,0.9407736,0.95045793,0.9482783,0.9325453,0.9526602,0.95963424,0.947728,0.97692925,0.956749,0.9470342,0.9492749,0.95456934
arcticmovie,0.95360196,0.9511174,0.95574945,0.9508381,0.95618784,0.9352211,0.9589194,0.9514388,0.97604537,0.94199353,0.947242,0.9489344,0.9663123,0.961153,0.9562929,0.9565949,0.99999946,0.94312614,0.9530142,0.9501398,0.9494236,0.9566736,0.947561,0.9606851,0.9529029,0.9025345,0.9427701,0.97228885,0.9574127,0.9498897,0.93587226,0.9562287,0.94138664,0.9542487,0.9436956,0.93585056,0.9546456,0.96124965,0.95806116,0.94786483,0.9577857,0.9615737,0.94764465,0.9575592,0.95934474,0.9570634,0.9464286,0.945853,0.9489286,0.9589616,0.96387804,0.96050304,0.9518507,0.94477934,0.9473827,0.94415575,0.95653373,0.96079105,0.9573145,0.9623079,0.96208334,0.9532788,0.94929,0.9583516,0.94816697,0.96017677,0.93598634,0.9535137,0.95209163,0.9447172,0.9715016,0.8403827,0.9355372,0.95798224,0.9455745,0.94673884,0.9324276,0.9522646,0.9484603,0.9551325,0.94665056,0.94690543,0.9595036,0.9481945,0.94957775,0.95131886,0.95464206,0.9649431,0.96842253,0.95814127,0.9493269,0.9715016,0.95307773,0.95014995,0.9538741,0.9568916,0.95312166,0.9571968,0.9461745,0.94835144,0.9493012,0.962447,0.9436908,0.96283317,0.94807595,0.96059936,0.9600021,0.95504856,0.95252305,0.95042324,0.96356785,0.8980275,0.9533512,0.9328496,0.9411068,0.9509293,0.9575189,0.94786066,0.95880216,0.9575555,0.95108944,0.94652224,0.9543959,0.9425944,0.9579828,0.9446736,0.95030844,0.955829,0.9537856,0.9362146,0.94236696,0.93988985,0.97560745,0.95643127,0.9563628,0.9546862,0.954625,0.9499177,0.9683,0.9526748,0.97604537,0.95717037,0.9477517,0.95733935,0.94920987,0.95390826,0.94970995,0.9475221,0.9604661,0.9538582,0.95184207,0.9483445,0.94814765,0.93689615,0.9598128,0.9588905,0.9425989,0.9560812,0.9513906,0.9472252,0.97604537,0.9510177,0.9497222,0.95122886,0.95889807
artofracingmovie,0.9590799,0.9488713,0.9560569,0.95585406,0.97758216,0.95220184,0.9569551,0.9553452,0.97763395,0.9583322,0.9440335,0.94709104,0.95682055,0.95464075,0.9587986,0.95184505,0.94312614,0.9999994,0.9611442,0.95020086,0.96467996,0.9543592,0.9556156,0.9599407,0.95794296,0.91553026,0.955973,0.94890255,0.9543652,0.96107453,0.95368636,0.95691055,0.9413809,0.9509903,0.94407916,0.9416459,0.9553361,0.9522905,0.96239024,0.94456315,0.95199156,0.95682853,0.9480173,0.9485571,0.9570357,0.96039087,0.9594656,0.95494384,0.9491913,0.9475974,0.96053046,0.9627602,0.9601472,0.94906354,0.9483319,0.96723986,0.9488998,0.95767933,0.9619772,0.9493544,0.9565056,0.9457119,0.9522351,0.95891935,0.96336085,0.94931906,0.94143486,0.9585108,0.95384985,0.94287735,0.95526445,0.80230224,0.94535846,0.95324713,0.94645715,0.93901694,0.9205712,0.9566284,0.94834125,0.9600581,0.94827765,0.94408387,0.9669845,0.95166385,0.9473791,0.95607007,0.94483346,0.9561621,0.95289516,0.96270716,0.95960116,0.95526445,0.95475054,0.96181893,0.9529287,0.9565735,0.95559704,0.9557635,0.9459217,0.9526681,0.9527317,0.9624566,0.9398685,0.9517696,0.9448732,0.9599735,0.9501873,0.9590988,0.9528712,0.9517509,0.95688134,0.8916972,0.95637274,0.92988735,0.94529104,0.9544651,0.9580374,0.9568225,0.95450026,0.9526049,0.9558049,0.9607726,0.9547432,0.9519104,0.9585589,0.9492666,0.94321615,0.9552847,0.97183436,0.9407742,0.9595405,0.9574397,0.94326735,0.92924905,0.95814425,0.9541562,0.9461567,0.95882356,0.95628405,0.97298133,0.97763395,0.9598352,0.95348066,0.9618797,0.95302486,0.967531,0.9505703,0.94203055,0.96454084,0.94724,0.95424277,0.9546133,0.9519385,0.9235589,0.9552531,0.9540466,0.9491178,0.9463457,0.95822537,0.95193535,0.97763395,0.9549323,0.95836693,0.95529354,0.9548721
avengers,0.97183144,0.9465433,0.96559155,0.9551222,0.9613905,0.9476609,0.9613517,0.9467715,0.9768966,0.945351,0.952009,0.95061654,0.9647746,0.95705146,0.96012706,0.9593658,0.9530142,0.9611442,1.0000001,0.9533068,0.9590294,0.9601865,0.95379734,0.96637183,0.9575513,0.909776,0.9502853,0.95528436,0.9623236,0.95208246,0.9720123,0.95993733,0.9429152,0.9522259,0.94703853,0.928365,0.95560265,0.9514649,0.9592636,0.94912726,0.9532145,0.9620298,0.94562525,0.9608816,0.9496718,0.96112704,0.9552518,0.96596265,0.9537182,0.96219283,0.9700698,0.9644626,0.95943713,0.9509116,0.94741756,0.95350164,0.9496118,0.95461065,0.9663616,0.9509342,0.95131886,0.9494121,0.94381756,0.9592353,0.96052456,0.9542639,0.94266593,0.96484303,0.95842487,0.942011,0.96378726,0.8041906,0.9438124,0.95239794,0.9513669,0.9493189,0.9272954,0.9544581,0.9570366,0.96035796,0.95472723,0.95425344,0.963906,0.95496446,0.95657104,0.95236033,0.95826095,0.9661107,0.9588406,0.960758,0.95911777,0.96378726,0.95505166,0.957911,0.9615939,0.955644,0.9477924,0.9501904,0.9515987,0.953474,0.95639074,0.95864606,0.94647783,0.96129096,0.9519806,0.9682126,0.96641505,0.9556135,0.95760995,0.95832914,0.9635437,0.8953729,0.94440484,0.9296587,0.939392,0.9595592,0.95922035,0.9624344,0.96331626,0.95656484,0.9528855,0.95613223,0.9630036,0.9442112,0.96713495,0.9608466,0.95467305,0.9649302,0.9514245,0.9529117,0.95601946,0.9407414,0.95208955,0.9347573,0.94978195,0.95131856,0.95066756,0.95734143,0.96041685,0.96663123,0.9768966,0.9615759,0.95563185,0.95019233,0.9534711,0.9615222,0.9449363,0.9488921,0.95983297,0.9583817,0.9578672,0.95262855,0.9585693,0.940367,0.9618758,0.95672524,0.948307,0.9574335,0.9510787,0.9424584,0.9768966,0.9478513,0.9535777,0.95551413,0.96932924
beachbummovie,0.95117944,0.94545984,0.94510347,0.94911236,0.9569313,0.94191074,0.9518438,0.951067,0.9723656,0.94307613,0.9424041,0.92522,0.94908595,0.9475592,0.973692,0.9562641,0.9501398,0.95020086,0.9533068,1.0000001,0.9517105,0.9543374,0.94481474,0.94761354,0.9499714,0.8964568,0.94227415,0.9361326,0.94676536,0.9370663,0.9520345,0.9447424,0.9363352,0.94150645,0.94083256,0.9185319,0.9420307,0.95490456,0.9506006,0.94073147,0.9396964,0.95449704,0.9440216,0.94392323,0.9485032,0.9572943,0.94574744,0.9505215,0.94713724,0.94479406,0.94677466,0.9589534,0.95277125,0.93834174,0.94453067,0.94552916,0.940709,0.96136504,0.95889354,0.94247967,0.93777484,0.94201285,0.94617915,0.9529699,0.952253,0.95586014,0.9313991,0.95253384,0.9420655,0.9356054,0.9520303,0.7825203,0.92886424,0.9384224,0.94176537,0.94427896,0.9263414,0.9489974,0.94666696,0.95712596,0.9421871,0.9467039,0.95257443,0.93511117,0.94317645,0.9433525,0.94557023,0.94978964,0.9562181,0.9508511,0.94367987,0.9520303,0.95334566,0.9530897,0.935538,0.9577134,0.9387893,0.967398,0.9426583,0.9403792,0.9438904,0.9565004,0.92625874,0.9409825,0.95244694,0.94448984,0.9557363,0.9503399,0.9395091,0.9473063,0.96180534,0.88347125,0.94329715,0.92228055,0.945317,0.9569958,0.9569826,0.94721854,0.9545867,0.9523425,0.9411988,0.9534392,0.9501286,0.9483804,0.9545677,0.9412838,0.9449891,0.94427395,0.9481722,0.9327035,0.9435133,0.9305989,0.94695294,0.9280269,0.9608487,0.9377513,0.9559754,0.9474798,0.94812286,0.96112293,0.9723656,0.94985855,0.9505944,0.943464,0.94090164,0.9540243,0.934267,0.94284135,0.95428425,0.94377583,0.9507297,0.94733477,0.9462904,0.9312311,0.9531396,0.9455106,0.9333697,0.94894725,0.9468223,0.94181746,0.9723656,0.9476412,0.9426223,0.95151985,0.95373636
bernadettefilm,0.95233315,0.95184934,0.956866,0.949224,0.9621182,0.9391477,0.9606684,0.95819664,0.977459,0.9526107,0.9435896,0.9376434,0.95495814,0.9564099,0.9622138,0.9513525,0.9494236,0.96467996,0.9590294,0.9517105,1.0,0.950917,0.9509896,0.9585329,0.9496308,0.8982406,0.9464883,0.95777506,0.9522366,0.94655555,0.9580902,0.9591825,0.93601537,0.95153534,0.9451521,0.93359745,0.9574643,0.9555158,0.95918006,0.95041215,0.94944084,0.9528979,0.94640857,0.94552267,0.950171,0.9581166,0.9558311,0.95121086,0.9548995,0.94504136,0.9612639,0.96568596,0.95646524,0.9441841,0.94931144,0.9523189,0.95018566,0.95570445,0.9605582,0.9499169,0.94952554,0.9387749,0.941352,0.96029717,0.9555663,0.9512744,0.9448886,0.96590745,0.95286787,0.9400129,0.95929515,0.79574627,0.9378738,0.95810044,0.9422891,0.94159883,0.9229705,0.95971084,0.95076793,0.95994586,0.95054954,0.95105016,0.9584834,0.95279294,0.9407765,0.95356107,0.9472203,0.9572482,0.9553709,0.9561603,0.9499203,0.95929515,0.94346124,0.9543529,0.95510507,0.9581666,0.9447785,0.9612417,0.9415373,0.94869065,0.95182616,0.9543326,0.9450307,0.9535879,0.94850534,0.9578863,0.95465684,0.95211977,0.9443111,0.96052074,0.96159506,0.88244224,0.95120543,0.92599964,0.95856434,0.9539129,0.9541769,0.9518892,0.9588376,0.95989966,0.94837254,0.95604396,0.9591696,0.94786376,0.9673257,0.95251185,0.9453137,0.94998354,0.9531303,0.93837345,0.97348034,0.9471953,0.9561114,0.9244615,0.95742345,0.94386333,0.9455984,0.95613635,0.9562998,0.9663961,0.977459,0.9569345,0.95198953,0.9580737,0.9453907,0.96303,0.9513695,0.95227486,0.9662323,0.9403462,0.96154034,0.95550734,0.9570178,0.92810243,0.95766664,0.95167273,0.94939095,0.9535021,0.9522779,0.9583229,0.977459,0.9527296,0.9585433,0.9527485,0.9582998
