movie,21bridgesmovie,47metersdown,abeautifuldaymovie,abominablemovie,adastramovie,adogsjourneymovie,aftermathmovie,aftermovie,ahiddenlifefilm,alitamovie,angelhasfallen,angrybirdsmovie,annabellemovie,annamovie,apollo11movie,arcticdogsmovie,arcticmovie,artofracingmovie,avengers,beachbummovie,bernadettefilm,blackandbluemovie,blackchristmas,blindedbythelightmovie,bombshellmovie,booksmart,breakthroughmovie,brianbanksmovie,brightburnmovie,brittanyrunsmov,captainmarvelofficial,captivestatemovie,catsmovie,charliesangels,childsplaymovie,clarathefilm,coldpursuitmovie,countdown,currentwarmovie,darkwatersmovie,detectivepikachumovie,disneyaladdin,disneyfrozen,disneymaleficent,doctorsleepmovie,dolemiteismyname,dontletgomovie,doramovie,downtonabbey_official,dumbo,escaperoom,everybodyknowsmovie,fastandfuriousmovie,fightingwmyfam,fivefeetapartfilm,fordvferrari,freaksthefilm,geminimanmovie,glassmovie,gloriabellmovie,godzillamovie,goldfinchmovie,goodboysmovie,goodliarmovie,gretafilm,halathemovie,happydeathdaymovie,harrietfilm,hellboymovie,hersmellmovie,highlifemovie,highstrungmovie,honeyboymovie,hotelmumbaifilm,httydragon,hustlemovie,hustlersmovie,isntitromantic,itmovieofficial,jayandsilentbob,johnwickmovie,jojorabbitmovie,jokermovie,judythefilm,jumanjimovie,justmercyfilm,knivesout,lalloronamovie,lastblackmansf,lastchristmasthemovie,latenightmovie,lighthousemovie,lionking,littlethemovie,littlewomenmovie,littlewoodsfilm,longshotmovie,lordsofchaosmovie,lucyintheskyfilm,mamovie2019,marriagestory,meettheaddams,meninblack,midsommarmovie,midwaymovie,missbalamovie,missinglinkfilm,motherlessbklyn,onceinhollywood,onthebasisofsex,overcomermovie,peanutbutterfalcon,petsematarymovie,piercingmovie,playingwithfire,playmobilthemovie,pomsmovie,queenandslim,rambomovie,readyornotfilm,richardjewellfilm,rocketmanmovie,scarystoriesmovie,secretlifeofpets,serenityfilm,shaftmovie,shazammovie,spidermanmovie,spiesindisguise,starwars,stormboymovie,stubermovie,taosdfilm,teenspiritmov,terminator,theaeronautsmov,thebestofenemies,thedeaddontdie,thefarewell,thehighwaymen,thehummingbirdprojectfilm,theintrudermovie,theirishmanfilm,thekitchenmovie,thelegomovie,themustangfilm,thenightingalefilm,theprodigymovie,thesunisalsoastar,theupsidefilm,tolkienmovie,toystory,triplefrontier,uglydolls,uncutgems,underthesilverlake,usmovie,wavesmovie,whatmenwant,wonderparkmovie,wrinklestheclown,xmenmovies,yardiefilm,yesterdaymovie,zombieland
21bridgesmovie,1.0000002,0.9604057,0.9643762,0.9560371,0.96288157,0.94871175,0.95769054,0.95405525,0.9808605,0.9605804,0.9628916,0.9606524,0.95916474,0.9559922,0.96554416,0.950657,0.9566096,0.9646705,0.97295886,0.95466614,0.9525313,0.9626605,0.96238106,0.964481,0.9612832,0.89417344,0.9579312,0.9599169,0.9640596,0.9570554,0.96197385,0.96763706,0.95503455,0.95985025,0.94441664,0.92244416,0.97382754,0.96832883,0.9546854,0.9677738,0.9521952,0.9666731,0.95610195,0.9654444,0.96314496,0.9619511,0.9604,0.96720314,0.9641419,0.9682588,0.9643139,0.96557975,0.9528007,0.95659393,0.96077096,0.9624968,0.95340437,0.95961165,0.9600274,0.9649878,0.9556746,0.9552677,0.96241385,0.95576453,0.9522255,0.9552858,0.9594093,0.9631638,0.9480678,0.9549879,0.9683297,0.81402695,0.95055497,0.9622099,0.95467246,0.95990175,0.9244718,0.96034694,0.9669611,0.96153235,0.952064,0.96185577,0.9683982,0.95601475,0.9621107,0.9585378,0.95489514,0.9674949,0.9625839,0.9672129,0.9565279,0.9683297,0.9563211,0.9638787,0.9603185,0.9670989,0.9558468,0.95394593,0.9647432,0.951894,0.9639483,0.95037156,0.9554054,0.96734405,0.9622111,0.9674541,0.9665355,0.96081424,0.95260376,0.9598868,0.96933025,0.87978005,0.9550337,0.9428055,0.94850576,0.9694816,0.9922697,0.9471017,0.96610636,0.9509181,0.9622849,0.9582176,0.9660427,0.9538677,0.97062856,0.9638236,0.968249,0.9595779,0.96162266,0.9534858,0.96259165,0.9661378,0.9595592,0.9596501,0.95555216,0.96133375,0.97559965,0.94552,0.9697554,0.9582305,0.9808605,0.9696394,0.949648,0.9660452,0.95825374,0.9639453,0.9579444,0.95221424,0.96152633,0.9675546,0.9525785,0.9614456,0.96126205,0.94889444,0.9614425,0.96392834,0.9615929,0.95771164,0.95333034,0.93991727,0.9808605,0.9669786,0.959009,0.9637378,0.9555194
47metersdown,0.9604057,0.99999994,0.9610593,0.9489473,0.95240295,0.94632846,0.9591633,0.9600641,0.97539103,0.9496872,0.95245886,0.95368624,0.95564497,0.9575758,0.95625067,0.9691444,0.9517857,0.9559848,0.96329904,0.9455159,0.95440227,0.9514897,0.96116,0.9546629,0.95276105,0.89490145,0.95414865,0.9546019,0.96265316,0.9517821,0.9601512,0.9628031,0.95001715,0.9493578,0.9410773,0.9239097,0.9548899,0.94901806,0.959314,0.95994806,0.9433937,0.95760113,0.95739734,0.95687735,0.9512564,0.95159376,0.9547897,0.95924383,0.9541675,0.95971406,0.95890254,0.95594466,0.9396444,0.9458573,0.9563997,0.9558301,0.95052797,0.95079005,0.9609651,0.9618941,0.94376713,0.95374656,0.9574604,0.9599931,0.9425856,0.9533905,0.94923174,0.96167845,0.9393437,0.944607,0.9612861,0.838465,0.9543058,0.95601434,0.9498148,0.96156394,0.92185384,0.9626216,0.96327287,0.9439574,0.95031375,0.9581031,0.9558804,0.94650006,0.96338,0.9421105,0.9507563,0.95561147,0.9449352,0.9552109,0.9436542,0.9612861,0.96024114,0.95236367,0.94835865,0.9495147,0.9503891,0.94337404,0.95901334,0.94800943,0.9472127,0.93359655,0.9438968,0.9571302,0.9630448,0.96188086,0.95463383,0.95773584,0.95083815,0.95000076,0.97029275,0.8952109,0.9499589,0.9330155,0.9444295,0.9532949,0.9595948,0.9487848,0.962507,0.9552678,0.9565789,0.9493394,0.9597777,0.9528062,0.96255416,0.9588329,0.9588708,0.95511985,0.95629245,0.9480594,0.9584324,0.95902556,0.957613,0.9517197,0.9564466,0.9566151,0.9524327,0.94516605,0.963517,0.9422997,0.97539103,0.9650338,0.9399751,0.9599367,0.9527098,0.95574915,0.94944495,0.95014626,0.95923465,0.9499324,0.95281833,0.96032065,0.9493902,0.94150823,0.9511914,0.9536427,0.9545528,0.9557247,0.9500304,0.94663775,0.97539103,0.9540018,0.9558979,0.9580241,0.9438075
abeautifuldaymovie,0.9643762,0.9610593,1.0,0.96421427,0.9631162,0.949853,0.9657024,0.9631219,0.9857252,0.95051086,0.96654844,0.95944,0.9688887,0.96189547,0.9564806,0.96340144,0.96147174,0.9686499,0.96514034,0.95500904,0.95199794,0.96803766,0.9708108,0.96378434,0.9629802,0.9027736,0.96893805,0.96448934,0.981031,0.95881784,0.9654687,0.97047776,0.95832276,0.9660718,0.94569486,0.94759005,0.96650416,0.9719784,0.9666779,0.96738493,0.9610054,0.96956265,0.96260035,0.96763325,0.96964544,0.9641451,0.97001386,0.96989214,0.96594316,0.9710798,0.98164123,0.9703904,0.96244216,0.95876956,0.9611791,0.96015435,0.9635461,0.9757345,0.96567744,0.9698557,0.9513472,0.9673721,0.9666141,0.9612131,0.9580965,0.963543,0.95903987,0.969948,0.9568144,0.9597303,0.9720492,0.8396381,0.95432675,0.96729976,0.9613565,0.95298743,0.92600447,0.9707231,0.9663964,0.96562916,0.9636291,0.9726658,0.9684421,0.9586649,0.97351885,0.9603573,0.96559715,0.9682089,0.96283746,0.9668007,0.95366055,0.9720492,0.9628932,0.9661374,0.97361934,0.9565343,0.9654291,0.96189576,0.9594857,0.95787406,0.9641278,0.9582381,0.9653872,0.970358,0.9538075,0.9817375,0.9722785,0.96275777,0.9682072,0.9597486,0.9710793,0.90267015,0.9683149,0.94711334,0.95760626,0.9672327,0.9688809,0.9508177,0.973392,0.95682514,0.9606325,0.9695878,0.95926136,0.95413876,0.96531177,0.9559329,0.9641141,0.97096336,0.96628046,0.9521052,0.96618825,0.9623135,0.96293247,0.95969886,0.9705036,0.9615103,0.9547988,0.95379734,0.96449995,0.96775323,0.9857252,0.974943,0.95742095,0.96938,0.9617557,0.9666024,0.962314,0.9527536,0.9638257,0.96355814,0.9607643,0.974133,0.9619186,0.9479865,0.95944816,0.96502304,0.9637257,0.96804494,0.96270686,0.96185625,0.9857252,0.9641393,0.96798545,0.96804774,0.9707165
abominablemovie,0.9560371,0.9489473,0.96421427,0.99999976,0.95940596,0.9425591,0.95618594,0.9541255,0.9723415,0.95618993,0.95487505,0.9559393,0.9544628,0.9494651,0.9488563,0.94726217,0.94653815,0.95518714,0.95152575,0.9446499,0.9432799,0.956357,0.9625072,0.9513865,0.9523776,0.8800178,0.95383364,0.94438285,0.96114326,0.9531482,0.9523584,0.9507391,0.9476052,0.94513875,0.94511926,0.92880917,0.9605125,0.95879364,0.9668862,0.94886315,0.9561833,0.9653997,0.95830184,0.96788424,0.9592956,0.9566957,0.9589471,0.95722795,0.9555889,0.9662031,0.96066743,0.95403177,0.9469723,0.9487505,0.9513658,0.95566785,0.9416784,0.96225697,0.96163636,0.9531171,0.94591475,0.95958394,0.95195585,0.9575608,0.9359132,0.95909333,0.9572971,0.9532747,0.9467093,0.9418056,0.96004987,0.8192493,0.9515326,0.9506264,0.9613133,0.9356825,0.9085876,0.9516791,0.9657399,0.94891214,0.94780564,0.96406084,0.9524517,0.9586255,0.9596919,0.94474405,0.9538753,0.95203215,0.9485562,0.95569116,0.9396939,0.96004987,0.9562438,0.958422,0.95536405,0.94510746,0.95925486,0.9505697,0.9505736,0.9541405,0.9524465,0.95302516,0.947636,0.96273756,0.95211667,0.9594792,0.9596097,0.9554141,0.9452011,0.94686073,0.95438874,0.8838851,0.95844126,0.93563724,0.9512436,0.9554747,0.95997185,0.93403393,0.9637499,0.94766355,0.94798905,0.9548608,0.95660865,0.9483275,0.9556818,0.94741285,0.9568777,0.9621302,0.95983946,0.94227046,0.95144993,0.9517687,0.95515245,0.9603034,0.9631262,0.94787383,0.9493148,0.93159294,0.95580316,0.9538816,0.9723415,0.9579036,0.945495,0.95812625,0.948581,0.95312476,0.94585264,0.94959366,0.9554278,0.9534425,0.9516121,0.96149766,0.95697886,0.9348702,0.95595443,0.9592871,0.95432633,0.94709647,0.9518751,0.9508181,0.9723415,0.9652405,0.95245177,0.954276,0.94815195
adastramovie,0.96288157,0.95240295,0.9631162,0.95940596,1.0000001,0.9432145,0.9613714,0.9556132,0.9786046,0.95417184,0.9588588,0.95137215,0.9551758,0.9614342,0.95798194,0.95226985,0.95627546,0.97599274,0.95936114,0.9470785,0.94849604,0.96566284,0.9652546,0.95262057,0.95618564,0.8960338,0.97125894,0.9653472,0.96175927,0.94942933,0.96070075,0.95834637,0.9505563,0.9571259,0.9454163,0.92931336,0.9675917,0.9586156,0.968017,0.9626297,0.9523937,0.96590513,0.9634307,0.9647868,0.964547,0.96432555,0.96123123,0.9636635,0.9673689,0.96758133,0.9583517,0.9715616,0.9588488,0.96099055,0.95096225,0.9747798,0.9601446,0.9574559,0.9545306,0.9613886,0.9454546,0.96008366,0.9540705,0.959724,0.95802057,0.9570398,0.9556056,0.97125095,0.94665927,0.9546402,0.9663085,0.8393278,0.9526409,0.96382207,0.96510845,0.9549265,0.92275727,0.9537886,0.9584576,0.9561438,0.9561545,0.95755595,0.9597673,0.95716304,0.9594364,0.94435793,0.95096946,0.9623897,0.96034235,0.9640706,0.9596137,0.9663085,0.9591724,0.9528907,0.95611584,0.95663583,0.95317787,0.9573939,0.95438033,0.9589206,0.9649748,0.95039445,0.9483815,0.96773267,0.94611055,0.9594344,0.9629581,0.954619,0.9413638,0.9596854,0.9683096,0.89595944,0.96221316,0.94727296,0.947195,0.956224,0.96579635,0.95173484,0.96610254,0.9468415,0.9580769,0.9523295,0.9583784,0.953506,0.96473557,0.9528938,0.96408546,0.95934933,0.9717886,0.943463,0.95892835,0.9669847,0.9629883,0.9580695,0.96244997,0.9533994,0.9494059,0.95439655,0.96050525,0.9571525,0.9786046,0.9611381,0.9553394,0.95650345,0.9600115,0.96249044,0.9445711,0.9425756,0.95456505,0.9588132,0.9523161,0.96527153,0.9649979,0.9489648,0.9622449,0.96220326,0.9613062,0.952364,0.9466223,0.95117074,0.9786046,0.9624715,0.96276444,0.9646878,0.9537244
adogsjourneymovie,0.94871175,0.94632846,0.949853,0.9425591,0.9432145,0.9999999,0.9545957,0.95580864,0.96992105,0.9531605,0.9502863,0.9392999,0.9475834,0.94587773,0.95559084,0.94759655,0.9428038,0.94785476,0.94498724,0.9497319,0.9274213,0.9523061,0.9657761,0.94449747,0.9477094,0.9063121,0.95508784,0.93530756,0.9544102,0.9494662,0.94730884,0.9506079,0.9567047,0.9421836,0.9479218,0.93565494,0.96151954,0.9544925,0.9471776,0.9407188,0.9533167,0.95685655,0.9523166,0.95775557,0.9472701,0.95605165,0.96188045,0.9471357,0.94583845,0.96194583,0.95909876,0.9452133,0.94908035,0.9323638,0.96029884,0.9410624,0.95568377,0.94971246,0.9425697,0.9573635,0.947717,0.94481266,0.9432759,0.9537714,0.940413,0.94747466,0.92969656,0.94903135,0.93987393,0.9475675,0.95500475,0.8133146,0.9518456,0.9514891,0.9547046,0.9403937,0.935633,0.9474233,0.9363224,0.9569173,0.94114983,0.94900596,0.962402,0.94936395,0.949692,0.9509905,0.9449396,0.95060337,0.95388186,0.9549528,0.94327754,0.95500475,0.9510537,0.9424427,0.9543397,0.9437697,0.9534022,0.94767034,0.95425445,0.9496677,0.960731,0.94580865,0.94526476,0.9564889,0.9494708,0.9583606,0.9469376,0.95423716,0.94078344,0.93983513,0.9573423,0.8863788,0.9531199,0.94149476,0.9467925,0.9550539,0.9574508,0.9440694,0.95137,0.94050246,0.958874,0.94121194,0.9608411,0.968088,0.9522723,0.9518547,0.9642851,0.9443547,0.95261735,0.94486165,0.9433454,0.95673335,0.9478257,0.9473958,0.95723236,0.9453337,0.9442625,0.9350389,0.95538086,0.9507126,0.96992105,0.9530629,0.944889,0.94896895,0.95579517,0.94818336,0.9523442,0.95429516,0.9481432,0.9563244,0.9558905,0.95486784,0.95415694,0.95122975,0.9483285,0.95339346,0.9597638,0.9369691,0.9407022,0.9546654,0.96992105,0.938966,0.96175915,0.9672793,0.9536023
aftermathmovie,0.95769054,0.9591633,0.9657024,0.95618594,0.9613714,0.9545957,1.0000004,0.9541459,0.9839472,0.9648229,0.95876575,0.9489507,0.95849276,0.96709025,0.9650936,0.9603174,0.95590156,0.963135,0.95828503,0.95567256,0.9493766,0.95815486,0.97037554,0.9573032,0.95960194,0.88776803,0.9623254,0.95506006,0.9691942,0.9626838,0.9628757,0.9706561,0.9544433,0.9589807,0.9509558,0.9428341,0.9678007,0.9666513,0.9696348,0.95897454,0.9542626,0.9549105,0.9550197,0.9554433,0.9661076,0.96677166,0.96871835,0.96025455,0.96650493,0.9598937,0.9657485,0.9677493,0.94995904,0.9527451,0.95364237,0.9579586,0.95566803,0.95988816,0.9515738,0.9579436,0.9462989,0.95819014,0.95736426,0.9652961,0.95845354,0.957701,0.95153064,0.9700584,0.9534885,0.9577036,0.96373063,0.83439887,0.95663905,0.96192294,0.95633054,0.9539236,0.9374537,0.9569222,0.9614439,0.96483,0.9632497,0.97529083,0.96267265,0.95745206,0.9610724,0.95466226,0.96001476,0.9571319,0.95677125,0.9621766,0.95488626,0.96373063,0.95864165,0.96381336,0.95736927,0.9547365,0.96236455,0.9595986,0.97595614,0.95943415,0.96426016,0.9515741,0.9553742,0.96598476,0.9631024,0.96481913,0.9662519,0.96086365,0.9594366,0.95662063,0.9645476,0.91256946,0.96689904,0.9455651,0.9558442,0.9601481,0.9632314,0.957017,0.9692479,0.9870667,0.9572787,0.9555446,0.9621047,0.953599,0.96489537,0.9542752,0.9655523,0.96197283,0.9592676,0.94631153,0.96355575,0.9611095,0.95092493,0.95647657,0.9672508,0.9656197,0.95742583,0.9593213,0.96164197,0.96320283,0.9839472,0.9632222,0.9606439,0.95656383,0.95970416,0.9650949,0.9575484,0.9503144,0.9594311,0.95751315,0.9854212,0.9548973,0.96535945,0.95528233,0.95418316,0.9603727,0.95870036,0.9554516,0.9622701,0.9571434,0.9839472,0.959298,0.9703056,0.9712604,0.95822656
aftermovie,0.95405525,0.9600641,0.9631219,0.9541255,0.9556132,0.95580864,0.9541459,0.9999999,0.9758198,0.95803,0.9533461,0.9510268,0.9547588,0.95585644,0.9493346,0.9634971,0.9515896,0.9585037,0.94578165,0.9444556,0.9543904,0.9695635,0.9640112,0.9586519,0.95601493,0.878404,0.967624,0.94357353,0.97595364,0.960133,0.9569164,0.95822376,0.9659039,0.951661,0.95058155,0.9418062,0.9608782,0.9603281,0.95749104,0.9565923,0.9432499,0.96993464,0.9633387,0.9609952,0.95374924,0.9594879,0.960383,0.9618752,0.95167047,0.9659895,0.96920407,0.95019317,0.96066564,0.9428308,0.9620455,0.9542631,0.95798486,0.96324223,0.9557209,0.9564931,0.9506891,0.9575805,0.9548674,0.95503056,0.94066226,0.95734954,0.9422672,0.95235205,0.94582886,0.94647217,0.95763326,0.8353203,0.9513518,0.9512559,0.959477,0.9450091,0.9158207,0.9601796,0.95467424,0.9541116,0.9481689,0.9652569,0.95636505,0.9609773,0.96579325,0.9588675,0.94876456,0.96180636,0.94637454,0.96331936,0.95007783,0.95763326,0.96551293,0.9537679,0.95802075,0.9500004,0.9598251,0.9516195,0.95257264,0.94902354,0.9580734,0.94914085,0.95497537,0.9595183,0.95931756,0.96830595,0.9620009,0.95077604,0.9555074,0.94965714,0.9631622,0.9051956,0.9566773,0.9499413,0.951616,0.95982254,0.9612111,0.9514264,0.9592639,0.94595844,0.9544432,0.96375126,0.96200013,0.9638543,0.96581066,0.95994604,0.959754,0.96161807,0.9627737,0.95344746,0.9650195,0.96671724,0.95228446,0.94617337,0.96085995,0.95913476,0.948451,0.9388859,0.9594936,0.95319927,0.9758198,0.96806383,0.94969785,0.9520279,0.96053076,0.9496721,0.9608673,0.952273,0.9451205,0.9597751,0.9464576,0.9666555,0.9673966,0.95072675,0.9573463,0.95444125,0.958967,0.9534302,0.9586347,0.9589054,0.9758198,0.9628552,0.96219,0.9665315,0.96032685
ahiddenlifefilm,0.9808605,0.97539103,0.9857252,0.9723415,0.9786046,0.96992105,0.9839472,0.9758198,1.0000002,0.974042,0.97937346,0.96874577,0.97859424,0.9777806,0.97855425,0.9745154,0.9730576,0.9796034,0.97513896,0.9709063,0.968984,0.9783931,0.98401946,0.9745347,0.9770058,0.9139302,0.9791018,0.9732844,0.98566794,0.9750574,0.9777348,0.98244464,0.97563684,0.97506,0.96727586,0.95820445,0.9847686,0.98296463,0.9821405,0.9787219,0.9715074,0.98282194,0.97601104,0.98049694,0.97910833,0.9819979,0.98252964,0.98148966,0.98161644,0.9846316,0.9840191,0.9822899,0.97361284,0.9716359,0.974286,0.97731686,0.9753248,0.9829899,0.97287714,0.97903746,0.9654476,0.97600764,0.97537816,0.9781039,0.97124636,0.977831,0.9713861,0.9815243,0.97222453,0.97453076,0.982725,0.8503099,0.9726108,0.9787185,0.97672206,0.9711641,0.94384474,0.9778719,0.9782381,0.9762345,0.97655004,0.98373675,0.9816755,0.97479063,0.979523,0.97315687,0.9752181,0.981284,0.9752689,0.9829843,0.96996474,0.982725,0.9769987,0.9784939,0.97670555,0.9755656,0.9775549,0.9755551,0.97832286,0.97316605,0.9814377,0.9703551,0.97132814,0.9817527,0.97364604,0.98458505,0.9847132,0.97514796,0.97245747,0.97444826,0.9828422,0.9141768,0.9796401,0.96396345,0.97438127,0.9802655,0.9844952,0.97137135,0.9842957,0.97491,0.9748643,0.9786257,0.97605264,0.9719312,0.9836025,0.9727651,0.9819506,0.9775986,0.9809594,0.966277,0.98027587,0.9798791,0.97333205,0.9731656,0.98260385,0.9772327,0.9733635,0.9676254,0.9796738,0.97727233,1.0000002,0.98072225,0.97252184,0.9766118,0.97645926,0.97924614,0.976408,0.971452,0.9759529,0.97726977,0.97802293,0.9815328,0.979954,0.9656775,0.97227514,0.9775812,0.9780063,0.9741725,0.9737994,0.9741061,1.0000002,0.9788784,0.9837698,0.9843125,0.97596097
alitamovie,0.9605804,0.9496872,0.95051086,0.95618993,0.95417184,0.9531605,0.9648229,0.95803,0.974042,1.0,0.95600545,0.9450932,0.95070326,0.9551773,0.9511112,0.9516781,0.94618565,0.95386726,0.9550569,0.946722,0.945105,0.9570985,0.9561761,0.9506353,0.9553812,0.87383187,0.95227265,0.94711304,0.9562096,0.94702,0.9567456,0.95887864,0.94745034,0.94756556,0.9498419,0.93184865,0.9627097,0.9532339,0.9600698,0.9612396,0.95525306,0.95691574,0.9581799,0.96238106,0.9473551,0.9602882,0.9572654,0.95651376,0.9567846,0.9600818,0.95916516,0.9566776,0.95468175,0.94418216,0.9562126,0.9565233,0.95193636,0.9568113,0.95221436,0.94458616,0.95890284,0.9529853,0.9537273,0.9549189,0.9417651,0.9541676,0.94755316,0.9582109,0.94418085,0.95137495,0.95168424,0.81026554,0.9495979,0.94854957,0.95146894,0.93740374,0.90777653,0.9529696,0.9580912,0.9552853,0.9498185,0.963494,0.95927143,0.9558272,0.95827407,0.95133823,0.9499819,0.9586328,0.9457295,0.95460904,0.94396555,0.95168424,0.9514046,0.9492453,0.94690245,0.95396256,0.9480576,0.95259434,0.95758504,0.9453306,0.9668446,0.9448824,0.9402241,0.9546446,0.96903986,0.9606489,0.9590852,0.95920765,0.9492743,0.9494011,0.9556475,0.90260065,0.95613533,0.9396953,0.9516401,0.95239455,0.9614015,0.9453868,0.96070755,0.95571035,0.9575783,0.9505702,0.9570647,0.94783,0.9599504,0.9471581,0.96240646,0.9601524,0.96063614,0.94455963,0.9630687,0.9566606,0.95437473,0.9611989,0.9655454,0.9454505,0.9584552,0.94324094,0.95465416,0.9570973,0.974042,0.95434356,0.9579982,0.9593224,0.9617095,0.95650834,0.95189035,0.9496058,0.9559302,0.95333767,0.95792073,0.96169275,0.9594729,0.9444177,0.94294506,0.95303506,0.951261,0.93465155,0.9484336,0.95286757,0.974042,0.9626269,0.9585879,0.9602745,0.9554894
angelhasfallen,0.9628916,0.95245886,0.96654844,0.95487505,0.9588588,0.9502863,0.95876575,0.9533461,0.97937346,0.95600545,0.99999994,0.9475159,0.95749205,0.9530312,0.9562899,0.9551098,0.96656424,0.9595282,0.95453686,0.9442771,0.9457301,0.96209127,0.965567,0.96173793,0.955958,0.9040711,0.9535671,0.95240015,0.9637324,0.9552882,0.9599253,0.96078086,0.9545089,0.948073,0.940852,0.93521196,0.9623035,0.96610075,0.960025,0.9616152,0.9552656,0.97236127,0.9577956,0.97242194,0.9586612,0.9618622,0.9649489,0.9585785,0.9497503,0.9762299,0.96368176,0.9563963,0.94983774,0.95686394,0.95161986,0.9576717,0.9557524,0.9612887,0.9633164,0.96497077,0.94478136,0.9557556,0.95437,0.96203494,0.94409764,0.96816266,0.94683677,0.9617753,0.9719068,0.96162933,0.9663252,0.826399,0.9526529,0.95350903,0.9622922,0.9490684,0.91696584,0.9490482,0.96333694,0.96398884,0.9736127,0.9647016,0.9694589,0.95492244,0.9628978,0.9554653,0.96668375,0.95923173,0.952899,0.97088116,0.95573646,0.9663252,0.9639772,0.9625833,0.9535225,0.9513485,0.965733,0.95990425,0.9626463,0.95241636,0.9660631,0.9478974,0.9443883,0.96627265,0.9569619,0.96468395,0.9702552,0.9630953,0.9586187,0.9555054,0.96043336,0.89232314,0.9585399,0.93573743,0.95599365,0.972094,0.96938527,0.9533524,0.9655595,0.94873047,0.9468392,0.9525354,0.95405245,0.9531585,0.9558609,0.95071346,0.9619895,0.96615356,0.9637582,0.9535788,0.96258897,0.95685697,0.9639114,0.9606365,0.9589638,0.95929503,0.96033806,0.935403,0.96608925,0.9559717,0.97937346,0.9589565,0.9521288,0.96075076,0.9536523,0.95474917,0.9509995,0.9531413,0.95847076,0.96421754,0.9552582,0.967634,0.9537882,0.94563323,0.9490203,0.96072674,0.9636138,0.9443412,0.95026934,0.9532266,0.97937346,0.9629584,0.9653126,0.9607897,0.959772
angrybirdsmovie,0.9606524,0.95368624,0.95944,0.9559393,0.95137215,0.9392999,0.9489507,0.9510268,0.96874577,0.9450932,0.9475159,1.0,0.943286,0.9493557,0.94467884,0.95196897,0.9363782,0.9450461,0.94526964,0.93791515,0.94313365,0.96025467,0.95841706,0.9459852,0.9547568,0.88004535,0.94691837,0.95809305,0.9602363,0.94473577,0.9459501,0.9452669,0.94538516,0.9553387,0.930996,0.91784847,0.96113,0.9475218,0.9472063,0.94811237,0.9341772,0.96181154,0.95550513,0.9560535,0.9532451,0.9476001,0.9568149,0.9631939,0.9489032,0.9589643,0.9673988,0.9493384,0.94885236,0.9515256,0.9446955,0.94212013,0.9449041,0.9448051,0.9487683,0.9487163,0.9358627,0.9514413,0.9475133,0.9517188,0.9317163,0.9539553,0.9456223,0.9498153,0.934031,0.94195104,0.9532977,0.8173615,0.94594216,0.94413155,0.9532444,0.9394537,0.90865904,0.95537937,0.9561185,0.9381007,0.93796736,0.9586471,0.948969,0.94267774,0.96499264,0.93850195,0.93714136,0.9567809,0.9470264,0.9595611,0.93603516,0.9532977,0.94859505,0.9592308,0.9591012,0.9397437,0.9414939,0.9371979,0.94695073,0.9484895,0.950673,0.9436944,0.9423897,0.9543069,0.95375896,0.9669929,0.96049076,0.9570202,0.94442904,0.94292235,0.95452124,0.8731334,0.94474846,0.9253322,0.9373878,0.95231724,0.96162504,0.94100624,0.95910525,0.9460613,0.9473336,0.947847,0.9498167,0.951065,0.95585275,0.94321,0.9577773,0.9547056,0.9371198,0.94023836,0.94926435,0.944744,0.9557259,0.9434683,0.9468715,0.94395214,0.9500194,0.9275518,0.9667111,0.9441659,0.96874577,0.9612916,0.9405138,0.9608797,0.9500633,0.9483813,0.9458745,0.93665844,0.9627285,0.9474204,0.9419017,0.9574457,0.94009525,0.9242841,0.9497212,0.9476888,0.9509214,0.95164376,0.941981,0.935629,0.96874577,0.9534104,0.9470077,0.9504848,0.9471449
annabellemovie,0.95916474,0.95564497,0.9688887,0.9544628,0.9551758,0.9475834,0.95849276,0.9547588,0.97859424,0.95070326,0.95749205,0.943286,0.9999999,0.9571453,0.95531607,0.9620833,0.94796383,0.954987,0.95220125,0.9529067,0.9483168,0.96329427,0.9647598,0.94429,0.95864767,0.90881264,0.9609994,0.9577887,0.9670513,0.9570632,0.9623487,0.96566355,0.9546436,0.96059924,0.9529392,0.94512564,0.962448,0.9718534,0.96501476,0.9587222,0.959738,0.96676713,0.95229775,0.96282965,0.9589156,0.96548915,0.9642981,0.9592514,0.9610626,0.9698337,0.9658781,0.95942646,0.95735544,0.9582797,0.963322,0.9610464,0.95267665,0.96884346,0.96373105,0.96421814,0.9662783,0.95565903,0.9539659,0.966761,0.95101327,0.96034956,0.95727813,0.9672834,0.96101767,0.95765626,0.96817046,0.85403436,0.9518928,0.96534425,0.9600133,0.94950897,0.9246078,0.9606083,0.9585363,0.96621555,0.9549621,0.97051525,0.9695139,0.9506896,0.9673014,0.9627872,0.9596756,0.98336035,0.9583958,0.9647334,0.94585544,0.96817046,0.95685637,0.96357095,0.9603084,0.947725,0.96190506,0.96184975,0.9566489,0.96051687,0.960785,0.9479178,0.9576698,0.9629612,0.9546299,0.9689098,0.9661886,0.9602498,0.95657337,0.95258534,0.9543168,0.9167764,0.9577113,0.9472633,0.9518299,0.9617283,0.9630849,0.9510959,0.96534914,0.94814885,0.9622115,0.9587218,0.9586971,0.94372857,0.9619143,0.95835096,0.9750183,0.9591394,0.9656447,0.9468419,0.9623423,0.9611638,0.9521526,0.95287305,0.96150196,0.95858204,0.9526748,0.9437419,0.9623234,0.95539653,0.97859424,0.9661789,0.95385474,0.9559861,0.9614622,0.95344615,0.95292574,0.95514524,0.9622682,0.9517889,0.95795596,0.96274376,0.96685785,0.94610065,0.9504344,0.96650547,0.94923705,0.9581943,0.95695597,0.95141274,0.97859424,0.9577885,0.96072173,0.9601154,0.9584703
annamovie,0.9559922,0.9575758,0.96189547,0.9494651,0.9614342,0.94587773,0.96709025,0.95585644,0.9777806,0.9551773,0.9530312,0.9493557,0.9571453,0.99999976,0.9543639,0.9642381,0.96196914,0.95367485,0.9561781,0.9581519,0.95410293,0.9558739,0.95998293,0.94994944,0.9594863,0.89067346,0.9677464,0.95516974,0.9586586,0.9600872,0.959489,0.9633159,0.95670044,0.95431125,0.9454705,0.9446027,0.9676917,0.964501,0.9659291,0.9590519,0.9408094,0.95400333,0.95165235,0.9491555,0.9554234,0.9665944,0.9620333,0.9652877,0.96282756,0.95505846,0.95500547,0.9621613,0.95341325,0.9487463,0.9490895,0.953659,0.96838325,0.9611722,0.94450426,0.9559799,0.9424765,0.95437807,0.96081156,0.9756178,0.9543264,0.95650905,0.9609319,0.9620383,0.9434558,0.9574885,0.96099174,0.83061534,0.94969267,0.9608374,0.9526046,0.95353836,0.9309319,0.95629597,0.95443743,0.9484702,0.9648591,0.9596483,0.96089685,0.9508622,0.95492643,0.9565021,0.9483611,0.9631757,0.95714986,0.96401256,0.9499819,0.96099174,0.9641339,0.95797735,0.9541127,0.9569793,0.9564874,0.95574903,0.9554183,0.96935475,0.9619704,0.9473514,0.95176834,0.9599288,0.9604051,0.9560256,0.96279776,0.95370966,0.95401704,0.95000654,0.96528375,0.8940688,0.95344216,0.93989074,0.9603182,0.9559796,0.95772755,0.95567816,0.9665481,0.9609243,0.95119804,0.9607389,0.947743,0.95215183,0.9662735,0.9557097,0.96304214,0.95377034,0.9528894,0.9537376,0.95585334,0.9652373,0.9601795,0.95301336,0.9629871,0.9625456,0.95586085,0.96014774,0.9535426,0.9573893,0.9777806,0.9591123,0.9454065,0.9588252,0.96327674,0.9575087,0.9593549,0.9451432,0.9560389,0.9502405,0.9594843,0.9579115,0.958342,0.945796,0.948741,0.96239513,0.96288466,0.9599724,0.94945043,0.95774347,0.9777806,0.9593513,0.96109205,0.96360505,0.944907
apollo11movie,0.96554416,0.95625067,0.9564806,0.9488563,0.95798194,0.95559084,0.9650936,0.9493346,0.97855425,0.9511112,0.9562899,0.94467884,0.95531607,0.9543639,1.0000001,0.9527491,0.9513953,0.9647494,0.95340014,0.96762997,0.94255733,0.9566894,0.9686564,0.9573078,0.9589815,0.89559895,0.95850194,0.9547567,0.9661791,0.9619726,0.96222675,0.9642126,0.9621757,0.95636755,0.9557898,0.9312894,0.9677436,0.962246,0.96467626,0.95215887,0.95131963,0.9598475,0.9490821,0.95573443,0.9599997,0.9621343,0.9652944,0.95489347,0.9637276,0.96307486,0.9604562,0.9593088,0.9580453,0.9580241,0.95622426,0.95553815,0.9529727,0.95696545,0.9612917,0.9519589,0.948222,0.95522183,0.95528126,0.9562064,0.9470388,0.95437855,0.95057505,0.95697296,0.95003045,0.956149,0.95867723,0.82016736,0.95232755,0.9646259,0.95857644,0.95140916,0.93083006,0.9551544,0.96006286,0.9555336,0.95233333,0.96493435,0.96385247,0.954021,0.9609075,0.95700616,0.95273733,0.95932364,0.9527185,0.9643398,0.95559585,0.95867723,0.9556635,0.95320076,0.957768,0.97380596,0.9614349,0.950708,0.9624563,0.95096606,0.96325684,0.9496151,0.9546972,0.9572364,0.9520891,0.9622088,0.9591246,0.95290333,0.9512127,0.9576863,0.96797514,0.88823,0.9585428,0.93508756,0.94929045,0.96331894,0.9695742,0.95454973,0.967708,0.95039946,0.9558917,0.9509447,0.95561665,0.94767535,0.964135,0.95543766,0.9623723,0.95673376,0.9661163,0.9403586,0.9572457,0.95829654,0.94808847,0.9486548,0.9550112,0.961419,0.960168,0.9530641,0.96113366,0.9543231,0.97855425,0.96166396,0.9498404,0.9483521,0.9601964,0.96548045,0.9604789,0.96014357,0.95587075,0.96061724,0.9558474,0.95577914,0.9594982,0.94658166,0.950107,0.9587401,0.9588743,0.9485159,0.9553369,0.94492877,0.97855425,0.9595955,0.9672306,0.9669932,0.9538058
arcticdogsmovie,0.950657,0.9691444,0.96340144,0.94726217,0.95226985,0.94759655,0.9603174,0.9634971,0.9745154,0.9516781,0.9551098,0.95196897,0.9620833,0.9642381,0.9527491,0.9999995,0.95321476,0.9520356,0.9521926,0.9486104,0.94777966,0.965011,0.9637214,0.955671,0.95312697,0.886154,0.95941406,0.9604286,0.96535534,0.9489103,0.95654345,0.9567453,0.9626811,0.95579267,0.9421795,0.93068165,0.9579122,0.95316213,0.9595544,0.9578464,0.9419688,0.96467674,0.95430064,0.95641017,0.9619559,0.9576616,0.9614023,0.95477617,0.96416825,0.96386874,0.96044445,0.950079,0.9424661,0.94536734,0.9596682,0.95768267,0.95585036,0.95637727,0.9608804,0.95342857,0.9454759,0.9613599,0.96108234,0.96624213,0.9436699,0.95699674,0.9537492,0.9597395,0.95051086,0.9518912,0.9511285,0.85584015,0.9557277,0.95726895,0.95291007,0.94980633,0.9209285,0.96046233,0.95100826,0.9544327,0.9549979,0.9682376,0.95875806,0.9553001,0.9632363,0.9390172,0.95000565,0.9649714,0.9400914,0.96009564,0.94548506,0.9511285,0.9642224,0.95505863,0.9474125,0.9515893,0.9566969,0.9464691,0.965607,0.9565046,0.9526237,0.9400646,0.9482497,0.94982964,0.95740616,0.9616061,0.9560195,0.9671717,0.9656612,0.9438894,0.9632863,0.8921368,0.9541711,0.9379451,0.9412016,0.9533475,0.95382273,0.95771664,0.9629506,0.95335525,0.94564325,0.95310366,0.9583755,0.9469341,0.9654377,0.9466347,0.958717,0.9560734,0.95030636,0.9497968,0.9607093,0.9536286,0.9538526,0.94672567,0.9542899,0.95368844,0.9470888,0.9431206,0.954321,0.9509453,0.9745154,0.9612502,0.9456949,0.95722795,0.9540175,0.9491975,0.9587579,0.9481579,0.9577425,0.94874346,0.9571173,0.96584016,0.9560409,0.948244,0.9472799,0.95153874,0.9537973,0.95387137,0.9498546,0.9467123,0.9745154,0.9612828,0.96141106,0.95938843,0.95115674
arcticmovie,0.9566096,0.9517857,0.96147174,0.94653815,0.95627546,0.9428038,0.95590156,0.9515896,0.9730576,0.94618565,0.96656424,0.9363782,0.94796383,0.96196914,0.9513953,0.95321476,1.0000002,0.95750284,0.9490409,0.940097,0.948879,0.95919275,0.9590425,0.95086503,0.94793344,0.8896893,0.963969,0.9510311,0.9571934,0.9471898,0.9559491,0.96108085,0.94823235,0.93943435,0.93053323,0.93541557,0.9603471,0.9570797,0.95876676,0.9601234,0.9468785,0.94676304,0.95041734,0.9477478,0.9533739,0.9570074,0.96112096,0.949605,0.9503655,0.9488065,0.957076,0.95364016,0.9456023,0.94447386,0.9482131,0.95961726,0.9527732,0.9506856,0.9489825,0.96613187,0.9397639,0.94872236,0.95650744,0.956338,0.9392475,0.9548434,0.9512769,0.94890016,0.9475226,0.9482856,0.96691906,0.82491225,0.94352376,0.9501625,0.94514817,0.9435093,0.91076595,0.94547,0.95628303,0.95076835,0.9579311,0.95572966,0.9564142,0.94118685,0.9567726,0.9495125,0.951003,0.9492937,0.9591839,0.95684826,0.950489,0.96691906,0.95674056,0.94498324,0.95494473,0.95886034,0.9522599,0.95346266,0.950807,0.94934535,0.95921844,0.93675417,0.95250505,0.96396446,0.9490875,0.9599585,0.9560687,0.95243126,0.9529078,0.9511149,0.963783,0.88912714,0.94964147,0.931105,0.9524722,0.9563539,0.9618339,0.9404202,0.95416415,0.94211155,0.942184,0.9452404,0.94628316,0.95399827,0.9600669,0.949788,0.95400995,0.95745957,0.9554885,0.9474741,0.9529686,0.96174175,0.97331095,0.9652366,0.9549733,0.952305,0.9560994,0.9307413,0.9600534,0.95667773,0.9730576,0.9608043,0.9466546,0.9534359,0.95483375,0.95167816,0.94624937,0.9358655,0.9432493,0.95419246,0.9446472,0.95509773,0.9549926,0.94045734,0.94526243,0.9590133,0.9660217,0.95830417,0.9445857,0.951164,0.9730576,0.94754577,0.95521545,0.96461576,0.94871336
artofracingmovie,0.9646705,0.9559848,0.9686499,0.95518714,0.97599274,0.94785476,0.963135,0.9585037,0.9796034,0.95386726,0.9595282,0.9450461,0.954987,0.95367485,0.9647494,0.9520356,0.95750284,1.0000002,0.9573029,0.9449311,0.95614964,0.960411,0.9672019,0.9578867,0.95288235,0.90137196,0.96719706,0.95794815,0.96885574,0.95815617,0.96082103,0.9645109,0.9524189,0.95158243,0.9467037,0.92529035,0.9600506,0.9594144,0.9640597,0.96570283,0.9513592,0.9623028,0.96042174,0.9612516,0.9658554,0.9582757,0.96192217,0.95463043,0.96395177,0.96515435,0.96204746,0.96914226,0.9555252,0.95607,0.95885444,0.971542,0.9544903,0.9623407,0.9591211,0.9620348,0.94522893,0.96101433,0.96086264,0.9529105,0.95334554,0.95385885,0.95076174,0.969167,0.95494175,0.9568826,0.96456635,0.83195156,0.9500566,0.96295214,0.9546582,0.95130485,0.9179943,0.9564877,0.96191984,0.9560927,0.9573458,0.96682256,0.9646107,0.9651531,0.9658213,0.94860196,0.9621989,0.95858693,0.94381744,0.96115065,0.96459526,0.96456635,0.96178204,0.9573118,0.950888,0.9620002,0.9594022,0.9534786,0.9605204,0.9474252,0.9628844,0.95237565,0.9593927,0.9602575,0.95032424,0.96296805,0.96201086,0.95770776,0.947127,0.9606219,0.9653097,0.8992725,0.9646898,0.9405343,0.94725007,0.95620435,0.9677763,0.94710046,0.96853757,0.9529522,0.95730156,0.95576364,0.9609679,0.94834924,0.9617527,0.9565461,0.96452445,0.9650836,0.97200763,0.93799067,0.96494186,0.9728722,0.95572525,0.9590474,0.96045524,0.95981836,0.9556524,0.9513645,0.9597578,0.96490425,0.9796034,0.9692995,0.9606757,0.9597962,0.95893234,0.9656969,0.952366,0.95132554,0.950895,0.95977414,0.9502954,0.96561915,0.96331203,0.9479356,0.9595332,0.9551796,0.96282744,0.95381325,0.9592287,0.9498286,0.9796034,0.964281,0.9614231,0.96876603,0.9566205
avengers,0.97295886,0.96329904,0.96514034,0.95152575,0.95936114,0.94498724,0.95828503,0.94578165,0.97513896,0.9550569,0.95453686,0.94526964,0.95220125,0.9561781,0.95340014,0.9521926,0.9490409,0.9573029,1.0000004,0.9559112,0.9478063,0.94810134,0.9600067,0.9609634,0.9543343,0.88850147,0.9551902,0.9543381,0.95222354,0.95136136,0.9686148,0.9642936,0.94900644,0.95102704,0.9389427,0.9242621,0.96258044,0.9559618,0.9535677,0.95988864,0.95580727,0.95591444,0.95274425,0.9612777,0.961308,0.9562233,0.95438826,0.9593456,0.96293527,0.96282375,0.9542346,0.96360373,0.94548106,0.94567734,0.9530061,0.9530171,0.9572243,0.9548833,0.9539059,0.9590938,0.9548409,0.9523495,0.95977604,0.9583435,0.9511952,0.95469886,0.95219356,0.9625527,0.9450308,0.94974035,0.9604773,0.8089443,0.9467025,0.957692,0.9492569,0.952318,0.91650045,0.9570273,0.9541555,0.94899124,0.9524981,0.95306253,0.9592921,0.94802785,0.95021623,0.9461755,0.9533502,0.9564506,0.956539,0.95821077,0.95491296,0.9604773,0.9555754,0.9516628,0.9504185,0.95477325,0.9527296,0.9500526,0.9575833,0.95327187,0.95567644,0.93897086,0.941745,0.9563753,0.94956166,0.958596,0.9615582,0.95256954,0.9535078,0.9518611,0.9722814,0.8818167,0.95953345,0.94165456,0.95145065,0.9552303,0.96366733,0.94530296,0.9621748,0.9505514,0.9600049,0.95676905,0.9577948,0.9481181,0.9575075,0.9537502,0.9607476,0.95610255,0.9578598,0.95030445,0.95698786,0.9580551,0.958721,0.9601391,0.95771617,0.9538914,0.9559181,0.949554,0.95363086,0.94994444,0.97513896,0.9513419,0.9443516,0.9632124,0.95303774,0.9641274,0.95332,0.94523364,0.9512841,0.94178015,0.9520268,0.9622226,0.9567118,0.9282976,0.95535046,0.9573607,0.95835084,0.9474221,0.9501925,0.95543414,0.97513896,0.9530496,0.9595471,0.9614026,0.94553316
beachbummovie,0.95466614,0.9455159,0.95500904,0.9446499,0.9470785,0.9497319,0.95567256,0.9444556,0.9709063,0.946722,0.9442771,0.93791515,0.9529067,0.9581519,0.96762997,0.9486104,0.940097,0.9449311,0.9559112,1.0000004,0.9338773,0.9495522,0.95832807,0.9440824,0.9480674,0.89790076,0.95316917,0.9434195,0.95148396,0.95373505,0.9560353,0.9573325,0.94817173,0.95025736,0.94689643,0.9419158,0.9590415,0.9580807,0.95728105,0.9416501,0.950464,0.95237386,0.9414149,0.95146626,0.95273286,0.9683415,0.9587034,0.95109636,0.9559783,0.9575566,0.9511833,0.9536746,0.9428411,0.9435662,0.94870406,0.9420436,0.9565149,0.960658,0.9525336,0.9555229,0.9444761,0.9514025,0.95098215,0.955517,0.9466596,0.94872177,0.94324404,0.9549344,0.9372553,0.9489613,0.95875,0.8266909,0.94871825,0.95998865,0.9508963,0.946377,0.92776954,0.94859344,0.94655484,0.9422427,0.9447966,0.95139635,0.9606764,0.9489922,0.94502825,0.9537064,0.9457026,0.950567,0.9556813,0.9600975,0.9489781,0.95875,0.9534768,0.95222276,0.9474125,0.9596981,0.9483467,0.9624549,0.9546743,0.9520505,0.9628363,0.9467748,0.9441274,0.956314,0.94303536,0.9550636,0.9564191,0.9438746,0.9504513,0.9474341,0.96329683,0.89280957,0.9593791,0.94804895,0.9517146,0.9542132,0.9571281,0.9534517,0.9562675,0.95032257,0.9491549,0.9602364,0.94766057,0.94488513,0.95142585,0.9571217,0.9564623,0.9483623,0.95324445,0.941014,0.95100415,0.9549508,0.9433667,0.9447823,0.96170026,0.9585774,0.94636256,0.9522777,0.9569622,0.95642084,0.9709063,0.94393307,0.94563687,0.9431516,0.94879836,0.95045817,0.9605194,0.9503869,0.94987553,0.94872904,0.94628793,0.95315295,0.9561654,0.9462667,0.9503039,0.96179396,0.9560976,0.95071304,0.9577168,0.9573305,0.9709063,0.9492759,0.96446556,0.9550214,0.94211173
bernadettefilm,0.9525313,0.95440227,0.95199794,0.9432799,0.94849604,0.9274213,0.9493766,0.9543904,0.968984,0.945105,0.9457301,0.94313365,0.9483168,0.95410293,0.94255733,0.94777966,0.948879,0.95614964,0.9478063,0.9338773,0.99999994,0.9532314,0.9495695,0.9482745,0.9478622,0.88447934,0.95504504,0.9444667,0.9583071,0.9422161,0.9492694,0.9586386,0.9490024,0.9471325,0.9284754,0.9226027,0.9565471,0.95273936,0.95400304,0.9526167,0.9357762,0.95462,0.95376027,0.95306295,0.9402626,0.9457416,0.95013016,0.9527397,0.9529227,0.9534318,0.9563783,0.9514833,0.9507178,0.9397307,0.9502822,0.9521515,0.94730175,0.9517588,0.9497302,0.94554216,0.9415739,0.95904744,0.94940716,0.9543565,0.9404211,0.94443643,0.9505157,0.94905835,0.944129,0.9336656,0.94857067,0.8273811,0.9383224,0.94568026,0.9384617,0.9417204,0.91661674,0.95401454,0.9605636,0.94292825,0.9413594,0.9532298,0.948101,0.94291735,0.9510205,0.94284,0.9392628,0.9493389,0.9376007,0.9446557,0.9368247,0.94857067,0.95226234,0.9436262,0.9437332,0.9504185,0.9457909,0.9405178,0.9538421,0.94714475,0.94434935,0.9433411,0.94583166,0.94567096,0.9583964,0.95355344,0.95965457,0.94664824,0.94032127,0.9424292,0.95491064,0.88008827,0.93956655,0.9236085,0.9560237,0.94675654,0.9576868,0.93879634,0.95844364,0.94516206,0.943335,0.9554611,0.95339966,0.9405368,0.95846844,0.94721806,0.950142,0.9553543,0.945986,0.94733363,0.97358525,0.95538116,0.94992554,0.94159764,0.94680214,0.9438518,0.94867086,0.9348421,0.9409766,0.9438727,0.968984,0.9602446,0.93380183,0.9503082,0.938408,0.94422156,0.9504086,0.93183213,0.95053947,0.9517355,0.94995534,0.9551326,0.9569722,0.94044185,0.9417829,0.94711214,0.95268744,0.9420292,0.94002527,0.9419537,0.968984,0.956905,0.95111746,0.95788187,0.9425631
