movie,21bridgesmovie,47metersdown,abeautifuldaymovie,abominablemovie,adastramovie,adogsjourneymovie,aftermathmovie,aftermovie,ahiddenlifefilm,alitamovie,angelhasfallen,angrybirdsmovie,annabellemovie,annamovie,apollo11movie,arcticdogsmovie,arcticmovie,artofracingmovie,avengers,beachbummovie,bernadettefilm,blackandbluemovie,blackchristmas,blindedbythelightmovie,bombshellmovie,booksmart,breakthroughmovie,brianbanksmovie,brightburnmovie,brittanyrunsmov,captainmarvelofficial,captivestatemovie,catsmovie,charliesangels,childsplaymovie,clarathefilm,coldpursuitmovie,countdown,currentwarmovie,darkwatersmovie,detectivepikachumovie,disneyaladdin,disneyfrozen,disneymaleficent,doctorsleepmovie,dolemiteismyname,dontletgomovie,doramovie,downtonabbey_official,dumbo,escaperoom,everybodyknowsmovie,fastandfuriousmovie,fightingwmyfam,fivefeetapartfilm,fordvferrari,freaksthefilm,geminimanmovie,glassmovie,gloriabellmovie,godzillamovie,goldfinchmovie,goodboysmovie,goodliarmovie,gretafilm,halathemovie,happydeathdaymovie,harrietfilm,hellboymovie,hersmellmovie,highlifemovie,highstrungmovie,honeyboymovie,hotelmumbaifilm,httydragon,hustlemovie,hustlersmovie,isntitromantic,itmovieofficial,jayandsilentbob,johnwickmovie,jojorabbitmovie,jokermovie,judythefilm,jumanjimovie,justmercyfilm,knivesout,lalloronamovie,lastblackmansf,lastchristmasthemovie,latenightmovie,lighthousemovie,lionking,littlethemovie,littlewomenmovie,littlewoodsfilm,longshotmovie,lordsofchaosmovie,lucyintheskyfilm,mamovie2019,marriagestory,meettheaddams,meninblack,midsommarmovie,midwaymovie,missbalamovie,missinglinkfilm,motherlessbklyn,onceinhollywood,onthebasisofsex,overcomermovie,peanutbutterfalcon,petsematarymovie,piercingmovie,playingwithfire,playmobilthemovie,pomsmovie,queenandslim,rambomovie,readyornotfilm,richardjewellfilm,rocketmanmovie,scarystoriesmovie,secretlifeofpets,serenityfilm,shaftmovie,shazammovie,spidermanmovie,spiesindisguise,starwars,stormboymovie,stubermovie,taosdfilm,teenspiritmov,terminator,theaeronautsmov,thebestofenemies,thedeaddontdie,thefarewell,thehighwaymen,thehummingbirdprojectfilm,theintrudermovie,theirishmanfilm,thekitchenmovie,thelegomovie,themustangfilm,thenightingalefilm,theprodigymovie,thesunisalsoastar,theupsidefilm,tolkienmovie,toystory,triplefrontier,uglydolls,uncutgems,underthesilverlake,usmovie,wavesmovie,whatmenwant,wonderparkmovie,wrinklestheclown,xmenmovies,yardiefilm,yesterdaymovie,zombieland
21bridgesmovie,1.0000004,0.93369514,0.9451994,0.94190514,0.95750636,0.94814104,0.9488347,0.9530223,0.9727272,0.92646086,0.95684826,0.9402014,0.9431382,0.95520824,0.9591918,0.9467656,0.95978296,0.950667,0.96549386,0.94313085,0.9534224,0.94538295,0.9591901,0.94223785,0.942991,0.8860458,0.9411009,0.95071286,0.9570485,0.9532713,0.9360951,0.9506917,0.942834,0.942373,0.93380845,0.9160797,0.9510772,0.9585635,0.95349264,0.9507536,0.95311946,0.9472413,0.9585521,0.9476333,0.9482529,0.9485985,0.95932484,0.9458778,0.94315785,0.95170546,0.9568747,0.95198286,0.947251,0.94519955,0.9410038,0.9475917,0.9353877,0.95008534,0.9610091,0.9588877,0.94180286,0.95860344,0.95615,0.961313,0.9462195,0.95080817,0.9435308,0.94266534,0.95795757,0.94466054,0.96083,0.8359151,0.94338876,0.9389126,0.9361387,0.94690114,0.9195843,0.93636477,0.9485934,0.94325703,0.9473606,0.947172,0.95412123,0.94292426,0.9403108,0.95250726,0.93853104,0.9508251,0.95099753,0.9520213,0.94711304,0.96083,0.96171695,0.95034486,0.9422779,0.9490222,0.958433,0.95447457,0.94223416,0.96036696,0.948536,0.95322764,0.94034046,0.9574582,0.94003457,0.95540076,0.9509732,0.95371825,0.9400212,0.9346254,0.95046216,0.86070925,0.9474322,0.92187625,0.9486082,0.96577656,0.987379,0.94806826,0.9539974,0.944059,0.9370294,0.94522357,0.94572395,0.9439002,0.956015,0.95468134,0.95115143,0.93759155,0.9394932,0.9336174,0.94447553,0.93938076,0.94065374,0.9461613,0.95164925,0.95518506,0.97431207,0.9457783,0.9594775,0.93517464,0.9727272,0.95599324,0.9501037,0.94840163,0.9463353,0.9544063,0.9396736,0.94993496,0.95039505,0.9564773,0.9563458,0.9561975,0.94906116,0.95956296,0.95729154,0.95049506,0.95266545,0.9464807,0.94258237,0.946471,0.9727272,0.96115303,0.9536878,0.9560311,0.9462811
47metersdown,0.93369514,1.0000001,0.957694,0.9418323,0.955043,0.9513152,0.94949734,0.94090027,0.9715085,0.9466916,0.94508654,0.94621223,0.94245464,0.95439494,0.9571343,0.9711337,0.94351333,0.9549953,0.94645405,0.9384397,0.94420975,0.9443505,0.9491452,0.9555881,0.950952,0.87925476,0.9513234,0.9476229,0.9502728,0.9563244,0.9480565,0.95017225,0.93482155,0.948651,0.9470317,0.9279698,0.95859975,0.94863844,0.95875996,0.95834273,0.94444543,0.94969237,0.9466027,0.9554009,0.95226836,0.9538883,0.9485013,0.9460348,0.9562619,0.9567853,0.9551116,0.95312613,0.9410684,0.94282866,0.9413104,0.9484636,0.9436548,0.94699514,0.95161664,0.9490877,0.9407098,0.95858264,0.9604246,0.9486746,0.95082235,0.9504847,0.945419,0.9497804,0.95594424,0.9429154,0.9520706,0.8677639,0.9419102,0.9521409,0.9419275,0.9336835,0.924567,0.9466869,0.955767,0.9494941,0.9387141,0.9487038,0.9481382,0.953646,0.951429,0.9406889,0.949689,0.95276004,0.9530881,0.95838624,0.9464848,0.9520706,0.95253307,0.95618564,0.94847035,0.94686586,0.94328165,0.9413551,0.9567593,0.9421444,0.9588429,0.95780313,0.95195276,0.9436794,0.9598463,0.9533082,0.96068376,0.94938856,0.96036184,0.9487526,0.95539063,0.89107776,0.9531957,0.91562665,0.9487863,0.95286995,0.9492762,0.95027155,0.9565099,0.94991326,0.9380121,0.9435295,0.9524078,0.9529572,0.9615297,0.94551945,0.9518915,0.95284665,0.9527674,0.94727767,0.95910776,0.95323896,0.93938804,0.93982613,0.9572532,0.95043725,0.94647396,0.94537157,0.95785713,0.94740695,0.9715085,0.95410097,0.9521184,0.9458235,0.9493742,0.95565504,0.94269973,0.95651954,0.9436202,0.95063514,0.956917,0.95133364,0.9482372,0.92765236,0.94046074,0.95192385,0.9386967,0.9443717,0.94696295,0.9553198,0.9715085,0.95030814,0.9610423,0.94777304,0.95076245
abeautifuldaymovie,0.9451994,0.957694,0.9999998,0.9491496,0.9564265,0.9517961,0.960785,0.95622057,0.97676957,0.94578266,0.95350283,0.95548236,0.9522292,0.9541234,0.9608079,0.953039,0.95571023,0.95421845,0.9521559,0.95253676,0.9470398,0.9722374,0.95921874,0.9616404,0.9527584,0.8742086,0.9583005,0.96059734,0.97139746,0.9654646,0.9493189,0.9565701,0.9437426,0.9654719,0.93969864,0.92934006,0.96751195,0.95420927,0.96003306,0.96165097,0.95940655,0.95548564,0.9459501,0.9576452,0.96456516,0.95947033,0.95710444,0.9544801,0.9570659,0.95984167,0.9795514,0.9642439,0.9570341,0.9425797,0.9554035,0.95040774,0.95118284,0.95589006,0.9614099,0.9518135,0.9533474,0.95726025,0.96453434,0.9605656,0.9562662,0.9596588,0.9441215,0.9591747,0.95856476,0.9546024,0.9651872,0.8542975,0.9378892,0.9657376,0.94076544,0.9468729,0.9309484,0.95086324,0.9642716,0.9541031,0.9485597,0.9533182,0.96190125,0.9474154,0.96346927,0.9574207,0.95318514,0.9568217,0.9645122,0.9621224,0.9581402,0.9651872,0.9550255,0.95418394,0.97194576,0.94963473,0.95506835,0.95805234,0.9550447,0.9511422,0.958569,0.9536012,0.9668918,0.9582636,0.9530288,0.97405046,0.95980424,0.9537716,0.9583522,0.95458496,0.95465964,0.886301,0.9577803,0.9269038,0.9589339,0.95582557,0.9573156,0.95157796,0.9637711,0.9533504,0.95346445,0.9473001,0.95436347,0.9570699,0.9641811,0.94836736,0.9613739,0.9675847,0.9449824,0.94540256,0.95720226,0.95771563,0.9420461,0.9418216,0.96503645,0.96252656,0.9569702,0.9520359,0.96502906,0.9534409,0.97676957,0.9730053,0.951835,0.960182,0.95273685,0.9647597,0.9513305,0.94856876,0.9604413,0.9560483,0.95968497,0.96992433,0.96248347,0.9315744,0.953182,0.9560778,0.9597588,0.95950645,0.9495481,0.95772,0.97676957,0.9531077,0.96186876,0.96161824,0.9682384
abominablemovie,0.94190514,0.9418323,0.9491496,1.0000004,0.9538285,0.95448744,0.95386153,0.94783115,0.97095877,0.9326678,0.95791394,0.9574516,0.94376075,0.95247537,0.9548284,0.9504521,0.9427542,0.95145524,0.95167387,0.94907326,0.94995785,0.94984376,0.95322806,0.96097136,0.94365954,0.893095,0.949409,0.9525672,0.9484356,0.950044,0.94400215,0.9496408,0.94733906,0.9485792,0.947099,0.940533,0.9494951,0.9482841,0.9554473,0.962887,0.9483808,0.9562745,0.94588065,0.9476328,0.95179754,0.94836056,0.95048904,0.95970273,0.95119005,0.955525,0.95584273,0.96017605,0.9396976,0.92977685,0.94484454,0.9532772,0.9283888,0.95319164,0.9639317,0.9404632,0.93511766,0.95975137,0.9474264,0.9544687,0.94834185,0.958101,0.9539062,0.95323926,0.9615204,0.9403599,0.94761,0.8618891,0.9507507,0.9371611,0.9598644,0.94718856,0.93553525,0.936604,0.95090806,0.946245,0.9446249,0.9623523,0.9487685,0.9597146,0.9559595,0.93980014,0.9577926,0.94360936,0.94251305,0.9523888,0.95212245,0.94761,0.9484294,0.9506615,0.9438518,0.9641801,0.9405929,0.9453743,0.9544565,0.954824,0.94614637,0.94970214,0.9494976,0.94771177,0.9382056,0.9490111,0.9524825,0.9545397,0.9509522,0.9496441,0.9475205,0.89805007,0.95595276,0.93304795,0.941796,0.9491612,0.95157963,0.9539714,0.95429474,0.9471928,0.9369195,0.93627065,0.94596165,0.94431126,0.95316666,0.9555291,0.95299256,0.9423512,0.9556436,0.9484463,0.95230716,0.9594272,0.93502486,0.9325936,0.9532344,0.94723505,0.9473036,0.95103467,0.94936365,0.9353928,0.97095877,0.9494639,0.944964,0.9516725,0.93800145,0.9508798,0.940396,0.9501476,0.95340586,0.9519368,0.9508887,0.9522273,0.95413023,0.9342478,0.9284037,0.9520772,0.95026344,0.9449107,0.95577145,0.94692224,0.97095877,0.951269,0.955563,0.9511615,0.9541957
adastramovie,0.95750636,0.955043,0.9564265,0.9538285,1.0,0.9597191,0.9618023,0.95927525,0.97995764,0.96043557,0.953568,0.9639148,0.95217705,0.958645,0.96414715,0.95919466,0.95414525,0.9756808,0.9566264,0.9460528,0.9588057,0.9460524,0.95948184,0.95578647,0.95419365,0.9014549,0.9605795,0.9600672,0.95687747,0.963379,0.9515963,0.9593962,0.9471458,0.9556886,0.9341513,0.91856843,0.95767766,0.9488579,0.9663331,0.9628491,0.95676476,0.95987016,0.96312696,0.9589087,0.95731187,0.9575804,0.9546731,0.9576277,0.9607239,0.9636188,0.9637989,0.9656072,0.9486134,0.9434187,0.95578027,0.96814454,0.941265,0.9626844,0.96773624,0.96123064,0.9459122,0.9624772,0.9647285,0.9672793,0.95678675,0.95362294,0.9473541,0.9566394,0.95811504,0.9473469,0.96350384,0.84265405,0.9409683,0.9548379,0.9419561,0.9512842,0.92668676,0.9480557,0.95495737,0.94979876,0.94730175,0.95847607,0.96341676,0.95081127,0.96034116,0.9513534,0.95225936,0.9586135,0.9547656,0.95555335,0.9516761,0.96350384,0.9596986,0.96212596,0.9568114,0.9632642,0.95432866,0.961405,0.9582208,0.95296,0.953475,0.9530682,0.95083183,0.9640819,0.94869,0.9623145,0.9627043,0.9604587,0.9483664,0.9552837,0.95923245,0.872517,0.9560633,0.92981625,0.95705634,0.9631197,0.9660276,0.9579963,0.96329504,0.96061504,0.951573,0.95390964,0.9586077,0.96439517,0.96562076,0.96113884,0.9583799,0.9528781,0.96616095,0.94367135,0.9592541,0.96772677,0.9468312,0.9370242,0.96387327,0.9608205,0.9560205,0.9606139,0.9630102,0.95247334,0.97995764,0.9545302,0.9598924,0.9575974,0.9603083,0.9623613,0.9475731,0.95333,0.9596303,0.95976824,0.96437144,0.9575567,0.9546241,0.93387127,0.9534702,0.96297663,0.94859785,0.9592698,0.95657384,0.95888454,0.97995764,0.9626493,0.96952796,0.9620773,0.95244145
adogsjourneymovie,0.94814104,0.9513152,0.9517961,0.95448744,0.9597191,1.0,0.95391166,0.9479019,0.9734648,0.9418492,0.9575719,0.9604446,0.95039755,0.9531853,0.9580478,0.95816785,0.95253974,0.95885384,0.94930303,0.9494225,0.9542942,0.9440209,0.9675479,0.95292056,0.95379895,0.89233446,0.9513406,0.95324755,0.95262957,0.9586814,0.9434708,0.95775104,0.9611643,0.94728166,0.940082,0.9399794,0.96088535,0.9425946,0.9507682,0.9564449,0.9538902,0.9551074,0.95530075,0.95153266,0.95028305,0.95810694,0.96320516,0.9628419,0.9537973,0.95617586,0.9582319,0.95874625,0.9568397,0.938046,0.9344044,0.9573124,0.94152224,0.9557922,0.9616898,0.95263577,0.9395152,0.9557711,0.95562446,0.96302104,0.9516821,0.95034045,0.9490165,0.9492549,0.9625396,0.9407083,0.9561133,0.8602682,0.9405292,0.94510144,0.95013255,0.9472279,0.93925923,0.94425493,0.9606745,0.96042377,0.9399251,0.9610685,0.9531598,0.95748883,0.9533152,0.9374998,0.955837,0.9586549,0.94975674,0.9609863,0.93536377,0.9561133,0.95300883,0.95897114,0.9548443,0.95852154,0.95219207,0.9502323,0.95064086,0.960274,0.95565385,0.9656086,0.96061176,0.94946355,0.94597155,0.9513958,0.96049184,0.95627785,0.9431113,0.9485909,0.94792837,0.883172,0.94897103,0.93475056,0.94258446,0.9536553,0.95640343,0.9559638,0.955701,0.9542782,0.94675076,0.94460046,0.94555163,0.97258204,0.9524706,0.9590164,0.9604729,0.94526535,0.95162576,0.9483805,0.9576451,0.9564472,0.945184,0.94544137,0.9523835,0.9560478,0.9532063,0.9533114,0.9571693,0.94877726,0.9734648,0.9506986,0.95280486,0.9534676,0.94696736,0.95656705,0.95449394,0.95117605,0.95570534,0.95326984,0.9471102,0.9575945,0.9540852,0.9317667,0.9423201,0.9539554,0.950464,0.95252645,0.950216,0.9385644,0.9734648,0.95417386,0.9608887,0.96809757,0.9536875
aftermathmovie,0.9488347,0.94949734,0.960785,0.95386153,0.9618023,0.95391166,1.0,0.9633855,0.9808241,0.94721663,0.95942926,0.9565981,0.95996106,0.96273386,0.96654505,0.96051604,0.95081055,0.962411,0.9542802,0.9544709,0.96049654,0.9565313,0.96070874,0.9610086,0.9495245,0.8856766,0.9497191,0.9542431,0.95631224,0.9641415,0.94665617,0.951302,0.951376,0.95716465,0.93686694,0.91914296,0.9609409,0.94749427,0.9589441,0.9539104,0.964304,0.9549506,0.9444143,0.9545268,0.9617912,0.96231985,0.9604037,0.95907587,0.9448477,0.9574664,0.9601509,0.95575595,0.9627973,0.94715726,0.95396584,0.9504937,0.93965423,0.96230507,0.96038824,0.9608726,0.95785654,0.95895356,0.96011955,0.9644191,0.9545937,0.9583036,0.9591485,0.9517281,0.96221703,0.94593436,0.96517587,0.83651507,0.9356592,0.9593052,0.9394483,0.957103,0.93602186,0.9496597,0.9630828,0.9571016,0.9583668,0.9738471,0.9651993,0.9549167,0.959027,0.96367854,0.9588982,0.966022,0.9594761,0.96235406,0.9604056,0.96517587,0.95926005,0.9551065,0.9620738,0.95785207,0.96074796,0.95505345,0.97171867,0.961132,0.957817,0.9508209,0.95021623,0.9613151,0.95370275,0.9558849,0.96574545,0.96215224,0.9543617,0.95022094,0.9582647,0.8682412,0.96372473,0.9264066,0.9622507,0.9632356,0.9573879,0.9548788,0.97105604,0.9856653,0.9557704,0.9640912,0.9546579,0.9616013,0.9581761,0.95949614,0.97268164,0.9476676,0.9450895,0.94008964,0.95890534,0.96094644,0.9457717,0.9482361,0.9614774,0.9621446,0.9563497,0.9548809,0.9692235,0.9579744,0.9808241,0.9558,0.9585385,0.9568999,0.9511127,0.9572057,0.95480245,0.9473486,0.9618923,0.9524159,0.9843066,0.95063764,0.96732634,0.9404856,0.94803053,0.95617455,0.95994514,0.96617436,0.95107275,0.9598307,0.9808241,0.96040475,0.96326005,0.9625822,0.956149
aftermovie,0.9530223,0.94090027,0.95622057,0.94783115,0.95927525,0.9479019,0.9633855,0.9999997,0.9787414,0.9442205,0.9554579,0.94799393,0.95890105,0.9574633,0.96264106,0.95640785,0.95185494,0.9523837,0.95184773,0.9507005,0.95123786,0.9532371,0.96416193,0.9632853,0.9539513,0.8994379,0.946178,0.95402706,0.9570129,0.9718974,0.95569706,0.94635296,0.94760835,0.9555146,0.94154966,0.92360526,0.95772165,0.95777225,0.9563331,0.9563718,0.95965326,0.9516743,0.9531745,0.95545095,0.9607837,0.95913285,0.96193343,0.9619792,0.95049417,0.9574861,0.95880187,0.9571916,0.9581877,0.941275,0.9607216,0.9568575,0.9486305,0.95997983,0.9657802,0.96460557,0.9437329,0.9631998,0.9649911,0.9591426,0.9555592,0.96104866,0.95313257,0.95274603,0.95805,0.9514439,0.9683836,0.8405215,0.9501117,0.95510584,0.9382948,0.95467633,0.9419194,0.9466478,0.9681506,0.9489018,0.9487159,0.9557287,0.96352285,0.95219237,0.95788014,0.9533017,0.9560043,0.96523064,0.9530311,0.95903033,0.9635523,0.9683836,0.9626195,0.95509106,0.955759,0.9544791,0.9580327,0.95739734,0.95940393,0.9515147,0.9564357,0.9578818,0.95219666,0.9619967,0.9511069,0.9558907,0.9710561,0.9644047,0.9510989,0.94957966,0.95617783,0.88178605,0.9608719,0.9256414,0.9584428,0.9563694,0.9603806,0.9559285,0.96063334,0.9566125,0.95516837,0.9595332,0.9534569,0.9532461,0.9633871,0.9637398,0.9586373,0.94763345,0.9391337,0.9417335,0.9551221,0.95411396,0.94602156,0.9393035,0.9664102,0.9708479,0.959824,0.9532968,0.96666574,0.9551335,0.9787414,0.958228,0.9559006,0.9606499,0.95205575,0.95856345,0.94878644,0.9478269,0.96441686,0.95977646,0.9608644,0.9553328,0.96410215,0.9482721,0.95864916,0.95658404,0.9562397,0.96289456,0.96176225,0.95508164,0.9787414,0.9629774,0.9613444,0.9683848,0.95270133
ahiddenlifefilm,0.9727272,0.9715085,0.97676957,0.97095877,0.97995764,0.9734648,0.9808241,0.9787414,0.99999994,0.96235985,0.97790533,0.97492844,0.97565764,0.9804754,0.9819138,0.9765834,0.97450656,0.9769378,0.97308403,0.97079414,0.9772013,0.97178304,0.9815236,0.97830826,0.9704577,0.9091634,0.971237,0.9763633,0.9769932,0.98204166,0.9669963,0.9734877,0.9680516,0.97661275,0.96239614,0.94706553,0.9821513,0.97256845,0.97843844,0.97855353,0.9768574,0.9767182,0.97243446,0.97752553,0.977988,0.97697395,0.98013014,0.9784647,0.9752006,0.98026264,0.9812912,0.98084956,0.9768758,0.96425265,0.96944696,0.9738917,0.9682186,0.9767438,0.9814067,0.97773606,0.97081184,0.98080397,0.98271275,0.9826311,0.9749305,0.9774085,0.9719284,0.9736921,0.9822921,0.9685417,0.9830907,0.8733494,0.9660404,0.97364384,0.96463263,0.97103816,0.95378405,0.9693519,0.98036075,0.9738311,0.9729297,0.97920775,0.9804454,0.9732511,0.9761833,0.970967,0.9759052,0.98056304,0.97437453,0.97938925,0.9762799,0.9830907,0.9805339,0.9770378,0.9744109,0.97514254,0.97719145,0.97643656,0.9771965,0.9785041,0.9761542,0.97513545,0.9744023,0.9771253,0.969437,0.9783653,0.9849682,0.9810196,0.97124434,0.9699316,0.9781624,0.9014026,0.9787928,0.9481993,0.97710896,0.97902805,0.9805532,0.97544813,0.98361886,0.97811,0.97205794,0.9735367,0.97500753,0.97686577,0.98187363,0.9773764,0.97978604,0.9672413,0.966583,0.9652248,0.9786122,0.97634405,0.9661244,0.96565336,0.98014975,0.9802804,0.97958773,0.9735625,0.98582786,0.96818644,0.99999994,0.9772235,0.97428733,0.9783115,0.97474885,0.9767788,0.96934974,0.97222203,0.9796762,0.9745701,0.97961456,0.97777385,0.98009187,0.95703256,0.9716555,0.97614914,0.9765238,0.9776155,0.9736699,0.9765534,0.99999994,0.9755883,0.9830462,0.9837973,0.97536933
alitamovie,0.92646086,0.9466916,0.94578266,0.9326678,0.96043557,0.9418492,0.94721663,0.9442205,0.96235985,0.9999999,0.9234773,0.9528983,0.93424684,0.9471859,0.95012915,0.95284104,0.9386577,0.9563383,0.9328278,0.9309399,0.94046944,0.9229054,0.9438678,0.937661,0.9337398,0.8832842,0.9460167,0.9455275,0.93495685,0.95046794,0.9442457,0.938527,0.9353143,0.93651134,0.9223375,0.9109211,0.93863523,0.93010217,0.9495352,0.9433603,0.9412238,0.9400566,0.9398496,0.93952864,0.948869,0.94232976,0.94295007,0.94468397,0.93954635,0.9414004,0.9451907,0.9447595,0.934409,0.93544114,0.9405109,0.94646084,0.92852455,0.94022304,0.9461564,0.9400566,0.93280363,0.939934,0.9387595,0.95524627,0.9466562,0.93876916,0.9375088,0.9371906,0.93928313,0.9242106,0.94272214,0.8393302,0.91813016,0.9508386,0.92119944,0.9439083,0.9144939,0.9453214,0.94787145,0.94562507,0.92877156,0.9393924,0.9513803,0.92351574,0.94648004,0.93467605,0.94537973,0.94480693,0.931653,0.9448901,0.9328706,0.94272214,0.93803537,0.93916714,0.93689215,0.94242543,0.93078464,0.94331974,0.94323814,0.93619335,0.93604994,0.9288494,0.9453139,0.94404626,0.95086473,0.941387,0.95021385,0.94310087,0.94125265,0.9462936,0.9378899,0.8520886,0.9396067,0.913522,0.93726873,0.9422004,0.93609405,0.9366777,0.9424114,0.9513704,0.9425117,0.9330415,0.9423503,0.95053387,0.94409966,0.94266105,0.9477494,0.93839073,0.9468996,0.9296942,0.9451389,0.9511065,0.93949145,0.91851693,0.95187503,0.9455292,0.9389116,0.93893975,0.95169795,0.94046503,0.96235985,0.94406694,0.9446032,0.94393003,0.9353819,0.94278586,0.9434314,0.93815655,0.947365,0.9359701,0.9472559,0.93207383,0.9408114,0.9151826,0.9383444,0.9391983,0.9366686,0.94322944,0.93770653,0.94551325,0.96235985,0.950776,0.9473319,0.942638,0.9405903
angelhasfallen,0.95684826,0.94508654,0.95350283,0.95791394,0.953568,0.9575719,0.95942926,0.9554579,0.97790533,0.9234773,0.9999998,0.94822973,0.95759946,0.9598302,0.9577114,0.9555243,0.94839084,0.9551104,0.9553089,0.9474549,0.9579525,0.9579585,0.9579267,0.9591355,0.94771135,0.9032965,0.94363433,0.9512682,0.95834553,0.96008855,0.94616455,0.95109695,0.9562271,0.95583934,0.93773574,0.9196662,0.96358913,0.9522534,0.9584759,0.9564112,0.959142,0.95493144,0.9477785,0.9504798,0.9566372,0.9592566,0.95719486,0.9592479,0.95948404,0.95622337,0.9557885,0.9600257,0.9554395,0.93347895,0.94578844,0.951505,0.9487684,0.95926595,0.9629783,0.96071213,0.95324713,0.9631735,0.9646219,0.95644265,0.9590759,0.96915287,0.94822794,0.9628132,0.98017526,0.9473617,0.96325654,0.8539683,0.9477276,0.9481904,0.94888926,0.95188946,0.93031275,0.9453992,0.95382166,0.95163095,0.96640205,0.96155506,0.95375943,0.9492039,0.9482657,0.95358914,0.95447165,0.9645165,0.95949876,0.9489828,0.9625193,0.96325654,0.9613919,0.95487535,0.950619,0.96507144,0.97026694,0.9520199,0.95140827,0.96250224,0.9568384,0.9643127,0.9569841,0.95208895,0.9475884,0.94925195,0.9590665,0.9617541,0.948017,0.9481771,0.95614284,0.88325167,0.95714706,0.9262663,0.95530665,0.9629123,0.9591865,0.9578738,0.96658564,0.9496686,0.9467043,0.9568391,0.95302546,0.9499776,0.9594279,0.96202576,0.9618212,0.9515218,0.9457049,0.941725,0.9556805,0.9586416,0.9383513,0.94088346,0.9569536,0.9593113,0.95408154,0.95219284,0.9627272,0.94729865,0.97790533,0.95111257,0.9565478,0.954415,0.95468295,0.9581904,0.9399744,0.95172435,0.95212066,0.9529971,0.95687884,0.9613932,0.955119,0.9394527,0.9437615,0.9531691,0.952983,0.95870113,0.95362306,0.95354056,0.97790533,0.9569389,0.9620184,0.9679321,0.95541495
angrybirdsmovie,0.9402014,0.94621223,0.95548236,0.9574516,0.9639148,0.9604446,0.9565981,0.94799393,0.97492844,0.9528983,0.94822973,1.0000004,0.9581243,0.9591317,0.96255547,0.95446986,0.9488149,0.95853734,0.94349796,0.9549922,0.9477189,0.9456926,0.9593162,0.95920897,0.94750464,0.8840597,0.9508809,0.95962715,0.95485806,0.9621746,0.9479069,0.96206015,0.95099276,0.96525526,0.93750316,0.9300497,0.95766467,0.94509536,0.9592097,0.9611903,0.9521114,0.9635126,0.9528909,0.95502055,0.9550847,0.95004314,0.9566074,0.9596352,0.96009654,0.9608367,0.96798766,0.9608566,0.95437545,0.9509896,0.9464101,0.95312977,0.9423088,0.9576425,0.95981133,0.95501864,0.9434527,0.96027946,0.95320624,0.9630194,0.952892,0.95374995,0.94707626,0.9522815,0.9574619,0.93655974,0.9560393,0.8602941,0.93824786,0.95198876,0.9499496,0.94477904,0.93079185,0.9471386,0.9578556,0.94884616,0.94984066,0.96231633,0.9573639,0.95550936,0.9720953,0.94410455,0.95483524,0.9549482,0.953402,0.960901,0.9542573,0.9560393,0.9487082,0.94925976,0.9603879,0.95941293,0.9455769,0.9582659,0.95693594,0.9559394,0.944422,0.9483426,0.9489685,0.958393,0.9461188,0.9637893,0.95904195,0.95495635,0.94922,0.9628208,0.9567447,0.88348144,0.9599604,0.9332733,0.94328135,0.956981,0.953012,0.9549908,0.96561074,0.95415634,0.94996446,0.9507327,0.95293504,0.96497625,0.95894074,0.9476997,0.9583953,0.95210326,0.9520181,0.9477714,0.9554754,0.9541956,0.95130175,0.9377074,0.95727247,0.9555961,0.95186085,0.9528563,0.9654815,0.94141066,0.97492844,0.95533115,0.9505474,0.9596358,0.9560427,0.9485415,0.94746244,0.9466964,0.95648456,0.95821327,0.9495693,0.95040053,0.95673126,0.92390335,0.9439328,0.95786947,0.9492928,0.9562112,0.9528822,0.9519565,0.97492844,0.94647276,0.96213186,0.96024245,0.9570621
annabellemovie,0.9431382,0.94245464,0.9522292,0.94376075,0.95217705,0.95039755,0.95996106,0.95890105,0.97565764,0.93424684,0.95759946,0.9581243,0.9999995,0.9544508,0.9613166,0.95225954,0.9451642,0.949284,0.94426507,0.9547049,0.95521617,0.950931,0.9563292,0.9593406,0.95583266,0.8955703,0.934573,0.9491441,0.9573786,0.9628314,0.94419074,0.95380735,0.945464,0.95675296,0.92749864,0.92039454,0.95992255,0.96495473,0.9585779,0.943485,0.96580523,0.94824576,0.94769496,0.94759715,0.95680344,0.96132237,0.9470333,0.9564578,0.9602165,0.9504201,0.9597425,0.95652586,0.9648013,0.9431062,0.9530546,0.94863325,0.94664985,0.9541654,0.9539724,0.9549561,0.9598058,0.9545482,0.95762515,0.96418905,0.95440274,0.9602757,0.9501143,0.9573695,0.9594598,0.9423269,0.9598557,0.83532673,0.9460934,0.94802004,0.9418732,0.9520321,0.9375258,0.9486622,0.961225,0.9517389,0.9488658,0.9615221,0.962743,0.9435941,0.9635523,0.955243,0.9594961,0.976783,0.9546671,0.95646864,0.96501213,0.9598557,0.95559686,0.9458877,0.9483881,0.9513466,0.9569846,0.95481795,0.9534853,0.95787704,0.95454776,0.9569913,0.9503009,0.954463,0.94621426,0.95642114,0.9650963,0.95873255,0.94999915,0.95075077,0.9494505,0.87660795,0.96104276,0.9254536,0.9544074,0.9552337,0.9488707,0.9529507,0.96355605,0.9602004,0.9628579,0.96415985,0.9593952,0.953434,0.95285296,0.95124876,0.9655839,0.94007564,0.94141763,0.9440609,0.9530149,0.96169937,0.94796026,0.9434049,0.9598795,0.956807,0.9565485,0.948073,0.96544844,0.9514984,0.97565764,0.9520297,0.95540094,0.95995283,0.96410847,0.9520141,0.952165,0.9426629,0.9537345,0.95100373,0.95257074,0.9516862,0.96406156,0.9227961,0.9472456,0.94248414,0.9574261,0.96009815,0.95282954,0.9536582,0.97565764,0.949657,0.959125,0.9672696,0.9555364
annamovie,0.95520824,0.95439494,0.9541234,0.95247537,0.958645,0.9531853,0.96273386,0.9574633,0.9804754,0.9471859,0.9598302,0.9591317,0.9544508,1.0,0.9643849,0.9612056,0.96166706,0.95413595,0.958815,0.9516904,0.9601532,0.9490799,0.96776265,0.96095353,0.9439095,0.8954266,0.9517314,0.96378547,0.95901054,0.95857626,0.9605417,0.9521482,0.95182365,0.9633153,0.940422,0.92809564,0.9639908,0.95465314,0.96294147,0.96015257,0.96013194,0.95505285,0.94907206,0.9615417,0.9614715,0.9578868,0.9642466,0.9549432,0.95871145,0.95902294,0.9614844,0.9629373,0.96069956,0.9512711,0.95525104,0.9517332,0.9581095,0.9590879,0.96887505,0.9539516,0.9543594,0.9655934,0.9672909,0.9753948,0.95311093,0.95496744,0.95266646,0.9539904,0.96196026,0.9449634,0.9593171,0.8596873,0.94730824,0.9588954,0.94281536,0.95286214,0.9254938,0.96001035,0.96438915,0.96008635,0.9561291,0.9611275,0.96111804,0.9532848,0.95606667,0.95490485,0.9540762,0.9626217,0.9550457,0.9628044,0.95297223,0.9593171,0.959167,0.95284456,0.95324546,0.95174587,0.96324676,0.96055794,0.9583562,0.97507256,0.95525116,0.95528895,0.95557904,0.9583339,0.96794164,0.95651513,0.9644039,0.95551115,0.9544484,0.9542358,0.96172523,0.88978463,0.95740473,0.94138247,0.95103383,0.96281385,0.96359426,0.9543702,0.9679548,0.9595904,0.94864947,0.95248514,0.95989716,0.9557166,0.9591775,0.9651886,0.9598136,0.9517224,0.9479402,0.9451146,0.9644827,0.95883155,0.9579804,0.9510583,0.9600441,0.96106035,0.9644534,0.96060234,0.96447504,0.95330334,0.9804754,0.95759296,0.94875103,0.959535,0.95249647,0.9602179,0.95718926,0.94753915,0.9533578,0.95462954,0.96089315,0.96003866,0.9706161,0.93822575,0.95175344,0.9561767,0.9596257,0.95402193,0.94991654,0.9546638,0.9804754,0.9574335,0.95810694,0.96697754,0.95599437
apollo11movie,0.9591918,0.9571343,0.9608079,0.9548284,0.96414715,0.9580478,0.96654505,0.96264106,0.9819138,0.95012915,0.9577114,0.96255547,0.9613166,0.9643849,1.0000001,0.95705664,0.95938665,0.96484244,0.9606307,0.9755297,0.9587669,0.9556989,0.9588548,0.9597186,0.96073663,0.89347494,0.9546194,0.9604564,0.961026,0.96606857,0.9503954,0.95579594,0.9493135,0.9523756,0.93725836,0.92232394,0.9678284,0.95683146,0.9737267,0.95870376,0.9606971,0.95742905,0.9636222,0.95640093,0.96281976,0.95838267,0.9577432,0.96277905,0.9611011,0.96115273,0.9661947,0.9648005,0.960347,0.95306027,0.95456237,0.95991,0.957962,0.9656522,0.9634854,0.9653656,0.95607746,0.9635508,0.966311,0.96764445,0.9573674,0.9613212,0.96133184,0.9546026,0.9632126,0.9594079,0.96496224,0.8391241,0.9465951,0.95813346,0.9434678,0.9542965,0.93164563,0.951669,0.96586615,0.9578033,0.95322156,0.96470916,0.96750486,0.9573353,0.9591224,0.96280605,0.9656729,0.96233326,0.9569774,0.9690781,0.956636,0.96496224,0.9558638,0.9553097,0.96051633,0.9729207,0.96449804,0.968581,0.96207803,0.9614603,0.95916,0.9595749,0.9537901,0.96080184,0.95918345,0.9634484,0.96770394,0.96102273,0.96068746,0.95142657,0.9681254,0.8764527,0.96385664,0.9225755,0.9577384,0.9626997,0.96306854,0.9591957,0.96596664,0.96502125,0.95891976,0.95879924,0.96655273,0.96750927,0.9643785,0.95534384,0.9687134,0.9536209,0.95907986,0.94382656,0.96346134,0.9599445,0.9497862,0.9514629,0.9649857,0.95977724,0.9641597,0.95715165,0.9656715,0.94757885,0.9819138,0.96200585,0.95925874,0.9586233,0.9614467,0.9595775,0.94963753,0.9550692,0.9631721,0.95625484,0.9708861,0.9592805,0.9605251,0.93930316,0.95716697,0.95762295,0.9585006,0.9573898,0.9554072,0.9613824,0.9819138,0.9627616,0.9630239,0.9662997,0.9615223
arcticdogsmovie,0.9467656,0.9711337,0.953039,0.9504521,0.95919466,0.95816785,0.96051604,0.95640785,0.9765834,0.95284104,0.9555243,0.95446986,0.95225954,0.9612056,0.95705664,0.9999997,0.9508533,0.95864004,0.95245886,0.9446503,0.9560978,0.94605446,0.959393,0.9569166,0.95843184,0.89485776,0.94315785,0.95073545,0.9540682,0.96146643,0.9490978,0.949067,0.9549282,0.95449436,0.9448945,0.9287802,0.95639086,0.9494494,0.956117,0.9540338,0.95469207,0.9518255,0.9471262,0.95023113,0.9671292,0.9537297,0.959547,0.95689434,0.9627144,0.9537772,0.95624614,0.9554297,0.9540232,0.9466647,0.94756216,0.9588358,0.94810474,0.95343256,0.96155334,0.95707256,0.9460381,0.96005726,0.96269464,0.9605858,0.9560788,0.9540735,0.9488041,0.95276517,0.96387327,0.94444996,0.9560473,0.855831,0.9530471,0.9558523,0.9487606,0.94670796,0.9421098,0.95150656,0.9596414,0.9570112,0.9463835,0.9588083,0.953089,0.9559724,0.9608558,0.9432892,0.95486945,0.9557651,0.94885725,0.9603287,0.9509869,0.9560473,0.9550599,0.9554375,0.9505534,0.95075756,0.951797,0.9565209,0.955456,0.95126903,0.95887995,0.9588195,0.9489557,0.9524975,0.9565658,0.95207417,0.9681585,0.96880066,0.9672357,0.95165545,0.952914,0.8911881,0.9594109,0.9278893,0.94340533,0.9596435,0.95519054,0.9536762,0.9588289,0.9567317,0.9461652,0.9562006,0.9603756,0.9570172,0.9612415,0.9536321,0.95655394,0.94694513,0.95082104,0.9450765,0.96286285,0.95691663,0.9483943,0.94316006,0.95673776,0.95771456,0.95296204,0.95069504,0.96391386,0.9561326,0.9765834,0.9532372,0.96112794,0.95735717,0.952833,0.9567164,0.95601535,0.9551489,0.9548318,0.9584694,0.959951,0.9503848,0.9581348,0.9389097,0.94339377,0.959889,0.95452446,0.9531054,0.953131,0.9533335,0.9765834,0.9608148,0.9655504,0.95971483,0.9532483
arcticmovie,0.95978296,0.94351333,0.95571023,0.9427542,0.95414525,0.95253974,0.95081055,0.95185494,0.97450656,0.9386577,0.94839084,0.9488149,0.9451642,0.96166706,0.95938665,0.9508533,1.0,0.9521591,0.9603314,0.94831336,0.9522742,0.95333123,0.9623972,0.9446626,0.94643366,0.88845956,0.95542514,0.9655939,0.9637632,0.9525998,0.95003086,0.94893295,0.94577885,0.9505103,0.9471163,0.93699664,0.95482194,0.94279885,0.9588258,0.9551116,0.94852793,0.9480493,0.94493836,0.9453491,0.9577665,0.9512811,0.9651956,0.96016794,0.95416224,0.94752115,0.96623415,0.95728934,0.94917524,0.9377732,0.94280094,0.95718974,0.9553115,0.95298237,0.9617185,0.9500062,0.94420034,0.957422,0.96426576,0.9572851,0.9517192,0.9501065,0.94317234,0.9545671,0.95689666,0.9473388,0.9586052,0.85690385,0.95074815,0.95335466,0.942805,0.94872355,0.92765033,0.9505963,0.963659,0.95578456,0.949524,0.95046437,0.95494777,0.9529322,0.9493401,0.95083594,0.95394427,0.9534402,0.956167,0.95589495,0.9445023,0.9586052,0.94739217,0.95243835,0.9515666,0.95387155,0.95394635,0.9576624,0.9537642,0.95549196,0.9532238,0.9521757,0.9549602,0.9553658,0.9500743,0.9593975,0.9646746,0.9527793,0.94229555,0.9449353,0.9583788,0.8778445,0.9527024,0.9422702,0.94986236,0.95996237,0.9645023,0.95307153,0.9612386,0.9523908,0.95122665,0.94369215,0.9536959,0.95329165,0.96191996,0.960102,0.9545166,0.9438145,0.94381523,0.9451268,0.95752156,0.94866276,0.9717612,0.9598029,0.9493205,0.95304805,0.9586895,0.9462166,0.95915097,0.9490295,0.97450656,0.9647638,0.95297503,0.9564683,0.9438917,0.9532217,0.95378894,0.9509297,0.9496898,0.9540071,0.9520195,0.95227,0.9592922,0.937448,0.95442504,0.9576402,0.9598018,0.94890916,0.9404248,0.94827235,0.97450656,0.95497125,0.95159775,0.9620119,0.95552886
artofracingmovie,0.950667,0.9549953,0.95421845,0.95145524,0.9756808,0.95885384,0.962411,0.9523837,0.9769378,0.9563383,0.9551104,0.95853734,0.949284,0.95413595,0.96484244,0.95864004,0.9521591,1.0000005,0.953504,0.9554018,0.95369625,0.94573164,0.9530566,0.9514452,0.9483153,0.87937146,0.9595214,0.95449716,0.95158947,0.9603085,0.9501172,0.9586479,0.9440865,0.9500563,0.9423188,0.9201038,0.9616704,0.94501466,0.9607505,0.95559716,0.9520796,0.9614145,0.9579384,0.9586645,0.96104604,0.9547414,0.95574117,0.9575179,0.95992666,0.9636639,0.95853287,0.96437585,0.9508246,0.94064826,0.948608,0.96377474,0.9396974,0.9582108,0.9652232,0.9536555,0.94587296,0.9615411,0.96012306,0.95904046,0.959857,0.95058835,0.9568656,0.9512295,0.9554971,0.95045817,0.960171,0.85425454,0.93880594,0.9500575,0.94115394,0.94801086,0.9234718,0.94749564,0.95605195,0.9614723,0.94190097,0.9627653,0.95867836,0.9578969,0.95577365,0.94799316,0.9566559,0.959888,0.9472062,0.95549154,0.94806755,0.960171,0.9523115,0.95810187,0.95983577,0.95542777,0.9457189,0.9654725,0.9583172,0.949341,0.9586452,0.9550066,0.95204955,0.9562168,0.94009805,0.95459986,0.96589774,0.9567312,0.94280344,0.94507676,0.9669789,0.8667354,0.9606145,0.9252981,0.9509929,0.9598735,0.96139497,0.9551721,0.95856744,0.9598025,0.9467012,0.94967866,0.9595552,0.96280587,0.9594775,0.9585708,0.9597829,0.94933885,0.96097565,0.9416464,0.9615902,0.96554697,0.9412088,0.93939275,0.9617471,0.956337,0.95735925,0.9535751,0.9595879,0.95399,0.9769378,0.9500524,0.9510629,0.9501517,0.9513158,0.9564882,0.94891065,0.951907,0.9563235,0.9542765,0.9615807,0.9570817,0.954899,0.9348498,0.9474728,0.9585948,0.9476779,0.9539235,0.95476705,0.95698977,0.9769378,0.95753443,0.96126187,0.95523286,0.9557844
avengers,0.96549386,0.94645405,0.9521559,0.95167387,0.9566264,0.94930303,0.9542802,0.95184773,0.97308403,0.9328278,0.9553089,0.94349796,0.94426507,0.958815,0.9606307,0.95245886,0.9603314,0.953504,0.9999998,0.95578605,0.9562153,0.94346935,0.9512065,0.9515199,0.9443276,0.8870274,0.95041794,0.94773245,0.9589918,0.95149547,0.9679732,0.9523559,0.9390921,0.95366067,0.9287656,0.91510344,0.95564914,0.9479057,0.96189666,0.95544314,0.9519064,0.95197636,0.9537925,0.9523149,0.9553036,0.9492541,0.9513206,0.95156467,0.95206594,0.95446634,0.9604771,0.95625263,0.9441707,0.9288911,0.9525634,0.95488334,0.94519085,0.9505157,0.95917755,0.9497384,0.9509728,0.9605115,0.9638325,0.9620424,0.9465796,0.94856834,0.94610935,0.94845706,0.95532495,0.9514837,0.95306677,0.8432181,0.9472763,0.94552016,0.9359303,0.94775164,0.92776316,0.94578034,0.95406324,0.93834287,0.9463592,0.955852,0.9515569,0.94569105,0.9527319,0.95262086,0.9477237,0.9457082,0.9479998,0.9573903,0.94889385,0.95306677,0.95732147,0.95368326,0.94856566,0.9519077,0.9574846,0.9566389,0.94731003,0.9495175,0.948681,0.9557128,0.9460782,0.9506836,0.94311833,0.95418227,0.95597243,0.95593673,0.94296134,0.9376283,0.95485973,0.8680609,0.95064574,0.92351323,0.94571066,0.9534432,0.95874304,0.9379979,0.9557943,0.9481476,0.94012314,0.93878794,0.9561198,0.952579,0.9601989,0.95808405,0.95729506,0.94901574,0.948697,0.9587169,0.9567443,0.9492723,0.9417936,0.9443511,0.9515973,0.95515037,0.9510882,0.94977957,0.95724446,0.9429015,0.97308403,0.9527287,0.9494948,0.9595042,0.94284666,0.9522194,0.94451094,0.94171005,0.9529214,0.9518621,0.9547109,0.9583382,0.9506605,0.9488305,0.94395584,0.9494088,0.9548119,0.9469811,0.93870175,0.9492778,0.97308403,0.9509652,0.9571983,0.9535257,0.95149076
beachbummovie,0.94313085,0.9384397,0.95253676,0.94907326,0.9460528,0.9494225,0.9544709,0.9507005,0.97079414,0.9309399,0.9474549,0.9549922,0.9547049,0.9516904,0.9755297,0.9446503,0.94831336,0.9554018,0.95578605,0.9999999,0.95355546,0.95316726,0.95294636,0.9513222,0.94810915,0.8859748,0.94466597,0.94492,0.94771457,0.9549852,0.9495662,0.9522977,0.9416693,0.94831276,0.9296456,0.93392146,0.95928437,0.9487632,0.95674896,0.9505193,0.95323074,0.94926935,0.95184624,0.9489102,0.95051986,0.95840096,0.9507595,0.95371175,0.9537828,0.9499419,0.9563499,0.9622305,0.95125216,0.936097,0.94408244,0.9488412,0.9627906,0.95435977,0.95501816,0.9518184,0.9500932,0.9509008,0.95728743,0.95613694,0.9497387,0.94868696,0.9540258,0.94784296,0.950562,0.9623661,0.95373577,0.857726,0.95123976,0.94305724,0.9415018,0.94817233,0.93017364,0.94492215,0.953876,0.94947803,0.94256085,0.96218306,0.9495702,0.951185,0.9527506,0.94847625,0.9586943,0.9475783,0.9427367,0.9642852,0.9529297,0.95373577,0.9521866,0.93901116,0.94950837,0.9545585,0.95728683,0.97371984,0.95157254,0.9529601,0.9519354,0.95853865,0.9420877,0.94459075,0.9466218,0.94992083,0.9591381,0.9502663,0.95117456,0.94523716,0.96025944,0.8931222,0.9546951,0.9296986,0.9444677,0.9492953,0.9488313,0.9511021,0.95428145,0.953839,0.95188063,0.9453428,0.95817095,0.9578457,0.9516271,0.9476833,0.95447785,0.9460335,0.94325227,0.94511527,0.9548729,0.94989455,0.94610465,0.9414823,0.9512022,0.9548056,0.9563033,0.948995,0.9577368,0.94677246,0.97079414,0.95008606,0.9470269,0.9535691,0.9550337,0.952725,0.94628483,0.9411045,0.9529309,0.9440916,0.95024836,0.95302504,0.9586339,0.933391,0.9476751,0.94765073,0.95343095,0.9511357,0.93533367,0.9435807,0.97079414,0.9446967,0.948887,0.9585958,0.95594734
bernadettefilm,0.9534224,0.94420975,0.9470398,0.94995785,0.9588057,0.9542942,0.96049654,0.95123786,0.9772013,0.94046944,0.9579525,0.9477189,0.95521617,0.9601532,0.9587669,0.9560978,0.9522742,0.95369625,0.9562153,0.95355546,1.0000005,0.9417941,0.95551574,0.9519846,0.94175184,0.886723,0.9457127,0.95600015,0.94535166,0.95939726,0.9431461,0.94943035,0.9503424,0.9481219,0.92611855,0.92961794,0.96085113,0.95567954,0.9582511,0.9561151,0.95773137,0.9536079,0.9489956,0.95261264,0.9514069,0.95725733,0.9508237,0.95449287,0.95628107,0.9569568,0.9492357,0.96327823,0.9557518,0.93935525,0.94821435,0.94976896,0.95886755,0.95527744,0.95659333,0.95098335,0.9575089,0.95102304,0.96279216,0.9644873,0.9614381,0.9520226,0.9513636,0.9575464,0.9635818,0.94619155,0.9594211,0.8560783,0.9427918,0.94838077,0.9392509,0.95550096,0.9217667,0.9531024,0.9567026,0.9493934,0.9460859,0.9629676,0.9581922,0.9450159,0.9460819,0.9503941,0.95202273,0.9607311,0.9489201,0.9591226,0.9528828,0.9594211,0.958457,0.9550376,0.94306606,0.9568063,0.9620472,0.95371735,0.94630396,0.95975906,0.95845014,0.95809674,0.9446381,0.9580367,0.94899666,0.9461932,0.9643342,0.9593809,0.94751066,0.9501848,0.96129405,0.86519164,0.95746946,0.93075997,0.9637603,0.9587944,0.9594987,0.95351464,0.95942456,0.96463597,0.94991326,0.9465408,0.96207947,0.9589926,0.9621565,0.95706207,0.95827436,0.93133426,0.9500305,0.9362549,0.96979076,0.95417005,0.9507077,0.94304764,0.95505875,0.963424,0.95553255,0.9520129,0.96182704,0.9448789,0.9772013,0.9487393,0.9520237,0.9595692,0.9581078,0.9574609,0.95310813,0.94350344,0.9606419,0.94899774,0.9570169,0.9560355,0.9609752,0.93723184,0.94751704,0.9505876,0.95210123,0.9549167,0.94533086,0.9571636,0.9772013,0.95055896,0.95802546,0.95703846,0.9468879
