movie,21bridgesmovie,47metersdown,abeautifuldaymovie,abominablemovie,adastramovie,adogsjourneymovie,aftermathmovie,aftermovie,ahiddenlifefilm,alitamovie,angelhasfallen,angrybirdsmovie,annabellemovie,annamovie,apollo11movie,arcticdogsmovie,arcticmovie,artofracingmovie,avengers,beachbummovie,bernadettefilm,blackandbluemovie,blackchristmas,blindedbythelightmovie,bombshellmovie,booksmart,breakthroughmovie,brianbanksmovie,brightburnmovie,brittanyrunsmov,captainmarvelofficial,captivestatemovie,catsmovie,charliesangels,childsplaymovie,clarathefilm,coldpursuitmovie,countdown,currentwarmovie,darkwatersmovie,detectivepikachumovie,disneyaladdin,disneyfrozen,disneymaleficent,doctorsleepmovie,dolemiteismyname,dontletgomovie,doramovie,downtonabbey_official,dumbo,escaperoom,everybodyknowsmovie,fastandfuriousmovie,fightingwmyfam,fivefeetapartfilm,fordvferrari,freaksthefilm,geminimanmovie,glassmovie,gloriabellmovie,godzillamovie,goldfinchmovie,goodboysmovie,goodliarmovie,gretafilm,halathemovie,happydeathdaymovie,harrietfilm,hellboymovie,hersmellmovie,highlifemovie,highstrungmovie,honeyboymovie,hotelmumbaifilm,httydragon,hustlemovie,hustlersmovie,isntitromantic,itmovieofficial,jayandsilentbob,johnwickmovie,jojorabbitmovie,jokermovie,judythefilm,jumanjimovie,justmercyfilm,knivesout,lalloronamovie,lastblackmansf,lastchristmasthemovie,latenightmovie,lighthousemovie,lionking,littlethemovie,littlewomenmovie,littlewoodsfilm,longshotmovie,lordsofchaosmovie,lucyintheskyfilm,mamovie2019,marriagestory,meettheaddams,meninblack,midsommarmovie,midwaymovie,missbalamovie,missinglinkfilm,motherlessbklyn,onceinhollywood,onthebasisofsex,overcomermovie,peanutbutterfalcon,petsematarymovie,piercingmovie,playingwithfire,playmobilthemovie,pomsmovie,queenandslim,rambomovie,readyornotfilm,richardjewellfilm,rocketmanmovie,scarystoriesmovie,secretlifeofpets,serenityfilm,shaftmovie,shazammovie,spidermanmovie,spiesindisguise,starwars,stormboymovie,stubermovie,taosdfilm,teenspiritmov,terminator,theaeronautsmov,thebestofenemies,thedeaddontdie,thefarewell,thehighwaymen,thehummingbirdprojectfilm,theintrudermovie,theirishmanfilm,thekitchenmovie,thelegomovie,themustangfilm,thenightingalefilm,theprodigymovie,thesunisalsoastar,theupsidefilm,tolkienmovie,toystory,triplefrontier,uglydolls,uncutgems,underthesilverlake,usmovie,wavesmovie,whatmenwant,wonderparkmovie,wrinklestheclown,xmenmovies,yardiefilm,yesterdaymovie,zombieland
21bridgesmovie,1.0000001,0.95571035,0.9585722,0.9493935,0.96155226,0.9603377,0.96645385,0.95871496,0.9802007,0.95088565,0.95219636,0.9651482,0.9576341,0.9553042,0.95808727,0.9693406,0.95392,0.95560557,0.9715245,0.9506811,0.9631448,0.96032727,0.96344125,0.9624843,0.9572249,0.8998867,0.9492603,0.9576319,0.9636065,0.9576937,0.9473817,0.95625937,0.95449823,0.9545401,0.93663436,0.927464,0.95952123,0.96572423,0.95570874,0.9627462,0.95466954,0.96037644,0.94973445,0.9451377,0.9530109,0.9634661,0.9577177,0.9458263,0.9525222,0.95092416,0.9659129,0.96905607,0.955352,0.9524368,0.9563,0.957018,0.96152747,0.95482916,0.9541148,0.9635858,0.9539564,0.95465,0.953306,0.9610688,0.95863503,0.951759,0.9529439,0.95130163,0.96080256,0.95376486,0.96709776,0.82643694,0.9539134,0.96138,0.9334927,0.9459705,0.92308843,0.9488549,0.95756084,0.9486021,0.95078176,0.95647675,0.9571066,0.95443004,0.9608631,0.9504394,0.9510156,0.9655848,0.95870507,0.96419036,0.95945966,0.96709776,0.95826244,0.9535644,0.962491,0.94954675,0.9563645,0.95129997,0.95334494,0.9549751,0.9595747,0.9618668,0.95118636,0.9616181,0.953048,0.96768916,0.95892924,0.9597794,0.9556368,0.9528356,0.96302277,0.85914725,0.9632762,0.9286679,0.9568346,0.9643344,0.99101883,0.95111424,0.96215385,0.96562946,0.95932114,0.9593324,0.95787853,0.9588087,0.96029466,0.9602755,0.9625958,0.9608567,0.9616,0.94034487,0.9663472,0.9554995,0.95401555,0.94625294,0.96276146,0.9617945,0.9729185,0.96615255,0.9710633,0.96253556,0.9802007,0.95748115,0.9471086,0.94960153,0.95749223,0.9539105,0.9612156,0.9512375,0.9589891,0.969734,0.961919,0.95881456,0.96265703,0.95946413,0.9513167,0.95694095,0.95372814,0.96476156,0.95627487,0.9593856,0.9802007,0.9546475,0.9624569,0.9652297,0.96898234
47metersdown,0.95571035,1.0000002,0.9432631,0.93561816,0.9608926,0.95606333,0.9488896,0.9462621,0.97111404,0.9548859,0.9344631,0.94084805,0.9504131,0.9443523,0.9560702,0.9607809,0.9593603,0.95057267,0.9410626,0.94414806,0.94782597,0.9587146,0.96197236,0.9562303,0.94206554,0.88736814,0.9495686,0.95080864,0.9499375,0.9497695,0.93287396,0.9440471,0.95086014,0.9492419,0.94702196,0.90776545,0.953902,0.95855343,0.9524841,0.9547702,0.9465711,0.9606659,0.95527136,0.95681417,0.9548292,0.94918364,0.9583202,0.9442432,0.94341403,0.9557494,0.949164,0.956783,0.9515629,0.938979,0.9487359,0.95423806,0.95485556,0.95896655,0.94202447,0.9554921,0.9468853,0.94063044,0.9476774,0.958601,0.941951,0.94266886,0.93792105,0.94482476,0.948221,0.94814324,0.9635321,0.84228474,0.94284356,0.9557822,0.92613584,0.9404426,0.90733284,0.94319725,0.9487494,0.9440216,0.9434895,0.9420034,0.94914603,0.9518593,0.9430433,0.92713094,0.94117576,0.9515926,0.95241064,0.95485896,0.9558207,0.9635321,0.9439323,0.94914186,0.9550017,0.9370362,0.93758535,0.9544499,0.9385971,0.94758326,0.9527078,0.9461704,0.9348757,0.96243596,0.957943,0.9522896,0.9499774,0.9490398,0.9444822,0.94994164,0.96292967,0.85906136,0.9571708,0.9298338,0.9452282,0.9455972,0.95700264,0.9450799,0.95757407,0.9413546,0.95393276,0.959613,0.94550353,0.9507369,0.95074,0.950598,0.9542712,0.94490236,0.9522234,0.9367168,0.9535889,0.9491058,0.9461314,0.94143367,0.96300995,0.95310825,0.94456506,0.94921076,0.9579033,0.94346416,0.97111404,0.9504017,0.93914473,0.9550151,0.9463744,0.9343042,0.94239205,0.9417059,0.95260864,0.94653016,0.9522595,0.958401,0.9526825,0.9377699,0.95387626,0.9522282,0.9434224,0.9461915,0.9511529,0.9492361,0.97111404,0.9459764,0.95652574,0.9557346,0.9516374
abeautifuldaymovie,0.9585722,0.9432631,0.99999976,0.9470115,0.96171373,0.959482,0.95580196,0.9560256,0.97544,0.94051564,0.9575814,0.9591475,0.9555487,0.95532113,0.95207113,0.95123774,0.95553464,0.957686,0.95260686,0.9457779,0.9559111,0.97076154,0.96460885,0.95488906,0.9506079,0.8981713,0.94007343,0.961173,0.9796427,0.9427239,0.95017606,0.96363544,0.93540394,0.9654894,0.9439271,0.92072225,0.9579421,0.953398,0.9523992,0.95651245,0.9417597,0.94375086,0.93229055,0.9353609,0.9559,0.9548306,0.96333766,0.94916564,0.9531888,0.94105583,0.97823954,0.96362686,0.946627,0.9447724,0.9420339,0.9477767,0.9435914,0.9514581,0.9465279,0.95161396,0.9452721,0.9542749,0.9533526,0.9520866,0.9564683,0.9487058,0.94394565,0.94605964,0.95553297,0.9501476,0.95869523,0.8200641,0.9480285,0.9588323,0.93935037,0.942491,0.92414534,0.9569108,0.9546887,0.9512059,0.94982713,0.9576808,0.9458567,0.95819354,0.96518445,0.942786,0.9469116,0.9609285,0.9542192,0.95716745,0.95363873,0.95869523,0.94831544,0.9449639,0.96656686,0.94648015,0.96341914,0.9534254,0.9397677,0.95006496,0.95504844,0.95333886,0.9626929,0.95053655,0.9499208,0.97486806,0.95390797,0.9617858,0.9557565,0.95203805,0.9549053,0.8757271,0.9557805,0.9310145,0.9451818,0.95914257,0.95812553,0.95385236,0.9589694,0.9514491,0.9628591,0.9573159,0.95541257,0.94844484,0.9608873,0.95253026,0.9560709,0.96365213,0.95206785,0.94018537,0.96207494,0.9508885,0.94859016,0.9464736,0.9620874,0.9423045,0.9521831,0.9512184,0.96064264,0.9583923,0.97544,0.9725689,0.9516832,0.9482329,0.9354107,0.9541528,0.95446146,0.9548246,0.95450413,0.95047283,0.9524999,0.96360236,0.9520421,0.9345212,0.94437826,0.9496004,0.94755816,0.9557508,0.95294964,0.94586784,0.97544,0.9521343,0.9546958,0.956707,0.9718449
abominablemovie,0.9493935,0.93561816,0.9470115,1.0000001,0.95160836,0.9451843,0.9426577,0.9484816,0.9647841,0.9416226,0.9416367,0.9403622,0.9551705,0.93700594,0.945887,0.93790215,0.93509984,0.936815,0.9369023,0.9422784,0.9420727,0.9446744,0.95903903,0.93810445,0.95114934,0.8972972,0.9367226,0.9421911,0.9455154,0.93947995,0.9350221,0.9446116,0.9337042,0.9307887,0.9379623,0.9256109,0.9389539,0.94476944,0.94666046,0.9553543,0.9347971,0.9401039,0.92474926,0.93681455,0.94782495,0.9361902,0.9537348,0.9202676,0.9436686,0.9400581,0.945019,0.949338,0.94347185,0.9354224,0.9496254,0.9400542,0.93937767,0.9405043,0.9506686,0.9486637,0.9418505,0.95613825,0.9384318,0.9499308,0.9450777,0.9283985,0.9331421,0.9399561,0.9446099,0.9512461,0.9534396,0.8090807,0.940116,0.9470308,0.9402656,0.92745644,0.9134691,0.9336303,0.95086306,0.93283963,0.94391364,0.9469493,0.9427064,0.94785,0.9389493,0.93294626,0.9453629,0.95633626,0.9391873,0.94049853,0.9371065,0.9534396,0.9471562,0.9377334,0.9457976,0.9437988,0.9455931,0.9417338,0.93169594,0.95074844,0.93636376,0.95209193,0.93566966,0.9511331,0.9310881,0.9469726,0.95078945,0.9482085,0.9381708,0.9447557,0.9461345,0.88592565,0.9527635,0.93305,0.93904996,0.93559647,0.95194197,0.94258434,0.94477206,0.94174474,0.9473211,0.9537404,0.9437869,0.9438927,0.9481027,0.94139373,0.9511819,0.9396602,0.94084984,0.9137538,0.9439045,0.9374412,0.93481725,0.9327541,0.9533006,0.9355409,0.947986,0.9424133,0.949295,0.9346942,0.9647841,0.9425453,0.9305293,0.9420198,0.929826,0.93824697,0.94454414,0.94807243,0.9501036,0.9387635,0.9458041,0.9554262,0.9344929,0.92657495,0.94801503,0.946549,0.93229264,0.9399725,0.94637024,0.94137555,0.9647841,0.93370396,0.955417,0.95129573,0.9383312
adastramovie,0.96155226,0.9608926,0.96171373,0.95160836,1.0000004,0.9695478,0.9609503,0.9678673,0.982274,0.9646314,0.957404,0.95618683,0.9596661,0.96056145,0.9657471,0.9611709,0.96910673,0.9773785,0.95409095,0.9549096,0.9598318,0.96274155,0.9740809,0.9636778,0.9498145,0.90391654,0.9660323,0.96457314,0.9638682,0.95757395,0.94624877,0.956834,0.9550059,0.9645204,0.9496609,0.92992175,0.96529794,0.9574135,0.97033066,0.96489626,0.94904506,0.9520059,0.9456984,0.94614244,0.955386,0.9615736,0.9714823,0.962527,0.9579226,0.9525415,0.9588867,0.9667951,0.95547503,0.9389018,0.9510608,0.9767144,0.9547469,0.966794,0.95659655,0.96834683,0.9575736,0.95811766,0.9516935,0.9643274,0.9609272,0.9580438,0.9549734,0.9570586,0.9560537,0.957809,0.9736164,0.80986196,0.95455706,0.9680607,0.94687915,0.9474208,0.9183002,0.95663965,0.9598854,0.9542024,0.95301867,0.9512687,0.956861,0.96392417,0.9537496,0.95288455,0.95032364,0.9685139,0.97179544,0.9630236,0.95677716,0.9736164,0.94917023,0.96423143,0.9609198,0.9502015,0.95392287,0.9547553,0.95735335,0.954082,0.96386015,0.95428514,0.9543198,0.96066296,0.9552965,0.96003693,0.96078616,0.960336,0.95615554,0.9641258,0.96521527,0.87998503,0.9662449,0.95167726,0.95146817,0.9551287,0.96529615,0.96550673,0.96915287,0.95528495,0.9652605,0.96817577,0.9629757,0.9675558,0.9636487,0.96016103,0.9660938,0.9506091,0.97240937,0.9418802,0.9669935,0.96593165,0.9546836,0.94557387,0.9705511,0.9591946,0.95619875,0.96442765,0.9696544,0.9611709,0.982274,0.9634451,0.95359147,0.9489089,0.9455455,0.9558933,0.9617848,0.9535937,0.95520246,0.9585581,0.9630454,0.9651634,0.9610921,0.93841356,0.95061225,0.95907736,0.9542953,0.9553595,0.9684425,0.95783776,0.982274,0.9588002,0.96302027,0.96862257,0.9582847
adogsjourneymovie,0.9603377,0.95606333,0.959482,0.9451843,0.9695478,1.0000001,0.9582789,0.9581699,0.98342323,0.955955,0.96863496,0.96110326,0.95775014,0.95857817,0.9715855,0.96013445,0.9642823,0.96508455,0.9546715,0.96017754,0.96307975,0.9649372,0.9783649,0.9686071,0.9521512,0.8997434,0.9577379,0.9583119,0.96612406,0.9559598,0.94861126,0.9578327,0.9653784,0.9631319,0.94926864,0.9274331,0.9652386,0.9566915,0.96503854,0.9611271,0.9558672,0.9565765,0.94411355,0.9438517,0.9555329,0.9627347,0.9744153,0.9631027,0.9579169,0.94566923,0.9606809,0.97080386,0.95675445,0.94673103,0.9446342,0.95641994,0.9567205,0.96810836,0.9544625,0.9684714,0.9583217,0.94703436,0.9542318,0.96401656,0.96152407,0.9488098,0.9592441,0.96009517,0.9632611,0.95204955,0.96779066,0.8289251,0.95194227,0.96138984,0.9560923,0.94280064,0.9203362,0.9590956,0.96462965,0.9663818,0.9622016,0.94949514,0.95283896,0.96786594,0.95346695,0.948981,0.94901174,0.9662044,0.9591179,0.97253174,0.9657424,0.96779066,0.95326054,0.9667971,0.96006745,0.9601862,0.9562793,0.95471764,0.9514966,0.95318663,0.96129113,0.95835274,0.9602262,0.9584022,0.9505976,0.9627482,0.96481246,0.9554669,0.95524096,0.9620801,0.9706181,0.87312,0.96658623,0.9393462,0.95822465,0.96120566,0.9653889,0.9676723,0.9648085,0.9530336,0.9621359,0.9648345,0.9569311,0.9769221,0.96760696,0.95806175,0.96548253,0.9615687,0.95754296,0.94232094,0.9702343,0.95374626,0.95469755,0.9509229,0.9705135,0.95967704,0.96003693,0.968105,0.9685752,0.9634082,0.98342323,0.9661277,0.95571506,0.9516534,0.94738317,0.9645128,0.952536,0.95745456,0.96090657,0.954995,0.9618633,0.9570969,0.9605755,0.9395463,0.9546723,0.9536248,0.9670879,0.9490086,0.96216536,0.9608948,0.98342323,0.9588241,0.97263414,0.97790515,0.96075284
aftermathmovie,0.96645385,0.9488896,0.95580196,0.9426577,0.9609503,0.9582789,0.9999998,0.95872116,0.9788116,0.94529647,0.96117824,0.96437323,0.946606,0.96667534,0.9569263,0.9630161,0.95738935,0.94975376,0.9543873,0.95886225,0.9569722,0.9544857,0.9651025,0.9585728,0.9587885,0.9102605,0.9459003,0.9652196,0.9616263,0.9608971,0.9541714,0.9566812,0.9401761,0.9578913,0.9346865,0.93024284,0.96785104,0.95715225,0.9634132,0.95905995,0.9505574,0.9464278,0.94235796,0.93438977,0.95463973,0.96365315,0.960796,0.95402086,0.9522915,0.9411247,0.9600217,0.96989495,0.94792235,0.95204854,0.9584496,0.9526925,0.95271206,0.9550814,0.9574618,0.96983516,0.9500469,0.95037836,0.95408404,0.96169907,0.958896,0.9623964,0.9529212,0.96601623,0.9576591,0.9534527,0.97223014,0.8383977,0.9543009,0.9616127,0.93811893,0.9537422,0.92563426,0.95611674,0.9613217,0.9530417,0.948168,0.9772584,0.95036405,0.95234686,0.9618879,0.9570171,0.9570504,0.95526224,0.9622258,0.9666975,0.9497791,0.97223014,0.9518144,0.95713526,0.9621128,0.9438272,0.95515877,0.96222144,0.9673948,0.9517969,0.96662515,0.9587092,0.94947726,0.9685269,0.9490251,0.9602863,0.95264727,0.9578076,0.9541148,0.95498383,0.95950633,0.87338966,0.95925236,0.93643045,0.9463698,0.9595327,0.9678276,0.95405316,0.96177214,0.98685646,0.9538062,0.95581615,0.9613482,0.95730114,0.9542881,0.95576966,0.9546819,0.9589107,0.9589694,0.94087553,0.9567784,0.95598954,0.9559974,0.94380563,0.96097344,0.9590775,0.95758116,0.9604946,0.9749006,0.96643865,0.9788116,0.9531397,0.9624882,0.94476783,0.9540823,0.95718956,0.9637273,0.95510656,0.954401,0.9552143,0.98249024,0.9519165,0.96837676,0.94668084,0.96572554,0.96278495,0.948267,0.9612889,0.9622166,0.9522763,0.9788116,0.9435585,0.95877624,0.9623848,0.96362054
aftermovie,0.95871496,0.9462621,0.9560256,0.9484816,0.9678673,0.9581699,0.95872116,0.99999994,0.976577,0.9487408,0.9529483,0.9626048,0.9556658,0.9569146,0.9541646,0.9491456,0.9606269,0.96048754,0.9450819,0.94554585,0.95209,0.95066625,0.9642044,0.95359886,0.95601004,0.913052,0.95895284,0.9653394,0.95676583,0.9532218,0.944888,0.9580096,0.936641,0.95668375,0.9437488,0.93361354,0.9610515,0.95984876,0.956712,0.9626668,0.95168376,0.9512157,0.93143463,0.93703955,0.95212984,0.9575071,0.9664335,0.9414887,0.960295,0.94422424,0.9545674,0.971429,0.9577532,0.94761145,0.9615148,0.95552236,0.9586809,0.9513559,0.9545971,0.963968,0.9568357,0.95602095,0.9431686,0.9587456,0.9661848,0.94467974,0.9488094,0.9603546,0.96219426,0.95293367,0.96654695,0.8045477,0.95791006,0.9680109,0.92628545,0.94060904,0.9071417,0.948799,0.95733404,0.9429905,0.94359607,0.95125854,0.95444536,0.94698495,0.94821966,0.95247525,0.96013254,0.9577957,0.9565153,0.96221167,0.9555187,0.96654695,0.9513646,0.9466171,0.95918006,0.9547201,0.9591077,0.94807667,0.9567596,0.9502842,0.9603105,0.95213544,0.95148784,0.9539868,0.95602554,0.9560115,0.9501109,0.954243,0.94784534,0.96204513,0.9611813,0.889046,0.9622533,0.936568,0.9431858,0.94580066,0.95925695,0.9410921,0.9584328,0.9517114,0.9618344,0.95676047,0.960077,0.96454394,0.9590905,0.9596787,0.9572975,0.94746727,0.9532791,0.9364967,0.9566983,0.94740134,0.95291203,0.94186306,0.9559583,0.9523021,0.9519759,0.9676631,0.9578101,0.9562293,0.976577,0.96141356,0.9527984,0.94693816,0.9486789,0.9515363,0.9604582,0.95505244,0.9506355,0.95079917,0.9552046,0.95300055,0.95396596,0.9264622,0.95652694,0.95598114,0.94332474,0.9633215,0.9647648,0.95122606,0.976577,0.94846886,0.9491391,0.96048844,0.95712006
ahiddenlifefilm,0.9802007,0.97111404,0.97544,0.9647841,0.982274,0.98342323,0.9788116,0.976577,0.99999994,0.9727773,0.9729296,0.9768585,0.9754633,0.9759689,0.9810838,0.9792132,0.9760741,0.9741471,0.96906185,0.971869,0.97894675,0.9781975,0.9856476,0.9779407,0.9726774,0.9200956,0.9704986,0.9775937,0.9810612,0.97481924,0.9659018,0.97586256,0.97053534,0.974465,0.9635684,0.9433175,0.982202,0.9766222,0.98212874,0.9794642,0.97279245,0.97431976,0.9614979,0.9651038,0.97485864,0.9791456,0.98200125,0.9719094,0.97578233,0.97081655,0.9781561,0.9875818,0.97260207,0.9681215,0.97148645,0.97574335,0.97423416,0.97669625,0.9741099,0.982171,0.97334343,0.97283953,0.9737114,0.9829516,0.9767266,0.9689289,0.9710463,0.97639453,0.9729452,0.968947,0.9844804,0.8357873,0.9744663,0.98132026,0.9566052,0.9625435,0.9344959,0.97232723,0.9768297,0.97420084,0.9638512,0.9730789,0.97304434,0.9773101,0.97577983,0.96688265,0.96837413,0.98088306,0.9780647,0.9833805,0.974367,0.9844804,0.96997625,0.9730012,0.97938436,0.966374,0.9739558,0.975161,0.9651768,0.97111475,0.98087835,0.9765338,0.9736671,0.9777864,0.9717503,0.9796711,0.9755111,0.9791432,0.97211087,0.9743185,0.9825669,0.8883731,0.97928804,0.95275754,0.96801347,0.9757281,0.9834851,0.97127503,0.97906405,0.97395474,0.9792004,0.9804636,0.9769448,0.98187757,0.9797705,0.9758188,0.9801612,0.9747568,0.97692865,0.95924807,0.979146,0.9718287,0.97195977,0.96257824,0.9824688,0.9765755,0.97241306,0.9797886,0.9833577,0.97739136,0.99999994,0.9779117,0.9730124,0.9686262,0.9692302,0.97545093,0.9738459,0.972781,0.97900677,0.9759235,0.97933626,0.9787357,0.9790989,0.96025664,0.9746752,0.97387946,0.97227734,0.9754724,0.9771856,0.974384,0.99999994,0.9675942,0.9832741,0.9865248,0.97995657
alitamovie,0.95088565,0.9548859,0.94051564,0.9416226,0.9646314,0.955955,0.94529647,0.9487408,0.9727773,0.9999996,0.9422596,0.9457824,0.9532828,0.95577085,0.9563067,0.9488363,0.957419,0.9517811,0.94557214,0.9449073,0.94861054,0.952804,0.9571911,0.9482486,0.9483074,0.8870648,0.9577077,0.9565399,0.9487976,0.94381744,0.94788647,0.9408368,0.95001405,0.9481272,0.93856364,0.9207067,0.94636196,0.9597952,0.9580317,0.956236,0.9566762,0.9607466,0.9360728,0.95245767,0.9508205,0.9438696,0.95305824,0.9525502,0.95192534,0.9597612,0.9456383,0.9596005,0.96344984,0.9413326,0.9483246,0.95793223,0.96197164,0.95827943,0.9554268,0.9573701,0.9470525,0.9520509,0.9518094,0.9640991,0.9473179,0.9407258,0.94914436,0.94899094,0.9419776,0.9434019,0.9599693,0.8083076,0.9439985,0.95785064,0.93100274,0.93160665,0.90525997,0.9426839,0.9558563,0.9489957,0.9365771,0.9360993,0.9516634,0.948243,0.94267666,0.94433624,0.9454704,0.9591852,0.9519144,0.9601256,0.948936,0.9599693,0.93892086,0.9567367,0.94830585,0.9420359,0.9456266,0.94458586,0.93576556,0.95164186,0.94603944,0.9513664,0.94730395,0.9515645,0.9595413,0.9501381,0.9546767,0.95074326,0.94022393,0.9521339,0.96130764,0.8670272,0.95814544,0.93303096,0.9423852,0.9465106,0.9614145,0.9504597,0.95554835,0.9426847,0.963869,0.9560804,0.9442849,0.9540509,0.9612614,0.9594787,0.9578387,0.9429588,0.9550281,0.9326762,0.9445527,0.9510672,0.9500498,0.9382574,0.9668859,0.944914,0.9441043,0.9536384,0.9543795,0.93727094,0.9727773,0.9445098,0.92842555,0.9520681,0.9469539,0.94306034,0.94378716,0.94370234,0.9566323,0.9529948,0.9529905,0.95509255,0.9490238,0.9330049,0.93665,0.9549833,0.9566542,0.947614,0.95300496,0.9521287,0.9727773,0.95845777,0.96185637,0.9663829,0.9404777
angelhasfallen,0.95219636,0.9344631,0.9575814,0.9416367,0.957404,0.96863496,0.96117824,0.9529483,0.9729296,0.9422596,0.9999998,0.95200837,0.9482571,0.9543115,0.9570193,0.9523222,0.95020163,0.9559345,0.9494752,0.95281756,0.9528352,0.9558882,0.96708465,0.9600821,0.94593906,0.89883316,0.9437494,0.96121,0.96394,0.9532611,0.9539111,0.95274925,0.9441031,0.9473592,0.9333153,0.9135462,0.9513084,0.9480406,0.9607035,0.9454558,0.93954635,0.9382257,0.92864716,0.92650974,0.9406203,0.95259154,0.96485984,0.94451535,0.9486586,0.9327823,0.95912945,0.9598613,0.9471301,0.94109774,0.94402903,0.94737214,0.94525725,0.94751,0.94847584,0.9614992,0.94970936,0.948681,0.94301844,0.95925015,0.95439476,0.947614,0.9487385,0.9614763,0.9606478,0.9402364,0.9574226,0.80319595,0.9401808,0.94919175,0.9543705,0.9333171,0.9211672,0.9489065,0.9564209,0.9613472,0.970205,0.95032805,0.9503679,0.9478225,0.9521715,0.95496684,0.9522714,0.9569901,0.949505,0.9577549,0.94868034,0.9574226,0.9391726,0.9565522,0.9459668,0.9601859,0.9552935,0.94421726,0.9541807,0.94738686,0.944034,0.94775695,0.9518586,0.9453953,0.9380561,0.95516574,0.9584424,0.9483257,0.9445333,0.941565,0.962278,0.8734978,0.9500951,0.91986716,0.9388051,0.9598063,0.9528806,0.9560314,0.95824736,0.9588167,0.9552582,0.95150995,0.9645624,0.960566,0.9556789,0.9565354,0.9537127,0.9587457,0.9553002,0.9314173,0.9534824,0.946318,0.9492236,0.9359867,0.95314527,0.9524682,0.95491016,0.95779896,0.9601946,0.9527466,0.9729296,0.95991814,0.9463432,0.9392042,0.9403971,0.953895,0.9531835,0.9504877,0.9560638,0.95157117,0.96118647,0.94820994,0.9496136,0.927488,0.95406437,0.9458742,0.95369285,0.936778,0.96038705,0.9467119,0.9729296,0.9398859,0.9585981,0.96557885,0.9506643
angrybirdsmovie,0.9651482,0.94084805,0.9591475,0.9403622,0.95618683,0.96110326,0.96437323,0.9626048,0.9768585,0.9457824,0.95200837,0.9999996,0.9548871,0.9523278,0.9478881,0.95771056,0.95066535,0.9519822,0.94393206,0.9467997,0.9546752,0.95880216,0.9609609,0.9546135,0.9559846,0.90309054,0.94052994,0.9560617,0.96184945,0.95829856,0.9480962,0.95851916,0.9517025,0.95400125,0.93759936,0.9217758,0.9591463,0.9606144,0.9569461,0.9618772,0.95734143,0.9453188,0.9457487,0.9285722,0.9487718,0.964518,0.96009624,0.9530519,0.95285636,0.9392798,0.96601665,0.9679325,0.9510871,0.9500302,0.952611,0.9505968,0.9535457,0.9493308,0.95425206,0.9646787,0.9530711,0.9470818,0.9491803,0.9599603,0.95706534,0.95148224,0.94625294,0.9565255,0.9535205,0.9519002,0.96598923,0.81936365,0.9544429,0.95667577,0.9245466,0.94418174,0.9249471,0.9502181,0.9542707,0.9480379,0.93841505,0.95760167,0.9514754,0.95519996,0.96998924,0.9545227,0.9546053,0.9554714,0.95932215,0.9593547,0.95898294,0.96598923,0.9540648,0.947854,0.9677986,0.9381209,0.9609477,0.95075303,0.94875133,0.95663846,0.9608435,0.959701,0.9505061,0.9624248,0.9553833,0.9643451,0.9519231,0.95814216,0.94987744,0.955159,0.95624095,0.8691493,0.95500547,0.92748725,0.9453008,0.9541118,0.96618825,0.9420406,0.95634377,0.961831,0.9637379,0.9537542,0.9551701,0.96322966,0.9638555,0.9562913,0.9534689,0.95935845,0.95016307,0.9367373,0.9602746,0.9440053,0.94977856,0.9404403,0.95472676,0.95377576,0.9553055,0.9579221,0.97360724,0.9640762,0.9768585,0.9575396,0.9536249,0.94814265,0.9540893,0.95388186,0.95327103,0.9563378,0.9550339,0.9603513,0.96704715,0.9513986,0.95913935,0.9467586,0.95453787,0.9550587,0.9522134,0.96729904,0.95380646,0.9473408,0.9768585,0.94051737,0.95368195,0.9598801,0.9707068
annabellemovie,0.9576341,0.9504131,0.9555487,0.9551705,0.9596661,0.95775014,0.946606,0.9556658,0.9754633,0.9532828,0.9482571,0.9548871,1.0,0.94897324,0.96031505,0.9557722,0.95833623,0.9509574,0.9476365,0.95257765,0.9506813,0.959023,0.96309453,0.95615697,0.9464183,0.89670867,0.95021623,0.953327,0.95795256,0.952712,0.95071894,0.9585064,0.9499076,0.9516848,0.94714415,0.92050743,0.95869917,0.97037417,0.95597684,0.9594551,0.95983064,0.95767295,0.9292357,0.943459,0.9524016,0.9601236,0.9585309,0.9469245,0.949738,0.9525969,0.9514284,0.9670202,0.95921135,0.9403498,0.9559819,0.94609594,0.950671,0.95188606,0.95119876,0.9594575,0.9713739,0.9507721,0.9531459,0.9704535,0.95750964,0.9477114,0.94261897,0.954124,0.9474139,0.9534741,0.96519715,0.8305951,0.94454074,0.95761037,0.94304055,0.9405618,0.928612,0.9485384,0.9574778,0.95356554,0.9497818,0.95291585,0.961018,0.9615829,0.96584654,0.9477293,0.9572852,0.98157847,0.96149725,0.9562192,0.9555359,0.96519715,0.9548438,0.9500681,0.9589243,0.9451072,0.95838815,0.949833,0.9351138,0.95441693,0.9582455,0.95833737,0.9480468,0.9527778,0.9536067,0.9539397,0.9567123,0.9656199,0.94314647,0.9491125,0.958162,0.8842145,0.9577205,0.9425863,0.9473456,0.95406157,0.96259236,0.96109796,0.9582922,0.9439098,0.9760566,0.95541537,0.9443724,0.96442527,0.96122783,0.95364916,0.95989877,0.9518741,0.9617819,0.93553257,0.9482898,0.9577348,0.94553953,0.93525827,0.95958406,0.95412457,0.9613053,0.96381205,0.9616327,0.9576348,0.9754633,0.9517787,0.94185126,0.9670657,0.95969284,0.9549878,0.953838,0.9578023,0.9719685,0.9506559,0.9530059,0.9611011,0.956495,0.9448648,0.9529568,0.96161187,0.95023566,0.95199513,0.95239455,0.95418596,0.9754633,0.9481404,0.960186,0.9610181,0.9586919
annamovie,0.9553042,0.9443523,0.95532113,0.93700594,0.96056145,0.95857817,0.96667534,0.9569146,0.9759689,0.95577085,0.9543115,0.9523278,0.94897324,1.0000001,0.9618394,0.96224284,0.96380836,0.95659,0.95857483,0.955182,0.95315516,0.9631808,0.96303105,0.9565378,0.9509302,0.8868266,0.94608843,0.9615818,0.9650016,0.94621706,0.95608634,0.95753837,0.937881,0.9519029,0.93580776,0.93816996,0.95983016,0.9532253,0.96125835,0.9576422,0.95333934,0.95236945,0.9397857,0.9452397,0.9586324,0.9661929,0.95635736,0.9433579,0.9543391,0.9497559,0.9598835,0.96818763,0.95299894,0.94679487,0.95272285,0.9531516,0.95442444,0.95248044,0.9502198,0.96371466,0.9541546,0.9523552,0.94868654,0.9725747,0.9626635,0.9375878,0.96408945,0.9603323,0.9484358,0.9510151,0.9673343,0.8200553,0.9510461,0.96727496,0.94184047,0.9415781,0.9192897,0.9489079,0.9564179,0.9517026,0.9398486,0.9554683,0.95148873,0.9595702,0.94888574,0.9499796,0.95097405,0.9547942,0.9627493,0.96781796,0.9494235,0.9673343,0.94539416,0.9581975,0.95406884,0.95064044,0.94884735,0.95190096,0.9465377,0.9619715,0.9641894,0.9570833,0.95091784,0.96149015,0.957576,0.9567623,0.953058,0.95953774,0.9492799,0.95662504,0.95740956,0.86985874,0.9634859,0.9280477,0.95233816,0.95781285,0.9587273,0.95357275,0.9566178,0.9589626,0.9593424,0.9603128,0.96108335,0.9573174,0.95381314,0.9617883,0.9571066,0.9587798,0.9514712,0.95009047,0.95216906,0.9485902,0.9575726,0.94761753,0.9615804,0.9507114,0.9521882,0.9613146,0.9660947,0.958551,0.9759689,0.9608066,0.95607257,0.94958097,0.95729786,0.95062083,0.95558095,0.95043534,0.9536175,0.94898206,0.96413374,0.9533907,0.9605232,0.934008,0.9545034,0.9595056,0.95546794,0.95258987,0.96571285,0.96602404,0.9759689,0.95254624,0.958088,0.96717054,0.95592916
apollo11movie,0.95808727,0.9560702,0.95207113,0.945887,0.9657471,0.9715855,0.9569263,0.9541646,0.9810838,0.9563067,0.9570193,0.9478881,0.96031505,0.9618394,1.0000004,0.9640011,0.95858467,0.95506436,0.9540782,0.9728175,0.96462023,0.9630849,0.9686178,0.966143,0.9506018,0.8953701,0.9536666,0.95424926,0.9581588,0.9540401,0.9496329,0.9541493,0.9554698,0.956241,0.9423526,0.9215456,0.961844,0.95613366,0.9673221,0.9581467,0.9580764,0.9545862,0.9413846,0.9491681,0.95058215,0.9609748,0.96227854,0.9628535,0.9578243,0.94963163,0.9558755,0.9685857,0.95249134,0.9458539,0.9445021,0.96207523,0.9601719,0.9576656,0.95211965,0.9644181,0.960035,0.94517785,0.9558571,0.96609336,0.95981276,0.9443856,0.95892394,0.96154183,0.9527168,0.95379883,0.9652243,0.813093,0.9526373,0.96368915,0.94893533,0.9486448,0.916607,0.95708203,0.9571006,0.9625817,0.95068425,0.9474014,0.9626819,0.9607768,0.95057446,0.94492704,0.94965243,0.96947837,0.962903,0.96997386,0.9522154,0.9652243,0.95041496,0.9670258,0.95769036,0.9655427,0.9533639,0.95625556,0.9464277,0.95162624,0.95921093,0.95541835,0.9628126,0.9589565,0.94748664,0.9597157,0.96131,0.9569038,0.9498649,0.9578685,0.96801174,0.8746063,0.9556518,0.93781424,0.95090795,0.9615771,0.9629171,0.9625744,0.9586602,0.95276624,0.958889,0.9599212,0.9572025,0.9612025,0.96263474,0.95996594,0.96616083,0.9540359,0.95767945,0.935607,0.96093774,0.95274943,0.95639473,0.9543512,0.9624419,0.95882684,0.9590848,0.96266335,0.9622755,0.9548173,0.9810838,0.95592904,0.95679337,0.9452168,0.95170337,0.95786023,0.95616686,0.94976777,0.9605208,0.9534384,0.95739806,0.9560389,0.9616645,0.93729454,0.95974106,0.9623889,0.95537204,0.9536244,0.9591244,0.9573432,0.9810838,0.9514337,0.9648094,0.9715655,0.95580316
arcticdogsmovie,0.9693406,0.9607809,0.95123774,0.93790215,0.9611709,0.96013445,0.9630161,0.9491456,0.9792132,0.9488363,0.9523222,0.95771056,0.9557722,0.96224284,0.9640011,0.99999964,0.9562317,0.95440143,0.9565661,0.9578736,0.9598879,0.96379566,0.9654607,0.965602,0.9467426,0.90458715,0.94881827,0.94991076,0.96064216,0.95765346,0.94990337,0.9566923,0.9568622,0.9579182,0.9447543,0.92997926,0.9636827,0.95268595,0.96107703,0.9563221,0.95290476,0.9603921,0.94969344,0.9498338,0.9621057,0.9599912,0.9620848,0.9566065,0.95410776,0.9549621,0.9572685,0.96606034,0.9558282,0.94408256,0.9550474,0.9559446,0.9538268,0.95558906,0.95635515,0.96347797,0.956765,0.9490814,0.95984524,0.9695995,0.9539556,0.9465857,0.9516924,0.95689535,0.9508756,0.94716847,0.9691687,0.82352275,0.95055217,0.95518804,0.93222904,0.95110637,0.9308002,0.9545768,0.9575322,0.95581365,0.94181657,0.96020854,0.9526852,0.9635292,0.9651552,0.94189525,0.942351,0.9656507,0.9587292,0.95722055,0.95396674,0.9691687,0.94872385,0.95176667,0.9601595,0.9489679,0.94933105,0.9546231,0.94533736,0.9579593,0.9635375,0.95395255,0.9503555,0.9632403,0.9555315,0.95634776,0.95374846,0.9682625,0.9627021,0.9544171,0.9632972,0.8743058,0.96339154,0.9320557,0.9486585,0.95889336,0.9699561,0.94945234,0.96078205,0.9578416,0.95921963,0.9625007,0.96164113,0.95526844,0.9592709,0.963116,0.967324,0.9531572,0.95842665,0.9473504,0.9616172,0.94978786,0.9426416,0.94431025,0.96562886,0.960499,0.95980734,0.9597634,0.9692893,0.96116847,0.9792132,0.9575895,0.950883,0.947933,0.95747286,0.9525992,0.9572644,0.95146626,0.9587063,0.95995647,0.96169037,0.9593418,0.9615215,0.9537349,0.9499405,0.9573556,0.9511398,0.9627991,0.96288913,0.9589574,0.9792132,0.9460229,0.96489453,0.96508217,0.963153
arcticmovie,0.95392,0.9593603,0.95553464,0.93509984,0.96910673,0.9642823,0.95738935,0.9606269,0.9760741,0.957419,0.95020163,0.95066535,0.95833623,0.96380836,0.95858467,0.9562317,0.9999999,0.96494853,0.9502553,0.9542505,0.95060915,0.96416956,0.9648657,0.95167035,0.9515112,0.8915187,0.94912314,0.9751054,0.9579989,0.9520014,0.95289487,0.949833,0.94243187,0.95203304,0.9454161,0.9198686,0.96481144,0.9571096,0.95497113,0.95708555,0.9455904,0.9499322,0.9334022,0.9470072,0.961969,0.95825154,0.960832,0.95214856,0.9509969,0.94844073,0.95420456,0.96126866,0.9566154,0.94612855,0.95399284,0.9575188,0.9528306,0.95619226,0.9524754,0.9693246,0.9558702,0.95054924,0.9481553,0.96317774,0.954595,0.94670564,0.95469743,0.95288104,0.9554699,0.9521195,0.97064734,0.81478244,0.95097935,0.96257865,0.9406211,0.9444186,0.9043899,0.9483417,0.95671654,0.94739956,0.9506152,0.95076066,0.9508562,0.95949495,0.9479004,0.9570695,0.94476396,0.962057,0.9669072,0.9632103,0.95453566,0.97064734,0.9420368,0.95604056,0.95628065,0.94637275,0.954783,0.9569476,0.9519158,0.9503919,0.9605329,0.9574977,0.9446599,0.962316,0.95488787,0.953962,0.9565223,0.95076996,0.95302445,0.94621605,0.96131563,0.86527574,0.96253914,0.93017024,0.9410464,0.94946814,0.9585408,0.95650625,0.96299165,0.9480567,0.96121776,0.962753,0.9572357,0.95881337,0.9620632,0.9550377,0.9588512,0.94441503,0.9498967,0.950552,0.96176904,0.95294726,0.9760045,0.955904,0.96146685,0.9547194,0.9510937,0.9551779,0.96175444,0.9588219,0.9760741,0.9503029,0.94444525,0.95041007,0.9550087,0.94721156,0.9500222,0.9536744,0.95276946,0.94729257,0.95104784,0.9523986,0.9601589,0.93203914,0.9486074,0.96043515,0.95034647,0.9548624,0.9638687,0.9520735,0.9760741,0.95327324,0.957107,0.9639548,0.9540416
artofracingmovie,0.95560557,0.95057267,0.957686,0.936815,0.9773785,0.96508455,0.94975376,0.96048754,0.9741471,0.9517811,0.9559345,0.9519822,0.9509574,0.95659,0.95506436,0.95440143,0.96494853,1.0000002,0.9468576,0.9405877,0.9544507,0.95775765,0.9636125,0.94915694,0.9422149,0.8984615,0.95071316,0.9591825,0.9614474,0.9473331,0.9436672,0.95321774,0.9486905,0.9557504,0.9447005,0.92353344,0.96162134,0.9549792,0.960587,0.9569412,0.9463585,0.94224423,0.93429166,0.93224293,0.95015717,0.9508546,0.96456105,0.9521025,0.954178,0.937367,0.9567432,0.95858186,0.94295985,0.9305384,0.94388175,0.96482766,0.94602823,0.9608053,0.9466341,0.96445036,0.9546409,0.9443872,0.942581,0.9568139,0.9502092,0.94794023,0.9487049,0.9442196,0.95494574,0.94533277,0.9664661,0.80547243,0.9477276,0.9498375,0.93563485,0.93365157,0.90519905,0.94213104,0.95829237,0.94824636,0.9475255,0.9412267,0.9463466,0.9539329,0.947332,0.94781244,0.95014304,0.9588536,0.9625066,0.96047974,0.9532909,0.9664661,0.93535554,0.952234,0.9549315,0.94988173,0.95022506,0.947239,0.9508234,0.9433792,0.9573158,0.94456637,0.9518751,0.9526204,0.95465976,0.9544474,0.94851226,0.94655466,0.95158947,0.94746846,0.95910424,0.8802369,0.9610187,0.92960995,0.9421046,0.9467807,0.9580158,0.9449328,0.9607438,0.94561213,0.96130896,0.96331763,0.9539629,0.95988625,0.9574487,0.95399415,0.96022415,0.95044315,0.95843154,0.9439963,0.9633695,0.95515525,0.9493079,0.9514055,0.9606003,0.95322335,0.9466625,0.95558125,0.9671147,0.9600447,0.9741471,0.96345556,0.94808334,0.93822074,0.94637775,0.9504156,0.9533537,0.945275,0.94504046,0.94754714,0.9470733,0.9490603,0.94936156,0.9282008,0.94511276,0.95168144,0.9472656,0.951808,0.9608936,0.95195055,0.9741471,0.9505669,0.9506068,0.9636011,0.9541357
avengers,0.9715245,0.9410626,0.95260686,0.9369023,0.95409095,0.9546715,0.9543873,0.9450819,0.96906185,0.94557214,0.9494752,0.94393206,0.9476365,0.95857483,0.9540782,0.9565661,0.9502553,0.9468576,0.99999994,0.94658315,0.9484238,0.95787466,0.96200246,0.9471005,0.94555026,0.8814943,0.93741995,0.95304734,0.9612705,0.9444454,0.9606803,0.942279,0.9407634,0.9403536,0.9352838,0.92517644,0.9488109,0.9451817,0.946499,0.9465,0.9402117,0.94957626,0.93727446,0.94057226,0.94110703,0.9501488,0.9586939,0.9360863,0.9404041,0.9443097,0.95578176,0.9554248,0.94664705,0.9384996,0.94613945,0.9467053,0.95012176,0.9380143,0.94161606,0.9510321,0.9412092,0.943027,0.95076156,0.9563444,0.9483055,0.9333274,0.9487477,0.94116336,0.9526155,0.93814313,0.9576112,0.81666523,0.93874115,0.9523014,0.93836147,0.93580735,0.9127782,0.94254297,0.95105904,0.9480445,0.9483888,0.947916,0.9371733,0.9599259,0.94000757,0.9405431,0.94216454,0.9601867,0.9493525,0.96116054,0.95026845,0.9576112,0.93614155,0.9479776,0.94666886,0.94506735,0.95092595,0.9398254,0.93764114,0.9454106,0.9473534,0.94999295,0.94208574,0.947735,0.9355035,0.9555694,0.94979894,0.9498541,0.9429168,0.9439567,0.95532304,0.85175544,0.94725,0.92782253,0.939115,0.9544321,0.9574703,0.95037305,0.9618975,0.9526999,0.9497168,0.94459426,0.95335543,0.94753075,0.9485892,0.9559913,0.953301,0.9539492,0.9475834,0.944778,0.95411587,0.94914186,0.9495712,0.9406998,0.94310945,0.94856757,0.9466829,0.9498001,0.95775986,0.94692135,0.96906185,0.95374024,0.94301426,0.9385681,0.9401561,0.938134,0.9532315,0.94262755,0.9443286,0.94496924,0.95411134,0.9487713,0.9522904,0.9352794,0.9423327,0.9453989,0.9485686,0.9484122,0.94926876,0.9519282,0.96906185,0.95227826,0.95542336,0.9613112,0.95101565
beachbummovie,0.9506811,0.94414806,0.9457779,0.9422784,0.9549096,0.96017754,0.95886225,0.94554585,0.971869,0.9449073,0.95281756,0.9467997,0.95257765,0.955182,0.9728175,0.9578736,0.9542505,0.9405877,0.94658315,0.9999996,0.9546225,0.9621763,0.9534516,0.9547499,0.944918,0.903648,0.93249816,0.95035374,0.9495258,0.9463614,0.9536332,0.95240825,0.944162,0.9461398,0.92019814,0.91502607,0.9566967,0.94679487,0.95256567,0.9559089,0.94863135,0.94465786,0.92959905,0.93873477,0.94708884,0.96009636,0.94726396,0.9575122,0.95027626,0.93882537,0.9445318,0.96091163,0.9493459,0.9361341,0.9448518,0.9477513,0.94955015,0.9531842,0.9508577,0.9611335,0.9509226,0.9370677,0.94743824,0.95896095,0.9510005,0.9443896,0.94567466,0.9602736,0.95388305,0.94794333,0.96385217,0.81075656,0.94394773,0.9525839,0.9322369,0.95070446,0.9057137,0.95245117,0.9445914,0.9493387,0.9428327,0.94517666,0.9489764,0.9565122,0.9475353,0.94840187,0.9389714,0.9554683,0.9555997,0.96455353,0.94344366,0.96385217,0.94774884,0.9558992,0.94839114,0.95160425,0.95224357,0.9580352,0.9404331,0.9491302,0.95305276,0.96203995,0.94302684,0.95806706,0.9428297,0.948076,0.9541289,0.9552096,0.9320987,0.9471757,0.9526449,0.88720703,0.9475974,0.92775226,0.94656485,0.95662767,0.95571405,0.9500654,0.9462292,0.9572154,0.9535859,0.95361686,0.9575504,0.9550447,0.9574437,0.95291984,0.9517677,0.94745207,0.94708806,0.9337982,0.94905376,0.94338185,0.95415056,0.94937557,0.9559373,0.9473059,0.9593148,0.9569103,0.95988023,0.9578894,0.971869,0.9443829,0.9484251,0.94783056,0.9497475,0.94426626,0.9459594,0.9403585,0.9494504,0.9427457,0.95041686,0.94384766,0.95656705,0.9275423,0.9527843,0.9592855,0.9516975,0.9487519,0.951652,0.94767284,0.971869,0.93748415,0.9520204,0.96211135,0.9469779
bernadettefilm,0.9631448,0.94782597,0.9559111,0.9420727,0.9598318,0.96307975,0.9569722,0.95209,0.97894675,0.94861054,0.9528352,0.9546752,0.9506813,0.95315516,0.96462023,0.9598879,0.95060915,0.9544507,0.9484238,0.9546225,0.9999999,0.9492818,0.96267635,0.9623126,0.9544547,0.90186584,0.9485156,0.9496885,0.9540968,0.95995533,0.94505364,0.95272887,0.9559959,0.95946157,0.93174094,0.9254591,0.9604114,0.95561564,0.9628403,0.9616847,0.9517343,0.9549186,0.9367831,0.9488479,0.95899093,0.95990646,0.95659465,0.95915693,0.9589293,0.9539658,0.95202655,0.97302186,0.946752,0.93948793,0.9460942,0.9583824,0.9628713,0.95379853,0.9563673,0.9638184,0.9473203,0.9515498,0.9646104,0.960918,0.9680336,0.95022917,0.95494896,0.9625367,0.95488125,0.9527481,0.9583901,0.8148417,0.9500306,0.9567205,0.9299064,0.94541126,0.8989135,0.9554114,0.95544714,0.95229745,0.9418937,0.95499605,0.9531505,0.9580707,0.9545519,0.93936795,0.94927543,0.96005136,0.9571947,0.9662139,0.95724684,0.9583901,0.95566237,0.9541135,0.9613086,0.94289964,0.95411557,0.9596563,0.94538116,0.9420731,0.95748943,0.9601456,0.9504846,0.9527386,0.9500671,0.95460236,0.95456636,0.9555107,0.9514413,0.9508525,0.96521807,0.8639361,0.9602223,0.92728347,0.9646877,0.95341593,0.9651001,0.94631755,0.9580417,0.9590358,0.9525935,0.96100855,0.9558765,0.96037513,0.9639057,0.9556045,0.95862275,0.9481697,0.9605408,0.93063474,0.97656137,0.9544793,0.9534995,0.93415284,0.9618966,0.9621395,0.95442015,0.96461284,0.9575777,0.96143657,0.97894675,0.94859254,0.95336,0.9393727,0.95046246,0.96003026,0.9594697,0.94034797,0.95125544,0.9603024,0.9594682,0.95959,0.95451295,0.9327371,0.9568909,0.9505085,0.94591784,0.95242137,0.95848566,0.9502512,0.97894675,0.94296,0.9628742,0.9606803,0.9608742
