movie,21bridgesmovie,47metersdown,abeautifuldaymovie,abominablemovie,adastramovie,adogsjourneymovie,aftermathmovie,aftermovie,ahiddenlifefilm,alitamovie,angelhasfallen,angrybirdsmovie,annabellemovie,annamovie,apollo11movie,arcticdogsmovie,arcticmovie,artofracingmovie,avengers,beachbummovie,bernadettefilm,blackandbluemovie,blackchristmas,blindedbythelightmovie,bombshellmovie,booksmart,breakthroughmovie,brianbanksmovie,brightburnmovie,brittanyrunsmov,captainmarvelofficial,captivestatemovie,catsmovie,charliesangels,childsplaymovie,clarathefilm,coldpursuitmovie,countdown,currentwarmovie,darkwatersmovie,detectivepikachumovie,disneyaladdin,disneyfrozen,disneymaleficent,doctorsleepmovie,dolemiteismyname,dontletgomovie,doramovie,downtonabbey_official,dumbo,escaperoom,everybodyknowsmovie,fastandfuriousmovie,fightingwmyfam,fivefeetapartfilm,fordvferrari,freaksthefilm,geminimanmovie,glassmovie,gloriabellmovie,godzillamovie,goldfinchmovie,goodboysmovie,goodliarmovie,gretafilm,halathemovie,happydeathdaymovie,harrietfilm,hellboymovie,hersmellmovie,highlifemovie,highstrungmovie,honeyboymovie,hotelmumbaifilm,httydragon,hustlemovie,hustlersmovie,isntitromantic,itmovieofficial,jayandsilentbob,johnwickmovie,jojorabbitmovie,jokermovie,judythefilm,jumanjimovie,justmercyfilm,knivesout,lalloronamovie,lastblackmansf,lastchristmasthemovie,latenightmovie,lighthousemovie,lionking,littlethemovie,littlewomenmovie,littlewoodsfilm,longshotmovie,lordsofchaosmovie,lucyintheskyfilm,mamovie2019,marriagestory,meettheaddams,meninblack,midsommarmovie,midwaymovie,missbalamovie,missinglinkfilm,motherlessbklyn,onceinhollywood,onthebasisofsex,overcomermovie,peanutbutterfalcon,petsematarymovie,piercingmovie,playingwithfire,playmobilthemovie,pomsmovie,queenandslim,rambomovie,readyornotfilm,richardjewellfilm,rocketmanmovie,scarystoriesmovie,secretlifeofpets,serenityfilm,shaftmovie,shazammovie,spidermanmovie,spiesindisguise,starwars,stormboymovie,stubermovie,taosdfilm,teenspiritmov,terminator,theaeronautsmov,thebestofenemies,thedeaddontdie,thefarewell,thehighwaymen,thehummingbirdprojectfilm,theintrudermovie,theirishmanfilm,thekitchenmovie,thelegomovie,themustangfilm,thenightingalefilm,theprodigymovie,thesunisalsoastar,theupsidefilm,tolkienmovie,toystory,triplefrontier,uglydolls,uncutgems,underthesilverlake,usmovie,wavesmovie,whatmenwant,wonderparkmovie,wrinklestheclown,xmenmovies,yardiefilm,yesterdaymovie,zombieland
21bridgesmovie,1.0000007,0.9589718,0.9634892,0.9614256,0.95754236,0.9482005,0.9654289,0.9575813,0.98094225,0.95629233,0.9637822,0.95775515,0.95858836,0.96648234,0.97141594,0.96259713,0.96516204,0.9591983,0.9692566,0.9450633,0.96103334,0.95947593,0.95839316,0.9624425,0.94737166,0.89987636,0.94691396,0.96206415,0.96647537,0.9537823,0.95275813,0.9532797,0.9509436,0.9575887,0.9385468,0.9252557,0.9658383,0.96903664,0.9621103,0.9628095,0.9551224,0.9553171,0.95243967,0.95733255,0.9561533,0.9528058,0.9585429,0.9551403,0.9452854,0.9605188,0.9677168,0.96340847,0.95409423,0.93839556,0.9462686,0.9511443,0.95835036,0.9593993,0.95178527,0.95738786,0.9607392,0.94777614,0.95778006,0.9670708,0.9577108,0.9516591,0.9584619,0.96141005,0.9552776,0.9437594,0.9609024,0.85342175,0.93017554,0.95158964,0.9563702,0.9552709,0.9380186,0.95724994,0.9523043,0.9497651,0.9572086,0.9680728,0.9602974,0.9587458,0.96797264,0.95567644,0.9595405,0.96159804,0.9606968,0.9624818,0.9551663,0.9609024,0.94952595,0.9505027,0.9620908,0.961665,0.9535593,0.9569597,0.94908655,0.95494896,0.950817,0.9532371,0.9577429,0.95315003,0.9557538,0.9638771,0.96562743,0.9584627,0.95295244,0.9565551,0.953889,0.8956874,0.96065646,0.92747533,0.9604327,0.97074986,0.9882938,0.9518911,0.968848,0.9601289,0.95846426,0.9633167,0.9610392,0.9540196,0.9639738,0.9616273,0.9648028,0.96522295,0.9618386,0.9404173,0.956915,0.95329374,0.9616771,0.94703394,0.9589842,0.95594007,0.9740833,0.9504316,0.9598338,0.9483571,0.98094225,0.9674285,0.95378935,0.95827144,0.9450221,0.95713294,0.95381045,0.94516146,0.95729804,0.9598518,0.95879596,0.96471405,0.95535713,0.95431936,0.95121455,0.95440155,0.952757,0.95949364,0.96166253,0.9554815,0.98094225,0.9587362,0.95789427,0.9624664,0.96269906
47metersdown,0.9589718,0.9999993,0.94692415,0.95534325,0.9509268,0.9448265,0.9522455,0.94541687,0.97133803,0.9565587,0.9566435,0.95344913,0.95088995,0.9565516,0.957115,0.9603157,0.9519899,0.95002043,0.95435774,0.93075675,0.9470228,0.9475727,0.9579496,0.95194787,0.9389495,0.89719534,0.9414319,0.94733554,0.9491254,0.94085497,0.9569154,0.9420258,0.95056176,0.94696033,0.94413227,0.91619825,0.9536351,0.94696873,0.9461273,0.9527054,0.9392584,0.9395482,0.93143344,0.94668764,0.95421344,0.94689256,0.95474756,0.9587571,0.93901,0.94700027,0.95810926,0.9619627,0.9503598,0.94394904,0.9284793,0.947676,0.9557547,0.9523724,0.95890373,0.9493059,0.9446793,0.946769,0.94976544,0.9597302,0.9574359,0.9425535,0.945533,0.9534639,0.94563836,0.94127464,0.9509234,0.86658293,0.936127,0.9391876,0.9516443,0.94331527,0.9107369,0.9451794,0.947,0.94025165,0.9424958,0.9417272,0.9520111,0.94461435,0.95443505,0.94956964,0.9486708,0.9499056,0.9423594,0.9517307,0.9456417,0.9509234,0.95151734,0.95100987,0.95813,0.94962907,0.94553,0.9449606,0.94256043,0.95312214,0.9402867,0.94690377,0.94734937,0.9489265,0.96196914,0.9580659,0.9572201,0.95487684,0.9413742,0.94840795,0.9554253,0.8833007,0.9580542,0.9266587,0.9544239,0.9514789,0.96261656,0.94910276,0.9501946,0.9451711,0.9408535,0.9553021,0.9564208,0.944143,0.95765275,0.95832926,0.9531022,0.9489722,0.9510709,0.931032,0.9490072,0.9485881,0.9477577,0.9361409,0.9499021,0.93968654,0.95461744,0.9529924,0.9483805,0.9313889,0.97133803,0.9505628,0.93604803,0.9571795,0.9338869,0.94854635,0.9509113,0.9451213,0.9524346,0.95353955,0.9499496,0.94847184,0.9451171,0.9368841,0.9412973,0.94257706,0.94768286,0.95070475,0.9492299,0.9532291,0.97133803,0.94917345,0.9550749,0.9585195,0.953443
abeautifuldaymovie,0.9634892,0.94692415,0.99999964,0.95096123,0.94961876,0.9440858,0.95711315,0.9430759,0.9752142,0.9464449,0.9508387,0.94687176,0.95647377,0.9580979,0.9580845,0.9540898,0.9562022,0.95419323,0.94625145,0.9304253,0.96087635,0.967873,0.9615588,0.9541797,0.9405292,0.91257745,0.94599473,0.957227,0.9729625,0.9409409,0.9460795,0.9467174,0.94255954,0.95516896,0.93066245,0.93056,0.9573816,0.96081114,0.95310974,0.9561693,0.9565241,0.9552554,0.9483095,0.95725286,0.9492274,0.9572189,0.9591814,0.94417894,0.9486165,0.96167296,0.97058326,0.9562296,0.94951326,0.9362883,0.9443704,0.9464357,0.95224327,0.95562494,0.95266205,0.9538396,0.9569235,0.9528435,0.94953007,0.95779884,0.9462884,0.9504896,0.954755,0.951603,0.9458516,0.94076973,0.95667493,0.85033965,0.9282394,0.9578527,0.95079654,0.95593625,0.9285745,0.94943976,0.9514276,0.94274956,0.94594455,0.9538711,0.95549124,0.9440703,0.9608023,0.9500027,0.95813954,0.9619636,0.9531741,0.95720404,0.95302546,0.95667493,0.9427535,0.9449068,0.9633759,0.94830066,0.9482335,0.94296527,0.94847304,0.9500375,0.9543251,0.9453492,0.95803034,0.9546848,0.9513163,0.96684766,0.96035135,0.95336384,0.9606239,0.94730514,0.95406836,0.8995435,0.9530504,0.93122333,0.957254,0.9554509,0.9657339,0.9535476,0.9582875,0.94944745,0.9610153,0.95357317,0.9623266,0.9511477,0.9538136,0.95479923,0.95787674,0.96400416,0.9568928,0.93066275,0.95118785,0.9498224,0.9549009,0.94290525,0.950751,0.94779944,0.95187396,0.9484242,0.9526257,0.9519289,0.9752142,0.9726435,0.9472563,0.9568496,0.9469247,0.9534177,0.95139664,0.94228446,0.9486698,0.95255315,0.94971174,0.97013134,0.95293885,0.9396012,0.9419286,0.9520634,0.95080596,0.95438975,0.9523064,0.95022404,0.9752142,0.9536209,0.9477332,0.96064246,0.95871025
abominablemovie,0.9614256,0.95534325,0.95096123,0.9999998,0.94924533,0.9477638,0.9441935,0.9491245,0.9715166,0.9500727,0.94746083,0.94894665,0.9592253,0.9546694,0.9569849,0.94589305,0.95360637,0.9555405,0.953863,0.9325735,0.9458063,0.9519633,0.9547232,0.95527905,0.93628114,0.9061672,0.937696,0.94814664,0.9541806,0.9316249,0.94810706,0.9341872,0.94308805,0.95075256,0.9381239,0.91368943,0.95789355,0.95643944,0.94597185,0.9453641,0.94031113,0.94201505,0.9319669,0.94962376,0.95700026,0.95595926,0.95233023,0.94383657,0.93870986,0.9476513,0.95611864,0.95441806,0.95018303,0.9387832,0.9419146,0.94449544,0.9530157,0.9471877,0.96910125,0.9536698,0.9435119,0.95607656,0.9518927,0.9586625,0.951913,0.9389038,0.9505102,0.9520817,0.94542533,0.93925685,0.9580386,0.85944223,0.92820376,0.9564146,0.9641789,0.93289703,0.92089665,0.9496871,0.9545908,0.9376568,0.9512344,0.9557844,0.94824564,0.9439576,0.96281767,0.9510308,0.96169114,0.954816,0.94687665,0.9507615,0.940075,0.9580386,0.9489017,0.9454521,0.9549834,0.9506355,0.9446769,0.94589305,0.93382365,0.95139223,0.94493717,0.94112104,0.9448689,0.9574348,0.9572704,0.95525396,0.9563215,0.95307666,0.9453786,0.9563823,0.95499814,0.88802963,0.951438,0.9213462,0.9490953,0.94908696,0.9599313,0.95765567,0.96029574,0.93720335,0.9523567,0.95490956,0.9564808,0.94899577,0.94281954,0.95833486,0.9502807,0.95281327,0.9510834,0.92641294,0.9446746,0.9378464,0.9524539,0.9426762,0.94503254,0.938314,0.95715916,0.94417834,0.9555398,0.9449747,0.9715166,0.95376444,0.9472288,0.95233464,0.94016695,0.9486948,0.93831736,0.9473942,0.9533611,0.945644,0.9383769,0.94834834,0.9522624,0.92894167,0.94935,0.95151913,0.9499893,0.95329106,0.94511926,0.9542886,0.9715166,0.94741994,0.9559485,0.9553492,0.9501136
adastramovie,0.95754236,0.9509268,0.94961876,0.94924533,1.0000001,0.9459857,0.95499444,0.9491355,0.97302634,0.960745,0.9556874,0.9432029,0.9466011,0.95739394,0.9594379,0.9569263,0.95888406,0.97330517,0.9522521,0.9357518,0.95120424,0.94971555,0.9530818,0.953381,0.9428447,0.9055685,0.95973694,0.95576566,0.9469321,0.9462637,0.95089346,0.9461055,0.9488824,0.9457908,0.94239974,0.91709167,0.95627975,0.9563901,0.95797163,0.9510533,0.9312608,0.9527791,0.9504376,0.9585807,0.9598326,0.9559745,0.95270514,0.9420455,0.9399684,0.95625436,0.9518046,0.9531344,0.94455326,0.92620945,0.9399088,0.9640225,0.9505024,0.9514307,0.9466665,0.94980586,0.9485206,0.94409245,0.9529358,0.9549734,0.9504688,0.95451033,0.94983315,0.95402914,0.9474931,0.9286013,0.9492708,0.8642783,0.9330725,0.9492909,0.95718277,0.94744205,0.927801,0.9540062,0.9486006,0.94034237,0.94974357,0.9530895,0.9450023,0.9472834,0.9486687,0.9524284,0.9536049,0.95110315,0.9499402,0.957992,0.95841974,0.9492708,0.95253736,0.9513699,0.94730306,0.9476493,0.94855326,0.9442079,0.9464175,0.95471644,0.9472808,0.9460013,0.94851947,0.9411715,0.95108783,0.9498674,0.9581962,0.9561463,0.94761723,0.94804364,0.95613533,0.8926856,0.9563247,0.92943525,0.9481163,0.94793326,0.96346825,0.9454035,0.96231645,0.94482803,0.94027454,0.95479965,0.9548259,0.93652886,0.95188683,0.9551654,0.95506984,0.952174,0.9597196,0.9455593,0.95191985,0.95622057,0.95789975,0.9447288,0.95747143,0.94772744,0.95236254,0.9449105,0.94594795,0.95320475,0.97302634,0.9530415,0.9487131,0.9525545,0.93768376,0.95003295,0.9487704,0.9472279,0.952167,0.94572544,0.95098716,0.9535895,0.9526113,0.94148445,0.9410168,0.9412527,0.9462479,0.94837004,0.9530777,0.9463841,0.97302634,0.96337306,0.950162,0.95715415,0.948041
adogsjourneymovie,0.9482005,0.9448265,0.9440858,0.9477638,0.9459857,1.0000002,0.9444495,0.94656724,0.96773756,0.94522,0.93893266,0.9426755,0.9407147,0.95103747,0.95590013,0.9327219,0.9511088,0.9406636,0.9395698,0.9315406,0.9415519,0.94937253,0.9616856,0.94821,0.9379228,0.8951323,0.93753713,0.9448221,0.9390992,0.9364319,0.94061947,0.93586075,0.9531778,0.9381835,0.9355494,0.92391706,0.9518941,0.94000846,0.94644314,0.93821424,0.93444556,0.943872,0.9415992,0.94495857,0.9525093,0.94101435,0.95802736,0.94493204,0.9404605,0.9473667,0.9429132,0.9550639,0.94268215,0.9235472,0.9386519,0.93478304,0.9477155,0.94707,0.9433614,0.9430235,0.94157386,0.93592256,0.9516292,0.94200337,0.9450114,0.94310546,0.95024115,0.9512382,0.9409649,0.9280033,0.94421136,0.8679395,0.9296314,0.9358474,0.95225054,0.93212754,0.9121551,0.9496028,0.939635,0.9568261,0.9415867,0.94535273,0.93575376,0.95075756,0.9402791,0.9452117,0.9454259,0.9465262,0.93817335,0.9460038,0.93448395,0.94421136,0.9445984,0.9416787,0.9405803,0.934998,0.9396883,0.9422416,0.9311059,0.9528155,0.9336638,0.9391279,0.9592422,0.9386708,0.94759786,0.9426883,0.9474965,0.9351168,0.94257915,0.9448385,0.95377773,0.869587,0.94779694,0.93028766,0.9507145,0.94711107,0.95381826,0.9537845,0.95437235,0.93980235,0.9328788,0.9483559,0.95337725,0.95797455,0.946867,0.94303155,0.9485457,0.9424289,0.94011825,0.92987436,0.94019824,0.9502014,0.9543486,0.9415327,0.9497439,0.9368366,0.94702643,0.9409911,0.9450461,0.9272266,0.96773756,0.94991726,0.93178195,0.93720895,0.9355541,0.9481736,0.9433475,0.9345738,0.9333452,0.93935347,0.9388123,0.9407141,0.94842255,0.92674863,0.93580055,0.9408714,0.95674676,0.94240284,0.94049567,0.9514031,0.96773756,0.9467693,0.9500049,0.9600227,0.94139844
aftermathmovie,0.9654289,0.9522455,0.95711315,0.9441935,0.95499444,0.9444495,1.0000004,0.95743334,0.9804703,0.9543356,0.96447086,0.94999164,0.9489156,0.9642563,0.96843225,0.95797074,0.9646694,0.9577399,0.9563545,0.9454861,0.95901245,0.953105,0.96139205,0.95570445,0.951786,0.91152495,0.95605737,0.9636062,0.96137714,0.9480922,0.96336573,0.9578124,0.9552242,0.95687973,0.94166404,0.9268071,0.9614571,0.9547591,0.9636082,0.9642519,0.9482505,0.949194,0.9437514,0.95723337,0.95375407,0.95669085,0.9600718,0.95956475,0.95213014,0.9568619,0.95809597,0.9641975,0.949892,0.94226605,0.9513057,0.94659215,0.9591628,0.9615365,0.9451393,0.96334136,0.9491205,0.9517897,0.95575505,0.9606627,0.9576404,0.95227987,0.95665455,0.96122015,0.95528406,0.9423804,0.9718653,0.8813111,0.9330665,0.9503952,0.962705,0.9510525,0.9314006,0.9550062,0.95552236,0.93467,0.95448184,0.97455835,0.9590082,0.94756466,0.9541555,0.9593865,0.95907426,0.95659167,0.96360195,0.95848083,0.95321184,0.9718653,0.9555201,0.9561243,0.95728034,0.9588544,0.9577695,0.95752233,0.97396785,0.95559955,0.9515711,0.9527728,0.9492186,0.96151525,0.950872,0.9584081,0.96500444,0.96108174,0.9501025,0.9537436,0.96482915,0.90487593,0.9594526,0.9368808,0.9629865,0.96066123,0.9721598,0.9597742,0.959852,0.987653,0.95492685,0.9638748,0.9653073,0.9497646,0.96386814,0.9659862,0.96220195,0.9574021,0.9558055,0.93744963,0.9550278,0.950272,0.96227795,0.9524011,0.95780987,0.9573723,0.95992696,0.9575551,0.96527946,0.9463965,0.9804703,0.9642996,0.9550179,0.95943254,0.9463839,0.95581657,0.951499,0.94772935,0.95877075,0.96160716,0.9827577,0.9622439,0.95600814,0.950687,0.9537227,0.9593474,0.95114034,0.961532,0.9608994,0.9504444,0.9804703,0.95569885,0.9585829,0.9644769,0.9485311
aftermovie,0.9575813,0.94541687,0.9430759,0.9491245,0.9491355,0.94656724,0.95743334,0.99999994,0.9742963,0.95109034,0.95496523,0.9452126,0.9527482,0.96292907,0.96105415,0.9500018,0.9595988,0.95960915,0.94025916,0.9430515,0.9491314,0.95500124,0.94870883,0.95383114,0.95101744,0.9011308,0.9394697,0.94866246,0.94933826,0.944834,0.9511155,0.9401051,0.9511239,0.94797003,0.9306057,0.9245797,0.95817655,0.9513881,0.95405924,0.9468748,0.9460741,0.94646835,0.9313032,0.9496166,0.9558442,0.95416623,0.94805735,0.9517775,0.93809414,0.95086694,0.94851536,0.9551585,0.9484975,0.93260115,0.95170546,0.9496848,0.94958794,0.9528232,0.95119786,0.95257264,0.9472553,0.9486698,0.95025647,0.9582205,0.9476066,0.94789845,0.9546167,0.9499,0.9582346,0.9361139,0.957557,0.87047136,0.9381829,0.9399379,0.95525694,0.9440238,0.9192075,0.95601684,0.9409213,0.9342653,0.9540452,0.9506031,0.9573323,0.9454019,0.95624095,0.9539934,0.9497665,0.9547001,0.9472616,0.96045786,0.9501887,0.957557,0.95074224,0.95380926,0.95214,0.9513576,0.9469388,0.9512013,0.9409248,0.949925,0.93454534,0.93621653,0.94505835,0.9485889,0.9532473,0.9489176,0.95422184,0.95740765,0.9516739,0.9380142,0.95677674,0.8911558,0.9538673,0.9184729,0.9549523,0.9494072,0.96197915,0.9491194,0.96003336,0.95030737,0.9495821,0.9550791,0.9565036,0.9540664,0.9467821,0.9566683,0.9609139,0.9460321,0.957591,0.92718774,0.9446553,0.95852077,0.96051115,0.94254494,0.9508564,0.95149475,0.95289695,0.93926156,0.953781,0.94951427,0.9742963,0.9494077,0.9370819,0.9602536,0.943727,0.95340484,0.94595337,0.9463282,0.9577182,0.95637745,0.9593918,0.9481057,0.9511894,0.9283648,0.9380019,0.95257044,0.94959766,0.9561198,0.95728785,0.94259924,0.9742963,0.94624084,0.9586238,0.95629966,0.9436308
ahiddenlifefilm,0.98094225,0.97133803,0.9752142,0.9715166,0.97302634,0.96773756,0.9804703,0.9742963,0.9999998,0.9704805,0.9776617,0.9686495,0.9730605,0.9813647,0.9834682,0.9730657,0.9790754,0.9765683,0.9705877,0.95815426,0.9733933,0.97687125,0.97661614,0.97846335,0.9671075,0.92741406,0.9670537,0.9746696,0.9767737,0.969066,0.97503203,0.965857,0.9714257,0.9753754,0.96181506,0.94725436,0.97984433,0.97399557,0.9745852,0.97290605,0.9674134,0.9711541,0.96148354,0.9750612,0.97823465,0.9773084,0.97622985,0.97210866,0.9669359,0.9750686,0.9778915,0.97945297,0.970554,0.96001613,0.9673888,0.96779376,0.97507554,0.97701395,0.9700305,0.97777075,0.9698488,0.96968204,0.9767321,0.97674274,0.9717839,0.9754955,0.97462976,0.9747329,0.9729231,0.9615347,0.9822992,0.88824224,0.9540564,0.96865773,0.97864014,0.9689927,0.9481638,0.9747725,0.97385937,0.9645549,0.97423124,0.97625804,0.97522837,0.97198814,0.97625923,0.97446597,0.9793863,0.9778069,0.9773186,0.97823316,0.9704577,0.9822992,0.9727275,0.9731645,0.9776038,0.97292846,0.97019446,0.97275543,0.9676521,0.9767281,0.9680075,0.96605086,0.96991724,0.976685,0.97450656,0.97647643,0.980208,0.97596496,0.971331,0.97189987,0.97949904,0.9112904,0.9763188,0.95206076,0.9777289,0.9765494,0.98704,0.97725946,0.97976494,0.97402966,0.9711106,0.9805689,0.982467,0.97118104,0.97750306,0.9793406,0.97578716,0.9740101,0.9755395,0.9570736,0.9705407,0.9713072,0.97759587,0.96933156,0.97358304,0.9730822,0.9779005,0.9691358,0.9778102,0.96682596,0.9999998,0.9789571,0.97044045,0.97749966,0.9632461,0.97364795,0.97196865,0.97021645,0.97241074,0.9777197,0.97580093,0.97777814,0.9763453,0.9560508,0.9699366,0.9751069,0.9702037,0.9768575,0.97468007,0.970681,0.9999998,0.9729876,0.9768019,0.9803828,0.9725891
alitamovie,0.95629233,0.9565587,0.9464449,0.9500727,0.960745,0.94522,0.9543356,0.95109034,0.9704805,1.0000002,0.9494737,0.9495247,0.9481726,0.95910007,0.96277136,0.944196,0.9535376,0.95662713,0.945238,0.94225764,0.94826066,0.9498723,0.95610267,0.9510143,0.9427239,0.888557,0.9409721,0.94905883,0.94829017,0.94205713,0.94848543,0.9440225,0.946037,0.94977844,0.9313148,0.9034392,0.95203555,0.9498266,0.95190006,0.9497684,0.9383853,0.9502363,0.94544494,0.9555702,0.954819,0.9501613,0.94994515,0.94514334,0.9386132,0.95636874,0.9539326,0.95481783,0.9517314,0.93079776,0.9287611,0.9527353,0.95153236,0.9502501,0.9425352,0.95092565,0.9401101,0.94378066,0.9528261,0.9559825,0.9517565,0.94575554,0.94089866,0.9496592,0.9478531,0.9275781,0.9522507,0.8568802,0.9349968,0.9401467,0.94674104,0.9381617,0.91846335,0.9454476,0.9467322,0.93384856,0.9431893,0.94676334,0.9513196,0.94755226,0.9531824,0.94687366,0.9494005,0.94846404,0.95087504,0.9489156,0.95526093,0.9522507,0.95458555,0.94623893,0.94964445,0.9440854,0.9452953,0.9457556,0.93880624,0.95013565,0.93432903,0.943963,0.9485314,0.94568145,0.9693462,0.9562681,0.9593532,0.9486061,0.9425985,0.95056844,0.9535376,0.88345885,0.95730394,0.9210319,0.9535357,0.94485146,0.95980704,0.950038,0.9564231,0.9514238,0.9497799,0.9520084,0.95383924,0.94249326,0.949545,0.9512145,0.9549836,0.95098174,0.94916445,0.93936056,0.9397154,0.9506375,0.9583028,0.93681943,0.95631945,0.9469547,0.9446723,0.94314903,0.9507334,0.94440997,0.9704805,0.95525205,0.9346677,0.9539936,0.9352616,0.9521846,0.9465461,0.9458214,0.9499369,0.949411,0.9501917,0.9476443,0.9445056,0.93766063,0.9378523,0.9407506,0.95014524,0.9543524,0.94828445,0.95247275,0.9704805,0.950685,0.9492623,0.9581477,0.9518433
angelhasfallen,0.9637822,0.9566435,0.9508387,0.94746083,0.9556874,0.93893266,0.96447086,0.95496523,0.9776617,0.9494737,1.0000001,0.95272243,0.954335,0.9625978,0.9627351,0.95967823,0.9607893,0.95739883,0.95236987,0.9458846,0.9563536,0.95774883,0.9536533,0.9590309,0.93987477,0.91393715,0.9468642,0.9588621,0.95788205,0.95091265,0.9575548,0.94372255,0.94234943,0.945779,0.9421469,0.92768264,0.9552437,0.95942247,0.95452803,0.95505065,0.95154417,0.94398344,0.94011736,0.95260286,0.95631456,0.96226114,0.95249695,0.95278746,0.94171035,0.9514025,0.95994157,0.9603732,0.9468448,0.942099,0.951144,0.9470675,0.9510678,0.9498886,0.9456539,0.95562404,0.9516794,0.9477443,0.9540193,0.95804477,0.9469255,0.9592888,0.9593468,0.95595735,0.96426016,0.9481002,0.9601391,0.87449616,0.9315472,0.94732636,0.96000475,0.9458967,0.9257695,0.9460235,0.94978136,0.936098,0.9741563,0.954691,0.9568596,0.9469973,0.9514767,0.9556378,0.9653503,0.95552474,0.9599448,0.9565486,0.9511764,0.9601391,0.95064414,0.9479762,0.9560446,0.97313815,0.963473,0.9553912,0.9488369,0.9579881,0.94693404,0.9458272,0.94401187,0.954834,0.9512287,0.9611233,0.9580679,0.9573545,0.9470338,0.9485935,0.9570157,0.9053414,0.9526554,0.9333523,0.9605159,0.96891385,0.9709881,0.9496313,0.9626558,0.9592378,0.95315844,0.9533775,0.96034056,0.9432077,0.96302646,0.9601768,0.9538735,0.94877183,0.948679,0.9387294,0.95233786,0.94533837,0.9577535,0.9446489,0.9554859,0.9484458,0.96178967,0.94753927,0.9533214,0.94348264,0.9776617,0.95374507,0.94788784,0.95249677,0.9406995,0.95127773,0.9571423,0.9472077,0.95145005,0.95947933,0.9600696,0.9573989,0.9537742,0.94072026,0.94904715,0.95380133,0.94455755,0.9580683,0.9562444,0.95018417,0.9776617,0.95111823,0.95374405,0.95366,0.9525696
angrybirdsmovie,0.95775515,0.95344913,0.94687176,0.94894665,0.9432029,0.9426755,0.94999164,0.9452126,0.9686495,0.9495247,0.95272243,1.0000005,0.9489964,0.9572281,0.95427954,0.9448792,0.94555926,0.95203507,0.9491397,0.9418376,0.9474288,0.9517316,0.94654167,0.947338,0.93392944,0.90131634,0.93596715,0.93540376,0.95284677,0.9491355,0.94764954,0.944886,0.93707275,0.9616822,0.933058,0.9112322,0.95031613,0.9476207,0.93776524,0.9561561,0.93212026,0.93828994,0.93813586,0.9453783,0.95434767,0.94579077,0.9443125,0.9477204,0.94359094,0.94460106,0.9664148,0.95497173,0.9469754,0.9436095,0.93844485,0.94522464,0.9485163,0.9445129,0.94138575,0.9519183,0.9387467,0.9428419,0.9548779,0.9532928,0.9463161,0.9377346,0.94512933,0.9478063,0.9474827,0.93964934,0.9543114,0.8689977,0.9293336,0.92759997,0.9477074,0.94056076,0.9260754,0.9422953,0.94433933,0.9379903,0.94678706,0.9504677,0.94459087,0.9421403,0.95928866,0.94904774,0.9573345,0.94999915,0.9510314,0.9469817,0.9364161,0.9543114,0.9407715,0.9456396,0.96426564,0.9521755,0.943008,0.9527098,0.9332176,0.9524032,0.9331621,0.94355786,0.94919217,0.9492193,0.95109284,0.9672881,0.9493566,0.9467859,0.95043343,0.9428195,0.9489945,0.9047118,0.9457909,0.92038065,0.94844055,0.9457128,0.96120226,0.9423288,0.95244485,0.94899976,0.939035,0.9541002,0.9536263,0.9480452,0.949922,0.95296913,0.94998705,0.95118165,0.9442611,0.9252913,0.9512702,0.94180954,0.9433999,0.9357049,0.94260997,0.9411079,0.9500978,0.94617975,0.95700043,0.93221587,0.9686495,0.9568014,0.93823475,0.95368767,0.94522905,0.944225,0.93872344,0.94330776,0.94331485,0.95120966,0.9438874,0.944924,0.9392997,0.9277013,0.9514448,0.94646126,0.9438957,0.95167357,0.9445278,0.9425226,0.9686495,0.9484036,0.9442298,0.94943106,0.9590623
annabellemovie,0.95858836,0.95088995,0.95647377,0.9592253,0.9466011,0.9407147,0.9489156,0.9527482,0.9730605,0.9481726,0.954335,0.9489964,1.0000004,0.94809246,0.9565491,0.948602,0.9462107,0.9494281,0.94820446,0.93364805,0.95123863,0.9567532,0.95015466,0.9524291,0.93594193,0.9045566,0.94586545,0.94711936,0.95878834,0.94343406,0.949753,0.94698536,0.9457747,0.95363045,0.9463339,0.9262609,0.9555369,0.9632271,0.94996375,0.94547045,0.95343274,0.95130783,0.933691,0.95130515,0.9490513,0.95620364,0.9484676,0.9418116,0.9422274,0.9533923,0.96248835,0.95489246,0.96284825,0.93622386,0.94418645,0.94330466,0.94726425,0.94891196,0.94477427,0.9451238,0.96441793,0.9406881,0.9453415,0.9606752,0.9373137,0.95396894,0.9479767,0.9472552,0.94196683,0.94241,0.9536195,0.8589353,0.93029654,0.9440001,0.9517372,0.9451862,0.92572516,0.954084,0.94825786,0.94412744,0.9425344,0.9542951,0.96564984,0.9411799,0.9678867,0.9487642,0.9585882,0.9792025,0.954672,0.9427901,0.94866294,0.9536195,0.9445371,0.9467291,0.95957536,0.94837725,0.9440393,0.9526341,0.9322992,0.9434199,0.9456829,0.940096,0.9509466,0.94603956,0.95214367,0.95806754,0.9566068,0.96161187,0.9447534,0.9403652,0.9570534,0.90027905,0.9532035,0.92609775,0.9539407,0.94964904,0.9606525,0.95384204,0.9531993,0.9443769,0.9630476,0.9561655,0.9545239,0.9443381,0.9532093,0.95892155,0.9600803,0.9525406,0.9473602,0.9251418,0.9490099,0.95055807,0.94829464,0.93885225,0.94898504,0.9490699,0.95355433,0.945516,0.95240414,0.9487997,0.9730605,0.95136744,0.950455,0.9624253,0.9467055,0.9423066,0.9478297,0.95562553,0.96069485,0.9528909,0.95221424,0.9494931,0.95452803,0.93920875,0.93780255,0.953294,0.9491047,0.94833195,0.9492794,0.9512308,0.9730605,0.9493017,0.9549835,0.95309806,0.9546009
annamovie,0.96648234,0.9565516,0.9580979,0.9546694,0.95739394,0.95103747,0.9642563,0.96292907,0.9813647,0.95910007,0.9625978,0.9572281,0.94809246,0.9999996,0.9650767,0.9534503,0.9635807,0.9666324,0.94660467,0.93660563,0.9551977,0.96019846,0.96117187,0.9583832,0.952292,0.91310203,0.94785166,0.95805585,0.96190655,0.9515274,0.95412284,0.95121974,0.9527454,0.9608904,0.9387436,0.9214842,0.9594349,0.95585793,0.956307,0.9601435,0.9473517,0.95465976,0.9527874,0.9582127,0.9592303,0.95924586,0.961019,0.96101516,0.94986117,0.9582032,0.9596565,0.96606475,0.94859374,0.9486552,0.9425633,0.9513852,0.9624195,0.9610503,0.95724016,0.967595,0.94943506,0.9583061,0.960041,0.970275,0.9552115,0.9483043,0.9577561,0.95784694,0.9573785,0.93883497,0.9676978,0.86792755,0.93849194,0.9491225,0.9629176,0.94738966,0.9293334,0.95661485,0.9564976,0.94422483,0.95715606,0.9598083,0.9563934,0.95799667,0.95786256,0.9567524,0.9630797,0.95094085,0.95934635,0.96191424,0.9509054,0.9676978,0.9613977,0.9591656,0.9591074,0.9624235,0.95281684,0.95115095,0.95174664,0.96446204,0.94899106,0.9456234,0.9500863,0.9648336,0.9692396,0.95695937,0.96648747,0.95660263,0.96071124,0.95162475,0.9659646,0.886264,0.96373075,0.92810786,0.9576868,0.9565395,0.9728394,0.9576271,0.96800315,0.9572138,0.9523248,0.964302,0.9617092,0.9567127,0.9615834,0.9577672,0.9557386,0.95240074,0.9596724,0.9365137,0.9536203,0.95838016,0.9622735,0.9496818,0.9609681,0.95650315,0.9620738,0.95268524,0.960796,0.9517169,0.9813647,0.9652335,0.95100653,0.95561504,0.95044947,0.9627289,0.95757055,0.946524,0.9531299,0.9685851,0.95843434,0.9618428,0.9533206,0.9466348,0.9581536,0.9562602,0.95167196,0.96779096,0.96289414,0.9514977,0.9813647,0.9532924,0.9603657,0.96515304,0.9529172
apollo11movie,0.97141594,0.957115,0.9580845,0.9569849,0.9594379,0.95590013,0.96843225,0.96105415,0.9834682,0.96277136,0.9627351,0.95427954,0.9565491,0.9650767,0.99999964,0.9594249,0.9659323,0.9606199,0.9584694,0.9634505,0.96149766,0.957556,0.96258277,0.96477354,0.95576066,0.91573507,0.9540027,0.9654804,0.95930046,0.9494049,0.96055204,0.9578804,0.95591325,0.95570666,0.93756884,0.92387027,0.9642198,0.95526224,0.9652142,0.9608829,0.95330757,0.9586667,0.9499152,0.96185976,0.9631069,0.9606357,0.9603791,0.9582966,0.9554455,0.961358,0.9639133,0.9704737,0.9598165,0.9512403,0.9520739,0.9567818,0.9622847,0.96270233,0.9499851,0.9641354,0.9594916,0.95574445,0.9611243,0.9647546,0.962826,0.95990664,0.9573112,0.9650362,0.96330625,0.9464216,0.9643596,0.88265467,0.93820804,0.95611024,0.9616557,0.95540786,0.93340266,0.9598728,0.9575199,0.95009583,0.95762587,0.96466905,0.96494144,0.9551079,0.9584069,0.9611849,0.9598105,0.96595067,0.96522135,0.96576035,0.957407,0.9643596,0.9545226,0.9558402,0.9632165,0.9721585,0.96217275,0.96121657,0.95969987,0.95945024,0.9482425,0.9547583,0.95862865,0.96226144,0.955141,0.96296376,0.96327823,0.9604156,0.95407254,0.96282136,0.96389306,0.90109164,0.9609815,0.9297361,0.9634838,0.96323335,0.9754271,0.9611991,0.9661503,0.9617348,0.9588612,0.96111465,0.96538156,0.95915246,0.96353465,0.96038085,0.96516037,0.9594976,0.96058124,0.94464093,0.9592804,0.9623565,0.965314,0.9584211,0.96002054,0.95421875,0.9688623,0.95316935,0.9597259,0.9540084,0.9834682,0.9637171,0.95030016,0.96478784,0.9467849,0.9624983,0.9556876,0.9473863,0.96055484,0.961575,0.9633793,0.96190846,0.9569422,0.95383614,0.9537046,0.9561206,0.95422393,0.96134436,0.96290195,0.9566722,0.9834682,0.9596062,0.96236247,0.96653867,0.959479
arcticdogsmovie,0.96259713,0.9603157,0.9540898,0.94589305,0.9569263,0.9327219,0.95797074,0.9500018,0.9730657,0.944196,0.95967823,0.9448792,0.948602,0.9534503,0.9594249,0.9999995,0.9589891,0.9545196,0.95745623,0.9279892,0.95485747,0.95145863,0.94872713,0.9615577,0.9498774,0.90160877,0.94264907,0.9524232,0.9538802,0.9427258,0.95399773,0.9440194,0.94380265,0.9446481,0.93597317,0.92652285,0.95303917,0.9535288,0.9530948,0.9489064,0.94647026,0.94091195,0.93733805,0.9457156,0.9538451,0.9534869,0.94399333,0.94903207,0.93859524,0.94506806,0.9560064,0.95422006,0.94310045,0.93304944,0.94213647,0.9481625,0.9563458,0.95293504,0.9494596,0.9513324,0.95117646,0.9541212,0.95358765,0.95772696,0.95261997,0.94897294,0.95753074,0.95190704,0.95447993,0.9369254,0.95783216,0.8589669,0.9273706,0.9474487,0.9527396,0.9411859,0.91837984,0.93887424,0.9515478,0.9394705,0.95045024,0.94682807,0.95621586,0.94524765,0.9513161,0.9493133,0.9540871,0.950564,0.9526143,0.96491456,0.9508082,0.95783216,0.94567686,0.94986063,0.95562226,0.9556274,0.95206064,0.9442231,0.9449907,0.94512707,0.94763255,0.9582046,0.94764763,0.952691,0.94609326,0.9559123,0.95952326,0.96097124,0.9645072,0.94488496,0.9499999,0.8971974,0.9501224,0.92988986,0.95182747,0.95193535,0.96305156,0.9429399,0.9555803,0.9468831,0.9509805,0.9546769,0.95983106,0.9430388,0.95529115,0.9575999,0.95089304,0.953389,0.95031214,0.9373806,0.95165724,0.9403697,0.955976,0.9390024,0.9466701,0.9467026,0.9506828,0.9436766,0.95464736,0.9436135,0.9730657,0.953095,0.94671583,0.95640904,0.9452039,0.94881034,0.94960934,0.95119214,0.9474564,0.9550958,0.9562107,0.95811605,0.95167327,0.9298878,0.9427934,0.9484229,0.9438108,0.95230526,0.9491507,0.944962,0.9730657,0.95536107,0.9469557,0.95425814,0.9570795
arcticmovie,0.96516204,0.9519899,0.9562022,0.95360637,0.95888406,0.9511088,0.9646694,0.9595988,0.9790754,0.9535376,0.9607893,0.94555926,0.9462107,0.9635807,0.9659323,0.9589891,0.9999998,0.9635023,0.9523525,0.94350106,0.95593166,0.9615354,0.9603229,0.96300966,0.95086193,0.907653,0.94678336,0.97674716,0.95581466,0.95171195,0.9554093,0.94892395,0.9530381,0.95281696,0.93627846,0.92598855,0.9632872,0.9551254,0.9523476,0.9542082,0.9541553,0.9524747,0.9489595,0.96027964,0.9543462,0.9565323,0.96264684,0.95640117,0.94960445,0.9625474,0.95612144,0.9616541,0.9527501,0.93690497,0.94274807,0.95523137,0.9561341,0.951201,0.9511006,0.9593991,0.9518149,0.9532035,0.9549983,0.95198774,0.9564643,0.9475498,0.95638114,0.953952,0.9583491,0.93806326,0.9647901,0.8700684,0.9466886,0.9541479,0.9608071,0.95297563,0.92685026,0.95389175,0.95765287,0.93694794,0.9619881,0.95853806,0.9550229,0.96242344,0.9556105,0.9581877,0.95920634,0.956645,0.95416415,0.96525884,0.9579902,0.9647901,0.9570976,0.9506681,0.9553515,0.9565582,0.9557878,0.95005935,0.94906723,0.9582098,0.9470132,0.95447,0.950923,0.9557358,0.95674753,0.95753586,0.95877415,0.9553917,0.9552865,0.9520808,0.956283,0.88742447,0.95991635,0.923047,0.9613227,0.962086,0.9699625,0.9572168,0.9648971,0.9564754,0.95474213,0.9588962,0.9581244,0.9507597,0.95830375,0.95469064,0.9601874,0.95034486,0.95687175,0.94492346,0.9485059,0.95726204,0.9824777,0.96244264,0.95235956,0.9600543,0.959913,0.95232326,0.9579935,0.9463737,0.9790754,0.96128625,0.9506639,0.95616317,0.94263715,0.9625285,0.95340353,0.94538534,0.9537543,0.9557644,0.9526831,0.9632693,0.95548344,0.9374354,0.9558714,0.95451874,0.95262164,0.9624774,0.9613783,0.95399535,0.9790754,0.94953525,0.96169025,0.9667938,0.95153505
artofracingmovie,0.9591983,0.95002043,0.95419323,0.9555405,0.97330517,0.9406636,0.9577399,0.95960915,0.9765683,0.95662713,0.95739883,0.95203507,0.9494281,0.9666324,0.9606199,0.9545196,0.9635023,1.0000002,0.94785875,0.9359789,0.96067303,0.9522075,0.9553332,0.95871526,0.94255924,0.9182744,0.957858,0.95942205,0.954714,0.948508,0.95637107,0.94780195,0.9444916,0.95324194,0.9412178,0.9194735,0.95724666,0.9585836,0.9532792,0.96095514,0.9422152,0.9504716,0.9392148,0.9543521,0.96574503,0.95591015,0.957086,0.95017356,0.94844204,0.9539153,0.957024,0.95591015,0.9470909,0.94431454,0.94127387,0.96458447,0.9564406,0.9500052,0.9511195,0.95840544,0.9478973,0.9535582,0.95852625,0.959183,0.95139176,0.95192045,0.95636684,0.95073557,0.9542578,0.94569296,0.96083826,0.8655801,0.94011164,0.95208675,0.95819366,0.9500228,0.9322756,0.9506464,0.9554605,0.94199085,0.95890784,0.9558902,0.9500158,0.94994557,0.958241,0.9496001,0.9661168,0.9519441,0.94950926,0.96221423,0.95615375,0.96083826,0.9498914,0.9544543,0.960668,0.95224684,0.94598615,0.94778824,0.95332867,0.956563,0.946128,0.94371206,0.9411938,0.9558562,0.9541485,0.95790887,0.9567184,0.95768815,0.9573508,0.95263207,0.9614936,0.89497006,0.95509225,0.9243887,0.9526941,0.9526892,0.9673947,0.9500363,0.96715826,0.9477364,0.9463057,0.9535982,0.95155305,0.94671124,0.955285,0.96000874,0.9543756,0.9549039,0.9645644,0.9353502,0.950296,0.9600427,0.9582456,0.9495185,0.9485847,0.95318204,0.9595053,0.9450055,0.95591724,0.9591607,0.9765683,0.9561849,0.9492411,0.9555931,0.9443194,0.95368016,0.949418,0.95096326,0.9595436,0.9514218,0.95097387,0.9544546,0.952298,0.93823576,0.9473208,0.95457596,0.9499533,0.9616405,0.9539386,0.94752663,0.9765683,0.95547557,0.95967263,0.96118873,0.9500706
avengers,0.9692566,0.95435774,0.94625145,0.953863,0.9522521,0.9395698,0.9563545,0.94025916,0.9705877,0.945238,0.95236987,0.9491397,0.94820446,0.94660467,0.9584694,0.95745623,0.9523525,0.94785875,0.99999976,0.9397627,0.94809854,0.9518745,0.9522206,0.95261586,0.94036096,0.9070157,0.9370935,0.9453672,0.95091087,0.947282,0.9678922,0.9382776,0.947109,0.9487902,0.93912995,0.91656005,0.95389867,0.9477474,0.94995534,0.9473213,0.93810004,0.94246995,0.93011636,0.9469812,0.9542924,0.95060307,0.9520092,0.94578797,0.9342841,0.9437777,0.9552808,0.9539393,0.94798833,0.92730147,0.9414753,0.93724996,0.9520103,0.9521281,0.94543344,0.95500034,0.94147605,0.9420509,0.9530385,0.9515542,0.94757384,0.9487503,0.9440887,0.94904095,0.944839,0.94021016,0.95865744,0.86487347,0.9168246,0.9489526,0.9508273,0.9384895,0.9237865,0.9445558,0.94175315,0.94305485,0.947281,0.94979364,0.9491868,0.94394815,0.9519346,0.9404229,0.9503475,0.9510716,0.95309055,0.95276743,0.94382524,0.95865744,0.94822335,0.9466129,0.9498236,0.94113475,0.9446384,0.9464191,0.9450395,0.9458149,0.94418097,0.9494076,0.9452017,0.94767654,0.94908714,0.9523817,0.9509264,0.9507389,0.9419264,0.9461601,0.95157593,0.88830024,0.95486146,0.9165671,0.94607043,0.9606671,0.96013975,0.946553,0.9536029,0.94961494,0.9467507,0.9594627,0.9588359,0.93733734,0.95135814,0.9551408,0.9451893,0.9617239,0.948197,0.9375925,0.9436224,0.9409327,0.9488687,0.93690026,0.94907117,0.9466212,0.9509945,0.9478758,0.95927876,0.94077015,0.9705877,0.9528631,0.943492,0.94697726,0.9354166,0.9451816,0.94355834,0.9404025,0.94672877,0.9474155,0.94990814,0.9496093,0.9523614,0.9478806,0.9421539,0.94893456,0.9470554,0.94733274,0.9453252,0.9538545,0.9705877,0.9479929,0.958037,0.95151705,0.9506103
beachbummovie,0.9450633,0.93075675,0.9304253,0.9325735,0.9357518,0.9315406,0.9454861,0.9430515,0.95815426,0.94225764,0.9458846,0.9418376,0.93364805,0.93660563,0.9634505,0.9279892,0.94350106,0.9359789,0.9397627,1.0,0.9347367,0.9483257,0.94182277,0.93590045,0.9317813,0.8913665,0.92859554,0.93925804,0.9279162,0.92929864,0.9386112,0.9296068,0.92867005,0.9402461,0.91176856,0.9006125,0.9357997,0.9292767,0.93326336,0.9373766,0.93444103,0.93833315,0.9263912,0.93980163,0.9409115,0.9450283,0.93771887,0.92526793,0.9299721,0.9409841,0.94031197,0.9437324,0.9412599,0.92333984,0.9359809,0.938471,0.9316791,0.9389581,0.9272537,0.94098216,0.9290732,0.9266981,0.9368183,0.93944734,0.9387875,0.9387348,0.93890834,0.93986136,0.94342315,0.9379281,0.94201577,0.8644582,0.9222532,0.9384062,0.94376856,0.9296149,0.90740365,0.9360215,0.9296218,0.9217587,0.94062036,0.9357766,0.94647396,0.93797964,0.93036294,0.9398709,0.93840146,0.94649893,0.9381215,0.93900716,0.9360861,0.94201577,0.9426717,0.9384528,0.94153607,0.9407334,0.93811876,0.9511088,0.9356821,0.9442246,0.9107938,0.93884903,0.9308038,0.934161,0.9294656,0.9427526,0.9385871,0.9351157,0.9283276,0.94004416,0.9392714,0.8912147,0.93613195,0.91434973,0.9457667,0.9464505,0.9510155,0.94447565,0.9462995,0.9465083,0.9374711,0.94457245,0.9449848,0.9345914,0.9404001,0.94135505,0.9448702,0.931589,0.93803215,0.91547287,0.93488044,0.929188,0.93870693,0.93175,0.939089,0.93616146,0.94869643,0.92833364,0.94225466,0.94025826,0.95815426,0.93763334,0.9186714,0.9391091,0.9254861,0.94297093,0.93434185,0.9213657,0.9454211,0.9316811,0.9390075,0.93785137,0.9353197,0.9265436,0.9318681,0.926254,0.9364158,0.9384309,0.9426962,0.9347699,0.95815426,0.9354629,0.9425392,0.9419337,0.92402613
bernadettefilm,0.96103334,0.9470228,0.96087635,0.9458063,0.95120424,0.9415519,0.95901245,0.9491314,0.9733933,0.94826066,0.9563536,0.9474288,0.95123863,0.9551977,0.96149766,0.95485747,0.95593166,0.96067303,0.94809854,0.9347367,0.99999994,0.951883,0.95553094,0.95538795,0.9400789,0.90931034,0.94094634,0.95893997,0.9602389,0.9485948,0.9449545,0.9447876,0.94551843,0.9461959,0.93613845,0.9314406,0.9606681,0.96052736,0.94993514,0.9536759,0.93843186,0.94849074,0.9366445,0.9534587,0.94986355,0.9489445,0.9527479,0.94578016,0.94172966,0.94956064,0.9602345,0.9562402,0.9456789,0.93430734,0.93807846,0.9454527,0.9510157,0.9476688,0.94771147,0.9563923,0.951691,0.9520559,0.9528385,0.9574074,0.94677,0.94404584,0.9553034,0.9544612,0.9478106,0.9398672,0.9591238,0.8614645,0.92918056,0.95140105,0.9532767,0.94240314,0.9287793,0.94304425,0.9551182,0.94302326,0.951907,0.9550309,0.95340055,0.94424254,0.95234996,0.9522492,0.96227616,0.95225763,0.9544617,0.9573382,0.9498568,0.9591238,0.9464689,0.9484394,0.96111006,0.94697934,0.94999385,0.9440849,0.94967383,0.94980544,0.94350463,0.94083154,0.953874,0.95467,0.95032156,0.9592943,0.9598194,0.95686257,0.9495382,0.9519343,0.95263034,0.8888543,0.9473453,0.92874503,0.9629865,0.95623106,0.9640299,0.95713806,0.96040916,0.9532377,0.9463331,0.95188093,0.96056277,0.9513007,0.94432014,0.9546139,0.95366454,0.95776147,0.9476276,0.92033505,0.9639941,0.9386632,0.95385003,0.9384569,0.9445755,0.9507956,0.95404947,0.9464893,0.9577274,0.9456754,0.9733933,0.9622954,0.940362,0.95273507,0.93922144,0.9548826,0.950865,0.94540715,0.9488072,0.950314,0.9493266,0.9505661,0.9535023,0.9385511,0.94256485,0.9506022,0.94371986,0.95512474,0.94970167,0.9575819,0.9733933,0.9509521,0.95326966,0.95610183,0.95234406
