movie,21bridgesmovie,47metersdown,abeautifuldaymovie,abominablemovie,adastramovie,adogsjourneymovie,aftermathmovie,aftermovie,ahiddenlifefilm,alitamovie,angelhasfallen,angrybirdsmovie,annabellemovie,annamovie,apollo11movie,arcticdogsmovie,arcticmovie,artofracingmovie,avengers,beachbummovie,bernadettefilm,blackandbluemovie,blackchristmas,blindedbythelightmovie,bombshellmovie,booksmart,breakthroughmovie,brianbanksmovie,brightburnmovie,brittanyrunsmov,captainmarvelofficial,captivestatemovie,catsmovie,charliesangels,childsplaymovie,clarathefilm,coldpursuitmovie,countdown,currentwarmovie,darkwatersmovie,detectivepikachumovie,disneyaladdin,disneyfrozen,disneymaleficent,doctorsleepmovie,dolemiteismyname,dontletgomovie,doramovie,downtonabbey_official,dumbo,escaperoom,everybodyknowsmovie,fastandfuriousmovie,fightingwmyfam,fivefeetapartfilm,fordvferrari,freaksthefilm,geminimanmovie,glassmovie,gloriabellmovie,godzillamovie,goldfinchmovie,goodboysmovie,goodliarmovie,gretafilm,halathemovie,happydeathdaymovie,harrietfilm,hellboymovie,hersmellmovie,highlifemovie,highstrungmovie,honeyboymovie,hotelmumbaifilm,httydragon,hustlemovie,hustlersmovie,isntitromantic,itmovieofficial,jayandsilentbob,johnwickmovie,jojorabbitmovie,jokermovie,judythefilm,jumanjimovie,justmercyfilm,knivesout,lalloronamovie,lastblackmansf,lastchristmasthemovie,latenightmovie,lighthousemovie,lionking,littlethemovie,littlewomenmovie,littlewoodsfilm,longshotmovie,lordsofchaosmovie,lucyintheskyfilm,mamovie2019,marriagestory,meettheaddams,meninblack,midsommarmovie,midwaymovie,missbalamovie,missinglinkfilm,motherlessbklyn,onceinhollywood,onthebasisofsex,overcomermovie,peanutbutterfalcon,petsematarymovie,piercingmovie,playingwithfire,playmobilthemovie,pomsmovie,queenandslim,rambomovie,readyornotfilm,richardjewellfilm,rocketmanmovie,scarystoriesmovie,secretlifeofpets,serenityfilm,shaftmovie,shazammovie,spidermanmovie,spiesindisguise,starwars,stormboymovie,stubermovie,taosdfilm,teenspiritmov,terminator,theaeronautsmov,thebestofenemies,thedeaddontdie,thefarewell,thehighwaymen,thehummingbirdprojectfilm,theintrudermovie,theirishmanfilm,thekitchenmovie,thelegomovie,themustangfilm,thenightingalefilm,theprodigymovie,thesunisalsoastar,theupsidefilm,tolkienmovie,toystory,triplefrontier,uglydolls,uncutgems,underthesilverlake,usmovie,wavesmovie,whatmenwant,wonderparkmovie,wrinklestheclown,xmenmovies,yardiefilm,yesterdaymovie,zombieland
21bridgesmovie,0.9999996,0.94713634,0.9626345,0.9625223,0.9501472,0.9516995,0.9605009,0.94842666,0.9762286,0.94239783,0.95763856,0.9433303,0.9532291,0.9632394,0.96028876,0.94561154,0.9612757,0.950367,0.973973,0.95217663,0.9514577,0.95387137,0.949924,0.95099926,0.93974596,0.91974103,0.94802916,0.9582482,0.95821524,0.94394815,0.9387621,0.9531735,0.9396665,0.9548932,0.94544226,0.9265212,0.95352906,0.96282226,0.9532251,0.9567247,0.9469542,0.95182544,0.9427873,0.954133,0.94485724,0.9547617,0.9466844,0.9411603,0.94740856,0.95682055,0.9624288,0.96234405,0.93948644,0.95267403,0.94465756,0.9535425,0.94396424,0.95897126,0.94493425,0.95693284,0.9547987,0.9507312,0.95120144,0.9542893,0.9528455,0.9574314,0.95514894,0.9541328,0.9505369,0.9535793,0.9599167,0.8477085,0.9489713,0.95775664,0.9557416,0.9404177,0.93832004,0.9490012,0.94378704,0.94484043,0.9488777,0.9552153,0.9525248,0.9521529,0.9633471,0.95825166,0.95762575,0.9539974,0.9611061,0.95877326,0.9509143,0.9599167,0.95701766,0.9560504,0.9605224,0.95491517,0.95307606,0.95486575,0.95548135,0.95042044,0.9496562,0.9435324,0.9572162,0.9534447,0.9586951,0.95844936,0.96195805,0.9572884,0.94402665,0.94489944,0.95733136,0.9169643,0.9486586,0.93829393,0.95714545,0.966336,0.9881789,0.9450489,0.9563163,0.95449156,0.9500594,0.9557859,0.95580363,0.947537,0.95277363,0.9427261,0.9534686,0.9599153,0.9608972,0.9273801,0.95408094,0.948865,0.9515438,0.9328181,0.9515279,0.9432587,0.9640147,0.9562679,0.95923066,0.95525986,0.9762286,0.95493245,0.9413817,0.94525343,0.9571147,0.9542829,0.950332,0.9519409,0.9557999,0.97026294,0.9580478,0.9510194,0.9558965,0.9447365,0.9524183,0.9545579,0.95245963,0.9501535,0.9581668,0.95050347,0.9762286,0.9421502,0.96343994,0.9513391,0.96809787
47metersdown,0.94713634,0.99999934,0.9568117,0.94300234,0.94405067,0.94883007,0.95573336,0.94520223,0.9682804,0.945232,0.94866866,0.924114,0.9427819,0.958558,0.9540748,0.9569433,0.95563793,0.9437041,0.9484059,0.9380412,0.9426552,0.9450221,0.9526548,0.9544907,0.9491019,0.91211575,0.9397005,0.9496125,0.9501037,0.94168055,0.94151366,0.9448007,0.9333802,0.93760693,0.9309616,0.9080429,0.94243735,0.94521475,0.95009166,0.9472848,0.9507734,0.94620574,0.9333799,0.9488195,0.95044214,0.9556428,0.95251423,0.9450501,0.94855154,0.94948655,0.9510807,0.9521077,0.9463902,0.9360175,0.95220864,0.94807017,0.93353516,0.9481393,0.93983716,0.94600624,0.94657636,0.9486772,0.94980687,0.9468571,0.93974495,0.9520423,0.9510191,0.9451739,0.9447057,0.9454187,0.94983566,0.84197843,0.9334988,0.94698805,0.93934846,0.9429286,0.91619486,0.9352835,0.9361563,0.9478542,0.94262975,0.9444216,0.94306374,0.9421837,0.95546544,0.9451419,0.9540982,0.9489804,0.9421477,0.94378275,0.952435,0.94983566,0.9582054,0.9513275,0.94577014,0.94799405,0.9560513,0.9386409,0.94316393,0.9461306,0.9385802,0.9505063,0.9487961,0.94532764,0.9540161,0.9482605,0.9558084,0.94403136,0.94077575,0.94518346,0.9492209,0.91207004,0.94341797,0.91255736,0.944392,0.94935465,0.9559265,0.942726,0.9504563,0.953407,0.94589424,0.9478274,0.95011896,0.95312655,0.9510155,0.94460833,0.9483018,0.95557845,0.95071256,0.92947304,0.9373851,0.93543094,0.9509109,0.9317055,0.9463795,0.94578344,0.9445289,0.94433,0.9478147,0.9434184,0.9682804,0.9504619,0.9351505,0.9352669,0.945717,0.937629,0.9317636,0.93274105,0.9391793,0.9501515,0.9528687,0.9483134,0.94904363,0.92943454,0.9460972,0.94033504,0.94968295,0.93715584,0.9417921,0.940359,0.9682804,0.9378298,0.95542485,0.9496183,0.9466517
abeautifuldaymovie,0.9626345,0.9568117,0.99999994,0.9595675,0.94733334,0.95033264,0.9635226,0.9483857,0.9798351,0.9429233,0.961111,0.96111894,0.95953584,0.9614899,0.96342087,0.9519649,0.9536935,0.95242876,0.9644117,0.9486223,0.9537881,0.9656857,0.9581481,0.9536894,0.9433141,0.9202201,0.93952346,0.95889866,0.96974695,0.951755,0.9486549,0.96452993,0.94518876,0.9528348,0.9461889,0.92997795,0.95770407,0.96324825,0.96168464,0.9578321,0.9503672,0.95596033,0.9501265,0.959785,0.9561808,0.95380956,0.9538819,0.95488125,0.9652062,0.9596508,0.9742399,0.96856505,0.9455067,0.9493743,0.9509969,0.95014423,0.94519013,0.95684886,0.95834506,0.9621895,0.9546368,0.9572706,0.9541553,0.9491147,0.9579241,0.9574989,0.9600152,0.9623407,0.95421225,0.9567377,0.96660256,0.8381837,0.9483613,0.9679988,0.95265716,0.94770396,0.9252992,0.953995,0.9582513,0.95183027,0.95752245,0.9607865,0.9461483,0.9556845,0.97047096,0.96053445,0.9628641,0.9639799,0.96440274,0.9579363,0.9591902,0.96660256,0.9546946,0.9602431,0.97042,0.95826423,0.96072066,0.9536694,0.9524106,0.9558473,0.9543601,0.9530668,0.9610169,0.9604876,0.9446291,0.9693486,0.9640935,0.9529383,0.95804095,0.957666,0.95978755,0.9089006,0.9539713,0.9377825,0.9577051,0.9608827,0.9666249,0.9435871,0.9595841,0.95905715,0.9571861,0.96463656,0.96342474,0.9565421,0.953506,0.95433164,0.9612261,0.96571374,0.9573277,0.9311603,0.94479537,0.9457727,0.9545363,0.93491685,0.9517416,0.9508822,0.95087814,0.9576877,0.9653659,0.945005,0.9798351,0.96517473,0.94681317,0.9469243,0.9596581,0.9601659,0.94805944,0.9582635,0.9492364,0.9601049,0.95577395,0.966417,0.95739514,0.9344535,0.95126545,0.9605202,0.95338637,0.95876265,0.9546596,0.95345414,0.9798351,0.9490961,0.9623542,0.95823467,0.9669429
abominablemovie,0.9625223,0.94300234,0.9595675,1.0,0.95852184,0.9603207,0.9643951,0.9434657,0.9765959,0.9385368,0.9575156,0.94122183,0.9560539,0.9565383,0.94776386,0.94439924,0.956537,0.95197827,0.9617883,0.94528097,0.94928813,0.9502305,0.9452777,0.9488706,0.9441383,0.917293,0.95334935,0.94760966,0.953003,0.9401352,0.95427996,0.9486463,0.9264536,0.9578999,0.95212364,0.936099,0.9632479,0.95937735,0.9437027,0.9547593,0.94715863,0.94551814,0.9405965,0.95252335,0.94757885,0.9504406,0.936432,0.94119805,0.9441963,0.94801354,0.95785743,0.95325446,0.9388162,0.94399476,0.9431481,0.9500999,0.9423072,0.95325893,0.96088713,0.9497473,0.9557797,0.96501637,0.9464853,0.94815534,0.94267744,0.94435304,0.95081913,0.9388077,0.95227003,0.9441194,0.95577896,0.8418445,0.94356585,0.95604235,0.9579603,0.9356966,0.9308191,0.94934684,0.953729,0.94364154,0.95692056,0.9542003,0.94481367,0.9483107,0.9663433,0.9526703,0.9629719,0.9501092,0.95172614,0.9596904,0.942563,0.95577896,0.95458823,0.95485944,0.9610416,0.9459456,0.9549592,0.94386464,0.9423974,0.94782203,0.9573883,0.9501801,0.9496974,0.95209485,0.939296,0.9489335,0.95803165,0.9531837,0.95022184,0.95245373,0.95714045,0.91349155,0.9487421,0.94260895,0.9507553,0.9562361,0.9658782,0.9454404,0.9574236,0.9587963,0.94986343,0.9507245,0.9518394,0.9517596,0.9589018,0.94822574,0.9545143,0.9592037,0.96035206,0.92739576,0.9494109,0.9462759,0.95104825,0.9310907,0.94860905,0.93600166,0.9471289,0.95154583,0.95729893,0.9450646,0.9765959,0.9513058,0.9460614,0.9418268,0.95001864,0.9528767,0.9470179,0.9584538,0.9545749,0.9604799,0.9571378,0.94680053,0.96080124,0.9320558,0.94860923,0.94737506,0.9456148,0.9523733,0.95214504,0.948747,0.9765959,0.9474012,0.95808333,0.944749,0.9614584
adastramovie,0.9501472,0.94405067,0.94733334,0.95852184,1.0000007,0.9606478,0.9639806,0.94062036,0.9759059,0.9600282,0.9476254,0.93532026,0.9465146,0.95545226,0.95747167,0.9493342,0.961013,0.9738228,0.9548645,0.9461532,0.9503489,0.94845116,0.9514819,0.94975626,0.9364282,0.9140972,0.96285564,0.95124507,0.951771,0.95479053,0.95153373,0.95695835,0.9394083,0.9537652,0.9494247,0.92884934,0.95616055,0.93779856,0.94937354,0.9567076,0.9484089,0.9417528,0.9408216,0.9432736,0.954609,0.93828267,0.94884473,0.94857275,0.9538656,0.94684786,0.9538047,0.959889,0.94987637,0.9494752,0.9418145,0.9687308,0.94739866,0.9527887,0.9534697,0.95322305,0.9477563,0.9603779,0.9512088,0.9604629,0.9490217,0.9437985,0.9472435,0.94957024,0.95641714,0.9512301,0.9577308,0.84704304,0.94902515,0.9513449,0.9542049,0.94652814,0.93039894,0.95025736,0.9513873,0.9504741,0.95003384,0.95669824,0.950769,0.95422095,0.96051717,0.94284445,0.9573682,0.956724,0.94736683,0.9625656,0.9495039,0.9577308,0.9494874,0.96110964,0.95914376,0.9483766,0.94971174,0.9517391,0.9561975,0.9453447,0.94644046,0.9433982,0.95339364,0.9555455,0.9534776,0.9509461,0.9604959,0.95668185,0.94199824,0.952503,0.9506576,0.91589504,0.95073485,0.93833935,0.95374537,0.95216393,0.9593013,0.9531521,0.9559461,0.95962226,0.9509994,0.9505258,0.9524162,0.9513449,0.9584835,0.9523818,0.9565346,0.956284,0.9643425,0.9411337,0.9557628,0.96550745,0.95691067,0.9385991,0.9519162,0.95143265,0.95250136,0.95680004,0.95251906,0.9551563,0.9759059,0.9526525,0.9380858,0.9392293,0.9559505,0.95238644,0.9439105,0.9517796,0.9569794,0.9470833,0.9610751,0.9367522,0.9509921,0.9401109,0.9527464,0.9499013,0.95206994,0.9518335,0.9543075,0.9475014,0.9759059,0.9533508,0.9591547,0.955855,0.95859516
adogsjourneymovie,0.9516995,0.94883007,0.95033264,0.9603207,0.9606478,1.0000002,0.9616828,0.9400791,0.97566205,0.9539755,0.9597883,0.9453028,0.9523606,0.9589544,0.95397586,0.94477844,0.9612289,0.95032173,0.95653814,0.9458207,0.94440985,0.9457651,0.96083283,0.94773996,0.9367534,0.91544384,0.9455495,0.9550602,0.9534994,0.9451915,0.95117897,0.9503914,0.9417509,0.95312285,0.941922,0.92816865,0.9541302,0.944898,0.9467107,0.95604056,0.95260006,0.9513377,0.94375294,0.94997716,0.95155597,0.9498423,0.95206153,0.9524077,0.945487,0.9561672,0.9510227,0.96006835,0.95046914,0.9556173,0.9339185,0.9501673,0.93707085,0.9549083,0.94479185,0.95157254,0.94877523,0.9584215,0.95392084,0.94640905,0.9498202,0.9465371,0.95352006,0.9501505,0.95960414,0.95046407,0.95639473,0.86269057,0.94182205,0.94851065,0.9567917,0.9378505,0.93985045,0.95560205,0.9519313,0.9497615,0.96036816,0.95024097,0.9484365,0.9484527,0.96287006,0.94916135,0.9571249,0.9524914,0.94873947,0.95495856,0.94712275,0.95639473,0.95364463,0.95509523,0.95611185,0.9502819,0.9538006,0.94910896,0.9475609,0.9569462,0.9446091,0.9564787,0.95492077,0.9597832,0.9504427,0.9489604,0.9564733,0.9516497,0.9460975,0.94465023,0.9443164,0.9129598,0.9436895,0.9359116,0.9587469,0.95698625,0.96078897,0.9536754,0.95878536,0.953176,0.9537564,0.95544904,0.94841456,0.9659813,0.9524478,0.9518166,0.9593942,0.954017,0.9577847,0.94427866,0.9474207,0.9514973,0.95983547,0.93518263,0.94842523,0.9444763,0.94592196,0.9527337,0.9569309,0.9498918,0.97566205,0.95691466,0.9445248,0.94173515,0.9504121,0.9472149,0.95030767,0.94544756,0.952677,0.950032,0.95339084,0.94345635,0.9547422,0.934533,0.9525195,0.95385057,0.9589029,0.9448434,0.95133704,0.9528595,0.97566205,0.94927907,0.96064925,0.9624306,0.95221794
aftermathmovie,0.9605009,0.95573336,0.9635226,0.9643951,0.9639806,0.9616828,0.99999946,0.96044236,0.98371077,0.95078665,0.9596256,0.94659066,0.95423394,0.96424216,0.96582186,0.9561296,0.9629466,0.95959544,0.96367127,0.9497964,0.9587954,0.96285105,0.9644255,0.9539663,0.94760424,0.91567457,0.9536943,0.9574022,0.96046984,0.96105516,0.9505899,0.959121,0.9485422,0.96347433,0.9590438,0.93060833,0.9661234,0.9532423,0.9623515,0.9618575,0.9611046,0.95910794,0.94731283,0.96011084,0.96377844,0.95779854,0.9601534,0.9600829,0.96220624,0.96056944,0.96308446,0.965191,0.9530599,0.9588315,0.9535869,0.9556124,0.9518698,0.95955724,0.96154076,0.9556154,0.9564171,0.9645938,0.9543054,0.9623016,0.95632696,0.9543629,0.9551203,0.9530762,0.96204317,0.9557725,0.96395326,0.85328656,0.95177716,0.963661,0.96277755,0.9489799,0.9407574,0.9531907,0.9601559,0.957411,0.96098405,0.9778403,0.96272224,0.95618004,0.9698734,0.9606866,0.96462333,0.9573371,0.9561441,0.965812,0.9616892,0.96395326,0.96313876,0.9641393,0.9687634,0.9577583,0.96054214,0.950326,0.97572106,0.95914745,0.95396256,0.9594314,0.9540759,0.9637223,0.9594295,0.9570471,0.9620485,0.9617868,0.9524684,0.96334475,0.9554999,0.9277821,0.95554966,0.9402326,0.9620226,0.9625314,0.96656317,0.9647373,0.9579301,0.98990726,0.958899,0.9582902,0.96355134,0.9584005,0.9616574,0.9562639,0.9640841,0.96524835,0.9573512,0.9394022,0.9582488,0.9522916,0.96256196,0.9474859,0.9548152,0.960697,0.95423794,0.96033144,0.9651095,0.9582065,0.98371077,0.9563127,0.9516237,0.9474824,0.959678,0.953665,0.947234,0.96816677,0.9648727,0.9517606,0.9868242,0.9477005,0.965849,0.9430945,0.96460634,0.9581602,0.96440417,0.9580126,0.9553018,0.95312804,0.98371077,0.9574616,0.96621066,0.96843886,0.9621476
aftermovie,0.94842666,0.94520223,0.9483857,0.9434657,0.94062036,0.9400791,0.96044236,1.0000004,0.96854454,0.9350705,0.94914645,0.9299775,0.94706815,0.954138,0.9498346,0.94678843,0.9440449,0.94053674,0.94120157,0.9354634,0.9524215,0.9473812,0.950061,0.95119154,0.93736047,0.9087682,0.94353825,0.9443314,0.9460592,0.9399271,0.93202806,0.9460839,0.9407038,0.9343305,0.93779135,0.90702635,0.95320266,0.9413551,0.9441181,0.94876426,0.951693,0.94318426,0.9346796,0.942119,0.93653846,0.9390206,0.9473083,0.9379992,0.9406908,0.94297403,0.94769263,0.9541545,0.93247014,0.9511497,0.95628285,0.9368419,0.94345015,0.9450703,0.93969923,0.9472666,0.94879436,0.94612294,0.9451767,0.9472971,0.9478456,0.9512819,0.94108355,0.94381934,0.94565314,0.94333255,0.95317173,0.8449429,0.9325151,0.9461582,0.94763654,0.94023556,0.92389834,0.9380306,0.9341459,0.9373959,0.93663234,0.950013,0.9456817,0.93924916,0.95560753,0.94310015,0.9554159,0.94673043,0.9456076,0.9519423,0.9434086,0.95317173,0.9521791,0.94961715,0.9515592,0.941784,0.9444718,0.93805975,0.9517131,0.943978,0.93399066,0.9431044,0.94571954,0.9464185,0.944912,0.9462784,0.95100856,0.94858503,0.9399368,0.9436411,0.94030535,0.91462225,0.93146926,0.9259801,0.9529488,0.95224965,0.95974994,0.94019896,0.94360745,0.9588481,0.94218856,0.94885164,0.9492191,0.93370956,0.9390838,0.94567716,0.9463597,0.94810647,0.9494404,0.93233883,0.9398348,0.93709713,0.946228,0.93702936,0.93548137,0.94644576,0.94507045,0.9450427,0.95319986,0.93960696,0.96854454,0.9404238,0.9278577,0.9351353,0.9454573,0.9389365,0.9328756,0.9445234,0.95443374,0.9431297,0.9544186,0.93881845,0.9454278,0.91716874,0.9397483,0.94539535,0.9463153,0.94967175,0.95897144,0.9364677,0.96854454,0.9320928,0.9574227,0.94452137,0.951944
ahiddenlifefilm,0.9762286,0.9682804,0.9798351,0.9765959,0.9759059,0.97566205,0.98371077,0.96854454,1.0000001,0.9641955,0.9779471,0.9663063,0.968997,0.97903925,0.9772256,0.9691537,0.9768377,0.97240466,0.9768593,0.96690536,0.97220474,0.97424275,0.97508293,0.9700486,0.96209157,0.9348729,0.9688264,0.972715,0.9759386,0.9687918,0.9658098,0.97295547,0.961389,0.9733688,0.9648637,0.9458522,0.976728,0.9697663,0.97380656,0.9768983,0.9722621,0.9722788,0.9634367,0.97236454,0.97151697,0.96757716,0.9702641,0.97228473,0.97466284,0.9746949,0.97643024,0.98123837,0.9648916,0.9717191,0.96447676,0.969929,0.963016,0.9764607,0.96930385,0.97722137,0.9735124,0.9787159,0.97140473,0.9716215,0.9732966,0.97404957,0.9738606,0.97222954,0.9742436,0.97577095,0.9824392,0.86286414,0.96474737,0.97603035,0.97531825,0.9641343,0.9526684,0.9704754,0.97158223,0.9698606,0.9716825,0.9753514,0.9716952,0.97010607,0.9828052,0.9709998,0.9812186,0.97382444,0.97470325,0.97861874,0.97250426,0.9824392,0.97563237,0.9781537,0.9809151,0.96908456,0.9753971,0.97207785,0.97206926,0.97170013,0.96586883,0.96845883,0.97214925,0.97863185,0.96905655,0.9734437,0.98082626,0.97460073,0.9673029,0.9724012,0.97464734,0.93309504,0.969852,0.95787686,0.9754316,0.9749097,0.9831954,0.9693029,0.9737828,0.9783874,0.97523665,0.97741884,0.9737652,0.9718353,0.97447926,0.97143435,0.9786152,0.97609574,0.9745581,0.9589089,0.9693274,0.96641785,0.9755092,0.95575684,0.9729509,0.9694641,0.97072524,0.9736073,0.9816494,0.9680346,1.0000001,0.97106564,0.9600047,0.96451145,0.97527945,0.9733322,0.96533084,0.97239774,0.9751545,0.97213006,0.97795105,0.9693773,0.9749718,0.95126826,0.97153634,0.97586507,0.97387254,0.9751816,0.9748862,0.969464,1.0000001,0.9669284,0.98288023,0.9761771,0.9783138
alitamovie,0.94239783,0.945232,0.9429233,0.9385368,0.9600282,0.9539755,0.95078665,0.9350705,0.9641955,1.0,0.94475627,0.92495567,0.9503535,0.9510752,0.9471747,0.9474715,0.9469474,0.9571981,0.9434248,0.94321895,0.9355737,0.93797845,0.9522032,0.9473061,0.9347011,0.90458703,0.9443731,0.9487106,0.94410515,0.9405153,0.9348073,0.94559544,0.9326975,0.93344426,0.93568647,0.90644974,0.9416617,0.93271863,0.93721026,0.94305575,0.93901074,0.9360794,0.9360536,0.9400224,0.9449863,0.9350972,0.9493342,0.9497071,0.9400584,0.94346124,0.9415683,0.9536387,0.9452982,0.9467914,0.9294457,0.9510137,0.9382621,0.9402008,0.93515223,0.9519157,0.94581157,0.9460775,0.9486042,0.9444203,0.9426253,0.93423665,0.94875884,0.9370665,0.9445591,0.9378229,0.9510461,0.8397785,0.92744553,0.94147635,0.93934315,0.94018185,0.92730093,0.9409882,0.943119,0.9490078,0.9397848,0.9402612,0.94955444,0.9396369,0.9505064,0.935469,0.9495748,0.95138,0.9462589,0.9490641,0.93872446,0.9510461,0.94690853,0.94947857,0.945535,0.9305311,0.9450763,0.9494335,0.95082176,0.9461638,0.9250443,0.94161403,0.9384622,0.9505873,0.9576378,0.94143885,0.95012033,0.9413339,0.9332697,0.9437687,0.9325566,0.90819573,0.9305932,0.9194924,0.93921477,0.9483961,0.95173717,0.94283694,0.94363886,0.944037,0.9478601,0.9486686,0.94049937,0.95000607,0.94188905,0.9462749,0.94396764,0.94475424,0.95953226,0.9380484,0.93931663,0.9512579,0.9515747,0.9246973,0.9421546,0.9413121,0.94037825,0.940161,0.9435311,0.93603504,0.9641955,0.9481882,0.92598045,0.9329849,0.94693834,0.94269603,0.94135344,0.93520236,0.9471583,0.9413498,0.9456832,0.93964887,0.9418728,0.9306725,0.9531068,0.9423256,0.9440587,0.9388977,0.9403297,0.9328626,0.9641955,0.9393329,0.957803,0.9470354,0.9469457
angelhasfallen,0.95763856,0.94866866,0.961111,0.9575156,0.9476254,0.9597883,0.9596256,0.94914645,0.9779471,0.94475627,1.0000004,0.9464024,0.9580366,0.9591994,0.95490795,0.94990855,0.96041524,0.9464703,0.9544844,0.9434204,0.95342946,0.95564836,0.9556626,0.95092285,0.9443527,0.9066118,0.9459913,0.9531819,0.9591494,0.94240624,0.94305855,0.9526418,0.93722385,0.951177,0.93058544,0.91730255,0.9559571,0.9461886,0.9539635,0.95794064,0.9486099,0.95557016,0.9489823,0.95627534,0.9546723,0.9484356,0.94903743,0.94934607,0.9485461,0.95718485,0.9580309,0.96023256,0.95482576,0.94747156,0.9489126,0.94236016,0.9373835,0.95679617,0.94968635,0.9592583,0.9537012,0.95549494,0.9449944,0.94554514,0.9554523,0.9608323,0.95401967,0.9480038,0.96714884,0.94855946,0.96340334,0.84111947,0.9444698,0.94969225,0.9596715,0.9455664,0.92617273,0.9463099,0.9605576,0.9474931,0.97749853,0.94474316,0.9511786,0.94891864,0.96672404,0.94402784,0.965439,0.9624929,0.9568909,0.95472616,0.9508762,0.96340334,0.95177984,0.95634824,0.9587745,0.9532602,0.9613612,0.942944,0.9441081,0.9542055,0.9466468,0.9493107,0.95981735,0.9607974,0.94780546,0.95413965,0.96271104,0.95935076,0.9469177,0.95008075,0.9550796,0.9167102,0.9508488,0.9294304,0.95448977,0.96155137,0.9624828,0.9450853,0.9574642,0.9521694,0.9493251,0.9618267,0.9533992,0.9539466,0.95482355,0.95160705,0.954205,0.9550313,0.9525207,0.93087125,0.9460318,0.9415186,0.95656496,0.93285507,0.9487682,0.9443492,0.95388514,0.9478398,0.964418,0.9454368,0.9779471,0.9573669,0.9411096,0.94454277,0.95389754,0.95345926,0.9473704,0.94268537,0.952908,0.9564194,0.95725566,0.9488584,0.95835817,0.92990303,0.95851827,0.9545062,0.952371,0.9539366,0.9611508,0.95368445,0.9779471,0.94447094,0.9606302,0.9509427,0.9550316
angrybirdsmovie,0.9433303,0.924114,0.96111894,0.94122183,0.93532026,0.9453028,0.94659066,0.9299775,0.9663063,0.92495567,0.9464024,0.9999992,0.94476056,0.94558245,0.9399059,0.933335,0.9371577,0.9301363,0.9456509,0.9350133,0.9472106,0.95521,0.9389689,0.93132955,0.9287101,0.91001076,0.93652594,0.9436254,0.94483036,0.94653517,0.9334913,0.942148,0.94068736,0.9520566,0.93719095,0.9123013,0.9492756,0.94596124,0.93960387,0.93916,0.9415248,0.93747336,0.94125825,0.9371215,0.9363876,0.9351286,0.9305106,0.9479708,0.9466758,0.94376063,0.9545443,0.95482415,0.93093354,0.94998604,0.9249496,0.9303518,0.92776525,0.9446338,0.93716854,0.9404638,0.93499035,0.9465274,0.9372909,0.9351762,0.9522558,0.9376523,0.9484514,0.9465013,0.9467286,0.9526502,0.94912994,0.8455909,0.9314843,0.9511238,0.9461923,0.92202306,0.91561323,0.9388091,0.9417824,0.9441995,0.9453793,0.9464702,0.92777103,0.9371186,0.959202,0.9394508,0.9504419,0.9501093,0.9384948,0.9438818,0.94711,0.94912994,0.9326618,0.94400376,0.9609504,0.9363836,0.94179136,0.9500755,0.9436708,0.9524515,0.9397953,0.9379025,0.9384575,0.9490633,0.93325263,0.9516615,0.9523344,0.9340095,0.9540124,0.9383873,0.9434253,0.9025136,0.94382113,0.9336486,0.95381844,0.93758905,0.9502609,0.9260248,0.9369045,0.93773884,0.9454199,0.9495264,0.9320103,0.93760693,0.9315155,0.94422364,0.949955,0.9469327,0.9362974,0.93214995,0.9293005,0.9399934,0.94326407,0.92682797,0.93804973,0.9404593,0.93727654,0.945738,0.9581582,0.9336746,0.9663063,0.9443834,0.9327815,0.93563473,0.93630075,0.9495847,0.93447524,0.9525933,0.9377367,0.94563764,0.93396366,0.9322365,0.9440397,0.91755956,0.9335395,0.94619554,0.9320945,0.944073,0.9476357,0.93924344,0.9663063,0.94643795,0.95785373,0.94413435,0.9548163
annabellemovie,0.9532291,0.9427819,0.95953584,0.9560539,0.9465146,0.9523606,0.95423394,0.94706815,0.968997,0.9503535,0.9580366,0.94476056,0.9999997,0.9581407,0.9495348,0.95201,0.94758236,0.9443311,0.94946563,0.93958956,0.94913125,0.94604766,0.9466342,0.94174737,0.9310748,0.9107153,0.9360882,0.94765425,0.94649404,0.94047225,0.943026,0.95716757,0.94075567,0.9415653,0.93680674,0.9124688,0.95397574,0.9654282,0.9439959,0.95336926,0.954285,0.941212,0.9373685,0.9471939,0.9547793,0.94966525,0.94055873,0.9466526,0.9450465,0.94554955,0.9542487,0.9618961,0.94591653,0.94396704,0.93768233,0.94128376,0.9385982,0.9474178,0.94997936,0.95117766,0.95607966,0.94653404,0.9515466,0.95378494,0.9486924,0.94461507,0.9467335,0.9514331,0.9554943,0.93990546,0.9537268,0.8509365,0.9285486,0.95550585,0.9407969,0.9412753,0.9224636,0.9445174,0.9428784,0.9477833,0.9556749,0.9484939,0.95258754,0.9454581,0.96715564,0.9483675,0.95785004,0.97659177,0.9526898,0.95582634,0.9418353,0.9537268,0.9400611,0.9506612,0.95834017,0.94225526,0.94810927,0.9423985,0.9471958,0.94540477,0.9471363,0.94722015,0.9439994,0.94968545,0.93949425,0.9515934,0.9569029,0.9492498,0.94709414,0.9470609,0.9488426,0.90707445,0.94851637,0.9337451,0.9453559,0.95376676,0.9630914,0.93156815,0.9631035,0.95026714,0.9508143,0.95069546,0.9421167,0.95353043,0.9471013,0.948455,0.9555663,0.95185304,0.95609397,0.9313134,0.93387765,0.93990767,0.9503028,0.9401695,0.94364566,0.9379874,0.9423159,0.94817287,0.9571996,0.94227475,0.968997,0.94678885,0.93594676,0.9407605,0.9463409,0.95214844,0.9412339,0.947038,0.94830483,0.9565465,0.95132786,0.9356229,0.9517331,0.92588913,0.94025713,0.94109845,0.9433616,0.9474771,0.95650846,0.9476252,0.968997,0.9499531,0.9604387,0.9405772,0.95629406
annamovie,0.9632394,0.958558,0.9614899,0.9565383,0.95545226,0.9589544,0.96424216,0.954138,0.97903925,0.9510752,0.9591994,0.94558245,0.9581407,0.9999996,0.9656712,0.9472718,0.9597732,0.951713,0.9567405,0.95600295,0.94972867,0.9616729,0.95599926,0.9613231,0.938927,0.92070234,0.9498003,0.96312904,0.9584591,0.9528195,0.9481477,0.9571299,0.953421,0.9523895,0.94470626,0.9283183,0.95925546,0.95691496,0.9523491,0.9604019,0.95380354,0.94701034,0.9425264,0.95214456,0.9493209,0.950802,0.954502,0.95646095,0.9602475,0.9515638,0.95949465,0.96540517,0.9466597,0.95732373,0.94876206,0.9578782,0.941425,0.95562035,0.95812505,0.962064,0.95428413,0.95921385,0.9545811,0.9707828,0.9585814,0.9624664,0.95548254,0.9584024,0.95632654,0.95529383,0.9619714,0.855766,0.94619775,0.95999175,0.9573178,0.95233345,0.9315587,0.95024174,0.9537607,0.9557046,0.949453,0.958021,0.9516143,0.95123833,0.9650172,0.94960713,0.9560042,0.9617405,0.9561217,0.96153426,0.9581241,0.9619714,0.95587736,0.96498686,0.96158904,0.9529132,0.95076823,0.9505824,0.95527965,0.9617075,0.94801134,0.94945663,0.95710397,0.9612328,0.96622723,0.9578272,0.9686389,0.9532137,0.9461002,0.9560854,0.95049435,0.92126715,0.9471098,0.9365862,0.9578363,0.9565585,0.97047883,0.95872265,0.9519668,0.9565562,0.9549307,0.96221966,0.95881355,0.95389366,0.9572846,0.9575302,0.95968086,0.95712596,0.95837516,0.936414,0.94637424,0.9473219,0.9571765,0.9406159,0.95916003,0.9523138,0.9583241,0.9570907,0.9630558,0.950211,0.97903925,0.9580234,0.94602025,0.94665444,0.96142703,0.96114177,0.9537983,0.94743663,0.9526651,0.95724255,0.9619382,0.9530979,0.9529612,0.944204,0.95123184,0.95465446,0.9579943,0.9567694,0.9572799,0.94920945,0.97903925,0.9570444,0.9663869,0.95815206,0.96099764
apollo11movie,0.96028876,0.9540748,0.96342087,0.94776386,0.95747167,0.95397586,0.96582186,0.9498346,0.9772256,0.9471747,0.95490795,0.9399059,0.9495348,0.9656712,0.99999976,0.9498557,0.955279,0.9569249,0.95511836,0.96756583,0.94803613,0.9569827,0.95609605,0.9534467,0.94246703,0.9199352,0.94486547,0.9535244,0.95877314,0.95316076,0.9414862,0.95341945,0.94197756,0.9533006,0.9465668,0.9225657,0.95455134,0.95594996,0.95683223,0.9520132,0.949013,0.95185655,0.9449358,0.95298326,0.95016384,0.9488938,0.95743126,0.953978,0.9636329,0.9584814,0.95636415,0.958207,0.95494556,0.95083976,0.9449589,0.9515079,0.93436545,0.9514106,0.950665,0.95908165,0.9522258,0.9570207,0.95314807,0.95197785,0.9509395,0.9578846,0.946606,0.9533375,0.9526796,0.9608967,0.95906067,0.83646375,0.946845,0.95235825,0.9535187,0.9499439,0.92941856,0.95060295,0.9547659,0.9492115,0.9521815,0.95649385,0.9506045,0.9469047,0.95835674,0.9499907,0.9541937,0.95745975,0.95420074,0.9594606,0.9564739,0.95906067,0.95857203,0.95537853,0.95656306,0.9734881,0.9543973,0.9522891,0.9568562,0.9556207,0.94179803,0.9428047,0.953781,0.95358974,0.9508034,0.95416456,0.95906574,0.94669,0.9471834,0.9508341,0.9509514,0.9168737,0.9473335,0.93843955,0.9557508,0.95913804,0.9676428,0.95098156,0.95743424,0.9582934,0.94708925,0.95915246,0.9590799,0.94769424,0.957668,0.948229,0.9652864,0.9581177,0.9550801,0.9342035,0.9471635,0.9482407,0.9545563,0.9346132,0.95230544,0.9547532,0.95643765,0.9509978,0.95917875,0.9416394,0.9772256,0.9558801,0.93491733,0.9399104,0.95344174,0.94506633,0.9428901,0.9546297,0.9491016,0.95256746,0.96376044,0.9512985,0.9548159,0.9335045,0.94478923,0.94889075,0.9584746,0.9543359,0.95016843,0.9546999,0.9772256,0.95124495,0.9644878,0.95928043,0.9534753
arcticdogsmovie,0.94561154,0.9569433,0.9519649,0.94439924,0.9493342,0.94477844,0.9561296,0.94678843,0.9691537,0.9474715,0.94990855,0.933335,0.95201,0.9472718,0.9498557,1.0000001,0.95363283,0.9556576,0.9480321,0.9344997,0.9573099,0.94378805,0.9579418,0.94813937,0.93424815,0.90745014,0.942595,0.95396,0.94798875,0.9470072,0.9497161,0.9503591,0.9442603,0.94187415,0.9366951,0.9076538,0.9532594,0.9470452,0.94854087,0.9504803,0.9572758,0.94968873,0.9380964,0.94713306,0.9497843,0.9401586,0.9479196,0.9500103,0.9518079,0.9480734,0.94753164,0.9533952,0.95055854,0.94940895,0.94620156,0.9478862,0.94086754,0.9541002,0.93616223,0.94421345,0.94991785,0.9484364,0.9527341,0.94619733,0.94288075,0.950785,0.9473098,0.93582284,0.94847566,0.9494481,0.9516226,0.8487401,0.93938446,0.95339096,0.95033234,0.9443919,0.92183113,0.9496848,0.9440089,0.9488235,0.94594187,0.94136477,0.9495538,0.9460339,0.9547074,0.9448556,0.95919454,0.9529286,0.9489599,0.9472381,0.9488624,0.9516226,0.94172406,0.94633734,0.95427305,0.93997157,0.947588,0.9466802,0.9450452,0.94708604,0.9369616,0.9347086,0.9429225,0.95125294,0.93859786,0.94605553,0.9554808,0.95963037,0.9562226,0.93987983,0.95141774,0.90098774,0.9480973,0.9269978,0.9537684,0.9470268,0.953826,0.9457525,0.95309526,0.9489483,0.9388299,0.9548795,0.94501954,0.95218474,0.95588726,0.9439163,0.9464441,0.94940513,0.9512132,0.938445,0.944885,0.94336283,0.9519548,0.940807,0.94589055,0.9489209,0.9444254,0.94800466,0.95142156,0.9349053,0.9691537,0.9436139,0.934944,0.9509968,0.9438003,0.9474654,0.932377,0.94251215,0.9496168,0.9430929,0.94833,0.9454457,0.95423084,0.93451715,0.9440302,0.94533,0.9540801,0.9485026,0.950177,0.949283,0.9691537,0.9409434,0.9559574,0.95058286,0.9477728
arcticmovie,0.9612757,0.95563793,0.9536935,0.956537,0.961013,0.9612289,0.9629466,0.9440449,0.9768377,0.9469474,0.96041524,0.9371577,0.94758236,0.9597732,0.955279,0.95363283,1.0000001,0.9552759,0.95674014,0.95296395,0.95404065,0.9596909,0.9564081,0.9535697,0.9377772,0.91342765,0.95205927,0.96668005,0.96051127,0.9448233,0.951054,0.9465913,0.93948376,0.9560746,0.94008416,0.925223,0.953501,0.9496405,0.9578202,0.950648,0.9532614,0.95328814,0.9452621,0.9510562,0.9595456,0.9530432,0.9531028,0.9515733,0.95333457,0.9523014,0.9584154,0.9530659,0.95261335,0.9512926,0.94687235,0.9595877,0.9431484,0.9609152,0.95031935,0.9572585,0.9527873,0.9562726,0.96146923,0.9566234,0.94947004,0.95493203,0.9551996,0.94583577,0.95603436,0.9531729,0.96011615,0.8546529,0.94697946,0.9529164,0.9535924,0.9483015,0.93507767,0.9564901,0.95069116,0.9513228,0.95110303,0.952085,0.9600875,0.953289,0.9641355,0.94712406,0.9560729,0.95421153,0.9508412,0.9568527,0.9549405,0.96011615,0.9534917,0.95913875,0.9573324,0.95672077,0.95299834,0.95284194,0.9523905,0.9478015,0.94691557,0.9460334,0.9544806,0.95657915,0.95662755,0.9543502,0.96659887,0.9587602,0.9419758,0.94950706,0.9540663,0.91405165,0.956154,0.9356286,0.9528388,0.96400076,0.9652873,0.94971776,0.9545625,0.9571359,0.953243,0.95468974,0.9525739,0.96207637,0.96023977,0.95391953,0.95653963,0.9530497,0.9634617,0.94225293,0.9494913,0.95226884,0.9749167,0.94917434,0.9540362,0.9443348,0.95052856,0.952562,0.9570652,0.954036,0.9768377,0.95891947,0.94671655,0.9520425,0.9598181,0.94632983,0.953603,0.94298637,0.95326144,0.9498487,0.9568327,0.9445499,0.951844,0.9429502,0.95675856,0.95380753,0.954121,0.9485269,0.9561165,0.9546395,0.9768377,0.9512217,0.9583835,0.95682585,0.957625
artofracingmovie,0.950367,0.9437041,0.95242876,0.95197827,0.9738228,0.95032173,0.95959544,0.94053674,0.97240466,0.9571981,0.9464703,0.9301363,0.9443311,0.951713,0.9569249,0.9556576,0.9552759,1.0,0.95524055,0.9484138,0.9484094,0.9517392,0.9490003,0.95308256,0.93273133,0.9108088,0.9566802,0.94938797,0.95372283,0.9482022,0.9450373,0.955318,0.9381764,0.9402602,0.94215703,0.92102104,0.947906,0.9381528,0.94727767,0.9565351,0.94982415,0.9399139,0.9432863,0.9465297,0.95636487,0.94630253,0.94821846,0.9475724,0.9512612,0.9467344,0.9542012,0.9525389,0.939423,0.9495696,0.9396185,0.96965367,0.9391747,0.94842565,0.945868,0.9477237,0.9457934,0.9565247,0.9490172,0.9537151,0.9458814,0.9446821,0.9467778,0.9373082,0.9494209,0.9497246,0.9553168,0.83159304,0.94758356,0.9515249,0.94707483,0.9478756,0.92732626,0.94730866,0.95053405,0.9511366,0.9483941,0.9526643,0.95461285,0.95264804,0.96110606,0.9407234,0.9583582,0.9458945,0.95600116,0.95306706,0.9484719,0.9553168,0.9437415,0.951612,0.95265514,0.94703025,0.943722,0.95135087,0.9566032,0.9416686,0.9415015,0.9451766,0.94722944,0.9545105,0.9448802,0.9525329,0.95533556,0.95845944,0.94308317,0.9473151,0.94888574,0.9026866,0.95241445,0.927406,0.95035374,0.95129067,0.9565553,0.9425909,0.95851666,0.95760953,0.94978005,0.9471583,0.9522053,0.94001627,0.95743304,0.95159465,0.9525609,0.95398974,0.9565466,0.9493939,0.9544635,0.957354,0.9525854,0.9374421,0.9490602,0.94610476,0.9446375,0.9560829,0.9516951,0.95823336,0.97240466,0.9477115,0.93744665,0.9453538,0.9536703,0.94678605,0.9368655,0.9511755,0.9595716,0.9418477,0.95175433,0.94622636,0.9559982,0.9323831,0.9469097,0.9489221,0.94748414,0.95587415,0.9475665,0.94700307,0.97240466,0.9450869,0.95594656,0.9495014,0.9561155
avengers,0.973973,0.9484059,0.9644117,0.9617883,0.9548645,0.95653814,0.96367127,0.94120157,0.9768593,0.9434248,0.9544844,0.9456509,0.94946563,0.9567405,0.95511836,0.9480321,0.95674014,0.95524055,0.99999994,0.9501493,0.94979256,0.9477153,0.9499439,0.9476948,0.9269514,0.91060066,0.9497969,0.9531473,0.95677316,0.9443371,0.96054745,0.9523373,0.9361859,0.953188,0.9485276,0.93337184,0.95428616,0.95073926,0.95164245,0.9618211,0.94937825,0.9532296,0.9449477,0.9540141,0.953146,0.9594843,0.9431958,0.94699156,0.95332927,0.9558536,0.96070075,0.96704066,0.93460894,0.9482124,0.9371535,0.95760655,0.9418605,0.96349674,0.9430127,0.9506381,0.9442351,0.9507241,0.94751143,0.95496255,0.9554253,0.955787,0.95610446,0.9547925,0.95022863,0.95211506,0.9586765,0.83559376,0.94262743,0.96025187,0.9539383,0.9460365,0.9338346,0.95294684,0.946718,0.94742686,0.9544191,0.9553803,0.9598727,0.9532767,0.95879436,0.9503118,0.9639091,0.9511238,0.9584527,0.9566288,0.9440502,0.9586765,0.9481533,0.9588994,0.95886534,0.95714206,0.9479969,0.94891447,0.9572359,0.9426441,0.95788085,0.9504765,0.9485321,0.95508695,0.94905317,0.95728064,0.95699984,0.95737773,0.9435077,0.95037085,0.961371,0.9114591,0.95463383,0.9381932,0.9602388,0.9606546,0.968395,0.94625294,0.96270907,0.96050483,0.9515605,0.95338213,0.95275074,0.9488342,0.9612195,0.94485736,0.95658565,0.9668351,0.9581318,0.9403297,0.947234,0.9455425,0.95349646,0.9312902,0.95516527,0.9439456,0.95456874,0.96034706,0.9576251,0.95676124,0.9768593,0.9510564,0.9455905,0.94228965,0.9549361,0.953596,0.9515786,0.9581357,0.9600725,0.9561981,0.9577182,0.9503045,0.95940334,0.9358459,0.9555366,0.9538124,0.9519857,0.95184743,0.9561439,0.9579728,0.9768593,0.94728106,0.9638774,0.9539739,0.96256644
beachbummovie,0.95217663,0.9380412,0.9486223,0.94528097,0.9461532,0.9458207,0.9497964,0.9354634,0.96690536,0.94321895,0.9434204,0.9350133,0.93958956,0.95600295,0.96756583,0.9344997,0.95296395,0.9484138,0.9501493,0.99999976,0.9398428,0.95277023,0.9448279,0.94153565,0.9241664,0.909325,0.9493818,0.9448139,0.9436062,0.9389883,0.9392621,0.93820065,0.92738014,0.9411138,0.9327788,0.91531706,0.93762684,0.9487675,0.94461906,0.9392568,0.94715434,0.94110245,0.9335752,0.94133496,0.94325507,0.94571805,0.94372076,0.946934,0.94390553,0.946721,0.94588286,0.9438762,0.93093705,0.9441021,0.924523,0.94153005,0.93056506,0.9412289,0.9315088,0.94132936,0.94529575,0.9452129,0.95239764,0.9478934,0.946102,0.9468988,0.9428848,0.9440077,0.9475131,0.96017236,0.9501181,0.8340653,0.92962205,0.9377818,0.94666535,0.92836374,0.9195826,0.9361065,0.93983746,0.9390288,0.94551206,0.948515,0.9417629,0.9316796,0.9498673,0.9416731,0.9497077,0.94286156,0.94646555,0.952506,0.9442105,0.9501181,0.943316,0.9492917,0.94759107,0.94820136,0.94498533,0.96373945,0.9481647,0.94277513,0.9337613,0.9464473,0.9435942,0.9436223,0.935062,0.9425801,0.9492827,0.93747437,0.9353139,0.939632,0.94560784,0.9062458,0.9403047,0.9359848,0.94370055,0.95132816,0.9587791,0.9350944,0.9468032,0.94183314,0.943482,0.9485306,0.941663,0.93475825,0.9499232,0.9417727,0.9535833,0.9439734,0.94955707,0.930657,0.9378861,0.9422835,0.9448222,0.9241486,0.9394583,0.93708426,0.9499604,0.9396717,0.94845754,0.93731797,0.96690536,0.94240385,0.92960113,0.9346074,0.9471486,0.93867844,0.9422162,0.9439507,0.93899554,0.9438491,0.9457335,0.94126606,0.9488194,0.9269096,0.93817216,0.9451808,0.94698006,0.944972,0.9511913,0.9306823,0.96690536,0.93789595,0.9575816,0.9437706,0.9391239
bernadettefilm,0.9514577,0.9426552,0.9537881,0.94928813,0.9503489,0.94440985,0.9587954,0.9524215,0.97220474,0.9355737,0.95342946,0.9472106,0.94913125,0.94972867,0.94803613,0.9573099,0.95404065,0.9484094,0.94979256,0.9398428,0.99999917,0.9500058,0.9499599,0.9405561,0.9374018,0.9140276,0.94657016,0.9507717,0.95453167,0.949877,0.9391581,0.9485175,0.94072616,0.94990623,0.9477607,0.92555493,0.94490397,0.9506351,0.95201933,0.9525961,0.95631987,0.9442182,0.9380396,0.9493477,0.9504665,0.9494087,0.94060445,0.94971234,0.9492978,0.94760716,0.95821035,0.9561503,0.93935245,0.9392949,0.9410864,0.9446013,0.94779503,0.9520887,0.9402631,0.9546721,0.9480732,0.9512848,0.945959,0.9505309,0.9527589,0.94845384,0.95026416,0.95217216,0.95338017,0.9525227,0.9601638,0.8463795,0.94490856,0.95356035,0.950462,0.9451986,0.9280758,0.94359654,0.94436055,0.9471289,0.9492085,0.9475216,0.95181733,0.947678,0.9622527,0.9541434,0.95715255,0.9513647,0.95547277,0.9536271,0.94839007,0.9601638,0.9382227,0.9534114,0.9568837,0.9390364,0.94986176,0.9498778,0.9517699,0.94771695,0.9417723,0.94964373,0.9475892,0.9528391,0.939485,0.9518731,0.9586053,0.96214193,0.95511615,0.94044596,0.947531,0.90279275,0.9476004,0.9393359,0.95794415,0.9451996,0.9552146,0.9452731,0.9554821,0.95127106,0.9528374,0.9498205,0.94819546,0.9467159,0.9501315,0.9459007,0.9514675,0.9508022,0.9454522,0.9279847,0.96920586,0.94211584,0.95543635,0.9431961,0.9417515,0.9528961,0.9496915,0.951802,0.96074355,0.9466129,0.97220474,0.946152,0.94473076,0.9423227,0.9505473,0.952107,0.9426652,0.9549692,0.957444,0.9462119,0.95090264,0.93627644,0.96148944,0.92287815,0.9457436,0.9538665,0.9446529,0.94831175,0.9576325,0.9422127,0.97220474,0.94991136,0.9649691,0.94448316,0.9550008
