movie,21bridgesmovie,47metersdown,abeautifuldaymovie,abominablemovie,adastramovie,adogsjourneymovie,aftermathmovie,aftermovie,ahiddenlifefilm,alitamovie,angelhasfallen,angrybirdsmovie,annabellemovie,annamovie,apollo11movie,arcticdogsmovie,arcticmovie,artofracingmovie,avengers,beachbummovie,bernadettefilm,blackandbluemovie,blackchristmas,blindedbythelightmovie,bombshellmovie,booksmart,breakthroughmovie,brianbanksmovie,brightburnmovie,brittanyrunsmov,captainmarvelofficial,captivestatemovie,catsmovie,charliesangels,childsplaymovie,clarathefilm,coldpursuitmovie,countdown,currentwarmovie,darkwatersmovie,detectivepikachumovie,disneyaladdin,disneyfrozen,disneymaleficent,doctorsleepmovie,dolemiteismyname,dontletgomovie,doramovie,downtonabbey_official,dumbo,escaperoom,everybodyknowsmovie,fastandfuriousmovie,fightingwmyfam,fivefeetapartfilm,fordvferrari,freaksthefilm,geminimanmovie,glassmovie,gloriabellmovie,godzillamovie,goldfinchmovie,goodboysmovie,goodliarmovie,gretafilm,halathemovie,happydeathdaymovie,harrietfilm,hellboymovie,hersmellmovie,highlifemovie,highstrungmovie,honeyboymovie,hotelmumbaifilm,httydragon,hustlemovie,hustlersmovie,isntitromantic,itmovieofficial,jayandsilentbob,johnwickmovie,jojorabbitmovie,jokermovie,judythefilm,jumanjimovie,justmercyfilm,knivesout,lalloronamovie,lastblackmansf,lastchristmasthemovie,latenightmovie,lighthousemovie,lionking,littlethemovie,littlewomenmovie,littlewoodsfilm,longshotmovie,lordsofchaosmovie,lucyintheskyfilm,mamovie2019,marriagestory,meettheaddams,meninblack,midsommarmovie,midwaymovie,missbalamovie,missinglinkfilm,motherlessbklyn,onceinhollywood,onthebasisofsex,overcomermovie,peanutbutterfalcon,petsematarymovie,piercingmovie,playingwithfire,playmobilthemovie,pomsmovie,queenandslim,rambomovie,readyornotfilm,richardjewellfilm,rocketmanmovie,scarystoriesmovie,secretlifeofpets,serenityfilm,shaftmovie,shazammovie,spidermanmovie,spiesindisguise,starwars,stormboymovie,stubermovie,taosdfilm,teenspiritmov,terminator,theaeronautsmov,thebestofenemies,thedeaddontdie,thefarewell,thehighwaymen,thehummingbirdprojectfilm,theintrudermovie,theirishmanfilm,thekitchenmovie,thelegomovie,themustangfilm,thenightingalefilm,theprodigymovie,thesunisalsoastar,theupsidefilm,tolkienmovie,toystory,triplefrontier,uglydolls,uncutgems,underthesilverlake,usmovie,wavesmovie,whatmenwant,wonderparkmovie,wrinklestheclown,xmenmovies,yardiefilm,yesterdaymovie,zombieland
21bridgesmovie,0.9999998,0.98459774,0.9770605,0.9758204,0.9744286,0.971867,0.977137,0.97282964,0.9903422,0.9769621,0.98271245,0.9796776,0.9886792,0.970762,0.97982997,0.9775648,0.9693413,0.9752884,0.9873212,0.9744187,0.9598345,0.98554486,0.980382,0.98549706,0.97799367,0.85523456,0.98039997,0.9787393,0.9799235,0.9770939,0.98306847,0.97340053,0.9500852,0.9711575,0.9553034,0.9472963,0.9672625,0.9834409,0.9797208,0.9687062,0.96937066,0.98421067,0.96805745,0.98736006,0.9850138,0.9816271,0.98031723,0.98554605,0.97021884,0.9900045,0.9771955,0.97897434,0.98480976,0.98219067,0.96461236,0.9808258,0.98673046,0.985149,0.98527277,0.9824112,0.97924095,0.9776895,0.97303504,0.9785798,0.9720634,0.9759686,0.97346765,0.9731037,0.97927755,0.96178097,0.9858491,0.73066795,0.9651554,0.98047596,0.98202044,0.96719784,0.95081663,0.9712643,0.97291684,0.9726176,0.9804576,0.97628474,0.983727,0.9786919,0.97508913,0.97140634,0.97540694,0.9902189,0.9807843,0.9813384,0.97407305,0.9858491,0.9749013,0.96620375,0.9753593,0.9674861,0.97490627,0.9766059,0.97651947,0.96939814,0.9743372,0.97826815,0.9485155,0.9823245,0.98026776,0.9770987,0.981091,0.968835,0.96052545,0.9688671,0.9886735,0.90075696,0.9819918,0.9357553,0.97143346,0.9832045,0.9925266,0.97689015,0.98401016,0.97574013,0.9800688,0.98217684,0.97523814,0.97485113,0.9799189,0.98384184,0.9800039,0.96199316,0.97920275,0.9583283,0.9689833,0.9710326,0.97335196,0.96449053,0.9824225,0.97569126,0.9818776,0.9589073,0.9813646,0.97953266,0.9903422,0.98195267,0.9767127,0.9779542,0.97260505,0.9732462,0.95883214,0.96981,0.97574896,0.98264337,0.9727755,0.98520696,0.9686111,0.9680935,0.974144,0.9853435,0.9790886,0.98504865,0.9724811,0.9653235,0.9903422,0.98643255,0.97789454,0.977244,0.98632145
47metersdown,0.98459774,1.0,0.97914106,0.96972764,0.96756035,0.97028446,0.97775835,0.97613245,0.98988885,0.9773083,0.9770757,0.98419553,0.98570645,0.97298026,0.9799289,0.9859665,0.97023004,0.9715644,0.97099054,0.97541517,0.9677627,0.984541,0.9801042,0.9846585,0.9753537,0.8563309,0.96812636,0.97864217,0.98098075,0.9823128,0.9737013,0.98742515,0.9589754,0.9776679,0.95706266,0.95286894,0.97140497,0.98442656,0.9792935,0.97701865,0.9701241,0.974684,0.9620588,0.9747985,0.98377293,0.97391593,0.98098415,0.98137873,0.9753261,0.97908264,0.98002803,0.9806356,0.9805843,0.9763742,0.97139055,0.9693406,0.97922313,0.9823691,0.97885555,0.98847485,0.9726214,0.9664591,0.9692136,0.98064595,0.9705639,0.98167086,0.98411477,0.9740314,0.97849375,0.97657335,0.9880152,0.74298865,0.9698356,0.98359835,0.97476935,0.97854036,0.9499255,0.9723438,0.97614044,0.9739697,0.9819778,0.97687227,0.97814745,0.9816468,0.9781565,0.96876657,0.9767305,0.98380834,0.98159987,0.9900012,0.9745882,0.9880152,0.9712132,0.98114854,0.9796215,0.96982163,0.9619482,0.9830539,0.9742436,0.97589785,0.9756016,0.972933,0.9602511,0.98282343,0.97851163,0.97947985,0.9775497,0.97258335,0.9659144,0.96723884,0.9783905,0.8977944,0.9799886,0.9388317,0.97073996,0.9808094,0.985469,0.9715315,0.978642,0.9764979,0.979079,0.97736937,0.9782001,0.959959,0.98111993,0.9779222,0.9813274,0.9664933,0.97232884,0.95287377,0.9733403,0.9682847,0.97316027,0.95782137,0.9816742,0.9760952,0.9812776,0.9615762,0.9853716,0.9846333,0.98988885,0.98185253,0.97828853,0.9740953,0.9719673,0.9777815,0.96845,0.96477526,0.9708917,0.97765666,0.96790564,0.9765843,0.9809602,0.9615703,0.9808291,0.98032933,0.97480476,0.9873841,0.97881854,0.9749556,0.98988885,0.9765559,0.97712874,0.98372644,0.9863988
abeautifuldaymovie,0.9770605,0.97914106,1.0000001,0.96564114,0.9751618,0.96748334,0.9820309,0.97232366,0.98759806,0.9755478,0.98131555,0.97445714,0.97601765,0.9754829,0.984094,0.9789529,0.97356224,0.97747606,0.9710141,0.9816159,0.972251,0.9789947,0.96929127,0.9797099,0.97868323,0.82587147,0.96993667,0.9795383,0.98953784,0.97843874,0.97628367,0.97790796,0.9632014,0.98023844,0.9542378,0.9430364,0.9823221,0.979767,0.9783082,0.9721729,0.96193796,0.96678597,0.9446367,0.97109437,0.98556095,0.9725083,0.9705824,0.9853715,0.9782232,0.97338784,0.9885098,0.97694963,0.97376204,0.9764621,0.9681184,0.97686756,0.9792564,0.97742707,0.9788308,0.9730291,0.97248024,0.9784316,0.9778447,0.9812768,0.98091173,0.97720605,0.98320025,0.9872362,0.98033875,0.97495645,0.9753941,0.72646487,0.97040176,0.97752446,0.9693033,0.9668825,0.93452954,0.9778968,0.97968954,0.9686208,0.98338735,0.97961324,0.98272765,0.9783425,0.9773909,0.9832588,0.97025394,0.9780212,0.97207534,0.98152727,0.97467303,0.9753941,0.9614067,0.96762323,0.98689777,0.9833589,0.9756224,0.97228533,0.9757494,0.9688335,0.9840946,0.9730434,0.976609,0.96838415,0.98251694,0.9833274,0.9796749,0.97937775,0.97274274,0.9621783,0.97059613,0.8910579,0.98204315,0.93665296,0.97829515,0.98654145,0.98307633,0.96749246,0.97738785,0.983361,0.9791547,0.9730949,0.97825074,0.96256715,0.9824404,0.9736209,0.97424275,0.96097755,0.96308166,0.9320887,0.9775034,0.96527094,0.97298473,0.9599802,0.98390126,0.975246,0.9706026,0.9610803,0.96698064,0.9772058,0.98759806,0.9834626,0.9797359,0.97763234,0.96801686,0.97707015,0.96863943,0.9585428,0.97059816,0.9817172,0.9740149,0.97962314,0.9764758,0.9606144,0.96502507,0.9788617,0.9726759,0.9709105,0.9798336,0.9767809,0.98759806,0.98291713,0.97556305,0.98123264,0.98439765
abominablemovie,0.9758204,0.96972764,0.96564114,1.0,0.9578424,0.96305007,0.9719338,0.97805476,0.98389506,0.9587838,0.97710574,0.9601231,0.97407883,0.9808006,0.97620934,0.97298694,0.9734837,0.96333516,0.9783881,0.9787415,0.95587456,0.98188645,0.97318065,0.9672675,0.97109663,0.85429734,0.9734745,0.9805743,0.9702688,0.9636309,0.97745806,0.96601516,0.94545627,0.9625175,0.9554614,0.9367247,0.970508,0.9637261,0.97618914,0.9608436,0.96100605,0.9800448,0.9778247,0.98517054,0.9783668,0.9791492,0.9776148,0.97395813,0.9590695,0.98573685,0.9670615,0.97472435,0.980876,0.97781485,0.95257235,0.96675587,0.9719014,0.9763826,0.9826196,0.97314346,0.96138394,0.9778429,0.9655037,0.9819543,0.96097434,0.97358966,0.96263915,0.9629751,0.9676636,0.9545858,0.97774523,0.76439077,0.9619348,0.9837859,0.9711002,0.9433646,0.9350574,0.95502377,0.96108675,0.9772216,0.971173,0.96926546,0.96631354,0.9633388,0.9734773,0.96624595,0.9699782,0.97766244,0.9687159,0.97118837,0.9612451,0.97774523,0.9770914,0.9656655,0.9749129,0.9671537,0.9766988,0.97552556,0.96565944,0.9679651,0.9716341,0.97421515,0.94588315,0.9750984,0.97289073,0.970481,0.9670687,0.9648856,0.9512364,0.97233737,0.98384935,0.89526945,0.97166646,0.93863595,0.97491235,0.9663603,0.9737374,0.9680732,0.9676195,0.9720991,0.9656087,0.97316074,0.97571516,0.95953554,0.9723627,0.97086924,0.96729887,0.9517414,0.9641406,0.9649241,0.96356493,0.959134,0.96277314,0.95390373,0.9723087,0.96937495,0.9751659,0.9532969,0.9718064,0.96974003,0.98389506,0.97288823,0.9687823,0.962419,0.9514601,0.9682821,0.95887816,0.9655889,0.9716394,0.9688048,0.9668218,0.9769342,0.9718985,0.9389507,0.9701561,0.97993594,0.9710484,0.9617562,0.972446,0.95142,0.98389506,0.9665354,0.9650492,0.97308433,0.97139233
adastramovie,0.9744286,0.96756035,0.9751618,0.9578424,1.0000001,0.96878994,0.9794463,0.97478557,0.98345184,0.9789338,0.9698547,0.95600694,0.9698479,0.97651285,0.9733267,0.97300225,0.9769892,0.98576,0.96883845,0.9683559,0.9665622,0.9735411,0.98031807,0.9792509,0.97331136,0.8589477,0.98249805,0.9751261,0.9697285,0.9751667,0.9823153,0.96599734,0.9729553,0.964324,0.9562261,0.96055573,0.96447915,0.96422803,0.9667382,0.97496367,0.96422744,0.97974026,0.95274675,0.97806126,0.98062134,0.96424484,0.97812396,0.97113204,0.95590997,0.97771096,0.9668956,0.97650635,0.9728209,0.9639986,0.94963634,0.98521596,0.980752,0.9768574,0.97761744,0.9770396,0.9731601,0.9775797,0.975349,0.97390836,0.9728824,0.96134514,0.9692758,0.9774098,0.9683776,0.95723075,0.97740304,0.734554,0.95795935,0.9799524,0.97364634,0.9598173,0.92608243,0.9721098,0.9719726,0.973293,0.9727328,0.9689968,0.97358125,0.97857434,0.96263665,0.9681235,0.9608736,0.97403955,0.9657288,0.97584975,0.9787469,0.97740304,0.9611667,0.9523595,0.96363235,0.9633025,0.96437067,0.9723875,0.9735253,0.96931595,0.960104,0.9710324,0.9583636,0.96864545,0.97881126,0.96313304,0.9733786,0.96186286,0.95705515,0.9682688,0.97646743,0.8852865,0.97497565,0.92747754,0.96492046,0.96943283,0.9737118,0.9607072,0.98120475,0.97823024,0.9693467,0.96812534,0.96615463,0.9592167,0.97971606,0.9803049,0.98065126,0.9475561,0.9756361,0.9409236,0.9742031,0.9779281,0.98237383,0.968746,0.9789568,0.9686661,0.9614229,0.9693695,0.97115034,0.9703911,0.98345184,0.9614314,0.9605651,0.9697729,0.96310353,0.9700498,0.9678895,0.9598742,0.95675516,0.9776626,0.9686787,0.9838867,0.9691184,0.96105754,0.9656231,0.9801859,0.9778017,0.96410316,0.973037,0.967434,0.98345184,0.97986907,0.9816552,0.97915095,0.97268605
adogsjourneymovie,0.971867,0.97028446,0.96748334,0.96305007,0.96878994,1.0000001,0.96465915,0.96167934,0.98256516,0.95405304,0.9801472,0.9590644,0.976961,0.9667954,0.97240746,0.9831807,0.96756613,0.9780952,0.96630275,0.9722077,0.9675585,0.9657916,0.984632,0.96587807,0.9722171,0.84332514,0.9655795,0.96609235,0.9635178,0.9635317,0.9709781,0.9685596,0.9514173,0.9717941,0.9606626,0.96179485,0.959112,0.96120167,0.97061366,0.9778283,0.9440886,0.9661068,0.95757735,0.9704138,0.9784067,0.96356803,0.9832615,0.9750165,0.96237963,0.96871924,0.96954316,0.9707288,0.9721682,0.97309893,0.9417468,0.9576802,0.9671739,0.9721038,0.978885,0.97855973,0.9658671,0.95846677,0.9785407,0.9756639,0.96865875,0.9651557,0.96613973,0.95589256,0.9642769,0.9604478,0.97307754,0.7319624,0.9537284,0.97376233,0.9784119,0.94619703,0.9420423,0.9597634,0.9639921,0.9788561,0.9706511,0.96904594,0.97196907,0.97337574,0.9721755,0.97139126,0.96034455,0.9764764,0.95509213,0.9734199,0.95622957,0.97307754,0.9649096,0.97271705,0.96924704,0.9654944,0.9738405,0.9641036,0.9597252,0.9770411,0.95608884,0.96842563,0.95656544,0.9739692,0.9638187,0.96993935,0.9721967,0.9704054,0.9603295,0.9640411,0.97019386,0.89983034,0.966365,0.9451526,0.9614437,0.96228147,0.97166693,0.9631374,0.96731704,0.95807016,0.9669472,0.97126335,0.9572819,0.9781723,0.9684216,0.97258925,0.98340064,0.964026,0.96692973,0.9488963,0.97154284,0.9583981,0.9559498,0.95560765,0.96668446,0.96699464,0.9583347,0.96665996,0.9664353,0.9695116,0.98256516,0.95771945,0.9610633,0.97204584,0.9629667,0.96911883,0.96731555,0.97047055,0.97503465,0.9726037,0.9574191,0.9647654,0.96723133,0.92892283,0.97575265,0.97814107,0.97514874,0.95616055,0.9727222,0.9450311,0.98256516,0.96409553,0.96556216,0.9808341,0.9686195
aftermathmovie,0.977137,0.97775835,0.9820309,0.9719338,0.9794463,0.96465915,0.99999994,0.98143,0.99094325,0.9742773,0.9763968,0.9724566,0.9833007,0.9828076,0.9763151,0.98048156,0.9847154,0.97875386,0.96715814,0.9796702,0.97756714,0.9904536,0.9730445,0.98137313,0.9874503,0.87859994,0.97294796,0.9823044,0.9903315,0.976563,0.97737885,0.9812194,0.9733939,0.9786328,0.95145726,0.9407599,0.9830503,0.9842744,0.9821994,0.97322524,0.9785203,0.97550976,0.95920575,0.9784598,0.9875437,0.9808876,0.9719642,0.9765293,0.97474957,0.9807639,0.98315144,0.9834707,0.9801727,0.98000133,0.969123,0.9825543,0.9823245,0.9772398,0.9820141,0.9771358,0.97738683,0.98519486,0.97913903,0.9865997,0.97999567,0.9707608,0.9794617,0.9810822,0.98613137,0.97205186,0.9793572,0.74839556,0.9725793,0.9826377,0.96665454,0.964241,0.92822087,0.9829629,0.9851438,0.9743088,0.98958033,0.99084973,0.98590946,0.978577,0.97232336,0.9862961,0.9692368,0.9825735,0.9737334,0.9812323,0.9791455,0.9793572,0.9789844,0.9690879,0.9862947,0.97240424,0.9774478,0.9835054,0.9902459,0.9682416,0.9812691,0.980373,0.973697,0.9787861,0.9802541,0.9809159,0.986449,0.97919565,0.97384137,0.9720489,0.9810761,0.9067203,0.97831714,0.9346754,0.9810935,0.98061293,0.9840243,0.9656505,0.9883335,0.99356866,0.98575157,0.9769936,0.9791597,0.9606829,0.97991365,0.9789453,0.97595745,0.9740215,0.974324,0.9513578,0.980958,0.98322725,0.98592377,0.96030986,0.9832275,0.97067505,0.9775469,0.9680899,0.9744071,0.9825794,0.99094325,0.9870353,0.981999,0.98161364,0.97595525,0.980233,0.9713849,0.9562911,0.97402316,0.98299813,0.98869085,0.98024905,0.9790954,0.9598325,0.97169894,0.9827089,0.9739175,0.96990484,0.9787055,0.97541136,0.99094325,0.9832017,0.98556465,0.9848414,0.98682857
aftermovie,0.97282964,0.97613245,0.97232366,0.97805476,0.97478557,0.96167934,0.98143,1.0000001,0.98665935,0.96650267,0.9663796,0.96455723,0.97194386,0.9838683,0.97173727,0.9737817,0.98122525,0.9778635,0.97360915,0.9769553,0.9688508,0.9830829,0.97555184,0.9794902,0.9743325,0.8705059,0.9762788,0.9785237,0.97532904,0.98094237,0.9828977,0.97289884,0.96352327,0.9633505,0.96430004,0.95364255,0.9770591,0.9667371,0.97617483,0.974493,0.9751579,0.97829205,0.96877277,0.9777719,0.9814734,0.97301483,0.97833914,0.97233224,0.9694468,0.9829452,0.9666424,0.98084545,0.9787805,0.97090477,0.96527064,0.9822808,0.9776409,0.9793414,0.97966486,0.9757861,0.9731471,0.98449665,0.97494614,0.97856295,0.9632757,0.97047406,0.97133017,0.9747949,0.9710356,0.9667486,0.97876745,0.76076627,0.9663582,0.9866086,0.9705881,0.9558405,0.9248885,0.96792287,0.9663846,0.9729068,0.9770115,0.97720706,0.97348374,0.97822887,0.96019435,0.9676479,0.9646939,0.97231054,0.9667467,0.97776026,0.9736696,0.97876745,0.9770085,0.9657465,0.9754625,0.96448195,0.9719965,0.98394114,0.9795114,0.9727549,0.9689743,0.9782818,0.96718234,0.9772829,0.97662777,0.9645657,0.9681812,0.9632271,0.95310354,0.97321725,0.9836191,0.9020416,0.97492135,0.9493382,0.9788868,0.9705498,0.97140706,0.9664426,0.98229724,0.98182267,0.969878,0.97862095,0.9795038,0.94582945,0.9828631,0.9783439,0.971016,0.94995624,0.9674701,0.9647456,0.9681432,0.97564334,0.98191094,0.95218945,0.9785289,0.9764717,0.96873707,0.96343005,0.9785248,0.9740379,0.98665935,0.9709552,0.9599668,0.96489275,0.9609729,0.9835285,0.97159237,0.9630348,0.96530014,0.97205436,0.97548944,0.983704,0.97404784,0.95412225,0.96983397,0.98012227,0.97100043,0.9635354,0.98108625,0.96834016,0.98665935,0.9715397,0.9765168,0.9800971,0.9733316
ahiddenlifefilm,0.9903422,0.98988885,0.98759806,0.98389506,0.98345184,0.98256516,0.99094325,0.98665935,0.99999994,0.9813321,0.98816067,0.9802197,0.991349,0.986917,0.989414,0.9907978,0.98598903,0.98623514,0.9838746,0.9880407,0.9811708,0.9928671,0.98816377,0.9892657,0.9879355,0.8693021,0.98444295,0.9900535,0.9898134,0.98551214,0.98979384,0.98636556,0.9712675,0.9834304,0.969129,0.95891935,0.9860752,0.9883692,0.98852724,0.9821944,0.97967714,0.9864487,0.971541,0.9891032,0.9946668,0.9871252,0.9896004,0.9889485,0.980818,0.99092376,0.9877133,0.98827994,0.9877418,0.9879282,0.97660655,0.9843895,0.98897433,0.9889637,0.99335337,0.9911801,0.98454314,0.98664474,0.98756,0.99390084,0.98321396,0.98344606,0.9832477,0.98253036,0.98947644,0.9771596,0.99070656,0.747934,0.9783529,0.99393845,0.98251694,0.97264063,0.9482666,0.983856,0.98657477,0.9855583,0.99214816,0.98747003,0.992671,0.9891601,0.98418915,0.9867588,0.9801001,0.99113995,0.98267525,0.9896524,0.9834619,0.99070656,0.98290265,0.97935,0.9898101,0.983461,0.9860198,0.98806375,0.9881607,0.98147887,0.9864473,0.98622173,0.9725719,0.9888316,0.98793924,0.9868144,0.98800427,0.98590404,0.9740103,0.98102355,0.98992264,0.9100489,0.98764664,0.95259815,0.9868724,0.9884327,0.99196523,0.9803953,0.9904311,0.98666704,0.9886858,0.98821974,0.98855203,0.9729953,0.98803633,0.98804915,0.98697585,0.9722225,0.979908,0.96244735,0.985368,0.97953546,0.98533475,0.97097296,0.9901538,0.98389775,0.98450196,0.9717531,0.9863381,0.9894286,0.99999994,0.9878082,0.98574245,0.9871071,0.9790109,0.98617107,0.9789273,0.9760259,0.98546576,0.9884906,0.9831152,0.9894732,0.986535,0.96287835,0.982461,0.991552,0.9872893,0.9806351,0.986504,0.9783261,0.99999994,0.98692715,0.9881648,0.9921044,0.99187505
alitamovie,0.9769621,0.9773083,0.9755478,0.9587838,0.9789338,0.95405304,0.9742773,0.96650267,0.9813321,1.0000001,0.9746601,0.9600721,0.9732461,0.9699199,0.9710176,0.9673067,0.96284634,0.97749454,0.971763,0.9602684,0.96066535,0.9757579,0.9658497,0.9772382,0.966711,0.8432985,0.96618,0.96860623,0.9729107,0.9689103,0.9706609,0.97787356,0.948313,0.9587347,0.95101964,0.94244176,0.9662309,0.9740261,0.96639824,0.9669697,0.9656363,0.9698599,0.9533988,0.97220665,0.9755956,0.9623932,0.9668459,0.9716406,0.96307546,0.97812396,0.9659885,0.9727872,0.9703434,0.9615176,0.9570145,0.97960234,0.9742443,0.9663567,0.9698281,0.9829006,0.9611787,0.9659335,0.96873397,0.9708799,0.9654183,0.96900904,0.96115345,0.9739159,0.9694347,0.96072036,0.98221815,0.7683245,0.96210074,0.9713389,0.96178436,0.9630255,0.9337842,0.97010654,0.96912944,0.9612266,0.97579724,0.9602184,0.9733247,0.9753654,0.96004206,0.95667744,0.9588812,0.9749208,0.97142607,0.9753293,0.9767299,0.98221815,0.95715517,0.95372653,0.96224385,0.9639192,0.9541348,0.9736211,0.96912277,0.96273077,0.9684751,0.9571065,0.9505491,0.96857655,0.9837285,0.9651719,0.9727947,0.96818334,0.95759547,0.96038675,0.9663713,0.88942254,0.9711366,0.92411405,0.96548676,0.9779523,0.9793221,0.9513776,0.980537,0.9749176,0.9680847,0.96694905,0.9720343,0.95891654,0.9735539,0.9679769,0.97453064,0.9431418,0.9622348,0.93736225,0.96368414,0.9665396,0.9681353,0.9552415,0.9814569,0.9648102,0.9700486,0.9499491,0.9743473,0.97338736,0.9813321,0.97194904,0.9658078,0.96870214,0.9650738,0.96983844,0.9489322,0.95564824,0.960134,0.976118,0.9620928,0.986054,0.9660303,0.96629804,0.9725844,0.9718132,0.9609965,0.97791207,0.96501064,0.970394,0.9813321,0.9833315,0.97173804,0.9708286,0.97108
angelhasfallen,0.98271245,0.9770757,0.98131555,0.97710574,0.9698547,0.9801472,0.9763968,0.9663796,0.98816067,0.9746601,1.0,0.9656645,0.9814297,0.97975,0.98097503,0.98143893,0.9713908,0.97439903,0.9780674,0.9771057,0.965326,0.97685856,0.9752283,0.97399503,0.9769622,0.8599726,0.96468556,0.97845125,0.9759902,0.96658826,0.9754464,0.97009987,0.9547276,0.96920246,0.952248,0.9442432,0.9727352,0.9756059,0.97900623,0.9667709,0.956322,0.9696406,0.9650451,0.9790905,0.98307425,0.97263044,0.9756293,0.98154724,0.9651493,0.9788431,0.97818863,0.97932976,0.98087454,0.97959304,0.95824575,0.9693173,0.9760176,0.97572047,0.9799432,0.97913605,0.9658842,0.9716766,0.9731324,0.9857224,0.980114,0.97723997,0.9749064,0.97565997,0.98553145,0.96195227,0.9796217,0.7477924,0.9718258,0.9793678,0.97706026,0.9579177,0.9377917,0.9716985,0.9705582,0.98165125,0.98608565,0.97153723,0.98019964,0.9779898,0.9752556,0.97763467,0.9697322,0.98402995,0.96606404,0.9816655,0.9741907,0.9796217,0.9721907,0.9717597,0.97696626,0.98010033,0.9830581,0.97577804,0.97165,0.966835,0.97487664,0.96284586,0.9627301,0.9766333,0.9765274,0.9797599,0.9831215,0.97658604,0.9755902,0.96587753,0.9782617,0.8966379,0.97372097,0.9364705,0.9738222,0.9816741,0.9851372,0.96349156,0.97732663,0.97545147,0.9829876,0.9747594,0.9746646,0.9818386,0.9756868,0.9747725,0.9782084,0.9635005,0.9677064,0.95070064,0.97106606,0.9658819,0.9657966,0.9607039,0.974154,0.97093296,0.9718962,0.96102285,0.9694418,0.9767084,0.98816067,0.97832805,0.9754368,0.97990113,0.9680193,0.97632307,0.9670075,0.9633119,0.9754402,0.9791644,0.9722971,0.97920597,0.9762523,0.9515824,0.9771369,0.9802857,0.97569704,0.9729916,0.97281,0.9646507,0.98816067,0.9812509,0.97192854,0.9782162,0.9787129
angrybirdsmovie,0.9796776,0.98419553,0.97445714,0.9601231,0.95600694,0.9590644,0.9724566,0.96455723,0.9802197,0.9600721,0.9656645,0.9999998,0.9841429,0.9616583,0.96689785,0.9706419,0.9563321,0.96048063,0.96207994,0.9597748,0.9501968,0.9760321,0.9657477,0.9756283,0.9709964,0.83516634,0.96173084,0.9699849,0.9819997,0.9802667,0.9606995,0.9731118,0.9483155,0.97935915,0.9423699,0.94521296,0.9667494,0.97947735,0.97553426,0.9565782,0.95460176,0.9663343,0.9524092,0.9700562,0.9803463,0.97268236,0.96718526,0.97943604,0.96015334,0.9751899,0.9813714,0.9633552,0.97133356,0.97133166,0.96559113,0.9702492,0.9765902,0.97350025,0.96986496,0.96884465,0.95941216,0.9593755,0.9620218,0.96818405,0.9585938,0.9706059,0.9809998,0.96152174,0.9779286,0.9661456,0.97230864,0.7389226,0.96735996,0.9741092,0.9661511,0.9640289,0.9473596,0.9718059,0.9709198,0.9586449,0.9735316,0.97379416,0.9709682,0.96448594,0.9805733,0.96452373,0.9782623,0.98118484,0.9711812,0.97562855,0.95781106,0.97230864,0.9671135,0.96673805,0.9785943,0.95861584,0.95826614,0.9611956,0.9643229,0.9681372,0.9769181,0.9670969,0.95968354,0.9696156,0.96839947,0.98006624,0.9705088,0.9576209,0.9570649,0.947785,0.9726328,0.8933544,0.9712647,0.9343581,0.95657474,0.9750343,0.97548985,0.96162486,0.96800613,0.9662929,0.9710946,0.9675131,0.96669966,0.9570784,0.96766555,0.9706424,0.96142495,0.96268225,0.96527135,0.94070476,0.9621645,0.96729285,0.9609942,0.942265,0.97340333,0.96743506,0.96788603,0.94774956,0.97955763,0.9746918,0.9802197,0.98588955,0.9786034,0.96606004,0.96413803,0.96895874,0.95611894,0.95495546,0.9633388,0.9663201,0.9611498,0.9673657,0.9646941,0.9468486,0.96493226,0.9715956,0.9598244,0.98497736,0.95836973,0.95704406,0.9802197,0.9715099,0.9728434,0.96760255,0.98686236
annabellemovie,0.9886792,0.98570645,0.97601765,0.97407883,0.9698479,0.976961,0.9833007,0.97194386,0.991349,0.9732461,0.9814297,0.9841429,1.0,0.97679985,0.9775764,0.9846603,0.9747051,0.97336775,0.9783527,0.9745511,0.96819806,0.9856906,0.9839675,0.9783539,0.98160446,0.86530334,0.9730188,0.97943133,0.9853051,0.9790904,0.97518134,0.98324275,0.9587383,0.9847437,0.9608613,0.9543494,0.9680815,0.98782706,0.983935,0.9712997,0.9650714,0.97537047,0.96129763,0.9846874,0.9899559,0.98480415,0.9835093,0.97805023,0.9688302,0.9838986,0.98484,0.97552973,0.9868452,0.9821405,0.9645583,0.974527,0.98401994,0.9797937,0.9835173,0.98456347,0.9701574,0.97189885,0.97885686,0.98063153,0.9734351,0.98213416,0.9785681,0.9704807,0.9828209,0.9725345,0.9830262,0.74562806,0.9720809,0.98226744,0.98156863,0.97176534,0.95243126,0.9780551,0.97672516,0.9709833,0.98481673,0.98324245,0.98211837,0.9818891,0.98444486,0.97612536,0.97267485,0.994598,0.9757182,0.9820065,0.9745564,0.9830262,0.9807355,0.9754933,0.982132,0.96567166,0.9721752,0.9780831,0.97527236,0.9779653,0.9799899,0.9780348,0.96215415,0.9824638,0.9794525,0.9867513,0.9831652,0.9722693,0.97356266,0.96372294,0.9835917,0.89936924,0.9744116,0.94176376,0.9723529,0.98106235,0.98589784,0.97459567,0.98400974,0.9779289,0.983337,0.97792894,0.97352105,0.9747938,0.97646415,0.9793354,0.98069,0.9754627,0.9746943,0.9525195,0.976077,0.9734867,0.9727425,0.9670831,0.9820895,0.9793566,0.97926426,0.9585904,0.98432106,0.9842162,0.991349,0.98702383,0.9840261,0.974208,0.97127044,0.9778895,0.9689033,0.9680952,0.9724919,0.9755398,0.9728292,0.97511137,0.97142714,0.9526593,0.973897,0.9812982,0.9779213,0.9815723,0.96861887,0.96473974,0.991349,0.9790808,0.9779991,0.9834917,0.9893575
annamovie,0.970762,0.97298026,0.9754829,0.9808006,0.97651285,0.9667954,0.9828076,0.9838683,0.986917,0.9699199,0.97975,0.9616583,0.97679985,0.9999997,0.9801809,0.9818121,0.98500496,0.97504526,0.9733786,0.97930026,0.97244215,0.97756195,0.9757512,0.97733504,0.9736587,0.8800355,0.9761588,0.9840862,0.9762802,0.9733673,0.9795816,0.9732123,0.96115685,0.97089267,0.96614265,0.9596139,0.9750014,0.97005945,0.9795131,0.9739245,0.96329105,0.9760714,0.9737126,0.984979,0.9840158,0.97091806,0.97799695,0.9714816,0.9646781,0.98316246,0.9771597,0.98190695,0.9785777,0.9732178,0.95441884,0.9804597,0.977363,0.9729788,0.9783118,0.97412384,0.96283686,0.98270345,0.975466,0.98557913,0.97362036,0.97485924,0.97057164,0.9761223,0.97980374,0.9717631,0.9767785,0.7544485,0.9751482,0.9863175,0.97253776,0.96386385,0.9282119,0.9695341,0.96413356,0.97615266,0.97971743,0.97166294,0.97124183,0.9794081,0.9725761,0.97251385,0.9582018,0.9781037,0.95919883,0.97530663,0.9783577,0.9767785,0.9769511,0.96812326,0.97769505,0.97550666,0.9789103,0.98430365,0.9777104,0.9744901,0.9736541,0.97413695,0.9660044,0.9778081,0.98315316,0.97584593,0.96901786,0.9663624,0.9686529,0.97182715,0.98358643,0.89810556,0.9735531,0.9431802,0.9810661,0.9761714,0.975727,0.97028506,0.9799561,0.9790395,0.9761879,0.9688719,0.9764717,0.9522445,0.98185194,0.9779781,0.97072715,0.96046555,0.96516085,0.9612771,0.97040987,0.971331,0.9763848,0.96451247,0.9750293,0.97767204,0.97059584,0.96422666,0.97556233,0.9781744,0.986917,0.97581255,0.9654584,0.963251,0.94995415,0.98265797,0.97901404,0.9645089,0.9589429,0.97496235,0.9752856,0.9803545,0.97950697,0.9440019,0.9637973,0.9806478,0.9738608,0.96248966,0.9774393,0.96952677,0.986917,0.97287744,0.97554195,0.9831746,0.97438896
apollo11movie,0.97982997,0.9799289,0.984094,0.97620934,0.9733267,0.97240746,0.9763151,0.97173727,0.989414,0.9710176,0.98097503,0.96689785,0.9775764,0.9801809,1.0,0.98632467,0.983908,0.9747081,0.98302835,0.98726296,0.9675231,0.9800507,0.9813449,0.9807816,0.97923696,0.84127975,0.9782349,0.9866656,0.9798338,0.9778417,0.98574525,0.9742959,0.9659909,0.97540784,0.9631908,0.95348847,0.97186,0.98276955,0.9787418,0.9792758,0.9719008,0.97596216,0.9616319,0.9805159,0.9854483,0.97115195,0.9832519,0.9819265,0.9728079,0.9800276,0.9864438,0.98097515,0.97201747,0.9804188,0.9664087,0.97070426,0.9788181,0.97837365,0.9843206,0.979355,0.9750672,0.97658765,0.9766788,0.98430544,0.9808927,0.9767553,0.97527236,0.97984225,0.977137,0.97215194,0.97961384,0.72092754,0.97459495,0.985893,0.9731985,0.97392225,0.941643,0.97095263,0.97719824,0.9775194,0.98373485,0.9749467,0.97978616,0.978425,0.9815959,0.97492766,0.96602327,0.975251,0.96537185,0.9844147,0.9776956,0.97961384,0.974613,0.97239745,0.9853931,0.9894749,0.97949463,0.9790291,0.97382796,0.974422,0.97628343,0.97870106,0.96090686,0.979457,0.98093665,0.98596925,0.97339576,0.97581196,0.967651,0.9730759,0.98127043,0.87880015,0.9815012,0.9410042,0.9771981,0.9812476,0.9864521,0.9831805,0.9761949,0.97738165,0.9827465,0.9731499,0.98134935,0.9617228,0.9899122,0.9785725,0.97656834,0.96903557,0.9620396,0.9503917,0.9722897,0.95671827,0.97843945,0.9664863,0.9794987,0.9828812,0.9823702,0.9647686,0.97486734,0.9764621,0.989414,0.976909,0.9757926,0.97905827,0.9602902,0.9796696,0.9682644,0.9760686,0.9761121,0.98200285,0.9676149,0.9787838,0.9781636,0.9446573,0.96105456,0.9836453,0.9814062,0.97176087,0.9770011,0.96831703,0.989414,0.97643036,0.9799452,0.98103714,0.9835864
arcticdogsmovie,0.9775648,0.9859665,0.9789529,0.97298694,0.97300225,0.9831807,0.98048156,0.9737817,0.9907978,0.9673067,0.98143893,0.9706419,0.9846603,0.9818121,0.98632467,0.9999998,0.9835443,0.97701705,0.97046834,0.97947836,0.9743806,0.98160005,0.9876335,0.9844001,0.9824476,0.86437434,0.9726737,0.9839723,0.982951,0.97879976,0.9749694,0.98411787,0.97047234,0.98549175,0.9685195,0.9660939,0.97063076,0.9797594,0.9823025,0.9846154,0.9676673,0.9789929,0.96109617,0.9814272,0.98461765,0.9762142,0.9885538,0.97700423,0.9762717,0.97805595,0.9878246,0.9833011,0.98242104,0.9811672,0.96240693,0.96375984,0.97919136,0.9818498,0.9839895,0.9870625,0.97455275,0.96790403,0.97984314,0.9859488,0.982193,0.9784513,0.9772768,0.9745774,0.9783631,0.97824275,0.9837852,0.7494553,0.9697957,0.98586446,0.97937423,0.9764252,0.9528375,0.9687027,0.9759943,0.9851555,0.98184264,0.9809495,0.9793793,0.979997,0.98709387,0.97764874,0.9731232,0.9797509,0.97163296,0.98711956,0.9771912,0.9837852,0.97198176,0.9878686,0.9843862,0.97584414,0.97710896,0.97574604,0.9773171,0.9835116,0.97465426,0.97866607,0.97030294,0.9839529,0.97436506,0.9876079,0.97611576,0.9796456,0.9826402,0.9736856,0.97770077,0.90894365,0.9774427,0.9534334,0.97456956,0.97221863,0.98219544,0.9778565,0.9777274,0.9790852,0.97908914,0.97393394,0.97095907,0.96456504,0.9757764,0.98144716,0.98234946,0.97846043,0.9780303,0.95286757,0.9822421,0.96966076,0.9771247,0.9674894,0.97914803,0.9799729,0.97562146,0.9693502,0.9805823,0.9867179,0.9907978,0.97794974,0.9785729,0.97587174,0.96838677,0.9834145,0.9843625,0.97376543,0.97158504,0.9832885,0.97792095,0.9709618,0.98369396,0.9524194,0.97462887,0.9828906,0.987169,0.9732004,0.9842597,0.96420825,0.9907978,0.9771157,0.98222727,0.989377,0.9844271
arcticmovie,0.9693413,0.97023004,0.97356224,0.9734837,0.9769892,0.96756613,0.9847154,0.98122525,0.98598903,0.96284634,0.9713908,0.9563321,0.9747051,0.98500496,0.983908,0.9835443,0.99999964,0.97663265,0.96868855,0.98456275,0.9706697,0.978976,0.980403,0.9767031,0.98037857,0.88674355,0.97826403,0.98485124,0.97915334,0.97136724,0.98039794,0.97589606,0.9705934,0.9703227,0.9620789,0.9481656,0.97036904,0.97673553,0.9782841,0.9770384,0.9771965,0.97548413,0.961849,0.9791689,0.9819296,0.97605366,0.97878146,0.9737864,0.97350585,0.97595584,0.9781255,0.98693895,0.97178024,0.97376025,0.95787454,0.9701227,0.9719146,0.9777715,0.98019916,0.9736184,0.97693384,0.9810065,0.981145,0.9789929,0.9798454,0.9733503,0.97023314,0.9817838,0.97133684,0.9695743,0.97410804,0.74511725,0.9621148,0.9833938,0.96679664,0.96170986,0.9282825,0.9684993,0.97175646,0.9803569,0.9768018,0.98027885,0.9743218,0.97257835,0.96915174,0.977138,0.96323067,0.96972924,0.9622072,0.9815664,0.9808505,0.97410804,0.97853273,0.97422075,0.97847235,0.97442436,0.9754741,0.9812317,0.9826462,0.97399443,0.96972835,0.9863852,0.9608649,0.97752964,0.9734848,0.9756046,0.9694946,0.9683516,0.9677639,0.98238486,0.98453724,0.8851482,0.97672606,0.94236434,0.9736845,0.9689111,0.97710544,0.9684423,0.9791738,0.984295,0.9775239,0.9761898,0.9724526,0.95320743,0.97929525,0.9793002,0.9731106,0.97003096,0.9692441,0.95120287,0.9736163,0.96417254,0.9896698,0.9735878,0.9796156,0.9744487,0.97636133,0.9741041,0.97115964,0.97052455,0.98598903,0.9716912,0.9693306,0.97254336,0.95956784,0.9859638,0.98081446,0.96800965,0.9651307,0.97492063,0.9790928,0.9724932,0.97952574,0.9530657,0.96177846,0.97821456,0.98082334,0.9543821,0.9823321,0.9694269,0.98598903,0.9712834,0.9799653,0.98392546,0.9761941
artofracingmovie,0.9752884,0.9715644,0.97747606,0.96333516,0.98576,0.9780952,0.97875386,0.9778635,0.98623514,0.97749454,0.97439903,0.96048063,0.97336775,0.97504526,0.9747081,0.97701705,0.97663265,0.99999994,0.96841395,0.9744092,0.97362745,0.9808312,0.98474014,0.9801504,0.9829652,0.86411905,0.9813618,0.9709601,0.9770963,0.9805215,0.9760516,0.9717069,0.965472,0.96900874,0.9669262,0.961118,0.97335565,0.9696627,0.970829,0.97477335,0.9671172,0.9776125,0.96238047,0.97673553,0.97846735,0.9652808,0.9801459,0.9776424,0.96419275,0.9784275,0.9735712,0.97441864,0.977463,0.9745188,0.95374244,0.98321354,0.9806323,0.97827476,0.9784484,0.9795744,0.98117983,0.9728219,0.9826104,0.9755835,0.96753883,0.9724473,0.96559113,0.9680078,0.97034514,0.95898795,0.9758472,0.76239914,0.95775163,0.97386867,0.97222096,0.95710295,0.9303711,0.96805894,0.9699126,0.9822096,0.97370225,0.97358894,0.9801432,0.9774368,0.9632098,0.9703701,0.9617318,0.9754829,0.9654955,0.9769728,0.97838175,0.9758472,0.96552044,0.96599287,0.97309965,0.97052157,0.9703817,0.97032446,0.97477645,0.9795396,0.96471465,0.97505015,0.97210884,0.97191125,0.9723515,0.9710424,0.97180235,0.9695002,0.96762663,0.96830696,0.97223276,0.91685086,0.9780941,0.9423901,0.96645135,0.9723929,0.9780995,0.96234524,0.97946346,0.97489876,0.9674565,0.97215825,0.9691703,0.9686061,0.9778995,0.9783686,0.9874509,0.95648307,0.97805303,0.9463992,0.98126715,0.9757917,0.97405744,0.95578617,0.9828137,0.97768885,0.9570684,0.96158016,0.9710368,0.9800768,0.98623514,0.96701616,0.95867455,0.97097886,0.9766027,0.974685,0.96380615,0.9693222,0.9706923,0.9801363,0.9726557,0.98022765,0.9775452,0.9565486,0.9756521,0.9847487,0.9776963,0.9627249,0.9756453,0.96101415,0.98623514,0.98067653,0.9775347,0.98434013,0.9773101
avengers,0.9873212,0.97099054,0.9710141,0.9783881,0.96883845,0.96630275,0.96715814,0.97360915,0.9838746,0.971763,0.9780674,0.96207994,0.9783527,0.9733786,0.98302835,0.97046834,0.96868855,0.96841395,1.0,0.97516173,0.95737004,0.97519696,0.97241884,0.9709918,0.9696043,0.83922654,0.9757884,0.9738293,0.9687883,0.9701558,0.985301,0.96201783,0.9401398,0.9613221,0.9568578,0.95311326,0.95909876,0.9686289,0.97130436,0.96681404,0.9593294,0.97292244,0.9658318,0.9823791,0.98240227,0.9708127,0.9767618,0.97657686,0.9619114,0.9845534,0.9692164,0.9690472,0.9755915,0.9752412,0.95091933,0.97277004,0.9786027,0.9722227,0.98127484,0.97664547,0.9676953,0.9731103,0.9746408,0.9760511,0.9617474,0.9708323,0.9655776,0.96619684,0.96740115,0.956825,0.98116976,0.7305583,0.9621649,0.97878623,0.97527766,0.95795614,0.9350791,0.96199137,0.96261126,0.9656503,0.97660214,0.96391016,0.97427595,0.9727396,0.9684993,0.96065795,0.95913684,0.97958165,0.96226525,0.97262025,0.9678776,0.98116976,0.9787994,0.95831484,0.9691543,0.97127616,0.9763279,0.97770876,0.96299756,0.9635324,0.9661517,0.96741563,0.94326866,0.9745852,0.9797278,0.9711016,0.97252333,0.96494764,0.952487,0.96349156,0.9841978,0.8769002,0.9719137,0.9404502,0.9726563,0.9772529,0.9800211,0.974803,0.9748303,0.9702658,0.97114897,0.97338176,0.9733392,0.9688807,0.9830378,0.97548,0.97137505,0.95699275,0.96095157,0.9685327,0.95506597,0.95876694,0.9629908,0.9543246,0.9729064,0.97642165,0.9780335,0.9497186,0.97884274,0.96817297,0.9838746,0.97088265,0.9661282,0.96801645,0.9515496,0.974082,0.9573305,0.9700173,0.972864,0.9714273,0.9579285,0.9850915,0.9609408,0.93976223,0.9638538,0.98330253,0.9699081,0.9711511,0.9643737,0.9594272,0.9838746,0.9722292,0.9706211,0.971287,0.9736609
beachbummovie,0.9744187,0.97541517,0.9816159,0.9787415,0.9683559,0.9722077,0.9796702,0.9769553,0.9880407,0.9602684,0.9771057,0.9597748,0.9745511,0.97930026,0.98726296,0.97947836,0.98456275,0.9744092,0.97516173,1.0000002,0.9758771,0.98265314,0.9751972,0.97383446,0.9780152,0.84536666,0.97532064,0.97869164,0.98152804,0.97183055,0.9845795,0.9716191,0.9566814,0.97074974,0.9568886,0.9382227,0.97849375,0.9760117,0.9777688,0.97111434,0.969183,0.9680162,0.9624323,0.97706777,0.9830698,0.9820767,0.97545165,0.97728264,0.98032194,0.97472715,0.98126644,0.9809687,0.97431266,0.98572695,0.96360177,0.9694664,0.976102,0.9761737,0.98076916,0.97360486,0.9807243,0.98031867,0.9782358,0.982275,0.97552943,0.9762757,0.9713154,0.9772144,0.97263646,0.9686161,0.97490907,0.7210982,0.9642326,0.97980523,0.9670398,0.95750815,0.9246722,0.96596277,0.97748667,0.9746324,0.9818659,0.97926503,0.9797614,0.9755273,0.96903616,0.9844888,0.96403784,0.9746641,0.9666,0.9830914,0.9739707,0.97490907,0.9737424,0.970581,0.98508507,0.98270124,0.98200166,0.9828977,0.9759748,0.9674776,0.9766424,0.9853843,0.9641719,0.9788078,0.9744592,0.980237,0.97487503,0.9738211,0.96739,0.96999174,0.98047006,0.88003314,0.9797023,0.9333987,0.9833455,0.9795173,0.98153824,0.9739616,0.9779214,0.98038846,0.98009527,0.9747589,0.97974926,0.9651493,0.98665315,0.9717915,0.9778607,0.9690917,0.96314037,0.9513766,0.97657853,0.9609236,0.97710544,0.9614774,0.97875535,0.9747282,0.97805536,0.96200407,0.9640264,0.97758853,0.9880407,0.97594017,0.9751345,0.9736394,0.9654746,0.97633547,0.96840477,0.96628,0.9748144,0.97427434,0.974414,0.972459,0.98007184,0.9413479,0.963753,0.98321337,0.9786533,0.9567946,0.9831802,0.97417253,0.9880407,0.96599996,0.9722502,0.98487896,0.9792908
bernadettefilm,0.9598345,0.9677627,0.972251,0.95587456,0.9665622,0.9675585,0.97756714,0.9688508,0.9811708,0.96066535,0.965326,0.9501968,0.96819806,0.97244215,0.9675231,0.9743806,0.9706697,0.97362745,0.95737004,0.9758771,1.0,0.97100675,0.9659296,0.9660944,0.9723591,0.8430046,0.9655428,0.96447617,0.9735963,0.9699161,0.9759658,0.96590155,0.95172626,0.9635316,0.9486934,0.9475124,0.977541,0.9656614,0.96880376,0.964462,0.96197253,0.95991653,0.9428317,0.95968306,0.9755969,0.9710932,0.9656832,0.9658241,0.9684429,0.9617155,0.9657545,0.9637297,0.96162736,0.9713395,0.9599032,0.9670827,0.9699806,0.96579206,0.97533274,0.96886843,0.97229344,0.96832865,0.97627467,0.9831543,0.96882457,0.9583388,0.9659843,0.9615876,0.9701698,0.95930654,0.9683867,0.694137,0.95532787,0.9712456,0.9545417,0.94631726,0.90599436,0.9628151,0.9784436,0.9680352,0.979637,0.9689479,0.9815756,0.97396106,0.955508,0.9756831,0.95190895,0.96855694,0.959377,0.9715081,0.9711647,0.9683867,0.9606109,0.9601449,0.9716808,0.9787788,0.9680515,0.9758698,0.9712001,0.9614535,0.9698747,0.9643168,0.9738088,0.9703551,0.9675533,0.9605649,0.9777875,0.9764816,0.9620986,0.9593538,0.9616636,0.8901789,0.9708891,0.9307656,0.9790887,0.96670645,0.9712592,0.96101344,0.97960204,0.9732055,0.97470164,0.96908003,0.9698826,0.95086557,0.9694803,0.9699935,0.97082686,0.9513146,0.96016383,0.9333688,0.9839859,0.9652184,0.9676101,0.94584817,0.9694533,0.9661887,0.9662326,0.9467919,0.96359295,0.97347474,0.9811708,0.9660779,0.9653579,0.97175455,0.96769303,0.97188246,0.9741386,0.94708043,0.97436947,0.9669571,0.9705468,0.9652323,0.9805928,0.9351226,0.9644746,0.97299945,0.96827316,0.9513676,0.97308195,0.969079,0.9811708,0.9632787,0.9696152,0.98599064,0.96583104
