movie,21bridgesmovie,47metersdown,abeautifuldaymovie,abominablemovie,adastramovie,adogsjourneymovie,aftermathmovie,aftermovie,ahiddenlifefilm,alitamovie,angelhasfallen,angrybirdsmovie,annabellemovie,annamovie,apollo11movie,arcticdogsmovie,arcticmovie,artofracingmovie,avengers,beachbummovie,bernadettefilm,blackandbluemovie,blackchristmas,blindedbythelightmovie,bombshellmovie,booksmart,breakthroughmovie,brianbanksmovie,brightburnmovie,brittanyrunsmov,captainmarvelofficial,captivestatemovie,catsmovie,charliesangels,childsplaymovie,clarathefilm,coldpursuitmovie,countdown,currentwarmovie,darkwatersmovie,detectivepikachumovie,disneyaladdin,disneyfrozen,disneymaleficent,doctorsleepmovie,dolemiteismyname,dontletgomovie,doramovie,downtonabbey_official,dumbo,escaperoom,everybodyknowsmovie,fastandfuriousmovie,fightingwmyfam,fivefeetapartfilm,fordvferrari,freaksthefilm,geminimanmovie,glassmovie,gloriabellmovie,godzillamovie,goldfinchmovie,goodboysmovie,goodliarmovie,gretafilm,halathemovie,happydeathdaymovie,harrietfilm,hellboymovie,hersmellmovie,highlifemovie,highstrungmovie,honeyboymovie,hotelmumbaifilm,httydragon,hustlemovie,hustlersmovie,isntitromantic,itmovieofficial,jayandsilentbob,johnwickmovie,jojorabbitmovie,jokermovie,judythefilm,jumanjimovie,justmercyfilm,knivesout,lalloronamovie,lastblackmansf,lastchristmasthemovie,latenightmovie,lighthousemovie,lionking,littlethemovie,littlewomenmovie,littlewoodsfilm,longshotmovie,lordsofchaosmovie,lucyintheskyfilm,mamovie2019,marriagestory,meettheaddams,meninblack,midsommarmovie,midwaymovie,missbalamovie,missinglinkfilm,motherlessbklyn,onceinhollywood,onthebasisofsex,overcomermovie,peanutbutterfalcon,petsematarymovie,piercingmovie,playingwithfire,playmobilthemovie,pomsmovie,queenandslim,rambomovie,readyornotfilm,richardjewellfilm,rocketmanmovie,scarystoriesmovie,secretlifeofpets,serenityfilm,shaftmovie,shazammovie,spidermanmovie,spiesindisguise,starwars,stormboymovie,stubermovie,taosdfilm,teenspiritmov,terminator,theaeronautsmov,thebestofenemies,thedeaddontdie,thefarewell,thehighwaymen,thehummingbirdprojectfilm,theintrudermovie,theirishmanfilm,thekitchenmovie,thelegomovie,themustangfilm,thenightingalefilm,theprodigymovie,thesunisalsoastar,theupsidefilm,tolkienmovie,toystory,triplefrontier,uglydolls,uncutgems,underthesilverlake,usmovie,wavesmovie,whatmenwant,wonderparkmovie,wrinklestheclown,xmenmovies,yardiefilm,yesterdaymovie,zombieland
21bridgesmovie,0.9999998,0.970289,0.97433007,0.9683474,0.97404134,0.970016,0.97531486,0.9695237,0.9873118,0.96296114,0.97503275,0.97289705,0.9792613,0.97819716,0.9708417,0.978991,0.97405404,0.97109455,0.9745868,0.9649158,0.9754506,0.97396433,0.9665647,0.9786887,0.97145367,0.8538308,0.95588845,0.96527964,0.9673099,0.9628798,0.96842104,0.9665537,0.94568676,0.9724426,0.9649798,0.94299436,0.9789039,0.98202664,0.9826417,0.9707199,0.9603645,0.9754174,0.95710766,0.97455555,0.96615046,0.9750525,0.963312,0.9635795,0.9654363,0.97377527,0.9700336,0.9728328,0.9706956,0.96145165,0.95885915,0.9719302,0.96435153,0.97809625,0.9764847,0.98211914,0.95737135,0.97828877,0.9661754,0.9768659,0.9479005,0.97461784,0.9603478,0.974115,0.9701672,0.95817596,0.9766789,0.76301837,0.9574647,0.98161834,0.95075685,0.9612125,0.9349389,0.9748658,0.97796947,0.96942335,0.9782017,0.9703276,0.977082,0.9602608,0.9721516,0.9563415,0.97574013,0.9717574,0.9767875,0.9777972,0.9794421,0.9766789,0.96751195,0.9643749,0.9717723,0.9747316,0.9743763,0.97028184,0.9702783,0.9662096,0.9774402,0.9708218,0.96154064,0.97533417,0.97934556,0.9699487,0.98414624,0.9785465,0.9717454,0.9663177,0.9702715,0.8142081,0.97746587,0.91987175,0.9692434,0.9873174,0.99408376,0.9700842,0.980757,0.9676084,0.9726271,0.98141414,0.97548634,0.95997554,0.971699,0.97570324,0.973182,0.96073914,0.98030066,0.93817,0.9698805,0.9702762,0.9685411,0.9690913,0.9826733,0.96831214,0.9860344,0.9690779,0.9751065,0.97205824,0.9873118,0.9732786,0.97292095,0.9735752,0.97151864,0.9751629,0.9623971,0.96755964,0.981453,0.9796593,0.9713801,0.966006,0.9771378,0.9711016,0.97764206,0.97519964,0.9707797,0.96984625,0.97042304,0.9730247,0.9873118,0.97919244,0.9705596,0.9751041,0.9687283
47metersdown,0.970289,0.9999998,0.9555403,0.9527383,0.9552526,0.9658585,0.96063817,0.9444784,0.9723671,0.9369751,0.95321757,0.9528069,0.96199125,0.96153116,0.96201676,0.96889615,0.9645058,0.95660096,0.96207905,0.96433765,0.9573781,0.948598,0.96417606,0.9588109,0.9630206,0.83586115,0.9475848,0.95968753,0.93548,0.95430857,0.9526993,0.9473694,0.9268811,0.94891685,0.9379253,0.9287463,0.970836,0.95904183,0.9680038,0.9475605,0.9539901,0.9650267,0.9526121,0.9601214,0.9578545,0.96454203,0.96463305,0.94835025,0.9434762,0.9611512,0.9485627,0.9553914,0.95934725,0.951375,0.9339086,0.95900345,0.9433237,0.96273124,0.9507845,0.9635657,0.943611,0.95973766,0.96621305,0.9649336,0.9395062,0.96795774,0.96160793,0.94699806,0.9529548,0.9470528,0.9614278,0.7641566,0.9438479,0.96049505,0.9367974,0.95015407,0.8842813,0.95850223,0.9684316,0.9558676,0.95511526,0.95475847,0.9723557,0.9308872,0.94971275,0.93198544,0.9442344,0.959265,0.9564609,0.9721972,0.96596044,0.9614278,0.9619363,0.94859695,0.96627164,0.9669002,0.96015316,0.9645438,0.95142865,0.9709757,0.9549724,0.96967256,0.9435311,0.9609533,0.9682006,0.95027333,0.9629691,0.9594675,0.9509855,0.9434094,0.9588811,0.797803,0.9612506,0.8842728,0.96184194,0.9582294,0.9651839,0.96179104,0.9660788,0.9584812,0.95839816,0.9684887,0.94764507,0.95774776,0.9597989,0.9531174,0.95802766,0.95246994,0.9534791,0.94438505,0.9554264,0.94655514,0.9492465,0.96815264,0.9697426,0.9659653,0.9727027,0.95184475,0.9571374,0.9638263,0.9723671,0.9550579,0.95375806,0.9637004,0.95313066,0.9585727,0.95244104,0.9380731,0.9614163,0.95617056,0.9576847,0.9600452,0.96766627,0.94012904,0.95522755,0.9576294,0.97320104,0.9625599,0.95776033,0.9574147,0.9723671,0.9621458,0.9550847,0.97009385,0.95100987
abeautifuldaymovie,0.97433007,0.9555403,0.9999998,0.97171485,0.96882087,0.96679485,0.9817061,0.98163635,0.98894495,0.9710912,0.9764082,0.97489995,0.9784382,0.9792472,0.97903013,0.9791545,0.9657912,0.9739777,0.9768516,0.9630579,0.9822086,0.97956514,0.9800533,0.97739094,0.96663165,0.8597781,0.9661439,0.9638964,0.98531455,0.9684707,0.9818701,0.9714108,0.9660293,0.9678803,0.955818,0.93147326,0.97827756,0.96338475,0.9760615,0.9807687,0.96859914,0.9726547,0.9619682,0.97424394,0.97723037,0.9733289,0.97537255,0.967378,0.96324015,0.97706705,0.98346066,0.9773862,0.9767255,0.9697619,0.9671235,0.96766835,0.9652946,0.96640855,0.98086965,0.9785982,0.97170824,0.9805471,0.9734297,0.9738718,0.9570809,0.97293144,0.9591828,0.973596,0.9778989,0.95259833,0.97478247,0.7731881,0.9620511,0.978183,0.9541895,0.9719596,0.9265787,0.97113127,0.97311395,0.97650737,0.97809935,0.97951895,0.9800235,0.9635432,0.9756753,0.97505903,0.9592569,0.97340745,0.9814942,0.9701052,0.97449017,0.97478247,0.96554434,0.9669741,0.9710769,0.9734074,0.9778335,0.96733373,0.9703416,0.97358346,0.9783418,0.96693593,0.97047174,0.97338563,0.9768006,0.98360115,0.97591364,0.9789338,0.97762305,0.9686774,0.9779174,0.8304452,0.9805007,0.9139366,0.9712274,0.97690713,0.9704225,0.9801165,0.9782268,0.9763958,0.9712786,0.97306645,0.9725343,0.9676878,0.9748591,0.98145527,0.96873724,0.97582513,0.96802044,0.944274,0.9763642,0.9652926,0.97065806,0.961388,0.97445565,0.97575897,0.9733614,0.9704351,0.96894425,0.9728553,0.98894495,0.98284185,0.9811199,0.9681239,0.969741,0.9774102,0.9567409,0.9457358,0.97648346,0.9795065,0.9757979,0.98156613,0.97783196,0.95929545,0.97060674,0.98302025,0.9703117,0.96583945,0.97663754,0.9764377,0.98894495,0.9700886,0.98008883,0.9775235,0.983299
abominablemovie,0.9683474,0.9527383,0.97171485,0.9999998,0.97311574,0.9602798,0.96897864,0.9738617,0.9848163,0.9597024,0.9786944,0.9765379,0.97999597,0.97355986,0.97239965,0.9826635,0.9639339,0.96879965,0.9721476,0.95824105,0.97510976,0.97425556,0.9719027,0.97223294,0.96604097,0.8735681,0.97177255,0.9615515,0.9716832,0.9643834,0.98283815,0.9642391,0.94997656,0.96629405,0.96692175,0.9371288,0.979418,0.9721759,0.9705192,0.9700407,0.961045,0.9708674,0.9704557,0.98058397,0.9678314,0.97312117,0.97321147,0.9797119,0.96721387,0.97579235,0.9716962,0.97414446,0.9792505,0.9729248,0.96774614,0.97084886,0.96968627,0.9655474,0.97790045,0.97252536,0.9673438,0.97636914,0.9612575,0.9729576,0.945418,0.9605698,0.95852774,0.96763164,0.97358567,0.9592143,0.972269,0.75805426,0.9549742,0.97033125,0.9722284,0.96712583,0.92542726,0.9679947,0.95764875,0.96429634,0.97285706,0.97870886,0.9740625,0.9626712,0.9791987,0.9553664,0.96921384,0.9699951,0.96885794,0.9691739,0.97408944,0.972269,0.96672755,0.96471167,0.9680161,0.9751049,0.9633349,0.96730185,0.9650593,0.96826386,0.9801774,0.95534337,0.9590657,0.9810112,0.97411615,0.97195876,0.9776943,0.97835505,0.9660682,0.965434,0.97920924,0.8214483,0.9793744,0.9255205,0.96613765,0.9793323,0.97222054,0.97477525,0.97528535,0.9630375,0.9722306,0.97321427,0.9662107,0.96066,0.9709958,0.9781008,0.96219164,0.9597622,0.97528714,0.9614301,0.97183263,0.9654267,0.9673121,0.9648696,0.9747318,0.9688127,0.9709806,0.9646696,0.969876,0.9724122,0.9848163,0.9726982,0.9727184,0.9624674,0.96767277,0.9729257,0.95862985,0.9654814,0.973223,0.9729718,0.95683223,0.9789533,0.97266996,0.95379245,0.9660583,0.98096865,0.9661345,0.9721427,0.9694744,0.97879714,0.9848163,0.96266776,0.97449523,0.97117543,0.9699028
adastramovie,0.97404134,0.9552526,0.96882087,0.97311574,0.9999999,0.9615689,0.9768828,0.9677545,0.98229676,0.9686197,0.9710826,0.9619182,0.97664493,0.9775649,0.96013737,0.9760334,0.9735823,0.97487795,0.96905136,0.94297755,0.97549284,0.96758544,0.97278124,0.9734994,0.9674624,0.85686034,0.97146636,0.96226805,0.9620339,0.96358746,0.97324336,0.9723664,0.9428254,0.9478161,0.96555674,0.94074196,0.97539115,0.9683506,0.97592866,0.9697052,0.9572361,0.9631876,0.95758337,0.9667129,0.96440303,0.9641094,0.9702697,0.96860844,0.97144747,0.96362686,0.9694588,0.9803889,0.97196674,0.975803,0.9578629,0.9788187,0.95848,0.9645554,0.9662187,0.97596055,0.95967054,0.968236,0.962669,0.97573036,0.96011823,0.95672965,0.96114343,0.9727565,0.96812844,0.9561887,0.96967787,0.77556837,0.9561814,0.9692433,0.96078324,0.9605261,0.9237183,0.96399343,0.96093845,0.96096087,0.9698242,0.9709441,0.97634333,0.95532626,0.96934867,0.9484357,0.96974254,0.9714505,0.96833485,0.96863586,0.97616434,0.96967787,0.9544797,0.9603085,0.9630831,0.96563506,0.96892023,0.96475464,0.9680693,0.96899,0.97298855,0.9617125,0.95411485,0.9691711,0.9781355,0.9735484,0.9759338,0.97726303,0.95996135,0.9671007,0.9736451,0.8291164,0.9715812,0.91805214,0.9642526,0.97638,0.9735122,0.9758448,0.9728996,0.9710921,0.9694709,0.96850485,0.96399623,0.95904106,0.976401,0.96967936,0.9713034,0.9541545,0.9784711,0.94045705,0.9612113,0.978389,0.97328556,0.9571382,0.97235405,0.9697678,0.97316724,0.9740354,0.9612775,0.96481997,0.98229676,0.9708354,0.96926546,0.9677433,0.9699638,0.9804213,0.94781196,0.96662676,0.97317773,0.97658396,0.97052735,0.9687848,0.9619113,0.96354634,0.9676369,0.9724029,0.9684615,0.9692742,0.96884924,0.9625997,0.98229676,0.9721287,0.9701138,0.96648175,0.9626638
adogsjourneymovie,0.970016,0.9658585,0.96679485,0.9602798,0.9615689,1.0,0.97240543,0.9600151,0.97980505,0.9518561,0.970466,0.95860875,0.96777934,0.96269286,0.9609189,0.9700779,0.9681565,0.9601788,0.967659,0.9503818,0.9705335,0.9538488,0.97538173,0.97120523,0.9655095,0.8371495,0.96085125,0.96519357,0.9456508,0.96203655,0.9622159,0.9591898,0.94167,0.94875914,0.9571972,0.93017745,0.96995616,0.95894486,0.97282565,0.96729624,0.95245856,0.96946824,0.9614881,0.96596014,0.9617539,0.9576197,0.96952957,0.9518761,0.94977283,0.97131115,0.9554825,0.9697379,0.96345824,0.9658503,0.9540458,0.9680824,0.95108545,0.9636676,0.955227,0.9672797,0.94562644,0.96984726,0.96366084,0.96657926,0.9399986,0.9667085,0.96270007,0.9578447,0.9653719,0.9496401,0.9649474,0.7649863,0.9548716,0.96676105,0.9485187,0.95348305,0.9088557,0.9592154,0.96923274,0.9642283,0.96180326,0.9665724,0.9710071,0.94235593,0.95625687,0.9538888,0.9560758,0.96016186,0.9683491,0.9650193,0.96747005,0.9649474,0.9474328,0.967422,0.95947444,0.9647279,0.96241325,0.9673759,0.95440096,0.97179085,0.96326375,0.9670439,0.9611786,0.96531856,0.9643133,0.9591711,0.9693251,0.9670444,0.9588599,0.9485578,0.95937407,0.8005302,0.95896477,0.8962955,0.9550367,0.96446455,0.9635893,0.97688544,0.9690663,0.9628926,0.9672031,0.9616633,0.9636885,0.9808703,0.96396613,0.9615335,0.9684204,0.9461645,0.9563502,0.9356625,0.9641704,0.9533869,0.9600091,0.9535187,0.9707582,0.9709246,0.9735552,0.9640479,0.9645932,0.9612091,0.97980505,0.9561712,0.9607717,0.96129704,0.94670683,0.9679144,0.94286376,0.9481353,0.9678435,0.974944,0.97246605,0.9713105,0.9764394,0.9545095,0.9598222,0.9661138,0.9631042,0.96001726,0.964532,0.9641092,0.97980505,0.9639285,0.9715666,0.9710033,0.960792
aftermathmovie,0.97531486,0.96063817,0.9817061,0.96897864,0.9768828,0.97240543,0.9999999,0.9765584,0.9881822,0.9725451,0.9718567,0.9655433,0.97680473,0.97349393,0.9737586,0.9736826,0.9813104,0.9763969,0.972422,0.96213365,0.98476076,0.9718369,0.9790681,0.9764559,0.97080326,0.8671038,0.9607651,0.97421914,0.97045416,0.970567,0.9707207,0.9695982,0.9565572,0.95798206,0.96140134,0.94845104,0.98159605,0.9692557,0.98011243,0.9783085,0.97273207,0.9753884,0.9603795,0.9759942,0.9658175,0.97185254,0.97481495,0.96171445,0.9665125,0.9774287,0.9745954,0.9829604,0.97763115,0.9708755,0.96326953,0.9739774,0.95923775,0.97100204,0.9671874,0.9802156,0.97256,0.97480476,0.97139376,0.9774115,0.96459496,0.9741179,0.95486444,0.97593975,0.9729025,0.9586464,0.9743873,0.8048266,0.963511,0.9793978,0.9665201,0.96654993,0.9218821,0.96924096,0.9644903,0.97066885,0.97525996,0.98374677,0.9823696,0.9618798,0.9698501,0.96539813,0.96408355,0.96948963,0.97463924,0.9709279,0.97525954,0.9743873,0.9655226,0.96962535,0.9734063,0.9713504,0.9750756,0.9697089,0.9866174,0.9762897,0.97701454,0.97242594,0.965502,0.9733869,0.9795757,0.9749742,0.97964317,0.97733843,0.9676799,0.97190857,0.9722209,0.83096147,0.973944,0.92056453,0.96686137,0.9775225,0.976203,0.982989,0.9813925,0.99316484,0.96661,0.97737324,0.97449815,0.9706283,0.97445667,0.9728924,0.97243434,0.96401507,0.9713402,0.9460405,0.97318244,0.96664065,0.97121984,0.96073693,0.97651386,0.97445726,0.979014,0.97299606,0.96869105,0.9707333,0.9881822,0.97129184,0.9736475,0.9743002,0.9698711,0.9858025,0.95233077,0.96032506,0.97880906,0.9820613,0.99088615,0.97351944,0.97003114,0.9693257,0.9689662,0.9744303,0.9693883,0.9706517,0.97678965,0.9716043,0.9881822,0.97908837,0.97290426,0.9776157,0.97361606
aftermovie,0.9695237,0.9444784,0.98163635,0.9738617,0.9677545,0.9600151,0.9765584,0.99999994,0.9844734,0.97016317,0.9777602,0.9713194,0.977849,0.974076,0.9724947,0.97974473,0.96991575,0.9785645,0.97781837,0.9548889,0.97433174,0.97169405,0.9678176,0.9736442,0.9657826,0.8753773,0.966042,0.9663487,0.9735507,0.96804625,0.9803335,0.9710231,0.95595855,0.95755184,0.95694304,0.9341865,0.9703007,0.9587831,0.97032726,0.979142,0.9625601,0.9719179,0.9596366,0.9792928,0.9733244,0.9659252,0.9627098,0.9602405,0.96215487,0.97696537,0.97362167,0.9756382,0.97732264,0.96307164,0.969163,0.96524996,0.965537,0.96029466,0.9826977,0.97463065,0.96691114,0.9788357,0.96620214,0.97048837,0.95682544,0.96646154,0.9445176,0.97200465,0.9702517,0.9551654,0.9716884,0.77699256,0.9541284,0.97954434,0.9545778,0.96853054,0.92442524,0.9694999,0.9726417,0.96606153,0.97455275,0.9755638,0.97539467,0.9615281,0.9730932,0.9566662,0.9647269,0.9740788,0.9778149,0.96197027,0.97366905,0.9716884,0.96452695,0.9785231,0.9613161,0.97223824,0.97318375,0.958949,0.97276884,0.96960044,0.96990824,0.964088,0.953249,0.9714051,0.97032243,0.9754945,0.97622895,0.9764525,0.9724338,0.9666264,0.978956,0.81919724,0.9763939,0.9145126,0.95552963,0.97228736,0.96648246,0.97600883,0.9758868,0.9724262,0.9735709,0.96482074,0.9720674,0.954813,0.9755912,0.97819203,0.97209144,0.96125793,0.9637441,0.9347668,0.9751875,0.9573486,0.9725973,0.96293133,0.9670676,0.9749331,0.96776307,0.9696264,0.96955687,0.9732232,0.9844734,0.9760344,0.9676129,0.9601324,0.96469486,0.9762898,0.9542334,0.95407414,0.97221494,0.9738058,0.9666988,0.9732128,0.96680766,0.9580175,0.962469,0.9773738,0.9580692,0.9639259,0.9796051,0.9705413,0.9844734,0.9679124,0.96980006,0.96706533,0.97358656
ahiddenlifefilm,0.9873118,0.9723671,0.98894495,0.9848163,0.98229676,0.97980505,0.9881822,0.9844734,1.0000001,0.9780497,0.98837733,0.9838659,0.9874939,0.98790735,0.98589516,0.98705584,0.98301524,0.9828866,0.98410267,0.9743147,0.9860715,0.9845143,0.98489916,0.9902489,0.97893226,0.87925756,0.9771359,0.97931653,0.9813679,0.9798683,0.9870569,0.98020715,0.9649694,0.9753506,0.9785015,0.9577793,0.9899145,0.9789533,0.9886895,0.9874068,0.971097,0.9875939,0.9740824,0.98860204,0.9833838,0.98450893,0.98198617,0.97989964,0.97326416,0.98900723,0.98418415,0.9866543,0.9876453,0.9805018,0.9768357,0.98299456,0.97649235,0.98223764,0.9872812,0.9903245,0.9758258,0.9874394,0.9822,0.98660177,0.96412057,0.9844565,0.9681552,0.9833704,0.98529845,0.97254074,0.98802674,0.7887509,0.97406983,0.9891389,0.97042465,0.9784026,0.93818533,0.98248464,0.9832336,0.98025954,0.9866191,0.984876,0.9914391,0.9750716,0.9836648,0.97228706,0.97473365,0.98214924,0.9881441,0.98478556,0.98698354,0.98802674,0.9789758,0.9787384,0.98024863,0.9886037,0.98406184,0.9796736,0.9791978,0.9808443,0.9894101,0.981275,0.97546273,0.98845303,0.9880556,0.9836735,0.98750836,0.9892676,0.98307073,0.9798186,0.9840651,0.83339256,0.987385,0.93114,0.97709316,0.9892668,0.9849588,0.9883111,0.9906388,0.98376095,0.98378223,0.98519117,0.9848167,0.97644097,0.98677343,0.9867791,0.98117393,0.9736927,0.9833638,0.95909125,0.9838261,0.9769917,0.9804441,0.9749428,0.9877638,0.984673,0.98777467,0.97961503,0.9825483,0.98545736,1.0000001,0.9861968,0.9847735,0.97963315,0.97787315,0.9886663,0.9725965,0.9714076,0.98822254,0.9862473,0.9817337,0.98535824,0.98654854,0.97654885,0.9826106,0.9894188,0.9799507,0.98252094,0.9845654,0.98485905,1.0000001,0.9836293,0.9862614,0.9867986,0.98597276
alitamovie,0.96296114,0.9369751,0.9710912,0.9597024,0.9686197,0.9518561,0.9725451,0.97016317,0.9780497,0.99999994,0.96182275,0.9550008,0.97196424,0.9690315,0.96358407,0.9651881,0.96540254,0.9719973,0.96463245,0.9469101,0.96856636,0.96155477,0.9641209,0.9673804,0.9632392,0.8660222,0.96547097,0.95794505,0.9619299,0.9676863,0.9664087,0.96256214,0.9499484,0.9539304,0.9565369,0.9319385,0.96603596,0.9589575,0.95871705,0.9665951,0.95188177,0.95686984,0.93855214,0.96482974,0.95614874,0.9703294,0.95669496,0.9576094,0.95078653,0.9641345,0.9643101,0.9686294,0.9691384,0.9560752,0.9655989,0.96426606,0.9578563,0.95690584,0.9648747,0.97100174,0.95398045,0.96764815,0.9509057,0.96463394,0.9482792,0.9619262,0.94545156,0.9704448,0.9613595,0.94666183,0.962925,0.7989281,0.9528011,0.9725113,0.9437887,0.9680915,0.9231728,0.9620934,0.9558351,0.95165867,0.9641056,0.9687111,0.969822,0.952518,0.9599145,0.9551581,0.95597214,0.9716491,0.9653254,0.96049654,0.9730966,0.962925,0.9611667,0.9599197,0.95493567,0.9584579,0.95940256,0.9534843,0.96787727,0.95909226,0.9717437,0.9633467,0.94311726,0.96185607,0.9792704,0.96353596,0.96766454,0.9687075,0.9713892,0.958464,0.9632356,0.84045017,0.9616939,0.9048487,0.9638615,0.9653058,0.9652931,0.9634614,0.9653237,0.9726464,0.9613125,0.9530888,0.97180414,0.95966196,0.97086823,0.96722215,0.9601804,0.9458507,0.9602156,0.93079317,0.9709152,0.9692619,0.9600782,0.9479412,0.96440625,0.97355783,0.9556499,0.9554417,0.9502987,0.97281635,0.9780497,0.9670259,0.9691385,0.95257056,0.9646048,0.97266835,0.9487134,0.9578943,0.967007,0.9640154,0.96418744,0.963122,0.9568905,0.9608437,0.95323354,0.9729355,0.9554853,0.9645666,0.96972066,0.9558274,0.9780497,0.96621746,0.96560264,0.96298397,0.96487
angelhasfallen,0.97503275,0.95321757,0.9764082,0.9786944,0.9710826,0.970466,0.9718567,0.9777602,0.98837733,0.96182275,1.0000001,0.976097,0.9779449,0.9744871,0.96565336,0.97612524,0.9686041,0.97068655,0.9735786,0.9499691,0.9668938,0.9709179,0.9701682,0.97939247,0.9644625,0.85995954,0.96590984,0.9652963,0.97268707,0.96779484,0.9821713,0.9727266,0.94652206,0.963137,0.9718937,0.9501405,0.9765171,0.9680031,0.97581494,0.97461575,0.9581181,0.9735713,0.97091097,0.9774053,0.9788633,0.9648688,0.9658543,0.9670656,0.9655815,0.97612464,0.97430515,0.9770073,0.97722757,0.9727115,0.974472,0.9794895,0.96872395,0.9671414,0.98076385,0.97892565,0.96828014,0.9776872,0.96716654,0.9742412,0.9492277,0.97338164,0.9591472,0.9734941,0.98154175,0.96632946,0.97855306,0.77314395,0.9636194,0.97880673,0.9605289,0.95816886,0.9276313,0.966119,0.96822816,0.9643053,0.98131096,0.9767902,0.97566867,0.96568,0.97305214,0.96797657,0.9755043,0.9724019,0.97900087,0.97901946,0.97766674,0.97855306,0.96315986,0.96857405,0.96502686,0.9781929,0.97753954,0.96200913,0.9607439,0.96904016,0.9769633,0.9610876,0.96462435,0.9772816,0.97476876,0.9745963,0.98230803,0.98077387,0.9684919,0.96893764,0.9760304,0.81531596,0.9779449,0.92859715,0.95668006,0.9837039,0.97320116,0.97938687,0.97622436,0.96595275,0.9710353,0.9703322,0.9783194,0.9628511,0.97438514,0.98056775,0.97039,0.9594108,0.97377646,0.9536728,0.9680488,0.9599106,0.967597,0.95983016,0.9715442,0.97148585,0.98019874,0.9733328,0.9742222,0.9773546,0.98837733,0.9739557,0.9747653,0.96360385,0.9588579,0.9787915,0.9588702,0.9638962,0.9755756,0.9726189,0.95762545,0.9732621,0.98090273,0.96757144,0.9731767,0.97758454,0.9578008,0.9714483,0.9682901,0.9712436,0.98837733,0.96674687,0.97414917,0.97179586,0.97607243
angrybirdsmovie,0.97289705,0.9528069,0.97489995,0.9765379,0.9619182,0.95860875,0.9655433,0.9713194,0.9838659,0.9550008,0.976097,1.0000001,0.97889984,0.9714287,0.9705726,0.9810172,0.9531828,0.9618798,0.9753467,0.9641144,0.9717056,0.97187454,0.9585764,0.971535,0.9554155,0.90053934,0.95247066,0.95005095,0.9773055,0.967402,0.9787399,0.96439844,0.9463806,0.97619504,0.96652025,0.95242727,0.9741779,0.96971005,0.97088397,0.97075164,0.96270746,0.9690464,0.9668835,0.9749644,0.97105473,0.96980387,0.95799077,0.9712151,0.9600539,0.97202563,0.97980833,0.9702586,0.9706141,0.9579899,0.97117496,0.9616946,0.95860547,0.9596547,0.9772288,0.9759375,0.9609988,0.97408366,0.96492034,0.96778476,0.9495427,0.9601233,0.944158,0.9730286,0.9819625,0.9585482,0.97492445,0.8040632,0.9633418,0.97095084,0.96209776,0.95874727,0.9360737,0.96940273,0.9706618,0.97447944,0.97175044,0.9689686,0.97523564,0.9604459,0.9830719,0.96060103,0.97180504,0.96667653,0.9813706,0.96351826,0.9700037,0.97492445,0.9596155,0.9505568,0.974781,0.9745301,0.9668961,0.9722081,0.96504104,0.95932764,0.97000885,0.96112317,0.968734,0.9825582,0.97268414,0.974275,0.9716994,0.9764742,0.977385,0.9696044,0.96551013,0.8462709,0.97573084,0.92568904,0.95719457,0.975584,0.96878934,0.96878034,0.972145,0.9578544,0.9644465,0.96711177,0.9714794,0.9626879,0.9657946,0.97106254,0.9647789,0.9711129,0.9701275,0.95192534,0.97032726,0.9624636,0.95828956,0.95658493,0.9659608,0.9656686,0.9679644,0.96568394,0.9767336,0.97300017,0.9838659,0.9759718,0.968102,0.96965593,0.9660475,0.96664387,0.9546995,0.96145755,0.97500664,0.97116715,0.96190804,0.96554226,0.9725758,0.95998144,0.97615254,0.9744794,0.95920426,0.96312606,0.9602859,0.9719663,0.9838659,0.97584254,0.9707784,0.96409845,0.9755464
annabellemovie,0.9792613,0.96199125,0.9784382,0.97999597,0.97664493,0.96777934,0.97680473,0.977849,0.9874939,0.97196424,0.9779449,0.97889984,1.0,0.98128766,0.9711884,0.987775,0.9718339,0.97307324,0.98390436,0.9658282,0.97589344,0.9717789,0.9696888,0.9757654,0.97120386,0.87300336,0.9663734,0.965197,0.9751497,0.9729282,0.98152083,0.97134554,0.9544863,0.9673683,0.96508664,0.94548076,0.9825872,0.98107815,0.97309285,0.9759717,0.9779653,0.97046506,0.96228224,0.9800865,0.976173,0.976362,0.96815175,0.96560985,0.9673233,0.97638583,0.9762001,0.9760301,0.977335,0.9656098,0.9705684,0.9725019,0.96340084,0.9669082,0.97485685,0.9776,0.97327983,0.9849421,0.9706233,0.9811159,0.9470457,0.9669187,0.9535265,0.9731442,0.9772247,0.95685166,0.97332853,0.786649,0.96044546,0.9800773,0.9592083,0.9663032,0.92641383,0.9742435,0.9712288,0.9701684,0.9733949,0.9796021,0.97991747,0.9636608,0.9767687,0.9652337,0.97107387,0.987036,0.9785881,0.9717602,0.97715396,0.97332853,0.9696529,0.9633497,0.9720151,0.97426426,0.97839165,0.9741027,0.96804863,0.9657439,0.9801471,0.97135454,0.9691309,0.97784936,0.9820953,0.9756672,0.97863233,0.98487496,0.9740319,0.9662253,0.97424084,0.8337408,0.9779273,0.9229542,0.9701597,0.9801641,0.978131,0.97290426,0.97416264,0.97050893,0.98307717,0.97353476,0.97192496,0.96992314,0.9729594,0.9733851,0.9795696,0.9678303,0.9747684,0.95329076,0.9722849,0.97241825,0.9685034,0.96801364,0.97659105,0.97895634,0.9710662,0.9689829,0.9720996,0.97937775,0.9874939,0.97618645,0.97724,0.9746025,0.9737264,0.97554296,0.9636846,0.968347,0.9805478,0.980305,0.96976095,0.97314835,0.9793069,0.9603411,0.97122777,0.9785732,0.96892804,0.9699988,0.97418267,0.9730378,0.9874939,0.97230357,0.975155,0.9703728,0.9774418
annamovie,0.97819716,0.96153116,0.9792472,0.97355986,0.9775649,0.96269286,0.97349393,0.974076,0.98790735,0.9690315,0.9744871,0.9714287,0.98128766,1.0,0.97090834,0.9773675,0.96849674,0.97251046,0.96922743,0.95519406,0.97125,0.9706629,0.9762024,0.9818972,0.9630434,0.855897,0.9669867,0.96195567,0.97422975,0.9634348,0.978968,0.9732824,0.9581375,0.96639735,0.9625722,0.9424615,0.9748431,0.9752318,0.97787535,0.976029,0.95657396,0.97139454,0.9608239,0.9711025,0.9765822,0.9753024,0.9756124,0.97440946,0.95760524,0.9720395,0.97678465,0.97406036,0.9764097,0.96721244,0.96456677,0.96871513,0.9648892,0.9740153,0.9732326,0.97824043,0.96239257,0.97809863,0.9719476,0.98419064,0.95111287,0.97715014,0.9580463,0.96991706,0.9746398,0.9593677,0.97495043,0.77456504,0.95264876,0.9774519,0.952129,0.96680224,0.92203975,0.9715752,0.97628856,0.9704159,0.96828204,0.9678642,0.9809184,0.9582042,0.9689551,0.966453,0.9649126,0.974719,0.9793079,0.97403,0.97833955,0.97495043,0.9685378,0.9643764,0.96407175,0.96930814,0.97494775,0.96948206,0.96539116,0.97091514,0.9772828,0.9692303,0.9603919,0.9735744,0.98237205,0.97501487,0.9805822,0.9787399,0.9673632,0.9685143,0.9752408,0.82494444,0.9824621,0.9142896,0.9664637,0.9762371,0.9776554,0.9761285,0.9770088,0.97064245,0.9799079,0.97764164,0.97030133,0.9554769,0.97668797,0.9751989,0.9719266,0.96551347,0.9757323,0.9387737,0.96602154,0.9693498,0.96970415,0.97065794,0.983098,0.9748285,0.97085875,0.97197706,0.9695497,0.97856903,0.98790735,0.97366107,0.976393,0.96762884,0.9695248,0.9787908,0.9640597,0.96241033,0.978446,0.9803395,0.9697309,0.97126144,0.97509515,0.9691098,0.9729294,0.97806436,0.9710801,0.9712416,0.9736682,0.97545755,0.98790735,0.9747157,0.9746778,0.9728337,0.9747196
apollo11movie,0.9708417,0.96201676,0.97903013,0.97239965,0.96013737,0.9609189,0.9737586,0.9724947,0.98589516,0.96358407,0.96565336,0.9705726,0.9711884,0.97090834,0.9999999,0.97529155,0.96902853,0.9717675,0.9729945,0.9799508,0.9713021,0.97874534,0.9702962,0.97754997,0.9671278,0.88017946,0.95495135,0.9704253,0.9704179,0.9683586,0.97547966,0.9660412,0.95989007,0.9610201,0.9576536,0.9371248,0.97938794,0.9596224,0.9784434,0.98112375,0.9589987,0.97633076,0.9562606,0.97996515,0.97353345,0.97673655,0.9668436,0.9693506,0.9641006,0.98067683,0.9757299,0.9780409,0.9763818,0.9702193,0.9648242,0.96909666,0.9602004,0.9671005,0.97861373,0.97383416,0.9608969,0.9691862,0.97362375,0.9717529,0.9646836,0.9709815,0.9514841,0.9700134,0.9744144,0.95996565,0.9729326,0.7790066,0.9666832,0.975792,0.9519466,0.9744752,0.9241185,0.9635946,0.9688928,0.97333,0.96677184,0.96894825,0.98152494,0.96679026,0.97302055,0.95312107,0.9536458,0.9631239,0.972199,0.9654461,0.9664581,0.9729326,0.9757377,0.97103876,0.970193,0.98279494,0.9683629,0.9644589,0.9731101,0.9651975,0.9735934,0.9693827,0.96051,0.9767926,0.9700648,0.97459334,0.9766086,0.97556,0.9729573,0.9764668,0.971009,0.84455085,0.97716796,0.903466,0.9594042,0.9704904,0.96869934,0.9752925,0.98321956,0.97058606,0.97090155,0.9740612,0.97154295,0.96726394,0.97557634,0.97854936,0.9552044,0.9720461,0.96298033,0.94081795,0.97387123,0.9622728,0.9684379,0.965461,0.9785173,0.9725286,0.9750758,0.96927065,0.9674948,0.97098434,0.98589516,0.97832716,0.96674514,0.9573811,0.9654717,0.9745678,0.9577858,0.9508875,0.9738184,0.97362393,0.9677629,0.9722809,0.97690904,0.95134634,0.9653373,0.978045,0.9735114,0.97245747,0.97925955,0.97924143,0.98589516,0.9748181,0.97849643,0.97909164,0.976427
arcticdogsmovie,0.978991,0.96889615,0.9791545,0.9826635,0.9760334,0.9700779,0.9736826,0.97974473,0.98705584,0.9651881,0.97612524,0.9810172,0.987775,0.9773675,0.97529155,1.0000001,0.9720601,0.97441715,0.9776448,0.96862125,0.97709256,0.972203,0.9719699,0.97461313,0.9727086,0.8687371,0.9640001,0.9620403,0.9712249,0.97147423,0.9784889,0.9698172,0.952586,0.96919847,0.95822376,0.9398535,0.9819404,0.97654665,0.97596085,0.9703571,0.96948355,0.9707609,0.96833855,0.980288,0.9732579,0.98070395,0.9685012,0.97155344,0.9655915,0.9753926,0.9746988,0.97617316,0.97591794,0.9678065,0.9657359,0.9713499,0.9671541,0.96263486,0.9771626,0.97474015,0.9675662,0.9805956,0.9683537,0.9772659,0.9551721,0.96251255,0.95707506,0.97473925,0.9753425,0.9597134,0.9712576,0.7811677,0.9602787,0.9740176,0.9602382,0.96484727,0.92534715,0.97513527,0.9699371,0.9763561,0.97202355,0.97430664,0.9798507,0.9543058,0.971986,0.955258,0.9700422,0.9837641,0.97813636,0.9728243,0.9735597,0.9712576,0.96784747,0.96524423,0.97352815,0.97409534,0.973402,0.9693338,0.9713329,0.971747,0.97616404,0.9707761,0.9591273,0.9758813,0.9772618,0.9750689,0.9777921,0.98236245,0.9779952,0.9667724,0.9820396,0.82458687,0.9801095,0.90938896,0.96972734,0.9782759,0.97726417,0.9718641,0.9733798,0.9650206,0.9737951,0.9741848,0.9683452,0.96702754,0.972731,0.97115815,0.97143155,0.96456015,0.97189957,0.95558465,0.97001725,0.96883786,0.9722883,0.96844214,0.9752195,0.9791473,0.97467226,0.9707831,0.96694034,0.9791308,0.98705584,0.97623974,0.96930456,0.9691923,0.9733138,0.9746617,0.95512116,0.9585236,0.9771884,0.9778878,0.967334,0.9766727,0.9821119,0.9570717,0.9644166,0.9777889,0.9719747,0.9704525,0.9747354,0.97556484,0.98705584,0.9702209,0.9719084,0.9721428,0.9734729
arcticmovie,0.97405404,0.9645058,0.9657912,0.9639339,0.9735823,0.9681565,0.9813104,0.96991575,0.98301524,0.96540254,0.9686041,0.9531828,0.9718339,0.96849674,0.96902853,0.9720601,0.99999994,0.9725669,0.97041154,0.9619531,0.96746373,0.9619199,0.9729039,0.97502965,0.9668246,0.85857433,0.96408087,0.9862729,0.95098835,0.96778774,0.96882665,0.9731558,0.9454481,0.946977,0.96154016,0.93892187,0.97649336,0.966661,0.9747709,0.9756785,0.9585883,0.97635233,0.9547127,0.97748184,0.96874744,0.9694568,0.9664684,0.9498574,0.9624907,0.97566015,0.9582495,0.9772037,0.9714737,0.9671192,0.9569299,0.9771023,0.9660846,0.97010714,0.9643789,0.9779547,0.97059005,0.9664785,0.9722183,0.9738551,0.96116954,0.9714945,0.95260555,0.9703061,0.96594876,0.9607754,0.9740924,0.7797395,0.96198225,0.9800852,0.95740765,0.9587817,0.91317946,0.95972407,0.9605452,0.95532125,0.9674552,0.9692486,0.9782796,0.9636129,0.95589495,0.94664335,0.9575366,0.9670684,0.9658324,0.96744764,0.9694484,0.9740924,0.9664556,0.9658443,0.9580244,0.97144306,0.97191405,0.967175,0.9699587,0.9656348,0.9728286,0.9653741,0.9549668,0.9653304,0.9716236,0.9600402,0.9703002,0.9729594,0.9530773,0.9661718,0.9713827,0.82404006,0.96917146,0.90508944,0.9668401,0.9712459,0.9707116,0.97414654,0.97530776,0.9747786,0.97066915,0.9739738,0.96947104,0.9619512,0.9731657,0.9705702,0.9654204,0.95057696,0.966844,0.94510025,0.9658593,0.96303064,0.98422664,0.9726841,0.9717694,0.9733218,0.9770056,0.96885175,0.9658869,0.96689725,0.98301524,0.96390915,0.9645521,0.9674161,0.9664395,0.9778625,0.95145947,0.9612169,0.97564346,0.9742339,0.97446597,0.9714252,0.97151905,0.96617955,0.9656542,0.97149706,0.9718741,0.97141135,0.97419906,0.96685505,0.98301524,0.9649674,0.9685921,0.97412145,0.9637184
artofracingmovie,0.97109455,0.95660096,0.9739777,0.96879965,0.97487795,0.9601788,0.9763969,0.9785645,0.9828866,0.9719973,0.97068655,0.9618798,0.97307324,0.97251046,0.9717675,0.97441715,0.9725669,1.0,0.9701225,0.96071786,0.96769696,0.96327436,0.9685714,0.9723158,0.9679645,0.87243766,0.96764624,0.9680714,0.9575717,0.9703709,0.9698255,0.9670312,0.93841964,0.9481621,0.96676683,0.93539214,0.9795308,0.9623986,0.9748849,0.9720323,0.96165997,0.9781142,0.9543409,0.97784936,0.9639837,0.96636957,0.9642138,0.95965767,0.9624798,0.9809233,0.9644429,0.97163236,0.9781903,0.96288705,0.96169126,0.9835232,0.95534134,0.96709937,0.9711311,0.97472024,0.9547682,0.9733731,0.9591217,0.96553355,0.9521647,0.9681461,0.953385,0.9763025,0.9702641,0.95417136,0.9733302,0.7976675,0.9571339,0.97725135,0.955831,0.96987075,0.91287744,0.9646815,0.9665339,0.9570798,0.97086376,0.9727834,0.97800434,0.9645297,0.9631866,0.9461686,0.96937037,0.9713263,0.9663119,0.9637458,0.9751498,0.9733302,0.9627931,0.96698445,0.9621536,0.97128433,0.96477747,0.96685463,0.9714476,0.96877384,0.9722324,0.9660174,0.9485262,0.96632344,0.97195524,0.96540755,0.97330856,0.97166294,0.9643326,0.96785283,0.9750077,0.84857166,0.9673942,0.9163474,0.95859337,0.96969384,0.9698249,0.9780174,0.97544116,0.9745299,0.97102094,0.970598,0.968617,0.9611431,0.97551954,0.96907246,0.9643071,0.95503664,0.97632957,0.94218385,0.9693842,0.9744104,0.9692405,0.9625085,0.9720893,0.975558,0.9704215,0.96276593,0.9630372,0.9723423,0.9828866,0.9694712,0.9664589,0.9624644,0.9654442,0.9781915,0.9572435,0.9641485,0.9716071,0.97517174,0.9648009,0.9703509,0.9668053,0.973645,0.96225756,0.97234076,0.9667085,0.97280425,0.98039496,0.96526176,0.9828866,0.9628079,0.9615049,0.97290784,0.9576028
avengers,0.9745868,0.96207905,0.9768516,0.9721476,0.96905136,0.967659,0.972422,0.97781837,0.98410267,0.96463245,0.9735786,0.9753467,0.98390436,0.96922743,0.9729945,0.9776448,0.97041154,0.9701225,0.99999976,0.96509105,0.9747901,0.96896195,0.95963883,0.96810263,0.968796,0.8876022,0.9603685,0.9655961,0.9702046,0.97092146,0.98495394,0.96619475,0.93860865,0.96103126,0.95729977,0.93393266,0.9792709,0.95630723,0.9654841,0.9781291,0.96553713,0.9734965,0.96114165,0.9764349,0.9673869,0.9644859,0.95878565,0.9549421,0.9573499,0.9746363,0.975891,0.9721278,0.9724572,0.963533,0.9584564,0.9726558,0.9485858,0.9642205,0.97610265,0.9797003,0.9659725,0.9837818,0.967969,0.9715438,0.95022714,0.96952987,0.953646,0.9703084,0.97216666,0.9548146,0.9756057,0.78476137,0.9628482,0.97337216,0.9549639,0.9694776,0.92517084,0.9643849,0.9742157,0.96675676,0.9757693,0.96951896,0.97625166,0.9615625,0.9807938,0.9545792,0.964202,0.978216,0.978565,0.96653193,0.977819,0.9756057,0.97118515,0.96578264,0.97199816,0.9745908,0.9756936,0.9753638,0.9639982,0.96119434,0.9706563,0.9698991,0.96611243,0.97659874,0.9777053,0.97588843,0.97518146,0.97509116,0.96696997,0.9659843,0.96639484,0.83617836,0.9681508,0.90811324,0.9607062,0.97089356,0.96243703,0.9683451,0.97738546,0.9700389,0.9721893,0.9689108,0.96884084,0.96923363,0.9743037,0.9714777,0.9757014,0.977285,0.96875125,0.9578471,0.9725114,0.9674614,0.96191484,0.96552336,0.968324,0.9778528,0.9690191,0.96713096,0.9782351,0.9689116,0.98410267,0.9735972,0.9671171,0.96542346,0.9622558,0.9725796,0.95418924,0.955382,0.97079444,0.97572136,0.9630182,0.97391015,0.97402984,0.95473796,0.97083294,0.9757104,0.97029305,0.9662985,0.970518,0.96467716,0.98410267,0.971591,0.96987945,0.96080256,0.9737094
beachbummovie,0.9649158,0.96433765,0.9630579,0.95824105,0.94297755,0.9503818,0.96213365,0.9548889,0.9743147,0.9469101,0.9499691,0.9641144,0.9658282,0.95519406,0.9799508,0.96862125,0.9619531,0.96071786,0.96509105,1.0,0.9578275,0.9658256,0.9529706,0.9586206,0.9637118,0.8912242,0.9374358,0.96747476,0.9561548,0.96027535,0.9589623,0.9436055,0.9460946,0.9513351,0.9462153,0.936256,0.9701996,0.9551152,0.96365225,0.96302617,0.95632476,0.96876556,0.94737,0.9697163,0.95560825,0.973746,0.9535134,0.95111686,0.940846,0.9749872,0.9602819,0.9540178,0.9650017,0.94453293,0.9489758,0.9546271,0.9585863,0.95363665,0.9640109,0.96224844,0.9567359,0.9633649,0.96103424,0.9606889,0.9366504,0.95831805,0.93267065,0.9554315,0.96489143,0.9515077,0.9643785,0.7958671,0.95744246,0.9754711,0.9403235,0.9649666,0.9133301,0.9650017,0.9596471,0.95811003,0.9588571,0.9543914,0.97123384,0.95907235,0.959723,0.94364995,0.9408877,0.95982844,0.961476,0.95642823,0.95595735,0.9643785,0.965585,0.9477266,0.96405005,0.970767,0.96823984,0.9756055,0.96203214,0.9484861,0.9647316,0.9717549,0.95626616,0.9639901,0.9634494,0.95552665,0.9606343,0.9612127,0.9700851,0.9538936,0.95109934,0.8299591,0.960689,0.9060645,0.95559996,0.9654115,0.96402013,0.9543589,0.96886337,0.9583175,0.9567982,0.9642412,0.9537347,0.96076673,0.96220195,0.9579737,0.9508503,0.9620206,0.9532391,0.9493975,0.9664514,0.9522844,0.95551074,0.9552594,0.96262383,0.96271366,0.9684583,0.943832,0.9606176,0.96249217,0.9743147,0.9615493,0.9527452,0.9554832,0.9678897,0.95922524,0.9624458,0.93796706,0.9634524,0.9627384,0.9587756,0.96623486,0.96810234,0.94710094,0.95720536,0.96629685,0.9707572,0.9556236,0.9700254,0.9688404,0.9743147,0.9594753,0.95561326,0.96392727,0.9666564
bernadettefilm,0.9754506,0.9573781,0.9822086,0.97510976,0.97549284,0.9705335,0.98476076,0.97433174,0.9860715,0.96856636,0.9668938,0.9717056,0.97589344,0.97125,0.9713021,0.97709256,0.96746373,0.96769696,0.9747901,0.9578275,1.0,0.97711664,0.97687006,0.9772582,0.9714296,0.86753744,0.9665611,0.962598,0.9744418,0.9588463,0.97280014,0.96268827,0.95273066,0.966747,0.9565363,0.9335633,0.97799104,0.96291417,0.97228205,0.9713451,0.96965563,0.9701098,0.9651699,0.9735368,0.96097463,0.9731233,0.97485626,0.96838075,0.9636273,0.9733095,0.97417396,0.9763201,0.97918385,0.969436,0.9588795,0.96512485,0.954815,0.96515137,0.9689142,0.97540647,0.96769834,0.97539276,0.9670204,0.9684977,0.95539594,0.96322155,0.9588545,0.96827173,0.9701144,0.94934857,0.9680402,0.7735964,0.9514817,0.9732691,0.96749836,0.9676652,0.9294429,0.97055936,0.9675862,0.97266203,0.97427315,0.9799072,0.97350603,0.95480967,0.9775743,0.9644856,0.9587321,0.9737165,0.9744204,0.9661442,0.97950065,0.9680402,0.96627593,0.96520257,0.9727083,0.9693651,0.97391707,0.9723076,0.97388834,0.97841454,0.9777154,0.97105193,0.95820755,0.9738124,0.97550833,0.97648907,0.97245806,0.976854,0.9709886,0.9639675,0.97442746,0.81667984,0.97343206,0.912177,0.97712857,0.97904336,0.9749546,0.975197,0.9768041,0.97968525,0.96840435,0.97431886,0.9698282,0.9671669,0.97349876,0.96729934,0.9737987,0.9660263,0.96927744,0.9499052,0.9804623,0.9677328,0.9643275,0.95569557,0.9710135,0.9664579,0.97392297,0.9675614,0.96875644,0.9680577,0.9860715,0.97535926,0.9772648,0.97011715,0.9685367,0.9789737,0.9525287,0.9547385,0.972664,0.9774238,0.9802142,0.97870016,0.9653001,0.95654917,0.967708,0.976057,0.97208416,0.9612824,0.97097105,0.971267,0.9860715,0.97565526,0.9780448,0.9744316,0.97036517
