movie,21bridgesmovie,47metersdown,abeautifuldaymovie,abominablemovie,adastramovie,adogsjourneymovie,aftermathmovie,aftermovie,ahiddenlifefilm,alitamovie,angelhasfallen,angrybirdsmovie,annabellemovie,annamovie,apollo11movie,arcticdogsmovie,arcticmovie,artofracingmovie,avengers,beachbummovie,bernadettefilm,blackandbluemovie,blackchristmas,blindedbythelightmovie,bombshellmovie,booksmart,breakthroughmovie,brianbanksmovie,brightburnmovie,brittanyrunsmov,captainmarvelofficial,captivestatemovie,catsmovie,charliesangels,childsplaymovie,clarathefilm,coldpursuitmovie,countdown,currentwarmovie,darkwatersmovie,detectivepikachumovie,disneyaladdin,disneyfrozen,disneymaleficent,doctorsleepmovie,dolemiteismyname,dontletgomovie,doramovie,downtonabbey_official,dumbo,escaperoom,everybodyknowsmovie,fastandfuriousmovie,fightingwmyfam,fivefeetapartfilm,fordvferrari,freaksthefilm,geminimanmovie,glassmovie,gloriabellmovie,godzillamovie,goldfinchmovie,goodboysmovie,goodliarmovie,gretafilm,halathemovie,happydeathdaymovie,harrietfilm,hellboymovie,hersmellmovie,highlifemovie,highstrungmovie,honeyboymovie,hotelmumbaifilm,httydragon,hustlemovie,hustlersmovie,isntitromantic,itmovieofficial,jayandsilentbob,johnwickmovie,jojorabbitmovie,jokermovie,judythefilm,jumanjimovie,justmercyfilm,knivesout,lalloronamovie,lastblackmansf,lastchristmasthemovie,latenightmovie,lighthousemovie,lionking,littlethemovie,littlewomenmovie,littlewoodsfilm,longshotmovie,lordsofchaosmovie,lucyintheskyfilm,mamovie2019,marriagestory,meettheaddams,meninblack,midsommarmovie,midwaymovie,missbalamovie,missinglinkfilm,motherlessbklyn,onceinhollywood,onthebasisofsex,overcomermovie,peanutbutterfalcon,petsematarymovie,piercingmovie,playingwithfire,playmobilthemovie,pomsmovie,queenandslim,rambomovie,readyornotfilm,richardjewellfilm,rocketmanmovie,scarystoriesmovie,secretlifeofpets,serenityfilm,shaftmovie,shazammovie,spidermanmovie,spiesindisguise,starwars,stormboymovie,stubermovie,taosdfilm,teenspiritmov,terminator,theaeronautsmov,thebestofenemies,thedeaddontdie,thefarewell,thehighwaymen,thehummingbirdprojectfilm,theintrudermovie,theirishmanfilm,thekitchenmovie,thelegomovie,themustangfilm,thenightingalefilm,theprodigymovie,thesunisalsoastar,theupsidefilm,tolkienmovie,toystory,triplefrontier,uglydolls,uncutgems,underthesilverlake,usmovie,wavesmovie,whatmenwant,wonderparkmovie,wrinklestheclown,xmenmovies,yardiefilm,yesterdaymovie,zombieland
21bridgesmovie,1.0000002,0.94965124,0.95846605,0.9478932,0.95781857,0.94985443,0.95663375,0.9518166,0.97944176,0.95642227,0.9456124,0.9517803,0.95466185,0.9616662,0.9583307,0.956165,0.9518308,0.9539754,0.9711704,0.95315737,0.9557873,0.95509934,0.9544343,0.96005076,0.9621072,0.9084431,0.9579331,0.96166664,0.9577184,0.9535777,0.9574586,0.94988966,0.95025545,0.9515164,0.94496155,0.93445444,0.9676065,0.9662971,0.9591818,0.9455597,0.94607085,0.9536181,0.95335025,0.9615077,0.95305383,0.9500989,0.9567024,0.9582577,0.95931476,0.96018845,0.9644017,0.95759666,0.947933,0.95981985,0.9356474,0.9596642,0.9559234,0.9564078,0.95973295,0.9585466,0.94814414,0.9557904,0.95715946,0.9546423,0.9533746,0.94673115,0.9519408,0.9485511,0.9580779,0.93509066,0.96244377,0.83263004,0.9453339,0.9552359,0.9518542,0.94206053,0.9402739,0.9486152,0.9424592,0.9443582,0.9502142,0.9545188,0.95600766,0.94607735,0.9576736,0.95271856,0.9423222,0.9541247,0.95606995,0.9567777,0.9577911,0.96244377,0.9552887,0.9485696,0.96328574,0.95824444,0.95230615,0.9542475,0.9546971,0.9524058,0.9492918,0.9486173,0.9584511,0.9600433,0.94579506,0.9643585,0.9572277,0.9603657,0.9552874,0.9558427,0.96160203,0.892832,0.9564764,0.9330561,0.95729035,0.96480644,0.9847189,0.9444215,0.9586286,0.95669794,0.95765364,0.94897145,0.94970876,0.952088,0.94866335,0.96093225,0.9503949,0.9590697,0.9526172,0.9521449,0.9596397,0.94721085,0.9572407,0.94606656,0.9511621,0.9521518,0.96230435,0.9505624,0.96361256,0.9421958,0.97944176,0.95750755,0.95109016,0.95399827,0.9445445,0.9545894,0.9506165,0.94403845,0.9543627,0.9624849,0.9532544,0.9577564,0.9476201,0.94807583,0.9425375,0.9566235,0.938438,0.9497228,0.94748914,0.95665735,0.97944176,0.9463573,0.96010035,0.95462865,0.95875424
47metersdown,0.94965124,1.0000005,0.94289833,0.9382759,0.9463553,0.9353075,0.9511746,0.9356145,0.9661153,0.94044125,0.92909104,0.93158793,0.942702,0.9425558,0.94722754,0.9622085,0.93681955,0.94831157,0.9291835,0.9529274,0.9335685,0.93293387,0.93794096,0.9555524,0.93922246,0.90519464,0.93982786,0.9483389,0.9391414,0.9306865,0.92897725,0.9335583,0.9353706,0.9409369,0.94434553,0.9261873,0.9512413,0.9550014,0.9363553,0.935696,0.9340936,0.94554555,0.9517773,0.9479411,0.9411189,0.94017744,0.94242066,0.94874126,0.948749,0.9463999,0.9449815,0.94686383,0.93564516,0.93246216,0.9318338,0.93716824,0.9326691,0.9499881,0.94828,0.9419171,0.92936474,0.946874,0.9440044,0.9431554,0.9391842,0.9447408,0.9333591,0.93159246,0.9409821,0.93594116,0.9454007,0.8321399,0.9254355,0.9451735,0.9402868,0.92479765,0.93065554,0.93836254,0.9380996,0.94981325,0.9312533,0.9510636,0.95056885,0.9377587,0.94798076,0.92862946,0.9315813,0.9439772,0.946749,0.96203864,0.9408097,0.9454007,0.9423003,0.9427316,0.9456712,0.94692963,0.93812543,0.94994795,0.9391719,0.9367684,0.929186,0.94183624,0.9502886,0.9441043,0.9391692,0.9418662,0.9507285,0.94437,0.9457589,0.9411491,0.9482938,0.8842373,0.9391533,0.92324847,0.94114393,0.9386562,0.9512061,0.9327198,0.9406682,0.9440188,0.9365089,0.9391965,0.9551948,0.9342155,0.94421,0.9505932,0.9492448,0.9338569,0.93812686,0.92443144,0.9450461,0.94183826,0.9397327,0.9216263,0.93593025,0.9407827,0.9511031,0.9350375,0.94651324,0.92642593,0.9661153,0.9417656,0.9437663,0.9465454,0.9269325,0.94721705,0.93768936,0.94349045,0.94794434,0.9363146,0.9454351,0.94267976,0.9451109,0.9196832,0.937033,0.93408537,0.92406064,0.94021755,0.9417264,0.94988143,0.9661153,0.93514574,0.9434209,0.94330734,0.9414927
abeautifuldaymovie,0.95846605,0.94289833,1.0,0.9456746,0.9606108,0.9493217,0.9597888,0.9598008,0.98000044,0.95751905,0.95185375,0.9677997,0.95192313,0.9569193,0.96328694,0.95585823,0.9403647,0.95914465,0.9504937,0.9560917,0.9582145,0.96310294,0.9536578,0.9560895,0.9600856,0.9234686,0.95462203,0.9539276,0.97405356,0.957383,0.95099276,0.95186436,0.9442722,0.96181524,0.94345474,0.94256747,0.96710163,0.9564141,0.95238286,0.95618254,0.94533765,0.95584786,0.9537687,0.9595293,0.95833606,0.95643395,0.95766306,0.9577754,0.9552832,0.9575293,0.97935456,0.9626701,0.9524832,0.95715386,0.94399095,0.9601103,0.95942503,0.9580736,0.957556,0.95771784,0.94346946,0.9554852,0.95979714,0.9590505,0.9606542,0.951772,0.9455692,0.95069325,0.9576938,0.9447581,0.96279407,0.8383191,0.9511938,0.9579388,0.9579936,0.9413488,0.94583166,0.95733285,0.9538829,0.9528053,0.9589894,0.95383954,0.95882523,0.9461196,0.9683942,0.95072126,0.94490385,0.9520173,0.9525244,0.9628035,0.9558577,0.96279407,0.95703113,0.9465389,0.9760064,0.9611014,0.95062965,0.9582269,0.95021033,0.9526951,0.95595,0.9513346,0.96105045,0.9645247,0.9416008,0.97405905,0.9667938,0.9647272,0.95431167,0.9596294,0.9623771,0.89924455,0.9624042,0.9388984,0.9633792,0.9573431,0.9660947,0.94656307,0.9603205,0.9604447,0.949737,0.94805634,0.9557702,0.9539664,0.95606637,0.95580953,0.96081334,0.9667736,0.95036936,0.94202757,0.9577652,0.9525678,0.95498997,0.94444346,0.95680374,0.953686,0.96130276,0.9532168,0.9661521,0.943731,0.98000044,0.97394764,0.9540182,0.9630895,0.9446443,0.9647502,0.95842373,0.94318104,0.959039,0.9616727,0.96024543,0.9691853,0.9501323,0.9367384,0.94742733,0.95044404,0.9475509,0.9550543,0.95581615,0.96475863,0.98000044,0.9576804,0.9562628,0.95923525,0.96279156
abominablemovie,0.9478932,0.9382759,0.9456746,0.9999995,0.9501614,0.94114107,0.9416608,0.9392877,0.96462935,0.94500595,0.9286565,0.929484,0.9525556,0.9471938,0.94291294,0.93292606,0.9256169,0.95659953,0.93205655,0.935614,0.9418898,0.9425447,0.93857026,0.94776845,0.94670254,0.9074374,0.93282473,0.94193256,0.9420267,0.9344731,0.93679017,0.93674785,0.9255526,0.93014044,0.9423943,0.9338736,0.95152164,0.95436764,0.943566,0.93195784,0.9373748,0.93683535,0.9399295,0.94298226,0.93447554,0.938869,0.93611324,0.94898933,0.94336677,0.94096076,0.9460444,0.9451807,0.9377524,0.93564796,0.93221843,0.9413228,0.93802965,0.9408161,0.94633067,0.94407076,0.94201416,0.9490403,0.9392967,0.9461355,0.9354638,0.94174147,0.93579054,0.9362918,0.9374655,0.9300499,0.9477051,0.8338518,0.91953003,0.9354496,0.9604619,0.9223706,0.9312154,0.9348429,0.9357132,0.9358407,0.9384757,0.9425114,0.9525537,0.9315756,0.94792336,0.94187254,0.93778497,0.9420269,0.9446253,0.9442588,0.94012445,0.9477051,0.93560266,0.93543386,0.9510968,0.9453139,0.9382028,0.94308203,0.9392321,0.94318277,0.93039846,0.9419327,0.9532062,0.95191044,0.9380491,0.9431406,0.9375616,0.95492196,0.9366568,0.93731195,0.9399844,0.89773387,0.9344978,0.9241258,0.94340664,0.9438941,0.95396096,0.9410094,0.94717836,0.9392929,0.9419564,0.9254723,0.9378423,0.92940354,0.94303524,0.9491724,0.94513845,0.93911797,0.94056,0.9320873,0.9450431,0.94465506,0.93441004,0.9269354,0.9350827,0.93478394,0.9509179,0.9404937,0.9447527,0.93054193,0.96462935,0.9435904,0.92983776,0.949679,0.9345,0.9463916,0.93362427,0.94103587,0.9535537,0.9487493,0.9359728,0.94483525,0.9297827,0.91778386,0.94431746,0.93255943,0.9287781,0.92728627,0.9377162,0.9404746,0.96462935,0.92764544,0.9335664,0.93460464,0.9466492
adastramovie,0.95781857,0.9463553,0.9606108,0.9501614,1.0000002,0.94897753,0.95210457,0.9544701,0.97708774,0.9633944,0.95555204,0.9484157,0.95472056,0.95748115,0.95839393,0.9521625,0.9397675,0.97467065,0.94474113,0.958922,0.95826596,0.9502894,0.95268774,0.96543264,0.96222574,0.9124684,0.9558039,0.95690405,0.9578474,0.948126,0.95406735,0.95180905,0.9459487,0.94588464,0.9400065,0.94139236,0.9638536,0.9566385,0.9631088,0.9502851,0.9489294,0.9529928,0.94909227,0.9551989,0.9554956,0.9521179,0.9553706,0.9611891,0.9553427,0.9523303,0.9597379,0.9554965,0.94262934,0.9467667,0.94416326,0.97008383,0.94463795,0.94777423,0.9554307,0.9637814,0.9470622,0.9585862,0.95331585,0.9587423,0.94651616,0.9563815,0.94509345,0.94315326,0.95834607,0.92829186,0.9669389,0.832682,0.94395554,0.953053,0.9494871,0.9394971,0.9334703,0.94616246,0.9430462,0.95445627,0.9526955,0.9534746,0.9604141,0.94669974,0.9535194,0.93910116,0.94161654,0.95045143,0.9575634,0.9631188,0.9536323,0.9669389,0.9524744,0.95216465,0.9628396,0.9523788,0.94785064,0.9638813,0.9458749,0.94958353,0.9505758,0.9545499,0.9556625,0.95962596,0.94525486,0.9603173,0.9659271,0.95948976,0.9516893,0.9533214,0.9560608,0.9073165,0.9559683,0.94095224,0.95613533,0.95089394,0.9629229,0.94620776,0.9644238,0.9510002,0.9555997,0.9489408,0.954127,0.95175034,0.9532677,0.9668204,0.95112723,0.9451832,0.9618256,0.93945193,0.95700556,0.96470535,0.94835794,0.94340867,0.942494,0.95211643,0.9574359,0.9539482,0.96242833,0.9471022,0.97708774,0.9506704,0.9463456,0.9566442,0.9502053,0.9522583,0.95074135,0.9428538,0.96015286,0.95801,0.9587495,0.9473905,0.9469892,0.9310382,0.9459043,0.9558762,0.9386515,0.95528626,0.94458365,0.9550403,0.97708774,0.9631249,0.960306,0.9511924,0.95384735
adogsjourneymovie,0.94985443,0.9353075,0.9493217,0.94114107,0.94897753,0.9999995,0.9452576,0.93834174,0.9688741,0.9411647,0.9347095,0.9546854,0.95416397,0.94981146,0.9476717,0.94436,0.9313719,0.944906,0.9499462,0.9412483,0.9428713,0.9469609,0.95739347,0.9536547,0.9475164,0.90177137,0.93500227,0.93896735,0.9551127,0.945074,0.94256854,0.9435,0.9494837,0.94547766,0.933522,0.94105446,0.9512353,0.95156133,0.94950145,0.94367373,0.9415986,0.9447,0.9430162,0.95084685,0.94316745,0.9326679,0.9563114,0.95554346,0.9401307,0.94819593,0.9559624,0.94110024,0.94915557,0.93867195,0.932008,0.94293797,0.9335102,0.94695944,0.9542219,0.94970155,0.93850756,0.9460288,0.94923145,0.9519577,0.9380911,0.9457216,0.9434952,0.92630976,0.9463016,0.9314859,0.9563888,0.83777815,0.9306268,0.94911677,0.9401186,0.9282535,0.92499554,0.9503709,0.94648856,0.9513571,0.9309609,0.94428307,0.9517545,0.9381783,0.94227874,0.94316214,0.92575955,0.95409423,0.9462375,0.9519613,0.93893343,0.9563888,0.9480838,0.9327136,0.9547384,0.9471297,0.9353116,0.94529384,0.95042807,0.9511492,0.92978543,0.9555423,0.96300507,0.9567085,0.9342302,0.954388,0.95074445,0.95211154,0.9436318,0.94707525,0.9550207,0.89057887,0.948329,0.9255195,0.94229347,0.94260305,0.95466304,0.9434224,0.94335973,0.9486825,0.93971336,0.935267,0.9407348,0.9671757,0.942747,0.94992,0.96239907,0.9532657,0.93572104,0.9424484,0.95098937,0.9312047,0.94032735,0.9284672,0.9446347,0.93845946,0.94922036,0.9388899,0.9500173,0.9406725,0.9688741,0.95532614,0.9341617,0.9463971,0.93968767,0.9399644,0.94284683,0.9352186,0.9478974,0.9438097,0.9461274,0.95566696,0.93753076,0.9111225,0.9425233,0.93977445,0.93686104,0.9434514,0.9360021,0.9507706,0.9688741,0.94188005,0.950763,0.9453704,0.9552049
aftermathmovie,0.95663375,0.9511746,0.9597888,0.9416608,0.95210457,0.9452576,0.9999999,0.9591606,0.97980726,0.95058787,0.9477782,0.94423145,0.95182383,0.96112764,0.9593201,0.96196973,0.9484412,0.9574012,0.9485355,0.9523464,0.9608738,0.94795614,0.9546114,0.95994925,0.9531591,0.9058114,0.9494922,0.955326,0.9526699,0.9498011,0.95602036,0.9482868,0.9472605,0.9586539,0.94012076,0.9408459,0.96508497,0.9485805,0.95387393,0.9506704,0.9542377,0.9610384,0.9554245,0.9620504,0.9616146,0.95213103,0.9579293,0.9564822,0.95451224,0.9608075,0.955569,0.9580206,0.95133865,0.95904255,0.943208,0.9527021,0.95277435,0.96043414,0.9612789,0.95853996,0.9501294,0.9677832,0.95604944,0.95481145,0.9568169,0.9570144,0.9588545,0.94998705,0.9585948,0.946848,0.9596005,0.84069735,0.9414178,0.9580422,0.9523736,0.9452465,0.9312579,0.95429564,0.9595706,0.95222497,0.9519203,0.97257465,0.9564405,0.95912427,0.95960593,0.9521969,0.9455591,0.9586796,0.95232445,0.9659013,0.95725,0.9596005,0.95192623,0.9484693,0.959378,0.95488095,0.95530576,0.9542697,0.96731585,0.95733356,0.95175385,0.9536935,0.9598563,0.96367615,0.9391217,0.95837295,0.9613172,0.9604708,0.95299214,0.9592356,0.9573423,0.8951782,0.95947945,0.92879444,0.96172357,0.9514554,0.9624375,0.94833034,0.9576374,0.98709327,0.95501006,0.95153445,0.9589524,0.9429919,0.9521821,0.96202624,0.9615406,0.9512857,0.95553845,0.9454173,0.9642505,0.9540549,0.96200234,0.9488424,0.9520102,0.9544296,0.9534851,0.9508106,0.9641802,0.93381834,0.97980726,0.9570178,0.9502786,0.9574175,0.93989927,0.95802176,0.95191014,0.9451588,0.956024,0.95537233,0.97671247,0.96503067,0.95345795,0.9229813,0.9496636,0.95114774,0.9405527,0.9518852,0.94577646,0.9572829,0.97980726,0.9507732,0.9585356,0.9566887,0.947621
aftermovie,0.9518166,0.9356145,0.9598008,0.9392877,0.9544701,0.93834174,0.9591606,1.0000001,0.97485065,0.9514467,0.95235443,0.9453226,0.95685434,0.9505577,0.95909697,0.9488413,0.9363476,0.9514613,0.9396901,0.95044124,0.95636237,0.9365474,0.9521701,0.9505452,0.94587433,0.9103249,0.9515524,0.9472012,0.9562913,0.94597,0.9425331,0.9482153,0.9440721,0.9533719,0.9377032,0.93835896,0.9572123,0.95162857,0.94872487,0.9483187,0.9543315,0.9479947,0.94736814,0.9534427,0.9505845,0.9393845,0.9562362,0.9513113,0.94475627,0.9518834,0.9581652,0.9527553,0.9511225,0.95784587,0.957247,0.9552364,0.9518872,0.95590377,0.95066273,0.95577955,0.9446685,0.9454234,0.94639325,0.95074004,0.9473972,0.9583111,0.95093143,0.9477394,0.9524127,0.9412389,0.9597968,0.8481797,0.94199973,0.94861764,0.9503004,0.9332487,0.9357985,0.941887,0.9384751,0.9421687,0.95086324,0.9523078,0.9531418,0.94762367,0.95384353,0.9440555,0.9376442,0.95335484,0.9516564,0.9538841,0.93953377,0.9597968,0.9464198,0.9452544,0.9620448,0.9523056,0.9443101,0.9528633,0.9507744,0.9479136,0.948518,0.94426554,0.95336246,0.96388584,0.9351863,0.9586471,0.9605584,0.95208,0.94849414,0.9606678,0.95011544,0.90091354,0.9540028,0.9354936,0.95444953,0.94216776,0.9548864,0.94681215,0.95472425,0.9554641,0.94779134,0.94725496,0.95580316,0.94502056,0.94952565,0.95475155,0.9480829,0.9413213,0.94607645,0.9366102,0.9447697,0.9424679,0.945037,0.9379499,0.949705,0.94413096,0.95506525,0.9392347,0.9604597,0.9434648,0.97485065,0.9515617,0.94078207,0.94623536,0.93778116,0.952335,0.94756174,0.94318444,0.94808483,0.94247293,0.9533898,0.9580793,0.9472861,0.9296377,0.951277,0.95199084,0.9409214,0.95240766,0.95643497,0.95814675,0.97485065,0.9437244,0.954585,0.9532071,0.9449168
ahiddenlifefilm,0.97944176,0.9661153,0.98000044,0.96462935,0.97708774,0.9688741,0.97980726,0.97485065,1.0000002,0.97035325,0.96772295,0.97042626,0.9743487,0.97766674,0.9802945,0.9735029,0.962385,0.9756582,0.96743846,0.9740262,0.9765388,0.969914,0.97416115,0.9789238,0.97565615,0.93398243,0.96846235,0.9754936,0.97749627,0.970928,0.969343,0.9708031,0.96675026,0.97486126,0.9628204,0.9575546,0.98185205,0.97650343,0.9754646,0.9713303,0.96811056,0.9753865,0.9747239,0.97883624,0.97598857,0.9667997,0.9775826,0.979867,0.9736888,0.9778258,0.98023045,0.97980756,0.9724988,0.97530806,0.963025,0.9753599,0.97095704,0.97600293,0.97827756,0.97776794,0.96703684,0.9781984,0.9757552,0.97579503,0.9745887,0.9725149,0.9670541,0.969319,0.97357476,0.9598168,0.9810138,0.86007357,0.96379304,0.97548205,0.97055286,0.96004254,0.95805246,0.9718675,0.97082704,0.96969783,0.96944517,0.9756926,0.9792479,0.9676654,0.9782244,0.9691464,0.9616812,0.97366077,0.972522,0.9805744,0.973577,0.9810138,0.9734879,0.9682729,0.98156214,0.975859,0.97033006,0.9743746,0.972258,0.969774,0.96833456,0.9730199,0.97767264,0.9813069,0.96166945,0.9801197,0.9819403,0.9781769,0.9678799,0.9759324,0.9770241,0.91501045,0.97760594,0.95230335,0.9756073,0.9709146,0.98306125,0.9696449,0.976994,0.97737277,0.9725522,0.96916634,0.9741791,0.9702737,0.972269,0.97860867,0.97445923,0.97257656,0.9709492,0.961103,0.9771573,0.97085124,0.973488,0.9628161,0.969718,0.97061443,0.97551906,0.9714433,0.9816169,0.9611234,1.0000002,0.97648656,0.9688237,0.97480583,0.96494347,0.977027,0.96988887,0.9659378,0.97524434,0.972389,0.9751872,0.9799185,0.9705213,0.94827604,0.96900165,0.9740001,0.9618883,0.97047424,0.9679683,0.9761217,1.0000002,0.96755105,0.9773856,0.9752463,0.9730735
alitamovie,0.95642227,0.94044125,0.95751905,0.94500595,0.9633944,0.9411647,0.95058787,0.9514467,0.97035325,0.9999995,0.9400158,0.9490782,0.95018536,0.94860023,0.95149356,0.94474417,0.9421685,0.96055084,0.9388201,0.94715846,0.95035017,0.9513986,0.94837224,0.95632356,0.94822246,0.9150176,0.9419587,0.9524598,0.9539722,0.9433772,0.93741876,0.94337815,0.9324985,0.94389665,0.9420401,0.93425304,0.95633316,0.9561748,0.95402163,0.9358315,0.94234157,0.9471776,0.94729245,0.95083463,0.94805706,0.9407355,0.9530061,0.95047057,0.94578874,0.9500883,0.9577538,0.9448045,0.9422064,0.94255185,0.92912936,0.9596781,0.9441294,0.9483934,0.9516576,0.95017207,0.94198877,0.9536444,0.94679374,0.94307834,0.94162816,0.9433707,0.9349884,0.9387871,0.9413323,0.9376377,0.95525235,0.8339393,0.943701,0.9451957,0.94734067,0.9369961,0.93660384,0.9397147,0.94337535,0.9348277,0.94673043,0.94981056,0.9508813,0.9339378,0.95654726,0.9433964,0.93250835,0.94134104,0.9484139,0.95230144,0.9512649,0.95525235,0.947799,0.94493556,0.9540687,0.9529703,0.93250936,0.9544163,0.9450781,0.9452197,0.9462987,0.9507286,0.9503999,0.9552372,0.95672804,0.9586042,0.9528717,0.9597445,0.94267464,0.94905436,0.9553183,0.88558793,0.94714683,0.93648463,0.94679624,0.9452083,0.96191376,0.9410331,0.9479203,0.9486577,0.94667536,0.941275,0.9491803,0.9439533,0.93829787,0.9494738,0.9439517,0.9435206,0.9521879,0.9462463,0.95129275,0.94754505,0.9459587,0.9418958,0.9436715,0.94736296,0.9563394,0.94387126,0.9565259,0.93640405,0.97035325,0.9585534,0.943498,0.9457192,0.93716145,0.94298005,0.947671,0.93683934,0.9572352,0.9590804,0.94968927,0.95317644,0.9320861,0.9273938,0.94508904,0.939504,0.9305686,0.9468073,0.94821596,0.95115125,0.97035325,0.9396023,0.94683135,0.94960535,0.953101
angelhasfallen,0.9456124,0.92909104,0.95185375,0.9286565,0.95555204,0.9347095,0.9477782,0.95235443,0.96772295,0.9400158,1.0000001,0.9432298,0.9477205,0.9531899,0.9538459,0.9396372,0.93215096,0.9475517,0.94695306,0.94173133,0.94907594,0.941343,0.9492393,0.9436986,0.95617056,0.9014994,0.939624,0.9499029,0.9478595,0.9400601,0.95200825,0.94443965,0.94012016,0.9421603,0.9211132,0.922567,0.9488276,0.9384772,0.9437843,0.93577194,0.95339304,0.93367434,0.94111323,0.94292545,0.9421591,0.94353855,0.9516783,0.9532148,0.94249535,0.93935347,0.94707453,0.9531806,0.9474424,0.9483743,0.93186533,0.94889015,0.94706404,0.9388547,0.95356905,0.94962955,0.9450001,0.95101637,0.9417433,0.9490513,0.94454557,0.9511443,0.9417452,0.9440685,0.9586528,0.9261944,0.95303637,0.83869857,0.9304665,0.9455374,0.9503829,0.92230827,0.92290556,0.93950176,0.93849236,0.93473536,0.9672841,0.94226056,0.95143384,0.9478257,0.9428419,0.9349598,0.9269908,0.93910533,0.9427184,0.9545746,0.93301433,0.95303637,0.940521,0.9375518,0.942295,0.9543396,0.9547254,0.94367623,0.9389722,0.94747496,0.93931645,0.94402707,0.9476316,0.94767076,0.9293478,0.95127034,0.9596278,0.9492751,0.9407676,0.9517277,0.9437536,0.8836952,0.9507661,0.92334044,0.9482518,0.949092,0.94681025,0.94817597,0.9528104,0.9446337,0.94435364,0.9432508,0.95136374,0.94135636,0.9441819,0.944421,0.94237167,0.9424044,0.9395775,0.92969006,0.9469148,0.95056427,0.93697536,0.9445334,0.94500434,0.9429141,0.94437087,0.94914854,0.94911134,0.9285461,0.96772295,0.9417291,0.9423074,0.9485315,0.9404607,0.94448525,0.93753034,0.93555033,0.94850916,0.9391443,0.9467754,0.9413207,0.9391551,0.9217645,0.9399943,0.9513717,0.9408349,0.9461379,0.94599414,0.945856,0.96772295,0.9496369,0.9456369,0.9465656,0.9377006
angrybirdsmovie,0.9517803,0.93158793,0.9677997,0.929484,0.9484157,0.9546854,0.94423145,0.9453226,0.97042626,0.9490782,0.9432298,0.9999995,0.9452307,0.9490811,0.9481592,0.9374709,0.93638647,0.9429653,0.93895143,0.9419116,0.95608693,0.94518596,0.9519289,0.9480396,0.9470238,0.91899574,0.9359621,0.94383264,0.9584352,0.9478237,0.93777114,0.9380554,0.9367185,0.95361376,0.934931,0.9358029,0.94876945,0.95045733,0.9458699,0.9436915,0.9347024,0.94742244,0.95142984,0.9482185,0.9527357,0.93297875,0.9551014,0.9639422,0.93495816,0.94537276,0.96840537,0.9423302,0.94589543,0.94876915,0.93663657,0.9525212,0.93848246,0.94850904,0.95364106,0.9439908,0.9403816,0.9531511,0.95221525,0.94367975,0.9445968,0.94702387,0.93450934,0.92825264,0.941236,0.9313249,0.95868826,0.8567849,0.9440437,0.95580655,0.94415224,0.9266891,0.9339884,0.95418644,0.9492679,0.9364105,0.9431966,0.95075154,0.9466105,0.93795896,0.96103096,0.93991846,0.9251351,0.9422684,0.94465697,0.9492779,0.9453538,0.95868826,0.9453231,0.9341103,0.9651621,0.9501924,0.9326348,0.94410336,0.9391859,0.94692755,0.93482125,0.9438891,0.9556388,0.96175086,0.9349333,0.96589494,0.9506001,0.94994,0.9417617,0.94890547,0.9538043,0.88710564,0.95791596,0.92795897,0.9492937,0.94601494,0.95936817,0.94278806,0.948959,0.94393533,0.94606113,0.9439272,0.9485823,0.9562061,0.9473138,0.9418232,0.95194435,0.95883286,0.9467289,0.93790823,0.95267713,0.93542224,0.9434249,0.9354785,0.947618,0.9377738,0.94962555,0.9386938,0.9624111,0.93590695,0.97042626,0.9581055,0.9469695,0.9506637,0.9410188,0.94435817,0.9514477,0.93804497,0.9390474,0.94788915,0.94383305,0.9536874,0.9402972,0.9086849,0.94867074,0.9445546,0.9351602,0.9603924,0.9431395,0.95553696,0.97042626,0.9445084,0.95475227,0.94757605,0.94908965
annabellemovie,0.95466185,0.942702,0.95192313,0.9525556,0.95472056,0.95416397,0.95182383,0.95685434,0.9743487,0.95018536,0.9477205,0.9452307,0.9999997,0.9531197,0.9579164,0.956566,0.9359872,0.9541509,0.93951994,0.94603366,0.95305914,0.93930453,0.95416063,0.9579393,0.94666314,0.90803146,0.93891144,0.95246464,0.95475346,0.9505811,0.94429946,0.9404714,0.9482096,0.9410396,0.9451031,0.9315808,0.9626771,0.97226095,0.9552021,0.9405993,0.9546206,0.94497406,0.9400122,0.95096046,0.9580508,0.94646215,0.9575938,0.95929617,0.9564599,0.94576454,0.95520896,0.95338315,0.95407027,0.9492764,0.950122,0.9503591,0.9424856,0.9484802,0.9534858,0.94768167,0.9643196,0.9550259,0.9576549,0.9625668,0.949879,0.95168346,0.94567186,0.9420666,0.95070016,0.9349416,0.9561478,0.8287337,0.9402621,0.94771445,0.95519614,0.9311367,0.93481076,0.94603926,0.9466871,0.94619423,0.9435191,0.9500783,0.97248805,0.94273025,0.9571015,0.9528385,0.9474223,0.98003876,0.9572338,0.9542156,0.94712067,0.9561478,0.9467664,0.9499248,0.9586407,0.9530191,0.95026296,0.9537242,0.95950943,0.94885427,0.9443819,0.9540017,0.95505023,0.96211606,0.9345707,0.9585729,0.95603764,0.9669008,0.94623655,0.95007974,0.95730007,0.9066843,0.9537992,0.928121,0.9526438,0.95184535,0.96028864,0.9551548,0.9505369,0.9499329,0.96130323,0.94836193,0.9523375,0.94369143,0.9437802,0.9564888,0.9576897,0.94177765,0.93926656,0.9310503,0.9549642,0.9440218,0.93965167,0.93904537,0.9468007,0.9477993,0.9587094,0.9493838,0.95363045,0.9399163,0.9743487,0.94581234,0.9453363,0.956005,0.9500116,0.95271116,0.9397885,0.94191444,0.9601052,0.95120853,0.9508268,0.94808835,0.94096553,0.92531395,0.95272124,0.9423712,0.943799,0.947143,0.9515134,0.9539223,0.9743487,0.939718,0.96018857,0.95675826,0.9540025
annamovie,0.9616662,0.9425558,0.9569193,0.9471938,0.95748115,0.94981146,0.96112764,0.9505577,0.97766674,0.94860023,0.9531899,0.9490811,0.9531197,0.9999995,0.9614015,0.95104426,0.94682944,0.9514861,0.9545417,0.9503115,0.95492107,0.9476918,0.95810467,0.95987034,0.9588851,0.9058731,0.9480841,0.9545105,0.96075404,0.9517709,0.9583965,0.94262046,0.9538631,0.9485796,0.9349442,0.9372859,0.9639455,0.9548789,0.9625879,0.9470188,0.95201236,0.95774066,0.9506945,0.95735705,0.95455956,0.9460308,0.95928156,0.9618357,0.9535699,0.95452225,0.96316916,0.95731413,0.9508294,0.9528289,0.94481415,0.9487538,0.9593259,0.9593138,0.9588659,0.95824254,0.9515947,0.9580719,0.9577258,0.96593636,0.9538559,0.9573536,0.9490496,0.94534236,0.9617767,0.93421453,0.9623981,0.83637357,0.9389648,0.95061487,0.9529133,0.9369194,0.93903047,0.94644696,0.9473515,0.94811285,0.95559996,0.952819,0.95255834,0.9538995,0.9552308,0.95579684,0.938643,0.95919853,0.9489082,0.9575188,0.9532282,0.9623981,0.9543124,0.9545444,0.9632097,0.9590434,0.9564502,0.95636237,0.9478509,0.96121496,0.9461801,0.9469683,0.96251327,0.96221715,0.9582576,0.9606195,0.9613016,0.95547324,0.94940335,0.9537844,0.95817494,0.8893305,0.96177024,0.9273285,0.96043783,0.95405036,0.9647366,0.9519596,0.95837677,0.95912796,0.9540445,0.9525014,0.9537816,0.95410657,0.94943273,0.9582224,0.95259565,0.95585155,0.95943815,0.94811535,0.9629327,0.9499644,0.9533441,0.9504222,0.9497977,0.95525724,0.95466906,0.9567968,0.9605045,0.9373702,0.97766674,0.95686364,0.9479179,0.9512392,0.948787,0.95958644,0.9502018,0.94276196,0.95784396,0.9533114,0.9568668,0.95505637,0.9466804,0.92745566,0.9506108,0.958603,0.953987,0.95205724,0.94778574,0.95678926,0.97766674,0.9422445,0.9613594,0.96141434,0.95645225
apollo11movie,0.9583307,0.94722754,0.96328694,0.94291294,0.95839393,0.9476717,0.9593201,0.95909697,0.9802945,0.95149356,0.9538459,0.9481592,0.9579164,0.9614015,0.99999994,0.96082157,0.9435513,0.95553654,0.94687814,0.9701832,0.9625134,0.95781803,0.9547988,0.9596108,0.9583589,0.91376495,0.94861454,0.95686436,0.9617881,0.9449657,0.95125484,0.9557445,0.95019364,0.9571338,0.94797707,0.9420723,0.9644206,0.9597917,0.9532263,0.9517897,0.95807695,0.95645046,0.95524555,0.9587495,0.9584878,0.949356,0.95802134,0.9570315,0.95712334,0.95639557,0.9637483,0.9670674,0.95891345,0.9591248,0.94626737,0.95897675,0.9513624,0.95770437,0.95810694,0.95262104,0.9505041,0.95467144,0.9536563,0.9583982,0.9589256,0.95208,0.94330764,0.95422435,0.95736897,0.9408084,0.95759887,0.8473751,0.9453906,0.95680153,0.9504281,0.94438094,0.9455131,0.95563287,0.95134884,0.9541227,0.95346713,0.95616734,0.96452284,0.9554924,0.96175313,0.9532455,0.94821954,0.952159,0.94775367,0.96314436,0.94656855,0.95759887,0.9451671,0.9540505,0.9627224,0.97465146,0.9542093,0.9535973,0.9509412,0.94625056,0.9497406,0.9563044,0.9602027,0.956378,0.94134134,0.96296096,0.9621742,0.964203,0.9545387,0.9595922,0.95487386,0.89623946,0.95800316,0.93095464,0.9595332,0.9531445,0.96200126,0.94911116,0.96356136,0.9538445,0.955258,0.9470972,0.9572857,0.9484586,0.9595012,0.9569638,0.95423883,0.9540231,0.95286816,0.9359884,0.95602727,0.9565146,0.95546013,0.9452847,0.9485103,0.94696033,0.9545355,0.95508045,0.957639,0.9396522,0.9802945,0.9610735,0.9501223,0.9557342,0.9424397,0.9622467,0.95246184,0.95259446,0.9626445,0.94720244,0.9537253,0.95762694,0.955442,0.9386614,0.94605905,0.95162076,0.9509793,0.9497095,0.9537661,0.9589373,0.9802945,0.94741875,0.95852435,0.962468,0.9556034
arcticdogsmovie,0.956165,0.9622085,0.95585823,0.93292606,0.9521625,0.94436,0.96196973,0.9488413,0.9735029,0.94474417,0.9396372,0.9374709,0.956566,0.95104426,0.96082157,0.99999994,0.9429627,0.9614552,0.9413397,0.95861906,0.9449966,0.9461739,0.9433218,0.96151555,0.95247054,0.9008226,0.95289546,0.9490352,0.9556922,0.9464046,0.94254017,0.93628854,0.9510718,0.9525053,0.94419837,0.93382436,0.96106523,0.9553967,0.9446878,0.94972634,0.9475535,0.9584789,0.9568081,0.96212673,0.9519038,0.9472842,0.94625187,0.9561132,0.9504778,0.9598683,0.95753515,0.9563721,0.943961,0.9429746,0.94082266,0.94876146,0.9489489,0.95768154,0.9529522,0.9470062,0.9453409,0.9518075,0.95045847,0.9543386,0.95224965,0.9544468,0.9405951,0.9402153,0.9549954,0.94356364,0.94828135,0.8369624,0.94332683,0.94589,0.9440151,0.9341229,0.9403587,0.9456502,0.94587255,0.9543917,0.93900937,0.9509078,0.9543336,0.9472888,0.95197076,0.94416827,0.94394517,0.9585973,0.9461095,0.96194565,0.94950485,0.94828135,0.951154,0.93734336,0.9583998,0.9562305,0.94964117,0.95857555,0.94483423,0.94240195,0.9438474,0.9486247,0.95295024,0.94620645,0.930863,0.9566984,0.9557219,0.96324915,0.96312267,0.94367844,0.95516706,0.89668214,0.9547843,0.92012924,0.95536083,0.94759434,0.9569005,0.9495194,0.9476998,0.95861787,0.95477366,0.9475391,0.9591173,0.93999773,0.9504945,0.95518607,0.9540179,0.9453288,0.9425103,0.93153787,0.9540102,0.9416495,0.94644845,0.93346095,0.9510676,0.9421819,0.9519237,0.94610626,0.9463471,0.93668854,0.9735029,0.9525667,0.9462514,0.9487003,0.93625003,0.949503,0.9354782,0.9446635,0.95399714,0.9445136,0.9603389,0.9480511,0.9511619,0.93363655,0.94261974,0.94067305,0.9411567,0.9394629,0.9439138,0.9592126,0.9735029,0.94368804,0.9516173,0.95244384,0.948416
arcticmovie,0.9518308,0.93681955,0.9403647,0.9256169,0.9397675,0.9313719,0.9484412,0.9363476,0.962385,0.9421685,0.93215096,0.93638647,0.9359872,0.94682944,0.9435513,0.9429627,1.0000004,0.93953097,0.9389737,0.93994635,0.9347244,0.9393592,0.9432562,0.94757956,0.94576347,0.89321345,0.9401535,0.96420074,0.94043475,0.93052703,0.9413847,0.9381941,0.93188334,0.93535537,0.9302486,0.9234513,0.94752085,0.93125534,0.9479818,0.937655,0.9304041,0.9497954,0.93998426,0.9545447,0.93434846,0.9335168,0.94521433,0.9371282,0.93667054,0.9515771,0.9426885,0.9500783,0.92580605,0.9423814,0.91686463,0.9413554,0.9371045,0.94349056,0.94054353,0.9476698,0.9313788,0.9375409,0.94283754,0.93555474,0.94825286,0.93511677,0.9293932,0.94436854,0.94277495,0.9182814,0.9541436,0.8265651,0.9231806,0.93351614,0.93510425,0.9194626,0.91843325,0.9359596,0.93227714,0.9326984,0.943383,0.9394175,0.9327689,0.9319411,0.9446266,0.9364614,0.93235326,0.9413403,0.93978155,0.9563507,0.9454902,0.9541436,0.94773024,0.9379105,0.942037,0.9497928,0.93914,0.94186574,0.9249597,0.9347335,0.92968255,0.9327174,0.9410071,0.9476628,0.93093616,0.9445019,0.9467076,0.94297004,0.927851,0.9485816,0.94374996,0.8871491,0.9421765,0.9150986,0.93576866,0.93877196,0.952753,0.9398808,0.94143534,0.94103366,0.94910794,0.9420043,0.9354918,0.9408291,0.9347525,0.94374275,0.9365966,0.937341,0.94498444,0.93745124,0.9381285,0.9416863,0.97128963,0.9439691,0.9337942,0.9329414,0.9360259,0.9474623,0.9596386,0.9234314,0.962385,0.94478095,0.9339245,0.9341671,0.9298857,0.9463329,0.93801534,0.9288399,0.93556535,0.9407462,0.94144624,0.94052947,0.9369649,0.9246163,0.93862146,0.9506693,0.93667686,0.94638425,0.9331095,0.93018186,0.962385,0.93301183,0.94422096,0.94452375,0.9356621
artofracingmovie,0.9539754,0.94831157,0.95914465,0.95659953,0.97467065,0.944906,0.9574012,0.9514613,0.9756582,0.96055084,0.9475517,0.9429653,0.9541509,0.9514861,0.95553654,0.9614552,0.93953097,0.9999999,0.93754643,0.9575288,0.9570215,0.95254594,0.94779295,0.96416706,0.9597643,0.9069135,0.9596018,0.9584477,0.957629,0.9479072,0.93938065,0.95187557,0.9414056,0.9480655,0.94036037,0.93552285,0.9581634,0.9571718,0.9553616,0.9517042,0.9476706,0.9556824,0.9600854,0.9593017,0.9552576,0.95187414,0.95020896,0.9577351,0.95353,0.9584928,0.96021765,0.95604104,0.9453555,0.946441,0.93897146,0.9664564,0.9455236,0.9545277,0.95078635,0.96174407,0.95420367,0.9559052,0.9486496,0.95367855,0.9399129,0.9584316,0.9446418,0.9491419,0.95297366,0.9430712,0.9597573,0.8262696,0.9427057,0.9522373,0.9511899,0.9405508,0.9336221,0.9457362,0.94769824,0.9558444,0.951773,0.95180607,0.95937973,0.9445469,0.9546735,0.94825715,0.9474093,0.9503007,0.954466,0.9593324,0.9579812,0.9597573,0.9524291,0.945878,0.9600388,0.9563784,0.9500253,0.9622484,0.94596905,0.94765776,0.9468951,0.94833803,0.95284015,0.9599952,0.9469883,0.9599586,0.96342075,0.96061915,0.9477511,0.9501097,0.9579408,0.90356344,0.9563835,0.93213665,0.95364624,0.94592696,0.959971,0.9483701,0.95908993,0.95708245,0.95630264,0.94304234,0.95320576,0.94438446,0.9519289,0.96311027,0.95389277,0.9503321,0.9562895,0.9365125,0.95614135,0.9627643,0.94810385,0.93755937,0.95002675,0.94822985,0.9567658,0.9572831,0.9575856,0.9578112,0.9756582,0.95484346,0.9406059,0.95896757,0.9510735,0.9462458,0.940391,0.94609237,0.95967597,0.9520586,0.9551073,0.95461243,0.94794416,0.9318985,0.95648944,0.9519612,0.9380752,0.945567,0.94454026,0.9527361,0.9756582,0.9516288,0.9503632,0.9496332,0.9585903
avengers,0.9711704,0.9291835,0.9504937,0.93205655,0.94474113,0.9499462,0.9485355,0.9396901,0.96743846,0.9388201,0.94695306,0.93895143,0.93951994,0.9545417,0.94687814,0.9413397,0.9389737,0.93754643,1.0,0.93389714,0.94847065,0.95007396,0.94496804,0.9422634,0.9561848,0.8953986,0.94087064,0.9446508,0.95379347,0.9503198,0.9714313,0.93692094,0.9403881,0.9451437,0.924042,0.9209585,0.95552546,0.93825305,0.9499527,0.937595,0.9399834,0.93597007,0.93645567,0.9422511,0.9351704,0.9482332,0.9474598,0.9419149,0.94571257,0.94158196,0.9603504,0.9476451,0.95118093,0.9484539,0.922044,0.9441386,0.9465592,0.948653,0.95330745,0.94734895,0.93330294,0.9427035,0.93963003,0.9405931,0.94557077,0.93742806,0.9511202,0.94194233,0.9491571,0.9287037,0.9494886,0.81185406,0.9313847,0.94100016,0.9376014,0.93431616,0.9215393,0.9393829,0.9343721,0.93960786,0.94157463,0.94450486,0.94522256,0.9353275,0.94240654,0.94025326,0.9272374,0.94345737,0.93924206,0.94420916,0.941749,0.9494886,0.93812543,0.93682694,0.95607406,0.94506586,0.9456941,0.93840665,0.94576836,0.94403577,0.93847615,0.9440455,0.9483808,0.9453304,0.93517256,0.9604096,0.95714986,0.9367057,0.94348377,0.94810325,0.95046544,0.8874538,0.9456749,0.92410606,0.95220107,0.9428226,0.9505716,0.93240625,0.94081646,0.94818735,0.9368622,0.93992394,0.9336373,0.9402007,0.9367773,0.95260507,0.9426781,0.95890605,0.9362388,0.94299704,0.94939893,0.9340189,0.94710076,0.94292146,0.9447088,0.9468762,0.9379782,0.942234,0.94928646,0.93721324,0.96743846,0.9530548,0.93896776,0.93737733,0.936664,0.9464725,0.9442944,0.92708594,0.93860686,0.9436927,0.945907,0.94906086,0.9389128,0.9339789,0.9263164,0.94413495,0.93396264,0.938796,0.93331707,0.942188,0.96743846,0.9412253,0.948707,0.9426487,0.95690036
beachbummovie,0.95315737,0.9529274,0.9560917,0.935614,0.958922,0.9412483,0.9523464,0.95044124,0.9740262,0.94715846,0.94173133,0.9419116,0.94603366,0.9503115,0.9701832,0.95861906,0.93994635,0.9575288,0.93389714,1.0,0.9456947,0.95739114,0.9484781,0.9511581,0.9521973,0.9175023,0.9524436,0.95310426,0.9543937,0.94764113,0.9418534,0.94849324,0.94502014,0.9484356,0.9471627,0.9417042,0.954219,0.9549062,0.94104093,0.94882816,0.94501764,0.9537482,0.94700515,0.95573926,0.94938844,0.9513079,0.9503305,0.9561772,0.9460365,0.95368356,0.9563907,0.959874,0.9467112,0.9521406,0.9381514,0.9564137,0.94663614,0.9561028,0.95328265,0.94607186,0.9412796,0.95403504,0.94654197,0.95289755,0.9541879,0.9482048,0.93467486,0.94556457,0.951061,0.94763595,0.9461737,0.84878844,0.94510424,0.95434433,0.939245,0.9332108,0.9392481,0.9439416,0.9392058,0.94870716,0.94816285,0.9504729,0.95898116,0.95245105,0.95603216,0.9411128,0.94283164,0.94365287,0.9363595,0.96114624,0.9477736,0.9461737,0.95027035,0.9427581,0.95107394,0.96151656,0.9456859,0.9688567,0.93921167,0.9415683,0.9446164,0.95164317,0.95015013,0.9479155,0.9407133,0.9563797,0.9592257,0.95683163,0.94485104,0.95382965,0.95124865,0.90197086,0.95664793,0.9381422,0.9525899,0.94700646,0.9593577,0.9445281,0.95548296,0.951562,0.9509031,0.9499132,0.9535611,0.9424756,0.9522446,0.9545671,0.94814605,0.9447084,0.94779724,0.9296299,0.9466249,0.9502003,0.95006776,0.9312822,0.9457615,0.9471899,0.9540461,0.94934124,0.95184755,0.9466299,0.9740262,0.9559656,0.9472063,0.9541314,0.93812394,0.9580495,0.9458287,0.9472856,0.9502421,0.9460727,0.94988376,0.952416,0.9532605,0.93481565,0.9374344,0.9406552,0.9380594,0.93926555,0.9466233,0.9525557,0.9740262,0.942368,0.94899076,0.9531553,0.9489658
bernadettefilm,0.9557873,0.9335685,0.9582145,0.9418898,0.95826596,0.9428713,0.9608738,0.95636237,0.9765388,0.95035017,0.94907594,0.95608693,0.95305914,0.95492107,0.9625134,0.9449966,0.9347244,0.9570215,0.94847065,0.9456947,0.99999976,0.95409054,0.9531672,0.95854986,0.951831,0.9157959,0.94153035,0.95007575,0.9557902,0.94689596,0.948611,0.9519157,0.9405037,0.95155746,0.9332818,0.93613493,0.9620578,0.9453568,0.9584379,0.95246726,0.9569486,0.94719136,0.9481692,0.95032084,0.95331925,0.9477462,0.95718896,0.9611917,0.94764155,0.94877225,0.9621062,0.9567425,0.95340794,0.95202744,0.94552284,0.9566593,0.9557052,0.95002925,0.9565746,0.95591646,0.954945,0.9576289,0.9496182,0.95735914,0.94949687,0.94800544,0.9513629,0.94605035,0.94916844,0.93278,0.9553773,0.8424352,0.93922305,0.94663167,0.9453368,0.9390957,0.93175733,0.9494102,0.9474269,0.94464564,0.94379026,0.9497875,0.95702136,0.94207555,0.9569807,0.9434953,0.92994475,0.94874394,0.9497904,0.9554482,0.94639033,0.9553773,0.94646204,0.94938505,0.9602136,0.9524254,0.9439382,0.9464137,0.9520978,0.9462395,0.9524085,0.9481933,0.95198923,0.95683587,0.9305739,0.9619823,0.9597356,0.9609315,0.94822896,0.95331717,0.9532581,0.87829244,0.9539589,0.9246392,0.9630786,0.946405,0.95824575,0.9468751,0.9542186,0.9507728,0.95814264,0.9423944,0.9499066,0.9393236,0.9496042,0.95529085,0.9475021,0.9528703,0.9479509,0.9380407,0.9643552,0.9501031,0.94866556,0.940994,0.94919145,0.94151056,0.9497974,0.9455673,0.95646954,0.9406922,0.9765388,0.9558162,0.9474922,0.95239645,0.94074804,0.95212716,0.94180495,0.9355545,0.95321673,0.95159596,0.9558239,0.94979817,0.94917756,0.9216007,0.9408796,0.9511579,0.9323148,0.9454398,0.9465788,0.95573986,0.9765388,0.95006144,0.9563084,0.9524252,0.95289713
