movie,21bridgesmovie,47metersdown,abeautifuldaymovie,abominablemovie,adastramovie,adogsjourneymovie,aftermathmovie,aftermovie,ahiddenlifefilm,alitamovie,angelhasfallen,angrybirdsmovie,annabellemovie,annamovie,apollo11movie,arcticdogsmovie,arcticmovie,artofracingmovie,avengers,beachbummovie,bernadettefilm,blackandbluemovie,blackchristmas,blindedbythelightmovie,bombshellmovie,booksmart,breakthroughmovie,brianbanksmovie,brightburnmovie,brittanyrunsmov,captainmarvelofficial,captivestatemovie,catsmovie,charliesangels,childsplaymovie,clarathefilm,coldpursuitmovie,countdown,currentwarmovie,darkwatersmovie,detectivepikachumovie,disneyaladdin,disneyfrozen,disneymaleficent,doctorsleepmovie,dolemiteismyname,dontletgomovie,doramovie,downtonabbey_official,dumbo,escaperoom,everybodyknowsmovie,fastandfuriousmovie,fightingwmyfam,fivefeetapartfilm,fordvferrari,freaksthefilm,geminimanmovie,glassmovie,gloriabellmovie,godzillamovie,goldfinchmovie,goodboysmovie,goodliarmovie,gretafilm,halathemovie,happydeathdaymovie,harrietfilm,hellboymovie,hersmellmovie,highlifemovie,highstrungmovie,honeyboymovie,hotelmumbaifilm,httydragon,hustlemovie,hustlersmovie,isntitromantic,itmovieofficial,jayandsilentbob,johnwickmovie,jojorabbitmovie,jokermovie,judythefilm,jumanjimovie,justmercyfilm,knivesout,lalloronamovie,lastblackmansf,lastchristmasthemovie,latenightmovie,lighthousemovie,lionking,littlethemovie,littlewomenmovie,littlewoodsfilm,longshotmovie,lordsofchaosmovie,lucyintheskyfilm,mamovie2019,marriagestory,meettheaddams,meninblack,midsommarmovie,midwaymovie,missbalamovie,missinglinkfilm,motherlessbklyn,onceinhollywood,onthebasisofsex,overcomermovie,peanutbutterfalcon,petsematarymovie,piercingmovie,playingwithfire,playmobilthemovie,pomsmovie,queenandslim,rambomovie,readyornotfilm,richardjewellfilm,rocketmanmovie,scarystoriesmovie,secretlifeofpets,serenityfilm,shaftmovie,shazammovie,spidermanmovie,spiesindisguise,starwars,stormboymovie,stubermovie,taosdfilm,teenspiritmov,terminator,theaeronautsmov,thebestofenemies,thedeaddontdie,thefarewell,thehighwaymen,thehummingbirdprojectfilm,theintrudermovie,theirishmanfilm,thekitchenmovie,thelegomovie,themustangfilm,thenightingalefilm,theprodigymovie,thesunisalsoastar,theupsidefilm,tolkienmovie,toystory,triplefrontier,uglydolls,uncutgems,underthesilverlake,usmovie,wavesmovie,whatmenwant,wonderparkmovie,wrinklestheclown,xmenmovies,yardiefilm,yesterdaymovie,zombieland
21bridgesmovie,0.99999964,0.931953,0.9677728,0.95380247,0.9644747,0.9613522,0.96294856,0.96837676,0.9815635,0.962236,0.94986176,0.95810264,0.9544711,0.9616799,0.95813656,0.95009065,0.9507337,0.9594828,0.97145045,0.95863104,0.9533677,0.9638627,0.96125245,0.9610197,0.9580559,0.8978978,0.95694345,0.9536611,0.96334714,0.96330667,0.9424013,0.96492946,0.95367455,0.95218074,0.9572586,0.9154302,0.9657081,0.96692675,0.9582711,0.9555222,0.9553602,0.969431,0.9595084,0.96763664,0.9535972,0.9631223,0.96602297,0.95805943,0.96156144,0.9716472,0.9636751,0.96914846,0.9558341,0.94869506,0.9545322,0.9570457,0.94975215,0.9635847,0.9549524,0.95735824,0.9479407,0.9512962,0.9524259,0.95795697,0.96120447,0.95585203,0.96445733,0.9587497,0.9569189,0.9500696,0.9648997,0.85634387,0.9549744,0.9632691,0.9577593,0.94367564,0.9282384,0.9493379,0.95506746,0.9531005,0.946543,0.9597412,0.9662346,0.9633664,0.94782513,0.9402059,0.95988876,0.95891386,0.9591086,0.961873,0.9629567,0.9648997,0.9560426,0.9591647,0.9681522,0.9513841,0.9550872,0.9619951,0.95577204,0.9504719,0.95465,0.96665,0.95967656,0.96001506,0.949952,0.96236324,0.9668563,0.9604667,0.95481044,0.96530396,0.965614,0.8996679,0.96061367,0.9341619,0.95124286,0.9667815,0.98804176,0.9575655,0.96149,0.95801216,0.9694216,0.9681165,0.9641576,0.9448204,0.9639969,0.94990623,0.95729613,0.9578166,0.9561915,0.9463007,0.96461487,0.965567,0.9538896,0.95242,0.96868926,0.9573174,0.9702972,0.9617218,0.96173936,0.9576085,0.9815635,0.95827127,0.9579502,0.9641998,0.9645352,0.95993686,0.9462166,0.956052,0.9626855,0.9695889,0.95823824,0.96347076,0.96057177,0.9605888,0.95522517,0.95475173,0.9618594,0.9580957,0.9734266,0.96669596,0.9815635,0.9555155,0.96381414,0.96438617,0.95719093
47metersdown,0.931953,1.0,0.9526283,0.9310109,0.943795,0.9502369,0.9315066,0.9409144,0.9577448,0.9426565,0.9359873,0.92558604,0.938918,0.9488242,0.94510204,0.95019656,0.9368035,0.94123733,0.9267263,0.9457825,0.9460891,0.9456594,0.9484473,0.93425846,0.93160224,0.86991453,0.94320685,0.9428778,0.94340116,0.93822974,0.93601453,0.9400778,0.939058,0.9389845,0.94084996,0.8990903,0.9402366,0.93587327,0.9435989,0.94272333,0.9237022,0.94306475,0.9220872,0.94418776,0.9498892,0.9421306,0.94694453,0.9277209,0.94481796,0.9461795,0.9461138,0.9517041,0.9520188,0.9279828,0.92762417,0.9459468,0.9318517,0.9392845,0.93388474,0.94133186,0.9337233,0.91022563,0.93965346,0.94260913,0.93010014,0.923936,0.93184954,0.9461999,0.93865913,0.93629885,0.95067734,0.84858805,0.9189571,0.93452084,0.94343185,0.9334871,0.908506,0.9322063,0.93332094,0.92874694,0.94086426,0.9374093,0.9487348,0.93772423,0.9422751,0.93336844,0.93011284,0.9390557,0.9411262,0.9405395,0.92277116,0.95067734,0.93879366,0.93556815,0.9444308,0.94133115,0.94058585,0.95743954,0.9374908,0.9343687,0.93871236,0.93577516,0.93530434,0.9468638,0.93625206,0.9434751,0.9407181,0.93796384,0.93544143,0.9309488,0.9488644,0.8923183,0.930287,0.91811264,0.933699,0.9523809,0.94489515,0.9367482,0.9431862,0.9234966,0.9362567,0.93791574,0.936782,0.9371397,0.9360546,0.9378786,0.9301183,0.9385545,0.94119143,0.91302747,0.9491698,0.9507625,0.9349893,0.9393039,0.94390064,0.94458604,0.93252736,0.9494893,0.9502904,0.9419415,0.9577448,0.93632567,0.941502,0.9267357,0.9228947,0.9378681,0.9209438,0.9314364,0.93158454,0.9330779,0.9299724,0.94058055,0.9487687,0.9343331,0.93909913,0.9406539,0.9518926,0.9410169,0.9368933,0.934731,0.9577448,0.94158757,0.94193125,0.95188415,0.94380647
abeautifuldaymovie,0.9677728,0.9526283,0.9999999,0.95477426,0.9625186,0.95908725,0.9636427,0.96520627,0.98117167,0.960391,0.9545774,0.9613528,0.9522979,0.9661333,0.95773554,0.96112543,0.95340586,0.9592874,0.9599234,0.95604265,0.954452,0.9770986,0.96616095,0.96487576,0.9639093,0.9119697,0.9577902,0.95683026,0.9772695,0.96795213,0.9484527,0.9690241,0.9524616,0.9620015,0.9606748,0.9261602,0.9669899,0.9602753,0.96255195,0.95327187,0.9583694,0.9627488,0.95516676,0.9650937,0.9615337,0.967463,0.96474344,0.9590305,0.9649523,0.9659267,0.9790962,0.9756679,0.95913976,0.95400584,0.9577821,0.95803463,0.9482257,0.95792687,0.9547236,0.9587297,0.9441357,0.9485748,0.9589787,0.9588457,0.96528065,0.961714,0.9664315,0.9649386,0.9564043,0.94902176,0.9637062,0.87174684,0.9598356,0.9646636,0.952738,0.94946826,0.9145462,0.94040066,0.95368385,0.9610344,0.9524007,0.9570381,0.96751785,0.95997435,0.96012497,0.94491005,0.9536852,0.9616851,0.95681274,0.95963186,0.95749575,0.9637062,0.96091855,0.95931107,0.9749175,0.95109314,0.9626762,0.9641501,0.95995784,0.94779533,0.9606614,0.96975416,0.9683706,0.960722,0.9545497,0.9757647,0.96550703,0.95752096,0.9674624,0.9637267,0.96748614,0.9073526,0.9654135,0.9332961,0.9501958,0.964772,0.9700464,0.9512611,0.96265376,0.9585161,0.9708102,0.9629549,0.965683,0.957545,0.9654275,0.95339054,0.95341116,0.96724683,0.960562,0.94454837,0.960806,0.96817213,0.9573111,0.9514022,0.9658266,0.9648983,0.94796574,0.9675955,0.9662286,0.96220315,0.98117167,0.97875196,0.96041155,0.95751244,0.9597814,0.96891457,0.9511458,0.9602173,0.9611383,0.96228296,0.9637747,0.97648853,0.9629804,0.9400379,0.9557077,0.9438546,0.9553561,0.96453434,0.96739906,0.9695771,0.98117167,0.9667218,0.9648677,0.9621529,0.9758542
abominablemovie,0.95380247,0.9310109,0.95477426,1.0000001,0.95397085,0.95294034,0.9615253,0.94688714,0.9723921,0.945935,0.95036113,0.9551156,0.9598766,0.95861197,0.94833016,0.959801,0.9579289,0.9442092,0.94937783,0.94140077,0.94277024,0.95507264,0.9468065,0.9456571,0.9516619,0.91615963,0.9470552,0.9516943,0.9447857,0.9563645,0.93956035,0.9440924,0.953914,0.94935083,0.94793653,0.928967,0.95584357,0.95397633,0.95430326,0.9580007,0.9587545,0.9580741,0.94488746,0.9577364,0.95961374,0.950067,0.9507527,0.94744694,0.9457747,0.9611485,0.9540651,0.95898616,0.9517203,0.9464052,0.9584815,0.9397073,0.94491893,0.95019716,0.965337,0.9628234,0.9468361,0.96257,0.95183045,0.94778734,0.9520263,0.951987,0.94980663,0.9576538,0.9433788,0.94303113,0.96308506,0.8684759,0.94275653,0.9537714,0.9598064,0.94507307,0.9225514,0.94349974,0.94714653,0.9450427,0.95219964,0.96385676,0.9593854,0.9581285,0.95643914,0.9323538,0.96359324,0.94653684,0.9537236,0.9486615,0.95130384,0.96308506,0.94551164,0.9537621,0.9613203,0.94594204,0.9517996,0.9581324,0.9410247,0.9381146,0.9550833,0.9560244,0.9503399,0.9669595,0.9530722,0.95365006,0.95241475,0.9514121,0.9555368,0.9476153,0.9592642,0.9062701,0.9496197,0.9439676,0.9338263,0.9542118,0.95159096,0.9519948,0.96428096,0.9572245,0.95763344,0.94895285,0.9608091,0.9414483,0.9536805,0.94986945,0.9461472,0.94803977,0.9563734,0.9277821,0.94830114,0.95072377,0.9508856,0.93884027,0.9586266,0.9541716,0.94647986,0.95245266,0.96386665,0.95178956,0.9723921,0.9421874,0.9582764,0.9415252,0.94524163,0.9508117,0.94962573,0.9488708,0.9487142,0.94542027,0.95562714,0.9555133,0.9547053,0.92542416,0.96451485,0.95078415,0.9513025,0.9631132,0.9528218,0.95523995,0.9723921,0.9444327,0.9587379,0.9473879,0.9537312
adastramovie,0.9644747,0.943795,0.9625186,0.95397085,1.0,0.96536696,0.9559174,0.9582369,0.98432475,0.9709268,0.95965266,0.95834094,0.9638604,0.9626448,0.96472263,0.9636859,0.96315885,0.97712904,0.96096265,0.9586581,0.95881146,0.960891,0.9658754,0.95905477,0.9538196,0.89718676,0.96887153,0.9556811,0.95083106,0.9706353,0.95731944,0.95795816,0.96168935,0.9574259,0.96346354,0.9353154,0.97040933,0.9630728,0.96269894,0.9590846,0.96476847,0.9702204,0.9465597,0.9650589,0.9575795,0.9638054,0.969475,0.96601593,0.96349555,0.9710694,0.9598772,0.9663272,0.95651114,0.9533914,0.9566775,0.97045714,0.95390654,0.96323544,0.9636161,0.96419686,0.9642991,0.9546789,0.968815,0.9593328,0.95323455,0.9583876,0.955254,0.9568568,0.96077245,0.94843966,0.97091836,0.8831391,0.9512964,0.96323323,0.9601482,0.9522318,0.94204694,0.95479167,0.9598163,0.96209157,0.9551187,0.9549509,0.9654083,0.96910244,0.9586283,0.9584263,0.9582975,0.96643794,0.9652569,0.95660466,0.9620203,0.97091836,0.96136224,0.96000725,0.968914,0.9540163,0.9645323,0.9641867,0.9476528,0.9539175,0.9565212,0.9693216,0.9540458,0.97329986,0.9528542,0.9602242,0.9541262,0.96481556,0.9644136,0.95325327,0.9697732,0.9200142,0.96110517,0.95101106,0.95452267,0.9660255,0.9661583,0.9585256,0.96361446,0.9590802,0.9629444,0.9668439,0.9630277,0.9597251,0.9602184,0.96117085,0.9597128,0.96038085,0.9746057,0.9407931,0.9669923,0.97689366,0.9549482,0.9463195,0.9681529,0.9710307,0.95886457,0.961602,0.97179246,0.9609185,0.98432475,0.9581045,0.962799,0.95910853,0.95710546,0.95954853,0.9473219,0.9565439,0.95893514,0.9593278,0.95921445,0.96766907,0.9716671,0.94450134,0.9637093,0.96029407,0.9601673,0.967793,0.9674217,0.9607796,0.98432475,0.9682734,0.96855164,0.9674065,0.9611804
adogsjourneymovie,0.9613522,0.9502369,0.95908725,0.95294034,0.96536696,0.9999999,0.9629886,0.9563472,0.97946167,0.9592499,0.9609856,0.95296335,0.9672219,0.96277064,0.9659411,0.963759,0.9567949,0.95424837,0.9550221,0.9621571,0.95892876,0.96056515,0.9713667,0.961237,0.95241284,0.8856408,0.9598944,0.9595007,0.95833117,0.96569526,0.95694596,0.9517134,0.96139765,0.95382786,0.9449706,0.90781665,0.9695226,0.96393716,0.96531904,0.9521014,0.9613638,0.96825826,0.94889164,0.9650024,0.96019393,0.9521886,0.970539,0.9671686,0.95584375,0.9680449,0.9617819,0.96174884,0.959057,0.95659417,0.9571716,0.95846045,0.9477488,0.9608659,0.9609864,0.9584013,0.9571163,0.94984674,0.96340746,0.9577491,0.95014423,0.95089376,0.9542669,0.95099247,0.9566478,0.95355797,0.9603737,0.8528186,0.94144,0.96206355,0.9622056,0.9505242,0.91774905,0.9589552,0.9552718,0.9645536,0.95623326,0.9648341,0.9617276,0.95146227,0.95181984,0.9519362,0.95706886,0.96474075,0.94981784,0.96091247,0.95637375,0.9603737,0.9600522,0.95690066,0.96153325,0.9572277,0.9618779,0.9680195,0.95305145,0.9612634,0.9523434,0.9624169,0.96143955,0.96224153,0.9488185,0.96178675,0.964879,0.9642102,0.9612126,0.96129495,0.96888566,0.89528275,0.95966566,0.9266514,0.9501652,0.9614825,0.961432,0.95253944,0.9557449,0.9552087,0.9659119,0.96850616,0.9709482,0.96962804,0.96019053,0.9554717,0.9668475,0.95898443,0.958159,0.9455883,0.9640085,0.9600452,0.9468085,0.95025235,0.9638467,0.9673613,0.95411557,0.961114,0.9592724,0.95506155,0.97946167,0.9561909,0.9525264,0.96536475,0.95609397,0.9536257,0.93880755,0.95057255,0.9601577,0.9487002,0.9580688,0.955444,0.9691064,0.9378214,0.9506461,0.95725983,0.9633979,0.9550896,0.96017396,0.95032513,0.97946167,0.9606061,0.9718344,0.97519815,0.9610915
aftermathmovie,0.96294856,0.9315066,0.9636427,0.9615253,0.9559174,0.9629886,0.99999964,0.96235067,0.97803456,0.95718575,0.9535088,0.9495921,0.96093994,0.9658602,0.9599237,0.95734674,0.95201415,0.9447776,0.9555071,0.9399322,0.95400745,0.9620259,0.9549927,0.9607509,0.965122,0.9032289,0.95518243,0.9638536,0.9584812,0.9601935,0.94951034,0.96442825,0.95345896,0.95078146,0.95685506,0.9137961,0.9617854,0.9616816,0.95511055,0.9580397,0.958436,0.9718653,0.9526763,0.9694155,0.9593063,0.9495459,0.9587938,0.94944483,0.95451677,0.97234076,0.96185213,0.96701694,0.95330024,0.95219624,0.9580651,0.9568365,0.94201976,0.96358174,0.95898277,0.96347755,0.95055336,0.9570608,0.9535758,0.9571188,0.95408493,0.9626487,0.9565761,0.96272296,0.9472346,0.9485609,0.96598905,0.8585152,0.9531135,0.9662518,0.9556109,0.9416354,0.9105642,0.95198256,0.9545797,0.94980377,0.9492831,0.9805181,0.9681085,0.9574139,0.9562174,0.94516206,0.9564499,0.9538919,0.956431,0.9584243,0.96068865,0.96598905,0.9546451,0.9640847,0.9599388,0.9442777,0.9490438,0.96243405,0.97233397,0.9499634,0.9486121,0.96231854,0.9585039,0.9631352,0.9548989,0.96038175,0.9661735,0.9564218,0.96185905,0.96851856,0.9630264,0.88518566,0.9588887,0.92656577,0.9476462,0.9545637,0.96355236,0.9539525,0.9624154,0.987083,0.96887964,0.9585096,0.9679701,0.94580144,0.9589077,0.9593139,0.95524985,0.9539079,0.95669615,0.9377518,0.95903194,0.95588195,0.95363307,0.9462596,0.96342784,0.9618705,0.95677686,0.9580528,0.9617226,0.94036734,0.97803456,0.95596385,0.9487221,0.95271087,0.9453426,0.957919,0.93744004,0.9570696,0.96450245,0.96163726,0.98091894,0.95561874,0.95713353,0.9386377,0.9525136,0.9520896,0.9526516,0.9631874,0.9632334,0.95875514,0.97803456,0.96069646,0.9702158,0.95524514,0.9580954
aftermovie,0.96837676,0.9409144,0.96520627,0.94688714,0.9582369,0.9563472,0.96235067,1.0,0.9812664,0.9597321,0.94663155,0.95692897,0.9540165,0.9598945,0.95161444,0.9618721,0.95541036,0.95472306,0.9596129,0.94576824,0.96259034,0.9638159,0.9648108,0.95578307,0.96533,0.89932984,0.9542589,0.96179706,0.9611027,0.961839,0.9526407,0.96739906,0.9649842,0.95547897,0.9447144,0.92615044,0.9626141,0.9605878,0.96361434,0.96279436,0.95522,0.976047,0.95738906,0.9706247,0.96427184,0.95640665,0.9636603,0.9573644,0.97085357,0.97715145,0.9678633,0.97193825,0.9562059,0.94343597,0.958071,0.9489726,0.9510733,0.9695163,0.9569636,0.95858115,0.9527443,0.95572656,0.95636344,0.96439564,0.9634677,0.96071184,0.9644445,0.9613518,0.95855963,0.953263,0.9621063,0.8480809,0.9532943,0.96686643,0.9587395,0.95454425,0.9219793,0.9596489,0.95753574,0.95516986,0.94433147,0.9666508,0.9668096,0.959769,0.9563136,0.9437228,0.9534437,0.95465785,0.96017694,0.96685696,0.9640914,0.9621063,0.9603449,0.9638375,0.96842706,0.93879324,0.9537001,0.9640385,0.9639174,0.9510135,0.94939315,0.9630667,0.9556491,0.96123934,0.94579816,0.9670393,0.9658795,0.9664406,0.95319414,0.96681905,0.968072,0.8834019,0.96623766,0.9427696,0.95286185,0.96127564,0.9733289,0.9619511,0.9642642,0.95990694,0.96797866,0.96578604,0.96340907,0.945257,0.9631877,0.9582553,0.95378554,0.9695092,0.9537916,0.94543934,0.964001,0.96060383,0.96422714,0.9492038,0.9616709,0.96026933,0.96323395,0.9595007,0.9616233,0.9477876,0.9812664,0.9567441,0.9607862,0.9611405,0.9518628,0.9620398,0.9535253,0.94650435,0.9686884,0.9729848,0.9668463,0.96639997,0.95739955,0.94076896,0.9569508,0.9530951,0.9525803,0.9583789,0.9762654,0.9628674,0.9812664,0.9709848,0.9673732,0.9622141,0.95887786
ahiddenlifefilm,0.9815635,0.9577448,0.98117167,0.9723921,0.98432475,0.97946167,0.97803456,0.9812664,1.0,0.9789018,0.97358567,0.9746174,0.97647625,0.98069805,0.97575,0.98035425,0.97668564,0.9758748,0.9761947,0.9703992,0.9747705,0.9801513,0.98109496,0.9776086,0.9762161,0.9199557,0.97392875,0.9782181,0.97844213,0.9807293,0.97058886,0.9748208,0.9767725,0.97527033,0.97153497,0.9422163,0.9806353,0.97858906,0.97783875,0.9743342,0.9767342,0.98775166,0.9656882,0.9840805,0.9788605,0.9742932,0.9830179,0.97901964,0.9798262,0.98862845,0.98367333,0.985889,0.97632146,0.9674593,0.97190505,0.9736199,0.96873367,0.9824634,0.977284,0.9795552,0.9722464,0.9715135,0.97876686,0.9776286,0.97516406,0.9755188,0.9759709,0.9765062,0.9745191,0.96976477,0.9854364,0.8791477,0.9700734,0.9813883,0.9742794,0.96749616,0.94495517,0.9715849,0.97573185,0.97520405,0.97154593,0.9789947,0.9820711,0.9770897,0.9769113,0.96621627,0.9750664,0.9758879,0.9783196,0.97896105,0.97564507,0.9854364,0.9748742,0.97615606,0.9839976,0.96626633,0.9788473,0.9826536,0.97116786,0.9689513,0.97174656,0.980874,0.9736611,0.9839866,0.96996355,0.9824724,0.9778466,0.97987473,0.9786275,0.97456855,0.98477536,0.9196406,0.97995317,0.96024585,0.96851885,0.9806271,0.98402756,0.9740659,0.9801894,0.9738856,0.9822297,0.98127764,0.98177755,0.9708306,0.98045796,0.975038,0.97470844,0.9790496,0.9800289,0.95780325,0.9813819,0.9810824,0.9742794,0.9646755,0.9843608,0.9802013,0.97394484,0.98021156,0.98456603,0.9721818,1.0,0.9737896,0.9760391,0.9769584,0.97618353,0.9765175,0.96807486,0.9718338,0.9784081,0.9776018,0.97946024,0.98077285,0.98233855,0.9591163,0.9750874,0.97379833,0.9756483,0.9808376,0.98276275,0.97893757,1.0,0.9808653,0.98561215,0.9823745,0.98002213
alitamovie,0.962236,0.9426565,0.960391,0.945935,0.9709268,0.9592499,0.95718575,0.9597321,0.9789018,1.0000001,0.9534878,0.9576298,0.95136505,0.95772684,0.9541614,0.95793223,0.9590622,0.96508545,0.95263255,0.9583867,0.9543785,0.9630143,0.9640028,0.9593345,0.9530096,0.8980114,0.9590787,0.96608526,0.9588957,0.9642191,0.94491905,0.9604326,0.95600903,0.95510155,0.95339674,0.92389834,0.95898634,0.9576134,0.9593362,0.9551366,0.9579461,0.9671393,0.94392246,0.9615968,0.95511216,0.95461625,0.9653993,0.95865047,0.9641871,0.96683395,0.9659358,0.9654019,0.96093094,0.94570065,0.95521176,0.9557165,0.948749,0.97077966,0.95288986,0.9594458,0.9525755,0.9509796,0.9594117,0.95815533,0.9592965,0.95930123,0.9607646,0.9567325,0.95284903,0.95313376,0.9667465,0.8738216,0.955202,0.9562002,0.9542842,0.9482355,0.9348388,0.95110935,0.9584964,0.95823026,0.95122784,0.95543826,0.96225315,0.96061265,0.96338147,0.94568056,0.9536662,0.9559134,0.9582925,0.9592628,0.95604223,0.9667465,0.9584772,0.95599854,0.95863277,0.9411614,0.9567444,0.9633127,0.95031023,0.9479786,0.94869584,0.96205306,0.95232385,0.9613197,0.96176136,0.96428984,0.95366603,0.96206695,0.96422553,0.95623827,0.96676344,0.9003366,0.9628422,0.945596,0.9478425,0.9594696,0.9699348,0.95206004,0.96458596,0.9524403,0.96434104,0.9650169,0.9651702,0.95474637,0.96030587,0.958199,0.9549571,0.9589282,0.9649165,0.94044775,0.95686704,0.96688336,0.95641196,0.9475365,0.9722709,0.96240896,0.95034206,0.95966655,0.9661726,0.9507854,0.9789018,0.9570081,0.9573705,0.9614864,0.9609516,0.95673186,0.9429499,0.950932,0.9591312,0.9613713,0.9581765,0.95607066,0.9616613,0.9488495,0.95577276,0.9535948,0.9582988,0.9589682,0.96560514,0.954138,0.9789018,0.9621699,0.9624313,0.9632672,0.9650957
angelhasfallen,0.94986176,0.9359873,0.9545774,0.95036113,0.95965266,0.9609856,0.9535088,0.94663155,0.97358567,0.9534878,0.9999998,0.95129544,0.950211,0.962203,0.95709944,0.9545781,0.9539452,0.9512557,0.9469366,0.9565837,0.94949263,0.9551332,0.9639233,0.94994205,0.9470692,0.90783006,0.9441569,0.94789916,0.95945805,0.9641461,0.9493097,0.948955,0.95451725,0.94630873,0.94536114,0.90834355,0.95780796,0.9583532,0.95464474,0.9574226,0.9532048,0.9623303,0.9356052,0.96117246,0.95006263,0.95871884,0.9648413,0.9621493,0.9565956,0.9623194,0.962082,0.9629967,0.9599539,0.9577812,0.95017624,0.9479574,0.93851495,0.95798266,0.95371675,0.9601082,0.9493326,0.9421909,0.95213616,0.94863653,0.94511795,0.9567836,0.9492552,0.95384264,0.968688,0.9500817,0.97060966,0.87637836,0.9385775,0.9479966,0.9498653,0.9547135,0.92206424,0.9478141,0.9433118,0.9610386,0.9721889,0.9570306,0.94595796,0.9455743,0.9592128,0.93668044,0.9537135,0.9537627,0.9563671,0.954442,0.9479565,0.97060966,0.94681215,0.9487112,0.9603408,0.9608474,0.963119,0.9569878,0.93996185,0.95118207,0.95495766,0.9489468,0.95268077,0.9674199,0.94354016,0.9617849,0.94663614,0.94944644,0.96276623,0.94806176,0.95978105,0.9043614,0.9477649,0.9311841,0.94301564,0.96657234,0.95481783,0.94078344,0.95359737,0.9383414,0.95814425,0.9579561,0.95806944,0.9651406,0.96161294,0.9523412,0.9491198,0.95114493,0.9585529,0.9290811,0.95724934,0.94967985,0.94372255,0.9394044,0.9548488,0.9677196,0.9427769,0.96474034,0.9718679,0.9531343,0.97358567,0.94945383,0.9544404,0.95338225,0.9549683,0.9586968,0.95126086,0.9461098,0.94791347,0.94834423,0.9572181,0.95510334,0.9646953,0.9249806,0.95912683,0.95758736,0.95756364,0.95342666,0.94967234,0.94489276,0.97358567,0.9540452,0.9564478,0.96664417,0.96349883
angrybirdsmovie,0.95810264,0.92558604,0.9613528,0.9551156,0.95834094,0.95296335,0.9495921,0.95692897,0.9746174,0.9576298,0.95129544,0.99999976,0.956981,0.95669395,0.9477314,0.9593477,0.9538429,0.9446088,0.95419717,0.94378376,0.9539461,0.9542533,0.9532534,0.9596927,0.9562811,0.90241957,0.94571626,0.94739884,0.96092576,0.96679825,0.94486266,0.9535656,0.9527035,0.963161,0.94222045,0.9214496,0.9579322,0.95983046,0.9564371,0.95249695,0.95840734,0.9617972,0.9502698,0.96426296,0.946324,0.95857185,0.95506877,0.95741326,0.96037203,0.9629171,0.9695919,0.9634477,0.9448618,0.9429915,0.95667475,0.9393928,0.9467001,0.95979255,0.9460106,0.9558295,0.94178116,0.9512956,0.9516368,0.9657596,0.9553834,0.9602957,0.9473258,0.94453734,0.94769055,0.94123614,0.9586993,0.8658549,0.94368774,0.9551823,0.9508885,0.9526818,0.9190778,0.9452741,0.9523959,0.94013065,0.94208354,0.9568604,0.9587087,0.93836457,0.96453375,0.931762,0.95087916,0.95429784,0.958112,0.9492742,0.9596011,0.9586993,0.9623827,0.95315135,0.96995276,0.9420344,0.9544763,0.95150876,0.94237006,0.93546444,0.95221865,0.9671753,0.95279163,0.95443153,0.9554671,0.9683229,0.95000875,0.9621289,0.96384335,0.95280373,0.9571608,0.8951409,0.95835865,0.94194174,0.9411942,0.9542759,0.96296346,0.94864976,0.9504317,0.94457144,0.967355,0.95278907,0.9617313,0.947669,0.9582883,0.9546732,0.96074015,0.9639182,0.95841265,0.9435505,0.95560557,0.95660514,0.9526836,0.929388,0.9590934,0.96150726,0.9462296,0.9488935,0.96814406,0.95132977,0.9746174,0.9531346,0.9630547,0.9605482,0.96078295,0.94987875,0.9505824,0.9460305,0.9579765,0.94948035,0.9529909,0.96302545,0.95496595,0.9273479,0.9582446,0.9404411,0.9461305,0.9558345,0.95169383,0.9560731,0.9746174,0.95042425,0.961573,0.95985824,0.96365374
annabellemovie,0.9544711,0.938918,0.9522979,0.9598766,0.9638604,0.9672219,0.96093994,0.9540165,0.97647625,0.95136505,0.950211,0.956981,0.9999997,0.9579462,0.95819986,0.963565,0.9574737,0.95039123,0.9492504,0.95018333,0.95844346,0.95365334,0.9578427,0.95946896,0.94841623,0.9064342,0.9455689,0.9575032,0.9490634,0.9578956,0.9520644,0.9504109,0.95997876,0.9584048,0.9550626,0.9222603,0.9623306,0.9677003,0.9577597,0.95189035,0.9617039,0.9622529,0.94056547,0.95487964,0.95493406,0.9545506,0.9581682,0.9563148,0.9615498,0.9633194,0.9519603,0.9622637,0.95598716,0.9502185,0.9557355,0.96077514,0.9538081,0.9570411,0.9573369,0.9660506,0.96500295,0.9480518,0.95808786,0.96219575,0.9501146,0.95601875,0.9475296,0.9493874,0.94373804,0.9447925,0.9671117,0.86374575,0.9541709,0.9555103,0.9505393,0.9482458,0.93181854,0.95709604,0.94927204,0.9504768,0.9478623,0.97064215,0.96063936,0.9574453,0.953662,0.95207083,0.96291316,0.98079336,0.95863605,0.96047765,0.9533962,0.9671117,0.9537221,0.9623885,0.9564393,0.9456596,0.9600782,0.96332633,0.9477006,0.9424692,0.94995195,0.95766735,0.94252735,0.9665163,0.94699883,0.95502955,0.9565479,0.9653986,0.95705324,0.9478036,0.95944864,0.92188734,0.95275617,0.94777036,0.9517605,0.9554269,0.9556289,0.95533633,0.9538317,0.9600095,0.96226984,0.95416754,0.9630884,0.955544,0.9569686,0.9600974,0.9655126,0.95102453,0.954721,0.9430368,0.9703695,0.96105874,0.95441806,0.93368477,0.95841676,0.9603673,0.94974494,0.95748913,0.96174043,0.945799,0.97647625,0.9427534,0.9501528,0.96373826,0.9618908,0.952165,0.93981445,0.9562857,0.96437323,0.9471756,0.96056217,0.95637965,0.9593705,0.9300075,0.9528115,0.9546857,0.94863915,0.9677046,0.9631754,0.9555593,0.97647625,0.96036416,0.96826816,0.9629427,0.9537351
annamovie,0.9616799,0.9488242,0.9661333,0.95861197,0.9626448,0.96277064,0.9658602,0.9598945,0.98069805,0.95772684,0.962203,0.95669395,0.9579462,1.0000002,0.96567285,0.96629333,0.9643112,0.9549415,0.95232654,0.9610379,0.9625625,0.96214586,0.9655246,0.9580152,0.96080005,0.88999826,0.9638724,0.96143824,0.9606071,0.96100545,0.95594513,0.95640785,0.9559905,0.955042,0.9567171,0.91892844,0.9629815,0.9689686,0.96092606,0.9653837,0.96072656,0.9651889,0.94252163,0.9679745,0.96255857,0.9602908,0.9667313,0.9592504,0.9588106,0.9695271,0.96972543,0.9697736,0.95978165,0.9529694,0.9604392,0.9613837,0.94968206,0.96310437,0.9677165,0.96559966,0.95192015,0.95001465,0.9631735,0.9713504,0.95668405,0.9537604,0.95696926,0.9632938,0.9595105,0.9561088,0.97089994,0.8764842,0.9531101,0.9655635,0.9654198,0.9525568,0.92432547,0.9475715,0.95728445,0.94730633,0.9681232,0.96361625,0.9629278,0.9520948,0.96084964,0.94680977,0.9619149,0.960976,0.9589589,0.956915,0.956301,0.97089994,0.9534988,0.9563278,0.9707462,0.94897366,0.957783,0.9734049,0.9522199,0.9673108,0.96048605,0.96754766,0.95736784,0.96866465,0.97257274,0.9694035,0.95487934,0.96131355,0.96295065,0.9618816,0.96851873,0.9021383,0.962697,0.93322957,0.95263743,0.97115517,0.97210807,0.96090394,0.96962696,0.9567801,0.96455014,0.96672183,0.9654819,0.9584825,0.96393394,0.96237063,0.95859426,0.9607831,0.9684788,0.93316185,0.96869814,0.9602025,0.95901495,0.95242345,0.96905935,0.96781206,0.9660288,0.96520466,0.9728238,0.960788,0.98069805,0.96051717,0.9615038,0.9540157,0.9512207,0.96553373,0.95089316,0.9646515,0.9604711,0.95956814,0.96722716,0.96131265,0.96812975,0.94512403,0.96112835,0.9570458,0.96188444,0.962924,0.96248466,0.95859796,0.98069805,0.96237516,0.96568,0.9640238,0.96471137
apollo11movie,0.95813656,0.94510204,0.95773554,0.94833016,0.96472263,0.9659411,0.9599237,0.95161444,0.97575,0.9541614,0.95709944,0.9477314,0.95819986,0.96567285,0.9999997,0.9650898,0.9591514,0.952814,0.9521719,0.9702287,0.95883507,0.95912063,0.958153,0.96403193,0.9551133,0.8973002,0.962217,0.95167077,0.94924927,0.959107,0.9524223,0.9519783,0.9570276,0.9449317,0.95007634,0.9175743,0.96463406,0.9558091,0.9611315,0.9535133,0.96285826,0.9637991,0.93344194,0.9552851,0.9598234,0.955859,0.9573777,0.9602432,0.956668,0.9594204,0.9562712,0.9640346,0.95546085,0.95265704,0.95069337,0.9629552,0.95341766,0.95864075,0.9544611,0.96198076,0.95192254,0.95005,0.9644637,0.95884836,0.95294875,0.94456154,0.94569755,0.95625967,0.95338213,0.94828665,0.96963,0.873026,0.9457594,0.9548907,0.95418185,0.9458318,0.923618,0.94901705,0.9556616,0.95582336,0.9543162,0.9554359,0.96248865,0.96210885,0.9505892,0.94214475,0.95781475,0.9584356,0.95597357,0.9541505,0.9550054,0.96963,0.9537883,0.9503225,0.96372354,0.9621386,0.95061886,0.9671475,0.9520402,0.9545611,0.9541254,0.9611505,0.9540571,0.97175795,0.95837384,0.9544877,0.9578961,0.9666998,0.95824015,0.9500067,0.9669233,0.904142,0.9499662,0.93054974,0.9473918,0.9589545,0.95734864,0.9450883,0.9555032,0.9522324,0.96365637,0.9537826,0.9585489,0.95446616,0.95925295,0.9512943,0.9557774,0.9526403,0.9640798,0.93400055,0.9683445,0.9667113,0.9455845,0.9437155,0.95819443,0.9610397,0.95641834,0.9670232,0.96537447,0.95090646,0.97575,0.9521753,0.9509169,0.9591345,0.9513901,0.9590249,0.94539326,0.9542229,0.95741683,0.9480796,0.95591915,0.9585493,0.9645741,0.9392887,0.9596377,0.9582941,0.9545703,0.9630119,0.9564903,0.95429677,0.97575,0.9624254,0.9674952,0.962598,0.9581594
arcticdogsmovie,0.95009065,0.95019656,0.96112543,0.959801,0.9636859,0.963759,0.95734674,0.9618721,0.98035425,0.95793223,0.9545781,0.9593477,0.963565,0.96629333,0.9650898,0.99999994,0.96210605,0.9477294,0.95252657,0.9534169,0.96791846,0.96153104,0.95646703,0.9605797,0.95591164,0.91064364,0.9540075,0.96375984,0.95578295,0.9625742,0.9552249,0.94868374,0.95815027,0.9604562,0.9480656,0.9320644,0.9623855,0.95552796,0.9622645,0.9619131,0.95745796,0.96852165,0.9400952,0.96498203,0.9691245,0.95441973,0.9563482,0.96280414,0.9657815,0.9685435,0.9675409,0.9659254,0.9561894,0.9457055,0.95104027,0.9556052,0.95666146,0.9669062,0.9536869,0.96075004,0.9544615,0.95012736,0.97138995,0.958774,0.9598573,0.9522574,0.94632035,0.9573284,0.9534981,0.95255667,0.9612279,0.86489755,0.9555903,0.9620717,0.95451045,0.9560805,0.9265452,0.9513039,0.9507177,0.9557528,0.95056605,0.96065426,0.96670413,0.95407456,0.9602424,0.9514302,0.9599799,0.9596303,0.95898235,0.9598362,0.9544692,0.9612279,0.9567326,0.9643101,0.96904993,0.9482727,0.9620673,0.96643585,0.9589252,0.9448584,0.9550244,0.96997726,0.95132375,0.96793085,0.9567553,0.96498644,0.9607007,0.9669691,0.9710634,0.9514908,0.9705786,0.8993339,0.9633536,0.94391066,0.95754755,0.95965284,0.9555546,0.94893706,0.96283793,0.9538044,0.96565676,0.9586,0.96019983,0.95597017,0.9630337,0.9564414,0.9552351,0.9640984,0.95713234,0.9397418,0.97064763,0.9612277,0.95522976,0.94523644,0.9657756,0.96486646,0.952161,0.9689924,0.96138823,0.95176667,0.98035425,0.9484635,0.9606691,0.9510519,0.9586397,0.95987767,0.9516132,0.95225465,0.9514665,0.953226,0.95901006,0.95858014,0.96198726,0.93721503,0.95814896,0.9526269,0.9558712,0.96099794,0.95991504,0.9628458,0.98035425,0.9574739,0.9737445,0.9607336,0.9638379
arcticmovie,0.9507337,0.9368035,0.95340586,0.9579289,0.96315885,0.9567949,0.95201415,0.95541036,0.97668564,0.9590622,0.9539452,0.9538429,0.9574737,0.9643112,0.9591514,0.96210605,0.9999998,0.955869,0.9496581,0.9561185,0.95777065,0.9606423,0.95961887,0.9506007,0.9491211,0.90270156,0.95596343,0.9724522,0.95214266,0.961144,0.9510282,0.93909144,0.9589881,0.95889324,0.9464693,0.9274964,0.95722556,0.9518835,0.9658892,0.95909077,0.9578583,0.9711891,0.9377849,0.9631652,0.9577819,0.9565385,0.9582901,0.957067,0.95441216,0.9680387,0.9677434,0.9584015,0.95707333,0.94469726,0.94783235,0.9584781,0.94875443,0.96328557,0.96163875,0.97184926,0.9597831,0.9681682,0.9660624,0.9584795,0.9569972,0.95150024,0.9480211,0.9560741,0.9470336,0.9559223,0.9702509,0.87613875,0.9538438,0.9528955,0.9552788,0.95565045,0.94107175,0.95186514,0.960817,0.9537297,0.9554395,0.96002966,0.9519746,0.9523464,0.96742934,0.93517536,0.9639139,0.9530986,0.9579961,0.95978934,0.9623654,0.9702509,0.9544886,0.9657686,0.9650364,0.938205,0.95511836,0.9709695,0.9388351,0.9532429,0.95388746,0.95323944,0.95000684,0.97295547,0.95040256,0.9663953,0.9447015,0.9617032,0.95881736,0.944724,0.9649539,0.888482,0.95418715,0.9479596,0.94541574,0.95975053,0.9560882,0.95164293,0.9637857,0.9536676,0.9590287,0.9534433,0.9581488,0.94452274,0.9600512,0.96262914,0.95491344,0.9625522,0.97183084,0.93074256,0.962185,0.9598248,0.9780613,0.96217513,0.9632919,0.96102923,0.95676816,0.9593874,0.97268873,0.9521343,0.97668564,0.94277936,0.9588713,0.9540005,0.9464397,0.9511301,0.9529759,0.95613533,0.9605025,0.94846255,0.95931756,0.95938,0.95895845,0.9378596,0.9654828,0.95852095,0.956054,0.966871,0.96300036,0.95393354,0.97668564,0.9591221,0.96731126,0.95504045,0.9644068
artofracingmovie,0.9594828,0.94123733,0.9592874,0.9442092,0.97712904,0.95424837,0.9447776,0.95472306,0.9758748,0.96508545,0.9512557,0.9446088,0.95039123,0.9549415,0.952814,0.9477294,0.955869,1.0,0.95247567,0.9519931,0.9430269,0.9564885,0.9612124,0.95638424,0.9459854,0.8845419,0.9625485,0.95628417,0.94969565,0.95815265,0.95177954,0.9587786,0.95549613,0.9497641,0.96288,0.9215283,0.96230537,0.95970404,0.9612945,0.94940895,0.9513711,0.9620453,0.9397965,0.9543754,0.95060015,0.9521969,0.965893,0.9561246,0.95685965,0.96228826,0.955675,0.9613927,0.9546913,0.95220417,0.9469771,0.9635842,0.94836116,0.95634764,0.9552149,0.95267516,0.9505694,0.9377178,0.9574615,0.9513175,0.9460519,0.9544293,0.95664346,0.9536804,0.9534622,0.9393213,0.9643829,0.8560406,0.94176215,0.956378,0.95139265,0.9497331,0.93900317,0.94636714,0.9599555,0.9575482,0.95679915,0.94365805,0.961053,0.96241117,0.95062894,0.94738126,0.95301414,0.95276296,0.95658636,0.9605634,0.94946337,0.9643829,0.95286417,0.95236284,0.9588653,0.9435808,0.95557517,0.95663166,0.9383354,0.94344133,0.9419613,0.95763147,0.9553851,0.9622061,0.94187945,0.95966786,0.943896,0.9494163,0.9540371,0.94419813,0.9630525,0.9140328,0.9583746,0.9399693,0.94134086,0.9586951,0.96376574,0.9508792,0.95895016,0.94973326,0.9542218,0.9617791,0.9553683,0.9489073,0.95412487,0.9488834,0.9507084,0.95687884,0.97233975,0.93875486,0.95842904,0.97262484,0.9600917,0.9313259,0.96020997,0.96013653,0.9445286,0.9548185,0.9623587,0.9630698,0.9758748,0.9627053,0.95098686,0.9517054,0.95630115,0.95526135,0.9448178,0.9588306,0.9526366,0.949384,0.94976026,0.9617623,0.9609854,0.93418026,0.9552641,0.9508943,0.95171106,0.9542614,0.96509933,0.9570392,0.9758748,0.9618047,0.95181966,0.95951587,0.9573724
avengers,0.97145045,0.9267263,0.9599234,0.94937783,0.96096265,0.9550221,0.9555071,0.9596129,0.9761947,0.95263255,0.9469366,0.95419717,0.9492504,0.95232654,0.9521719,0.95252657,0.9496581,0.95247567,0.9999998,0.93917483,0.945357,0.951474,0.95708156,0.9627524,0.9592218,0.8995705,0.95103866,0.9446481,0.9556315,0.96239275,0.96610415,0.95906776,0.9528679,0.95318604,0.9534693,0.92248803,0.9653069,0.9555672,0.9561696,0.95198673,0.94839966,0.96348923,0.9428954,0.95746255,0.95788294,0.95579475,0.9617915,0.95687103,0.958648,0.96011835,0.96124154,0.96379846,0.95013535,0.9427502,0.95060575,0.956728,0.9478641,0.96198285,0.95043755,0.9532406,0.9459695,0.954201,0.9552421,0.9515974,0.9541995,0.95875704,0.9500046,0.96037626,0.9543486,0.94756776,0.95965886,0.8604894,0.94442576,0.954707,0.95051706,0.9475196,0.9229109,0.94493574,0.96030235,0.9545665,0.94437367,0.953786,0.9547483,0.9560088,0.94874793,0.94766366,0.9542775,0.94883907,0.95620865,0.95969814,0.95649153,0.95965886,0.9491681,0.9499217,0.9697397,0.94711816,0.9549722,0.9548361,0.94820464,0.9440239,0.95575625,0.963866,0.9524926,0.96033466,0.9440819,0.9551977,0.9560852,0.9638374,0.9530423,0.94622344,0.96238315,0.8926225,0.9626702,0.9352226,0.94304484,0.9511536,0.9594405,0.9454611,0.96225244,0.95178103,0.9569813,0.95810664,0.95164484,0.9393242,0.9591188,0.94002146,0.9517233,0.96542865,0.95663494,0.94709074,0.9588683,0.95568407,0.9434309,0.9435318,0.96189237,0.9597831,0.95313686,0.953981,0.95686245,0.9540491,0.9761947,0.9477364,0.9586959,0.9525949,0.94909173,0.95768255,0.94486856,0.9462099,0.95761025,0.95112723,0.9564812,0.9531324,0.9590883,0.9442003,0.95484453,0.95056766,0.95227987,0.9625609,0.95820457,0.9603671,0.9761947,0.9508715,0.97106045,0.9650053,0.95881236
beachbummovie,0.95863104,0.9457825,0.95604265,0.94140077,0.9586581,0.9621571,0.9399322,0.94576824,0.9703992,0.9583867,0.9565837,0.94378376,0.95018333,0.9610379,0.9702287,0.9534169,0.9561185,0.9519931,0.93917483,1.0,0.9472271,0.9617202,0.960401,0.9462613,0.93770987,0.8922578,0.952777,0.9506495,0.9543639,0.9533354,0.93692976,0.942482,0.95501137,0.94275475,0.94635195,0.9175886,0.9534608,0.95463103,0.9550498,0.9457388,0.96140784,0.9551646,0.931463,0.9523263,0.9489895,0.95871884,0.95601976,0.9566997,0.95180255,0.9579041,0.9589105,0.9585651,0.9483873,0.9423669,0.9487581,0.95505995,0.9441746,0.95105785,0.95085347,0.9503183,0.9519416,0.9348238,0.9546164,0.95573914,0.9525076,0.94253355,0.93884313,0.9457228,0.9524975,0.9536392,0.95885164,0.8645946,0.94694626,0.94355315,0.9443428,0.94056964,0.92251533,0.9439323,0.9361418,0.9527416,0.94808793,0.949692,0.95187026,0.94759583,0.9448681,0.9250117,0.95422685,0.95377475,0.94257104,0.94643444,0.94840515,0.95885164,0.9407659,0.9431635,0.9538469,0.9515037,0.94484687,0.9670457,0.9343764,0.9476165,0.9535875,0.9511436,0.9512725,0.9529846,0.9503158,0.9598826,0.9479767,0.95069385,0.95319235,0.9414322,0.9621203,0.91161835,0.9429048,0.93328506,0.93057734,0.95783526,0.95709264,0.9368635,0.9445346,0.9336779,0.95971054,0.95537215,0.957526,0.9553901,0.9534519,0.95423394,0.948108,0.9482593,0.95541364,0.9248879,0.9600692,0.95897496,0.9455045,0.94524086,0.9617098,0.9548235,0.95237803,0.9593252,0.9595321,0.962243,0.9703992,0.9487056,0.95302945,0.9575446,0.9544825,0.954591,0.94285506,0.9540885,0.94847316,0.9380478,0.94446266,0.94940597,0.96392643,0.9339947,0.9484564,0.94954765,0.95194334,0.9485911,0.95443225,0.93897164,0.9703992,0.9562015,0.9518366,0.95775485,0.9579068
bernadettefilm,0.9533677,0.9460891,0.954452,0.94277024,0.95881146,0.95892876,0.95400745,0.96259034,0.9747705,0.9543785,0.94949263,0.9539461,0.95844346,0.9625625,0.95883507,0.96791846,0.95777065,0.9430269,0.945357,0.9472271,1.0000001,0.96343,0.95846206,0.9514486,0.96052027,0.90420616,0.9534895,0.95362645,0.95987844,0.9548572,0.94679314,0.9548538,0.95643485,0.9562893,0.95414525,0.9387894,0.9629502,0.9554967,0.9523539,0.94956356,0.9485402,0.97094953,0.94731665,0.9650108,0.9550287,0.95483714,0.9583653,0.95210123,0.9608026,0.96774757,0.9631908,0.96050507,0.9502194,0.9525865,0.94928324,0.95230585,0.9499989,0.95961976,0.9481076,0.95944995,0.95360017,0.94921917,0.95296526,0.96399194,0.9516019,0.9438747,0.9462452,0.955878,0.9515895,0.93985647,0.9582494,0.8626371,0.9503609,0.9554681,0.95478034,0.94617313,0.927292,0.9579595,0.94910496,0.94540995,0.9474557,0.9625945,0.9605066,0.9574163,0.9599436,0.94203436,0.95014477,0.9536821,0.9532732,0.95622396,0.95345193,0.9582494,0.95682496,0.9514843,0.96382576,0.9400424,0.9574498,0.96191806,0.96101683,0.9462144,0.9484288,0.9640359,0.95910203,0.95772153,0.94930744,0.9652497,0.95954216,0.96215415,0.95552444,0.950066,0.96204096,0.89116573,0.95984715,0.9370546,0.96461457,0.95909613,0.9624806,0.9557678,0.96401024,0.95213896,0.9606202,0.95305794,0.96122915,0.95812607,0.9596573,0.95383835,0.9495612,0.956722,0.9523744,0.93850017,0.9700565,0.9626965,0.9480738,0.95138204,0.9535046,0.96080214,0.95213616,0.9550998,0.9594549,0.94753265,0.9747705,0.9507353,0.95160943,0.95207274,0.9477647,0.95121294,0.9392699,0.95951885,0.95874196,0.9590818,0.9539131,0.9573398,0.95331097,0.92900366,0.9547594,0.9501134,0.95731276,0.9555508,0.95664984,0.95417076,0.9747705,0.95256674,0.96878827,0.96207696,0.958732
