movie,21bridgesmovie,47metersdown,abeautifuldaymovie,abominablemovie,adastramovie,adogsjourneymovie,aftermathmovie,aftermovie,ahiddenlifefilm,alitamovie,angelhasfallen,angrybirdsmovie,annabellemovie,annamovie,apollo11movie,arcticdogsmovie,arcticmovie,artofracingmovie,avengers,beachbummovie,bernadettefilm,blackandbluemovie,blackchristmas,blindedbythelightmovie,bombshellmovie,booksmart,breakthroughmovie,brianbanksmovie,brightburnmovie,brittanyrunsmov,captainmarvelofficial,captivestatemovie,catsmovie,charliesangels,childsplaymovie,clarathefilm,coldpursuitmovie,countdown,currentwarmovie,darkwatersmovie,detectivepikachumovie,disneyaladdin,disneyfrozen,disneymaleficent,doctorsleepmovie,dolemiteismyname,dontletgomovie,doramovie,downtonabbey_official,dumbo,escaperoom,everybodyknowsmovie,fastandfuriousmovie,fightingwmyfam,fivefeetapartfilm,fordvferrari,freaksthefilm,geminimanmovie,glassmovie,gloriabellmovie,godzillamovie,goldfinchmovie,goodboysmovie,goodliarmovie,gretafilm,halathemovie,happydeathdaymovie,harrietfilm,hellboymovie,hersmellmovie,highlifemovie,highstrungmovie,honeyboymovie,hotelmumbaifilm,httydragon,hustlemovie,hustlersmovie,isntitromantic,itmovieofficial,jayandsilentbob,johnwickmovie,jojorabbitmovie,jokermovie,judythefilm,jumanjimovie,justmercyfilm,knivesout,lalloronamovie,lastblackmansf,lastchristmasthemovie,latenightmovie,lighthousemovie,lionking,littlethemovie,littlewomenmovie,littlewoodsfilm,longshotmovie,lordsofchaosmovie,lucyintheskyfilm,mamovie2019,marriagestory,meettheaddams,meninblack,midsommarmovie,midwaymovie,missbalamovie,missinglinkfilm,motherlessbklyn,onceinhollywood,onthebasisofsex,overcomermovie,peanutbutterfalcon,petsematarymovie,piercingmovie,playingwithfire,playmobilthemovie,pomsmovie,queenandslim,rambomovie,readyornotfilm,richardjewellfilm,rocketmanmovie,scarystoriesmovie,secretlifeofpets,serenityfilm,shaftmovie,shazammovie,spidermanmovie,spiesindisguise,starwars,stormboymovie,stubermovie,taosdfilm,teenspiritmov,terminator,theaeronautsmov,thebestofenemies,thedeaddontdie,thefarewell,thehighwaymen,thehummingbirdprojectfilm,theintrudermovie,theirishmanfilm,thekitchenmovie,thelegomovie,themustangfilm,thenightingalefilm,theprodigymovie,thesunisalsoastar,theupsidefilm,tolkienmovie,toystory,triplefrontier,uglydolls,uncutgems,underthesilverlake,usmovie,wavesmovie,whatmenwant,wonderparkmovie,wrinklestheclown,xmenmovies,yardiefilm,yesterdaymovie,zombieland
21bridgesmovie,0.99999976,0.9576772,0.96852297,0.97054106,0.95659894,0.96615064,0.9715556,0.96174866,0.9839575,0.963653,0.9672977,0.9598083,0.9554957,0.9658229,0.9673304,0.96603674,0.9632778,0.9644582,0.9799743,0.9646122,0.966944,0.96892095,0.9727749,0.9706161,0.9603467,0.8976563,0.968684,0.9616676,0.97075045,0.95863926,0.96364164,0.96243894,0.9493244,0.9604646,0.9568015,0.9273841,0.97087353,0.97222704,0.9665576,0.9621285,0.9608931,0.9684426,0.9610631,0.9721392,0.9684964,0.9668375,0.9712236,0.9587432,0.96386844,0.96859,0.9769781,0.966493,0.97321665,0.9666583,0.9472936,0.9525523,0.96898526,0.97212106,0.9694712,0.95959896,0.9566771,0.9654364,0.96850204,0.9724878,0.96257305,0.971384,0.954455,0.96574014,0.95818526,0.95318824,0.9624832,0.7799786,0.9518223,0.9620129,0.9651471,0.96251476,0.9347012,0.96159375,0.96609265,0.9597102,0.9566679,0.9640481,0.96815807,0.95876575,0.96299607,0.94978696,0.9607202,0.96327084,0.96551985,0.9682762,0.971344,0.9624832,0.96447337,0.9654646,0.9703981,0.95465666,0.9682442,0.9558192,0.9709432,0.96189827,0.9637351,0.96878177,0.9662816,0.96319515,0.96397,0.9749693,0.9707157,0.96388227,0.95559907,0.9663528,0.972384,0.87816864,0.9680012,0.92692065,0.9660803,0.979901,0.9920472,0.9627196,0.96711564,0.9679472,0.9587845,0.96649677,0.95802826,0.9647416,0.9613179,0.9690581,0.9591964,0.97122866,0.9538812,0.9439402,0.9630133,0.94595855,0.9657428,0.9557143,0.9671729,0.95668423,0.98102266,0.96942806,0.96414626,0.957875,0.9839575,0.96874875,0.959707,0.9599932,0.961676,0.96160686,0.96537495,0.9555647,0.96520376,0.9648105,0.9706008,0.97125804,0.9555348,0.96286666,0.9620728,0.9637004,0.9642097,0.9632955,0.96433026,0.9571183,0.9839575,0.97017246,0.96141464,0.9663356,0.9637706
47metersdown,0.9576772,0.9999999,0.95983654,0.9640936,0.95710176,0.9633213,0.96167636,0.9639922,0.9745727,0.9538622,0.9535238,0.9506909,0.959868,0.95866907,0.9665778,0.9688132,0.962503,0.95649725,0.9655646,0.958929,0.9648207,0.95807046,0.9584321,0.95190156,0.95710975,0.86330223,0.95898986,0.95649755,0.9616771,0.9567562,0.96191263,0.9606072,0.94752336,0.949591,0.95099646,0.9367305,0.9529363,0.9607895,0.9550289,0.9671073,0.95425224,0.9594934,0.9438266,0.95547664,0.9596403,0.9585866,0.951614,0.9567702,0.9647359,0.96020544,0.9651941,0.9719827,0.9561256,0.9601337,0.9456732,0.95310324,0.95885754,0.9599298,0.9628647,0.9642212,0.94912666,0.95489126,0.9632491,0.95821255,0.96123827,0.9615162,0.9485467,0.9600168,0.9445615,0.94808626,0.96927387,0.82006216,0.9506728,0.9499368,0.9487465,0.94416654,0.91809434,0.9519264,0.957305,0.96141756,0.9534528,0.95732015,0.9618163,0.9550892,0.94656104,0.9485184,0.9488189,0.9665154,0.9651034,0.96147954,0.95631087,0.96927387,0.95630646,0.94946575,0.95780814,0.9520665,0.95109457,0.9599055,0.95133334,0.953466,0.94985694,0.96556777,0.95920765,0.96199536,0.967091,0.96423614,0.96328294,0.9536331,0.9528483,0.95386004,0.96391696,0.8728561,0.9571247,0.9230598,0.95729584,0.9578011,0.96136993,0.9392168,0.9614922,0.9601392,0.9473326,0.9568905,0.9642681,0.9565201,0.957275,0.95645577,0.96509194,0.96140623,0.95035523,0.9392124,0.9565161,0.95467407,0.96391404,0.94167,0.9478063,0.95628536,0.9585751,0.97215545,0.9701649,0.960333,0.9745727,0.94790316,0.9550952,0.9588404,0.9510263,0.9644608,0.95691043,0.9521879,0.9584749,0.94871736,0.9557392,0.9680189,0.9505781,0.9477095,0.95739734,0.9613965,0.9493938,0.95988965,0.95910734,0.9493871,0.9745727,0.95356303,0.9599092,0.95734984,0.9606433
abeautifuldaymovie,0.96852297,0.95983654,1.0,0.96890444,0.9605004,0.9720861,0.9678007,0.9703046,0.9859926,0.96420854,0.9650405,0.9678629,0.9615948,0.9668509,0.96991634,0.97122765,0.9717974,0.9657553,0.9750626,0.96434593,0.96858746,0.9729563,0.9753978,0.96751845,0.9640689,0.8794715,0.96734226,0.9694682,0.98068756,0.96928066,0.9633525,0.9712459,0.9553978,0.9695995,0.9645197,0.9391241,0.9743302,0.96442294,0.9683208,0.9700537,0.95995235,0.9668615,0.9506937,0.96877277,0.9737318,0.9718468,0.97303617,0.96640706,0.964513,0.9671259,0.9801131,0.9719001,0.9649433,0.96615213,0.9607234,0.9551434,0.970677,0.9754939,0.96841776,0.9717729,0.956655,0.96522564,0.97780204,0.96641093,0.96939933,0.9760589,0.95812094,0.9688759,0.9618628,0.95507014,0.97472286,0.8008666,0.96355987,0.9707447,0.9656825,0.94860226,0.9328731,0.96294254,0.96765196,0.96902835,0.9650065,0.9600567,0.97131586,0.96738654,0.9657254,0.9614976,0.95666534,0.9715853,0.97460175,0.9716576,0.9674663,0.97472286,0.9728657,0.9618371,0.9777831,0.96451586,0.9653337,0.96097094,0.96559,0.9699482,0.9689447,0.9767877,0.9677647,0.97184676,0.95949966,0.97663504,0.9748989,0.96594375,0.9637979,0.9627746,0.9744841,0.8792747,0.97522134,0.934801,0.966889,0.9676724,0.9701769,0.96183443,0.97416514,0.96206254,0.9608743,0.972273,0.9713941,0.9712605,0.9680689,0.96512777,0.9672451,0.97658706,0.96227056,0.9440209,0.9646106,0.9570781,0.966233,0.96396273,0.9701096,0.9709126,0.9640199,0.97029877,0.97442126,0.962652,0.9859926,0.9757529,0.9592211,0.9619425,0.9625379,0.96852106,0.9642111,0.9713961,0.965922,0.9684309,0.97204876,0.98480326,0.9599575,0.95371234,0.95736146,0.96507895,0.9708784,0.97596985,0.96640176,0.96386236,0.9859926,0.96631867,0.970559,0.97356606,0.9729879
abominablemovie,0.97054106,0.9640936,0.96890444,1.0000001,0.95953923,0.9691664,0.97148407,0.96885514,0.98327255,0.9619248,0.95896244,0.9584729,0.9605306,0.965548,0.9682463,0.9648376,0.9645132,0.9601502,0.9686784,0.96028835,0.96906954,0.9686834,0.97345287,0.9622829,0.95821655,0.8906704,0.9637328,0.9599738,0.97734547,0.96154505,0.96321577,0.9610733,0.9527289,0.96200335,0.9700602,0.93995225,0.9702248,0.9732536,0.96971524,0.9686596,0.96359473,0.9666781,0.9595764,0.96726173,0.97135174,0.96131563,0.96900475,0.96252877,0.968244,0.9659461,0.97748214,0.9652147,0.962348,0.9608832,0.96277034,0.9587362,0.9695347,0.9685458,0.96864957,0.9645562,0.9479879,0.970773,0.97406983,0.96630317,0.9598467,0.9726211,0.9516488,0.9614953,0.9522665,0.95944184,0.9656489,0.797669,0.95587426,0.9548113,0.969838,0.95578486,0.94476086,0.9607839,0.95908993,0.96024823,0.9551496,0.97209567,0.960979,0.9654266,0.9697676,0.95373935,0.9599941,0.9600349,0.96803916,0.96640456,0.9648547,0.9656489,0.95804006,0.954529,0.97053266,0.9700964,0.9568293,0.95799017,0.9605287,0.9594673,0.96343696,0.96498424,0.96588916,0.9630878,0.963161,0.97527313,0.9685569,0.9570496,0.96058506,0.9558522,0.96534276,0.87956345,0.96662074,0.94001615,0.9617251,0.9686376,0.97154284,0.9661255,0.96902573,0.96377414,0.95787716,0.9623596,0.9660737,0.96610105,0.9677752,0.9638983,0.95461917,0.9688101,0.9622854,0.9397461,0.9596139,0.9557193,0.9650347,0.9467678,0.9577079,0.95525706,0.9606696,0.9677862,0.9663635,0.95557237,0.98327255,0.966981,0.95464694,0.96072555,0.953188,0.9562105,0.9645436,0.9689205,0.9596398,0.95785457,0.9686781,0.9659405,0.954458,0.94896567,0.96175575,0.9609578,0.9623297,0.9627217,0.95704484,0.9531722,0.98327255,0.9591033,0.9600425,0.97391737,0.9676603
adastramovie,0.95659894,0.95710176,0.9605004,0.95953923,1.0000002,0.9534767,0.9640017,0.96159136,0.97750366,0.9594483,0.9634477,0.9483891,0.9647703,0.96369326,0.97324425,0.9554417,0.9650439,0.9729661,0.9641675,0.9621751,0.9544373,0.9565793,0.9639698,0.95265996,0.95305616,0.8571964,0.9622887,0.96175855,0.95681643,0.958539,0.967138,0.9585581,0.94735867,0.9479399,0.9529655,0.9369906,0.96371365,0.9644869,0.95867974,0.96427625,0.9622315,0.96755195,0.959356,0.96584415,0.96949375,0.9710578,0.9646898,0.9571299,0.958818,0.96811575,0.9635377,0.95776564,0.9620356,0.949434,0.96230775,0.96843165,0.9578738,0.9693554,0.9556865,0.9706779,0.96165764,0.96256506,0.9649323,0.96421236,0.9628172,0.963162,0.9495422,0.9539266,0.9591865,0.942216,0.9667264,0.7821519,0.96428716,0.94904435,0.951309,0.9474879,0.9229255,0.9592007,0.9656008,0.9606414,0.9698713,0.9685212,0.9660139,0.9566705,0.95765424,0.96872425,0.96205705,0.9676893,0.9675679,0.9682629,0.9573489,0.9667264,0.94640434,0.94869804,0.96101445,0.96156037,0.96432555,0.9654199,0.95126766,0.95781326,0.96700424,0.96475506,0.94005793,0.9580557,0.9517493,0.96219605,0.9668147,0.9572544,0.9511152,0.94509214,0.95960194,0.8955054,0.96894205,0.94084543,0.95000374,0.9569783,0.9627353,0.9577244,0.959082,0.9661067,0.95488894,0.9626391,0.9714416,0.95700735,0.9655608,0.96075374,0.96401995,0.9599884,0.9807287,0.94293344,0.9521358,0.96947527,0.95767087,0.94864124,0.96436644,0.9561445,0.95671546,0.96568257,0.96622515,0.95585054,0.97750366,0.95482206,0.97126794,0.95618,0.95089585,0.9584606,0.9578276,0.95368403,0.9559194,0.9547281,0.95973605,0.9606797,0.9562019,0.9377379,0.9604713,0.9546632,0.9581952,0.9609101,0.96257704,0.95305264,0.97750366,0.9633308,0.9564615,0.9622361,0.96086377
adogsjourneymovie,0.96615064,0.9633213,0.9720861,0.9691664,0.9534767,0.9999997,0.96323305,0.96698076,0.98079586,0.9661608,0.9629971,0.9618544,0.9639839,0.9631772,0.9647955,0.9613623,0.95722604,0.9565538,0.97132605,0.9570627,0.9657027,0.971631,0.9718878,0.9579862,0.9575722,0.88279307,0.9671426,0.95938283,0.9775269,0.95847803,0.9581718,0.9597558,0.9576407,0.96201515,0.9573653,0.92995787,0.97362125,0.96251255,0.96458143,0.964028,0.9590351,0.9616136,0.9512982,0.9647855,0.9654305,0.9608467,0.96650094,0.9590568,0.96152174,0.9638548,0.9789108,0.9674364,0.9586776,0.9632952,0.95406246,0.94835514,0.96831733,0.9695982,0.96308273,0.962706,0.96051526,0.9672084,0.9625393,0.9648923,0.96274275,0.9693863,0.95685863,0.96619314,0.9613383,0.944158,0.9677035,0.8047682,0.95823634,0.9575451,0.9652341,0.9570918,0.9322478,0.9612981,0.9627032,0.9665431,0.95823616,0.9630085,0.96782327,0.9669044,0.9595847,0.94856054,0.9626427,0.9620294,0.9643345,0.96611154,0.9717935,0.9677035,0.9602375,0.9573056,0.97307134,0.9608334,0.9673432,0.9575294,0.9530537,0.9636344,0.9648606,0.9726828,0.9669395,0.96097696,0.9644884,0.9755641,0.9667415,0.9591805,0.95870715,0.9559723,0.96518296,0.8868137,0.970868,0.9212521,0.9617849,0.97033125,0.9658461,0.9615857,0.9705388,0.95969665,0.9617486,0.96184534,0.9640529,0.97448343,0.9641443,0.9630632,0.9658551,0.96830106,0.95746726,0.9386205,0.96143615,0.9488121,0.9657646,0.9511435,0.966416,0.96194303,0.95776427,0.9702628,0.96952164,0.9567909,0.98079586,0.97235525,0.9571219,0.9562964,0.95631427,0.9578146,0.955158,0.9590215,0.9585734,0.96128285,0.96397334,0.9696797,0.95901066,0.9510639,0.9609546,0.96321034,0.96239364,0.96883386,0.96294504,0.9585313,0.98079586,0.95873684,0.9648527,0.97311646,0.97161615
aftermathmovie,0.9715556,0.96167636,0.9678007,0.97148407,0.9640017,0.96323305,0.99999994,0.97019535,0.98426723,0.9668918,0.96825254,0.96373767,0.95919746,0.96694964,0.9694907,0.96357113,0.9667499,0.96430343,0.9687933,0.9597941,0.96682686,0.9607001,0.97420394,0.9640143,0.95422995,0.8780423,0.96237755,0.9629629,0.9675155,0.95860505,0.96453255,0.9592252,0.9530786,0.9651401,0.95699626,0.93118465,0.9747398,0.95953345,0.9727596,0.96398157,0.9588048,0.9664457,0.94945574,0.971522,0.9724446,0.96945447,0.9752626,0.96676457,0.9653134,0.9708394,0.9721676,0.96324366,0.9680255,0.95815426,0.9556496,0.9560025,0.967298,0.96557885,0.9684337,0.97167647,0.96040756,0.96516985,0.9743423,0.9718557,0.95840156,0.96840566,0.95705813,0.962548,0.964441,0.9603626,0.97394013,0.8193883,0.94831383,0.96403754,0.9589712,0.96059424,0.9350193,0.96438617,0.96992606,0.9558181,0.96622705,0.97351503,0.969542,0.9600594,0.9619945,0.9673385,0.9575225,0.9674841,0.97161,0.9684163,0.96697056,0.97394013,0.96959376,0.95513505,0.970671,0.9594435,0.96743876,0.9607389,0.97823894,0.9687459,0.96415854,0.9671504,0.9547557,0.965375,0.9634513,0.97076994,0.96594584,0.9677718,0.95021254,0.9565606,0.97101307,0.8861469,0.9679356,0.92992306,0.96656823,0.9642619,0.97028923,0.9601892,0.9691023,0.9911846,0.9593497,0.96525335,0.9710361,0.9655595,0.9683932,0.9702587,0.9671719,0.9659588,0.961705,0.9265809,0.9576275,0.96024764,0.9650627,0.9537248,0.9642247,0.95493853,0.96393114,0.97121346,0.9714192,0.957831,0.98426723,0.96104896,0.96212643,0.9661644,0.9615594,0.9596395,0.9649744,0.9639238,0.9688238,0.9609492,0.98685473,0.9693231,0.9533705,0.95012915,0.96539545,0.96688503,0.9637507,0.9709879,0.96625996,0.95944536,0.98426723,0.9626166,0.9624465,0.96709466,0.95983326
aftermovie,0.96174866,0.9639922,0.9703046,0.96885514,0.96159136,0.96698076,0.97019535,0.99999994,0.9825088,0.96531,0.9680144,0.9548569,0.96304137,0.96554,0.9741667,0.9680529,0.9726818,0.9619574,0.9649047,0.96403724,0.967598,0.96905917,0.9691432,0.95724714,0.9644219,0.88678735,0.96960425,0.9711845,0.97617984,0.9622757,0.95921874,0.9611045,0.9599306,0.9625473,0.965633,0.93719566,0.965829,0.963262,0.96708316,0.9645265,0.9619921,0.9697887,0.9530785,0.9700527,0.9718177,0.964907,0.96700996,0.95896053,0.9692414,0.9723496,0.974102,0.97169656,0.96651256,0.96276844,0.9631519,0.96142435,0.9691812,0.96442777,0.9711415,0.9675292,0.9601201,0.9661251,0.9728672,0.9700648,0.96874857,0.9730101,0.9517895,0.9678882,0.96095073,0.95305634,0.9768321,0.79488564,0.95741,0.96408784,0.9565598,0.9410625,0.92327964,0.9639083,0.96648926,0.96225095,0.95911145,0.96386516,0.97126,0.9658008,0.95485055,0.95720774,0.96811974,0.9725043,0.97269565,0.96531135,0.9637686,0.9768321,0.96416503,0.9480812,0.96964616,0.95897496,0.974512,0.96077347,0.9593649,0.9616238,0.96546096,0.96404153,0.9561862,0.97115237,0.963642,0.97384685,0.97056246,0.96798164,0.95458186,0.956451,0.96802825,0.8921441,0.96938705,0.94011885,0.95806664,0.96680176,0.96443564,0.9640666,0.96127987,0.96631205,0.9588143,0.9585814,0.97151595,0.96215856,0.97037476,0.9660213,0.96508163,0.96524936,0.96016514,0.9403922,0.96121514,0.9561955,0.9644508,0.9550881,0.9635409,0.96341574,0.96418023,0.9720493,0.9752161,0.96063006,0.9825088,0.9709794,0.9657186,0.9609451,0.9572036,0.9646674,0.9608989,0.9665917,0.9689757,0.9644142,0.9668132,0.97034466,0.96833193,0.94934493,0.9666048,0.9673463,0.96532255,0.9712022,0.9710403,0.96114445,0.9825088,0.9666695,0.96858853,0.9661668,0.9662827
ahiddenlifefilm,0.9839575,0.9745727,0.9859926,0.98327255,0.97750366,0.98079586,0.98426723,0.9825088,1.0,0.9774144,0.9821728,0.9732877,0.9763384,0.9816953,0.98659205,0.9795214,0.9826811,0.975623,0.9851811,0.9803055,0.9809035,0.98043597,0.9852614,0.9798917,0.97122526,0.8915194,0.97994345,0.9801878,0.98566353,0.97605836,0.97621113,0.97669196,0.968521,0.97550774,0.97392553,0.9481977,0.9856896,0.9798723,0.9827056,0.983383,0.9790014,0.98268056,0.96987504,0.9852392,0.98597753,0.9814368,0.98454666,0.97870404,0.9811441,0.98339486,0.98948807,0.98364156,0.9815678,0.9791731,0.97247744,0.971412,0.9818203,0.9839226,0.9801988,0.9821879,0.973448,0.9806326,0.9865878,0.98381376,0.9820736,0.9857981,0.96804315,0.97806346,0.9781358,0.9695972,0.9843868,0.81172985,0.97361624,0.9770153,0.9765013,0.96343476,0.94379634,0.97799516,0.9815364,0.97890383,0.9773835,0.97904,0.9864701,0.9795803,0.9763262,0.97512114,0.97827065,0.9821766,0.98359954,0.9823142,0.98013324,0.9843868,0.97700536,0.9714722,0.98436356,0.9750843,0.9819137,0.97810537,0.9765146,0.9784567,0.980534,0.98352706,0.97438025,0.9816209,0.97603333,0.9887629,0.9853136,0.9810485,0.96970254,0.9741072,0.98781955,0.8943418,0.984776,0.94880134,0.977417,0.98200494,0.9852442,0.9749144,0.9851678,0.9811771,0.97667056,0.98171234,0.9819986,0.981399,0.9818076,0.980957,0.9795905,0.98357904,0.97557676,0.95406663,0.9764222,0.9690132,0.98189294,0.9737247,0.980488,0.97659266,0.97964525,0.98521173,0.98444235,0.9739125,1.0,0.98253375,0.97871304,0.9767071,0.9745873,0.9799839,0.9786818,0.9764071,0.98074865,0.9756908,0.9837153,0.98560965,0.9749326,0.965035,0.9772569,0.97951937,0.9763016,0.9839219,0.97804606,0.9749245,1.0,0.97832423,0.9810805,0.9835733,0.97915065
alitamovie,0.963653,0.9538622,0.96420854,0.9619248,0.9594483,0.9661608,0.9668918,0.96531,0.9774144,1.0000004,0.9584579,0.9499454,0.96565545,0.95778805,0.96727324,0.9563461,0.9618605,0.961622,0.9699188,0.95828176,0.958881,0.96148956,0.9578665,0.9581409,0.94897825,0.88613504,0.96163154,0.9576109,0.9683263,0.95520693,0.96492743,0.9621361,0.9639544,0.9487777,0.95753604,0.92525613,0.9654375,0.9592062,0.97002095,0.9586782,0.9581247,0.9547236,0.9415179,0.9574245,0.962766,0.961179,0.9583213,0.9556155,0.963275,0.957284,0.9686975,0.9644445,0.96921426,0.95463014,0.9543784,0.9552316,0.96106434,0.9615676,0.96068096,0.9651684,0.96135426,0.9560342,0.963961,0.9676521,0.9568249,0.96174705,0.95474285,0.96397483,0.95847064,0.9518052,0.9650561,0.8080687,0.9567586,0.9512983,0.9588359,0.9578055,0.939982,0.9643649,0.96765155,0.96206516,0.9547382,0.96051806,0.9703565,0.95644134,0.96097517,0.9617748,0.9577546,0.9669403,0.96129364,0.9592627,0.9675085,0.9650561,0.95742285,0.95047873,0.96558136,0.9473084,0.96172017,0.9623426,0.96646696,0.94918424,0.9570407,0.95412415,0.95367837,0.9547185,0.9682489,0.96952873,0.96533257,0.96372813,0.9522431,0.9602126,0.9663022,0.88449365,0.9600372,0.9225032,0.95566976,0.9619674,0.96210515,0.95460063,0.9611912,0.9656256,0.9571141,0.9600578,0.9636457,0.96779376,0.9640984,0.9653784,0.96776694,0.9650709,0.96386504,0.9287908,0.9582264,0.9592512,0.95358485,0.9504765,0.9603104,0.9555462,0.96014476,0.9653294,0.9604787,0.9520137,0.9774144,0.962296,0.96180606,0.96139973,0.96183884,0.96250564,0.9552927,0.9704556,0.9620026,0.9555566,0.9686299,0.9615467,0.95353955,0.9574898,0.9643237,0.9543071,0.9592711,0.9633329,0.95864105,0.956649,0.9774144,0.9635712,0.9660602,0.9549778,0.96557933
angelhasfallen,0.9672977,0.9535238,0.9650405,0.95896244,0.9634477,0.9629971,0.96825254,0.9680144,0.9821728,0.9584579,1.0,0.9541403,0.95764995,0.9707933,0.96931666,0.9600391,0.9650058,0.9550132,0.96438164,0.9735111,0.9635044,0.9592958,0.96781147,0.954491,0.95448625,0.8752824,0.9666406,0.9644109,0.96366775,0.9589656,0.95627403,0.960536,0.949665,0.9549381,0.9541671,0.92370594,0.97023827,0.9589223,0.9683613,0.96335083,0.95456547,0.9655755,0.9510742,0.9704275,0.9716733,0.96672475,0.9680999,0.9568362,0.96966016,0.9700055,0.97050554,0.967961,0.96794194,0.95996845,0.9526648,0.9503347,0.9623998,0.96349096,0.9614261,0.96773577,0.95376384,0.9578152,0.968708,0.97147703,0.9706927,0.9711249,0.9485114,0.9671514,0.97261244,0.95260006,0.9704301,0.8037106,0.95560414,0.96312815,0.9620763,0.94107974,0.9220423,0.9641593,0.9695965,0.96034247,0.9752811,0.9634373,0.96883255,0.96334654,0.9541566,0.9593695,0.96422106,0.9696923,0.9653313,0.96544117,0.96192557,0.9704301,0.9559069,0.9447694,0.9675255,0.9645162,0.9785754,0.97038114,0.95288074,0.96572,0.96732676,0.9627297,0.9535274,0.96619433,0.9509473,0.9705307,0.96719897,0.9659596,0.95066434,0.959999,0.9716846,0.88516384,0.9713355,0.93505156,0.9620074,0.9702183,0.9683377,0.9596691,0.9616584,0.9652416,0.9593132,0.9623162,0.96572965,0.96220887,0.95428,0.9608014,0.9725867,0.9633361,0.9577656,0.93185604,0.9510081,0.9523486,0.96323615,0.9579522,0.964304,0.96143913,0.96001405,0.9697968,0.9672535,0.9551629,0.9821728,0.96752,0.96935654,0.9559613,0.96696645,0.96934533,0.9578906,0.95400417,0.96379757,0.9649258,0.9698299,0.96225035,0.9606594,0.947182,0.9611123,0.9748889,0.9604956,0.97238606,0.9625668,0.96040684,0.9821728,0.96975946,0.9565107,0.9692634,0.953036
angrybirdsmovie,0.9598083,0.9506909,0.9678629,0.9584729,0.9483891,0.9618544,0.96373767,0.9548569,0.9732877,0.9499454,0.9541403,0.9999998,0.9564064,0.9499441,0.95673454,0.95172817,0.95673215,0.9478701,0.97015744,0.9569867,0.9686095,0.9631638,0.95913035,0.95232457,0.95130557,0.85699415,0.9534359,0.9537294,0.9624837,0.9686124,0.9528122,0.94732314,0.93789256,0.960452,0.93586594,0.93523765,0.9620076,0.9615875,0.9581328,0.96005803,0.9527203,0.9555325,0.9502369,0.9632665,0.9604905,0.96141523,0.9587257,0.9631872,0.95147496,0.9606769,0.9729895,0.95707726,0.9590936,0.94863963,0.95462584,0.93601495,0.9670462,0.9593181,0.94901717,0.9618776,0.95299196,0.94878274,0.96033466,0.9503435,0.955456,0.95281035,0.9502348,0.9526006,0.95552135,0.94930536,0.9598341,0.8111037,0.95587444,0.9640727,0.95023006,0.94735664,0.93506765,0.95803475,0.94652,0.952696,0.9498687,0.95853263,0.95869094,0.95126426,0.95937,0.9550153,0.95442194,0.9631641,0.9708944,0.9650092,0.9558848,0.9598341,0.9618433,0.95079744,0.9730345,0.94397414,0.9606523,0.9563402,0.957965,0.9511256,0.9578734,0.9667562,0.9479898,0.9638927,0.9448786,0.96666867,0.9563257,0.9467819,0.9472464,0.95401025,0.9624275,0.8788241,0.9579258,0.9171866,0.9556904,0.9546322,0.9584807,0.94496876,0.9626899,0.9563277,0.9509102,0.96258146,0.9615879,0.9626221,0.9534306,0.95206356,0.9596312,0.97070104,0.94588685,0.94645363,0.9603345,0.9406335,0.96823853,0.9439553,0.9557953,0.95762867,0.95320046,0.95974576,0.9653161,0.9559465,0.9732877,0.95475143,0.95506173,0.9364383,0.9475261,0.95310813,0.9593881,0.95084554,0.93930835,0.9503437,0.95715344,0.9632817,0.94539374,0.9375607,0.949842,0.9515908,0.95577765,0.9703482,0.9538035,0.9468714,0.9732877,0.94675696,0.95735794,0.95255727,0.96571505
annabellemovie,0.9554957,0.959868,0.9615948,0.9605306,0.9647703,0.9639839,0.95919746,0.96304137,0.9763384,0.96565545,0.95764995,0.9564064,0.99999976,0.95661414,0.9623633,0.95169127,0.96839684,0.9537087,0.9663344,0.95849776,0.95318496,0.9624381,0.9515608,0.950607,0.9558549,0.8746606,0.96185845,0.9635382,0.96108115,0.95700544,0.9600851,0.9603077,0.95132613,0.95071924,0.9647051,0.93285376,0.9597108,0.9688588,0.96692127,0.9665207,0.9606483,0.96186787,0.94978374,0.960649,0.96274227,0.95980567,0.9580799,0.9512122,0.9601013,0.96139723,0.9672607,0.96246386,0.9618543,0.9534244,0.9596893,0.9510497,0.96265095,0.9677416,0.9495367,0.96098346,0.9705139,0.9510032,0.9615765,0.9695667,0.95452124,0.9628309,0.93811,0.9619389,0.9632737,0.94005126,0.9640091,0.8071043,0.9636912,0.9532376,0.9489168,0.9433679,0.93446434,0.94916224,0.9513301,0.9616481,0.9559323,0.9632592,0.975038,0.95865744,0.96235204,0.95250607,0.971199,0.9803763,0.96607405,0.97357726,0.96231157,0.9640091,0.9536244,0.9472064,0.9615368,0.9437646,0.961933,0.9565428,0.94646955,0.9467469,0.95862985,0.95717347,0.9486815,0.9637751,0.95043856,0.9630212,0.9559875,0.9584334,0.94603133,0.95300907,0.9633463,0.895869,0.9663912,0.9369169,0.9530003,0.96689683,0.9592462,0.94426495,0.961904,0.9551963,0.9694053,0.9591476,0.96398246,0.95586395,0.96103907,0.9568309,0.9694187,0.9610699,0.9624994,0.9478474,0.957117,0.95379597,0.96824074,0.9482749,0.9620948,0.95385396,0.9499572,0.96441483,0.96377474,0.9465798,0.9763384,0.9620661,0.95526344,0.9577502,0.9520416,0.9560932,0.95107096,0.96538556,0.9618832,0.94848686,0.9609941,0.96162003,0.9469237,0.9467405,0.9602816,0.95545083,0.9488395,0.96467394,0.96229434,0.9685702,0.9763384,0.94782746,0.9619171,0.9497175,0.9627614
annamovie,0.9658229,0.95866907,0.9668509,0.965548,0.96369326,0.9631772,0.96694964,0.96554,0.9816953,0.95778805,0.9707933,0.9499441,0.95661414,1.0000002,0.9678098,0.96452236,0.9628624,0.95510453,0.96766436,0.9591188,0.9624733,0.9582625,0.96624666,0.95685923,0.9532483,0.8573543,0.96601033,0.9679056,0.96722394,0.9661988,0.96419007,0.95983714,0.9495081,0.95827156,0.95375925,0.91939455,0.96558887,0.9626273,0.97078043,0.96182734,0.95907456,0.96775687,0.963497,0.9695242,0.9734845,0.95540416,0.9617796,0.9565701,0.96674174,0.96992975,0.9678309,0.96771705,0.9671373,0.95970607,0.9538247,0.9590626,0.9573393,0.9703056,0.95974445,0.9634408,0.9529775,0.9608546,0.96308076,0.9758394,0.9611545,0.9667366,0.9465243,0.96396816,0.9547142,0.93996507,0.96689326,0.78245354,0.9592145,0.95854604,0.96098167,0.9449822,0.91946465,0.9657002,0.9635933,0.9631843,0.96394837,0.9628905,0.9636673,0.955437,0.958465,0.956798,0.95452344,0.96888345,0.96497226,0.9720842,0.961029,0.96689326,0.948766,0.94997126,0.9643704,0.9598973,0.96381336,0.9609453,0.9501944,0.9700519,0.9575775,0.9658276,0.9520775,0.9630764,0.9653372,0.9671041,0.9673925,0.96746534,0.94636095,0.954152,0.966301,0.85472035,0.96950495,0.91788447,0.95775044,0.9674975,0.96913964,0.9564697,0.9612752,0.9648821,0.95200807,0.9649535,0.9622458,0.9590968,0.9590496,0.9617515,0.9674249,0.96541524,0.9669583,0.9356722,0.9565322,0.9542748,0.96359885,0.95009613,0.95753807,0.97273046,0.96214163,0.96675813,0.9666162,0.95684373,0.9816953,0.9688295,0.96286905,0.9560795,0.9593183,0.963311,0.9550362,0.9563618,0.96485746,0.9635662,0.966588,0.9647483,0.960331,0.9480183,0.9580119,0.9624448,0.9568383,0.9653199,0.9652997,0.9554047,0.9816953,0.96228427,0.9562628,0.96511877,0.956662
apollo11movie,0.9673304,0.9665778,0.96991634,0.9682463,0.97324425,0.9647955,0.9694907,0.9741667,0.98659205,0.96727324,0.96931666,0.95673454,0.9623633,0.9678098,0.9999999,0.96395844,0.96909034,0.9668937,0.96944904,0.9779503,0.97430664,0.9667257,0.97019,0.96727484,0.9617688,0.8758148,0.9700969,0.9711089,0.97333443,0.9613246,0.9654297,0.9616816,0.9593388,0.9653264,0.95998657,0.93223774,0.969071,0.96648586,0.967405,0.9700336,0.96335137,0.9692521,0.9587166,0.97180367,0.97847867,0.9680449,0.96917516,0.9680301,0.9678251,0.97045714,0.9780598,0.9690861,0.96810174,0.9662137,0.9617486,0.96324736,0.9666901,0.9714164,0.972885,0.97201484,0.9630135,0.97236633,0.97611016,0.9726929,0.9670037,0.9751087,0.9592398,0.9610674,0.9642545,0.95598567,0.97446924,0.79571205,0.9630194,0.96091706,0.9551454,0.95032936,0.92687553,0.9658635,0.97328234,0.9669633,0.9630164,0.96881425,0.97109985,0.96408343,0.96681523,0.9641516,0.96647733,0.9720116,0.9715197,0.96703905,0.96802914,0.97446924,0.96167725,0.95933306,0.9695725,0.97610605,0.9710276,0.9684236,0.95643526,0.9634674,0.9639455,0.96729225,0.958305,0.96913284,0.96910816,0.9781441,0.976117,0.9666028,0.9572688,0.9563141,0.97696537,0.88608295,0.9741087,0.9332392,0.9668444,0.96456385,0.9712216,0.9609571,0.96625876,0.96868575,0.9659867,0.9674775,0.97468615,0.9703065,0.9703919,0.97112197,0.96916413,0.972628,0.9651447,0.93828255,0.9675642,0.96636534,0.9693323,0.9610366,0.97135717,0.9650794,0.96908003,0.9742598,0.9733801,0.9606184,0.98659205,0.9685557,0.96826947,0.96677375,0.96152914,0.9663426,0.96193147,0.9617794,0.9668958,0.9650792,0.9656875,0.972144,0.96142113,0.9498154,0.96580905,0.96873534,0.96109563,0.96958524,0.97272027,0.96315104,0.98659205,0.9629414,0.9689235,0.9686419,0.96727955
arcticdogsmovie,0.96603674,0.9688132,0.97122765,0.9648376,0.9554417,0.9613623,0.96357113,0.9680529,0.9795214,0.9563461,0.9600391,0.95172817,0.95169127,0.96452236,0.96395844,0.9999998,0.9596865,0.9551895,0.9686243,0.9623034,0.96094793,0.96213853,0.96698797,0.9576876,0.9619154,0.8766018,0.9633041,0.95808566,0.96754766,0.9595789,0.95558196,0.95729625,0.95837677,0.957588,0.95905757,0.9377258,0.9625413,0.9611753,0.9563507,0.96887153,0.9544564,0.9602567,0.9466447,0.95874053,0.9630448,0.96106184,0.9570693,0.95506203,0.9646825,0.9596725,0.9687938,0.97077596,0.96377647,0.96025175,0.950736,0.9656998,0.9635951,0.9671302,0.96029437,0.96283644,0.9482059,0.96639365,0.9694419,0.9667335,0.96851796,0.96834356,0.958858,0.9667663,0.9500609,0.95775145,0.9677531,0.8024517,0.9571163,0.95573646,0.9617365,0.9460232,0.9286144,0.95395714,0.9604798,0.95942646,0.9584552,0.95455146,0.9663889,0.9638114,0.95121455,0.95815307,0.9437558,0.9666729,0.9645029,0.95851827,0.9651356,0.9677531,0.96145725,0.9625357,0.96549904,0.9601046,0.96085227,0.95736414,0.95744854,0.958075,0.9589275,0.97162175,0.9573437,0.9635649,0.9561927,0.967658,0.9749901,0.97202456,0.96985185,0.9537835,0.97172314,0.8678483,0.96129346,0.9280285,0.9636503,0.956384,0.9691042,0.9556127,0.96976405,0.95610464,0.9553835,0.9585429,0.9634503,0.9610869,0.9636083,0.9612067,0.9599405,0.96488196,0.9514451,0.9330545,0.95627457,0.9472299,0.96150994,0.95435745,0.95358974,0.95983636,0.96138066,0.9688515,0.9688621,0.9638781,0.9795214,0.95788455,0.9592185,0.9673302,0.9649452,0.9656892,0.9638616,0.96066695,0.96808773,0.96394867,0.96113855,0.97249943,0.9564357,0.95638275,0.95204085,0.96706533,0.9641935,0.9660639,0.95553875,0.9484431,0.9795214,0.9657647,0.9643532,0.96629506,0.9623868
arcticmovie,0.9632778,0.962503,0.9717974,0.9645132,0.9650439,0.95722604,0.9667499,0.9726818,0.9826811,0.9618605,0.9650058,0.95673215,0.96839684,0.9628624,0.96909034,0.9596865,0.9999999,0.9627673,0.9698616,0.96174926,0.9641107,0.9590643,0.9685008,0.9644496,0.94970566,0.86956924,0.96370506,0.97978187,0.96647626,0.96171254,0.9609671,0.9622933,0.9480332,0.9560713,0.9649812,0.93955624,0.9654041,0.97085357,0.96531546,0.96708256,0.96914446,0.97239643,0.95634824,0.9736968,0.96746325,0.9668953,0.97014236,0.9629199,0.96221405,0.9713896,0.9700187,0.9648893,0.970483,0.9641146,0.96736664,0.9599,0.9636724,0.97349375,0.9603837,0.96879476,0.96291405,0.95491475,0.97198474,0.9611811,0.96747136,0.9708954,0.94661134,0.95515096,0.95974404,0.9522075,0.96911937,0.79056436,0.95830166,0.9615789,0.9478611,0.9473785,0.9328751,0.9644258,0.9695754,0.96492684,0.95991063,0.9708602,0.9753157,0.9619609,0.9552121,0.9598446,0.96722883,0.9744596,0.9692922,0.9739185,0.9593378,0.96911937,0.9580381,0.9568556,0.9606282,0.9536459,0.96219546,0.9629763,0.9589088,0.9620682,0.9633893,0.96136737,0.95034677,0.9601921,0.9588587,0.968922,0.9654678,0.96398616,0.9500438,0.954057,0.9704135,0.90119886,0.9663029,0.94247717,0.96045756,0.9657459,0.9655108,0.9503477,0.9684134,0.9675018,0.9647477,0.96426,0.97273964,0.95886344,0.97128797,0.96479595,0.9666948,0.96206903,0.9661798,0.95268595,0.9634719,0.9559124,0.9807511,0.96321535,0.9633095,0.9626194,0.9583774,0.9744037,0.9694098,0.96244955,0.9826811,0.9616229,0.9662444,0.9599222,0.95993,0.9593149,0.9637419,0.96925485,0.96630406,0.9549022,0.968382,0.96865976,0.96436036,0.94737744,0.9640845,0.9626225,0.9610309,0.96926886,0.96464765,0.9633768,0.9826811,0.9594173,0.96750516,0.9614529,0.9612737
artofracingmovie,0.9644582,0.95649725,0.9657553,0.9601502,0.9729661,0.9565538,0.96430343,0.9619574,0.975623,0.961622,0.9550132,0.9478701,0.9537087,0.95510453,0.9668937,0.9551895,0.9627673,0.99999994,0.9669483,0.95887303,0.9586889,0.9555384,0.9664772,0.9606795,0.9457773,0.8662854,0.9561029,0.9538568,0.9556801,0.95218885,0.9620296,0.954223,0.95232654,0.94579834,0.9539382,0.93050903,0.96056646,0.96660244,0.9581251,0.961158,0.95672804,0.96104866,0.95567954,0.9643796,0.9647334,0.96235347,0.9669299,0.95705247,0.9534925,0.96416056,0.96153873,0.9576671,0.9578703,0.9499068,0.9505526,0.96864575,0.9531843,0.9684971,0.9578589,0.96324515,0.9477118,0.9592834,0.96305686,0.9636363,0.9559601,0.9624686,0.95164585,0.95226717,0.9476309,0.9488082,0.9646334,0.7803306,0.95141876,0.94783115,0.95153165,0.9501572,0.9169266,0.95624924,0.9634242,0.95850617,0.95986867,0.9586697,0.961061,0.9522718,0.9561908,0.9537951,0.95874524,0.95762324,0.95837545,0.96172273,0.9602731,0.9646334,0.9534906,0.95545197,0.96021897,0.9473706,0.9569249,0.9527602,0.9580841,0.95818657,0.9579137,0.9575444,0.949878,0.95489466,0.9611356,0.9608554,0.9642516,0.95745355,0.9480258,0.9507614,0.96115476,0.8922169,0.9645914,0.9309006,0.9523059,0.96096617,0.9654613,0.9568658,0.9603955,0.9662393,0.94962204,0.96383023,0.96155936,0.956303,0.9613041,0.9629261,0.9530056,0.95954883,0.9717707,0.93775,0.9574619,0.9611461,0.95022386,0.94069594,0.96074826,0.95212156,0.9601421,0.96571815,0.9602611,0.9662961,0.975623,0.95398486,0.95277256,0.9584712,0.9413324,0.960615,0.95166814,0.95601934,0.95447177,0.9474872,0.9614721,0.96145904,0.95582193,0.93922144,0.95591617,0.9520422,0.9612305,0.9564428,0.96450394,0.9527951,0.975623,0.9598584,0.95593184,0.95781755,0.958617
avengers,0.9799743,0.9655646,0.9750626,0.9686784,0.9641675,0.97132605,0.9687933,0.9649047,0.9851811,0.9699188,0.96438164,0.97015744,0.9663344,0.96766436,0.96944904,0.9686243,0.9698616,0.9669483,0.99999994,0.96697885,0.9736234,0.9681657,0.9753541,0.9713014,0.9586005,0.86916554,0.9638279,0.96040857,0.97063166,0.9705146,0.97949106,0.9642622,0.9529545,0.9637753,0.96021414,0.9429591,0.9749971,0.9660336,0.969803,0.9658339,0.96607435,0.96437764,0.95951664,0.9720366,0.9736147,0.96951556,0.9729247,0.9640865,0.96254367,0.96995133,0.9763293,0.96576416,0.972555,0.9659789,0.95607734,0.9558417,0.9711953,0.9706739,0.9618846,0.9703339,0.96660006,0.9636187,0.97083867,0.97049874,0.96388847,0.9649736,0.9605218,0.9639888,0.95830375,0.960359,0.9698939,0.79194295,0.96571076,0.9649845,0.9688548,0.95730644,0.946033,0.96728736,0.96378326,0.9706944,0.9612682,0.9625954,0.97408515,0.9683342,0.96118677,0.9643653,0.96550983,0.97300136,0.9720102,0.9706067,0.97034633,0.9698939,0.9674176,0.96342075,0.97288597,0.95529187,0.9647589,0.9617383,0.9658025,0.9629388,0.9678088,0.9786849,0.9618397,0.9687987,0.9665816,0.97446686,0.969553,0.96872747,0.95720017,0.9611731,0.97344553,0.89327013,0.96857643,0.93658066,0.96954316,0.9661762,0.9727885,0.9612264,0.9723117,0.96843344,0.96660423,0.96586055,0.9684408,0.9716416,0.96733636,0.9640866,0.96672183,0.9751811,0.96463346,0.9525942,0.96484345,0.9573543,0.96864897,0.95670736,0.96514744,0.966987,0.96763486,0.97232777,0.9695601,0.96608955,0.9851811,0.96584934,0.9614689,0.9665226,0.96528167,0.9642354,0.96385086,0.9650847,0.9641525,0.9566439,0.9699431,0.97523075,0.9593057,0.9579531,0.9609543,0.96404445,0.9639154,0.97444004,0.963555,0.9603322,0.9851811,0.96541905,0.964368,0.96747947,0.96855605
beachbummovie,0.9646122,0.958929,0.96434593,0.96028835,0.9621751,0.9570627,0.9597941,0.96403724,0.9803055,0.95828176,0.9735111,0.9569867,0.95849776,0.9591188,0.9779503,0.9623034,0.96174926,0.95887303,0.96697885,1.0000002,0.9622899,0.96425056,0.95871925,0.9603565,0.95726216,0.8762493,0.96268845,0.95888424,0.96785074,0.9597351,0.9563207,0.95534587,0.94236535,0.9570092,0.9525482,0.9373931,0.9619933,0.9583483,0.9577614,0.96562535,0.9566766,0.9657356,0.95923364,0.96890754,0.96945757,0.96711254,0.9594942,0.95289046,0.9612457,0.9713997,0.9716829,0.965048,0.96521854,0.95453155,0.95559657,0.9490205,0.9686585,0.9628951,0.96095735,0.9628731,0.954125,0.9608296,0.96547896,0.96328956,0.96698076,0.9692225,0.95137167,0.9532722,0.9611895,0.9628812,0.9637021,0.8227631,0.95690155,0.96465194,0.95183706,0.93473387,0.9258532,0.9547374,0.9646109,0.9620327,0.9657875,0.96306276,0.9657613,0.9618588,0.9570072,0.9586417,0.96485734,0.9673183,0.96300113,0.961486,0.9579781,0.9637021,0.9596887,0.950657,0.95977056,0.9643958,0.97147995,0.9771119,0.9515497,0.9547763,0.95891935,0.9690113,0.95491195,0.9612949,0.9515675,0.97031844,0.9682205,0.9608763,0.95655656,0.95609665,0.97115046,0.89135593,0.965418,0.94464165,0.9589637,0.95939857,0.9681608,0.95867544,0.96585786,0.9559498,0.9615637,0.95400846,0.9667033,0.95645803,0.9521956,0.96003026,0.9683753,0.9624463,0.9541177,0.9472738,0.95223063,0.9562244,0.96472144,0.9501163,0.96423066,0.95526725,0.9681823,0.9718442,0.9636592,0.9625808,0.9803055,0.9664115,0.9653348,0.9587799,0.9569207,0.9677163,0.9528337,0.95329714,0.9573974,0.9600098,0.9588144,0.96635,0.9629579,0.94306135,0.9550953,0.9678236,0.952307,0.9662141,0.9578201,0.949688,0.9803055,0.9553868,0.9574825,0.95960444,0.957066
bernadettefilm,0.966944,0.9648207,0.96858746,0.96906954,0.9544373,0.9657027,0.96682686,0.967598,0.9809035,0.958881,0.9635044,0.9686095,0.95318496,0.9624733,0.97430664,0.96094793,0.9641107,0.9586889,0.9736234,0.9622899,1.0000004,0.9665309,0.9713845,0.9648079,0.95104784,0.8679134,0.96620345,0.96139336,0.9710052,0.96653,0.9578222,0.9573213,0.9517757,0.96173805,0.94456434,0.92780393,0.96744895,0.96866244,0.96575314,0.96758264,0.95500165,0.9588752,0.9499595,0.9652575,0.9736393,0.9672594,0.9674182,0.96297073,0.95240647,0.96284324,0.97224784,0.96760714,0.9634141,0.96396434,0.9551889,0.9500161,0.9653334,0.96225154,0.96687245,0.9684332,0.95293665,0.96143395,0.9770433,0.96823996,0.96027535,0.9630782,0.95491815,0.9621847,0.9564859,0.95475715,0.9675124,0.79752326,0.9597312,0.9595929,0.9567029,0.95683783,0.9264164,0.96513146,0.9591834,0.9672636,0.95195484,0.9569947,0.96433204,0.9545506,0.95635027,0.95929456,0.9565701,0.962305,0.97946215,0.963879,0.96667284,0.9675124,0.96372384,0.9620468,0.974361,0.95860237,0.96214414,0.9514844,0.9568807,0.96114737,0.9600034,0.9659831,0.9639622,0.9705004,0.9640871,0.9718559,0.97040844,0.9590603,0.95338684,0.95249873,0.97268015,0.8747988,0.9632231,0.9149471,0.970712,0.96087044,0.9643408,0.9508787,0.9624812,0.96745294,0.9623522,0.9669485,0.9683522,0.9704065,0.9579804,0.96851474,0.9585074,0.9723156,0.95122683,0.9288995,0.97721547,0.9479821,0.969194,0.95874935,0.9587259,0.96588063,0.9597224,0.9684896,0.9662422,0.95956963,0.9809035,0.9598907,0.9575083,0.957517,0.9601632,0.9639542,0.963078,0.95284885,0.95701706,0.9503411,0.9706728,0.9621107,0.9591589,0.9378808,0.9518938,0.96014446,0.96349907,0.96955657,0.9652956,0.9542028,0.9809035,0.96113414,0.9636813,0.96196645,0.9603952
