movie,21bridgesmovie,47metersdown,abeautifuldaymovie,abominablemovie,adastramovie,adogsjourneymovie,aftermathmovie,aftermovie,ahiddenlifefilm,alitamovie,angelhasfallen,angrybirdsmovie,annabellemovie,annamovie,apollo11movie,arcticdogsmovie,arcticmovie,artofracingmovie,avengers,beachbummovie,bernadettefilm,blackandbluemovie,blackchristmas,blindedbythelightmovie,bombshellmovie,booksmart,breakthroughmovie,brianbanksmovie,brightburnmovie,brittanyrunsmov,captainmarvelofficial,captivestatemovie,catsmovie,charliesangels,childsplaymovie,clarathefilm,coldpursuitmovie,countdown,currentwarmovie,darkwatersmovie,detectivepikachumovie,disneyaladdin,disneyfrozen,disneymaleficent,doctorsleepmovie,dolemiteismyname,dontletgomovie,doramovie,downtonabbey_official,dumbo,escaperoom,everybodyknowsmovie,fastandfuriousmovie,fightingwmyfam,fivefeetapartfilm,fordvferrari,freaksthefilm,geminimanmovie,glassmovie,gloriabellmovie,godzillamovie,goldfinchmovie,goodboysmovie,goodliarmovie,gretafilm,halathemovie,happydeathdaymovie,harrietfilm,hellboymovie,hersmellmovie,highlifemovie,highstrungmovie,honeyboymovie,hotelmumbaifilm,httydragon,hustlemovie,hustlersmovie,isntitromantic,itmovieofficial,jayandsilentbob,johnwickmovie,jojorabbitmovie,jokermovie,judythefilm,jumanjimovie,justmercyfilm,knivesout,lalloronamovie,lastblackmansf,lastchristmasthemovie,latenightmovie,lighthousemovie,lionking,littlethemovie,littlewomenmovie,littlewoodsfilm,longshotmovie,lordsofchaosmovie,lucyintheskyfilm,mamovie2019,marriagestory,meettheaddams,meninblack,midsommarmovie,midwaymovie,missbalamovie,missinglinkfilm,motherlessbklyn,onceinhollywood,onthebasisofsex,overcomermovie,peanutbutterfalcon,petsematarymovie,piercingmovie,playingwithfire,playmobilthemovie,pomsmovie,queenandslim,rambomovie,readyornotfilm,richardjewellfilm,rocketmanmovie,scarystoriesmovie,secretlifeofpets,serenityfilm,shaftmovie,shazammovie,spidermanmovie,spiesindisguise,starwars,stormboymovie,stubermovie,taosdfilm,teenspiritmov,terminator,theaeronautsmov,thebestofenemies,thedeaddontdie,thefarewell,thehighwaymen,thehummingbirdprojectfilm,theintrudermovie,theirishmanfilm,thekitchenmovie,thelegomovie,themustangfilm,thenightingalefilm,theprodigymovie,thesunisalsoastar,theupsidefilm,tolkienmovie,toystory,triplefrontier,uglydolls,uncutgems,underthesilverlake,usmovie,wavesmovie,whatmenwant,wonderparkmovie,wrinklestheclown,xmenmovies,yardiefilm,yesterdaymovie,zombieland
21bridgesmovie,1.0000004,0.95911115,0.9669871,0.9505347,0.96275365,0.9583261,0.9643928,0.9629159,0.9838164,0.9524258,0.96080506,0.9591973,0.9619804,0.9600335,0.9577331,0.95965445,0.9664104,0.96520495,0.9664977,0.9535883,0.9602385,0.962178,0.96175176,0.96846884,0.9526081,0.89595705,0.96627945,0.9631658,0.96403223,0.95334756,0.95999014,0.95739496,0.94722587,0.95077324,0.9515226,0.94036293,0.9718395,0.97046524,0.96824723,0.96176916,0.9546808,0.9535307,0.9556643,0.9542777,0.96221536,0.9632295,0.9608046,0.9609099,0.95681614,0.95492697,0.96568763,0.96918124,0.9522573,0.9542702,0.9643114,0.9590843,0.9544759,0.96234703,0.95895857,0.9655906,0.9622323,0.9663581,0.96760035,0.9521772,0.95750076,0.9587836,0.959513,0.9647775,0.9661744,0.93790805,0.96719736,0.8192879,0.95297134,0.9674293,0.94345236,0.9511822,0.941828,0.9524394,0.9626149,0.9604395,0.9638757,0.957236,0.96332926,0.96073264,0.9587803,0.9573807,0.9568,0.9612539,0.9600116,0.96371216,0.95742136,0.96719736,0.9602022,0.9503346,0.9645731,0.95593166,0.96005756,0.96295315,0.96217036,0.95377624,0.9600808,0.95809245,0.9654228,0.9690118,0.9435942,0.9635899,0.96681637,0.9563981,0.9553576,0.9600687,0.97257596,0.87519425,0.95952344,0.93318707,0.96712047,0.9806749,0.9901707,0.9455695,0.9719614,0.9561683,0.957493,0.97027093,0.96189934,0.95992553,0.96425533,0.9670536,0.9691096,0.9666064,0.9675921,0.9450668,0.95308304,0.95079035,0.96101284,0.9521746,0.95790565,0.9559632,0.9751761,0.9600622,0.96417576,0.9571065,0.9838164,0.9664485,0.95487,0.9518741,0.9473598,0.957924,0.9606217,0.9558208,0.9514067,0.9767884,0.9650751,0.968657,0.9711344,0.9584456,0.9560073,0.96531683,0.95888346,0.95142484,0.95900416,0.96232057,0.9838164,0.9453061,0.97254837,0.95479894,0.96476346
47metersdown,0.95911115,0.9999998,0.9549462,0.9467173,0.9528606,0.94413835,0.95774114,0.95580983,0.974518,0.95011586,0.95835507,0.93831855,0.9539432,0.95366836,0.9560363,0.9718128,0.95411265,0.94418555,0.9482344,0.94507027,0.9484932,0.9552901,0.95564985,0.95361584,0.9424601,0.89756745,0.9477711,0.9589208,0.951941,0.94743,0.95397145,0.9496361,0.9499221,0.9369108,0.9503357,0.93666273,0.9629337,0.953619,0.96142745,0.9532366,0.9494316,0.94055486,0.93730474,0.9457799,0.95876896,0.9546843,0.9537179,0.96035075,0.95391804,0.9415162,0.95152444,0.9579692,0.9423337,0.9445802,0.9552465,0.9430107,0.9508994,0.953416,0.95083886,0.9537987,0.95138747,0.9489195,0.95564723,0.95220876,0.94575524,0.94524914,0.94692653,0.94536656,0.95866215,0.94813174,0.9576822,0.81904554,0.94404465,0.9567672,0.95930034,0.9512406,0.93666136,0.94272435,0.94827026,0.95483387,0.9570574,0.9508037,0.95842904,0.96063024,0.9453113,0.9434268,0.9566063,0.9516477,0.94891655,0.9581681,0.94293404,0.9576822,0.94410616,0.92879164,0.9533182,0.95235133,0.9492259,0.9502433,0.9575902,0.9579886,0.95548266,0.9488427,0.9550358,0.957598,0.94827276,0.95641875,0.95972574,0.9530678,0.9605196,0.9561723,0.95201904,0.87860453,0.9545317,0.93008995,0.957301,0.9596988,0.9664884,0.94726276,0.95723784,0.94738,0.9434544,0.9579955,0.95240575,0.9529645,0.95871073,0.9530477,0.9558966,0.9541698,0.9544147,0.94333726,0.9340163,0.9459932,0.95196503,0.94601226,0.952021,0.9530236,0.9639524,0.95087564,0.9541385,0.9485753,0.974518,0.95331967,0.94908255,0.94322014,0.9444768,0.94976485,0.9487309,0.9478854,0.94137436,0.94683295,0.95632017,0.95889413,0.9513891,0.94028056,0.94383794,0.9577279,0.9535386,0.9473342,0.94875443,0.9466153,0.974518,0.93837047,0.96055055,0.952814,0.9515624
abeautifuldaymovie,0.9669871,0.9549462,0.9999998,0.9593644,0.96387625,0.9611173,0.9727001,0.9645563,0.98388,0.9544931,0.9613009,0.95785224,0.964801,0.96051806,0.96060264,0.9590292,0.96938795,0.9567863,0.9532502,0.96197885,0.96349305,0.974886,0.96192986,0.96639663,0.9534863,0.89279455,0.96442306,0.9657685,0.9824643,0.9552493,0.9607315,0.9509919,0.94871163,0.96386313,0.948135,0.9380129,0.9659191,0.9660565,0.961286,0.9575997,0.9593361,0.96324974,0.95241624,0.95717776,0.96189123,0.9708477,0.9561034,0.96582234,0.9575123,0.9564473,0.9774165,0.9620713,0.9559497,0.9478336,0.96049094,0.95826393,0.96386313,0.97117126,0.9661138,0.9667853,0.9600188,0.9668598,0.9570204,0.9556609,0.9557328,0.9590122,0.9623161,0.9529156,0.9695391,0.94695616,0.9697088,0.8318888,0.9668601,0.9620123,0.9478735,0.9578993,0.9430929,0.94861925,0.9559934,0.95607686,0.96504253,0.958101,0.96627825,0.9557866,0.97067857,0.95908326,0.9621553,0.9689705,0.9674092,0.96830934,0.96163976,0.9697088,0.9583045,0.95895696,0.9721555,0.9656902,0.95526797,0.963863,0.96115565,0.95842385,0.9623445,0.9521892,0.96971816,0.9718764,0.9548237,0.97316927,0.96725017,0.9577855,0.97056127,0.953294,0.96504766,0.8731297,0.9638546,0.9309256,0.9751468,0.97136784,0.97275573,0.9479734,0.9723408,0.96304625,0.950207,0.9697384,0.96470416,0.9594785,0.9682525,0.9717981,0.96517116,0.96909755,0.9662649,0.9427389,0.9574241,0.95814866,0.97222877,0.95012665,0.96293736,0.960045,0.9678042,0.95851,0.9659628,0.9621071,0.98388,0.975877,0.964059,0.9535166,0.9554477,0.95358676,0.9620713,0.9613715,0.9441181,0.9666692,0.9700224,0.9784558,0.96745706,0.94746435,0.95215064,0.9715458,0.96272165,0.9662692,0.96480054,0.9670123,0.98388,0.9570688,0.96358424,0.96402454,0.97063816
abominablemovie,0.9505347,0.9467173,0.9593644,1.0,0.939029,0.9366114,0.95997775,0.95407987,0.9675211,0.9357867,0.95491564,0.94332963,0.95358175,0.95454973,0.94622475,0.94241285,0.954593,0.9395935,0.93560326,0.94109744,0.95458364,0.9496461,0.94422305,0.946271,0.9339759,0.8801718,0.951679,0.94394124,0.95472276,0.9457019,0.9378192,0.93745273,0.9251722,0.94402105,0.9425003,0.9426318,0.94681644,0.9511468,0.9492248,0.94113284,0.9336175,0.9387307,0.9269031,0.9455244,0.93877167,0.95400953,0.9396604,0.9411264,0.9440894,0.9418501,0.9555973,0.94875646,0.9436117,0.9379836,0.9521451,0.94024,0.94614875,0.94937557,0.96264195,0.95134455,0.94378453,0.95661724,0.9467029,0.94971055,0.9369779,0.9407905,0.9446731,0.94502443,0.9557166,0.9289715,0.95662844,0.78976595,0.9588063,0.9485087,0.94887465,0.94107425,0.9317407,0.93549556,0.940479,0.9478032,0.95728093,0.95700073,0.94884956,0.94193786,0.9464202,0.9347559,0.96537876,0.9477695,0.9502014,0.96310437,0.9463342,0.95662844,0.94400376,0.9430045,0.95056164,0.95541,0.9377832,0.94555753,0.946286,0.9453558,0.945902,0.9363921,0.94717616,0.95836747,0.93904626,0.9578085,0.95137346,0.94266284,0.9542483,0.9433191,0.95739424,0.87250537,0.94818413,0.92924374,0.9502041,0.9535279,0.9551957,0.93107724,0.94741845,0.9568565,0.9447835,0.94909704,0.9507456,0.9417925,0.9436189,0.94956875,0.9528675,0.95541394,0.94645244,0.9257062,0.9393369,0.9394105,0.94736326,0.93604577,0.95347035,0.94558287,0.9507555,0.94688547,0.9503451,0.9545924,0.9675211,0.94810694,0.9510698,0.9443011,0.9418714,0.94177216,0.9466802,0.9563178,0.9333901,0.94116044,0.9578963,0.9538495,0.94779855,0.9406241,0.9436925,0.94876355,0.9420225,0.9499699,0.94676965,0.9523319,0.9675211,0.93689656,0.95133257,0.9416378,0.9510092
adastramovie,0.96275365,0.9528606,0.96387625,0.939029,0.99999964,0.961573,0.9618688,0.96370125,0.9784434,0.9609045,0.9603357,0.94430006,0.9543538,0.96131575,0.9645031,0.9502396,0.9616381,0.97219914,0.95659643,0.9521186,0.9516374,0.9580451,0.9686238,0.9633177,0.9525856,0.904544,0.96380144,0.95933133,0.964508,0.9492693,0.95692486,0.95566916,0.9500884,0.947095,0.9402226,0.9294876,0.96696264,0.9495724,0.95882577,0.954568,0.95966154,0.9542996,0.9495129,0.96074325,0.95861137,0.95944726,0.96498036,0.96067244,0.9531952,0.9601625,0.96415645,0.96466357,0.94588596,0.9555575,0.9552904,0.97331643,0.958336,0.9582017,0.9495656,0.9655569,0.94771427,0.9542364,0.9576354,0.95819664,0.9588728,0.95468444,0.95919114,0.95021313,0.9540768,0.9258854,0.96108264,0.79629165,0.95055985,0.95628715,0.95370084,0.95304924,0.9258627,0.9380265,0.95970464,0.95622134,0.9592238,0.94500643,0.9657159,0.952931,0.9563988,0.96078074,0.94079304,0.95646673,0.9576472,0.9627072,0.94844145,0.96108264,0.9583297,0.9511404,0.95863324,0.96219814,0.9557978,0.9590006,0.9550637,0.95537025,0.956275,0.9507592,0.9676233,0.9575088,0.9572242,0.9666312,0.96586657,0.9600712,0.96226525,0.9508449,0.95855486,0.8645966,0.96243346,0.92818195,0.9660913,0.96444637,0.96369916,0.9583806,0.9677897,0.9530185,0.95469314,0.9617741,0.9657457,0.9548591,0.9650635,0.9575503,0.9623122,0.960655,0.97601,0.93822825,0.9477141,0.9632937,0.9609752,0.9430078,0.9541384,0.95636284,0.9607635,0.965326,0.95947975,0.9537499,0.9784434,0.9611346,0.95780385,0.9581518,0.9537275,0.9560223,0.9488907,0.94652224,0.9580216,0.9531345,0.9548215,0.96556705,0.95671964,0.9416268,0.94431347,0.9592528,0.9633282,0.95341116,0.959432,0.9616085,0.9784434,0.9554675,0.9660973,0.9635942,0.9593028
adogsjourneymovie,0.9583261,0.94413835,0.9611173,0.9366114,0.961573,0.99999994,0.95435727,0.96105784,0.9735386,0.95352095,0.9440176,0.94009876,0.95514023,0.9555211,0.9543057,0.9512797,0.95924276,0.9547409,0.9380805,0.93122816,0.9384995,0.9528558,0.9692001,0.95786494,0.9360771,0.9005233,0.95593894,0.9498135,0.9636432,0.93969584,0.9449513,0.94338363,0.9432131,0.9444148,0.93107116,0.9163403,0.9647881,0.94368035,0.953377,0.9487017,0.9480176,0.94445896,0.93685436,0.94380593,0.95460385,0.95782065,0.9624809,0.9497692,0.94391924,0.9454389,0.962697,0.94507354,0.9521597,0.9397066,0.94741887,0.95653975,0.9443462,0.95369625,0.9416757,0.9564711,0.94966406,0.94149643,0.95322436,0.95366347,0.94105417,0.93983227,0.95158577,0.9355308,0.9587172,0.9208282,0.956927,0.80078685,0.9401184,0.947052,0.9438316,0.94383323,0.9262847,0.9346579,0.9518526,0.94766355,0.9504722,0.94136953,0.9607163,0.9422076,0.95755243,0.95035005,0.9442418,0.9522143,0.9497011,0.9538496,0.9458142,0.956927,0.9446465,0.9438382,0.96060437,0.95047146,0.94919354,0.94622046,0.95194465,0.9604152,0.9500794,0.9437954,0.965226,0.9586805,0.94385964,0.9645096,0.96307594,0.9582139,0.95684576,0.9403951,0.95628613,0.87024784,0.95113224,0.909942,0.9591959,0.9578354,0.96052176,0.94562066,0.9540765,0.9484925,0.95150036,0.95495296,0.95903534,0.9707496,0.96015555,0.9471736,0.96160996,0.9517314,0.9595447,0.93558925,0.9312562,0.94382316,0.95939904,0.93334264,0.9468183,0.94613224,0.958062,0.9458599,0.9508527,0.9402964,0.9735386,0.9555337,0.9492952,0.95084095,0.9508145,0.9426633,0.94159365,0.936493,0.9529251,0.94641024,0.9527382,0.9562992,0.9582355,0.9375908,0.9355872,0.95816594,0.9595326,0.9418568,0.9524958,0.95517385,0.9735386,0.942977,0.96156704,0.96303415,0.9530451
aftermathmovie,0.9643928,0.95774114,0.9727001,0.95997775,0.9618688,0.95435727,1.0,0.9685029,0.9827824,0.9530324,0.9660243,0.953804,0.968327,0.9686935,0.96805793,0.95657253,0.9671314,0.9587779,0.9559865,0.96159434,0.9685168,0.9667581,0.96401876,0.9632897,0.9508625,0.89151525,0.96371514,0.9676846,0.9696388,0.95994824,0.9563587,0.949871,0.9497773,0.9567176,0.95470077,0.94773984,0.97014123,0.9609085,0.96415335,0.9591659,0.95724213,0.95985657,0.95893705,0.96215105,0.95439684,0.9685838,0.962243,0.96484554,0.9633878,0.96009475,0.9703464,0.9655096,0.95386744,0.9448944,0.96093583,0.9601003,0.9589131,0.9638353,0.9598545,0.9629401,0.95798826,0.95821625,0.9576282,0.9575446,0.95985633,0.962538,0.96443784,0.95605004,0.9678836,0.9475163,0.961983,0.8206903,0.96624184,0.96506166,0.9563948,0.96399176,0.9435671,0.95094264,0.9576435,0.9621579,0.960588,0.97475594,0.96307737,0.96152544,0.96118367,0.95290846,0.96225065,0.9664461,0.964336,0.96892554,0.9593094,0.961983,0.96637577,0.9571864,0.9729545,0.9685025,0.95602196,0.9582805,0.98037803,0.96060413,0.9634624,0.9589109,0.96208584,0.9688931,0.95914537,0.96818775,0.9657022,0.9533944,0.9654272,0.95111364,0.9681352,0.88360214,0.9557613,0.9356996,0.9591505,0.9701675,0.97163147,0.95693976,0.96473736,0.986272,0.9481472,0.9654333,0.96054745,0.95230305,0.96108323,0.96400434,0.9665627,0.96829355,0.96476257,0.9530911,0.95381105,0.9537011,0.96450794,0.9537908,0.95761955,0.9665568,0.97068226,0.9590242,0.95957506,0.96444094,0.9827824,0.9670158,0.95805323,0.9514305,0.9540263,0.9544716,0.9609775,0.96117336,0.94409776,0.9643531,0.98369735,0.9768133,0.9676354,0.9562368,0.95272493,0.959769,0.9599893,0.95250785,0.96251774,0.95889384,0.9827824,0.9519565,0.96669346,0.9633921,0.9665481
aftermovie,0.9629159,0.95580983,0.9645563,0.95407987,0.96370125,0.96105784,0.9685029,1.0,0.9826386,0.95509547,0.96498257,0.95587015,0.9616414,0.9731117,0.96845776,0.9565994,0.96892226,0.9531864,0.951965,0.956512,0.9619628,0.96217304,0.9701858,0.96192557,0.9509066,0.895243,0.9577336,0.96439475,0.96946305,0.95371187,0.96016836,0.9573117,0.95082736,0.9510638,0.9427016,0.9396308,0.96599764,0.9571763,0.9636036,0.95785296,0.95626897,0.9609128,0.9519672,0.964139,0.96174,0.96925336,0.9628993,0.9640509,0.95962507,0.9646531,0.9677556,0.96685576,0.9529877,0.9482765,0.9670587,0.9597444,0.9551147,0.96771127,0.9574247,0.9685616,0.9535537,0.9642833,0.9581961,0.9635599,0.95512813,0.9577381,0.96449876,0.959893,0.9661352,0.94144946,0.9674498,0.8152407,0.9527167,0.96643907,0.9519084,0.94815344,0.9371032,0.94605166,0.961889,0.96578187,0.9685917,0.9544231,0.9599965,0.96188486,0.95354235,0.95634687,0.95492035,0.96100456,0.96471196,0.970999,0.95267373,0.9674498,0.96835154,0.9504571,0.960119,0.96310425,0.9594039,0.95877796,0.96209645,0.959869,0.95969445,0.95199436,0.96455866,0.96281624,0.95630914,0.96640676,0.9682912,0.96133715,0.95468026,0.95855075,0.9720838,0.85619855,0.96410656,0.9363935,0.9687598,0.9657134,0.9671952,0.9550165,0.9653782,0.95592463,0.94851667,0.97187626,0.9656891,0.9564927,0.966018,0.95806843,0.9722119,0.9617777,0.96522075,0.94772696,0.94793445,0.947402,0.9610595,0.9612362,0.96258974,0.95259255,0.965788,0.96790797,0.9625216,0.95932853,0.9826386,0.9711914,0.9605996,0.9605241,0.95516455,0.96298456,0.9624438,0.955983,0.95208985,0.95552504,0.96822643,0.9717726,0.96851146,0.9521597,0.9461889,0.96341085,0.9664083,0.95906496,0.9701108,0.9627089,0.9826386,0.9611511,0.97530943,0.9597279,0.96522784
ahiddenlifefilm,0.9838164,0.974518,0.98388,0.9675211,0.9784434,0.9735386,0.9827824,0.9826386,0.9999995,0.97170067,0.97824866,0.97122484,0.9799747,0.98081404,0.97925717,0.9743523,0.9824236,0.9721892,0.97058994,0.9714195,0.9769977,0.9786068,0.9784129,0.9798276,0.97078174,0.91396326,0.9746511,0.97840357,0.9829739,0.97103035,0.9749561,0.9750131,0.96778226,0.96664834,0.9666026,0.9551901,0.98500764,0.9752287,0.98034966,0.97690177,0.9739349,0.9723935,0.96807563,0.9742578,0.9786891,0.98162574,0.97592676,0.9779785,0.97590435,0.97433215,0.98387474,0.982943,0.97057474,0.9688583,0.9766066,0.9740664,0.9722177,0.98226047,0.9742994,0.9813289,0.97360975,0.97706807,0.9775218,0.974935,0.9721285,0.97131824,0.97715026,0.97527254,0.9813854,0.95987093,0.9817486,0.8368195,0.97148764,0.97991157,0.96906286,0.97063756,0.95515686,0.96746445,0.97355694,0.9762323,0.9792102,0.97131705,0.9796522,0.9766383,0.97551227,0.9730397,0.9714121,0.979509,0.97773945,0.98272306,0.9712461,0.9817486,0.97833216,0.96566075,0.9809409,0.97902197,0.97397035,0.9736001,0.97530836,0.9734085,0.97670865,0.97157985,0.9816367,0.9830507,0.9682474,0.98402274,0.98343885,0.97383326,0.97702086,0.9762143,0.9841334,0.89007294,0.9804485,0.94752866,0.9823281,0.98505783,0.98675233,0.96779776,0.9842769,0.97448385,0.97086346,0.98454374,0.9811515,0.9740555,0.983119,0.9791498,0.98171026,0.97937036,0.97905576,0.9614336,0.96791875,0.96737486,0.97955465,0.9684117,0.97780746,0.9744398,0.9822993,0.9786892,0.9787479,0.97353697,0.9999995,0.98235524,0.97405994,0.97284436,0.969964,0.9727882,0.9749552,0.975011,0.9667347,0.9755677,0.98140115,0.98464227,0.9813342,0.96501195,0.96735495,0.98185253,0.97739154,0.96981376,0.9785746,0.97766066,0.9999995,0.96763575,0.9854599,0.9774132,0.98101485
alitamovie,0.9524258,0.95011586,0.9544931,0.9357867,0.9609045,0.95352095,0.9530324,0.95509547,0.97170067,1.0000001,0.9428109,0.9379727,0.9514947,0.95682585,0.9504286,0.94933057,0.95184505,0.947222,0.94450414,0.9436502,0.9430905,0.9491612,0.95433414,0.95570165,0.9452378,0.8917118,0.94220304,0.95002425,0.9558522,0.9384854,0.948538,0.9482981,0.94278634,0.92750674,0.94645953,0.9279659,0.95638835,0.9410327,0.95174414,0.94026554,0.9481997,0.94385576,0.9396763,0.9458495,0.9589833,0.9581821,0.95195264,0.9563548,0.9538987,0.94734246,0.9588388,0.9530262,0.9507088,0.9461114,0.9447923,0.9519151,0.95129985,0.95894855,0.95101625,0.9545196,0.9495096,0.9435566,0.9524061,0.95159817,0.9452695,0.93976194,0.9519314,0.9447361,0.94470924,0.92490155,0.9494126,0.81006926,0.94364625,0.9496589,0.9487005,0.9440038,0.92292374,0.9399252,0.9447114,0.952483,0.94661427,0.94779634,0.95906174,0.9495733,0.95441103,0.95127094,0.9393311,0.9463845,0.9482126,0.9498303,0.93352884,0.9494126,0.95646435,0.9431112,0.95217574,0.95075095,0.9462024,0.94553214,0.94844526,0.9476774,0.9551713,0.94608897,0.9531158,0.94819885,0.9597959,0.9639368,0.96025467,0.9521796,0.95089483,0.9456587,0.9505728,0.8759106,0.9559223,0.92594707,0.9562545,0.957268,0.95409995,0.94976646,0.96153706,0.94965196,0.9507332,0.9619133,0.9590283,0.95106757,0.95735604,0.9568213,0.95734745,0.9524785,0.9575526,0.9422755,0.9364556,0.9450798,0.9485182,0.935464,0.9549238,0.9428137,0.9501769,0.9504086,0.94982684,0.9446728,0.97170067,0.9524347,0.95213675,0.949429,0.9493226,0.943204,0.9399598,0.95167136,0.9519589,0.9465642,0.95069546,0.9550783,0.95385855,0.94437647,0.93424886,0.9517421,0.950689,0.9455314,0.9530924,0.951259,0.97170067,0.95336133,0.9584026,0.9583247,0.95534456
angelhasfallen,0.96080506,0.95835507,0.9613009,0.95491564,0.9603357,0.9440176,0.9660243,0.96498257,0.97824866,0.9428109,0.99999964,0.95093215,0.95794994,0.9657085,0.96175396,0.9606843,0.96580976,0.95462066,0.9533131,0.95241624,0.96593,0.9608629,0.9572118,0.9580344,0.95476985,0.8769049,0.95533055,0.9710922,0.96389014,0.95614815,0.9555957,0.95187575,0.9466689,0.94398683,0.9508361,0.9463208,0.96221685,0.96154684,0.9590105,0.96469945,0.95559406,0.9526723,0.95007855,0.9599106,0.9570513,0.9586231,0.95650893,0.95844775,0.96353203,0.95870936,0.96026933,0.9689293,0.9454441,0.95283765,0.95500255,0.9570607,0.95824325,0.9609365,0.95044446,0.96647453,0.9481651,0.9611563,0.95836365,0.9524352,0.95692885,0.96263325,0.9670634,0.9547789,0.96883553,0.9436352,0.9642738,0.81422675,0.9568759,0.9644279,0.95667845,0.9559007,0.93775415,0.9490789,0.9580936,0.95781934,0.9769368,0.9601127,0.9577018,0.9620833,0.9481548,0.9525332,0.9598478,0.9583439,0.96202624,0.9672696,0.9476426,0.9642738,0.962914,0.9476882,0.9524521,0.9648457,0.9613485,0.96009827,0.96245503,0.94934934,0.95396495,0.9525308,0.956196,0.96391046,0.95472455,0.96296895,0.9601537,0.952324,0.96022,0.9578306,0.9656714,0.8861462,0.9607081,0.9375823,0.96727246,0.96825254,0.96738774,0.95191544,0.96432674,0.95383656,0.94697267,0.96104604,0.95651793,0.94982535,0.9625402,0.95965594,0.96281886,0.96063775,0.9593099,0.936874,0.95671934,0.9497235,0.96440923,0.962164,0.9645917,0.95587546,0.9613745,0.9673902,0.95520866,0.96265787,0.97824866,0.96151084,0.9580856,0.95817137,0.9556433,0.9688225,0.9577478,0.95610493,0.9404154,0.9552171,0.9659031,0.9683546,0.9581067,0.94641715,0.9447557,0.9645748,0.9553085,0.9564015,0.96137357,0.96070945,0.97824866,0.94575226,0.9686738,0.9547589,0.95441526
angrybirdsmovie,0.9591973,0.93831855,0.95785224,0.94332963,0.94430006,0.94009876,0.953804,0.95587015,0.97122484,0.9379727,0.95093215,1.0000002,0.9506832,0.9588547,0.9493441,0.93241245,0.9506112,0.940295,0.9476741,0.94793195,0.95439273,0.9547978,0.95107263,0.9441409,0.9390841,0.886192,0.93725675,0.9492748,0.96063006,0.9563777,0.9462075,0.9461494,0.9351199,0.9552279,0.941982,0.92393154,0.95089,0.95285654,0.94849896,0.9508356,0.9481953,0.946376,0.9426122,0.9422505,0.9553815,0.954885,0.946692,0.956357,0.95104706,0.9465376,0.9710316,0.9612934,0.9452412,0.93508244,0.94771034,0.9387384,0.9524513,0.9505411,0.9437551,0.95084524,0.9416038,0.9568633,0.94536877,0.95153993,0.9457366,0.9492424,0.9502241,0.9489056,0.958036,0.92512494,0.95195436,0.84089375,0.94117707,0.9498442,0.94003165,0.9425929,0.9201905,0.93860334,0.9392591,0.94922936,0.95347935,0.9454508,0.9466497,0.95244217,0.9553994,0.9426054,0.94260514,0.9507183,0.9540602,0.9574871,0.95166796,0.95195436,0.95602536,0.9424084,0.9523915,0.9519409,0.9462422,0.9456026,0.94797844,0.9451655,0.9460934,0.93059504,0.948604,0.9470897,0.9387369,0.9662646,0.9502355,0.9440636,0.9424229,0.9477167,0.95990336,0.8382753,0.95337903,0.91855866,0.950424,0.95515084,0.9606166,0.93592346,0.96374214,0.9464581,0.94336915,0.9572571,0.9466142,0.94861805,0.95187736,0.95519584,0.948677,0.96014726,0.94398123,0.94169927,0.9494423,0.9377851,0.95127577,0.9455488,0.94854414,0.9478888,0.9503274,0.95175785,0.95976907,0.9464423,0.97122484,0.9616108,0.94488806,0.94705135,0.94468117,0.9484345,0.94438034,0.95291823,0.9373527,0.95729,0.949797,0.9569252,0.9566816,0.9467132,0.9412412,0.95273006,0.95821536,0.9435312,0.9521334,0.9451429,0.97122484,0.9415209,0.9510882,0.952589,0.965679
annabellemovie,0.9619804,0.9539432,0.964801,0.95358175,0.9543538,0.95514023,0.968327,0.9616414,0.9799747,0.9514947,0.95794994,0.9506832,1.0000002,0.96553534,0.9599711,0.96027714,0.96179086,0.95675147,0.9485714,0.94888496,0.9619712,0.9612461,0.9619018,0.95675755,0.95083827,0.8893696,0.9519351,0.9584736,0.96327335,0.9570717,0.95227706,0.9598794,0.9491637,0.94947845,0.9384837,0.9366107,0.9695001,0.96624947,0.9606455,0.95491445,0.96120167,0.9500062,0.94505805,0.9495358,0.9636707,0.96351945,0.9607141,0.9650907,0.95621175,0.9490826,0.96586245,0.9608996,0.96117735,0.9453947,0.9641535,0.95235115,0.95727247,0.96048,0.95673317,0.9579372,0.9572524,0.9611618,0.9585012,0.9646702,0.95466334,0.945774,0.95582306,0.95170665,0.9654963,0.94229037,0.9595254,0.825251,0.95621026,0.9563154,0.94807744,0.9436367,0.9419117,0.949056,0.95266527,0.9551619,0.9539384,0.95355344,0.972753,0.9508436,0.9631405,0.9532914,0.96299964,0.98293245,0.96200895,0.96154165,0.9566243,0.9595254,0.9597239,0.9558122,0.96797603,0.96424896,0.95140016,0.94911534,0.9622265,0.95603055,0.959895,0.9538291,0.95795953,0.96558756,0.9516772,0.96613014,0.966254,0.95930076,0.95614225,0.9546915,0.9670365,0.8757993,0.9629287,0.92613465,0.9581215,0.9665781,0.96724224,0.9454961,0.9635721,0.96730167,0.9637807,0.9652221,0.95875376,0.9520848,0.96025616,0.961434,0.96774435,0.96434534,0.96042347,0.93801045,0.95042735,0.94580483,0.9590475,0.9436462,0.9568293,0.95993507,0.9653677,0.95780647,0.9576479,0.9555716,0.9799747,0.95914716,0.94948274,0.95500225,0.95580035,0.94773823,0.9541679,0.95421445,0.9504843,0.9566252,0.9631548,0.96367586,0.96856534,0.94958854,0.950366,0.96100414,0.95449924,0.9485359,0.95774263,0.955395,0.9799747,0.9479689,0.9702693,0.96153116,0.96026933
annamovie,0.9600335,0.95366836,0.96051806,0.95454973,0.96131575,0.9555211,0.9686935,0.9731117,0.98081404,0.95682585,0.9657085,0.9588547,0.96553534,0.9999999,0.9626734,0.9514534,0.9622562,0.9507174,0.9571826,0.9520774,0.95843655,0.9586559,0.95892376,0.9587489,0.95693076,0.890331,0.9553263,0.96227044,0.96622735,0.95579,0.9618001,0.9574204,0.9462833,0.9389265,0.953229,0.9459862,0.9679986,0.95238644,0.9598773,0.9555249,0.9558842,0.95615613,0.9565751,0.9580456,0.9598675,0.96014833,0.9558379,0.95678705,0.95754504,0.95929396,0.9687729,0.9644019,0.95218635,0.9551001,0.9591519,0.9534094,0.96621084,0.97096777,0.9534974,0.96729165,0.9545794,0.9541676,0.95711833,0.96903366,0.95026755,0.95844686,0.9620646,0.9513912,0.9642282,0.9399834,0.96203583,0.8179656,0.9493227,0.96372765,0.9580109,0.9465782,0.9334924,0.94919306,0.9565674,0.9600116,0.96287507,0.9549863,0.95924073,0.9604199,0.9552071,0.950565,0.95753664,0.9580634,0.9628562,0.96605414,0.95391744,0.96203583,0.9659861,0.9476399,0.96257347,0.96588767,0.95946807,0.9544786,0.96195656,0.9612297,0.9581036,0.94944715,0.96260923,0.9637623,0.9639638,0.96979916,0.9656591,0.95590097,0.95689064,0.95498884,0.96838653,0.86187774,0.9737916,0.94329953,0.9646472,0.9668462,0.96515256,0.9566453,0.9648829,0.9614961,0.9531619,0.9679035,0.96896565,0.95833313,0.9625792,0.96038175,0.9663973,0.9648615,0.9623803,0.95474786,0.9447102,0.9513139,0.9612369,0.95414996,0.9686458,0.95445704,0.9665921,0.96206135,0.959873,0.9544505,0.98081404,0.970228,0.9597813,0.9611112,0.95544374,0.9602319,0.95956266,0.95549077,0.9504504,0.9520113,0.9718792,0.9676181,0.9605133,0.9440385,0.9501219,0.9595004,0.96010005,0.9409559,0.9656153,0.9680669,0.98081404,0.9513629,0.96516705,0.96211106,0.96482444
apollo11movie,0.9577331,0.9560363,0.96060264,0.94622475,0.9645031,0.9543057,0.96805793,0.96845776,0.97925717,0.9504286,0.96175396,0.9493441,0.9599711,0.9626734,1.0000004,0.9516645,0.9620011,0.9576664,0.9562558,0.96758807,0.95654315,0.96430254,0.9647312,0.96456826,0.95503634,0.8932079,0.9585161,0.9662709,0.9663746,0.9575324,0.95993143,0.9569516,0.9519201,0.94552445,0.94034576,0.9328269,0.96478003,0.957176,0.96289456,0.95887834,0.955101,0.9553809,0.94529396,0.9611181,0.9631602,0.9675174,0.96302825,0.9640427,0.95204836,0.96256334,0.9684105,0.9635173,0.95071244,0.953341,0.95695233,0.95675343,0.9478203,0.9550193,0.9505528,0.9638044,0.9502074,0.9526719,0.95602584,0.95696044,0.945458,0.9558831,0.9583599,0.9513514,0.96034193,0.94115925,0.96271133,0.8149567,0.94757795,0.96487534,0.95031524,0.9515878,0.927309,0.94424397,0.95962566,0.958569,0.9611312,0.9513566,0.9555428,0.9573189,0.95567894,0.95055926,0.95698524,0.9603001,0.9613569,0.9627226,0.9532323,0.96271133,0.9628914,0.94787633,0.9657465,0.9748202,0.9543736,0.95179784,0.9557356,0.95886344,0.9561349,0.9584751,0.96882176,0.96440625,0.9508718,0.9666021,0.96275145,0.95487595,0.9580676,0.95862097,0.97042686,0.85973334,0.95561963,0.92001957,0.9574859,0.9619251,0.96321654,0.946881,0.9604366,0.95737123,0.94582695,0.96155494,0.9554197,0.9579925,0.9616185,0.9551245,0.9634708,0.96314865,0.96580845,0.94725233,0.94289726,0.9542435,0.9561327,0.94958323,0.95372367,0.9571321,0.95954007,0.9578028,0.9510303,0.95759195,0.97925717,0.966589,0.95446944,0.9598576,0.951124,0.9531925,0.95015097,0.94994146,0.94485307,0.950255,0.9623938,0.9644864,0.9685902,0.9404515,0.9485752,0.95867234,0.95931196,0.95848244,0.9588171,0.9484018,0.97925717,0.9510497,0.9712219,0.9555469,0.96192676
arcticdogsmovie,0.95965445,0.9718128,0.9590292,0.94241285,0.9502396,0.9512797,0.95657253,0.9565994,0.9743523,0.94933057,0.9606843,0.93241245,0.96027714,0.9514534,0.9516645,0.99999994,0.9562207,0.94188714,0.9413414,0.94070333,0.95502126,0.96125484,0.9564785,0.9580781,0.94794184,0.8863281,0.95271456,0.95904124,0.9628424,0.947451,0.9480545,0.9466028,0.9435512,0.94445056,0.9458612,0.94026494,0.9670272,0.9588804,0.95886093,0.9503598,0.9540667,0.94145876,0.94464535,0.9477961,0.9619146,0.94812775,0.9530156,0.9614546,0.9516557,0.9412738,0.9581609,0.9580524,0.9448199,0.9522972,0.95391464,0.9383655,0.9521059,0.95674807,0.94983006,0.96181405,0.94883263,0.954677,0.957574,0.94827145,0.9466296,0.94120747,0.9486266,0.9477009,0.9637912,0.95121515,0.961406,0.83108264,0.943224,0.9554623,0.9517851,0.9396459,0.9462824,0.9440062,0.9543504,0.94414645,0.955257,0.95016557,0.96382374,0.9498207,0.9483302,0.9476101,0.9572991,0.95972353,0.94819623,0.9569749,0.9418632,0.961406,0.9495835,0.93972826,0.9604159,0.9498063,0.9427015,0.95409054,0.95745164,0.9557396,0.95648205,0.95160115,0.9568044,0.9633828,0.9445106,0.9632071,0.9634205,0.95953774,0.9649318,0.95260984,0.95858437,0.8892654,0.95202243,0.93005586,0.96336746,0.9631194,0.97168607,0.94254446,0.9587909,0.9493418,0.94822955,0.9604043,0.9561747,0.9619318,0.95525116,0.9550586,0.9647449,0.9634486,0.95364463,0.94119096,0.94692093,0.94379926,0.9531045,0.94301784,0.95082855,0.9536299,0.95913315,0.9505402,0.9563779,0.95008785,0.9743523,0.9562573,0.9522937,0.9501396,0.9509663,0.9502157,0.95225596,0.9508872,0.9414236,0.9548144,0.95056766,0.95790774,0.95117277,0.9425405,0.94565696,0.9630353,0.951688,0.9525594,0.9494378,0.95553917,0.9743523,0.9329331,0.96073043,0.9496985,0.95594716
arcticmovie,0.9664104,0.95411265,0.96938795,0.954593,0.9616381,0.95924276,0.9671314,0.96892226,0.9824236,0.95184505,0.96580976,0.9506112,0.96179086,0.9622562,0.9620011,0.9562207,0.99999964,0.95729005,0.94611025,0.9519385,0.96591485,0.965683,0.96334803,0.9606496,0.9500572,0.88318276,0.96571076,0.9768172,0.9671577,0.9496334,0.9487564,0.9538122,0.9477879,0.9512036,0.94724524,0.9407489,0.9638279,0.95982957,0.9581878,0.9647041,0.9548161,0.9599278,0.95140797,0.9635116,0.962312,0.9676432,0.9644119,0.9588756,0.95830953,0.96426046,0.9656341,0.9674516,0.9531307,0.95152515,0.9554128,0.9632955,0.95983607,0.9648614,0.9646031,0.9636928,0.955336,0.95841384,0.96286386,0.9528273,0.9571728,0.9548695,0.9595655,0.9647407,0.96585745,0.93915033,0.96493983,0.8037368,0.9627959,0.9660762,0.9516286,0.94681716,0.9438749,0.9420338,0.9554968,0.96276224,0.9626407,0.951462,0.9592104,0.96400326,0.95258385,0.9471091,0.95827353,0.9589217,0.959043,0.969255,0.94470954,0.96493983,0.9606575,0.9492299,0.9606414,0.9667668,0.95602,0.9598355,0.9615352,0.9515022,0.95880884,0.9540682,0.96195424,0.97108805,0.9534301,0.96889436,0.9655429,0.9536388,0.9628192,0.96273506,0.97251654,0.869404,0.9563874,0.93157727,0.9675029,0.96833265,0.97134566,0.9508936,0.9587357,0.9579661,0.9470584,0.96020204,0.9630198,0.95472836,0.96681726,0.9590418,0.9655975,0.95883864,0.9601913,0.94693977,0.9530898,0.9465169,0.9733292,0.95621467,0.9579106,0.9531062,0.9665633,0.96610224,0.95906043,0.9603031,0.9824236,0.96535546,0.96177953,0.9547676,0.95319754,0.9610479,0.9658628,0.95482385,0.9459662,0.952614,0.96608734,0.97153676,0.96194464,0.9528116,0.95286584,0.9598077,0.9614034,0.9585031,0.96109706,0.9613088,0.9824236,0.9454639,0.9647177,0.958515,0.9641161
artofracingmovie,0.96520495,0.94418555,0.9567863,0.9395935,0.97219914,0.9547409,0.9587779,0.9531864,0.9721892,0.947222,0.95462066,0.940295,0.95675147,0.9507174,0.9576664,0.94188714,0.95729005,1.0000001,0.9500952,0.94360757,0.9483923,0.94655496,0.96350694,0.9544139,0.9473946,0.88452923,0.9615839,0.9555875,0.9514692,0.9418659,0.94382703,0.94527435,0.9385435,0.9415506,0.92984116,0.9198638,0.9655989,0.9515354,0.95877904,0.9512968,0.9471378,0.9375707,0.9393611,0.9425453,0.9471939,0.955906,0.9618276,0.9492903,0.9447795,0.94437,0.9573087,0.9560153,0.94095486,0.9432644,0.9466357,0.9677784,0.95053965,0.945993,0.9456887,0.957086,0.9441177,0.94955,0.95323694,0.9352386,0.9507167,0.94628376,0.95876473,0.9529539,0.9489044,0.92128855,0.9566771,0.808258,0.9499751,0.9486807,0.93435943,0.9439251,0.92268604,0.9350985,0.952316,0.9479701,0.958356,0.94842815,0.94541097,0.94354194,0.95379615,0.94973725,0.94235015,0.96035206,0.94696426,0.9594736,0.945851,0.9566771,0.9544161,0.9458381,0.9590259,0.95590454,0.9537743,0.9483508,0.94644463,0.9517358,0.95021224,0.9495937,0.9564518,0.9566687,0.94130933,0.9553851,0.9599043,0.93337023,0.94801974,0.94694674,0.9578656,0.8602053,0.9530047,0.91265106,0.9582809,0.96403915,0.95970523,0.9306152,0.95804375,0.9532239,0.94286054,0.9506748,0.9542593,0.9546446,0.9583774,0.95105135,0.959692,0.9505615,0.9680331,0.93207914,0.9432946,0.95392674,0.95477563,0.93691814,0.94827145,0.94611734,0.95582294,0.94862413,0.9503334,0.95704484,0.9721892,0.9517361,0.94473606,0.93649054,0.9449116,0.94368565,0.94357884,0.932639,0.92398757,0.95393544,0.952649,0.95395696,0.9554626,0.9439817,0.9494531,0.95490175,0.94460183,0.9455008,0.9560516,0.9548751,0.9721892,0.94458926,0.9601224,0.9547499,0.95011646
avengers,0.9664977,0.9482344,0.9532502,0.93560326,0.95659643,0.9380805,0.9559865,0.951965,0.97058994,0.94450414,0.9533131,0.9476741,0.9485714,0.9571826,0.9562558,0.9413414,0.94611025,0.9500952,0.9999997,0.94738466,0.9456288,0.9477062,0.94897527,0.9534566,0.9492757,0.8913736,0.95456797,0.95003134,0.94995916,0.94038004,0.97598594,0.95759904,0.9500491,0.938862,0.9459393,0.9317629,0.95978445,0.9445584,0.94894576,0.9519314,0.9554718,0.95010096,0.9591407,0.9540043,0.9524015,0.9560178,0.9446491,0.9520073,0.95274824,0.9534302,0.95086473,0.96650505,0.9334232,0.94386727,0.9503303,0.9494814,0.94754857,0.9530849,0.93968177,0.96305585,0.959718,0.94770014,0.9472117,0.95128214,0.95741093,0.9544065,0.9476679,0.95565337,0.95438415,0.93442863,0.9600566,0.84554136,0.9401189,0.9467895,0.9386653,0.9495481,0.93037814,0.9492462,0.9453024,0.94078296,0.9483191,0.9589731,0.95025474,0.9512783,0.944018,0.9514056,0.936583,0.9462488,0.959094,0.94776976,0.9493805,0.9600566,0.95562404,0.9422794,0.9483726,0.9480938,0.95064,0.9478501,0.95192426,0.939425,0.95631963,0.94716114,0.953482,0.95680714,0.93804485,0.9445285,0.9530283,0.9416981,0.9483825,0.93993455,0.95824456,0.87758195,0.95163095,0.9269392,0.9558682,0.9625035,0.95554024,0.9400789,0.96081364,0.94449884,0.9457675,0.95367414,0.9526318,0.9446497,0.9457788,0.9538332,0.9513271,0.9594469,0.95718604,0.9536528,0.9418924,0.9566598,0.9454351,0.9391088,0.95213306,0.9416434,0.9534243,0.95487416,0.9622497,0.95304847,0.97058994,0.95282763,0.9509966,0.94417214,0.9483516,0.95301414,0.9499194,0.9534218,0.9388417,0.9435843,0.9480777,0.9545816,0.9561705,0.941938,0.9452496,0.95978475,0.9434701,0.94091105,0.94991446,0.94973063,0.97058994,0.94791734,0.9615135,0.94466424,0.95373756
beachbummovie,0.9535883,0.94507027,0.96197885,0.94109744,0.9521186,0.93122816,0.96159434,0.956512,0.9714195,0.9436502,0.95241624,0.94793195,0.94888496,0.9520774,0.96758807,0.94070333,0.9519385,0.94360757,0.94738466,0.99999964,0.9547899,0.9670936,0.9493501,0.95519805,0.95405936,0.89121145,0.9450863,0.9583814,0.96049684,0.95103544,0.9587331,0.9428488,0.94076127,0.94412416,0.9307812,0.9353371,0.954876,0.94805324,0.9560671,0.94243693,0.9519056,0.9529856,0.9427264,0.9508457,0.948975,0.9690048,0.9417007,0.95848656,0.94774234,0.95235896,0.9576178,0.95117265,0.9369232,0.9432519,0.94436646,0.9449824,0.94407964,0.95322645,0.9520241,0.95767707,0.94352823,0.95253736,0.9397592,0.9525651,0.9420595,0.95530975,0.94938165,0.9477987,0.9517121,0.9448146,0.959043,0.8105641,0.94741946,0.9644683,0.93382704,0.9472262,0.9233111,0.94101197,0.9514806,0.9466553,0.9560274,0.94462717,0.95690376,0.94474846,0.95157593,0.9492287,0.9511179,0.9486346,0.95464,0.94892395,0.9484757,0.959043,0.9540311,0.94234794,0.9563641,0.96193933,0.94809884,0.9721814,0.95058984,0.94934994,0.9565771,0.95621717,0.955443,0.9530358,0.94430315,0.95397806,0.95045894,0.9523746,0.94505197,0.94332266,0.95658284,0.8345821,0.9548207,0.9241799,0.9549726,0.9589621,0.95858973,0.9343381,0.96764815,0.95009416,0.93630546,0.95896155,0.9445175,0.9386068,0.95751935,0.9572108,0.95070904,0.9493331,0.9524877,0.93776685,0.9506881,0.94308144,0.9543105,0.94392854,0.9509824,0.95323634,0.95895445,0.9501988,0.9587051,0.9631356,0.9714195,0.96297294,0.95064735,0.95407003,0.93774074,0.9446991,0.947922,0.9437444,0.94090736,0.9481549,0.95770216,0.9625701,0.95631456,0.9373903,0.9386015,0.9594467,0.9510479,0.9547553,0.95568055,0.94869465,0.9714195,0.94517624,0.95380753,0.9530222,0.95326775
bernadettefilm,0.9602385,0.9484932,0.96349305,0.95458364,0.9516374,0.9384995,0.9685168,0.9619628,0.9769977,0.9430905,0.96593,0.95439273,0.9619712,0.95843655,0.95654315,0.95502126,0.96591485,0.9483923,0.9456288,0.9547899,0.99999976,0.95632756,0.95706785,0.9572898,0.94688153,0.86770904,0.9505558,0.96521616,0.9599285,0.9569904,0.95248264,0.94866544,0.9483179,0.9458887,0.949805,0.94965357,0.9586348,0.9602454,0.9608787,0.9611791,0.94962937,0.9489063,0.9495029,0.95331097,0.95985186,0.95407265,0.9567751,0.95632505,0.95779604,0.95374626,0.9581677,0.96695787,0.95172036,0.9497598,0.953183,0.9489711,0.9518747,0.95794123,0.9593485,0.9584495,0.9413048,0.96380824,0.9576255,0.95354515,0.95259273,0.95167273,0.95278716,0.96395355,0.96367264,0.9416251,0.96418905,0.8233459,0.95427555,0.9667906,0.94294465,0.9503778,0.935433,0.94892275,0.9483189,0.955374,0.95956963,0.9568375,0.9577781,0.9559191,0.95410013,0.94787186,0.9590858,0.9647396,0.9538108,0.96272385,0.9503814,0.96418905,0.9624136,0.94704837,0.95788634,0.9622658,0.9489462,0.9603617,0.95464283,0.9456296,0.95074457,0.9487297,0.9539022,0.9673428,0.9484838,0.96006083,0.9613423,0.9519508,0.9572481,0.9518231,0.9662956,0.8621815,0.95749307,0.9324637,0.96449685,0.96325535,0.96616006,0.9463092,0.9620444,0.9610311,0.95127815,0.9545407,0.9567843,0.9402728,0.9619446,0.964415,0.96148133,0.9614316,0.95689857,0.9362193,0.9773781,0.94284326,0.9600907,0.94744676,0.955811,0.9590089,0.95766556,0.9608865,0.9599524,0.95585185,0.9769977,0.9546216,0.9524742,0.9547676,0.9504653,0.9574426,0.96201015,0.958129,0.94703114,0.9559669,0.9647053,0.96596146,0.9630004,0.9539655,0.95235234,0.9662357,0.9550721,0.95755965,0.9555204,0.9573228,0.9769977,0.9428629,0.96047455,0.95800126,0.9552043
