movie,21bridgesmovie,47metersdown,abeautifuldaymovie,abominablemovie,adastramovie,adogsjourneymovie,aftermathmovie,aftermovie,ahiddenlifefilm,alitamovie,angelhasfallen,angrybirdsmovie,annabellemovie,annamovie,apollo11movie,arcticdogsmovie,arcticmovie,artofracingmovie,avengers,beachbummovie,bernadettefilm,blackandbluemovie,blackchristmas,blindedbythelightmovie,bombshellmovie,booksmart,breakthroughmovie,brianbanksmovie,brightburnmovie,brittanyrunsmov,captainmarvelofficial,captivestatemovie,catsmovie,charliesangels,childsplaymovie,clarathefilm,coldpursuitmovie,countdown,currentwarmovie,darkwatersmovie,detectivepikachumovie,disneyaladdin,disneyfrozen,disneymaleficent,doctorsleepmovie,dolemiteismyname,dontletgomovie,doramovie,downtonabbey_official,dumbo,escaperoom,everybodyknowsmovie,fastandfuriousmovie,fightingwmyfam,fivefeetapartfilm,fordvferrari,freaksthefilm,geminimanmovie,glassmovie,gloriabellmovie,godzillamovie,goldfinchmovie,goodboysmovie,goodliarmovie,gretafilm,halathemovie,happydeathdaymovie,harrietfilm,hellboymovie,hersmellmovie,highlifemovie,highstrungmovie,honeyboymovie,hotelmumbaifilm,httydragon,hustlemovie,hustlersmovie,isntitromantic,itmovieofficial,jayandsilentbob,johnwickmovie,jojorabbitmovie,jokermovie,judythefilm,jumanjimovie,justmercyfilm,knivesout,lalloronamovie,lastblackmansf,lastchristmasthemovie,latenightmovie,lighthousemovie,lionking,littlethemovie,littlewomenmovie,littlewoodsfilm,longshotmovie,lordsofchaosmovie,lucyintheskyfilm,mamovie2019,marriagestory,meettheaddams,meninblack,midsommarmovie,midwaymovie,missbalamovie,missinglinkfilm,motherlessbklyn,onceinhollywood,onthebasisofsex,overcomermovie,peanutbutterfalcon,petsematarymovie,piercingmovie,playingwithfire,playmobilthemovie,pomsmovie,queenandslim,rambomovie,readyornotfilm,richardjewellfilm,rocketmanmovie,scarystoriesmovie,secretlifeofpets,serenityfilm,shaftmovie,shazammovie,spidermanmovie,spiesindisguise,starwars,stormboymovie,stubermovie,taosdfilm,teenspiritmov,terminator,theaeronautsmov,thebestofenemies,thedeaddontdie,thefarewell,thehighwaymen,thehummingbirdprojectfilm,theintrudermovie,theirishmanfilm,thekitchenmovie,thelegomovie,themustangfilm,thenightingalefilm,theprodigymovie,thesunisalsoastar,theupsidefilm,tolkienmovie,toystory,triplefrontier,uglydolls,uncutgems,underthesilverlake,usmovie,wavesmovie,whatmenwant,wonderparkmovie,wrinklestheclown,xmenmovies,yardiefilm,yesterdaymovie,zombieland
21bridgesmovie,0.9999999,0.94761765,0.96021473,0.9620417,0.96598035,0.9650948,0.96481586,0.9640528,0.9811109,0.9574821,0.9578794,0.95946103,0.9544741,0.9607252,0.9569624,0.9605571,0.9604733,0.96063846,0.9724801,0.9567726,0.96085125,0.9641415,0.9632349,0.9611923,0.9466732,0.9157266,0.9577195,0.96405745,0.95173293,0.9512409,0.9594043,0.96524817,0.951307,0.9458227,0.9549017,0.9378205,0.9664269,0.97471553,0.9607404,0.96156305,0.954584,0.95763844,0.951748,0.96060264,0.96818036,0.9555457,0.9631251,0.9614105,0.95369136,0.96126443,0.95566154,0.9639407,0.9552389,0.96349686,0.95101315,0.9613245,0.9590371,0.96341944,0.9670783,0.9574461,0.9497044,0.9651322,0.96396023,0.9589305,0.9535216,0.9582937,0.9540628,0.9586281,0.9600706,0.9545248,0.9651701,0.8422679,0.9481948,0.9632914,0.9535404,0.9438081,0.93471193,0.9509519,0.96661484,0.95632404,0.95767766,0.96047485,0.9648901,0.95881206,0.9599293,0.9524374,0.9582236,0.95297766,0.95094895,0.95944315,0.9562001,0.9651701,0.95665216,0.9578322,0.96105933,0.95508826,0.95958096,0.96861744,0.9559239,0.9569567,0.96526575,0.96540767,0.9562379,0.96464545,0.9588782,0.9558287,0.96690965,0.96780425,0.94939417,0.95915514,0.9685347,0.88432884,0.96249974,0.9502446,0.95845973,0.97117996,0.9924478,0.9581347,0.9602216,0.9589824,0.9647285,0.96561843,0.95810837,0.9621055,0.9600769,0.96260405,0.95079124,0.9514748,0.96293116,0.9436881,0.9632693,0.9616569,0.96363676,0.94453317,0.9634641,0.9545856,0.9752271,0.9568165,0.9628364,0.9590883,0.9811109,0.9571811,0.9656264,0.9602285,0.952149,0.9598158,0.9586612,0.9568347,0.96391374,0.9778021,0.9616162,0.95638716,0.96004385,0.95071673,0.9617258,0.95546937,0.9654114,0.9660598,0.9612162,0.9660453,0.9811109,0.9568418,0.96392405,0.9628514,0.9580431
47metersdown,0.94761765,0.9999997,0.94175684,0.9433434,0.93821424,0.9465494,0.9523181,0.9352261,0.9658355,0.9375827,0.943275,0.93651164,0.946403,0.95073366,0.93601733,0.9548906,0.94132125,0.9399983,0.9395244,0.92727613,0.94805795,0.95234007,0.961056,0.94878054,0.9466212,0.9054419,0.9464964,0.94364756,0.9444935,0.9337023,0.9524637,0.953635,0.9306875,0.9352369,0.93982804,0.9116825,0.948952,0.94836503,0.9464628,0.94057333,0.93738085,0.9533694,0.93847936,0.9517538,0.9550569,0.94591486,0.9568139,0.938219,0.94412,0.9559633,0.9474695,0.9487272,0.9387527,0.94432676,0.93551785,0.9403718,0.93553466,0.94462043,0.94749504,0.9438111,0.9423342,0.9400745,0.95227295,0.94917583,0.94571877,0.9354227,0.9410112,0.94263023,0.9466729,0.93456614,0.9484427,0.812482,0.9248609,0.9542524,0.9342198,0.9259014,0.922918,0.9326314,0.9389978,0.9356159,0.9438491,0.94723964,0.9477525,0.94080335,0.9462538,0.9372081,0.95661324,0.9403203,0.9374932,0.9487089,0.93762267,0.9484427,0.94680923,0.9482182,0.9437855,0.9412636,0.9550686,0.9411007,0.9446584,0.9465494,0.94848776,0.9469725,0.9406803,0.9508293,0.9560374,0.94975203,0.94790787,0.9418008,0.9396522,0.9415011,0.953151,0.85778123,0.946349,0.9202439,0.9438595,0.93890226,0.94778377,0.93765014,0.9454159,0.94939613,0.94320136,0.9417046,0.9498082,0.94121444,0.94282156,0.95133394,0.94480795,0.9437437,0.941191,0.93775463,0.94558,0.9405858,0.94869894,0.94361675,0.9442114,0.9376518,0.94319534,0.94932437,0.9455253,0.9495972,0.9658355,0.9537769,0.94612485,0.938354,0.9400193,0.946956,0.93479,0.9384289,0.9501838,0.9421906,0.9506111,0.9491757,0.94261456,0.89990413,0.9356116,0.94144195,0.9458134,0.95669484,0.9454773,0.94537836,0.9658355,0.93492424,0.95340526,0.94512606,0.941902
abeautifuldaymovie,0.96021473,0.94175684,0.99999994,0.9636661,0.96082383,0.956206,0.9681235,0.96134204,0.97753805,0.9464439,0.94859374,0.95482445,0.9546704,0.96129435,0.953435,0.9501033,0.95601594,0.9588663,0.951143,0.949086,0.954791,0.9619618,0.9670729,0.9597474,0.93925476,0.9078763,0.94549775,0.95322335,0.9680815,0.94952625,0.95439994,0.961009,0.93856555,0.9477257,0.94276804,0.9320011,0.9593967,0.95255286,0.9625707,0.95005107,0.9515384,0.9572312,0.95807135,0.9538206,0.9689605,0.95428437,0.9631424,0.94702107,0.95076525,0.96094805,0.9697519,0.95765156,0.9541287,0.95048887,0.95041907,0.94855845,0.95571333,0.9601017,0.96579677,0.95405227,0.9556636,0.95337546,0.9577176,0.95445484,0.95700055,0.948907,0.960667,0.94860756,0.95514286,0.9563256,0.95789236,0.82511544,0.94113,0.96010804,0.94347566,0.946738,0.92348975,0.94700074,0.9542518,0.95074385,0.95112467,0.9566384,0.96485424,0.95141023,0.96754634,0.9551509,0.9563565,0.9588907,0.94450164,0.96399134,0.95109713,0.95789236,0.9530642,0.9563416,0.96468073,0.949055,0.95596594,0.9603434,0.95811754,0.9565344,0.95651436,0.9530114,0.9630273,0.95501244,0.95888674,0.96419513,0.96110195,0.95305127,0.9565249,0.9582715,0.96696705,0.88823813,0.96159804,0.9404247,0.9498761,0.9598732,0.9658311,0.9478075,0.95771533,0.96535087,0.96080273,0.9547393,0.9597527,0.95091325,0.9565234,0.9633548,0.95094454,0.963941,0.95426327,0.9398559,0.9556741,0.9551025,0.96031684,0.94774,0.95840037,0.95198673,0.96328586,0.9467965,0.9547236,0.9575346,0.97753805,0.9638839,0.95851505,0.9524501,0.9417388,0.96109146,0.95419633,0.95183885,0.9611493,0.9492738,0.9660331,0.97122073,0.9580442,0.913309,0.9493937,0.94613576,0.96194434,0.95990723,0.96130216,0.958223,0.97753805,0.95200676,0.95852584,0.96297175,0.96735823
abominablemovie,0.9620417,0.9433434,0.9636661,0.9999994,0.9519313,0.96033376,0.9639996,0.96027845,0.97424173,0.9543406,0.94103485,0.9492898,0.94425553,0.9539138,0.9461866,0.9534072,0.9584715,0.95075285,0.9461083,0.94086426,0.9524358,0.9542814,0.95741796,0.9501094,0.9424744,0.9157568,0.9475718,0.95264655,0.95244414,0.9477286,0.9541396,0.96360034,0.93008447,0.93965554,0.9527759,0.9341275,0.9550314,0.95725167,0.9534589,0.9541094,0.947525,0.9541402,0.95055014,0.95402515,0.96526325,0.9422492,0.9585341,0.9497976,0.95366186,0.9574314,0.95410264,0.9583354,0.9440177,0.9473985,0.9593328,0.95118296,0.94873124,0.9536557,0.9692157,0.9447878,0.9449748,0.9561605,0.9515286,0.96129215,0.94959724,0.9447787,0.94443834,0.95029134,0.9462417,0.9520112,0.95205003,0.8120021,0.9416499,0.95932907,0.9532221,0.9445202,0.9228759,0.9392695,0.95033324,0.9418762,0.9470492,0.95595884,0.95404065,0.95332766,0.9558998,0.9460223,0.95643544,0.9410556,0.9396741,0.95113295,0.9479688,0.95205003,0.94641143,0.9530362,0.95585126,0.9551492,0.95235616,0.9555954,0.9498111,0.943737,0.95271933,0.94815534,0.9468373,0.9467281,0.95762104,0.9508376,0.96022636,0.95563614,0.9630144,0.9530422,0.96464574,0.89088064,0.9468339,0.9478474,0.9446076,0.961938,0.9655587,0.94021773,0.95998603,0.9622585,0.9552975,0.9480777,0.96124095,0.95448166,0.95154464,0.96442467,0.95494,0.95320135,0.94691646,0.936359,0.9528235,0.95342743,0.95605767,0.9259936,0.9477398,0.9446131,0.95431733,0.9446964,0.9471266,0.94407374,0.97424173,0.9535856,0.9549946,0.94864935,0.95295197,0.9588509,0.95390594,0.9602458,0.96084696,0.9545505,0.96232015,0.95414627,0.94755954,0.9153215,0.942171,0.93948156,0.95748097,0.9457776,0.9504171,0.95089865,0.97424173,0.9521051,0.95780355,0.9583514,0.955539
adastramovie,0.96598035,0.93821424,0.96082383,0.9519313,0.9999999,0.9582206,0.9638861,0.95888335,0.97526115,0.96515733,0.95148,0.9604853,0.9509439,0.9652787,0.95252836,0.9581382,0.9608559,0.9744746,0.9525031,0.94387245,0.9554774,0.9637241,0.9645094,0.9473756,0.9433095,0.9105516,0.9631549,0.95591956,0.9573573,0.9466825,0.95370007,0.9647858,0.946105,0.9430053,0.9465228,0.9345375,0.9621968,0.9595427,0.9564337,0.9644763,0.96714824,0.9573908,0.95856863,0.9606558,0.96521664,0.9561265,0.95765835,0.94680345,0.95149857,0.9666628,0.955905,0.96637726,0.95164853,0.95784384,0.9534372,0.97205806,0.9613437,0.9502224,0.9542788,0.9566859,0.9490457,0.94605505,0.9536128,0.95976794,0.9541796,0.9451986,0.960694,0.95910245,0.9521398,0.9587276,0.96306413,0.8285558,0.9402279,0.9588083,0.9506553,0.9418271,0.93321896,0.9398445,0.96115595,0.94577956,0.9455126,0.9599367,0.9545117,0.95631516,0.95909405,0.95524067,0.96181387,0.9546991,0.9527303,0.95297897,0.94960654,0.96306413,0.9578692,0.9562158,0.95583016,0.94396293,0.9541731,0.957325,0.95308155,0.95877665,0.9624359,0.9474076,0.9498546,0.9572235,0.9516736,0.9537901,0.95920545,0.9559368,0.9522763,0.9635417,0.9666025,0.9126726,0.951707,0.9502192,0.95892024,0.95090455,0.9651659,0.9458312,0.95331764,0.9554555,0.9540991,0.95476323,0.9542628,0.95173025,0.9596417,0.95978737,0.9514827,0.9515629,0.9676217,0.94431555,0.9545283,0.97028095,0.9617245,0.94034916,0.9556054,0.94984645,0.9580272,0.95519847,0.96239144,0.9604117,0.97526115,0.956697,0.95919454,0.95239997,0.9484367,0.9649628,0.95530814,0.95439255,0.9541626,0.9501601,0.95522034,0.96657723,0.95650893,0.9275312,0.95917886,0.9449251,0.9548718,0.9574411,0.95333576,0.95237815,0.97526115,0.96397156,0.95779324,0.9546857,0.9568739
adogsjourneymovie,0.9650948,0.9465494,0.956206,0.96033376,0.9582206,1.0000001,0.9613774,0.96100485,0.97956693,0.9478975,0.9540283,0.95563585,0.9494206,0.96216744,0.95664847,0.9584921,0.96130073,0.952196,0.9541867,0.9416341,0.9567254,0.95638674,0.9656393,0.96337646,0.9520263,0.9044031,0.9470808,0.95982385,0.94714224,0.9485483,0.957319,0.95617425,0.94378847,0.9473379,0.94459283,0.94045365,0.95940554,0.96478736,0.9610349,0.95726407,0.9522779,0.9602626,0.963316,0.9564249,0.95716745,0.958047,0.96602017,0.9581077,0.9568811,0.96298313,0.95153975,0.9621576,0.95836735,0.96203464,0.96274465,0.95850414,0.94817984,0.95708334,0.959917,0.9431251,0.95074546,0.95570695,0.95397276,0.95631963,0.9451621,0.9516601,0.9491422,0.9589014,0.9605093,0.94927776,0.95729154,0.82399744,0.938351,0.95998675,0.9555786,0.9448916,0.9246236,0.9474882,0.95509666,0.9585888,0.9526195,0.9587451,0.95594776,0.95311236,0.9558149,0.953483,0.9604296,0.9587674,0.9544784,0.956759,0.9547756,0.95729154,0.95860165,0.9548097,0.95687056,0.95757043,0.96061355,0.95149887,0.9433621,0.95520777,0.959873,0.96233094,0.95193976,0.9554748,0.95565414,0.95489377,0.96079314,0.96660507,0.9510332,0.9511825,0.95880216,0.8808302,0.9483342,0.937722,0.9495108,0.95740753,0.9663965,0.94985145,0.95664865,0.9619861,0.9501454,0.95822847,0.9589271,0.9720754,0.9617023,0.96861774,0.9612643,0.95514125,0.9541838,0.9498628,0.9574427,0.95524216,0.9632849,0.92709595,0.94911826,0.95055985,0.96014243,0.95567375,0.9526433,0.9541436,0.97956693,0.95354915,0.95961314,0.95764965,0.94553065,0.95551664,0.9500569,0.94899964,0.96073425,0.9609525,0.95791614,0.95916945,0.9604404,0.9286696,0.9476403,0.9473783,0.9661829,0.9581197,0.95492244,0.96049327,0.97956693,0.95575964,0.95944995,0.9654932,0.95582974
aftermathmovie,0.96481586,0.9523181,0.9681235,0.9639996,0.9638861,0.9613774,1.0000007,0.9591025,0.9849315,0.9567871,0.96524316,0.96523947,0.9539838,0.97194576,0.95976454,0.9619214,0.9622555,0.9638975,0.95138353,0.95610297,0.9645768,0.96832275,0.96890205,0.97088593,0.95711154,0.9182028,0.96237105,0.9662661,0.9680039,0.9525415,0.9606287,0.95916384,0.94376284,0.95857954,0.9541452,0.9472636,0.9651431,0.9581401,0.9657859,0.9589017,0.96340495,0.96768594,0.95890874,0.9654334,0.96903515,0.96150196,0.96613,0.95679504,0.9582787,0.9709034,0.96901053,0.96559936,0.95916975,0.96592844,0.95711327,0.95344394,0.9562312,0.96680665,0.96327776,0.96283066,0.95917225,0.96418095,0.96439475,0.9719549,0.9639813,0.9504952,0.95391726,0.9574088,0.96166396,0.9572783,0.96799,0.81885606,0.94199264,0.96527916,0.9509991,0.9490929,0.93448746,0.9532199,0.9627387,0.95779604,0.9575139,0.9820035,0.9667902,0.9602099,0.9605038,0.95933956,0.9621508,0.95905095,0.94981617,0.96355605,0.9584406,0.96799,0.95886135,0.96265876,0.9687079,0.95820403,0.9647183,0.968022,0.97482437,0.95246035,0.9650183,0.96069264,0.95795155,0.970282,0.9600816,0.96905315,0.9698733,0.9570909,0.9611495,0.9618244,0.97030634,0.88907295,0.9669595,0.94999224,0.96448684,0.9594189,0.9700248,0.94261765,0.96576077,0.98991114,0.9620289,0.96064067,0.97039175,0.952702,0.9618227,0.9679036,0.95885307,0.95894635,0.9574968,0.94618475,0.96852916,0.96232367,0.9650009,0.9524087,0.9635208,0.9536978,0.95906013,0.95862514,0.9630569,0.9631234,0.9849315,0.96683,0.9617552,0.9522292,0.9544486,0.96552896,0.95813817,0.95587856,0.9623071,0.9600264,0.9873221,0.96112436,0.961866,0.91728395,0.9653568,0.9544145,0.9638163,0.9640713,0.9634707,0.9666413,0.9849315,0.9665009,0.96632814,0.9638815,0.96721506
aftermovie,0.9640528,0.9352261,0.96134204,0.96027845,0.95888335,0.96100485,0.9591025,1.0000004,0.97724986,0.9532803,0.9521378,0.952043,0.95285255,0.95736784,0.95631194,0.9591583,0.96176016,0.9521251,0.94832385,0.9471339,0.96167064,0.95979327,0.96029174,0.9511262,0.9479658,0.90191925,0.9461879,0.9569365,0.95165515,0.94855374,0.94744027,0.95984757,0.9415788,0.9430002,0.9460905,0.9439608,0.9651593,0.96154225,0.9550539,0.962801,0.9459176,0.9550009,0.9469564,0.95629656,0.9628147,0.9524008,0.9634394,0.95231473,0.9598698,0.9595531,0.95136094,0.96496546,0.9598715,0.95026433,0.96467173,0.9511904,0.95271796,0.95659727,0.95265126,0.95565134,0.9514016,0.95360005,0.9483875,0.9555967,0.949459,0.95514923,0.94883287,0.96351016,0.95625603,0.9497083,0.96190566,0.816205,0.9338313,0.95535177,0.95060086,0.95105547,0.92367864,0.9457044,0.9636739,0.95168465,0.9489172,0.954017,0.95901334,0.9584881,0.9595436,0.9631303,0.9462735,0.95417696,0.9533558,0.96168864,0.9561443,0.96190566,0.95094985,0.9491243,0.9588598,0.9601017,0.95612127,0.9578017,0.95070326,0.94841963,0.95697284,0.9564005,0.9464263,0.9645029,0.9521834,0.9497644,0.9606509,0.9604909,0.9527691,0.95849985,0.9611327,0.8854825,0.95189494,0.94245976,0.9498137,0.95729524,0.9675979,0.94741833,0.960465,0.9590837,0.9502917,0.9549279,0.9555353,0.9488446,0.96017975,0.9640092,0.95233727,0.94538194,0.95810795,0.9351984,0.95615685,0.95313257,0.96473455,0.9383456,0.9511691,0.95387095,0.961245,0.9521327,0.9539425,0.9497032,0.97724986,0.9524146,0.95665324,0.9590278,0.95160973,0.95529956,0.95532924,0.9583016,0.95383185,0.9548744,0.95273226,0.9509929,0.94889617,0.92471,0.9491114,0.95277023,0.95461875,0.9564041,0.9604743,0.9495641,0.97724986,0.9582058,0.9593814,0.9696021,0.9567567
ahiddenlifefilm,0.9811109,0.9658355,0.97753805,0.97424173,0.97526115,0.97956693,0.9849315,0.97724986,1.0,0.97089213,0.97440314,0.9733799,0.97198844,0.98078614,0.9731947,0.9724742,0.97928387,0.9739888,0.97028965,0.96703583,0.9757777,0.97814035,0.9826319,0.98051316,0.97012836,0.92919046,0.9736523,0.97659606,0.97367626,0.970309,0.9744396,0.9746256,0.9617096,0.9669225,0.96746796,0.9606581,0.9818684,0.9776872,0.9777203,0.9760755,0.9702557,0.9790742,0.9736953,0.9788865,0.98291945,0.97584176,0.98179686,0.97454447,0.9748434,0.9820194,0.9770606,0.98202026,0.9749911,0.97785586,0.974558,0.9714219,0.9726606,0.98010474,0.9768874,0.9748423,0.9682884,0.97511524,0.9744592,0.97698885,0.9740518,0.9716736,0.97025734,0.97481054,0.9743077,0.9716909,0.98185974,0.8432366,0.9602398,0.9766359,0.96633965,0.9619729,0.9447957,0.9702622,0.9784303,0.9722068,0.974142,0.9793899,0.9781503,0.9756971,0.97437394,0.9737788,0.9764342,0.97604316,0.97045815,0.9799032,0.97310156,0.98185974,0.9729795,0.9738571,0.97903234,0.9730376,0.9787381,0.9791592,0.9710111,0.97149086,0.97985417,0.9755612,0.9749458,0.9818009,0.9749809,0.9778318,0.9833437,0.9741447,0.9726142,0.9737699,0.9822363,0.9013096,0.9783727,0.9612135,0.9765761,0.9747334,0.9828265,0.9665266,0.98135895,0.9828305,0.9726107,0.977353,0.9810859,0.97127414,0.97906756,0.97732174,0.9749498,0.9730275,0.97419155,0.9649704,0.9758757,0.97391945,0.98225003,0.964646,0.9782942,0.97198296,0.9725403,0.9757478,0.9758436,0.9741465,1.0,0.97476447,0.9771647,0.9732755,0.96913975,0.977517,0.9719536,0.9713233,0.9781163,0.97395223,0.9789609,0.97398216,0.97949874,0.94167984,0.9718679,0.9721049,0.97599095,0.9796881,0.97509813,0.9785546,1.0,0.9733005,0.98022264,0.98047316,0.9778729
alitamovie,0.9574821,0.9375827,0.9464439,0.9543406,0.96515733,0.9478975,0.9567871,0.9532803,0.97089213,1.0000002,0.9414274,0.941891,0.9467558,0.9537573,0.9474755,0.9576404,0.9585404,0.95320874,0.9414563,0.9423757,0.9542476,0.9499522,0.9514268,0.9451604,0.9467382,0.90159416,0.9541678,0.945805,0.9414394,0.94945717,0.9486754,0.9550433,0.94952124,0.9404246,0.94283956,0.9377221,0.9529065,0.9552259,0.95120937,0.9514406,0.95859224,0.95443547,0.9475348,0.9613558,0.95544595,0.95291984,0.9506976,0.9467454,0.95275784,0.9631218,0.9433223,0.95983344,0.9523941,0.9499164,0.9490709,0.9535413,0.9553902,0.950903,0.9472548,0.95231384,0.9373852,0.94137645,0.9408009,0.95090204,0.9450559,0.9522429,0.9511653,0.95494264,0.9428444,0.95153165,0.9575726,0.81769985,0.94566953,0.94557613,0.94432425,0.94462264,0.9277738,0.9533131,0.95678025,0.9336241,0.9338379,0.9542995,0.9488562,0.9565707,0.94407535,0.94480735,0.9548863,0.9452771,0.94652724,0.9518363,0.94937843,0.9575726,0.949654,0.94975513,0.9457966,0.9480051,0.94674236,0.9555873,0.9453413,0.9439155,0.9596619,0.94416714,0.9410885,0.953833,0.95424694,0.9413343,0.9575137,0.94718397,0.9457967,0.94729537,0.9624927,0.88388723,0.95265555,0.94327325,0.95125794,0.94487184,0.9573094,0.93492013,0.95251656,0.95026505,0.9465472,0.95283747,0.95146674,0.9417443,0.948624,0.9512831,0.9505893,0.93859893,0.9542328,0.9378411,0.95296913,0.95740837,0.9559421,0.9290334,0.95884514,0.9514444,0.94439554,0.951493,0.95324093,0.94916165,0.97089213,0.94480824,0.95609945,0.94684094,0.94664454,0.95364237,0.95622784,0.9533352,0.9501634,0.9451273,0.9498118,0.95610076,0.94540256,0.9247654,0.9551282,0.9509525,0.94538516,0.9528723,0.9451976,0.95597917,0.97089213,0.96482784,0.95224774,0.9521636,0.94071066
angelhasfallen,0.9578794,0.943275,0.94859374,0.94103485,0.95148,0.9540283,0.96524316,0.9521378,0.97440314,0.9414274,0.99999964,0.9493988,0.9391776,0.96275187,0.9497167,0.9574481,0.9538453,0.9529996,0.9434709,0.9501168,0.94717586,0.9537823,0.95431054,0.952524,0.9405057,0.89681745,0.95229185,0.9548635,0.95043755,0.9385089,0.9476169,0.95146674,0.9327705,0.93185943,0.9421297,0.9413252,0.95705265,0.9454818,0.9584159,0.9542143,0.949652,0.9531081,0.94254076,0.95490336,0.9499751,0.957097,0.95187134,0.95055306,0.9470728,0.96006733,0.9505257,0.954649,0.9451005,0.9529686,0.9478047,0.94672793,0.9472014,0.952143,0.9509347,0.9495344,0.94339347,0.9519192,0.9491377,0.9481439,0.94663984,0.9555491,0.94342923,0.95040476,0.9663898,0.9525429,0.9574602,0.825532,0.9284062,0.95786804,0.9484597,0.9309563,0.9325102,0.9429294,0.95742726,0.9471555,0.96755165,0.95516735,0.954965,0.94945693,0.94519025,0.95345616,0.95708555,0.9519902,0.945391,0.9558301,0.9516235,0.9574602,0.9372627,0.9475815,0.9525464,0.95393425,0.9617286,0.953349,0.9490364,0.9496934,0.95759696,0.95222354,0.9474489,0.96129274,0.9462592,0.9547876,0.9557082,0.94525963,0.94067806,0.94901097,0.9560792,0.87606853,0.9505279,0.9329292,0.95527184,0.9541964,0.95850843,0.94220114,0.9565515,0.9632354,0.94761825,0.95285237,0.9576613,0.9491787,0.95162666,0.95741266,0.945901,0.94611734,0.95543706,0.93483335,0.94810206,0.94994354,0.9538708,0.94522136,0.948967,0.9467436,0.9500085,0.956133,0.94988185,0.9592749,0.97440314,0.95127356,0.95450157,0.9446382,0.93871015,0.95000726,0.9525847,0.94354177,0.9464079,0.95795476,0.95504147,0.94413054,0.9561931,0.92393005,0.9512378,0.94631225,0.9580578,0.95587295,0.95218545,0.95409954,0.97440314,0.95425797,0.95620334,0.95587724,0.95426035
angrybirdsmovie,0.95946103,0.93651164,0.95482445,0.9492898,0.9604853,0.95563585,0.96523947,0.952043,0.9733799,0.941891,0.9493988,1.0000001,0.95336145,0.95930785,0.9521279,0.94047636,0.95988375,0.9574634,0.9437653,0.94457614,0.9469571,0.9529857,0.9594768,0.95628023,0.9393408,0.90526605,0.94960725,0.9585022,0.9572027,0.94771266,0.95361876,0.9516911,0.9320827,0.9530178,0.9331397,0.93313223,0.9607437,0.9579287,0.9585476,0.95337534,0.95708466,0.9515794,0.9499427,0.9528995,0.9676246,0.9473986,0.95509195,0.95801175,0.9502432,0.95141023,0.96321905,0.9527648,0.94678015,0.95554507,0.94692755,0.9499234,0.95176333,0.9567935,0.95751697,0.95387584,0.9480261,0.9487856,0.955611,0.9517936,0.94843024,0.94747305,0.95058346,0.9509454,0.95165104,0.945879,0.95632464,0.81449795,0.9346362,0.9473725,0.942629,0.9405458,0.9186072,0.94426864,0.96071064,0.949879,0.942891,0.9586354,0.95268613,0.9541572,0.9639382,0.9482916,0.9506843,0.9529217,0.94270223,0.95388114,0.94390136,0.95632464,0.94679064,0.94971067,0.9644197,0.9463483,0.9534249,0.95392925,0.9506664,0.94773483,0.95606893,0.95018893,0.9497738,0.95788604,0.94752854,0.9638696,0.95914465,0.9474331,0.9465762,0.9482881,0.9599502,0.87987417,0.95786613,0.92904764,0.9486933,0.95338786,0.9639691,0.9418801,0.9513861,0.96320236,0.9518005,0.95220244,0.95555717,0.9561858,0.9574511,0.95935994,0.9473362,0.9525251,0.9561716,0.9429229,0.9492796,0.95399624,0.9601663,0.94107825,0.9582062,0.9420614,0.94719666,0.9472062,0.9625243,0.9535184,0.9733799,0.9493974,0.9538272,0.95255226,0.9469409,0.9489712,0.9501751,0.9345995,0.95220274,0.9500193,0.9597341,0.94339585,0.95825917,0.9181941,0.9493491,0.94941485,0.9516792,0.9568371,0.9504812,0.95469874,0.9733799,0.961172,0.9578968,0.9568123,0.9676604
annabellemovie,0.9544741,0.946403,0.9546704,0.94425553,0.9509439,0.9494206,0.9539838,0.95285255,0.97198844,0.9467558,0.9391776,0.95336145,1.0000006,0.94973105,0.95164824,0.9492092,0.9531157,0.95440924,0.9362411,0.93602026,0.953857,0.9501689,0.9623987,0.95682555,0.9414211,0.91742325,0.94824356,0.95377755,0.94912773,0.9451897,0.94470114,0.9540312,0.94090253,0.9333332,0.9392246,0.9297467,0.9594843,0.96529955,0.95434064,0.9461607,0.948164,0.95073366,0.95250154,0.95557845,0.96735656,0.9512873,0.95697653,0.9425382,0.9413463,0.95780253,0.9551853,0.9579829,0.9568966,0.9551955,0.94365096,0.9509834,0.95633054,0.9544851,0.9515787,0.9498755,0.9591526,0.9415755,0.95127875,0.9515642,0.9488521,0.9458477,0.94815594,0.9452323,0.945864,0.9429205,0.955188,0.8277453,0.9509723,0.9593869,0.9396546,0.9448302,0.9201767,0.93935853,0.95020604,0.95422554,0.94911003,0.96292186,0.9584037,0.94917655,0.96922,0.94830334,0.95763814,0.9756274,0.9393748,0.9533379,0.9456521,0.955188,0.9531786,0.9505759,0.9537287,0.9466618,0.9561125,0.9512713,0.94667375,0.9543003,0.9577496,0.94754595,0.9490772,0.9576738,0.9474396,0.95567936,0.95726275,0.9600774,0.94912267,0.94544107,0.96112776,0.8733786,0.96488154,0.9375387,0.95826465,0.9484539,0.9583872,0.9458851,0.96172786,0.9526369,0.9532059,0.95265114,0.95379585,0.9503881,0.9458809,0.9539671,0.95591635,0.9515823,0.9435257,0.95237935,0.9551938,0.94594926,0.96301275,0.9414492,0.960475,0.94277465,0.95060074,0.9522105,0.952617,0.95174295,0.97198844,0.9508716,0.957625,0.95480955,0.9397331,0.94984293,0.94884735,0.94895214,0.95828146,0.9470902,0.94973207,0.9524923,0.9584077,0.92129505,0.9428373,0.9478718,0.948136,0.9596289,0.95042306,0.9594036,0.97198844,0.9457034,0.95643353,0.9514893,0.9531576
annamovie,0.9607252,0.95073366,0.96129435,0.9539138,0.9652787,0.96216744,0.97194576,0.95736784,0.98078614,0.9537573,0.96275187,0.95930785,0.94973105,1.0000001,0.957812,0.9554136,0.9567801,0.9644072,0.957195,0.9601333,0.95671856,0.96842134,0.9686819,0.96361643,0.9528527,0.91647005,0.95869505,0.9583055,0.95618075,0.94720256,0.95991087,0.9585222,0.93751895,0.9514084,0.95818204,0.9441269,0.96520746,0.95485556,0.9611836,0.96316934,0.9558771,0.95879453,0.9587672,0.95658296,0.96677256,0.96152467,0.96628153,0.9580331,0.96180546,0.96369696,0.96215075,0.96669734,0.9570699,0.957413,0.9605966,0.9547676,0.96207815,0.9578443,0.9572391,0.9625021,0.95694184,0.95708364,0.96024686,0.9702765,0.960954,0.9520589,0.9508353,0.9592177,0.9571276,0.96380395,0.96795917,0.8271371,0.94057876,0.96209,0.9519336,0.94996,0.9269716,0.94991535,0.9680935,0.9540482,0.95926183,0.95468515,0.95696366,0.96133596,0.9510429,0.95878106,0.96679986,0.95977235,0.9536667,0.96420264,0.9509892,0.96795917,0.9553943,0.95498985,0.9624174,0.9561381,0.9696934,0.9633253,0.95813996,0.962941,0.9691622,0.9593346,0.9548346,0.9625505,0.9650507,0.96341676,0.96853936,0.9500514,0.9577002,0.95950085,0.9666081,0.9027123,0.9582685,0.940782,0.96112025,0.9557655,0.96192855,0.9472814,0.9639534,0.9670604,0.95157075,0.9562167,0.9659462,0.95105195,0.9654335,0.9638827,0.9565548,0.9619383,0.9557681,0.9512234,0.95829296,0.95687085,0.96414703,0.9569249,0.9611056,0.94922894,0.9518005,0.9598767,0.9645082,0.96755874,0.98078614,0.96437216,0.95862186,0.9515992,0.94726545,0.9625123,0.9515822,0.9584422,0.95868,0.9512125,0.96408635,0.9575281,0.96490085,0.91448957,0.9611878,0.9559239,0.96400183,0.9643039,0.95496684,0.9596302,0.98078614,0.95533437,0.9633157,0.9630021,0.96450496
apollo11movie,0.9569624,0.93601733,0.953435,0.9461866,0.95252836,0.95664847,0.95976454,0.95631194,0.9731947,0.9474755,0.9497167,0.9521279,0.95164824,0.957812,1.0000002,0.94741493,0.96285003,0.9509989,0.9498474,0.9698062,0.94143593,0.95598793,0.95959705,0.95503587,0.9492881,0.9090008,0.9485319,0.95565987,0.95429283,0.95628333,0.9460912,0.9545826,0.9413705,0.93820244,0.9425998,0.9267673,0.964075,0.9525443,0.9520835,0.95544976,0.9521738,0.9494813,0.9509374,0.9547992,0.9640268,0.95489216,0.9585425,0.95580757,0.9511849,0.95312786,0.95343363,0.9595199,0.9580976,0.95911396,0.94867015,0.95398575,0.95906067,0.95420176,0.95023996,0.9495728,0.94949037,0.94765306,0.9448777,0.9568885,0.94820243,0.94210565,0.94703096,0.9548842,0.9590678,0.9539296,0.95227337,0.8188064,0.9384718,0.94713104,0.94112724,0.9389585,0.9164589,0.95026183,0.9597365,0.9454035,0.95112365,0.9582472,0.9585593,0.9512723,0.9518157,0.9502997,0.960316,0.9552722,0.941173,0.9564007,0.94326854,0.95227337,0.9449203,0.9430498,0.957036,0.9661131,0.956201,0.9614524,0.9566916,0.9429438,0.95980394,0.95192516,0.948363,0.9570115,0.9469015,0.9556038,0.9619378,0.96118975,0.94432926,0.9513868,0.95902985,0.87914336,0.9580863,0.93462044,0.95591116,0.9471476,0.9575531,0.94229966,0.95952463,0.95933056,0.94791895,0.95913607,0.9492042,0.9479955,0.9566466,0.9550224,0.94928217,0.9510325,0.9522843,0.94760406,0.9478718,0.9509881,0.962588,0.94186985,0.95428264,0.95638305,0.95324945,0.95980245,0.9489455,0.94930077,0.9731947,0.9511994,0.95402145,0.9561736,0.9421893,0.9530295,0.9437514,0.94935566,0.96046937,0.950344,0.95228845,0.95075905,0.9589909,0.930117,0.9484852,0.94876057,0.9515056,0.94866705,0.94547105,0.95823306,0.9731947,0.9545554,0.96215993,0.95956105,0.95755714
arcticdogsmovie,0.9605571,0.9548906,0.9501033,0.9534072,0.9581382,0.9584921,0.9619214,0.9591583,0.9724742,0.9576404,0.9574481,0.94047636,0.9492092,0.9554136,0.94741493,1.0000002,0.95866746,0.94587976,0.9470104,0.9412812,0.9550156,0.95473653,0.955389,0.95178616,0.9426658,0.8947795,0.9536807,0.95072615,0.9499382,0.9469491,0.9529636,0.95629054,0.94090813,0.9317301,0.94467366,0.93030775,0.95667917,0.9610302,0.95019484,0.95648545,0.95377374,0.96071434,0.9522677,0.9597643,0.95852506,0.9437861,0.952453,0.946782,0.95889133,0.9678752,0.94580925,0.96473515,0.94570386,0.95069426,0.9529136,0.95453066,0.954014,0.9550323,0.95318574,0.9529995,0.9561047,0.94444376,0.9444507,0.9550193,0.95290864,0.9516436,0.94583863,0.95816445,0.955173,0.9514398,0.95878094,0.8395281,0.93812996,0.9589878,0.9448456,0.9352968,0.9285369,0.94797814,0.95018244,0.9420229,0.9490724,0.95462996,0.9630884,0.95237345,0.95180863,0.9613447,0.9548193,0.9470251,0.94674385,0.956549,0.9601793,0.95878094,0.9499082,0.9519685,0.95165396,0.9484545,0.9553531,0.9507416,0.95451665,0.94746053,0.95145273,0.95023847,0.9425246,0.9632028,0.94550633,0.94531983,0.9539782,0.96922904,0.9542938,0.9560899,0.9599731,0.8904175,0.95521927,0.93654907,0.9547056,0.94921875,0.96165913,0.94522965,0.9512008,0.95770764,0.9499274,0.95521253,0.9524641,0.9494892,0.94859576,0.95981145,0.9473037,0.9457528,0.9552717,0.93750846,0.95209235,0.95809096,0.9568117,0.9349192,0.9524188,0.9534086,0.95660794,0.96002775,0.95514166,0.9418722,0.9724742,0.9505203,0.94998044,0.9508051,0.9459492,0.95734966,0.9457967,0.9469971,0.95824397,0.9550408,0.95659584,0.954858,0.94605124,0.9230938,0.94947004,0.9466379,0.955422,0.96107835,0.95574594,0.9526921,0.9724742,0.94867074,0.96423894,0.9541968,0.9453251
arcticmovie,0.9604733,0.94132125,0.95601594,0.9584715,0.9608559,0.96130073,0.9622555,0.96176016,0.97928387,0.9585404,0.9538453,0.95988375,0.9531157,0.9567801,0.96285003,0.95866746,0.99999964,0.95402205,0.9562063,0.9537182,0.95808285,0.95639074,0.95990604,0.95329934,0.9559637,0.91598773,0.9456619,0.9656042,0.9541084,0.9522998,0.96085215,0.95685107,0.94431925,0.95005,0.9431851,0.9460159,0.96673346,0.95679736,0.9613609,0.96408445,0.9525999,0.96025246,0.96089965,0.9561838,0.96536505,0.955367,0.95779026,0.95741934,0.9577802,0.9627479,0.9553952,0.9653491,0.9543977,0.95967484,0.960311,0.9626252,0.96122205,0.9649996,0.9613775,0.9565656,0.94948256,0.9535223,0.95208216,0.9562243,0.9553374,0.9564601,0.9530078,0.96033686,0.96142596,0.96121794,0.95899457,0.8309702,0.9501848,0.955624,0.9484442,0.9557585,0.93195873,0.95651114,0.96037585,0.9484074,0.9521704,0.9602729,0.9592605,0.95902216,0.95498264,0.95906305,0.9601301,0.9532071,0.95088774,0.9563253,0.9567949,0.95899457,0.9561488,0.954376,0.9610728,0.9580924,0.9576011,0.95864147,0.9552465,0.95248765,0.9617348,0.95376056,0.9605056,0.9607787,0.9550312,0.9560842,0.96532637,0.96182376,0.949339,0.96120083,0.9592979,0.88248193,0.95768034,0.94534934,0.957243,0.95196813,0.9615502,0.9469861,0.9635745,0.959058,0.95689887,0.9612496,0.96079826,0.95642436,0.969023,0.96201485,0.96070695,0.95813847,0.9624039,0.94630444,0.9591481,0.9625453,0.98082536,0.9448508,0.96085405,0.9529137,0.9501243,0.95986634,0.9574548,0.95339954,0.97928387,0.95191014,0.96021366,0.9631037,0.9503315,0.9597639,0.9534957,0.9475863,0.9634486,0.957295,0.9598239,0.95371395,0.9632597,0.93504345,0.9527137,0.94559056,0.95291436,0.95936203,0.95291144,0.9575304,0.97928387,0.9626897,0.964754,0.96171606,0.9577306
artofracingmovie,0.96063846,0.9399983,0.9588663,0.95075285,0.9744746,0.952196,0.9638975,0.9521251,0.9739888,0.95320874,0.9529996,0.9574634,0.95440924,0.9644072,0.9509989,0.94587976,0.95402205,0.9999995,0.94219184,0.9414438,0.95885897,0.965183,0.9626929,0.95413625,0.94394463,0.9130434,0.9675014,0.95319504,0.95605105,0.94997394,0.9435279,0.9533654,0.9418146,0.9452442,0.9526429,0.93659234,0.9530651,0.9539346,0.9590938,0.95402956,0.9594073,0.950869,0.95399535,0.95466584,0.96531945,0.9530694,0.95910156,0.94599915,0.9523288,0.95681775,0.9600044,0.9556046,0.95376605,0.9582031,0.94851446,0.9644913,0.9595469,0.9493642,0.94780463,0.9526264,0.94748926,0.9387956,0.951459,0.95387536,0.948975,0.94532204,0.95566714,0.95131654,0.94749624,0.95033616,0.9648691,0.8212174,0.94806856,0.9549672,0.9434547,0.93844926,0.9314623,0.93804395,0.95504487,0.9475639,0.9527855,0.96351165,0.9552188,0.96047986,0.960712,0.9522052,0.9602266,0.9582386,0.95321494,0.94965595,0.94553083,0.9648691,0.94913435,0.9532882,0.95029396,0.94791627,0.9567033,0.9530121,0.9527627,0.95318955,0.9574733,0.94993806,0.95088375,0.9555201,0.946422,0.9595904,0.95821214,0.94607294,0.94697607,0.94976574,0.9667913,0.89776385,0.95765954,0.94286364,0.95937943,0.9486838,0.9615677,0.94485116,0.95723873,0.9630759,0.9466999,0.9502149,0.9526952,0.95213634,0.952522,0.9514686,0.9543467,0.9537087,0.9644353,0.94020754,0.957336,0.9665404,0.96244377,0.9459694,0.95436615,0.9506968,0.94569445,0.94800955,0.9609739,0.9676778,0.9739888,0.957284,0.95251197,0.9484437,0.9473796,0.95605147,0.9514245,0.9577557,0.9492966,0.9455783,0.9563931,0.9573977,0.95580983,0.91407156,0.9562334,0.94981253,0.9522589,0.95870656,0.9470579,0.9526677,0.9739888,0.9600089,0.96328807,0.95413077,0.95729107
avengers,0.9724801,0.9395244,0.951143,0.9461083,0.9525031,0.9541867,0.95138353,0.94832385,0.97028965,0.9414563,0.9434709,0.9437653,0.9362411,0.957195,0.9498474,0.9470104,0.9562063,0.94219184,0.99999964,0.9499932,0.9463209,0.9514738,0.9525208,0.95841587,0.94101954,0.9030271,0.9422422,0.9507406,0.9423194,0.938343,0.9672338,0.949051,0.93263716,0.93953764,0.94825965,0.93226045,0.95737916,0.95223,0.950359,0.9561348,0.94439626,0.9505043,0.94784254,0.95153284,0.9611095,0.94466156,0.95424795,0.9550188,0.943724,0.957815,0.9494279,0.9545626,0.94274414,0.95118254,0.94220465,0.951522,0.95253414,0.951806,0.9495765,0.9472406,0.9448232,0.9534052,0.9586763,0.9510996,0.94868493,0.9477036,0.94439566,0.94993263,0.9523892,0.9461975,0.95270294,0.8317442,0.93560964,0.94725585,0.9393933,0.93468076,0.91924506,0.94680595,0.9527059,0.950595,0.9483286,0.9403782,0.95666087,0.9475689,0.93329024,0.9383489,0.9538482,0.94281745,0.9419224,0.9539463,0.9374992,0.95270294,0.95451766,0.9483028,0.95676947,0.9473008,0.94953185,0.963784,0.9414455,0.94611704,0.9536198,0.95605385,0.95477337,0.95282173,0.94566727,0.9501426,0.9618781,0.9559763,0.93971354,0.9511283,0.9573719,0.8803098,0.9448388,0.94109976,0.95143366,0.94697684,0.9563264,0.95374626,0.95214754,0.95018095,0.9512611,0.96264327,0.9468846,0.94750035,0.96434426,0.9469919,0.9368055,0.9563642,0.9471307,0.9484342,0.9497555,0.9458244,0.95521224,0.9412606,0.9484022,0.9402699,0.9519558,0.9497866,0.943536,0.9450938,0.97028965,0.9515702,0.95097065,0.9511239,0.938479,0.9491012,0.94958454,0.9503579,0.95757043,0.95081687,0.9477098,0.9469252,0.9533072,0.93592733,0.95630455,0.9433118,0.9539036,0.95444906,0.9496111,0.9484303,0.97028965,0.9403008,0.95873225,0.94628024,0.9531246
beachbummovie,0.9567726,0.92727613,0.949086,0.94086426,0.94387245,0.9416341,0.95610297,0.9471339,0.96703583,0.9423757,0.9501168,0.94457614,0.93602026,0.9601333,0.9698062,0.9412812,0.9537182,0.9414438,0.9499932,0.9999998,0.94026995,0.96253294,0.9546576,0.95058995,0.9373897,0.9110002,0.94407356,0.9429993,0.9538883,0.9370148,0.94659615,0.94081974,0.93822724,0.9409927,0.9353793,0.92708254,0.95332646,0.94310117,0.9458211,0.9436189,0.9418973,0.9464002,0.9500111,0.9541192,0.95348084,0.94844145,0.9534782,0.9475322,0.93980634,0.95118195,0.95249045,0.9466611,0.94312733,0.9418059,0.9375059,0.94356394,0.9502071,0.9514142,0.94923866,0.9527322,0.9438461,0.9474777,0.939099,0.9502828,0.9406285,0.9455958,0.9394562,0.9414476,0.9501099,0.95371914,0.9551812,0.81551176,0.9255187,0.94891083,0.9342342,0.93847036,0.92040837,0.9444393,0.95903087,0.93946916,0.9459877,0.94670874,0.9580963,0.94476473,0.93368995,0.94473606,0.95189434,0.94571155,0.93527734,0.9506933,0.934518,0.9551812,0.93766415,0.92656827,0.9468503,0.95668215,0.9510734,0.96915394,0.9568389,0.93885624,0.9457483,0.95540154,0.9484849,0.95249784,0.9458932,0.9518531,0.9565808,0.94291764,0.93879783,0.94701666,0.95499974,0.875938,0.95368594,0.9359016,0.94716334,0.94786966,0.9557916,0.9368352,0.95185363,0.9486934,0.94346505,0.95595205,0.9450114,0.93926364,0.95708513,0.94618785,0.9423578,0.946609,0.9435629,0.9417113,0.94601125,0.9417071,0.9552125,0.9410032,0.9543097,0.937955,0.9381008,0.9506097,0.9491608,0.9489925,0.96703583,0.9512498,0.93600243,0.94580853,0.94441193,0.94278663,0.9451833,0.9389762,0.95102006,0.948837,0.95025903,0.9407232,0.94576854,0.92119133,0.95100677,0.94728625,0.9494978,0.94820005,0.9342983,0.9514406,0.96703583,0.9474106,0.957714,0.957715,0.9560009
bernadettefilm,0.96085125,0.94805795,0.954791,0.9524358,0.9554774,0.9567254,0.9645768,0.96167064,0.9757777,0.9542476,0.94717586,0.9469571,0.953857,0.95671856,0.94143593,0.9550156,0.95808285,0.95885897,0.9463209,0.94026995,1.0000001,0.95983726,0.9632942,0.9639979,0.9465186,0.9018286,0.9518893,0.95374256,0.95190084,0.95010084,0.94387025,0.950614,0.9450266,0.9473839,0.9459593,0.9410299,0.95134455,0.9539462,0.9586229,0.94588745,0.9509973,0.95817536,0.9506056,0.9556998,0.9588285,0.9555265,0.9629507,0.9465182,0.94968593,0.9591792,0.9505168,0.95738804,0.9570496,0.95048416,0.9473737,0.953655,0.94869894,0.9645557,0.9563207,0.94924265,0.954428,0.95551395,0.9509431,0.9571083,0.95145696,0.9562875,0.9499388,0.94991255,0.95135015,0.9424983,0.95789313,0.81845874,0.9395207,0.9580022,0.9419276,0.9402534,0.9211267,0.95732677,0.9611318,0.95374805,0.9479295,0.96355736,0.9545468,0.9532808,0.9550634,0.9493156,0.9602486,0.94824654,0.9568125,0.95939857,0.9617979,0.95789313,0.95831555,0.9540074,0.948934,0.9480749,0.95658195,0.95276713,0.94786847,0.9516638,0.9542759,0.95181865,0.95245755,0.9599114,0.95309335,0.95117027,0.9624937,0.9494734,0.9459295,0.94526684,0.96277314,0.87402475,0.9627525,0.93419415,0.96705276,0.9505548,0.9612646,0.94611347,0.9626256,0.9601698,0.9578306,0.96199083,0.9573252,0.94693834,0.95199364,0.9556146,0.95141596,0.94643086,0.95683587,0.93438566,0.972926,0.9592701,0.96441966,0.94717795,0.9599415,0.9502149,0.95198023,0.9550703,0.9512882,0.9582293,0.9757777,0.9564423,0.95338345,0.9497493,0.94734406,0.95240945,0.94678026,0.95485234,0.95857054,0.9538024,0.95753723,0.96081847,0.9547103,0.9201704,0.95059526,0.94075865,0.94816935,0.95978916,0.95442486,0.95750296,0.9757777,0.9565987,0.95723957,0.9559306,0.95327765
