movie,21bridgesmovie,47metersdown,abeautifuldaymovie,abominablemovie,adastramovie,adogsjourneymovie,aftermathmovie,aftermovie,ahiddenlifefilm,alitamovie,angelhasfallen,angrybirdsmovie,annabellemovie,annamovie,apollo11movie,arcticdogsmovie,arcticmovie,artofracingmovie,avengers,beachbummovie,bernadettefilm,blackandbluemovie,blackchristmas,blindedbythelightmovie,bombshellmovie,booksmart,breakthroughmovie,brianbanksmovie,brightburnmovie,brittanyrunsmov,captainmarvelofficial,captivestatemovie,catsmovie,charliesangels,childsplaymovie,clarathefilm,coldpursuitmovie,countdown,currentwarmovie,darkwatersmovie,detectivepikachumovie,disneyaladdin,disneyfrozen,disneymaleficent,doctorsleepmovie,dolemiteismyname,dontletgomovie,doramovie,downtonabbey_official,dumbo,escaperoom,everybodyknowsmovie,fastandfuriousmovie,fightingwmyfam,fivefeetapartfilm,fordvferrari,freaksthefilm,geminimanmovie,glassmovie,gloriabellmovie,godzillamovie,goldfinchmovie,goodboysmovie,goodliarmovie,gretafilm,halathemovie,happydeathdaymovie,harrietfilm,hellboymovie,hersmellmovie,highlifemovie,highstrungmovie,honeyboymovie,hotelmumbaifilm,httydragon,hustlemovie,hustlersmovie,isntitromantic,itmovieofficial,jayandsilentbob,johnwickmovie,jojorabbitmovie,jokermovie,judythefilm,jumanjimovie,justmercyfilm,knivesout,lalloronamovie,lastblackmansf,lastchristmasthemovie,latenightmovie,lighthousemovie,lionking,littlethemovie,littlewomenmovie,littlewoodsfilm,longshotmovie,lordsofchaosmovie,lucyintheskyfilm,mamovie2019,marriagestory,meettheaddams,meninblack,midsommarmovie,midwaymovie,missbalamovie,missinglinkfilm,motherlessbklyn,onceinhollywood,onthebasisofsex,overcomermovie,peanutbutterfalcon,petsematarymovie,piercingmovie,playingwithfire,playmobilthemovie,pomsmovie,queenandslim,rambomovie,readyornotfilm,richardjewellfilm,rocketmanmovie,scarystoriesmovie,secretlifeofpets,serenityfilm,shaftmovie,shazammovie,spidermanmovie,spiesindisguise,starwars,stormboymovie,stubermovie,taosdfilm,teenspiritmov,terminator,theaeronautsmov,thebestofenemies,thedeaddontdie,thefarewell,thehighwaymen,thehummingbirdprojectfilm,theintrudermovie,theirishmanfilm,thekitchenmovie,thelegomovie,themustangfilm,thenightingalefilm,theprodigymovie,thesunisalsoastar,theupsidefilm,tolkienmovie,toystory,triplefrontier,uglydolls,uncutgems,underthesilverlake,usmovie,wavesmovie,whatmenwant,wonderparkmovie,wrinklestheclown,xmenmovies,yardiefilm,yesterdaymovie,zombieland
21bridgesmovie,1.0000004,0.9634552,0.95176816,0.94552267,0.95171964,0.9560018,0.9522966,0.9494273,0.9754884,0.96229887,0.9551075,0.9449323,0.9560264,0.9652128,0.95712835,0.9599293,0.9571039,0.9452515,0.9718296,0.95031196,0.95744973,0.9543304,0.9589091,0.94518435,0.9549714,0.883548,0.9496788,0.95443934,0.9514625,0.9527207,0.95136696,0.9632763,0.945886,0.94431543,0.93310255,0.90905845,0.9509466,0.9618479,0.94478637,0.9492811,0.9503703,0.95596457,0.95749396,0.96132433,0.95884126,0.95725596,0.96100116,0.94965106,0.946285,0.9648841,0.9513027,0.9635767,0.95475036,0.95119745,0.94507533,0.9556926,0.9539241,0.96316856,0.9520087,0.9531934,0.9570112,0.94812083,0.9518539,0.96332693,0.9456355,0.9468547,0.9485646,0.95638466,0.94587374,0.95081526,0.95636153,0.79489326,0.94426805,0.9619252,0.9405815,0.9399538,0.9210162,0.9553223,0.95170313,0.95202035,0.9537629,0.944499,0.95883,0.94711626,0.94761235,0.9442243,0.9488533,0.9559539,0.9509379,0.9590089,0.9583617,0.95636153,0.959724,0.9585139,0.9452336,0.9552974,0.9574384,0.9575878,0.94814426,0.9564664,0.9501025,0.95506805,0.94578725,0.945359,0.95295715,0.9496756,0.95610523,0.9531255,0.9519105,0.95428705,0.96885765,0.87825316,0.9582707,0.90158755,0.9605608,0.9616661,0.9883067,0.9476365,0.9586113,0.95493025,0.95358986,0.95853645,0.95714635,0.94639516,0.9499132,0.9597049,0.94833434,0.9403656,0.95025575,0.9456385,0.95433956,0.94590807,0.9517225,0.9418467,0.9589317,0.9488958,0.9729516,0.95525837,0.9531441,0.9518293,0.9754884,0.9584299,0.9476485,0.9601471,0.95040685,0.9619453,0.94934535,0.94161546,0.9533235,0.9668584,0.9460258,0.9629893,0.961307,0.94933444,0.9546386,0.95952195,0.95211667,0.944738,0.9530569,0.9599369,0.9754884,0.93878984,0.95634484,0.9569073,0.9507732
47metersdown,0.9634552,0.99999946,0.95544064,0.9483883,0.94774234,0.9503874,0.95992094,0.9488716,0.9788218,0.95546865,0.95930904,0.94133836,0.95853084,0.964841,0.9651213,0.9688088,0.9576354,0.9565555,0.9592091,0.9474189,0.9575256,0.9559529,0.96168476,0.9559569,0.9577438,0.89677715,0.95446473,0.9619122,0.95361716,0.95324934,0.95871675,0.9512694,0.93879163,0.9413398,0.951073,0.9219862,0.9625381,0.9554965,0.9610792,0.94777614,0.953366,0.9622145,0.95981354,0.96822435,0.9602814,0.950555,0.9607829,0.9545458,0.95912325,0.9670288,0.95905244,0.9640711,0.9552871,0.9499738,0.94795316,0.9495768,0.95423937,0.96030927,0.956498,0.95396584,0.9570263,0.95727503,0.9474888,0.95190674,0.94608986,0.9480619,0.94807696,0.95457196,0.9475628,0.96181077,0.96448755,0.8035922,0.9418732,0.9657031,0.94610417,0.94421196,0.9173541,0.9579107,0.9587437,0.96015024,0.9622222,0.9532077,0.95402336,0.9486212,0.9573217,0.96155876,0.9581401,0.95760185,0.96032536,0.9617551,0.95577514,0.96448755,0.9491115,0.96440065,0.9555455,0.96268904,0.9593772,0.9550876,0.9561588,0.9577124,0.95450276,0.95884234,0.9479672,0.96206015,0.95397145,0.95773596,0.97072417,0.9484194,0.949947,0.95243126,0.9676287,0.87441784,0.95590216,0.9117056,0.95853794,0.956007,0.96548074,0.95155543,0.96243554,0.9558966,0.9552629,0.95717,0.96246743,0.94940555,0.95291233,0.9683376,0.9562121,0.94935304,0.9590452,0.9486978,0.9519644,0.9469805,0.96170825,0.94581765,0.9568302,0.9476443,0.9573376,0.95425093,0.9628994,0.9579397,0.9788218,0.96213895,0.94836503,0.95802444,0.9482973,0.95663524,0.95636094,0.9538336,0.9531009,0.9568051,0.9595797,0.9600151,0.9616923,0.9356702,0.96082264,0.96131694,0.95670223,0.95069826,0.9488147,0.9535343,0.9788218,0.9494123,0.9541506,0.9592024,0.9571055
abeautifuldaymovie,0.95176816,0.95544064,1.0000001,0.94912446,0.94715744,0.94406533,0.9501451,0.950772,0.97445923,0.94664514,0.95361924,0.9538214,0.9545358,0.95487136,0.9562346,0.95805323,0.9533942,0.9542661,0.9496116,0.9435723,0.95007765,0.9653782,0.95325774,0.9549215,0.9465455,0.8862563,0.9482505,0.95351356,0.97257996,0.9449565,0.95507073,0.95256674,0.9346372,0.9579984,0.9418557,0.90973616,0.959029,0.9519203,0.95771724,0.9471461,0.93685824,0.9578948,0.95472157,0.9628018,0.95134985,0.9466645,0.94863,0.94654673,0.9497305,0.96186954,0.9760588,0.96034485,0.9403202,0.95000035,0.937386,0.9552702,0.9545696,0.9529779,0.95373976,0.958752,0.9545202,0.9552715,0.93809694,0.9544286,0.9455552,0.94814456,0.94546795,0.95723057,0.9457821,0.95736045,0.96263343,0.7860313,0.94983625,0.95938545,0.9423245,0.9438292,0.9283229,0.95454836,0.95858246,0.95054,0.94643843,0.9403994,0.94760257,0.95125335,0.96634877,0.9521182,0.94483835,0.96057063,0.9614989,0.95968235,0.94898725,0.96263343,0.94630146,0.95504385,0.9713878,0.9537152,0.94470096,0.95526963,0.9459876,0.9499844,0.9460524,0.9568029,0.96246123,0.9598417,0.9430475,0.972088,0.96267545,0.9548454,0.96326405,0.9581805,0.9576179,0.86603993,0.9397205,0.9121271,0.95258325,0.94573087,0.9576525,0.9515758,0.9542352,0.9472824,0.95370585,0.9414864,0.9509158,0.93836534,0.9516138,0.95880425,0.9534712,0.96532875,0.9533287,0.9434368,0.949399,0.9566073,0.9515077,0.93507195,0.94549125,0.9423418,0.95744073,0.9562832,0.9591069,0.94801736,0.97445923,0.9736998,0.9426596,0.9588736,0.95014143,0.9551395,0.9521142,0.9496296,0.9541772,0.9520804,0.95016116,0.9726786,0.95215726,0.9332439,0.95680994,0.95381254,0.94331133,0.9507836,0.9391835,0.94628483,0.97445923,0.94882995,0.954315,0.9523898,0.97238237
abominablemovie,0.94552267,0.9483883,0.94912446,1.0000002,0.9404777,0.9364954,0.9420252,0.95216066,0.96885884,0.9418045,0.95127714,0.9447818,0.9596324,0.9485838,0.94839054,0.9483857,0.95159024,0.9442078,0.9419608,0.93592817,0.94783014,0.9474428,0.9413957,0.9457746,0.93461096,0.8833077,0.9348774,0.9533608,0.94501835,0.94917005,0.9472195,0.9472467,0.9176932,0.9389599,0.9513927,0.92738783,0.94912016,0.967895,0.9456387,0.94897044,0.94013757,0.9507242,0.94585204,0.94944566,0.94878095,0.9419474,0.93993217,0.9428105,0.93993276,0.9587836,0.94951636,0.95197004,0.9382923,0.94020635,0.9407416,0.95134157,0.93318695,0.9537269,0.9594677,0.9420848,0.941661,0.9586124,0.9405261,0.94154847,0.94069535,0.9376406,0.9470817,0.94262016,0.943565,0.9425567,0.9513423,0.7977733,0.9418952,0.9608753,0.94105536,0.9350683,0.9231034,0.947519,0.9606642,0.94417423,0.9392175,0.9534374,0.9437715,0.93954736,0.96367073,0.9421005,0.9633638,0.94752234,0.94389564,0.95314443,0.95121014,0.9513423,0.947132,0.9558927,0.947094,0.95222837,0.9460099,0.94509953,0.9449561,0.94703037,0.936647,0.948166,0.92444915,0.95034254,0.94362634,0.9472435,0.9508265,0.9444043,0.9373527,0.94955087,0.9492852,0.8852876,0.94532794,0.92590886,0.9536968,0.94422084,0.9573856,0.9418509,0.94791126,0.9368283,0.9460131,0.9483421,0.944147,0.93613225,0.9489901,0.9555344,0.9426629,0.93621826,0.9450532,0.939961,0.95208865,0.93879706,0.94933283,0.9380816,0.94848573,0.9417414,0.94499665,0.94295645,0.95336854,0.9454228,0.96885884,0.9496374,0.93199795,0.9472062,0.92847145,0.95159084,0.95572466,0.9584908,0.9378569,0.94865155,0.9465195,0.94862074,0.94337445,0.92272836,0.94220465,0.9396121,0.94462746,0.936257,0.9448838,0.94168735,0.96885884,0.95214,0.9386033,0.9470044,0.95660585
adastramovie,0.95171964,0.94774234,0.94715744,0.9404777,1.0,0.9432711,0.9567492,0.9530505,0.97197926,0.95420414,0.9539951,0.94071203,0.9510977,0.9524317,0.94813305,0.9529327,0.94768983,0.9676732,0.94137245,0.94538224,0.94670546,0.95457727,0.952998,0.95238703,0.94869196,0.8716696,0.9502112,0.94869506,0.94747436,0.9458926,0.94580764,0.9587277,0.9372965,0.9437035,0.93050814,0.908418,0.9522695,0.94375306,0.94648945,0.9483493,0.9436258,0.93896973,0.9293963,0.94162863,0.959169,0.9480358,0.94996065,0.95765865,0.93835056,0.9422381,0.94650453,0.95511484,0.9532005,0.9450146,0.9332341,0.9750959,0.9393803,0.9474908,0.9514536,0.95049435,0.95651823,0.9485907,0.9471811,0.9514484,0.95418084,0.9368714,0.95154524,0.95427775,0.9408553,0.945339,0.9514666,0.7940467,0.9440642,0.95019895,0.9311742,0.94963825,0.9166327,0.94661874,0.95585805,0.95268774,0.95133114,0.94584274,0.95270485,0.94652814,0.9457259,0.9452988,0.94095343,0.9544373,0.95078063,0.95270926,0.95565534,0.9514666,0.93813163,0.9425432,0.9426661,0.94768244,0.95281744,0.95598626,0.94868404,0.9431446,0.9394749,0.965948,0.9407734,0.945017,0.9404537,0.9453397,0.946361,0.9526171,0.9368406,0.9415382,0.9502421,0.8834122,0.94523996,0.9200396,0.9504973,0.94563174,0.9566169,0.9375233,0.95974493,0.9581588,0.95867527,0.9415258,0.9528073,0.94446415,0.95003784,0.95340186,0.9505837,0.9316986,0.96299845,0.92443085,0.94704115,0.95470446,0.9473046,0.94023883,0.9397166,0.9422133,0.9449038,0.9457759,0.95648694,0.94980323,0.97197926,0.95197505,0.93676627,0.9539442,0.9549418,0.94735307,0.94264084,0.9362537,0.95582587,0.9537921,0.95272094,0.9515384,0.94163436,0.9330703,0.94559425,0.9462656,0.9566225,0.94522244,0.9341563,0.93966484,0.97197926,0.94769716,0.95307606,0.94874674,0.9510926
adogsjourneymovie,0.9560018,0.9503874,0.94406533,0.9364954,0.9432711,1.0,0.9578871,0.94454384,0.9715614,0.9509028,0.95898455,0.94159013,0.946384,0.95105654,0.9544247,0.9373926,0.9496907,0.9370307,0.9439786,0.9528788,0.94680494,0.9484285,0.9685013,0.9478875,0.9448103,0.864466,0.94489723,0.94969994,0.93903583,0.94836843,0.93854654,0.9534027,0.94782037,0.9434567,0.9363188,0.90696204,0.9483457,0.94495934,0.94049543,0.9453249,0.94278467,0.94679034,0.94789255,0.9472776,0.9547227,0.9547601,0.97032493,0.94215304,0.9468031,0.94893116,0.94300395,0.9593011,0.9548288,0.9447171,0.9429672,0.9497197,0.9442541,0.9458804,0.94774824,0.94614565,0.9446672,0.94835454,0.9538226,0.9516713,0.94522333,0.9413984,0.9442807,0.9500846,0.9490302,0.95270926,0.9498869,0.7789468,0.9415671,0.94974613,0.95514894,0.9426019,0.9146775,0.9540253,0.944351,0.9486484,0.94836915,0.9420162,0.95666707,0.9436698,0.94393426,0.940993,0.9494946,0.95562553,0.951674,0.9429511,0.9493186,0.9498869,0.9569795,0.9543028,0.94091845,0.9527135,0.9593266,0.95537204,0.95089793,0.9538112,0.9465218,0.9643908,0.9430828,0.94569737,0.9473927,0.9454715,0.9460009,0.94755733,0.9315658,0.94241315,0.9608415,0.88080835,0.94754213,0.90186816,0.9457139,0.9488987,0.95677024,0.9536877,0.9568488,0.9602711,0.94076866,0.95482016,0.9554315,0.97276956,0.9460049,0.9541069,0.95758706,0.92539096,0.9401487,0.93152213,0.95099765,0.9376393,0.95015496,0.9416387,0.9432184,0.9481318,0.94834894,0.9516141,0.95091563,0.947575,0.9715614,0.9504747,0.94491637,0.9556344,0.95368207,0.953561,0.93629205,0.9452516,0.9514159,0.94193983,0.9486651,0.95796037,0.94784313,0.92976815,0.9424718,0.95097303,0.9537695,0.93434525,0.9352496,0.9434414,0.9715614,0.9254496,0.9498338,0.970207,0.9442968
aftermathmovie,0.9522966,0.95992094,0.9501451,0.9420252,0.9567492,0.9578871,0.99999994,0.95458186,0.9795717,0.95349145,0.9625968,0.94638234,0.96368563,0.95898837,0.96289605,0.9469858,0.9561123,0.948388,0.94860977,0.9505816,0.9574396,0.95261186,0.962365,0.9681506,0.96316963,0.8806462,0.9413143,0.95604354,0.95328856,0.9441396,0.953401,0.96042836,0.9428317,0.9503396,0.94020337,0.9189045,0.9638946,0.9512519,0.95847535,0.95706034,0.9579007,0.953604,0.94448143,0.957364,0.9665399,0.95840204,0.9585615,0.9614972,0.952828,0.9569522,0.9520586,0.96097887,0.96075547,0.9512192,0.94468087,0.95844626,0.9598257,0.9597961,0.9552636,0.96063167,0.95599943,0.96249884,0.9590064,0.95677996,0.9510313,0.9527713,0.9459547,0.957243,0.94968706,0.9621235,0.9632021,0.7919012,0.9530934,0.9594642,0.94415534,0.9507385,0.92424923,0.958768,0.960744,0.95891076,0.96051645,0.96533984,0.9567051,0.95098007,0.9618259,0.9547244,0.9474997,0.9651882,0.9591319,0.94913435,0.95849156,0.9632021,0.9578958,0.96326387,0.95205575,0.95566523,0.9631862,0.96794593,0.9784279,0.9564515,0.9600551,0.9649397,0.9425718,0.95684975,0.95825565,0.9504926,0.9614348,0.95855343,0.94474524,0.94679826,0.96337783,0.88004786,0.9573095,0.9079648,0.96287435,0.95174253,0.9570394,0.9450756,0.9641947,0.9865023,0.9548583,0.96235037,0.95604604,0.96185553,0.95785904,0.9654077,0.9611541,0.94579345,0.9517943,0.93803537,0.9569147,0.94877225,0.96182036,0.95023394,0.9552503,0.94435906,0.94817644,0.9459017,0.96705955,0.9588592,0.9795717,0.95938724,0.95450705,0.9607076,0.9609196,0.9558063,0.94626164,0.9453107,0.9586778,0.9593034,0.98441166,0.96015006,0.9559931,0.940487,0.95761716,0.962658,0.9596016,0.9497331,0.94525117,0.9569555,0.9795717,0.9487033,0.9533971,0.9650459,0.95563555
aftermovie,0.9494273,0.9488716,0.950772,0.95216066,0.9530505,0.94454384,0.95458186,1.0000002,0.9739423,0.94545054,0.96089846,0.94248945,0.9557553,0.96083355,0.95086193,0.94439524,0.9466876,0.9388813,0.9425131,0.94337654,0.9478392,0.95598805,0.9584562,0.9576723,0.95775145,0.8719164,0.9449742,0.9595685,0.95224565,0.9543785,0.9428028,0.9570334,0.93203276,0.95299876,0.94201493,0.9274836,0.957718,0.95270324,0.95143396,0.94850427,0.9431308,0.94126153,0.9434013,0.95251906,0.9512606,0.95616317,0.9552142,0.95146835,0.9473155,0.95106566,0.95765585,0.95803815,0.95369804,0.94491893,0.9572594,0.94783676,0.94824237,0.9459016,0.95320576,0.96085674,0.95158434,0.9568917,0.94123,0.956147,0.94592804,0.93827975,0.9482293,0.9580525,0.94281614,0.94900614,0.9626463,0.7759432,0.9488699,0.9580548,0.94081515,0.93377453,0.9357344,0.9443609,0.95894176,0.9466487,0.9593104,0.94641984,0.95107126,0.9515809,0.9563051,0.94198805,0.9546438,0.9536186,0.95014435,0.94943786,0.953671,0.9626463,0.94804746,0.95275456,0.9538204,0.95628285,0.95491487,0.95223093,0.9533473,0.9569693,0.94710475,0.96208304,0.94543254,0.9577169,0.94464076,0.9571943,0.9523063,0.9512883,0.94009054,0.94238114,0.95025474,0.88447154,0.9447142,0.92267877,0.9528802,0.9511367,0.96178377,0.94826317,0.95857364,0.95266354,0.94912374,0.9446335,0.9530846,0.9439951,0.94620657,0.95556,0.95254755,0.9424673,0.9441484,0.93341875,0.9462093,0.94321495,0.95550483,0.94786227,0.93816423,0.94775736,0.95001864,0.9524776,0.95839286,0.95506877,0.9739423,0.9543021,0.9476247,0.95099217,0.9442086,0.9514732,0.9420316,0.9481142,0.9501193,0.9505837,0.9513069,0.9514134,0.94658095,0.9280952,0.9552983,0.95408833,0.9579758,0.9558131,0.94956875,0.9401484,0.9739423,0.9354059,0.9487001,0.95819247,0.95506436
ahiddenlifefilm,0.9754884,0.9788218,0.97445923,0.96885884,0.97197926,0.9715614,0.9795717,0.9739423,1.0000002,0.9704641,0.9804484,0.9665048,0.9801226,0.9820375,0.9789777,0.976029,0.9771695,0.96936816,0.9697723,0.9647316,0.9742703,0.9755564,0.9790162,0.9787474,0.9752828,0.90507066,0.9665976,0.97826064,0.9753761,0.9702909,0.97432154,0.9764818,0.95792925,0.9668941,0.9652066,0.94043225,0.97915214,0.97185177,0.9776118,0.970675,0.97184324,0.9711665,0.9650703,0.9743533,0.98322374,0.97390115,0.97664857,0.97643685,0.9700661,0.97438914,0.97722226,0.9808663,0.9746959,0.96884835,0.9636994,0.9763798,0.97090995,0.9806105,0.9786951,0.9795105,0.9761408,0.97891694,0.9723532,0.9757358,0.9645364,0.9674847,0.9690094,0.97502285,0.96901214,0.9770333,0.9834555,0.7980711,0.9690792,0.9813983,0.96604055,0.9654038,0.9484977,0.9751856,0.9798073,0.975604,0.9788427,0.96777505,0.97884965,0.97339284,0.9748573,0.9712188,0.97196406,0.9801496,0.97785205,0.97688615,0.97647893,0.9834555,0.97404337,0.9787828,0.9729385,0.9785215,0.9776358,0.9798091,0.97491956,0.97795135,0.9718978,0.9790925,0.9662255,0.9774332,0.97126156,0.97533745,0.9788147,0.97606295,0.96713454,0.96956336,0.980297,0.8953047,0.97587645,0.93531644,0.98132485,0.97400266,0.98073643,0.9705367,0.9826575,0.9778257,0.9767944,0.9765758,0.9745903,0.9712888,0.97527486,0.9820737,0.9774078,0.9662294,0.9737636,0.95956784,0.9712661,0.9650791,0.97566754,0.96732306,0.9730098,0.9675905,0.9742046,0.97070646,0.9825701,0.9753554,1.0000002,0.9809897,0.9668753,0.9805038,0.9725278,0.97333926,0.969874,0.9690765,0.97734153,0.97432727,0.97905946,0.9778003,0.9764153,0.9575174,0.976945,0.97749424,0.97402024,0.9698162,0.9685229,0.974318,1.0000002,0.9670708,0.97437686,0.9787278,0.97815245
alitamovie,0.96229887,0.95546865,0.94664514,0.9418045,0.95420414,0.9509028,0.95349145,0.94545054,0.9704641,1.0000002,0.951697,0.9351183,0.96043694,0.9557149,0.9460487,0.95899385,0.95276755,0.9492888,0.9548834,0.93960166,0.937071,0.94375104,0.9572286,0.95010555,0.9569609,0.8739871,0.9520316,0.94754106,0.9386856,0.948804,0.9485583,0.9636158,0.93326396,0.9444208,0.9314291,0.9116381,0.9480979,0.9470869,0.94559944,0.94627047,0.9455296,0.9512619,0.9526126,0.952064,0.9632477,0.9490448,0.9539287,0.94938076,0.9477754,0.9558541,0.94244313,0.95983034,0.9618742,0.944608,0.9448185,0.95830214,0.9411067,0.9551162,0.9471737,0.95056605,0.9518654,0.9484144,0.94854176,0.9589495,0.9441064,0.94966656,0.9476109,0.9494723,0.94368356,0.93881106,0.9537227,0.7886216,0.9437492,0.94608456,0.937204,0.92789406,0.9107764,0.9460983,0.9485532,0.95728415,0.9373437,0.94014776,0.96316844,0.95118344,0.95035964,0.93499297,0.9455829,0.96078503,0.94482434,0.9538909,0.94985145,0.9537227,0.9517553,0.9509012,0.94417995,0.94976836,0.95099646,0.9489663,0.94543177,0.9428857,0.948547,0.95533204,0.94105166,0.94982606,0.9556298,0.94133013,0.9577738,0.95761174,0.94275624,0.9394319,0.96244353,0.87319386,0.95263475,0.9016259,0.94650066,0.9432814,0.9631944,0.94887614,0.949968,0.9517293,0.95453215,0.9566107,0.9541007,0.947136,0.9517925,0.95806026,0.95522535,0.9376842,0.95711166,0.9427137,0.95202124,0.94187695,0.95116013,0.9356651,0.9527338,0.94388103,0.9512327,0.9567081,0.95315516,0.9424417,0.9704641,0.9470849,0.9415436,0.949662,0.9421514,0.9517135,0.9418828,0.940508,0.95180225,0.95076233,0.94960386,0.9544193,0.95086676,0.9376388,0.9523033,0.9552394,0.9452367,0.9437578,0.938145,0.9466057,0.9704641,0.95143455,0.94597507,0.95403713,0.9437376
angelhasfallen,0.9551075,0.95930904,0.95361924,0.95127714,0.9539951,0.95898455,0.9625968,0.96089846,0.9804484,0.951697,1.0,0.9485777,0.96448046,0.9607353,0.96376556,0.95499283,0.95799655,0.9504935,0.9489571,0.95205194,0.9605545,0.96421266,0.9654917,0.96148634,0.9569746,0.8860391,0.951922,0.95862293,0.956808,0.95188296,0.95287305,0.96197516,0.93941057,0.9526698,0.94372237,0.9187562,0.9580268,0.9524268,0.9623105,0.95067096,0.96005577,0.95053315,0.94710916,0.9615849,0.9609396,0.95991826,0.96712214,0.9575874,0.951734,0.95824414,0.9605142,0.9594188,0.9612139,0.94882464,0.9509761,0.9593158,0.9502329,0.959261,0.9581428,0.9636389,0.95231915,0.96709603,0.94562125,0.9616321,0.939767,0.952565,0.9494875,0.9558934,0.96074283,0.96101433,0.96759254,0.7737943,0.94810313,0.95879686,0.9447625,0.9462533,0.92688376,0.9564969,0.96373695,0.96085674,0.9794608,0.95360297,0.9619746,0.94935703,0.9580618,0.9543955,0.9586954,0.96244335,0.96556526,0.9625744,0.96048266,0.96759254,0.95773065,0.959723,0.95412177,0.9664833,0.96625465,0.9692677,0.9530019,0.9598988,0.9519727,0.9652501,0.950594,0.96323866,0.9504751,0.9614675,0.95996535,0.96282583,0.9420348,0.9447572,0.95942134,0.8758796,0.9521371,0.909809,0.9640602,0.96347934,0.962451,0.95123863,0.9629526,0.96408606,0.9606339,0.95803994,0.9590317,0.9546188,0.9522991,0.96056604,0.9658076,0.9477794,0.95431817,0.94174236,0.9538539,0.9517144,0.96511745,0.95225745,0.9529042,0.9519107,0.9545029,0.94796103,0.9679555,0.95645964,0.9804484,0.96554416,0.9522184,0.9647433,0.9597586,0.94835526,0.9442804,0.95473826,0.96628493,0.9582633,0.9632349,0.95924973,0.9557621,0.93609154,0.96553534,0.9696103,0.96402925,0.9540302,0.9485303,0.95130324,0.9804484,0.95185167,0.9592939,0.9637555,0.9586384
angrybirdsmovie,0.9449323,0.94133836,0.9538214,0.9447818,0.94071203,0.94159013,0.94638234,0.94248945,0.9665048,0.9351183,0.9485777,1.0,0.9456,0.9570815,0.94113904,0.9435582,0.94100136,0.94368297,0.93851537,0.933448,0.9577565,0.95350605,0.94452935,0.94940466,0.9394619,0.87585753,0.93835926,0.9330017,0.950231,0.9506621,0.9481512,0.93757504,0.9243265,0.9554122,0.92198175,0.8942939,0.9306546,0.93971384,0.94487023,0.9350663,0.9316104,0.95562935,0.9357781,0.9467457,0.94960797,0.94054604,0.94586426,0.95364594,0.9385225,0.9528225,0.96020585,0.941643,0.9371566,0.93519825,0.92779803,0.9465883,0.9388566,0.9542832,0.95604044,0.9411595,0.92932606,0.9406204,0.95114213,0.9445031,0.92118585,0.94187367,0.92437965,0.94062716,0.9411013,0.9358697,0.9506009,0.77597153,0.9374006,0.94751084,0.9287584,0.94295,0.9100302,0.95064,0.953678,0.9468644,0.9412083,0.93949187,0.94968307,0.9404252,0.9586489,0.93086916,0.9442314,0.94276744,0.9443424,0.9444906,0.9514891,0.9506009,0.9478008,0.9520688,0.9490221,0.94455665,0.95140773,0.94886804,0.9396286,0.93267614,0.9293369,0.94779766,0.9475947,0.94717985,0.93842345,0.96030104,0.942597,0.9480996,0.9413716,0.9400909,0.9471378,0.8463484,0.9391548,0.89960074,0.9500008,0.93109834,0.94618934,0.93853056,0.947387,0.9473244,0.9475829,0.951572,0.94284016,0.94327843,0.9520119,0.9504927,0.937011,0.9480912,0.9493388,0.9300569,0.93816257,0.9374404,0.93649936,0.93328124,0.9393426,0.9417092,0.9301678,0.9403646,0.9544071,0.94119895,0.9665048,0.95993847,0.93195796,0.9591887,0.95213,0.9408627,0.93893707,0.93868935,0.9416737,0.9332134,0.9457141,0.9516328,0.9454987,0.92601424,0.93193215,0.94730276,0.9392367,0.9432587,0.92374665,0.93836206,0.9665048,0.9306792,0.94625664,0.94587314,0.96359056
annabellemovie,0.9560264,0.95853084,0.9545358,0.9596324,0.9510977,0.946384,0.96368563,0.9557553,0.9801226,0.96043694,0.96448046,0.9456,1.0000002,0.9599386,0.9614292,0.95962185,0.9666675,0.951888,0.9515198,0.9505065,0.9522132,0.9588082,0.95898473,0.9598343,0.9569361,0.8793677,0.9486041,0.9647661,0.95467377,0.9468728,0.9533643,0.96591544,0.9394069,0.94625545,0.9490196,0.92812896,0.9679727,0.96857697,0.96005255,0.95060575,0.9639724,0.95332676,0.9480975,0.9566791,0.96621054,0.95636785,0.9557565,0.9635742,0.9616667,0.95584506,0.9567541,0.9588173,0.96071404,0.9514779,0.95482314,0.9627741,0.9586234,0.9656786,0.9593529,0.96344185,0.96543103,0.9592135,0.9529685,0.9621025,0.94614434,0.95933074,0.9552823,0.9539072,0.9481,0.9585865,0.9667101,0.794319,0.9533347,0.96352,0.94291514,0.94127434,0.93805397,0.9495263,0.96282965,0.95929766,0.95961887,0.9608177,0.9685841,0.9582574,0.96903336,0.9458741,0.9586571,0.9802701,0.9574345,0.9586247,0.95759785,0.9667101,0.9501509,0.9556378,0.9612251,0.9617734,0.95755726,0.96288157,0.9538728,0.9556387,0.96189785,0.9599458,0.9467375,0.96354556,0.9517414,0.95531267,0.9711793,0.9658683,0.95099926,0.94734234,0.9604884,0.8862379,0.96357,0.9177256,0.9602796,0.9495985,0.9645955,0.9526071,0.9638579,0.9559219,0.9679511,0.961013,0.9582432,0.9477608,0.9602426,0.963805,0.9648095,0.9479466,0.9634699,0.9437841,0.9515911,0.95127964,0.9640598,0.9429435,0.96008766,0.94313395,0.95967495,0.949157,0.9660136,0.95778894,0.9801226,0.9603554,0.95675623,0.9627546,0.9531154,0.9521843,0.95040846,0.9574809,0.96674585,0.9567943,0.96025026,0.9532417,0.9638429,0.9402267,0.9602228,0.96242934,0.9519092,0.9554519,0.9483139,0.9538345,0.9801226,0.96137667,0.95492107,0.9571504,0.9586581
annamovie,0.9652128,0.964841,0.95487136,0.9485838,0.9524317,0.95105654,0.95898837,0.96083355,0.9820375,0.9557149,0.9607353,0.9570815,0.9599386,0.9999999,0.96653444,0.9561229,0.9556249,0.9444311,0.9534104,0.93950546,0.96789527,0.95670617,0.96197045,0.9610497,0.95983344,0.8814318,0.94771165,0.95913297,0.9558142,0.94945574,0.96125704,0.95562166,0.944941,0.9533096,0.9465609,0.919439,0.96183085,0.95740473,0.95908886,0.9457216,0.9572104,0.9527624,0.9490715,0.95847416,0.96340483,0.9545715,0.96501195,0.9616165,0.9503173,0.9585161,0.95755154,0.9618481,0.9594601,0.95428014,0.9415949,0.95393294,0.9545505,0.9638072,0.9620614,0.9656397,0.95985967,0.95767856,0.95098513,0.97308683,0.9410619,0.95103824,0.9477277,0.95961386,0.951227,0.95373404,0.9706798,0.78685534,0.9515325,0.96515024,0.9422306,0.9470086,0.9253172,0.95652807,0.96598303,0.96150595,0.9613147,0.9461237,0.96442586,0.95330715,0.95309436,0.95762146,0.956212,0.9570126,0.9623259,0.9599212,0.96287435,0.9706798,0.9503398,0.96110916,0.95385784,0.96332884,0.9625707,0.9618292,0.9579938,0.96950287,0.95169866,0.9582585,0.95083153,0.9620442,0.9704101,0.9558981,0.96688443,0.960362,0.9489335,0.95341873,0.961358,0.86522186,0.9618234,0.9188018,0.961623,0.9607448,0.97030115,0.9535722,0.9661633,0.9602107,0.95783716,0.96020174,0.9547481,0.9526637,0.9699936,0.9670217,0.95550704,0.9436125,0.949862,0.9425972,0.95366746,0.94372386,0.9553897,0.9510462,0.95700145,0.9491946,0.9590434,0.95565593,0.96587116,0.95749164,0.9820375,0.9622936,0.94770944,0.9661226,0.9567363,0.9601889,0.9585698,0.95327413,0.960639,0.9600251,0.9609677,0.9613727,0.96141565,0.9406264,0.95864755,0.9650151,0.9488133,0.96223056,0.9490845,0.96214163,0.9820375,0.94996524,0.96091634,0.96447426,0.9646156
apollo11movie,0.95712835,0.9651213,0.9562346,0.94839054,0.94813305,0.9544247,0.96289605,0.95086193,0.9789777,0.9460487,0.96376556,0.94113904,0.9614292,0.96653444,0.9999999,0.95094204,0.95567364,0.9494263,0.9493747,0.96447396,0.964527,0.95649594,0.96078724,0.9586047,0.94965357,0.8792472,0.94997084,0.9620135,0.95475596,0.9424004,0.9456152,0.95222706,0.9342579,0.9448083,0.9504222,0.91463375,0.964326,0.95652574,0.963674,0.95349324,0.9539501,0.9589494,0.9512179,0.9620293,0.96799123,0.9546035,0.9590602,0.9545746,0.9577003,0.9597995,0.9551928,0.9664374,0.9484476,0.9507087,0.9450858,0.9580194,0.95415115,0.9642201,0.9548611,0.9556844,0.95546573,0.9617093,0.9529719,0.9575493,0.95006967,0.9473923,0.9466178,0.9586772,0.9518356,0.9623637,0.965226,0.79188246,0.9446024,0.9687818,0.94325763,0.95577395,0.9255051,0.96069866,0.95663786,0.95757544,0.95896965,0.9590707,0.9540314,0.9470762,0.9531137,0.95545304,0.95858866,0.9613824,0.96680975,0.9588028,0.9586056,0.965226,0.9545015,0.9674029,0.95308924,0.97518,0.963627,0.9624039,0.9567351,0.9618527,0.95202005,0.95598114,0.946647,0.9637045,0.9417165,0.95356756,0.96421176,0.9537615,0.94203895,0.95764863,0.95999706,0.86489177,0.96192056,0.90213245,0.96379125,0.9582408,0.96043956,0.95200586,0.9668084,0.9586463,0.95548004,0.96035916,0.9588682,0.9517396,0.9569563,0.96529126,0.95440835,0.9444797,0.95958954,0.9406233,0.9562749,0.9527346,0.9592352,0.95674694,0.95919997,0.94572693,0.95544994,0.95183164,0.9610291,0.9501355,0.9789777,0.9623213,0.9485216,0.95969063,0.9532114,0.9545727,0.9508076,0.95675534,0.9532153,0.95974606,0.9658438,0.96124303,0.9610828,0.935146,0.9591952,0.959738,0.9525458,0.94538486,0.95407957,0.9650905,0.9789777,0.95276994,0.9487107,0.96080476,0.95469403
arcticdogsmovie,0.9599293,0.9688088,0.95805323,0.9483857,0.9529327,0.9373926,0.9469858,0.94439524,0.976029,0.95899385,0.95499283,0.9435582,0.95962185,0.9561229,0.95094204,0.9999998,0.9594254,0.95228565,0.95533407,0.9425205,0.9506007,0.95561355,0.9504048,0.9508888,0.95569056,0.8962738,0.95727855,0.9575236,0.9547751,0.9508547,0.9581948,0.9545153,0.9322907,0.93992144,0.9429466,0.91878206,0.9563303,0.9508095,0.9583875,0.9457527,0.9445404,0.9558167,0.9527086,0.9553874,0.9647688,0.9479971,0.94628304,0.95271647,0.9510035,0.95715314,0.95896655,0.95796984,0.95194453,0.9502602,0.9383936,0.95483863,0.9506009,0.9608077,0.95518005,0.95797604,0.9540866,0.95035386,0.94768,0.9502509,0.9399484,0.9492512,0.9481981,0.95276767,0.9478368,0.9504849,0.96233326,0.79704076,0.9402215,0.9608151,0.93994355,0.94642913,0.92305,0.95883733,0.9565866,0.9553142,0.9503598,0.9437204,0.95535547,0.9554631,0.95616984,0.94747865,0.94585216,0.96416706,0.9552423,0.9650474,0.94650364,0.96233326,0.95121294,0.9563569,0.95605195,0.9526517,0.9518914,0.94810194,0.9426152,0.9436335,0.95188236,0.9555415,0.9479215,0.9553458,0.94621307,0.95447874,0.9603127,0.96214056,0.959321,0.9444789,0.9609942,0.8623983,0.95311403,0.90876716,0.95929986,0.95128685,0.9624362,0.94540817,0.95456994,0.94715524,0.95663494,0.9536122,0.95618385,0.94287574,0.948153,0.9610149,0.9539767,0.95201063,0.9650945,0.94646263,0.9510778,0.94728595,0.9585108,0.93160564,0.954991,0.9438363,0.95159423,0.9473892,0.9625169,0.9559111,0.976029,0.95738363,0.94493186,0.95567304,0.942338,0.94085634,0.94346726,0.94404495,0.9559353,0.95170647,0.9466099,0.9576683,0.960546,0.9325745,0.95483804,0.96030277,0.94492626,0.9513475,0.94098717,0.95042336,0.976029,0.9499678,0.9494639,0.9493847,0.95639664
arcticmovie,0.9571039,0.9576354,0.9533942,0.95159024,0.94768983,0.9496907,0.9561123,0.9466876,0.9771695,0.95276755,0.95799655,0.94100136,0.9666675,0.9556249,0.95567364,0.9594254,1.0000002,0.94457394,0.95631844,0.9438911,0.9494012,0.950272,0.9634607,0.9573779,0.9568564,0.89362055,0.94534206,0.9749192,0.9540207,0.9466493,0.95487744,0.96123916,0.9429658,0.944916,0.94613844,0.9223288,0.96044576,0.95495886,0.9569194,0.95375,0.95120466,0.9558815,0.9416054,0.9504265,0.97091675,0.95675206,0.9552801,0.9628344,0.9584798,0.9504261,0.95562595,0.96560085,0.95493996,0.94567347,0.9459724,0.95384496,0.95792663,0.96554404,0.96379066,0.9626903,0.9600351,0.95552754,0.95184386,0.95641345,0.9571076,0.9524079,0.9606315,0.9567612,0.95606166,0.95537305,0.9648709,0.7899591,0.949165,0.9642715,0.95072216,0.9552285,0.9252734,0.952439,0.9552663,0.9540094,0.952233,0.9487677,0.962698,0.95761824,0.95711863,0.94869095,0.9510973,0.9623505,0.9602016,0.9560894,0.9615468,0.9648709,0.9571043,0.95405066,0.9542107,0.9550959,0.9558215,0.96256024,0.94835293,0.9648339,0.95942175,0.9573757,0.9428201,0.9549767,0.95083207,0.9534446,0.96126986,0.96095484,0.9494013,0.9518661,0.9619432,0.87088424,0.9633766,0.9261327,0.95661294,0.9459813,0.9577068,0.95776194,0.9556463,0.954896,0.967533,0.96620375,0.9520675,0.95994246,0.9525296,0.96292764,0.9595459,0.9425693,0.9509275,0.93775046,0.9545206,0.9407574,0.97961175,0.9554891,0.96311605,0.94863325,0.95165163,0.9597433,0.9669102,0.9516188,0.9771695,0.95448256,0.95372957,0.95714855,0.95390147,0.9563297,0.9475345,0.9534184,0.9621317,0.94550693,0.95219487,0.9569547,0.9637543,0.9363376,0.95861894,0.9589392,0.9533298,0.94676596,0.9463454,0.95332015,0.9771695,0.94570863,0.9543011,0.9565835,0.9565875
artofracingmovie,0.9452515,0.9565555,0.9542661,0.9442078,0.9676732,0.9370307,0.948388,0.9388813,0.96936816,0.9492888,0.9504935,0.94368297,0.951888,0.9444311,0.9494263,0.95228565,0.94457394,1.0000002,0.94633275,0.94811463,0.9453873,0.94895256,0.9459574,0.9422821,0.9373802,0.8760376,0.9471912,0.9463216,0.95095557,0.9444745,0.95150816,0.94994867,0.9308845,0.9437257,0.93291605,0.90637785,0.95351803,0.9425107,0.9464681,0.94944227,0.9369361,0.9505661,0.9397796,0.9498256,0.95178205,0.9338128,0.9464154,0.95341563,0.9486908,0.9526409,0.95005506,0.9590464,0.94559383,0.93410397,0.93073153,0.97051543,0.9322319,0.94759685,0.9479081,0.9439051,0.9497699,0.95078033,0.94821256,0.94388944,0.9468232,0.94196784,0.9508202,0.9496327,0.9355495,0.9493549,0.9471982,0.7794666,0.9390007,0.95001155,0.93666047,0.9422473,0.91315466,0.94038504,0.9492638,0.95392245,0.94795394,0.93530816,0.9494583,0.945476,0.9492573,0.95174795,0.9500792,0.9497546,0.94550675,0.9595395,0.9508227,0.9471982,0.93776757,0.9468968,0.9462306,0.94312996,0.9457791,0.95039165,0.9421535,0.9386275,0.93556535,0.9622467,0.94507366,0.9432537,0.9387287,0.94962066,0.95264107,0.9419211,0.9412158,0.94636476,0.9441614,0.8739713,0.94028693,0.9084268,0.9479014,0.93868273,0.9476943,0.93804276,0.96574247,0.94503164,0.952368,0.94384956,0.95177555,0.9335028,0.95031756,0.9572661,0.94362134,0.9346352,0.96131516,0.93590546,0.9417976,0.95155627,0.9429821,0.9331823,0.9392134,0.93959475,0.94038963,0.94735193,0.95057267,0.9538112,0.96936816,0.95658094,0.92608607,0.9477172,0.95099574,0.9506532,0.94726026,0.93953335,0.94821185,0.9428835,0.9508368,0.9487282,0.93135434,0.9270274,0.9449286,0.94607073,0.94790834,0.934882,0.9347517,0.94071984,0.96936816,0.95123535,0.95566165,0.94513446,0.9506403
avengers,0.9718296,0.9592091,0.9496116,0.9419608,0.94137245,0.9439786,0.94860977,0.9425131,0.9697723,0.9548834,0.9489571,0.93851537,0.9515198,0.9534104,0.9493747,0.95533407,0.95631844,0.94633275,1.0,0.934324,0.9387528,0.95034194,0.9544376,0.93501794,0.94870865,0.88469505,0.9399843,0.94920653,0.9458461,0.9445791,0.9674263,0.9546305,0.93369305,0.92688197,0.93279463,0.90727377,0.95025826,0.9470725,0.9463487,0.937572,0.9383695,0.95215285,0.94456583,0.95689726,0.95295095,0.95530427,0.955039,0.94686335,0.95000744,0.9557496,0.9460756,0.9591942,0.95209676,0.9408378,0.9432568,0.94786215,0.94094,0.9512723,0.94416654,0.94934434,0.9424854,0.9444986,0.945518,0.9473423,0.93117565,0.94408363,0.9477563,0.957781,0.93929803,0.953328,0.95391005,0.7707186,0.9310148,0.95236284,0.9382248,0.9373389,0.90850425,0.9485449,0.944862,0.9438107,0.9496237,0.9364044,0.94698304,0.93858284,0.94428074,0.94330865,0.942854,0.9539229,0.9544795,0.9517073,0.95649976,0.95391005,0.9468997,0.9495278,0.9416374,0.9465855,0.9557997,0.9532062,0.94340056,0.9515334,0.9451893,0.95333487,0.93180835,0.94653916,0.9399418,0.9443367,0.95633274,0.9406129,0.940266,0.9493751,0.9580507,0.8516422,0.9436867,0.8980501,0.9501089,0.9447058,0.955638,0.94720405,0.95555866,0.94429886,0.947589,0.9568829,0.95249337,0.94546926,0.94219685,0.94844055,0.94569385,0.9456479,0.9454188,0.95155597,0.95246047,0.9403424,0.9469153,0.9383678,0.94448024,0.93568385,0.94940084,0.95126283,0.95482063,0.94643515,0.9697723,0.95238775,0.94005924,0.9456116,0.94650334,0.9520564,0.93962353,0.94240165,0.94540906,0.94452,0.94525355,0.95328784,0.9528354,0.9462458,0.94604236,0.9511006,0.9450039,0.9370703,0.94124985,0.950964,0.9697723,0.93327,0.95833284,0.95219713,0.94127584
beachbummovie,0.95031196,0.9474189,0.9435723,0.93592817,0.94538224,0.9528788,0.9505816,0.94337654,0.9647316,0.93960166,0.95205194,0.933448,0.9505065,0.93950546,0.96447396,0.9425205,0.9438911,0.94811463,0.934324,1.0000001,0.9404404,0.9512237,0.9511001,0.94183093,0.9389932,0.8493976,0.94379133,0.9470648,0.9416164,0.9397405,0.9333712,0.9531436,0.9304528,0.94423914,0.92950606,0.91411144,0.939572,0.94571656,0.94925505,0.95107245,0.9365533,0.94600964,0.9426017,0.9419061,0.9503355,0.9500211,0.94633204,0.9440131,0.9480742,0.9470182,0.9428263,0.9588724,0.9443021,0.940531,0.9394282,0.949053,0.9469639,0.9443372,0.94663364,0.9417462,0.9489293,0.9449401,0.94663495,0.9379062,0.9468457,0.93927705,0.94388556,0.95246774,0.9399073,0.9526771,0.9458401,0.79184115,0.9387775,0.95611155,0.9423382,0.93580294,0.9173527,0.9488016,0.94762945,0.944474,0.94803363,0.94767946,0.946644,0.94025177,0.9449113,0.938062,0.943004,0.95387834,0.9463593,0.94306177,0.94112825,0.9458401,0.94450253,0.95379776,0.93848884,0.9514709,0.95293146,0.96472275,0.9435406,0.9438543,0.93794525,0.95522606,0.9346629,0.94210047,0.9316459,0.94558734,0.94308543,0.94423854,0.934784,0.9375356,0.9470737,0.87978905,0.9432407,0.8965883,0.94797516,0.94857895,0.955573,0.94038045,0.95353675,0.9504624,0.94283575,0.9441684,0.950932,0.945227,0.9414201,0.95756054,0.94506377,0.9260722,0.9458422,0.9249625,0.9382537,0.9408204,0.94920594,0.9309393,0.9443684,0.9405942,0.94565,0.9425925,0.94573605,0.95178795,0.9647316,0.9515361,0.9399312,0.94950134,0.94239706,0.9489215,0.9378638,0.94151133,0.94314533,0.9468557,0.9496976,0.94952804,0.94550776,0.9284044,0.9382407,0.94796413,0.9506247,0.9326171,0.94748497,0.94713396,0.9647316,0.9360073,0.9375725,0.9472923,0.9390874
bernadettefilm,0.95744973,0.9575256,0.95007765,0.94783014,0.94670546,0.94680494,0.9574396,0.9478392,0.9742703,0.937071,0.9605545,0.9577565,0.9522132,0.96789527,0.964527,0.9506007,0.9494012,0.9453873,0.9387528,0.9404404,1.0,0.957929,0.9505269,0.9549347,0.9469713,0.8841231,0.9433377,0.9471752,0.9533974,0.95204383,0.9444283,0.9428162,0.9285969,0.9515774,0.93862885,0.91660345,0.9459752,0.9469733,0.95337796,0.93966943,0.94988704,0.9476314,0.94733876,0.95289475,0.96168584,0.9425363,0.9554583,0.9554233,0.94375014,0.9528461,0.95466083,0.95078933,0.94931984,0.9471385,0.92870593,0.950613,0.9422835,0.95727396,0.9591185,0.9475546,0.9472342,0.9537629,0.9479508,0.9577501,0.93237966,0.94279724,0.93063486,0.9399079,0.9463678,0.9471718,0.95483947,0.7866929,0.94663286,0.95710874,0.93834525,0.9430079,0.9138773,0.94602853,0.9565397,0.9525159,0.95908415,0.9478582,0.95637304,0.95300746,0.9512726,0.94471276,0.95354074,0.9485549,0.9494572,0.9591151,0.95620364,0.95483947,0.94842166,0.95665807,0.94066626,0.9573766,0.9549093,0.9553435,0.9511417,0.9543861,0.93764824,0.9524349,0.9482203,0.9483278,0.9472433,0.95143265,0.948078,0.95511377,0.9430129,0.94422835,0.9555462,0.8658239,0.9538523,0.90387344,0.96143544,0.9452138,0.9602707,0.9405878,0.95965075,0.95671123,0.9505905,0.9486161,0.9434765,0.9450266,0.95284027,0.9581097,0.9409237,0.9352929,0.9470064,0.93501383,0.9650582,0.94129837,0.9471669,0.951124,0.95153475,0.9543035,0.947852,0.9409914,0.9537268,0.9473875,0.9742703,0.9562248,0.93540174,0.9620111,0.9496839,0.94548446,0.945782,0.94635767,0.9560083,0.9534714,0.95867765,0.95630115,0.9494279,0.9290476,0.9491754,0.95198315,0.9527801,0.9434247,0.94720644,0.9482261,0.9742703,0.9409994,0.94503945,0.95595276,0.9616575
