movie,21bridgesmovie,47metersdown,abeautifuldaymovie,abominablemovie,adastramovie,adogsjourneymovie,aftermathmovie,aftermovie,ahiddenlifefilm,alitamovie,angelhasfallen,angrybirdsmovie,annabellemovie,annamovie,apollo11movie,arcticdogsmovie,arcticmovie,artofracingmovie,avengers,beachbummovie,bernadettefilm,blackandbluemovie,blackchristmas,blindedbythelightmovie,bombshellmovie,booksmart,breakthroughmovie,brianbanksmovie,brightburnmovie,brittanyrunsmov,captainmarvelofficial,captivestatemovie,catsmovie,charliesangels,childsplaymovie,clarathefilm,coldpursuitmovie,countdown,currentwarmovie,darkwatersmovie,detectivepikachumovie,disneyaladdin,disneyfrozen,disneymaleficent,doctorsleepmovie,dolemiteismyname,dontletgomovie,doramovie,downtonabbey_official,dumbo,escaperoom,everybodyknowsmovie,fastandfuriousmovie,fightingwmyfam,fivefeetapartfilm,fordvferrari,freaksthefilm,geminimanmovie,glassmovie,gloriabellmovie,godzillamovie,goldfinchmovie,goodboysmovie,goodliarmovie,gretafilm,halathemovie,happydeathdaymovie,harrietfilm,hellboymovie,hersmellmovie,highlifemovie,highstrungmovie,honeyboymovie,hotelmumbaifilm,httydragon,hustlemovie,hustlersmovie,isntitromantic,itmovieofficial,jayandsilentbob,johnwickmovie,jojorabbitmovie,jokermovie,judythefilm,jumanjimovie,justmercyfilm,knivesout,lalloronamovie,lastblackmansf,lastchristmasthemovie,latenightmovie,lighthousemovie,lionking,littlethemovie,littlewomenmovie,littlewoodsfilm,longshotmovie,lordsofchaosmovie,lucyintheskyfilm,mamovie2019,marriagestory,meettheaddams,meninblack,midsommarmovie,midwaymovie,missbalamovie,missinglinkfilm,motherlessbklyn,onceinhollywood,onthebasisofsex,overcomermovie,peanutbutterfalcon,petsematarymovie,piercingmovie,playingwithfire,playmobilthemovie,pomsmovie,queenandslim,rambomovie,readyornotfilm,richardjewellfilm,rocketmanmovie,scarystoriesmovie,secretlifeofpets,serenityfilm,shaftmovie,shazammovie,spidermanmovie,spiesindisguise,starwars,stormboymovie,stubermovie,taosdfilm,teenspiritmov,terminator,theaeronautsmov,thebestofenemies,thedeaddontdie,thefarewell,thehighwaymen,thehummingbirdprojectfilm,theintrudermovie,theirishmanfilm,thekitchenmovie,thelegomovie,themustangfilm,thenightingalefilm,theprodigymovie,thesunisalsoastar,theupsidefilm,tolkienmovie,toystory,triplefrontier,uglydolls,uncutgems,underthesilverlake,usmovie,wavesmovie,whatmenwant,wonderparkmovie,wrinklestheclown,xmenmovies,yardiefilm,yesterdaymovie,zombieland
21bridgesmovie,0.9999999,0.943592,0.96064395,0.9555646,0.9602662,0.9466858,0.9652708,0.966228,0.98206323,0.96488273,0.96302986,0.94583577,0.96082664,0.96545005,0.9631546,0.95767754,0.960857,0.95992774,0.9746027,0.9454835,0.96420056,0.9570775,0.9639183,0.96343637,0.9637903,0.918212,0.9527453,0.9630338,0.9564885,0.94463766,0.96125555,0.9607818,0.9571233,0.959751,0.9497794,0.935,0.96148896,0.96796924,0.96370524,0.9708853,0.9567705,0.96670943,0.9510071,0.9669486,0.9575959,0.9684872,0.9586883,0.9501802,0.9471172,0.9635994,0.961211,0.9698709,0.94553995,0.959555,0.9585454,0.94826657,0.95884883,0.9629913,0.956573,0.9576735,0.9510411,0.9644673,0.96041626,0.9593347,0.9615823,0.96474457,0.95882696,0.95752996,0.9560756,0.9603732,0.9664307,0.7668641,0.93183684,0.9707586,0.94674003,0.9575723,0.95714843,0.95256835,0.96129215,0.95926076,0.9637415,0.96201164,0.9558151,0.95049626,0.96168506,0.96450394,0.9588887,0.96261686,0.96574897,0.96452856,0.95714146,0.9664307,0.9556743,0.95654464,0.9642241,0.96690434,0.95766115,0.9595793,0.95862347,0.9635096,0.96265167,0.9576403,0.9545856,0.9626018,0.95940757,0.96333903,0.9686782,0.9591991,0.9632692,0.96048415,0.96066827,0.91079426,0.9643652,0.92722404,0.9666923,0.9712648,0.9883878,0.9631881,0.9643456,0.9607078,0.95138377,0.96415013,0.9632154,0.9422087,0.96556985,0.9602857,0.96010864,0.96554154,0.96779776,0.9448392,0.9602849,0.95698935,0.9612121,0.95478123,0.96939385,0.9473701,0.9747543,0.961391,0.96190554,0.9612488,0.98206323,0.95892274,0.95800084,0.95556146,0.943288,0.9621394,0.9610233,0.954862,0.956961,0.975743,0.9504451,0.9666034,0.95986813,0.95539874,0.9519227,0.96167904,0.960439,0.9594452,0.9604636,0.9639193,0.98206323,0.9585366,0.9607411,0.9610976,0.9605207
47metersdown,0.943592,0.9999994,0.9490917,0.94079554,0.9421647,0.9432152,0.9440417,0.9433101,0.96720546,0.9521999,0.949876,0.94017875,0.9489645,0.9550125,0.95648056,0.95760006,0.9372533,0.9446599,0.94347286,0.92774624,0.9484264,0.9395007,0.9549333,0.9574288,0.9427422,0.88437414,0.9406723,0.94800204,0.9389735,0.93975216,0.94320065,0.93304205,0.94171524,0.934249,0.93754613,0.912085,0.94567484,0.94026005,0.9542932,0.9471226,0.9475364,0.9527565,0.9368144,0.9523346,0.9590189,0.93773574,0.9516625,0.9479431,0.93143934,0.95230544,0.94431883,0.94942105,0.94373167,0.9416294,0.9327175,0.93879074,0.9443763,0.9486008,0.95862454,0.9455056,0.9492547,0.9473851,0.94836426,0.9534176,0.94188714,0.9477381,0.93742996,0.9516598,0.94334984,0.9394838,0.9562308,0.77225906,0.92824423,0.9605244,0.94535905,0.93497866,0.9014364,0.94172275,0.94262266,0.93696135,0.94196385,0.9415797,0.950241,0.9381354,0.9399511,0.9460821,0.9342603,0.95773506,0.95661604,0.95943356,0.94715625,0.9562308,0.9396583,0.94192916,0.9438044,0.94732964,0.94879377,0.9442114,0.9451194,0.94080764,0.9326866,0.9466301,0.9377997,0.9469162,0.9579732,0.9470478,0.9547445,0.93934786,0.94388056,0.94829565,0.9572921,0.8936284,0.9547078,0.9057043,0.94650257,0.94157195,0.9432679,0.94752574,0.95462716,0.939635,0.94912356,0.9456896,0.9536846,0.9375821,0.9398442,0.94418305,0.9491295,0.94612056,0.9468745,0.93672156,0.95583946,0.9420436,0.9384975,0.92444444,0.9503639,0.9443366,0.9387989,0.9389205,0.9523898,0.9359113,0.96720546,0.94554746,0.93671095,0.94625175,0.9380553,0.9498826,0.93110037,0.9374553,0.9416749,0.94488424,0.9415265,0.951409,0.93533677,0.91877395,0.9377006,0.9502419,0.95024824,0.9442596,0.9453324,0.94302744,0.96720546,0.94539076,0.9607415,0.95723647,0.9434056
abeautifuldaymovie,0.96064395,0.9490917,0.9999998,0.9508787,0.9568348,0.945556,0.9560804,0.96108085,0.97862387,0.96377414,0.9626974,0.9601254,0.96468467,0.9546682,0.9596038,0.96361583,0.9527352,0.957432,0.94890964,0.93962073,0.95824957,0.9723713,0.9643322,0.95935047,0.95018774,0.91794777,0.95686394,0.950441,0.9663532,0.93445176,0.94450814,0.956165,0.95119613,0.9654576,0.9504146,0.9202274,0.9566102,0.9555405,0.96114516,0.96615654,0.95839334,0.96091515,0.94607663,0.95729506,0.9591138,0.95132726,0.95953894,0.94526523,0.94442815,0.9591072,0.9752287,0.9622434,0.9509654,0.9498552,0.9561211,0.9512476,0.95608187,0.95936894,0.9494463,0.9583452,0.9530455,0.957864,0.96028376,0.96308595,0.96334,0.95804954,0.9493617,0.9595081,0.9547584,0.9509106,0.96068007,0.75870496,0.93328345,0.9592625,0.95573413,0.9575707,0.9356525,0.95560926,0.95548624,0.953641,0.94590116,0.94752526,0.9574574,0.9570578,0.9615556,0.953435,0.9487324,0.95995706,0.95440066,0.9565597,0.95062554,0.96068007,0.9448573,0.95031875,0.96883756,0.96781737,0.9500853,0.946526,0.95471704,0.9526473,0.9515324,0.9611417,0.9635473,0.95677817,0.95112896,0.97603136,0.963923,0.9630864,0.9669441,0.95486253,0.961106,0.9208362,0.95738757,0.92386883,0.95337147,0.9570563,0.9631235,0.95505786,0.9524855,0.9445481,0.95740354,0.9574711,0.9649085,0.9348373,0.95770645,0.95126414,0.95445776,0.96482694,0.9539166,0.93259454,0.9555378,0.9487229,0.95284617,0.9422163,0.96051,0.9411864,0.95751685,0.95179504,0.95637006,0.95112234,0.97862387,0.9744235,0.956394,0.9601603,0.9386877,0.9579261,0.9465189,0.9583476,0.9553527,0.95621353,0.9524887,0.97156143,0.9549354,0.92635554,0.9604648,0.9611862,0.95856524,0.9540821,0.95687056,0.9558221,0.97862387,0.95481455,0.963779,0.9584857,0.9722903
abominablemovie,0.9555646,0.94079554,0.9508787,0.9999994,0.95384634,0.9345742,0.95134515,0.956622,0.96904206,0.95122045,0.9526578,0.93049365,0.9520944,0.94846755,0.9374772,0.944427,0.94786227,0.95921224,0.95372117,0.93703747,0.9367849,0.9376592,0.95229125,0.9586039,0.93602365,0.90884215,0.93355453,0.94215894,0.9435535,0.9385286,0.95033425,0.9394729,0.9326625,0.94040996,0.9383607,0.9181681,0.9555415,0.9615187,0.94492334,0.9499181,0.94991714,0.9584828,0.92915344,0.9577901,0.9470052,0.94341093,0.9486392,0.93881863,0.93203795,0.9578363,0.94636726,0.9470559,0.92925286,0.9537375,0.9536512,0.94807833,0.9580215,0.9522927,0.95694476,0.95216334,0.9335176,0.9527429,0.94898593,0.9396946,0.9556219,0.9574828,0.942103,0.9355432,0.9370964,0.95426726,0.9544847,0.7379978,0.9382716,0.95548874,0.95384914,0.94925517,0.920092,0.94107306,0.93487155,0.9460338,0.9446547,0.9634076,0.9520458,0.93573016,0.954922,0.942101,0.9546305,0.94173986,0.9472591,0.9573096,0.94795036,0.9544847,0.93662846,0.9414552,0.95364875,0.95077795,0.9325152,0.949059,0.94249904,0.9410975,0.9464634,0.9430629,0.9441657,0.95997685,0.95297706,0.9481453,0.95770454,0.9366244,0.94941956,0.94582814,0.9429859,0.9072883,0.9492748,0.9354434,0.94952667,0.94715756,0.9559439,0.9467276,0.95258945,0.9433817,0.94512355,0.94841075,0.95574766,0.92887676,0.95235044,0.9455079,0.9427743,0.9498411,0.94720453,0.92959416,0.95228475,0.9495459,0.9394626,0.9361372,0.956085,0.9408411,0.9500048,0.93781865,0.95067114,0.9526773,0.96904206,0.9413334,0.9322425,0.9427434,0.92679876,0.9457604,0.94885164,0.9526187,0.94126475,0.9472518,0.94155115,0.9605913,0.942317,0.9234485,0.94682014,0.94048315,0.9376286,0.94554394,0.9492039,0.9564277,0.96904206,0.9435674,0.9447418,0.9455454,0.9447125
adastramovie,0.9602662,0.9421647,0.9568348,0.95384634,1.0000001,0.93588734,0.9592613,0.9569777,0.9743375,0.9658342,0.9498182,0.95151824,0.95548147,0.95260566,0.94447845,0.9465987,0.94858295,0.9719852,0.95148057,0.93826574,0.9484149,0.9535348,0.95423037,0.95838654,0.9467225,0.9147049,0.95354116,0.95182467,0.9532336,0.9382331,0.9482062,0.9403773,0.94729096,0.94898045,0.9450258,0.9246105,0.9514862,0.9439169,0.951397,0.95684373,0.9492849,0.9579115,0.94217855,0.95580524,0.9539834,0.9458642,0.9490691,0.94734496,0.93375194,0.9571543,0.95568204,0.94979894,0.93745774,0.9456156,0.952321,0.977046,0.95233816,0.9568725,0.96035594,0.94753724,0.9402693,0.9483063,0.95300996,0.9539666,0.9562539,0.9599388,0.949342,0.9489856,0.9434731,0.9505336,0.95447457,0.7482366,0.9458269,0.9569056,0.9529907,0.9555508,0.93546534,0.953218,0.9571346,0.93925834,0.9467047,0.9539291,0.9542244,0.94436246,0.9511227,0.95722437,0.94130415,0.9544398,0.9487607,0.96036553,0.9514497,0.95447457,0.9482855,0.9488969,0.95307827,0.9534583,0.93890667,0.9499437,0.9567473,0.94543666,0.9451122,0.9450523,0.9534837,0.95024073,0.9487311,0.95266044,0.9622371,0.94794816,0.9608897,0.94846654,0.94796264,0.8986307,0.9631043,0.921731,0.95350486,0.95016205,0.95428854,0.96490055,0.9585221,0.94685036,0.9481092,0.9569776,0.9607663,0.9363033,0.955464,0.9574303,0.95335007,0.9568592,0.9671743,0.9291692,0.9625511,0.96185595,0.9440526,0.9429175,0.96037835,0.9413446,0.9537808,0.94039804,0.9523602,0.9523817,0.9743375,0.95435476,0.94035155,0.9535386,0.94133586,0.9473887,0.9442246,0.9582749,0.9538558,0.9471161,0.9432309,0.9533211,0.94655514,0.9225193,0.9353142,0.9520972,0.95342714,0.9459324,0.9573192,0.9637084,0.9743375,0.9610178,0.95381844,0.9547078,0.9584487
adogsjourneymovie,0.9466858,0.9432152,0.945556,0.9345742,0.93588734,0.99999976,0.95080996,0.93368757,0.96632135,0.93900603,0.9403905,0.93755364,0.9441167,0.94675773,0.953799,0.9434954,0.95110077,0.9392997,0.9434606,0.93411064,0.9403063,0.9505038,0.9491987,0.95996535,0.9300087,0.89348006,0.9325178,0.9459906,0.93911046,0.9375917,0.9359716,0.9294934,0.9337389,0.9356361,0.925376,0.90609944,0.9563355,0.94164616,0.94439274,0.95737666,0.94595855,0.9443417,0.945876,0.9494342,0.94103307,0.94742906,0.94307804,0.94285154,0.9209991,0.9502844,0.9366312,0.9475334,0.9354634,0.93429804,0.9305562,0.9333816,0.93889236,0.94178206,0.94798934,0.9516266,0.95048803,0.9411385,0.93740433,0.9478567,0.9361533,0.9456807,0.9354997,0.9416105,0.94052637,0.9386208,0.95548356,0.7491987,0.92499626,0.9563644,0.9339202,0.93707263,0.9161263,0.9426782,0.94134134,0.9398151,0.9367502,0.9451174,0.94889987,0.93829465,0.9340729,0.9442022,0.94054455,0.9488673,0.9482096,0.95177716,0.952336,0.95548356,0.9358202,0.94543904,0.940203,0.9446422,0.9423734,0.941541,0.94762003,0.93284243,0.9530764,0.9445801,0.93105614,0.9466595,0.9379126,0.9403301,0.95274305,0.94630486,0.9353325,0.9511018,0.94881505,0.88637674,0.94302005,0.9094812,0.94528455,0.93887305,0.9475702,0.94654834,0.94735444,0.94168234,0.9438679,0.94203025,0.94557655,0.96648353,0.93897384,0.94373035,0.9495357,0.9364915,0.944178,0.9396294,0.94411445,0.9447373,0.94179606,0.93560785,0.95177317,0.94906867,0.9414185,0.9423334,0.94010955,0.9427786,0.96632135,0.9416258,0.9444808,0.9546883,0.9353878,0.94539344,0.9316085,0.9253966,0.9512556,0.93456495,0.9409247,0.95316523,0.94376373,0.9159328,0.93777305,0.9446434,0.94783604,0.9445305,0.9402423,0.9425302,0.96632135,0.93848586,0.94910383,0.9550187,0.9334135
aftermathmovie,0.9652708,0.9440417,0.9560804,0.95134515,0.9592613,0.95080996,1.0,0.95611966,0.9785179,0.9519905,0.9568396,0.9367061,0.95539826,0.95869637,0.9569876,0.9596635,0.9602792,0.95073646,0.9497547,0.94420195,0.95373213,0.9516056,0.9641234,0.9626283,0.9467433,0.90795356,0.94631827,0.9591898,0.9522714,0.942604,0.94585663,0.9526563,0.94767964,0.95295036,0.9502586,0.9272296,0.955801,0.9597032,0.9567,0.961018,0.94652355,0.95992386,0.9395187,0.9601778,0.95569795,0.9515858,0.95574605,0.93930566,0.9398691,0.96226364,0.9520034,0.9580267,0.93771505,0.949451,0.9413355,0.96036845,0.9582119,0.9507323,0.9544266,0.96316564,0.9480225,0.94643617,0.96166605,0.9495765,0.95572555,0.9570035,0.9547745,0.9475858,0.95951897,0.959271,0.9644621,0.76290923,0.9552393,0.9644692,0.95088476,0.9552409,0.9269948,0.9585185,0.95807993,0.9567677,0.9587691,0.97728235,0.9496698,0.9491654,0.949952,0.94669694,0.95416796,0.95679367,0.95516557,0.96703774,0.9551083,0.9644621,0.94840544,0.9488233,0.9568828,0.95194566,0.9472685,0.95648724,0.9725729,0.9495619,0.94383657,0.9522292,0.9529919,0.96273035,0.9542146,0.9515739,0.9677454,0.9523927,0.9609549,0.9568697,0.9547823,0.90115136,0.95992893,0.92027557,0.95694065,0.963965,0.96580994,0.95456356,0.96780413,0.9828229,0.9527943,0.9580077,0.95576096,0.9414783,0.9581347,0.9602869,0.9612006,0.95287377,0.95438385,0.9315406,0.9586044,0.95536345,0.95498204,0.9409861,0.96344286,0.9518411,0.95830506,0.9499858,0.9558897,0.94163156,0.9785179,0.953559,0.9470772,0.9535659,0.9506161,0.95133907,0.9442834,0.954032,0.950457,0.9591433,0.9775294,0.9583257,0.9468354,0.93194187,0.94554436,0.9614792,0.95510036,0.95559967,0.95445645,0.9668276,0.9785179,0.96164536,0.95836824,0.9577484,0.952784
aftermovie,0.966228,0.9433101,0.96108085,0.956622,0.9569777,0.93368757,0.95611966,0.9999999,0.9796849,0.9588458,0.9570556,0.94890535,0.95363,0.9594014,0.95806617,0.9530824,0.9584704,0.9625629,0.9502854,0.94306606,0.9566192,0.95529526,0.96444213,0.9650679,0.9506316,0.912074,0.94739735,0.95376295,0.96245664,0.9371609,0.95599914,0.948173,0.9481033,0.959928,0.9432434,0.9149808,0.96529543,0.9594342,0.95367545,0.9617327,0.9499585,0.95884687,0.9540141,0.9601485,0.95536405,0.9506705,0.9612118,0.95363253,0.94237775,0.95890164,0.9655575,0.9610584,0.950483,0.9539823,0.9697616,0.94521207,0.953082,0.95795965,0.96035516,0.9557646,0.9468076,0.96035594,0.95980924,0.95508265,0.9623391,0.9547604,0.95715797,0.956409,0.95458174,0.95392865,0.96226513,0.7906355,0.93276644,0.9624018,0.9442048,0.9568534,0.93551296,0.9520648,0.95076126,0.9514354,0.95092785,0.95409465,0.95698404,0.9438158,0.9647641,0.9516763,0.9559413,0.9525712,0.9540507,0.96351516,0.9505558,0.96226513,0.952528,0.9525436,0.9690608,0.96021545,0.95473576,0.9504111,0.9563655,0.94930226,0.95115155,0.950797,0.9623903,0.9615752,0.95879245,0.963888,0.9674102,0.9589747,0.9653471,0.9498915,0.9580456,0.90194523,0.96565664,0.9228339,0.96040696,0.9556938,0.9707414,0.95430464,0.95637697,0.94614285,0.9552284,0.9630602,0.97218966,0.93658507,0.96975434,0.9564134,0.94288874,0.96468073,0.9550157,0.9375137,0.9585715,0.95659184,0.9524458,0.952557,0.96767366,0.9456703,0.96197873,0.94715947,0.9587218,0.95535207,0.9796849,0.9598842,0.95032626,0.9576876,0.9461252,0.95645195,0.95811963,0.9535405,0.9543161,0.9607486,0.9466285,0.9598128,0.95735604,0.9358634,0.9601735,0.9531156,0.95457953,0.9558267,0.970172,0.96602124,0.9796849,0.94707966,0.95554465,0.9623498,0.9613823
ahiddenlifefilm,0.98206323,0.96720546,0.97862387,0.96904206,0.9743375,0.96632135,0.9785179,0.9796849,1.0000001,0.9771135,0.9772006,0.9665272,0.9746209,0.97858965,0.97870535,0.9749013,0.9759272,0.9750202,0.970035,0.9620472,0.9772697,0.97423184,0.98108566,0.982971,0.9688298,0.92869383,0.9671901,0.97508585,0.97350484,0.96025753,0.967571,0.96741205,0.97214055,0.9715832,0.9686608,0.9383732,0.9786686,0.97466326,0.9777614,0.98187155,0.97639555,0.9807284,0.9705527,0.981993,0.97785366,0.9714796,0.9757356,0.9713305,0.9613384,0.9808601,0.9763689,0.97975826,0.9662811,0.971661,0.9680506,0.9682906,0.9704219,0.9791799,0.9762945,0.97556573,0.972247,0.9738583,0.9771954,0.97707677,0.9770687,0.9787857,0.9700806,0.97510797,0.9767409,0.9729289,0.98210824,0.78029513,0.95203245,0.9837201,0.9663459,0.972277,0.94782966,0.97290075,0.9741241,0.971632,0.9731143,0.9751025,0.97756344,0.9716279,0.975363,0.9717516,0.9713372,0.977387,0.9757199,0.9828449,0.97244173,0.98210824,0.9716131,0.97227263,0.9781181,0.97768235,0.9724295,0.9740213,0.9757417,0.9717711,0.96828735,0.9736681,0.9717079,0.9778806,0.9732507,0.97845143,0.9840245,0.97620547,0.97533023,0.97201604,0.9789681,0.9177209,0.98010993,0.9401502,0.978475,0.9753927,0.9834505,0.97562116,0.9804346,0.96844214,0.97418374,0.9773851,0.9798126,0.96201605,0.97534454,0.9754281,0.9757806,0.97655785,0.97536397,0.95869267,0.97846115,0.9726888,0.97180855,0.9674855,0.9838466,0.96704644,0.9766201,0.97132385,0.9777003,0.9700478,1.0000001,0.9761567,0.9702316,0.9768429,0.96397686,0.9742397,0.9702366,0.9712017,0.9739724,0.97883916,0.97154075,0.9810419,0.9725679,0.9506832,0.969108,0.9758938,0.97581524,0.97490406,0.976177,0.97849864,1.0000001,0.9738889,0.9799219,0.98169607,0.9747576
alitamovie,0.96488273,0.9521999,0.96377414,0.95122045,0.9658342,0.93900603,0.9519905,0.9588458,0.9771135,0.99999994,0.96303403,0.9545876,0.9636814,0.96437824,0.94825476,0.9498557,0.9551281,0.9631213,0.9553525,0.93218005,0.9600945,0.96384555,0.96766883,0.9590947,0.9555522,0.90612936,0.95240206,0.9596305,0.96202284,0.9367284,0.95509446,0.94228214,0.95680857,0.9569769,0.94618213,0.92590505,0.9617847,0.955159,0.95689183,0.95992833,0.95958036,0.96560663,0.9503423,0.95974684,0.95025665,0.9493025,0.961078,0.9444253,0.9435573,0.960951,0.9669409,0.94976795,0.9561995,0.95160955,0.9545124,0.94940025,0.95434827,0.95801276,0.95576745,0.95231146,0.9513939,0.9587314,0.95067877,0.9641595,0.9502007,0.9615493,0.9451941,0.9473536,0.95288277,0.9478611,0.9558375,0.7710815,0.92120665,0.96096087,0.94873005,0.9537581,0.92742187,0.94350964,0.96045214,0.94161284,0.9544397,0.9519307,0.9566617,0.94895554,0.9646511,0.95624274,0.9506444,0.96426684,0.9509011,0.96318233,0.9503158,0.9558375,0.96019447,0.9550845,0.95811903,0.96163243,0.9549375,0.95490265,0.9473689,0.9550049,0.95436513,0.959389,0.95628303,0.94957495,0.97082907,0.9683445,0.9586499,0.9550711,0.95458055,0.9550878,0.9545977,0.90145564,0.9503447,0.9297102,0.9556756,0.9558806,0.96038663,0.95969254,0.95946527,0.94194704,0.9604858,0.9507162,0.9662007,0.9285318,0.9611807,0.9539712,0.9562859,0.96635735,0.96418005,0.9410763,0.9587761,0.954609,0.95253026,0.94773966,0.9611844,0.9366497,0.95775676,0.9494358,0.9513532,0.9476094,0.9771135,0.9657934,0.9542898,0.95276135,0.94044656,0.9483059,0.9516528,0.9539902,0.95297927,0.95429105,0.9404658,0.96230453,0.94930106,0.9347416,0.94289553,0.9490214,0.96112084,0.94644976,0.9554514,0.95756525,0.9771135,0.96030045,0.96041256,0.96120113,0.9656384
angelhasfallen,0.96302986,0.949876,0.9626974,0.9526578,0.9498182,0.9403905,0.9568396,0.9570556,0.9772006,0.96303403,0.9999998,0.9439274,0.9607096,0.96509266,0.9563463,0.94944924,0.95307034,0.9485308,0.95549744,0.9395583,0.9536181,0.955879,0.9626509,0.96458733,0.95471823,0.90813726,0.94600827,0.9568157,0.951458,0.9475256,0.94773257,0.95333225,0.9461105,0.941037,0.95327055,0.9230521,0.95982647,0.962384,0.95442325,0.95949066,0.9560021,0.9574893,0.94229776,0.960032,0.9621744,0.9575247,0.95608693,0.9520075,0.9400807,0.9550925,0.9583874,0.96025616,0.94135505,0.95566434,0.9514936,0.9442135,0.9525235,0.9568951,0.9604519,0.9541204,0.95098364,0.9585135,0.95566726,0.9585655,0.9530674,0.96369696,0.94615424,0.9523618,0.96961683,0.96184367,0.9599717,0.7437291,0.9371397,0.96479344,0.9532676,0.9568555,0.9141109,0.94724363,0.9551302,0.9548222,0.9725857,0.9555714,0.9606218,0.9574634,0.9526341,0.9562285,0.95898664,0.96066475,0.9580619,0.9658366,0.9575484,0.9599717,0.95223254,0.95010775,0.9586944,0.96740836,0.9619859,0.9519459,0.95417565,0.95137864,0.9553586,0.9567132,0.9524485,0.95953006,0.95802003,0.9612085,0.9633547,0.95683503,0.9588965,0.9631737,0.95299774,0.92020464,0.9588189,0.9263495,0.9657295,0.9658812,0.96296513,0.9554626,0.9622402,0.9462512,0.96194154,0.952668,0.96143,0.9407477,0.9557344,0.94921416,0.9572574,0.96151966,0.947856,0.94342077,0.9586852,0.9398207,0.9514145,0.93844455,0.96634525,0.952839,0.9589818,0.95731676,0.9551153,0.94991004,0.9772006,0.9610265,0.95412827,0.95887595,0.94114846,0.95615244,0.9467331,0.9538007,0.9522848,0.96183664,0.94586027,0.964391,0.9561002,0.9223856,0.9432717,0.959889,0.95703626,0.9502594,0.9528618,0.9643415,0.9772006,0.94511694,0.9617188,0.96097827,0.95709425
angrybirdsmovie,0.94583577,0.94017875,0.9601254,0.93049365,0.95151824,0.93755364,0.9367061,0.94890535,0.9665272,0.9545876,0.9439274,0.9999998,0.9438169,0.94163066,0.94956064,0.9411195,0.9501563,0.9485861,0.9406893,0.92819804,0.94527525,0.95540476,0.94833,0.93787956,0.93582857,0.9004764,0.93266743,0.9387848,0.9569816,0.9326325,0.94327855,0.9396796,0.9467869,0.9645674,0.93560284,0.9048852,0.9453105,0.92737365,0.9672049,0.9588922,0.9437781,0.95183975,0.9557975,0.9498339,0.9469973,0.9387354,0.94752735,0.95009166,0.9348356,0.9520384,0.9635187,0.95359284,0.94737387,0.9393047,0.9349845,0.9339149,0.9450845,0.9551322,0.9563326,0.9341153,0.94292086,0.9521062,0.94093657,0.9441045,0.94506586,0.9382986,0.9440898,0.95585555,0.9436493,0.9251897,0.94112355,0.74930423,0.9128774,0.95444643,0.93903846,0.9456476,0.9326751,0.9425034,0.9553684,0.93070287,0.9326995,0.93133545,0.94348216,0.94451034,0.95599276,0.9414231,0.9328031,0.95519805,0.93221265,0.9437305,0.9333441,0.94112355,0.9457025,0.94671685,0.9569126,0.9518268,0.949745,0.9406301,0.9417267,0.937913,0.9318048,0.9488954,0.9495081,0.93918896,0.9367626,0.966269,0.95411235,0.9438908,0.94380015,0.9587616,0.95042557,0.88295263,0.95035183,0.8926476,0.9445651,0.93595356,0.9460765,0.9387159,0.93983483,0.92357194,0.94314253,0.95667166,0.955133,0.93124855,0.94035995,0.9452204,0.9465495,0.95459664,0.9563322,0.93665105,0.94329125,0.945569,0.9502529,0.94056463,0.9512906,0.9265337,0.9400548,0.93930393,0.9479008,0.93552256,0.9665272,0.9533025,0.93297,0.9453879,0.9410835,0.94946575,0.9405139,0.9449183,0.9364621,0.9493706,0.9446945,0.9453844,0.9421975,0.916416,0.9337324,0.93724924,0.9515065,0.93884456,0.94293875,0.94786227,0.9665272,0.95413643,0.953032,0.95667654,0.9635478
annabellemovie,0.96082664,0.9489645,0.96468467,0.9520944,0.95548147,0.9441167,0.95539826,0.95363,0.9746209,0.9636814,0.9607096,0.9438169,0.9999999,0.95669466,0.9525621,0.9607658,0.94955796,0.95575494,0.9491418,0.935252,0.95092297,0.9539809,0.9632795,0.96537626,0.95035595,0.9171651,0.9663811,0.9540954,0.9614155,0.9243495,0.9435508,0.95472157,0.9441422,0.9536477,0.9428886,0.9146356,0.95489085,0.9731987,0.9565732,0.95746964,0.9606557,0.96042246,0.94487846,0.9546434,0.95579445,0.94728196,0.9581323,0.9456308,0.9422878,0.957456,0.9558875,0.9538748,0.9487784,0.95134187,0.9514943,0.9531504,0.9428774,0.9601273,0.95501506,0.9585635,0.95204127,0.955908,0.95167494,0.9674839,0.9541936,0.9624162,0.95114136,0.94685376,0.95541865,0.9378214,0.9580614,0.7587527,0.92549515,0.9601026,0.94163525,0.95567423,0.92477655,0.947346,0.9557091,0.94205725,0.9531957,0.9577251,0.96601343,0.9465279,0.9605582,0.9512568,0.9627219,0.97418064,0.9601814,0.9584319,0.9486209,0.9580614,0.9482361,0.953581,0.95519793,0.9611385,0.9519946,0.95354813,0.9517638,0.9511582,0.94609374,0.9512761,0.9606346,0.9574914,0.9576095,0.9597404,0.96574867,0.9590236,0.9574756,0.95686203,0.95890665,0.8995373,0.95750254,0.92973185,0.95791614,0.96127456,0.96349025,0.9531167,0.954829,0.9452259,0.96534574,0.9544931,0.9643498,0.9337204,0.9506765,0.95203996,0.9595425,0.9550541,0.95785713,0.9376107,0.9576309,0.95652455,0.9448577,0.94935334,0.9614162,0.93447846,0.959204,0.9457702,0.9561409,0.9397025,0.9746209,0.9674135,0.94592613,0.9578981,0.9492417,0.95970994,0.948335,0.94699246,0.96680397,0.95281345,0.94436413,0.9669611,0.9485967,0.93176347,0.9544742,0.9597401,0.95961547,0.9503615,0.95913315,0.95649666,0.9746209,0.95928586,0.95779043,0.95971274,0.9527277
annamovie,0.96545005,0.9550125,0.9546682,0.94846755,0.95260566,0.94675773,0.95869637,0.9594014,0.97858965,0.96437824,0.96509266,0.94163066,0.95669466,1.0000001,0.95990884,0.95208895,0.95561916,0.9556908,0.958831,0.93414193,0.95174825,0.9516184,0.96748495,0.96595067,0.95314515,0.9051681,0.9467931,0.95777,0.9536801,0.9416424,0.95082986,0.9463263,0.9541687,0.94764006,0.943203,0.92517394,0.9622475,0.95297706,0.9527476,0.9540124,0.95214546,0.9600303,0.9514275,0.9621267,0.9560763,0.9554087,0.9632515,0.9485513,0.93983465,0.9599669,0.9521421,0.955229,0.9423091,0.9505101,0.94434,0.9472327,0.94121903,0.9560567,0.95853597,0.9546126,0.95360434,0.9535765,0.9600408,0.97596055,0.95187896,0.95860124,0.9470414,0.9517224,0.95680356,0.9536597,0.9615162,0.7589182,0.93174946,0.96330446,0.9523427,0.95082086,0.92245483,0.9479142,0.9547517,0.95565265,0.95534486,0.95898205,0.9604543,0.95592076,0.95482475,0.9557215,0.95374095,0.95364296,0.95818746,0.9724811,0.95935714,0.9615162,0.9557966,0.95345175,0.9522303,0.9649083,0.95923203,0.95726156,0.96075153,0.965528,0.953247,0.95785415,0.949441,0.9546975,0.96963817,0.95468175,0.9619979,0.9577116,0.95204157,0.95389605,0.958016,0.9006709,0.95695513,0.9130989,0.9641705,0.9525172,0.9644436,0.95458865,0.96494585,0.952309,0.9600263,0.95580876,0.9596451,0.9506502,0.9549772,0.9520395,0.957067,0.9548229,0.9553635,0.9540203,0.9593131,0.94988865,0.95052683,0.9563943,0.9637336,0.9521709,0.96212626,0.95163065,0.9591254,0.9464217,0.97858965,0.9504467,0.9495696,0.959632,0.9500853,0.9530299,0.94377595,0.94380146,0.9570304,0.9538445,0.95187557,0.96962804,0.9627359,0.93845975,0.9463407,0.9543121,0.95838,0.9570076,0.96054727,0.955797,0.97858965,0.9512301,0.9609951,0.9713372,0.94622874
apollo11movie,0.9631546,0.95648056,0.9596038,0.9374772,0.94447845,0.953799,0.9569876,0.95806617,0.97870535,0.94825476,0.9563463,0.94956064,0.9525621,0.95990884,1.0000002,0.95942044,0.9645292,0.9485572,0.95390207,0.9694206,0.95865756,0.9527197,0.96332747,0.9625559,0.9433013,0.9007006,0.9419707,0.9636486,0.9460926,0.9393419,0.9437435,0.9544669,0.949098,0.95292944,0.9516801,0.92393446,0.9618905,0.95243514,0.963016,0.9648898,0.9578607,0.95769626,0.95644176,0.9596498,0.96431124,0.9615388,0.9619139,0.9580751,0.93976355,0.9612812,0.95199746,0.96533173,0.94642985,0.95280045,0.95206755,0.9448018,0.94658744,0.956551,0.9548108,0.95619583,0.96457154,0.9550769,0.9585857,0.9544915,0.94988257,0.95448977,0.9541988,0.95815456,0.95460737,0.95015794,0.96453947,0.7702531,0.9296765,0.9657376,0.9433379,0.9506833,0.92865956,0.9505048,0.9525014,0.958512,0.9471441,0.9520822,0.9579609,0.94967884,0.9520029,0.9508165,0.95032454,0.95254004,0.9565426,0.9625192,0.9505153,0.96453947,0.9462163,0.9515374,0.9572113,0.97409344,0.9534367,0.9568319,0.9565538,0.95474225,0.95171076,0.95241255,0.95386654,0.95532817,0.95653135,0.9579705,0.9657489,0.9578936,0.9494727,0.95225036,0.9662244,0.9052762,0.95923185,0.9144808,0.9531272,0.9491039,0.96515656,0.947872,0.9576878,0.9512638,0.94965994,0.960383,0.9610092,0.952191,0.95151,0.9499368,0.9568266,0.9508494,0.9540845,0.9409522,0.9618041,0.959053,0.96270996,0.9535728,0.9685041,0.9465329,0.95026535,0.95173675,0.9556762,0.9560698,0.97870535,0.95432603,0.95622873,0.963148,0.94281924,0.9584094,0.9516542,0.94735456,0.95469016,0.9602018,0.96029323,0.9582199,0.9534462,0.93096495,0.95305085,0.96058977,0.9610041,0.95698726,0.9559543,0.9540562,0.97870535,0.9558844,0.96493053,0.9651487,0.95187855
arcticdogsmovie,0.95767754,0.95760006,0.96361583,0.944427,0.9465987,0.9434954,0.9596635,0.9530824,0.9749013,0.9498557,0.94944924,0.9411195,0.9607658,0.95208895,0.95942044,1.0,0.95311356,0.9479735,0.94123286,0.9393193,0.9531644,0.95212394,0.9657446,0.9629104,0.94420797,0.90389484,0.94794685,0.9467051,0.94595724,0.927852,0.93399155,0.9462043,0.9497593,0.9473341,0.9472151,0.9232361,0.9595693,0.95657665,0.9530298,0.95225805,0.95026517,0.9574332,0.9444314,0.95093495,0.95494306,0.9438485,0.96195436,0.9522482,0.93925905,0.9537714,0.9518864,0.95281947,0.9528666,0.95164186,0.9346964,0.93945223,0.9491316,0.95818454,0.95591503,0.9479568,0.9487689,0.9401685,0.95493054,0.9500984,0.9472467,0.956007,0.949463,0.9455441,0.9477166,0.9522961,0.96454954,0.8012163,0.92995787,0.95939165,0.9496805,0.95026237,0.9348159,0.9609153,0.958333,0.95282614,0.9433695,0.95322853,0.9590261,0.95026076,0.94493395,0.9428671,0.9488134,0.95659155,0.9539825,0.957481,0.9475245,0.96454954,0.9425857,0.9439374,0.9548279,0.95711976,0.9484439,0.95163566,0.96020246,0.9510097,0.9453381,0.9430785,0.9475114,0.95927,0.9590772,0.95423424,0.9568214,0.96365863,0.96116996,0.94664043,0.9622436,0.8942942,0.963548,0.9305224,0.95359856,0.96079266,0.9622226,0.95413315,0.95631915,0.95043457,0.9527585,0.96258557,0.9542836,0.9413176,0.94908196,0.9452464,0.9511022,0.95283896,0.94768834,0.9432982,0.9525212,0.9503305,0.9408222,0.9371147,0.9585481,0.9401642,0.95476514,0.9442304,0.95717704,0.946331,0.9749013,0.95596564,0.9486468,0.9562436,0.9474891,0.949471,0.9365374,0.94724756,0.9517482,0.95110476,0.95530194,0.96341544,0.9434923,0.9340853,0.9545805,0.9616307,0.9527838,0.9515249,0.9582565,0.9509178,0.9749013,0.9548048,0.95957476,0.9611023,0.9520762
arcticmovie,0.960857,0.9372533,0.9527352,0.94786227,0.94858295,0.95110077,0.9602792,0.9584704,0.9759272,0.9551281,0.95307034,0.9501563,0.94955796,0.95561916,0.9645292,0.95311356,0.99999976,0.95754683,0.94953346,0.94954723,0.95515746,0.95068055,0.9625502,0.9632682,0.942044,0.8950294,0.935807,0.9636966,0.9454144,0.9459792,0.94407904,0.9487421,0.9478559,0.94741803,0.9458895,0.91960794,0.9661515,0.9545345,0.9560516,0.96204704,0.9539124,0.95871246,0.9504429,0.9602093,0.95128626,0.9519717,0.95568675,0.95472354,0.9326674,0.96234816,0.952617,0.95810986,0.94484305,0.9502917,0.94755393,0.94629157,0.94430935,0.9521569,0.9590496,0.9524726,0.9553255,0.9510017,0.9466464,0.9489785,0.9487639,0.9495074,0.9505571,0.94477487,0.9490357,0.94697446,0.9584673,0.7566797,0.9302206,0.9620118,0.94147563,0.957807,0.93194455,0.9547575,0.96324027,0.9499237,0.9465573,0.95297635,0.9592732,0.9505078,0.9528948,0.95146394,0.9489577,0.9493534,0.94757235,0.96556485,0.953029,0.9584673,0.94826925,0.94992656,0.95815897,0.966664,0.9472957,0.95817506,0.9524513,0.9481344,0.9455056,0.94746953,0.95196617,0.9558678,0.9514038,0.9547001,0.95903105,0.956062,0.94543374,0.9480109,0.95285296,0.8991157,0.9582688,0.9138117,0.9520225,0.94960654,0.9617967,0.9461579,0.9527985,0.9484336,0.95662653,0.95530844,0.9605604,0.9449522,0.9602,0.94971067,0.95529747,0.9517418,0.95211804,0.94181776,0.9608964,0.95792985,0.97294194,0.9638114,0.96404237,0.9506128,0.9535089,0.9457813,0.9492826,0.9482276,0.9759272,0.95458466,0.9396722,0.96284527,0.9425849,0.94634694,0.9511373,0.94985986,0.957496,0.9575345,0.95336604,0.96306765,0.9522997,0.9360852,0.9427885,0.9543043,0.95595616,0.9491307,0.95091355,0.9626015,0.9759272,0.9499827,0.96056134,0.958761,0.94774234
artofracingmovie,0.95992774,0.9446599,0.957432,0.95921224,0.9719852,0.9392997,0.95073646,0.9625629,0.9750202,0.9631213,0.9485308,0.9485861,0.95575494,0.9556908,0.9485572,0.9479735,0.95754683,1.0,0.95315105,0.93644834,0.95435834,0.95458144,0.95436186,0.9606118,0.9490366,0.90281314,0.9421393,0.9492108,0.948124,0.94237554,0.9513365,0.9404761,0.9475501,0.94638556,0.94050753,0.9118215,0.95358247,0.94868547,0.95518166,0.95874196,0.9569553,0.9609059,0.95073247,0.9575558,0.9525808,0.94371176,0.9489716,0.9516559,0.9327483,0.9604992,0.9545894,0.95330155,0.9447316,0.95024496,0.9559025,0.963933,0.95390826,0.9673582,0.9591599,0.9530556,0.95112044,0.96005577,0.95194066,0.95454097,0.9617629,0.9575794,0.95327824,0.9498572,0.94062597,0.94893223,0.9595724,0.76074743,0.94501173,0.9593146,0.95694816,0.9509776,0.933174,0.9479899,0.95724285,0.94457525,0.9483619,0.95064104,0.95566976,0.94177663,0.9560196,0.9602573,0.9477873,0.9547643,0.95377815,0.9617588,0.95334506,0.9595724,0.9460573,0.9546529,0.9561496,0.958535,0.9407766,0.94795734,0.9553829,0.943552,0.94052607,0.94714314,0.9495031,0.95774186,0.9528439,0.9547004,0.9660766,0.94638383,0.957606,0.9403223,0.9497314,0.88469625,0.9630303,0.9233393,0.9509931,0.946042,0.95813066,0.95799226,0.9567674,0.93656474,0.950562,0.9568795,0.96522707,0.94298327,0.9573258,0.96086466,0.9532664,0.955296,0.9689905,0.9323472,0.9634718,0.9622919,0.9503483,0.9468084,0.9671411,0.94386435,0.95570624,0.9421742,0.9573186,0.962788,0.9750202,0.9523797,0.93999064,0.95239323,0.94426525,0.95334804,0.9450424,0.9568152,0.9523935,0.95164484,0.9406099,0.9602616,0.9446055,0.9264787,0.9442402,0.94622797,0.9477869,0.9545941,0.9602701,0.95912653,0.9750202,0.9611112,0.95491374,0.95781106,0.9537685
avengers,0.9746027,0.94347286,0.94890964,0.95372117,0.95148057,0.9434606,0.9497547,0.9502854,0.970035,0.9553525,0.95549744,0.9406893,0.9491418,0.958831,0.95390207,0.94123286,0.94953346,0.95315105,0.9999999,0.9326456,0.94619,0.94597805,0.95659316,0.9592861,0.9538475,0.9029273,0.93942165,0.9471633,0.94194925,0.9400113,0.97372234,0.94601727,0.94672465,0.9457855,0.93853855,0.9253666,0.9541265,0.9527324,0.95838726,0.9503323,0.9529693,0.9453722,0.93927586,0.9518208,0.9492741,0.9638644,0.9509905,0.94475436,0.9330018,0.9487749,0.9462948,0.9572559,0.93580645,0.94930995,0.9454402,0.9444872,0.93864155,0.9476598,0.9514157,0.9440366,0.9448224,0.9616451,0.95015913,0.95288974,0.9483509,0.95038664,0.94496346,0.9479533,0.94451517,0.9416633,0.9493134,0.72381234,0.93226975,0.958544,0.9409937,0.94610536,0.94128126,0.94087654,0.9499331,0.9497076,0.9533497,0.95355487,0.950365,0.94722867,0.95048845,0.96203434,0.94756156,0.9464552,0.9543332,0.9633366,0.9501364,0.9493134,0.94416785,0.9501787,0.9477673,0.9601912,0.9475628,0.95460117,0.94316435,0.9466035,0.9550293,0.94968015,0.94508535,0.9464723,0.9474462,0.9478197,0.9522263,0.9436494,0.94763505,0.9486269,0.945704,0.90709835,0.9473925,0.91317827,0.9547659,0.94691235,0.96072346,0.9503405,0.9580605,0.9460332,0.94756454,0.9576878,0.95210356,0.9389613,0.95045376,0.94738,0.9484319,0.95366436,0.9620375,0.94480586,0.9527518,0.9576078,0.9431589,0.9418083,0.95184773,0.93810374,0.951058,0.94329804,0.9471677,0.95337963,0.970035,0.9473681,0.94537544,0.94358504,0.9314797,0.9505881,0.9476857,0.94597995,0.95013684,0.95421326,0.9408165,0.9571194,0.95112544,0.9298718,0.9438766,0.94378513,0.949777,0.9493035,0.94751835,0.95268947,0.970035,0.9455012,0.9551545,0.955078,0.9411992
beachbummovie,0.9454835,0.92774624,0.93962073,0.93703747,0.93826574,0.93411064,0.94420195,0.94306606,0.9620472,0.93218005,0.9395583,0.92819804,0.935252,0.93414193,0.9694206,0.9393193,0.94954723,0.93644834,0.9326456,1.0000006,0.9396578,0.9374255,0.9445879,0.9504875,0.9298056,0.89113057,0.9222581,0.94837946,0.92935723,0.93427837,0.9333618,0.9315801,0.9346919,0.9324765,0.9340131,0.907338,0.94358295,0.94901717,0.94584274,0.94749904,0.9361669,0.9457871,0.9314121,0.9432772,0.94575703,0.9523743,0.9436074,0.95082146,0.91805995,0.9504321,0.93652767,0.9425661,0.9220459,0.9358516,0.9456417,0.9395775,0.93817884,0.9392746,0.9445557,0.941563,0.9371574,0.9404939,0.9432259,0.93072814,0.93227684,0.9367249,0.9425996,0.9417944,0.94574714,0.9461458,0.9471904,0.7831673,0.9204557,0.94332147,0.9249084,0.93796426,0.9131569,0.9379354,0.929093,0.93885803,0.93345773,0.94314355,0.9486598,0.93509257,0.93555766,0.938554,0.94101757,0.9276334,0.93562686,0.9436639,0.93266946,0.9471904,0.9199221,0.938752,0.94509244,0.94584256,0.9266426,0.9656073,0.9368788,0.9278768,0.9390054,0.9362871,0.9432371,0.9461515,0.9427897,0.9386333,0.95972586,0.9392847,0.9323731,0.92862284,0.947442,0.8923848,0.9394987,0.91539526,0.941682,0.94164276,0.9519069,0.9284631,0.9488831,0.9438946,0.9360296,0.942034,0.94369334,0.93058383,0.9431525,0.9396734,0.92988884,0.9344682,0.92718154,0.9155455,0.9355121,0.94875145,0.9470662,0.9349614,0.9519235,0.93357575,0.9311581,0.92906255,0.9332628,0.95384395,0.9620472,0.9390221,0.9396785,0.9413729,0.926822,0.9359403,0.9464259,0.9399713,0.9401484,0.941075,0.94237804,0.9428198,0.9333369,0.91358405,0.936081,0.9383778,0.9414887,0.9342962,0.93591267,0.9477615,0.9620472,0.9442325,0.9474244,0.94775057,0.93507665
bernadettefilm,0.96420056,0.9484264,0.95824957,0.9367849,0.9484149,0.9403063,0.95373213,0.9566192,0.9772697,0.9600945,0.9536181,0.94527525,0.95092297,0.95174825,0.95865756,0.9531644,0.95515746,0.95435834,0.94619,0.9396578,1.0000002,0.9589372,0.958347,0.96092963,0.95708543,0.90756994,0.9507932,0.96195686,0.9501177,0.94372094,0.94654554,0.9586767,0.9594416,0.94957185,0.94869596,0.92032444,0.95961404,0.9558949,0.9617342,0.9612488,0.9568031,0.96008635,0.9461648,0.96508354,0.9589436,0.95344865,0.9573773,0.9591282,0.9428318,0.96103686,0.9617988,0.96894354,0.95358914,0.95165825,0.9512521,0.944605,0.94401973,0.9561553,0.94867694,0.95639706,0.95581514,0.9611149,0.9528211,0.9537445,0.9627143,0.95971763,0.95264447,0.9610241,0.9476672,0.94624346,0.9667581,0.7772097,0.93134075,0.962163,0.9429798,0.9431154,0.93788135,0.9482887,0.95877737,0.95296335,0.95032895,0.9458093,0.94823724,0.9516267,0.9631823,0.9508505,0.9486347,0.9586322,0.9603113,0.95830804,0.95799434,0.9667581,0.9507398,0.95752466,0.9620816,0.9622738,0.95149827,0.9577981,0.9505539,0.9459054,0.9484999,0.95727855,0.9465875,0.95505947,0.95499414,0.961757,0.9620677,0.9516984,0.9517838,0.94957626,0.95936716,0.8994967,0.96240175,0.91145825,0.96705395,0.9532168,0.9648538,0.96287435,0.9563961,0.94669616,0.9514518,0.9572444,0.967357,0.93457216,0.95192087,0.9562412,0.95381856,0.9567346,0.9645594,0.9329116,0.9654351,0.9583097,0.95241416,0.9513576,0.96934193,0.94207686,0.9591282,0.955168,0.96128315,0.94978166,0.9772697,0.9578535,0.9573102,0.94019157,0.9284136,0.9604042,0.9477179,0.9490634,0.9463715,0.9686877,0.9484252,0.95765543,0.94679785,0.94147086,0.956436,0.9611408,0.95525914,0.95568395,0.9605991,0.95479065,0.9772697,0.9545439,0.9591107,0.9587155,0.9615587
