movie,21bridgesmovie,47metersdown,abeautifuldaymovie,abominablemovie,adastramovie,adogsjourneymovie,aftermathmovie,aftermovie,ahiddenlifefilm,alitamovie,angelhasfallen,angrybirdsmovie,annabellemovie,annamovie,apollo11movie,arcticdogsmovie,arcticmovie,artofracingmovie,avengers,beachbummovie,bernadettefilm,blackandbluemovie,blackchristmas,blindedbythelightmovie,bombshellmovie,booksmart,breakthroughmovie,brianbanksmovie,brightburnmovie,brittanyrunsmov,captainmarvelofficial,captivestatemovie,catsmovie,charliesangels,childsplaymovie,clarathefilm,coldpursuitmovie,countdown,currentwarmovie,darkwatersmovie,detectivepikachumovie,disneyaladdin,disneyfrozen,disneymaleficent,doctorsleepmovie,dolemiteismyname,dontletgomovie,doramovie,downtonabbey_official,dumbo,escaperoom,everybodyknowsmovie,fastandfuriousmovie,fightingwmyfam,fivefeetapartfilm,fordvferrari,freaksthefilm,geminimanmovie,glassmovie,gloriabellmovie,godzillamovie,goldfinchmovie,goodboysmovie,goodliarmovie,gretafilm,halathemovie,happydeathdaymovie,harrietfilm,hellboymovie,hersmellmovie,highlifemovie,highstrungmovie,honeyboymovie,hotelmumbaifilm,httydragon,hustlemovie,hustlersmovie,isntitromantic,itmovieofficial,jayandsilentbob,johnwickmovie,jojorabbitmovie,jokermovie,judythefilm,jumanjimovie,justmercyfilm,knivesout,lalloronamovie,lastblackmansf,lastchristmasthemovie,latenightmovie,lighthousemovie,lionking,littlethemovie,littlewomenmovie,littlewoodsfilm,longshotmovie,lordsofchaosmovie,lucyintheskyfilm,mamovie2019,marriagestory,meettheaddams,meninblack,midsommarmovie,midwaymovie,missbalamovie,missinglinkfilm,motherlessbklyn,onceinhollywood,onthebasisofsex,overcomermovie,peanutbutterfalcon,petsematarymovie,piercingmovie,playingwithfire,playmobilthemovie,pomsmovie,queenandslim,rambomovie,readyornotfilm,richardjewellfilm,rocketmanmovie,scarystoriesmovie,secretlifeofpets,serenityfilm,shaftmovie,shazammovie,spidermanmovie,spiesindisguise,starwars,stormboymovie,stubermovie,taosdfilm,teenspiritmov,terminator,theaeronautsmov,thebestofenemies,thedeaddontdie,thefarewell,thehighwaymen,thehummingbirdprojectfilm,theintrudermovie,theirishmanfilm,thekitchenmovie,thelegomovie,themustangfilm,thenightingalefilm,theprodigymovie,thesunisalsoastar,theupsidefilm,tolkienmovie,toystory,triplefrontier,uglydolls,uncutgems,underthesilverlake,usmovie,wavesmovie,whatmenwant,wonderparkmovie,wrinklestheclown,xmenmovies,yardiefilm,yesterdaymovie,zombieland
21bridgesmovie,0.9999999,0.9481452,0.9484644,0.94473386,0.9564517,0.94980264,0.96244234,0.9545877,0.97430533,0.9508011,0.947189,0.93481994,0.9578913,0.96033144,0.9549597,0.95377123,0.9468922,0.9561025,0.9692658,0.9480221,0.9475946,0.94257545,0.9576338,0.9630058,0.949988,0.9304965,0.94362515,0.9493982,0.9565627,0.95524365,0.9493172,0.94976264,0.9589206,0.94544053,0.9453035,0.93905354,0.954671,0.9603924,0.9551271,0.94275296,0.93792254,0.9506341,0.9417811,0.9536454,0.9566113,0.9612967,0.95363945,0.9471743,0.94941527,0.9539863,0.9524799,0.95959353,0.94856405,0.9442688,0.93743914,0.9513128,0.9423253,0.947122,0.9596596,0.9518736,0.95210636,0.95733714,0.95419663,0.95118225,0.95292693,0.94767624,0.94786257,0.95547867,0.9437816,0.93988425,0.9568744,0.8816312,0.94486624,0.9567677,0.94204336,0.93146026,0.9324375,0.9384719,0.95758694,0.94472307,0.9490647,0.95284015,0.94594204,0.9530541,0.9515399,0.95778763,0.9428625,0.9628541,0.9536581,0.96305764,0.9549515,0.9568744,0.95806885,0.94482887,0.9535937,0.9597672,0.945834,0.9428828,0.9602984,0.9624447,0.9588513,0.9512935,0.9538057,0.9449523,0.9496325,0.9550135,0.95579576,0.9528441,0.94611764,0.945423,0.9545134,0.9205854,0.95548874,0.92817885,0.9505573,0.95256406,0.98735595,0.9476038,0.9592766,0.9545188,0.9452983,0.9556,0.94835854,0.9498458,0.95416456,0.952468,0.95877105,0.95258784,0.9536228,0.94543415,0.9522749,0.9502912,0.95653284,0.95360124,0.9517253,0.9562115,0.97076994,0.956623,0.95530105,0.94572395,0.97430533,0.95015013,0.95547414,0.94483864,0.95130247,0.9455822,0.95045894,0.94880897,0.94893944,0.96332675,0.95966774,0.95586365,0.948634,0.9644832,0.9456005,0.94714767,0.95787907,0.9476309,0.9355019,0.9413569,0.97430533,0.95378196,0.9591528,0.96083045,0.95787716
47metersdown,0.9481452,1.0000004,0.95262724,0.94347066,0.9493716,0.94481766,0.9570953,0.9520379,0.9715927,0.94643784,0.9464923,0.93528956,0.95299125,0.9505168,0.9515654,0.9718545,0.9560065,0.95207536,0.95389044,0.93409336,0.946241,0.9439568,0.95647377,0.9483864,0.95058894,0.9261364,0.9423281,0.9538873,0.94926566,0.9433096,0.9437118,0.9513807,0.9542178,0.9406388,0.9462863,0.93069655,0.9510081,0.93784034,0.9540056,0.94460046,0.9406732,0.95864785,0.9499773,0.9543464,0.9428698,0.95600426,0.9559241,0.9488691,0.9488139,0.9549299,0.9475167,0.9602368,0.94286317,0.93463236,0.94810665,0.9465898,0.9437432,0.9494426,0.9488289,0.949641,0.94679594,0.9468327,0.95234334,0.95121264,0.95868737,0.94443274,0.94752234,0.95806134,0.93518555,0.9373815,0.94824773,0.8704609,0.9346815,0.95271647,0.93511665,0.9335746,0.92255276,0.94451636,0.94552946,0.9482078,0.93661463,0.9518969,0.9481749,0.949357,0.95334995,0.94425,0.93361187,0.95474386,0.93915594,0.94916624,0.93929636,0.94824773,0.952985,0.9420456,0.95146126,0.9498357,0.9462549,0.940799,0.9492534,0.9455792,0.9545667,0.94639564,0.9522396,0.94442904,0.9590051,0.94407946,0.9552783,0.95364213,0.9398571,0.95182127,0.94567376,0.8880243,0.9383475,0.91870964,0.9409316,0.94068533,0.94256,0.9482296,0.94882077,0.950995,0.94739944,0.9483678,0.9454678,0.9410563,0.95197016,0.9521476,0.94987845,0.94450563,0.94802564,0.9444323,0.9445137,0.9426463,0.95520866,0.9511532,0.94198686,0.94901645,0.94502676,0.9523947,0.946095,0.94767773,0.9715927,0.9544867,0.95366776,0.936957,0.93876755,0.9445476,0.9526843,0.93912345,0.94620305,0.94626236,0.9539923,0.95482755,0.9421857,0.93812066,0.9430105,0.95377403,0.9473396,0.94449806,0.931647,0.93619347,0.9715927,0.9420578,0.9529457,0.95107156,0.95159173
abeautifuldaymovie,0.9484644,0.95262724,1.0,0.9538937,0.9526205,0.9545461,0.9634491,0.9524306,0.97523224,0.95326155,0.94619846,0.9594563,0.94782645,0.9528723,0.9624433,0.9549839,0.9628476,0.9542269,0.9500382,0.9542317,0.9566938,0.969667,0.9591742,0.9560372,0.9567147,0.92798376,0.9515341,0.95020145,0.9749047,0.94823384,0.94781274,0.9564038,0.9543682,0.95930547,0.95199955,0.94182265,0.954791,0.9441014,0.95092696,0.95479375,0.94052154,0.96124244,0.94522357,0.95838624,0.9549759,0.9603458,0.9580707,0.9533774,0.95137066,0.95969266,0.9760469,0.96412826,0.9527877,0.9420335,0.9520021,0.94916224,0.94758236,0.95161074,0.9536117,0.9548419,0.9428291,0.95813775,0.95437473,0.9445745,0.95295495,0.94719917,0.9474345,0.9552417,0.9413923,0.9415548,0.95813334,0.8655334,0.9413257,0.94521195,0.94489586,0.93174595,0.927596,0.9376481,0.9537225,0.9479354,0.9429654,0.95452076,0.94614875,0.94928896,0.9720762,0.9538284,0.9518785,0.94991755,0.9411547,0.95597583,0.9468769,0.95813334,0.94941896,0.9462996,0.9731428,0.95364004,0.94351035,0.9460119,0.9464099,0.9500997,0.95781213,0.95945054,0.9636913,0.95426184,0.9567001,0.9762682,0.95015854,0.94997287,0.9598937,0.9484268,0.9575078,0.9094187,0.9481773,0.9309667,0.9480063,0.9389556,0.9489955,0.94689643,0.95781374,0.95351654,0.9526889,0.9511818,0.96097517,0.95373726,0.95701176,0.956107,0.9485779,0.9595533,0.95246255,0.9499152,0.9529056,0.9503675,0.9581358,0.9505557,0.95201635,0.94617367,0.94430757,0.95525134,0.95738125,0.95388305,0.97523224,0.9748261,0.95350933,0.94500184,0.94746614,0.9436231,0.9552875,0.9512944,0.945407,0.94767463,0.9603992,0.96692556,0.94533694,0.94136244,0.9487105,0.95373803,0.95548147,0.95208603,0.9433594,0.9410309,0.97523224,0.9440716,0.95006615,0.95396054,0.9712579
abominablemovie,0.94473386,0.94347066,0.9538937,1.0000002,0.947476,0.9371374,0.9544868,0.9453168,0.9666749,0.94126725,0.9478898,0.9374835,0.95216227,0.93801147,0.9507514,0.94491994,0.94873327,0.9510693,0.9478045,0.93763614,0.94568294,0.94214547,0.94511914,0.94511265,0.94487995,0.91796917,0.93641615,0.93772244,0.9462458,0.9415843,0.94837123,0.94099957,0.94430566,0.9385482,0.9464053,0.93799603,0.94018644,0.9456144,0.9564126,0.9423978,0.94191843,0.95386666,0.93378097,0.95172447,0.9357762,0.9525066,0.94177026,0.9412555,0.949495,0.95151067,0.9487256,0.9466425,0.9406389,0.9257906,0.95275164,0.9418603,0.9360637,0.94128484,0.9608332,0.94050545,0.9416431,0.9619739,0.9433114,0.9386601,0.9435287,0.93983483,0.94722664,0.9474614,0.9435984,0.9373417,0.9471584,0.8806274,0.9336099,0.93847466,0.9451287,0.9231784,0.92266124,0.9351491,0.943471,0.9417994,0.93025976,0.9511741,0.93623936,0.9404916,0.9498999,0.9437322,0.9437459,0.9485455,0.93152654,0.9497077,0.9356218,0.9471584,0.94149536,0.93424267,0.94502336,0.95667446,0.9364833,0.94177127,0.9366537,0.93901545,0.9480555,0.9388536,0.9386529,0.94306064,0.93748534,0.94983137,0.94742656,0.9433415,0.93613154,0.9330759,0.9470763,0.9015237,0.93457687,0.92821664,0.9435406,0.9324724,0.94424754,0.93519,0.9459913,0.9535424,0.9432217,0.94423246,0.9440253,0.93576056,0.9449767,0.9406755,0.9417438,0.93976516,0.94908094,0.9301864,0.94006145,0.94186217,0.94354963,0.9394526,0.9417391,0.9411856,0.943278,0.9415862,0.94255036,0.94726294,0.9666749,0.9459311,0.95010895,0.9360533,0.93046594,0.9319643,0.94261545,0.9499861,0.94308394,0.9393133,0.95371294,0.9485655,0.93807167,0.9306428,0.9416474,0.9522903,0.93940276,0.94485086,0.9290155,0.9367765,0.9666749,0.9433789,0.9542148,0.9491368,0.9458965
adastramovie,0.9564517,0.9493716,0.9526205,0.947476,0.9999998,0.94890887,0.96210706,0.9530316,0.9780299,0.96926063,0.95965976,0.94843554,0.95402473,0.9552769,0.96064407,0.9552684,0.9605942,0.97620493,0.95262223,0.95339245,0.94150776,0.95094883,0.9632685,0.9542297,0.9564777,0.92956525,0.9528302,0.9598728,0.957327,0.94899553,0.9566835,0.9545205,0.9601563,0.9518332,0.94678146,0.9377177,0.95081306,0.9450758,0.95916915,0.9527513,0.94707376,0.96196634,0.9510315,0.9585966,0.96338135,0.95979786,0.96147346,0.9495918,0.95534277,0.95883983,0.9581183,0.9627746,0.9462075,0.94501233,0.9480066,0.97859293,0.9453366,0.9635632,0.95912355,0.96024764,0.9513611,0.95587903,0.95623535,0.95335823,0.9478528,0.95742404,0.95424783,0.9550928,0.9414336,0.949187,0.9624574,0.87793285,0.9562489,0.952683,0.9447563,0.941678,0.9250802,0.9507893,0.9496193,0.9394848,0.9527379,0.95670724,0.9556423,0.954874,0.95530057,0.9571809,0.9500721,0.9575216,0.9505372,0.9589678,0.95619154,0.9624574,0.9592177,0.94877,0.95712435,0.95577896,0.94383204,0.95350754,0.95860004,0.95094484,0.9549072,0.9457899,0.95580477,0.9558046,0.9502607,0.9578143,0.9600573,0.9601391,0.94603354,0.9522602,0.9606299,0.9220356,0.96257573,0.94190615,0.953883,0.9506594,0.9621405,0.9499889,0.96172523,0.9502894,0.9623764,0.95733136,0.95914304,0.94321364,0.9640111,0.95893955,0.95559096,0.9532856,0.9701256,0.9469615,0.9455333,0.97513235,0.9583372,0.95314014,0.9574829,0.94932073,0.9551268,0.95751953,0.9599047,0.95802844,0.9780299,0.95208555,0.94879305,0.9504704,0.9524035,0.95175624,0.9578317,0.938203,0.9572213,0.95648897,0.9578711,0.95943165,0.9481471,0.9395214,0.95228213,0.9550781,0.95911777,0.9567942,0.9458224,0.9579523,0.9780299,0.95620877,0.9631043,0.9632442,0.96045816
adogsjourneymovie,0.94980264,0.94481766,0.9545461,0.9371374,0.94890887,1.0000002,0.95915484,0.9504675,0.97394407,0.9459957,0.9481867,0.94217926,0.95407534,0.9577148,0.9583308,0.94786745,0.95623326,0.9411731,0.9516483,0.9377235,0.94869196,0.94776183,0.9645803,0.9549535,0.9512092,0.9332244,0.9353124,0.94626796,0.95752096,0.9443286,0.944312,0.9439111,0.9549157,0.9523606,0.9432884,0.9363123,0.96047777,0.94295216,0.94263643,0.94356275,0.9458086,0.950876,0.9457428,0.95071274,0.960231,0.95399874,0.96215415,0.9467785,0.94673896,0.9505591,0.95217395,0.9588775,0.9521794,0.94881105,0.94772065,0.9475794,0.9404547,0.9534666,0.94256896,0.9513047,0.9468679,0.95243204,0.95418704,0.9520111,0.945812,0.94683623,0.947747,0.9537978,0.93896604,0.93399984,0.95379245,0.86847836,0.9355703,0.9435077,0.93800545,0.9397621,0.9132572,0.9419891,0.95075816,0.9482444,0.9449484,0.9549906,0.9487886,0.94790393,0.9524374,0.94881135,0.9437858,0.95788485,0.9451343,0.9618795,0.9531596,0.95379245,0.9489149,0.93867147,0.9592908,0.94694644,0.943324,0.938288,0.9481427,0.9556292,0.953374,0.9581642,0.95722175,0.94807404,0.9509814,0.95526415,0.9568406,0.95275646,0.9459002,0.9523713,0.9478442,0.9020771,0.952762,0.9250549,0.949428,0.9448385,0.9523445,0.94989276,0.9664794,0.95428854,0.95041203,0.95484364,0.95437235,0.9691717,0.9573106,0.9492936,0.9619781,0.949687,0.9499223,0.9444748,0.95115393,0.94737846,0.95558065,0.9522784,0.95103234,0.94666785,0.9458426,0.95864433,0.9509914,0.9457701,0.97394407,0.9518921,0.9492487,0.9465398,0.94708216,0.94652915,0.94949913,0.94018847,0.95181674,0.9433686,0.9560157,0.95053613,0.947262,0.93892676,0.9457645,0.94463795,0.9518259,0.9442895,0.93905497,0.9408206,0.97394407,0.9446763,0.9499177,0.9590919,0.9571058
aftermathmovie,0.96244234,0.9570953,0.9634491,0.9544868,0.96210706,0.95915484,1.0,0.96037376,0.98193634,0.9628113,0.9604249,0.955374,0.96250427,0.96445876,0.96744215,0.9663709,0.96108264,0.9593107,0.9633363,0.9565923,0.94976103,0.9554204,0.970976,0.9628167,0.96468055,0.92616385,0.9563889,0.95584506,0.96545225,0.9577094,0.95222265,0.96125495,0.96429557,0.95546335,0.9539358,0.9452833,0.9629341,0.95810556,0.9630522,0.95252657,0.9598342,0.95876586,0.95327127,0.9629806,0.96107394,0.9645022,0.96504587,0.95769554,0.9572692,0.9610917,0.9650792,0.96610177,0.96118104,0.95216197,0.95536643,0.95735115,0.95377856,0.9603957,0.95733947,0.9571559,0.9615609,0.96395653,0.9559741,0.956615,0.9576764,0.9537521,0.9587888,0.96382284,0.948675,0.9499403,0.9641075,0.8649248,0.9497956,0.959273,0.95095927,0.9388165,0.927259,0.95256996,0.9568784,0.96204686,0.95404243,0.970346,0.95740086,0.9539341,0.95849335,0.96328765,0.95252323,0.96605325,0.95453835,0.96148014,0.96022147,0.9641075,0.95822537,0.9541618,0.96264267,0.9616889,0.95602816,0.95246446,0.9691126,0.96518147,0.96138364,0.95907444,0.9631431,0.95432687,0.9577531,0.9663165,0.9614815,0.9637431,0.95523053,0.9602012,0.9597201,0.91591233,0.96280307,0.9377339,0.9548241,0.9530835,0.9625631,0.95420617,0.96374303,0.9880415,0.9603025,0.96172744,0.9610316,0.9533196,0.96170795,0.96111834,0.96212786,0.95779103,0.9568221,0.94837,0.9529806,0.95837486,0.9608332,0.95730144,0.9584728,0.95656735,0.95750886,0.9577175,0.9626206,0.9586953,0.98193634,0.96337765,0.96320736,0.95410264,0.9523441,0.9485293,0.9579623,0.9490492,0.9588794,0.95644605,0.9834936,0.9645262,0.9512644,0.9513684,0.9573173,0.95958805,0.967269,0.9620833,0.94801867,0.9515913,0.98193634,0.9539637,0.9687795,0.96908486,0.9673357
aftermovie,0.9545877,0.9520379,0.9524306,0.9453168,0.9530316,0.9504675,0.96037376,1.0,0.9758162,0.94601065,0.95203084,0.9423787,0.953642,0.95522076,0.96123046,0.9616595,0.94898546,0.9498308,0.95327985,0.95030546,0.9625269,0.9506188,0.9587848,0.9541897,0.9464999,0.9251479,0.9440847,0.9514157,0.95814186,0.9436978,0.9495197,0.9574422,0.95167655,0.9493645,0.9489194,0.93175465,0.9561624,0.938188,0.94873995,0.9456044,0.9430958,0.95212305,0.94278723,0.95670927,0.95578724,0.9547734,0.9579455,0.9539412,0.9524825,0.95200044,0.95868176,0.955449,0.9557594,0.94168174,0.9490539,0.94799876,0.94495106,0.9540382,0.95669717,0.95245093,0.94687796,0.95022917,0.95404226,0.94325835,0.94565475,0.9482184,0.9476884,0.9581429,0.93744737,0.9394458,0.9566629,0.86118567,0.9293688,0.94331867,0.93888456,0.9307528,0.9115913,0.9351836,0.9461994,0.9519966,0.9474639,0.9489852,0.94420457,0.95143014,0.95676523,0.95016384,0.9411685,0.9644228,0.9395736,0.95346755,0.94421756,0.9566629,0.95042336,0.9343622,0.96247905,0.9485601,0.9470876,0.95016605,0.94498986,0.9588379,0.951016,0.94982344,0.9581219,0.95090675,0.95018685,0.9577375,0.94970113,0.9475728,0.94369656,0.9518854,0.9495163,0.9016993,0.94677985,0.933804,0.96581566,0.93354946,0.9460918,0.9486782,0.95741457,0.9595334,0.9455467,0.95347124,0.9471606,0.9463236,0.9526728,0.9589469,0.95124876,0.95785487,0.9525233,0.93852276,0.9510235,0.9479085,0.95438457,0.9503884,0.95692414,0.94424134,0.9491868,0.95200056,0.9530892,0.9423322,0.9758162,0.95763355,0.94531447,0.9360623,0.9429077,0.9484772,0.9476376,0.9426491,0.9424056,0.941652,0.9552781,0.95149696,0.94615555,0.93710387,0.9418803,0.9538652,0.9565744,0.94449276,0.9574634,0.9503694,0.9758162,0.9449014,0.95448273,0.95959544,0.95755
ahiddenlifefilm,0.97430533,0.9715927,0.97523224,0.9666749,0.9780299,0.97394407,0.98193634,0.9758162,1.0000005,0.9737933,0.97284514,0.9647335,0.9757862,0.9770461,0.98009324,0.9759345,0.97814053,0.9742222,0.9745194,0.97147846,0.9727363,0.97090065,0.979357,0.97428936,0.9758875,0.94660735,0.96371865,0.97472686,0.97952265,0.96985745,0.9708072,0.9737442,0.97848266,0.96775335,0.9706649,0.95821714,0.98018134,0.9637955,0.9762868,0.96961224,0.9677002,0.97842497,0.9684781,0.9786084,0.9795926,0.97971845,0.9796028,0.97673583,0.9765087,0.9789213,0.97700644,0.98344934,0.9680405,0.9661083,0.9655822,0.97513777,0.9690695,0.97647643,0.9739606,0.97758764,0.96927375,0.97360796,0.9771177,0.9725649,0.97274905,0.97124046,0.97333086,0.9774796,0.9631715,0.9690798,0.98135126,0.88544685,0.96395504,0.9714981,0.9615828,0.9582474,0.94166106,0.9685271,0.97163135,0.9675425,0.9699552,0.9780114,0.9708113,0.9713163,0.9775088,0.9743849,0.9668529,0.9803938,0.9657948,0.98045737,0.968848,0.98135126,0.975099,0.9674285,0.9792596,0.97358006,0.96891063,0.97145545,0.971186,0.9757562,0.9778166,0.97133386,0.976794,0.9744615,0.97522086,0.9758044,0.97916555,0.9770358,0.96595705,0.97336805,0.9745164,0.9244311,0.9732805,0.954863,0.9733715,0.96719867,0.9738466,0.97002304,0.9809409,0.97383887,0.9737987,0.9760242,0.9746433,0.97017664,0.97852606,0.9780438,0.97798383,0.96987706,0.97628725,0.9686892,0.9728073,0.9738272,0.9791977,0.9747879,0.9726318,0.9706885,0.9728967,0.9788252,0.9781382,0.9746321,1.0000005,0.9761294,0.97424865,0.96871185,0.9697505,0.9692067,0.9735264,0.9676305,0.9740315,0.9691931,0.9792502,0.9778804,0.9706684,0.96094227,0.97038865,0.97557074,0.97481865,0.97331643,0.9634571,0.9665354,1.0000005,0.9669611,0.9783766,0.9799803,0.9784608
alitamovie,0.9508011,0.94643784,0.95326155,0.94126725,0.96926063,0.9459957,0.9628113,0.94601065,0.9737933,1.0,0.9566917,0.9423831,0.94969267,0.9579522,0.95572233,0.9513487,0.95806736,0.96599215,0.9471391,0.95806396,0.9405483,0.94977534,0.9600101,0.95319664,0.95719033,0.9226003,0.9496015,0.95611656,0.9603614,0.94932705,0.94650376,0.9441612,0.9534125,0.9519228,0.9413413,0.9317685,0.95386297,0.9330136,0.9542901,0.9465294,0.95193505,0.9545999,0.9397491,0.95416737,0.9621309,0.9518718,0.958407,0.95484906,0.95219904,0.9533469,0.954098,0.95934916,0.9522366,0.9451296,0.94111836,0.964205,0.95096403,0.9537196,0.9522438,0.95689285,0.9472445,0.95365506,0.9492311,0.9497339,0.95328265,0.9449825,0.94654024,0.95315367,0.9335812,0.9446221,0.9638721,0.853865,0.9469939,0.9488703,0.9485041,0.9425207,0.9219403,0.949849,0.9513096,0.9468356,0.9533221,0.9544719,0.95255476,0.9523315,0.94685876,0.94967556,0.94541025,0.955463,0.93847483,0.9571371,0.9516331,0.9638721,0.9519663,0.9455979,0.9537777,0.95074165,0.9438196,0.9551067,0.9601579,0.9560309,0.9484953,0.9465208,0.9549385,0.9514199,0.9654888,0.9554302,0.95842034,0.957392,0.9434232,0.95091975,0.9529358,0.92062545,0.95575327,0.93276495,0.9452268,0.947864,0.9572498,0.9478243,0.9602173,0.9497535,0.9584227,0.95365906,0.9538156,0.94275796,0.9543138,0.95454055,0.9568744,0.94815224,0.9574997,0.942528,0.94718015,0.9575486,0.9608571,0.9540309,0.95486623,0.9496365,0.9515322,0.9541742,0.95887387,0.95718926,0.9737933,0.95326746,0.95175415,0.9535802,0.94579905,0.9398368,0.9506502,0.93422323,0.95401216,0.9531047,0.9638217,0.9606117,0.94301826,0.94415665,0.9537698,0.9576864,0.9548384,0.9562934,0.94134104,0.9471005,0.9737933,0.9473984,0.95797944,0.9634908,0.96087754
angelhasfallen,0.947189,0.9464923,0.94619846,0.9478898,0.95965976,0.9481867,0.9604249,0.95203084,0.97284514,0.9566917,1.0,0.94399637,0.9526701,0.9537435,0.95813704,0.95437384,0.95710945,0.957634,0.9519625,0.94552755,0.951363,0.9436613,0.9548167,0.9514573,0.95605314,0.92714703,0.9394787,0.953748,0.95591843,0.9421242,0.9470535,0.9517003,0.951236,0.9410714,0.94052374,0.9237123,0.95662725,0.93539125,0.9606026,0.94544387,0.94953376,0.9514892,0.93907934,0.94727856,0.952744,0.9534491,0.95505005,0.95172346,0.95193774,0.94595927,0.95059794,0.9573629,0.9469152,0.9461517,0.9403103,0.95217633,0.9450957,0.95138764,0.9487761,0.9524285,0.946486,0.94833434,0.9537664,0.93903226,0.9467324,0.9630121,0.9573484,0.95552063,0.9646909,0.9429233,0.95415515,0.87042516,0.9355131,0.94958025,0.9412752,0.9372137,0.91181517,0.9488039,0.9452029,0.9416492,0.9668254,0.9508179,0.94392735,0.9497499,0.9482057,0.95133644,0.95990723,0.9584049,0.9411538,0.95732206,0.94417757,0.95415515,0.951064,0.9449641,0.95116,0.9612228,0.9657143,0.9485002,0.9502718,0.94787663,0.94454104,0.9459745,0.9586016,0.94882816,0.95055366,0.9515938,0.9602324,0.9465317,0.9387476,0.9548226,0.9452611,0.91266185,0.9471302,0.9206153,0.9511612,0.95246524,0.94487655,0.942199,0.95951116,0.952872,0.9496227,0.9479425,0.9494237,0.94349533,0.95163023,0.9472901,0.949463,0.95186245,0.9570688,0.93978435,0.9509646,0.9507832,0.95606107,0.9526397,0.9432768,0.9427653,0.94766974,0.9501837,0.95060277,0.95174253,0.97284514,0.9538828,0.95048213,0.9411082,0.9441014,0.9415603,0.9495398,0.93723464,0.94309,0.9465088,0.955716,0.95278925,0.9453352,0.9439018,0.9510081,0.95044327,0.9535649,0.94584167,0.9387586,0.9354851,0.97284514,0.9351207,0.95831615,0.9559202,0.95702964
angrybirdsmovie,0.93481994,0.93528956,0.9594563,0.9374835,0.94843554,0.94217926,0.955374,0.9423787,0.9647335,0.9423831,0.94399637,1.0000002,0.9365344,0.9449588,0.9542305,0.9457254,0.9543933,0.9402688,0.9342231,0.9468983,0.93667907,0.9445045,0.94952804,0.9411956,0.94978696,0.9101227,0.93670726,0.938147,0.96339846,0.9435597,0.9392595,0.9471565,0.94554996,0.9608313,0.93546546,0.9184892,0.94333446,0.93083584,0.94057685,0.9483464,0.93892795,0.9499344,0.9374248,0.9553338,0.9451016,0.9552592,0.9509052,0.94754064,0.94810164,0.9510793,0.96837455,0.95500445,0.93389195,0.9261245,0.94277847,0.94412464,0.9389607,0.94690984,0.93613064,0.95058554,0.94187456,0.94620794,0.9361221,0.9431739,0.9403812,0.9386613,0.9461808,0.95459354,0.92984414,0.93544906,0.94871575,0.85932565,0.93009907,0.93697476,0.9302078,0.92558116,0.90106,0.93222463,0.93382126,0.94547826,0.94095576,0.9398819,0.94260347,0.93865865,0.95368356,0.94679505,0.9473381,0.93753713,0.9285295,0.9408641,0.9432491,0.94871575,0.9387823,0.9339045,0.9519916,0.9486383,0.9432855,0.93812996,0.9396075,0.9470967,0.9488274,0.9368413,0.9518856,0.94308364,0.9405912,0.9636449,0.9410101,0.9460348,0.94655037,0.94769573,0.9444368,0.8967349,0.94704205,0.9164643,0.93720365,0.9327901,0.9390232,0.9306233,0.9502221,0.9497115,0.95046556,0.94390035,0.9557431,0.944557,0.9508557,0.94923764,0.9455493,0.94906723,0.9352014,0.9269398,0.94293725,0.94202036,0.9489956,0.944824,0.94569045,0.9363007,0.9391117,0.9415309,0.95670116,0.9442286,0.9647335,0.9526967,0.94324994,0.9470854,0.9450021,0.93771994,0.9441569,0.9268107,0.94558305,0.9369929,0.940619,0.9473191,0.93536365,0.9280413,0.9458771,0.94484943,0.9481255,0.950122,0.94118226,0.94005364,0.9647335,0.9364621,0.9469099,0.94802994,0.9615416
annabellemovie,0.9578913,0.95299125,0.94782645,0.95216227,0.95402473,0.95407534,0.96250427,0.953642,0.9757862,0.94969267,0.9526701,0.9365344,0.9999996,0.95912814,0.95549065,0.9548872,0.95023394,0.9519156,0.95491385,0.9393868,0.94905245,0.9449418,0.9534419,0.96276903,0.9513631,0.92209744,0.9348992,0.9563385,0.9568531,0.94764227,0.95267385,0.95379734,0.955398,0.94195867,0.951813,0.94032,0.9566119,0.9656682,0.95753,0.9401701,0.9507782,0.9512439,0.94195837,0.95411855,0.95368207,0.95445997,0.9488066,0.94803613,0.9485593,0.95129246,0.95293605,0.96326035,0.9514183,0.9489751,0.9510331,0.95103174,0.94759876,0.9556476,0.95774156,0.9614309,0.9563796,0.9507755,0.95187664,0.9613498,0.94808406,0.9471551,0.95186245,0.96039647,0.9431933,0.9475889,0.9617751,0.8804387,0.94014496,0.9471014,0.93942195,0.93950796,0.92737234,0.951077,0.9511324,0.94730574,0.9556386,0.96706307,0.9610483,0.9519162,0.9607341,0.9455415,0.94793016,0.9774647,0.95413774,0.96002567,0.93826413,0.9617751,0.95993406,0.94647163,0.9541123,0.9557699,0.9419322,0.9469722,0.95218736,0.95359117,0.95668143,0.9470313,0.9523252,0.9548433,0.9520334,0.9523935,0.95152706,0.9631197,0.94740987,0.94604284,0.9482479,0.9161561,0.94879836,0.9311735,0.952364,0.95223886,0.95870256,0.94954693,0.9630141,0.9575847,0.96161944,0.9588178,0.9486342,0.9479251,0.954827,0.9536241,0.9654494,0.9478575,0.95621073,0.9465483,0.94579387,0.9502218,0.96053195,0.9511743,0.9502014,0.9492374,0.952354,0.9594004,0.9568123,0.9533477,0.9757862,0.9569869,0.95789707,0.95307505,0.95020485,0.9442147,0.9483289,0.95095414,0.9616081,0.9490184,0.9589971,0.9520611,0.9547438,0.9437565,0.94975686,0.9576503,0.94560736,0.9536334,0.94473124,0.9449749,0.9757862,0.9468692,0.95548654,0.95370823,0.95791644
annamovie,0.96033144,0.9505168,0.9528723,0.93801147,0.9552769,0.9577148,0.96445876,0.95522076,0.9770461,0.9579522,0.9537435,0.9449588,0.95912814,0.99999934,0.9516585,0.9505083,0.95761406,0.94955873,0.95801765,0.942961,0.94877154,0.94732857,0.9614281,0.9565401,0.954324,0.9166749,0.94033647,0.9553005,0.9578196,0.95872545,0.9500813,0.9532314,0.957949,0.9459318,0.9463092,0.9289578,0.95894784,0.9443517,0.9559027,0.9507835,0.9565775,0.9510221,0.9511917,0.9543268,0.95983344,0.9500246,0.96030873,0.95059884,0.94951665,0.9514254,0.9556733,0.96197313,0.95171684,0.95625854,0.94460183,0.95376384,0.9512846,0.95775086,0.95036995,0.95284235,0.95071715,0.95202965,0.9558201,0.97054446,0.95194995,0.9510715,0.9426822,0.9506651,0.9333112,0.9420849,0.95616853,0.85826665,0.9409128,0.94904494,0.937022,0.93417203,0.90986574,0.9519742,0.9526494,0.9568595,0.95132405,0.9588625,0.9597324,0.95095855,0.95646507,0.95760405,0.94603854,0.95347077,0.9418966,0.96699154,0.9471539,0.95616853,0.95179546,0.9436517,0.95691764,0.9513489,0.95028543,0.9524917,0.95448005,0.9582734,0.95051706,0.95575905,0.9548172,0.95224494,0.9630887,0.95705795,0.9558177,0.9561206,0.9465639,0.95671856,0.9497451,0.9067565,0.9496833,0.9190498,0.9508264,0.9528024,0.95844877,0.94535214,0.96199137,0.9569881,0.9518303,0.9623374,0.9514306,0.9506416,0.9558776,0.96093607,0.9589359,0.9491665,0.9507728,0.94699526,0.94894534,0.9493938,0.96313393,0.9552329,0.9540374,0.95628,0.95379955,0.9604874,0.9535596,0.94984686,0.9770461,0.9524817,0.94969887,0.95302045,0.95179915,0.9469616,0.94643503,0.9427674,0.962119,0.9532207,0.9619056,0.9578267,0.9563562,0.94418335,0.95454836,0.9533123,0.9538865,0.95543295,0.9418797,0.93932575,0.9770461,0.9503335,0.95872974,0.9596958,0.9608559
apollo11movie,0.9549597,0.9515654,0.9624433,0.9507514,0.96064407,0.9583308,0.96744215,0.96123046,0.98009324,0.95572233,0.95813704,0.9542305,0.95549065,0.9516585,0.99999994,0.9630618,0.96284276,0.9609568,0.9562626,0.9704622,0.9544135,0.95447457,0.9607997,0.95448136,0.95764005,0.93407863,0.9563491,0.9564201,0.96216553,0.94898564,0.9562272,0.95836973,0.959551,0.95844424,0.9509234,0.9377608,0.9627467,0.9438441,0.9581517,0.9563057,0.94422156,0.96451855,0.9481675,0.9661319,0.96261466,0.96386975,0.9611932,0.9651932,0.95381254,0.96256757,0.9584047,0.965226,0.9533049,0.9484236,0.950143,0.95810497,0.9540593,0.9648165,0.957372,0.96522635,0.95069104,0.9570418,0.95508116,0.9525122,0.9538142,0.95599324,0.9557508,0.9612765,0.94940585,0.9470838,0.96555847,0.8693079,0.9422379,0.96111876,0.9457278,0.9446522,0.9195003,0.94309163,0.9566266,0.9557083,0.9515311,0.9549782,0.9475096,0.95640707,0.9610279,0.9598755,0.9592519,0.9624233,0.9483242,0.9617073,0.9566053,0.96555847,0.96010697,0.94944185,0.9646764,0.9675759,0.95631546,0.95374054,0.95693773,0.9518678,0.95799834,0.9565408,0.9606863,0.95314556,0.95475924,0.95961225,0.96450955,0.9598346,0.954303,0.9520447,0.9616996,0.9173094,0.9627601,0.9329552,0.9582847,0.9492141,0.95350134,0.9466111,0.9646734,0.95700926,0.95101833,0.95729893,0.9635301,0.9535652,0.9633765,0.9592338,0.96047425,0.9554846,0.96203744,0.94665724,0.95619935,0.95730406,0.96117663,0.95600915,0.96327764,0.95064235,0.95512974,0.95388234,0.961991,0.95525223,0.98009324,0.96018964,0.9552161,0.95159084,0.9500406,0.94935346,0.9564404,0.9491743,0.9527088,0.9540019,0.9638341,0.9611655,0.95713943,0.9404655,0.9561377,0.9587249,0.9624395,0.9546624,0.9529868,0.95126283,0.98009324,0.9523423,0.9607048,0.9624731,0.9633262
arcticdogsmovie,0.95377123,0.9718545,0.9549839,0.94491994,0.9552684,0.94786745,0.9663709,0.9616595,0.9759345,0.9513487,0.95437384,0.9457254,0.9548872,0.9505083,0.9630618,0.99999964,0.96027315,0.95338595,0.9573955,0.9467304,0.94753164,0.9472816,0.9631553,0.9518433,0.94872165,0.92979765,0.9499638,0.9532352,0.9542536,0.94741905,0.95461583,0.96040267,0.9545412,0.94819367,0.9475597,0.93570733,0.9601067,0.9481556,0.95729345,0.9482953,0.9458288,0.96132237,0.9464519,0.9565544,0.9546888,0.9628809,0.95848244,0.9599879,0.95501757,0.95649916,0.9525345,0.96475405,0.9493476,0.93594015,0.9538952,0.95083916,0.9444717,0.9575292,0.9553771,0.9614782,0.9497379,0.95157677,0.9559319,0.9463972,0.9583749,0.95332617,0.95074844,0.96252453,0.94646025,0.94579834,0.960561,0.8595725,0.9438152,0.95797205,0.9434092,0.9378259,0.9213903,0.93991244,0.9494404,0.9530019,0.9491878,0.9505384,0.94357944,0.9556568,0.9553844,0.95287645,0.94810116,0.96331614,0.9518637,0.9541225,0.9446752,0.960561,0.9557653,0.9419158,0.9578135,0.9537383,0.95434076,0.94822896,0.9550368,0.95505667,0.9597163,0.9531753,0.9533955,0.9508675,0.9593433,0.9510672,0.958872,0.95511055,0.9572458,0.95908016,0.9579081,0.90396595,0.9480673,0.935413,0.9515475,0.9447408,0.94938475,0.9543962,0.9603666,0.9615053,0.94778574,0.95727813,0.9528301,0.94731283,0.95999175,0.9576874,0.954528,0.9510632,0.95456886,0.94744235,0.95507765,0.9502731,0.9536867,0.9559152,0.9475052,0.9512419,0.9572315,0.957203,0.9591854,0.9567154,0.9759345,0.95686054,0.9510821,0.93985134,0.9448115,0.95051366,0.9581997,0.94266856,0.9435478,0.94250524,0.96393937,0.95943207,0.9423277,0.938015,0.947744,0.96034354,0.9584007,0.9546172,0.9366946,0.9425123,0.9759345,0.95102423,0.9585636,0.96078116,0.95801705
arcticmovie,0.9468922,0.9560065,0.9628476,0.94873327,0.9605942,0.95623326,0.96108264,0.94898546,0.97814053,0.95806736,0.95710945,0.9543933,0.95023394,0.95761406,0.96284276,0.96027315,1.0000002,0.9587771,0.9443874,0.9563952,0.94932914,0.958238,0.9642013,0.9595172,0.95595765,0.93054944,0.9477195,0.97164035,0.96751195,0.94290984,0.9466889,0.951834,0.96611565,0.95635635,0.9475924,0.9378032,0.95924526,0.9409751,0.95890266,0.9517988,0.9500325,0.9634211,0.95204455,0.95963687,0.9584682,0.9613341,0.9628718,0.9650903,0.95569515,0.96178615,0.9613828,0.962834,0.9522222,0.9456129,0.94643646,0.9536859,0.94922054,0.95996034,0.95537895,0.9635397,0.9538643,0.95519733,0.9550919,0.94712746,0.9550483,0.9569042,0.95990694,0.95580626,0.9449956,0.94981074,0.9632816,0.87288374,0.937451,0.95610106,0.944285,0.94469476,0.91871166,0.9532243,0.9528046,0.9517666,0.9495539,0.95276636,0.95035547,0.94876,0.9598289,0.956277,0.94930756,0.954565,0.9469441,0.96267444,0.9484495,0.9632816,0.9538514,0.9523281,0.95895714,0.95725334,0.9470461,0.95680416,0.9528449,0.95370126,0.9553351,0.9553656,0.9606751,0.9569192,0.9612434,0.96123445,0.95766866,0.9588651,0.94764477,0.9543511,0.957489,0.90242183,0.9547856,0.936677,0.95018053,0.9495762,0.9530501,0.954592,0.962948,0.9510604,0.9556324,0.9512667,0.9551906,0.9482672,0.96138465,0.96323395,0.9566675,0.95023376,0.9556675,0.9510416,0.955757,0.9547184,0.98075944,0.9664528,0.9544355,0.94369406,0.950193,0.9552969,0.96627533,0.95613056,0.97814053,0.9621432,0.9512835,0.95207936,0.9503544,0.9510005,0.9524138,0.94021356,0.954488,0.9581005,0.9614228,0.9697318,0.9505991,0.93732786,0.9543421,0.95969164,0.9556538,0.9521138,0.946812,0.9516966,0.97814053,0.9431843,0.96584606,0.9611197,0.96327317
artofracingmovie,0.9561025,0.95207536,0.9542269,0.9510693,0.97620493,0.9411731,0.9593107,0.9498308,0.9742222,0.96599215,0.957634,0.9402688,0.9519156,0.94955873,0.9609568,0.95338595,0.9587771,1.0,0.9541282,0.9504367,0.949879,0.9449416,0.9549497,0.9537145,0.95348406,0.93691415,0.94742,0.95614123,0.95570606,0.94069904,0.9500825,0.9481161,0.9597434,0.94237185,0.9433877,0.93630534,0.9512767,0.9401732,0.95706487,0.9408593,0.94495237,0.9550258,0.94464576,0.9538342,0.95407593,0.9601668,0.9534862,0.9540094,0.9487374,0.95223475,0.95114625,0.9584637,0.94117826,0.94076407,0.94619995,0.96925443,0.9448086,0.95426977,0.9578173,0.9551229,0.94806504,0.9553271,0.9531719,0.94631493,0.9499838,0.9518721,0.95395327,0.9506895,0.9492825,0.9445114,0.95879346,0.8749274,0.9408712,0.9569445,0.9401181,0.9389493,0.9184302,0.94629294,0.9505298,0.94562453,0.9461139,0.9549321,0.94534504,0.95285946,0.95496035,0.9481108,0.94141316,0.9564355,0.94235456,0.9562706,0.9454016,0.95879346,0.9559655,0.94699484,0.95335895,0.9578752,0.94629073,0.9479536,0.9539615,0.9493301,0.95553505,0.9434806,0.9589325,0.9525018,0.9469555,0.95522887,0.95643055,0.95656276,0.94476557,0.9490952,0.9505626,0.9160497,0.9507363,0.930979,0.94686097,0.9505638,0.95884204,0.9439066,0.95531,0.95102787,0.9525933,0.954016,0.95542806,0.9390071,0.95748544,0.9526168,0.9565408,0.9451175,0.9634063,0.94471526,0.94351465,0.96534103,0.95860237,0.95710427,0.9513244,0.94685197,0.95021373,0.9515668,0.95683885,0.96393836,0.9742222,0.9495161,0.9540291,0.9394028,0.9481981,0.947631,0.9536071,0.9354521,0.94835347,0.9526114,0.9581491,0.9560829,0.94757,0.93844986,0.9523015,0.9567858,0.95524895,0.9507793,0.941285,0.9512368,0.9742222,0.95247865,0.95927775,0.9584849,0.9543818
avengers,0.9692658,0.95389044,0.9500382,0.9478045,0.95262223,0.9516483,0.9633363,0.95327985,0.9745194,0.9471391,0.9519625,0.9342231,0.95491385,0.95801765,0.9562626,0.9573955,0.9443874,0.9541282,0.9999998,0.94179696,0.9510671,0.937038,0.9591494,0.9541068,0.9495415,0.92162985,0.94881004,0.9523628,0.951193,0.9468213,0.96773434,0.9468027,0.96019864,0.9404101,0.9434998,0.93602115,0.95668,0.9479903,0.9574562,0.9452109,0.9488074,0.95388204,0.95618254,0.9602143,0.950823,0.95639735,0.9591949,0.95221853,0.95235,0.9565057,0.9483922,0.961368,0.94869787,0.9474066,0.945321,0.9555648,0.94504446,0.9502414,0.9536562,0.945435,0.9512734,0.9541226,0.9537397,0.95223635,0.958563,0.94611466,0.9520455,0.9609117,0.94674593,0.93239737,0.95521474,0.8751444,0.94016445,0.95499986,0.942196,0.9359728,0.9232536,0.93999016,0.9545604,0.9562144,0.94368464,0.9581243,0.9495577,0.9497654,0.95605,0.95771444,0.946877,0.9580232,0.9482752,0.9573144,0.9480055,0.95521474,0.9498727,0.9412424,0.9544267,0.95129466,0.95522034,0.9432768,0.95422,0.95592654,0.9540989,0.95413023,0.9494073,0.9473349,0.95027226,0.9520384,0.9564214,0.95563954,0.944645,0.95303756,0.95020497,0.9064787,0.9494401,0.92413926,0.9532469,0.9461986,0.95409817,0.94607484,0.95634407,0.9583575,0.9459295,0.9634382,0.9503433,0.9459459,0.95078075,0.9551862,0.95855534,0.95442814,0.95272326,0.9597948,0.9548309,0.9429563,0.9537132,0.94853246,0.9514856,0.95046973,0.951683,0.96034026,0.95277816,0.95589566,0.9745194,0.9527408,0.9609276,0.940112,0.951597,0.9525756,0.9557814,0.94701636,0.9447368,0.9423651,0.96559554,0.95681,0.9470764,0.95370317,0.95173436,0.954806,0.9538536,0.9485857,0.9416399,0.9447494,0.9745194,0.95077163,0.9596922,0.9610919,0.9555266
beachbummovie,0.9480221,0.93409336,0.9542317,0.93763614,0.95339245,0.9377235,0.9565923,0.95030546,0.97147846,0.95806396,0.94552755,0.9468983,0.9393868,0.942961,0.9704622,0.9467304,0.9563952,0.9504367,0.94179696,0.9999999,0.9505049,0.95674974,0.9515167,0.94646966,0.9510684,0.92196035,0.9474011,0.9567524,0.9627528,0.944307,0.93811995,0.95317775,0.9518595,0.9510149,0.93456155,0.926226,0.95802015,0.9303606,0.94863164,0.9487016,0.9426556,0.95029634,0.93327564,0.95339745,0.95679283,0.96008176,0.94945955,0.9570107,0.9488179,0.9516943,0.95543313,0.95687115,0.94985086,0.9449233,0.9371773,0.9531058,0.94477725,0.9551971,0.946082,0.9525751,0.94392234,0.95172673,0.9431796,0.9362437,0.9444643,0.947374,0.9496532,0.9498094,0.93124044,0.94198054,0.95585454,0.86053413,0.94243807,0.95094734,0.9470363,0.93490446,0.9068481,0.93490285,0.95086616,0.9446283,0.9419379,0.9468496,0.94577163,0.94899523,0.9502828,0.9557725,0.9433327,0.9514153,0.93501306,0.95372266,0.95854294,0.95585454,0.9502686,0.93974566,0.9611782,0.9522986,0.9459373,0.96690434,0.94986016,0.9516227,0.95316887,0.95064163,0.95364046,0.94599754,0.9533893,0.95420223,0.9494365,0.9488217,0.9448379,0.9443292,0.96006864,0.9191994,0.9607292,0.9346777,0.95055705,0.9350481,0.9453453,0.94597846,0.95279413,0.9452351,0.95304245,0.95321786,0.95011044,0.93800205,0.9494447,0.9462934,0.9483565,0.9510597,0.9481156,0.9384811,0.9539694,0.9453071,0.9565934,0.9473934,0.957673,0.9475675,0.94758946,0.94538647,0.9561023,0.9563186,0.97147846,0.95552987,0.94723004,0.9490355,0.946018,0.93927157,0.9457803,0.9340752,0.94921696,0.94378614,0.959422,0.9527488,0.9441598,0.9357295,0.94658417,0.94821787,0.95643216,0.94986093,0.9453366,0.9469621,0.97147846,0.9347957,0.95122135,0.95616716,0.9541138
bernadettefilm,0.9475946,0.946241,0.9566938,0.94568294,0.94150776,0.94869196,0.94976103,0.9625269,0.9727363,0.9405483,0.951363,0.93667907,0.94905245,0.94877154,0.9544135,0.94753164,0.94932914,0.949879,0.9510671,0.9505049,0.9999998,0.9478219,0.9481079,0.9582475,0.9520146,0.92847526,0.9356759,0.9520662,0.9601676,0.9372123,0.9487487,0.9533847,0.95042866,0.938775,0.9515703,0.93029,0.96155244,0.93697673,0.9530517,0.9427894,0.94481397,0.9513473,0.9394318,0.9519252,0.95017326,0.95528275,0.95105964,0.9502358,0.9474906,0.9516429,0.95502627,0.95744985,0.9489048,0.9523035,0.94323796,0.94586384,0.9436601,0.9501875,0.9481597,0.94392395,0.9450509,0.94592094,0.95413995,0.9400938,0.9460875,0.9527994,0.9442804,0.95140684,0.9414044,0.94040364,0.9526411,0.8656669,0.92724067,0.94575953,0.94016975,0.9329534,0.91138124,0.9389613,0.9473871,0.94888467,0.9456571,0.9492059,0.9473246,0.9500976,0.9582376,0.94739074,0.94750756,0.95695275,0.93569463,0.9597965,0.9434827,0.9526411,0.94832724,0.93823665,0.96497345,0.9392448,0.9508566,0.95472926,0.942894,0.95415545,0.95097494,0.9484201,0.95923096,0.9488032,0.9524897,0.9596129,0.94710505,0.9463631,0.94486684,0.9504168,0.94662213,0.904995,0.94132864,0.92956674,0.96106225,0.94264084,0.94150114,0.94892246,0.95379424,0.94561523,0.9491043,0.94686055,0.9515463,0.9478683,0.94851416,0.94979393,0.9547795,0.95433396,0.94800967,0.9421853,0.96978796,0.9427084,0.9525546,0.9500203,0.95313007,0.9411242,0.9466085,0.9504783,0.9474014,0.9442465,0.9727363,0.95198655,0.94461197,0.93523604,0.94464296,0.9458898,0.9452241,0.9535637,0.9429878,0.9394449,0.9529563,0.94948786,0.9481782,0.9427893,0.94160104,0.9488213,0.9449624,0.9391558,0.94378954,0.9396347,0.9727363,0.94041604,0.948502,0.95182854,0.95479393
