movie,21bridgesmovie,47metersdown,abeautifuldaymovie,abominablemovie,adastramovie,adogsjourneymovie,aftermathmovie,aftermovie,ahiddenlifefilm,alitamovie,angelhasfallen,angrybirdsmovie,annabellemovie,annamovie,apollo11movie,arcticdogsmovie,arcticmovie,artofracingmovie,avengers,beachbummovie,bernadettefilm,blackandbluemovie,blackchristmas,blindedbythelightmovie,bombshellmovie,booksmart,breakthroughmovie,brianbanksmovie,brightburnmovie,brittanyrunsmov,captainmarvelofficial,captivestatemovie,catsmovie,charliesangels,childsplaymovie,clarathefilm,coldpursuitmovie,countdown,currentwarmovie,darkwatersmovie,detectivepikachumovie,disneyaladdin,disneyfrozen,disneymaleficent,doctorsleepmovie,dolemiteismyname,dontletgomovie,doramovie,downtonabbey_official,dumbo,escaperoom,everybodyknowsmovie,fastandfuriousmovie,fightingwmyfam,fivefeetapartfilm,fordvferrari,freaksthefilm,geminimanmovie,glassmovie,gloriabellmovie,godzillamovie,goldfinchmovie,goodboysmovie,goodliarmovie,gretafilm,halathemovie,happydeathdaymovie,harrietfilm,hellboymovie,hersmellmovie,highlifemovie,highstrungmovie,honeyboymovie,hotelmumbaifilm,httydragon,hustlemovie,hustlersmovie,isntitromantic,itmovieofficial,jayandsilentbob,johnwickmovie,jojorabbitmovie,jokermovie,judythefilm,jumanjimovie,justmercyfilm,knivesout,lalloronamovie,lastblackmansf,lastchristmasthemovie,latenightmovie,lighthousemovie,lionking,littlethemovie,littlewomenmovie,littlewoodsfilm,longshotmovie,lordsofchaosmovie,lucyintheskyfilm,mamovie2019,marriagestory,meettheaddams,meninblack,midsommarmovie,midwaymovie,missbalamovie,missinglinkfilm,motherlessbklyn,onceinhollywood,onthebasisofsex,overcomermovie,peanutbutterfalcon,petsematarymovie,piercingmovie,playingwithfire,playmobilthemovie,pomsmovie,queenandslim,rambomovie,readyornotfilm,richardjewellfilm,rocketmanmovie,scarystoriesmovie,secretlifeofpets,serenityfilm,shaftmovie,shazammovie,spidermanmovie,spiesindisguise,starwars,stormboymovie,stubermovie,taosdfilm,teenspiritmov,terminator,theaeronautsmov,thebestofenemies,thedeaddontdie,thefarewell,thehighwaymen,thehummingbirdprojectfilm,theintrudermovie,theirishmanfilm,thekitchenmovie,thelegomovie,themustangfilm,thenightingalefilm,theprodigymovie,thesunisalsoastar,theupsidefilm,tolkienmovie,toystory,triplefrontier,uglydolls,uncutgems,underthesilverlake,usmovie,wavesmovie,whatmenwant,wonderparkmovie,wrinklestheclown,xmenmovies,yardiefilm,yesterdaymovie,zombieland
21bridgesmovie,0.9999997,0.9604983,0.9578804,0.96147895,0.96594054,0.9617138,0.9643347,0.97113955,0.9855986,0.9624839,0.9513965,0.9581847,0.9602179,0.96477854,0.9710417,0.96267116,0.9649706,0.96398056,0.97921723,0.9566133,0.96322,0.9581924,0.96926796,0.96546924,0.96996576,0.8817102,0.9610161,0.955216,0.96750087,0.96421784,0.95353556,0.9565072,0.9565588,0.95459825,0.93418634,0.9244997,0.9658647,0.97547895,0.9637813,0.95922786,0.95611566,0.96796167,0.95319074,0.96046054,0.97191846,0.9630082,0.9649781,0.95761853,0.9616526,0.9599092,0.9666162,0.97529835,0.9613652,0.96292734,0.967368,0.95957804,0.95712495,0.9677405,0.9593706,0.96020514,0.957001,0.9667261,0.9655101,0.96270734,0.9684255,0.9671161,0.96619666,0.9661043,0.9586093,0.9516836,0.9665778,0.73866844,0.94849765,0.9652542,0.9435479,0.9474794,0.9217605,0.95527923,0.9589283,0.95204574,0.95427716,0.9583256,0.9637107,0.9501167,0.96916926,0.9642653,0.96177936,0.9664795,0.9596149,0.9673306,0.9598253,0.9665778,0.96317035,0.9623397,0.9533788,0.9660239,0.9659942,0.9669315,0.96027416,0.9588955,0.9564753,0.960419,0.9531458,0.96274954,0.9626858,0.96756583,0.9633528,0.96860635,0.9453814,0.95224535,0.97219133,0.7952251,0.9586809,0.9303246,0.96455026,0.97372085,0.9919444,0.9392045,0.97106344,0.96932995,0.96679926,0.96732146,0.96896964,0.96705407,0.9650007,0.96060544,0.962281,0.9607872,0.9598097,0.9372912,0.96502316,0.960506,0.9627415,0.96346354,0.9659747,0.96727866,0.9732821,0.97062546,0.96689504,0.962791,0.9855986,0.96463466,0.9556974,0.9558941,0.94506544,0.96732265,0.9575652,0.94479245,0.96558994,0.9723749,0.96180934,0.9617134,0.96651226,0.9568394,0.9553613,0.9613763,0.964379,0.96519303,0.963338,0.9616262,0.9855986,0.95412093,0.9613765,0.9710712,0.9665133
47metersdown,0.9604983,1.0,0.9471982,0.94972324,0.95149684,0.9487091,0.9631396,0.9506234,0.9722935,0.94125354,0.9526529,0.9515072,0.95219916,0.9596543,0.9531551,0.96045184,0.9537223,0.94386214,0.9524622,0.9432694,0.9556956,0.95676297,0.9646188,0.9495687,0.94805086,0.8776279,0.9492399,0.9476122,0.95237553,0.9539925,0.9530106,0.9624445,0.9340387,0.9412276,0.933283,0.9198381,0.9591391,0.951741,0.950807,0.9500209,0.9428852,0.9504438,0.93618095,0.94912547,0.9593464,0.9506356,0.9573489,0.9455537,0.94610983,0.94715333,0.9527966,0.9603261,0.9480713,0.94262403,0.94837564,0.9449428,0.9484854,0.9577478,0.9500463,0.9468076,0.93691933,0.9492686,0.94658583,0.94812554,0.9538127,0.94882023,0.9487624,0.9437538,0.9444828,0.92251945,0.95297575,0.7332603,0.94429016,0.9615432,0.9514359,0.94086134,0.89587855,0.94622415,0.94731367,0.93528855,0.94473946,0.9453766,0.9428977,0.9609611,0.95727605,0.9483749,0.95408803,0.95552593,0.944082,0.9479043,0.9483408,0.95297575,0.9536192,0.9596498,0.9401092,0.9580744,0.9523659,0.9510548,0.94959193,0.9578372,0.94042337,0.94772816,0.9519863,0.9512467,0.9648481,0.9495708,0.9587976,0.9464216,0.9284094,0.95298094,0.9571502,0.8139463,0.9588642,0.916188,0.95148873,0.9575387,0.9657161,0.9382716,0.9603323,0.96171325,0.96010005,0.9630544,0.96113175,0.95029825,0.95689064,0.9527848,0.95596933,0.94702876,0.9322885,0.92633617,0.9574156,0.9472106,0.9571255,0.9549608,0.95573354,0.9550245,0.94669944,0.954389,0.9534484,0.9432415,0.9722935,0.9570601,0.93655485,0.9365014,0.9303888,0.95053107,0.93499595,0.9373084,0.9466563,0.9485279,0.95760566,0.95355076,0.95102024,0.9282788,0.9510579,0.95670253,0.9559279,0.95026064,0.9428712,0.95506465,0.9722935,0.93803406,0.9552739,0.9612295,0.950161
abeautifuldaymovie,0.9578804,0.9471982,1.0000001,0.9435167,0.95548266,0.9391123,0.9554733,0.9626696,0.9740108,0.9467095,0.9426932,0.9552531,0.94034487,0.9583979,0.9552266,0.95113766,0.9491703,0.9393305,0.9458471,0.9491208,0.9619108,0.9709566,0.9558863,0.95603186,0.9507544,0.87298083,0.9496427,0.94504136,0.972784,0.95245594,0.9479755,0.95596915,0.93540335,0.96311706,0.934033,0.92521375,0.9620604,0.9540958,0.95524776,0.9547233,0.9408507,0.95644504,0.9438197,0.9522345,0.9600813,0.96074355,0.95605344,0.94532424,0.9456496,0.9525751,0.9750643,0.9645678,0.9519307,0.937253,0.94343877,0.9379248,0.94911796,0.9516354,0.95426357,0.94870085,0.9509798,0.95110065,0.946006,0.94231635,0.93902737,0.95622265,0.94949335,0.95224905,0.93878114,0.9310192,0.953543,0.74420017,0.93984395,0.9629628,0.9329363,0.93901956,0.90557694,0.9459889,0.9378255,0.9489174,0.9491444,0.9428703,0.9515392,0.94584817,0.964321,0.94356406,0.9452163,0.94623494,0.95614123,0.9616997,0.94926727,0.953543,0.94443864,0.9473472,0.9641845,0.9480384,0.95798755,0.9459816,0.94862235,0.95134574,0.95389926,0.9436989,0.9532362,0.9544993,0.95314217,0.97065455,0.9508144,0.95107776,0.9400078,0.95522517,0.96012664,0.81560487,0.9516555,0.9183729,0.9508226,0.95576143,0.9652892,0.9371242,0.9620315,0.954724,0.95678675,0.9546989,0.962258,0.94869864,0.95312977,0.9589811,0.9405272,0.95987064,0.9402537,0.93216056,0.9574794,0.9355481,0.95574677,0.94121516,0.9516322,0.9534006,0.94222164,0.96431786,0.9575489,0.95325506,0.9740108,0.9700151,0.95498055,0.9406387,0.9414722,0.96399945,0.9434848,0.9262545,0.94302964,0.9375047,0.95945334,0.9685046,0.94786286,0.9254412,0.94716144,0.95315814,0.9435071,0.951546,0.9425266,0.95515805,0.9740108,0.94588345,0.9470844,0.9574982,0.97114
abominablemovie,0.96147895,0.94972324,0.9435167,0.9999998,0.9588278,0.95039964,0.9545842,0.9565593,0.9725713,0.9553963,0.9457248,0.95851725,0.9475139,0.9569468,0.9554687,0.9506171,0.9449513,0.9517164,0.9479047,0.9526627,0.95313376,0.9444494,0.9493532,0.948097,0.9583424,0.88475287,0.9613932,0.94587994,0.94686633,0.9538368,0.9434461,0.9494721,0.9437282,0.9492514,0.93864775,0.9144367,0.9584184,0.9543249,0.9563412,0.9568257,0.94037414,0.94474286,0.93712234,0.9433957,0.959263,0.95285934,0.9394134,0.9496495,0.95641667,0.94072497,0.9541979,0.9654104,0.94656086,0.94446975,0.955815,0.9462112,0.9497249,0.9566303,0.9649824,0.94625854,0.94345635,0.9702843,0.9530712,0.94506055,0.9569526,0.9555869,0.9473647,0.94891113,0.9462574,0.9390341,0.9549619,0.7493606,0.9273717,0.95035416,0.95354533,0.95165074,0.92362726,0.9551236,0.9486261,0.9457325,0.94207597,0.95855623,0.9430854,0.9423029,0.9596854,0.94275975,0.9575009,0.95196134,0.95483726,0.9572611,0.9516213,0.9549619,0.9448442,0.9539995,0.947237,0.95868075,0.94822073,0.952772,0.9526776,0.9521002,0.9455997,0.950104,0.9340877,0.95471406,0.95774424,0.9549522,0.94874156,0.9490684,0.93589294,0.95559126,0.9557303,0.80056053,0.9498996,0.94072664,0.95487493,0.94686526,0.96552694,0.9356505,0.9630257,0.95476574,0.9509304,0.9652666,0.9558605,0.9576814,0.9531362,0.9436075,0.94159645,0.95357674,0.93014556,0.92417425,0.95522255,0.938553,0.95391726,0.9420564,0.9520639,0.9538292,0.9484771,0.95451826,0.9554148,0.94684774,0.9725713,0.9495401,0.94465446,0.940029,0.93759954,0.9559975,0.94525146,0.9478802,0.94968444,0.95427954,0.9593498,0.95297223,0.94668037,0.933636,0.95074385,0.95558995,0.9490817,0.94297934,0.9512727,0.95035756,0.9725713,0.9477354,0.9577477,0.95811015,0.9481213
adastramovie,0.96594054,0.95149684,0.95548266,0.9588278,0.9999996,0.9497825,0.96045244,0.968353,0.9800185,0.96049315,0.9524034,0.94817215,0.96211624,0.95963925,0.9567209,0.95098567,0.95492905,0.96675974,0.95094633,0.9472061,0.96304995,0.9498169,0.9633767,0.96048254,0.9549154,0.8690973,0.9667208,0.9471932,0.95655847,0.9580054,0.94408286,0.9608923,0.95376104,0.94702643,0.9317529,0.9173794,0.95968175,0.95372427,0.96325004,0.96320397,0.95665497,0.95954484,0.9441619,0.9483019,0.9625444,0.9600549,0.954326,0.9553328,0.96307623,0.9505865,0.9602884,0.97453606,0.95769817,0.9593513,0.9548092,0.96256155,0.9574553,0.9636925,0.9606011,0.9595557,0.9566111,0.9570955,0.9595491,0.95745015,0.9653104,0.9502434,0.95807195,0.9603827,0.95752674,0.9413895,0.9678224,0.7424897,0.9381916,0.96021813,0.9364386,0.9363563,0.9006702,0.9369572,0.9488403,0.94837534,0.9533144,0.95828265,0.96096694,0.94310194,0.96328664,0.95284843,0.9606891,0.9584876,0.9650748,0.9610987,0.94688237,0.9678224,0.96164286,0.9578658,0.9543941,0.9572952,0.9594149,0.9636094,0.95728046,0.95402884,0.9470663,0.9516321,0.9483979,0.9644145,0.9538494,0.9614929,0.9636851,0.9558851,0.9422059,0.961658,0.9626337,0.8210944,0.95751905,0.93049425,0.95672834,0.95733666,0.9709405,0.93082166,0.9707884,0.96688217,0.9603488,0.96757585,0.964671,0.9477777,0.96213865,0.95408463,0.95048755,0.95163375,0.9517278,0.9271499,0.9570112,0.96211153,0.95956606,0.94963163,0.9619326,0.9641132,0.9522826,0.9651816,0.9661115,0.9540213,0.9800185,0.9604911,0.9504191,0.9443093,0.9428257,0.96235913,0.95380443,0.9453076,0.9532687,0.95880365,0.96244943,0.9594599,0.9538748,0.92505336,0.9641161,0.9645193,0.95529777,0.9600785,0.9533651,0.96030086,0.9800185,0.957276,0.9650468,0.9704727,0.9518265
adogsjourneymovie,0.9617138,0.9487091,0.9391123,0.95039964,0.9497825,1.0000001,0.9471148,0.9400167,0.9712644,0.9498735,0.95635134,0.9451521,0.94940674,0.9443219,0.94737804,0.94136024,0.96083033,0.94286484,0.9485208,0.9447185,0.9607619,0.94738305,0.9588989,0.9548457,0.9498734,0.8743781,0.9550949,0.9563314,0.9480861,0.94477725,0.9385968,0.9505651,0.94476074,0.92724895,0.9424307,0.910954,0.9530772,0.95125276,0.9610498,0.9482044,0.9467624,0.93484336,0.93104315,0.9288807,0.9563275,0.9456775,0.9489881,0.9433895,0.944832,0.9292183,0.9458155,0.956064,0.94934237,0.9548943,0.94405824,0.95223594,0.93971926,0.94382924,0.9486808,0.94479424,0.9434591,0.94759285,0.94694763,0.94396126,0.9449576,0.9447717,0.9498857,0.94598734,0.9527788,0.93683296,0.948587,0.7509017,0.91992575,0.95875186,0.9402419,0.93860614,0.90958405,0.9442355,0.94473785,0.9479046,0.9418873,0.94308114,0.94456536,0.9451781,0.9501898,0.939567,0.95538706,0.951743,0.9454745,0.9555019,0.95548683,0.948587,0.9406569,0.9429696,0.9307104,0.9622125,0.950204,0.9459135,0.9500972,0.94859064,0.92840016,0.9550128,0.9487416,0.9523227,0.95387906,0.94926983,0.94189507,0.9460413,0.91968745,0.94681334,0.95311975,0.83377683,0.94512916,0.9275944,0.9574499,0.9591118,0.96701753,0.9323995,0.9607907,0.94966197,0.950569,0.95087993,0.9572697,0.97006416,0.94295275,0.9507592,0.9599356,0.94829637,0.9439216,0.9172977,0.95833397,0.9424221,0.95166206,0.9482924,0.9404043,0.94970936,0.9451406,0.9549095,0.95402783,0.93839186,0.9712644,0.94393605,0.92995524,0.9371446,0.9303677,0.9521267,0.943164,0.9457381,0.9547036,0.949978,0.95571446,0.9490579,0.94511575,0.92065674,0.9410764,0.9490736,0.9551374,0.9418467,0.9441218,0.94288874,0.9712644,0.9565718,0.94436806,0.96648407,0.9475454
aftermathmovie,0.9643347,0.9631396,0.9554733,0.9545842,0.96045244,0.9471148,0.9999999,0.96048003,0.9809082,0.95348525,0.95511025,0.9555362,0.96208173,0.9621725,0.9680132,0.9612058,0.96403384,0.9472522,0.95419425,0.943214,0.9670225,0.9542957,0.96614194,0.9639866,0.9571962,0.8644855,0.95550615,0.9558897,0.9613996,0.9492659,0.95118815,0.9594955,0.95259273,0.9507881,0.9364047,0.91931427,0.96500933,0.95621777,0.9592859,0.95723355,0.95758355,0.96070653,0.94723415,0.96083,0.96096116,0.9525832,0.9601057,0.94814295,0.95669705,0.96253735,0.9584093,0.9717602,0.95839846,0.9546638,0.9533449,0.94793886,0.96402127,0.9678102,0.9607918,0.95356756,0.95300996,0.95387554,0.9601174,0.95477086,0.9599494,0.95316696,0.95772713,0.9506702,0.9540757,0.93359977,0.9579249,0.74847716,0.93495005,0.96234405,0.9395022,0.94108295,0.904502,0.9448161,0.9574743,0.948106,0.95271254,0.9775607,0.95110697,0.9545309,0.96215427,0.9542451,0.96181345,0.96505207,0.9612883,0.9589454,0.9463654,0.9579249,0.9611598,0.9644322,0.95075876,0.9608949,0.9586278,0.95522994,0.9692848,0.95083433,0.94571716,0.955723,0.95578897,0.9627147,0.95645076,0.9598878,0.96312195,0.9569644,0.94125247,0.95736164,0.9601954,0.8151925,0.9608375,0.9227358,0.96096593,0.9584263,0.9705939,0.9319705,0.9698573,0.9899905,0.9673095,0.96762085,0.96509314,0.9471632,0.9642598,0.957587,0.96161306,0.95127296,0.9394433,0.9354301,0.9614025,0.942843,0.96383715,0.9556534,0.9675769,0.95970005,0.94465566,0.9639837,0.9595256,0.95074445,0.9809082,0.95566696,0.9459441,0.9466847,0.95074266,0.9534468,0.9474923,0.9413337,0.95477974,0.9528712,0.98374027,0.9591064,0.96182555,0.92282706,0.95161617,0.9636025,0.95183754,0.9561305,0.9584689,0.9633405,0.9809082,0.9469551,0.96651846,0.9669689,0.95407027
aftermovie,0.97113955,0.9506234,0.9626696,0.9565593,0.968353,0.9400167,0.96048003,0.9999998,0.98142064,0.9545133,0.9437324,0.954791,0.96378595,0.95822585,0.9641717,0.95925146,0.95433027,0.9454149,0.9539438,0.94272417,0.95995027,0.9583997,0.95976466,0.95812917,0.9616224,0.8707046,0.96236354,0.9522688,0.96070284,0.95388496,0.94817454,0.95316195,0.9535941,0.9532268,0.92794573,0.9178868,0.96411496,0.96219754,0.95766264,0.9606092,0.9535184,0.9650044,0.94539636,0.9592548,0.965213,0.96387774,0.95865387,0.9499239,0.9595125,0.9616332,0.9577353,0.97594804,0.9592851,0.94798577,0.9732239,0.95253193,0.95706654,0.96177113,0.9665632,0.96753895,0.9574401,0.9669928,0.96038765,0.95859885,0.9608199,0.9608092,0.9645542,0.96323,0.9524957,0.9544067,0.97054833,0.74792564,0.9505455,0.9637965,0.93638587,0.9434996,0.9161103,0.95308053,0.9566858,0.9433048,0.9541489,0.9551094,0.9582477,0.93968385,0.96262467,0.95698214,0.9549405,0.9638984,0.971776,0.970742,0.95537287,0.97054833,0.9608854,0.95923984,0.94900393,0.9622546,0.96171665,0.9601431,0.9535121,0.95523834,0.96504647,0.96082187,0.9377099,0.9650694,0.9599063,0.9560475,0.9573422,0.9649763,0.94350994,0.9558132,0.9669584,0.7877068,0.960644,0.9314006,0.9608687,0.95580655,0.97294897,0.9444468,0.96879077,0.9624196,0.95823604,0.96519166,0.9677778,0.95498466,0.9549044,0.9639857,0.956698,0.9470165,0.9362609,0.94275194,0.96431935,0.9382002,0.9609498,0.94709545,0.9642108,0.9564146,0.96267086,0.96350753,0.9701571,0.9609026,0.98142064,0.9680266,0.9612271,0.95826,0.941534,0.9634525,0.9445748,0.9370269,0.9569942,0.96006787,0.96342194,0.9638104,0.9684586,0.94461554,0.9573763,0.9666212,0.9538966,0.9685066,0.9722938,0.96365345,0.98142064,0.94764537,0.9670724,0.96386987,0.9606579
ahiddenlifefilm,0.9855986,0.9722935,0.9740108,0.9725713,0.9800185,0.9712644,0.9809082,0.98142064,0.9999994,0.9724228,0.9679055,0.9715858,0.97440237,0.9809248,0.9797473,0.9783523,0.9774683,0.9715862,0.9740774,0.96746886,0.9796576,0.9766431,0.9813576,0.9787083,0.97420317,0.89352244,0.97921497,0.9727341,0.9791296,0.9735726,0.9649334,0.9752431,0.9661084,0.96625644,0.9566195,0.9415219,0.9828848,0.97609127,0.97833234,0.9754959,0.9713537,0.9768002,0.9648046,0.9727274,0.9836179,0.97680885,0.9766652,0.97236663,0.97348696,0.9732197,0.9787552,0.98919207,0.97130173,0.97241783,0.9758311,0.97002065,0.9722776,0.9793386,0.97250974,0.97458106,0.9702297,0.974742,0.97858804,0.9742078,0.9746356,0.9729096,0.9759613,0.9750138,0.9720576,0.9606793,0.9797549,0.7646375,0.9619498,0.9815842,0.96176565,0.9592132,0.9315622,0.96856844,0.9689006,0.9684462,0.9707878,0.97370607,0.9750851,0.96730924,0.9771366,0.97099507,0.97334814,0.98119277,0.977581,0.98176974,0.9728972,0.9797549,0.97586596,0.976272,0.96814346,0.9779075,0.97609264,0.9772303,0.97385156,0.9746214,0.97032017,0.97134095,0.96816564,0.9786637,0.9748486,0.9790742,0.97548574,0.97835565,0.9592499,0.97475153,0.97960657,0.8183854,0.97827756,0.9455323,0.97655964,0.97791904,0.9894646,0.95725137,0.9865694,0.9811801,0.9797583,0.9814384,0.98233724,0.9738328,0.97749114,0.97359514,0.9747228,0.9714869,0.9652177,0.95174253,0.97869086,0.96555036,0.97961056,0.9746275,0.97848326,0.9784056,0.9731739,0.98232234,0.9791467,0.97296035,0.9999994,0.98013467,0.9702705,0.9666438,0.9600087,0.9782985,0.96588105,0.9609616,0.97287464,0.9730471,0.9825294,0.9778562,0.9764693,0.9490204,0.9722517,0.98023874,0.97317064,0.9768461,0.9741534,0.9791414,0.9999994,0.96921265,0.97968775,0.9852126,0.97533786
alitamovie,0.9624839,0.94125354,0.9467095,0.9553963,0.96049315,0.9498735,0.95348525,0.9545133,0.9724228,1.0,0.94773877,0.93983644,0.95117444,0.9460758,0.94673926,0.9537102,0.95634156,0.95035774,0.9471018,0.94451994,0.949153,0.94433045,0.952939,0.9567139,0.9518274,0.8737516,0.95260143,0.94546926,0.9445914,0.9575078,0.93904877,0.9423061,0.949951,0.93494755,0.93021315,0.91853905,0.95377207,0.94725895,0.9610472,0.95102423,0.94165164,0.94874924,0.9384297,0.9444424,0.9440487,0.9558798,0.9519778,0.9497841,0.94047856,0.9453424,0.94731617,0.96117014,0.9525088,0.93942636,0.9476821,0.9602111,0.950284,0.94943607,0.9494351,0.95161116,0.94408,0.94549114,0.9396215,0.9449286,0.9567605,0.9473085,0.95392734,0.9513733,0.9436664,0.93552315,0.96134496,0.73910433,0.9352886,0.9602516,0.93511426,0.9359128,0.89776725,0.94929194,0.9438418,0.95122683,0.9494896,0.9563733,0.9514466,0.9462879,0.9538211,0.9513964,0.95321053,0.95187205,0.9507299,0.9596246,0.9473554,0.96134496,0.9413188,0.95127314,0.94666773,0.95323503,0.95023227,0.96392834,0.95384556,0.94536674,0.94056565,0.9552926,0.946592,0.9626519,0.9667152,0.94705135,0.9485714,0.9557926,0.9352922,0.9501331,0.959277,0.80649686,0.94980294,0.9320791,0.9529454,0.95390517,0.9621791,0.92585456,0.9624663,0.9579974,0.94999206,0.9485593,0.9564833,0.9501934,0.9468409,0.9466933,0.9422501,0.9426263,0.94411355,0.935198,0.9505921,0.94542617,0.95353943,0.942521,0.95453507,0.9650241,0.94780004,0.95163506,0.96089965,0.9567996,0.9724228,0.9442234,0.94607556,0.9389983,0.93213123,0.9574664,0.95082617,0.9316038,0.95267695,0.94734216,0.9558044,0.9493347,0.948362,0.9407099,0.95077574,0.95535904,0.9487023,0.95138675,0.95239943,0.9576232,0.9724228,0.9466124,0.9541118,0.9567531,0.9506736
angelhasfallen,0.9513965,0.9526529,0.9426932,0.9457248,0.9524034,0.95635134,0.95511025,0.9437324,0.9679055,0.94773877,1.0000004,0.9398317,0.95598376,0.94566035,0.9492717,0.9444297,0.9588237,0.94572574,0.9396136,0.9432998,0.95994556,0.9469193,0.95505464,0.94315934,0.9516374,0.8980131,0.93736905,0.9533724,0.9455112,0.9423121,0.94002223,0.94631886,0.9447156,0.9352517,0.93224937,0.9215751,0.95421433,0.9459944,0.9613254,0.94269055,0.9474053,0.9335487,0.9336362,0.9356516,0.95040095,0.94987786,0.9477834,0.9241738,0.94373965,0.9329016,0.953154,0.9542463,0.95539147,0.95270425,0.9367437,0.95049274,0.9409251,0.94731224,0.9540787,0.9402094,0.93896586,0.9417462,0.9454098,0.9397459,0.94900256,0.95339215,0.94340086,0.9406547,0.96354,0.9307052,0.94360113,0.7530531,0.9268454,0.95923656,0.9453688,0.9438086,0.8947337,0.9459274,0.95145446,0.930697,0.967768,0.94747144,0.9388658,0.95529526,0.9519261,0.9412281,0.9723295,0.9590473,0.93926764,0.95266604,0.94356865,0.94360113,0.9446928,0.964904,0.94444925,0.96869606,0.9678521,0.9461272,0.94824946,0.94609386,0.94427073,0.9566906,0.9478496,0.95136255,0.9516726,0.95006704,0.95503366,0.939035,0.93159646,0.95477444,0.94506073,0.81750757,0.9522066,0.915422,0.956777,0.9656661,0.9582366,0.939361,0.95667344,0.95698273,0.9427142,0.95140237,0.96019685,0.94435143,0.9436508,0.9552354,0.9480817,0.9506523,0.937916,0.93077874,0.951508,0.9453857,0.9562441,0.95485616,0.947532,0.94938946,0.94362915,0.94530195,0.9495265,0.9484663,0.9679055,0.9475106,0.93824506,0.9363492,0.9308157,0.95438737,0.93972087,0.9430882,0.9449946,0.9387971,0.9536436,0.9472789,0.9470781,0.91179377,0.9417258,0.9481743,0.9514316,0.94006526,0.9566984,0.9519098,0.9679055,0.9510093,0.95245546,0.96018004,0.94486946
angrybirdsmovie,0.9581847,0.9515072,0.9552531,0.95851725,0.94817215,0.9451521,0.9555362,0.954791,0.9715858,0.93983644,0.9398317,0.99999946,0.9329256,0.96033835,0.9530025,0.96680456,0.9622811,0.9344702,0.94913536,0.9505765,0.9617155,0.9521113,0.9684324,0.9448498,0.9587925,0.8600258,0.9484243,0.9531891,0.959661,0.9546059,0.9534932,0.9563524,0.94168544,0.957625,0.934803,0.91434985,0.96040225,0.94603586,0.9505459,0.9520194,0.94797856,0.94255894,0.95009243,0.9406779,0.96497643,0.9491855,0.96116066,0.9491976,0.9460126,0.94024444,0.9624284,0.96196204,0.946725,0.94085115,0.9344033,0.93924373,0.94242334,0.9527946,0.9561046,0.9451707,0.949114,0.95373577,0.95124155,0.94906455,0.9386221,0.9584931,0.94457793,0.9448811,0.9417576,0.9209043,0.94679785,0.74457437,0.9232504,0.9489033,0.94462496,0.94522834,0.9159879,0.9490332,0.9406807,0.9339261,0.938665,0.9493961,0.94062984,0.94733167,0.9591248,0.93611413,0.94487166,0.9407042,0.95119053,0.96430105,0.9390106,0.94679785,0.95606786,0.95597476,0.9562229,0.95122045,0.95592105,0.9476508,0.9504234,0.9628143,0.9395396,0.9374504,0.929979,0.9493158,0.9443355,0.959465,0.94466436,0.9511332,0.94538945,0.9454854,0.9651323,0.79250246,0.9507572,0.9322482,0.95944077,0.95323604,0.9622384,0.93134457,0.9631265,0.9542327,0.9506268,0.95612425,0.9488546,0.9502354,0.9497231,0.95176476,0.94524664,0.9504255,0.9365682,0.9400276,0.9522473,0.92609996,0.95939285,0.95189804,0.9538862,0.9517022,0.94087213,0.95947886,0.95557415,0.93775576,0.9715858,0.9580543,0.93668604,0.9336499,0.94577223,0.9521911,0.9440477,0.94212055,0.94697183,0.9445669,0.9510586,0.9471542,0.9450312,0.91898185,0.94780207,0.95291,0.95050377,0.9547908,0.9504875,0.9518955,0.9715858,0.93440133,0.95939326,0.962481,0.9597983
annabellemovie,0.9602179,0.95219916,0.94034487,0.9475139,0.96211624,0.94940674,0.96208173,0.96378595,0.97440237,0.95117444,0.95598376,0.9329256,1.0000001,0.95773685,0.9499404,0.94938415,0.9509735,0.9542367,0.9405796,0.93781483,0.9535707,0.94241047,0.9551302,0.95050466,0.9506882,0.8723253,0.9462535,0.9493636,0.95105594,0.94346803,0.932414,0.96237344,0.9454754,0.94022125,0.93889964,0.92301023,0.95673776,0.9642529,0.9503736,0.95652115,0.95601994,0.957373,0.93328923,0.9552114,0.95623595,0.9494114,0.9508799,0.93427277,0.9468668,0.95465356,0.95008296,0.9700165,0.9593495,0.95465744,0.96103925,0.9502843,0.9571638,0.9592247,0.9477542,0.95101434,0.9586102,0.9577129,0.9600841,0.9598859,0.965284,0.9494435,0.95307475,0.9586238,0.94821185,0.944724,0.95895964,0.76530385,0.93540853,0.9565497,0.9350351,0.9374772,0.90900064,0.9491826,0.95900357,0.9540778,0.95365155,0.9583655,0.96352834,0.9490895,0.9601916,0.95597744,0.9667425,0.98213947,0.9470551,0.9616692,0.95177263,0.95895964,0.949557,0.959982,0.93613243,0.9603601,0.9543592,0.9577259,0.9552706,0.9556367,0.950385,0.9585328,0.94645965,0.9608166,0.9569101,0.9498841,0.95359397,0.95912147,0.93392974,0.95201224,0.953979,0.7968389,0.95934385,0.9227189,0.95160663,0.9600031,0.9649324,0.93524593,0.9561854,0.9633732,0.9658162,0.96102357,0.9672713,0.9405404,0.9528081,0.9563552,0.9680298,0.9340224,0.93831295,0.9178839,0.94895685,0.9502297,0.9526286,0.9479363,0.9629739,0.95256346,0.95138776,0.9566276,0.96262467,0.9556956,0.97440237,0.9560441,0.9474904,0.9529263,0.93773043,0.9579947,0.939619,0.94751763,0.9574168,0.95694447,0.9598193,0.9532591,0.96169883,0.9288965,0.948816,0.956668,0.9436608,0.95657384,0.9637654,0.95987314,0.97440237,0.9522087,0.95656097,0.9565017,0.9536672
annamovie,0.96477854,0.9596543,0.9583979,0.9569468,0.95963925,0.9443219,0.9621725,0.95822585,0.9809248,0.9460758,0.94566035,0.96033835,0.95773685,0.9999998,0.9608642,0.9624582,0.9492035,0.9577453,0.95478684,0.96142113,0.95132995,0.95911163,0.9587871,0.9526741,0.95517725,0.87835807,0.96474165,0.94674206,0.9582612,0.95856506,0.9489535,0.96173805,0.9421037,0.9535018,0.94472456,0.91946876,0.9644606,0.9545918,0.9538583,0.9540288,0.94292134,0.9591513,0.9540114,0.9522525,0.9677285,0.9539327,0.9529222,0.958766,0.9493562,0.9530439,0.9634816,0.97093445,0.95277756,0.9555299,0.953854,0.94566256,0.9527868,0.9657386,0.9452891,0.9520719,0.94932395,0.9688773,0.96251166,0.9734822,0.9532332,0.9533742,0.954354,0.9531145,0.94809085,0.9323351,0.9593144,0.74941105,0.94749343,0.9511888,0.9517699,0.93767416,0.9188126,0.9566203,0.9407421,0.9522701,0.95906544,0.95368516,0.9592623,0.95456696,0.9531214,0.95794404,0.94726336,0.96840537,0.9501272,0.959923,0.96126556,0.9593144,0.96091,0.9619382,0.9516758,0.9558708,0.96093845,0.9627869,0.96212363,0.96622854,0.95023155,0.94713944,0.95057076,0.95474356,0.9584121,0.9641835,0.9564706,0.9621728,0.9340643,0.954504,0.96041113,0.7925958,0.9591807,0.9291033,0.95070815,0.95724744,0.9691575,0.9448736,0.96736276,0.96016425,0.9680251,0.96789294,0.96199054,0.95110637,0.9635982,0.9558547,0.9550931,0.9578935,0.95221597,0.93307334,0.955096,0.9437293,0.9551719,0.9545589,0.960463,0.96261346,0.9489778,0.961795,0.9577227,0.948307,0.9809248,0.9657687,0.9493598,0.95213586,0.9423381,0.9651457,0.9487405,0.9477866,0.95832074,0.9534231,0.96218973,0.9675013,0.9578248,0.92014086,0.9510335,0.95469254,0.9574018,0.9614421,0.9471773,0.9577864,0.9809248,0.9401562,0.96149987,0.96051335,0.95695406
apollo11movie,0.9710417,0.9531551,0.9552266,0.9554687,0.9567209,0.94737804,0.9680132,0.9641717,0.9797473,0.94673926,0.9492717,0.9530025,0.9499404,0.9608642,1.0000002,0.961364,0.95586956,0.9497592,0.9689236,0.9720883,0.96517056,0.9652899,0.95778793,0.96326274,0.95860475,0.8799978,0.9548237,0.9477113,0.96729666,0.95703655,0.95641345,0.9517914,0.93937624,0.9571505,0.9349195,0.92106336,0.9689855,0.9639413,0.95477754,0.95382124,0.9519088,0.9621332,0.9468079,0.9612926,0.96528786,0.9565244,0.95194066,0.95427966,0.9587975,0.96085507,0.96352255,0.9702176,0.9530818,0.9524329,0.9595013,0.9502247,0.955378,0.96205497,0.96202826,0.9600931,0.95157874,0.9585578,0.96178865,0.95166785,0.9616845,0.96328807,0.9607245,0.9575288,0.9558244,0.95012313,0.96413577,0.75041,0.9384771,0.95754755,0.93494236,0.942194,0.91019446,0.94486374,0.95112896,0.9468951,0.95171815,0.95576465,0.9509304,0.9437769,0.9558477,0.9572925,0.95726657,0.96019757,0.9575502,0.9669319,0.95775384,0.96413577,0.9539877,0.9542641,0.95070285,0.9742422,0.9588007,0.96364784,0.9630874,0.9442484,0.9559475,0.963975,0.9526514,0.9585869,0.9534141,0.9632109,0.9618901,0.96453387,0.9408461,0.95156056,0.95686054,0.8076598,0.9612412,0.9265226,0.95961076,0.9624732,0.9709205,0.92309237,0.9683545,0.96862113,0.96069205,0.9692314,0.9657791,0.9508173,0.96174407,0.95848095,0.9503255,0.94816315,0.93808734,0.9430626,0.9674872,0.9459725,0.9555922,0.9547861,0.9673028,0.9601908,0.9521995,0.9606612,0.95960814,0.9541333,0.9797473,0.9645256,0.95192194,0.9500411,0.94041616,0.958233,0.95093554,0.93602467,0.9547586,0.95439374,0.9695183,0.95664304,0.9628934,0.94275075,0.9477471,0.9607026,0.9479791,0.9554996,0.9503048,0.96399856,0.9797473,0.9536038,0.95868415,0.9613565,0.9609856
arcticdogsmovie,0.96267116,0.96045184,0.95113766,0.9506171,0.95098567,0.94136024,0.9612058,0.95925146,0.9783523,0.9537102,0.9444297,0.96680456,0.94938415,0.9624582,0.961364,0.99999964,0.9645263,0.9477856,0.9582603,0.95463943,0.95769006,0.9640263,0.96704763,0.9612551,0.9609378,0.86884683,0.9550042,0.95206034,0.9654664,0.9586019,0.95244974,0.960932,0.947345,0.95271045,0.9345819,0.9237724,0.9654587,0.94860417,0.9573986,0.95678395,0.9544697,0.9527681,0.952108,0.95816725,0.96778303,0.96036506,0.96652794,0.94477344,0.9536365,0.9551008,0.9647359,0.9724254,0.9451561,0.9443854,0.95293707,0.9423867,0.9472214,0.96071196,0.95150036,0.93989456,0.9486294,0.949952,0.95498973,0.95741045,0.95446384,0.9532556,0.9509272,0.9579424,0.95529133,0.9272824,0.95011765,0.72964823,0.9478831,0.96586615,0.9475595,0.9420929,0.91320324,0.95326895,0.94630337,0.94694376,0.95099694,0.95620817,0.95032674,0.95544106,0.9588987,0.94656724,0.94851375,0.9616101,0.9563935,0.9689278,0.9467377,0.95011765,0.9606947,0.9630851,0.9570983,0.9609553,0.94888,0.9568098,0.9473303,0.9609406,0.9453455,0.9536597,0.94107217,0.9572556,0.95648736,0.9607607,0.9573731,0.9696449,0.95743644,0.9573628,0.96402574,0.77229005,0.9651256,0.9255217,0.9640215,0.9582417,0.96937376,0.9328681,0.97128356,0.9637176,0.95911556,0.96019167,0.9585308,0.9449535,0.9548147,0.95349723,0.9486105,0.95154774,0.948855,0.93898976,0.9569316,0.94354796,0.95624363,0.9551249,0.9712459,0.9577491,0.9468902,0.9687246,0.95027256,0.95077574,0.9783523,0.9667285,0.941926,0.9378913,0.9394735,0.9604948,0.9455926,0.9345895,0.9540279,0.95004696,0.9612155,0.95002776,0.9524908,0.9270588,0.95006555,0.95746785,0.9476768,0.9569209,0.9558089,0.96518576,0.9783523,0.94315886,0.9662456,0.9661535,0.96376073
arcticmovie,0.9649706,0.9537223,0.9491703,0.9449513,0.95492905,0.96083033,0.96403384,0.95433027,0.9774683,0.95634156,0.9588237,0.9622811,0.9509735,0.9492035,0.95586956,0.9645263,0.9999997,0.94095457,0.9495448,0.94982845,0.9743609,0.95063794,0.9677694,0.96089035,0.95791,0.8643594,0.94966596,0.9730393,0.9586901,0.94787186,0.9484406,0.9611234,0.957332,0.94849694,0.9318758,0.92388034,0.9591375,0.95658845,0.9636437,0.95367527,0.95630836,0.9439521,0.9430705,0.94336003,0.96192837,0.95333856,0.9626491,0.94367516,0.9455819,0.941676,0.9565624,0.9653374,0.9501954,0.9503837,0.9436572,0.9534057,0.9474413,0.95862615,0.95692927,0.94648224,0.9502458,0.9450953,0.94972044,0.9429612,0.9507726,0.95693207,0.94739884,0.94888014,0.95749587,0.93653256,0.95673996,0.7356644,0.9322653,0.96451414,0.94256264,0.93605566,0.89984304,0.9464721,0.9462738,0.94329226,0.9445523,0.954357,0.947877,0.94998205,0.95721006,0.9532028,0.9618944,0.9560959,0.9601749,0.96699756,0.9495954,0.95673996,0.955334,0.96916324,0.9518354,0.95916307,0.9587316,0.957778,0.9536522,0.9557401,0.9401137,0.95185286,0.9488265,0.9600489,0.957067,0.9530118,0.9544075,0.95740527,0.94573456,0.9524147,0.9621744,0.80960476,0.96100223,0.93669593,0.97142744,0.96214473,0.97086966,0.9404557,0.96353203,0.9663087,0.9535364,0.9570753,0.9585785,0.95196676,0.94823134,0.9667488,0.95724136,0.94837564,0.94431466,0.93957466,0.9566803,0.94161606,0.9735832,0.9632662,0.9591712,0.95623803,0.95080686,0.9661856,0.96328616,0.955311,0.9774683,0.95650464,0.93760544,0.94148356,0.94799095,0.9564802,0.95075583,0.9439496,0.95511585,0.9489565,0.9637541,0.946419,0.95493054,0.920377,0.9540837,0.96174264,0.9500045,0.957588,0.95831525,0.96224606,0.9774683,0.9561323,0.9593062,0.9704852,0.9563979
artofracingmovie,0.96398056,0.94386214,0.9393305,0.9517164,0.96675974,0.94286484,0.9472522,0.9454149,0.9715862,0.95035774,0.94572574,0.9344702,0.9542367,0.9577453,0.9497592,0.9477856,0.94095457,0.9999999,0.94661975,0.9396171,0.9417187,0.9455502,0.9468205,0.95115364,0.9398859,0.88138056,0.95683134,0.9317562,0.94635224,0.95533556,0.9270705,0.94450575,0.93594563,0.9399957,0.93015075,0.91969,0.9530249,0.94863325,0.9469531,0.9539966,0.94477767,0.954024,0.9411938,0.9468022,0.95972365,0.95851845,0.93755347,0.9522887,0.9469505,0.9440538,0.95074654,0.96617556,0.93755686,0.9568162,0.9580047,0.95681244,0.9525211,0.96094877,0.9342455,0.94003004,0.94384265,0.9431845,0.95258653,0.9486857,0.95945626,0.944376,0.9543881,0.9526241,0.9495739,0.9376882,0.952806,0.7496393,0.93401176,0.9474958,0.9318807,0.9303334,0.8999327,0.93698514,0.9328843,0.94791317,0.95093,0.94201916,0.9507603,0.9354015,0.9562706,0.95543057,0.9496719,0.9600349,0.94909394,0.9537347,0.9522412,0.952806,0.95760626,0.9545822,0.9476115,0.9572277,0.9462507,0.9501306,0.94677794,0.9454474,0.95022845,0.9407518,0.9440733,0.9534234,0.9463141,0.9530903,0.9467578,0.95653623,0.9369232,0.9491797,0.94626474,0.80885506,0.95551866,0.9192196,0.950546,0.95336,0.9633147,0.9294309,0.956709,0.9512795,0.9542401,0.96082777,0.96068454,0.9473096,0.9526302,0.9298097,0.9401334,0.95161015,0.95874196,0.91716003,0.94293696,0.97087544,0.9466075,0.9481704,0.9538966,0.9621958,0.94921845,0.9545847,0.94806534,0.9609273,0.9715862,0.9421095,0.95277816,0.94122887,0.93201995,0.95909,0.9538889,0.93399346,0.94657,0.95174,0.95015883,0.9462843,0.9517907,0.9227076,0.9523027,0.9475583,0.9524604,0.93948483,0.9457835,0.9547403,0.9715862,0.9456329,0.949383,0.9549917,0.9428291
avengers,0.97921723,0.9524622,0.9458471,0.9479047,0.95094633,0.9485208,0.95419425,0.9539438,0.9740774,0.9471018,0.9396136,0.94913536,0.9405796,0.95478684,0.9689236,0.9582603,0.9495448,0.94661975,1.0000001,0.95859295,0.95637727,0.9581639,0.9604025,0.951421,0.9612225,0.8807721,0.9533571,0.94309175,0.9605696,0.9599293,0.9713109,0.9524763,0.9352207,0.9463767,0.9353986,0.918187,0.9624234,0.9551403,0.9504353,0.94700557,0.9384136,0.95620775,0.943671,0.9479659,0.9621324,0.9494416,0.95713425,0.95025086,0.9617374,0.9481254,0.9621614,0.9654876,0.94136274,0.9431193,0.9481252,0.9411245,0.9376326,0.9512603,0.9429166,0.9520031,0.94515336,0.9537899,0.9534076,0.9482755,0.95564866,0.9585914,0.9545253,0.94967103,0.9502347,0.9445251,0.9548388,0.7198985,0.9425207,0.95586145,0.9421152,0.933186,0.9209132,0.9443528,0.9389922,0.9409063,0.9470214,0.94619817,0.9451581,0.9468733,0.9525755,0.95132047,0.948075,0.9502001,0.94752365,0.9569171,0.95613396,0.9548388,0.9550246,0.9473743,0.94845307,0.9545887,0.952323,0.96317536,0.9536031,0.94854856,0.9463835,0.94819087,0.9488771,0.95171136,0.94344825,0.9637509,0.94993055,0.95273167,0.9298171,0.94896466,0.95682347,0.79077065,0.95074826,0.9238754,0.9495907,0.95465744,0.9665791,0.934645,0.96442956,0.9556401,0.9547689,0.9575249,0.95840204,0.9560563,0.9552785,0.9460254,0.94793504,0.9623928,0.94249016,0.9409503,0.9597825,0.9471688,0.94335866,0.95101887,0.9552231,0.96011484,0.95309883,0.96230555,0.9508476,0.94117266,0.9740774,0.9581752,0.93924224,0.9410251,0.9282321,0.9576312,0.9389794,0.93901324,0.948168,0.95290846,0.9492367,0.9472681,0.95162106,0.9399749,0.94374317,0.94933224,0.95201457,0.95282847,0.9482244,0.94966125,0.9740774,0.93414295,0.95223004,0.9633102,0.9585861
beachbummovie,0.9566133,0.9432694,0.9491208,0.9526627,0.9472061,0.9447185,0.943214,0.94272417,0.96746886,0.94451994,0.9432998,0.9505765,0.93781483,0.96142113,0.9720883,0.95463943,0.94982845,0.9396171,0.95859295,0.9999998,0.95351,0.9584461,0.9478652,0.94505006,0.94651026,0.8821329,0.9437982,0.9419963,0.95405024,0.9538261,0.949751,0.9555026,0.92602104,0.94579774,0.9445563,0.9145325,0.9569492,0.95209813,0.94882464,0.94474596,0.94033736,0.93788135,0.93510157,0.9326211,0.95576507,0.9489214,0.94153506,0.9435343,0.93918157,0.9307855,0.9568889,0.96120954,0.94311565,0.9407098,0.9378677,0.94167167,0.93994707,0.9440069,0.9454581,0.9385225,0.94164914,0.9517622,0.9509876,0.94575775,0.94611883,0.9477886,0.9456649,0.9524769,0.94721866,0.9380971,0.9427991,0.7495097,0.93272936,0.943072,0.9360935,0.93581367,0.9077169,0.93580735,0.9290607,0.9428147,0.94788253,0.93738115,0.94580704,0.9463713,0.9488877,0.94786006,0.9561772,0.9422066,0.9419107,0.96143115,0.9551363,0.9427991,0.9297581,0.9505894,0.9416853,0.9592442,0.9483931,0.9704104,0.9485342,0.9424272,0.93885237,0.95299405,0.941291,0.9406038,0.94774127,0.9545535,0.94696313,0.9558358,0.92494726,0.9390546,0.9523454,0.80589914,0.9506879,0.92625177,0.9435174,0.955434,0.9584535,0.9171559,0.9554067,0.95035297,0.9495904,0.95054233,0.95366055,0.9441885,0.9474984,0.9539868,0.9333503,0.9468369,0.93212086,0.93266684,0.95236903,0.93644094,0.95023817,0.9439197,0.95036644,0.9564913,0.93796957,0.95195657,0.9447856,0.9418366,0.96746886,0.958865,0.93507946,0.93795156,0.93315244,0.959402,0.9398159,0.9495879,0.9521256,0.9428568,0.94801027,0.9483618,0.9356138,0.9256994,0.9383357,0.94673425,0.9421042,0.94497424,0.93006295,0.95144063,0.96746886,0.9406854,0.94595367,0.9512976,0.951309
bernadettefilm,0.96322,0.9556956,0.9619108,0.95313376,0.96304995,0.9607619,0.9670225,0.95995027,0.9796576,0.949153,0.95994556,0.9617155,0.9535707,0.95132995,0.96517056,0.95769006,0.9743609,0.9417187,0.95637727,0.95351,1.0000002,0.9599156,0.9690843,0.965815,0.955388,0.87346524,0.96000725,0.9654849,0.96575207,0.9528087,0.9599605,0.9638045,0.94706595,0.952251,0.94160414,0.9356173,0.964831,0.96117383,0.9634527,0.95706105,0.95685655,0.9536645,0.93993527,0.9505724,0.96376467,0.9607866,0.964868,0.95229536,0.9557507,0.9515292,0.9658859,0.97142106,0.9539472,0.9492692,0.9444919,0.95580214,0.95401096,0.9565258,0.9661175,0.94902617,0.9567863,0.9468871,0.95697284,0.9462065,0.95321906,0.955287,0.9573864,0.9593232,0.95477694,0.9462327,0.95289826,0.7544281,0.9281542,0.9658251,0.94246763,0.93724316,0.91612315,0.94609153,0.94938225,0.94337624,0.9512581,0.95858335,0.95349497,0.9533114,0.96256816,0.9503663,0.96162367,0.9536297,0.957671,0.9666892,0.94633776,0.95289826,0.95579654,0.95944905,0.9520195,0.9572732,0.96025974,0.95814586,0.959297,0.9597377,0.9497549,0.9560275,0.95586926,0.9514478,0.9519804,0.9616623,0.96433574,0.9564408,0.944536,0.9645578,0.96569526,0.81783694,0.95406675,0.92291224,0.97074044,0.96381223,0.9696736,0.9449787,0.9696519,0.9695583,0.95942473,0.9651106,0.9634234,0.9578996,0.9542098,0.963565,0.9543466,0.95336074,0.94345385,0.93347436,0.9677948,0.9462947,0.97007835,0.9619679,0.95511043,0.9589167,0.9545469,0.9670989,0.95729727,0.9512746,0.9796576,0.964237,0.9459874,0.9476391,0.9484202,0.9650243,0.94577587,0.9479688,0.9521479,0.9481827,0.9643208,0.9555068,0.95206773,0.9216856,0.9509646,0.9616125,0.95383126,0.94594073,0.9531594,0.9592691,0.9796576,0.9605608,0.9590954,0.96826327,0.96355873
