movie,21bridgesmovie,47metersdown,abeautifuldaymovie,abominablemovie,adastramovie,adogsjourneymovie,aftermathmovie,aftermovie,ahiddenlifefilm,alitamovie,angelhasfallen,angrybirdsmovie,annabellemovie,annamovie,apollo11movie,arcticdogsmovie,arcticmovie,artofracingmovie,avengers,beachbummovie,bernadettefilm,blackandbluemovie,blackchristmas,blindedbythelightmovie,bombshellmovie,booksmart,breakthroughmovie,brianbanksmovie,brightburnmovie,brittanyrunsmov,captainmarvelofficial,captivestatemovie,catsmovie,charliesangels,childsplaymovie,clarathefilm,coldpursuitmovie,countdown,currentwarmovie,darkwatersmovie,detectivepikachumovie,disneyaladdin,disneyfrozen,disneymaleficent,doctorsleepmovie,dolemiteismyname,dontletgomovie,doramovie,downtonabbey_official,dumbo,escaperoom,everybodyknowsmovie,fastandfuriousmovie,fightingwmyfam,fivefeetapartfilm,fordvferrari,freaksthefilm,geminimanmovie,glassmovie,gloriabellmovie,godzillamovie,goldfinchmovie,goodboysmovie,goodliarmovie,gretafilm,halathemovie,happydeathdaymovie,harrietfilm,hellboymovie,hersmellmovie,highlifemovie,highstrungmovie,honeyboymovie,hotelmumbaifilm,httydragon,hustlemovie,hustlersmovie,isntitromantic,itmovieofficial,jayandsilentbob,johnwickmovie,jojorabbitmovie,jokermovie,judythefilm,jumanjimovie,justmercyfilm,knivesout,lalloronamovie,lastblackmansf,lastchristmasthemovie,latenightmovie,lighthousemovie,lionking,littlethemovie,littlewomenmovie,littlewoodsfilm,longshotmovie,lordsofchaosmovie,lucyintheskyfilm,mamovie2019,marriagestory,meettheaddams,meninblack,midsommarmovie,midwaymovie,missbalamovie,missinglinkfilm,motherlessbklyn,onceinhollywood,onthebasisofsex,overcomermovie,peanutbutterfalcon,petsematarymovie,piercingmovie,playingwithfire,playmobilthemovie,pomsmovie,queenandslim,rambomovie,readyornotfilm,richardjewellfilm,rocketmanmovie,scarystoriesmovie,secretlifeofpets,serenityfilm,shaftmovie,shazammovie,spidermanmovie,spiesindisguise,starwars,stormboymovie,stubermovie,taosdfilm,teenspiritmov,terminator,theaeronautsmov,thebestofenemies,thedeaddontdie,thefarewell,thehighwaymen,thehummingbirdprojectfilm,theintrudermovie,theirishmanfilm,thekitchenmovie,thelegomovie,themustangfilm,thenightingalefilm,theprodigymovie,thesunisalsoastar,theupsidefilm,tolkienmovie,toystory,triplefrontier,uglydolls,uncutgems,underthesilverlake,usmovie,wavesmovie,whatmenwant,wonderparkmovie,wrinklestheclown,xmenmovies,yardiefilm,yesterdaymovie,zombieland
21bridgesmovie,0.99999994,0.96526873,0.98455775,0.97519803,0.9862791,0.9610159,0.9885482,0.9724565,0.9890595,0.97639006,0.9708503,0.9541965,0.97763306,0.98564154,0.9920854,0.9813905,0.9811655,0.990267,0.9953736,0.99010515,0.9827324,0.96837777,0.9816293,0.9821174,0.98131937,0.6991294,0.96656716,0.97650695,0.9793803,0.97456986,0.98462886,0.9845253,0.97603756,0.96862066,0.92670435,0.8534643,0.98098946,0.99369276,0.9841385,0.9863447,0.96022505,0.9897503,0.9856739,0.9877736,0.9853665,0.9438867,0.98181033,0.97796386,0.9728585,0.9903447,0.98308426,0.98333925,0.9758498,0.9716094,0.9633533,0.9760588,0.9735087,0.98123026,0.97937584,0.9867975,0.97913706,0.97346306,0.9818255,0.978256,0.97584045,0.9633843,0.9806407,0.98003656,0.9766263,0.95731276,0.99046123,0.48240966,0.95292044,0.9810374,0.9689647,0.9796125,0.8886686,0.99040484,0.9873209,0.96588606,0.9806357,0.9850845,0.9796549,0.96922857,0.970432,0.98314714,0.98405313,0.9823208,0.98159695,0.98580784,0.94407946,0.99046123,0.9757419,0.98388386,0.9883879,0.9913687,0.9889828,0.98775977,0.98099405,0.9707101,0.9401943,0.9833144,0.96869224,0.98669857,0.96946627,0.9848533,0.9781629,0.97731256,0.981297,0.97230875,0.98454934,0.58651465,0.98215586,0.89856106,0.96707684,0.9890417,0.99792624,0.96107006,0.98433745,0.98494667,0.9668903,0.98070806,0.98126,0.9482428,0.9860215,0.9884734,0.9590636,0.9817906,0.9826376,0.9460041,0.98763543,0.97303253,0.98322904,0.95690346,0.981925,0.9697166,0.9897467,0.9864075,0.98902947,0.9635964,0.9890595,0.980437,0.94862705,0.98977095,0.9402183,0.9843493,0.97488,0.9662505,0.9814864,0.9908893,0.9820247,0.9870386,0.9636506,0.97972214,0.9769998,0.99012053,0.9768129,0.9788995,0.9814003,0.97912544,0.9890595,0.94683063,0.98783255,0.98717237,0.98591095
47metersdown,0.96526873,1.0000001,0.9683441,0.9506865,0.976528,0.95710444,0.9698842,0.9577729,0.96992785,0.95595086,0.96169,0.94994575,0.969756,0.965528,0.976034,0.98500866,0.9532567,0.96407557,0.9515594,0.9665817,0.96757936,0.94015616,0.94900936,0.9542348,0.9584045,0.66487813,0.96251017,0.94855297,0.95827556,0.9581504,0.9505873,0.9626035,0.93408436,0.9460058,0.91766834,0.8539791,0.95222825,0.9610147,0.9661644,0.9585646,0.9652343,0.9531139,0.95482,0.9649849,0.9780321,0.94570273,0.94418985,0.96115476,0.9701433,0.9651291,0.9601362,0.96754205,0.9551973,0.9563762,0.949478,0.9669564,0.94785184,0.97585493,0.95195013,0.9713936,0.9573699,0.95332634,0.9782138,0.9623887,0.9503334,0.9537897,0.95356894,0.96847785,0.95957106,0.93278456,0.9743588,0.46773365,0.9607058,0.96765363,0.92946035,0.9669044,0.8826407,0.97316074,0.96080923,0.9551837,0.9523013,0.9834837,0.9767267,0.9638713,0.9738586,0.9492459,0.95917803,0.9677513,0.947416,0.974418,0.9436369,0.9743588,0.9430711,0.96108973,0.96371794,0.9726984,0.9596101,0.9731266,0.9841743,0.9349584,0.9497486,0.96743906,0.9503143,0.9741828,0.9671086,0.9628353,0.9703612,0.983062,0.9467976,0.95900923,0.965119,0.5947944,0.9729141,0.8866888,0.9755207,0.96491617,0.969476,0.92161673,0.9635891,0.9714235,0.9630238,0.96575063,0.9695225,0.94029075,0.96039134,0.9666449,0.9462632,0.9351816,0.9631391,0.9288447,0.9599887,0.9608009,0.95663834,0.94084615,0.9723024,0.96112317,0.9449013,0.9594801,0.97824305,0.9435944,0.96992785,0.95552063,0.9612301,0.9675824,0.95172805,0.9690405,0.95237094,0.94417715,0.9639448,0.9583955,0.96706116,0.9802283,0.951155,0.9535832,0.9715201,0.9733504,0.93993855,0.9798171,0.96529794,0.9633539,0.96992785,0.93276745,0.9617167,0.96131015,0.9555537
abeautifuldaymovie,0.98455775,0.9683441,1.0,0.97730666,0.98457855,0.97556037,0.98211735,0.9859414,0.9891503,0.9849147,0.97359866,0.9734719,0.9834247,0.98979026,0.9843796,0.9833243,0.981182,0.98646474,0.97678745,0.9855681,0.9807871,0.98106056,0.98258483,0.97736186,0.9780141,0.67277354,0.9663803,0.97140336,0.9892411,0.9842497,0.97485006,0.98839146,0.9708097,0.984363,0.92229,0.8575054,0.9833207,0.9813046,0.9736363,0.982618,0.97060555,0.97795486,0.9645255,0.9810414,0.97900355,0.95607543,0.9790889,0.98705494,0.968476,0.9793631,0.9923779,0.9876987,0.9899045,0.95731264,0.9762,0.97607386,0.9614105,0.9796623,0.978995,0.9858415,0.9791206,0.9700566,0.9815288,0.980851,0.9715286,0.97238857,0.9802115,0.9800383,0.98277193,0.96740246,0.98534125,0.47551015,0.9605028,0.9867189,0.98097503,0.9715706,0.8777984,0.9752724,0.97565305,0.9746287,0.97742623,0.97950315,0.9830262,0.975855,0.9831472,0.98369616,0.97814506,0.9872781,0.9773659,0.98868287,0.9506544,0.98534125,0.970285,0.97971714,0.99068147,0.98022205,0.9780782,0.9938372,0.97795486,0.97626144,0.9560466,0.97637564,0.979234,0.97808486,0.9841971,0.9934617,0.9800462,0.9859879,0.97888505,0.97860426,0.9865765,0.6010826,0.9762825,0.9080643,0.9640837,0.9759246,0.98549265,0.97158784,0.98085034,0.9762493,0.9755188,0.9754016,0.9868324,0.9615226,0.9812638,0.9863728,0.9671537,0.98211694,0.9791139,0.9355401,0.9834413,0.9811179,0.9811009,0.9712617,0.97872293,0.9786986,0.9825309,0.97824883,0.98576844,0.98182946,0.9891503,0.98969316,0.9686549,0.9806434,0.966623,0.9857214,0.97769356,0.9656394,0.98101324,0.973249,0.9779593,0.9820929,0.974123,0.9641001,0.97807246,0.9810519,0.97101265,0.9858159,0.9872677,0.9775944,0.9891503,0.95458716,0.99146813,0.98594975,0.98989433
abominablemovie,0.97519803,0.9506865,0.97730666,1.0,0.9812958,0.9737795,0.9844896,0.96741825,0.9869178,0.97397643,0.9736558,0.9348281,0.9846781,0.9821652,0.97093487,0.96582603,0.980898,0.9813821,0.9701481,0.98044604,0.9761734,0.9757449,0.97699004,0.9881141,0.97818357,0.71369255,0.96175706,0.9765383,0.98593634,0.96668494,0.9701488,0.9855311,0.94488037,0.9682521,0.9364155,0.88227075,0.9847684,0.9822669,0.9752245,0.9761458,0.97401786,0.9712408,0.95488155,0.96848416,0.98110193,0.96166587,0.97764003,0.9840684,0.96427876,0.9695919,0.98099136,0.98080844,0.9749197,0.9469091,0.9840579,0.97336966,0.9665338,0.98016167,0.9881798,0.97422135,0.9853084,0.9843332,0.9745813,0.98042095,0.9895932,0.965741,0.9644501,0.97310627,0.9875112,0.9844479,0.9729151,0.48075032,0.9650541,0.97478914,0.97489625,0.95897526,0.8894476,0.9630578,0.97051966,0.9780019,0.97942984,0.9636852,0.9751965,0.956804,0.9730449,0.9649346,0.9563082,0.9779375,0.9569275,0.9858767,0.9509733,0.9729151,0.96489877,0.98181266,0.9733229,0.97206,0.9821514,0.9839438,0.97677827,0.9640914,0.96235454,0.9852839,0.9675051,0.9625417,0.9777751,0.97914535,0.97800714,0.97073,0.9775889,0.9626749,0.97180915,0.570193,0.9724891,0.90540045,0.94661725,0.9759058,0.977555,0.95440686,0.9833024,0.9744164,0.9700612,0.9748921,0.9880593,0.9619628,0.9829823,0.9814387,0.9722742,0.9756088,0.97859204,0.9221363,0.9877875,0.96961004,0.9851092,0.9454417,0.9763771,0.96440166,0.9841588,0.9684361,0.9658123,0.9766667,0.9869178,0.98251176,0.95521224,0.9749557,0.9510067,0.98147506,0.9831514,0.9695282,0.9812915,0.96524566,0.97997904,0.97289586,0.97311157,0.9470855,0.96224266,0.9717599,0.9680987,0.9632036,0.97336334,0.9676113,0.9869178,0.95574224,0.9851797,0.98188865,0.9833118
adastramovie,0.9862791,0.976528,0.98457855,0.9812958,1.0,0.97696227,0.9889536,0.97306824,0.99518377,0.98169315,0.9783798,0.9563933,0.98808765,0.98945683,0.98410726,0.9847272,0.9878167,0.9940601,0.9800953,0.98576087,0.9829429,0.9819949,0.98105395,0.98993385,0.98400104,0.70572203,0.9881823,0.9821954,0.9864728,0.9737093,0.97791183,0.98367894,0.95687705,0.9812811,0.95779073,0.89769477,0.98257875,0.98637533,0.98441386,0.9825308,0.98091364,0.9850299,0.9713255,0.9876574,0.9876947,0.9721621,0.9812813,0.9860016,0.98411345,0.9896385,0.9888151,0.99014086,0.9882645,0.9737558,0.9772693,0.9936227,0.98005426,0.9937281,0.98377967,0.99171996,0.991422,0.98225987,0.9802257,0.98566425,0.9827217,0.9798829,0.97938555,0.9870296,0.98737067,0.9663465,0.9927851,0.5263518,0.9729128,0.9857777,0.97152543,0.9830443,0.9250753,0.98555154,0.98802793,0.976817,0.98323596,0.98581463,0.98832405,0.98030436,0.98228025,0.9776982,0.9726436,0.99255365,0.9757067,0.98998487,0.96277344,0.9927851,0.9706941,0.98903793,0.98490345,0.9866432,0.98695993,0.98911184,0.98720616,0.97176284,0.9688922,0.9904314,0.9733782,0.98644716,0.9788318,0.99003947,0.992218,0.9884202,0.98229593,0.9801938,0.9916857,0.58521837,0.9899495,0.9121722,0.9828917,0.98897517,0.99013454,0.9683251,0.9924942,0.9847007,0.9785272,0.98835164,0.99171174,0.96445644,0.98941106,0.9886618,0.98457134,0.97682637,0.9891367,0.9436023,0.9851355,0.9889682,0.99053735,0.9604161,0.99346435,0.97358406,0.98002434,0.98800385,0.9885978,0.97652024,0.99518377,0.9861691,0.9750113,0.981607,0.9497971,0.9849344,0.97129524,0.9828665,0.98695725,0.9823855,0.9823006,0.988606,0.98229843,0.97723174,0.97708726,0.99237365,0.9740605,0.9855051,0.9868994,0.9883125,0.99518377,0.96781313,0.98732835,0.990405,0.9891976
adogsjourneymovie,0.9610159,0.95710444,0.97556037,0.9737795,0.97696227,1.0000001,0.97748035,0.97582406,0.9835741,0.9914716,0.966766,0.9587808,0.98348284,0.987083,0.97208315,0.97739255,0.9641644,0.97772384,0.9606053,0.9756681,0.9736906,0.977653,0.9847226,0.97585016,0.97785884,0.72161305,0.9716043,0.97172385,0.97727066,0.97041476,0.9583758,0.9832829,0.95246243,0.9672068,0.9440985,0.8905155,0.9771723,0.96444666,0.97193605,0.97687703,0.975685,0.9652908,0.95789456,0.96962833,0.9759171,0.96543425,0.9795199,0.97877866,0.9799154,0.9694935,0.9790235,0.98896754,0.9785944,0.9413788,0.97427607,0.9710948,0.968243,0.9716148,0.97073317,0.9764499,0.97408164,0.97339934,0.9791286,0.9859612,0.9861221,0.95128906,0.96316725,0.97868955,0.9791771,0.968434,0.97578925,0.5248842,0.96354747,0.97748,0.9699768,0.9502247,0.923044,0.95275104,0.9585116,0.9879314,0.96120065,0.969603,0.9736221,0.97819823,0.97870564,0.9508685,0.9589921,0.9773943,0.9549787,0.97654676,0.954251,0.97578925,0.95012,0.9662159,0.9721395,0.96758246,0.9664351,0.96966296,0.97678125,0.97699565,0.9656913,0.9815804,0.97276664,0.9630766,0.98721534,0.97666997,0.9770374,0.9810973,0.9763473,0.96532476,0.9777546,0.6584708,0.98291606,0.93302315,0.96518725,0.9597215,0.9654138,0.96593827,0.972025,0.9674743,0.9655187,0.9761565,0.9850267,0.9762048,0.97555554,0.9565181,0.9760272,0.9695224,0.9771896,0.9442765,0.98131305,0.97915155,0.97546244,0.97277343,0.9796916,0.96943593,0.9625245,0.96874774,0.97397286,0.97433853,0.9835741,0.97829336,0.9758163,0.9660139,0.96514314,0.9867829,0.97300714,0.97197115,0.97451764,0.96198654,0.98406005,0.9700922,0.97156405,0.9622263,0.97596705,0.970037,0.9754252,0.9752659,0.98002064,0.98580045,0.9835741,0.96616125,0.97802925,0.9837,0.98227054
aftermathmovie,0.9885482,0.9698842,0.98211735,0.9844896,0.9889536,0.97748035,0.99999994,0.9770287,0.9943835,0.980345,0.9886425,0.95732164,0.98747915,0.9891802,0.9905108,0.9840006,0.9820549,0.9941058,0.9824906,0.9917224,0.97650933,0.9743623,0.9805934,0.9891333,0.9841998,0.72679275,0.9737996,0.9866218,0.98178923,0.97568846,0.97959125,0.9900012,0.9638658,0.96587217,0.9378745,0.8768648,0.9812505,0.98873156,0.9898041,0.98639363,0.9814024,0.981376,0.98179245,0.9874366,0.9894454,0.9597018,0.9805821,0.9821957,0.98236895,0.9862966,0.9826767,0.9914877,0.97787714,0.9672681,0.96803963,0.9857773,0.975919,0.9843667,0.984617,0.989476,0.9849425,0.9817783,0.9871746,0.98552114,0.99044335,0.9695852,0.9750111,0.9903344,0.9869343,0.96047544,0.9915806,0.5280441,0.97037756,0.98943454,0.9678208,0.9794166,0.90294564,0.9818062,0.98413086,0.9854708,0.98792595,0.98883516,0.98764986,0.96337646,0.9789494,0.9789432,0.98565876,0.9870502,0.974884,0.99302644,0.96062595,0.9915806,0.9746567,0.9917823,0.9806302,0.9893476,0.99134386,0.9845363,0.9937793,0.96636075,0.9557447,0.9913529,0.9690435,0.979407,0.98010015,0.9832777,0.9851292,0.9817298,0.9881645,0.9744985,0.98526734,0.59490085,0.98372245,0.91139,0.96696675,0.99044025,0.99140644,0.9622006,0.9858942,0.9952053,0.97576845,0.98596674,0.9912679,0.95808107,0.99102384,0.98126763,0.9730917,0.980304,0.9883972,0.9482751,0.9922415,0.9796172,0.9855215,0.9626512,0.9826048,0.9771926,0.9824024,0.985686,0.9867554,0.9715054,0.9943835,0.9818674,0.96259093,0.98425645,0.9547534,0.9879706,0.9760531,0.97349775,0.9862531,0.98284096,0.9947383,0.98121685,0.9727885,0.9739267,0.9834619,0.98874956,0.97866285,0.9831126,0.9881071,0.9856487,0.9943835,0.96102893,0.98804253,0.98909354,0.98790514
aftermovie,0.9724565,0.9577729,0.9859414,0.96741825,0.97306824,0.97582406,0.9770287,1.0,0.9813903,0.98937714,0.97794014,0.9666095,0.9829109,0.9881164,0.9771177,0.98255193,0.9751451,0.9736174,0.9662251,0.9727837,0.9716841,0.9696282,0.97594494,0.96654177,0.975143,0.6715705,0.95017415,0.9748167,0.96910745,0.97557956,0.95796114,0.9800222,0.97245526,0.9633818,0.90888596,0.8326228,0.9787056,0.9745539,0.9716343,0.97427195,0.96412486,0.9667145,0.9675371,0.97616357,0.9764478,0.9528233,0.96956646,0.9702341,0.97823393,0.97161245,0.9753188,0.9832089,0.975364,0.9616207,0.9693149,0.97063816,0.9655509,0.9710433,0.95774066,0.97714376,0.9681185,0.9541653,0.9797843,0.9823413,0.97204113,0.96145266,0.9792163,0.9716309,0.9780511,0.9540696,0.9745495,0.50995594,0.962359,0.97749823,0.97446847,0.9590019,0.8731147,0.956167,0.96044505,0.97743034,0.9806964,0.97769773,0.974779,0.96427596,0.97438633,0.97966486,0.9796203,0.9836046,0.9743136,0.98168135,0.94232893,0.9745495,0.96797675,0.9781441,0.9841625,0.9721109,0.97412586,0.98041856,0.9710828,0.97254974,0.94931275,0.97350925,0.9660487,0.96592337,0.9814794,0.97728735,0.97181106,0.9808216,0.9807305,0.9714538,0.97677934,0.6520888,0.9760131,0.8874529,0.9615382,0.96353185,0.97159296,0.975669,0.9748824,0.9707653,0.96729714,0.98395205,0.97732943,0.97264165,0.9745344,0.9647596,0.960434,0.9696792,0.96634376,0.95326453,0.974889,0.97401565,0.9789061,0.96624386,0.97489774,0.9670201,0.97455037,0.97179025,0.97445744,0.9643457,0.9813903,0.9736241,0.96626824,0.97168946,0.9695021,0.97651744,0.9562005,0.96407753,0.9844927,0.96088994,0.9764417,0.9794452,0.9617121,0.9571133,0.9805106,0.9630748,0.96288764,0.9796084,0.99072254,0.97797173,0.9813903,0.94127816,0.97916037,0.98126924,0.9771942
ahiddenlifefilm,0.9890595,0.96992785,0.9891503,0.9869178,0.99518377,0.9835741,0.9943835,0.9813903,1.0000001,0.99009407,0.98686635,0.9616229,0.9934266,0.9962389,0.98893243,0.9864665,0.99018514,0.99563396,0.98612404,0.99334353,0.98054534,0.98930985,0.99021965,0.99529344,0.98881006,0.7194933,0.9827866,0.9909024,0.9918864,0.9829776,0.9860516,0.99343044,0.97329545,0.97905993,0.9547235,0.89719725,0.9922879,0.9873854,0.9897769,0.9913755,0.98684835,0.9863153,0.97744703,0.989614,0.9910654,0.9758646,0.9896237,0.98680013,0.98463273,0.9902633,0.99407834,0.99664706,0.9898441,0.9736249,0.97988933,0.9905027,0.9786913,0.9897815,0.98944634,0.9935479,0.9934702,0.9887142,0.98551524,0.99390274,0.9923252,0.97989297,0.98430455,0.99441844,0.9924088,0.97350895,0.99499184,0.52105385,0.97564644,0.9935771,0.983948,0.9824877,0.9147242,0.9822156,0.98936677,0.98575747,0.9889738,0.9854691,0.99340165,0.97830045,0.98699266,0.9839324,0.98202175,0.9937873,0.9814007,0.9955745,0.9708063,0.99499184,0.973665,0.9920558,0.99062675,0.9891032,0.9887314,0.9917183,0.98921484,0.9805458,0.97180146,0.99394155,0.9802685,0.9856873,0.9842852,0.99508315,0.9939846,0.99080956,0.989481,0.982763,0.9923953,0.59509236,0.98825675,0.92107,0.9725632,0.9903187,0.99145824,0.9759413,0.99557865,0.9884233,0.9837498,0.98737586,0.9953023,0.96905375,0.9962796,0.9885696,0.98593205,0.9843098,0.9926959,0.952412,0.9917084,0.9904892,0.993419,0.96975195,0.9913101,0.98289526,0.98423946,0.99065024,0.98952323,0.98382246,1.0000001,0.99276453,0.97681427,0.9875626,0.96347857,0.99231184,0.9812987,0.98469996,0.9917808,0.9849462,0.9898915,0.9870981,0.987631,0.97818184,0.9808158,0.9917381,0.9845153,0.98820925,0.99344856,0.990688,1.0000001,0.9744612,0.99511504,0.9960732,0.99479586
alitamovie,0.97639006,0.95595086,0.9849147,0.97397643,0.98169315,0.9914716,0.980345,0.98937714,0.99009407,0.9999998,0.9752208,0.96306616,0.9886261,0.99384004,0.9812123,0.9810194,0.9793728,0.9827219,0.97651803,0.9820415,0.9777928,0.9829346,0.9910972,0.9811403,0.98470956,0.7013786,0.97013354,0.9824384,0.9804622,0.9790203,0.971602,0.98965615,0.97707444,0.9746469,0.93743515,0.8722652,0.9875603,0.97584254,0.97654665,0.9863015,0.97438425,0.9774217,0.96990734,0.9793982,0.97982836,0.9666779,0.9853396,0.977387,0.9828749,0.98003423,0.9856542,0.9929115,0.9865999,0.96077037,0.9795935,0.9782534,0.9721663,0.9776208,0.9727666,0.98333037,0.9808412,0.97257257,0.9822298,0.99247366,0.98573357,0.9663236,0.9812734,0.9814023,0.9823473,0.9656166,0.98366183,0.5043935,0.96478695,0.98371476,0.98318815,0.96222335,0.9068584,0.9631517,0.97148484,0.9859814,0.9770551,0.9761008,0.97975457,0.9776811,0.98104197,0.974034,0.9750643,0.9869548,0.97760594,0.98286813,0.95803154,0.98366183,0.96273416,0.9767089,0.9872557,0.9768698,0.9764264,0.981125,0.97379005,0.98705953,0.9629411,0.98280364,0.97894263,0.97458595,0.9871843,0.9860428,0.981596,0.98640054,0.9829571,0.9755309,0.9864962,0.6449441,0.98509955,0.9170402,0.96871567,0.97001487,0.97633606,0.9830022,0.9826321,0.97164977,0.9733519,0.9825496,0.9873643,0.9780412,0.98524624,0.9708391,0.9775243,0.9782763,0.9783659,0.9548837,0.9848176,0.98288786,0.9870152,0.9743153,0.987091,0.9735781,0.9745113,0.9812447,0.98125017,0.9774817,0.99009407,0.9840616,0.97588724,0.9796331,0.9674855,0.9898507,0.973301,0.97712576,0.9864235,0.9713733,0.9824903,0.9789642,0.9787631,0.9740191,0.9807525,0.9766789,0.9822781,0.98291415,0.9906345,0.990838,0.99009407,0.96277934,0.98644966,0.99216765,0.98837554
angelhasfallen,0.9708503,0.96169,0.97359866,0.9736558,0.9783798,0.966766,0.9886425,0.97794014,0.98686635,0.9752208,1.0000001,0.947068,0.98338395,0.9817563,0.9743165,0.97391325,0.9818387,0.9791679,0.96542126,0.9804807,0.95501065,0.96844095,0.9635365,0.9823857,0.9771963,0.7258081,0.9658197,0.98323846,0.9695933,0.9718793,0.968981,0.98192227,0.95436823,0.94818753,0.9325828,0.8837812,0.9767433,0.9717426,0.97934264,0.97020113,0.98621756,0.9613544,0.96133757,0.97450566,0.97872794,0.96623254,0.96230793,0.96300966,0.97309095,0.969576,0.9735531,0.98231316,0.96847796,0.96113765,0.9634774,0.98640954,0.9606537,0.97504956,0.9714952,0.98470587,0.97770035,0.97308505,0.9752549,0.9841657,0.98135644,0.979434,0.9690335,0.9843664,0.9838229,0.948822,0.98389477,0.5333251,0.9767539,0.9828716,0.9637399,0.97444904,0.88842916,0.95988214,0.9737106,0.976964,0.98846,0.9765972,0.98246396,0.9455194,0.9768779,0.9786499,0.98378235,0.98033863,0.9733793,0.98789173,0.9668742,0.98389477,0.9596991,0.98656505,0.96949756,0.9756833,0.98256916,0.9811597,0.98263544,0.95072275,0.95979095,0.9795442,0.9626859,0.96469945,0.97209716,0.9758446,0.9785061,0.9771008,0.97798306,0.96991944,0.97549707,0.5940754,0.9700137,0.9045197,0.955585,0.98160404,0.9722974,0.9575793,0.9792928,0.9857869,0.97318244,0.9743671,0.9850913,0.9448441,0.98835963,0.97055286,0.9723789,0.9658234,0.97610444,0.9429361,0.976709,0.97533166,0.98057175,0.9516321,0.9769825,0.97474885,0.9675091,0.9743497,0.9769361,0.9671318,0.98686635,0.97494483,0.9635162,0.9690557,0.95741135,0.97659194,0.9614324,0.9683544,0.9857557,0.96117854,0.9807825,0.96799874,0.9713707,0.9660907,0.97050506,0.97615695,0.96022403,0.9804503,0.98546076,0.97668594,0.98686635,0.953382,0.9773385,0.9747142,0.9778201
angrybirdsmovie,0.9541965,0.94994575,0.9734719,0.9348281,0.9563933,0.9587808,0.95732164,0.9666095,0.9616229,0.96306616,0.947068,1.0000001,0.95990545,0.96342844,0.95653075,0.9768678,0.9343887,0.9591329,0.93935716,0.95683235,0.9545925,0.9573792,0.95357156,0.93738014,0.9595598,0.6792686,0.9427767,0.9334159,0.9544112,0.9556616,0.93699735,0.95800185,0.94247895,0.9581277,0.91034937,0.8395001,0.94715357,0.95292455,0.95382816,0.9601061,0.9327843,0.9447224,0.9485249,0.9590202,0.9475531,0.9276707,0.95076483,0.96572274,0.95329475,0.9514443,0.96267855,0.96228653,0.97116655,0.93142897,0.94452745,0.9419208,0.9441217,0.94372106,0.94326663,0.96931773,0.93433684,0.9315897,0.94684404,0.95328075,0.94328254,0.9274083,0.95186967,0.9539128,0.9626335,0.93421876,0.96159935,0.5212968,0.92178345,0.957606,0.9491622,0.95063037,0.89092714,0.9439262,0.9415385,0.95200413,0.9523726,0.9592255,0.9576515,0.96184987,0.9699524,0.95736617,0.95824873,0.972601,0.95706546,0.95928997,0.8982426,0.96159935,0.922745,0.94584334,0.9568648,0.96200484,0.94864315,0.9617213,0.9617515,0.9560729,0.93472606,0.95138884,0.92838883,0.94643086,0.9688049,0.96153265,0.9565551,0.97164637,0.9594495,0.96184224,0.96156013,0.67761195,0.9610885,0.9090368,0.9509079,0.9535122,0.9608017,0.9451817,0.9451851,0.95783544,0.925151,0.95151556,0.95668256,0.94428986,0.9572568,0.94514614,0.9492015,0.9414028,0.95927477,0.9335293,0.9556584,0.9603497,0.9454973,0.96377057,0.9505446,0.94037116,0.9525906,0.9479249,0.9709875,0.95918095,0.9616229,0.9536409,0.95627356,0.94969904,0.9533924,0.960099,0.93690664,0.9521862,0.94972795,0.9606594,0.95788205,0.9611844,0.94185024,0.9476826,0.96370673,0.9569919,0.94229305,0.9613611,0.9638169,0.9689793,0.9616229,0.94546014,0.96257603,0.96435374,0.96054333
annabellemovie,0.97763306,0.969756,0.9834247,0.9846781,0.98808765,0.98348284,0.98747915,0.9829109,0.9934266,0.9886261,0.98338395,0.95990545,1.0000001,0.9890233,0.979845,0.98384744,0.97961414,0.9853497,0.9701257,0.9826027,0.9745588,0.9791004,0.9845275,0.9869154,0.988533,0.713332,0.97179234,0.98107755,0.9849847,0.9743856,0.9685586,0.99198407,0.9625097,0.96820277,0.95296484,0.8839857,0.9879827,0.98334,0.98525685,0.99021316,0.98401016,0.9695168,0.9701613,0.9740594,0.98763794,0.9742254,0.9821632,0.9812703,0.98298377,0.97639555,0.9841404,0.99460775,0.9855454,0.9683935,0.98364943,0.9813543,0.96661377,0.98288184,0.9774712,0.986909,0.98908913,0.9814116,0.9823905,0.9929343,0.98830837,0.9726998,0.97396636,0.9865364,0.9911546,0.96670926,0.98441505,0.5394776,0.9700269,0.9861059,0.97413695,0.9706169,0.91194767,0.9658536,0.97381824,0.98650163,0.9859556,0.9769996,0.99233484,0.96890223,0.9875003,0.9761281,0.9716088,0.9936879,0.978224,0.9890506,0.9610625,0.98441505,0.96479815,0.9875093,0.98355347,0.9779431,0.9861889,0.9869335,0.9864643,0.9755551,0.96996677,0.9885041,0.9695503,0.978165,0.98558426,0.9849812,0.9859667,0.9894688,0.976723,0.9836879,0.9858521,0.62986183,0.9810291,0.91019374,0.9660701,0.9807769,0.9799697,0.96769774,0.98762226,0.9793539,0.97988385,0.9813023,0.9929642,0.9796137,0.9894252,0.97974914,0.9854208,0.9689208,0.984021,0.93954366,0.98384976,0.98575073,0.98733056,0.9561597,0.98312855,0.9705619,0.9724487,0.98294455,0.9805012,0.97670484,0.9934266,0.9826157,0.9750372,0.9825258,0.97164834,0.9894488,0.9719071,0.9834085,0.99025315,0.9769365,0.9862974,0.9831495,0.98387426,0.9665172,0.9758361,0.9774249,0.9737189,0.9780951,0.98692465,0.9834937,0.9934266,0.96611595,0.98663694,0.9897403,0.98125285
annamovie,0.98564154,0.965528,0.98979026,0.9821652,0.98945683,0.987083,0.9891802,0.9881164,0.9962389,0.99384004,0.9817563,0.96342844,0.9890233,1.0000001,0.9877244,0.9872443,0.9871417,0.99174976,0.98617244,0.99107563,0.98068404,0.9904607,0.9917119,0.98868173,0.98482865,0.71683437,0.97585744,0.98826164,0.9893865,0.9825573,0.9810927,0.9892729,0.97844315,0.97642523,0.94568837,0.8850051,0.99092245,0.9814393,0.9887281,0.9873713,0.981285,0.9857791,0.97514814,0.9904587,0.99037987,0.97042733,0.98948073,0.9853311,0.9835933,0.98882973,0.99329305,0.994909,0.98522544,0.96891165,0.97472775,0.9843503,0.97785896,0.9861858,0.9818168,0.9896838,0.98766255,0.9844992,0.98645693,0.9942583,0.98936206,0.97155267,0.9865179,0.99004614,0.9908348,0.9741887,0.99016005,0.5194122,0.972093,0.98973,0.9860863,0.97643626,0.9120348,0.9766917,0.98389333,0.9841926,0.9814848,0.9819311,0.98739403,0.984561,0.98315567,0.9796728,0.9802997,0.98823893,0.97633725,0.9922858,0.9676351,0.99016005,0.97030073,0.98567563,0.9921017,0.9837313,0.9825807,0.9889848,0.9828918,0.9863108,0.96673924,0.99015707,0.982373,0.9822063,0.98666024,0.9930054,0.98947924,0.9890131,0.9904889,0.9779659,0.9898338,0.62352586,0.98938996,0.9231584,0.97175276,0.98266566,0.987219,0.9778777,0.99222326,0.98437357,0.982142,0.98908174,0.9882387,0.97352713,0.99075687,0.9806585,0.9774611,0.9878906,0.98922265,0.9563156,0.98998237,0.98889714,0.9913709,0.97916245,0.98798555,0.98211694,0.9854363,0.985396,0.985935,0.980546,0.9962389,0.99136764,0.9739742,0.98470604,0.97007316,0.9905934,0.9778875,0.97809076,0.98974144,0.97931534,0.98744726,0.9874503,0.98010856,0.9764966,0.97901857,0.9842388,0.984692,0.9868884,0.9947544,0.9904735,0.9962389,0.9707196,0.993596,0.99405146,0.99411756
apollo11movie,0.9920854,0.976034,0.9843796,0.97093487,0.98410726,0.97208315,0.9905108,0.9771177,0.98893243,0.9812123,0.9743165,0.95653075,0.979845,0.9877244,1.0,0.9862564,0.97819716,0.98618406,0.987723,0.9907815,0.98217255,0.965964,0.98131615,0.97672147,0.97926295,0.6915423,0.9622229,0.9803598,0.9799592,0.9820898,0.9860181,0.9863842,0.97984064,0.96838564,0.9148291,0.8459018,0.9772423,0.9843423,0.9836193,0.9866906,0.96988744,0.9843554,0.98444885,0.9869477,0.98853624,0.9486377,0.9771118,0.98033667,0.97633326,0.9874839,0.9825041,0.9865471,0.9745082,0.96915793,0.96444523,0.9769653,0.9693502,0.9825435,0.9788476,0.9806397,0.976943,0.97178614,0.9903081,0.9788193,0.9776361,0.96430093,0.9761334,0.9847795,0.9712393,0.9502821,0.98781794,0.4845033,0.9615703,0.98820055,0.9642782,0.9714047,0.87999135,0.98850125,0.9827543,0.9764748,0.9745363,0.99301475,0.9829435,0.96855617,0.9760402,0.9786447,0.98570323,0.97954905,0.9724374,0.98599535,0.9591201,0.98781794,0.9764853,0.98266214,0.98595625,0.9907598,0.9802168,0.9837235,0.98544097,0.96766526,0.94500995,0.9808364,0.9775351,0.98419875,0.97273,0.98386586,0.9818718,0.98218983,0.9818451,0.9717802,0.98140496,0.5817247,0.98419935,0.8949615,0.9707412,0.98060733,0.9938236,0.9578687,0.98162514,0.9858154,0.9755654,0.9826012,0.98401463,0.95651275,0.9813963,0.9830929,0.9584565,0.9761701,0.97957695,0.9509131,0.98837817,0.97377056,0.9792871,0.96350753,0.98216087,0.9814594,0.9776892,0.9805325,0.9861175,0.96063095,0.98893243,0.9797113,0.9572545,0.989519,0.95644283,0.9853585,0.97409946,0.95940316,0.97832084,0.98313963,0.98792577,0.9852786,0.9656859,0.97544295,0.98466665,0.98789245,0.9789872,0.98826176,0.98728627,0.9816245,0.98893243,0.95373994,0.98819155,0.9873391,0.9844517
arcticdogsmovie,0.9813905,0.98500866,0.9833243,0.96582603,0.9847272,0.97739255,0.9840006,0.98255193,0.9864665,0.9810194,0.97391325,0.9768678,0.98384744,0.9872443,0.9862564,1.0000001,0.96753335,0.98141336,0.9722326,0.9828386,0.9778492,0.96843565,0.97667396,0.9718341,0.9757732,0.7002214,0.9671458,0.97093487,0.97565734,0.97744274,0.9640851,0.98034686,0.9645852,0.96312195,0.93691593,0.86352795,0.9726289,0.9775275,0.9852447,0.98169774,0.9659984,0.97162676,0.98237836,0.9839542,0.98892736,0.95420825,0.9724956,0.97820634,0.98625034,0.98125565,0.98021704,0.98570377,0.9736168,0.97256714,0.9646969,0.9735029,0.9714313,0.98047656,0.96661544,0.9861433,0.9688022,0.96476007,0.98723394,0.9817187,0.9738451,0.95514494,0.9718425,0.9827429,0.9790289,0.96029675,0.9870734,0.51737565,0.9646903,0.9810211,0.9629495,0.9709287,0.9069296,0.97513753,0.9699791,0.97544366,0.97300655,0.9905825,0.9845931,0.9826481,0.98351055,0.9696092,0.97921324,0.9852524,0.9661492,0.98644453,0.9413834,0.9870734,0.9612576,0.97403985,0.98379725,0.9902831,0.9739945,0.98299927,0.991302,0.9718594,0.95491207,0.9846973,0.9600142,0.9834016,0.9808098,0.98071665,0.9814319,0.99380213,0.9766842,0.97588444,0.9835083,0.64979255,0.98867863,0.90892655,0.97541624,0.9748319,0.9838825,0.95759326,0.97790873,0.9812278,0.9640787,0.9860742,0.9821278,0.96774995,0.9783849,0.9708802,0.9657745,0.9622445,0.9815918,0.9612636,0.9770263,0.97845674,0.9765078,0.9744124,0.98344755,0.970851,0.97172874,0.97631377,0.9898371,0.96119493,0.9864665,0.9751256,0.97261095,0.9822562,0.96870935,0.9825414,0.9639035,0.9718881,0.98375726,0.98191947,0.9871485,0.9938586,0.96218795,0.97357935,0.98869586,0.9803303,0.9655041,0.9842086,0.98425317,0.9844127,0.9864665,0.95520353,0.9802633,0.98359674,0.9789347
arcticmovie,0.9811655,0.9532567,0.981182,0.980898,0.9878167,0.9641644,0.9820549,0.9751451,0.99018514,0.9793728,0.9818387,0.9343887,0.97961414,0.9871417,0.97819716,0.96753335,0.99999994,0.98646307,0.9813474,0.97983676,0.9712522,0.9819251,0.97445726,0.9894299,0.9775977,0.6775782,0.9702688,0.9880459,0.9846754,0.97840464,0.9808656,0.9812949,0.9645368,0.9753755,0.93216103,0.8696667,0.9841994,0.9802609,0.9747264,0.9737827,0.97961026,0.9850071,0.96106434,0.98584,0.98159456,0.9663972,0.9731423,0.97469115,0.97016096,0.98611826,0.9847341,0.9823011,0.9807316,0.9709186,0.9766499,0.98866266,0.97113883,0.9890244,0.97954655,0.9796559,0.99247944,0.9767441,0.97315484,0.9804708,0.9799976,0.98674786,0.9859601,0.9787867,0.9823379,0.9609383,0.98436403,0.4938477,0.9673976,0.9809946,0.9791756,0.97105336,0.8829063,0.97334045,0.9828315,0.9735541,0.9858039,0.97370785,0.9807637,0.95986336,0.9662539,0.98175526,0.969566,0.98209405,0.97522765,0.9841212,0.97040576,0.98436403,0.9769271,0.9877984,0.98299885,0.976279,0.982418,0.98613286,0.97169656,0.9683609,0.9580115,0.98218757,0.97881496,0.9779613,0.96780485,0.9873307,0.9847873,0.9748831,0.9814233,0.97441065,0.9816147,0.52605635,0.97673476,0.88163006,0.9607018,0.98057264,0.9815193,0.9726857,0.99154,0.97795236,0.9850072,0.98292893,0.9853858,0.9525066,0.98700327,0.9892815,0.97130597,0.98046577,0.9753838,0.93301666,0.9826423,0.9796574,0.99521524,0.95415556,0.9856756,0.97859424,0.9820559,0.9791026,0.97326076,0.9690342,0.99018514,0.98675287,0.9612084,0.976985,0.95111686,0.9754994,0.9695064,0.9677035,0.98770535,0.9659054,0.9705311,0.975511,0.98197055,0.96578366,0.9643302,0.9796433,0.96976453,0.9808938,0.9856603,0.9747789,0.99018514,0.9514329,0.9887187,0.98466825,0.9882143
artofracingmovie,0.990267,0.96407557,0.98646474,0.9813821,0.9940601,0.97772384,0.9941058,0.9736174,0.99563396,0.9827219,0.9791679,0.9591329,0.9853497,0.99174976,0.98618406,0.98141336,0.98646307,1.0000001,0.98703766,0.9903747,0.9781856,0.98537374,0.98622817,0.99259245,0.9825348,0.7173421,0.9835589,0.9847533,0.98848253,0.9742232,0.97901493,0.98786163,0.96490216,0.9787757,0.9516322,0.8863672,0.9824024,0.98796016,0.98771626,0.98827726,0.97843105,0.9892046,0.978884,0.9917791,0.9866999,0.9613253,0.98721904,0.9854244,0.9809984,0.9926789,0.9898976,0.9933925,0.9866231,0.9697473,0.96858853,0.98790133,0.97608846,0.98760694,0.9839766,0.9928865,0.991129,0.9834603,0.9820915,0.9857986,0.98623854,0.9718699,0.9815905,0.9896568,0.98902386,0.963988,0.99480075,0.53327787,0.96324223,0.988262,0.9752924,0.9823671,0.91844285,0.9843147,0.9881348,0.9808445,0.9837515,0.98297644,0.9873004,0.9763506,0.9758089,0.9789571,0.9789022,0.989805,0.9789498,0.9902697,0.9597038,0.99480075,0.9736653,0.9882265,0.98664,0.98643196,0.9897128,0.986006,0.9874368,0.97894025,0.9552755,0.99080503,0.9728257,0.98734653,0.98028684,0.99033463,0.9860014,0.9827707,0.9859962,0.97956616,0.99417615,0.59288144,0.98495007,0.91664624,0.9712442,0.9908561,0.9923436,0.97266173,0.9893308,0.98968166,0.97850496,0.9853452,0.989964,0.96058744,0.9912543,0.9854894,0.977638,0.988677,0.99172074,0.94199055,0.9903022,0.98632634,0.99001354,0.97088563,0.98488843,0.9751821,0.98501456,0.9913244,0.98937607,0.97709966,0.99563396,0.98767513,0.96542597,0.9842802,0.9518063,0.987884,0.97581196,0.9784606,0.9867725,0.9858242,0.9878808,0.9824127,0.9790448,0.98081034,0.9780296,0.99090666,0.9824645,0.9816858,0.9868142,0.9883996,0.99563396,0.96405506,0.990194,0.99196345,0.9931267
avengers,0.9953736,0.9515594,0.97678745,0.9701481,0.9800953,0.9606053,0.9824906,0.9662251,0.98612404,0.97651803,0.96542126,0.93935716,0.9701257,0.98617244,0.987723,0.9722326,0.9813474,0.98703766,0.9999999,0.9863312,0.97764367,0.9711437,0.9832603,0.98262155,0.97883713,0.7024309,0.96463704,0.97761625,0.9770149,0.971987,0.98727995,0.97931665,0.98117185,0.96215546,0.9267468,0.8587413,0.9816326,0.9860673,0.9799107,0.98226774,0.959734,0.99334544,0.9815201,0.98791814,0.98131984,0.9440908,0.98406655,0.9708293,0.9683931,0.99124867,0.9812227,0.9802721,0.9687016,0.96502894,0.9569872,0.9713165,0.97256863,0.97742766,0.975053,0.9819786,0.97881556,0.97541714,0.9766632,0.97770995,0.97655964,0.9594328,0.981529,0.9799633,0.9719108,0.95465297,0.98769414,0.48642433,0.94601184,0.9773873,0.970682,0.9746419,0.8910245,0.9852768,0.9847606,0.96255165,0.9731167,0.97677976,0.9745892,0.9695095,0.96261895,0.9768422,0.9778943,0.9726368,0.97718954,0.97982204,0.95273244,0.98769414,0.974043,0.97735184,0.9852618,0.9833716,0.98192537,0.9795841,0.9715876,0.9716698,0.9365689,0.9808119,0.97429013,0.98408145,0.9627017,0.9822666,0.9761884,0.96888316,0.9812135,0.9635857,0.97909814,0.57926047,0.9811789,0.9024615,0.96199137,0.9830685,0.9918802,0.960757,0.9845197,0.9781949,0.9673422,0.97713643,0.97477156,0.94184035,0.98408514,0.9818539,0.9539504,0.98392564,0.98178566,0.9477006,0.9866983,0.9723839,0.9818206,0.95719486,0.979409,0.9725323,0.9868497,0.98274183,0.98333716,0.95909494,0.98612404,0.9804925,0.94156545,0.98358345,0.9357383,0.98217624,0.9762674,0.96009886,0.9765267,0.9853369,0.97628593,0.9788283,0.9636242,0.9802641,0.9670517,0.98573136,0.9785186,0.9760193,0.9796729,0.97758114,0.98612404,0.947999,0.9868637,0.98513573,0.9855009
beachbummovie,0.99010515,0.9665817,0.9855681,0.98044604,0.98576087,0.9756681,0.9917224,0.9727837,0.99334353,0.9820415,0.9804807,0.95683235,0.9826027,0.99107563,0.9907815,0.9828386,0.97983676,0.9903747,0.9863312,1.0000001,0.97102225,0.97849154,0.9874504,0.98831975,0.97789466,0.749054,0.97351724,0.9835505,0.98700505,0.98308414,0.9853793,0.9924731,0.9732969,0.9676996,0.9409391,0.88932115,0.9844697,0.9803509,0.9906349,0.9869129,0.9757904,0.9778542,0.97562176,0.98213446,0.98820007,0.95516324,0.98627734,0.9820205,0.97150505,0.9819005,0.99142563,0.9907552,0.9785299,0.96316504,0.96362543,0.982766,0.96907496,0.9797866,0.99081236,0.986516,0.98221487,0.9881451,0.9874329,0.98916525,0.984746,0.96886426,0.97319853,0.9887167,0.9826407,0.97134286,0.98987854,0.48831543,0.9726428,0.9877097,0.9753276,0.9777085,0.9028157,0.98339707,0.98959345,0.97793114,0.97533524,0.9810558,0.98351026,0.9734009,0.97952306,0.9744527,0.9850824,0.98039854,0.9702229,0.9910282,0.96205163,0.98987854,0.96128327,0.98303896,0.9876412,0.99007326,0.9837733,0.9903914,0.9843841,0.9769235,0.9554471,0.9862366,0.97824967,0.97845435,0.97749376,0.990809,0.98350966,0.9843134,0.98216796,0.97056115,0.98732114,0.591382,0.9792626,0.93240005,0.9579661,0.9872097,0.99119747,0.9653306,0.9835768,0.98858315,0.9747069,0.9768256,0.98756045,0.9528501,0.9890479,0.9831512,0.96998876,0.98787844,0.98773915,0.94160765,0.9863405,0.97897524,0.98457,0.9725381,0.9828756,0.9811987,0.9828103,0.98545325,0.98556185,0.9764582,0.99334353,0.9897862,0.96089804,0.99063414,0.9536954,0.99087644,0.98143893,0.9716079,0.98312724,0.9857371,0.9901873,0.98224145,0.96910995,0.97985977,0.97704047,0.9905935,0.9889489,0.98128,0.9834536,0.98177785,0.99334353,0.9676131,0.98815566,0.9870677,0.992715
bernadettefilm,0.9827324,0.96757936,0.9807871,0.9761734,0.9829429,0.9736906,0.97650933,0.9716841,0.98054534,0.9777928,0.95501065,0.9545925,0.9745588,0.98068404,0.98217255,0.9778492,0.9712522,0.9781856,0.97764367,0.97102225,1.0,0.9638829,0.9724715,0.9679534,0.9816045,0.65037495,0.9614632,0.9636202,0.9738919,0.96179605,0.9726009,0.9726655,0.9549051,0.97672373,0.91734457,0.8481371,0.9754571,0.98615247,0.9663263,0.97426546,0.95592225,0.98487175,0.967298,0.97979945,0.97818637,0.95440555,0.9693522,0.9815336,0.9749273,0.98178273,0.97374326,0.9746353,0.97616863,0.95514643,0.97911507,0.9652438,0.9735629,0.9790517,0.969796,0.9768681,0.9701202,0.9598593,0.97364473,0.9678272,0.9734951,0.9495333,0.97379375,0.9654628,0.9722633,0.96086437,0.97753507,0.46155122,0.94752383,0.97355473,0.96545416,0.9585659,0.8877228,0.97504896,0.96825814,0.96270233,0.9682981,0.9798539,0.9677501,0.9734631,0.9713058,0.9686046,0.9602055,0.9791463,0.9668269,0.9765137,0.9329407,0.97753507,0.9691028,0.9713085,0.9755596,0.977249,0.97418696,0.97681075,0.97525907,0.9620027,0.9551159,0.9768346,0.9633721,0.9750592,0.97590876,0.9749042,0.9740953,0.975165,0.97747105,0.9687088,0.9727356,0.61441547,0.9869307,0.884325,0.9819052,0.97046673,0.98513335,0.94867486,0.97814393,0.9679158,0.9573964,0.97965723,0.9783561,0.9646068,0.97485363,0.9779476,0.96039766,0.9646103,0.97048634,0.9503854,0.9886241,0.96546435,0.97407967,0.94747895,0.9819025,0.9569064,0.9802603,0.96673006,0.9810286,0.96484524,0.98054534,0.96941346,0.9609638,0.9718542,0.94617033,0.9767713,0.9715674,0.9621343,0.9710818,0.9700136,0.97236645,0.9849457,0.96509737,0.9590156,0.9751974,0.9786538,0.9587782,0.9765172,0.97725296,0.9787898,0.98054534,0.94138503,0.98426265,0.9836884,0.9770341
