movie,21bridgesmovie,47metersdown,abeautifuldaymovie,abominablemovie,adastramovie,adogsjourneymovie,aftermathmovie,aftermovie,ahiddenlifefilm,alitamovie,angelhasfallen,angrybirdsmovie,annabellemovie,annamovie,apollo11movie,arcticdogsmovie,arcticmovie,artofracingmovie,avengers,beachbummovie,bernadettefilm,blackandbluemovie,blackchristmas,blindedbythelightmovie,bombshellmovie,booksmart,breakthroughmovie,brianbanksmovie,brightburnmovie,brittanyrunsmov,captainmarvelofficial,captivestatemovie,catsmovie,charliesangels,childsplaymovie,clarathefilm,coldpursuitmovie,countdown,currentwarmovie,darkwatersmovie,detectivepikachumovie,disneyaladdin,disneyfrozen,disneymaleficent,doctorsleepmovie,dolemiteismyname,dontletgomovie,doramovie,downtonabbey_official,dumbo,escaperoom,everybodyknowsmovie,fastandfuriousmovie,fightingwmyfam,fivefeetapartfilm,fordvferrari,freaksthefilm,geminimanmovie,glassmovie,gloriabellmovie,godzillamovie,goldfinchmovie,goodboysmovie,goodliarmovie,gretafilm,halathemovie,happydeathdaymovie,harrietfilm,hellboymovie,hersmellmovie,highlifemovie,highstrungmovie,honeyboymovie,hotelmumbaifilm,httydragon,hustlemovie,hustlersmovie,isntitromantic,itmovieofficial,jayandsilentbob,johnwickmovie,jojorabbitmovie,jokermovie,judythefilm,jumanjimovie,justmercyfilm,knivesout,lalloronamovie,lastblackmansf,lastchristmasthemovie,latenightmovie,lighthousemovie,lionking,littlethemovie,littlewomenmovie,littlewoodsfilm,longshotmovie,lordsofchaosmovie,lucyintheskyfilm,mamovie2019,marriagestory,meettheaddams,meninblack,midsommarmovie,midwaymovie,missbalamovie,missinglinkfilm,motherlessbklyn,onceinhollywood,onthebasisofsex,overcomermovie,peanutbutterfalcon,petsematarymovie,piercingmovie,playingwithfire,playmobilthemovie,pomsmovie,queenandslim,rambomovie,readyornotfilm,richardjewellfilm,rocketmanmovie,scarystoriesmovie,secretlifeofpets,serenityfilm,shaftmovie,shazammovie,spidermanmovie,spiesindisguise,starwars,stormboymovie,stubermovie,taosdfilm,teenspiritmov,terminator,theaeronautsmov,thebestofenemies,thedeaddontdie,thefarewell,thehighwaymen,thehummingbirdprojectfilm,theintrudermovie,theirishmanfilm,thekitchenmovie,thelegomovie,themustangfilm,thenightingalefilm,theprodigymovie,thesunisalsoastar,theupsidefilm,tolkienmovie,toystory,triplefrontier,uglydolls,uncutgems,underthesilverlake,usmovie,wavesmovie,whatmenwant,wonderparkmovie,wrinklestheclown,xmenmovies,yardiefilm,yesterdaymovie,zombieland
21bridgesmovie,0.99999994,0.95963866,0.9695829,0.96021,0.97287965,0.9688114,0.97263587,0.9653969,0.979786,0.96772677,0.9612356,0.96217877,0.9620578,0.96288,0.97574246,0.96986437,0.9701397,0.9685473,0.9782527,0.9617772,0.9638604,0.96199685,0.963845,0.96766883,0.9682974,0.89413196,0.9669992,0.97014517,0.9660126,0.9694595,0.9593268,0.9703017,0.95788383,0.96996933,0.9511745,0.9456603,0.9677091,0.9711444,0.9695595,0.9652072,0.9640839,0.9781272,0.964578,0.9730467,0.96399415,0.96030754,0.96733946,0.96609765,0.95351034,0.9778249,0.96458054,0.9716779,0.9620159,0.9543885,0.9545074,0.97261864,0.96966016,0.9682166,0.96519446,0.95474327,0.9557289,0.96613127,0.96531975,0.9566174,0.9652943,0.9692158,0.9531738,0.9626314,0.96961606,0.9511725,0.9629423,0.8245175,0.9662462,0.97598964,0.94898,0.9667968,0.9448255,0.96685207,0.959671,0.9572268,0.9572154,0.9546133,0.96244043,0.9447823,0.96377516,0.96776795,0.94893235,0.9670909,0.96853334,0.9658271,0.9662732,0.9629423,0.97444296,0.9642897,0.96213126,0.9702879,0.96158534,0.97252464,0.95512676,0.96159816,0.95782214,0.9555171,0.95976114,0.9535193,0.9677684,0.9637098,0.97390217,0.96536285,0.96654654,0.97250444,0.9698809,0.90761,0.96898896,0.9173637,0.9614926,0.9767892,0.9933015,0.9572377,0.9711797,0.96674484,0.96702754,0.97409004,0.96151465,0.9667862,0.965549,0.962418,0.95479274,0.95790225,0.9618622,0.9465765,0.9648024,0.9624705,0.9716909,0.9545256,0.9651525,0.97367525,0.9868688,0.9565253,0.9610119,0.9469305,0.979786,0.96585256,0.9634461,0.9631269,0.962458,0.96757376,0.95755786,0.9529791,0.9672922,0.9813363,0.96847343,0.9710402,0.9627559,0.96357685,0.9556506,0.9654086,0.9680029,0.96217716,0.972434,0.9498278,0.979786,0.9538159,0.97067297,0.9691389,0.9610089
47metersdown,0.95963866,1.0000001,0.9648324,0.9536699,0.9711754,0.9551587,0.9643209,0.9627006,0.9740954,0.96654695,0.9540924,0.9542261,0.9564606,0.9543752,0.96252984,0.9711273,0.9654913,0.9674306,0.96325797,0.9441023,0.9722583,0.9429961,0.9638257,0.96046776,0.96262085,0.8820041,0.9573056,0.96708614,0.96009773,0.9570853,0.9527764,0.9717839,0.95496553,0.96933043,0.94873023,0.93576103,0.96287835,0.9546138,0.9728162,0.9660358,0.9564729,0.9646971,0.95029694,0.9556601,0.9659489,0.94772154,0.96106577,0.9620266,0.96208525,0.96279234,0.9580851,0.96807545,0.9514167,0.9456886,0.93643576,0.9657286,0.97058433,0.9627444,0.96591324,0.9467597,0.9525273,0.9569007,0.9538314,0.9597246,0.96920097,0.944318,0.9567779,0.9674901,0.9554046,0.9517203,0.95498586,0.8359445,0.95337933,0.96270627,0.93589085,0.9519613,0.9409201,0.95980513,0.96181226,0.9627641,0.9486208,0.94692236,0.96105295,0.9522191,0.9464249,0.95704854,0.9494584,0.9626026,0.96057904,0.9673395,0.9559871,0.95498586,0.959607,0.94751847,0.95556116,0.9552843,0.95677996,0.964352,0.95752525,0.9644709,0.9516762,0.950316,0.9500234,0.9535033,0.96445113,0.9505916,0.96876675,0.9544109,0.95461756,0.9661891,0.9681606,0.9050531,0.9662008,0.90984625,0.96582365,0.9706062,0.9647737,0.9535751,0.9629303,0.95864826,0.9535041,0.9681086,0.94219905,0.9600055,0.9515601,0.96223325,0.96002734,0.9500386,0.9603226,0.95266116,0.9671983,0.94794035,0.9692943,0.94639915,0.96445847,0.9568743,0.9587648,0.9604149,0.9524651,0.95123506,0.9740954,0.95294416,0.94928765,0.95884806,0.9659253,0.95867366,0.94514406,0.95331955,0.96451163,0.95014304,0.9590456,0.95686865,0.95592463,0.94846624,0.94787747,0.95646155,0.95744216,0.9420589,0.9585704,0.9645247,0.9740954,0.95686126,0.97177255,0.9593305,0.95798016
abeautifuldaymovie,0.9695829,0.9648324,0.9999999,0.97492296,0.97246915,0.9708656,0.97839296,0.9783084,0.9874649,0.96790093,0.9623899,0.96861005,0.9746054,0.9716788,0.9792802,0.981117,0.9715131,0.9799696,0.9696016,0.9680007,0.9745586,0.97546375,0.97526944,0.9741969,0.97250223,0.912713,0.9689693,0.9707339,0.98540753,0.9781387,0.9647407,0.97947496,0.9741505,0.97357976,0.96100837,0.9536558,0.9756915,0.97149944,0.9711991,0.9799815,0.9717255,0.9708594,0.9551662,0.9662647,0.9720336,0.96319336,0.97200423,0.95982456,0.97280777,0.97395843,0.9868248,0.9824053,0.9713889,0.96918917,0.9667516,0.97340846,0.96980536,0.9769247,0.9717925,0.9778938,0.9696211,0.97784406,0.9756305,0.96606344,0.97600555,0.9677922,0.9688179,0.9781291,0.9618825,0.96942437,0.97707295,0.8594849,0.9716255,0.97486585,0.9446953,0.9679321,0.95410645,0.9674598,0.9712409,0.97240967,0.9623313,0.9673422,0.97470397,0.9637154,0.9740898,0.9722869,0.96370775,0.98013777,0.97382474,0.97750425,0.9725592,0.97707295,0.9687539,0.96925634,0.98015654,0.9769132,0.96362144,0.9764172,0.9677212,0.9667203,0.9644623,0.9694182,0.9763794,0.974271,0.96683085,0.9865454,0.98684245,0.97699517,0.97577643,0.97393525,0.9769999,0.9366387,0.9736198,0.9358323,0.96609807,0.97368383,0.9743323,0.95508355,0.9804153,0.97667134,0.9728719,0.9735932,0.9672119,0.95822215,0.96827734,0.96732765,0.9663307,0.9733662,0.96834546,0.94665456,0.9708971,0.96395946,0.97064245,0.94953877,0.9763712,0.97669435,0.9746681,0.9665327,0.9752493,0.9703795,0.9874649,0.9841178,0.969851,0.9694811,0.970873,0.9794131,0.9744214,0.96426827,0.97935617,0.9636992,0.9776534,0.9822668,0.9615953,0.9650642,0.9616942,0.9791526,0.967929,0.9713826,0.9745723,0.96385694,0.9874649,0.96274936,0.9786156,0.9799062,0.98230875
abominablemovie,0.96021,0.9536699,0.97492296,0.9999999,0.9672849,0.96916187,0.9806665,0.96686774,0.9805234,0.9686168,0.9600878,0.9544717,0.97741985,0.9659729,0.9651534,0.97677135,0.95740163,0.97539616,0.9550993,0.9488634,0.9658634,0.9675215,0.9690716,0.96911657,0.9713223,0.9116335,0.960894,0.9654228,0.9719925,0.9671402,0.9616464,0.9747603,0.96227825,0.966441,0.96478105,0.9491751,0.96716243,0.971547,0.9667896,0.9699289,0.9603742,0.9641197,0.94750196,0.95603436,0.97200805,0.9549668,0.97063005,0.95550495,0.96512,0.96273166,0.97416276,0.9754753,0.9686677,0.9663966,0.9598516,0.9666164,0.967224,0.96935475,0.9767711,0.97467184,0.96287054,0.9774448,0.96781,0.9598111,0.9684166,0.9612305,0.95777035,0.97019166,0.9604819,0.96205777,0.97727156,0.8461407,0.9635552,0.9665168,0.95242304,0.96644926,0.9558023,0.96255565,0.9775349,0.95430005,0.9518052,0.9744593,0.961507,0.9627428,0.9763187,0.9736995,0.9697563,0.9779002,0.9727958,0.9721365,0.9664323,0.97727156,0.9641021,0.9563694,0.97178614,0.96346223,0.96564525,0.96830267,0.96762997,0.96604896,0.9568705,0.9571372,0.95934826,0.97292084,0.96157587,0.97516036,0.9726223,0.9711834,0.96933395,0.96198666,0.9652658,0.9375311,0.9722571,0.93433946,0.9579802,0.96795267,0.96841204,0.96262014,0.9688834,0.9804601,0.9722338,0.9716641,0.9640702,0.95971227,0.95838374,0.96991915,0.97005653,0.9603234,0.96415,0.9455173,0.95904326,0.964469,0.9602791,0.9371885,0.9735018,0.9653174,0.9651225,0.95957214,0.97583216,0.960964,0.9805234,0.9698984,0.96424127,0.9573044,0.9667269,0.9743828,0.96087325,0.9630338,0.96862376,0.9623996,0.97099686,0.96955997,0.95291674,0.95405936,0.95469314,0.9742352,0.9691814,0.968594,0.963304,0.9635958,0.9805234,0.9575496,0.9664909,0.97278756,0.9737435
adastramovie,0.97287965,0.9711754,0.97246915,0.9672849,1.0,0.9663679,0.9782602,0.96814585,0.98367476,0.97415966,0.96495533,0.9666349,0.97432446,0.96909404,0.9780559,0.97093713,0.9792357,0.98226875,0.9702983,0.95167446,0.9683336,0.9570772,0.97070915,0.96745044,0.9732076,0.89383364,0.96990186,0.9739922,0.96431124,0.96592677,0.96493345,0.97676414,0.958064,0.97956634,0.95817953,0.94680613,0.96405244,0.97743714,0.97381645,0.973084,0.9688898,0.97916085,0.95875543,0.9723265,0.9734051,0.9578269,0.97203165,0.97008735,0.9697578,0.9770865,0.96870136,0.9776574,0.9643924,0.96063113,0.96549773,0.97717136,0.9702127,0.9728252,0.9724347,0.9625281,0.96816146,0.96513057,0.97492397,0.96458465,0.9713926,0.9588668,0.9604305,0.9696543,0.97450155,0.95952016,0.9703926,0.8352847,0.95429575,0.97298956,0.95090985,0.965001,0.943953,0.97436285,0.96710414,0.9585798,0.9558328,0.9643696,0.96990585,0.96656126,0.9695639,0.9695709,0.9608047,0.97490823,0.97285056,0.9696745,0.96713585,0.9703926,0.9757919,0.9673982,0.97053665,0.96488804,0.97362906,0.97248816,0.95986694,0.97048366,0.9551109,0.9588613,0.9598925,0.9689524,0.96633524,0.9661544,0.980693,0.96399236,0.9576445,0.9752458,0.975456,0.91364574,0.96969825,0.927774,0.9670722,0.97596705,0.97742206,0.9604016,0.9732561,0.97431034,0.9732178,0.9743417,0.96886307,0.9669922,0.966829,0.96818787,0.9642743,0.96171427,0.98123103,0.9513556,0.9684253,0.9747137,0.977802,0.96099913,0.97414035,0.9655822,0.9727004,0.96364415,0.97150636,0.95578194,0.98367476,0.96101093,0.96002,0.96712434,0.9725571,0.9787717,0.9604958,0.95740104,0.97399473,0.96813625,0.9692043,0.9693484,0.9589746,0.96478873,0.9506502,0.9682878,0.9685034,0.95695156,0.9715021,0.9584022,0.98367476,0.9618502,0.9740909,0.9715837,0.96701574
adogsjourneymovie,0.9688114,0.9551587,0.9708656,0.96916187,0.9663679,1.0000001,0.9708588,0.96053517,0.9841923,0.9730526,0.9667432,0.9692127,0.9686137,0.9649164,0.9687359,0.9697895,0.96743256,0.9757577,0.9639436,0.9641935,0.9704766,0.9677003,0.9719337,0.96692747,0.967904,0.8973692,0.96191406,0.96194494,0.97228724,0.961852,0.9619547,0.9715123,0.9644747,0.9691576,0.97272754,0.951498,0.96456397,0.9657904,0.96586525,0.97552806,0.9636893,0.97599924,0.96184397,0.9699512,0.9642175,0.9676971,0.97657865,0.9675179,0.96509063,0.976619,0.9728514,0.97808284,0.96758646,0.96439725,0.95686376,0.96640366,0.97134036,0.9700362,0.9695853,0.9695077,0.961728,0.9673537,0.966665,0.9567851,0.9739717,0.9694708,0.9549345,0.9675056,0.9680243,0.9698661,0.9753158,0.8706824,0.95979345,0.96502596,0.9512023,0.96443343,0.9571658,0.9741562,0.96700144,0.9660291,0.96741927,0.96619654,0.9711018,0.95712876,0.9736111,0.9784394,0.97117096,0.9743026,0.9690963,0.9742596,0.9754141,0.9753158,0.96813023,0.9658002,0.96595544,0.9585821,0.96627814,0.9792448,0.9629667,0.96533066,0.96199924,0.96641535,0.97276837,0.9687108,0.96691185,0.9730191,0.97450906,0.9667946,0.9652567,0.9717334,0.9656,0.9331261,0.969721,0.9323819,0.96543604,0.9748265,0.9751963,0.9579364,0.97374135,0.96632415,0.97464174,0.97291195,0.96374893,0.98394006,0.9709957,0.971261,0.96947354,0.9569476,0.9640038,0.94760114,0.96939504,0.9669524,0.9692547,0.95822746,0.9723248,0.9643087,0.97077626,0.9672093,0.97194535,0.96516937,0.9841923,0.9668235,0.9760256,0.9718266,0.9695035,0.972968,0.9657976,0.97368675,0.9724235,0.96689767,0.9631938,0.9727758,0.96702135,0.955276,0.9672138,0.9790737,0.9683802,0.9673955,0.96724516,0.95687073,0.9841923,0.96418,0.9726194,0.9770221,0.97510076
aftermathmovie,0.97263587,0.9643209,0.97839296,0.9806665,0.9782602,0.9708588,1.0000001,0.97631913,0.9875972,0.97690356,0.9688078,0.9643414,0.9782145,0.9755324,0.9800112,0.98017734,0.9714538,0.9813232,0.9666874,0.9606315,0.97305596,0.96974206,0.9722472,0.9787045,0.9788567,0.90839326,0.9665112,0.9762372,0.978289,0.96943825,0.9626738,0.9750802,0.9631592,0.9742314,0.96906537,0.9581513,0.9724181,0.97920567,0.98029,0.9803859,0.96589863,0.97759926,0.9610156,0.9691548,0.9776945,0.9616881,0.973076,0.9753348,0.96901476,0.97597176,0.9772133,0.97975415,0.9796278,0.9699902,0.96900994,0.9741666,0.9743479,0.9739941,0.9751422,0.9739433,0.973667,0.97092074,0.9753432,0.9729147,0.97093946,0.9700823,0.97021675,0.97643733,0.9734995,0.97536516,0.9786137,0.8511032,0.967687,0.9773295,0.9551207,0.9761545,0.96363735,0.9652524,0.9700432,0.96573794,0.9658685,0.9820025,0.974582,0.9693911,0.9797388,0.9720437,0.9710089,0.98460424,0.98072946,0.9793673,0.97075593,0.9786137,0.96986526,0.96722245,0.97273606,0.9706441,0.97416866,0.9755881,0.98552257,0.97106606,0.96346205,0.9697763,0.9639252,0.97295505,0.97223467,0.9770929,0.98548454,0.97065216,0.9725786,0.97619015,0.977183,0.9403716,0.97327745,0.9367564,0.9653425,0.9721399,0.9774964,0.96712136,0.9802561,0.9916744,0.974819,0.9739458,0.97109663,0.96477246,0.9712526,0.9709363,0.9702564,0.9664496,0.97738814,0.9505542,0.9738446,0.97237724,0.97489613,0.95265675,0.9802061,0.9714563,0.9735709,0.9682464,0.9735123,0.96946377,0.9875972,0.9686803,0.96396947,0.96937037,0.97796583,0.9770551,0.9729953,0.97229344,0.9776385,0.97132117,0.98838985,0.9740602,0.9608314,0.97137916,0.96711886,0.9758921,0.9719653,0.97450787,0.9722114,0.96100557,0.9875972,0.9660834,0.9765661,0.97993654,0.97619814
aftermovie,0.9653969,0.9627006,0.9783084,0.96686774,0.96814585,0.96053517,0.97631913,1.0000001,0.9850109,0.9712968,0.9674941,0.96718293,0.9765426,0.9745775,0.9778804,0.97980803,0.9672123,0.9752741,0.9771325,0.96685344,0.9680142,0.9716763,0.9699431,0.97256076,0.9679853,0.9086559,0.97217244,0.967407,0.976272,0.9767263,0.96267426,0.9744576,0.9616147,0.97173977,0.96534455,0.9638446,0.9737571,0.97097814,0.9713483,0.97228414,0.9736578,0.97318715,0.9598054,0.9688967,0.96098363,0.9706523,0.97004586,0.9706244,0.96157783,0.9718698,0.9766235,0.9796406,0.9705548,0.9709885,0.96832263,0.96556693,0.96590817,0.97637683,0.9665262,0.9704892,0.96879274,0.9687157,0.9623417,0.968244,0.97274417,0.9684349,0.97073287,0.97458905,0.9675228,0.9685521,0.97611344,0.8495498,0.9758358,0.97599864,0.95929605,0.9693639,0.94980085,0.9615992,0.9708828,0.96119887,0.96777093,0.95949227,0.9762566,0.96705174,0.9692546,0.9626398,0.95997614,0.97730905,0.9724622,0.97972995,0.96747816,0.97611344,0.95899785,0.9655884,0.9699267,0.9746584,0.96080405,0.97725224,0.9580141,0.9660136,0.96998054,0.96845716,0.9654155,0.96779233,0.96590286,0.97897375,0.98527765,0.96749145,0.9659461,0.9757159,0.9812229,0.92498446,0.97486144,0.94668275,0.96925175,0.96448714,0.9678891,0.9609972,0.9812015,0.9764348,0.9709733,0.97318757,0.9662455,0.9591124,0.97172797,0.9630417,0.96494305,0.969907,0.9702622,0.9578286,0.9651611,0.96550584,0.96542513,0.9558859,0.97777855,0.97811115,0.96642363,0.9640055,0.96845895,0.97574574,0.9850109,0.9747884,0.9642534,0.9729798,0.9737591,0.9798297,0.96947074,0.9694511,0.97509336,0.9625109,0.9733658,0.9760829,0.9685601,0.97397083,0.9603163,0.9713285,0.96260464,0.96934044,0.97948354,0.96044403,0.9850109,0.9601149,0.9830342,0.97434884,0.9721106
ahiddenlifefilm,0.979786,0.9740954,0.9874649,0.9805234,0.98367476,0.9841923,0.9875972,0.9850109,0.9999999,0.98160964,0.981458,0.9770334,0.98366755,0.9858326,0.9867014,0.99004894,0.9812908,0.9896737,0.98335624,0.971127,0.9837134,0.98108596,0.9870969,0.9826701,0.9843062,0.921625,0.9794778,0.983125,0.9882013,0.9812225,0.9784288,0.9868235,0.97824305,0.9871551,0.979719,0.97105026,0.9841974,0.9815118,0.98413813,0.9889509,0.98303735,0.98802537,0.9749141,0.98373836,0.9825089,0.97975886,0.98699,0.9797045,0.978233,0.9887934,0.98626095,0.9905501,0.9823487,0.9803186,0.97386295,0.9819403,0.9844524,0.9890013,0.9840128,0.9838331,0.97807395,0.979235,0.9816952,0.9796739,0.98610574,0.9805088,0.9766714,0.9872742,0.98275226,0.976382,0.9870069,0.8653007,0.9806301,0.98473763,0.9703217,0.98235255,0.9679164,0.98407745,0.98132485,0.9781649,0.97812647,0.9759085,0.9861557,0.9763098,0.9834958,0.9843674,0.9781317,0.9889684,0.9862618,0.98986864,0.9830651,0.9870069,0.98355937,0.98194695,0.98294014,0.9772928,0.98114264,0.98779535,0.97682136,0.98384184,0.9790779,0.9793729,0.98340905,0.9826262,0.98159885,0.9868012,0.9910144,0.9833204,0.98262423,0.9845008,0.985281,0.939864,0.9870932,0.9545568,0.982833,0.9842697,0.9846063,0.9785726,0.9888274,0.98350835,0.98514897,0.99059707,0.9782268,0.9787028,0.9809797,0.98326975,0.9810766,0.975582,0.9770262,0.96800494,0.98033977,0.97821134,0.9833182,0.9694353,0.9891432,0.98219794,0.982801,0.9820261,0.9826261,0.97965014,0.9999999,0.98242384,0.9820899,0.9841934,0.9831528,0.98821235,0.9779713,0.98088914,0.9872053,0.9805493,0.9822231,0.9869485,0.9799194,0.9747971,0.97820675,0.9869898,0.97979486,0.978474,0.9847598,0.97392446,0.9999999,0.9736209,0.98863006,0.9885811,0.98571944
alitamovie,0.96772677,0.96654695,0.96790093,0.9686168,0.97415966,0.9730526,0.97690356,0.9712968,0.98160964,1.0,0.9674486,0.967315,0.9709619,0.96683985,0.97919846,0.96754074,0.97082275,0.97916585,0.9691918,0.9649474,0.9685628,0.9540791,0.96460825,0.96861804,0.9629655,0.87992126,0.9624317,0.9691067,0.964269,0.9606713,0.9602609,0.97451276,0.9553927,0.9738958,0.95971847,0.9517372,0.961627,0.9710372,0.97291464,0.97273856,0.9605679,0.97528553,0.95826286,0.96593744,0.97024006,0.9610136,0.96585196,0.9707338,0.961085,0.97310656,0.9678827,0.97352433,0.96605235,0.96085995,0.96671945,0.9758767,0.96932656,0.97189814,0.9714289,0.9630275,0.96035063,0.96201295,0.9615871,0.9571497,0.9668795,0.9585105,0.9563162,0.9689768,0.96826726,0.96111757,0.96742636,0.848656,0.95917934,0.96844995,0.95001465,0.9666319,0.9545847,0.96535283,0.9638519,0.95272326,0.9548684,0.96617454,0.96721053,0.96103793,0.9673357,0.9665523,0.9627349,0.9780805,0.97195226,0.97878915,0.96029294,0.96742636,0.95907146,0.9620189,0.9642708,0.965676,0.9669586,0.97076815,0.9654512,0.9660905,0.95821637,0.96005434,0.95674497,0.96442777,0.97325224,0.96766365,0.9769768,0.9589918,0.9635081,0.9657838,0.9750808,0.9214154,0.9705763,0.9207741,0.96791613,0.97024727,0.97085977,0.9571169,0.9673505,0.97210217,0.9662652,0.97228384,0.96828574,0.96924096,0.9646527,0.97040284,0.9725334,0.9622867,0.9714614,0.95783794,0.9645549,0.97133434,0.9719648,0.9470091,0.9747253,0.9608046,0.9719648,0.962613,0.9661269,0.9609969,0.98160964,0.9566904,0.9632241,0.96720845,0.96953434,0.9696821,0.9542903,0.9709132,0.9712709,0.96275353,0.9651622,0.9752986,0.95566726,0.9641829,0.9578872,0.96355945,0.96094716,0.9600077,0.9685134,0.95629,0.98160964,0.96651655,0.9711854,0.96934927,0.965885
angelhasfallen,0.9612356,0.9540924,0.9623899,0.9600878,0.96495533,0.9667432,0.9688078,0.9674941,0.981458,0.9674486,1.0000001,0.9475303,0.97103316,0.97413105,0.97199595,0.9641888,0.961348,0.9705785,0.9669323,0.96008885,0.96973336,0.9602015,0.96352816,0.97137594,0.9681594,0.9119707,0.9634483,0.9651246,0.97091675,0.9621665,0.9657807,0.9670615,0.95539,0.9708589,0.97018003,0.9511721,0.9616954,0.965747,0.9743097,0.96530604,0.96822226,0.9708336,0.9560184,0.9655793,0.96085954,0.9665675,0.9638946,0.9622051,0.9583586,0.9672371,0.9581931,0.97170216,0.96690035,0.9678669,0.9636008,0.9635782,0.9629141,0.972884,0.96956336,0.96159023,0.9585352,0.95953166,0.9644346,0.96882766,0.96753895,0.975527,0.96093637,0.966595,0.98020494,0.9493803,0.9652565,0.8380063,0.9689488,0.97652084,0.9639882,0.9567952,0.9507647,0.9684908,0.9598008,0.9661653,0.9789544,0.9542563,0.9713089,0.9568266,0.96230656,0.96112883,0.96062803,0.9757747,0.9677876,0.96897554,0.9584093,0.9652565,0.96915495,0.9701602,0.951919,0.9703358,0.970586,0.9672989,0.95474494,0.96509236,0.9626913,0.9712159,0.9624995,0.95822096,0.9676302,0.9601064,0.97093713,0.9642491,0.9608793,0.97050005,0.9677413,0.9291674,0.9651973,0.93466663,0.9802278,0.96935546,0.9660708,0.96461135,0.9686629,0.9672472,0.9724141,0.97333604,0.96110743,0.96083003,0.9677089,0.9721372,0.9677068,0.9479862,0.96426195,0.94563675,0.9753377,0.9614693,0.96552074,0.9528317,0.97573006,0.9663375,0.96299314,0.9618293,0.9546668,0.9635095,0.981458,0.9581288,0.9640703,0.97196823,0.9697154,0.97250766,0.95412934,0.96855,0.9714582,0.9609157,0.97396696,0.96650106,0.9578896,0.9592772,0.96801156,0.9625887,0.9484277,0.9557299,0.9694679,0.9611494,0.981458,0.96464026,0.96838284,0.9652737,0.9616829
angrybirdsmovie,0.96217877,0.9542261,0.96861005,0.9544717,0.9666349,0.9692127,0.9643414,0.96718293,0.9770334,0.967315,0.9475303,0.9999999,0.957816,0.95855457,0.95945764,0.9662958,0.95526755,0.9703173,0.9641118,0.9545397,0.9588416,0.95435745,0.9680525,0.9507313,0.947706,0.8839308,0.9532733,0.96087056,0.9666833,0.9659881,0.95256543,0.9666267,0.9458782,0.96693414,0.9579429,0.9447125,0.9635817,0.9607138,0.9582326,0.9704195,0.9552454,0.9615703,0.9530605,0.95643264,0.9548419,0.9511853,0.968477,0.96898586,0.95538956,0.9617584,0.9734431,0.9683693,0.9465127,0.95546126,0.9603056,0.9593177,0.9589767,0.9650849,0.9523822,0.960416,0.9581494,0.9530167,0.9540469,0.94662213,0.9640625,0.9480582,0.94502157,0.96819216,0.9553422,0.9655815,0.965849,0.873321,0.9501189,0.9583654,0.9399439,0.9593213,0.93125474,0.9564208,0.9550427,0.9507428,0.9503564,0.9524777,0.9597593,0.94945484,0.96293455,0.9631881,0.95343375,0.9576892,0.95950395,0.96719617,0.9628297,0.965849,0.95914245,0.9616987,0.96736884,0.95528466,0.9506153,0.97421354,0.95108825,0.9603966,0.9530212,0.9444028,0.96271616,0.9611515,0.9597921,0.9705937,0.97093636,0.94992507,0.95319,0.9623642,0.96184915,0.91152716,0.96352977,0.9290703,0.9509658,0.96159744,0.9640155,0.9419641,0.9674594,0.9581456,0.959412,0.9713697,0.9520173,0.9668204,0.964772,0.9515734,0.95460653,0.96040314,0.9560455,0.9503919,0.9559996,0.96152425,0.95807284,0.94189227,0.9676381,0.95936894,0.9618217,0.9535138,0.9710548,0.9602729,0.9770334,0.9619951,0.9543141,0.9630714,0.96169764,0.9639275,0.9500802,0.96484315,0.9608325,0.94739157,0.95248824,0.9639934,0.9632935,0.9504815,0.9426287,0.9672959,0.95763147,0.9665239,0.96985114,0.9419584,0.9770334,0.9515545,0.96854603,0.96692073,0.9668668
annabellemovie,0.9620578,0.9564606,0.9746054,0.97741985,0.97432446,0.9686137,0.9782145,0.9765426,0.98366755,0.9709619,0.97103316,0.957816,0.9999999,0.967374,0.97635925,0.9737091,0.9667867,0.97503245,0.97093874,0.9580891,0.97129023,0.965245,0.9657275,0.9679793,0.9706674,0.9103308,0.97026646,0.96168274,0.97271717,0.9730241,0.97319263,0.9726302,0.9621392,0.9742243,0.9643027,0.9542916,0.9680031,0.9822669,0.97377324,0.9715713,0.97204196,0.9733848,0.9523883,0.9666232,0.9623301,0.96176094,0.9658156,0.9641141,0.9665102,0.97095394,0.9757414,0.9768315,0.97238296,0.9604412,0.97109807,0.9655028,0.9689184,0.9725786,0.9766512,0.9712724,0.97173613,0.97273046,0.9708687,0.97209615,0.97338146,0.95895827,0.9677201,0.9690191,0.9747238,0.9586259,0.9736633,0.8478553,0.96470106,0.97230196,0.95197207,0.9622154,0.94965833,0.96723896,0.9762936,0.95616394,0.9613754,0.96986645,0.976417,0.9649798,0.97998583,0.97005934,0.97192407,0.98988146,0.9731329,0.9701004,0.9670938,0.9736633,0.96765924,0.9653155,0.973068,0.96887565,0.9699828,0.97534347,0.9580012,0.96321386,0.9615767,0.96425486,0.964659,0.968473,0.95610785,0.97311634,0.9794436,0.96697366,0.9668893,0.97005886,0.96995825,0.9315467,0.965059,0.9386916,0.96710247,0.9667231,0.96541256,0.95887405,0.974698,0.97715867,0.9765089,0.97134477,0.9720244,0.9633149,0.97068197,0.9754831,0.97428924,0.9666785,0.97758836,0.9507846,0.96399856,0.96970546,0.97067386,0.9517624,0.9715332,0.9716993,0.964895,0.9627779,0.96830183,0.9626857,0.98366755,0.97378105,0.9608679,0.9655124,0.97594917,0.9799776,0.9644892,0.964917,0.97599286,0.9613123,0.97055197,0.9779504,0.95415086,0.96650296,0.9568218,0.969761,0.96679056,0.96565574,0.9660079,0.9533817,0.98366755,0.9647201,0.9715214,0.97267115,0.9748018
annamovie,0.96288,0.9543752,0.9716788,0.9659729,0.96909404,0.9649164,0.9755324,0.9745775,0.9858326,0.96683985,0.97413105,0.95855457,0.967374,1.0,0.9761071,0.97658813,0.9664427,0.96810406,0.966136,0.95330185,0.96596116,0.9706286,0.969282,0.9681335,0.97029084,0.91451025,0.96733177,0.96679664,0.9737729,0.9640776,0.9653144,0.9750255,0.9621261,0.9737321,0.9691912,0.9599359,0.9754133,0.96242,0.9738341,0.974708,0.9710781,0.9762976,0.9582272,0.97459376,0.9724254,0.96622205,0.96666473,0.9615839,0.9630504,0.97475976,0.9654742,0.97846633,0.9749797,0.98100096,0.9644207,0.9661517,0.9665173,0.9751003,0.96743083,0.9707043,0.96414214,0.95857805,0.9784788,0.977288,0.96641564,0.9709909,0.96930736,0.9741948,0.9711891,0.9593713,0.9732557,0.8487033,0.96871674,0.97036576,0.96435857,0.97468334,0.95483387,0.9732605,0.9599938,0.9637938,0.96923286,0.9622339,0.97434586,0.9653709,0.96987873,0.9719924,0.96120524,0.9745056,0.9731215,0.9734357,0.9688502,0.9732557,0.9732038,0.9758977,0.9681764,0.97048134,0.976326,0.97034806,0.9620865,0.97881866,0.9662978,0.9655697,0.9671796,0.9693085,0.9788703,0.97163296,0.97591776,0.9727676,0.96262676,0.9715499,0.9719175,0.9340398,0.9725207,0.95165783,0.9691075,0.97210366,0.9682719,0.96876246,0.9712829,0.97218233,0.9707015,0.97536045,0.9678651,0.95462275,0.96596235,0.9710983,0.9591024,0.9510375,0.96099377,0.9473173,0.9660886,0.96922404,0.97027606,0.9584283,0.9755988,0.96867,0.9681177,0.96712774,0.96757984,0.9623392,0.9858326,0.963821,0.96775126,0.97158575,0.97259384,0.9780211,0.9660917,0.96972495,0.9747079,0.9649163,0.9744632,0.9692553,0.96497303,0.9614808,0.96739393,0.97138613,0.9621951,0.9620261,0.9694369,0.96290314,0.9858326,0.9584927,0.97774076,0.97691,0.9666218
apollo11movie,0.97574246,0.96252984,0.9792802,0.9651534,0.9780559,0.9687359,0.9800112,0.9778804,0.9867014,0.97919846,0.97199595,0.95945764,0.97635925,0.9761071,1.0000001,0.97249454,0.97672087,0.9749978,0.9712608,0.9739591,0.9684905,0.9652052,0.96419406,0.9771269,0.9730886,0.9058549,0.9664913,0.971614,0.97454613,0.9682794,0.959508,0.975157,0.967229,0.976841,0.96227354,0.9547275,0.9726717,0.97805554,0.9734429,0.9747953,0.97068036,0.9805039,0.96280134,0.97804534,0.97146916,0.96338737,0.9652787,0.97262675,0.96406746,0.9813322,0.97426844,0.97888273,0.974776,0.96917975,0.9689321,0.9729869,0.9711566,0.97497326,0.97144693,0.97278756,0.96675545,0.9668042,0.9749172,0.9688342,0.9672308,0.96926206,0.9743082,0.9717679,0.9755291,0.956183,0.97372466,0.8334541,0.96734715,0.9758851,0.9523419,0.97478443,0.9526127,0.97044945,0.9692354,0.9672483,0.97217196,0.9664693,0.97662485,0.96865946,0.9722927,0.97257334,0.9630245,0.9824692,0.97389615,0.974025,0.9723784,0.97372466,0.96707314,0.97547674,0.972233,0.98208904,0.9738648,0.9728386,0.96062386,0.96850675,0.96332246,0.967019,0.9689059,0.9686177,0.96853626,0.9746206,0.9839486,0.9691498,0.9694913,0.97303855,0.979071,0.9271706,0.9704153,0.93599564,0.96673083,0.9724636,0.97732025,0.9595421,0.97972083,0.9763945,0.97813547,0.9728518,0.9770626,0.96212214,0.9712971,0.96811765,0.9690849,0.96489906,0.9744646,0.9484834,0.9699174,0.9718108,0.9748832,0.9608584,0.97401243,0.9724973,0.9769674,0.96724033,0.9724192,0.9614009,0.9867014,0.9707782,0.9662126,0.9720815,0.9750454,0.9764044,0.9684518,0.96599126,0.9792952,0.96998227,0.9747082,0.97746474,0.9616127,0.9710503,0.96371716,0.970252,0.96379477,0.96227354,0.9743451,0.95558107,0.9867014,0.9645639,0.9788772,0.97506106,0.974528
arcticdogsmovie,0.96986437,0.9711273,0.981117,0.97677135,0.97093713,0.9697895,0.98017734,0.97980803,0.99004894,0.96754074,0.9641888,0.9662958,0.9737091,0.97658813,0.97249454,0.9999998,0.97172976,0.97635436,0.97499585,0.95657647,0.9791136,0.97471416,0.9797744,0.97463757,0.98235756,0.90864986,0.9790012,0.9753921,0.97918427,0.9734555,0.9653907,0.9813668,0.9664627,0.97638834,0.96475273,0.96320075,0.9808779,0.9681335,0.97634774,0.98121136,0.9748635,0.97344655,0.96263444,0.9715014,0.9758603,0.97229666,0.9800872,0.9704,0.9710954,0.9764445,0.9807876,0.9842921,0.9745231,0.97330296,0.95716107,0.97269315,0.9814188,0.97734284,0.974419,0.9723733,0.973036,0.97317845,0.97286993,0.9686506,0.98039144,0.9712624,0.96979916,0.9823323,0.9696983,0.9704317,0.97758627,0.84035873,0.97353053,0.97210413,0.9653987,0.9735009,0.95717734,0.9709991,0.9745407,0.97057134,0.96254766,0.9658984,0.97669387,0.963971,0.9737885,0.9761852,0.96444803,0.9807658,0.9756669,0.97936594,0.9767964,0.97758627,0.9749433,0.9660832,0.97854674,0.97023046,0.97086656,0.97610235,0.9717577,0.974272,0.97369874,0.972215,0.9716788,0.9744039,0.97438985,0.98104626,0.9835407,0.98047704,0.9735319,0.9771273,0.98100436,0.9267241,0.9826469,0.9391844,0.9723049,0.9758681,0.9742141,0.9713797,0.9826252,0.9777075,0.97437125,0.98273003,0.9645283,0.9643791,0.97061,0.97348785,0.9744994,0.96531576,0.9689088,0.9607386,0.9732349,0.9672195,0.9736245,0.9610549,0.97858995,0.9772669,0.9726788,0.97170824,0.9725346,0.9701502,0.99004894,0.97444093,0.97499275,0.9705127,0.9738737,0.97972435,0.9706512,0.965942,0.97842014,0.9684328,0.9744969,0.97577685,0.9658785,0.9656765,0.9698564,0.9750057,0.9767992,0.9700062,0.97463983,0.9719666,0.99004894,0.9667095,0.98072404,0.98399884,0.97877055
arcticmovie,0.9701397,0.9654913,0.9715131,0.95740163,0.9792357,0.96743256,0.9714538,0.9672123,0.9812908,0.97082275,0.961348,0.95526755,0.9667867,0.9664427,0.97672087,0.97172976,0.99999994,0.973873,0.9686925,0.95243335,0.9702115,0.96414995,0.96365684,0.96391493,0.971601,0.8975725,0.96616465,0.97798336,0.96524554,0.95550233,0.95958424,0.97709626,0.96421534,0.9703515,0.953476,0.9460909,0.9701832,0.9681811,0.96666783,0.9694722,0.96759456,0.9799091,0.9619307,0.9792886,0.9702787,0.9614338,0.9665782,0.96223754,0.9608604,0.9819449,0.966281,0.97934663,0.96315634,0.95516896,0.96361506,0.9760808,0.9656825,0.9782357,0.9738327,0.96036583,0.9565989,0.96029437,0.96735376,0.9642038,0.9726297,0.96131486,0.95598847,0.97313815,0.9673308,0.95393145,0.9697965,0.83572984,0.9579716,0.9681744,0.95554715,0.9604505,0.9521341,0.9694205,0.9681571,0.95850295,0.9573653,0.96626747,0.9703551,0.95797765,0.9653937,0.9620679,0.9593894,0.97415996,0.96737415,0.96833944,0.9621408,0.9697965,0.9663266,0.96729946,0.96836627,0.95798683,0.9640141,0.97016275,0.9587328,0.9580152,0.9568601,0.95643264,0.9634766,0.96630776,0.96563137,0.9651888,0.9728056,0.96417814,0.9640004,0.96873254,0.97874606,0.91194636,0.96839434,0.9301767,0.96834797,0.97058755,0.97299105,0.954636,0.972115,0.9641097,0.9624359,0.96734446,0.9622526,0.9598784,0.96935636,0.9623255,0.9670539,0.95948887,0.96809226,0.95717794,0.96824414,0.9731226,0.98793226,0.973361,0.9703507,0.9629424,0.9755107,0.9702366,0.96795917,0.9525677,0.9812908,0.96405435,0.96402395,0.96788377,0.96386075,0.976117,0.9661966,0.9573181,0.9722218,0.9656388,0.9677823,0.9726365,0.95577466,0.96016806,0.9594045,0.9695574,0.96623814,0.95914084,0.96943057,0.95574164,0.9812908,0.9625843,0.97628,0.96642727,0.9655519
artofracingmovie,0.9685473,0.9674306,0.9799696,0.97539616,0.98226875,0.9757577,0.9813232,0.9752741,0.9896737,0.97916585,0.9705785,0.9703173,0.97503245,0.96810406,0.9749978,0.97635436,0.973873,0.99999994,0.97327405,0.9606983,0.9721621,0.96638805,0.98193824,0.9728818,0.9763549,0.90548897,0.96774507,0.9763499,0.97745126,0.9749327,0.96911466,0.978771,0.9628929,0.978615,0.97083724,0.96557707,0.9697339,0.97369206,0.9726349,0.9812004,0.96951896,0.98230696,0.96668524,0.9745187,0.9770569,0.97333294,0.9836242,0.9690142,0.97702193,0.98221344,0.97675055,0.98095864,0.9673538,0.9655025,0.97064203,0.9806562,0.971716,0.98114336,0.97692996,0.97617835,0.96974593,0.9765114,0.96806437,0.96265054,0.979537,0.9677157,0.9609404,0.9786395,0.97310585,0.9716754,0.9824015,0.86375695,0.9699146,0.9771982,0.95963895,0.9686314,0.95246714,0.9740367,0.9765562,0.96306777,0.9571678,0.969941,0.97701246,0.973162,0.97425455,0.9698548,0.97008556,0.9801293,0.97976464,0.98369235,0.96917045,0.9824015,0.9673003,0.9686569,0.97474897,0.9612948,0.9678143,0.9776819,0.97486705,0.97226834,0.9722017,0.97373664,0.97041094,0.9804799,0.9719893,0.9749728,0.98268664,0.97018236,0.97082835,0.9751675,0.9766026,0.9277718,0.9790463,0.9437314,0.9728932,0.9758668,0.9750477,0.9666576,0.9773735,0.97532344,0.9776389,0.9812667,0.97323245,0.9662981,0.9694918,0.97175866,0.9762492,0.9652308,0.973345,0.96077365,0.9707599,0.9751241,0.97047377,0.959576,0.985617,0.97131175,0.9719411,0.97448504,0.98046654,0.98182833,0.9896737,0.9692979,0.9768293,0.9688075,0.9713257,0.9779612,0.96525747,0.9755781,0.9758979,0.9698267,0.9752298,0.97682786,0.9709499,0.9663815,0.96711457,0.98258567,0.9689626,0.9695952,0.9757462,0.96733874,0.9896737,0.9595571,0.9787328,0.97793156,0.9732601
avengers,0.9782527,0.96325797,0.9696016,0.9550993,0.9702983,0.9639436,0.9666874,0.9771325,0.98335624,0.9691918,0.9669323,0.9641118,0.97093874,0.966136,0.9712608,0.97499585,0.9686925,0.97327405,1.0000001,0.95885444,0.9711872,0.95674294,0.96866447,0.96579134,0.96584195,0.895569,0.9673495,0.9694773,0.96841484,0.97063667,0.9804952,0.9718067,0.9622886,0.9783903,0.9584389,0.9602359,0.96739936,0.96914977,0.9738584,0.9691077,0.96850955,0.97649956,0.96525896,0.9735148,0.9622458,0.9743457,0.9702346,0.96608526,0.96156615,0.9776931,0.9679001,0.9729356,0.963855,0.95518655,0.9556593,0.9626778,0.96893865,0.9800995,0.9699135,0.9553433,0.9629375,0.96816593,0.95641387,0.9624651,0.9630783,0.9641901,0.9598738,0.9681586,0.9727276,0.9546152,0.9622214,0.8511592,0.9665371,0.9736676,0.9552903,0.96766245,0.9417153,0.9744941,0.9646701,0.95726067,0.9660215,0.95453244,0.96769917,0.9545612,0.9605007,0.96817625,0.9558647,0.9745995,0.97144115,0.97148,0.96423775,0.9622214,0.9711712,0.9652133,0.961322,0.9695043,0.9662015,0.9758981,0.9522,0.9689752,0.9718867,0.96404433,0.9659447,0.9567231,0.9668152,0.96746796,0.97739786,0.96082747,0.9647214,0.9766139,0.971468,0.905599,0.9744529,0.9319407,0.97380203,0.97292745,0.97401196,0.9635908,0.97940284,0.9658538,0.9692651,0.9795882,0.9607596,0.9656141,0.96665215,0.9727499,0.9687525,0.96856505,0.9637192,0.96163255,0.9678036,0.9637329,0.97153014,0.9608093,0.9773859,0.97049105,0.9746441,0.96496695,0.9562228,0.9671242,0.98335624,0.96574223,0.9698765,0.9669394,0.9680455,0.9728856,0.95745355,0.9617101,0.9668934,0.96868056,0.965381,0.9759827,0.97138757,0.9674822,0.96032166,0.9654365,0.96483076,0.9590374,0.9742305,0.9580954,0.98335624,0.9608247,0.9747906,0.97274446,0.96544737
beachbummovie,0.9617772,0.9441023,0.9680007,0.9488634,0.95167446,0.9641935,0.9606315,0.96685344,0.971127,0.9649474,0.96008885,0.9545397,0.9580891,0.95330185,0.9739591,0.95657647,0.95243335,0.9606983,0.95885444,1.0000001,0.95095325,0.9571039,0.95455885,0.9604863,0.9509339,0.8864336,0.9532103,0.9586307,0.95761925,0.96133727,0.9506549,0.95836675,0.946082,0.95251083,0.9618832,0.94549704,0.9489188,0.9573425,0.9546057,0.9607036,0.9574574,0.95791227,0.9537684,0.9553458,0.9303424,0.95818025,0.95336646,0.96086454,0.9500055,0.9606035,0.9571801,0.9659728,0.9508066,0.95339334,0.94540626,0.9522006,0.9612771,0.9601663,0.9534461,0.9548242,0.9506918,0.95953274,0.9411884,0.94737434,0.9600157,0.96306705,0.952202,0.9546155,0.95256066,0.95445806,0.9539204,0.85005385,0.9562243,0.97136956,0.9341354,0.94552445,0.93498766,0.9486477,0.9566637,0.96155393,0.9545098,0.9516405,0.9654274,0.9487635,0.95220554,0.9587112,0.94927573,0.961236,0.9599143,0.9605847,0.9637057,0.9539204,0.9521999,0.9558867,0.94292194,0.96424764,0.94359803,0.97321266,0.9546107,0.9442539,0.94631845,0.9584003,0.95730746,0.94850254,0.95948744,0.95740044,0.9685676,0.9509059,0.95249647,0.9630445,0.9569232,0.9218073,0.95407766,0.9166356,0.9577993,0.9482502,0.9627216,0.9387494,0.9646724,0.9525551,0.9590573,0.9567757,0.9503746,0.94990045,0.96370137,0.9473443,0.9511042,0.94423735,0.95309806,0.94586945,0.9541185,0.94889027,0.95548385,0.93352944,0.9615853,0.9691967,0.9576494,0.9512426,0.9480027,0.9571796,0.971127,0.9549031,0.9522948,0.95894396,0.95248723,0.9604796,0.95265317,0.9572557,0.957958,0.9507715,0.9628601,0.97393525,0.954557,0.9501799,0.94364613,0.9531266,0.945479,0.9539273,0.969546,0.94693726,0.971127,0.9513418,0.9587928,0.9637521,0.9668786
bernadettefilm,0.9638604,0.9722583,0.9745586,0.9658634,0.9683336,0.9704766,0.97305596,0.9680142,0.9837134,0.9685628,0.96973336,0.9588416,0.97129023,0.96596116,0.9684905,0.9791136,0.9702115,0.9721621,0.9711872,0.95095325,1.0000002,0.96018857,0.97547704,0.9693176,0.9746814,0.89408606,0.9609474,0.97657347,0.9715627,0.9616261,0.96577406,0.9744607,0.9639194,0.9768084,0.95465803,0.94214636,0.9713198,0.96722645,0.9743603,0.97843295,0.97273177,0.9732529,0.95874715,0.96755487,0.971857,0.96204615,0.97261953,0.9648056,0.95913976,0.97403413,0.972318,0.9759936,0.96354336,0.95905626,0.9613987,0.97160757,0.97406405,0.9745693,0.9765667,0.95891434,0.9633985,0.96925235,0.9660684,0.9663441,0.9719257,0.95806885,0.9667255,0.97211677,0.97193223,0.96065646,0.96399146,0.8583177,0.957343,0.97205913,0.9457065,0.96250886,0.94772065,0.9695249,0.9726932,0.9672175,0.95946175,0.957033,0.97681296,0.95383596,0.96941674,0.96495974,0.9611634,0.9760114,0.97128934,0.9744025,0.96104556,0.96399146,0.97054476,0.96943974,0.96413094,0.9652915,0.96315336,0.96961135,0.96246964,0.96545607,0.95956683,0.9744003,0.96761256,0.9604468,0.96958584,0.97058916,0.9768059,0.96779877,0.9638825,0.9725644,0.96815413,0.92045116,0.97514534,0.92071825,0.98309773,0.9719924,0.97012967,0.95738894,0.97519654,0.9703556,0.9677225,0.9775478,0.96358377,0.9694173,0.9694618,0.9698616,0.96923006,0.96265197,0.9673908,0.94715095,0.97764945,0.9574135,0.97567856,0.959231,0.97392994,0.9649337,0.96758693,0.96496147,0.96043277,0.96485,0.9837134,0.9635724,0.96443754,0.97079855,0.9677804,0.9690871,0.9581444,0.9643508,0.97493696,0.9674383,0.9658333,0.97376794,0.96118826,0.95984155,0.9634028,0.9698529,0.9690506,0.9550943,0.97488165,0.9733873,0.9837134,0.97209495,0.9724503,0.9738571,0.97219396
