movie,21bridgesmovie,47metersdown,abeautifuldaymovie,abominablemovie,adastramovie,adogsjourneymovie,aftermathmovie,aftermovie,ahiddenlifefilm,alitamovie,angelhasfallen,angrybirdsmovie,annabellemovie,annamovie,apollo11movie,arcticdogsmovie,arcticmovie,artofracingmovie,avengers,beachbummovie,bernadettefilm,blackandbluemovie,blackchristmas,blindedbythelightmovie,bombshellmovie,booksmart,breakthroughmovie,brianbanksmovie,brightburnmovie,brittanyrunsmov,captainmarvelofficial,captivestatemovie,catsmovie,charliesangels,childsplaymovie,clarathefilm,coldpursuitmovie,countdown,currentwarmovie,darkwatersmovie,detectivepikachumovie,disneyaladdin,disneyfrozen,disneymaleficent,doctorsleepmovie,dolemiteismyname,dontletgomovie,doramovie,downtonabbey_official,dumbo,escaperoom,everybodyknowsmovie,fastandfuriousmovie,fightingwmyfam,fivefeetapartfilm,fordvferrari,freaksthefilm,geminimanmovie,glassmovie,gloriabellmovie,godzillamovie,goldfinchmovie,goodboysmovie,goodliarmovie,gretafilm,halathemovie,happydeathdaymovie,harrietfilm,hellboymovie,hersmellmovie,highlifemovie,highstrungmovie,honeyboymovie,hotelmumbaifilm,httydragon,hustlemovie,hustlersmovie,isntitromantic,itmovieofficial,jayandsilentbob,johnwickmovie,jojorabbitmovie,jokermovie,judythefilm,jumanjimovie,justmercyfilm,knivesout,lalloronamovie,lastblackmansf,lastchristmasthemovie,latenightmovie,lighthousemovie,lionking,littlethemovie,littlewomenmovie,littlewoodsfilm,longshotmovie,lordsofchaosmovie,lucyintheskyfilm,mamovie2019,marriagestory,meettheaddams,meninblack,midsommarmovie,midwaymovie,missbalamovie,missinglinkfilm,motherlessbklyn,onceinhollywood,onthebasisofsex,overcomermovie,peanutbutterfalcon,petsematarymovie,piercingmovie,playingwithfire,playmobilthemovie,pomsmovie,queenandslim,rambomovie,readyornotfilm,richardjewellfilm,rocketmanmovie,scarystoriesmovie,secretlifeofpets,serenityfilm,shaftmovie,shazammovie,spidermanmovie,spiesindisguise,starwars,stormboymovie,stubermovie,taosdfilm,teenspiritmov,terminator,theaeronautsmov,thebestofenemies,thedeaddontdie,thefarewell,thehighwaymen,thehummingbirdprojectfilm,theintrudermovie,theirishmanfilm,thekitchenmovie,thelegomovie,themustangfilm,thenightingalefilm,theprodigymovie,thesunisalsoastar,theupsidefilm,tolkienmovie,toystory,triplefrontier,uglydolls,uncutgems,underthesilverlake,usmovie,wavesmovie,whatmenwant,wonderparkmovie,wrinklestheclown,xmenmovies,yardiefilm,yesterdaymovie,zombieland
21bridgesmovie,1.0000001,0.95521647,0.9501294,0.9554004,0.9436472,0.9490111,0.96254617,0.9522344,0.97472185,0.94614583,0.95159036,0.94556326,0.9561681,0.9598436,0.9501655,0.95268667,0.9582541,0.95036125,0.9733918,0.95044076,0.9533097,0.95150864,0.9575824,0.96186894,0.9497482,0.899303,0.942914,0.9569863,0.95283735,0.94512063,0.9456111,0.94888294,0.9521159,0.9470048,0.9523963,0.93085515,0.9577632,0.9617813,0.9549909,0.9418771,0.9542308,0.9605973,0.9468206,0.95593506,0.9589734,0.94858027,0.9569323,0.95520306,0.9420483,0.95824295,0.9570015,0.9601755,0.94927305,0.9469776,0.95424855,0.9428563,0.9468052,0.9507753,0.95376843,0.96569777,0.9490365,0.95431703,0.94623417,0.9578462,0.948743,0.9452309,0.95271295,0.9498202,0.9528862,0.94787264,0.96505886,0.8504694,0.942868,0.95240825,0.95614654,0.9395414,0.93901306,0.95697373,0.94516873,0.9528305,0.945132,0.9575054,0.955972,0.9489008,0.9526807,0.9421272,0.94903344,0.950295,0.9487211,0.9599747,0.95449775,0.96505886,0.94735163,0.94771993,0.9514015,0.96165705,0.9504998,0.95271933,0.9529288,0.9483896,0.93769664,0.96026856,0.9453473,0.9569007,0.949081,0.9593839,0.9526961,0.9545313,0.9523032,0.9560451,0.9542485,0.8819442,0.9578508,0.9430137,0.9561494,0.9581705,0.980907,0.9557697,0.95396733,0.95329887,0.95709765,0.9502496,0.9535073,0.95133686,0.9514244,0.9508256,0.95387733,0.9562251,0.9418514,0.9354692,0.9510993,0.94067013,0.9571449,0.9420162,0.9547354,0.9517482,0.961073,0.9452827,0.9581063,0.9513114,0.97472185,0.953968,0.9419775,0.9509948,0.95626193,0.95474946,0.9506779,0.956901,0.9543964,0.96273005,0.96126115,0.9533877,0.95514685,0.9432609,0.95235705,0.95963484,0.9519148,0.95156467,0.9545063,0.9594027,0.97472185,0.9427683,0.95431954,0.9608955,0.9526699
47metersdown,0.95521647,0.99999964,0.95242864,0.9454254,0.9454579,0.9327398,0.9511822,0.94985324,0.96853346,0.94688433,0.94789517,0.9423992,0.9435626,0.9485278,0.9429717,0.9589149,0.94571584,0.9481013,0.94600314,0.9435271,0.9506278,0.950396,0.94072324,0.94858205,0.949088,0.896618,0.93176055,0.94383496,0.9484386,0.9425188,0.9525649,0.9420381,0.94865304,0.9410391,0.9457103,0.924548,0.9535883,0.94938916,0.9495241,0.9452495,0.94178796,0.9536869,0.93596613,0.95167345,0.9504807,0.9455733,0.9460969,0.94028664,0.92931694,0.9537876,0.95416313,0.953228,0.9343159,0.94747883,0.94625044,0.94107723,0.9336073,0.9490679,0.95761,0.9590326,0.9414281,0.9462565,0.94481915,0.94711816,0.941977,0.93438727,0.9394758,0.94544786,0.9461847,0.93309784,0.95985556,0.85934246,0.9282699,0.9406303,0.9431188,0.9474353,0.9246125,0.95108676,0.95072263,0.93638396,0.94669604,0.95441276,0.95133185,0.94070154,0.94829285,0.9329182,0.93944126,0.9483052,0.93483317,0.94772136,0.94797266,0.95985556,0.94521874,0.945455,0.9583995,0.95150554,0.9457535,0.95026934,0.9469892,0.9375745,0.93523383,0.94464236,0.94149405,0.9582144,0.9506086,0.95439047,0.9529154,0.938648,0.945743,0.95622426,0.94793653,0.8751107,0.95602196,0.9260143,0.95216393,0.9433823,0.9551477,0.9384779,0.94656783,0.9429622,0.94913775,0.9473052,0.9547595,0.9369991,0.94939584,0.9463109,0.9467461,0.952858,0.9460543,0.92494494,0.9428343,0.94382805,0.9537457,0.9357412,0.94795215,0.94390523,0.9441296,0.94097793,0.95604897,0.95056313,0.96853346,0.94782305,0.9365644,0.9454927,0.95174557,0.9510618,0.9419113,0.9431717,0.94569737,0.9507494,0.9520477,0.94871044,0.94192785,0.928516,0.9409174,0.95889467,0.9429057,0.9474516,0.94905025,0.9477709,0.96853346,0.9381106,0.95085734,0.9425447,0.94151455
abeautifuldaymovie,0.9501294,0.95242864,1.0000001,0.95016766,0.9479669,0.95113176,0.9554714,0.9558878,0.976203,0.94415486,0.9531919,0.95522064,0.9507007,0.958222,0.95291907,0.9556256,0.95107,0.9531498,0.9482778,0.94955873,0.95802677,0.9572921,0.9566143,0.96072406,0.9502574,0.90048367,0.94054174,0.951001,0.97547954,0.9568203,0.9535197,0.9525293,0.9505009,0.9650477,0.9558567,0.9354601,0.9582311,0.9533981,0.9538905,0.9511078,0.9565089,0.9622357,0.942715,0.9567168,0.9564524,0.94075644,0.95715344,0.95195884,0.9283746,0.95965654,0.9709163,0.9564316,0.9440907,0.95299965,0.95887905,0.95063865,0.94518113,0.9600216,0.9530653,0.9571282,0.9515367,0.94513386,0.9517904,0.95479345,0.94115466,0.9505343,0.9581734,0.9508503,0.9529345,0.9426475,0.95608294,0.8407801,0.9389296,0.9531664,0.943732,0.94256973,0.93988395,0.9507767,0.95415807,0.94591,0.9548335,0.9533379,0.9578317,0.9463405,0.9618392,0.95419544,0.9548032,0.9577017,0.94236666,0.9540226,0.9508025,0.95608294,0.95289636,0.95560026,0.9657468,0.95839894,0.95485103,0.9575604,0.94711447,0.94921917,0.9427372,0.9453182,0.9540303,0.9524778,0.9462627,0.9701164,0.95702106,0.9534545,0.9654341,0.9532286,0.9548167,0.8909076,0.9594838,0.9286052,0.9503715,0.95101625,0.95549023,0.94724035,0.9632878,0.94345486,0.9509173,0.9587182,0.9584941,0.9505301,0.95457757,0.95345324,0.9538781,0.96122503,0.9509678,0.92237663,0.94595826,0.95104766,0.9545323,0.93894213,0.9584335,0.9592343,0.95426905,0.94931024,0.9475346,0.9499905,0.976203,0.96834695,0.94752735,0.9549294,0.956216,0.95726305,0.94446623,0.9595753,0.9520947,0.95725465,0.95708954,0.9647456,0.94860494,0.93231237,0.9439967,0.9558,0.9545217,0.94849443,0.95932204,0.9508656,0.976203,0.93695194,0.9585565,0.9494199,0.9606147
abominablemovie,0.9554004,0.9454254,0.95016766,1.0,0.94764084,0.93851703,0.9576391,0.9482807,0.96968305,0.9493685,0.94996667,0.9396393,0.955929,0.95203793,0.9432666,0.9505631,0.9537483,0.9495639,0.9454903,0.9413305,0.9417211,0.9389964,0.9431225,0.951851,0.95215815,0.89518434,0.9361832,0.9500788,0.9496775,0.9436729,0.9450752,0.9458325,0.9459832,0.94594926,0.9460756,0.92767495,0.95486575,0.9571146,0.94614255,0.93847615,0.9514168,0.95609033,0.93411666,0.94883645,0.95263714,0.9435005,0.9424387,0.9493151,0.93005043,0.9523691,0.95071465,0.9547491,0.93809444,0.94937783,0.9574662,0.9430231,0.9457533,0.9483324,0.96000546,0.9466953,0.94332135,0.95583594,0.94844973,0.9500241,0.9420639,0.9409073,0.9529731,0.94460154,0.9498388,0.9380297,0.9481614,0.8425443,0.94086516,0.94190025,0.94795793,0.93297106,0.9283283,0.9543367,0.94700646,0.94081753,0.94225734,0.9610757,0.95137733,0.9385646,0.9580664,0.9369809,0.9432517,0.95187926,0.935677,0.94760895,0.93855155,0.9481614,0.9515954,0.93867093,0.95253557,0.9608317,0.94932675,0.9540056,0.9385652,0.9407299,0.9452292,0.94558895,0.9383584,0.9482975,0.94576824,0.954119,0.9491927,0.9522043,0.9508239,0.9451407,0.9529982,0.881563,0.9475762,0.9296813,0.9398019,0.9454262,0.95570505,0.9349132,0.9551756,0.95448345,0.95195097,0.95212156,0.94790137,0.9408333,0.9469179,0.94935745,0.95003575,0.9544195,0.9443401,0.91848713,0.9373432,0.9465041,0.95414084,0.9347262,0.95746833,0.94361746,0.9488833,0.947029,0.9445124,0.9405002,0.96968305,0.94148374,0.9410215,0.94505364,0.9430135,0.9519705,0.9376793,0.9496171,0.9524831,0.9514695,0.9537114,0.94703907,0.95039696,0.93055826,0.93724847,0.943455,0.94713676,0.9522303,0.95053494,0.9440195,0.96968305,0.93441594,0.9497892,0.94737107,0.9453
adastramovie,0.9436472,0.9454579,0.9479669,0.94764084,1.0,0.94437546,0.9592094,0.9547464,0.9727915,0.9599825,0.95871717,0.9446517,0.9565996,0.94658166,0.952425,0.95349824,0.94486123,0.97328746,0.9411243,0.9446992,0.9491292,0.9416796,0.9455087,0.959049,0.94899565,0.88869864,0.94374573,0.94504464,0.9507774,0.95066905,0.9452872,0.95177525,0.946635,0.94907594,0.9410304,0.93306243,0.9543149,0.9500426,0.95181435,0.95158213,0.95146364,0.9555888,0.94425493,0.9450772,0.9559642,0.9420773,0.94809926,0.95429003,0.9459973,0.95070565,0.9476213,0.9619504,0.9485418,0.95050424,0.9499395,0.96792465,0.9549462,0.95263785,0.94869775,0.9531131,0.95309967,0.94481057,0.95560324,0.94250387,0.9385927,0.94730306,0.94849217,0.95277536,0.96025556,0.939699,0.9506633,0.8363872,0.9411567,0.9442974,0.9478083,0.94593525,0.92301226,0.96186596,0.95830137,0.9433359,0.9499008,0.9599992,0.95698804,0.94296944,0.94918495,0.94733155,0.95159787,0.95864034,0.9373105,0.95607,0.95187217,0.9506633,0.9410252,0.95064765,0.9459782,0.95048815,0.9558994,0.95247936,0.9505331,0.9391016,0.93547595,0.9519588,0.9352806,0.9468807,0.95529354,0.9517928,0.9513066,0.9391637,0.94689965,0.95318943,0.95422363,0.8799883,0.9474087,0.9373974,0.9369041,0.95147836,0.94943076,0.9382059,0.9614318,0.9572781,0.95272017,0.95533484,0.9538601,0.94635797,0.95316494,0.9531148,0.9581969,0.9443317,0.9709974,0.92325747,0.9461026,0.96227545,0.9572101,0.9273707,0.9502488,0.95495266,0.9506609,0.94612056,0.9448953,0.9545334,0.9727915,0.9440418,0.93926543,0.9444054,0.9431783,0.95020026,0.9463,0.9441312,0.9395823,0.94727963,0.9585005,0.94073236,0.94324654,0.92923164,0.9387597,0.94830406,0.9479663,0.94853264,0.953154,0.9425555,0.9727915,0.94194967,0.9635369,0.9526543,0.95071924
adogsjourneymovie,0.9490111,0.9327398,0.95113176,0.93851703,0.94437546,1.0000001,0.94589347,0.94825923,0.96907455,0.93943155,0.94887024,0.93753755,0.9482782,0.9414559,0.94336635,0.9325549,0.94955146,0.949695,0.9394826,0.9420745,0.9516419,0.9496235,0.954438,0.9448564,0.93889374,0.89678526,0.94230694,0.9498595,0.95465827,0.9463459,0.93811923,0.94127625,0.95085734,0.9478458,0.94666463,0.9385918,0.9526111,0.94979423,0.94529617,0.9372554,0.9530908,0.950242,0.9427816,0.9430662,0.954572,0.944691,0.9514654,0.9460192,0.9370902,0.9471203,0.951162,0.9483726,0.9454572,0.9468524,0.96195686,0.94305575,0.93752044,0.9439639,0.9409255,0.9501328,0.9443402,0.9421285,0.9446191,0.951552,0.9364881,0.94586205,0.9433903,0.93814385,0.95285475,0.9352524,0.95411247,0.8509297,0.9272083,0.94724715,0.94438314,0.93075573,0.93368655,0.9410211,0.94597626,0.955021,0.9416736,0.94918513,0.95041704,0.9342843,0.9514833,0.93923897,0.9546215,0.9502125,0.9461763,0.9555189,0.95471317,0.95411247,0.9420752,0.9433411,0.94810843,0.94985235,0.94719857,0.9455109,0.94121414,0.94655997,0.9330302,0.945512,0.9385745,0.9490807,0.94135725,0.95252806,0.9484313,0.94693995,0.9411303,0.9394363,0.9485265,0.88193494,0.9589327,0.9339862,0.9479469,0.9494135,0.95510685,0.94559884,0.9545227,0.9360849,0.946243,0.954035,0.95040184,0.9697177,0.9420497,0.93272847,0.9596109,0.94986945,0.9504969,0.93264383,0.9456977,0.94518256,0.9481284,0.92595667,0.9452633,0.9494386,0.94491714,0.93848735,0.9473136,0.94730026,0.96907455,0.95238405,0.9467173,0.94710356,0.9458751,0.94717264,0.9482022,0.95031726,0.94963354,0.9469768,0.9512592,0.93815595,0.9467739,0.9330997,0.9489415,0.9533301,0.95032406,0.9457121,0.94707,0.9551334,0.96907455,0.93843603,0.95296264,0.9623143,0.94481444
aftermathmovie,0.96254617,0.9511822,0.9554714,0.9576391,0.9592094,0.94589347,1.0000005,0.9665783,0.9813995,0.9531352,0.95774245,0.95385426,0.9585191,0.9615917,0.9649012,0.95468795,0.9580081,0.96023,0.95479673,0.9588561,0.95718646,0.9556958,0.955037,0.9665855,0.95823604,0.895393,0.9436627,0.955056,0.96074617,0.95487237,0.9512095,0.96792555,0.95576006,0.9544456,0.9446,0.9353029,0.96803737,0.9535758,0.9535451,0.9628556,0.9511497,0.96116596,0.95135474,0.957522,0.96388286,0.9563613,0.95413065,0.9600147,0.9572685,0.9610495,0.9621741,0.9703795,0.95139444,0.9526592,0.9611083,0.95545495,0.95682704,0.9670453,0.95815253,0.96549505,0.9468504,0.9605117,0.95731926,0.9546523,0.9538622,0.9465123,0.9515667,0.9621625,0.96552384,0.95205736,0.9634209,0.84484154,0.9524653,0.96009415,0.95777375,0.9484382,0.9366648,0.9609712,0.95891505,0.9454517,0.9580393,0.9760388,0.95896244,0.9562234,0.95863116,0.95169705,0.959765,0.9599486,0.94776726,0.9634666,0.9534961,0.9634209,0.9500027,0.9575792,0.95855844,0.9614339,0.95911676,0.9586373,0.9743104,0.94916636,0.95168847,0.9603506,0.94173956,0.9606129,0.95279425,0.9605497,0.96166927,0.95218056,0.95619136,0.9613986,0.95941186,0.8797342,0.95913494,0.9345936,0.951099,0.9600044,0.9632292,0.95085645,0.965984,0.9859587,0.95112467,0.96197325,0.9669477,0.95549095,0.9669366,0.9586649,0.9584297,0.9571491,0.9580751,0.9300902,0.9596436,0.9535028,0.95627666,0.94075024,0.96657443,0.9598521,0.9593323,0.95491743,0.9585764,0.9594758,0.9813995,0.9607612,0.9488254,0.95643026,0.9510659,0.9610223,0.9557537,0.95130247,0.9486745,0.96341413,0.97762614,0.9567036,0.960823,0.94402915,0.94970083,0.95433545,0.95145535,0.95625675,0.9579064,0.95771694,0.9813995,0.94158345,0.96541935,0.9618449,0.9552512
aftermovie,0.9522344,0.94985324,0.9558878,0.9482807,0.9547464,0.94825923,0.9665783,1.0000005,0.9772037,0.953862,0.9596032,0.9515444,0.952618,0.9583741,0.96262103,0.95618623,0.9553188,0.9633669,0.9470534,0.95329106,0.9525068,0.94855195,0.9592039,0.96064186,0.95457596,0.89596415,0.94537157,0.9496502,0.9555499,0.9524405,0.9460949,0.9571194,0.9572193,0.95535153,0.95120513,0.94295293,0.96047,0.9472571,0.9522693,0.95615625,0.9562713,0.9604764,0.94636357,0.95762813,0.9581067,0.9485596,0.95769674,0.9572259,0.9528223,0.95940334,0.95288414,0.96415126,0.9459059,0.95219994,0.9633526,0.9545549,0.94972485,0.9609135,0.95354456,0.96172565,0.95525646,0.9544547,0.95571333,0.96326804,0.950219,0.9436222,0.948844,0.95555216,0.96199715,0.9443485,0.9626436,0.8469367,0.9462861,0.9527627,0.95426166,0.94580597,0.9338061,0.9520994,0.9551621,0.94923323,0.9499215,0.9646671,0.9635143,0.94494736,0.9505277,0.94035983,0.95792896,0.957596,0.9387755,0.95773077,0.95825785,0.9626436,0.95416576,0.94166243,0.95217097,0.9591128,0.9590873,0.9573668,0.95395595,0.956207,0.9424416,0.95625514,0.93549967,0.95478165,0.9511444,0.95291126,0.960852,0.95600104,0.9534927,0.9586747,0.9585947,0.88698286,0.9596539,0.94017,0.9490322,0.95106477,0.95737326,0.94234407,0.95430034,0.9618413,0.9570785,0.9585061,0.9615288,0.95982754,0.9567886,0.95210415,0.96036965,0.9487395,0.95795053,0.93198055,0.94777805,0.9474654,0.96366715,0.9352684,0.9652056,0.95061696,0.95346427,0.95083994,0.95527005,0.95379347,0.9772037,0.9497846,0.9475058,0.95586514,0.9535571,0.9630703,0.9540582,0.9550047,0.95520526,0.9529222,0.9607046,0.9568425,0.95391893,0.929805,0.9461289,0.95250016,0.950562,0.9576834,0.96385616,0.95654535,0.9772037,0.94621044,0.9561255,0.96011305,0.94998384
ahiddenlifefilm,0.97472185,0.96853346,0.976203,0.96968305,0.9727915,0.96907455,0.9813995,0.9772037,0.9999999,0.97042227,0.97820604,0.9682355,0.9749459,0.9775498,0.97575724,0.9738494,0.976294,0.9753371,0.9706075,0.9703073,0.976565,0.97424334,0.9772081,0.9816721,0.97185856,0.92042065,0.96065676,0.9749674,0.97628266,0.975114,0.970327,0.97631186,0.9741074,0.9715839,0.97161907,0.96024495,0.9824426,0.972608,0.97383076,0.9736408,0.97319365,0.9805731,0.96782374,0.9766754,0.98232824,0.9718862,0.9760845,0.9759706,0.9657454,0.9794417,0.9749241,0.98385394,0.9718383,0.97395676,0.97762376,0.9701344,0.9687305,0.9772449,0.9749931,0.98023915,0.97084177,0.97131306,0.9749143,0.97476226,0.9699195,0.96988976,0.9738321,0.97439474,0.9794878,0.96662706,0.9827424,0.8641669,0.9667617,0.9740766,0.9739705,0.9668642,0.9605333,0.97601193,0.97375697,0.9686759,0.97372264,0.9807786,0.9777613,0.9700173,0.9777076,0.96932226,0.97834563,0.9782875,0.966998,0.97976667,0.9758202,0.9827424,0.97089154,0.97316104,0.97259104,0.97762185,0.9788259,0.97660017,0.97408265,0.9722985,0.96658474,0.97187155,0.9634403,0.978301,0.97253543,0.976632,0.97762465,0.97231686,0.973341,0.974994,0.97737056,0.9063542,0.97968554,0.9598053,0.9700558,0.9767129,0.98038423,0.9737638,0.98012745,0.9732243,0.97421,0.978765,0.97936904,0.97040135,0.97679234,0.9706201,0.9786711,0.97419924,0.97324836,0.9521415,0.9715889,0.96828794,0.977547,0.96165544,0.9779081,0.97739094,0.9726892,0.9735212,0.97715497,0.9740069,0.9999999,0.97616297,0.97100884,0.97367305,0.9717765,0.97806007,0.9736473,0.97592026,0.9723955,0.97724575,0.97977376,0.97220546,0.97139734,0.95654905,0.97028506,0.97623855,0.9741539,0.9732932,0.9768543,0.9753259,0.9999999,0.96055853,0.980025,0.97836465,0.97174615
alitamovie,0.94614583,0.94688433,0.94415486,0.9493685,0.9599825,0.93943155,0.9531352,0.953862,0.97042227,1.0000002,0.9522159,0.9421373,0.9458914,0.94964427,0.94876194,0.95427483,0.947535,0.95708686,0.94811857,0.9440574,0.9567143,0.9449045,0.9455635,0.9574483,0.9467499,0.89219105,0.9392529,0.94809663,0.9479753,0.9457149,0.9496103,0.9472502,0.9499815,0.94556534,0.9429857,0.934824,0.9505979,0.942832,0.95211196,0.95183253,0.954692,0.94876367,0.93077105,0.93602407,0.9519619,0.9395784,0.9477653,0.9531889,0.95156634,0.9441304,0.9459908,0.96235794,0.94278795,0.95131946,0.95111823,0.95024186,0.94562835,0.94772726,0.9541783,0.94801605,0.95232415,0.939565,0.94886315,0.94952804,0.94586545,0.94438034,0.95358056,0.94917476,0.9528146,0.93857914,0.9501655,0.8488599,0.946974,0.9464477,0.9442914,0.93840003,0.93651736,0.9610041,0.95130783,0.9390885,0.9446542,0.95578104,0.9528055,0.93989503,0.9424266,0.9448718,0.94984823,0.94366705,0.93926823,0.9551297,0.9519595,0.9501655,0.948005,0.9427314,0.9385319,0.9474431,0.95567703,0.9539356,0.9505524,0.9385672,0.9313849,0.9507689,0.9363061,0.94631684,0.9602734,0.9529682,0.9435601,0.9460167,0.9466641,0.95547026,0.95487905,0.8827132,0.95290345,0.94032836,0.9408694,0.9570719,0.9457277,0.9406578,0.9487442,0.95412415,0.95425117,0.9515786,0.95041704,0.939794,0.9445196,0.94348526,0.9474376,0.94779086,0.9533617,0.92646396,0.9493654,0.94662046,0.95699036,0.9212205,0.9586568,0.9434034,0.9437075,0.95154494,0.9415394,0.9494397,0.97042227,0.94055116,0.93846613,0.9498369,0.9412555,0.95144075,0.94839907,0.94942725,0.9486673,0.9474773,0.9556369,0.93503416,0.9446349,0.93004984,0.93840915,0.94635236,0.93925476,0.9428146,0.95192635,0.94634706,0.97042227,0.9449051,0.9552742,0.94624585,0.94727385
angelhasfallen,0.95159036,0.94789517,0.9531919,0.94996667,0.95871717,0.94887024,0.95774245,0.9596032,0.97820604,0.9522159,1.0000002,0.9444756,0.95999223,0.9568062,0.9574804,0.95523024,0.95043975,0.96001405,0.9501303,0.95512044,0.9593518,0.955117,0.9538837,0.96010065,0.9600263,0.9065284,0.94009304,0.9526479,0.9510205,0.96007895,0.954738,0.9567089,0.9578522,0.94782436,0.95844626,0.9482816,0.96269625,0.9620015,0.95520395,0.95654947,0.95405346,0.964048,0.95100623,0.9608062,0.9673024,0.9505012,0.95277196,0.95894474,0.9509379,0.96488726,0.9492381,0.9634152,0.9565696,0.9590485,0.9612848,0.9568079,0.9571814,0.9602984,0.9570576,0.96259344,0.9570769,0.95328146,0.9666421,0.95384216,0.95186526,0.96425176,0.95382476,0.95321697,0.96947855,0.94725525,0.9652337,0.84989315,0.9571115,0.9511449,0.962269,0.94621396,0.94253075,0.9596397,0.9535224,0.95363146,0.9717844,0.96387976,0.95750046,0.9499227,0.9525985,0.95336777,0.9629177,0.95799017,0.9492658,0.9611167,0.963989,0.9652337,0.9567593,0.955344,0.9536851,0.9691815,0.9703222,0.9615001,0.9500951,0.95546687,0.94649976,0.95836276,0.94116783,0.96269083,0.9522863,0.954449,0.9539249,0.95044905,0.957578,0.9543587,0.9597816,0.9024462,0.96382874,0.9518704,0.9501204,0.96367794,0.96285576,0.951739,0.9623384,0.95454955,0.9603862,0.9582535,0.96552837,0.9532189,0.95458883,0.9514197,0.9621922,0.9509424,0.9531582,0.9438642,0.95731294,0.95180714,0.95439804,0.9430518,0.9596504,0.9616983,0.9521643,0.9490858,0.9554534,0.9598683,0.97820604,0.95498306,0.9478063,0.95162153,0.9507242,0.9616089,0.9556414,0.9600245,0.95491487,0.957401,0.95935285,0.95859945,0.9500045,0.9310403,0.9477102,0.9589868,0.9533822,0.9596448,0.95537066,0.95890915,0.97820604,0.93378145,0.9608182,0.95890063,0.9498799
angrybirdsmovie,0.94556326,0.9423992,0.95522064,0.9396393,0.9446517,0.93753755,0.95385426,0.9515444,0.9682355,0.9421373,0.9444756,1.0000004,0.9411454,0.9545303,0.95292234,0.942888,0.95201296,0.94801027,0.9443082,0.9396306,0.94952863,0.94606453,0.9427141,0.954273,0.9439422,0.8905312,0.9261146,0.953167,0.9550946,0.9450612,0.9365949,0.94594014,0.94616884,0.9515971,0.93520534,0.9243743,0.95186085,0.9455192,0.94306415,0.9388863,0.9398815,0.95345336,0.9458588,0.94740874,0.9503625,0.9373409,0.94005626,0.95801044,0.9349553,0.9495675,0.9633634,0.9510729,0.9346901,0.9497558,0.94954944,0.9453427,0.93709046,0.9558886,0.94411176,0.95291936,0.9434853,0.93160284,0.9430311,0.94721687,0.9325847,0.94316864,0.94274753,0.9431229,0.95042866,0.9285183,0.9483737,0.8564401,0.9340108,0.9523105,0.94863063,0.9368253,0.9333355,0.94509804,0.9440109,0.93620676,0.9438756,0.9527845,0.9502848,0.9425354,0.96304816,0.9365237,0.9464941,0.94630927,0.94014394,0.95745534,0.9429185,0.9483737,0.9386042,0.9502555,0.956577,0.9446494,0.9482649,0.94141513,0.9492982,0.9433379,0.9254257,0.94397414,0.9386891,0.9409927,0.94286776,0.9627936,0.95011497,0.9381752,0.9482629,0.9540131,0.94414806,0.87065434,0.950727,0.9186775,0.94675857,0.9373018,0.94918317,0.9459625,0.9508761,0.9415317,0.9387871,0.95402664,0.94882923,0.952574,0.9461325,0.94309753,0.9431076,0.9532263,0.94874436,0.9267172,0.93656075,0.9399191,0.9526583,0.9316319,0.9514522,0.94288754,0.9380333,0.94112605,0.95553166,0.9397357,0.9682355,0.95801145,0.9315288,0.9530491,0.9541411,0.9453143,0.9446092,0.9489504,0.936938,0.9427406,0.95117307,0.9439204,0.93986404,0.9247636,0.9360193,0.9448362,0.9433552,0.9417508,0.95188946,0.9447371,0.9682355,0.9354854,0.94909424,0.9442776,0.9495887
annabellemovie,0.9561681,0.9435626,0.9507007,0.955929,0.9565996,0.9482782,0.9585191,0.952618,0.9749459,0.9458914,0.95999223,0.9411454,1.0000005,0.94989794,0.9511113,0.9527861,0.95471174,0.9505081,0.9554556,0.9487853,0.9534024,0.9491254,0.94907165,0.9590491,0.9495418,0.88708484,0.9393698,0.9553808,0.9475982,0.9483062,0.951831,0.9618046,0.95509905,0.94760185,0.9480492,0.9400277,0.95346934,0.9620969,0.9457164,0.95281404,0.9629456,0.958041,0.9400818,0.9552423,0.9552577,0.9479315,0.9456914,0.9532979,0.9422145,0.9565518,0.94127905,0.9626138,0.9523027,0.9595018,0.95241576,0.9489497,0.9437469,0.9520027,0.9566686,0.9547916,0.9597859,0.9500667,0.95326847,0.9543917,0.9434426,0.9512627,0.9491017,0.95424557,0.954839,0.9310278,0.9571419,0.84418446,0.9439691,0.9467172,0.95040697,0.937001,0.9281299,0.95761424,0.9551224,0.94294304,0.9460976,0.96403295,0.9672238,0.94821924,0.9625198,0.9465328,0.9515256,0.9776171,0.93947023,0.95336515,0.95353436,0.9571419,0.94942826,0.94770974,0.9453468,0.9505482,0.9525181,0.95539254,0.9448122,0.94410974,0.94232225,0.9502975,0.9335787,0.9568069,0.9494867,0.94421744,0.947676,0.9596162,0.9513622,0.95121276,0.95883447,0.8908139,0.9536014,0.94520897,0.9527447,0.95163363,0.95988727,0.94585836,0.96233267,0.9553329,0.9580799,0.95558095,0.95308906,0.9511254,0.9503018,0.96130466,0.96924114,0.9453456,0.9496017,0.9244925,0.94788957,0.9535848,0.9567527,0.9374284,0.95588714,0.9543215,0.94664085,0.9504974,0.9563649,0.9515106,0.9749459,0.94847864,0.948973,0.96145004,0.95547116,0.9568137,0.94649184,0.9536468,0.9624178,0.9557175,0.9532938,0.95171726,0.94899184,0.9298669,0.93800735,0.9520855,0.95034695,0.9517361,0.95006686,0.9559401,0.9749459,0.9462098,0.9558539,0.9524815,0.9440193
annamovie,0.9598436,0.9485278,0.958222,0.95203793,0.94658166,0.9414559,0.9615917,0.9583741,0.9775498,0.94964427,0.9568062,0.9545303,0.94989794,1.0000002,0.95630306,0.9521783,0.9579519,0.9530398,0.95593303,0.95010114,0.9562923,0.9559302,0.95586747,0.96588284,0.94975096,0.9008945,0.9405694,0.9540797,0.95777595,0.9578984,0.94591343,0.9539209,0.9540917,0.95743364,0.9484593,0.93728447,0.961108,0.9529172,0.9625041,0.9515374,0.9487921,0.9674872,0.9523152,0.9640886,0.9632408,0.9449159,0.953421,0.95254606,0.9469623,0.96597934,0.95417374,0.96007663,0.94896764,0.9583466,0.9611114,0.9528371,0.94769305,0.9578481,0.9516074,0.9552158,0.9529785,0.95115864,0.9611522,0.9687874,0.9527745,0.94485444,0.9538485,0.9550753,0.9563647,0.94328463,0.96030957,0.85437506,0.94431573,0.94945496,0.9549309,0.95678353,0.94790936,0.9567301,0.9500618,0.95735896,0.9545706,0.9624385,0.9518184,0.95046,0.9629053,0.9508163,0.9558636,0.9538391,0.94124115,0.956757,0.95700264,0.96030957,0.9618687,0.9482451,0.952626,0.9621772,0.9571018,0.95056045,0.95123655,0.95604,0.94038653,0.95215154,0.94693017,0.95493454,0.9612764,0.95678985,0.9572125,0.95478404,0.9494141,0.9506305,0.9557658,0.88271624,0.96128833,0.9348515,0.95599747,0.9476413,0.9592317,0.952204,0.9633017,0.9543472,0.94695723,0.9613568,0.95978415,0.947611,0.9582588,0.93896204,0.95348614,0.9626072,0.9498348,0.9417429,0.9475977,0.94830656,0.95601803,0.9417803,0.96109074,0.95999956,0.9535379,0.947263,0.9596412,0.95293605,0.9775498,0.9586592,0.94500875,0.952352,0.9520449,0.955714,0.9512418,0.9567378,0.94868577,0.9526055,0.96443874,0.9581964,0.9582164,0.9379795,0.9488997,0.9563411,0.9535209,0.9486484,0.9583211,0.95841414,0.9775498,0.9360053,0.9581603,0.95426315,0.95265037
apollo11movie,0.9501655,0.9429717,0.95291907,0.9432666,0.952425,0.94336635,0.9649012,0.96262103,0.97575724,0.94876194,0.9574804,0.95292234,0.9511113,0.95630306,0.99999976,0.95283556,0.95713603,0.9564841,0.94817215,0.9696578,0.9592428,0.94951516,0.95104295,0.96158886,0.94898033,0.89254826,0.9405967,0.9594162,0.9481972,0.9545435,0.94307667,0.957278,0.95471364,0.94725335,0.9498597,0.93336755,0.95920557,0.9508949,0.9478957,0.9560898,0.9444283,0.9585405,0.9497199,0.9608848,0.9623277,0.94471407,0.9529697,0.9586565,0.9537665,0.960198,0.9538466,0.9617394,0.9487244,0.95195127,0.94817793,0.95563847,0.9426628,0.9629844,0.9518558,0.9582235,0.946244,0.9499435,0.9586134,0.950683,0.9493604,0.950893,0.95504534,0.94996154,0.96364605,0.9464412,0.95969856,0.83701974,0.9415092,0.9577499,0.95466566,0.94274706,0.92914146,0.95426726,0.9586379,0.94542515,0.95168376,0.9621978,0.95256853,0.94625556,0.9538573,0.9459932,0.96088487,0.95832294,0.9436677,0.9593793,0.9512433,0.95969856,0.94657266,0.95605624,0.9515192,0.97261506,0.9570941,0.95578516,0.9527136,0.94970447,0.9399814,0.95914024,0.93906343,0.9562088,0.9526065,0.9554346,0.95854986,0.94677347,0.95378155,0.95839983,0.9537112,0.8751075,0.9550734,0.9311497,0.9474536,0.95542824,0.95543855,0.94798416,0.9569998,0.9625975,0.9495593,0.96364945,0.95373917,0.94760585,0.95376605,0.94814086,0.9578898,0.9478919,0.95603776,0.9332771,0.9529715,0.9527702,0.95558715,0.9381095,0.9618584,0.956574,0.9474298,0.94738317,0.9560626,0.9508806,0.97575724,0.95353764,0.94710743,0.95361024,0.9424372,0.9562813,0.9498176,0.95237505,0.94083315,0.9462993,0.9578646,0.9442029,0.94851464,0.9371032,0.94955385,0.95123535,0.94533765,0.9566823,0.95682037,0.9563236,0.97575724,0.9358289,0.96048313,0.959508,0.94896495
arcticdogsmovie,0.95268667,0.9589149,0.9556256,0.9505631,0.95349824,0.9325549,0.95468795,0.95618623,0.9738494,0.95427483,0.95523024,0.942888,0.9527861,0.9521783,0.95283556,0.99999994,0.9483471,0.9562555,0.9485395,0.94129294,0.9546596,0.9433192,0.9462385,0.9604182,0.9546026,0.8929862,0.93538874,0.94738185,0.94982785,0.9554644,0.94274306,0.9493938,0.9534084,0.94525105,0.94701403,0.93793494,0.95693135,0.94970554,0.954479,0.95054805,0.9530657,0.9571058,0.93571234,0.95188624,0.9559698,0.9399517,0.94525254,0.9527865,0.9409515,0.9547624,0.94780225,0.9600927,0.9418722,0.9508376,0.94629997,0.9474042,0.93688536,0.9558453,0.95200855,0.95538384,0.9489867,0.94583964,0.9529778,0.9531379,0.9462738,0.94870657,0.949043,0.94707066,0.9536987,0.94740623,0.95658123,0.84854853,0.9415439,0.9398792,0.94473636,0.94974864,0.9285416,0.9589178,0.9503465,0.93855214,0.95119846,0.95301145,0.95876104,0.9498508,0.9553648,0.949527,0.94601643,0.9579343,0.9438837,0.9516034,0.94917613,0.95658123,0.9501458,0.94526136,0.9497426,0.9552375,0.9591393,0.95857334,0.9526295,0.94319385,0.9413101,0.94239354,0.93838197,0.9552411,0.94859266,0.95045334,0.9514222,0.96218,0.9541917,0.95523334,0.959224,0.8837737,0.956443,0.9374694,0.94524425,0.9566191,0.95373803,0.9483733,0.9541781,0.95368606,0.953788,0.95489126,0.9512658,0.9392853,0.94589466,0.94813514,0.9534325,0.94562525,0.94883955,0.92257804,0.944775,0.9461856,0.956299,0.93902045,0.95608336,0.9562866,0.9428238,0.95067436,0.9570371,0.94660527,0.9738494,0.9429371,0.939643,0.9508683,0.94908375,0.9556404,0.9471881,0.94653815,0.95463073,0.9571828,0.95375156,0.953473,0.94408065,0.93128955,0.94101757,0.9516511,0.9444302,0.95748997,0.95602953,0.9511478,0.9738494,0.941257,0.9520776,0.94712645,0.93992215
arcticmovie,0.9582541,0.94571584,0.95107,0.9537483,0.94486123,0.94955146,0.9580081,0.9553188,0.976294,0.947535,0.95043975,0.95201296,0.95471174,0.9579519,0.95713603,0.9483471,1.0000004,0.9527406,0.9537724,0.942669,0.9541497,0.9514483,0.9595108,0.96318495,0.94738066,0.90896016,0.9387496,0.97697985,0.9557131,0.9563291,0.95256054,0.9558107,0.9518812,0.9517803,0.9502154,0.94013613,0.96228254,0.952683,0.95500374,0.9507955,0.9484466,0.9601484,0.9474801,0.95626765,0.9596433,0.94503146,0.9596097,0.9577177,0.9509639,0.958858,0.9542833,0.9713645,0.9451416,0.94778323,0.95901763,0.9486624,0.94708276,0.9504299,0.9538674,0.9593194,0.95238733,0.94495666,0.946732,0.9495817,0.95688456,0.94595057,0.9598726,0.95544696,0.95301527,0.93814826,0.9588401,0.8404875,0.9446441,0.9654733,0.9514476,0.93719757,0.94296163,0.94805837,0.9491669,0.94816375,0.9484358,0.95321333,0.95701504,0.9454959,0.9549353,0.9477573,0.95750165,0.9569635,0.94708484,0.9693682,0.9526403,0.9588401,0.94605565,0.9466828,0.94948727,0.95974106,0.952762,0.9476033,0.94985735,0.95453185,0.9419771,0.95759135,0.9427528,0.9567603,0.9567528,0.9573059,0.94985586,0.9467464,0.9539304,0.9582997,0.9554226,0.8763881,0.9600466,0.94118774,0.9523761,0.950317,0.9643216,0.954239,0.95530856,0.9549675,0.9493904,0.959727,0.9588695,0.9508231,0.9517536,0.94732517,0.9547982,0.9542956,0.9524102,0.9372562,0.9467903,0.9446926,0.97542053,0.950961,0.95976496,0.9576593,0.95254064,0.96044075,0.95919955,0.949257,0.976294,0.95176554,0.94696105,0.9558729,0.9522035,0.9626774,0.95006454,0.954307,0.94762856,0.9535351,0.9562186,0.94651645,0.94349086,0.93403375,0.9463646,0.9515788,0.95746213,0.94908947,0.9563782,0.9597302,0.976294,0.9318315,0.955847,0.9591042,0.951655
artofracingmovie,0.95036125,0.9481013,0.9531498,0.9495639,0.97328746,0.949695,0.96023,0.9633669,0.9753371,0.95708686,0.96001405,0.94801027,0.9505081,0.9530398,0.9564841,0.9562555,0.9527406,1.0000001,0.943848,0.9527538,0.95838124,0.9483027,0.95488703,0.95724005,0.95233387,0.89917064,0.9533147,0.9490477,0.9558658,0.95505375,0.94745773,0.953966,0.9456087,0.9555559,0.9484596,0.94145346,0.95642793,0.94604856,0.9523458,0.9473054,0.9524105,0.96309215,0.9424899,0.95111847,0.9592847,0.949885,0.95510244,0.95526314,0.9473973,0.95895875,0.95415634,0.9633548,0.94749165,0.955877,0.9541289,0.96860933,0.95458585,0.9579554,0.9566606,0.95647764,0.9510181,0.94567066,0.9576155,0.94860876,0.9521053,0.9507545,0.95361173,0.9517634,0.9629332,0.94565266,0.95517755,0.83825403,0.94475853,0.94749653,0.9520767,0.93875724,0.93309194,0.952504,0.9569641,0.9508668,0.9548351,0.95940024,0.95568305,0.9434807,0.9523503,0.94589883,0.95775294,0.9574123,0.9378484,0.9568845,0.9549996,0.95517755,0.9504552,0.9493794,0.9512089,0.9560054,0.9582812,0.95835847,0.95154244,0.95444256,0.93865126,0.9562854,0.9394841,0.9525287,0.94726634,0.95887274,0.957188,0.9504263,0.953848,0.9542733,0.9601794,0.87180215,0.9565047,0.93588346,0.9482637,0.95590156,0.95515203,0.93879783,0.9601485,0.95483637,0.9565332,0.9629298,0.957599,0.9529683,0.95062983,0.95151556,0.9606593,0.9454994,0.96385926,0.9300454,0.9555605,0.96181476,0.96104616,0.9411928,0.9568864,0.95453703,0.95277274,0.94492453,0.94697195,0.96277416,0.9753371,0.9523905,0.9435007,0.95189,0.94741285,0.96123075,0.95262384,0.95127225,0.95053357,0.94631255,0.960052,0.94610995,0.9488346,0.9305718,0.9435819,0.95396644,0.94375366,0.9519271,0.95759374,0.9556206,0.9753371,0.9428317,0.9579696,0.9596651,0.95179236
avengers,0.9733918,0.94600314,0.9482778,0.9454903,0.9411243,0.9394826,0.95479673,0.9470534,0.9706075,0.94811857,0.9501303,0.9443082,0.9554556,0.95593303,0.94817215,0.9485395,0.9537724,0.943848,0.9999995,0.94069517,0.9505075,0.9413764,0.952391,0.9579147,0.9457229,0.89595604,0.93845457,0.949,0.94871765,0.939586,0.9635435,0.9481379,0.9493686,0.9425541,0.94492924,0.9296311,0.9537619,0.94749135,0.9536363,0.94866323,0.946,0.95235735,0.94114137,0.95388776,0.94932115,0.94337827,0.95286644,0.9415638,0.9405669,0.9536379,0.94728684,0.96050805,0.9439158,0.95007026,0.94583243,0.9422615,0.9461189,0.948754,0.9476779,0.9550119,0.94729805,0.9437231,0.9458673,0.952661,0.9444507,0.94411314,0.9458829,0.94976014,0.95040166,0.9351059,0.9520891,0.83357596,0.9475695,0.94459873,0.9490075,0.9339823,0.9323489,0.9455553,0.94418,0.9432913,0.9424473,0.9516862,0.951562,0.940111,0.95027417,0.9419049,0.94742286,0.9507418,0.93775755,0.9556361,0.9484864,0.9520891,0.9428009,0.9515034,0.9529964,0.95159745,0.9494106,0.9485208,0.9482582,0.94102484,0.93070006,0.95120525,0.94319344,0.95772946,0.94147736,0.9513266,0.94267327,0.94658315,0.94484496,0.9538515,0.95107466,0.8699026,0.9492503,0.9327848,0.95200145,0.9461337,0.95323116,0.94711465,0.9509802,0.947343,0.95249623,0.94515526,0.9518842,0.9422339,0.94365895,0.9465514,0.94870824,0.95323855,0.9383076,0.94149166,0.944114,0.939906,0.95561796,0.9358184,0.954044,0.9464829,0.9372987,0.94809794,0.9482341,0.9506577,0.9706075,0.94517565,0.94171566,0.9483187,0.94685686,0.94965416,0.94773096,0.95313734,0.9512258,0.94715244,0.955771,0.9473144,0.94621634,0.9356405,0.94336367,0.94311976,0.94220024,0.94212747,0.9481393,0.95148283,0.9706075,0.9359954,0.9555872,0.95481646,0.94592905
beachbummovie,0.95044076,0.9435271,0.94955873,0.9413305,0.9446992,0.9420745,0.9588561,0.95329106,0.9703073,0.9440574,0.95512044,0.9396306,0.9487853,0.95010114,0.9696578,0.94129294,0.942669,0.9527538,0.94069517,0.9999994,0.9532284,0.95054513,0.95165956,0.94627875,0.93744916,0.89816916,0.93761414,0.9451351,0.9473938,0.9509625,0.94028944,0.9447334,0.94663906,0.94329023,0.94724816,0.9258295,0.96023226,0.94594836,0.9425448,0.94136804,0.9460454,0.9565259,0.9450785,0.9527013,0.95283014,0.95792586,0.949337,0.94897044,0.93618715,0.95552945,0.9505677,0.95337874,0.94197774,0.95172966,0.94849485,0.93732315,0.93766314,0.95672625,0.9524924,0.9589896,0.9340402,0.9491198,0.95324355,0.9439393,0.93890244,0.9406374,0.9516145,0.94392055,0.95542055,0.9513897,0.9566183,0.8509263,0.9326149,0.9460025,0.9448482,0.936473,0.9316723,0.94900984,0.9547107,0.94372225,0.94931006,0.9595529,0.94434893,0.9416602,0.9518482,0.9331908,0.951739,0.94797915,0.940572,0.9475673,0.946606,0.9566183,0.9511676,0.9517782,0.9493458,0.9645765,0.94572276,0.9646601,0.9464192,0.9446671,0.94365627,0.95478034,0.9404825,0.9525597,0.9456743,0.95164025,0.95420617,0.94437426,0.95314974,0.9517198,0.94902706,0.88578606,0.94682556,0.9282127,0.94665354,0.9481256,0.95611864,0.9412537,0.9477091,0.9509627,0.9493394,0.9555958,0.95403063,0.94135416,0.94792855,0.9451045,0.9549535,0.9427251,0.94277495,0.9271956,0.9518109,0.9454835,0.946049,0.9426466,0.9512747,0.95191395,0.9506936,0.9378631,0.9439622,0.95726216,0.9703073,0.9482062,0.947336,0.94585496,0.9375917,0.9530873,0.94671375,0.95122594,0.9434513,0.94726056,0.95946306,0.9497162,0.9504292,0.92477804,0.94694126,0.95470536,0.9486722,0.9488076,0.9543211,0.9428434,0.9703073,0.93765974,0.9542857,0.9572523,0.9410552
bernadettefilm,0.9533097,0.9506278,0.95802677,0.9417211,0.9491292,0.9516419,0.95718646,0.9525068,0.976565,0.9567143,0.9593518,0.94952863,0.9534024,0.9562923,0.9592428,0.9546596,0.9541497,0.95838124,0.9505075,0.9532284,0.9999999,0.96662796,0.9561719,0.9634687,0.9442308,0.9185569,0.9404103,0.9605612,0.96066844,0.95071113,0.95121014,0.9607164,0.9537684,0.9554481,0.9540394,0.94670165,0.959919,0.94934905,0.9550747,0.9577376,0.9529073,0.9624303,0.9417235,0.9546906,0.9533551,0.9528119,0.9540773,0.95645326,0.95196694,0.9584081,0.9588645,0.9628244,0.9512152,0.95628536,0.95157254,0.9484233,0.9509095,0.9587959,0.958755,0.95720667,0.95202565,0.94238013,0.95222485,0.95552194,0.95240194,0.95415425,0.95495224,0.9553614,0.95672303,0.9491405,0.9594278,0.8563531,0.94294477,0.95927,0.9544877,0.94279754,0.9481255,0.9482554,0.9609109,0.94776195,0.9594027,0.9564934,0.9564783,0.9522708,0.957495,0.9462421,0.95713705,0.95641714,0.9532327,0.95730406,0.9569428,0.9594278,0.95193,0.95471156,0.9513382,0.96049887,0.9569311,0.95528793,0.95239085,0.94609714,0.9454248,0.95464766,0.94663477,0.95541084,0.95573485,0.96224844,0.95842165,0.9572104,0.95754373,0.95998424,0.9551446,0.88035977,0.95779043,0.93623185,0.96353483,0.95227003,0.9577776,0.9524609,0.9620173,0.9483057,0.9522007,0.95579344,0.95665646,0.95456266,0.9551509,0.9492858,0.9575187,0.95432526,0.95546,0.9252499,0.97312844,0.94561684,0.9646796,0.935695,0.9561452,0.95044667,0.9527481,0.9488112,0.95503974,0.95398366,0.976565,0.967621,0.95715016,0.95455086,0.95113605,0.95874476,0.95287734,0.9587073,0.9495189,0.95269316,0.9544979,0.94261193,0.9491722,0.93426436,0.9592195,0.9576263,0.94791156,0.94775385,0.9548009,0.95793796,0.976565,0.9483701,0.95773894,0.9566478,0.9554452
