movie,21bridgesmovie,47metersdown,abeautifuldaymovie,abominablemovie,adastramovie,adogsjourneymovie,aftermathmovie,aftermovie,ahiddenlifefilm,alitamovie,angelhasfallen,angrybirdsmovie,annabellemovie,annamovie,apollo11movie,arcticdogsmovie,arcticmovie,artofracingmovie,avengers,beachbummovie,bernadettefilm,blackandbluemovie,blackchristmas,blindedbythelightmovie,bombshellmovie,booksmart,breakthroughmovie,brianbanksmovie,brightburnmovie,brittanyrunsmov,captainmarvelofficial,captivestatemovie,catsmovie,charliesangels,childsplaymovie,clarathefilm,coldpursuitmovie,countdown,currentwarmovie,darkwatersmovie,detectivepikachumovie,disneyaladdin,disneyfrozen,disneymaleficent,doctorsleepmovie,dolemiteismyname,dontletgomovie,doramovie,downtonabbey_official,dumbo,escaperoom,everybodyknowsmovie,fastandfuriousmovie,fightingwmyfam,fivefeetapartfilm,fordvferrari,freaksthefilm,geminimanmovie,glassmovie,gloriabellmovie,godzillamovie,goldfinchmovie,goodboysmovie,goodliarmovie,gretafilm,halathemovie,happydeathdaymovie,harrietfilm,hellboymovie,hersmellmovie,highlifemovie,highstrungmovie,honeyboymovie,hotelmumbaifilm,httydragon,hustlemovie,hustlersmovie,isntitromantic,itmovieofficial,jayandsilentbob,johnwickmovie,jojorabbitmovie,jokermovie,judythefilm,jumanjimovie,justmercyfilm,knivesout,lalloronamovie,lastblackmansf,lastchristmasthemovie,latenightmovie,lighthousemovie,lionking,littlethemovie,littlewomenmovie,littlewoodsfilm,longshotmovie,lordsofchaosmovie,lucyintheskyfilm,mamovie2019,marriagestory,meettheaddams,meninblack,midsommarmovie,midwaymovie,missbalamovie,missinglinkfilm,motherlessbklyn,onceinhollywood,onthebasisofsex,overcomermovie,peanutbutterfalcon,petsematarymovie,piercingmovie,playingwithfire,playmobilthemovie,pomsmovie,queenandslim,rambomovie,readyornotfilm,richardjewellfilm,rocketmanmovie,scarystoriesmovie,secretlifeofpets,serenityfilm,shaftmovie,shazammovie,spidermanmovie,spiesindisguise,starwars,stormboymovie,stubermovie,taosdfilm,teenspiritmov,terminator,theaeronautsmov,thebestofenemies,thedeaddontdie,thefarewell,thehighwaymen,thehummingbirdprojectfilm,theintrudermovie,theirishmanfilm,thekitchenmovie,thelegomovie,themustangfilm,thenightingalefilm,theprodigymovie,thesunisalsoastar,theupsidefilm,tolkienmovie,toystory,triplefrontier,uglydolls,uncutgems,underthesilverlake,usmovie,wavesmovie,whatmenwant,wonderparkmovie,wrinklestheclown,xmenmovies,yardiefilm,yesterdaymovie,zombieland
21bridgesmovie,1.0000001,0.9291746,0.9686736,0.954519,0.9525729,0.96024966,0.9653378,0.9660979,0.9805707,0.9569338,0.9668566,0.94544166,0.96819985,0.97160685,0.96823424,0.9596386,0.9698799,0.9562025,0.9755673,0.9596475,0.948847,0.9600902,0.96674275,0.9637491,0.96206546,0.8747148,0.9504119,0.96785474,0.9606059,0.97052044,0.9594309,0.9738705,0.96537447,0.9521898,0.9420475,0.93584096,0.9720988,0.9667352,0.9631865,0.96405613,0.95659775,0.9582389,0.94940495,0.95782506,0.9615876,0.9505035,0.9687859,0.9483626,0.9567659,0.9591236,0.96501637,0.97096324,0.9608538,0.9632095,0.95191026,0.95279455,0.9656221,0.9535419,0.9628583,0.9642992,0.9662593,0.9604375,0.9608714,0.973806,0.96726424,0.95527256,0.967497,0.9708477,0.97186345,0.9520621,0.96611446,0.811984,0.95876294,0.97761166,0.965315,0.958658,0.9287654,0.9611032,0.96400845,0.93934566,0.9766684,0.9590203,0.9632002,0.95364416,0.9669352,0.95611405,0.95984477,0.9646682,0.9503662,0.9657915,0.9602865,0.96611446,0.9470673,0.96143764,0.96849364,0.9627174,0.97197956,0.96505,0.96190584,0.96597296,0.95583344,0.9578905,0.95825917,0.9637012,0.95497024,0.9647808,0.9599759,0.9645977,0.9611745,0.96982783,0.96479386,0.9035019,0.9581044,0.9252837,0.9587228,0.97905254,0.9890653,0.96434444,0.96918,0.9654942,0.97170115,0.9621952,0.96298087,0.95463806,0.9668522,0.96362567,0.9644102,0.9673243,0.945319,0.9417548,0.9639939,0.9304861,0.96888334,0.9601612,0.96550816,0.97519994,0.9804352,0.96152455,0.9632759,0.95202523,0.9805707,0.9657075,0.9462734,0.95782954,0.9598414,0.9575909,0.9502744,0.95482546,0.9649404,0.9683308,0.9576297,0.9718635,0.95720613,0.9557069,0.9550419,0.95866585,0.96028036,0.96287507,0.9715019,0.96235734,0.9805707,0.95693815,0.96252036,0.9675894,0.96793723
47metersdown,0.9291746,1.0000001,0.9378363,0.93887365,0.9507983,0.9374085,0.94387764,0.94339675,0.959793,0.95176256,0.9428939,0.91437227,0.9346118,0.93754077,0.94912946,0.964591,0.9557769,0.9371554,0.9176758,0.9385745,0.940013,0.9293082,0.95868856,0.9504967,0.9367755,0.85425735,0.94366187,0.94821477,0.93553704,0.9377836,0.9494338,0.92936885,0.93857026,0.9266676,0.91721964,0.8985617,0.95045877,0.93263036,0.947859,0.9389835,0.93350303,0.94453454,0.92598253,0.9367267,0.9572062,0.9367586,0.9545604,0.95204425,0.92716014,0.9356942,0.9371723,0.94144934,0.94659495,0.9413284,0.9437975,0.9559828,0.9325223,0.9487806,0.94807035,0.9421672,0.93967885,0.9437149,0.9444219,0.94597256,0.94500464,0.9465679,0.9449111,0.93245,0.93829095,0.92261684,0.9463104,0.7872337,0.9316924,0.9503599,0.93161124,0.9295609,0.891008,0.9421661,0.9480034,0.9513545,0.9438029,0.9323322,0.94688034,0.93349165,0.9372306,0.93484026,0.92016107,0.9369971,0.92647904,0.96050537,0.92368203,0.9463104,0.9317877,0.93710786,0.94860536,0.9335775,0.952869,0.9357834,0.9369855,0.9440274,0.9341522,0.9435672,0.9296286,0.9411344,0.963039,0.9405376,0.9434643,0.94903994,0.9295677,0.9382305,0.9618848,0.8623283,0.94214034,0.87922764,0.9441969,0.94818026,0.9426701,0.9405306,0.9464727,0.9395426,0.9528153,0.9564966,0.94970244,0.94988984,0.9500076,0.939382,0.92765254,0.94360673,0.95230085,0.91739386,0.9482786,0.9521101,0.94324535,0.92921245,0.9515474,0.94309026,0.9239236,0.95175874,0.95060784,0.9255004,0.959793,0.9366598,0.9282068,0.9415998,0.93235594,0.9378098,0.9376188,0.9131356,0.9540389,0.9342951,0.94920385,0.9348029,0.95263463,0.9283108,0.9434181,0.94366264,0.951911,0.95402455,0.9418872,0.9511321,0.959793,0.9304937,0.9381902,0.9492013,0.9301309
abeautifuldaymovie,0.9686736,0.9378363,1.0000001,0.95666087,0.9608757,0.966931,0.961414,0.96649677,0.98303217,0.9623743,0.9716521,0.9514579,0.96654415,0.9724054,0.96745104,0.9563654,0.9640665,0.9601936,0.9582292,0.9700782,0.9554429,0.96874756,0.96729517,0.9649074,0.95996165,0.8946417,0.9646055,0.9703485,0.9822456,0.9585983,0.96733576,0.96667,0.96600527,0.95951974,0.94927365,0.94931376,0.96812284,0.96685463,0.9661033,0.96129686,0.9542115,0.95081085,0.9387718,0.949058,0.96527946,0.9565504,0.9639685,0.9574918,0.9606449,0.9460063,0.9854862,0.97291696,0.9640905,0.9619498,0.96511847,0.9538657,0.9661935,0.96720225,0.95907867,0.96560156,0.9449016,0.9626072,0.96969175,0.97039837,0.9657879,0.96163154,0.9528351,0.961722,0.9649578,0.9634752,0.9585407,0.82111764,0.95805305,0.9702711,0.96375775,0.9551396,0.92346704,0.96153927,0.96469253,0.9431736,0.97752607,0.9639288,0.95812815,0.9481609,0.976118,0.9543687,0.95061153,0.96285206,0.9496513,0.96372443,0.95406836,0.9585407,0.94586235,0.96043247,0.9779484,0.9553768,0.96608114,0.9710964,0.9619737,0.96707875,0.9587556,0.9675647,0.96932626,0.96435267,0.9678189,0.98487115,0.96566945,0.95824957,0.9680017,0.9722257,0.9699976,0.92144585,0.96188074,0.9422059,0.9603567,0.9707248,0.97482204,0.96534085,0.961624,0.95856506,0.9626089,0.9674239,0.96026534,0.95538497,0.96685857,0.9654561,0.9651556,0.9738763,0.95779735,0.9429589,0.9603211,0.93470687,0.96274245,0.95646584,0.971126,0.9673296,0.9669332,0.9664739,0.96096414,0.9604655,0.98303217,0.97993517,0.9487203,0.95896,0.95769817,0.95817184,0.9625693,0.95854664,0.9561939,0.9701862,0.9530595,0.96792024,0.95636594,0.9504054,0.94718885,0.9591665,0.9573139,0.9583452,0.9682387,0.96702343,0.98303217,0.955406,0.9660837,0.9611153,0.97891086
abominablemovie,0.954519,0.93887365,0.95666087,1.0,0.95448154,0.94902956,0.960876,0.9665438,0.9759696,0.95078623,0.958156,0.92441905,0.95986664,0.9551062,0.9585934,0.9609423,0.9612311,0.9487572,0.9520182,0.94849944,0.9535315,0.956114,0.96952206,0.9559584,0.95263207,0.86098534,0.94710153,0.95810246,0.9542452,0.9585713,0.9607607,0.9506831,0.9511352,0.9293847,0.92376626,0.94272345,0.9620586,0.9595249,0.96218765,0.95357865,0.956622,0.94876236,0.94355345,0.951072,0.96844864,0.95918584,0.96617746,0.95259833,0.9521687,0.9530089,0.9517211,0.9610034,0.95878685,0.9579782,0.9682568,0.93848,0.95576864,0.94679886,0.9688459,0.95236385,0.9579894,0.9763286,0.96011287,0.95941687,0.95502913,0.9588925,0.95960885,0.9639897,0.95527047,0.95785815,0.9510557,0.8093513,0.93542373,0.9583488,0.97054327,0.945153,0.9190457,0.9519198,0.9692419,0.95748043,0.9647401,0.9543382,0.96092063,0.94813895,0.9637046,0.95793074,0.94218373,0.95179635,0.9533277,0.95402694,0.964624,0.9510557,0.94193804,0.94776976,0.95373356,0.96067446,0.95736533,0.9561969,0.94728917,0.95574266,0.9645526,0.9550958,0.95717925,0.95715564,0.9544514,0.9531855,0.9578482,0.97039515,0.94364506,0.9522358,0.9626829,0.8686646,0.95470333,0.9104757,0.95134073,0.95990926,0.9639838,0.96748793,0.96531445,0.95518357,0.9647468,0.96025133,0.96007466,0.95649594,0.95216435,0.9467231,0.9533527,0.9517472,0.9476918,0.94161856,0.9568876,0.9470334,0.95756495,0.9464055,0.9620219,0.965473,0.9562815,0.96071047,0.9568665,0.95834243,0.9759696,0.9556597,0.9611802,0.95770264,0.949337,0.9475904,0.95509857,0.9391449,0.96619415,0.95840734,0.96366334,0.9505341,0.9631141,0.94677705,0.9395722,0.95089906,0.96237177,0.9628156,0.95531577,0.95914096,0.9759696,0.9459672,0.9602281,0.96861523,0.9607134
adastramovie,0.9525729,0.9507983,0.9608757,0.95448154,1.0,0.9551573,0.95716393,0.95856726,0.9758584,0.97394127,0.9525912,0.9411115,0.96753794,0.9584126,0.9622005,0.96142066,0.9690673,0.9702659,0.94986993,0.9580185,0.9523768,0.9587415,0.9666947,0.9682515,0.96358734,0.85392857,0.96747804,0.95865667,0.96063477,0.9523719,0.9710349,0.95571864,0.95454264,0.9503488,0.92643505,0.9240171,0.9694059,0.9570403,0.96620184,0.95749444,0.9571837,0.95184016,0.9395166,0.95773745,0.96740884,0.9558235,0.9649074,0.9540413,0.96357375,0.9554506,0.96178985,0.9648269,0.961081,0.9520122,0.9575557,0.9703077,0.9521659,0.9513595,0.969177,0.9531229,0.96535265,0.9593912,0.9639656,0.9655112,0.95610756,0.94760203,0.95233923,0.9616167,0.9525654,0.95050263,0.95025903,0.78887403,0.9425621,0.96126676,0.9569498,0.96183956,0.9157972,0.9553391,0.95968854,0.936016,0.95929855,0.9534089,0.9728768,0.954781,0.9601128,0.9621681,0.93832606,0.96389604,0.95130885,0.96040684,0.9509934,0.95025903,0.95842457,0.9522248,0.9670278,0.9555473,0.96532416,0.947312,0.96448123,0.96014315,0.95380473,0.963453,0.9464545,0.94795907,0.9580168,0.96054244,0.9694847,0.9596672,0.9487323,0.95500976,0.97248256,0.87799567,0.9563543,0.9167533,0.9540837,0.9633171,0.96650326,0.9645522,0.9695922,0.96006507,0.9660786,0.96101284,0.96377784,0.9499298,0.9609974,0.9654234,0.95150614,0.9601756,0.9616949,0.9334753,0.9485361,0.9630679,0.95765996,0.9606538,0.9602639,0.9619131,0.95978194,0.9635768,0.9547006,0.9497597,0.9758584,0.9576688,0.94220114,0.9543814,0.94945484,0.95409846,0.95790917,0.9406027,0.96414024,0.96118027,0.9528029,0.95066565,0.9548031,0.9451434,0.9358109,0.95043606,0.96102434,0.95496273,0.9548685,0.957636,0.9758584,0.9610189,0.9651571,0.96557933,0.9568253
adogsjourneymovie,0.96024966,0.9374085,0.966931,0.94902956,0.9551573,0.99999994,0.9598491,0.96020186,0.9772997,0.9542286,0.9583995,0.95290273,0.95845836,0.96609765,0.96590674,0.95641166,0.9642253,0.954259,0.95782757,0.96184933,0.9568918,0.9563764,0.96967804,0.9621452,0.95411485,0.8738637,0.94872296,0.9657307,0.9613014,0.9489834,0.962197,0.96272784,0.96005446,0.9475388,0.93460244,0.93424416,0.9700833,0.9467652,0.9664047,0.9614149,0.94930834,0.94826305,0.939838,0.94577247,0.9650944,0.9562828,0.9643997,0.9526937,0.9566905,0.947314,0.9666547,0.9673928,0.95441,0.9608534,0.95672077,0.95233184,0.95348895,0.96132284,0.94967514,0.9582567,0.95456934,0.9525839,0.9613915,0.96879077,0.96887434,0.9481099,0.9551836,0.95994544,0.95758045,0.95644134,0.9581372,0.80152273,0.95210516,0.964632,0.9547343,0.9491018,0.9080817,0.95585054,0.96938473,0.9554805,0.97014284,0.95604086,0.9550404,0.9413967,0.9582961,0.9524964,0.962175,0.954077,0.9457789,0.96194386,0.9508344,0.9581372,0.93620056,0.95660317,0.96878153,0.9577365,0.96131486,0.9642623,0.9584579,0.9630552,0.9578168,0.9658878,0.95082,0.9587611,0.9585075,0.9714674,0.96140385,0.95615786,0.9590728,0.9584947,0.9596791,0.8933493,0.9628644,0.9178102,0.95918083,0.96306556,0.95887417,0.9632825,0.96171397,0.9571611,0.95825016,0.96760803,0.9628876,0.9784894,0.9694399,0.94774586,0.9660544,0.9721317,0.94129276,0.9432507,0.9621205,0.93218565,0.9599522,0.95506465,0.9677699,0.95541257,0.9552401,0.96980983,0.96140647,0.9587757,0.9772997,0.962258,0.9494574,0.96403337,0.9555245,0.95732814,0.9541773,0.9553283,0.9526313,0.9516325,0.9547195,0.95802987,0.9624162,0.9298163,0.9606516,0.957916,0.9664061,0.96497625,0.9609913,0.9625359,0.9772997,0.9479959,0.9624419,0.96807426,0.9645651
aftermathmovie,0.9653378,0.94387764,0.961414,0.960876,0.95716393,0.9598491,1.0,0.96118766,0.98343885,0.95688105,0.969737,0.9431289,0.9739405,0.9676913,0.9599048,0.95779836,0.958593,0.9523081,0.9589536,0.967259,0.95915556,0.9570645,0.9754028,0.9693694,0.96924883,0.8704212,0.95586604,0.957768,0.96215296,0.95398915,0.96712935,0.95435166,0.95764387,0.92742974,0.9397274,0.94314814,0.9721601,0.95862436,0.96711665,0.9566692,0.9653828,0.9705292,0.95240533,0.97188705,0.9676831,0.96499527,0.9748073,0.96066356,0.95277065,0.97530174,0.9569151,0.96090657,0.9685924,0.96747804,0.9532148,0.9550041,0.967376,0.96696943,0.9618151,0.9648937,0.9620518,0.96182823,0.9590782,0.9653133,0.9660952,0.9698931,0.96729225,0.96126485,0.959303,0.95784307,0.9646934,0.7885633,0.9443326,0.96773124,0.9534,0.96150297,0.9100748,0.96461815,0.97167236,0.9560341,0.96272916,0.9756494,0.97108537,0.95895904,0.964963,0.9542674,0.94918287,0.96902776,0.959163,0.9691888,0.9523372,0.9646934,0.9442012,0.95655227,0.95671606,0.95729053,0.9628267,0.9676518,0.97603464,0.9641418,0.96029204,0.9666461,0.95275414,0.96014065,0.9627873,0.9595971,0.9644583,0.9624812,0.9670946,0.9606893,0.96722907,0.8898829,0.96570456,0.92349184,0.96595985,0.9618228,0.9703673,0.95982754,0.97199893,0.9913292,0.971775,0.97272295,0.9673913,0.96429753,0.97099644,0.95430976,0.9611475,0.9518858,0.95804787,0.9422236,0.9586457,0.9479583,0.96503127,0.9617502,0.9673401,0.95661485,0.9590607,0.9625432,0.9719511,0.9665597,0.98343885,0.9603606,0.95589226,0.9612812,0.9643397,0.9531673,0.9609344,0.95177525,0.9679384,0.96382785,0.9842034,0.9692934,0.9653477,0.94356656,0.9491689,0.95914304,0.9620911,0.9649431,0.967254,0.9728891,0.98343885,0.9512877,0.9637307,0.97100073,0.960405
aftermovie,0.9660979,0.94339675,0.96649677,0.9665438,0.95856726,0.96020186,0.96118766,0.9999999,0.98381823,0.9615056,0.96683896,0.94071406,0.96590924,0.96195537,0.9739403,0.9536183,0.96597946,0.959671,0.954581,0.9644688,0.9635528,0.9624416,0.9695382,0.9639673,0.95983326,0.86983174,0.9558978,0.96329945,0.96379155,0.9592274,0.9586117,0.9662734,0.96599936,0.93913597,0.9414916,0.9456634,0.9724484,0.97252285,0.97127676,0.96442175,0.9636144,0.9609304,0.9538607,0.9545395,0.97517717,0.9594179,0.96418965,0.95879686,0.96189874,0.957624,0.9640016,0.9752559,0.9639135,0.96292627,0.9719478,0.955212,0.9733601,0.967827,0.95404947,0.96253043,0.9567474,0.96888214,0.96553284,0.96447825,0.97431344,0.961024,0.9696783,0.96684855,0.9569677,0.9668491,0.96707165,0.8110713,0.956088,0.9639916,0.96481085,0.9520994,0.92312384,0.9639583,0.9677338,0.9555739,0.97051245,0.9670135,0.954349,0.9581525,0.9710347,0.96021724,0.9628373,0.96311826,0.96522313,0.9657084,0.9638628,0.96707165,0.94598204,0.96442807,0.96604884,0.9631291,0.96597195,0.97039914,0.9493193,0.96859294,0.9687388,0.96130484,0.9672175,0.96862376,0.9692153,0.96220076,0.9650233,0.9660316,0.9547004,0.96651685,0.96922576,0.8882164,0.9667903,0.93869096,0.96509105,0.96626914,0.975071,0.9705159,0.97316986,0.95619607,0.9609388,0.96583253,0.9620309,0.96366775,0.96640664,0.9504517,0.96394104,0.966417,0.9541954,0.953546,0.96326196,0.9549111,0.9703456,0.958733,0.97365284,0.9674015,0.9649946,0.9688549,0.9747085,0.97063655,0.98381823,0.965941,0.96289706,0.9565308,0.9439139,0.97067106,0.9593814,0.95810944,0.9609855,0.9637939,0.9608065,0.9636488,0.96511567,0.94537365,0.96130294,0.9671424,0.96052724,0.9715054,0.9739439,0.96398634,0.98381823,0.95228493,0.9641821,0.9693971,0.96993774
ahiddenlifefilm,0.9805707,0.959793,0.98303217,0.9759696,0.9758584,0.9772997,0.98343885,0.98381823,1.0000001,0.97630906,0.98393923,0.96051776,0.9833134,0.98065,0.98369604,0.97574806,0.98192537,0.97314996,0.9715292,0.98016953,0.97721124,0.977263,0.988393,0.9838108,0.98176306,0.88831455,0.97581965,0.98171365,0.980334,0.9752714,0.9823126,0.97771204,0.978219,0.96034956,0.9541178,0.9539117,0.9891886,0.97924876,0.98367107,0.97762364,0.97383344,0.9743969,0.9594506,0.9730941,0.9860389,0.9774095,0.98654556,0.977696,0.97724295,0.9730296,0.97994614,0.98486304,0.9810229,0.97705525,0.97850746,0.97377616,0.98014003,0.980747,0.97451323,0.9804349,0.97495425,0.97868997,0.98181623,0.98299885,0.9832427,0.9785043,0.97408724,0.98087394,0.97862816,0.9745505,0.97970635,0.8107935,0.9653141,0.98480964,0.97700465,0.9735622,0.9329698,0.97908133,0.9825997,0.96699214,0.98491573,0.9788307,0.98028094,0.97078687,0.981692,0.97337,0.9694004,0.9809176,0.9722651,0.9820386,0.97427905,0.97970635,0.9690126,0.9752637,0.98259956,0.97706205,0.9840533,0.9803724,0.97719663,0.9799032,0.9770835,0.98167914,0.9745222,0.98080635,0.98028,0.9808692,0.981692,0.9792816,0.97455424,0.9793343,0.984306,0.90789974,0.9793217,0.9421334,0.982494,0.9823563,0.9879529,0.9810645,0.98317826,0.9799784,0.9839125,0.9861736,0.9810544,0.97519124,0.984643,0.97301203,0.9770249,0.9773441,0.970089,0.957642,0.97958547,0.96650654,0.98251283,0.973395,0.9861429,0.97991586,0.9812234,0.98209316,0.98339736,0.9759198,1.0000001,0.9801247,0.9723196,0.9777306,0.97467446,0.975524,0.9760618,0.96708333,0.9792076,0.98117167,0.977176,0.97947645,0.98141325,0.95780116,0.97048074,0.9759091,0.98121136,0.981582,0.98279893,0.9845404,1.0000001,0.9671541,0.9818494,0.9846966,0.98092675
alitamovie,0.9569338,0.95176256,0.9623743,0.95078623,0.97394127,0.9542286,0.95688105,0.9615056,0.97630906,0.99999994,0.95562047,0.947139,0.9627958,0.9673612,0.96784484,0.9527716,0.9650162,0.9621275,0.94773865,0.9564526,0.9528284,0.9651464,0.97079384,0.9611359,0.9604986,0.8723478,0.966769,0.96694374,0.9662729,0.96100736,0.961212,0.9560726,0.9647622,0.9515357,0.93651885,0.9318056,0.9657532,0.9520477,0.96605784,0.9667288,0.94353694,0.9449287,0.9403729,0.94861054,0.95812875,0.954891,0.9672285,0.9569575,0.9579175,0.94628245,0.9666335,0.964387,0.9698037,0.95499027,0.9574541,0.9706284,0.9647887,0.95140374,0.9647154,0.9594531,0.94744235,0.95992494,0.9538199,0.9632384,0.95735365,0.9560009,0.96159506,0.9579452,0.9529723,0.9535709,0.95252687,0.8148405,0.954927,0.9632442,0.9522199,0.95889497,0.9111531,0.9579956,0.958455,0.93746316,0.9599061,0.9621723,0.9593097,0.9537239,0.96666276,0.953266,0.9392754,0.9631262,0.94499236,0.9628474,0.9406809,0.95252687,0.95116806,0.9530783,0.96466744,0.9604354,0.96154326,0.94731236,0.9504969,0.9587558,0.9549307,0.95913184,0.95674413,0.94881415,0.9716991,0.9652156,0.9619818,0.95427066,0.9496228,0.96154743,0.96910787,0.88186777,0.9468881,0.9179262,0.957315,0.96502686,0.96975917,0.963482,0.96341836,0.95908433,0.9529667,0.9602233,0.9582132,0.9503495,0.9654022,0.97025406,0.95238996,0.969198,0.9550609,0.93856853,0.9494436,0.95648885,0.96261275,0.96055925,0.96549475,0.9629873,0.95759743,0.9653611,0.9592242,0.94938946,0.97630906,0.96646976,0.9466639,0.9503982,0.9498915,0.95769286,0.9468655,0.9417954,0.95690686,0.9671475,0.9494635,0.947613,0.9607719,0.9494814,0.9399335,0.9495592,0.9612647,0.9612823,0.9544395,0.9557447,0.97630906,0.9554445,0.9583233,0.96715504,0.9656947
angelhasfallen,0.9668566,0.9428939,0.9716521,0.958156,0.9525912,0.9583995,0.969737,0.96683896,0.98393923,0.95562047,1.0000002,0.93345803,0.9697696,0.9708656,0.95979536,0.9616073,0.96108943,0.95723593,0.9591353,0.9546912,0.96122247,0.9604182,0.96909684,0.9633211,0.96714556,0.8560921,0.9619371,0.9644267,0.96269095,0.96595204,0.96386516,0.9604905,0.9633001,0.93333095,0.94708,0.9505543,0.9725518,0.9626983,0.97599745,0.95928144,0.96064234,0.9620845,0.9522736,0.9590269,0.9696866,0.9590919,0.9680982,0.9662445,0.9635401,0.95679784,0.9612894,0.9728218,0.9590029,0.9704052,0.9599512,0.96119,0.9687102,0.96963453,0.95278007,0.96623015,0.95907587,0.9616245,0.95358723,0.97024584,0.97096467,0.9763489,0.9544155,0.9651107,0.9715576,0.96362823,0.96450657,0.82235247,0.9594474,0.97181267,0.9636999,0.9466778,0.9024564,0.96419084,0.9701257,0.9547851,0.9803934,0.96232605,0.960906,0.9504629,0.962516,0.9536431,0.9612829,0.9664923,0.9517787,0.97113854,0.9556843,0.96450657,0.9459245,0.9610582,0.9616777,0.9630201,0.97238094,0.96598125,0.9561413,0.9646032,0.9630425,0.97089684,0.95920646,0.96863055,0.9660906,0.96179485,0.95896894,0.964117,0.9505174,0.9660615,0.9660874,0.8889826,0.9626189,0.9300968,0.9558247,0.9727506,0.9705293,0.965126,0.9614449,0.96565425,0.96808827,0.96593964,0.9685078,0.9623484,0.9664032,0.9546568,0.9659862,0.9604034,0.9653133,0.952992,0.9649553,0.94357115,0.96574706,0.9623864,0.9742199,0.96970266,0.9619216,0.97029805,0.96548074,0.9603171,0.98393923,0.96412075,0.95460725,0.96915126,0.9566813,0.9665912,0.966496,0.95422065,0.9705823,0.9617018,0.9698842,0.9703187,0.96650916,0.9395271,0.9576058,0.96383655,0.96404654,0.96643883,0.96658,0.9694499,0.98393923,0.95826495,0.96758485,0.971246,0.965631
angrybirdsmovie,0.94544166,0.91437227,0.9514579,0.92441905,0.9411115,0.95290273,0.9431289,0.94071406,0.96051776,0.947139,0.93345803,0.99999994,0.94448745,0.94383425,0.9441509,0.9266094,0.94769573,0.9321031,0.9375334,0.9448369,0.9366411,0.95405656,0.954777,0.9539998,0.9512548,0.87696666,0.94537747,0.9438927,0.9600337,0.9430889,0.9461847,0.94841516,0.9366175,0.952164,0.9176763,0.9300634,0.9546987,0.9384653,0.94016594,0.94169515,0.9330151,0.92846674,0.9217704,0.9395843,0.9366731,0.93130535,0.9528463,0.9396701,0.9326533,0.9339343,0.96449643,0.94388974,0.94958895,0.93348646,0.9446118,0.92496705,0.939446,0.9386479,0.9534334,0.9378229,0.9274179,0.9359698,0.9500634,0.9440915,0.94218,0.92343986,0.938401,0.9432034,0.934119,0.9265563,0.939541,0.77824837,0.9384543,0.9422968,0.94799805,0.9452307,0.9240169,0.9362608,0.9492568,0.92599523,0.9427341,0.94678736,0.9357806,0.9393504,0.9541719,0.95661,0.92773014,0.93608475,0.931967,0.94553196,0.9260005,0.939541,0.9310402,0.9330983,0.959972,0.92333984,0.9473016,0.9395557,0.9391404,0.94066405,0.93399787,0.9433791,0.93331176,0.94186795,0.9525064,0.9650288,0.9433579,0.9217699,0.9472568,0.94657433,0.95446056,0.89340097,0.93328017,0.92453927,0.94102013,0.94005877,0.95319897,0.9413366,0.9426144,0.94336325,0.93745106,0.9535571,0.9358459,0.93940157,0.9455786,0.9521973,0.94177,0.9585175,0.91981316,0.9286427,0.93523407,0.91521573,0.94162905,0.93059236,0.9448356,0.9430407,0.94438314,0.9446893,0.94954133,0.94194454,0.96051776,0.95850855,0.9250445,0.94053763,0.9503496,0.94255376,0.94038355,0.9366674,0.93004197,0.9494268,0.9258567,0.9371552,0.94587064,0.92910796,0.92464286,0.937094,0.945244,0.9473206,0.944662,0.9397879,0.96051776,0.94602525,0.94094294,0.9361334,0.9591137
annabellemovie,0.96819985,0.9346118,0.96654415,0.95986664,0.96753794,0.95845836,0.9739405,0.96590924,0.9833134,0.9627958,0.9697696,0.94448745,1.0,0.9657137,0.9673794,0.9621068,0.9602428,0.9503854,0.955355,0.963269,0.9550311,0.9649945,0.9739487,0.9692599,0.9585975,0.8607775,0.9589315,0.9568772,0.96698916,0.9599556,0.96422166,0.9613635,0.9728419,0.9421863,0.9389644,0.937609,0.97524035,0.9747118,0.9734005,0.95394826,0.96338075,0.9619987,0.94396085,0.96294993,0.96740717,0.9689787,0.9738768,0.9559169,0.9622722,0.9646278,0.9658733,0.9650117,0.9689989,0.96456647,0.952701,0.9560909,0.9656341,0.95328236,0.9629295,0.95514596,0.97110665,0.9647165,0.9608273,0.9723813,0.96445847,0.96031255,0.95884687,0.9625697,0.96161085,0.96140444,0.95012957,0.8091537,0.94845355,0.96963745,0.96301097,0.96924096,0.9201463,0.9538624,0.96479356,0.9384305,0.9727725,0.97015196,0.9742531,0.9504209,0.9695648,0.9535654,0.9545447,0.9848225,0.9565895,0.9672667,0.95518243,0.95012957,0.9573178,0.95439273,0.9711592,0.9655321,0.96223587,0.961163,0.96584886,0.9681047,0.966679,0.95984125,0.9614684,0.9578025,0.9549554,0.96568716,0.96338004,0.97100127,0.9624531,0.95894605,0.96939015,0.8944489,0.96123874,0.92970014,0.9682922,0.9681673,0.97792643,0.96670485,0.9692249,0.9720531,0.9768595,0.9659612,0.952121,0.9538997,0.972965,0.95645666,0.97138876,0.96061516,0.94814605,0.94399524,0.9517638,0.9398279,0.962207,0.9679838,0.97267324,0.97112936,0.97536016,0.96487635,0.959346,0.95558864,0.9833134,0.9670258,0.9538238,0.96533126,0.96977824,0.9504658,0.9619353,0.95317876,0.97429115,0.9672876,0.96608025,0.96635187,0.9646131,0.94757915,0.9468764,0.9463388,0.96759075,0.95550585,0.96457314,0.9687236,0.9833134,0.9602643,0.96915907,0.97236127,0.9663995
annamovie,0.97160685,0.93754077,0.9724054,0.9551062,0.9584126,0.96609765,0.9676913,0.96195537,0.98065,0.9673612,0.9708656,0.94383425,0.9657137,1.0,0.96980387,0.95702344,0.9673001,0.95722204,0.9601831,0.9627729,0.9556913,0.9625026,0.9752502,0.9684174,0.96486866,0.865558,0.96310586,0.9714958,0.9681653,0.9617033,0.96476823,0.962429,0.960887,0.93659234,0.9397838,0.9446171,0.96665704,0.9582412,0.96676666,0.95872,0.9493183,0.9579118,0.944779,0.9577766,0.96184856,0.962304,0.97210824,0.96241957,0.9591967,0.95783746,0.9643644,0.966925,0.957785,0.9589004,0.9530761,0.9618836,0.9661425,0.9614806,0.95817614,0.9597418,0.96057314,0.9570908,0.9590609,0.9805029,0.96011734,0.9598531,0.9611056,0.9654627,0.96440166,0.9523585,0.9599423,0.8089562,0.95413446,0.96603113,0.962798,0.9490273,0.9081605,0.9571577,0.9707124,0.94892406,0.96853,0.96461,0.95712894,0.9531796,0.96278757,0.95061594,0.9638275,0.96536475,0.94717556,0.9629281,0.94503367,0.9599423,0.9476898,0.9604329,0.9608117,0.9654836,0.97159714,0.96294254,0.9579238,0.9781586,0.9530629,0.9696585,0.9612171,0.95788014,0.9674479,0.96558124,0.9654485,0.9601498,0.9628461,0.9630025,0.9697909,0.9012601,0.9565009,0.93141365,0.9665996,0.9709717,0.97494787,0.96362877,0.9614148,0.97067714,0.9606439,0.9706979,0.9618602,0.955365,0.96552277,0.96995133,0.9696499,0.9648478,0.9497795,0.94343036,0.9612082,0.9375832,0.9667181,0.9643975,0.97038317,0.96643287,0.96503496,0.9633534,0.95951086,0.9576897,0.98065,0.9687626,0.955081,0.9532874,0.9585599,0.9529781,0.9596416,0.95701444,0.9604763,0.96333104,0.963532,0.959865,0.95580435,0.95121473,0.95065206,0.9529006,0.9635046,0.9589096,0.967152,0.9720954,0.98065,0.95757174,0.9603499,0.9757367,0.97056705
apollo11movie,0.96823424,0.94912946,0.96745104,0.9585934,0.9622005,0.96590674,0.9599048,0.9739403,0.98369604,0.96784484,0.95979536,0.9441509,0.9673794,0.96980387,1.0,0.96436447,0.97409576,0.9532533,0.96561784,0.9821504,0.96523416,0.96468306,0.9749787,0.9697469,0.96111876,0.8779011,0.965858,0.97157395,0.9656392,0.9557389,0.97119087,0.9681736,0.962762,0.9447696,0.9423457,0.93209136,0.97654974,0.9597729,0.9753305,0.9662399,0.95519423,0.952149,0.94678175,0.95545876,0.96595263,0.9605272,0.9727429,0.9637532,0.9651092,0.9562357,0.966961,0.9702389,0.966909,0.96212566,0.96476334,0.9622111,0.9694306,0.959362,0.95573694,0.96337736,0.96223354,0.95789796,0.9687018,0.9761916,0.9692853,0.9587469,0.97095805,0.96832085,0.9659714,0.9553439,0.9682436,0.7994089,0.95589465,0.9722833,0.96263856,0.95816797,0.9128725,0.9580181,0.9628594,0.9538378,0.96492857,0.96589965,0.9662945,0.96370465,0.9699312,0.9542945,0.95445263,0.9650999,0.9525701,0.9655261,0.95475256,0.9682436,0.9559014,0.96155536,0.9736202,0.9747807,0.96997607,0.9606567,0.9558002,0.9713129,0.9616607,0.9639757,0.95801675,0.9702072,0.9701789,0.968735,0.96801436,0.97223,0.95964986,0.96849823,0.97304225,0.9010442,0.9593132,0.9332298,0.9757755,0.96856993,0.9722249,0.9680365,0.9661206,0.96215004,0.9682444,0.968826,0.9586056,0.95974535,0.97364163,0.9563894,0.9717109,0.9742635,0.9512186,0.94461966,0.9608567,0.94998765,0.9744936,0.96616507,0.9688777,0.96393937,0.9685991,0.9729221,0.97188425,0.9579001,0.98369604,0.97012323,0.9559339,0.959914,0.96301806,0.9580474,0.9504898,0.9557687,0.9624361,0.96298045,0.96056986,0.9666971,0.96489847,0.9416459,0.96310484,0.9590737,0.96967125,0.97251666,0.9688599,0.9662729,0.98369604,0.9570307,0.9606137,0.97306174,0.97323525
arcticdogsmovie,0.9596386,0.964591,0.9563654,0.9609423,0.96142066,0.95641166,0.95779836,0.9536183,0.97574806,0.9527716,0.9616073,0.9266094,0.9621068,0.95702344,0.96436447,0.9999999,0.964178,0.9506534,0.9501659,0.9567035,0.95244455,0.94641036,0.9676448,0.9642257,0.9595699,0.873467,0.95424306,0.95809144,0.9544565,0.9545915,0.9640533,0.9527112,0.9498739,0.94647825,0.9340432,0.9162981,0.9711913,0.9507182,0.96164733,0.9577623,0.9455841,0.95203114,0.9387524,0.94658244,0.96768355,0.9542809,0.967592,0.9611617,0.9512042,0.94863534,0.9548683,0.9621577,0.9578548,0.95637673,0.95603776,0.9572654,0.9525102,0.9551449,0.9631234,0.96435046,0.96365005,0.96335405,0.9646262,0.9631595,0.96020335,0.955908,0.96218085,0.9599037,0.96532613,0.94597423,0.963617,0.78837854,0.9472024,0.97079325,0.96435165,0.94119936,0.91325617,0.9491904,0.96311384,0.9583278,0.96822196,0.9388213,0.9662885,0.9422023,0.95207834,0.95566225,0.94067925,0.96587217,0.9562211,0.9599033,0.9502862,0.963617,0.9407128,0.960464,0.96619797,0.95421475,0.9654375,0.9621673,0.96236295,0.9581636,0.9582327,0.9646793,0.9477931,0.9632346,0.95955664,0.9569381,0.95834386,0.9730599,0.95129997,0.9564548,0.96595323,0.8856109,0.962748,0.9109846,0.95943403,0.9657535,0.96257275,0.96278274,0.9609538,0.95471966,0.96641034,0.9686632,0.96124333,0.9560525,0.96135354,0.95179904,0.96093434,0.95586157,0.95044535,0.9408422,0.96170175,0.9501959,0.9534446,0.94426167,0.96626043,0.9630442,0.95797443,0.9603017,0.96252114,0.9423288,0.97574806,0.9547989,0.94459724,0.960053,0.95417607,0.9495675,0.95851403,0.93434,0.9659125,0.9471792,0.963865,0.95126534,0.9636709,0.93702805,0.96012414,0.96246856,0.96393794,0.9675002,0.96310973,0.96747667,0.97574806,0.94847953,0.9550848,0.96775305,0.95542425
arcticmovie,0.9698799,0.9557769,0.9640665,0.9612311,0.9690673,0.9642253,0.958593,0.96597946,0.98192537,0.9650162,0.96108943,0.94769573,0.9602428,0.9673001,0.97409576,0.964178,0.99999994,0.95826,0.9603027,0.964095,0.9677409,0.9548759,0.9715408,0.9719866,0.9707492,0.8747658,0.9626081,0.98174363,0.9607893,0.96044725,0.967939,0.9613772,0.955267,0.95379573,0.9204573,0.927948,0.97635716,0.95770997,0.965095,0.96318644,0.9513907,0.9579569,0.95087785,0.96205807,0.9682084,0.9617944,0.9693701,0.9575255,0.9614861,0.95886624,0.9588828,0.9666638,0.9629635,0.9530721,0.96091217,0.95859194,0.95745605,0.9576214,0.97016376,0.9572505,0.96609414,0.9683671,0.9715618,0.9727095,0.9634349,0.9542687,0.9584552,0.9637031,0.97036487,0.94954,0.9625588,0.7940118,0.94385904,0.96961755,0.96858937,0.95907724,0.9125498,0.9606967,0.96913904,0.9525399,0.96818006,0.9514377,0.968063,0.95368767,0.9600242,0.9626295,0.9473929,0.9635042,0.9584072,0.9678049,0.9561497,0.9625588,0.9656769,0.97318685,0.9698425,0.96044093,0.97692055,0.96288747,0.96065646,0.9647303,0.95794886,0.96757567,0.9446575,0.95717514,0.96853983,0.9616585,0.9618435,0.962742,0.9550841,0.9610335,0.9711588,0.8827294,0.962326,0.9172475,0.9683529,0.9695214,0.97007746,0.96707976,0.97294444,0.9565612,0.96553874,0.96924317,0.966846,0.9594206,0.969585,0.9617887,0.9596534,0.9661408,0.95050573,0.94386506,0.97052217,0.9503979,0.97898006,0.96405977,0.97200763,0.96240777,0.9654096,0.9660636,0.9638746,0.9511621,0.98192537,0.958329,0.9482773,0.96229315,0.9598669,0.96292734,0.95596373,0.9355991,0.96389276,0.9664306,0.9560059,0.962046,0.9655655,0.9481299,0.9532008,0.9611084,0.96826285,0.9631475,0.97315675,0.9676396,0.98192537,0.95005864,0.9663487,0.9681185,0.96126163
artofracingmovie,0.9562025,0.9371554,0.9601936,0.9487572,0.9702659,0.954259,0.9523081,0.959671,0.97314996,0.9621275,0.95723593,0.9321031,0.9503854,0.95722204,0.9532533,0.9506534,0.95826,1.0000002,0.9487088,0.9511539,0.94566834,0.9497657,0.96101916,0.94992137,0.9628096,0.86519283,0.95932794,0.9636685,0.94977635,0.9526946,0.9554716,0.94990665,0.950583,0.94570994,0.9264708,0.9267499,0.9642492,0.958975,0.95975995,0.96612906,0.9457365,0.9554816,0.9455766,0.94853574,0.962844,0.9449481,0.9564373,0.9537282,0.9625876,0.9489207,0.95542324,0.96606207,0.9519069,0.9558544,0.95683223,0.9626263,0.9487738,0.95730186,0.9541266,0.96066344,0.94855237,0.9555084,0.9573645,0.9594582,0.9583583,0.95772916,0.9539786,0.95674485,0.94563603,0.96467495,0.9554179,0.80256295,0.9329473,0.96822906,0.94878614,0.95421714,0.90790373,0.95385313,0.96454847,0.9311914,0.964511,0.9535619,0.9625198,0.9455738,0.95822924,0.95610213,0.94977075,0.9510615,0.95077044,0.95747834,0.95034254,0.9554179,0.9462582,0.9555622,0.96375096,0.95218605,0.9591649,0.9558283,0.9540937,0.9581763,0.9495743,0.963365,0.9425312,0.95262074,0.9580821,0.95502746,0.962656,0.95756316,0.94303477,0.9567548,0.9641031,0.8641181,0.9528629,0.9176561,0.9386261,0.9550284,0.9649475,0.9582515,0.9685142,0.9505908,0.9567199,0.9523081,0.9625971,0.9509865,0.96004903,0.948464,0.94657797,0.95487434,0.9589498,0.93254113,0.95876443,0.9582177,0.9582403,0.9444703,0.9509571,0.9532073,0.9599945,0.95825106,0.958488,0.9621371,0.97314996,0.9564731,0.946808,0.961644,0.93965256,0.96224284,0.9625237,0.93494564,0.9576299,0.9566231,0.94601697,0.9558305,0.9489151,0.94071585,0.9473477,0.963793,0.9510261,0.95924234,0.95450234,0.9456348,0.97314996,0.9394952,0.97107804,0.9597205,0.9503753
avengers,0.9755673,0.9176758,0.9582292,0.9520182,0.94986993,0.95782757,0.9589536,0.954581,0.9715292,0.94773865,0.9591353,0.9375334,0.955355,0.9601831,0.96561784,0.9501659,0.9603027,0.9487088,1.0,0.95953095,0.94579077,0.9538886,0.9582484,0.957984,0.95820194,0.8546843,0.9458278,0.96152097,0.95184785,0.9520712,0.9728438,0.9546035,0.9464435,0.92653227,0.9350307,0.9400719,0.96556777,0.95162517,0.9594315,0.9553436,0.9535096,0.9424989,0.9403379,0.94754595,0.95594776,0.9379775,0.9579386,0.9529913,0.9478401,0.948721,0.9599379,0.9589056,0.95341897,0.9628116,0.9476525,0.9375137,0.9541578,0.94425637,0.9466108,0.9505916,0.9499412,0.93988156,0.94656545,0.9665316,0.9622527,0.9545388,0.9620762,0.9597817,0.9602563,0.9443322,0.9543706,0.78922516,0.93621105,0.9608561,0.96363926,0.94421256,0.9043551,0.949489,0.9667548,0.941836,0.96448547,0.95389694,0.95660126,0.95384175,0.9547889,0.95266247,0.9583372,0.9552451,0.94714504,0.95088696,0.94689494,0.9543706,0.93257004,0.9527675,0.9617328,0.94907904,0.95855314,0.9622547,0.9510514,0.95908713,0.9448204,0.9518777,0.9399131,0.95540744,0.94303554,0.96066123,0.96192724,0.9517776,0.9476145,0.9597581,0.9545747,0.877801,0.9520774,0.9280608,0.9513715,0.9609435,0.96262586,0.96612006,0.9650324,0.9588794,0.9594922,0.94861174,0.95761395,0.95402247,0.9555625,0.9493813,0.9589612,0.96872,0.936448,0.94486314,0.95617014,0.9254566,0.9634501,0.95623267,0.951313,0.9579217,0.9578186,0.954595,0.95338374,0.9532038,0.9715292,0.9531986,0.93320304,0.9467848,0.94621706,0.94820786,0.9496567,0.9556184,0.9490149,0.95190614,0.9520084,0.9598363,0.9469471,0.9302585,0.9460484,0.9454205,0.95691377,0.9541874,0.9602463,0.9533416,0.9715292,0.9636086,0.96021545,0.95324713,0.9642036
beachbummovie,0.9596475,0.9385745,0.9700782,0.94849944,0.9580185,0.96184933,0.967259,0.9644688,0.98016953,0.9564526,0.9546912,0.9448369,0.963269,0.9627729,0.9821504,0.9567035,0.964095,0.9511539,0.95953095,0.9999997,0.9660247,0.95938146,0.9700619,0.9693926,0.96404594,0.88011605,0.96352303,0.9661722,0.9663303,0.9432576,0.9714554,0.959336,0.9527963,0.9404295,0.9318671,0.9337219,0.9730501,0.9616047,0.96662414,0.9601818,0.9517417,0.95781696,0.94479793,0.961061,0.9595621,0.9585904,0.9696949,0.958141,0.95766914,0.96050924,0.9674334,0.96541166,0.9647816,0.96175456,0.960247,0.9495872,0.9602564,0.96197283,0.95030355,0.96213746,0.9525468,0.95216393,0.9654749,0.9629202,0.9700179,0.955357,0.9607069,0.9635834,0.9631999,0.9538822,0.96685153,0.7942248,0.94365835,0.9671658,0.9559871,0.95213944,0.89784384,0.9529858,0.96188885,0.94726706,0.9578923,0.96192664,0.96364003,0.9548378,0.9674224,0.94858724,0.9518119,0.95899665,0.9555151,0.95729667,0.94742244,0.96685153,0.94572645,0.96334666,0.97098625,0.959059,0.9608508,0.9716999,0.96809644,0.9642036,0.95361346,0.97087455,0.95428276,0.96352863,0.9687666,0.9694383,0.96497166,0.9601533,0.96143025,0.9633636,0.96242064,0.90784806,0.9543112,0.9334153,0.9718491,0.96224576,0.96827555,0.9599957,0.9650805,0.96731955,0.96051645,0.9676104,0.9571953,0.9550241,0.97118986,0.9558203,0.9645512,0.9624396,0.9507119,0.9404532,0.96119136,0.94325984,0.9709973,0.95811725,0.9597826,0.9526716,0.96222174,0.96484256,0.9691266,0.9667202,0.98016953,0.96687657,0.9480457,0.9521316,0.96021855,0.95203257,0.95279384,0.951291,0.95408815,0.9559292,0.96115625,0.9681294,0.95836276,0.93309605,0.9600186,0.95831,0.95729333,0.9654918,0.96701604,0.96688026,0.98016953,0.94217575,0.95583934,0.96298516,0.9705263
bernadettefilm,0.948847,0.940013,0.9554429,0.9535315,0.9523768,0.9568918,0.95915556,0.9635528,0.97721124,0.9528284,0.96122247,0.9366411,0.9550311,0.9556913,0.96523416,0.95244455,0.9677409,0.94566834,0.94579077,0.9660247,0.9999997,0.9512333,0.96313226,0.9616562,0.96362156,0.86569,0.95232487,0.9633789,0.95998293,0.95309407,0.9532394,0.954238,0.9465841,0.934022,0.9253787,0.9369956,0.9684491,0.9473841,0.963176,0.952759,0.95723164,0.9489483,0.93740827,0.9493168,0.9661832,0.9429406,0.9610238,0.95976526,0.9544713,0.9468337,0.9527038,0.96730703,0.95168036,0.9560459,0.96726793,0.9579818,0.9589236,0.9607733,0.9502332,0.95572096,0.94993085,0.967189,0.9650729,0.9521585,0.96405137,0.9493812,0.9546355,0.9665831,0.9627969,0.9448385,0.96572006,0.7834237,0.94111484,0.9626484,0.95513445,0.94107646,0.90719706,0.958609,0.9591771,0.95672137,0.9515412,0.9472592,0.95709294,0.95338774,0.9558562,0.9470191,0.94282925,0.9546903,0.9434268,0.9650931,0.9631116,0.96572006,0.9420101,0.9661196,0.9532686,0.93850714,0.95892036,0.9686628,0.95119876,0.953559,0.9458336,0.96656346,0.95134413,0.95949274,0.96722025,0.95957947,0.9551614,0.94750625,0.94865686,0.955873,0.95794505,0.8672454,0.9686465,0.9100618,0.96915424,0.94997704,0.95503855,0.9553851,0.9555095,0.9488043,0.9549205,0.9743273,0.9690714,0.95827043,0.9567967,0.9434533,0.95529187,0.95630264,0.9549277,0.93910235,0.97354805,0.96041346,0.96656066,0.9462068,0.9690883,0.9530171,0.94956315,0.9700052,0.96513224,0.95558834,0.97721124,0.9522772,0.944843,0.94327784,0.95358145,0.9551847,0.9450992,0.9337264,0.94591814,0.9552664,0.9537501,0.9476636,0.95878786,0.92835504,0.9585367,0.9593645,0.9595081,0.9615894,0.9680633,0.9663145,0.97721124,0.93559825,0.95191276,0.95657766,0.958315
