movie,21bridgesmovie,47metersdown,abeautifuldaymovie,abominablemovie,adastramovie,adogsjourneymovie,aftermathmovie,aftermovie,ahiddenlifefilm,alitamovie,angelhasfallen,angrybirdsmovie,annabellemovie,annamovie,apollo11movie,arcticdogsmovie,arcticmovie,artofracingmovie,avengers,beachbummovie,bernadettefilm,blackandbluemovie,blackchristmas,blindedbythelightmovie,bombshellmovie,booksmart,breakthroughmovie,brianbanksmovie,brightburnmovie,brittanyrunsmov,captainmarvelofficial,captivestatemovie,catsmovie,charliesangels,childsplaymovie,clarathefilm,coldpursuitmovie,countdown,currentwarmovie,darkwatersmovie,detectivepikachumovie,disneyaladdin,disneyfrozen,disneymaleficent,doctorsleepmovie,dolemiteismyname,dontletgomovie,doramovie,downtonabbey_official,dumbo,escaperoom,everybodyknowsmovie,fastandfuriousmovie,fightingwmyfam,fivefeetapartfilm,fordvferrari,freaksthefilm,geminimanmovie,glassmovie,gloriabellmovie,godzillamovie,goldfinchmovie,goodboysmovie,goodliarmovie,gretafilm,halathemovie,happydeathdaymovie,harrietfilm,hellboymovie,hersmellmovie,highlifemovie,highstrungmovie,honeyboymovie,hotelmumbaifilm,httydragon,hustlemovie,hustlersmovie,isntitromantic,itmovieofficial,jayandsilentbob,johnwickmovie,jojorabbitmovie,jokermovie,judythefilm,jumanjimovie,justmercyfilm,knivesout,lalloronamovie,lastblackmansf,lastchristmasthemovie,latenightmovie,lighthousemovie,lionking,littlethemovie,littlewomenmovie,littlewoodsfilm,longshotmovie,lordsofchaosmovie,lucyintheskyfilm,mamovie2019,marriagestory,meettheaddams,meninblack,midsommarmovie,midwaymovie,missbalamovie,missinglinkfilm,motherlessbklyn,onceinhollywood,onthebasisofsex,overcomermovie,peanutbutterfalcon,petsematarymovie,piercingmovie,playingwithfire,playmobilthemovie,pomsmovie,queenandslim,rambomovie,readyornotfilm,richardjewellfilm,rocketmanmovie,scarystoriesmovie,secretlifeofpets,serenityfilm,shaftmovie,shazammovie,spidermanmovie,spiesindisguise,starwars,stormboymovie,stubermovie,taosdfilm,teenspiritmov,terminator,theaeronautsmov,thebestofenemies,thedeaddontdie,thefarewell,thehighwaymen,thehummingbirdprojectfilm,theintrudermovie,theirishmanfilm,thekitchenmovie,thelegomovie,themustangfilm,thenightingalefilm,theprodigymovie,thesunisalsoastar,theupsidefilm,tolkienmovie,toystory,triplefrontier,uglydolls,uncutgems,underthesilverlake,usmovie,wavesmovie,whatmenwant,wonderparkmovie,wrinklestheclown,xmenmovies,yardiefilm,yesterdaymovie,zombieland
21bridgesmovie,0.99999994,0.94578147,0.96363884,0.9544219,0.95914,0.9584216,0.95815045,0.95029676,0.978692,0.9548993,0.9587971,0.95583487,0.94832796,0.95662916,0.95784545,0.95101094,0.96432394,0.9533879,0.9730307,0.94513613,0.96067303,0.9558005,0.9659694,0.9591523,0.9476907,0.87604207,0.94490737,0.9544198,0.95472765,0.957166,0.9578069,0.9607157,0.95458853,0.9532696,0.9506485,0.9416212,0.95304066,0.9581348,0.9656593,0.95865047,0.95129395,0.96103686,0.95235527,0.95905316,0.9574568,0.95765746,0.96125954,0.959563,0.9526046,0.9598651,0.9616434,0.9661716,0.95438224,0.95068014,0.93769413,0.9535555,0.956902,0.9593781,0.95695174,0.966484,0.94384134,0.9590779,0.9480532,0.95861566,0.9580678,0.9535759,0.9398445,0.9581148,0.9514763,0.9627336,0.96843183,0.77961046,0.93758225,0.9501239,0.95832574,0.93915814,0.9361935,0.9508499,0.94932497,0.94725233,0.9679443,0.9529779,0.9602792,0.9543385,0.9536277,0.948436,0.95034397,0.95454997,0.96008074,0.9647801,0.9565134,0.96843183,0.9648889,0.9582102,0.959469,0.9655272,0.9540486,0.94821495,0.9491379,0.9506198,0.95784247,0.9552855,0.95472634,0.9661495,0.95979565,0.95911413,0.96446115,0.95714116,0.95359004,0.94526356,0.9574787,0.90871954,0.96062183,0.92556643,0.953007,0.9687447,0.98777217,0.95297605,0.96235895,0.9557204,0.96080834,0.9557429,0.95315474,0.9411524,0.96058404,0.9636497,0.9568386,0.9581667,0.9552944,0.9451037,0.96029276,0.95287704,0.95911026,0.9482577,0.9575207,0.9608996,0.97348,0.9552467,0.96723056,0.9446961,0.978692,0.95243096,0.9467514,0.9606948,0.9506186,0.9531581,0.96032727,0.9571998,0.9599826,0.96829885,0.9647657,0.9589479,0.9507698,0.95522577,0.9541652,0.96628004,0.95532924,0.956408,0.95856804,0.95053005,0.978692,0.9560925,0.9689654,0.9644142,0.95285934
47metersdown,0.94578147,0.99999994,0.95329636,0.9341578,0.95674753,0.941812,0.95731455,0.9370134,0.9659571,0.9369779,0.9447549,0.9459644,0.9365859,0.94645333,0.94795233,0.9619014,0.9511411,0.9474094,0.9428803,0.93715405,0.9347212,0.9449694,0.9556833,0.9485371,0.9433136,0.8578059,0.94042945,0.94053197,0.9447024,0.95354766,0.94304776,0.94707054,0.9270997,0.93729216,0.934227,0.92824686,0.94460744,0.94167966,0.94487613,0.9489284,0.9373306,0.9489043,0.9307936,0.9407601,0.9534471,0.9447063,0.9516651,0.9456219,0.9333636,0.94221133,0.94812506,0.94904166,0.9388332,0.93904066,0.9272605,0.9478904,0.9421635,0.9523821,0.94226116,0.94862187,0.9442545,0.9441676,0.9413158,0.95179546,0.95029527,0.9571572,0.94665617,0.9457684,0.94257,0.93113476,0.9560896,0.7608113,0.9358414,0.94316685,0.9425236,0.93649906,0.9157689,0.93486416,0.9286097,0.9333384,0.94169074,0.943856,0.95143104,0.9383751,0.9378894,0.94703263,0.93176764,0.94237715,0.9496736,0.94790834,0.945409,0.9560896,0.9489816,0.9523702,0.94487935,0.9518812,0.94777477,0.9526317,0.93856573,0.9395597,0.94288945,0.94088775,0.94014865,0.9571106,0.9529713,0.94516647,0.94155,0.946824,0.9384422,0.9395518,0.9510149,0.89818734,0.94344676,0.9156719,0.9399826,0.9413231,0.9446078,0.95007867,0.95346236,0.9496944,0.94977695,0.9509098,0.9468579,0.94241554,0.94997543,0.9489443,0.94551224,0.94779897,0.94015884,0.9184118,0.9365642,0.9389721,0.9507995,0.92616016,0.94674534,0.95786405,0.92488897,0.9461493,0.96021885,0.93176335,0.9659571,0.9473722,0.94125724,0.9393538,0.9444704,0.9400007,0.9404544,0.9425046,0.94870085,0.9352242,0.9430533,0.94614387,0.94681776,0.9180403,0.94487566,0.95033133,0.94738954,0.9457154,0.9369552,0.9401054,0.9659571,0.9359614,0.94498926,0.9522191,0.94814634
abeautifuldaymovie,0.96363884,0.95329636,1.0000004,0.94987696,0.96128625,0.9573187,0.9649255,0.9601245,0.9824832,0.9594421,0.95732826,0.96830314,0.94958216,0.9636399,0.9616495,0.9575459,0.96646863,0.95562744,0.95352656,0.9492981,0.96698695,0.96655434,0.96925104,0.96706903,0.9530414,0.8963525,0.9567532,0.9545314,0.97673035,0.9596438,0.9558171,0.9632915,0.95185953,0.96791553,0.95090646,0.9339391,0.9617772,0.9592817,0.96517557,0.96174234,0.9525013,0.9645807,0.9564319,0.95721936,0.9672362,0.9672409,0.96591747,0.95919484,0.95143795,0.9608924,0.97799927,0.966841,0.9618403,0.95729214,0.9402704,0.9515259,0.95797294,0.9672386,0.965357,0.96431035,0.95266443,0.9675076,0.962057,0.96224844,0.9633687,0.95925826,0.95146465,0.96040815,0.9526929,0.955146,0.9716276,0.78017664,0.9460653,0.9533409,0.95534337,0.945777,0.93270653,0.95675987,0.9532582,0.96142864,0.9645175,0.9593097,0.96433324,0.95768815,0.9643173,0.9602198,0.9524164,0.95615613,0.96260864,0.96442866,0.9607262,0.9716276,0.9685995,0.9592028,0.97200656,0.95878404,0.9587356,0.9566176,0.9601143,0.9496208,0.9602225,0.95605266,0.96740997,0.96906346,0.96373004,0.9773969,0.96655923,0.957182,0.9687807,0.95055974,0.96934706,0.9090673,0.9639936,0.92325324,0.9662995,0.9502479,0.96942747,0.9608373,0.96941024,0.95969546,0.9687418,0.96551305,0.9511465,0.9487338,0.95777726,0.96283287,0.95720035,0.96733207,0.9553781,0.94115096,0.9637588,0.9479393,0.9570496,0.9426422,0.96487004,0.96530485,0.9537796,0.95928234,0.96700305,0.9486089,0.9824832,0.9742223,0.9545929,0.95393324,0.9552064,0.95397544,0.95677716,0.9600865,0.96108437,0.9597724,0.9653361,0.9670306,0.95520794,0.93262774,0.96539485,0.9742138,0.95735204,0.9700086,0.9636502,0.9593512,0.9824832,0.9593217,0.96663564,0.9674144,0.9680744
abominablemovie,0.9544219,0.9341578,0.94987696,1.0000005,0.9617275,0.9452051,0.94867355,0.9514409,0.97206175,0.9531689,0.9486415,0.94112337,0.95652735,0.9490352,0.9585335,0.95315695,0.9572957,0.9548738,0.94590473,0.9512629,0.9535782,0.9536128,0.95416987,0.9498385,0.936249,0.8753961,0.9482894,0.9475819,0.94659007,0.9472339,0.94610536,0.9494826,0.95230526,0.9445582,0.951154,0.9335974,0.9579452,0.9553191,0.9621235,0.95143867,0.94582236,0.9551293,0.9441617,0.9564924,0.95009416,0.94799805,0.9530232,0.95093,0.94941103,0.9557478,0.95316005,0.9635484,0.9506725,0.9417452,0.95074284,0.94919413,0.95909536,0.9510291,0.96471775,0.9531561,0.94616306,0.96337205,0.94088584,0.9560816,0.94515,0.9407171,0.9422849,0.953238,0.94492704,0.9543535,0.94991213,0.7643822,0.93338484,0.94796723,0.9607474,0.9314588,0.93871564,0.94965845,0.9593949,0.9405774,0.9456426,0.9516514,0.9561676,0.95300585,0.9554251,0.9466283,0.94647366,0.950415,0.94391626,0.96407706,0.9393292,0.94991213,0.9534817,0.9524653,0.9501142,0.96191186,0.9531366,0.9491371,0.9488431,0.9457773,0.9628615,0.9450281,0.95004994,0.9504182,0.95392764,0.9513295,0.9620842,0.95569575,0.95243466,0.9418034,0.9610145,0.900882,0.94756454,0.9193581,0.94910806,0.95292616,0.9589756,0.94177276,0.9581318,0.94871277,0.9487812,0.94972026,0.95211434,0.9377506,0.94462985,0.95874166,0.9532254,0.94520783,0.9501354,0.946645,0.94937813,0.95712405,0.9608575,0.955263,0.95486104,0.9506798,0.9514906,0.9488152,0.9529914,0.94896907,0.97206175,0.94247526,0.9444991,0.95468366,0.9510857,0.9471357,0.95181113,0.95348704,0.9557482,0.9505148,0.9546292,0.9526991,0.9515056,0.93801606,0.9379859,0.94571716,0.95160747,0.94419533,0.949671,0.94657916,0.97206175,0.96013826,0.9630836,0.9552975,0.9550722
adastramovie,0.95914,0.95674753,0.96128625,0.9617275,0.99999946,0.95266855,0.9640813,0.96198326,0.9821229,0.9567729,0.9586652,0.9542251,0.94707173,0.9539484,0.9598895,0.96723926,0.96743065,0.9724096,0.9519504,0.9525794,0.9596532,0.9618165,0.96024793,0.960992,0.95451885,0.8837086,0.9594161,0.94987375,0.95602083,0.96355987,0.9477117,0.9623524,0.9527332,0.9438989,0.9525405,0.9339457,0.9610724,0.9609847,0.96605057,0.95912534,0.9500953,0.96354675,0.9496414,0.96098936,0.9666263,0.96039665,0.959739,0.9474565,0.9524651,0.95951396,0.9575076,0.9633608,0.95273453,0.9541923,0.9533087,0.971488,0.95456177,0.9654559,0.9577592,0.9598069,0.94764817,0.9578345,0.9600632,0.95585227,0.9538878,0.96025765,0.9521383,0.9588727,0.9557932,0.9580708,0.96346486,0.76928383,0.9447604,0.9620297,0.95913017,0.9433446,0.9414828,0.95219916,0.9544534,0.9557253,0.9552216,0.9597042,0.96072716,0.9571582,0.96116704,0.9677574,0.9549161,0.9519161,0.9542033,0.966625,0.95797765,0.96346486,0.9580096,0.9616514,0.95361286,0.96151584,0.9687861,0.96166456,0.9568284,0.94682884,0.9645175,0.95909745,0.95155746,0.9624257,0.9604462,0.9559413,0.96828973,0.9623598,0.9610123,0.9560948,0.9659861,0.911792,0.9608927,0.9305031,0.95987236,0.9554288,0.9625031,0.95702153,0.9622245,0.9553422,0.9639718,0.9622069,0.961692,0.9541975,0.95479715,0.9580523,0.9574525,0.95780414,0.9694813,0.9383258,0.95652616,0.9632744,0.9620558,0.9556572,0.96095765,0.964076,0.9507055,0.9565386,0.9669082,0.9514323,0.9821229,0.95491993,0.95628494,0.9561639,0.9557632,0.9556733,0.9508496,0.9586593,0.9608942,0.95089597,0.96296954,0.95690143,0.96274173,0.9381932,0.9500403,0.9659808,0.9613531,0.9526957,0.96095794,0.95646447,0.9821229,0.9577179,0.9709422,0.96039414,0.9561467
adogsjourneymovie,0.9584216,0.941812,0.9573187,0.9452051,0.95266855,0.99999946,0.95460063,0.9538166,0.9719548,0.9539404,0.9510219,0.9530731,0.9575478,0.94536847,0.9537559,0.9522836,0.9608284,0.9456045,0.9443186,0.94754,0.9459334,0.9393341,0.96776235,0.9529563,0.9533859,0.8732055,0.945029,0.9480275,0.9400966,0.9468846,0.9428432,0.95912635,0.95558774,0.9472162,0.9342595,0.9339614,0.9483077,0.95158017,0.95533025,0.94727176,0.9552835,0.9587638,0.95302826,0.95690966,0.95682335,0.95511335,0.95994514,0.94551176,0.9560069,0.9549502,0.9490259,0.95788836,0.95576894,0.9492148,0.95115113,0.9529079,0.95242274,0.95566344,0.94944876,0.9585015,0.9417656,0.95017153,0.9456338,0.9564199,0.95796853,0.95523405,0.9404866,0.95929235,0.9477812,0.95492053,0.9596521,0.7790146,0.9388377,0.9482542,0.94810504,0.9415683,0.9282908,0.93784595,0.9514952,0.9574311,0.961959,0.95748067,0.9524434,0.93798167,0.9541658,0.9552576,0.9520102,0.95453244,0.95769596,0.96280223,0.93596244,0.9596521,0.9597155,0.95704746,0.94540244,0.9596877,0.9547561,0.9540257,0.9462982,0.94514227,0.9595334,0.96048677,0.9459571,0.9570495,0.9550831,0.9500119,0.96140605,0.95320845,0.95727986,0.9414259,0.95022434,0.9034172,0.94579,0.91982013,0.9438944,0.9464198,0.96057266,0.9427519,0.9605185,0.9457658,0.9460735,0.95610285,0.94280267,0.9603355,0.953635,0.9518192,0.9661141,0.94783086,0.9388019,0.9463136,0.95250076,0.94297063,0.95388716,0.93658286,0.9530301,0.9483108,0.94307685,0.9504388,0.9613378,0.945981,0.9719548,0.9445852,0.9495455,0.95031315,0.9491217,0.9444112,0.9473729,0.9440216,0.9502301,0.94421846,0.963235,0.95840114,0.95701104,0.9494846,0.9451919,0.9651832,0.961896,0.9535476,0.95280194,0.9411831,0.9719548,0.9502795,0.9568987,0.967672,0.94139004
aftermathmovie,0.95815045,0.95731455,0.9649255,0.94867355,0.9640813,0.95460063,1.0,0.9578113,0.98070246,0.9636779,0.95596635,0.96122634,0.9532435,0.95671964,0.9625826,0.95815486,0.96216846,0.95887786,0.9457708,0.9473293,0.957474,0.9595788,0.963486,0.9631807,0.96032196,0.87302774,0.95560235,0.957196,0.957536,0.963432,0.9506391,0.97156894,0.9472563,0.94946057,0.9442017,0.93490624,0.9651375,0.9525882,0.95947456,0.9613936,0.9445162,0.9589946,0.95088625,0.9600753,0.96831846,0.961805,0.9640642,0.96200955,0.9540461,0.95743483,0.9643734,0.9673511,0.9474626,0.95441157,0.9459178,0.96774423,0.95475024,0.9653775,0.9570924,0.95840347,0.95191824,0.9622024,0.9605337,0.96214044,0.9632064,0.94982284,0.95803773,0.96898395,0.9532517,0.9482846,0.964447,0.77044183,0.9500125,0.96671396,0.9535325,0.95361483,0.93631774,0.9591773,0.95356137,0.9568923,0.9566501,0.97262967,0.96852547,0.9521464,0.9551199,0.9623881,0.94872886,0.95985186,0.95669985,0.96404195,0.95336777,0.964447,0.9635255,0.95851123,0.957094,0.96256953,0.9583606,0.9546482,0.97992915,0.9480633,0.966913,0.96583563,0.95437175,0.96121633,0.9592531,0.9623376,0.967822,0.96353865,0.94779253,0.9550475,0.9630118,0.9161525,0.96380925,0.9174952,0.96356326,0.95433456,0.9655424,0.95332813,0.96779406,0.9862418,0.95471525,0.95727605,0.95332175,0.9522193,0.96063197,0.96350914,0.95771676,0.9602242,0.9592159,0.9313775,0.9501479,0.9587329,0.9603702,0.9450093,0.96134883,0.9656901,0.94390386,0.9595077,0.9649574,0.953637,0.98070246,0.9641361,0.9573827,0.959529,0.9471349,0.9497509,0.95088285,0.9517543,0.9640973,0.95691115,0.98224443,0.9579794,0.9646737,0.9460326,0.9549815,0.968967,0.95674294,0.95962036,0.95804524,0.95901257,0.98070246,0.9541176,0.9703754,0.9649876,0.96002024
aftermovie,0.95029676,0.9370134,0.9601245,0.9514409,0.96198326,0.9538166,0.9578113,0.9999997,0.97371626,0.9544552,0.95357674,0.95113033,0.9444732,0.94682807,0.9554824,0.95214903,0.95670235,0.9471281,0.93831766,0.95040363,0.9590922,0.9566796,0.94946134,0.95347697,0.95377904,0.8907443,0.942712,0.9463129,0.949072,0.9595962,0.9471572,0.9586981,0.94310254,0.9376153,0.93746847,0.91448873,0.9631578,0.9598154,0.9578062,0.9551664,0.94958955,0.9556606,0.948284,0.96041304,0.96023,0.9537987,0.94666636,0.95335275,0.95334446,0.9575022,0.94984144,0.9586952,0.9536332,0.94125664,0.956811,0.9565661,0.9485731,0.9611909,0.95445865,0.95006925,0.95001477,0.955444,0.9469085,0.9499771,0.94939965,0.94535786,0.9490301,0.9509422,0.947616,0.9512558,0.9559514,0.7523533,0.9404499,0.9533867,0.95125586,0.94530654,0.92736375,0.94560474,0.95296925,0.9491121,0.95329916,0.95337015,0.95657307,0.948864,0.95144725,0.9508759,0.94528246,0.9457466,0.9537919,0.96298796,0.9497243,0.9559514,0.95168746,0.95222694,0.9462934,0.95087916,0.946991,0.9442833,0.95587647,0.9369745,0.9645225,0.9522728,0.9448618,0.9491467,0.94808173,0.9495949,0.9561369,0.9568248,0.9517371,0.9539701,0.95027876,0.8830432,0.9522594,0.9115346,0.9555684,0.9466021,0.96103364,0.94086415,0.95956385,0.9504286,0.9502199,0.95292705,0.9478226,0.9478731,0.95466465,0.9529035,0.95088106,0.94073343,0.9531227,0.92731005,0.9489466,0.9536347,0.9449554,0.943843,0.9583031,0.9601203,0.9462869,0.95087403,0.95400053,0.9461938,0.97371626,0.95299715,0.94674486,0.95686895,0.9486025,0.94553906,0.94485027,0.94480765,0.95897907,0.9508155,0.9601019,0.95494175,0.9490885,0.92722803,0.9470597,0.9556786,0.9563032,0.96368265,0.9644837,0.9492985,0.97371626,0.9420316,0.9606752,0.9556232,0.9428466
ahiddenlifefilm,0.978692,0.9659571,0.9824832,0.97206175,0.9821229,0.9719548,0.98070246,0.97371626,0.9999999,0.97300005,0.9753654,0.9786328,0.96906286,0.9758045,0.9789114,0.9774993,0.9826142,0.97377974,0.97105336,0.96877,0.9799433,0.97638273,0.97896695,0.97800934,0.9703365,0.8991253,0.97120535,0.97114754,0.9766164,0.9760245,0.97152406,0.9787434,0.9696051,0.96719784,0.9682058,0.9531272,0.9791278,0.9769929,0.98064244,0.9784475,0.9685227,0.9779236,0.9729155,0.97556937,0.98191553,0.9794883,0.9764154,0.9738713,0.9711969,0.9749056,0.9819661,0.9853741,0.97136986,0.97151506,0.9648232,0.9759319,0.97257394,0.9818126,0.97632164,0.977921,0.9677422,0.9770684,0.9722258,0.9775562,0.978338,0.9753117,0.9694381,0.97976965,0.97020733,0.970093,0.9819411,0.79016095,0.9618649,0.9765603,0.9727967,0.96069574,0.94891727,0.9699358,0.969586,0.97389746,0.9754982,0.9749084,0.9817028,0.9728114,0.9772956,0.97582835,0.9700122,0.97200185,0.977362,0.98267627,0.9705538,0.9819411,0.9790221,0.977861,0.9776411,0.9779785,0.976315,0.97247964,0.9734103,0.9655626,0.9800084,0.9741391,0.97457194,0.97965026,0.97838247,0.9800483,0.9845969,0.9791093,0.9749626,0.97373646,0.98221505,0.9193039,0.9772958,0.9416217,0.97691244,0.9699337,0.9822735,0.9693403,0.9840146,0.9741384,0.97926486,0.98021436,0.97305846,0.9629331,0.9760446,0.9793849,0.9760652,0.9760616,0.9748146,0.95955175,0.97769165,0.97238415,0.9763079,0.9660062,0.9793409,0.978721,0.9646842,0.97476137,0.9823641,0.96857566,0.9999999,0.97632074,0.9725522,0.977245,0.9735577,0.97413933,0.97360665,0.97555006,0.97972554,0.9732017,0.9809686,0.9753383,0.9750543,0.95522773,0.9707095,0.98361796,0.97276807,0.9774269,0.97533673,0.9726348,0.9999999,0.9719378,0.98670256,0.97971106,0.9771402
alitamovie,0.9548993,0.9369779,0.9594421,0.9531689,0.9567729,0.9539404,0.9636779,0.9544552,0.97300005,0.9999999,0.95043355,0.9476304,0.94673246,0.9611274,0.9639527,0.9484941,0.96172446,0.95369923,0.94767416,0.94482654,0.95359856,0.94430184,0.9592683,0.9533343,0.95845306,0.8719624,0.94331175,0.951659,0.9464404,0.9513193,0.9460946,0.9632271,0.9446975,0.9517704,0.9281782,0.91562104,0.95696855,0.94402224,0.96440816,0.9575138,0.94492745,0.95737755,0.94169414,0.95874864,0.9560417,0.9501149,0.956582,0.95269835,0.95125264,0.9587325,0.95341724,0.9668482,0.95780003,0.94756395,0.9441394,0.9601729,0.9523699,0.950283,0.9525767,0.9551054,0.9410023,0.95565873,0.9520175,0.9595039,0.95625514,0.94492066,0.9478983,0.9694826,0.9506428,0.95053935,0.96029276,0.7435889,0.9379357,0.9564246,0.9444657,0.9373284,0.92432004,0.950114,0.9498108,0.9545654,0.9526264,0.956589,0.95910853,0.9382357,0.95124084,0.95351017,0.9456749,0.9569152,0.95241153,0.9608378,0.93254125,0.96029276,0.96321326,0.95715743,0.9514645,0.9600093,0.9565618,0.949083,0.9580072,0.94429266,0.9555935,0.95515573,0.94053334,0.95706105,0.96147233,0.95241916,0.9649387,0.9520184,0.94633454,0.95250726,0.9584298,0.89037323,0.94924045,0.8979239,0.9476913,0.94257313,0.9572363,0.9399651,0.9593759,0.95743585,0.9503885,0.95235366,0.94674313,0.94198084,0.95463717,0.9562124,0.9577557,0.9562106,0.9541307,0.9294,0.94787294,0.9564722,0.9538357,0.94691235,0.9605764,0.9549077,0.9378255,0.9545685,0.9586521,0.9402026,0.97300005,0.9455469,0.9446742,0.94737154,0.9428551,0.9464991,0.94985396,0.94922704,0.9513717,0.9497465,0.9628236,0.9504101,0.9481952,0.93900573,0.9434608,0.9637075,0.95485276,0.95256096,0.954105,0.94796216,0.97300005,0.9562257,0.9591701,0.95894223,0.9479122
angelhasfallen,0.9587971,0.9447549,0.95732826,0.9486415,0.9586652,0.9510219,0.95596635,0.95357674,0.9753654,0.95043355,1.0000002,0.9583555,0.9476216,0.9510723,0.95331633,0.95426214,0.9595089,0.95114255,0.95299226,0.9422428,0.95840067,0.95439273,0.9572515,0.95026577,0.9459002,0.88123065,0.9503633,0.94221216,0.9516065,0.9574267,0.9483991,0.957072,0.9517926,0.9454776,0.9479783,0.93068427,0.95265317,0.948048,0.95411354,0.95659935,0.9467635,0.95529425,0.9526608,0.9544888,0.9624669,0.95501053,0.9533604,0.94976145,0.9518933,0.9522714,0.9608444,0.96841246,0.95556664,0.9503207,0.9396623,0.9571567,0.9518014,0.9546455,0.9553409,0.95181555,0.9545856,0.94781685,0.947181,0.95676386,0.9579332,0.95746595,0.94275683,0.9605726,0.9690278,0.95955205,0.95477897,0.7710172,0.94961023,0.95082486,0.9592565,0.93600374,0.9259191,0.94597405,0.9462809,0.9594034,0.9742096,0.9524617,0.9650978,0.9431383,0.9566173,0.95408475,0.9658771,0.94750786,0.949934,0.95418406,0.9478763,0.95477897,0.95000076,0.95503986,0.957697,0.9646059,0.96710706,0.94980884,0.95360863,0.94504094,0.9562864,0.9448781,0.95222265,0.9566116,0.95338243,0.9587867,0.96122724,0.95721656,0.95252,0.9559835,0.95803076,0.89936066,0.9490751,0.9225552,0.95218134,0.95362204,0.95876724,0.9408527,0.9625003,0.95128435,0.95497483,0.9542388,0.94706506,0.94924587,0.95271975,0.9573556,0.9530137,0.9543289,0.95398295,0.9445245,0.95454544,0.94550955,0.9484434,0.93247473,0.9521641,0.95442307,0.9474465,0.95622194,0.95915586,0.946769,0.9753654,0.9498718,0.9536345,0.95849574,0.96204025,0.9554402,0.950809,0.955281,0.96050626,0.94547474,0.95503265,0.95456886,0.9597879,0.9378815,0.9483668,0.9562404,0.9440108,0.9530904,0.9528448,0.9445896,0.9753654,0.9467257,0.9596008,0.961689,0.95742905
angrybirdsmovie,0.95583487,0.9459644,0.96830314,0.94112337,0.9542251,0.9530731,0.96122634,0.95113033,0.9786328,0.9476304,0.9583555,0.9999998,0.94404113,0.9557046,0.9538325,0.9604486,0.96160465,0.9438247,0.9485754,0.94204897,0.9630828,0.95689124,0.9630142,0.95653135,0.95612407,0.88571876,0.94822687,0.95158905,0.9597878,0.9605038,0.94906723,0.9567862,0.95016146,0.9547734,0.9520941,0.94411796,0.9547459,0.9542328,0.96101505,0.95813704,0.95386744,0.9550315,0.95969254,0.95567805,0.9605899,0.96221817,0.95855844,0.9601717,0.95029366,0.9563171,0.96787816,0.9657886,0.9553491,0.95920783,0.9352827,0.9497657,0.9554406,0.9581945,0.95226425,0.96493334,0.9523768,0.9548299,0.95874435,0.9579235,0.95742035,0.95801026,0.9487593,0.9600192,0.9484899,0.9501231,0.96617424,0.77723444,0.9395792,0.9595669,0.9553492,0.9551675,0.9320455,0.95274633,0.9401917,0.9536294,0.95448065,0.96189845,0.96080023,0.95412844,0.95757157,0.9559267,0.9444463,0.9529638,0.966456,0.95991766,0.9511987,0.96617424,0.9592752,0.9574276,0.9651387,0.9537415,0.9538834,0.9455775,0.9519854,0.94993395,0.96144146,0.95290655,0.960289,0.9671341,0.9482052,0.9682682,0.96057695,0.96259964,0.9553681,0.95914793,0.96135366,0.90071326,0.95735466,0.93305695,0.9534435,0.9435438,0.95773673,0.9497366,0.96478426,0.95121235,0.96079296,0.95814264,0.94483364,0.942636,0.9557673,0.96046335,0.9520253,0.9577413,0.9480454,0.94521546,0.96052635,0.9407044,0.9486032,0.9331173,0.9622803,0.959996,0.9399738,0.95631933,0.9700202,0.9451566,0.9786328,0.9619879,0.9538445,0.96090007,0.9557548,0.9594558,0.9573662,0.95206344,0.9614267,0.95191187,0.96092963,0.9555157,0.95490384,0.9242178,0.9558584,0.9685645,0.94657224,0.9668401,0.95124304,0.9520943,0.9786328,0.94284433,0.96478915,0.963868,0.95981246
annabellemovie,0.94832796,0.9365859,0.94958216,0.95652735,0.94707173,0.9575478,0.9532435,0.9444732,0.96906286,0.94673246,0.9476216,0.94404113,0.9999997,0.94884694,0.96016294,0.94211304,0.9527564,0.9368171,0.93220055,0.9508395,0.94172245,0.94566286,0.9592815,0.95061404,0.9386206,0.86985916,0.9508975,0.9406564,0.9488002,0.94350356,0.93487996,0.9535188,0.95410925,0.94575214,0.95163786,0.9355814,0.9418226,0.96154976,0.9525367,0.93748546,0.9575925,0.95946723,0.95584524,0.9584457,0.955518,0.9498002,0.9556168,0.93998665,0.9507104,0.958491,0.9541398,0.95458126,0.95729995,0.9518266,0.9416595,0.9456983,0.9513337,0.94800496,0.9390396,0.9540944,0.9607153,0.9543095,0.9424001,0.9544558,0.94924426,0.9418533,0.93879646,0.94890815,0.94152284,0.94336784,0.9565207,0.7573096,0.9367659,0.94603086,0.9429284,0.9371063,0.93088245,0.94674313,0.9448116,0.94366556,0.94362164,0.9617582,0.95661837,0.9434435,0.9668096,0.9556266,0.95813566,0.97551495,0.955604,0.9597323,0.9367584,0.9565207,0.9506941,0.9408054,0.94002527,0.96038324,0.9529905,0.94895446,0.9467949,0.9517374,0.9476341,0.9547986,0.9480446,0.947131,0.956412,0.95405453,0.95567954,0.95270437,0.9481507,0.93717295,0.9593678,0.90537,0.95158064,0.9146287,0.94447136,0.9455901,0.95757335,0.93336195,0.9601928,0.9499998,0.9521509,0.94826615,0.93613076,0.938655,0.937037,0.9493091,0.96400595,0.94770074,0.93627375,0.93933505,0.94414127,0.9424321,0.95482284,0.93657833,0.9498263,0.94098705,0.9375237,0.9430387,0.9557632,0.94595706,0.96906286,0.9443889,0.94795066,0.949752,0.94447756,0.9400428,0.93552154,0.95617896,0.9543076,0.9516352,0.95127594,0.9542496,0.9466,0.93283975,0.94695175,0.95607275,0.94139373,0.9500997,0.93927234,0.9513456,0.96906286,0.94857,0.9593614,0.95538354,0.95061904
annamovie,0.95662916,0.94645333,0.9636399,0.9490352,0.9539484,0.94536847,0.95671964,0.94682807,0.9758045,0.9611274,0.9510723,0.9557046,0.94884694,0.9999996,0.96123695,0.9516299,0.9595818,0.94997054,0.9554746,0.94193363,0.9529652,0.95183885,0.96586734,0.95810443,0.9491194,0.8819166,0.95011353,0.9546171,0.9577282,0.9504037,0.9536238,0.95551056,0.9492789,0.9517154,0.94815654,0.93132657,0.95788383,0.95825154,0.95846176,0.9644612,0.95222324,0.9584584,0.950211,0.95207775,0.9622229,0.95496035,0.9622514,0.96080345,0.9493729,0.95270926,0.9604777,0.964013,0.9539027,0.9438079,0.9394447,0.95449716,0.95160884,0.95576966,0.9546859,0.95874184,0.95383126,0.9522968,0.9510531,0.9761638,0.95161974,0.9530161,0.9496132,0.962048,0.9493646,0.9463949,0.96780896,0.7560727,0.9393669,0.9590666,0.94507164,0.9389412,0.9195524,0.9596719,0.94296074,0.9497099,0.9568567,0.9546233,0.9629935,0.9534476,0.95155317,0.9609487,0.9474212,0.95719886,0.9658383,0.96482193,0.94911844,0.96780896,0.9604343,0.95321614,0.9549649,0.957767,0.9598269,0.9560598,0.9482379,0.9643149,0.9547761,0.94035155,0.9556206,0.9596586,0.9718502,0.9593807,0.96047044,0.95650303,0.945203,0.9508559,0.96480304,0.8962852,0.95890224,0.9136531,0.94983697,0.95738524,0.9612859,0.9499552,0.969189,0.95434344,0.96755135,0.95556426,0.9513901,0.93778217,0.95497847,0.956882,0.9504667,0.9549176,0.9503341,0.92872655,0.9528357,0.9513719,0.9526498,0.9356559,0.9587374,0.9536553,0.94644505,0.9548994,0.9652872,0.9404201,0.9758045,0.95562965,0.94179356,0.9584673,0.9467127,0.95267594,0.9618488,0.9581429,0.95729953,0.95327264,0.95594084,0.9486451,0.94825286,0.92581815,0.95020527,0.9620206,0.9514949,0.9593898,0.95436907,0.96008974,0.9758045,0.9452134,0.96622676,0.959547,0.9592047
apollo11movie,0.95784545,0.94795233,0.9616495,0.9585335,0.9598895,0.9537559,0.9625826,0.9554824,0.9789114,0.9639527,0.95331633,0.9538325,0.96016294,0.96123695,0.99999976,0.95620424,0.9665417,0.9618738,0.9482541,0.9704511,0.958504,0.95305914,0.9585952,0.9600334,0.9540949,0.8810201,0.9589407,0.95779157,0.9529847,0.95192283,0.95398694,0.9637593,0.95131207,0.9512691,0.9494125,0.932393,0.9590602,0.9599364,0.9642894,0.9591447,0.9520057,0.9586214,0.9580982,0.9591278,0.9665095,0.95920014,0.95660084,0.9540359,0.95552075,0.956942,0.95563024,0.9659545,0.957373,0.9528067,0.9525138,0.9604069,0.9539834,0.96456337,0.9603388,0.9539052,0.9546345,0.9578994,0.951708,0.9607032,0.9616671,0.95958185,0.95884305,0.96785605,0.9542994,0.9529716,0.96089876,0.7558239,0.9413474,0.9618317,0.94832605,0.9422639,0.936833,0.9532492,0.94880253,0.9512307,0.9554048,0.96505934,0.96664906,0.9564136,0.9552253,0.9528802,0.9528221,0.9645401,0.95422345,0.9672338,0.943662,0.96089876,0.963464,0.9642083,0.95212144,0.97759366,0.95839006,0.9608919,0.95963603,0.94373,0.9610555,0.95112073,0.9594551,0.9568743,0.9655588,0.9554614,0.9661828,0.9626653,0.9493963,0.9604024,0.9668756,0.90393305,0.95869756,0.921326,0.9548376,0.9534979,0.96097577,0.95102286,0.9709057,0.9484946,0.96111095,0.9581834,0.95417,0.9426461,0.96164227,0.96231675,0.960174,0.95650685,0.95797753,0.93951714,0.9562967,0.9643481,0.965329,0.95118064,0.9635609,0.9565043,0.9364512,0.95753235,0.963847,0.9545375,0.9789114,0.94966716,0.9581511,0.95505136,0.95200557,0.9513287,0.9503667,0.96081847,0.96048456,0.95105064,0.95903605,0.95912015,0.956479,0.93595374,0.9522654,0.9669013,0.94895804,0.9589331,0.9562655,0.9541472,0.9789114,0.9591948,0.9686749,0.95663434,0.95455664
arcticdogsmovie,0.95101094,0.9619014,0.9575459,0.95315695,0.96723926,0.9522836,0.95815486,0.95214903,0.9774993,0.9484941,0.95426214,0.9604486,0.94211304,0.9516299,0.95620424,0.99999976,0.9639845,0.95893455,0.952091,0.95777166,0.95642924,0.9537544,0.9587367,0.9561144,0.95691186,0.85791695,0.95862496,0.9496165,0.9470751,0.9577863,0.95078886,0.9547766,0.9511414,0.93733984,0.9508822,0.94041973,0.95562613,0.9516905,0.95529187,0.95534486,0.9439549,0.9572691,0.9379261,0.95004344,0.961089,0.96380615,0.95596224,0.95599896,0.9472769,0.9483886,0.955717,0.96072274,0.95089644,0.95311916,0.932115,0.96293145,0.94903916,0.9628505,0.9539633,0.9568438,0.9440756,0.95157754,0.95114404,0.95898145,0.95303035,0.955856,0.95693874,0.95630556,0.9529281,0.9490812,0.9621205,0.7762915,0.9442628,0.9567086,0.95712996,0.93914753,0.9323127,0.94387,0.9406619,0.95018303,0.94625026,0.95336175,0.9602562,0.9571763,0.951255,0.957112,0.9462883,0.9510212,0.9571744,0.9624167,0.95076,0.9621205,0.9541218,0.95750254,0.9579785,0.9575082,0.95439315,0.9628905,0.9477826,0.9494123,0.96022016,0.95645994,0.94670147,0.9642283,0.9580127,0.9554448,0.9598345,0.97154313,0.96104467,0.9576493,0.963591,0.9110261,0.95752686,0.929202,0.9571864,0.9433342,0.9544493,0.95375925,0.9565395,0.9537706,0.953302,0.9598525,0.94345057,0.94283915,0.95344156,0.96391886,0.9499139,0.95477426,0.95701855,0.9361311,0.95531887,0.9511036,0.95762616,0.94663006,0.957494,0.9610592,0.9380565,0.94533205,0.9655764,0.95288193,0.9774993,0.9533179,0.95908004,0.96042544,0.9626385,0.9468591,0.9482728,0.9576131,0.96195036,0.9480701,0.9526388,0.95146954,0.9584654,0.9319484,0.94807327,0.957567,0.9541257,0.9590709,0.95370233,0.9456176,0.9774993,0.9488343,0.9633375,0.96560687,0.9484664
arcticmovie,0.96432394,0.9511411,0.96646863,0.9572957,0.96743065,0.9608284,0.96216846,0.95670235,0.9826142,0.96172446,0.9595089,0.96160465,0.9527564,0.9595818,0.9665417,0.9639845,0.9999999,0.9628347,0.96048033,0.9508523,0.9674617,0.9581605,0.96280634,0.9601498,0.9567623,0.8819048,0.9570067,0.97260076,0.96071154,0.96425134,0.9627524,0.9626507,0.96163195,0.9586745,0.9447719,0.9365746,0.9644837,0.9556009,0.96773994,0.96563566,0.9555859,0.9678592,0.9549051,0.95968395,0.9689188,0.95778006,0.95891374,0.95557576,0.957442,0.9605153,0.9655689,0.96790963,0.95784014,0.95205677,0.95265627,0.9654398,0.9613311,0.9702547,0.9623109,0.9608405,0.95145553,0.9627147,0.96049505,0.96119833,0.9648282,0.96119565,0.9576191,0.96539986,0.9597953,0.95545846,0.9634908,0.7844592,0.94775885,0.9622369,0.95851874,0.94191045,0.9267952,0.9543997,0.95984846,0.9538077,0.95687276,0.95909494,0.9653242,0.95404273,0.96381724,0.9698462,0.9500602,0.9590194,0.9597652,0.9672063,0.9514166,0.9634908,0.96677035,0.9676796,0.9606917,0.96354175,0.9624751,0.96258515,0.96263146,0.9451911,0.9627667,0.9659515,0.952814,0.9614769,0.96397036,0.96401393,0.9686354,0.961742,0.95955944,0.95752925,0.97044384,0.8900653,0.9567939,0.912452,0.9547027,0.9541134,0.96811324,0.9603747,0.9678427,0.9536152,0.9676737,0.9606845,0.9662566,0.9503477,0.9697569,0.96931654,0.96011174,0.96433485,0.9628351,0.94851756,0.96151805,0.960944,0.9806443,0.96311563,0.9590244,0.9663809,0.9450084,0.9606721,0.96414673,0.9514787,0.9826142,0.96194655,0.9538481,0.9594879,0.95569474,0.9549314,0.9570392,0.9538993,0.9580971,0.9563152,0.9637155,0.9585868,0.9614431,0.94333655,0.9478408,0.96412563,0.9627847,0.96427447,0.95954967,0.95163834,0.9826142,0.9596367,0.9753964,0.9642976,0.9566094
artofracingmovie,0.9533879,0.9474094,0.95562744,0.9548738,0.9724096,0.9456045,0.95887786,0.9471281,0.97377974,0.95369923,0.95114255,0.9438247,0.9368171,0.94997054,0.9618738,0.95893455,0.9628347,0.9999998,0.9505566,0.95093775,0.94454825,0.94606555,0.94992864,0.9560503,0.9419172,0.8678503,0.9564921,0.95592093,0.9501475,0.94411266,0.95493907,0.96134186,0.9529789,0.9420235,0.9355576,0.91821754,0.9574503,0.94445896,0.96033776,0.95247257,0.94176817,0.94667995,0.9406978,0.9419563,0.9569789,0.9503738,0.94848573,0.94307375,0.94684607,0.9431406,0.9512123,0.9591583,0.93935907,0.93897396,0.94007885,0.97275,0.9425501,0.95792186,0.9616795,0.9551869,0.9413094,0.9529406,0.95024633,0.9571887,0.9560303,0.95496684,0.95106375,0.9571608,0.9476537,0.95386815,0.9558147,0.7856626,0.9419539,0.9538719,0.9514248,0.93203515,0.9298568,0.94531757,0.95639765,0.94731486,0.9442921,0.949279,0.9578701,0.94675416,0.9455812,0.95895284,0.94258046,0.9468676,0.9491497,0.96004903,0.9366252,0.9558147,0.94902855,0.9562629,0.9531018,0.95855016,0.9582336,0.9570934,0.96041006,0.93569714,0.9549249,0.9504449,0.9466836,0.9554907,0.9568809,0.95007414,0.9606955,0.95516276,0.95128137,0.9515479,0.9603701,0.90552485,0.955435,0.91309065,0.9426675,0.94679636,0.95859015,0.9536596,0.95151675,0.9424763,0.9558188,0.9524273,0.951846,0.94415164,0.9542144,0.9563854,0.9510677,0.962526,0.97244495,0.9364929,0.9433605,0.96373874,0.9606264,0.95065284,0.95525616,0.95331234,0.9431936,0.94767535,0.9633402,0.9554419,0.97377974,0.94735795,0.94113815,0.9547844,0.95270294,0.9465463,0.9456717,0.9482983,0.9516484,0.9483939,0.9602685,0.9438552,0.9569243,0.9311347,0.9484284,0.9602647,0.9529201,0.9475701,0.9599835,0.94691336,0.97377974,0.95934147,0.9655722,0.9503185,0.9457153
avengers,0.9730307,0.9428803,0.95352656,0.94590473,0.9519504,0.9443186,0.9457708,0.93831766,0.97105336,0.94767416,0.95299226,0.9485754,0.93220055,0.9554746,0.9482541,0.952091,0.96048033,0.9505566,1.0,0.9347449,0.94699526,0.94539374,0.956257,0.9520676,0.9481275,0.8709679,0.9459672,0.9464039,0.9458949,0.948287,0.9682421,0.9486238,0.9493041,0.9512775,0.9364177,0.93149346,0.9418036,0.9426945,0.9557316,0.95436877,0.9289502,0.94917214,0.94047934,0.94248044,0.95825404,0.9527318,0.9506948,0.9533238,0.9504988,0.9439815,0.95586455,0.9629282,0.94820356,0.9481049,0.9252336,0.94700015,0.9495729,0.9538739,0.94427836,0.9525768,0.93166023,0.9387499,0.94760513,0.9562155,0.9517268,0.9469598,0.94215035,0.9579974,0.9491192,0.95128036,0.95542306,0.77269804,0.9292335,0.95090103,0.9476559,0.927739,0.9121789,0.94472545,0.9352955,0.94688225,0.9581994,0.9394105,0.9530669,0.93998384,0.94954723,0.94125783,0.93968207,0.94328433,0.9506156,0.9544561,0.9462762,0.95542306,0.94968855,0.9519402,0.95640594,0.9564134,0.9477642,0.9438536,0.9422661,0.94692564,0.94906557,0.9410252,0.9415074,0.95992374,0.9597143,0.95208114,0.9523451,0.9504005,0.94844407,0.94889075,0.95577663,0.8789362,0.9523925,0.911098,0.9408294,0.948178,0.9562998,0.94369316,0.9565865,0.9432247,0.9486798,0.94927704,0.9482397,0.9354544,0.95256394,0.9531008,0.93807834,0.9615344,0.9508549,0.9401919,0.95258623,0.9490956,0.9539665,0.93489593,0.9518427,0.95584285,0.9449889,0.9507661,0.9553483,0.93869483,0.97105336,0.94203484,0.94492733,0.9478059,0.94771355,0.95569235,0.95938534,0.94578546,0.9517364,0.9522974,0.952008,0.94974566,0.9520325,0.93470234,0.94569826,0.9548116,0.9411679,0.9450055,0.9448501,0.9444701,0.97105336,0.9384245,0.957866,0.9581172,0.95147604
beachbummovie,0.94513613,0.93715405,0.9492981,0.9512629,0.9525794,0.94754,0.9473293,0.95040363,0.96877,0.94482654,0.9422428,0.94204897,0.9508395,0.94193363,0.9704511,0.95777166,0.9508523,0.95093775,0.9347449,1.0000004,0.94752985,0.9519284,0.94999707,0.95061296,0.9479789,0.8699778,0.9484573,0.94137317,0.9424518,0.94611394,0.9433582,0.95812285,0.9447373,0.92694867,0.948469,0.93626076,0.9403842,0.9592274,0.95579857,0.9481422,0.94521314,0.9465344,0.9411707,0.9487903,0.9547505,0.958294,0.9453629,0.94465536,0.95426565,0.9448025,0.9443606,0.9597775,0.9408113,0.9361318,0.94517094,0.948469,0.9429775,0.9483164,0.94938374,0.9536303,0.94454944,0.9454012,0.93956566,0.94720316,0.9543178,0.9451,0.9377826,0.95097786,0.9432503,0.9551478,0.9590011,0.78537196,0.93188375,0.94292915,0.94423574,0.9309342,0.9359158,0.93754613,0.9374945,0.9409246,0.9406092,0.9534199,0.9565928,0.95291775,0.94198906,0.94249105,0.94392425,0.94795144,0.94919544,0.9592602,0.92933524,0.9590011,0.9464437,0.9478758,0.93670714,0.9626725,0.94563055,0.9680578,0.9482778,0.9392226,0.9526321,0.9564016,0.9422133,0.9508391,0.9502228,0.94381714,0.95904946,0.94995904,0.94755286,0.9408556,0.95759267,0.91057867,0.94509655,0.9236685,0.93828315,0.94217,0.9567551,0.9408764,0.9481524,0.93934846,0.94911885,0.9520422,0.9415879,0.94358283,0.94841135,0.9518458,0.9519132,0.93923956,0.94893575,0.9263254,0.9445637,0.9474514,0.9505679,0.94491595,0.95002633,0.9492162,0.9357259,0.9439283,0.95935726,0.9595209,0.96877,0.9374039,0.9467973,0.950746,0.9533904,0.9469918,0.93370557,0.95636034,0.9503519,0.9490438,0.9460952,0.9500003,0.9502902,0.9359236,0.94981325,0.95751536,0.94691056,0.9519089,0.9469809,0.94580865,0.96877,0.94285196,0.95649487,0.95427334,0.94198906
bernadettefilm,0.96067303,0.9347212,0.96698695,0.9535782,0.9596532,0.9459334,0.957474,0.9590922,0.9799433,0.95359856,0.95840067,0.9630828,0.94172245,0.9529652,0.958504,0.95642924,0.9674617,0.94454825,0.94699526,0.94752985,0.99999994,0.9614289,0.9523712,0.95532256,0.95124644,0.8930765,0.9436948,0.9539474,0.9630511,0.96346426,0.9562635,0.95643127,0.9432752,0.9481157,0.9470628,0.9305207,0.96401227,0.95755464,0.9638151,0.9632374,0.9461153,0.95713323,0.9529619,0.9545015,0.9617912,0.95996106,0.9505139,0.95552605,0.95581216,0.9547527,0.96819776,0.96859443,0.9482826,0.95144176,0.94347477,0.95454365,0.9559527,0.9636594,0.9634783,0.9559633,0.94920963,0.96456784,0.9523543,0.95440394,0.9629071,0.952126,0.9477792,0.9620158,0.9494312,0.9556561,0.96093076,0.77562916,0.9402621,0.9578034,0.9568467,0.93701637,0.9197761,0.9454315,0.9508508,0.9490277,0.9632473,0.953512,0.9648421,0.9501872,0.95644003,0.949948,0.9477723,0.9498701,0.95899683,0.9630255,0.95275635,0.96093076,0.9654073,0.95873314,0.95890653,0.95338774,0.9509137,0.9470029,0.9560672,0.9415809,0.9605938,0.95440096,0.96058655,0.9568814,0.9541148,0.96575606,0.96689236,0.9605992,0.96200687,0.9562881,0.958002,0.8970105,0.9584244,0.92268455,0.97239846,0.95166224,0.9684641,0.95330703,0.96654797,0.95126855,0.9645312,0.96212715,0.9540661,0.9299419,0.959646,0.96229666,0.9560511,0.9547686,0.95722264,0.9420367,0.9769184,0.9503635,0.95893854,0.9432816,0.9634652,0.96243465,0.9498044,0.95984584,0.9613778,0.9435253,0.9799433,0.9615646,0.95247096,0.9581765,0.95588106,0.9574154,0.9553168,0.9515952,0.9616806,0.9547283,0.9622271,0.95638996,0.95242834,0.9331946,0.95200825,0.96202856,0.948092,0.9633882,0.96291804,0.95264,0.9799433,0.95344967,0.965955,0.95570743,0.95942134
