movie,21bridgesmovie,47metersdown,abeautifuldaymovie,abominablemovie,adastramovie,adogsjourneymovie,aftermathmovie,aftermovie,ahiddenlifefilm,alitamovie,angelhasfallen,angrybirdsmovie,annabellemovie,annamovie,apollo11movie,arcticdogsmovie,arcticmovie,artofracingmovie,avengers,beachbummovie,bernadettefilm,blackandbluemovie,blackchristmas,blindedbythelightmovie,bombshellmovie,booksmart,breakthroughmovie,brianbanksmovie,brightburnmovie,brittanyrunsmov,captainmarvelofficial,captivestatemovie,catsmovie,charliesangels,childsplaymovie,clarathefilm,coldpursuitmovie,countdown,currentwarmovie,darkwatersmovie,detectivepikachumovie,disneyaladdin,disneyfrozen,disneymaleficent,doctorsleepmovie,dolemiteismyname,dontletgomovie,doramovie,downtonabbey_official,dumbo,escaperoom,everybodyknowsmovie,fastandfuriousmovie,fightingwmyfam,fivefeetapartfilm,fordvferrari,freaksthefilm,geminimanmovie,glassmovie,gloriabellmovie,godzillamovie,goldfinchmovie,goodboysmovie,goodliarmovie,gretafilm,halathemovie,happydeathdaymovie,harrietfilm,hellboymovie,hersmellmovie,highlifemovie,highstrungmovie,honeyboymovie,hotelmumbaifilm,httydragon,hustlemovie,hustlersmovie,isntitromantic,itmovieofficial,jayandsilentbob,johnwickmovie,jojorabbitmovie,jokermovie,judythefilm,jumanjimovie,justmercyfilm,knivesout,lalloronamovie,lastblackmansf,lastchristmasthemovie,latenightmovie,lighthousemovie,lionking,littlethemovie,littlewomenmovie,littlewoodsfilm,longshotmovie,lordsofchaosmovie,lucyintheskyfilm,mamovie2019,marriagestory,meettheaddams,meninblack,midsommarmovie,midwaymovie,missbalamovie,missinglinkfilm,motherlessbklyn,onceinhollywood,onthebasisofsex,overcomermovie,peanutbutterfalcon,petsematarymovie,piercingmovie,playingwithfire,playmobilthemovie,pomsmovie,queenandslim,rambomovie,readyornotfilm,richardjewellfilm,rocketmanmovie,scarystoriesmovie,secretlifeofpets,serenityfilm,shaftmovie,shazammovie,spidermanmovie,spiesindisguise,starwars,stormboymovie,stubermovie,taosdfilm,teenspiritmov,terminator,theaeronautsmov,thebestofenemies,thedeaddontdie,thefarewell,thehighwaymen,thehummingbirdprojectfilm,theintrudermovie,theirishmanfilm,thekitchenmovie,thelegomovie,themustangfilm,thenightingalefilm,theprodigymovie,thesunisalsoastar,theupsidefilm,tolkienmovie,toystory,triplefrontier,uglydolls,uncutgems,underthesilverlake,usmovie,wavesmovie,whatmenwant,wonderparkmovie,wrinklestheclown,xmenmovies,yardiefilm,yesterdaymovie,zombieland
21bridgesmovie,1.0,0.9610589,0.9679055,0.968081,0.96775645,0.96537066,0.973734,0.9535426,0.9816251,0.95474017,0.96238106,0.959393,0.9628967,0.96939886,0.9592758,0.95757264,0.95868206,0.9609498,0.9734102,0.9539969,0.9607641,0.96507806,0.9601375,0.9741156,0.9610059,0.8605874,0.96870476,0.9606867,0.96479195,0.9594716,0.9557527,0.9672488,0.9542455,0.954461,0.9651326,0.95255053,0.96120566,0.98029655,0.9683718,0.9624026,0.95436025,0.96744245,0.9557549,0.9676362,0.97164845,0.9630204,0.95928544,0.9550921,0.96444076,0.9680153,0.9657659,0.9709576,0.95726913,0.95554554,0.95146203,0.965762,0.9557788,0.9597949,0.97022027,0.9623135,0.95168483,0.960187,0.96571505,0.9610978,0.9672341,0.9637068,0.96343833,0.9613702,0.9567265,0.96403676,0.966992,0.78946316,0.966018,0.9599107,0.9539099,0.95067674,0.93729913,0.9697579,0.9621862,0.95224863,0.9660744,0.968646,0.9607001,0.96327335,0.9596661,0.9629296,0.9629537,0.95956594,0.9508344,0.96246463,0.9517124,0.966992,0.9599742,0.95928335,0.9625172,0.96102506,0.969659,0.9679306,0.9607823,0.9643091,0.96190345,0.9618305,0.96364427,0.96319693,0.95850444,0.96527845,0.9617654,0.9554224,0.9609816,0.9550258,0.9647926,0.903553,0.9660106,0.95094717,0.9691873,0.9768673,0.9914427,0.9568072,0.9650547,0.97338045,0.9564254,0.9529024,0.9657057,0.96603745,0.9598652,0.9624414,0.9575805,0.95049226,0.96312773,0.9264405,0.95811754,0.9591166,0.9630911,0.95913875,0.96149075,0.96862614,0.9749975,0.9685504,0.9655915,0.96602523,0.9816251,0.96574134,0.9624278,0.96430904,0.9587004,0.9555578,0.9660245,0.96170706,0.95994955,0.97009444,0.9666228,0.9616195,0.97240704,0.96345913,0.9524177,0.962797,0.9629631,0.96355736,0.9539623,0.9597086,0.9816251,0.9663463,0.9634293,0.9651566,0.95837
47metersdown,0.9610589,0.9999996,0.96060544,0.95514566,0.9544418,0.9577,0.9677752,0.9495011,0.9732254,0.9554996,0.95170313,0.94583327,0.95907575,0.96465224,0.9517507,0.96633404,0.9543504,0.95822257,0.9577536,0.9454685,0.95769346,0.94642216,0.961641,0.96739113,0.9594449,0.8628152,0.9512608,0.960058,0.95750576,0.9507976,0.9465904,0.95857036,0.94662756,0.9540112,0.95382315,0.9301758,0.9556868,0.9661378,0.9623064,0.952833,0.9572973,0.9640448,0.9518053,0.9585461,0.9497121,0.94819164,0.95846254,0.96134233,0.96609974,0.9660267,0.95054895,0.96664274,0.9588287,0.94657916,0.93882257,0.94907844,0.9584505,0.9530458,0.9608853,0.9660294,0.95501834,0.94766235,0.95277905,0.9536397,0.95473325,0.9541579,0.95381194,0.9562138,0.9398109,0.94255334,0.9622273,0.77188444,0.9520413,0.94942045,0.94816333,0.9451744,0.9281963,0.9645643,0.93937874,0.95321083,0.95409435,0.9488941,0.9591044,0.9545959,0.95413935,0.95902824,0.9472657,0.9615636,0.9508682,0.9522677,0.9474287,0.9622273,0.95386714,0.95253766,0.960753,0.9537045,0.95516115,0.95610744,0.9684571,0.9573939,0.94612,0.9484815,0.9498344,0.96076673,0.97198987,0.95095944,0.9543051,0.95628315,0.956494,0.9470809,0.9580147,0.90623647,0.961136,0.93471545,0.96026266,0.94687766,0.96088594,0.9441669,0.9559366,0.9589681,0.9547087,0.9585661,0.9591204,0.9628684,0.94786835,0.9621139,0.9544237,0.9455441,0.9566651,0.9167639,0.94790405,0.9462206,0.95745724,0.9467571,0.9546763,0.95552486,0.9556994,0.94743663,0.965447,0.95132995,0.9732254,0.94972265,0.952552,0.94704396,0.9588431,0.95408046,0.9539638,0.9498803,0.94915086,0.96466,0.96283793,0.96743506,0.95855445,0.9505998,0.94770026,0.9538039,0.95434856,0.95649034,0.9490457,0.9628641,0.9732254,0.957345,0.9615063,0.9607464,0.9513367
abeautifuldaymovie,0.9679055,0.96060544,1.0000004,0.96729094,0.9678969,0.9638484,0.97356665,0.9666491,0.9830828,0.9585029,0.96030104,0.97135603,0.9653401,0.9704894,0.961429,0.96420217,0.9628836,0.9586658,0.9652099,0.966686,0.95902437,0.9813618,0.9693691,0.9663867,0.9664232,0.8536586,0.96423215,0.96933085,0.9822642,0.9649891,0.96459514,0.9704155,0.9567518,0.96162826,0.96241015,0.9514343,0.96780896,0.9692168,0.9707437,0.96217835,0.9621013,0.9676551,0.95123017,0.96652156,0.9690962,0.96191776,0.9626964,0.96715426,0.9702609,0.96440136,0.98198605,0.97415984,0.9632438,0.9612249,0.94769245,0.96108764,0.9665549,0.9701711,0.96976835,0.96852416,0.9526038,0.9624939,0.9637579,0.9592631,0.9573007,0.96533877,0.9665162,0.9635634,0.9498743,0.9527102,0.969175,0.77749115,0.9634475,0.96578866,0.96233654,0.9611052,0.9345913,0.97040904,0.9569892,0.96171033,0.9611843,0.9614169,0.9567009,0.9616134,0.9744089,0.9723518,0.9557908,0.96407044,0.963216,0.95589876,0.9649172,0.969175,0.95430005,0.97173667,0.9769447,0.9610122,0.9653585,0.975618,0.9639925,0.9599067,0.9591172,0.96213996,0.9700189,0.96584725,0.96524197,0.98147655,0.9684973,0.9613912,0.9632527,0.96174747,0.9690828,0.9086341,0.97032726,0.9523331,0.96200305,0.9594941,0.9728592,0.9670418,0.96837246,0.9716892,0.96182966,0.9663971,0.97076005,0.9682847,0.9664232,0.96950746,0.95381874,0.9694726,0.97216266,0.9232107,0.96335274,0.952623,0.9591443,0.9532652,0.96361727,0.9667658,0.9658014,0.9642761,0.9723889,0.95725226,0.9830828,0.97518396,0.9607076,0.9590456,0.95877874,0.96556985,0.9663137,0.96621937,0.96283805,0.95596045,0.96792,0.9822731,0.96926,0.9421625,0.9663161,0.9599024,0.9548609,0.964634,0.968166,0.9640694,0.9830828,0.967069,0.96262306,0.97017366,0.97089225
abominablemovie,0.968081,0.95514566,0.96729094,1.0000002,0.96727145,0.9651723,0.97143793,0.959121,0.9835322,0.9601129,0.9593759,0.965458,0.9760005,0.9640467,0.9612822,0.9677581,0.97039646,0.9544785,0.9669768,0.95757717,0.96342206,0.95988095,0.96072,0.969347,0.95174754,0.87411153,0.9639164,0.9638776,0.9633177,0.96101195,0.9614661,0.9679481,0.9567765,0.95919085,0.9687559,0.95514286,0.96270597,0.9729135,0.96668184,0.9637179,0.96290416,0.96813136,0.9642267,0.9697875,0.97667325,0.96238244,0.96083736,0.96047884,0.9625809,0.96928096,0.9619837,0.97238994,0.9506943,0.9552599,0.9625137,0.95958745,0.9636738,0.9674831,0.969407,0.968976,0.96137476,0.9679225,0.9688411,0.97269595,0.95261943,0.96756846,0.97090065,0.9618686,0.95458144,0.9573001,0.97164243,0.8117771,0.96086323,0.96180993,0.96700054,0.954212,0.9398214,0.9676376,0.95472807,0.95916283,0.95232326,0.97009623,0.9678495,0.964624,0.96688783,0.96673965,0.9623859,0.96095246,0.9634898,0.9676746,0.9623418,0.97164243,0.9556184,0.9552895,0.9655496,0.96180505,0.96400464,0.9723435,0.9647736,0.9610814,0.95928776,0.94954336,0.96020347,0.96464497,0.9553607,0.96168613,0.9660223,0.9719294,0.9610658,0.95751953,0.96879375,0.9138545,0.9689746,0.9543105,0.9721513,0.9601271,0.96788317,0.9542547,0.96472263,0.96891594,0.9692687,0.96486026,0.9701573,0.96741116,0.9694155,0.96214074,0.9584117,0.9571795,0.96783453,0.92971313,0.96348655,0.9591671,0.9720718,0.96037084,0.9622024,0.9667384,0.96060914,0.96019,0.9654469,0.9563108,0.9835322,0.9651583,0.96386737,0.9662563,0.9618298,0.96457267,0.9611697,0.9698689,0.96662945,0.9543279,0.96028775,0.9628278,0.9714613,0.95282793,0.96496326,0.9684586,0.9556089,0.95915675,0.9609465,0.9685609,0.9835322,0.9661306,0.9683911,0.9618813,0.9608179
adastramovie,0.96775645,0.9544418,0.9678969,0.96727145,1.0000001,0.9658864,0.97501695,0.956806,0.98447263,0.96863383,0.96758944,0.96067226,0.9703305,0.96639436,0.9705397,0.9671014,0.96251094,0.9762715,0.96763176,0.9635134,0.9684472,0.9663261,0.9671249,0.9717442,0.9630959,0.8515701,0.9646113,0.97162104,0.9722162,0.97125435,0.9662077,0.9670017,0.95388496,0.9634886,0.9612336,0.950041,0.9656135,0.96734357,0.97035134,0.95877296,0.96653074,0.97000045,0.95576066,0.96953684,0.96905243,0.9636528,0.96697736,0.9664304,0.9689668,0.96700794,0.9706097,0.9778758,0.97115916,0.96744394,0.95164436,0.97748226,0.96239626,0.9666599,0.9679955,0.9699984,0.96116203,0.9742834,0.96400434,0.9643618,0.9618973,0.96139294,0.9614996,0.9701872,0.9649678,0.9595345,0.9717989,0.7923528,0.96249443,0.97440064,0.96141297,0.95886976,0.93026894,0.9688651,0.9646196,0.97442526,0.963504,0.9632625,0.96984106,0.96545756,0.9655118,0.9678567,0.9698243,0.96869266,0.95294404,0.96517926,0.9643821,0.9717989,0.9626701,0.9626499,0.97083557,0.9617791,0.9698848,0.975527,0.9717961,0.9595916,0.9591263,0.96252173,0.95850533,0.9709109,0.95535564,0.96965206,0.9682927,0.9672807,0.95942515,0.96603674,0.9698637,0.91301584,0.97184896,0.9475266,0.96891993,0.9629995,0.9718284,0.9606365,0.96890265,0.96768385,0.96725076,0.9682922,0.9738412,0.9662268,0.96228474,0.9714063,0.95960784,0.95844334,0.9781711,0.9225742,0.965992,0.97225654,0.9613649,0.95487136,0.96725523,0.97135234,0.9649098,0.9641021,0.9677997,0.9693952,0.98447263,0.96806103,0.9663055,0.95755756,0.9652173,0.9632499,0.96147656,0.9662469,0.9682062,0.9491619,0.97097325,0.95958894,0.97790587,0.95347506,0.96478796,0.95911926,0.9661989,0.96118534,0.95970356,0.96465623,0.98447263,0.97156227,0.96414626,0.96940374,0.9675312
adogsjourneymovie,0.96537066,0.9577,0.9638484,0.9651723,0.9658864,0.9999999,0.97032374,0.95266426,0.98136,0.96524537,0.96428007,0.9666851,0.96280134,0.9629154,0.9554462,0.9608681,0.95615387,0.955655,0.9729201,0.9570598,0.9542704,0.96592635,0.9713332,0.9738536,0.96044767,0.8733067,0.9594884,0.95946616,0.9617623,0.954744,0.9608897,0.9633266,0.9627427,0.96811056,0.96310675,0.9469897,0.9627277,0.96233326,0.95619965,0.95453453,0.96501213,0.96818936,0.95091033,0.9607829,0.95978427,0.96556175,0.971675,0.9681546,0.9597073,0.9602966,0.96403956,0.97200614,0.96842676,0.95800114,0.9615092,0.9539942,0.9567348,0.96958524,0.9685954,0.9564698,0.9559322,0.96617734,0.9657551,0.96311593,0.95503694,0.9675599,0.9616001,0.9646653,0.95617545,0.9561948,0.96021473,0.7954691,0.95360374,0.9655814,0.9622303,0.95371443,0.9381287,0.97014177,0.9610787,0.96348053,0.9573647,0.9669582,0.964531,0.96346194,0.96346754,0.96309817,0.9579376,0.96466506,0.95184565,0.9649534,0.9624381,0.96021473,0.95585686,0.9585494,0.9685433,0.9607209,0.96423924,0.9712985,0.9640188,0.9619297,0.9640207,0.9597244,0.96796536,0.9585456,0.95856935,0.9660177,0.96358883,0.9624589,0.9608014,0.95825803,0.9700635,0.90757716,0.9607144,0.9447539,0.95982474,0.95555574,0.96346563,0.9600062,0.96679556,0.9636863,0.96653944,0.96468025,0.9749358,0.9778428,0.95808446,0.96648294,0.9689754,0.95165926,0.96786195,0.9224292,0.9567833,0.9568514,0.95949197,0.9529458,0.960113,0.96070373,0.963395,0.9639729,0.9626899,0.96718264,0.98136,0.9696107,0.9665702,0.9589706,0.9618306,0.95827395,0.9573394,0.96804994,0.96132386,0.9608419,0.95479643,0.95825106,0.9688869,0.9559566,0.95146704,0.9528532,0.96409565,0.95470387,0.95725614,0.9564179,0.98136,0.9677585,0.9615829,0.9760233,0.95872056
aftermathmovie,0.973734,0.9677752,0.97356665,0.97143793,0.97501695,0.97032374,0.9999999,0.964432,0.9857674,0.9685389,0.96508265,0.9612896,0.97095156,0.9744988,0.9682221,0.9653304,0.96547675,0.9679859,0.9681566,0.9606502,0.96684057,0.96945983,0.9699801,0.973506,0.96065056,0.8693268,0.9653623,0.96744096,0.9727993,0.95991874,0.963479,0.97455263,0.95218104,0.9579534,0.96823514,0.9533992,0.9687009,0.9727002,0.9661985,0.9583217,0.96630526,0.9699121,0.9600852,0.9694268,0.9740075,0.9674582,0.9684112,0.96704715,0.96356255,0.96918976,0.96531224,0.97538316,0.9653876,0.96873695,0.9549211,0.9710181,0.9606339,0.9743805,0.97001714,0.97458005,0.9635048,0.96628135,0.9625045,0.9713454,0.9609124,0.96435946,0.96259046,0.9651444,0.95956534,0.95883113,0.975385,0.7770176,0.9623346,0.97258776,0.963966,0.9570253,0.9384861,0.9697977,0.961227,0.9608165,0.9670439,0.9773094,0.9675045,0.97195244,0.96113884,0.9718289,0.96655625,0.974543,0.9640202,0.96293116,0.95969844,0.975385,0.95713615,0.9598012,0.96835834,0.96282583,0.971938,0.97124904,0.9780026,0.9629776,0.9638618,0.9617722,0.9665908,0.97070825,0.9583507,0.9691403,0.9661623,0.9648946,0.9643419,0.9600097,0.97370255,0.92070234,0.9752485,0.94982415,0.96817285,0.96761864,0.97197133,0.96010303,0.96890163,0.9865419,0.9683823,0.971063,0.97138035,0.9761255,0.96678716,0.9721556,0.9612827,0.94870573,0.97200483,0.92507374,0.9694019,0.9625108,0.9659811,0.955333,0.970654,0.967101,0.96661514,0.96484774,0.97636247,0.9674243,0.9857674,0.97078025,0.9647245,0.9620258,0.96952474,0.9610468,0.9655134,0.97212493,0.9687268,0.96019423,0.9824927,0.96729517,0.97318447,0.95455915,0.9657303,0.9682673,0.9677237,0.96379614,0.9652029,0.9684748,0.9857674,0.9692387,0.9689196,0.9683754,0.95950997
aftermovie,0.9535426,0.9495011,0.9666491,0.959121,0.956806,0.95266426,0.964432,0.99999994,0.978256,0.95923126,0.95233506,0.9506511,0.95688826,0.9561114,0.96316534,0.9500445,0.9591918,0.9568672,0.9499001,0.9577883,0.96446127,0.9653283,0.96130157,0.96216726,0.95473677,0.85918415,0.95519465,0.9596962,0.96705174,0.9493706,0.94545895,0.96484005,0.96141374,0.9612019,0.95188016,0.9551196,0.96306646,0.95683396,0.95854324,0.96373653,0.9513981,0.96497256,0.94668055,0.9652065,0.9646484,0.96352226,0.9550926,0.9619428,0.9627353,0.9655205,0.9661088,0.9655746,0.96512586,0.9618457,0.95090634,0.9567443,0.9514325,0.9677846,0.9616567,0.96172845,0.94807,0.95335054,0.95168597,0.95232546,0.94822353,0.95671695,0.9494983,0.96240246,0.94913995,0.93965805,0.96151096,0.77864593,0.9608377,0.9502661,0.9611802,0.9553649,0.91680443,0.95903033,0.94586396,0.94795275,0.94778746,0.96073574,0.95611334,0.96407646,0.9585121,0.9568131,0.94326526,0.9637231,0.9532077,0.95082533,0.95802474,0.96151096,0.9505106,0.95679957,0.9637172,0.9580209,0.959306,0.96433884,0.96182626,0.9464469,0.9470668,0.95084834,0.9573619,0.96246624,0.95611024,0.9675207,0.96686924,0.956054,0.94733274,0.9534734,0.96414447,0.9081036,0.97014195,0.9444811,0.95961356,0.9480742,0.9568268,0.9567937,0.95895344,0.95899886,0.95252275,0.9611823,0.9657167,0.9629546,0.9574529,0.9594692,0.9497797,0.9599954,0.9623678,0.92551404,0.96373004,0.9529715,0.9649843,0.95787454,0.96498585,0.9549406,0.9553985,0.9590201,0.96176064,0.95360357,0.978256,0.9710171,0.9507937,0.9539278,0.94842535,0.967065,0.9609863,0.95527756,0.9546746,0.9448902,0.953988,0.9595588,0.9600258,0.94434017,0.9542011,0.9569397,0.9640258,0.9466347,0.98094004,0.96294683,0.978256,0.96035486,0.9690639,0.9677081,0.9621624
ahiddenlifefilm,0.9816251,0.9732254,0.9830828,0.9835322,0.98447263,0.98136,0.9857674,0.978256,0.99999964,0.9769636,0.97715175,0.9756774,0.9830243,0.9823844,0.9800827,0.9774263,0.9790856,0.9765503,0.9807117,0.9741668,0.9789792,0.98171437,0.9805676,0.98866326,0.97635335,0.87586063,0.9771787,0.981979,0.9842472,0.97877246,0.9753733,0.9803726,0.97114515,0.9747474,0.9793626,0.9682544,0.978415,0.9834973,0.9807405,0.9784664,0.97815865,0.9843885,0.97052836,0.9849338,0.98288745,0.9798235,0.9781499,0.9806628,0.97929734,0.98461133,0.98210764,0.9878467,0.9782643,0.9766349,0.9687487,0.97849905,0.9774368,0.9824404,0.98380524,0.98209643,0.9756,0.98187315,0.97865605,0.97999257,0.9744505,0.97965854,0.979159,0.97844625,0.97230804,0.9700115,0.98437965,0.79820836,0.97913086,0.9797028,0.97884387,0.9712213,0.9459745,0.9841858,0.973341,0.9796573,0.97433394,0.9780119,0.9821938,0.9813478,0.9773057,0.982246,0.9747173,0.9809973,0.973122,0.9807736,0.9779832,0.98437965,0.97618973,0.97689617,0.98171383,0.97607046,0.9817796,0.9876507,0.98038805,0.9761521,0.972229,0.9714659,0.97637904,0.982153,0.976452,0.9819837,0.9859872,0.9817763,0.9752906,0.9710563,0.98731214,0.9253417,0.9842807,0.96567154,0.9823568,0.9743718,0.9832355,0.9744391,0.9812724,0.97941697,0.9796349,0.9816009,0.98558474,0.9820927,0.978977,0.9823168,0.97538257,0.97302747,0.981614,0.93596715,0.9788117,0.9748519,0.98085433,0.970216,0.97911155,0.98227614,0.9799753,0.97837746,0.98369205,0.9762584,0.99999964,0.98065597,0.9780902,0.97792506,0.9791938,0.9799714,0.977833,0.9821763,0.98077905,0.97145265,0.9783147,0.97716576,0.9856088,0.96593934,0.9755778,0.97735655,0.97699344,0.9745227,0.9770513,0.9789162,0.99999964,0.9820068,0.9824374,0.98214006,0.9784843
alitamovie,0.95474017,0.9554996,0.9585029,0.9601129,0.96863383,0.96524537,0.9685389,0.95923126,0.9769636,1.0000004,0.95388806,0.9540955,0.95966434,0.9564059,0.9564395,0.962074,0.9629528,0.9666003,0.9597024,0.94670206,0.9586763,0.9585126,0.9669963,0.96661645,0.9602644,0.8590208,0.9582437,0.96257454,0.9634508,0.9553082,0.96003044,0.9605791,0.95637846,0.9530943,0.9555271,0.93841803,0.95317376,0.95998317,0.9567122,0.9578892,0.9518146,0.9627402,0.94947386,0.9582127,0.95761114,0.9558632,0.9643762,0.9622534,0.9582165,0.9593014,0.958415,0.96687824,0.9689133,0.95076406,0.93680835,0.96258116,0.953782,0.96031713,0.9645943,0.9632492,0.9488655,0.9612803,0.9520655,0.9559457,0.94188404,0.9604272,0.9521258,0.9586289,0.94548297,0.9511588,0.9622291,0.78151476,0.9595918,0.9583714,0.9624407,0.95453864,0.9249506,0.9599373,0.9516692,0.95665985,0.95306355,0.95762694,0.9537336,0.9564363,0.96103567,0.9617201,0.95027846,0.9676174,0.9501417,0.9562233,0.9520742,0.9622291,0.9532147,0.9523174,0.95787424,0.95520276,0.9587088,0.9691332,0.9637709,0.9541823,0.9436446,0.9545858,0.95543736,0.9568119,0.9647492,0.9568535,0.95589054,0.95781404,0.9596066,0.96067387,0.9656074,0.90442395,0.95826805,0.93960327,0.9570838,0.948239,0.95524794,0.9508651,0.95770806,0.9671701,0.9533796,0.95888543,0.96214515,0.96197724,0.95921063,0.9680266,0.95763427,0.9465829,0.9701142,0.9210486,0.9599271,0.96063966,0.9613405,0.95432585,0.96105254,0.9607784,0.95248103,0.95376307,0.9616275,0.95132434,0.9769636,0.9666754,0.9548752,0.945757,0.9489935,0.95806926,0.95100737,0.95805603,0.950125,0.94706404,0.95932406,0.95437133,0.9589004,0.95042926,0.9469677,0.9561452,0.9596958,0.9548905,0.9550185,0.9552201,0.9769636,0.9566407,0.9626381,0.96628094,0.95213115
angelhasfallen,0.96238106,0.95170313,0.96030104,0.9593759,0.96758944,0.96428007,0.96508265,0.95233506,0.97715175,0.95388806,1.0,0.9536674,0.9530857,0.9650901,0.96083385,0.94867617,0.9557571,0.96290624,0.9600628,0.9554522,0.9594929,0.9609227,0.955945,0.9654455,0.9516865,0.8454752,0.9531869,0.95435447,0.9601653,0.95527565,0.94756997,0.9635857,0.95042175,0.959442,0.9486892,0.93460935,0.957365,0.9604436,0.9553189,0.95196736,0.95209473,0.96012765,0.9452482,0.96190083,0.959052,0.96460336,0.9537876,0.95462656,0.9558238,0.9580491,0.9638437,0.9733905,0.9597766,0.9530343,0.9366819,0.9618437,0.96077645,0.96311915,0.9603345,0.960846,0.96427983,0.9671595,0.9586849,0.9644827,0.95705116,0.9628562,0.95668375,0.962718,0.9725645,0.9465022,0.9624745,0.7906181,0.9445856,0.9582743,0.94977075,0.9424992,0.9088165,0.96094394,0.9492352,0.9633047,0.96972764,0.9540548,0.96245086,0.9539416,0.94816214,0.9576061,0.9689681,0.95348936,0.94109154,0.95376647,0.95765805,0.9624745,0.96584463,0.9634082,0.96483684,0.95810026,0.9743317,0.96434456,0.95626175,0.95127165,0.95484823,0.9512535,0.9611641,0.95728797,0.9510796,0.9599254,0.96501577,0.9588587,0.9562357,0.9578353,0.9633815,0.8720661,0.9643492,0.93386716,0.96970224,0.9699022,0.9623508,0.94539607,0.96321297,0.95217955,0.9516674,0.95852166,0.96362233,0.95806336,0.94838893,0.9662747,0.9414775,0.9605099,0.96356547,0.90676755,0.9535799,0.9518793,0.96055484,0.95326954,0.9556633,0.95774126,0.95825297,0.96078867,0.9585967,0.9575733,0.97715175,0.9592849,0.96412706,0.9561638,0.95339787,0.9538231,0.9503448,0.95434225,0.9656813,0.9464491,0.9562565,0.95513743,0.96931195,0.94251245,0.9573159,0.94896555,0.9566225,0.9539547,0.95940626,0.96207386,0.97715175,0.96316063,0.95541465,0.9588012,0.95928437
angrybirdsmovie,0.959393,0.94583327,0.97135603,0.965458,0.96067226,0.9666851,0.9612896,0.9506511,0.9756774,0.9540955,0.9536674,1.0000001,0.96339065,0.9593591,0.9496497,0.9558918,0.95690495,0.94307137,0.9594374,0.9490045,0.9514534,0.9660997,0.9647788,0.96830106,0.9523718,0.8618122,0.9531943,0.95267993,0.9684978,0.96850157,0.95309293,0.9610946,0.9388793,0.9626508,0.95930016,0.9425559,0.9530563,0.9607449,0.95828784,0.95779455,0.9557849,0.9578357,0.94536626,0.951302,0.95842135,0.95149344,0.9593785,0.95659125,0.96176684,0.95398444,0.9702123,0.963314,0.95016646,0.9484632,0.9526196,0.9525882,0.9553862,0.9657477,0.9603418,0.95574534,0.9478353,0.95668375,0.95563793,0.95163673,0.95115316,0.9646451,0.9575194,0.9558962,0.9438087,0.95220256,0.9624327,0.81139535,0.95089823,0.9546154,0.95515776,0.94973385,0.93536365,0.96236014,0.9515876,0.94684476,0.9546409,0.96360034,0.9565637,0.9503535,0.96725035,0.95947576,0.95135474,0.9556451,0.9534012,0.9593479,0.961909,0.9624327,0.9523186,0.956434,0.9677649,0.9535328,0.9546412,0.9717847,0.9513837,0.9611656,0.94768965,0.95014125,0.9576271,0.9580946,0.94213873,0.96692073,0.96005213,0.95683855,0.9583511,0.96328807,0.9629932,0.90206593,0.96298486,0.94724673,0.9571695,0.9479336,0.959575,0.96463704,0.9593433,0.9589055,0.95672905,0.9612331,0.9647202,0.9619606,0.9560275,0.9531647,0.9492919,0.95670074,0.9611023,0.9152847,0.9596976,0.9483429,0.9486396,0.94995636,0.959045,0.9661049,0.9546714,0.9542162,0.9678946,0.9455404,0.9756774,0.96499056,0.96104187,0.95144856,0.9599198,0.95624244,0.9486048,0.96468997,0.9515365,0.9468899,0.947255,0.9558407,0.9570801,0.9416724,0.94999295,0.9575049,0.95091444,0.95625514,0.9640886,0.95079327,0.9756774,0.9609667,0.9551356,0.9662862,0.9648724
annabellemovie,0.9628967,0.95907575,0.9653401,0.9760005,0.9703305,0.96280134,0.97095156,0.95688826,0.9830243,0.95966434,0.9530857,0.96339065,1.0000004,0.9627387,0.95764035,0.9614267,0.9637811,0.96083176,0.9614315,0.9568238,0.9578936,0.96529573,0.966788,0.96651375,0.9516366,0.86413324,0.9620108,0.96795136,0.96579754,0.9631899,0.96697205,0.96357644,0.9489596,0.9550745,0.9725233,0.9533253,0.9566731,0.9729443,0.9692231,0.9589054,0.97088754,0.96834767,0.9623298,0.9727947,0.9614099,0.9571893,0.9690179,0.9641701,0.96579546,0.97253025,0.96636105,0.971931,0.9561527,0.9543012,0.95940655,0.9599287,0.95671874,0.96426296,0.9705414,0.9667281,0.96633357,0.9633417,0.9635928,0.9645857,0.95955056,0.9594088,0.9618143,0.9662178,0.94686913,0.95290124,0.9692726,0.788983,0.9605894,0.96260816,0.96642435,0.9566009,0.93797326,0.9698953,0.95718354,0.9618475,0.950576,0.9633677,0.9766723,0.9656695,0.9703073,0.9683985,0.9625102,0.978763,0.95992106,0.9720112,0.96627414,0.9692726,0.95470005,0.95960563,0.96291596,0.9486205,0.96029305,0.9688511,0.95899886,0.9642808,0.9523152,0.953369,0.95187336,0.96303356,0.95933044,0.96505904,0.9620688,0.9715545,0.95647186,0.9479924,0.9688052,0.91882586,0.9662404,0.9568515,0.96536833,0.951205,0.9640709,0.9600642,0.9622935,0.96107316,0.97253066,0.97037405,0.9674895,0.96479654,0.9751375,0.9728769,0.97247326,0.95817983,0.9660796,0.92252374,0.9608074,0.95271754,0.9584701,0.9503042,0.96028954,0.9641303,0.95593977,0.95392054,0.9670625,0.95581794,0.9830243,0.9598592,0.9601012,0.95733845,0.96820694,0.9645453,0.95994186,0.9690507,0.9664157,0.9606383,0.967043,0.9630671,0.968959,0.947999,0.96424764,0.9654196,0.9588953,0.95701504,0.95259786,0.96349084,0.9830243,0.96944535,0.9664843,0.9591704,0.9626115
annamovie,0.96939886,0.96465224,0.9704894,0.9640467,0.96639436,0.9629154,0.9744988,0.9561114,0.9823844,0.9564059,0.9650901,0.9593591,0.9627387,0.99999946,0.9717649,0.9614847,0.9585062,0.96345085,0.9636122,0.9646889,0.95664036,0.96792847,0.96702486,0.9720995,0.9666986,0.8542783,0.9634723,0.9621607,0.96878356,0.96706265,0.9602669,0.9634609,0.94875455,0.9511814,0.9556791,0.9478432,0.95963633,0.9697956,0.96278,0.95716125,0.9588212,0.9649638,0.9582529,0.9660765,0.969555,0.9723915,0.9618767,0.9634283,0.9617453,0.96609503,0.9637009,0.974598,0.95695174,0.95480025,0.9518264,0.9641147,0.9585018,0.96214646,0.9703247,0.9690208,0.9588048,0.9662418,0.9600554,0.9761936,0.9568472,0.9600263,0.96220654,0.9587465,0.95570755,0.94916445,0.9679509,0.77093583,0.9626977,0.9618955,0.95886517,0.95958763,0.93099844,0.9710347,0.96223754,0.9660803,0.965311,0.9593469,0.96518344,0.9633257,0.954823,0.9637764,0.9591807,0.96206516,0.9566136,0.96223634,0.9626086,0.9679509,0.961292,0.966299,0.96277094,0.96218413,0.96997285,0.96868604,0.96838987,0.9692114,0.96267384,0.9599967,0.9635874,0.96271515,0.9705577,0.9639464,0.9639098,0.9634237,0.95934474,0.9557829,0.9701843,0.90154195,0.9687913,0.9456871,0.96355456,0.9593466,0.97270334,0.95535266,0.96436924,0.9665929,0.95817757,0.96084005,0.9697751,0.97013706,0.9657098,0.9683893,0.9552561,0.95355713,0.9624209,0.91161424,0.9590868,0.9612851,0.95707893,0.95099604,0.95968914,0.96719295,0.9649439,0.9630655,0.9722445,0.96613985,0.9823844,0.96432734,0.964728,0.9634513,0.96239966,0.9663714,0.96440727,0.9602124,0.9677328,0.95513195,0.9651424,0.96622986,0.9692444,0.94559103,0.96101725,0.95846426,0.9623871,0.9627747,0.9606702,0.9573682,0.9823844,0.96976364,0.9612521,0.96390057,0.9578279
apollo11movie,0.9592758,0.9517507,0.961429,0.9612822,0.9705397,0.9554462,0.9682221,0.96316534,0.9800827,0.9564395,0.96083385,0.9496497,0.95764035,0.9717649,0.9999997,0.95660233,0.9605595,0.9592641,0.9569297,0.9747078,0.9642409,0.9577522,0.96146303,0.9665194,0.9667675,0.86233765,0.95815027,0.9638643,0.9701535,0.9607568,0.94996107,0.9632363,0.9523287,0.9540858,0.9529328,0.9373837,0.96190244,0.9686561,0.96183604,0.95957696,0.9559163,0.9615428,0.9426503,0.9643611,0.96874243,0.9623132,0.95554155,0.9578058,0.966304,0.96074736,0.96755576,0.9723447,0.9630563,0.96683306,0.94245183,0.9691536,0.95707,0.96601665,0.96262157,0.96950054,0.956587,0.97222525,0.9581022,0.96774626,0.9554571,0.95492435,0.9596524,0.9671375,0.9692406,0.94758993,0.9713569,0.78197116,0.9615734,0.96418124,0.9546766,0.95296264,0.91635454,0.961672,0.9585133,0.9654339,0.9628886,0.9597064,0.9606317,0.9652852,0.95261836,0.96066135,0.9608403,0.96219736,0.96065587,0.95864886,0.9604184,0.9713569,0.9613094,0.96351385,0.9647611,0.98035806,0.96885324,0.9653245,0.96952343,0.9537686,0.9485395,0.95916706,0.9533759,0.96832955,0.9549039,0.9698985,0.9722628,0.96401685,0.955696,0.9531416,0.9679933,0.90660685,0.9737401,0.9367473,0.96455246,0.96182007,0.9671153,0.9449867,0.9694913,0.9622417,0.95857245,0.96122617,0.9634659,0.95878947,0.96244574,0.9599669,0.9443356,0.9582937,0.95746857,0.90314466,0.9559261,0.96389073,0.9639057,0.9535559,0.9709469,0.963762,0.9600916,0.9668017,0.9689557,0.9557861,0.9800827,0.96109027,0.95759505,0.9695462,0.96268284,0.9632674,0.95891327,0.95510924,0.9695441,0.95161575,0.96457535,0.94917804,0.9695255,0.9424846,0.9561701,0.95986813,0.96269995,0.96361506,0.96499956,0.9620875,0.9800827,0.972317,0.965392,0.9717185,0.96097666
arcticdogsmovie,0.95757264,0.96633404,0.96420217,0.9677581,0.9671014,0.9608681,0.9653304,0.9500445,0.9774263,0.962074,0.94867617,0.9558918,0.9614267,0.9614847,0.95660233,0.9999999,0.9614517,0.95961976,0.96571434,0.95450413,0.9605647,0.9620037,0.9541598,0.9654827,0.96395415,0.86465114,0.95518297,0.9657588,0.9683761,0.9584521,0.9561025,0.9556538,0.94424236,0.95835876,0.95185363,0.94616586,0.958,0.96632653,0.9637056,0.96147734,0.9628797,0.9690119,0.9586524,0.96170986,0.9627932,0.9559887,0.9502752,0.9656727,0.9628593,0.9637305,0.960378,0.96946067,0.9543098,0.9486037,0.94974035,0.95193726,0.9629913,0.9633667,0.96344376,0.9588256,0.9596299,0.9626153,0.95821697,0.96722573,0.950235,0.96131414,0.9692919,0.9554801,0.9414369,0.9565464,0.9617505,0.7765776,0.95754534,0.96353716,0.95805556,0.9560699,0.9331408,0.9606591,0.9519766,0.96039176,0.9450891,0.95308816,0.96005213,0.9619299,0.95697325,0.9633299,0.9600341,0.95821065,0.9575966,0.96247286,0.95096934,0.9617505,0.95473194,0.960662,0.964917,0.95536125,0.955462,0.9626651,0.96567726,0.94812274,0.95492595,0.95421106,0.9537168,0.96714026,0.9589618,0.95829356,0.9615006,0.9741029,0.96964794,0.9609905,0.96138537,0.91219103,0.96184784,0.94167614,0.9646793,0.94853383,0.9610616,0.95611495,0.9556035,0.9647981,0.9623012,0.9696042,0.97296834,0.9655338,0.9539667,0.95710665,0.95646024,0.95400006,0.9678914,0.92601633,0.9521783,0.9506987,0.965692,0.94932103,0.9604135,0.9623768,0.95901525,0.9522955,0.9586003,0.96509755,0.9774263,0.959864,0.9548539,0.954884,0.96187896,0.952593,0.954843,0.95749325,0.9594858,0.9531797,0.9617416,0.96395147,0.96496886,0.9489137,0.9543398,0.955216,0.9508369,0.95725244,0.9570717,0.9655956,0.9774263,0.9617022,0.9605947,0.9628279,0.9597577
arcticmovie,0.95868206,0.9543504,0.9628836,0.97039646,0.96251094,0.95615387,0.96547675,0.9591918,0.9790856,0.9629528,0.9557571,0.95690495,0.9637811,0.9585062,0.9605595,0.9614517,0.99999994,0.9594778,0.9568786,0.9479633,0.9713912,0.9581776,0.9591517,0.9658951,0.96133095,0.86943734,0.9598244,0.96456325,0.9614037,0.9633843,0.9514326,0.9670281,0.9514493,0.9504349,0.9617661,0.94161344,0.95654786,0.9641484,0.9595606,0.9597371,0.9570408,0.9682318,0.9525409,0.9669297,0.9686845,0.9563881,0.95587206,0.9619493,0.95589185,0.9679566,0.9601817,0.9652718,0.94721234,0.9548254,0.9455709,0.95917594,0.95815927,0.9572859,0.9631721,0.9696863,0.9618228,0.96726453,0.95737237,0.96507525,0.9498415,0.96296287,0.9639954,0.9554313,0.95938855,0.9453146,0.9664888,0.7889426,0.95163506,0.95678014,0.9636791,0.95959014,0.9281696,0.9590292,0.94980913,0.962141,0.94659585,0.9583745,0.96636784,0.9664364,0.9627158,0.9675588,0.9538349,0.95391786,0.9510806,0.9586803,0.9549601,0.9664888,0.95702654,0.9614863,0.9586836,0.9542676,0.95941204,0.96167034,0.969159,0.95378083,0.9463993,0.9475261,0.9536136,0.9620945,0.9590852,0.95763975,0.97035486,0.9730897,0.9632285,0.9577126,0.9629621,0.9164078,0.959168,0.9457433,0.96772987,0.9473087,0.95691395,0.9555205,0.96458966,0.96860296,0.9623114,0.9653511,0.9633113,0.96098834,0.95774645,0.9589157,0.9476435,0.95635486,0.9665487,0.91601056,0.96439373,0.9575619,0.9799545,0.9584142,0.95284045,0.9665824,0.95543754,0.95275795,0.96312505,0.952747,0.9790856,0.96078914,0.9602656,0.9603128,0.95981055,0.95905656,0.9556789,0.9674622,0.96728134,0.9524127,0.96057296,0.9512712,0.96232957,0.9441423,0.9581322,0.9657357,0.9547405,0.95718336,0.956846,0.96823937,0.9790856,0.9619436,0.9748444,0.9581101,0.9560743
artofracingmovie,0.9609498,0.95822257,0.9586658,0.9544785,0.9762715,0.955655,0.9679859,0.9568672,0.9765503,0.9666003,0.96290624,0.94307137,0.96083176,0.96345085,0.9592641,0.95961976,0.9594778,1.0000001,0.9580595,0.9496832,0.96069086,0.96203434,0.95363,0.96300286,0.9503469,0.8476533,0.96396726,0.9609718,0.96171325,0.9576223,0.95898,0.9640017,0.95077133,0.95632446,0.9475154,0.9457386,0.95335495,0.9646531,0.9596337,0.94691545,0.957997,0.9652405,0.9543136,0.9607253,0.9542435,0.9605964,0.95028937,0.95915616,0.96201545,0.9644474,0.95921713,0.9657183,0.963489,0.9468456,0.94461685,0.9712275,0.9556515,0.95969224,0.9570108,0.959977,0.9570335,0.9582493,0.95355606,0.9610561,0.9451587,0.9596734,0.9543161,0.9547495,0.9478459,0.94523937,0.9580161,0.76970196,0.95963544,0.96011716,0.95738834,0.9530813,0.91566443,0.9628153,0.94879824,0.9521939,0.9515744,0.9551085,0.9638609,0.9618977,0.94765925,0.9599715,0.95981014,0.96392554,0.93940973,0.95904803,0.9533546,0.9580161,0.95545197,0.9592556,0.962389,0.95450187,0.9674351,0.95674247,0.9689132,0.94577974,0.951997,0.95769733,0.9453562,0.9584549,0.9546599,0.9547898,0.9564771,0.96120834,0.9521269,0.9477463,0.9605652,0.9018303,0.96200514,0.93858457,0.964753,0.95195633,0.96247274,0.9489784,0.9547065,0.9645338,0.95839137,0.95769596,0.9695474,0.96727085,0.9537161,0.9683706,0.9580133,0.9466529,0.96639544,0.92736727,0.95541465,0.9559913,0.95280755,0.9461226,0.96055007,0.95772827,0.9507323,0.949945,0.9544723,0.96701634,0.9765503,0.9630992,0.96198314,0.947145,0.96343577,0.94984823,0.95066565,0.95529115,0.9573867,0.94591504,0.9591945,0.95637804,0.9670369,0.9472413,0.9532493,0.95386624,0.954435,0.94728947,0.95802635,0.966224,0.9765503,0.96076876,0.964007,0.95950526,0.95485723
avengers,0.9734102,0.9577536,0.9652099,0.9669768,0.96763176,0.9729201,0.9681566,0.9499001,0.9807117,0.9597024,0.9600628,0.9594374,0.9614315,0.9636122,0.9569297,0.96571434,0.9568786,0.9580595,1.0000005,0.95477533,0.95313966,0.9652038,0.9627872,0.9739624,0.9648607,0.8553391,0.9540769,0.9626507,0.96661544,0.9617318,0.97563016,0.9650584,0.9479692,0.95626295,0.9579676,0.95032007,0.96418446,0.9636278,0.9660233,0.96094465,0.95936114,0.9629738,0.95335865,0.9593524,0.9621011,0.95697427,0.9618222,0.96171784,0.96463734,0.9615241,0.9662686,0.97351885,0.96016794,0.949225,0.954301,0.96264136,0.96346986,0.9639751,0.96492773,0.95166826,0.95371586,0.9624,0.9640779,0.96123886,0.9660211,0.9638797,0.96924025,0.96234083,0.9516672,0.9557387,0.95845664,0.7737741,0.96804225,0.9667885,0.9578769,0.94495046,0.9248597,0.9675811,0.95949745,0.9631698,0.9561439,0.9587537,0.96762127,0.96421576,0.9604915,0.96774554,0.95886314,0.96477693,0.9471007,0.9667087,0.95379204,0.95845664,0.9522944,0.96683145,0.9696152,0.9575012,0.96170217,0.96843,0.964211,0.96083516,0.9611407,0.9574035,0.9636449,0.95770437,0.9607542,0.96706796,0.9646321,0.96072996,0.9655165,0.9537292,0.96993464,0.9001905,0.9569374,0.9455399,0.9597602,0.95580035,0.96607244,0.95818985,0.9656013,0.9659171,0.9612961,0.9588098,0.9716852,0.9701606,0.9522152,0.96216923,0.96261185,0.95584995,0.9669948,0.93864,0.9503896,0.9494439,0.9603398,0.94818,0.9572938,0.9664666,0.96264917,0.9593918,0.95970553,0.9675317,0.9807117,0.96336585,0.9605633,0.9585382,0.97201854,0.9600616,0.9564523,0.9621145,0.95964676,0.964045,0.96025604,0.96676725,0.971787,0.9561104,0.9489158,0.95120925,0.9593084,0.9527688,0.950099,0.9542031,0.9807117,0.9611095,0.95952445,0.9691168,0.9562129
beachbummovie,0.9539969,0.9454685,0.966686,0.95757717,0.9635134,0.9570598,0.9606502,0.9577883,0.9741668,0.94670206,0.9554522,0.9490045,0.9568238,0.9646889,0.9747078,0.95450413,0.9479633,0.9496832,0.95477533,0.99999976,0.9485567,0.96772563,0.9565655,0.95888865,0.95317763,0.8539365,0.94673973,0.9596135,0.9629254,0.9535857,0.95578647,0.95657545,0.94916445,0.9434878,0.9551184,0.93815285,0.9619097,0.959149,0.9520508,0.9542479,0.95386285,0.96027434,0.94722927,0.9574222,0.9622262,0.9618658,0.95265394,0.95835876,0.95632696,0.9567724,0.9574721,0.97055924,0.9586066,0.95045596,0.94646025,0.9511845,0.9444353,0.95970124,0.96120375,0.960138,0.9460246,0.958995,0.95777375,0.96053153,0.950432,0.95505565,0.9602781,0.96483415,0.95458,0.95092374,0.9616554,0.76821005,0.9517092,0.96139014,0.9507523,0.94171566,0.91930866,0.95595217,0.9567494,0.96100944,0.94647,0.95467126,0.9547429,0.9564954,0.9492098,0.95786303,0.95934314,0.95531815,0.9542865,0.96033525,0.9566063,0.9616554,0.94896185,0.95798475,0.95886195,0.9660925,0.96382207,0.9683138,0.9543144,0.9491678,0.950608,0.96625936,0.95211405,0.95693874,0.95174205,0.9581009,0.9650994,0.95439273,0.9427661,0.95332646,0.96194977,0.8978515,0.9602161,0.9343201,0.9470984,0.95014125,0.96151215,0.94682056,0.9616533,0.9533156,0.9558446,0.9544535,0.9578836,0.95415074,0.95622957,0.9598196,0.94686216,0.94763714,0.963677,0.9166178,0.9437726,0.9537719,0.9479774,0.9337876,0.95559174,0.95760316,0.9440716,0.9563134,0.96205467,0.9601682,0.9741668,0.9534714,0.9538406,0.95924675,0.9513059,0.9534225,0.9533332,0.956911,0.9603862,0.9391426,0.9512803,0.95463246,0.96440434,0.9400063,0.96198833,0.94249266,0.9559126,0.958288,0.9523391,0.94749624,0.9741668,0.9618862,0.95601267,0.96430385,0.9519668
bernadettefilm,0.9607641,0.95769346,0.95902437,0.96342206,0.9684472,0.9542704,0.96684057,0.96446127,0.9789792,0.9586763,0.9594929,0.9514534,0.9578936,0.95664036,0.9642409,0.9605647,0.9713912,0.96069086,0.95313966,0.9485567,1.0000001,0.95372206,0.9533074,0.9704728,0.96520835,0.87320864,0.9517464,0.961951,0.9625177,0.9629937,0.9519255,0.9679557,0.9538164,0.95733064,0.95360774,0.94222224,0.95831704,0.9620236,0.95344305,0.9636543,0.9574067,0.96932346,0.9514569,0.96621585,0.96650887,0.94813675,0.95188284,0.9585967,0.95752573,0.96816,0.9606871,0.97100353,0.9566445,0.9637359,0.9385122,0.96039206,0.96276957,0.9591368,0.967055,0.97000283,0.9634018,0.9635712,0.9561005,0.9600518,0.9574312,0.95680153,0.9522653,0.96360034,0.9632934,0.9440208,0.9709747,0.8010479,0.95857865,0.9609828,0.95769334,0.9521648,0.9217968,0.9584586,0.95180464,0.9642837,0.9555565,0.9539435,0.96647877,0.9623617,0.96158904,0.9542557,0.94827604,0.955862,0.9529369,0.9545132,0.9535441,0.9709747,0.9541591,0.9462805,0.9588698,0.958988,0.9570133,0.96454823,0.9681003,0.9461406,0.94524676,0.9454202,0.94932306,0.97334594,0.95635617,0.9551579,0.9681611,0.96659166,0.9614015,0.9635226,0.9665176,0.9072677,0.9677815,0.9424521,0.97168595,0.95838946,0.9680807,0.9507056,0.9618078,0.96255356,0.9561451,0.9657279,0.9633145,0.95956916,0.95537657,0.9600168,0.9518579,0.96105933,0.9581986,0.90876794,0.9797434,0.96149874,0.9709019,0.9573453,0.9643658,0.9681719,0.9639554,0.959698,0.9665106,0.9486242,0.9789792,0.9678448,0.9487343,0.9622662,0.95916665,0.9599004,0.9555822,0.9580667,0.9643184,0.9529215,0.962172,0.95287454,0.9660576,0.9502494,0.9579881,0.9637605,0.96084344,0.96047044,0.96061623,0.96725893,0.9789792,0.96601284,0.9665546,0.9596144,0.96362406
