movie,21bridgesmovie,47metersdown,abeautifuldaymovie,abominablemovie,adastramovie,adogsjourneymovie,aftermathmovie,aftermovie,ahiddenlifefilm,alitamovie,angelhasfallen,angrybirdsmovie,annabellemovie,annamovie,apollo11movie,arcticdogsmovie,arcticmovie,artofracingmovie,avengers,beachbummovie,bernadettefilm,blackandbluemovie,blackchristmas,blindedbythelightmovie,bombshellmovie,booksmart,breakthroughmovie,brianbanksmovie,brightburnmovie,brittanyrunsmov,captainmarvelofficial,captivestatemovie,catsmovie,charliesangels,childsplaymovie,clarathefilm,coldpursuitmovie,countdown,currentwarmovie,darkwatersmovie,detectivepikachumovie,disneyaladdin,disneyfrozen,disneymaleficent,doctorsleepmovie,dolemiteismyname,dontletgomovie,doramovie,downtonabbey_official,dumbo,escaperoom,everybodyknowsmovie,fastandfuriousmovie,fightingwmyfam,fivefeetapartfilm,fordvferrari,freaksthefilm,geminimanmovie,glassmovie,gloriabellmovie,godzillamovie,goldfinchmovie,goodboysmovie,goodliarmovie,gretafilm,halathemovie,happydeathdaymovie,harrietfilm,hellboymovie,hersmellmovie,highlifemovie,highstrungmovie,honeyboymovie,hotelmumbaifilm,httydragon,hustlemovie,hustlersmovie,isntitromantic,itmovieofficial,jayandsilentbob,johnwickmovie,jojorabbitmovie,jokermovie,judythefilm,jumanjimovie,justmercyfilm,knivesout,lalloronamovie,lastblackmansf,lastchristmasthemovie,latenightmovie,lighthousemovie,lionking,littlethemovie,littlewomenmovie,littlewoodsfilm,longshotmovie,lordsofchaosmovie,lucyintheskyfilm,mamovie2019,marriagestory,meettheaddams,meninblack,midsommarmovie,midwaymovie,missbalamovie,missinglinkfilm,motherlessbklyn,onceinhollywood,onthebasisofsex,overcomermovie,peanutbutterfalcon,petsematarymovie,piercingmovie,playingwithfire,playmobilthemovie,pomsmovie,queenandslim,rambomovie,readyornotfilm,richardjewellfilm,rocketmanmovie,scarystoriesmovie,secretlifeofpets,serenityfilm,shaftmovie,shazammovie,spidermanmovie,spiesindisguise,starwars,stormboymovie,stubermovie,taosdfilm,teenspiritmov,terminator,theaeronautsmov,thebestofenemies,thedeaddontdie,thefarewell,thehighwaymen,thehummingbirdprojectfilm,theintrudermovie,theirishmanfilm,thekitchenmovie,thelegomovie,themustangfilm,thenightingalefilm,theprodigymovie,thesunisalsoastar,theupsidefilm,tolkienmovie,toystory,triplefrontier,uglydolls,uncutgems,underthesilverlake,usmovie,wavesmovie,whatmenwant,wonderparkmovie,wrinklestheclown,xmenmovies,yardiefilm,yesterdaymovie,zombieland
21bridgesmovie,0.9999997,0.95230955,0.9572095,0.95694494,0.9570107,0.9527679,0.96147585,0.9586283,0.9777706,0.9537971,0.95914733,0.96053654,0.95653844,0.9559383,0.95832336,0.9597949,0.9620019,0.96168876,0.96720845,0.9526346,0.9568317,0.9599713,0.95924795,0.9585145,0.9485284,0.9073775,0.9628732,0.9633407,0.95326674,0.95728135,0.95353246,0.9527677,0.95235485,0.9509645,0.9423746,0.93291783,0.95135325,0.9679991,0.95439005,0.95170176,0.94687015,0.95689404,0.9439539,0.9500559,0.95727134,0.9593966,0.9568612,0.9538967,0.9503343,0.9526951,0.9635072,0.9566335,0.9518726,0.9470309,0.95121807,0.95269847,0.9532812,0.9588791,0.9611804,0.95520407,0.95126665,0.9582577,0.9563243,0.9470461,0.95098543,0.9502377,0.9543417,0.9551805,0.9581381,0.9492511,0.959735,0.8376442,0.94728464,0.9601034,0.9514902,0.9432154,0.92477965,0.9547093,0.9593742,0.950443,0.96025515,0.9551831,0.95078135,0.93545955,0.9536747,0.9586741,0.95379287,0.95746595,0.9528108,0.95902,0.9506715,0.959735,0.94765013,0.9486263,0.9483518,0.9571475,0.9625184,0.9545755,0.95271707,0.9489584,0.9483586,0.94515055,0.9551698,0.9465018,0.9588281,0.9631052,0.9572527,0.9534796,0.9545116,0.95335275,0.96116614,0.8778379,0.9511266,0.9203204,0.9605296,0.9740025,0.98755974,0.95204264,0.965656,0.9522212,0.9477081,0.95267564,0.95184714,0.95610046,0.95147413,0.96013194,0.95393276,0.9505143,0.95313334,0.92759,0.9570212,0.9546719,0.96382195,0.94660443,0.9565072,0.9610122,0.9693634,0.9560691,0.96014905,0.9562871,0.9777706,0.9596793,0.9544038,0.9488252,0.9426573,0.9562917,0.95647824,0.9443375,0.9509745,0.9663058,0.9626609,0.95187247,0.9516808,0.9657178,0.94482434,0.95922047,0.9544558,0.9574452,0.95288694,0.94984525,0.9777706,0.9598579,0.9606627,0.9550407,0.960656
47metersdown,0.95230955,0.9999996,0.95115983,0.95000726,0.9528826,0.95426935,0.9605498,0.9474447,0.9719751,0.9481355,0.9522289,0.9501331,0.95182675,0.94615835,0.956679,0.96142644,0.9525083,0.9570858,0.9475379,0.9415921,0.95319986,0.9509613,0.95908743,0.9513649,0.9448032,0.89451927,0.94349784,0.951443,0.9496758,0.9504736,0.9541628,0.94836867,0.9511468,0.9537918,0.9431522,0.9238815,0.9549729,0.9553097,0.9431975,0.94949615,0.9531714,0.9519605,0.9495056,0.9500929,0.95761055,0.94432175,0.9584993,0.95159614,0.9392892,0.94923717,0.9535931,0.95165646,0.95135635,0.94063485,0.9385775,0.9513571,0.95782167,0.9601705,0.95841545,0.95579934,0.94647,0.9559688,0.95360535,0.94811845,0.95218396,0.9524028,0.94507,0.94022775,0.9509933,0.9307387,0.9643283,0.80740297,0.9389554,0.9515517,0.94988596,0.94037265,0.91709906,0.9484704,0.95763564,0.9412534,0.9497021,0.9436455,0.95736825,0.9376736,0.95813274,0.9549706,0.94951075,0.9501205,0.9538051,0.9539782,0.9484725,0.9643283,0.94229835,0.9443212,0.9489614,0.9591497,0.9526104,0.9423428,0.9527766,0.9474206,0.94150674,0.94784945,0.94710815,0.95468116,0.94574726,0.9504621,0.9519458,0.9520215,0.94845724,0.94517195,0.9447027,0.87923527,0.9554732,0.9256232,0.9416381,0.94928026,0.9585436,0.94264054,0.9572801,0.9564999,0.9498703,0.9573933,0.9461164,0.95423895,0.9462567,0.9503211,0.94961745,0.9411769,0.95605534,0.9226951,0.9610763,0.94316506,0.95873433,0.9432398,0.95556575,0.9530422,0.9429539,0.951599,0.96528244,0.93880427,0.9719751,0.9523851,0.94440866,0.9433865,0.94663364,0.9568949,0.95933276,0.9461206,0.95251083,0.94797856,0.94836605,0.9524472,0.94640917,0.9310526,0.9569622,0.95977306,0.94881666,0.9598181,0.950897,0.94510216,0.9719751,0.9504119,0.9568524,0.95509064,0.945945
abeautifuldaymovie,0.9572095,0.95115983,1.0000002,0.9652209,0.95496583,0.9559522,0.9586037,0.9492363,0.978393,0.95491374,0.9519051,0.9640614,0.95828354,0.9645169,0.9673906,0.9521475,0.9555169,0.955273,0.9409525,0.9561348,0.956574,0.97012365,0.9563619,0.96436393,0.9544562,0.88151556,0.9573429,0.9570714,0.97840774,0.95567906,0.94661474,0.9588445,0.95119923,0.95806754,0.9440247,0.935565,0.95171726,0.9504682,0.9558683,0.9552096,0.9542596,0.96250325,0.9482106,0.95651174,0.95167786,0.95475125,0.9531748,0.94542944,0.9523203,0.9570042,0.97995836,0.9624809,0.9499571,0.95159197,0.95108175,0.9538964,0.956506,0.95671064,0.9597396,0.95934707,0.948192,0.95797616,0.95447713,0.9518233,0.96316296,0.9516832,0.9467861,0.9505783,0.9529112,0.9465674,0.957321,0.80066746,0.9472928,0.9567404,0.95842725,0.9460116,0.93325365,0.94944745,0.9519187,0.94691867,0.9535567,0.9475322,0.960696,0.9460619,0.96771973,0.9460279,0.9528951,0.953584,0.9551241,0.9659995,0.94857675,0.957321,0.9527077,0.94848806,0.9711754,0.96370167,0.9487667,0.95191276,0.9527575,0.9584329,0.95319676,0.9600632,0.9643521,0.961415,0.9542377,0.9758816,0.962908,0.9619647,0.9661816,0.9587003,0.95735985,0.8862544,0.9479542,0.92471254,0.9598899,0.9523546,0.9604052,0.9560924,0.9655487,0.95373875,0.94634145,0.9609459,0.9592449,0.9564315,0.95995885,0.9602794,0.9534673,0.96640056,0.9584452,0.9252618,0.95474297,0.9533659,0.9616569,0.9522747,0.95039225,0.95353115,0.9497248,0.95486724,0.960216,0.9500526,0.978393,0.97831255,0.9542015,0.9548851,0.95396507,0.956401,0.94885015,0.9546672,0.9576272,0.9476227,0.95424694,0.9801554,0.9529629,0.9434957,0.9507339,0.95390856,0.94734174,0.95250297,0.9467581,0.9488516,0.978393,0.95154846,0.96341914,0.9578133,0.9689083
abominablemovie,0.95694494,0.95000726,0.9652209,1.0000002,0.95426285,0.9577802,0.95921475,0.9594829,0.9788413,0.9529801,0.9596441,0.9556893,0.96155775,0.9643973,0.96153575,0.9560214,0.95414007,0.9512549,0.9473683,0.94444364,0.94749725,0.9582531,0.95785356,0.96027225,0.94437474,0.88060945,0.95355475,0.9576747,0.95730144,0.94882077,0.94857764,0.94553274,0.95828426,0.95383036,0.9564857,0.9497322,0.95447135,0.9630812,0.95835793,0.95244133,0.9532752,0.9506435,0.9411936,0.94430435,0.95674443,0.9573028,0.9534356,0.94615203,0.9517151,0.945723,0.96349627,0.953784,0.95209193,0.950292,0.9476654,0.95240754,0.95731467,0.9513326,0.96658194,0.9597908,0.9471718,0.961455,0.95408165,0.95834243,0.9593693,0.9519086,0.94337755,0.9351742,0.9559503,0.95389414,0.96535236,0.8109307,0.95029455,0.94941926,0.9631848,0.95363694,0.92765397,0.95859265,0.9490198,0.94229764,0.9581383,0.9577706,0.96089303,0.9543365,0.96075654,0.94490784,0.95787674,0.95465934,0.96404076,0.96546495,0.95360327,0.96535236,0.9548037,0.95774233,0.955173,0.96804357,0.95072156,0.950008,0.9522596,0.953135,0.9517033,0.9480654,0.9548678,0.95505345,0.9572065,0.9610354,0.95078075,0.9581998,0.9595992,0.94514346,0.9559117,0.8862619,0.9467321,0.93378335,0.95561224,0.9611117,0.9645332,0.95152426,0.9647096,0.95687234,0.94644815,0.9540979,0.94796866,0.95797825,0.9579953,0.9605898,0.951757,0.9592892,0.95583034,0.92970544,0.9513367,0.949373,0.95679635,0.94654745,0.9511952,0.95409733,0.9492704,0.952032,0.9639074,0.95203066,0.9788413,0.96154934,0.9502321,0.9522024,0.9515135,0.9547686,0.9547241,0.9590152,0.96010005,0.94616616,0.95462346,0.95608824,0.9533021,0.9411755,0.9477499,0.95294726,0.94906884,0.9598886,0.9502073,0.9451806,0.9788413,0.95857084,0.9608612,0.9596869,0.96013165
adastramovie,0.9570107,0.9528826,0.95496583,0.95426285,0.99999994,0.9601631,0.95689756,0.9487035,0.97710985,0.96896654,0.9557016,0.9568021,0.95463204,0.96182054,0.9628782,0.96595883,0.96289885,0.97712266,0.94784945,0.95616657,0.95392936,0.9566215,0.96118313,0.9542593,0.94289625,0.892636,0.96800756,0.9635118,0.9539607,0.95726085,0.9573178,0.9476733,0.94889617,0.9464156,0.9383627,0.93926424,0.95724696,0.95447487,0.9505902,0.9510883,0.95107883,0.9562098,0.9526013,0.95321214,0.95817083,0.95800346,0.95950377,0.9479628,0.9421696,0.95607305,0.96029735,0.94926864,0.95386684,0.9530503,0.9460214,0.9659775,0.95693,0.9605522,0.96442735,0.9576834,0.94902927,0.9571306,0.9544834,0.95429116,0.95156085,0.9535671,0.9482331,0.94711864,0.95234865,0.95045805,0.95831865,0.8100353,0.9417123,0.96221423,0.95197546,0.9473758,0.91480184,0.9569741,0.96361285,0.9517417,0.95432353,0.94778126,0.96004397,0.94056493,0.9485382,0.9538833,0.9444391,0.95828235,0.9548984,0.9629545,0.94583863,0.95831865,0.9420967,0.95114166,0.94979674,0.9601615,0.9488834,0.9509394,0.94677454,0.9563081,0.9568663,0.9528686,0.9580482,0.94875866,0.95743215,0.95913666,0.9463529,0.9609779,0.9537713,0.95304894,0.96034837,0.88183534,0.9488027,0.9408418,0.95109564,0.9545668,0.96432185,0.95507467,0.9669905,0.94587505,0.95205754,0.95370024,0.9475643,0.9603349,0.9583116,0.95736307,0.95210195,0.9509321,0.97216076,0.9368607,0.9478417,0.96940845,0.9662279,0.9491615,0.95338,0.9549002,0.9503986,0.9500047,0.9575609,0.95739233,0.97710985,0.9615158,0.9516004,0.9580926,0.94716096,0.9470762,0.9583201,0.94381106,0.95430344,0.9526574,0.9551729,0.9565191,0.95689034,0.9384176,0.94850445,0.9575124,0.953139,0.9523093,0.9458003,0.947432,0.97710985,0.9580975,0.9595469,0.9545173,0.9584007
adogsjourneymovie,0.9527679,0.95426935,0.9559522,0.9577802,0.9601631,1.0000002,0.95366764,0.9469254,0.97530663,0.95348376,0.9596394,0.9612042,0.9581377,0.9575524,0.9620381,0.962048,0.9553079,0.94911313,0.9475683,0.94519955,0.9523306,0.9523027,0.9628836,0.95241976,0.9353107,0.881116,0.9498761,0.9546499,0.95265466,0.9530352,0.9510012,0.94912195,0.9629009,0.94369256,0.93803346,0.9230663,0.9547108,0.9601355,0.95157754,0.95938545,0.95670885,0.95364994,0.9509926,0.9453538,0.95348686,0.9469823,0.9582922,0.9534431,0.94843006,0.950315,0.9608884,0.95299417,0.9554222,0.95005935,0.95247036,0.94849086,0.95725006,0.9560231,0.95540476,0.9492803,0.94697666,0.95580447,0.95428777,0.95682067,0.95610386,0.9535457,0.9423542,0.94758284,0.9578202,0.9428503,0.94984084,0.8224066,0.94445986,0.94975567,0.95473516,0.9531042,0.9215145,0.9542991,0.95433307,0.955447,0.95838356,0.947536,0.9610199,0.94734657,0.9554784,0.9491529,0.9541776,0.95705926,0.95370615,0.9644835,0.9554862,0.94984084,0.949081,0.95900273,0.9500268,0.9605148,0.9538781,0.957482,0.9456733,0.95010316,0.94939095,0.94874585,0.963807,0.9509163,0.9557269,0.9615461,0.9553531,0.9567262,0.9538809,0.9457177,0.9575759,0.88436204,0.94597393,0.9193051,0.9547461,0.95663196,0.95663214,0.95517206,0.96537894,0.9536922,0.9511243,0.95657295,0.9549684,0.97283936,0.95326996,0.957647,0.95761013,0.95274013,0.9566565,0.93688685,0.952399,0.9535584,0.9540365,0.9430242,0.9508974,0.95370185,0.94517374,0.94961065,0.9530633,0.94277537,0.97530663,0.9587151,0.94952697,0.95293796,0.9496683,0.95426995,0.9496446,0.9455982,0.95269614,0.9470646,0.9494912,0.9580011,0.95311785,0.9324284,0.9528553,0.9481404,0.9582303,0.9540665,0.9519892,0.9446197,0.97530663,0.9569018,0.9621666,0.96336806,0.95476997
aftermathmovie,0.96147585,0.9605498,0.9586037,0.95921475,0.95689756,0.95366764,0.9999997,0.95206803,0.9801348,0.9549014,0.9556755,0.9572021,0.9614606,0.9616758,0.96654916,0.9616403,0.9604442,0.95473135,0.9566213,0.9501399,0.94871336,0.95539397,0.9637528,0.95832485,0.9495765,0.8885962,0.9533339,0.9617494,0.9554328,0.95617086,0.95188105,0.9560567,0.9544999,0.95799744,0.9530746,0.9395519,0.95763165,0.96546257,0.9482642,0.95394087,0.96009225,0.9591783,0.9454602,0.9511676,0.9674152,0.952774,0.9637458,0.9496729,0.9535911,0.9542955,0.9584866,0.9627196,0.94907814,0.95373935,0.95235413,0.95345557,0.96025383,0.96793616,0.96159726,0.95885384,0.95190996,0.9541346,0.9592078,0.95454186,0.9547676,0.95858526,0.9534479,0.9534921,0.95898014,0.9445993,0.9615125,0.8173096,0.949909,0.95965326,0.9575886,0.9469305,0.9383207,0.95765233,0.95826435,0.94597363,0.95375586,0.97364205,0.9583667,0.95071244,0.9604902,0.95230615,0.9518959,0.9563327,0.9575833,0.963971,0.9580372,0.9615125,0.9488948,0.9564341,0.9533915,0.9607116,0.9521573,0.949975,0.972209,0.954537,0.9516335,0.9508259,0.9535332,0.9522342,0.9586699,0.9552284,0.96069515,0.96005327,0.955652,0.952881,0.9565862,0.8881327,0.96354103,0.93374336,0.96032846,0.95924973,0.965821,0.95344836,0.96601784,0.9866511,0.9568555,0.9566522,0.9590908,0.9601826,0.95336777,0.95042753,0.9576154,0.94914836,0.9587702,0.9304562,0.95278656,0.9534303,0.9674867,0.95542717,0.96258295,0.9567671,0.95401907,0.95473516,0.9633082,0.9537242,0.9801348,0.9547042,0.9513652,0.9547904,0.9560692,0.9576916,0.9596857,0.9576755,0.9586946,0.952034,0.9778168,0.9599042,0.9599718,0.9509917,0.9490986,0.96070105,0.95339775,0.9524727,0.96053755,0.9615968,0.9801348,0.95918655,0.9620422,0.96221775,0.9530014
aftermovie,0.9586283,0.9474447,0.9492363,0.9594829,0.9487035,0.9469254,0.95206803,0.99999994,0.97428274,0.9537959,0.94984573,0.95080036,0.95665973,0.948061,0.9617807,0.9567232,0.96076065,0.95231444,0.9450224,0.94700146,0.94763184,0.95464456,0.96014094,0.9523858,0.94761074,0.8845805,0.9549311,0.9579206,0.954001,0.9486854,0.94586504,0.947169,0.9564499,0.95018995,0.9370392,0.9342383,0.95664287,0.96015126,0.95169705,0.9432052,0.94014955,0.9522155,0.94037324,0.94899505,0.95177954,0.95493,0.9553251,0.95706207,0.94842345,0.951372,0.9577255,0.95514524,0.9514977,0.9478777,0.9540424,0.9467627,0.9493715,0.9512399,0.95707613,0.95093334,0.9430627,0.9529512,0.9527865,0.94894344,0.95687705,0.94686645,0.9375336,0.9460618,0.94734895,0.9448128,0.95917326,0.8267717,0.94076514,0.95049167,0.9495137,0.941147,0.9257308,0.94920295,0.95737153,0.95029944,0.94891876,0.9445827,0.9525369,0.94448775,0.9480495,0.9515769,0.94640476,0.9585516,0.9584034,0.9509076,0.9413381,0.95917326,0.9413823,0.94770604,0.9476194,0.9570551,0.94624317,0.9492522,0.9441345,0.9410304,0.9467149,0.9409426,0.95402694,0.9518209,0.9501054,0.9561113,0.9513511,0.9526043,0.9520833,0.94932455,0.9492297,0.8883122,0.9407252,0.93112075,0.95013064,0.94968456,0.9629371,0.94933015,0.96225446,0.9464657,0.94580615,0.9502922,0.9461471,0.95423573,0.95211023,0.94544387,0.9580336,0.95196706,0.94954604,0.91604745,0.9472723,0.9486709,0.95469457,0.9550476,0.9444396,0.95366794,0.94225824,0.95046145,0.951143,0.95237535,0.97428274,0.9546673,0.95107496,0.9519565,0.94612193,0.94952863,0.95056415,0.9475182,0.9501929,0.95138115,0.9506038,0.94578844,0.95073444,0.94340503,0.9378134,0.9547926,0.95440304,0.95310384,0.9565462,0.939097,0.97428274,0.95270616,0.95372885,0.95886487,0.9487563
ahiddenlifefilm,0.9777706,0.9719751,0.978393,0.9788413,0.97710985,0.97530663,0.9801348,0.97428274,0.9999997,0.974296,0.97546846,0.97588986,0.97925377,0.9798139,0.9813234,0.97774667,0.97755253,0.97628295,0.96976894,0.97250915,0.9718322,0.9751006,0.97971725,0.9766552,0.96631384,0.90586925,0.9752616,0.9784158,0.9761925,0.97594106,0.97447026,0.97188944,0.9765971,0.9731117,0.9665223,0.9558024,0.97576654,0.9781803,0.9716793,0.97314495,0.9733417,0.9762416,0.965907,0.9730115,0.97559255,0.9740245,0.978092,0.97237563,0.96954113,0.9741852,0.9814787,0.9785464,0.97212005,0.9743889,0.9683037,0.9726586,0.97580886,0.97796357,0.9813781,0.9779286,0.9698815,0.97626185,0.9769818,0.97541726,0.97609985,0.9725541,0.9688264,0.9693218,0.9748902,0.9674802,0.9812341,0.8321367,0.96729237,0.97791,0.97140896,0.9653247,0.9432016,0.97324127,0.9732104,0.97236514,0.97583765,0.9740706,0.98078316,0.9650563,0.97764784,0.9694052,0.9715566,0.97666204,0.9779002,0.98191404,0.97044915,0.9812341,0.96901286,0.97129035,0.9741639,0.9793211,0.9704554,0.9697099,0.96985155,0.97271186,0.97146803,0.9676527,0.9773863,0.97428167,0.97475606,0.97966486,0.97862893,0.9800845,0.9735731,0.972868,0.978605,0.9011825,0.97075677,0.9514825,0.97359705,0.9747908,0.9827426,0.97074115,0.9859737,0.97555095,0.9707091,0.9763636,0.9742269,0.9774963,0.97730446,0.9767709,0.97318226,0.9753275,0.97798043,0.9488611,0.9739377,0.97272384,0.980896,0.96954983,0.9739413,0.9760762,0.96730024,0.97304815,0.9802979,0.97287184,0.9999997,0.97885114,0.973969,0.9716996,0.9699688,0.97685623,0.9734691,0.9722814,0.97761565,0.9708514,0.9737571,0.9776319,0.97131664,0.96146035,0.96950126,0.9782683,0.97308725,0.97483826,0.9719275,0.968171,0.9999997,0.9765344,0.98093253,0.9788338,0.9744543
alitamovie,0.9537971,0.9481355,0.95491374,0.9529801,0.96896654,0.95348376,0.9549014,0.9537959,0.974296,0.9999999,0.9499647,0.9599329,0.9512877,0.9558927,0.9545056,0.9637603,0.96059436,0.9636693,0.94428813,0.9527039,0.94912577,0.95882374,0.9624639,0.9520001,0.9471808,0.88745385,0.9621887,0.95815825,0.9496717,0.954908,0.95029366,0.9504668,0.95438576,0.94599473,0.93311214,0.9394089,0.9528687,0.94870746,0.94866616,0.9507943,0.94290406,0.95266354,0.9466586,0.9449124,0.956074,0.9601352,0.9573638,0.9509681,0.9407717,0.94457036,0.95878696,0.95106184,0.9637323,0.9499996,0.95122623,0.96238434,0.95774484,0.9614583,0.9589255,0.9538352,0.9451518,0.9488608,0.95714545,0.95212984,0.9519183,0.9568318,0.94700277,0.9466302,0.943333,0.94778633,0.9576477,0.8199686,0.94704837,0.95479095,0.9472021,0.94060266,0.9154314,0.94839126,0.95931363,0.94260126,0.9492942,0.94826525,0.9517479,0.93726945,0.9537022,0.9491456,0.9476358,0.9576796,0.95244414,0.96001923,0.94496226,0.9576477,0.9402741,0.94462365,0.95036167,0.9556136,0.944917,0.9481502,0.94434285,0.9523963,0.9537869,0.94914174,0.9502928,0.9451553,0.963144,0.95639634,0.9507489,0.9524077,0.9520647,0.9548959,0.9603121,0.8788743,0.95027465,0.928866,0.9524649,0.950454,0.959914,0.95006835,0.9606979,0.9494494,0.9480939,0.9517921,0.95253944,0.95358574,0.9516151,0.957032,0.95149314,0.949998,0.96822804,0.9306396,0.9486222,0.950715,0.96246666,0.9562897,0.95511186,0.95657295,0.944227,0.9527045,0.9587268,0.9527999,0.974296,0.960544,0.95070446,0.9505398,0.94304043,0.95017594,0.9559427,0.94139844,0.9536345,0.9463904,0.9452749,0.9524311,0.9536504,0.9400392,0.94357795,0.9527589,0.951105,0.9469727,0.9513388,0.9470537,0.974296,0.9571334,0.9508356,0.95719755,0.95859545
angelhasfallen,0.95914733,0.9522289,0.9519051,0.9596441,0.9557016,0.9596394,0.9556755,0.94984573,0.97546846,0.9499647,0.99999946,0.9567603,0.95835906,0.9580884,0.96121854,0.9539715,0.95957994,0.95730263,0.9491097,0.9468456,0.94888526,0.9499463,0.95613337,0.9472313,0.93399054,0.89343804,0.95127976,0.95959854,0.9496633,0.9529914,0.954119,0.9455633,0.9577228,0.95116466,0.9382804,0.9283657,0.9594985,0.9574805,0.9531612,0.9497137,0.95397055,0.9517996,0.9434341,0.9441209,0.95412225,0.95160913,0.95324844,0.9493054,0.9470015,0.948468,0.9604629,0.9514215,0.95559406,0.94918764,0.94150496,0.9491184,0.9567457,0.9522146,0.9556742,0.95316,0.9456756,0.9512684,0.95101845,0.9553362,0.95215255,0.96370304,0.9459993,0.9437988,0.97221375,0.94895583,0.9591314,0.80400944,0.9479856,0.9521195,0.95891076,0.94770783,0.90829265,0.95131797,0.9463502,0.950622,0.96943486,0.947562,0.960479,0.9461549,0.95389944,0.95141816,0.9653898,0.96095914,0.95461065,0.9600849,0.95538306,0.9591314,0.9493684,0.95638204,0.95519716,0.97066313,0.95641935,0.9521745,0.9496468,0.9452976,0.9565364,0.9398497,0.96084845,0.9503248,0.9570304,0.95861673,0.9522288,0.95773506,0.94709843,0.945691,0.96143043,0.8866649,0.94534636,0.92682236,0.9570683,0.96769905,0.9661496,0.95091736,0.9650934,0.95506,0.9509851,0.9482456,0.9501231,0.9576174,0.9568594,0.9575757,0.94831127,0.95259434,0.95550734,0.9308644,0.95355445,0.9509248,0.95716345,0.9427266,0.9517649,0.9568483,0.94932604,0.9487892,0.95879,0.94962865,0.97546846,0.9547958,0.95627075,0.95299375,0.9491137,0.9514631,0.9560188,0.9421102,0.9541385,0.95344967,0.9529747,0.9505409,0.9460113,0.9424987,0.9541574,0.9515892,0.95204806,0.95700383,0.950853,0.9484649,0.97546846,0.949393,0.97017956,0.95841277,0.9556431
angrybirdsmovie,0.96053654,0.9501331,0.9640614,0.9556893,0.9568021,0.9612042,0.9572021,0.95080036,0.97588986,0.9599329,0.9567603,1.0000001,0.9567436,0.95943666,0.96179,0.9553213,0.9511539,0.9623008,0.95046014,0.949373,0.95628536,0.95781505,0.96173716,0.95836633,0.9419669,0.8861289,0.955324,0.95334446,0.9570032,0.9573951,0.946093,0.94739133,0.9475468,0.9516024,0.94035876,0.9315434,0.9585816,0.95534134,0.95759594,0.9525235,0.950873,0.9572475,0.94032437,0.9486846,0.9531119,0.94985247,0.9589804,0.9622907,0.9464378,0.9520231,0.96898675,0.951691,0.957794,0.94844353,0.9489705,0.9565717,0.9574899,0.95963466,0.95470864,0.9522954,0.945626,0.95083165,0.9563115,0.9529549,0.9484642,0.9497549,0.9459789,0.9467225,0.94917834,0.94544995,0.95284694,0.8164938,0.95067954,0.9521888,0.95390445,0.94677687,0.9185701,0.9575152,0.9540471,0.9506583,0.960613,0.948619,0.9575017,0.94696975,0.96126366,0.9482934,0.95028067,0.96028566,0.9525459,0.9640635,0.94316596,0.95284694,0.9371053,0.9562488,0.95971966,0.9628558,0.95291954,0.95736855,0.9527284,0.9498697,0.95422864,0.95053405,0.9606067,0.95003355,0.95601606,0.9665591,0.95472926,0.9549801,0.9505442,0.95258677,0.95843786,0.8754213,0.9420784,0.916263,0.9575606,0.95742756,0.9607366,0.96023655,0.96407366,0.9549926,0.9442496,0.95840704,0.95525485,0.9627174,0.95175344,0.9580425,0.95767605,0.9612097,0.9562053,0.9245289,0.9593465,0.94425774,0.958325,0.94118774,0.94856125,0.9556256,0.9487943,0.9549992,0.959826,0.94985384,0.97588986,0.9642292,0.95447123,0.9636538,0.950037,0.9522572,0.94852567,0.94713926,0.9555832,0.94873226,0.95225066,0.9586566,0.95616764,0.94221747,0.94521314,0.9483243,0.95677143,0.9580784,0.9502259,0.94451886,0.97588986,0.9521282,0.96076334,0.96061057,0.96130353
annabellemovie,0.95653844,0.95182675,0.95828354,0.96155775,0.95463204,0.9581377,0.9614606,0.95665973,0.97925377,0.9512877,0.95835906,0.9567436,0.9999996,0.96483546,0.964602,0.95277625,0.95786977,0.95766056,0.9560447,0.953725,0.9482011,0.9589085,0.96032494,0.94844794,0.94229704,0.88638854,0.9584739,0.9609117,0.96080655,0.95760643,0.9567366,0.9652935,0.96355546,0.9538872,0.9487677,0.93082094,0.96218544,0.9687172,0.9516365,0.9496156,0.9585752,0.9576611,0.9431576,0.9504629,0.9613772,0.9554441,0.95827407,0.9562148,0.95904094,0.9527313,0.96403444,0.96268004,0.9561963,0.9516329,0.95495,0.95290715,0.9572781,0.957442,0.9621557,0.95951307,0.9654917,0.95373875,0.9536179,0.96653146,0.959327,0.9543876,0.95362896,0.95330745,0.95877475,0.948227,0.95953053,0.83295006,0.94428855,0.9553592,0.96049947,0.95127344,0.9291527,0.9555373,0.9489068,0.95405036,0.9605937,0.9649679,0.96361494,0.9499672,0.969261,0.9505886,0.95768064,0.9784003,0.95593923,0.96655,0.95411134,0.95953053,0.9438569,0.9534133,0.957212,0.9670287,0.9491298,0.94909155,0.95554954,0.9580488,0.9522489,0.9454896,0.95857406,0.9555297,0.9551451,0.96291894,0.96259916,0.9650066,0.95212764,0.9549161,0.957555,0.8834908,0.9485259,0.930314,0.95789033,0.9510935,0.9570379,0.9538776,0.968326,0.9584812,0.958063,0.95777315,0.95616156,0.9606393,0.9557886,0.9567679,0.96342325,0.96202546,0.95763266,0.93688023,0.94973904,0.9556997,0.96268874,0.957768,0.95369726,0.9522018,0.9458489,0.95549995,0.9639948,0.95170957,0.97925377,0.9654738,0.9521715,0.9612795,0.959175,0.9604984,0.9543355,0.9636416,0.96302724,0.949168,0.953508,0.95811427,0.95214415,0.9390982,0.94814813,0.95672256,0.9555183,0.95357776,0.95788044,0.94777864,0.97925377,0.96686506,0.96767175,0.9637907,0.9536876
annamovie,0.9559383,0.94615835,0.9645169,0.9643973,0.96182054,0.9575524,0.9616758,0.948061,0.9798139,0.9558927,0.9580884,0.95943666,0.96483546,0.9999999,0.96270216,0.9617191,0.9575599,0.9598603,0.95429003,0.9615108,0.95192546,0.9567332,0.9649259,0.95821697,0.9474666,0.88599694,0.95955056,0.9623534,0.9604159,0.9541563,0.955816,0.9574056,0.9615667,0.95582217,0.9443142,0.9306557,0.96485096,0.9568288,0.9606948,0.9597299,0.9512362,0.96033156,0.9478652,0.9522794,0.9567925,0.9575854,0.9634709,0.9519354,0.9604457,0.95492476,0.96963,0.9593535,0.9554049,0.9557521,0.95195305,0.95488316,0.95820546,0.9577652,0.9595787,0.96132433,0.94884324,0.9538469,0.9588774,0.9751252,0.95410925,0.95517397,0.9551413,0.94921714,0.95727026,0.9563542,0.9561985,0.8135909,0.9495985,0.9592516,0.9545237,0.9442114,0.920349,0.95615077,0.95291567,0.95278096,0.96546805,0.9564316,0.9615315,0.94503415,0.96190715,0.9481452,0.95100003,0.9587705,0.9515248,0.9714885,0.95596856,0.9561985,0.95593876,0.9595903,0.96227926,0.9610925,0.95332855,0.95433885,0.95700914,0.967462,0.959155,0.9547306,0.9629985,0.9572628,0.9676673,0.967126,0.95851535,0.9665138,0.96064,0.9567526,0.96860963,0.8844792,0.9547902,0.9255964,0.9581908,0.95900744,0.95765895,0.95042396,0.96928406,0.959459,0.95126086,0.95987266,0.9577727,0.9554179,0.9562957,0.9651571,0.9463659,0.9673089,0.95948446,0.9415652,0.9536852,0.95229995,0.9632704,0.9527335,0.9520689,0.9562669,0.9480979,0.9557489,0.9568546,0.9564575,0.9798139,0.96528935,0.9561905,0.9556985,0.94474316,0.9529404,0.95034546,0.9550037,0.9622688,0.94659394,0.95618284,0.96490103,0.9576538,0.9472669,0.9479602,0.94949144,0.95278054,0.9549986,0.9517157,0.9532122,0.9798139,0.96265453,0.9648947,0.96150655,0.96375334
apollo11movie,0.95832336,0.956679,0.9673906,0.96153575,0.9628782,0.9620381,0.96654916,0.9617807,0.9813234,0.9545056,0.96121854,0.96179,0.964602,0.96270216,1.0,0.9615008,0.9626452,0.96113586,0.9499902,0.96801883,0.95086837,0.96505964,0.963295,0.96654564,0.9501898,0.882198,0.95975226,0.9648974,0.9648428,0.95333046,0.95115477,0.9551058,0.96174705,0.95447034,0.95003146,0.9395789,0.9607975,0.9649781,0.9626133,0.9528859,0.9580083,0.9666255,0.95362294,0.9646769,0.9688952,0.94864154,0.956076,0.95332545,0.9580961,0.965448,0.9658496,0.96606743,0.9555516,0.9573893,0.9556539,0.9586986,0.96386653,0.9634649,0.96259123,0.959191,0.95069164,0.9658918,0.9599495,0.9587092,0.9590307,0.95665455,0.95018244,0.9599602,0.9589006,0.9546882,0.9579123,0.8103276,0.9551241,0.96603715,0.9648654,0.9515798,0.9384068,0.9532661,0.95953184,0.95242715,0.9679739,0.9548671,0.95907557,0.9564664,0.95751697,0.9530642,0.95579207,0.9615968,0.95761114,0.96194065,0.96010065,0.9579123,0.95184386,0.95444036,0.9612206,0.9785305,0.9538675,0.9524269,0.94973063,0.9558188,0.9518877,0.9511299,0.96354103,0.95687646,0.9519342,0.965156,0.9628963,0.96190363,0.9614714,0.959981,0.9564989,0.8905333,0.9600235,0.9276295,0.9533829,0.9591198,0.9640242,0.95867205,0.9700963,0.95806307,0.95910466,0.951726,0.9601982,0.9648399,0.9611478,0.9553773,0.9541106,0.9565884,0.9628215,0.9345919,0.9530266,0.9572764,0.9675045,0.9565317,0.9599604,0.95426655,0.95071113,0.9574587,0.9619234,0.9521789,0.9813234,0.9659222,0.95234925,0.9621794,0.9556938,0.9577484,0.94820786,0.96099067,0.96212363,0.948535,0.963548,0.96918696,0.9512061,0.9478025,0.9515208,0.9601617,0.9588643,0.95693827,0.9547808,0.9562048,0.9813234,0.9608766,0.966288,0.96115685,0.95602727
arcticdogsmovie,0.9597949,0.96142644,0.9521475,0.9560214,0.96595883,0.962048,0.9616403,0.9567232,0.97774667,0.9637603,0.9539715,0.9553213,0.95277625,0.9617191,0.9615008,0.99999994,0.9618759,0.9609376,0.9556618,0.9587474,0.95631665,0.95733047,0.961638,0.95535415,0.94567466,0.88721824,0.9572305,0.95904,0.9534356,0.9550599,0.95923406,0.95352954,0.9601861,0.9461515,0.9390166,0.92861813,0.95304173,0.9599366,0.96009153,0.9586982,0.94984823,0.9578712,0.95479244,0.9589797,0.9574818,0.95394427,0.9581326,0.95264995,0.95310956,0.9590474,0.96037894,0.95636714,0.95415014,0.955448,0.9560062,0.9565509,0.95679384,0.96247613,0.9580129,0.9613736,0.94511527,0.9594291,0.9536733,0.9569984,0.95645446,0.9494117,0.9470027,0.95197636,0.9544728,0.953957,0.9636154,0.80931735,0.95075184,0.96200705,0.95090544,0.9476731,0.92371017,0.9599638,0.9648518,0.9581616,0.9582384,0.9520887,0.9567203,0.9403124,0.95297974,0.9598861,0.95055425,0.9567996,0.9541143,0.96455294,0.9547866,0.9636154,0.94529366,0.95314187,0.9467406,0.95788103,0.9493469,0.95348436,0.95219946,0.95792985,0.9520718,0.9552442,0.96154714,0.954026,0.9559741,0.9604695,0.9638048,0.96579003,0.9645308,0.9571589,0.9609997,0.88351876,0.95341647,0.93008125,0.9565843,0.9562555,0.9630631,0.95000476,0.9641023,0.9539441,0.95235765,0.9557014,0.95781434,0.9576814,0.9571575,0.9502736,0.95189863,0.9518277,0.96508914,0.9390367,0.9569212,0.9584863,0.96058035,0.9478996,0.954709,0.95670646,0.9489962,0.9569854,0.9601657,0.9542558,0.97774667,0.9588773,0.95354253,0.9523075,0.9462479,0.9557962,0.9640524,0.9479848,0.95636207,0.95451987,0.9582032,0.9590334,0.95702434,0.945065,0.956564,0.9645867,0.9492924,0.96209365,0.9497198,0.9512325,0.97774667,0.9592439,0.9574835,0.95940816,0.96052724
arcticmovie,0.9620019,0.9525083,0.9555169,0.95414007,0.96289885,0.9553079,0.9604442,0.96076065,0.97755253,0.96059436,0.95957994,0.9511539,0.95786977,0.9575599,0.9626452,0.9618759,1.0000002,0.96127933,0.9547746,0.9547069,0.95010453,0.95401937,0.96445173,0.95292306,0.951043,0.89481515,0.9574747,0.9706663,0.95024264,0.9524928,0.9592873,0.95275605,0.95558095,0.95313853,0.9353888,0.94097644,0.95854366,0.9567067,0.9479828,0.9486325,0.9530322,0.9596647,0.9513512,0.9580329,0.9610582,0.95609426,0.9599356,0.95544225,0.94596547,0.9606175,0.95698965,0.95784634,0.95657575,0.9530061,0.9510911,0.95396984,0.9526467,0.95474905,0.9593749,0.9577372,0.9534017,0.9564158,0.95935154,0.9479805,0.95065874,0.95579606,0.94603205,0.9547252,0.95738757,0.94271004,0.9603112,0.82302785,0.947033,0.95932907,0.95227766,0.9405339,0.92338854,0.95385545,0.9608214,0.95595956,0.954946,0.9522337,0.96153355,0.9428342,0.9481714,0.9475214,0.9571784,0.9604834,0.9571572,0.96382874,0.957811,0.9603112,0.9529664,0.9526924,0.949749,0.95638,0.9518009,0.9482058,0.94421697,0.9554968,0.9553268,0.9465045,0.95567197,0.9543259,0.9587693,0.9555558,0.9559743,0.9569847,0.9538538,0.95560753,0.9589387,0.87966913,0.9500005,0.9342506,0.95555276,0.95784277,0.96532184,0.95697665,0.9649047,0.9527263,0.9590678,0.95616114,0.9518264,0.95946467,0.9559613,0.9542091,0.9477533,0.951883,0.9606354,0.94368064,0.9513367,0.9539018,0.9757343,0.96552974,0.9511485,0.9563522,0.94759166,0.9550808,0.9569301,0.9553535,0.97755253,0.9573107,0.9577028,0.95369,0.94869345,0.9543028,0.96142274,0.94343036,0.95337033,0.95607996,0.954094,0.9570196,0.9514767,0.9451766,0.9602623,0.96457976,0.9607306,0.952594,0.94899356,0.9489382,0.97755253,0.95406574,0.9577602,0.9586532,0.9520278
artofracingmovie,0.96168876,0.9570858,0.955273,0.9512549,0.97712266,0.94911313,0.95473135,0.95231444,0.97628295,0.9636693,0.95730263,0.9623008,0.95766056,0.9598603,0.96113586,0.9609376,0.96127933,1.0000002,0.95327425,0.9632176,0.9552825,0.95569175,0.9588096,0.9537124,0.94983965,0.9056122,0.96784455,0.9617169,0.9543686,0.9579878,0.95449644,0.9478675,0.9505585,0.9476641,0.9360695,0.9336546,0.9631977,0.95365757,0.9504978,0.95307755,0.94637364,0.95979744,0.95017815,0.95496356,0.95972115,0.9600482,0.9586912,0.9592933,0.9436998,0.95571154,0.96027684,0.95675373,0.9511545,0.9539903,0.94724506,0.9681423,0.95900893,0.96279705,0.96122694,0.95828855,0.9522984,0.9527401,0.9556627,0.95300394,0.9535427,0.95545894,0.95269346,0.9519758,0.9491197,0.95311934,0.96106994,0.829272,0.94422567,0.95691925,0.95118487,0.9423882,0.9110911,0.9563348,0.96053624,0.9517436,0.9582822,0.94880253,0.9570276,0.93886954,0.95196885,0.9603454,0.94249564,0.9571357,0.95318145,0.9593282,0.9402707,0.96106994,0.94188064,0.94580215,0.9556884,0.9589632,0.9558785,0.95278645,0.94897467,0.95208263,0.95878345,0.9472864,0.95345396,0.95430875,0.9575559,0.95833457,0.95264673,0.95741165,0.94742835,0.9553193,0.9601186,0.8752395,0.94638354,0.932266,0.9494353,0.9542997,0.9642243,0.9577974,0.9689032,0.9473709,0.94803447,0.9577404,0.9487301,0.9548783,0.95210564,0.94974947,0.945205,0.9554161,0.96978104,0.9325026,0.9511824,0.95815253,0.96488273,0.9530392,0.9568324,0.95572835,0.9523171,0.9592645,0.9615092,0.97082365,0.97628295,0.9588043,0.95291317,0.95309585,0.9475179,0.9571845,0.9567988,0.94250274,0.95312244,0.95694125,0.9510283,0.95974743,0.94867307,0.94140023,0.94612694,0.961547,0.9556006,0.9556558,0.95176786,0.94769126,0.97628295,0.95851594,0.9584981,0.9522184,0.9569409
avengers,0.96720845,0.9475379,0.9409525,0.9473683,0.94784945,0.9475683,0.9566213,0.9450224,0.96976894,0.94428813,0.9491097,0.95046014,0.9560447,0.95429003,0.9499902,0.9556618,0.9547746,0.95327425,1.0000002,0.94985896,0.9519793,0.9483394,0.95130193,0.9534085,0.9302929,0.8896105,0.9495556,0.9507585,0.93798196,0.9461584,0.9705446,0.94435954,0.94549435,0.9440529,0.92849416,0.9209222,0.95260864,0.94933,0.9495008,0.9476198,0.93930674,0.94373614,0.9325204,0.9409904,0.95353884,0.9547949,0.95258796,0.95097035,0.9435471,0.9429032,0.9494691,0.9502056,0.94032824,0.952612,0.94235045,0.94408256,0.95032114,0.95545644,0.9521381,0.94843966,0.9451742,0.94867665,0.95129955,0.94362044,0.93894756,0.94756716,0.944874,0.9498625,0.94040656,0.9415174,0.9494679,0.8395681,0.9394188,0.95051694,0.9473014,0.93703765,0.9118165,0.9527591,0.9443181,0.94595134,0.95501477,0.95800346,0.9449775,0.9323901,0.94771856,0.94851905,0.9342728,0.9556004,0.94214964,0.94846624,0.9439274,0.9494679,0.9431528,0.94894665,0.942314,0.9495129,0.94898397,0.9510834,0.9451329,0.95054436,0.9472404,0.9359308,0.94881016,0.94537467,0.9487878,0.9516597,0.9511671,0.9464918,0.9427374,0.9321998,0.95526886,0.874579,0.9460388,0.91304374,0.950903,0.94459116,0.9541149,0.94188243,0.9596211,0.94910496,0.94324785,0.94820076,0.9421613,0.9549618,0.9443694,0.9474842,0.9510289,0.950393,0.94904876,0.9383362,0.9502161,0.946593,0.95841676,0.94167423,0.9512288,0.9504089,0.95044345,0.9498309,0.9498443,0.95207125,0.96976894,0.9504394,0.9484698,0.9400836,0.9346514,0.9485129,0.9386318,0.93909883,0.94252807,0.947732,0.9563799,0.9422185,0.9483939,0.9374018,0.93437356,0.9526793,0.9517103,0.94746965,0.9443748,0.9459689,0.96976894,0.95393,0.9531498,0.9484593,0.946298
beachbummovie,0.9526346,0.9415921,0.9561348,0.94444364,0.95616657,0.94519955,0.9501399,0.94700146,0.97250915,0.9527039,0.9468456,0.949373,0.953725,0.9615108,0.96801883,0.9587474,0.9547069,0.9632176,0.94985896,1.0,0.94987625,0.96414727,0.957388,0.9518219,0.9385151,0.8885172,0.9548914,0.954595,0.9594406,0.9497813,0.9568292,0.9462847,0.95555025,0.94104695,0.92944217,0.92344326,0.9551039,0.95300996,0.9576761,0.94455236,0.93927157,0.95762706,0.94752157,0.95801795,0.95802647,0.9616144,0.95189106,0.95469296,0.95134246,0.9571121,0.963716,0.9579027,0.94665277,0.9558587,0.9524281,0.9498289,0.951645,0.9546027,0.95308894,0.95387846,0.94121754,0.94680357,0.953336,0.94829917,0.9516346,0.95210165,0.9529597,0.9515219,0.94902706,0.9570179,0.95023525,0.83378994,0.9382739,0.9604176,0.944343,0.9356768,0.91480875,0.9439896,0.94856906,0.9538497,0.9546716,0.9417631,0.94918054,0.9344035,0.95391107,0.9495973,0.9402306,0.9534145,0.94454825,0.95590067,0.9454124,0.95023525,0.9414157,0.9389019,0.9559033,0.9552008,0.9415473,0.9583428,0.9399405,0.9520039,0.9528261,0.95124054,0.95921856,0.94892687,0.945078,0.96274006,0.96183753,0.9587667,0.95003873,0.9503659,0.95924234,0.8799134,0.948749,0.9186321,0.9444921,0.9499266,0.95664936,0.94173014,0.9616965,0.9387933,0.9376096,0.94734246,0.9583832,0.94901973,0.9559178,0.94849336,0.93722796,0.95462185,0.95804894,0.9357155,0.94067764,0.95129794,0.9590804,0.94671196,0.95438653,0.94869167,0.9449635,0.95004463,0.95136887,0.96452624,0.97250915,0.9627669,0.9533278,0.94393134,0.93621236,0.9527522,0.9409068,0.94269925,0.9534829,0.9449471,0.95316106,0.95949334,0.9485178,0.9411442,0.93850785,0.95695704,0.95255756,0.9486427,0.94354373,0.9470504,0.97250915,0.949882,0.952247,0.9506212,0.95843685
bernadettefilm,0.9568317,0.95319986,0.956574,0.94749725,0.95392936,0.9523306,0.94871336,0.94763184,0.9718322,0.94912577,0.94888526,0.95628536,0.9482011,0.95192546,0.95086837,0.95631665,0.95010453,0.9552825,0.9519793,0.94987625,0.9999996,0.9584547,0.9563482,0.95085984,0.9424658,0.88192344,0.95093983,0.9504286,0.9495159,0.9522585,0.9534144,0.9455398,0.9495507,0.9387173,0.93196565,0.929705,0.9519201,0.9493332,0.95890075,0.94965863,0.9431164,0.9500492,0.9466244,0.9496616,0.9459593,0.9528376,0.95494026,0.951031,0.9439175,0.95386463,0.95666766,0.95259154,0.9505192,0.9442891,0.94017816,0.95438105,0.95456517,0.95255154,0.95187485,0.95611906,0.94597787,0.949793,0.9533819,0.94954854,0.95202637,0.9464654,0.9378979,0.9525834,0.94254,0.9470104,0.9614026,0.79941994,0.9391798,0.9534793,0.94233966,0.93042827,0.908523,0.9450758,0.95823634,0.94785756,0.95301247,0.9353912,0.9524552,0.93526304,0.9502404,0.9562183,0.9420257,0.9516752,0.9560303,0.9520398,0.9403966,0.9614026,0.94353735,0.94504577,0.9420311,0.9551509,0.95350176,0.948867,0.94745207,0.9500703,0.95212436,0.9487018,0.95820826,0.96074003,0.9406176,0.9517346,0.95407844,0.9509283,0.9517484,0.944236,0.95139724,0.8616168,0.93802464,0.9212043,0.9649787,0.9422239,0.9583063,0.9481522,0.96126425,0.9441283,0.9398431,0.95694864,0.9470193,0.9515712,0.95093083,0.95084935,0.9478242,0.948883,0.95557433,0.92131984,0.96897393,0.9507866,0.95490587,0.9416674,0.949899,0.9537009,0.9449909,0.9580164,0.96236885,0.9450718,0.9718322,0.9570302,0.9502345,0.94728583,0.93712884,0.9493383,0.949313,0.94132864,0.9458159,0.95212823,0.9513385,0.9600907,0.9479177,0.9283126,0.94706285,0.95692533,0.94643974,0.9528597,0.9484891,0.9405892,0.9718322,0.9571635,0.95557636,0.9539338,0.94942904
