movie,21bridgesmovie,47metersdown,abeautifuldaymovie,abominablemovie,adastramovie,adogsjourneymovie,aftermathmovie,aftermovie,ahiddenlifefilm,alitamovie,angelhasfallen,angrybirdsmovie,annabellemovie,annamovie,apollo11movie,arcticdogsmovie,arcticmovie,artofracingmovie,avengers,beachbummovie,bernadettefilm,blackandbluemovie,blackchristmas,blindedbythelightmovie,bombshellmovie,booksmart,breakthroughmovie,brianbanksmovie,brightburnmovie,brittanyrunsmov,captainmarvelofficial,captivestatemovie,catsmovie,charliesangels,childsplaymovie,clarathefilm,coldpursuitmovie,countdown,currentwarmovie,darkwatersmovie,detectivepikachumovie,disneyaladdin,disneyfrozen,disneymaleficent,doctorsleepmovie,dolemiteismyname,dontletgomovie,doramovie,downtonabbey_official,dumbo,escaperoom,everybodyknowsmovie,fastandfuriousmovie,fightingwmyfam,fivefeetapartfilm,fordvferrari,freaksthefilm,geminimanmovie,glassmovie,gloriabellmovie,godzillamovie,goldfinchmovie,goodboysmovie,goodliarmovie,gretafilm,halathemovie,happydeathdaymovie,harrietfilm,hellboymovie,hersmellmovie,highlifemovie,highstrungmovie,honeyboymovie,hotelmumbaifilm,httydragon,hustlemovie,hustlersmovie,isntitromantic,itmovieofficial,jayandsilentbob,johnwickmovie,jojorabbitmovie,jokermovie,judythefilm,jumanjimovie,justmercyfilm,knivesout,lalloronamovie,lastblackmansf,lastchristmasthemovie,latenightmovie,lighthousemovie,lionking,littlethemovie,littlewomenmovie,littlewoodsfilm,longshotmovie,lordsofchaosmovie,lucyintheskyfilm,mamovie2019,marriagestory,meettheaddams,meninblack,midsommarmovie,midwaymovie,missbalamovie,missinglinkfilm,motherlessbklyn,onceinhollywood,onthebasisofsex,overcomermovie,peanutbutterfalcon,petsematarymovie,piercingmovie,playingwithfire,playmobilthemovie,pomsmovie,queenandslim,rambomovie,readyornotfilm,richardjewellfilm,rocketmanmovie,scarystoriesmovie,secretlifeofpets,serenityfilm,shaftmovie,shazammovie,spidermanmovie,spiesindisguise,starwars,stormboymovie,stubermovie,taosdfilm,teenspiritmov,terminator,theaeronautsmov,thebestofenemies,thedeaddontdie,thefarewell,thehighwaymen,thehummingbirdprojectfilm,theintrudermovie,theirishmanfilm,thekitchenmovie,thelegomovie,themustangfilm,thenightingalefilm,theprodigymovie,thesunisalsoastar,theupsidefilm,tolkienmovie,toystory,triplefrontier,uglydolls,uncutgems,underthesilverlake,usmovie,wavesmovie,whatmenwant,wonderparkmovie,wrinklestheclown,xmenmovies,yardiefilm,yesterdaymovie,zombieland
21bridgesmovie,1.0,0.9498874,0.9578358,0.95722747,0.9552014,0.9387249,0.96543497,0.96599346,0.97807217,0.95786446,0.9535444,0.9451106,0.95614636,0.9539188,0.9638319,0.9528177,0.9593169,0.95342535,0.9714493,0.9625736,0.9602839,0.95374686,0.95569557,0.96006846,0.95680976,0.9213525,0.94189495,0.9534188,0.9557106,0.95451957,0.94818294,0.95509326,0.9533286,0.94722855,0.9368861,0.93521196,0.9651257,0.96740896,0.9589837,0.94985914,0.95207626,0.9591634,0.95195377,0.96231335,0.9557323,0.9602364,0.9583385,0.9607268,0.96241355,0.9635109,0.95517474,0.960474,0.9541534,0.9504235,0.94841343,0.946804,0.9556639,0.955322,0.96145874,0.95788,0.9539255,0.96130437,0.9556179,0.95795923,0.95211446,0.9501613,0.94589895,0.9595748,0.9571738,0.94263947,0.9642787,0.86464775,0.93793225,0.95241994,0.9487401,0.9547895,0.9279225,0.95853525,0.9553668,0.94299144,0.9596912,0.966129,0.9545104,0.9484699,0.962188,0.95273405,0.94680053,0.9566892,0.951627,0.96020836,0.95092124,0.9642787,0.9563845,0.94602513,0.95871776,0.9557097,0.95580804,0.9567364,0.95627445,0.9421565,0.954579,0.9512821,0.945469,0.96216536,0.94994026,0.9544864,0.96194607,0.958524,0.9374387,0.9515448,0.9610146,0.91959715,0.9541149,0.9248087,0.9579722,0.9733331,0.9877814,0.94849336,0.9574694,0.9649987,0.94906694,0.9537693,0.9609603,0.94584066,0.95835644,0.9523826,0.95157117,0.93703854,0.9526498,0.93142134,0.9552082,0.9458991,0.94953305,0.946573,0.9551808,0.95158905,0.97375023,0.95718163,0.96389145,0.95155275,0.97807217,0.9511783,0.9493906,0.9584982,0.95115817,0.95495415,0.9574132,0.9433405,0.9626787,0.96914685,0.95959926,0.9554843,0.95163536,0.9520368,0.9510402,0.9539453,0.95669836,0.95028454,0.96091574,0.9566849,0.97807217,0.9453893,0.9478411,0.95710725,0.9504461
47metersdown,0.9498874,1.0000001,0.9504601,0.9502398,0.958044,0.9482832,0.9475054,0.95463127,0.97198385,0.9470711,0.94299304,0.9429229,0.94935524,0.9481963,0.9546977,0.968902,0.9495025,0.9510863,0.9524848,0.944854,0.9487736,0.9507295,0.95221025,0.9600821,0.95002013,0.91702354,0.9415686,0.9472361,0.95324755,0.9490245,0.9525922,0.9418596,0.9491032,0.9404726,0.9488928,0.92825174,0.9583389,0.95404905,0.948421,0.9491803,0.9513291,0.946912,0.9437164,0.9412821,0.95005405,0.9478195,0.951331,0.95486623,0.94868946,0.94565314,0.9528347,0.9584023,0.93424195,0.9530581,0.9499943,0.94234425,0.9436498,0.9547666,0.95743376,0.9452031,0.9444467,0.9540153,0.94943017,0.9533447,0.94113815,0.9511599,0.93940353,0.948121,0.9426067,0.92628235,0.9502609,0.851436,0.92789644,0.94708383,0.94544685,0.9462868,0.91488284,0.9503174,0.9501136,0.94299114,0.9502825,0.94858354,0.94898546,0.94587946,0.9529506,0.9495829,0.942397,0.94278574,0.93857074,0.96014017,0.94166523,0.9502609,0.9488248,0.95006734,0.95415014,0.9512071,0.9485859,0.9533269,0.9422188,0.9397915,0.9510492,0.9447144,0.95268196,0.9581284,0.94730294,0.95165616,0.95484424,0.96030927,0.9396881,0.9360486,0.9540757,0.9065028,0.9498834,0.92339855,0.9443848,0.9449891,0.95241785,0.93497604,0.9541786,0.94522303,0.93801636,0.94910145,0.9534407,0.9378202,0.95221317,0.9523569,0.95666367,0.9396465,0.9500606,0.93422025,0.94799733,0.94958395,0.9422346,0.9401699,0.95183283,0.951042,0.94656664,0.9440535,0.94921297,0.94507927,0.97198385,0.9433826,0.95098263,0.95508564,0.9503864,0.9543578,0.9451264,0.9418503,0.95772856,0.95096415,0.93939537,0.9454156,0.9545157,0.91197175,0.93805027,0.94477993,0.9416172,0.9400853,0.95523274,0.9440392,0.97198385,0.9425484,0.94927436,0.9489123,0.94613934
abeautifuldaymovie,0.9578358,0.9504601,1.0000002,0.95391876,0.95997983,0.9442716,0.95422655,0.95676905,0.9794416,0.9395103,0.9487699,0.9569044,0.95494586,0.9580955,0.956657,0.9511347,0.9485236,0.9574071,0.9628189,0.95970905,0.96268934,0.9638507,0.9522236,0.96052545,0.9525777,0.92258096,0.94211006,0.9555401,0.9706842,0.95695907,0.9559103,0.9529316,0.954073,0.96005696,0.9424923,0.9416771,0.9600726,0.9571734,0.9609207,0.952071,0.9525282,0.9581346,0.95345294,0.95284295,0.9571501,0.95905787,0.95123905,0.9646098,0.95821553,0.9596182,0.97188324,0.9658075,0.9524743,0.95811594,0.94709885,0.94319665,0.95184547,0.95732576,0.95546615,0.9568212,0.95043176,0.9533134,0.96039265,0.96287787,0.9516087,0.9462455,0.9386702,0.9588314,0.9541642,0.9454358,0.96141505,0.8634478,0.9363328,0.9630282,0.9471303,0.95890373,0.91736174,0.95450616,0.9548043,0.9554041,0.9494046,0.95754313,0.96028674,0.9340804,0.9659471,0.95634836,0.9429833,0.9588536,0.94930726,0.96410674,0.95771724,0.96141505,0.95752215,0.94964916,0.97195923,0.95202094,0.9664144,0.95815516,0.9489534,0.94100404,0.9571457,0.95737225,0.9556199,0.95891535,0.9393488,0.9693449,0.9650635,0.9499709,0.9559217,0.95115334,0.96758366,0.9112686,0.9623819,0.92162263,0.9492782,0.9609533,0.9634151,0.9458116,0.95531106,0.952742,0.948292,0.95898837,0.9579237,0.9459015,0.95485634,0.9458536,0.95493233,0.95130724,0.949557,0.9393033,0.9637528,0.95522213,0.94539785,0.9325489,0.95340765,0.95301515,0.9532366,0.9592386,0.9561141,0.955676,0.9794416,0.9613191,0.9479879,0.9554943,0.94885004,0.95806974,0.9499499,0.9539619,0.96184725,0.94467866,0.95651007,0.97488016,0.9592367,0.9158446,0.9375461,0.9568813,0.942988,0.9456887,0.9531538,0.95864797,0.9794416,0.9549213,0.9558947,0.9506897,0.961293
abominablemovie,0.95722747,0.9502398,0.95391876,0.9999999,0.9534879,0.9440348,0.9504792,0.95209825,0.975654,0.9470639,0.9404822,0.94338936,0.9645851,0.9546373,0.9586505,0.9584403,0.9519647,0.95323706,0.94437665,0.950505,0.9518058,0.95176923,0.9611968,0.9610733,0.94843477,0.91128546,0.93380505,0.94604695,0.94834095,0.95429885,0.9397295,0.94859576,0.9432124,0.9456102,0.9454328,0.9273829,0.9555547,0.95780003,0.95212644,0.9573755,0.94824266,0.9469447,0.9447598,0.9486159,0.9529787,0.9440596,0.957901,0.94591826,0.9522507,0.95565754,0.9524844,0.9566994,0.95324016,0.9447193,0.94800776,0.94932055,0.95098853,0.952486,0.9643956,0.94404656,0.9527137,0.967193,0.9467817,0.95675355,0.94869506,0.9515267,0.9489981,0.9501514,0.9441495,0.93434757,0.95325416,0.84428495,0.9414291,0.94707114,0.95703167,0.948762,0.9120065,0.943504,0.9548091,0.939791,0.9459907,0.95726687,0.94649386,0.9443587,0.9631446,0.95000625,0.9614556,0.95470434,0.9499668,0.9566743,0.96027887,0.95325416,0.9536208,0.9525789,0.948208,0.9528184,0.95602876,0.9510749,0.9277799,0.94572353,0.9500096,0.9491889,0.9453748,0.95087993,0.94520724,0.95080954,0.96135646,0.9491798,0.9420185,0.9353678,0.95947367,0.9104944,0.95884764,0.91844934,0.9456854,0.9506611,0.9575209,0.94983417,0.95046914,0.9491385,0.9487324,0.9558752,0.9546897,0.941716,0.9560164,0.9572875,0.9536379,0.93646604,0.9469529,0.9291345,0.95951116,0.9552357,0.9422829,0.9405178,0.9555331,0.94925284,0.94423336,0.9508293,0.9535463,0.9425998,0.975654,0.9504768,0.9479329,0.9581165,0.9486802,0.9490644,0.94717103,0.9541631,0.96451306,0.94403094,0.9505341,0.95289963,0.9555842,0.9193408,0.9406582,0.94463295,0.95294416,0.94227505,0.9475448,0.9535396,0.975654,0.9471238,0.9397614,0.95526,0.94833934
adastramovie,0.9552014,0.958044,0.95997983,0.9534879,0.9999999,0.95108974,0.9507363,0.9610191,0.97858596,0.9626548,0.94276863,0.9599997,0.95293236,0.95797855,0.95405483,0.9578617,0.9540908,0.9703559,0.96145785,0.9487936,0.95852774,0.9539816,0.9545162,0.959969,0.95515025,0.9144956,0.9586786,0.9603343,0.95432585,0.9500081,0.954353,0.94886935,0.9528122,0.9555658,0.9457126,0.9245066,0.95982397,0.9536516,0.96271545,0.9484871,0.9602574,0.95690995,0.9514824,0.94613147,0.9593644,0.9537833,0.9553998,0.9588871,0.94862586,0.95617133,0.959357,0.9591154,0.95169777,0.9570362,0.9458124,0.9734397,0.9537006,0.956307,0.95676214,0.95262474,0.95480466,0.95455337,0.9586651,0.963533,0.94818336,0.95305926,0.94255084,0.95721287,0.95722836,0.93752444,0.96136475,0.8475835,0.9461374,0.9546779,0.94287723,0.95667946,0.90918416,0.9590973,0.95691717,0.9492154,0.9501996,0.9490228,0.9637205,0.942779,0.9650468,0.9522783,0.9409897,0.95112234,0.94743925,0.9701973,0.9592973,0.96136475,0.95843935,0.9585705,0.9590991,0.95435005,0.96140033,0.95141524,0.9434573,0.9538749,0.9535383,0.9568261,0.94929785,0.9627126,0.943425,0.9568921,0.9647262,0.9569316,0.9473017,0.93761325,0.9595887,0.9123017,0.9593268,0.91313744,0.9523855,0.95861095,0.9581235,0.9427256,0.95991224,0.9487947,0.9512771,0.9532643,0.9593194,0.94131297,0.9524988,0.9536363,0.9560742,0.9486457,0.9732763,0.9394464,0.95912874,0.9728507,0.9474336,0.94856685,0.9528746,0.951023,0.945621,0.94767666,0.9626232,0.94829834,0.97858596,0.94742835,0.9450992,0.9574524,0.94562113,0.95556265,0.9490743,0.9534859,0.96661973,0.9483123,0.9497142,0.9495989,0.95815176,0.920025,0.94331414,0.9545608,0.9533621,0.95076364,0.95538765,0.95735306,0.97858596,0.9522487,0.9551959,0.9557574,0.9524637
adogsjourneymovie,0.9387249,0.9482832,0.9442716,0.9440348,0.95108974,1.0000005,0.9497486,0.9596615,0.9670321,0.93993974,0.94866806,0.9467318,0.93840396,0.9558922,0.95334905,0.93776983,0.94743377,0.94573146,0.9434836,0.9427098,0.95133954,0.9471329,0.9604741,0.95023423,0.9426277,0.9152503,0.9409861,0.9445876,0.9461365,0.9447187,0.93666047,0.94218624,0.9576652,0.939422,0.9453611,0.9277136,0.95880866,0.9337296,0.9420073,0.9480844,0.94934815,0.93290585,0.9449699,0.9294621,0.9452842,0.95244217,0.9627505,0.94310457,0.9450913,0.935066,0.95009935,0.9565311,0.94863516,0.9478247,0.94104284,0.9423338,0.9451235,0.94641966,0.94389766,0.9408847,0.93410677,0.9463673,0.93591124,0.9485284,0.95059955,0.9371331,0.9375536,0.9469514,0.95092696,0.91372144,0.93981975,0.85575026,0.9303886,0.9449085,0.9467606,0.930235,0.9011475,0.9474202,0.9395604,0.93352175,0.94828093,0.9469093,0.93621194,0.9390354,0.9562985,0.9434416,0.93544555,0.94120777,0.9331993,0.95767474,0.9371081,0.93981975,0.9418316,0.9508166,0.9466465,0.95111513,0.9470368,0.94206953,0.93933797,0.9481021,0.9541596,0.9511174,0.95719606,0.9444674,0.9441767,0.9518985,0.9487717,0.93944824,0.9355835,0.94280326,0.9570822,0.9163743,0.9487847,0.90973544,0.9469129,0.93417126,0.94079024,0.94839996,0.95070714,0.9461889,0.93443376,0.9557536,0.94724286,0.9667698,0.94693625,0.9461344,0.9605183,0.9384259,0.94661766,0.91965926,0.9428026,0.95283186,0.9407755,0.9415688,0.93925726,0.9417242,0.93671876,0.94315165,0.9420607,0.93995225,0.9670321,0.9519396,0.9477324,0.94086576,0.93996507,0.954547,0.94876575,0.9434671,0.9468608,0.9304974,0.9452394,0.9310213,0.9541436,0.9148447,0.93787014,0.9347164,0.9496726,0.9357519,0.9519148,0.9467508,0.9670321,0.93514854,0.95517045,0.9576828,0.9433378
aftermathmovie,0.96543497,0.9475054,0.95422655,0.9504792,0.9507363,0.9497486,1.0000001,0.96214956,0.97716904,0.94664156,0.9565802,0.9459047,0.9520918,0.9607857,0.9572058,0.950485,0.9543384,0.952519,0.9584446,0.9544633,0.95890695,0.9493194,0.9603962,0.96128494,0.9605375,0.91686493,0.9392596,0.9611382,0.9558441,0.9509891,0.95355403,0.9563714,0.9583052,0.9524326,0.94249475,0.9339879,0.9694556,0.9592441,0.9576834,0.95616174,0.95505637,0.9584271,0.9496331,0.9528988,0.95885485,0.95353,0.9620817,0.95198995,0.96324646,0.9567179,0.95843583,0.9678118,0.9570066,0.9553596,0.95112616,0.94104606,0.94911224,0.9609863,0.9584591,0.9535002,0.9501453,0.9596105,0.9500742,0.95819396,0.96367985,0.9449772,0.94504875,0.9623768,0.95536256,0.93901575,0.95852685,0.84865004,0.9398584,0.9561749,0.95138913,0.9412924,0.91541135,0.9545724,0.9548747,0.9426552,0.9584276,0.9799482,0.9551786,0.9454475,0.96098715,0.9518851,0.9405188,0.95123106,0.9509343,0.95767313,0.94536424,0.95852685,0.943314,0.9489033,0.9521612,0.9540733,0.9551317,0.9590052,0.97145754,0.9467874,0.956307,0.9562227,0.9500816,0.9550999,0.9489427,0.9570182,0.95266545,0.9527938,0.94162846,0.9630118,0.9640406,0.9177124,0.953467,0.9259049,0.9532209,0.95432144,0.9662669,0.9578957,0.95695144,0.988037,0.9460458,0.9598916,0.95839953,0.9514662,0.9613852,0.94977266,0.96102047,0.9377811,0.950122,0.9292408,0.957003,0.94373906,0.956873,0.9415589,0.9525995,0.95030785,0.9558824,0.9600957,0.9544354,0.9442872,0.97716904,0.9549182,0.9518084,0.95456547,0.9550879,0.9622681,0.95169413,0.9438018,0.9644487,0.9532284,0.98202986,0.9446213,0.9558374,0.93110543,0.9488154,0.945699,0.9579014,0.94419706,0.95936996,0.95093876,0.97716904,0.94243896,0.9512436,0.9588829,0.9540121
aftermovie,0.96599346,0.95463127,0.95676905,0.95209825,0.9610191,0.9596615,0.96214956,1.0000002,0.9797269,0.9559574,0.95377696,0.9502641,0.951229,0.96136343,0.965913,0.9518829,0.9564778,0.95893914,0.96051383,0.9615075,0.9644125,0.95971483,0.9650669,0.95982784,0.962248,0.92318237,0.9425962,0.9572653,0.9610395,0.96046996,0.95074403,0.9564663,0.9579795,0.9570051,0.94373316,0.9346409,0.9669991,0.95930856,0.95853084,0.96056616,0.96122515,0.95337063,0.95132995,0.9479349,0.96243435,0.9596756,0.9669175,0.9527834,0.9609605,0.9521757,0.9630305,0.9672625,0.95641685,0.9574511,0.9616626,0.9527836,0.95316654,0.95923626,0.9613655,0.95318985,0.9530731,0.95990074,0.96219695,0.9574254,0.96335036,0.955791,0.94517326,0.9608582,0.9528626,0.9437205,0.9593453,0.8573403,0.9449637,0.95846117,0.9468945,0.9525133,0.9171806,0.96089846,0.95560396,0.9515395,0.95899683,0.9622637,0.9546608,0.9434682,0.96644133,0.9517975,0.94653153,0.9509809,0.9501546,0.9667262,0.9518697,0.9593453,0.9542017,0.94756347,0.9611988,0.9609382,0.9571559,0.9599962,0.9541765,0.9554393,0.95978457,0.95303327,0.9539594,0.96211314,0.9621989,0.96163505,0.95575273,0.9569683,0.9469617,0.95775145,0.9628393,0.91625607,0.96159655,0.91983306,0.95492667,0.9577785,0.96467286,0.95307046,0.96282595,0.9594837,0.94902295,0.9609934,0.96155477,0.9550043,0.95938194,0.9527751,0.9646665,0.9447421,0.9555747,0.9361028,0.9623584,0.96204305,0.9515558,0.9506456,0.9585588,0.95867693,0.95985097,0.954858,0.9583299,0.9546938,0.9797269,0.9550828,0.9540608,0.9557381,0.9568098,0.957558,0.9554694,0.94825476,0.9653521,0.9626342,0.9569414,0.95493454,0.95981574,0.94507205,0.9435316,0.953827,0.95455194,0.944901,0.9651246,0.9564032,0.9797269,0.9479687,0.9515462,0.96144086,0.96006566
ahiddenlifefilm,0.97807217,0.97198385,0.9794416,0.975654,0.97858596,0.9670321,0.97716904,0.9797269,1.0000001,0.97086465,0.9691023,0.9685966,0.9753774,0.97635895,0.9814083,0.9735814,0.97410136,0.97657263,0.9773991,0.97703856,0.9800866,0.976255,0.97753286,0.9802142,0.9770418,0.9381665,0.9588678,0.9746383,0.9786121,0.9736564,0.97181934,0.9738836,0.9735635,0.9727955,0.96600574,0.9540648,0.98328996,0.9774043,0.97981,0.97348285,0.97374165,0.9742248,0.9701988,0.9720846,0.9797628,0.97533447,0.9775028,0.9780048,0.9777434,0.9767116,0.98147595,0.9842539,0.9704634,0.9725073,0.9720988,0.96660775,0.9731158,0.97594386,0.9791183,0.97405535,0.9703187,0.9805923,0.9748453,0.9791917,0.9756372,0.97218496,0.9629276,0.97675556,0.9712056,0.9597173,0.9805664,0.8711331,0.9621349,0.9735466,0.9718045,0.9712137,0.93768793,0.9728029,0.97418505,0.9680107,0.9748364,0.97775495,0.97346413,0.9641982,0.9819697,0.9717813,0.9658491,0.97410196,0.9711561,0.98190516,0.9747103,0.9805664,0.9740471,0.9721853,0.97936356,0.975201,0.97612804,0.97448426,0.9658083,0.9670478,0.9759515,0.97593933,0.97109526,0.97849566,0.96717864,0.98010087,0.98180246,0.9730392,0.9666699,0.96718657,0.98223424,0.93243045,0.9796038,0.94304436,0.97132695,0.9744933,0.9795025,0.97259927,0.9770195,0.97343206,0.964939,0.9776455,0.9808369,0.9646677,0.97697085,0.9746308,0.976772,0.96527874,0.97288924,0.95747346,0.97999805,0.97209084,0.9702765,0.96195984,0.97382486,0.9707084,0.9726282,0.97413206,0.97777104,0.9698043,1.0000001,0.975723,0.9675364,0.9756509,0.96900797,0.97780347,0.9722149,0.97111934,0.981571,0.96954817,0.97441256,0.97306764,0.97880304,0.9446987,0.966206,0.9731702,0.97265226,0.96887857,0.9765209,0.97559667,1.0000001,0.966788,0.96994734,0.97778785,0.97572863
alitamovie,0.95786446,0.9470711,0.9395103,0.9470639,0.9626548,0.93993974,0.94664156,0.9559574,0.97086465,1.0000001,0.94422644,0.9408297,0.94919056,0.94459593,0.94893056,0.9511968,0.9453405,0.9583626,0.95214474,0.9498974,0.9548851,0.9479183,0.9473066,0.9532464,0.9514452,0.9166487,0.94000775,0.9365474,0.9437893,0.94627285,0.9425554,0.9498845,0.9451643,0.9398111,0.93615276,0.91881734,0.9597027,0.9485792,0.9500606,0.94416666,0.9535427,0.9529994,0.9424734,0.95461893,0.95575935,0.9548394,0.9471302,0.95252055,0.9517022,0.9590737,0.9522626,0.95273066,0.93781525,0.9468095,0.9466896,0.9530949,0.9491111,0.9508839,0.9596692,0.9471705,0.95721936,0.947405,0.94464844,0.95131195,0.94655555,0.9520239,0.94799733,0.95190376,0.95105284,0.9303573,0.957981,0.85490686,0.9412601,0.9459709,0.93466973,0.95035106,0.90853614,0.94747216,0.95232564,0.93846595,0.94983774,0.95404,0.95464414,0.94000524,0.9526571,0.94959277,0.94469106,0.93733835,0.94401664,0.95952916,0.95225,0.957981,0.9423225,0.9526922,0.953353,0.9508639,0.95160794,0.94572866,0.9434626,0.9402908,0.95799726,0.9452073,0.9481778,0.9622041,0.95172256,0.9525752,0.95622325,0.95704436,0.9354859,0.93983597,0.94637257,0.91077685,0.95375025,0.9175091,0.94849896,0.9507023,0.9521537,0.93645614,0.9471473,0.9447383,0.94853354,0.947443,0.9586233,0.93490356,0.9467465,0.9553572,0.94680184,0.93405354,0.9573202,0.9348721,0.954234,0.9509812,0.9359178,0.9428815,0.95449007,0.9425931,0.94092536,0.9423737,0.95709807,0.947263,0.97086465,0.9502932,0.9518032,0.94581246,0.93123776,0.94530386,0.94598323,0.9464148,0.96047276,0.9452696,0.9406723,0.9430494,0.96179664,0.9391842,0.9464256,0.9432941,0.9497002,0.9489807,0.94896543,0.9554289,0.97086465,0.941141,0.94917196,0.9478558,0.9489513
angelhasfallen,0.9535444,0.94299304,0.9487699,0.9404822,0.94276863,0.94866806,0.9565802,0.95377696,0.9691023,0.94422644,0.99999994,0.932325,0.95241266,0.9525087,0.95168954,0.9445838,0.94118255,0.9467701,0.95769036,0.95251584,0.9514864,0.94966036,0.9528398,0.95709807,0.95063823,0.90032166,0.9406256,0.9399594,0.9457244,0.9487552,0.9478657,0.9497526,0.9510304,0.94414693,0.9363619,0.93356407,0.9626681,0.9481876,0.9531325,0.94920325,0.94477385,0.94899714,0.94474834,0.941653,0.9525354,0.9478485,0.95126635,0.95145684,0.9539789,0.9502163,0.95237094,0.9543164,0.9418262,0.93882525,0.9393713,0.9396651,0.9568526,0.9493546,0.96003705,0.94893044,0.942205,0.9531405,0.93447685,0.94895476,0.94899267,0.95697486,0.9447988,0.9484964,0.96473664,0.93427706,0.95720065,0.8670271,0.9381106,0.9539465,0.9474961,0.93066907,0.90558267,0.94272304,0.9480749,0.9453092,0.9672266,0.9536349,0.9389224,0.94200677,0.95669615,0.95124716,0.9439926,0.95150083,0.9406225,0.9522666,0.94395727,0.95720065,0.9394396,0.9515752,0.9546313,0.95670134,0.95798784,0.9492505,0.9473621,0.9391714,0.9496591,0.95368785,0.9449379,0.9510286,0.94966704,0.94893897,0.95129824,0.94447863,0.93723637,0.9523231,0.95459074,0.92222244,0.9503846,0.933456,0.9389487,0.9565699,0.9496081,0.94396436,0.952294,0.9612889,0.93172956,0.948371,0.9552845,0.9472659,0.9525366,0.95620304,0.9642659,0.93219817,0.9428871,0.92727065,0.94782776,0.9354263,0.9453044,0.93853796,0.9442884,0.95301604,0.94586754,0.94863486,0.954065,0.93885815,0.9691023,0.95664525,0.9467955,0.94288784,0.9361815,0.9554205,0.9528131,0.9389283,0.94789094,0.9387528,0.9584691,0.94522244,0.9528011,0.92348003,0.9476639,0.94166726,0.9508589,0.94152355,0.95511967,0.9451934,0.9691023,0.94396996,0.950909,0.95051885,0.9484573
angrybirdsmovie,0.9451106,0.9429229,0.9569044,0.94338936,0.9599997,0.9467318,0.9459047,0.9502641,0.9685966,0.9408297,0.932325,1.0000001,0.94170547,0.95217913,0.9503081,0.9425593,0.94774646,0.9517508,0.95034635,0.9418948,0.9521476,0.95289254,0.9503126,0.9484211,0.9497355,0.9198866,0.93394846,0.9450066,0.9528613,0.94768757,0.9453373,0.9455604,0.9501592,0.9570697,0.92702097,0.92076904,0.9524421,0.94702077,0.9440606,0.9487487,0.9472822,0.9533381,0.94417006,0.9434264,0.9443133,0.95694524,0.9508282,0.95988154,0.93920124,0.95069915,0.9641257,0.9560441,0.93580997,0.940938,0.9447815,0.9389338,0.94205487,0.9432127,0.94408554,0.9383763,0.93928236,0.94729203,0.94741786,0.9461615,0.95217514,0.93606883,0.92783356,0.95143384,0.9484713,0.9305273,0.943522,0.84289247,0.9286504,0.9388134,0.9448576,0.9423061,0.9122855,0.9460214,0.9406107,0.943074,0.94674194,0.9496355,0.9572312,0.921307,0.96843606,0.94061255,0.9280042,0.9343112,0.93470675,0.9634276,0.94934666,0.943522,0.9530281,0.9551578,0.9592447,0.9457841,0.94820166,0.941458,0.9444993,0.949124,0.95919955,0.94715786,0.9464304,0.9491164,0.9372959,0.96153533,0.9491045,0.9504005,0.95081604,0.9485619,0.952145,0.90379417,0.94301677,0.8971695,0.9486992,0.9449556,0.946495,0.9475801,0.94686294,0.941424,0.93712413,0.9420156,0.948271,0.93988293,0.94042116,0.9403607,0.9455094,0.94690907,0.951508,0.9402655,0.94548804,0.9570542,0.93614304,0.93468446,0.93737423,0.9388914,0.9467391,0.9461972,0.95043224,0.9481825,0.9685966,0.95070636,0.95441455,0.94531274,0.9450179,0.94586235,0.93590087,0.9378273,0.95745283,0.93711925,0.9376122,0.94190335,0.95028687,0.9122238,0.92804503,0.94193757,0.9370825,0.9368857,0.9494492,0.9439093,0.9685966,0.933291,0.94567937,0.93938696,0.9560092
annabellemovie,0.95614636,0.94935524,0.95494586,0.9645851,0.95293236,0.93840396,0.9520918,0.951229,0.9753774,0.94919056,0.95241266,0.94170547,0.99999994,0.9519258,0.95932037,0.9501608,0.9481706,0.9595232,0.9546759,0.9582548,0.953342,0.95274353,0.947294,0.9521382,0.9539237,0.9130762,0.9350154,0.95254576,0.95331043,0.9522086,0.94535476,0.95488465,0.9470778,0.9442932,0.9446821,0.9352406,0.9579134,0.96293384,0.9585133,0.9478009,0.95155364,0.94722134,0.947444,0.95372313,0.95519453,0.9532187,0.9474628,0.9550623,0.9593925,0.9588388,0.9579519,0.95740366,0.95235765,0.94452924,0.95006365,0.9487127,0.9595859,0.95184904,0.9569069,0.94865644,0.96343595,0.9520453,0.94712293,0.9663512,0.94804144,0.95674825,0.94902796,0.95322573,0.94602984,0.9328935,0.9576405,0.8667164,0.95331025,0.95159334,0.9524513,0.9553641,0.9087257,0.9488493,0.9519183,0.94749403,0.9501244,0.9636547,0.95725614,0.95187205,0.96556294,0.94483626,0.96153444,0.974904,0.94790614,0.95716864,0.95811194,0.9576405,0.9528579,0.9513442,0.9546711,0.95883536,0.95093757,0.95234376,0.94489,0.9361133,0.94725,0.9533634,0.94279426,0.9548799,0.93861115,0.9561365,0.96128297,0.95597184,0.9440129,0.9477947,0.9617863,0.9212287,0.9575142,0.9380769,0.9469166,0.9582896,0.9590177,0.9465169,0.9502268,0.9516637,0.9552707,0.9557888,0.964289,0.9419175,0.95392925,0.94895107,0.9591548,0.9435764,0.9452216,0.9259957,0.9625803,0.9497386,0.9458242,0.9489084,0.95645016,0.95620364,0.9436236,0.94938374,0.95706546,0.9437586,0.9753774,0.95617926,0.9478911,0.95811135,0.9502003,0.95635444,0.95731586,0.9474523,0.9632168,0.94774204,0.95346,0.9507524,0.9576858,0.92113096,0.9463775,0.94586635,0.9510923,0.9523331,0.95351833,0.9564346,0.9753774,0.9471101,0.945428,0.9545654,0.95605123
annamovie,0.9539188,0.9481963,0.9580955,0.9546373,0.95797855,0.9558922,0.9607857,0.96136343,0.97635895,0.94459593,0.9525087,0.95217913,0.9519258,0.99999994,0.9605738,0.95180035,0.9522174,0.9560735,0.953371,0.94747835,0.9653609,0.9467783,0.95390046,0.9584467,0.95808864,0.91866577,0.9483658,0.961346,0.9529033,0.95596546,0.9443258,0.962398,0.950052,0.94866025,0.9382402,0.9261661,0.9661039,0.96064425,0.95364,0.9541752,0.94376653,0.9497785,0.9537885,0.9462174,0.96037954,0.95760494,0.955326,0.95473796,0.95648396,0.9523855,0.9566962,0.96407217,0.9541043,0.9592264,0.9577063,0.94463414,0.94984835,0.9560038,0.9590852,0.9538062,0.9441971,0.9541672,0.9524995,0.9657445,0.957637,0.9482016,0.9400213,0.95794886,0.950259,0.9438345,0.95708513,0.84823626,0.93123245,0.95942086,0.94602144,0.94545823,0.92598104,0.958204,0.94864076,0.9472192,0.95016706,0.95663875,0.950377,0.93622214,0.96734774,0.94899035,0.94456846,0.95090586,0.95686144,0.9547129,0.9443661,0.95708513,0.94886035,0.95260584,0.95727855,0.96150976,0.95314026,0.95277536,0.95371175,0.9539997,0.9546318,0.95442307,0.95476896,0.9553317,0.96528876,0.95155007,0.9614639,0.9475091,0.9417601,0.9538916,0.9626395,0.90732664,0.9578158,0.90167356,0.9601172,0.951171,0.95978415,0.9473005,0.95865816,0.95358276,0.9404275,0.95867836,0.9634543,0.95523345,0.94989175,0.9545632,0.958149,0.94043016,0.9500422,0.9323732,0.9569656,0.9539035,0.9513461,0.9409831,0.95415086,0.9492787,0.9558153,0.95752984,0.95619154,0.9528105,0.97635895,0.9496783,0.9487903,0.95228046,0.945413,0.9590977,0.9490799,0.9500791,0.9579346,0.9498486,0.9556135,0.9482783,0.96284264,0.9266483,0.9429456,0.95427936,0.94900715,0.9498579,0.954238,0.95469713,0.97635895,0.9429019,0.95258147,0.95791733,0.9524295
apollo11movie,0.9638319,0.9546977,0.956657,0.9586505,0.95405483,0.95334905,0.9572058,0.965913,0.9814083,0.94893056,0.95168954,0.9503081,0.95932037,0.9605738,0.99999994,0.95032144,0.9595311,0.9566835,0.9599887,0.9738757,0.96833986,0.9630867,0.9616839,0.96656734,0.96730566,0.9273564,0.94569874,0.9594025,0.96431583,0.96201813,0.9509319,0.96059555,0.9594375,0.9453641,0.9561055,0.93946594,0.96561337,0.9597764,0.9654056,0.94838387,0.95060647,0.95266604,0.9487529,0.95604527,0.9629377,0.95762324,0.9621233,0.96195847,0.96479076,0.95493674,0.9626662,0.96640235,0.95223993,0.95397514,0.95536697,0.939982,0.9540674,0.95516145,0.9655269,0.96266466,0.9502042,0.9631431,0.9557085,0.955216,0.96120834,0.95542014,0.94815314,0.95969033,0.9554756,0.94295156,0.9660717,0.8532941,0.9445317,0.9570705,0.9551354,0.95362794,0.9277183,0.9590926,0.9547472,0.9457559,0.95861644,0.9611362,0.94713026,0.94522655,0.9686896,0.95163786,0.95051324,0.9601118,0.95586777,0.9671754,0.956715,0.9660717,0.9570403,0.9600868,0.9591018,0.9734603,0.9563665,0.95459664,0.9458,0.9532845,0.9560687,0.9555319,0.9595296,0.9622792,0.9482735,0.96105945,0.9671909,0.9537326,0.9513935,0.95040643,0.96659344,0.91008,0.9618154,0.9304811,0.9555848,0.95093626,0.9591592,0.9568739,0.9610456,0.95489484,0.94390684,0.95681834,0.968476,0.95700175,0.9612871,0.9631973,0.95648265,0.9418227,0.95343244,0.9360286,0.9563692,0.9525336,0.9553496,0.9469797,0.95090836,0.95844907,0.9581048,0.96010983,0.9659763,0.95659006,0.9814083,0.96468985,0.9544738,0.9556852,0.9577463,0.9594174,0.95763224,0.95331407,0.9595939,0.95518106,0.9585919,0.9506271,0.96192527,0.9312848,0.953811,0.96221125,0.9550255,0.95073116,0.96282583,0.95234525,0.9814083,0.9420089,0.9585514,0.9666091,0.9578402
arcticdogsmovie,0.9528177,0.968902,0.9511347,0.9584403,0.9578617,0.93776983,0.950485,0.9518829,0.9735814,0.9511968,0.9445838,0.9425593,0.9501608,0.95180035,0.95032144,0.99999964,0.95054686,0.95138276,0.9518638,0.9449665,0.9535232,0.9475641,0.95791715,0.963502,0.952996,0.9059477,0.939323,0.9494994,0.95035297,0.9509859,0.94966465,0.946171,0.94807565,0.9471487,0.9511777,0.93149835,0.96147996,0.94854915,0.9547904,0.94923943,0.95589054,0.95160556,0.9445992,0.9472075,0.9518545,0.94926864,0.9582836,0.9561704,0.9467595,0.952154,0.95778316,0.9571426,0.9452695,0.95203614,0.9450425,0.95221895,0.9494355,0.9578761,0.958395,0.9466947,0.951249,0.9646767,0.9569934,0.9601738,0.9432633,0.9533659,0.9445781,0.9497178,0.93672854,0.93489885,0.96303964,0.8396846,0.9380549,0.9525809,0.9507404,0.94453967,0.9121988,0.9476105,0.95698106,0.94338036,0.9450856,0.95130175,0.9543637,0.9499647,0.95339596,0.9567755,0.94286925,0.9487124,0.9516411,0.95695853,0.95255685,0.96303964,0.94237447,0.94363403,0.9562711,0.9500119,0.9503168,0.9543563,0.9375965,0.94548106,0.9502944,0.95204175,0.9464554,0.96052784,0.94744706,0.95301473,0.9546364,0.9629131,0.9501701,0.9366362,0.952501,0.909415,0.951823,0.91437346,0.93864906,0.9463365,0.9520865,0.9370284,0.95469105,0.9463749,0.9472521,0.9534375,0.9534405,0.9373319,0.9567318,0.94820523,0.9616365,0.9454604,0.9513147,0.93480754,0.95600593,0.9512283,0.94772017,0.9402355,0.9613545,0.95242405,0.9451113,0.94857156,0.95497644,0.9427052,0.9735814,0.9422981,0.9435059,0.9642501,0.94709855,0.95203394,0.94484055,0.95307565,0.9628164,0.9497168,0.947836,0.9452148,0.9553833,0.9232058,0.9374092,0.95222956,0.94505656,0.9452024,0.9485273,0.9500022,0.9735814,0.9459729,0.94826007,0.9539774,0.9525536
arcticmovie,0.9593169,0.9495025,0.9485236,0.9519647,0.9540908,0.94743377,0.9543384,0.9564778,0.97410136,0.9453405,0.94118255,0.94774646,0.9481706,0.9522174,0.9595311,0.95054686,0.99999976,0.95224756,0.9553015,0.95416164,0.9634419,0.9586246,0.9533166,0.9581692,0.95961833,0.91912687,0.9384804,0.9666126,0.9570158,0.95184916,0.9552763,0.9489654,0.9445122,0.9533712,0.9406668,0.9406549,0.95862514,0.9561435,0.95482016,0.94940746,0.95715725,0.9552606,0.94523144,0.9543712,0.95664376,0.9536778,0.9565295,0.95681345,0.95446384,0.95509946,0.9560306,0.9544065,0.94683033,0.94829625,0.9436077,0.93832916,0.9601241,0.9598634,0.9526048,0.95446426,0.9464798,0.95914173,0.94673574,0.95667994,0.95083857,0.950109,0.94312066,0.9456807,0.9486241,0.93025446,0.9629807,0.8497147,0.93336326,0.9442698,0.94810003,0.9503708,0.92073065,0.9496074,0.95048845,0.9377748,0.9502031,0.9497566,0.94565463,0.9467062,0.95155936,0.9502667,0.9413305,0.9501037,0.9562233,0.95385927,0.947646,0.9629807,0.9497462,0.9490056,0.9533634,0.95165294,0.9513514,0.9559439,0.94082606,0.94746196,0.9502515,0.9507075,0.94871,0.9645482,0.941798,0.9545034,0.9572059,0.9515734,0.94053,0.9392,0.95724434,0.9060091,0.9588084,0.9270496,0.9534141,0.9564455,0.9608164,0.9408289,0.9585027,0.95162994,0.9472276,0.95581424,0.95479494,0.947618,0.96097916,0.95023113,0.94938654,0.93422276,0.9475067,0.9345362,0.95139414,0.94820666,0.9742077,0.94916856,0.9572228,0.94506913,0.95211947,0.93975514,0.96038634,0.9478924,0.97410136,0.95320207,0.9397625,0.9543047,0.94296527,0.9506877,0.9554584,0.9418092,0.9578119,0.95897645,0.9471891,0.9478095,0.9529672,0.93000567,0.9414957,0.9511044,0.9509864,0.9502825,0.95605725,0.95917654,0.97410136,0.9414521,0.94301426,0.95303315,0.9539624
artofracingmovie,0.95342535,0.9510863,0.9574071,0.95323706,0.9703559,0.94573146,0.952519,0.95893914,0.97657263,0.9583626,0.9467701,0.9517508,0.9595232,0.9560735,0.9566835,0.95138276,0.95224756,0.9999994,0.9552639,0.9564356,0.9583273,0.9516756,0.94819367,0.9542661,0.95345443,0.9244723,0.94261175,0.9540093,0.9565462,0.9479072,0.9476181,0.9565915,0.94974756,0.9503427,0.9489911,0.93192405,0.9605591,0.9576739,0.9565547,0.94676894,0.9528394,0.9623564,0.94668645,0.95764554,0.9590484,0.95172095,0.94948775,0.95467126,0.9525291,0.96362287,0.95903015,0.9607697,0.94380903,0.9512654,0.94961363,0.95914435,0.95996225,0.952642,0.9578046,0.9475427,0.94831926,0.9499966,0.95151484,0.9618588,0.95403206,0.95289767,0.9394376,0.9544153,0.94904995,0.9447723,0.95407116,0.8751171,0.94396156,0.9528971,0.95105803,0.95387894,0.9113307,0.95331645,0.95256835,0.9481625,0.94743645,0.95389736,0.95385987,0.9433303,0.9628231,0.9406942,0.9526486,0.9497369,0.9423845,0.9640142,0.95399165,0.95407116,0.95630366,0.9549405,0.9526563,0.9503386,0.95006996,0.9543517,0.93701035,0.93373793,0.9571402,0.95152336,0.9499963,0.9589084,0.9421602,0.9606421,0.96022093,0.95744807,0.9439976,0.94066054,0.9509707,0.9082577,0.9606502,0.92591655,0.94759905,0.9575811,0.95350534,0.9489255,0.9544222,0.94965583,0.9498661,0.95432836,0.95739603,0.94215894,0.9491189,0.9540941,0.9516798,0.9436105,0.9573754,0.94946843,0.9636454,0.9623374,0.94742215,0.93678176,0.9500999,0.9464154,0.94470793,0.9514795,0.9530801,0.96410733,0.97657263,0.95555925,0.94520515,0.9499534,0.94730276,0.94759333,0.944585,0.94827515,0.9575658,0.950234,0.94916296,0.9627265,0.95785385,0.92716897,0.93277943,0.9504588,0.94330543,0.94194,0.9525899,0.95998085,0.97657263,0.9435834,0.95286685,0.9455161,0.95510036
avengers,0.9714493,0.9524848,0.9628189,0.94437665,0.96145785,0.9434836,0.9584446,0.96051383,0.9773991,0.95214474,0.95769036,0.95034635,0.9546759,0.953371,0.9599887,0.9518638,0.9553015,0.9552639,1.0000004,0.9604117,0.9646192,0.9569802,0.95329946,0.9574935,0.95855093,0.9204076,0.95009357,0.95120674,0.9584073,0.95244235,0.96912843,0.95376396,0.9623398,0.9562246,0.9427936,0.9324019,0.96414566,0.9523963,0.9572847,0.9524232,0.95524526,0.96030027,0.9513233,0.9559249,0.9586112,0.96270835,0.9553405,0.95915085,0.9593947,0.9587307,0.9589562,0.964649,0.94833714,0.9538977,0.9463187,0.95054615,0.9610062,0.9565337,0.95786947,0.95726895,0.95676166,0.9572926,0.95647675,0.9577408,0.96057355,0.9479647,0.9356229,0.95503575,0.95079225,0.93255013,0.9644152,0.8641312,0.9479864,0.95441777,0.94809407,0.9528784,0.9151626,0.96190107,0.9560581,0.94566834,0.9582582,0.95807564,0.95684797,0.94222635,0.96372813,0.95393896,0.94238234,0.9507843,0.9492723,0.96150494,0.9506865,0.9644152,0.95785135,0.9456486,0.9616791,0.95800596,0.95637864,0.94856143,0.95636356,0.94413483,0.9541907,0.95955086,0.94383115,0.9654012,0.95232856,0.9576292,0.9634397,0.9584194,0.9512086,0.95463556,0.96140456,0.9103613,0.9526201,0.9241779,0.95376813,0.95943844,0.95883745,0.94415355,0.96045387,0.95807266,0.9458967,0.9542895,0.9620086,0.94395334,0.95271903,0.9531957,0.95518744,0.94487643,0.9538086,0.9422731,0.9596724,0.9477608,0.9500829,0.9446493,0.9519204,0.95033205,0.9557819,0.9619095,0.96515894,0.95732933,0.9773991,0.9513763,0.95488393,0.95545244,0.94977504,0.9615121,0.95077395,0.9429436,0.9608812,0.94836515,0.95807886,0.9571053,0.955419,0.93203557,0.9484921,0.9599899,0.9552137,0.95711315,0.95964146,0.95346034,0.9773991,0.9503577,0.9560033,0.9566515,0.9527532
beachbummovie,0.9625736,0.944854,0.95970905,0.950505,0.9487936,0.9427098,0.9544633,0.9615075,0.97703856,0.9498974,0.95251584,0.9418948,0.9582548,0.94747835,0.9738757,0.9449665,0.95416164,0.9564356,0.9604117,0.9999999,0.96488994,0.96753794,0.9490337,0.9556826,0.96154785,0.9208059,0.94389635,0.94928163,0.96307456,0.9530258,0.9504603,0.9545546,0.9454387,0.9461789,0.94735456,0.9387001,0.95716685,0.9557125,0.96252096,0.95133257,0.9498179,0.95423645,0.95369947,0.95883954,0.9606516,0.9591386,0.951263,0.9597075,0.9687636,0.9588311,0.963635,0.96505845,0.95166916,0.94772947,0.95761466,0.93422014,0.95741963,0.9568489,0.957552,0.9611574,0.9503065,0.9580966,0.9553191,0.95531267,0.9568054,0.94996333,0.9460383,0.96025974,0.9528155,0.95259744,0.9670314,0.85630393,0.93544424,0.94956625,0.9429355,0.95310444,0.9232387,0.9450531,0.9550984,0.9518166,0.9647504,0.9624801,0.94721925,0.9532911,0.9627722,0.95032334,0.9449745,0.9632083,0.95153034,0.9598285,0.95032865,0.9670314,0.961019,0.9513977,0.95338345,0.9622424,0.9625,0.96877795,0.95066047,0.93430746,0.9528176,0.95914435,0.94819087,0.96050483,0.93612385,0.9629996,0.95632535,0.9537897,0.9427126,0.9521515,0.96452886,0.9054328,0.96356636,0.94304144,0.9508174,0.95972824,0.9618572,0.95414084,0.9616926,0.954424,0.93310016,0.9588222,0.9661016,0.9464512,0.9583868,0.94746464,0.9540699,0.93872917,0.94516987,0.9383809,0.96090937,0.94733953,0.9468552,0.9354619,0.95265526,0.9516838,0.9556172,0.9585934,0.95880336,0.9590475,0.97703856,0.9660197,0.9489831,0.9510811,0.9483398,0.9580768,0.958738,0.94185525,0.9547683,0.9557401,0.9561985,0.95414317,0.95765364,0.9380902,0.952066,0.9577206,0.94430494,0.9518174,0.95972043,0.95919657,0.97703856,0.93893874,0.9503424,0.9569996,0.9617517
bernadettefilm,0.9602839,0.9487736,0.96268934,0.9518058,0.95852774,0.95133954,0.95890695,0.9644125,0.9800866,0.9548851,0.9514864,0.9521476,0.953342,0.9653609,0.96833986,0.9535232,0.9634419,0.9583273,0.9646192,0.96488994,0.9999995,0.9637478,0.95379084,0.95933706,0.9693575,0.9337773,0.95302385,0.96242166,0.9610173,0.96374744,0.9570854,0.9597405,0.9570471,0.9524927,0.9518003,0.95066077,0.9630389,0.96480125,0.96144587,0.95723563,0.95876825,0.9610461,0.96032715,0.9565903,0.9599765,0.9678414,0.95410895,0.9660764,0.96250224,0.9622937,0.9645725,0.9659393,0.95249873,0.95741165,0.9593231,0.9446725,0.9605128,0.96507764,0.95883983,0.9620502,0.95198965,0.9629016,0.9548344,0.9623093,0.95709354,0.95618814,0.9440733,0.9610573,0.95651203,0.9378095,0.96680045,0.8505074,0.94310635,0.9603073,0.9424459,0.95399195,0.91856784,0.9578317,0.95625573,0.94618076,0.9556553,0.9618477,0.9564027,0.94732904,0.9634735,0.95859045,0.94590193,0.9564513,0.9636377,0.9606728,0.95244336,0.96680045,0.9606354,0.9560608,0.9575891,0.9641685,0.95667285,0.9537911,0.95771384,0.9457903,0.95946735,0.9607889,0.95797044,0.9655393,0.9513493,0.96269906,0.9626168,0.9550941,0.9479388,0.95441806,0.96080375,0.90631294,0.96539134,0.91566205,0.96600294,0.95562273,0.9604919,0.94635934,0.9616357,0.9543764,0.9459097,0.9665645,0.963487,0.95837724,0.958052,0.9552019,0.95846146,0.9499086,0.95874494,0.9410376,0.97110677,0.96073323,0.9628617,0.9465086,0.95922595,0.9553875,0.9522266,0.9561171,0.9602237,0.9608937,0.9800866,0.9632266,0.9522913,0.9524344,0.94737476,0.95751566,0.95576483,0.95277697,0.9620757,0.9577116,0.95648354,0.9573703,0.9710468,0.9325999,0.94531155,0.9671609,0.9546425,0.9556451,0.9624171,0.96594554,0.9800866,0.94799685,0.96160805,0.95911026,0.9594689
