movie,21bridgesmovie,47metersdown,abeautifuldaymovie,abominablemovie,adastramovie,adogsjourneymovie,aftermathmovie,aftermovie,ahiddenlifefilm,alitamovie,angelhasfallen,angrybirdsmovie,annabellemovie,annamovie,apollo11movie,arcticdogsmovie,arcticmovie,artofracingmovie,avengers,beachbummovie,bernadettefilm,blackandbluemovie,blackchristmas,blindedbythelightmovie,bombshellmovie,booksmart,breakthroughmovie,brianbanksmovie,brightburnmovie,brittanyrunsmov,captainmarvelofficial,captivestatemovie,catsmovie,charliesangels,childsplaymovie,clarathefilm,coldpursuitmovie,countdown,currentwarmovie,darkwatersmovie,detectivepikachumovie,disneyaladdin,disneyfrozen,disneymaleficent,doctorsleepmovie,dolemiteismyname,dontletgomovie,doramovie,downtonabbey_official,dumbo,escaperoom,everybodyknowsmovie,fastandfuriousmovie,fightingwmyfam,fivefeetapartfilm,fordvferrari,freaksthefilm,geminimanmovie,glassmovie,gloriabellmovie,godzillamovie,goldfinchmovie,goodboysmovie,goodliarmovie,gretafilm,halathemovie,happydeathdaymovie,harrietfilm,hellboymovie,hersmellmovie,highlifemovie,highstrungmovie,honeyboymovie,hotelmumbaifilm,httydragon,hustlemovie,hustlersmovie,isntitromantic,itmovieofficial,jayandsilentbob,johnwickmovie,jojorabbitmovie,jokermovie,judythefilm,jumanjimovie,justmercyfilm,knivesout,lalloronamovie,lastblackmansf,lastchristmasthemovie,latenightmovie,lighthousemovie,lionking,littlethemovie,littlewomenmovie,littlewoodsfilm,longshotmovie,lordsofchaosmovie,lucyintheskyfilm,mamovie2019,marriagestory,meettheaddams,meninblack,midsommarmovie,midwaymovie,missbalamovie,missinglinkfilm,motherlessbklyn,onceinhollywood,onthebasisofsex,overcomermovie,peanutbutterfalcon,petsematarymovie,piercingmovie,playingwithfire,playmobilthemovie,pomsmovie,queenandslim,rambomovie,readyornotfilm,richardjewellfilm,rocketmanmovie,scarystoriesmovie,secretlifeofpets,serenityfilm,shaftmovie,shazammovie,spidermanmovie,spiesindisguise,starwars,stormboymovie,stubermovie,taosdfilm,teenspiritmov,terminator,theaeronautsmov,thebestofenemies,thedeaddontdie,thefarewell,thehighwaymen,thehummingbirdprojectfilm,theintrudermovie,theirishmanfilm,thekitchenmovie,thelegomovie,themustangfilm,thenightingalefilm,theprodigymovie,thesunisalsoastar,theupsidefilm,tolkienmovie,toystory,triplefrontier,uglydolls,uncutgems,underthesilverlake,usmovie,wavesmovie,whatmenwant,wonderparkmovie,wrinklestheclown,xmenmovies,yardiefilm,yesterdaymovie,zombieland
21bridgesmovie,1.0,0.95625114,0.95705616,0.9575941,0.96349496,0.95110923,0.9641117,0.9575966,0.9802733,0.95994645,0.96440214,0.95112807,0.9540655,0.96691835,0.96626705,0.95755714,0.9523387,0.96267617,0.97960377,0.952486,0.9604209,0.95681536,0.96353877,0.9525978,0.9523642,0.92172295,0.96444565,0.9545825,0.9590173,0.9580372,0.9627528,0.9533304,0.951578,0.95120597,0.9572299,0.9471042,0.9669191,0.9581187,0.95906764,0.9535968,0.95966685,0.9587588,0.9532051,0.9600577,0.9625025,0.9589412,0.95692843,0.95828986,0.95322645,0.96296626,0.9572512,0.968936,0.95773935,0.9534851,0.9488609,0.95633,0.94906044,0.9594909,0.96274203,0.9640673,0.95782757,0.9440988,0.9522434,0.9621108,0.9517109,0.9571659,0.9554502,0.95949787,0.95416677,0.95743346,0.97087115,0.80552375,0.9549421,0.9649806,0.9391639,0.9496626,0.92900133,0.96001595,0.9524551,0.95872706,0.952864,0.96195966,0.9589683,0.95268506,0.949594,0.9651683,0.95394754,0.96421224,0.96052253,0.9662099,0.95571065,0.97087115,0.9510154,0.95723504,0.95171666,0.95764637,0.96446383,0.95793647,0.9392882,0.961371,0.9605214,0.94899106,0.9530883,0.9584198,0.9645101,0.95432705,0.9551021,0.9669517,0.9590507,0.9501943,0.97181374,0.8636549,0.96597356,0.9446902,0.9568411,0.9735994,0.99034566,0.9418673,0.96718645,0.9582987,0.95858175,0.96537435,0.95980144,0.9507248,0.9600305,0.9658886,0.95672184,0.9505486,0.9532038,0.94876957,0.96690017,0.96002364,0.95092344,0.9398969,0.96136755,0.95805156,0.97190964,0.9622793,0.96651334,0.96095735,0.9802733,0.96282434,0.96395,0.9630938,0.9477297,0.96845996,0.9639998,0.954919,0.96266794,0.96592504,0.9605276,0.953334,0.9558448,0.9472181,0.960253,0.959624,0.9578982,0.9609427,0.9628803,0.9602858,0.9802733,0.96009773,0.9644006,0.95908785,0.95789284
47metersdown,0.95625114,0.9999999,0.95488507,0.9436587,0.96504354,0.9438316,0.9611939,0.9498818,0.9751341,0.95468533,0.953562,0.94330305,0.95728564,0.95485926,0.9502527,0.9646561,0.9469302,0.96911526,0.949094,0.9430046,0.95544213,0.95607674,0.9554415,0.95952135,0.95622796,0.9199568,0.9614067,0.9538954,0.9565617,0.9472449,0.95256066,0.9558654,0.9462709,0.95194143,0.9574469,0.9268307,0.96563613,0.9586998,0.9472602,0.9542585,0.9510578,0.9557092,0.946271,0.9583326,0.9535121,0.95995504,0.9548036,0.95412564,0.9393548,0.95753944,0.9549646,0.9631566,0.9568568,0.9500518,0.9522593,0.9637313,0.9530373,0.96007675,0.9532796,0.96116275,0.95085496,0.943423,0.9525665,0.957973,0.9561391,0.95281863,0.951171,0.9567671,0.95797884,0.9504166,0.9660393,0.80562764,0.9499565,0.9646264,0.9399722,0.9380444,0.92973465,0.9519226,0.94182384,0.9494712,0.9428437,0.95694655,0.96091586,0.94823766,0.9553539,0.95823276,0.9479983,0.9562136,0.9584136,0.9579337,0.96117866,0.9660393,0.95319897,0.96075505,0.95392865,0.93819344,0.9636065,0.9628788,0.94617444,0.94457275,0.95932215,0.96095616,0.95073766,0.9627081,0.9638777,0.9517786,0.9455347,0.96055514,0.9488168,0.9548904,0.9627742,0.86092585,0.96921474,0.93083954,0.9533743,0.95890236,0.9632898,0.9521862,0.9582039,0.95600116,0.96469647,0.96425396,0.96502805,0.949499,0.9605031,0.96506166,0.9523882,0.95234257,0.95311487,0.9480605,0.95323074,0.96058375,0.9548797,0.92417747,0.96622884,0.94759464,0.9508097,0.95810705,0.96252954,0.9598171,0.9751341,0.9594888,0.952852,0.95553803,0.94674766,0.9616164,0.9534488,0.95385295,0.9600511,0.94735813,0.95396626,0.95411897,0.95730764,0.9389403,0.95539737,0.95387226,0.9460226,0.9416309,0.96677876,0.96536946,0.9751341,0.9509981,0.96321124,0.95390165,0.9587967
abeautifuldaymovie,0.95705616,0.95488507,0.9999997,0.9479006,0.9569035,0.9548399,0.96453017,0.95735025,0.97970486,0.9569111,0.9620687,0.9600914,0.954706,0.95676345,0.9599284,0.9505813,0.95964843,0.96358025,0.95272106,0.9466499,0.9620448,0.9694969,0.9582259,0.9599177,0.9501774,0.90500003,0.95539075,0.96186775,0.97330236,0.95608497,0.9521855,0.9593318,0.95472616,0.9690051,0.95094776,0.930287,0.9651477,0.9582106,0.96644783,0.9567901,0.9548881,0.96857,0.95376974,0.962471,0.95809793,0.9589796,0.9529816,0.95662266,0.9556896,0.9641516,0.9770216,0.9652055,0.9537009,0.95628077,0.96070963,0.9534827,0.9524367,0.9667411,0.9639417,0.9538438,0.9530917,0.9361697,0.95974404,0.95599806,0.9542953,0.96001005,0.9384838,0.9615947,0.9532638,0.950918,0.96196043,0.80644673,0.9504047,0.96873784,0.9487467,0.94596183,0.9272995,0.9626389,0.9527745,0.9516644,0.9586511,0.9663393,0.9575522,0.95623046,0.95807177,0.9533462,0.94472146,0.9542495,0.96002907,0.958537,0.95557463,0.96196043,0.9615008,0.95391226,0.9718384,0.949465,0.94895816,0.9606429,0.94840014,0.95135885,0.9496394,0.9522807,0.96058697,0.9617362,0.9613969,0.9738685,0.956633,0.9641763,0.95802164,0.9575502,0.9609237,0.8833257,0.9670363,0.93665105,0.9628651,0.95161474,0.9640673,0.9520227,0.9673747,0.96162057,0.95310706,0.9677921,0.9632932,0.9605576,0.95229805,0.9610135,0.94958085,0.9591136,0.95812947,0.9410007,0.9589215,0.9526096,0.9683597,0.949798,0.9655113,0.95765203,0.95549166,0.95632476,0.9631154,0.9521649,0.97970486,0.9738194,0.9497673,0.97124916,0.9537588,0.95291066,0.9577903,0.9573823,0.9631705,0.9403199,0.96186125,0.9749456,0.95642656,0.94258857,0.95426476,0.95762026,0.9473458,0.95691705,0.96284163,0.9635817,0.97970486,0.95401067,0.9671067,0.95933026,0.9703658
abominablemovie,0.9575941,0.9436587,0.9479006,1.0000002,0.9503626,0.9392775,0.9558857,0.9528735,0.97332776,0.9524019,0.9545892,0.9399248,0.9617474,0.95108485,0.9622791,0.9468655,0.9451451,0.94988316,0.95324105,0.94721794,0.9496291,0.9491721,0.95275205,0.9509719,0.94869405,0.9161111,0.9508601,0.94976467,0.94613296,0.9476042,0.9533122,0.95129776,0.94749904,0.9385975,0.9484501,0.93192565,0.9546465,0.9541413,0.9554345,0.94422096,0.95470846,0.9555486,0.94068515,0.9567221,0.9562378,0.95854974,0.94512117,0.9658075,0.93599415,0.96014434,0.94338024,0.9591599,0.95276845,0.94158053,0.95825076,0.9484082,0.9438911,0.95126295,0.9628637,0.9578272,0.95570123,0.95459545,0.95216876,0.95705795,0.94651705,0.9434116,0.94017094,0.9501343,0.9524476,0.95008284,0.96114594,0.79620755,0.95173514,0.95561004,0.94675684,0.9387833,0.91804695,0.9394711,0.9479528,0.9641111,0.95043284,0.9523572,0.9547702,0.95030564,0.9528841,0.9546509,0.9582983,0.95885414,0.94927907,0.9539113,0.9505669,0.96114594,0.94375056,0.9538344,0.94165576,0.95485,0.9531131,0.9587523,0.9300829,0.9495141,0.9546157,0.94658273,0.9484017,0.9496308,0.9506783,0.9394844,0.95270324,0.95894736,0.9462815,0.95404595,0.95364076,0.85701823,0.9508688,0.9224361,0.95138526,0.9472268,0.9600284,0.9418873,0.95635504,0.95211387,0.9503118,0.955423,0.9541835,0.9428124,0.95375997,0.95656705,0.94835156,0.93696195,0.9512534,0.9342674,0.9522188,0.9548105,0.95379263,0.93137056,0.94922423,0.94778806,0.9529571,0.9614224,0.95424706,0.9515727,0.97332776,0.9473634,0.95835626,0.95659286,0.94316524,0.95368314,0.9549996,0.9548904,0.957422,0.9522971,0.9547814,0.9479705,0.96563214,0.91958773,0.9537938,0.9471021,0.95743483,0.95358294,0.95637965,0.95401853,0.97332776,0.9549638,0.9575193,0.95605165,0.9397808
adastramovie,0.96349496,0.96504354,0.9569035,0.9503626,0.99999976,0.95200914,0.9660195,0.9555345,0.98005503,0.97865635,0.965878,0.94739574,0.9508937,0.9663208,0.96416533,0.95997345,0.9534888,0.98231333,0.9570892,0.9415752,0.9668267,0.95898694,0.965715,0.95840526,0.9547328,0.9123333,0.9712527,0.9574908,0.9596395,0.9596441,0.9548926,0.9555735,0.9579966,0.95899487,0.95420206,0.9372171,0.96954983,0.9594578,0.9578888,0.95472693,0.9541846,0.9599776,0.95394826,0.9608087,0.96275187,0.9570764,0.9622396,0.9606184,0.9576745,0.9608888,0.9570714,0.9701561,0.9608759,0.96300566,0.95356715,0.9699961,0.95012385,0.9600832,0.9589898,0.9579529,0.95501995,0.94562674,0.95144004,0.9668319,0.9567797,0.95543706,0.9440036,0.9599547,0.9678046,0.95444286,0.9684723,0.8135698,0.9499565,0.9692605,0.9520491,0.95479786,0.93223363,0.96145856,0.9525942,0.9584832,0.95630455,0.9644413,0.96528834,0.95979786,0.9522985,0.96073544,0.9578416,0.95974874,0.95820475,0.9673362,0.9607289,0.9684723,0.9595618,0.96275985,0.9604102,0.9535334,0.96788013,0.9578767,0.9570388,0.9614813,0.95701647,0.94797224,0.945737,0.9641416,0.96868587,0.95394754,0.9598232,0.9672608,0.9573785,0.95657337,0.9690341,0.86854714,0.96868074,0.9430071,0.95858026,0.97083914,0.9720392,0.9515775,0.9659034,0.95965075,0.9624563,0.9633054,0.96796674,0.95495725,0.9643024,0.9586849,0.9595202,0.94735426,0.96742547,0.95462495,0.96832025,0.9717072,0.9588951,0.9403505,0.9655818,0.96148,0.9571274,0.9601714,0.9610084,0.954785,0.98005503,0.9591236,0.9530695,0.9677702,0.95267713,0.9646562,0.9605058,0.9571242,0.96694356,0.9539044,0.96334493,0.9560221,0.9546304,0.9452692,0.96021485,0.9567366,0.9572143,0.95022017,0.961497,0.96125436,0.98005503,0.9623333,0.97347987,0.9677407,0.9573844
adogsjourneymovie,0.95110923,0.9438316,0.9548399,0.9392775,0.95200914,0.9999998,0.95410377,0.9408196,0.97068924,0.9476972,0.95444703,0.9387735,0.9466629,0.9449828,0.9566449,0.93401176,0.95089835,0.9582094,0.9492526,0.937268,0.9524149,0.9514196,0.962098,0.95325553,0.9551461,0.9089227,0.9489175,0.9527131,0.94682807,0.94324946,0.94723105,0.9500336,0.9468862,0.93937945,0.9454997,0.935192,0.95695275,0.94848883,0.95692253,0.9486756,0.9484477,0.9561156,0.9582912,0.9538067,0.95796025,0.952731,0.9568992,0.94913983,0.9440123,0.9608567,0.94868886,0.9546833,0.951255,0.94531286,0.9452224,0.94410986,0.93710774,0.95214903,0.9553522,0.9408135,0.94101965,0.9370415,0.95115834,0.94503605,0.94608384,0.9566325,0.93528354,0.95560443,0.9565096,0.94904083,0.94736916,0.79981595,0.94070166,0.9563026,0.94775957,0.94091415,0.91897184,0.9454529,0.9518391,0.9505992,0.9495479,0.9490607,0.9461867,0.9512022,0.93549603,0.9433881,0.9443112,0.95264703,0.94882184,0.95616716,0.94923234,0.94736916,0.9602601,0.94684845,0.9538306,0.94315094,0.9577535,0.9451491,0.9351649,0.9490228,0.9474877,0.9546844,0.9524371,0.954815,0.9494744,0.9461596,0.93795025,0.9494534,0.9405108,0.9439113,0.9551114,0.8541773,0.9561718,0.92000693,0.9542239,0.9522928,0.96195585,0.94891727,0.95595366,0.94730127,0.9447146,0.9541439,0.95020086,0.9710512,0.94214296,0.95481384,0.955915,0.9401573,0.94883597,0.95602524,0.94771045,0.9409339,0.95503914,0.9381931,0.94862485,0.9501066,0.9505741,0.94389766,0.9406725,0.9428824,0.97068924,0.958929,0.932663,0.9537472,0.9389795,0.9496722,0.95282507,0.9486411,0.9543212,0.9556602,0.95142394,0.96165985,0.9502612,0.93622744,0.9466388,0.9328983,0.95443475,0.94163847,0.9501071,0.9501705,0.97068924,0.9477084,0.954372,0.9605892,0.9514388
aftermathmovie,0.9641117,0.9611939,0.96453017,0.9558857,0.9660195,0.95410377,0.99999964,0.96624815,0.9827253,0.9635101,0.966585,0.94912696,0.9613752,0.9667516,0.9702507,0.9552021,0.95878386,0.9685798,0.956079,0.94853425,0.96656924,0.9660038,0.9700297,0.9573853,0.9606008,0.9194802,0.9650119,0.95492494,0.9659088,0.9615643,0.9509497,0.9667174,0.9504053,0.95891917,0.9599492,0.93520314,0.9692764,0.95821124,0.96975875,0.9649441,0.9665926,0.9649192,0.96032804,0.97101015,0.9674216,0.9658143,0.96687317,0.9622978,0.96910596,0.9701351,0.96783924,0.9778169,0.960819,0.96066654,0.96188277,0.9645126,0.95567423,0.96107304,0.9595192,0.9682582,0.9648525,0.94743776,0.96475667,0.9686121,0.9610002,0.9548816,0.9529654,0.9658311,0.9633666,0.96638376,0.9765201,0.79401964,0.9650407,0.97241473,0.94616187,0.9507222,0.92975676,0.9621403,0.9525675,0.962642,0.9558023,0.9758643,0.9736082,0.96121347,0.9556861,0.9630973,0.949807,0.9642128,0.9681919,0.96541446,0.9527795,0.9765201,0.96149683,0.96559775,0.9689315,0.9557717,0.9647558,0.96348566,0.9770698,0.96366096,0.9633484,0.9540936,0.96088684,0.97093564,0.9677865,0.9679553,0.96696156,0.9704578,0.963951,0.965793,0.97280437,0.8910305,0.9669517,0.9374443,0.9657294,0.959501,0.968826,0.9555134,0.969295,0.99028134,0.9693624,0.96754104,0.964643,0.95458925,0.9551625,0.96602964,0.95887667,0.958583,0.96132416,0.94638544,0.9705009,0.96095306,0.9619138,0.94028,0.9630464,0.96592057,0.9609689,0.9696694,0.9715887,0.9620496,0.9827253,0.97010756,0.9649861,0.96950096,0.9581371,0.96873313,0.9601293,0.9627555,0.96742564,0.9462571,0.9863186,0.96210843,0.9598632,0.94341886,0.96126264,0.9664718,0.95845777,0.9660988,0.9702238,0.9647454,0.9827253,0.9613931,0.963797,0.9663599,0.96452117
aftermovie,0.9575966,0.9498818,0.95735025,0.9528735,0.9555345,0.9408196,0.96624815,1.0000001,0.9741875,0.9598533,0.960635,0.9475214,0.950161,0.9525058,0.9623429,0.949158,0.9412643,0.96191806,0.9518227,0.9468731,0.9536749,0.962448,0.9581166,0.9600854,0.9514719,0.91455746,0.95413315,0.95239365,0.9591523,0.95136946,0.9568478,0.9605909,0.94645685,0.9439298,0.9449551,0.9298244,0.9619636,0.9484971,0.9658031,0.9509209,0.95325625,0.96174026,0.951073,0.95932424,0.95296454,0.95825386,0.9519208,0.96437496,0.9554353,0.9618973,0.96214783,0.9626952,0.9457393,0.9458137,0.96667856,0.9530164,0.9435653,0.96360224,0.9624293,0.9625652,0.9594997,0.9477944,0.94740844,0.9649873,0.95558006,0.9505742,0.94504696,0.949619,0.9565745,0.9588263,0.9668701,0.81622607,0.958975,0.9639583,0.9316542,0.9431375,0.91612846,0.9620777,0.952623,0.9533807,0.9476097,0.9615876,0.9552188,0.95649123,0.94596595,0.95675653,0.9560525,0.9548017,0.94989526,0.9623071,0.945474,0.9668701,0.9536241,0.95164907,0.95723593,0.9516548,0.95278376,0.95724267,0.9451497,0.9453618,0.95318556,0.95419246,0.9532057,0.96027213,0.9560177,0.9608346,0.9527008,0.9571703,0.9552551,0.9607093,0.962694,0.887648,0.9555203,0.9384493,0.9495056,0.9574685,0.9605565,0.94401544,0.9624187,0.96097934,0.95504117,0.95979905,0.9541986,0.94097406,0.9563245,0.9680517,0.9434696,0.95623285,0.9556913,0.94387865,0.95472604,0.9467488,0.9551559,0.9293053,0.96144277,0.9519133,0.9510742,0.9603227,0.9657594,0.9626004,0.9741875,0.9599026,0.96089256,0.96091175,0.9538906,0.96522605,0.9576665,0.952321,0.95914805,0.9443333,0.9621963,0.9545066,0.9552616,0.9307041,0.95465803,0.95643646,0.957156,0.96185714,0.9692262,0.95481735,0.9741875,0.9522858,0.9560677,0.9521839,0.9601668
ahiddenlifefilm,0.9802733,0.9751341,0.97970486,0.97332776,0.98005503,0.97068924,0.9827253,0.9741875,1.0000001,0.97731644,0.98164755,0.9684009,0.9743332,0.9789779,0.9834668,0.97226655,0.97819614,0.9813973,0.972001,0.9657368,0.9805206,0.9768003,0.98343104,0.9787745,0.97226703,0.9302863,0.9797022,0.9776329,0.9787944,0.9736328,0.97428936,0.9738001,0.97164416,0.97122335,0.9736371,0.9540496,0.98438984,0.97611064,0.98103404,0.97183555,0.9770163,0.9809641,0.9731157,0.97929996,0.98013955,0.97945577,0.97795904,0.97927415,0.96959203,0.9826429,0.9805158,0.98538226,0.9744388,0.97518736,0.973324,0.97610486,0.97019196,0.98069406,0.9809072,0.98041624,0.97644544,0.96519643,0.9743843,0.9791415,0.9766702,0.9747812,0.96749085,0.97838527,0.9782129,0.9754372,0.9873186,0.81818146,0.9735845,0.98478293,0.96842045,0.963937,0.94770503,0.9739963,0.9721327,0.9778656,0.97624934,0.97935194,0.9812618,0.974466,0.972145,0.97505426,0.9750603,0.9765269,0.97935104,0.9832696,0.9745624,0.9873186,0.9734078,0.9773834,0.9780749,0.9705635,0.97840285,0.9805933,0.9655036,0.9775389,0.9764522,0.9730408,0.97490484,0.9810299,0.98162395,0.9778383,0.9793673,0.98385704,0.9727104,0.9721283,0.98447627,0.8826276,0.9838524,0.94873595,0.98082304,0.97834474,0.98750883,0.9711464,0.98406136,0.97701544,0.97738,0.98362494,0.97990125,0.97076905,0.9769722,0.9829767,0.9738878,0.97196627,0.9782034,0.9689542,0.97964954,0.9777807,0.97998536,0.95858485,0.9812886,0.97336495,0.9779389,0.9798428,0.9816832,0.97746927,1.0000001,0.9806987,0.97504073,0.98035705,0.9688308,0.9788916,0.9776265,0.97815883,0.9837625,0.9721736,0.9786472,0.9776846,0.9788905,0.9590632,0.97978324,0.97476447,0.9757929,0.97479594,0.9808054,0.97877175,1.0000001,0.9764863,0.9831216,0.98269296,0.98084784
alitamovie,0.95994645,0.95468533,0.9569111,0.9524019,0.97865635,0.9476972,0.9635101,0.9598533,0.97731644,1.0000004,0.9619115,0.94757086,0.95311546,0.9630616,0.9662772,0.957626,0.950333,0.9659807,0.95358753,0.9410936,0.96484715,0.9623105,0.9602429,0.9585952,0.9542455,0.9101785,0.9649108,0.954276,0.9644636,0.9645379,0.9552646,0.95088136,0.9541319,0.95871764,0.94657993,0.9383249,0.9659878,0.952077,0.9552831,0.9463468,0.95899194,0.96294755,0.9595667,0.96206,0.96005917,0.9527365,0.9553239,0.9614621,0.95511496,0.964628,0.9655097,0.9627336,0.96191466,0.9555003,0.9495992,0.96250045,0.9399213,0.95826465,0.96378195,0.9601665,0.95688236,0.94467574,0.95300156,0.96330655,0.9548486,0.95019805,0.9456412,0.9511296,0.95866823,0.9475437,0.9673986,0.81940067,0.95104903,0.96793574,0.94467163,0.9495212,0.92724985,0.95933753,0.96171784,0.9615899,0.9574608,0.96041185,0.9640727,0.95964146,0.9533722,0.95253426,0.95053,0.95904857,0.9559548,0.96349716,0.9560762,0.9673986,0.9514347,0.95532984,0.96226466,0.9559188,0.96231353,0.9569632,0.95129746,0.9609349,0.9515396,0.9502098,0.9515508,0.9640668,0.9766366,0.96088165,0.9548148,0.9640301,0.95269483,0.9507712,0.96411514,0.8769099,0.9661136,0.93197805,0.9538318,0.96623963,0.9675444,0.9483938,0.9641609,0.95457536,0.9561884,0.95523375,0.96356183,0.94983965,0.95892656,0.9560906,0.95732695,0.9571203,0.9645621,0.9586452,0.9643794,0.95907414,0.95233804,0.9310991,0.96543354,0.96702194,0.95346093,0.9540821,0.9596073,0.9547063,0.97731644,0.96179295,0.9517971,0.96248835,0.9485393,0.9600507,0.9562351,0.95218813,0.96393627,0.9460534,0.9586752,0.9565263,0.9572968,0.93837005,0.95861095,0.9557957,0.9554744,0.9528037,0.9581595,0.9635276,0.97731644,0.9657965,0.96612716,0.95941186,0.9671026
angelhasfallen,0.96440214,0.953562,0.9620687,0.9545892,0.965878,0.95444703,0.966585,0.960635,0.98164755,0.9619115,1.0000001,0.9510599,0.95221335,0.95681655,0.9702316,0.9519049,0.9577275,0.96795166,0.95424265,0.95064455,0.9637198,0.96014446,0.9665401,0.9603079,0.9507862,0.9230818,0.9585972,0.9584954,0.9636385,0.95460534,0.9554615,0.95588607,0.94604105,0.9558196,0.95466185,0.9386048,0.962711,0.95781285,0.9630173,0.9465757,0.9592054,0.96625286,0.9655185,0.96040267,0.9600496,0.96538204,0.95863736,0.95889133,0.9528037,0.9645047,0.9621325,0.9668226,0.9549487,0.9591327,0.9558167,0.95399964,0.9533382,0.95906067,0.96501267,0.9577942,0.95693433,0.9448645,0.95025706,0.95584077,0.95729226,0.9677284,0.9443463,0.9589722,0.9746254,0.9605802,0.96862155,0.7911306,0.962547,0.96306473,0.9576473,0.9509838,0.92333823,0.959287,0.9545063,0.9549624,0.97102505,0.9637312,0.9662434,0.9689737,0.9525235,0.9534533,0.95794797,0.9564294,0.9555299,0.96904457,0.9562537,0.96862155,0.95520437,0.9611835,0.96349317,0.9692585,0.9627295,0.96055466,0.94997275,0.9609575,0.95965743,0.9482488,0.9577949,0.9616234,0.9594933,0.9594663,0.9650525,0.9673212,0.96044654,0.95469594,0.9671333,0.8864489,0.96538985,0.9414992,0.9682151,0.9619666,0.970412,0.95663416,0.96380204,0.95908225,0.96058285,0.9637788,0.96345884,0.9525737,0.9583738,0.96577334,0.9567572,0.95129704,0.96107686,0.9652011,0.9634016,0.9590943,0.9584245,0.9408417,0.95792687,0.95230937,0.9568781,0.9623328,0.96316284,0.96032923,0.98164755,0.9649151,0.9577373,0.96322507,0.9535795,0.96140367,0.9643207,0.9625868,0.9652674,0.9530373,0.9599385,0.9616351,0.9580508,0.9331203,0.9620467,0.95948917,0.95715845,0.9559254,0.96338576,0.96113724,0.98164755,0.95479655,0.96474177,0.9653181,0.95951945
angrybirdsmovie,0.95112807,0.94330305,0.9600914,0.9399248,0.94739574,0.9387735,0.94912696,0.9475214,0.9684009,0.94757086,0.9510599,0.9999997,0.94091856,0.93865544,0.95568526,0.94840455,0.9524022,0.9554604,0.9360287,0.94278204,0.94847655,0.9547089,0.94765764,0.955168,0.94041336,0.909088,0.95246387,0.94779456,0.95634013,0.9434041,0.9436338,0.9353128,0.9353907,0.9459608,0.9461088,0.9351535,0.95207566,0.94440687,0.9526324,0.93463117,0.9472232,0.9518262,0.94657385,0.95237327,0.9613246,0.95320374,0.941739,0.9526603,0.9347794,0.9540252,0.9630007,0.94784266,0.94008917,0.93925595,0.94466853,0.94549674,0.94773495,0.9521729,0.9585592,0.94903606,0.9438936,0.9401022,0.9529636,0.9442531,0.9414581,0.9438916,0.933028,0.93983084,0.9461736,0.94386923,0.956823,0.79911625,0.9449461,0.94252354,0.9307567,0.9265252,0.9153091,0.94497865,0.9515095,0.94822675,0.94722366,0.95234156,0.9455594,0.9529679,0.9473251,0.95144504,0.94282585,0.94724876,0.9500425,0.95207727,0.93906856,0.956823,0.9444268,0.94589156,0.9492302,0.94212615,0.94649184,0.95409846,0.93430984,0.94093794,0.945901,0.9477022,0.9458929,0.9470067,0.9486412,0.9621517,0.9562791,0.9576938,0.94570863,0.9376777,0.9598266,0.8588503,0.955089,0.93138796,0.9536929,0.94050527,0.9551168,0.94239074,0.95293313,0.9455985,0.9409737,0.9525186,0.9481146,0.94848233,0.94561493,0.9542358,0.94234693,0.9461416,0.94767207,0.9352079,0.9463379,0.94928896,0.9527065,0.9375915,0.95511746,0.9374974,0.9472415,0.9438548,0.96494776,0.94514966,0.9684009,0.96087945,0.9469373,0.9624869,0.94503665,0.93834966,0.9476101,0.9432362,0.9558829,0.9401912,0.9501792,0.952618,0.9538011,0.93338346,0.94716126,0.9432454,0.9450136,0.9566617,0.9471631,0.94986135,0.9684009,0.954496,0.9522628,0.9491362,0.9609452
annabellemovie,0.9540655,0.95728564,0.954706,0.9617474,0.9508937,0.9466629,0.9613752,0.950161,0.9743332,0.95311546,0.95221335,0.94091856,0.99999976,0.95307726,0.9587731,0.95082307,0.95368063,0.9579833,0.9437381,0.9409129,0.9492046,0.9582397,0.9554283,0.9603285,0.96069187,0.9130277,0.9506745,0.95316607,0.95855325,0.94833666,0.94555837,0.95913184,0.9503779,0.94073385,0.94947565,0.92058367,0.9602664,0.9731769,0.95364106,0.9507608,0.96708405,0.9586202,0.94999325,0.9604234,0.9497501,0.95774823,0.9499292,0.9600292,0.93827486,0.9607874,0.9568384,0.9610517,0.95714563,0.9518555,0.9633515,0.9556092,0.9428983,0.9583895,0.96129954,0.9545545,0.9660551,0.94659805,0.9493824,0.9603694,0.9483129,0.9446704,0.94428813,0.9604079,0.9522081,0.94811755,0.9643501,0.7761011,0.94665205,0.9602534,0.93204314,0.9402681,0.9201207,0.9416438,0.94785714,0.9495566,0.94417685,0.9586892,0.96553385,0.9456051,0.9645165,0.9489424,0.965272,0.9751884,0.9560465,0.95345426,0.954025,0.9643501,0.9472395,0.9529806,0.95519793,0.94230634,0.9510344,0.9541387,0.9358063,0.94829375,0.9515171,0.9500437,0.95612013,0.95778877,0.9547785,0.95699054,0.94857657,0.9653811,0.9527711,0.96556354,0.958146,0.8703727,0.96515864,0.91711444,0.9549614,0.9551421,0.9619939,0.94043493,0.9534891,0.954629,0.9612818,0.9646691,0.95465076,0.94340736,0.9559436,0.959394,0.9623046,0.9485879,0.95571405,0.9393009,0.95293736,0.9545979,0.9582339,0.9411985,0.9575967,0.95020956,0.9509172,0.9573532,0.95549464,0.9534223,0.9743332,0.9592676,0.95038444,0.9557309,0.9535255,0.9510787,0.94953,0.9514904,0.9643356,0.9454094,0.9539755,0.95671815,0.9627229,0.93401134,0.95700896,0.9424204,0.94968224,0.9504237,0.9507498,0.95696807,0.9743332,0.9549771,0.96021205,0.9550283,0.9527511
annamovie,0.96691835,0.95485926,0.95676345,0.95108485,0.9663208,0.9449828,0.9667516,0.9525058,0.9789779,0.9630616,0.95681655,0.93865544,0.95307726,1.0,0.9693686,0.95326906,0.9555137,0.960167,0.95697784,0.95045507,0.9605128,0.9529093,0.97081393,0.9483016,0.9545581,0.89618176,0.962239,0.95111483,0.96053684,0.96118593,0.95211595,0.95492613,0.9558039,0.95614505,0.95038825,0.92826015,0.9659383,0.9563334,0.95882875,0.96103615,0.9502487,0.9543314,0.94903487,0.95155454,0.95859766,0.9543947,0.9651722,0.95633245,0.96011996,0.95545703,0.9593517,0.96955746,0.9599592,0.95716494,0.95727384,0.9606123,0.95515895,0.96173286,0.95166415,0.9655605,0.9461823,0.9503119,0.95032895,0.97092694,0.9577416,0.95602316,0.95131636,0.9581644,0.9533647,0.9501839,0.97457814,0.80474424,0.9513167,0.96673614,0.95279753,0.9485558,0.9271464,0.9570315,0.9542839,0.9621894,0.95144504,0.9633156,0.9596475,0.94703424,0.95755017,0.9553814,0.9509663,0.9598597,0.9623896,0.96496415,0.9549748,0.97457814,0.9478773,0.9567426,0.9584952,0.9530952,0.9567668,0.96320873,0.94885236,0.9710373,0.9535036,0.9530146,0.952543,0.96619564,0.9765597,0.95404774,0.9605583,0.9649043,0.9526138,0.9518751,0.96585417,0.8560904,0.96764314,0.932774,0.95706344,0.96398795,0.97119594,0.94814074,0.9642608,0.95643747,0.9554315,0.9713294,0.9660823,0.9531781,0.96418023,0.9552456,0.9515345,0.94933826,0.95537275,0.939314,0.96865267,0.96205306,0.9530745,0.92893475,0.9654552,0.96152437,0.96046543,0.9656109,0.968424,0.9598838,0.9789779,0.95700204,0.9619546,0.95383924,0.94908017,0.9677455,0.9541725,0.953067,0.95598173,0.9506597,0.9612744,0.94752735,0.95345753,0.94738126,0.9602228,0.9637465,0.95768464,0.9529171,0.96219796,0.96178156,0.9789779,0.9527096,0.9621571,0.9700897,0.9634646
apollo11movie,0.96626705,0.9502527,0.9599284,0.9622791,0.96416533,0.9566449,0.9702507,0.9623429,0.9834668,0.9662772,0.9702316,0.95568526,0.9587731,0.9693686,0.99999994,0.9575689,0.9620742,0.9620644,0.9580505,0.97004414,0.9633798,0.9567095,0.9714015,0.9563178,0.9593498,0.90741855,0.9635744,0.9627778,0.96298724,0.96133983,0.96020776,0.9557206,0.9566151,0.9542168,0.9532469,0.9339632,0.9680523,0.9624824,0.9669954,0.9430676,0.96184427,0.96826255,0.9616658,0.9644408,0.9624217,0.9661302,0.96552676,0.9664541,0.95890677,0.968997,0.96382797,0.9663575,0.9603603,0.9581224,0.96046597,0.9585162,0.95754236,0.96286297,0.9699861,0.9672246,0.9571511,0.9588567,0.9594366,0.96268517,0.96012706,0.9640837,0.9483966,0.9578175,0.9683112,0.96015406,0.97583055,0.7939536,0.95661557,0.9667044,0.94621086,0.95242405,0.91943383,0.9604666,0.9642581,0.96864784,0.96849346,0.96855015,0.96872085,0.96108294,0.95374495,0.9589989,0.9613706,0.96236515,0.9624617,0.974901,0.95470715,0.97583055,0.95744294,0.964867,0.9621144,0.977117,0.967104,0.9668077,0.9536132,0.96654,0.96446776,0.9554509,0.95465326,0.9666346,0.96685916,0.9592009,0.9681201,0.96917254,0.9610454,0.9536669,0.9688578,0.86675245,0.96354413,0.9372578,0.96332765,0.96454644,0.9733839,0.9533456,0.96780944,0.9648524,0.9556908,0.96744376,0.9685288,0.9553771,0.95906126,0.9688203,0.95997787,0.95544726,0.96167237,0.9553019,0.968511,0.96521115,0.9641,0.9410578,0.9657013,0.95850176,0.9629074,0.96576786,0.9678205,0.9628316,0.9834668,0.9655754,0.96635675,0.9680356,0.9527585,0.9673771,0.96530604,0.9586533,0.9682877,0.9608297,0.96850747,0.9597508,0.9635022,0.9393453,0.9616487,0.96573853,0.96631944,0.9637457,0.9655708,0.95818037,0.9834668,0.965325,0.96643347,0.9729533,0.96316105
arcticdogsmovie,0.95755714,0.9646561,0.9505813,0.9468655,0.95997345,0.93401176,0.9552021,0.949158,0.97226655,0.957626,0.9519049,0.94840455,0.95082307,0.95326906,0.9575689,0.99999994,0.9538748,0.95782477,0.95259345,0.94777954,0.9524857,0.95036757,0.9522001,0.9532527,0.9484033,0.9260354,0.9520461,0.95458305,0.95570314,0.94693935,0.9540623,0.94214785,0.94142747,0.9502285,0.95525354,0.9293212,0.9631179,0.9537961,0.9453855,0.94836515,0.95064974,0.95014334,0.9508043,0.9504992,0.95220953,0.95887786,0.9478709,0.9603227,0.93855053,0.95511836,0.95490676,0.9598409,0.95807475,0.94769776,0.94830847,0.95838153,0.9423587,0.94906026,0.95845556,0.9605812,0.9443387,0.95419335,0.94825965,0.9540013,0.95197564,0.9482861,0.9506381,0.9473412,0.9566145,0.94622076,0.9693296,0.82042277,0.94520384,0.9566376,0.9345063,0.9350293,0.9345184,0.9452424,0.9478819,0.9554612,0.94505215,0.9550346,0.9526378,0.9472105,0.947997,0.94909775,0.9530961,0.9652679,0.95611894,0.9546468,0.9588759,0.9693296,0.9440962,0.95571434,0.9441301,0.9420715,0.9582549,0.9630425,0.94101787,0.954144,0.9598268,0.9554748,0.94623333,0.9539202,0.9587711,0.9531434,0.9512123,0.9704915,0.95552343,0.94787973,0.9621418,0.85278654,0.955791,0.92148954,0.9503392,0.95696795,0.96217763,0.9440203,0.9561507,0.9479347,0.95026934,0.95682436,0.96272177,0.9414848,0.9573508,0.9591929,0.95360595,0.9508368,0.95300776,0.94886804,0.95075405,0.9580173,0.95208967,0.9325628,0.9560944,0.94805354,0.95055366,0.95148474,0.9630261,0.9561598,0.97226655,0.95302856,0.9539274,0.9565139,0.93901825,0.9472668,0.94540364,0.9537599,0.956975,0.9474563,0.95301086,0.9503642,0.95267075,0.9383746,0.9543033,0.9505126,0.955043,0.95457226,0.95981956,0.9580541,0.97226655,0.95741004,0.9589617,0.9498266,0.95498955
arcticmovie,0.9523387,0.9469302,0.95964843,0.9451451,0.9534888,0.95089835,0.95878386,0.9412643,0.97819614,0.950333,0.9577275,0.9524022,0.95368063,0.9555137,0.9620742,0.9538748,1.0,0.960493,0.94461536,0.95097834,0.9635168,0.9528182,0.9620905,0.95466816,0.9481379,0.90307474,0.96276665,0.97406757,0.9551049,0.94939137,0.9544858,0.9454788,0.9526115,0.947044,0.9468189,0.93175215,0.96592796,0.95150757,0.963149,0.95203215,0.96264106,0.9608164,0.9529283,0.95303446,0.961583,0.9569202,0.95681393,0.959122,0.9442071,0.9580162,0.95697767,0.96280915,0.95484674,0.96101046,0.94492424,0.9587742,0.9555678,0.9621255,0.96495646,0.9611267,0.95575655,0.9527408,0.9624455,0.95357007,0.9556198,0.9501528,0.95485526,0.95937204,0.95905536,0.9532311,0.96914643,0.79443085,0.95141995,0.96539253,0.94410765,0.93570024,0.9291387,0.94716775,0.9573599,0.9556197,0.9612861,0.9534504,0.9611416,0.9507685,0.94769263,0.9532919,0.95704126,0.956831,0.96421695,0.96387076,0.95220304,0.96914643,0.95035845,0.95831305,0.9567479,0.9407681,0.95415837,0.9631109,0.9476741,0.95344675,0.9585538,0.95526904,0.95567226,0.96014506,0.95679843,0.95412284,0.96105886,0.9659211,0.9580817,0.94010574,0.9643965,0.8440437,0.96188277,0.9147036,0.96301144,0.9519532,0.9649188,0.9498721,0.9718954,0.9526065,0.95694095,0.9608697,0.9543089,0.946452,0.95663923,0.96040803,0.95617086,0.94774204,0.96212214,0.9539084,0.96158653,0.96182805,0.98014385,0.95289147,0.9602917,0.950477,0.9587405,0.95174444,0.96242553,0.9557418,0.97819614,0.95793104,0.95613444,0.9574837,0.9472494,0.9504962,0.9530845,0.9563723,0.9655479,0.9555254,0.95366573,0.9571627,0.9604055,0.94207764,0.96436805,0.9544743,0.95395404,0.96320844,0.95706356,0.9573943,0.97819614,0.9511269,0.9703636,0.9612974,0.96092874
artofracingmovie,0.96267617,0.96911526,0.96358025,0.94988316,0.98231333,0.9582094,0.9685798,0.96191806,0.9813973,0.9659807,0.96795166,0.9554604,0.9579833,0.960167,0.9620644,0.95782477,0.960493,1.0000002,0.95271456,0.9417677,0.9657442,0.963349,0.96603304,0.96509826,0.9531532,0.9250085,0.97078764,0.96252245,0.96296865,0.9559806,0.9556996,0.9593858,0.954832,0.9588647,0.96018785,0.9343257,0.9657326,0.9566833,0.96238583,0.9606306,0.9628926,0.96381736,0.96156377,0.96645355,0.96321493,0.9638312,0.96359015,0.9642003,0.9566065,0.9670637,0.96365213,0.9701035,0.96072155,0.95935714,0.9576983,0.9723858,0.9517519,0.9634464,0.96562916,0.96061856,0.95973355,0.94458413,0.9546582,0.9659898,0.96004003,0.95751184,0.94805664,0.9671116,0.9629833,0.9576275,0.9675747,0.8072037,0.95087504,0.9706061,0.9470883,0.945301,0.930071,0.95951486,0.9535123,0.95893466,0.9559393,0.96455115,0.9645512,0.9584735,0.95317173,0.96085656,0.9591402,0.96524346,0.9594368,0.96799725,0.9586229,0.9675747,0.96745205,0.9639954,0.95933247,0.94861084,0.9650236,0.9621546,0.9538244,0.95440674,0.9562852,0.9559082,0.95617676,0.9665415,0.96516293,0.9587689,0.9617042,0.96901935,0.95939714,0.95727706,0.97077996,0.87255645,0.9736112,0.93853515,0.9655665,0.96683496,0.9708772,0.9553968,0.97003096,0.96112734,0.96569395,0.96590567,0.96612054,0.9560561,0.9644925,0.9657715,0.9580679,0.9557292,0.96449864,0.9585405,0.9679136,0.96611905,0.96585727,0.9366814,0.96727383,0.9551051,0.9597135,0.96344817,0.9633999,0.96479917,0.9813973,0.9656285,0.9574945,0.96626866,0.9606642,0.9617729,0.96015686,0.963123,0.9698991,0.9595178,0.9669569,0.9643887,0.957627,0.94177735,0.9620512,0.9539744,0.9590394,0.9539478,0.96317506,0.9642596,0.9813973,0.96751803,0.975134,0.9655676,0.96637684
avengers,0.97960377,0.949094,0.95272106,0.95324105,0.9570892,0.9492526,0.956079,0.9518227,0.972001,0.95358753,0.95424265,0.9360287,0.9437381,0.95697784,0.9580505,0.95259345,0.94461536,0.95271456,1.0000005,0.94213676,0.95976675,0.9518875,0.9505969,0.9469215,0.9467104,0.919472,0.9543687,0.95025873,0.9561686,0.9483151,0.97234744,0.9556736,0.9434047,0.9461532,0.9506482,0.94154054,0.9625519,0.9413148,0.95468867,0.9520503,0.9533221,0.9530808,0.95007336,0.9491807,0.96055925,0.9555784,0.944503,0.9566523,0.9494022,0.9529738,0.95133966,0.9650626,0.95564264,0.94879776,0.94493484,0.9506283,0.94104356,0.9543466,0.95040256,0.9570383,0.9473911,0.9388343,0.9505098,0.94976753,0.9484979,0.95091563,0.9457204,0.949858,0.95028996,0.94891495,0.964611,0.80496204,0.9518855,0.96320146,0.9346215,0.9451797,0.91813827,0.9516579,0.95020944,0.95266634,0.9418558,0.9516984,0.95360106,0.955771,0.9362281,0.9532525,0.94970554,0.95810664,0.95373726,0.9581088,0.95049155,0.964611,0.9405722,0.9504482,0.9453459,0.9486398,0.95338225,0.9479372,0.93364096,0.9506787,0.95721334,0.9484353,0.95369136,0.95522296,0.95487154,0.9488465,0.9476727,0.9583524,0.9555621,0.9504396,0.96063316,0.8518367,0.959748,0.933282,0.9500135,0.9545728,0.96805584,0.9325503,0.9626394,0.9491566,0.9505523,0.95863426,0.95056057,0.9410594,0.95458484,0.9575939,0.95601887,0.94961244,0.9511274,0.94330513,0.9628646,0.9530959,0.9462955,0.92932296,0.95503247,0.9506752,0.94900817,0.95311993,0.9588773,0.94978434,0.972001,0.95708644,0.9559984,0.9573726,0.935647,0.96307963,0.9652858,0.95303756,0.956289,0.9521783,0.9564487,0.9488194,0.95042986,0.931038,0.95595545,0.9490651,0.9472236,0.9519659,0.9604892,0.95297426,0.972001,0.95347863,0.9607005,0.94803804,0.9459925
beachbummovie,0.952486,0.9430046,0.9466499,0.94721794,0.9415752,0.937268,0.94853425,0.9468731,0.9657368,0.9410936,0.95064455,0.94278204,0.9409129,0.95045507,0.97004414,0.94777954,0.95097834,0.9417677,0.94213676,0.9999996,0.94992447,0.94226414,0.94789314,0.94247675,0.9495746,0.9023674,0.94675165,0.9493184,0.9436878,0.9428467,0.94690317,0.9355296,0.9355946,0.93256325,0.9331381,0.92540103,0.9557259,0.9527119,0.95604825,0.9248047,0.93948483,0.94772756,0.94034934,0.9428827,0.94889534,0.9609985,0.9426153,0.9526395,0.93987054,0.94741887,0.949473,0.950883,0.93873984,0.93609464,0.94418734,0.9415387,0.9393953,0.94385725,0.9613886,0.956523,0.9412695,0.94641936,0.94689476,0.94180024,0.945201,0.9537609,0.94267267,0.939317,0.95001924,0.95525616,0.9632973,0.7967672,0.9443656,0.94424933,0.9275691,0.9428947,0.8998478,0.9393049,0.9431429,0.9489419,0.9481182,0.9479373,0.9467766,0.9401921,0.93416595,0.9440029,0.93987054,0.9486318,0.9489886,0.95438755,0.9369888,0.9632973,0.94245666,0.9486527,0.9437132,0.9586946,0.94277805,0.9646964,0.9358042,0.93883145,0.9527265,0.9501229,0.942506,0.94381326,0.9451276,0.94521457,0.9399786,0.94851583,0.941974,0.93709,0.95461005,0.85425186,0.94302464,0.93502146,0.9475486,0.94503677,0.9575924,0.93390125,0.94995755,0.94722545,0.93801224,0.9517595,0.9518365,0.93637866,0.9496129,0.95861137,0.9388454,0.9409373,0.9386974,0.936594,0.9506953,0.94701403,0.95100796,0.927202,0.9553599,0.9383422,0.9468522,0.9472985,0.95705926,0.9564982,0.9657368,0.9479154,0.9481463,0.9473106,0.9319086,0.9534671,0.94692194,0.9365248,0.95051986,0.94522864,0.9511691,0.9370902,0.94846594,0.9188991,0.945165,0.9488007,0.94411933,0.95540345,0.9493029,0.9486207,0.9657368,0.9426188,0.9466718,0.95209885,0.94839454
bernadettefilm,0.9604209,0.95544213,0.9620448,0.9496291,0.9668267,0.9524149,0.96656924,0.9536749,0.9805206,0.96484715,0.9637198,0.94847655,0.9492046,0.9605128,0.9633798,0.9524857,0.9635168,0.9657442,0.95976675,0.94992447,1.0000004,0.9538934,0.9647357,0.959314,0.95151764,0.9188472,0.96533567,0.96625465,0.96406865,0.9566542,0.95714563,0.95386773,0.9537774,0.96013385,0.9533035,0.9447852,0.97091067,0.95551854,0.9674992,0.9560067,0.9554533,0.9632432,0.9557785,0.9621651,0.9623234,0.96014977,0.96012485,0.959291,0.96047294,0.9654795,0.965834,0.9738623,0.95189905,0.9600733,0.94439757,0.96195954,0.9496988,0.9631975,0.96358675,0.96048844,0.95867324,0.933636,0.9597635,0.9593761,0.9636136,0.955644,0.94692975,0.9604453,0.955944,0.96121186,0.9715129,0.81397206,0.95942926,0.97518003,0.9496764,0.95669353,0.93202394,0.96307397,0.9563344,0.96066815,0.9609908,0.9653264,0.96972054,0.9599648,0.9469717,0.9592291,0.953859,0.9576957,0.9641024,0.96453667,0.94916624,0.9715129,0.95636964,0.9599519,0.96263605,0.9524312,0.95697254,0.96212256,0.9491396,0.9519468,0.9614467,0.95329773,0.95782787,0.9628311,0.96439266,0.96193266,0.9639989,0.96761084,0.96481216,0.9564738,0.97193646,0.8744109,0.96390635,0.93986106,0.9711233,0.9604785,0.96699363,0.9517257,0.96562606,0.95652014,0.9606429,0.9641972,0.9572804,0.9462334,0.9584249,0.95957154,0.95390385,0.9607031,0.96714294,0.954193,0.9765212,0.96674186,0.96340257,0.93356365,0.967639,0.95706385,0.9552908,0.96228826,0.9642927,0.95904446,0.9805206,0.95899665,0.9571308,0.9638966,0.9475551,0.96549726,0.95651853,0.9607121,0.9701681,0.9451269,0.9639123,0.9592862,0.9616489,0.941427,0.9659228,0.9605808,0.95261854,0.9583175,0.9619266,0.9615892,0.9805206,0.95748484,0.9669185,0.9650958,0.9640465
