movie,21bridgesmovie,47metersdown,abeautifuldaymovie,abominablemovie,adastramovie,adogsjourneymovie,aftermathmovie,aftermovie,ahiddenlifefilm,alitamovie,angelhasfallen,angrybirdsmovie,annabellemovie,annamovie,apollo11movie,arcticdogsmovie,arcticmovie,artofracingmovie,avengers,beachbummovie,bernadettefilm,blackandbluemovie,blackchristmas,blindedbythelightmovie,bombshellmovie,booksmart,breakthroughmovie,brianbanksmovie,brightburnmovie,brittanyrunsmov,captainmarvelofficial,captivestatemovie,catsmovie,charliesangels,childsplaymovie,clarathefilm,coldpursuitmovie,countdown,currentwarmovie,darkwatersmovie,detectivepikachumovie,disneyaladdin,disneyfrozen,disneymaleficent,doctorsleepmovie,dolemiteismyname,dontletgomovie,doramovie,downtonabbey_official,dumbo,escaperoom,everybodyknowsmovie,fastandfuriousmovie,fightingwmyfam,fivefeetapartfilm,fordvferrari,freaksthefilm,geminimanmovie,glassmovie,gloriabellmovie,godzillamovie,goldfinchmovie,goodboysmovie,goodliarmovie,gretafilm,halathemovie,happydeathdaymovie,harrietfilm,hellboymovie,hersmellmovie,highlifemovie,highstrungmovie,honeyboymovie,hotelmumbaifilm,httydragon,hustlemovie,hustlersmovie,isntitromantic,itmovieofficial,jayandsilentbob,johnwickmovie,jojorabbitmovie,jokermovie,judythefilm,jumanjimovie,justmercyfilm,knivesout,lalloronamovie,lastblackmansf,lastchristmasthemovie,latenightmovie,lighthousemovie,lionking,littlethemovie,littlewomenmovie,littlewoodsfilm,longshotmovie,lordsofchaosmovie,lucyintheskyfilm,mamovie2019,marriagestory,meettheaddams,meninblack,midsommarmovie,midwaymovie,missbalamovie,missinglinkfilm,motherlessbklyn,onceinhollywood,onthebasisofsex,overcomermovie,peanutbutterfalcon,petsematarymovie,piercingmovie,playingwithfire,playmobilthemovie,pomsmovie,queenandslim,rambomovie,readyornotfilm,richardjewellfilm,rocketmanmovie,scarystoriesmovie,secretlifeofpets,serenityfilm,shaftmovie,shazammovie,spidermanmovie,spiesindisguise,starwars,stormboymovie,stubermovie,taosdfilm,teenspiritmov,terminator,theaeronautsmov,thebestofenemies,thedeaddontdie,thefarewell,thehighwaymen,thehummingbirdprojectfilm,theintrudermovie,theirishmanfilm,thekitchenmovie,thelegomovie,themustangfilm,thenightingalefilm,theprodigymovie,thesunisalsoastar,theupsidefilm,tolkienmovie,toystory,triplefrontier,uglydolls,uncutgems,underthesilverlake,usmovie,wavesmovie,whatmenwant,wonderparkmovie,wrinklestheclown,xmenmovies,yardiefilm,yesterdaymovie,zombieland
21bridgesmovie,1.0000001,0.9596758,0.96053636,0.95868754,0.9608961,0.96014535,0.9667361,0.9645329,0.97945917,0.95751673,0.9513102,0.95183635,0.9629979,0.96738607,0.9669842,0.9624165,0.95913416,0.96356183,0.97202086,0.96287143,0.96093684,0.9640235,0.95821726,0.96962255,0.95448565,0.9010946,0.9578704,0.9577221,0.9599755,0.9577502,0.9558696,0.96046335,0.94885504,0.9473635,0.95594525,0.9399542,0.9680241,0.975585,0.95781547,0.95957893,0.96224344,0.9527871,0.9572015,0.9614782,0.96296626,0.9576397,0.9552715,0.95660377,0.95338315,0.9576594,0.95931756,0.97186804,0.9586151,0.9472053,0.95128167,0.96228695,0.9689398,0.9574254,0.96204466,0.9638886,0.9580513,0.95941454,0.95994043,0.9598741,0.9640516,0.9513728,0.9575632,0.9664158,0.960837,0.9561841,0.97272116,0.79607403,0.95395947,0.9575887,0.9483827,0.95331234,0.9353534,0.9549533,0.95032424,0.9566423,0.9537199,0.9612579,0.95291066,0.9540682,0.9645706,0.9562632,0.9639486,0.9644344,0.963209,0.9715074,0.958648,0.97272116,0.96367884,0.9526237,0.95556027,0.96408206,0.966291,0.96328247,0.9589925,0.9559415,0.9624024,0.96512073,0.9553086,0.96107006,0.9531575,0.9607444,0.9631371,0.96697414,0.9563759,0.9530641,0.96450347,0.9129053,0.964873,0.93523073,0.9609459,0.9709094,0.9891174,0.9563616,0.9561248,0.9678776,0.9584774,0.95876765,0.96248907,0.951057,0.96005636,0.9601446,0.96000135,0.9569976,0.955363,0.94818014,0.95610243,0.95496035,0.96859473,0.94466776,0.95889586,0.9607603,0.9744462,0.964406,0.9730598,0.95371634,0.97945917,0.9562853,0.9599345,0.9589465,0.9476877,0.9612007,0.9539295,0.9549408,0.96520305,0.96745783,0.9593272,0.96984893,0.96069413,0.9623268,0.9639553,0.9723219,0.95342064,0.96717614,0.96800244,0.9562906,0.97945917,0.9537307,0.96641296,0.9585451,0.9493912
47metersdown,0.9596758,1.0,0.9575348,0.9538838,0.9618349,0.95271134,0.966751,0.9490685,0.9776999,0.95337164,0.9496691,0.95006216,0.96097475,0.96566427,0.9671538,0.96988666,0.9627331,0.96098435,0.94587547,0.9534888,0.9531998,0.9582299,0.9528241,0.96151304,0.9526221,0.8973854,0.95875055,0.952622,0.95490146,0.96385777,0.9538014,0.9578446,0.9414178,0.94317406,0.95380783,0.9283215,0.971063,0.95715165,0.9604997,0.96357024,0.95527864,0.95186216,0.9492546,0.9580465,0.96023136,0.9574826,0.9531567,0.9535558,0.95141655,0.9565714,0.95688254,0.96691495,0.95979154,0.95490086,0.94909424,0.9580252,0.9548007,0.9610251,0.9585829,0.9574369,0.95642745,0.95278984,0.9459753,0.9639631,0.9632304,0.95245564,0.9542241,0.9632333,0.9523002,0.94607663,0.95962435,0.7824006,0.95216125,0.94871336,0.9491869,0.9513007,0.92636657,0.9566998,0.94723856,0.9613223,0.9511648,0.96191406,0.9654758,0.9564456,0.9589514,0.9627334,0.95047784,0.9710518,0.96052796,0.9610033,0.9554422,0.95962435,0.9560669,0.95333076,0.95949763,0.9647903,0.9536593,0.9607741,0.9608125,0.95542186,0.9613779,0.9611014,0.9552172,0.9569716,0.9661492,0.9568644,0.9564626,0.9668674,0.9530176,0.9504954,0.9671438,0.8790417,0.9625532,0.9220291,0.9455202,0.9637997,0.9614953,0.9556528,0.96821153,0.96412826,0.9596448,0.9604927,0.96502656,0.9442552,0.9597711,0.9636445,0.95522326,0.947379,0.9530756,0.9302274,0.9646769,0.9492556,0.96282756,0.9498686,0.9599903,0.96062326,0.96080154,0.9639672,0.96267945,0.95529956,0.9776999,0.9538885,0.9580669,0.9662093,0.94932467,0.95325834,0.9563839,0.9487242,0.96381944,0.955562,0.9593085,0.9537475,0.9638283,0.93493295,0.9555067,0.9593993,0.949032,0.9565849,0.9579401,0.95142806,0.9776999,0.95165604,0.95829463,0.95746434,0.9514061
abeautifuldaymovie,0.96053636,0.9575348,0.99999994,0.95919544,0.9624023,0.9702126,0.9640109,0.9604161,0.9847021,0.96473545,0.954414,0.97040254,0.96715474,0.9668662,0.9633765,0.9648047,0.9722904,0.9674133,0.94570327,0.95413154,0.96727014,0.9757308,0.9739906,0.9657819,0.96517134,0.9041812,0.9588638,0.9646548,0.97914153,0.95961684,0.9540898,0.9625257,0.96045446,0.9693723,0.952358,0.9362094,0.96850044,0.9673988,0.96626925,0.9657922,0.9587286,0.9626549,0.9589615,0.9634207,0.9594978,0.96021235,0.9694003,0.9613721,0.95181084,0.96046156,0.9833743,0.96861583,0.9663953,0.95394087,0.9610296,0.9642062,0.9567655,0.96709585,0.9620134,0.9662938,0.95572025,0.96143746,0.9588486,0.96057,0.963938,0.9582884,0.9658816,0.9665803,0.96268284,0.9533497,0.9703537,0.7884702,0.9596225,0.9603952,0.96510226,0.958846,0.94776046,0.9587835,0.9437803,0.96940863,0.9587526,0.962509,0.96364486,0.95671546,0.97505903,0.961819,0.9541535,0.9676175,0.9667615,0.97020394,0.96410894,0.9703537,0.9649058,0.95755666,0.97499603,0.95992666,0.96271706,0.9589764,0.95766586,0.9696534,0.9567197,0.9652895,0.9686986,0.9675459,0.9623871,0.98288214,0.97134995,0.96434826,0.9643486,0.95448875,0.97375137,0.91850066,0.9683605,0.9314738,0.9613483,0.9615176,0.9657076,0.96139616,0.97262293,0.96643823,0.95879465,0.96872133,0.9712495,0.96294415,0.9641185,0.96364367,0.9597966,0.97360784,0.9640109,0.9368936,0.96511513,0.9592259,0.9651802,0.9538526,0.96609247,0.96328056,0.9635925,0.9697586,0.96856576,0.9545136,0.9847021,0.97510135,0.9593206,0.96231407,0.9509904,0.95898193,0.95669,0.95231044,0.96670943,0.9680109,0.96147406,0.97524303,0.96813774,0.9477344,0.9668497,0.9648735,0.9639887,0.9632598,0.9679197,0.9622226,0.9847021,0.9502108,0.97169644,0.96657765,0.97323203
abominablemovie,0.95868754,0.9538838,0.95919544,0.99999976,0.95978355,0.950641,0.9610355,0.9509555,0.9755532,0.9520479,0.9351202,0.94895387,0.9587108,0.94868886,0.96606374,0.9576702,0.95035774,0.9622239,0.94240415,0.95124364,0.95352155,0.95748127,0.9564753,0.9575524,0.9574685,0.89127874,0.95694494,0.9442549,0.9561514,0.949042,0.9443605,0.9510256,0.9524929,0.9366532,0.94864416,0.9435589,0.9607309,0.9611647,0.9641008,0.96193427,0.9458421,0.95671046,0.95561016,0.96380746,0.9565358,0.95210683,0.9542186,0.9625674,0.9524914,0.961524,0.9560676,0.9622409,0.9588048,0.9468544,0.94906044,0.9503069,0.9478507,0.95158887,0.96056646,0.9569345,0.93721443,0.9642418,0.9540431,0.95380807,0.9599294,0.94755733,0.9471664,0.95472056,0.95390743,0.9519296,0.96276563,0.7830451,0.9433825,0.95206034,0.9624698,0.9486043,0.9359378,0.94866,0.95020586,0.9576809,0.93594843,0.95682734,0.95103276,0.9593622,0.96330047,0.9480849,0.9544629,0.9579762,0.95772487,0.95998937,0.95638365,0.96276563,0.95932597,0.95502335,0.95436996,0.9564116,0.9624801,0.9585835,0.9603027,0.9520317,0.9544378,0.95705426,0.95078486,0.96104074,0.93618125,0.95757264,0.9557857,0.95702016,0.9484808,0.94845235,0.96555233,0.887293,0.9614734,0.93689156,0.9457557,0.9451545,0.95881456,0.9450079,0.9670694,0.95810837,0.94850296,0.9475648,0.9549309,0.9414932,0.9626528,0.9597833,0.9491728,0.9520432,0.95615613,0.9439584,0.95576996,0.9557987,0.9526938,0.94913465,0.9600022,0.9510118,0.94775903,0.9530653,0.9656995,0.95167977,0.9755532,0.9524597,0.953554,0.9481675,0.93947494,0.9586509,0.9562328,0.9470311,0.9627307,0.953097,0.9506909,0.966062,0.96115583,0.93297553,0.9501693,0.96058095,0.9432123,0.954733,0.9626178,0.9474295,0.9755532,0.9530295,0.9653856,0.95894986,0.94048154
adastramovie,0.9608961,0.9618349,0.9624023,0.95978355,0.9999998,0.9571032,0.9624137,0.9599063,0.978587,0.9627073,0.9447632,0.9538126,0.95436144,0.96036404,0.96825314,0.96044254,0.958507,0.9714417,0.9395895,0.95331913,0.960357,0.9614435,0.95700145,0.96047986,0.958586,0.9022246,0.962234,0.9560103,0.9568962,0.9469542,0.94648767,0.9530242,0.9509401,0.9474935,0.95094085,0.9383176,0.9645062,0.95829403,0.96301293,0.9547859,0.9600816,0.95839316,0.9531514,0.9619694,0.95418096,0.95343024,0.9551438,0.95295745,0.95947784,0.9566536,0.9587316,0.96787053,0.9621317,0.95277184,0.953379,0.9739745,0.95278186,0.9664344,0.9538118,0.96044767,0.96154344,0.9540232,0.9430081,0.96662986,0.9642974,0.95383966,0.9484279,0.95935696,0.9561514,0.96124697,0.96129125,0.77394426,0.94442475,0.9599137,0.9516945,0.94862115,0.9248347,0.9569162,0.95036215,0.964148,0.9497804,0.9641506,0.96027124,0.9610416,0.958619,0.9535336,0.95538145,0.96253425,0.95847553,0.96074027,0.95013976,0.96129125,0.9533152,0.95769864,0.96211505,0.95376205,0.95708174,0.9564981,0.9532773,0.9510678,0.9545043,0.96450084,0.9511024,0.9625748,0.94540066,0.95965594,0.96023655,0.96375537,0.95558023,0.9527476,0.963548,0.88687736,0.9618909,0.9362362,0.9492422,0.9591303,0.9671308,0.9532095,0.96962494,0.957243,0.9540582,0.9575513,0.9576932,0.9464135,0.95745736,0.95935374,0.953432,0.9535016,0.97202164,0.9329501,0.96465814,0.9690869,0.9578246,0.95737416,0.95672727,0.94682455,0.9603626,0.97151214,0.9670738,0.95923376,0.978587,0.94742787,0.95395267,0.961893,0.9437391,0.9580379,0.95050734,0.94720125,0.9642995,0.9579107,0.95354444,0.96160424,0.96532995,0.93899596,0.9555687,0.96338063,0.9525045,0.9528857,0.96166027,0.94545454,0.978587,0.9568498,0.96625894,0.95485324,0.9490284
adogsjourneymovie,0.96014535,0.95271134,0.9702126,0.950641,0.9571032,0.9999998,0.9567392,0.9545182,0.9769035,0.96245027,0.95119137,0.96526086,0.95361674,0.9602187,0.96151674,0.9596187,0.9607424,0.95949227,0.94464856,0.9480061,0.96298254,0.9695973,0.9685942,0.95543414,0.9469668,0.9157258,0.9529132,0.95458806,0.96842545,0.94750106,0.94071907,0.9514485,0.9578283,0.96409583,0.94691086,0.9362175,0.95986795,0.95894873,0.94904697,0.95449173,0.9558655,0.9531408,0.9508457,0.95059663,0.9484483,0.95022833,0.9652624,0.948169,0.9393311,0.9492411,0.9709858,0.9610994,0.96578723,0.95125574,0.95248854,0.96121144,0.9525754,0.9609282,0.9545081,0.95518804,0.9493147,0.9541013,0.94541854,0.95678204,0.95330346,0.9482283,0.9526045,0.9578346,0.9586516,0.94977766,0.9617615,0.7719425,0.95898557,0.9598805,0.9580531,0.9459269,0.9298397,0.95310193,0.9472937,0.9586089,0.9521733,0.94973075,0.9566276,0.9556414,0.96376693,0.95382404,0.9477872,0.95656735,0.9584528,0.968368,0.9563939,0.9617615,0.9473398,0.95299554,0.96178395,0.9546033,0.9551899,0.95021236,0.9520265,0.95971256,0.95666647,0.9652848,0.9602749,0.9582241,0.956669,0.97254115,0.9578794,0.9643873,0.95409167,0.95182455,0.95812345,0.90620714,0.9576266,0.92616475,0.94838285,0.95537007,0.96174526,0.95221496,0.9628304,0.9533387,0.9496648,0.9633911,0.9621853,0.9712291,0.95519817,0.9497996,0.9593783,0.9572852,0.9512644,0.9263606,0.9586995,0.94894224,0.9573014,0.9492239,0.9489171,0.9488501,0.9599347,0.9599463,0.96449614,0.9532593,0.9769035,0.96445286,0.9589615,0.959398,0.9509756,0.95184535,0.95712495,0.9406701,0.96537554,0.9504676,0.9498617,0.9581241,0.96135473,0.94511676,0.9543506,0.96277905,0.95782554,0.9556525,0.96120316,0.95012647,0.9769035,0.93854916,0.9635398,0.9652649,0.9588191
aftermathmovie,0.9667361,0.966751,0.9640109,0.9610355,0.9624137,0.9567392,1.0000004,0.96216065,0.98162293,0.95735335,0.9508999,0.9617984,0.968862,0.96555513,0.9694206,0.961302,0.9577012,0.9700288,0.9469816,0.9564735,0.96291476,0.96117735,0.95860684,0.9673149,0.9629941,0.899333,0.9535388,0.9525966,0.9630428,0.9610648,0.95071876,0.9640233,0.95107216,0.9561063,0.9573781,0.9383824,0.97221714,0.963926,0.97127205,0.9594365,0.95934856,0.9545557,0.9496648,0.9589942,0.9658629,0.9555275,0.95423925,0.96044564,0.9594041,0.9547423,0.96721524,0.9700631,0.95936185,0.95084906,0.95607495,0.96206695,0.95835674,0.9574912,0.96314764,0.9665181,0.9592508,0.9631802,0.9580617,0.9642095,0.96526116,0.9513406,0.95583075,0.96568495,0.9662896,0.947504,0.97095245,0.7824617,0.9546004,0.959349,0.9555055,0.9579036,0.93330705,0.9575696,0.95267457,0.9638883,0.9549202,0.9781933,0.95826125,0.95690376,0.9682226,0.9553705,0.9596506,0.9707567,0.96047527,0.96687984,0.963044,0.97095245,0.9573809,0.9533641,0.96706873,0.96281767,0.9643913,0.9659936,0.97274995,0.96277124,0.96274114,0.9674071,0.9603031,0.9592894,0.9608731,0.9634735,0.96377206,0.9664507,0.95549655,0.9512492,0.9640965,0.9044877,0.96659577,0.9328245,0.95516515,0.9639176,0.9690737,0.9487727,0.96431637,0.9893306,0.9588851,0.957198,0.9644115,0.95365685,0.96445143,0.9619568,0.9636875,0.95633155,0.9633171,0.9328181,0.95936406,0.9523603,0.9580927,0.9563491,0.9666217,0.96359706,0.96284014,0.9646751,0.96997786,0.95475495,0.98162293,0.96002716,0.9580521,0.9605543,0.94451374,0.95827013,0.9632354,0.95504844,0.9717303,0.9661878,0.98697096,0.962015,0.964134,0.9452331,0.96495616,0.96721274,0.9566672,0.961047,0.9662084,0.9504906,0.98162293,0.9533435,0.9701037,0.9596689,0.9564019
aftermovie,0.9645329,0.9490685,0.9604161,0.9509555,0.9599063,0.9545182,0.96216065,0.9999997,0.9756829,0.95069844,0.9550578,0.95532596,0.9507015,0.959008,0.95842886,0.95987046,0.95794505,0.95879245,0.9451045,0.94785655,0.95058733,0.9629922,0.9592934,0.9610832,0.953874,0.9026334,0.94923115,0.9488911,0.9603581,0.9510566,0.95042694,0.9595095,0.9525046,0.95712197,0.944951,0.92758554,0.95802915,0.9608394,0.9555716,0.96020484,0.9500619,0.95698744,0.9550761,0.9563638,0.95475787,0.9539872,0.9542538,0.95155257,0.95151085,0.95128363,0.96351045,0.9685057,0.958301,0.9471396,0.9587633,0.96175444,0.96156657,0.95232403,0.9585476,0.96045965,0.9467125,0.9494923,0.9532562,0.95689213,0.9635931,0.95385796,0.9494855,0.96204716,0.95669657,0.94459134,0.96679205,0.7631288,0.9482606,0.95811874,0.9426473,0.9443154,0.9326998,0.95127094,0.9427981,0.9596261,0.9530735,0.9582709,0.94718933,0.95054626,0.95564747,0.94988686,0.95091724,0.9501419,0.96055526,0.9584508,0.9589013,0.96679205,0.9432711,0.9447777,0.9575418,0.9541752,0.95904356,0.95261157,0.9416595,0.9526506,0.96042174,0.962433,0.95308083,0.95910597,0.94378597,0.96286875,0.95721024,0.95905334,0.9583948,0.9563262,0.9548009,0.90026337,0.9563024,0.91977376,0.9447572,0.95633435,0.965602,0.94614184,0.96303314,0.9567593,0.94742197,0.9514792,0.95834607,0.9484316,0.9536168,0.9577721,0.95406395,0.9532299,0.95528954,0.93245614,0.9510735,0.94749695,0.9555596,0.9511078,0.94311774,0.9546683,0.958693,0.9658571,0.96241534,0.95117825,0.9756829,0.954983,0.95720136,0.9471564,0.94341624,0.9552182,0.94977117,0.94431645,0.96735066,0.95796233,0.9610034,0.96300536,0.9574411,0.9473257,0.9541612,0.96874386,0.9493843,0.9545888,0.9684964,0.943602,0.9756829,0.9488528,0.9671848,0.9544636,0.95623
ahiddenlifefilm,0.97945917,0.9776999,0.9847021,0.9755532,0.978587,0.9769035,0.98162293,0.9756829,1.0000004,0.9760353,0.96930146,0.9777239,0.9784319,0.98176545,0.98461294,0.9789792,0.9805238,0.9811374,0.96627855,0.9714487,0.9781993,0.9842003,0.9811401,0.98142785,0.9732981,0.9183053,0.97516024,0.9728709,0.98442227,0.97467923,0.9690739,0.98034793,0.97462595,0.9750817,0.97001517,0.9512711,0.98475426,0.97975206,0.9784507,0.9802921,0.97663325,0.9767443,0.97092247,0.97897655,0.9768041,0.97342587,0.97749615,0.976724,0.97079736,0.9748431,0.98596805,0.9867233,0.97987634,0.9692852,0.9700423,0.9756844,0.97550243,0.9809562,0.9761627,0.9802333,0.97291213,0.97316146,0.97252655,0.9773045,0.98011833,0.97365975,0.97387445,0.980225,0.97647685,0.9698705,0.9843042,0.78593594,0.9683584,0.97773266,0.97416115,0.9712628,0.9500754,0.9736199,0.96815854,0.98247087,0.97062856,0.980642,0.9782308,0.9755709,0.9823054,0.97579825,0.9768265,0.9829613,0.98065114,0.985193,0.97526056,0.9843042,0.9755844,0.97265667,0.98216873,0.97609097,0.9788221,0.97604686,0.9764246,0.9770582,0.97616166,0.9787676,0.9786213,0.9803015,0.97510564,0.98484623,0.9813501,0.98107725,0.9780393,0.9734429,0.98508906,0.91388786,0.98241067,0.9454117,0.9695533,0.97701675,0.98189366,0.97204375,0.98579586,0.97874075,0.97631013,0.97816247,0.98042274,0.97061884,0.9801588,0.9773329,0.97609997,0.977968,0.9766604,0.9538691,0.9806039,0.9694819,0.9766403,0.96934456,0.97886384,0.9746824,0.97659445,0.9816618,0.9842618,0.97545385,1.0000004,0.9815763,0.9749312,0.9805871,0.9694715,0.9763013,0.97313887,0.9689641,0.9844784,0.9767083,0.9757785,0.97825015,0.98235023,0.9560378,0.9782425,0.9821968,0.97274023,0.9759668,0.9825703,0.9747732,1.0000004,0.96946704,0.9840873,0.978483,0.9751969
alitamovie,0.95751673,0.95337164,0.96473545,0.9520479,0.9627073,0.96245027,0.95735335,0.95069844,0.9760353,0.9999996,0.9436526,0.9573247,0.9558693,0.9585517,0.96438724,0.957687,0.9552111,0.9681417,0.9463902,0.94531476,0.9490877,0.9594794,0.9602737,0.95617694,0.96100265,0.90276873,0.95168966,0.9464153,0.9640399,0.94677746,0.9494786,0.95393175,0.9573399,0.9467087,0.94511986,0.9263132,0.96277004,0.96253675,0.95317227,0.95870465,0.95424974,0.95443785,0.9469575,0.95594424,0.9586643,0.9474072,0.95387423,0.95005965,0.9476997,0.9531707,0.96212727,0.96009356,0.96585095,0.94790983,0.9512834,0.9624354,0.94789374,0.95875114,0.95588815,0.95901346,0.9469742,0.94957453,0.94901794,0.95691556,0.9490983,0.94502544,0.95384425,0.96048135,0.96113896,0.94987696,0.9644395,0.7823532,0.94573134,0.9638138,0.9602316,0.94630665,0.93048775,0.9441485,0.95341694,0.95719635,0.9430203,0.95486224,0.95659703,0.9547161,0.95751625,0.9503956,0.95261514,0.95824593,0.95767915,0.9657842,0.9417334,0.9644395,0.9484517,0.94873625,0.95622355,0.95131594,0.95475835,0.9466563,0.95362306,0.9549339,0.9523014,0.9579812,0.95604837,0.95953876,0.9677926,0.9664507,0.9538562,0.95768887,0.9586475,0.9557573,0.95776635,0.8924045,0.9620023,0.93437713,0.9399771,0.9494548,0.9601295,0.94713455,0.9592998,0.95530427,0.94229966,0.95878994,0.95834935,0.9530839,0.9594366,0.95185983,0.95118535,0.9462245,0.96251756,0.9282867,0.9527602,0.9527071,0.9507326,0.94582176,0.9562537,0.9498676,0.9528475,0.9559324,0.9606741,0.9468718,0.9760353,0.9566358,0.9544456,0.96423745,0.9486521,0.954214,0.95280844,0.9413093,0.9595932,0.9536591,0.9518903,0.95804435,0.95777065,0.9350616,0.959292,0.9570062,0.9516651,0.9579382,0.96043116,0.952282,0.9760353,0.9503938,0.9625187,0.9577771,0.94806516
angelhasfallen,0.9513102,0.9496691,0.954414,0.9351202,0.9447632,0.95119137,0.9508999,0.9550578,0.96930146,0.9436526,1.0000004,0.94373935,0.94700235,0.9612198,0.9573665,0.9475382,0.9568578,0.95189893,0.9520052,0.9445696,0.9460736,0.94916195,0.9517611,0.9536005,0.9438224,0.9036679,0.9445251,0.9411722,0.95185685,0.95110875,0.9518533,0.95396376,0.94694823,0.9444792,0.9485458,0.90400356,0.95308024,0.94122165,0.9418171,0.9424219,0.95398307,0.9515088,0.9378326,0.9558221,0.94282275,0.9367435,0.9542795,0.9325596,0.9358203,0.95306426,0.9571735,0.9565226,0.9497331,0.95302826,0.94853276,0.9517359,0.9523887,0.9508797,0.9525421,0.950115,0.9499587,0.93568075,0.9403908,0.95081735,0.94643193,0.9615702,0.9499443,0.9481706,0.95994925,0.941377,0.9546291,0.75971353,0.9467434,0.950904,0.94836146,0.9472742,0.9268042,0.94876736,0.9386078,0.9583701,0.9772537,0.9554332,0.95165586,0.945308,0.9515742,0.9503317,0.95654505,0.94397044,0.94640595,0.9548019,0.9447901,0.9546291,0.9455902,0.94269246,0.9571586,0.9620644,0.9644689,0.94929785,0.9400682,0.94726795,0.94246364,0.95313954,0.9423073,0.95855796,0.94429547,0.95711434,0.9497071,0.947916,0.95074517,0.94029474,0.95398116,0.90475345,0.94767594,0.8959807,0.9365946,0.9550644,0.9495493,0.9436604,0.96523917,0.9435675,0.9502546,0.94649273,0.95092475,0.9459611,0.9470977,0.94716656,0.9433327,0.94595015,0.94223475,0.9196237,0.94753194,0.93390656,0.9574088,0.9434065,0.9464977,0.9440817,0.9470986,0.9565675,0.9506201,0.9441397,0.96930146,0.9532657,0.94091666,0.9544448,0.9512362,0.93553036,0.9305896,0.9424036,0.95819104,0.94623053,0.94631666,0.9545646,0.9521625,0.9308228,0.95405865,0.9565392,0.94429994,0.93930393,0.9515217,0.94345886,0.96930146,0.9332689,0.94888407,0.9478577,0.95044583
angrybirdsmovie,0.95183635,0.95006216,0.97040254,0.94895387,0.9538126,0.96526086,0.9617984,0.95532596,0.9777239,0.9573247,0.94373935,0.99999994,0.9523096,0.95945174,0.9556763,0.95366687,0.95969003,0.9568492,0.94246525,0.9394702,0.96111953,0.9663247,0.96350986,0.9622652,0.95560956,0.89287144,0.94740534,0.9519431,0.9659237,0.94762874,0.9473017,0.954483,0.9622208,0.9704529,0.9398987,0.9270226,0.95777506,0.9565133,0.954318,0.9596056,0.9598622,0.9568013,0.9571724,0.9542452,0.9589067,0.9522541,0.9578436,0.96327347,0.9467119,0.9498343,0.9752691,0.9639856,0.95848703,0.9417812,0.94707656,0.95523065,0.94992244,0.959957,0.95057017,0.960368,0.94798553,0.95465744,0.95589644,0.9563903,0.9571999,0.9508743,0.9487351,0.95675844,0.95350116,0.9445625,0.9606884,0.77005523,0.94847006,0.95497966,0.95017666,0.95879936,0.93601424,0.9582545,0.93550324,0.9568534,0.940777,0.9642797,0.957291,0.95245427,0.96752876,0.95637506,0.9516894,0.95570505,0.9601262,0.9625951,0.95093334,0.9606884,0.9551195,0.95067555,0.96868086,0.9443742,0.9532279,0.9491104,0.952379,0.95531523,0.9528297,0.95794994,0.95881176,0.95670044,0.9520221,0.97144705,0.957211,0.96441,0.95702183,0.9545238,0.96012956,0.8846848,0.96051824,0.92360616,0.94517547,0.9530587,0.95491606,0.9436672,0.96437323,0.961736,0.9510714,0.958579,0.95503616,0.96653384,0.96216136,0.94881743,0.94896305,0.9608684,0.9519406,0.92784464,0.9602353,0.94808733,0.9594922,0.9535267,0.9551655,0.94553936,0.9538775,0.9593553,0.96804976,0.94593513,0.9777239,0.9668438,0.9604944,0.9614886,0.9497093,0.95385444,0.958727,0.9347297,0.96021533,0.95418125,0.95594704,0.95820796,0.95740235,0.9355761,0.9585357,0.9599629,0.9503557,0.96309704,0.96162033,0.9498265,0.9777239,0.9350475,0.9601983,0.9523245,0.9561819
annabellemovie,0.9629979,0.96097475,0.96715474,0.9587108,0.95436144,0.95361674,0.968862,0.9507015,0.9784319,0.9558693,0.94700235,0.9523096,0.9999998,0.9675833,0.9618534,0.9644927,0.9617871,0.96414185,0.9438279,0.94879115,0.95515,0.95833874,0.9606307,0.9644491,0.9588731,0.88453966,0.95231813,0.96550995,0.96229184,0.9660621,0.94647205,0.96400464,0.9531012,0.9530162,0.959601,0.92525977,0.9633918,0.9737226,0.9648015,0.9603447,0.9651013,0.95143783,0.94361055,0.9556871,0.9575051,0.9505967,0.95798993,0.9556126,0.9470915,0.954376,0.9632191,0.9657548,0.9642677,0.9588581,0.95170414,0.94987243,0.95664555,0.9555722,0.95543957,0.96003985,0.96711385,0.9584437,0.9518106,0.9694205,0.9610891,0.95412797,0.96012473,0.95949787,0.96238947,0.9401911,0.9653232,0.7559897,0.9469115,0.9599813,0.9575333,0.9482252,0.93207675,0.94450206,0.9451695,0.96060455,0.9490512,0.96069866,0.97159624,0.9503112,0.97209436,0.95138186,0.9654912,0.97814703,0.9566054,0.9669327,0.96005464,0.9653232,0.9556066,0.9530438,0.96042436,0.9570718,0.95400095,0.9519721,0.9669986,0.9659739,0.95072424,0.9601066,0.95482904,0.96047914,0.9613144,0.96371526,0.9653168,0.96956974,0.9576363,0.95134187,0.9697424,0.893952,0.95714355,0.925523,0.95427793,0.9626746,0.967507,0.9530866,0.9608617,0.96683145,0.9642137,0.9620635,0.9663614,0.9502957,0.958788,0.95650154,0.96455735,0.9477268,0.9543429,0.9349423,0.95482266,0.94557995,0.96348894,0.9513008,0.96044576,0.9709582,0.9625438,0.9555408,0.9667561,0.94474244,0.9784319,0.9614402,0.9526941,0.961482,0.95901287,0.9578085,0.9531103,0.9565402,0.9718536,0.96327347,0.9581085,0.96002644,0.96175826,0.941279,0.9637259,0.9539466,0.9568056,0.95754254,0.96236813,0.95638096,0.9784319,0.9536913,0.9708068,0.95886946,0.95341915
annamovie,0.96738607,0.96566427,0.9668662,0.94868886,0.96036404,0.9602187,0.96555513,0.959008,0.98176545,0.9585517,0.9612198,0.95945174,0.9675833,1.0,0.96380514,0.9576929,0.9664723,0.966693,0.9551485,0.94865185,0.95733607,0.9675809,0.9639591,0.9738282,0.9512539,0.899774,0.9566309,0.96492046,0.96645194,0.9648828,0.96009564,0.9649117,0.9611331,0.96402675,0.95114404,0.9228716,0.96760285,0.9611262,0.96249276,0.95764387,0.9633424,0.9617741,0.9569743,0.9639741,0.9596146,0.95949894,0.9639264,0.9502904,0.9480686,0.9591419,0.9671959,0.96630865,0.96057206,0.9436984,0.9580982,0.96336234,0.964182,0.95792377,0.96809816,0.9642074,0.969013,0.96097714,0.9578762,0.972919,0.96000046,0.95778316,0.9623711,0.9625827,0.9655001,0.95156616,0.9711571,0.7860957,0.9477599,0.95515585,0.95645726,0.9548678,0.9416983,0.95566297,0.952038,0.96537906,0.9656543,0.9614193,0.9628117,0.9514196,0.96250373,0.9660755,0.9670952,0.966291,0.96615696,0.9710512,0.9616255,0.9711571,0.9562193,0.9511936,0.9648675,0.95998764,0.9598297,0.9615752,0.9556761,0.9716144,0.96321,0.962053,0.96203953,0.96444094,0.9715506,0.9615493,0.9649735,0.96207637,0.9615272,0.9474996,0.9685689,0.8967155,0.9621854,0.9204723,0.9557037,0.9672622,0.9684846,0.9592793,0.965128,0.9666524,0.97211397,0.96185577,0.96608865,0.9601043,0.9557525,0.9653422,0.96688545,0.95770144,0.9563497,0.944799,0.9613682,0.94472694,0.9730318,0.95747375,0.95929253,0.96304154,0.96696776,0.9625018,0.96727216,0.9552594,0.98176545,0.9641739,0.9542974,0.96580356,0.95808464,0.9572489,0.96026033,0.9485501,0.96853554,0.9639045,0.9615621,0.9657144,0.9675067,0.9520114,0.9696343,0.9680493,0.9590438,0.96283036,0.9644294,0.9629532,0.98176545,0.95379794,0.96745676,0.95988464,0.9604346
apollo11movie,0.9669842,0.9671538,0.9633765,0.96606374,0.96825314,0.96151674,0.9694206,0.95842886,0.98461294,0.96438724,0.9573665,0.9556763,0.9618534,0.96380514,1.0000001,0.96657395,0.96016604,0.96853656,0.95009845,0.97358096,0.96069986,0.9687515,0.9655671,0.96294653,0.9628272,0.900899,0.96240985,0.9576115,0.9686042,0.9573678,0.94995946,0.96331465,0.9563847,0.95245,0.95853037,0.94198835,0.9693649,0.9610635,0.963928,0.9664542,0.96077466,0.96279114,0.9497189,0.96501684,0.9637947,0.95233893,0.9630009,0.9600494,0.9610159,0.9612831,0.96350604,0.9750583,0.9603977,0.9533831,0.9529321,0.96271724,0.9609123,0.9665752,0.9652041,0.9714827,0.9558483,0.9614298,0.9557448,0.9595548,0.96242565,0.96267587,0.95490235,0.97231734,0.96478236,0.9597349,0.9732367,0.7875067,0.95678097,0.9643157,0.96118957,0.9541387,0.9338292,0.96482193,0.96349996,0.96754295,0.9602769,0.9669943,0.96200776,0.9648214,0.964839,0.9592967,0.96328646,0.97044367,0.96309006,0.97183377,0.9627337,0.9732367,0.96606934,0.96332645,0.96341777,0.9800212,0.96388555,0.9640654,0.96311426,0.96116906,0.9609367,0.9683948,0.962924,0.9741654,0.95652,0.96205425,0.9603002,0.9659479,0.9645348,0.9537669,0.9672433,0.89818364,0.9656799,0.9363375,0.9428644,0.9628545,0.9717734,0.95543563,0.97404253,0.96233594,0.9617307,0.95918053,0.9639737,0.9485182,0.96802956,0.9677897,0.9634822,0.9607307,0.9656932,0.93228614,0.96638453,0.9568927,0.9613483,0.9568009,0.9632862,0.9572203,0.96456355,0.97119766,0.9741708,0.95751756,0.98461294,0.96787006,0.95512486,0.97052544,0.95007473,0.97194767,0.9588319,0.96090376,0.9719782,0.9629038,0.9628,0.9643137,0.9693838,0.9414398,0.9620308,0.971808,0.951782,0.96279263,0.96780896,0.9531231,0.98461294,0.95977366,0.9724851,0.9659445,0.95127636
arcticdogsmovie,0.9624165,0.96988666,0.9648047,0.9576702,0.96044254,0.9596187,0.961302,0.95987046,0.9789792,0.957687,0.9475382,0.95366687,0.9644927,0.9576929,0.96657395,0.99999994,0.9637491,0.96054417,0.9439111,0.9598848,0.9549379,0.966504,0.958519,0.9618337,0.9583734,0.8954964,0.95665365,0.9558095,0.96593666,0.9608483,0.9447185,0.9623761,0.95377094,0.9526349,0.93998474,0.9336409,0.9707159,0.9659753,0.9588409,0.96913975,0.9542207,0.95511156,0.94997495,0.95800996,0.9585109,0.9611466,0.9554186,0.9571447,0.95093066,0.9570564,0.96917343,0.9732107,0.9635303,0.95366776,0.9513579,0.9525581,0.9548414,0.9567517,0.95595497,0.9663972,0.9478721,0.9525357,0.95142967,0.96014273,0.9717341,0.9477285,0.9529204,0.9679138,0.956876,0.9514379,0.9709932,0.75041765,0.94828606,0.9633346,0.9525231,0.94948184,0.9269554,0.9576326,0.9455254,0.9564576,0.9441171,0.9603839,0.9683675,0.95520073,0.96483386,0.95416784,0.95226693,0.96925426,0.9616626,0.9705556,0.9576926,0.9709932,0.95804864,0.9604737,0.9654403,0.9575263,0.95870155,0.96129686,0.9598641,0.95247847,0.9652576,0.96789813,0.95938164,0.962219,0.95532316,0.96797174,0.96266264,0.974117,0.963841,0.96111596,0.96485263,0.8818844,0.9594878,0.9116109,0.94819283,0.9661778,0.966724,0.95208883,0.9640041,0.958768,0.9556334,0.95366335,0.96117795,0.9445277,0.9652896,0.9595836,0.95617884,0.9586082,0.9610688,0.93243414,0.96689785,0.9577315,0.9600388,0.94827974,0.95162225,0.9651436,0.9578046,0.9625276,0.97012913,0.960636,0.9789792,0.9633175,0.96208006,0.96547776,0.9492239,0.96021825,0.96209127,0.94754654,0.9686309,0.9544732,0.95832795,0.9596625,0.9614831,0.9399931,0.9592267,0.96630627,0.9539649,0.9633968,0.9608856,0.94807106,0.9789792,0.95253724,0.9713221,0.9612923,0.9584227
arcticmovie,0.95913416,0.9627331,0.9722904,0.95035774,0.958507,0.9607424,0.9577012,0.95794505,0.9805238,0.9552111,0.9568578,0.95969003,0.9617871,0.9664723,0.96016604,0.9637491,1.0000001,0.9610888,0.9529823,0.9536675,0.9630626,0.96555275,0.9709319,0.9693511,0.9550517,0.8987752,0.9618712,0.97252643,0.96780944,0.9526138,0.95832723,0.9648883,0.9590126,0.9606081,0.9441779,0.9228324,0.9678479,0.9597368,0.9566554,0.95995194,0.95809495,0.96127397,0.96309155,0.96694416,0.95865554,0.96110016,0.9679647,0.95063436,0.9522224,0.9623736,0.9695145,0.9668783,0.96425354,0.9591021,0.9473626,0.95962054,0.96320814,0.9666151,0.9626717,0.96376914,0.95392245,0.9528556,0.95869297,0.9616541,0.96210605,0.95857877,0.9671343,0.9542209,0.95724344,0.9474759,0.96516144,0.7630573,0.9527836,0.96549594,0.9519153,0.9522889,0.92825544,0.96059287,0.95440036,0.967416,0.95606464,0.9605402,0.96523935,0.9492366,0.9648117,0.9597244,0.9571902,0.96111643,0.9569889,0.9694806,0.9572381,0.96516144,0.9546137,0.9579107,0.97216237,0.95629436,0.96232927,0.96080005,0.9591142,0.9624835,0.95711744,0.9629557,0.96168184,0.964546,0.95769066,0.96851766,0.9641254,0.96719253,0.96529627,0.9533021,0.9680118,0.90008813,0.9607669,0.9174097,0.95741093,0.9639422,0.9613387,0.9538891,0.96716344,0.95571756,0.9595258,0.9657232,0.95873445,0.952694,0.96058387,0.96135366,0.9538658,0.96176636,0.95438933,0.9422734,0.96365696,0.95097375,0.97710466,0.9656475,0.96076226,0.9572352,0.9616427,0.9633606,0.96376574,0.9595887,0.9805238,0.9632176,0.962231,0.9669424,0.960139,0.95595676,0.95790786,0.94929314,0.9657536,0.9621948,0.95243144,0.96710205,0.96799654,0.9430632,0.9628719,0.964158,0.96581286,0.96266997,0.9676865,0.9630395,0.9805238,0.9477853,0.9602363,0.96271867,0.96202767
artofracingmovie,0.96356183,0.96098435,0.9674133,0.9622239,0.9714417,0.95949227,0.9700288,0.95879245,0.9811374,0.9681417,0.95189893,0.9568492,0.96414185,0.966693,0.96853656,0.96054417,0.9610888,1.0000004,0.95335245,0.9580772,0.9588877,0.9709697,0.96203536,0.9703809,0.9610257,0.9058637,0.9614066,0.95668066,0.9679573,0.95213425,0.9532889,0.96639824,0.9572395,0.9535345,0.9571902,0.9458609,0.96422565,0.96055245,0.9641819,0.9592318,0.95460427,0.9655904,0.94869894,0.9671452,0.96017736,0.9576283,0.960589,0.9533963,0.9544838,0.96497166,0.96751666,0.9662007,0.9616728,0.9544521,0.94906133,0.9687274,0.96101403,0.9693317,0.95661026,0.96566886,0.95243955,0.9535906,0.95008665,0.9600833,0.9565952,0.9535716,0.9552008,0.9615035,0.96367013,0.95947,0.9671484,0.8045605,0.95675856,0.96051043,0.95794433,0.9535625,0.94324505,0.9490806,0.9518131,0.9671685,0.96003944,0.9649152,0.96205693,0.96166486,0.96031713,0.95962685,0.95767194,0.96598715,0.9577004,0.96355146,0.9581412,0.9671484,0.9593716,0.9510436,0.96334386,0.962276,0.96271765,0.95808357,0.96392524,0.96431166,0.9551729,0.9624078,0.9632558,0.9633955,0.9486027,0.9662118,0.9629857,0.96017796,0.96288055,0.9505687,0.9652307,0.9146085,0.9680954,0.94293004,0.95682657,0.95795125,0.9651284,0.95498115,0.97045743,0.96701545,0.95711106,0.9630642,0.95964444,0.9451069,0.9610794,0.95418316,0.96307933,0.9652524,0.9723472,0.9267255,0.96395326,0.96101034,0.9678871,0.9564129,0.9670976,0.9521549,0.96392107,0.96134955,0.96340716,0.9662384,0.9811374,0.96190834,0.9575256,0.9609504,0.9473601,0.959746,0.9663635,0.95387053,0.9654379,0.9576381,0.9596357,0.96544456,0.9687862,0.9403651,0.96308076,0.96602935,0.9573049,0.9627074,0.96884775,0.96037984,0.9811374,0.95434177,0.9719858,0.9595523,0.952877
avengers,0.97202086,0.94587547,0.94570327,0.94240415,0.9395895,0.94464856,0.9469816,0.9451045,0.96627855,0.9463902,0.9520052,0.94246525,0.9438279,0.9551485,0.95009845,0.9439111,0.9529823,0.95335245,0.99999994,0.94569504,0.95225674,0.94709486,0.951891,0.95482844,0.9321679,0.8890276,0.9433453,0.946304,0.9443743,0.941951,0.9767221,0.94496495,0.94309574,0.9303162,0.9406839,0.9270298,0.9546573,0.9494935,0.9457994,0.93962264,0.9396058,0.9470351,0.9394942,0.9574575,0.9516378,0.9469352,0.9507794,0.9451791,0.94085294,0.9486097,0.950193,0.94753504,0.9436444,0.9415448,0.93159926,0.95077217,0.9566494,0.95072144,0.9549764,0.9519252,0.9413406,0.94867915,0.94914037,0.9435519,0.94307095,0.9506794,0.94996125,0.9443205,0.9483777,0.9421847,0.96223414,0.7756331,0.9431808,0.9435514,0.937367,0.95435053,0.9095541,0.9364597,0.9361002,0.9415745,0.95113415,0.94489825,0.9410572,0.9398451,0.94819623,0.94644153,0.95329034,0.94869727,0.9515162,0.95618504,0.94515103,0.96223414,0.95050526,0.93945426,0.9503962,0.9490446,0.9569645,0.9528935,0.9459262,0.94153935,0.9470881,0.94517154,0.94691575,0.9523918,0.93932694,0.95525855,0.94929457,0.9440274,0.9428419,0.93235886,0.95149773,0.8984204,0.95523816,0.9139803,0.94350904,0.94912827,0.95926875,0.9410797,0.95111424,0.9456188,0.9408481,0.94500893,0.9499805,0.9327688,0.9510812,0.94097805,0.94662696,0.9567813,0.94123286,0.9477363,0.9468083,0.943669,0.9636524,0.9418026,0.95327824,0.9410778,0.94154525,0.94514227,0.95774156,0.94520223,0.96627855,0.943143,0.9495953,0.9479424,0.93603665,0.9370553,0.948594,0.93736,0.9476292,0.94573724,0.93614006,0.9521978,0.94883955,0.9343818,0.95686084,0.9562502,0.94560623,0.9569535,0.9528077,0.9489499,0.96627855,0.9432385,0.9475655,0.9513087,0.93858325
beachbummovie,0.96287143,0.9534888,0.95413154,0.95124364,0.95331913,0.9480061,0.9564735,0.94785655,0.9714487,0.94531476,0.9445696,0.9394702,0.94879115,0.94865185,0.97358096,0.9598848,0.9536675,0.9580772,0.94569504,1.0000001,0.95516276,0.96637815,0.952528,0.95132405,0.9518559,0.89966786,0.95810914,0.9468326,0.96239334,0.9462215,0.9433859,0.95777285,0.94212013,0.93976265,0.9475786,0.9370184,0.95872664,0.9521277,0.9492913,0.9573952,0.9510854,0.94288814,0.94205797,0.9531932,0.9485458,0.95936257,0.9499442,0.9493129,0.94759387,0.94622797,0.95477164,0.96629226,0.9487452,0.9451422,0.939729,0.9425847,0.9542797,0.9573078,0.9535738,0.9581273,0.94668996,0.948018,0.9466001,0.94789773,0.9561018,0.94664073,0.9452295,0.9576823,0.9575295,0.9460525,0.9590301,0.78698474,0.9486933,0.94906753,0.94308287,0.95326924,0.9311834,0.95387274,0.9484154,0.9585668,0.9445712,0.9627944,0.9537026,0.95001256,0.9486991,0.943346,0.9530033,0.9528757,0.95263934,0.9628865,0.957746,0.9590301,0.9538764,0.95323175,0.9547211,0.9660696,0.95807254,0.97586805,0.9563843,0.9464171,0.9510243,0.9660914,0.9576148,0.9549682,0.9458286,0.9541508,0.9529354,0.952641,0.95620143,0.9404356,0.95956695,0.8971107,0.9549292,0.9149546,0.94158036,0.9579471,0.96431094,0.94221437,0.9552759,0.94977933,0.9498494,0.9445111,0.95550394,0.92976665,0.9601334,0.9499494,0.9434682,0.952636,0.9449802,0.92802584,0.95624614,0.9439323,0.9528217,0.93932754,0.95204026,0.94814175,0.9546875,0.95244205,0.9588446,0.9615839,0.9714487,0.95844495,0.9484153,0.95639443,0.9402172,0.95692,0.9475348,0.9501155,0.95929265,0.95862997,0.9516901,0.94994605,0.9531605,0.932642,0.95277554,0.96239,0.9427583,0.9506451,0.95710635,0.9461783,0.9714487,0.94754803,0.9542143,0.9458833,0.93779606
bernadettefilm,0.96093684,0.9531998,0.96727014,0.95352155,0.960357,0.96298254,0.96291476,0.95058733,0.9781993,0.9490877,0.9460736,0.96111953,0.95515,0.95733607,0.96069986,0.9549379,0.9630626,0.9588877,0.95225674,0.95516276,0.99999994,0.96262044,0.9634278,0.96015173,0.9480029,0.902839,0.957061,0.9491663,0.9637687,0.94724184,0.9504467,0.95511013,0.9548869,0.956816,0.94601154,0.9381169,0.9679152,0.96231955,0.95465,0.9584416,0.9560499,0.95539594,0.9540992,0.9576795,0.9618548,0.95109946,0.95815516,0.9521477,0.94989264,0.953511,0.96896845,0.9673362,0.95547444,0.9432972,0.94984937,0.95086265,0.9491267,0.96373236,0.95222616,0.9588595,0.9538499,0.9629838,0.9518583,0.9508035,0.9636359,0.96502906,0.9530573,0.9621616,0.95356864,0.94667274,0.968165,0.78593844,0.94479764,0.95766205,0.9494338,0.9594174,0.9299099,0.95408857,0.94754434,0.9592729,0.94324845,0.9648894,0.95487654,0.96081364,0.9646576,0.95697397,0.95873964,0.9645228,0.9653136,0.9665129,0.9580997,0.968165,0.9567695,0.95723313,0.963948,0.9589093,0.95746315,0.95797217,0.95662934,0.95319587,0.95246613,0.9601167,0.96052766,0.9626777,0.9504859,0.9676081,0.95919514,0.9609042,0.9481681,0.95415556,0.96097094,0.89463204,0.9685874,0.9211147,0.96589744,0.9557722,0.9642004,0.9529461,0.96369284,0.9554461,0.9524042,0.9550595,0.96406394,0.95021796,0.9633142,0.9531221,0.95117456,0.9618592,0.94768745,0.9390981,0.97795,0.95242625,0.95492214,0.95307374,0.96417326,0.9465148,0.951078,0.9673065,0.97434187,0.95703924,0.9781993,0.9596125,0.9570799,0.95941955,0.9455055,0.95384747,0.959088,0.9457991,0.9642088,0.95949787,0.95283,0.9613886,0.96238667,0.9370071,0.9627961,0.9641029,0.9580186,0.95955306,0.95656383,0.95261574,0.9781993,0.9420876,0.96494293,0.9619721,0.95091045
