movie,21bridgesmovie,47metersdown,abeautifuldaymovie,abominablemovie,adastramovie,adogsjourneymovie,aftermathmovie,aftermovie,ahiddenlifefilm,alitamovie,angelhasfallen,angrybirdsmovie,annabellemovie,annamovie,apollo11movie,arcticdogsmovie,arcticmovie,artofracingmovie,avengers,beachbummovie,bernadettefilm,blackandbluemovie,blackchristmas,blindedbythelightmovie,bombshellmovie,booksmart,breakthroughmovie,brianbanksmovie,brightburnmovie,brittanyrunsmov,captainmarvelofficial,captivestatemovie,catsmovie,charliesangels,childsplaymovie,clarathefilm,coldpursuitmovie,countdown,currentwarmovie,darkwatersmovie,detectivepikachumovie,disneyaladdin,disneyfrozen,disneymaleficent,doctorsleepmovie,dolemiteismyname,dontletgomovie,doramovie,downtonabbey_official,dumbo,escaperoom,everybodyknowsmovie,fastandfuriousmovie,fightingwmyfam,fivefeetapartfilm,fordvferrari,freaksthefilm,geminimanmovie,glassmovie,gloriabellmovie,godzillamovie,goldfinchmovie,goodboysmovie,goodliarmovie,gretafilm,halathemovie,happydeathdaymovie,harrietfilm,hellboymovie,hersmellmovie,highlifemovie,highstrungmovie,honeyboymovie,hotelmumbaifilm,httydragon,hustlemovie,hustlersmovie,isntitromantic,itmovieofficial,jayandsilentbob,johnwickmovie,jojorabbitmovie,jokermovie,judythefilm,jumanjimovie,justmercyfilm,knivesout,lalloronamovie,lastblackmansf,lastchristmasthemovie,latenightmovie,lighthousemovie,lionking,littlethemovie,littlewomenmovie,littlewoodsfilm,longshotmovie,lordsofchaosmovie,lucyintheskyfilm,mamovie2019,marriagestory,meettheaddams,meninblack,midsommarmovie,midwaymovie,missbalamovie,missinglinkfilm,motherlessbklyn,onceinhollywood,onthebasisofsex,overcomermovie,peanutbutterfalcon,petsematarymovie,piercingmovie,playingwithfire,playmobilthemovie,pomsmovie,queenandslim,rambomovie,readyornotfilm,richardjewellfilm,rocketmanmovie,scarystoriesmovie,secretlifeofpets,serenityfilm,shaftmovie,shazammovie,spidermanmovie,spiesindisguise,starwars,stormboymovie,stubermovie,taosdfilm,teenspiritmov,terminator,theaeronautsmov,thebestofenemies,thedeaddontdie,thefarewell,thehighwaymen,thehummingbirdprojectfilm,theintrudermovie,theirishmanfilm,thekitchenmovie,thelegomovie,themustangfilm,thenightingalefilm,theprodigymovie,thesunisalsoastar,theupsidefilm,tolkienmovie,toystory,triplefrontier,uglydolls,uncutgems,underthesilverlake,usmovie,wavesmovie,whatmenwant,wonderparkmovie,wrinklestheclown,xmenmovies,yardiefilm,yesterdaymovie,zombieland
21bridgesmovie,0.9999995,0.9510608,0.9714608,0.959352,0.96843094,0.94916,0.9706143,0.96584576,0.9861723,0.96432495,0.9685824,0.9576478,0.9669389,0.9723907,0.9740687,0.9617512,0.967327,0.97212386,0.97547597,0.96698827,0.96509093,0.96895194,0.9688929,0.970087,0.9576478,0.89908314,0.96495247,0.9689955,0.9716043,0.9628748,0.9610385,0.9631323,0.9459407,0.95772105,0.9593105,0.9436419,0.9731596,0.9724816,0.96852946,0.95713854,0.964415,0.9736338,0.964472,0.97363245,0.9734474,0.961178,0.96863985,0.9676981,0.96578634,0.97478944,0.9739978,0.97318804,0.9646219,0.95529926,0.9597566,0.9650404,0.96002686,0.96979874,0.961638,0.97352546,0.96629095,0.9644674,0.9609286,0.97357136,0.96956164,0.957469,0.9559208,0.9678105,0.9717958,0.95405877,0.9747664,0.77556396,0.9612993,0.96711946,0.9651168,0.96719503,0.93929416,0.9699249,0.9671052,0.96646404,0.9617193,0.96425116,0.96777135,0.9671956,0.9601275,0.96129435,0.96246994,0.9684095,0.9633319,0.9681421,0.9603359,0.9747664,0.9633742,0.9683252,0.9698335,0.9637487,0.96486616,0.9690614,0.9598509,0.9621138,0.9651116,0.96707946,0.9648733,0.967883,0.95182484,0.97011304,0.96903914,0.9696264,0.9579239,0.96272117,0.96662104,0.92276835,0.9698112,0.949249,0.96198404,0.97915614,0.9892202,0.96160096,0.96832114,0.961911,0.96687204,0.97136223,0.97007483,0.9480034,0.96784455,0.9686727,0.9700665,0.96307886,0.9629462,0.9351672,0.9693372,0.96160805,0.9642534,0.9529211,0.9634443,0.95921487,0.97143257,0.9684581,0.9726579,0.9622394,0.9861723,0.97338647,0.9596866,0.9637162,0.9578611,0.9743924,0.9658578,0.9636461,0.96913075,0.97018445,0.96657324,0.9684127,0.96565074,0.9607545,0.96947485,0.96150887,0.9605715,0.9724319,0.9640652,0.95377684,0.9861723,0.9594528,0.96124315,0.96737856,0.96381927
47metersdown,0.9510608,0.99999994,0.9474772,0.9290853,0.9363311,0.92790735,0.9442736,0.9347148,0.95824075,0.9416376,0.9475123,0.9257999,0.9472534,0.93773645,0.94639075,0.9388572,0.9369511,0.93628114,0.9317415,0.9345382,0.93103594,0.949052,0.95101684,0.9462275,0.92973924,0.89099103,0.94069093,0.9400204,0.9420333,0.93475765,0.93214345,0.94783866,0.9232147,0.9368539,0.93487364,0.9219262,0.9522428,0.9377078,0.9420721,0.9392072,0.9377482,0.94818497,0.9405728,0.9472261,0.94751936,0.9334231,0.95220953,0.9401697,0.9288865,0.94804084,0.94464403,0.94790757,0.93636775,0.92571867,0.93062615,0.92497754,0.9442065,0.9465853,0.9433568,0.9533389,0.93899584,0.9449354,0.9431175,0.95022607,0.9392648,0.93925565,0.916238,0.94468766,0.9385606,0.931221,0.9532741,0.7912479,0.9348673,0.9372925,0.9374646,0.9430216,0.91115177,0.94257104,0.94010913,0.950581,0.9421662,0.9396353,0.94060415,0.94236815,0.94561255,0.9341949,0.92237794,0.942463,0.9416498,0.94048554,0.92802894,0.9532741,0.9247503,0.93825454,0.94665074,0.93635714,0.9456173,0.9268845,0.93914866,0.9377325,0.9445023,0.94138104,0.9402548,0.947479,0.9508926,0.94705665,0.94565433,0.9413898,0.9066748,0.93620586,0.9392343,0.89434177,0.93839645,0.9295243,0.93121105,0.94602185,0.93975586,0.9246497,0.93559784,0.93338007,0.94297385,0.9452476,0.94793284,0.9416353,0.9397893,0.9393323,0.93821514,0.93545127,0.93451554,0.9153183,0.93084913,0.93209624,0.9444418,0.93422145,0.9367449,0.9370121,0.9405788,0.9384197,0.94885415,0.9332401,0.95824075,0.95401025,0.9403842,0.93848145,0.93502593,0.9400749,0.93342173,0.93126327,0.94043505,0.93466073,0.9454261,0.94494206,0.942939,0.9248488,0.94375557,0.9414345,0.9353706,0.9414752,0.9348935,0.9223433,0.95824075,0.9352663,0.939713,0.9361045,0.93749475
abeautifuldaymovie,0.9714608,0.9474772,0.9999997,0.9629839,0.9678783,0.9557078,0.97101754,0.96098536,0.98500735,0.9613552,0.9683347,0.96562153,0.97162354,0.9619936,0.9616967,0.9646233,0.96937174,0.97373116,0.968598,0.9569708,0.9679055,0.9718288,0.9671193,0.97366744,0.9676469,0.90137124,0.9681538,0.97236526,0.9823393,0.96361333,0.96109766,0.9647943,0.9460485,0.96741414,0.95558155,0.93894666,0.96510655,0.96198803,0.9627047,0.955913,0.9669086,0.97163504,0.9636092,0.9718462,0.97035104,0.9634301,0.96757317,0.96075815,0.9590948,0.97135574,0.98308134,0.96987313,0.964104,0.96109945,0.9598425,0.96635133,0.97056746,0.9669063,0.963582,0.9659524,0.9688914,0.96497107,0.9618885,0.96665365,0.96540594,0.95612067,0.95741916,0.96378976,0.9656604,0.95248115,0.9660724,0.797542,0.9630645,0.9702335,0.9633344,0.9564628,0.9335699,0.96669346,0.9618979,0.9709506,0.95724046,0.9709523,0.97233695,0.9684029,0.9726932,0.9552615,0.95784605,0.9710479,0.96342283,0.968843,0.9615251,0.9660724,0.96105665,0.9680598,0.9762711,0.9612263,0.9643187,0.96760577,0.9585134,0.95668405,0.96409476,0.9676276,0.96989924,0.96381265,0.94387764,0.9788667,0.963018,0.96977365,0.96543443,0.96429694,0.9659084,0.9288552,0.96406543,0.9481065,0.9588296,0.9694641,0.9664445,0.96445656,0.96739125,0.9647927,0.97026926,0.9665158,0.9657538,0.9523963,0.9702003,0.9672177,0.97127974,0.9679252,0.959885,0.94543105,0.9602538,0.9653276,0.9706011,0.95786405,0.96049356,0.95997745,0.9579119,0.96275026,0.9615469,0.9570702,0.98500735,0.982939,0.9610872,0.96411127,0.96032405,0.970392,0.9613513,0.963737,0.9643962,0.9512047,0.9722176,0.976732,0.97129416,0.9437313,0.96682936,0.95318127,0.95894235,0.96233946,0.9622388,0.94980156,0.98500735,0.9585805,0.9620699,0.9701354,0.97347784
abominablemovie,0.959352,0.9290853,0.9629839,1.0000001,0.95131534,0.9345197,0.9587751,0.9602561,0.9750509,0.9509793,0.95998514,0.93962765,0.9568267,0.9513656,0.9570313,0.9575297,0.96286595,0.9565006,0.953219,0.9488625,0.9600041,0.9494581,0.9555803,0.95497924,0.95013237,0.89746636,0.94473153,0.9608618,0.9639653,0.96040773,0.95636976,0.9548601,0.94539857,0.953032,0.9449485,0.93284976,0.956437,0.9530106,0.9537283,0.943505,0.95235765,0.9547653,0.9445112,0.95795226,0.9592162,0.95699304,0.953871,0.9466261,0.9520242,0.9545364,0.96398693,0.9610086,0.9439873,0.95283157,0.95658547,0.9540305,0.94963044,0.95267946,0.9728265,0.94879836,0.955536,0.9737782,0.9491931,0.9519868,0.9546411,0.9446052,0.9360125,0.9506766,0.95790666,0.9555149,0.9533517,0.7986908,0.9575482,0.9571628,0.95730174,0.9508817,0.9254491,0.9568486,0.95825803,0.9459132,0.9506994,0.96338505,0.9564904,0.96440464,0.9588104,0.9538025,0.9556892,0.953389,0.95409214,0.9535627,0.9539841,0.9533517,0.9574603,0.95618856,0.9576434,0.9573248,0.95494306,0.962988,0.9536714,0.9427109,0.95441794,0.9506482,0.9532017,0.95626223,0.94324416,0.96245325,0.9479326,0.9589895,0.94529194,0.94597703,0.9551094,0.92611635,0.95482165,0.93817395,0.95755106,0.9589717,0.95304346,0.9515365,0.951711,0.95809954,0.951495,0.954797,0.9613767,0.93916035,0.9529755,0.9622826,0.9581889,0.95117915,0.94338083,0.9288451,0.957074,0.9462846,0.9651881,0.946482,0.95464456,0.9587651,0.95040643,0.9636043,0.95145583,0.9563993,0.9750509,0.96430665,0.95154583,0.9456036,0.94969183,0.9550184,0.9452784,0.95023626,0.95420265,0.93672633,0.9564503,0.95735717,0.9615247,0.92908084,0.9578636,0.93294007,0.9524622,0.9495015,0.9598637,0.9460999,0.9750509,0.9438663,0.956311,0.95754164,0.95512193
adastramovie,0.96843094,0.9363311,0.9678783,0.95131534,1.0000002,0.94105613,0.9593181,0.9507325,0.9785162,0.9705282,0.95819366,0.95304483,0.96509296,0.9559851,0.9613717,0.9529326,0.95963955,0.97670954,0.96149826,0.9556509,0.94932437,0.953897,0.96459574,0.9658447,0.95871186,0.885204,0.9696977,0.9529612,0.96570414,0.95646334,0.95205814,0.96094894,0.938415,0.9627554,0.9487357,0.94015247,0.96005136,0.9581246,0.95274156,0.9524605,0.9611675,0.96939564,0.9634145,0.96873266,0.9600968,0.95695114,0.9647645,0.9578475,0.9515917,0.96631974,0.96458364,0.95679015,0.9572603,0.94354874,0.94858325,0.970819,0.96654505,0.96883786,0.95653355,0.95918596,0.96109027,0.9602582,0.9572451,0.9607105,0.95284516,0.9485131,0.9416421,0.9519111,0.96138144,0.9429413,0.96406484,0.76973283,0.95537305,0.95224464,0.95588744,0.95170116,0.929362,0.96407604,0.96023136,0.96356595,0.9551375,0.9547766,0.9641796,0.9546723,0.9529646,0.9569045,0.9478789,0.9670888,0.95788926,0.9690676,0.9519323,0.96406484,0.9545364,0.9593718,0.9634468,0.95944047,0.95779204,0.9632065,0.94848716,0.96269476,0.95923436,0.96494,0.95751643,0.9610863,0.9411818,0.960573,0.9603924,0.95439637,0.9475123,0.95632046,0.9607889,0.9320695,0.9597437,0.9511109,0.9605465,0.9596717,0.96742094,0.95788187,0.9641934,0.95459044,0.95998573,0.96267885,0.9586976,0.9413259,0.9518648,0.9605114,0.9662008,0.952098,0.9698625,0.93886936,0.9616844,0.9717008,0.9621148,0.9415323,0.96147424,0.95056176,0.96415985,0.95630276,0.9651517,0.95893073,0.9785162,0.9634878,0.9587086,0.9537326,0.9656566,0.9546245,0.9593381,0.9541104,0.96039385,0.95069766,0.95700324,0.96215594,0.96357644,0.93333006,0.96233577,0.9489614,0.95022506,0.9516725,0.9533461,0.95076084,0.9785162,0.9659989,0.95290893,0.9644403,0.9618088
adogsjourneymovie,0.94916,0.92790735,0.9557078,0.9345197,0.94105613,0.99999994,0.94715416,0.94781905,0.9653036,0.9486489,0.95113474,0.93867576,0.94272184,0.9437594,0.95039946,0.9438307,0.95279443,0.945162,0.93020684,0.93165135,0.9388132,0.9499544,0.95640117,0.9563118,0.9445287,0.88419026,0.9517501,0.94965696,0.9541267,0.9392186,0.92391676,0.93878174,0.9419512,0.9360278,0.9258869,0.90275174,0.94756013,0.9411747,0.9417641,0.9330069,0.94201505,0.95416266,0.93846357,0.95190805,0.9464439,0.9329441,0.9525582,0.95183724,0.94006443,0.949983,0.9587849,0.94906247,0.9562048,0.9308486,0.94647825,0.9357435,0.9431848,0.95728034,0.9382337,0.9525863,0.93609226,0.94544446,0.9372371,0.9429299,0.9454676,0.9363967,0.93097395,0.9449872,0.9521707,0.9292252,0.95267594,0.78200054,0.93796736,0.9511845,0.9468724,0.93526554,0.9069468,0.9438898,0.94744307,0.961944,0.944275,0.9430707,0.93821186,0.9516564,0.9475139,0.94286764,0.9445279,0.94926935,0.9380202,0.9484843,0.9268888,0.95267594,0.9379831,0.9492554,0.9453047,0.9426567,0.9502916,0.9408591,0.92939943,0.9370771,0.93196446,0.9479487,0.9546624,0.94796276,0.9371764,0.95764256,0.9501485,0.93953496,0.9304698,0.9420203,0.9492776,0.900366,0.9460316,0.92121774,0.94080377,0.9514252,0.94846964,0.94096214,0.9453061,0.93777895,0.9531871,0.9505632,0.9528581,0.9652846,0.9389511,0.94811624,0.9551126,0.9450434,0.9421789,0.9145725,0.9413413,0.9379862,0.94234776,0.929904,0.94997615,0.94121563,0.93200266,0.9431529,0.94290376,0.92913884,0.9653036,0.9537487,0.9284789,0.9297908,0.9256834,0.9438082,0.9405746,0.9428551,0.93342316,0.9397831,0.94489366,0.93673426,0.94164395,0.9247758,0.94530135,0.94081926,0.95490044,0.94668996,0.94393,0.9327419,0.9653036,0.9341566,0.9495613,0.9611896,0.95504504
aftermathmovie,0.9706143,0.9442736,0.97101754,0.9587751,0.9593181,0.94715416,1.0,0.96314996,0.9838834,0.964882,0.9698431,0.9613381,0.9642966,0.96079224,0.9661728,0.9696652,0.96672034,0.9646082,0.96474236,0.95938945,0.9578256,0.96878,0.9661649,0.9656023,0.95881295,0.9056513,0.967034,0.9624387,0.97603124,0.9604997,0.96115685,0.9695263,0.94664073,0.95789045,0.9565119,0.94147795,0.9696487,0.9583415,0.96850693,0.9502557,0.9597517,0.9679732,0.9678302,0.9681265,0.9706875,0.96720064,0.9667482,0.96486413,0.9593999,0.967422,0.9787911,0.9693788,0.9522491,0.95615005,0.95927745,0.96063465,0.9598857,0.97031695,0.9611001,0.9713317,0.96564853,0.9651207,0.96223515,0.96724993,0.9648017,0.9656003,0.94449055,0.9642239,0.9680815,0.9585788,0.97278804,0.7981986,0.9537641,0.96649253,0.9593054,0.9593215,0.9312221,0.9628141,0.96012765,0.9686119,0.964396,0.97712356,0.97069895,0.958565,0.958529,0.9529397,0.95755476,0.96770984,0.95982033,0.9715489,0.95712376,0.97278804,0.9607783,0.9710268,0.97222865,0.962556,0.95665663,0.96226716,0.9764486,0.956229,0.9683336,0.9566939,0.9676611,0.96678936,0.9486376,0.97739327,0.9626074,0.9686238,0.9615062,0.9669013,0.9641365,0.92933637,0.9620827,0.94949484,0.96344095,0.96508884,0.9669943,0.964622,0.9697023,0.9875774,0.9631953,0.9587514,0.9630008,0.95092106,0.96454155,0.964342,0.96303403,0.96889085,0.9679825,0.94852597,0.96568733,0.95766836,0.96461314,0.951076,0.9669661,0.95368373,0.96020854,0.96758497,0.96649253,0.9607842,0.9838834,0.97863054,0.96087104,0.969778,0.9637529,0.97302943,0.95879287,0.964338,0.96819663,0.9603516,0.9879823,0.9645991,0.96933544,0.9451162,0.9645743,0.96119446,0.95764357,0.9694188,0.9636566,0.9466612,0.9838834,0.95395637,0.9640606,0.96233726,0.9684436
aftermovie,0.96584576,0.9347148,0.96098536,0.9602561,0.9507325,0.94781905,0.96314996,0.9999999,0.97868556,0.95543754,0.9531326,0.94838786,0.95966727,0.9539085,0.960303,0.9596798,0.96622145,0.9569015,0.95358586,0.954757,0.95666707,0.9521096,0.9571589,0.95650953,0.9511216,0.89958674,0.9550587,0.9627161,0.96205443,0.9457924,0.95653754,0.9617705,0.9543104,0.9488355,0.94808084,0.92801946,0.9621964,0.9589058,0.96098506,0.94975,0.9549027,0.958492,0.9538617,0.9627087,0.960719,0.9549668,0.9575254,0.95379037,0.96157503,0.9616625,0.9643209,0.9606574,0.949274,0.9521907,0.9653197,0.9552107,0.9505574,0.9576974,0.95939416,0.96151376,0.9587378,0.95897883,0.9493901,0.9644232,0.95773107,0.9399396,0.9307308,0.9501752,0.9564527,0.9582739,0.9613027,0.77405804,0.9638767,0.95947915,0.9638433,0.95172,0.9275505,0.961131,0.9645922,0.9616921,0.9496983,0.95611537,0.96633667,0.9633105,0.9575824,0.9449975,0.9594741,0.9609422,0.9587366,0.9612115,0.9579699,0.9613027,0.9582156,0.9669113,0.9589505,0.9580305,0.95196134,0.9596038,0.9531013,0.94998765,0.95138484,0.9549957,0.9603465,0.96315986,0.9543387,0.96033615,0.9467924,0.96109724,0.9449694,0.94732326,0.9632121,0.91948855,0.9615036,0.93242973,0.95238364,0.9559437,0.9621728,0.95681685,0.9611569,0.96230805,0.96683514,0.96753275,0.96279967,0.9486104,0.95320815,0.9672731,0.9601538,0.95877975,0.94877654,0.92457294,0.9629592,0.9440953,0.9624421,0.949625,0.9610497,0.95072055,0.9495218,0.9623544,0.9603269,0.95744514,0.97868556,0.96226865,0.95157206,0.9593861,0.96023434,0.9590437,0.9466811,0.9540738,0.9615281,0.94836843,0.9593382,0.9547743,0.960057,0.93649644,0.96305186,0.9461528,0.95544314,0.96205586,0.9707145,0.9468287,0.97868556,0.95216334,0.96001583,0.9604843,0.95828617
ahiddenlifefilm,0.9861723,0.95824075,0.98500735,0.9750509,0.9785162,0.9653036,0.9838834,0.97868556,1.0000002,0.975805,0.98123544,0.966774,0.98204625,0.97891414,0.9823446,0.976785,0.98256606,0.98230714,0.9782349,0.97612786,0.97612476,0.97814524,0.9815034,0.98134035,0.9745691,0.91925,0.9782789,0.97805494,0.9823194,0.9724471,0.97298735,0.9798025,0.963239,0.9725667,0.96639615,0.9522792,0.9828382,0.97664684,0.9782865,0.96998703,0.9759294,0.9843351,0.9782454,0.98376846,0.98302,0.9758767,0.9810727,0.97683585,0.9749687,0.98307616,0.98563164,0.98391163,0.97607404,0.97011644,0.97476596,0.97558546,0.97674865,0.9828193,0.9769102,0.98346823,0.98046345,0.97770566,0.9761187,0.9812496,0.9762657,0.97254044,0.96333796,0.9783017,0.98089164,0.97206664,0.98396736,0.7954791,0.97390807,0.9786788,0.9777712,0.97024786,0.9451363,0.9798848,0.97903025,0.9825057,0.97626454,0.9804666,0.9821498,0.97818744,0.9765868,0.97109646,0.9720849,0.9826387,0.9772268,0.98187166,0.9729065,0.98396736,0.9774708,0.9808503,0.9820032,0.97678226,0.97758716,0.9811498,0.97132605,0.97264767,0.977219,0.9756188,0.9790706,0.97980404,0.9656503,0.9843082,0.97949725,0.98036534,0.9685688,0.9756508,0.98145825,0.93981045,0.9807458,0.96372366,0.97636855,0.9792496,0.98230475,0.9755773,0.9810749,0.97887814,0.980124,0.9799447,0.9827393,0.96730024,0.97459114,0.9798831,0.9814436,0.9775164,0.97613645,0.9541125,0.97712314,0.9718642,0.98145664,0.96652913,0.9782387,0.9697889,0.974715,0.9798929,0.98084694,0.97452205,1.0000002,0.98534024,0.9739903,0.97478837,0.97028077,0.98019505,0.9724702,0.9742545,0.98015475,0.9689524,0.9814217,0.9775538,0.97936106,0.95699304,0.9787479,0.9685476,0.9745439,0.97720176,0.9751263,0.9655197,1.0000002,0.9717973,0.97553587,0.981744,0.9794899
alitamovie,0.96432495,0.9416376,0.9613552,0.9509793,0.9705282,0.9486489,0.964882,0.95543754,0.975805,1.0,0.9565356,0.9516367,0.9587044,0.95529693,0.9569945,0.9588469,0.95583254,0.96240735,0.9559211,0.95217717,0.9524233,0.95043176,0.9626128,0.9671499,0.9546772,0.8990605,0.9657319,0.943547,0.9608724,0.95250064,0.94935715,0.9601745,0.9388768,0.95785266,0.9412546,0.93668216,0.9652765,0.95237136,0.9527897,0.9605788,0.96025693,0.9604333,0.9556152,0.95777494,0.9579287,0.9490573,0.9618836,0.9539985,0.9479673,0.9568453,0.96361524,0.9615363,0.95737606,0.9451892,0.95680517,0.95667315,0.9594275,0.9666866,0.95501494,0.95141834,0.95187527,0.9606615,0.9575671,0.95434815,0.96117747,0.9451671,0.9424265,0.96031386,0.95585895,0.94992656,0.9564073,0.79273,0.95049846,0.9530964,0.95545256,0.95169884,0.92113847,0.9670829,0.9591778,0.9532614,0.9565834,0.9561705,0.9531342,0.9530293,0.94789296,0.9522749,0.94868165,0.96568906,0.9453458,0.9685909,0.94952583,0.9564073,0.94643164,0.9566527,0.9660354,0.9531137,0.9558332,0.95856345,0.947071,0.9514613,0.9618182,0.96056825,0.95590013,0.9561404,0.9586356,0.9614533,0.95920724,0.94910014,0.94180834,0.9550171,0.96027505,0.9254628,0.9569776,0.95129514,0.95225644,0.95082444,0.9603327,0.9470159,0.9605093,0.9483277,0.9512668,0.9542614,0.9637298,0.9346143,0.94983274,0.9620826,0.95786446,0.9506477,0.958896,0.9409743,0.9609548,0.95776737,0.95558745,0.9348333,0.96402454,0.94958395,0.9479669,0.9548534,0.9531662,0.9595335,0.975805,0.9656925,0.9576597,0.95266116,0.9542201,0.9627918,0.9558838,0.94975746,0.9489749,0.94858664,0.9563663,0.95634043,0.9618444,0.9373785,0.95446616,0.94358253,0.95032626,0.9504766,0.953321,0.9535338,0.975805,0.95467484,0.9582242,0.95761925,0.95817995
angelhasfallen,0.9685824,0.9475123,0.9683347,0.95998514,0.95819366,0.95113474,0.9698431,0.9531326,0.98123544,0.9565356,1.0000004,0.9452694,0.96413875,0.9663046,0.97136575,0.9631304,0.96691525,0.9590337,0.9599571,0.9586176,0.9616629,0.9614134,0.96366143,0.96771413,0.95694417,0.90243137,0.96027774,0.9635582,0.9669738,0.95706683,0.9493285,0.9646995,0.94713545,0.9554435,0.944905,0.9314156,0.96858394,0.95892227,0.9609322,0.93765837,0.9511339,0.96684647,0.96203434,0.96761703,0.96153057,0.9576642,0.96069175,0.9667749,0.95172524,0.96697456,0.9717933,0.9638557,0.94706285,0.9584639,0.95230126,0.95491284,0.96397007,0.96805227,0.95967376,0.96966296,0.962817,0.9656188,0.96574533,0.95610815,0.95628333,0.9617855,0.9482598,0.9606133,0.9770101,0.9510698,0.96804607,0.7896435,0.9574723,0.960952,0.95868033,0.94390804,0.9217008,0.95969623,0.95973307,0.96571386,0.97354597,0.96669555,0.9597325,0.95713,0.95502543,0.9496778,0.9580641,0.9592517,0.95770764,0.9618726,0.95440894,0.96804607,0.95874375,0.9660319,0.9723412,0.96830034,0.9692048,0.9595192,0.95732415,0.9513589,0.9651965,0.95853114,0.96539295,0.9634988,0.95176744,0.9730405,0.9607511,0.9547269,0.9503641,0.9538512,0.9579655,0.9166331,0.9589091,0.9422429,0.9606855,0.96662194,0.9652089,0.9546892,0.95824105,0.9612219,0.9590678,0.9690339,0.9687168,0.9450068,0.956814,0.9639395,0.9644115,0.9630374,0.95689,0.9367411,0.95467514,0.956348,0.9621183,0.94310343,0.96145946,0.95412785,0.9633417,0.9649056,0.9627761,0.95408344,0.98123544,0.97047585,0.9545747,0.948928,0.9547216,0.9597677,0.95446914,0.9536444,0.9526708,0.9476202,0.96675044,0.96341026,0.9607063,0.9396259,0.965433,0.9521621,0.96146005,0.96268004,0.956978,0.9463183,0.98123544,0.94732976,0.96322495,0.96095955,0.96859103
angrybirdsmovie,0.9576478,0.9257999,0.96562153,0.93962765,0.95304483,0.93867576,0.9613381,0.94838786,0.966774,0.9516367,0.9452694,0.99999994,0.9549656,0.9506217,0.95290226,0.95545226,0.9483806,0.9572017,0.9578802,0.93647414,0.94100845,0.9482705,0.95203984,0.95366967,0.9397359,0.8742481,0.9501721,0.9479062,0.96337956,0.95583683,0.9566657,0.94458187,0.92413604,0.9555978,0.9347403,0.91769385,0.9495395,0.94549,0.94888204,0.9420532,0.95604366,0.9532516,0.94950974,0.9498721,0.9428968,0.9415456,0.9526241,0.9585837,0.9457005,0.9463384,0.96524465,0.94726586,0.94268996,0.93531066,0.9501258,0.9490821,0.95367014,0.95663774,0.9509537,0.953795,0.94739044,0.94567674,0.9412082,0.95712477,0.94987136,0.9417881,0.9336533,0.9479746,0.9447601,0.9339801,0.95354736,0.7833117,0.9409717,0.94843584,0.9397495,0.9424632,0.91409385,0.95220906,0.9483834,0.957392,0.93835497,0.948268,0.96049565,0.94823265,0.9626517,0.93533,0.94423187,0.9488237,0.9461138,0.95892316,0.9360282,0.95354736,0.9419574,0.95765936,0.96029514,0.9480149,0.94184107,0.9518954,0.93977803,0.9454488,0.95066905,0.94830453,0.9548232,0.94586486,0.9373694,0.9621808,0.9480463,0.9684026,0.9494483,0.95139396,0.9516415,0.904193,0.9436884,0.9317646,0.93947494,0.94522536,0.94884527,0.94420964,0.9525628,0.9511753,0.9572532,0.95019406,0.95222,0.93506813,0.9594723,0.95675236,0.94458574,0.9550431,0.95873487,0.92020434,0.946754,0.95635897,0.94774395,0.9361741,0.943857,0.9426311,0.93038523,0.94406474,0.95435,0.9462417,0.966774,0.96794266,0.95357907,0.96560365,0.9473559,0.959642,0.9461335,0.9506403,0.96317345,0.93718165,0.95859843,0.94607985,0.953831,0.92993593,0.9529226,0.9326179,0.9467198,0.9521779,0.9402315,0.93152374,0.966774,0.94879377,0.9482268,0.95450234,0.9585587
annabellemovie,0.9669389,0.9472534,0.97162354,0.9568267,0.96509296,0.94272184,0.9642966,0.95966727,0.98204625,0.9587044,0.96413875,0.9549656,0.99999976,0.96154314,0.9629513,0.9620286,0.9680504,0.9705755,0.960211,0.9655257,0.96100855,0.9627577,0.9670761,0.9644343,0.9581973,0.8963655,0.9627788,0.9623542,0.9703721,0.9615967,0.95751315,0.9707757,0.9410979,0.9604413,0.95751464,0.9417323,0.96122885,0.97273713,0.9622408,0.96061754,0.96830076,0.9641537,0.95578915,0.96476066,0.9628148,0.97122437,0.9702823,0.95212513,0.95293564,0.96248406,0.9700024,0.96676123,0.9607104,0.96125704,0.96187264,0.9655043,0.9649434,0.967439,0.9603292,0.96845895,0.9724863,0.96066844,0.9634308,0.9722382,0.9593493,0.95734596,0.95226145,0.9648551,0.9697675,0.95992494,0.9651592,0.7750734,0.95900327,0.9586127,0.9582163,0.95468676,0.92934376,0.95874614,0.9646933,0.96587837,0.9587483,0.9649306,0.9758882,0.9603096,0.9681027,0.9506874,0.96075916,0.9810652,0.9586254,0.96350235,0.95889413,0.9651592,0.9578219,0.96022344,0.96238804,0.95198303,0.963522,0.9698084,0.951576,0.95684046,0.9709916,0.96224046,0.9647452,0.9611012,0.9533382,0.9697034,0.9609061,0.97072506,0.9524626,0.95325005,0.96378833,0.916069,0.9649279,0.9505034,0.96231896,0.96081156,0.9666611,0.95775414,0.96581787,0.9600281,0.9668468,0.9661248,0.9646313,0.947086,0.9659731,0.9538416,0.967718,0.9647985,0.96676856,0.93095535,0.95725167,0.9641175,0.9682052,0.95257175,0.9618775,0.95881605,0.9581371,0.9638179,0.9613321,0.9627313,0.98204625,0.9717016,0.9686469,0.9700153,0.9575586,0.96454734,0.9629878,0.9638415,0.973255,0.9477945,0.9607377,0.9589992,0.96566796,0.9283915,0.9615608,0.9495823,0.9542324,0.95683146,0.958997,0.9549268,0.98204625,0.95562714,0.9617859,0.96022385,0.9690116
annamovie,0.9723907,0.93773645,0.9619936,0.9513656,0.9559851,0.9437594,0.96079224,0.9539085,0.97891414,0.95529693,0.9663046,0.9506217,0.96154314,1.0000001,0.9635987,0.9523557,0.966485,0.9583716,0.961093,0.96281224,0.95793045,0.9630685,0.96142995,0.96541715,0.95289344,0.8937255,0.95673585,0.95894223,0.9600491,0.9543093,0.95095134,0.9590164,0.94304264,0.95582306,0.94065434,0.92475957,0.96707046,0.95698845,0.9660497,0.9437929,0.95220464,0.9706918,0.9646979,0.96498066,0.96956736,0.9560669,0.95834154,0.9593938,0.95413214,0.9674737,0.96524626,0.9640994,0.95576227,0.95440066,0.948363,0.9510507,0.95517176,0.9639019,0.95991886,0.96070015,0.95637983,0.9643344,0.9675708,0.9692334,0.96037006,0.95888555,0.95678693,0.9640615,0.9653729,0.9498875,0.95772475,0.78585386,0.9501374,0.955148,0.9560791,0.95360756,0.914672,0.95440596,0.9580991,0.9612231,0.952689,0.9531492,0.95811504,0.9573022,0.9565444,0.95405054,0.9474288,0.96710545,0.95176363,0.9666126,0.9562511,0.95772475,0.95862347,0.9603125,0.968785,0.95518404,0.9573112,0.96424496,0.94764125,0.9630206,0.9610383,0.9602711,0.9565662,0.95279443,0.95833,0.96365803,0.9689157,0.96111846,0.95000136,0.9519283,0.9639647,0.9064589,0.9661503,0.930968,0.96029216,0.95549196,0.9685629,0.95037943,0.96262133,0.95485044,0.95223856,0.96001357,0.9627695,0.942054,0.95493823,0.95939493,0.96749705,0.9592429,0.9585814,0.9373738,0.95480776,0.9524699,0.9557743,0.9493159,0.96141946,0.9515466,0.95226204,0.96397746,0.9510383,0.9540382,0.97891414,0.965081,0.95577633,0.9555732,0.9411557,0.9614537,0.94855577,0.9551906,0.96394116,0.9532072,0.96305656,0.9590933,0.9532176,0.94115233,0.95897985,0.93712145,0.9593497,0.95643157,0.9598357,0.9470753,0.97891414,0.9567862,0.9633175,0.96038425,0.9582049
apollo11movie,0.9740687,0.94639075,0.9616967,0.9570313,0.9613717,0.95039946,0.9661728,0.960303,0.9823446,0.9569945,0.97136575,0.95290226,0.9629513,0.9635987,0.9999998,0.95821667,0.9636074,0.96709937,0.9650097,0.96939075,0.9606172,0.9617742,0.96940523,0.9686306,0.95297486,0.88817513,0.9597779,0.96121603,0.96500707,0.96044135,0.95807356,0.9644224,0.94965756,0.9539641,0.94956046,0.9336682,0.9704546,0.9573186,0.9601442,0.94745386,0.9689768,0.9722607,0.9558089,0.97149825,0.9636986,0.9548698,0.9707683,0.9676619,0.95604783,0.9708668,0.9676282,0.96563107,0.95877385,0.9488575,0.96057034,0.9570371,0.955726,0.9654246,0.9567993,0.9645342,0.9655728,0.9559242,0.965914,0.9665637,0.9605546,0.9606814,0.946485,0.9586662,0.9666073,0.94565696,0.9687917,0.7588055,0.95397305,0.9653919,0.9571785,0.95187557,0.92405075,0.9630451,0.9670073,0.9643085,0.9588254,0.96076006,0.96251947,0.96675736,0.95449984,0.954352,0.9567917,0.96661955,0.96157885,0.96655244,0.951569,0.9687917,0.9621731,0.9644254,0.9677838,0.9822767,0.96125746,0.9643032,0.94973075,0.96181494,0.9549038,0.9670344,0.96198636,0.9664652,0.9586782,0.9643153,0.9671372,0.9633775,0.9477803,0.9557109,0.96618587,0.9159479,0.9585304,0.94549245,0.9555968,0.9668252,0.9713759,0.9574687,0.9652591,0.96631724,0.9688685,0.96638966,0.97198814,0.9493587,0.9578706,0.9647248,0.9694477,0.96497756,0.9544652,0.92851806,0.9622624,0.9581182,0.9639309,0.9495798,0.9529913,0.95766306,0.96056795,0.96380097,0.96393967,0.95774436,0.9823446,0.9661063,0.95431674,0.961386,0.9526279,0.9633085,0.9591131,0.9549542,0.9650067,0.95528865,0.96126276,0.96148026,0.9528752,0.9446124,0.9638451,0.9572198,0.9682588,0.9629264,0.9478385,0.9394175,0.9823446,0.9542429,0.9650369,0.96532285,0.96465784
arcticdogsmovie,0.9617512,0.9388572,0.9646233,0.9575297,0.9529326,0.9438307,0.9696652,0.9596798,0.976785,0.9588469,0.9631304,0.95545226,0.9620286,0.9523557,0.95821667,1.0000002,0.9689652,0.9593061,0.9577053,0.9501195,0.954041,0.9512311,0.958238,0.9584421,0.9475191,0.9031631,0.949104,0.96268487,0.9641004,0.95834637,0.95646894,0.9656893,0.9418799,0.94709635,0.9540398,0.93134564,0.9525695,0.95770746,0.95964783,0.94412464,0.95603883,0.9546474,0.95527774,0.9620943,0.9487013,0.9555983,0.9567651,0.95700777,0.95622224,0.9581091,0.9683197,0.9595504,0.94498664,0.9505018,0.95759165,0.95255333,0.9579667,0.9609333,0.96110934,0.96238077,0.9616909,0.9589793,0.94593334,0.9537555,0.955875,0.95564115,0.9384148,0.9581735,0.95959723,0.95857584,0.96010333,0.8043994,0.95368975,0.9596665,0.95902306,0.95393425,0.9239486,0.96131843,0.9614289,0.9674282,0.950711,0.96166146,0.9620855,0.95594853,0.96042037,0.94930494,0.9557357,0.95636535,0.9481036,0.96140724,0.95198596,0.96010333,0.9526313,0.96492434,0.95422256,0.9522105,0.95494485,0.96109384,0.95513785,0.9515203,0.9556576,0.9550857,0.9548347,0.9580566,0.95376116,0.9701381,0.9561251,0.9676606,0.9583311,0.9548577,0.95726943,0.9095908,0.9529608,0.9391015,0.9563556,0.95922464,0.9611012,0.9562032,0.95959276,0.96552837,0.9522017,0.95958316,0.9617259,0.94652855,0.9501906,0.9619397,0.9537412,0.9587167,0.9518995,0.9412656,0.9617528,0.94914633,0.9686272,0.9505086,0.9623925,0.9520159,0.9468547,0.9545039,0.95795435,0.9559043,0.976785,0.9666327,0.9572354,0.9591082,0.95264107,0.9566982,0.94394416,0.9643678,0.957086,0.9436308,0.96424407,0.9571657,0.9687117,0.9305521,0.9613985,0.94372725,0.958155,0.9594334,0.9559536,0.9482918,0.976785,0.94722354,0.9613925,0.96332794,0.9661974
arcticmovie,0.967327,0.9369511,0.96937174,0.96286595,0.95963955,0.95279443,0.96672034,0.96622145,0.98256606,0.95583254,0.96691525,0.9483806,0.9680504,0.966485,0.9636074,0.9689652,0.9999999,0.96583176,0.95714945,0.9614508,0.96005565,0.96715796,0.966321,0.9699509,0.9614539,0.8985694,0.95871824,0.9784859,0.969362,0.9584403,0.960382,0.9699335,0.95223784,0.94857794,0.949152,0.93354315,0.9629589,0.96341956,0.9614696,0.9578495,0.95439225,0.96089965,0.96183866,0.9677581,0.9661608,0.9687937,0.9647059,0.95558137,0.9659792,0.9634562,0.96683276,0.97070736,0.9592222,0.9596484,0.95799667,0.9613891,0.9665954,0.9654128,0.96756375,0.9703701,0.96138954,0.9688615,0.96103126,0.9598839,0.9606748,0.9588099,0.9531112,0.96715283,0.9625123,0.9579647,0.9695458,0.77866,0.9644387,0.96687657,0.96235126,0.9572056,0.9303451,0.96358055,0.97251815,0.9629562,0.9553614,0.970068,0.96509093,0.960343,0.96154547,0.9563955,0.9586534,0.96634376,0.9597897,0.96495533,0.9667626,0.9695458,0.95956737,0.96831256,0.96528095,0.9587228,0.9603296,0.9630645,0.9569833,0.9589298,0.967378,0.9615926,0.9625464,0.9654066,0.9559976,0.9689728,0.96883017,0.96282476,0.9519638,0.96136546,0.96832824,0.919219,0.96801376,0.9427379,0.9657435,0.9626751,0.9683226,0.9596693,0.9611629,0.96471906,0.96177787,0.96654946,0.96399474,0.95524186,0.95947707,0.9656966,0.97018886,0.9606642,0.9582685,0.93813145,0.9606319,0.9556597,0.9871278,0.9535145,0.9680857,0.9600372,0.9592773,0.9660829,0.9650558,0.96214104,0.98256606,0.97057897,0.9674926,0.95876396,0.9554361,0.96780246,0.9491995,0.96171737,0.9624518,0.9509387,0.9631634,0.9637069,0.962601,0.9322906,0.9653159,0.9579192,0.9605672,0.96824956,0.97314626,0.95750856,0.98256606,0.9585061,0.9623872,0.96379167,0.9669001
artofracingmovie,0.97212386,0.93628114,0.97373116,0.9565006,0.97670954,0.945162,0.9646082,0.9569015,0.98230714,0.96240735,0.9590337,0.9572017,0.9705755,0.9583716,0.96709937,0.9593061,0.96583176,1.0000002,0.9680063,0.9628241,0.9545807,0.9609401,0.96736497,0.9674347,0.9590204,0.89509255,0.96923596,0.9603952,0.9699744,0.96113455,0.96112233,0.965951,0.93931574,0.95739836,0.9542339,0.9319813,0.96075225,0.96434766,0.9560586,0.96251833,0.9624009,0.9680696,0.9579921,0.96828616,0.9655207,0.9557224,0.96601844,0.9572443,0.95713085,0.9669733,0.9725786,0.9681247,0.96037567,0.94987243,0.96032774,0.97714126,0.9643994,0.96737224,0.9617467,0.9676338,0.9673114,0.960645,0.9587585,0.9678062,0.961651,0.9542686,0.9489717,0.96053874,0.96427095,0.94633794,0.97009826,0.76803696,0.9580917,0.95436794,0.9595164,0.9550369,0.9308639,0.9678831,0.9663371,0.965758,0.9547799,0.958907,0.9659131,0.95854443,0.96368843,0.9554348,0.956745,0.9695475,0.9664747,0.96465683,0.9601047,0.97009826,0.9590144,0.96182424,0.9697648,0.9608383,0.96290654,0.9662234,0.95188326,0.96293956,0.9535642,0.9639406,0.96346134,0.965606,0.93904346,0.9681222,0.96702105,0.96553636,0.95104545,0.95996654,0.9686823,0.9273757,0.96180445,0.9427494,0.9574628,0.9649106,0.9711296,0.958853,0.9635988,0.96137184,0.9658632,0.9664734,0.96469146,0.9403705,0.9628916,0.9624593,0.9692211,0.96400344,0.96637434,0.93829864,0.96411973,0.9747306,0.97017545,0.95329154,0.9577321,0.9539477,0.9613544,0.9664745,0.9668282,0.96375173,0.98230714,0.97243726,0.95434415,0.96364295,0.95935637,0.9613309,0.95449054,0.9603744,0.9706072,0.95357555,0.96439093,0.9598491,0.96413743,0.9377681,0.9655234,0.9603587,0.9528177,0.96201,0.9564603,0.94762325,0.98230714,0.95980906,0.9543845,0.9640085,0.96032274
avengers,0.97547597,0.9317415,0.968598,0.953219,0.96149826,0.93020684,0.96474236,0.95358586,0.9782349,0.9559211,0.9599571,0.9578802,0.960211,0.961093,0.9650097,0.9577053,0.95714945,0.9680063,0.99999976,0.95512956,0.95545566,0.9511498,0.9626373,0.96064895,0.95299745,0.8931538,0.9531995,0.9597137,0.96273136,0.95725816,0.9758777,0.9623298,0.9425497,0.95902604,0.9525652,0.9342088,0.95847154,0.95519966,0.95206344,0.949332,0.957988,0.96438617,0.962771,0.95818716,0.9586169,0.9531733,0.9620577,0.9602874,0.96304524,0.9587297,0.9617056,0.9618982,0.95158666,0.95465714,0.956166,0.9612375,0.9563792,0.96262896,0.95441365,0.9569005,0.96302646,0.95443213,0.9550967,0.9633633,0.9570262,0.9499393,0.9451764,0.96079475,0.9609851,0.9543215,0.9601298,0.77072024,0.952551,0.9564833,0.95823884,0.95115113,0.92526627,0.95996296,0.95737684,0.96019286,0.9511966,0.9630744,0.95924044,0.955176,0.95745903,0.94937605,0.95682406,0.96027386,0.95758325,0.96564054,0.961562,0.9601298,0.9618489,0.96296525,0.9628973,0.96009284,0.9482526,0.9677911,0.9497212,0.95254624,0.9561572,0.95343196,0.96004015,0.9626318,0.9397737,0.95783544,0.95633185,0.9662029,0.9577685,0.95440394,0.96314895,0.924015,0.95737255,0.94655275,0.95691836,0.9553901,0.9590019,0.95592934,0.9628857,0.95912415,0.9580403,0.95644784,0.9666929,0.9342279,0.9536358,0.9630216,0.95974934,0.9639411,0.9578671,0.9441039,0.96543145,0.95958483,0.9590558,0.9470174,0.95602435,0.9485347,0.94661963,0.9574967,0.96121764,0.9533796,0.9782349,0.9618931,0.95518076,0.9572012,0.94682163,0.96399516,0.9536795,0.9614778,0.9643493,0.9427107,0.9593176,0.9680213,0.9605952,0.93419117,0.9592079,0.9448378,0.95247024,0.9599527,0.94993687,0.94341487,0.9782349,0.9501617,0.95168936,0.96422696,0.95009625
beachbummovie,0.96698827,0.9345382,0.9569708,0.9488625,0.9556509,0.93165135,0.95938945,0.954757,0.97612786,0.95217717,0.9586176,0.93647414,0.9655257,0.96281224,0.96939075,0.9501195,0.9614508,0.9628241,0.95512956,1.0,0.95717543,0.9602658,0.9550273,0.9597093,0.9534754,0.88998395,0.9553271,0.95657784,0.95906055,0.9420431,0.9447526,0.9619359,0.941314,0.9461212,0.94573355,0.9278208,0.96228874,0.9517412,0.9620493,0.9490522,0.9643965,0.96161693,0.94406503,0.95954204,0.9679195,0.9641892,0.953283,0.9498761,0.95012546,0.9589846,0.96495306,0.96304226,0.9555728,0.95002496,0.94347423,0.9607324,0.9542737,0.959318,0.94812137,0.95818,0.96698815,0.9518259,0.9600345,0.9648827,0.948318,0.9491244,0.9460981,0.9559799,0.95884943,0.94613135,0.9607098,0.783161,0.9473016,0.95941144,0.95163876,0.94797945,0.91433424,0.9526209,0.964593,0.95734495,0.9456455,0.96089864,0.9690435,0.9547506,0.94514513,0.9518402,0.9508491,0.96823,0.95289665,0.95749855,0.9454289,0.9607098,0.9615818,0.960336,0.96419865,0.95754564,0.9656201,0.97179455,0.9469031,0.9554864,0.9521563,0.9633799,0.95899945,0.9548826,0.94271785,0.9616777,0.96172225,0.95517844,0.9470761,0.9553401,0.96156114,0.9158629,0.95802236,0.93514204,0.95418847,0.957164,0.9657608,0.95089793,0.95443887,0.95750123,0.9572246,0.9585338,0.95253336,0.9416701,0.9524537,0.9527143,0.96596396,0.9593811,0.9561511,0.9247154,0.95942897,0.951144,0.961258,0.9503316,0.9482922,0.94655275,0.95781493,0.9563588,0.95387197,0.95612025,0.97612786,0.9611658,0.95127463,0.9553087,0.9400612,0.95824546,0.9488214,0.95124394,0.9633982,0.94950885,0.96064335,0.94715995,0.95146096,0.9369337,0.9572765,0.9451492,0.94906515,0.9538059,0.9515824,0.94034445,0.97612786,0.9520715,0.9550102,0.9512006,0.95672405
bernadettefilm,0.96509093,0.93103594,0.9679055,0.9600041,0.94932437,0.9388132,0.9578256,0.95666707,0.97612476,0.9524233,0.9616629,0.94100845,0.96100855,0.95793045,0.9606172,0.954041,0.96005565,0.9545807,0.95545566,0.95717543,0.99999934,0.9534573,0.95211226,0.9586558,0.9532964,0.8955586,0.95306605,0.9583985,0.9631241,0.95733327,0.947741,0.9527919,0.941734,0.952162,0.9409536,0.9500716,0.95884037,0.95093554,0.95731914,0.94883883,0.96048963,0.9632485,0.9512148,0.9637206,0.9618262,0.95605814,0.9492759,0.9563371,0.94878733,0.96162605,0.96574193,0.9628496,0.9473017,0.9472588,0.95603704,0.9483373,0.9569596,0.9547687,0.9567008,0.9534034,0.95789826,0.95825136,0.9567396,0.95770746,0.9532482,0.95047694,0.9443446,0.95242393,0.95594543,0.9618514,0.9570526,0.7791517,0.95237756,0.9569771,0.94936204,0.9516176,0.92082715,0.9578189,0.96092397,0.95960426,0.95857877,0.9512094,0.96130836,0.96682423,0.95022327,0.9540459,0.9482982,0.96194136,0.95581794,0.96324277,0.9532909,0.9570526,0.95056844,0.95355,0.96044326,0.95274323,0.9531416,0.9681363,0.9476353,0.94314957,0.9616813,0.9594842,0.95729107,0.9588125,0.94833463,0.9610224,0.95311934,0.95927423,0.9547202,0.9449957,0.96380365,0.9112248,0.96027434,0.947629,0.9571609,0.95374644,0.9566769,0.9481778,0.96554035,0.9520636,0.95514846,0.95623446,0.9638197,0.93804544,0.9526623,0.95949817,0.9641366,0.9526,0.9450976,0.9341499,0.96613663,0.9445251,0.95968735,0.94647545,0.9538038,0.9538753,0.94913954,0.9582238,0.9524238,0.95199096,0.97612476,0.9632979,0.9510645,0.95407885,0.9452924,0.95974094,0.9520163,0.9501144,0.95726347,0.94077384,0.9604219,0.9527979,0.95847017,0.9350244,0.9550405,0.9448538,0.9514752,0.95302516,0.9455788,0.9389113,0.97612476,0.950276,0.95245975,0.954247,0.96081465
