movie,21bridgesmovie,47metersdown,abeautifuldaymovie,abominablemovie,adastramovie,adogsjourneymovie,aftermathmovie,aftermovie,ahiddenlifefilm,alitamovie,angelhasfallen,angrybirdsmovie,annabellemovie,annamovie,apollo11movie,arcticdogsmovie,arcticmovie,artofracingmovie,avengers,beachbummovie,bernadettefilm,blackandbluemovie,blackchristmas,blindedbythelightmovie,bombshellmovie,booksmart,breakthroughmovie,brianbanksmovie,brightburnmovie,brittanyrunsmov,captainmarvelofficial,captivestatemovie,catsmovie,charliesangels,childsplaymovie,clarathefilm,coldpursuitmovie,countdown,currentwarmovie,darkwatersmovie,detectivepikachumovie,disneyaladdin,disneyfrozen,disneymaleficent,doctorsleepmovie,dolemiteismyname,dontletgomovie,doramovie,downtonabbey_official,dumbo,escaperoom,everybodyknowsmovie,fastandfuriousmovie,fightingwmyfam,fivefeetapartfilm,fordvferrari,freaksthefilm,geminimanmovie,glassmovie,gloriabellmovie,godzillamovie,goldfinchmovie,goodboysmovie,goodliarmovie,gretafilm,halathemovie,happydeathdaymovie,harrietfilm,hellboymovie,hersmellmovie,highlifemovie,highstrungmovie,honeyboymovie,hotelmumbaifilm,httydragon,hustlemovie,hustlersmovie,isntitromantic,itmovieofficial,jayandsilentbob,johnwickmovie,jojorabbitmovie,jokermovie,judythefilm,jumanjimovie,justmercyfilm,knivesout,lalloronamovie,lastblackmansf,lastchristmasthemovie,latenightmovie,lighthousemovie,lionking,littlethemovie,littlewomenmovie,littlewoodsfilm,longshotmovie,lordsofchaosmovie,lucyintheskyfilm,mamovie2019,marriagestory,meettheaddams,meninblack,midsommarmovie,midwaymovie,missbalamovie,missinglinkfilm,motherlessbklyn,onceinhollywood,onthebasisofsex,overcomermovie,peanutbutterfalcon,petsematarymovie,piercingmovie,playingwithfire,playmobilthemovie,pomsmovie,queenandslim,rambomovie,readyornotfilm,richardjewellfilm,rocketmanmovie,scarystoriesmovie,secretlifeofpets,serenityfilm,shaftmovie,shazammovie,spidermanmovie,spiesindisguise,starwars,stormboymovie,stubermovie,taosdfilm,teenspiritmov,terminator,theaeronautsmov,thebestofenemies,thedeaddontdie,thefarewell,thehighwaymen,thehummingbirdprojectfilm,theintrudermovie,theirishmanfilm,thekitchenmovie,thelegomovie,themustangfilm,thenightingalefilm,theprodigymovie,thesunisalsoastar,theupsidefilm,tolkienmovie,toystory,triplefrontier,uglydolls,uncutgems,underthesilverlake,usmovie,wavesmovie,whatmenwant,wonderparkmovie,wrinklestheclown,xmenmovies,yardiefilm,yesterdaymovie,zombieland
21bridgesmovie,1.0000001,0.9495164,0.95360154,0.95088494,0.955495,0.9534403,0.966358,0.9624373,0.97900534,0.95742166,0.957316,0.95390767,0.9558129,0.9611144,0.965946,0.95745206,0.95686466,0.96159256,0.9639006,0.95665073,0.9572101,0.95302564,0.9633848,0.9556736,0.9520807,0.9278218,0.95310956,0.9555592,0.95775306,0.9543922,0.94615847,0.9562143,0.9501598,0.949494,0.94422054,0.949078,0.960392,0.9710553,0.9666619,0.9522835,0.9609461,0.95555735,0.95108545,0.95810205,0.9554953,0.9545986,0.9587099,0.9466295,0.9527582,0.9573678,0.9616122,0.9580276,0.95566374,0.9574818,0.95248556,0.9543221,0.96626264,0.9527464,0.9567559,0.9616035,0.956571,0.9513227,0.9584826,0.9576744,0.94921833,0.94794625,0.95126563,0.9546135,0.9532978,0.9509836,0.965902,0.87490517,0.94754356,0.9612801,0.9428369,0.9494527,0.9272243,0.94953656,0.94579566,0.95337653,0.9537475,0.9549489,0.9564484,0.94379085,0.9544889,0.95178103,0.9503281,0.95393205,0.9532298,0.96181744,0.95665896,0.965902,0.94447184,0.9521301,0.9519551,0.9586933,0.9590199,0.95991683,0.94293296,0.9495249,0.9602373,0.9544302,0.9502218,0.95693296,0.95289916,0.9634156,0.9612304,0.9607013,0.9520453,0.94929534,0.9655816,0.895606,0.9558671,0.9272747,0.94796026,0.9705259,0.99133146,0.9528083,0.9593163,0.9527233,0.9653258,0.9569092,0.9647844,0.9531823,0.956612,0.95365846,0.9515342,0.94172436,0.954424,0.9343764,0.9609953,0.94966686,0.9544845,0.9521118,0.95496935,0.95856166,0.9645,0.94870335,0.96615386,0.96190786,0.97900534,0.95579445,0.96427155,0.9596837,0.9571242,0.9625706,0.9517926,0.9455151,0.9614163,0.9658502,0.9644512,0.95667547,0.9592517,0.95559037,0.9597645,0.9602435,0.95512366,0.9586386,0.95585364,0.95146674,0.97900534,0.9540385,0.96143454,0.96107846,0.9557004
47metersdown,0.9495164,0.9999999,0.9509839,0.93671227,0.94248617,0.93948257,0.96103233,0.94587266,0.96674496,0.94408727,0.9425996,0.9415485,0.94334775,0.9357772,0.95059997,0.96080273,0.94753414,0.9454585,0.93957007,0.9585041,0.94539934,0.9487929,0.9488739,0.93896765,0.94321567,0.9222565,0.9419338,0.94504565,0.94869506,0.9420369,0.93261576,0.9379563,0.94046915,0.93472284,0.9412819,0.9265725,0.95218223,0.94842094,0.95397717,0.9350426,0.94384533,0.9498315,0.94032115,0.94916487,0.94806653,0.9529434,0.9488432,0.9335739,0.9538858,0.9504953,0.95238113,0.9475955,0.9432363,0.9422133,0.9324677,0.9451399,0.9502167,0.9471509,0.945718,0.95498836,0.9452795,0.95767015,0.9500545,0.9416439,0.9369986,0.9451085,0.94026774,0.9486198,0.9419583,0.9338647,0.9544155,0.877674,0.9371988,0.95488626,0.9294098,0.9393992,0.9084869,0.93852854,0.9378705,0.94201016,0.9386584,0.9519834,0.9442235,0.93436766,0.9474211,0.93942124,0.9268657,0.94828576,0.95076716,0.9443946,0.95193934,0.9544155,0.9526878,0.9541822,0.94437915,0.9484242,0.9508407,0.95202297,0.941318,0.938405,0.95225066,0.94455373,0.9437473,0.95142657,0.94798607,0.9489414,0.9500088,0.944202,0.9430026,0.9425912,0.95035994,0.8918614,0.9440183,0.9217124,0.94508266,0.94324076,0.95297724,0.93213147,0.95254856,0.94942296,0.94992363,0.94773936,0.94597894,0.94279027,0.9421432,0.94268954,0.9435468,0.9364839,0.9494366,0.9297801,0.9383223,0.93654865,0.94144654,0.9387512,0.9439392,0.94908196,0.93309045,0.93292904,0.9571458,0.9478208,0.96674496,0.9441833,0.9473056,0.9487132,0.95078444,0.954194,0.95524347,0.9336564,0.9465205,0.94302386,0.9555375,0.9462303,0.94419336,0.94011825,0.9475425,0.9422798,0.94390035,0.95431834,0.93964326,0.935756,0.96674496,0.9400594,0.95254993,0.9538446,0.9441246
abeautifuldaymovie,0.95360154,0.9509839,1.0000001,0.94249713,0.95089364,0.95070326,0.9678339,0.9559119,0.9787227,0.95284307,0.9569847,0.95716226,0.9623824,0.953077,0.9611633,0.961094,0.95806634,0.9642898,0.9553331,0.9592239,0.9576629,0.9715394,0.9606074,0.9547265,0.94913185,0.9331023,0.9546744,0.955317,0.9745957,0.9565449,0.9464391,0.95305336,0.9456017,0.9545683,0.95467794,0.9522036,0.9645988,0.9552304,0.95937747,0.954416,0.9614459,0.9521032,0.94659704,0.95795107,0.95671266,0.9658711,0.9633042,0.9520348,0.9602859,0.9596582,0.97377074,0.9652042,0.95403975,0.95730895,0.94381046,0.9523366,0.95024574,0.9472757,0.9528044,0.9615414,0.9615578,0.9585163,0.96150976,0.95270085,0.9513887,0.9460933,0.9534033,0.95966756,0.95272785,0.9458039,0.9662319,0.89775556,0.9491633,0.9621053,0.9525224,0.94022423,0.9282158,0.9420145,0.9571095,0.9490291,0.95176005,0.95729005,0.95289725,0.94738436,0.9630434,0.958905,0.9434582,0.95972276,0.95937276,0.95342034,0.9541482,0.9662319,0.9535813,0.950165,0.96846825,0.96622056,0.9515587,0.9543315,0.94272846,0.95610565,0.95773387,0.9571598,0.9644571,0.96294093,0.953489,0.9726876,0.95680374,0.95693165,0.9619918,0.95925343,0.9549484,0.9222698,0.95200914,0.93588185,0.95575285,0.94298184,0.9558191,0.94840026,0.95180887,0.9581524,0.9609945,0.95774364,0.9511524,0.95363265,0.95983046,0.9555228,0.95859945,0.9502169,0.9486745,0.94569606,0.95012003,0.9460411,0.9498011,0.94927174,0.9452337,0.96348566,0.94857275,0.948642,0.9645112,0.96351355,0.9787227,0.96697074,0.95808697,0.9632984,0.95377207,0.9662415,0.9557764,0.9490269,0.95717245,0.952542,0.9571958,0.9737167,0.9617817,0.9494666,0.95138323,0.96091837,0.95393836,0.96101093,0.95363325,0.9461958,0.9787227,0.9557271,0.95433885,0.9641266,0.9709074
abominablemovie,0.95088494,0.93671227,0.94249713,1.0000002,0.9526118,0.93251705,0.9558706,0.9519005,0.9681827,0.93918484,0.94406885,0.93653315,0.958751,0.94956964,0.95352304,0.9397244,0.94459957,0.9569835,0.9457805,0.94023585,0.9547217,0.9285877,0.94827247,0.9426277,0.9420627,0.9161955,0.9430483,0.93703145,0.9464267,0.9476175,0.9404635,0.93937737,0.92104626,0.9365499,0.9447651,0.9367721,0.9492661,0.95461226,0.9528386,0.9448687,0.948986,0.94734603,0.93906915,0.944217,0.95095295,0.9487084,0.94927263,0.9364188,0.95255315,0.9491026,0.9445415,0.9558917,0.9461809,0.9463866,0.9549433,0.94836235,0.94588006,0.94686204,0.9558646,0.95711964,0.93318236,0.954891,0.9452247,0.9457425,0.94753516,0.9380917,0.9395902,0.9459564,0.94034445,0.93119174,0.9582956,0.8526884,0.947442,0.9529406,0.9508072,0.93634784,0.91821617,0.944472,0.9405892,0.9424226,0.93987346,0.95160294,0.94960517,0.92030036,0.953059,0.9379806,0.9476778,0.9537919,0.95427567,0.9478693,0.9503797,0.9582956,0.95219946,0.9380411,0.93647015,0.94601434,0.94926643,0.9476552,0.93955314,0.9363336,0.95357543,0.9419852,0.93589425,0.9576793,0.94528484,0.94215333,0.9525379,0.95468616,0.9354989,0.93760014,0.9433265,0.9030521,0.9444594,0.92278177,0.9430348,0.9477187,0.9523912,0.9392882,0.94223505,0.9414956,0.9527048,0.9433437,0.9563014,0.9379149,0.9497254,0.94703305,0.9430235,0.9290852,0.94764256,0.9319578,0.9517996,0.94554675,0.9362893,0.9305044,0.9429871,0.94906676,0.9341541,0.936364,0.9550423,0.9561125,0.9681827,0.94288,0.95542705,0.95237654,0.9490071,0.94498235,0.94167787,0.9541119,0.95160633,0.9399421,0.95319694,0.9509679,0.9522869,0.9275158,0.94886214,0.9520755,0.9468979,0.95231,0.9370837,0.94356847,0.9681827,0.94232684,0.9429139,0.94844353,0.93987054
adastramovie,0.955495,0.94248617,0.95089364,0.9526118,1.0000004,0.94308203,0.9528384,0.9553508,0.97387236,0.96026516,0.95545703,0.9421989,0.95536995,0.961151,0.95694274,0.9539598,0.9558144,0.977621,0.95241123,0.96011806,0.955105,0.9513789,0.95244706,0.95024896,0.94550586,0.9132992,0.9618799,0.9460042,0.953133,0.9418815,0.9432526,0.94580936,0.9395569,0.94088787,0.94616574,0.9328117,0.9584155,0.9520729,0.95689267,0.95360255,0.9554343,0.94595045,0.94253117,0.94791585,0.9550304,0.9507401,0.95537746,0.93944633,0.9495077,0.94765276,0.9569758,0.95543873,0.9507996,0.94840693,0.9451898,0.9751786,0.95040405,0.9508787,0.95001566,0.9530046,0.94979984,0.94958854,0.9524157,0.9526477,0.943515,0.9499096,0.9546015,0.94561714,0.9557636,0.94478095,0.9614486,0.8686558,0.9482059,0.95376146,0.94177294,0.9479423,0.9216364,0.9462766,0.95125145,0.94634897,0.9535296,0.9471298,0.95859206,0.94062,0.95120627,0.95206046,0.95339245,0.95601046,0.9505887,0.9569966,0.9510938,0.9614486,0.94610524,0.9410918,0.9500799,0.94647425,0.95633054,0.95484895,0.9380992,0.94782364,0.95137924,0.9515957,0.9495403,0.95326257,0.9497352,0.9572386,0.95578456,0.95156354,0.9415935,0.9443299,0.95119464,0.9008822,0.95053995,0.9392281,0.9546972,0.9519073,0.95527464,0.9424496,0.9589268,0.94577044,0.9589566,0.9540506,0.95734394,0.9467143,0.96148604,0.9519516,0.9512791,0.9396654,0.95932364,0.93341964,0.95399076,0.9599628,0.94864637,0.9482259,0.9542308,0.9500928,0.93786937,0.93908644,0.9615435,0.95417905,0.97387236,0.95055354,0.9515283,0.95523787,0.94995004,0.9499531,0.9451334,0.95144224,0.9602487,0.93882364,0.94716907,0.953869,0.9549615,0.93489933,0.95560664,0.95480365,0.94814944,0.95600176,0.95561737,0.9470865,0.97387236,0.96285605,0.95292664,0.95299226,0.954512
adogsjourneymovie,0.9534403,0.93948257,0.95070326,0.93251705,0.94308203,0.99999994,0.95979553,0.9482737,0.97172683,0.94669384,0.95142806,0.9497712,0.95094484,0.95237094,0.9552461,0.94633883,0.9554828,0.9480686,0.9464197,0.94952613,0.94710445,0.94567883,0.96747273,0.95531577,0.9409977,0.92275965,0.9423561,0.95244426,0.9501772,0.9454014,0.9333172,0.95104635,0.9521008,0.9494498,0.9401028,0.94147295,0.954993,0.9484135,0.95190597,0.9468441,0.9510186,0.9531736,0.95145977,0.95157105,0.9526565,0.9476304,0.96844184,0.94802964,0.9508434,0.9542302,0.9520079,0.958029,0.9562697,0.95370203,0.9361944,0.94739026,0.93965024,0.9467796,0.94868124,0.9539645,0.9510488,0.9550175,0.9445904,0.95501554,0.9511557,0.9456347,0.9471403,0.9544646,0.94755644,0.9562282,0.95751023,0.87309587,0.94873077,0.96354955,0.9440656,0.94573706,0.91825885,0.9451701,0.94335395,0.9445238,0.9527445,0.9445914,0.95299655,0.94320995,0.9522978,0.9487643,0.9343877,0.9411545,0.9443597,0.95262223,0.9481734,0.95751023,0.95146364,0.9498075,0.9408714,0.9480409,0.95138305,0.94867283,0.9399691,0.9585545,0.9512976,0.9594513,0.9553536,0.94922876,0.95040095,0.95213115,0.950782,0.9564583,0.93459797,0.9512139,0.9537888,0.89590806,0.95780534,0.92444277,0.9512501,0.9481767,0.9561979,0.9470571,0.9516681,0.9478619,0.9551151,0.95468014,0.94932413,0.96853787,0.9437253,0.9461055,0.9413196,0.93196553,0.9503366,0.94727457,0.9528981,0.93839735,0.9432583,0.95584947,0.9442414,0.9466036,0.9431585,0.9424791,0.9542372,0.95171887,0.97172683,0.9453224,0.9492472,0.95695716,0.95678896,0.95866305,0.94714916,0.9376969,0.9528704,0.9442852,0.95189905,0.9560798,0.953164,0.9428835,0.9491263,0.9541526,0.9588248,0.9505625,0.950111,0.9502384,0.97172683,0.94879884,0.9562694,0.9661489,0.9469197
aftermathmovie,0.966358,0.96103233,0.9678339,0.9558706,0.9528384,0.95979553,1.0,0.9639594,0.98127985,0.9526082,0.95510894,0.9541891,0.9656992,0.9606656,0.9650314,0.9591197,0.9605557,0.96124804,0.95771086,0.9566069,0.9628599,0.96129,0.96806157,0.9611776,0.9552467,0.92592037,0.9577911,0.96062535,0.96698827,0.962591,0.95093274,0.9522278,0.95544416,0.9490578,0.95262086,0.94624275,0.96516746,0.9630224,0.9666128,0.95136875,0.9565602,0.95358807,0.9495147,0.9548006,0.9628559,0.96360177,0.9669941,0.95720613,0.96415716,0.9587557,0.96376747,0.9653299,0.95785564,0.9540167,0.9506398,0.95891994,0.9560593,0.94967544,0.95922047,0.9685639,0.95194435,0.96046275,0.9608507,0.96012884,0.9554362,0.9454173,0.95211786,0.96423197,0.95096856,0.9539941,0.9732457,0.88334185,0.9549605,0.96716535,0.95106083,0.9468553,0.92292905,0.95038486,0.95405024,0.9537378,0.9599074,0.9739076,0.9576394,0.9541728,0.9624339,0.9484026,0.9512694,0.9619464,0.9637621,0.9595319,0.96073747,0.9732457,0.9591073,0.9558091,0.9515165,0.962579,0.9566964,0.9602051,0.96925557,0.95643073,0.9597091,0.95953,0.95882314,0.9679821,0.95715517,0.96188337,0.96299094,0.9564843,0.9516752,0.9594182,0.96228707,0.9156693,0.9612945,0.9425659,0.9558368,0.9607829,0.9687495,0.96022666,0.95844585,0.9843977,0.9663005,0.9622875,0.9600089,0.95638806,0.9610047,0.9585563,0.960498,0.9424787,0.95398515,0.9411569,0.96086943,0.9488308,0.9523559,0.95374084,0.95744306,0.9667392,0.9530991,0.94734865,0.97025925,0.9624025,0.98127985,0.95994115,0.96179706,0.95872605,0.9639374,0.96625215,0.9583699,0.9484401,0.95188946,0.9607883,0.9834715,0.9644561,0.964312,0.9611153,0.9631624,0.97229147,0.9651555,0.9629636,0.9525151,0.9567009,0.98127985,0.95546544,0.9571371,0.9684877,0.9611465
aftermovie,0.9624373,0.94587266,0.9559119,0.9519005,0.9553508,0.9482737,0.9639594,1.0,0.9762012,0.95386237,0.95114607,0.9479938,0.96256614,0.955612,0.9578396,0.94794995,0.9556338,0.960637,0.95911753,0.9596593,0.95923007,0.9536265,0.9551452,0.95499605,0.9487855,0.9206782,0.951901,0.95277846,0.9606778,0.9595467,0.94670004,0.9434929,0.949548,0.94096786,0.9485434,0.94585884,0.95955026,0.9614733,0.9638572,0.95924824,0.9540799,0.95366436,0.9456997,0.95672077,0.9586707,0.96053576,0.95405096,0.9490493,0.95545805,0.9582568,0.96334267,0.9603146,0.9516131,0.9545143,0.9600556,0.96013033,0.9572072,0.953623,0.9529792,0.96552914,0.95460844,0.953032,0.9579749,0.952774,0.94978136,0.9447297,0.9517989,0.9530162,0.9471127,0.9439264,0.96832645,0.87560534,0.95766693,0.9601311,0.94111097,0.94572127,0.9222675,0.953132,0.9556828,0.94724923,0.9584371,0.9580643,0.9512,0.9434003,0.95888644,0.95276356,0.95170015,0.9626785,0.95670384,0.95660573,0.95355517,0.96832645,0.9487929,0.9483419,0.9555065,0.9559491,0.9559227,0.9585374,0.9453916,0.9472454,0.95901144,0.96055436,0.9513399,0.9625836,0.9532558,0.96085894,0.9575021,0.9522432,0.95204324,0.9486652,0.9546791,0.8928453,0.9465443,0.9353771,0.9525455,0.9532489,0.96517557,0.9523817,0.9620502,0.95319057,0.95902276,0.9580043,0.9601029,0.9452984,0.960314,0.94977546,0.94992024,0.94407415,0.9484213,0.9343304,0.95577335,0.9514916,0.94782305,0.94931436,0.95096,0.96641743,0.94880664,0.95029646,0.96439576,0.9586416,0.9762012,0.9606835,0.96453553,0.9586932,0.9563212,0.95879745,0.9466181,0.9525296,0.9553448,0.95284396,0.96143174,0.95643944,0.96329385,0.9455464,0.9615762,0.9633229,0.95401496,0.96347445,0.96040696,0.9508424,0.9762012,0.95087135,0.95216024,0.960456,0.9615282
ahiddenlifefilm,0.97900534,0.96674496,0.9787227,0.9681827,0.97387236,0.97172683,0.98127985,0.9762012,0.99999994,0.97088325,0.9749506,0.9714413,0.9794995,0.97805834,0.98247427,0.9755734,0.97446513,0.9799753,0.9757132,0.974856,0.9760295,0.9761446,0.979674,0.9763806,0.97171354,0.95001113,0.9736644,0.97375256,0.9779847,0.9722102,0.96724707,0.9742192,0.9640537,0.96998745,0.96745694,0.9635352,0.9826816,0.97882515,0.9803903,0.9733711,0.9776137,0.97665936,0.96560687,0.97661805,0.9776575,0.97814816,0.9792702,0.9702726,0.9757705,0.9782092,0.98149514,0.9813793,0.97644424,0.9743265,0.9693375,0.9753741,0.97455263,0.9730895,0.9741181,0.983327,0.97452086,0.975749,0.97615725,0.975677,0.9731123,0.96757656,0.97204405,0.97528464,0.97019804,0.9692572,0.9865781,0.89624655,0.96966267,0.9809849,0.96678627,0.9651824,0.9496132,0.9717634,0.97325945,0.9694483,0.9726074,0.9742343,0.97403336,0.9656463,0.9782681,0.9713423,0.96781254,0.97885746,0.97537947,0.9759696,0.9725055,0.9865781,0.9727873,0.97043824,0.97310865,0.9740215,0.97893214,0.97693473,0.95774573,0.975683,0.9791258,0.97694254,0.97213405,0.9798788,0.97365576,0.9814396,0.9784375,0.9769145,0.9702415,0.97232264,0.97930133,0.92452,0.9744774,0.953144,0.9727273,0.9699166,0.9819782,0.96732944,0.9783959,0.9704877,0.9801382,0.97608554,0.97769064,0.97261196,0.9769313,0.9744609,0.9758388,0.9611717,0.976248,0.96055174,0.97570163,0.97187644,0.9700909,0.97236407,0.97197735,0.9787422,0.9679783,0.9671121,0.9849366,0.97740895,0.99999994,0.9768478,0.9795284,0.97792447,0.97579795,0.98199135,0.9740436,0.97004837,0.977564,0.97147864,0.9762581,0.97964126,0.9792407,0.96231836,0.97609854,0.9781614,0.9714701,0.98034906,0.97409266,0.97100514,0.99999994,0.9760008,0.97825074,0.9802167,0.9753527
alitamovie,0.95742166,0.94408727,0.95284307,0.93918484,0.96026516,0.94669384,0.9526082,0.95386237,0.97088325,0.9999996,0.96074367,0.9426848,0.9492461,0.9549872,0.96143514,0.96090305,0.9579092,0.96359146,0.9437476,0.95960635,0.95624244,0.95115405,0.95339173,0.95034796,0.94224614,0.925409,0.9560665,0.9459911,0.95362645,0.9538205,0.9345556,0.9469824,0.9442233,0.9399007,0.92929256,0.9317398,0.95562494,0.95132124,0.9550522,0.9488345,0.950829,0.9562619,0.94865817,0.95958877,0.9493501,0.95491445,0.95650154,0.9461132,0.9452801,0.9600746,0.9535069,0.95327955,0.9518011,0.9547764,0.9443378,0.96138805,0.94826156,0.95753884,0.95619804,0.95564437,0.94990927,0.94850534,0.95394033,0.9477708,0.946488,0.94346744,0.95607287,0.9429767,0.9539209,0.94397765,0.96485543,0.8749414,0.9423691,0.9567975,0.9292134,0.9444338,0.9124889,0.9365737,0.947111,0.94225675,0.9586645,0.9459914,0.94520986,0.93600464,0.9518161,0.9542452,0.94317436,0.94710153,0.9566309,0.95186794,0.9427249,0.96485543,0.947273,0.9468688,0.94604266,0.9528805,0.9525888,0.9526368,0.9361221,0.952158,0.95439506,0.9528019,0.9398148,0.9611204,0.95492744,0.9573778,0.9534863,0.9538855,0.94720757,0.9467751,0.95583344,0.8954958,0.94848806,0.91843027,0.94841623,0.95003074,0.96013534,0.9418102,0.9594411,0.9454534,0.9503354,0.9547512,0.9496712,0.9437401,0.94876903,0.94930893,0.94050235,0.92832226,0.9517024,0.9328882,0.9529541,0.9503837,0.951242,0.9525609,0.95842063,0.9593503,0.94562685,0.94167596,0.9655912,0.95323455,0.97088325,0.946956,0.9592839,0.94960016,0.94742715,0.95416284,0.94948417,0.9373168,0.94790065,0.9496995,0.9494549,0.95137846,0.9570885,0.9377687,0.961142,0.95335805,0.946904,0.9569438,0.95192456,0.9432173,0.97088325,0.9586738,0.95374274,0.9553604,0.9473868
angelhasfallen,0.957316,0.9425996,0.9569847,0.94406885,0.95545703,0.95142806,0.95510894,0.95114607,0.9749506,0.96074367,1.0000004,0.9521299,0.95782566,0.9552873,0.9573757,0.95720327,0.957621,0.9658157,0.9560799,0.9517351,0.9569581,0.96584195,0.951747,0.9504088,0.94823736,0.9214427,0.94817525,0.94782674,0.96132296,0.94906884,0.9442329,0.9490205,0.9466593,0.94355494,0.94368017,0.9384035,0.95511353,0.9482487,0.9558864,0.9533552,0.9572864,0.94784456,0.9437896,0.9482494,0.94649684,0.96024954,0.9548623,0.9471163,0.9518326,0.94970036,0.96228576,0.95516145,0.9547163,0.9538334,0.94997483,0.9568276,0.94985735,0.953674,0.9568474,0.9591994,0.9567471,0.95285386,0.9514131,0.95494056,0.94526154,0.9536343,0.9540286,0.94585866,0.9663199,0.94878167,0.9627667,0.89641887,0.94467217,0.9587332,0.9484223,0.9490748,0.9386178,0.9486161,0.9578809,0.9467373,0.97674704,0.9538123,0.9516627,0.9460617,0.9611588,0.9565474,0.9583522,0.951354,0.9510878,0.9520594,0.94933796,0.9627667,0.9443386,0.95127916,0.951243,0.9609089,0.9648154,0.95442414,0.9353906,0.9478479,0.9586104,0.9588419,0.9524211,0.9569375,0.95560086,0.95914763,0.9548679,0.96006966,0.948722,0.95761245,0.9603649,0.9177609,0.9526797,0.9449113,0.9510163,0.957642,0.95861846,0.94534713,0.95686877,0.9458918,0.9576426,0.9522022,0.9558726,0.9520185,0.9566016,0.951297,0.95031196,0.9454509,0.9537799,0.9352677,0.95644575,0.9571248,0.94760966,0.9510766,0.9543929,0.95276797,0.9435872,0.9422615,0.96087164,0.95943433,0.9749506,0.9622548,0.9592957,0.958284,0.95275134,0.95733315,0.958813,0.94427234,0.9525703,0.9512736,0.95038795,0.9529867,0.9624947,0.9377853,0.9514562,0.9524416,0.94310915,0.95358557,0.9497558,0.94625777,0.9749506,0.95949817,0.9550501,0.9524431,0.95906097
angrybirdsmovie,0.95390767,0.9415485,0.95716226,0.93653315,0.9421989,0.9497712,0.9541891,0.9479938,0.9714413,0.9426848,0.9521299,1.0000002,0.9434485,0.95200616,0.95363367,0.9466288,0.9537436,0.95220906,0.95531964,0.94424576,0.95224094,0.95095825,0.94696647,0.95049006,0.9447975,0.9165685,0.9473396,0.95329386,0.9547603,0.956339,0.94176954,0.94433993,0.93566364,0.9508815,0.9466272,0.93468904,0.9561267,0.9528657,0.95574564,0.94665545,0.95288706,0.9519928,0.94477063,0.9541627,0.9482482,0.95621806,0.94811267,0.95897824,0.9488788,0.9575997,0.96389693,0.9501974,0.94342995,0.94797647,0.9429836,0.9444714,0.9460516,0.9521723,0.94539,0.9535918,0.9504376,0.9508059,0.9501051,0.94565153,0.94842595,0.94423145,0.940678,0.94773364,0.94849616,0.93627673,0.95771635,0.89064264,0.94005585,0.95896024,0.9354608,0.93679297,0.91309446,0.9398636,0.9430946,0.9454711,0.9392393,0.9465465,0.9461007,0.9369429,0.9593755,0.94198483,0.9387966,0.9425098,0.9435124,0.9449004,0.952972,0.95771635,0.9504442,0.9496304,0.95694155,0.94766617,0.9504778,0.94906646,0.9290379,0.9460273,0.95530033,0.95240617,0.95809543,0.94915575,0.9522267,0.96339947,0.95327216,0.9483696,0.9479534,0.95613587,0.95232517,0.90586275,0.95419466,0.9284578,0.94680643,0.9399754,0.954768,0.9304307,0.9524552,0.94922966,0.9523244,0.9483625,0.95475155,0.946456,0.9421237,0.9507846,0.94237626,0.94351757,0.9487049,0.938823,0.9505147,0.94582444,0.9460736,0.9471485,0.9533745,0.95342755,0.9345973,0.9397237,0.9635503,0.9501556,0.9714413,0.94451976,0.9533461,0.95453167,0.9476516,0.951756,0.9510595,0.9482081,0.94917494,0.93672436,0.95085645,0.95302624,0.95164835,0.93095875,0.94596153,0.9460692,0.934341,0.9588394,0.9508035,0.94095355,0.9714413,0.9515692,0.94831747,0.9537859,0.9594191
annabellemovie,0.9558129,0.94334775,0.9623824,0.958751,0.95536995,0.95094484,0.9656992,0.96256614,0.9794995,0.9492461,0.95782566,0.9434485,1.0,0.9591628,0.96785605,0.9572584,0.96388364,0.96363395,0.9585837,0.95111215,0.9567641,0.95241404,0.9652928,0.9587327,0.9601167,0.9341421,0.9561749,0.9591074,0.96241057,0.9501391,0.94788116,0.9581445,0.94897294,0.9483537,0.9533522,0.95224726,0.96266985,0.9692534,0.9628717,0.9561697,0.9631865,0.9610667,0.94383764,0.96017885,0.96415585,0.9622599,0.9629933,0.9489464,0.95785767,0.96298736,0.96268004,0.9680476,0.96163595,0.95236963,0.95819926,0.96218127,0.95401156,0.955289,0.9573606,0.96826917,0.96560097,0.9563937,0.95876926,0.96773857,0.95878524,0.9470432,0.95350343,0.96167684,0.9518838,0.94437474,0.9676828,0.8829183,0.95689094,0.96307814,0.96293545,0.95086783,0.93811905,0.95679766,0.9576817,0.9509633,0.96132463,0.9694587,0.9679089,0.95133936,0.9668148,0.9457661,0.9611665,0.981436,0.95999616,0.9580718,0.94691354,0.9676828,0.95982224,0.95306027,0.94758886,0.9558396,0.9618098,0.9534151,0.94411325,0.95872587,0.9572655,0.9592488,0.9569409,0.96176887,0.94928813,0.96084386,0.96101886,0.96581364,0.9567863,0.9527384,0.96241057,0.9084108,0.9570754,0.94837725,0.95596296,0.9502259,0.9603553,0.9604415,0.9586642,0.95401686,0.9670198,0.9559321,0.96161485,0.954139,0.95691806,0.9514905,0.9657468,0.9461541,0.9578013,0.94342494,0.9530403,0.9586075,0.9528822,0.9548457,0.95439816,0.95796233,0.95448077,0.94984025,0.9658518,0.961187,0.9794995,0.9582966,0.9653626,0.9622189,0.9659847,0.9657995,0.95114607,0.9584116,0.9601972,0.9534841,0.9596445,0.965311,0.96630675,0.9431714,0.9597231,0.9623678,0.95354545,0.9657332,0.96321625,0.9583345,0.9794995,0.9544441,0.95523286,0.96104485,0.95723677
annamovie,0.9611144,0.9357772,0.953077,0.94956964,0.961151,0.95237094,0.9606656,0.955612,0.97805834,0.9549872,0.9552873,0.95200616,0.9591628,1.0000005,0.96722853,0.9500488,0.95845807,0.9648797,0.95814127,0.9551992,0.95395863,0.9484849,0.9567225,0.96535015,0.9536176,0.9241957,0.9598508,0.9521761,0.9592518,0.95235646,0.9512373,0.9607881,0.9413743,0.9504817,0.94829124,0.93940353,0.9659223,0.96171427,0.9636686,0.9551802,0.9640641,0.9538968,0.95115614,0.9565922,0.9573566,0.95555514,0.95765996,0.9524977,0.95385057,0.95677376,0.9546098,0.96494323,0.9562014,0.9547471,0.9557468,0.95850235,0.96112335,0.9570641,0.950115,0.9626484,0.9581339,0.9512174,0.9571149,0.96777916,0.9572509,0.9472008,0.95804214,0.957579,0.94592714,0.9521601,0.96884376,0.8719896,0.946183,0.96012247,0.94512147,0.95164496,0.92621946,0.9532767,0.95294863,0.9508403,0.9575536,0.9529486,0.9526285,0.9471952,0.9580873,0.95012856,0.95697135,0.9522723,0.9558278,0.96655226,0.95374787,0.96884376,0.9526193,0.9456765,0.947211,0.953561,0.95761293,0.95125204,0.9368581,0.9653577,0.9596767,0.9606414,0.94483656,0.9611967,0.9686788,0.9574382,0.96002847,0.9565985,0.94993716,0.95010555,0.9663256,0.9041968,0.9570048,0.93733287,0.9579254,0.9505668,0.9642885,0.949177,0.9586776,0.9473787,0.95427155,0.9680185,0.9612426,0.9537342,0.96269536,0.95174223,0.9528183,0.9371276,0.95795023,0.9447798,0.9534941,0.9583849,0.95645404,0.95765686,0.9570978,0.9565107,0.95028466,0.948895,0.96922034,0.96217406,0.97805834,0.9537857,0.9555997,0.9568056,0.9593341,0.9616356,0.95168465,0.9512573,0.9605527,0.95243657,0.95868546,0.95847946,0.95621175,0.9450147,0.96422654,0.9625889,0.95069087,0.96382236,0.9592616,0.95484287,0.97805834,0.95467037,0.9588892,0.95951176,0.9494946
apollo11movie,0.965946,0.95059997,0.9611633,0.95352304,0.95694274,0.9552461,0.9650314,0.9578396,0.98247427,0.96143514,0.9573757,0.95363367,0.96785605,0.96722853,1.0000001,0.96426845,0.9676903,0.9645322,0.9638353,0.96931225,0.9587357,0.9533912,0.9682641,0.96948713,0.9569733,0.9458066,0.95923007,0.95772773,0.95966005,0.95925844,0.9543128,0.9590249,0.9513776,0.9589097,0.94549686,0.9377752,0.9652797,0.96509445,0.96932375,0.9561851,0.9629022,0.96890163,0.95705795,0.9650759,0.9563036,0.96019924,0.9659487,0.95912325,0.9610113,0.96841395,0.96469414,0.9668464,0.9608829,0.9625717,0.95413077,0.95777035,0.9589679,0.96601,0.95984155,0.9700734,0.9583141,0.96036804,0.95913434,0.9588447,0.9558658,0.9530355,0.95428026,0.9538837,0.9491435,0.9500868,0.97262216,0.88173366,0.94903654,0.96594286,0.94762075,0.9501789,0.93403673,0.95375156,0.95560604,0.95244956,0.96030915,0.96331114,0.9576401,0.9427357,0.9604305,0.95382583,0.9547825,0.96713936,0.9655188,0.96137756,0.9560265,0.97262216,0.956895,0.9571719,0.95751363,0.97341216,0.96188504,0.95726424,0.94618076,0.9601605,0.96390915,0.9594931,0.95376617,0.96716964,0.9602077,0.96642643,0.9626659,0.96592176,0.95840466,0.96070474,0.96912444,0.91000324,0.96298486,0.9272355,0.9569152,0.95013434,0.96688646,0.9526282,0.9622411,0.95479465,0.9623632,0.9632878,0.9636412,0.95654005,0.9604399,0.96352834,0.9567938,0.9461854,0.9650418,0.95318145,0.95741916,0.958083,0.9583974,0.959191,0.9629926,0.9616334,0.95303994,0.9490172,0.9677003,0.9619197,0.98247427,0.95805347,0.9680054,0.96113443,0.96302634,0.96521086,0.951904,0.95491517,0.96525645,0.9551758,0.9651453,0.9662615,0.96756464,0.94732237,0.9630168,0.96271366,0.95355505,0.96587193,0.959927,0.9586206,0.98247427,0.9581272,0.96005434,0.95950055,0.9557268
arcticdogsmovie,0.95745206,0.96080273,0.961094,0.9397244,0.9539598,0.94633883,0.9591197,0.94794995,0.9755734,0.96090305,0.95720327,0.9466288,0.9572584,0.9500488,0.96426845,1.0000004,0.95801735,0.9590864,0.95013237,0.9570737,0.95298654,0.95480514,0.95772505,0.9489161,0.94793373,0.94025105,0.9526482,0.9553059,0.958151,0.9458116,0.9389306,0.9543222,0.9392646,0.9505839,0.9454736,0.94145066,0.9553664,0.9583826,0.95930195,0.9446849,0.959227,0.9540601,0.9452743,0.9557453,0.956149,0.9579193,0.95920336,0.94652295,0.9555656,0.9545936,0.9592416,0.9615989,0.95096344,0.95798874,0.9485747,0.95690656,0.95206803,0.9568516,0.9515057,0.9547206,0.9550323,0.9541245,0.95863163,0.9486132,0.9512134,0.9453521,0.953589,0.9583297,0.9526868,0.9459019,0.9586417,0.8759015,0.9428085,0.960726,0.9402969,0.93907315,0.9252402,0.94372654,0.94990474,0.9398077,0.95011944,0.9550425,0.9464222,0.94344956,0.9563473,0.9526558,0.94344866,0.9568172,0.95276403,0.9522339,0.9506335,0.9586417,0.95197564,0.956903,0.9519064,0.95296144,0.9570904,0.9519894,0.93972266,0.95650727,0.9556005,0.9522904,0.95169497,0.95514035,0.9504744,0.9608738,0.9583736,0.9671014,0.9639085,0.9511122,0.956754,0.9008919,0.95930165,0.92956585,0.95675004,0.9493399,0.9596041,0.9450231,0.95884323,0.94968545,0.9571561,0.96136904,0.95540047,0.9505952,0.9468334,0.95526636,0.95552087,0.9378834,0.9586703,0.930923,0.9504786,0.9485444,0.9533637,0.9523743,0.9607999,0.9534001,0.9446834,0.95151687,0.96188074,0.95123035,0.9755734,0.94721556,0.96008515,0.95410734,0.9528742,0.96394956,0.9566593,0.95042896,0.95719194,0.9462941,0.95489657,0.955104,0.9572594,0.94338375,0.9504953,0.94944674,0.95278937,0.95753545,0.9607943,0.95155597,0.9755734,0.9567317,0.95413774,0.95497113,0.950945
arcticmovie,0.95686466,0.94753414,0.95806634,0.94459957,0.9558144,0.9554828,0.9605557,0.9556338,0.97446513,0.9579092,0.957621,0.9537436,0.96388364,0.95845807,0.9676903,0.95801735,1.0000002,0.96181244,0.94873863,0.9566702,0.9614083,0.9498992,0.95802975,0.95438045,0.9523053,0.92966837,0.95346546,0.9723348,0.95399755,0.9496495,0.94017184,0.94897527,0.942351,0.9479068,0.943691,0.9379309,0.95666933,0.9588626,0.9540208,0.95506424,0.9559154,0.9564119,0.94861144,0.958632,0.9576803,0.9573006,0.9575474,0.94696474,0.95190984,0.9612508,0.9566547,0.9558308,0.9549963,0.9556616,0.9546982,0.9550846,0.95003045,0.9522315,0.95704204,0.96265316,0.95535314,0.9531678,0.94884044,0.96012217,0.9498531,0.9489808,0.9493119,0.945069,0.95134634,0.9426583,0.9614804,0.89531875,0.9434903,0.96534675,0.94551206,0.9445386,0.92846024,0.9464052,0.95695364,0.94348264,0.95397645,0.9553394,0.9638371,0.9451804,0.96274954,0.9459276,0.95486957,0.95556754,0.9471477,0.95775294,0.9448652,0.9614804,0.9525006,0.9526742,0.9503372,0.95929956,0.95529765,0.95502526,0.94292325,0.955187,0.9530921,0.9606176,0.9545114,0.954164,0.95019376,0.9576428,0.96194166,0.95566523,0.9479444,0.95005083,0.9643301,0.91042054,0.96130896,0.9337394,0.95382506,0.9501569,0.9593959,0.94995123,0.9583719,0.9482942,0.96238893,0.9591891,0.95809954,0.9574348,0.94968367,0.95518607,0.9568693,0.9353499,0.9541735,0.94840014,0.95469487,0.95392853,0.9746067,0.9627468,0.9522006,0.95223886,0.94942206,0.94673127,0.9625687,0.9558441,0.97446513,0.94982153,0.9574134,0.9580405,0.9634259,0.95445395,0.9395946,0.9445657,0.960329,0.94720674,0.94880944,0.95212024,0.9567988,0.94008213,0.96359575,0.95302486,0.9487246,0.96049255,0.95444894,0.9524784,0.97446513,0.9528595,0.95540684,0.95932513,0.95220506
artofracingmovie,0.96159256,0.9454585,0.9642898,0.9569835,0.977621,0.9480686,0.96124804,0.960637,0.9799753,0.96359146,0.9658157,0.95220906,0.96363395,0.9648797,0.9645322,0.9590864,0.96181244,1.0,0.9617196,0.96478367,0.95707697,0.9595053,0.955415,0.9620704,0.9515338,0.9295671,0.95883566,0.9510033,0.9620389,0.9627859,0.95431834,0.9561699,0.94406384,0.9546889,0.94996405,0.9444626,0.9623718,0.9594921,0.96222657,0.9564651,0.9630071,0.95211416,0.94687843,0.9553034,0.9590103,0.9559575,0.95928013,0.945235,0.95226705,0.95486474,0.968915,0.9634132,0.95605594,0.95933396,0.9538763,0.9693532,0.9584161,0.9518505,0.9569234,0.9645265,0.9642404,0.95498765,0.95999223,0.95658886,0.9528582,0.9584341,0.95322937,0.9581765,0.9559266,0.95249444,0.96990424,0.8762505,0.9542826,0.9608844,0.9494105,0.9534512,0.9297544,0.950252,0.9576353,0.9536824,0.9624272,0.95492977,0.9575328,0.9454773,0.96499884,0.9533811,0.9625519,0.9600419,0.9557384,0.95776063,0.95888287,0.96990424,0.9497616,0.9443072,0.9596998,0.9548775,0.9650221,0.9647663,0.94570464,0.9530672,0.9589829,0.95738477,0.9562949,0.9627726,0.960678,0.96737045,0.96342987,0.9582323,0.95838183,0.95607674,0.9604625,0.905622,0.9537311,0.9415786,0.9551013,0.956319,0.9670968,0.9487586,0.96155787,0.9561548,0.96059537,0.96136975,0.96729946,0.94699496,0.96709305,0.9473797,0.9533816,0.9511135,0.9586247,0.9428935,0.9580555,0.9659679,0.95225376,0.95903,0.9587726,0.9656287,0.94978684,0.9526906,0.9693643,0.96587896,0.9799753,0.9526653,0.96218,0.9611574,0.9516111,0.9624209,0.9556059,0.9558754,0.9611032,0.9531611,0.9563115,0.9589766,0.9620144,0.93682134,0.961977,0.9594576,0.9504834,0.9610235,0.96045536,0.9501942,0.9799753,0.96586424,0.9543008,0.9535965,0.9629179
avengers,0.9639006,0.93957007,0.9553331,0.9457805,0.95241123,0.9464197,0.95771086,0.95911753,0.9757132,0.9437476,0.9560799,0.95531964,0.9585837,0.95814127,0.9638353,0.95013237,0.94873863,0.9617196,0.9999996,0.94938374,0.9568657,0.955745,0.96305895,0.9555553,0.95460784,0.9268065,0.9451836,0.94807833,0.95753497,0.9561175,0.9709689,0.9515497,0.94671905,0.9508627,0.94624406,0.94393736,0.9592599,0.95066637,0.9589683,0.95088357,0.9550735,0.95090216,0.9424193,0.9510776,0.9521935,0.9567648,0.9631439,0.9476587,0.95206684,0.95339155,0.9674654,0.95803213,0.95611584,0.95378155,0.94717747,0.952716,0.95175195,0.9479359,0.9483841,0.9615277,0.9550752,0.95211,0.95046276,0.95404917,0.94523996,0.9399952,0.94493514,0.9551833,0.9454496,0.9408109,0.9632396,0.8727256,0.9471057,0.95458853,0.94632626,0.9423727,0.92604774,0.9553041,0.9469447,0.94401,0.95005816,0.95400125,0.9493013,0.9485757,0.9605219,0.9498526,0.948391,0.95860726,0.9518203,0.94527096,0.9536508,0.9632396,0.9415998,0.94543195,0.95457876,0.9540459,0.9538318,0.958186,0.9342146,0.95563734,0.9604001,0.95826554,0.9581969,0.95744026,0.95836794,0.9647652,0.95858324,0.9580899,0.94932353,0.95344645,0.9560315,0.903951,0.9553146,0.92965347,0.9488817,0.9439214,0.95651394,0.9541694,0.95052093,0.9504814,0.9553103,0.95149356,0.95890164,0.9504473,0.9589122,0.9430406,0.9508092,0.9594058,0.9510782,0.94571364,0.9559315,0.9544264,0.94384474,0.9501442,0.9552812,0.9590901,0.9382946,0.94649816,0.9621753,0.9575194,0.9757132,0.95779705,0.959484,0.95517844,0.95044243,0.95823526,0.9567264,0.94882196,0.9566818,0.9444835,0.9555962,0.9593265,0.9576014,0.94267523,0.94901884,0.9534194,0.94783014,0.95671207,0.95537186,0.9483304,0.9757132,0.9514545,0.95120084,0.957385,0.9598558
beachbummovie,0.95665073,0.9585041,0.9592239,0.94023585,0.96011806,0.94952613,0.9566069,0.9596593,0.974856,0.95960635,0.9517351,0.94424576,0.95111215,0.9551992,0.96931225,0.9570737,0.9566702,0.96478367,0.94938374,0.9999995,0.95122916,0.959343,0.954388,0.95941365,0.94609636,0.92906857,0.9462479,0.9486156,0.9557284,0.95299345,0.9442973,0.94686013,0.94928473,0.9471045,0.94096607,0.93851316,0.9622771,0.95399666,0.962116,0.951405,0.9580451,0.95888394,0.9513754,0.96383995,0.9548074,0.9621927,0.954879,0.9507853,0.9520819,0.9637171,0.9616195,0.95324016,0.95208085,0.9518566,0.94157606,0.9627503,0.9595908,0.95684165,0.9531222,0.95800865,0.96037596,0.96411246,0.955811,0.95187354,0.9414422,0.95963347,0.9516174,0.9494918,0.94896984,0.95526373,0.9622485,0.8750444,0.9500964,0.9550083,0.93611956,0.94663024,0.9166389,0.9409512,0.9506785,0.9444823,0.9516349,0.95060927,0.9497431,0.94101137,0.94809,0.9547218,0.94723225,0.95812553,0.951,0.94836324,0.95991266,0.9622485,0.95111066,0.95159334,0.9546819,0.95911986,0.9560038,0.96887845,0.933072,0.95089465,0.95954496,0.9617001,0.9497778,0.95671093,0.95346636,0.9607258,0.95602655,0.9569969,0.9514414,0.9462081,0.9554932,0.90217507,0.9507422,0.9280942,0.9555241,0.9517891,0.95978737,0.9367134,0.9639739,0.94758034,0.9583421,0.9590837,0.95462495,0.94648093,0.9561308,0.9516321,0.9505396,0.94273156,0.9557071,0.94271845,0.9501198,0.94418335,0.949867,0.95376474,0.9574837,0.96265954,0.94404984,0.94283754,0.96273434,0.9615026,0.974856,0.9486095,0.9618934,0.9572795,0.9549066,0.95544755,0.95447344,0.9447088,0.96068174,0.9464034,0.95049125,0.9560296,0.9547768,0.93959373,0.95834804,0.9489111,0.9477379,0.95966923,0.95689285,0.955254,0.974856,0.95332897,0.95394015,0.9568654,0.9534984
bernadettefilm,0.9572101,0.94539934,0.9576629,0.9547217,0.955105,0.94710445,0.9628599,0.95923007,0.9760295,0.95624244,0.9569581,0.95224094,0.9567641,0.95395863,0.9587357,0.95298654,0.9614083,0.95707697,0.9568657,0.95122916,1.0000004,0.9607149,0.95908755,0.95345545,0.9536727,0.9308469,0.95806044,0.96082187,0.9642193,0.95809805,0.9512028,0.94347453,0.9437031,0.9482094,0.94262135,0.93932086,0.95991576,0.95384777,0.95751953,0.9529394,0.95360416,0.95834076,0.95063967,0.95780563,0.9605251,0.96843,0.96047753,0.9581303,0.947361,0.95902747,0.9600525,0.95328355,0.9509658,0.955357,0.9527957,0.9582578,0.95093346,0.95762354,0.9599714,0.9621842,0.9480508,0.9558292,0.95451355,0.95126814,0.94655704,0.948148,0.94636047,0.9444793,0.94751424,0.94707257,0.96367055,0.88858294,0.9545822,0.96516,0.95057946,0.9420416,0.9300917,0.95728624,0.95194066,0.9481344,0.957471,0.958692,0.952516,0.948345,0.9570167,0.94960773,0.9520525,0.95266354,0.95938206,0.9580895,0.95512015,0.96367055,0.95313156,0.95435953,0.952003,0.9552188,0.9537544,0.9602774,0.9450012,0.9555368,0.9612334,0.9584536,0.9502691,0.9613371,0.95305455,0.95920885,0.95358104,0.9537503,0.9492139,0.9487845,0.9572611,0.9204884,0.962444,0.9326843,0.9638537,0.9464974,0.9619111,0.9528847,0.9572406,0.95159954,0.95925665,0.95313174,0.9574038,0.94382274,0.9565514,0.9544787,0.9507509,0.9425965,0.951197,0.9413307,0.97156405,0.94755834,0.96071607,0.9557039,0.9548801,0.9596631,0.94812673,0.94165796,0.962624,0.9564951,0.9760295,0.9630715,0.96506757,0.955415,0.95581627,0.951487,0.9496404,0.9497065,0.9516195,0.94942975,0.9559358,0.95519656,0.9623155,0.9429725,0.96199065,0.9578658,0.9475347,0.9602612,0.9563158,0.95238006,0.9760295,0.95618707,0.9564879,0.95862216,0.95758045
