movie,21bridgesmovie,47metersdown,abeautifuldaymovie,abominablemovie,adastramovie,adogsjourneymovie,aftermathmovie,aftermovie,ahiddenlifefilm,alitamovie,angelhasfallen,angrybirdsmovie,annabellemovie,annamovie,apollo11movie,arcticdogsmovie,arcticmovie,artofracingmovie,avengers,beachbummovie,bernadettefilm,blackandbluemovie,blackchristmas,blindedbythelightmovie,bombshellmovie,booksmart,breakthroughmovie,brianbanksmovie,brightburnmovie,brittanyrunsmov,captainmarvelofficial,captivestatemovie,catsmovie,charliesangels,childsplaymovie,clarathefilm,coldpursuitmovie,countdown,currentwarmovie,darkwatersmovie,detectivepikachumovie,disneyaladdin,disneyfrozen,disneymaleficent,doctorsleepmovie,dolemiteismyname,dontletgomovie,doramovie,downtonabbey_official,dumbo,escaperoom,everybodyknowsmovie,fastandfuriousmovie,fightingwmyfam,fivefeetapartfilm,fordvferrari,freaksthefilm,geminimanmovie,glassmovie,gloriabellmovie,godzillamovie,goldfinchmovie,goodboysmovie,goodliarmovie,gretafilm,halathemovie,happydeathdaymovie,harrietfilm,hellboymovie,hersmellmovie,highlifemovie,highstrungmovie,honeyboymovie,hotelmumbaifilm,httydragon,hustlemovie,hustlersmovie,isntitromantic,itmovieofficial,jayandsilentbob,johnwickmovie,jojorabbitmovie,jokermovie,judythefilm,jumanjimovie,justmercyfilm,knivesout,lalloronamovie,lastblackmansf,lastchristmasthemovie,latenightmovie,lighthousemovie,lionking,littlethemovie,littlewomenmovie,littlewoodsfilm,longshotmovie,lordsofchaosmovie,lucyintheskyfilm,mamovie2019,marriagestory,meettheaddams,meninblack,midsommarmovie,midwaymovie,missbalamovie,missinglinkfilm,motherlessbklyn,onceinhollywood,onthebasisofsex,overcomermovie,peanutbutterfalcon,petsematarymovie,piercingmovie,playingwithfire,playmobilthemovie,pomsmovie,queenandslim,rambomovie,readyornotfilm,richardjewellfilm,rocketmanmovie,scarystoriesmovie,secretlifeofpets,serenityfilm,shaftmovie,shazammovie,spidermanmovie,spiesindisguise,starwars,stormboymovie,stubermovie,taosdfilm,teenspiritmov,terminator,theaeronautsmov,thebestofenemies,thedeaddontdie,thefarewell,thehighwaymen,thehummingbirdprojectfilm,theintrudermovie,theirishmanfilm,thekitchenmovie,thelegomovie,themustangfilm,thenightingalefilm,theprodigymovie,thesunisalsoastar,theupsidefilm,tolkienmovie,toystory,triplefrontier,uglydolls,uncutgems,underthesilverlake,usmovie,wavesmovie,whatmenwant,wonderparkmovie,wrinklestheclown,xmenmovies,yardiefilm,yesterdaymovie,zombieland
21bridgesmovie,0.9999998,0.95525503,0.95964885,0.9453035,0.96171796,0.9642757,0.964302,0.95345914,0.9790905,0.94952965,0.9618368,0.94652677,0.9575617,0.95834637,0.95700276,0.9602636,0.9550735,0.9601498,0.9698395,0.95627755,0.95653385,0.9570628,0.9547508,0.9610217,0.96053183,0.87464595,0.9593712,0.9593633,0.9622208,0.95450747,0.96269274,0.9585862,0.94994104,0.9483693,0.9356578,0.92724454,0.96253324,0.9666355,0.9554868,0.96192735,0.9515257,0.96164626,0.94412565,0.9580873,0.95322156,0.9596585,0.95568264,0.9507197,0.95666486,0.9613327,0.96175665,0.9628165,0.9448624,0.9428492,0.9490587,0.9612481,0.9561017,0.9621354,0.9609608,0.95298016,0.94944423,0.94986343,0.95652884,0.95931476,0.9562383,0.9536134,0.9467221,0.9493298,0.9520506,0.93898726,0.960546,0.7738086,0.9513579,0.9628222,0.9423921,0.93259215,0.9171717,0.9495616,0.95681036,0.95583606,0.9585497,0.9575303,0.9600311,0.95264435,0.95395607,0.950402,0.949831,0.9612645,0.96116596,0.964234,0.9610487,0.960546,0.95375043,0.9590927,0.94790775,0.9610531,0.96265644,0.9528229,0.95314676,0.9543924,0.95121574,0.96133584,0.94998175,0.9545299,0.9502571,0.95832914,0.96560836,0.95909834,0.9479529,0.9529555,0.9686465,0.90653247,0.9595558,0.92292726,0.95248955,0.9725276,0.9903516,0.94951296,0.9679513,0.9581802,0.95449287,0.95496136,0.95588595,0.95937866,0.9679247,0.958079,0.95723665,0.9567505,0.9576438,0.9444769,0.95761454,0.9481041,0.95361197,0.9492565,0.9598141,0.9550154,0.9676968,0.9471216,0.95469564,0.95855486,0.9790905,0.958862,0.95609766,0.95859843,0.9617119,0.9508542,0.9507314,0.93822396,0.9507295,0.96461177,0.9592499,0.9547257,0.95889235,0.95821255,0.9517313,0.9536294,0.9466534,0.95248526,0.96063197,0.9510472,0.9790905,0.9598543,0.95969814,0.96342593,0.95976645
47metersdown,0.95525503,1.0000004,0.96576583,0.94632316,0.9659392,0.9505658,0.96560043,0.96390533,0.97883266,0.9494425,0.9631191,0.9485338,0.9532702,0.9507285,0.96190006,0.9590912,0.9575545,0.96126163,0.9596874,0.9544702,0.96057105,0.9485823,0.9551274,0.96133465,0.9582545,0.8731063,0.9592743,0.95629334,0.9546454,0.9500807,0.96353155,0.9493647,0.9565546,0.94977385,0.9518471,0.94398946,0.9664236,0.9502299,0.9642763,0.9579287,0.9502459,0.9590366,0.9520248,0.949965,0.95760477,0.96116936,0.9529848,0.9525278,0.94257283,0.9567529,0.9573061,0.9570927,0.945186,0.95839566,0.9451289,0.958772,0.9513281,0.96178705,0.9574156,0.95348024,0.94786793,0.95419014,0.9528277,0.9609307,0.9569545,0.95475894,0.94401705,0.95239234,0.9656681,0.94528925,0.9552654,0.7423158,0.95429957,0.9581182,0.9355624,0.9493746,0.91149884,0.9517156,0.95077556,0.9513108,0.9491897,0.9544196,0.95751864,0.95210326,0.95686775,0.95557004,0.94549555,0.9570225,0.95096946,0.9588905,0.9653174,0.9552654,0.95022565,0.95658594,0.96035564,0.95272535,0.9601491,0.95643634,0.9464735,0.9465283,0.95711845,0.9542542,0.93819195,0.9569085,0.95680654,0.96030015,0.96618015,0.9614488,0.9433652,0.9383261,0.96485007,0.9077737,0.9585435,0.9209542,0.95815456,0.95575327,0.96194136,0.9439061,0.9646935,0.9625597,0.9696546,0.955256,0.95749766,0.9573899,0.9650521,0.95851254,0.95706433,0.9587766,0.9650615,0.94127876,0.9591792,0.9588461,0.95624924,0.94694483,0.9508752,0.95446557,0.94253516,0.94745415,0.9535062,0.9587269,0.97883266,0.95235586,0.96162355,0.9638762,0.95860434,0.950993,0.9529697,0.9506551,0.9591344,0.9587431,0.96445054,0.961026,0.9613672,0.93810785,0.9525059,0.9511433,0.94751114,0.94997877,0.94792765,0.95083576,0.97883266,0.95167124,0.9564434,0.95309484,0.9518553
abeautifuldaymovie,0.95964885,0.96576583,0.99999976,0.95876676,0.9610656,0.9605766,0.9668395,0.9687146,0.98056984,0.948259,0.9638085,0.9623534,0.96042657,0.96295327,0.95757157,0.9699239,0.952948,0.9560733,0.9601686,0.9571484,0.9598664,0.95924634,0.95272684,0.9688789,0.9575169,0.8903607,0.9635771,0.9578534,0.9742883,0.9516144,0.9628867,0.95385665,0.9487837,0.9561175,0.9526734,0.94293755,0.97017974,0.9570699,0.96612734,0.9627498,0.95465016,0.9597957,0.95452553,0.95501095,0.96344197,0.9569526,0.953224,0.9545173,0.9597894,0.96441454,0.9792053,0.96825963,0.94321257,0.9573129,0.9544146,0.9644926,0.96459544,0.96393806,0.96131915,0.96518755,0.94645303,0.9537628,0.95991933,0.96082824,0.9662615,0.9554856,0.94950575,0.95838153,0.96892446,0.9492688,0.9656956,0.7806654,0.9560922,0.96379113,0.9463816,0.93408865,0.90219074,0.95577985,0.9596805,0.9520557,0.95498604,0.95689833,0.96101713,0.9538335,0.9697174,0.9528079,0.9556642,0.9607309,0.95691043,0.95992935,0.9571184,0.9656956,0.9489796,0.958048,0.97091204,0.95738655,0.9633194,0.95822227,0.9479878,0.9520707,0.96413094,0.9604379,0.9592368,0.96712756,0.95059425,0.97867066,0.9687943,0.9657855,0.9613458,0.94929814,0.9664282,0.9022505,0.9641986,0.93235844,0.9569066,0.96149653,0.9645402,0.9435314,0.96456164,0.96532863,0.96535057,0.9567245,0.9615152,0.95369065,0.9533634,0.9589818,0.9666227,0.9617527,0.9572989,0.94349605,0.95991933,0.95541024,0.9607818,0.9492912,0.9589289,0.9534455,0.9624387,0.95239145,0.96393126,0.9570782,0.98056984,0.96785563,0.9611804,0.9619496,0.96410817,0.96123046,0.95558554,0.95432985,0.9602252,0.95383626,0.96145344,0.9732133,0.9689123,0.9357002,0.95796627,0.9581751,0.95110077,0.958451,0.9634293,0.9609916,0.98056984,0.9581808,0.9613942,0.9574621,0.9676078
abominablemovie,0.9453035,0.94632316,0.95876676,0.9999997,0.95427424,0.9530285,0.9597039,0.95043045,0.96930313,0.9387734,0.9448722,0.94259256,0.9520594,0.943756,0.95207226,0.9473857,0.9481429,0.9503164,0.9481573,0.9476546,0.954637,0.9495853,0.95558697,0.95264393,0.94678515,0.8744432,0.9474719,0.94076276,0.9539811,0.93788177,0.952604,0.94251865,0.9377687,0.9311024,0.9391232,0.9353553,0.95826846,0.950221,0.9543141,0.9450019,0.93987477,0.9507803,0.9325771,0.9479846,0.94913924,0.9456097,0.95561904,0.93948,0.9403903,0.9527605,0.9622658,0.9495964,0.9457647,0.94540757,0.9442977,0.9552437,0.94020915,0.95234424,0.9472257,0.9409817,0.94095623,0.94929874,0.94969183,0.9460228,0.93971443,0.9434914,0.9381422,0.94200045,0.9514395,0.9379701,0.9461446,0.77111995,0.9403409,0.9488727,0.95615476,0.9342036,0.9158947,0.9454215,0.94628495,0.9374652,0.95477617,0.9549813,0.9495842,0.93678445,0.9613435,0.9478312,0.9468138,0.9559078,0.94900036,0.9518469,0.95116735,0.9461446,0.9440564,0.9451626,0.95440567,0.95035374,0.95743227,0.94212127,0.94483364,0.9476529,0.9462553,0.9447966,0.9424033,0.94650126,0.94125587,0.9622244,0.95116633,0.9545116,0.94163185,0.9381635,0.9435404,0.8963566,0.95315975,0.9089341,0.9500894,0.95186704,0.9518684,0.9454973,0.95421547,0.9531801,0.9498022,0.95669216,0.95196855,0.9469947,0.9500571,0.9408359,0.9533031,0.95040125,0.9535277,0.9293835,0.94987386,0.9582153,0.9457947,0.9296728,0.94960093,0.9399651,0.9554838,0.9286222,0.94424266,0.9498931,0.96930313,0.9528011,0.95001906,0.94390756,0.9519986,0.9509264,0.94303286,0.93621176,0.94887984,0.9405324,0.95856273,0.9505751,0.9545096,0.9121593,0.94212645,0.9493873,0.9456639,0.9409203,0.9483333,0.93992776,0.96930313,0.94768906,0.95559233,0.95093143,0.9553103
adastramovie,0.96171796,0.9659392,0.9610656,0.95427424,1.0,0.95011604,0.9667158,0.9621616,0.9824209,0.9619362,0.9664547,0.95104706,0.9536861,0.9561481,0.9618965,0.96035975,0.96237,0.97498184,0.96421254,0.95995176,0.96375525,0.9518397,0.9644905,0.96694005,0.9621946,0.8741291,0.9643113,0.9661504,0.9550874,0.9538051,0.96843606,0.95991516,0.9510115,0.9491134,0.9440736,0.9364331,0.9693703,0.95148563,0.9632349,0.9592315,0.9559149,0.95947015,0.94762796,0.960335,0.9592549,0.96150243,0.963189,0.9483335,0.94837564,0.961838,0.9587603,0.96031964,0.9593775,0.9552344,0.9463221,0.9733326,0.95914173,0.9615224,0.958842,0.95455515,0.95427614,0.95461595,0.9619546,0.95480657,0.9565185,0.9588926,0.947705,0.95079225,0.9649693,0.9543164,0.96128196,0.7571445,0.952662,0.9642042,0.94473916,0.93869436,0.9178321,0.95932716,0.9568241,0.95788276,0.95987636,0.95601416,0.95987546,0.9527347,0.9564221,0.9586675,0.95825064,0.9637699,0.9572494,0.9687606,0.96439993,0.96128196,0.9605243,0.9603864,0.9568754,0.95643646,0.9740167,0.96380967,0.95495003,0.955098,0.96196675,0.96185386,0.94202447,0.9633962,0.95844454,0.9605658,0.9621451,0.9543526,0.95133865,0.95228744,0.96977925,0.90530723,0.9623382,0.93557495,0.95537454,0.96316487,0.96593165,0.958021,0.96896523,0.9622244,0.95778745,0.96056443,0.9563043,0.9524642,0.96355706,0.9584568,0.96192056,0.9565922,0.9686403,0.9423727,0.9650018,0.9632789,0.9621383,0.956481,0.95542854,0.9548598,0.95055884,0.944845,0.9573545,0.9632033,0.9824209,0.95790607,0.9593565,0.9562052,0.9571008,0.94725424,0.9569266,0.949035,0.9482568,0.95893,0.96752775,0.9619102,0.96602625,0.9378862,0.9583699,0.9601424,0.9593108,0.96344876,0.9623525,0.95090634,0.9824209,0.95647466,0.9636669,0.9628982,0.9591025
adogsjourneymovie,0.9642757,0.9505658,0.9605766,0.9530285,0.95011604,1.0000002,0.9569577,0.9480722,0.9759068,0.94652194,0.95827025,0.9445126,0.9521329,0.9595227,0.9553906,0.9556679,0.944412,0.9512439,0.9525948,0.95832896,0.9551257,0.9515938,0.9651077,0.9559713,0.95492536,0.89825106,0.9513596,0.9551282,0.9595773,0.95005906,0.95723534,0.94181615,0.9470157,0.9494793,0.9367319,0.9345138,0.96066433,0.95481294,0.9539198,0.9560574,0.9543633,0.9598554,0.95145816,0.95459056,0.95912534,0.9558276,0.9640616,0.94809806,0.95063794,0.9577962,0.9605734,0.9532198,0.9528643,0.952592,0.9410028,0.9552794,0.9520702,0.9634795,0.95829016,0.9518165,0.9462492,0.9515742,0.9578566,0.9628776,0.9435715,0.9484805,0.950139,0.9474619,0.9556581,0.93857706,0.95815,0.7528469,0.9477803,0.9577221,0.94796044,0.94027305,0.9104469,0.94722307,0.9542695,0.95141363,0.955857,0.94560117,0.95786273,0.9496691,0.9536565,0.9495885,0.9412245,0.9599143,0.9628968,0.9512545,0.9566063,0.95815,0.9395917,0.961582,0.94762903,0.95619625,0.9554471,0.9533094,0.9457716,0.9578145,0.9475727,0.95166314,0.9502659,0.95208716,0.9495624,0.96063095,0.9634762,0.96205956,0.948287,0.943894,0.9598121,0.8924577,0.9604046,0.91848147,0.9603419,0.9606366,0.96813655,0.9586631,0.9595721,0.95363593,0.95902663,0.95319146,0.9574438,0.96817845,0.9631125,0.9570775,0.96434546,0.9568498,0.9487558,0.9357007,0.95332617,0.9503186,0.9463047,0.93196994,0.96107346,0.94903326,0.9613353,0.94533694,0.9550802,0.9499948,0.9759068,0.95444924,0.9510811,0.9589971,0.9567748,0.9477648,0.9427364,0.9354512,0.953785,0.95355874,0.9515533,0.95806086,0.95848507,0.9319625,0.9397108,0.95839405,0.95255154,0.9461301,0.96129334,0.9547468,0.9759068,0.95648074,0.956959,0.9654613,0.95342183
aftermathmovie,0.964302,0.96560043,0.9668395,0.9597039,0.9667158,0.9569577,0.99999946,0.9649278,0.9844003,0.95173717,0.9640964,0.9489316,0.9655203,0.9616301,0.9655111,0.96597886,0.9655829,0.9668826,0.96129775,0.95478225,0.96993893,0.9566339,0.959457,0.97137165,0.9643812,0.8857393,0.9609046,0.9613392,0.9672268,0.94594747,0.96190184,0.96600026,0.9532763,0.949651,0.9496315,0.9311055,0.9647859,0.9626279,0.96623874,0.9650169,0.9649018,0.9604385,0.9418001,0.95542455,0.958948,0.9599182,0.96026117,0.9575013,0.9632058,0.9592064,0.97114396,0.97011256,0.95191896,0.96192056,0.9544753,0.9670991,0.9539233,0.9713442,0.9669815,0.96171516,0.95793396,0.96487826,0.96513784,0.9643211,0.95996284,0.9599229,0.9544797,0.96333045,0.9666358,0.9484732,0.9669275,0.75270957,0.9567615,0.9665628,0.94835585,0.94605124,0.917857,0.9653952,0.9644856,0.9519778,0.9605199,0.9801952,0.9688571,0.95340776,0.96765375,0.9575186,0.95577496,0.9676966,0.9630468,0.97226644,0.9602891,0.9669275,0.9611457,0.96013457,0.9642314,0.963502,0.97070116,0.9594567,0.97486603,0.9580385,0.95212203,0.9658307,0.95728725,0.96761084,0.9542636,0.97160107,0.96658945,0.96699834,0.9492829,0.9529294,0.9627094,0.8999033,0.9644339,0.9306002,0.9628765,0.9689744,0.96985424,0.95432884,0.97157687,0.9891529,0.96198875,0.96602315,0.9627379,0.9573251,0.9680034,0.9570032,0.9695501,0.9667046,0.96310526,0.9314372,0.9667582,0.9613836,0.9601862,0.95201415,0.96466434,0.9461304,0.95881945,0.95458806,0.96294445,0.957646,0.9844003,0.96760756,0.9609742,0.9650335,0.9672353,0.9569443,0.9624517,0.9518773,0.96263003,0.95914364,0.9845736,0.95578146,0.9638497,0.9342081,0.95995945,0.96496713,0.95882297,0.95641774,0.95988625,0.95530677,0.9844003,0.95658356,0.9705736,0.96221435,0.9644237
aftermovie,0.95345914,0.96390533,0.9687146,0.95043045,0.9621616,0.9480722,0.9649278,1.0000004,0.979362,0.9533262,0.95974714,0.9522506,0.95793104,0.9637001,0.96238816,0.9631622,0.9581318,0.9633473,0.9521613,0.95394915,0.95957446,0.9493927,0.94684917,0.97020346,0.95856905,0.8722049,0.9616232,0.95583224,0.96235037,0.9559121,0.9607886,0.9601799,0.9433099,0.95206684,0.9420553,0.930004,0.968355,0.9547632,0.9628347,0.9651805,0.95691717,0.96043926,0.94288117,0.9598026,0.9582323,0.96161723,0.9459667,0.9591926,0.95790327,0.9606787,0.9691154,0.96476996,0.94036293,0.9558991,0.95923233,0.966871,0.9584712,0.96593475,0.9615049,0.95555913,0.95337045,0.9548725,0.9575978,0.96505547,0.9637453,0.9562309,0.943974,0.9604922,0.96233183,0.9531266,0.962295,0.75865567,0.958915,0.95937884,0.9355395,0.936236,0.90627426,0.95117635,0.96215737,0.9551083,0.9586035,0.95637006,0.965045,0.9499562,0.96134263,0.9549805,0.95811963,0.9562239,0.95618284,0.96028984,0.95537084,0.962295,0.95115733,0.9529006,0.96061635,0.9587376,0.9628684,0.9600595,0.9479902,0.9511877,0.9581258,0.9650488,0.95661116,0.9633426,0.9552552,0.9678046,0.9682042,0.9633943,0.9539707,0.9413069,0.96775705,0.88896066,0.9628217,0.9233732,0.95700544,0.959587,0.96013063,0.9404064,0.9646444,0.96057165,0.96278787,0.9579801,0.95938075,0.94881046,0.9597184,0.9600143,0.96385264,0.9595945,0.96220404,0.9398965,0.95847356,0.95410925,0.96164984,0.9559621,0.9559905,0.95443606,0.95490026,0.9528325,0.9606925,0.95573753,0.979362,0.96269226,0.95783085,0.96353114,0.9637061,0.95639896,0.9597053,0.9450509,0.96303,0.9540511,0.9572766,0.9592228,0.9649115,0.9339273,0.9555092,0.9591543,0.9446367,0.96006143,0.96889704,0.9529641,0.979362,0.95713454,0.95972687,0.94895273,0.9632963
ahiddenlifefilm,0.9790905,0.97883266,0.98056984,0.96930313,0.9824209,0.9759068,0.9844003,0.979362,1.0000004,0.97214603,0.9804146,0.9641751,0.975213,0.98034996,0.98019135,0.9770541,0.9755545,0.9798135,0.97682387,0.97602284,0.9789102,0.9710523,0.9754589,0.9825253,0.974512,0.89510506,0.97870314,0.97516215,0.9780546,0.96880245,0.9816105,0.9747869,0.9658199,0.9659754,0.9618132,0.9539954,0.9833609,0.9742511,0.9787506,0.9779833,0.97431946,0.98056287,0.9682299,0.97722256,0.9784724,0.9799478,0.97546977,0.9707963,0.97471994,0.9812564,0.98197556,0.98082566,0.97000235,0.9763861,0.9641242,0.97931224,0.97404945,0.982959,0.97851086,0.9759204,0.9699636,0.973345,0.9791205,0.9792664,0.9734142,0.9741235,0.964513,0.97321093,0.9798054,0.965388,0.9807412,0.7732397,0.96934986,0.980631,0.96008396,0.9569722,0.9277513,0.97104007,0.97552395,0.9723625,0.9740735,0.9731957,0.9779748,0.96978116,0.9775113,0.9732294,0.97277623,0.98056155,0.9772943,0.9800682,0.9771268,0.9807412,0.97057736,0.97633344,0.97369266,0.9781173,0.9820151,0.9770831,0.9693709,0.97124445,0.9743244,0.97681797,0.9664919,0.9794766,0.9719812,0.98256385,0.9839776,0.97792554,0.9677149,0.965957,0.98365927,0.9109772,0.9796749,0.94322515,0.97587264,0.98070824,0.9850303,0.9693422,0.9839735,0.9797643,0.97875524,0.9756885,0.9759066,0.9728514,0.97933257,0.9764427,0.97933203,0.9776057,0.9783099,0.9573727,0.97781414,0.97065234,0.9759223,0.96523196,0.9783389,0.9705453,0.9746433,0.96743524,0.9789303,0.9759359,1.0000004,0.97726655,0.97720146,0.9787458,0.97884375,0.9718276,0.97291005,0.9629741,0.97489244,0.9740703,0.9806142,0.97646517,0.9820487,0.95259535,0.973182,0.9777545,0.97091067,0.9754984,0.9765319,0.97372067,1.0000004,0.9738044,0.97967017,0.97895133,0.97751915
alitamovie,0.94952965,0.9494425,0.948259,0.9387734,0.9619362,0.94652194,0.95173717,0.9533262,0.97214603,0.9999998,0.9546057,0.9447998,0.94916236,0.95322096,0.9574363,0.94646496,0.95319575,0.9594066,0.95233715,0.9545628,0.9507404,0.9441334,0.94827,0.9603681,0.9558111,0.86515385,0.95240486,0.95112616,0.9479046,0.94574153,0.95777345,0.9549572,0.94169915,0.9395165,0.9441451,0.9311727,0.95990324,0.95581007,0.9508671,0.95508116,0.95403904,0.9538336,0.9425236,0.95353645,0.949198,0.9544897,0.9488773,0.95002854,0.9495693,0.9601007,0.9496224,0.9572946,0.94995993,0.9455954,0.94591093,0.96468693,0.94903135,0.95712733,0.95430243,0.9449322,0.9489555,0.95286614,0.9574905,0.9504609,0.9488738,0.94732416,0.94197524,0.9545011,0.9568393,0.94999665,0.95046264,0.7407145,0.94794637,0.9528076,0.9339487,0.94297034,0.9020363,0.94891113,0.9514474,0.9454062,0.9485716,0.93748534,0.95426834,0.95614004,0.95311356,0.94668233,0.952095,0.95482564,0.9504532,0.9545649,0.95285743,0.95046264,0.9454297,0.95456094,0.9447404,0.9500512,0.962773,0.9588878,0.9411777,0.9448947,0.9500614,0.95657825,0.9314389,0.9537271,0.95486593,0.94954586,0.95577145,0.9502779,0.9376849,0.9447122,0.9595287,0.87557167,0.9585229,0.9110201,0.9515323,0.9644963,0.95885986,0.94632775,0.94911283,0.9391703,0.9569145,0.948524,0.95905405,0.9501819,0.9577251,0.9523306,0.9488769,0.9488781,0.95666397,0.9408754,0.9577185,0.9482342,0.9510458,0.9388711,0.96358544,0.94410443,0.9509653,0.9410888,0.95670867,0.9490729,0.97214603,0.9482612,0.95127565,0.94792384,0.96250796,0.94162554,0.94220144,0.9364442,0.95457846,0.94863904,0.946373,0.94831467,0.9608899,0.93923837,0.9465958,0.9464536,0.9466786,0.95486975,0.95636725,0.9530501,0.97214603,0.9547937,0.94859326,0.9553965,0.94258404
angelhasfallen,0.9618368,0.9631191,0.9638085,0.9448722,0.9664547,0.95827025,0.9640964,0.95974714,0.9804146,0.9546057,1.0000002,0.9443663,0.9598222,0.9674416,0.96197325,0.9620121,0.95283836,0.9599463,0.96209097,0.96358794,0.9608542,0.9557369,0.9645753,0.9613444,0.9571684,0.8755964,0.9639685,0.9583292,0.9592834,0.9578179,0.9619498,0.9529346,0.9486121,0.950817,0.9505273,0.93906444,0.96457386,0.9604957,0.96301913,0.9580027,0.95707077,0.96041226,0.95406276,0.95111126,0.96302366,0.96276176,0.9650775,0.95417684,0.96010065,0.9600977,0.9642127,0.95897114,0.95188385,0.960749,0.9383733,0.9665999,0.9525924,0.9629764,0.9609953,0.96090907,0.9536356,0.95775634,0.9617602,0.9621866,0.9586369,0.96214145,0.95014703,0.95668226,0.9709232,0.9511227,0.96147794,0.7582684,0.96061265,0.96521515,0.9574093,0.935342,0.9140024,0.9559503,0.9580011,0.9562887,0.9673269,0.95251405,0.96045244,0.9553189,0.9608391,0.95264274,0.95744675,0.9626279,0.9571606,0.96989125,0.96179783,0.96147794,0.9517252,0.9621129,0.9567415,0.9664024,0.97192806,0.96094733,0.950147,0.96010876,0.95829165,0.9603703,0.94544256,0.9578176,0.9577398,0.96238625,0.97196156,0.95532215,0.9451366,0.9511749,0.9682024,0.89691275,0.9586438,0.9252317,0.95460117,0.96926916,0.9654914,0.9536873,0.9641336,0.9587194,0.96430045,0.9486813,0.9556978,0.95398855,0.9571678,0.9570486,0.9610479,0.95634675,0.96314657,0.935591,0.9589288,0.9567364,0.95049566,0.9452517,0.958159,0.9581942,0.9583614,0.9501614,0.958298,0.95310163,0.9804146,0.9572825,0.9574128,0.95709,0.9586422,0.947443,0.9432962,0.9497436,0.95044345,0.9629694,0.9648108,0.9599145,0.9644396,0.94207335,0.9543406,0.9578473,0.95944995,0.95974255,0.9605616,0.95462716,0.9804146,0.96113455,0.95793027,0.9669863,0.95798486
angrybirdsmovie,0.94652677,0.9485338,0.9623534,0.94259256,0.95104706,0.9445126,0.9489316,0.9522506,0.9641751,0.9447998,0.9443663,0.9999997,0.9412396,0.93942225,0.94492304,0.9542862,0.9316122,0.9495189,0.9448564,0.94336414,0.95075876,0.93927234,0.9361194,0.9557673,0.9547464,0.87652594,0.9442212,0.9402596,0.958393,0.94468063,0.94912857,0.9355688,0.9319471,0.951768,0.9343405,0.9355898,0.95345044,0.9463774,0.94161195,0.94295025,0.93778014,0.9448747,0.9438572,0.940359,0.948162,0.94599646,0.9390511,0.95051056,0.9442188,0.9483801,0.9603247,0.9466024,0.93914443,0.93510526,0.9403806,0.95525265,0.94762266,0.9505398,0.9481582,0.95075047,0.92761093,0.9333319,0.94915926,0.9389248,0.9458955,0.9367194,0.9345075,0.93705636,0.9501621,0.9406712,0.9533515,0.769227,0.9465328,0.94457114,0.9284355,0.9182394,0.9054872,0.9411461,0.94540346,0.9364872,0.9391614,0.9411607,0.9467607,0.9429609,0.9503985,0.9399307,0.9370079,0.9454454,0.9447021,0.9440404,0.939079,0.9533515,0.9388451,0.94362026,0.9510719,0.9410362,0.94927794,0.9514359,0.9344578,0.93360823,0.9503787,0.94232,0.9351064,0.9512288,0.94433004,0.9595814,0.9535535,0.9459184,0.9467046,0.93497753,0.9398503,0.8892136,0.9485284,0.92079866,0.9411848,0.94554436,0.9515907,0.93220305,0.950288,0.9450742,0.9484197,0.943484,0.9406155,0.94188887,0.9434407,0.9439838,0.9532278,0.94725204,0.9436415,0.9272936,0.9450883,0.9384497,0.94231695,0.93734884,0.9420157,0.9367873,0.94371855,0.9361254,0.9550233,0.93842155,0.9641751,0.9488078,0.943946,0.94770396,0.9610246,0.93680656,0.93666327,0.9317686,0.93539214,0.9483412,0.9431065,0.958513,0.95065665,0.9197189,0.9409277,0.9449808,0.94084847,0.95213777,0.94823253,0.93913984,0.9641751,0.94070244,0.9423726,0.94466513,0.9503429
annabellemovie,0.9575617,0.9532702,0.96042657,0.9520594,0.9536861,0.9521329,0.9655203,0.95793104,0.975213,0.94916236,0.9598222,0.9412396,1.0000001,0.95646936,0.9588155,0.9594121,0.9496993,0.9557667,0.95141155,0.95610905,0.95579946,0.9487164,0.95053166,0.96450394,0.9536404,0.88324285,0.9452963,0.9499488,0.95574445,0.94570726,0.9563161,0.9560595,0.9453877,0.9413511,0.9496701,0.9298948,0.96102756,0.96244407,0.9536582,0.95654535,0.96317345,0.962677,0.942263,0.9524128,0.9504396,0.94909835,0.95259565,0.9519164,0.9562903,0.957235,0.9609586,0.963533,0.9510064,0.9503405,0.94782686,0.9551053,0.9531951,0.9655288,0.95507437,0.9598216,0.9587416,0.95023483,0.948082,0.9638395,0.95790493,0.9566676,0.94722486,0.9569637,0.9524496,0.9465508,0.9606883,0.75214285,0.94651085,0.95927954,0.9384131,0.9344294,0.9040148,0.95300597,0.9563212,0.94810534,0.9490395,0.9632547,0.9703668,0.9446683,0.969974,0.9517782,0.94794744,0.97840375,0.94726366,0.9595761,0.9471604,0.9606883,0.94339263,0.94548947,0.9518796,0.9625136,0.95065314,0.94908696,0.9519385,0.9473067,0.9447703,0.95515645,0.9485978,0.9564361,0.94927883,0.9588522,0.95812255,0.9627029,0.9498782,0.95305806,0.9577327,0.88277817,0.95885426,0.92144936,0.95277095,0.95745367,0.9629174,0.9419677,0.9554505,0.96137965,0.96166855,0.9557642,0.95515007,0.9532875,0.9543158,0.94732785,0.9669537,0.9501476,0.9593974,0.93698734,0.95246273,0.952939,0.95293313,0.9464227,0.9602594,0.94476664,0.95853156,0.9457183,0.96225446,0.947416,0.975213,0.9524104,0.94922954,0.9626147,0.9667782,0.9503599,0.9536615,0.9462453,0.9639525,0.9519397,0.9557029,0.9538262,0.9595397,0.9215263,0.9518412,0.95886743,0.9543801,0.9545918,0.948943,0.9527752,0.975213,0.94637287,0.9553421,0.9582801,0.95065224
annamovie,0.95834637,0.9507285,0.96295327,0.943756,0.9561481,0.9595227,0.9616301,0.9637001,0.98034996,0.95322096,0.9674416,0.93942225,0.95646936,0.99999946,0.96288633,0.956629,0.9553808,0.9600522,0.95300686,0.95790714,0.96145725,0.9530571,0.9534421,0.96736497,0.95636386,0.88067675,0.96466553,0.95779854,0.9622423,0.9556977,0.9564179,0.9565221,0.9496075,0.947041,0.9429168,0.9337666,0.960237,0.9540052,0.95519674,0.96170425,0.95444393,0.9615598,0.95141274,0.962333,0.96772885,0.9575137,0.95291543,0.9592389,0.9576327,0.96541727,0.9657082,0.9636032,0.95348024,0.9601333,0.94766647,0.9596584,0.9521775,0.96261257,0.962269,0.95951253,0.952992,0.9567297,0.96791214,0.97162414,0.9610806,0.9574208,0.9465172,0.95760155,0.96360886,0.9462259,0.9645407,0.7607792,0.9546085,0.9651239,0.94133484,0.9336362,0.9149124,0.953702,0.9660049,0.95371836,0.95872027,0.95420605,0.9595141,0.9506863,0.9599404,0.951321,0.9618304,0.96223295,0.9600236,0.9595831,0.9565443,0.9645407,0.94896877,0.95681,0.95281297,0.9652018,0.96393037,0.9611559,0.9465272,0.96500885,0.95014447,0.96681917,0.96179664,0.9605648,0.9638777,0.9647361,0.9691463,0.961139,0.95302635,0.9569696,0.9690641,0.8899579,0.9593809,0.92079645,0.9528622,0.9592618,0.9649714,0.95042294,0.9648556,0.95758617,0.95259875,0.9548572,0.9520128,0.9488583,0.956957,0.95283544,0.96138513,0.9588174,0.9571925,0.9282827,0.9567427,0.94184,0.9545506,0.95350605,0.9595815,0.9551543,0.95530754,0.9561699,0.9614662,0.95157576,0.98034996,0.9636308,0.9573816,0.96148527,0.95873874,0.947026,0.944328,0.9449864,0.954446,0.94785464,0.9547499,0.95680964,0.9613344,0.9390275,0.95452404,0.9632878,0.9543569,0.95364004,0.95914716,0.95457786,0.98034996,0.95568717,0.9589544,0.9571927,0.9615119
apollo11movie,0.95700276,0.96190006,0.95757157,0.95207226,0.9618965,0.9553906,0.9655111,0.96238816,0.98019135,0.9574363,0.96197325,0.94492304,0.9588155,0.96288633,0.99999934,0.9554375,0.9607727,0.9621494,0.9616254,0.97358006,0.961293,0.9482509,0.9584615,0.96971613,0.959191,0.86974335,0.9603476,0.96317196,0.95724666,0.9435513,0.9641751,0.9601717,0.9469051,0.9382968,0.94701886,0.9366154,0.9619837,0.94991523,0.9618907,0.96135324,0.9608572,0.95944107,0.9419907,0.9501469,0.96693856,0.9598744,0.96397775,0.95969194,0.9603378,0.95777,0.9624282,0.9691874,0.9544345,0.9603526,0.9480426,0.9626316,0.95252144,0.9653766,0.96081346,0.95504314,0.9514757,0.96194303,0.9653671,0.96744174,0.9630596,0.9566782,0.9467155,0.95333135,0.96035695,0.94337887,0.9575968,0.7486455,0.94974256,0.96447796,0.9416064,0.94421935,0.9068748,0.960037,0.9607672,0.9504846,0.9530808,0.9521978,0.9621979,0.95429224,0.9577582,0.95774835,0.9483555,0.9608853,0.95806926,0.9568394,0.95636034,0.9575968,0.9447022,0.956217,0.95242244,0.97976494,0.96555495,0.95891106,0.95025086,0.9522111,0.9507938,0.9619717,0.94117284,0.9568315,0.955725,0.9625715,0.96531093,0.9590208,0.947861,0.9448928,0.9657962,0.8852563,0.9608697,0.9080051,0.95420736,0.9624288,0.9644134,0.957536,0.9658986,0.9577555,0.959676,0.95662045,0.95914114,0.95622015,0.9627895,0.95362616,0.96051586,0.9627316,0.9658422,0.93815917,0.95373666,0.953985,0.9639797,0.9401513,0.9587219,0.94753593,0.95520663,0.9634152,0.9572735,0.947195,0.98019135,0.9580337,0.955606,0.9635273,0.9614816,0.96097255,0.9545658,0.9483631,0.9624493,0.9547342,0.9608065,0.9572165,0.9608657,0.93209106,0.94829106,0.95741606,0.9602882,0.95466775,0.9545115,0.9553926,0.98019135,0.9551284,0.96252704,0.96487707,0.95414364
arcticdogsmovie,0.9602636,0.9590912,0.9699239,0.9473857,0.96035975,0.9556679,0.96597886,0.9631622,0.9770541,0.94646496,0.9620121,0.9542862,0.9594121,0.956629,0.9554375,1.0000001,0.9547782,0.95622593,0.95697457,0.95531744,0.9607927,0.949743,0.9505597,0.9687178,0.9546387,0.89119196,0.96026355,0.9509424,0.9600815,0.9495496,0.9617316,0.9593515,0.94322836,0.9545453,0.9470719,0.9384874,0.96516615,0.9602003,0.9552009,0.96140456,0.9560715,0.95738935,0.9477137,0.9496064,0.9573728,0.9534636,0.95245785,0.9501124,0.9580853,0.95640004,0.9629712,0.96810365,0.9434939,0.95164907,0.94715494,0.9632104,0.95427334,0.9672001,0.95946765,0.9603032,0.94980735,0.94811505,0.95584047,0.9566717,0.9621827,0.96258545,0.949523,0.9631165,0.9586116,0.9478092,0.96391326,0.77715963,0.9597416,0.96139646,0.93793756,0.9324998,0.9046776,0.95905906,0.9601209,0.9554098,0.9577523,0.957034,0.96003926,0.9451952,0.95540285,0.9473971,0.9550964,0.96038276,0.95287365,0.9639671,0.9546136,0.96391326,0.9489149,0.9504817,0.9503589,0.95483154,0.96104306,0.9556551,0.95341665,0.9514758,0.9562366,0.9590644,0.94651634,0.958985,0.952014,0.9641405,0.96379477,0.96489584,0.9630149,0.95348346,0.96115184,0.88448346,0.9599967,0.92809594,0.9573638,0.95628595,0.96426415,0.94237286,0.9702439,0.96098405,0.9598067,0.95324975,0.9567018,0.9545028,0.9589316,0.95815563,0.96688676,0.95168287,0.95770913,0.93681115,0.9585178,0.9558921,0.9537307,0.9540033,0.95622796,0.94564843,0.9555474,0.95261467,0.96542144,0.95573467,0.9770541,0.952764,0.9522941,0.95998645,0.96067905,0.95357573,0.9519399,0.95047337,0.9560461,0.957194,0.9570926,0.9611982,0.96419704,0.9284474,0.9549801,0.95789516,0.9522705,0.9568983,0.9522913,0.95439905,0.9770541,0.95555276,0.95865625,0.9561843,0.95924616
arcticmovie,0.9550735,0.9575545,0.952948,0.9481429,0.96237,0.944412,0.9655829,0.9581318,0.9755545,0.95319575,0.95283836,0.9316122,0.9496993,0.9553808,0.9607727,0.9547782,1.0000001,0.9583848,0.95443547,0.9468528,0.9542061,0.94707954,0.94236463,0.971178,0.9594098,0.8687646,0.9549796,0.96808124,0.9534935,0.9520492,0.9591313,0.96336627,0.9382579,0.94277865,0.9419029,0.9266828,0.956807,0.9561869,0.9600827,0.9612851,0.95218885,0.9528198,0.93806064,0.95656395,0.95908606,0.95549756,0.9486136,0.9494107,0.95060694,0.95509356,0.9552037,0.96311164,0.94989854,0.9514993,0.94280577,0.95461524,0.9533248,0.9553719,0.9494276,0.9466524,0.9506317,0.96162987,0.95692664,0.9533532,0.9494043,0.9536137,0.9408546,0.95311874,0.95923257,0.9423826,0.9550007,0.7566692,0.94358265,0.96046,0.93319464,0.9485126,0.897467,0.95258695,0.9560197,0.9521341,0.9524008,0.95348805,0.9553501,0.9401049,0.94798243,0.9519351,0.9463971,0.95646065,0.9442502,0.95923907,0.9595353,0.9550007,0.9517722,0.9470435,0.94494224,0.9600651,0.9615125,0.9510006,0.95090413,0.94220144,0.94708216,0.95983684,0.94481975,0.95354164,0.94684285,0.95735675,0.95772326,0.95228,0.9412497,0.9463833,0.9599334,0.8685909,0.96063846,0.9139724,0.94956106,0.9645266,0.9623369,0.9418211,0.9627846,0.9615699,0.94942796,0.9552441,0.9541378,0.94881195,0.96688014,0.9473367,0.95034826,0.9495986,0.95675975,0.9261086,0.9564975,0.9451047,0.97903806,0.963828,0.95836234,0.9523858,0.9451968,0.9491597,0.9498599,0.9522941,0.9755545,0.95549566,0.95289135,0.9541918,0.95233613,0.9565298,0.95535576,0.94476056,0.95421904,0.9537204,0.9602498,0.9415913,0.9550311,0.93373513,0.9473855,0.9537747,0.94403964,0.9541486,0.949353,0.95530176,0.9755545,0.9456548,0.96018565,0.9484503,0.9506532
artofracingmovie,0.9601498,0.96126163,0.9560733,0.9503164,0.97498184,0.9512439,0.9668826,0.9633473,0.9798135,0.9594066,0.9599463,0.9495189,0.9557667,0.9600522,0.9621494,0.95622593,0.9583848,0.9999995,0.95706403,0.9569108,0.95934826,0.94842297,0.9604342,0.9649468,0.96097404,0.8657578,0.96151084,0.96374124,0.9560326,0.95614314,0.9601436,0.9633377,0.94997704,0.9466695,0.94135356,0.9295635,0.9656182,0.9549318,0.9578395,0.95992357,0.9555917,0.95617074,0.9476791,0.9576334,0.95809674,0.9579331,0.9580552,0.9495924,0.9496206,0.96205294,0.9603766,0.96239936,0.9602939,0.9509603,0.94651985,0.9738554,0.95421314,0.9587157,0.96425873,0.9581143,0.9573517,0.95671695,0.96204436,0.95300937,0.95404786,0.94830465,0.94433755,0.95524204,0.9622693,0.95115364,0.9628223,0.7610328,0.9510148,0.9647344,0.93979454,0.93575925,0.91371673,0.9531206,0.95903605,0.94699067,0.9586176,0.9589141,0.9574547,0.95920086,0.96035373,0.9507472,0.9531927,0.9648244,0.9565661,0.9650615,0.9530815,0.9628223,0.95126486,0.9545729,0.9568181,0.9610961,0.97034115,0.95863235,0.9482549,0.95407134,0.9515123,0.9589385,0.9480686,0.959339,0.95218647,0.95779043,0.96103895,0.95757157,0.94686645,0.9486656,0.96772534,0.8908548,0.96023875,0.917393,0.9524111,0.9620758,0.9681859,0.9584019,0.9655419,0.9602865,0.9561167,0.96069795,0.9511812,0.9509697,0.96303743,0.9552655,0.9616163,0.95491123,0.9642423,0.9394056,0.9637833,0.9615386,0.95987,0.9478,0.95155406,0.9539234,0.95681846,0.950894,0.95678395,0.96258134,0.9798135,0.9608876,0.9523396,0.96212566,0.96122795,0.9420614,0.9543635,0.9458025,0.95319515,0.955792,0.9608339,0.9570903,0.9587508,0.932782,0.9534434,0.96396935,0.95571417,0.9595012,0.9605658,0.955719,0.9798135,0.9509053,0.9638947,0.9602387,0.96057945
avengers,0.9698395,0.9596874,0.9601686,0.9481573,0.96421254,0.9525948,0.96129775,0.9521613,0.97682387,0.95233715,0.96209097,0.9448564,0.95141155,0.95300686,0.9616254,0.95697457,0.95443547,0.95706403,1.0000006,0.96032554,0.950985,0.9500633,0.95793796,0.9607664,0.9553149,0.8791526,0.959653,0.9566554,0.95949906,0.937533,0.9802465,0.95052135,0.9521566,0.94831115,0.94924426,0.93521106,0.96265084,0.9527624,0.95944124,0.95303357,0.9589149,0.95722294,0.9442417,0.9491015,0.9531393,0.9524974,0.9582814,0.94968355,0.9521137,0.95917326,0.9631531,0.9578862,0.9430653,0.9511389,0.94365644,0.95672035,0.9446751,0.95771825,0.95195067,0.95025665,0.9465573,0.9519012,0.9523122,0.9572157,0.95522577,0.9569088,0.94363886,0.94209284,0.95874095,0.9416729,0.95541596,0.76596487,0.9482082,0.95453686,0.9449138,0.9348705,0.90921015,0.9563981,0.9484093,0.9524129,0.9565774,0.9502287,0.96041214,0.95567065,0.95326304,0.94991755,0.9463816,0.95549077,0.9573046,0.9620432,0.9568051,0.95541596,0.9493718,0.9554245,0.95756435,0.9599796,0.9640788,0.95613503,0.9479646,0.9513455,0.94724494,0.95611376,0.94463855,0.9555572,0.9481779,0.96468675,0.9619546,0.9559211,0.94245815,0.9434051,0.961703,0.9125677,0.9497517,0.93500394,0.95307523,0.9627036,0.9627945,0.9580123,0.96502274,0.9553779,0.964109,0.95124817,0.95683914,0.9552535,0.954472,0.9503645,0.955726,0.9685221,0.96150184,0.9565824,0.9505183,0.94455874,0.95437163,0.9460661,0.9477412,0.94592977,0.95281345,0.9507176,0.95081306,0.95357007,0.97682387,0.9602081,0.9562751,0.95603305,0.95238817,0.94294786,0.94741696,0.95082384,0.95305204,0.95681095,0.9634234,0.95485747,0.9605768,0.9471388,0.95057327,0.95310175,0.9539201,0.9486117,0.9501594,0.9493283,0.97682387,0.9613073,0.9612829,0.95942616,0.9543698
beachbummovie,0.95627755,0.9544702,0.9571484,0.9476546,0.95995176,0.95832896,0.95478225,0.95394915,0.97602284,0.9545628,0.96358794,0.94336414,0.95610905,0.95790714,0.97358006,0.95531744,0.9468528,0.9569108,0.96032554,1.0,0.95165855,0.95879203,0.9557197,0.96177137,0.95227385,0.8849341,0.949854,0.95331573,0.9599605,0.9481115,0.9623458,0.9542899,0.9443102,0.946334,0.94866914,0.9419044,0.9593716,0.9521717,0.95243704,0.95078987,0.9531297,0.95935637,0.94357353,0.9449442,0.9630163,0.96033853,0.96013534,0.94659674,0.9513572,0.955599,0.96016926,0.9575713,0.9508532,0.96131265,0.94071734,0.9560739,0.95068455,0.9617533,0.95727587,0.9506181,0.948116,0.94609326,0.9590099,0.95993894,0.9518964,0.9584961,0.9428064,0.9505524,0.9555787,0.9460683,0.95418537,0.76324147,0.94534856,0.9578893,0.94327205,0.9320076,0.9094602,0.95776856,0.9471744,0.9437856,0.95360994,0.94392604,0.95465213,0.95141864,0.9537856,0.9499911,0.9501721,0.9542792,0.9520003,0.9558973,0.95472336,0.95418537,0.944007,0.95564383,0.95048404,0.971115,0.9614772,0.9641984,0.94313866,0.95315534,0.94654274,0.9587932,0.9438308,0.95223546,0.9504843,0.9634102,0.96280324,0.9539579,0.9477567,0.9452667,0.9591457,0.89932096,0.96001154,0.9218918,0.94819593,0.95854497,0.95848036,0.9558783,0.9612065,0.9476424,0.95560217,0.9462967,0.9556088,0.9586774,0.94846904,0.9584386,0.9578817,0.9590899,0.96303505,0.938282,0.94910556,0.9514732,0.95314854,0.93024814,0.9534837,0.95171124,0.95139897,0.95440817,0.9577224,0.9452961,0.97602284,0.95888895,0.9515523,0.96031207,0.95685595,0.9452615,0.94898206,0.9460358,0.954398,0.9531306,0.9530053,0.9552501,0.9566199,0.924548,0.9432171,0.957042,0.95522624,0.95313555,0.9570418,0.95197076,0.97602284,0.9560655,0.9560374,0.9620604,0.9522407
bernadettefilm,0.95653385,0.96057105,0.9598664,0.954637,0.96375525,0.9551257,0.96993893,0.95957446,0.9789102,0.9507404,0.9608542,0.95075876,0.95579946,0.96145725,0.961293,0.9607927,0.9542061,0.95934826,0.950985,0.95165855,1.0,0.9517306,0.95879465,0.97124296,0.9576318,0.89580774,0.9583243,0.95082206,0.9579847,0.9485003,0.95907736,0.9561492,0.94677126,0.946986,0.9336293,0.936463,0.96249855,0.95171183,0.9615039,0.9616708,0.95342433,0.9558939,0.9510041,0.95450705,0.9593863,0.96294075,0.95805806,0.9512646,0.95479184,0.9588967,0.9615892,0.9591408,0.9529922,0.9578741,0.9489669,0.9634268,0.9539089,0.9657152,0.9600976,0.95900506,0.95077395,0.9524039,0.9662798,0.9588671,0.95372266,0.95385504,0.9464331,0.9513726,0.9621324,0.95615286,0.9607324,0.7787309,0.9520382,0.9649184,0.94892544,0.94318306,0.9117131,0.95134705,0.9613012,0.9484079,0.9567283,0.9632835,0.9589225,0.94701433,0.9545267,0.9614768,0.9503409,0.96244365,0.9589028,0.9604148,0.96114045,0.9607324,0.95421135,0.9605442,0.95922536,0.9593045,0.9642779,0.9568975,0.95527756,0.9526211,0.95689875,0.9623131,0.95106393,0.9643584,0.9555542,0.9597735,0.96083844,0.9550393,0.9465512,0.94449854,0.95955825,0.8866737,0.9607259,0.9230371,0.97011846,0.95765144,0.966075,0.94976723,0.9633984,0.96541375,0.95932955,0.9598285,0.959558,0.9548543,0.95473987,0.96138287,0.9620019,0.9513855,0.9577304,0.9330365,0.9744991,0.95722544,0.9513787,0.9461905,0.9579744,0.948593,0.95743144,0.9448217,0.9569376,0.95678884,0.9789102,0.95846075,0.956571,0.9589358,0.9623257,0.95045465,0.9528527,0.9372984,0.9524584,0.95860887,0.96855026,0.955869,0.9609648,0.9356321,0.9509409,0.95738006,0.95227885,0.9520422,0.95619744,0.95120025,0.9789102,0.9536058,0.9600513,0.9614211,0.9563722
