movie,21bridgesmovie,47metersdown,abeautifuldaymovie,abominablemovie,adastramovie,adogsjourneymovie,aftermathmovie,aftermovie,ahiddenlifefilm,alitamovie,angelhasfallen,angrybirdsmovie,annabellemovie,annamovie,apollo11movie,arcticdogsmovie,arcticmovie,artofracingmovie,avengers,beachbummovie,bernadettefilm,blackandbluemovie,blackchristmas,blindedbythelightmovie,bombshellmovie,booksmart,breakthroughmovie,brianbanksmovie,brightburnmovie,brittanyrunsmov,captainmarvelofficial,captivestatemovie,catsmovie,charliesangels,childsplaymovie,clarathefilm,coldpursuitmovie,countdown,currentwarmovie,darkwatersmovie,detectivepikachumovie,disneyaladdin,disneyfrozen,disneymaleficent,doctorsleepmovie,dolemiteismyname,dontletgomovie,doramovie,downtonabbey_official,dumbo,escaperoom,everybodyknowsmovie,fastandfuriousmovie,fightingwmyfam,fivefeetapartfilm,fordvferrari,freaksthefilm,geminimanmovie,glassmovie,gloriabellmovie,godzillamovie,goldfinchmovie,goodboysmovie,goodliarmovie,gretafilm,halathemovie,happydeathdaymovie,harrietfilm,hellboymovie,hersmellmovie,highlifemovie,highstrungmovie,honeyboymovie,hotelmumbaifilm,httydragon,hustlemovie,hustlersmovie,isntitromantic,itmovieofficial,jayandsilentbob,johnwickmovie,jojorabbitmovie,jokermovie,judythefilm,jumanjimovie,justmercyfilm,knivesout,lalloronamovie,lastblackmansf,lastchristmasthemovie,latenightmovie,lighthousemovie,lionking,littlethemovie,littlewomenmovie,littlewoodsfilm,longshotmovie,lordsofchaosmovie,lucyintheskyfilm,mamovie2019,marriagestory,meettheaddams,meninblack,midsommarmovie,midwaymovie,missbalamovie,missinglinkfilm,motherlessbklyn,onceinhollywood,onthebasisofsex,overcomermovie,peanutbutterfalcon,petsematarymovie,piercingmovie,playingwithfire,playmobilthemovie,pomsmovie,queenandslim,rambomovie,readyornotfilm,richardjewellfilm,rocketmanmovie,scarystoriesmovie,secretlifeofpets,serenityfilm,shaftmovie,shazammovie,spidermanmovie,spiesindisguise,starwars,stormboymovie,stubermovie,taosdfilm,teenspiritmov,terminator,theaeronautsmov,thebestofenemies,thedeaddontdie,thefarewell,thehighwaymen,thehummingbirdprojectfilm,theintrudermovie,theirishmanfilm,thekitchenmovie,thelegomovie,themustangfilm,thenightingalefilm,theprodigymovie,thesunisalsoastar,theupsidefilm,tolkienmovie,toystory,triplefrontier,uglydolls,uncutgems,underthesilverlake,usmovie,wavesmovie,whatmenwant,wonderparkmovie,wrinklestheclown,xmenmovies,yardiefilm,yesterdaymovie,zombieland
21bridgesmovie,1.0000001,0.95867115,0.9470597,0.95690066,0.95828086,0.9535063,0.9570006,0.9569919,0.97956735,0.9538839,0.96044743,0.9444515,0.9591022,0.9653456,0.9631726,0.9556699,0.95803034,0.95898616,0.9695964,0.9520311,0.96670276,0.9502593,0.95850605,0.9566405,0.94833976,0.9149658,0.95977634,0.9513336,0.9550763,0.94567287,0.9560544,0.95686823,0.95339584,0.95174843,0.94491786,0.9334783,0.9580671,0.96626574,0.9574456,0.95185274,0.9545195,0.96494997,0.94944257,0.95057225,0.9576098,0.9579068,0.95395654,0.9503959,0.9618546,0.9597555,0.9542181,0.9619126,0.9521926,0.9613808,0.94450474,0.95591766,0.9527397,0.9559917,0.9570304,0.9650024,0.9559242,0.9540556,0.957043,0.9656288,0.9513278,0.95809495,0.9498592,0.95675546,0.94991845,0.95301807,0.9629018,0.8797971,0.942829,0.9616717,0.9469562,0.94739145,0.9442206,0.9504361,0.9591127,0.9540511,0.958085,0.96148044,0.95894367,0.9473673,0.95316154,0.9573538,0.93999463,0.9598957,0.95593834,0.9609897,0.9476437,0.9629018,0.95587575,0.9451945,0.9529682,0.9610626,0.949155,0.9569088,0.9501689,0.9493591,0.953951,0.9566715,0.9463964,0.95875704,0.9492686,0.9542698,0.95924413,0.96060294,0.9416087,0.9580378,0.9565608,0.9012627,0.95439166,0.9362957,0.9524383,0.9698476,0.9864288,0.9491534,0.96460485,0.94807214,0.95828825,0.9487589,0.9580403,0.9489827,0.9597182,0.95483524,0.9597189,0.9559722,0.95567423,0.93416035,0.95924366,0.953061,0.9552996,0.94475543,0.94719774,0.9485189,0.9686941,0.9545803,0.9592292,0.951818,0.97956735,0.96103394,0.9604818,0.95809364,0.9526006,0.9596156,0.95865726,0.9524348,0.9516302,0.9629987,0.9548503,0.9500013,0.9630585,0.9548196,0.9489731,0.95211416,0.9557676,0.9507785,0.9428093,0.94790244,0.97956735,0.95132387,0.96182644,0.9578856,0.95147663
47metersdown,0.95867115,0.99999994,0.94519854,0.9461176,0.95461464,0.94350857,0.9623075,0.9498603,0.97406477,0.9566817,0.9551074,0.9418068,0.95213646,0.9612029,0.9567756,0.96451277,0.95434064,0.95117676,0.95513004,0.94978505,0.9590358,0.95570874,0.9509289,0.95189935,0.9542684,0.91475606,0.9548792,0.95091534,0.94711775,0.94602317,0.95344096,0.9548728,0.9462651,0.93909055,0.9522992,0.9310675,0.95721,0.94866204,0.9569209,0.94782555,0.95014334,0.9537581,0.9461985,0.95313144,0.95376486,0.95535827,0.9512029,0.95110273,0.95480126,0.9561581,0.95138896,0.95823705,0.9524011,0.9481424,0.9405549,0.9529381,0.941418,0.9487311,0.94579,0.9611026,0.95033056,0.948015,0.9451419,0.95564294,0.95228255,0.9563464,0.94309765,0.9540325,0.9504504,0.94733304,0.9617831,0.88553774,0.9418237,0.95446855,0.94852406,0.94088095,0.9367429,0.94049376,0.9443965,0.9522195,0.9503791,0.9572814,0.953395,0.95667547,0.95401496,0.9455436,0.92808276,0.95491636,0.95524496,0.957035,0.9478415,0.9617831,0.95358443,0.94429463,0.9576366,0.95497614,0.9449943,0.94979197,0.9519854,0.9432692,0.9579258,0.9552412,0.9411804,0.95288086,0.9653096,0.94963807,0.9622358,0.95365024,0.9440242,0.9550123,0.9561278,0.91484064,0.95109576,0.9357294,0.9591225,0.9495454,0.9560544,0.95172715,0.95904434,0.95641685,0.9523124,0.95358753,0.95237327,0.938877,0.95415545,0.94703096,0.95057,0.9466841,0.95064825,0.936287,0.95484877,0.95744985,0.95137095,0.9451438,0.94467115,0.9485437,0.9518097,0.9587248,0.96174055,0.9517549,0.97406477,0.95278066,0.95189375,0.9511539,0.9461067,0.95123476,0.94869596,0.9490466,0.94594175,0.94767714,0.9545132,0.9491649,0.95525134,0.9485194,0.9463489,0.95203626,0.9504564,0.9462581,0.94170755,0.95566875,0.97406477,0.94344175,0.9558341,0.95464087,0.9523124
abeautifuldaymovie,0.9470597,0.94519854,1.0000001,0.9515843,0.95074666,0.9363166,0.9566566,0.95155877,0.9741207,0.9443174,0.9486882,0.9578453,0.9567727,0.94937855,0.9553996,0.95554763,0.94399804,0.95159376,0.9534199,0.9495712,0.9529529,0.9580016,0.95336086,0.9563675,0.94523346,0.91866666,0.9453439,0.9381288,0.97302425,0.95174295,0.959568,0.95360065,0.9527225,0.9525257,0.94674563,0.93080926,0.9571154,0.9507083,0.9522209,0.93908775,0.9365283,0.9564158,0.9468037,0.9557323,0.9525877,0.93920815,0.95015407,0.9502461,0.9541924,0.95271534,0.9733395,0.9553613,0.94564223,0.94897014,0.93486047,0.9513713,0.9490109,0.94572335,0.95344204,0.94999975,0.9539688,0.95174074,0.9539605,0.9473929,0.9489683,0.95259005,0.9451033,0.9429334,0.9402177,0.9482048,0.954603,0.8795165,0.9499764,0.9471803,0.94892836,0.9366996,0.9236657,0.9498355,0.943311,0.94732505,0.9377228,0.9531042,0.94800997,0.94925135,0.96676236,0.9471303,0.94881475,0.9544305,0.9469495,0.9535117,0.9450548,0.954603,0.95098954,0.9460231,0.9689564,0.9595664,0.9531514,0.95643747,0.94958425,0.9445485,0.9432454,0.9496162,0.95722514,0.9498838,0.9371748,0.9698621,0.9550639,0.9478397,0.95265657,0.9460153,0.95740974,0.9251295,0.9473041,0.9399574,0.94899243,0.94892085,0.94839555,0.9414825,0.9607694,0.94703805,0.9431763,0.9473373,0.9549907,0.93386745,0.95507663,0.9583683,0.9484876,0.9625733,0.9567245,0.935508,0.95067126,0.9485789,0.95238614,0.953207,0.9426175,0.95502377,0.9408382,0.9513491,0.95752513,0.9422131,0.9741207,0.95979726,0.9515267,0.9430104,0.940299,0.95298636,0.9432523,0.94583255,0.9416274,0.95150095,0.950445,0.96733034,0.9409341,0.932309,0.94725573,0.9551786,0.9524219,0.9434162,0.9357545,0.9372684,0.9741207,0.93675506,0.9573788,0.9545735,0.9630128
abominablemovie,0.95690066,0.9461176,0.9515843,0.9999996,0.9523517,0.9481124,0.9486268,0.9527492,0.97082275,0.9518417,0.95357513,0.94053763,0.95652807,0.9482992,0.9525848,0.952858,0.9428257,0.949448,0.94892234,0.9429458,0.9459338,0.9470227,0.9601329,0.9562157,0.937156,0.90872186,0.94728327,0.941627,0.9524419,0.94304305,0.95634514,0.94564414,0.95422435,0.9412787,0.94871974,0.9293721,0.9527993,0.95157534,0.9527601,0.94602805,0.94959843,0.95650476,0.9423055,0.95379215,0.94768256,0.9384215,0.95438606,0.94944257,0.9529087,0.9557844,0.95179003,0.9522051,0.9445379,0.95300543,0.9437887,0.9497939,0.9452499,0.94738895,0.9638327,0.94767064,0.9475156,0.95956475,0.94823205,0.9525809,0.947247,0.9472183,0.9514945,0.94527143,0.9421968,0.9331181,0.95519537,0.8827656,0.95102704,0.95008343,0.9584995,0.9401039,0.9227875,0.94256866,0.95265245,0.94502103,0.9421761,0.9525229,0.94721967,0.9486807,0.9505712,0.94681066,0.93266356,0.9549035,0.9414791,0.95806617,0.9496828,0.95519537,0.94751334,0.9419006,0.9514049,0.95598376,0.93879324,0.94419736,0.9384762,0.93890107,0.9407358,0.9447258,0.9423085,0.9488518,0.941382,0.95062786,0.961224,0.9464015,0.9359947,0.94306564,0.9547494,0.90956277,0.9521622,0.93473154,0.94358,0.9513385,0.95491326,0.94170284,0.9546081,0.93878144,0.95281094,0.94503963,0.94797397,0.9384878,0.9611986,0.95037174,0.95459896,0.95245296,0.9522778,0.9323793,0.94979775,0.95059365,0.9495528,0.9426116,0.9475554,0.94714636,0.93829626,0.94517696,0.9530483,0.9385157,0.97082275,0.9535811,0.9497984,0.9427396,0.94264406,0.9490705,0.9394216,0.94624484,0.94512457,0.9468735,0.9527562,0.94585073,0.94715065,0.94326603,0.94196004,0.9501395,0.95473033,0.94244313,0.9329708,0.9437283,0.97082275,0.9399734,0.9501028,0.9608906,0.94629234
adastramovie,0.95828086,0.95461464,0.95074666,0.9523517,1.0,0.9536386,0.96137464,0.96085423,0.9768173,0.95930696,0.95117354,0.9427169,0.95586854,0.9511305,0.9537441,0.9608382,0.949703,0.96860504,0.94913274,0.95030725,0.9538454,0.9525232,0.95722044,0.9594172,0.9484957,0.9101412,0.95722085,0.9503841,0.9542762,0.9446928,0.95549846,0.9582877,0.9512202,0.94603497,0.94275385,0.9326947,0.965265,0.95275575,0.96172106,0.955363,0.9526147,0.96159667,0.9500134,0.95513546,0.9572411,0.9550514,0.954044,0.9586123,0.96181875,0.9586053,0.9520703,0.9633924,0.9534048,0.9564426,0.94068456,0.9679122,0.94781005,0.9580666,0.953906,0.9637003,0.95229733,0.9531632,0.9557216,0.95215243,0.9580877,0.9510081,0.9490244,0.9579411,0.9461858,0.9499683,0.9615135,0.883507,0.9466374,0.9581176,0.9510346,0.94059926,0.9318724,0.9537322,0.95489484,0.95356596,0.94692135,0.961422,0.9549306,0.9525962,0.95459545,0.94858664,0.9392659,0.95413923,0.94647306,0.95934075,0.9457034,0.9615135,0.95341086,0.9390615,0.9584733,0.9508984,0.9409932,0.9562324,0.9521164,0.9491549,0.95964557,0.95231307,0.95060176,0.9594768,0.95028275,0.95207936,0.9585814,0.9541503,0.948817,0.959226,0.9582664,0.9326712,0.9522868,0.94511616,0.95220023,0.95511055,0.96266484,0.9450849,0.9650859,0.95572376,0.9516901,0.9579141,0.95479673,0.9497599,0.957448,0.95486945,0.9563113,0.94288146,0.9679239,0.94290334,0.9547984,0.9635202,0.9602435,0.9491477,0.94725,0.94983524,0.95642984,0.95718974,0.96054345,0.9539401,0.9768173,0.9554258,0.95630527,0.95691997,0.9475621,0.9609278,0.9540282,0.94740474,0.9490983,0.95871294,0.95845777,0.9521739,0.95308304,0.94331163,0.9514839,0.96268547,0.953106,0.9467735,0.944524,0.9476457,0.9768173,0.9509509,0.96166575,0.9600542,0.9485074
adogsjourneymovie,0.9535063,0.94350857,0.9363166,0.9481124,0.9536386,0.9999995,0.94695055,0.94602925,0.9686434,0.94489646,0.95229036,0.94199955,0.9439974,0.9420391,0.94798493,0.95314217,0.94665945,0.94352365,0.9443795,0.9338395,0.9449607,0.95030814,0.9534665,0.9533911,0.9441933,0.91116697,0.9435652,0.94235855,0.9531144,0.92976207,0.94619,0.9531909,0.9498756,0.95002913,0.93768215,0.926618,0.95525086,0.9493771,0.9468064,0.9376597,0.9442148,0.9528418,0.9419184,0.93963397,0.93698484,0.9398642,0.9548371,0.95192295,0.9464605,0.946994,0.9485813,0.9539835,0.9357606,0.9488663,0.9359131,0.9421285,0.9359151,0.9583822,0.9464806,0.9474555,0.94575816,0.9479583,0.9396187,0.9465977,0.9485785,0.94775313,0.9383288,0.9449469,0.94107467,0.9344168,0.9530659,0.88104695,0.93253964,0.9386114,0.93900365,0.9303359,0.9262124,0.94428664,0.9462942,0.9444387,0.94119066,0.9445724,0.9539716,0.9424957,0.9499367,0.93710315,0.9231709,0.9434592,0.94113076,0.94805735,0.94446516,0.9530659,0.95087373,0.93800795,0.9495397,0.950435,0.93678725,0.94139266,0.94059646,0.945664,0.9426407,0.95125145,0.9446517,0.94593334,0.9470281,0.9466373,0.95220876,0.9503773,0.93654174,0.94284886,0.9371861,0.9052269,0.94418526,0.9251008,0.9433087,0.94893056,0.9522171,0.94481945,0.9501097,0.9339495,0.94209045,0.9486916,0.94409144,0.9686455,0.9441173,0.94767666,0.95387495,0.9492734,0.94684654,0.9367551,0.94084114,0.9523059,0.94822246,0.9322837,0.94350344,0.9320987,0.9385876,0.9490457,0.9503721,0.940224,0.9686434,0.95764977,0.94891214,0.9371857,0.9516343,0.9505593,0.9406156,0.9414858,0.9379376,0.9452724,0.94765866,0.93199676,0.9396508,0.9373548,0.9492226,0.9469424,0.9548631,0.944725,0.93363947,0.93439674,0.9686434,0.94835955,0.947529,0.9595962,0.9421679
aftermathmovie,0.9570006,0.9623075,0.9566566,0.9486268,0.96137464,0.94695055,0.99999994,0.9568357,0.9790281,0.95486104,0.9580794,0.9422004,0.95513886,0.95714587,0.9645159,0.96039385,0.9532541,0.9642062,0.9587753,0.95238495,0.95524544,0.957609,0.9593815,0.9609865,0.9485038,0.92300874,0.9596821,0.94871306,0.9605276,0.9514143,0.96061844,0.96126455,0.94935006,0.94036883,0.94744855,0.93458956,0.9585494,0.95112276,0.9607954,0.95559764,0.9525212,0.9565199,0.94401664,0.96023,0.961374,0.9607536,0.956175,0.95301616,0.95954007,0.9564504,0.95417786,0.96145236,0.9572704,0.95133835,0.93902713,0.95717794,0.9513444,0.95662844,0.9616238,0.96564543,0.9590175,0.9588274,0.9596761,0.95913327,0.958723,0.95885414,0.950622,0.9521396,0.94889295,0.95705116,0.9681804,0.8772099,0.94834554,0.9597307,0.9561072,0.942644,0.93165505,0.95252335,0.9545193,0.9575924,0.9508507,0.97121394,0.9556979,0.9607778,0.95941645,0.9513545,0.9456142,0.9591817,0.9572706,0.96219486,0.9558288,0.9681804,0.9576929,0.9490566,0.95769817,0.95860606,0.955729,0.9579555,0.97617793,0.946638,0.95700496,0.9554409,0.95427257,0.96041626,0.9479003,0.95404017,0.9547311,0.952365,0.9489437,0.957864,0.9644073,0.92473644,0.95842934,0.9404608,0.9563466,0.9500332,0.9560307,0.9505064,0.96291226,0.98661613,0.95363235,0.95643836,0.9562333,0.9382763,0.9547312,0.9603233,0.95028657,0.9473022,0.9601728,0.936505,0.9574996,0.95996314,0.9533551,0.95319676,0.94798154,0.95229554,0.9540597,0.9554926,0.96599466,0.95684713,0.9790281,0.9592734,0.9534797,0.95221424,0.9464317,0.95828474,0.9542016,0.9489803,0.9528592,0.9483656,0.98404723,0.9535337,0.9578399,0.94268656,0.95343196,0.9648907,0.95648944,0.95422393,0.94444805,0.94570506,0.9790281,0.94476694,0.95766866,0.95893776,0.9522768
aftermovie,0.9569919,0.9498603,0.95155877,0.9527492,0.96085423,0.94602925,0.9568357,1.0,0.97732747,0.95095617,0.9563789,0.9458272,0.94874084,0.9629799,0.95805866,0.9556876,0.9528575,0.95618236,0.94459593,0.9495953,0.96196127,0.95154935,0.95829433,0.9551647,0.94840497,0.9073522,0.94907606,0.94995546,0.9488817,0.9497194,0.9499021,0.9603016,0.94785273,0.94177717,0.95055693,0.928916,0.95819813,0.9522685,0.9518234,0.9586658,0.95441514,0.9567286,0.95336574,0.9593152,0.94774187,0.95319587,0.9561295,0.9590725,0.9563052,0.9579638,0.95045227,0.96328604,0.95029485,0.9496973,0.95629966,0.9517071,0.9462749,0.95264757,0.95703614,0.9604914,0.9495592,0.9500923,0.9607415,0.9551002,0.9583655,0.95553845,0.95335746,0.956172,0.95428485,0.94861627,0.96212184,0.89193857,0.9495778,0.95955163,0.9564448,0.94220614,0.93423057,0.9532008,0.9547219,0.95281655,0.95069546,0.9525436,0.9534184,0.9574564,0.95880896,0.9506317,0.9356033,0.9530238,0.9480955,0.9620023,0.9508663,0.96212184,0.9621659,0.952967,0.9514283,0.9580555,0.9531814,0.9544272,0.9447928,0.9481872,0.9477587,0.94983464,0.94548,0.95927453,0.9465872,0.94887656,0.9588763,0.9466557,0.93848884,0.95854026,0.9566974,0.9149108,0.9539962,0.94715255,0.94953924,0.95430416,0.9616412,0.9513371,0.9630242,0.951698,0.9560688,0.946328,0.95497304,0.9447073,0.9576446,0.95751405,0.9574461,0.94428045,0.9545724,0.93593365,0.9628316,0.9502127,0.96072686,0.9498436,0.9489753,0.95512617,0.9525038,0.95746624,0.96039724,0.9523463,0.97732747,0.94917256,0.9492185,0.94840425,0.94915724,0.960102,0.9514825,0.9554836,0.9429774,0.96239376,0.9560406,0.95581144,0.95409536,0.94211614,0.9462755,0.95473886,0.952558,0.9555761,0.9557792,0.946905,0.97732747,0.94093996,0.96170753,0.96099,0.9486887
ahiddenlifefilm,0.97956735,0.97406477,0.9741207,0.97082275,0.9768173,0.9686434,0.9790281,0.97732747,0.99999994,0.97376347,0.9775497,0.97063214,0.97559077,0.9802546,0.97833663,0.9766163,0.9698414,0.97610664,0.9727761,0.9686286,0.97616786,0.97405565,0.9775493,0.97802067,0.9701164,0.937423,0.9713662,0.968675,0.9745085,0.9679304,0.9766159,0.97774154,0.9723693,0.9677624,0.9668102,0.95261,0.9809527,0.9760405,0.9758371,0.97148186,0.9695411,0.9804589,0.9685024,0.97822636,0.9745513,0.9736124,0.9751995,0.9759906,0.9776045,0.9797683,0.97461754,0.98088676,0.97221106,0.97423786,0.9624178,0.9733967,0.9675644,0.9744816,0.9767602,0.980858,0.9736951,0.97436804,0.9745919,0.9787306,0.97374856,0.9755452,0.9712859,0.9714797,0.9701621,0.97000676,0.9825122,0.9018866,0.96470726,0.9753291,0.9696313,0.95807356,0.95250225,0.968289,0.9739852,0.9719652,0.97116584,0.9757054,0.9769289,0.9717805,0.97657895,0.9701139,0.9615582,0.97666454,0.97184646,0.9802103,0.9714425,0.9825122,0.9787114,0.96664923,0.9780047,0.976861,0.97159004,0.9750104,0.9721452,0.9687935,0.97294575,0.9741695,0.9693407,0.97803,0.9703331,0.9731193,0.9804312,0.97402966,0.96433985,0.97282916,0.97864,0.9308306,0.9769045,0.95946693,0.9760549,0.97322154,0.9815119,0.9699409,0.9831034,0.9708869,0.9732986,0.97395897,0.97550285,0.9640214,0.9762728,0.97797203,0.9761738,0.9695646,0.97591656,0.95776606,0.9773419,0.9745709,0.9746849,0.96702063,0.97031474,0.9707698,0.974682,0.97575444,0.9826724,0.97181284,0.99999994,0.97810066,0.9768443,0.9724725,0.96959937,0.97679603,0.97265804,0.97044843,0.96854925,0.97493535,0.9764593,0.97292715,0.97660017,0.96159977,0.97090983,0.9758151,0.9718148,0.97211045,0.96562874,0.9685155,0.99999994,0.96925396,0.9794745,0.97883016,0.9716917
alitamovie,0.9538839,0.9566817,0.9443174,0.9518417,0.95930696,0.94489646,0.95486104,0.95095617,0.97376347,1.0000005,0.954516,0.942725,0.95833176,0.9589,0.961744,0.9449559,0.9507936,0.9636962,0.94521534,0.9570895,0.9543949,0.95377666,0.95465136,0.95802504,0.94779813,0.90684,0.9523346,0.94891053,0.9507942,0.94512695,0.956124,0.95441306,0.94937986,0.9331525,0.9439405,0.9361123,0.9568048,0.95410097,0.9558341,0.94746155,0.95145154,0.95738196,0.9514602,0.95585483,0.95668983,0.9542594,0.9518964,0.9501054,0.9544643,0.96018153,0.9506041,0.9601282,0.9571821,0.9460025,0.94741964,0.959613,0.94491714,0.9482892,0.9538273,0.9597796,0.95331335,0.9512793,0.9502971,0.9558228,0.9522878,0.9480035,0.9532155,0.9513654,0.9510771,0.9440182,0.95846796,0.88101536,0.94748646,0.95040435,0.9494535,0.9393103,0.9213138,0.945938,0.94818324,0.9474958,0.94780344,0.9487136,0.9556697,0.95126975,0.95088303,0.9500194,0.93791354,0.9525742,0.9492757,0.95981807,0.9531086,0.95846796,0.95607096,0.9395937,0.9524033,0.9558675,0.9451752,0.95129496,0.9528196,0.9451539,0.9521386,0.95810956,0.9457513,0.9483771,0.96753466,0.95117015,0.95786834,0.9434998,0.9367646,0.9496503,0.9590909,0.90974116,0.953995,0.9383717,0.95749104,0.9470431,0.9525313,0.9535432,0.9622444,0.9522312,0.9568447,0.9533634,0.95204,0.9425745,0.95359683,0.9498319,0.9542475,0.95068216,0.95786405,0.93084216,0.95369124,0.95939016,0.9559911,0.9442861,0.9510641,0.9449122,0.94871616,0.9622055,0.9542253,0.958604,0.97376347,0.9552729,0.9496113,0.9513398,0.9458197,0.95378643,0.95151216,0.9518099,0.9427038,0.95063525,0.9528205,0.9489463,0.9583428,0.9408788,0.948748,0.951316,0.952984,0.9479874,0.94234496,0.9506699,0.97376347,0.9540866,0.9583444,0.9580919,0.9481921
angelhasfallen,0.96044743,0.9551074,0.9486882,0.95357513,0.95117354,0.95229036,0.9580794,0.9563789,0.9775497,0.954516,0.99999994,0.94908965,0.9510117,0.95792097,0.96168333,0.96214163,0.95085657,0.9551825,0.95304275,0.94710314,0.95649344,0.9504008,0.96122193,0.9602073,0.9523758,0.9165577,0.95086807,0.9531084,0.9527908,0.95235103,0.9573885,0.96220225,0.9556679,0.9521442,0.94363666,0.9292179,0.9604647,0.95377374,0.9520946,0.9541502,0.95117915,0.9633867,0.94466805,0.9570804,0.9517561,0.9526987,0.95789725,0.9492714,0.95887923,0.96094924,0.9575294,0.962179,0.9561698,0.9507684,0.9450183,0.9442682,0.9473092,0.960258,0.957579,0.9616445,0.95310396,0.9529978,0.95420694,0.954478,0.9539131,0.9638683,0.9493539,0.94931024,0.9675789,0.9451493,0.96692,0.87696123,0.9352435,0.96261895,0.95655465,0.93696296,0.9317321,0.94701445,0.9549791,0.9560955,0.96823215,0.95268303,0.95474046,0.95049363,0.9557598,0.94312775,0.94651365,0.9518668,0.9555119,0.957111,0.9548709,0.96692,0.9628773,0.94698966,0.9546627,0.96987444,0.9676599,0.9529412,0.95254236,0.9518252,0.946924,0.95357066,0.94995475,0.9592903,0.9458513,0.95385545,0.96333265,0.9549656,0.94290406,0.9562401,0.95512414,0.90315074,0.95593506,0.9360389,0.9548403,0.9618506,0.9608387,0.95119894,0.96124125,0.9536057,0.9526584,0.9552321,0.9558349,0.9443581,0.9572977,0.9574906,0.9567274,0.95588714,0.95622385,0.9339567,0.9585217,0.949682,0.9583843,0.9430617,0.9551114,0.9497385,0.9522617,0.95693994,0.9666874,0.94830036,0.9775497,0.958224,0.9540036,0.95160544,0.95030224,0.9553014,0.94916165,0.95139873,0.951887,0.9540697,0.95878816,0.94947577,0.956915,0.9478293,0.9569512,0.9577127,0.94850826,0.95958084,0.95284885,0.9502211,0.9775497,0.95448583,0.956061,0.96362644,0.9498717
angrybirdsmovie,0.9444515,0.9418068,0.9578453,0.94053763,0.9427169,0.94199955,0.9422004,0.9458272,0.97063214,0.942725,0.94908965,0.9999997,0.9456211,0.94860995,0.9510661,0.9548315,0.93799824,0.95092475,0.94064546,0.9453658,0.9453359,0.9566514,0.95234305,0.9537509,0.9439016,0.9117891,0.93722385,0.9310802,0.95642877,0.9483803,0.94644195,0.94298315,0.9493381,0.95285773,0.9403615,0.9321148,0.95608586,0.94603324,0.9521398,0.9360474,0.9282519,0.95295864,0.94966894,0.9485991,0.95538634,0.94300926,0.95042527,0.96088725,0.95004994,0.94948363,0.96308804,0.9528599,0.9423414,0.94691026,0.92652935,0.9424863,0.9377126,0.9537549,0.95143324,0.94400847,0.94235176,0.944897,0.948624,0.94869286,0.94363505,0.9528224,0.94345665,0.9415631,0.93693423,0.9453187,0.95050323,0.8868829,0.9446106,0.93495965,0.94605047,0.9199226,0.9250754,0.932142,0.9458057,0.9492574,0.9388457,0.9401696,0.9461128,0.93992126,0.9623465,0.93927294,0.9405267,0.94800526,0.94256717,0.94909555,0.942769,0.95050323,0.94634926,0.9390797,0.962792,0.9487451,0.9474506,0.94834614,0.93766105,0.94301766,0.9464754,0.9489481,0.9430619,0.9457134,0.93628865,0.95909035,0.9529256,0.95099413,0.93997043,0.9408147,0.94590205,0.90619355,0.95361567,0.93416834,0.95170546,0.9403057,0.950502,0.94476885,0.95658207,0.9355387,0.9447152,0.9505355,0.9474507,0.94112855,0.9482803,0.95518684,0.94596505,0.95065206,0.9539421,0.94117403,0.94704723,0.94532746,0.94547224,0.93947595,0.9497521,0.94661903,0.9443422,0.9507606,0.9609424,0.9466368,0.97063214,0.95511985,0.95653963,0.94716096,0.9502861,0.95126677,0.9441333,0.9356172,0.9400683,0.94766814,0.94423527,0.95108396,0.9464203,0.9380668,0.9481881,0.948324,0.94237894,0.9563443,0.93836355,0.94308805,0.97063214,0.93935,0.949894,0.9475199,0.9553737
annabellemovie,0.9591022,0.95213646,0.9567727,0.95652807,0.95586854,0.9439974,0.95513886,0.94874084,0.97559077,0.95833176,0.9510117,0.9456211,1.0,0.9591826,0.9631529,0.94980204,0.9544972,0.95407087,0.95683736,0.9536542,0.95176095,0.9490145,0.95159394,0.9581578,0.9450958,0.9215969,0.94882655,0.94843256,0.9525173,0.94492346,0.9604971,0.9519675,0.9613514,0.9504163,0.9497129,0.9338557,0.9593936,0.96000373,0.9594675,0.94149435,0.95347244,0.9648997,0.9464299,0.9602338,0.95576495,0.950722,0.94797254,0.9512326,0.9578197,0.9628248,0.9521553,0.95332307,0.9540051,0.9531105,0.9463205,0.950891,0.94464123,0.9457236,0.9587831,0.9631932,0.9644147,0.9561753,0.95601344,0.9653934,0.95211005,0.9498695,0.948822,0.9419451,0.9411806,0.95004755,0.96327746,0.87407964,0.943921,0.95564747,0.9431024,0.94196784,0.9326549,0.9491424,0.9574753,0.95069563,0.94771844,0.96101075,0.96595323,0.9421819,0.960009,0.9461232,0.95056105,0.97936785,0.94503057,0.9590487,0.94557905,0.96327746,0.95523894,0.9494207,0.9541877,0.95948404,0.94604707,0.96255946,0.95149344,0.9441167,0.95386505,0.948651,0.9509824,0.9577776,0.9507469,0.95127916,0.9617732,0.9535734,0.94247246,0.9482257,0.9601989,0.91347915,0.9537558,0.93374187,0.95518583,0.95720434,0.9574187,0.9420005,0.961194,0.95318705,0.9612339,0.94909894,0.9562474,0.93774223,0.95647794,0.9517048,0.96101946,0.9524896,0.95741343,0.93960154,0.9528685,0.95238173,0.95172346,0.945505,0.9431962,0.9486409,0.9500132,0.9471172,0.9569966,0.95270556,0.97559077,0.95505655,0.9569882,0.95614195,0.9474291,0.9552199,0.9546037,0.9527124,0.9518807,0.95292974,0.9526554,0.9490644,0.95798653,0.9391956,0.9536152,0.95676166,0.95018375,0.9505277,0.9372259,0.94460297,0.97559077,0.95099115,0.9602507,0.95609367,0.9522826
annamovie,0.9653456,0.9612029,0.94937855,0.9482992,0.9511305,0.9420391,0.95714587,0.9629799,0.9802546,0.9589,0.95792097,0.94860995,0.9591826,0.9999999,0.969001,0.953458,0.9606181,0.9588143,0.952504,0.9549223,0.9632523,0.95805657,0.961129,0.95445937,0.95175225,0.9134998,0.9571737,0.9456306,0.9511103,0.945324,0.95613813,0.95909846,0.95864123,0.9479679,0.946461,0.93462557,0.9513319,0.9585884,0.950152,0.9527046,0.9499451,0.9629649,0.9569127,0.96317095,0.9549718,0.9586824,0.9603999,0.95414495,0.9576903,0.96155035,0.9512337,0.9635581,0.95399183,0.9510719,0.94573325,0.9555803,0.94525814,0.95181024,0.9555616,0.9647868,0.95354736,0.9495797,0.95580727,0.9697038,0.95662665,0.9561245,0.95556784,0.958743,0.9542677,0.95516896,0.9655641,0.8859153,0.94108814,0.95614254,0.954522,0.93709046,0.9315573,0.95114434,0.9553074,0.9489756,0.9566391,0.9554309,0.95738953,0.9483648,0.95844495,0.9550707,0.9436904,0.9583403,0.9564964,0.96488774,0.95446783,0.9655641,0.96568024,0.9506813,0.9525036,0.9630806,0.95651877,0.96055937,0.94933945,0.9567538,0.9494179,0.9565912,0.9455811,0.9624527,0.9677066,0.9510591,0.9622334,0.95266074,0.94062066,0.9551676,0.9576728,0.902925,0.95494956,0.94002473,0.96638966,0.9588831,0.96663094,0.9543427,0.9658153,0.95456123,0.95966434,0.9503896,0.9568725,0.9331191,0.95802593,0.957518,0.9576942,0.9452506,0.9527777,0.9378524,0.9596017,0.954851,0.9506224,0.94354314,0.9459884,0.949624,0.9618951,0.9576134,0.96446455,0.96020126,0.9802546,0.9559296,0.9580041,0.9524013,0.9504968,0.9557227,0.9552254,0.9481931,0.9476304,0.9576752,0.9526512,0.95514673,0.96101624,0.95395094,0.95696056,0.9564405,0.9523175,0.9590754,0.94769514,0.95287377,0.9802546,0.9476479,0.96276736,0.9583721,0.94875497
apollo11movie,0.9631726,0.9567756,0.9553996,0.9525848,0.9537441,0.94798493,0.9645159,0.95805866,0.97833663,0.961744,0.96168333,0.9510661,0.9631529,0.969001,1.0000004,0.95518345,0.9599214,0.96209794,0.9629811,0.9727651,0.95856106,0.9579181,0.9549588,0.9572186,0.96026367,0.92025775,0.95750296,0.9536328,0.95690197,0.9488793,0.9579062,0.9632535,0.95545286,0.94177747,0.9494699,0.93422884,0.95298487,0.9550995,0.95852965,0.95167416,0.94668466,0.95972866,0.9519948,0.95967054,0.95736384,0.95311344,0.9513542,0.95486003,0.96463084,0.9597646,0.953598,0.964388,0.95020986,0.948,0.9513087,0.9519654,0.94855237,0.9568461,0.955482,0.96087426,0.95998806,0.952731,0.95667225,0.9638443,0.96281004,0.96190345,0.9523604,0.9533877,0.9556635,0.95803005,0.9633568,0.87634945,0.94317317,0.9578101,0.9543773,0.9450078,0.92769617,0.9534771,0.95232725,0.96128803,0.95111185,0.95862585,0.9599181,0.95562935,0.9594055,0.9448039,0.9427935,0.9599313,0.9481109,0.9621303,0.9537718,0.9633568,0.9667026,0.9521226,0.95254546,0.97806966,0.95790446,0.9639828,0.9533833,0.9480295,0.94935775,0.95320326,0.9494086,0.95543087,0.9533171,0.9534069,0.9626757,0.95617497,0.9463243,0.9565845,0.96403617,0.91042626,0.9593753,0.9414882,0.9663237,0.96132815,0.9583381,0.9585543,0.9652293,0.9565989,0.9602748,0.9565077,0.9679871,0.9449266,0.9560657,0.9548516,0.95495176,0.9573138,0.95234925,0.9357744,0.9584779,0.955053,0.9523883,0.9495254,0.9529768,0.94876695,0.95864516,0.9606387,0.9628294,0.95389473,0.97833663,0.9605464,0.95665264,0.9536777,0.9490819,0.9628657,0.95698637,0.95369756,0.95519805,0.9548017,0.96395546,0.9553031,0.96027195,0.95140654,0.9521225,0.95619076,0.9470383,0.9588904,0.9524594,0.9552069,0.97833663,0.94815755,0.96234655,0.9574221,0.95014495
arcticdogsmovie,0.9556699,0.96451277,0.95554763,0.952858,0.9608382,0.95314217,0.96039385,0.9556876,0.9766163,0.9449559,0.96214163,0.9548315,0.94980204,0.953458,0.95518345,1.0000005,0.94848555,0.95835704,0.9504017,0.9437169,0.954319,0.9589468,0.9625873,0.96167064,0.9469052,0.9121438,0.94879794,0.9447197,0.9584757,0.95070386,0.9546737,0.9579344,0.9504092,0.952074,0.9413044,0.9275071,0.9584602,0.9506922,0.9518033,0.9443954,0.94812125,0.96276385,0.9462518,0.95583016,0.95368475,0.94737405,0.9621051,0.961782,0.9568461,0.95986104,0.9574154,0.9581261,0.949294,0.9525998,0.938303,0.9583135,0.94752944,0.9640843,0.9518133,0.9567103,0.9528385,0.94961655,0.95387894,0.95315593,0.94785917,0.9615998,0.94514954,0.9512002,0.9520949,0.9475392,0.9649585,0.89686275,0.9481483,0.9528948,0.95722324,0.9351971,0.9434754,0.945916,0.95401,0.957614,0.9494587,0.95867884,0.9592457,0.95656604,0.9558038,0.9535984,0.9422459,0.95149195,0.9509135,0.96033645,0.9530161,0.9649585,0.95903766,0.94357467,0.95904636,0.9597627,0.95246947,0.95414186,0.949823,0.95150137,0.9516603,0.9543865,0.95729595,0.95461386,0.9426988,0.9556419,0.959842,0.9656294,0.95873094,0.9577048,0.9579581,0.9174979,0.9588254,0.93895847,0.954573,0.95255244,0.96170515,0.9507316,0.9627962,0.9536378,0.95337087,0.95356816,0.9478091,0.9488428,0.95158345,0.95613194,0.95649445,0.9520423,0.95685434,0.93415743,0.9568188,0.95177627,0.94520587,0.9466489,0.95643806,0.9514062,0.9574051,0.95361656,0.96823627,0.949797,0.9766163,0.9594337,0.9581787,0.95559734,0.95232093,0.95565546,0.9457482,0.94366145,0.94997495,0.9506867,0.95203876,0.9533412,0.9491694,0.9506898,0.95311874,0.9577917,0.95166266,0.95186645,0.94429564,0.9493031,0.9766163,0.94368577,0.95461416,0.964101,0.9512407
arcticmovie,0.95803034,0.95434064,0.94399804,0.9428257,0.949703,0.94665945,0.9532541,0.9528575,0.9698414,0.9507936,0.95085657,0.93799824,0.9544972,0.9606181,0.9599214,0.94848555,0.99999964,0.9438548,0.9570689,0.9436161,0.95333916,0.95111847,0.9548896,0.95519227,0.9474227,0.9161757,0.95093054,0.96001184,0.94882804,0.9405236,0.961692,0.95690846,0.9493378,0.94193083,0.94762474,0.9368276,0.9498623,0.95123607,0.9578825,0.9394447,0.9458046,0.9603311,0.95294833,0.9523349,0.9498164,0.95594645,0.95408016,0.9444529,0.95715445,0.9564864,0.9458017,0.951055,0.9401801,0.94977874,0.9453316,0.9420785,0.936439,0.948792,0.955552,0.95130974,0.9539618,0.9486294,0.94583505,0.9518306,0.9471142,0.9507157,0.9411516,0.9449387,0.9455084,0.9434544,0.95508075,0.88131607,0.9432164,0.9482124,0.94829905,0.935488,0.93644947,0.9439249,0.94734895,0.9472318,0.9419422,0.9510493,0.94872904,0.9477648,0.95188075,0.94125223,0.9466627,0.94611746,0.9470481,0.9532666,0.9453173,0.95508075,0.94984865,0.948063,0.9485123,0.9604667,0.945738,0.9489495,0.9429845,0.946042,0.9488462,0.9498598,0.9426693,0.9504706,0.9546673,0.9432708,0.948377,0.9445075,0.931786,0.9515556,0.9491383,0.9182443,0.9511622,0.93708193,0.9500227,0.95382214,0.95171475,0.95042443,0.9554185,0.9463662,0.950599,0.9415194,0.95512116,0.94065934,0.9528057,0.9492037,0.94371796,0.946077,0.94982326,0.948877,0.94878304,0.944014,0.96271235,0.9485289,0.937632,0.94329673,0.94608617,0.9461132,0.9482973,0.9516328,0.9698414,0.9547001,0.9549301,0.9450001,0.9468937,0.9473606,0.9505657,0.95049,0.94000643,0.9504674,0.9533171,0.9531167,0.95083684,0.9389477,0.9478712,0.94596106,0.95055705,0.9450571,0.94506097,0.9431683,0.9698414,0.94048905,0.95578855,0.95655257,0.94818735
artofracingmovie,0.95898616,0.95117676,0.95159376,0.949448,0.96860504,0.94352365,0.9642062,0.95618236,0.97610664,0.9636962,0.9551825,0.95092475,0.95407087,0.9588143,0.96209794,0.95835704,0.9438548,0.9999995,0.94825155,0.9574206,0.9577418,0.95583117,0.95360947,0.9594814,0.94413483,0.92312163,0.95677257,0.9445465,0.955456,0.9464134,0.9540212,0.95479095,0.9483959,0.9442292,0.94116676,0.9336054,0.961128,0.9493761,0.95023274,0.9544561,0.9524642,0.95800257,0.94929284,0.9585347,0.95939595,0.9516123,0.9496996,0.95468307,0.95539254,0.9585064,0.9501735,0.9549866,0.9511411,0.94547695,0.93029404,0.97130424,0.9489923,0.950077,0.96024215,0.9608973,0.95260566,0.95621043,0.9622546,0.9613785,0.95041144,0.9498273,0.95139873,0.9481068,0.95265985,0.9513048,0.9589995,0.88122314,0.94723946,0.95581913,0.9477486,0.94574934,0.92580104,0.94904333,0.9552043,0.95376515,0.948961,0.9539797,0.959953,0.95456845,0.9504595,0.94772965,0.9443299,0.9533117,0.9527342,0.9564149,0.9555857,0.9589995,0.9582787,0.94123524,0.95321727,0.95358974,0.94919133,0.9602439,0.9586416,0.9420866,0.9519869,0.9555195,0.94710755,0.9516954,0.9505407,0.9478547,0.9573575,0.95241433,0.9386364,0.94848907,0.95967925,0.915554,0.9540492,0.9397542,0.9524851,0.95404446,0.96044356,0.9472675,0.9674904,0.9599953,0.9589422,0.9545904,0.952038,0.9393569,0.9595253,0.9556165,0.9510026,0.94278455,0.96264106,0.93180555,0.9641182,0.9590083,0.9503377,0.9426568,0.9448985,0.95206887,0.9556163,0.953983,0.9592082,0.9623811,0.97610664,0.95535946,0.9529686,0.9546557,0.9508496,0.9534293,0.9509976,0.9433408,0.95287675,0.95524716,0.9599588,0.95539457,0.9557739,0.9505417,0.94989413,0.9558797,0.9453896,0.9532168,0.9450472,0.94958097,0.97610664,0.95078826,0.9580208,0.9528985,0.9447508
avengers,0.9695964,0.95513004,0.9534199,0.94892234,0.94913274,0.9443795,0.9587753,0.94459593,0.9727761,0.94521534,0.95304275,0.94064546,0.95683736,0.952504,0.9629811,0.9504017,0.9570689,0.94825155,0.9999995,0.94766825,0.95442176,0.9500623,0.95360565,0.9505828,0.9523076,0.9178782,0.95162535,0.953672,0.95472133,0.94715405,0.96933246,0.95302016,0.94613713,0.9384769,0.9437184,0.9373554,0.9521304,0.9469017,0.94917977,0.9453933,0.9498059,0.9555108,0.94564533,0.9501876,0.9498839,0.94746745,0.95054233,0.9470201,0.95533913,0.95269334,0.95275563,0.95528245,0.94317406,0.9572234,0.93929976,0.94769686,0.9416745,0.9495888,0.9482141,0.9526601,0.9552274,0.94800955,0.9525552,0.9600683,0.94887275,0.9523364,0.94434553,0.9464562,0.94031185,0.95553255,0.95523435,0.87572974,0.9375143,0.95652103,0.9486525,0.9372675,0.9279397,0.94506425,0.9468208,0.95075184,0.9464692,0.9593704,0.95419055,0.95024514,0.9520615,0.9495452,0.9397189,0.95471185,0.9408594,0.9580486,0.94720656,0.95523435,0.9516905,0.93897504,0.9541021,0.9571275,0.94986564,0.95378715,0.9470161,0.93750226,0.9483403,0.9460455,0.93843937,0.9484061,0.93793225,0.9538295,0.95408803,0.95512134,0.937528,0.95359594,0.95903283,0.91736406,0.9573905,0.927329,0.95231634,0.950365,0.9522099,0.9449018,0.96073055,0.95151126,0.95504916,0.94999933,0.9593512,0.94403815,0.9482002,0.94846934,0.9490291,0.95886004,0.94484544,0.9434963,0.9510389,0.94909924,0.94892937,0.94822764,0.9505653,0.94857275,0.9510528,0.9471423,0.9527941,0.94661885,0.9727761,0.95687884,0.95106465,0.95173764,0.9433797,0.95463616,0.9465535,0.950807,0.9558716,0.954693,0.9566654,0.9488193,0.9579298,0.93836325,0.94015557,0.9485211,0.9456992,0.9403239,0.9395908,0.94854105,0.9727761,0.9456838,0.9541592,0.9543092,0.9476763
beachbummovie,0.9520311,0.94978505,0.9495712,0.9429458,0.95030725,0.9338395,0.95238495,0.9495953,0.9686286,0.9570895,0.94710314,0.9453658,0.9536542,0.9549223,0.9727651,0.9437169,0.9436161,0.9574206,0.94766825,1.0000001,0.95038867,0.9533276,0.94405,0.95210624,0.9461675,0.9074347,0.94585764,0.9414469,0.9497766,0.94098777,0.9510903,0.9529611,0.9437248,0.93593717,0.94005144,0.92607594,0.94877654,0.95007443,0.9539467,0.9387753,0.9378019,0.94847155,0.9455661,0.94965976,0.95005244,0.9481326,0.9409878,0.94560003,0.95631295,0.9511764,0.9495805,0.9556798,0.9454565,0.9394944,0.9349788,0.9490738,0.9411997,0.94691545,0.9478433,0.95484674,0.9424692,0.9505632,0.94364613,0.94926804,0.9496431,0.94859946,0.9459528,0.94384086,0.9394488,0.957902,0.9552218,0.8643361,0.93405604,0.945663,0.94348645,0.93599325,0.9272475,0.94295293,0.94488657,0.9444957,0.93775314,0.95075995,0.94560444,0.9464198,0.94609994,0.93920845,0.9372888,0.94969803,0.93820727,0.9494281,0.93929076,0.9552218,0.949799,0.93708104,0.9489879,0.95839375,0.9429019,0.96872157,0.95027983,0.9431979,0.94190055,0.95041525,0.94410855,0.94122416,0.9449514,0.9491018,0.9543327,0.94162446,0.9366182,0.94299185,0.95211923,0.9106018,0.95426106,0.9385938,0.96009487,0.95342994,0.9507396,0.94555306,0.9555618,0.94556993,0.94264615,0.95755666,0.9536947,0.9318647,0.94768345,0.9444722,0.94659996,0.9527395,0.9527487,0.9306607,0.9480906,0.9501619,0.9431877,0.93416977,0.9439578,0.94352055,0.9526328,0.9526817,0.9539454,0.9559752,0.9686286,0.9525674,0.9438523,0.94403315,0.9398933,0.9520685,0.9419529,0.9424703,0.9415809,0.94999534,0.9513109,0.9475265,0.94689447,0.9366328,0.9463537,0.94749,0.9365205,0.94778293,0.94699776,0.9521677,0.9686286,0.9430736,0.9615814,0.9468204,0.94668514
bernadettefilm,0.96670276,0.9590358,0.9529529,0.9459338,0.9538454,0.9449607,0.95524544,0.96196127,0.97616786,0.9543949,0.95649344,0.9453359,0.95176095,0.9632523,0.95856106,0.954319,0.95333916,0.9577418,0.95442176,0.95038867,1.0,0.9550011,0.95347476,0.9531652,0.95069206,0.91756386,0.95232904,0.9449849,0.954971,0.9427536,0.9528074,0.9558993,0.9502353,0.9468076,0.94312686,0.9382321,0.9558219,0.95788175,0.95040786,0.94733113,0.9478788,0.95962095,0.95263445,0.9530889,0.94451624,0.9529822,0.94902205,0.95110554,0.9537814,0.95804244,0.9532798,0.9549032,0.9460645,0.95050955,0.937005,0.95044327,0.95173717,0.9455224,0.9481863,0.9587781,0.9545667,0.94804347,0.9578215,0.95561504,0.94431984,0.96049005,0.94283515,0.9501757,0.94836503,0.9452082,0.95974493,0.8843154,0.93863386,0.95730424,0.9464737,0.9446769,0.932618,0.95077044,0.94854414,0.9488102,0.9547325,0.9538343,0.95013535,0.9507292,0.95464283,0.9485387,0.9419709,0.950192,0.9545964,0.9561535,0.9530587,0.95974493,0.9566032,0.93830293,0.9476587,0.9532365,0.95626557,0.9535838,0.94356126,0.93858534,0.9458815,0.9505949,0.94275236,0.952499,0.9476426,0.94900024,0.95777476,0.9562456,0.9328036,0.96026397,0.95552546,0.9006372,0.9475211,0.94333553,0.9587234,0.96201724,0.96349573,0.944627,0.9668708,0.9524758,0.9532599,0.94326544,0.95191085,0.9369813,0.9587218,0.9514342,0.957663,0.94766945,0.950395,0.92775524,0.9708925,0.946208,0.95557684,0.9460197,0.94389546,0.9464074,0.9553581,0.9581248,0.95871025,0.9456042,0.97616786,0.95445347,0.957581,0.95575005,0.9507125,0.9502292,0.9457995,0.9444245,0.95068586,0.95971906,0.9497007,0.954995,0.95255876,0.95234716,0.9554188,0.95263445,0.950201,0.95113,0.9402796,0.95027214,0.97616786,0.9459064,0.9629788,0.9519719,0.94975024
