movie,21bridgesmovie,47metersdown,abeautifuldaymovie,abominablemovie,adastramovie,adogsjourneymovie,aftermathmovie,aftermovie,ahiddenlifefilm,alitamovie,angelhasfallen,angrybirdsmovie,annabellemovie,annamovie,apollo11movie,arcticdogsmovie,arcticmovie,artofracingmovie,avengers,beachbummovie,bernadettefilm,blackandbluemovie,blackchristmas,blindedbythelightmovie,bombshellmovie,booksmart,breakthroughmovie,brianbanksmovie,brightburnmovie,brittanyrunsmov,captainmarvelofficial,captivestatemovie,catsmovie,charliesangels,childsplaymovie,clarathefilm,coldpursuitmovie,countdown,currentwarmovie,darkwatersmovie,detectivepikachumovie,disneyaladdin,disneyfrozen,disneymaleficent,doctorsleepmovie,dolemiteismyname,dontletgomovie,doramovie,downtonabbey_official,dumbo,escaperoom,everybodyknowsmovie,fastandfuriousmovie,fightingwmyfam,fivefeetapartfilm,fordvferrari,freaksthefilm,geminimanmovie,glassmovie,gloriabellmovie,godzillamovie,goldfinchmovie,goodboysmovie,goodliarmovie,gretafilm,halathemovie,happydeathdaymovie,harrietfilm,hellboymovie,hersmellmovie,highlifemovie,highstrungmovie,honeyboymovie,hotelmumbaifilm,httydragon,hustlemovie,hustlersmovie,isntitromantic,itmovieofficial,jayandsilentbob,johnwickmovie,jojorabbitmovie,jokermovie,judythefilm,jumanjimovie,justmercyfilm,knivesout,lalloronamovie,lastblackmansf,lastchristmasthemovie,latenightmovie,lighthousemovie,lionking,littlethemovie,littlewomenmovie,littlewoodsfilm,longshotmovie,lordsofchaosmovie,lucyintheskyfilm,mamovie2019,marriagestory,meettheaddams,meninblack,midsommarmovie,midwaymovie,missbalamovie,missinglinkfilm,motherlessbklyn,onceinhollywood,onthebasisofsex,overcomermovie,peanutbutterfalcon,petsematarymovie,piercingmovie,playingwithfire,playmobilthemovie,pomsmovie,queenandslim,rambomovie,readyornotfilm,richardjewellfilm,rocketmanmovie,scarystoriesmovie,secretlifeofpets,serenityfilm,shaftmovie,shazammovie,spidermanmovie,spiesindisguise,starwars,stormboymovie,stubermovie,taosdfilm,teenspiritmov,terminator,theaeronautsmov,thebestofenemies,thedeaddontdie,thefarewell,thehighwaymen,thehummingbirdprojectfilm,theintrudermovie,theirishmanfilm,thekitchenmovie,thelegomovie,themustangfilm,thenightingalefilm,theprodigymovie,thesunisalsoastar,theupsidefilm,tolkienmovie,toystory,triplefrontier,uglydolls,uncutgems,underthesilverlake,usmovie,wavesmovie,whatmenwant,wonderparkmovie,wrinklestheclown,xmenmovies,yardiefilm,yesterdaymovie,zombieland
21bridgesmovie,0.9999998,0.9563806,0.96604896,0.96338683,0.9579404,0.95472765,0.96170926,0.95961386,0.9832896,0.94907874,0.96489865,0.9633596,0.9637831,0.9635218,0.96783376,0.9631404,0.9678637,0.9588144,0.9748033,0.9692876,0.9718004,0.9621889,0.9704758,0.9651578,0.9512725,0.8889484,0.9574966,0.96132934,0.9581591,0.95910025,0.9629343,0.96982235,0.95211166,0.9475935,0.9493049,0.9310166,0.96690106,0.9755391,0.9628605,0.9588477,0.95292246,0.96277255,0.9559506,0.9622439,0.9659445,0.9630963,0.9672356,0.9643756,0.9530836,0.9680472,0.9660173,0.96465003,0.95924366,0.95659286,0.9530085,0.95366883,0.9645439,0.9714044,0.96485335,0.9747994,0.94800246,0.95843077,0.9665393,0.96423155,0.9576013,0.9648503,0.9501017,0.95926553,0.97,0.94447243,0.972868,0.6862397,0.95070684,0.9652246,0.9570831,0.9595811,0.91962105,0.95444256,0.96209294,0.967216,0.96049285,0.95485234,0.9678516,0.95776355,0.9669364,0.95790946,0.945686,0.9640257,0.9616724,0.96592265,0.962063,0.972868,0.96100974,0.9635405,0.9642474,0.9607221,0.9702739,0.95853907,0.9506303,0.9706481,0.965481,0.9601828,0.96007866,0.9676715,0.96847063,0.9661066,0.9670009,0.96160036,0.951896,0.95780677,0.9653025,0.85777557,0.96894854,0.92459786,0.9665836,0.9696929,0.98743933,0.9583606,0.97211266,0.95781285,0.9597967,0.9644978,0.9637446,0.9469129,0.96563923,0.9581683,0.9594487,0.96566135,0.9557063,0.9511467,0.9673966,0.95846814,0.9608448,0.9502091,0.9740624,0.9522291,0.9730105,0.95673865,0.97181326,0.9623904,0.9832896,0.96540904,0.96023685,0.9598523,0.9547024,0.96098447,0.9640375,0.95674664,0.9635747,0.97224176,0.95508415,0.9638138,0.96320033,0.939012,0.94936365,0.9723687,0.9615815,0.9639186,0.9669063,0.9607092,0.9832896,0.9539327,0.9671669,0.9629268,0.9657367
47metersdown,0.9563806,0.99999994,0.9512047,0.94677514,0.94731784,0.9473914,0.95167625,0.9521092,0.969374,0.9366966,0.95256907,0.9493154,0.95027703,0.9485434,0.95440745,0.9583489,0.95333475,0.9491142,0.95840985,0.9487608,0.94904166,0.9403796,0.9614116,0.95821774,0.94126225,0.87934977,0.95918834,0.94445276,0.94566447,0.9504524,0.95748097,0.9552212,0.94636,0.9374257,0.93735206,0.92288005,0.94954103,0.9414464,0.9475317,0.95630246,0.93979293,0.9551698,0.934836,0.95024407,0.94679195,0.9538521,0.9580703,0.9465876,0.9439432,0.95366234,0.95087343,0.96440905,0.94344527,0.9421705,0.94261515,0.9434416,0.9489017,0.95264596,0.94305885,0.9560462,0.9393997,0.9476818,0.9533304,0.95088494,0.953753,0.95298225,0.93074673,0.95121956,0.95153916,0.93885756,0.95245254,0.70935625,0.9395749,0.95190316,0.94885516,0.9454001,0.893831,0.9397622,0.9508358,0.9445152,0.9433773,0.9361081,0.95442903,0.9343142,0.9516402,0.9530315,0.93308103,0.95682096,0.9506294,0.9627343,0.9451851,0.95245254,0.9434375,0.95002973,0.9496618,0.9487082,0.9560529,0.95427096,0.9499718,0.9530174,0.9552943,0.9486732,0.9424426,0.95129395,0.95846134,0.95486593,0.94905376,0.9425131,0.93009883,0.95298344,0.9589786,0.8681201,0.94402003,0.9025717,0.9476905,0.9368156,0.9528275,0.94399357,0.95205617,0.9491959,0.9402137,0.94837016,0.9444312,0.94683975,0.9528743,0.9436822,0.95323503,0.95744264,0.9505751,0.9368137,0.950501,0.9492327,0.94998264,0.940795,0.944663,0.94761765,0.9446992,0.9559628,0.9590943,0.95314753,0.969374,0.952128,0.944326,0.9525531,0.94350135,0.9511777,0.94656295,0.9406127,0.9454206,0.94115347,0.94411844,0.9449946,0.9556926,0.91197246,0.933609,0.9573969,0.9506296,0.95099485,0.9508309,0.94362867,0.969374,0.94380957,0.96106774,0.9620357,0.94279015
abeautifuldaymovie,0.96604896,0.9512047,1.0000001,0.9630151,0.9629057,0.95800185,0.96435654,0.9644889,0.9852078,0.9583348,0.9644097,0.97343475,0.9647412,0.9688269,0.9731889,0.9666536,0.96777296,0.96632105,0.96588624,0.96604353,0.9665691,0.9717375,0.9732974,0.97395736,0.9525265,0.876075,0.96127117,0.9526261,0.9793803,0.9544457,0.9699429,0.9689603,0.961002,0.97265494,0.9362219,0.9180621,0.97004575,0.9605264,0.96571285,0.96346784,0.95894563,0.9616942,0.95509076,0.961074,0.96125793,0.9559653,0.967657,0.96516025,0.9636471,0.96458226,0.9833504,0.97011185,0.95736957,0.9547319,0.96332604,0.9504046,0.9661626,0.97048503,0.96380144,0.9703207,0.9575018,0.9548798,0.96071625,0.96772563,0.96499145,0.97376144,0.9511756,0.96671504,0.9615833,0.9551118,0.9748549,0.6914197,0.9430547,0.96822786,0.9507596,0.9646153,0.9182937,0.9591777,0.9707972,0.9687296,0.95451075,0.95230085,0.96762896,0.95458347,0.97476304,0.9550411,0.95257026,0.96932876,0.96786577,0.97018576,0.96327114,0.9748549,0.9532893,0.96209574,0.9795911,0.9673029,0.96284354,0.95632,0.96154326,0.9693436,0.9644114,0.9636683,0.9751158,0.97091484,0.959779,0.98311734,0.97023255,0.96010953,0.96539396,0.96363187,0.96661633,0.8774463,0.97419035,0.911131,0.9712483,0.95754135,0.9669126,0.956946,0.96499467,0.9634789,0.9548917,0.96879816,0.9673684,0.96762925,0.96852535,0.96745324,0.9639113,0.9775843,0.9698317,0.96106774,0.96154016,0.97114396,0.96536654,0.95124704,0.9687152,0.9507247,0.96055955,0.9626889,0.9753711,0.95818424,0.9852078,0.9806307,0.9513559,0.9671742,0.9608842,0.95840806,0.96063435,0.9531061,0.9569062,0.96260285,0.9608398,0.9708847,0.9722511,0.93350565,0.95400596,0.9702395,0.96212333,0.96391416,0.96806353,0.97644275,0.9852078,0.9607756,0.9618069,0.9661474,0.9777227
abominablemovie,0.96338683,0.94677514,0.9630151,1.0000004,0.94883955,0.9402795,0.96150845,0.9520734,0.97638726,0.9523697,0.9648127,0.96217793,0.9633089,0.9593012,0.9689226,0.95360005,0.9584901,0.9534351,0.95372087,0.9549809,0.9499787,0.9533736,0.96729374,0.96426344,0.9510492,0.87602335,0.95778114,0.9462424,0.95718515,0.95442903,0.9596725,0.9598373,0.9591011,0.9515718,0.94650877,0.92185634,0.9596013,0.9583987,0.964243,0.9541875,0.95440036,0.95065224,0.9348689,0.9513034,0.95443624,0.9439663,0.96354437,0.9550903,0.9598705,0.9554089,0.9624129,0.9573099,0.9525963,0.9546882,0.96196246,0.93736553,0.9526028,0.9583825,0.97255504,0.96592915,0.94384617,0.9603839,0.9492282,0.9545261,0.9509827,0.96588755,0.93806523,0.9492011,0.95121485,0.9424009,0.96441793,0.69413483,0.93846214,0.9583644,0.9663725,0.95675766,0.913849,0.9523463,0.9559096,0.9653943,0.9527159,0.96379423,0.95504045,0.9501784,0.9639441,0.95054924,0.9559581,0.9617297,0.95594084,0.9651099,0.9535601,0.96441793,0.9403215,0.95931333,0.9591099,0.97003204,0.94959646,0.94280523,0.94913983,0.9600708,0.95009136,0.95432585,0.9597249,0.96459466,0.95246655,0.96223664,0.95898294,0.9491285,0.9536769,0.9612954,0.9629542,0.8763145,0.95722175,0.9183102,0.95008016,0.95568246,0.95635587,0.95119923,0.96555924,0.9559556,0.94026345,0.95340794,0.9642884,0.94259995,0.9655871,0.96353567,0.95539457,0.9581899,0.9643478,0.9356485,0.9510827,0.95952886,0.95180255,0.9420069,0.95799583,0.9457438,0.9471023,0.9558618,0.969385,0.9549348,0.97638726,0.9669988,0.9492884,0.95220566,0.95425564,0.9500194,0.9554462,0.95168746,0.94508326,0.9465316,0.95815474,0.94938415,0.94989645,0.9177373,0.95194036,0.9704946,0.96513116,0.9591116,0.952132,0.95291626,0.97638726,0.94925123,0.9592376,0.96643615,0.9614847
adastramovie,0.9579404,0.94731784,0.9629057,0.94883955,1.0000004,0.9483237,0.95905113,0.9632623,0.97570485,0.961272,0.9565693,0.9503574,0.95498675,0.96035945,0.96317047,0.9627671,0.9531689,0.9834258,0.9508416,0.95600194,0.9637864,0.954693,0.965528,0.96122646,0.95301956,0.8882494,0.96461254,0.9549177,0.9548755,0.9530089,0.9566533,0.95800084,0.95925903,0.9411959,0.92055213,0.9148867,0.97220546,0.95224506,0.9582703,0.9495574,0.94694424,0.96164143,0.9528673,0.9608877,0.96278024,0.96261424,0.9633711,0.94916093,0.94748205,0.96499413,0.96498567,0.9621518,0.9379077,0.939377,0.95951587,0.970548,0.9521003,0.9529941,0.9483963,0.9577573,0.94869596,0.9556569,0.963692,0.9591014,0.95667046,0.95824033,0.9456656,0.9546566,0.95790964,0.9524369,0.96627223,0.6933824,0.94058096,0.9575546,0.93857396,0.95217156,0.9074695,0.95806587,0.9655587,0.9572664,0.95605975,0.9471296,0.9629881,0.94510114,0.9512364,0.952643,0.95070565,0.9523663,0.962589,0.9564395,0.959058,0.96627223,0.9480127,0.9559233,0.96519876,0.952817,0.9606853,0.96031225,0.95507634,0.9620599,0.967536,0.94998586,0.9565038,0.96271896,0.96069926,0.9637088,0.9657131,0.957501,0.93895656,0.9523184,0.96561265,0.862705,0.95364887,0.9114353,0.95582587,0.96030235,0.9634262,0.94639987,0.9641218,0.9590151,0.95193446,0.9539305,0.9613676,0.9555226,0.9594234,0.9534315,0.94767946,0.9554183,0.96466,0.9460943,0.9604353,0.9746445,0.9504737,0.9424921,0.9473542,0.956387,0.9484212,0.9425765,0.9621999,0.96289855,0.97570485,0.96103144,0.95084035,0.9609054,0.9481471,0.95914716,0.9601884,0.93272674,0.9483642,0.9402774,0.95715475,0.9607478,0.952321,0.9257914,0.95451266,0.96564686,0.9560481,0.96469903,0.95708734,0.95502645,0.97570485,0.960112,0.95835555,0.9537291,0.9564487
adogsjourneymovie,0.95472765,0.9473914,0.95800185,0.9402795,0.9483237,1.0000001,0.95443696,0.95215356,0.9723839,0.9480862,0.9460316,0.9601504,0.9542038,0.9595474,0.9579981,0.9490382,0.9533018,0.9432297,0.9539652,0.95971334,0.9615541,0.95224303,0.9691659,0.9520465,0.94802994,0.8787358,0.945902,0.9423038,0.9518561,0.94078916,0.95130783,0.9544427,0.9536036,0.9376301,0.93780667,0.9171796,0.9576941,0.9511378,0.9538643,0.95583934,0.94661355,0.96058077,0.9519758,0.950273,0.9489275,0.9576234,0.9653431,0.9477344,0.9487715,0.95689034,0.95230955,0.96735597,0.9488931,0.9546719,0.94241446,0.9378398,0.9409745,0.96193844,0.950723,0.9602305,0.95021945,0.9517536,0.9558591,0.9550498,0.9615688,0.956171,0.94120103,0.9486278,0.95022726,0.9460691,0.96227694,0.72030926,0.9301951,0.94707704,0.95296866,0.95437706,0.9200606,0.9556644,0.963148,0.95465356,0.9521365,0.9449138,0.96048945,0.9520859,0.95401347,0.95630455,0.93343997,0.95356005,0.95627236,0.9623636,0.94522774,0.96227694,0.9424018,0.9589259,0.95543766,0.946538,0.9594159,0.9642425,0.93892485,0.9630865,0.9531312,0.9601411,0.9487075,0.95829046,0.95800126,0.9551876,0.955814,0.9586717,0.94127375,0.9455854,0.9592593,0.87435216,0.9502011,0.9008073,0.95673543,0.9448189,0.9578649,0.9579312,0.9635424,0.9486252,0.95405483,0.95499766,0.94779944,0.9726163,0.9500946,0.94694006,0.9689449,0.9525141,0.9531424,0.94426525,0.9691154,0.9532386,0.9427082,0.9301049,0.95062995,0.9368887,0.95146525,0.9604846,0.9656046,0.94666797,0.9723839,0.9568946,0.9548692,0.9649477,0.9445475,0.9545116,0.95314604,0.9490736,0.95752996,0.95073754,0.9564106,0.9542393,0.9576881,0.9239673,0.94815093,0.95664483,0.95807683,0.9629322,0.9585349,0.95625794,0.9723839,0.94655526,0.96083766,0.96829164,0.9537544
aftermathmovie,0.96170926,0.95167625,0.96435654,0.96150845,0.95905113,0.95443696,0.99999994,0.9657328,0.9794977,0.9526417,0.95859635,0.96299857,0.9683892,0.96763974,0.9706871,0.96681386,0.9537742,0.9558642,0.95754296,0.96189046,0.97013295,0.9497986,0.97343254,0.9660698,0.9419953,0.8889794,0.954855,0.9495572,0.9582374,0.9555678,0.96098536,0.96890336,0.9603242,0.9456577,0.9402902,0.92594916,0.96492404,0.9636365,0.96140283,0.9600264,0.95755756,0.9622206,0.94833314,0.9627257,0.95782536,0.949535,0.9709316,0.95444643,0.9555599,0.96852374,0.9607617,0.9596888,0.9484728,0.9585251,0.959497,0.9447768,0.96049255,0.96158284,0.95752513,0.9669251,0.9599457,0.9550278,0.9700318,0.95788157,0.9545109,0.95764774,0.9417453,0.9529008,0.95951545,0.95136225,0.9674211,0.69549555,0.9412602,0.9552944,0.9518995,0.95210505,0.92692626,0.9532094,0.9635381,0.95996374,0.9577351,0.97602797,0.9664511,0.9498205,0.9635125,0.96171874,0.95556515,0.959505,0.9645583,0.9661288,0.9518089,0.9674211,0.9524825,0.95902544,0.96084577,0.9632342,0.9606683,0.96681315,0.9743888,0.9714986,0.9573408,0.9503055,0.95418036,0.9703732,0.9661993,0.96009856,0.9605218,0.95916414,0.95136195,0.9564611,0.9654133,0.8753773,0.9551019,0.9130992,0.9530076,0.95810646,0.96615255,0.94821405,0.9658655,0.9916831,0.9504291,0.96355623,0.95826894,0.9471673,0.96368647,0.9621044,0.9614314,0.95758814,0.96192497,0.944997,0.96606106,0.9677235,0.9575668,0.9437982,0.9599279,0.95305365,0.9540322,0.9503643,0.9701271,0.95694417,0.9794977,0.9603487,0.9549219,0.9623924,0.9616728,0.9535761,0.9597571,0.95277345,0.9570748,0.95233846,0.9856642,0.96350133,0.95040536,0.9303222,0.9535509,0.9662177,0.96580535,0.95651037,0.95559186,0.9592114,0.9794977,0.9539275,0.9665887,0.960417,0.9580742
aftermovie,0.95961386,0.9521092,0.9644889,0.9520734,0.9632623,0.95215356,0.9657328,1.0000005,0.9819181,0.9522402,0.9706247,0.9537544,0.9629153,0.9675175,0.96180487,0.96338564,0.9564306,0.9613713,0.96291965,0.95871985,0.96773136,0.9591375,0.9744635,0.9591406,0.95798415,0.91600406,0.9561696,0.9562448,0.9582742,0.9547625,0.96986306,0.9681838,0.9585298,0.95173496,0.93990475,0.94214886,0.97183424,0.9548493,0.960446,0.95386857,0.9502707,0.9648406,0.9467819,0.96134895,0.9621561,0.9659712,0.9706982,0.95140123,0.9588413,0.9673174,0.96600986,0.9661112,0.9480291,0.9488851,0.9640369,0.94706756,0.96298695,0.96709025,0.9563273,0.9688385,0.9528364,0.95555663,0.9712625,0.9619195,0.95316947,0.9689192,0.9459861,0.9607765,0.96929353,0.95773077,0.9688926,0.70677906,0.94283485,0.9637212,0.94868815,0.95695287,0.92840123,0.9588907,0.9627652,0.9573476,0.96876335,0.9541076,0.9670838,0.93985474,0.95667905,0.95870316,0.95877904,0.9588158,0.9671564,0.96788746,0.9658473,0.9688926,0.96016616,0.9640235,0.9723538,0.9622421,0.963294,0.9656368,0.9638124,0.9732701,0.9752185,0.95151794,0.9541902,0.97156703,0.9620905,0.96640795,0.9594354,0.9661706,0.94767976,0.9599775,0.9636034,0.8756976,0.9646795,0.9222508,0.9700929,0.966078,0.9632967,0.9518886,0.96638703,0.9662521,0.96079934,0.9656711,0.96155214,0.95265394,0.95906746,0.96466386,0.96027225,0.9628665,0.96054286,0.9416987,0.96539897,0.9641924,0.9621526,0.94808966,0.9647619,0.9589078,0.9555195,0.9586079,0.9684124,0.9623979,0.9819181,0.965581,0.96321356,0.96727544,0.96117973,0.9615439,0.96371394,0.9419977,0.9617781,0.9514791,0.96071607,0.96488863,0.9593327,0.9273525,0.95611787,0.96860725,0.9728494,0.9634372,0.97390187,0.9672019,0.9819181,0.95634264,0.95863,0.9645125,0.9611177
ahiddenlifefilm,0.9832896,0.969374,0.9852078,0.97638726,0.97570485,0.9723839,0.9794977,0.9819181,0.99999976,0.97027296,0.9819371,0.9786929,0.9812466,0.9785666,0.9844649,0.9777774,0.9817947,0.97507095,0.9784207,0.9774903,0.98266697,0.97754884,0.9880168,0.982792,0.9718949,0.90647,0.9765192,0.9760008,0.9778422,0.9735489,0.9795862,0.9831787,0.97583294,0.9693286,0.9625129,0.9446823,0.9844813,0.978829,0.9797958,0.9776165,0.97297484,0.97922057,0.9648591,0.97747165,0.9794842,0.9747995,0.98500085,0.9772531,0.9736168,0.9819012,0.98238885,0.98313564,0.97267705,0.9719333,0.9751618,0.96848464,0.9781444,0.98333496,0.9781845,0.9839505,0.97201765,0.9754043,0.9796527,0.97999614,0.97635084,0.9842418,0.96389866,0.97610986,0.98017913,0.9648741,0.98686683,0.717443,0.9639381,0.9821445,0.97063226,0.9757448,0.93451977,0.974847,0.9808882,0.9800081,0.97459733,0.9707622,0.983909,0.96762645,0.9806597,0.9746623,0.9696463,0.97927195,0.9815551,0.98509824,0.9784868,0.98686683,0.9741529,0.97939336,0.98442054,0.9780128,0.98228186,0.9756816,0.9740331,0.9840043,0.9811253,0.9746066,0.97216463,0.98628175,0.9788736,0.98281395,0.98314035,0.9784732,0.9684183,0.97848046,0.9819897,0.88406646,0.9814003,0.93716896,0.980801,0.97746325,0.983766,0.97345734,0.98415446,0.97588056,0.9740634,0.97903836,0.9794119,0.9718318,0.9819478,0.9776456,0.9757287,0.98022807,0.97960544,0.96585226,0.981232,0.98051816,0.9790682,0.96470326,0.9800545,0.9707865,0.9755813,0.9751493,0.98717314,0.974477,0.99999976,0.98470235,0.97213745,0.9815741,0.9737501,0.97505945,0.97744316,0.9689482,0.9776474,0.9745029,0.9770265,0.9783796,0.97822994,0.94331855,0.97065777,0.9858151,0.9811726,0.9824344,0.9808984,0.979175,0.99999976,0.97221446,0.9828829,0.98267144,0.9804115
alitamovie,0.94907874,0.9366966,0.9583348,0.9523697,0.961272,0.9480862,0.9526417,0.9522402,0.97027296,1.0,0.9495185,0.94468004,0.95330703,0.9578573,0.948508,0.9607887,0.9540939,0.9619645,0.9381406,0.94102347,0.947708,0.9506722,0.96245414,0.959841,0.9451401,0.86660683,0.950727,0.94978845,0.9604946,0.947615,0.9472426,0.95848274,0.95702666,0.9440527,0.9381611,0.9183929,0.9602698,0.949441,0.95203644,0.9545364,0.94910425,0.9482445,0.9287903,0.94386214,0.95067483,0.9394147,0.96058464,0.95095116,0.94622254,0.94769025,0.9572075,0.959708,0.95076513,0.94608486,0.95578307,0.9409535,0.9535713,0.94639826,0.9561062,0.9554239,0.9412694,0.94968307,0.9537491,0.95176506,0.946959,0.94980544,0.9388927,0.9490938,0.9493984,0.9350666,0.9606622,0.6984592,0.9213323,0.95405155,0.9480272,0.95211345,0.8988587,0.9431047,0.9621602,0.9510398,0.9496239,0.9440557,0.96036947,0.9510028,0.9504287,0.94738895,0.94403994,0.9579643,0.9525229,0.9520004,0.9514016,0.9606622,0.94126326,0.95088816,0.9552986,0.94606906,0.95239353,0.9360706,0.9534169,0.95953506,0.943309,0.943723,0.95378155,0.96068406,0.9625742,0.95835185,0.95773894,0.94685763,0.94371945,0.94816387,0.9476739,0.8690563,0.9486335,0.9061925,0.9478107,0.9579485,0.9545617,0.94948435,0.95425457,0.95037985,0.9420695,0.94432443,0.95657897,0.9449116,0.9522276,0.9513627,0.95312595,0.9466469,0.9536719,0.92451805,0.95105445,0.960178,0.961791,0.94805616,0.9440946,0.94678444,0.94712347,0.95328,0.95856273,0.9480548,0.97027296,0.96166235,0.9329415,0.95718545,0.94707936,0.9531492,0.95327884,0.9428439,0.9470626,0.9482301,0.95288056,0.9464869,0.95091707,0.9281033,0.9438859,0.9611782,0.959603,0.9615791,0.9495115,0.95598173,0.97027296,0.9499343,0.9598746,0.9572484,0.95567566
angelhasfallen,0.96489865,0.95256907,0.9644097,0.9648127,0.9565693,0.9460316,0.95859635,0.9706247,0.9819371,0.9495185,0.99999994,0.9613278,0.96522737,0.9546005,0.96913236,0.9599195,0.96550566,0.96134454,0.9632304,0.9546295,0.960039,0.9545634,0.97035503,0.9646652,0.958334,0.91308933,0.96124226,0.9605161,0.95700014,0.964903,0.9655515,0.9696216,0.9516554,0.9502987,0.948517,0.93671274,0.9709186,0.9626035,0.9672286,0.96260816,0.9543871,0.959471,0.93905413,0.9632591,0.9629382,0.9513003,0.96975666,0.95925355,0.95251334,0.9635977,0.96376103,0.9634077,0.95130503,0.94683844,0.9573978,0.9566492,0.9642744,0.9640432,0.96241784,0.967783,0.9542358,0.9594197,0.955499,0.9608881,0.95653087,0.97465986,0.94965047,0.95603496,0.9752715,0.9478495,0.9690604,0.70677286,0.95570785,0.96836394,0.9567698,0.96155655,0.9143043,0.9554504,0.9637109,0.9625717,0.9726962,0.9521572,0.96908706,0.9463212,0.9643288,0.9595514,0.9645162,0.96249497,0.9653297,0.9710219,0.964003,0.9690604,0.9545383,0.96749586,0.9693617,0.9736384,0.9743987,0.9581101,0.9598572,0.9689818,0.96597,0.9586931,0.9543266,0.9696261,0.95667833,0.96343714,0.962506,0.9588503,0.9460878,0.96247125,0.96740645,0.8711583,0.9649327,0.9224659,0.95911133,0.9678627,0.9662652,0.9542322,0.96786153,0.9580609,0.9621548,0.9650978,0.9613532,0.9501123,0.96399206,0.9682795,0.9607997,0.96155024,0.9619286,0.9376408,0.95850265,0.96728516,0.96331745,0.9533422,0.96476114,0.96153635,0.9538049,0.9609449,0.9715193,0.95285606,0.9819371,0.9649889,0.949399,0.9612207,0.96231294,0.95786154,0.96475375,0.94802684,0.9565762,0.9565239,0.9599888,0.95800817,0.95209193,0.9201428,0.9558937,0.9710821,0.9667459,0.9681893,0.9648649,0.95661384,0.9819371,0.95434767,0.96827877,0.9644699,0.95876855
angrybirdsmovie,0.9633596,0.9493154,0.97343475,0.96217793,0.9503574,0.9601504,0.96299857,0.9537544,0.9786929,0.94468004,0.9613278,1.0000004,0.9656509,0.96131545,0.97087157,0.9608759,0.955864,0.9549172,0.9617434,0.95881146,0.96389574,0.9632442,0.97409433,0.9642657,0.9481821,0.866509,0.9519691,0.94370073,0.96299195,0.955757,0.95919657,0.9555567,0.9590568,0.96620166,0.9425086,0.9097902,0.9627171,0.9597538,0.9615219,0.96325433,0.95686007,0.9469916,0.94489413,0.95009995,0.95617837,0.9490499,0.9699376,0.9637063,0.9511802,0.950932,0.9727298,0.9562042,0.95591664,0.9603619,0.9539139,0.94011694,0.9631008,0.96768,0.95446885,0.9595106,0.95137674,0.9421756,0.9560167,0.9700391,0.9596561,0.97139555,0.9462497,0.951659,0.95389235,0.9551289,0.9636175,0.69434655,0.94032115,0.95889795,0.9567149,0.96675855,0.9314806,0.95818025,0.9658154,0.9657199,0.9550382,0.95270705,0.9640067,0.953083,0.9755736,0.94990057,0.9553098,0.97094285,0.9564334,0.96439284,0.9587502,0.9636175,0.94890714,0.96220386,0.97085387,0.9659086,0.9530147,0.9577533,0.9510107,0.96650547,0.957974,0.95685977,0.95346534,0.9655623,0.95716804,0.97181064,0.96886224,0.96629864,0.96325743,0.9602007,0.9585175,0.8722945,0.9677956,0.9030347,0.9586774,0.95074916,0.9636708,0.9502545,0.96416694,0.95853746,0.95183605,0.96930003,0.9658741,0.96498305,0.959663,0.9640235,0.9589702,0.966431,0.96177566,0.9474333,0.9575157,0.9624017,0.95794845,0.9401117,0.966778,0.94929993,0.95775294,0.9515761,0.97201514,0.95357275,0.9786929,0.9681333,0.9519691,0.96834743,0.96280617,0.9440281,0.9503541,0.9498386,0.9626164,0.9567827,0.9605833,0.9562116,0.96146494,0.9365112,0.9513146,0.9640097,0.9599438,0.96343315,0.9618369,0.9663382,0.9786929,0.9568879,0.96105844,0.96427643,0.9702893
annabellemovie,0.9637831,0.95027703,0.9647412,0.9633089,0.95498675,0.9542038,0.9683892,0.9629153,0.9812466,0.95330703,0.96522737,0.9656509,0.99999964,0.9618031,0.9727833,0.9572606,0.9595835,0.95420545,0.96697056,0.96601516,0.9651869,0.9596431,0.97409004,0.97047174,0.9515771,0.8728521,0.95913184,0.95185834,0.9616547,0.96121526,0.9624831,0.96710557,0.9541249,0.952172,0.95226115,0.9258248,0.96497273,0.96937025,0.96738714,0.961457,0.96327585,0.96350574,0.94431627,0.96392787,0.96110994,0.9501058,0.97141427,0.9573311,0.95877486,0.96725625,0.9659307,0.9587035,0.9555419,0.96014476,0.9583211,0.94553065,0.96749204,0.96901083,0.9574624,0.96790206,0.9632522,0.9531742,0.9616519,0.96760774,0.953601,0.9663202,0.9446771,0.9573586,0.9691621,0.9545882,0.96770525,0.70529574,0.94746435,0.957906,0.9612886,0.95962685,0.92362946,0.9522087,0.9656729,0.96046174,0.9534362,0.963657,0.9744676,0.9530832,0.97038,0.9610264,0.9579799,0.9800474,0.9603888,0.97298294,0.96137744,0.96770525,0.95790654,0.96564144,0.9650928,0.9670486,0.9661263,0.9625186,0.96022785,0.96647155,0.96190685,0.95233405,0.95493853,0.9686163,0.9644765,0.96992576,0.9627693,0.9664106,0.94998735,0.9610483,0.96316403,0.8769018,0.9646669,0.9243119,0.9604374,0.95783496,0.9648698,0.95388997,0.9665825,0.9636762,0.9646263,0.96669424,0.96992743,0.95193595,0.9607724,0.9654239,0.96485835,0.96629226,0.959558,0.94589216,0.9638991,0.9583574,0.9590675,0.942631,0.96656,0.9583414,0.955241,0.95122856,0.97270393,0.9589507,0.9812466,0.96554065,0.9537488,0.9680491,0.96266174,0.96217567,0.9611942,0.961073,0.97311264,0.9604087,0.96823376,0.9626086,0.95896626,0.9364412,0.95777535,0.9677932,0.963403,0.95863515,0.9654296,0.9661668,0.9812466,0.9501903,0.9644645,0.9697381,0.96548194
annamovie,0.9635218,0.9485434,0.9688269,0.9593012,0.96035945,0.9595474,0.96763974,0.9675175,0.9785666,0.9578573,0.9546005,0.96131545,0.9618031,0.9999995,0.96409476,0.96203727,0.9530065,0.95945746,0.95790535,0.95829296,0.9623164,0.95266336,0.97274584,0.9531932,0.94672894,0.87839943,0.9472288,0.95010513,0.95878315,0.95291007,0.96087843,0.96744436,0.9654652,0.94579715,0.9310361,0.92340887,0.9653016,0.96143806,0.9607096,0.9522191,0.9594578,0.9560136,0.9569148,0.96153265,0.9583794,0.9550552,0.96586394,0.95726764,0.9590297,0.96235543,0.9627284,0.96562064,0.95161915,0.9554944,0.96137553,0.94302636,0.9565556,0.9608688,0.9619587,0.96327156,0.9581019,0.95428234,0.96734643,0.9719314,0.9517099,0.9644095,0.9414548,0.956069,0.9589534,0.95385313,0.96270025,0.69025856,0.9397093,0.9626957,0.9434125,0.95861226,0.9256212,0.9656454,0.9720994,0.9658173,0.96231145,0.95883745,0.96681505,0.9543644,0.9592233,0.9581487,0.95481956,0.96089184,0.9577337,0.9648659,0.9522025,0.96270025,0.944665,0.96160334,0.958681,0.9571648,0.9574096,0.96098685,0.95714134,0.9790291,0.9610445,0.9554916,0.957508,0.9643132,0.9728351,0.9632246,0.96606773,0.9601508,0.9521922,0.95701593,0.9603855,0.856598,0.9595454,0.9038209,0.95593596,0.9670112,0.9679531,0.9522791,0.9642132,0.9659137,0.9504033,0.9517229,0.9612472,0.9576809,0.9549561,0.96563035,0.95442665,0.95492816,0.9585539,0.94106597,0.96609354,0.9581919,0.95210236,0.9392026,0.9555657,0.9501097,0.9607693,0.95773524,0.96054775,0.96120775,0.9785666,0.96164846,0.9593231,0.95942044,0.94766533,0.955621,0.955967,0.9463278,0.9507576,0.9588703,0.96670777,0.96037424,0.9629929,0.94094276,0.9548297,0.96636236,0.96670127,0.9571603,0.963787,0.9679226,0.9785666,0.9567046,0.9576128,0.96095294,0.96718395
apollo11movie,0.96783376,0.95440745,0.9731889,0.9689226,0.96317047,0.9579981,0.9706871,0.96180487,0.9844649,0.948508,0.96913236,0.97087157,0.9727833,0.96409476,1.0000001,0.9601747,0.96542203,0.9590698,0.96402776,0.983802,0.9711315,0.96466243,0.97274727,0.97297,0.9495275,0.88714707,0.9570905,0.95996064,0.9641006,0.962058,0.9659437,0.9694641,0.96220154,0.9544228,0.94725883,0.9247032,0.9666376,0.96953505,0.97572505,0.96672297,0.9622842,0.96346873,0.95048356,0.9591039,0.9613123,0.95238584,0.9692912,0.95814145,0.96137756,0.9660396,0.96788275,0.9699637,0.9569668,0.95268947,0.9618832,0.9560074,0.9658373,0.9670492,0.958386,0.9731637,0.96457726,0.9562956,0.95919955,0.9671076,0.9640041,0.9675277,0.94438154,0.9609212,0.96156734,0.9612313,0.97097516,0.6968996,0.95336443,0.9650516,0.96184254,0.9611194,0.9258395,0.96504617,0.97179323,0.9604486,0.9592727,0.96218276,0.9642769,0.95734805,0.96547794,0.962249,0.96003014,0.96673316,0.9660295,0.9763222,0.96202624,0.97097516,0.9508302,0.96066964,0.96613896,0.9799825,0.9623248,0.9695806,0.95785475,0.96887225,0.9656029,0.9579488,0.9586575,0.9706817,0.9589374,0.9646704,0.9740638,0.9697068,0.9493478,0.9697755,0.9679561,0.8830332,0.96508855,0.92381847,0.95992,0.9635864,0.96957684,0.96181214,0.97120976,0.9651038,0.95839375,0.9640122,0.9676095,0.9603694,0.9698331,0.9636228,0.96409684,0.9696493,0.97031283,0.95155996,0.96088505,0.96834034,0.9650464,0.9431524,0.9634867,0.95547044,0.9639372,0.9596808,0.9745834,0.9579533,0.9844649,0.9706316,0.9557246,0.9688773,0.95785993,0.96075773,0.96042544,0.9565158,0.9671565,0.95204246,0.96697015,0.96211123,0.96419483,0.9246133,0.9588718,0.9684172,0.9671252,0.9641467,0.9649363,0.96319145,0.9844649,0.9582954,0.9657446,0.9694913,0.96294844
arcticdogsmovie,0.9631404,0.9583489,0.9666536,0.95360005,0.9627671,0.9490382,0.96681386,0.96338564,0.9777774,0.9607887,0.9599195,0.9608759,0.9572606,0.96203727,0.9601747,1.0000001,0.96263707,0.9626291,0.95789826,0.9523506,0.9613085,0.9528669,0.9720892,0.96983784,0.9450373,0.8804308,0.9603498,0.9546721,0.96186364,0.95932627,0.9536987,0.96773636,0.95939475,0.9518674,0.9294852,0.9122571,0.96171355,0.96058047,0.9665372,0.96086204,0.96141857,0.9500554,0.9501391,0.9499132,0.9467878,0.947131,0.9694081,0.96025944,0.94749,0.9562102,0.9623256,0.9656371,0.9445755,0.94659,0.96072483,0.9483922,0.95645887,0.9540694,0.95642036,0.9631525,0.95721376,0.9488219,0.9588475,0.9611919,0.9582141,0.9546015,0.94636804,0.96477777,0.9639222,0.93917435,0.96875095,0.6699015,0.93375957,0.96542585,0.94695735,0.9527301,0.9025655,0.950441,0.9681099,0.95231545,0.9549961,0.94676155,0.9706094,0.9470862,0.957471,0.9577265,0.954411,0.96469116,0.96842945,0.96527195,0.9587028,0.96875095,0.9385528,0.9544994,0.9562812,0.957475,0.9646172,0.96038294,0.9620038,0.96219224,0.95827824,0.94329417,0.95461506,0.96596766,0.9629462,0.96242005,0.9715814,0.9664278,0.95703197,0.96159595,0.967935,0.85042465,0.9544617,0.8947168,0.95019764,0.95534503,0.96414363,0.9409433,0.9610919,0.96396196,0.9545235,0.95424247,0.9618932,0.9489275,0.95665973,0.960133,0.964795,0.9597881,0.9610916,0.94016325,0.95799756,0.9616266,0.9641149,0.9475753,0.95632726,0.96110684,0.9479805,0.9561292,0.9675024,0.95815045,0.9777774,0.96405727,0.95110273,0.9618948,0.9512013,0.9524921,0.9608146,0.9364491,0.95195,0.95232344,0.96503925,0.9584363,0.9616462,0.9313937,0.94989204,0.96965367,0.9677591,0.96509993,0.9567433,0.95973164,0.9777774,0.96453875,0.9695915,0.9603497,0.9599622
arcticmovie,0.9678637,0.95333475,0.96777296,0.9584901,0.9531689,0.9533018,0.9537742,0.9564306,0.9817947,0.9540939,0.96550566,0.955864,0.9595835,0.9530065,0.96542203,0.96263707,1.0000001,0.9567296,0.9633087,0.95794654,0.9699505,0.9558793,0.96579325,0.97043395,0.9578199,0.8942543,0.96274644,0.9717018,0.96057314,0.94910705,0.96483797,0.9652333,0.95519876,0.9512795,0.9484581,0.9371718,0.965854,0.96187055,0.95648,0.95985186,0.9554638,0.9626886,0.9457279,0.95914316,0.9672779,0.95676124,0.96375793,0.96208787,0.9545532,0.9639388,0.96414536,0.96815825,0.9540423,0.9517682,0.9533151,0.9527228,0.9578397,0.9647432,0.9653914,0.96828073,0.95044607,0.9573276,0.95656514,0.9548207,0.96283937,0.9630665,0.9467011,0.9623747,0.96654546,0.9387568,0.9706245,0.7081705,0.94805986,0.9707871,0.95013195,0.9548993,0.9036814,0.9573825,0.96123266,0.966246,0.95241743,0.95055455,0.9652649,0.9472314,0.9654362,0.9595089,0.94914746,0.96272373,0.96552783,0.96354985,0.96026415,0.9706245,0.95444447,0.96136206,0.9638782,0.9581333,0.96743083,0.95177674,0.95380586,0.9578225,0.9630537,0.95395833,0.95763755,0.9632464,0.96639806,0.9633875,0.96203613,0.9568318,0.9579894,0.9630706,0.9654258,0.8617948,0.9654393,0.91587406,0.9667531,0.9616988,0.96972513,0.9484934,0.96516144,0.9514681,0.9557457,0.9524981,0.9599795,0.94527656,0.9710781,0.96045023,0.9605331,0.96598315,0.95307547,0.95657647,0.96188176,0.95811564,0.96895605,0.9586187,0.9633369,0.95190585,0.9560908,0.9633235,0.9690115,0.95835924,0.9817947,0.9710896,0.959664,0.9612858,0.9570105,0.95339555,0.96176,0.94702804,0.9557198,0.9625155,0.94724905,0.95802665,0.9639844,0.92361903,0.945449,0.9677832,0.96326035,0.96383345,0.9638918,0.959499,0.9817947,0.9489513,0.9650919,0.9586245,0.9599753
artofracingmovie,0.9588144,0.9491142,0.96632105,0.9534351,0.9834258,0.9432297,0.9558642,0.9613713,0.97507095,0.9619645,0.96134454,0.9549172,0.95420545,0.95945746,0.9590698,0.9626291,0.9567296,1.0000002,0.95097613,0.9540373,0.9552821,0.96113414,0.9635445,0.96049076,0.95385784,0.8757443,0.9619126,0.94841164,0.954874,0.9591146,0.9581115,0.9607375,0.9578761,0.94930375,0.9243514,0.9110304,0.9703718,0.9559782,0.95762163,0.9497838,0.9483189,0.957837,0.941038,0.9589871,0.96555144,0.9541872,0.9637051,0.95090735,0.9494855,0.960152,0.96817344,0.9587372,0.9471909,0.9472509,0.9597901,0.9629408,0.9551321,0.9540245,0.9565857,0.9547767,0.9430618,0.9538524,0.959389,0.95478445,0.9469489,0.96371406,0.94341964,0.95442873,0.95766586,0.95047534,0.96403694,0.68037,0.94001216,0.95168203,0.93539506,0.95370847,0.90492266,0.95791334,0.9659522,0.9623471,0.9547588,0.9450942,0.96144885,0.9445307,0.9650931,0.94807446,0.9504346,0.9520985,0.9600846,0.956778,0.9650977,0.96403694,0.9520377,0.95492303,0.96721154,0.95443183,0.9613828,0.9522941,0.95437104,0.9603767,0.9640447,0.9495569,0.9616223,0.9599474,0.9598977,0.96851426,0.95936203,0.952429,0.94246817,0.9549717,0.96141595,0.8682989,0.95703614,0.9005434,0.95315105,0.9592659,0.9601243,0.942693,0.96022093,0.9554723,0.95329255,0.9584666,0.9629918,0.9488275,0.9544954,0.9552455,0.94817466,0.9591641,0.96060383,0.93956405,0.9578465,0.97456133,0.9558461,0.9504481,0.9507613,0.95860887,0.948588,0.9486126,0.9637342,0.96328783,0.97507095,0.9639749,0.94689685,0.9539745,0.9461593,0.9528391,0.9559926,0.9307951,0.94569486,0.9505712,0.95384103,0.9547226,0.95505184,0.9309964,0.9509664,0.96428555,0.9579124,0.96508634,0.95394605,0.95752823,0.97507095,0.95399934,0.95852095,0.9544216,0.95817596
avengers,0.9748033,0.95840985,0.96588624,0.95372087,0.9508416,0.9539652,0.95754296,0.96291965,0.9784207,0.9381406,0.9632304,0.9617434,0.96697056,0.95790535,0.96402776,0.95789826,0.9633087,0.95097613,1.0000001,0.95495355,0.9653046,0.95948726,0.96678644,0.9597109,0.9485416,0.89692146,0.95405084,0.9523431,0.9572244,0.95202714,0.97617865,0.96356523,0.94646025,0.9539478,0.94742006,0.926938,0.9615427,0.9594429,0.9535649,0.95784277,0.9469921,0.957581,0.9494506,0.9596989,0.9536706,0.9569381,0.9602813,0.95797396,0.9503775,0.9627591,0.96687496,0.96243316,0.95067585,0.9453866,0.9485427,0.94263124,0.9551136,0.96638834,0.9550221,0.96636796,0.95117253,0.9547427,0.9611039,0.96096855,0.94886,0.9615705,0.94229937,0.95576984,0.964808,0.9380208,0.9656361,0.69886076,0.9456073,0.9615488,0.95144594,0.95663977,0.9173929,0.9548285,0.9599264,0.9616505,0.94755906,0.9481477,0.96321625,0.94191366,0.96308106,0.9525694,0.9429634,0.96239185,0.96102047,0.9638963,0.9578372,0.9656361,0.9568228,0.96505016,0.96240276,0.9561586,0.9647086,0.96013075,0.9518307,0.9628889,0.96254975,0.9507396,0.9574705,0.9642298,0.9653063,0.969702,0.96077514,0.9598944,0.9467611,0.9485896,0.9618337,0.8515847,0.96073544,0.9156539,0.96996933,0.9475721,0.9650184,0.94790965,0.95920706,0.9579643,0.95480764,0.96531636,0.9598712,0.952606,0.956983,0.95813733,0.95228636,0.96617496,0.94610316,0.94965786,0.95660555,0.9495671,0.9503065,0.9365001,0.9689761,0.9549179,0.95577157,0.95268553,0.9675421,0.9547631,0.9784207,0.967253,0.9552416,0.9548466,0.94809574,0.95282125,0.9534186,0.952133,0.9581468,0.9633089,0.95099694,0.96366245,0.96358174,0.93151283,0.9427257,0.9671764,0.956232,0.9602185,0.96704173,0.962209,0.9784207,0.9469222,0.9634478,0.96350735,0.9629661
beachbummovie,0.9692876,0.9487608,0.96604353,0.9549809,0.95600194,0.95971334,0.96189046,0.95871985,0.9774903,0.94102347,0.9546295,0.95881146,0.96601516,0.95829296,0.983802,0.9523506,0.95794654,0.9540373,0.95495355,1.0000004,0.96819484,0.96645457,0.9636623,0.9645445,0.9460665,0.87784344,0.9509663,0.95343035,0.9573681,0.95593065,0.95779175,0.96367294,0.95188767,0.94335455,0.93737143,0.92343885,0.9649727,0.96391875,0.9703553,0.95769334,0.95547396,0.9628448,0.9472085,0.9524154,0.9633301,0.9592531,0.96059406,0.94847834,0.95863956,0.96393085,0.96096337,0.9663838,0.9488227,0.9528249,0.94898295,0.95324296,0.96183467,0.9628073,0.9572238,0.96905327,0.958249,0.9526542,0.9639197,0.96222854,0.959384,0.9568648,0.9426895,0.9630475,0.95567685,0.9616131,0.96675545,0.6919311,0.94609314,0.9536924,0.951599,0.9476062,0.9244343,0.9574816,0.9617803,0.9536089,0.9537625,0.95318717,0.96031183,0.94889545,0.96017337,0.9538488,0.9467013,0.96075463,0.95878416,0.97306675,0.95999086,0.96675545,0.9537823,0.95792997,0.9600191,0.9689252,0.9575513,0.97515243,0.94840115,0.95961416,0.9649695,0.95976377,0.9549291,0.96179634,0.9590172,0.95896405,0.9642823,0.9636267,0.94612175,0.95901215,0.9638527,0.88246596,0.96234775,0.9199003,0.95953983,0.9569135,0.96870315,0.9538091,0.96999884,0.9556204,0.9576875,0.95848006,0.9548385,0.94702077,0.958174,0.9567191,0.9623005,0.96649504,0.9618898,0.95160335,0.9621928,0.96098924,0.9597504,0.9370887,0.9558712,0.9475194,0.95992386,0.9561023,0.9690723,0.96093714,0.9774903,0.9615733,0.9628755,0.96573055,0.9489777,0.9611546,0.9613136,0.94753087,0.96434575,0.9483314,0.9574008,0.95805836,0.9605792,0.9260667,0.9563502,0.9613368,0.95763254,0.95853895,0.9613842,0.9571327,0.9774903,0.94905454,0.95877975,0.9607015,0.96118575
bernadettefilm,0.9718004,0.94904166,0.9665691,0.9499787,0.9637864,0.9615541,0.97013295,0.96773136,0.98266697,0.947708,0.960039,0.96389574,0.9651869,0.9623164,0.9711315,0.9613085,0.9699505,0.9552821,0.9653046,0.96819484,1.0000004,0.9556567,0.9745878,0.96752703,0.9531633,0.90169036,0.9572961,0.9586177,0.95890474,0.95196885,0.96489453,0.9615336,0.9587252,0.9470691,0.93621737,0.9315065,0.9673901,0.9634384,0.9640281,0.95937747,0.9630266,0.9635613,0.9536581,0.9602199,0.9666778,0.9660672,0.97070014,0.96148777,0.9542096,0.9674556,0.9657805,0.96024024,0.9538192,0.9544586,0.95952445,0.9593481,0.9571994,0.9678551,0.95113635,0.9690533,0.9619109,0.95392597,0.9733992,0.9621128,0.9596477,0.9681023,0.94556534,0.9563624,0.9708028,0.95131505,0.9676116,0.69950366,0.9480423,0.9597573,0.9487565,0.95506805,0.91837114,0.9584407,0.96356773,0.9632974,0.9570723,0.956979,0.97067964,0.9456025,0.96236193,0.96565646,0.9548158,0.9614341,0.9670189,0.9676156,0.9609886,0.9676116,0.96428496,0.9597904,0.9700474,0.9561076,0.97289366,0.9677491,0.9672094,0.97140753,0.9712607,0.95531505,0.9566458,0.9697478,0.96675617,0.96501297,0.96876544,0.96715707,0.952937,0.95837796,0.9633246,0.86717874,0.9645794,0.9121154,0.9721027,0.96198505,0.9749811,0.95016825,0.964922,0.96665156,0.9584607,0.95802087,0.9623792,0.95549107,0.96860415,0.9570222,0.959996,0.9686652,0.95823276,0.96245897,0.9814638,0.9614819,0.9581655,0.9410763,0.9672692,0.95695776,0.961961,0.9570267,0.96860105,0.96302056,0.98266697,0.9632675,0.9638551,0.965578,0.9599305,0.9540183,0.95925575,0.9445015,0.96676666,0.95705736,0.96140164,0.9757094,0.9652505,0.9267264,0.9510069,0.96566653,0.9660167,0.9610161,0.96668994,0.96133065,0.98266697,0.95168114,0.962726,0.96193224,0.96451706
