movie,21bridgesmovie,47metersdown,abeautifuldaymovie,abominablemovie,adastramovie,adogsjourneymovie,aftermathmovie,aftermovie,ahiddenlifefilm,alitamovie,angelhasfallen,angrybirdsmovie,annabellemovie,annamovie,apollo11movie,arcticdogsmovie,arcticmovie,artofracingmovie,avengers,beachbummovie,bernadettefilm,blackandbluemovie,blackchristmas,blindedbythelightmovie,bombshellmovie,booksmart,breakthroughmovie,brianbanksmovie,brightburnmovie,brittanyrunsmov,captainmarvelofficial,captivestatemovie,catsmovie,charliesangels,childsplaymovie,clarathefilm,coldpursuitmovie,countdown,currentwarmovie,darkwatersmovie,detectivepikachumovie,disneyaladdin,disneyfrozen,disneymaleficent,doctorsleepmovie,dolemiteismyname,dontletgomovie,doramovie,downtonabbey_official,dumbo,escaperoom,everybodyknowsmovie,fastandfuriousmovie,fightingwmyfam,fivefeetapartfilm,fordvferrari,freaksthefilm,geminimanmovie,glassmovie,gloriabellmovie,godzillamovie,goldfinchmovie,goodboysmovie,goodliarmovie,gretafilm,halathemovie,happydeathdaymovie,harrietfilm,hellboymovie,hersmellmovie,highlifemovie,highstrungmovie,honeyboymovie,hotelmumbaifilm,httydragon,hustlemovie,hustlersmovie,isntitromantic,itmovieofficial,jayandsilentbob,johnwickmovie,jojorabbitmovie,jokermovie,judythefilm,jumanjimovie,justmercyfilm,knivesout,lalloronamovie,lastblackmansf,lastchristmasthemovie,latenightmovie,lighthousemovie,lionking,littlethemovie,littlewomenmovie,littlewoodsfilm,longshotmovie,lordsofchaosmovie,lucyintheskyfilm,mamovie2019,marriagestory,meettheaddams,meninblack,midsommarmovie,midwaymovie,missbalamovie,missinglinkfilm,motherlessbklyn,onceinhollywood,onthebasisofsex,overcomermovie,peanutbutterfalcon,petsematarymovie,piercingmovie,playingwithfire,playmobilthemovie,pomsmovie,queenandslim,rambomovie,readyornotfilm,richardjewellfilm,rocketmanmovie,scarystoriesmovie,secretlifeofpets,serenityfilm,shaftmovie,shazammovie,spidermanmovie,spiesindisguise,starwars,stormboymovie,stubermovie,taosdfilm,teenspiritmov,terminator,theaeronautsmov,thebestofenemies,thedeaddontdie,thefarewell,thehighwaymen,thehummingbirdprojectfilm,theintrudermovie,theirishmanfilm,thekitchenmovie,thelegomovie,themustangfilm,thenightingalefilm,theprodigymovie,thesunisalsoastar,theupsidefilm,tolkienmovie,toystory,triplefrontier,uglydolls,uncutgems,underthesilverlake,usmovie,wavesmovie,whatmenwant,wonderparkmovie,wrinklestheclown,xmenmovies,yardiefilm,yesterdaymovie,zombieland
21bridgesmovie,0.99999964,0.9565595,0.9573213,0.9598945,0.95388097,0.957773,0.9621826,0.95686,0.9793905,0.9456699,0.96006453,0.95327574,0.95597625,0.9635469,0.96224564,0.96107125,0.9628893,0.95999587,0.97522527,0.95731294,0.9618615,0.9543779,0.96276367,0.96053654,0.95514417,0.92776453,0.9436225,0.9541148,0.95733356,0.9552214,0.94844306,0.95023817,0.94783384,0.9546831,0.94805,0.9322331,0.9572867,0.9700372,0.95971763,0.94916946,0.95344394,0.96322936,0.9546799,0.9522968,0.95697606,0.95965165,0.9577329,0.95237684,0.9514179,0.96023,0.95830274,0.96164215,0.9522561,0.9554627,0.9572598,0.9543714,0.9564059,0.96105754,0.96049553,0.95958096,0.9544239,0.9602101,0.9500194,0.95149195,0.948419,0.96031976,0.94762945,0.9629608,0.95073986,0.9495071,0.96569437,0.9012945,0.9525367,0.95839876,0.95504004,0.9366923,0.93671083,0.95823646,0.95520055,0.94946116,0.9601618,0.9588722,0.953379,0.95794445,0.95631355,0.95241547,0.95050544,0.95439863,0.956441,0.95757806,0.95670027,0.96569437,0.9576861,0.9494646,0.9512426,0.95397604,0.9626757,0.96007586,0.95455223,0.9610227,0.9621222,0.94661283,0.94309384,0.9599702,0.95119756,0.9592559,0.96452624,0.95706105,0.9497326,0.94754326,0.95861685,0.92257226,0.9607211,0.9445156,0.9620334,0.9603189,0.98696333,0.9520196,0.95903385,0.9602848,0.9534826,0.9546989,0.95587623,0.9493414,0.9527723,0.958784,0.96122605,0.9576382,0.9484499,0.9489061,0.95194566,0.95446026,0.95322764,0.9442181,0.9596099,0.9644594,0.97715914,0.9602619,0.967425,0.95301324,0.9793905,0.9529677,0.95574564,0.9636563,0.9491099,0.9592321,0.9465505,0.95898664,0.96154463,0.96747375,0.95361626,0.9656412,0.9625245,0.9575709,0.9633228,0.96021175,0.95318174,0.9604741,0.9555838,0.96023726,0.9793905,0.9532387,0.9621309,0.9590928,0.9554977
47metersdown,0.9565595,1.0000001,0.94690406,0.94422317,0.94490266,0.9489747,0.9483213,0.9416472,0.968429,0.9345051,0.95473707,0.94621384,0.9381565,0.9520127,0.9503561,0.9626769,0.94765157,0.95092237,0.95439285,0.93975693,0.94976604,0.9356783,0.953456,0.9509838,0.9522775,0.9059754,0.94114786,0.9382032,0.95195556,0.9414745,0.93963933,0.94901913,0.93543094,0.9478804,0.9445778,0.9261479,0.93755835,0.9457838,0.94515646,0.95393926,0.9418219,0.9498689,0.943222,0.9441107,0.9473819,0.94547546,0.9530606,0.93807256,0.94084775,0.9444035,0.95419765,0.9584142,0.9400008,0.94803005,0.93916136,0.9477782,0.9434004,0.9550693,0.9441597,0.95577663,0.94704026,0.9390796,0.94988155,0.94140345,0.9418178,0.9535587,0.94262934,0.95571405,0.947081,0.93549263,0.9627105,0.8830516,0.9358744,0.95653516,0.932381,0.93163973,0.9124445,0.94880575,0.94490147,0.94336766,0.9409768,0.9435232,0.944877,0.9437495,0.9481134,0.94613016,0.94723845,0.93866956,0.95277256,0.9500141,0.9356437,0.9627105,0.9435525,0.95388705,0.9412174,0.9455527,0.9570982,0.94804794,0.9400364,0.94212323,0.9456245,0.93677455,0.9448374,0.96056026,0.94524884,0.95447916,0.9576364,0.9384697,0.95313054,0.9510516,0.9569772,0.90394425,0.9410793,0.92912203,0.95360065,0.93552524,0.95249003,0.9324734,0.945784,0.94483614,0.9454491,0.9548356,0.9506874,0.94358975,0.9507889,0.9430538,0.9419825,0.95344317,0.93844944,0.93492323,0.9503952,0.9436452,0.93716425,0.93289244,0.947805,0.94777673,0.94620293,0.9553995,0.95835805,0.94740933,0.968429,0.9545725,0.9480259,0.94371146,0.93157995,0.9606226,0.94992286,0.9460775,0.94818777,0.9487261,0.94125473,0.94333196,0.9490982,0.93957645,0.95277417,0.94999456,0.94429636,0.9434276,0.9479355,0.94508374,0.968429,0.9435385,0.9528256,0.94908834,0.94952303
abeautifuldaymovie,0.9573213,0.94690406,1.0000001,0.9552719,0.9497164,0.94959563,0.96095234,0.95109,0.9749846,0.9332748,0.9537205,0.9576005,0.9525265,0.95708317,0.9559848,0.9514595,0.95757794,0.9529505,0.95537364,0.9490706,0.95112205,0.9556399,0.9536218,0.95001686,0.9513329,0.8995339,0.9510213,0.9566897,0.9738662,0.94971055,0.9327039,0.9506412,0.94828147,0.9628486,0.9391945,0.9160876,0.9533387,0.95523596,0.9563259,0.95219004,0.94463706,0.96022105,0.9519652,0.9558176,0.95401335,0.9439416,0.9465074,0.9571204,0.95370007,0.95638406,0.9770582,0.9619437,0.94706964,0.95120245,0.9543824,0.94333017,0.9557186,0.95143294,0.9413888,0.9524895,0.9485967,0.9549635,0.9551062,0.9534191,0.95204705,0.9626121,0.94683796,0.95625657,0.9361839,0.95123863,0.9578427,0.88821065,0.93819493,0.9582773,0.9391189,0.9379619,0.9185512,0.9542861,0.94703895,0.9573602,0.9484247,0.9530329,0.9532551,0.94686705,0.9632811,0.9471328,0.94008654,0.95410895,0.95193565,0.9559402,0.94435126,0.9578427,0.9481946,0.9377745,0.9689214,0.9615046,0.9595929,0.9630906,0.94594157,0.94495255,0.9532742,0.9452266,0.96103835,0.95469856,0.9475073,0.97294366,0.95544446,0.95314884,0.9603819,0.94923985,0.95982796,0.90413326,0.9471882,0.92949325,0.95541525,0.9449382,0.9594888,0.9435239,0.9545495,0.9568388,0.9407817,0.9537697,0.95069623,0.94934523,0.94642955,0.9427725,0.9550838,0.9653907,0.9401881,0.9357097,0.9543282,0.9527793,0.9534773,0.94115186,0.94866884,0.95731527,0.9504922,0.953893,0.95972383,0.9595073,0.9749846,0.9673842,0.95088375,0.95306647,0.9434544,0.95216274,0.94701886,0.95845324,0.9548466,0.9527252,0.9611981,0.96970826,0.95029294,0.9401689,0.955312,0.95115614,0.95147365,0.95065105,0.94574016,0.94738173,0.9749846,0.9457647,0.9600739,0.95758337,0.9748246
abominablemovie,0.9598945,0.94422317,0.9552719,0.9999997,0.94342834,0.9527017,0.9481149,0.9518165,0.9730555,0.9469892,0.95306,0.95059913,0.9651749,0.9528826,0.9566214,0.94847643,0.948537,0.95598906,0.9529633,0.9451876,0.950764,0.94375765,0.95325834,0.9497389,0.9479861,0.9165018,0.94946176,0.94871485,0.9585567,0.9486186,0.9337718,0.9575877,0.9337641,0.9528177,0.94955134,0.9273677,0.9598285,0.9680001,0.9415391,0.9531724,0.94667786,0.96040016,0.95244014,0.9541735,0.95254767,0.94389,0.9492917,0.94620657,0.9517599,0.9557632,0.9578202,0.9649777,0.94166934,0.95945525,0.95769566,0.9517509,0.9572294,0.9501293,0.94357264,0.96754175,0.94881594,0.9606953,0.94847804,0.9472792,0.9547702,0.94654894,0.94447607,0.96135175,0.9383923,0.9359523,0.9677838,0.90041244,0.94545996,0.95421267,0.9607437,0.92729497,0.9308134,0.946876,0.9522487,0.9514113,0.938012,0.9537567,0.947286,0.95167464,0.95924574,0.94485164,0.96224684,0.9499984,0.9646988,0.94311965,0.9391348,0.9677838,0.9342608,0.9403761,0.96067977,0.96732676,0.9528197,0.95664287,0.94038814,0.94584453,0.95256746,0.943219,0.9389756,0.96402854,0.95012504,0.96139526,0.95452386,0.950183,0.963368,0.9432239,0.9615669,0.9130331,0.9517441,0.9437111,0.95280224,0.93935794,0.95866823,0.9501288,0.9540883,0.9442116,0.94772893,0.9586446,0.95355505,0.9502066,0.9399276,0.9449602,0.9597518,0.9474321,0.93550533,0.941679,0.9482658,0.9414508,0.94570285,0.9358428,0.9558586,0.9576301,0.95475215,0.9583069,0.9635956,0.9446587,0.9730555,0.9571844,0.9480696,0.9548411,0.94995266,0.95926905,0.9456133,0.9653493,0.9567981,0.9485788,0.93947244,0.94624686,0.952764,0.9300536,0.95991474,0.9590665,0.9477712,0.96452606,0.9570367,0.94867337,0.9730555,0.9426407,0.95529145,0.95210946,0.96039003
adastramovie,0.95388097,0.94490266,0.9497164,0.94342834,0.9999998,0.95988655,0.96035457,0.95078236,0.9735923,0.9461746,0.9552436,0.9518568,0.9443988,0.95016575,0.9659563,0.94998556,0.9557795,0.976943,0.9565756,0.9577908,0.9512536,0.94854367,0.95441854,0.95962656,0.9567506,0.9192172,0.95707244,0.9483447,0.9518582,0.9486795,0.941963,0.9466469,0.9456864,0.9536594,0.9345537,0.9158641,0.94791603,0.95278347,0.95279264,0.9436172,0.9531436,0.958239,0.9433305,0.9476361,0.9565125,0.9451435,0.95175207,0.9532684,0.9423435,0.9526196,0.9500341,0.95103014,0.9457722,0.95194024,0.9466052,0.9680199,0.94733965,0.95878434,0.95002824,0.9463601,0.94443035,0.95004016,0.9515655,0.945338,0.9316855,0.9558867,0.94120157,0.9512184,0.93504345,0.9469476,0.95629376,0.8900879,0.94162035,0.94650275,0.9416693,0.94131935,0.9276597,0.9521944,0.959427,0.9546383,0.9491897,0.95641434,0.95097214,0.94865286,0.9448928,0.9463729,0.93204147,0.9481646,0.9550338,0.94981444,0.94526416,0.95629376,0.9525164,0.94340414,0.93937755,0.9545973,0.95236397,0.9530712,0.94719607,0.9494896,0.9551232,0.94157225,0.94512,0.9519202,0.93874097,0.95176613,0.9502135,0.9532668,0.94807684,0.93696034,0.9502491,0.90853083,0.94707304,0.92901504,0.96099555,0.9402063,0.95255387,0.9447984,0.9563154,0.95372075,0.9482819,0.9509059,0.95140815,0.9577367,0.9515016,0.9487418,0.9512529,0.9509079,0.9680908,0.9270431,0.9546954,0.9633857,0.9476921,0.9458202,0.9443891,0.95230347,0.95060426,0.9478907,0.9568793,0.95064175,0.9735923,0.95113796,0.9472847,0.9549285,0.9438824,0.94990253,0.94623923,0.94457024,0.9516776,0.9396033,0.9526124,0.9485295,0.948479,0.9353596,0.95671797,0.9458258,0.9429942,0.9511664,0.9516259,0.95327073,0.9735923,0.95064807,0.9562262,0.9479614,0.943042
adogsjourneymovie,0.957773,0.9489747,0.94959563,0.9527017,0.95988655,1.0,0.96500856,0.9539296,0.97677,0.9430271,0.9593359,0.9521874,0.9389714,0.9593315,0.9598967,0.9561925,0.95616645,0.9590849,0.9585161,0.9565564,0.9541509,0.95422375,0.96765536,0.9593644,0.9602302,0.930134,0.9518918,0.95524645,0.95796716,0.9433505,0.94057053,0.95554996,0.9503663,0.9548033,0.94601727,0.9334054,0.95028585,0.9468387,0.9534244,0.94847715,0.94815314,0.95512617,0.95799804,0.9536837,0.95504564,0.9585071,0.962152,0.956133,0.9520486,0.960316,0.9555962,0.95174974,0.9521964,0.9541057,0.95555866,0.95141965,0.9563919,0.94500244,0.9530925,0.9525625,0.9458379,0.9582216,0.9498663,0.946579,0.94344366,0.94853693,0.9461485,0.94994617,0.94861335,0.9475132,0.95644265,0.9087928,0.93565553,0.95490545,0.9514182,0.93448496,0.932907,0.9534707,0.9649012,0.96258366,0.94751436,0.9580719,0.94431686,0.9556147,0.9515446,0.94309515,0.9423101,0.94467324,0.9554943,0.9505161,0.95587623,0.95644265,0.9499612,0.945152,0.95338154,0.9616597,0.95338964,0.95351595,0.95063883,0.9616736,0.959051,0.95855534,0.94575346,0.95598453,0.9410115,0.9578263,0.9576788,0.9517797,0.9484464,0.9489755,0.955856,0.9080862,0.95576805,0.94064444,0.95894593,0.9476618,0.95993626,0.9551649,0.95208627,0.96236014,0.94935274,0.9569471,0.95632374,0.9723301,0.9440585,0.94985026,0.9642878,0.9520225,0.9515005,0.9432419,0.94743204,0.94783974,0.95993954,0.9410155,0.9472826,0.9529827,0.951219,0.9537859,0.9515526,0.9560194,0.97677,0.95362246,0.9571927,0.9522637,0.9426778,0.95012945,0.9468855,0.9543618,0.94827706,0.94767934,0.9580736,0.95513684,0.9517099,0.9344244,0.951077,0.94524586,0.9528097,0.9526221,0.9490043,0.9584926,0.97677,0.94676775,0.9619687,0.96581805,0.9538097
aftermathmovie,0.9621826,0.9483213,0.96095234,0.9481149,0.96035457,0.96500856,0.99999976,0.9632875,0.98176026,0.93884873,0.9598016,0.9537559,0.94934905,0.9635142,0.96851826,0.95520425,0.9671693,0.96058285,0.9658854,0.96520203,0.9635116,0.9582199,0.9634185,0.96391857,0.958927,0.920454,0.9435183,0.96317446,0.96023947,0.9528583,0.9457942,0.956886,0.95863825,0.9528223,0.949933,0.9299703,0.95576143,0.94959253,0.9626541,0.9569792,0.96083385,0.961353,0.9566012,0.95573777,0.96204054,0.9622443,0.9610406,0.9650148,0.9541792,0.96159077,0.96290857,0.9612647,0.95689315,0.9629501,0.9537988,0.9504268,0.9517676,0.9541504,0.95852053,0.9572549,0.9562757,0.95606613,0.9499327,0.9558989,0.94781834,0.9620077,0.9512011,0.9598812,0.9515118,0.96186537,0.9636988,0.90544575,0.9443977,0.95843846,0.9550485,0.9470404,0.9324768,0.96260154,0.96301174,0.96524394,0.96041226,0.9709329,0.9521903,0.95497745,0.95834076,0.95192343,0.9489424,0.95983773,0.9533153,0.9638103,0.9562809,0.9636988,0.9545966,0.942916,0.9551106,0.9601974,0.9616198,0.96829927,0.9752134,0.9620708,0.9676252,0.9510694,0.95638466,0.9619789,0.9496427,0.9637244,0.9615667,0.95767355,0.95148474,0.9532682,0.9616981,0.9111115,0.957827,0.937317,0.962527,0.9529229,0.9625283,0.95542115,0.9633904,0.98577535,0.95657754,0.95917845,0.96167654,0.9578799,0.9566935,0.9541459,0.95879894,0.96233106,0.96106184,0.9494637,0.9538322,0.9547752,0.9625637,0.9480333,0.951855,0.95824814,0.9544979,0.95710534,0.9617983,0.9587116,0.98176026,0.95623046,0.96278095,0.95839053,0.9452495,0.95763034,0.95643485,0.9641141,0.96082926,0.95863706,0.9825354,0.9580603,0.960719,0.9396032,0.9577972,0.95399225,0.9598279,0.95814866,0.9601579,0.9626971,0.98176026,0.95644784,0.9653447,0.96552974,0.9570752
aftermovie,0.95686,0.9416472,0.95109,0.9518165,0.95078236,0.9539296,0.9632875,1.0000001,0.975278,0.9393118,0.9575128,0.9467783,0.9548007,0.96064276,0.96521336,0.94394785,0.9558647,0.9581643,0.96255887,0.9501486,0.9609255,0.94955707,0.9622059,0.9578698,0.946194,0.9307419,0.95086974,0.955967,0.95311713,0.95119154,0.95497674,0.9584469,0.94854707,0.94273555,0.94992965,0.9296933,0.9534753,0.9496972,0.95570004,0.95193094,0.9561882,0.95967835,0.9555667,0.9527158,0.95967954,0.9555943,0.9627184,0.953893,0.9617959,0.95769244,0.9579477,0.9597045,0.95896024,0.96193004,0.96050566,0.950748,0.9490233,0.9526052,0.9588087,0.95175946,0.9533002,0.9523503,0.95897216,0.9503792,0.9508428,0.9556615,0.94774806,0.9552791,0.9438452,0.9456941,0.9583265,0.907175,0.9414732,0.9554159,0.95191485,0.94627094,0.9241251,0.9521032,0.9527655,0.9488484,0.94746864,0.95654184,0.9602169,0.9524584,0.95043623,0.94667405,0.9441183,0.954377,0.9507774,0.9539146,0.947284,0.9583265,0.95917416,0.9533322,0.952508,0.9593176,0.9603153,0.95323527,0.9556699,0.9598233,0.9595795,0.94244665,0.9531699,0.953598,0.94304097,0.96031743,0.9621331,0.94925535,0.9509194,0.95153266,0.9657647,0.9084704,0.95904726,0.94478756,0.95353395,0.9463918,0.953925,0.954666,0.9512331,0.95831937,0.95979416,0.95281017,0.94869167,0.94341546,0.9592578,0.9583369,0.9543435,0.9613609,0.95540434,0.9395288,0.9546036,0.95262456,0.9575513,0.95258224,0.9537253,0.95424825,0.9505457,0.9537621,0.9590105,0.9568587,0.975278,0.9591361,0.9509365,0.94624275,0.94224155,0.9607487,0.95908374,0.95366704,0.96508384,0.9463192,0.95362777,0.9577223,0.9600246,0.9370232,0.9529864,0.9533552,0.95850396,0.9610255,0.97125,0.9568529,0.975278,0.94923735,0.96736854,0.9594876,0.953781
ahiddenlifefilm,0.9793905,0.968429,0.9749846,0.9730555,0.9735923,0.97677,0.98176026,0.975278,0.9999998,0.9626191,0.9769554,0.9730077,0.969931,0.9783149,0.9835247,0.97421736,0.9748983,0.9788261,0.9766185,0.9742263,0.97635347,0.97071743,0.98152083,0.9815958,0.9718457,0.94192874,0.96933717,0.9727836,0.9773645,0.9698816,0.9625053,0.97379845,0.96902096,0.97361493,0.9674047,0.94635403,0.97408175,0.97412956,0.97496384,0.9753458,0.97265935,0.98249096,0.9757726,0.97692484,0.9793887,0.9731797,0.9778855,0.97470975,0.9734893,0.9793563,0.97847307,0.98234695,0.9723385,0.9754201,0.97109085,0.970553,0.97403264,0.97224224,0.97425693,0.97666276,0.9706159,0.97679156,0.9727344,0.97075075,0.9693516,0.9770446,0.96813,0.9760654,0.96700066,0.9694058,0.98213404,0.9207403,0.96410644,0.97798693,0.9709371,0.96154827,0.95221823,0.9758193,0.97712564,0.9757586,0.97114235,0.97373843,0.9715752,0.97561383,0.9756645,0.96874946,0.96913034,0.9732792,0.9760086,0.97828937,0.9708929,0.98213404,0.96852046,0.9665768,0.9726147,0.978092,0.98018974,0.97439307,0.97264355,0.97752833,0.97946125,0.96700287,0.96701705,0.9804303,0.96683526,0.9791265,0.97900337,0.9726528,0.97265357,0.970965,0.9799629,0.9283317,0.97357774,0.9578054,0.97647214,0.96605676,0.9805757,0.9716911,0.97452503,0.9768598,0.97331893,0.97563535,0.9728613,0.9705181,0.9730278,0.973599,0.9763196,0.97781545,0.97091275,0.9618499,0.9728462,0.97161335,0.97188073,0.9662161,0.972533,0.977456,0.97208786,0.9763364,0.9804567,0.9726173,0.9999998,0.9746366,0.9759983,0.9735208,0.9633315,0.97827613,0.97219795,0.9765146,0.9763808,0.97147137,0.9714266,0.9746761,0.97587,0.95904404,0.9777891,0.9744069,0.9726255,0.9763114,0.97356445,0.9735318,0.9999998,0.96987766,0.9842682,0.9785469,0.9767379
alitamovie,0.9456699,0.9345051,0.9332748,0.9469892,0.9461746,0.9430271,0.93884873,0.9393118,0.9626191,0.99999994,0.938222,0.9393118,0.9419472,0.9429866,0.9526951,0.94692534,0.9412843,0.9488894,0.95142055,0.9438167,0.943088,0.9369127,0.9456768,0.94957656,0.9320721,0.91626185,0.93229795,0.9418279,0.93597925,0.9407165,0.937981,0.94427824,0.9300918,0.93598795,0.9212831,0.90394807,0.942703,0.94611615,0.9370638,0.94020015,0.94120103,0.95008385,0.945106,0.9489072,0.95283645,0.94441426,0.94530785,0.94739217,0.93792725,0.946934,0.93250513,0.9538739,0.9470873,0.9490032,0.93344116,0.9517534,0.94360393,0.9415643,0.9424027,0.9425082,0.9409304,0.9401773,0.9458684,0.9431025,0.94449395,0.94314015,0.93325555,0.94424605,0.92493796,0.9256902,0.9470966,0.8952137,0.9354527,0.9397867,0.9416023,0.93172836,0.91263777,0.942663,0.9531679,0.9440039,0.93159413,0.93829554,0.9445606,0.93445456,0.9407647,0.951943,0.9366946,0.9406195,0.947126,0.93981576,0.936524,0.9470966,0.9379786,0.9372205,0.9293768,0.94925433,0.9449872,0.937351,0.9255824,0.9402401,0.9410098,0.94109875,0.925446,0.94473684,0.9611549,0.937416,0.94099176,0.94047165,0.94488096,0.94174606,0.94518477,0.8907747,0.93986386,0.92851776,0.9409672,0.92615354,0.9458624,0.9357361,0.9461112,0.93247986,0.95288795,0.944135,0.9386939,0.93989307,0.9284438,0.9492499,0.94558764,0.9307582,0.9412941,0.9290508,0.9470641,0.9400421,0.9422997,0.9360202,0.9616151,0.9501574,0.94096595,0.9457985,0.94241804,0.92978674,0.9626191,0.93264824,0.9386454,0.9470587,0.93731546,0.952085,0.9481222,0.9344306,0.9443932,0.936415,0.9238996,0.94002223,0.9500114,0.9294383,0.9460219,0.9394234,0.9398476,0.9517691,0.9407452,0.93912244,0.9626191,0.94117016,0.954514,0.94595003,0.9380958
angelhasfallen,0.96006453,0.95473707,0.9537205,0.95306,0.9552436,0.9593359,0.9598016,0.9575128,0.9769554,0.938222,0.99999994,0.952731,0.95210844,0.9555068,0.95895785,0.96278244,0.95362127,0.953837,0.9599078,0.94555765,0.9608619,0.94522184,0.96115905,0.9607149,0.95297205,0.92161196,0.95036215,0.9549685,0.9512061,0.94842124,0.9456269,0.9557816,0.95122886,0.94910103,0.95512617,0.94009405,0.9510415,0.9527169,0.94487476,0.9499926,0.9454174,0.9589367,0.95457816,0.95708555,0.9556058,0.9495124,0.96441203,0.9533232,0.95184535,0.9576386,0.9525121,0.9616236,0.94945854,0.9491669,0.95202,0.95040464,0.9517133,0.9416475,0.95428723,0.95787054,0.95095986,0.95313793,0.96018535,0.9427327,0.9514144,0.95759064,0.9513417,0.956443,0.9579656,0.95495355,0.9662003,0.9051583,0.95076275,0.96026456,0.95523626,0.9358999,0.9352699,0.95094687,0.96041477,0.94977725,0.9631572,0.95066005,0.9487013,0.9614361,0.95072097,0.94487214,0.9593479,0.95566857,0.9614667,0.958456,0.9420812,0.9662003,0.9448585,0.94971824,0.9432899,0.95997065,0.9695565,0.9524231,0.94763523,0.9572924,0.9597347,0.95261925,0.94785076,0.9525239,0.9462029,0.9572338,0.9616073,0.9545581,0.9502757,0.9499954,0.9607467,0.9187569,0.94577223,0.9379055,0.9517082,0.95705986,0.9632877,0.96010256,0.9548548,0.9572293,0.95156497,0.9534007,0.9594627,0.9504648,0.9516099,0.95461434,0.9535434,0.9573825,0.9437162,0.9430578,0.95202947,0.95079726,0.9542361,0.9422208,0.9481674,0.95595366,0.96015316,0.9622842,0.9625258,0.94693214,0.9769554,0.9511275,0.95575976,0.9537469,0.94057584,0.9575577,0.9451968,0.95692605,0.9588246,0.9540003,0.94733906,0.9557424,0.9548022,0.94108576,0.9538281,0.95673054,0.94757897,0.95822215,0.95589536,0.9525037,0.9769554,0.9481966,0.96600574,0.9566663,0.9512505
angrybirdsmovie,0.95327574,0.94621384,0.9576005,0.95059913,0.9518568,0.9521874,0.9537559,0.9467783,0.9730077,0.9393118,0.952731,0.99999994,0.9437718,0.94817215,0.95481414,0.9421281,0.95136106,0.9567981,0.9465403,0.94614905,0.9476335,0.95493895,0.9538601,0.94867337,0.9424538,0.9057736,0.95249665,0.94637823,0.9586565,0.96600133,0.9251557,0.95298064,0.93789333,0.9634285,0.93746996,0.9148993,0.9476019,0.9411743,0.9485903,0.94589466,0.93992716,0.95490426,0.95620316,0.95187306,0.95922524,0.943412,0.9492539,0.95824754,0.94908506,0.95282525,0.96617717,0.95996904,0.9448169,0.9416708,0.9362626,0.9527893,0.9527897,0.9434977,0.94231814,0.9531174,0.94147336,0.9439635,0.9413249,0.9367803,0.93764704,0.95437294,0.94018334,0.95476365,0.9449019,0.9411093,0.95880884,0.9069893,0.9430008,0.9558239,0.94652116,0.937447,0.9269128,0.94935334,0.9451492,0.9427892,0.9422085,0.9463254,0.9375472,0.9474284,0.9644787,0.93448424,0.9418664,0.9429477,0.9520407,0.9533561,0.9488675,0.95880884,0.9438842,0.94008,0.9564653,0.95106024,0.949506,0.95167416,0.9384426,0.94030166,0.94634885,0.9351439,0.944096,0.9531353,0.93809783,0.9645663,0.9502943,0.94049895,0.95535064,0.9441079,0.96409756,0.9115012,0.9438595,0.926907,0.9506684,0.9453623,0.9544799,0.9419869,0.94372714,0.9494735,0.94567144,0.94894475,0.9406754,0.95505005,0.9451443,0.943435,0.94429153,0.9547789,0.93776304,0.94377494,0.93945754,0.9450986,0.94458014,0.9359631,0.9422479,0.9617651,0.9497177,0.94868386,0.96379685,0.949311,0.9730077,0.9559024,0.9480554,0.949669,0.94390196,0.9536439,0.9427098,0.9463987,0.9446876,0.9438892,0.9408491,0.95077825,0.947879,0.9370774,0.95393026,0.9478524,0.94525373,0.9585907,0.94610846,0.9481788,0.9730077,0.9481998,0.9535777,0.9474357,0.9633314
annabellemovie,0.95597625,0.9381565,0.9525265,0.9651749,0.9443988,0.9389714,0.94934905,0.9548007,0.969931,0.9419472,0.95210844,0.9437718,0.9999999,0.9438055,0.9562447,0.94132596,0.9482597,0.9568527,0.94876534,0.9457877,0.95003086,0.9447124,0.9485803,0.9444688,0.94362766,0.9031046,0.9480184,0.9448772,0.950807,0.9483934,0.92952496,0.9558724,0.928988,0.94523853,0.94005436,0.92014945,0.9668974,0.9670628,0.9460968,0.94925535,0.9516929,0.9566546,0.947313,0.9489775,0.9601949,0.9449162,0.94723135,0.94417953,0.94724995,0.95067894,0.9481076,0.96152997,0.95714563,0.9590169,0.9533011,0.95363104,0.9474781,0.94953674,0.9390824,0.96198034,0.95903885,0.94892734,0.94515663,0.94851685,0.9564982,0.951765,0.9413083,0.95190495,0.9427425,0.933989,0.96402436,0.89548486,0.9417026,0.95008796,0.95215744,0.92423904,0.92584974,0.93511665,0.94291526,0.93756545,0.942061,0.9490466,0.9613219,0.9381074,0.95642936,0.9446281,0.9646627,0.9698198,0.9602713,0.946728,0.9354406,0.96402436,0.93623626,0.9413447,0.95432615,0.9553304,0.9550907,0.94476485,0.9439444,0.9472322,0.95668,0.94076854,0.9394803,0.95751154,0.9485917,0.95207447,0.96206975,0.958774,0.9515401,0.94859767,0.9593807,0.91853046,0.9523727,0.94021785,0.94681305,0.9392657,0.95816535,0.9463255,0.94942796,0.9505179,0.9603571,0.94705063,0.94777954,0.9420001,0.94106853,0.9443075,0.9555928,0.9491584,0.9394747,0.93734646,0.9482225,0.9388215,0.9437245,0.93111384,0.949435,0.95679295,0.9568345,0.95786756,0.9595048,0.93925285,0.969931,0.9506106,0.9470815,0.9564971,0.953606,0.95265085,0.94794834,0.9552792,0.96990705,0.94987035,0.94249344,0.9466929,0.946722,0.9283465,0.95660096,0.95831704,0.9445405,0.96051866,0.9506565,0.94692147,0.969931,0.9440487,0.95083684,0.95010316,0.94947153
annamovie,0.9635469,0.9520127,0.95708317,0.9528826,0.95016575,0.9593315,0.9635142,0.96064276,0.9783149,0.9429866,0.9555068,0.94817215,0.9438055,0.9999997,0.9651944,0.9609105,0.95783347,0.95950234,0.9664112,0.96082103,0.9597742,0.953293,0.9706149,0.96363366,0.9513969,0.92218006,0.9473402,0.956877,0.9569519,0.95429885,0.9517379,0.9522814,0.96212673,0.9503159,0.9509446,0.91976947,0.95984745,0.9551431,0.9607915,0.95913416,0.9482973,0.96166056,0.9618522,0.95378125,0.95384955,0.95198464,0.9649866,0.9498168,0.94992983,0.95938694,0.95995337,0.9614768,0.9533416,0.9551985,0.9553175,0.94885707,0.95702714,0.9592316,0.96377236,0.94959235,0.94868106,0.95994663,0.95264155,0.97238404,0.9556218,0.95549905,0.95154434,0.9606372,0.9448448,0.9526918,0.9593901,0.8986675,0.94821227,0.96032375,0.94574773,0.94287443,0.91631275,0.9588109,0.95859367,0.95430964,0.94462544,0.95565677,0.95712245,0.95556587,0.95667106,0.94938606,0.9461534,0.95519733,0.95490104,0.95813036,0.9570976,0.9593901,0.9534136,0.95302534,0.9572742,0.9565718,0.96335566,0.9596301,0.94963574,0.96832275,0.95928884,0.9478804,0.941893,0.96247005,0.9685164,0.95855707,0.9578112,0.9568185,0.9604387,0.95021915,0.96289223,0.9135481,0.9554277,0.93130594,0.9621671,0.952166,0.9606471,0.9557955,0.95107293,0.9596474,0.95473444,0.9501939,0.9546114,0.9490213,0.9546202,0.9565361,0.95398366,0.96345925,0.9484408,0.9437478,0.9555221,0.94762504,0.95493287,0.948371,0.95803386,0.9624259,0.9511666,0.96089447,0.9600634,0.9570507,0.9783149,0.95645213,0.94782573,0.95790416,0.94418854,0.95705885,0.94320923,0.9603641,0.9615289,0.9491791,0.9528914,0.9618756,0.9585059,0.9534049,0.95299625,0.9526325,0.9603907,0.95993704,0.95604104,0.96441877,0.9783149,0.9562806,0.97021794,0.96710396,0.9543096
apollo11movie,0.96224564,0.9503561,0.9559848,0.9566214,0.9659563,0.9598967,0.96851826,0.96521336,0.9835247,0.9526951,0.95895785,0.95481414,0.9562447,0.9651944,1.0000002,0.9553203,0.9648125,0.9676049,0.96641576,0.97650707,0.96177626,0.9578439,0.96615875,0.96622276,0.9586886,0.9293231,0.95775414,0.9652399,0.9620165,0.95039046,0.9479884,0.95540553,0.9463965,0.9570983,0.94966173,0.92817104,0.9583987,0.9597463,0.9633909,0.9617876,0.96607625,0.97079563,0.9627891,0.95852834,0.96568054,0.96591413,0.962284,0.95683706,0.9576652,0.9633369,0.9620672,0.9666858,0.95888966,0.9646916,0.9593654,0.95999485,0.9574411,0.9647812,0.9573592,0.96065396,0.9532912,0.95965505,0.9547949,0.95573837,0.9548227,0.9629502,0.95475835,0.9592315,0.95519483,0.95501655,0.9666203,0.9161539,0.9508074,0.96597743,0.95440775,0.9483577,0.93777174,0.9547677,0.9635945,0.9585356,0.9562978,0.9605824,0.9600647,0.9640189,0.9618877,0.95304954,0.9527926,0.9602678,0.96319145,0.9636706,0.95377874,0.9666203,0.9553145,0.947142,0.954376,0.9740665,0.9593638,0.95472044,0.95887816,0.9666499,0.9644161,0.95177084,0.95362216,0.9660521,0.953283,0.96242994,0.96811235,0.95882714,0.95854914,0.95786685,0.96746075,0.9198331,0.9589002,0.9514133,0.96647334,0.93883467,0.9565881,0.960559,0.96083504,0.9625582,0.96250504,0.9596779,0.9592594,0.9550566,0.95600694,0.9548099,0.958633,0.960938,0.965037,0.9427032,0.95950365,0.95457286,0.9590993,0.95847046,0.959195,0.956416,0.9556851,0.95713145,0.9672721,0.95877796,0.9835247,0.96388245,0.9600524,0.9582496,0.95133084,0.9619286,0.96187466,0.9574553,0.964727,0.95727974,0.9582591,0.9570649,0.9661273,0.94739616,0.9623549,0.96268004,0.955151,0.9625361,0.9637297,0.95368505,0.9835247,0.9541122,0.9729786,0.9632508,0.9573096
arcticdogsmovie,0.96107125,0.9626769,0.9514595,0.94847643,0.94998556,0.9561925,0.95520425,0.94394785,0.97421736,0.94692534,0.96278244,0.9421281,0.94132596,0.9609105,0.9553203,1.0000002,0.9537412,0.94966936,0.9620674,0.94715554,0.9546975,0.94366276,0.9566117,0.96092147,0.95251024,0.9154915,0.9391339,0.9483171,0.9498436,0.9434271,0.9365944,0.9539469,0.9457161,0.9425298,0.9530058,0.93583345,0.9467139,0.9538824,0.9450872,0.94694036,0.95467246,0.9591385,0.951583,0.95431453,0.95198786,0.94923615,0.9557951,0.9471856,0.94160974,0.95444995,0.95103824,0.9564231,0.9430664,0.95257205,0.9502899,0.94946474,0.9537453,0.9497226,0.948238,0.9561626,0.9562775,0.9530127,0.95045555,0.9533403,0.94936913,0.95912355,0.95308304,0.95371526,0.9490726,0.9479917,0.9585985,0.8938471,0.94462615,0.95393574,0.9448513,0.9369838,0.9298171,0.95623237,0.96033293,0.95068914,0.95472115,0.9494373,0.95219624,0.96065664,0.95250833,0.9557126,0.9532981,0.94048345,0.9529229,0.95388746,0.94738805,0.9585985,0.94334114,0.9470925,0.94494116,0.9579803,0.9636379,0.95375544,0.9484339,0.9599811,0.95208114,0.947965,0.94308305,0.95671475,0.95197815,0.954462,0.9563056,0.95718086,0.96523124,0.94898844,0.9579924,0.9151466,0.94870037,0.93739784,0.954101,0.9459029,0.95968837,0.9469954,0.95826995,0.9523478,0.9531035,0.9534717,0.9577565,0.9488532,0.9428056,0.95027745,0.9507816,0.9527242,0.9409217,0.9364409,0.95367175,0.9484445,0.94875205,0.9399744,0.95477104,0.95534337,0.94980067,0.95366246,0.9604092,0.94940567,0.97421736,0.9486575,0.9506699,0.9560704,0.9532321,0.95873004,0.949074,0.9564763,0.9520927,0.9447079,0.9461153,0.95216167,0.96125644,0.93852633,0.95121646,0.94558454,0.94999766,0.95279133,0.94442505,0.954538,0.97421736,0.94171846,0.9603702,0.95412314,0.9539329
arcticmovie,0.9628893,0.94765157,0.95757794,0.948537,0.9557795,0.95616645,0.9671693,0.9558647,0.9748983,0.9412843,0.95362127,0.95136106,0.9482597,0.95783347,0.9648125,0.9537412,0.9999997,0.9571794,0.9625512,0.96082574,0.9601257,0.95096135,0.95662034,0.95286894,0.9559498,0.9156401,0.94424444,0.9728179,0.9457966,0.94791585,0.9434871,0.9558876,0.94612396,0.9516751,0.93659,0.9153903,0.9448558,0.95503455,0.95334834,0.9474682,0.953885,0.9620439,0.9554515,0.95553833,0.94965464,0.9605335,0.95259094,0.9513281,0.9605987,0.9588854,0.950547,0.96121365,0.9558777,0.9581245,0.9432672,0.95437616,0.9482828,0.9453527,0.9551404,0.9466306,0.95151657,0.9502409,0.9461178,0.94553256,0.945864,0.9599619,0.9393262,0.9543478,0.9412718,0.9489453,0.9527754,0.9098195,0.94055784,0.959915,0.9436121,0.9345342,0.931159,0.95368,0.9566231,0.9487916,0.946848,0.95644987,0.95304453,0.95200366,0.9569254,0.94861436,0.94187623,0.94852906,0.95062983,0.9561157,0.9503556,0.9527754,0.9579921,0.9390979,0.9457805,0.9596632,0.9583305,0.95145303,0.95679665,0.95127976,0.9538321,0.9493984,0.94253874,0.95383215,0.9441462,0.95330966,0.9595626,0.95484626,0.949034,0.947981,0.9609522,0.909357,0.9454324,0.9348699,0.9563675,0.9394104,0.9597166,0.9483552,0.9566674,0.96109486,0.9540906,0.9552315,0.9540224,0.95321006,0.95070624,0.95501494,0.9491386,0.9551975,0.95919794,0.94667864,0.9497743,0.95305413,0.9699566,0.954034,0.9453185,0.95522976,0.95115227,0.9512604,0.9547222,0.9531021,0.9748983,0.9498148,0.9545812,0.95990413,0.9423233,0.9593763,0.9576948,0.9527655,0.9586317,0.9589014,0.9482902,0.964357,0.95826423,0.9480481,0.95033985,0.94710207,0.9493501,0.94613814,0.94703275,0.94523185,0.9748983,0.9523712,0.9623518,0.9629812,0.94531554
artofracingmovie,0.95999587,0.95092237,0.9529505,0.95598906,0.976943,0.9590849,0.96058285,0.9581643,0.9788261,0.9488894,0.953837,0.9567981,0.9568527,0.95950234,0.9676049,0.94966936,0.9571794,1.0000002,0.9583553,0.9585278,0.9519509,0.95332205,0.9614221,0.96656185,0.95173705,0.92866594,0.95688695,0.9509403,0.9580076,0.95796764,0.9458015,0.95102376,0.9468267,0.95088285,0.9393733,0.9197956,0.9618622,0.95885974,0.95496297,0.9609678,0.9546809,0.95774925,0.9505865,0.95089275,0.9653512,0.95235664,0.9556642,0.95414805,0.9535762,0.9550186,0.9573376,0.96045333,0.95475596,0.95809174,0.952008,0.96796185,0.96045023,0.9621697,0.95649964,0.953568,0.95180964,0.9596524,0.95281845,0.9538467,0.94418454,0.9541468,0.9469576,0.9568636,0.9442546,0.94441944,0.9628092,0.8900896,0.9462825,0.95493084,0.94982684,0.9415799,0.92557335,0.9487674,0.95827514,0.95835197,0.9424538,0.9499049,0.9572485,0.9524495,0.9498739,0.95453864,0.94358253,0.96274793,0.95936316,0.9499736,0.9523203,0.9628092,0.9516383,0.9522885,0.9534902,0.9607643,0.9545661,0.9559474,0.95199966,0.9533418,0.9617748,0.945363,0.9472065,0.96606857,0.94991,0.95769274,0.9618784,0.955125,0.9560201,0.9481051,0.95663285,0.9084734,0.9562616,0.9272987,0.96095765,0.94329023,0.96417433,0.95011735,0.95260245,0.95431256,0.9551807,0.95188326,0.9566062,0.9529354,0.9549196,0.95495266,0.9600492,0.95734257,0.9639656,0.9292112,0.95783186,0.963015,0.95515656,0.9469771,0.9538497,0.9587576,0.9561778,0.9562316,0.9601856,0.96502036,0.9788261,0.9593373,0.95095307,0.9572931,0.95146793,0.9553306,0.94317657,0.9514591,0.96010154,0.9478814,0.9532413,0.9514816,0.9571795,0.9379066,0.9622533,0.95151573,0.9582606,0.95982945,0.96036977,0.9550178,0.9788261,0.9606688,0.9639704,0.95835316,0.95388275
avengers,0.97522527,0.95439285,0.95537364,0.9529633,0.9565756,0.9585161,0.9658854,0.96255887,0.9766185,0.95142055,0.9599078,0.9465403,0.94876534,0.9664112,0.96641576,0.9620674,0.9625512,0.9583553,0.9999997,0.9547357,0.9624703,0.95845455,0.9547064,0.962595,0.95494086,0.92305046,0.9398127,0.95161194,0.9592855,0.949205,0.9710483,0.95407236,0.9491304,0.95182824,0.9463132,0.9305756,0.95556635,0.95324844,0.9564814,0.94792765,0.9549437,0.9594173,0.95476675,0.9526983,0.9525003,0.9550092,0.9520192,0.95446086,0.9536533,0.9586853,0.96252936,0.9587548,0.956208,0.9575421,0.95418984,0.95661443,0.95683515,0.95500636,0.9589577,0.9522703,0.9548725,0.95375276,0.95352185,0.95693004,0.95112276,0.95660776,0.9460028,0.9560089,0.95411724,0.95315194,0.9604243,0.91137564,0.945441,0.9491119,0.9490059,0.9414298,0.9224314,0.950353,0.95507836,0.9512866,0.9623211,0.95674247,0.95932287,0.9546758,0.9577801,0.9526713,0.94845515,0.95203185,0.9531028,0.95613146,0.9525374,0.9604243,0.9540909,0.9497239,0.9567014,0.95931756,0.9634979,0.9543278,0.95963436,0.95623213,0.9578965,0.9521955,0.9506104,0.9575031,0.9525725,0.96666205,0.96069765,0.9545618,0.9533093,0.9424111,0.95758647,0.91633534,0.9561788,0.94707525,0.95885503,0.95102197,0.9610668,0.9495664,0.9593259,0.9651458,0.9561686,0.9531374,0.95113295,0.9538306,0.950673,0.9573229,0.9540075,0.9661821,0.95118296,0.9562794,0.95414776,0.9546102,0.95233345,0.94400746,0.9618396,0.9555715,0.9637065,0.95400065,0.9663608,0.9516473,0.9766185,0.95678675,0.95059985,0.9563972,0.9445344,0.9548163,0.9552322,0.95766246,0.96418124,0.95268255,0.95698,0.9623128,0.96109784,0.94854605,0.95521075,0.953062,0.95053804,0.9572731,0.96173275,0.96487945,0.9766185,0.9523892,0.9675188,0.9568814,0.9542115
beachbummovie,0.95731294,0.93975693,0.9490706,0.9451876,0.9577908,0.9565564,0.96520203,0.9501486,0.9742263,0.9438167,0.94555765,0.94614905,0.9457877,0.96082103,0.97650707,0.94715554,0.96082574,0.9585278,0.9547357,1.0000004,0.95621824,0.95827854,0.9555775,0.958235,0.95438457,0.9177283,0.9410242,0.96061933,0.95380783,0.9424898,0.939403,0.94356835,0.9431689,0.9428023,0.94001085,0.91701895,0.95229954,0.9557829,0.95832115,0.9540634,0.94884515,0.9580469,0.95331675,0.94351757,0.9545145,0.9631926,0.95100665,0.9530208,0.9439212,0.948664,0.9514702,0.9526327,0.9527067,0.95928955,0.9486693,0.94498503,0.9436736,0.9481079,0.9490963,0.949567,0.9502396,0.9504705,0.947435,0.95203817,0.94228154,0.9502372,0.94413376,0.9466885,0.94344676,0.9466015,0.95624036,0.90318704,0.9347554,0.9577939,0.943504,0.93526167,0.93099153,0.95193565,0.94636136,0.9539305,0.9516715,0.9589988,0.94613254,0.95046,0.9531,0.9450846,0.9392635,0.9454837,0.9596254,0.95398396,0.9502489,0.95624036,0.94492733,0.9346966,0.947234,0.9558903,0.95123464,0.9566887,0.951843,0.95419526,0.9597816,0.94672346,0.93923354,0.95820904,0.94748104,0.95300615,0.95420414,0.96008086,0.9515212,0.9496101,0.9570589,0.9182541,0.9489871,0.93597966,0.95892024,0.93832445,0.95918095,0.9519267,0.9536397,0.9599513,0.9501252,0.9456471,0.94874,0.9503601,0.95208174,0.9446861,0.94544154,0.95170975,0.95383996,0.9341661,0.9507256,0.94221896,0.94933313,0.9464775,0.9416075,0.95084614,0.94737655,0.94763196,0.9518325,0.9530478,0.9742263,0.95052075,0.9572038,0.9612851,0.94635665,0.9554493,0.9521541,0.95373863,0.9616492,0.95228773,0.95584357,0.95002365,0.9542463,0.93355197,0.9524864,0.9499651,0.94534296,0.9485907,0.9479914,0.9452478,0.9742263,0.9450117,0.96347475,0.95747983,0.946979
bernadettefilm,0.9618615,0.94976604,0.95112205,0.950764,0.9512536,0.9541509,0.9635116,0.9609255,0.97635347,0.943088,0.9608619,0.9476335,0.95003086,0.9597742,0.96177626,0.9546975,0.9601257,0.9519509,0.9624703,0.95621824,0.9999994,0.945033,0.95961094,0.95585006,0.9492337,0.9322085,0.943624,0.9581955,0.94422674,0.95174575,0.9463605,0.9519158,0.95513976,0.9425807,0.9523591,0.936077,0.9514938,0.95382077,0.9543597,0.95727307,0.94974285,0.95977604,0.9548781,0.95309806,0.95461315,0.95885056,0.9593378,0.95283854,0.95404804,0.953353,0.94586223,0.95805603,0.9538261,0.96385026,0.9452129,0.94505835,0.95409036,0.9463819,0.95317906,0.961706,0.95054406,0.95016056,0.95329607,0.94889885,0.95022637,0.95230424,0.95214546,0.9558303,0.9513762,0.94433093,0.9662367,0.9172876,0.94469666,0.95879644,0.9491909,0.94493043,0.9332251,0.9592698,0.95380384,0.95238584,0.9541124,0.9618952,0.9530151,0.95652187,0.95153415,0.95006686,0.95163023,0.95415115,0.96087724,0.95953435,0.95330954,0.9662367,0.95486975,0.9469143,0.9437944,0.954915,0.96077627,0.9502528,0.95323443,0.9583164,0.9561755,0.9412566,0.94514406,0.9598385,0.950105,0.9496568,0.96097964,0.9501064,0.9496951,0.9534898,0.9638327,0.9189301,0.95205885,0.94074875,0.9627074,0.94508964,0.9610788,0.95088935,0.9572965,0.9593323,0.95989686,0.956945,0.9445247,0.9459255,0.9568832,0.9540966,0.9623866,0.9525899,0.9505764,0.9401094,0.9660287,0.9581657,0.9594585,0.9570631,0.9484131,0.9611036,0.9520685,0.9528224,0.9622685,0.94995487,0.97635347,0.94874007,0.9566459,0.95153,0.94297814,0.96052754,0.95692563,0.9580904,0.96020013,0.95066184,0.95004386,0.955966,0.960624,0.9423631,0.9625641,0.9566621,0.95076334,0.9587273,0.9509194,0.9553109,0.97635347,0.94706345,0.96531725,0.95544314,0.9515831
