movie,21bridgesmovie,47metersdown,abeautifuldaymovie,abominablemovie,adastramovie,adogsjourneymovie,aftermathmovie,aftermovie,ahiddenlifefilm,alitamovie,angelhasfallen,angrybirdsmovie,annabellemovie,annamovie,apollo11movie,arcticdogsmovie,arcticmovie,artofracingmovie,avengers,beachbummovie,bernadettefilm,blackandbluemovie,blackchristmas,blindedbythelightmovie,bombshellmovie,booksmart,breakthroughmovie,brianbanksmovie,brightburnmovie,brittanyrunsmov,captainmarvelofficial,captivestatemovie,catsmovie,charliesangels,childsplaymovie,clarathefilm,coldpursuitmovie,countdown,currentwarmovie,darkwatersmovie,detectivepikachumovie,disneyaladdin,disneyfrozen,disneymaleficent,doctorsleepmovie,dolemiteismyname,dontletgomovie,doramovie,downtonabbey_official,dumbo,escaperoom,everybodyknowsmovie,fastandfuriousmovie,fightingwmyfam,fivefeetapartfilm,fordvferrari,freaksthefilm,geminimanmovie,glassmovie,gloriabellmovie,godzillamovie,goldfinchmovie,goodboysmovie,goodliarmovie,gretafilm,halathemovie,happydeathdaymovie,harrietfilm,hellboymovie,hersmellmovie,highlifemovie,highstrungmovie,honeyboymovie,hotelmumbaifilm,httydragon,hustlemovie,hustlersmovie,isntitromantic,itmovieofficial,jayandsilentbob,johnwickmovie,jojorabbitmovie,jokermovie,judythefilm,jumanjimovie,justmercyfilm,knivesout,lalloronamovie,lastblackmansf,lastchristmasthemovie,latenightmovie,lighthousemovie,lionking,littlethemovie,littlewomenmovie,littlewoodsfilm,longshotmovie,lordsofchaosmovie,lucyintheskyfilm,mamovie2019,marriagestory,meettheaddams,meninblack,midsommarmovie,midwaymovie,missbalamovie,missinglinkfilm,motherlessbklyn,onceinhollywood,onthebasisofsex,overcomermovie,peanutbutterfalcon,petsematarymovie,piercingmovie,playingwithfire,playmobilthemovie,pomsmovie,queenandslim,rambomovie,readyornotfilm,richardjewellfilm,rocketmanmovie,scarystoriesmovie,secretlifeofpets,serenityfilm,shaftmovie,shazammovie,spidermanmovie,spiesindisguise,starwars,stormboymovie,stubermovie,taosdfilm,teenspiritmov,terminator,theaeronautsmov,thebestofenemies,thedeaddontdie,thefarewell,thehighwaymen,thehummingbirdprojectfilm,theintrudermovie,theirishmanfilm,thekitchenmovie,thelegomovie,themustangfilm,thenightingalefilm,theprodigymovie,thesunisalsoastar,theupsidefilm,tolkienmovie,toystory,triplefrontier,uglydolls,uncutgems,underthesilverlake,usmovie,wavesmovie,whatmenwant,wonderparkmovie,wrinklestheclown,xmenmovies,yardiefilm,yesterdaymovie,zombieland
21bridgesmovie,1.0000005,0.95139796,0.95131034,0.9442714,0.96165866,0.9627376,0.9543519,0.9459401,0.9764151,0.9472428,0.9513361,0.9372635,0.9519153,0.9507392,0.9492481,0.9519243,0.9345224,0.9516784,0.9651406,0.9448885,0.9537011,0.944313,0.95396495,0.95483315,0.9451546,0.89845353,0.93395895,0.9439597,0.9487303,0.95320624,0.94414574,0.9520592,0.9439088,0.94617885,0.9423247,0.9298799,0.95649326,0.9611458,0.95884824,0.94402003,0.95206743,0.9584781,0.95167816,0.9543235,0.9523826,0.95621336,0.95376444,0.94895273,0.958105,0.9564759,0.95055425,0.95209956,0.95418817,0.94989187,0.9524392,0.94446313,0.95159966,0.9565922,0.94457155,0.953071,0.9439155,0.950181,0.9504495,0.9488878,0.94202816,0.9446711,0.9525289,0.9497023,0.95179635,0.9287563,0.9555199,0.86672586,0.9405496,0.9584197,0.9504298,0.9321323,0.94031316,0.95176744,0.94030523,0.9473119,0.95292246,0.9528774,0.9530384,0.94993085,0.9486071,0.9370443,0.9422358,0.95007664,0.94334435,0.95605326,0.95098966,0.9555199,0.9549114,0.9514039,0.9545473,0.9459918,0.95458513,0.9445898,0.9470006,0.9556069,0.9563311,0.94646907,0.9439318,0.9499326,0.949205,0.9477446,0.9493092,0.9540825,0.9444822,0.9486284,0.94857436,0.9073788,0.95580965,0.92675054,0.9486591,0.9683432,0.98845106,0.9408083,0.96101665,0.9476235,0.94509715,0.9524087,0.96234304,0.9577996,0.9451773,0.941674,0.9588179,0.9458079,0.9445086,0.9377389,0.9549197,0.94350374,0.95169604,0.9277753,0.95484656,0.958772,0.97441775,0.9543079,0.9545809,0.9530603,0.9764151,0.942844,0.95975244,0.94445425,0.94636637,0.9445688,0.939242,0.9475844,0.9507857,0.9570303,0.9577668,0.9524982,0.94900507,0.9539864,0.94616604,0.9494807,0.9469218,0.95077795,0.95201993,0.94553304,0.9764151,0.94557637,0.95363563,0.95699304,0.9515086
47metersdown,0.95139796,0.9999995,0.9517799,0.9484526,0.9546715,0.9395682,0.9492708,0.9516962,0.9731667,0.950908,0.9436333,0.94097626,0.945028,0.95645267,0.9482151,0.9558659,0.940612,0.96003413,0.93890536,0.94085723,0.9534554,0.9437025,0.95505524,0.9528569,0.9410987,0.8958926,0.94424224,0.9475196,0.9506614,0.93068546,0.9452751,0.9496627,0.9356971,0.9469909,0.9460536,0.9133023,0.96203685,0.9502499,0.9524513,0.95294666,0.95442057,0.9485168,0.95137644,0.9473365,0.95484865,0.95492446,0.9551475,0.95333135,0.9469598,0.94739574,0.94883096,0.95452005,0.94732857,0.948411,0.946337,0.949592,0.9516561,0.95155084,0.9551764,0.9541245,0.94742036,0.9528231,0.95868194,0.94163764,0.9451811,0.9526248,0.94617176,0.94485295,0.9480147,0.93745786,0.9543979,0.8628232,0.9390141,0.957121,0.9403154,0.93839824,0.93127114,0.94880515,0.94398236,0.94810957,0.9467906,0.9464639,0.9516691,0.9459292,0.9519079,0.9429496,0.9447414,0.95356107,0.9476664,0.9562728,0.94424784,0.9543979,0.9554803,0.95595634,0.95617837,0.9374168,0.9460531,0.9474646,0.9419954,0.95977443,0.95953554,0.9530013,0.9427884,0.94617945,0.96166635,0.94738084,0.9508772,0.9490542,0.9434744,0.95553285,0.9523701,0.88572663,0.9553879,0.92027545,0.95092624,0.9508129,0.9588113,0.94615704,0.944725,0.95066065,0.9386707,0.95317876,0.9586806,0.93999743,0.9490095,0.9435926,0.9557556,0.9455431,0.9518473,0.92980796,0.9529978,0.94762564,0.9498617,0.9306318,0.95089704,0.9423101,0.9543668,0.9517025,0.9554423,0.95314974,0.9731667,0.9490095,0.9548012,0.9433049,0.94175124,0.9452611,0.9365507,0.9486872,0.95122266,0.95422226,0.94700253,0.95561504,0.94289243,0.9278567,0.95601815,0.9518102,0.94590795,0.9519779,0.95585114,0.95247084,0.9731667,0.9478796,0.94981647,0.95684844,0.949998
abeautifuldaymovie,0.95131034,0.9517799,0.9999993,0.9466743,0.95172477,0.9454274,0.960923,0.9525019,0.9749043,0.95493263,0.9570453,0.9551765,0.9482224,0.956805,0.9562773,0.9499884,0.9467641,0.9608185,0.94712275,0.9476065,0.95708174,0.9676415,0.96092314,0.9498141,0.94965327,0.904361,0.949421,0.9426599,0.9739028,0.9468044,0.9540062,0.9484998,0.94690776,0.9540317,0.93760085,0.9261071,0.9588122,0.9506839,0.96047354,0.9430623,0.946037,0.9548791,0.94342893,0.94960344,0.9437592,0.9566677,0.960505,0.957142,0.95179635,0.9507531,0.97849387,0.9521162,0.95188403,0.9509201,0.9504498,0.9523111,0.9579722,0.95568055,0.95144784,0.95671725,0.95815086,0.95615035,0.94253486,0.95174515,0.9532029,0.9500434,0.95077324,0.94818014,0.9498398,0.93543667,0.9537765,0.8829257,0.942264,0.9597419,0.9550817,0.93625116,0.94774383,0.9415149,0.9490779,0.95840263,0.95687145,0.94691753,0.95446557,0.95484406,0.96111226,0.94901276,0.94789,0.95069224,0.94906586,0.9569171,0.9505214,0.9537765,0.94940317,0.95079756,0.97478616,0.9542655,0.9520598,0.95009285,0.9492246,0.95504534,0.9594698,0.9477106,0.9616065,0.9436918,0.9553417,0.9757877,0.95191115,0.950688,0.9690894,0.95080215,0.9540658,0.9183808,0.95489013,0.92381394,0.9588357,0.94717747,0.95965815,0.94920367,0.9543896,0.9596667,0.9490231,0.9516378,0.96191674,0.945325,0.95273966,0.95394695,0.95665455,0.96730787,0.9520661,0.93733454,0.9532232,0.94676244,0.9508866,0.93765074,0.9499663,0.95053667,0.95294434,0.95573467,0.9570715,0.9479069,0.9749043,0.97026837,0.96071035,0.9423555,0.9499684,0.9431679,0.9451023,0.9485354,0.95885295,0.95516914,0.9574546,0.9676192,0.95382386,0.935039,0.9594263,0.94921124,0.9443566,0.9513558,0.9449863,0.9523835,0.9749043,0.9583428,0.9605621,0.960727,0.97208
abominablemovie,0.9442714,0.9484526,0.9466743,0.9999993,0.9504516,0.9424704,0.94735163,0.95311445,0.96962553,0.9494719,0.950208,0.94536185,0.9638137,0.95563084,0.94938326,0.9535848,0.9368347,0.95303017,0.93764615,0.9417078,0.9541898,0.9497985,0.960732,0.9484177,0.94658,0.8948999,0.9495015,0.9431345,0.95476663,0.9401637,0.94684786,0.9540104,0.9476398,0.9440873,0.93422395,0.92278033,0.95228577,0.9602398,0.9522692,0.9447509,0.94197845,0.9460897,0.92981195,0.9355728,0.947323,0.9549704,0.9615137,0.94941634,0.95127755,0.9336454,0.9526546,0.9497331,0.9566873,0.9497537,0.9561569,0.95267785,0.9402548,0.95459914,0.9576806,0.94716156,0.9475489,0.96120626,0.9490327,0.941814,0.9393123,0.9525661,0.94147074,0.94835985,0.9541804,0.930251,0.9459541,0.8644977,0.9424081,0.9470078,0.95800483,0.9373268,0.9364571,0.933177,0.9457791,0.95164317,0.9556218,0.9471561,0.947863,0.94437045,0.9538244,0.9491106,0.9542423,0.9558026,0.94540673,0.9405581,0.9545986,0.9459541,0.9473466,0.95040655,0.9554218,0.9599208,0.9527223,0.9440934,0.9401252,0.9587651,0.95067424,0.94431156,0.94301337,0.94259995,0.9499492,0.9515262,0.95273393,0.9438588,0.9462168,0.9385629,0.9528664,0.890541,0.9569035,0.9164377,0.95078164,0.94303423,0.95255244,0.94779474,0.949397,0.9501892,0.9415718,0.95440584,0.9636844,0.9443532,0.95517933,0.94116086,0.95701784,0.9462667,0.9534278,0.9201755,0.9588949,0.93886137,0.9443374,0.93573314,0.9478966,0.94620675,0.9399142,0.9451351,0.95266193,0.9447743,0.96962553,0.95551425,0.9490801,0.9431075,0.94166636,0.94170135,0.9368524,0.9455025,0.94159245,0.94188523,0.95388466,0.94036496,0.94557124,0.9370537,0.94764507,0.94176936,0.94672537,0.94395834,0.9459922,0.9493436,0.96962553,0.95072955,0.9553394,0.9589125,0.9448437
adastramovie,0.96165866,0.9546715,0.95172477,0.9504516,1.0000001,0.9467165,0.9593782,0.9548246,0.9750575,0.9587414,0.9544591,0.94016486,0.9474211,0.9586114,0.95483005,0.9552672,0.94972146,0.9698385,0.9653718,0.95147204,0.95608586,0.9467964,0.96311015,0.9598679,0.93957776,0.8839183,0.9553684,0.95870954,0.95562774,0.9518792,0.9629937,0.96349865,0.9443891,0.94892424,0.93984777,0.92211324,0.96220195,0.9456656,0.95283633,0.9529161,0.94437253,0.9598252,0.9453767,0.9585448,0.9542796,0.96257776,0.96024007,0.9500174,0.9651964,0.9572568,0.9528184,0.96137124,0.94756323,0.9475254,0.9477392,0.9682859,0.95791155,0.9517076,0.94777685,0.95426196,0.949462,0.95647836,0.95039475,0.9507537,0.9482966,0.94696593,0.9489308,0.957179,0.95212436,0.9336563,0.96001667,0.84866345,0.942841,0.9634307,0.9527104,0.9381516,0.9346608,0.94748175,0.9492682,0.94940907,0.9524718,0.9516625,0.9549487,0.9556189,0.9502291,0.9523588,0.9442239,0.95693046,0.947316,0.9554015,0.9557777,0.96001667,0.953081,0.9521726,0.95973426,0.94798636,0.9533172,0.944518,0.9467413,0.9591943,0.9591316,0.9439551,0.94570285,0.9517716,0.9585295,0.94860214,0.9570339,0.95352066,0.94827443,0.95461917,0.95690036,0.9026285,0.9591482,0.92748934,0.95451695,0.95819473,0.9648194,0.9493818,0.95384693,0.95669496,0.9508336,0.9514969,0.96117806,0.9548626,0.9553707,0.9426785,0.9554643,0.95337814,0.96364504,0.9448806,0.9548469,0.964104,0.9573821,0.9369517,0.9554606,0.95816463,0.9517736,0.9593423,0.9577859,0.9573489,0.9750575,0.9527318,0.95653653,0.9510797,0.94886684,0.94816154,0.94057804,0.9488603,0.95719165,0.9463372,0.96045387,0.9497065,0.9484221,0.94640213,0.94472665,0.9540573,0.95332366,0.9555068,0.9486985,0.94906825,0.9750575,0.95246994,0.9562764,0.95910054,0.9518465
adogsjourneymovie,0.9627376,0.9395682,0.9454274,0.9424704,0.9467165,1.0000002,0.9527776,0.9411618,0.9688181,0.94172764,0.9470678,0.93684196,0.95135915,0.9460651,0.9439819,0.9422972,0.93234015,0.94615823,0.9415192,0.93749815,0.94363165,0.9443003,0.94944483,0.9506778,0.94097376,0.8998328,0.9273614,0.92448133,0.94346845,0.9466453,0.94048953,0.9441125,0.9473502,0.9404322,0.9299421,0.91914165,0.9449431,0.9421078,0.95094126,0.9342782,0.9339024,0.9463104,0.9480866,0.9406978,0.94499505,0.9462932,0.95079064,0.9387132,0.9474835,0.94329715,0.9450402,0.9446762,0.9475478,0.9366562,0.93384343,0.9359446,0.9401783,0.9563984,0.9419419,0.94044626,0.9295113,0.9418185,0.9447443,0.9436044,0.939819,0.9453803,0.951498,0.93609065,0.9386531,0.92815214,0.94478667,0.86818016,0.92954934,0.9478878,0.9420876,0.92578244,0.9339919,0.9469958,0.93830574,0.9459208,0.9505295,0.9442183,0.9438366,0.9348404,0.94206613,0.9361792,0.9416435,0.95000565,0.9405443,0.93939704,0.9529558,0.94478667,0.9406899,0.94714785,0.94293576,0.9422163,0.94599235,0.9430944,0.94499665,0.9471359,0.9416065,0.94475937,0.94549054,0.9383791,0.9402105,0.94032687,0.9377769,0.9452286,0.9401447,0.9357014,0.94061744,0.89414287,0.95436835,0.9152335,0.9411415,0.9511894,0.9577972,0.9364114,0.95493793,0.9449956,0.9475839,0.9452716,0.9511457,0.9726761,0.94251084,0.93880177,0.9611585,0.94218725,0.94118494,0.93558824,0.9440792,0.93564093,0.9421322,0.92132235,0.9528343,0.95055157,0.95607936,0.9518218,0.946286,0.9425543,0.9688181,0.94206876,0.9471197,0.94454324,0.93700606,0.94287235,0.93147093,0.93960685,0.9430482,0.9403572,0.95297545,0.94429374,0.9432487,0.9402173,0.93697846,0.9360855,0.93950796,0.9428914,0.9469527,0.9378414,0.9688181,0.93369347,0.95881957,0.9472852,0.9353489
aftermathmovie,0.9543519,0.9492708,0.960923,0.94735163,0.9593782,0.9527776,0.9999996,0.94908065,0.9804124,0.95558083,0.96445006,0.94749606,0.9610108,0.9600728,0.95991784,0.9571355,0.9445761,0.9570344,0.95201725,0.95113504,0.9625691,0.9561177,0.9632953,0.9597224,0.9540822,0.909952,0.94045633,0.9464826,0.9522603,0.9462187,0.9564206,0.96536106,0.95085835,0.95155114,0.93458056,0.93140966,0.9616393,0.9519867,0.95537716,0.95561075,0.94946986,0.9549819,0.94816816,0.9634127,0.9541231,0.9593636,0.9583219,0.94910294,0.95617217,0.96091753,0.9561547,0.96259266,0.95099115,0.94993323,0.9464361,0.94768816,0.95844513,0.95687026,0.95330906,0.9565117,0.95098203,0.96449304,0.9504704,0.9531323,0.954483,0.9511399,0.9487446,0.9593219,0.9493301,0.93450737,0.96204555,0.8670912,0.9408671,0.9578125,0.94898534,0.9404401,0.9304444,0.9580188,0.9569889,0.9437538,0.96024275,0.9736819,0.95931315,0.95317185,0.9569714,0.9483049,0.95508677,0.9513944,0.95830667,0.9617106,0.9646044,0.96204555,0.9615954,0.9613107,0.96215105,0.9501257,0.9537547,0.94407654,0.9705948,0.958198,0.960201,0.9542129,0.9552291,0.95385784,0.9506423,0.9519945,0.9561285,0.9548062,0.9539678,0.9546464,0.95563143,0.91010916,0.9637044,0.9344494,0.9622209,0.96002686,0.9631681,0.94782805,0.9588787,0.98595035,0.9458941,0.9573936,0.963618,0.9659211,0.9544701,0.95257175,0.95778507,0.9531691,0.95471096,0.9375756,0.96265435,0.9492154,0.95607257,0.9439095,0.9557998,0.9611861,0.952493,0.9585586,0.9608234,0.95244515,0.9804124,0.9617092,0.9577196,0.949328,0.9541183,0.9523275,0.94965786,0.94725287,0.9568521,0.9517989,0.97741157,0.9648718,0.95158017,0.9420122,0.9499895,0.95535463,0.9513527,0.95995015,0.9563674,0.95398426,0.9804124,0.95064306,0.9661647,0.958238,0.951669
aftermovie,0.9459401,0.9516962,0.9525019,0.95311445,0.9548246,0.9411618,0.94908065,1.0000005,0.9716954,0.9434832,0.95096344,0.94141346,0.95744,0.9514198,0.94405574,0.9525706,0.9474946,0.9573733,0.93772966,0.9375372,0.94292575,0.9475536,0.95193106,0.96164244,0.94438285,0.8919385,0.946211,0.9406548,0.9452512,0.94419354,0.94506896,0.9496383,0.9435807,0.93642825,0.93464565,0.91709715,0.95833296,0.9524575,0.9500962,0.94559884,0.93731785,0.9444188,0.9308252,0.9444205,0.9448989,0.9549773,0.9527538,0.947862,0.9532407,0.94708717,0.95008326,0.955569,0.94999236,0.9566111,0.9496046,0.94733757,0.94122386,0.95264995,0.947242,0.94951916,0.9445831,0.9590806,0.94494975,0.95473444,0.94770676,0.9484426,0.9414776,0.94492126,0.95140254,0.9348565,0.94981205,0.85965055,0.93241274,0.9560427,0.9447486,0.9322287,0.93215847,0.9474066,0.9479593,0.94545126,0.9487093,0.9451332,0.9615242,0.94714403,0.953606,0.9470104,0.95303166,0.958096,0.9466526,0.9460338,0.9520433,0.94981205,0.9451235,0.9467712,0.9516979,0.9430566,0.9515885,0.9380462,0.9524191,0.9483317,0.9452711,0.9454037,0.94557214,0.9425008,0.952137,0.94797397,0.9527639,0.94980067,0.934281,0.9490142,0.9528089,0.88836664,0.9525126,0.91302603,0.94582754,0.95054895,0.9546262,0.9396817,0.951248,0.94820255,0.9522126,0.9451575,0.95260537,0.9408292,0.9472275,0.9468659,0.95701015,0.9429034,0.9494034,0.9268894,0.95589155,0.9480773,0.93983215,0.9354006,0.950765,0.94674826,0.94192034,0.95308757,0.9547186,0.9398867,0.9716954,0.9522848,0.93952775,0.9524893,0.9459329,0.9462745,0.9347264,0.9449305,0.96153384,0.9480032,0.95304716,0.9463173,0.95034015,0.94256455,0.949187,0.9516235,0.940778,0.955174,0.9546073,0.95183563,0.9716954,0.9468314,0.95466524,0.95519125,0.94927734
ahiddenlifefilm,0.9764151,0.9731667,0.9749043,0.96962553,0.9750575,0.9688181,0.9804124,0.9716954,1.0000001,0.971244,0.97682506,0.96284336,0.9749592,0.9790477,0.9742863,0.9733989,0.96579367,0.97491646,0.9673964,0.969326,0.9753753,0.9735968,0.9756065,0.9763589,0.96751875,0.9264434,0.9652635,0.96695936,0.9744147,0.9661086,0.9688256,0.9744761,0.96661294,0.9711449,0.96335244,0.9513441,0.97953314,0.97376037,0.97865534,0.97246087,0.9684995,0.9737082,0.9671879,0.97512287,0.97257113,0.979087,0.97550386,0.97354215,0.9757165,0.97451717,0.97547954,0.9785048,0.9727873,0.9707978,0.96763325,0.96921325,0.9707951,0.9754317,0.9725011,0.97842,0.96776307,0.9761463,0.970462,0.97222716,0.97106045,0.97302955,0.9699008,0.9751404,0.97231597,0.9575435,0.981111,0.8880334,0.9612518,0.9776827,0.9732886,0.95773226,0.96088237,0.97213966,0.96997327,0.97011214,0.9761108,0.97213435,0.97792244,0.97411805,0.97465366,0.9655758,0.9720607,0.97609913,0.9734771,0.9765128,0.9724157,0.981111,0.97559875,0.9723649,0.97790104,0.9696908,0.97356975,0.965842,0.9708261,0.9785183,0.97771746,0.9695631,0.968294,0.9720497,0.97602785,0.9730455,0.9758913,0.9746808,0.9685731,0.9743237,0.9772042,0.92517304,0.9766645,0.9531029,0.9741274,0.97465676,0.98263794,0.9687037,0.97701746,0.9798758,0.9685192,0.9745672,0.9816164,0.97269803,0.97260195,0.9674899,0.98075044,0.9697056,0.9749575,0.9585273,0.979771,0.96660954,0.9722009,0.9586453,0.9744252,0.974715,0.9735723,0.97437847,0.98009765,0.9714976,1.0000001,0.97438544,0.97814167,0.9695093,0.9684404,0.96999985,0.96602196,0.9714244,0.97642595,0.9730787,0.978969,0.97593915,0.97156495,0.9586624,0.97291654,0.97459084,0.9682502,0.9742102,0.96904767,0.9724305,1.0000001,0.9706925,0.97782683,0.97760797,0.97285867
alitamovie,0.9472428,0.950908,0.95493263,0.9494719,0.9587414,0.94172764,0.95558083,0.9434832,0.971244,0.9999998,0.94717675,0.9420349,0.9566462,0.95679677,0.9474489,0.94879127,0.94207203,0.9565097,0.94954705,0.94373894,0.9458843,0.9512129,0.9501656,0.9474748,0.9378348,0.89466494,0.94100714,0.9419933,0.9529835,0.9384833,0.94413656,0.9503544,0.9447023,0.94703525,0.9384489,0.9146274,0.9504639,0.9446547,0.9568942,0.94944924,0.9376722,0.9422195,0.9406718,0.9494929,0.94103277,0.95613843,0.9524561,0.9419523,0.9518505,0.9458113,0.95281243,0.9520836,0.95087886,0.9424937,0.9375751,0.9532932,0.9499133,0.95585114,0.94831425,0.9448271,0.9422673,0.94856876,0.9437573,0.9466795,0.94164294,0.9545369,0.94419575,0.9483615,0.94499207,0.93365,0.9466686,0.85250485,0.92603594,0.95471245,0.9453349,0.93922204,0.9362735,0.94273484,0.9493044,0.9518557,0.94705015,0.9498291,0.94676304,0.9497618,0.9606447,0.9345863,0.94074625,0.9498685,0.93918663,0.9524967,0.9460226,0.9466686,0.9531306,0.9406406,0.95435387,0.94183487,0.94437474,0.93731266,0.937095,0.95785534,0.95379585,0.9486084,0.9482843,0.9406743,0.9628237,0.950151,0.9597679,0.95752805,0.9375757,0.95095664,0.94789875,0.8879808,0.9548702,0.91591346,0.95118815,0.9420839,0.954082,0.939011,0.94675285,0.9521451,0.9541743,0.95499176,0.9507254,0.9467874,0.94497395,0.9348527,0.952628,0.95051235,0.95922816,0.93666637,0.9460393,0.95265436,0.9465187,0.9320282,0.96503687,0.9476411,0.94481605,0.9513386,0.9588291,0.9514823,0.971244,0.94997805,0.9521581,0.9413778,0.93976647,0.9484629,0.9378432,0.94815415,0.95291746,0.9477038,0.9533585,0.9495539,0.9457976,0.9368761,0.94085896,0.9401344,0.9385479,0.95042634,0.9484576,0.95027965,0.971244,0.9584779,0.95058256,0.9522438,0.94511926
angelhasfallen,0.9513361,0.9436333,0.9570453,0.950208,0.9544591,0.9470678,0.96445006,0.95096344,0.97682506,0.94717675,1.0000002,0.94638723,0.95658696,0.9514511,0.9599462,0.95530885,0.94980395,0.94935393,0.95223194,0.9576342,0.9634037,0.95788807,0.95577705,0.953086,0.95250046,0.90844977,0.946203,0.9448545,0.9593779,0.94299495,0.9504614,0.9580112,0.9416927,0.9505359,0.9369715,0.9358272,0.96607155,0.94585806,0.9587482,0.95131767,0.9499071,0.96081716,0.9427775,0.9591813,0.9461328,0.9605399,0.9539168,0.9488637,0.94955355,0.9600104,0.96210724,0.9582687,0.9543282,0.9523166,0.94876564,0.9496172,0.95686793,0.9536863,0.94475317,0.9616303,0.9521028,0.958535,0.94735897,0.95315516,0.9560664,0.9636042,0.94751126,0.9513726,0.961004,0.9413975,0.9609647,0.8750696,0.9375115,0.9583597,0.9601487,0.94547504,0.9404936,0.9503241,0.9546291,0.944394,0.9719788,0.9511568,0.95619756,0.9536197,0.9602857,0.9481571,0.9619049,0.9537298,0.9561313,0.963114,0.9518876,0.9609647,0.9546179,0.9543339,0.96882826,0.9590769,0.960541,0.9459324,0.9522369,0.95148504,0.96316165,0.9530593,0.9508353,0.9540318,0.94166553,0.96057934,0.9556155,0.9609169,0.9515607,0.9548404,0.95548975,0.9158793,0.95452946,0.93385017,0.9580284,0.9640337,0.9587542,0.94698125,0.95955527,0.9634823,0.94611466,0.9537198,0.9666497,0.9529329,0.95439893,0.94227517,0.9601732,0.95435214,0.95707005,0.94145966,0.9620025,0.9439911,0.9573497,0.93992674,0.95467407,0.9522939,0.9462088,0.95262164,0.9603936,0.95202136,0.97682506,0.9566564,0.95577365,0.9530587,0.9572444,0.95270455,0.95174015,0.94725263,0.9604043,0.9514457,0.96631414,0.95124584,0.9498999,0.94058394,0.9511512,0.9550583,0.94637686,0.95278066,0.94832927,0.9503716,0.97682506,0.94944155,0.95463747,0.9546686,0.9587441
angrybirdsmovie,0.9372635,0.94097626,0.9551765,0.94536185,0.94016486,0.93684196,0.94749606,0.94141346,0.96284336,0.9420349,0.94638723,1.0000004,0.9457089,0.9509955,0.9406567,0.9360057,0.9354041,0.95169055,0.93110955,0.9311552,0.9402765,0.9508402,0.94588405,0.92995787,0.942299,0.8836068,0.9364234,0.93790734,0.95430654,0.9382995,0.9415533,0.93781686,0.9394044,0.94786793,0.9278529,0.9208595,0.9441778,0.9361385,0.9505997,0.94069576,0.9465728,0.9446357,0.93782824,0.9334544,0.9336013,0.9457931,0.94538456,0.957821,0.94333655,0.9368774,0.96455187,0.9481251,0.9477529,0.9422954,0.9323696,0.9403889,0.93708915,0.94679564,0.94440216,0.9448338,0.9354843,0.94667995,0.93282133,0.9445155,0.9432818,0.9383671,0.9409778,0.94149774,0.9392233,0.92684877,0.9445524,0.8699141,0.9182245,0.9399735,0.94273806,0.9248962,0.93235373,0.93607,0.93416584,0.940887,0.950345,0.9440514,0.95539904,0.9465563,0.9528832,0.9365085,0.939859,0.9441762,0.93498456,0.94405174,0.9379487,0.9445524,0.94279385,0.9422707,0.9628519,0.9368242,0.9382831,0.93702096,0.9393076,0.95063186,0.9430629,0.94086635,0.94425225,0.94016194,0.9398785,0.9622945,0.94909894,0.9386343,0.9435576,0.94530684,0.9377024,0.89459527,0.94920856,0.9210524,0.95178056,0.94308364,0.9503816,0.9471849,0.939462,0.94764304,0.93642455,0.9460767,0.94816613,0.93811417,0.94194084,0.94366175,0.94591254,0.9473483,0.94458,0.9227993,0.9463136,0.9350841,0.94679874,0.930365,0.943659,0.9395042,0.94335043,0.9462848,0.9549765,0.93549615,0.96284336,0.9540877,0.94350356,0.94206995,0.94968385,0.93644744,0.93813294,0.9342651,0.95073277,0.94497997,0.94469756,0.9397998,0.93434095,0.92030835,0.9456416,0.94565547,0.94014156,0.94268686,0.94478977,0.9478236,0.96284336,0.9459522,0.9401583,0.9439448,0.9490983
annabellemovie,0.9519153,0.945028,0.9482224,0.9638137,0.9474211,0.95135915,0.9610108,0.95744,0.9749592,0.9566462,0.95658696,0.9457089,0.9999995,0.9572354,0.95294696,0.95681876,0.94429046,0.95502776,0.9435392,0.94037604,0.9485438,0.95137143,0.958933,0.9545917,0.95244104,0.9069424,0.9428858,0.9432531,0.95124656,0.941494,0.94188714,0.9616973,0.94817656,0.95188147,0.94043267,0.92409337,0.9488883,0.96370846,0.9557543,0.9478699,0.9450634,0.9444254,0.9366243,0.9496357,0.9468959,0.9570295,0.9596905,0.9450901,0.95413,0.94593126,0.9512581,0.95719886,0.9621437,0.9492202,0.9451583,0.9485272,0.9490048,0.9597495,0.94625807,0.95065063,0.94441,0.95564383,0.9454026,0.95728487,0.94799656,0.9552403,0.9536037,0.94959444,0.9527652,0.94159997,0.9532172,0.87017184,0.934672,0.9534116,0.94875723,0.9466879,0.9391979,0.94915986,0.95694417,0.9470764,0.95386636,0.9622662,0.9624409,0.9499199,0.9673842,0.9399082,0.9644451,0.9743947,0.9476648,0.9516462,0.95197725,0.9532172,0.95385456,0.9511255,0.9527401,0.9501443,0.95784676,0.93423474,0.9549834,0.9557687,0.95090234,0.9531069,0.951165,0.9456721,0.9494877,0.9479127,0.95757484,0.9638808,0.94036937,0.9448139,0.95673937,0.8989419,0.9637375,0.9257546,0.9585316,0.95248514,0.95725983,0.94394,0.95107603,0.95700246,0.9550804,0.9577791,0.9582931,0.95179003,0.9535782,0.9432442,0.9690638,0.9460673,0.9554099,0.9291741,0.95579505,0.9429913,0.9513856,0.93907565,0.9596718,0.95318973,0.9481718,0.95620894,0.9632657,0.9461897,0.9749592,0.9499182,0.9544697,0.95527154,0.9511613,0.9501879,0.9498734,0.9521659,0.95850587,0.9466428,0.95600396,0.9492621,0.9454858,0.9407261,0.93943083,0.9512162,0.9524401,0.9455695,0.9577854,0.9553013,0.9749592,0.9488833,0.9577827,0.95809275,0.9418519
annamovie,0.9507392,0.95645267,0.956805,0.95563084,0.9586114,0.9460651,0.9600728,0.9514198,0.9790477,0.95679677,0.9514511,0.9509955,0.9572354,0.9999999,0.9586581,0.9523043,0.9547734,0.9582426,0.9461393,0.9487809,0.95851994,0.9585393,0.96033126,0.9500487,0.9479398,0.89963627,0.95110744,0.9591001,0.95515287,0.94772214,0.9519089,0.95447254,0.9506649,0.9561623,0.94336915,0.9316511,0.9634234,0.95450693,0.96660715,0.95756614,0.9474639,0.9556084,0.9470689,0.95506114,0.95206714,0.96801025,0.9623615,0.9531184,0.95761144,0.95606244,0.9566968,0.9628491,0.95582503,0.9489065,0.9496494,0.95052254,0.94840145,0.9570056,0.95774066,0.9592835,0.94683284,0.9581292,0.95004207,0.96795034,0.9577193,0.9515982,0.9507807,0.96202815,0.95671034,0.9359606,0.96158075,0.86836416,0.9370318,0.95597297,0.9506175,0.94258934,0.9435452,0.95289433,0.95353526,0.9492088,0.9610371,0.9518536,0.9619061,0.9526057,0.95670223,0.9504949,0.95006734,0.9595655,0.95705056,0.95582694,0.9554436,0.96158075,0.95440674,0.95952135,0.96214634,0.9521554,0.9476133,0.9392152,0.9498096,0.9671695,0.9683189,0.95806426,0.9534943,0.95161134,0.971355,0.9535054,0.95799065,0.95852864,0.9532158,0.9562621,0.960068,0.89587665,0.9606136,0.9350861,0.95408905,0.95032126,0.9603173,0.9564162,0.9549615,0.9598211,0.95604974,0.95719934,0.96243936,0.94738835,0.9566079,0.94940686,0.9623763,0.9521169,0.9580991,0.93626034,0.9626297,0.95308286,0.95667076,0.9419947,0.9528825,0.9534555,0.958607,0.9466693,0.96553165,0.9566546,0.9790477,0.95835716,0.9688817,0.9477833,0.94768167,0.95119584,0.94863826,0.9477729,0.957197,0.9493577,0.9636446,0.96032166,0.95324063,0.9362634,0.9562101,0.95951176,0.9594818,0.9554517,0.95807815,0.9594908,0.9790477,0.95304024,0.95923084,0.9611849,0.95372975
apollo11movie,0.9492481,0.9482151,0.9562773,0.94938326,0.95483005,0.9439819,0.95991784,0.94405574,0.9742863,0.9474489,0.9599462,0.9406567,0.95294696,0.9586581,0.9999998,0.94735354,0.95266485,0.9493327,0.94450164,0.96858746,0.94830483,0.9614986,0.9579198,0.9553092,0.9435498,0.897026,0.95176977,0.9415143,0.9589021,0.94297224,0.949282,0.95364076,0.9381704,0.9524406,0.93426543,0.9242661,0.9590128,0.947051,0.94965357,0.95422924,0.9418371,0.95074695,0.9407269,0.9518172,0.9452364,0.9584629,0.95623267,0.9451237,0.95365494,0.95288116,0.96242714,0.96029586,0.956941,0.9400796,0.9376138,0.9501474,0.96126974,0.94586533,0.94933414,0.9564615,0.9422739,0.9509718,0.94505185,0.94436073,0.9532147,0.9519598,0.94236016,0.9568003,0.9535603,0.9339014,0.95486975,0.8613996,0.93500036,0.95588946,0.95195216,0.93705976,0.93691325,0.9531136,0.93994784,0.94775635,0.9464812,0.9465567,0.95762396,0.95215815,0.9562946,0.94843566,0.942095,0.95571035,0.953689,0.9490656,0.95292145,0.95486975,0.95333993,0.9531751,0.9631288,0.96701455,0.95304835,0.9435738,0.9470652,0.9516658,0.9579041,0.94366986,0.9532048,0.94714403,0.94926053,0.95541763,0.9477791,0.9551301,0.94845724,0.95263153,0.96088576,0.9114537,0.9514887,0.9242804,0.9516568,0.948896,0.9558725,0.9433105,0.95725036,0.9636292,0.9481521,0.9537551,0.9564542,0.9436622,0.9511477,0.9436648,0.96068496,0.9553243,0.9481956,0.93001235,0.95687824,0.94714886,0.956948,0.94436514,0.9422957,0.9515812,0.9470225,0.9553518,0.9536172,0.942721,0.9742863,0.9598399,0.9596285,0.9421185,0.9417828,0.9479459,0.9326447,0.9372515,0.95211446,0.94597113,0.955859,0.9511949,0.9523109,0.93569034,0.9492366,0.9491484,0.9448374,0.9416035,0.94716513,0.9480987,0.9742863,0.944978,0.9477887,0.9539969,0.9494389
arcticdogsmovie,0.9519243,0.9558659,0.9499884,0.9535848,0.9552672,0.9422972,0.9571355,0.9525706,0.9733989,0.94879127,0.95530885,0.9360057,0.95681876,0.9523043,0.94735354,0.9999997,0.94703126,0.9558758,0.9490912,0.9467839,0.9549118,0.9469203,0.9568798,0.9566299,0.94918215,0.9211223,0.94732976,0.95342416,0.94840646,0.9370672,0.9479879,0.9538268,0.9484622,0.94696254,0.9374161,0.93026793,0.95808613,0.9559133,0.9481697,0.9545812,0.9410654,0.94575906,0.9407723,0.95041025,0.9590614,0.95569587,0.95775074,0.94850004,0.95268583,0.9441376,0.9482576,0.9599477,0.95803845,0.9554764,0.9440983,0.95579803,0.9483798,0.9505699,0.9592431,0.95094734,0.94417197,0.9601818,0.9483197,0.94656074,0.95324975,0.9508633,0.94948465,0.9556351,0.95864344,0.9442392,0.9542874,0.8656857,0.945207,0.9579936,0.94674784,0.94539374,0.93541944,0.94633734,0.94869083,0.94663924,0.9500009,0.9534947,0.9570702,0.94674295,0.95340216,0.9535077,0.9620871,0.95979166,0.95030254,0.9587231,0.95189935,0.9542874,0.95079064,0.941927,0.95516974,0.94892216,0.96250224,0.95469195,0.946967,0.9571465,0.95019066,0.95146185,0.9376986,0.94511044,0.95090914,0.95077485,0.9548813,0.9611752,0.9548963,0.9373862,0.9637076,0.90068525,0.95791256,0.9311992,0.952077,0.9475198,0.9518617,0.94258386,0.95185107,0.9591527,0.9407196,0.9453332,0.961016,0.94725084,0.9563495,0.94726646,0.96075946,0.9361355,0.94955766,0.92633426,0.9543255,0.945561,0.9542501,0.9486268,0.95131385,0.94742644,0.94045764,0.95534396,0.95753706,0.9504337,0.9733989,0.94699025,0.952465,0.94359857,0.9367065,0.95520973,0.9491677,0.9510619,0.95604473,0.94788635,0.9556381,0.9481595,0.9439884,0.93921137,0.9559037,0.9484412,0.9455159,0.9507716,0.9402496,0.94941944,0.9733989,0.9514414,0.9612875,0.9552409,0.94504076
arcticmovie,0.9345224,0.940612,0.9467641,0.9368347,0.94972146,0.93234015,0.9445761,0.9474946,0.96579367,0.94207203,0.94980395,0.9354041,0.94429046,0.9547734,0.95266485,0.94703126,1.0,0.9460421,0.94518375,0.94867605,0.94569737,0.94990176,0.9436597,0.9432062,0.94118226,0.88850135,0.9393516,0.9640509,0.95097417,0.9291579,0.9515371,0.94530666,0.93445176,0.9447175,0.9373437,0.9331996,0.95002884,0.9419365,0.95414203,0.9520288,0.9389086,0.94145715,0.93099177,0.9376271,0.94428736,0.94484824,0.94225323,0.9447378,0.9465083,0.94140834,0.9459984,0.95126414,0.94231355,0.94183314,0.92436403,0.9470431,0.93981934,0.94593877,0.93781525,0.952886,0.94057626,0.942809,0.9395345,0.9480292,0.94924456,0.9432406,0.93412095,0.94644594,0.95012,0.93377656,0.9573805,0.87398136,0.93593097,0.9552228,0.94515985,0.9358434,0.93316996,0.9446783,0.95365834,0.9387649,0.9474072,0.93471736,0.95146954,0.94429284,0.9467131,0.94337165,0.94693136,0.95117784,0.9467911,0.94746226,0.94564086,0.9573805,0.9462168,0.9278771,0.9484784,0.94182134,0.9453752,0.9337655,0.9387546,0.93991214,0.94438046,0.948336,0.93577063,0.9461146,0.95196384,0.9462449,0.9480237,0.9521236,0.932628,0.94442755,0.95370597,0.89741504,0.94960606,0.93153775,0.95217365,0.9361876,0.9414882,0.9437413,0.95089644,0.94746006,0.9467796,0.9444625,0.94362205,0.934552,0.95416236,0.9356787,0.95152307,0.9485975,0.953209,0.93345267,0.94502914,0.9437122,0.9702121,0.93961746,0.9453297,0.9416589,0.9364367,0.94971365,0.955193,0.9410604,0.96579367,0.9480641,0.94689035,0.94397616,0.9377503,0.9483947,0.9429842,0.9411523,0.95235425,0.9367116,0.9479737,0.9443101,0.9374388,0.9186118,0.94820285,0.95253724,0.93355733,0.9473812,0.93920946,0.95100135,0.96579367,0.94680035,0.9517989,0.9430316,0.9447172
artofracingmovie,0.9516784,0.96003413,0.9608185,0.95303017,0.9698385,0.94615823,0.9570344,0.9573733,0.97491646,0.9565097,0.94935393,0.95169055,0.95502776,0.9582426,0.9493327,0.9558758,0.9460421,1.0000002,0.9416449,0.9433541,0.9547478,0.9534463,0.9569409,0.95649165,0.9470221,0.89839363,0.9487379,0.95136535,0.9575575,0.9453309,0.9476859,0.9569819,0.9425299,0.94847506,0.93448967,0.91526586,0.96280134,0.9537842,0.95769006,0.9555436,0.9427173,0.9531039,0.9471603,0.9513741,0.95372665,0.961677,0.9544533,0.95024866,0.9586561,0.94800895,0.9595153,0.9586375,0.9501563,0.9508276,0.94443077,0.96022606,0.95295167,0.9541389,0.9569533,0.95229965,0.93986547,0.95707726,0.9532928,0.9474697,0.951948,0.94382626,0.9535345,0.9530716,0.9546153,0.930788,0.9547394,0.86486864,0.9398087,0.95572764,0.9496283,0.9320154,0.9383868,0.95141363,0.9468756,0.9528012,0.9533984,0.95759565,0.9499313,0.95327795,0.9586246,0.946032,0.9539997,0.9550938,0.9453217,0.95492136,0.95142627,0.9547394,0.95326066,0.95244443,0.96252376,0.9399222,0.9523803,0.94427526,0.9452076,0.95778507,0.9634901,0.9475812,0.94595766,0.9502445,0.95748866,0.9564302,0.95861846,0.9483089,0.9481691,0.9581898,0.9605054,0.89106,0.95853096,0.9216124,0.95544267,0.9498803,0.95616233,0.94752413,0.9505632,0.9579911,0.9399332,0.94764394,0.95498663,0.9512337,0.94747496,0.9557467,0.95951366,0.9505928,0.9634551,0.9356105,0.95483667,0.9640463,0.95697594,0.940303,0.9540026,0.9560403,0.9452846,0.95617145,0.9529026,0.9627715,0.97491646,0.9579748,0.95791495,0.94852936,0.94171447,0.94548017,0.9427907,0.9452308,0.95318925,0.9450364,0.9544588,0.9550591,0.95288646,0.94657487,0.94977874,0.949955,0.95156443,0.9524562,0.9523857,0.95129997,0.97491646,0.95789605,0.95558983,0.951405,0.9506293
avengers,0.9651406,0.93890536,0.94712275,0.93764615,0.9653718,0.9415192,0.95201725,0.93772966,0.9673964,0.94954705,0.95223194,0.93110955,0.9435392,0.9461393,0.94450164,0.9490912,0.94518375,0.9416449,1.0000001,0.944297,0.9546999,0.9443454,0.9597239,0.94546694,0.93898535,0.8941223,0.93421555,0.94711095,0.946974,0.9442376,0.9685538,0.94851834,0.9439323,0.94244844,0.9344426,0.92360425,0.9520057,0.93757725,0.9531508,0.93928653,0.9407943,0.9498522,0.9417673,0.9485325,0.94537663,0.9479879,0.95642567,0.94134396,0.9520298,0.94583493,0.9486141,0.94878566,0.94238526,0.9374835,0.9330483,0.9451388,0.94764256,0.9530953,0.93789726,0.95139444,0.94923663,0.95226353,0.93625915,0.9454495,0.93755907,0.9409852,0.94498175,0.9501262,0.94682384,0.9336835,0.956963,0.8550778,0.9370927,0.9549823,0.9462165,0.9333363,0.9310696,0.93815756,0.9459207,0.9425174,0.9525944,0.9387297,0.9395834,0.9450644,0.9452329,0.9383316,0.93340796,0.9467261,0.9450004,0.95578337,0.9487567,0.956963,0.9406156,0.9392387,0.9573545,0.94243085,0.948824,0.94286287,0.9334772,0.95437497,0.94457775,0.9417337,0.9387935,0.9475854,0.944483,0.9480893,0.9476725,0.94973755,0.9502645,0.9335019,0.94562405,0.9056607,0.9502733,0.92256135,0.95283264,0.9464388,0.956357,0.9429874,0.94777393,0.9492256,0.94069105,0.943625,0.9529483,0.9450996,0.9415898,0.93273824,0.9498416,0.9583509,0.95104194,0.9443473,0.94579566,0.94900376,0.94967234,0.9260063,0.9532386,0.951243,0.9474478,0.95394886,0.95457375,0.9360409,0.9673964,0.9395916,0.94785553,0.9467947,0.9447274,0.9431221,0.94166756,0.94628054,0.9473668,0.9455277,0.95593715,0.9412786,0.9302478,0.933815,0.94192505,0.94341487,0.9427914,0.9488175,0.93713486,0.94250566,0.9673964,0.94363594,0.9524656,0.95419717,0.9503152
beachbummovie,0.9448885,0.94085723,0.9476065,0.9417078,0.95147204,0.93749815,0.95113504,0.9375372,0.969326,0.94373894,0.9576342,0.9311552,0.94037604,0.9487809,0.96858746,0.9467839,0.94867605,0.9433541,0.944297,1.0000001,0.9478336,0.95816255,0.9501387,0.9490789,0.9419919,0.8933456,0.94054407,0.9402122,0.9530547,0.94482595,0.94517523,0.9380463,0.9422998,0.9446843,0.9363505,0.9250371,0.9574463,0.9406444,0.9436601,0.94620335,0.94162774,0.95207804,0.94394064,0.9495583,0.93791336,0.9568259,0.94656223,0.9416703,0.9411852,0.9515435,0.9533504,0.9436131,0.9515799,0.9361292,0.9357546,0.94245857,0.9533302,0.9379336,0.94051546,0.95550126,0.9391762,0.95141524,0.9371295,0.9365764,0.94053715,0.94642735,0.9393223,0.9393547,0.94833773,0.9454376,0.95770586,0.8653278,0.93073255,0.9554771,0.95433414,0.9320071,0.93567073,0.943342,0.9361737,0.9433577,0.9447736,0.9416958,0.951192,0.952917,0.9532412,0.9516182,0.94364715,0.9434119,0.946881,0.94852996,0.950735,0.95770586,0.9416566,0.93857896,0.9539211,0.95435256,0.95041776,0.9589095,0.9327383,0.9495326,0.9521904,0.94542664,0.94428885,0.9490191,0.954825,0.94649136,0.94714,0.9429522,0.949601,0.9506586,0.9544057,0.9025912,0.94005615,0.9288842,0.9429735,0.9447119,0.9515516,0.94435704,0.95003015,0.95866907,0.9404212,0.9442536,0.9550024,0.94140244,0.94198966,0.9458627,0.95075995,0.9401056,0.9463757,0.9318993,0.94742036,0.9490704,0.94951034,0.9428587,0.93849385,0.9493723,0.94287515,0.9410936,0.9513128,0.950188,0.969326,0.94904286,0.95146686,0.93611634,0.93820524,0.93965805,0.93170106,0.94504184,0.9460207,0.9464085,0.950006,0.9421319,0.9387446,0.934876,0.94818455,0.944649,0.9412034,0.9420592,0.9316313,0.9414319,0.969326,0.94342065,0.9549297,0.9487743,0.9476562
bernadettefilm,0.9537011,0.9534554,0.95708174,0.9541898,0.95608586,0.94363165,0.9625691,0.94292575,0.9753753,0.9458843,0.9634037,0.9402765,0.9485438,0.95851994,0.94830483,0.9549118,0.94569737,0.9547478,0.9546999,0.9478336,0.9999999,0.9520776,0.9583402,0.95497507,0.94631016,0.9070644,0.9385122,0.95229155,0.95670027,0.94227785,0.9538605,0.9557001,0.9450591,0.948295,0.9419948,0.93752456,0.9650858,0.947633,0.9530921,0.94884074,0.9569321,0.9562984,0.9472083,0.95361745,0.9530098,0.95523256,0.9552428,0.95047563,0.94757926,0.95353,0.95494705,0.95196676,0.9481682,0.95229816,0.9462259,0.9499225,0.94720006,0.9533399,0.95134264,0.9586042,0.95564985,0.96003324,0.94341093,0.9503832,0.9484381,0.9510951,0.9505449,0.9507168,0.9479018,0.93428975,0.9614572,0.87658644,0.936035,0.95212907,0.94932044,0.9372523,0.937896,0.9462097,0.95350945,0.94687134,0.9576115,0.94457597,0.95072836,0.9480073,0.94912964,0.9509564,0.9493022,0.94817334,0.9581297,0.96102107,0.94855106,0.9614572,0.95212847,0.9510166,0.96006095,0.94777054,0.9455987,0.94687736,0.9441387,0.9592581,0.9593743,0.9453242,0.94603527,0.9490644,0.95527256,0.9572564,0.9555724,0.9544126,0.9535334,0.9473053,0.94801784,0.903618,0.9558232,0.93324953,0.96457267,0.95568067,0.9608034,0.9462935,0.9526127,0.9616379,0.9387513,0.9522623,0.9625599,0.9562193,0.95466965,0.9406349,0.9575417,0.95096666,0.95590144,0.9407606,0.9674245,0.9447378,0.95273364,0.93492436,0.95043766,0.94894165,0.9478041,0.9490662,0.95847166,0.9548629,0.9753753,0.95042914,0.95707726,0.9489979,0.9503754,0.94362384,0.9464872,0.94884515,0.95096487,0.95365095,0.956605,0.9510645,0.9450964,0.9340029,0.95285374,0.9599369,0.9471196,0.95369357,0.9428124,0.9504837,0.9753753,0.9511944,0.9611507,0.9527564,0.9566003
