movie,21bridgesmovie,47metersdown,abeautifuldaymovie,abominablemovie,adastramovie,adogsjourneymovie,aftermathmovie,aftermovie,ahiddenlifefilm,alitamovie,angelhasfallen,angrybirdsmovie,annabellemovie,annamovie,apollo11movie,arcticdogsmovie,arcticmovie,artofracingmovie,avengers,beachbummovie,bernadettefilm,blackandbluemovie,blackchristmas,blindedbythelightmovie,bombshellmovie,booksmart,breakthroughmovie,brianbanksmovie,brightburnmovie,brittanyrunsmov,captainmarvelofficial,captivestatemovie,catsmovie,charliesangels,childsplaymovie,clarathefilm,coldpursuitmovie,countdown,currentwarmovie,darkwatersmovie,detectivepikachumovie,disneyaladdin,disneyfrozen,disneymaleficent,doctorsleepmovie,dolemiteismyname,dontletgomovie,doramovie,downtonabbey_official,dumbo,escaperoom,everybodyknowsmovie,fastandfuriousmovie,fightingwmyfam,fivefeetapartfilm,fordvferrari,freaksthefilm,geminimanmovie,glassmovie,gloriabellmovie,godzillamovie,goldfinchmovie,goodboysmovie,goodliarmovie,gretafilm,halathemovie,happydeathdaymovie,harrietfilm,hellboymovie,hersmellmovie,highlifemovie,highstrungmovie,honeyboymovie,hotelmumbaifilm,httydragon,hustlemovie,hustlersmovie,isntitromantic,itmovieofficial,jayandsilentbob,johnwickmovie,jojorabbitmovie,jokermovie,judythefilm,jumanjimovie,justmercyfilm,knivesout,lalloronamovie,lastblackmansf,lastchristmasthemovie,latenightmovie,lighthousemovie,lionking,littlethemovie,littlewomenmovie,littlewoodsfilm,longshotmovie,lordsofchaosmovie,lucyintheskyfilm,mamovie2019,marriagestory,meettheaddams,meninblack,midsommarmovie,midwaymovie,missbalamovie,missinglinkfilm,motherlessbklyn,onceinhollywood,onthebasisofsex,overcomermovie,peanutbutterfalcon,petsematarymovie,piercingmovie,playingwithfire,playmobilthemovie,pomsmovie,queenandslim,rambomovie,readyornotfilm,richardjewellfilm,rocketmanmovie,scarystoriesmovie,secretlifeofpets,serenityfilm,shaftmovie,shazammovie,spidermanmovie,spiesindisguise,starwars,stormboymovie,stubermovie,taosdfilm,teenspiritmov,terminator,theaeronautsmov,thebestofenemies,thedeaddontdie,thefarewell,thehighwaymen,thehummingbirdprojectfilm,theintrudermovie,theirishmanfilm,thekitchenmovie,thelegomovie,themustangfilm,thenightingalefilm,theprodigymovie,thesunisalsoastar,theupsidefilm,tolkienmovie,toystory,triplefrontier,uglydolls,uncutgems,underthesilverlake,usmovie,wavesmovie,whatmenwant,wonderparkmovie,wrinklestheclown,xmenmovies,yardiefilm,yesterdaymovie,zombieland
21bridgesmovie,0.9999999,0.9710354,0.99054974,0.9817755,0.99031955,0.9721977,0.9782759,0.9813765,0.9920073,0.9832175,0.97565705,0.9746973,0.9821145,0.9799032,0.9817882,0.9904649,0.9704939,0.9828542,0.997639,0.9882156,0.9884521,0.9832783,0.9853595,0.98645514,0.984851,0.8735357,0.9795643,0.9755946,0.99093217,0.9802312,0.99308443,0.98795426,0.9445566,0.97839475,0.9487917,0.9251923,0.9867113,0.9814979,0.9908006,0.97518057,0.9648975,0.98234826,0.95425576,0.9810339,0.9901248,0.99145275,0.98735315,0.98548394,0.9798913,0.9828401,0.9898222,0.98973924,0.9717557,0.98066604,0.96054953,0.9943998,0.9923663,0.9811598,0.98214394,0.9796084,0.98432386,0.98095214,0.9749637,0.97931504,0.9848194,0.953524,0.97873485,0.98526514,0.9805472,0.9430184,0.9821779,0.49214742,0.98510545,0.9896356,0.96787,0.9687482,0.8965665,0.9723471,0.96582407,0.9870465,0.9697156,0.97912383,0.9875744,0.9744451,0.9724397,0.98888004,0.98155546,0.9868003,0.98417133,0.9864587,0.9679328,0.9821779,0.98392314,0.9747765,0.98798233,0.9877047,0.98101014,0.98252445,0.986151,0.97994936,0.9799695,0.9836176,0.9840196,0.98265916,0.96394926,0.98990273,0.9840634,0.9866117,0.98671556,0.97695017,0.9833446,0.8968686,0.9833026,0.9273757,0.99001354,0.9890722,0.99674356,0.95781034,0.9785909,0.9778436,0.9806723,0.9831083,0.9734527,0.9788078,0.9882593,0.98833483,0.97905225,0.982195,0.9809452,0.961136,0.9839822,0.9827485,0.9773768,0.9802222,0.9777759,0.9798647,0.98169714,0.97953284,0.98346806,0.97623765,0.9920073,0.98833936,0.98132753,0.9822915,0.9762477,0.98640597,0.9806954,0.96153814,0.98372453,0.989483,0.9892225,0.9819848,0.9804428,0.9549211,0.9672269,0.98411804,0.97945416,0.97735685,0.97899294,0.97758096,0.9920073,0.99210054,0.9831052,0.99011505,0.9870502
47metersdown,0.9710354,1.0000002,0.9751038,0.95629716,0.97140026,0.96001536,0.9642124,0.974162,0.97913235,0.98200285,0.9534981,0.9573525,0.97802716,0.98121345,0.97850496,0.98149234,0.9733154,0.97180676,0.9728582,0.96118474,0.97050995,0.9548864,0.98019826,0.9888317,0.9734827,0.85592705,0.959433,0.9709225,0.971343,0.98007494,0.97780985,0.97247916,0.9549058,0.9555691,0.9059422,0.8701257,0.9817526,0.966201,0.97127825,0.981572,0.96104234,0.9785874,0.9480588,0.9676729,0.96287227,0.9540729,0.98061126,0.96667933,0.9514197,0.9698171,0.96627814,0.980144,0.95395666,0.97098017,0.97645986,0.97156256,0.974871,0.973015,0.9702869,0.9633295,0.98119086,0.9716281,0.9451335,0.9817506,0.97382337,0.959946,0.96763766,0.9823244,0.975811,0.9244958,0.9725879,0.590597,0.958263,0.9703917,0.9233252,0.9805396,0.8813771,0.9690097,0.9771126,0.9747457,0.95827305,0.96901613,0.9737072,0.9427364,0.9590327,0.9776829,0.9698962,0.9730539,0.96000457,0.9669226,0.97028434,0.9725879,0.9706762,0.9639204,0.97902447,0.9715087,0.9654251,0.95335925,0.97235996,0.9612759,0.9744224,0.965204,0.96155936,0.98851854,0.9767732,0.96039087,0.96366376,0.97858626,0.96959335,0.9522972,0.9710271,0.85048854,0.96679425,0.86021024,0.9774067,0.9686127,0.96858466,0.9428693,0.9690371,0.9668898,0.97404736,0.97601765,0.9698084,0.95190966,0.98065966,0.96861964,0.9827321,0.955355,0.96102715,0.951642,0.9862381,0.9719841,0.974974,0.9692516,0.9654347,0.97991276,0.9461564,0.98623705,0.9722176,0.96859,0.97913235,0.9644441,0.96197635,0.9690825,0.97044796,0.9784782,0.9715297,0.9250965,0.97988415,0.96474874,0.9714876,0.97604054,0.97473234,0.9715156,0.9418611,0.96303153,0.97388107,0.95210284,0.96784705,0.9783436,0.97913235,0.97619593,0.9796921,0.97473925,0.9641415
abeautifuldaymovie,0.99054974,0.9751038,1.0000001,0.9806851,0.9885362,0.97208655,0.9819432,0.9849891,0.99410975,0.98493487,0.9853955,0.97958505,0.9857116,0.9841076,0.9893817,0.98810637,0.9792057,0.9839293,0.98758554,0.9814764,0.9917494,0.97863716,0.99034405,0.98988134,0.9861191,0.8788091,0.98059106,0.9867649,0.9894263,0.9841676,0.98676103,0.98990107,0.9495128,0.9801597,0.9588638,0.9150161,0.9893498,0.98318356,0.98580575,0.98280656,0.96616346,0.9807162,0.9551606,0.9761945,0.9935878,0.9789012,0.99232435,0.98277545,0.97359556,0.9759981,0.98888236,0.99172115,0.9867828,0.9807356,0.9672202,0.99217415,0.98384464,0.98667955,0.9882061,0.97825766,0.9843804,0.98327595,0.98150283,0.9756903,0.9859618,0.97462225,0.98524606,0.98955196,0.9912467,0.9563705,0.9852971,0.53467643,0.97697854,0.989658,0.9714326,0.9809699,0.9092881,0.9783509,0.9780497,0.98724973,0.9824088,0.9790859,0.9876055,0.9743153,0.97878593,0.98779315,0.9872435,0.9914751,0.97818327,0.9879702,0.967792,0.9852971,0.9797132,0.97294825,0.9923667,0.9853163,0.9920485,0.96830624,0.98746467,0.98609954,0.97629744,0.9877836,0.97864217,0.9884649,0.96796596,0.9865413,0.98922163,0.98566276,0.9842263,0.9785887,0.9852973,0.8768538,0.9895715,0.9181837,0.99063355,0.9928893,0.9930561,0.9698763,0.9865018,0.9824859,0.98002285,0.9816946,0.97619253,0.97642154,0.99395895,0.98302203,0.9886809,0.9822742,0.9865353,0.9577459,0.98582256,0.9810247,0.9834336,0.9746241,0.9867959,0.9849582,0.9863909,0.98739725,0.9845851,0.9790011,0.99410975,0.9867642,0.9716177,0.9763122,0.9767216,0.9884558,0.9868058,0.9717504,0.9846538,0.9868348,0.98708045,0.9876875,0.98504823,0.9657165,0.9618019,0.9851564,0.9855998,0.97681016,0.98868066,0.986949,0.99410975,0.9907747,0.9920913,0.9891378,0.98462987
abominablemovie,0.9817755,0.95629716,0.9806851,1.0,0.9771009,0.98354745,0.98638064,0.97706217,0.9902321,0.9725373,0.9882678,0.98428303,0.98886234,0.9778272,0.98289263,0.98461527,0.97464263,0.98394454,0.9819064,0.97566557,0.9868761,0.9603685,0.98789227,0.9779983,0.9799157,0.86012334,0.9664,0.97587276,0.983147,0.9860332,0.98419005,0.97573644,0.9335564,0.97844255,0.9642758,0.9106476,0.98974264,0.9841263,0.9800671,0.9771314,0.9714465,0.9793778,0.96266705,0.9754881,0.9806441,0.97213054,0.98681766,0.98566115,0.983344,0.977364,0.9828763,0.98942333,0.9734219,0.9750494,0.9683237,0.9816256,0.98169994,0.9864061,0.9870849,0.9730028,0.9778833,0.9799216,0.962349,0.9711317,0.9863818,0.97163445,0.98135495,0.9823473,0.98240227,0.9565254,0.9795038,0.5100362,0.96789503,0.98413146,0.97662634,0.9649706,0.91300315,0.9786038,0.97076625,0.9756428,0.9836408,0.98653007,0.98428667,0.97790647,0.9886947,0.98128384,0.98641604,0.9858333,0.9714573,0.9883821,0.9706269,0.9795038,0.97169775,0.9754163,0.98681,0.98783463,0.9771373,0.9783084,0.98063004,0.9890665,0.97694844,0.9789492,0.9721521,0.9787742,0.9711975,0.98183423,0.984708,0.98434323,0.97577894,0.98140913,0.98191637,0.87198454,0.98422503,0.91287994,0.98795027,0.9876642,0.98652416,0.9688656,0.9717302,0.9840298,0.97807187,0.9875524,0.9736243,0.97485167,0.9788367,0.9875299,0.9868825,0.9734576,0.9830388,0.9562512,0.9783601,0.9808126,0.97502434,0.9676348,0.9866401,0.984757,0.9814668,0.9803236,0.9844787,0.9803708,0.9902321,0.9722302,0.97809964,0.97870815,0.97504604,0.9817569,0.9798738,0.9693649,0.9789196,0.9788584,0.9829148,0.9780081,0.9816887,0.9662898,0.9679385,0.9788481,0.9848528,0.97410905,0.97823066,0.9836392,0.9902321,0.9863758,0.9799686,0.9901815,0.9836931
adastramovie,0.99031955,0.97140026,0.9885362,0.9771009,1.0,0.97591853,0.97560275,0.97216666,0.99319935,0.98548746,0.97497624,0.9693369,0.9844789,0.9862386,0.9818442,0.9842853,0.96184236,0.99161756,0.984494,0.986858,0.98639774,0.98224217,0.9887155,0.98916084,0.98009354,0.8785198,0.98009855,0.97469074,0.9911401,0.9829848,0.9897909,0.9806441,0.9492978,0.9769807,0.9532829,0.9217309,0.99005026,0.98105925,0.9921674,0.9677777,0.9806348,0.9776007,0.95214653,0.9712696,0.9857944,0.98162985,0.98982674,0.9851046,0.97818005,0.97052115,0.9902715,0.991922,0.9729958,0.97690105,0.95864284,0.9930453,0.98304296,0.9861366,0.9898145,0.97995883,0.98895895,0.9788567,0.97972363,0.98100257,0.98600495,0.9684292,0.9832071,0.9823205,0.98250633,0.96004635,0.985766,0.5396691,0.9802701,0.983399,0.96530175,0.96841097,0.90388733,0.96946245,0.9817657,0.9873636,0.9719215,0.9809382,0.9889161,0.97932273,0.978137,0.9838906,0.98219454,0.9833904,0.98755413,0.99004686,0.9756103,0.985766,0.9763672,0.96522266,0.98937947,0.9862662,0.9854787,0.9823961,0.98264235,0.9826936,0.9788275,0.98370993,0.98244095,0.9834236,0.9690437,0.989968,0.9836634,0.9825946,0.98493385,0.97005785,0.97742015,0.87485,0.98627794,0.9237762,0.9878389,0.98565495,0.99297583,0.9713042,0.9803087,0.9712856,0.9879624,0.9810601,0.9814475,0.9765354,0.9870705,0.99134046,0.9819663,0.9843205,0.9877326,0.9662447,0.9875356,0.98480076,0.96397954,0.97407806,0.98159075,0.98123074,0.9769445,0.9819052,0.98493445,0.981474,0.99319935,0.9908608,0.9755263,0.9787479,0.9744888,0.9840353,0.97126025,0.9584377,0.9836297,0.9873144,0.98800343,0.98282355,0.986591,0.9624696,0.95826423,0.9831166,0.98546576,0.9741851,0.976966,0.97894174,0.99319935,0.9876298,0.98442453,0.9895913,0.98715585
adogsjourneymovie,0.9721977,0.96001536,0.97208655,0.98354745,0.97591853,1.0000001,0.9818657,0.9603763,0.98579437,0.97206163,0.9710214,0.9792919,0.98911464,0.9767991,0.9834221,0.9776976,0.9641524,0.9862843,0.97532296,0.96463805,0.98504263,0.9511777,0.98858654,0.9709855,0.9719603,0.8920944,0.9670829,0.97516936,0.97928375,0.98000646,0.9799147,0.9680478,0.95143706,0.9797029,0.9503293,0.8929902,0.9793769,0.9867574,0.9716389,0.9795769,0.9774513,0.97170436,0.9734793,0.96765447,0.9697557,0.9558711,0.98748416,0.9888086,0.9773145,0.9669785,0.97887295,0.9884917,0.97059596,0.967225,0.9708766,0.9758481,0.97508323,0.99014187,0.97814506,0.98091996,0.9768074,0.96820074,0.9424461,0.97694826,0.9850864,0.9687392,0.97396564,0.9792298,0.97339857,0.9652739,0.9835154,0.5477462,0.96048987,0.9796023,0.95649415,0.9618388,0.91004246,0.97645223,0.9780344,0.9713117,0.9679366,0.99297166,0.98661923,0.96432865,0.980832,0.97831696,0.98217237,0.9788625,0.9702994,0.9777247,0.9633673,0.9835154,0.9567513,0.9596861,0.9793769,0.9859643,0.9641075,0.9732636,0.9803483,0.98825425,0.9729992,0.9627998,0.9675282,0.9774131,0.9760761,0.9775097,0.9765934,0.98326164,0.97280633,0.9709917,0.97791445,0.89611787,0.9817613,0.9076897,0.98227406,0.9819059,0.9770852,0.97156024,0.96324754,0.9750919,0.98415357,0.9922412,0.97742575,0.9898162,0.9735728,0.98063886,0.98446536,0.9607197,0.973932,0.97152585,0.9802644,0.9817539,0.9596919,0.96117544,0.9872334,0.9814429,0.967663,0.982973,0.9878512,0.9859267,0.98579437,0.9703434,0.9684988,0.9862292,0.9789056,0.9676762,0.96915835,0.9566139,0.9866398,0.97560185,0.97752905,0.9775391,0.9885425,0.97421986,0.96638143,0.97654563,0.98545206,0.9653786,0.9706557,0.98333865,0.98579437,0.9865301,0.97435474,0.9908588,0.9826387
aftermathmovie,0.9782759,0.9642124,0.9819432,0.98638064,0.97560275,0.9818657,1.0,0.9708684,0.99042034,0.9765753,0.98634684,0.97128016,0.98735297,0.98400605,0.9904507,0.98843825,0.9763681,0.97654384,0.9807231,0.97789377,0.98441833,0.9690907,0.98674303,0.97500247,0.9752731,0.84738356,0.9752264,0.97739935,0.9806929,0.98805267,0.9804919,0.9821898,0.9525903,0.9764187,0.9620951,0.91376305,0.9833129,0.9775876,0.9791941,0.9777507,0.9803672,0.97569513,0.9631316,0.9677447,0.9771642,0.96835524,0.98583996,0.98369324,0.9839619,0.97382313,0.97904736,0.98894024,0.97342455,0.970395,0.9676781,0.9786731,0.98095536,0.9834303,0.97862667,0.97152126,0.9842304,0.98146343,0.96045,0.9746568,0.9864372,0.9739988,0.9821154,0.980642,0.978318,0.9682246,0.98149914,0.52183694,0.96057147,0.98852015,0.97093856,0.9771812,0.9133625,0.9774586,0.97651076,0.97678965,0.9842166,0.98978186,0.9889108,0.9698223,0.9808059,0.986255,0.9845407,0.983512,0.9719081,0.97965354,0.97848797,0.98149914,0.9606354,0.9697128,0.98348397,0.99002665,0.96920687,0.9792137,0.9924895,0.99016523,0.97165596,0.9785541,0.97639024,0.9825932,0.9750332,0.97748154,0.98743427,0.98332614,0.96174395,0.97766924,0.9850748,0.8736512,0.98168015,0.9168315,0.9825282,0.98270506,0.98160464,0.9733685,0.9865333,0.9963559,0.985184,0.98319024,0.98224735,0.979474,0.9837479,0.98066944,0.98709285,0.9622759,0.9765929,0.95155346,0.9822937,0.9788526,0.97965586,0.9662436,0.98669624,0.98739594,0.97445196,0.986772,0.9799138,0.97900707,0.99042034,0.9745607,0.9654466,0.97160506,0.9732049,0.98704207,0.9838409,0.9728285,0.97661847,0.9847922,0.98976743,0.9779137,0.9804636,0.9700268,0.95727366,0.98644066,0.98487604,0.9774408,0.97414196,0.98211616,0.99042034,0.98805815,0.98978245,0.98782825,0.985424
aftermovie,0.9813765,0.974162,0.9849891,0.97706217,0.97216666,0.9603763,0.9708684,1.0,0.9844671,0.9838221,0.9742856,0.9715216,0.98131406,0.9786583,0.98389417,0.98636794,0.982975,0.97574043,0.98249984,0.97776437,0.9821749,0.9589433,0.9823752,0.98835236,0.9818253,0.8355323,0.96511394,0.98252183,0.97654885,0.97685885,0.9801283,0.9835702,0.94902253,0.9598605,0.9287848,0.87248904,0.98638546,0.9732147,0.967653,0.9828242,0.96122605,0.98408496,0.9555855,0.9820243,0.9811717,0.9717703,0.98452455,0.9756242,0.9565184,0.98239607,0.9717867,0.9813087,0.96942955,0.9798647,0.96433705,0.98349583,0.9838973,0.9775096,0.98118955,0.9768738,0.98173726,0.9836546,0.9694502,0.9795552,0.9846761,0.9612399,0.9842178,0.98203707,0.9789305,0.9218783,0.9815898,0.49909085,0.97108936,0.9880557,0.9510357,0.98260885,0.88358426,0.97993886,0.9695101,0.97159094,0.96654654,0.9700487,0.979365,0.9547834,0.9642611,0.97783947,0.97242534,0.9872797,0.96865267,0.97967464,0.9599386,0.9815898,0.9813975,0.9787847,0.9852342,0.9773296,0.97393835,0.963575,0.97204304,0.96789455,0.9762839,0.9834896,0.96096927,0.99020743,0.9683934,0.9690717,0.97081226,0.98129684,0.9710547,0.97268355,0.98031986,0.84763855,0.9755796,0.88363755,0.9854676,0.97540784,0.97948825,0.9459554,0.9727353,0.9712347,0.97384226,0.98052114,0.9641021,0.9529657,0.9845579,0.97610015,0.9795059,0.96581,0.97668165,0.9434278,0.98375237,0.9750393,0.9858236,0.9831334,0.97510964,0.9808743,0.96209866,0.9764785,0.98231626,0.9742149,0.9844671,0.9601506,0.9707824,0.9726051,0.97021925,0.9815097,0.9742858,0.9499661,0.985255,0.97452736,0.9690584,0.97650063,0.97640646,0.96237767,0.9761454,0.9803063,0.9790129,0.97640073,0.98992664,0.97937787,0.9844671,0.9764061,0.9848907,0.98122495,0.9689725
ahiddenlifefilm,0.9920073,0.97913235,0.99410975,0.9902321,0.99319935,0.98579437,0.99042034,0.9844671,1.0,0.9891054,0.98794603,0.98383003,0.99391955,0.9915769,0.99287635,0.9933406,0.9789924,0.9915273,0.991087,0.98707587,0.99560654,0.98079365,0.9972189,0.9929046,0.9880728,0.87517494,0.9855295,0.98723924,0.9944046,0.9927991,0.9938975,0.9881713,0.95524967,0.9843673,0.96452016,0.92238,0.9965204,0.9892189,0.99174774,0.98681146,0.9834923,0.9875052,0.96607816,0.98287797,0.99025846,0.9831645,0.99735236,0.9918749,0.9845087,0.98350465,0.9932271,0.99819905,0.982093,0.98568296,0.977541,0.994261,0.99222267,0.9928218,0.994383,0.98583686,0.99252754,0.98776025,0.9748132,0.98733044,0.9932378,0.97949046,0.9900123,0.9932747,0.9925908,0.9672446,0.9925242,0.53530115,0.98257273,0.99330217,0.97426486,0.98420435,0.9203114,0.9814617,0.98516005,0.9923475,0.9857751,0.99118173,0.9959835,0.9826078,0.9875286,0.99292827,0.99352056,0.99194956,0.9855889,0.9948305,0.9810416,0.9925242,0.98061556,0.97645795,0.99563086,0.99373436,0.98775387,0.9845605,0.9917528,0.99240154,0.9882772,0.9889333,0.9854239,0.9937358,0.9787074,0.9918135,0.9913227,0.9944977,0.9841526,0.9828266,0.991878,0.8836345,0.9938529,0.92596024,0.9957453,0.99346465,0.99470437,0.9800162,0.9886718,0.9884389,0.99121267,0.9917217,0.98723656,0.9819738,0.9955158,0.99393195,0.9936254,0.98458093,0.9914381,0.96897954,0.99235624,0.99127275,0.9833301,0.9790461,0.9920791,0.99124587,0.9838638,0.9926298,0.9931028,0.98902714,1.0,0.98859787,0.9830025,0.9861595,0.9854946,0.9919895,0.9868267,0.97242165,0.99223673,0.99072254,0.9936768,0.9913118,0.9936128,0.9723853,0.96752167,0.98989815,0.9934575,0.9809101,0.9869962,0.99245965,1.0,0.99564743,0.99324954,0.99640185,0.99243647
alitamovie,0.9832175,0.98200285,0.98493487,0.9725373,0.98548746,0.97206163,0.9765753,0.9838221,0.9891054,1.0000001,0.97509897,0.9621324,0.98410517,0.9891637,0.9894475,0.9884537,0.9819651,0.9820308,0.9833773,0.98706216,0.9864033,0.9714012,0.9872035,0.98877734,0.98321825,0.85189533,0.97303486,0.9814433,0.9848141,0.9885126,0.98610765,0.9900351,0.96555686,0.9658975,0.9276534,0.88006574,0.9860767,0.9708005,0.9808017,0.98013663,0.97213876,0.986651,0.9723235,0.9844602,0.9699783,0.97735786,0.9873594,0.9812255,0.96169496,0.9834096,0.9797136,0.98774004,0.96414596,0.97299784,0.95716995,0.98598397,0.98548096,0.9808924,0.9814865,0.98461485,0.9934707,0.9833581,0.9638883,0.9873775,0.9894064,0.9583657,0.9893726,0.98034847,0.9795719,0.9414422,0.99005383,0.54748315,0.96725786,0.98684144,0.9480469,0.97902036,0.8913281,0.97492427,0.9811928,0.97919154,0.9683097,0.9786982,0.98814744,0.9631247,0.96912205,0.98534435,0.9718283,0.9814979,0.97198486,0.97919685,0.97348416,0.99005383,0.9776229,0.9753765,0.9836687,0.9887739,0.96966094,0.97294354,0.981403,0.976433,0.9787442,0.98409694,0.9735459,0.99263275,0.98319185,0.9775611,0.97387034,0.982113,0.9813009,0.97456825,0.9807954,0.87099886,0.97763425,0.89099365,0.98432815,0.97514105,0.9823879,0.9575758,0.98394233,0.97618884,0.9869034,0.9837314,0.9762641,0.96379787,0.98518515,0.9858577,0.98777646,0.9699417,0.97183543,0.96739215,0.9863747,0.9786736,0.9812896,0.9843054,0.9800777,0.99212193,0.96061426,0.9859595,0.98936015,0.9811282,0.9891054,0.97910064,0.97013396,0.97408706,0.969151,0.98484135,0.9664839,0.9486383,0.9869899,0.9838319,0.98042977,0.9846161,0.9838164,0.97476655,0.9743299,0.9891287,0.99032253,0.9810861,0.9787799,0.9820747,0.9891054,0.983637,0.9859161,0.9884226,0.97702694
angelhasfallen,0.97565705,0.9534981,0.9853955,0.9882678,0.97497624,0.9710214,0.98634684,0.9742856,0.98794603,0.97509897,0.99999994,0.9715995,0.9798326,0.9787824,0.9843394,0.98203635,0.9782166,0.9770007,0.9733212,0.9782098,0.9883166,0.9682837,0.98444414,0.9784334,0.97542953,0.8404887,0.97156286,0.9740111,0.98030585,0.98766,0.9787201,0.9825604,0.9292731,0.97270674,0.9646742,0.9144121,0.98469627,0.9715029,0.9786717,0.9750479,0.96446085,0.9718096,0.94761664,0.971651,0.97978365,0.9742451,0.98272,0.97507507,0.97460324,0.97102964,0.97798187,0.9848981,0.9769723,0.97180945,0.9592613,0.97750276,0.97342914,0.97352755,0.9828323,0.96787757,0.97681993,0.9775483,0.9690404,0.96390253,0.9808756,0.9753391,0.9797064,0.9755177,0.98320913,0.9659031,0.9799191,0.4920305,0.9649909,0.9800465,0.98380375,0.9745522,0.91844743,0.96640843,0.9683083,0.9739384,0.99464494,0.9754225,0.98396564,0.9750782,0.9783445,0.97857875,0.9783751,0.9802179,0.96543807,0.9841073,0.9694366,0.9799191,0.96926135,0.97439784,0.98207337,0.987164,0.9822047,0.97003216,0.97965026,0.9878955,0.969427,0.9837063,0.977155,0.9768813,0.9648669,0.97695184,0.98620355,0.97830886,0.97071236,0.98060274,0.9837932,0.8688702,0.98423934,0.9100913,0.9833074,0.9873806,0.9802836,0.9718348,0.98474115,0.98345023,0.9772002,0.9749639,0.9702715,0.96767,0.98428303,0.98311,0.9836411,0.9709089,0.9785923,0.9451184,0.96885765,0.9710358,0.9767891,0.9683015,0.98469937,0.9842497,0.98128206,0.98000795,0.9767342,0.9818355,0.98794603,0.97408205,0.96804816,0.966261,0.9640914,0.98339355,0.97779614,0.9724301,0.9715152,0.9771655,0.9840319,0.9784874,0.97958887,0.9641595,0.9543267,0.9859712,0.98436075,0.97447443,0.9791801,0.9804841,0.98794603,0.98197657,0.9851628,0.9833307,0.9769692
angrybirdsmovie,0.9746973,0.9573525,0.97958505,0.98428303,0.9693369,0.9792919,0.97128016,0.9715216,0.98383003,0.9621324,0.9715995,1.0000001,0.98369175,0.96590996,0.97418416,0.97309,0.95619535,0.9767934,0.9785158,0.9536591,0.9842454,0.9564566,0.98298967,0.97209394,0.97381943,0.9198064,0.9645873,0.97351736,0.97994304,0.96811324,0.9774282,0.963205,0.92774856,0.9834083,0.97048545,0.9135992,0.9800593,0.99234927,0.9686818,0.9823799,0.9577988,0.9768187,0.95504636,0.9681737,0.9788541,0.95761335,0.98431313,0.9762948,0.96721727,0.9685419,0.98332596,0.9837497,0.9727919,0.9701341,0.973681,0.9733054,0.97474056,0.98582697,0.9816095,0.96319985,0.9694511,0.96889216,0.9499866,0.9691831,0.9790556,0.9663668,0.96932167,0.9847833,0.9767331,0.9476123,0.96866375,0.53475857,0.96628046,0.97460365,0.97169125,0.9665223,0.9443255,0.9743174,0.9639021,0.9794449,0.9639754,0.97869515,0.97703654,0.9735382,0.98693854,0.97814846,0.98790616,0.98097426,0.9675575,0.98433876,0.94585,0.96866375,0.96314293,0.9509043,0.9859896,0.9747565,0.9734552,0.95675147,0.9736362,0.9804524,0.97619784,0.967144,0.96589047,0.9751318,0.9552392,0.9776007,0.9778992,0.98759216,0.97128683,0.9736791,0.97263736,0.90441644,0.9812568,0.91478,0.9811883,0.98360515,0.98295856,0.9640508,0.9557996,0.9723058,0.9641538,0.98490393,0.9670619,0.9739344,0.97362363,0.97199386,0.98070365,0.9769765,0.9807877,0.95786464,0.97370684,0.97611475,0.96490395,0.9483629,0.9802628,0.9666843,0.97795826,0.9768155,0.9818253,0.9678704,0.98383003,0.97091806,0.9734061,0.9790775,0.98366463,0.96858037,0.9737288,0.9731694,0.9793483,0.9750111,0.9703157,0.9765137,0.98432773,0.94995433,0.9491297,0.9628667,0.97961265,0.9550033,0.9776316,0.988602,0.98383003,0.98307,0.9695487,0.98291755,0.982999
annabellemovie,0.9821145,0.97802716,0.9857116,0.98886234,0.9844789,0.98911464,0.98735297,0.98131406,0.99391955,0.98410517,0.9798326,0.98369175,0.99999994,0.9878855,0.9902235,0.9913181,0.9812926,0.9890004,0.98301846,0.9726671,0.9920583,0.9669645,0.9960919,0.9883561,0.98431075,0.87717813,0.9720778,0.98702794,0.9839167,0.9862367,0.9842248,0.97880614,0.9666014,0.9761182,0.9532489,0.8999812,0.9920788,0.98711246,0.982093,0.9857304,0.9794255,0.9853935,0.9743594,0.98102725,0.9809947,0.96671087,0.99671584,0.9883841,0.9795199,0.9810804,0.9843759,0.99369854,0.9803636,0.9801493,0.9823071,0.98677695,0.9849309,0.9935925,0.9882106,0.97820693,0.9867158,0.9853259,0.9662408,0.984772,0.9895914,0.97977763,0.9889886,0.9874931,0.98365504,0.95465726,0.9843667,0.5733006,0.9711139,0.98637515,0.9618637,0.975477,0.9123194,0.9806107,0.9863917,0.9829608,0.9778635,0.99471426,0.989266,0.97109956,0.9890431,0.98242015,0.9903538,0.99382615,0.9727138,0.98724884,0.9779779,0.9843667,0.9738019,0.9693974,0.9921031,0.98664653,0.979281,0.9749046,0.9868141,0.98973626,0.9830046,0.9779494,0.97234136,0.99051344,0.9823891,0.9816167,0.9797232,0.9885568,0.97788316,0.9712157,0.9841435,0.86768407,0.98885834,0.8994237,0.9900289,0.98335093,0.9847126,0.97412586,0.9760547,0.98444206,0.9876222,0.99361366,0.98497003,0.9817095,0.984898,0.9829118,0.9937327,0.9747275,0.9846225,0.9682171,0.9936308,0.98626924,0.97785753,0.9775753,0.9908331,0.98746616,0.97381324,0.9892209,0.98846877,0.9859291,0.99391955,0.9768825,0.98076564,0.9861189,0.9786493,0.9837876,0.981708,0.9575131,0.990125,0.98292077,0.98429435,0.98653466,0.99156636,0.9766799,0.9663653,0.9819939,0.99176586,0.9687045,0.9835246,0.9929045,0.99391955,0.9879404,0.98948663,0.99466175,0.9848825
annamovie,0.9799032,0.98121345,0.9841076,0.9778272,0.9862386,0.9767991,0.98400605,0.9786583,0.9915769,0.9891637,0.9787824,0.96590996,0.9878855,0.9999999,0.9928193,0.990381,0.9761349,0.9888589,0.9808545,0.9821854,0.984285,0.9705082,0.98752403,0.9921739,0.9782483,0.8515646,0.9740768,0.97921664,0.9846584,0.99248,0.9839351,0.9801593,0.9678299,0.96980655,0.9436285,0.8890279,0.9888328,0.9742595,0.978583,0.9781048,0.98151153,0.99072725,0.9637194,0.98105574,0.9758794,0.97042763,0.9871249,0.9861816,0.96613795,0.9842014,0.9810849,0.98950714,0.9618569,0.967704,0.9743266,0.98239094,0.97984797,0.98481834,0.9854415,0.97677815,0.9930298,0.9888152,0.96281666,0.98936975,0.9910929,0.9740726,0.98332494,0.9792344,0.9823725,0.94925255,0.9873011,0.54239696,0.96085066,0.9829622,0.94863796,0.9837584,0.89857244,0.9807004,0.98835063,0.979885,0.9783135,0.98136646,0.98718125,0.9652174,0.9733989,0.98399466,0.9805606,0.9831355,0.976562,0.9865358,0.989862,0.9873011,0.9708963,0.9629757,0.9864943,0.98881364,0.97461957,0.9761781,0.97940636,0.98104304,0.9784342,0.98689556,0.97941357,0.990566,0.9841487,0.9782127,0.97849476,0.9861904,0.97370094,0.96457607,0.98167485,0.85200876,0.97926635,0.8902863,0.9829146,0.9793782,0.98081136,0.962804,0.9877857,0.9829568,0.9888169,0.98546284,0.99049467,0.9669394,0.9874674,0.98418796,0.9886831,0.96914536,0.9833725,0.9543227,0.99196666,0.99037176,0.9734451,0.9741871,0.97953916,0.9914892,0.96504223,0.98772156,0.9837311,0.9819455,0.9915769,0.97554994,0.9696594,0.97470045,0.9743103,0.9849527,0.9759705,0.9521967,0.9858683,0.98329186,0.9844001,0.9877184,0.98223513,0.97654104,0.958586,0.98129994,0.9857148,0.9733874,0.97189635,0.98061967,0.9915769,0.98457867,0.99160767,0.9877908,0.9814583
apollo11movie,0.9817882,0.97850496,0.9893817,0.98289263,0.9818442,0.9834221,0.9904507,0.98389417,0.99287635,0.9894475,0.9843394,0.97418416,0.9902235,0.9928193,1.0,0.99206614,0.98299354,0.98920786,0.98283666,0.98150754,0.988711,0.96250755,0.98969096,0.9874423,0.9829918,0.86163014,0.9735182,0.98310214,0.9821951,0.99194133,0.98591673,0.9852408,0.9693891,0.97647405,0.9453528,0.88393956,0.9872557,0.9841683,0.97627145,0.9870191,0.9790063,0.9844158,0.97106075,0.9769524,0.97989315,0.96744925,0.990037,0.9889913,0.9698455,0.9795651,0.97880703,0.9916849,0.97419375,0.97189677,0.9744021,0.9862355,0.9819161,0.9894636,0.98379934,0.98264223,0.9927749,0.98415214,0.96496886,0.9871423,0.99452597,0.97704524,0.98474747,0.9853293,0.9839492,0.95490915,0.990935,0.52323085,0.96311474,0.9894488,0.9581117,0.9875875,0.8973651,0.9866281,0.9870901,0.976931,0.9811787,0.9882748,0.99050474,0.96260804,0.9737201,0.98733157,0.9820516,0.98941827,0.9765841,0.9826357,0.976813,0.990935,0.9733657,0.97676474,0.9863437,0.9934377,0.97763115,0.9761972,0.987458,0.9852089,0.97160125,0.98249054,0.97559863,0.99157643,0.98547024,0.97596765,0.98434997,0.9859185,0.97553295,0.97789365,0.98556685,0.869731,0.9812982,0.8961584,0.9876246,0.9867258,0.98475015,0.9668651,0.984571,0.9863772,0.98871654,0.98952025,0.98804027,0.978393,0.9903228,0.9846376,0.9913309,0.9618546,0.9786478,0.9596385,0.9894118,0.9854712,0.980172,0.97504973,0.9888299,0.9941113,0.9732484,0.99095047,0.98768735,0.9859766,0.99287635,0.9723939,0.9622049,0.9806474,0.98064476,0.98509717,0.9816279,0.96087587,0.98958105,0.9849393,0.9855999,0.98690313,0.9871334,0.9814486,0.9699645,0.99010545,0.98713106,0.9847131,0.98388016,0.98637724,0.99287635,0.9884431,0.99494153,0.9902186,0.98324925
arcticdogsmovie,0.9904649,0.98149234,0.98810637,0.98461527,0.9842853,0.9776976,0.98843825,0.98636794,0.9933406,0.9884537,0.98203635,0.97309,0.9913181,0.990381,0.99206614,0.99999976,0.98629206,0.9849808,0.99145323,0.9864313,0.9893703,0.9787299,0.9900903,0.9916912,0.98730624,0.8533505,0.9773221,0.98443353,0.98409986,0.99092287,0.9908585,0.98727894,0.96034855,0.9709403,0.94114316,0.905065,0.9897144,0.97828954,0.98414654,0.98513067,0.9733312,0.9870717,0.9666477,0.98457396,0.98237467,0.9805767,0.9905252,0.9895269,0.97605777,0.986902,0.9839914,0.99004334,0.97208685,0.9819426,0.97394866,0.98781717,0.99151385,0.98503286,0.98594594,0.9771044,0.9918854,0.9926124,0.9677331,0.983581,0.98734623,0.96681637,0.9857268,0.98341155,0.98293746,0.9425951,0.9840171,0.5304906,0.9739319,0.99031144,0.9597776,0.9802188,0.8957177,0.9791049,0.9820846,0.9851727,0.978868,0.9870214,0.9917508,0.97011787,0.9753064,0.9900141,0.9815733,0.9934725,0.9772267,0.9863587,0.9830744,0.9840171,0.9781916,0.9808044,0.98981935,0.9912701,0.9769363,0.98245484,0.9915514,0.9801287,0.9824675,0.988185,0.9817504,0.9910166,0.9854176,0.98270375,0.98297405,0.98946255,0.9800885,0.9716311,0.990495,0.8707409,0.98422396,0.9009434,0.98754376,0.9849977,0.9881192,0.9618308,0.98372,0.98707604,0.98705083,0.9866457,0.9833857,0.97880524,0.9900538,0.9871874,0.9885282,0.9723528,0.9813639,0.9606613,0.9906941,0.98573565,0.9864205,0.9854233,0.9811812,0.9904316,0.9763325,0.98537266,0.9823368,0.98433733,0.9933406,0.97956634,0.97975683,0.9792575,0.97202176,0.9893551,0.9843359,0.95323527,0.9867285,0.9884691,0.9870826,0.9874237,0.98404646,0.9749763,0.96638066,0.98699766,0.9840889,0.9748562,0.98273426,0.9839996,0.9933406,0.9883024,0.9921757,0.9922967,0.98642975
arcticmovie,0.9704939,0.9733154,0.9792057,0.97464263,0.96184236,0.9641524,0.9763681,0.982975,0.9789924,0.9819651,0.9782166,0.95619535,0.9812926,0.9761349,0.98299354,0.98629206,1.0,0.9657489,0.9720905,0.97050935,0.981518,0.9540684,0.9815672,0.98033184,0.9835215,0.8201386,0.9611191,0.9860502,0.96661985,0.98287654,0.9732976,0.98444647,0.9510819,0.9475585,0.91507584,0.8586318,0.9799115,0.9560562,0.96540064,0.9828202,0.9512832,0.97554326,0.9673716,0.9802816,0.96759444,0.96184105,0.9816714,0.96902287,0.9560723,0.9792621,0.96472716,0.9770858,0.9681205,0.97369725,0.9629849,0.9730794,0.9740357,0.9696052,0.9716038,0.9676381,0.9732598,0.98178244,0.9560424,0.9640005,0.97412014,0.95715,0.9793556,0.9714727,0.97920644,0.9259501,0.9747703,0.5391602,0.95378333,0.98031056,0.94277865,0.9706025,0.86267567,0.9669329,0.9680956,0.96445006,0.97635406,0.97078764,0.9765993,0.94341826,0.96383214,0.9726127,0.9662378,0.984915,0.94533587,0.96912014,0.96703047,0.9747703,0.97412556,0.9802034,0.97820836,0.97444856,0.9680234,0.954402,0.97516227,0.97238106,0.9665419,0.97623205,0.95679617,0.9843636,0.9776639,0.9637494,0.964294,0.97201943,0.96796316,0.96762663,0.9835696,0.8291835,0.975837,0.85912746,0.97964287,0.97199994,0.967856,0.94745624,0.9744087,0.9794813,0.97011715,0.97719944,0.9622794,0.95862764,0.97843784,0.96885705,0.9851488,0.9559619,0.96081465,0.94952565,0.9776541,0.9673575,0.9913596,0.9831514,0.9763361,0.9871504,0.96184206,0.9775602,0.97230774,0.97312194,0.9789924,0.95767367,0.96439797,0.9602457,0.9499996,0.97965235,0.973147,0.9341805,0.97446334,0.96850497,0.9676602,0.9783092,0.96784663,0.9725306,0.9661973,0.97738403,0.9788764,0.96559703,0.979137,0.9789455,0.9789924,0.97194487,0.9838701,0.97854084,0.9624222
artofracingmovie,0.9828542,0.97180676,0.9839293,0.98394454,0.99161756,0.9862843,0.97654384,0.97574043,0.9915273,0.9820308,0.9770007,0.9767934,0.9890004,0.9888589,0.98920786,0.9849808,0.9657489,1.0,0.97952735,0.98018557,0.9857209,0.9608991,0.9884196,0.98924565,0.9772706,0.8804654,0.969329,0.97420853,0.9858322,0.986593,0.9891195,0.97215337,0.95235735,0.98050445,0.9461902,0.89113575,0.99040884,0.9892402,0.9791123,0.97566456,0.9830621,0.9799041,0.95710903,0.9708008,0.9813326,0.96822214,0.9889573,0.9893782,0.97055024,0.9703196,0.9839136,0.991285,0.9690975,0.9737266,0.97082037,0.9871776,0.97698575,0.99170417,0.9895396,0.981393,0.9893275,0.97600806,0.9658187,0.9862879,0.9915208,0.9770456,0.97833884,0.9823696,0.9814139,0.9553911,0.98820364,0.52437514,0.96839744,0.9806929,0.9578654,0.9721481,0.8957132,0.9804256,0.9870424,0.976083,0.97429574,0.9849628,0.98825306,0.969122,0.9777718,0.9821646,0.9818617,0.9862198,0.9867092,0.9886894,0.9741395,0.98820364,0.97349244,0.97031444,0.9882883,0.98934823,0.98226947,0.9813311,0.97732025,0.98161376,0.97365034,0.97723705,0.9780994,0.9843272,0.97895443,0.9817835,0.98190373,0.9846193,0.98352635,0.96880364,0.9767074,0.86944294,0.98314595,0.8971541,0.98845065,0.98800194,0.9878724,0.96518534,0.9706802,0.96971065,0.98992276,0.98972625,0.98532903,0.9794602,0.98399425,0.99015445,0.98572236,0.97078717,0.98525494,0.9635566,0.9887723,0.9888509,0.95991206,0.97138697,0.9864243,0.9861353,0.97401816,0.9832926,0.9875362,0.9881076,0.9915273,0.9751383,0.96820146,0.9853999,0.98283416,0.9764149,0.9704439,0.95274574,0.98946667,0.9793687,0.98098594,0.98122406,0.98997134,0.975175,0.9647002,0.9816149,0.98435277,0.9762636,0.9811406,0.98187745,0.9915273,0.986211,0.98606056,0.98939216,0.9854742
avengers,0.997639,0.9728582,0.98758554,0.9819064,0.984494,0.97532296,0.9807231,0.98249984,0.991087,0.9833773,0.9733212,0.9785158,0.98301846,0.9808545,0.98283666,0.99145323,0.9720905,0.97952735,1.0,0.9848727,0.9879921,0.9811774,0.98529774,0.98451763,0.9846623,0.8774812,0.9777853,0.97775924,0.99082595,0.98032635,0.9917689,0.98809725,0.9468749,0.9784797,0.9481397,0.9183879,0.9846435,0.98131245,0.98617697,0.98116314,0.96366376,0.9876646,0.961089,0.9844513,0.98651385,0.9887912,0.9868237,0.9862768,0.97708523,0.9883125,0.9896211,0.9894395,0.96745235,0.9791233,0.9636108,0.9893827,0.993641,0.9818916,0.9801035,0.9785921,0.9852651,0.9839083,0.9647526,0.9820878,0.98676133,0.949722,0.97878945,0.9858828,0.9787552,0.93873256,0.9811527,0.4939404,0.9802082,0.99156773,0.96448606,0.97208565,0.904181,0.9774886,0.9655505,0.986923,0.96538,0.98055834,0.98848456,0.972472,0.9736593,0.99139625,0.98182005,0.9854918,0.9808572,0.985305,0.9663083,0.9811527,0.9796905,0.9709333,0.9881766,0.9883515,0.9727831,0.979199,0.98706245,0.9794786,0.9835784,0.98390865,0.9837202,0.9850633,0.96621317,0.9886055,0.98311704,0.99074036,0.9840361,0.97831285,0.9847103,0.9058665,0.9809534,0.9228764,0.9872493,0.98629445,0.9939862,0.953801,0.97773606,0.9826012,0.97960633,0.98666304,0.97341245,0.9781989,0.9859966,0.9851834,0.98055017,0.9797494,0.97859025,0.9592326,0.9847026,0.9842824,0.98121095,0.97690535,0.97607136,0.98084426,0.97629833,0.9816947,0.98538077,0.9745443,0.991087,0.9854944,0.9833609,0.98297626,0.9780629,0.9865631,0.98091483,0.9636164,0.9850687,0.99099636,0.9868096,0.9822282,0.9798979,0.9561158,0.9685768,0.9816078,0.98063344,0.9759666,0.9767729,0.9798552,0.991087,0.9927157,0.98108447,0.9911657,0.98822975
beachbummovie,0.9882156,0.96118474,0.9814764,0.97566557,0.986858,0.96463805,0.97789377,0.97776437,0.98707587,0.98706216,0.9782098,0.9536591,0.9726671,0.9821854,0.98150754,0.9864313,0.97050935,0.98018557,0.9848727,1.0,0.98082995,0.9791979,0.977885,0.98165995,0.97525275,0.8249947,0.9796848,0.9735605,0.9864997,0.9851829,0.98974216,0.98505765,0.93688023,0.96807027,0.9372117,0.9033653,0.98352325,0.9659808,0.98018116,0.9640808,0.9762317,0.9756869,0.9504812,0.97490937,0.97593355,0.9901948,0.97818094,0.98189074,0.9670233,0.9756733,0.98296475,0.9814471,0.95753634,0.975243,0.94204724,0.98619056,0.9853802,0.9740258,0.98187184,0.9827972,0.9882698,0.97968006,0.9669994,0.97702235,0.98294,0.9515303,0.98127466,0.9715994,0.9767928,0.94772965,0.987775,0.47183767,0.97032684,0.98852813,0.95776534,0.9674478,0.87589324,0.9663441,0.96921664,0.97494876,0.9719675,0.9705546,0.98908013,0.9690649,0.9630232,0.9872564,0.9684835,0.978684,0.98575824,0.98233193,0.97468555,0.987775,0.97184193,0.9794276,0.9808938,0.98740244,0.96896964,0.98961455,0.9801616,0.9711291,0.9734976,0.987179,0.98216313,0.98187137,0.97096807,0.9848328,0.9793883,0.9793396,0.9738423,0.9724906,0.9831168,0.86404985,0.97892886,0.91453224,0.9828709,0.9785321,0.9870218,0.95475775,0.9843511,0.9753288,0.9863647,0.9747891,0.97151816,0.9647753,0.98403364,0.9913845,0.97552276,0.97169745,0.97633314,0.95538867,0.9786943,0.98016155,0.97437334,0.98281646,0.9763143,0.98540413,0.9706788,0.97110724,0.9817154,0.9784534,0.98707587,0.9785773,0.9670747,0.9644873,0.9647467,0.98165375,0.9635005,0.95635676,0.97810525,0.9831147,0.9806445,0.97426647,0.9746033,0.958276,0.9709864,0.99122816,0.97898227,0.9870853,0.9773485,0.96768767,0.98707587,0.9820018,0.98396295,0.98217094,0.98307425
bernadettefilm,0.9884521,0.97050995,0.9917494,0.9868761,0.98639774,0.98504263,0.98441833,0.9821749,0.99560654,0.9864033,0.9883166,0.9842454,0.9920583,0.984285,0.988711,0.9893703,0.981518,0.9857209,0.9879921,0.98082995,0.99999994,0.97858363,0.99492604,0.98763466,0.98859733,0.88252807,0.98420227,0.98875463,0.98973805,0.9852946,0.98889184,0.9862055,0.9552548,0.979105,0.96237874,0.91613793,0.9899693,0.98467606,0.9857937,0.988056,0.97073436,0.9844156,0.9703262,0.98863,0.98720396,0.9823756,0.9957906,0.98616993,0.97702575,0.9855099,0.9905623,0.9930122,0.98271215,0.9841517,0.97542,0.9918226,0.9884216,0.9860295,0.98837876,0.98405766,0.98464555,0.9828518,0.97077286,0.9817014,0.9880254,0.9712201,0.98625225,0.9871188,0.98877776,0.96061414,0.9887322,0.5164472,0.9825199,0.98894054,0.975275,0.97823364,0.91901904,0.97014457,0.97472185,0.9887007,0.98264784,0.98709995,0.9931652,0.9768236,0.9839292,0.9858824,0.9893274,0.99145687,0.97514045,0.9913859,0.96961695,0.9887322,0.981636,0.971366,0.99140644,0.9884753,0.9857339,0.97663623,0.9860683,0.9913034,0.9846946,0.98357457,0.9825894,0.9889867,0.97065043,0.99010545,0.9824242,0.99149776,0.98331654,0.9819266,0.992239,0.89172804,0.99484795,0.9206483,0.9937053,0.9903901,0.9900398,0.9779938,0.9821509,0.9835023,0.9847455,0.99079436,0.98179954,0.98328376,0.99166065,0.9871968,0.98941565,0.9852967,0.9848684,0.9722195,0.98529255,0.9867563,0.98200244,0.98047763,0.99199075,0.98476887,0.98396194,0.9861116,0.99083835,0.987177,0.99560654,0.98474073,0.9842614,0.9854902,0.9786836,0.9842276,0.9803586,0.9671016,0.99085224,0.9876182,0.9868741,0.9915994,0.9921115,0.96293473,0.9673147,0.98915464,0.9922964,0.97565764,0.9871488,0.99348867,0.99560654,0.99079865,0.9883499,0.9934803,0.98795146
