movie,21bridgesmovie,47metersdown,abeautifuldaymovie,abominablemovie,adastramovie,adogsjourneymovie,aftermathmovie,aftermovie,ahiddenlifefilm,alitamovie,angelhasfallen,angrybirdsmovie,annabellemovie,annamovie,apollo11movie,arcticdogsmovie,arcticmovie,artofracingmovie,avengers,beachbummovie,bernadettefilm,blackandbluemovie,blackchristmas,blindedbythelightmovie,bombshellmovie,booksmart,breakthroughmovie,brianbanksmovie,brightburnmovie,brittanyrunsmov,captainmarvelofficial,captivestatemovie,catsmovie,charliesangels,childsplaymovie,clarathefilm,coldpursuitmovie,countdown,currentwarmovie,darkwatersmovie,detectivepikachumovie,disneyaladdin,disneyfrozen,disneymaleficent,doctorsleepmovie,dolemiteismyname,dontletgomovie,doramovie,downtonabbey_official,dumbo,escaperoom,everybodyknowsmovie,fastandfuriousmovie,fightingwmyfam,fivefeetapartfilm,fordvferrari,freaksthefilm,geminimanmovie,glassmovie,gloriabellmovie,godzillamovie,goldfinchmovie,goodboysmovie,goodliarmovie,gretafilm,halathemovie,happydeathdaymovie,harrietfilm,hellboymovie,hersmellmovie,highlifemovie,highstrungmovie,honeyboymovie,hotelmumbaifilm,httydragon,hustlemovie,hustlersmovie,isntitromantic,itmovieofficial,jayandsilentbob,johnwickmovie,jojorabbitmovie,jokermovie,judythefilm,jumanjimovie,justmercyfilm,knivesout,lalloronamovie,lastblackmansf,lastchristmasthemovie,latenightmovie,lighthousemovie,lionking,littlethemovie,littlewomenmovie,littlewoodsfilm,longshotmovie,lordsofchaosmovie,lucyintheskyfilm,mamovie2019,marriagestory,meettheaddams,meninblack,midsommarmovie,midwaymovie,missbalamovie,missinglinkfilm,motherlessbklyn,onceinhollywood,onthebasisofsex,overcomermovie,peanutbutterfalcon,petsematarymovie,piercingmovie,playingwithfire,playmobilthemovie,pomsmovie,queenandslim,rambomovie,readyornotfilm,richardjewellfilm,rocketmanmovie,scarystoriesmovie,secretlifeofpets,serenityfilm,shaftmovie,shazammovie,spidermanmovie,spiesindisguise,starwars,stormboymovie,stubermovie,taosdfilm,teenspiritmov,terminator,theaeronautsmov,thebestofenemies,thedeaddontdie,thefarewell,thehighwaymen,thehummingbirdprojectfilm,theintrudermovie,theirishmanfilm,thekitchenmovie,thelegomovie,themustangfilm,thenightingalefilm,theprodigymovie,thesunisalsoastar,theupsidefilm,tolkienmovie,toystory,triplefrontier,uglydolls,uncutgems,underthesilverlake,usmovie,wavesmovie,whatmenwant,wonderparkmovie,wrinklestheclown,xmenmovies,yardiefilm,yesterdaymovie,zombieland
21bridgesmovie,0.99999964,0.9564543,0.9594004,0.9577391,0.96391654,0.9627005,0.97009903,0.96770155,0.98563856,0.9625565,0.9665534,0.9554315,0.9629648,0.976025,0.9715097,0.96598613,0.9686023,0.9576737,0.97879475,0.95648307,0.95969105,0.96110046,0.9598016,0.963436,0.95432794,0.8976354,0.9593092,0.9704136,0.965705,0.9694536,0.96439314,0.96022373,0.95334065,0.9563173,0.9535027,0.94035155,0.97015554,0.9732776,0.96491456,0.9583316,0.965808,0.9675467,0.95944065,0.9693445,0.9632694,0.9661875,0.95693684,0.95816714,0.9543241,0.9703089,0.9662562,0.9703351,0.9596338,0.9625641,0.96521956,0.9677994,0.95768565,0.95990205,0.96681815,0.9623785,0.96117413,0.95990044,0.95920485,0.96610904,0.96343946,0.959497,0.95818615,0.95946294,0.9638524,0.94701284,0.96555686,0.8443372,0.96240336,0.96406853,0.9627191,0.9457816,0.93256915,0.9612709,0.96878153,0.96021926,0.9572094,0.9609741,0.9639414,0.9564551,0.9585062,0.96333724,0.9651023,0.96675545,0.965358,0.9733471,0.9671503,0.96555686,0.9541809,0.9613045,0.96036386,0.9669243,0.9616752,0.96063477,0.96905446,0.9575586,0.96860325,0.95779043,0.9552877,0.96482617,0.96248484,0.9662634,0.96966696,0.96652174,0.9615233,0.9581879,0.9666015,0.9151323,0.9586605,0.9384603,0.9550867,0.9741155,0.9902394,0.9631022,0.96793205,0.96518564,0.96764356,0.95230603,0.9623869,0.9601568,0.96130204,0.97058195,0.96499527,0.9626195,0.952865,0.9563167,0.9658894,0.95057166,0.96882355,0.9555116,0.9612804,0.9651981,0.9703169,0.968658,0.96565974,0.96245205,0.98563856,0.96772444,0.96865016,0.96132404,0.96421653,0.9606285,0.9551791,0.95670193,0.96250516,0.97591054,0.97426575,0.96191835,0.9664339,0.96203536,0.96305186,0.95889586,0.96030486,0.9674486,0.95113236,0.95916164,0.98563856,0.96593976,0.9697995,0.96496767,0.9639579
47metersdown,0.9564543,1.0000001,0.95532644,0.94803953,0.9500959,0.9467551,0.96452785,0.9485591,0.9696756,0.94047976,0.9569524,0.9406894,0.94179195,0.96001285,0.95538735,0.95741624,0.9464344,0.94816875,0.9553615,0.94264936,0.9463499,0.9385575,0.9520496,0.94680357,0.9326493,0.88687,0.95043856,0.9491199,0.951666,0.95661813,0.9551163,0.9445159,0.9269267,0.93490845,0.9414626,0.9308695,0.9566443,0.93958336,0.9509168,0.9512079,0.956258,0.9547369,0.9396423,0.96082747,0.9498761,0.94577754,0.9479773,0.95163524,0.9416487,0.9632635,0.9564064,0.9510423,0.93840975,0.942376,0.9570129,0.9528527,0.9395862,0.9513415,0.9499099,0.94615144,0.9400461,0.9405402,0.93223673,0.9475385,0.9464713,0.94903105,0.9404769,0.95297086,0.94078386,0.9392221,0.94588965,0.8489196,0.9494147,0.9527354,0.9408466,0.9384016,0.91459465,0.9458018,0.9441603,0.94404477,0.9453727,0.953558,0.94041145,0.9322844,0.9423102,0.94200844,0.94369066,0.9484113,0.9416626,0.95906144,0.9493156,0.94588965,0.9437435,0.9464484,0.9523347,0.95135546,0.9332045,0.9393942,0.95825684,0.9440814,0.9567722,0.9305902,0.933903,0.947112,0.956619,0.9541663,0.95301795,0.9504201,0.9459173,0.94434416,0.9491419,0.89553547,0.94640565,0.9245508,0.9394509,0.94570947,0.9576717,0.94679713,0.9457134,0.9579373,0.94422024,0.9377459,0.9518261,0.9484797,0.9522589,0.9502767,0.9458224,0.95665115,0.94223356,0.9359673,0.9510442,0.9284822,0.9451926,0.9380819,0.9452855,0.95474005,0.94630593,0.9552944,0.94752187,0.952538,0.9696756,0.9538121,0.95685565,0.9377246,0.9362375,0.952613,0.949028,0.94174314,0.9354929,0.9512908,0.9599416,0.95148563,0.9494187,0.9281014,0.9368951,0.9470468,0.94914097,0.9496322,0.9389615,0.94629544,0.9696756,0.93868834,0.95838904,0.9574919,0.9508068
abeautifuldaymovie,0.9594004,0.95532644,1.0000001,0.9508641,0.95938915,0.9541521,0.95662963,0.94732666,0.976108,0.95345557,0.95596945,0.9580461,0.9542931,0.9567967,0.95932037,0.9529613,0.954277,0.95769954,0.94956064,0.9501808,0.9521227,0.9541964,0.95356315,0.9482271,0.95030063,0.8971007,0.9580857,0.9528129,0.9721978,0.9555977,0.9575686,0.9518932,0.94524866,0.9512388,0.94189924,0.9299064,0.9610519,0.9593196,0.951242,0.95852846,0.9518646,0.96193576,0.9468769,0.96159875,0.95748,0.9532008,0.9493912,0.9527547,0.95325226,0.96371055,0.97285855,0.962872,0.941874,0.948918,0.947651,0.96170115,0.9463537,0.95635533,0.9614874,0.9522986,0.9520286,0.9574428,0.95492595,0.94842017,0.95678663,0.95119,0.9508434,0.95537937,0.95844704,0.94744855,0.9551972,0.8334319,0.95485586,0.95926785,0.9484581,0.94753104,0.9217853,0.95548785,0.9576675,0.9490382,0.9506232,0.9544814,0.957069,0.9450565,0.95931965,0.95131433,0.9561108,0.95526767,0.9534082,0.96196145,0.9576677,0.9551972,0.9482509,0.9503562,0.96897,0.9598677,0.9500376,0.9517209,0.94957274,0.95259404,0.9563474,0.9476128,0.95708895,0.9556165,0.9533718,0.97117245,0.9522552,0.95498234,0.9610924,0.9596901,0.9594154,0.8957543,0.95826304,0.9330609,0.94921184,0.9556132,0.96344376,0.9529849,0.9514546,0.94756186,0.95376825,0.94885176,0.9531961,0.95668155,0.95244634,0.9539373,0.9561657,0.9635726,0.95379215,0.9475108,0.9546153,0.9430681,0.95376897,0.9389078,0.9544328,0.95353675,0.9544132,0.954654,0.9580204,0.956729,0.976108,0.96985877,0.9557453,0.9488161,0.9484678,0.9548695,0.9408167,0.9426345,0.9494083,0.95532674,0.95612586,0.9738645,0.9556646,0.93344325,0.9469378,0.95299345,0.95385695,0.9561991,0.93850726,0.9528225,0.976108,0.94613177,0.96295774,0.9618301,0.9671985
abominablemovie,0.9577391,0.94803953,0.9508641,1.0,0.95196253,0.94979924,0.9514413,0.9467928,0.9703593,0.9386124,0.95424175,0.94258565,0.95419705,0.9514757,0.9583078,0.9461168,0.95204705,0.94555455,0.9524445,0.9405528,0.9423392,0.94373316,0.9443828,0.9412719,0.9391938,0.9072727,0.9547276,0.951455,0.9518168,0.9600792,0.9519919,0.9515725,0.936969,0.9414486,0.95940524,0.946318,0.94361854,0.9623667,0.9468885,0.9517182,0.94927806,0.95174384,0.9385417,0.9533547,0.953703,0.94406927,0.9454633,0.9487412,0.93816674,0.95806205,0.95449203,0.9620626,0.93330777,0.9562999,0.95026827,0.95457107,0.9340316,0.9452013,0.962452,0.9539764,0.9385466,0.9524466,0.9505459,0.9520176,0.9558707,0.93341625,0.93672335,0.9560107,0.95418286,0.935819,0.9528447,0.8278996,0.95543873,0.94226855,0.9586379,0.92392707,0.9157989,0.94231427,0.95098084,0.94864345,0.94785005,0.9423698,0.9525717,0.94239986,0.94963294,0.93410736,0.95916986,0.95232755,0.94518745,0.95549613,0.95040756,0.9528447,0.9463893,0.95329404,0.94819546,0.9599315,0.9431743,0.9478303,0.9549259,0.9438848,0.9485739,0.93830514,0.9407851,0.9482682,0.94690585,0.9542228,0.9642797,0.95631564,0.947742,0.94859374,0.96041846,0.90709215,0.9452054,0.9263417,0.9380118,0.95179814,0.96313393,0.9508932,0.94715637,0.9358564,0.9460281,0.94770813,0.9384791,0.9528475,0.9464781,0.9552226,0.94895595,0.95076805,0.9315919,0.937483,0.9450575,0.93293184,0.95344836,0.9304386,0.94134885,0.9594134,0.95358354,0.9529462,0.9523958,0.9483494,0.9703593,0.9518954,0.9569387,0.9429511,0.94515663,0.95340496,0.9373535,0.95212674,0.9496598,0.950879,0.9519138,0.9549294,0.96099436,0.92914796,0.94830215,0.9533272,0.9484117,0.9473956,0.93382317,0.9449456,0.9703593,0.9451929,0.9574545,0.94661677,0.9478647
adastramovie,0.96391654,0.9500959,0.95938915,0.95196253,0.9999999,0.9612586,0.9581755,0.9583113,0.97789407,0.9638345,0.95882595,0.9433964,0.9493602,0.9619269,0.95743287,0.953425,0.95739603,0.9750816,0.9526182,0.957602,0.95780075,0.95166487,0.959823,0.9595295,0.95271087,0.9063582,0.9654663,0.9582564,0.9626469,0.95821834,0.95565635,0.94911885,0.9486361,0.94538987,0.94418967,0.93422896,0.9607077,0.95491296,0.9521614,0.95120245,0.9554632,0.95456374,0.9358694,0.96340007,0.95650333,0.9605073,0.95584685,0.95401865,0.948935,0.96311384,0.96437955,0.9612407,0.94889015,0.9562826,0.95472884,0.9700294,0.9447546,0.9533584,0.9594037,0.9611459,0.9546796,0.95418787,0.9500065,0.95413244,0.9538785,0.95441955,0.9546405,0.9531171,0.95610666,0.9530002,0.9604095,0.8514627,0.94862294,0.95593256,0.9479519,0.94619673,0.926967,0.9483455,0.9502973,0.94887704,0.95527536,0.9519627,0.9569938,0.9381403,0.9598424,0.9527726,0.957992,0.9577886,0.95794,0.9570365,0.97085005,0.9604095,0.9554651,0.9547052,0.9575028,0.95615005,0.9538799,0.96187824,0.95155996,0.9553312,0.96049374,0.9528535,0.9476174,0.95642585,0.9553365,0.96275264,0.957671,0.9662461,0.95477206,0.9524184,0.9614244,0.90361637,0.9583856,0.94064784,0.95168823,0.96164644,0.96544474,0.9597525,0.96039087,0.95317554,0.9617986,0.9457693,0.950647,0.9493117,0.9556882,0.9576937,0.95794153,0.9596102,0.96208155,0.93650955,0.9549624,0.96131283,0.9610836,0.94221383,0.9556184,0.95422286,0.96092504,0.95156395,0.9602734,0.956782,0.97789407,0.96128625,0.9652496,0.95446086,0.9595346,0.95017666,0.9427188,0.9407021,0.96068925,0.9520682,0.9605379,0.95332605,0.9585127,0.93933904,0.9524421,0.9555605,0.95369667,0.9587423,0.95134974,0.95580953,0.97789407,0.95488334,0.96220624,0.96217376,0.96137536
adogsjourneymovie,0.9627005,0.9467551,0.9541521,0.94979924,0.9612586,0.9999998,0.9594181,0.96002156,0.97743756,0.9539096,0.95659584,0.9513835,0.95620245,0.9649416,0.9594404,0.9524514,0.95661664,0.9602021,0.95302796,0.9412777,0.95178676,0.93901306,0.9608128,0.95926714,0.94845736,0.8935765,0.95790774,0.9615126,0.95835626,0.9578087,0.95259655,0.94712764,0.9462143,0.94321424,0.9485068,0.9369823,0.9594414,0.95707345,0.9571267,0.9534037,0.95436245,0.95753837,0.9519526,0.9678465,0.9605706,0.96009904,0.9592528,0.9545854,0.946211,0.9654157,0.9566875,0.95883703,0.9512137,0.95381653,0.9450262,0.95639074,0.9457932,0.9476244,0.9631565,0.95918936,0.9535735,0.9555345,0.9595509,0.95362705,0.9548994,0.9493365,0.9386144,0.9524099,0.9576109,0.9431191,0.9611221,0.8355875,0.9515567,0.9635915,0.9470193,0.94021803,0.91820955,0.9506875,0.95249635,0.9606096,0.94567937,0.9508085,0.9522011,0.95023936,0.9545643,0.9561955,0.9571523,0.9662349,0.9568516,0.9570567,0.9575101,0.9611221,0.9521267,0.9566659,0.9485344,0.9576844,0.9557897,0.9566765,0.948754,0.95341843,0.95890164,0.95901716,0.9486021,0.95815873,0.956052,0.95631826,0.9640929,0.95897895,0.9424684,0.95385057,0.9601241,0.89674187,0.961764,0.9389676,0.9539154,0.9550197,0.9595562,0.9565225,0.95983,0.9496224,0.949907,0.95168275,0.9475186,0.9642623,0.95344853,0.9597856,0.9625374,0.9519171,0.950923,0.93921757,0.9504454,0.94455,0.95980686,0.9403463,0.9511674,0.9515227,0.95262474,0.9501926,0.96392316,0.9563729,0.97743756,0.9506674,0.960079,0.95122594,0.956286,0.95257115,0.9451996,0.9468271,0.95307034,0.94881964,0.96194947,0.9487433,0.9557579,0.94678855,0.95123667,0.95657384,0.9555677,0.95907485,0.95196944,0.9590438,0.97743756,0.9554386,0.9607715,0.9655422,0.9522485
aftermathmovie,0.97009903,0.96452785,0.95662963,0.9514413,0.9581755,0.9594181,0.9999994,0.96389014,0.98074716,0.9529115,0.966697,0.94654435,0.9553391,0.9678593,0.9664686,0.9569756,0.9550742,0.95941424,0.96150994,0.9524038,0.95762545,0.95009845,0.9644113,0.95528173,0.9525286,0.9021867,0.95457566,0.95962936,0.9596076,0.9578899,0.9633693,0.95710117,0.9459064,0.9539494,0.9488319,0.9388323,0.95783025,0.95680076,0.9573532,0.95960027,0.9627604,0.96102047,0.9465695,0.96710354,0.964799,0.9589995,0.95989674,0.9636968,0.9473555,0.96857464,0.9602712,0.96398574,0.9540821,0.9651255,0.9615772,0.96519285,0.94761443,0.9566818,0.9656223,0.9600279,0.9555826,0.95261234,0.9498912,0.96338177,0.96101975,0.95857346,0.94665265,0.957905,0.9591786,0.95307577,0.9584202,0.8604589,0.96084315,0.9612099,0.9541232,0.9517034,0.93460864,0.96211165,0.95441467,0.9631431,0.96230584,0.9750183,0.9551997,0.9482385,0.9557279,0.95532566,0.9594078,0.9598842,0.9575653,0.96774405,0.96542305,0.9584202,0.9536081,0.9541114,0.95099604,0.95880646,0.95694256,0.9542823,0.9773491,0.95959103,0.96138793,0.94649506,0.9448607,0.96074826,0.95916855,0.95971256,0.9654641,0.96618295,0.95255417,0.95844555,0.9566782,0.9191694,0.96067804,0.9359873,0.95523983,0.96535313,0.9698798,0.9633402,0.9617122,0.98424226,0.95859903,0.9501787,0.95891917,0.9524401,0.96046805,0.9634109,0.9533436,0.95832497,0.9515884,0.9409765,0.956694,0.9522879,0.958043,0.94701177,0.9575864,0.9617643,0.961072,0.96348894,0.95760834,0.95943725,0.98074716,0.9606762,0.9623484,0.95818746,0.95564944,0.95848906,0.95534617,0.9544295,0.9582597,0.9659822,0.98428595,0.9567155,0.9602011,0.94384533,0.9494012,0.9538337,0.9623307,0.96065855,0.95316046,0.9588949,0.98074716,0.95509905,0.96613324,0.96093243,0.9550236
aftermovie,0.96770155,0.9485591,0.94732666,0.9467928,0.9583113,0.96002156,0.96389014,1.0,0.9805838,0.9510228,0.9614271,0.9547411,0.95758617,0.96871424,0.9636656,0.9543483,0.960591,0.9530746,0.9553821,0.9479259,0.95800734,0.9561245,0.9594143,0.9607249,0.9492072,0.8837366,0.95761317,0.9659709,0.95761746,0.9559568,0.9528387,0.95582193,0.9520867,0.9532532,0.9527436,0.94302,0.95597315,0.9570072,0.94914925,0.95853454,0.95366544,0.9565128,0.9596164,0.96642184,0.96186906,0.9593131,0.9527222,0.954674,0.9472842,0.9679724,0.95833087,0.9623291,0.9538143,0.95805496,0.9593647,0.9600384,0.9457376,0.95133275,0.9613333,0.9646933,0.95181745,0.95546913,0.9555537,0.9596345,0.95352733,0.95942444,0.9433915,0.96188396,0.95803607,0.9526348,0.97043717,0.83998936,0.9596375,0.9554703,0.95257515,0.950828,0.9338598,0.9666344,0.96173763,0.9557102,0.9521829,0.95440966,0.955138,0.95672727,0.9552618,0.9481556,0.9616266,0.9638831,0.9586314,0.96416473,0.96371984,0.97043717,0.94829255,0.96169597,0.95349413,0.9581957,0.95698285,0.9576384,0.9517731,0.9510491,0.9597289,0.95622754,0.94170934,0.9656565,0.9579609,0.9569404,0.96610194,0.9614887,0.95209265,0.9511007,0.95723283,0.90177333,0.9594988,0.9377882,0.95407814,0.96321416,0.9697436,0.95829785,0.96131104,0.95929587,0.9607005,0.95294476,0.95774347,0.94501853,0.9559275,0.9645923,0.9600563,0.95960003,0.9466356,0.9419343,0.96027505,0.95086604,0.9625729,0.94867396,0.9485678,0.9579413,0.9607253,0.9561945,0.9677673,0.95434433,0.9805838,0.9594694,0.9627014,0.9560036,0.9504572,0.9576231,0.95523167,0.9563927,0.9586222,0.9572839,0.9607023,0.9495036,0.9534553,0.9417969,0.96266985,0.9658781,0.9538843,0.9694357,0.96099645,0.9601748,0.9805838,0.9573478,0.96199393,0.9599526,0.9519682
ahiddenlifefilm,0.98563856,0.9696756,0.976108,0.9703593,0.97789407,0.97743756,0.98074716,0.9805838,1.0000005,0.96935934,0.98108846,0.96800977,0.9750497,0.983598,0.9822626,0.9727431,0.97835094,0.9759326,0.9764414,0.9697769,0.97454375,0.9703983,0.9755821,0.9740621,0.9681996,0.9167292,0.976838,0.980547,0.98049915,0.97496057,0.9764661,0.9730115,0.96808445,0.968437,0.9688925,0.95736295,0.9791305,0.9766295,0.9747307,0.9741137,0.9784167,0.9800508,0.9690235,0.9849137,0.9802853,0.978485,0.97222036,0.9741561,0.96652496,0.9852868,0.98014176,0.98052126,0.9686533,0.9736037,0.97265023,0.9802042,0.96475697,0.9750983,0.98232937,0.97978824,0.97094595,0.9717706,0.97476274,0.977869,0.9756738,0.9732983,0.9685299,0.97547185,0.9778747,0.96815306,0.9820336,0.86131954,0.97350436,0.9773933,0.9722917,0.9645176,0.94291186,0.9737849,0.9759797,0.9730511,0.9745934,0.97148126,0.978203,0.9674371,0.97246444,0.9704968,0.979051,0.98104393,0.97740054,0.98260045,0.978474,0.9820336,0.972049,0.9766741,0.9745344,0.97826004,0.97454494,0.97717774,0.97721785,0.97218287,0.9801917,0.96973735,0.9673579,0.9797656,0.9729597,0.9792234,0.9804035,0.98150116,0.97324586,0.97298664,0.98052806,0.9241449,0.97714734,0.95531017,0.9734917,0.9793023,0.98760206,0.97559345,0.9791913,0.9732294,0.97618186,0.971335,0.9738095,0.9723688,0.9753579,0.9806536,0.9793288,0.97867346,0.9668035,0.96321386,0.97864026,0.96385163,0.97939664,0.96542835,0.97387785,0.9736896,0.9785187,0.97570693,0.9802689,0.9777802,1.0000005,0.9795038,0.9825309,0.97312325,0.97402394,0.97347903,0.9657455,0.9693334,0.97620875,0.9765816,0.980989,0.97662187,0.9788351,0.9626078,0.9734441,0.97854054,0.97235477,0.98128563,0.97167766,0.9753223,1.0000005,0.9745386,0.9836208,0.97838795,0.97546154
alitamovie,0.9625565,0.94047976,0.95345557,0.9386124,0.9638345,0.9539096,0.9529115,0.9510228,0.96935934,0.99999994,0.94953007,0.9537888,0.9547743,0.95820403,0.947861,0.9467489,0.95262665,0.9567661,0.95226973,0.9433421,0.95198447,0.9416745,0.9451364,0.9493612,0.948835,0.896146,0.9544947,0.95025206,0.9574695,0.9504067,0.95016104,0.94757086,0.9468108,0.9385852,0.94108355,0.92619526,0.9526685,0.9531731,0.9566149,0.9514462,0.950712,0.9555894,0.9406322,0.9626615,0.9469719,0.95629275,0.9465424,0.95209396,0.9480373,0.96132535,0.9625712,0.958385,0.9375831,0.9430831,0.95163304,0.9618638,0.94709337,0.9501073,0.9468954,0.9436689,0.9570271,0.94082373,0.944323,0.9545174,0.94986856,0.9454407,0.94874287,0.94934934,0.95260096,0.9428866,0.9432253,0.83828354,0.946571,0.953072,0.938855,0.9348858,0.9103686,0.9363936,0.9496539,0.9432576,0.9424982,0.94866675,0.9569837,0.9363701,0.96184224,0.94846565,0.95341456,0.94946504,0.9457515,0.95870876,0.96390486,0.9432253,0.9442144,0.94789034,0.950746,0.94742143,0.9525316,0.95041174,0.9488975,0.93754506,0.9526343,0.94186264,0.9405418,0.9457322,0.9574007,0.96143115,0.95427924,0.9590046,0.9532627,0.9522343,0.95479757,0.8998502,0.9521441,0.92187047,0.94920254,0.9543937,0.9613367,0.94786507,0.95102423,0.9524011,0.9606761,0.945261,0.94523,0.9467041,0.95302075,0.9518846,0.95182693,0.95965147,0.95468706,0.9364317,0.954093,0.9480999,0.9616188,0.9419584,0.9596541,0.94605136,0.9492666,0.9453133,0.9500536,0.9551007,0.96935934,0.9570738,0.9596983,0.95004064,0.9611926,0.95258325,0.9435032,0.94484776,0.9512316,0.9507553,0.952781,0.9437634,0.95925653,0.94045883,0.9384009,0.94528645,0.9488242,0.9450481,0.94076294,0.9502526,0.96935934,0.9535333,0.9622405,0.95298445,0.9620673
angelhasfallen,0.9665534,0.9569524,0.95596945,0.95424175,0.95882595,0.95659584,0.966697,0.9614271,0.98108846,0.94953007,0.9999995,0.9469996,0.9572911,0.96640635,0.9648123,0.95300394,0.95553744,0.9558673,0.9636381,0.95453525,0.9612806,0.95469505,0.96312207,0.9593848,0.94969136,0.90344065,0.96049035,0.9672496,0.96171665,0.9510845,0.9625978,0.9588596,0.94632965,0.95102316,0.9518484,0.9423757,0.95511115,0.9549174,0.95449245,0.956815,0.95863056,0.9617874,0.94590634,0.96618754,0.96273404,0.959791,0.9610684,0.95372033,0.94934505,0.9674556,0.96121556,0.9605954,0.9604142,0.95879185,0.95943135,0.9633427,0.94840586,0.96097213,0.9650995,0.9631668,0.95096475,0.9516051,0.9538432,0.9619889,0.95911527,0.96230763,0.9439493,0.9600901,0.9693939,0.9563747,0.96318245,0.8504454,0.9577999,0.956161,0.965563,0.95184696,0.93165344,0.96184045,0.9623368,0.9480341,0.9753167,0.9596406,0.95724833,0.9495371,0.9525889,0.9546494,0.9634241,0.965887,0.9573505,0.95804363,0.9596552,0.96318245,0.9550771,0.96085805,0.95689845,0.9699562,0.96399295,0.9531513,0.962867,0.9567456,0.9632036,0.94883853,0.94464403,0.96332026,0.9554051,0.9598941,0.96153075,0.9636543,0.95373374,0.95238256,0.95868707,0.9220597,0.9580264,0.9375873,0.9654118,0.9670799,0.96737456,0.9659663,0.9662153,0.9624404,0.95557946,0.9507965,0.9600374,0.9518008,0.95795673,0.96199024,0.9600192,0.9573922,0.95320976,0.94157815,0.95965356,0.94855505,0.9562858,0.9464001,0.9550408,0.9535421,0.9560303,0.96067655,0.9624858,0.96032465,0.98108846,0.96009535,0.96471524,0.9614998,0.95909727,0.95276666,0.9489201,0.95036143,0.95345825,0.9580655,0.96770215,0.9544568,0.9587424,0.95223445,0.95073247,0.9608879,0.9540403,0.95778155,0.9528495,0.9592191,0.98108846,0.95362717,0.96594167,0.9615248,0.95761675
angrybirdsmovie,0.9554315,0.9406894,0.9580461,0.94258565,0.9433964,0.9513835,0.94654435,0.9547411,0.96800977,0.9537888,0.9469996,0.99999994,0.9593341,0.94759524,0.94881696,0.9421755,0.94722855,0.94266367,0.94836986,0.9380724,0.9524924,0.9522474,0.9482283,0.93372303,0.9379322,0.8942937,0.9438469,0.94986457,0.9600346,0.9491917,0.9393676,0.943976,0.9485329,0.95837396,0.9426445,0.93473357,0.9489844,0.9595544,0.9415022,0.9508648,0.9480974,0.9453902,0.9495235,0.94850916,0.94732016,0.94653493,0.9474497,0.9508778,0.9423734,0.9525477,0.9663029,0.9495776,0.936805,0.94174105,0.94342935,0.95120376,0.9424443,0.944542,0.9452731,0.9470294,0.94204813,0.9421474,0.94160444,0.9547861,0.9450124,0.93877065,0.93163204,0.9462937,0.94499964,0.9396102,0.954513,0.84261274,0.9437782,0.95319617,0.9361884,0.9346891,0.9201262,0.9518843,0.95269954,0.9508214,0.93708444,0.9471152,0.9511046,0.9415329,0.9652942,0.9380702,0.9572036,0.95265794,0.9445226,0.9596529,0.9460565,0.954513,0.9342802,0.94949424,0.96264,0.9496198,0.9405016,0.95252705,0.93883395,0.9312135,0.94596595,0.93509823,0.9403586,0.95126045,0.94045794,0.9652907,0.952839,0.9515287,0.9562061,0.9509452,0.9496924,0.89091444,0.94769514,0.9230978,0.9399645,0.94959587,0.95584434,0.9371896,0.94370794,0.94193244,0.9534243,0.9430562,0.9440115,0.94340074,0.94457215,0.95177823,0.9465066,0.959931,0.9358253,0.9455136,0.9515026,0.9375571,0.9529883,0.9337485,0.9475416,0.9392805,0.9415709,0.93959904,0.9626018,0.9441815,0.96800977,0.95638084,0.95344394,0.95397794,0.9523228,0.94776154,0.94193363,0.946952,0.9530121,0.94819254,0.9493276,0.9492397,0.9505234,0.9297307,0.944835,0.94876254,0.95542544,0.95594376,0.93736356,0.94554895,0.96800977,0.946058,0.9526173,0.95440555,0.9545767
annabellemovie,0.9629648,0.94179195,0.9542931,0.95419705,0.9493602,0.95620245,0.9553391,0.95758617,0.9750497,0.9547743,0.9572911,0.9593341,1.0,0.9511831,0.9610075,0.94758135,0.9527445,0.94639796,0.95152766,0.9506047,0.9497557,0.96048874,0.95444655,0.949586,0.9572345,0.89825946,0.95461255,0.9566277,0.95701814,0.95238364,0.9525596,0.95961034,0.9560025,0.95121783,0.9559577,0.93967575,0.954431,0.9695106,0.94577193,0.9509807,0.9578501,0.9494223,0.948055,0.95774454,0.9611862,0.95425713,0.95297444,0.952514,0.94455135,0.9577818,0.95759475,0.9581439,0.95622045,0.95072645,0.9515388,0.96092314,0.9444666,0.94970113,0.96064883,0.95589316,0.9605808,0.9501623,0.958964,0.96878505,0.9571289,0.9469092,0.9475712,0.9514089,0.958248,0.94213694,0.9563991,0.84552354,0.9548543,0.9533714,0.9517682,0.9425189,0.9255555,0.9496026,0.95734507,0.9571353,0.95538694,0.95565027,0.9705521,0.95304686,0.9636392,0.94984543,0.9645567,0.9738702,0.9511034,0.96876293,0.9532105,0.9563991,0.94159603,0.9538472,0.95120966,0.9608748,0.956626,0.95863235,0.9503752,0.9426308,0.9517181,0.95230186,0.9476059,0.9566945,0.94514626,0.9547967,0.9653548,0.9648504,0.9616861,0.95542735,0.9570822,0.89504856,0.95402735,0.9400675,0.9444965,0.9593884,0.9677774,0.95285916,0.9582475,0.94583297,0.9625369,0.94559747,0.9565094,0.9456892,0.95310456,0.9607443,0.9642758,0.9553267,0.9442067,0.93875426,0.95979005,0.94406945,0.95988685,0.93909305,0.94741607,0.9513887,0.9558876,0.94878227,0.9601573,0.95516884,0.9750497,0.9583109,0.9574381,0.9612856,0.9573641,0.95364857,0.9502858,0.9588861,0.96211714,0.95165664,0.95189476,0.95331633,0.95642084,0.9459392,0.9516025,0.9492388,0.96083283,0.95591193,0.944563,0.9518029,0.9750497,0.95374167,0.9635045,0.95739573,0.95175856
annamovie,0.976025,0.96001285,0.9567967,0.9514757,0.9619269,0.9649416,0.9678593,0.96871424,0.983598,0.95820403,0.96640635,0.94759524,0.9511831,1.0000006,0.96823066,0.95868105,0.9615545,0.96420336,0.96610826,0.94919926,0.9613874,0.95437235,0.96161157,0.97425866,0.9520046,0.9063211,0.96515656,0.9688979,0.9657034,0.9644292,0.9640864,0.9511366,0.9486953,0.95223415,0.9492919,0.939491,0.96537906,0.9571571,0.96098787,0.96184576,0.966608,0.9673061,0.9514584,0.96794236,0.9673092,0.9636186,0.95515966,0.95797503,0.9503687,0.97181374,0.96575594,0.96420485,0.9545431,0.9544544,0.96708775,0.9552883,0.9574769,0.9585565,0.96052504,0.9626229,0.9527768,0.95343083,0.959489,0.96810025,0.95812804,0.96175,0.9553072,0.9608926,0.9648921,0.9526997,0.96226084,0.85005367,0.95768225,0.96406126,0.9577459,0.94588774,0.93465114,0.9607778,0.95600796,0.95274335,0.9583286,0.9576683,0.95713,0.95028234,0.95514673,0.95581186,0.9625813,0.9602723,0.9600671,0.9663023,0.9640637,0.96226084,0.95577,0.9607566,0.9572163,0.9636708,0.9581991,0.9557,0.96632683,0.9642704,0.96944344,0.95488524,0.9537505,0.96216017,0.97392535,0.96354747,0.9646314,0.962426,0.9562716,0.95617634,0.9641793,0.9092313,0.9652403,0.93477356,0.9650388,0.9688183,0.97286063,0.9616897,0.9621009,0.9647657,0.96052873,0.9558883,0.96123683,0.96100134,0.9606537,0.96588683,0.9591255,0.9601796,0.9533069,0.94574225,0.9650356,0.950139,0.96640766,0.9495156,0.95915914,0.96176666,0.9639992,0.96159434,0.9610752,0.96092814,0.983598,0.96133447,0.9714262,0.9506868,0.957972,0.95703125,0.9498615,0.95062256,0.95341414,0.96912277,0.97012514,0.95772547,0.95908237,0.9575861,0.95478255,0.9576448,0.954499,0.9667789,0.9584465,0.9621181,0.983598,0.9549386,0.9716829,0.96222556,0.95983005
apollo11movie,0.9715097,0.95538735,0.95932037,0.9583078,0.95743287,0.9594404,0.9664686,0.9636656,0.9822626,0.947861,0.9648123,0.94881696,0.9610075,0.96823066,1.0000001,0.9618464,0.96372455,0.954252,0.95857275,0.9719005,0.9582348,0.9572046,0.9593039,0.95659095,0.95228034,0.8996084,0.96212614,0.9689472,0.96553284,0.961495,0.96559036,0.95326996,0.95252484,0.9540904,0.9520558,0.9397506,0.96275157,0.96387726,0.9588034,0.9574399,0.959847,0.9642936,0.95030004,0.9669444,0.95933294,0.96298987,0.9556444,0.95494795,0.9452905,0.9690685,0.96272516,0.96017975,0.95360374,0.95805585,0.96018034,0.95933855,0.95055014,0.9636005,0.97097933,0.9627377,0.9523735,0.9554465,0.95150125,0.9574409,0.9602443,0.95466447,0.94572985,0.9550991,0.9580736,0.9541697,0.96217495,0.8301514,0.9549073,0.9560656,0.9521272,0.95245296,0.9334409,0.95972997,0.9675797,0.96099275,0.9551832,0.95370835,0.9636609,0.9509714,0.9556316,0.95288175,0.9599508,0.96366644,0.9614201,0.97080374,0.96595865,0.96217495,0.9536522,0.961181,0.9547609,0.9736609,0.95237124,0.95883983,0.96101946,0.9565152,0.9615569,0.95535576,0.94853634,0.96052706,0.955178,0.96101856,0.9638555,0.96122706,0.9630537,0.95579517,0.96657574,0.9226484,0.96187955,0.93612623,0.9612292,0.9609694,0.97458494,0.95834404,0.95899904,0.9587643,0.9612477,0.9594667,0.9574523,0.9602294,0.95800793,0.9705898,0.9646122,0.9616983,0.9444514,0.9446964,0.9603185,0.9432415,0.9626849,0.950714,0.9621792,0.96207786,0.9633945,0.96013516,0.96181613,0.95961493,0.9822626,0.9645156,0.9620009,0.95401096,0.96032864,0.956015,0.9555038,0.9609346,0.9555625,0.96362406,0.96961427,0.96064746,0.9610379,0.9455212,0.9572062,0.9586114,0.9599273,0.9619059,0.9552567,0.95795745,0.9822626,0.9581818,0.9681217,0.96633124,0.9580986
arcticdogsmovie,0.96598613,0.95741624,0.9529613,0.9461168,0.953425,0.9524514,0.9569756,0.9543483,0.9727431,0.9467489,0.95300394,0.9421755,0.94758135,0.95868105,0.9618464,1.0000005,0.9577293,0.9435513,0.9544703,0.9477328,0.94856274,0.94037217,0.95834595,0.9554155,0.9424198,0.8920097,0.9528787,0.95400125,0.95357615,0.95820916,0.9540518,0.9438239,0.9344783,0.9454981,0.95217806,0.9323381,0.95403105,0.95605767,0.95492107,0.94063556,0.95226085,0.9556022,0.9416974,0.9589691,0.9566668,0.95607513,0.95194244,0.94988805,0.95054793,0.9578635,0.954316,0.9516582,0.94735426,0.94636,0.95253354,0.9513102,0.9374663,0.9559037,0.9573348,0.9552162,0.9448627,0.95163554,0.9485581,0.9551099,0.94390124,0.9531494,0.9446228,0.9528658,0.94741833,0.94550407,0.9588124,0.8346884,0.94653326,0.9526566,0.948116,0.93678004,0.9184346,0.94918054,0.95383656,0.95169073,0.94304574,0.9484229,0.9487194,0.93603027,0.94608253,0.93948644,0.94846463,0.94874185,0.9555386,0.9646832,0.95661795,0.9588124,0.94294345,0.95159537,0.9416848,0.95540506,0.944411,0.9516756,0.9538444,0.95096207,0.9570655,0.93970865,0.9350272,0.954836,0.9397898,0.952378,0.9527914,0.96337473,0.9597021,0.93813086,0.9580249,0.88845676,0.94886816,0.93107134,0.9459666,0.9487314,0.96626276,0.95256335,0.9539329,0.9514176,0.95742285,0.9424885,0.943428,0.9566732,0.9538295,0.95532835,0.9466727,0.9542049,0.9422547,0.93701404,0.95275456,0.921824,0.95339626,0.93821424,0.9532541,0.95757884,0.95582944,0.9516921,0.9588472,0.9510279,0.9727431,0.9585295,0.95911205,0.94513035,0.9509955,0.948191,0.946155,0.95306534,0.95011395,0.9562601,0.9612354,0.94940966,0.9534565,0.9411661,0.9542804,0.9586127,0.9488228,0.9577721,0.94161344,0.9546476,0.9727431,0.9485441,0.95553815,0.9654898,0.9474508
arcticmovie,0.9686023,0.9464344,0.954277,0.95204705,0.95739603,0.95661664,0.9550742,0.960591,0.97835094,0.95262665,0.95553744,0.94722855,0.9527445,0.9615545,0.96372455,0.9577293,1.0000005,0.95157725,0.9562369,0.95834726,0.9531149,0.9484259,0.95235896,0.9533841,0.952164,0.8970572,0.95433676,0.9807746,0.96098924,0.9510082,0.96168363,0.9527926,0.9471542,0.9487134,0.9439047,0.92856365,0.9587702,0.96292317,0.9608126,0.948841,0.9614026,0.9638988,0.95246196,0.96821386,0.95642036,0.95672494,0.94846123,0.95131034,0.94902027,0.9649407,0.96037453,0.9606859,0.94822145,0.9565577,0.95634395,0.96155757,0.942892,0.9586275,0.9626394,0.9665005,0.9502332,0.95459104,0.95881754,0.9570661,0.9597399,0.95296365,0.95111716,0.9576352,0.9555205,0.95123094,0.968248,0.83580077,0.94447446,0.95703524,0.9382097,0.94620544,0.9129177,0.95341265,0.96240604,0.9482194,0.9474611,0.9479789,0.9605305,0.9424275,0.9482853,0.95136964,0.96227175,0.95964724,0.9610146,0.96469843,0.9567695,0.968248,0.95095366,0.9624805,0.9563342,0.9584244,0.9536679,0.95781404,0.96053565,0.9523786,0.95759684,0.95605713,0.9480927,0.96609175,0.94193727,0.96209806,0.95973724,0.95945877,0.9580301,0.9505679,0.96382457,0.90087473,0.9496993,0.9381341,0.95051384,0.9587378,0.9688828,0.9498284,0.9538178,0.9467714,0.963549,0.9522189,0.95122117,0.95077604,0.95692706,0.9581035,0.9601042,0.9575852,0.9470241,0.9457454,0.95927554,0.93561786,0.9805096,0.9644149,0.958617,0.9488343,0.9567635,0.9537877,0.96219325,0.9563704,0.97835094,0.9656057,0.9589731,0.9557016,0.9514526,0.9587161,0.9476683,0.94633436,0.96022576,0.9565868,0.96042037,0.9573914,0.96182007,0.9464507,0.9621746,0.9639951,0.9518449,0.96431494,0.9524704,0.9503243,0.97835094,0.953828,0.96349317,0.95658886,0.95515186
artofracingmovie,0.9576737,0.94816875,0.95769954,0.94555455,0.9750816,0.9602021,0.95941424,0.9530746,0.9759326,0.9567661,0.9558673,0.94266367,0.94639796,0.96420336,0.954252,0.9435513,0.95157725,1.0000001,0.9500119,0.95290315,0.9542272,0.94469917,0.95383674,0.9603961,0.9582366,0.90645593,0.96553594,0.95423216,0.96173805,0.95610106,0.95260596,0.95348614,0.9536035,0.9462409,0.93898,0.9299018,0.9554074,0.9513947,0.9509086,0.95142126,0.96238333,0.9582651,0.9375311,0.9616003,0.96106386,0.9626872,0.95024365,0.94975823,0.94823456,0.9628526,0.961759,0.96057415,0.94383276,0.94769627,0.95027673,0.9636818,0.9374682,0.9499443,0.9587411,0.954697,0.9481119,0.9495607,0.9539665,0.9513921,0.95420057,0.9527236,0.9472027,0.9557655,0.95905465,0.9470678,0.9573865,0.8529938,0.94120544,0.9590605,0.9453407,0.94690615,0.91325945,0.9503665,0.9498139,0.9502486,0.9587264,0.95266044,0.9485516,0.93760246,0.95240206,0.94673055,0.9579788,0.95228845,0.95619124,0.95772463,0.960639,0.9573865,0.95281476,0.94925696,0.95305014,0.9582213,0.9538201,0.9586856,0.95265716,0.9531543,0.9558551,0.9546926,0.95200276,0.95527977,0.95852107,0.9585464,0.9576481,0.95616716,0.94841135,0.9606055,0.95730704,0.9003929,0.9628968,0.92796123,0.95903796,0.9603255,0.957871,0.9571026,0.9590866,0.95690167,0.95183194,0.952924,0.9522135,0.9481654,0.95356935,0.95952123,0.9555937,0.95648193,0.960783,0.9336383,0.9516514,0.956299,0.9504117,0.93566144,0.9534286,0.9495238,0.95414174,0.95533615,0.95240307,0.9638083,0.9759326,0.9580256,0.96172625,0.94782186,0.95673364,0.95257443,0.93609494,0.9404105,0.95138234,0.9541833,0.96031535,0.95406526,0.9551742,0.93326944,0.9459967,0.95715463,0.9481584,0.9562702,0.9501686,0.95332515,0.9759326,0.95866096,0.96479374,0.9566465,0.95906526
avengers,0.97879475,0.9553615,0.94956064,0.9524445,0.9526182,0.95302796,0.96150994,0.9553821,0.9764414,0.95226973,0.9636381,0.94836986,0.95152766,0.96610826,0.95857275,0.9544703,0.9562369,0.9500119,1.0000002,0.9465269,0.95213604,0.9532148,0.95603263,0.95206475,0.94676375,0.8886996,0.95300144,0.9591329,0.9575465,0.96946776,0.9747218,0.95259696,0.95043474,0.95160645,0.9438281,0.93476295,0.9583903,0.95516425,0.956523,0.9551732,0.95712155,0.9555222,0.9522601,0.9590844,0.9575711,0.9617847,0.9542646,0.95171255,0.94957405,0.9616417,0.9588313,0.96063346,0.9567668,0.9495762,0.96131015,0.9542966,0.9475136,0.9490444,0.9596111,0.95553917,0.94658333,0.9580766,0.95513374,0.9604564,0.9537229,0.9462576,0.9489763,0.9574873,0.9537588,0.9369185,0.9562183,0.8420541,0.95206475,0.9512311,0.95592445,0.93714637,0.909496,0.951155,0.9599151,0.94755346,0.956511,0.9493545,0.95141816,0.9464213,0.9486304,0.9488176,0.9571551,0.9593815,0.9506446,0.9664222,0.9549688,0.9562183,0.9514489,0.9462898,0.9564888,0.9595675,0.95051837,0.95169395,0.96170455,0.95413315,0.9582355,0.94886875,0.9437365,0.9603087,0.95324016,0.95589197,0.9606084,0.9565183,0.9550219,0.9441133,0.96039194,0.90347385,0.9483453,0.92719334,0.94842243,0.9604649,0.9655987,0.95727134,0.96144325,0.9625648,0.95722353,0.93695754,0.95904636,0.95833707,0.9642221,0.961991,0.9539754,0.96451473,0.94368315,0.9589157,0.95363396,0.93232256,0.95880556,0.94914323,0.9537776,0.9631521,0.9483187,0.9670156,0.9553424,0.96378255,0.9764414,0.9614027,0.96116847,0.95403147,0.95659596,0.9604329,0.95200324,0.9457493,0.95127004,0.95902437,0.9650878,0.9473577,0.9580089,0.9399084,0.9516868,0.95038354,0.95689356,0.95737296,0.9337637,0.95148987,0.9764414,0.9561411,0.96143854,0.96282274,0.95414937
beachbummovie,0.95648307,0.94264936,0.9501808,0.9405528,0.957602,0.9412777,0.9524038,0.9479259,0.9697769,0.9433421,0.95453525,0.9380724,0.9506047,0.94919926,0.9719005,0.9477328,0.95834726,0.95290315,0.9465269,0.99999976,0.949945,0.9493428,0.94466877,0.9400111,0.94119686,0.8980516,0.9537288,0.9575811,0.94656026,0.94426924,0.9512379,0.94615626,0.94030267,0.93732274,0.9338677,0.9232338,0.94978184,0.9546918,0.95073754,0.94391483,0.9505308,0.95416284,0.9357999,0.95668346,0.94329494,0.9570914,0.94495326,0.94092935,0.9381142,0.9567018,0.9470197,0.95133424,0.9426353,0.9460726,0.9484468,0.95731807,0.93768054,0.9491941,0.9564318,0.9546555,0.94254726,0.941493,0.9383285,0.94510233,0.9491208,0.94499284,0.9505893,0.952123,0.95132184,0.9541578,0.9510771,0.8312516,0.9377581,0.9480389,0.93634,0.94088614,0.91816574,0.9451531,0.9552305,0.9417635,0.9458535,0.9404122,0.9544678,0.93668467,0.9453681,0.94556063,0.9544316,0.9548399,0.95559675,0.96275854,0.9573929,0.9510771,0.93989843,0.94547045,0.94272846,0.9547986,0.94025,0.9659367,0.94988894,0.9460661,0.9458608,0.94911623,0.93792397,0.95284176,0.940301,0.94757366,0.94849944,0.954847,0.95074236,0.94716084,0.9499067,0.9036621,0.9454862,0.9268733,0.94637144,0.949381,0.9615782,0.9423734,0.94482446,0.9449973,0.95559657,0.9448901,0.9443479,0.936886,0.94610286,0.95219743,0.955742,0.9494276,0.9405519,0.9302836,0.95190006,0.9363194,0.95657885,0.9499748,0.95148075,0.9442413,0.95362294,0.9508222,0.951932,0.9516681,0.9697769,0.9563936,0.9486536,0.9476868,0.94533616,0.94707847,0.9415661,0.94184023,0.948473,0.9468053,0.95545137,0.9468313,0.94360983,0.9335617,0.94661534,0.9496864,0.95208836,0.9499311,0.94245523,0.94285226,0.9697769,0.9472952,0.953856,0.95092595,0.9473053
bernadettefilm,0.95969105,0.9463499,0.9521227,0.9423392,0.95780075,0.95178676,0.95762545,0.95800734,0.97454375,0.95198447,0.9612806,0.9524924,0.9497557,0.9613874,0.9582348,0.94856274,0.9531149,0.9542272,0.95213604,0.949945,1.0,0.94385546,0.958578,0.9491345,0.94629323,0.8934144,0.952032,0.9614931,0.95489645,0.9512728,0.95245093,0.94339585,0.954923,0.94877744,0.9442099,0.9459688,0.9535489,0.94993407,0.95042187,0.9509362,0.948073,0.9532272,0.9504153,0.9597062,0.9529842,0.94960296,0.95755535,0.94970983,0.93990314,0.95971733,0.9612699,0.9523627,0.9427117,0.94394416,0.95502734,0.9633541,0.95140797,0.9540526,0.9525893,0.9556461,0.9463866,0.9459503,0.9485427,0.9576337,0.9461015,0.9454404,0.94081944,0.9504459,0.9568623,0.95069134,0.9591994,0.8548375,0.95460093,0.95413756,0.9510292,0.9420099,0.9227484,0.94739056,0.9559324,0.9457384,0.95754486,0.9512769,0.9500839,0.9473744,0.9538116,0.942929,0.95642495,0.95620126,0.95288986,0.9565105,0.9535125,0.9591994,0.95087844,0.9570135,0.947935,0.9546604,0.95191723,0.958793,0.9503875,0.9527578,0.95196813,0.9449984,0.93941754,0.9570744,0.95035285,0.95681804,0.9571514,0.9566132,0.95451003,0.949223,0.9574049,0.88795954,0.9581414,0.9279737,0.96514356,0.95494205,0.9634764,0.9533982,0.95512825,0.9555684,0.9517175,0.94999826,0.9583722,0.9488954,0.95288324,0.95827574,0.95916796,0.95788,0.9468266,0.9409694,0.9728064,0.94931215,0.9586289,0.945062,0.9505235,0.94326663,0.9538879,0.94723606,0.95801073,0.94883144,0.97454375,0.9557896,0.9616091,0.9450011,0.9528869,0.9451011,0.9492588,0.9475203,0.94849205,0.95428526,0.9567921,0.95693743,0.9534655,0.9376928,0.95175445,0.955688,0.9523425,0.9559481,0.95342296,0.95953006,0.97454375,0.9506826,0.96611357,0.9609617,0.95377254
