movie,21bridgesmovie,47metersdown,abeautifuldaymovie,abominablemovie,adastramovie,adogsjourneymovie,aftermathmovie,aftermovie,ahiddenlifefilm,alitamovie,angelhasfallen,angrybirdsmovie,annabellemovie,annamovie,apollo11movie,arcticdogsmovie,arcticmovie,artofracingmovie,avengers,beachbummovie,bernadettefilm,blackandbluemovie,blackchristmas,blindedbythelightmovie,bombshellmovie,booksmart,breakthroughmovie,brianbanksmovie,brightburnmovie,brittanyrunsmov,captainmarvelofficial,captivestatemovie,catsmovie,charliesangels,childsplaymovie,clarathefilm,coldpursuitmovie,countdown,currentwarmovie,darkwatersmovie,detectivepikachumovie,disneyaladdin,disneyfrozen,disneymaleficent,doctorsleepmovie,dolemiteismyname,dontletgomovie,doramovie,downtonabbey_official,dumbo,escaperoom,everybodyknowsmovie,fastandfuriousmovie,fightingwmyfam,fivefeetapartfilm,fordvferrari,freaksthefilm,geminimanmovie,glassmovie,gloriabellmovie,godzillamovie,goldfinchmovie,goodboysmovie,goodliarmovie,gretafilm,halathemovie,happydeathdaymovie,harrietfilm,hellboymovie,hersmellmovie,highlifemovie,highstrungmovie,honeyboymovie,hotelmumbaifilm,httydragon,hustlemovie,hustlersmovie,isntitromantic,itmovieofficial,jayandsilentbob,johnwickmovie,jojorabbitmovie,jokermovie,judythefilm,jumanjimovie,justmercyfilm,knivesout,lalloronamovie,lastblackmansf,lastchristmasthemovie,latenightmovie,lighthousemovie,lionking,littlethemovie,littlewomenmovie,littlewoodsfilm,longshotmovie,lordsofchaosmovie,lucyintheskyfilm,mamovie2019,marriagestory,meettheaddams,meninblack,midsommarmovie,midwaymovie,missbalamovie,missinglinkfilm,motherlessbklyn,onceinhollywood,onthebasisofsex,overcomermovie,peanutbutterfalcon,petsematarymovie,piercingmovie,playingwithfire,playmobilthemovie,pomsmovie,queenandslim,rambomovie,readyornotfilm,richardjewellfilm,rocketmanmovie,scarystoriesmovie,secretlifeofpets,serenityfilm,shaftmovie,shazammovie,spidermanmovie,spiesindisguise,starwars,stormboymovie,stubermovie,taosdfilm,teenspiritmov,terminator,theaeronautsmov,thebestofenemies,thedeaddontdie,thefarewell,thehighwaymen,thehummingbirdprojectfilm,theintrudermovie,theirishmanfilm,thekitchenmovie,thelegomovie,themustangfilm,thenightingalefilm,theprodigymovie,thesunisalsoastar,theupsidefilm,tolkienmovie,toystory,triplefrontier,uglydolls,uncutgems,underthesilverlake,usmovie,wavesmovie,whatmenwant,wonderparkmovie,wrinklestheclown,xmenmovies,yardiefilm,yesterdaymovie,zombieland
21bridgesmovie,1.0000002,0.96535933,0.97090954,0.9654883,0.9561698,0.9642993,0.97406775,0.9601296,0.9862438,0.96792847,0.9723767,0.9581758,0.97095996,0.9658368,0.9724379,0.9749563,0.968425,0.96246934,0.9799495,0.9680499,0.9660552,0.96118337,0.96875036,0.96895844,0.9612976,0.86774546,0.9589147,0.9617284,0.95594937,0.95918673,0.96590513,0.9675936,0.95287347,0.95991784,0.9593319,0.9366557,0.9698691,0.97551686,0.96706927,0.9607802,0.9683736,0.9684839,0.959617,0.9648955,0.9721363,0.9742253,0.9702589,0.9733553,0.95778984,0.9653721,0.9650055,0.9778905,0.9653873,0.95610714,0.9728519,0.95566106,0.9595955,0.9733683,0.9692525,0.971571,0.97066146,0.9695219,0.96683246,0.9606268,0.97112006,0.9662271,0.95495725,0.9724394,0.95864654,0.95874417,0.97552663,0.7983804,0.95920503,0.96969104,0.9599333,0.95805997,0.9286366,0.96747255,0.9648368,0.96083224,0.9656209,0.9665546,0.9682073,0.9631054,0.96514523,0.9587694,0.9648104,0.96236765,0.96669626,0.9688465,0.9588716,0.97552663,0.95430213,0.9559594,0.96727777,0.97032577,0.9605063,0.9643318,0.948818,0.9581126,0.9700762,0.96693105,0.96326786,0.97110504,0.96377647,0.9654903,0.9764121,0.9701881,0.95875895,0.9663597,0.9680633,0.88260317,0.96308756,0.9338196,0.964875,0.97537255,0.99064994,0.96080756,0.9727212,0.96686393,0.96992385,0.96485263,0.9702096,0.9585273,0.96249354,0.9655879,0.95982355,0.964117,0.9627317,0.9351446,0.9677444,0.96062285,0.96746343,0.9685232,0.9720542,0.95694125,0.9721858,0.97303224,0.97308886,0.97425526,0.9862438,0.9635628,0.97062105,0.9648259,0.95392287,0.97300416,0.96373343,0.96634334,0.9676037,0.968898,0.9691481,0.9602971,0.9693661,0.95660466,0.97075486,0.9723032,0.9690857,0.9713016,0.9704807,0.9556868,0.9862438,0.95444226,0.97478896,0.9653103,0.9635132
47metersdown,0.96535933,1.0000002,0.9535454,0.93868697,0.954419,0.952772,0.9570086,0.9431587,0.9764592,0.9586472,0.9547708,0.94826305,0.95449835,0.9627306,0.95425165,0.97567225,0.95961004,0.96219045,0.97445506,0.9571831,0.9531994,0.9549058,0.96389145,0.9621198,0.9487754,0.8603334,0.9487083,0.94632906,0.94906634,0.95906943,0.95643365,0.94683605,0.9422829,0.9547298,0.9509735,0.93353903,0.9619729,0.9475508,0.95274836,0.9544413,0.95499796,0.96140134,0.9475737,0.9564236,0.9639758,0.9622101,0.9642721,0.95337456,0.94834644,0.9606707,0.95427513,0.9639501,0.956763,0.9431064,0.9569025,0.955437,0.9518846,0.96286714,0.94305736,0.9554652,0.95375025,0.9450836,0.96136314,0.9477332,0.9607225,0.9598635,0.9472145,0.96341544,0.9438672,0.94477326,0.96297354,0.82853055,0.9566002,0.94904417,0.95964974,0.9563346,0.9217691,0.961602,0.94788826,0.95363116,0.95149297,0.94829786,0.9630451,0.95101213,0.94673556,0.9527311,0.947072,0.9592424,0.95946604,0.9609866,0.9587377,0.96297354,0.95748276,0.95470506,0.95601946,0.9434294,0.9460258,0.9581388,0.9455972,0.9521394,0.95165265,0.95619553,0.9521604,0.96104324,0.9694029,0.9511136,0.95823914,0.95865715,0.9452024,0.94954187,0.9499949,0.8929103,0.96164745,0.93600076,0.95715463,0.9589311,0.96086395,0.95393366,0.9657852,0.9511761,0.96113443,0.9532092,0.9657825,0.9477035,0.9523582,0.9569627,0.95701736,0.9535019,0.94776225,0.93576807,0.95357776,0.9483641,0.9579568,0.95217234,0.96425337,0.953134,0.9512567,0.9613676,0.9609922,0.9617462,0.9764592,0.9501989,0.95651084,0.95475984,0.9519049,0.95469314,0.9479643,0.9543127,0.95813984,0.9398891,0.9496707,0.9453409,0.96061397,0.9496229,0.95337456,0.96487,0.95823807,0.96096665,0.9637821,0.9531022,0.9764592,0.94885,0.96034884,0.9558313,0.94759476
abeautifuldaymovie,0.97090954,0.9535454,0.9999997,0.9570435,0.9565572,0.95907634,0.9743228,0.9528503,0.9802876,0.9591118,0.96225345,0.9681253,0.96252686,0.9661585,0.9666163,0.9676518,0.9631328,0.95990705,0.9666565,0.95645577,0.9618264,0.96981883,0.9690104,0.95711416,0.95046914,0.85877573,0.9675286,0.95796216,0.9701315,0.95155317,0.96147627,0.95903826,0.9517183,0.9726931,0.94955254,0.93475014,0.96038556,0.9612471,0.96371114,0.96196485,0.9675693,0.96035624,0.959851,0.96222436,0.9595212,0.9592797,0.96774757,0.9627022,0.94996524,0.9634208,0.9790183,0.9643919,0.9641827,0.95839876,0.96094877,0.95540243,0.9615329,0.95854485,0.9656505,0.96184164,0.9571877,0.95978487,0.959607,0.9587342,0.95349073,0.9575345,0.9472013,0.964757,0.95659333,0.96352446,0.9644454,0.80318326,0.95573485,0.96442854,0.95469064,0.95134777,0.9195122,0.9640689,0.9657089,0.95743674,0.96064687,0.96202064,0.97131884,0.9603757,0.96870756,0.9461475,0.9636464,0.95495003,0.94966376,0.9631281,0.96079564,0.9644454,0.95223397,0.95381093,0.9755938,0.9607923,0.951922,0.95318973,0.9598267,0.95697004,0.9620125,0.95200837,0.9576935,0.9633317,0.9658091,0.9773862,0.9574855,0.9673865,0.9610955,0.95739245,0.97173434,0.9007701,0.95195454,0.93429995,0.9641835,0.9613944,0.9717683,0.9553301,0.9690358,0.96507967,0.96213007,0.9603035,0.96241695,0.9521928,0.9579115,0.95968485,0.9507814,0.9696947,0.95552725,0.93928295,0.96165794,0.9601177,0.96468467,0.9572079,0.9541322,0.9453569,0.96291155,0.9596855,0.9601874,0.9668292,0.9802876,0.9706398,0.9655379,0.9580223,0.9492646,0.9576847,0.95925874,0.96140707,0.9662849,0.9519586,0.9706815,0.9681657,0.9578604,0.947316,0.9639135,0.96105766,0.9637826,0.9574699,0.9580432,0.94547516,0.9802876,0.9570444,0.96922165,0.9686942,0.9750707
abominablemovie,0.9654883,0.93868697,0.9570435,0.99999994,0.94367456,0.95135874,0.96094155,0.95448077,0.9718835,0.9574846,0.9590156,0.94365007,0.9652987,0.9528508,0.9637865,0.95812935,0.9626378,0.9466,0.9587858,0.9527733,0.95054454,0.94792575,0.9594594,0.9546288,0.9427133,0.84508044,0.9557453,0.95857775,0.94248176,0.93966335,0.9528892,0.94963163,0.9456857,0.95096993,0.9484882,0.9218648,0.9592082,0.96363527,0.96448034,0.95076746,0.95578927,0.95496786,0.9437294,0.95388794,0.95563155,0.9568186,0.95942396,0.9519935,0.9473444,0.95738596,0.9524851,0.9644443,0.9481909,0.9519592,0.9574299,0.95194507,0.94415534,0.9487333,0.9645088,0.9577518,0.9605638,0.9690725,0.94885045,0.9570708,0.9573586,0.94458216,0.9411653,0.9614178,0.94233006,0.94115305,0.960382,0.7765278,0.9414081,0.9546819,0.95781016,0.94733167,0.91078454,0.95080924,0.9580476,0.9449958,0.9606433,0.962603,0.9568568,0.9453877,0.9646001,0.96068037,0.9574092,0.94961745,0.9632455,0.9590581,0.9486738,0.960382,0.9422359,0.9482154,0.96027523,0.9726356,0.9599569,0.9398743,0.93633187,0.94020385,0.9534689,0.94977635,0.9540067,0.95942885,0.94120103,0.9523765,0.9526005,0.9632816,0.9495976,0.95893174,0.9579985,0.8849271,0.94952863,0.918004,0.9550625,0.9578253,0.96182483,0.9501373,0.96233916,0.9582373,0.9596209,0.9503862,0.9518821,0.950583,0.9405924,0.94928676,0.94836533,0.94897443,0.94795024,0.9245505,0.9484253,0.9458758,0.9556463,0.95531857,0.9516778,0.93832463,0.95705694,0.96251637,0.9569935,0.9539442,0.9718835,0.94804394,0.9584399,0.95500654,0.93779683,0.9597063,0.9481233,0.95731586,0.96290815,0.9518755,0.95484376,0.9533026,0.95472425,0.92923594,0.95881486,0.95431757,0.961771,0.9521679,0.9565962,0.9400931,0.9718835,0.9441384,0.9611633,0.95736676,0.9517789
adastramovie,0.9561698,0.954419,0.9565572,0.94367456,1.0,0.9368116,0.95869917,0.9404949,0.9702331,0.96909153,0.9499322,0.9389513,0.9554595,0.95011526,0.9559534,0.9608406,0.948768,0.9739823,0.95525515,0.96137744,0.9469956,0.95574844,0.9610746,0.95711946,0.9450595,0.8443647,0.96056527,0.9395881,0.9432412,0.94931716,0.9496223,0.9415962,0.9348872,0.9497784,0.9388904,0.9121118,0.95232886,0.9473381,0.9578137,0.9477328,0.9455343,0.9558984,0.9354227,0.9492655,0.9516534,0.9538918,0.96514785,0.94750154,0.9360191,0.95214653,0.9497491,0.9520813,0.95109004,0.9579836,0.9438318,0.9688359,0.94927555,0.95416605,0.95744854,0.9491042,0.9517355,0.9555024,0.9525508,0.94543844,0.9493791,0.94906926,0.94165695,0.94773686,0.94219935,0.93803716,0.95410544,0.7950466,0.9446744,0.94270515,0.94945186,0.96225053,0.9226633,0.9658029,0.9529467,0.94050163,0.9409472,0.9537972,0.9561291,0.94756305,0.9513949,0.94048154,0.9463555,0.94945705,0.9504701,0.9494269,0.95236254,0.95410544,0.94398105,0.94665164,0.9559643,0.94040823,0.95227563,0.9440086,0.94390696,0.9417692,0.9410725,0.9562619,0.9401176,0.95743096,0.9517704,0.9494194,0.94864106,0.9529233,0.94556254,0.932793,0.95786756,0.9072174,0.94626534,0.9303841,0.94526595,0.95796376,0.9565076,0.9425866,0.952576,0.9579336,0.95512456,0.95181286,0.9507239,0.94059813,0.95246524,0.9574548,0.94233644,0.94264895,0.96925455,0.91746175,0.9501561,0.96712863,0.9492022,0.9456418,0.95066386,0.94278276,0.94799817,0.9479476,0.9460263,0.95850575,0.9702331,0.9522489,0.9501039,0.94615465,0.938543,0.950159,0.95835185,0.9519416,0.9566604,0.94180185,0.94840145,0.94149595,0.9576249,0.938064,0.9538775,0.9564331,0.9568762,0.94808424,0.95353526,0.9394055,0.9702331,0.9672106,0.9570318,0.9495346,0.9511056
adogsjourneymovie,0.9642993,0.952772,0.95907634,0.95135874,0.9368116,0.99999976,0.96055186,0.94916403,0.97522014,0.95551926,0.9606635,0.95993006,0.9547536,0.9608275,0.9629235,0.9644889,0.96297026,0.94812,0.9663857,0.94920635,0.9624005,0.9504872,0.9663023,0.9548957,0.9448289,0.8690556,0.95038366,0.9631352,0.9485381,0.9522628,0.956201,0.9455192,0.95821995,0.9555647,0.9444006,0.9208618,0.9622943,0.95201045,0.9593572,0.9570559,0.9608676,0.95376724,0.9592926,0.94664377,0.957278,0.9484449,0.9583553,0.9607936,0.9485945,0.9537242,0.9633933,0.95529217,0.95688444,0.94281316,0.9569603,0.9481242,0.95698345,0.95876056,0.95789766,0.9610156,0.959246,0.95454204,0.9545785,0.9586322,0.94477266,0.95122105,0.9427151,0.95286405,0.95666504,0.95397776,0.96328986,0.82855594,0.9538944,0.9648499,0.95665455,0.9512186,0.9113744,0.95301914,0.94607884,0.96174383,0.9520767,0.9499262,0.9630363,0.9541463,0.9681041,0.95390505,0.950389,0.9493198,0.95783603,0.9594645,0.95257825,0.96328986,0.9456158,0.95328385,0.9615789,0.95577145,0.956954,0.9520216,0.9435005,0.9427573,0.9542916,0.9535734,0.95224655,0.961433,0.95528615,0.9609363,0.9543103,0.96381706,0.96295553,0.9544157,0.9584788,0.87586945,0.94938457,0.9251183,0.95880884,0.9498209,0.960529,0.9524966,0.9599698,0.95349914,0.95524365,0.9493115,0.96380985,0.9752122,0.9462785,0.95966905,0.94763285,0.9564808,0.94726884,0.9433102,0.9622499,0.9412634,0.9574181,0.9481982,0.9534693,0.9419997,0.9437653,0.9619067,0.9623447,0.95188206,0.97522014,0.9515621,0.96024716,0.9533153,0.9380102,0.95325637,0.94580966,0.95479065,0.96400523,0.9549348,0.96068233,0.95230955,0.9533589,0.9417364,0.95507467,0.95838237,0.96329004,0.9600818,0.9516875,0.9414725,0.97522014,0.9553229,0.9659312,0.9673347,0.9569549
aftermathmovie,0.97406775,0.9570086,0.9743228,0.96094155,0.95869917,0.96055186,1.0,0.95497805,0.9842953,0.96200883,0.9681005,0.9612158,0.9671759,0.96690035,0.9680103,0.973746,0.9683459,0.9608673,0.96637,0.96151716,0.96187556,0.961703,0.96696436,0.96371806,0.9557704,0.85166746,0.96771604,0.9613336,0.9576638,0.95550615,0.9628859,0.9656447,0.95371294,0.96674764,0.94814134,0.9394979,0.9664094,0.96438515,0.9725074,0.96842134,0.96394783,0.96383804,0.96642953,0.9660193,0.9636127,0.95878494,0.9635665,0.9641607,0.95357764,0.9650539,0.9641396,0.97197115,0.9648929,0.9664569,0.9617539,0.95610654,0.965329,0.9646962,0.96544015,0.9652799,0.9652345,0.96441287,0.96576756,0.96233374,0.96220034,0.9595555,0.94988483,0.9668949,0.9605764,0.95654076,0.9705841,0.82394505,0.9591383,0.9612911,0.95478725,0.9627177,0.9273275,0.9727764,0.9625725,0.96384335,0.9617379,0.97563875,0.9731867,0.9632565,0.97024447,0.9531676,0.9584465,0.9599407,0.9582392,0.96888596,0.9621267,0.9705841,0.9548521,0.95817095,0.9681916,0.9632465,0.9676955,0.95240474,0.9692424,0.9537301,0.96011347,0.95804805,0.95861167,0.9729884,0.9605335,0.96404207,0.95930755,0.97310174,0.9609508,0.95763695,0.9707514,0.89512885,0.95704776,0.9417764,0.96161956,0.9729441,0.9762551,0.95565647,0.96741056,0.9891892,0.96855426,0.96185625,0.9693371,0.95691293,0.9671942,0.9666631,0.9500531,0.96513796,0.9647523,0.9439764,0.96961963,0.962818,0.9673584,0.9593454,0.95885164,0.95093983,0.9664333,0.9684849,0.9659431,0.9666493,0.9842953,0.96180385,0.96944475,0.9588643,0.9509009,0.96914285,0.9670685,0.9626117,0.97176355,0.96193516,0.985337,0.9644741,0.9639655,0.94447696,0.9709231,0.9648284,0.96146196,0.9685697,0.96033394,0.9517519,0.9842953,0.9563916,0.97310096,0.96229416,0.9613782
aftermovie,0.9601296,0.9431587,0.9528503,0.95448077,0.9404949,0.94916403,0.95497805,0.9999998,0.9719249,0.9519921,0.9561657,0.9437358,0.95934945,0.95245266,0.96002716,0.9627497,0.9539034,0.944024,0.95451176,0.9520262,0.9582773,0.94784033,0.9509215,0.95664984,0.94113857,0.8663631,0.9476775,0.9533055,0.9370806,0.9408013,0.95704645,0.93949246,0.94371116,0.9343198,0.94686717,0.92634344,0.95861393,0.94844496,0.95241886,0.9400547,0.968198,0.95433366,0.94525576,0.9510009,0.9615395,0.955759,0.95192474,0.95492095,0.93546915,0.96114486,0.9499886,0.9555409,0.94924796,0.9371922,0.9709567,0.94420886,0.946708,0.9478365,0.95715183,0.9656713,0.95810384,0.9552965,0.9526116,0.9638736,0.9513636,0.93903077,0.9346815,0.94589186,0.94352716,0.94216156,0.9632534,0.7723256,0.95464045,0.9547092,0.94710064,0.94853735,0.90126574,0.94758505,0.94656795,0.94847685,0.96204585,0.9517017,0.9619437,0.9397868,0.95946944,0.95095974,0.95697147,0.948718,0.9581899,0.958785,0.9506179,0.9632534,0.95205337,0.9421009,0.9464528,0.96189594,0.9568635,0.94639367,0.94106084,0.93535703,0.957214,0.9515731,0.95849377,0.957615,0.94590133,0.9467508,0.95952153,0.96523625,0.95034647,0.9468855,0.9619391,0.8655387,0.94601244,0.92295736,0.9499832,0.96143794,0.9595775,0.9477012,0.97034025,0.95622325,0.96246713,0.9527959,0.9600557,0.94964993,0.9516825,0.9536441,0.94575924,0.957478,0.9393719,0.9423598,0.95578814,0.9450558,0.9528458,0.9426759,0.94662964,0.9410947,0.94949096,0.95812374,0.9653207,0.9563074,0.9719249,0.9453597,0.95959073,0.95165724,0.94706845,0.9509104,0.94583744,0.9523437,0.9566248,0.9482424,0.949582,0.9522374,0.9574831,0.91042507,0.9584699,0.9595231,0.9516953,0.94774216,0.9559668,0.9369761,0.9719249,0.94324875,0.966415,0.9446499,0.9493342
ahiddenlifefilm,0.9862438,0.9764592,0.9802876,0.9718835,0.9702331,0.97522014,0.9842953,0.9719249,0.9999999,0.9780802,0.9795735,0.9723996,0.9835486,0.9835067,0.9831993,0.9853289,0.9809973,0.97650576,0.9843373,0.9789187,0.9776585,0.9764797,0.9844014,0.979908,0.9721957,0.8842864,0.97851366,0.97497153,0.9706789,0.97323555,0.97803247,0.9697034,0.9676755,0.9753933,0.9695827,0.9539715,0.9821135,0.9779647,0.98017776,0.9763386,0.9805052,0.97979164,0.97392684,0.9756741,0.9813518,0.97646934,0.9832762,0.979621,0.9684262,0.98027503,0.9782391,0.984233,0.9772434,0.97131264,0.9789674,0.97333187,0.97619015,0.98096806,0.97875726,0.98089755,0.9791916,0.97782093,0.97945035,0.9777831,0.9781644,0.9767467,0.97053003,0.9805685,0.97104406,0.974301,0.985118,0.8245965,0.9772738,0.9781182,0.9760881,0.975015,0.93916154,0.98143953,0.97412413,0.97182107,0.97675395,0.9756985,0.9858052,0.9728223,0.97938704,0.9735042,0.9749495,0.9793376,0.9774022,0.9827349,0.9778877,0.985118,0.97347945,0.97450364,0.97984064,0.9757876,0.9756215,0.97560275,0.9680183,0.9743318,0.97489274,0.9758609,0.97489995,0.9845044,0.97899383,0.97632945,0.9779719,0.9827767,0.9700782,0.9754374,0.98245746,0.9055723,0.97708124,0.9542674,0.97942555,0.9806365,0.9851614,0.97349113,0.9872919,0.9775648,0.98440367,0.97770745,0.98385584,0.9742206,0.9762992,0.97874874,0.9743065,0.97680795,0.9724965,0.9573863,0.97935903,0.9706722,0.9796152,0.97642314,0.9803016,0.96849895,0.9750795,0.98341113,0.98436815,0.9782967,0.9999999,0.9759947,0.98088604,0.9766585,0.9691473,0.97915596,0.97602534,0.9780317,0.9816699,0.975019,0.9775336,0.97363096,0.9798283,0.9565627,0.98105025,0.98097116,0.9811861,0.97745216,0.97817373,0.9697657,0.9999999,0.9703915,0.986548,0.9801248,0.97601026
alitamovie,0.96792847,0.9586472,0.9591118,0.9574846,0.96909153,0.95551926,0.96200883,0.9519921,0.9780802,0.9999994,0.950617,0.9524234,0.96244395,0.96270865,0.9693432,0.9638043,0.9568513,0.96932983,0.9646052,0.96534085,0.95326555,0.95974344,0.962087,0.96419924,0.95559835,0.8657207,0.96074486,0.95494205,0.9443981,0.9563669,0.95354,0.9495889,0.9430585,0.9474271,0.9494969,0.923471,0.963417,0.95705646,0.96256775,0.9539197,0.9562264,0.9585982,0.9550289,0.954001,0.9578407,0.9594548,0.9632026,0.9590185,0.94901115,0.9568969,0.95804447,0.9627678,0.9606385,0.95203924,0.9576438,0.96178484,0.94894594,0.95905817,0.96755415,0.96122265,0.9660168,0.9600812,0.9644664,0.96313006,0.96424973,0.9557955,0.94504946,0.9596674,0.95154244,0.9424991,0.96408534,0.78691345,0.9486156,0.95457214,0.95313585,0.9598027,0.9126264,0.9638497,0.9571983,0.95200807,0.949241,0.9563303,0.96187764,0.9527868,0.96289724,0.95143366,0.9544766,0.9544984,0.9584271,0.9539283,0.9591671,0.96408534,0.95223296,0.9569793,0.96084785,0.9569799,0.9601935,0.95808077,0.9506409,0.946551,0.95347273,0.9660163,0.9493312,0.96251243,0.9633273,0.95559645,0.9593344,0.9666794,0.9499035,0.94601476,0.9630568,0.89664215,0.94685024,0.9323327,0.9525767,0.96157914,0.96700007,0.9468289,0.9636865,0.96120375,0.9619867,0.956791,0.9566155,0.9498932,0.9512041,0.9655545,0.9579502,0.95566463,0.96075934,0.9376693,0.955974,0.96172196,0.9562222,0.9480484,0.9583217,0.9476027,0.95374966,0.95315284,0.96009004,0.96290034,0.9780802,0.9582451,0.9609779,0.95939803,0.93758607,0.95947963,0.95362705,0.95847154,0.9677838,0.9559288,0.9559275,0.9577747,0.96486896,0.93753684,0.9629714,0.9678981,0.96313316,0.96194303,0.95491356,0.94073075,0.9780802,0.96494097,0.96386075,0.9582646,0.95876086
angelhasfallen,0.9723767,0.9547708,0.96225345,0.9590156,0.9499322,0.9606635,0.9681005,0.9561657,0.9795735,0.950617,1.0,0.9543677,0.9595738,0.9622352,0.9639263,0.963019,0.97051656,0.9572248,0.9680074,0.96076584,0.957577,0.9545403,0.9654792,0.9662284,0.9478805,0.8414868,0.95853275,0.9632398,0.9474244,0.95037794,0.959036,0.94807327,0.9545462,0.9596745,0.95191246,0.9379636,0.965434,0.95531136,0.96181905,0.95833313,0.96444184,0.9626998,0.9503879,0.9589779,0.9703241,0.96286833,0.96819067,0.96457195,0.9364524,0.95695275,0.95769954,0.9638228,0.9602103,0.95886904,0.95857966,0.9533619,0.9557019,0.9659377,0.96256185,0.96765995,0.9561325,0.9544482,0.95916235,0.9509661,0.9505524,0.9673855,0.9456884,0.95569885,0.9648887,0.9581773,0.96993417,0.80109364,0.952863,0.96319693,0.96436936,0.95910466,0.91157454,0.95903945,0.95097166,0.95237476,0.9761868,0.95359993,0.9633337,0.9568265,0.9612841,0.96029615,0.9607638,0.9584506,0.9595127,0.9678582,0.95324594,0.96993417,0.94921577,0.9465846,0.96509665,0.9666427,0.96367425,0.947484,0.9454145,0.9514101,0.96270347,0.9556272,0.95796686,0.9684948,0.95874625,0.95865273,0.966857,0.95561314,0.95059735,0.9593012,0.96603817,0.87229174,0.9577854,0.92326546,0.95721817,0.9664366,0.96825546,0.9555228,0.9737162,0.9600924,0.96237737,0.95622545,0.96983105,0.9568623,0.9613654,0.9569797,0.95508003,0.95587057,0.9574945,0.9278907,0.9572981,0.9506105,0.96911347,0.9653995,0.96433395,0.9464363,0.96051455,0.96668816,0.9663546,0.96324646,0.9795735,0.9513773,0.96263546,0.9470557,0.95156646,0.96141,0.96817625,0.9579596,0.9591561,0.9514787,0.9636734,0.9484334,0.9574334,0.935572,0.9666085,0.9593331,0.9679338,0.95645857,0.96246475,0.9462775,0.9795735,0.9528751,0.9722386,0.96298176,0.95217997
angrybirdsmovie,0.9581758,0.94826305,0.9681253,0.94365007,0.9389513,0.95993006,0.9612158,0.9437358,0.9723996,0.9524234,0.9543677,0.99999964,0.95186186,0.9543934,0.9518708,0.9607034,0.95303786,0.95291877,0.96194494,0.9407401,0.9588882,0.9540943,0.9557653,0.9491728,0.9363802,0.86925566,0.9525069,0.9500403,0.9490755,0.9555318,0.95654064,0.9446994,0.9309869,0.9606702,0.9452475,0.93317616,0.9561964,0.95405257,0.9533276,0.9554168,0.95509934,0.9513117,0.9554988,0.9474105,0.9612524,0.94314563,0.9525326,0.9573588,0.9428506,0.94941455,0.96266586,0.9521518,0.9501538,0.94260615,0.95142144,0.94149524,0.95451546,0.9602079,0.9556422,0.9557456,0.9485122,0.9465058,0.9580348,0.9448727,0.9450119,0.95737,0.94449955,0.9522416,0.96115714,0.9528751,0.9574966,0.81913024,0.9453724,0.9528774,0.9458643,0.9514019,0.91503966,0.951579,0.9436245,0.95225173,0.95586133,0.9467147,0.96192247,0.9573144,0.96397054,0.94816303,0.95097846,0.94139344,0.9461346,0.95792884,0.95484024,0.9574966,0.9425323,0.9479529,0.9636127,0.951407,0.95278585,0.9506005,0.95009434,0.9475349,0.9489195,0.9395605,0.9440064,0.95589393,0.95610654,0.9602115,0.945188,0.95926934,0.9457053,0.9462788,0.95937335,0.8976408,0.95613927,0.9287215,0.952478,0.9462194,0.95834893,0.94894445,0.96140546,0.9515856,0.95402634,0.95015746,0.9544102,0.95356184,0.95143473,0.9565517,0.93364877,0.95871705,0.9493197,0.9448748,0.9519565,0.944111,0.95141494,0.94376296,0.9535955,0.9339936,0.9532393,0.95441115,0.9600893,0.9511964,0.9723996,0.95326334,0.9473235,0.96069086,0.94841725,0.9538719,0.95073706,0.9551311,0.9653974,0.9459155,0.9549644,0.94986117,0.95440364,0.94114244,0.9519485,0.95688707,0.952912,0.963201,0.9562886,0.9401314,0.9723996,0.9473465,0.9581306,0.961226,0.95589185
annabellemovie,0.97095996,0.95449835,0.96252686,0.9652987,0.9554595,0.9547536,0.9671759,0.95934945,0.9835486,0.96244395,0.9595738,0.95186186,0.9999996,0.96403384,0.96694106,0.9694969,0.9611575,0.95898235,0.96581763,0.9676002,0.96170825,0.9631345,0.9667816,0.96219903,0.9605652,0.88068044,0.9645207,0.9617358,0.9569717,0.9493633,0.9654604,0.96097845,0.9537358,0.95499367,0.9594606,0.9422952,0.9715772,0.97500974,0.96272516,0.95940137,0.9669804,0.96994555,0.9625195,0.96376073,0.961959,0.9575497,0.9671717,0.9656539,0.9534747,0.97039914,0.96230644,0.96965384,0.9696191,0.952739,0.96238184,0.958753,0.9625359,0.9668024,0.9708357,0.9666861,0.9746166,0.9643083,0.9621894,0.9629083,0.9698011,0.9563602,0.95746946,0.9670048,0.94802606,0.9558385,0.9726135,0.8157027,0.9634535,0.9674378,0.95628554,0.95989674,0.9246221,0.9665517,0.9639766,0.95974344,0.9640962,0.9672674,0.96878165,0.9542923,0.96720207,0.9583392,0.9715368,0.98248446,0.96125257,0.9660452,0.95720553,0.9726135,0.9585244,0.9630678,0.96520936,0.96200466,0.96860576,0.9588491,0.94978225,0.9596221,0.9628229,0.96506315,0.9576663,0.9698627,0.9551743,0.9592481,0.9601218,0.97253996,0.94801366,0.96262914,0.969949,0.89851797,0.95713687,0.9447417,0.96404326,0.96844393,0.96782935,0.95750684,0.9734289,0.9592152,0.96947277,0.963021,0.9649722,0.9591375,0.9602771,0.9677046,0.96845883,0.95698905,0.9573503,0.9439254,0.96460617,0.9561023,0.95910865,0.9574746,0.96469146,0.9471615,0.9606863,0.96668094,0.969395,0.961975,0.9835486,0.9605223,0.9672748,0.9620792,0.9559551,0.96184105,0.9650029,0.9689564,0.96596307,0.96332854,0.9573923,0.9631229,0.9662601,0.9415422,0.9690491,0.96695334,0.9702294,0.96353334,0.9592069,0.95527655,0.9835486,0.9562811,0.9703881,0.963592,0.9620736
annamovie,0.9658368,0.9627306,0.9661585,0.9528508,0.95011526,0.9608275,0.96690035,0.95245266,0.9835067,0.96270865,0.9622352,0.9543934,0.96403384,0.9999999,0.9694889,0.9698143,0.9699592,0.96092933,0.9659728,0.96281767,0.958556,0.9632172,0.97394973,0.9651753,0.95848876,0.88099587,0.9622166,0.9617481,0.9567553,0.96170783,0.9580559,0.9558426,0.9567208,0.9604764,0.9626805,0.947827,0.96995986,0.9575559,0.9624819,0.96215665,0.96814895,0.9608221,0.956025,0.95625633,0.9631961,0.9624834,0.9715299,0.9580403,0.9604111,0.96122783,0.9623793,0.9683389,0.9626857,0.95453143,0.9655915,0.95491165,0.9603933,0.96280336,0.9630129,0.960792,0.96301395,0.9601443,0.96102905,0.97316563,0.96133834,0.95646304,0.9608858,0.9643414,0.9507845,0.9552201,0.9638356,0.8189974,0.9628177,0.96011764,0.9681339,0.95426273,0.92787075,0.96612394,0.9555719,0.9522758,0.96385443,0.9578848,0.9660489,0.9685849,0.9603495,0.95362025,0.95305157,0.9621333,0.95588315,0.96756256,0.96445477,0.9638356,0.95988613,0.9626628,0.9637942,0.96176696,0.9573858,0.9601908,0.9545046,0.97180796,0.96288925,0.95927244,0.96141,0.9641883,0.9804101,0.9587627,0.95499897,0.96726286,0.95165473,0.9652865,0.96258533,0.89881843,0.96077955,0.95420736,0.96394414,0.96039444,0.9635291,0.96676946,0.9724165,0.96285117,0.96481514,0.9617605,0.9701536,0.9620362,0.95858765,0.96228194,0.9614497,0.9627927,0.9500907,0.94595987,0.9643205,0.95141554,0.96899956,0.9600629,0.96251005,0.9554202,0.95465976,0.9713381,0.96352136,0.9664098,0.9835067,0.9640001,0.96476424,0.96226156,0.9467702,0.9631805,0.96273595,0.9651871,0.9674931,0.96115977,0.9603472,0.9568225,0.9694651,0.9375575,0.956716,0.96312326,0.9655086,0.9555987,0.96111214,0.9541511,0.9835067,0.96085495,0.97128105,0.9702467,0.9609633
apollo11movie,0.9724379,0.95425165,0.9666163,0.9637865,0.9559534,0.9629235,0.9680103,0.96002716,0.9831993,0.9693432,0.9639263,0.9518708,0.96694106,0.9694889,0.99999946,0.9666535,0.96798474,0.9608334,0.97176105,0.98231065,0.96340257,0.9621675,0.97035235,0.9647383,0.9559453,0.8702006,0.9654764,0.96255577,0.9583119,0.9575002,0.9664601,0.9529774,0.9469184,0.9562982,0.95376164,0.9279217,0.9670511,0.96135825,0.9680709,0.9616959,0.9722097,0.9671564,0.9561229,0.9629498,0.9626625,0.966935,0.97010624,0.96412265,0.9547784,0.96380746,0.968139,0.97176534,0.96053284,0.96132076,0.9711682,0.9557316,0.95586723,0.9643388,0.97400606,0.96091336,0.9680708,0.967008,0.9623648,0.9661414,0.9621057,0.95682746,0.952098,0.9655633,0.9551765,0.95612144,0.9660603,0.8121919,0.9560227,0.9596058,0.9641992,0.9570761,0.92407334,0.96685296,0.9602429,0.9536866,0.9608372,0.95716846,0.97053874,0.95727485,0.97147495,0.9585252,0.95966965,0.96311027,0.9580492,0.9640879,0.9669384,0.9660603,0.9571666,0.9580404,0.9674205,0.9748068,0.95835626,0.9617141,0.95289326,0.96023977,0.9635214,0.96300346,0.96781904,0.9681217,0.9649378,0.9663247,0.96279335,0.97425586,0.9501243,0.9635557,0.96761817,0.8955882,0.9578774,0.940776,0.9642582,0.96466357,0.969876,0.95669216,0.9705976,0.963416,0.97149444,0.96184134,0.96680105,0.9582547,0.95703727,0.9709445,0.96567,0.9645197,0.95765686,0.9359624,0.96819323,0.95859516,0.96518207,0.9588285,0.96103495,0.9569329,0.95462537,0.96687263,0.9632305,0.9621569,0.9831993,0.9694406,0.9700515,0.96292615,0.9483276,0.967383,0.9674307,0.9609729,0.97357476,0.9584554,0.9658308,0.9590425,0.95962125,0.94354135,0.9693931,0.96125257,0.96751595,0.96158516,0.96069396,0.9507807,0.9831993,0.9600532,0.9710422,0.9637715,0.962896
arcticdogsmovie,0.9749563,0.97567225,0.9676518,0.95812935,0.9608406,0.9644889,0.973746,0.9627497,0.9853289,0.9638043,0.963019,0.9607034,0.9694969,0.9698143,0.9666535,0.99999994,0.9662102,0.96404475,0.9706833,0.9619894,0.9653658,0.9650833,0.9723681,0.97259843,0.9643754,0.872485,0.95622784,0.9593352,0.957927,0.9643014,0.96632123,0.96112555,0.9559662,0.95770127,0.957936,0.9435434,0.971781,0.9616725,0.9661014,0.9623114,0.9660317,0.971952,0.96367025,0.9671441,0.9723045,0.9672774,0.9692998,0.97160965,0.94797635,0.97116315,0.9622229,0.97196937,0.9661493,0.9612973,0.9655034,0.95911217,0.96505386,0.9715321,0.95978826,0.9714259,0.96760756,0.96613806,0.96614957,0.96360666,0.97055566,0.9613239,0.9570367,0.96592087,0.9548699,0.955324,0.97561,0.8292987,0.9642555,0.9664974,0.9646072,0.9642787,0.932886,0.9681492,0.95900357,0.9657195,0.96431774,0.9649229,0.97228575,0.96411383,0.9647611,0.9597635,0.9566707,0.96657777,0.96769404,0.9694595,0.9638171,0.97561,0.9676765,0.97139263,0.96518105,0.96198875,0.9622065,0.9608802,0.9515036,0.95783967,0.96461165,0.9667772,0.9619935,0.9723779,0.9617483,0.96369046,0.9712919,0.9757837,0.9654041,0.9584612,0.9646364,0.8922997,0.970194,0.9448403,0.9708416,0.9682653,0.9743565,0.96639866,0.97708786,0.96766144,0.9698333,0.965915,0.97025794,0.96171665,0.96156734,0.9704581,0.95995206,0.9651388,0.96231896,0.9447719,0.96937853,0.9595725,0.96452004,0.964876,0.9684277,0.9590683,0.9672566,0.9715726,0.9731599,0.96853495,0.9853289,0.96248543,0.9697345,0.9659245,0.95702046,0.96774226,0.9631152,0.9640232,0.9674865,0.963776,0.96641964,0.96451825,0.9703458,0.9526007,0.9637127,0.9730951,0.96565944,0.9723355,0.9740033,0.963084,0.9853289,0.96211225,0.97156066,0.9648966,0.9595753
arcticmovie,0.968425,0.95961004,0.9631328,0.9626378,0.948768,0.96297026,0.9683459,0.9539034,0.9809973,0.9568513,0.97051656,0.95303786,0.9611575,0.9699592,0.96798474,0.9662102,0.9999996,0.9529542,0.9730933,0.9573922,0.96220624,0.95163924,0.9681948,0.96846384,0.9528464,0.8686282,0.9554891,0.97325146,0.9509943,0.9533151,0.9632992,0.9487481,0.9571768,0.96434975,0.95539415,0.9356622,0.970225,0.9571953,0.96449834,0.9588708,0.96228206,0.95431143,0.9542196,0.9501579,0.9694788,0.9559859,0.9674892,0.96126646,0.9495247,0.9534904,0.9591078,0.9649441,0.96393514,0.9518903,0.95862603,0.9522671,0.95545524,0.9597028,0.95770645,0.9608968,0.9569869,0.96152157,0.9577504,0.95657253,0.9528726,0.9597461,0.9579081,0.9610088,0.9550153,0.9577111,0.9620529,0.8114824,0.96020895,0.9630795,0.96628237,0.95827323,0.9200933,0.964107,0.9522006,0.94962907,0.96273667,0.96397144,0.9671767,0.9574844,0.9654404,0.96607894,0.9563324,0.956543,0.96190876,0.9724489,0.96468306,0.9620529,0.94825345,0.94774276,0.96577144,0.9674331,0.95601153,0.95251864,0.9518466,0.96373904,0.9574067,0.9511869,0.95954543,0.9610443,0.9666593,0.9547542,0.9605547,0.96180576,0.95699584,0.96782035,0.96179014,0.89300704,0.96147877,0.9360514,0.9582941,0.95969445,0.9634219,0.9636713,0.9683219,0.9589013,0.96485,0.95780146,0.9641531,0.963009,0.9587841,0.95691806,0.95630753,0.9638779,0.9504623,0.95089585,0.9674412,0.9542896,0.97773033,0.9655043,0.96111655,0.9522986,0.96260065,0.9708343,0.9592572,0.9596263,0.9809973,0.9548114,0.9642213,0.95388746,0.949744,0.960019,0.9614604,0.963838,0.96309614,0.9517778,0.9634987,0.95519567,0.9625357,0.9346084,0.9596762,0.96159697,0.9640975,0.9553007,0.96155035,0.9501346,0.9809973,0.95198184,0.9731443,0.96940774,0.9526987
artofracingmovie,0.96246934,0.96219045,0.95990705,0.9466,0.9739823,0.94812,0.9608673,0.944024,0.97650576,0.96932983,0.9572248,0.95291877,0.95898235,0.96092933,0.9608334,0.96404475,0.9529542,0.9999999,0.960194,0.9640289,0.9590986,0.9611442,0.9633946,0.95640254,0.9499434,0.8623321,0.96789485,0.950067,0.94946283,0.9619319,0.95965815,0.94344825,0.94187117,0.95586264,0.947478,0.93024534,0.95723474,0.9618349,0.9579849,0.95729476,0.9553281,0.96583325,0.9427854,0.9590087,0.9641094,0.96091026,0.9640057,0.9505813,0.94415766,0.9626964,0.96253943,0.9562592,0.9519009,0.95893407,0.95757484,0.9761174,0.9523731,0.9578518,0.96032494,0.9585593,0.9577809,0.9590274,0.96205395,0.9580703,0.9548274,0.9553957,0.94306546,0.95695174,0.95586973,0.9513627,0.96661043,0.8056952,0.9546511,0.95449924,0.9563194,0.96149564,0.92504823,0.9648842,0.959182,0.94639194,0.95071745,0.9603909,0.9634868,0.95167756,0.9629646,0.9482489,0.9542316,0.9470871,0.9548382,0.9491607,0.95896065,0.96661043,0.9542764,0.95000595,0.963145,0.9455483,0.95661956,0.95032924,0.9568655,0.9491404,0.95090544,0.9622426,0.9472337,0.9685534,0.96266246,0.9631508,0.95616233,0.95895,0.95526034,0.9423994,0.95930684,0.9206736,0.9583775,0.9252583,0.9514901,0.96756244,0.9623605,0.94524145,0.9645882,0.95326424,0.96324223,0.9578064,0.96185964,0.95859283,0.9615434,0.9559999,0.94533753,0.95716125,0.9676134,0.93644786,0.9540996,0.9641854,0.949197,0.95442235,0.9564161,0.9476032,0.9506772,0.95279956,0.96610856,0.97343516,0.97650576,0.96194065,0.957732,0.95576686,0.951323,0.95789576,0.9611652,0.95845115,0.9619879,0.9548457,0.95182383,0.94730383,0.9621021,0.9467229,0.95651853,0.96502453,0.9590502,0.95995545,0.9599047,0.9476059,0.97650576,0.9645388,0.96299326,0.95422983,0.9653246
avengers,0.9799495,0.97445506,0.9666565,0.9587858,0.95525515,0.9663857,0.96637,0.95451176,0.9843373,0.9646052,0.9680074,0.96194494,0.96581763,0.9659728,0.97176105,0.9706833,0.9730933,0.960194,0.9999999,0.96400124,0.9615528,0.957614,0.97284836,0.96605945,0.9537521,0.8684556,0.95825154,0.96246517,0.95501274,0.9638761,0.97755456,0.95326984,0.9507381,0.95885146,0.95810634,0.9420063,0.972739,0.96100795,0.9615284,0.9633634,0.9679464,0.9634482,0.95685345,0.9583421,0.9702836,0.96734643,0.9699306,0.9634085,0.9556898,0.9617404,0.96348685,0.970757,0.9650339,0.94747597,0.9636133,0.96026754,0.96488273,0.97052664,0.9651364,0.96575433,0.9610402,0.9597116,0.96338624,0.9584186,0.9652686,0.9628962,0.95063424,0.96903545,0.9577277,0.95643145,0.9699586,0.8128243,0.96658635,0.9656618,0.96939623,0.96027845,0.92828214,0.9649512,0.95840645,0.963714,0.9600737,0.961336,0.9698234,0.95556945,0.96160126,0.96336895,0.95916736,0.96286595,0.96423393,0.97437024,0.96092904,0.9699586,0.95445555,0.9618357,0.96910524,0.96136034,0.95232326,0.96149457,0.94689715,0.9619847,0.96885425,0.95598775,0.9631087,0.9685333,0.9682783,0.9603532,0.9640428,0.9683908,0.9539019,0.96209085,0.96518886,0.8973099,0.9617565,0.9460459,0.9620357,0.9590739,0.9664907,0.9590182,0.97047836,0.9588738,0.96857625,0.96036595,0.9654543,0.95918494,0.96199197,0.9679449,0.9620319,0.96651894,0.95755905,0.9469397,0.9609844,0.9571031,0.9726273,0.9612628,0.9676879,0.95726746,0.9588131,0.9717079,0.9681469,0.9655379,0.9843373,0.9595309,0.9696383,0.9631383,0.95578665,0.9667922,0.9608587,0.96314746,0.96687835,0.9477482,0.96293926,0.95563585,0.9672787,0.94604886,0.9645222,0.96985,0.9736899,0.96744823,0.96514773,0.9544504,0.9843373,0.957147,0.97019273,0.96833533,0.95966345
beachbummovie,0.9680499,0.9571831,0.95645577,0.9527733,0.96137744,0.94920635,0.96151716,0.9520262,0.9789187,0.96534085,0.96076584,0.9407401,0.9676002,0.96281767,0.98231065,0.9619894,0.9573922,0.9640289,0.96400124,1.0000001,0.9515739,0.9682211,0.96439034,0.96035033,0.9542336,0.8574999,0.9622368,0.95694625,0.95466554,0.9562554,0.9587309,0.9490773,0.9378742,0.9500864,0.94787526,0.9307259,0.96296126,0.96232486,0.9588162,0.9547164,0.9610631,0.96473545,0.9495421,0.95982194,0.9608232,0.9695753,0.96364987,0.9676295,0.9448404,0.9628341,0.96075225,0.966153,0.9579743,0.9630759,0.96323866,0.9566106,0.9535606,0.9635822,0.96695715,0.9520349,0.9624809,0.960503,0.95947427,0.9585458,0.95741576,0.9589271,0.95094407,0.9633521,0.95299494,0.95129776,0.9612611,0.81162566,0.95542264,0.9561958,0.95984703,0.95939934,0.9242928,0.9650179,0.95593584,0.9466864,0.9557164,0.95377326,0.96636814,0.95010215,0.96362936,0.9534729,0.9624071,0.9631065,0.95514846,0.9653421,0.96411735,0.9612611,0.95516235,0.9548482,0.9614086,0.96087664,0.955526,0.9599997,0.94951415,0.9545753,0.9544872,0.9637293,0.95644706,0.9635763,0.9621546,0.9600566,0.96125484,0.9640392,0.9461527,0.95987165,0.9649037,0.89273083,0.9587231,0.94000894,0.9628121,0.9613471,0.96736854,0.9547559,0.9711026,0.95581263,0.96553135,0.96199334,0.9634749,0.9554705,0.9572894,0.96456385,0.96383834,0.95457655,0.95481473,0.92464834,0.96349466,0.95837504,0.95860094,0.95602477,0.9631638,0.95729804,0.9511415,0.957561,0.9605566,0.9640513,0.9789187,0.9656094,0.9593915,0.95106137,0.9469587,0.9613614,0.96558857,0.95751286,0.96525407,0.9522129,0.9581083,0.94606656,0.95713353,0.9398061,0.96498317,0.956118,0.96611226,0.9535495,0.9609673,0.95419353,0.9789187,0.9564168,0.9678152,0.957092,0.9608513
bernadettefilm,0.9660552,0.9531994,0.9618264,0.95054454,0.9469956,0.9624005,0.96187556,0.9582773,0.9776585,0.95326555,0.957577,0.9588882,0.96170825,0.958556,0.96340257,0.9653658,0.96220624,0.9590986,0.9615528,0.9515739,1.0000001,0.9556864,0.96491027,0.95835096,0.95211804,0.8758823,0.95346385,0.96043414,0.95560414,0.9558137,0.9652961,0.9516189,0.95155174,0.9629047,0.95339996,0.9358133,0.9636639,0.9544396,0.9661653,0.96274567,0.9665982,0.95633507,0.9492518,0.95686555,0.9605391,0.952773,0.961733,0.95877314,0.9560895,0.9606222,0.963967,0.9683686,0.95295054,0.94837844,0.9614352,0.9528459,0.956428,0.95763046,0.9589805,0.9579027,0.9590383,0.9617706,0.9576017,0.95770615,0.9553695,0.95548815,0.9537792,0.95866764,0.9459583,0.96158165,0.9683051,0.81526345,0.9623353,0.95827377,0.9595573,0.9609456,0.9260042,0.95853394,0.9486415,0.9529654,0.9593919,0.9504441,0.9615522,0.95576966,0.9672093,0.95617265,0.94618464,0.9515165,0.95501006,0.9566137,0.95670325,0.9683051,0.9509509,0.9506158,0.9601396,0.9568139,0.9535984,0.95555955,0.9533335,0.9494868,0.956995,0.9515413,0.96002674,0.96737564,0.9545906,0.9601686,0.9506178,0.96639496,0.9555277,0.9521551,0.96298987,0.89166695,0.9487153,0.9263794,0.96073484,0.9615742,0.96809953,0.95648354,0.96658206,0.9514052,0.9599659,0.9516537,0.9621841,0.96126384,0.9642679,0.9607087,0.94870853,0.9633206,0.9504111,0.9427184,0.9683663,0.9501836,0.9546353,0.9534015,0.95889145,0.94863236,0.9610454,0.9674121,0.96734786,0.9577512,0.9776585,0.9577817,0.96232766,0.9601595,0.95464236,0.963338,0.95537686,0.956854,0.9653673,0.9538311,0.95835894,0.95668066,0.95955056,0.93478304,0.96402,0.96446836,0.9578163,0.959257,0.9548503,0.9365677,0.9776585,0.94508606,0.9677267,0.9623618,0.9598221
