movie,21bridgesmovie,47metersdown,abeautifuldaymovie,abominablemovie,adastramovie,adogsjourneymovie,aftermathmovie,aftermovie,ahiddenlifefilm,alitamovie,angelhasfallen,angrybirdsmovie,annabellemovie,annamovie,apollo11movie,arcticdogsmovie,arcticmovie,artofracingmovie,avengers,beachbummovie,bernadettefilm,blackandbluemovie,blackchristmas,blindedbythelightmovie,bombshellmovie,booksmart,breakthroughmovie,brianbanksmovie,brightburnmovie,brittanyrunsmov,captainmarvelofficial,captivestatemovie,catsmovie,charliesangels,childsplaymovie,clarathefilm,coldpursuitmovie,countdown,currentwarmovie,darkwatersmovie,detectivepikachumovie,disneyaladdin,disneyfrozen,disneymaleficent,doctorsleepmovie,dolemiteismyname,dontletgomovie,doramovie,downtonabbey_official,dumbo,escaperoom,everybodyknowsmovie,fastandfuriousmovie,fightingwmyfam,fivefeetapartfilm,fordvferrari,freaksthefilm,geminimanmovie,glassmovie,gloriabellmovie,godzillamovie,goldfinchmovie,goodboysmovie,goodliarmovie,gretafilm,halathemovie,happydeathdaymovie,harrietfilm,hellboymovie,hersmellmovie,highlifemovie,highstrungmovie,honeyboymovie,hotelmumbaifilm,httydragon,hustlemovie,hustlersmovie,isntitromantic,itmovieofficial,jayandsilentbob,johnwickmovie,jojorabbitmovie,jokermovie,judythefilm,jumanjimovie,justmercyfilm,knivesout,lalloronamovie,lastblackmansf,lastchristmasthemovie,latenightmovie,lighthousemovie,lionking,littlethemovie,littlewomenmovie,littlewoodsfilm,longshotmovie,lordsofchaosmovie,lucyintheskyfilm,mamovie2019,marriagestory,meettheaddams,meninblack,midsommarmovie,midwaymovie,missbalamovie,missinglinkfilm,motherlessbklyn,onceinhollywood,onthebasisofsex,overcomermovie,peanutbutterfalcon,petsematarymovie,piercingmovie,playingwithfire,playmobilthemovie,pomsmovie,queenandslim,rambomovie,readyornotfilm,richardjewellfilm,rocketmanmovie,scarystoriesmovie,secretlifeofpets,serenityfilm,shaftmovie,shazammovie,spidermanmovie,spiesindisguise,starwars,stormboymovie,stubermovie,taosdfilm,teenspiritmov,terminator,theaeronautsmov,thebestofenemies,thedeaddontdie,thefarewell,thehighwaymen,thehummingbirdprojectfilm,theintrudermovie,theirishmanfilm,thekitchenmovie,thelegomovie,themustangfilm,thenightingalefilm,theprodigymovie,thesunisalsoastar,theupsidefilm,tolkienmovie,toystory,triplefrontier,uglydolls,uncutgems,underthesilverlake,usmovie,wavesmovie,whatmenwant,wonderparkmovie,wrinklestheclown,xmenmovies,yardiefilm,yesterdaymovie,zombieland
21bridgesmovie,0.99999976,0.94603574,0.95315677,0.9538592,0.9571328,0.9533835,0.95934695,0.9578611,0.9757775,0.9628912,0.9600679,0.9478618,0.9554599,0.9564391,0.95478195,0.9612494,0.9554399,0.95276153,0.9753431,0.95407754,0.94998986,0.9611672,0.95437574,0.9599086,0.95148724,0.89737016,0.9561885,0.95664877,0.9525675,0.9501211,0.95710516,0.9518412,0.9510592,0.9473214,0.93620175,0.9218967,0.9651794,0.9683809,0.9607126,0.95649034,0.9570183,0.9594765,0.94293654,0.95885736,0.95445955,0.9578285,0.9555756,0.9446522,0.9573925,0.95800835,0.9479802,0.9546294,0.94324756,0.95003104,0.957901,0.96113694,0.9452305,0.9665002,0.960812,0.95547575,0.9491336,0.9551234,0.9480663,0.95963913,0.9505295,0.95432997,0.94483393,0.9533609,0.9501026,0.9460158,0.959654,0.80326086,0.93965906,0.95835996,0.95093316,0.9535412,0.91794014,0.9579526,0.96255326,0.9407596,0.9606038,0.9572609,0.9586325,0.94729847,0.946842,0.95344716,0.9584181,0.96646553,0.95639724,0.96142197,0.9535697,0.959654,0.9578019,0.95718616,0.9575507,0.9605279,0.94267416,0.96451813,0.9460822,0.9552229,0.96136063,0.9465911,0.9507201,0.9519052,0.95137876,0.95321214,0.96122986,0.961207,0.95511043,0.9408448,0.95681465,0.8786663,0.95352274,0.9170908,0.95928013,0.96616524,0.98755527,0.9488687,0.9704334,0.95197767,0.9593387,0.9553515,0.9475384,0.9613726,0.96227944,0.94802326,0.95835453,0.95075995,0.9592463,0.94526505,0.9556311,0.9525306,0.9518917,0.9381686,0.95520055,0.9542953,0.9748782,0.9518379,0.96095455,0.9551784,0.9757775,0.9498422,0.95785,0.96237534,0.9534278,0.9492971,0.9561639,0.9493906,0.9720461,0.9731006,0.95070666,0.95289654,0.95984316,0.95201725,0.9487182,0.95878565,0.95051026,0.95650846,0.9558069,0.95826364,0.9757775,0.94949675,0.957688,0.9565991,0.9463047
47metersdown,0.94603574,1.0000001,0.95329237,0.9404278,0.9427289,0.93933994,0.9631822,0.949516,0.9692888,0.95327336,0.94737667,0.939407,0.94574934,0.9556605,0.94828635,0.9561718,0.94315237,0.9455127,0.94649607,0.94368356,0.95284826,0.9507451,0.9474729,0.9588284,0.9429249,0.8818129,0.9539422,0.9405961,0.95489913,0.94134927,0.94285226,0.938003,0.9479685,0.9446455,0.92794067,0.9066515,0.9535461,0.95351934,0.94832706,0.9449893,0.9469911,0.94805855,0.91798925,0.9468046,0.9649298,0.9506062,0.9442837,0.94141316,0.9534966,0.9500661,0.95350474,0.95569927,0.9469777,0.94244504,0.9534703,0.93754286,0.92830217,0.9554288,0.9491651,0.95630604,0.94021523,0.94286835,0.95698416,0.9507946,0.94533867,0.9409881,0.94349897,0.94974774,0.9405747,0.9455809,0.96015775,0.7882945,0.92262304,0.9526777,0.9345221,0.94212407,0.9083602,0.9473521,0.96136516,0.9328029,0.9380381,0.95384115,0.9502234,0.94358474,0.9375384,0.9522898,0.9470626,0.95364755,0.9558301,0.95585895,0.92736584,0.96015775,0.9520572,0.9516623,0.9518485,0.9449071,0.93201244,0.9526926,0.9489365,0.94403356,0.94934636,0.9353316,0.9428089,0.9549586,0.95767033,0.9565367,0.952474,0.9459317,0.94022274,0.9262992,0.9586142,0.8684634,0.94811594,0.9099099,0.9561359,0.9383585,0.9509017,0.9413768,0.95818454,0.96009886,0.94428724,0.94599026,0.9478912,0.9422641,0.9432246,0.9484419,0.9524082,0.9463093,0.94056547,0.9264764,0.942829,0.93755764,0.9400427,0.93663883,0.9447917,0.94323295,0.9434242,0.94947463,0.95447105,0.94967633,0.9692888,0.9533903,0.94282126,0.95262843,0.9457697,0.9485452,0.9422948,0.9393988,0.94520324,0.94787127,0.95553875,0.9477579,0.9481099,0.9356949,0.94936335,0.9651502,0.9373868,0.95084757,0.9476505,0.9483308,0.9692888,0.9418392,0.9516836,0.9532581,0.9498575
abeautifuldaymovie,0.95315677,0.95329237,0.9999998,0.9469304,0.9537711,0.9548767,0.95820737,0.9600192,0.97802186,0.9535415,0.95769316,0.9615864,0.9429523,0.9651213,0.9595979,0.9605182,0.95263153,0.95992327,0.95156765,0.9601029,0.9503015,0.968737,0.96011496,0.96694213,0.95607775,0.91304624,0.9577094,0.95133,0.9767002,0.95348984,0.95622593,0.9569405,0.9400854,0.9663868,0.9313481,0.92024255,0.9659221,0.9550677,0.9671307,0.95459896,0.947672,0.9689917,0.9478531,0.9692723,0.96303225,0.96399164,0.96049786,0.9623389,0.96742016,0.9707974,0.9762239,0.96181214,0.9494917,0.9458174,0.9431089,0.9457368,0.9490362,0.96164185,0.96103215,0.9594372,0.9416893,0.9561216,0.95997894,0.953176,0.9627094,0.9575132,0.95047235,0.9613646,0.95659345,0.95055676,0.96191317,0.7929471,0.9311695,0.9665653,0.9432467,0.94987756,0.9123773,0.9513368,0.96169066,0.9583458,0.95495653,0.9503652,0.9561638,0.9440182,0.962894,0.95343095,0.9505679,0.95026326,0.961899,0.96933377,0.9507304,0.96191317,0.9615764,0.9572773,0.9746144,0.9619221,0.9540714,0.9633501,0.9518544,0.95603716,0.9637729,0.9623336,0.96812105,0.9555804,0.954569,0.97359663,0.9626898,0.95521724,0.9675207,0.9476025,0.9642587,0.875255,0.9604548,0.9190171,0.95236087,0.94832295,0.9592738,0.94866514,0.9683453,0.95662737,0.95088977,0.9519672,0.9469765,0.94540757,0.9578544,0.95475066,0.9551124,0.9644124,0.95714366,0.9480068,0.9534753,0.94982046,0.9558607,0.94150287,0.95682675,0.9552427,0.94540167,0.9504949,0.96128875,0.9554552,0.97802186,0.9741615,0.96436685,0.9557113,0.95648193,0.95917404,0.9527309,0.94962114,0.95504165,0.95296675,0.96257395,0.9756448,0.95616424,0.94061005,0.95136434,0.9623538,0.9519789,0.9525069,0.9531833,0.9531878,0.97802186,0.9466614,0.9586499,0.95871085,0.97212595
abominablemovie,0.9538592,0.9404278,0.9469304,0.99999994,0.95796025,0.9568274,0.9597451,0.9547574,0.97010094,0.95053047,0.94454104,0.9429383,0.9546399,0.9585613,0.960044,0.9538803,0.9510245,0.9570646,0.9477635,0.9556425,0.94762075,0.9603638,0.9583678,0.9614582,0.93887293,0.89777344,0.9498007,0.94960666,0.9560963,0.9414186,0.9487223,0.9450089,0.9466059,0.9485052,0.9344247,0.9241666,0.9546801,0.9528071,0.94901764,0.9435701,0.94540995,0.95610154,0.9426112,0.95176846,0.95751673,0.9555775,0.9568167,0.95442355,0.9516481,0.95356447,0.9512667,0.95538014,0.94751567,0.93660957,0.9422414,0.94111276,0.9367486,0.9614131,0.95840734,0.9538994,0.94252825,0.95226413,0.9543137,0.9543982,0.94938093,0.94922787,0.9459235,0.95062727,0.943464,0.94799334,0.95209575,0.7957784,0.9236027,0.9524667,0.94913644,0.94738454,0.9105753,0.9494488,0.95315063,0.9421308,0.94950026,0.95042413,0.9465031,0.9382662,0.9490099,0.9505236,0.94756395,0.9578024,0.94558537,0.95211065,0.9488166,0.95209575,0.9548534,0.946459,0.95030016,0.95862454,0.94612616,0.9585632,0.95482427,0.9594343,0.9566951,0.93945694,0.9530775,0.9483544,0.947818,0.95071137,0.9534679,0.9489825,0.9479819,0.9337231,0.9528889,0.86968106,0.95703727,0.91584873,0.94687015,0.9499644,0.95343775,0.9456522,0.9543391,0.957978,0.95025355,0.94729406,0.94628525,0.9580905,0.9502273,0.94453615,0.9574945,0.94905484,0.9528486,0.9349351,0.948963,0.95984066,0.94588816,0.946898,0.9591569,0.9473653,0.9524372,0.94934106,0.9512613,0.95173025,0.97010094,0.94798464,0.94855714,0.95764077,0.9585505,0.9416358,0.9475654,0.9418536,0.95359373,0.945209,0.95356894,0.94821924,0.95353925,0.9249953,0.9370785,0.9511758,0.9525292,0.950049,0.9490651,0.9566369,0.97010094,0.9374903,0.9566631,0.9520189,0.95125484
adastramovie,0.9571328,0.9427289,0.9537711,0.95796025,0.9999999,0.95779854,0.96337134,0.9680972,0.9768509,0.9720491,0.9613018,0.9494236,0.95837003,0.959714,0.9600962,0.95699227,0.96562904,0.9781266,0.9537788,0.96262634,0.9521253,0.9618681,0.961767,0.96677727,0.94907886,0.89785343,0.96603173,0.9595819,0.9580058,0.95508754,0.95641184,0.9536061,0.95705545,0.9421601,0.9341045,0.92271876,0.9649778,0.956663,0.9586145,0.96308315,0.96048915,0.96264374,0.9497755,0.96130866,0.96679664,0.95835227,0.9612747,0.9524609,0.9556023,0.9647384,0.95326626,0.9577864,0.9520621,0.9341146,0.9568497,0.9737535,0.9510864,0.96240073,0.96591175,0.95737684,0.95466363,0.95497346,0.9561312,0.956462,0.9602567,0.9552073,0.96451783,0.9537882,0.9609139,0.9504746,0.9624094,0.79654026,0.93665826,0.95438516,0.94396067,0.9464114,0.90676504,0.9560213,0.9548368,0.9480262,0.95735043,0.95349634,0.95307887,0.94960994,0.9452326,0.95808566,0.9481576,0.97067845,0.95526946,0.9664336,0.94654715,0.9624094,0.9531135,0.9588952,0.9534163,0.958001,0.9561989,0.9616056,0.9537084,0.9642392,0.96010524,0.94995254,0.9463719,0.95989746,0.9570283,0.9514961,0.95887446,0.9540556,0.95102143,0.94201237,0.9586435,0.84980434,0.9601059,0.91982037,0.9513656,0.9554065,0.96089524,0.9486076,0.9667475,0.9578422,0.95468175,0.957772,0.9577895,0.9598648,0.9576149,0.9570314,0.9574257,0.9473813,0.9743525,0.95549,0.9606135,0.9709349,0.95969605,0.94111323,0.9521204,0.95930034,0.9526143,0.94484115,0.95743096,0.9566097,0.9768509,0.9540635,0.9529235,0.95837986,0.9575351,0.95730424,0.94604844,0.9485425,0.9628447,0.94991475,0.95989734,0.9593972,0.9546852,0.933705,0.94869626,0.96023893,0.9557806,0.9648323,0.9483602,0.95013833,0.9768509,0.9646243,0.9650906,0.96199,0.959255
adogsjourneymovie,0.9533835,0.93933994,0.9548767,0.9568274,0.95779854,0.99999994,0.9637426,0.9630963,0.97814184,0.9661376,0.9523876,0.9549636,0.95232934,0.9655862,0.9626438,0.95098424,0.95862997,0.9658263,0.95712334,0.95607144,0.9547388,0.955757,0.9689362,0.9641932,0.9520441,0.9005672,0.95725787,0.96440697,0.9584462,0.95198256,0.9639106,0.95117795,0.95356834,0.94481635,0.9356161,0.92691034,0.9632069,0.9607559,0.9596891,0.95221627,0.95532787,0.9649933,0.9557142,0.9639175,0.96425843,0.9562923,0.96561986,0.9631329,0.9561152,0.96186244,0.9514912,0.9544201,0.95233,0.94972366,0.9579371,0.9629214,0.95300466,0.9651377,0.9674108,0.95576423,0.947501,0.95396996,0.9651659,0.9551775,0.9594788,0.9556572,0.95814794,0.94675136,0.95437926,0.95975417,0.9619628,0.79404426,0.95026094,0.9579642,0.95115805,0.94223523,0.90449345,0.9502661,0.9599306,0.9567604,0.95450675,0.95193917,0.9599164,0.9447005,0.9480281,0.9567457,0.95387304,0.95816886,0.9568195,0.9592927,0.94802094,0.9619628,0.9594996,0.9597294,0.95920765,0.95709103,0.95387673,0.9616384,0.9586603,0.9608763,0.96345174,0.9618406,0.9601469,0.95458806,0.95578945,0.9541522,0.9623941,0.9537969,0.94824785,0.9409522,0.9608841,0.86914164,0.96431893,0.91827285,0.95229596,0.94715524,0.9581632,0.9560653,0.9673688,0.95946896,0.9566348,0.9575925,0.9581682,0.9715771,0.9651588,0.9631014,0.9666428,0.9449526,0.95584697,0.95052,0.9626861,0.95407844,0.9631861,0.953776,0.9540744,0.9596981,0.9542799,0.94898516,0.96015733,0.9646531,0.97814184,0.956338,0.9548993,0.96172416,0.95926535,0.94940555,0.9558797,0.95157623,0.9563559,0.9519993,0.9619168,0.9635906,0.9537856,0.9292736,0.94490033,0.96248925,0.9600211,0.9549688,0.9569568,0.956168,0.97814184,0.9575967,0.9694502,0.9691039,0.95097524
aftermathmovie,0.95934695,0.9631822,0.95820737,0.9597451,0.96337134,0.9637426,0.9999999,0.96302277,0.9833476,0.9695797,0.95546204,0.953592,0.96207297,0.970147,0.96374846,0.96729684,0.9626237,0.9694485,0.95750785,0.95668143,0.9663299,0.96713257,0.96053934,0.9720854,0.9550172,0.90917444,0.95733094,0.9616113,0.9623087,0.95589745,0.9583939,0.95595473,0.9589008,0.9499269,0.94757265,0.93645054,0.97193867,0.9635044,0.96000785,0.95933247,0.96876925,0.9665341,0.94938344,0.96492785,0.9729982,0.96159506,0.9580702,0.9624828,0.9606585,0.9653899,0.9614849,0.96706945,0.95758003,0.9539922,0.95950747,0.9624597,0.9487789,0.9708358,0.9686629,0.96736676,0.96250623,0.955913,0.96459115,0.96773154,0.96218765,0.95287395,0.9630366,0.96110404,0.96002424,0.9655017,0.9689998,0.814064,0.95467985,0.9674348,0.95322996,0.9541077,0.9284959,0.95838445,0.964166,0.9548399,0.9597478,0.9771078,0.9665062,0.95821047,0.95610785,0.9629888,0.9629473,0.96738607,0.95962596,0.9684869,0.9529975,0.9689998,0.9637601,0.9642888,0.96490663,0.956183,0.95224357,0.97118783,0.9752802,0.9636534,0.96801144,0.95112264,0.9502269,0.96470255,0.9653279,0.9641485,0.963685,0.9675782,0.95271796,0.94140726,0.96658623,0.87948817,0.96603185,0.93887043,0.9592889,0.96332216,0.9687091,0.9584985,0.9757129,0.98819095,0.9694348,0.9540321,0.96220714,0.9697226,0.9565386,0.9653155,0.968982,0.95322526,0.9603334,0.9493665,0.9646767,0.96175975,0.96087706,0.95043087,0.9605047,0.964136,0.9617403,0.9630743,0.9636265,0.96551883,0.9833476,0.96197635,0.9634065,0.9655471,0.9612909,0.9629247,0.9647032,0.9541281,0.96623516,0.9619406,0.98255026,0.96302426,0.96408206,0.938587,0.96080816,0.9687996,0.9579101,0.9668395,0.9541397,0.95818037,0.9833476,0.95803696,0.96713096,0.9663179,0.96083546
aftermovie,0.9578611,0.949516,0.9600192,0.9547574,0.9680972,0.9630963,0.96302277,0.9999999,0.9825044,0.9703105,0.9672503,0.95377463,0.9564131,0.9714533,0.9712055,0.96389306,0.962091,0.9739724,0.9583475,0.9621643,0.9568798,0.95960593,0.97093415,0.9678666,0.9580929,0.90829957,0.9696821,0.9599124,0.9673827,0.9560155,0.96360356,0.9639037,0.95693713,0.95926076,0.9445541,0.9200992,0.9681754,0.9588324,0.96552825,0.96707517,0.9681097,0.96453184,0.9467772,0.96180636,0.9722426,0.9640818,0.9692086,0.95604324,0.96567273,0.96371907,0.9612691,0.97049755,0.9588152,0.9458313,0.96366614,0.96382797,0.9634575,0.97217,0.9757877,0.9671415,0.9636572,0.96673524,0.9602619,0.9638123,0.96998984,0.9647923,0.9624089,0.9636738,0.9625274,0.95551944,0.96689504,0.7906893,0.94248825,0.96194756,0.94438875,0.94985574,0.90946454,0.9572542,0.96656686,0.95524544,0.96224666,0.95134443,0.96030396,0.9532572,0.9516106,0.960729,0.9572148,0.96419233,0.96327084,0.96818453,0.9579595,0.96689504,0.9603509,0.96268636,0.962388,0.9674346,0.9585179,0.9656433,0.9576572,0.97003216,0.96899325,0.9602416,0.9543467,0.96252245,0.96658367,0.9588888,0.9696451,0.9610582,0.9568266,0.9522314,0.96773314,0.86977637,0.9694249,0.9250836,0.95646685,0.9526479,0.9623602,0.9509133,0.9705822,0.9593768,0.9635486,0.96609694,0.9642117,0.95693946,0.9585914,0.965319,0.9629856,0.9574079,0.9691229,0.9427353,0.9595763,0.9665155,0.9674271,0.9498326,0.9636524,0.9631949,0.95608205,0.95698446,0.96503544,0.96788716,0.9825044,0.9624648,0.963003,0.962545,0.9575085,0.9688059,0.9481677,0.9566684,0.9633068,0.9582978,0.9664867,0.95684904,0.95707333,0.93634504,0.95709896,0.9663397,0.96031743,0.9588941,0.9661572,0.95774937,0.9825044,0.966391,0.9740047,0.9710456,0.9636935
ahiddenlifefilm,0.9757775,0.9692888,0.97802186,0.97010094,0.9768509,0.97814184,0.9833476,0.9825044,0.9999996,0.9796074,0.97571576,0.9713055,0.9741726,0.9838775,0.9778849,0.9757306,0.97708005,0.9825594,0.974249,0.975908,0.97160983,0.98085266,0.98011875,0.98183405,0.97005355,0.92716974,0.98025656,0.97763866,0.9818685,0.9686983,0.97476107,0.9716875,0.96750665,0.96904194,0.96247447,0.9471921,0.98512584,0.98041683,0.98069614,0.97543246,0.97748846,0.98167515,0.9648208,0.98136127,0.98258376,0.9786885,0.9792885,0.97520936,0.9794944,0.9817039,0.9783184,0.9810351,0.9661106,0.9654327,0.97685486,0.97458,0.96935105,0.9813789,0.9823571,0.9811543,0.97033435,0.97310036,0.9795058,0.97671527,0.97874594,0.97542703,0.97293013,0.9743225,0.97086275,0.9739748,0.98244816,0.8206293,0.96467555,0.9821632,0.9688883,0.96333927,0.93218005,0.9693643,0.97819877,0.97095484,0.9737925,0.9742332,0.97820175,0.97119987,0.9718819,0.97629446,0.9716003,0.9812474,0.9778889,0.98010373,0.97008294,0.98244816,0.97555655,0.97983617,0.9806718,0.9757883,0.96671087,0.9832346,0.9722181,0.981085,0.9823031,0.9704295,0.972691,0.9781247,0.97743195,0.9788908,0.9820419,0.9759501,0.9707987,0.96384853,0.9829047,0.89157796,0.9791953,0.9436232,0.970347,0.971458,0.98066145,0.97312874,0.98629826,0.97852683,0.98059136,0.97378457,0.9776837,0.97557384,0.9742138,0.97951114,0.97990805,0.9707698,0.978235,0.9616525,0.97794735,0.9756843,0.9786233,0.96553594,0.97621864,0.9733513,0.9744916,0.9726019,0.9811194,0.9795008,0.9999996,0.9795753,0.9737642,0.97917163,0.9771964,0.9787662,0.97294587,0.97436416,0.9807144,0.97328365,0.9794487,0.97611266,0.975084,0.95287323,0.97309905,0.9819266,0.9738317,0.97843885,0.97366184,0.97447854,0.9999996,0.97455734,0.98134613,0.98117304,0.97845703
alitamovie,0.9628912,0.95327336,0.9535415,0.95053047,0.9720491,0.9661376,0.9695797,0.9703105,0.9796074,1.0000001,0.9598644,0.9560078,0.95931196,0.9669331,0.95830995,0.95669323,0.9608279,0.96887785,0.95519596,0.9550453,0.96021163,0.95953333,0.9629665,0.9657752,0.9500909,0.9009122,0.96145326,0.96322995,0.9601783,0.9545161,0.9565197,0.9485024,0.9555708,0.94399023,0.9421818,0.91968197,0.9645723,0.96300274,0.9606128,0.9578517,0.9649208,0.95942307,0.9419932,0.9665977,0.96435374,0.955799,0.9603589,0.95981675,0.9543505,0.96383995,0.9520459,0.95858675,0.9590082,0.94275945,0.96209913,0.9699258,0.9499689,0.9603511,0.96351266,0.9579647,0.9562312,0.9465554,0.9573627,0.96008974,0.9615545,0.9522787,0.9577547,0.9538712,0.95745474,0.9541383,0.9614847,0.8001478,0.9462351,0.9630673,0.94456404,0.94838744,0.91659075,0.95262897,0.9568123,0.9507056,0.96086997,0.95485294,0.9570604,0.9491274,0.9447745,0.95785755,0.95332754,0.96714747,0.9587579,0.9640132,0.94172704,0.9614847,0.96159494,0.9615223,0.9591031,0.95336473,0.95057917,0.9595923,0.9563202,0.9640054,0.9599901,0.9517707,0.9453618,0.9612563,0.9726729,0.95246404,0.96633244,0.9506422,0.95332694,0.9386558,0.9616107,0.8544936,0.95731646,0.92367154,0.9570684,0.95653725,0.96972066,0.9508698,0.9698696,0.9651569,0.95308995,0.9539941,0.9630506,0.9623066,0.9585689,0.9622602,0.9640445,0.9493954,0.9617917,0.9450882,0.9649962,0.9607081,0.9590866,0.9509407,0.9523738,0.95975226,0.9638359,0.9452129,0.96221423,0.9605973,0.9796074,0.95791566,0.9506869,0.9597076,0.9554961,0.96100044,0.95454943,0.9510493,0.9606462,0.9626804,0.9661557,0.95734507,0.9554932,0.9401353,0.9510271,0.9612401,0.9508544,0.9624138,0.95392555,0.95276016,0.9796074,0.9653973,0.9687143,0.9658677,0.95539075
angelhasfallen,0.9600679,0.94737667,0.95769316,0.94454104,0.9613018,0.9523876,0.95546204,0.9672503,0.97571576,0.9598644,1.0000006,0.9452686,0.9496446,0.9558503,0.95805335,0.96034014,0.9479655,0.9574096,0.96134067,0.9555717,0.95760584,0.9626022,0.965162,0.95837015,0.9496021,0.9009426,0.9604182,0.95081574,0.96322995,0.9507972,0.95706177,0.9508845,0.95369387,0.94710195,0.93776554,0.9156661,0.96475273,0.9578163,0.95616543,0.9549392,0.95002145,0.9560147,0.9395224,0.9569496,0.9629523,0.960217,0.96383864,0.94476265,0.9591156,0.9564906,0.95090955,0.9585956,0.94679445,0.9420605,0.95339006,0.96561277,0.9574645,0.9650708,0.96353143,0.96373206,0.94620895,0.95512146,0.9572391,0.9534502,0.9548407,0.9659508,0.96265084,0.9553994,0.96769524,0.95029294,0.9611974,0.7838565,0.9412994,0.9592886,0.95171213,0.942232,0.9130279,0.9470601,0.9551387,0.95079714,0.9763234,0.94283426,0.9485336,0.95212275,0.9435823,0.95417184,0.9523783,0.960929,0.95928353,0.96528155,0.9403559,0.9611974,0.9520755,0.96263254,0.95269537,0.9617472,0.9591633,0.9536827,0.94360995,0.96169186,0.9591375,0.9581766,0.953522,0.9603258,0.95636773,0.9509141,0.96523684,0.9501135,0.9538139,0.94600236,0.95692194,0.85875046,0.9547026,0.9124459,0.95482147,0.9593502,0.96091235,0.9397703,0.96978104,0.95308685,0.95053893,0.95933676,0.95435995,0.9478929,0.95193285,0.96021736,0.95225567,0.93927944,0.9597602,0.94007796,0.9625123,0.9546705,0.95917183,0.9434662,0.9548142,0.95266837,0.9541887,0.952292,0.9613264,0.95381594,0.97571576,0.95450073,0.9537045,0.95586306,0.9524731,0.9580149,0.95030355,0.9521596,0.9573868,0.9601377,0.9533465,0.9558522,0.9564205,0.9416275,0.9477632,0.9608724,0.9515518,0.9581591,0.95274997,0.9505759,0.97571576,0.96024513,0.9630658,0.96003366,0.9528158
angrybirdsmovie,0.9478618,0.939407,0.9615864,0.9429383,0.9494236,0.9549636,0.953592,0.95377463,0.9713055,0.9560078,0.9452686,0.99999994,0.95752174,0.9581116,0.9416083,0.9457186,0.95266485,0.95512426,0.94606835,0.9488863,0.9429457,0.95861536,0.951702,0.9605572,0.939369,0.9067352,0.94838387,0.94628316,0.9605302,0.9470131,0.945851,0.94711524,0.9266181,0.95097536,0.93399596,0.91818404,0.9549519,0.9497762,0.9441974,0.95353395,0.9449403,0.9579918,0.9414445,0.9555144,0.95975316,0.9546746,0.9501782,0.95783794,0.95462614,0.9569756,0.961299,0.95060045,0.9374115,0.93243045,0.94547534,0.9498006,0.9344182,0.95487463,0.9590086,0.9475867,0.9449023,0.9434073,0.9510871,0.9480811,0.959216,0.9484383,0.9429404,0.9461824,0.946917,0.95498854,0.95219374,0.79643637,0.93319076,0.95894694,0.9445668,0.94732904,0.9053414,0.93954796,0.96111923,0.9465957,0.9497376,0.9526007,0.96137166,0.9356244,0.95485,0.9520566,0.95089334,0.95467925,0.9480865,0.9438536,0.9350901,0.95219374,0.9541527,0.9511231,0.9608151,0.9414874,0.94037557,0.9516932,0.95973325,0.9511311,0.9570073,0.94975597,0.94666314,0.9531635,0.9447467,0.960623,0.9568555,0.9534752,0.9553089,0.949042,0.9554336,0.8677987,0.9536721,0.9133025,0.9464197,0.9360365,0.9478607,0.9535257,0.9631146,0.95653075,0.95007974,0.94977367,0.94521844,0.9457618,0.95709085,0.94896054,0.9495833,0.9482107,0.94736624,0.9373499,0.94945395,0.9424395,0.94604474,0.9375399,0.9451658,0.9415118,0.9436948,0.9394598,0.9578556,0.95069486,0.9713055,0.956432,0.95131767,0.958648,0.96162194,0.943112,0.9447802,0.94927114,0.95314485,0.9466272,0.9447888,0.94914633,0.9481594,0.9297853,0.94009274,0.9507706,0.95012015,0.9444721,0.9475211,0.9503351,0.9713055,0.9468671,0.94936717,0.95303506,0.9568607
annabellemovie,0.9554599,0.94574934,0.9429523,0.9546399,0.95837003,0.95232934,0.96207297,0.9564131,0.9741726,0.95931196,0.9496446,0.95752174,0.9999997,0.963127,0.95241255,0.95368034,0.9663596,0.9571085,0.9553653,0.9479633,0.94691825,0.959055,0.96164507,0.96218544,0.9381041,0.89272153,0.9483395,0.9521337,0.9573361,0.93901795,0.9477518,0.954638,0.94329774,0.936149,0.9490413,0.92537236,0.9544554,0.9633347,0.9515137,0.9563261,0.96272755,0.95344776,0.92968214,0.9506905,0.96316624,0.9557066,0.9587819,0.9557074,0.9534311,0.95350665,0.95183283,0.95406216,0.94584787,0.93926215,0.9621717,0.9482568,0.94078344,0.95573443,0.95969296,0.95860714,0.9598844,0.94420093,0.9517833,0.967669,0.95754856,0.9514646,0.95042646,0.94153404,0.94419575,0.95722395,0.9649131,0.81815857,0.9451242,0.95536,0.95692474,0.9439522,0.9132229,0.9449791,0.9558008,0.9454749,0.95861655,0.970007,0.9706193,0.94920367,0.9558255,0.9535462,0.9549465,0.9801723,0.9517647,0.95901334,0.9449534,0.9649131,0.946568,0.95854807,0.95718634,0.9481529,0.93482876,0.9602176,0.9630215,0.96395975,0.9605237,0.9424273,0.9397931,0.96670574,0.95561653,0.9504145,0.9569432,0.96215665,0.9465631,0.9397234,0.9559545,0.8692335,0.95531535,0.9225486,0.9455545,0.9433632,0.95056,0.9553225,0.9611737,0.9637801,0.9647095,0.943842,0.9506074,0.956406,0.95276254,0.9559301,0.963782,0.94066596,0.9548123,0.9431052,0.9530585,0.95425665,0.94644964,0.9413177,0.95358104,0.94482046,0.95486355,0.94839704,0.9626127,0.94552004,0.9741726,0.9495343,0.9534497,0.9613083,0.96334636,0.94984406,0.9434165,0.9594476,0.96375006,0.94624525,0.9539873,0.94321305,0.94800967,0.92758405,0.95757556,0.9575693,0.95928353,0.9648846,0.9478408,0.9449388,0.9741726,0.95048726,0.95302796,0.9630523,0.95348555
annamovie,0.9564391,0.9556605,0.9651213,0.9585613,0.959714,0.9655862,0.970147,0.9714533,0.9838775,0.9669331,0.9558503,0.9581116,0.963127,0.9999999,0.9659713,0.9651577,0.96019673,0.9671843,0.9525219,0.95874894,0.96398175,0.965602,0.97051835,0.96965253,0.95592344,0.90968627,0.9636114,0.9598306,0.9676613,0.9492036,0.95962065,0.96075386,0.95725083,0.9521852,0.94615865,0.9301077,0.9656831,0.9572687,0.9681976,0.95805323,0.9661333,0.9720377,0.9482801,0.9709937,0.96638644,0.96118003,0.96997315,0.96143275,0.963017,0.9720243,0.96681744,0.9646585,0.95816374,0.9504573,0.9598774,0.960149,0.952046,0.976053,0.9664732,0.9641952,0.9645191,0.9621184,0.9646376,0.9740685,0.9610016,0.96220696,0.956527,0.9581056,0.952377,0.95486385,0.970299,0.80440706,0.9487458,0.96233135,0.94819397,0.9507472,0.917919,0.95303035,0.9633615,0.9571162,0.954078,0.95970803,0.966613,0.95091605,0.95753497,0.95751387,0.961813,0.96330976,0.9609841,0.9700328,0.9542016,0.970299,0.96459985,0.96450543,0.9664463,0.95930517,0.94424367,0.9687973,0.9575835,0.9745692,0.9661847,0.9499993,0.9601017,0.96584964,0.9724029,0.96608484,0.9692864,0.9628933,0.95832175,0.9528242,0.96883285,0.87873614,0.97128624,0.93222857,0.95934665,0.95247465,0.9620779,0.96043247,0.9668947,0.9652997,0.9648134,0.96389246,0.9632145,0.96032447,0.9610468,0.96338224,0.9691204,0.9585951,0.9588272,0.94139117,0.96373075,0.96083146,0.9647784,0.9466431,0.9688588,0.9565945,0.952713,0.95385104,0.969208,0.96537995,0.9838775,0.9669429,0.958982,0.9620883,0.9648799,0.9619342,0.96149606,0.9548832,0.96350306,0.9585279,0.96764135,0.961851,0.966073,0.93804574,0.961054,0.9671452,0.9649437,0.9660242,0.96631074,0.96638626,0.9838775,0.9617006,0.96440566,0.9722904,0.9693608
apollo11movie,0.95478195,0.94828635,0.9595979,0.960044,0.9600962,0.9626438,0.96374846,0.9712055,0.9778849,0.95830995,0.95805335,0.9416083,0.95241255,0.9659713,1.0000001,0.9582267,0.9607737,0.9631051,0.9502591,0.9733865,0.9537066,0.95730895,0.96957105,0.965647,0.95473456,0.91044027,0.96409947,0.95576966,0.96136373,0.94677615,0.9583149,0.96406215,0.95285654,0.9529636,0.9381019,0.92728966,0.9643497,0.9539042,0.9644571,0.9549028,0.95715284,0.9607564,0.9476156,0.96493894,0.96443206,0.9597752,0.9690553,0.95817393,0.9564839,0.96468335,0.95614475,0.96367323,0.9452512,0.94652885,0.95504826,0.9508278,0.95532894,0.9646849,0.96733093,0.97015077,0.95342827,0.9591965,0.96127,0.95940536,0.95508075,0.9572053,0.9573087,0.9621277,0.94970363,0.949659,0.9669406,0.7945691,0.94232005,0.96203506,0.9458901,0.9481416,0.91196734,0.9549091,0.95334375,0.9543385,0.9537679,0.95080656,0.9550015,0.9552866,0.9540614,0.9586191,0.95120716,0.95472777,0.9603976,0.96548647,0.95947033,0.9669406,0.9618254,0.9576115,0.95950675,0.97929204,0.948862,0.9633385,0.9545001,0.96207327,0.9651183,0.94966215,0.9536308,0.9588884,0.9601255,0.9572601,0.9618022,0.9591319,0.9487259,0.9435146,0.9689945,0.87829745,0.9662508,0.9145327,0.94765013,0.95719606,0.9601001,0.9517332,0.9622119,0.9577576,0.9620128,0.9596985,0.9548105,0.9582614,0.952692,0.96039,0.9599842,0.9537761,0.95797557,0.94111204,0.95599145,0.96036917,0.95706004,0.9439189,0.9609251,0.9531631,0.953599,0.9596479,0.9669417,0.9583819,0.9778849,0.96016836,0.95874506,0.9562566,0.9521948,0.95771223,0.9501089,0.9517303,0.95696586,0.9490111,0.96445996,0.9626044,0.9590825,0.9370542,0.9618115,0.9680014,0.95870054,0.95647424,0.953071,0.9524511,0.9778849,0.9547752,0.96527076,0.96636724,0.9620841
arcticdogsmovie,0.9612494,0.9561718,0.9605182,0.9538803,0.95699227,0.95098424,0.96729684,0.96389306,0.9757306,0.95669323,0.96034014,0.9457186,0.95368034,0.9651577,0.9582267,0.9999998,0.9569331,0.96039593,0.95103574,0.95365214,0.95061564,0.9602831,0.9591793,0.96162856,0.95070755,0.90033656,0.9542554,0.9627643,0.9535858,0.94659907,0.94920427,0.9520646,0.95311487,0.94541276,0.939116,0.9294887,0.962656,0.9537901,0.955113,0.95525527,0.9594567,0.96368766,0.93576574,0.9694756,0.96208245,0.9634484,0.959827,0.9430293,0.9552222,0.9665165,0.95480376,0.9572186,0.94737655,0.9535482,0.9490113,0.953278,0.9427511,0.9677874,0.96060693,0.9669566,0.94852036,0.94746274,0.95689654,0.96354795,0.94654375,0.9505651,0.9490323,0.95575106,0.9580501,0.9522093,0.9704131,0.80220413,0.9459321,0.96126264,0.9483107,0.945243,0.91383636,0.9468585,0.960046,0.94871914,0.9526253,0.95930046,0.96266526,0.955321,0.9519917,0.95798206,0.9662437,0.9570005,0.95793676,0.9669529,0.94280005,0.9704131,0.95651215,0.9585861,0.9638319,0.9619494,0.9466378,0.9618408,0.9564314,0.95969397,0.96829814,0.9450797,0.9502062,0.96147233,0.96079946,0.95919144,0.9610232,0.97436816,0.9575939,0.938269,0.9682849,0.8870875,0.96225476,0.9320023,0.9585959,0.9545598,0.9641261,0.94886327,0.96884197,0.9620949,0.9558307,0.95480967,0.9476309,0.94652927,0.9499604,0.9561232,0.95192766,0.9460042,0.9541703,0.93975514,0.95439047,0.9555988,0.9605727,0.94441444,0.9607124,0.95155936,0.9513353,0.9484715,0.96266705,0.9609263,0.9757306,0.9533921,0.965824,0.9544507,0.9522611,0.9532064,0.9514487,0.9496223,0.96627176,0.955142,0.9567191,0.96152234,0.96314096,0.93769735,0.95854235,0.96523124,0.95297176,0.9580136,0.9550092,0.9590092,0.9757306,0.944866,0.9617147,0.96330994,0.9547944
arcticmovie,0.9554399,0.94315237,0.95263153,0.9510245,0.96562904,0.95862997,0.9626237,0.962091,0.97708005,0.9608279,0.9479655,0.95266485,0.9663596,0.96019673,0.9607737,0.9569331,1.0,0.9642953,0.95051247,0.9610776,0.9483988,0.9557269,0.96381855,0.9584499,0.9495536,0.89943993,0.9526197,0.97310096,0.9562625,0.95550764,0.9538192,0.9570151,0.94710934,0.9437422,0.9393193,0.9269895,0.961322,0.96214294,0.95160294,0.95669335,0.9611459,0.95627666,0.93712837,0.95818126,0.96299607,0.9545676,0.96104497,0.9574382,0.9573499,0.9605262,0.9523559,0.96131456,0.9510926,0.9412195,0.95401376,0.955311,0.9449991,0.9568501,0.96595806,0.957961,0.9541319,0.95050097,0.9552229,0.9640647,0.9616526,0.95271474,0.9522367,0.9523088,0.95697546,0.95536333,0.9635445,0.80286497,0.94955426,0.9615946,0.952612,0.94604975,0.9099871,0.9529965,0.9597285,0.9472356,0.9577071,0.9571405,0.9681919,0.94252497,0.9514211,0.9630295,0.9516607,0.96589416,0.9558163,0.9561884,0.9470496,0.9635445,0.95064956,0.9610764,0.9618275,0.9567065,0.9472705,0.96261275,0.96235627,0.96216977,0.95982516,0.9504063,0.9474958,0.96304977,0.95649433,0.9522434,0.95887405,0.9557104,0.94620526,0.94055945,0.95818293,0.86190474,0.95722175,0.9199884,0.95561486,0.9521049,0.9561308,0.95859295,0.96791404,0.9605959,0.9653252,0.9486633,0.9564046,0.95503783,0.953288,0.9623717,0.9633002,0.9456823,0.95746773,0.94639164,0.95261014,0.9603721,0.96960735,0.94512385,0.95078063,0.95932204,0.9583074,0.9496891,0.9585923,0.955867,0.97708005,0.9543114,0.94748324,0.9602515,0.96267265,0.9545307,0.9432437,0.95383865,0.9651656,0.94571304,0.9548268,0.9564765,0.9452854,0.92607725,0.95525664,0.96085876,0.9582887,0.96306676,0.9479725,0.95482606,0.97708005,0.9552164,0.96112436,0.96699786,0.9558834
artofracingmovie,0.95276153,0.9455127,0.95992327,0.9570646,0.9781266,0.9658263,0.9694485,0.9739724,0.9825594,0.96887785,0.9574096,0.95512426,0.9571085,0.9671843,0.9631051,0.96039593,0.9642953,0.9999997,0.95363915,0.9616921,0.95523554,0.9612602,0.96750104,0.97242314,0.9517775,0.90051484,0.97377074,0.9628885,0.9628665,0.959449,0.9625121,0.9565755,0.9573831,0.9493838,0.9383376,0.92308974,0.9708482,0.95784396,0.9646792,0.9614779,0.95943624,0.9626388,0.95010173,0.96436715,0.97216016,0.96417654,0.9682094,0.9603698,0.96454155,0.9657676,0.96233034,0.9666489,0.95814896,0.9449396,0.9562824,0.97107106,0.95449674,0.964213,0.9682255,0.96278656,0.94799113,0.9553863,0.96591395,0.9593805,0.9638014,0.9605074,0.9583699,0.9575158,0.9621778,0.95302224,0.96491617,0.7863845,0.9454823,0.9610801,0.9455958,0.94499445,0.8988117,0.9559287,0.95918673,0.95768327,0.95339924,0.9596854,0.9580277,0.94823587,0.9578004,0.9616474,0.9533227,0.969369,0.9587702,0.96752465,0.95602864,0.96491617,0.9625919,0.96034116,0.9632212,0.95853305,0.95817995,0.9661108,0.9572368,0.96440136,0.96794665,0.9485136,0.9530741,0.95866233,0.9603318,0.96076506,0.96392107,0.9600701,0.956797,0.94406164,0.97215426,0.8624625,0.96754247,0.91797173,0.9508028,0.95599717,0.9630029,0.95444703,0.96920615,0.9647477,0.95769364,0.96419257,0.9585277,0.9661641,0.9587235,0.96530175,0.96246785,0.95899004,0.9770921,0.95389044,0.9661006,0.969777,0.96529096,0.9490451,0.9564136,0.9655475,0.94969565,0.9504903,0.960799,0.97393167,0.9825594,0.961159,0.9622289,0.9582376,0.95587516,0.9655309,0.9529995,0.9543454,0.96307105,0.95624745,0.9642503,0.96144277,0.9603972,0.9333076,0.957427,0.96166396,0.9640572,0.9630231,0.95087135,0.9521207,0.9825594,0.9661412,0.96989805,0.9709281,0.9631303
avengers,0.9753431,0.94649607,0.95156765,0.9477635,0.9537788,0.95712334,0.95750785,0.9583475,0.974249,0.95519596,0.96134067,0.94606835,0.9553653,0.9525219,0.9502591,0.95103574,0.95051247,0.95363915,1.0000001,0.94675726,0.9424985,0.95657927,0.95520484,0.9588279,0.9443435,0.89302206,0.9559295,0.9518656,0.9578212,0.9556269,0.9765608,0.94036996,0.9501631,0.944539,0.9342615,0.91590226,0.96439844,0.9634807,0.95692694,0.95811504,0.95526254,0.95685714,0.9411995,0.9512449,0.9601488,0.954141,0.95687926,0.94705534,0.9568246,0.9529499,0.9502067,0.95172745,0.9431675,0.95235956,0.95232767,0.95960075,0.94213676,0.9638642,0.9567284,0.953836,0.9487114,0.952692,0.9526174,0.9497211,0.9501967,0.9552654,0.95452607,0.9473511,0.95469844,0.9506517,0.95819247,0.79974943,0.9435203,0.95207727,0.9447587,0.9484107,0.9003663,0.9500216,0.960646,0.9422609,0.96064913,0.9579377,0.9566512,0.94454664,0.9447213,0.95580226,0.95497787,0.967947,0.95006377,0.95914406,0.95023274,0.95819247,0.944475,0.95778924,0.9540384,0.9539967,0.9481561,0.9577878,0.94981474,0.9562479,0.960765,0.9503986,0.95224565,0.9555646,0.94892114,0.9521984,0.9571968,0.9517745,0.9453025,0.93924856,0.9599706,0.86495364,0.9530068,0.91545963,0.9557105,0.95128673,0.9625295,0.9460853,0.96688193,0.95379484,0.9546329,0.9497169,0.95018727,0.958385,0.9606752,0.9506028,0.95636535,0.9433487,0.9571856,0.946028,0.9524299,0.94916564,0.95243907,0.93903905,0.95165354,0.95845354,0.96313244,0.9500112,0.95757926,0.9516504,0.974249,0.953507,0.9544421,0.96127135,0.9516515,0.95203483,0.9484574,0.9497774,0.96234304,0.9555086,0.9543812,0.94788384,0.95498294,0.9489117,0.9421527,0.96148574,0.9545815,0.9539289,0.9580985,0.95288926,0.974249,0.9445348,0.9559172,0.95832014,0.9432745
beachbummovie,0.95407754,0.94368356,0.9601029,0.9556425,0.96262634,0.95607144,0.95668143,0.9621643,0.975908,0.9550453,0.9555717,0.9488863,0.9479633,0.95874894,0.9733865,0.95365214,0.9610776,0.9616921,0.94675726,0.9999997,0.9425307,0.95984954,0.9652561,0.96045876,0.95182854,0.90814936,0.95874065,0.95676696,0.96131605,0.9558453,0.9509219,0.9584281,0.9432327,0.95821893,0.9352306,0.9301745,0.9645671,0.9540165,0.95427376,0.9577238,0.9569234,0.95892256,0.94662124,0.9623791,0.9610417,0.9615457,0.96223897,0.95536846,0.960637,0.9619792,0.9571181,0.96515757,0.95152193,0.9462657,0.95285773,0.9465492,0.9484088,0.9625372,0.9647077,0.95858145,0.9509472,0.9582351,0.95807266,0.9527318,0.9632891,0.9623653,0.94984406,0.9611295,0.9503802,0.9574361,0.95800024,0.7997369,0.92945135,0.95723593,0.9383527,0.9457031,0.90522325,0.9538329,0.94991606,0.9476729,0.95242536,0.9478724,0.9529346,0.94724,0.94996345,0.9550123,0.94808275,0.9529391,0.95880216,0.9593187,0.95189846,0.95800024,0.95231384,0.9518254,0.9603708,0.9666431,0.94582075,0.9675745,0.9464011,0.9569493,0.96385014,0.9490572,0.9564241,0.95098984,0.9515493,0.95655096,0.95614845,0.9509989,0.9530891,0.9410737,0.9578739,0.8770338,0.95986676,0.9157883,0.95210075,0.953449,0.95945024,0.9492393,0.9635905,0.95569646,0.959583,0.94976443,0.95735145,0.9531534,0.9533938,0.95681304,0.9538588,0.9478848,0.96066856,0.94097006,0.9509388,0.9581109,0.9617152,0.94444484,0.96074516,0.95792204,0.95101935,0.9561552,0.95751786,0.96179366,0.975908,0.9616315,0.9510157,0.9545924,0.956333,0.9612094,0.9517877,0.95080274,0.95911205,0.9458922,0.9531466,0.95966136,0.9500618,0.9266338,0.953402,0.95763516,0.9564761,0.95453,0.94562846,0.9597921,0.975908,0.95136803,0.9612975,0.9590909,0.9584811
bernadettefilm,0.94998986,0.95284826,0.9503015,0.94762075,0.9521253,0.9547388,0.9663299,0.9568798,0.97160983,0.96021163,0.95760584,0.9429457,0.94691825,0.96398175,0.9537066,0.95061564,0.9483988,0.95523554,0.9424985,0.9425307,0.9999998,0.9489443,0.95437366,0.9539806,0.9533674,0.900827,0.9573897,0.95221007,0.95584774,0.9407027,0.9470053,0.9446431,0.94347906,0.9444876,0.93126535,0.91931313,0.95197946,0.9522315,0.9532045,0.9469397,0.9495551,0.9582227,0.9388874,0.9596637,0.9660844,0.94305444,0.95203054,0.9521037,0.94467014,0.9562362,0.95008504,0.95606375,0.94656104,0.93410116,0.9541423,0.9537609,0.94030815,0.960837,0.95391715,0.9632164,0.945884,0.9497779,0.9591861,0.9606891,0.9473462,0.94578856,0.94641167,0.9520974,0.95524967,0.9432091,0.9668436,0.7866099,0.938848,0.95193166,0.93926525,0.94341666,0.91637856,0.9540468,0.9552539,0.9374568,0.9584587,0.95066565,0.95563453,0.9445908,0.94125277,0.946939,0.94994336,0.95482814,0.95708394,0.9583281,0.9336728,0.9668436,0.96515894,0.95290923,0.94759816,0.9521932,0.95224816,0.95435846,0.95409864,0.9545492,0.9471034,0.9443301,0.94162154,0.955334,0.96169484,0.94951206,0.9537926,0.9450017,0.940667,0.9406944,0.9528488,0.8583945,0.9580118,0.9182947,0.964609,0.9587501,0.95647943,0.94797134,0.96399593,0.95999277,0.948459,0.9508378,0.95661515,0.956214,0.94672114,0.95983016,0.9520184,0.9465831,0.9438407,0.9342428,0.9712781,0.94637525,0.9514164,0.95076793,0.9460481,0.9453202,0.94603306,0.9461073,0.9640805,0.95263034,0.97160983,0.95172995,0.94647175,0.9540288,0.95456505,0.9493415,0.95418006,0.9396055,0.9482874,0.95793414,0.960081,0.96045786,0.9513651,0.9288797,0.9475638,0.9600996,0.9369299,0.960986,0.94737905,0.95287526,0.97160983,0.9474463,0.9516377,0.9526426,0.9490044
