movie,21bridgesmovie,47metersdown,abeautifuldaymovie,abominablemovie,adastramovie,adogsjourneymovie,aftermathmovie,aftermovie,ahiddenlifefilm,alitamovie,angelhasfallen,angrybirdsmovie,annabellemovie,annamovie,apollo11movie,arcticdogsmovie,arcticmovie,artofracingmovie,avengers,beachbummovie,bernadettefilm,blackandbluemovie,blackchristmas,blindedbythelightmovie,bombshellmovie,booksmart,breakthroughmovie,brianbanksmovie,brightburnmovie,brittanyrunsmov,captainmarvelofficial,captivestatemovie,catsmovie,charliesangels,childsplaymovie,clarathefilm,coldpursuitmovie,countdown,currentwarmovie,darkwatersmovie,detectivepikachumovie,disneyaladdin,disneyfrozen,disneymaleficent,doctorsleepmovie,dolemiteismyname,dontletgomovie,doramovie,downtonabbey_official,dumbo,escaperoom,everybodyknowsmovie,fastandfuriousmovie,fightingwmyfam,fivefeetapartfilm,fordvferrari,freaksthefilm,geminimanmovie,glassmovie,gloriabellmovie,godzillamovie,goldfinchmovie,goodboysmovie,goodliarmovie,gretafilm,halathemovie,happydeathdaymovie,harrietfilm,hellboymovie,hersmellmovie,highlifemovie,highstrungmovie,honeyboymovie,hotelmumbaifilm,httydragon,hustlemovie,hustlersmovie,isntitromantic,itmovieofficial,jayandsilentbob,johnwickmovie,jojorabbitmovie,jokermovie,judythefilm,jumanjimovie,justmercyfilm,knivesout,lalloronamovie,lastblackmansf,lastchristmasthemovie,latenightmovie,lighthousemovie,lionking,littlethemovie,littlewomenmovie,littlewoodsfilm,longshotmovie,lordsofchaosmovie,lucyintheskyfilm,mamovie2019,marriagestory,meettheaddams,meninblack,midsommarmovie,midwaymovie,missbalamovie,missinglinkfilm,motherlessbklyn,onceinhollywood,onthebasisofsex,overcomermovie,peanutbutterfalcon,petsematarymovie,piercingmovie,playingwithfire,playmobilthemovie,pomsmovie,queenandslim,rambomovie,readyornotfilm,richardjewellfilm,rocketmanmovie,scarystoriesmovie,secretlifeofpets,serenityfilm,shaftmovie,shazammovie,spidermanmovie,spiesindisguise,starwars,stormboymovie,stubermovie,taosdfilm,teenspiritmov,terminator,theaeronautsmov,thebestofenemies,thedeaddontdie,thefarewell,thehighwaymen,thehummingbirdprojectfilm,theintrudermovie,theirishmanfilm,thekitchenmovie,thelegomovie,themustangfilm,thenightingalefilm,theprodigymovie,thesunisalsoastar,theupsidefilm,tolkienmovie,toystory,triplefrontier,uglydolls,uncutgems,underthesilverlake,usmovie,wavesmovie,whatmenwant,wonderparkmovie,wrinklestheclown,xmenmovies,yardiefilm,yesterdaymovie,zombieland
21bridgesmovie,1.0000001,0.93910766,0.95774084,0.95386803,0.957333,0.95244694,0.9593504,0.9578855,0.9780857,0.95943236,0.9545218,0.94416857,0.95623785,0.96255,0.9611824,0.957142,0.948414,0.94251853,0.9758532,0.94184554,0.9497157,0.9549716,0.96482694,0.9538735,0.95092565,0.9054056,0.9468601,0.9558064,0.9582335,0.9520874,0.9499565,0.9507293,0.94162655,0.93911886,0.9457106,0.9369399,0.9578663,0.96450436,0.9567474,0.95446455,0.95735335,0.9614745,0.9423528,0.96058965,0.9602104,0.95472765,0.9598433,0.9632591,0.94361717,0.9600793,0.9522928,0.96397555,0.9582257,0.9538529,0.9573338,0.94955164,0.9478943,0.9516559,0.9611427,0.9577398,0.9530004,0.95936394,0.9529177,0.9567272,0.9556869,0.9575922,0.94744486,0.95454675,0.9571923,0.94616586,0.9618887,0.82783705,0.94138414,0.95769536,0.95509654,0.9381206,0.92389625,0.94365096,0.94520795,0.9535267,0.955996,0.9494315,0.9634784,0.9527435,0.950411,0.9566775,0.946659,0.9594217,0.953678,0.9644089,0.9591477,0.9618887,0.9640676,0.9549124,0.95618427,0.9575467,0.952893,0.9518936,0.9517566,0.9632336,0.94820654,0.95237494,0.94885856,0.9611667,0.94570583,0.9537899,0.95595104,0.95152473,0.94322133,0.9518274,0.96200246,0.91651297,0.95696163,0.93055755,0.9462867,0.96362615,0.9853091,0.9553561,0.96482646,0.9568777,0.9614277,0.9553492,0.96466386,0.9445603,0.9580339,0.96524674,0.95707357,0.9377582,0.9569028,0.93089867,0.96350914,0.9490308,0.95065975,0.9459332,0.9552317,0.9542271,0.972081,0.95379555,0.95962286,0.94492936,0.9780857,0.95180327,0.9466194,0.9502257,0.9551648,0.9560678,0.95496863,0.94867414,0.9485666,0.9692099,0.95574075,0.9498766,0.9561513,0.961774,0.9510315,0.95096713,0.95330054,0.952714,0.9495992,0.962925,0.9780857,0.9422855,0.9546064,0.9637124,0.9446309
47metersdown,0.93910766,1.0000005,0.93529934,0.9362493,0.9310613,0.92032975,0.9377527,0.92390573,0.95332074,0.92570156,0.9424684,0.9236442,0.93453926,0.93408763,0.9391934,0.94020194,0.9194697,0.9188046,0.94071984,0.91870767,0.935882,0.9357759,0.930929,0.93443614,0.9407892,0.8689101,0.9290636,0.9150688,0.92840093,0.94372255,0.9303697,0.9308324,0.9218882,0.9039897,0.9291429,0.9080866,0.9329276,0.9364071,0.93927073,0.93318784,0.9314704,0.9445357,0.9184045,0.9391338,0.9287815,0.929453,0.9315578,0.9335816,0.91688794,0.9323407,0.9226173,0.9340836,0.93107176,0.935756,0.9340795,0.9237399,0.9344952,0.9344741,0.93102646,0.929347,0.9284888,0.9397856,0.91100913,0.93339217,0.9267594,0.9319263,0.9417409,0.9259918,0.9352049,0.91409034,0.93630725,0.81797355,0.9179445,0.9317818,0.92386883,0.9142614,0.88478285,0.92578655,0.936252,0.9263011,0.934891,0.9255601,0.93733203,0.9234886,0.92864513,0.9235123,0.9204348,0.93710774,0.932616,0.9391948,0.9451315,0.93630725,0.9349016,0.9341706,0.922845,0.93134624,0.92950636,0.9229328,0.92764384,0.93031436,0.9202986,0.93541414,0.92102116,0.9330816,0.9424318,0.92257136,0.944424,0.9327171,0.9195883,0.9257288,0.93283576,0.9069471,0.93457896,0.91144204,0.9221757,0.9424501,0.93964446,0.9213347,0.93362975,0.93740743,0.9360851,0.9327255,0.9452897,0.91771287,0.9377499,0.9380603,0.9256908,0.9153044,0.9412416,0.9005391,0.9444005,0.93045866,0.9375014,0.93458074,0.9272475,0.9410673,0.9365573,0.9282813,0.93186224,0.9280166,0.95332074,0.92691404,0.92178494,0.9226581,0.9225864,0.9280211,0.9405999,0.9204077,0.9286616,0.9238349,0.9319317,0.93233216,0.9385749,0.91182387,0.9189648,0.927066,0.93040913,0.932634,0.9214267,0.94347274,0.95332074,0.9207371,0.9309713,0.9199879,0.91827
abeautifuldaymovie,0.95774084,0.93529934,0.9999997,0.9550082,0.96055406,0.9592536,0.9642035,0.95515084,0.9787426,0.95407784,0.9544118,0.961593,0.94851667,0.9569358,0.96017,0.9571603,0.9493324,0.9503602,0.9593058,0.9499476,0.9525171,0.9656048,0.958244,0.9575624,0.9491262,0.9088835,0.95306736,0.9517013,0.97506005,0.9581937,0.95737064,0.94855046,0.9464051,0.957256,0.9469788,0.9285973,0.9593834,0.95228475,0.95611924,0.9547689,0.9520184,0.96399987,0.9490026,0.96151924,0.95814484,0.9592016,0.9563079,0.95628494,0.9470918,0.9590336,0.9696516,0.9640872,0.9492849,0.9530274,0.9476689,0.9455734,0.952385,0.951514,0.962705,0.96230024,0.9445874,0.95036125,0.9546268,0.9553035,0.95952755,0.95551175,0.9469009,0.9542441,0.95663655,0.9345304,0.9657542,0.81924665,0.9353596,0.96064025,0.943128,0.9342662,0.9049665,0.9394428,0.9452086,0.954502,0.9522668,0.9568904,0.96021014,0.9477695,0.9642419,0.94074714,0.9526947,0.9579957,0.9542583,0.96316224,0.962137,0.9657542,0.95620364,0.953312,0.9707188,0.960012,0.9563036,0.94798213,0.9574408,0.95080024,0.9463684,0.9479268,0.95554674,0.9583052,0.95027643,0.96674514,0.95483184,0.9439238,0.959517,0.9520279,0.9597401,0.9248592,0.9521115,0.9296717,0.95486915,0.956225,0.9577782,0.9505605,0.9591297,0.9610199,0.9510001,0.94979364,0.95796293,0.9494036,0.95870715,0.964676,0.95354605,0.9535328,0.9490631,0.9344001,0.9578954,0.9507842,0.9558306,0.9487636,0.9529138,0.9615669,0.9525683,0.95607716,0.964894,0.95235234,0.9787426,0.9649975,0.9525834,0.94420904,0.95207953,0.9523824,0.9567836,0.94386923,0.9425929,0.9489924,0.9618052,0.96402425,0.95481235,0.9370676,0.9544824,0.9539435,0.96061003,0.96134067,0.9450256,0.96038693,0.9787426,0.95048034,0.9605525,0.9575035,0.96087956
abominablemovie,0.95386803,0.9362493,0.9550082,0.9999998,0.95771885,0.94541484,0.95323545,0.95744,0.9768399,0.952451,0.9551286,0.94858164,0.96553665,0.96028155,0.95558834,0.9610738,0.9478558,0.95334697,0.95275843,0.94001544,0.95185083,0.9525741,0.95935464,0.94523376,0.9560701,0.9034057,0.9531277,0.94501454,0.96174836,0.9532555,0.9511322,0.9472932,0.9381087,0.9352565,0.9555591,0.9394819,0.9521397,0.9615645,0.95533586,0.950502,0.9498347,0.9595054,0.9313006,0.95340633,0.95409477,0.9479022,0.9584022,0.9596092,0.9429693,0.9473411,0.9587661,0.95353717,0.9538678,0.9534367,0.9593784,0.94596547,0.9565768,0.9543562,0.9683888,0.9577071,0.9522611,0.9604306,0.95329046,0.95310223,0.9526333,0.9620338,0.9500509,0.9464327,0.945478,0.9390604,0.9622083,0.81423837,0.93984574,0.9552601,0.96331865,0.940061,0.9201588,0.950791,0.95888805,0.9450547,0.95492226,0.9633303,0.9608694,0.9454759,0.966267,0.9490575,0.9549643,0.9597578,0.9585762,0.9602193,0.9663688,0.9622083,0.95591927,0.9556441,0.95239353,0.9621343,0.9544395,0.95040953,0.9474773,0.9522992,0.94334275,0.95218444,0.95626616,0.9547792,0.94895536,0.9594249,0.9539703,0.95251065,0.945307,0.94352543,0.96340305,0.9099834,0.9529476,0.94150627,0.94309187,0.9598562,0.9603483,0.9437498,0.9652293,0.94893056,0.95424765,0.947211,0.96012175,0.94744366,0.95633245,0.96094626,0.95723975,0.94785184,0.9578442,0.92229635,0.95551103,0.96152383,0.95103306,0.94352233,0.95299286,0.9602119,0.9566875,0.94560206,0.9592046,0.9445062,0.9768399,0.9587839,0.94492215,0.9494451,0.9524324,0.9437045,0.95226586,0.9572896,0.947061,0.9513954,0.94912696,0.94150525,0.9513349,0.9353467,0.94575036,0.9509131,0.95121396,0.9547901,0.9488457,0.9581429,0.9768399,0.9458987,0.9514373,0.95595825,0.9500573
adastramovie,0.957333,0.9310613,0.96055406,0.95771885,1.0000002,0.95136386,0.9570374,0.95983934,0.97454756,0.9638748,0.9560969,0.940613,0.94844335,0.9562547,0.9555165,0.95069724,0.95252275,0.9653219,0.95833296,0.9398844,0.947954,0.94533813,0.95731425,0.9456146,0.9383618,0.8973594,0.96758676,0.9503648,0.94858634,0.95366967,0.95411015,0.9419392,0.9331061,0.93218744,0.94137037,0.93022877,0.9445137,0.9483305,0.9566242,0.95178974,0.9456393,0.9605416,0.94825643,0.95945895,0.9549076,0.9490973,0.95662826,0.953991,0.9426287,0.9619068,0.94531626,0.9625102,0.9467059,0.95043695,0.95558995,0.9591337,0.9531598,0.9440428,0.9561011,0.9537926,0.93956685,0.94527453,0.9551869,0.95400786,0.9526338,0.9449175,0.9476607,0.9573289,0.94769585,0.93283635,0.9568639,0.8135492,0.93888086,0.95468396,0.94290715,0.93445915,0.90044355,0.9372298,0.9421134,0.95006424,0.9564287,0.9455816,0.9550432,0.9367538,0.95090854,0.9444842,0.9445638,0.9583208,0.94985926,0.95391214,0.9571268,0.9568639,0.95391995,0.9519676,0.950011,0.9542795,0.9514666,0.93808705,0.94831526,0.9451452,0.9416283,0.9394975,0.9466382,0.9494366,0.94745594,0.9454942,0.9547576,0.9464689,0.93350273,0.95144933,0.96067744,0.9165773,0.945415,0.9338335,0.94586325,0.9531378,0.9533032,0.93905574,0.9583766,0.95473903,0.94730985,0.9479167,0.9560466,0.9433509,0.9534802,0.957863,0.95096654,0.93150306,0.95825213,0.92605686,0.95686686,0.9700918,0.95156974,0.94167435,0.9467952,0.9567081,0.94598097,0.95429456,0.95522624,0.94480157,0.97454756,0.9511112,0.94402254,0.94632816,0.9529555,0.950373,0.9532317,0.94190854,0.9459111,0.9419992,0.9541296,0.9529,0.9570369,0.9366222,0.9451538,0.9429524,0.9444351,0.9498712,0.94475627,0.9507552,0.97454756,0.9472318,0.949743,0.95297253,0.9434578
adogsjourneymovie,0.95244694,0.92032975,0.9592536,0.94541484,0.95136386,0.99999994,0.95218575,0.9480843,0.97220814,0.9500769,0.9473497,0.9434021,0.94155043,0.95743304,0.948424,0.9441355,0.9477337,0.9420596,0.9474795,0.9407169,0.9395472,0.94295216,0.95852983,0.94855344,0.9394034,0.9059572,0.93834347,0.94130296,0.9495885,0.9527515,0.940672,0.9423584,0.9404662,0.9437527,0.9421113,0.9242451,0.9487221,0.9410483,0.9580758,0.9483651,0.9459938,0.9515234,0.9336143,0.95512486,0.948616,0.949286,0.95484823,0.9504382,0.9541567,0.9535671,0.9409194,0.95455825,0.9509563,0.9514977,0.9413095,0.9389238,0.9536453,0.942242,0.95249385,0.954397,0.93921006,0.9452519,0.9449934,0.9516543,0.9512708,0.9429111,0.94574416,0.9484007,0.95182,0.92870104,0.9558495,0.81923544,0.93622035,0.9522727,0.94613385,0.9338724,0.91084325,0.9350203,0.9523827,0.95256376,0.94579315,0.947927,0.95760024,0.9454634,0.9513831,0.9361438,0.9529967,0.9527257,0.9436645,0.9556423,0.9534139,0.9558495,0.9485004,0.94779843,0.9482575,0.9510106,0.95754254,0.9447101,0.9511096,0.94497824,0.9423647,0.9486386,0.94484353,0.9480463,0.94193995,0.9420456,0.94348544,0.9498685,0.94183236,0.93778723,0.95456636,0.9134245,0.9422567,0.9341258,0.94099873,0.950303,0.94899344,0.94246215,0.95160997,0.9517443,0.9491934,0.94554245,0.9502264,0.9722171,0.94656295,0.95268166,0.9589217,0.9319027,0.9534371,0.9234339,0.9459165,0.9426469,0.9463072,0.9374169,0.93852353,0.95804507,0.94831353,0.9441744,0.95313,0.93777436,0.97220814,0.9427375,0.9518243,0.9454353,0.94279927,0.94559044,0.94858426,0.9422466,0.94752717,0.9427191,0.9495586,0.941347,0.9445341,0.9419616,0.9436879,0.9454081,0.9468186,0.951703,0.9352722,0.94691604,0.97220814,0.9467135,0.9499618,0.9626247,0.940213
aftermathmovie,0.9593504,0.9377527,0.9642035,0.95323545,0.9570374,0.95218575,0.99999976,0.95758474,0.98022544,0.9488524,0.9559926,0.94792086,0.9593617,0.9600504,0.9597003,0.95123696,0.9435147,0.94570017,0.95223516,0.9507541,0.9631698,0.955841,0.9605438,0.96394783,0.9442865,0.9041303,0.9486461,0.9479407,0.9540703,0.9520017,0.94724697,0.95754266,0.9468202,0.94312215,0.9430625,0.93269306,0.95662165,0.9506044,0.96543145,0.955867,0.96162564,0.9594232,0.94447273,0.9556519,0.9573374,0.95532775,0.9601293,0.9578936,0.95093936,0.9569779,0.957754,0.96951085,0.9534982,0.9498253,0.94984144,0.9461992,0.9481454,0.94784933,0.961154,0.9608355,0.954826,0.94498247,0.9480937,0.957607,0.95986235,0.9536201,0.9439192,0.9587058,0.94769585,0.93916106,0.9655105,0.8238958,0.9400144,0.95588577,0.9485461,0.9404363,0.9163184,0.95224184,0.94580764,0.9608349,0.95333624,0.96872324,0.9602752,0.9494719,0.95661026,0.94759476,0.94295895,0.9631989,0.95428854,0.9608733,0.95982647,0.9655105,0.9524544,0.9499516,0.95798016,0.96151465,0.95776135,0.95099247,0.97461885,0.95339227,0.9472728,0.9501484,0.9523623,0.9544768,0.95177037,0.96167153,0.9583547,0.9546672,0.95131767,0.9586761,0.9588185,0.9192473,0.957401,0.92898905,0.9550052,0.95840627,0.96259636,0.9530267,0.95558935,0.98795986,0.95632863,0.94974476,0.9527373,0.9538018,0.95663667,0.96189284,0.9518754,0.94587827,0.9584363,0.9276215,0.96240574,0.9529371,0.9454292,0.94294304,0.9507812,0.95704037,0.9532877,0.95296097,0.96033114,0.9481298,0.98022544,0.9564026,0.9496132,0.9547039,0.94981587,0.95803213,0.9538833,0.94471383,0.9500672,0.95016205,0.98450065,0.94496405,0.95352805,0.93308735,0.95488596,0.9547079,0.95256615,0.9616876,0.95017546,0.96008533,0.98022544,0.9486693,0.9585895,0.9611119,0.9564811
aftermovie,0.9578855,0.92390573,0.95515084,0.95744,0.95983934,0.9480843,0.95758474,0.9999997,0.97418374,0.9538754,0.95356846,0.93592453,0.95883214,0.9551051,0.95559907,0.9470783,0.9527697,0.95535344,0.9558277,0.93813777,0.954302,0.9517911,0.95921177,0.9551865,0.94472027,0.89032084,0.952903,0.9506153,0.95650154,0.9521389,0.9496551,0.9531112,0.94147545,0.9341918,0.94440895,0.9258544,0.9495357,0.95052534,0.9523807,0.94931775,0.94291395,0.95786875,0.93269086,0.9517643,0.9529451,0.95063436,0.9613481,0.9635406,0.95273453,0.95406604,0.9516942,0.96023023,0.9590375,0.95579475,0.9584445,0.96089095,0.9499716,0.9545136,0.95542204,0.9573295,0.94740415,0.9461572,0.9474828,0.9555201,0.95222306,0.95328754,0.94544053,0.95642525,0.94902587,0.9423723,0.9609416,0.8085571,0.942791,0.9536265,0.9487462,0.94592506,0.90882856,0.9449974,0.9447821,0.94461197,0.9532335,0.952769,0.9551309,0.94182163,0.95357364,0.93726903,0.9486582,0.96526504,0.94861364,0.95839083,0.9610204,0.9609416,0.95002794,0.9613588,0.94841355,0.95817924,0.94767654,0.9521709,0.9540795,0.9487257,0.9483873,0.9441054,0.9529443,0.9534213,0.94739455,0.9544502,0.9540013,0.9523706,0.93366444,0.9400423,0.9657005,0.9066763,0.95246214,0.9289603,0.9411576,0.95860785,0.95407856,0.9361875,0.96090394,0.95563823,0.953618,0.9473525,0.952932,0.9433549,0.9544061,0.95542777,0.9566828,0.93516517,0.9564206,0.9172176,0.9564315,0.9531155,0.9475628,0.9391168,0.9552853,0.95466363,0.948761,0.95212495,0.9589549,0.95028543,0.97418374,0.9522318,0.95121026,0.9451786,0.95376873,0.9492519,0.94910747,0.94721615,0.9490636,0.94026625,0.95557135,0.9367212,0.9500364,0.94532156,0.9489869,0.95113295,0.9482548,0.94596386,0.9717421,0.9521298,0.97418374,0.93907297,0.95414805,0.9636811,0.94799036
ahiddenlifefilm,0.9780857,0.95332074,0.9787426,0.9768399,0.97454756,0.97220814,0.98022544,0.97418374,0.99999964,0.96987516,0.97449416,0.96597964,0.97632384,0.97919154,0.9806869,0.97343636,0.96869653,0.9686137,0.9722125,0.96852076,0.9730577,0.9741431,0.97886556,0.9778829,0.96859086,0.9278842,0.97169775,0.9705675,0.97495776,0.97212315,0.9678563,0.96804166,0.95920604,0.96038073,0.9662743,0.9531865,0.977252,0.9759047,0.9771398,0.9726511,0.9739661,0.979004,0.95906603,0.9771479,0.97772604,0.9782256,0.9768113,0.9783913,0.967234,0.97443163,0.9740288,0.9815249,0.9733612,0.9727642,0.97291243,0.9680359,0.97337955,0.96980953,0.9801096,0.98063123,0.9696069,0.97267586,0.9710814,0.976558,0.9756672,0.973255,0.9711506,0.97356486,0.9708645,0.9622339,0.9834295,0.8347266,0.9630895,0.97667813,0.9695123,0.95736974,0.92937326,0.96365535,0.9686312,0.9739602,0.97346777,0.97236854,0.9809465,0.96815854,0.9780625,0.96745944,0.96667415,0.9805992,0.97311145,0.980901,0.9808103,0.9834295,0.9762866,0.97326976,0.976067,0.98109907,0.97254163,0.9741339,0.9734631,0.97282493,0.9717936,0.9686115,0.9720453,0.9789038,0.96776503,0.9750526,0.97729445,0.9756932,0.9641173,0.9672875,0.9830408,0.9335555,0.97361887,0.9544739,0.9684641,0.97705823,0.9801169,0.9676308,0.97910243,0.97640324,0.9768031,0.971154,0.97831345,0.9656799,0.9782447,0.9792432,0.97312677,0.9592801,0.9742727,0.94796187,0.9776923,0.9738111,0.97236705,0.9614864,0.97058064,0.9771155,0.97590005,0.9713126,0.98011595,0.9690172,0.99999964,0.9745451,0.9733561,0.96986854,0.9708139,0.97325087,0.97356844,0.9652783,0.96978575,0.9694223,0.97697717,0.96700543,0.9751338,0.95946693,0.97025245,0.97445947,0.9715699,0.97602606,0.9671653,0.97589046,0.99999964,0.9681148,0.97607946,0.97804767,0.9699428
alitamovie,0.95943236,0.92570156,0.95407784,0.952451,0.9638748,0.9500769,0.9488524,0.9538754,0.96987516,0.9999997,0.94711107,0.93765014,0.95091325,0.95215863,0.94801944,0.94333196,0.9473373,0.95214635,0.9541077,0.9398826,0.9412189,0.94651824,0.9576091,0.94670784,0.942433,0.8952706,0.94418585,0.94008386,0.9516224,0.9403643,0.94554555,0.9450149,0.93261206,0.9353011,0.9481209,0.92392606,0.9528372,0.9505649,0.9456824,0.94642824,0.9385506,0.94578284,0.92226505,0.9491058,0.94731444,0.9498432,0.9590199,0.9507201,0.9355499,0.94380796,0.9471555,0.95664716,0.95525235,0.95072293,0.954566,0.9534004,0.94346404,0.9379142,0.95622915,0.9507503,0.9412347,0.94716156,0.94774175,0.9491216,0.9439467,0.94628483,0.93723285,0.9520837,0.94549227,0.92410815,0.9517426,0.79293346,0.9272407,0.943959,0.95051455,0.93228614,0.907862,0.93580985,0.93961513,0.9405368,0.94877505,0.9445066,0.95054257,0.9462402,0.9528599,0.93853235,0.94154775,0.9582503,0.94138646,0.9587014,0.95389426,0.9517426,0.95199776,0.9448252,0.95527583,0.9488785,0.94734055,0.9474689,0.93741524,0.94453394,0.9420582,0.94048315,0.9466725,0.94998264,0.9630708,0.9495593,0.95203954,0.9458643,0.93218124,0.9356637,0.95554143,0.90391135,0.9433444,0.9317322,0.928434,0.9550263,0.9561434,0.93998057,0.95295835,0.9443325,0.95104253,0.9350386,0.94800323,0.9451353,0.9488807,0.9520909,0.9475027,0.9291852,0.9514497,0.9197912,0.94936776,0.9560711,0.9457387,0.937013,0.9471673,0.94581914,0.9553863,0.94319206,0.95405483,0.941562,0.96987516,0.9474568,0.94584084,0.9432897,0.9427185,0.94595885,0.9431476,0.94903266,0.9446174,0.9499059,0.9455396,0.93749857,0.95152014,0.93813163,0.9294236,0.94402546,0.94835335,0.9477646,0.9469788,0.94349843,0.96987516,0.950812,0.9466521,0.95294577,0.9388452
angelhasfallen,0.9545218,0.9424684,0.9544118,0.9551286,0.9560969,0.9473497,0.9559926,0.95356846,0.97449416,0.94711107,1.0000002,0.94220656,0.95304424,0.95887375,0.9564258,0.9500446,0.94144607,0.9429075,0.9516217,0.94059366,0.9477016,0.9474114,0.9538033,0.949276,0.94593143,0.8934676,0.95614094,0.9440308,0.94855237,0.95214576,0.9462216,0.95156294,0.9390769,0.9246618,0.94064826,0.9210592,0.9487146,0.9535733,0.950128,0.9533575,0.95002913,0.95962673,0.93522125,0.9606317,0.948841,0.95111716,0.9521015,0.9508194,0.947591,0.95703304,0.948424,0.95887214,0.9533184,0.95563805,0.9533196,0.94904655,0.94966435,0.95436877,0.9609252,0.948762,0.949627,0.95731735,0.94730264,0.95515025,0.95915395,0.952603,0.94293755,0.946072,0.9623055,0.93747854,0.9534582,0.8224647,0.93516743,0.9512252,0.955461,0.93913865,0.9168799,0.94306904,0.956325,0.94786626,0.96929127,0.94863266,0.9557063,0.9421006,0.9542077,0.9421946,0.9572161,0.9575826,0.9530688,0.9601478,0.9527417,0.9534582,0.9629387,0.95195246,0.9464851,0.9632145,0.961189,0.94763476,0.9500357,0.94687515,0.94349706,0.94660234,0.94641525,0.948379,0.9511209,0.94936925,0.95326984,0.94944674,0.9360701,0.9488459,0.9595227,0.91972035,0.9421383,0.9273408,0.93986946,0.96700364,0.9576955,0.94856566,0.9514507,0.94866633,0.95447916,0.9431568,0.9596422,0.9336813,0.956829,0.9554671,0.94072825,0.9345542,0.9549313,0.9224967,0.96371686,0.95422375,0.9475931,0.94040745,0.9444566,0.95515275,0.94876564,0.9543157,0.95277065,0.94454145,0.97449416,0.95015734,0.9428085,0.9518307,0.94252956,0.9537711,0.95385873,0.942296,0.9501519,0.9493788,0.95101964,0.9461535,0.9549447,0.94250894,0.9440264,0.94743514,0.9551251,0.9461966,0.94077617,0.9511998,0.97449416,0.9493674,0.950507,0.95452595,0.94299036
angrybirdsmovie,0.94416857,0.9236442,0.961593,0.94858164,0.940613,0.9434021,0.94792086,0.93592453,0.96597964,0.93765014,0.94220656,1.0000002,0.9393214,0.94677395,0.9498415,0.94715786,0.92756134,0.9351823,0.94588554,0.9302325,0.9445792,0.94988877,0.94294506,0.93655145,0.93261975,0.88895315,0.93519807,0.9397922,0.9596213,0.95093656,0.9413055,0.93043715,0.92842025,0.9486843,0.9285555,0.9194346,0.95277846,0.9422737,0.9488922,0.941875,0.9421251,0.95299196,0.9320172,0.94408286,0.9384085,0.94569165,0.9384129,0.9580836,0.9314516,0.9399152,0.9655963,0.9478301,0.92796177,0.9359292,0.9432185,0.9233753,0.94702685,0.93787944,0.94975674,0.9460123,0.9384971,0.93460137,0.94520825,0.9360162,0.94863147,0.94978094,0.9387341,0.93589425,0.9452661,0.9303557,0.9567928,0.840842,0.9195707,0.9438889,0.93363255,0.92046434,0.9019688,0.93751764,0.9358319,0.9467638,0.9393969,0.94153476,0.94032335,0.9356995,0.9547052,0.93864673,0.94320136,0.93851435,0.94563645,0.9523328,0.9412974,0.9567928,0.9477703,0.94788384,0.9592234,0.9523879,0.94786024,0.9333217,0.93106985,0.9401915,0.93724257,0.9411471,0.94542736,0.9473847,0.93630725,0.9621451,0.9453084,0.93247056,0.94346094,0.94501454,0.944497,0.88956094,0.93382955,0.9136451,0.9419442,0.9464241,0.9464475,0.9248605,0.95226926,0.9378252,0.9389722,0.9422751,0.95410734,0.9354179,0.9418678,0.95363516,0.9373218,0.94767827,0.93444186,0.9202215,0.9456019,0.9308597,0.94390786,0.9215047,0.94176626,0.9470465,0.9381995,0.931077,0.9590287,0.93921465,0.96597964,0.9510705,0.94135195,0.93993586,0.94401014,0.93730336,0.94523716,0.9299713,0.9260593,0.94382286,0.94667804,0.9356377,0.9418407,0.92744005,0.94609433,0.9460171,0.93925273,0.95113325,0.9364987,0.94749296,0.96597964,0.9461746,0.9396469,0.9435605,0.9460875
annabellemovie,0.95623785,0.93453926,0.94851667,0.96553665,0.94844335,0.94155043,0.9593617,0.95883214,0.97632384,0.95091325,0.95304424,0.9393214,0.9999996,0.9561547,0.95680827,0.9538168,0.949309,0.94601697,0.95395213,0.942898,0.9515396,0.9501201,0.95653427,0.953273,0.9558718,0.9061458,0.9476894,0.94974273,0.94950414,0.95410573,0.9561319,0.9550585,0.9340561,0.9291776,0.9514151,0.9265262,0.95814914,0.9692582,0.9553767,0.9463857,0.95847386,0.95226735,0.9386443,0.9541709,0.95579123,0.9500886,0.9531016,0.95652604,0.9491653,0.94813144,0.9485686,0.95876706,0.9646901,0.9548929,0.95686686,0.9453425,0.95356107,0.9546517,0.9598059,0.95707035,0.96966696,0.9546305,0.94972926,0.96424806,0.95184124,0.95161265,0.9504783,0.94872344,0.94729966,0.9398148,0.9615535,0.795226,0.9364681,0.950013,0.955238,0.9410304,0.90938246,0.9502492,0.94801855,0.94503576,0.95609236,0.95808417,0.9638216,0.94267344,0.96825963,0.9545698,0.94957644,0.974307,0.9546671,0.9640546,0.9659848,0.9615535,0.95942587,0.9505286,0.9533758,0.9588176,0.9575239,0.95822704,0.95170814,0.94999945,0.95053476,0.95397574,0.9487876,0.958761,0.9484534,0.9529271,0.95827305,0.9678306,0.93858486,0.94325507,0.9616105,0.9070454,0.9611561,0.9334107,0.94617116,0.96185875,0.9628716,0.9423401,0.96154463,0.9561104,0.96553946,0.9526817,0.95494694,0.9429203,0.96049047,0.95620644,0.95328087,0.93223995,0.95757145,0.93458635,0.95710605,0.95687425,0.9488546,0.9452262,0.9538301,0.9540984,0.957388,0.9477196,0.96026313,0.94692415,0.97632384,0.9540631,0.9485693,0.95753115,0.95842904,0.9480893,0.94610953,0.95806116,0.96143514,0.95459116,0.9544069,0.93459433,0.9530309,0.94269717,0.9453173,0.95384264,0.9531969,0.95460665,0.9527305,0.96182406,0.97632384,0.9425552,0.95157987,0.9589664,0.9454609
annamovie,0.96255,0.93408763,0.9569358,0.96028155,0.9562547,0.95743304,0.9600504,0.9551051,0.97919154,0.95215863,0.95887375,0.94677395,0.9561547,0.99999994,0.959269,0.9578725,0.9504134,0.9475322,0.9576943,0.94769657,0.9503673,0.9514426,0.9579487,0.9539296,0.9503998,0.90236163,0.95113754,0.94600874,0.95736504,0.9488602,0.9501759,0.94518083,0.9466774,0.9382464,0.9505404,0.9407478,0.9570956,0.9525811,0.958655,0.95912915,0.9567821,0.9601317,0.9349866,0.96716005,0.956057,0.9612002,0.96051764,0.9618583,0.945168,0.9612188,0.95588124,0.9648667,0.9471986,0.95034605,0.96269715,0.94684756,0.9592321,0.9503319,0.9676807,0.9565774,0.94960177,0.9611601,0.9571299,0.96478856,0.9553462,0.95122313,0.9570248,0.9555642,0.953308,0.9475451,0.95718354,0.83541316,0.9442679,0.956427,0.9559571,0.9391465,0.92084396,0.9394751,0.95480454,0.9561794,0.9587263,0.95301676,0.96090734,0.9527521,0.96421915,0.9527264,0.95795333,0.95958734,0.95213836,0.96235716,0.9615092,0.95718354,0.95899534,0.9540103,0.953784,0.95764035,0.96138656,0.955855,0.95028746,0.96433717,0.9570001,0.9528065,0.956957,0.95264345,0.9629716,0.95506525,0.9527868,0.95511013,0.95067734,0.9495707,0.9674315,0.92144877,0.9513405,0.9441516,0.9478211,0.9603583,0.95848995,0.94825536,0.96255183,0.96141773,0.95204943,0.94907254,0.9621902,0.9423414,0.9559822,0.96414834,0.9606341,0.94267386,0.9576826,0.917757,0.96160996,0.9536576,0.9505516,0.94207484,0.948243,0.9523378,0.95939064,0.95900536,0.9564739,0.9528283,0.97919154,0.9540664,0.9611357,0.9449386,0.9498185,0.956934,0.95520926,0.9539042,0.94764775,0.95488137,0.9543448,0.9464939,0.95921415,0.94288236,0.94964623,0.94612825,0.949336,0.95718926,0.9443599,0.9544784,0.97919154,0.94912547,0.9576399,0.95412403,0.95372486
apollo11movie,0.9611824,0.9391934,0.96017,0.95558834,0.9555165,0.948424,0.9597003,0.95559907,0.9806869,0.94801944,0.9564258,0.9498415,0.95680827,0.959269,0.9999996,0.9582679,0.9513957,0.952251,0.95528996,0.9701976,0.95117116,0.9584917,0.954562,0.9588561,0.9575879,0.9073796,0.9532909,0.95383894,0.95766264,0.9551519,0.9532662,0.9572465,0.95088494,0.9415043,0.939944,0.92664206,0.9634513,0.95835376,0.9647388,0.95890087,0.9594681,0.96757054,0.94344485,0.9662284,0.960762,0.9587317,0.9553241,0.9611851,0.9473067,0.9664873,0.9587017,0.9630465,0.9521523,0.95341784,0.95444137,0.94778055,0.95607704,0.95172375,0.9592844,0.96603245,0.9536618,0.95821095,0.95112205,0.9544768,0.9559984,0.9590261,0.95758766,0.95524573,0.9556606,0.9510378,0.9668741,0.8218013,0.9388006,0.9594086,0.9400423,0.940602,0.8964332,0.94724345,0.9485377,0.9640033,0.95439136,0.9545031,0.96204114,0.94526565,0.95874166,0.94999576,0.9455339,0.96134365,0.9587869,0.9618782,0.9587743,0.9668741,0.96145713,0.9626352,0.96359956,0.9750754,0.95396215,0.95831823,0.9571552,0.9540918,0.9552331,0.9541149,0.9562866,0.96245927,0.9493279,0.95569164,0.95705885,0.9561671,0.93884426,0.9523627,0.9627494,0.9137097,0.9642883,0.92579275,0.94957715,0.95857584,0.9608424,0.9446786,0.9603446,0.9529822,0.9570378,0.95429945,0.9612683,0.9428174,0.9643255,0.9626106,0.95641637,0.9441216,0.95540434,0.9379902,0.95935774,0.95216995,0.9566511,0.9465739,0.96341175,0.9564482,0.95303106,0.954903,0.9606912,0.9538432,0.9806869,0.95987535,0.9520346,0.95496875,0.9583234,0.96071506,0.9585381,0.94147277,0.9468491,0.95298976,0.9659642,0.95552665,0.9625349,0.944392,0.9532473,0.9578105,0.9537401,0.9604759,0.954312,0.9621103,0.9806869,0.94670045,0.9603659,0.9543775,0.9528182
arcticdogsmovie,0.957142,0.94020194,0.9571603,0.9610738,0.95069724,0.9441355,0.95123696,0.9470783,0.97343636,0.94333196,0.9500446,0.94715786,0.9538168,0.9578725,0.9582679,1.0000001,0.94828844,0.94443977,0.95308083,0.9377202,0.9478387,0.9473671,0.9512977,0.95012367,0.9459364,0.90235573,0.9502366,0.9406975,0.95495635,0.9536466,0.94351494,0.94067407,0.93640727,0.93228775,0.9455974,0.9306877,0.94997793,0.9574438,0.95461524,0.94931364,0.9473539,0.9597214,0.94489014,0.956147,0.9563639,0.9532462,0.94793814,0.95970243,0.93041384,0.9576832,0.9531589,0.9553132,0.94921803,0.94231147,0.9550015,0.94485736,0.9465088,0.9452066,0.9556175,0.9526019,0.94767576,0.9579189,0.9434089,0.9524609,0.950191,0.9571769,0.9489838,0.9446584,0.94584817,0.9366174,0.95684683,0.82641226,0.9408339,0.9489066,0.947067,0.9402432,0.9104968,0.93830067,0.94709647,0.9474172,0.9491807,0.9491255,0.9541303,0.94289845,0.95367754,0.94359136,0.94463843,0.95400625,0.9581196,0.9525713,0.9631294,0.95684683,0.9533268,0.9525798,0.9481405,0.95862037,0.9449096,0.9449744,0.948078,0.95400065,0.93968093,0.9469968,0.95000273,0.9548961,0.94146097,0.9472429,0.95755357,0.95816123,0.95890564,0.94529957,0.95818657,0.9102598,0.949642,0.9309496,0.94569874,0.95302135,0.9549896,0.93426037,0.9593372,0.95022255,0.9580492,0.9508419,0.9649979,0.94233894,0.95809734,0.9603306,0.9499934,0.94001985,0.9567395,0.9286208,0.95514333,0.954145,0.9456887,0.9429794,0.94621927,0.95660377,0.95162827,0.9444882,0.95184344,0.9411208,0.97343636,0.9446317,0.9406275,0.9466915,0.945495,0.9488597,0.95277816,0.9426712,0.94297737,0.9518147,0.95522964,0.9491285,0.94731146,0.93503356,0.9389971,0.9498804,0.9495722,0.9560358,0.9411,0.957307,0.97343636,0.9465409,0.9528089,0.94650626,0.94396937
arcticmovie,0.948414,0.9194697,0.9493324,0.9478558,0.95252275,0.9477337,0.9435147,0.9527697,0.96869653,0.9473373,0.94144607,0.92756134,0.949309,0.9504134,0.9513957,0.94828844,0.9999996,0.9431097,0.9462608,0.9397115,0.9318692,0.9416839,0.9477615,0.943883,0.9399895,0.8991524,0.9458763,0.9611461,0.9463965,0.94819605,0.94381046,0.9374389,0.9319015,0.9381899,0.9388952,0.9220496,0.95003873,0.95039123,0.94189996,0.9465561,0.9300939,0.95099425,0.9333042,0.9495577,0.94512653,0.9511446,0.949432,0.9501733,0.93923444,0.9488953,0.9452086,0.9548071,0.94842625,0.9582478,0.94318396,0.9423246,0.93947005,0.94457006,0.9521293,0.9575006,0.9384897,0.9442937,0.94415474,0.94788015,0.9411284,0.9426425,0.9451471,0.94952345,0.9366732,0.9254181,0.9538468,0.7910696,0.92729336,0.94640714,0.93673337,0.92713356,0.8966694,0.92560005,0.9352729,0.9536572,0.9489928,0.94509697,0.94762623,0.9391028,0.95944357,0.9326604,0.9412478,0.9535537,0.94212335,0.94947726,0.947359,0.9538468,0.94736564,0.9511026,0.95219463,0.9469348,0.9389768,0.9426127,0.94325167,0.93642753,0.94156086,0.9400015,0.94355136,0.9518738,0.9450755,0.9470957,0.9516506,0.95129603,0.92681175,0.9367039,0.95748025,0.9078069,0.94473755,0.9228509,0.931213,0.9411796,0.9493261,0.93933994,0.9511707,0.94453645,0.9448688,0.9430862,0.94216627,0.94462407,0.9515362,0.9577821,0.94545573,0.9239173,0.94663084,0.923862,0.9466619,0.951937,0.97060573,0.9462958,0.9486296,0.9542242,0.9438171,0.9502823,0.95421153,0.9389062,0.96869653,0.9399525,0.9419528,0.9351768,0.95488423,0.94347155,0.9380564,0.93601614,0.9457817,0.9382573,0.9395582,0.9428927,0.94869447,0.9296676,0.9337132,0.95203644,0.94563055,0.94655055,0.9427318,0.9488013,0.96869653,0.9351498,0.9417511,0.9509879,0.943609
artofracingmovie,0.94251853,0.9188046,0.9503602,0.95334697,0.9653219,0.9420596,0.94570017,0.95535344,0.9686137,0.95214635,0.9429075,0.9351823,0.94601697,0.9475322,0.952251,0.94443977,0.9431097,1.0,0.94264764,0.9353488,0.9455908,0.9438111,0.94667655,0.9509616,0.9336504,0.8952693,0.95534563,0.9403419,0.948565,0.94224507,0.9444431,0.94364524,0.9239668,0.9316209,0.9386077,0.92215973,0.9459371,0.9454751,0.94661057,0.94009805,0.9358418,0.948556,0.93710715,0.9503062,0.94386643,0.9421181,0.94840604,0.95034295,0.9358979,0.95070076,0.945629,0.9496665,0.9382867,0.9425019,0.9457368,0.95908177,0.95170575,0.94158286,0.9517301,0.94732934,0.93408924,0.93850064,0.94800395,0.9435459,0.9381658,0.9372838,0.93963355,0.94541276,0.9362914,0.9295909,0.95165265,0.80535513,0.9398939,0.9483394,0.94086033,0.9284165,0.89160424,0.9296107,0.9323978,0.93932444,0.94149375,0.9427542,0.9492989,0.93092966,0.94794834,0.93968076,0.9410637,0.95352316,0.93869203,0.94730675,0.949065,0.95165265,0.94190556,0.94667774,0.9446971,0.9492786,0.943813,0.94403386,0.9365399,0.94452703,0.939074,0.92786753,0.9449254,0.9475807,0.9368768,0.9463436,0.94885826,0.94496137,0.92662734,0.9364626,0.95406586,0.89407027,0.94145525,0.92900556,0.9451711,0.9482541,0.9442141,0.9287895,0.95993394,0.9449864,0.94136035,0.9461859,0.9495075,0.9398275,0.94404286,0.9517152,0.9539626,0.92481154,0.950333,0.9194378,0.9487567,0.96177155,0.949543,0.9323519,0.9465928,0.94862294,0.9447401,0.9370128,0.9501511,0.9563033,0.9686137,0.9505841,0.93893445,0.9329607,0.9430164,0.941668,0.9456776,0.9376992,0.93957275,0.9326243,0.9444257,0.9396839,0.94915694,0.9283755,0.94382924,0.9437707,0.9422241,0.94446194,0.94857466,0.9535957,0.9686137,0.9407022,0.943842,0.94810236,0.9371854
avengers,0.9758532,0.94071984,0.9593058,0.95275843,0.95833296,0.9474795,0.95223516,0.9558277,0.9722125,0.9541077,0.9516217,0.94588554,0.95395213,0.9576943,0.95528996,0.95308083,0.9462608,0.94264764,1.0000001,0.93705726,0.94987,0.9546476,0.95712936,0.949141,0.94757944,0.90366566,0.9476298,0.9473335,0.9599177,0.94438195,0.9704207,0.9484291,0.93546844,0.9407083,0.9415195,0.918355,0.9492748,0.94936097,0.9503267,0.95028424,0.9450341,0.95832074,0.9435232,0.9573348,0.9600916,0.94911736,0.9552089,0.9590803,0.9404729,0.9533188,0.95157,0.9585692,0.9512481,0.94393605,0.95070285,0.9511992,0.9497905,0.9539119,0.9582275,0.96214443,0.94652057,0.95500946,0.94008774,0.9516945,0.9474949,0.9491115,0.9469308,0.9509128,0.95707774,0.93740976,0.9646268,0.8218077,0.934079,0.9535142,0.94290847,0.93463224,0.92232317,0.9405779,0.94642067,0.94789404,0.9550984,0.9426107,0.9526613,0.9469445,0.9472477,0.94877905,0.9489294,0.9558684,0.953752,0.9539492,0.9528767,0.9646268,0.9572066,0.95254296,0.94853663,0.9530978,0.9506328,0.94937795,0.9404473,0.95289785,0.94222873,0.94311875,0.9436371,0.95787764,0.94525313,0.95080763,0.9526077,0.9473093,0.9357582,0.9478387,0.9564644,0.91204643,0.95106816,0.9263494,0.9482074,0.9566575,0.96242934,0.9441353,0.9612277,0.94843376,0.9504472,0.95625037,0.9563001,0.94261825,0.9564649,0.95924354,0.9558721,0.9489742,0.9529597,0.9406537,0.9590194,0.949741,0.9515321,0.9428111,0.95239455,0.94845295,0.95850843,0.9502195,0.96235883,0.9395473,0.9722125,0.9508704,0.9445788,0.947621,0.95222163,0.94671,0.94684684,0.94271785,0.94550556,0.95258033,0.9471338,0.94632804,0.9494092,0.9503135,0.9497192,0.95408654,0.952848,0.9563325,0.9463771,0.9587144,0.9722125,0.9380725,0.9488264,0.95970845,0.9411042
beachbummovie,0.94184554,0.91870767,0.9499476,0.94001544,0.9398844,0.9407169,0.9507541,0.93813777,0.96852076,0.9398826,0.94059366,0.9302325,0.942898,0.94769657,0.9701976,0.9377202,0.9397115,0.9353488,0.93705726,1.0000004,0.9389957,0.9473857,0.94596153,0.95486236,0.93702614,0.89625835,0.94003224,0.9430332,0.9374438,0.94594723,0.93587023,0.9400865,0.93867505,0.9321735,0.9311477,0.9113987,0.9557167,0.9468914,0.95161974,0.9418108,0.94593275,0.9493964,0.9330373,0.9501203,0.9486725,0.95779246,0.9513488,0.94750583,0.93296087,0.94711256,0.9405782,0.9483461,0.9406549,0.9488587,0.9368491,0.9354574,0.9416037,0.9431351,0.94416535,0.9502565,0.9418601,0.94365394,0.9471301,0.9488915,0.9396963,0.9399726,0.94675344,0.94315434,0.93936425,0.9422346,0.9508287,0.7993585,0.92850536,0.9502474,0.92950803,0.93012846,0.87462,0.9361887,0.941055,0.95439243,0.94246024,0.9478559,0.9526847,0.93768877,0.9473626,0.93477494,0.9295745,0.94684,0.9444246,0.9505513,0.9476481,0.9508287,0.94782084,0.9462862,0.95482445,0.95620257,0.9385803,0.96531403,0.9498458,0.94425213,0.94992894,0.94435346,0.94273823,0.9472993,0.9347053,0.9410272,0.94801307,0.94909143,0.92707,0.9346264,0.95007116,0.9027561,0.9536705,0.91731924,0.93983966,0.94277525,0.94756776,0.9361431,0.9480592,0.94571066,0.9461423,0.94088995,0.9421051,0.9353506,0.95425546,0.9491613,0.9437918,0.9192186,0.9405961,0.928392,0.946087,0.9422756,0.9478558,0.93177766,0.94679105,0.9477869,0.945602,0.9407341,0.9466229,0.95274574,0.96852076,0.9461251,0.9477201,0.94455564,0.94904745,0.94345355,0.94013786,0.9246661,0.94278836,0.942153,0.9548324,0.9426585,0.95418614,0.92040503,0.9348649,0.940826,0.943051,0.9515298,0.9394891,0.94803554,0.96852076,0.93729436,0.95435655,0.94398874,0.94143325
bernadettefilm,0.9497157,0.935882,0.9525171,0.95185083,0.947954,0.9395472,0.9631698,0.954302,0.9730577,0.9412189,0.9477016,0.9445792,0.9515396,0.9503673,0.95117116,0.9478387,0.9318692,0.9455908,0.94987,0.9389957,1.0000001,0.9539976,0.9525634,0.9580871,0.931354,0.8981752,0.94698524,0.9437378,0.94337463,0.9486045,0.94610035,0.95150936,0.9381613,0.931268,0.9422558,0.9329319,0.9471966,0.951561,0.9550915,0.9448837,0.95832014,0.9477033,0.93288124,0.94388616,0.95195913,0.9510769,0.95251024,0.95239115,0.93388814,0.9415578,0.95078135,0.96075577,0.9444496,0.94199187,0.9538184,0.9444137,0.94894165,0.9421559,0.95244116,0.9534922,0.94930845,0.9388817,0.9419542,0.9523353,0.94989264,0.9443713,0.94810486,0.9538499,0.9397065,0.93544805,0.95774007,0.8306238,0.9408563,0.95189464,0.942066,0.9416204,0.91332114,0.95099205,0.9371582,0.9441662,0.9406322,0.9438641,0.9555136,0.9439488,0.9509918,0.94136447,0.93583703,0.95102,0.95113873,0.9529112,0.9548011,0.95774007,0.9440208,0.94908595,0.94896245,0.9551849,0.94533837,0.9470445,0.94685966,0.95142275,0.94820493,0.9418767,0.9500346,0.95048547,0.9428132,0.9531706,0.9554251,0.9588848,0.9364664,0.9478469,0.95514876,0.8933042,0.9468394,0.92654645,0.95936555,0.95799524,0.95796245,0.9463438,0.95222896,0.9606217,0.9479708,0.94908607,0.9533103,0.9349104,0.9579919,0.954797,0.94601196,0.9393943,0.9514437,0.9239949,0.96924704,0.949676,0.9450629,0.93388546,0.9422608,0.9548549,0.95063555,0.9444851,0.95563656,0.94349045,0.9730577,0.9547956,0.9488515,0.9519427,0.94307953,0.94981927,0.9494815,0.942591,0.9484761,0.93812513,0.95595425,0.9357056,0.95467824,0.9342846,0.9537508,0.9498133,0.9403483,0.94827324,0.94533694,0.9484423,0.9730577,0.9429854,0.9522207,0.9518208,0.9453702
