movie,21bridgesmovie,47metersdown,abeautifuldaymovie,abominablemovie,adastramovie,adogsjourneymovie,aftermathmovie,aftermovie,ahiddenlifefilm,alitamovie,angelhasfallen,angrybirdsmovie,annabellemovie,annamovie,apollo11movie,arcticdogsmovie,arcticmovie,artofracingmovie,avengers,beachbummovie,bernadettefilm,blackandbluemovie,blackchristmas,blindedbythelightmovie,bombshellmovie,booksmart,breakthroughmovie,brianbanksmovie,brightburnmovie,brittanyrunsmov,captainmarvelofficial,captivestatemovie,catsmovie,charliesangels,childsplaymovie,clarathefilm,coldpursuitmovie,countdown,currentwarmovie,darkwatersmovie,detectivepikachumovie,disneyaladdin,disneyfrozen,disneymaleficent,doctorsleepmovie,dolemiteismyname,dontletgomovie,doramovie,downtonabbey_official,dumbo,escaperoom,everybodyknowsmovie,fastandfuriousmovie,fightingwmyfam,fivefeetapartfilm,fordvferrari,freaksthefilm,geminimanmovie,glassmovie,gloriabellmovie,godzillamovie,goldfinchmovie,goodboysmovie,goodliarmovie,gretafilm,halathemovie,happydeathdaymovie,harrietfilm,hellboymovie,hersmellmovie,highlifemovie,highstrungmovie,honeyboymovie,hotelmumbaifilm,httydragon,hustlemovie,hustlersmovie,isntitromantic,itmovieofficial,jayandsilentbob,johnwickmovie,jojorabbitmovie,jokermovie,judythefilm,jumanjimovie,justmercyfilm,knivesout,lalloronamovie,lastblackmansf,lastchristmasthemovie,latenightmovie,lighthousemovie,lionking,littlethemovie,littlewomenmovie,littlewoodsfilm,longshotmovie,lordsofchaosmovie,lucyintheskyfilm,mamovie2019,marriagestory,meettheaddams,meninblack,midsommarmovie,midwaymovie,missbalamovie,missinglinkfilm,motherlessbklyn,onceinhollywood,onthebasisofsex,overcomermovie,peanutbutterfalcon,petsematarymovie,piercingmovie,playingwithfire,playmobilthemovie,pomsmovie,queenandslim,rambomovie,readyornotfilm,richardjewellfilm,rocketmanmovie,scarystoriesmovie,secretlifeofpets,serenityfilm,shaftmovie,shazammovie,spidermanmovie,spiesindisguise,starwars,stormboymovie,stubermovie,taosdfilm,teenspiritmov,terminator,theaeronautsmov,thebestofenemies,thedeaddontdie,thefarewell,thehighwaymen,thehummingbirdprojectfilm,theintrudermovie,theirishmanfilm,thekitchenmovie,thelegomovie,themustangfilm,thenightingalefilm,theprodigymovie,thesunisalsoastar,theupsidefilm,tolkienmovie,toystory,triplefrontier,uglydolls,uncutgems,underthesilverlake,usmovie,wavesmovie,whatmenwant,wonderparkmovie,wrinklestheclown,xmenmovies,yardiefilm,yesterdaymovie,zombieland
21bridgesmovie,1.0000006,0.96349657,0.96998703,0.96861255,0.96043754,0.9599068,0.9632868,0.9710237,0.98273385,0.95973957,0.9659529,0.9610166,0.9624852,0.9666223,0.9665917,0.96221745,0.96308184,0.96341497,0.97301424,0.95842654,0.9727974,0.96727705,0.96541953,0.9662793,0.95970523,0.89805126,0.959877,0.9562606,0.9674625,0.9525883,0.9565187,0.96090657,0.94884866,0.9584336,0.9565305,0.94396484,0.9681696,0.97476536,0.9672412,0.96034503,0.95973974,0.96352893,0.95075566,0.9637745,0.9637373,0.9613265,0.9656355,0.95705837,0.95468414,0.96384245,0.96974695,0.96992576,0.95936596,0.9538596,0.9592664,0.9516447,0.96088624,0.96284693,0.9617646,0.9625381,0.9578563,0.9580524,0.9632347,0.97052675,0.954592,0.95988446,0.9599839,0.95760924,0.96189904,0.95668083,0.9697082,0.81334597,0.94092935,0.9622014,0.95936877,0.95422906,0.9200624,0.96240497,0.96278286,0.95907396,0.9619363,0.95436954,0.96207166,0.9480267,0.9643384,0.9600255,0.962048,0.9633644,0.95235664,0.9714879,0.9572981,0.9697082,0.94879925,0.9585895,0.9637412,0.9645028,0.9640389,0.95832187,0.9543884,0.9594059,0.9640708,0.9624892,0.9667134,0.9611048,0.96243584,0.96464175,0.9728181,0.9689988,0.9583008,0.95795995,0.96288687,0.88975173,0.96455723,0.9315911,0.95429033,0.97052,0.99013686,0.9571117,0.9653162,0.9693248,0.9556378,0.9624133,0.9679043,0.95555925,0.96570665,0.955872,0.9654046,0.96587837,0.9599515,0.9489112,0.970345,0.9464748,0.96172243,0.95470333,0.96520823,0.95445496,0.97962064,0.9547168,0.96629435,0.9655886,0.98273385,0.9672316,0.96338433,0.9665024,0.9546006,0.96309125,0.9602639,0.96011776,0.9630352,0.9693729,0.96646684,0.9671648,0.9645916,0.95776397,0.96007454,0.96602184,0.95584416,0.9654154,0.96345514,0.96200824,0.98273385,0.96970904,0.95971036,0.9710788,0.9688027
47metersdown,0.96349657,1.0000004,0.96138513,0.9615486,0.96358186,0.96421415,0.9603633,0.9617584,0.9787265,0.9602749,0.9558357,0.949326,0.95165235,0.9606666,0.9649577,0.97230303,0.95851755,0.96730644,0.9631863,0.95844454,0.9681351,0.9612016,0.9616208,0.96128714,0.95252967,0.89481723,0.9600345,0.94951475,0.9561833,0.9496135,0.95713085,0.96391624,0.953301,0.9454064,0.9513046,0.9431397,0.9653938,0.95316464,0.95780885,0.95761245,0.95779663,0.96265775,0.9375593,0.9579333,0.95829153,0.9600088,0.9571385,0.95648694,0.9530449,0.96136403,0.96077025,0.9692261,0.95594275,0.9519139,0.95254457,0.9530234,0.96849877,0.960342,0.9648894,0.96143824,0.95147496,0.9548631,0.9583062,0.9670725,0.9594629,0.9630103,0.9575183,0.95373136,0.9529567,0.9535376,0.9662932,0.80520725,0.95063245,0.958589,0.95642054,0.9574382,0.9120476,0.9566784,0.9569574,0.9612405,0.946358,0.9610086,0.95896125,0.953593,0.95549387,0.95379907,0.95974797,0.95794386,0.9575608,0.9628825,0.9582229,0.9662932,0.94491696,0.9618793,0.962644,0.95515996,0.9511669,0.95810634,0.95291686,0.9522012,0.96550226,0.9617541,0.9581478,0.9612896,0.95540214,0.9597588,0.9599149,0.95993644,0.95239925,0.94975644,0.95180213,0.8818208,0.95656127,0.93264097,0.9559208,0.949337,0.96595895,0.95068234,0.9617817,0.96158135,0.95759857,0.9636647,0.96741265,0.95127964,0.9558952,0.9562766,0.9554924,0.9579745,0.96419865,0.9447588,0.9671999,0.95422643,0.96043515,0.94380224,0.967254,0.9524012,0.95425177,0.9601913,0.96076834,0.9647793,0.9787265,0.96457756,0.9601585,0.9586106,0.94817305,0.9611532,0.95744485,0.9481145,0.9580591,0.9544523,0.96069497,0.9518358,0.95930123,0.9532143,0.9504903,0.9663368,0.9578915,0.9617719,0.9586377,0.9579767,0.9787265,0.9576387,0.95982987,0.96402526,0.9558281
abeautifuldaymovie,0.96998703,0.96138513,1.0000002,0.9676682,0.9712478,0.9553462,0.96659493,0.971538,0.98470426,0.96655387,0.96099645,0.96414936,0.96873343,0.96800953,0.9666515,0.9666463,0.9708471,0.96178025,0.97009695,0.9607193,0.971399,0.97264814,0.9657673,0.96874183,0.9595454,0.89400685,0.96145064,0.9612555,0.97686946,0.960014,0.9654406,0.9701616,0.9540822,0.96962607,0.9506125,0.9386301,0.9679376,0.96100676,0.9636841,0.96385,0.9682915,0.97042733,0.9496963,0.96821654,0.9691508,0.964426,0.96440035,0.9606677,0.96062654,0.97109365,0.97776353,0.9743934,0.966806,0.95801294,0.96610194,0.95414054,0.9661502,0.9639473,0.9609407,0.96775347,0.96227276,0.9594048,0.9622988,0.97173184,0.9617117,0.95900685,0.958373,0.9641825,0.96068317,0.94584394,0.97065735,0.80200267,0.94886965,0.96189123,0.95719707,0.9638263,0.90702844,0.9710476,0.9593671,0.9597319,0.95199436,0.9615302,0.9630167,0.9591783,0.97661,0.9659243,0.95963305,0.9750332,0.95654154,0.9662294,0.9666711,0.97065735,0.949522,0.9673007,0.97774476,0.95790565,0.9609099,0.965355,0.9582933,0.9520791,0.9663808,0.9622243,0.9634746,0.96830446,0.9616382,0.97490114,0.96730095,0.96394247,0.9686914,0.96137035,0.9675266,0.8999086,0.9641156,0.9354762,0.9664812,0.9625571,0.97155994,0.95367765,0.96828645,0.96729743,0.9641982,0.9679332,0.9731441,0.9480717,0.9658051,0.9581515,0.9641516,0.9647392,0.96020657,0.9456275,0.9702273,0.95539427,0.96750575,0.9584556,0.9683477,0.9630898,0.96118885,0.9627804,0.96917224,0.96198314,0.98470426,0.971873,0.96803546,0.958175,0.9602654,0.966748,0.96457034,0.9522442,0.9611283,0.9672796,0.96391076,0.9748352,0.9634047,0.947943,0.96385854,0.9679449,0.9580272,0.961415,0.96632445,0.96441215,0.98470426,0.960173,0.96460307,0.96751904,0.97024405
abominablemovie,0.96861255,0.9615486,0.9676682,0.99999994,0.9630715,0.9640859,0.9620357,0.96356696,0.98114425,0.9639097,0.95601493,0.9547623,0.97253656,0.95868516,0.96809477,0.95755357,0.9682211,0.9624621,0.9626592,0.9601459,0.9682004,0.9638336,0.9647841,0.96757483,0.95628196,0.89149225,0.9532213,0.9575772,0.9612823,0.953046,0.95297015,0.96383834,0.95230836,0.9595299,0.9476548,0.93466485,0.96560866,0.96703,0.95837355,0.95652634,0.95896643,0.96457267,0.9506724,0.962682,0.95983016,0.9643986,0.96609294,0.9581211,0.9603865,0.9647938,0.96317947,0.9694962,0.9593455,0.94906574,0.96688044,0.9525841,0.95510906,0.9570467,0.9659386,0.9578571,0.9615729,0.9641897,0.962282,0.96832716,0.9577296,0.96020734,0.9491939,0.9539676,0.95704323,0.947801,0.96351874,0.80984646,0.9475892,0.9661843,0.9664763,0.9568531,0.909768,0.96120745,0.958022,0.9610573,0.9481031,0.9620318,0.9615916,0.9478991,0.967914,0.95741063,0.96335804,0.96242523,0.9516863,0.96506816,0.95901746,0.96351874,0.9463514,0.96102184,0.9589873,0.9629642,0.95949626,0.9631223,0.9556048,0.9543602,0.9627812,0.96166444,0.96168137,0.95677674,0.95474553,0.96016026,0.96337205,0.95904696,0.95173544,0.9571529,0.960073,0.89263976,0.95728266,0.925568,0.953586,0.96038294,0.9714126,0.9565749,0.96110684,0.9636206,0.96003145,0.95556,0.96947557,0.95569646,0.9587508,0.95976293,0.96545637,0.9546017,0.9606042,0.94992703,0.96464074,0.9573151,0.9609736,0.9554767,0.96479183,0.9552513,0.9600177,0.9547488,0.95913064,0.95933634,0.98114425,0.96095186,0.9636711,0.95608085,0.9536012,0.962844,0.96135896,0.95604527,0.95718294,0.9626009,0.9600132,0.960524,0.96647435,0.9395455,0.96208674,0.960834,0.9573439,0.9682499,0.9574174,0.96108466,0.98114425,0.9578441,0.9636524,0.9680772,0.9570396
adastramovie,0.96043754,0.96358186,0.9712478,0.9630715,1.0,0.9558509,0.96307445,0.9619025,0.97965986,0.9658463,0.95773476,0.95296,0.96096224,0.9656399,0.96654624,0.9610808,0.96825284,0.9733983,0.9574393,0.9538806,0.9639292,0.96758544,0.95959365,0.96402305,0.9550395,0.90205073,0.96498936,0.9545435,0.96800953,0.9488471,0.95338887,0.96791273,0.9525216,0.9626806,0.9427233,0.93430567,0.965241,0.9616574,0.9652648,0.96013856,0.9606356,0.966941,0.95078015,0.9634624,0.9633926,0.96374434,0.95772773,0.959557,0.95781666,0.9630124,0.96473,0.97141606,0.9607201,0.95351946,0.95811254,0.96827585,0.96048194,0.96094394,0.9615801,0.9642776,0.96359175,0.9637433,0.9569776,0.966313,0.9612973,0.9601177,0.9521817,0.96097314,0.95513374,0.9468838,0.9649162,0.8130182,0.9491585,0.9566542,0.95056593,0.95629394,0.91944075,0.9687418,0.9580495,0.96164125,0.9482405,0.96489733,0.9585789,0.9503255,0.96383333,0.9522709,0.9550458,0.9616808,0.9518237,0.9628317,0.96554047,0.9649162,0.9518405,0.96523345,0.96578103,0.95704544,0.95818406,0.9601267,0.9574082,0.9516262,0.9630736,0.959693,0.9601598,0.9600894,0.9557095,0.9655276,0.9604785,0.9607578,0.9525575,0.956632,0.9646784,0.885016,0.9592009,0.93475616,0.9625752,0.96059924,0.9664699,0.9525358,0.9614233,0.9625032,0.9577182,0.96428376,0.9616718,0.95043105,0.9579333,0.9559589,0.95479774,0.9606458,0.9736447,0.9456455,0.9630328,0.9663488,0.96499753,0.9527528,0.9615859,0.95190996,0.95224965,0.9611716,0.9571379,0.9595085,0.97965986,0.96302915,0.9640717,0.9608652,0.9521467,0.9602443,0.95765793,0.9452082,0.9540294,0.9590047,0.96258783,0.9587856,0.96129394,0.946974,0.96352917,0.96476656,0.94980544,0.9613909,0.9587768,0.96309835,0.97965986,0.9667213,0.96198606,0.9637578,0.9610991
adogsjourneymovie,0.9599068,0.96421415,0.9553462,0.9640859,0.9558509,0.9999995,0.9559936,0.9533344,0.97857565,0.95691806,0.96033734,0.9510561,0.9548672,0.9563057,0.9643529,0.9612578,0.95605946,0.9586549,0.94847816,0.9578952,0.9596142,0.9574761,0.9713998,0.96134275,0.95894706,0.9041947,0.9523359,0.9470637,0.95271903,0.9413063,0.9431199,0.9531915,0.95368385,0.9404304,0.944342,0.9416482,0.96857893,0.9549624,0.9506281,0.9576136,0.95711577,0.9636307,0.951946,0.9658085,0.95947766,0.96511716,0.9672092,0.9478073,0.95600325,0.9669541,0.9582868,0.9655164,0.96053535,0.95004886,0.95437366,0.94426244,0.9612569,0.9614054,0.95414764,0.96132153,0.9548461,0.9550716,0.9601993,0.96142566,0.9499373,0.9569844,0.9439554,0.9487539,0.9564661,0.9522718,0.9677624,0.81755674,0.94537395,0.9552336,0.95954806,0.95464915,0.91859573,0.962244,0.9521328,0.9640571,0.9559097,0.95503587,0.9679671,0.9490536,0.949507,0.95215255,0.96001554,0.9570472,0.95116365,0.9631078,0.9512616,0.9677624,0.9532785,0.9594231,0.95876676,0.95612365,0.95701396,0.9551822,0.9506652,0.9617911,0.9691196,0.9619224,0.96509534,0.96593994,0.94582254,0.9526696,0.963829,0.96341413,0.9502624,0.9534539,0.9540211,0.8848609,0.95500576,0.9232844,0.9494245,0.94936633,0.96262336,0.95330316,0.9630383,0.9563628,0.95220745,0.96258706,0.96821946,0.97252727,0.9575805,0.9539477,0.9655095,0.9522841,0.95966107,0.9451403,0.9633297,0.952586,0.95586014,0.95222676,0.96568197,0.94579667,0.9522513,0.9536185,0.9600455,0.962401,0.97857565,0.9570433,0.96295613,0.9594317,0.946406,0.95760286,0.9550957,0.9484062,0.95131457,0.9534347,0.953252,0.9518267,0.95953995,0.9492893,0.956685,0.96200186,0.96291155,0.96043277,0.9473419,0.95634085,0.97857565,0.9539161,0.95951194,0.969512,0.9564869
aftermathmovie,0.9632868,0.9603633,0.96659493,0.9620357,0.96307445,0.9559936,0.99999964,0.96609443,0.97945774,0.95307606,0.9630654,0.9534897,0.9590034,0.9589508,0.95879334,0.95985013,0.9619191,0.9598532,0.960522,0.9546403,0.96761763,0.96625894,0.96632266,0.968837,0.95294535,0.89889795,0.95257854,0.9467922,0.96385247,0.95730937,0.9485994,0.956263,0.95512503,0.9573633,0.943328,0.9304703,0.96708393,0.9561784,0.954017,0.9574625,0.95686567,0.9648719,0.9554086,0.9688977,0.96122855,0.9567071,0.9653006,0.9559063,0.9476644,0.9697026,0.9579134,0.9626298,0.95945954,0.9486797,0.9543025,0.948034,0.95782274,0.9595154,0.9524667,0.96297956,0.95342636,0.96112037,0.96144575,0.9623508,0.9611741,0.9533208,0.9422906,0.94702417,0.96051747,0.9517476,0.97136974,0.8010489,0.94496936,0.9530916,0.95712394,0.95317125,0.9060444,0.96584886,0.9624796,0.96284544,0.9531403,0.97017866,0.9618584,0.9477289,0.9621126,0.9451045,0.9563698,0.96171653,0.9449936,0.9624151,0.960165,0.97136974,0.9429132,0.95924217,0.9617568,0.95876896,0.9575076,0.96646875,0.975453,0.94850034,0.95902205,0.95811397,0.96368563,0.9599649,0.9431832,0.95417506,0.95898175,0.9515823,0.9529471,0.943558,0.957514,0.8960989,0.96151394,0.9241281,0.95311654,0.9581103,0.9679939,0.95438176,0.9593647,0.98749167,0.9550889,0.96433914,0.96434456,0.948143,0.95842665,0.9532997,0.9618462,0.9529655,0.95781106,0.9428899,0.96272606,0.9519931,0.9602297,0.9509425,0.9661268,0.9553894,0.95089805,0.95615125,0.9668575,0.96204126,0.97945774,0.96185434,0.9548335,0.9518305,0.94932634,0.95166147,0.95430994,0.94229823,0.94724566,0.9615923,0.9846044,0.96137524,0.96446365,0.93965834,0.95923984,0.9635502,0.9575704,0.96609104,0.9544209,0.96043766,0.97945774,0.9581057,0.96166176,0.97014946,0.956762
aftermovie,0.9710237,0.9617584,0.971538,0.96356696,0.9619025,0.9533344,0.96609443,1.0000001,0.98094463,0.9574175,0.9621958,0.96361506,0.9625787,0.9651676,0.97281945,0.9587884,0.9625067,0.96126425,0.9700214,0.96404374,0.9678807,0.9642226,0.9611701,0.96545404,0.9508835,0.89879304,0.9597031,0.9480525,0.967388,0.9426015,0.9636796,0.9619675,0.95735204,0.9660143,0.9461036,0.9408266,0.9691293,0.96343344,0.9576749,0.9542684,0.95987517,0.9621579,0.9532617,0.95796824,0.9597476,0.9649776,0.961502,0.96008164,0.9509509,0.9646419,0.96819884,0.9653052,0.964444,0.95459485,0.96854746,0.95156467,0.9575222,0.9570201,0.9588099,0.9612748,0.9623768,0.9582605,0.9537959,0.9724485,0.95774406,0.9576274,0.95354456,0.95875245,0.9599639,0.95281225,0.96752477,0.8160281,0.9417861,0.960735,0.9533408,0.95743936,0.91526926,0.96479875,0.9625747,0.9618173,0.95241094,0.9598796,0.9635014,0.9452138,0.9684203,0.9579785,0.96176785,0.965648,0.95138013,0.9681486,0.95908386,0.96752477,0.9424371,0.9570162,0.968669,0.9620644,0.9659227,0.96624994,0.96132535,0.9507636,0.96769404,0.9564089,0.96304137,0.9608041,0.95927197,0.9668967,0.9651305,0.9675551,0.9525225,0.9569199,0.96191525,0.8978399,0.9576458,0.93496305,0.9614186,0.96629316,0.97293043,0.95088404,0.9586364,0.9677308,0.9594708,0.95960873,0.96385497,0.95077777,0.9606876,0.9523465,0.9589121,0.96491057,0.9557097,0.9541297,0.96048945,0.94954693,0.9577333,0.94296396,0.9586885,0.9438703,0.9615212,0.95962185,0.9634022,0.96783423,0.98094463,0.95919496,0.96914995,0.95941156,0.95748323,0.954468,0.9564731,0.9514943,0.96178687,0.9634436,0.9634904,0.9581614,0.9629726,0.9512041,0.9659642,0.96374863,0.950891,0.9568058,0.9685892,0.9562724,0.98094463,0.9633409,0.9613105,0.9666227,0.9671837
ahiddenlifefilm,0.98273385,0.9787265,0.98470426,0.98114425,0.97965986,0.97857565,0.97945774,0.98094463,0.9999995,0.97698057,0.97767556,0.9736209,0.9794841,0.9817276,0.98319876,0.97637904,0.9794392,0.9792991,0.9783665,0.97412,0.9840496,0.9829564,0.9801273,0.9846027,0.97408587,0.9137843,0.97446966,0.9696948,0.98121595,0.9706456,0.9721267,0.9759691,0.97104806,0.9737034,0.9668957,0.9556351,0.98478645,0.9763193,0.9756585,0.97657233,0.9787311,0.98105454,0.96679425,0.9790663,0.97946495,0.9796479,0.97885925,0.9731768,0.9739004,0.981867,0.9819485,0.9848184,0.9778841,0.96948284,0.97617143,0.9668336,0.9765166,0.9775815,0.9781889,0.97966164,0.9756762,0.9759867,0.97796136,0.9855232,0.97348315,0.9768043,0.9682507,0.97526413,0.97753245,0.9696661,0.9852191,0.81558025,0.96292156,0.9777129,0.9750078,0.9721878,0.9324997,0.9817528,0.9745185,0.97558093,0.97379154,0.9742495,0.98225874,0.97108096,0.9794805,0.9743952,0.9756989,0.98129094,0.96862406,0.9845747,0.9764198,0.9852191,0.9676335,0.97878844,0.9813797,0.977002,0.9782749,0.97989076,0.97407204,0.9723775,0.98100996,0.97654927,0.9795027,0.9799505,0.97217935,0.97827697,0.98105305,0.9799177,0.9723946,0.9690376,0.9796408,0.9037829,0.977094,0.9490448,0.9747845,0.9757006,0.98589814,0.97144145,0.9817472,0.9812078,0.977229,0.97976357,0.9858608,0.96831334,0.9804852,0.9743335,0.97970045,0.9747232,0.9752848,0.9615641,0.982576,0.9694228,0.9772797,0.96819437,0.98207426,0.97210556,0.97494185,0.9754704,0.9802254,0.979513,0.9999995,0.9820768,0.97934246,0.97896296,0.9714642,0.9759192,0.97526246,0.9677395,0.9766774,0.9798695,0.9771998,0.97606426,0.97863054,0.9626273,0.9740145,0.98331714,0.9735575,0.97816086,0.97467,0.97771263,0.9999995,0.9754932,0.97828144,0.9841227,0.9779616
alitamovie,0.95973957,0.9602749,0.96655387,0.9639097,0.9658463,0.95691806,0.95307606,0.9574175,0.97698057,1.0000002,0.95548177,0.94866574,0.95708925,0.97227657,0.9580029,0.9600722,0.9611336,0.9662088,0.9596724,0.9563986,0.9609354,0.9639136,0.9564725,0.95983684,0.95643526,0.8979345,0.9594897,0.9608845,0.9536014,0.94769734,0.9543091,0.9550169,0.9504012,0.95377505,0.94884115,0.9384457,0.9611249,0.95838493,0.9613867,0.95018315,0.95568347,0.958344,0.94384503,0.9562384,0.9540925,0.9641483,0.9558148,0.949093,0.95677996,0.9581525,0.9575966,0.96699417,0.95798725,0.94877756,0.9499936,0.94946176,0.9528303,0.95788556,0.9590755,0.95474076,0.9548614,0.9536308,0.9461368,0.96423376,0.9579588,0.9595029,0.9476003,0.9557491,0.95018184,0.94952255,0.95748484,0.77601624,0.9419574,0.9584983,0.9584772,0.96220374,0.91371965,0.95866174,0.9534619,0.9619131,0.9523836,0.9551872,0.9584988,0.95699453,0.9619712,0.95033854,0.95978135,0.9582503,0.94978094,0.9617745,0.96047676,0.95748484,0.94406897,0.95107096,0.9609887,0.94917697,0.9561436,0.95201546,0.9550631,0.95859426,0.9588087,0.9650518,0.9535339,0.9550641,0.9666637,0.95644945,0.95711213,0.9604681,0.9553339,0.95736784,0.96077836,0.8797861,0.95176506,0.92822444,0.96192825,0.94957477,0.960181,0.95611864,0.95863956,0.9570173,0.95880926,0.9569466,0.9599604,0.947457,0.9568992,0.95651907,0.9553432,0.9553765,0.9569639,0.9496853,0.961097,0.9591607,0.9588742,0.9530329,0.96287084,0.95415825,0.95454836,0.95393664,0.9544688,0.9581672,0.97698057,0.9561145,0.9583987,0.9553734,0.9486224,0.9568129,0.9551356,0.9478755,0.95259553,0.95685583,0.9567082,0.95740604,0.9542587,0.9424321,0.944185,0.9583839,0.94941324,0.9507043,0.95563775,0.95451206,0.97698057,0.95953333,0.9538242,0.9528946,0.95337147
angelhasfallen,0.9659529,0.9558357,0.96099645,0.95601493,0.95773476,0.96033734,0.9630654,0.9621958,0.97767556,0.95548177,1.0,0.95566654,0.9471104,0.95778835,0.96299684,0.956497,0.953984,0.96111983,0.95631707,0.9551761,0.9660479,0.96182615,0.95546114,0.9674764,0.9598923,0.8913973,0.955963,0.9475658,0.9534916,0.946061,0.950904,0.95305574,0.9514035,0.94160366,0.9403789,0.93230665,0.9625172,0.9514996,0.9510315,0.9620032,0.9543956,0.96159434,0.9475592,0.9653897,0.9587432,0.9585791,0.95627904,0.9565739,0.9488308,0.96524847,0.95799136,0.96272945,0.9574311,0.95190334,0.94429713,0.9499834,0.957266,0.95547134,0.9534452,0.96719486,0.952346,0.9615733,0.9603789,0.9664103,0.9523927,0.963825,0.94409376,0.9561765,0.9723272,0.95113105,0.9649414,0.783862,0.9460999,0.95054334,0.9620869,0.96065056,0.9079631,0.95954067,0.9497057,0.9593224,0.97275424,0.95476985,0.96226364,0.93927675,0.9509697,0.94821733,0.9612751,0.9570603,0.951371,0.96642286,0.9526144,0.9649414,0.9512692,0.95462835,0.9556615,0.96081173,0.9715814,0.9648089,0.95297664,0.9483149,0.95899403,0.9610348,0.96353847,0.96264344,0.94895184,0.9538975,0.965139,0.956053,0.948649,0.9397648,0.9602955,0.88508576,0.95858455,0.9100637,0.95688766,0.9603744,0.96614814,0.9485957,0.968179,0.9635214,0.9552776,0.9593485,0.96037227,0.9503402,0.96687853,0.9620748,0.95822936,0.9476822,0.9541756,0.93936497,0.9601181,0.9466851,0.9546932,0.9446473,0.96092373,0.95297414,0.9581402,0.95640373,0.9624382,0.9615276,0.97767556,0.9623185,0.95254076,0.9604517,0.9506057,0.95021486,0.94829637,0.9432463,0.9524309,0.9520047,0.9592964,0.957459,0.96297073,0.9431762,0.95371956,0.95771515,0.94992673,0.9614499,0.9493725,0.9617118,0.97767556,0.95550084,0.9549725,0.9609995,0.95582956
angrybirdsmovie,0.9610166,0.949326,0.96414936,0.9547623,0.95296,0.9510561,0.9534897,0.96361506,0.9736209,0.94866574,0.95566654,1.0000001,0.9613876,0.95759106,0.9623233,0.94886655,0.9567644,0.95277184,0.95317954,0.9497446,0.96423954,0.97079813,0.9538303,0.96407336,0.9509773,0.91026497,0.9512418,0.93619275,0.9734478,0.9490428,0.95115435,0.9507109,0.9484219,0.9589469,0.9375738,0.93426317,0.9597994,0.95028037,0.9504198,0.95383453,0.9542124,0.94846684,0.9474213,0.9470255,0.9542053,0.96210885,0.95232934,0.9498238,0.9498842,0.95112926,0.97567385,0.9585293,0.9527491,0.9387568,0.9550932,0.9423071,0.94820946,0.949859,0.94937193,0.9556095,0.95373136,0.94765246,0.94955903,0.9616732,0.9461913,0.9578805,0.9512869,0.94891006,0.9546454,0.94175124,0.9615905,0.80514336,0.9325475,0.95112485,0.94780064,0.9531934,0.9081578,0.9601606,0.945617,0.94808483,0.95030075,0.9409149,0.95535046,0.9474562,0.96460927,0.9655394,0.94872165,0.9622232,0.9431238,0.9618702,0.9537743,0.9615905,0.94437945,0.9529609,0.9669239,0.95648104,0.96364444,0.9560918,0.94834083,0.948522,0.9575741,0.95282197,0.9624287,0.95125645,0.9495134,0.9696082,0.9578267,0.9481769,0.9508312,0.9499867,0.95219296,0.88747925,0.9583952,0.9225529,0.9550522,0.95615304,0.9618371,0.9469344,0.95212346,0.95568573,0.9539183,0.9589164,0.9616792,0.9421711,0.9602398,0.95269626,0.9579902,0.9668069,0.94681084,0.9372382,0.96117425,0.9413463,0.94034964,0.9371161,0.9573927,0.94405365,0.9522245,0.94588715,0.9612058,0.9563497,0.9736209,0.9726815,0.9536407,0.95831716,0.9597692,0.9511918,0.95150614,0.9429616,0.9458555,0.95374733,0.9520949,0.94406134,0.9609935,0.9430243,0.95618266,0.9560998,0.9443898,0.9560263,0.95559704,0.95234144,0.9736209,0.9522356,0.9528778,0.9592104,0.9689601
annabellemovie,0.9624852,0.95165235,0.96873343,0.97253656,0.96096224,0.9548672,0.9590034,0.9625787,0.9794841,0.95708925,0.9471104,0.9613876,1.0000001,0.9660767,0.9635289,0.9516227,0.96288145,0.95711,0.9497808,0.9555621,0.9655066,0.965062,0.96701556,0.9609963,0.95390064,0.8884749,0.95413023,0.9549772,0.9625716,0.9611308,0.9432963,0.9618856,0.9489341,0.961802,0.9430075,0.93176454,0.9688743,0.97043526,0.95414615,0.95665634,0.96483284,0.9646887,0.9485085,0.9625111,0.95871466,0.9628119,0.9595469,0.94847304,0.9616053,0.96413684,0.9633242,0.96889734,0.9587287,0.95111614,0.9624674,0.9500169,0.9580721,0.958063,0.9586583,0.95316565,0.9733975,0.9575559,0.9518825,0.97422904,0.9544497,0.9506933,0.9512784,0.9566909,0.95258427,0.94632345,0.9596905,0.80917054,0.94943935,0.9603151,0.95390284,0.9425201,0.90475947,0.9599526,0.9514999,0.95106596,0.94168276,0.9588418,0.9713205,0.9500488,0.9739963,0.9580154,0.95983344,0.976499,0.94346666,0.9644542,0.9596234,0.9596905,0.94698113,0.9597943,0.96412724,0.95710933,0.94972515,0.95521706,0.9588874,0.9556334,0.96444136,0.9559766,0.956782,0.9578938,0.9568354,0.9622056,0.95889276,0.96249026,0.95570415,0.9615429,0.9579318,0.88124645,0.9638608,0.9273431,0.96044993,0.9569701,0.96849245,0.94764405,0.9536354,0.96027344,0.96251094,0.9564287,0.9660921,0.9497491,0.9564984,0.9547245,0.9622121,0.95068043,0.95702636,0.9453008,0.9651857,0.9534878,0.9609645,0.9491196,0.9668922,0.95634085,0.9521178,0.9541337,0.95658916,0.9588749,0.9794841,0.9628471,0.964178,0.9594963,0.9656887,0.96214825,0.9640089,0.95148885,0.9600032,0.96383816,0.9538252,0.9605435,0.9663078,0.93746275,0.9540314,0.9603112,0.95082617,0.954564,0.96131116,0.9639061,0.9794841,0.957236,0.95794284,0.96522784,0.96011925
annamovie,0.9666223,0.9606666,0.96800953,0.95868516,0.9656399,0.9563057,0.9589508,0.9651676,0.9817276,0.97227657,0.95778835,0.95759106,0.9660767,0.9999999,0.9625279,0.96516556,0.9634719,0.9688724,0.9594381,0.9543452,0.9633261,0.9702079,0.96295154,0.96528286,0.96132594,0.9072033,0.96070194,0.96028125,0.96682245,0.96224123,0.95385474,0.9594455,0.94729483,0.9606331,0.9527872,0.95514697,0.96834373,0.9592537,0.9586141,0.9599729,0.96316606,0.96230674,0.9473943,0.95982903,0.9610532,0.96640736,0.96076584,0.9599874,0.9576551,0.9615321,0.96845204,0.96972233,0.9659604,0.9553741,0.95886964,0.9501197,0.9651476,0.9622906,0.9609216,0.95829326,0.9655411,0.9585259,0.9534585,0.9760062,0.9615051,0.96114326,0.9555267,0.9605545,0.9583449,0.95454335,0.9629599,0.8090054,0.9473613,0.95992,0.95842105,0.9564144,0.9239449,0.9627092,0.96356624,0.9581676,0.9588314,0.95906913,0.96608895,0.9637139,0.9634748,0.9616772,0.96256006,0.97029763,0.9477434,0.9679425,0.9677696,0.9629599,0.9523995,0.9560421,0.968337,0.95741093,0.96641475,0.9567383,0.9604245,0.96817386,0.9682101,0.96440434,0.9559143,0.9642495,0.9739995,0.9659722,0.9643547,0.9691142,0.96113944,0.9566182,0.95912254,0.88938355,0.96231097,0.9431181,0.9582496,0.9626824,0.96932656,0.96504956,0.963129,0.96362716,0.96563625,0.9639558,0.9648831,0.9532175,0.96335155,0.9539266,0.9651592,0.96265733,0.96200234,0.94596463,0.9651597,0.9554951,0.96436423,0.95660454,0.9651435,0.96185666,0.961536,0.9576293,0.9595867,0.96376544,0.9817276,0.97103995,0.9678211,0.9666241,0.9580435,0.9592851,0.9634986,0.94743055,0.95895576,0.9597423,0.95651007,0.9592778,0.9584471,0.95136327,0.94715935,0.9633923,0.9556885,0.9523455,0.9636733,0.9611706,0.9817276,0.9602015,0.957493,0.96274424,0.9629391
apollo11movie,0.9665917,0.9649577,0.9666515,0.96809477,0.96654624,0.9643529,0.95879334,0.97281945,0.98319876,0.9580029,0.96299684,0.9623233,0.9635289,0.9625279,1.0000001,0.95475596,0.9710954,0.961309,0.96351767,0.9768403,0.96734893,0.9638666,0.96421,0.97038174,0.9522362,0.8995421,0.9538345,0.95681167,0.96869135,0.95639676,0.95364606,0.96390915,0.95871085,0.95635325,0.94404143,0.9494807,0.9716243,0.96312356,0.95753914,0.95717055,0.9611577,0.96760994,0.94891804,0.96161723,0.9680997,0.9629119,0.96221405,0.96690786,0.95940334,0.96549433,0.96617776,0.9689567,0.9586479,0.95310766,0.9636596,0.9679292,0.96269125,0.9611327,0.9595167,0.9637676,0.96391255,0.9645734,0.96678144,0.9691418,0.95641303,0.96349657,0.95725787,0.95443714,0.9599696,0.9579854,0.9706491,0.8330274,0.9575139,0.963194,0.9600247,0.9587736,0.9210306,0.96533906,0.9581756,0.9621487,0.960068,0.9591334,0.9664674,0.9491143,0.96279526,0.9628259,0.95892113,0.96391183,0.9568629,0.9677354,0.96247834,0.9706491,0.94884026,0.9654173,0.962939,0.97920924,0.96799564,0.9640534,0.9538978,0.95924723,0.97048724,0.9584683,0.9633857,0.96597147,0.95382345,0.96128565,0.9670492,0.9620451,0.94692224,0.9540462,0.9609492,0.88841003,0.95837486,0.92919487,0.957765,0.9639879,0.97159547,0.95309997,0.9654541,0.9631805,0.95259386,0.9586674,0.9715177,0.95817477,0.95768875,0.9639921,0.96547574,0.958177,0.96456295,0.94615537,0.96736354,0.95879626,0.96507347,0.95067215,0.9626147,0.9585456,0.9592885,0.96361464,0.96572393,0.9664798,0.98319876,0.9669126,0.9665141,0.9672055,0.95533633,0.9589471,0.96373326,0.94924957,0.96443206,0.9647897,0.9581033,0.95595974,0.96392095,0.9505965,0.9688593,0.96855104,0.95884484,0.9636473,0.9652281,0.9664,0.98319876,0.96523064,0.96164066,0.97027624,0.9592452
arcticdogsmovie,0.96221745,0.97230303,0.9666463,0.95755357,0.9610808,0.9612578,0.95985013,0.9587884,0.97637904,0.9600722,0.956497,0.94886655,0.9516227,0.96516556,0.95475596,1.0000002,0.9504992,0.9623736,0.957955,0.94865924,0.96086925,0.95983124,0.9574733,0.9629847,0.9539921,0.8983116,0.9509381,0.9483599,0.9549903,0.9492263,0.9529777,0.95944744,0.94880325,0.9513831,0.95022017,0.9436258,0.96278167,0.9499297,0.954334,0.95801777,0.96004444,0.9602698,0.9378927,0.9616736,0.9591118,0.96250814,0.956805,0.95259583,0.95462,0.9615691,0.96122974,0.96827775,0.95327234,0.940689,0.9516948,0.9486125,0.9596199,0.9578685,0.95847464,0.96082544,0.9488148,0.94793266,0.94989824,0.9633907,0.9596778,0.9563432,0.94744456,0.952062,0.9484862,0.9507786,0.96405303,0.81430167,0.94600433,0.9536296,0.95489514,0.95100003,0.91011006,0.95846426,0.95765877,0.95523643,0.9506696,0.9546526,0.95271844,0.9531509,0.95966804,0.94564265,0.95648295,0.9579428,0.94716007,0.9578748,0.95636827,0.96405303,0.94533485,0.9599505,0.9592703,0.9501581,0.9473385,0.9498356,0.9554324,0.95639795,0.96464145,0.957908,0.9534007,0.9580253,0.95425636,0.9562649,0.96094394,0.9674688,0.96243376,0.9487122,0.9477016,0.8933337,0.9594341,0.93612826,0.9510229,0.94719803,0.96109796,0.94940406,0.9598348,0.95829654,0.95548284,0.9603584,0.96749496,0.94827694,0.9545926,0.95360845,0.95869964,0.9567016,0.96125734,0.94051296,0.96010816,0.94932073,0.95516646,0.9521091,0.96363896,0.95077664,0.95285803,0.9615677,0.95945776,0.9559456,0.97637904,0.9625888,0.9645669,0.9550974,0.94277436,0.9615421,0.95957625,0.9507267,0.95349807,0.9475167,0.96109027,0.9517246,0.95607066,0.950538,0.94571716,0.95776516,0.9561806,0.9538528,0.95477843,0.9593594,0.97637904,0.9636454,0.9615528,0.95872146,0.95270586
arcticmovie,0.96308184,0.95851755,0.9708471,0.9682211,0.96825284,0.95605946,0.9619191,0.9625067,0.9794392,0.9611336,0.953984,0.9567644,0.96288145,0.9634719,0.9710954,0.9504992,1.0000001,0.9621277,0.9591852,0.95655,0.9639261,0.96058106,0.96401465,0.9698128,0.9495259,0.901549,0.95826405,0.97393376,0.96766514,0.95918036,0.9556311,0.96367985,0.95591664,0.95125324,0.9457791,0.9364985,0.965682,0.9670372,0.962224,0.9565501,0.96050656,0.96031326,0.95249903,0.9615806,0.95300126,0.96656376,0.96235317,0.9599214,0.9649525,0.96526116,0.9629949,0.9664006,0.9614174,0.96516895,0.9633383,0.95299435,0.9586523,0.95363176,0.9688336,0.9609477,0.9607793,0.96361804,0.96082014,0.9620349,0.9537415,0.95129883,0.9507848,0.9563303,0.96117765,0.9494005,0.96482635,0.81373596,0.9397863,0.965366,0.95389074,0.9567045,0.9126418,0.96463215,0.95506775,0.95637184,0.953751,0.9546537,0.96411157,0.9547084,0.9627583,0.9566011,0.95879066,0.96798086,0.95578915,0.9676784,0.95784205,0.96482635,0.9541699,0.9680026,0.96246016,0.9628431,0.9630177,0.96520936,0.95520663,0.94979197,0.9626482,0.95434666,0.9526423,0.96321553,0.9536242,0.96019703,0.9642988,0.9571049,0.9481574,0.9568599,0.96867484,0.8784205,0.95605296,0.9282047,0.95824164,0.9648278,0.9698447,0.95451194,0.9695121,0.95772666,0.95990187,0.95862144,0.9681898,0.95194507,0.96118945,0.9629153,0.96316314,0.9590393,0.96184456,0.94810903,0.96254575,0.9575547,0.9772976,0.95929074,0.9621047,0.9564928,0.9511143,0.9575368,0.9627186,0.9607097,0.9794392,0.96307564,0.95867383,0.95778483,0.95749927,0.9578415,0.95570964,0.9502615,0.95087117,0.96259457,0.95726377,0.96503794,0.96166056,0.9399164,0.96131736,0.964454,0.9541372,0.9560938,0.96470636,0.9645529,0.9794392,0.9592647,0.96041626,0.9686447,0.9559401
artofracingmovie,0.96341497,0.96730644,0.96178025,0.9624621,0.9733983,0.9586549,0.9598532,0.96126425,0.9792991,0.9662088,0.96111983,0.95277184,0.95711,0.9688724,0.961309,0.9623736,0.9621277,1.0000004,0.9568899,0.94871074,0.9706228,0.9628426,0.95269066,0.96398604,0.9576866,0.904626,0.9604421,0.9463428,0.9579346,0.9528857,0.9534011,0.95935565,0.9445496,0.951432,0.9376879,0.93009776,0.9652485,0.9561483,0.9579695,0.9548471,0.96560067,0.9581407,0.93984365,0.95762306,0.9582284,0.9586848,0.9500881,0.95911545,0.95431817,0.96060556,0.96360266,0.96703,0.958901,0.9559412,0.95511496,0.959455,0.9595864,0.9605035,0.9674528,0.958567,0.9606826,0.96018374,0.9564995,0.96607065,0.95643175,0.963848,0.94848186,0.9527435,0.95728743,0.94888324,0.9623385,0.79482716,0.9443472,0.9586145,0.96351844,0.9537689,0.91402125,0.9615378,0.96229875,0.96486604,0.9528002,0.9490588,0.9595211,0.9476326,0.95436794,0.95302135,0.9515921,0.9631786,0.9488812,0.9665267,0.9665912,0.9623385,0.9419114,0.96016747,0.9658841,0.9563211,0.9583791,0.9531798,0.9565051,0.9526581,0.9583896,0.95976645,0.9616952,0.9573043,0.959853,0.9639893,0.9645887,0.9678661,0.95618826,0.9488697,0.96392065,0.8775454,0.95814484,0.91686606,0.9619928,0.95158917,0.96722096,0.955396,0.96195036,0.96204126,0.9625217,0.96108735,0.9652685,0.94741505,0.9610799,0.95156205,0.9561963,0.96259016,0.9654794,0.9400937,0.959432,0.9648469,0.9612536,0.950377,0.96742415,0.9558859,0.9637618,0.9628655,0.9568399,0.9682583,0.9792991,0.963132,0.9526718,0.9662809,0.94677913,0.9587728,0.9505913,0.9471641,0.9582129,0.95486754,0.9589547,0.9570095,0.95563877,0.9492982,0.94677025,0.9633068,0.94597447,0.95779884,0.95329267,0.9575251,0.9792991,0.9690779,0.95712733,0.95889044,0.9648148
avengers,0.97301424,0.9631863,0.97009695,0.9626592,0.9574393,0.94847816,0.960522,0.9700214,0.9783665,0.9596724,0.95631707,0.95317954,0.9497808,0.9594381,0.96351767,0.957955,0.9591852,0.9568899,0.9999997,0.9603375,0.9652564,0.962376,0.9498422,0.9650447,0.95609784,0.88744414,0.9552287,0.9517154,0.96408916,0.95170766,0.97683,0.95910454,0.9486565,0.9613291,0.94712913,0.9366991,0.96119094,0.95083,0.96630776,0.95127875,0.9564513,0.9638312,0.945802,0.95888937,0.95777017,0.9589905,0.9513443,0.95843685,0.9462985,0.9626966,0.9617122,0.9611646,0.9574831,0.9485843,0.9540429,0.94577014,0.95762926,0.95908046,0.96125996,0.9607868,0.95126194,0.9560769,0.95918125,0.9628697,0.9579848,0.96289426,0.9559604,0.95896095,0.9518112,0.9514989,0.964449,0.8031205,0.9366331,0.95636386,0.9497029,0.966875,0.9125044,0.96751064,0.9578932,0.95199764,0.9521477,0.95111763,0.9542948,0.9508156,0.96345633,0.95401925,0.950372,0.9609117,0.9512861,0.9649555,0.9602125,0.964449,0.94544744,0.96034616,0.963247,0.9596162,0.9620477,0.96429676,0.9551407,0.9398027,0.96234155,0.9556481,0.95574194,0.95566964,0.953519,0.9579276,0.95976776,0.9617632,0.94498885,0.95068216,0.96026826,0.8807418,0.9505646,0.93174946,0.95514774,0.9586294,0.9672013,0.9538816,0.9595354,0.96617484,0.95205593,0.95861435,0.9628317,0.93845624,0.9621518,0.95191604,0.9590681,0.9684856,0.95336515,0.9513481,0.9612095,0.94021153,0.9563566,0.949186,0.959318,0.95665926,0.96004206,0.95188206,0.9616339,0.9609747,0.9783665,0.9583503,0.96083623,0.951842,0.9433762,0.9517381,0.951918,0.9458228,0.9558736,0.9597751,0.9619132,0.9625011,0.95836914,0.953339,0.95442194,0.96300375,0.952129,0.95135784,0.9614586,0.94654936,0.9783665,0.9572453,0.9622514,0.9571617,0.9586162
beachbummovie,0.95842654,0.95844454,0.9607193,0.9601459,0.9538806,0.9578952,0.9546403,0.96404374,0.97412,0.9563986,0.9551761,0.9497446,0.9555621,0.9543452,0.9768403,0.94865924,0.95655,0.94871074,0.9603375,0.9999998,0.9600206,0.960994,0.9641984,0.95864505,0.94582695,0.883464,0.94604915,0.94773215,0.9573689,0.9457502,0.94471043,0.9521992,0.9548348,0.94828844,0.93935746,0.9365749,0.9605934,0.9461579,0.9467999,0.9453499,0.94583035,0.9587291,0.93816084,0.9467417,0.95291144,0.9545385,0.96097624,0.9506113,0.9485373,0.95305926,0.9574098,0.9574081,0.9557063,0.9464414,0.94540673,0.9489443,0.95474076,0.95944256,0.9502726,0.9502771,0.9486263,0.95120245,0.9546099,0.9602467,0.94781643,0.95472205,0.9398286,0.945013,0.95183617,0.9466739,0.95940906,0.7922563,0.9451244,0.9539249,0.9583497,0.95260346,0.9049014,0.95700425,0.95071846,0.95355135,0.9486102,0.95370644,0.95567447,0.943058,0.9545058,0.95133793,0.9562913,0.9596336,0.9442343,0.9572061,0.9509858,0.95940906,0.9386757,0.95163727,0.9563984,0.96068627,0.9566446,0.96874833,0.9563367,0.9480374,0.9580283,0.95888555,0.95868427,0.9561405,0.9486413,0.95347583,0.9532924,0.95044094,0.94267285,0.94430614,0.9525015,0.88072586,0.94738936,0.93282235,0.950466,0.95434844,0.95489895,0.95015335,0.9521813,0.95800334,0.9457842,0.95124316,0.9605304,0.9503373,0.95151037,0.95231193,0.9555206,0.9477596,0.953328,0.9386301,0.96083474,0.9522351,0.95027465,0.94029653,0.95682746,0.9472972,0.94722784,0.9499903,0.95160043,0.960955,0.97412,0.9562047,0.9553088,0.95508343,0.9408404,0.952142,0.9564087,0.93774396,0.95216817,0.9532274,0.95516336,0.94529724,0.9515663,0.9401588,0.95582634,0.9534914,0.94938385,0.95312387,0.9600813,0.95813435,0.97412,0.9522891,0.9501503,0.96258825,0.9511392
bernadettefilm,0.9727974,0.9681351,0.971399,0.9682004,0.9639292,0.9596142,0.96761763,0.9678807,0.9840496,0.9609354,0.9660479,0.96423954,0.9655066,0.9633261,0.96734893,0.96086925,0.9639261,0.9706228,0.9652564,0.9600206,0.99999964,0.96693367,0.9677531,0.96583897,0.95951766,0.90201086,0.961585,0.9518284,0.9651777,0.9564414,0.95814395,0.9607793,0.9578636,0.95977044,0.9530041,0.94479567,0.9714058,0.96225595,0.9601523,0.96110773,0.9643811,0.9688317,0.9507541,0.9632002,0.96601236,0.9665879,0.9656636,0.9578912,0.96292883,0.9672101,0.96698934,0.97239,0.96277916,0.9549387,0.95929873,0.95283365,0.96500725,0.96462935,0.9698192,0.9621484,0.9594219,0.9684675,0.9611718,0.9695616,0.9643704,0.9614513,0.9551502,0.9533708,0.9664148,0.9534968,0.96924484,0.8099619,0.9441509,0.9637113,0.9683911,0.96153265,0.9110353,0.96392864,0.96307474,0.95911354,0.9555684,0.9582871,0.96338516,0.953143,0.9637681,0.9592226,0.9585712,0.96684456,0.9526785,0.9703697,0.959514,0.96924484,0.94779015,0.9701026,0.9684846,0.9579232,0.9582398,0.96296525,0.9601304,0.9617356,0.96931326,0.96471506,0.96654254,0.96383965,0.9577909,0.9654118,0.96651196,0.96135557,0.9623257,0.9611994,0.96517867,0.8869807,0.96227294,0.92690325,0.9718743,0.9657143,0.97299737,0.95144564,0.9665662,0.9698327,0.96321523,0.96531224,0.9715666,0.95684874,0.9691907,0.96289134,0.9666536,0.95933706,0.9576946,0.9481502,0.97892445,0.9520658,0.9584465,0.9572082,0.96876174,0.9563359,0.96536225,0.96329916,0.9682892,0.96921134,0.9840496,0.9681451,0.96316105,0.9646214,0.9538881,0.96926737,0.95860904,0.9545101,0.9632814,0.9683276,0.965211,0.96350247,0.9663303,0.94270754,0.9580869,0.96980697,0.95961046,0.9650527,0.96486723,0.9627777,0.9840496,0.96891654,0.95973945,0.97081196,0.96331817
