movie,21bridgesmovie,47metersdown,abeautifuldaymovie,abominablemovie,adastramovie,adogsjourneymovie,aftermathmovie,aftermovie,ahiddenlifefilm,alitamovie,angelhasfallen,angrybirdsmovie,annabellemovie,annamovie,apollo11movie,arcticdogsmovie,arcticmovie,artofracingmovie,avengers,beachbummovie,bernadettefilm,blackandbluemovie,blackchristmas,blindedbythelightmovie,bombshellmovie,booksmart,breakthroughmovie,brianbanksmovie,brightburnmovie,brittanyrunsmov,captainmarvelofficial,captivestatemovie,catsmovie,charliesangels,childsplaymovie,clarathefilm,coldpursuitmovie,countdown,currentwarmovie,darkwatersmovie,detectivepikachumovie,disneyaladdin,disneyfrozen,disneymaleficent,doctorsleepmovie,dolemiteismyname,dontletgomovie,doramovie,downtonabbey_official,dumbo,escaperoom,everybodyknowsmovie,fastandfuriousmovie,fightingwmyfam,fivefeetapartfilm,fordvferrari,freaksthefilm,geminimanmovie,glassmovie,gloriabellmovie,godzillamovie,goldfinchmovie,goodboysmovie,goodliarmovie,gretafilm,halathemovie,happydeathdaymovie,harrietfilm,hellboymovie,hersmellmovie,highlifemovie,highstrungmovie,honeyboymovie,hotelmumbaifilm,httydragon,hustlemovie,hustlersmovie,isntitromantic,itmovieofficial,jayandsilentbob,johnwickmovie,jojorabbitmovie,jokermovie,judythefilm,jumanjimovie,justmercyfilm,knivesout,lalloronamovie,lastblackmansf,lastchristmasthemovie,latenightmovie,lighthousemovie,lionking,littlethemovie,littlewomenmovie,littlewoodsfilm,longshotmovie,lordsofchaosmovie,lucyintheskyfilm,mamovie2019,marriagestory,meettheaddams,meninblack,midsommarmovie,midwaymovie,missbalamovie,missinglinkfilm,motherlessbklyn,onceinhollywood,onthebasisofsex,overcomermovie,peanutbutterfalcon,petsematarymovie,piercingmovie,playingwithfire,playmobilthemovie,pomsmovie,queenandslim,rambomovie,readyornotfilm,richardjewellfilm,rocketmanmovie,scarystoriesmovie,secretlifeofpets,serenityfilm,shaftmovie,shazammovie,spidermanmovie,spiesindisguise,starwars,stormboymovie,stubermovie,taosdfilm,teenspiritmov,terminator,theaeronautsmov,thebestofenemies,thedeaddontdie,thefarewell,thehighwaymen,thehummingbirdprojectfilm,theintrudermovie,theirishmanfilm,thekitchenmovie,thelegomovie,themustangfilm,thenightingalefilm,theprodigymovie,thesunisalsoastar,theupsidefilm,tolkienmovie,toystory,triplefrontier,uglydolls,uncutgems,underthesilverlake,usmovie,wavesmovie,whatmenwant,wonderparkmovie,wrinklestheclown,xmenmovies,yardiefilm,yesterdaymovie,zombieland
21bridgesmovie,0.99999994,0.9607782,0.98447394,0.9827647,0.9775708,0.9865703,0.98573273,0.9810432,0.99254036,0.9786299,0.9799249,0.96418,0.9855972,0.9860231,0.97893155,0.97416455,0.9841445,0.9755781,0.9860054,0.9679232,0.98226607,0.9816093,0.9855688,0.9796352,0.98244375,0.90294266,0.9839127,0.9770266,0.98016673,0.97783655,0.9794814,0.9825569,0.9788237,0.97655517,0.9728589,0.9726546,0.98780745,0.98546875,0.9780151,0.9760871,0.98329186,0.98386586,0.97117627,0.9816721,0.9778102,0.9823629,0.9811269,0.97651654,0.9798569,0.9838523,0.97940814,0.98360586,0.97772664,0.9751396,0.97452396,0.9675873,0.9796015,0.9828327,0.98573434,0.98157877,0.9873791,0.9837835,0.9826637,0.98416394,0.97988075,0.9709929,0.98469806,0.977188,0.9799051,0.9750762,0.98685586,0.71961856,0.9734102,0.9779887,0.9845748,0.9586861,0.9509577,0.9824193,0.9755452,0.97757375,0.9725239,0.97863233,0.9798687,0.97489417,0.98072904,0.9784522,0.9754318,0.9801969,0.97801244,0.98442394,0.9854165,0.98685586,0.98308367,0.9823222,0.98078716,0.9780873,0.9809107,0.97918886,0.9824067,0.9833328,0.9857498,0.97346115,0.97329754,0.9803965,0.98362976,0.9795792,0.9838254,0.9839622,0.97382665,0.97317845,0.98087806,0.89705193,0.9751554,0.9537945,0.9812523,0.9861752,0.995149,0.97929096,0.9828747,0.9817556,0.98504096,0.98041904,0.9889966,0.98145777,0.9787871,0.98119783,0.9828856,0.9729388,0.9820237,0.9609062,0.9854401,0.9747283,0.9821905,0.96717215,0.98476744,0.9803291,0.98864245,0.9749074,0.9815603,0.9740769,0.99254036,0.97512764,0.9844202,0.9741265,0.97751516,0.9813369,0.9745748,0.98192954,0.9801555,0.9862325,0.9870857,0.9858269,0.98081505,0.96788645,0.9686159,0.98279893,0.9842791,0.98502666,0.9801795,0.9724956,0.99254036,0.9821278,0.9778366,0.98622876,0.9798234
47metersdown,0.9607782,1.0,0.96415234,0.9502456,0.9502462,0.9552514,0.9630601,0.96269774,0.9710168,0.94138134,0.96142024,0.946051,0.9631362,0.96424145,0.96708435,0.97453034,0.95729685,0.9423177,0.94098943,0.9504373,0.96219116,0.9650362,0.96094733,0.96083015,0.9634904,0.8305439,0.9542288,0.9663264,0.9653731,0.95136404,0.9570934,0.97045326,0.95018315,0.95196104,0.9668665,0.9349349,0.96198803,0.95569277,0.965062,0.96727085,0.9617161,0.9633041,0.9437715,0.9646721,0.967157,0.95380795,0.965034,0.94842416,0.9599311,0.96184003,0.9650734,0.9651547,0.9593271,0.9596614,0.9475379,0.9473174,0.9614809,0.9677407,0.961046,0.9660896,0.9581603,0.9657593,0.96250355,0.94865966,0.9672613,0.9646465,0.9537438,0.9689311,0.9526631,0.9463017,0.97112924,0.6793528,0.94868934,0.9640236,0.95956,0.9279311,0.92427063,0.9537265,0.95811915,0.9688626,0.9447001,0.9585933,0.96201545,0.960773,0.9557058,0.95281124,0.96058816,0.9602124,0.9627046,0.96504223,0.9571829,0.97112924,0.9603018,0.95226693,0.95561415,0.9547788,0.9606818,0.9531462,0.9636641,0.94104403,0.96450555,0.96576047,0.9580538,0.97001207,0.96435314,0.9714049,0.97050947,0.9528471,0.9569996,0.9665078,0.96781224,0.84893084,0.9517994,0.933413,0.95232797,0.95736855,0.9693321,0.9752355,0.96544856,0.9671318,0.9552153,0.95613647,0.95817167,0.94570607,0.96000016,0.96196175,0.9495261,0.9565658,0.96454346,0.92284876,0.9545395,0.9510919,0.9616947,0.95178944,0.9689401,0.9495873,0.9598264,0.96123296,0.969531,0.95276266,0.9710168,0.9565013,0.9594329,0.9412603,0.96378076,0.9658547,0.94644624,0.95953405,0.9491441,0.96778333,0.96821874,0.9675188,0.96794385,0.9469125,0.95207965,0.9648974,0.9596466,0.95860016,0.9623494,0.95536935,0.9710168,0.947575,0.9503856,0.96624666,0.9613289
abeautifuldaymovie,0.98447394,0.96415234,1.0,0.9718659,0.9786346,0.98271567,0.98305416,0.9793927,0.98986775,0.9678465,0.9681988,0.9763569,0.9834733,0.9770929,0.9741019,0.9757037,0.97665566,0.97685957,0.9759989,0.9602833,0.9815791,0.9840832,0.9862205,0.9739101,0.9758085,0.9019296,0.9785529,0.97695166,0.9889601,0.9726703,0.97940993,0.9765691,0.97448164,0.97673833,0.96745414,0.9652526,0.98176044,0.97956246,0.9710446,0.96917486,0.9759826,0.97475624,0.9679819,0.9783666,0.97359157,0.97642666,0.9846085,0.97624844,0.9667388,0.9750159,0.98758775,0.9740904,0.9677771,0.97394055,0.9674921,0.9741467,0.9730371,0.97932035,0.98259383,0.9780197,0.97314966,0.9799208,0.9769039,0.97347623,0.968924,0.9768777,0.9788968,0.97009414,0.96751064,0.9728272,0.98433805,0.7164114,0.9692441,0.98026973,0.98167527,0.9576581,0.9490969,0.97423375,0.97507435,0.9813104,0.9669721,0.9746341,0.97221124,0.9729017,0.9815512,0.97744524,0.9674085,0.97414434,0.98278916,0.9824588,0.9811832,0.98433805,0.9708066,0.9742514,0.9860036,0.970604,0.9701298,0.9748869,0.97522956,0.9790126,0.98140055,0.96496683,0.97636306,0.9842388,0.9793293,0.9870498,0.9792375,0.9769002,0.9694302,0.97271746,0.9793128,0.8731642,0.9741758,0.9507815,0.97671735,0.97686374,0.9847005,0.9869189,0.97602147,0.98174024,0.97707385,0.977116,0.9801285,0.98046684,0.975336,0.9798745,0.97007805,0.9806777,0.98120934,0.95363486,0.980912,0.9674837,0.9764501,0.977058,0.98212004,0.97243863,0.98296684,0.9682265,0.98140496,0.97479993,0.98986775,0.98020595,0.97497797,0.97111994,0.9785789,0.97715616,0.9699748,0.97235864,0.9739419,0.9795073,0.9809329,0.9849103,0.9765958,0.96139574,0.9703174,0.9785117,0.9850555,0.9834256,0.9786217,0.9730421,0.98986775,0.98235756,0.9757346,0.98284423,0.98288643
abominablemovie,0.9827647,0.9502456,0.9718659,0.9999998,0.96675974,0.983113,0.98377585,0.97392523,0.9834063,0.96934825,0.9649716,0.9601117,0.9768718,0.9747865,0.9705091,0.9619476,0.97920716,0.9563862,0.9692803,0.9604466,0.967092,0.969111,0.97180796,0.9709512,0.9671541,0.8964483,0.97671807,0.97110486,0.97322893,0.97562534,0.97330314,0.97151667,0.9678868,0.9698651,0.9693684,0.9547572,0.97455364,0.9762144,0.9702367,0.96300477,0.97574794,0.9759865,0.96294427,0.9775424,0.96426386,0.97254837,0.96971375,0.96865374,0.97170556,0.97691447,0.9740937,0.97621363,0.9701441,0.96396685,0.9677468,0.9546386,0.9768847,0.97409105,0.98578817,0.9709647,0.9773283,0.9783363,0.9704927,0.97434515,0.9740626,0.965582,0.9743876,0.9705178,0.9672961,0.96572536,0.9774365,0.72827154,0.9686679,0.96978265,0.980823,0.95357877,0.9453026,0.97542167,0.97097594,0.9692312,0.9557778,0.9781419,0.9631317,0.95960736,0.9726125,0.95957446,0.9705939,0.9708602,0.96305996,0.97636366,0.97823864,0.9774365,0.97324973,0.9735243,0.9657668,0.970199,0.9642898,0.9780307,0.9707998,0.97340137,0.9744967,0.9621434,0.96006113,0.9608958,0.9753069,0.97702235,0.9765024,0.9716426,0.97013617,0.96456426,0.9684058,0.8850854,0.9674328,0.9451274,0.9731037,0.97854626,0.98301077,0.9701837,0.9698,0.9798773,0.9750904,0.9672465,0.97680336,0.97224206,0.97764504,0.97102565,0.9671125,0.9710923,0.9716125,0.9604564,0.9768656,0.96259946,0.9742803,0.96339077,0.97787744,0.9809754,0.98335195,0.9708292,0.9688541,0.9598658,0.9834063,0.9657022,0.978219,0.96391094,0.96529806,0.9740045,0.9623686,0.9709905,0.9661914,0.9733295,0.9785459,0.97471124,0.97007275,0.96268094,0.9565577,0.975411,0.9721209,0.9744916,0.97837645,0.9703667,0.9834063,0.97046036,0.9666154,0.9708883,0.97660035
adastramovie,0.9775708,0.9502462,0.9786346,0.96675974,0.99999994,0.9736249,0.9706773,0.9719347,0.9830854,0.9822591,0.9651855,0.96045876,0.973954,0.9790971,0.9732749,0.97037363,0.976519,0.982001,0.97473454,0.9613336,0.97218233,0.96900624,0.9777741,0.97264194,0.9687161,0.9085911,0.98139226,0.96656805,0.975461,0.9767926,0.9716247,0.9663295,0.96774703,0.9652606,0.96694905,0.94793355,0.980827,0.9654008,0.9585365,0.9587115,0.968838,0.97150296,0.9685128,0.97584957,0.9678061,0.97349364,0.9777103,0.9659543,0.9607103,0.9753448,0.975658,0.9677779,0.95446926,0.9586857,0.96659833,0.9858742,0.97068566,0.9712816,0.9698521,0.975812,0.97355384,0.97263694,0.97909826,0.9743266,0.9676263,0.96222484,0.97350687,0.9628895,0.969983,0.96297336,0.9748722,0.7148537,0.972862,0.98033243,0.9710562,0.95229375,0.9318307,0.977411,0.9772579,0.970618,0.9751956,0.9588019,0.9633412,0.9716128,0.9702631,0.9707352,0.97361666,0.9669238,0.96683025,0.97640264,0.9665594,0.9748722,0.97056097,0.9714316,0.9754669,0.97732556,0.9675067,0.97058743,0.96211046,0.97474176,0.97507757,0.9707554,0.962956,0.9705232,0.9761397,0.9758206,0.97851586,0.9785584,0.963408,0.96618694,0.9686103,0.8862565,0.9699169,0.9345657,0.9729855,0.9691022,0.97363997,0.97242975,0.97792906,0.96809536,0.9695492,0.97553897,0.9768966,0.97035205,0.9682959,0.97171205,0.9698467,0.96204287,0.9779276,0.95075136,0.98213255,0.9754878,0.97515863,0.9601674,0.9784284,0.974046,0.97589266,0.9641598,0.9628224,0.9724302,0.9830854,0.9657878,0.9733574,0.9752327,0.9714264,0.9616617,0.96412796,0.96548295,0.97587955,0.97131085,0.9709287,0.9766226,0.9743182,0.94505435,0.96950626,0.97283953,0.97336334,0.9740331,0.970841,0.97050154,0.9830854,0.9713481,0.97380686,0.97506535,0.97373
adogsjourneymovie,0.9865703,0.9552514,0.98271567,0.983113,0.9736249,1.0000001,0.9808822,0.9737387,0.9891432,0.9702861,0.96932334,0.96995556,0.98428077,0.97583836,0.9768107,0.97459835,0.9810924,0.9695763,0.97728986,0.9647232,0.98032016,0.97637594,0.98400545,0.9774902,0.97898674,0.91094214,0.9767694,0.97150344,0.97568315,0.9770772,0.9780563,0.9739844,0.9734187,0.97500277,0.97241014,0.9697735,0.98503596,0.97780013,0.9720367,0.9701559,0.9760577,0.9788908,0.96651316,0.9803369,0.9701554,0.9845211,0.9823267,0.9714542,0.97474235,0.98040164,0.9780665,0.9750347,0.97122085,0.96927685,0.96758115,0.9616724,0.976671,0.9759708,0.98247343,0.97477055,0.97708803,0.9825005,0.9794043,0.9754375,0.9776975,0.96917605,0.97599655,0.97272605,0.9723466,0.96439147,0.9788881,0.694806,0.9649721,0.97531223,0.983146,0.9563578,0.9461115,0.9777055,0.9713911,0.97050947,0.96627766,0.96810293,0.96879786,0.97250414,0.97770494,0.9704019,0.9651644,0.98007417,0.97260815,0.98013455,0.9815678,0.9788881,0.97916734,0.9828723,0.9790873,0.97178715,0.97522455,0.9748467,0.9770702,0.98160505,0.9847811,0.9739325,0.97281975,0.969536,0.98019606,0.9801809,0.98301166,0.97698593,0.97492564,0.9671007,0.97670716,0.876193,0.9683899,0.9545626,0.97646314,0.9840896,0.98626626,0.9772039,0.9784478,0.97653264,0.9820338,0.9714766,0.9831871,0.987828,0.9800623,0.9766433,0.9770357,0.97464114,0.97582966,0.9623266,0.9826299,0.9724721,0.9776517,0.9654363,0.975257,0.97784173,0.98332113,0.97410417,0.97391343,0.97080404,0.9891432,0.96696323,0.98102814,0.9700183,0.96618754,0.9747742,0.9762114,0.97226065,0.9743213,0.9744683,0.97980654,0.97801316,0.9796005,0.9596551,0.9603465,0.9779427,0.9817041,0.9784934,0.9770673,0.973702,0.9891432,0.9767473,0.9778928,0.98098665,0.9797423
aftermathmovie,0.98573273,0.9630601,0.98305416,0.98377585,0.9706773,0.9808822,0.99999976,0.98500675,0.99237627,0.9695125,0.9679656,0.97000027,0.98571116,0.9848088,0.97387624,0.9718844,0.982693,0.96683675,0.97424823,0.9625367,0.97769785,0.97925776,0.9822369,0.980623,0.9743723,0.8956303,0.9795947,0.9827291,0.97876984,0.97739184,0.98175365,0.9853949,0.97586185,0.97956324,0.97127724,0.96201086,0.97617674,0.9803231,0.97494614,0.9774703,0.9783023,0.9855172,0.97473824,0.98611116,0.9758579,0.9782883,0.97893053,0.9736454,0.97805315,0.98558384,0.9808062,0.98252743,0.97631025,0.9773189,0.9726827,0.97024673,0.97685343,0.9831277,0.98807675,0.9769038,0.979675,0.981361,0.977088,0.975564,0.9776203,0.976617,0.9828278,0.9762443,0.9652704,0.9711591,0.9823068,0.7294705,0.9742849,0.9791378,0.97872275,0.95349747,0.95156026,0.9762128,0.9791023,0.9774099,0.95818466,0.98787636,0.97260654,0.97087926,0.9811471,0.97034824,0.9740142,0.98162985,0.9753902,0.9865992,0.9850259,0.9823068,0.97895074,0.9754204,0.97353786,0.9668276,0.96995044,0.9778239,0.98258847,0.9809674,0.98015493,0.9661471,0.97006947,0.97573036,0.9875787,0.9814683,0.9797634,0.97608334,0.974192,0.9737802,0.97927237,0.88263804,0.9760771,0.9565128,0.98230964,0.97562337,0.9875897,0.9788974,0.97912425,0.9941834,0.98104954,0.98350114,0.97891563,0.9775885,0.98172826,0.9842908,0.97933763,0.9724065,0.98134196,0.9602807,0.9831189,0.97276574,0.97849315,0.97227275,0.98487324,0.9792194,0.9856129,0.9709419,0.9777683,0.9703018,0.99237627,0.97869265,0.9829038,0.9625425,0.9792304,0.9852635,0.97197944,0.9767124,0.9723541,0.97980756,0.9908752,0.98438925,0.97426265,0.96773446,0.9661749,0.9838879,0.97880286,0.97765785,0.9834476,0.97686344,0.99237627,0.9786349,0.9732367,0.9811122,0.9817495
aftermovie,0.9810432,0.96269774,0.9793927,0.97392523,0.9719347,0.9737387,0.98500675,0.9999999,0.9861955,0.97366786,0.9615374,0.9737781,0.9803303,0.9790772,0.9771229,0.97070813,0.9734897,0.96893317,0.975341,0.96497554,0.97572213,0.97143143,0.9857241,0.98045516,0.96553326,0.89243853,0.9755865,0.9794844,0.976749,0.9737513,0.98161983,0.97932976,0.97218984,0.9673552,0.95776135,0.9508266,0.9725889,0.97159594,0.97774994,0.9737764,0.9739472,0.9811926,0.9720825,0.98135316,0.9723947,0.9744464,0.9816346,0.9706263,0.9701153,0.98076314,0.9761594,0.9746302,0.97027683,0.96661675,0.97084415,0.96265024,0.9689086,0.9820279,0.98227894,0.9734768,0.97546667,0.9752034,0.9760871,0.9713482,0.9732827,0.97519094,0.97756994,0.9731174,0.96014535,0.97267467,0.98008746,0.6928047,0.96925974,0.97875434,0.9773416,0.9504761,0.94502926,0.9713406,0.98041004,0.9688552,0.9539053,0.9742667,0.967962,0.96124834,0.9767221,0.9686314,0.96934336,0.9781836,0.9796639,0.9788472,0.97814685,0.98008746,0.9755302,0.97081596,0.97544694,0.9636423,0.9608326,0.97425514,0.9750775,0.9787553,0.97581553,0.9609765,0.9659713,0.97046417,0.9827823,0.9754447,0.9735193,0.971478,0.96417654,0.9703512,0.9786646,0.8795326,0.9780362,0.9399584,0.97894746,0.96541166,0.978532,0.9770078,0.9745701,0.9811851,0.97394186,0.98305655,0.9804346,0.9710044,0.98293215,0.9804205,0.97375417,0.9693607,0.98240936,0.95254314,0.97707164,0.97361225,0.971144,0.96944946,0.98746026,0.97683644,0.9771687,0.9719198,0.9794553,0.9697387,0.9861955,0.9771792,0.9795834,0.9578093,0.9770863,0.97541696,0.97860515,0.9633946,0.9609858,0.97067684,0.98153436,0.980271,0.9748862,0.9645924,0.97152364,0.9753097,0.9805626,0.9766838,0.9850476,0.977283,0.9861955,0.970466,0.9730167,0.97970045,0.9747584
ahiddenlifefilm,0.99254036,0.9710168,0.98986775,0.9834063,0.9830854,0.9891432,0.99237627,0.9861955,1.0000001,0.97893745,0.98238707,0.9775052,0.9924463,0.99085414,0.9877014,0.9841549,0.9907734,0.97853494,0.9819111,0.9756413,0.9871278,0.9887472,0.99126583,0.98881954,0.98342514,0.90204835,0.9895879,0.98717874,0.9883431,0.98238677,0.98584574,0.9904769,0.9832165,0.98356783,0.9809646,0.9734683,0.9891832,0.9826455,0.9822567,0.98491025,0.98637486,0.9903497,0.9795619,0.9906401,0.9857589,0.98746455,0.9899713,0.98149645,0.98637336,0.99067515,0.98909557,0.98847693,0.98138756,0.9810106,0.9794429,0.9782418,0.98151547,0.9898032,0.98694164,0.9895571,0.9897406,0.986423,0.98892105,0.98724264,0.98506117,0.982205,0.98589367,0.98472023,0.9794468,0.9780526,0.99157315,0.7144881,0.97830385,0.98828137,0.9862591,0.9630563,0.95807266,0.98650503,0.9836498,0.9845862,0.9778536,0.9828803,0.98662186,0.98011714,0.986699,0.9836512,0.9819329,0.9881387,0.9847982,0.9920239,0.9912014,0.99157315,0.9865909,0.98548204,0.9838176,0.9838051,0.9816266,0.9822175,0.98997515,0.9869042,0.9911023,0.97923917,0.98200166,0.9852268,0.98916423,0.98968315,0.9914055,0.98780644,0.9814783,0.9827016,0.9887212,0.8925713,0.98234755,0.9631111,0.98682773,0.98407525,0.99289113,0.98879737,0.99051714,0.988184,0.99004585,0.9885775,0.9894466,0.98593134,0.9886691,0.9881214,0.98512614,0.97918755,0.98861,0.96679145,0.9894761,0.9823379,0.989348,0.97560483,0.9908701,0.9854933,0.9907025,0.9819457,0.9874237,0.9815879,1.0000001,0.98382384,0.9891329,0.97875017,0.9869214,0.9859974,0.982163,0.9839483,0.98472774,0.98526,0.99038124,0.98991525,0.9879988,0.9666936,0.978362,0.9907923,0.989153,0.9889101,0.9855535,0.9846233,1.0000001,0.98377967,0.985759,0.99081886,0.9864529
alitamovie,0.9786299,0.94138134,0.9678465,0.96934825,0.9822591,0.9702861,0.9695125,0.97366786,0.97893745,0.99999994,0.9667625,0.955442,0.97027004,0.9756782,0.97698855,0.9653179,0.97616607,0.97849125,0.9739896,0.9710707,0.96630335,0.9653446,0.9784387,0.96847755,0.966897,0.90084046,0.98065937,0.9684559,0.9643166,0.9701204,0.97252655,0.96638674,0.9621561,0.97172433,0.9580633,0.944172,0.973645,0.96362704,0.95774794,0.9587778,0.96848166,0.9734987,0.96086603,0.970291,0.9648326,0.97202957,0.97782785,0.9623505,0.9569869,0.9706395,0.9662095,0.96906304,0.96519196,0.9497081,0.96681976,0.9764331,0.9692735,0.9703051,0.96979195,0.96621865,0.97429776,0.97443247,0.97967494,0.97046226,0.96654534,0.9590292,0.97165227,0.9632181,0.9668244,0.96800756,0.9697781,0.6736868,0.9716602,0.9769667,0.97021574,0.946484,0.9314183,0.96748036,0.97878647,0.9660165,0.96866804,0.9548506,0.96206266,0.96117264,0.96744865,0.9674099,0.9712761,0.9687589,0.96693903,0.96990263,0.9648717,0.9697781,0.96519834,0.96550524,0.97372293,0.97653246,0.9684762,0.9763236,0.9650272,0.974182,0.9712126,0.96416146,0.9529163,0.9633703,0.9798869,0.96664095,0.9733629,0.9716822,0.96167076,0.9624053,0.9664636,0.90395653,0.9620444,0.92934513,0.96886325,0.9624848,0.9729676,0.9645736,0.9744935,0.96382445,0.9694328,0.9695692,0.9798264,0.9674502,0.97417086,0.9716273,0.9737729,0.95537674,0.98355174,0.9460277,0.9748222,0.9771523,0.97356343,0.958067,0.97558385,0.9730407,0.96976924,0.9664219,0.9587171,0.9679088,0.97893745,0.95970833,0.973157,0.9637813,0.96763223,0.96186566,0.97093654,0.96045315,0.9655344,0.9685187,0.9677358,0.97183776,0.97171587,0.95095867,0.961777,0.97011226,0.9721976,0.9677758,0.96679956,0.9628757,0.97893745,0.97141737,0.9733027,0.975721,0.9705344
angelhasfallen,0.9799249,0.96142024,0.9681988,0.9649716,0.9651855,0.96932334,0.9679656,0.9615374,0.98238707,0.9667625,1.0000001,0.94988674,0.97566706,0.9767474,0.9741509,0.9684567,0.9782763,0.96186554,0.96814626,0.9595276,0.9674529,0.9725641,0.9702379,0.96348256,0.97970504,0.87991124,0.9772485,0.9677211,0.96716,0.96163434,0.9725304,0.9758741,0.9587008,0.96784717,0.9643786,0.9516777,0.9756965,0.964817,0.9656171,0.97197646,0.9718913,0.97551507,0.9561134,0.97049534,0.9781034,0.9667587,0.971496,0.96577406,0.97675854,0.97259253,0.9719736,0.975316,0.9686035,0.9607107,0.96186525,0.96419257,0.962596,0.9731821,0.96782506,0.9779411,0.97847843,0.9772073,0.9743251,0.97408926,0.9676195,0.97162193,0.9630622,0.9748614,0.98008895,0.9704528,0.97832716,0.68204683,0.96085304,0.97149277,0.966208,0.9469163,0.94301397,0.9707951,0.97020876,0.97787863,0.97731566,0.96162695,0.97714865,0.9669846,0.9686395,0.9693388,0.9791359,0.9707224,0.9665108,0.97429603,0.97307557,0.97832716,0.9679642,0.96302617,0.9655879,0.98145807,0.98043346,0.96700925,0.9753911,0.9638026,0.9784995,0.976019,0.9612358,0.9745033,0.97076416,0.9719189,0.9802278,0.9744603,0.95747316,0.9674412,0.97512734,0.8763086,0.9640967,0.9391977,0.9678061,0.9755816,0.9775763,0.96915275,0.98293304,0.96933043,0.9764595,0.96791613,0.97487205,0.967667,0.97122115,0.9671407,0.9651188,0.95674884,0.9733159,0.95365787,0.9646374,0.96309584,0.9735158,0.9540632,0.97154766,0.9664868,0.97227705,0.9716425,0.97403085,0.9627845,0.98238707,0.96397,0.9726998,0.9680371,0.97035426,0.96592855,0.9593869,0.97196,0.9718405,0.9689337,0.9731274,0.9730009,0.9787729,0.9570551,0.9644969,0.97839147,0.97381175,0.9742971,0.95726824,0.9636985,0.98238707,0.96406275,0.96315765,0.97669834,0.9701349
angrybirdsmovie,0.96418,0.946051,0.9763569,0.9601117,0.96045876,0.96995556,0.97000027,0.9737781,0.9775052,0.955442,0.94988674,0.9999998,0.9705187,0.9672276,0.9676454,0.9639589,0.96312594,0.9566547,0.96672666,0.95019037,0.9713103,0.9708217,0.9734111,0.9676109,0.95705533,0.89760613,0.96584916,0.97830933,0.9781348,0.97556704,0.9729185,0.9670525,0.95333403,0.964096,0.948012,0.9390802,0.9718632,0.960946,0.9702837,0.95629746,0.96102756,0.9661668,0.9761503,0.97312254,0.9722919,0.9739761,0.9723772,0.9684125,0.9583669,0.9714642,0.980041,0.9542096,0.96275675,0.96255994,0.9576515,0.9520893,0.9523295,0.9641244,0.96537584,0.96146506,0.96119326,0.9579227,0.9707096,0.96046966,0.951877,0.9681868,0.96908975,0.9522749,0.9518435,0.95704776,0.9671584,0.66459346,0.9578712,0.97558254,0.9655447,0.92798686,0.93682444,0.9572568,0.9624177,0.9554623,0.94769424,0.9591203,0.9605233,0.94988763,0.98167384,0.96961707,0.9448759,0.9601497,0.9743945,0.96806175,0.9700345,0.9671584,0.9655548,0.96586686,0.9722708,0.9613209,0.9529345,0.9688836,0.9719205,0.96472293,0.97047585,0.94605184,0.95674294,0.9609218,0.97208226,0.9778458,0.9650303,0.95414853,0.9551798,0.96180266,0.9676843,0.8476226,0.97025925,0.93108404,0.9693178,0.9568926,0.96677285,0.96677196,0.9580829,0.9683233,0.9653197,0.96659905,0.96670544,0.9685509,0.96777874,0.9681057,0.96259767,0.97121274,0.96826804,0.9557495,0.9735462,0.956747,0.9669931,0.9661487,0.9729963,0.96734065,0.9674913,0.9579485,0.97223765,0.95946187,0.9775052,0.96999514,0.96473503,0.9533293,0.96509033,0.9554656,0.9679178,0.95146346,0.95178795,0.96147346,0.96373904,0.96995836,0.9638145,0.9564003,0.9570792,0.9686865,0.96930665,0.9719355,0.97327334,0.9778928,0.9775052,0.96606123,0.9683073,0.968003,0.97096515
annabellemovie,0.9855972,0.9631362,0.9834733,0.9768718,0.973954,0.98428077,0.98571116,0.9803303,0.9924463,0.97027004,0.97566706,0.9705187,1.0000005,0.98543674,0.9823682,0.9714469,0.97931033,0.97011113,0.9750608,0.9698673,0.9796644,0.9865401,0.9832135,0.97752494,0.9773543,0.9059294,0.97958624,0.97754717,0.9815619,0.9756302,0.979387,0.9853539,0.9784391,0.9701262,0.9731112,0.97055787,0.98434824,0.9819064,0.97706336,0.9794114,0.9741518,0.9823665,0.9737849,0.981286,0.9775208,0.98229825,0.9822286,0.9839105,0.9838099,0.98250604,0.9842069,0.9823774,0.9807147,0.9787236,0.973512,0.9705451,0.9706316,0.9858594,0.98109066,0.9859044,0.9827531,0.97720844,0.98444444,0.98020834,0.9787032,0.97917145,0.976669,0.97850806,0.97393245,0.9752318,0.9847211,0.7029476,0.9671695,0.975347,0.9806793,0.96516186,0.9579822,0.9788689,0.97779655,0.98160225,0.9687125,0.9745042,0.98563486,0.978703,0.9826243,0.9754466,0.9773344,0.99080014,0.97814834,0.9844606,0.98140985,0.9847211,0.9800716,0.9730925,0.982138,0.97604465,0.9785034,0.97255707,0.9864322,0.9845293,0.98609376,0.9743687,0.9829673,0.9787659,0.98261505,0.9844596,0.9825783,0.97818667,0.9751586,0.9715563,0.9855874,0.9065147,0.9749479,0.95620495,0.983102,0.97329706,0.9843396,0.9808578,0.983655,0.9802575,0.98635226,0.98128515,0.9847974,0.97784215,0.9831339,0.98213065,0.9837496,0.9773686,0.9848702,0.95823276,0.98153156,0.9770915,0.9822822,0.9638678,0.9854694,0.9762542,0.9831929,0.9766423,0.98212683,0.96754307,0.9924463,0.975806,0.9821429,0.97151977,0.9792229,0.9815565,0.97810197,0.9804601,0.97781575,0.9747983,0.98274726,0.98176944,0.9780702,0.95723766,0.9725306,0.9840322,0.9836709,0.983262,0.9763075,0.9790057,0.9924463,0.9744057,0.9775788,0.9838841,0.97744715
annamovie,0.9860231,0.96424145,0.9770929,0.9747865,0.9790971,0.97583836,0.9848088,0.9790772,0.99085414,0.9756782,0.9767474,0.9672276,0.98543674,0.9999999,0.9835959,0.9745656,0.98541224,0.9748502,0.97850454,0.9686234,0.97917724,0.9781242,0.98094493,0.9773246,0.9757695,0.8932982,0.9839865,0.98068225,0.9792595,0.9788949,0.9804541,0.98263574,0.9780025,0.96581155,0.9714182,0.9549184,0.9796103,0.9752894,0.9754607,0.97427386,0.97475684,0.9806035,0.973143,0.98186177,0.98159665,0.9761754,0.98074955,0.97933453,0.97560006,0.9833787,0.97850823,0.9805916,0.97698563,0.9771713,0.9643772,0.9735701,0.9684075,0.9793953,0.980635,0.9811352,0.98235095,0.97963494,0.9861034,0.98382974,0.977025,0.9710111,0.9794763,0.9773963,0.9677883,0.9720742,0.981154,0.69783366,0.97090644,0.979525,0.9738706,0.95220566,0.94373727,0.98420423,0.9818317,0.97673744,0.9675435,0.9752092,0.97755945,0.96699744,0.9749273,0.9767397,0.97729105,0.9817193,0.97983104,0.98353493,0.97792935,0.981154,0.9799184,0.97062975,0.9761022,0.98157287,0.97677684,0.9764261,0.981372,0.9811807,0.9783568,0.971958,0.97428375,0.97930145,0.9877619,0.9803339,0.98080134,0.9753081,0.970909,0.97521627,0.98051864,0.88787997,0.9742893,0.93837166,0.98198587,0.97204286,0.9857803,0.9746362,0.981529,0.9820185,0.9817395,0.980499,0.98025864,0.9743278,0.9809764,0.97998726,0.9828584,0.9681612,0.9847255,0.9579455,0.9813714,0.97566557,0.98408717,0.9647819,0.9821652,0.9791627,0.98312855,0.9749886,0.9765742,0.96931374,0.99085414,0.9739254,0.9757265,0.97421753,0.9813731,0.97605026,0.97242916,0.9771605,0.9768791,0.97834545,0.9827233,0.9832725,0.97488827,0.95737356,0.97017694,0.9848292,0.9780023,0.9823704,0.97623986,0.9735585,0.99085414,0.9732221,0.9728007,0.9835789,0.9761981
apollo11movie,0.97893155,0.96708435,0.9741019,0.9705091,0.9732749,0.9768107,0.97387624,0.9771229,0.9877014,0.97698855,0.9741509,0.9676454,0.9823682,0.9835959,1.0000004,0.9755486,0.98191595,0.9691421,0.96699667,0.9859613,0.9724223,0.9809796,0.97985864,0.9788193,0.97403574,0.8855662,0.9798943,0.9791663,0.9773597,0.97220665,0.9690555,0.977132,0.9732616,0.9661133,0.9728888,0.95830935,0.9787156,0.9647599,0.9750949,0.9783646,0.9701184,0.98099315,0.97286206,0.98036623,0.97260314,0.97771686,0.9805587,0.9711736,0.97319204,0.9809125,0.9781473,0.9803678,0.97202605,0.970804,0.96188086,0.96484095,0.96750164,0.9780009,0.9717526,0.9793319,0.9804109,0.9758048,0.98399854,0.9764945,0.9799828,0.97299516,0.9763335,0.9798238,0.97285134,0.96373695,0.98019993,0.67853564,0.9693743,0.9808393,0.97391826,0.9559488,0.9469552,0.97656685,0.9789245,0.9772999,0.96739006,0.96611375,0.9815443,0.9689559,0.9723025,0.9764634,0.97666496,0.9802741,0.9752849,0.9758813,0.9761677,0.98019993,0.97787935,0.9747137,0.9766974,0.97991294,0.977312,0.97382456,0.979163,0.9776145,0.9797347,0.9773386,0.97168905,0.97640127,0.9784985,0.98067176,0.9823593,0.97609097,0.9682935,0.9714415,0.98494977,0.9011641,0.9647491,0.9480037,0.97089684,0.9692257,0.9792921,0.9797519,0.9802849,0.9735661,0.9823696,0.97336084,0.9759525,0.9655692,0.98183334,0.9791434,0.97872365,0.9673572,0.98020375,0.9561367,0.97395325,0.97200316,0.9790618,0.9656896,0.9811226,0.9756711,0.975166,0.97912693,0.9765983,0.97249454,0.9877014,0.97218,0.97690386,0.9635498,0.97706777,0.97488743,0.97744805,0.9722893,0.9745992,0.9692696,0.9735895,0.98139095,0.97904605,0.95904285,0.96217144,0.97984755,0.9763289,0.9783019,0.9737322,0.97356075,0.9877014,0.969575,0.9785138,0.9794537,0.9740235
arcticdogsmovie,0.97416455,0.97453034,0.9757037,0.9619476,0.97037363,0.97459835,0.9718844,0.97070813,0.9841549,0.9653179,0.9684567,0.9639589,0.9714469,0.9745656,0.9755486,1.0000001,0.97631574,0.96584207,0.9614039,0.9596116,0.9788946,0.9720917,0.978392,0.97743356,0.9772096,0.86918235,0.9745469,0.9779568,0.97380286,0.96452904,0.97787976,0.9759631,0.9643972,0.96762234,0.9722562,0.9594628,0.9787753,0.9713132,0.9696594,0.96768373,0.9800574,0.97360325,0.95579386,0.9746602,0.97626215,0.973436,0.9784026,0.96286553,0.96352,0.9759344,0.972268,0.96821725,0.96469665,0.96877414,0.9538781,0.9642466,0.9721256,0.9745608,0.9680856,0.96877575,0.9717038,0.9778245,0.97839344,0.96917653,0.97042924,0.9723106,0.9711784,0.96967584,0.96200466,0.96086735,0.9712749,0.7022735,0.9678672,0.98159283,0.9725012,0.9606651,0.93956894,0.9740263,0.9722508,0.967377,0.96085006,0.96434927,0.96981466,0.9750358,0.97280765,0.9725486,0.96383315,0.9686407,0.9684113,0.97636503,0.9791445,0.9712749,0.9694223,0.968351,0.97208285,0.9669517,0.9664437,0.9711687,0.9726252,0.9607769,0.97918075,0.9695863,0.96046066,0.9660905,0.97618115,0.97811806,0.97729105,0.9778133,0.96914023,0.97887534,0.9689661,0.8694378,0.9739287,0.94438803,0.97293544,0.9756108,0.980615,0.9828773,0.9789392,0.9705443,0.9696792,0.9740794,0.9737905,0.97586316,0.9788306,0.96803474,0.96751505,0.9578571,0.97321457,0.9393882,0.97674036,0.96171564,0.9770291,0.96103793,0.9757304,0.96977335,0.9690085,0.97255474,0.9688794,0.9718494,0.9841549,0.9679602,0.97317576,0.96704626,0.9769271,0.9637267,0.9656094,0.9629365,0.96737945,0.97337127,0.9751566,0.9775648,0.97804755,0.9507842,0.95952773,0.97206444,0.97381103,0.97185236,0.96970844,0.9745193,0.9841549,0.9679189,0.9688785,0.97797686,0.97230166
arcticmovie,0.9841445,0.95729685,0.97665566,0.97920716,0.976519,0.9810924,0.982693,0.9734897,0.9907734,0.97616607,0.9782763,0.96312594,0.97931033,0.98541224,0.98191595,0.97631574,0.9999999,0.9724796,0.9712767,0.96899015,0.9742441,0.97867864,0.9782431,0.9826058,0.9714632,0.8837949,0.9841721,0.9785862,0.9743648,0.96972764,0.9784811,0.98401195,0.97774243,0.972267,0.97629035,0.9557221,0.9769047,0.97213626,0.97571295,0.98018616,0.9784039,0.9801131,0.9693035,0.9809429,0.97763383,0.97773546,0.9779272,0.9723822,0.9754299,0.9810822,0.97496474,0.98372924,0.96901876,0.9697155,0.9665428,0.9690126,0.9731943,0.97882146,0.9788693,0.9756521,0.9819372,0.980754,0.98356944,0.9838673,0.9773114,0.9698079,0.9746506,0.9789546,0.9700257,0.96736795,0.97882205,0.70687675,0.96619076,0.97962147,0.97863686,0.9470372,0.9464967,0.98513603,0.97677183,0.97301453,0.97271514,0.97133344,0.97357553,0.97035384,0.9728233,0.9707937,0.97574854,0.97779983,0.97138494,0.9835827,0.9798443,0.97882205,0.9802217,0.97842175,0.96661115,0.98048705,0.96466815,0.97630036,0.9776842,0.9746834,0.977366,0.9698145,0.96304464,0.97286993,0.9795633,0.97677803,0.985309,0.98331165,0.97547877,0.9805129,0.9761088,0.8812536,0.9723828,0.94764763,0.9772004,0.9782104,0.98435146,0.9776454,0.9844954,0.9781938,0.9829046,0.9769997,0.9811965,0.9760349,0.9824324,0.97855693,0.9779951,0.96595204,0.9793003,0.9650538,0.9783284,0.973146,0.9892245,0.9629817,0.9808946,0.97490877,0.98504555,0.9784046,0.9736915,0.9731642,0.9907734,0.97090805,0.9758783,0.9767158,0.973882,0.97927845,0.9728421,0.97688717,0.97974193,0.9776153,0.98270416,0.9767615,0.97805595,0.95925426,0.9625409,0.9818076,0.9747937,0.97962,0.97328717,0.9699794,0.9907734,0.97440684,0.97954226,0.9810234,0.97685266
artofracingmovie,0.9755781,0.9423177,0.97685957,0.9563862,0.982001,0.9695763,0.96683675,0.96893317,0.97853494,0.97849125,0.96186554,0.9566547,0.97011113,0.9748502,0.9691421,0.96584207,0.9724796,0.99999976,0.97613806,0.9629447,0.97292393,0.965618,0.9759338,0.96535784,0.96765006,0.898464,0.9742828,0.9634215,0.9649451,0.9648089,0.96429336,0.96149606,0.9596615,0.96473753,0.95770276,0.952907,0.9696862,0.9585991,0.9535739,0.95691454,0.96824133,0.9701631,0.95574486,0.9682578,0.9620142,0.9688413,0.9697846,0.9639067,0.95343983,0.9681875,0.965559,0.96597326,0.95456386,0.9582075,0.95500714,0.9784701,0.9645765,0.9721614,0.96393603,0.9642755,0.9714042,0.9683783,0.9680031,0.9715544,0.96650356,0.9617667,0.9674946,0.9624769,0.95900476,0.96343017,0.9692081,0.7004017,0.96537066,0.9731159,0.96503353,0.9408044,0.9310669,0.959978,0.9667574,0.9640869,0.96868753,0.95298374,0.96246445,0.9654769,0.96335,0.9642903,0.9637275,0.9697451,0.9732546,0.9707328,0.96345675,0.9692081,0.9644587,0.96664965,0.97136045,0.9693271,0.9598844,0.9649195,0.9649378,0.97093,0.96540385,0.96090287,0.9554924,0.96589774,0.9741923,0.96481365,0.97133714,0.97062546,0.9569568,0.95796233,0.9664082,0.8726217,0.96706915,0.9289809,0.96789044,0.96403456,0.9687232,0.9667939,0.97355247,0.96287984,0.9705824,0.9743857,0.9751416,0.9690213,0.9620719,0.9692891,0.9721999,0.95479083,0.98103154,0.9411272,0.9733826,0.9760404,0.96499145,0.9511327,0.9698173,0.9644218,0.96502036,0.96158606,0.960562,0.9737142,0.97853494,0.95698065,0.96240175,0.9644068,0.9636613,0.96462214,0.9698031,0.96560985,0.97041833,0.96804327,0.9642203,0.9716903,0.9723053,0.9427017,0.96382743,0.9636595,0.9696909,0.9747714,0.9683755,0.96159554,0.97853494,0.9706899,0.97009456,0.9685119,0.9640622
avengers,0.9860054,0.94098943,0.9759989,0.9692803,0.97473454,0.97728986,0.97424823,0.975341,0.9819111,0.9739896,0.96814626,0.96672666,0.9750608,0.97850454,0.96699667,0.9614039,0.9712767,0.97613806,1.0000002,0.95883673,0.96952,0.9658498,0.9785355,0.9703492,0.9724656,0.9302467,0.97491246,0.9658169,0.9696899,0.9711043,0.9797502,0.96726936,0.9637993,0.9656433,0.95564145,0.9597884,0.97626525,0.96964073,0.9662852,0.9591759,0.9686637,0.97079825,0.96799105,0.97385234,0.96631336,0.97495955,0.97448975,0.96970123,0.96883273,0.9755085,0.97184384,0.9661036,0.96761423,0.95731133,0.9630865,0.96591145,0.96288,0.9668866,0.9693639,0.967633,0.9764125,0.9750775,0.9717891,0.9811012,0.96331805,0.9593149,0.97099775,0.9588078,0.96933526,0.96983117,0.97193706,0.69802374,0.9632889,0.9738289,0.9684443,0.94264823,0.93479514,0.96652985,0.96663135,0.9624214,0.9679582,0.9633307,0.96671593,0.96153533,0.97160906,0.97414696,0.9618176,0.9674295,0.97229433,0.9735561,0.97256655,0.97193706,0.97306347,0.9763687,0.9729274,0.97330695,0.970086,0.97114325,0.9739989,0.97676957,0.9727833,0.95999235,0.96208787,0.9642277,0.9754905,0.96729076,0.9736292,0.9700589,0.9542882,0.95822126,0.9706502,0.87262666,0.9719102,0.93431497,0.97489345,0.9706826,0.97542053,0.9622166,0.9723473,0.9714062,0.9743392,0.97408366,0.9799895,0.97474223,0.9672172,0.96995276,0.97098064,0.9658259,0.9742813,0.9580014,0.97625244,0.97055393,0.9707493,0.9630599,0.97389686,0.97141606,0.97371465,0.9658276,0.9666327,0.9662945,0.9819111,0.9661855,0.97306705,0.9669668,0.9678675,0.96319026,0.96815497,0.963697,0.97086334,0.96836,0.9735944,0.97999585,0.97307426,0.9481013,0.9631689,0.9684193,0.9768513,0.9755854,0.97151303,0.97000206,0.9819111,0.9750036,0.972916,0.9766801,0.97406715
beachbummovie,0.9679232,0.9504373,0.9602833,0.9604466,0.9613336,0.9647232,0.9625367,0.96497554,0.9756413,0.9710707,0.9595276,0.95019037,0.9698673,0.9686234,0.9859613,0.9596116,0.96899015,0.9629447,0.95883673,1.0000002,0.95921654,0.9743966,0.96511763,0.96230096,0.9623697,0.87247306,0.9697863,0.9626086,0.96018445,0.9551759,0.95839065,0.9665703,0.9568064,0.9606184,0.96015835,0.94780254,0.9663149,0.94976246,0.9570461,0.96808994,0.959871,0.9659311,0.9491439,0.9627684,0.9567357,0.9726983,0.9653678,0.9579443,0.9599694,0.96202344,0.9626497,0.9737345,0.9601624,0.9481983,0.9538574,0.96148455,0.9662922,0.9662931,0.9626227,0.96444833,0.9750946,0.9740074,0.9706195,0.9626852,0.9747038,0.9593777,0.96663797,0.96977425,0.96943295,0.96428066,0.9671045,0.672318,0.95830595,0.9714062,0.9561792,0.9476825,0.9328929,0.96347624,0.9726271,0.96855026,0.9626794,0.9530588,0.9728332,0.9617989,0.9545231,0.96057737,0.9662904,0.97437143,0.96146154,0.9622503,0.96701545,0.9671045,0.96290237,0.9576222,0.9634967,0.9625048,0.9676989,0.9768818,0.9711703,0.9655031,0.9679871,0.97425604,0.95454615,0.95717204,0.9659006,0.96548855,0.9704159,0.96215373,0.95166326,0.96195614,0.97593963,0.8895203,0.9506848,0.93933743,0.95460784,0.9534219,0.9652387,0.9629741,0.97394073,0.9582131,0.9691899,0.96216613,0.9634912,0.95534223,0.9730943,0.96828234,0.9717999,0.9531258,0.9743365,0.9406822,0.96309185,0.9646258,0.96191025,0.9512546,0.9669071,0.9624343,0.9653029,0.96898675,0.95908016,0.9687257,0.9756413,0.95540166,0.9666866,0.9476265,0.96159065,0.9698452,0.9690316,0.95595807,0.96002394,0.9585695,0.9613244,0.9673579,0.9722447,0.9376205,0.94683707,0.9684333,0.96363723,0.965803,0.95667636,0.9547605,0.9756413,0.9609064,0.97159505,0.96018153,0.96591985
bernadettefilm,0.98226607,0.96219116,0.9815791,0.967092,0.97218233,0.98032016,0.97769785,0.97572213,0.9871278,0.96630335,0.9674529,0.9713103,0.9796644,0.97917724,0.9724223,0.9788946,0.9742441,0.97292393,0.96952,0.95921654,1.0000002,0.9754728,0.98313445,0.97218686,0.97470665,0.90470463,0.97763175,0.97791666,0.97811854,0.9722764,0.97649086,0.9815006,0.97014457,0.9649502,0.9684398,0.96458226,0.98284674,0.97646314,0.9653892,0.97057307,0.9745257,0.9737024,0.9622252,0.97554904,0.9800185,0.97628295,0.9788381,0.9696121,0.966168,0.97501457,0.9768902,0.970334,0.9667304,0.97326124,0.9628715,0.96138304,0.97665876,0.9827778,0.9777814,0.9723517,0.97315115,0.9734445,0.977732,0.9719393,0.96931344,0.9698563,0.9770763,0.97207946,0.96263236,0.96530145,0.9783922,0.6883125,0.9595643,0.98016053,0.9715107,0.9540792,0.943249,0.9743481,0.9740595,0.9677068,0.96255934,0.9700479,0.9729981,0.9666215,0.97925824,0.9762309,0.9641645,0.9741933,0.97546387,0.9779305,0.98258126,0.9783922,0.96999794,0.973572,0.97742414,0.96855026,0.9718837,0.97139376,0.9739268,0.97277737,0.9842046,0.9666072,0.9684352,0.97227603,0.9837091,0.9772874,0.97879314,0.97459525,0.96995294,0.9707243,0.97391605,0.87378573,0.97974646,0.956049,0.9857975,0.9780735,0.98522997,0.97513914,0.97568834,0.97271806,0.9798468,0.97530717,0.9786931,0.9795534,0.97201055,0.97743803,0.9781941,0.96660423,0.976675,0.9418985,0.9875737,0.9712578,0.9772524,0.9643361,0.9818685,0.96943027,0.974039,0.9662678,0.97868437,0.97949666,0.9871278,0.9727587,0.97531027,0.9680422,0.97629446,0.9742704,0.97115576,0.972533,0.96786165,0.9778562,0.9776495,0.97819936,0.97491837,0.96082085,0.9667814,0.97986597,0.9742443,0.98135954,0.977932,0.97739726,0.9871278,0.97383666,0.9746026,0.97987324,0.97206885
