movie,21bridgesmovie,47metersdown,abeautifuldaymovie,abominablemovie,adastramovie,adogsjourneymovie,aftermathmovie,aftermovie,ahiddenlifefilm,alitamovie,angelhasfallen,angrybirdsmovie,annabellemovie,annamovie,apollo11movie,arcticdogsmovie,arcticmovie,artofracingmovie,avengers,beachbummovie,bernadettefilm,blackandbluemovie,blackchristmas,blindedbythelightmovie,bombshellmovie,booksmart,breakthroughmovie,brianbanksmovie,brightburnmovie,brittanyrunsmov,captainmarvelofficial,captivestatemovie,catsmovie,charliesangels,childsplaymovie,clarathefilm,coldpursuitmovie,countdown,currentwarmovie,darkwatersmovie,detectivepikachumovie,disneyaladdin,disneyfrozen,disneymaleficent,doctorsleepmovie,dolemiteismyname,dontletgomovie,doramovie,downtonabbey_official,dumbo,escaperoom,everybodyknowsmovie,fastandfuriousmovie,fightingwmyfam,fivefeetapartfilm,fordvferrari,freaksthefilm,geminimanmovie,glassmovie,gloriabellmovie,godzillamovie,goldfinchmovie,goodboysmovie,goodliarmovie,gretafilm,halathemovie,happydeathdaymovie,harrietfilm,hellboymovie,hersmellmovie,highlifemovie,highstrungmovie,honeyboymovie,hotelmumbaifilm,httydragon,hustlemovie,hustlersmovie,isntitromantic,itmovieofficial,jayandsilentbob,johnwickmovie,jojorabbitmovie,jokermovie,judythefilm,jumanjimovie,justmercyfilm,knivesout,lalloronamovie,lastblackmansf,lastchristmasthemovie,latenightmovie,lighthousemovie,lionking,littlethemovie,littlewomenmovie,littlewoodsfilm,longshotmovie,lordsofchaosmovie,lucyintheskyfilm,mamovie2019,marriagestory,meettheaddams,meninblack,midsommarmovie,midwaymovie,missbalamovie,missinglinkfilm,motherlessbklyn,onceinhollywood,onthebasisofsex,overcomermovie,peanutbutterfalcon,petsematarymovie,piercingmovie,playingwithfire,playmobilthemovie,pomsmovie,queenandslim,rambomovie,readyornotfilm,richardjewellfilm,rocketmanmovie,scarystoriesmovie,secretlifeofpets,serenityfilm,shaftmovie,shazammovie,spidermanmovie,spiesindisguise,starwars,stormboymovie,stubermovie,taosdfilm,teenspiritmov,terminator,theaeronautsmov,thebestofenemies,thedeaddontdie,thefarewell,thehighwaymen,thehummingbirdprojectfilm,theintrudermovie,theirishmanfilm,thekitchenmovie,thelegomovie,themustangfilm,thenightingalefilm,theprodigymovie,thesunisalsoastar,theupsidefilm,tolkienmovie,toystory,triplefrontier,uglydolls,uncutgems,underthesilverlake,usmovie,wavesmovie,whatmenwant,wonderparkmovie,wrinklestheclown,xmenmovies,yardiefilm,yesterdaymovie,zombieland
21bridgesmovie,1.0000005,0.94630903,0.9637539,0.9470003,0.95654064,0.9486898,0.96404743,0.94978976,0.978538,0.9529611,0.96230936,0.9468904,0.9545978,0.959458,0.96498317,0.9477266,0.95617753,0.9558062,0.9686472,0.95007294,0.9565182,0.96576047,0.9647548,0.9594046,0.9519864,0.8807086,0.95481795,0.95495814,0.96514046,0.9490235,0.94626486,0.9546562,0.95493335,0.95861596,0.9513463,0.94274616,0.9593803,0.9665277,0.9529247,0.95591325,0.9537006,0.961874,0.9509149,0.96278596,0.94963187,0.94991446,0.9584544,0.9534267,0.95519215,0.9655123,0.9602981,0.96235144,0.95526546,0.9661378,0.94517034,0.96252114,0.95553875,0.9577083,0.94565755,0.95373595,0.94939554,0.95274997,0.9516201,0.95682377,0.95046216,0.94710094,0.9572718,0.9525109,0.9538049,0.9520361,0.9563164,0.8448928,0.9492577,0.9553554,0.94572824,0.9518284,0.94349545,0.95087606,0.95088446,0.95848644,0.95290166,0.9569353,0.9536859,0.9503189,0.9601217,0.95277005,0.9618053,0.9552093,0.95745045,0.9612033,0.95329785,0.9563164,0.95366085,0.9476517,0.9546394,0.9569414,0.9483332,0.95398235,0.9543881,0.9526195,0.9537044,0.9409389,0.9551707,0.95851135,0.95375925,0.96535504,0.95410854,0.9455549,0.9486773,0.95537436,0.9629606,0.90093696,0.9472288,0.9391666,0.95157665,0.96855444,0.98790485,0.95275724,0.957679,0.95700234,0.9518852,0.9523232,0.9527086,0.9588089,0.9643923,0.9535633,0.9469335,0.94995826,0.9488183,0.9382601,0.9557901,0.95441514,0.95495296,0.94312483,0.953563,0.9542206,0.96739703,0.9536594,0.9544865,0.945421,0.978538,0.9606838,0.95314455,0.95082396,0.95653474,0.95944715,0.95185226,0.9579101,0.94898045,0.9669401,0.95834833,0.9576251,0.9538194,0.9483699,0.9476078,0.9546985,0.9559258,0.9394637,0.94924486,0.94948006,0.978538,0.9578229,0.9654267,0.9547386,0.9577453
47metersdown,0.94630903,0.9999998,0.9488478,0.9376018,0.9568432,0.93397033,0.9587563,0.9467475,0.968897,0.94690907,0.9471953,0.9432231,0.9464509,0.9426173,0.9464023,0.95478874,0.95154,0.95582193,0.94862723,0.9451929,0.93687505,0.947443,0.95900506,0.94680977,0.94046474,0.8788793,0.9483859,0.9516162,0.94751203,0.93545187,0.94940835,0.9467704,0.93604755,0.9406826,0.9426388,0.9272382,0.9578709,0.9519499,0.94190407,0.948323,0.93273973,0.95378673,0.9446162,0.9537845,0.9427863,0.94926155,0.9533345,0.94629776,0.9361232,0.9566085,0.94398934,0.9570151,0.955069,0.9481074,0.9393151,0.9582195,0.95313877,0.9489174,0.9443279,0.94416416,0.93985045,0.94632757,0.9434159,0.9450419,0.94536436,0.94151294,0.94611573,0.9522244,0.94631237,0.95323956,0.95042515,0.8314207,0.9379211,0.9451324,0.93566614,0.94299376,0.9135625,0.93548644,0.94194746,0.93952954,0.9450088,0.9429657,0.94542825,0.939765,0.94770324,0.94558465,0.95286196,0.9561159,0.9520745,0.9509641,0.9371544,0.95042515,0.9460643,0.9384256,0.9435165,0.9368968,0.94129294,0.9446512,0.94008934,0.95501333,0.9526097,0.93470633,0.94033074,0.9454524,0.95807487,0.94411385,0.95467216,0.9392732,0.93460596,0.9502529,0.9519402,0.8812061,0.94667697,0.9264244,0.9457202,0.93964046,0.94911814,0.9430292,0.95589805,0.9521458,0.943092,0.94317734,0.94282174,0.94503117,0.95418537,0.9533883,0.9366385,0.93551105,0.94806194,0.9433495,0.9370969,0.94628257,0.94969136,0.92550653,0.94630533,0.93390834,0.94639844,0.93987,0.95062095,0.9479113,0.968897,0.9488471,0.94266427,0.941515,0.93969655,0.9516478,0.9370367,0.9406327,0.9441964,0.9406167,0.94878656,0.95757395,0.95216435,0.92919904,0.93529797,0.9465969,0.9487774,0.93670666,0.9468851,0.94197506,0.968897,0.94481426,0.9479389,0.9498453,0.9450173
abeautifuldaymovie,0.9637539,0.9488478,1.0000004,0.94976515,0.957731,0.9528211,0.9634533,0.95611775,0.97887456,0.95080155,0.96235085,0.95129305,0.9602978,0.96089655,0.9612374,0.9559781,0.9601119,0.95447373,0.9602911,0.95485586,0.9577976,0.97369134,0.9579206,0.96162105,0.9516134,0.8973277,0.95442957,0.9561679,0.97997075,0.9447079,0.95304793,0.957213,0.9449657,0.95706975,0.94520116,0.93499506,0.96156985,0.95881534,0.9612396,0.95991045,0.95142615,0.95328015,0.9516624,0.95959646,0.9533448,0.95592815,0.95473915,0.9577683,0.9567196,0.95863104,0.97592837,0.9674934,0.95929265,0.96225303,0.9485818,0.96232694,0.9622896,0.95927167,0.95436597,0.96189344,0.9496625,0.9590414,0.9626383,0.9658682,0.95505553,0.95240253,0.96043736,0.9647823,0.95283306,0.9508362,0.9607485,0.8457425,0.94772124,0.9541176,0.9424595,0.95134676,0.9362592,0.9510682,0.952871,0.9498661,0.9544229,0.9555511,0.95191836,0.95313585,0.9648164,0.9551459,0.9510888,0.9577366,0.95856446,0.9624306,0.9555969,0.9607485,0.9553077,0.9532499,0.96726996,0.9609915,0.95528066,0.95680255,0.950727,0.9574544,0.955435,0.95202476,0.95962304,0.9605442,0.956791,0.97676766,0.958935,0.95292395,0.9597905,0.9561852,0.9595253,0.8883441,0.95553726,0.93858427,0.9563476,0.9596222,0.96620196,0.9551235,0.95960355,0.96218544,0.9579133,0.9563581,0.94669193,0.9563095,0.9633642,0.9528308,0.95361555,0.9636587,0.9506189,0.94360554,0.95812845,0.9573593,0.9660648,0.9369734,0.9607715,0.9490498,0.9571708,0.9591727,0.95228505,0.95042396,0.97887456,0.97421944,0.95506644,0.9562429,0.9550738,0.95849156,0.9467107,0.9450235,0.9617755,0.9548154,0.95708996,0.9662282,0.95535874,0.9447879,0.95096123,0.9569106,0.9575561,0.947516,0.9540783,0.9608198,0.97887456,0.9525237,0.96780664,0.9552574,0.97036713
abominablemovie,0.9470003,0.9376018,0.94976515,0.9999994,0.949681,0.9444938,0.9601918,0.9537774,0.97361326,0.9436395,0.9583355,0.94107294,0.9611724,0.9526272,0.9552339,0.9536944,0.9451633,0.94540334,0.9483402,0.9522786,0.94910425,0.9517823,0.9613805,0.95883715,0.94780296,0.91071284,0.9473485,0.94997954,0.9477331,0.9379169,0.9448295,0.95660514,0.9425735,0.9398505,0.94954574,0.9347318,0.95474696,0.9576981,0.95444846,0.955484,0.9563662,0.95149624,0.95067555,0.9570916,0.9494205,0.9557704,0.9547356,0.95201683,0.95155114,0.9540516,0.9499388,0.96067554,0.9458103,0.95339227,0.9498482,0.9542357,0.95274997,0.9544144,0.9614544,0.94981855,0.9442677,0.96478444,0.95360583,0.960665,0.95359707,0.94386137,0.94858885,0.9573902,0.9532263,0.94942904,0.94628406,0.8403409,0.95081985,0.95024204,0.95169044,0.947943,0.91983116,0.95183456,0.9507356,0.9392994,0.9535384,0.961413,0.9575683,0.9497864,0.95409566,0.9434349,0.96378195,0.9474092,0.94905084,0.959554,0.9422618,0.94628406,0.9574959,0.95123297,0.9514663,0.9587507,0.95563906,0.94956535,0.9575779,0.9545596,0.9538127,0.9484292,0.93671155,0.9516198,0.9536181,0.95176464,0.95803905,0.9495073,0.9468232,0.9620777,0.95521873,0.8976109,0.96029466,0.9346236,0.95475024,0.94927055,0.95217013,0.96177447,0.95727825,0.9526124,0.9504804,0.9522694,0.94547606,0.95139515,0.9521366,0.9476338,0.95062625,0.94788736,0.9402995,0.9427936,0.9501942,0.94058466,0.95784575,0.929695,0.95574856,0.94049495,0.94693387,0.9505548,0.9390361,0.94606376,0.97361326,0.9489066,0.9449726,0.94615656,0.9460857,0.94808805,0.9329657,0.95354325,0.9475047,0.94172513,0.9562583,0.9545325,0.9480268,0.9278188,0.926442,0.9437002,0.95800453,0.9382463,0.96079654,0.9582207,0.97361326,0.96057415,0.95181173,0.9569863,0.94706684
adastramovie,0.95654064,0.9568432,0.957731,0.949681,1.0000006,0.94684154,0.9662411,0.9590175,0.97750646,0.9577061,0.9587518,0.94676715,0.95169675,0.96109235,0.9640037,0.9573332,0.9606108,0.9745541,0.9569477,0.9582261,0.9590085,0.9544419,0.9609682,0.9640864,0.95371515,0.9024944,0.96270806,0.9627331,0.95976895,0.95364076,0.95542485,0.95817196,0.944976,0.9424106,0.94709444,0.94395185,0.9635914,0.95709527,0.95417273,0.9589754,0.9508516,0.95695686,0.9597826,0.96114475,0.95062155,0.96055216,0.9583213,0.95821613,0.9523679,0.9622628,0.95581955,0.9640667,0.9537621,0.9545068,0.9483056,0.97778445,0.95937973,0.9596065,0.9582727,0.9591407,0.95838004,0.9518448,0.9559365,0.9568573,0.95461994,0.9512555,0.95247173,0.9598305,0.9613614,0.95103806,0.96280783,0.82895464,0.9452798,0.9594952,0.9363975,0.9525019,0.9247668,0.9501926,0.94960135,0.9498704,0.9593314,0.95381874,0.95829386,0.94842297,0.95189583,0.9547134,0.96055186,0.9551935,0.9610188,0.9629658,0.9471024,0.96280783,0.9471008,0.95240337,0.9548341,0.95758307,0.95904654,0.95495033,0.95437723,0.954189,0.9634326,0.9521469,0.9525651,0.9644744,0.9578236,0.9543017,0.95855606,0.9518249,0.9495893,0.9595127,0.9577005,0.90043783,0.95511734,0.9370032,0.9544026,0.95633584,0.9598418,0.947209,0.9614044,0.96467113,0.95866483,0.9507151,0.9510739,0.95276606,0.96446764,0.96467245,0.9488651,0.9453436,0.9703165,0.9451294,0.96004844,0.97212124,0.96596247,0.9238243,0.95565736,0.95261836,0.95607424,0.95497656,0.95790076,0.95636636,0.97750646,0.95168966,0.9576849,0.9480608,0.9501272,0.95765907,0.9463345,0.9495653,0.9519741,0.95135766,0.96177155,0.9556034,0.9539158,0.94208336,0.9496386,0.96035075,0.96177095,0.94567394,0.96098125,0.95512855,0.97750646,0.9578819,0.96120644,0.95963883,0.95758843
adogsjourneymovie,0.9486898,0.93397033,0.9528211,0.9444938,0.94684154,0.99999994,0.9589462,0.9521196,0.97077096,0.93828255,0.95234853,0.9444085,0.94781107,0.9396367,0.95651335,0.94813174,0.9489544,0.94179076,0.94834715,0.9489706,0.94879216,0.9556163,0.9641218,0.9488295,0.9408989,0.8933704,0.9498462,0.9491512,0.94821405,0.93993884,0.943441,0.9460396,0.9381606,0.94063085,0.9427548,0.9318271,0.95457065,0.94991535,0.95301443,0.9509959,0.9425143,0.9486244,0.95240015,0.96014094,0.94625455,0.9428678,0.9615722,0.9517927,0.94973284,0.9594579,0.95181125,0.9537074,0.9465936,0.9508455,0.9494024,0.95118004,0.94298685,0.94715774,0.9391675,0.9507149,0.9414801,0.9449389,0.952628,0.9549141,0.9441029,0.9321294,0.94967437,0.9575937,0.9554556,0.94755363,0.9520554,0.83682275,0.94532865,0.9462641,0.9358428,0.9460775,0.9193479,0.94565225,0.9439145,0.9573963,0.9592525,0.9488038,0.9368459,0.93997,0.9509389,0.9503164,0.9477216,0.9438794,0.9444635,0.94696885,0.9437077,0.9520554,0.94707704,0.94281715,0.94785327,0.95162266,0.9541531,0.947002,0.943592,0.95250535,0.9487152,0.9476086,0.95121074,0.9517142,0.9421239,0.95086455,0.94192606,0.9468152,0.9455194,0.94696176,0.9516376,0.8953663,0.9528497,0.92776316,0.9493004,0.94962597,0.9503098,0.9499387,0.9566307,0.9500842,0.9456976,0.9502981,0.9461949,0.96761036,0.9542599,0.95125145,0.9445483,0.9478897,0.9309673,0.93984324,0.9436186,0.943935,0.95706886,0.92992485,0.9475528,0.9450302,0.9496323,0.94128984,0.9451417,0.9471725,0.97077096,0.9514026,0.954,0.9440365,0.93727,0.9535555,0.9381394,0.941829,0.95432794,0.9482532,0.95181227,0.95408297,0.94985205,0.92955226,0.9462692,0.9497821,0.9612537,0.9413499,0.9550213,0.9420318,0.97077096,0.9454618,0.95163924,0.96001905,0.95353776
aftermathmovie,0.96404743,0.9587563,0.9634533,0.9601918,0.9662411,0.9589462,0.99999976,0.9598561,0.9843399,0.9580386,0.96757084,0.95591795,0.9591531,0.9608067,0.96531296,0.9603059,0.9622211,0.9670701,0.9661433,0.96049684,0.96032524,0.96261114,0.9668203,0.96787095,0.9591182,0.8955422,0.9633703,0.96357226,0.9617254,0.9517258,0.9642176,0.96034265,0.9619239,0.9573022,0.9565836,0.9525354,0.9683413,0.9617434,0.96687865,0.9646117,0.95906395,0.9680256,0.9655017,0.9668214,0.9644446,0.96119153,0.9605677,0.9617967,0.9563729,0.9689718,0.9660003,0.97283876,0.9636136,0.9644777,0.94996566,0.96619844,0.9609811,0.9668189,0.9601844,0.9614876,0.9576158,0.9600636,0.9654872,0.963319,0.9686564,0.9487538,0.96018296,0.96640825,0.96614504,0.9579697,0.969026,0.8451561,0.9577312,0.96247447,0.951912,0.957824,0.9352658,0.96058524,0.9582946,0.9571941,0.9666694,0.97792053,0.9564087,0.95104057,0.9629252,0.96366435,0.9683957,0.9598823,0.96651244,0.96493745,0.9531408,0.969026,0.9628039,0.96515214,0.962442,0.95667756,0.9637009,0.96400696,0.9781956,0.95922387,0.9648589,0.95472735,0.9517994,0.9673497,0.96316445,0.9649992,0.9666094,0.9507362,0.9555656,0.96240145,0.965775,0.9050565,0.9650779,0.9438096,0.9646048,0.9645127,0.96765935,0.9564132,0.97220325,0.98850054,0.9585335,0.9637998,0.9567542,0.95877135,0.968532,0.9700127,0.9587552,0.9614548,0.96269256,0.9508793,0.9604539,0.9627943,0.96520746,0.9343658,0.96435326,0.95708257,0.9651142,0.95748436,0.9629505,0.9598729,0.9843399,0.96285206,0.9637218,0.95038635,0.95688504,0.9686257,0.9635751,0.9581627,0.95864904,0.957096,0.9858652,0.96234804,0.9684389,0.9471378,0.9515514,0.9656126,0.9669181,0.9547273,0.96435124,0.9611207,0.9843399,0.96543473,0.970714,0.9623318,0.9626458
aftermovie,0.94978976,0.9467475,0.95611775,0.9537774,0.9590175,0.9521196,0.9598561,1.0000004,0.97618896,0.9531278,0.95674074,0.94476813,0.95322406,0.95460784,0.96395034,0.9521864,0.9553741,0.95729107,0.9499733,0.9514208,0.95739335,0.95359,0.96772665,0.96297294,0.9552017,0.91043025,0.9523005,0.9558421,0.95310396,0.9405753,0.94838786,0.9571283,0.9420498,0.9412205,0.94692636,0.93529546,0.9564577,0.95510274,0.95552397,0.9607372,0.95350957,0.95483917,0.95156723,0.961364,0.96136093,0.95188785,0.9627812,0.9616885,0.94924384,0.9593156,0.9510642,0.96548736,0.953833,0.94637847,0.96015096,0.9606944,0.9567184,0.9524961,0.94829905,0.9559407,0.9500767,0.95569444,0.95726484,0.95717305,0.9557194,0.95283633,0.9505761,0.9614402,0.958551,0.95192116,0.95799845,0.82892823,0.9481957,0.9538136,0.9400728,0.94957715,0.92030764,0.9460083,0.9547923,0.950308,0.9572943,0.94569796,0.9575747,0.94100326,0.9557933,0.95757467,0.9539845,0.9499121,0.9551828,0.9615343,0.95173156,0.95799845,0.9543652,0.94909555,0.9491833,0.9536447,0.9608146,0.96312845,0.9540063,0.95788217,0.9541966,0.9473783,0.9452996,0.9621456,0.95845944,0.9509123,0.95557034,0.9500342,0.9477295,0.9521572,0.96101326,0.8783986,0.9624739,0.9421871,0.96042717,0.95531356,0.9564734,0.9563752,0.95946133,0.956406,0.9513335,0.9510458,0.95022124,0.95972806,0.96298057,0.9564788,0.9500405,0.94993114,0.9530883,0.94285846,0.9571898,0.95111847,0.9578821,0.9326496,0.9521815,0.94616896,0.95493144,0.9560346,0.95623565,0.95201087,0.97618896,0.94976854,0.95090985,0.9575554,0.9553115,0.9599514,0.95002234,0.94738734,0.952587,0.95076007,0.9568457,0.95764446,0.9591208,0.94262797,0.9425547,0.9485985,0.9607745,0.9503395,0.9682968,0.9499779,0.97618896,0.95549184,0.9589296,0.960338,0.94996333
ahiddenlifefilm,0.978538,0.968897,0.97887456,0.97361326,0.97750646,0.97077096,0.9843399,0.97618896,0.99999994,0.96866524,0.9797874,0.96835184,0.9743218,0.9747883,0.9825548,0.9764559,0.9746835,0.97594523,0.9749771,0.97512877,0.97745186,0.979035,0.9842648,0.9816719,0.9730065,0.92032224,0.9746046,0.97623324,0.9786661,0.9650441,0.97039753,0.9760029,0.9670151,0.9712821,0.96984065,0.9588245,0.98067945,0.9776249,0.9770025,0.98101616,0.97283643,0.97777504,0.9713853,0.98150754,0.97108227,0.97472686,0.9798059,0.9772651,0.9728975,0.9808338,0.978957,0.9856927,0.9748931,0.9781276,0.96829516,0.9809251,0.9761354,0.97740847,0.97220737,0.97650135,0.9679009,0.97735757,0.9759222,0.97836095,0.97592354,0.9681372,0.9749486,0.9815051,0.9783317,0.97426784,0.978794,0.8608317,0.97274673,0.97851914,0.96485156,0.97170097,0.947079,0.97224337,0.97288954,0.97095954,0.9774183,0.9720841,0.9728953,0.97043884,0.9767452,0.973637,0.9778062,0.9740413,0.97731644,0.98072934,0.97043306,0.978794,0.97374004,0.9750173,0.9755779,0.9765115,0.9761295,0.9759105,0.97362155,0.9765015,0.9782346,0.9685509,0.967859,0.97915626,0.97464997,0.98014367,0.97882605,0.9698013,0.9705507,0.9782468,0.9813772,0.913234,0.9778708,0.9556137,0.9775649,0.9758021,0.9820445,0.97475284,0.9833166,0.97890615,0.9726502,0.9754324,0.97148764,0.97719866,0.9821845,0.9762827,0.9682001,0.9726341,0.9697481,0.96200526,0.9750769,0.9736907,0.9781921,0.9558701,0.97745615,0.9681871,0.976269,0.9744145,0.97367114,0.9728434,0.99999994,0.9766956,0.97371656,0.9707351,0.9698036,0.9788061,0.9687848,0.9714904,0.97457886,0.97375876,0.9774054,0.9751252,0.97512954,0.9613533,0.9649728,0.9748865,0.98009306,0.9694564,0.97907424,0.9752794,0.99999994,0.9755224,0.98171633,0.9796226,0.9783671
alitamovie,0.9529611,0.94690907,0.95080155,0.9436395,0.9577061,0.93828255,0.9580386,0.9531278,0.96866524,0.9999997,0.9454966,0.94093204,0.94820803,0.95063007,0.95272344,0.9479468,0.94740766,0.96098465,0.9474721,0.94635254,0.9521163,0.9498652,0.9547303,0.9485772,0.94867843,0.88897383,0.9547826,0.9512292,0.95625365,0.94484735,0.94194186,0.9640404,0.94547176,0.93900734,0.9513868,0.94283503,0.9500305,0.95103484,0.95407385,0.9564419,0.9400045,0.96149266,0.95181084,0.9647786,0.94045067,0.9459666,0.949744,0.94542104,0.9418048,0.96293485,0.95201916,0.960935,0.95727015,0.94467074,0.9442662,0.9616166,0.9516256,0.958366,0.9417373,0.94463676,0.9447928,0.94711816,0.9420417,0.9503904,0.947307,0.93644565,0.95313513,0.9560444,0.9408558,0.94617933,0.947326,0.8340746,0.94674027,0.9459923,0.9386347,0.94687617,0.9179169,0.9476732,0.9445121,0.94002724,0.9471848,0.94593173,0.9507063,0.9427207,0.9464804,0.95193213,0.94380075,0.9512059,0.9429091,0.9555874,0.9509518,0.947326,0.95059615,0.94448215,0.93729055,0.94680226,0.94973576,0.94481665,0.9491481,0.9481803,0.9519658,0.94029194,0.9504791,0.94640696,0.96192276,0.9508649,0.9512138,0.9417799,0.94218194,0.9520572,0.9551486,0.89233774,0.9538503,0.9308674,0.95184493,0.94398755,0.95355237,0.94156283,0.9592792,0.95314384,0.95232224,0.94857144,0.94937825,0.95001453,0.95576626,0.9530028,0.94461167,0.94455534,0.95714223,0.94564724,0.951118,0.95127326,0.95174694,0.92920005,0.96339244,0.9452047,0.94240594,0.9461692,0.9424073,0.9395656,0.96866524,0.9521315,0.9510241,0.954559,0.95425993,0.95527434,0.9387713,0.95236206,0.9463935,0.9389449,0.9513132,0.95356625,0.95203376,0.9410895,0.9421697,0.946193,0.95511466,0.93385774,0.956308,0.95002145,0.96866524,0.95467216,0.9540723,0.9467836,0.9485442
angelhasfallen,0.96230936,0.9471953,0.96235085,0.9583355,0.9587518,0.95234853,0.96757084,0.95674074,0.9797874,0.9454966,0.9999996,0.95351803,0.95893645,0.9554472,0.9624472,0.95803046,0.9623432,0.95392555,0.9571592,0.95690787,0.95797455,0.9576311,0.9645438,0.9639366,0.9560241,0.8960375,0.958552,0.95869535,0.96373844,0.94585997,0.9475751,0.9606749,0.9493633,0.96242964,0.9483592,0.9394555,0.96607643,0.9628772,0.9593028,0.9590231,0.9615165,0.9570212,0.9496412,0.9551641,0.95196,0.95592374,0.9599177,0.9607662,0.9554062,0.95585597,0.9612383,0.96782196,0.9523059,0.9595778,0.9517894,0.9633444,0.9569363,0.961984,0.9510538,0.9589343,0.9553912,0.96325487,0.9602713,0.961852,0.9589638,0.96560985,0.95055646,0.96045816,0.96950155,0.95513374,0.9617767,0.8462723,0.9544059,0.95654213,0.9531353,0.952459,0.9335957,0.9513012,0.9539512,0.9587366,0.9716003,0.95365167,0.95726025,0.9484097,0.9632698,0.9568208,0.96950537,0.95117986,0.96528524,0.96879935,0.9532492,0.9617767,0.95855296,0.95830464,0.9607554,0.96313,0.96661496,0.9574931,0.95602256,0.9594787,0.9623769,0.94857234,0.9537732,0.96281016,0.9520335,0.9630815,0.9657147,0.9586296,0.9440795,0.96199983,0.9629737,0.89771825,0.9584484,0.93803793,0.95540243,0.9679579,0.96617746,0.95810556,0.96268976,0.96027774,0.95361173,0.95658857,0.9526407,0.9610421,0.9560757,0.9576652,0.9482678,0.9575634,0.95283806,0.94495046,0.95451516,0.9586494,0.96463567,0.9348643,0.9566575,0.95225435,0.95994395,0.9574681,0.9546549,0.95630795,0.9797874,0.9566613,0.9536998,0.954619,0.9558066,0.95855564,0.9530977,0.9517937,0.95834273,0.95515877,0.9628781,0.9535568,0.96424377,0.94198215,0.9427293,0.95395696,0.9618828,0.95179933,0.9575181,0.95438075,0.9797874,0.959368,0.96554047,0.9594844,0.9605104
angrybirdsmovie,0.9468904,0.9432231,0.95129305,0.94107294,0.94676715,0.9444085,0.95591795,0.94476813,0.96835184,0.94093204,0.95351803,1.0000005,0.9475251,0.94911647,0.9510103,0.9488882,0.9478053,0.9569442,0.94166344,0.9483911,0.94196564,0.954476,0.95327425,0.9453892,0.95055395,0.8793784,0.94498694,0.9377489,0.95518655,0.9459428,0.9411962,0.94437367,0.93334216,0.95223653,0.9365083,0.9265222,0.9571872,0.9476491,0.94627804,0.9488671,0.949836,0.94995713,0.94542533,0.9531203,0.93730664,0.9447553,0.9466321,0.9507774,0.9441575,0.9537212,0.9603977,0.95106775,0.9424451,0.9535417,0.93600374,0.9546631,0.9456494,0.9484687,0.94196486,0.94537973,0.9388445,0.95011514,0.9459491,0.9542557,0.9421366,0.94273025,0.94583786,0.9519014,0.9465141,0.9408491,0.9504067,0.83762455,0.9408794,0.94505566,0.9321809,0.9446647,0.91004694,0.9442169,0.9410386,0.943359,0.9567121,0.9433104,0.943347,0.942536,0.9642791,0.94088876,0.9439176,0.94793344,0.948897,0.95073724,0.9440459,0.9504067,0.9443873,0.94456595,0.9614385,0.9546118,0.94264984,0.94101346,0.9480715,0.9445554,0.9530042,0.93657553,0.9437163,0.94886667,0.9457329,0.9596768,0.9536191,0.94877046,0.94845563,0.9504893,0.9516063,0.8841357,0.9447501,0.92332,0.9444126,0.946018,0.9557184,0.93743,0.95306873,0.94753444,0.9554307,0.9417564,0.94038,0.9503999,0.94678944,0.95766234,0.9320998,0.9493556,0.9427149,0.94696647,0.9413581,0.94961464,0.9490743,0.9351005,0.9507202,0.9399409,0.9463735,0.9348242,0.95482177,0.9487137,0.96835184,0.9568242,0.943401,0.9505729,0.94195634,0.9484716,0.9420735,0.93527275,0.95394266,0.94689167,0.9472661,0.9456089,0.9510159,0.934987,0.9342866,0.94470984,0.94987416,0.93714213,0.9441309,0.94444656,0.96835184,0.9460647,0.95245916,0.9520042,0.95704746
annabellemovie,0.9545978,0.9464509,0.9602978,0.9611724,0.95169675,0.94781107,0.9591531,0.95322406,0.9743218,0.94820803,0.95893645,0.9475251,1.0000001,0.9529061,0.9608058,0.9622127,0.9492506,0.9483008,0.9582885,0.9532431,0.9597112,0.9593566,0.9624638,0.95986706,0.95469505,0.8999587,0.94810784,0.9527257,0.9574732,0.938061,0.9472953,0.95922434,0.9429037,0.9452137,0.95057,0.9300765,0.9575774,0.9665949,0.95359164,0.95803934,0.9584333,0.9519661,0.9481926,0.96111417,0.9503292,0.9528692,0.9593984,0.95124936,0.94925374,0.9578742,0.95971185,0.9600539,0.9624955,0.959398,0.9541193,0.95671314,0.95516914,0.9498765,0.94735444,0.95464593,0.957361,0.96057916,0.9507021,0.9641218,0.95163596,0.9479782,0.95682055,0.9560958,0.9586429,0.95157015,0.9520793,0.8501751,0.9454427,0.9518559,0.93793243,0.9437594,0.92152727,0.9459415,0.954773,0.9457868,0.95343053,0.95385045,0.9616749,0.95018387,0.97134763,0.9469829,0.959858,0.9804127,0.95321584,0.95468014,0.95164555,0.9520793,0.957239,0.95393217,0.95596176,0.9559032,0.95254433,0.9561982,0.95448244,0.9574201,0.9553706,0.9515547,0.9505907,0.95609576,0.95045614,0.9626609,0.95475185,0.9590214,0.95059496,0.95703626,0.95873314,0.88879913,0.9570397,0.93108535,0.95850426,0.94968605,0.9550137,0.9619756,0.9579364,0.95435286,0.9574851,0.9546539,0.9597113,0.95887744,0.95464057,0.95275754,0.95784396,0.9493015,0.94169813,0.9395544,0.95532465,0.949518,0.95733243,0.9303686,0.9594803,0.94139266,0.9522933,0.952955,0.94935995,0.9467054,0.9743218,0.9586137,0.95211923,0.9508237,0.9521535,0.9504082,0.9449727,0.95019865,0.9611882,0.95084053,0.95145416,0.95665723,0.9569689,0.92949784,0.94293875,0.94905317,0.9530091,0.9453118,0.95430624,0.9614232,0.9743218,0.9509678,0.955037,0.95383483,0.9511453
annamovie,0.959458,0.9426173,0.96089655,0.9526272,0.96109235,0.9396367,0.9608067,0.95460784,0.9747883,0.95063007,0.9554472,0.94911647,0.9529061,1.0000006,0.9606146,0.95369077,0.9461882,0.9553509,0.95025265,0.95012593,0.9579079,0.95493084,0.95826054,0.96321714,0.9583217,0.89246786,0.9506414,0.9528853,0.9565922,0.9470379,0.94120336,0.95485806,0.9443019,0.94114304,0.95004433,0.93781793,0.95261776,0.9589175,0.95486534,0.9574155,0.9545765,0.94551915,0.9501987,0.95554805,0.9510525,0.94907975,0.95291924,0.94914776,0.9557797,0.9535291,0.95712566,0.96163076,0.9557277,0.9587643,0.9444649,0.960226,0.9542781,0.9497703,0.9439739,0.94859856,0.9510691,0.9562482,0.94923025,0.97004116,0.95501137,0.94424313,0.95266217,0.9502623,0.9544977,0.9478986,0.9516937,0.8241572,0.9462659,0.95413184,0.94661367,0.94864345,0.91061574,0.95273507,0.9530284,0.9416139,0.9563882,0.9515385,0.9531569,0.94317245,0.9600943,0.9527461,0.95439196,0.94923997,0.9510531,0.9661889,0.9517112,0.9516937,0.9465982,0.945068,0.95177525,0.96071017,0.94972867,0.9481277,0.9545505,0.9629394,0.94919544,0.95125043,0.944118,0.9568475,0.96210074,0.9602695,0.94944507,0.94735074,0.95608926,0.95571357,0.9589546,0.8884029,0.9539367,0.9302788,0.95126677,0.95167726,0.9604704,0.9545235,0.9594474,0.9568677,0.95574456,0.945353,0.94612586,0.9516068,0.9578112,0.95177984,0.9541807,0.9478282,0.9550357,0.9317947,0.96013176,0.960441,0.9609808,0.93016964,0.95164484,0.94153994,0.95415366,0.9506967,0.94700986,0.94179267,0.9747883,0.9504572,0.9495681,0.9531053,0.9483924,0.95503896,0.9380879,0.9529722,0.95290023,0.9532667,0.9561943,0.95105386,0.94533193,0.9354589,0.9435975,0.9508299,0.95807725,0.9397624,0.95025694,0.95158786,0.9747883,0.95229304,0.9549459,0.9569913,0.95249164
apollo11movie,0.96498317,0.9464023,0.9612374,0.9552339,0.9640037,0.95651335,0.96531296,0.96395034,0.9825548,0.95272344,0.9624472,0.9510103,0.9608058,0.9606146,1.0,0.9599627,0.9576636,0.96056414,0.9611407,0.97172487,0.9603021,0.96179694,0.9678529,0.967124,0.9612897,0.9057141,0.95788676,0.9608569,0.9609182,0.9477066,0.95090485,0.95824426,0.9491283,0.9605273,0.9550566,0.9397889,0.9663811,0.96311986,0.9653981,0.96740407,0.95633554,0.9626708,0.9572597,0.9688597,0.9595834,0.95506454,0.9617837,0.9607499,0.95881134,0.9650317,0.9623827,0.969014,0.9612554,0.961156,0.94990104,0.96313447,0.95360583,0.9621418,0.95916975,0.95592296,0.9533279,0.9641949,0.9571485,0.9645767,0.95889336,0.95234644,0.96015143,0.9625559,0.96130574,0.9469821,0.9604138,0.8333984,0.9515493,0.9626831,0.943779,0.9629419,0.92576855,0.957692,0.95805043,0.9555072,0.95939225,0.95278656,0.9591712,0.9486535,0.96179605,0.95852876,0.95994836,0.959238,0.95841825,0.96644336,0.95616937,0.9604138,0.960189,0.958949,0.96243036,0.97665316,0.96432036,0.95857006,0.9552396,0.9570903,0.9641649,0.9520232,0.95109534,0.96401155,0.9555294,0.9654491,0.96386033,0.95314705,0.95635974,0.96199316,0.9643884,0.90679425,0.9635878,0.93490475,0.95979816,0.9618745,0.9677388,0.9550538,0.9642241,0.9626686,0.95868826,0.9649501,0.9529006,0.96621716,0.96910524,0.9614974,0.9562031,0.9551943,0.9564132,0.9519607,0.95961356,0.96267337,0.9611365,0.9443911,0.9634349,0.9535246,0.95892334,0.9574583,0.95630836,0.95259595,0.9825548,0.95616496,0.95904577,0.951143,0.9586233,0.961677,0.9510171,0.95241016,0.955877,0.960836,0.95942795,0.96064854,0.95965314,0.9439875,0.9529923,0.95612574,0.96317875,0.9494689,0.9624566,0.9573027,0.9825548,0.96339667,0.96894217,0.9645523,0.9628824
arcticdogsmovie,0.9477266,0.95478874,0.9559781,0.9536944,0.9573332,0.94813174,0.9603059,0.9521864,0.9764559,0.9479468,0.95803046,0.9488882,0.9622127,0.95369077,0.9599627,0.9999997,0.9500763,0.95480806,0.9552017,0.957171,0.955417,0.95763075,0.96570915,0.958542,0.9486342,0.9051622,0.95415473,0.9535389,0.9529174,0.9406235,0.9518663,0.95545775,0.9439258,0.9499382,0.9532655,0.9304581,0.9612207,0.9589058,0.9552794,0.96130586,0.95506173,0.9579388,0.952466,0.96224207,0.94618136,0.9518932,0.9607725,0.96126544,0.9500229,0.9581981,0.9599972,0.96086794,0.957929,0.9560226,0.9516437,0.9565761,0.95170254,0.9586085,0.95528483,0.94519997,0.95198697,0.9583586,0.9518835,0.9610404,0.95140535,0.9525202,0.9483655,0.96045995,0.95546573,0.9560868,0.95234644,0.84706277,0.9454012,0.96135235,0.9399682,0.94871587,0.9221443,0.9493036,0.9558376,0.9498762,0.9597805,0.949109,0.9512846,0.9552823,0.9566597,0.95095104,0.9588198,0.96149415,0.9490765,0.9595802,0.9456869,0.95234644,0.95658165,0.9594025,0.95486146,0.95708984,0.95545965,0.95647275,0.94709307,0.9569502,0.95704406,0.9477683,0.9466023,0.9538811,0.9542134,0.95699996,0.96194226,0.96573865,0.9554982,0.9653169,0.9581408,0.88788116,0.9582613,0.92347467,0.9546312,0.952477,0.9542764,0.95474803,0.9658273,0.9602452,0.95511675,0.95047754,0.9561946,0.957876,0.9600401,0.95435286,0.9493497,0.94757545,0.94549197,0.9487919,0.956043,0.9491033,0.9552718,0.93391377,0.96213627,0.9374718,0.9588852,0.9553396,0.947475,0.95195436,0.9764559,0.9540407,0.95252174,0.95717514,0.94665796,0.9554904,0.9450738,0.9527685,0.96429,0.9532365,0.9559589,0.9538431,0.95740914,0.936861,0.94127977,0.95336187,0.9592363,0.949763,0.9635207,0.9594234,0.9764559,0.94971555,0.9608532,0.96052605,0.9618629
arcticmovie,0.95617753,0.95154,0.9601119,0.9451633,0.9606108,0.9489544,0.9622211,0.9553741,0.9746835,0.94740766,0.9623432,0.9478053,0.9492506,0.9461882,0.9576636,0.9500763,0.9999998,0.955492,0.9559595,0.9581787,0.9502561,0.9500595,0.9587276,0.9613362,0.9477996,0.88375497,0.9506867,0.969233,0.95437115,0.9439278,0.9503217,0.9566651,0.9406566,0.95409775,0.9382794,0.94167453,0.96300703,0.94879574,0.95654696,0.95827866,0.9489137,0.95158064,0.94721925,0.95388955,0.9552628,0.95463574,0.95096093,0.9551957,0.95201284,0.9536721,0.95335466,0.96365225,0.95360124,0.95394313,0.9459509,0.9548891,0.95991445,0.9578076,0.9491371,0.95442456,0.95341575,0.95284975,0.95332766,0.95309216,0.94698685,0.9464783,0.94551975,0.9592331,0.9597708,0.9496246,0.9569059,0.8405246,0.94746333,0.9580117,0.9370862,0.9581765,0.9342598,0.95054096,0.9518929,0.9446377,0.9540523,0.950435,0.9517531,0.9385543,0.9525472,0.95365083,0.9627512,0.9513882,0.96050364,0.9624411,0.9520787,0.9569059,0.9535265,0.94895107,0.9538552,0.94999236,0.9570295,0.95494115,0.95189327,0.9492446,0.9550416,0.9433939,0.94377834,0.9561325,0.9469334,0.95216566,0.96371496,0.9511161,0.9415313,0.955779,0.9571027,0.8963352,0.95970184,0.93330616,0.95537305,0.95722014,0.9609704,0.9476487,0.95421785,0.96075433,0.95790654,0.9513061,0.94433606,0.95782125,0.95924896,0.95743096,0.9409866,0.9463277,0.9515531,0.94715476,0.9521759,0.9563187,0.97374916,0.9377529,0.9560671,0.9481777,0.94834954,0.95087945,0.95357156,0.95463467,0.9746835,0.94864774,0.9540828,0.9487502,0.94769585,0.95572287,0.94972134,0.9450136,0.9547403,0.9541847,0.9564823,0.95178974,0.9566078,0.9408353,0.93976617,0.9506601,0.9558819,0.9464706,0.9553986,0.95554686,0.9746835,0.9544376,0.95807993,0.95747584,0.9529388
artofracingmovie,0.9558062,0.95582193,0.95447373,0.94540334,0.9745541,0.94179076,0.9670701,0.95729107,0.97594523,0.96098465,0.95392555,0.9569442,0.9483008,0.9553509,0.96056414,0.95480806,0.955492,0.99999964,0.95257044,0.9584121,0.95293915,0.95377713,0.95743585,0.9601627,0.95441645,0.89050657,0.96181,0.9549572,0.9600132,0.9506611,0.9502213,0.9554376,0.94377583,0.94514906,0.95030063,0.9474666,0.9606069,0.95103365,0.95602655,0.9597995,0.94837224,0.95602864,0.95208806,0.960296,0.95229584,0.96137476,0.9530958,0.9556027,0.9430697,0.96031845,0.9554642,0.961647,0.9558483,0.9509049,0.9408953,0.97393554,0.9560073,0.96134686,0.9485173,0.95447946,0.95782506,0.94819,0.9542331,0.9568082,0.95003295,0.9492341,0.953407,0.95914197,0.9544258,0.94887537,0.9622336,0.8314653,0.9482315,0.96195656,0.9398866,0.9533213,0.9229592,0.9525302,0.9482643,0.9441914,0.9564571,0.94860643,0.9543323,0.94291365,0.95282894,0.9581194,0.94940567,0.95098,0.9534048,0.9559884,0.94256425,0.9622336,0.9519994,0.9500949,0.9508913,0.95267534,0.9541123,0.94779754,0.9550255,0.9518473,0.964921,0.94165564,0.9453912,0.95843995,0.9616984,0.95319575,0.9564856,0.9528987,0.9467654,0.9528696,0.96220416,0.888598,0.9575953,0.9327702,0.9588851,0.9478461,0.959469,0.94366443,0.9597355,0.96196467,0.961143,0.956516,0.94837344,0.9503868,0.96381193,0.9635878,0.94369507,0.9517001,0.9667008,0.9508398,0.9541742,0.96387094,0.95765346,0.928535,0.95545894,0.94774425,0.9547759,0.95004237,0.96092826,0.9679161,0.97594523,0.9549154,0.9602729,0.95343995,0.94535524,0.95688105,0.9500199,0.95030034,0.9538778,0.9506727,0.9639853,0.95225114,0.95334935,0.9499744,0.94587106,0.96067894,0.9584771,0.946021,0.9589312,0.9513044,0.97594523,0.9538691,0.95948213,0.95247275,0.9563621
avengers,0.9686472,0.94862723,0.9602911,0.9483402,0.9569477,0.94834715,0.9661433,0.9499733,0.9749771,0.9474721,0.9571592,0.94166344,0.9582885,0.95025265,0.9611407,0.9552017,0.9559595,0.95257044,1.0000005,0.9565411,0.9563687,0.9613453,0.95982987,0.9596242,0.9460367,0.8926595,0.9507679,0.95529056,0.95580924,0.9391398,0.9747265,0.9606379,0.9388273,0.9494509,0.9407166,0.93323284,0.9613433,0.9552931,0.9541816,0.95588624,0.9472443,0.9553379,0.9519166,0.9558981,0.9550956,0.9456665,0.9544076,0.95506614,0.9448371,0.956849,0.95848596,0.962893,0.9483927,0.955412,0.9445227,0.95778966,0.95830923,0.95482695,0.9582595,0.95762813,0.9513473,0.9534972,0.94755685,0.9534057,0.9509556,0.9483331,0.9520037,0.9594792,0.9591471,0.9555852,0.9565,0.8478607,0.94874275,0.94689363,0.93752795,0.9501415,0.92799085,0.94550216,0.9471847,0.9507565,0.95176417,0.9522129,0.9493262,0.94519705,0.9553375,0.9511987,0.9579025,0.9548808,0.96153647,0.95980865,0.95631725,0.9565,0.95293766,0.9529553,0.9569533,0.9537666,0.950715,0.9539019,0.9504091,0.95177734,0.9514001,0.93843937,0.95203257,0.9591237,0.95336896,0.95943284,0.9582275,0.94564664,0.9486095,0.9558915,0.9571975,0.89386916,0.95600176,0.93385994,0.9524593,0.9526204,0.9576889,0.95355785,0.9591442,0.9589491,0.9520806,0.9505523,0.95253104,0.9517807,0.9574485,0.9645699,0.9447303,0.9589941,0.9516771,0.9578725,0.95544684,0.9497484,0.9573002,0.93661666,0.95426506,0.94354945,0.9525217,0.9524004,0.9524532,0.9453922,0.9749771,0.9563906,0.94807285,0.94441205,0.94569683,0.9564364,0.95374775,0.9443408,0.94824946,0.95019484,0.9590464,0.9543597,0.9547046,0.9451537,0.952054,0.9526808,0.9537424,0.9459483,0.9518674,0.95027566,0.9749771,0.95357543,0.96371293,0.9542477,0.95565784
beachbummovie,0.95007294,0.9451929,0.95485586,0.9522786,0.9582261,0.9489706,0.96049684,0.9514208,0.97512877,0.94635254,0.95690787,0.9483911,0.9532431,0.95012593,0.97172487,0.957171,0.9581787,0.9584121,0.9565411,0.9999997,0.9607691,0.9604699,0.95569086,0.96121705,0.9436395,0.8928358,0.9557158,0.9567879,0.9536911,0.9377615,0.95236826,0.9511901,0.93791735,0.94951415,0.9356621,0.9313248,0.9602061,0.95508385,0.9570571,0.9629637,0.945953,0.9577985,0.9496035,0.9579458,0.9534353,0.96311074,0.94767296,0.9543519,0.94933325,0.95778865,0.95941436,0.9620386,0.9541237,0.95054775,0.94064665,0.95450085,0.9529017,0.95997524,0.95443195,0.9552035,0.9491747,0.9489438,0.9574624,0.9533492,0.95380986,0.9540498,0.952092,0.95789415,0.95417684,0.9502251,0.95973164,0.83048123,0.9484035,0.96424896,0.9320676,0.9520069,0.9247149,0.94681287,0.94830346,0.9464589,0.9512249,0.9495943,0.9515971,0.94446,0.9528085,0.9574451,0.9515485,0.9530336,0.9615847,0.95377535,0.94634,0.95973164,0.95255196,0.95338815,0.9571541,0.9630666,0.95826405,0.96282727,0.95189416,0.94547796,0.9592101,0.94671285,0.9445897,0.96007067,0.9527335,0.95592576,0.95217067,0.94708765,0.94556653,0.95559555,0.9594219,0.90555185,0.9650349,0.9299448,0.95717555,0.9480803,0.95477676,0.94650626,0.95165557,0.95388436,0.9524623,0.96023935,0.95040387,0.94998217,0.95853597,0.9570932,0.9454988,0.9499441,0.95253086,0.938745,0.95417124,0.9565632,0.95899653,0.9342539,0.95942545,0.94346994,0.9437186,0.9498788,0.9575275,0.9649013,0.97512877,0.9545296,0.95922446,0.94952273,0.94305617,0.9569367,0.94548774,0.937934,0.9523586,0.9460343,0.95411634,0.9528081,0.95392823,0.9482631,0.94796276,0.9551821,0.9581806,0.9540976,0.95597667,0.9560617,0.97512877,0.9457842,0.96214235,0.95792377,0.9576184
bernadettefilm,0.9565182,0.93687505,0.9577976,0.94910425,0.9590085,0.94879216,0.96032524,0.95739335,0.97745186,0.9521163,0.95797455,0.94196564,0.9597112,0.9579079,0.9603021,0.955417,0.9502561,0.95293915,0.9563687,0.9607691,1.0000005,0.9616239,0.96295804,0.96233594,0.95513654,0.9001852,0.9610012,0.9587763,0.9599842,0.93846935,0.95017946,0.96456194,0.949757,0.94467217,0.9486164,0.9397038,0.9598024,0.9592656,0.95809925,0.9609629,0.9547826,0.9552377,0.9469148,0.9605495,0.9526292,0.95325255,0.9611178,0.9525618,0.94847333,0.9616105,0.9596872,0.96691966,0.9547422,0.95929116,0.9535634,0.9575104,0.9587635,0.9561817,0.95128983,0.95738727,0.95281124,0.9547663,0.948499,0.9627329,0.95783883,0.95340073,0.9517911,0.96155185,0.9538868,0.95394444,0.9591626,0.8435425,0.94794035,0.9616757,0.9414226,0.94529265,0.92561686,0.94681686,0.953365,0.9507004,0.95841473,0.950396,0.9622364,0.9470031,0.9577704,0.95584065,0.95498013,0.9562618,0.9588694,0.9599412,0.94944626,0.9591626,0.9509089,0.9614855,0.95923775,0.95394063,0.95624053,0.96604186,0.9509751,0.9567571,0.95670307,0.95298475,0.94756687,0.9640043,0.9489284,0.9609233,0.9567185,0.9512269,0.95205647,0.954523,0.9636795,0.9041448,0.95985293,0.9306934,0.9713798,0.95406127,0.95858973,0.95823807,0.9591642,0.95721453,0.9521482,0.9624337,0.9521714,0.95479673,0.95961905,0.9546252,0.9551664,0.95480096,0.9556499,0.93427944,0.96990854,0.96083,0.95781165,0.9289162,0.95887256,0.94113994,0.95517844,0.9574139,0.9566643,0.9466305,0.97745186,0.9567562,0.9570413,0.94808346,0.9590182,0.958775,0.9490764,0.9536574,0.9540705,0.9500063,0.95749986,0.94828886,0.95475644,0.94423807,0.94918245,0.95794505,0.96000624,0.9548316,0.96285874,0.96391326,0.97745186,0.9526579,0.9650018,0.95608425,0.9568474
