movie,21bridgesmovie,47metersdown,abeautifuldaymovie,abominablemovie,adastramovie,adogsjourneymovie,aftermathmovie,aftermovie,ahiddenlifefilm,alitamovie,angelhasfallen,angrybirdsmovie,annabellemovie,annamovie,apollo11movie,arcticdogsmovie,arcticmovie,artofracingmovie,avengers,beachbummovie,bernadettefilm,blackandbluemovie,blackchristmas,blindedbythelightmovie,bombshellmovie,booksmart,breakthroughmovie,brianbanksmovie,brightburnmovie,brittanyrunsmov,captainmarvelofficial,captivestatemovie,catsmovie,charliesangels,childsplaymovie,clarathefilm,coldpursuitmovie,countdown,currentwarmovie,darkwatersmovie,detectivepikachumovie,disneyaladdin,disneyfrozen,disneymaleficent,doctorsleepmovie,dolemiteismyname,dontletgomovie,doramovie,downtonabbey_official,dumbo,escaperoom,everybodyknowsmovie,fastandfuriousmovie,fightingwmyfam,fivefeetapartfilm,fordvferrari,freaksthefilm,geminimanmovie,glassmovie,gloriabellmovie,godzillamovie,goldfinchmovie,goodboysmovie,goodliarmovie,gretafilm,halathemovie,happydeathdaymovie,harrietfilm,hellboymovie,hersmellmovie,highlifemovie,highstrungmovie,honeyboymovie,hotelmumbaifilm,httydragon,hustlemovie,hustlersmovie,isntitromantic,itmovieofficial,jayandsilentbob,johnwickmovie,jojorabbitmovie,jokermovie,judythefilm,jumanjimovie,justmercyfilm,knivesout,lalloronamovie,lastblackmansf,lastchristmasthemovie,latenightmovie,lighthousemovie,lionking,littlethemovie,littlewomenmovie,littlewoodsfilm,longshotmovie,lordsofchaosmovie,lucyintheskyfilm,mamovie2019,marriagestory,meettheaddams,meninblack,midsommarmovie,midwaymovie,missbalamovie,missinglinkfilm,motherlessbklyn,onceinhollywood,onthebasisofsex,overcomermovie,peanutbutterfalcon,petsematarymovie,piercingmovie,playingwithfire,playmobilthemovie,pomsmovie,queenandslim,rambomovie,readyornotfilm,richardjewellfilm,rocketmanmovie,scarystoriesmovie,secretlifeofpets,serenityfilm,shaftmovie,shazammovie,spidermanmovie,spiesindisguise,starwars,stormboymovie,stubermovie,taosdfilm,teenspiritmov,terminator,theaeronautsmov,thebestofenemies,thedeaddontdie,thefarewell,thehighwaymen,thehummingbirdprojectfilm,theintrudermovie,theirishmanfilm,thekitchenmovie,thelegomovie,themustangfilm,thenightingalefilm,theprodigymovie,thesunisalsoastar,theupsidefilm,tolkienmovie,toystory,triplefrontier,uglydolls,uncutgems,underthesilverlake,usmovie,wavesmovie,whatmenwant,wonderparkmovie,wrinklestheclown,xmenmovies,yardiefilm,yesterdaymovie,zombieland
21bridgesmovie,1.0,0.95864123,0.97256744,0.97230166,0.9697551,0.961263,0.9668918,0.96305484,0.98316926,0.9659261,0.97293794,0.9557229,0.96002626,0.965384,0.967108,0.9568572,0.9747439,0.9688557,0.97613215,0.9610882,0.96451217,0.96116555,0.97400135,0.96906906,0.9566059,0.9229782,0.9672445,0.96213365,0.9680468,0.96113646,0.9620906,0.95853156,0.9640338,0.9526933,0.9363456,0.9221086,0.9677948,0.9809663,0.97223073,0.96697396,0.96879935,0.96558625,0.95983064,0.9685876,0.9729112,0.9543896,0.9711189,0.9668373,0.95938486,0.9687348,0.966438,0.9731609,0.95534015,0.9628773,0.9592909,0.9664883,0.9503844,0.9689794,0.9698394,0.9714643,0.959197,0.96900237,0.96094966,0.97191805,0.9697112,0.96757317,0.9541552,0.970821,0.9677045,0.96282744,0.9723051,0.76511014,0.9504514,0.9734659,0.96600354,0.96784955,0.93353903,0.96394956,0.9655384,0.954754,0.962978,0.9697959,0.9713759,0.9553546,0.9612357,0.95938694,0.95327276,0.9625394,0.9570016,0.97001076,0.9655772,0.9723051,0.96316874,0.96651673,0.9679729,0.97202545,0.95796835,0.9554924,0.9604662,0.9739168,0.9552602,0.9678613,0.9665964,0.9663735,0.966148,0.9650287,0.9678702,0.9618164,0.9486498,0.9655718,0.96972644,0.90294063,0.9745104,0.9210154,0.9671511,0.9811245,0.99013054,0.95565647,0.96740216,0.9676565,0.970681,0.96375257,0.963752,0.9567315,0.9677153,0.9650162,0.9586348,0.9591235,0.97193605,0.94553953,0.96764314,0.9757386,0.96851057,0.96350807,0.96744585,0.9643788,0.97175354,0.96411264,0.96619755,0.96519595,0.98316926,0.9668168,0.9696033,0.96391904,0.9525383,0.9670183,0.9728909,0.94047934,0.96076626,0.9765106,0.965945,0.97385055,0.96457267,0.9665039,0.9566036,0.9713372,0.956827,0.9659653,0.9586013,0.9607955,0.98316926,0.9600155,0.9684534,0.9709216,0.9678111
47metersdown,0.95864123,0.9999998,0.9565225,0.95397955,0.9629721,0.96481407,0.97342455,0.9490009,0.97438836,0.9547319,0.9547508,0.9510875,0.9594023,0.9583595,0.95568955,0.95801604,0.96222097,0.9637832,0.9531291,0.95620257,0.9615538,0.9459835,0.96727425,0.9598859,0.9300602,0.89490676,0.96124,0.95450884,0.947664,0.952955,0.9540587,0.95543736,0.95985335,0.9352989,0.9396084,0.9287414,0.9554108,0.9553084,0.96074843,0.9601012,0.95266956,0.955594,0.9497311,0.958675,0.9574513,0.9538547,0.96667975,0.95453584,0.9481415,0.96577847,0.950462,0.96321636,0.9595581,0.9561347,0.9605291,0.9614429,0.93430895,0.95458686,0.9743256,0.964918,0.95044416,0.9530218,0.9548775,0.9608509,0.9612043,0.96009105,0.95023066,0.95609343,0.96124244,0.9592172,0.9606,0.7231732,0.9355453,0.9572264,0.96008813,0.95171875,0.90501153,0.951433,0.95952225,0.9520977,0.9545057,0.96307087,0.9570205,0.9497852,0.9568892,0.9513731,0.95199126,0.96685994,0.94817686,0.9539616,0.94990623,0.9606,0.9476146,0.9553766,0.95285565,0.9540952,0.9529498,0.9543902,0.95417255,0.9643725,0.9516692,0.96549565,0.9478835,0.9555307,0.9582777,0.9476198,0.9613754,0.9528095,0.9201959,0.9476774,0.9529747,0.8817494,0.96256465,0.9273493,0.9565436,0.9569022,0.96047384,0.9542174,0.95820403,0.9697539,0.94812435,0.96682584,0.96082705,0.9663096,0.95842373,0.964798,0.95213735,0.94145185,0.9589144,0.9392492,0.9537239,0.9552783,0.96006304,0.9426789,0.96234,0.9512883,0.9609964,0.957466,0.9575864,0.9590572,0.97438836,0.95482725,0.9614703,0.9594369,0.95359945,0.95923054,0.9673588,0.94433916,0.9591872,0.9509299,0.96938926,0.95494986,0.9529062,0.9317018,0.9524409,0.9637802,0.9562675,0.9553563,0.95838934,0.9596657,0.97438836,0.960208,0.9657529,0.9696605,0.9434512
abeautifuldaymovie,0.97256744,0.9565225,0.99999994,0.96567285,0.97813755,0.9624556,0.9662941,0.967068,0.983778,0.9631624,0.9713974,0.9626169,0.9709449,0.972762,0.9702998,0.9693083,0.975094,0.9785583,0.976302,0.96889657,0.97267234,0.9702758,0.9699399,0.96540755,0.96495336,0.8923129,0.9704518,0.96322995,0.97816616,0.9697354,0.96503556,0.96064204,0.9630595,0.96621674,0.9470807,0.933826,0.967174,0.97632027,0.96976006,0.9676125,0.96288043,0.9680941,0.9678911,0.9733944,0.9727684,0.9649095,0.9661487,0.9701469,0.95515025,0.97393256,0.9829259,0.97134566,0.95622766,0.97305644,0.9654874,0.9677244,0.95694923,0.9629427,0.9604815,0.97619534,0.96295094,0.97271085,0.969241,0.97407806,0.96320516,0.96651226,0.9623314,0.9627964,0.96977276,0.95981556,0.9772144,0.7847428,0.94984764,0.976098,0.960245,0.96865904,0.9224126,0.97626233,0.96539897,0.95331204,0.9617008,0.96702254,0.969573,0.95864034,0.9780632,0.9666241,0.9524018,0.96193975,0.9627225,0.9713449,0.9661058,0.9772144,0.97409016,0.9679565,0.98033315,0.9673683,0.96248096,0.95907205,0.96050256,0.9680715,0.9597426,0.9774054,0.9689374,0.9737264,0.9715733,0.9850349,0.97036356,0.9667309,0.95548946,0.9655242,0.96744245,0.893597,0.97472864,0.92753696,0.968008,0.9733752,0.97108805,0.95207435,0.97237337,0.9657373,0.96282583,0.96496147,0.97090834,0.9620821,0.97627425,0.96258795,0.9617239,0.97309154,0.97438765,0.9418023,0.9734899,0.96660864,0.9694403,0.95317894,0.9665929,0.97411984,0.96382785,0.9632108,0.97615033,0.97715825,0.983778,0.9811496,0.97257745,0.9704975,0.9555803,0.9693587,0.97860295,0.95137745,0.9673068,0.9776606,0.9613774,0.9811495,0.9664027,0.9540993,0.9634442,0.9746117,0.96189374,0.9685243,0.9657397,0.9682175,0.983778,0.96363246,0.96514916,0.9731731,0.98078334
abominablemovie,0.97230166,0.95397955,0.96567285,0.99999976,0.95570743,0.95144194,0.95641625,0.9541615,0.9774372,0.95821375,0.97099054,0.95124227,0.9675751,0.96132344,0.967479,0.94590384,0.96631783,0.9630873,0.95936304,0.9613519,0.96105707,0.9566622,0.96609354,0.9585674,0.95656544,0.9086829,0.95640707,0.95668083,0.9614175,0.94523305,0.9595617,0.94280475,0.95043564,0.9517,0.94108,0.92652386,0.96514374,0.97619957,0.96827537,0.95811576,0.9551114,0.9573404,0.9405394,0.9554616,0.96635646,0.9562035,0.96464753,0.965129,0.95248526,0.9582503,0.96271074,0.9707145,0.9596252,0.95729107,0.9602894,0.96101904,0.9493116,0.9657103,0.9712025,0.96985126,0.9483065,0.96608496,0.9602858,0.95278597,0.9661909,0.9714251,0.9501444,0.9645822,0.96371186,0.9641678,0.96639323,0.7427337,0.9459237,0.96144086,0.96611303,0.95666844,0.92166364,0.9581302,0.966032,0.9528088,0.9598329,0.96754915,0.95849943,0.95170814,0.97391474,0.95676297,0.96811104,0.96292156,0.96176624,0.96305114,0.9530526,0.96639323,0.96303326,0.9484843,0.9679522,0.97300655,0.9533775,0.95851934,0.9576532,0.9629738,0.95672154,0.9658612,0.9507231,0.96006906,0.964182,0.9622465,0.9535898,0.9456266,0.93977255,0.9534104,0.95662034,0.8871038,0.96672153,0.9265809,0.96164566,0.969782,0.9705118,0.9543948,0.959421,0.95701516,0.95435876,0.9528676,0.96540016,0.95651895,0.9601391,0.9514813,0.9595564,0.9564437,0.96111965,0.93840337,0.96326905,0.9576679,0.9634424,0.95947576,0.9664923,0.952552,0.9637507,0.95330834,0.9632595,0.96024066,0.9774372,0.9590315,0.9687869,0.9571496,0.9469882,0.96490884,0.96642864,0.94341207,0.9479903,0.96221507,0.9593732,0.96173775,0.95447856,0.9430889,0.9553299,0.9697181,0.94839776,0.956644,0.94581634,0.9568889,0.9774372,0.9529559,0.9615252,0.9647179,0.96426183
adastramovie,0.9697551,0.9629721,0.97813755,0.95570743,0.9999998,0.9617648,0.9703497,0.96489716,0.9828367,0.97582483,0.9637949,0.95253396,0.9634307,0.9655789,0.97116077,0.9715894,0.9723135,0.97693926,0.9699049,0.97260654,0.9687985,0.9595141,0.9721016,0.9683444,0.9646195,0.9040409,0.9728635,0.96766865,0.9708737,0.9653954,0.96518445,0.96925133,0.96057504,0.96411955,0.94241965,0.927046,0.96295863,0.96344614,0.9700201,0.9708264,0.95698833,0.9655927,0.96699315,0.9706925,0.9731403,0.95966244,0.97241896,0.9688479,0.95449305,0.9710208,0.9679435,0.9737152,0.9563107,0.9720871,0.96356857,0.9807857,0.9499829,0.9637901,0.96666414,0.9733723,0.96239537,0.96846354,0.97198623,0.9759031,0.9681637,0.96403265,0.9569539,0.97004944,0.96779907,0.9608923,0.9761887,0.75635093,0.95372784,0.97555614,0.95149,0.9624878,0.91503304,0.9736243,0.9711824,0.9575453,0.9656408,0.96179324,0.9665755,0.95553875,0.96759105,0.96159184,0.94952744,0.96858203,0.95232004,0.9737366,0.9674039,0.9761887,0.9657691,0.96837115,0.9741554,0.9666437,0.9671758,0.95910764,0.9607444,0.9650695,0.9558232,0.9760683,0.95571965,0.9734976,0.96869123,0.96975166,0.96767235,0.9705177,0.95132154,0.9599933,0.969357,0.8952452,0.97827375,0.9278501,0.9641869,0.9700085,0.9650311,0.9539792,0.97146463,0.968707,0.9630319,0.9714272,0.97147846,0.9664134,0.9801458,0.97140783,0.9629924,0.9636361,0.972474,0.9443256,0.96657586,0.9749633,0.96684295,0.9539752,0.9669117,0.97075707,0.9570067,0.97050184,0.9736873,0.96831936,0.9828367,0.97426945,0.9695694,0.97521937,0.959023,0.97184765,0.97131735,0.94566935,0.97247225,0.9705536,0.96519554,0.9668361,0.96231127,0.9613241,0.963292,0.96825534,0.9636859,0.97143275,0.96929604,0.96883947,0.9828367,0.968169,0.9702038,0.96991205,0.9662426
adogsjourneymovie,0.961263,0.96481407,0.9624556,0.95144194,0.9617648,1.0000001,0.9724585,0.96286833,0.97994447,0.96040934,0.95498216,0.9681405,0.96887845,0.9682777,0.9641194,0.9660516,0.9691752,0.9622942,0.96202046,0.9589265,0.9669798,0.9641362,0.97631556,0.9653395,0.9496116,0.893179,0.9619419,0.9591079,0.96350116,0.9559168,0.9610234,0.97648853,0.95684,0.9459148,0.935357,0.92458755,0.9648981,0.9607626,0.9721533,0.9729998,0.9646319,0.9722405,0.9728314,0.9750063,0.9654094,0.9596246,0.97310656,0.9634815,0.9635873,0.9757624,0.9604143,0.9706126,0.9609768,0.95232046,0.9619783,0.95819855,0.93787944,0.9664931,0.96443814,0.9753241,0.9642707,0.95866615,0.9653687,0.96502066,0.9653968,0.95804787,0.9567217,0.9608272,0.95924914,0.96189386,0.97201765,0.7530546,0.952243,0.9685905,0.9634496,0.95991284,0.90183616,0.9606669,0.96436274,0.9584304,0.9612099,0.96593606,0.969209,0.95276535,0.96019655,0.9662648,0.9409859,0.9685981,0.95759445,0.9617398,0.9599712,0.97201765,0.964309,0.9616186,0.95958114,0.9554364,0.9610293,0.9552305,0.95943177,0.9669986,0.9584058,0.9707021,0.96158427,0.96218354,0.9661959,0.9570772,0.973632,0.9646744,0.92622584,0.95943856,0.957545,0.88486695,0.97084934,0.9174847,0.9702289,0.95840025,0.9628569,0.959077,0.9693633,0.9712573,0.9584926,0.96968544,0.96072245,0.9801184,0.96469235,0.96176624,0.9697187,0.95651174,0.96468574,0.9576061,0.9609569,0.9685664,0.96509767,0.95402634,0.9709535,0.9530253,0.95653856,0.9612854,0.9725406,0.9563792,0.97994447,0.96780205,0.96808875,0.96694994,0.95647115,0.9671186,0.96746707,0.94593877,0.9603106,0.95897007,0.9731008,0.96891314,0.9589299,0.9505036,0.95914155,0.9707197,0.9596131,0.9709706,0.96438503,0.96896005,0.97994447,0.96944743,0.9723481,0.9766509,0.9553002
aftermathmovie,0.9668918,0.97342455,0.9662941,0.95641625,0.9703497,0.9724585,1.0000004,0.96270925,0.98717064,0.9701286,0.97030836,0.96530885,0.96909446,0.9701053,0.9703696,0.97283256,0.9802284,0.9726937,0.9624936,0.9694048,0.97508246,0.9706864,0.9750937,0.9707807,0.9439694,0.9021549,0.96829563,0.9670302,0.967702,0.96849436,0.96131957,0.9745434,0.965944,0.9584776,0.9520034,0.93317956,0.9740795,0.9655921,0.9681215,0.97186404,0.9639111,0.96537244,0.9634112,0.9671263,0.97058266,0.95960265,0.97333527,0.9676479,0.97102576,0.97022116,0.970703,0.9781856,0.97142947,0.96657735,0.96283054,0.9673218,0.9493362,0.97427577,0.9692033,0.9665104,0.9677598,0.9627461,0.9732245,0.9714061,0.9748201,0.9662248,0.94973916,0.96912116,0.9676018,0.9639786,0.9677628,0.7376755,0.9490637,0.9663488,0.9708636,0.9648859,0.9225212,0.9676461,0.966577,0.9712262,0.97256726,0.9782526,0.9798219,0.964538,0.9681113,0.9696808,0.9607333,0.972466,0.95792913,0.973797,0.96407133,0.9677628,0.9630323,0.9681763,0.9681303,0.96679085,0.96730083,0.96778053,0.98744804,0.9738139,0.9578891,0.9762276,0.9631172,0.96044356,0.9701283,0.9691769,0.97332895,0.9707158,0.9448758,0.95203936,0.9716344,0.90666425,0.9802605,0.93853664,0.97078174,0.97353685,0.97180164,0.9709855,0.976337,0.9940045,0.97278893,0.98399657,0.96801883,0.9701306,0.9710959,0.96798575,0.97012264,0.96196216,0.96927947,0.95549995,0.97114867,0.969733,0.96900904,0.96196914,0.9758069,0.95853245,0.97531235,0.9751108,0.9682167,0.9640701,0.98717064,0.96932036,0.9681866,0.97228956,0.9549644,0.97278816,0.97448695,0.9527258,0.96997327,0.9656615,0.98621666,0.9667965,0.9675285,0.9415532,0.95072484,0.9665651,0.9697469,0.967369,0.97100234,0.9749121,0.98717064,0.973148,0.9757537,0.9791836,0.9686946
aftermovie,0.96305484,0.9490009,0.967068,0.9541615,0.96489716,0.96286833,0.96270925,1.0000001,0.9784594,0.96539885,0.9634,0.96368057,0.96841323,0.9712258,0.97416633,0.9662861,0.97255445,0.96639895,0.9655478,0.96409154,0.9634221,0.95908,0.9743027,0.9731228,0.95857203,0.87804395,0.96065056,0.9625169,0.9645681,0.9645303,0.9561003,0.96032304,0.9514859,0.9535485,0.94695157,0.9318521,0.962621,0.95648646,0.97192806,0.96714395,0.9625822,0.96318245,0.96685505,0.96854013,0.9670107,0.9551676,0.97119087,0.9639051,0.9647276,0.966923,0.9666161,0.96976405,0.958345,0.9614004,0.96954584,0.9654739,0.95730495,0.9657149,0.9574461,0.9698964,0.95520496,0.96383256,0.9616733,0.9641318,0.9664142,0.95990795,0.96334255,0.9615018,0.95872045,0.9593816,0.9737069,0.7456504,0.9517525,0.96554506,0.95440406,0.9732617,0.90394807,0.96159637,0.95634395,0.953574,0.9624095,0.95948714,0.97123945,0.9558418,0.96459335,0.9630675,0.9506104,0.9717859,0.96175945,0.96540695,0.96915066,0.9737069,0.95706284,0.96656483,0.9608729,0.9635539,0.96122694,0.94961023,0.9574493,0.96910006,0.9533911,0.97084606,0.9570429,0.9677519,0.9612915,0.96489584,0.9766315,0.95966333,0.9473571,0.95731544,0.9684312,0.8679039,0.9730807,0.9174223,0.9601784,0.9598113,0.9617879,0.95201516,0.9744644,0.96348685,0.9630863,0.96997964,0.97322524,0.9626842,0.9670297,0.9668067,0.96897995,0.9534589,0.96915114,0.9399399,0.9671334,0.95788723,0.9695158,0.9553723,0.9702874,0.96518403,0.96173847,0.97106075,0.9752646,0.9567633,0.9784594,0.96077746,0.959458,0.95650065,0.9485951,0.97307324,0.96384984,0.9501511,0.9628424,0.9628649,0.9654358,0.9542456,0.9702669,0.9444014,0.964165,0.9689282,0.9633297,0.9679954,0.975031,0.9586899,0.9784594,0.9726921,0.9694444,0.9691169,0.9643485
ahiddenlifefilm,0.98316926,0.97438836,0.983778,0.9774372,0.9828367,0.97994447,0.98717064,0.9784594,1.0000001,0.9770015,0.97947043,0.9791608,0.98210704,0.98543483,0.9803842,0.9827147,0.99017465,0.98474413,0.9814854,0.9798248,0.98418504,0.98048544,0.9873256,0.9840051,0.9718257,0.91220224,0.9825976,0.9822729,0.98328114,0.97786367,0.9793437,0.97994745,0.9737956,0.97390085,0.9622154,0.95032716,0.9864214,0.98247486,0.9866724,0.9851553,0.97563803,0.9820789,0.97934854,0.983534,0.9820416,0.976728,0.9847458,0.9852591,0.9755548,0.98561966,0.98409814,0.98870784,0.9770889,0.9803694,0.9753687,0.98213017,0.9650776,0.9814684,0.98151606,0.9872085,0.97861457,0.98048776,0.9814828,0.98314166,0.98470265,0.9786953,0.9692304,0.9812131,0.9796989,0.9772655,0.9880692,0.77217543,0.96757156,0.9845346,0.97590697,0.9790804,0.9332369,0.9790366,0.97818667,0.9759832,0.9791767,0.9812248,0.9871196,0.9765603,0.9848674,0.97869647,0.97236425,0.9816761,0.97395974,0.9869528,0.9758405,0.9880692,0.98163825,0.9807798,0.9847375,0.978856,0.98044693,0.980945,0.98031425,0.9819061,0.9774212,0.9876347,0.97558296,0.9806469,0.98328304,0.9818087,0.98603725,0.98041314,0.9620178,0.9726305,0.98118144,0.9110225,0.9899084,0.9489855,0.98202467,0.9848832,0.9844238,0.97743475,0.9849239,0.9873889,0.9804794,0.9832233,0.9825041,0.9804995,0.985963,0.9798858,0.9765954,0.97641456,0.9823994,0.9670434,0.98505294,0.980899,0.9834185,0.97502476,0.98407465,0.97776544,0.9798384,0.98120147,0.98653615,0.98079,1.0000001,0.9834026,0.9863964,0.98158115,0.97391194,0.9873256,0.98486745,0.9650828,0.9803753,0.98147345,0.9843639,0.98259586,0.9822541,0.9602067,0.97615695,0.98823416,0.975445,0.9839686,0.9811288,0.9830359,1.0000001,0.98241436,0.98598254,0.9867269,0.9830132
alitamovie,0.9659261,0.9547319,0.9631624,0.95821375,0.97582483,0.96040934,0.9701286,0.96539885,0.9770015,1.0,0.9689897,0.9584764,0.95770967,0.9646836,0.9718057,0.9581916,0.9700442,0.9702534,0.9615874,0.96864617,0.9676933,0.95435184,0.96478623,0.960455,0.9555254,0.8968542,0.9623193,0.9564725,0.9607065,0.96135706,0.9559542,0.96223867,0.9459676,0.94830036,0.93590647,0.9226659,0.9672215,0.9606259,0.9728939,0.9628111,0.9494206,0.95410633,0.95831406,0.9615536,0.96457815,0.94862944,0.96476614,0.954815,0.9594385,0.96108294,0.9657997,0.9730549,0.9550665,0.9589208,0.9606607,0.97143507,0.94898,0.9703264,0.96393156,0.96618366,0.95052004,0.9552683,0.9663031,0.96276534,0.97017974,0.95530146,0.95486367,0.9631735,0.96029913,0.9600171,0.9682135,0.7446819,0.9453838,0.96347934,0.9568218,0.96398795,0.91142935,0.95894694,0.9616767,0.9603992,0.968669,0.9648873,0.96383625,0.9503896,0.9612173,0.9538883,0.9557501,0.9638072,0.95017964,0.9680025,0.9548196,0.9682135,0.9620037,0.961158,0.96990246,0.96864825,0.9618236,0.9541177,0.9638307,0.96071887,0.9505872,0.9650231,0.95701295,0.9595758,0.97177786,0.96423316,0.9654688,0.9601588,0.9410343,0.9490244,0.965345,0.8914861,0.9748021,0.9150048,0.95763075,0.9657397,0.9669121,0.95489454,0.9645512,0.9702346,0.9615389,0.96907705,0.9697884,0.96172404,0.96637404,0.9617267,0.96284753,0.95814115,0.96468776,0.9451148,0.96201026,0.9659747,0.9632552,0.9610283,0.9765587,0.9578871,0.9606995,0.9666058,0.9635894,0.96031034,0.9770015,0.95874935,0.9593507,0.96876734,0.9437097,0.96919155,0.9604086,0.94170016,0.96157503,0.9640651,0.97166693,0.9599771,0.96341443,0.9476587,0.95576566,0.96518403,0.95600003,0.9685064,0.96254337,0.96408427,0.9770015,0.96444863,0.9623427,0.96810406,0.9613805
angelhasfallen,0.97293794,0.9547508,0.9713974,0.97099054,0.9637949,0.95498216,0.97030836,0.9634,0.97947043,0.9689897,0.9999997,0.95634186,0.96326077,0.96872896,0.97336656,0.9605245,0.97419167,0.9749762,0.96461123,0.97069776,0.9692203,0.96661127,0.97094613,0.96313334,0.9523623,0.89259595,0.96237046,0.9575259,0.9682087,0.9597116,0.9560101,0.9582549,0.9583811,0.95454067,0.9384691,0.9218134,0.96132594,0.9697104,0.9646509,0.9609525,0.96253735,0.9647711,0.95023865,0.9663193,0.97113496,0.9500137,0.9682829,0.97205037,0.95904607,0.9631049,0.96943605,0.97151864,0.96656543,0.9695837,0.955959,0.96542346,0.95644796,0.9765079,0.9628013,0.9662829,0.9541303,0.9685761,0.96512103,0.96262723,0.9706578,0.97816026,0.95486,0.9660053,0.9735158,0.96745425,0.96889514,0.7547325,0.9523721,0.9681921,0.9623057,0.9688099,0.92929363,0.9614236,0.9584951,0.9568342,0.97978055,0.9680548,0.9681161,0.94834393,0.96767384,0.9605808,0.9588741,0.9651618,0.9636764,0.9658428,0.9652485,0.96889514,0.9628929,0.9651011,0.96956563,0.9752148,0.96454436,0.96038014,0.96889955,0.9703742,0.9521505,0.97477967,0.9590474,0.9631263,0.97598773,0.9703047,0.96066767,0.95757157,0.95210373,0.95170474,0.95808643,0.9066166,0.97633326,0.91710496,0.9623227,0.9789479,0.97369415,0.9514864,0.9696344,0.96726173,0.9668161,0.9662366,0.96475685,0.9586506,0.9650302,0.95982265,0.959872,0.96329385,0.97128916,0.9287049,0.9714884,0.9619464,0.9673306,0.9602315,0.97068214,0.9646342,0.9641263,0.96546483,0.9665792,0.9692904,0.97947043,0.967391,0.9621241,0.9583792,0.94164413,0.9700076,0.96759194,0.9396013,0.95851594,0.9750133,0.9619527,0.96315175,0.9593636,0.9479158,0.9526712,0.97350895,0.9634679,0.96269816,0.95698744,0.95981187,0.97947043,0.9559556,0.9669457,0.96890855,0.97383684
angrybirdsmovie,0.9557229,0.9510875,0.9626169,0.95124227,0.95253396,0.9681405,0.96530885,0.96368057,0.9791608,0.9584764,0.95634186,0.99999994,0.9736568,0.96513534,0.9575676,0.9664793,0.96886617,0.96117955,0.9599241,0.9620908,0.96020967,0.9693013,0.9728626,0.9671588,0.9469993,0.8645281,0.96179795,0.9624714,0.96735513,0.9729009,0.9522214,0.96440274,0.95500845,0.9650752,0.95078456,0.9247056,0.9700347,0.9582706,0.9724658,0.96700644,0.95735264,0.95959336,0.9649397,0.9551045,0.95757705,0.9581899,0.96403617,0.965288,0.96708155,0.95854753,0.97500193,0.96626663,0.9681075,0.9495551,0.95049375,0.95129526,0.94928443,0.96301895,0.95876414,0.9666306,0.96097416,0.9523353,0.9638378,0.95967406,0.96134424,0.95622486,0.9568234,0.95708823,0.9484447,0.9580409,0.96966887,0.7907441,0.9474184,0.9647723,0.9530859,0.9636004,0.914916,0.95943993,0.958302,0.944538,0.9602501,0.96548444,0.9728501,0.9595649,0.9737103,0.96067244,0.96018153,0.966908,0.95880604,0.960222,0.95156246,0.96966887,0.95918614,0.9570884,0.96781343,0.9532857,0.9710571,0.9662837,0.9606796,0.9660918,0.95663387,0.97290254,0.9632135,0.9606755,0.97096413,0.9654247,0.9752558,0.9623362,0.94301426,0.9466735,0.951614,0.8924873,0.96465755,0.9201715,0.96388537,0.9603933,0.96229064,0.9631657,0.9691477,0.9663527,0.95940644,0.96304256,0.96680945,0.96488965,0.95937353,0.95632267,0.9590234,0.95789397,0.9640732,0.94346076,0.9592228,0.955839,0.9635568,0.95227104,0.9655299,0.9618248,0.96207124,0.9619002,0.9765875,0.9532276,0.9791608,0.966485,0.9701827,0.96231323,0.95929384,0.9707626,0.96341246,0.95880383,0.9640481,0.95708865,0.9626208,0.96676606,0.9611143,0.9358909,0.96596503,0.9709982,0.9512657,0.9761519,0.96914613,0.9669015,0.9791608,0.96991473,0.965911,0.97520375,0.9689547
annabellemovie,0.96002626,0.9594023,0.9709449,0.9675751,0.9634307,0.96887845,0.96909446,0.96841323,0.98210704,0.95770967,0.96326077,0.9736568,1.0,0.9671936,0.9733782,0.969348,0.97524667,0.97074604,0.96818066,0.97691965,0.9715763,0.96517897,0.9676482,0.9718902,0.95820117,0.88665277,0.96996206,0.9617584,0.9716295,0.96860796,0.96482724,0.96732175,0.959105,0.9594946,0.95161873,0.9353274,0.9650877,0.9704045,0.9745023,0.9689915,0.96368736,0.9623974,0.96043384,0.9558945,0.9634456,0.96178246,0.96591383,0.9692901,0.96760654,0.96111315,0.9749586,0.9702324,0.97241354,0.9586019,0.9636737,0.96539444,0.95936817,0.96655774,0.9682379,0.96595156,0.97006583,0.96191895,0.9609152,0.9687813,0.96504843,0.96994305,0.9560385,0.9586262,0.95491904,0.96913403,0.9677391,0.76611316,0.9519204,0.9628864,0.9655189,0.9642295,0.9272583,0.9626011,0.96634465,0.95505995,0.9688805,0.9770842,0.97476685,0.9527813,0.9846441,0.9625994,0.9663745,0.98593354,0.9624777,0.9659888,0.961599,0.9677391,0.96213704,0.96760267,0.96975666,0.96792036,0.9635872,0.96574277,0.96542996,0.96530586,0.95783806,0.9741953,0.96437293,0.958507,0.96890193,0.97002536,0.97037727,0.9661996,0.9510181,0.9542901,0.9639246,0.8958251,0.9686332,0.92925626,0.9631973,0.95828825,0.9599343,0.9594009,0.97128147,0.9712607,0.9693048,0.96211123,0.9681528,0.96940565,0.97013855,0.9678497,0.9767168,0.9611144,0.9709317,0.9441982,0.96846956,0.96581703,0.974411,0.9489646,0.9702745,0.9639465,0.9625955,0.96970266,0.9732996,0.9655947,0.98210704,0.9666855,0.97149014,0.9679449,0.9628623,0.9692454,0.9706894,0.9573848,0.96829796,0.9594838,0.96762586,0.96310055,0.9610932,0.94624716,0.9578659,0.968595,0.9626326,0.9696073,0.96378964,0.96487224,0.98210704,0.9702957,0.96728325,0.972447,0.9719099
annamovie,0.965384,0.9583595,0.972762,0.96132344,0.9655789,0.9682777,0.9701053,0.9712258,0.98543483,0.9646836,0.96872896,0.96513534,0.9671936,1.0000002,0.9681627,0.9684207,0.98372626,0.9744854,0.9688837,0.9609925,0.97428143,0.96984845,0.97598976,0.9718702,0.9657224,0.8878775,0.97182083,0.9841018,0.9682737,0.97279394,0.965691,0.965135,0.96725535,0.95942813,0.93948925,0.9348057,0.9749105,0.9677944,0.9675764,0.96975774,0.9648523,0.96847415,0.96668607,0.97552955,0.97114974,0.9574986,0.9731841,0.97081417,0.95969737,0.9748823,0.97569335,0.9755659,0.9665263,0.9673299,0.95954055,0.9716765,0.9628113,0.9637709,0.9681448,0.9794519,0.96940106,0.9673042,0.9678152,0.97871476,0.9712417,0.95952415,0.96015954,0.9664255,0.96773434,0.9614239,0.9770696,0.7551847,0.9548513,0.97221446,0.9614357,0.96961683,0.9154621,0.9672362,0.96181345,0.95812273,0.96051466,0.96275973,0.9772263,0.96002495,0.9677992,0.96845585,0.9550459,0.9693487,0.9643914,0.97118926,0.9602956,0.9770696,0.96678734,0.9697864,0.9655401,0.9651878,0.9683918,0.9633721,0.9614869,0.9710664,0.9613071,0.9773092,0.9687733,0.96345973,0.9802409,0.97379,0.9799286,0.964614,0.94538975,0.95328915,0.9717088,0.8944151,0.97760636,0.9217279,0.9709984,0.97304666,0.96830165,0.964417,0.9652028,0.97144365,0.96796083,0.97095823,0.9694218,0.96576196,0.9723342,0.9689683,0.9615722,0.9558746,0.96848184,0.9509996,0.97182804,0.96546686,0.98302525,0.9623604,0.97482336,0.97387475,0.9693396,0.9700502,0.97453594,0.9640866,0.98543483,0.97007316,0.96433526,0.9675038,0.9559469,0.9714081,0.9673012,0.9441584,0.9665227,0.9709699,0.96765554,0.9700353,0.968488,0.9461793,0.9628772,0.98144037,0.9715807,0.9691592,0.96990716,0.97359043,0.98543483,0.9737225,0.97969973,0.9761761,0.97079355
apollo11movie,0.967108,0.95568955,0.9702998,0.967479,0.97116077,0.9641194,0.9703696,0.97416633,0.9803842,0.9718057,0.97336656,0.9575676,0.9733782,0.9681627,0.9999997,0.9617276,0.97250694,0.97466,0.9660872,0.97818816,0.9735137,0.96285796,0.96492654,0.96537375,0.9517828,0.89069676,0.96350586,0.9587236,0.9706854,0.9600759,0.9519859,0.96179634,0.94886476,0.9463253,0.9356276,0.92324656,0.9629491,0.9639922,0.97081,0.9679268,0.96248776,0.957056,0.95736533,0.95853466,0.96308154,0.9539705,0.96368057,0.9601485,0.9660914,0.9598382,0.97434807,0.97150713,0.9591381,0.96457505,0.9641911,0.97156835,0.9494005,0.9738538,0.96168244,0.9689479,0.9677083,0.9613916,0.9650245,0.9668643,0.9677339,0.962985,0.9559808,0.9666065,0.9619484,0.9606114,0.9715067,0.7499354,0.95043206,0.9649964,0.9643883,0.9600258,0.9125235,0.9654679,0.9656027,0.96358806,0.9719908,0.96686506,0.9738049,0.95440173,0.9707188,0.9623168,0.95809555,0.97203887,0.9597554,0.9664503,0.9644657,0.9715067,0.9619915,0.9570617,0.9708593,0.9834907,0.95930797,0.9533959,0.96615684,0.9670323,0.9499743,0.97326034,0.9574827,0.96794695,0.97362965,0.9730475,0.96522987,0.9624801,0.947297,0.9586234,0.96966434,0.8796957,0.9705461,0.9170118,0.96256316,0.9648405,0.9660572,0.94942206,0.9718922,0.9673304,0.96701145,0.96909493,0.97174066,0.96983016,0.9632907,0.9601246,0.9740608,0.96053404,0.9666295,0.9381153,0.96562165,0.96605134,0.9674623,0.96010566,0.97526574,0.9604184,0.9594909,0.96912324,0.9673299,0.9617719,0.9803842,0.96747667,0.9615409,0.96861404,0.9503699,0.9630356,0.9654008,0.940473,0.96512395,0.96925974,0.97278595,0.95681614,0.9535879,0.9544346,0.9580839,0.9672295,0.9642002,0.9660561,0.9578433,0.95952135,0.9803842,0.96567357,0.9664975,0.97416186,0.9702762
arcticdogsmovie,0.9568572,0.95801604,0.9693083,0.94590384,0.9715894,0.9660516,0.97283256,0.9662861,0.9827147,0.9581916,0.9605245,0.9664793,0.969348,0.9684207,0.9617276,1.0000001,0.97315854,0.96938133,0.96252567,0.9624414,0.9666565,0.96419555,0.9680844,0.9709899,0.95622045,0.88922095,0.97193795,0.96641994,0.9728248,0.96976495,0.96150345,0.97205466,0.9611892,0.96436214,0.95410264,0.9293396,0.965922,0.95864457,0.9695051,0.9715973,0.9556197,0.9743533,0.96790564,0.97180325,0.9672234,0.9615748,0.9668036,0.9715974,0.9607414,0.97279537,0.96905106,0.9725051,0.9606221,0.96471405,0.9515655,0.96427244,0.95460886,0.96201783,0.95976365,0.97058874,0.96880674,0.9678715,0.9650877,0.97119105,0.9656847,0.9646159,0.9574332,0.96185386,0.96226954,0.9577635,0.97640467,0.7488711,0.9563615,0.9695756,0.94955647,0.963679,0.90135646,0.9703641,0.9627919,0.96243566,0.9662557,0.9666705,0.9724124,0.95833087,0.970313,0.9726742,0.95207024,0.9648386,0.96298796,0.97378594,0.9589614,0.97640467,0.968337,0.97632706,0.9671298,0.9511797,0.96644133,0.96943027,0.96475923,0.96013665,0.9603777,0.97280645,0.95715326,0.9696725,0.96858305,0.9665602,0.97459805,0.9747248,0.96555316,0.95873547,0.96093667,0.8938746,0.97225267,0.9362084,0.9652929,0.9646666,0.9606338,0.96229655,0.97703594,0.96817553,0.96618396,0.9709054,0.96572584,0.96248233,0.97011274,0.9679878,0.95912576,0.95989746,0.96205986,0.95075077,0.9646204,0.9634015,0.96664566,0.9488195,0.9632317,0.9679268,0.95873547,0.9683585,0.97647965,0.9666242,0.9827147,0.97113985,0.9718448,0.9647754,0.96213925,0.96931803,0.95972735,0.9533493,0.9698049,0.96556455,0.9673769,0.9645502,0.9625003,0.9481043,0.96127874,0.9696363,0.9573989,0.974204,0.9701408,0.9628073,0.9827147,0.9704374,0.96650535,0.96890205,0.9718435
arcticmovie,0.9747439,0.96222097,0.975094,0.96631783,0.9723135,0.9691752,0.9802284,0.97255445,0.99017465,0.9700442,0.97419167,0.96886617,0.97524667,0.98372626,0.97250694,0.97315854,0.99999994,0.9766353,0.9766003,0.9730524,0.97828966,0.98083323,0.98109066,0.9740383,0.9631285,0.8966345,0.98090184,0.9807816,0.9772533,0.9662241,0.97183055,0.97324795,0.97101784,0.9653062,0.9532334,0.93570346,0.9745299,0.9757274,0.9747777,0.97709197,0.97609735,0.9737909,0.9699333,0.9745251,0.9730999,0.96511644,0.9797745,0.9764892,0.9706751,0.97443384,0.9808064,0.9825938,0.9747983,0.9732354,0.9642766,0.9785532,0.96799415,0.9773867,0.97227216,0.9794517,0.97381526,0.9737474,0.9690548,0.9778268,0.9758878,0.9693643,0.9619142,0.9717966,0.9718316,0.96837014,0.9780277,0.76030654,0.95941263,0.9739193,0.96885747,0.9696212,0.9267107,0.97459584,0.9705988,0.9699341,0.974975,0.96907234,0.9847485,0.96333677,0.9713037,0.97324926,0.95949346,0.9741197,0.9691531,0.97562796,0.96490705,0.9780277,0.9715188,0.9709794,0.9743881,0.9702916,0.9743631,0.9693674,0.9779934,0.97777873,0.96442765,0.97762007,0.96894956,0.9722375,0.9811948,0.97547835,0.97564274,0.97200656,0.95816714,0.95893,0.97854567,0.9015132,0.9813349,0.93064606,0.97680384,0.97927606,0.9756202,0.9668471,0.977322,0.98148334,0.97804123,0.97623426,0.9751167,0.96751016,0.974307,0.9700356,0.9709521,0.9685145,0.9783314,0.9524002,0.9752398,0.97114736,0.98863184,0.9726574,0.9787638,0.96818024,0.9730315,0.9768479,0.97517884,0.9715508,0.99017465,0.9798048,0.96974343,0.9763219,0.9644919,0.9810125,0.97537136,0.95115995,0.97290313,0.9739888,0.97594565,0.972741,0.97867775,0.9515204,0.9647138,0.97982246,0.97697926,0.9761025,0.9757625,0.97712636,0.99017465,0.97320104,0.97946143,0.9809096,0.9763524
artofracingmovie,0.9688557,0.9637832,0.9785583,0.9630873,0.97693926,0.9622942,0.9726937,0.96639895,0.98474413,0.9702534,0.9749762,0.96117955,0.97074604,0.9744854,0.97466,0.96938133,0.9766353,1.0000001,0.9720062,0.9695899,0.9740917,0.96342987,0.97591734,0.9711662,0.96541727,0.9012418,0.9739802,0.96253276,0.9706151,0.96859455,0.9633631,0.96781373,0.9687763,0.95731616,0.94019186,0.93221605,0.9669216,0.9692531,0.96888304,0.9725159,0.96575856,0.965476,0.96860963,0.9661735,0.9696156,0.95366,0.9726843,0.9668018,0.95963097,0.96942884,0.97468877,0.9739623,0.9647536,0.972232,0.96389204,0.97657746,0.9589865,0.9703409,0.964844,0.9728213,0.96872497,0.9614149,0.96625364,0.9763107,0.97009164,0.96669525,0.9567574,0.96650225,0.9697214,0.96617913,0.9744137,0.77340275,0.950069,0.9715268,0.9649273,0.9666286,0.9247417,0.970841,0.96386683,0.9616096,0.9725678,0.9686197,0.96968734,0.95432943,0.9704381,0.96903837,0.9583919,0.96895486,0.96302336,0.97377855,0.96093,0.9744137,0.96515065,0.96840733,0.97020864,0.97110415,0.97397125,0.96696275,0.9643737,0.9720354,0.9558122,0.97554976,0.95862657,0.96490437,0.9777181,0.9737727,0.9717697,0.9638974,0.9565247,0.957382,0.9705945,0.90763265,0.9790469,0.92401385,0.9622129,0.97319,0.96981674,0.9531468,0.9764828,0.97071934,0.96843225,0.9695792,0.9737046,0.96174204,0.9779075,0.9643488,0.9634973,0.967112,0.978116,0.95020777,0.966048,0.9730969,0.9744943,0.9597421,0.971342,0.97177285,0.9652697,0.9678112,0.9710949,0.9774979,0.98474413,0.9694399,0.9663375,0.9680366,0.95250726,0.9703961,0.9746812,0.9446368,0.97054595,0.9680802,0.9677639,0.9718773,0.9647906,0.94916016,0.9571767,0.97649205,0.97369653,0.96933705,0.9712319,0.9698681,0.98474413,0.97251683,0.97296655,0.98067176,0.9747069
avengers,0.97613215,0.9531291,0.976302,0.95936304,0.9699049,0.96202046,0.9624936,0.9655478,0.9814854,0.9615874,0.96461123,0.9599241,0.96818066,0.9688837,0.9660872,0.96252567,0.9766003,0.9720062,1.0,0.9657182,0.9690274,0.9599427,0.9686452,0.96750444,0.97011733,0.8881236,0.96409917,0.9588649,0.9676417,0.96538293,0.97706985,0.9588963,0.96618426,0.9556064,0.9350546,0.9226533,0.9632393,0.9657421,0.9668003,0.9619195,0.9635737,0.9608418,0.9663038,0.9674632,0.9676326,0.9565073,0.96331835,0.97164303,0.9484353,0.96585286,0.9690771,0.9647109,0.9590034,0.9682718,0.9625783,0.97003883,0.9531312,0.9595765,0.9650961,0.9737412,0.97319883,0.96770966,0.97067046,0.9713992,0.9611453,0.95575124,0.9648679,0.9609231,0.9599408,0.9572207,0.97662765,0.7712938,0.949842,0.96917427,0.95904124,0.9657411,0.91179174,0.96796435,0.96912354,0.9476259,0.96441513,0.96373624,0.96828026,0.9498812,0.9652061,0.96720403,0.9470436,0.9670606,0.95960563,0.9722123,0.9626293,0.97662765,0.96746033,0.9667726,0.9668139,0.9573259,0.96531016,0.95806384,0.95635164,0.9649902,0.95185953,0.9746041,0.9635679,0.96822816,0.96536565,0.966528,0.97236437,0.9582273,0.95193875,0.9532777,0.9704232,0.8809854,0.9736111,0.9119176,0.9610687,0.96671313,0.9624547,0.9468978,0.969185,0.9653513,0.95871377,0.96497273,0.97206414,0.96103567,0.97528225,0.95992106,0.9654618,0.95945656,0.96898746,0.9429434,0.9680926,0.9651728,0.96886134,0.95511097,0.9639935,0.9715715,0.95467913,0.95725447,0.9738852,0.96388197,0.9814854,0.9717101,0.9619244,0.96934754,0.95744795,0.9665711,0.9707489,0.9512191,0.96356314,0.96517485,0.9618746,0.9705263,0.96403664,0.960682,0.961497,0.9709463,0.96359324,0.9694324,0.9675989,0.9712708,0.9814854,0.9623744,0.9672872,0.9688509,0.9675277
beachbummovie,0.9610882,0.95620257,0.96889657,0.9613519,0.97260654,0.9589265,0.9694048,0.96409154,0.9798248,0.96864617,0.97069776,0.9620908,0.97691965,0.9609925,0.97818816,0.9624414,0.9730524,0.9695899,0.9657182,0.99999964,0.9688337,0.97070664,0.96374303,0.9683548,0.95508134,0.8869815,0.9704154,0.9579792,0.9678104,0.9610239,0.9613804,0.9603045,0.95095843,0.9584003,0.9460991,0.9367656,0.96271753,0.97112894,0.97164273,0.9648083,0.95559436,0.95661527,0.9574924,0.9590883,0.95979255,0.9698329,0.9631167,0.96545655,0.9609466,0.96122354,0.9716393,0.9694832,0.9594467,0.9621289,0.96876043,0.96838456,0.9545635,0.9649286,0.9648707,0.9655373,0.95414436,0.96375656,0.9658468,0.9680313,0.96787596,0.96867734,0.94709104,0.9575392,0.9617111,0.9710701,0.9631742,0.7679871,0.9570884,0.9626608,0.9558666,0.9622587,0.9294403,0.9630278,0.9642888,0.9597834,0.9683063,0.9630548,0.9655071,0.9523939,0.9743294,0.95198905,0.96199536,0.967091,0.95900196,0.96171093,0.9639924,0.9631742,0.96460193,0.952639,0.9721252,0.9697865,0.95592535,0.9670513,0.9659799,0.96398777,0.96083397,0.9744771,0.95984364,0.9609565,0.9692165,0.9712927,0.9617508,0.96759015,0.95090514,0.95045483,0.9612782,0.89540243,0.9711296,0.92948,0.9634235,0.96395,0.9623266,0.9575102,0.9682555,0.9702403,0.96403974,0.96251696,0.9718261,0.9685781,0.96986246,0.9564991,0.963516,0.97149116,0.9685102,0.92855614,0.97004104,0.9594496,0.96652216,0.959601,0.97089297,0.9652731,0.9614563,0.96263736,0.9615525,0.9679879,0.9798248,0.97206783,0.97132736,0.97078824,0.95428884,0.97177243,0.97631305,0.94660705,0.9694746,0.9643125,0.96695703,0.9590495,0.964542,0.94187444,0.95410556,0.9636408,0.96003795,0.96574533,0.95786977,0.9610887,0.9798248,0.96262383,0.964997,0.96354854,0.96914744
bernadettefilm,0.96451217,0.9615538,0.97267234,0.96105707,0.9687985,0.9669798,0.97508246,0.9634221,0.98418504,0.9676933,0.9692203,0.96020967,0.9715763,0.97428143,0.9735137,0.9666565,0.97828966,0.9740917,0.9690274,0.9688337,0.9999998,0.9697642,0.9642504,0.9617043,0.9619643,0.90424836,0.9664908,0.9639177,0.9738241,0.95939815,0.96872014,0.9718313,0.96349365,0.94703615,0.93868965,0.9300104,0.9665823,0.967429,0.9650412,0.96835846,0.9540692,0.9728336,0.9741466,0.9755113,0.9693657,0.96157753,0.96130294,0.96829355,0.9706874,0.97995424,0.97858256,0.9769781,0.9605584,0.96202594,0.95881397,0.97226775,0.94478446,0.96905386,0.9655496,0.9679281,0.966162,0.96488535,0.96786076,0.974306,0.97195756,0.96455926,0.96379256,0.96805793,0.9647679,0.9551267,0.96987057,0.763505,0.945486,0.9633758,0.96316653,0.96163297,0.9137063,0.9662961,0.959716,0.95590764,0.96555454,0.9693792,0.975643,0.9545152,0.9710343,0.9627226,0.94981074,0.9693898,0.96031374,0.97140944,0.9674198,0.96987057,0.96550596,0.97161907,0.97029334,0.97442496,0.9588608,0.9564828,0.97162384,0.9657102,0.9564965,0.9780509,0.9717928,0.9613895,0.971954,0.9761113,0.96714395,0.9664227,0.9477663,0.9605053,0.97147626,0.88374203,0.9780947,0.9177265,0.9732215,0.96509534,0.9659331,0.9556353,0.96649647,0.9765504,0.96733683,0.96275496,0.96274394,0.9659545,0.9680542,0.9682914,0.962613,0.9640683,0.9686929,0.9521747,0.98340535,0.96828127,0.9748506,0.9653861,0.9691483,0.96267736,0.9659578,0.9687857,0.9670392,0.9657886,0.98418504,0.9725388,0.966233,0.97334075,0.9648936,0.97202367,0.9708289,0.9396373,0.9666933,0.96583474,0.96655273,0.9699599,0.96468395,0.9557999,0.9513499,0.97138053,0.9667487,0.96663034,0.9652256,0.9678158,0.98418504,0.9612101,0.9721737,0.97811824,0.96990585
