movie,21bridgesmovie,47metersdown,abeautifuldaymovie,abominablemovie,adastramovie,adogsjourneymovie,aftermathmovie,aftermovie,ahiddenlifefilm,alitamovie,angelhasfallen,angrybirdsmovie,annabellemovie,annamovie,apollo11movie,arcticdogsmovie,arcticmovie,artofracingmovie,avengers,beachbummovie,bernadettefilm,blackandbluemovie,blackchristmas,blindedbythelightmovie,bombshellmovie,booksmart,breakthroughmovie,brianbanksmovie,brightburnmovie,brittanyrunsmov,captainmarvelofficial,captivestatemovie,catsmovie,charliesangels,childsplaymovie,clarathefilm,coldpursuitmovie,countdown,currentwarmovie,darkwatersmovie,detectivepikachumovie,disneyaladdin,disneyfrozen,disneymaleficent,doctorsleepmovie,dolemiteismyname,dontletgomovie,doramovie,downtonabbey_official,dumbo,escaperoom,everybodyknowsmovie,fastandfuriousmovie,fightingwmyfam,fivefeetapartfilm,fordvferrari,freaksthefilm,geminimanmovie,glassmovie,gloriabellmovie,godzillamovie,goldfinchmovie,goodboysmovie,goodliarmovie,gretafilm,halathemovie,happydeathdaymovie,harrietfilm,hellboymovie,hersmellmovie,highlifemovie,highstrungmovie,honeyboymovie,hotelmumbaifilm,httydragon,hustlemovie,hustlersmovie,isntitromantic,itmovieofficial,jayandsilentbob,johnwickmovie,jojorabbitmovie,jokermovie,judythefilm,jumanjimovie,justmercyfilm,knivesout,lalloronamovie,lastblackmansf,lastchristmasthemovie,latenightmovie,lighthousemovie,lionking,littlethemovie,littlewomenmovie,littlewoodsfilm,longshotmovie,lordsofchaosmovie,lucyintheskyfilm,mamovie2019,marriagestory,meettheaddams,meninblack,midsommarmovie,midwaymovie,missbalamovie,missinglinkfilm,motherlessbklyn,onceinhollywood,onthebasisofsex,overcomermovie,peanutbutterfalcon,petsematarymovie,piercingmovie,playingwithfire,playmobilthemovie,pomsmovie,queenandslim,rambomovie,readyornotfilm,richardjewellfilm,rocketmanmovie,scarystoriesmovie,secretlifeofpets,serenityfilm,shaftmovie,shazammovie,spidermanmovie,spiesindisguise,starwars,stormboymovie,stubermovie,taosdfilm,teenspiritmov,terminator,theaeronautsmov,thebestofenemies,thedeaddontdie,thefarewell,thehighwaymen,thehummingbirdprojectfilm,theintrudermovie,theirishmanfilm,thekitchenmovie,thelegomovie,themustangfilm,thenightingalefilm,theprodigymovie,thesunisalsoastar,theupsidefilm,tolkienmovie,toystory,triplefrontier,uglydolls,uncutgems,underthesilverlake,usmovie,wavesmovie,whatmenwant,wonderparkmovie,wrinklestheclown,xmenmovies,yardiefilm,yesterdaymovie,zombieland
21bridgesmovie,0.9999999,0.95973283,0.96531016,0.9625213,0.9592438,0.96139467,0.9625493,0.9615752,0.97942656,0.95636225,0.9651909,0.9545672,0.9541707,0.9509811,0.9528412,0.96336436,0.95526576,0.96760064,0.9770921,0.9441629,0.96017575,0.95519537,0.9631482,0.9550937,0.96045893,0.92302436,0.95176643,0.95174706,0.95704603,0.94388884,0.95976907,0.9549411,0.9505557,0.95207477,0.9541716,0.92910725,0.9573677,0.96922773,0.9591008,0.9576983,0.9501294,0.9579846,0.9459769,0.9601521,0.9614369,0.9452675,0.9644009,0.94820416,0.9552038,0.959643,0.96072096,0.96332926,0.9525558,0.9537677,0.95680946,0.94796264,0.962738,0.96038854,0.9641284,0.95829934,0.9513567,0.96099,0.9627863,0.9496872,0.95537066,0.95699483,0.9551489,0.9578074,0.9665428,0.954,0.9622218,0.8847391,0.949063,0.96189076,0.95012206,0.95125383,0.94128495,0.9559046,0.9527042,0.9563444,0.9627757,0.95926255,0.9621274,0.95589304,0.95965916,0.9515762,0.9591421,0.9633946,0.9586462,0.964128,0.9650817,0.9622218,0.9533212,0.95549285,0.9547264,0.9508832,0.9709878,0.9586543,0.9501615,0.9542334,0.9570289,0.952172,0.9568912,0.95896333,0.9413336,0.9575751,0.9654003,0.95735466,0.96086776,0.9618841,0.95971274,0.90229696,0.96395034,0.92903346,0.9573206,0.9752317,0.9885404,0.9464521,0.95763034,0.95955014,0.9623779,0.96511996,0.95828897,0.9582593,0.9617511,0.95893645,0.95933,0.95732456,0.9585465,0.93217874,0.95597094,0.9573261,0.95529205,0.952592,0.96236515,0.94809055,0.9718125,0.9583794,0.9620017,0.9547846,0.97942656,0.9660409,0.9577403,0.94960797,0.9542624,0.9584303,0.95627934,0.9607157,0.9515538,0.9672747,0.95996624,0.9587278,0.96412283,0.9569306,0.96204346,0.95420563,0.96333855,0.956966,0.9553177,0.9611448,0.97942656,0.95293075,0.96129066,0.96096104,0.9539633
47metersdown,0.95973283,0.99999994,0.9593401,0.95763564,0.9526019,0.9614359,0.9609973,0.9514581,0.9745666,0.9545496,0.95822823,0.94725233,0.9573633,0.9530626,0.9467736,0.97424936,0.95240533,0.9564952,0.9550314,0.9456123,0.95750946,0.95613134,0.95584714,0.957516,0.9588038,0.91378266,0.94943,0.9447535,0.961624,0.9504022,0.95061463,0.95898837,0.9474951,0.95312995,0.9543629,0.9306247,0.9566948,0.9560933,0.95823544,0.95105857,0.95399314,0.9533239,0.94485354,0.95148575,0.9531066,0.95458126,0.96119696,0.9523128,0.95339125,0.9530731,0.96558845,0.9666606,0.9501273,0.94775486,0.9450679,0.9442421,0.95196,0.9615693,0.9549764,0.9555983,0.9608013,0.95210195,0.9526306,0.9512414,0.9578552,0.95293564,0.9454212,0.95841676,0.9597713,0.94085556,0.959383,0.8723766,0.93612725,0.9550423,0.94410014,0.94784397,0.93358886,0.95065695,0.94731927,0.95018554,0.9549787,0.9502345,0.95893174,0.95300186,0.9552965,0.94972986,0.95250505,0.96067315,0.9525611,0.96231496,0.9583628,0.959383,0.9514217,0.9533529,0.954271,0.94810754,0.9682942,0.95091534,0.9467961,0.94725144,0.95766234,0.95875865,0.9568719,0.9580956,0.95334476,0.95997095,0.9563461,0.95769024,0.95394254,0.9512733,0.9596418,0.90493184,0.9530777,0.9209901,0.95585346,0.9560208,0.9620408,0.9451726,0.95843846,0.95779467,0.9629258,0.9560756,0.9576548,0.9542661,0.95660496,0.95036083,0.9561631,0.94797206,0.9564339,0.93420583,0.9549939,0.95497155,0.9542109,0.9472606,0.9507196,0.9509035,0.9521937,0.95663965,0.95482075,0.9491774,0.9745666,0.9593519,0.9577752,0.95376647,0.95444316,0.96106595,0.9524049,0.95584816,0.95282483,0.9528904,0.95515287,0.9593904,0.960392,0.9412847,0.96065617,0.95382214,0.9562607,0.95530653,0.9486499,0.949919,0.9745666,0.940017,0.9662142,0.9519002,0.95783365
abeautifuldaymovie,0.96531016,0.9593401,1.0000004,0.9683738,0.95528215,0.96223146,0.9692784,0.9604155,0.98217285,0.95275825,0.9621813,0.96460676,0.9606375,0.9563802,0.9582499,0.96205163,0.96197695,0.9624676,0.96788204,0.9571284,0.9601865,0.9668231,0.9628603,0.957797,0.9649211,0.93106717,0.952778,0.9567102,0.9718163,0.9515074,0.9561718,0.95809597,0.9534611,0.9729266,0.95489824,0.9413602,0.9608809,0.9587315,0.9616966,0.961447,0.9529709,0.9600229,0.947365,0.9552882,0.9581336,0.9623103,0.9659555,0.95549935,0.9592535,0.9573951,0.9779896,0.9705145,0.95575863,0.9512269,0.9475711,0.9531374,0.9661045,0.9638819,0.96378994,0.9654554,0.955778,0.9572786,0.94813466,0.95718837,0.9608343,0.95442474,0.9539263,0.9607641,0.9645225,0.96048605,0.96750665,0.8873897,0.95563483,0.9641847,0.9467827,0.9546802,0.93457514,0.9587574,0.9607853,0.95948017,0.9583101,0.9614369,0.9696903,0.9598328,0.97067845,0.95555276,0.9592541,0.96970814,0.9642761,0.96692693,0.96327156,0.96750665,0.9481453,0.9579052,0.9732023,0.9557907,0.96520734,0.9626856,0.9590555,0.95335925,0.9624636,0.9578944,0.9694415,0.9597694,0.9524163,0.9732732,0.96583164,0.9564683,0.9754257,0.9619183,0.9640399,0.9135167,0.96721905,0.93999374,0.9584062,0.9641761,0.9646553,0.9469771,0.96426255,0.9651998,0.9692566,0.9649163,0.953027,0.9529043,0.96569914,0.95900184,0.9676829,0.96359795,0.95449126,0.9406375,0.96057504,0.9632479,0.9596303,0.9524854,0.9678718,0.95672923,0.956067,0.9642954,0.9691458,0.9593304,0.98217285,0.9727324,0.9614199,0.95608777,0.9577258,0.9674883,0.9568962,0.96039027,0.95922965,0.95570135,0.9637851,0.97051644,0.96885574,0.9452418,0.963557,0.9650885,0.9688644,0.9607955,0.9577163,0.9652645,0.98217285,0.9526709,0.9677548,0.9553539,0.9718593
abominablemovie,0.9625213,0.95763564,0.9683738,1.0000004,0.94854844,0.9539236,0.964601,0.95557916,0.9798879,0.94499016,0.9609107,0.9514164,0.95278275,0.9564909,0.95562035,0.9607236,0.9571058,0.95675373,0.96276057,0.9496109,0.9593307,0.96206754,0.9542378,0.95279336,0.95982486,0.9339096,0.9513733,0.94964653,0.9594709,0.94848204,0.95234865,0.9500315,0.9501975,0.9548013,0.9562683,0.93419987,0.96044517,0.9530671,0.9545164,0.96249217,0.95166034,0.95981413,0.9500198,0.95632404,0.95912457,0.95416474,0.95727336,0.96353865,0.9593588,0.9582914,0.9657253,0.966748,0.9494875,0.95104706,0.9457373,0.9433666,0.9623295,0.96462375,0.96874666,0.95782685,0.95709294,0.96301305,0.95305634,0.95853305,0.96627676,0.9606582,0.9547225,0.9578378,0.9626263,0.96146864,0.9638427,0.88190424,0.94840676,0.9610446,0.9502039,0.9519879,0.9365884,0.9605795,0.9567821,0.9610747,0.96023023,0.9613471,0.962592,0.9578465,0.960273,0.95317775,0.9593216,0.96462035,0.95844305,0.9574698,0.95616776,0.9638427,0.9451198,0.9630124,0.9622542,0.96427727,0.9651399,0.9594031,0.9588185,0.95426595,0.96309197,0.9560168,0.9595668,0.9631728,0.93842024,0.96391696,0.96873957,0.9607031,0.95578575,0.9585516,0.95945686,0.897632,0.96172225,0.93798447,0.9607646,0.95787036,0.95890844,0.9456074,0.9593466,0.9636975,0.9567623,0.96757525,0.95040524,0.9531003,0.963209,0.958226,0.9633765,0.9538486,0.9504479,0.9419196,0.96248215,0.9546107,0.95367426,0.9490244,0.9640443,0.95063204,0.9521944,0.9623788,0.9623038,0.95158786,0.9798879,0.96559376,0.9630157,0.9601048,0.95021933,0.9608921,0.9507189,0.9613631,0.9546947,0.9541658,0.9612066,0.96472806,0.9648212,0.94523054,0.9620691,0.95809513,0.9615483,0.95399237,0.958001,0.9605903,0.9798879,0.9536757,0.9589753,0.9567067,0.96126324
adastramovie,0.9592438,0.9526019,0.95528215,0.94854844,1.0000001,0.95010257,0.9557389,0.94922924,0.97020364,0.9571616,0.94866675,0.9355788,0.946075,0.9448193,0.9403722,0.9475401,0.93878305,0.96773076,0.95877546,0.935747,0.9457568,0.94923395,0.951747,0.9587066,0.9444143,0.9078416,0.9485886,0.9437091,0.951375,0.94803345,0.9549221,0.9439424,0.9386284,0.9370425,0.94512486,0.9251284,0.9598647,0.9510471,0.9483396,0.9438273,0.9475566,0.9467621,0.94286007,0.94992566,0.9465189,0.94740397,0.95583856,0.9422969,0.9442981,0.9495167,0.9569961,0.9507182,0.94402933,0.9496968,0.9402202,0.9632626,0.9504681,0.9499268,0.95527434,0.9555095,0.9444638,0.9500966,0.9511804,0.9473892,0.94438624,0.9470499,0.9493488,0.9481241,0.95147234,0.93665504,0.95724016,0.859266,0.93910736,0.94747,0.94422656,0.94242454,0.93575686,0.9427892,0.9511137,0.9422128,0.94766974,0.9513123,0.9554228,0.95074403,0.94686884,0.945729,0.93846357,0.95886475,0.9565764,0.95558983,0.9525254,0.95724016,0.9489984,0.94363374,0.9536832,0.9379439,0.9500706,0.94999826,0.9483193,0.93754095,0.9543966,0.94945496,0.95019567,0.95059633,0.9345798,0.953248,0.9523604,0.9459736,0.9469512,0.9492819,0.9516525,0.8938894,0.9495505,0.92643994,0.94620705,0.94448173,0.9624849,0.941036,0.95326906,0.95320684,0.95816153,0.9525645,0.94815904,0.9489123,0.950827,0.9477475,0.95373464,0.9504801,0.96305996,0.93312556,0.95338583,0.96408355,0.9491039,0.93986297,0.95841986,0.9469994,0.94847107,0.95018613,0.95079803,0.94288594,0.97020364,0.950606,0.9414112,0.9434474,0.9414115,0.9479717,0.94710165,0.9510553,0.9445733,0.9447065,0.9483544,0.95233303,0.95725226,0.9338304,0.9522986,0.9400164,0.95432025,0.95376366,0.94749767,0.9479644,0.97020364,0.9544873,0.95693445,0.9478384,0.94745207
adogsjourneymovie,0.96139467,0.9614359,0.96223146,0.9539236,0.95010257,1.0,0.9579957,0.9595282,0.976354,0.94659144,0.95117474,0.949004,0.9521928,0.95453024,0.9479825,0.9607245,0.9524122,0.9609599,0.95789474,0.94762534,0.9500443,0.967353,0.9655289,0.9551295,0.9502806,0.9340794,0.94903785,0.9492068,0.9636638,0.94692475,0.94690055,0.9550368,0.94851196,0.9499743,0.9478603,0.9233899,0.95610654,0.9521403,0.9551985,0.947778,0.9485435,0.95604515,0.9551832,0.9532884,0.95996946,0.95227164,0.964863,0.9482715,0.94977075,0.9577599,0.96526176,0.95944047,0.9594918,0.9528835,0.94618106,0.9380837,0.9600387,0.9589621,0.9560332,0.95693856,0.9607527,0.95030266,0.95256865,0.9529584,0.951811,0.95072514,0.94579804,0.9524113,0.9577264,0.94799656,0.96511805,0.87754524,0.94143236,0.95673335,0.95366156,0.94869316,0.935173,0.95687354,0.9530801,0.9560815,0.9489734,0.9451555,0.96242446,0.95291835,0.94985163,0.9486138,0.9486015,0.95914114,0.9581959,0.957541,0.9684119,0.96511805,0.9469859,0.95391923,0.96056956,0.9468618,0.9650816,0.95437247,0.94593316,0.95824194,0.9556029,0.9571281,0.9637693,0.96046823,0.94586134,0.96244645,0.956507,0.94845444,0.9611289,0.95483834,0.9561244,0.8979385,0.95839524,0.92720014,0.95558476,0.9553979,0.9639612,0.9510777,0.95557255,0.9560638,0.9614031,0.9561331,0.95241016,0.96856517,0.9529856,0.9502103,0.9589027,0.95362854,0.947471,0.9435257,0.9547485,0.9457927,0.9554939,0.95434904,0.9544697,0.95565623,0.9579656,0.9567134,0.95863694,0.94720656,0.976354,0.965898,0.94677824,0.9466418,0.94492835,0.95371133,0.95323515,0.9522628,0.9535407,0.9489392,0.95399094,0.9504792,0.9657848,0.9331787,0.95712906,0.9598737,0.96487427,0.954724,0.951887,0.95628476,0.976354,0.9407233,0.9612221,0.9667373,0.9616256
aftermathmovie,0.9625493,0.9609973,0.9692784,0.964601,0.9557389,0.9579957,0.99999946,0.96716595,0.9830246,0.9528265,0.95597816,0.9523653,0.96016204,0.95834374,0.96059144,0.96496516,0.96269,0.96609634,0.96591884,0.9596035,0.96473825,0.966868,0.9682829,0.9569434,0.959387,0.92103326,0.9567599,0.95847124,0.96525466,0.95703137,0.95517904,0.9589033,0.9592242,0.9593612,0.94964176,0.9359357,0.9658694,0.9583932,0.95809007,0.9577151,0.9531852,0.9566899,0.9444153,0.9555092,0.9623028,0.95920527,0.96996915,0.96124154,0.9551693,0.95684254,0.97300595,0.96751785,0.95643485,0.9584494,0.9477973,0.9567324,0.9698548,0.96713775,0.96700436,0.9613429,0.95527166,0.9623923,0.95741624,0.95797956,0.96620363,0.9564062,0.9606393,0.9593395,0.9609075,0.9509439,0.96577424,0.8809272,0.9555143,0.96131414,0.95264375,0.95455545,0.9436976,0.961535,0.957865,0.9592648,0.9553167,0.974782,0.96279585,0.95671225,0.9666214,0.95225763,0.95417184,0.96724623,0.96225506,0.96814495,0.96102023,0.96577424,0.95265627,0.9592103,0.9672431,0.95427936,0.9618137,0.96500075,0.97367686,0.9552677,0.96363777,0.958977,0.9631807,0.96599525,0.9462514,0.9698555,0.9657555,0.9643192,0.9616825,0.9602888,0.965101,0.9117515,0.96558607,0.9347936,0.9644619,0.9545628,0.9649515,0.9545574,0.95909214,0.9894791,0.96767354,0.97395384,0.95863676,0.9644804,0.9622692,0.96092963,0.9603169,0.9638191,0.9600138,0.9403454,0.9607993,0.9626967,0.96616954,0.9482995,0.9660721,0.9627575,0.9560598,0.96116036,0.9637483,0.9515319,0.9830246,0.9677352,0.96124625,0.9602885,0.9536744,0.96230745,0.95731646,0.9563278,0.9602591,0.95744395,0.983929,0.96116245,0.95998675,0.9428845,0.96497816,0.96382874,0.96453786,0.9606521,0.96060044,0.9629666,0.9830246,0.95247567,0.9684684,0.9576564,0.9655081
aftermovie,0.9615752,0.9514581,0.9604155,0.95557916,0.94922924,0.9595282,0.96716595,1.0000002,0.9750486,0.9528503,0.95173365,0.95065343,0.948057,0.95251435,0.9501565,0.95870376,0.9572055,0.95824623,0.9645312,0.9491926,0.9537906,0.9590601,0.9632062,0.955178,0.9516701,0.925079,0.94852465,0.9512497,0.95974046,0.9481725,0.9515324,0.9506798,0.9532628,0.95141107,0.94960105,0.94203866,0.9574628,0.95410025,0.95786756,0.95084465,0.9478244,0.9558645,0.9513904,0.9553966,0.95929503,0.9504469,0.96149904,0.94490355,0.95298254,0.9586049,0.96252733,0.9600779,0.9493309,0.947403,0.95133054,0.95065343,0.96279556,0.9567422,0.96302897,0.9527228,0.94585866,0.95149344,0.9491134,0.95107895,0.9590031,0.95159096,0.94766486,0.95274407,0.9576347,0.94777995,0.9576777,0.8878617,0.95406944,0.9597697,0.9567158,0.94982344,0.9316156,0.9537536,0.95501226,0.9439658,0.9544807,0.9500534,0.9592237,0.9552703,0.95330364,0.9461126,0.95096886,0.95588464,0.9526304,0.965111,0.9618496,0.9576777,0.9447113,0.94988984,0.958096,0.9450097,0.95404506,0.9595748,0.95053184,0.95143163,0.9609832,0.9550558,0.95768744,0.95570374,0.94069356,0.9608656,0.9624689,0.955408,0.9533725,0.9558493,0.9538898,0.9152305,0.956979,0.9357927,0.94897467,0.95297253,0.96151334,0.9582394,0.95279616,0.9619761,0.96006954,0.9636775,0.9494913,0.95604473,0.9579923,0.95212185,0.9523279,0.9587904,0.9497556,0.9408195,0.95462847,0.9525131,0.95689183,0.93575954,0.9569581,0.9535384,0.9540813,0.95541567,0.9552781,0.9448924,0.9750486,0.96250427,0.95657057,0.9517098,0.9554267,0.95281106,0.9497618,0.9550069,0.950864,0.9524067,0.95980746,0.9526425,0.95943254,0.93503964,0.95587337,0.9544922,0.96196145,0.9521578,0.95878357,0.954278,0.9750486,0.94249284,0.9575667,0.95936656,0.95621085
ahiddenlifefilm,0.97942656,0.9745666,0.98217285,0.9798879,0.97020364,0.976354,0.9830246,0.9750486,0.9999999,0.97000873,0.97513306,0.96915096,0.9751921,0.9746873,0.9732468,0.97790074,0.9774526,0.97986317,0.9815033,0.96924096,0.97460717,0.9807631,0.9807193,0.9748603,0.9748796,0.9463017,0.97175366,0.97133416,0.98021597,0.9651357,0.9726985,0.976573,0.9726716,0.9732697,0.9731521,0.95263225,0.9791535,0.9735946,0.97390646,0.97461236,0.97176003,0.97854376,0.9677124,0.976205,0.97560203,0.9731098,0.9825723,0.97292364,0.97566885,0.97851366,0.9847929,0.98322326,0.9713669,0.9746409,0.9674,0.9647404,0.97933257,0.98090947,0.98038447,0.9785488,0.9752442,0.97447634,0.9712144,0.9745125,0.97776777,0.97475153,0.97166127,0.9766068,0.97894746,0.96931255,0.98426783,0.896198,0.96723676,0.9776573,0.9655249,0.96847326,0.9577801,0.97665375,0.9745032,0.9746191,0.9745244,0.97679675,0.98298794,0.97495043,0.9783107,0.9711372,0.9736018,0.9829802,0.9794506,0.9794731,0.978261,0.98426783,0.9694001,0.97527546,0.9793501,0.9705466,0.9821753,0.9770565,0.97121596,0.97163373,0.97858226,0.97298425,0.97879744,0.9806687,0.96062964,0.9831401,0.9816174,0.9781394,0.9764283,0.97696465,0.978816,0.91919905,0.9798754,0.9549776,0.9777583,0.9753012,0.98105556,0.9686663,0.979762,0.9802123,0.9818791,0.98087066,0.9743022,0.97546613,0.97755015,0.97597444,0.9782435,0.9742561,0.97094625,0.9587764,0.97741735,0.9708192,0.97488534,0.96485645,0.9812206,0.970068,0.9733908,0.978439,0.98261535,0.9658608,0.9999999,0.98283553,0.9746115,0.9748941,0.97251385,0.9788477,0.9709978,0.9770155,0.97866803,0.97149765,0.9774597,0.9792671,0.97893536,0.95957834,0.9791625,0.97562414,0.9791547,0.9779443,0.9735773,0.9776333,0.9999999,0.9669672,0.98191226,0.97771686,0.979066
alitamovie,0.95636225,0.9545496,0.95275825,0.94499016,0.9571616,0.94659144,0.9528265,0.9528503,0.97000873,1.0000002,0.9616564,0.95082545,0.95306796,0.9531085,0.9495403,0.95007944,0.9479869,0.96187055,0.9601536,0.94844115,0.941793,0.9536405,0.9508665,0.9593182,0.9397871,0.9079463,0.943616,0.941574,0.9561726,0.9430523,0.9523284,0.9564698,0.94722307,0.9426063,0.9551266,0.9325158,0.9494926,0.9523683,0.9500311,0.9460394,0.94547564,0.94599015,0.9376855,0.9470972,0.9510817,0.94632614,0.95154893,0.9473554,0.9479928,0.9470476,0.96463543,0.95159286,0.9488834,0.95256567,0.94679475,0.95843047,0.9555109,0.9604623,0.9516752,0.94739074,0.9480516,0.9392251,0.9443364,0.9415891,0.9520264,0.9553687,0.95097643,0.94805807,0.9553423,0.9361449,0.95314854,0.8770681,0.9490618,0.95881796,0.9519288,0.9445115,0.9290403,0.94557345,0.9516362,0.9436748,0.9525083,0.9495596,0.95553017,0.95268625,0.9576275,0.94703496,0.9525293,0.9540567,0.9522412,0.95053923,0.95284915,0.95314854,0.94670385,0.9528386,0.95717514,0.9443338,0.9555912,0.94927603,0.9433342,0.94879323,0.95210177,0.9431245,0.9505774,0.9495026,0.9497975,0.9623645,0.9537779,0.9466406,0.94312936,0.95174193,0.94888246,0.91414684,0.9534766,0.92354816,0.9466581,0.9499045,0.9597915,0.950801,0.9520321,0.9505981,0.95935553,0.95752853,0.95583534,0.9493741,0.94696724,0.95141464,0.95605624,0.9585033,0.952869,0.9341699,0.9477303,0.9558856,0.9497643,0.92592406,0.9639184,0.94543874,0.9503961,0.9488611,0.95320845,0.94308025,0.97000873,0.9607724,0.945815,0.9423616,0.94745374,0.9503199,0.9356966,0.9610526,0.947114,0.94397104,0.944586,0.9481088,0.9537951,0.9395086,0.951758,0.9453749,0.9492917,0.9488116,0.9492083,0.95171297,0.97000873,0.9445325,0.9607118,0.95186794,0.9563735
angelhasfallen,0.9651909,0.95822823,0.9621813,0.9609107,0.94866675,0.95117474,0.95597816,0.95173365,0.97513306,0.9616564,1.0,0.9555755,0.955148,0.94940543,0.9513822,0.95874476,0.959062,0.96195316,0.96696335,0.9468769,0.9495722,0.9558041,0.95703536,0.9561872,0.952857,0.9191122,0.95035857,0.9456536,0.95783377,0.94220257,0.9576255,0.9595468,0.9512232,0.9515873,0.9561142,0.92442095,0.95799863,0.9544111,0.95571345,0.9562576,0.94756633,0.9569961,0.9425865,0.95518833,0.95704454,0.9500972,0.96117324,0.95625436,0.9643352,0.9565045,0.96301407,0.96517867,0.9559224,0.95557994,0.9471807,0.9421673,0.9585021,0.96188635,0.9522455,0.9529274,0.95312846,0.94394165,0.94720733,0.95435303,0.9602557,0.9606741,0.9502146,0.9607907,0.9742365,0.951942,0.95922047,0.88774365,0.9520224,0.9597196,0.95648867,0.9482835,0.9329099,0.9498555,0.9476363,0.95314133,0.97241133,0.95466775,0.9615484,0.95352346,0.95617276,0.94926435,0.96021897,0.96077615,0.95764494,0.9539958,0.9583215,0.95922047,0.9437567,0.9569799,0.9569743,0.96295357,0.9667124,0.9577063,0.9416956,0.9538543,0.9583434,0.9444126,0.9505566,0.9551995,0.93958247,0.96091336,0.95841223,0.95927763,0.95124906,0.9594604,0.9542781,0.9021245,0.96044433,0.9290215,0.9521593,0.96030986,0.96184504,0.9466827,0.95923036,0.9534545,0.9640836,0.9568998,0.9577022,0.95671314,0.95876306,0.95553356,0.9617176,0.9548456,0.95162797,0.9377977,0.9531365,0.9489216,0.9551914,0.9394224,0.963848,0.94559944,0.9621338,0.9564628,0.9568807,0.9513648,0.97513306,0.9631293,0.9538826,0.956764,0.9507323,0.96313983,0.94934255,0.9601685,0.95804083,0.94709057,0.9530022,0.9585261,0.9584208,0.9514116,0.9564594,0.9535027,0.95635164,0.9569967,0.9585784,0.9547817,0.97513306,0.9381034,0.9585666,0.96350133,0.95375943
angrybirdsmovie,0.9545672,0.94725233,0.96460676,0.9514164,0.9355788,0.949004,0.9523653,0.95065343,0.96915096,0.95082545,0.9555755,1.0000002,0.94678605,0.9495685,0.9497298,0.9549128,0.95189184,0.9441997,0.9600037,0.9458523,0.95196664,0.95585966,0.94896907,0.9544185,0.94790226,0.91217977,0.94374275,0.9379495,0.95790267,0.94774073,0.93805957,0.9459788,0.9461566,0.9594036,0.9411183,0.9318496,0.94564205,0.9462927,0.9423345,0.9445212,0.9470242,0.9524353,0.94709027,0.9533197,0.94340384,0.9565748,0.9529824,0.96300083,0.95137495,0.9518728,0.96772695,0.9555972,0.9473352,0.9446807,0.9426291,0.93663794,0.9555177,0.95307434,0.94812715,0.9500332,0.9511437,0.94326663,0.93771785,0.9441434,0.9413452,0.9469901,0.9436321,0.9450714,0.95490885,0.9421538,0.95311004,0.8913855,0.9507347,0.95398647,0.9441942,0.9365493,0.921553,0.9476196,0.95276743,0.94967115,0.9570775,0.94734234,0.95973843,0.95557666,0.9609659,0.9460312,0.94565445,0.950964,0.9489058,0.94839656,0.95400435,0.95311004,0.94122285,0.9444483,0.9557491,0.9542954,0.9604592,0.94569486,0.9356215,0.9443375,0.95215625,0.9458443,0.9468099,0.9494444,0.9393116,0.96418124,0.9636722,0.9562202,0.96087223,0.95462066,0.9541409,0.8928772,0.95019597,0.928667,0.9478174,0.95576847,0.9551696,0.9420514,0.95311505,0.94795316,0.95869356,0.9564691,0.9435864,0.9499661,0.9446909,0.9442033,0.95180553,0.95401484,0.9331687,0.9257398,0.96246415,0.94129944,0.9516079,0.93616414,0.95038515,0.9436275,0.94948775,0.9543502,0.96258664,0.9506773,0.96915096,0.961046,0.962462,0.9516327,0.9514918,0.95279497,0.9425111,0.9465131,0.9499383,0.9448352,0.94875324,0.94987303,0.9616109,0.93394876,0.9543202,0.9518832,0.95363945,0.95334613,0.93840677,0.9483615,0.96915096,0.93073314,0.9534782,0.95314133,0.9607923
annabellemovie,0.9541707,0.9573633,0.9606375,0.95278275,0.946075,0.9521928,0.96016204,0.948057,0.9751921,0.95306796,0.955148,0.94678605,1.0000001,0.95474726,0.94936484,0.9552289,0.95626944,0.95714504,0.9616993,0.94643193,0.9408467,0.958007,0.9567436,0.944834,0.9530285,0.9243481,0.9539391,0.9537874,0.9546417,0.94011503,0.95739543,0.9594144,0.950309,0.9488653,0.95247656,0.93447304,0.9579289,0.9651213,0.95395017,0.9469477,0.9588319,0.95199823,0.9361193,0.9491255,0.9509914,0.9486325,0.95604855,0.94879943,0.95984334,0.949706,0.9649834,0.96243215,0.9573052,0.9591799,0.9564704,0.9407186,0.9526757,0.9605489,0.9551091,0.956638,0.95814407,0.94701916,0.94589514,0.95416045,0.95321834,0.9584676,0.94676137,0.9558322,0.95828736,0.94142306,0.96291256,0.8859194,0.9372367,0.9576373,0.93487966,0.9504787,0.9453345,0.9501573,0.94826895,0.950193,0.946706,0.96186775,0.9707814,0.9493702,0.972495,0.94185746,0.9594026,0.9822357,0.95668626,0.95298296,0.95524395,0.96291256,0.9474517,0.9506618,0.9627707,0.9463798,0.955402,0.9502744,0.9558374,0.9492673,0.9570573,0.9365614,0.95515484,0.95940936,0.9371752,0.9634201,0.9571635,0.9607398,0.95999783,0.952047,0.96047527,0.9075037,0.95567644,0.92983973,0.95686096,0.95603174,0.9563258,0.9494325,0.95610434,0.96189064,0.9635904,0.9604017,0.95423913,0.9630375,0.9563208,0.9545799,0.96552575,0.9560889,0.9540339,0.9314112,0.9517788,0.9599183,0.9532741,0.9378616,0.9632631,0.94463074,0.95303315,0.9605787,0.9637549,0.94217783,0.9751921,0.95536625,0.9510073,0.95355856,0.95524335,0.9545298,0.9489852,0.9584839,0.9630858,0.94838697,0.9537366,0.95465404,0.9567718,0.9395775,0.9618745,0.9495224,0.96094257,0.9553836,0.95167017,0.9567618,0.9751921,0.9463801,0.9587593,0.9563861,0.9568705
annamovie,0.9509811,0.9530626,0.9563802,0.9564909,0.9448193,0.95453024,0.95834374,0.95251435,0.9746873,0.9531085,0.94940543,0.9495685,0.95474726,1.0000005,0.960088,0.95629025,0.9556167,0.9567523,0.96008724,0.9509657,0.94880164,0.95670545,0.95621526,0.951159,0.9477343,0.92477065,0.94767034,0.9532069,0.95551413,0.94547665,0.94618225,0.9560298,0.95426625,0.9496065,0.96285766,0.934846,0.9619716,0.9532403,0.95785177,0.9504262,0.9531255,0.9487634,0.94306785,0.95183766,0.9617073,0.9512576,0.95521176,0.9445136,0.9581493,0.94924194,0.9631633,0.95836407,0.9457234,0.9452401,0.9493068,0.93774897,0.95481306,0.96002126,0.9577625,0.9498553,0.95327896,0.9416686,0.95276654,0.965762,0.95422393,0.9545963,0.94788337,0.9530378,0.95858437,0.94257677,0.9574065,0.8715033,0.9414225,0.95902634,0.9547488,0.9484914,0.9385451,0.95181495,0.9554321,0.9518203,0.9485766,0.9486667,0.96464044,0.9542236,0.955733,0.94730294,0.9565246,0.9581738,0.955758,0.9532421,0.9501993,0.9574065,0.9423783,0.95026326,0.9602244,0.9442553,0.9580796,0.9551389,0.94397354,0.9627579,0.95983666,0.9511048,0.9528438,0.9569033,0.9622336,0.9615291,0.95777106,0.95402,0.957269,0.9515176,0.96143425,0.9157422,0.95670563,0.937571,0.956198,0.94908744,0.9547855,0.95728517,0.95884913,0.956977,0.9596697,0.9586536,0.9610588,0.95086926,0.9600677,0.95213354,0.95953053,0.95765287,0.9467269,0.9428929,0.95983,0.9453676,0.95327073,0.9432811,0.95427316,0.94532454,0.9490717,0.9556875,0.9561809,0.9421912,0.9746873,0.95615226,0.953127,0.9474239,0.952444,0.9522533,0.9467853,0.9608449,0.94948083,0.9440409,0.9576083,0.95389396,0.95708394,0.9473297,0.9541873,0.9526983,0.96073276,0.9540098,0.9484407,0.9523898,0.9746873,0.9396636,0.9644351,0.9600378,0.96272045
apollo11movie,0.9528412,0.9467736,0.9582499,0.95562035,0.9403722,0.9479825,0.96059144,0.9501565,0.9732468,0.9495403,0.9513822,0.9497298,0.94936484,0.960088,0.99999994,0.9532545,0.95639884,0.95304227,0.9572457,0.96727437,0.95796436,0.95381427,0.95423865,0.95509976,0.9600696,0.92208475,0.94403553,0.9546262,0.9578733,0.9511264,0.946895,0.9501028,0.95501035,0.95105964,0.9458255,0.926726,0.95202637,0.95843124,0.94586325,0.9579604,0.95325744,0.96134365,0.94174016,0.95208675,0.95438,0.951509,0.9553203,0.9504831,0.95782876,0.95718944,0.96322215,0.9668342,0.9569809,0.94585574,0.9463479,0.93874806,0.95764154,0.96034765,0.9516724,0.9467701,0.9538729,0.94474506,0.9421299,0.94920266,0.9613086,0.9447996,0.95353585,0.96022296,0.96042424,0.944805,0.95684,0.86949676,0.9464654,0.96643543,0.9483598,0.947792,0.9275773,0.9505323,0.9569724,0.9510155,0.95747375,0.9547474,0.9586503,0.96062905,0.9614129,0.95107204,0.95490414,0.953156,0.9566659,0.95645386,0.9518567,0.95684,0.9463183,0.95239675,0.95433587,0.96362334,0.96297926,0.9521773,0.94765186,0.95457375,0.9528322,0.9543797,0.95619494,0.9558145,0.9415361,0.95653206,0.9608416,0.9511991,0.9582433,0.9586291,0.95511574,0.9004297,0.96053743,0.93474215,0.95602894,0.94904536,0.95303625,0.9516448,0.9623374,0.95356685,0.95672435,0.9568514,0.9506178,0.9502488,0.9561873,0.94999224,0.9600073,0.94608796,0.9350603,0.93015945,0.9551698,0.9482523,0.9502056,0.9340276,0.96374553,0.95323133,0.9482599,0.9569383,0.9600808,0.94791126,0.9732468,0.9558456,0.9505015,0.9519769,0.94313365,0.957377,0.9501614,0.9487173,0.9518867,0.94128823,0.95561254,0.9571091,0.95505124,0.93525547,0.9549817,0.94951206,0.95803803,0.9523185,0.95146114,0.9539888,0.9732468,0.92968357,0.962521,0.9570008,0.9575443
arcticdogsmovie,0.96336436,0.97424936,0.96205163,0.9607236,0.9475401,0.9607245,0.96496516,0.95870376,0.97790074,0.95007944,0.95874476,0.9549128,0.9552289,0.95629025,0.9532545,1.0000005,0.96014065,0.95888776,0.9592273,0.95212704,0.95532656,0.96226084,0.95968455,0.95550895,0.95826125,0.9267716,0.946311,0.94756234,0.96474713,0.9524954,0.94827914,0.9568057,0.9556813,0.9515231,0.9527725,0.9389002,0.9610579,0.95850116,0.9574117,0.95474315,0.9577327,0.9567351,0.9501658,0.95655745,0.9588778,0.9512357,0.96684074,0.9551513,0.9578159,0.958272,0.9674216,0.9643866,0.948774,0.9530333,0.9536043,0.9438084,0.96058697,0.9691091,0.9573941,0.9560668,0.9589982,0.9577909,0.9554485,0.9556543,0.9585071,0.95389247,0.9494761,0.95913476,0.9623713,0.9496323,0.9596796,0.8912795,0.9475023,0.9566071,0.952038,0.9453213,0.93590754,0.95245546,0.9505226,0.95426637,0.95298165,0.9608476,0.96053725,0.961516,0.9578508,0.94912606,0.9538099,0.96295416,0.95461804,0.96689576,0.962947,0.9596796,0.9449778,0.9563497,0.9622507,0.9558524,0.96694595,0.9574089,0.94888484,0.9523992,0.96022487,0.9546542,0.9605467,0.9610071,0.9475129,0.9650699,0.95863086,0.9678816,0.9667743,0.95938814,0.95824623,0.8946818,0.9603118,0.93248874,0.9564708,0.9574346,0.96184397,0.9567737,0.9562626,0.9615987,0.96021676,0.96103656,0.9612328,0.95238674,0.9565702,0.9543903,0.95577586,0.9516,0.95582527,0.9414754,0.95857424,0.9522876,0.96085405,0.9501872,0.954182,0.9557993,0.9533058,0.95890033,0.9588916,0.94900733,0.97790074,0.9652959,0.9637238,0.9485543,0.9533829,0.9605005,0.95082957,0.9557334,0.95514935,0.9503822,0.96299696,0.9578902,0.9652933,0.93537414,0.9630064,0.95512265,0.9578389,0.9546559,0.949512,0.954234,0.97790074,0.94440675,0.9656769,0.9614667,0.95725715
arcticmovie,0.95526576,0.95240533,0.96197695,0.9571058,0.93878305,0.9524122,0.96269,0.9572055,0.9774526,0.9479869,0.959062,0.95189184,0.95626944,0.9556167,0.95639884,0.96014065,1.0000001,0.95712274,0.96681684,0.9603646,0.9600588,0.9669049,0.96349746,0.9486089,0.95741636,0.9319914,0.95422554,0.96977186,0.96464026,0.94855034,0.95723677,0.96450293,0.9612345,0.959343,0.95287514,0.93294775,0.9605647,0.95303524,0.958344,0.9542526,0.9516154,0.9664819,0.94781727,0.9668169,0.9599841,0.9576401,0.9675059,0.95236653,0.9613534,0.9677575,0.96474296,0.96946645,0.95083773,0.9608437,0.95406115,0.93987805,0.95929974,0.9619842,0.96096694,0.9555778,0.9522894,0.9553939,0.9497092,0.95534694,0.958556,0.9503578,0.9519055,0.96556884,0.96404153,0.95062304,0.9609,0.883982,0.953159,0.965339,0.94423884,0.95393616,0.9335144,0.95917886,0.9521305,0.9546549,0.95074743,0.96334475,0.96074134,0.9517983,0.95894593,0.94867474,0.9533208,0.9624011,0.9555953,0.96083724,0.96057,0.9609,0.9422331,0.9539099,0.9619989,0.9514493,0.96101004,0.9662184,0.941781,0.95016754,0.9621987,0.953756,0.95779586,0.96044916,0.9526285,0.9650017,0.96400267,0.95799434,0.9590331,0.9571409,0.9612323,0.8999793,0.9626272,0.93773043,0.9548939,0.9594869,0.9571149,0.9501439,0.9633269,0.959457,0.9642698,0.95948213,0.9545998,0.9547653,0.9600477,0.95734817,0.9622375,0.9569451,0.9467554,0.9425049,0.9611339,0.94404805,0.9753801,0.9551835,0.9616291,0.95447254,0.9529005,0.9655836,0.96208924,0.95205826,0.9774526,0.9656824,0.95995414,0.9523223,0.9535158,0.96682936,0.951124,0.9579237,0.9639752,0.9483458,0.9649831,0.959497,0.95614326,0.9438791,0.9609561,0.9594277,0.96021944,0.9554139,0.95735395,0.95657414,0.9774526,0.94501555,0.96109354,0.9596824,0.96026343
artofracingmovie,0.96760064,0.9564952,0.9624676,0.95675373,0.96773076,0.9609599,0.96609634,0.95824623,0.97986317,0.96187055,0.96195316,0.9441997,0.95714504,0.9567523,0.95304227,0.95888776,0.95712274,0.99999976,0.9661104,0.9473856,0.9526178,0.95783234,0.9644457,0.95445156,0.9570887,0.9320608,0.9563827,0.95471835,0.961159,0.94555897,0.95981866,0.9648057,0.9516492,0.9504313,0.95611,0.93070793,0.96543086,0.9614267,0.96120155,0.95218396,0.95376146,0.9577653,0.9485347,0.95798683,0.9553375,0.95084816,0.96498114,0.95009047,0.9565793,0.959186,0.96677315,0.95860505,0.95209306,0.9565934,0.9556837,0.9601557,0.9646832,0.9616739,0.96624756,0.96576434,0.9530611,0.95726377,0.95331174,0.95237976,0.9571255,0.96150947,0.9522931,0.95767933,0.9610766,0.94915336,0.9672409,0.8730012,0.94885224,0.9622833,0.95482737,0.95491076,0.9429846,0.9527547,0.9517493,0.95495886,0.9531962,0.9591469,0.9611693,0.95274115,0.9527096,0.9570845,0.9554661,0.9647735,0.9651545,0.9615539,0.9623653,0.9672409,0.9511364,0.95654166,0.96022916,0.95078355,0.96407014,0.9596442,0.948437,0.9560439,0.9576061,0.9579755,0.9608332,0.96114016,0.943231,0.96484756,0.95955616,0.95307076,0.96086776,0.9618213,0.9574535,0.90461177,0.9591624,0.9309892,0.95379066,0.95931065,0.96834004,0.9502961,0.9611372,0.96460676,0.96030325,0.9611933,0.9636569,0.9587963,0.955447,0.95800114,0.9548944,0.96194345,0.9682296,0.94850534,0.95875216,0.962444,0.9577185,0.94244075,0.96602964,0.95290124,0.95959616,0.9530745,0.96144867,0.9561106,0.97986317,0.96623355,0.94929826,0.9457793,0.94229996,0.95860577,0.9519923,0.9623081,0.9551123,0.9502539,0.9619179,0.95367014,0.95947707,0.9459957,0.9632302,0.9578915,0.9636705,0.95984876,0.9594553,0.96070516,0.97986317,0.9604313,0.969067,0.96203315,0.95934385
avengers,0.9770921,0.9550314,0.96788204,0.96276057,0.95877546,0.95789474,0.96591884,0.9645312,0.9815033,0.9601536,0.96696335,0.9600037,0.9616993,0.96008724,0.9572457,0.9592273,0.96681684,0.9661104,0.9999997,0.9529812,0.9606103,0.9642667,0.96439695,0.95690125,0.9598206,0.9241897,0.955898,0.9610328,0.96266145,0.9496457,0.9746688,0.9634096,0.9613916,0.95737475,0.9632326,0.9361279,0.9607782,0.9612172,0.96901035,0.95996845,0.9545114,0.96432287,0.95233285,0.96541464,0.9625467,0.9558925,0.9686659,0.95553267,0.964013,0.96577835,0.9683739,0.9646038,0.9576602,0.96629435,0.95386845,0.95246786,0.96550417,0.9686761,0.9666511,0.96378285,0.9576785,0.9617329,0.958939,0.96208316,0.9579786,0.96513474,0.9592303,0.96019703,0.9663614,0.95691305,0.966634,0.8760252,0.9603628,0.9716379,0.9548609,0.9554789,0.9401175,0.9574889,0.9642299,0.9583022,0.9604807,0.96067864,0.969701,0.95993984,0.9645886,0.95621276,0.9617765,0.9690177,0.96412015,0.960226,0.96844643,0.966634,0.95304,0.9549031,0.96041787,0.9530888,0.963513,0.9595949,0.95210314,0.9556489,0.96158046,0.9554457,0.9616592,0.96411,0.94952047,0.9670243,0.96671695,0.96446157,0.96546024,0.9666103,0.9615421,0.9156146,0.9639876,0.94494766,0.95983,0.9662049,0.9684865,0.9507036,0.96237683,0.96527916,0.9694889,0.9676225,0.95887184,0.9577102,0.96080905,0.9560266,0.9658199,0.9734271,0.9600511,0.94882953,0.9620668,0.9619943,0.9643668,0.9450508,0.9704148,0.953416,0.9676364,0.95819384,0.96459603,0.9545346,0.9815033,0.96779454,0.95812076,0.9568663,0.9558076,0.9600897,0.9535324,0.9659425,0.9666034,0.9595456,0.96463776,0.96441305,0.96345896,0.9476624,0.96546406,0.9636922,0.96488273,0.9608713,0.9604584,0.96378946,0.9815033,0.9518089,0.96525794,0.96078706,0.9590639
beachbummovie,0.9441629,0.9456123,0.9571284,0.9496109,0.935747,0.94762534,0.9596035,0.9491926,0.96924096,0.94844115,0.9468769,0.9458523,0.94643193,0.9509657,0.96727437,0.95212704,0.9603646,0.9473856,0.9529812,1.0000001,0.94974583,0.96237165,0.9504749,0.9491192,0.95242035,0.92220366,0.9442401,0.9529689,0.9596607,0.94890165,0.94287246,0.9500498,0.95091236,0.94432724,0.9457441,0.9384871,0.952897,0.9455917,0.9477576,0.9484527,0.94730264,0.95181775,0.9393466,0.9466029,0.9561363,0.96349907,0.95246714,0.9511406,0.9492688,0.95004797,0.9642571,0.95883155,0.9504619,0.9508998,0.94308877,0.93972284,0.9473152,0.95246154,0.94912195,0.940488,0.9507166,0.9444325,0.948469,0.94233024,0.9526462,0.93939364,0.9482144,0.9471427,0.9540388,0.9414895,0.94937027,0.8882226,0.94427025,0.9554151,0.9472806,0.94472516,0.9318767,0.9532412,0.95742,0.94739455,0.94769305,0.94929165,0.95119756,0.95315456,0.95934826,0.9513747,0.95181376,0.94906235,0.9554328,0.9566192,0.9450225,0.94937027,0.94094324,0.9549913,0.9560546,0.9461471,0.95709556,0.9640533,0.9470523,0.94639266,0.9561908,0.95748657,0.9538208,0.9513697,0.943485,0.9605646,0.9600434,0.9496868,0.9574589,0.9459651,0.95713943,0.9143218,0.9541495,0.9380159,0.9521202,0.9427047,0.94581103,0.94847363,0.95286506,0.95315313,0.9591097,0.9486289,0.95125186,0.94675356,0.9530646,0.9469085,0.9535663,0.9439213,0.9363733,0.9299839,0.9491927,0.9427733,0.9515521,0.93547827,0.9519407,0.95334345,0.9405359,0.9524401,0.9523393,0.9534366,0.96924096,0.95824593,0.9524906,0.9509316,0.9392308,0.9569568,0.94119203,0.9466412,0.9554456,0.94522554,0.9498011,0.9531805,0.947323,0.93170965,0.94912714,0.94782174,0.9528522,0.9461883,0.94399506,0.946847,0.96924096,0.9288455,0.9612261,0.94219935,0.9601118
bernadettefilm,0.96017575,0.95750946,0.9601865,0.9593307,0.9457568,0.9500443,0.96473825,0.9537906,0.97460717,0.941793,0.9495722,0.95196664,0.9408467,0.94880164,0.95796436,0.95532656,0.9600588,0.9526178,0.9606103,0.94974583,0.99999976,0.95397085,0.9549934,0.9505793,0.9607163,0.9226897,0.9476018,0.95652574,0.96490073,0.950955,0.94793797,0.95067906,0.9486529,0.96194583,0.94860876,0.9306718,0.95772755,0.947047,0.9485986,0.9555019,0.94762343,0.96102375,0.9458777,0.9571908,0.9547176,0.9549468,0.9568689,0.9539002,0.9445375,0.96030617,0.9640524,0.96532494,0.94915354,0.9452258,0.9371344,0.9506693,0.95779425,0.95466304,0.9530964,0.9519542,0.95177954,0.95435953,0.94794846,0.9532794,0.95916116,0.9448517,0.9542525,0.95649594,0.95504135,0.9449802,0.9593316,0.86663043,0.9440113,0.95598483,0.94537026,0.9394366,0.93016773,0.95473075,0.9503935,0.95839375,0.95473284,0.95437074,0.9534988,0.95479476,0.9567102,0.94924253,0.94312805,0.9550669,0.9481843,0.9586138,0.9581907,0.9593316,0.94663316,0.95442736,0.95419466,0.9573009,0.9597011,0.9515482,0.944083,0.9538097,0.9571196,0.95630854,0.95775694,0.95397073,0.945197,0.9585406,0.96533245,0.95015323,0.95559597,0.9516799,0.9637542,0.901323,0.95949185,0.928718,0.9677954,0.9481517,0.95862925,0.94088084,0.95507574,0.9589108,0.96170694,0.9593241,0.94386667,0.9484206,0.95926625,0.95511764,0.9571945,0.9484834,0.94460976,0.9309645,0.96998936,0.9485366,0.95771587,0.94766647,0.9543974,0.95651805,0.95230424,0.95488906,0.96038526,0.95199424,0.97460717,0.9619596,0.9582942,0.9550546,0.94991577,0.95790833,0.95194525,0.9512873,0.9510228,0.95187277,0.95918703,0.960037,0.96276754,0.9341479,0.9583867,0.95580536,0.95375556,0.95546854,0.95305413,0.95722157,0.97460717,0.94304585,0.95265096,0.9505757,0.9611406
