movie,21bridgesmovie,47metersdown,abeautifuldaymovie,abominablemovie,adastramovie,adogsjourneymovie,aftermathmovie,aftermovie,ahiddenlifefilm,alitamovie,angelhasfallen,angrybirdsmovie,annabellemovie,annamovie,apollo11movie,arcticdogsmovie,arcticmovie,artofracingmovie,avengers,beachbummovie,bernadettefilm,blackandbluemovie,blackchristmas,blindedbythelightmovie,bombshellmovie,booksmart,breakthroughmovie,brianbanksmovie,brightburnmovie,brittanyrunsmov,captainmarvelofficial,captivestatemovie,catsmovie,charliesangels,childsplaymovie,clarathefilm,coldpursuitmovie,countdown,currentwarmovie,darkwatersmovie,detectivepikachumovie,disneyaladdin,disneyfrozen,disneymaleficent,doctorsleepmovie,dolemiteismyname,dontletgomovie,doramovie,downtonabbey_official,dumbo,escaperoom,everybodyknowsmovie,fastandfuriousmovie,fightingwmyfam,fivefeetapartfilm,fordvferrari,freaksthefilm,geminimanmovie,glassmovie,gloriabellmovie,godzillamovie,goldfinchmovie,goodboysmovie,goodliarmovie,gretafilm,halathemovie,happydeathdaymovie,harrietfilm,hellboymovie,hersmellmovie,highlifemovie,highstrungmovie,honeyboymovie,hotelmumbaifilm,httydragon,hustlemovie,hustlersmovie,isntitromantic,itmovieofficial,jayandsilentbob,johnwickmovie,jojorabbitmovie,jokermovie,judythefilm,jumanjimovie,justmercyfilm,knivesout,lalloronamovie,lastblackmansf,lastchristmasthemovie,latenightmovie,lighthousemovie,lionking,littlethemovie,littlewomenmovie,littlewoodsfilm,longshotmovie,lordsofchaosmovie,lucyintheskyfilm,mamovie2019,marriagestory,meettheaddams,meninblack,midsommarmovie,midwaymovie,missbalamovie,missinglinkfilm,motherlessbklyn,onceinhollywood,onthebasisofsex,overcomermovie,peanutbutterfalcon,petsematarymovie,piercingmovie,playingwithfire,playmobilthemovie,pomsmovie,queenandslim,rambomovie,readyornotfilm,richardjewellfilm,rocketmanmovie,scarystoriesmovie,secretlifeofpets,serenityfilm,shaftmovie,shazammovie,spidermanmovie,spiesindisguise,starwars,stormboymovie,stubermovie,taosdfilm,teenspiritmov,terminator,theaeronautsmov,thebestofenemies,thedeaddontdie,thefarewell,thehighwaymen,thehummingbirdprojectfilm,theintrudermovie,theirishmanfilm,thekitchenmovie,thelegomovie,themustangfilm,thenightingalefilm,theprodigymovie,thesunisalsoastar,theupsidefilm,tolkienmovie,toystory,triplefrontier,uglydolls,uncutgems,underthesilverlake,usmovie,wavesmovie,whatmenwant,wonderparkmovie,wrinklestheclown,xmenmovies,yardiefilm,yesterdaymovie,zombieland
21bridgesmovie,1.0000002,0.95613474,0.97225875,0.9625002,0.9708488,0.9602148,0.9722378,0.96414703,0.9855585,0.9635362,0.96820587,0.9597968,0.96643317,0.972126,0.965846,0.9631961,0.97060263,0.96507716,0.97877824,0.962702,0.95842457,0.9601658,0.9674868,0.9706905,0.96089894,0.91111577,0.9583215,0.96894777,0.9671402,0.96700746,0.97063136,0.9652715,0.9518935,0.958938,0.9569101,0.941166,0.9682129,0.9762807,0.9684296,0.96422756,0.9626608,0.96834826,0.96359783,0.96485144,0.970554,0.96326476,0.9710338,0.96141154,0.95301276,0.96706796,0.9734947,0.96339905,0.95404285,0.9567322,0.9461702,0.96463007,0.9518974,0.9718438,0.97356117,0.9765332,0.96335965,0.9684625,0.9651106,0.9596875,0.95872444,0.9644062,0.9491225,0.9593166,0.96195513,0.95623255,0.97831386,0.8337453,0.96172076,0.9717585,0.9519409,0.9543551,0.90575606,0.95918274,0.967355,0.94772166,0.96226114,0.9580185,0.96808755,0.9690242,0.9660828,0.95731467,0.96611947,0.9740403,0.9670891,0.96266574,0.9579291,0.97831386,0.96315956,0.9674398,0.964905,0.96882904,0.9618624,0.9654976,0.9618224,0.96378833,0.9548856,0.96211666,0.9579037,0.97490156,0.96423644,0.9687948,0.9632987,0.96166927,0.97203684,0.9592054,0.97096217,0.9116412,0.9664895,0.94603544,0.9562196,0.97265434,0.98999727,0.961285,0.97176564,0.9657447,0.9578638,0.96533906,0.96917486,0.95558167,0.9655152,0.9716213,0.96211064,0.9638928,0.96749747,0.9531096,0.95952594,0.9702181,0.96174055,0.9494148,0.96315336,0.9625911,0.97240055,0.9523516,0.9721221,0.9649834,0.9855585,0.96575314,0.9568473,0.96160144,0.9550081,0.96092576,0.9560692,0.95973074,0.96115446,0.9651715,0.97159,0.9671934,0.9648042,0.9660333,0.97238225,0.97235924,0.9610836,0.9695238,0.9607809,0.96132666,0.9855585,0.9527972,0.96234703,0.9713472,0.97089547
47metersdown,0.95613474,1.0000004,0.95191705,0.9381836,0.9429722,0.9379328,0.9573094,0.9467155,0.97168005,0.94736594,0.95578605,0.94680285,0.9446217,0.94520694,0.9574818,0.9632083,0.95076364,0.95271033,0.9514413,0.9451916,0.95312077,0.94524586,0.953488,0.95042557,0.94646364,0.88277584,0.9359432,0.9517892,0.95044595,0.95132405,0.9480886,0.94876516,0.93434817,0.94372535,0.946423,0.9155022,0.96024,0.9444426,0.9555375,0.9405012,0.9569972,0.9615073,0.95638055,0.9501285,0.9577319,0.947647,0.95662653,0.95267797,0.94567835,0.95416296,0.95255274,0.9603477,0.9307126,0.9410581,0.93319136,0.93386084,0.9342824,0.9467038,0.9422754,0.95651,0.94431746,0.94958985,0.9528201,0.9493922,0.94818956,0.95093924,0.9412215,0.9492569,0.94997865,0.9365065,0.9587198,0.8535996,0.9388443,0.9437093,0.94290113,0.9394413,0.8841639,0.9434186,0.95170546,0.94318724,0.93816817,0.9511212,0.9598469,0.94951135,0.95731366,0.94658995,0.9457737,0.9483202,0.9408441,0.95082486,0.95160306,0.9587198,0.9523454,0.93187827,0.94814765,0.95445275,0.94498277,0.9406384,0.9542239,0.9420981,0.93785554,0.94499326,0.9443995,0.95489496,0.95300233,0.9486254,0.95619416,0.9515197,0.9549857,0.94000554,0.95314515,0.87151843,0.9468589,0.9230807,0.94446087,0.9360859,0.9507091,0.94593626,0.9564354,0.9505519,0.9504414,0.9432658,0.95062333,0.9397835,0.950337,0.94111747,0.94208395,0.9485428,0.95131636,0.9462842,0.9480235,0.9427581,0.94629115,0.9428235,0.9421011,0.9472198,0.9378337,0.94799674,0.96664834,0.94994164,0.97168005,0.9462453,0.93110067,0.95245725,0.94037706,0.9521322,0.950005,0.95758486,0.9546778,0.93573123,0.9580633,0.95113003,0.94531184,0.9384554,0.93975616,0.95198804,0.94107056,0.9488248,0.93903446,0.9383872,0.97168005,0.9400786,0.9502723,0.95159036,0.9471568
abeautifuldaymovie,0.97225875,0.95191705,1.0000001,0.9606703,0.9676295,0.9575864,0.9639052,0.96338826,0.9815062,0.9612465,0.964097,0.9595128,0.9605531,0.9604802,0.9656494,0.9642614,0.9649885,0.96517223,0.9576752,0.95665467,0.95170414,0.97222346,0.9613178,0.970191,0.95361036,0.9059913,0.9498109,0.9713383,0.9753804,0.9610438,0.9631901,0.9634461,0.9500243,0.96435827,0.95193666,0.9373176,0.9660096,0.96908927,0.96752286,0.9608287,0.96450454,0.97308904,0.95914155,0.9688552,0.960492,0.9546281,0.9649518,0.95915467,0.9638788,0.9699419,0.9788107,0.96544266,0.9508298,0.955971,0.9481272,0.96108514,0.94904053,0.96097046,0.96470225,0.96501,0.9535129,0.96510917,0.9609002,0.95891726,0.96301204,0.96072626,0.94341695,0.9613211,0.96082675,0.940781,0.9672189,0.8522268,0.95616406,0.96767956,0.94939715,0.9589855,0.90638745,0.9600669,0.9609558,0.9587926,0.9621171,0.9516407,0.9593223,0.96621466,0.97034675,0.95502365,0.9605957,0.9662155,0.9619075,0.9545045,0.9630482,0.9672189,0.95991427,0.9555738,0.969443,0.966329,0.95686996,0.9621078,0.9551135,0.9564315,0.94939524,0.96501136,0.97002596,0.96671146,0.95867586,0.9734904,0.96390224,0.95816267,0.96830654,0.9576807,0.96007085,0.91310084,0.96174866,0.9442268,0.9500824,0.96591085,0.97406065,0.962647,0.96591604,0.9562554,0.95320874,0.9577049,0.9596795,0.95233184,0.9696374,0.9629555,0.9575074,0.969297,0.96423554,0.95044166,0.9561206,0.9646329,0.9615168,0.950812,0.96276677,0.9589971,0.95902336,0.9573486,0.9631285,0.9526087,0.9815062,0.9772912,0.9481841,0.9581793,0.9489708,0.96511704,0.95146936,0.95220107,0.96126705,0.95934856,0.96752244,0.976547,0.9573817,0.9605392,0.95900583,0.959807,0.95163155,0.95631146,0.96042365,0.9529627,0.9815062,0.96081007,0.9606827,0.96821564,0.9703133
abominablemovie,0.9625002,0.9381836,0.9606703,1.0000002,0.9487836,0.9486799,0.96475285,0.95225185,0.97274876,0.9442561,0.9623355,0.9418621,0.9723175,0.9498802,0.9613106,0.95035213,0.9591804,0.94460344,0.9600175,0.9472073,0.95000714,0.9443906,0.9525081,0.9635607,0.94486415,0.906328,0.9493893,0.95792717,0.94614464,0.9575605,0.9562267,0.9543798,0.93826836,0.94211435,0.9478265,0.934936,0.9543728,0.9550929,0.9525675,0.95062333,0.9588325,0.9577666,0.9398386,0.9518801,0.9627806,0.94986886,0.954097,0.9487381,0.940708,0.96012735,0.9496943,0.9534857,0.9477172,0.94532716,0.94349015,0.94062424,0.9456818,0.94717234,0.97003776,0.9544941,0.95457274,0.9639552,0.95560795,0.94868374,0.94564235,0.9550807,0.94085,0.956238,0.95611906,0.9402176,0.9559933,0.8379884,0.9516085,0.9611421,0.96657634,0.9388591,0.9165657,0.94477177,0.948486,0.94785845,0.9507529,0.94996494,0.9564946,0.9577177,0.9586444,0.9400733,0.94894326,0.9666048,0.9470033,0.94748086,0.9543663,0.9559933,0.9473372,0.94368327,0.94568974,0.96651596,0.9540016,0.9441594,0.95378697,0.9508411,0.947804,0.953694,0.9468682,0.9613666,0.94004774,0.9466543,0.95552886,0.9495613,0.9525726,0.96341884,0.9586996,0.9034936,0.9605306,0.9409355,0.94252783,0.9468693,0.9598102,0.9537613,0.9618029,0.9579401,0.9528368,0.95062584,0.9551158,0.9428234,0.9528466,0.9544174,0.9564013,0.95129776,0.9495098,0.93589246,0.9526818,0.9477715,0.9555095,0.9358868,0.9488346,0.9616745,0.9508903,0.9416897,0.95522475,0.9503849,0.97274876,0.9483449,0.9491517,0.9491448,0.94211507,0.9509989,0.95157903,0.9562389,0.9535413,0.9544099,0.9631326,0.95548147,0.9579891,0.9438493,0.9477904,0.96173114,0.9475938,0.94862735,0.94989,0.9446298,0.97274876,0.94157517,0.9528858,0.9589589,0.9467094
adastramovie,0.9708488,0.9429722,0.9676295,0.9487836,1.0000001,0.946357,0.95558,0.9525761,0.97830933,0.9733427,0.96094453,0.954479,0.9550027,0.96775156,0.9609981,0.9591443,0.97094667,0.9797133,0.95908314,0.9510669,0.9442849,0.9635457,0.9530942,0.96436083,0.95952994,0.89734596,0.96274614,0.9687259,0.960573,0.9672606,0.9565161,0.96156293,0.93710476,0.95745516,0.9462228,0.9346222,0.9613468,0.96654147,0.96710765,0.9560337,0.95993894,0.9615533,0.954674,0.9617034,0.95794415,0.9578951,0.9552184,0.9468236,0.9515125,0.9613693,0.9678271,0.9590109,0.94931394,0.9632083,0.93629926,0.9753328,0.94490147,0.9625151,0.9662718,0.9675258,0.9498978,0.96029955,0.9545674,0.95205945,0.94493234,0.95383483,0.9512673,0.9524914,0.95912254,0.95220226,0.9732201,0.8436521,0.9525126,0.9661512,0.9440066,0.9477527,0.9035879,0.95616245,0.95726264,0.95218796,0.95410365,0.9482376,0.9574822,0.9587372,0.9616851,0.96368104,0.95351684,0.96129847,0.96282035,0.95550245,0.95749885,0.9732201,0.95261604,0.96313554,0.9650471,0.95972484,0.9548163,0.9603147,0.9479355,0.9539694,0.95214754,0.95810795,0.9570255,0.9736578,0.9648312,0.9662715,0.966276,0.9564747,0.95374346,0.9555218,0.9616512,0.91407543,0.97009605,0.9384891,0.95445555,0.96219707,0.9731876,0.9599481,0.96408546,0.95377034,0.95009434,0.9571718,0.95718706,0.93778163,0.9569486,0.9661817,0.95124215,0.9598318,0.9719703,0.9571974,0.94841576,0.9674791,0.9706351,0.95305836,0.96361285,0.96284056,0.96232593,0.9555773,0.9627038,0.9575771,0.97830933,0.96755826,0.94948727,0.9589702,0.95451784,0.9556076,0.94203347,0.94940925,0.9579871,0.96231073,0.9638901,0.95668924,0.9549804,0.9530021,0.9554131,0.9638936,0.9515309,0.95704246,0.9628389,0.9533204,0.97830933,0.95754015,0.95624375,0.9630094,0.96225846
adogsjourneymovie,0.9602148,0.9379328,0.9575864,0.9486799,0.946357,1.0000002,0.96450794,0.95033026,0.97422236,0.94529057,0.9604817,0.9562114,0.95699,0.9618043,0.95880306,0.95421505,0.95338947,0.94139004,0.9541296,0.9513073,0.9555731,0.9456676,0.96127325,0.95387995,0.9537485,0.8988178,0.9328133,0.9489456,0.9560273,0.9563414,0.9593162,0.94711506,0.9519129,0.9426402,0.9440168,0.93769443,0.96445817,0.9566448,0.9537631,0.95279217,0.9485264,0.9619289,0.95618415,0.962445,0.9574015,0.9516889,0.95740944,0.9526757,0.95799,0.9620734,0.96029174,0.9562947,0.9610158,0.9497577,0.9491752,0.9480832,0.9494851,0.9643656,0.95045716,0.9517255,0.93867916,0.9493441,0.9638838,0.9532902,0.95344007,0.9574581,0.93347806,0.95039535,0.95752424,0.94946814,0.9579622,0.83305633,0.95464945,0.95445293,0.9491486,0.9379507,0.9282425,0.9407319,0.95901877,0.94556046,0.9569779,0.9537939,0.9652204,0.9556223,0.9628809,0.9476744,0.96361595,0.96084917,0.95009494,0.96021825,0.9481436,0.9579622,0.9570108,0.95336354,0.9642301,0.9592867,0.955905,0.9508896,0.96212447,0.9549788,0.9536202,0.96360177,0.953706,0.965532,0.94595915,0.96004254,0.95732254,0.96304977,0.95603514,0.94659626,0.9596117,0.916575,0.95251286,0.9441441,0.9518925,0.9594108,0.9647817,0.95616436,0.956047,0.96073705,0.9595608,0.95546335,0.9596696,0.97585887,0.95736474,0.95867485,0.9612754,0.9559575,0.95720005,0.9452391,0.95790887,0.9528151,0.95456564,0.938373,0.9622199,0.95264715,0.9605855,0.9497684,0.9552369,0.9581157,0.97422236,0.95132023,0.95805913,0.95465964,0.95331264,0.9541151,0.9534826,0.9481864,0.9591115,0.94708955,0.96062267,0.9512389,0.9591808,0.9518259,0.96235114,0.95715296,0.95855963,0.9478361,0.94751984,0.95114744,0.97422236,0.943678,0.9633411,0.9717403,0.95478296
aftermathmovie,0.9722378,0.9573094,0.9639052,0.96475285,0.95558,0.96450794,0.99999976,0.96400666,0.9846425,0.9554566,0.96721995,0.9563079,0.9690771,0.96600914,0.96779674,0.96990967,0.9633848,0.9578788,0.96780664,0.9589537,0.96051913,0.9547614,0.9676656,0.9724292,0.9563827,0.9018157,0.95124316,0.9609759,0.96148974,0.9670011,0.96747816,0.958779,0.95148015,0.9471611,0.9611085,0.942295,0.97471404,0.96456724,0.96806204,0.9578177,0.9699758,0.96580285,0.958547,0.9657772,0.9711165,0.959894,0.9688576,0.9605701,0.95506686,0.9690748,0.9654329,0.96852726,0.95513934,0.9547598,0.9532718,0.9499093,0.94800204,0.96266437,0.9613695,0.9727817,0.96525615,0.9640747,0.96812993,0.9686819,0.96082824,0.9621069,0.9578106,0.97202605,0.96087843,0.9461296,0.97037673,0.8411682,0.9624234,0.96611786,0.959672,0.94808656,0.92352617,0.951809,0.9708185,0.9588032,0.95914435,0.9723439,0.9660048,0.9637893,0.96649027,0.95436245,0.96468925,0.973379,0.9597419,0.96468097,0.96146476,0.97037673,0.96840036,0.96391594,0.9651691,0.96942943,0.9618893,0.9594781,0.9804077,0.96703815,0.9592768,0.9637575,0.96482724,0.96920264,0.9564299,0.9622472,0.9651101,0.96844363,0.96068484,0.9582054,0.97330207,0.9051863,0.9650918,0.9459773,0.959385,0.9610911,0.9719467,0.95918405,0.9674215,0.99114585,0.96551734,0.9656587,0.9699584,0.9553455,0.9600514,0.96836454,0.9723081,0.96520746,0.9620073,0.94875413,0.96399856,0.9607104,0.96318996,0.95141804,0.9665296,0.96932286,0.9638943,0.95464873,0.9690068,0.9627903,0.9846425,0.9612456,0.9588966,0.96066105,0.9475951,0.9637202,0.9624363,0.96469945,0.96183234,0.9602004,0.98582923,0.96318364,0.9680846,0.95382005,0.9652118,0.9681693,0.94949776,0.95919836,0.95934296,0.96655244,0.9846425,0.955901,0.96749467,0.96501064,0.9630506
aftermovie,0.96414703,0.9467155,0.96338826,0.95225185,0.9525761,0.95033026,0.96400666,1.0000002,0.9745693,0.94459593,0.96233356,0.9544234,0.95559764,0.95590186,0.9666858,0.96019423,0.96236694,0.95516205,0.9523949,0.96638095,0.94754267,0.95409226,0.9578544,0.96280557,0.95113367,0.89128184,0.9380521,0.9654849,0.9558773,0.9615747,0.9500287,0.95600826,0.9383965,0.938566,0.9487153,0.93749344,0.9633682,0.95404124,0.96609443,0.9518008,0.9521684,0.95893997,0.9494095,0.95616245,0.9549167,0.963898,0.96230906,0.9470706,0.95674515,0.9591334,0.95862293,0.9572525,0.946984,0.94158274,0.96390325,0.94665676,0.9560133,0.9510073,0.9508107,0.963991,0.9484287,0.95424604,0.9555361,0.9528377,0.9543443,0.95162743,0.9551082,0.9589954,0.96471936,0.94508576,0.9612551,0.8433343,0.9517682,0.9669779,0.9486652,0.949554,0.9153508,0.93775284,0.95271766,0.94434506,0.95905226,0.94734377,0.95444596,0.96093833,0.95300925,0.95097435,0.96038723,0.9667223,0.9500162,0.9573154,0.9497768,0.9612551,0.9515457,0.9570126,0.9535696,0.9635211,0.9565134,0.95881915,0.9627221,0.959095,0.9580868,0.95614004,0.95770025,0.9568052,0.9494231,0.9555158,0.9603801,0.9539881,0.9552564,0.9534826,0.9567018,0.8968455,0.95530164,0.93046194,0.9535416,0.95853347,0.96324265,0.9576183,0.9675523,0.9582636,0.94958764,0.95288247,0.96118134,0.943807,0.95422035,0.9511758,0.9539003,0.9489978,0.9530295,0.9378265,0.9475873,0.9555265,0.9666621,0.94915205,0.9497793,0.958444,0.9540183,0.944705,0.96506417,0.9595072,0.9745693,0.9550797,0.9535248,0.9499834,0.936569,0.94860816,0.952716,0.95266336,0.9523427,0.94917077,0.96380913,0.9525905,0.961339,0.9482623,0.9513766,0.9595914,0.9479501,0.9468075,0.96594167,0.95048213,0.9745693,0.94953096,0.95759356,0.9658766,0.9554527
ahiddenlifefilm,0.9855585,0.97168005,0.9815062,0.97274876,0.97830933,0.97422236,0.9846425,0.9745693,0.9999998,0.9757617,0.9825117,0.97352695,0.97538143,0.980511,0.9814448,0.97980946,0.98027307,0.9764028,0.9776381,0.97340703,0.9726665,0.97360444,0.979172,0.98565483,0.97557604,0.9186302,0.9673343,0.9810618,0.9808661,0.97974,0.9806424,0.9767056,0.96651536,0.9727903,0.9710119,0.95292205,0.9860898,0.97839165,0.9825813,0.97345996,0.97945905,0.9850833,0.97561365,0.9812275,0.9814844,0.97702426,0.9799528,0.9734615,0.9743279,0.9830541,0.98301804,0.98314905,0.9694415,0.97075623,0.9640156,0.9733274,0.96650344,0.97944814,0.97837317,0.98340625,0.9718929,0.97910905,0.9796862,0.9791826,0.977837,0.9786152,0.9671836,0.97741836,0.9777419,0.96708035,0.9855749,0.8638948,0.97439593,0.9794391,0.97029215,0.9677922,0.9311039,0.96850735,0.97744316,0.97232735,0.97179204,0.97053206,0.9802224,0.9800173,0.9803408,0.97369987,0.9766614,0.9817931,0.97416246,0.9773373,0.9748511,0.9855749,0.9802342,0.9770863,0.97812897,0.98192877,0.97659564,0.9756702,0.976895,0.9747433,0.97248834,0.97675943,0.9759474,0.98504436,0.9738433,0.9794608,0.9813501,0.9800057,0.9781115,0.9743865,0.9831113,0.9240287,0.9802989,0.9537791,0.9750234,0.978362,0.98700833,0.9752342,0.98025274,0.97848004,0.9744534,0.9785798,0.982156,0.96774197,0.97911644,0.98094034,0.97608507,0.9782773,0.9810938,0.9673448,0.9745342,0.97675157,0.97852767,0.96436113,0.97893596,0.97809273,0.97575593,0.97659236,0.98276025,0.97603405,0.9999998,0.9756301,0.9697341,0.9769026,0.97148407,0.9776741,0.9735853,0.97558904,0.98044544,0.97521937,0.9859376,0.9770849,0.9799809,0.9723493,0.97510475,0.9805459,0.97004396,0.975849,0.9758707,0.9742705,0.9999998,0.96908283,0.97894216,0.9839188,0.97923625
alitamovie,0.9635362,0.94736594,0.9612465,0.9442561,0.9733427,0.94529057,0.9554566,0.94459593,0.9757617,1.0000001,0.95134073,0.9435688,0.9437133,0.96111107,0.96183646,0.95239663,0.95766574,0.97164905,0.95001346,0.94534004,0.94210625,0.95305157,0.9480279,0.96064395,0.94174963,0.8936692,0.9445293,0.96332514,0.9551726,0.96060926,0.953563,0.95170003,0.9439747,0.9526234,0.9433358,0.9223995,0.9576748,0.9643567,0.9617629,0.9415719,0.95839787,0.9607013,0.95319015,0.9610787,0.9550137,0.9471089,0.9508161,0.9446336,0.95472646,0.958128,0.958361,0.95964116,0.94026893,0.9549949,0.93155557,0.9636212,0.9435951,0.96230775,0.9592637,0.96129704,0.94903135,0.9559445,0.94821244,0.9559221,0.9505283,0.9495586,0.94887507,0.9453976,0.95149076,0.9434311,0.9609919,0.83449364,0.9532789,0.9569207,0.93672264,0.94155115,0.8993577,0.96315145,0.9550807,0.9469134,0.9529456,0.9468696,0.9525583,0.95350456,0.95682925,0.95650315,0.95323086,0.9512597,0.9562591,0.94761527,0.9552617,0.9609919,0.95170236,0.9545972,0.95711476,0.96319973,0.9468635,0.9490853,0.950321,0.9429124,0.9419282,0.95636183,0.9523686,0.96221584,0.97136205,0.952637,0.95794475,0.9492734,0.95224607,0.9516192,0.9532595,0.8956089,0.9636949,0.9306429,0.95094377,0.9536285,0.9623399,0.95422804,0.962466,0.9546708,0.9412728,0.95756996,0.9560675,0.9384298,0.9516602,0.9613532,0.94487846,0.9571537,0.966344,0.95302236,0.9518694,0.95945835,0.9586248,0.94214576,0.964523,0.957882,0.9556807,0.9546956,0.9535282,0.9553999,0.9757617,0.9552382,0.93926805,0.9604586,0.9512237,0.95188266,0.94106406,0.9512354,0.95080006,0.9474694,0.95836407,0.95370436,0.94913834,0.95583445,0.95055497,0.9517389,0.93718374,0.9512763,0.9598051,0.9505428,0.9757617,0.95326453,0.9588941,0.95927936,0.95846564
angelhasfallen,0.96820587,0.95578605,0.964097,0.9623355,0.96094453,0.9604817,0.96721995,0.96233356,0.9825117,0.95134073,1.0,0.9613869,0.9687168,0.9579029,0.9684201,0.96834475,0.9633028,0.9568592,0.9629512,0.96071714,0.95663595,0.9530568,0.9579452,0.96052307,0.95642996,0.8910504,0.9547925,0.965037,0.9625748,0.96702904,0.9643705,0.96538275,0.9502231,0.9574619,0.95038384,0.94038004,0.97204435,0.9593818,0.97038823,0.9671752,0.9594003,0.9691094,0.9562231,0.9637118,0.9609142,0.96680766,0.95584774,0.9620096,0.95950645,0.966035,0.9684963,0.96921927,0.9618334,0.9557423,0.9471757,0.9562717,0.9558182,0.95942783,0.96046686,0.96448654,0.9542328,0.9645729,0.9674257,0.9573725,0.9591112,0.9729991,0.9455036,0.96243936,0.9793722,0.9569288,0.96822166,0.85243547,0.96014595,0.9657823,0.9657296,0.9526154,0.9141959,0.95243424,0.9635233,0.9638942,0.9737193,0.9561835,0.9687543,0.95982134,0.9680396,0.95937735,0.9654056,0.9741744,0.9618136,0.96418095,0.95724595,0.96822166,0.96555966,0.9582341,0.96539164,0.96943146,0.975188,0.9621697,0.95934886,0.9600293,0.96553105,0.96354616,0.9602244,0.9692804,0.95500195,0.9652321,0.9656537,0.9654639,0.96090335,0.96420085,0.97446585,0.9216739,0.9578877,0.9409083,0.9585621,0.9691717,0.9694937,0.9663608,0.96018136,0.9591905,0.9572949,0.9592622,0.9696057,0.95436895,0.96645766,0.96294844,0.965855,0.9715862,0.96760005,0.94876796,0.95749,0.9637648,0.9685236,0.9606715,0.9569449,0.96570945,0.9615164,0.9591691,0.9678709,0.96436363,0.9825117,0.95728517,0.9655241,0.9608711,0.95868874,0.9686367,0.9572665,0.95550424,0.9643238,0.9568871,0.9710574,0.95559317,0.9703639,0.9536663,0.9543852,0.96475124,0.95685184,0.9612418,0.953842,0.9543149,0.9825117,0.95407933,0.963291,0.969295,0.96263075
angrybirdsmovie,0.9597968,0.94680285,0.9595128,0.9418621,0.954479,0.9562114,0.9563079,0.9544234,0.97352695,0.9435688,0.9613869,1.0000005,0.9522387,0.9521826,0.9570383,0.95421016,0.9624334,0.95199716,0.9535901,0.95193946,0.9464941,0.95231545,0.951154,0.9597145,0.95429724,0.8783836,0.9502661,0.9569746,0.96481156,0.96298605,0.9479736,0.948918,0.9466307,0.9605063,0.94296056,0.9243081,0.95758986,0.95759,0.9599201,0.9476469,0.95456827,0.95820254,0.9622032,0.9504058,0.95000356,0.9529183,0.95335734,0.9577185,0.95490426,0.9555954,0.97687745,0.96167916,0.9417685,0.9512408,0.94193375,0.94951105,0.9394589,0.95134443,0.9444789,0.9573245,0.94931436,0.9534646,0.9481784,0.950381,0.9525838,0.9489483,0.941078,0.95315504,0.95088756,0.94452065,0.9650471,0.871869,0.94995695,0.9547839,0.9428513,0.9369868,0.90075046,0.9371945,0.94792247,0.95922816,0.9567089,0.9496158,0.96521777,0.9559921,0.96654177,0.95051366,0.95990425,0.95816636,0.94856757,0.9487053,0.9526588,0.9650471,0.95451355,0.9527554,0.96623737,0.9525931,0.9503213,0.95202726,0.9584174,0.9444284,0.94434667,0.94536626,0.9636742,0.9596203,0.94493693,0.9724866,0.95636725,0.94969386,0.957869,0.9470293,0.9634026,0.9054579,0.9498349,0.9273113,0.9484031,0.9544361,0.96401715,0.9493891,0.95641166,0.9487152,0.94765234,0.953679,0.9489189,0.94194263,0.9461795,0.9572498,0.95227534,0.96500987,0.96081835,0.93818164,0.9449509,0.9552523,0.9597662,0.9406585,0.94642735,0.95293546,0.9530905,0.951427,0.9694593,0.9527153,0.97352695,0.9601954,0.9473838,0.94837266,0.9485133,0.96088505,0.9467088,0.94844764,0.95587474,0.94294894,0.95929307,0.94638544,0.9506564,0.9408124,0.95405823,0.95834225,0.9471062,0.9602555,0.9536625,0.9503027,0.97352695,0.94831526,0.9603819,0.96190745,0.9656624
annabellemovie,0.96643317,0.9446217,0.9605531,0.9723175,0.9550027,0.95699,0.9690771,0.95559764,0.97538143,0.9437133,0.9687168,0.9522387,0.99999976,0.95740986,0.96074456,0.9551438,0.9647874,0.95067054,0.9608312,0.94645643,0.9542032,0.9450193,0.9578527,0.964573,0.9508137,0.8930837,0.94501024,0.9558006,0.9527405,0.96851027,0.9602147,0.96114826,0.9352656,0.9487189,0.95177364,0.9304371,0.9628227,0.96349645,0.9613228,0.95418704,0.95817024,0.9606058,0.9466616,0.9550918,0.9682995,0.95418924,0.9580793,0.95656526,0.9485523,0.96044046,0.96069366,0.95937014,0.9607749,0.9548854,0.93800193,0.94290954,0.94696313,0.9562833,0.9646365,0.9570643,0.96617436,0.9650503,0.9656253,0.96050334,0.9464666,0.9567642,0.94352645,0.96157306,0.9612831,0.9450502,0.9609327,0.8472449,0.9533288,0.9630232,0.9626791,0.9480727,0.9221064,0.9463128,0.95676494,0.9564816,0.95641583,0.95908004,0.97044533,0.9517343,0.9707712,0.94876814,0.95885396,0.98286974,0.94923794,0.95621383,0.9634308,0.9609327,0.95446855,0.9533035,0.960085,0.96060747,0.96101373,0.94997805,0.9542915,0.9569226,0.9502452,0.9552639,0.94711566,0.9618454,0.94743735,0.96077883,0.96178293,0.9573247,0.9577005,0.95723504,0.9666951,0.9013526,0.9624288,0.9337707,0.94462806,0.95995784,0.9687033,0.9514194,0.961731,0.95895815,0.96658915,0.95331526,0.95816505,0.9553901,0.9591334,0.9627746,0.96505386,0.95956856,0.95572484,0.9446779,0.95347035,0.9484973,0.9624081,0.9489799,0.9593408,0.96952116,0.9626099,0.95011514,0.9605413,0.955128,0.97538143,0.95085716,0.95298755,0.9508422,0.9506131,0.9593882,0.95201105,0.95325583,0.9601231,0.96170706,0.9654784,0.9585862,0.9602128,0.9506424,0.9508487,0.9632486,0.9552655,0.95148975,0.9472139,0.9467429,0.97538143,0.95061,0.9547078,0.96331716,0.95446396
annamovie,0.972126,0.94520694,0.9604802,0.9498802,0.96775156,0.9618043,0.96600914,0.95590186,0.980511,0.96111107,0.9579029,0.9521826,0.95740986,0.9999999,0.96236765,0.9533751,0.9614909,0.9643213,0.9636257,0.95756716,0.9532538,0.94787914,0.970193,0.9679075,0.9653344,0.8964895,0.95258975,0.9633299,0.96260417,0.9672803,0.9690004,0.9659911,0.9574455,0.9548558,0.9501668,0.93041724,0.9686761,0.96196395,0.9649173,0.96224135,0.95694524,0.9642281,0.95723313,0.9674227,0.9602463,0.9554833,0.96863765,0.9492542,0.96496284,0.9645105,0.9649401,0.96839094,0.9504669,0.9492984,0.94676346,0.96142936,0.95493567,0.9640483,0.964608,0.96533847,0.9521352,0.96082366,0.9646311,0.9731175,0.95852673,0.95572305,0.9490506,0.95859766,0.9547217,0.9543263,0.96805143,0.8171328,0.95430875,0.9627053,0.9471137,0.94783825,0.90568745,0.94960403,0.96066636,0.9480494,0.9449419,0.94845515,0.9646798,0.9596327,0.96034425,0.9570997,0.95666915,0.9637392,0.95168805,0.96321607,0.9553558,0.96805143,0.95680463,0.9688789,0.9607735,0.96397406,0.95203763,0.9631108,0.9568063,0.97226304,0.9572859,0.9590275,0.9562525,0.9678974,0.970281,0.95906305,0.9631447,0.9630423,0.9644412,0.9626702,0.9667405,0.8877469,0.96355593,0.93206674,0.9604296,0.9629434,0.9743401,0.96122086,0.9606763,0.9593772,0.9617197,0.9596412,0.96586674,0.95430684,0.96100444,0.9690514,0.9609188,0.95522064,0.96866846,0.95007795,0.9594663,0.96395993,0.95828223,0.95291615,0.9652858,0.9638501,0.9672237,0.9596275,0.96591586,0.9648317,0.980511,0.95872,0.95341116,0.9594261,0.95740324,0.9555992,0.95095944,0.9493404,0.96072406,0.9640936,0.9666772,0.9593007,0.96385586,0.9594726,0.9638244,0.95988286,0.9621898,0.9527806,0.96575403,0.9557864,0.980511,0.94475406,0.9672084,0.9763598,0.9632652
apollo11movie,0.965846,0.9574818,0.9656494,0.9613106,0.9609981,0.95880306,0.96779674,0.9666858,0.9814448,0.96183646,0.9684201,0.9570383,0.96074456,0.96236765,0.9999996,0.9650667,0.9640875,0.96291375,0.9641973,0.97779936,0.9584013,0.95116943,0.95792717,0.9705113,0.95405984,0.90008736,0.94821143,0.9599192,0.961743,0.9668769,0.9674155,0.9622142,0.95610017,0.94846237,0.94354576,0.92650485,0.96716803,0.96048737,0.96645516,0.95944816,0.9636672,0.9681471,0.95994735,0.9624809,0.9574791,0.96418494,0.96095616,0.9564276,0.95929456,0.9652279,0.96150845,0.976397,0.9529429,0.9483351,0.95679694,0.9531897,0.95083463,0.96364003,0.9647724,0.9614376,0.9524107,0.96125257,0.95673966,0.96485984,0.95849806,0.95323205,0.9545936,0.9696808,0.9676301,0.94474286,0.9623877,0.84689367,0.95512116,0.9640564,0.95233357,0.94902724,0.9034185,0.9462494,0.9605877,0.959633,0.96201575,0.9537161,0.96477073,0.9584383,0.95561785,0.95492905,0.95796657,0.962625,0.9501383,0.9661162,0.95051473,0.9623877,0.9596206,0.95804936,0.95731926,0.9823786,0.9575571,0.95714253,0.9611946,0.9511098,0.9578415,0.9563208,0.965713,0.9669083,0.96151984,0.9575351,0.9690254,0.9612728,0.9602714,0.96644634,0.9685654,0.89667815,0.96567583,0.92436254,0.970186,0.95560426,0.9652378,0.954329,0.96555823,0.96196496,0.95930386,0.96543896,0.9645706,0.9564234,0.9646646,0.9558259,0.9553048,0.95806795,0.9576387,0.95138395,0.96633095,0.9563647,0.9666679,0.95009106,0.9601882,0.96167624,0.9532185,0.9651408,0.96341854,0.9668066,0.9814448,0.9574353,0.95830005,0.96086967,0.95438486,0.96682525,0.9606637,0.952801,0.9602332,0.9486095,0.96921396,0.9579854,0.9654382,0.96177524,0.9556782,0.9579507,0.95075244,0.9525835,0.95836693,0.9618686,0.9814448,0.9499546,0.96499985,0.96555394,0.955395
arcticdogsmovie,0.9631961,0.9632083,0.9642614,0.95035213,0.9591443,0.95421505,0.96990967,0.96019423,0.97980946,0.95239663,0.96834475,0.95421016,0.9551438,0.9533751,0.9650667,1.0,0.95713353,0.955133,0.9620449,0.9577058,0.95882994,0.9651083,0.9604705,0.96343035,0.9576112,0.89776015,0.94819045,0.96421653,0.962067,0.9608488,0.9618896,0.95349604,0.945699,0.9474184,0.9494396,0.9293519,0.9735406,0.95666754,0.9612966,0.9536342,0.95958483,0.96597445,0.9581975,0.96047837,0.9528484,0.9658887,0.95895165,0.9531504,0.9540795,0.9649626,0.96542263,0.9621732,0.94590205,0.94921666,0.9452581,0.9566252,0.944367,0.95934916,0.956051,0.96615446,0.95325506,0.9560589,0.9638005,0.9508926,0.9514697,0.96158,0.94430983,0.95722514,0.9639318,0.949343,0.9643705,0.8457988,0.95549405,0.95955354,0.94792295,0.94620484,0.9207448,0.94976497,0.9578051,0.9557912,0.96097,0.9584299,0.963018,0.9603754,0.9614106,0.9581651,0.9617661,0.9612229,0.9617342,0.95495856,0.9580912,0.9643705,0.9646178,0.9539072,0.964235,0.9620567,0.96844953,0.95530856,0.96717376,0.9548572,0.95893514,0.9573657,0.9675286,0.9640138,0.95462537,0.96135044,0.9627997,0.96568257,0.96862787,0.9544556,0.96012014,0.9145022,0.95483065,0.93056375,0.9577361,0.96003073,0.96274793,0.95780027,0.959381,0.96674544,0.9500502,0.9647305,0.9638316,0.94604313,0.96132666,0.960463,0.9575395,0.96122336,0.96103626,0.9521276,0.95671695,0.9564586,0.9608506,0.9475704,0.9618362,0.9598597,0.95603037,0.95729727,0.96199834,0.96259975,0.97980946,0.964788,0.9559485,0.9530037,0.94713295,0.95919514,0.94710106,0.9589316,0.95838356,0.94847375,0.96567774,0.9545213,0.96532255,0.94259065,0.9543492,0.95619637,0.94278824,0.9524412,0.95455015,0.9601659,0.97980946,0.94986916,0.9585008,0.95941037,0.9621729
arcticmovie,0.97060263,0.95076364,0.9649885,0.9591804,0.97094667,0.95338947,0.9633848,0.96236694,0.98027307,0.95766574,0.9633028,0.9624334,0.9647874,0.9614909,0.9640875,0.95713353,1.0000004,0.9626994,0.9642637,0.955896,0.9549811,0.9588119,0.9558934,0.9699805,0.96380997,0.8970822,0.9619541,0.9760785,0.96096253,0.9695464,0.96528995,0.9650153,0.94884014,0.96033317,0.95462215,0.9397898,0.9658004,0.96719193,0.96877295,0.9502929,0.9635106,0.9708404,0.959761,0.9670298,0.95852154,0.96013504,0.9599884,0.9575494,0.9539751,0.9692803,0.9685259,0.961671,0.9502524,0.9605386,0.9442322,0.9578114,0.9485686,0.96036065,0.96373004,0.966866,0.960632,0.96751857,0.9595526,0.9589438,0.95429635,0.9521846,0.9498418,0.9588638,0.9635111,0.94780463,0.97292286,0.8555679,0.95725214,0.96860087,0.94840133,0.9453826,0.91064173,0.95108414,0.9592073,0.95773244,0.9601568,0.9552018,0.9710091,0.96316147,0.9640141,0.95586,0.9591205,0.9661157,0.9551245,0.9605431,0.96205264,0.97292286,0.9592935,0.96710634,0.96304065,0.96249086,0.9520676,0.9607181,0.96058327,0.95296496,0.96027,0.9569907,0.95970654,0.973232,0.95268977,0.9655024,0.96671784,0.9615334,0.958465,0.95513904,0.9614522,0.9131536,0.96472454,0.9358748,0.95325845,0.96283835,0.97214586,0.9540964,0.9717222,0.96335214,0.9595066,0.95960057,0.96443367,0.93898463,0.95923287,0.9705227,0.95972353,0.9631255,0.96620274,0.95495665,0.9524117,0.9580134,0.97956604,0.95192355,0.95391446,0.96515334,0.954287,0.95512486,0.9687909,0.9598294,0.98027307,0.9616772,0.96119416,0.9514048,0.9541008,0.96068335,0.9502619,0.9613936,0.9616771,0.96508086,0.9636874,0.96612835,0.9583923,0.9545873,0.96634066,0.96999717,0.95587295,0.95624995,0.96362644,0.953393,0.98027307,0.9521619,0.967003,0.96522784,0.9594833
artofracingmovie,0.96507716,0.95271033,0.96517223,0.94460344,0.9797133,0.94139004,0.9578788,0.95516205,0.9764028,0.97164905,0.9568592,0.95199716,0.95067054,0.9643213,0.96291375,0.955133,0.9626994,1.0000004,0.9575665,0.9533488,0.952883,0.96465623,0.9469575,0.96351635,0.9506151,0.88702106,0.95755047,0.96575594,0.9602517,0.96329653,0.9543566,0.95910805,0.93693805,0.9466249,0.94562465,0.9296057,0.9606571,0.957538,0.97059834,0.95252013,0.96257335,0.9593168,0.95356375,0.96037084,0.95916533,0.9547572,0.9498663,0.93978024,0.9540412,0.95999235,0.9662377,0.9610814,0.94199854,0.96073085,0.9375188,0.9711765,0.94484293,0.95663536,0.9626575,0.965446,0.9516879,0.96048576,0.94687223,0.95693004,0.9463282,0.9455617,0.9546794,0.9546948,0.9564553,0.9429014,0.9667604,0.8438295,0.94945365,0.96135753,0.939017,0.9426185,0.89868975,0.9482037,0.96284133,0.95200044,0.9520337,0.95042133,0.95483595,0.95572454,0.95614386,0.95545673,0.95245314,0.9587688,0.95188814,0.95796233,0.9494383,0.9667604,0.95299,0.9554456,0.9580203,0.96179444,0.9498241,0.95498973,0.9529464,0.9487467,0.9462015,0.95568645,0.9570865,0.96580493,0.96413904,0.9653891,0.96473324,0.9536202,0.94711983,0.9544917,0.96165204,0.908513,0.96650785,0.9292003,0.9545492,0.9525533,0.96315044,0.9519446,0.96428925,0.95830005,0.95119643,0.95257914,0.9596007,0.9378384,0.9553962,0.9647015,0.9547744,0.96031815,0.97150075,0.9585301,0.9573497,0.9624986,0.96691126,0.95111305,0.9552119,0.9600827,0.9499556,0.9502217,0.9562813,0.9679189,0.9764028,0.96738774,0.9425649,0.9615105,0.94758344,0.95257044,0.9421227,0.95576966,0.95171976,0.9550286,0.9631894,0.95527565,0.95557445,0.9523207,0.951739,0.95868134,0.9416009,0.95747036,0.95704377,0.9513339,0.9764028,0.96107554,0.95470774,0.9557677,0.96322
avengers,0.97877824,0.9514413,0.9576752,0.9600175,0.95908314,0.9541296,0.96780664,0.9523949,0.9776381,0.95001346,0.9629512,0.9535901,0.9608312,0.9636257,0.9641973,0.9620449,0.9642637,0.9575665,0.99999964,0.96206963,0.96114963,0.9520463,0.96155155,0.96691513,0.95684475,0.89631736,0.9557988,0.9605265,0.9550025,0.9603628,0.9786643,0.95901424,0.9434238,0.9445686,0.9535117,0.93275315,0.9635565,0.95778495,0.96472555,0.95568794,0.9609979,0.956852,0.9536159,0.95399195,0.95945907,0.95688164,0.9613925,0.952324,0.9429732,0.95770663,0.9625627,0.95803225,0.95271736,0.9465235,0.95072204,0.9550916,0.93506914,0.9581124,0.9673407,0.97161585,0.9520053,0.9602481,0.95312816,0.9525094,0.94231766,0.9518258,0.94745237,0.9571509,0.9606122,0.9471075,0.9688102,0.8203572,0.95665914,0.96553236,0.95107865,0.9326386,0.90318894,0.9351631,0.96571296,0.9488719,0.9505036,0.94990236,0.96546507,0.9641764,0.9600528,0.9479465,0.9577087,0.96084636,0.95643145,0.96040595,0.955205,0.9688102,0.96376127,0.9631136,0.953696,0.9653287,0.9508817,0.95559186,0.9629707,0.9592495,0.9484305,0.94802773,0.9528,0.96821225,0.95163393,0.9569829,0.9600243,0.9644829,0.9636798,0.958584,0.9667074,0.90483934,0.9636832,0.9317932,0.96052396,0.95149046,0.9655674,0.9582538,0.95899403,0.96281135,0.9602793,0.9658442,0.9651533,0.9488197,0.95474494,0.9643409,0.95890886,0.9610699,0.95434064,0.95357746,0.9642967,0.95794165,0.95882297,0.9370246,0.9600632,0.95848954,0.9574883,0.94391084,0.96676874,0.96124685,0.9776381,0.95550734,0.9591085,0.95592797,0.95111215,0.9474347,0.9548393,0.9595339,0.9600848,0.9497528,0.9687754,0.95446104,0.9597312,0.9471238,0.9646634,0.96433496,0.958007,0.9618828,0.9563218,0.95950174,0.9776381,0.94203603,0.9526363,0.9637702,0.9560471
beachbummovie,0.962702,0.9451916,0.95665467,0.9472073,0.9510669,0.9513073,0.9589537,0.96638095,0.97340703,0.94534004,0.96071714,0.95193946,0.94645643,0.95756716,0.97779936,0.9577058,0.955896,0.9533488,0.96206963,1.0000001,0.94821614,0.95013213,0.9518579,0.96519274,0.9515526,0.8999807,0.94388115,0.9550426,0.95465577,0.9539092,0.963469,0.9542336,0.9447787,0.940583,0.9451431,0.92694235,0.9608866,0.95571196,0.9606813,0.9599626,0.94573444,0.9571318,0.9471486,0.9520935,0.94643176,0.97110116,0.95412546,0.95013964,0.9470058,0.95309496,0.95457333,0.9615516,0.9448957,0.93548566,0.9592335,0.9432321,0.9385742,0.95628893,0.9568755,0.96138287,0.93464667,0.94901794,0.94936234,0.9503515,0.9510617,0.94599605,0.94635946,0.9593504,0.9603018,0.94412804,0.96110874,0.83892703,0.94606316,0.95610213,0.9403929,0.9462882,0.9147492,0.9326371,0.95578116,0.9538455,0.9525001,0.93839514,0.9515667,0.957422,0.94727606,0.94436103,0.957594,0.95539486,0.94675845,0.9497366,0.93920624,0.96110874,0.9510391,0.95253253,0.94841576,0.96910703,0.94983333,0.97129697,0.950042,0.9512936,0.95349354,0.9554482,0.95610136,0.96015096,0.9561198,0.9532754,0.96307546,0.9539555,0.9535067,0.95817673,0.959159,0.8957671,0.95440096,0.92125547,0.9637021,0.95409,0.9615005,0.95153385,0.9628002,0.9511232,0.94368625,0.96450275,0.9670537,0.9415353,0.9592547,0.9458807,0.9492161,0.9507879,0.95479214,0.93527913,0.9515168,0.94971335,0.9578577,0.9417684,0.9495566,0.9493168,0.9445765,0.9542,0.9572764,0.9678019,0.97340703,0.9509128,0.9580781,0.9555109,0.9434864,0.94933295,0.95466876,0.9487491,0.94901997,0.94299763,0.95929796,0.95000625,0.96595037,0.9536226,0.9493329,0.95292413,0.9462729,0.95278317,0.95374745,0.9525999,0.97340703,0.9388539,0.95409733,0.9577919,0.94967645
bernadettefilm,0.95842457,0.95312077,0.95170414,0.95000714,0.9442849,0.9555731,0.96051913,0.94754267,0.9726665,0.94210625,0.95663595,0.9464941,0.9542032,0.9532538,0.9584013,0.95882994,0.9549811,0.952883,0.96114963,0.94821614,1.0000002,0.9541681,0.96008724,0.9627366,0.95156837,0.8860241,0.9392573,0.9581856,0.9556044,0.95677,0.9590669,0.9418673,0.941028,0.9419619,0.94719625,0.9331235,0.9597093,0.9488807,0.9637436,0.94661534,0.9580682,0.9557195,0.9492407,0.9493969,0.96122015,0.9508741,0.9551051,0.9454747,0.94511944,0.9549359,0.95575553,0.9586719,0.94967353,0.9439757,0.93894964,0.9346649,0.9372076,0.95985997,0.9508495,0.9566163,0.94760436,0.95465314,0.95092225,0.9591649,0.94476444,0.9516002,0.94102657,0.9576571,0.957663,0.9359206,0.957493,0.8480693,0.94110066,0.95036083,0.9641272,0.9402894,0.9209345,0.93549263,0.95919657,0.9552708,0.94493896,0.9553462,0.96214586,0.9601128,0.95186865,0.94488484,0.9460386,0.95820874,0.93998665,0.9603507,0.9526993,0.957493,0.9522368,0.9458106,0.94994867,0.9606875,0.95506704,0.9435771,0.9542244,0.95475924,0.94638425,0.95283085,0.9513944,0.95324224,0.9403976,0.9577078,0.9632448,0.9605382,0.95016044,0.9540297,0.96184844,0.8920087,0.9605645,0.9282705,0.9695839,0.95139366,0.961974,0.95416343,0.95463586,0.964101,0.9576938,0.9532393,0.95130944,0.9523199,0.9530128,0.95723766,0.95775807,0.95710665,0.9471917,0.9474219,0.97781456,0.94519323,0.9551436,0.93335056,0.9581319,0.9544775,0.95952,0.9500444,0.954089,0.95610976,0.9726665,0.95031327,0.9495355,0.9478733,0.940899,0.9563081,0.93876755,0.9508055,0.9519201,0.9518087,0.96711534,0.95020974,0.96152246,0.9434669,0.95325696,0.95286244,0.94945437,0.94395036,0.94937485,0.9513252,0.9726665,0.94663835,0.9574883,0.961371,0.94950634
