movie,21bridgesmovie,47metersdown,abeautifuldaymovie,abominablemovie,adastramovie,adogsjourneymovie,aftermathmovie,aftermovie,ahiddenlifefilm,alitamovie,angelhasfallen,angrybirdsmovie,annabellemovie,annamovie,apollo11movie,arcticdogsmovie,arcticmovie,artofracingmovie,avengers,beachbummovie,bernadettefilm,blackandbluemovie,blackchristmas,blindedbythelightmovie,bombshellmovie,booksmart,breakthroughmovie,brianbanksmovie,brightburnmovie,brittanyrunsmov,captainmarvelofficial,captivestatemovie,catsmovie,charliesangels,childsplaymovie,clarathefilm,coldpursuitmovie,countdown,currentwarmovie,darkwatersmovie,detectivepikachumovie,disneyaladdin,disneyfrozen,disneymaleficent,doctorsleepmovie,dolemiteismyname,dontletgomovie,doramovie,downtonabbey_official,dumbo,escaperoom,everybodyknowsmovie,fastandfuriousmovie,fightingwmyfam,fivefeetapartfilm,fordvferrari,freaksthefilm,geminimanmovie,glassmovie,gloriabellmovie,godzillamovie,goldfinchmovie,goodboysmovie,goodliarmovie,gretafilm,halathemovie,happydeathdaymovie,harrietfilm,hellboymovie,hersmellmovie,highlifemovie,highstrungmovie,honeyboymovie,hotelmumbaifilm,httydragon,hustlemovie,hustlersmovie,isntitromantic,itmovieofficial,jayandsilentbob,johnwickmovie,jojorabbitmovie,jokermovie,judythefilm,jumanjimovie,justmercyfilm,knivesout,lalloronamovie,lastblackmansf,lastchristmasthemovie,latenightmovie,lighthousemovie,lionking,littlethemovie,littlewomenmovie,littlewoodsfilm,longshotmovie,lordsofchaosmovie,lucyintheskyfilm,mamovie2019,marriagestory,meettheaddams,meninblack,midsommarmovie,midwaymovie,missbalamovie,missinglinkfilm,motherlessbklyn,onceinhollywood,onthebasisofsex,overcomermovie,peanutbutterfalcon,petsematarymovie,piercingmovie,playingwithfire,playmobilthemovie,pomsmovie,queenandslim,rambomovie,readyornotfilm,richardjewellfilm,rocketmanmovie,scarystoriesmovie,secretlifeofpets,serenityfilm,shaftmovie,shazammovie,spidermanmovie,spiesindisguise,starwars,stormboymovie,stubermovie,taosdfilm,teenspiritmov,terminator,theaeronautsmov,thebestofenemies,thedeaddontdie,thefarewell,thehighwaymen,thehummingbirdprojectfilm,theintrudermovie,theirishmanfilm,thekitchenmovie,thelegomovie,themustangfilm,thenightingalefilm,theprodigymovie,thesunisalsoastar,theupsidefilm,tolkienmovie,toystory,triplefrontier,uglydolls,uncutgems,underthesilverlake,usmovie,wavesmovie,whatmenwant,wonderparkmovie,wrinklestheclown,xmenmovies,yardiefilm,yesterdaymovie,zombieland
21bridgesmovie,1.0,0.94786114,0.96161515,0.95271623,0.9526398,0.95617425,0.95692647,0.9532853,0.9789191,0.94900036,0.9578364,0.9544284,0.95504683,0.9602447,0.9511608,0.95624185,0.9602156,0.9485438,0.97447836,0.9423296,0.94933426,0.96716195,0.9538997,0.96536195,0.9602219,0.91029704,0.9529153,0.9527903,0.956286,0.95532423,0.95133775,0.9527167,0.94978476,0.9599166,0.95254743,0.93731934,0.95925635,0.96090853,0.9568074,0.95605487,0.9595785,0.95912945,0.94694346,0.9520411,0.95815015,0.958069,0.9556355,0.9538495,0.94787234,0.9550929,0.9583192,0.95650625,0.9518126,0.95351875,0.9574501,0.9537219,0.957167,0.94968015,0.96532905,0.964242,0.95108104,0.95251393,0.95781946,0.9622932,0.951956,0.95525295,0.9503788,0.95528233,0.952525,0.9438172,0.96751356,0.8429431,0.9582042,0.9531313,0.9519917,0.9618564,0.94817036,0.9598058,0.9580003,0.9484063,0.9634714,0.95421386,0.9630717,0.95588017,0.9497685,0.9488161,0.9524139,0.9562922,0.95760924,0.9618311,0.95614934,0.96751356,0.9547317,0.95932853,0.955336,0.95718575,0.9557305,0.9450182,0.9501645,0.9583472,0.9572601,0.9497256,0.94674265,0.96708673,0.96356326,0.95689195,0.9576925,0.95893764,0.95688534,0.96017265,0.9627925,0.91821474,0.9534179,0.9371073,0.95181847,0.97123855,0.9893764,0.9596392,0.9606612,0.9494355,0.9559799,0.94780844,0.9592635,0.9555218,0.9575624,0.95165485,0.95663244,0.9467051,0.9489513,0.94235283,0.9487213,0.9494962,0.9621421,0.94187033,0.948953,0.9568363,0.9698456,0.9499103,0.9603509,0.94862986,0.9789191,0.9561703,0.9482092,0.9515448,0.95736855,0.9480989,0.94616246,0.95548767,0.954844,0.965127,0.94927,0.95534945,0.95675445,0.95241094,0.95650893,0.95534545,0.94193715,0.95712256,0.95089775,0.9467089,0.9789191,0.956389,0.9666171,0.95822066,0.95750815
47metersdown,0.94786114,1.0000002,0.95256454,0.9551184,0.93752944,0.9460122,0.9459477,0.9513746,0.97059405,0.93362945,0.94392204,0.94594896,0.94839096,0.9622949,0.9488804,0.95804423,0.9558156,0.9396695,0.9480734,0.9480564,0.9541605,0.94711626,0.949719,0.9510932,0.94922256,0.89529055,0.94398606,0.9430134,0.94123715,0.9441957,0.94142514,0.94263047,0.9401967,0.9382478,0.94501644,0.93178326,0.9522939,0.94070065,0.9416126,0.9404603,0.9455602,0.95312876,0.93635833,0.94818926,0.94708765,0.94967616,0.94805324,0.95003074,0.9421391,0.9525949,0.95083356,0.95482415,0.94727296,0.943147,0.9463832,0.94364333,0.938952,0.9539732,0.9517792,0.96417415,0.9478653,0.95073265,0.9335442,0.95464945,0.9531213,0.937619,0.93773377,0.95257884,0.94401443,0.9404648,0.9619737,0.8674592,0.944465,0.9529328,0.9422469,0.95945996,0.9245861,0.9522266,0.9578269,0.94718456,0.9436599,0.9514289,0.95647556,0.9475854,0.9477123,0.9407335,0.93840677,0.9517406,0.94861764,0.95481706,0.9418773,0.9619737,0.950034,0.94708395,0.9406916,0.94538134,0.95385796,0.95420873,0.93926066,0.9462889,0.9525534,0.9429803,0.9407534,0.9596745,0.9586784,0.9490024,0.9555569,0.94777906,0.9460833,0.9534083,0.96364754,0.9089978,0.9560017,0.92821854,0.95561606,0.9453508,0.9565849,0.950589,0.95633185,0.93980205,0.9498068,0.94751346,0.9466905,0.94949645,0.9573128,0.95185304,0.95343494,0.9459792,0.9427717,0.9383,0.9504211,0.9452885,0.95239043,0.9279386,0.9534915,0.945834,0.94871235,0.95047635,0.95466,0.9454171,0.97059405,0.9454113,0.9474559,0.94702077,0.9424007,0.9425768,0.9416239,0.9487883,0.94885284,0.9473859,0.93656665,0.9555064,0.9486776,0.93311584,0.9515373,0.9531848,0.94063205,0.9541646,0.9482697,0.9478961,0.97059405,0.9549238,0.95736974,0.95094186,0.94034076
abeautifuldaymovie,0.96161515,0.95256454,0.9999997,0.95587724,0.9549829,0.96069014,0.9625478,0.9557201,0.9794388,0.95489985,0.94934666,0.9548596,0.9576791,0.95873374,0.9586226,0.9606871,0.9583345,0.9568759,0.9611141,0.9517205,0.9599199,0.976836,0.9614646,0.9587948,0.9617305,0.92310363,0.9576494,0.9554674,0.97438693,0.9541371,0.947122,0.9572212,0.95626444,0.9574248,0.95905054,0.9414003,0.96462953,0.9489496,0.9556074,0.9537727,0.94323945,0.9512145,0.9453529,0.95345956,0.958992,0.9613855,0.9640718,0.95569104,0.94963694,0.9521804,0.9776534,0.96487767,0.9595251,0.94900775,0.95400417,0.9601055,0.95865107,0.9559938,0.96281964,0.957714,0.9406652,0.95893115,0.9545986,0.95948154,0.9539124,0.949508,0.9484743,0.95590043,0.9532996,0.9500014,0.96425396,0.8456711,0.95764077,0.9688509,0.9568642,0.96205723,0.92898905,0.95141995,0.9586611,0.95649785,0.9563073,0.9531688,0.9608866,0.9620478,0.96493465,0.9431192,0.952259,0.96065474,0.9582676,0.96038485,0.9551836,0.96425396,0.9563416,0.95696825,0.96857595,0.9573299,0.95603925,0.9526868,0.94702864,0.9556131,0.95529234,0.95371413,0.96381634,0.9648288,0.9531087,0.9763835,0.9665833,0.950893,0.9733736,0.9695927,0.9599797,0.92574465,0.95751864,0.94679624,0.96057576,0.9595271,0.96263903,0.9632278,0.9597618,0.95894986,0.9499394,0.9563629,0.95565593,0.95983595,0.96268916,0.9521535,0.9558663,0.9530902,0.9485089,0.93596154,0.9573197,0.9565179,0.9546525,0.9423945,0.95375776,0.95835143,0.95876175,0.9534157,0.9594155,0.9497654,0.9794388,0.9716993,0.9431962,0.95418805,0.94828326,0.957424,0.9503918,0.9556662,0.95589364,0.95575583,0.9541292,0.9754595,0.95487845,0.93670905,0.9546521,0.95723695,0.9536435,0.9536813,0.9555916,0.9508247,0.9794388,0.95113724,0.9690146,0.9614719,0.9666769
abominablemovie,0.95271623,0.9551184,0.95587724,0.99999976,0.9362765,0.9535065,0.95286745,0.9549086,0.97086465,0.93498236,0.95656884,0.9459272,0.95610595,0.9531982,0.95297295,0.95265883,0.9563131,0.9450649,0.9513887,0.9477423,0.9502604,0.9488274,0.95092165,0.95985085,0.9543769,0.907687,0.93820494,0.9491281,0.9485711,0.9533758,0.9418173,0.95898163,0.9415614,0.94134796,0.9524466,0.9371419,0.95712733,0.94454575,0.94463754,0.9436714,0.94011533,0.95214534,0.93460274,0.9479771,0.9441792,0.95521855,0.9487958,0.9481056,0.93751675,0.9487822,0.9513567,0.9509712,0.94430125,0.93812037,0.95248306,0.94145817,0.9523065,0.9489713,0.96318346,0.95246893,0.93304753,0.95654666,0.944039,0.9499652,0.94537723,0.94348603,0.9387266,0.941588,0.952159,0.9351716,0.95296633,0.8381567,0.9360138,0.95187736,0.955572,0.9503486,0.91687256,0.94065535,0.9557891,0.94370085,0.9514597,0.9467874,0.9543238,0.9421328,0.950703,0.93803746,0.9574445,0.94926524,0.94867665,0.95702213,0.9472032,0.95296633,0.9529378,0.9452664,0.95186937,0.96245944,0.9585722,0.9482948,0.93831974,0.94565713,0.95377636,0.94448483,0.9461111,0.95920575,0.9474505,0.950989,0.95906836,0.94414157,0.9497258,0.95304507,0.9606012,0.908302,0.9575959,0.9377685,0.95652103,0.9413995,0.9531754,0.94705474,0.95395404,0.94314,0.94131947,0.9462882,0.94808084,0.9468228,0.9514345,0.9506255,0.95237595,0.94408214,0.9465108,0.9263505,0.9540658,0.9440101,0.9567535,0.9309581,0.95360655,0.9486273,0.9491844,0.9456998,0.9489162,0.9468226,0.97086465,0.94972134,0.93970907,0.9397477,0.93785566,0.9326897,0.9489821,0.95468575,0.94922155,0.95204973,0.945895,0.9549116,0.94952905,0.93021744,0.9466209,0.94683945,0.93658984,0.9484234,0.94704187,0.94869345,0.97086465,0.94047695,0.9606484,0.953485,0.9418632
adastramovie,0.9526398,0.93752944,0.9549829,0.9362765,0.99999994,0.95448595,0.9567661,0.95560837,0.9718863,0.95999014,0.94548774,0.9528941,0.9512735,0.94811654,0.9477781,0.9491366,0.9526757,0.97143805,0.94571775,0.9496542,0.9492967,0.9609915,0.95703083,0.9563003,0.96015656,0.90730476,0.96070445,0.9428768,0.95835024,0.95210856,0.9372358,0.9473501,0.9605117,0.95365393,0.9536044,0.93885624,0.9548312,0.9549437,0.94601136,0.94668555,0.944387,0.94721216,0.9400598,0.9493959,0.9561295,0.947485,0.9530894,0.9485325,0.94907725,0.9482508,0.95946217,0.9538042,0.9456642,0.9469458,0.94557655,0.9653226,0.95732254,0.94413954,0.94470924,0.9507938,0.94267845,0.9493443,0.95566875,0.95561695,0.94113916,0.9435039,0.94651175,0.9503926,0.93664724,0.94595397,0.9533097,0.8390453,0.9500579,0.9485842,0.9428419,0.9505604,0.9329668,0.9461435,0.95249504,0.9574865,0.94076437,0.9572336,0.9545113,0.9478711,0.9559602,0.94107205,0.9575339,0.94371825,0.94588166,0.95643634,0.9508088,0.9533097,0.9510143,0.95333016,0.94802153,0.9491146,0.94254625,0.95877504,0.9443726,0.94890225,0.94625163,0.9425,0.9509827,0.95653147,0.95092654,0.95855814,0.96038306,0.94989806,0.954252,0.950981,0.9551161,0.92898923,0.9485148,0.9399501,0.9395529,0.9512228,0.96079606,0.9438879,0.9530168,0.94949394,0.9473382,0.9479928,0.94586885,0.9526903,0.9493966,0.944896,0.94288635,0.9420553,0.9612769,0.9337969,0.94484234,0.96592665,0.95152175,0.9429025,0.94267017,0.9540407,0.9517265,0.9398864,0.94924784,0.9472565,0.9718863,0.95821077,0.93676805,0.9447288,0.9522016,0.93872964,0.9377028,0.9500363,0.9577242,0.9539666,0.9521494,0.9457058,0.9508661,0.9355962,0.94965553,0.9537185,0.9502476,0.9438281,0.94489866,0.9332621,0.9718863,0.95758206,0.9661208,0.9564439,0.9579357
adogsjourneymovie,0.95617425,0.9460122,0.96069014,0.9535065,0.95448595,1.0000001,0.9574112,0.95889485,0.9755049,0.94794065,0.94456285,0.95203555,0.94591355,0.9569272,0.94863087,0.9524061,0.9552857,0.94547975,0.9494127,0.94712126,0.94948035,0.96246576,0.96351683,0.96123105,0.9561037,0.90918785,0.9550981,0.95027274,0.9560565,0.9559544,0.94813555,0.95486987,0.9594193,0.9506895,0.9576395,0.9362907,0.95295423,0.93375623,0.9405383,0.9498079,0.9424874,0.954517,0.93750864,0.9510741,0.9492382,0.9504672,0.9617795,0.9545294,0.953618,0.9507929,0.95743126,0.9545747,0.95248103,0.95068836,0.94807076,0.9486793,0.9521368,0.9522206,0.95740837,0.95120615,0.94097245,0.9550122,0.9498818,0.95963496,0.9548871,0.9452461,0.9480117,0.9462302,0.94103545,0.9446502,0.9558851,0.84246135,0.94153154,0.95840776,0.94298595,0.9567717,0.9223529,0.95059514,0.9490161,0.945654,0.9466079,0.95184565,0.95835143,0.95370495,0.952437,0.9380964,0.94703484,0.95205337,0.9507257,0.9588638,0.95475906,0.9558851,0.95131785,0.95198256,0.94872224,0.94292647,0.9524247,0.94831014,0.94849956,0.948844,0.9462562,0.9631011,0.9497488,0.9556013,0.95749944,0.95734227,0.9599853,0.951185,0.94714415,0.95089996,0.95662814,0.918658,0.95715964,0.9351168,0.9537736,0.94569534,0.9591037,0.95755875,0.9623514,0.9575688,0.94977766,0.958581,0.9448714,0.9749969,0.96440387,0.9529088,0.95091057,0.93908924,0.95211923,0.9233163,0.94814616,0.95629156,0.9505682,0.93351156,0.9538659,0.9545539,0.9486223,0.9484428,0.9520753,0.9458636,0.9755049,0.9573357,0.9483864,0.94683075,0.95071137,0.9458924,0.9461882,0.9601712,0.95230407,0.95668346,0.94305986,0.95417553,0.9515342,0.9325607,0.9367746,0.94847006,0.9498627,0.95334667,0.9516557,0.944323,0.9755049,0.9431894,0.96570444,0.9640639,0.9532636
aftermathmovie,0.95692647,0.9459477,0.9625478,0.95286745,0.9567661,0.9574112,1.0000005,0.95825624,0.97767645,0.945358,0.95666355,0.9517569,0.9612413,0.9573216,0.95537513,0.95548904,0.9643205,0.9571527,0.9543941,0.94568205,0.95478046,0.96220523,0.9608115,0.9593206,0.9591389,0.91928005,0.9511007,0.9555458,0.95506024,0.9609189,0.95038444,0.9558648,0.96009296,0.9506649,0.96090543,0.9390659,0.9656327,0.9520327,0.9561274,0.95270723,0.9424466,0.951247,0.9396154,0.95033216,0.95481676,0.95932657,0.96090794,0.9512596,0.9524412,0.9487597,0.9573274,0.9613467,0.9555084,0.94909674,0.95901203,0.9521754,0.9542127,0.9546609,0.9628701,0.9513257,0.94634503,0.9600347,0.9549763,0.9599954,0.9570495,0.9516185,0.9507653,0.95727074,0.94802415,0.945295,0.96277577,0.8413176,0.94813746,0.95798326,0.94961166,0.9662102,0.92030936,0.952728,0.9599195,0.9518035,0.9572616,0.9711781,0.95686746,0.9449375,0.9526992,0.9460378,0.95843637,0.95712,0.95772696,0.96299547,0.9611422,0.96277577,0.95293945,0.954846,0.9595211,0.9545348,0.95848817,0.95606685,0.9729037,0.9516986,0.9563723,0.9546164,0.9495021,0.96391636,0.95012754,0.95844465,0.96220237,0.95415765,0.95782244,0.95994467,0.9570653,0.9216851,0.96111,0.94238394,0.95656693,0.95836854,0.9631758,0.9507729,0.9565772,0.98674464,0.9499688,0.9507073,0.95560926,0.95858604,0.955748,0.9574775,0.9558324,0.94548935,0.9527522,0.93000203,0.95041734,0.9520992,0.9514118,0.9352799,0.9534766,0.96431667,0.9592559,0.9488227,0.9554441,0.9463261,0.97767645,0.95348984,0.94727707,0.9540529,0.9528375,0.9494541,0.9505332,0.9604851,0.96009856,0.95546085,0.9830529,0.95275015,0.9614435,0.9373714,0.9510079,0.9552462,0.95435125,0.9576312,0.96035516,0.9494461,0.97767645,0.95509344,0.96654785,0.96194464,0.95338297
aftermovie,0.9532853,0.9513746,0.9557201,0.9549086,0.95560837,0.95889485,0.95825624,1.0000002,0.9761309,0.9499955,0.9486617,0.94635296,0.95907104,0.95890033,0.95158815,0.9552891,0.9599128,0.9502872,0.94700027,0.9505935,0.95434946,0.955092,0.95850116,0.96030265,0.9640765,0.9028594,0.94305116,0.93950105,0.9462665,0.95099396,0.9482224,0.95197344,0.95267415,0.936329,0.95880663,0.9380937,0.9618403,0.94811624,0.956531,0.9507064,0.94795734,0.9551244,0.9353755,0.95338345,0.94884735,0.95299983,0.9605299,0.95324576,0.95989573,0.9557484,0.9502716,0.95863307,0.95080346,0.9442034,0.9642495,0.94984376,0.9572324,0.95070076,0.9581965,0.95452875,0.9523416,0.9524638,0.9496494,0.9662505,0.9520063,0.9413424,0.94326216,0.9624889,0.9463,0.94958043,0.95656717,0.8501883,0.9470227,0.9518965,0.9442743,0.9556003,0.92955387,0.94950545,0.9544609,0.9524512,0.9463298,0.9567971,0.9627145,0.9578806,0.94947124,0.94668424,0.9555975,0.95012075,0.95021325,0.9612709,0.9534777,0.95656717,0.96321714,0.9543774,0.949888,0.9475379,0.9565293,0.9613033,0.9550245,0.9448811,0.9547172,0.9481663,0.9476959,0.95930654,0.954598,0.9523208,0.9635486,0.9600482,0.95069116,0.95391226,0.9569758,0.9154739,0.9606681,0.93787754,0.95372003,0.9503789,0.9584677,0.95430374,0.95874196,0.9510636,0.9508989,0.95848024,0.9608274,0.9555711,0.95299155,0.95945686,0.9464624,0.9432105,0.95796955,0.920332,0.9523237,0.9525788,0.9529464,0.934714,0.95419747,0.9520723,0.95132107,0.9533856,0.95312923,0.94688046,0.9761309,0.94618195,0.9451355,0.95526046,0.9452234,0.94667166,0.9463974,0.96130687,0.9608758,0.95233995,0.9520813,0.9539416,0.95145696,0.93586963,0.9467942,0.948296,0.94817376,0.95097953,0.96360946,0.9505005,0.9761309,0.9500947,0.9658315,0.96198803,0.94668055
ahiddenlifefilm,0.9789191,0.97059405,0.9794388,0.97086465,0.9718863,0.9755049,0.97767645,0.9761309,1.0000001,0.9647882,0.9681129,0.9694502,0.97683185,0.98070043,0.9743167,0.97419584,0.97855514,0.97039926,0.97602844,0.96646565,0.9716125,0.98086363,0.9809242,0.979155,0.97801983,0.9309669,0.9701504,0.9684691,0.9753653,0.9727967,0.9699537,0.973451,0.9716806,0.97289515,0.9729444,0.9615553,0.98092437,0.96937233,0.9717469,0.97204554,0.9690614,0.9754776,0.9621095,0.97266376,0.97722095,0.9795744,0.9804597,0.9722669,0.9698922,0.9735956,0.97743106,0.97919965,0.9761712,0.9719784,0.9747548,0.9711972,0.973927,0.9737558,0.9781383,0.9801881,0.96615994,0.9749125,0.9739801,0.9807398,0.97392875,0.97117186,0.97047704,0.97487485,0.96529484,0.96982205,0.9845271,0.8655959,0.97116226,0.9780382,0.9687206,0.97882134,0.9486803,0.97244954,0.974207,0.9730231,0.9718145,0.9739509,0.9780254,0.9738871,0.97379035,0.9671823,0.9703854,0.9760811,0.9784728,0.98119885,0.9716939,0.9845271,0.97446316,0.9750343,0.9726688,0.9726645,0.9725879,0.9751908,0.9653541,0.97655827,0.97754705,0.9703556,0.9678295,0.9847594,0.9781136,0.97822237,0.980295,0.97361666,0.9753594,0.9780195,0.98125166,0.94119745,0.97995627,0.957942,0.97379386,0.9752304,0.9823421,0.97549623,0.97940665,0.9728535,0.9714784,0.97352827,0.9750133,0.9778804,0.97795415,0.9730373,0.97242165,0.96777105,0.97081643,0.9597795,0.9731342,0.97008437,0.9771525,0.9643578,0.9735726,0.9735051,0.9757246,0.96979564,0.97869,0.97206366,1.0000001,0.97565675,0.96867603,0.9730694,0.9714653,0.9709271,0.97086424,0.97558355,0.9790675,0.97237676,0.9703193,0.97518533,0.9779721,0.95858175,0.97544086,0.97763187,0.9707316,0.977766,0.9745549,0.9679288,1.0000001,0.9717308,0.98491585,0.98058695,0.97412175
alitamovie,0.94900036,0.93362945,0.95489985,0.93498236,0.95999014,0.94794065,0.945358,0.9499955,0.9647882,1.0000002,0.9387149,0.94350314,0.9441641,0.9497554,0.9432782,0.94447327,0.9438984,0.9565178,0.9422877,0.94213504,0.9402537,0.95156705,0.9466579,0.95624554,0.9547334,0.892109,0.95354676,0.9383386,0.9525928,0.9388143,0.93723637,0.9419489,0.9414695,0.94439477,0.94248235,0.92491925,0.9535565,0.93971974,0.9409536,0.9358231,0.93309355,0.9409181,0.93171096,0.93941206,0.948552,0.94385207,0.9455467,0.9493214,0.93380266,0.939994,0.9536016,0.94471884,0.9462556,0.93359447,0.9458421,0.95914316,0.94904375,0.9402155,0.9487424,0.9467409,0.9343735,0.9487808,0.9436725,0.9495615,0.9358512,0.9380637,0.9439484,0.93767816,0.93481123,0.9421549,0.95126945,0.8173192,0.9363924,0.9449183,0.93892473,0.9454869,0.91309714,0.9471251,0.9403426,0.94022906,0.9420721,0.94581145,0.95381224,0.9350718,0.94539636,0.9283973,0.94249195,0.94468534,0.9427353,0.947441,0.9476586,0.95126945,0.9454899,0.9439324,0.9499554,0.94201374,0.94179475,0.9446183,0.9371211,0.9420828,0.9424334,0.9354237,0.9510755,0.9507298,0.9532157,0.95088667,0.95517045,0.9449999,0.94892496,0.9482182,0.9529917,0.91048783,0.9462133,0.9233123,0.9397322,0.9467594,0.9522995,0.9415246,0.9495012,0.9367169,0.95272076,0.938995,0.9482656,0.9491758,0.94650567,0.93679816,0.9418202,0.93897706,0.9597956,0.9249174,0.93785065,0.95324326,0.94405234,0.92855436,0.95102364,0.94129086,0.94605905,0.933212,0.94523907,0.9430625,0.9647882,0.9484065,0.9377949,0.9481157,0.9461106,0.9383405,0.93203706,0.9425742,0.94968754,0.94323015,0.9396067,0.94339275,0.9482351,0.92255956,0.93940294,0.94497305,0.9383308,0.9402935,0.9413448,0.9318795,0.9647882,0.9431041,0.9541095,0.9439929,0.94827247
angelhasfallen,0.9578364,0.94392204,0.94934666,0.95656884,0.94548774,0.94456285,0.95666355,0.9486617,0.9681129,0.9387149,1.0000001,0.9404029,0.9535381,0.95276546,0.9430162,0.94627273,0.96009624,0.94475514,0.94877917,0.9414581,0.94332266,0.95484847,0.9442629,0.9561614,0.94792074,0.9035618,0.9497555,0.9519472,0.95330757,0.9496333,0.93786365,0.9455656,0.9450812,0.9462896,0.9511877,0.9345193,0.95239216,0.94728726,0.94718194,0.93921995,0.94800544,0.94229734,0.9313306,0.9392245,0.9409943,0.94792795,0.94593734,0.9440094,0.93730634,0.9424389,0.955928,0.941613,0.9402318,0.9344784,0.94479215,0.9481455,0.94580734,0.94147694,0.95180804,0.94932693,0.94551533,0.9523677,0.94311863,0.9564397,0.9348723,0.95332307,0.946624,0.9410708,0.9584869,0.9380368,0.9557265,0.8281372,0.9460067,0.95319605,0.9485234,0.9581641,0.91779035,0.94244665,0.94646925,0.9449846,0.9633,0.9514006,0.95554984,0.941921,0.9404248,0.9380643,0.95491976,0.9473426,0.9460635,0.9579044,0.9571769,0.9557265,0.94569767,0.9555035,0.9499938,0.9554619,0.95858634,0.9478908,0.94424194,0.9474691,0.94840854,0.93605304,0.93877757,0.95903933,0.94533837,0.9551968,0.95092267,0.9501178,0.9465396,0.9445044,0.9569276,0.9072394,0.9507587,0.9354215,0.94596416,0.9594772,0.9586502,0.94881964,0.94886947,0.95032513,0.94749504,0.9407838,0.9481688,0.9482651,0.94810843,0.94724166,0.9489445,0.9413888,0.94322276,0.9169348,0.9425184,0.9419006,0.9526443,0.92974645,0.9412661,0.95461637,0.95530814,0.9336733,0.9495945,0.9436025,0.9681129,0.95434755,0.9397541,0.94262177,0.94478846,0.93201375,0.94786644,0.94544846,0.95239574,0.9503215,0.950468,0.9449419,0.94960487,0.9265997,0.94238305,0.9508749,0.93860924,0.9463269,0.94501764,0.9418108,0.9681129,0.9397756,0.96131283,0.9480956,0.9511678
angrybirdsmovie,0.9544284,0.94594896,0.9548596,0.9459272,0.9528941,0.95203555,0.9517569,0.94635296,0.9694502,0.94350314,0.9404029,1.0000002,0.9492961,0.95473874,0.9447084,0.950065,0.9536644,0.9481383,0.94820964,0.947511,0.94558305,0.9590173,0.950664,0.9524174,0.9508803,0.8961366,0.9409914,0.93842816,0.9572348,0.9577139,0.93971384,0.95280015,0.94976336,0.96003085,0.9467203,0.9356093,0.9513288,0.9429762,0.94520617,0.9415659,0.94831157,0.9573765,0.9459348,0.9506505,0.9544787,0.94907254,0.950169,0.9564726,0.94396204,0.94780743,0.96348214,0.95520586,0.9387121,0.9400042,0.94619787,0.944382,0.95187604,0.9519106,0.95125884,0.95191896,0.94050497,0.9518392,0.9447216,0.9570866,0.944525,0.9322236,0.9434043,0.94765323,0.94281816,0.93679655,0.95453304,0.85703456,0.95210093,0.94686806,0.9466476,0.9489253,0.9239859,0.9461029,0.9453161,0.9465154,0.9467639,0.95461863,0.9489596,0.9463042,0.95925623,0.9416078,0.94529265,0.94084173,0.94664085,0.9495784,0.94628334,0.95453304,0.9486904,0.9488624,0.955685,0.9446789,0.94946826,0.94813406,0.93499786,0.9468471,0.95045733,0.9417863,0.9454757,0.9558153,0.94845366,0.9610218,0.94705105,0.94381434,0.9512091,0.95778275,0.9527743,0.9298221,0.9519729,0.9479516,0.9404079,0.9572331,0.96014965,0.94662493,0.9525105,0.9468549,0.94539547,0.94538814,0.945749,0.952663,0.9543845,0.9416943,0.9455197,0.9523875,0.9475481,0.9354285,0.9474884,0.9449769,0.9538424,0.9363894,0.9463562,0.9467714,0.9481544,0.94062614,0.9563105,0.94058853,0.9694502,0.9573357,0.93272334,0.9474379,0.9484387,0.9408166,0.9435393,0.94320434,0.95288885,0.9499268,0.94216144,0.9502807,0.9427005,0.92771095,0.947281,0.9489019,0.9357833,0.952217,0.942874,0.9471439,0.9694502,0.94152164,0.9592755,0.9490506,0.9551458
annabellemovie,0.95504683,0.94839096,0.9576791,0.95610595,0.9512735,0.94591355,0.9612413,0.95907104,0.97683185,0.9441641,0.9535381,0.9492961,0.9999996,0.96131706,0.95959306,0.96232605,0.96340036,0.9557673,0.9519658,0.9550456,0.9541009,0.9643932,0.95432884,0.9610586,0.95769376,0.91223514,0.9564715,0.9592273,0.96003395,0.9554525,0.9482947,0.9575463,0.9604229,0.9497657,0.9661269,0.94841594,0.96498543,0.96412385,0.9537564,0.9475786,0.9545465,0.9565863,0.9451754,0.95837533,0.961214,0.9604899,0.9529615,0.9487524,0.9549685,0.9574119,0.96309173,0.9534544,0.9526251,0.94265825,0.9602666,0.9508516,0.9567938,0.9528435,0.95898026,0.9616359,0.9563698,0.960431,0.9586196,0.9671679,0.94592273,0.9489942,0.95367986,0.9550656,0.95102024,0.9571538,0.96841407,0.8494916,0.9536165,0.9617259,0.95288575,0.95792556,0.9363611,0.9463817,0.9560933,0.9516134,0.95278907,0.9602519,0.968134,0.9545689,0.9667225,0.9493342,0.9593261,0.97716117,0.962833,0.96244484,0.9549413,0.96841407,0.95516914,0.95650226,0.9607532,0.9602853,0.94929475,0.9615099,0.95020306,0.9534894,0.9626835,0.95184314,0.9561748,0.9609082,0.95164984,0.962407,0.9590084,0.963604,0.95683074,0.959383,0.961008,0.91357434,0.9621463,0.948116,0.96081465,0.9511391,0.95785135,0.9597448,0.9596289,0.9549854,0.96071446,0.9509384,0.95708215,0.9516086,0.95068246,0.9508791,0.9672424,0.9458045,0.9548805,0.9343157,0.95529425,0.9542632,0.9597052,0.94209516,0.9531186,0.95898587,0.95689493,0.946567,0.9642015,0.95738685,0.97683185,0.95936507,0.95060277,0.9582555,0.9547492,0.94680864,0.9488515,0.9713544,0.9647231,0.9541278,0.9586525,0.9538168,0.96073097,0.938797,0.9568212,0.95566463,0.95092416,0.95953155,0.95882744,0.9521923,0.97683185,0.94656414,0.9660805,0.9552353,0.9573135
annamovie,0.9602447,0.9622949,0.95873374,0.9531982,0.94811654,0.9569272,0.9573216,0.95890033,0.98070043,0.9497554,0.95276546,0.95473874,0.96131706,0.9999999,0.9533754,0.96110195,0.9640331,0.94723445,0.9613875,0.9430341,0.9573431,0.9615749,0.96064806,0.96278083,0.9616918,0.90655595,0.9553929,0.9581748,0.9576024,0.9579199,0.95318973,0.95330423,0.9549417,0.95299625,0.9533668,0.9350772,0.9606724,0.950618,0.9554433,0.94977325,0.96104604,0.9647976,0.9466734,0.95707345,0.9626253,0.9631461,0.95911473,0.95916826,0.9470889,0.9577923,0.9620095,0.9600344,0.9593902,0.9517184,0.96262044,0.9508084,0.9573518,0.9598766,0.9679535,0.96393406,0.9568956,0.9630758,0.9532665,0.97467124,0.95484143,0.9488203,0.9489583,0.9538482,0.9568137,0.9452624,0.96952885,0.8498986,0.9521523,0.963928,0.9431179,0.9663451,0.92789394,0.9547614,0.95817924,0.95564747,0.95908767,0.9577616,0.96357816,0.95126057,0.95713675,0.9491835,0.9493733,0.9605788,0.96350676,0.9628886,0.9609606,0.96952885,0.9601394,0.9614409,0.9497124,0.95441544,0.9583782,0.9533537,0.95140445,0.965588,0.9587007,0.9558456,0.949264,0.96272504,0.9727935,0.9630173,0.9586893,0.95768505,0.9508343,0.95926404,0.9702809,0.9181419,0.96188295,0.93101394,0.95355004,0.9574597,0.95780176,0.9570532,0.96030843,0.9535108,0.9599415,0.9557528,0.9586979,0.95529187,0.96715164,0.9610413,0.961143,0.94870895,0.9552517,0.94441265,0.9578229,0.9511022,0.9632966,0.9427611,0.95858204,0.9592127,0.9509903,0.95626503,0.9641023,0.9500261,0.98070043,0.95641226,0.95634425,0.95877504,0.949123,0.95044947,0.9529878,0.9601679,0.9592247,0.9502657,0.94906306,0.95966005,0.96110773,0.9364059,0.9553634,0.9620169,0.94556373,0.96191317,0.9610616,0.9491297,0.98070043,0.95398515,0.9656304,0.9606528,0.9529273
apollo11movie,0.9511608,0.9488804,0.9586226,0.95297295,0.9477781,0.94863087,0.95537513,0.95158815,0.9743167,0.9432782,0.9430162,0.9447084,0.95959306,0.9533754,1.0000002,0.95539737,0.9487426,0.9520941,0.94708073,0.96438086,0.95911527,0.9512203,0.9542954,0.95319766,0.95471066,0.91663545,0.94032264,0.9503543,0.9573417,0.95479697,0.93953353,0.9583957,0.9451643,0.94153464,0.9489055,0.9402122,0.9620453,0.9542612,0.9530612,0.9446874,0.94148755,0.9470601,0.94473463,0.94944924,0.9501046,0.9601901,0.9560741,0.9479074,0.9488549,0.95095366,0.95332545,0.95244265,0.94714934,0.9427973,0.9475154,0.9482611,0.943474,0.9500139,0.95862037,0.9565936,0.93677104,0.9563135,0.9474066,0.95614505,0.945383,0.942357,0.94874173,0.9524659,0.9352552,0.9455879,0.9622162,0.8508343,0.9496542,0.956264,0.9460215,0.9412638,0.9224463,0.9476335,0.95386183,0.9437459,0.952516,0.9441521,0.9569992,0.9443133,0.9560175,0.94426435,0.9568209,0.9514385,0.9557238,0.96369797,0.9427774,0.9622162,0.95644265,0.95474344,0.949449,0.9714242,0.9509156,0.9560963,0.94883513,0.94718117,0.96167886,0.944679,0.9605424,0.96095884,0.94820815,0.95376843,0.9575849,0.9522962,0.9616668,0.956477,0.9664471,0.9192825,0.95964205,0.92689353,0.9545326,0.94589937,0.9591093,0.9527195,0.9613827,0.95113695,0.942163,0.95164716,0.94930995,0.9548116,0.94994456,0.9542949,0.94567883,0.9431092,0.9490109,0.944606,0.9547234,0.956972,0.95137304,0.9359972,0.9534746,0.95685816,0.9587966,0.94165605,0.9582167,0.95631194,0.9743167,0.95412546,0.9518795,0.94525445,0.94416815,0.9432587,0.9405378,0.9514004,0.9495399,0.9516741,0.9549751,0.95337737,0.9548684,0.93686527,0.95055056,0.9530058,0.9555736,0.95773226,0.9578648,0.943936,0.9743167,0.9477956,0.9566315,0.94951737,0.948429
arcticdogsmovie,0.95624185,0.95804423,0.9606871,0.95265883,0.9491366,0.9524061,0.95548904,0.9552891,0.97419584,0.94447327,0.94627273,0.950065,0.96232605,0.96110195,0.95539737,1.0000001,0.95452297,0.9498819,0.95788133,0.9580673,0.94868684,0.9599818,0.95020294,0.9584227,0.9527707,0.9250016,0.9486479,0.9404308,0.94967985,0.9543863,0.9428834,0.9491104,0.95224744,0.9486879,0.9565707,0.94770646,0.95909005,0.9420635,0.9541663,0.94164425,0.95473844,0.9535772,0.93811756,0.95110315,0.9500417,0.9592271,0.94946414,0.9551156,0.94543964,0.95166665,0.95908344,0.9516069,0.94636434,0.95309085,0.96185106,0.94974375,0.94626284,0.9489617,0.9573983,0.96508366,0.9455317,0.95458484,0.9460406,0.9624221,0.9481205,0.93199146,0.9456015,0.95273393,0.9423612,0.94881845,0.96659255,0.87157965,0.95327824,0.95483,0.9511209,0.95372397,0.9393472,0.94736844,0.9617253,0.9504721,0.95453626,0.95361364,0.95703393,0.9514597,0.9616478,0.95051783,0.94234914,0.9573936,0.95911694,0.95527446,0.9473513,0.96659255,0.95085645,0.9551114,0.9608569,0.9556193,0.9459647,0.95849013,0.9499929,0.9484842,0.9610935,0.94601613,0.95089036,0.96165156,0.95272875,0.95915264,0.95529604,0.97018284,0.9596745,0.9520401,0.9612268,0.9204963,0.95610553,0.93977046,0.95308137,0.94261754,0.9557175,0.9577227,0.9599612,0.9544302,0.9552862,0.9488811,0.95469725,0.9570045,0.9513128,0.9525016,0.96618044,0.9531332,0.95518947,0.9349521,0.95413953,0.9566652,0.9460744,0.93584,0.94705427,0.9606213,0.9543277,0.9477543,0.96033484,0.9554382,0.97419584,0.9538356,0.95578074,0.9579703,0.94374883,0.9416953,0.95054203,0.9580145,0.96264166,0.95152223,0.9489076,0.9554912,0.96014434,0.94543844,0.95393467,0.9572456,0.9500524,0.96027637,0.9570326,0.94657063,0.97419584,0.9534273,0.9633024,0.95145136,0.95032597
arcticmovie,0.9602156,0.9558156,0.9583345,0.9563131,0.9526757,0.9552857,0.9643205,0.9599128,0.97855514,0.9438984,0.96009624,0.9536644,0.96340036,0.9640331,0.9487426,0.95452297,1.0000005,0.94647706,0.9595957,0.9483486,0.9535113,0.95973057,0.9640614,0.96305287,0.9590736,0.90532726,0.9508308,0.9703071,0.9558206,0.9583916,0.95570517,0.9524437,0.95437735,0.95039356,0.9590757,0.9346945,0.9609289,0.95499307,0.9536471,0.95494926,0.9531543,0.96482396,0.9381541,0.9585707,0.9595734,0.96088487,0.96191514,0.9514363,0.95370054,0.96120435,0.96039814,0.95728064,0.9518943,0.9528233,0.9564079,0.9505643,0.9519851,0.95340234,0.95862395,0.95948625,0.95207685,0.9539805,0.9540911,0.96494275,0.9555,0.9529323,0.9557753,0.95650405,0.9610693,0.953288,0.96386343,0.83991104,0.9536022,0.9588636,0.95128685,0.966025,0.920442,0.9516488,0.9522346,0.9434722,0.9616641,0.96316177,0.9626779,0.95410985,0.9545567,0.94964826,0.9508046,0.95741814,0.95470756,0.9592147,0.9557152,0.96386343,0.959874,0.95861,0.954914,0.95062035,0.953107,0.95701224,0.9545667,0.95903844,0.95765114,0.9508439,0.9493153,0.9615572,0.9656153,0.95963246,0.96018565,0.9556445,0.9522556,0.95751864,0.962079,0.909986,0.957025,0.940982,0.96010876,0.95795727,0.96560997,0.95646226,0.9620045,0.9626793,0.95147264,0.9506959,0.9587765,0.9568689,0.957868,0.95525056,0.9531014,0.94747883,0.9552422,0.93931097,0.9514437,0.94923246,0.967909,0.9494969,0.9563027,0.95448726,0.9567982,0.9520209,0.95860076,0.950295,0.97855514,0.95524806,0.944769,0.95240325,0.94888514,0.9549066,0.95549226,0.96384037,0.9669953,0.95867026,0.9538864,0.95533705,0.9615518,0.9291853,0.9567995,0.95554364,0.94689006,0.9555869,0.9574279,0.9532337,0.97855514,0.94676244,0.96798944,0.95906115,0.9566646
artofracingmovie,0.9485438,0.9396695,0.9568759,0.9450649,0.97143805,0.94547975,0.9571527,0.9502872,0.97039926,0.9565178,0.94475514,0.9481383,0.9557673,0.94723445,0.9520941,0.9498819,0.94647706,1.0000001,0.94566804,0.94900835,0.95370835,0.95949966,0.95390445,0.95746493,0.9565768,0.9120946,0.95774615,0.94493395,0.95004195,0.9552631,0.9337475,0.9518286,0.9570948,0.94602996,0.95353264,0.9394176,0.9582785,0.95318127,0.94419265,0.940502,0.9417071,0.9484193,0.9389884,0.9506355,0.9510231,0.9489354,0.9511549,0.9415962,0.94567126,0.9494165,0.95344955,0.95372635,0.94292533,0.93787116,0.95156854,0.96429515,0.9543666,0.94427335,0.9500006,0.9505381,0.9406991,0.94989777,0.94630295,0.95015943,0.9414975,0.93857837,0.93618554,0.9501623,0.9405571,0.93956727,0.95429623,0.83391285,0.9421297,0.9491717,0.94773597,0.94271195,0.91916597,0.9437972,0.9537486,0.9530868,0.9466241,0.9545362,0.9499943,0.9456529,0.95698303,0.9352685,0.9586177,0.94468266,0.9459283,0.96442604,0.94712,0.95429623,0.948865,0.95341533,0.947318,0.9557962,0.94050777,0.95286846,0.9411209,0.9500586,0.95210797,0.9382979,0.94812727,0.9532384,0.94315356,0.9518408,0.9626984,0.94963515,0.9521795,0.954906,0.95393103,0.9143558,0.95129335,0.9335027,0.9436399,0.9472315,0.9556305,0.9485963,0.9495291,0.9453489,0.94248134,0.9412987,0.950092,0.95263064,0.9447882,0.94566643,0.9463819,0.937919,0.96159124,0.9352923,0.95451605,0.97019625,0.94781905,0.9361465,0.9444866,0.95463675,0.9572922,0.94136274,0.9516363,0.96055204,0.97039926,0.95429516,0.93675166,0.9428928,0.9469635,0.9392223,0.93515664,0.9513844,0.95058334,0.9477265,0.9562029,0.949063,0.9547969,0.9349032,0.9471777,0.9487472,0.94529176,0.95295537,0.9524335,0.9389739,0.97039926,0.95413756,0.9606533,0.9593367,0.9490665
avengers,0.97447836,0.9480734,0.9611141,0.9513887,0.94571775,0.9494127,0.9543941,0.94700027,0.97602844,0.9422877,0.94877917,0.94820964,0.9519658,0.9613875,0.94708073,0.95788133,0.9595957,0.94566804,0.9999994,0.94483185,0.9515948,0.9617516,0.9548171,0.9559917,0.9524332,0.9144733,0.95371825,0.95427376,0.9553756,0.955418,0.9737354,0.9557037,0.94679654,0.95788425,0.94963765,0.93628585,0.95717597,0.94440645,0.95265096,0.9535653,0.9572117,0.95529217,0.93801063,0.94785607,0.9503285,0.96011144,0.9558118,0.9535937,0.9503022,0.9479585,0.9594837,0.9584627,0.9495551,0.95004153,0.95735174,0.94924355,0.9478496,0.9519594,0.9598049,0.95837426,0.9478067,0.94925946,0.9478812,0.9557432,0.9536444,0.95066184,0.9492666,0.9555858,0.94902873,0.94134545,0.96478206,0.8562101,0.9516352,0.95278627,0.9463831,0.9628713,0.9387026,0.95656294,0.95951015,0.952989,0.95586085,0.9492333,0.96152174,0.9553905,0.9540582,0.9529395,0.9478384,0.95396715,0.95731694,0.9507307,0.95155025,0.96478206,0.9504518,0.95628196,0.9528506,0.95597464,0.9496211,0.95254034,0.94498265,0.9563582,0.959287,0.9459655,0.9434757,0.9605565,0.96179277,0.957484,0.9529219,0.95533943,0.9553627,0.96240824,0.96305794,0.92393756,0.9549093,0.93392694,0.95702183,0.9573955,0.96268994,0.9550387,0.95690703,0.95095974,0.95540696,0.9504385,0.9566681,0.9569361,0.95973706,0.9513561,0.95635873,0.96160746,0.9469179,0.9450237,0.9548225,0.94596165,0.95391226,0.9503326,0.9526773,0.9553282,0.9519641,0.95281136,0.9554655,0.95294154,0.97602844,0.95758367,0.9511225,0.95145714,0.9509576,0.9485076,0.9486459,0.9513199,0.9577566,0.95472944,0.9422547,0.953647,0.96499395,0.944851,0.9563243,0.96028316,0.9471283,0.9561277,0.9528227,0.9470911,0.97602844,0.9486037,0.9651663,0.9614978,0.95431644
beachbummovie,0.9423296,0.9480564,0.9517205,0.9477423,0.9496542,0.94712126,0.94568205,0.9505935,0.96646565,0.94213504,0.9414581,0.947511,0.9550456,0.9430341,0.96438086,0.9580673,0.9483486,0.94900835,0.94483185,1.0,0.9434186,0.95588183,0.94072443,0.95830554,0.953343,0.9101959,0.9433258,0.93933564,0.94752866,0.95028263,0.9350686,0.95123875,0.94547087,0.938933,0.94949085,0.93452626,0.9584856,0.9410039,0.9402664,0.93383527,0.93712735,0.9439522,0.93331444,0.9420558,0.94475716,0.95412576,0.93917173,0.94159174,0.94331926,0.94209915,0.9544273,0.95047987,0.93702996,0.93514186,0.9424514,0.94817674,0.9423422,0.9438533,0.94741267,0.9563075,0.93035626,0.9516689,0.94453603,0.9555189,0.94474417,0.93276423,0.9491459,0.9456368,0.93764603,0.9485136,0.95823765,0.84894603,0.94182384,0.94526315,0.9377354,0.9457965,0.9227609,0.9395918,0.94918376,0.94509643,0.9442062,0.9365436,0.9555168,0.94290787,0.95907223,0.9392177,0.9473837,0.94530815,0.94386363,0.9593813,0.945448,0.95823765,0.9468618,0.94981563,0.95165837,0.95430523,0.94276655,0.96266985,0.94345164,0.9321074,0.9554366,0.9498068,0.94906896,0.9542979,0.9411007,0.9506642,0.9564706,0.95383143,0.9569711,0.9469293,0.9499505,0.92051315,0.95480555,0.93435615,0.9494096,0.94189,0.9510236,0.94651616,0.9567349,0.94179106,0.9463858,0.94733137,0.94212383,0.94925666,0.943973,0.9411599,0.94156456,0.94414693,0.9472984,0.9279482,0.9475271,0.9523451,0.94525576,0.93607616,0.95002884,0.95180655,0.95281357,0.9407018,0.95790774,0.95776653,0.96646565,0.952549,0.94669276,0.939607,0.9366097,0.9338453,0.9324511,0.94858223,0.9490786,0.9524485,0.9416918,0.95076996,0.94848675,0.9270186,0.94460714,0.94347596,0.945808,0.9466059,0.9499073,0.94637686,0.96646565,0.9403071,0.9579693,0.9431575,0.95015466
bernadettefilm,0.94933426,0.9541605,0.9599199,0.9502604,0.9492967,0.94948035,0.95478046,0.95434946,0.9716125,0.9402537,0.94332266,0.94558305,0.9541009,0.9573431,0.95911527,0.94868684,0.9535113,0.95370835,0.9515948,0.9434186,0.9999998,0.95325816,0.9577603,0.9508361,0.96000236,0.90722173,0.948956,0.9446582,0.95580244,0.94654113,0.9403358,0.94846815,0.9482871,0.9414806,0.9540639,0.9451404,0.96039414,0.9504388,0.9438784,0.9501081,0.95029503,0.9518923,0.93950975,0.9516984,0.9541147,0.95612323,0.95703363,0.944497,0.94221395,0.9503354,0.9534897,0.9584886,0.95208335,0.939546,0.95354825,0.94913834,0.94513,0.9511902,0.9522296,0.9518899,0.94367456,0.9540312,0.95673823,0.9525449,0.94643706,0.9501386,0.9379356,0.94958264,0.9448088,0.93821406,0.95961195,0.84356576,0.94623,0.95874053,0.9467225,0.95011073,0.91894114,0.94144374,0.95267695,0.9471807,0.94106793,0.95311505,0.95895827,0.94941735,0.9524459,0.9373353,0.9593851,0.94836277,0.95510477,0.9521136,0.9445344,0.95961195,0.95494413,0.9432812,0.9491827,0.9530669,0.9528419,0.94822276,0.94066477,0.9575334,0.956807,0.9515912,0.95200217,0.9593034,0.95199174,0.95103645,0.95759237,0.94486797,0.9557192,0.9597958,0.95734614,0.9118349,0.95374495,0.9289084,0.95911205,0.94009906,0.95394236,0.9496383,0.94754034,0.94473994,0.94904566,0.9526298,0.95094186,0.94852173,0.9556516,0.9442511,0.9423767,0.93726873,0.94519573,0.9328447,0.9741684,0.95369023,0.9535423,0.94083875,0.9534263,0.94378287,0.9496375,0.9463994,0.95347774,0.9457103,0.9716125,0.9557371,0.9431546,0.94504154,0.9460435,0.94364697,0.94140536,0.95616347,0.9529135,0.9439001,0.95316213,0.9536603,0.95357364,0.9337719,0.94882536,0.9574831,0.9518353,0.9533731,0.9492158,0.9390881,0.9716125,0.94725895,0.96136755,0.95352554,0.94633543
