movie,21bridgesmovie,47metersdown,abeautifuldaymovie,abominablemovie,adastramovie,adogsjourneymovie,aftermathmovie,aftermovie,ahiddenlifefilm,alitamovie,angelhasfallen,angrybirdsmovie,annabellemovie,annamovie,apollo11movie,arcticdogsmovie,arcticmovie,artofracingmovie,avengers,beachbummovie,bernadettefilm,blackandbluemovie,blackchristmas,blindedbythelightmovie,bombshellmovie,booksmart,breakthroughmovie,brianbanksmovie,brightburnmovie,brittanyrunsmov,captainmarvelofficial,captivestatemovie,catsmovie,charliesangels,childsplaymovie,clarathefilm,coldpursuitmovie,countdown,currentwarmovie,darkwatersmovie,detectivepikachumovie,disneyaladdin,disneyfrozen,disneymaleficent,doctorsleepmovie,dolemiteismyname,dontletgomovie,doramovie,downtonabbey_official,dumbo,escaperoom,everybodyknowsmovie,fastandfuriousmovie,fightingwmyfam,fivefeetapartfilm,fordvferrari,freaksthefilm,geminimanmovie,glassmovie,gloriabellmovie,godzillamovie,goldfinchmovie,goodboysmovie,goodliarmovie,gretafilm,halathemovie,happydeathdaymovie,harrietfilm,hellboymovie,hersmellmovie,highlifemovie,highstrungmovie,honeyboymovie,hotelmumbaifilm,httydragon,hustlemovie,hustlersmovie,isntitromantic,itmovieofficial,jayandsilentbob,johnwickmovie,jojorabbitmovie,jokermovie,judythefilm,jumanjimovie,justmercyfilm,knivesout,lalloronamovie,lastblackmansf,lastchristmasthemovie,latenightmovie,lighthousemovie,lionking,littlethemovie,littlewomenmovie,littlewoodsfilm,longshotmovie,lordsofchaosmovie,lucyintheskyfilm,mamovie2019,marriagestory,meettheaddams,meninblack,midsommarmovie,midwaymovie,missbalamovie,missinglinkfilm,motherlessbklyn,onceinhollywood,onthebasisofsex,overcomermovie,peanutbutterfalcon,petsematarymovie,piercingmovie,playingwithfire,playmobilthemovie,pomsmovie,queenandslim,rambomovie,readyornotfilm,richardjewellfilm,rocketmanmovie,scarystoriesmovie,secretlifeofpets,serenityfilm,shaftmovie,shazammovie,spidermanmovie,spiesindisguise,starwars,stormboymovie,stubermovie,taosdfilm,teenspiritmov,terminator,theaeronautsmov,thebestofenemies,thedeaddontdie,thefarewell,thehighwaymen,thehummingbirdprojectfilm,theintrudermovie,theirishmanfilm,thekitchenmovie,thelegomovie,themustangfilm,thenightingalefilm,theprodigymovie,thesunisalsoastar,theupsidefilm,tolkienmovie,toystory,triplefrontier,uglydolls,uncutgems,underthesilverlake,usmovie,wavesmovie,whatmenwant,wonderparkmovie,wrinklestheclown,xmenmovies,yardiefilm,yesterdaymovie,zombieland
21bridgesmovie,1.0000002,0.9553096,0.967378,0.9613633,0.97439206,0.9582379,0.9735341,0.970133,0.98586833,0.9612596,0.96949464,0.95538163,0.9645971,0.96459496,0.96987236,0.97109777,0.97200066,0.9653372,0.97648734,0.95725703,0.9621577,0.9626911,0.9714636,0.96421266,0.95704323,0.91407555,0.958883,0.9658224,0.9633989,0.96036184,0.96571696,0.96849215,0.96288884,0.95813626,0.9532257,0.9393801,0.9643805,0.97002566,0.97036487,0.9724175,0.974701,0.9675751,0.96455485,0.97354245,0.9667779,0.96886414,0.9683473,0.96686333,0.96528566,0.9736697,0.962828,0.9744964,0.9650588,0.96506184,0.9608771,0.9664337,0.9628708,0.96584713,0.9747908,0.9718662,0.9744364,0.9662122,0.9634126,0.97119755,0.96680075,0.9643443,0.96143377,0.96419305,0.95988655,0.95704955,0.973741,0.8493214,0.94563186,0.96711844,0.96726924,0.9639197,0.9290717,0.96633273,0.9695804,0.96836597,0.95933837,0.96613204,0.9755223,0.9595529,0.96375287,0.9634564,0.9584203,0.9650508,0.9660175,0.9705402,0.9635249,0.973741,0.9648184,0.96496695,0.96534926,0.96511334,0.95699805,0.9589668,0.9682232,0.9678364,0.9645223,0.9673561,0.9664212,0.9708189,0.9550627,0.9656096,0.9697408,0.97200507,0.9532749,0.9651853,0.97363627,0.8677345,0.9697585,0.9493394,0.97491753,0.97805846,0.99120426,0.96324617,0.9655619,0.968805,0.97013766,0.9666267,0.9706582,0.9534254,0.9718414,0.9704293,0.965998,0.9606335,0.96654975,0.9530474,0.9702516,0.95788765,0.9647281,0.9492023,0.9694837,0.9616967,0.97550654,0.9646525,0.97156614,0.9634333,0.98586833,0.96877444,0.9668145,0.9687091,0.96728814,0.97002053,0.9630677,0.9515967,0.9696035,0.96983695,0.9659609,0.97256887,0.97386366,0.97038305,0.9689166,0.9646487,0.96682113,0.9668346,0.9634917,0.96773255,0.98586833,0.9686075,0.9715711,0.9661549,0.96212196
47metersdown,0.9553096,1.0000004,0.960456,0.94469565,0.9537521,0.9451458,0.96256506,0.95699465,0.96794486,0.94264907,0.94446,0.9372274,0.93601954,0.9534963,0.94465387,0.9641608,0.9475445,0.9480893,0.95388496,0.9334079,0.95424277,0.94582134,0.95674074,0.9537885,0.9401905,0.87851316,0.95329845,0.9518362,0.9492167,0.95042956,0.9428751,0.9484349,0.94938266,0.9477279,0.9351599,0.9098489,0.9522003,0.9393178,0.9502596,0.9470445,0.9421049,0.95322204,0.9438722,0.9531958,0.94896054,0.95257324,0.95593,0.9546144,0.94395685,0.957028,0.9531314,0.95793426,0.9446479,0.94102114,0.95204943,0.9498205,0.9504514,0.9539521,0.947857,0.9471556,0.9443169,0.9567638,0.9519749,0.94873106,0.94937044,0.94227993,0.94783384,0.9435378,0.9462809,0.93140167,0.954426,0.81227887,0.9359946,0.94877505,0.9484135,0.9440799,0.89530176,0.9450642,0.94373786,0.9526015,0.94004154,0.94137895,0.9493726,0.94235206,0.9458046,0.95421076,0.9369767,0.94562054,0.9522435,0.95585006,0.94108653,0.954426,0.9506061,0.94435096,0.9506985,0.93854463,0.94406044,0.9463337,0.9577094,0.95401835,0.9518241,0.94519645,0.9545046,0.95365447,0.9463535,0.95195425,0.9538789,0.950646,0.9251614,0.94183207,0.95744294,0.84007233,0.94773895,0.92057943,0.9608101,0.9442634,0.9504122,0.93899137,0.9456839,0.958597,0.9441643,0.94500744,0.9542489,0.94524753,0.94872904,0.94220686,0.9470737,0.9425759,0.9573631,0.9164665,0.9510456,0.94827205,0.9474273,0.9320839,0.9534631,0.951571,0.94394875,0.9548032,0.95061594,0.9411627,0.96794486,0.9518461,0.94352883,0.94759995,0.94826025,0.9554982,0.94501257,0.9259425,0.937767,0.94582313,0.9567679,0.9577953,0.9474513,0.9379827,0.9466725,0.9431337,0.95322216,0.9457228,0.9527339,0.94133025,0.96794486,0.9525997,0.95378715,0.9567538,0.94451773
abeautifuldaymovie,0.967378,0.960456,0.99999976,0.9620161,0.9696421,0.95879924,0.9731123,0.96708685,0.98261285,0.95751,0.9607265,0.95388,0.958491,0.97214067,0.96714836,0.97495013,0.9583027,0.9706018,0.9666135,0.95637006,0.9591698,0.9753668,0.97166145,0.96650326,0.95361036,0.9061523,0.96328425,0.96546376,0.97343194,0.9705393,0.95894593,0.9612158,0.96234196,0.9631534,0.9536978,0.94281924,0.96024746,0.9598644,0.9683476,0.96173173,0.96468174,0.96523356,0.95287234,0.9646913,0.96406287,0.9691298,0.9703601,0.9693526,0.96345025,0.967158,0.9753174,0.97542226,0.96717566,0.961734,0.9564871,0.9640974,0.97264844,0.9727411,0.96475655,0.9679093,0.96468806,0.95982194,0.96310395,0.9692644,0.96715707,0.96154493,0.95377463,0.9620836,0.9687272,0.95323,0.97071964,0.84046024,0.94893974,0.9651502,0.9677126,0.95734805,0.9239006,0.95707387,0.9643722,0.96516204,0.95659924,0.95920813,0.96697414,0.96113,0.9685689,0.9664577,0.9536489,0.9659224,0.96748334,0.96779287,0.96194744,0.97071964,0.9637557,0.9625458,0.9630789,0.964629,0.958975,0.96196777,0.96650654,0.96520185,0.9626948,0.9589773,0.97387785,0.9666544,0.96334827,0.97678393,0.975828,0.9679007,0.9559769,0.9580854,0.9671871,0.87917125,0.9691997,0.93721324,0.96891886,0.95744383,0.96502936,0.95931315,0.9572749,0.96078366,0.961808,0.96342564,0.965152,0.9522927,0.96347386,0.96514136,0.96152323,0.9650125,0.9696456,0.93814546,0.96000636,0.9582438,0.97055334,0.9515463,0.97191995,0.96957606,0.95858836,0.97099006,0.9676894,0.9696038,0.98261285,0.9724608,0.96103764,0.9652105,0.9555371,0.97322327,0.9647978,0.94892544,0.95776314,0.95479876,0.9654557,0.9733785,0.9631232,0.9525101,0.9611885,0.9657014,0.96673006,0.96289563,0.9627804,0.9621507,0.98261285,0.96663773,0.96780705,0.96522444,0.97356695
abominablemovie,0.9613633,0.94469565,0.9620161,1.0000001,0.9639646,0.94966346,0.96248114,0.9549104,0.9728633,0.9572565,0.94729394,0.94680154,0.96306366,0.96571755,0.95651937,0.9607271,0.94842607,0.95013475,0.9594094,0.9480745,0.95812714,0.9564452,0.96107495,0.95585537,0.94178855,0.9043861,0.95011365,0.95541,0.95828146,0.94980884,0.95625067,0.94886374,0.95330125,0.94619316,0.96036035,0.9337666,0.9549037,0.9610542,0.96110445,0.9515255,0.9562505,0.9551131,0.9566442,0.95661736,0.95485,0.95672065,0.9618502,0.95469624,0.95014846,0.9599317,0.95369256,0.9614613,0.95801365,0.95229894,0.95017755,0.94920576,0.95904624,0.9530625,0.96636456,0.9549451,0.95677215,0.9591072,0.9477916,0.9590633,0.95518404,0.9526769,0.9538295,0.95412385,0.95089006,0.94762385,0.95306253,0.8298998,0.9357939,0.95527345,0.95974606,0.943053,0.9180998,0.9576151,0.96206045,0.9533783,0.94033563,0.96629924,0.96368325,0.95196843,0.9595714,0.951889,0.9563043,0.96206635,0.94423425,0.9472212,0.9523946,0.95306253,0.9561104,0.9562454,0.9518247,0.9568291,0.94439805,0.95515025,0.9516399,0.9618284,0.9470193,0.95879585,0.95470536,0.9510716,0.9517432,0.953771,0.95818794,0.95456666,0.93842757,0.9458556,0.9583622,0.879486,0.95391107,0.9305675,0.96438193,0.95543,0.9625018,0.9490146,0.9488802,0.95711386,0.95832515,0.95606935,0.9512113,0.94490886,0.9486159,0.95897865,0.95678365,0.94679487,0.9540226,0.93493474,0.95475745,0.94804037,0.9525056,0.94774514,0.96176934,0.94466954,0.9532391,0.9567899,0.94843835,0.9477613,0.9728633,0.9521376,0.9460292,0.9505576,0.9517198,0.95527744,0.94746864,0.9561464,0.95265484,0.95625335,0.9618551,0.96153057,0.94644624,0.9456239,0.94720876,0.9471602,0.954768,0.9512417,0.95381135,0.9487085,0.9728633,0.95624787,0.96179074,0.95432985,0.9503363
adastramovie,0.97439206,0.9537521,0.9696421,0.9639646,0.99999946,0.95915645,0.9681273,0.9673651,0.9817039,0.9671653,0.9604476,0.94155693,0.9560068,0.96306765,0.96687126,0.9706887,0.9586368,0.9776116,0.96724826,0.96210295,0.96050185,0.96783304,0.9750289,0.9632466,0.9512016,0.898209,0.9673282,0.96496403,0.96558267,0.96065193,0.9629332,0.95302564,0.9663906,0.95495427,0.95355487,0.93386626,0.9630748,0.95878756,0.97069776,0.9632937,0.96771,0.965214,0.9640342,0.96825707,0.96318513,0.96223646,0.9702008,0.96597695,0.9579103,0.9709739,0.9623689,0.96653175,0.96915334,0.963613,0.9595259,0.97651523,0.9650975,0.9636447,0.969624,0.964948,0.96666294,0.9614707,0.95949847,0.9675833,0.96241903,0.9563145,0.9596601,0.95619136,0.96369123,0.9560231,0.9685966,0.8357184,0.9459783,0.964586,0.96318144,0.9581432,0.9212116,0.9636051,0.96315765,0.96837324,0.96148014,0.95965016,0.9715608,0.95514417,0.9636816,0.9647487,0.95516574,0.9674077,0.96335566,0.97228014,0.96161306,0.9685966,0.96059734,0.9691124,0.9593931,0.9601782,0.95744735,0.95942456,0.9630939,0.9652933,0.96101975,0.9680194,0.96232474,0.96577924,0.9578328,0.96541613,0.9698019,0.9656734,0.9476777,0.95205957,0.96460444,0.87830585,0.9653433,0.93673104,0.96486646,0.971215,0.9718025,0.9609908,0.964378,0.9635447,0.96653694,0.9589198,0.96537155,0.9559505,0.9667051,0.96914136,0.96220094,0.95871013,0.97522247,0.94669914,0.96275026,0.9718908,0.96017796,0.9498069,0.9665828,0.96184283,0.9616525,0.96328926,0.9655769,0.96156305,0.9817039,0.96285355,0.9577915,0.96137637,0.9602522,0.9574434,0.9572241,0.94984514,0.9629589,0.96034247,0.96557075,0.97035587,0.9580154,0.9540923,0.96015525,0.9635956,0.97005373,0.960422,0.9614975,0.9603677,0.9817039,0.9746518,0.9697811,0.96791226,0.9618235
adogsjourneymovie,0.9582379,0.9451458,0.95879924,0.94966346,0.95915645,1.0000005,0.965573,0.96655256,0.97831047,0.95764786,0.9557062,0.95418286,0.9511096,0.965467,0.9563319,0.96429545,0.95407575,0.95015395,0.95191264,0.952554,0.94857657,0.9539274,0.96460164,0.9511316,0.9436847,0.88176596,0.94874173,0.9601287,0.95707655,0.95714307,0.9494035,0.94526416,0.9528806,0.9596101,0.9478389,0.933514,0.95586824,0.9523527,0.96136415,0.9561756,0.9579328,0.9611396,0.9643922,0.9534676,0.9631188,0.9582283,0.96055675,0.9603954,0.9575263,0.9556022,0.95500815,0.9560009,0.96586627,0.9503405,0.94841397,0.94893616,0.9580765,0.96701306,0.9625299,0.95645607,0.95296395,0.9564274,0.95834845,0.9560862,0.9518212,0.9589988,0.95679283,0.9466587,0.9582123,0.95543754,0.9608677,0.853773,0.94584656,0.9595493,0.96724296,0.94888294,0.91284037,0.9604615,0.9633987,0.9631407,0.9426799,0.957058,0.96255916,0.9581201,0.9597866,0.950544,0.9489742,0.9610344,0.96135527,0.96146286,0.96212363,0.9608677,0.9511392,0.9546045,0.9569071,0.9544315,0.9535643,0.9612674,0.96404105,0.96761566,0.95545673,0.9546061,0.9592699,0.96108365,0.951789,0.95838493,0.9685472,0.9597012,0.93995035,0.94572204,0.962695,0.84747916,0.96272874,0.942432,0.9603755,0.9541011,0.9585056,0.96242857,0.94696754,0.95909125,0.95841974,0.9536632,0.96260476,0.9789713,0.95697516,0.9584977,0.96314776,0.9505204,0.9613496,0.94346994,0.95749366,0.9543013,0.9591557,0.9308124,0.9661761,0.9609855,0.9522319,0.9581948,0.96137476,0.9556653,0.97831047,0.95626867,0.95089495,0.9613438,0.95388585,0.9572455,0.9579638,0.9422154,0.9476939,0.954078,0.9604655,0.96268106,0.95502466,0.95444363,0.95745796,0.95420617,0.97052443,0.95667547,0.9570911,0.9538489,0.97831047,0.9620519,0.9598944,0.96343124,0.9521594
aftermathmovie,0.9735341,0.96256506,0.9731123,0.96248114,0.9681273,0.965573,1.0000001,0.96652406,0.9871276,0.96388656,0.9630955,0.96121854,0.96823215,0.9703541,0.96387374,0.9732635,0.964343,0.9626773,0.9678694,0.9577994,0.9615924,0.96828896,0.96814966,0.96866107,0.9574365,0.90389585,0.962701,0.97088647,0.9667883,0.9604803,0.96252483,0.9661469,0.9633761,0.96170795,0.9544534,0.9408887,0.96905726,0.9670035,0.97191143,0.9625777,0.96748734,0.96465826,0.95780385,0.9619902,0.96360135,0.9725647,0.9663661,0.96970004,0.96526766,0.96515447,0.96812457,0.9732826,0.96426266,0.9634532,0.96098685,0.9598365,0.97102827,0.9707517,0.97159904,0.97160727,0.9621547,0.9635698,0.9664405,0.96936196,0.96500933,0.96507955,0.96462214,0.9646581,0.95976555,0.96285635,0.972522,0.84180075,0.94966,0.9711431,0.9654169,0.9556187,0.9187988,0.9658062,0.9715388,0.9716709,0.9556346,0.97566265,0.97432137,0.95844764,0.97103035,0.96478164,0.9618136,0.9706194,0.9684347,0.97026247,0.96649116,0.972522,0.964274,0.96158284,0.97132653,0.9609145,0.95588404,0.9654956,0.9839545,0.9694663,0.97266644,0.96779996,0.9688598,0.9685155,0.96383154,0.97152704,0.97367287,0.9724908,0.9549319,0.96457547,0.97112477,0.87465715,0.9657777,0.94477487,0.9681135,0.9637385,0.973933,0.9586186,0.9613018,0.9873545,0.9663358,0.96673524,0.9690887,0.9578384,0.96211994,0.9709723,0.96878535,0.9642172,0.9693475,0.94553417,0.96955234,0.96254414,0.9640074,0.94765186,0.971088,0.9588936,0.97243226,0.96734184,0.9699457,0.9670531,0.9871276,0.96903366,0.97004217,0.9711774,0.96099746,0.973306,0.9681803,0.9566308,0.9607404,0.9649686,0.9857693,0.96732306,0.9635703,0.9614427,0.965676,0.96696365,0.9678661,0.9655095,0.9705971,0.9594192,0.9871276,0.9694479,0.9721284,0.9656817,0.96234995
aftermovie,0.970133,0.95699465,0.96708685,0.9549104,0.9673651,0.96655256,0.96652406,1.0000004,0.9786394,0.9577729,0.95538783,0.9486779,0.94936085,0.961158,0.95929116,0.96700865,0.9648731,0.96073896,0.96208185,0.9481428,0.9520085,0.96125734,0.96795297,0.96207744,0.95073104,0.8968035,0.9568463,0.9622374,0.9587231,0.9589293,0.95481807,0.95362806,0.9486799,0.95847106,0.9494866,0.9354446,0.9560723,0.9529137,0.9657994,0.95685023,0.956778,0.96131015,0.9567543,0.9621312,0.9553982,0.96079403,0.9642558,0.96114343,0.9511383,0.9680639,0.9613082,0.9629453,0.9624853,0.95684975,0.96080345,0.9605584,0.96055603,0.95860404,0.9625403,0.9632172,0.95980823,0.96119267,0.9501277,0.9550873,0.9587915,0.95272815,0.9552551,0.95504063,0.96263987,0.9513352,0.96844953,0.85151935,0.9415069,0.96125865,0.96097124,0.9551124,0.9129806,0.95900047,0.96067524,0.958425,0.9483153,0.9561886,0.9592078,0.9543041,0.9599617,0.9537614,0.95131934,0.96030277,0.9620042,0.962576,0.96330434,0.96844953,0.9615271,0.9507048,0.95250237,0.9505453,0.95147234,0.95865405,0.9611375,0.9638212,0.959962,0.9551096,0.9581262,0.9625309,0.95830023,0.96372074,0.9648211,0.9605672,0.9414449,0.95448035,0.96521413,0.85669225,0.9629382,0.9491425,0.9671711,0.961194,0.9641226,0.9579899,0.9499111,0.961127,0.9541435,0.95749676,0.96207994,0.95538324,0.95896155,0.9654924,0.9610944,0.9572598,0.9619171,0.9388971,0.9552521,0.9531696,0.9616033,0.9384166,0.9626538,0.96304274,0.9596551,0.9617836,0.9675356,0.9595465,0.9786394,0.95921564,0.95692116,0.95748484,0.95079446,0.9596376,0.9677561,0.9415925,0.9515123,0.9567412,0.9586776,0.9669297,0.95921874,0.9541676,0.96420306,0.95763963,0.96781707,0.9585112,0.9657818,0.9527766,0.9786394,0.9616914,0.965183,0.958554,0.9580651
ahiddenlifefilm,0.98586833,0.96794486,0.98261285,0.9728633,0.9817039,0.97831047,0.9871276,0.9786394,1.0000001,0.97515434,0.9788667,0.9686536,0.9772412,0.9813917,0.9815268,0.98336506,0.977433,0.9762869,0.9765018,0.972657,0.9732788,0.9780636,0.9840995,0.9765753,0.9674054,0.91464883,0.97280604,0.9787884,0.9786035,0.97604454,0.97107804,0.97408164,0.97735834,0.97291267,0.9699032,0.9539425,0.9804909,0.9769696,0.9803001,0.9783019,0.9791068,0.9796072,0.9759842,0.98085034,0.9779648,0.9807221,0.98088247,0.97921544,0.9764904,0.98245484,0.9778128,0.9834019,0.9797182,0.97676206,0.97261715,0.97487795,0.9778768,0.98048174,0.9834314,0.98156446,0.979524,0.97589076,0.97618884,0.97943354,0.97859,0.9775283,0.97477263,0.97456986,0.97702545,0.973993,0.984497,0.8605437,0.96201867,0.98058385,0.98316175,0.9736174,0.93794924,0.9807703,0.9826116,0.98046577,0.9716724,0.97932404,0.9849979,0.97529936,0.97964305,0.9770036,0.9726978,0.9824005,0.98055756,0.98330516,0.9787077,0.984497,0.97574955,0.9769165,0.9785728,0.977943,0.9731368,0.97990227,0.98118615,0.98284787,0.97965425,0.97600925,0.97965103,0.98270196,0.9749814,0.98099595,0.9855563,0.98178256,0.9638088,0.9727212,0.9829312,0.8837533,0.98159367,0.96109587,0.9809651,0.9799585,0.98520875,0.9761295,0.9762935,0.980927,0.9787416,0.9750044,0.9819697,0.9701866,0.9798148,0.98085994,0.98116636,0.97227365,0.9772882,0.96014845,0.98142153,0.97212803,0.97833955,0.96044344,0.9832959,0.9757432,0.9807704,0.97643065,0.98206514,0.9772516,1.0000001,0.979501,0.9760709,0.9811162,0.97737926,0.97988904,0.9781263,0.9673352,0.9762518,0.97476196,0.98003036,0.98130584,0.9765362,0.9743811,0.9784262,0.97919106,0.9810876,0.97874767,0.9774755,0.97562546,1.0000001,0.97964764,0.98471844,0.98084533,0.97430956
alitamovie,0.9612596,0.94264907,0.95751,0.9572565,0.9671653,0.95764786,0.96388656,0.9577729,0.97515434,0.99999964,0.95600545,0.9404318,0.9551408,0.956939,0.96843845,0.96080965,0.9618536,0.9576241,0.9548345,0.9518049,0.9508395,0.9524417,0.96427095,0.9568258,0.9442139,0.8794202,0.9598839,0.96568644,0.9581626,0.94597924,0.96218616,0.9394947,0.9622708,0.9525881,0.94555014,0.92547715,0.95803416,0.95898336,0.963967,0.9469089,0.95874363,0.959036,0.955019,0.9609791,0.9525939,0.9531606,0.9597537,0.95302516,0.95421743,0.9639862,0.9542954,0.95946604,0.96566266,0.9548998,0.9451984,0.95927477,0.9563597,0.96141434,0.96680355,0.958451,0.9524555,0.95416576,0.9463694,0.956395,0.9512699,0.95957106,0.95355564,0.9533295,0.95727193,0.9443589,0.962485,0.8393434,0.9325802,0.96209604,0.9576954,0.9444222,0.9201011,0.9575693,0.9588215,0.95936775,0.95457166,0.955325,0.96161944,0.9531502,0.9603022,0.95947504,0.94840735,0.96378326,0.9585225,0.95982987,0.9546625,0.962485,0.9541122,0.9598094,0.9555971,0.9669026,0.9454966,0.96438396,0.9551761,0.96007025,0.95109504,0.956431,0.95471495,0.95752853,0.9630906,0.956434,0.96165323,0.9573898,0.9416373,0.95274305,0.9611694,0.8515274,0.9607704,0.9244894,0.96453154,0.96235144,0.9655241,0.9492164,0.9442012,0.95214856,0.9604976,0.9572516,0.9569103,0.953541,0.95716,0.9593548,0.95997846,0.94763505,0.9605915,0.9387901,0.96077085,0.9505176,0.9625657,0.94379395,0.96962017,0.94662917,0.9600055,0.95593035,0.95829624,0.9487493,0.97515434,0.9503549,0.9488884,0.9559236,0.9532974,0.95654935,0.95155305,0.94399196,0.9486462,0.95929253,0.9586188,0.96103954,0.9456486,0.9596169,0.95737165,0.95583063,0.9607247,0.95590544,0.9648354,0.9530859,0.97515434,0.96057075,0.9651221,0.9634892,0.9535385
angelhasfallen,0.96949464,0.94446,0.9607265,0.94729394,0.9604476,0.9557062,0.9630955,0.95538783,0.9788667,0.95600545,0.99999976,0.944848,0.96201605,0.95705277,0.9595733,0.96357477,0.9599542,0.95645934,0.95793015,0.9588502,0.95463073,0.9639068,0.96270674,0.9560854,0.95132196,0.88468945,0.9509319,0.9560726,0.96184707,0.9550339,0.952915,0.95579875,0.9537333,0.9581476,0.9513732,0.9346614,0.9567599,0.9598522,0.9544622,0.9590813,0.9614486,0.96025336,0.9569131,0.96013474,0.9701856,0.95774025,0.96169525,0.95591545,0.9585391,0.9605481,0.96329826,0.9678696,0.9632918,0.9554572,0.9527825,0.95471275,0.95830643,0.97050256,0.9710762,0.96524656,0.9655795,0.9561154,0.9617853,0.9594734,0.9619971,0.9652319,0.9494793,0.9614363,0.96627915,0.9653344,0.96444285,0.8463414,0.9429738,0.9574142,0.9699516,0.948835,0.912155,0.96178246,0.96616334,0.96009463,0.97020805,0.95394194,0.96883076,0.9593058,0.9589551,0.96091497,0.9546998,0.9641896,0.9591823,0.9704562,0.9597667,0.96444285,0.9554705,0.95485264,0.96134406,0.9700706,0.9683809,0.9628395,0.96061397,0.95973665,0.95510375,0.96418315,0.95973086,0.96479136,0.95929885,0.9628794,0.9637293,0.9594318,0.9417105,0.9508133,0.96396255,0.8743984,0.9696438,0.943444,0.9631894,0.9733853,0.96776074,0.9538278,0.95829046,0.9583502,0.95841765,0.9612668,0.9659063,0.94660604,0.96444476,0.96988696,0.9569226,0.96029764,0.9575817,0.94347113,0.95759076,0.9469778,0.9648417,0.940509,0.970684,0.95870227,0.9676513,0.9560596,0.96313757,0.9571449,0.9788667,0.9675719,0.9480507,0.96382564,0.96228105,0.96304524,0.95726484,0.94602823,0.9583503,0.9542236,0.9533402,0.9564568,0.96519685,0.96561635,0.9608317,0.9604025,0.95674735,0.9596805,0.9520019,0.95746607,0.9788667,0.9618862,0.9655094,0.9630427,0.9621685
angrybirdsmovie,0.95538163,0.9372274,0.95388,0.94680154,0.94155693,0.95418286,0.96121854,0.9486779,0.9686536,0.9404318,0.944848,1.0000001,0.9482335,0.9535754,0.9451786,0.95377964,0.9483879,0.9371565,0.94309974,0.93724,0.9369988,0.948245,0.9504285,0.95490605,0.9360928,0.8778161,0.9335088,0.9502376,0.9521909,0.94775105,0.9464742,0.94919735,0.9513031,0.94962007,0.9385257,0.9267082,0.95051485,0.9506399,0.94963956,0.94855815,0.9475145,0.9451867,0.9428585,0.94471645,0.95112723,0.94821244,0.9467909,0.9524085,0.94073343,0.9454755,0.9580598,0.95312566,0.9437916,0.94714403,0.94347167,0.9315348,0.9475321,0.9487953,0.95289475,0.9587294,0.9430483,0.94354343,0.94794333,0.95094246,0.9469453,0.95084506,0.93846536,0.9411295,0.9452502,0.94254833,0.9556952,0.82561576,0.92982566,0.9512746,0.9528658,0.9406271,0.9116509,0.9480603,0.9546996,0.94859976,0.9352366,0.9511413,0.95184433,0.9400307,0.9568727,0.9393883,0.942033,0.9457966,0.9460889,0.94850934,0.94944304,0.9556952,0.93411773,0.9437713,0.95609856,0.94870853,0.93954384,0.9518233,0.95482653,0.9508285,0.9454711,0.93923473,0.95317054,0.9531441,0.94056225,0.9601327,0.9628086,0.944424,0.93893284,0.9552845,0.9431064,0.8496244,0.9489514,0.9375777,0.9507979,0.95045036,0.9633971,0.9416776,0.9503278,0.95592636,0.9407154,0.941229,0.9597223,0.94450676,0.94760543,0.9473417,0.9454217,0.9525467,0.93705606,0.9270429,0.95413774,0.93347085,0.9585907,0.93016124,0.9580987,0.942544,0.95009744,0.9416781,0.955587,0.9463928,0.9686536,0.9590842,0.94737667,0.9495053,0.9418684,0.9509601,0.9473418,0.94156486,0.9397912,0.9395994,0.951441,0.94230485,0.9514991,0.9479399,0.9546332,0.9448695,0.9485708,0.9550161,0.9440249,0.95445323,0.9686536,0.95283705,0.95261556,0.94955236,0.94997966
annabellemovie,0.9645971,0.93601954,0.958491,0.96306366,0.9560068,0.9511096,0.96823215,0.94936085,0.9772412,0.9551408,0.96201605,0.9482335,0.9999995,0.961994,0.9577876,0.96019197,0.9532708,0.95706576,0.96090615,0.9554617,0.9501457,0.95637023,0.962305,0.95485854,0.9470253,0.9020718,0.94851094,0.96080035,0.95981103,0.9502376,0.9568673,0.959875,0.9526375,0.9531346,0.96244806,0.941756,0.95757896,0.9702815,0.9568585,0.95668936,0.9672289,0.95938534,0.95137346,0.95937777,0.9537575,0.96095437,0.9598975,0.95514995,0.9531122,0.9592686,0.9522659,0.95864266,0.9584341,0.95043564,0.95608133,0.94820285,0.95302695,0.9613108,0.9647602,0.9676922,0.9666329,0.9556536,0.9484191,0.9638336,0.9636806,0.95980245,0.9569566,0.95465255,0.9540986,0.95859975,0.96750796,0.8516428,0.9335298,0.9599061,0.9589738,0.95110416,0.9297967,0.9637754,0.96875083,0.9569839,0.94432425,0.96610653,0.9705902,0.95537025,0.96719,0.95643836,0.96654165,0.98445916,0.9587971,0.958714,0.94959027,0.96750796,0.9539177,0.9557245,0.95820653,0.9656185,0.94155693,0.9666075,0.9587427,0.9646537,0.95431626,0.9588039,0.96219164,0.9620199,0.9573481,0.95407706,0.9603292,0.96563685,0.9380361,0.9561681,0.9600788,0.87060165,0.95760405,0.9414156,0.9577177,0.95799583,0.9660051,0.955043,0.94541025,0.95619905,0.96744597,0.9563777,0.9578685,0.9446395,0.95708513,0.9664848,0.9640642,0.9503596,0.95447063,0.94260156,0.9602658,0.94356006,0.9585578,0.947137,0.96484745,0.9459653,0.96369,0.9488652,0.9638766,0.95433354,0.9772412,0.9516922,0.95394266,0.9671265,0.9638321,0.9557916,0.96193594,0.96723884,0.9628683,0.9567396,0.9631774,0.9551604,0.9584818,0.95769155,0.9617983,0.96244234,0.952494,0.95598364,0.9567341,0.95635796,0.9772412,0.9566919,0.96228844,0.9570669,0.9495152
annamovie,0.96459496,0.9534963,0.97214067,0.96571755,0.96306765,0.965467,0.9703541,0.961158,0.9813917,0.956939,0.95705277,0.9535754,0.961994,1.0000005,0.96775305,0.97160876,0.9587335,0.95398957,0.9629583,0.9541106,0.9633369,0.9618189,0.9711564,0.9568564,0.95817196,0.89157695,0.95970297,0.96246743,0.965655,0.9642712,0.95304066,0.95464826,0.962864,0.95842075,0.95897216,0.9423379,0.9647706,0.95632386,0.9697646,0.95306844,0.96253335,0.96428716,0.95597875,0.9650597,0.9623584,0.9674193,0.971679,0.96856445,0.9653513,0.9666245,0.96295696,0.9667907,0.9654083,0.95977896,0.94930506,0.95889056,0.96335477,0.96769065,0.9661109,0.96712863,0.9599546,0.96232444,0.9577107,0.97600377,0.9599646,0.95797276,0.95977426,0.9576491,0.9587169,0.9537952,0.9706221,0.84051126,0.95391804,0.96271026,0.9704126,0.9532175,0.92556477,0.9655159,0.964004,0.9624675,0.9478712,0.9693261,0.9683193,0.95987594,0.9647141,0.957859,0.9554189,0.97034067,0.96516347,0.96115506,0.964482,0.9706221,0.9619044,0.9630461,0.96332544,0.9622384,0.95479864,0.9632613,0.9695469,0.97682184,0.9637827,0.9532704,0.9716555,0.96453196,0.9694203,0.9652468,0.9729819,0.96728,0.95203775,0.95482486,0.9697821,0.8783159,0.97186935,0.94559944,0.9703005,0.9567349,0.963576,0.96122694,0.9606357,0.9629802,0.96263516,0.9653893,0.9563703,0.9518885,0.95500356,0.96575177,0.96943295,0.9539412,0.96474755,0.9430498,0.9608277,0.9598639,0.96597254,0.9482007,0.9661549,0.9601185,0.95859975,0.95920306,0.9662613,0.9642404,0.9813917,0.9606648,0.9605931,0.963468,0.95959276,0.96778804,0.9624709,0.9537983,0.95556116,0.9558861,0.966609,0.96792,0.9581186,0.95165473,0.96232504,0.9687433,0.96617216,0.9661546,0.9656739,0.9633472,0.9813917,0.97003204,0.9628805,0.96362984,0.9600686
apollo11movie,0.96987236,0.94465387,0.96714836,0.95651937,0.96687126,0.9563319,0.96387374,0.95929116,0.9815268,0.96843845,0.9595733,0.9451786,0.9577876,0.96775305,1.0000002,0.965051,0.95916176,0.96033055,0.9604824,0.9675097,0.95617765,0.9645154,0.96139294,0.95772254,0.95572156,0.90513384,0.9613698,0.9630999,0.96770495,0.9592939,0.95812243,0.9511018,0.96230805,0.9553059,0.95828766,0.94538856,0.9618608,0.95755994,0.966411,0.9604083,0.9616135,0.9590442,0.9542632,0.9618486,0.9622178,0.9609461,0.95978427,0.9605277,0.9625537,0.96245295,0.9632985,0.9610463,0.9632773,0.96653813,0.94944435,0.96188134,0.9555577,0.9648461,0.96957755,0.96328527,0.9639528,0.9595068,0.95799774,0.9665693,0.9580176,0.9648949,0.95506346,0.95181155,0.96516895,0.9529408,0.9630703,0.8479683,0.940434,0.9652715,0.966041,0.9586145,0.9321151,0.96529144,0.9611926,0.9621794,0.9578314,0.96402127,0.96299815,0.96490794,0.9666757,0.96147203,0.955262,0.96716845,0.9603578,0.964991,0.96180844,0.9630703,0.961663,0.9644351,0.9591215,0.9730292,0.96026754,0.96316147,0.9607729,0.9605754,0.9584498,0.9597744,0.96004903,0.96656185,0.9616269,0.9654426,0.9682406,0.9669963,0.94290733,0.95147103,0.9666478,0.8740869,0.9694918,0.9425482,0.9674471,0.969694,0.97182536,0.95876837,0.9616542,0.9603198,0.95819116,0.97267866,0.95987403,0.94784534,0.96415025,0.96579176,0.9672075,0.9508533,0.9599781,0.9377158,0.96493655,0.9481647,0.9633294,0.9449762,0.9647079,0.9594753,0.9669456,0.9538867,0.96225166,0.9587131,0.9815268,0.9616496,0.9601809,0.96052635,0.95971936,0.9582978,0.96194416,0.953827,0.96109587,0.9627139,0.95934147,0.9658998,0.9574299,0.9666057,0.9582422,0.95873255,0.9573578,0.95837486,0.963011,0.9591788,0.9815268,0.96562237,0.9684716,0.9578424,0.9643879
arcticdogsmovie,0.97109777,0.9641608,0.97495013,0.9607271,0.9706887,0.96429545,0.9732635,0.96700865,0.98336506,0.96080965,0.96357477,0.95377964,0.96019197,0.97160876,0.965051,0.99999994,0.96143484,0.96508116,0.9669419,0.95710737,0.9598699,0.9662284,0.9713395,0.9626968,0.95422876,0.88746774,0.96118003,0.96935415,0.96786857,0.9656604,0.960007,0.9647591,0.9636388,0.95870876,0.943895,0.9347305,0.96212965,0.96026695,0.9725258,0.9635921,0.9667549,0.9709027,0.959339,0.9661366,0.9607345,0.9694331,0.9696916,0.9683218,0.9604154,0.9709268,0.9702183,0.9729963,0.96420246,0.96684736,0.953456,0.96367574,0.96753687,0.9726565,0.9683641,0.96500033,0.96056473,0.9663172,0.96010345,0.9707703,0.96866006,0.9642995,0.9577208,0.96084505,0.9600767,0.95412093,0.9703608,0.83852434,0.94699997,0.9687806,0.96846014,0.9593159,0.91571283,0.966492,0.9671549,0.9658535,0.95564884,0.96071994,0.9687573,0.9559159,0.9686374,0.9632213,0.94926834,0.96713793,0.9645311,0.9674148,0.9613537,0.9703608,0.95800084,0.96604323,0.96837986,0.96047944,0.9559905,0.96747965,0.9678774,0.9694038,0.9643799,0.96146864,0.9710308,0.97181714,0.9648902,0.97173554,0.9762554,0.97475183,0.9588841,0.9622028,0.96774566,0.8678725,0.9676516,0.9308662,0.9763783,0.9645744,0.9686098,0.9545002,0.95996785,0.9682624,0.9606181,0.9629005,0.9714314,0.9558474,0.9656262,0.967302,0.96820754,0.9630861,0.9741237,0.9493657,0.95786256,0.95861804,0.966102,0.95138097,0.9717025,0.9642212,0.9680574,0.96905583,0.9665621,0.96784467,0.98336506,0.9710464,0.9612078,0.96470237,0.9601283,0.96951777,0.96173275,0.9448141,0.9636631,0.9575456,0.9704078,0.96789134,0.96625084,0.95824605,0.9650999,0.9676541,0.9658811,0.9673908,0.96602464,0.9717402,0.98336506,0.96898115,0.9677326,0.96552366,0.96773154
arcticmovie,0.97200066,0.9475445,0.9583027,0.94842607,0.9586368,0.95407575,0.964343,0.9648731,0.977433,0.9618536,0.9599542,0.9483879,0.9532708,0.9587335,0.95916176,0.96143484,1.0000001,0.951428,0.96306443,0.93899465,0.95558614,0.9541213,0.96570206,0.9505122,0.9499403,0.8940722,0.9457538,0.9712583,0.95358145,0.95824,0.9585762,0.9540412,0.95781684,0.95343727,0.94172865,0.9281035,0.9667804,0.9479446,0.9583098,0.9530561,0.96032476,0.95895153,0.9493815,0.96373457,0.95612186,0.9600222,0.9630729,0.95782214,0.9558436,0.96056336,0.953367,0.964458,0.9596946,0.95470035,0.94737077,0.95715433,0.9520462,0.9599199,0.964066,0.9623932,0.9642007,0.9534906,0.95417213,0.95760167,0.9556235,0.95457536,0.953113,0.9560082,0.9571168,0.9489552,0.9665835,0.8334303,0.93476635,0.9634667,0.95946264,0.9514235,0.9082914,0.9612187,0.9622608,0.95948625,0.9563832,0.9544801,0.9620545,0.9542605,0.95591,0.9548689,0.94681233,0.95900226,0.95841134,0.9607705,0.9593014,0.9665835,0.9506174,0.9572198,0.9599283,0.95876527,0.95167994,0.95401233,0.95994717,0.96300703,0.9665838,0.95540154,0.9564697,0.95833117,0.9573541,0.9566993,0.96242917,0.96090835,0.94656706,0.95561045,0.9582174,0.8522352,0.96218693,0.93515414,0.96804863,0.9622608,0.969299,0.9544061,0.9531072,0.96047187,0.9526494,0.9599032,0.9626987,0.95326084,0.9547841,0.96636206,0.9633583,0.95092666,0.9571209,0.9437316,0.9619087,0.9431518,0.9776144,0.95022184,0.96096987,0.9552428,0.9645336,0.957634,0.96403277,0.95545447,0.977433,0.9548994,0.9601977,0.96245253,0.95541096,0.9643068,0.95691603,0.9398569,0.95634556,0.9546293,0.95553774,0.9580904,0.9670602,0.9554054,0.9673606,0.9570394,0.96181524,0.95727986,0.95869976,0.9554383,0.977433,0.9591601,0.96559054,0.9633848,0.95057267
artofracingmovie,0.9653372,0.9480893,0.9706018,0.95013475,0.9776116,0.95015395,0.9626773,0.96073896,0.9762869,0.9576241,0.95645934,0.9371565,0.95706576,0.95398957,0.96033055,0.96508116,0.951428,1.0000005,0.95671743,0.9600167,0.95211554,0.9578282,0.9658732,0.96304893,0.9553347,0.8965399,0.9617473,0.95487237,0.9555654,0.9551246,0.9518845,0.95090365,0.9540206,0.94952327,0.9429463,0.9239871,0.95598936,0.9556137,0.9626048,0.95693827,0.9601379,0.95533764,0.9482144,0.9581559,0.95608884,0.95722646,0.9598075,0.95751256,0.9589115,0.9629587,0.9526701,0.9611869,0.96275365,0.9590831,0.9500869,0.97199875,0.957946,0.953476,0.9627594,0.9639076,0.96866006,0.96203786,0.9456681,0.9589871,0.96356374,0.950196,0.9565008,0.95373714,0.9584276,0.9516045,0.9666443,0.83109844,0.93585837,0.96081156,0.9583881,0.9505088,0.9153494,0.9522033,0.9577025,0.9572828,0.9567488,0.95413524,0.9659334,0.9475937,0.95937854,0.9624358,0.9526331,0.96322733,0.96177495,0.96528995,0.95459884,0.9666443,0.9537241,0.9574186,0.94967264,0.9557025,0.95198417,0.9606518,0.95445603,0.95727396,0.95121497,0.9607706,0.95083106,0.9615243,0.95030284,0.9590265,0.96863055,0.9636436,0.9430081,0.9471106,0.95733106,0.8697352,0.9611407,0.92664886,0.9585647,0.9560129,0.9623491,0.95003563,0.95607096,0.95452857,0.9577759,0.9518688,0.96075374,0.94527006,0.9637976,0.96376044,0.9598939,0.9489789,0.9623589,0.9355329,0.9582052,0.96024823,0.9563915,0.94491076,0.95759857,0.95919794,0.95514786,0.9596928,0.96192884,0.9647478,0.9762869,0.95485735,0.9517441,0.96004766,0.95825756,0.95600325,0.9574529,0.9398115,0.96167725,0.95316505,0.95230305,0.96149516,0.9515855,0.9561186,0.9583015,0.9621176,0.9637434,0.9577557,0.9523587,0.95439506,0.9762869,0.95756286,0.96285146,0.9616298,0.9534283
avengers,0.97648734,0.95388496,0.9666135,0.9594094,0.96724826,0.95191264,0.9678694,0.96208185,0.9765018,0.9548345,0.95793015,0.94309974,0.96090615,0.9629583,0.9604824,0.9669419,0.96306443,0.95671743,1.0000002,0.9541288,0.95029026,0.95921546,0.96242714,0.9631208,0.95398515,0.8916868,0.9502937,0.9596819,0.95716214,0.9562811,0.9767084,0.9560711,0.9511631,0.9557269,0.94170606,0.9355814,0.96063584,0.9584927,0.9629545,0.96149963,0.96777594,0.96005166,0.9521687,0.96290326,0.9509073,0.9594876,0.96045834,0.9643734,0.9533373,0.9613053,0.9575454,0.9652369,0.9563704,0.96032596,0.94782937,0.95775837,0.95770717,0.9643379,0.97277254,0.97035575,0.96598554,0.96323174,0.95232993,0.9625183,0.959145,0.9514679,0.960267,0.95704615,0.9526259,0.9482474,0.96849906,0.8317162,0.9418995,0.96389,0.95291245,0.9509135,0.89478797,0.96149087,0.9649345,0.9594574,0.9484765,0.9545146,0.97057444,0.9527766,0.959392,0.959432,0.9482687,0.9622066,0.9536808,0.96050847,0.9600962,0.96849906,0.95638335,0.95569783,0.96097195,0.957299,0.9476619,0.95258206,0.96457654,0.95937973,0.95962036,0.9598939,0.9550035,0.96455574,0.9613158,0.96281064,0.965247,0.9632847,0.95125455,0.9505547,0.9665273,0.86074775,0.96197474,0.93179286,0.9706616,0.95912135,0.9620317,0.9470488,0.9588952,0.96278036,0.9635777,0.9687383,0.96151274,0.94567776,0.96010524,0.9677641,0.9627754,0.95708776,0.9627657,0.95350057,0.95370865,0.94714624,0.9583849,0.9462658,0.9616678,0.9582043,0.9540913,0.9638318,0.96246505,0.9647069,0.9765018,0.9645516,0.95760274,0.9554997,0.9531339,0.9613613,0.95969605,0.9406562,0.9582184,0.9490146,0.9582233,0.96451133,0.9631017,0.95244354,0.9621796,0.956952,0.9574828,0.9587335,0.95832634,0.95544285,0.9765018,0.9645345,0.9640051,0.95886874,0.95733404
beachbummovie,0.95725703,0.9334079,0.95637006,0.9480745,0.96210295,0.952554,0.9577994,0.9481428,0.972657,0.9518049,0.9588502,0.93724,0.9554617,0.9541106,0.9675097,0.95710737,0.93899465,0.9600167,0.9541288,0.99999976,0.9447996,0.95978224,0.95233536,0.9493106,0.9463049,0.8987223,0.9523947,0.94360435,0.957823,0.9451193,0.9465454,0.9439782,0.9499262,0.95622635,0.9466717,0.9364461,0.9474439,0.95381975,0.95134884,0.9518538,0.9540473,0.9486912,0.94854176,0.9488327,0.9552492,0.9646127,0.9466427,0.9538938,0.95002437,0.9483469,0.95436037,0.95426065,0.95784473,0.95609677,0.940718,0.9547509,0.95009124,0.9579672,0.96095973,0.9571347,0.96471727,0.95168436,0.9472429,0.95284504,0.9561206,0.9578681,0.9501988,0.94998926,0.95597446,0.96254617,0.95558065,0.84274846,0.93751603,0.95253617,0.9603328,0.9456662,0.92436254,0.95465046,0.95917106,0.95193446,0.95392066,0.958351,0.96170133,0.95176226,0.9590357,0.9575197,0.95636755,0.95699954,0.94920003,0.9657506,0.95309615,0.95558065,0.94275296,0.9510013,0.9496801,0.9513075,0.9555556,0.96955454,0.95823675,0.9520578,0.95253456,0.96305496,0.9513625,0.9604687,0.95012504,0.9593115,0.95564055,0.9543682,0.93476564,0.9390005,0.9572418,0.88974226,0.956846,0.9442391,0.96303904,0.95657754,0.9575431,0.9504112,0.9499221,0.9535776,0.95414,0.9601682,0.95234835,0.939729,0.9571309,0.9581548,0.9506721,0.9490378,0.9526281,0.9352399,0.9524401,0.9466067,0.9443852,0.93640584,0.9582466,0.9482861,0.9558625,0.942306,0.957028,0.96388936,0.972657,0.9528861,0.95417887,0.95159304,0.95739365,0.9472748,0.9574751,0.9485277,0.9496595,0.9512826,0.9461753,0.95162886,0.9496012,0.95289433,0.9483359,0.95530105,0.9512162,0.9575596,0.95127684,0.9489875,0.972657,0.95447344,0.9573263,0.95166594,0.9537225
bernadettefilm,0.9621577,0.95424277,0.9591698,0.95812714,0.96050185,0.94857657,0.9615924,0.9520085,0.9732788,0.9508395,0.95463073,0.9369988,0.9501457,0.9633369,0.95617765,0.9598699,0.95558614,0.95211554,0.95029026,0.9447996,0.99999994,0.95479304,0.96246296,0.95025474,0.9460382,0.90178895,0.9572625,0.95654535,0.95490324,0.9499566,0.9421374,0.9486093,0.95834494,0.9408699,0.9520121,0.9321501,0.95531136,0.94926625,0.96041614,0.950044,0.95691067,0.9542601,0.95326,0.95664036,0.96075374,0.9655008,0.96191484,0.9610092,0.9503632,0.9610742,0.954726,0.96162605,0.96196616,0.94968563,0.95733,0.9554287,0.95357853,0.9547623,0.9535234,0.95023334,0.95433915,0.9530965,0.9574449,0.95977616,0.9550288,0.95250183,0.95082575,0.9532425,0.94975144,0.94364506,0.9535238,0.8303461,0.9456883,0.95975417,0.96441597,0.94304997,0.9142428,0.9502206,0.94723886,0.95554334,0.94368577,0.9637217,0.96263784,0.94762826,0.9540889,0.952977,0.9455564,0.9562245,0.95374674,0.9549085,0.9516682,0.9535238,0.9540506,0.9550128,0.9560784,0.94943815,0.9522821,0.95602185,0.9606317,0.96003217,0.96060455,0.9549087,0.9623805,0.95166284,0.94679457,0.9541706,0.9560677,0.9538981,0.94217896,0.9507679,0.9619404,0.86533594,0.95704436,0.9265498,0.96833754,0.95374185,0.9607406,0.9494565,0.9523463,0.9555498,0.95331275,0.9512142,0.9520146,0.943868,0.9459225,0.95425487,0.9512326,0.9454268,0.9598545,0.93569535,0.9721683,0.9497977,0.95368487,0.94111335,0.9575795,0.941823,0.95616645,0.95179945,0.94948274,0.9538458,0.9732788,0.9521063,0.9557535,0.9536796,0.94936717,0.9551349,0.94666135,0.94448143,0.9471731,0.9540854,0.95461553,0.95997727,0.950073,0.9470567,0.94581825,0.9474895,0.9527612,0.9546917,0.9553282,0.9461278,0.9732788,0.9534302,0.96031827,0.9503986,0.9485173
