movie,21bridgesmovie,47metersdown,abeautifuldaymovie,abominablemovie,adastramovie,adogsjourneymovie,aftermathmovie,aftermovie,ahiddenlifefilm,alitamovie,angelhasfallen,angrybirdsmovie,annabellemovie,annamovie,apollo11movie,arcticdogsmovie,arcticmovie,artofracingmovie,avengers,beachbummovie,bernadettefilm,blackandbluemovie,blackchristmas,blindedbythelightmovie,bombshellmovie,booksmart,breakthroughmovie,brianbanksmovie,brightburnmovie,brittanyrunsmov,captainmarvelofficial,captivestatemovie,catsmovie,charliesangels,childsplaymovie,clarathefilm,coldpursuitmovie,countdown,currentwarmovie,darkwatersmovie,detectivepikachumovie,disneyaladdin,disneyfrozen,disneymaleficent,doctorsleepmovie,dolemiteismyname,dontletgomovie,doramovie,downtonabbey_official,dumbo,escaperoom,everybodyknowsmovie,fastandfuriousmovie,fightingwmyfam,fivefeetapartfilm,fordvferrari,freaksthefilm,geminimanmovie,glassmovie,gloriabellmovie,godzillamovie,goldfinchmovie,goodboysmovie,goodliarmovie,gretafilm,halathemovie,happydeathdaymovie,harrietfilm,hellboymovie,hersmellmovie,highlifemovie,highstrungmovie,honeyboymovie,hotelmumbaifilm,httydragon,hustlemovie,hustlersmovie,isntitromantic,itmovieofficial,jayandsilentbob,johnwickmovie,jojorabbitmovie,jokermovie,judythefilm,jumanjimovie,justmercyfilm,knivesout,lalloronamovie,lastblackmansf,lastchristmasthemovie,latenightmovie,lighthousemovie,lionking,littlethemovie,littlewomenmovie,littlewoodsfilm,longshotmovie,lordsofchaosmovie,lucyintheskyfilm,mamovie2019,marriagestory,meettheaddams,meninblack,midsommarmovie,midwaymovie,missbalamovie,missinglinkfilm,motherlessbklyn,onceinhollywood,onthebasisofsex,overcomermovie,peanutbutterfalcon,petsematarymovie,piercingmovie,playingwithfire,playmobilthemovie,pomsmovie,queenandslim,rambomovie,readyornotfilm,richardjewellfilm,rocketmanmovie,scarystoriesmovie,secretlifeofpets,serenityfilm,shaftmovie,shazammovie,spidermanmovie,spiesindisguise,starwars,stormboymovie,stubermovie,taosdfilm,teenspiritmov,terminator,theaeronautsmov,thebestofenemies,thedeaddontdie,thefarewell,thehighwaymen,thehummingbirdprojectfilm,theintrudermovie,theirishmanfilm,thekitchenmovie,thelegomovie,themustangfilm,thenightingalefilm,theprodigymovie,thesunisalsoastar,theupsidefilm,tolkienmovie,toystory,triplefrontier,uglydolls,uncutgems,underthesilverlake,usmovie,wavesmovie,whatmenwant,wonderparkmovie,wrinklestheclown,xmenmovies,yardiefilm,yesterdaymovie,zombieland
21bridgesmovie,1.0000001,0.949784,0.9614987,0.9521254,0.9595282,0.9459846,0.9642364,0.96189547,0.97734493,0.953453,0.9572369,0.942678,0.9569868,0.95483243,0.96018517,0.95637685,0.9550335,0.960085,0.966993,0.9582847,0.9525665,0.9556663,0.96007454,0.9572161,0.9519906,0.8891263,0.9549417,0.9596935,0.9570109,0.9532687,0.9532277,0.95501083,0.949246,0.94340014,0.94769543,0.9248432,0.9629404,0.9664998,0.9602245,0.9595309,0.95156556,0.954968,0.9551294,0.9628876,0.95901775,0.94876385,0.95974547,0.95601785,0.9475235,0.96174926,0.9615967,0.96470237,0.9448902,0.9515955,0.9540419,0.955818,0.93980265,0.9589244,0.95892406,0.9664654,0.9462338,0.9575338,0.9514757,0.9563784,0.9545062,0.9491199,0.9480854,0.95564955,0.961677,0.95327294,0.9688545,0.85796946,0.95179904,0.95903444,0.9499942,0.9524204,0.921393,0.95665497,0.9572166,0.9544474,0.9539926,0.95852983,0.96682006,0.95126104,0.956109,0.9477698,0.9595697,0.9567234,0.9516644,0.9624796,0.95602006,0.9688545,0.95185184,0.95389485,0.95752835,0.9553072,0.9529078,0.9650248,0.9557935,0.9602325,0.9474104,0.9606462,0.9514795,0.96273935,0.9549511,0.96246105,0.9660279,0.9582226,0.95280504,0.9529827,0.96298784,0.91790086,0.9605486,0.9153416,0.9480795,0.96812564,0.98836184,0.95510876,0.96031564,0.9586586,0.95849085,0.9524665,0.9524215,0.9470304,0.95687467,0.96648616,0.9590228,0.94974166,0.9503568,0.9475599,0.95742,0.95835197,0.9533371,0.95205504,0.96382755,0.9549001,0.9698373,0.9575881,0.9630031,0.95636725,0.97734493,0.95671606,0.9543469,0.9606484,0.9478413,0.9610214,0.9511059,0.94913286,0.960029,0.97057605,0.9626317,0.9601203,0.9500691,0.9426086,0.94759476,0.9629477,0.9544452,0.96461046,0.9535989,0.95183206,0.97734493,0.9554158,0.96274555,0.9623243,0.949041
47metersdown,0.949784,1.0000001,0.9556721,0.9334135,0.95805234,0.9521287,0.9549518,0.949484,0.97070104,0.9449228,0.94999474,0.93547183,0.9470565,0.95321435,0.9577951,0.9639385,0.9386328,0.94770163,0.9439997,0.94818,0.9517619,0.9454575,0.96252334,0.94963104,0.950428,0.8638617,0.9488144,0.949752,0.9542893,0.954456,0.9479825,0.9416162,0.951725,0.9481438,0.94619614,0.91395354,0.94837505,0.936676,0.9506565,0.9493754,0.9407191,0.9473677,0.9332167,0.9492408,0.9505871,0.9446748,0.9609882,0.95290196,0.94058716,0.9484422,0.95098644,0.94974864,0.94965243,0.94629616,0.9381799,0.95363367,0.9437975,0.95577705,0.95468503,0.94710815,0.9476582,0.9515128,0.9500307,0.95319057,0.9405723,0.9470453,0.95138955,0.94353855,0.9484292,0.94385266,0.9524114,0.84027535,0.95132995,0.95838606,0.9405247,0.94870335,0.890466,0.9541657,0.95175564,0.94382423,0.9517101,0.95069337,0.9519259,0.94323766,0.9481053,0.94988674,0.9467305,0.9540672,0.9488173,0.9607873,0.9459794,0.9524114,0.9465534,0.9508413,0.9468167,0.9535831,0.9490052,0.9574547,0.9471364,0.9627929,0.94439185,0.9477887,0.95202386,0.9432587,0.9619034,0.9542565,0.9549921,0.9536339,0.9412538,0.94679546,0.9488073,0.90203965,0.94284075,0.9042901,0.95224094,0.94821686,0.9516633,0.95647585,0.95473504,0.9512545,0.94478387,0.9436894,0.9463858,0.95185554,0.9541809,0.95169544,0.9499496,0.9463355,0.9461408,0.931076,0.9580733,0.9507486,0.9489612,0.947822,0.9491385,0.94959235,0.94322395,0.95120233,0.95126164,0.9445089,0.97070104,0.9562246,0.9579382,0.9460077,0.94672275,0.9467524,0.9466369,0.9384649,0.94949347,0.95087934,0.953684,0.94532496,0.9424703,0.9141293,0.94413394,0.94848037,0.9563547,0.9506526,0.9460141,0.93955755,0.97070104,0.94094,0.94841915,0.9632579,0.94215053
abeautifuldaymovie,0.9614987,0.9556721,1.0,0.94948107,0.9618047,0.96090215,0.9696176,0.96530503,0.9813549,0.9601293,0.964576,0.95594823,0.9616503,0.9586927,0.966664,0.96774614,0.9550031,0.9493838,0.95111144,0.95502454,0.96281415,0.96960616,0.9700607,0.95836854,0.9628739,0.881947,0.9568541,0.9634345,0.9765266,0.95874476,0.9598013,0.9603544,0.95466995,0.9608071,0.9499573,0.936653,0.9691637,0.95417905,0.96608955,0.9695081,0.95484316,0.9570344,0.95160097,0.9576963,0.9657354,0.9567745,0.96935797,0.96500295,0.95839095,0.9592753,0.98100615,0.96975017,0.9652798,0.9641114,0.9505218,0.96072155,0.9548041,0.966089,0.96418303,0.95719826,0.9589747,0.954312,0.9648905,0.9620209,0.9570054,0.9612528,0.9588213,0.9572433,0.9675022,0.9570439,0.96438426,0.8718397,0.9619176,0.9654759,0.95216,0.9624183,0.92446893,0.96186715,0.9609142,0.96183395,0.9554551,0.9619805,0.9651878,0.95012623,0.9668774,0.9551021,0.9623909,0.9658298,0.95927584,0.96593773,0.9562562,0.96438426,0.9673749,0.9630761,0.97743624,0.9618096,0.96577907,0.9675649,0.96377516,0.9630911,0.9604178,0.96440524,0.9739535,0.965007,0.9630265,0.97771794,0.9567104,0.96588767,0.9739742,0.96003366,0.9609518,0.93345666,0.9642941,0.93161476,0.9542663,0.965247,0.96698743,0.9574357,0.9646986,0.96546936,0.9573883,0.9546037,0.95831335,0.9503812,0.96348995,0.9678842,0.9589978,0.971801,0.95762753,0.94893134,0.9672783,0.9613404,0.95337194,0.9471878,0.96788985,0.9586336,0.9576234,0.9628872,0.95823187,0.95787823,0.9813549,0.9748599,0.9582625,0.96004057,0.95241505,0.9653338,0.9570507,0.9546572,0.96378016,0.9508002,0.97027886,0.9730938,0.95598775,0.9310733,0.9541607,0.96101433,0.9638113,0.96354216,0.9652632,0.9587106,0.9813549,0.9509571,0.97011,0.967412,0.96843284
abominablemovie,0.9521254,0.9334135,0.94948107,0.99999976,0.9548971,0.9419378,0.9484984,0.952753,0.9698005,0.9435777,0.94869554,0.9436696,0.95635056,0.9572034,0.9543474,0.9537126,0.9443584,0.9503632,0.9343404,0.9509686,0.9395551,0.9428286,0.9514192,0.9463979,0.9405866,0.8664321,0.9436855,0.9505882,0.9403302,0.9436434,0.941476,0.94316745,0.9290361,0.9379661,0.9449279,0.92882377,0.94738495,0.9565949,0.9565943,0.9509691,0.9448708,0.9540478,0.948687,0.95985764,0.9484228,0.9430896,0.95581454,0.95496905,0.9452094,0.9592236,0.945779,0.9591927,0.941929,0.94055736,0.95005894,0.9469346,0.9348036,0.9575992,0.96887094,0.95009536,0.9502692,0.96311736,0.9472719,0.95279694,0.9502645,0.9451999,0.9505208,0.9552619,0.9516913,0.946266,0.95648736,0.8479225,0.9475167,0.95256287,0.955243,0.93301713,0.9000696,0.94742465,0.9422383,0.9598289,0.94436926,0.94746506,0.953799,0.9426711,0.9525875,0.940787,0.9575856,0.9538205,0.9470438,0.9474744,0.9565537,0.95648736,0.9533922,0.94427013,0.9457111,0.9590159,0.9506211,0.95548487,0.9471276,0.9566027,0.9387255,0.95427865,0.9414042,0.954688,0.94824374,0.942743,0.9465054,0.95284736,0.9455227,0.9478023,0.9500096,0.9025124,0.956007,0.9141501,0.9433438,0.9428658,0.95445365,0.94326925,0.95932996,0.9393067,0.94824135,0.9480027,0.9486851,0.94461,0.95390266,0.95282376,0.94626266,0.9479424,0.9468983,0.93832296,0.9516655,0.95189077,0.94908196,0.9377413,0.9573882,0.94683665,0.9506298,0.9490713,0.9585936,0.9416031,0.9698005,0.93901324,0.94254494,0.95654327,0.94622135,0.9540759,0.9587382,0.9452315,0.9468469,0.9455771,0.9511784,0.95179915,0.946894,0.92602956,0.9451637,0.95369154,0.94485795,0.95581645,0.9514257,0.94394344,0.9698005,0.949069,0.95237494,0.95174074,0.93990004
adastramovie,0.9595282,0.95805234,0.9618047,0.9548971,1.0000001,0.96177953,0.96252686,0.9572532,0.9817261,0.95671177,0.96236485,0.9586099,0.9596039,0.9634111,0.9649153,0.9664988,0.9548013,0.9733564,0.94762236,0.9601281,0.9517976,0.95606434,0.9615058,0.96037024,0.95435464,0.87859225,0.96840286,0.956746,0.9619935,0.955642,0.9547155,0.9526829,0.9497206,0.9525004,0.9493937,0.9312004,0.95909244,0.95309335,0.9695431,0.9591764,0.957352,0.9594202,0.95007837,0.96654344,0.9622201,0.9559747,0.96091706,0.96335334,0.9553986,0.9624743,0.95916396,0.96416503,0.9545755,0.9593399,0.95775217,0.9768742,0.9507501,0.9580577,0.9638994,0.9529322,0.95636356,0.96189535,0.9576821,0.95913696,0.9524215,0.95770365,0.9573647,0.960315,0.95888907,0.9502394,0.9611508,0.8584827,0.9643725,0.9671191,0.956245,0.9571961,0.9159332,0.96446663,0.96059453,0.9606997,0.96474546,0.958741,0.9619863,0.9531909,0.964487,0.95374745,0.9603199,0.95994365,0.9527887,0.96260434,0.9495206,0.9611508,0.95786613,0.95456386,0.9563737,0.964333,0.9595739,0.9641237,0.9592898,0.9564448,0.95939726,0.9589175,0.9574463,0.95995694,0.9610629,0.96114844,0.96535873,0.96518505,0.9565408,0.95616496,0.9645714,0.91663086,0.9551694,0.9259051,0.945846,0.96049905,0.9634252,0.9594517,0.96809083,0.958002,0.9539139,0.9493895,0.9586882,0.95466006,0.96396226,0.9614764,0.9610201,0.95005536,0.9688352,0.94340336,0.965592,0.97736865,0.9586217,0.9516723,0.95881104,0.95310104,0.9470871,0.96122587,0.9641271,0.96262634,0.9817261,0.9593016,0.9657387,0.95614403,0.9537581,0.96469986,0.9546763,0.9525754,0.96272665,0.95489675,0.9604018,0.95736784,0.9608534,0.9259358,0.94945455,0.9600642,0.9588859,0.9644098,0.94905955,0.9485803,0.9817261,0.96390384,0.9669135,0.96283895,0.9547315
adogsjourneymovie,0.9459846,0.9521287,0.96090215,0.9419378,0.96177953,1.0,0.95868134,0.9561312,0.97355294,0.95047915,0.95332855,0.9508518,0.9553498,0.95676607,0.95401394,0.96200645,0.94888777,0.95108926,0.94739777,0.94897074,0.94528586,0.9525634,0.97126603,0.9599525,0.95336294,0.8653968,0.9552756,0.9537908,0.9610863,0.94824594,0.9536647,0.94497323,0.9505775,0.9494514,0.9363509,0.923016,0.95345396,0.9429617,0.95653814,0.95025223,0.9484139,0.9489421,0.9554327,0.95401496,0.96094567,0.95329463,0.96824676,0.9577611,0.94477934,0.9523602,0.9579965,0.9597344,0.9608918,0.9626589,0.94982207,0.9548042,0.95475966,0.95525134,0.9509109,0.9403062,0.9504686,0.9444032,0.9501516,0.95536387,0.94255364,0.94637394,0.9426195,0.9483932,0.9604265,0.94582254,0.95260644,0.8539298,0.96048564,0.9566979,0.9525347,0.94332314,0.8940226,0.9551888,0.9442767,0.9573635,0.95138156,0.9584728,0.9550041,0.94569623,0.95591384,0.94861764,0.9590437,0.95881826,0.94911385,0.9655494,0.94411343,0.95260644,0.95498097,0.9489934,0.953608,0.9476984,0.9541441,0.9558893,0.9490325,0.95768297,0.9560699,0.9514164,0.9566217,0.9558518,0.9476927,0.9619872,0.9556148,0.95566225,0.94794357,0.9535807,0.95254034,0.9014936,0.9535772,0.91288096,0.9498909,0.9449115,0.9479122,0.9540156,0.96012384,0.95254177,0.9463541,0.94887745,0.9564695,0.9704736,0.95457035,0.9586016,0.95338684,0.9516411,0.9605224,0.9473606,0.9615018,0.9582123,0.95319796,0.9388557,0.9557526,0.9455439,0.9384148,0.95496064,0.94938767,0.95304483,0.97355294,0.9563628,0.9567805,0.9430807,0.9460256,0.9597925,0.9459323,0.94402146,0.9498794,0.94530594,0.9551548,0.95236677,0.9556314,0.9103682,0.9497022,0.96251565,0.9615229,0.95881325,0.94937867,0.9455035,0.97355294,0.9517518,0.9562136,0.9665007,0.9477263
aftermathmovie,0.9642364,0.9549518,0.9696176,0.9484984,0.96252686,0.95868134,0.9999996,0.9660316,0.9835625,0.9604302,0.96739125,0.9543726,0.9649102,0.9653809,0.9656776,0.9671974,0.9553161,0.95481056,0.95534974,0.96694607,0.95360553,0.9654295,0.9686856,0.9596094,0.9541554,0.88820195,0.9543454,0.9634542,0.96761096,0.9659594,0.95478666,0.95603067,0.94578505,0.95468026,0.93997824,0.92412686,0.9686794,0.95555043,0.9631826,0.9602493,0.9657757,0.9567178,0.95407116,0.96840453,0.9627945,0.9634757,0.9663292,0.96089196,0.9483686,0.9651578,0.97117126,0.96350086,0.9542396,0.96041906,0.96170336,0.9549199,0.94599295,0.967154,0.96282244,0.9607504,0.9572477,0.9521657,0.9598417,0.9638818,0.960102,0.9591184,0.94990367,0.95311034,0.9656459,0.947637,0.96762645,0.84943664,0.95821446,0.96467835,0.9485524,0.9563414,0.9085929,0.95832676,0.9556142,0.9650029,0.96007395,0.9797768,0.9647715,0.94142824,0.964765,0.95209146,0.9602603,0.9673149,0.9555941,0.9663736,0.9604976,0.96762645,0.9634987,0.95683205,0.9703819,0.9611248,0.96146804,0.9677379,0.97274876,0.9668733,0.96080995,0.96099544,0.9592652,0.9652163,0.95936143,0.96527505,0.9615743,0.96586937,0.9615195,0.96074533,0.96686363,0.93052596,0.9659775,0.9195849,0.95750123,0.953384,0.96341264,0.95135397,0.9621637,0.9884776,0.96154803,0.95850575,0.9607683,0.9561949,0.96111363,0.96121746,0.96492,0.96062905,0.95848835,0.9500075,0.963757,0.9620407,0.9519049,0.95448947,0.96663475,0.9658749,0.9605843,0.95639884,0.9640181,0.9619626,0.9835625,0.9662087,0.96365976,0.96240795,0.95379454,0.96198916,0.95636255,0.9494031,0.9672825,0.95568335,0.9860013,0.9604343,0.956877,0.92530084,0.94828176,0.9662783,0.96109366,0.97392255,0.9657419,0.9539876,0.9835625,0.9570435,0.9678147,0.9677777,0.9504367
aftermovie,0.96189547,0.949484,0.96530503,0.952753,0.9572532,0.9561312,0.9660316,1.0000002,0.97925365,0.95830345,0.959754,0.9474764,0.9666287,0.9536165,0.96191525,0.9628989,0.95087546,0.95138735,0.943246,0.95272917,0.9541123,0.9572692,0.9605477,0.95932454,0.96494395,0.87981606,0.9580851,0.9533146,0.9618824,0.9600935,0.9552315,0.9555519,0.93824244,0.95434684,0.9441786,0.926899,0.96417063,0.96051204,0.9606665,0.95861936,0.95785517,0.95243865,0.94293565,0.9535916,0.9609629,0.9543173,0.9614905,0.9595375,0.9512745,0.9536127,0.96551,0.96729183,0.96188354,0.97011423,0.9679324,0.95680046,0.94565755,0.96360165,0.95611054,0.9522905,0.96027833,0.95706886,0.95701665,0.9537534,0.95682675,0.9533206,0.94806755,0.9577593,0.9613891,0.94589514,0.96307635,0.8520586,0.9562443,0.962976,0.9495542,0.945757,0.9108888,0.96067065,0.96065694,0.9583938,0.95852506,0.96559703,0.96278065,0.9414059,0.9598262,0.9548475,0.9645768,0.967854,0.9542351,0.9672563,0.953608,0.96307635,0.96011037,0.9505441,0.9632034,0.9515159,0.9592489,0.9626517,0.95831925,0.96037626,0.9542751,0.9631872,0.9549815,0.96230173,0.9522465,0.96747464,0.95895344,0.9538728,0.9584009,0.9644578,0.9620408,0.9135508,0.96016115,0.9159911,0.95257044,0.95988643,0.9674676,0.9534009,0.971809,0.96172005,0.95711493,0.95803547,0.96133924,0.9553193,0.96616775,0.95799816,0.9560668,0.95530224,0.95582294,0.9430281,0.962927,0.9572058,0.96049535,0.94701344,0.9621603,0.96192527,0.96153796,0.9606308,0.96043676,0.9517052,0.97925365,0.96141165,0.95693254,0.9511875,0.9520408,0.96650106,0.95971286,0.95353186,0.9550938,0.9536491,0.9644351,0.956525,0.95867324,0.92843014,0.95066917,0.9614618,0.95151937,0.9618819,0.96910524,0.9548269,0.97925365,0.9474497,0.959979,0.9622198,0.95655626
ahiddenlifefilm,0.97734493,0.97070104,0.9813549,0.9698005,0.9817261,0.97355294,0.9835625,0.97925365,0.9999997,0.9719227,0.97985464,0.97066677,0.97981125,0.9775887,0.98227614,0.9821582,0.97123796,0.9725588,0.96784747,0.9754836,0.9725869,0.97814864,0.9817677,0.9802599,0.97378016,0.895872,0.9759149,0.97736967,0.9817732,0.9746888,0.9734297,0.9728623,0.9645471,0.9711954,0.9649225,0.94699186,0.9817957,0.9719318,0.98335,0.9781187,0.9757519,0.9778989,0.96905416,0.9804377,0.97845256,0.97413105,0.98213047,0.9785838,0.97159845,0.979894,0.983177,0.9842439,0.97314364,0.9766921,0.9732141,0.9745722,0.96865404,0.981326,0.97895443,0.97393847,0.97535115,0.9745289,0.97561824,0.9779378,0.97590464,0.97407293,0.9714671,0.9774861,0.97958374,0.96905726,0.9823939,0.87138647,0.9737816,0.9815391,0.97090244,0.96958065,0.9324313,0.9775144,0.97322524,0.9790651,0.97629607,0.97859615,0.9835606,0.96962196,0.9813945,0.9714707,0.9773742,0.9830297,0.97293544,0.98039585,0.97676355,0.9823939,0.9792963,0.9740232,0.9784344,0.9764308,0.9770162,0.9835938,0.9762509,0.98020065,0.97371453,0.97785354,0.9739483,0.9798343,0.9783222,0.98194605,0.9815384,0.9810386,0.97464776,0.9746557,0.9817738,0.9374482,0.97994703,0.9392161,0.9726554,0.9740877,0.9806686,0.97430915,0.9827691,0.97799736,0.9749901,0.974604,0.9736347,0.97242785,0.97883815,0.97855854,0.9772032,0.97664434,0.9771326,0.96551424,0.9795541,0.9778752,0.97473997,0.96605986,0.9789096,0.9752299,0.96941674,0.9779289,0.9809703,0.97643936,0.9999997,0.9803901,0.9776119,0.97716403,0.9740355,0.98268616,0.975318,0.9700397,0.97875273,0.974298,0.9815204,0.97534543,0.9761599,0.9485142,0.96923167,0.980885,0.9758525,0.98340017,0.97631186,0.97314024,0.9999997,0.9723985,0.98216903,0.98161393,0.9738124
alitamovie,0.953453,0.9449228,0.9601293,0.9435777,0.95671177,0.95047915,0.9604302,0.95830345,0.9719227,1.0,0.9601317,0.9501634,0.949683,0.9464476,0.9532352,0.9634104,0.95013463,0.9461448,0.94012034,0.95377475,0.95167434,0.9533371,0.9565193,0.9480765,0.95346725,0.87424505,0.9533933,0.9576101,0.9555572,0.95009077,0.9466613,0.94541746,0.94696754,0.9518981,0.9394217,0.9284195,0.9580134,0.9425146,0.95853233,0.9514333,0.9445304,0.94857436,0.9388089,0.950669,0.9475223,0.94563407,0.95424,0.9590477,0.94667524,0.950583,0.9622754,0.9559528,0.95522815,0.9528223,0.9469147,0.95057195,0.9470956,0.95918846,0.95854586,0.9475883,0.94948685,0.9489685,0.9476317,0.9581194,0.94853705,0.9531404,0.9411577,0.95192116,0.95631564,0.94242376,0.95912176,0.849413,0.9526446,0.9563317,0.95239764,0.9366704,0.90793353,0.94798136,0.95197546,0.95872295,0.9533628,0.956377,0.96169263,0.9377586,0.9662214,0.94852555,0.9521846,0.95339674,0.9497566,0.9478771,0.9463604,0.95912176,0.951294,0.95705295,0.9572335,0.9559571,0.95417994,0.9576476,0.95551455,0.9531826,0.94446874,0.9514083,0.94976634,0.95601267,0.96649545,0.9594057,0.95532703,0.9604407,0.9523474,0.94859344,0.9579136,0.922324,0.95503795,0.91708964,0.9485967,0.94814384,0.9560852,0.95240366,0.9608462,0.95679176,0.9522176,0.94917285,0.94367415,0.9438575,0.948859,0.96284515,0.94497263,0.95916194,0.9555679,0.9405122,0.9520018,0.9562712,0.9468987,0.9386444,0.96192235,0.947598,0.95233935,0.9495921,0.95932627,0.9508561,0.9719227,0.9566882,0.9506502,0.952374,0.94587237,0.9576298,0.9510026,0.94944704,0.95330256,0.95925504,0.95821804,0.9495432,0.950639,0.9382536,0.9501139,0.96041167,0.9561784,0.95647615,0.9566978,0.948404,0.9719227,0.9598141,0.95564044,0.9641124,0.9533109
angelhasfallen,0.9572369,0.94999474,0.964576,0.94869554,0.96236485,0.95332855,0.96739125,0.959754,0.97985464,0.9601317,1.0000006,0.947665,0.9654284,0.95971596,0.96543777,0.96776855,0.9515536,0.9550256,0.94437313,0.95487297,0.95621955,0.95875996,0.9601005,0.95900244,0.9530518,0.8891272,0.95709455,0.96434397,0.96450293,0.9534384,0.9552167,0.96358365,0.9461385,0.94824094,0.9453183,0.9371539,0.9616684,0.9540514,0.9633005,0.9628033,0.9508525,0.95673746,0.96296424,0.96351504,0.96099263,0.9610733,0.96020144,0.95850223,0.95787436,0.96253335,0.9684743,0.9712451,0.95472425,0.96242243,0.9519868,0.95929474,0.9464717,0.95947933,0.9633434,0.9554308,0.96113825,0.9561872,0.9574001,0.9604952,0.96597457,0.9673057,0.95017433,0.964191,0.97325784,0.9535363,0.9610743,0.8501673,0.9562021,0.96394455,0.9563548,0.9454957,0.916766,0.95365846,0.96005076,0.95810723,0.97516215,0.9638105,0.96674585,0.94103676,0.9694257,0.9570075,0.9647391,0.9648237,0.9595394,0.9639328,0.96296406,0.9610743,0.9603549,0.9573914,0.9588028,0.9720756,0.9699266,0.968062,0.95861053,0.96219885,0.95671576,0.9560342,0.9538236,0.9631774,0.96657884,0.9687969,0.9607182,0.9655088,0.95409817,0.96372664,0.95882154,0.9200566,0.957683,0.93049866,0.9566555,0.96138734,0.9631696,0.9585492,0.96384305,0.96262205,0.9598891,0.95337504,0.95449007,0.9538638,0.95817626,0.96224254,0.95741636,0.95948225,0.95732236,0.94943357,0.9555227,0.9612377,0.9584546,0.94314194,0.9649461,0.96011466,0.9571194,0.96428984,0.96254665,0.9618248,0.97985464,0.9654275,0.96087945,0.96211064,0.9462158,0.96924114,0.95835644,0.95352864,0.96277046,0.9618303,0.9671656,0.96122974,0.95675534,0.9217871,0.9513365,0.96018106,0.9632767,0.9635567,0.9589004,0.95362383,0.97985464,0.9533673,0.96545035,0.9694563,0.96116316
angrybirdsmovie,0.942678,0.93547183,0.95594823,0.9436696,0.9586099,0.9508518,0.9543726,0.9474764,0.97066677,0.9501634,0.947665,0.99999976,0.94606626,0.9574626,0.9529521,0.95513296,0.947548,0.94640815,0.9381726,0.9489446,0.9482436,0.95421034,0.95286375,0.96281457,0.9478475,0.88525254,0.9424045,0.9484735,0.9609028,0.9486146,0.9443083,0.9482996,0.9416299,0.96286947,0.9411367,0.9304627,0.9509062,0.93535554,0.9666831,0.95274156,0.9513022,0.9570512,0.9419454,0.95708776,0.95734555,0.9421922,0.95704997,0.9565115,0.94974405,0.9542772,0.96540064,0.96229076,0.9508755,0.9415918,0.94378394,0.9413465,0.9432002,0.9611431,0.94577694,0.94690156,0.9450238,0.9522103,0.94598883,0.9418898,0.94743055,0.94443816,0.9534618,0.95032644,0.9451658,0.9437195,0.95545334,0.8767108,0.94539434,0.95257175,0.946421,0.9455687,0.9196285,0.95028263,0.94480747,0.9559827,0.9483171,0.9486014,0.95331794,0.950084,0.9627321,0.9433666,0.9482089,0.95122975,0.94402885,0.94916314,0.9441016,0.95545334,0.94961554,0.94061834,0.9572703,0.9500808,0.94384867,0.9449886,0.94754344,0.95545,0.9496095,0.9484753,0.9482195,0.9486831,0.9542532,0.96409667,0.95904374,0.95830953,0.9477578,0.94765383,0.9483016,0.92119503,0.95872074,0.9198927,0.94627273,0.94439554,0.946674,0.9455662,0.9503467,0.94996107,0.9431175,0.9482349,0.93956566,0.95578146,0.9463947,0.944846,0.94683945,0.96330404,0.9579869,0.9357213,0.9542454,0.95541984,0.9431212,0.93857306,0.95808744,0.93728155,0.9368716,0.94882655,0.9605439,0.95049506,0.97066677,0.95434135,0.94551265,0.95380497,0.95938736,0.9602127,0.9528323,0.9553006,0.95046324,0.94084793,0.9552216,0.94878197,0.9566874,0.92424697,0.93770486,0.9559756,0.95132554,0.9599194,0.9538729,0.95203495,0.97066677,0.9422029,0.9526253,0.95582956,0.95816
annabellemovie,0.9569868,0.9470565,0.9616503,0.95635056,0.9596039,0.9553498,0.9649102,0.9666287,0.97981125,0.949683,0.9654284,0.94606626,0.9999999,0.96248573,0.9668387,0.9579815,0.953514,0.95546275,0.94794565,0.95688015,0.95576763,0.9583067,0.9578905,0.95950365,0.957336,0.8814042,0.95712507,0.9587954,0.9631491,0.956588,0.9565078,0.962221,0.939802,0.95233405,0.95949316,0.93928814,0.96783006,0.96656036,0.96875745,0.95746,0.96175927,0.9573365,0.949938,0.9647225,0.95804757,0.95355517,0.9586822,0.9519889,0.9523889,0.96228546,0.9653019,0.967266,0.96030265,0.9655322,0.955304,0.9571021,0.94121236,0.9590119,0.9599551,0.9542916,0.9710605,0.96380633,0.95370716,0.9665172,0.9566261,0.9581068,0.95043284,0.9589225,0.95764995,0.95246667,0.96268004,0.85194254,0.9541525,0.96182007,0.9610634,0.9439242,0.91690093,0.9571187,0.95876205,0.9617952,0.9591925,0.96612746,0.97131777,0.9543064,0.97360003,0.95026976,0.9686422,0.98215246,0.95457864,0.96152294,0.9638984,0.96268004,0.9616085,0.9514397,0.96249723,0.9613106,0.9598282,0.9696932,0.9520896,0.95947236,0.9580943,0.9619996,0.95202166,0.95665026,0.960885,0.9647966,0.9616236,0.96433187,0.95628655,0.954498,0.96655756,0.92098624,0.95977354,0.92918545,0.9508798,0.9594327,0.96290606,0.9580052,0.97000915,0.95641565,0.9664482,0.9514016,0.9505631,0.95799106,0.95948714,0.9603887,0.95955044,0.95476913,0.9564996,0.95000553,0.9632805,0.9563961,0.9589889,0.9511308,0.9619361,0.96148103,0.9568811,0.9634766,0.96229106,0.95790315,0.97981125,0.957337,0.9570858,0.9601437,0.9570299,0.9617718,0.95826155,0.96340144,0.9644229,0.95160216,0.96368915,0.95674247,0.95306724,0.93237424,0.9496332,0.9649746,0.9559648,0.96102744,0.95958537,0.9547953,0.97981125,0.9618801,0.9674634,0.95978844,0.9529027
annamovie,0.95483243,0.95321435,0.9586927,0.9572034,0.9634111,0.95676607,0.9653809,0.9536165,0.9775887,0.9464476,0.95971596,0.9574626,0.96248573,1.0000002,0.9652331,0.95989186,0.9516257,0.9534949,0.9477961,0.9530108,0.95717055,0.95603234,0.96039176,0.957631,0.9532756,0.89829355,0.95696217,0.9614405,0.9604673,0.957523,0.96014917,0.95403546,0.9448937,0.94623077,0.9437967,0.93182164,0.9573817,0.95369387,0.9648943,0.95491177,0.95536095,0.96088374,0.9569175,0.96938425,0.96422154,0.95468533,0.9614102,0.96048564,0.95323014,0.9654537,0.9589623,0.9659364,0.95920855,0.9532905,0.9526897,0.9546896,0.9419883,0.9625467,0.9611131,0.94507444,0.9517932,0.9551381,0.95597625,0.971062,0.95577586,0.9557155,0.95371765,0.9567367,0.9561242,0.950237,0.954127,0.8634487,0.9537866,0.9633542,0.9550115,0.9498146,0.9201595,0.95793563,0.9467538,0.95453465,0.9530972,0.96335304,0.9607973,0.95176077,0.9582399,0.9597841,0.9513647,0.96362203,0.9506129,0.9613999,0.96017885,0.954127,0.95811033,0.9464355,0.95393777,0.95895255,0.9559629,0.95837367,0.95406103,0.967057,0.9540182,0.9543122,0.9516506,0.9528293,0.97041166,0.95860857,0.9592791,0.96125513,0.9504914,0.96232504,0.9614992,0.9255091,0.96060437,0.9290111,0.9612884,0.9546156,0.95836574,0.9543418,0.95656997,0.96089727,0.9561261,0.9569404,0.95471406,0.9554647,0.9653354,0.95644426,0.9523984,0.9574921,0.959122,0.9446307,0.96668184,0.9621044,0.9535249,0.95116675,0.96475583,0.956939,0.9504809,0.95861834,0.9567876,0.95567805,0.9775887,0.9544167,0.95814633,0.9625978,0.95376843,0.96143323,0.9600238,0.94924116,0.9563745,0.950191,0.9621549,0.96030504,0.9553177,0.9270629,0.9432428,0.9553261,0.9593448,0.95907855,0.95139205,0.9609545,0.9775887,0.9532186,0.96480596,0.95987123,0.9541413
apollo11movie,0.96018517,0.9577951,0.966664,0.9543474,0.9649153,0.95401394,0.9656776,0.96191525,0.98227614,0.9532352,0.96543777,0.9529521,0.9668387,0.9652331,0.99999994,0.963174,0.9557674,0.9471628,0.9604852,0.9784548,0.9586617,0.96226454,0.96651727,0.964624,0.9581327,0.8868682,0.9604291,0.9622172,0.9667695,0.9618133,0.96357596,0.96400607,0.9512016,0.95540506,0.9517361,0.9371979,0.9647215,0.95527554,0.9708867,0.9562059,0.9602889,0.9621337,0.95349866,0.9673417,0.9681013,0.9589824,0.96669453,0.9610976,0.9545154,0.96580744,0.965938,0.96686554,0.95584416,0.9626962,0.95594597,0.96282315,0.94946474,0.96705836,0.9676534,0.9660365,0.9659195,0.9627791,0.9624222,0.9639192,0.9587092,0.9587871,0.9579111,0.9584482,0.96632236,0.9532443,0.97264117,0.86759734,0.9577255,0.9641503,0.9558965,0.95684457,0.92004335,0.96088535,0.9675958,0.96042997,0.9648139,0.95674783,0.96648115,0.95431465,0.9637572,0.95935494,0.96528554,0.9681511,0.9585265,0.9642821,0.9657163,0.97264117,0.9594803,0.96199447,0.96149236,0.9776152,0.9628494,0.9705734,0.9560551,0.96879536,0.9594982,0.96448445,0.9599226,0.9664859,0.96785897,0.96731645,0.9696511,0.9647642,0.9577383,0.95678884,0.96659017,0.9198343,0.96607375,0.925945,0.9554155,0.9621144,0.96655834,0.96200985,0.9701502,0.95969224,0.9599792,0.961348,0.95831734,0.9542447,0.95787317,0.96492386,0.9712812,0.9632306,0.9621646,0.9511484,0.9644934,0.9675247,0.96088123,0.9577815,0.9640874,0.9627964,0.956255,0.9618901,0.96977824,0.9650616,0.98227614,0.96264553,0.96160513,0.9649161,0.96020997,0.9631538,0.9596899,0.95809263,0.9635707,0.9561044,0.96611637,0.9630056,0.96416444,0.93515664,0.9540299,0.97127503,0.95850575,0.9662056,0.96537155,0.95913225,0.98227614,0.962228,0.9682465,0.9649723,0.9551979
arcticdogsmovie,0.95637685,0.9639385,0.96774614,0.9537126,0.9664988,0.96200645,0.9671974,0.9628989,0.9821582,0.9634104,0.96776855,0.95513296,0.9579815,0.95989186,0.963174,1.0000005,0.95290893,0.9568727,0.9466051,0.95791316,0.95725006,0.96030426,0.96579623,0.96578383,0.9573522,0.87124866,0.96156526,0.96057427,0.96526617,0.96148324,0.95120907,0.9542577,0.9488096,0.95570487,0.9451724,0.9256031,0.96463543,0.9525744,0.96304935,0.96108633,0.949414,0.95849323,0.9493681,0.9616843,0.95670563,0.9579686,0.96669966,0.969328,0.952162,0.9605919,0.9635743,0.9672373,0.95574945,0.95846754,0.95522964,0.9594261,0.9582021,0.9673164,0.9625809,0.95374703,0.9620842,0.95685995,0.9608748,0.9588567,0.9627641,0.95724213,0.95741135,0.96071863,0.97110325,0.96214134,0.96267515,0.8462112,0.9622974,0.9687284,0.9541766,0.95529866,0.9099688,0.9600445,0.9555104,0.9641406,0.96515024,0.9638841,0.9647124,0.94736135,0.958162,0.96253926,0.9620766,0.96649086,0.9625804,0.96434027,0.9620359,0.96267515,0.9642579,0.9546809,0.9582655,0.9617914,0.9657006,0.96666056,0.9642659,0.9690729,0.9575514,0.9636717,0.95814806,0.9608552,0.9624884,0.9657788,0.9647005,0.96772933,0.9659294,0.96389,0.96692604,0.9144902,0.96112835,0.92082983,0.9592562,0.9594108,0.9633236,0.9625428,0.97083825,0.959428,0.9560315,0.9586152,0.95720565,0.9532408,0.9610237,0.9609139,0.9570259,0.9583627,0.9602615,0.9497791,0.9640502,0.96568817,0.9589088,0.9445246,0.9679718,0.96163946,0.9578369,0.9631647,0.96242857,0.95636,0.9821582,0.9658799,0.96117175,0.96263504,0.9549797,0.9680532,0.9582138,0.95206624,0.95977753,0.95247793,0.9660624,0.96431416,0.96213293,0.9227346,0.9603037,0.9649626,0.96427673,0.9690479,0.9608399,0.9545968,0.9821582,0.9545931,0.9628865,0.9705744,0.9586684
arcticmovie,0.9550335,0.9386328,0.9550031,0.9443584,0.9548013,0.94888777,0.9553161,0.95087546,0.97123796,0.95013463,0.9515536,0.947548,0.953514,0.9516257,0.9557674,0.95290893,1.0,0.9472226,0.9488827,0.95313895,0.9550938,0.94857186,0.95316625,0.95572543,0.95216256,0.8810191,0.951326,0.9710904,0.9582733,0.9365426,0.95239204,0.9476423,0.94195884,0.9397923,0.9278141,0.9194563,0.9572245,0.9494058,0.959891,0.95642424,0.9479843,0.9534443,0.94532937,0.9615142,0.9537852,0.9394503,0.95104104,0.9542835,0.95283955,0.95948,0.95603216,0.96168494,0.9548444,0.9488444,0.9391813,0.94709545,0.95614576,0.95659566,0.95656425,0.9491868,0.94551605,0.9400105,0.94057894,0.96199226,0.94742006,0.94465125,0.93881273,0.94774187,0.9520577,0.9460228,0.95734584,0.86060923,0.9545094,0.95035565,0.9468484,0.9479222,0.9158153,0.9545556,0.94641507,0.9612101,0.9495169,0.94967014,0.9564113,0.95172197,0.9553502,0.9409362,0.9538348,0.9564218,0.94244915,0.949002,0.9400485,0.95734584,0.9463675,0.9517028,0.9517943,0.948964,0.9481468,0.96103835,0.9419083,0.9512552,0.9475471,0.9482417,0.9410285,0.95087516,0.9527354,0.95327806,0.9564204,0.965012,0.9459857,0.9470071,0.95564026,0.91214406,0.96201485,0.9123866,0.95089394,0.9493903,0.9595273,0.945637,0.9588043,0.952682,0.94602114,0.9495194,0.9480639,0.9449862,0.957108,0.962066,0.9437734,0.95184535,0.95364445,0.95212716,0.95450336,0.95206493,0.97185314,0.94998205,0.95197576,0.9404913,0.9542563,0.9613404,0.95800006,0.9443325,0.97123796,0.95648175,0.9530089,0.9596752,0.9506957,0.9540434,0.95518,0.939127,0.9612912,0.9485176,0.95608604,0.953184,0.95833486,0.9252327,0.95306015,0.9575289,0.95801044,0.95381224,0.9628167,0.95370317,0.97123796,0.950883,0.96304435,0.9535284,0.95338523
artofracingmovie,0.960085,0.94770163,0.9493838,0.9503632,0.9733564,0.95108926,0.95481056,0.95138735,0.9725588,0.9461448,0.9550256,0.94640815,0.95546275,0.9534949,0.9471628,0.9568727,0.9472226,1.0000002,0.9521045,0.9439729,0.95082563,0.9473896,0.9521362,0.95866704,0.9413659,0.87636876,0.95791394,0.9539209,0.9528631,0.94787586,0.9480753,0.9510465,0.9400838,0.9407035,0.9432425,0.9228331,0.9474241,0.9517402,0.96285415,0.95020056,0.9490438,0.95346296,0.942491,0.9542145,0.95359385,0.94234544,0.95279646,0.9544004,0.94315654,0.9546125,0.9543257,0.96131545,0.9443153,0.95019835,0.94869465,0.96894467,0.94349176,0.95011836,0.96016437,0.9511534,0.94780153,0.953938,0.942285,0.95126754,0.9500321,0.94847614,0.94851345,0.9582736,0.95278317,0.9439428,0.957151,0.83824086,0.95420456,0.9581432,0.95679057,0.9473862,0.90479535,0.9552773,0.946301,0.95119464,0.9542288,0.95385367,0.9564126,0.9445628,0.9561477,0.9439089,0.954315,0.9576864,0.95260656,0.95346797,0.9405372,0.957151,0.94952476,0.94194025,0.9508553,0.95185184,0.9434409,0.95845765,0.9470823,0.9486951,0.9391371,0.95510525,0.94772,0.9553885,0.9528827,0.9530731,0.9634187,0.95147306,0.94578296,0.9421475,0.9619408,0.9114173,0.95173645,0.91057813,0.94083196,0.94813114,0.9592777,0.95450306,0.9546867,0.94409674,0.9483492,0.9440646,0.952227,0.9461239,0.953386,0.9549578,0.95052356,0.94591135,0.96221596,0.9433546,0.9566764,0.9662549,0.95232695,0.94042957,0.9519693,0.9472962,0.94359666,0.9573461,0.95972943,0.9602471,0.9725588,0.94862556,0.9527025,0.9461816,0.954808,0.96249497,0.94480497,0.9513158,0.95008004,0.95040464,0.95244455,0.9505361,0.9468936,0.9180084,0.94290036,0.9536,0.952858,0.9566157,0.943002,0.9448758,0.9725588,0.9606799,0.9545445,0.9567377,0.95202184
avengers,0.966993,0.9439997,0.95111144,0.9343404,0.94762236,0.94739777,0.95534974,0.943246,0.96784747,0.94012034,0.94437313,0.9381726,0.94794565,0.9477961,0.9604852,0.9466051,0.9488827,0.9521045,1.0000005,0.95523363,0.9480268,0.94714904,0.9564974,0.95820874,0.9449834,0.8586798,0.9421237,0.952769,0.9529753,0.9435196,0.9711547,0.944174,0.9588368,0.94105315,0.93527985,0.9179242,0.9499675,0.94042057,0.95115995,0.9462107,0.9440068,0.95303977,0.9473822,0.95241594,0.95716596,0.9390998,0.9584859,0.9521768,0.9357433,0.9538919,0.94947386,0.95228565,0.94346905,0.94593394,0.933841,0.9464003,0.93593854,0.955862,0.9485362,0.95214045,0.9424774,0.9461994,0.9426313,0.9514855,0.9420959,0.94137245,0.93912274,0.9472541,0.9503147,0.93881255,0.96001256,0.8623853,0.9394328,0.9505512,0.9416046,0.94666106,0.9076026,0.952409,0.94255435,0.9449405,0.9427788,0.9528869,0.9594338,0.94224423,0.94532156,0.9394616,0.9508554,0.95178795,0.9464691,0.9516194,0.9467112,0.96001256,0.94521064,0.95022845,0.94675624,0.94599926,0.938237,0.9595545,0.94475615,0.95076823,0.9371253,0.9530765,0.9464349,0.95272326,0.9524171,0.9491612,0.9619125,0.9507486,0.94494176,0.93801665,0.9481841,0.91130364,0.96166617,0.90734464,0.94815284,0.9453132,0.953825,0.950376,0.9470093,0.9511265,0.9413293,0.9426638,0.9417584,0.9451688,0.9478615,0.9562719,0.94995886,0.95005095,0.94517994,0.95286953,0.95478535,0.9538023,0.94236696,0.94191206,0.9551249,0.9428478,0.9351018,0.94759434,0.95547473,0.9495747,0.96784747,0.94958085,0.9501953,0.95085555,0.95145875,0.950614,0.94093573,0.93886673,0.9520953,0.940466,0.9486448,0.9513288,0.9449159,0.92500305,0.9421999,0.95381665,0.94862807,0.95497304,0.9470693,0.9455008,0.96784747,0.946375,0.95725995,0.9580325,0.9397822
beachbummovie,0.9582847,0.94818,0.95502454,0.9509686,0.9601281,0.94897074,0.96694607,0.95272917,0.9754836,0.95377475,0.95487297,0.9489446,0.95688015,0.9530108,0.9784548,0.95791316,0.95313895,0.9439729,0.95523363,1.0000004,0.941566,0.95598435,0.9619097,0.9580798,0.9465664,0.8697374,0.95095813,0.9527582,0.96063334,0.9540044,0.95402783,0.9426858,0.94727165,0.9513594,0.94182956,0.9220132,0.9537249,0.947485,0.96226543,0.94561166,0.95622206,0.9544914,0.9442639,0.9627334,0.95808506,0.9590118,0.9604335,0.9581598,0.9406509,0.959716,0.95493567,0.9568495,0.94481677,0.943366,0.9520925,0.9542333,0.9398191,0.9648949,0.9642957,0.95858836,0.9513109,0.95206463,0.9519017,0.9576168,0.9487482,0.94848996,0.9466913,0.947324,0.9573121,0.94579655,0.96432716,0.8549306,0.94872946,0.9508714,0.95246017,0.9515502,0.90919214,0.9554836,0.9547592,0.9603984,0.9556884,0.9526415,0.96223587,0.94236815,0.9551445,0.9461717,0.9561856,0.9622073,0.9471388,0.9546835,0.9603908,0.96432716,0.9491006,0.95354223,0.9485245,0.9644976,0.9529571,0.970343,0.9530639,0.9638939,0.94835025,0.9582059,0.9514871,0.9529281,0.9590453,0.9523386,0.9596959,0.9615143,0.9513413,0.9468313,0.9577679,0.9101461,0.9612434,0.9087784,0.9497803,0.9488019,0.95870316,0.95147306,0.9609198,0.95746094,0.9557917,0.9537741,0.9521273,0.9476206,0.95211214,0.96275496,0.96357906,0.9536895,0.9559498,0.9448351,0.9539603,0.9630449,0.9486475,0.9539759,0.9575221,0.9536286,0.9505477,0.94973123,0.9633822,0.9602739,0.9754836,0.9525901,0.9561677,0.9572779,0.950552,0.9516869,0.94615936,0.94843423,0.95425266,0.9504422,0.9624587,0.95198226,0.9611558,0.92766327,0.943619,0.9602063,0.9545491,0.96530104,0.9548278,0.9481625,0.9754836,0.96184313,0.96034074,0.95863336,0.940961
bernadettefilm,0.9525665,0.9517619,0.96281415,0.9395551,0.9517976,0.94528586,0.95360553,0.9541123,0.9725869,0.95167434,0.95621955,0.9482436,0.95576763,0.95717055,0.9586617,0.95725006,0.9550938,0.95082563,0.9480268,0.941566,0.9999999,0.9491568,0.94944876,0.95961607,0.95399517,0.8778027,0.9544588,0.9563276,0.96326715,0.9520883,0.9583041,0.96336883,0.9389578,0.944206,0.9482151,0.94032127,0.95692414,0.9426265,0.9592039,0.96531,0.94560635,0.9495012,0.937347,0.95214456,0.9615537,0.9501897,0.9503375,0.95840204,0.9521895,0.95056695,0.9640624,0.96523184,0.94701535,0.9519336,0.9441014,0.9482711,0.94342744,0.9566936,0.96101564,0.94997823,0.9604584,0.9526753,0.9543475,0.9644792,0.95673156,0.94994915,0.94933575,0.95536727,0.95076495,0.95211065,0.95958155,0.853457,0.95554805,0.95704144,0.9545336,0.9400613,0.92473173,0.94934285,0.94947076,0.9498778,0.95347905,0.94852006,0.9672209,0.95230573,0.9545363,0.9490123,0.9563738,0.95489377,0.95439285,0.95659834,0.94662064,0.95958155,0.95779747,0.95543957,0.9566766,0.95234406,0.95060533,0.95747924,0.9544594,0.9554062,0.9519257,0.96108127,0.9542065,0.9553503,0.96147484,0.9626102,0.9546478,0.9604635,0.95040196,0.94834065,0.9577681,0.91342133,0.9641189,0.9200261,0.9595587,0.9561497,0.9599591,0.95580673,0.9652199,0.9512361,0.9481097,0.9515075,0.94844306,0.9475735,0.9620526,0.9601472,0.94472235,0.9557171,0.95102715,0.9422377,0.97349435,0.9552807,0.9513626,0.9499164,0.9574686,0.9528688,0.9525281,0.9588212,0.9603863,0.9477349,0.9725869,0.9638198,0.9567079,0.9558462,0.95287615,0.95873296,0.95653766,0.95507836,0.95915574,0.9520723,0.95579845,0.95166063,0.9515383,0.9300686,0.94606614,0.9542261,0.9552781,0.9526981,0.95510143,0.95277095,0.9725869,0.9458318,0.95693415,0.95445323,0.96044296
