movie,21bridgesmovie,47metersdown,abeautifuldaymovie,abominablemovie,adastramovie,adogsjourneymovie,aftermathmovie,aftermovie,ahiddenlifefilm,alitamovie,angelhasfallen,angrybirdsmovie,annabellemovie,annamovie,apollo11movie,arcticdogsmovie,arcticmovie,artofracingmovie,avengers,beachbummovie,bernadettefilm,blackandbluemovie,blackchristmas,blindedbythelightmovie,bombshellmovie,booksmart,breakthroughmovie,brianbanksmovie,brightburnmovie,brittanyrunsmov,captainmarvelofficial,captivestatemovie,catsmovie,charliesangels,childsplaymovie,clarathefilm,coldpursuitmovie,countdown,currentwarmovie,darkwatersmovie,detectivepikachumovie,disneyaladdin,disneyfrozen,disneymaleficent,doctorsleepmovie,dolemiteismyname,dontletgomovie,doramovie,downtonabbey_official,dumbo,escaperoom,everybodyknowsmovie,fastandfuriousmovie,fightingwmyfam,fivefeetapartfilm,fordvferrari,freaksthefilm,geminimanmovie,glassmovie,gloriabellmovie,godzillamovie,goldfinchmovie,goodboysmovie,goodliarmovie,gretafilm,halathemovie,happydeathdaymovie,harrietfilm,hellboymovie,hersmellmovie,highlifemovie,highstrungmovie,honeyboymovie,hotelmumbaifilm,httydragon,hustlemovie,hustlersmovie,isntitromantic,itmovieofficial,jayandsilentbob,johnwickmovie,jojorabbitmovie,jokermovie,judythefilm,jumanjimovie,justmercyfilm,knivesout,lalloronamovie,lastblackmansf,lastchristmasthemovie,latenightmovie,lighthousemovie,lionking,littlethemovie,littlewomenmovie,littlewoodsfilm,longshotmovie,lordsofchaosmovie,lucyintheskyfilm,mamovie2019,marriagestory,meettheaddams,meninblack,midsommarmovie,midwaymovie,missbalamovie,missinglinkfilm,motherlessbklyn,onceinhollywood,onthebasisofsex,overcomermovie,peanutbutterfalcon,petsematarymovie,piercingmovie,playingwithfire,playmobilthemovie,pomsmovie,queenandslim,rambomovie,readyornotfilm,richardjewellfilm,rocketmanmovie,scarystoriesmovie,secretlifeofpets,serenityfilm,shaftmovie,shazammovie,spidermanmovie,spiesindisguise,starwars,stormboymovie,stubermovie,taosdfilm,teenspiritmov,terminator,theaeronautsmov,thebestofenemies,thedeaddontdie,thefarewell,thehighwaymen,thehummingbirdprojectfilm,theintrudermovie,theirishmanfilm,thekitchenmovie,thelegomovie,themustangfilm,thenightingalefilm,theprodigymovie,thesunisalsoastar,theupsidefilm,tolkienmovie,toystory,triplefrontier,uglydolls,uncutgems,underthesilverlake,usmovie,wavesmovie,whatmenwant,wonderparkmovie,wrinklestheclown,xmenmovies,yardiefilm,yesterdaymovie,zombieland
21bridgesmovie,0.9999997,0.96496373,0.9690354,0.95915985,0.9646628,0.96632737,0.9679463,0.9633387,0.9827435,0.9634264,0.9634107,0.95898783,0.9622881,0.9699946,0.9736763,0.9733828,0.9628478,0.9621829,0.968346,0.96155286,0.966714,0.96417594,0.96669877,0.96512836,0.9538844,0.87365425,0.95559776,0.9647066,0.9547042,0.9531173,0.9654879,0.960763,0.9516375,0.95406127,0.9443726,0.92347455,0.9648835,0.97695345,0.9711504,0.95828635,0.95829564,0.96225035,0.9458765,0.9552567,0.96484435,0.9682595,0.9643883,0.96932745,0.95255274,0.95859087,0.9612837,0.97095287,0.9603062,0.9656891,0.96172345,0.96608204,0.96389,0.9685676,0.9607969,0.96158844,0.9556234,0.95952713,0.9618338,0.9678889,0.96118295,0.95302105,0.9625617,0.9600776,0.96155185,0.9619669,0.9672685,0.8156262,0.9627861,0.96493053,0.9590096,0.95544046,0.9392486,0.9584404,0.9528601,0.96249354,0.9685457,0.96305645,0.96292526,0.9569039,0.95744807,0.95935476,0.95286566,0.9661232,0.96288234,0.96047854,0.9642238,0.9672685,0.96420187,0.9580879,0.9594757,0.96762687,0.9616233,0.9697354,0.95382345,0.96230835,0.96985996,0.9570572,0.9600795,0.9622951,0.957493,0.95755947,0.96900374,0.9679694,0.95746666,0.96341944,0.96094847,0.8794658,0.96685934,0.9205294,0.9593039,0.9726499,0.9905458,0.9549758,0.96716535,0.9662992,0.9644676,0.96654576,0.9701748,0.9660257,0.9751381,0.9668762,0.9606978,0.9657889,0.9655434,0.9278083,0.9600194,0.95782673,0.96873635,0.9560549,0.96297276,0.95655245,0.97727424,0.9544152,0.96777016,0.96267575,0.9827435,0.9623001,0.9572991,0.96666574,0.96086776,0.95517194,0.95238996,0.9566878,0.9687329,0.96872795,0.9666212,0.9649569,0.9661428,0.9624965,0.95547855,0.9676237,0.96123314,0.96568763,0.9565494,0.96412593,0.9827435,0.96178025,0.9570055,0.9595589,0.95171565
47metersdown,0.96496373,0.99999946,0.9635052,0.9608998,0.9551461,0.965499,0.9638468,0.9692189,0.98012745,0.9543552,0.9562943,0.9533274,0.96974653,0.9699327,0.96966666,0.9751142,0.95814514,0.96178645,0.9558606,0.9554241,0.96416295,0.9533161,0.9621903,0.96704865,0.95381236,0.86909825,0.9576088,0.96275675,0.95336765,0.9522571,0.95776916,0.9569041,0.955877,0.95119935,0.94729614,0.92491937,0.95943826,0.9561097,0.9682098,0.9561956,0.95685005,0.9619912,0.95090383,0.9531646,0.96015245,0.95583284,0.96238405,0.9593833,0.9517675,0.95767015,0.9624848,0.9608537,0.96361274,0.9642006,0.9620498,0.9536166,0.95986295,0.96005034,0.9603717,0.9661519,0.95622224,0.95719516,0.962698,0.963257,0.95502037,0.9519573,0.9522271,0.9513392,0.9529614,0.94839287,0.9688842,0.83521235,0.94622,0.9683417,0.95598376,0.94472706,0.9339056,0.963676,0.95860577,0.96102726,0.96230006,0.9618889,0.96006995,0.9513635,0.9575821,0.9635282,0.9555923,0.96784806,0.9575178,0.95193756,0.9543274,0.9688842,0.9598459,0.9592946,0.9603251,0.9592702,0.9624496,0.95960945,0.95451194,0.95437944,0.95605683,0.95345336,0.95320344,0.96322805,0.9638032,0.9601841,0.96171534,0.9634643,0.95460135,0.9556346,0.9632798,0.9020155,0.9526167,0.9201491,0.9544085,0.9594324,0.9643592,0.94779015,0.9696119,0.9638067,0.965346,0.9623651,0.9686171,0.95998967,0.96583986,0.9588089,0.95309985,0.9570105,0.9589951,0.9237986,0.96232456,0.9563094,0.9622965,0.9515527,0.95274997,0.9583169,0.9576693,0.9464928,0.9649858,0.9603894,0.98012745,0.9578084,0.95134455,0.9665854,0.9513724,0.9468366,0.94957054,0.9576947,0.9629075,0.9480486,0.9673296,0.95564497,0.960791,0.9425058,0.95644736,0.9666671,0.9600065,0.9565264,0.95084465,0.9603751,0.98012745,0.95608664,0.9643293,0.9558302,0.9574894
abeautifuldaymovie,0.9690354,0.9635052,1.0,0.9584659,0.96755934,0.9670012,0.9688227,0.9642045,0.983241,0.96484864,0.9632114,0.96823895,0.9681168,0.97436816,0.971678,0.9657095,0.96780723,0.9649547,0.9570625,0.9623072,0.9646546,0.9742613,0.9694415,0.9735852,0.95624304,0.8623769,0.96271443,0.96642536,0.9769566,0.9538766,0.9650387,0.95658773,0.9514951,0.9639722,0.9469898,0.92568713,0.9697588,0.9618293,0.96584064,0.962812,0.9590299,0.96641463,0.95374274,0.95294267,0.96338403,0.9564767,0.96561944,0.96415037,0.95410705,0.9588289,0.9832313,0.9679244,0.96798515,0.96583736,0.9479035,0.9622105,0.96201503,0.96780676,0.9630576,0.96086276,0.9645346,0.96345216,0.9639301,0.97171515,0.96452165,0.95340157,0.9552657,0.95899373,0.9569577,0.9578745,0.96657115,0.80910385,0.9559311,0.96802455,0.9600445,0.94443303,0.94369394,0.95404714,0.9591991,0.96202576,0.96892494,0.96315056,0.9659118,0.95893586,0.9731419,0.9650412,0.9632992,0.96583134,0.9621153,0.9620029,0.9528719,0.96657115,0.9640822,0.9635584,0.9763059,0.9731805,0.96621674,0.9692099,0.9576956,0.96770763,0.9638174,0.9538594,0.9692817,0.9661201,0.9622204,0.9786982,0.9651666,0.9648289,0.95905614,0.96179044,0.96387297,0.8889674,0.9599163,0.9251047,0.9523507,0.96317005,0.96712434,0.9569645,0.9691071,0.9644748,0.95986795,0.9655378,0.9718587,0.96293926,0.97102344,0.9632281,0.961038,0.9671281,0.966609,0.9427318,0.9626504,0.9568465,0.9631844,0.9505101,0.9658832,0.956573,0.9657508,0.94989425,0.9654289,0.95861304,0.983241,0.97996396,0.9508527,0.96577764,0.95901686,0.9594658,0.9568698,0.95915097,0.9659951,0.9562978,0.9659173,0.973326,0.96089834,0.9511916,0.9589325,0.9669258,0.9636623,0.9635278,0.9611343,0.95854867,0.983241,0.96024096,0.9638642,0.9662875,0.97116715
abominablemovie,0.95915985,0.9608998,0.9584659,1.0000002,0.95997626,0.9543234,0.9576305,0.9608131,0.9729032,0.95778364,0.95678055,0.93684566,0.9594179,0.96230346,0.9542837,0.96266437,0.9505678,0.9633874,0.953611,0.9374286,0.95460844,0.95582294,0.96225595,0.96236205,0.9428007,0.86443686,0.9565389,0.9590142,0.9600468,0.9499242,0.95496327,0.95063746,0.9471742,0.9466996,0.94256,0.92830825,0.95766175,0.951917,0.95808643,0.9467614,0.94784683,0.9536015,0.93370193,0.9467162,0.9507468,0.94382226,0.96079284,0.95875734,0.95469964,0.95140296,0.9563915,0.9611892,0.9498938,0.9443521,0.9498518,0.9492158,0.95508444,0.9553256,0.9671812,0.95284796,0.95306605,0.95923346,0.95085174,0.95746833,0.9530973,0.953339,0.9513439,0.9493794,0.9476734,0.9539382,0.957399,0.8206275,0.94664264,0.9605592,0.96167064,0.9503482,0.9375155,0.9493252,0.95459884,0.9485231,0.96314394,0.95248044,0.9545086,0.951931,0.9565933,0.95028144,0.95737326,0.95732564,0.9564146,0.95838386,0.9503386,0.957399,0.95244616,0.95291936,0.95078737,0.9628334,0.95343924,0.95908964,0.95400697,0.95280355,0.95116,0.943236,0.9581742,0.94649506,0.9468948,0.9544441,0.96481586,0.95408255,0.95655906,0.9427201,0.9581181,0.8869385,0.94997823,0.9286557,0.96089303,0.9521528,0.9576668,0.94880575,0.96444577,0.9553539,0.95993334,0.96305746,0.9623702,0.94779986,0.964327,0.9606959,0.9555674,0.94766986,0.95000666,0.9235147,0.94413,0.95024407,0.955106,0.9361239,0.95192814,0.9562154,0.9543008,0.94569427,0.9549705,0.94550425,0.9729032,0.9597665,0.9480728,0.95598495,0.9550577,0.9456353,0.94284606,0.95489424,0.95344347,0.95690644,0.957977,0.9562477,0.9532434,0.9343221,0.9465389,0.9545035,0.95048887,0.9463493,0.95080125,0.9593941,0.9729032,0.95303965,0.9577491,0.9552859,0.94554096
adastramovie,0.9646628,0.9551461,0.96755934,0.95997626,1.0000002,0.95545805,0.95465297,0.95921093,0.980319,0.974917,0.9574088,0.95148116,0.9576509,0.9707869,0.9632916,0.9653968,0.96308297,0.9812095,0.9511172,0.9497264,0.9623477,0.96526235,0.9642688,0.95793265,0.95027834,0.8609808,0.97457385,0.9563843,0.9636375,0.95597106,0.9557895,0.9553429,0.9494462,0.95654446,0.9394337,0.9245485,0.9585782,0.9576757,0.96414495,0.9558559,0.9553259,0.9637652,0.9437714,0.9544179,0.96296775,0.9576417,0.96198976,0.9652966,0.9567375,0.9573252,0.97046375,0.9702251,0.9570528,0.95122313,0.95125335,0.9773978,0.9618015,0.96989834,0.9591681,0.9610684,0.95881623,0.9602581,0.95853615,0.96900934,0.96921694,0.95213604,0.94413155,0.96452874,0.96578455,0.96212953,0.96519536,0.8013557,0.9595536,0.9572586,0.96520936,0.9409925,0.9398192,0.95642465,0.95402795,0.9612509,0.95887786,0.9480025,0.9596863,0.9566755,0.9628084,0.950095,0.9617153,0.96564496,0.9635155,0.95763415,0.9617067,0.96519536,0.9552289,0.95816094,0.9612939,0.9655804,0.9611575,0.97109026,0.9500412,0.9554585,0.9597223,0.94409,0.95813733,0.9605597,0.9612635,0.9657302,0.9636516,0.96776205,0.95087314,0.9515468,0.96686566,0.88263404,0.96319795,0.93008816,0.9563037,0.9601075,0.96514624,0.95261335,0.9668289,0.95339435,0.9599381,0.9666174,0.96953803,0.9631329,0.96807325,0.9594331,0.96433693,0.958113,0.9769746,0.9329422,0.9605026,0.96718824,0.9553756,0.9446613,0.9669719,0.9588659,0.96484625,0.9558117,0.9653863,0.9572553,0.980319,0.96595114,0.9505199,0.9646342,0.96310526,0.96454585,0.9583229,0.95192814,0.9620396,0.964304,0.95681834,0.9614133,0.95803607,0.95080084,0.9562503,0.95789325,0.94866556,0.9554018,0.96281517,0.96581185,0.980319,0.9631573,0.9590865,0.96127605,0.9568428
adogsjourneymovie,0.96632737,0.965499,0.9670012,0.9543234,0.95545805,1.0000004,0.95583254,0.96938515,0.9803068,0.95302474,0.9539298,0.9650955,0.9584049,0.9690796,0.9666059,0.96959025,0.9587175,0.9624496,0.9598327,0.95496035,0.9689009,0.96130556,0.96928364,0.9617288,0.95662224,0.8708604,0.9558763,0.9554454,0.9554181,0.95366013,0.9630257,0.9609895,0.9556441,0.94702846,0.955303,0.9415626,0.9621966,0.9564224,0.9629035,0.9562453,0.95868886,0.9601131,0.9468045,0.95140934,0.9645228,0.9602601,0.9619244,0.9673244,0.95304555,0.95637685,0.9648016,0.9660642,0.96260685,0.9578874,0.9634223,0.96233207,0.9589477,0.96457857,0.95839477,0.96128285,0.953704,0.9593141,0.96299165,0.96689075,0.9577592,0.9589553,0.9571824,0.95248747,0.9564997,0.95586646,0.96499914,0.8111989,0.9572305,0.95529836,0.9653021,0.94904673,0.9237369,0.9572354,0.95711654,0.9646477,0.9548666,0.9532984,0.95149195,0.9535127,0.9569247,0.96516764,0.9579407,0.9622675,0.9575885,0.961046,0.96316475,0.96499914,0.9558039,0.9664424,0.9586077,0.95739824,0.9669367,0.9641258,0.94671637,0.96469814,0.96213543,0.96144634,0.9569466,0.96193093,0.9536445,0.9592732,0.9698547,0.9610412,0.95709115,0.95522213,0.96572906,0.8908781,0.9579572,0.92770815,0.9545205,0.9641046,0.96800053,0.9578074,0.96639943,0.95690876,0.95682895,0.96012396,0.9691487,0.9774243,0.9685958,0.9628638,0.9659978,0.96118337,0.95764023,0.92720395,0.9662222,0.9482447,0.9607455,0.9545837,0.95945626,0.9550823,0.9597653,0.9564919,0.9620974,0.9634994,0.9803068,0.9621481,0.9598085,0.96370834,0.9529226,0.95795614,0.9539641,0.96420205,0.95758605,0.9586863,0.95888287,0.9556168,0.9600192,0.9451455,0.95462716,0.9680557,0.9671397,0.96149236,0.9575333,0.95936996,0.9803068,0.9603259,0.9573172,0.96058404,0.9574469
aftermathmovie,0.9679463,0.9638468,0.9688227,0.9576305,0.95465297,0.95583254,1.0000002,0.9629159,0.9802769,0.9572052,0.9659076,0.9539804,0.96580625,0.96712476,0.9683878,0.96959853,0.9600085,0.9628658,0.95983815,0.95610774,0.9628559,0.96184075,0.9633301,0.9705492,0.9582542,0.86060447,0.9584106,0.9634308,0.9619784,0.96012664,0.97110534,0.95857,0.9587656,0.94817334,0.94525355,0.918046,0.970662,0.9568114,0.9667544,0.96258146,0.9585283,0.96098393,0.9422651,0.9572066,0.9575224,0.9579733,0.96622974,0.96123964,0.96128047,0.9567437,0.95749027,0.9693155,0.9635258,0.96641004,0.950506,0.95755476,0.96742463,0.9689538,0.96744114,0.9640694,0.96228534,0.96320736,0.9588218,0.96377766,0.9606334,0.95716786,0.9637459,0.95715046,0.95060533,0.95113695,0.96683127,0.82239085,0.9549507,0.96130085,0.95502293,0.9514607,0.94169414,0.95955956,0.9560062,0.9566559,0.9651087,0.9816103,0.96593285,0.9521157,0.9529532,0.96626467,0.9591029,0.9691929,0.96426296,0.9643385,0.9603262,0.96683127,0.9644292,0.9608975,0.9557288,0.97134066,0.9670548,0.9621953,0.97389776,0.9600839,0.96358186,0.955797,0.9623489,0.96086603,0.9567668,0.9588682,0.95767033,0.96496594,0.95512944,0.95931655,0.9625532,0.9026899,0.960475,0.92948353,0.9575156,0.96311724,0.96812296,0.95021164,0.9650096,0.98742366,0.96775854,0.9695857,0.963686,0.95226693,0.97263753,0.9642988,0.957035,0.95570433,0.9591582,0.9331272,0.95344335,0.9554544,0.9671189,0.95426375,0.9684005,0.95967805,0.9637035,0.9510485,0.96566844,0.9604189,0.9802769,0.9666921,0.9533379,0.9620288,0.95681906,0.953729,0.94763297,0.9607745,0.971671,0.9523214,0.9852843,0.9650809,0.9570432,0.9504267,0.95027363,0.9610028,0.9608436,0.95963156,0.9604401,0.9669235,0.9802769,0.9525619,0.9659246,0.965975,0.95016944
aftermovie,0.9633387,0.9692189,0.9642045,0.9608131,0.95921093,0.96938515,0.9629159,0.99999964,0.98096365,0.95434004,0.9591827,0.9588387,0.9604887,0.96732134,0.96453494,0.96533227,0.95830894,0.96316004,0.9564829,0.9547027,0.9683624,0.95621246,0.9664308,0.96767175,0.96006924,0.8669994,0.95570034,0.9579642,0.95454395,0.9607713,0.96388745,0.9528716,0.95281416,0.9492937,0.9426212,0.92808235,0.9623158,0.9611816,0.9668165,0.9501206,0.9635093,0.9670743,0.9530324,0.95872724,0.963988,0.9543864,0.9628977,0.9677073,0.9593312,0.9665722,0.96061707,0.96263427,0.96751755,0.95997703,0.97289383,0.9520825,0.9663727,0.96122193,0.96158284,0.96370953,0.9519594,0.9654484,0.96344584,0.96773845,0.95559746,0.95468885,0.9576048,0.95122397,0.95406216,0.95267236,0.96719694,0.826812,0.9500581,0.9591342,0.9612653,0.9482077,0.93655,0.95766926,0.9565534,0.9617566,0.9652621,0.96117115,0.9620276,0.94792885,0.9518822,0.95842946,0.95879734,0.9683873,0.9568468,0.9609909,0.9602369,0.96719694,0.9604786,0.9521702,0.9555218,0.96691823,0.9631155,0.9651707,0.9535196,0.96198595,0.95988715,0.9514584,0.9510394,0.96001875,0.958915,0.95593214,0.96819663,0.960983,0.95766276,0.94949394,0.9628806,0.88493276,0.95563394,0.9288087,0.953112,0.9626197,0.9660275,0.9532109,0.96286786,0.95925575,0.96324897,0.9618234,0.969034,0.9642582,0.9698855,0.95832646,0.96195084,0.9585441,0.954868,0.9320791,0.96050125,0.9502174,0.95502955,0.9468402,0.96008974,0.9640719,0.9662755,0.94685346,0.96540475,0.9627544,0.98096365,0.95912516,0.9558958,0.96181726,0.95129144,0.9520308,0.95481175,0.95896995,0.9649291,0.9514708,0.96575564,0.95775753,0.95497537,0.94369775,0.9623597,0.95999265,0.95859987,0.96073,0.9705605,0.96172684,0.98096365,0.9542264,0.9626013,0.9639591,0.9553314
ahiddenlifefilm,0.9827435,0.98012745,0.983241,0.9729032,0.980319,0.9803068,0.9802769,0.98096365,0.99999994,0.97652733,0.9770573,0.9733808,0.97682405,0.98601854,0.9825654,0.9843987,0.9788419,0.98079926,0.97215545,0.9696135,0.9787699,0.97842,0.98378944,0.9839486,0.97254646,0.88693243,0.9807564,0.9767803,0.978481,0.9765019,0.9801275,0.9766141,0.9706204,0.96922356,0.9657788,0.9465462,0.9832207,0.97347844,0.98304415,0.97685975,0.9765016,0.9810789,0.9656098,0.97462577,0.9797319,0.97814614,0.98058754,0.98248535,0.9745375,0.97750956,0.98247933,0.98603743,0.97895396,0.97849554,0.97500134,0.97769827,0.98136723,0.98362285,0.9800278,0.9808417,0.9742479,0.9787004,0.97830033,0.9839771,0.97826886,0.9746724,0.97273946,0.97597075,0.97577316,0.97477466,0.9840166,0.83366007,0.9742359,0.9763703,0.9765347,0.9644972,0.95324147,0.9779718,0.9746764,0.9772752,0.9786563,0.9763473,0.976367,0.976302,0.973668,0.9752396,0.9767474,0.9802089,0.9791079,0.9778303,0.97713464,0.9840166,0.9775052,0.97542506,0.97914666,0.9804849,0.9817753,0.984489,0.9702108,0.97706205,0.98215216,0.96968156,0.9717386,0.98119396,0.97672856,0.97904295,0.9820146,0.9824239,0.9737932,0.9722998,0.98256516,0.9056199,0.97782415,0.9472735,0.97439677,0.97999555,0.9836457,0.97377163,0.9828608,0.97745824,0.9794854,0.9811244,0.98465383,0.97884035,0.98532546,0.98030347,0.97530264,0.9766802,0.9803094,0.9502064,0.9756945,0.97389436,0.978421,0.97183627,0.98081976,0.9777526,0.9797617,0.9741977,0.9809194,0.9777994,0.99999994,0.98044574,0.97400826,0.9826174,0.9749276,0.97547436,0.97325474,0.9759824,0.9820126,0.97509426,0.9810368,0.9789833,0.9784007,0.96399635,0.9726178,0.9816583,0.9781744,0.9765112,0.9765312,0.97893006,0.99999994,0.9744569,0.97628814,0.9809234,0.9738772
alitamovie,0.9634264,0.9543552,0.96484864,0.95778364,0.974917,0.95302474,0.9572052,0.95434004,0.97652733,1.0000001,0.95363605,0.94877887,0.95985454,0.96165675,0.95862514,0.9616381,0.9620903,0.9666487,0.9445605,0.9457462,0.96524876,0.95561427,0.9647298,0.962171,0.95450944,0.86807317,0.96673995,0.95625806,0.9542064,0.95445067,0.9563529,0.9466299,0.952989,0.9554717,0.93520516,0.9192403,0.9638661,0.9599016,0.96118736,0.9514711,0.9538092,0.960409,0.94250375,0.9552159,0.96433616,0.95764256,0.96702075,0.95673233,0.95578235,0.9554602,0.9629228,0.9639586,0.96322256,0.9521433,0.94826853,0.96850586,0.9591561,0.964808,0.95849663,0.9589439,0.95757556,0.95827734,0.9528885,0.9643099,0.9585837,0.95262724,0.9490427,0.95762277,0.96065134,0.9594535,0.96425945,0.8094243,0.9568037,0.95383024,0.95667386,0.9402455,0.9410783,0.9490131,0.9519772,0.9559622,0.9556047,0.95178103,0.9627672,0.95644367,0.9619748,0.95102775,0.95390713,0.96554756,0.96723205,0.9588901,0.9617798,0.96425945,0.95672935,0.95070076,0.96159256,0.9631794,0.9586692,0.96284366,0.9588239,0.9547362,0.96353006,0.9527135,0.9476823,0.95697105,0.9643163,0.95826,0.95902085,0.9614559,0.9513408,0.94952697,0.96405905,0.88145834,0.9651426,0.92163026,0.9549787,0.959307,0.9648811,0.9530987,0.9590589,0.9554165,0.9664874,0.9641583,0.9673964,0.9603587,0.96405286,0.9593527,0.9582912,0.9507609,0.9657208,0.9281603,0.95728594,0.95930046,0.9569316,0.95782536,0.96691865,0.95468676,0.9584344,0.9549274,0.96534675,0.95456177,0.97652733,0.95517164,0.949321,0.96306837,0.95981854,0.9497306,0.94987696,0.9454415,0.9613391,0.96081495,0.9577214,0.95291275,0.95849514,0.9526194,0.9533709,0.95688516,0.9523336,0.96123344,0.9522252,0.9587228,0.97652733,0.9612143,0.9625551,0.95896804,0.9502892
angelhasfallen,0.9634107,0.9562943,0.9632114,0.95678055,0.9574088,0.9539298,0.9659076,0.9591827,0.9770573,0.95363605,0.99999964,0.94968855,0.9619748,0.9615367,0.9649628,0.960937,0.9561989,0.9558856,0.95753956,0.9503454,0.9605364,0.9583865,0.9539657,0.9598706,0.9493862,0.85369897,0.95465,0.95951366,0.96390164,0.95668423,0.9599696,0.9632837,0.9489238,0.95088583,0.9519504,0.9276773,0.9637347,0.9480085,0.9610959,0.96563625,0.95162046,0.9629729,0.9376772,0.9512169,0.95872164,0.95655245,0.9556296,0.9571714,0.9517484,0.9585737,0.96189225,0.97079295,0.94877607,0.95663154,0.952449,0.95093083,0.9606722,0.9653022,0.9500529,0.96205276,0.95688814,0.953635,0.96156794,0.95758605,0.96073526,0.96854407,0.96145636,0.95569307,0.966737,0.9494897,0.9647828,0.81071573,0.9427627,0.95731986,0.96306,0.9548115,0.9282713,0.9560414,0.9503952,0.94846064,0.9716502,0.9667672,0.9567143,0.95177805,0.953276,0.95379883,0.96629506,0.9596217,0.95827425,0.9579087,0.95797664,0.9647828,0.961717,0.9559917,0.95612663,0.96699965,0.9691412,0.9558929,0.94760466,0.9513937,0.95737725,0.9521319,0.96103233,0.9583875,0.9567408,0.959687,0.95513827,0.9580384,0.94669586,0.9593092,0.9600398,0.8965427,0.9551502,0.92792875,0.95727736,0.9692175,0.95727175,0.9533192,0.95753247,0.95946085,0.9545282,0.9610524,0.9616748,0.9565128,0.9666182,0.9603457,0.9559839,0.96234924,0.96059716,0.92706084,0.95088327,0.94988734,0.9560464,0.9458081,0.95843107,0.9553971,0.95710915,0.9529761,0.96083796,0.9534808,0.9770573,0.9615514,0.95203924,0.9575999,0.9496318,0.9593488,0.95402277,0.96210825,0.96131444,0.9497764,0.96049935,0.9552636,0.9462827,0.94096243,0.9489141,0.96130055,0.95022184,0.95356345,0.9641543,0.96157706,0.9770573,0.94317734,0.9512973,0.95463735,0.9556446
angrybirdsmovie,0.95898783,0.9533274,0.96823895,0.93684566,0.95148116,0.9650955,0.9539804,0.9588387,0.9733808,0.94877887,0.94968855,0.99999994,0.94872314,0.96992743,0.9621205,0.9595354,0.95524704,0.94957495,0.95508176,0.9553814,0.9616975,0.95674896,0.9650927,0.963301,0.9472254,0.8472309,0.9458083,0.9573379,0.95419466,0.9599864,0.9567634,0.9488597,0.94115084,0.9501043,0.94126284,0.9112174,0.96374995,0.94666284,0.9610286,0.95913637,0.9510107,0.96314925,0.9585157,0.9579876,0.9608511,0.9508814,0.957588,0.965299,0.9512731,0.96039546,0.9673877,0.9620881,0.95579123,0.96022063,0.953105,0.9527419,0.95350385,0.96166325,0.9533319,0.95695007,0.9468366,0.9545247,0.960071,0.96753746,0.9618168,0.9461215,0.94848686,0.9461659,0.94418746,0.94347453,0.9592205,0.8141024,0.9479782,0.9556963,0.9477188,0.93553716,0.9192525,0.94897556,0.94836897,0.9563109,0.95340097,0.95257896,0.95499635,0.9483725,0.95356053,0.95030123,0.9499701,0.9581452,0.9501677,0.96415037,0.95357,0.9592205,0.94993997,0.95650464,0.96004367,0.95207334,0.9572417,0.95752794,0.948068,0.9539799,0.9558882,0.9485735,0.94868493,0.9602852,0.95380014,0.96192145,0.9615134,0.9535825,0.95155984,0.9550936,0.9582013,0.8743844,0.9501898,0.91418564,0.9408016,0.9527961,0.95916003,0.9573806,0.9545704,0.9549019,0.95309776,0.9488328,0.96570665,0.96608615,0.96451217,0.9548029,0.9497495,0.95759845,0.9632646,0.94392467,0.95982534,0.9440557,0.95286363,0.9501019,0.95368797,0.9551955,0.9561572,0.94778144,0.9634567,0.9526233,0.9733808,0.9606801,0.944535,0.9580347,0.95724624,0.95043296,0.9491822,0.9546663,0.9576598,0.9451533,0.95791125,0.95498425,0.95462596,0.9436141,0.9513072,0.95817685,0.96102154,0.96242595,0.94859296,0.9435215,0.9733808,0.9454526,0.9496993,0.9590609,0.9621713
annabellemovie,0.9622881,0.96974653,0.9681168,0.9594179,0.9576509,0.9584049,0.96580625,0.9604887,0.97682405,0.95985454,0.9619748,0.94872314,1.0000002,0.96635604,0.96485573,0.9649575,0.9585141,0.9634697,0.95293653,0.9527547,0.9636511,0.95298743,0.9625278,0.96748656,0.94695026,0.8717143,0.948868,0.9639046,0.9524785,0.9518256,0.9568355,0.95294607,0.9585483,0.9450535,0.9495846,0.9240753,0.96076196,0.96451616,0.96308124,0.95075804,0.966336,0.95808834,0.94328994,0.9484876,0.9615963,0.95309573,0.96170264,0.95684826,0.9512508,0.95120996,0.96039695,0.9627864,0.9623935,0.9596179,0.95539004,0.9579984,0.9584358,0.96002907,0.9581748,0.95734245,0.9713335,0.9576713,0.96021646,0.9664538,0.9554741,0.9581363,0.9496875,0.955938,0.95603234,0.95259064,0.96054524,0.81104743,0.95296794,0.9690621,0.9612491,0.9434019,0.9419794,0.95233613,0.95517766,0.9485987,0.96356785,0.9611577,0.96949786,0.95026416,0.96480685,0.9558676,0.9636781,0.9842141,0.95678043,0.95176744,0.9600925,0.96054524,0.9581136,0.9541961,0.95714176,0.9628621,0.96225274,0.96173626,0.9578582,0.956081,0.95718306,0.94577926,0.9458376,0.955598,0.9559242,0.95869154,0.95485234,0.96832407,0.94720185,0.9597139,0.9558305,0.8953121,0.9631958,0.928822,0.9591276,0.96501076,0.9618572,0.94227725,0.965665,0.9627112,0.9671958,0.9523456,0.96534073,0.9538398,0.9633433,0.9583835,0.96964383,0.9564296,0.95715517,0.9228637,0.95827484,0.95156056,0.9627236,0.9485402,0.96062404,0.9496194,0.9571168,0.946488,0.95591825,0.9522093,0.97682405,0.9524569,0.9487763,0.9635762,0.95338565,0.95079917,0.9448039,0.9626243,0.968379,0.94637775,0.9591549,0.9523724,0.95099527,0.93760926,0.9487408,0.9572638,0.9515325,0.9494533,0.9535345,0.9642992,0.97682405,0.95281315,0.9638196,0.9580716,0.9496568
annamovie,0.9699946,0.9699327,0.97436816,0.96230346,0.9707869,0.9690796,0.96712476,0.96732134,0.98601854,0.96165675,0.9615367,0.96992743,0.96635604,1.0000005,0.9747153,0.97203225,0.9682051,0.97413945,0.9623896,0.9603978,0.96688944,0.97129506,0.97112614,0.96829444,0.9605271,0.8640443,0.9696225,0.96920556,0.9696752,0.9667296,0.9676109,0.9634487,0.95933616,0.9573658,0.9563552,0.9298043,0.9671333,0.96004415,0.9719757,0.96584666,0.964839,0.970266,0.95612526,0.96076345,0.9664681,0.96455723,0.9691854,0.97127444,0.9613823,0.96465796,0.9740978,0.9741124,0.9680543,0.96826994,0.9602482,0.97061485,0.9680736,0.9696852,0.97064775,0.9637096,0.9673876,0.9683053,0.9717462,0.98338234,0.96777195,0.9585517,0.96067536,0.9627124,0.9541063,0.96112376,0.9648647,0.8066999,0.9609476,0.9661343,0.96188605,0.9507032,0.941842,0.963504,0.95735425,0.96731,0.9683278,0.9610889,0.9681694,0.96444863,0.96252435,0.96312046,0.95590377,0.9720869,0.9629085,0.96460146,0.965784,0.9648647,0.9644373,0.9700246,0.9631281,0.9649508,0.96744883,0.9719015,0.9576653,0.9690729,0.96783006,0.95852923,0.9636103,0.9620947,0.970472,0.97193205,0.97046435,0.9714067,0.96455735,0.963173,0.97023576,0.9012186,0.9592527,0.9261477,0.9577766,0.96762496,0.9682835,0.964674,0.9769723,0.96561444,0.97120196,0.96118474,0.9731505,0.9661321,0.97421795,0.9743535,0.9634817,0.9643213,0.97310543,0.9342892,0.9647636,0.96235406,0.964342,0.95194244,0.96499246,0.968597,0.96454215,0.9560272,0.96186036,0.9661488,0.98601854,0.9715198,0.9613777,0.97044,0.96701473,0.9609642,0.95568556,0.96924955,0.9688683,0.9609466,0.969415,0.96514577,0.9656811,0.9498798,0.9552373,0.9673464,0.9673697,0.96002746,0.96395314,0.9633814,0.98601854,0.9615963,0.96595275,0.9655112,0.9639004
apollo11movie,0.9736763,0.96966666,0.971678,0.9542837,0.9632916,0.9666059,0.9683878,0.96453494,0.9825654,0.95862514,0.9649628,0.9621205,0.96485573,0.9747153,1.0,0.9720086,0.9562068,0.9601485,0.9660153,0.97702837,0.96424055,0.9627455,0.9677477,0.96314955,0.9557398,0.8688971,0.96019596,0.958107,0.9597067,0.95937806,0.9649342,0.96253645,0.9542822,0.95188516,0.9470235,0.9298947,0.9640754,0.9629728,0.9679829,0.96131694,0.9592973,0.96621114,0.94480467,0.9555066,0.9690714,0.9676879,0.9692893,0.96175843,0.9479417,0.9589989,0.966331,0.97187656,0.96152925,0.96134466,0.9558434,0.9641083,0.96261114,0.9662886,0.9550717,0.9663765,0.96074665,0.95202184,0.9660873,0.96842074,0.9696216,0.9545865,0.9649079,0.9593855,0.96070826,0.95652306,0.96603703,0.79796225,0.95163083,0.9605846,0.95744157,0.9480608,0.93124473,0.9585338,0.9518657,0.95828116,0.9597114,0.95938474,0.9576615,0.9561139,0.958291,0.95813423,0.959792,0.9678743,0.9619151,0.957123,0.9628088,0.96603703,0.96188235,0.96211994,0.96190065,0.9748868,0.96291417,0.96867913,0.94964486,0.96024513,0.9633086,0.95531386,0.95856565,0.96254647,0.96773094,0.9628421,0.96223706,0.96509427,0.9565123,0.96602154,0.96906847,0.8800622,0.9584074,0.9258891,0.95726806,0.9619723,0.9698788,0.9568789,0.96343696,0.96592826,0.96245456,0.9633682,0.9719655,0.96839267,0.96946406,0.9648384,0.9533405,0.95932484,0.9680032,0.9259324,0.9594183,0.9585575,0.961174,0.9517735,0.9581709,0.9602828,0.9659447,0.9550123,0.96414137,0.9618887,0.9825654,0.9651373,0.95332223,0.9641547,0.9541473,0.9621433,0.95968467,0.9610198,0.96182233,0.95789874,0.9662068,0.9643011,0.9611916,0.95457876,0.95408773,0.96664315,0.96606964,0.9626475,0.95645726,0.9556685,0.9825654,0.95229596,0.96431464,0.96022266,0.9591972
arcticdogsmovie,0.9733828,0.9751142,0.9657095,0.96266437,0.9653968,0.96959025,0.96959853,0.96533227,0.9843987,0.9616381,0.960937,0.9595354,0.9649575,0.97203225,0.9720086,1.0000004,0.9679064,0.96918887,0.9598437,0.9567608,0.96201265,0.965772,0.9704367,0.97064215,0.9588018,0.88937575,0.9655924,0.96393824,0.9617503,0.96116275,0.9659228,0.96085525,0.96156174,0.9536911,0.9550232,0.9355177,0.9629773,0.9663439,0.9727651,0.9617334,0.96053797,0.96499693,0.94648147,0.96147215,0.96109366,0.97203785,0.9678063,0.96804255,0.96308374,0.9625705,0.96750206,0.9695079,0.96009517,0.96233404,0.9674407,0.96500987,0.9655573,0.96933436,0.9695096,0.9715073,0.9623524,0.9654263,0.9656672,0.9668197,0.96470326,0.95372015,0.96181,0.9626644,0.96444947,0.9600881,0.9740576,0.8323573,0.9642201,0.96656597,0.96231484,0.94947934,0.9476496,0.9655471,0.96460944,0.9627978,0.9682259,0.9638916,0.96171737,0.96540487,0.96176606,0.96487683,0.9641595,0.9665932,0.966776,0.9642695,0.9612341,0.9740576,0.96406466,0.9590847,0.95932406,0.96639574,0.96965003,0.9684644,0.9567873,0.959176,0.9723842,0.9579044,0.95908165,0.9662095,0.9659883,0.96578664,0.9685195,0.97387785,0.9647293,0.9611098,0.9706367,0.8976221,0.96134716,0.93568146,0.96140456,0.969406,0.9754263,0.96172565,0.9727235,0.96945274,0.9694198,0.96909714,0.9733935,0.9712565,0.97239965,0.9662015,0.96058106,0.96702015,0.96713555,0.928746,0.95924115,0.9618773,0.9688546,0.95703375,0.9638986,0.9605825,0.96658134,0.9590231,0.9711722,0.97163093,0.9843987,0.9662206,0.9651107,0.9726615,0.9580238,0.9557237,0.9538787,0.96299523,0.9649535,0.96712554,0.9676111,0.96057874,0.97342783,0.95644164,0.9623159,0.9668948,0.9695613,0.967877,0.9501033,0.96418893,0.9843987,0.964119,0.963227,0.96808493,0.95919406
arcticmovie,0.9628478,0.95814514,0.96780723,0.9505678,0.96308297,0.9587175,0.9600085,0.95830894,0.9788419,0.9620903,0.9561989,0.95524704,0.9585141,0.9682051,0.9562068,0.9679064,1.0000002,0.958955,0.94370687,0.9470796,0.96510184,0.95740867,0.9651341,0.97023475,0.96003777,0.86772865,0.9658765,0.97591585,0.9605623,0.95706654,0.95367515,0.96159726,0.94793075,0.9509244,0.9490039,0.9247134,0.9612498,0.95732373,0.9607353,0.9589784,0.95966905,0.9662708,0.94722027,0.95894134,0.9609291,0.9602021,0.96214586,0.96236485,0.956273,0.9597796,0.9650627,0.96715283,0.9627168,0.96413165,0.9546551,0.9545504,0.96572566,0.9689105,0.96690565,0.9586999,0.9569607,0.9619358,0.9613812,0.9620265,0.9591927,0.94943064,0.9512795,0.9610735,0.9556277,0.95500076,0.9647724,0.8206966,0.96106476,0.96186256,0.9546484,0.9414378,0.9468136,0.9544097,0.9584192,0.9555813,0.9612414,0.9524668,0.95436543,0.95771706,0.96300966,0.9565561,0.95379645,0.96416163,0.95636046,0.961959,0.9559829,0.9647724,0.9615602,0.95576,0.9610175,0.9601343,0.96396255,0.961835,0.9484258,0.95820755,0.96361697,0.9555976,0.9506119,0.96416295,0.95625263,0.9608573,0.96409994,0.96512324,0.9498839,0.9525384,0.96313226,0.88154924,0.9654484,0.9208214,0.95352197,0.96068835,0.96542346,0.94372755,0.96475846,0.9577475,0.9586268,0.96177477,0.96449417,0.95902276,0.96661603,0.9612168,0.9613928,0.95321816,0.96165735,0.9349787,0.9604215,0.95913297,0.9802176,0.9628189,0.96699786,0.9544409,0.95675635,0.9548521,0.96364677,0.96034485,0.9788419,0.9646883,0.9598882,0.9633001,0.9559521,0.95070565,0.9464474,0.96085316,0.9639697,0.95435685,0.95687205,0.9614035,0.96014106,0.95526385,0.9541564,0.9640495,0.9577766,0.9561639,0.9567212,0.95995873,0.9788419,0.9543228,0.95228785,0.95949554,0.9569329
artofracingmovie,0.9621829,0.96178645,0.9649547,0.9633874,0.9812095,0.9624496,0.9628658,0.96316004,0.98079926,0.9666487,0.9558856,0.94957495,0.9634697,0.97413945,0.9601485,0.96918887,0.958955,0.9999998,0.95377755,0.9475235,0.96103776,0.9653986,0.9679627,0.95790863,0.9536904,0.8678194,0.97284466,0.95864356,0.9634274,0.961408,0.9614931,0.9578754,0.9578555,0.94918007,0.952173,0.9402836,0.9597905,0.9587999,0.9664605,0.95224303,0.9596839,0.957567,0.93985206,0.9492363,0.9601354,0.96009564,0.96472615,0.96907353,0.9603725,0.95046604,0.9643964,0.96853495,0.959278,0.957141,0.96071845,0.9749098,0.96269053,0.9677142,0.9651547,0.9576775,0.965751,0.9642386,0.96560824,0.9703231,0.9653373,0.95907456,0.9552771,0.9620778,0.96028054,0.9584438,0.96308947,0.8155002,0.9592488,0.96062154,0.9649077,0.9453584,0.94116724,0.96161073,0.9593072,0.96056,0.959977,0.9598758,0.96319157,0.9595521,0.9565552,0.9600974,0.96195054,0.9707407,0.96384066,0.9604221,0.96117514,0.96308947,0.9576691,0.96259767,0.95265037,0.96106505,0.96592116,0.96735024,0.9575418,0.96061176,0.9643883,0.9519208,0.95484555,0.9566526,0.9576283,0.96157885,0.9681433,0.96833605,0.9562555,0.9511399,0.9687208,0.9023854,0.9595959,0.94098836,0.95649,0.9631248,0.9627849,0.9528435,0.9731207,0.9613333,0.96263963,0.9666206,0.9675456,0.9614891,0.9683065,0.9642201,0.96841705,0.95821655,0.974431,0.9217933,0.96104324,0.9621031,0.9547025,0.9452542,0.9636997,0.9640107,0.9616837,0.9543847,0.959339,0.96567476,0.98079926,0.9675655,0.9564485,0.9670137,0.9621424,0.9643396,0.9574003,0.9629737,0.96291894,0.9605346,0.9611749,0.9593817,0.96372724,0.9467748,0.95158607,0.960191,0.9508607,0.9537065,0.96084523,0.96889764,0.98079926,0.96893364,0.960949,0.96377397,0.95174426
avengers,0.968346,0.9558606,0.9570625,0.953611,0.9511172,0.9598327,0.95983815,0.9564829,0.97215545,0.9445605,0.95753956,0.95508176,0.95293653,0.9623896,0.9660153,0.9598437,0.94370687,0.95377755,1.0,0.94894326,0.9512906,0.9490626,0.96168566,0.96073514,0.94769466,0.84706515,0.94368666,0.95353925,0.95355535,0.9496193,0.9778797,0.95451754,0.95709485,0.94665563,0.9372021,0.925333,0.95792854,0.94343716,0.9607306,0.95614654,0.939136,0.9547497,0.93835413,0.9466456,0.95216155,0.9463963,0.95682126,0.9532011,0.95176196,0.94943434,0.95982325,0.95714295,0.94811577,0.9594528,0.9455421,0.95249873,0.9508099,0.9598714,0.95394284,0.96115875,0.9449931,0.952247,0.9589953,0.9555542,0.951276,0.9590597,0.95735997,0.93784875,0.9530021,0.9452279,0.9667314,0.81750923,0.9452867,0.95872974,0.95920086,0.9475288,0.9214964,0.9563614,0.95480573,0.9597434,0.9483365,0.9571847,0.9484913,0.94431555,0.94911075,0.95316195,0.94952726,0.96083826,0.94885033,0.9577807,0.95962536,0.9667314,0.9571247,0.9608051,0.9547615,0.9536787,0.9611846,0.9551899,0.9480122,0.952976,0.94820356,0.95452744,0.9504287,0.961818,0.94506615,0.9594639,0.9608286,0.95333564,0.94873136,0.9480829,0.95406425,0.88493234,0.9579016,0.92043805,0.95032793,0.95316386,0.9543779,0.94826514,0.9568035,0.9570657,0.9487019,0.9579784,0.9587374,0.9523407,0.9634703,0.9606209,0.9601052,0.96463966,0.95668095,0.92996883,0.94711655,0.939646,0.95540035,0.9418782,0.9579583,0.95073944,0.9508728,0.94583243,0.96887577,0.9501099,0.97215545,0.9557925,0.94053024,0.95479983,0.94268006,0.9452734,0.9440243,0.95375925,0.9567482,0.94693404,0.9595831,0.9516283,0.95501536,0.9467726,0.95409155,0.96188635,0.9583365,0.9600693,0.9504339,0.9607858,0.97215545,0.95709187,0.9567721,0.95637417,0.94767696
beachbummovie,0.96155286,0.9554241,0.9623072,0.9374286,0.9497264,0.95496035,0.95610774,0.9547027,0.9696135,0.9457462,0.9503454,0.9553814,0.9527547,0.9603978,0.97702837,0.9567608,0.9470796,0.9475235,0.94894326,1.0000004,0.94984645,0.951709,0.95223224,0.9508759,0.94520885,0.86174154,0.94557357,0.949305,0.94764143,0.94667065,0.950859,0.94741833,0.93740505,0.94295526,0.93529385,0.915223,0.9547854,0.9481762,0.956221,0.9454697,0.9505347,0.94633174,0.9321896,0.9305964,0.9545936,0.9560353,0.9509976,0.94795007,0.93640286,0.9351392,0.9553506,0.9569519,0.9502826,0.9526844,0.9439021,0.9463844,0.9465167,0.95504427,0.9394083,0.94711316,0.9414909,0.9383177,0.95832515,0.95884615,0.95830256,0.9398081,0.94776106,0.9505791,0.94443744,0.9490036,0.9514276,0.7832871,0.9372804,0.9475809,0.94249946,0.9344773,0.92307776,0.94502765,0.9401082,0.9497734,0.95088726,0.9452523,0.9515827,0.9349188,0.9474413,0.9453896,0.9421676,0.95785797,0.94157374,0.9429049,0.9440155,0.9514276,0.9473964,0.95620924,0.9522206,0.9629868,0.94996727,0.96232235,0.94182646,0.9463958,0.9522945,0.95218176,0.94240916,0.95248383,0.9526819,0.9498002,0.95399725,0.95031965,0.93940365,0.9423099,0.9558849,0.8718375,0.94699675,0.90812665,0.93680084,0.9475392,0.9595301,0.94134605,0.94913596,0.95517313,0.9497644,0.95165277,0.94930583,0.95253795,0.95771796,0.95195967,0.9422364,0.94946754,0.9506554,0.9051989,0.9467915,0.9391142,0.94851434,0.93565613,0.9463522,0.9456837,0.9506357,0.94255674,0.9469094,0.9525446,0.9696135,0.9554636,0.9385402,0.95056987,0.9412233,0.94935685,0.9529616,0.9507604,0.95256066,0.9419897,0.9547116,0.9511546,0.94518155,0.940914,0.941563,0.9558996,0.9565175,0.95061255,0.948198,0.9448188,0.9696135,0.9394474,0.9473035,0.94823664,0.9425502
bernadettefilm,0.966714,0.96416295,0.9646546,0.95460844,0.9623477,0.9689009,0.9628559,0.9683624,0.9787699,0.96524876,0.9605364,0.9616975,0.9636511,0.96688944,0.96424055,0.96201265,0.96510184,0.96103776,0.9512906,0.94984645,1.0000005,0.9568317,0.9611879,0.9678942,0.9558892,0.8705111,0.95782804,0.9650116,0.95595,0.95411164,0.9575992,0.9611427,0.9494904,0.9544751,0.94786465,0.92501676,0.9668862,0.9582355,0.9659927,0.9648645,0.9622512,0.96504426,0.9520187,0.956379,0.9683672,0.94816184,0.96317345,0.9625033,0.9590506,0.9594975,0.96301264,0.9716046,0.96797293,0.9628523,0.96228725,0.9622991,0.96321857,0.96336323,0.9614033,0.96084255,0.95880073,0.9654762,0.9616804,0.96756655,0.9661652,0.9573598,0.9578884,0.9624128,0.9481976,0.9546872,0.96734166,0.8061089,0.9542857,0.960131,0.9595258,0.94821876,0.9373987,0.95689136,0.953289,0.95929426,0.9554976,0.95795816,0.96201533,0.95600986,0.9611464,0.959197,0.9538695,0.9690174,0.9552075,0.9686926,0.9614376,0.96734166,0.95353323,0.96081686,0.9639772,0.95801866,0.9665631,0.96220773,0.9529287,0.95547104,0.95714545,0.9636348,0.9566957,0.96350384,0.96204734,0.9565946,0.96100724,0.96177536,0.9500538,0.95527935,0.9698846,0.88828975,0.9586116,0.9270764,0.96218437,0.9657731,0.9707715,0.9486581,0.9593634,0.96217847,0.96220994,0.9552489,0.9674954,0.9677619,0.9673212,0.9632818,0.9636245,0.9621153,0.9641795,0.9362988,0.9789164,0.9571146,0.96503776,0.9577674,0.9577278,0.9561496,0.96510553,0.9516761,0.9644734,0.94987255,0.9787699,0.9581447,0.94752336,0.96358556,0.96170765,0.95964175,0.9552072,0.9589841,0.9682434,0.96281034,0.9662328,0.96021456,0.9507023,0.9504708,0.95693976,0.9626804,0.95167166,0.9632105,0.9587105,0.95925057,0.9787699,0.9566038,0.9616594,0.9583716,0.9544969
