movie,21bridgesmovie,47metersdown,abeautifuldaymovie,abominablemovie,adastramovie,adogsjourneymovie,aftermathmovie,aftermovie,ahiddenlifefilm,alitamovie,angelhasfallen,angrybirdsmovie,annabellemovie,annamovie,apollo11movie,arcticdogsmovie,arcticmovie,artofracingmovie,avengers,beachbummovie,bernadettefilm,blackandbluemovie,blackchristmas,blindedbythelightmovie,bombshellmovie,booksmart,breakthroughmovie,brianbanksmovie,brightburnmovie,brittanyrunsmov,captainmarvelofficial,captivestatemovie,catsmovie,charliesangels,childsplaymovie,clarathefilm,coldpursuitmovie,countdown,currentwarmovie,darkwatersmovie,detectivepikachumovie,disneyaladdin,disneyfrozen,disneymaleficent,doctorsleepmovie,dolemiteismyname,dontletgomovie,doramovie,downtonabbey_official,dumbo,escaperoom,everybodyknowsmovie,fastandfuriousmovie,fightingwmyfam,fivefeetapartfilm,fordvferrari,freaksthefilm,geminimanmovie,glassmovie,gloriabellmovie,godzillamovie,goldfinchmovie,goodboysmovie,goodliarmovie,gretafilm,halathemovie,happydeathdaymovie,harrietfilm,hellboymovie,hersmellmovie,highlifemovie,highstrungmovie,honeyboymovie,hotelmumbaifilm,httydragon,hustlemovie,hustlersmovie,isntitromantic,itmovieofficial,jayandsilentbob,johnwickmovie,jojorabbitmovie,jokermovie,judythefilm,jumanjimovie,justmercyfilm,knivesout,lalloronamovie,lastblackmansf,lastchristmasthemovie,latenightmovie,lighthousemovie,lionking,littlethemovie,littlewomenmovie,littlewoodsfilm,longshotmovie,lordsofchaosmovie,lucyintheskyfilm,mamovie2019,marriagestory,meettheaddams,meninblack,midsommarmovie,midwaymovie,missbalamovie,missinglinkfilm,motherlessbklyn,onceinhollywood,onthebasisofsex,overcomermovie,peanutbutterfalcon,petsematarymovie,piercingmovie,playingwithfire,playmobilthemovie,pomsmovie,queenandslim,rambomovie,readyornotfilm,richardjewellfilm,rocketmanmovie,scarystoriesmovie,secretlifeofpets,serenityfilm,shaftmovie,shazammovie,spidermanmovie,spiesindisguise,starwars,stormboymovie,stubermovie,taosdfilm,teenspiritmov,terminator,theaeronautsmov,thebestofenemies,thedeaddontdie,thefarewell,thehighwaymen,thehummingbirdprojectfilm,theintrudermovie,theirishmanfilm,thekitchenmovie,thelegomovie,themustangfilm,thenightingalefilm,theprodigymovie,thesunisalsoastar,theupsidefilm,tolkienmovie,toystory,triplefrontier,uglydolls,uncutgems,underthesilverlake,usmovie,wavesmovie,whatmenwant,wonderparkmovie,wrinklestheclown,xmenmovies,yardiefilm,yesterdaymovie,zombieland
21bridgesmovie,0.9999998,0.95071405,0.9652147,0.9509873,0.95785636,0.95265776,0.9703117,0.9612555,0.9793831,0.9530134,0.95811224,0.95317733,0.95734775,0.95825124,0.95803076,0.95119196,0.9613728,0.9597236,0.9695725,0.95190513,0.9563637,0.9640471,0.9630204,0.96130186,0.95055693,0.9034152,0.95953053,0.9506331,0.95563954,0.95217687,0.9520971,0.9532481,0.951678,0.93907225,0.95198905,0.93412024,0.9571312,0.97388536,0.95893735,0.95473796,0.95011264,0.9544732,0.94818944,0.9624085,0.95938724,0.9488849,0.9650068,0.94996357,0.9520961,0.9604856,0.95988405,0.95966524,0.95687544,0.9567332,0.9467395,0.9504799,0.96342766,0.9554005,0.95464355,0.9633384,0.9536467,0.9557614,0.9581847,0.9578334,0.94420433,0.9472073,0.95056784,0.95687824,0.95162964,0.95606166,0.96612,0.7705742,0.96230257,0.95284545,0.9551852,0.9517653,0.92290556,0.95326066,0.9590608,0.9551976,0.9569069,0.9685623,0.96038043,0.9627875,0.95530236,0.947035,0.9579311,0.959101,0.96001816,0.9638961,0.95729333,0.96612,0.95451915,0.9620422,0.95627105,0.94917065,0.96157694,0.96529704,0.956511,0.95928484,0.9560627,0.961319,0.95236135,0.95758027,0.94777066,0.9613832,0.97196585,0.9496386,0.9568957,0.9552697,0.9654772,0.888223,0.95585865,0.9355822,0.9568283,0.97020805,0.9853725,0.95619345,0.9623366,0.9631857,0.9664604,0.9561348,0.9602065,0.94696456,0.9620298,0.96318346,0.9620881,0.9479152,0.95430094,0.936397,0.9537227,0.9525076,0.95972455,0.9488358,0.9614719,0.9537164,0.9732744,0.9545219,0.9661217,0.9512352,0.9793831,0.9680264,0.9590098,0.9521629,0.9519006,0.95286494,0.94808143,0.9590449,0.9606795,0.9660934,0.9661058,0.95311326,0.95530194,0.94981635,0.96069086,0.95589453,0.95471966,0.96220624,0.9582227,0.9560037,0.9793831,0.95558023,0.95832515,0.9625727,0.9634801
47metersdown,0.95071405,0.9999995,0.9450032,0.94502884,0.9484218,0.94459164,0.95712775,0.9467567,0.96797633,0.9508905,0.9523855,0.9331143,0.9427192,0.9566522,0.94613284,0.96213526,0.9530376,0.9397815,0.9434829,0.941751,0.9557143,0.9505048,0.9553954,0.95829916,0.9450197,0.87676245,0.9451583,0.9497347,0.9386643,0.944857,0.93807465,0.94288874,0.9457109,0.93444633,0.93018967,0.91311944,0.9518683,0.9525954,0.9348262,0.9443902,0.9356718,0.95146203,0.93776536,0.95085484,0.9484409,0.9326523,0.95533264,0.94451505,0.93548983,0.9482582,0.94336575,0.953413,0.9420889,0.94649565,0.9483598,0.9399829,0.94773716,0.9547835,0.94958305,0.9490813,0.94372493,0.94221914,0.94474816,0.9507447,0.9476994,0.94040895,0.9323168,0.94620585,0.9414645,0.93520594,0.9524523,0.7669251,0.94843453,0.9552059,0.9340216,0.9302032,0.8940382,0.9434631,0.94580466,0.94054586,0.9489725,0.95380145,0.9471262,0.9474082,0.94277483,0.94170654,0.94295424,0.943681,0.9412503,0.9550008,0.95308864,0.9524523,0.9374001,0.95015424,0.9466481,0.9484815,0.95591456,0.9486478,0.9450786,0.94972765,0.94864154,0.9544427,0.94714594,0.94940954,0.95956427,0.9472931,0.95505327,0.9373598,0.94063705,0.9519178,0.94783187,0.8629423,0.9500871,0.9111086,0.9486535,0.94683945,0.9482242,0.9444594,0.9614227,0.94903815,0.9531522,0.9454349,0.9582885,0.9522726,0.94915104,0.9542067,0.9464403,0.9332169,0.95127505,0.9219818,0.9535093,0.94524956,0.9488194,0.9478422,0.95477134,0.9453011,0.9417603,0.9546929,0.94654566,0.9357795,0.96797633,0.9529279,0.9419975,0.94273716,0.9377172,0.942902,0.92813045,0.93886334,0.94210553,0.9297583,0.9476379,0.9419723,0.9479979,0.9120371,0.9462655,0.95028096,0.9470716,0.94311994,0.9450279,0.9480861,0.96797633,0.95455384,0.94908136,0.9544207,0.94559675
abeautifuldaymovie,0.9652147,0.9450032,1.0000004,0.9518139,0.9649459,0.9579101,0.9644789,0.95855594,0.9791761,0.9539652,0.9594107,0.95660996,0.9593423,0.9604583,0.9619612,0.9503431,0.96816725,0.9632511,0.9569815,0.9502616,0.96735275,0.96818036,0.9661261,0.9704108,0.95047516,0.8816432,0.9429781,0.9556383,0.972895,0.9590351,0.95910007,0.9586905,0.95713186,0.95148623,0.934932,0.9214629,0.96539724,0.9650525,0.95671004,0.9625213,0.9510039,0.96220636,0.9549443,0.9650964,0.96788335,0.96037257,0.9655033,0.9531787,0.961472,0.9635122,0.9747667,0.96197414,0.9486752,0.9466572,0.95217484,0.95830077,0.9548018,0.9602301,0.95821434,0.9657649,0.95180523,0.95620763,0.9600159,0.9599869,0.9471885,0.95088005,0.94579583,0.95352966,0.9460047,0.94625455,0.9691733,0.757823,0.9561605,0.95352554,0.95067817,0.9577032,0.9074755,0.9573059,0.9646387,0.9448847,0.95530736,0.9654249,0.9613082,0.96273714,0.9688837,0.9446058,0.954381,0.95592195,0.9568985,0.968726,0.95518684,0.9691733,0.95847905,0.9645765,0.97205,0.95646185,0.96027374,0.95428324,0.9544997,0.96204966,0.9657301,0.960995,0.96265304,0.95441866,0.9506395,0.97511923,0.9664582,0.95220023,0.96570975,0.9550267,0.9584256,0.88892937,0.9627381,0.92882603,0.9614586,0.958875,0.96651995,0.9575694,0.9707633,0.9658081,0.9570627,0.9593057,0.9626952,0.9508283,0.96429634,0.9620319,0.95973736,0.96315336,0.9629932,0.9398518,0.9674259,0.9596661,0.96124446,0.94969684,0.95834017,0.95755696,0.95896244,0.95954514,0.96821046,0.9667985,0.9791761,0.97294086,0.9709991,0.9531729,0.9510446,0.9544735,0.95025665,0.9538029,0.95956796,0.9511276,0.9587573,0.96769154,0.95556194,0.93044496,0.960453,0.95707834,0.95646554,0.96143746,0.957988,0.9553449,0.9791761,0.9593923,0.9617862,0.9653016,0.9746895
abominablemovie,0.9509873,0.94502884,0.9518139,1.0000001,0.94435287,0.94646984,0.9478979,0.94863605,0.9684846,0.94496435,0.95043814,0.9425553,0.9621528,0.94491816,0.95377284,0.9535331,0.94694203,0.9450782,0.9456766,0.93439305,0.95044184,0.9480755,0.9558941,0.9554864,0.9473698,0.8770325,0.9409894,0.94757754,0.94264865,0.9508131,0.9449967,0.94962186,0.9456987,0.9424301,0.9348229,0.91481906,0.94630873,0.95909595,0.93464893,0.95198804,0.9471102,0.9576183,0.9438767,0.9511258,0.9603239,0.94348264,0.9521722,0.9521117,0.9463906,0.9524871,0.94830185,0.95278823,0.93930244,0.94069654,0.94229597,0.939242,0.94125074,0.9569357,0.95947444,0.95562357,0.9459526,0.9629366,0.9495936,0.95317245,0.9393197,0.9482877,0.94220227,0.9528122,0.9291103,0.94198316,0.9519158,0.77164567,0.93621486,0.94985974,0.9519355,0.9278711,0.9028674,0.9421002,0.9526113,0.9425887,0.94797105,0.95253736,0.9515541,0.94716156,0.9518194,0.95200795,0.94519544,0.95333725,0.95243734,0.95013326,0.9499279,0.9519158,0.9420086,0.9494271,0.94931287,0.9592198,0.94998384,0.94624084,0.94410425,0.9558757,0.94557947,0.9486318,0.9435925,0.9460668,0.93676215,0.9525827,0.95857745,0.95406264,0.9470809,0.9501112,0.9429606,0.85886806,0.9544058,0.9235498,0.9445315,0.94596463,0.9437858,0.9513189,0.9576092,0.9457125,0.95003814,0.9505176,0.9445027,0.9460854,0.9532611,0.9544506,0.9537298,0.93896204,0.9506053,0.92079824,0.9509511,0.93793964,0.9511645,0.9335895,0.952344,0.945649,0.9477407,0.94022244,0.95234454,0.9419658,0.9684846,0.95393604,0.9470306,0.95383096,0.9454881,0.9466203,0.9405316,0.9529785,0.95705146,0.94054145,0.94084346,0.94287884,0.9482653,0.92552644,0.946863,0.94138473,0.9368787,0.9437878,0.94338983,0.9489062,0.9684846,0.95347697,0.9427437,0.9564983,0.9469319
adastramovie,0.95785636,0.9484218,0.9649459,0.94435287,1.0000001,0.9503087,0.95692885,0.95133877,0.974977,0.94984484,0.9522857,0.94360626,0.95419264,0.9589055,0.96129346,0.957106,0.9574641,0.97569203,0.9496939,0.95263016,0.96324176,0.9556506,0.952086,0.9587763,0.94736284,0.87452674,0.9570711,0.95274854,0.95531505,0.94529897,0.9464007,0.94978094,0.94537306,0.93673956,0.9304707,0.9225742,0.95887005,0.9542737,0.95032465,0.9528435,0.94242465,0.95586175,0.947814,0.9602775,0.96366173,0.9454291,0.9514045,0.95188046,0.95128524,0.9592437,0.95641655,0.96104276,0.94949585,0.95048624,0.94433707,0.9705837,0.95755047,0.95606685,0.95107883,0.9625049,0.94778323,0.95027405,0.95841646,0.95646936,0.9459587,0.93744314,0.94012874,0.9531496,0.942308,0.93579024,0.9580833,0.768259,0.9497911,0.9516887,0.9445299,0.94336694,0.89556074,0.9522738,0.95772225,0.93997324,0.9562619,0.9540069,0.9589763,0.95636564,0.9578117,0.94895595,0.94755447,0.9565796,0.94725186,0.95920426,0.9503367,0.9580833,0.94848675,0.96860826,0.95611966,0.96229756,0.9542323,0.9569925,0.9425252,0.9572737,0.9526466,0.9582547,0.94894326,0.94336873,0.9418826,0.9572561,0.96219146,0.95096254,0.9530593,0.9564381,0.95475054,0.8812136,0.95068836,0.93386185,0.95936525,0.95323557,0.9586185,0.9543827,0.96359324,0.96111006,0.95793283,0.9498952,0.95776415,0.94700533,0.9551306,0.95688087,0.95421576,0.9533109,0.96670145,0.9277218,0.95775795,0.9638157,0.96093875,0.942189,0.9506093,0.9484794,0.95312095,0.9526864,0.9589107,0.95315397,0.974977,0.9572435,0.9559618,0.9585039,0.95324874,0.9551775,0.94855386,0.9497576,0.9544632,0.94331294,0.95013106,0.954782,0.9515184,0.9231365,0.9585271,0.9547557,0.9456339,0.9589797,0.9510422,0.9513561,0.974977,0.953813,0.9556074,0.95658344,0.9537517
adogsjourneymovie,0.95265776,0.94459164,0.9579101,0.94646984,0.9503087,1.0000001,0.94462335,0.94956654,0.9715352,0.94573194,0.9533989,0.9477063,0.9489339,0.94778186,0.95237046,0.9480011,0.9524426,0.9454508,0.9502073,0.94147277,0.9512429,0.95209825,0.9669492,0.9601502,0.95564336,0.8921468,0.94334346,0.94291055,0.9413747,0.9521076,0.948407,0.95036083,0.96359575,0.9408559,0.9377832,0.9138069,0.9544492,0.9475832,0.9467644,0.94067484,0.9460544,0.9470795,0.93765587,0.94817877,0.9590608,0.9446031,0.9651832,0.95417863,0.95166546,0.94401085,0.9512534,0.9541737,0.95029384,0.9395862,0.9431168,0.9470235,0.94754803,0.9535783,0.95776606,0.9546821,0.95147926,0.9528183,0.95806247,0.96081877,0.9492089,0.94772923,0.9430061,0.94201875,0.93701416,0.9323409,0.95659906,0.7569297,0.943395,0.9465335,0.9456376,0.9485016,0.91199905,0.9619556,0.9582009,0.9484738,0.9493266,0.9519448,0.9559346,0.95579296,0.9456311,0.94959146,0.9475666,0.95469797,0.94942796,0.95759714,0.9459602,0.95659906,0.9503228,0.95462483,0.9588466,0.9459957,0.95614505,0.94769925,0.9345997,0.964079,0.9459728,0.9617595,0.95378613,0.9422744,0.94414216,0.9488438,0.95898485,0.9429688,0.95174235,0.9478706,0.95012945,0.8594539,0.948016,0.91370153,0.93966436,0.94923985,0.9505274,0.9500753,0.96007663,0.9434862,0.95511127,0.95109767,0.9560678,0.97123843,0.9525298,0.95281476,0.96682453,0.9455026,0.9545442,0.9350643,0.95593387,0.946442,0.9451378,0.9417692,0.95171905,0.9510286,0.94993323,0.9522135,0.96097314,0.9460659,0.9715352,0.9540719,0.9496267,0.94889265,0.93444073,0.9409011,0.94738734,0.95018744,0.957758,0.94307345,0.9411152,0.9497073,0.9459384,0.9151774,0.9425,0.9548511,0.95749587,0.94496673,0.9490351,0.9413387,0.9715352,0.950963,0.95213073,0.9657033,0.9547615
aftermathmovie,0.9703117,0.95712775,0.9644789,0.9478979,0.95692885,0.94462335,1.0,0.9638077,0.9800634,0.95668346,0.96116275,0.9540262,0.9642739,0.95978355,0.9582961,0.9546934,0.96043843,0.9550455,0.96049964,0.94934523,0.9672999,0.9613205,0.9602335,0.96456695,0.9455639,0.88440526,0.95165867,0.950611,0.9602244,0.949126,0.95872015,0.95818985,0.95656717,0.93875617,0.9459934,0.9303642,0.96552944,0.96673816,0.9510985,0.954723,0.95268273,0.96530896,0.9586925,0.97170603,0.96769136,0.954256,0.96382606,0.9621233,0.95864356,0.9717291,0.95915854,0.9699296,0.95395434,0.95020795,0.95478714,0.95293653,0.9516294,0.9594052,0.95374894,0.96448547,0.96082485,0.95534146,0.9571255,0.9586701,0.9611604,0.94562364,0.94646287,0.96593195,0.95038027,0.9458771,0.96215314,0.75307035,0.9590146,0.9547225,0.95009357,0.95038986,0.9155551,0.95532846,0.9621048,0.9651399,0.95228726,0.98317206,0.9555072,0.9646023,0.95257795,0.94879293,0.9623438,0.96090376,0.9562305,0.9702955,0.95710546,0.96215314,0.95818955,0.9638888,0.96100545,0.95008343,0.9625269,0.9656241,0.9666758,0.9504129,0.96275645,0.9639667,0.9602122,0.9563777,0.9518207,0.96061724,0.9701722,0.94546956,0.95454746,0.94850504,0.9658744,0.87225825,0.95257795,0.9218581,0.9598314,0.9543903,0.97095394,0.9509868,0.970726,0.9898807,0.96762466,0.9605353,0.96243554,0.9421937,0.9665945,0.9608718,0.9611028,0.9464931,0.9531987,0.9460177,0.9572214,0.9557771,0.95833,0.94798857,0.9599516,0.9478975,0.9605675,0.96257025,0.96104854,0.9592876,0.9800634,0.97080797,0.96293265,0.9444362,0.95570123,0.9610223,0.9504061,0.958159,0.9549014,0.95090586,0.98306257,0.953955,0.9660367,0.9364313,0.9580257,0.95417386,0.9475336,0.96189314,0.9579927,0.95550746,0.9800634,0.96321344,0.9582653,0.9626446,0.9680598
aftermovie,0.9612555,0.9467567,0.95855594,0.94863605,0.95133877,0.94956654,0.9638077,1.0,0.97665435,0.95252895,0.9649868,0.947101,0.953853,0.9515239,0.95801324,0.9568154,0.9581481,0.9568072,0.96091443,0.9437484,0.96310174,0.95992297,0.9628675,0.9639233,0.9568822,0.8778231,0.95000726,0.9547975,0.9512284,0.95485896,0.95502007,0.94930947,0.94295853,0.9350242,0.941327,0.9229505,0.95960534,0.9561787,0.95164627,0.9580095,0.9522708,0.95673925,0.96010935,0.9609025,0.9632626,0.9491757,0.9593415,0.95793355,0.94723356,0.96087664,0.9500725,0.9617645,0.9487862,0.94777197,0.9596238,0.947143,0.95199805,0.9613649,0.9550221,0.9638904,0.9542335,0.9541904,0.9574741,0.9563118,0.94988173,0.94953656,0.94397455,0.9568708,0.94545925,0.9427859,0.96259826,0.7796425,0.9466092,0.95756793,0.9473604,0.94371444,0.92069083,0.95179033,0.9562628,0.94795334,0.9529493,0.95809174,0.96073854,0.9598412,0.94379795,0.94848883,0.95568687,0.95466447,0.9580327,0.9565028,0.9644503,0.96259826,0.96483296,0.9653696,0.9550873,0.9502399,0.9625029,0.960111,0.95092964,0.9552829,0.9556055,0.9624968,0.94977665,0.95948726,0.94361633,0.95294625,0.9651523,0.9542843,0.9495692,0.95577615,0.96216536,0.8775007,0.9589553,0.92327744,0.95620126,0.94932306,0.9592723,0.95407635,0.971333,0.9637295,0.9621337,0.95947653,0.95996535,0.9443923,0.9576911,0.9628747,0.9619575,0.9443846,0.9461172,0.9449629,0.9553834,0.9473727,0.95327556,0.9430773,0.95914865,0.95380265,0.9546254,0.9596745,0.96106535,0.9584903,0.97665435,0.95517325,0.951854,0.95143485,0.95456547,0.9551686,0.9449477,0.9564526,0.9528047,0.9478394,0.9615533,0.96073127,0.95393896,0.92756534,0.95357287,0.95399743,0.95069695,0.9564771,0.9690322,0.95914656,0.97665435,0.9595975,0.9543678,0.9565651,0.95742905
ahiddenlifefilm,0.9793831,0.96797633,0.9791761,0.9684846,0.974977,0.9715352,0.9800634,0.97665435,1.0000001,0.97568196,0.9810072,0.9667128,0.9795846,0.97845316,0.97723067,0.9766555,0.98143303,0.9738108,0.9719628,0.9682921,0.9797632,0.97762287,0.9804851,0.98326695,0.97154695,0.90740466,0.97119284,0.9741709,0.97579277,0.9735379,0.9730719,0.9766967,0.9696708,0.96215725,0.9617834,0.9466808,0.97959095,0.9773777,0.97625965,0.9763417,0.97184455,0.97676486,0.96935457,0.98278546,0.9823523,0.9712589,0.98154205,0.9761145,0.9739029,0.97924644,0.97676855,0.9836893,0.9724295,0.9702893,0.9677983,0.96874017,0.97085106,0.98005706,0.9771277,0.98055357,0.97402424,0.9752001,0.9753242,0.9793129,0.9748894,0.97078425,0.9696442,0.9787029,0.9703221,0.9670791,0.98248786,0.7853449,0.9712474,0.97481436,0.96520483,0.9676509,0.9364477,0.9715225,0.9799686,0.9700671,0.978752,0.97753286,0.9825225,0.977549,0.9702143,0.9685022,0.9775816,0.9806061,0.9754515,0.9823865,0.9756603,0.98248786,0.9772565,0.9838596,0.97830355,0.9736958,0.9801598,0.97739226,0.9719962,0.9771581,0.97807187,0.9782196,0.9740709,0.975147,0.970387,0.9790927,0.9844151,0.97341055,0.97297305,0.9716359,0.9812015,0.88435465,0.9759974,0.94753647,0.9779818,0.9762061,0.9791939,0.97116655,0.98628265,0.97684896,0.9812397,0.9758153,0.97899634,0.96843517,0.98113555,0.98096865,0.9831564,0.9665913,0.97655624,0.9567552,0.9749656,0.9734476,0.9810476,0.9699,0.9795614,0.97173077,0.9761932,0.9784859,0.98078954,0.97593695,1.0000001,0.9810537,0.9781471,0.97454923,0.971853,0.9743888,0.96702445,0.9742515,0.97982544,0.96944135,0.9760498,0.97503334,0.9758621,0.9508653,0.9769811,0.9799822,0.9713529,0.97496766,0.97648376,0.97482014,1.0000001,0.97687817,0.9782337,0.98031694,0.97890866
alitamovie,0.9530134,0.9508905,0.9539652,0.94496435,0.94984484,0.94573194,0.95668346,0.95252895,0.97568196,1.0000005,0.9552117,0.9376276,0.9600272,0.9584048,0.94768304,0.96406007,0.96668154,0.94594413,0.94697237,0.9424446,0.95939964,0.95534736,0.95775944,0.96611416,0.9541195,0.87052184,0.9475416,0.96040744,0.9507898,0.9482556,0.94183743,0.9450922,0.94651806,0.9446376,0.9377876,0.92599505,0.9614761,0.9550899,0.95296633,0.9476747,0.94933915,0.9503504,0.9451587,0.95624864,0.9618643,0.946786,0.9563472,0.9523744,0.9434485,0.94795036,0.95197994,0.95579034,0.96536267,0.9395653,0.9417188,0.942564,0.94998896,0.96275723,0.95472133,0.95491034,0.94800717,0.9574512,0.94923145,0.9488068,0.95583904,0.95237756,0.94347167,0.9481153,0.95676476,0.9484254,0.9547823,0.7615154,0.9453772,0.953796,0.93307245,0.9412718,0.90853447,0.9465312,0.96233517,0.9412649,0.9532943,0.95052564,0.9557951,0.95060396,0.94783956,0.9462381,0.96422774,0.9616071,0.95300996,0.95842594,0.95232844,0.9547823,0.95230347,0.9582033,0.9505236,0.94196665,0.95840216,0.95381933,0.9513048,0.9557183,0.95536876,0.9597432,0.94957054,0.9450055,0.9651623,0.9516959,0.96119696,0.9533327,0.94523954,0.9497918,0.9618733,0.8517941,0.954961,0.9232502,0.9526478,0.9494976,0.95353377,0.94428414,0.96675944,0.95240027,0.9621513,0.94811946,0.9556287,0.94490176,0.9515527,0.9512415,0.95931864,0.93861675,0.9521719,0.9463306,0.95718426,0.9511037,0.9580665,0.9554899,0.9663198,0.9495793,0.950683,0.950687,0.9539227,0.9491674,0.97568196,0.95412654,0.9538572,0.9499869,0.93973583,0.9441354,0.9441457,0.9502736,0.94939345,0.95009804,0.9549422,0.9524489,0.95848393,0.9297988,0.9533939,0.9570994,0.9457784,0.9454857,0.9509466,0.9479916,0.97568196,0.95252687,0.9590855,0.9527145,0.9529285
angelhasfallen,0.95811224,0.9523855,0.9594107,0.95043814,0.9522857,0.9533989,0.96116275,0.9649868,0.9810072,0.9552117,1.0000002,0.937521,0.9578359,0.9592088,0.9640061,0.95903665,0.96346676,0.9482748,0.95174426,0.94486195,0.9567424,0.95245343,0.96812093,0.9664763,0.9572411,0.8835577,0.95220965,0.96153384,0.95247924,0.9605289,0.95851004,0.9564492,0.95085967,0.94464874,0.9390469,0.9217042,0.96899575,0.95394564,0.96574515,0.95473164,0.9554183,0.9588198,0.9582365,0.97295004,0.9679003,0.949549,0.96801805,0.964133,0.95335436,0.96744806,0.9506124,0.9649916,0.95766497,0.9571068,0.95645416,0.9440719,0.94511724,0.96053666,0.9606881,0.96181554,0.95657665,0.9547367,0.96388936,0.96562845,0.95576423,0.96178657,0.95954806,0.9602441,0.96641713,0.94520235,0.9602698,0.7698461,0.9526999,0.96128625,0.95248187,0.9432916,0.91789716,0.96224463,0.96926117,0.95169824,0.9713383,0.96251994,0.96641433,0.95721817,0.94496065,0.9511044,0.96615547,0.9613755,0.95362633,0.96511894,0.954527,0.9602698,0.96385705,0.9676909,0.960244,0.96496147,0.97306293,0.9571291,0.9595709,0.95671356,0.9658465,0.9611249,0.95156455,0.9615497,0.9547966,0.9545571,0.9697646,0.960355,0.94197196,0.9534247,0.96882766,0.87281084,0.95650184,0.92613417,0.9607872,0.9619802,0.9590408,0.95731753,0.96922886,0.9583422,0.96003425,0.95835626,0.96621776,0.951304,0.961297,0.9643587,0.9697673,0.9439408,0.95588785,0.94265133,0.9544723,0.95271933,0.9603944,0.9505589,0.9623047,0.960026,0.9556216,0.9625666,0.9598044,0.9545492,0.9810072,0.9573935,0.95898753,0.9536356,0.95356035,0.95929223,0.94774634,0.952045,0.96396244,0.9415057,0.95778316,0.96564806,0.9551319,0.9306464,0.9516356,0.9617863,0.9583071,0.95357877,0.9636937,0.9594721,0.9810072,0.96634173,0.95652485,0.96158457,0.9567686
angrybirdsmovie,0.95317733,0.9331143,0.95660996,0.9425553,0.94360626,0.9477063,0.9540262,0.947101,0.9667128,0.9376276,0.937521,0.9999998,0.94807273,0.9447231,0.946793,0.9445666,0.94340074,0.9537615,0.9432396,0.9384735,0.95352376,0.9493026,0.95494765,0.95233613,0.9427473,0.87365484,0.9406484,0.94330883,0.9548514,0.95316994,0.9412153,0.9508082,0.95013666,0.93696535,0.9313787,0.92241484,0.9513462,0.95079434,0.9449071,0.9582155,0.9396131,0.9435395,0.937156,0.95029086,0.948673,0.93502706,0.9561205,0.9491974,0.94375503,0.9477244,0.95560384,0.9549213,0.9421873,0.9364111,0.9487092,0.94668734,0.9441247,0.9424986,0.9537662,0.9591646,0.9464175,0.9500455,0.93922627,0.9463995,0.94278324,0.9279572,0.9300356,0.94485784,0.93228054,0.9285331,0.9600216,0.7735788,0.9473433,0.9485373,0.94003385,0.9361105,0.9065062,0.9396848,0.9510793,0.9449112,0.9376701,0.9485709,0.947588,0.949994,0.9580408,0.939358,0.94341964,0.9471082,0.94971853,0.95112425,0.9489513,0.9600216,0.94597226,0.95542914,0.9526807,0.93583834,0.9400716,0.9512486,0.93283266,0.9495584,0.945273,0.94702476,0.94357973,0.9441236,0.9441731,0.957504,0.95572656,0.9362817,0.9506037,0.9489443,0.9471884,0.8645053,0.95439124,0.9279128,0.94005454,0.9423912,0.95450085,0.9523962,0.9549695,0.9520747,0.95174307,0.9556736,0.95436627,0.9403056,0.95319,0.9519233,0.9445185,0.94173884,0.9485553,0.9226446,0.9500068,0.9462738,0.9480243,0.94129235,0.94406796,0.94118583,0.95048255,0.9435202,0.96650237,0.95095325,0.9667128,0.95546955,0.94519114,0.9446888,0.9518707,0.9451252,0.9503115,0.94982,0.94838744,0.94377273,0.94995755,0.93846524,0.9445913,0.926964,0.94173473,0.95147777,0.9431523,0.95876384,0.9506477,0.9492374,0.9667128,0.9509672,0.95629334,0.9559819,0.95612824
annabellemovie,0.95734775,0.9427192,0.9593423,0.9621528,0.95419264,0.9489339,0.9642739,0.953853,0.9795846,0.9600272,0.9578359,0.94807273,0.9999998,0.95665187,0.95973927,0.9587486,0.9655158,0.94731814,0.94767636,0.95053977,0.95895445,0.9578558,0.9602589,0.9678162,0.94470453,0.8706149,0.95302564,0.96139663,0.95848566,0.9520283,0.9529779,0.96691966,0.94850045,0.94414747,0.95133775,0.9293376,0.95966256,0.9697557,0.95182794,0.95840746,0.9567901,0.9589875,0.9514131,0.9661027,0.96614444,0.9620836,0.9606628,0.96462226,0.9521809,0.9653705,0.95800847,0.9661583,0.95239514,0.95145744,0.9495331,0.95010495,0.9526515,0.95500976,0.96236086,0.9606467,0.95794004,0.96548814,0.9549915,0.9643787,0.9555458,0.9534933,0.95233023,0.9639287,0.9455911,0.95584613,0.9619863,0.76345336,0.9501682,0.9505797,0.9547032,0.944237,0.91844106,0.9493921,0.968165,0.9564727,0.955106,0.9643033,0.96717036,0.9566996,0.9603965,0.95416236,0.9692834,0.9797278,0.9560372,0.9675881,0.9562048,0.9619863,0.95515764,0.96872425,0.95939285,0.9574851,0.9564619,0.9604797,0.949455,0.95961493,0.96178573,0.95839405,0.95946014,0.9519423,0.94747025,0.9596001,0.9667215,0.9581767,0.95733804,0.9390129,0.9644594,0.8613699,0.9562543,0.9337515,0.9548567,0.95984393,0.95896405,0.95652384,0.9697858,0.9647656,0.9630557,0.950387,0.9563955,0.9524358,0.96123964,0.9613093,0.9678932,0.94832706,0.95609015,0.94109374,0.9564939,0.94771504,0.96661395,0.9490647,0.95466447,0.9472765,0.9570855,0.962672,0.960984,0.9614749,0.9795846,0.96498144,0.96331054,0.95998645,0.9587108,0.9586488,0.9508292,0.9599974,0.96630615,0.95943254,0.9573734,0.95507705,0.9660568,0.93718517,0.96151185,0.96150184,0.9403958,0.9541896,0.9570121,0.95248973,0.9795846,0.95749897,0.9563427,0.95712614,0.96042776
annamovie,0.95825124,0.9566522,0.9604583,0.94491816,0.9589055,0.94778186,0.95978355,0.9515239,0.97845316,0.9584048,0.9592088,0.9447231,0.95665187,1.0000002,0.9573299,0.95664924,0.9605108,0.95903546,0.9473401,0.94886506,0.9552876,0.9583063,0.9599865,0.9572737,0.9489305,0.89179444,0.948197,0.9545186,0.95830786,0.9583428,0.95084774,0.95392805,0.95424587,0.9465027,0.93823725,0.91454846,0.95704424,0.9602871,0.9491984,0.9570819,0.94958556,0.96127,0.9545406,0.96620363,0.9601231,0.94439644,0.9605997,0.9570904,0.9519177,0.9630844,0.9603721,0.9634921,0.95813304,0.9539007,0.9408231,0.9488143,0.9450217,0.961224,0.95238453,0.95560837,0.9487523,0.95002776,0.9468042,0.96355987,0.9550916,0.94773304,0.95316106,0.9616393,0.95629567,0.94244444,0.9613531,0.7758135,0.9540021,0.9503981,0.93971825,0.94753164,0.9054443,0.95713055,0.95725906,0.9512728,0.95992035,0.95722824,0.96031827,0.94920737,0.9542622,0.9424854,0.9527316,0.9592726,0.9504533,0.9589206,0.95439273,0.9613531,0.953866,0.9627616,0.95725024,0.94974697,0.9643411,0.9540382,0.94898695,0.9629676,0.952035,0.9555318,0.9535282,0.9526893,0.96521056,0.9601847,0.9633152,0.9481427,0.9444436,0.95426416,0.9587304,0.87051,0.9573666,0.92108417,0.95664984,0.96102643,0.95748717,0.95220655,0.9656438,0.95193416,0.9663394,0.9596242,0.96560466,0.9512823,0.9552192,0.96165675,0.9578693,0.9433447,0.96092284,0.93973476,0.95026386,0.9567837,0.95846534,0.9508396,0.96380144,0.95841247,0.9563508,0.959173,0.95743036,0.9543328,0.97845316,0.9647095,0.95615727,0.94725287,0.9454534,0.95328623,0.9497233,0.94917595,0.9551271,0.94554937,0.95431525,0.95142525,0.9562295,0.9231644,0.95200837,0.9589621,0.9484562,0.95220965,0.95616704,0.95973057,0.97845316,0.95076525,0.95830137,0.9543967,0.96210593
apollo11movie,0.95803076,0.94613284,0.9619612,0.95377284,0.96129346,0.95237046,0.9582961,0.95801324,0.97723067,0.94768304,0.9640061,0.946793,0.95973927,0.9573299,0.9999994,0.9524139,0.95943725,0.95973045,0.9592918,0.9659808,0.9596916,0.9516017,0.96512234,0.9649689,0.9521475,0.8943697,0.9491571,0.95092034,0.9597076,0.9614021,0.95867693,0.9608326,0.94306684,0.9446548,0.938108,0.9233479,0.9636291,0.96102005,0.95287806,0.9551677,0.94612783,0.95758647,0.96128625,0.96999085,0.96913856,0.94746256,0.9607205,0.9524087,0.94746614,0.9645044,0.96109504,0.9636948,0.95167345,0.9563844,0.9551515,0.95430064,0.9418666,0.9539853,0.95369077,0.9660764,0.952242,0.95390075,0.9614521,0.95466655,0.95367664,0.94494516,0.94955164,0.95951617,0.94842225,0.94058746,0.962064,0.7851537,0.9525448,0.9547501,0.9495763,0.9392866,0.9124218,0.95511615,0.96230465,0.94562304,0.96013135,0.95889014,0.9528439,0.95586663,0.9635087,0.9519698,0.95260125,0.9590275,0.947244,0.96177214,0.9541194,0.962064,0.95223695,0.9664879,0.9621489,0.9713026,0.9615826,0.954738,0.94764966,0.96236044,0.9572568,0.95479053,0.9532968,0.9545099,0.94808346,0.96268916,0.96379656,0.9566309,0.9470994,0.9532707,0.95811576,0.8896109,0.95250005,0.92464805,0.95822567,0.9555608,0.9585061,0.9475988,0.96654147,0.95839274,0.9534877,0.95098007,0.96126276,0.9480288,0.9595502,0.959227,0.9620232,0.95353055,0.9595534,0.9394123,0.95770293,0.9564223,0.95880723,0.9450873,0.94929963,0.9541939,0.9621586,0.9513812,0.9640067,0.95725083,0.97723067,0.96241874,0.9565998,0.9496003,0.95169574,0.95772904,0.9561801,0.954287,0.96035326,0.9531395,0.9548136,0.9643882,0.95209384,0.93351036,0.9577281,0.95852107,0.95241827,0.95961684,0.9541128,0.9569135,0.97723067,0.9604377,0.9562241,0.9608469,0.9563515
arcticdogsmovie,0.95119196,0.96213526,0.9503431,0.9535331,0.957106,0.9480011,0.9546934,0.9568154,0.9766555,0.96406007,0.95903665,0.9445666,0.9587486,0.95664924,0.9524139,0.99999994,0.9613176,0.9501974,0.9489364,0.9432881,0.9596058,0.9453868,0.9573174,0.96218723,0.9514739,0.87730896,0.94978577,0.9558798,0.9485485,0.9597526,0.9456714,0.95264184,0.94896334,0.9371321,0.92850095,0.92283106,0.95935524,0.9524822,0.95190674,0.95628536,0.9502648,0.9574505,0.9524266,0.9602899,0.95913637,0.9432084,0.95736635,0.95757467,0.9565389,0.95674944,0.951319,0.96752125,0.9518488,0.9481779,0.94269115,0.9512109,0.9542421,0.9673143,0.9534009,0.9597174,0.94655675,0.953461,0.9507729,0.9585656,0.9539353,0.95715743,0.9474352,0.9586748,0.9530015,0.94472027,0.95894784,0.77647,0.9507051,0.9555374,0.94349134,0.94009477,0.9098395,0.9473217,0.961549,0.9512456,0.96081805,0.95117426,0.9607938,0.9512157,0.9502956,0.9518818,0.9522001,0.9668796,0.9523282,0.9571583,0.9504519,0.95894784,0.9525884,0.96240234,0.9584761,0.9536298,0.95205843,0.95584583,0.9504665,0.95277566,0.95458484,0.9495333,0.9542947,0.95479333,0.95611256,0.95922965,0.96771884,0.9637091,0.957884,0.9572037,0.9562862,0.84135836,0.9516767,0.92664546,0.9539044,0.9557577,0.95089966,0.94942,0.96792626,0.9518753,0.9586564,0.94824815,0.95816433,0.9573336,0.95746994,0.9532239,0.96490705,0.9412669,0.9639908,0.93911856,0.9634003,0.95386446,0.9586122,0.9536222,0.95864403,0.9584379,0.9502188,0.9628038,0.9571204,0.9473808,0.9766555,0.9549942,0.95597893,0.95618814,0.95090824,0.95412844,0.9398616,0.94126546,0.9570412,0.94905144,0.9526947,0.9514357,0.9481634,0.9321932,0.9560764,0.9584754,0.94711643,0.95208484,0.9535436,0.9503987,0.9766555,0.95630616,0.9609613,0.9526154,0.9538833
arcticmovie,0.9613728,0.9530376,0.96816725,0.94694203,0.9574641,0.9524426,0.96043843,0.9581481,0.98143303,0.96668154,0.96346676,0.94340074,0.9655158,0.9605108,0.95943725,0.9613176,0.9999999,0.956456,0.9501346,0.9454649,0.96723044,0.9572673,0.96056575,0.97202533,0.9449792,0.8971497,0.95199054,0.97376835,0.9615908,0.9567669,0.9448214,0.9545637,0.9528165,0.9499518,0.94766885,0.93630075,0.95997673,0.9577575,0.95171475,0.95716894,0.9564769,0.96256745,0.95089346,0.9672535,0.968196,0.9529017,0.96322876,0.95356137,0.95586646,0.9613748,0.9608448,0.963127,0.9551085,0.95040154,0.9410488,0.95614356,0.9589748,0.96250105,0.9555638,0.9593525,0.95413214,0.95784265,0.96056205,0.9671101,0.9510763,0.9549757,0.95338774,0.9564871,0.9576203,0.9559043,0.96369916,0.7710183,0.9569959,0.96003455,0.94419986,0.94808173,0.9158364,0.9530496,0.96804625,0.9498275,0.9615521,0.95803684,0.96996933,0.95625585,0.9469036,0.9429324,0.965259,0.9646941,0.9531305,0.9661851,0.95464903,0.96369916,0.9585526,0.96751666,0.9607749,0.9610396,0.9617195,0.9581227,0.95198333,0.9607748,0.95997036,0.959809,0.9610574,0.95894825,0.95035285,0.9624257,0.9679407,0.96057653,0.9499335,0.9448412,0.9682604,0.87636745,0.9580335,0.92959285,0.9571292,0.9635366,0.961287,0.94973844,0.970014,0.95990527,0.9672237,0.9535661,0.95988995,0.9482056,0.96039116,0.95891523,0.96425337,0.95283014,0.9573762,0.9388166,0.96252245,0.95680475,0.9821455,0.9638226,0.95796615,0.95750356,0.9567118,0.9635584,0.96023095,0.9569468,0.98143303,0.96463495,0.96501464,0.9619115,0.9589014,0.9516454,0.94486225,0.95698214,0.9655176,0.95310277,0.9505452,0.96883404,0.95640033,0.92465806,0.96307623,0.9586084,0.9553097,0.95297366,0.95676225,0.9503928,0.98143303,0.95559305,0.96354365,0.9609474,0.9642236
artofracingmovie,0.9597236,0.9397815,0.9632511,0.9450782,0.97569203,0.9454508,0.9550455,0.9568072,0.9738108,0.94594413,0.9482748,0.9537615,0.94731814,0.95903546,0.95973045,0.9501974,0.956456,0.9999998,0.95040965,0.953148,0.95694286,0.9622147,0.9485965,0.95998096,0.94891495,0.89055204,0.9546707,0.9480183,0.9614427,0.9521576,0.947902,0.9478512,0.95012975,0.9470278,0.93367,0.92322713,0.95544875,0.9532435,0.94829416,0.9574715,0.94079316,0.9525903,0.94969463,0.9531078,0.95930564,0.94691706,0.94666517,0.9433292,0.9489221,0.9522415,0.96231043,0.95469695,0.94281584,0.93598264,0.9414625,0.96651644,0.95648897,0.9545789,0.951358,0.96100974,0.9491185,0.95256615,0.94916517,0.95169526,0.9443568,0.9361965,0.9456215,0.9469871,0.94266045,0.93814933,0.9614154,0.7757019,0.95014846,0.94966775,0.9352356,0.9470891,0.8948126,0.95034784,0.9559411,0.9418316,0.95453906,0.9489562,0.95775026,0.9544768,0.9491825,0.9445129,0.9447795,0.95084065,0.94538265,0.9541807,0.9530674,0.9614154,0.94633925,0.96471727,0.95376456,0.9557375,0.95549256,0.9551987,0.93663293,0.95075047,0.9548965,0.9574495,0.95108396,0.94201845,0.9368149,0.95980495,0.9599955,0.9488046,0.9492959,0.9535417,0.9503571,0.8874023,0.9583098,0.93950677,0.95554334,0.953986,0.9586325,0.946549,0.96379507,0.9556636,0.9578159,0.9609912,0.95286554,0.9395013,0.9548183,0.96025825,0.95412374,0.9519187,0.9617059,0.92466575,0.9533356,0.95839685,0.9601442,0.9421176,0.95227695,0.95484495,0.9575363,0.9511778,0.957086,0.9600378,0.9738108,0.9618163,0.9553902,0.9540789,0.95657486,0.9471689,0.94643897,0.9502678,0.9555435,0.9492101,0.9503532,0.95445204,0.94728965,0.92002463,0.9578432,0.9533123,0.94227016,0.9616244,0.95397073,0.95458955,0.9738108,0.9532772,0.96139383,0.95701504,0.96023697
avengers,0.9695725,0.9434829,0.9569815,0.9456766,0.9496939,0.9502073,0.96049964,0.96091443,0.9719628,0.94697237,0.95174426,0.9432396,0.94767636,0.9473401,0.9592918,0.9489364,0.9501346,0.95040965,1.0000002,0.9400408,0.9573671,0.9562435,0.95212287,0.95298934,0.9532875,0.88163275,0.9494973,0.9399387,0.9513767,0.94417053,0.9719352,0.9433452,0.9425124,0.9347653,0.94142675,0.9155166,0.9474414,0.95798767,0.94992405,0.9507175,0.9488154,0.9521361,0.95097923,0.9521928,0.95899206,0.9463783,0.9478249,0.9448673,0.9481632,0.9536196,0.95200235,0.9530625,0.94034445,0.9466043,0.9467586,0.94415194,0.94928086,0.9494925,0.9535483,0.95467556,0.94726366,0.9552215,0.957381,0.94959915,0.942598,0.94031435,0.9435095,0.9475827,0.9385714,0.94799095,0.95773965,0.76573867,0.9454667,0.9519181,0.94441295,0.9366675,0.90024036,0.94738716,0.9545092,0.9420551,0.9546143,0.9639929,0.95458287,0.9587753,0.9463482,0.9339419,0.94927853,0.9427813,0.9480464,0.95464027,0.9525096,0.95773965,0.9518533,0.95633614,0.9437372,0.94664085,0.9535144,0.95813894,0.9547464,0.9524967,0.95306355,0.953228,0.9454,0.95199895,0.9405917,0.95556635,0.9586171,0.95016867,0.9509309,0.95427686,0.95278686,0.8774683,0.9413757,0.9135551,0.9555225,0.9444709,0.9526363,0.9482845,0.9562585,0.95350873,0.9620232,0.9438708,0.95596933,0.93603194,0.9525702,0.9623653,0.95210046,0.95055,0.9483846,0.9439938,0.9497033,0.94929296,0.9459411,0.92986435,0.95391244,0.94316226,0.9572431,0.94549143,0.9612999,0.9470311,0.9719628,0.9557378,0.9579399,0.9486897,0.9482826,0.9441212,0.950098,0.952368,0.95025307,0.94330394,0.96192664,0.95694447,0.9428932,0.9298244,0.9581549,0.9474497,0.94083285,0.9551176,0.9561299,0.94843656,0.9719628,0.95788413,0.9512301,0.95656973,0.95376796
beachbummovie,0.95190513,0.941751,0.9502616,0.93439305,0.95263016,0.94147277,0.94934523,0.9437484,0.9682921,0.9424446,0.94486195,0.9384735,0.95053977,0.94886506,0.9659808,0.9432881,0.9454649,0.953148,0.9400408,0.99999994,0.9489909,0.9593505,0.9566413,0.9575285,0.9430645,0.8789181,0.9438318,0.9385613,0.9507495,0.94551367,0.9480486,0.9590948,0.9410069,0.92408895,0.936233,0.9230863,0.95631766,0.950713,0.9525556,0.9427428,0.93347454,0.935799,0.93783826,0.9522666,0.9519017,0.95194966,0.9549659,0.94915634,0.9376678,0.950863,0.9509259,0.96258473,0.95032936,0.9409925,0.94689417,0.94344294,0.94774383,0.9508483,0.9517509,0.9463122,0.944607,0.9442208,0.94583064,0.9402145,0.9515372,0.92955834,0.930548,0.9578688,0.9377426,0.93889904,0.954149,0.78770614,0.9434813,0.937238,0.93970644,0.93555087,0.9048583,0.93906415,0.9534302,0.94065213,0.9466663,0.9424208,0.9470994,0.95083976,0.9492276,0.942309,0.95084035,0.95292753,0.94319147,0.9566883,0.94409376,0.954149,0.9430406,0.95632124,0.9505486,0.9461981,0.9518465,0.9641178,0.93453306,0.95112306,0.95110345,0.9573748,0.9422378,0.9344055,0.94030535,0.9479406,0.9521338,0.93907696,0.93940943,0.9534895,0.95110387,0.87280494,0.9475985,0.9316839,0.9512632,0.95125943,0.95686245,0.9385752,0.9583078,0.9477828,0.9475169,0.9521245,0.96076244,0.945997,0.94998366,0.9575135,0.953815,0.94105947,0.94822854,0.92437094,0.9464911,0.9439814,0.9507939,0.9454183,0.952047,0.94662344,0.9514659,0.95609933,0.94708973,0.95873517,0.9682921,0.9554671,0.94811183,0.9392809,0.9327005,0.9578154,0.9426697,0.9448189,0.9435511,0.94590217,0.94784003,0.94463694,0.9486869,0.9350376,0.94929695,0.9556459,0.9489826,0.94806874,0.9454732,0.9486242,0.9682921,0.93667716,0.95450085,0.95270276,0.94488937
bernadettefilm,0.9563637,0.9557143,0.96735275,0.95044184,0.96324176,0.9512429,0.9672999,0.96310174,0.9797632,0.95939964,0.9567424,0.95352376,0.95895445,0.9552876,0.9596916,0.9596058,0.96723044,0.95694286,0.9573671,0.9489909,1.0000001,0.9628773,0.9625289,0.9702058,0.9531471,0.87580025,0.9543769,0.9572588,0.96188444,0.949563,0.9571043,0.9616619,0.94186,0.9460225,0.94260275,0.94163865,0.96840405,0.9585369,0.94590354,0.9532303,0.95102364,0.9664091,0.9582455,0.9642899,0.9645632,0.94757944,0.9612873,0.9641229,0.95378107,0.9643586,0.9597486,0.9665142,0.95054036,0.94801074,0.94774973,0.9526098,0.96498096,0.9582581,0.9598111,0.96520793,0.95536435,0.95597875,0.9628789,0.9576097,0.9554079,0.94574577,0.9392393,0.9605307,0.9511737,0.95290375,0.9678258,0.76166534,0.9568013,0.95992446,0.9464606,0.9429329,0.91300225,0.9472937,0.95613664,0.95588976,0.95925933,0.96136737,0.96519846,0.9645308,0.9500808,0.95148855,0.9565784,0.95772237,0.9611779,0.9636418,0.958925,0.9678258,0.9598455,0.96189463,0.96317464,0.9570468,0.9645783,0.966568,0.9544423,0.9624873,0.9604423,0.9588476,0.9555221,0.9575938,0.94744545,0.9635427,0.9678223,0.9542387,0.9565253,0.9610038,0.9543109,0.8722257,0.95405006,0.9316978,0.9643846,0.94942564,0.9563889,0.9521824,0.970153,0.96998906,0.9668914,0.9581241,0.95998585,0.94292784,0.9661814,0.9610688,0.9597445,0.9531659,0.9553999,0.94308406,0.98005605,0.9512082,0.9650895,0.9523918,0.95772594,0.9475664,0.9535856,0.96209353,0.9660576,0.9552863,0.9797632,0.9670146,0.9599777,0.96134156,0.9590945,0.96056354,0.95240337,0.95699334,0.9598793,0.9424999,0.9560735,0.96130323,0.9549782,0.9310285,0.9640137,0.95887107,0.95466477,0.9627529,0.9581236,0.95535946,0.9797632,0.9653834,0.95492476,0.96243995,0.95635635
