movie,21bridgesmovie,47metersdown,abeautifuldaymovie,abominablemovie,adastramovie,adogsjourneymovie,aftermathmovie,aftermovie,ahiddenlifefilm,alitamovie,angelhasfallen,angrybirdsmovie,annabellemovie,annamovie,apollo11movie,arcticdogsmovie,arcticmovie,artofracingmovie,avengers,beachbummovie,bernadettefilm,blackandbluemovie,blackchristmas,blindedbythelightmovie,bombshellmovie,booksmart,breakthroughmovie,brianbanksmovie,brightburnmovie,brittanyrunsmov,captainmarvelofficial,captivestatemovie,catsmovie,charliesangels,childsplaymovie,clarathefilm,coldpursuitmovie,countdown,currentwarmovie,darkwatersmovie,detectivepikachumovie,disneyaladdin,disneyfrozen,disneymaleficent,doctorsleepmovie,dolemiteismyname,dontletgomovie,doramovie,downtonabbey_official,dumbo,escaperoom,everybodyknowsmovie,fastandfuriousmovie,fightingwmyfam,fivefeetapartfilm,fordvferrari,freaksthefilm,geminimanmovie,glassmovie,gloriabellmovie,godzillamovie,goldfinchmovie,goodboysmovie,goodliarmovie,gretafilm,halathemovie,happydeathdaymovie,harrietfilm,hellboymovie,hersmellmovie,highlifemovie,highstrungmovie,honeyboymovie,hotelmumbaifilm,httydragon,hustlemovie,hustlersmovie,isntitromantic,itmovieofficial,jayandsilentbob,johnwickmovie,jojorabbitmovie,jokermovie,judythefilm,jumanjimovie,justmercyfilm,knivesout,lalloronamovie,lastblackmansf,lastchristmasthemovie,latenightmovie,lighthousemovie,lionking,littlethemovie,littlewomenmovie,littlewoodsfilm,longshotmovie,lordsofchaosmovie,lucyintheskyfilm,mamovie2019,marriagestory,meettheaddams,meninblack,midsommarmovie,midwaymovie,missbalamovie,missinglinkfilm,motherlessbklyn,onceinhollywood,onthebasisofsex,overcomermovie,peanutbutterfalcon,petsematarymovie,piercingmovie,playingwithfire,playmobilthemovie,pomsmovie,queenandslim,rambomovie,readyornotfilm,richardjewellfilm,rocketmanmovie,scarystoriesmovie,secretlifeofpets,serenityfilm,shaftmovie,shazammovie,spidermanmovie,spiesindisguise,starwars,stormboymovie,stubermovie,taosdfilm,teenspiritmov,terminator,theaeronautsmov,thebestofenemies,thedeaddontdie,thefarewell,thehighwaymen,thehummingbirdprojectfilm,theintrudermovie,theirishmanfilm,thekitchenmovie,thelegomovie,themustangfilm,thenightingalefilm,theprodigymovie,thesunisalsoastar,theupsidefilm,tolkienmovie,toystory,triplefrontier,uglydolls,uncutgems,underthesilverlake,usmovie,wavesmovie,whatmenwant,wonderparkmovie,wrinklestheclown,xmenmovies,yardiefilm,yesterdaymovie,zombieland
21bridgesmovie,1.0000001,0.95370597,0.9627413,0.9542636,0.9607035,0.956618,0.9656211,0.9562716,0.9783001,0.95160186,0.9657904,0.956242,0.9567276,0.951743,0.9535484,0.9568409,0.9601956,0.95652354,0.97756416,0.93571615,0.95980895,0.956074,0.964075,0.96300435,0.9588445,0.9102983,0.9501405,0.96647894,0.9583386,0.95889515,0.9573847,0.95595527,0.95408773,0.95432705,0.946208,0.93867993,0.9645666,0.9662374,0.9494293,0.9604835,0.95850104,0.96321636,0.96100897,0.96012264,0.9589784,0.95469415,0.96089005,0.96699005,0.949764,0.9658223,0.9564446,0.96915734,0.9518967,0.9435667,0.94411904,0.9475497,0.95499384,0.95936537,0.96188337,0.9592269,0.9552798,0.9586097,0.95375466,0.95171285,0.9601274,0.955921,0.9591051,0.9574631,0.9517445,0.95056486,0.96567106,0.828892,0.948344,0.96506834,0.94791883,0.93949157,0.940269,0.9557023,0.96303785,0.965714,0.95596355,0.9594802,0.95582455,0.9551715,0.94795966,0.9569136,0.9575566,0.95911175,0.9628389,0.9672414,0.95722127,0.96567106,0.958526,0.9530215,0.9530042,0.9427154,0.9604512,0.95168597,0.9573706,0.96371573,0.9637669,0.9553207,0.9507917,0.95957303,0.957676,0.95702374,0.9619552,0.9639803,0.9483383,0.9580749,0.9621627,0.89716005,0.9556435,0.9285743,0.9512372,0.9751793,0.9900902,0.95580286,0.9577507,0.96348524,0.9508496,0.9607022,0.9623468,0.9462444,0.96097755,0.9519396,0.9585353,0.95457494,0.9565132,0.9482403,0.9571292,0.9565153,0.963622,0.9550483,0.95150644,0.96030366,0.96938294,0.95985353,0.96168655,0.952435,0.9783001,0.95457,0.96115524,0.9535713,0.9537979,0.97049785,0.9525474,0.9520871,0.958379,0.9641775,0.9640789,0.9681851,0.9631136,0.9593351,0.95815825,0.9586008,0.952365,0.95758057,0.9524674,0.9601458,0.9783001,0.9524547,0.9638577,0.9536943,0.95687896
47metersdown,0.95370597,1.0000001,0.9538427,0.9546883,0.9511029,0.94858974,0.95754635,0.9619055,0.97408926,0.9519854,0.9628236,0.95195985,0.9532338,0.9541268,0.9606437,0.9647498,0.96147084,0.9585769,0.95241815,0.94675595,0.9591738,0.95387936,0.9551256,0.9560375,0.94898593,0.9072224,0.9569071,0.96327716,0.9585544,0.9472403,0.9424861,0.95656663,0.947647,0.958256,0.94052637,0.9219309,0.9549505,0.95422524,0.95189714,0.95534503,0.95692426,0.9427641,0.945012,0.94895375,0.9577963,0.9578757,0.9516285,0.9542785,0.9525894,0.94625205,0.961138,0.9645016,0.9504051,0.9530159,0.9458442,0.94291854,0.9521827,0.95469284,0.9461684,0.95177054,0.9556874,0.9521808,0.95555717,0.9577597,0.9416657,0.9474089,0.9561346,0.9540461,0.9499766,0.94408315,0.9598192,0.843129,0.93903315,0.9599247,0.9352927,0.9336791,0.92895824,0.9548582,0.95120496,0.94855726,0.95522755,0.95292133,0.9513132,0.9415296,0.95194864,0.9528597,0.95425737,0.94244933,0.9514828,0.9588598,0.9501034,0.9598192,0.9468115,0.9510478,0.9557644,0.95641917,0.95525527,0.95184356,0.9489631,0.9551275,0.95669734,0.9531994,0.95003384,0.9574109,0.96074784,0.9619913,0.95511013,0.96274453,0.95100546,0.95453566,0.9567919,0.8990008,0.9554404,0.918757,0.9601731,0.95168793,0.9579302,0.9505413,0.9628385,0.9558438,0.9547084,0.95786667,0.95760596,0.93609095,0.95274705,0.9549951,0.94657695,0.9545485,0.95355016,0.93499523,0.9540667,0.9457348,0.959632,0.94976735,0.9519657,0.9463968,0.94637555,0.94755954,0.95706046,0.9597039,0.97408926,0.95352226,0.9578982,0.95806473,0.95532036,0.9624649,0.9476089,0.9414426,0.96034056,0.9516376,0.9588438,0.94766796,0.953009,0.93538165,0.9554322,0.95073414,0.94262964,0.9510308,0.95378846,0.95865226,0.97408926,0.9546307,0.9634824,0.95454794,0.9596312
abeautifuldaymovie,0.9627413,0.9538427,0.9999999,0.95668435,0.9590066,0.95178473,0.9710259,0.95766205,0.98178726,0.9571859,0.9656453,0.96817404,0.9588674,0.9660958,0.9626487,0.9625585,0.96139365,0.96246916,0.9640564,0.9526776,0.9643894,0.9776354,0.96461016,0.96177316,0.9533329,0.923693,0.9669555,0.9632007,0.9793472,0.95740783,0.95673543,0.9636766,0.9545991,0.9656746,0.9408522,0.9326342,0.96144396,0.9562459,0.963011,0.95584023,0.96617794,0.95700216,0.9588071,0.9596774,0.96887314,0.9550565,0.9649023,0.9689641,0.959549,0.96127987,0.9831347,0.96789175,0.9600838,0.9484785,0.9362854,0.94781137,0.96333486,0.96166587,0.962314,0.96759194,0.96090573,0.9606922,0.9606751,0.9624274,0.95819485,0.9597737,0.9629052,0.96048445,0.95174044,0.95702046,0.9691404,0.82533306,0.9492451,0.96510994,0.95617205,0.9488084,0.93576133,0.95895207,0.9661802,0.96351737,0.9526403,0.96042395,0.9602831,0.9585753,0.96488553,0.9576586,0.96999884,0.95859647,0.95912844,0.9637678,0.9621954,0.9691404,0.95848846,0.95754755,0.9716059,0.9557852,0.95801073,0.96498185,0.95652264,0.9562241,0.9579474,0.9499008,0.964195,0.9608981,0.96027464,0.97988856,0.9659032,0.9613337,0.9621559,0.9555349,0.9725448,0.901503,0.9656175,0.92719585,0.9619536,0.95219123,0.9676195,0.95473695,0.961924,0.9676284,0.95420307,0.96239024,0.95527714,0.94809896,0.95617485,0.9642045,0.95904714,0.9699271,0.96162826,0.9545968,0.95505416,0.95554584,0.96699834,0.95156723,0.9581042,0.95646447,0.95442975,0.9590157,0.96523404,0.9546086,0.98178726,0.9747518,0.95884967,0.9603071,0.95950156,0.95988345,0.9475229,0.94660777,0.9640471,0.95682806,0.96855515,0.97768015,0.95746595,0.9360961,0.9598503,0.9610465,0.9571587,0.9611454,0.95765066,0.9606375,0.98178726,0.9611197,0.9652272,0.9633201,0.97460634
abominablemovie,0.9542636,0.9546883,0.95668435,0.99999964,0.95163196,0.9577328,0.9520904,0.9538026,0.97585815,0.9503803,0.95759195,0.9618102,0.9640175,0.95291233,0.9588456,0.9650305,0.96197337,0.9593839,0.9553752,0.9373514,0.9543788,0.95184046,0.96358746,0.9512254,0.94734913,0.9291816,0.9551406,0.9614192,0.96092516,0.9545436,0.94590944,0.9554285,0.95373756,0.9561418,0.942766,0.94364905,0.95454776,0.9672082,0.9608702,0.9598648,0.9514669,0.94641274,0.94624764,0.9451062,0.95611244,0.95763034,0.96279895,0.9580554,0.95897824,0.9494175,0.9604792,0.969655,0.9573233,0.9601351,0.9508984,0.94101685,0.9536376,0.95955735,0.9653918,0.9582102,0.9525929,0.9614267,0.95344806,0.9495179,0.95417124,0.95392597,0.9538831,0.9599786,0.9456341,0.9511802,0.9618883,0.8387567,0.9465983,0.96304023,0.9613184,0.9388544,0.936424,0.95160055,0.95421433,0.9527961,0.94569784,0.9617283,0.9509257,0.94768935,0.96198076,0.9492037,0.9567576,0.9510814,0.95672804,0.9571815,0.95411795,0.9618883,0.9499306,0.95421493,0.94851476,0.95933944,0.9554676,0.95005476,0.9424264,0.9600878,0.95747054,0.9516344,0.9470628,0.9604966,0.95994323,0.9631517,0.95762646,0.9662434,0.95320016,0.9592267,0.96764284,0.91031456,0.9586216,0.9332217,0.9537399,0.9479005,0.95763916,0.96126217,0.9651534,0.9517765,0.9564738,0.96846354,0.9577104,0.9390895,0.9624829,0.9571074,0.9538246,0.9586801,0.9605406,0.9359,0.946983,0.9519881,0.9672838,0.9477821,0.9523199,0.950471,0.9474651,0.963072,0.9640695,0.9601318,0.97585815,0.94977367,0.9567614,0.9551179,0.95654386,0.96449804,0.95598394,0.9558534,0.9605205,0.9558545,0.9554738,0.9524032,0.95344806,0.93033636,0.9487241,0.95716834,0.9557818,0.9511777,0.9556832,0.95536566,0.97585815,0.9532538,0.9604906,0.966941,0.96119976
adastramovie,0.9607035,0.9511029,0.9590066,0.95163196,0.99999964,0.95378995,0.96536124,0.9587854,0.97794116,0.96610206,0.96136236,0.9565938,0.9501285,0.9606843,0.9600257,0.9579612,0.95182234,0.97336674,0.95918036,0.9352699,0.96516407,0.95999724,0.9627151,0.9655136,0.96031606,0.91196144,0.96405643,0.95169437,0.9610319,0.9600951,0.9475454,0.94825435,0.9486733,0.9567305,0.94458306,0.93717045,0.9677252,0.9602537,0.9558926,0.9555625,0.9555088,0.9477418,0.9533144,0.95533717,0.9636383,0.9537732,0.9597496,0.9644634,0.94482064,0.9564047,0.95748067,0.963567,0.9535941,0.9525729,0.9494218,0.9681499,0.9577372,0.955757,0.95566434,0.96100384,0.9549848,0.96259564,0.9558464,0.9573267,0.95612437,0.9496113,0.9552646,0.9580242,0.9492048,0.9449609,0.9641552,0.8436196,0.95774835,0.9585239,0.95196563,0.9410561,0.944045,0.95482475,0.9575112,0.95993716,0.9532842,0.9637325,0.9577029,0.95395994,0.94778603,0.95121527,0.95459336,0.944697,0.961493,0.96070683,0.9576356,0.9641552,0.9537636,0.948087,0.9630151,0.938634,0.94928944,0.9509034,0.95494235,0.96498185,0.95955855,0.95991564,0.9538218,0.96489143,0.9602395,0.9577017,0.9490344,0.9555498,0.94685495,0.95402044,0.9619154,0.9101144,0.9637915,0.936416,0.9583474,0.956957,0.9655747,0.95504594,0.9562846,0.9597884,0.95281947,0.95898503,0.95943356,0.94358194,0.95746255,0.94621855,0.9521868,0.9468446,0.9646529,0.9459615,0.95461994,0.96937686,0.9511663,0.94834155,0.95634043,0.9609017,0.9599869,0.9510707,0.95623523,0.95493263,0.97794116,0.9555563,0.95307535,0.9523283,0.9526925,0.96546483,0.95639634,0.94366753,0.9539442,0.9570162,0.9676205,0.9604151,0.96120316,0.947787,0.9582188,0.9547266,0.95266956,0.96316093,0.95112544,0.9571939,0.97794116,0.9571079,0.9585423,0.9550005,0.961218
adogsjourneymovie,0.956618,0.94858974,0.95178473,0.9577328,0.95378995,0.9999996,0.9548735,0.95751965,0.97455305,0.9517103,0.9647048,0.9550055,0.9604586,0.9465339,0.9557723,0.9568133,0.9521983,0.95797426,0.954755,0.9250489,0.9467331,0.95451206,0.96571034,0.95808095,0.9481156,0.9055108,0.9489273,0.95939314,0.95662105,0.95578253,0.9436334,0.95197153,0.9560435,0.947647,0.9359887,0.9269715,0.96129984,0.9587415,0.95845157,0.95953053,0.9523643,0.94687736,0.9549707,0.952896,0.9538801,0.95339483,0.9651393,0.95907426,0.95740837,0.95570695,0.95989245,0.9664687,0.95142484,0.9388576,0.9415927,0.94562525,0.95230854,0.95394903,0.95706224,0.9493778,0.95608884,0.95745003,0.95673776,0.9525269,0.9503332,0.94962883,0.9453252,0.95861787,0.94895864,0.95715547,0.96134174,0.8355044,0.9374731,0.96180487,0.948862,0.9427066,0.93407404,0.9568945,0.9552745,0.94894207,0.9527427,0.95309114,0.9542025,0.940088,0.9505212,0.95284235,0.9468362,0.9616882,0.95188946,0.9649491,0.9576717,0.96134174,0.9449148,0.94825804,0.9529771,0.94875485,0.9573373,0.9512091,0.9499307,0.96246403,0.96208346,0.95580715,0.953307,0.95714575,0.9530397,0.95925575,0.9528449,0.9646703,0.9460026,0.9548909,0.9560955,0.89330524,0.9524329,0.9201653,0.9515317,0.9543152,0.95973164,0.95917344,0.9591587,0.9595842,0.9574559,0.96149397,0.95381516,0.9666531,0.9548467,0.9518141,0.96132076,0.95449907,0.95816994,0.9446021,0.94240004,0.95363826,0.9559318,0.946013,0.95387787,0.9549881,0.9489114,0.95624334,0.95851463,0.9596182,0.97455305,0.95654035,0.9489573,0.95476,0.94772416,0.9612287,0.9511319,0.94613415,0.95948935,0.95315015,0.9582317,0.94959366,0.956586,0.9367573,0.94974446,0.9521835,0.9599998,0.9527455,0.95113635,0.95618105,0.97455305,0.9452609,0.96197313,0.96489555,0.9586121
aftermathmovie,0.9656211,0.95754635,0.9710259,0.9520904,0.96536124,0.9548735,1.0000001,0.9621907,0.9817144,0.9576211,0.9673625,0.96078277,0.96329945,0.9624351,0.9590464,0.9591133,0.9589166,0.9610048,0.9675617,0.94660884,0.96509206,0.9704602,0.9622893,0.96767825,0.959677,0.92004925,0.9615349,0.9669706,0.9667257,0.96186423,0.95580935,0.95649153,0.9519291,0.9606882,0.94324064,0.9326629,0.9690599,0.9580338,0.9659684,0.9625025,0.9625386,0.96069163,0.95937026,0.96727556,0.9669647,0.9560333,0.9595705,0.9658235,0.9621462,0.964341,0.96529907,0.9683039,0.959786,0.9542866,0.9478433,0.96028435,0.96535105,0.9612261,0.9624644,0.96079236,0.958662,0.9636296,0.96384764,0.9614286,0.95544934,0.9587497,0.96743387,0.9639595,0.95083255,0.955581,0.968127,0.8328495,0.95431817,0.9645234,0.95000535,0.9524712,0.9356556,0.96208113,0.96419924,0.9643664,0.9582704,0.97969383,0.9632745,0.95896524,0.9588353,0.9534954,0.9624011,0.96409065,0.96162415,0.9608983,0.9679091,0.968127,0.9488771,0.95311624,0.9662072,0.9497983,0.95696014,0.9589056,0.9747939,0.95963186,0.9616809,0.9556067,0.95659566,0.9676627,0.9619103,0.9648419,0.9646857,0.96523786,0.95593387,0.9588643,0.9682859,0.90951633,0.963269,0.92992276,0.9550439,0.94958866,0.96631277,0.95534605,0.9638051,0.9873506,0.9629449,0.95985186,0.9637631,0.9465149,0.9639616,0.96006304,0.9601681,0.9597374,0.96614885,0.9500375,0.9594363,0.9661544,0.9643465,0.9588944,0.9578982,0.9639194,0.95688325,0.95749277,0.9681118,0.958095,0.9817144,0.9629258,0.9593682,0.9618585,0.9591942,0.9611216,0.95363766,0.946377,0.9607906,0.9563885,0.98453236,0.9678216,0.96703345,0.949272,0.9597227,0.9592691,0.95474476,0.9647141,0.9627489,0.9541037,0.9817144,0.95900685,0.96888053,0.9562331,0.96635973
aftermovie,0.9562716,0.9619055,0.95766205,0.9538026,0.9587854,0.95751965,0.9621907,1.0000001,0.9790008,0.9554464,0.96400774,0.95303583,0.9561248,0.9628113,0.9633848,0.96233183,0.95852655,0.9573556,0.9596121,0.9409078,0.9620942,0.9594456,0.9619049,0.96918553,0.96068466,0.91203415,0.9620842,0.9556983,0.9573485,0.95725375,0.95109814,0.9531033,0.9531136,0.95561576,0.9414879,0.9326045,0.95724344,0.96439606,0.9696585,0.9594858,0.9617651,0.9526725,0.9494739,0.9635014,0.9599618,0.9562033,0.9584362,0.9613323,0.959277,0.9623211,0.9599359,0.96713245,0.95830196,0.95004386,0.9631439,0.94756764,0.9562851,0.9584414,0.9517915,0.9599634,0.952469,0.9598869,0.96026486,0.96353954,0.9525772,0.95980465,0.9575419,0.957709,0.94917685,0.9578329,0.9665773,0.83735883,0.9443959,0.9608124,0.9483067,0.943174,0.94637406,0.9632674,0.95969796,0.9602648,0.9602531,0.96141446,0.9593957,0.9561275,0.95879835,0.95794773,0.9547373,0.9528638,0.95706904,0.95792603,0.96305627,0.9665773,0.9569828,0.9540502,0.95874834,0.9553126,0.9616851,0.95589596,0.9485215,0.9639924,0.95638126,0.9591966,0.95308465,0.96513236,0.96158457,0.9584598,0.9547812,0.96480834,0.942848,0.96313083,0.96268654,0.89774686,0.9561194,0.93401134,0.9614876,0.9525056,0.9642571,0.95879066,0.9693123,0.9623504,0.95857203,0.95621645,0.96432287,0.9451368,0.9639671,0.9554805,0.9573408,0.9572548,0.96425736,0.94155425,0.96366864,0.9581475,0.95965457,0.94775707,0.9557644,0.95823884,0.95933646,0.95812225,0.9650136,0.96095353,0.9790008,0.9517792,0.959317,0.95473003,0.9541289,0.96116513,0.95553315,0.9487098,0.9569325,0.9576268,0.9661582,0.95749444,0.9607788,0.94082755,0.9573102,0.96153986,0.95089334,0.96274024,0.9658939,0.9552207,0.9790008,0.95650864,0.96423596,0.9600853,0.95727754
ahiddenlifefilm,0.9783001,0.97408926,0.98178726,0.97585815,0.97794116,0.97455305,0.9817144,0.9790008,1.0000002,0.9751171,0.9831662,0.97658116,0.976478,0.9808367,0.9808703,0.9793387,0.9762712,0.9758206,0.9779593,0.96075493,0.97975105,0.9796864,0.9822459,0.9803255,0.973959,0.9331259,0.9771593,0.9799569,0.98199034,0.9767554,0.97037655,0.9764304,0.97078115,0.9767515,0.96211493,0.95676774,0.9809524,0.97665286,0.97955877,0.9754964,0.9790592,0.97343296,0.9741858,0.9762732,0.9810246,0.9746775,0.98066056,0.9813193,0.97575164,0.9781588,0.97968715,0.98487335,0.97840405,0.97159016,0.9658193,0.96804994,0.97678816,0.9781108,0.9794893,0.97982687,0.9765219,0.9796534,0.9774825,0.9768553,0.97226775,0.97642803,0.9764082,0.97720236,0.9680018,0.97428477,0.98528844,0.85437953,0.9698509,0.98063946,0.9706647,0.95913285,0.9581342,0.9755864,0.979164,0.97945005,0.97526115,0.97796977,0.9754374,0.97236097,0.9714489,0.97475994,0.9765086,0.97584206,0.97633374,0.980075,0.9798778,0.98528844,0.9722306,0.9739381,0.9763367,0.9726168,0.97761655,0.9736933,0.9692603,0.98124766,0.9786452,0.9754342,0.9737089,0.9805908,0.9802316,0.9797454,0.97646695,0.98129314,0.9663216,0.97577757,0.9827362,0.9229601,0.98058194,0.9509329,0.9764126,0.97141963,0.9826722,0.9770431,0.98099184,0.9798707,0.97607,0.9783464,0.980673,0.9625336,0.9792998,0.97609955,0.9743616,0.97480845,0.9798239,0.96428573,0.97537804,0.9738204,0.9812694,0.9713396,0.9745679,0.9773409,0.97357416,0.9758472,0.9818461,0.9751708,1.0000002,0.97876924,0.97687775,0.9763227,0.97630364,0.98089236,0.9737111,0.969426,0.9773551,0.9734599,0.9816291,0.9794204,0.9793369,0.95855594,0.9742141,0.9782345,0.97336155,0.97807187,0.9768804,0.9774019,1.0000002,0.9760666,0.98159593,0.97854084,0.97881734
alitamovie,0.95160186,0.9519854,0.9571859,0.9503803,0.96610206,0.9517103,0.9576211,0.9554464,0.9751171,1.0000004,0.958842,0.95527625,0.94802827,0.9577941,0.9659734,0.9528037,0.9527122,0.9656883,0.95126027,0.93729097,0.9564049,0.9625096,0.9664564,0.95822734,0.9556535,0.9121255,0.9626485,0.95750993,0.95997614,0.9516499,0.9454375,0.952532,0.9489231,0.94874704,0.94961536,0.92442393,0.9623959,0.95389134,0.9570784,0.9471845,0.9543106,0.94191223,0.9444364,0.9483557,0.9590896,0.9421727,0.9665753,0.960204,0.9495428,0.94889843,0.9598656,0.9627351,0.9615087,0.9459345,0.94796664,0.9576768,0.9558733,0.9540182,0.9610458,0.9528401,0.9548845,0.96173686,0.9549373,0.95834076,0.95319504,0.94854695,0.95051,0.95651495,0.94885224,0.9482936,0.96104366,0.8395314,0.9537354,0.9588299,0.9488538,0.92964137,0.94012797,0.9419224,0.95360345,0.9531379,0.95637196,0.9523769,0.9560946,0.9537766,0.94532293,0.95872986,0.953659,0.9446875,0.9566227,0.95961607,0.9504174,0.96104366,0.94718903,0.94558877,0.95296156,0.9505123,0.94991285,0.9520673,0.9461388,0.9596071,0.95218563,0.95748645,0.95229346,0.9578478,0.9667906,0.95974356,0.95125574,0.9621603,0.94341207,0.9620866,0.9632676,0.90890443,0.9564841,0.9258012,0.9546329,0.9503458,0.9590607,0.9536928,0.96204317,0.95507634,0.9539185,0.9562027,0.95863307,0.94402117,0.9521117,0.9486464,0.9461899,0.94723594,0.9626133,0.9404682,0.9486328,0.9622146,0.95937353,0.94706583,0.9579338,0.9516301,0.948551,0.9504683,0.95449317,0.9435076,0.9751171,0.9598019,0.9468518,0.9522256,0.9528969,0.9624777,0.9528068,0.9561205,0.9564759,0.9528131,0.9557438,0.9498415,0.95973605,0.94713163,0.95209485,0.9545933,0.9511202,0.95889497,0.9532946,0.95718473,0.9751171,0.9605294,0.95916593,0.9616449,0.95998865
angelhasfallen,0.9657904,0.9628236,0.9656453,0.95759195,0.96136236,0.9647048,0.9673625,0.96400774,0.9831662,0.958842,1.0,0.9635586,0.9594424,0.9617967,0.9678262,0.9647115,0.9654871,0.95766586,0.9604228,0.9468196,0.9625289,0.9615241,0.9646053,0.97118217,0.9552515,0.9228742,0.96152866,0.9663923,0.96225417,0.96167785,0.9496138,0.9635803,0.96298635,0.96218985,0.9463691,0.94165224,0.9660073,0.95756346,0.96433264,0.95828396,0.9625598,0.9630341,0.9581048,0.96674216,0.96307653,0.96123374,0.96076316,0.9665156,0.96338445,0.9677682,0.9665535,0.9741328,0.9597225,0.95568216,0.9521253,0.95117235,0.960176,0.9588781,0.9632134,0.9629493,0.96059185,0.96149457,0.96733713,0.9612789,0.9575032,0.9683177,0.96305764,0.96362746,0.97150755,0.9614387,0.96975803,0.8469701,0.95174575,0.9661316,0.9534198,0.94936746,0.93484646,0.9613473,0.9685982,0.96636766,0.97260267,0.9643376,0.957466,0.95440954,0.9512433,0.962527,0.96660054,0.96641695,0.9620783,0.96842945,0.9646539,0.96975803,0.9577459,0.96196514,0.9630563,0.96380955,0.96915704,0.9599142,0.95962423,0.96175444,0.96634257,0.95711285,0.9599334,0.9614605,0.9626365,0.9656059,0.95431226,0.9654977,0.9559474,0.9605197,0.97405523,0.8974768,0.96710247,0.93531126,0.9636522,0.96246487,0.9660877,0.9608147,0.968409,0.96798325,0.96002835,0.9615663,0.96608037,0.9549648,0.96352464,0.962281,0.96445215,0.96370727,0.96585935,0.94646204,0.95817596,0.95875627,0.96755093,0.9579719,0.95996135,0.95852184,0.9537128,0.9619392,0.965853,0.95875794,0.9831662,0.9661523,0.96326137,0.9611137,0.9597233,0.9678847,0.95795554,0.9520332,0.9663047,0.95684713,0.9673289,0.9706453,0.96342975,0.94147027,0.95368195,0.96211094,0.95978814,0.9645692,0.96269166,0.96544,0.9831662,0.9555002,0.9696039,0.96192783,0.9683205
angrybirdsmovie,0.956242,0.95195985,0.96817404,0.9618102,0.9565938,0.9550055,0.96078277,0.95303583,0.97658116,0.95527625,0.9635586,1.0000002,0.95383537,0.9594611,0.95850295,0.96282357,0.9653929,0.9560069,0.95875853,0.9501607,0.9592038,0.9638228,0.9623382,0.953848,0.9492838,0.92166746,0.95023555,0.95879793,0.97076476,0.96120113,0.94931966,0.9570983,0.9429557,0.96524644,0.9371363,0.9374642,0.95792574,0.95276815,0.9579891,0.9553474,0.94777316,0.9514709,0.9603287,0.9567922,0.96370137,0.96093667,0.95911896,0.96581745,0.95291364,0.9573498,0.97029996,0.96844333,0.952366,0.95524323,0.93606186,0.9426489,0.9559442,0.95308065,0.9548392,0.9578481,0.9575755,0.95181817,0.9564959,0.95131457,0.9553305,0.9638288,0.9503993,0.96153146,0.9449537,0.9431049,0.9621056,0.8468501,0.952629,0.95748717,0.95705384,0.9373568,0.9423847,0.9529907,0.9580115,0.9528893,0.9486135,0.9593819,0.95025724,0.95291495,0.9626992,0.96128,0.9556504,0.9553797,0.95817727,0.95826584,0.9574339,0.9621056,0.95469797,0.95815575,0.96368206,0.9539105,0.9541112,0.9545229,0.9505527,0.9594344,0.96246195,0.9558465,0.9543934,0.95746654,0.95821035,0.97433966,0.9585395,0.9596457,0.95368326,0.9563578,0.96712244,0.90988755,0.957555,0.92967725,0.95172864,0.9483201,0.9630114,0.9554057,0.9619704,0.96353775,0.95499945,0.95781595,0.951463,0.9509533,0.95440763,0.95696986,0.95633537,0.9653485,0.96287966,0.95358235,0.9493019,0.9482731,0.96912473,0.9495094,0.95464,0.95624626,0.94672745,0.96079916,0.97011566,0.95293576,0.97658116,0.95560586,0.9634708,0.95793205,0.9603555,0.9640871,0.9545787,0.94387,0.9556776,0.9549556,0.9590286,0.96426606,0.9532421,0.94168633,0.95084405,0.95854104,0.9483636,0.96244144,0.9531374,0.9529252,0.97658116,0.95687646,0.9530135,0.9597161,0.97051173
annabellemovie,0.9567276,0.9532338,0.9588674,0.9640175,0.9501285,0.9604586,0.96329945,0.9561248,0.976478,0.94802827,0.9594424,0.95383537,1.0,0.959026,0.958042,0.95543605,0.95608985,0.9503755,0.9561066,0.93628514,0.958757,0.95932496,0.95720947,0.9527644,0.951121,0.9073555,0.95414203,0.960738,0.9574091,0.9596882,0.95102453,0.9639595,0.9590206,0.9518662,0.9406847,0.9208761,0.9546927,0.9666759,0.960225,0.9634464,0.9605852,0.94949317,0.94875795,0.95299405,0.95569783,0.9500111,0.9583323,0.9583463,0.9637359,0.9527186,0.9588037,0.965043,0.96013117,0.95932263,0.9476272,0.94552004,0.951041,0.95457494,0.962321,0.9506226,0.9623907,0.96266776,0.95518744,0.961051,0.95278543,0.9528016,0.95406955,0.95951277,0.9478892,0.9610158,0.96635675,0.833417,0.9373714,0.95937634,0.94336236,0.9446796,0.92980385,0.95502967,0.9597346,0.9482909,0.9525341,0.96774584,0.96720296,0.9414178,0.95968527,0.9462194,0.958345,0.9779651,0.9523184,0.96077466,0.9599555,0.96635675,0.94035834,0.94443285,0.9504464,0.94825715,0.95529276,0.9519307,0.9567085,0.9625473,0.9540679,0.95099956,0.95478946,0.960253,0.9574428,0.95918363,0.9545671,0.9733446,0.95158243,0.95743304,0.9644565,0.89117616,0.9550892,0.9284985,0.9497355,0.93923384,0.95711386,0.9510891,0.9603724,0.96211666,0.9646624,0.95875823,0.96038705,0.9480574,0.9613717,0.95673746,0.966664,0.9600568,0.9550066,0.931919,0.94752693,0.9474019,0.95968044,0.95232314,0.9536112,0.9583082,0.9464647,0.9583204,0.9639857,0.95486724,0.976478,0.96091276,0.95157635,0.95655614,0.9525598,0.9583448,0.9461247,0.9537802,0.96714306,0.9533688,0.9582014,0.9563508,0.9524014,0.9286831,0.95161706,0.95506954,0.9501713,0.9541235,0.94887197,0.95462024,0.976478,0.9542036,0.9631998,0.95709926,0.9574779
annamovie,0.951743,0.9541268,0.9660958,0.95291233,0.9606843,0.9465339,0.9624351,0.9628113,0.9808367,0.9577941,0.9617967,0.9594611,0.959026,1.0000002,0.96640617,0.9634836,0.9594876,0.96030277,0.9546521,0.94410515,0.96274436,0.9621745,0.9644963,0.96752995,0.95738083,0.91756445,0.961016,0.95545745,0.96101254,0.95940095,0.95305526,0.9639564,0.95355,0.96201426,0.9465027,0.9411168,0.9604702,0.95465094,0.9635854,0.95660144,0.9620703,0.952051,0.9522502,0.9588638,0.9603409,0.9515988,0.9603047,0.9649476,0.95461947,0.95963055,0.9622175,0.9641172,0.96871805,0.95683676,0.9474845,0.9513941,0.9608705,0.9558323,0.961582,0.9632168,0.95987093,0.9641266,0.9639536,0.97621334,0.9512871,0.9591088,0.9599641,0.9560036,0.9473158,0.96207905,0.971102,0.8434772,0.95412105,0.9606052,0.9508305,0.9429156,0.94107175,0.9594296,0.9642227,0.96399075,0.9580034,0.96174353,0.9542335,0.95683885,0.95843,0.96007,0.9629053,0.9600487,0.9618615,0.9595783,0.96520954,0.971102,0.9618122,0.96174467,0.9600424,0.9529609,0.9544688,0.9546934,0.9453926,0.96792066,0.95498097,0.9609248,0.9490846,0.9721088,0.9673077,0.96133184,0.95716715,0.964377,0.9477962,0.95303065,0.9685338,0.90650505,0.9642691,0.9339043,0.95682687,0.94187284,0.95760196,0.9543254,0.9657249,0.96495074,0.95505565,0.95748115,0.9656789,0.93854165,0.9577736,0.9593616,0.9555515,0.9583687,0.96047884,0.9453432,0.9610433,0.9529053,0.9624394,0.95004845,0.9565833,0.9626915,0.9537534,0.95636874,0.968897,0.95519954,0.9808367,0.9573834,0.9618221,0.96058667,0.9550337,0.96240777,0.9599796,0.95596516,0.9595217,0.9534991,0.9661081,0.9618366,0.9579665,0.9404256,0.95995265,0.96395683,0.9548175,0.96555763,0.9594297,0.9602474,0.9808367,0.9599641,0.96881,0.95630294,0.96174675
apollo11movie,0.9535484,0.9606437,0.9626487,0.9588456,0.9600257,0.9557723,0.9590464,0.9633848,0.9808703,0.9659734,0.9678262,0.95850295,0.958042,0.96640617,1.0000001,0.95816314,0.9573935,0.96193147,0.9562964,0.96670896,0.96343046,0.9641125,0.9672398,0.96437746,0.9588105,0.92158735,0.963736,0.96063095,0.9671754,0.9577192,0.94850737,0.952771,0.9490218,0.95554173,0.94559944,0.9355109,0.95933557,0.9566676,0.96299577,0.95672107,0.9628119,0.9478442,0.9489908,0.9508455,0.96051085,0.95122904,0.96256167,0.9640689,0.9529945,0.9498571,0.9656222,0.96506464,0.9632622,0.9606101,0.94853014,0.95215696,0.95747256,0.9622934,0.96146524,0.9626439,0.96883917,0.9651107,0.9597182,0.96395165,0.9586672,0.9583033,0.95727503,0.95519084,0.9545561,0.94713956,0.9664926,0.84866744,0.9550473,0.96139807,0.95337284,0.9375887,0.94471,0.9515092,0.96045285,0.95425165,0.96422714,0.96176493,0.962362,0.95535773,0.9526318,0.95829993,0.95703024,0.9548237,0.95803684,0.959749,0.95951235,0.9664926,0.95303625,0.9526513,0.9619539,0.9748913,0.9590478,0.9528445,0.9481138,0.9656404,0.9561739,0.96125054,0.9563855,0.9634815,0.96272373,0.96611565,0.951346,0.9628974,0.94569266,0.9596263,0.96753263,0.9132317,0.9669005,0.9366013,0.9551853,0.9503118,0.95939296,0.9609804,0.96043324,0.95854527,0.96129376,0.95697284,0.95813096,0.94239974,0.9624952,0.9524937,0.9577715,0.9561361,0.96574813,0.9410949,0.96251094,0.9536173,0.9684351,0.9591118,0.9651527,0.95964974,0.9556579,0.9558248,0.9636368,0.96067196,0.9808703,0.9623485,0.95547724,0.95928186,0.96075404,0.9578819,0.95327544,0.9558285,0.96217275,0.9556636,0.96492964,0.95741653,0.96188784,0.94032204,0.9519199,0.9624575,0.9549143,0.96190506,0.9583659,0.96160597,0.9808703,0.9608703,0.9598173,0.96279824,0.965129
arcticdogsmovie,0.9568409,0.9647498,0.9625585,0.9650305,0.9579612,0.9568133,0.9591133,0.96233183,0.9793387,0.9528037,0.9647115,0.96282357,0.95543605,0.9634836,0.95816314,1.0,0.9594829,0.9606196,0.95837337,0.9381285,0.95925575,0.9563389,0.9629609,0.96322805,0.95093954,0.91314477,0.9568169,0.96410275,0.9604809,0.9562209,0.95298296,0.96036565,0.9534857,0.96075076,0.940747,0.9401286,0.9568794,0.9571951,0.9560912,0.9557931,0.9550525,0.95450085,0.9574297,0.95784235,0.96677464,0.9575371,0.9641664,0.96196747,0.9565086,0.9590085,0.9614951,0.9686,0.9565884,0.9544217,0.9463854,0.9503907,0.9601633,0.9583787,0.9564187,0.96254563,0.95782954,0.9568185,0.9574425,0.9640204,0.9549249,0.9605341,0.95401937,0.96265614,0.94808865,0.9551072,0.9650279,0.83848876,0.9521653,0.9638937,0.9550551,0.9379914,0.9285677,0.9636127,0.95909435,0.9667505,0.95601493,0.95792216,0.9504374,0.9479542,0.95942616,0.9545117,0.95458627,0.9506123,0.95404893,0.961323,0.9644329,0.9650279,0.951168,0.95279926,0.9543219,0.9587571,0.9643935,0.95525306,0.9515335,0.9577081,0.95873684,0.95108974,0.95585674,0.9631445,0.9613581,0.96032435,0.9587891,0.9696497,0.9591604,0.9546799,0.96602255,0.8991262,0.9573666,0.9255925,0.9504561,0.9551922,0.96375656,0.96094054,0.9697411,0.96100676,0.95736563,0.9561693,0.96487814,0.9472007,0.95470667,0.9583017,0.95239425,0.96154636,0.9631125,0.94969505,0.9572354,0.95094395,0.9641689,0.9532633,0.9536098,0.95214504,0.9587777,0.95747954,0.9658283,0.95843303,0.9793387,0.9557264,0.9591204,0.9580944,0.9584489,0.96410674,0.9576062,0.9476721,0.961951,0.9585684,0.9620332,0.96469116,0.9555481,0.93589014,0.9556513,0.9534503,0.9546075,0.9559531,0.9554295,0.9539295,0.9793387,0.95910233,0.962216,0.9661172,0.960866
arcticmovie,0.9601956,0.96147084,0.96139365,0.96197337,0.95182234,0.9521983,0.9589166,0.95852655,0.9762712,0.9527122,0.9654871,0.9653929,0.95608985,0.9594876,0.9573935,0.9594829,1.0,0.9576731,0.95891494,0.9415934,0.95996165,0.9584728,0.9614572,0.9589927,0.9528542,0.9202316,0.95174,0.97089255,0.9578849,0.9568298,0.95505697,0.95865095,0.9532139,0.9551012,0.9444795,0.9350764,0.9611132,0.9590491,0.9577567,0.95556265,0.95536476,0.9491888,0.95356417,0.9556595,0.9622133,0.95451885,0.9585392,0.9651774,0.9589884,0.95577043,0.95959455,0.9664819,0.9612206,0.9575461,0.9446409,0.9399185,0.9528587,0.9530154,0.95735615,0.9582087,0.95590425,0.956393,0.95439386,0.95470405,0.94768447,0.9544247,0.9501117,0.9578814,0.9475182,0.94685984,0.96821016,0.8446859,0.9469695,0.96664417,0.9512448,0.94566715,0.9388316,0.95712274,0.95412123,0.96167606,0.9520802,0.95743936,0.95631504,0.9508786,0.9570502,0.9582958,0.95361966,0.95302117,0.96180767,0.96270555,0.9586923,0.96821016,0.94511646,0.9570722,0.9578863,0.94554204,0.9584527,0.95348054,0.9503729,0.95771235,0.95915264,0.95171994,0.9425644,0.96771836,0.9595797,0.9600002,0.961014,0.9655175,0.9511306,0.9620192,0.96366966,0.9020102,0.95911425,0.9330529,0.95138544,0.95173407,0.9658881,0.9548364,0.9661492,0.9576556,0.9527523,0.9565918,0.9580734,0.942034,0.9620643,0.9593529,0.9513111,0.95518935,0.9553826,0.95379776,0.95472205,0.9472469,0.97362757,0.9546352,0.95199496,0.956521,0.9494665,0.9656128,0.9683869,0.9546838,0.9762712,0.9518686,0.95633674,0.9559737,0.9579441,0.9642791,0.9550844,0.95279515,0.9618973,0.95263535,0.9585044,0.95667434,0.95998126,0.9371298,0.95154166,0.96034634,0.9553662,0.9599629,0.95639443,0.9547964,0.9762712,0.95243055,0.96055835,0.95509243,0.9631965
artofracingmovie,0.95652354,0.9585769,0.96246916,0.9593839,0.97336674,0.95797426,0.9610048,0.9573556,0.9758206,0.9656883,0.95766586,0.9560069,0.9503755,0.96030277,0.96193147,0.9606196,0.9576731,1.0000001,0.9644241,0.94143486,0.9591983,0.9588288,0.96677613,0.9567697,0.9507812,0.9203475,0.96379447,0.96025044,0.9602746,0.9580231,0.95097613,0.9539759,0.94937843,0.9541641,0.93534887,0.92860466,0.9592638,0.96309364,0.96120256,0.9557464,0.9555237,0.9470941,0.94761175,0.95268077,0.9599305,0.9468106,0.96379715,0.96601146,0.94890696,0.9534899,0.96088797,0.9666147,0.96152925,0.9526067,0.9398306,0.96397454,0.9584709,0.95697343,0.958441,0.9592852,0.95971525,0.9654908,0.953564,0.9611833,0.95844936,0.944958,0.95209825,0.9593903,0.9468962,0.9490073,0.9626015,0.8276069,0.9511384,0.96369994,0.9535457,0.9321944,0.9317286,0.9535376,0.9595046,0.9562037,0.9576676,0.9604149,0.9557311,0.9476447,0.9460024,0.9518481,0.9584326,0.94780624,0.9617101,0.9638021,0.9571065,0.9626015,0.9506494,0.9506562,0.96023464,0.94706786,0.9494232,0.9591805,0.9470466,0.9583723,0.9482648,0.9564145,0.9429006,0.9643058,0.956116,0.95951,0.95488006,0.9534779,0.94662607,0.960413,0.96144885,0.9030598,0.9629769,0.919999,0.9528019,0.95177776,0.96198785,0.9545995,0.96064454,0.96104723,0.9484079,0.96051395,0.95940053,0.95021933,0.9519178,0.95347923,0.95637864,0.95298535,0.9644476,0.94051486,0.947211,0.96198624,0.9631232,0.95473164,0.9516446,0.9574588,0.9538703,0.9527034,0.95795983,0.9576048,0.9758206,0.94796455,0.9439125,0.9523485,0.9491312,0.9670395,0.95095074,0.9407696,0.95569825,0.9519896,0.96639574,0.9523413,0.95287746,0.93993473,0.95444405,0.9539475,0.9582364,0.9592276,0.95203274,0.95696384,0.9758206,0.9618083,0.9646707,0.9598026,0.96138334
avengers,0.97756416,0.95241815,0.9640564,0.9553752,0.95918036,0.954755,0.9675617,0.9596121,0.9779593,0.95126027,0.9604228,0.95875853,0.9561066,0.9546521,0.9562964,0.95837337,0.95891494,0.9644241,1.0000001,0.9422552,0.96425956,0.9595804,0.9602308,0.9581213,0.9615568,0.920315,0.9535239,0.96606547,0.9608677,0.95499283,0.976406,0.95488167,0.95408714,0.9577096,0.93534833,0.92869264,0.96150297,0.95892215,0.95619744,0.9583535,0.9577602,0.9623128,0.9615315,0.9608672,0.9609443,0.95700437,0.9600297,0.9646867,0.95113623,0.9646447,0.96218336,0.9692664,0.9531964,0.949185,0.9443659,0.9512174,0.9623462,0.96440107,0.96195596,0.9610529,0.9549748,0.96412396,0.955214,0.9513745,0.96411115,0.9601446,0.9562448,0.95865893,0.9506759,0.9478925,0.96851647,0.82374245,0.9445447,0.96439034,0.94557923,0.9394479,0.93766433,0.9609079,0.963495,0.97023547,0.9536419,0.9652678,0.9567338,0.94521123,0.953962,0.9518011,0.9623622,0.9556585,0.96460205,0.9652968,0.9609486,0.96851647,0.9549609,0.9527058,0.95743,0.94500333,0.95983464,0.9646942,0.9507641,0.95986736,0.96093535,0.9589509,0.95341396,0.96492094,0.95713514,0.962449,0.9617441,0.95953095,0.94833803,0.95915073,0.96478236,0.89485955,0.9553523,0.92358446,0.9529484,0.9586717,0.9693049,0.9526376,0.9588365,0.96676505,0.95237416,0.96141165,0.9639671,0.9487352,0.9628876,0.95743,0.956271,0.9657957,0.96436644,0.9591578,0.95724964,0.9550244,0.96495175,0.9504871,0.95517176,0.95736563,0.95809746,0.9601821,0.966657,0.95586866,0.9779593,0.9533597,0.956352,0.9516556,0.95736307,0.966725,0.9492679,0.94638664,0.9536076,0.955719,0.965424,0.9651695,0.96247417,0.9550617,0.9611507,0.9589519,0.9482855,0.9611334,0.9593323,0.9515653,0.9779593,0.9567431,0.9667984,0.9542413,0.9653313
beachbummovie,0.93571615,0.94675595,0.9526776,0.9373514,0.9352699,0.9250489,0.94660884,0.9409078,0.96075493,0.93729097,0.9468196,0.9501607,0.93628514,0.94410515,0.96670896,0.9381285,0.9415934,0.94143486,0.9422552,0.99999994,0.9455518,0.95583636,0.9413378,0.94200945,0.9412726,0.90212065,0.944458,0.9466898,0.9518163,0.9419594,0.9328017,0.9442509,0.92671806,0.94220996,0.9183745,0.9169809,0.9376751,0.9292048,0.9428639,0.937491,0.9466793,0.92941844,0.9395691,0.9360138,0.9403467,0.9483546,0.93886954,0.94598097,0.9349135,0.9285601,0.94933164,0.945549,0.9435153,0.9460125,0.9137085,0.9329501,0.9462095,0.9383777,0.94350374,0.9387189,0.95215124,0.94186485,0.94147485,0.94552195,0.9394426,0.9427612,0.9487856,0.9418011,0.9351591,0.93260294,0.93682605,0.8284783,0.93750316,0.9387307,0.93408203,0.9235428,0.9212098,0.94065195,0.94324774,0.9369059,0.94014144,0.944673,0.9405722,0.9352211,0.93925583,0.94506985,0.94586116,0.9359825,0.9397894,0.9382991,0.9401966,0.93682605,0.93528974,0.9465444,0.9486905,0.9592503,0.94063395,0.9551872,0.92929196,0.94073176,0.9364947,0.94767445,0.9394202,0.94019794,0.94391906,0.9500588,0.93456095,0.9397564,0.9400173,0.93382585,0.949065,0.90728617,0.9466972,0.9213159,0.9385216,0.9262025,0.93965435,0.93566835,0.9393716,0.9453076,0.9443436,0.93769044,0.9387317,0.9183154,0.9391802,0.95103467,0.94352657,0.9410008,0.9475968,0.9286692,0.9371084,0.93335146,0.9568676,0.9414063,0.94022125,0.9452745,0.9319536,0.9294041,0.94203573,0.9443432,0.96075493,0.9416969,0.93819636,0.9432734,0.94486,0.94188446,0.9305381,0.92777884,0.9407975,0.9307929,0.94963557,0.9466064,0.93977976,0.91821444,0.92967373,0.9339726,0.9334907,0.93919414,0.9443139,0.94247216,0.96075493,0.9509443,0.9448795,0.9394779,0.95132303
bernadettefilm,0.95980895,0.9591738,0.9643894,0.9543788,0.96516407,0.9467331,0.96509206,0.9620942,0.97975105,0.9564049,0.9625289,0.9592038,0.958757,0.96274436,0.96343046,0.95925575,0.95996165,0.9591983,0.96425956,0.9455518,1.0000002,0.9561753,0.96076554,0.96116626,0.9569202,0.91728055,0.95881194,0.9632205,0.9619016,0.95879483,0.96222913,0.9538112,0.95126784,0.9577197,0.9464198,0.93443435,0.96226007,0.9595987,0.9521023,0.9574422,0.9578334,0.95424676,0.9561908,0.95928025,0.961164,0.953088,0.96155626,0.96383226,0.9545734,0.9585682,0.96149874,0.96567756,0.9572768,0.95636064,0.9555112,0.950871,0.96417683,0.9644821,0.95599306,0.967338,0.9601612,0.9567249,0.9535033,0.95783913,0.9549401,0.95765287,0.9636173,0.95767504,0.9495444,0.9477703,0.9684996,0.83817214,0.9482898,0.9601375,0.94382966,0.94122607,0.93542683,0.9536711,0.9546471,0.9610195,0.9564253,0.96057826,0.9592136,0.9531255,0.9516058,0.95482916,0.95608294,0.95590556,0.9581197,0.96073186,0.96108973,0.9684996,0.94607925,0.9560699,0.9593944,0.94739974,0.95731664,0.95512974,0.9526736,0.962292,0.956702,0.95775586,0.9578401,0.9634184,0.9584819,0.96091115,0.95785385,0.9571279,0.9531333,0.95509845,0.9640496,0.8908758,0.9617378,0.9273025,0.96414864,0.94809747,0.96106046,0.950527,0.96124095,0.96069974,0.95206857,0.9531206,0.96440154,0.9436091,0.96554404,0.9575548,0.95328206,0.9570166,0.96505266,0.94738394,0.97211313,0.9562835,0.96233386,0.9504868,0.9573965,0.9575272,0.9523217,0.96058935,0.96328795,0.9551747,0.97975105,0.9597268,0.9535613,0.95851856,0.960274,0.95761037,0.9539179,0.9442609,0.9590948,0.95334333,0.9585273,0.96098727,0.95912474,0.94399047,0.95696306,0.9561766,0.94517815,0.96038437,0.9579106,0.9559381,0.97975105,0.95544666,0.9658695,0.9545316,0.96429294
