movie,21bridgesmovie,47metersdown,abeautifuldaymovie,abominablemovie,adastramovie,adogsjourneymovie,aftermathmovie,aftermovie,ahiddenlifefilm,alitamovie,angelhasfallen,angrybirdsmovie,annabellemovie,annamovie,apollo11movie,arcticdogsmovie,arcticmovie,artofracingmovie,avengers,beachbummovie,bernadettefilm,blackandbluemovie,blackchristmas,blindedbythelightmovie,bombshellmovie,booksmart,breakthroughmovie,brianbanksmovie,brightburnmovie,brittanyrunsmov,captainmarvelofficial,captivestatemovie,catsmovie,charliesangels,childsplaymovie,clarathefilm,coldpursuitmovie,countdown,currentwarmovie,darkwatersmovie,detectivepikachumovie,disneyaladdin,disneyfrozen,disneymaleficent,doctorsleepmovie,dolemiteismyname,dontletgomovie,doramovie,downtonabbey_official,dumbo,escaperoom,everybodyknowsmovie,fastandfuriousmovie,fightingwmyfam,fivefeetapartfilm,fordvferrari,freaksthefilm,geminimanmovie,glassmovie,gloriabellmovie,godzillamovie,goldfinchmovie,goodboysmovie,goodliarmovie,gretafilm,halathemovie,happydeathdaymovie,harrietfilm,hellboymovie,hersmellmovie,highlifemovie,highstrungmovie,honeyboymovie,hotelmumbaifilm,httydragon,hustlemovie,hustlersmovie,isntitromantic,itmovieofficial,jayandsilentbob,johnwickmovie,jojorabbitmovie,jokermovie,judythefilm,jumanjimovie,justmercyfilm,knivesout,lalloronamovie,lastblackmansf,lastchristmasthemovie,latenightmovie,lighthousemovie,lionking,littlethemovie,littlewomenmovie,littlewoodsfilm,longshotmovie,lordsofchaosmovie,lucyintheskyfilm,mamovie2019,marriagestory,meettheaddams,meninblack,midsommarmovie,midwaymovie,missbalamovie,missinglinkfilm,motherlessbklyn,onceinhollywood,onthebasisofsex,overcomermovie,peanutbutterfalcon,petsematarymovie,piercingmovie,playingwithfire,playmobilthemovie,pomsmovie,queenandslim,rambomovie,readyornotfilm,richardjewellfilm,rocketmanmovie,scarystoriesmovie,secretlifeofpets,serenityfilm,shaftmovie,shazammovie,spidermanmovie,spiesindisguise,starwars,stormboymovie,stubermovie,taosdfilm,teenspiritmov,terminator,theaeronautsmov,thebestofenemies,thedeaddontdie,thefarewell,thehighwaymen,thehummingbirdprojectfilm,theintrudermovie,theirishmanfilm,thekitchenmovie,thelegomovie,themustangfilm,thenightingalefilm,theprodigymovie,thesunisalsoastar,theupsidefilm,tolkienmovie,toystory,triplefrontier,uglydolls,uncutgems,underthesilverlake,usmovie,wavesmovie,whatmenwant,wonderparkmovie,wrinklestheclown,xmenmovies,yardiefilm,yesterdaymovie,zombieland
21bridgesmovie,1.0000002,0.964864,0.9801679,0.9606852,0.97731364,0.9687556,0.9822168,0.96907544,0.9860541,0.95958,0.9654497,0.96154314,0.9729183,0.9624167,0.96821374,0.97484607,0.9696786,0.9750248,0.9788615,0.9722371,0.9737575,0.9736026,0.9730578,0.9609498,0.9646724,0.9102224,0.97467923,0.96849984,0.97149897,0.9687698,0.9709093,0.96388566,0.9648003,0.9670903,0.95438504,0.92069876,0.97254246,0.97760683,0.97057843,0.9743081,0.9759051,0.97629684,0.96135783,0.9783426,0.9616513,0.9652387,0.96644723,0.96448046,0.9604973,0.97996616,0.9758065,0.97583014,0.9659549,0.9690546,0.9673846,0.96285284,0.96404344,0.98457646,0.9718263,0.9686607,0.9702467,0.969061,0.9715454,0.9610973,0.9708416,0.9679576,0.9655966,0.9653421,0.97172594,0.9686773,0.9770464,0.7358066,0.951343,0.96346366,0.9571649,0.9699493,0.949813,0.9706407,0.9746583,0.96646994,0.96771216,0.97297865,0.9765931,0.96266234,0.967543,0.96429145,0.96697587,0.9730073,0.9725811,0.9672613,0.9614761,0.9770464,0.96990764,0.9674087,0.95610267,0.9634862,0.96788824,0.974616,0.9735799,0.9709545,0.96548057,0.97239816,0.9586995,0.9708013,0.9552415,0.97541845,0.9709299,0.968241,0.9627855,0.948111,0.9776961,0.8861169,0.96075785,0.92676026,0.9632852,0.9850301,0.9908671,0.9737124,0.9761195,0.9795894,0.96546954,0.97014743,0.97032684,0.97210926,0.97628295,0.9760673,0.9719429,0.9549687,0.97064215,0.9535387,0.9806706,0.96708107,0.96844095,0.95475906,0.9706441,0.9630621,0.9693611,0.9619756,0.9701458,0.9639467,0.9860541,0.9711983,0.9537592,0.9636679,0.9717089,0.97143394,0.96736157,0.96221155,0.9630861,0.9741913,0.98528266,0.9741538,0.97323954,0.963415,0.97559005,0.9730646,0.97200954,0.9657896,0.9738255,0.9646878,0.9860541,0.970929,0.97764397,0.96902096,0.97550523
47metersdown,0.964864,0.9999999,0.9787633,0.9613542,0.9727611,0.9693222,0.9593658,0.9701594,0.98351157,0.9573438,0.97003824,0.95755184,0.9681594,0.9715711,0.97504354,0.9755067,0.9754572,0.9663409,0.95545685,0.96972716,0.96492386,0.96916515,0.9758865,0.9578861,0.9586546,0.9047705,0.9651489,0.976041,0.97148067,0.9640395,0.96852,0.9703742,0.97221845,0.95263386,0.96749246,0.93643636,0.9773639,0.9725176,0.9710751,0.9691924,0.9502342,0.96665335,0.957609,0.97315484,0.9596421,0.9562309,0.97361666,0.96096236,0.9715182,0.9692378,0.9762026,0.97424716,0.96716255,0.96528053,0.9612544,0.9531648,0.9628715,0.9637995,0.9645409,0.9610624,0.9645325,0.96318746,0.9598831,0.9628313,0.96484303,0.9682284,0.9633885,0.96607596,0.9617803,0.96195686,0.96818274,0.7480218,0.9449843,0.9644051,0.9543738,0.9617658,0.95051277,0.96696997,0.96560293,0.94496965,0.96701014,0.9694166,0.9645713,0.97058403,0.9741045,0.9691283,0.9696275,0.96591866,0.96943325,0.9630395,0.95951825,0.96818274,0.9622589,0.96781677,0.97157013,0.96989655,0.969751,0.9737508,0.95974755,0.97491384,0.9635827,0.9715697,0.9516571,0.96897924,0.97126126,0.9759126,0.9748137,0.96684486,0.95002514,0.96585387,0.9625661,0.9174796,0.9548103,0.9459483,0.95555145,0.97105503,0.970724,0.96721506,0.97857463,0.95980346,0.9619907,0.95760334,0.9645388,0.9644081,0.9705392,0.9763186,0.97202927,0.9465638,0.9559842,0.96388185,0.97195834,0.9549033,0.971795,0.9525797,0.9534495,0.96803546,0.9524885,0.95779157,0.9626581,0.95943135,0.98351157,0.9693404,0.9570082,0.96315295,0.95981866,0.972627,0.9675485,0.9730209,0.96019524,0.95197254,0.96751297,0.9590928,0.966391,0.9367196,0.96178097,0.9611553,0.96655685,0.95989215,0.97123665,0.95974094,0.98351157,0.9533958,0.97788996,0.97491014,0.97675306
abeautifuldaymovie,0.9801679,0.9787633,1.0000001,0.96724683,0.97899497,0.9723801,0.97506,0.9810048,0.99074113,0.9695718,0.9720334,0.9617268,0.97967863,0.97498125,0.9746818,0.97645795,0.9769965,0.97331154,0.97059995,0.96904325,0.97798073,0.98172814,0.97870755,0.9676913,0.96384066,0.9195278,0.9745416,0.97451127,0.9858357,0.9724363,0.9739396,0.9708157,0.96058536,0.9691325,0.9661216,0.9323186,0.9787146,0.97867495,0.97567093,0.98104185,0.9677094,0.9783863,0.9619251,0.98333645,0.96708,0.9657647,0.9738951,0.96675855,0.97313416,0.98062223,0.98848426,0.9810537,0.9773983,0.98001254,0.9700951,0.97050405,0.9716694,0.97552836,0.97645843,0.9709355,0.975135,0.9729485,0.96930426,0.9725842,0.97241086,0.96833134,0.97224754,0.972967,0.97585434,0.96598256,0.9759534,0.75288117,0.9579882,0.9741425,0.9583644,0.9709923,0.94820064,0.97176516,0.97543603,0.9597639,0.97192174,0.9786119,0.9767872,0.96862304,0.9809967,0.97443956,0.9736677,0.97993547,0.97574675,0.97783864,0.9674132,0.9759534,0.9776058,0.97232,0.96965575,0.966284,0.9711943,0.9746785,0.96790344,0.9744671,0.9670021,0.9743802,0.96766156,0.9792519,0.96514475,0.9881793,0.9764655,0.9755998,0.9697371,0.9617073,0.9771512,0.9077667,0.96162033,0.9382052,0.9714774,0.9837432,0.9834596,0.97365683,0.97960913,0.96972007,0.9726626,0.9710108,0.975437,0.9732543,0.9760401,0.9797701,0.9763095,0.96883225,0.9727455,0.97197556,0.98084265,0.97251225,0.97438794,0.9624327,0.9616939,0.9728052,0.95974284,0.96748424,0.9709869,0.96411735,0.99074113,0.9856925,0.96080214,0.97164077,0.9709381,0.98014706,0.9714358,0.9758818,0.97954464,0.9702038,0.977374,0.97960395,0.9743094,0.9537716,0.97989446,0.97334665,0.97199416,0.96570325,0.9738947,0.9695593,0.99074113,0.96335393,0.9793095,0.9732137,0.98807573
abominablemovie,0.9606852,0.9613542,0.96724683,0.9999997,0.9663072,0.97625023,0.95142233,0.9737253,0.9801825,0.958538,0.9599299,0.945356,0.97387767,0.97460777,0.9579029,0.9705458,0.96927804,0.9597177,0.96377444,0.9555843,0.96572614,0.9657146,0.9694566,0.9630705,0.95674765,0.9011563,0.95501935,0.9680033,0.96196526,0.9633481,0.9741135,0.9704862,0.9567184,0.9579327,0.9673364,0.94793177,0.9644565,0.9716359,0.96455145,0.9713235,0.9493234,0.95739615,0.9476493,0.9528059,0.96781915,0.9544973,0.9662115,0.9653718,0.9580473,0.9568122,0.9696707,0.9774251,0.9704339,0.958901,0.9724304,0.9540399,0.94986826,0.9613084,0.97599155,0.9428242,0.96763194,0.9741474,0.96365476,0.9670843,0.9580175,0.9546507,0.9594742,0.97330475,0.95174503,0.95881796,0.9574312,0.75424254,0.96053666,0.9745996,0.968623,0.9607613,0.9470956,0.9656066,0.9616371,0.95697546,0.9612876,0.97165316,0.9684202,0.9655642,0.96732557,0.962711,0.976877,0.973674,0.95687413,0.9623915,0.97129405,0.9574312,0.9586076,0.9706754,0.962305,0.9598645,0.9586969,0.9729815,0.9523143,0.9750181,0.9587898,0.9647813,0.95853543,0.95982665,0.96304154,0.96727157,0.9651554,0.9628971,0.9498273,0.96789384,0.9517645,0.90022975,0.968238,0.94731706,0.9658047,0.97066784,0.96284133,0.9687199,0.97015494,0.952639,0.96329874,0.9635788,0.956431,0.96172386,0.9655231,0.9713179,0.97566223,0.95522535,0.95654815,0.9646556,0.9678758,0.9509898,0.96242213,0.9417061,0.9551695,0.96801794,0.9417187,0.9713306,0.95328456,0.9568109,0.9801825,0.9645376,0.9525719,0.95388114,0.9482306,0.97266734,0.9654852,0.9762684,0.9582688,0.9564697,0.9578822,0.96133155,0.9630211,0.92951626,0.95871973,0.95144284,0.95048934,0.9521044,0.97063667,0.9648166,0.9801825,0.9554831,0.9715049,0.96364874,0.9634846
adastramovie,0.97731364,0.9727611,0.97899497,0.9663072,0.99999994,0.9758668,0.96955687,0.9832695,0.9878172,0.97544104,0.9599679,0.96166813,0.97724897,0.9677551,0.971953,0.9751956,0.9775721,0.98814213,0.9738716,0.96602184,0.9668501,0.9696373,0.9768587,0.9733657,0.97484916,0.89376986,0.9809165,0.9670495,0.9717906,0.96576834,0.97476697,0.9739436,0.9630426,0.9607239,0.95526814,0.9174857,0.9790295,0.9735681,0.97367954,0.9737308,0.9603325,0.9725763,0.9586953,0.9805623,0.9651184,0.9606306,0.973218,0.9682523,0.9708975,0.97864324,0.97252107,0.9820672,0.9765774,0.9671583,0.9734395,0.97934,0.9720518,0.9765616,0.9715517,0.98008895,0.97471154,0.97668546,0.9696485,0.96708065,0.96900094,0.96400297,0.9695332,0.97100663,0.9700924,0.9650439,0.9824116,0.7327981,0.96080506,0.9675531,0.956828,0.9728661,0.9509052,0.97472733,0.9785804,0.96449137,0.96136475,0.9679303,0.9853093,0.9682296,0.9735312,0.97254455,0.96720016,0.975832,0.9757619,0.9743606,0.96330637,0.9824116,0.97336876,0.96475804,0.9635396,0.96768385,0.97228,0.97537553,0.97804016,0.9706982,0.9640433,0.9763049,0.956635,0.97328305,0.9679997,0.97079974,0.9773304,0.9729045,0.9591771,0.96116686,0.974098,0.9074006,0.9699902,0.9366612,0.96774685,0.97871137,0.9778256,0.97888136,0.9811678,0.9678856,0.96634156,0.968204,0.97350806,0.9764271,0.9711863,0.97525454,0.9761106,0.95834005,0.9722891,0.966575,0.97443914,0.9723637,0.9758289,0.94943833,0.9712834,0.96471477,0.96654797,0.97438675,0.9806725,0.9598748,0.9878172,0.96961325,0.9540178,0.96655375,0.96341085,0.9740612,0.97290576,0.9668356,0.96904594,0.9686849,0.97277206,0.97552955,0.97617394,0.940982,0.9717341,0.97061956,0.97261596,0.9772968,0.9795707,0.9632479,0.9878172,0.9709508,0.97583055,0.9770631,0.9767991
adogsjourneymovie,0.9687556,0.9693222,0.9723801,0.97625023,0.9758668,0.99999994,0.96600634,0.97009766,0.9851061,0.95106345,0.94493306,0.9640586,0.97085977,0.9700312,0.9695801,0.9751382,0.970466,0.9749936,0.96686083,0.96628,0.97315985,0.9714975,0.98025525,0.9648992,0.9674015,0.9198922,0.9707344,0.96521443,0.96459097,0.97519803,0.9752641,0.97325253,0.9715396,0.95940334,0.9681162,0.9358657,0.9700384,0.9700211,0.96748674,0.9786484,0.95241797,0.96931016,0.9591526,0.97186244,0.96850216,0.96073073,0.9767444,0.9653727,0.964339,0.97211134,0.97284806,0.98408204,0.96981,0.96155214,0.9743636,0.9624571,0.9538785,0.96793675,0.97208637,0.96452665,0.9649014,0.9724507,0.9654046,0.9672907,0.9661875,0.9597883,0.9649143,0.973098,0.95509464,0.96297944,0.973878,0.7547491,0.9596241,0.9752039,0.96227413,0.96857244,0.95277894,0.96650064,0.977122,0.9641494,0.9602004,0.9735784,0.9702776,0.97425926,0.9722551,0.96166384,0.9682076,0.96598434,0.96260405,0.9630167,0.97448665,0.973878,0.9675394,0.96990925,0.96351874,0.96286786,0.9622665,0.97160006,0.968809,0.9756045,0.9646302,0.9735305,0.95631033,0.9694534,0.9554014,0.9714241,0.96685624,0.9679532,0.95006865,0.9662374,0.9657025,0.9078494,0.9725597,0.9476358,0.9679074,0.969588,0.971062,0.97260964,0.9777707,0.9604702,0.97032905,0.96101886,0.9658203,0.9829096,0.9723065,0.9731391,0.9741224,0.9519955,0.9666671,0.96220595,0.97317487,0.9537473,0.9700401,0.94801724,0.9622751,0.97287995,0.9530534,0.96819276,0.9746727,0.9597556,0.9851061,0.9717236,0.95732856,0.96490943,0.9457012,0.97480375,0.9648365,0.97122675,0.9633808,0.9638139,0.9650985,0.9667098,0.9696563,0.9415596,0.97011536,0.97211057,0.9724612,0.9647887,0.9765512,0.9693452,0.9851061,0.96079916,0.97666514,0.97851354,0.9677354
aftermathmovie,0.9822168,0.9593658,0.97506,0.95142233,0.96955687,0.96600634,0.99999994,0.9683316,0.9837416,0.95039636,0.9647978,0.9576376,0.9685385,0.9680777,0.96683764,0.9656668,0.97259706,0.9659056,0.9674869,0.9667784,0.97057146,0.9604229,0.9720676,0.96043545,0.95874524,0.9037035,0.97169566,0.9611523,0.9651842,0.96849054,0.971175,0.9637873,0.9655657,0.9541854,0.9483111,0.9141765,0.9743136,0.96988076,0.96626866,0.97036135,0.9718999,0.9680608,0.95356476,0.9800052,0.9594863,0.96785533,0.9681118,0.9614306,0.96463776,0.97821623,0.9693061,0.9729352,0.95955426,0.9643732,0.9703469,0.94684243,0.9591175,0.9773335,0.9717988,0.96979314,0.9710842,0.9648419,0.9692164,0.96346015,0.97423804,0.9610922,0.96701914,0.9580435,0.9753214,0.97163427,0.97274595,0.7229374,0.94144624,0.96174055,0.94546705,0.9654099,0.9320554,0.95732844,0.9701784,0.9528341,0.9638219,0.9759529,0.9725621,0.9613903,0.96583045,0.9609641,0.96646315,0.96952546,0.9639475,0.9641843,0.9573711,0.97274595,0.96837234,0.95754135,0.9544311,0.95834255,0.9650367,0.96915394,0.9826688,0.9650693,0.96622586,0.97106606,0.9613582,0.9641426,0.94585633,0.9680155,0.97168773,0.96397096,0.9556067,0.9422172,0.97756755,0.88750106,0.95965606,0.92435956,0.9631153,0.9735179,0.980093,0.9630917,0.9684041,0.9887367,0.9675865,0.96876544,0.9799706,0.9686445,0.9702075,0.97252834,0.97014904,0.9434046,0.9592596,0.9510921,0.9740117,0.9603632,0.97049415,0.9552628,0.96972495,0.9652652,0.95967436,0.9549562,0.9686169,0.96011364,0.9837416,0.9638236,0.9520488,0.95722914,0.968103,0.96909285,0.962484,0.9553846,0.95954686,0.97258973,0.98702353,0.9657744,0.9670764,0.9552015,0.9640719,0.9759836,0.9733965,0.96261567,0.96931577,0.9630902,0.9837416,0.96191216,0.9716375,0.968038,0.9699887
aftermovie,0.96907544,0.9701594,0.9810048,0.9737253,0.9832695,0.97009766,0.9683316,1.0,0.9891068,0.96894115,0.9696481,0.95508206,0.9806858,0.97266126,0.9697903,0.97376937,0.9742743,0.97274834,0.9686349,0.9626272,0.96979034,0.9661758,0.9728312,0.9702002,0.9631376,0.90021783,0.9721769,0.96817863,0.9683673,0.9664221,0.97332156,0.9701611,0.953612,0.965378,0.96446526,0.92649025,0.974519,0.9783157,0.9760786,0.97122097,0.9615944,0.978682,0.96207404,0.9795679,0.9629687,0.9594599,0.9722564,0.96512604,0.9769866,0.9771219,0.97531337,0.97968197,0.9689836,0.96460766,0.9826801,0.9754549,0.96954143,0.97697115,0.9704158,0.9636491,0.9744262,0.97712976,0.9682295,0.9728765,0.96918464,0.9667946,0.96952736,0.97496915,0.973475,0.9634867,0.9684242,0.75334275,0.96835035,0.9681412,0.9562294,0.9645159,0.9486054,0.97393376,0.9738808,0.9569763,0.9680853,0.9755602,0.9810653,0.9690765,0.97363544,0.97536373,0.97536105,0.9784643,0.9718467,0.97652483,0.9716062,0.9684242,0.9700908,0.9639792,0.96513414,0.9613616,0.9684242,0.97465885,0.96875215,0.97132427,0.9637104,0.9752986,0.95678276,0.96760863,0.96719366,0.9707748,0.97440135,0.98047936,0.95819515,0.9624146,0.9734163,0.9013856,0.9653094,0.9443394,0.96822053,0.9753414,0.9706898,0.9754765,0.97887355,0.96167827,0.9708005,0.9672146,0.9720618,0.9680298,0.9683732,0.975677,0.97607714,0.9595368,0.9712755,0.9715928,0.9697679,0.97237384,0.9710609,0.9541347,0.96391094,0.9654168,0.95242506,0.9734876,0.96317303,0.9612917,0.9891068,0.96757203,0.95657575,0.9728228,0.9666274,0.9797956,0.9727401,0.9735936,0.97425413,0.9678056,0.9725629,0.9759468,0.9713554,0.93249744,0.96667695,0.9590258,0.9651199,0.9652252,0.97834814,0.9614083,0.9891068,0.96524066,0.97667557,0.97077495,0.9780382
ahiddenlifefilm,0.9860541,0.98351157,0.99074113,0.9801825,0.9878172,0.9851061,0.9837416,0.9891068,1.0000004,0.96856344,0.97788733,0.97242606,0.9870255,0.98434645,0.980644,0.98513836,0.9855269,0.98232365,0.9787665,0.9789092,0.9841574,0.9820568,0.9878097,0.97736293,0.9742381,0.921581,0.98205405,0.9819742,0.98095375,0.9808513,0.98578906,0.983113,0.9747284,0.97202003,0.97617227,0.9420734,0.98782516,0.98737615,0.98408175,0.98835087,0.9730601,0.98249894,0.971919,0.986424,0.9766053,0.97595954,0.9837973,0.9771641,0.9819163,0.9860536,0.9880304,0.9919213,0.9800691,0.97945035,0.9855887,0.97133917,0.9741278,0.98437905,0.9848056,0.97656596,0.9816596,0.9822744,0.979736,0.98134744,0.98138565,0.97478116,0.97861314,0.98276556,0.98107284,0.978877,0.984232,0.7548707,0.96927416,0.98173463,0.9720003,0.9769826,0.95858943,0.9817687,0.9838062,0.9715816,0.9799719,0.9870212,0.98641294,0.98026496,0.98434365,0.9798102,0.9836187,0.9858374,0.9812233,0.9797685,0.9788663,0.984232,0.9816082,0.9778242,0.97844845,0.97490174,0.9800461,0.9844451,0.9822477,0.9857497,0.9760418,0.9846857,0.9698066,0.9841581,0.97458285,0.98520917,0.98618007,0.9840085,0.9690544,0.97166914,0.98306555,0.9166242,0.9737937,0.9531913,0.9782199,0.9874456,0.9867674,0.9844426,0.99030536,0.97780275,0.98139936,0.97714996,0.9827662,0.983239,0.98513395,0.9875169,0.9860769,0.9685331,0.9764567,0.9776223,0.98865813,0.97447556,0.983165,0.96354795,0.9729988,0.9807658,0.9685128,0.9786627,0.98002595,0.9736804,1.0000004,0.9826904,0.9671659,0.9792127,0.97557867,0.9881923,0.9808334,0.9821837,0.9804592,0.97838455,0.9870639,0.9826841,0.9835783,0.9538841,0.9820461,0.98125106,0.9814007,0.97552824,0.98503476,0.9743501,1.0000004,0.97358567,0.98768973,0.9844537,0.98755765
alitamovie,0.95958,0.9573438,0.9695718,0.958538,0.97544104,0.95106345,0.95039636,0.96894115,0.96856344,1.0000001,0.9566687,0.926659,0.9626839,0.95648175,0.95397085,0.96043503,0.9626034,0.96589595,0.96126485,0.9476139,0.9524624,0.9570724,0.9559938,0.9584534,0.9573584,0.87050027,0.9577627,0.9561538,0.956633,0.9451013,0.9590117,0.9501581,0.9439833,0.95239574,0.9409943,0.9147038,0.9607334,0.95915073,0.9637676,0.9496928,0.9427927,0.9567685,0.9452715,0.9593464,0.95340425,0.9382512,0.9559932,0.951468,0.9520321,0.95993716,0.9613445,0.9579634,0.9614501,0.9509849,0.95532876,0.96138996,0.9620004,0.9609701,0.9566908,0.95138615,0.9657703,0.95674175,0.9572236,0.9481478,0.94864684,0.9380894,0.9548064,0.9553326,0.95717084,0.94370013,0.9531712,0.75000185,0.93705946,0.9480026,0.9382914,0.95777977,0.9413115,0.9556972,0.95650357,0.9394729,0.95395875,0.9518279,0.96756625,0.9501243,0.9645422,0.966539,0.9647024,0.9597195,0.9539288,0.9604369,0.9429949,0.9531712,0.9536612,0.9566644,0.9481131,0.9531361,0.963506,0.96271324,0.94417095,0.95095783,0.9517803,0.96029854,0.9415245,0.9437818,0.9614185,0.95930165,0.9569201,0.9578006,0.9477537,0.9460707,0.95299864,0.885475,0.96031594,0.9228319,0.9499291,0.9671325,0.9628737,0.95771736,0.96007127,0.9546693,0.9458002,0.9615316,0.95538336,0.94848865,0.94933665,0.9650087,0.9628193,0.94861066,0.96394455,0.95944554,0.95657766,0.9639269,0.9548672,0.92689097,0.95745337,0.9531878,0.94334286,0.9501399,0.94901913,0.94515014,0.96856344,0.9576268,0.94626623,0.9466502,0.9447096,0.95299625,0.9535392,0.95398146,0.95817834,0.94979125,0.95723563,0.96006805,0.95835304,0.94105667,0.9536323,0.941946,0.94421935,0.94824004,0.9637214,0.9529438,0.96856344,0.9620608,0.95772195,0.95285225,0.96649075
angelhasfallen,0.9654497,0.97003824,0.9720334,0.9599299,0.9599679,0.94493306,0.9647978,0.9696481,0.97788733,0.9566687,1.0000002,0.9419855,0.9647219,0.9612538,0.9600487,0.9669533,0.9693249,0.9532349,0.9593351,0.95778173,0.96087766,0.96520275,0.96470284,0.9501151,0.94746876,0.89381737,0.954066,0.96988976,0.96375966,0.95166,0.96547836,0.95891684,0.9520746,0.9558035,0.9613805,0.9340821,0.9686888,0.96926177,0.9681878,0.96484363,0.949687,0.9553805,0.9574859,0.96163017,0.9561551,0.95209605,0.9622419,0.95226276,0.95651454,0.9601327,0.9722294,0.96448094,0.9586375,0.9628414,0.95169973,0.9422729,0.95902425,0.9659265,0.9623254,0.9481175,0.96158344,0.95460445,0.9568541,0.95809865,0.96102315,0.95784223,0.95666045,0.96009946,0.9771958,0.9657529,0.95528084,0.7665751,0.9466045,0.95795083,0.95889467,0.9476237,0.9442112,0.9638289,0.95778036,0.9383447,0.98318297,0.969034,0.9627474,0.9575986,0.96592253,0.96854174,0.9764317,0.9671758,0.9635836,0.95819247,0.9462814,0.95528084,0.94983107,0.95854306,0.9667583,0.9566093,0.9682135,0.9658414,0.95493805,0.9677793,0.9511019,0.9602273,0.943645,0.9569864,0.9605718,0.96744215,0.96961135,0.9636465,0.9517018,0.9547803,0.9572126,0.90242285,0.9521979,0.9336831,0.9528865,0.97442555,0.96934164,0.9655468,0.97204936,0.96597075,0.9553878,0.961765,0.96098065,0.9516156,0.9627245,0.9710291,0.97012305,0.94218224,0.94500655,0.9614735,0.9657135,0.95413727,0.9593109,0.94803023,0.954037,0.9552837,0.94771856,0.951707,0.94514847,0.9485567,0.97788733,0.96293724,0.9444143,0.9570498,0.96070594,0.9681106,0.958952,0.9707967,0.9593569,0.95404994,0.97191733,0.95208305,0.9577516,0.9360127,0.95463413,0.9467994,0.9494647,0.95032084,0.9682742,0.95252573,0.97788733,0.9501662,0.97042143,0.9558662,0.97182226
angrybirdsmovie,0.96154314,0.95755184,0.9617268,0.945356,0.96166813,0.9640586,0.9576376,0.95508206,0.97242606,0.926659,0.9419855,1.0000004,0.96541274,0.95496076,0.9491625,0.9476818,0.9559966,0.95856625,0.9382916,0.9485191,0.95806223,0.9539647,0.9567512,0.9509367,0.95064014,0.9003189,0.9588303,0.9554621,0.958157,0.9670925,0.9459795,0.9490628,0.9553556,0.9480832,0.9375591,0.89091814,0.9610847,0.95918316,0.954215,0.95733875,0.9475176,0.96140695,0.9430726,0.96693784,0.94496447,0.9520269,0.94523615,0.9513707,0.94885886,0.96563005,0.96792716,0.9595103,0.945187,0.96933794,0.96146435,0.9338344,0.94362867,0.954857,0.95930415,0.9628515,0.9553789,0.9582715,0.95047593,0.9666726,0.94492286,0.9524359,0.95495784,0.95292515,0.9390698,0.9453715,0.9635104,0.71848434,0.9436145,0.9521994,0.9358655,0.95273966,0.923033,0.9592842,0.9635473,0.9563518,0.95709485,0.96729183,0.96399444,0.9487588,0.96132773,0.9416091,0.94059193,0.9586899,0.9558909,0.9448662,0.95062613,0.9635104,0.9611871,0.9487296,0.9593654,0.94543576,0.9517464,0.94832337,0.95919955,0.9583719,0.951033,0.9510687,0.9473617,0.95855784,0.94706917,0.9697192,0.9589068,0.9570339,0.94247466,0.93684345,0.96842504,0.9091092,0.93789446,0.90414196,0.95006377,0.9602204,0.95998466,0.9506455,0.96688807,0.94972193,0.9662223,0.93327063,0.9691643,0.9664955,0.9607137,0.9627053,0.95554274,0.9397354,0.9403191,0.93353045,0.9591321,0.9493933,0.957047,0.935864,0.9401472,0.9557732,0.94344443,0.9454497,0.9708038,0.9481368,0.97242606,0.9631672,0.93383706,0.96611905,0.9617658,0.95933795,0.9528936,0.945167,0.9562109,0.94686997,0.96084666,0.95040447,0.9642806,0.9199409,0.9578862,0.9631689,0.9611881,0.96812737,0.9473528,0.9534375,0.97242606,0.952036,0.95780617,0.95401525,0.96423066
annabellemovie,0.9729183,0.9681594,0.97967863,0.97387767,0.97724897,0.97085977,0.9685385,0.9806858,0.9870255,0.9626839,0.9647219,0.96541274,1.0,0.9715657,0.95926285,0.96751004,0.97046345,0.96977735,0.9620066,0.9600676,0.9662808,0.9679643,0.97550464,0.9656394,0.9589567,0.9022168,0.96967447,0.97309643,0.96853906,0.96349585,0.96636146,0.9669326,0.95777655,0.96879,0.96712303,0.9292955,0.9718233,0.97770625,0.9723816,0.9692707,0.9692169,0.9728127,0.9636582,0.97439164,0.9623113,0.96102816,0.97120416,0.9679311,0.9647303,0.9781799,0.9770138,0.97849596,0.9708906,0.96650606,0.9803797,0.95716363,0.9564579,0.9705252,0.97733444,0.9619054,0.9801724,0.9722853,0.9679005,0.97725785,0.96013135,0.96005887,0.9711987,0.9717659,0.9693248,0.9665387,0.97310036,0.7387834,0.9571171,0.9696338,0.9588823,0.97296196,0.9507491,0.9717034,0.97113985,0.9593853,0.9634296,0.98124355,0.98471993,0.96878994,0.9771614,0.96637774,0.9768396,0.9875809,0.9641076,0.9616972,0.9687404,0.97310036,0.9683302,0.9666066,0.96518844,0.95600754,0.9717368,0.96755975,0.96158284,0.9728548,0.9628199,0.96602273,0.95888644,0.9672253,0.9666647,0.97438496,0.9721963,0.9766575,0.9617172,0.95650876,0.97557795,0.9036527,0.95906085,0.9425605,0.9667221,0.97979295,0.9737347,0.9734812,0.9759545,0.9643084,0.9807911,0.96503025,0.97064435,0.97022355,0.9670962,0.9774905,0.9748715,0.95889634,0.9598651,0.96947414,0.9703451,0.96359277,0.964814,0.94684243,0.95966357,0.9653512,0.9495237,0.96779066,0.9681367,0.9634938,0.9870255,0.97180176,0.94996434,0.97351336,0.9661838,0.97686356,0.9698152,0.97458225,0.9755433,0.96568424,0.9720092,0.97381085,0.9721023,0.94235814,0.9689381,0.96571976,0.9683921,0.96548945,0.9725156,0.9665745,0.9870255,0.9695545,0.9704478,0.9700683,0.97684306
annamovie,0.9624167,0.9715711,0.97498125,0.97460777,0.9677551,0.9700312,0.9680777,0.97266126,0.98434645,0.95648175,0.9612538,0.95496076,0.9715657,1.0000002,0.96854544,0.9691238,0.9775611,0.9588656,0.9527356,0.9678368,0.9701798,0.9646182,0.9746787,0.969371,0.95265305,0.8900402,0.96063894,0.9687006,0.96540636,0.97095275,0.97313076,0.97511804,0.9704007,0.959314,0.96028936,0.9343768,0.97756046,0.97531754,0.97490406,0.9717055,0.95529914,0.96193635,0.9516129,0.9666645,0.9673411,0.9620624,0.9726123,0.9681756,0.9757724,0.9647877,0.97343117,0.9795579,0.9625451,0.9711263,0.9725724,0.94834906,0.95692706,0.9635938,0.97742957,0.95425,0.9701438,0.9780816,0.97099006,0.9822646,0.9713111,0.95123935,0.96977973,0.9755905,0.9643468,0.9657606,0.965734,0.7403001,0.9555081,0.9689127,0.95663065,0.9639495,0.939204,0.969839,0.9664476,0.95843285,0.9640308,0.9763373,0.9710837,0.9687551,0.9723552,0.96971,0.9748845,0.9729908,0.96093684,0.96941274,0.97029215,0.965734,0.9708287,0.9683016,0.971802,0.9649912,0.9683244,0.97477305,0.9679594,0.98216575,0.96902555,0.9734711,0.96125835,0.97008884,0.9745961,0.9733363,0.9775489,0.97009444,0.9518955,0.9600759,0.95881695,0.9130088,0.9588733,0.942472,0.966232,0.9772306,0.9686418,0.9629211,0.97332484,0.96465266,0.97373664,0.9653063,0.97270304,0.963492,0.9646329,0.9734555,0.9806441,0.9589359,0.9646529,0.95944893,0.97272235,0.9589814,0.97234076,0.94005054,0.95536375,0.9773578,0.95436263,0.97064185,0.9617059,0.9629806,0.98434645,0.9663996,0.95806336,0.96520734,0.9623473,0.9729576,0.97157556,0.9678958,0.967258,0.959128,0.9703525,0.95901495,0.968971,0.94239944,0.9632467,0.96742517,0.95727664,0.95525855,0.9681923,0.96000177,0.98434645,0.9610214,0.97444516,0.967687,0.97187656
apollo11movie,0.96821374,0.97504354,0.9746818,0.9579029,0.971953,0.9695801,0.96683764,0.9697903,0.980644,0.95397085,0.9600487,0.9491625,0.95926285,0.96854544,0.99999994,0.96921897,0.97660387,0.9705367,0.96506834,0.9794052,0.96411246,0.9689993,0.97572035,0.95064056,0.95338774,0.8992929,0.96461636,0.9611299,0.96384203,0.96868885,0.97052145,0.9662521,0.9632597,0.9519159,0.95954037,0.92166764,0.9748836,0.97017515,0.970504,0.97336894,0.9569139,0.9617572,0.9478236,0.97045624,0.9579081,0.9668042,0.9756247,0.9605834,0.96875745,0.96694267,0.9705047,0.9748464,0.9569746,0.9562737,0.96426773,0.9513654,0.95766157,0.96299833,0.96144456,0.95314705,0.96430326,0.95764744,0.9625727,0.9589458,0.969088,0.96059597,0.9570888,0.964902,0.9654865,0.9634197,0.96385133,0.73660433,0.94424504,0.9660567,0.94844526,0.96433395,0.9379983,0.9667997,0.962171,0.9552164,0.961926,0.9672708,0.97096014,0.96460634,0.96862525,0.96640444,0.9617609,0.96211153,0.9624959,0.96925455,0.9587704,0.96385133,0.9628578,0.95655197,0.9600581,0.97688043,0.9632202,0.97561103,0.9673374,0.97393,0.9675371,0.96691114,0.949521,0.9644672,0.95525986,0.96999305,0.9743037,0.96266454,0.9465839,0.9577427,0.97184676,0.8949683,0.9543646,0.93180734,0.9601756,0.96919787,0.9710493,0.96003217,0.9741031,0.9572035,0.9645895,0.9563138,0.9652015,0.9709181,0.96896255,0.9661445,0.9663797,0.95081925,0.9564832,0.9572803,0.9693288,0.95274675,0.9691126,0.9518613,0.9573227,0.96829873,0.95737636,0.96029323,0.961391,0.9635546,0.980644,0.9590591,0.9598222,0.9574817,0.9596879,0.9713326,0.9686291,0.9633448,0.95634234,0.96260095,0.9719541,0.96166575,0.9697151,0.9433052,0.96206975,0.9543821,0.9638051,0.96055955,0.96591944,0.9547401,0.980644,0.9550018,0.973172,0.9690076,0.96550184
arcticdogsmovie,0.97484607,0.9755067,0.97645795,0.9705458,0.9751956,0.9751382,0.9656668,0.97376937,0.98513836,0.96043503,0.9669533,0.9476818,0.96751004,0.9691238,0.96921897,1.0000001,0.9756191,0.9695433,0.9665959,0.96422756,0.97162086,0.9704295,0.9712905,0.966094,0.9669337,0.9152415,0.9653756,0.96922594,0.9727513,0.9679366,0.9715224,0.9697879,0.9609061,0.96455103,0.96590483,0.93372893,0.97042054,0.97402483,0.9722306,0.9754212,0.9610152,0.9676335,0.95727384,0.9714691,0.9608812,0.9558683,0.9686881,0.9597568,0.9656621,0.9679496,0.9752691,0.9804233,0.9711638,0.9658047,0.9642587,0.9656709,0.9609637,0.97585475,0.9644121,0.970178,0.9675949,0.96763,0.96288806,0.9611299,0.97399724,0.964949,0.9655891,0.9669029,0.9704399,0.9689568,0.9715996,0.7551354,0.95526916,0.96741784,0.9562641,0.96569705,0.952669,0.9730625,0.9717302,0.95975876,0.9716174,0.97065073,0.97480845,0.96745986,0.9664989,0.96825814,0.97527146,0.971259,0.9684517,0.9713774,0.9662354,0.9715996,0.9638633,0.9739213,0.9633417,0.96571964,0.9621251,0.9747109,0.96148837,0.9715308,0.95887446,0.97540087,0.9586915,0.96959966,0.96035314,0.97469574,0.96753997,0.97550595,0.96000534,0.96601534,0.9615238,0.91014785,0.9648486,0.9440074,0.9693959,0.9781631,0.9758053,0.9714705,0.9809496,0.9700342,0.9601702,0.9730712,0.96003926,0.9666699,0.9717542,0.9711803,0.9760308,0.95755666,0.9673211,0.96643704,0.9720297,0.9623997,0.9672892,0.95507526,0.9636369,0.9686876,0.9555377,0.97153014,0.9635565,0.95779353,0.98513836,0.9717755,0.95626396,0.9661428,0.9565039,0.9701844,0.967306,0.97512597,0.96361965,0.96941006,0.9723143,0.96940774,0.963213,0.94143337,0.96923107,0.9614153,0.95676774,0.96445036,0.97517514,0.9583167,0.98513836,0.9594192,0.9783232,0.9659999,0.9729356
arcticmovie,0.9696786,0.9754572,0.9769965,0.96927804,0.9775721,0.970466,0.97259706,0.9742743,0.9855269,0.9626034,0.9693249,0.9559966,0.97046345,0.9775611,0.97660387,0.9756191,0.9999998,0.9694224,0.9615827,0.96796566,0.96996766,0.9650212,0.9818626,0.96956325,0.96174943,0.8985347,0.97363496,0.973384,0.96395004,0.9720437,0.97890884,0.9752318,0.9740682,0.95646495,0.9565479,0.9216154,0.9792528,0.9685824,0.97530943,0.978459,0.9643069,0.9661065,0.95660007,0.97583115,0.9706821,0.97056645,0.97737175,0.96983206,0.97043556,0.9691509,0.9741179,0.9822629,0.9704099,0.96532035,0.96687007,0.9514784,0.96625376,0.9730051,0.9718567,0.96497774,0.9756659,0.97690994,0.97178364,0.97067577,0.97943276,0.9573532,0.971114,0.9720713,0.9680379,0.9672545,0.9732919,0.7564271,0.9519803,0.96397537,0.95142657,0.9745105,0.94370276,0.973375,0.9691576,0.96130115,0.9699561,0.97626305,0.9798559,0.9654081,0.9683505,0.9684623,0.9683757,0.9760354,0.9636481,0.972137,0.967929,0.9732919,0.9678389,0.96465874,0.9677533,0.9691686,0.97075945,0.97885466,0.9706982,0.97870886,0.96737725,0.97604203,0.96207875,0.9729336,0.9664524,0.97153324,0.9800589,0.971134,0.9572923,0.96780896,0.9710629,0.90770406,0.96913236,0.94051874,0.971478,0.97653985,0.9763224,0.96191156,0.9774586,0.97389823,0.9784324,0.9701948,0.9725119,0.9677601,0.9787653,0.9710532,0.97789085,0.95570874,0.95980865,0.9646022,0.9720145,0.95914143,0.985656,0.9671558,0.9727247,0.9739974,0.956998,0.969804,0.9688234,0.9614659,0.9855269,0.96627253,0.96142375,0.962531,0.9602772,0.9804482,0.9776741,0.9645436,0.96512663,0.9690739,0.97548825,0.96229756,0.976315,0.947608,0.9676315,0.96435463,0.97178507,0.96874994,0.97949725,0.96988535,0.9855269,0.9568324,0.9726682,0.97395414,0.9722954
artofracingmovie,0.9750248,0.9663409,0.97331154,0.9597177,0.98814213,0.9749936,0.9659056,0.97274834,0.98232365,0.96589595,0.9532349,0.95856625,0.96977735,0.9588656,0.9705367,0.9695433,0.9694224,1.0,0.9688699,0.9672729,0.97047555,0.97008944,0.9694506,0.9686399,0.9684425,0.9077014,0.97087425,0.9620891,0.9656292,0.96596456,0.9680847,0.96993935,0.9589764,0.9517227,0.9520878,0.92320484,0.9767325,0.9737338,0.9688693,0.96708244,0.9513694,0.9716911,0.9632741,0.9728541,0.96257085,0.95996344,0.9628566,0.9601277,0.962756,0.9769047,0.96939254,0.97512656,0.9650657,0.960485,0.96676403,0.9740223,0.9627212,0.96902955,0.96622765,0.97746056,0.97051346,0.96997124,0.96619964,0.9536008,0.95998126,0.9593149,0.9602287,0.96091115,0.96522975,0.96271133,0.98048764,0.7309266,0.95437837,0.96785206,0.95099354,0.97037697,0.9530058,0.9627983,0.97572446,0.9599185,0.9627287,0.96157134,0.97378254,0.9662663,0.9668808,0.9627579,0.9621312,0.96869767,0.96992815,0.97205126,0.9607597,0.98048764,0.96763825,0.963324,0.9550246,0.96971136,0.97133005,0.9713112,0.9779507,0.96701497,0.96387404,0.96896917,0.9564423,0.9659888,0.9537893,0.96560633,0.9715714,0.9642853,0.9556966,0.95570195,0.97312593,0.90468234,0.9625642,0.9356742,0.9610723,0.9756314,0.9779768,0.97299653,0.98015887,0.96437645,0.95775765,0.9591947,0.9689983,0.9713165,0.9675313,0.968975,0.9638334,0.9512495,0.9720513,0.965728,0.9725196,0.9715094,0.96780896,0.9414655,0.96425086,0.9635149,0.9749466,0.9639793,0.980618,0.96903205,0.98232365,0.9653173,0.9572641,0.9587797,0.9514935,0.9678322,0.9717149,0.96014714,0.9600313,0.9678148,0.96725047,0.97289705,0.97469246,0.94206953,0.9718117,0.96718675,0.96564054,0.9697257,0.97408044,0.9542715,0.98232365,0.9668498,0.97131455,0.96991694,0.9737831
avengers,0.9788615,0.95545685,0.97059995,0.96377444,0.9738716,0.96686083,0.9674869,0.9686349,0.9787665,0.96126485,0.9593351,0.9382916,0.9620066,0.9527356,0.96506834,0.9665959,0.9615827,0.9688699,1.0,0.9637283,0.9656858,0.96577257,0.9688016,0.949051,0.9634883,0.89649594,0.96612513,0.95313466,0.9646045,0.95688665,0.9799846,0.9636689,0.95203024,0.95484453,0.9506934,0.92718184,0.97175413,0.96230346,0.9639464,0.9706522,0.948366,0.96052015,0.9521749,0.96598357,0.9594968,0.95640576,0.961347,0.9583239,0.9584141,0.9674287,0.96873903,0.9726884,0.96937346,0.9481699,0.9655259,0.95993376,0.96295744,0.9700012,0.96235186,0.9560344,0.95801437,0.95855963,0.95870686,0.9512104,0.9634837,0.953506,0.9515644,0.9603408,0.9683955,0.9633639,0.96675014,0.750238,0.95126694,0.95622087,0.95881635,0.9615826,0.9358507,0.9676377,0.96819407,0.957194,0.95731825,0.9621764,0.96683204,0.9576241,0.96429837,0.9637362,0.9646114,0.962341,0.961472,0.96073365,0.95188993,0.96675014,0.95807695,0.955056,0.9590963,0.95950574,0.95948905,0.97256815,0.9636919,0.96453947,0.9601102,0.96810025,0.9539526,0.9638431,0.9470011,0.9653718,0.9641855,0.95569783,0.95328176,0.9552908,0.966963,0.8739856,0.9636227,0.9277777,0.95703393,0.96577555,0.9686245,0.9676711,0.96963423,0.9619384,0.94984716,0.9658481,0.9622667,0.96160805,0.970771,0.9632362,0.9654613,0.96081406,0.96424127,0.96397066,0.976494,0.9612005,0.9632784,0.94525874,0.9589433,0.9556797,0.94732666,0.9644899,0.96253693,0.9500231,0.9787665,0.9641133,0.94699305,0.95050555,0.9528259,0.9709758,0.9570434,0.959561,0.9516834,0.9605082,0.9726481,0.9687369,0.9646364,0.946669,0.9673366,0.9628744,0.9577876,0.95761687,0.9710238,0.9592975,0.9787665,0.95473987,0.97206557,0.96773523,0.96593654
beachbummovie,0.9722371,0.96972716,0.96904325,0.9555843,0.96602184,0.96628,0.9667784,0.9626272,0.9789092,0.9476139,0.95778173,0.9485191,0.9600676,0.9678368,0.9794052,0.96422756,0.96796566,0.9672729,0.9637283,1.0,0.9587554,0.97479427,0.97171354,0.9544042,0.94378805,0.8825508,0.9618797,0.9619519,0.95990825,0.9615378,0.97045946,0.9637311,0.9638238,0.95412654,0.9564953,0.9349989,0.97436935,0.96429664,0.9691268,0.96929675,0.9592837,0.95903456,0.9532873,0.96657383,0.956074,0.9667821,0.9693199,0.9613914,0.9655837,0.9649393,0.9706533,0.97137374,0.96171534,0.9538897,0.96736336,0.9472438,0.9545456,0.9657967,0.9609183,0.95036083,0.9602023,0.95525134,0.9637499,0.9594113,0.97019315,0.9516343,0.9522938,0.964608,0.9594494,0.96878046,0.9629518,0.72630715,0.9429813,0.9624019,0.950308,0.9570756,0.9403994,0.96511966,0.95937437,0.9539999,0.96070176,0.9662499,0.9682773,0.9624859,0.963747,0.9637247,0.962151,0.96148515,0.95770055,0.9625394,0.95713425,0.9629518,0.9564317,0.95140773,0.96409076,0.9756368,0.9613242,0.97847724,0.9681505,0.9760843,0.96489364,0.97335476,0.94301975,0.95867175,0.9491493,0.9667328,0.9727116,0.9640851,0.9440668,0.9447262,0.96195,0.9011654,0.94775933,0.9382579,0.94716275,0.9681947,0.96852255,0.9599124,0.97033006,0.95860755,0.9601283,0.9581185,0.9724657,0.96387595,0.96315897,0.969833,0.9645513,0.95229065,0.95815957,0.95503014,0.97249556,0.9489882,0.9657885,0.94248134,0.95278865,0.9583194,0.960766,0.95445603,0.9580151,0.9671743,0.9789092,0.960191,0.9588169,0.95635617,0.95204866,0.9725967,0.9652853,0.9610106,0.95224166,0.95013654,0.97617996,0.9551174,0.9712003,0.95562285,0.9574895,0.95413554,0.9566719,0.95450664,0.9680473,0.9423809,0.9789092,0.961978,0.9742995,0.97222686,0.9656357
bernadettefilm,0.9737575,0.96492386,0.97798073,0.96572614,0.9668501,0.97315985,0.97057146,0.96979034,0.9841574,0.9524624,0.96087766,0.95806223,0.9662808,0.9701798,0.96411246,0.97162086,0.96996766,0.97047555,0.9656858,0.9587554,0.99999994,0.97130066,0.97385734,0.9684733,0.9633234,0.9229906,0.95725197,0.96039087,0.96795624,0.9715888,0.9754929,0.9745215,0.9639024,0.9504549,0.95378596,0.9250534,0.9729372,0.97218925,0.9681977,0.97669643,0.9519397,0.9686955,0.9544509,0.9705125,0.9740759,0.961788,0.96411455,0.957885,0.96891576,0.97313744,0.9766006,0.9782239,0.9639949,0.9698674,0.96220475,0.9553056,0.9611395,0.9728804,0.973402,0.96163553,0.9684432,0.97106844,0.9800071,0.96481526,0.9683105,0.95970535,0.9651876,0.9613055,0.9708951,0.9698846,0.9693422,0.75549686,0.95571977,0.9689327,0.96590954,0.9632042,0.9401296,0.9579735,0.9716684,0.95970786,0.97092766,0.97187984,0.96656317,0.9572417,0.9697854,0.96898437,0.9683076,0.9685705,0.9573754,0.9741732,0.96468014,0.9693422,0.97187316,0.976413,0.9617421,0.9593975,0.9730517,0.97491413,0.96925014,0.9737603,0.9664691,0.9679897,0.96721727,0.9689446,0.9605523,0.9739163,0.97082704,0.9639322,0.961857,0.96230274,0.9641959,0.9102697,0.9685624,0.9317361,0.97451943,0.97400117,0.9767391,0.9671639,0.97149336,0.9648413,0.9604987,0.9660143,0.96301115,0.968746,0.9732731,0.97579914,0.9703646,0.95392466,0.9629655,0.96555895,0.982575,0.96222866,0.9628294,0.948366,0.9645589,0.9755388,0.96225154,0.96741545,0.96825284,0.965793,0.9841574,0.97527105,0.9601502,0.96199733,0.95527637,0.97506815,0.9604732,0.9620005,0.9653142,0.9736639,0.9722564,0.9668749,0.9664685,0.942913,0.9707323,0.97138894,0.96856433,0.9500007,0.9721484,0.96647596,0.9841574,0.95843774,0.971683,0.9722471,0.9785314
