movie,21bridgesmovie,47metersdown,abeautifuldaymovie,abominablemovie,adastramovie,adogsjourneymovie,aftermathmovie,aftermovie,ahiddenlifefilm,alitamovie,angelhasfallen,angrybirdsmovie,annabellemovie,annamovie,apollo11movie,arcticdogsmovie,arcticmovie,artofracingmovie,avengers,beachbummovie,bernadettefilm,blackandbluemovie,blackchristmas,blindedbythelightmovie,bombshellmovie,booksmart,breakthroughmovie,brianbanksmovie,brightburnmovie,brittanyrunsmov,captainmarvelofficial,captivestatemovie,catsmovie,charliesangels,childsplaymovie,clarathefilm,coldpursuitmovie,countdown,currentwarmovie,darkwatersmovie,detectivepikachumovie,disneyaladdin,disneyfrozen,disneymaleficent,doctorsleepmovie,dolemiteismyname,dontletgomovie,doramovie,downtonabbey_official,dumbo,escaperoom,everybodyknowsmovie,fastandfuriousmovie,fightingwmyfam,fivefeetapartfilm,fordvferrari,freaksthefilm,geminimanmovie,glassmovie,gloriabellmovie,godzillamovie,goldfinchmovie,goodboysmovie,goodliarmovie,gretafilm,halathemovie,happydeathdaymovie,harrietfilm,hellboymovie,hersmellmovie,highlifemovie,highstrungmovie,honeyboymovie,hotelmumbaifilm,httydragon,hustlemovie,hustlersmovie,isntitromantic,itmovieofficial,jayandsilentbob,johnwickmovie,jojorabbitmovie,jokermovie,judythefilm,jumanjimovie,justmercyfilm,knivesout,lalloronamovie,lastblackmansf,lastchristmasthemovie,latenightmovie,lighthousemovie,lionking,littlethemovie,littlewomenmovie,littlewoodsfilm,longshotmovie,lordsofchaosmovie,lucyintheskyfilm,mamovie2019,marriagestory,meettheaddams,meninblack,midsommarmovie,midwaymovie,missbalamovie,missinglinkfilm,motherlessbklyn,onceinhollywood,onthebasisofsex,overcomermovie,peanutbutterfalcon,petsematarymovie,piercingmovie,playingwithfire,playmobilthemovie,pomsmovie,queenandslim,rambomovie,readyornotfilm,richardjewellfilm,rocketmanmovie,scarystoriesmovie,secretlifeofpets,serenityfilm,shaftmovie,shazammovie,spidermanmovie,spiesindisguise,starwars,stormboymovie,stubermovie,taosdfilm,teenspiritmov,terminator,theaeronautsmov,thebestofenemies,thedeaddontdie,thefarewell,thehighwaymen,thehummingbirdprojectfilm,theintrudermovie,theirishmanfilm,thekitchenmovie,thelegomovie,themustangfilm,thenightingalefilm,theprodigymovie,thesunisalsoastar,theupsidefilm,tolkienmovie,toystory,triplefrontier,uglydolls,uncutgems,underthesilverlake,usmovie,wavesmovie,whatmenwant,wonderparkmovie,wrinklestheclown,xmenmovies,yardiefilm,yesterdaymovie,zombieland
21bridgesmovie,0.9999999,0.9667194,0.9750272,0.9755373,0.9776254,0.96759313,0.97225696,0.9784424,0.98653984,0.96287024,0.97239596,0.9708007,0.9777391,0.97773683,0.9696936,0.96748006,0.9687288,0.9777231,0.9829969,0.95453423,0.9738075,0.97550994,0.9785603,0.96737087,0.97264755,0.8515207,0.9717242,0.9779809,0.97978234,0.96427834,0.95976615,0.964908,0.9620951,0.97109777,0.96736056,0.92711323,0.9745217,0.9759033,0.9777826,0.97082937,0.96904314,0.970961,0.957948,0.9762099,0.97853,0.969685,0.97923285,0.97676575,0.97663957,0.9725287,0.979026,0.97935194,0.97453487,0.97165585,0.96245,0.9705057,0.9776634,0.97944343,0.9765984,0.9784901,0.975418,0.9738546,0.9708986,0.97920525,0.97664803,0.9738563,0.95201254,0.97316027,0.9741112,0.965099,0.982453,0.6663657,0.95630795,0.9773158,0.95970196,0.9642028,0.9486304,0.9708247,0.9717711,0.9636352,0.9714066,0.97764343,0.9772786,0.96945524,0.979848,0.97597504,0.97124714,0.97250605,0.9772809,0.98151207,0.9648462,0.982453,0.97616535,0.976612,0.97109663,0.9695927,0.97382367,0.9719463,0.9630121,0.9743206,0.9731431,0.9653451,0.9654524,0.98230124,0.9736298,0.9796598,0.97361904,0.97095335,0.96268743,0.9661655,0.97193366,0.8609125,0.9780122,0.9224493,0.9710343,0.9789445,0.9946855,0.9672866,0.98309386,0.96956116,0.97579795,0.9840622,0.96593356,0.9620776,0.96665955,0.9682661,0.9756615,0.9772646,0.9779908,0.9448294,0.9775515,0.97585475,0.9758215,0.9692958,0.97599167,0.965628,0.98091704,0.97209054,0.9813772,0.9667216,0.98653984,0.9796175,0.97051555,0.9662021,0.9749559,0.97337395,0.9720163,0.9759475,0.9729465,0.97744775,0.9744233,0.9635416,0.9651382,0.95660925,0.9641008,0.9737432,0.9667219,0.97759193,0.9791037,0.97752345,0.98653984,0.96790403,0.9732805,0.97301465,0.98067284
47metersdown,0.9667194,0.9999998,0.96905816,0.9574347,0.95956254,0.9625101,0.96671444,0.9695793,0.97817487,0.9568048,0.9751805,0.9549995,0.96754366,0.968504,0.95745695,0.9747388,0.9518487,0.957582,0.9670516,0.9516281,0.95374614,0.95355064,0.97030604,0.9567942,0.9669761,0.8749764,0.9611408,0.9604074,0.9634358,0.9559584,0.9490921,0.9572068,0.9468685,0.96208507,0.9485861,0.928447,0.9672972,0.95656747,0.96410924,0.9705794,0.96381307,0.9641599,0.9526929,0.96665925,0.9676777,0.9602036,0.9724844,0.96460456,0.96468127,0.96776617,0.9632111,0.9679976,0.9699217,0.9655312,0.9622089,0.9587858,0.96156335,0.9652004,0.96995145,0.9703513,0.96987194,0.9727439,0.9623196,0.96547955,0.96819854,0.96418893,0.95271134,0.9676632,0.9649952,0.96493554,0.97135085,0.6414489,0.9582535,0.9662995,0.9559944,0.9623552,0.9255421,0.9606028,0.97584444,0.9557793,0.96019006,0.96971583,0.9713561,0.95593196,0.9614027,0.96198833,0.9675989,0.9726331,0.9648524,0.97083426,0.96030927,0.97135085,0.95445883,0.9589346,0.9655176,0.9637424,0.9715107,0.9730274,0.96866256,0.96418893,0.97211003,0.9595123,0.94817555,0.9678724,0.970432,0.96323305,0.9667994,0.9674323,0.95893985,0.9613399,0.97337866,0.8716694,0.9648771,0.9229605,0.9447592,0.96686345,0.96680933,0.9615332,0.9712388,0.96740806,0.9723126,0.96642566,0.967927,0.9529989,0.95751375,0.96836615,0.9680846,0.9606954,0.9570195,0.93819106,0.9592116,0.95675266,0.96359247,0.95488477,0.9674377,0.9611373,0.96754324,0.95269525,0.96468174,0.953002,0.97817487,0.96595037,0.9730485,0.9599089,0.9607262,0.97424054,0.9671098,0.9535897,0.9647354,0.9629981,0.96210074,0.9637944,0.9527355,0.9345719,0.961889,0.9698778,0.9640594,0.9671484,0.9619041,0.96280664,0.97817487,0.9615852,0.9645427,0.9725479,0.9628089
abeautifuldaymovie,0.9750272,0.96905816,1.0000001,0.97468317,0.9774556,0.9768157,0.9809493,0.9785661,0.9922328,0.97747105,0.9788535,0.98027366,0.98432577,0.9797214,0.9766362,0.97948706,0.9760839,0.97935224,0.98153585,0.9714708,0.9724697,0.9807586,0.98370785,0.9697604,0.9819163,0.8748003,0.97003394,0.98479,0.9895194,0.97137076,0.97502786,0.9761167,0.96913975,0.98321354,0.9788727,0.9428981,0.97902715,0.9791284,0.98017,0.9710338,0.9749586,0.9761492,0.9666501,0.97265404,0.98200095,0.97799575,0.9855536,0.9822476,0.97328097,0.97397554,0.9898474,0.97754246,0.98443437,0.9737464,0.98343533,0.9750834,0.9706229,0.9820712,0.98019123,0.98898286,0.981602,0.9822915,0.974329,0.9826332,0.9813576,0.97921264,0.96787256,0.9683848,0.97587407,0.9751764,0.9878467,0.6446629,0.970924,0.9818961,0.9729864,0.9791091,0.95350844,0.98620343,0.9774415,0.97155195,0.9722962,0.9861692,0.98751944,0.9795142,0.9855751,0.9860071,0.9798578,0.98204225,0.9848028,0.9814357,0.9780772,0.9878467,0.9803858,0.9782638,0.9847547,0.9812646,0.9757644,0.9851092,0.97639555,0.98068136,0.9711888,0.97599965,0.9747122,0.9820878,0.975401,0.9890911,0.9793956,0.98241395,0.9758765,0.97976625,0.9815224,0.8898642,0.9795733,0.92154425,0.9721639,0.98479587,0.98259795,0.9841185,0.9819328,0.97792447,0.9814088,0.9812643,0.9863309,0.96670234,0.98199844,0.98172486,0.9780768,0.98550946,0.97758394,0.9567643,0.9718012,0.9795028,0.9838004,0.9769793,0.9826933,0.9731856,0.97612846,0.96621233,0.9835768,0.9750776,0.9922328,0.9884899,0.9775304,0.97628903,0.97768915,0.97803444,0.970157,0.97922075,0.97930425,0.9788827,0.9807426,0.9809994,0.9770524,0.9473405,0.9770655,0.9777308,0.9803576,0.9787022,0.9767441,0.98359376,0.9922328,0.9761357,0.9739381,0.9888753,0.9860354
abominablemovie,0.9755373,0.9574347,0.97468317,0.9999998,0.97533625,0.9578152,0.9746521,0.9733777,0.9825287,0.96470344,0.9719078,0.9695928,0.97947425,0.9695174,0.9717073,0.97977746,0.96911794,0.9791166,0.97646093,0.96580523,0.9695247,0.9730269,0.9698804,0.9604428,0.9702614,0.86476475,0.96976966,0.9711573,0.9775904,0.97555125,0.96390873,0.9638715,0.95499283,0.96558714,0.96449405,0.93447864,0.9706155,0.972981,0.97701466,0.9678303,0.950989,0.9645577,0.9532516,0.968722,0.969774,0.97737575,0.9684467,0.979847,0.9595895,0.9678945,0.9759164,0.9664187,0.9691772,0.9665262,0.9696859,0.96729803,0.9699874,0.9714647,0.9791408,0.97717685,0.96083313,0.97699076,0.9696279,0.96995354,0.96993756,0.9672846,0.95853406,0.96210206,0.9716489,0.96482,0.97627413,0.6742741,0.954851,0.9741861,0.9609609,0.9679649,0.9344877,0.9697848,0.964603,0.97202444,0.9723493,0.98163897,0.9716789,0.967318,0.9797116,0.9786614,0.97579545,0.97358143,0.97174716,0.97638774,0.9700829,0.97627413,0.97512764,0.9651865,0.96956545,0.98021924,0.9680482,0.973648,0.95984966,0.9687718,0.9716943,0.967386,0.96150476,0.97264475,0.9666705,0.97388065,0.9700575,0.97060984,0.96741194,0.97297174,0.96854687,0.8800806,0.9676606,0.925681,0.9680211,0.9701764,0.97638613,0.9684251,0.97520596,0.9748681,0.97569925,0.9752401,0.9686756,0.9541608,0.9727861,0.9643544,0.96935683,0.97514653,0.9734239,0.9521066,0.9696326,0.9732504,0.9755545,0.9650677,0.9661134,0.9735553,0.9630728,0.96329755,0.9743719,0.97150373,0.9825287,0.9721046,0.9727866,0.9674396,0.97099626,0.9686918,0.9690801,0.97039866,0.96438307,0.97056264,0.9757246,0.96240133,0.96808183,0.93780106,0.9615844,0.96531254,0.9597,0.96954674,0.9648987,0.9727173,0.9825287,0.9604407,0.9676677,0.9721793,0.9783798
adastramovie,0.9776254,0.95956254,0.9774556,0.97533625,0.9999999,0.9768553,0.9820582,0.9778751,0.98803395,0.9800288,0.97413987,0.9694105,0.98001504,0.9748168,0.97820187,0.9699855,0.97357583,0.9820844,0.97696865,0.9728208,0.9822935,0.97750497,0.9742406,0.9618987,0.9669804,0.8738799,0.9830343,0.9792787,0.9744068,0.96990144,0.9688361,0.95733595,0.9660845,0.9736028,0.9732367,0.93649,0.9781293,0.9720812,0.98460555,0.9657794,0.96992725,0.9811613,0.9797399,0.981233,0.9813937,0.978352,0.97376496,0.97426236,0.9752931,0.98033625,0.9760511,0.9743837,0.9760037,0.98069954,0.96903557,0.9807754,0.97820884,0.97554517,0.9729074,0.9793288,0.9687077,0.9673421,0.9774835,0.97337234,0.97049296,0.9790057,0.9408881,0.9660537,0.9704219,0.9775999,0.97787476,0.65411264,0.96847534,0.98505145,0.9715729,0.96930677,0.94638574,0.97562236,0.9668693,0.958865,0.9750299,0.97840303,0.97400886,0.97423303,0.97795963,0.9797466,0.9724656,0.98097664,0.97867,0.9769516,0.9770754,0.97787476,0.9781458,0.9736468,0.9749549,0.97606474,0.9725167,0.974145,0.97514653,0.97373134,0.98299235,0.9661011,0.96335393,0.97933125,0.97070783,0.9760203,0.97557527,0.9726776,0.9588379,0.9732717,0.97958505,0.8930309,0.9769306,0.92484385,0.9719088,0.9770202,0.98417675,0.9782698,0.9808425,0.9812629,0.9757795,0.9754834,0.9790401,0.9743001,0.966895,0.96724993,0.9773062,0.977986,0.9861101,0.9588602,0.98083085,0.9839759,0.9770713,0.96677566,0.97385436,0.97197175,0.9717989,0.9652766,0.97761565,0.9762561,0.98803395,0.9759034,0.97817177,0.9713855,0.96795464,0.97077537,0.9710057,0.9830903,0.97649026,0.962336,0.98148113,0.97412735,0.9648715,0.9471244,0.9653986,0.9703692,0.96680564,0.97439206,0.97732216,0.9830112,0.98803395,0.97139794,0.97187155,0.9800325,0.9806916
adogsjourneymovie,0.96759313,0.9625101,0.9768157,0.9578152,0.9768553,1.0,0.9653971,0.9791662,0.98271465,0.970444,0.96478105,0.97236556,0.97663856,0.97152245,0.9752234,0.9571747,0.96834224,0.97156394,0.96856797,0.9652338,0.9705639,0.9649644,0.9773777,0.95912224,0.9682676,0.88404894,0.970817,0.9692825,0.96947163,0.9544439,0.96090865,0.96100837,0.9671911,0.97120625,0.9605142,0.9296749,0.96296453,0.96811455,0.9641906,0.9617432,0.9660217,0.97700804,0.9683706,0.97905344,0.9815274,0.97357583,0.9756109,0.96221185,0.9616217,0.9768725,0.9721141,0.9750036,0.9759504,0.96385956,0.968237,0.9709781,0.96387154,0.96887237,0.97375196,0.968511,0.9734518,0.9701076,0.9797993,0.9683092,0.9768845,0.9781403,0.9467204,0.967397,0.97338,0.9666167,0.9708566,0.6541511,0.95509005,0.97292244,0.96363854,0.9636226,0.94891804,0.97113264,0.96212673,0.96998894,0.96495134,0.9710502,0.9737564,0.96298796,0.9743701,0.9699553,0.96312666,0.9777767,0.9717138,0.97083414,0.963888,0.9708566,0.9750792,0.96389914,0.9661543,0.9678375,0.9679177,0.96990466,0.95934963,0.97409505,0.97136575,0.9687989,0.9658091,0.9695773,0.9718011,0.9749926,0.9708023,0.9712697,0.9559364,0.96765023,0.9782909,0.8721089,0.96037537,0.92084277,0.96325403,0.9721911,0.97587156,0.97221494,0.97260094,0.96204275,0.97642034,0.9714652,0.97504103,0.9896326,0.9646241,0.971428,0.96998477,0.9725081,0.9692487,0.95185393,0.9656593,0.9701783,0.9750329,0.9739665,0.9623904,0.95536745,0.962579,0.957649,0.9671877,0.9729697,0.98271465,0.96930575,0.9730114,0.9679396,0.96341604,0.9724151,0.9633627,0.9667777,0.9702532,0.97003204,0.9687204,0.9723092,0.9660815,0.9353977,0.9573471,0.9598379,0.974299,0.9660698,0.9620834,0.970349,0.98271465,0.96392703,0.95944875,0.9813538,0.97553325
aftermathmovie,0.97225696,0.96671444,0.9809493,0.9746521,0.9820582,0.9653971,1.0,0.9796662,0.9891073,0.97197485,0.9835014,0.96645814,0.9788748,0.97965646,0.9766871,0.9773049,0.9717889,0.97900194,0.9735352,0.9683617,0.97171956,0.96945626,0.9764482,0.96316856,0.97659904,0.8711132,0.9755937,0.9802075,0.9738971,0.9731217,0.9618041,0.96065086,0.9645268,0.965732,0.9720179,0.93631613,0.9728731,0.965475,0.9871361,0.975721,0.9702987,0.9748448,0.9668122,0.97390586,0.9813937,0.9701894,0.9764172,0.978356,0.973759,0.9764401,0.97462785,0.97521067,0.9787312,0.9741238,0.96901685,0.9761142,0.969758,0.9805275,0.97849536,0.98073405,0.97238904,0.9805126,0.9753588,0.98119783,0.9772227,0.9762183,0.9555708,0.96670353,0.97228307,0.974354,0.9847505,0.65190893,0.96263725,0.9789037,0.9723184,0.9809287,0.9421785,0.9800496,0.9817866,0.96174437,0.9786864,0.9839184,0.97708404,0.97103065,0.9751881,0.98489994,0.97903144,0.98237777,0.9814467,0.9773431,0.97979766,0.9847505,0.9763971,0.9741434,0.97222185,0.9815958,0.9802107,0.9826257,0.98087204,0.9740054,0.9692406,0.97061586,0.95902187,0.9775748,0.97499275,0.97415465,0.9805955,0.977894,0.96132326,0.97576874,0.9829315,0.8869039,0.9808369,0.91905856,0.9661268,0.98270226,0.97691965,0.9778156,0.98199177,0.99019235,0.9790595,0.97876877,0.97567093,0.96473473,0.9783712,0.9710544,0.97664434,0.97609496,0.98327273,0.95520705,0.97514355,0.9806134,0.9814451,0.9700903,0.9798021,0.97125643,0.9728035,0.9642725,0.9803121,0.97153926,0.9891073,0.97517896,0.9685158,0.973091,0.97084165,0.9813996,0.9678143,0.97322464,0.97341853,0.9705448,0.9923176,0.97633183,0.96694946,0.94101274,0.9756416,0.97391033,0.97324705,0.9791708,0.9792618,0.9797007,0.9891073,0.9730639,0.9793663,0.9814121,0.9752521
aftermovie,0.9784424,0.9695793,0.9785661,0.9733777,0.9778751,0.9791662,0.9796662,0.9999999,0.9884775,0.9670792,0.973809,0.9696252,0.9783576,0.97619003,0.97684985,0.97099054,0.97980225,0.974659,0.9770589,0.96539575,0.97550046,0.96601987,0.9820978,0.96888083,0.97508585,0.8956033,0.9759542,0.97824836,0.976133,0.9665355,0.96232206,0.9651546,0.96741295,0.96562713,0.9695415,0.9504294,0.9659875,0.97199005,0.97207654,0.9723974,0.9741282,0.9725837,0.96605724,0.9793229,0.9825412,0.9806799,0.97960925,0.972898,0.97354305,0.97631186,0.9780861,0.97792417,0.97688764,0.97156405,0.9761254,0.97386426,0.9746699,0.97382474,0.9827347,0.9819672,0.9764492,0.9818531,0.97716236,0.9768819,0.9773512,0.97371083,0.96105725,0.97004503,0.9762828,0.9788607,0.98368186,0.6673457,0.95720804,0.9788826,0.9603402,0.9726884,0.9457424,0.96594185,0.9767926,0.97337765,0.9739589,0.9784565,0.98061556,0.96594614,0.9786672,0.9743993,0.9715256,0.9772174,0.9791832,0.9750108,0.9683973,0.98368186,0.9734708,0.9732304,0.97144264,0.9771574,0.97491467,0.97168666,0.97246283,0.98066914,0.9798371,0.9722137,0.96742696,0.9807555,0.9711606,0.9782969,0.9892382,0.97977316,0.96013355,0.9753314,0.98135144,0.8823503,0.97207075,0.93786484,0.9695686,0.97784954,0.9805421,0.97878647,0.9815855,0.97998434,0.981601,0.97802144,0.97457486,0.97016215,0.97551304,0.97239923,0.9716834,0.98098797,0.9760111,0.9496806,0.9776235,0.977309,0.97996914,0.971507,0.9704236,0.96840245,0.97567654,0.9643805,0.98256725,0.9770351,0.9884775,0.97316337,0.9775747,0.9755906,0.97223634,0.98092526,0.97125435,0.97297233,0.9785523,0.97120905,0.9770816,0.97306603,0.97621256,0.93630743,0.96336406,0.97392,0.97238976,0.97795385,0.9753687,0.97579104,0.9884775,0.9740756,0.97145087,0.9820356,0.9813694
ahiddenlifefilm,0.98653984,0.97817487,0.9922328,0.9825287,0.98803395,0.98271465,0.9891073,0.9884775,1.0,0.9796633,0.9884455,0.9814519,0.9910896,0.98837596,0.98603654,0.9839413,0.98554385,0.9873638,0.9892114,0.978757,0.9846576,0.98482835,0.9898617,0.9778989,0.98719364,0.88436335,0.98425657,0.9890927,0.9896458,0.9787054,0.9782779,0.9793067,0.97765577,0.9817496,0.9807249,0.9544271,0.9856302,0.9829941,0.9886811,0.9827515,0.9834887,0.9831339,0.97312784,0.9850593,0.99026597,0.9851945,0.99030286,0.990069,0.9821616,0.9843426,0.9888238,0.98916084,0.991073,0.98542285,0.98377544,0.9825687,0.9816409,0.9879007,0.9878488,0.99224925,0.98646593,0.98710686,0.9857426,0.9888309,0.9883793,0.98689604,0.97134244,0.98150444,0.9853446,0.9857636,0.9943274,0.6574723,0.97776854,0.9884449,0.980254,0.9824837,0.9583881,0.9853665,0.98440117,0.97799027,0.9851799,0.99035674,0.99117166,0.98444766,0.9879429,0.9901748,0.9866012,0.99035156,0.99229795,0.99043643,0.98417634,0.9943274,0.98553234,0.9834598,0.98371303,0.9866334,0.9885598,0.98892397,0.9819361,0.98735404,0.98384297,0.9830482,0.9768119,0.9917854,0.9829571,0.98920864,0.98764235,0.9867565,0.97746426,0.98681813,0.9909222,0.8908556,0.98604006,0.94098014,0.98094094,0.9890041,0.9899632,0.9874173,0.99191964,0.9872621,0.9906615,0.9903104,0.9888431,0.97606516,0.983704,0.9856946,0.9873619,0.9868975,0.98709804,0.965557,0.98331624,0.9880082,0.9909297,0.9812322,0.9857195,0.9799735,0.9848953,0.97759867,0.990756,0.9833697,1.0,0.98984814,0.98400277,0.9827309,0.9828327,0.9878567,0.9806425,0.9852441,0.9878303,0.98260456,0.988009,0.9845733,0.9804362,0.9537682,0.98294574,0.9846277,0.9838693,0.98865324,0.98601526,0.98925054,1.0,0.98208594,0.9825287,0.9908071,0.98992777
alitamovie,0.96287024,0.9568048,0.97747105,0.96470344,0.9800288,0.970444,0.97197485,0.9670792,0.9796633,0.99999994,0.964038,0.9622921,0.9756626,0.966943,0.9765468,0.9675539,0.9662064,0.97133213,0.9678187,0.96701354,0.97169256,0.965163,0.9737675,0.9549621,0.9555246,0.8647049,0.96673006,0.9711039,0.96862626,0.94738096,0.9673233,0.9621774,0.9630714,0.9734876,0.9676304,0.92990416,0.968967,0.95875853,0.97344106,0.9537484,0.96599144,0.98313934,0.9651671,0.97415304,0.97499627,0.9642718,0.9697775,0.96605587,0.9572843,0.9778817,0.9720942,0.9665059,0.9726519,0.95978886,0.96557975,0.97472364,0.971944,0.9705267,0.9649375,0.96874887,0.97220004,0.95812464,0.9660037,0.9659087,0.9685413,0.96649545,0.95227647,0.9520653,0.9591382,0.9655221,0.97054255,0.6225682,0.9653158,0.9746891,0.966137,0.9696814,0.9464034,0.9736305,0.9573328,0.957276,0.96683884,0.9702638,0.9687685,0.97215843,0.968754,0.97811866,0.96333486,0.96936697,0.9727222,0.9680346,0.96329445,0.97054255,0.96513164,0.9637092,0.9681036,0.97863823,0.956784,0.9700098,0.9632239,0.9755797,0.9653204,0.9592487,0.96101844,0.9686095,0.9765631,0.97264177,0.96361464,0.96811205,0.9612859,0.95870817,0.9707538,0.8981275,0.96469915,0.9086404,0.95968735,0.9649219,0.97169304,0.9709094,0.97594875,0.9674029,0.9668275,0.96452147,0.9761375,0.96589774,0.9599504,0.9656631,0.9653275,0.97562563,0.97628117,0.94813216,0.9778997,0.97431624,0.9758507,0.9696437,0.9664718,0.9530171,0.96241635,0.9531216,0.96581745,0.9691647,0.9796633,0.97065043,0.9633555,0.9594263,0.9628058,0.96813995,0.96986806,0.9734259,0.9647956,0.9580357,0.9706394,0.9674819,0.95833755,0.9330657,0.9644774,0.9598269,0.9678443,0.97070074,0.964967,0.9688035,0.9796633,0.970289,0.9549601,0.9820823,0.97445464
angelhasfallen,0.97239596,0.9751805,0.9788535,0.9719078,0.97413987,0.96478105,0.9835014,0.973809,0.9884455,0.964038,0.9999999,0.96366924,0.97812057,0.9806075,0.97396266,0.976544,0.96937466,0.96856403,0.98013186,0.9705193,0.9720268,0.9694861,0.9800102,0.9692948,0.9751202,0.8732824,0.9727776,0.9750796,0.9770713,0.9709995,0.9688608,0.9690151,0.9721793,0.9664568,0.96151805,0.93866503,0.98247933,0.9711107,0.9796879,0.97860384,0.9734969,0.9657291,0.9531681,0.9676153,0.98050267,0.97523963,0.9803142,0.9814379,0.97346175,0.968204,0.9686975,0.97824365,0.98466486,0.9757437,0.97083026,0.9696077,0.96596915,0.9820868,0.9786285,0.9805186,0.9792011,0.9757603,0.97269374,0.97970957,0.9810585,0.9824383,0.9651086,0.97357225,0.98603135,0.9742997,0.9883469,0.63963014,0.9654232,0.980976,0.96930796,0.9777818,0.9384114,0.97831684,0.9789138,0.9658564,0.98440737,0.98021156,0.98053455,0.969265,0.96765006,0.98172253,0.98467344,0.9854349,0.9847592,0.98124003,0.9780639,0.9883469,0.96483296,0.96873116,0.96653366,0.97970814,0.9860601,0.9804235,0.9779308,0.9722093,0.9743975,0.9765561,0.958379,0.9793811,0.9670766,0.9692948,0.9792419,0.97538835,0.9578458,0.97882545,0.9837179,0.8699238,0.97969145,0.9344398,0.971513,0.9840519,0.9752023,0.97111386,0.9827738,0.979765,0.98092765,0.9815109,0.9775679,0.9613436,0.9760385,0.97175336,0.9775841,0.96910745,0.97871566,0.95304483,0.96519667,0.9752854,0.9765431,0.9682327,0.9803154,0.9712102,0.9686605,0.96968883,0.9829952,0.9650763,0.9884455,0.97600305,0.9770442,0.9726321,0.97651356,0.9803766,0.97420824,0.9722613,0.97237355,0.96798164,0.98066497,0.9717525,0.9750715,0.95196414,0.98136896,0.97987837,0.9776165,0.9809541,0.9779919,0.97974575,0.9884455,0.97256887,0.978519,0.98029304,0.96996087
angrybirdsmovie,0.9708007,0.9549995,0.98027366,0.9695928,0.9694105,0.97236556,0.96645814,0.9696252,0.9814519,0.9622921,0.96366924,0.99999976,0.9805088,0.97588664,0.97027546,0.9629104,0.9605368,0.97239125,0.97281104,0.95656717,0.9613572,0.9744684,0.9766665,0.9595454,0.97253245,0.87538403,0.9713428,0.9740294,0.9773025,0.9694884,0.96412265,0.96625626,0.95788676,0.9777675,0.97359055,0.9314894,0.9697803,0.9696352,0.97437084,0.9653811,0.9565374,0.96592194,0.95295143,0.96417654,0.97160417,0.97390515,0.9780986,0.97090423,0.96410674,0.9649096,0.9808829,0.9700275,0.9760777,0.9731619,0.9688261,0.9707135,0.95437413,0.96863055,0.9668306,0.9738202,0.9661097,0.96709585,0.9656851,0.9703732,0.9683685,0.96672314,0.94771653,0.9677296,0.97076917,0.9599382,0.9751645,0.681905,0.9559182,0.9688787,0.9550981,0.95616806,0.9502191,0.9758579,0.96407723,0.95727503,0.96018356,0.9794174,0.97388,0.9646817,0.98361665,0.97301346,0.9626638,0.976288,0.9737138,0.9782199,0.96036404,0.9751645,0.96607924,0.96795577,0.9800682,0.97033966,0.9633047,0.97037107,0.9617498,0.9657293,0.96956885,0.95947856,0.96652395,0.9739462,0.9693283,0.98101217,0.9654364,0.9609765,0.96100634,0.96866393,0.96692145,0.8754857,0.96911985,0.91704273,0.95971584,0.9699809,0.9764014,0.968352,0.9731295,0.9644462,0.9764159,0.96706015,0.9680455,0.96545804,0.9713218,0.96976155,0.95988524,0.9777019,0.9725691,0.946636,0.9614781,0.9714008,0.9673892,0.9654739,0.9734214,0.9648331,0.969202,0.9554108,0.97529465,0.9653096,0.9814519,0.9785678,0.969601,0.9615582,0.96447664,0.9675329,0.96350366,0.9697584,0.966043,0.9744114,0.966031,0.95899063,0.95501465,0.94255656,0.962893,0.962959,0.9695347,0.9718897,0.96964383,0.97022474,0.9814519,0.9591939,0.9635061,0.9706279,0.9783271
annabellemovie,0.9777391,0.96754366,0.98432577,0.97947425,0.98001504,0.97663856,0.9788748,0.9783576,0.9910896,0.9756626,0.97812057,0.9805088,0.99999994,0.9840055,0.9823689,0.9724861,0.97824824,0.9814543,0.98246425,0.9740239,0.97706807,0.9828904,0.9883139,0.96868765,0.97601277,0.87521154,0.9765769,0.98298615,0.98600036,0.97226006,0.9725966,0.97657424,0.9738833,0.9775667,0.9724857,0.93847793,0.9757817,0.98483634,0.984645,0.97177714,0.9742669,0.9752529,0.9685791,0.97533906,0.9867428,0.9800702,0.98531663,0.98597157,0.967619,0.97629493,0.9812046,0.9778555,0.9844145,0.9739627,0.976839,0.9778172,0.97758144,0.97921675,0.98291016,0.98709166,0.97493625,0.9805242,0.98682714,0.9856642,0.9816383,0.9792769,0.96581817,0.96846825,0.975902,0.9740843,0.9849521,0.66956127,0.9672379,0.98179317,0.97048044,0.97000396,0.95546067,0.9773196,0.9729199,0.9685264,0.9811027,0.9854602,0.9854826,0.97570777,0.9851404,0.9845891,0.9762801,0.99052185,0.9854745,0.98569787,0.9731515,0.9849521,0.98021096,0.97539896,0.9726545,0.97962385,0.9803033,0.98149467,0.9645398,0.9826653,0.97294915,0.9795892,0.9684634,0.98077947,0.97953653,0.98091775,0.98368925,0.9831657,0.97518414,0.9727261,0.9839251,0.88205504,0.9778407,0.9301482,0.97472185,0.9772179,0.98128444,0.9775897,0.98695004,0.9798554,0.9848737,0.98201996,0.9782096,0.9711986,0.9798756,0.977869,0.97947025,0.97700506,0.9768393,0.96161723,0.97178507,0.9769174,0.9875279,0.9775029,0.9767943,0.9723712,0.97178006,0.9620391,0.9808884,0.97524023,0.9910896,0.98519623,0.97720724,0.9776219,0.9814752,0.97608393,0.97449565,0.97883856,0.98550385,0.9759148,0.98018104,0.9752346,0.96921813,0.9451721,0.9793923,0.9716821,0.9833509,0.97723264,0.9752598,0.9817128,0.9910896,0.9699293,0.9763038,0.9845949,0.9822059
annamovie,0.97773683,0.968504,0.9797214,0.9695174,0.9748168,0.97152245,0.97965646,0.97619003,0.98837596,0.966943,0.9806075,0.97588664,0.9840055,0.9999999,0.9797579,0.9745754,0.9709809,0.97423863,0.9800602,0.96622103,0.9695277,0.9778015,0.9868758,0.97267264,0.97524905,0.85714775,0.970557,0.9747886,0.9805009,0.9690102,0.97015446,0.9761382,0.9721152,0.97012556,0.970461,0.9296092,0.97274137,0.9738047,0.97817886,0.9824817,0.9711255,0.9681784,0.9563371,0.9724257,0.986605,0.9753888,0.98785716,0.98009896,0.97085065,0.97031283,0.978055,0.98065996,0.9829113,0.9712383,0.9639342,0.972005,0.9693244,0.977103,0.980508,0.9771838,0.9791318,0.9778963,0.97581357,0.9901235,0.9803735,0.9778777,0.9660796,0.9725798,0.97791374,0.9690255,0.9846844,0.63797617,0.96172696,0.9785281,0.9700627,0.97004354,0.9405623,0.97800434,0.97248816,0.9569796,0.9725978,0.97731644,0.9845258,0.97626966,0.9744816,0.978524,0.9745863,0.9836219,0.98291224,0.9851061,0.9789628,0.9846844,0.9727645,0.9795178,0.97224873,0.97924167,0.97679234,0.9776203,0.96704876,0.9816071,0.9676583,0.97127765,0.96851265,0.98395485,0.9873449,0.9776117,0.9812004,0.9758718,0.9658861,0.9730929,0.97577304,0.8568514,0.98338115,0.92031944,0.9744919,0.97953403,0.980335,0.97131014,0.98206013,0.9752749,0.98445094,0.98115796,0.9712771,0.9644288,0.9813817,0.97832316,0.97608864,0.97044104,0.97180367,0.94935805,0.9740631,0.97580004,0.979246,0.9722366,0.97839016,0.96983427,0.9680107,0.97130597,0.9790458,0.9687775,0.98837596,0.9809386,0.97591126,0.97044057,0.97877073,0.9803206,0.9654369,0.97407967,0.9768441,0.9766063,0.97885746,0.96676743,0.9637638,0.9557046,0.97892314,0.9708334,0.9835143,0.9808722,0.97901326,0.98272496,0.98837596,0.97083074,0.9772638,0.9816081,0.9772409
apollo11movie,0.9696936,0.95745695,0.9766362,0.9717073,0.97820187,0.9752234,0.9766871,0.97684985,0.98603654,0.9765468,0.97396266,0.97027546,0.9823689,0.9797579,1.0,0.9638897,0.9784095,0.97971797,0.97451425,0.988621,0.9789411,0.96670014,0.9845289,0.9699655,0.97374254,0.87365687,0.9786411,0.97490686,0.97548807,0.9682311,0.9666719,0.97382057,0.97081995,0.9658069,0.9708338,0.9388471,0.97575414,0.9703375,0.97953916,0.97515523,0.9688122,0.9735185,0.9655423,0.9776092,0.98296875,0.9784682,0.9812021,0.97611165,0.9623721,0.97755307,0.9749047,0.9767736,0.9783672,0.9638109,0.96762925,0.97096145,0.9680759,0.97046167,0.9798451,0.9747453,0.9725402,0.97302204,0.9758927,0.97923267,0.97162366,0.96988803,0.9656754,0.9669577,0.9724473,0.97447133,0.98055303,0.64486486,0.9631588,0.98037124,0.97023594,0.9770586,0.950208,0.97451484,0.9679318,0.97058135,0.97438586,0.97089833,0.9762866,0.9727534,0.9719031,0.98274416,0.9714678,0.9786233,0.98150814,0.9796334,0.97104543,0.98055303,0.9710619,0.97609544,0.96771824,0.9884072,0.9752125,0.97962874,0.9629465,0.9833827,0.97398907,0.97277796,0.9671773,0.97913235,0.9722702,0.9735875,0.9771769,0.9736765,0.9571852,0.97628534,0.98080736,0.8808897,0.9708139,0.92826676,0.97220635,0.97431684,0.9717925,0.9762918,0.9809748,0.97625303,0.9802782,0.9747015,0.9769221,0.96601295,0.9788358,0.97555083,0.96806145,0.9741636,0.9775128,0.95609903,0.9750195,0.98025084,0.98289716,0.9797953,0.9658455,0.96996313,0.9617894,0.9568737,0.9769007,0.9715843,0.98603654,0.97117156,0.97249043,0.9689452,0.96441114,0.978751,0.9694838,0.9805048,0.97989166,0.9634101,0.9790807,0.97142506,0.96676314,0.93798506,0.97393227,0.97390604,0.9827381,0.97454643,0.97131395,0.9762569,0.98603654,0.9667057,0.9655002,0.9825733,0.9767751
arcticdogsmovie,0.96748006,0.9747388,0.97948706,0.97977746,0.9699855,0.9571747,0.9773049,0.97099054,0.9839413,0.9675539,0.976544,0.9629104,0.9724861,0.9745754,0.9638897,0.9999999,0.9692267,0.9734439,0.9796889,0.96351266,0.9631556,0.9732277,0.97217095,0.963949,0.96690565,0.86736923,0.9636607,0.9746781,0.9771178,0.97409713,0.9715904,0.963404,0.9571744,0.964987,0.9614435,0.94519764,0.9756799,0.9588723,0.97400683,0.972474,0.96706873,0.9651782,0.94744986,0.96647656,0.96787935,0.97159344,0.97513425,0.9763305,0.96542794,0.96887016,0.9757168,0.965425,0.97471976,0.97282106,0.9743552,0.9629223,0.97105956,0.974355,0.9765019,0.9760403,0.96961635,0.9784262,0.96390396,0.97267383,0.9710137,0.9650366,0.96195036,0.9541279,0.9711049,0.97225666,0.9780295,0.6503966,0.964231,0.97069895,0.9682751,0.97334874,0.9305508,0.97128385,0.9739301,0.96362317,0.9730481,0.979303,0.97769964,0.97441024,0.9701591,0.97662413,0.97626644,0.9732774,0.971733,0.9700735,0.979244,0.9780295,0.9673698,0.97018564,0.97576886,0.9758896,0.97112346,0.9802352,0.97449535,0.9700469,0.97108597,0.96566236,0.9637273,0.9748964,0.9700584,0.97523975,0.9688579,0.9767928,0.9703158,0.97064334,0.97214174,0.8867303,0.9766219,0.9285876,0.9597466,0.97593087,0.9698487,0.97530425,0.9804686,0.9774863,0.97381926,0.97880316,0.97841424,0.95056313,0.9715067,0.96994287,0.9752892,0.97198987,0.96768886,0.94574314,0.9688672,0.9710617,0.9744445,0.9615061,0.9729407,0.97557247,0.96684325,0.96224254,0.9731253,0.9689923,0.9839413,0.97439194,0.97154117,0.9680321,0.9735184,0.973403,0.96801937,0.96006876,0.96684104,0.9674835,0.9764345,0.9728399,0.9674097,0.9311728,0.96802235,0.9678654,0.96388257,0.9739678,0.9771508,0.97382444,0.9839413,0.9702512,0.97069377,0.974736,0.97554743
arcticmovie,0.9687288,0.9518487,0.9760839,0.96911794,0.97357583,0.96834224,0.9717889,0.97980225,0.98554385,0.9662064,0.96937466,0.9605368,0.97824824,0.9709809,0.9784095,0.9692267,1.0,0.9757025,0.9766225,0.97052336,0.981862,0.9701103,0.98059684,0.9625509,0.9721881,0.8873743,0.97546184,0.9844919,0.97484195,0.9663742,0.9690411,0.96740913,0.9720972,0.9571837,0.9694271,0.9515056,0.97225785,0.9758946,0.96865034,0.9632069,0.97976017,0.9656201,0.959248,0.9748211,0.9762083,0.9763667,0.97865146,0.981295,0.95991796,0.96884507,0.9699746,0.97129387,0.9699292,0.96589535,0.9787425,0.96243095,0.96758145,0.97415364,0.97546196,0.98234755,0.9741581,0.9745904,0.9760006,0.9726599,0.9724347,0.97198963,0.9651279,0.95869476,0.97039413,0.9807512,0.9828634,0.6654326,0.9591515,0.978535,0.973328,0.9728176,0.94213235,0.96185976,0.9633282,0.9725813,0.97244275,0.97142404,0.97764105,0.9745112,0.9718722,0.97300404,0.96690375,0.9695108,0.97768843,0.9750004,0.96726507,0.9828634,0.96853244,0.9733282,0.962226,0.97145844,0.9705929,0.97378933,0.9611222,0.9839788,0.97132725,0.9723634,0.9710621,0.9815558,0.9584186,0.9718559,0.98126686,0.97538316,0.9640654,0.97948754,0.98475456,0.87831366,0.96549886,0.93396455,0.9786319,0.9745863,0.9727429,0.9769146,0.980448,0.9764201,0.97110236,0.98189354,0.97881585,0.95497316,0.9659578,0.97540176,0.9749548,0.9691957,0.9769756,0.9618532,0.9746524,0.9843877,0.98765916,0.9748353,0.96369433,0.96567893,0.9727342,0.9589125,0.9839747,0.9732278,0.98554385,0.97254294,0.97212136,0.9704556,0.9707186,0.9712126,0.96033394,0.97083724,0.9792293,0.9618174,0.9771197,0.9761045,0.9783905,0.9260901,0.97298557,0.9752828,0.9664811,0.97666955,0.9727827,0.9745603,0.98554385,0.9757492,0.9678678,0.9747949,0.97699445
artofracingmovie,0.9777231,0.957582,0.97935224,0.9791166,0.9820844,0.97156394,0.97900194,0.974659,0.9873638,0.97133213,0.96856403,0.97239125,0.9814543,0.97423863,0.97971797,0.9734439,0.9757025,1.0000001,0.9763746,0.9686284,0.97273374,0.9732099,0.97310823,0.9650615,0.97508216,0.866609,0.97724277,0.97888345,0.9790608,0.9745466,0.9641541,0.96286523,0.9592303,0.9689564,0.97058266,0.9406875,0.97634554,0.96816516,0.98635477,0.973112,0.9683816,0.97401583,0.9641528,0.9780778,0.9775741,0.9765664,0.9729399,0.976734,0.9718823,0.98011035,0.98115784,0.97760403,0.97677785,0.9716734,0.96825796,0.9836891,0.97969013,0.9730914,0.98008806,0.97886217,0.9659594,0.97515917,0.97932166,0.97793144,0.97743475,0.9678158,0.96036536,0.9695645,0.967383,0.9719577,0.9806327,0.64778405,0.9698641,0.97419024,0.9615908,0.9736977,0.9470492,0.976565,0.9726749,0.9686862,0.97409093,0.97594136,0.976596,0.9729024,0.9805891,0.98326856,0.97467095,0.9787076,0.9793112,0.97863966,0.97446746,0.9806327,0.9846931,0.9756317,0.97620285,0.9792888,0.9713514,0.976678,0.96436185,0.969572,0.9775917,0.9687472,0.9633358,0.97714466,0.97399473,0.98330134,0.9742117,0.9789497,0.97217095,0.9758933,0.97685266,0.8838528,0.97181624,0.92857695,0.9709941,0.97668576,0.9809342,0.97726417,0.9839655,0.9772114,0.9764659,0.98092484,0.97654086,0.97386414,0.9766348,0.97337323,0.9727627,0.97758824,0.9819056,0.9530788,0.97364134,0.9802778,0.9845744,0.96985304,0.96674806,0.9722023,0.9694019,0.97043335,0.97949153,0.98139757,0.9873638,0.9719876,0.97109973,0.97276735,0.97169733,0.97691053,0.97280854,0.9759869,0.97344863,0.9711196,0.981386,0.97753316,0.9667771,0.9396341,0.97034436,0.9654204,0.9723142,0.97608316,0.9706872,0.97809947,0.9873638,0.9702518,0.97271603,0.9796827,0.9823771
avengers,0.9829969,0.9670516,0.98153585,0.97646093,0.97696865,0.96856797,0.9735352,0.9770589,0.9892114,0.9678187,0.98013186,0.97281104,0.98246425,0.9800602,0.97451425,0.9796889,0.9766225,0.9763746,0.99999994,0.9733521,0.98263717,0.9848482,0.98502713,0.97251284,0.9771432,0.8625352,0.9762507,0.98144513,0.98240495,0.9743674,0.98509705,0.97680736,0.97150487,0.96930563,0.96922916,0.9443816,0.9753514,0.9683099,0.98161995,0.9732275,0.9712877,0.9678414,0.9605647,0.96981835,0.980124,0.9764314,0.98730683,0.9856177,0.97275853,0.9690174,0.976225,0.9774992,0.98054665,0.9773352,0.9696822,0.96832174,0.98075426,0.97894603,0.9795631,0.9827818,0.9757813,0.97301465,0.9675471,0.9831918,0.98055506,0.9757865,0.9590342,0.96754,0.98017657,0.97921026,0.9858286,0.65792966,0.9654329,0.97517055,0.97143507,0.96635795,0.9436388,0.9744531,0.97065717,0.97319865,0.97850037,0.97673917,0.9861734,0.97793955,0.9734399,0.98121786,0.97761315,0.9802683,0.98059785,0.97965145,0.97367173,0.9858286,0.97746503,0.98230433,0.9687436,0.97532696,0.97687835,0.9770035,0.9696914,0.9793347,0.9711039,0.97116715,0.96845376,0.98636067,0.974335,0.97739786,0.98030734,0.9783764,0.9711529,0.97307366,0.9781387,0.8692137,0.9816209,0.93893874,0.9799551,0.97718054,0.9820039,0.9760287,0.98989654,0.97714067,0.9788752,0.9847528,0.9764644,0.95901054,0.9745114,0.97328526,0.98336697,0.98058593,0.9780578,0.9629375,0.97877556,0.9752177,0.9826365,0.9692793,0.9739932,0.97760123,0.97199374,0.97228056,0.98379,0.9686918,0.9892114,0.9851642,0.9693873,0.9778178,0.97844946,0.9740532,0.9712328,0.9757699,0.9836833,0.97003824,0.9780842,0.97556806,0.9713416,0.94335616,0.97151077,0.9779052,0.9722476,0.9819695,0.9852482,0.9856921,0.9892114,0.9723948,0.97550136,0.9790992,0.98069483
beachbummovie,0.95453423,0.9516281,0.9714708,0.96580523,0.9728208,0.9652338,0.9683617,0.96539575,0.978757,0.96701354,0.9705193,0.95656717,0.9740239,0.96622103,0.988621,0.96351266,0.97052336,0.9686284,0.9733521,0.99999994,0.97505933,0.9627767,0.9698717,0.9662512,0.96600085,0.8649357,0.96879333,0.96868205,0.96501267,0.96787447,0.97130966,0.9603633,0.9614323,0.9556883,0.9632003,0.9432223,0.97163945,0.9625457,0.97356635,0.9627182,0.9601738,0.96010125,0.95874506,0.963655,0.97253597,0.97880155,0.96932536,0.972422,0.9569133,0.9660088,0.9627868,0.96167296,0.97226644,0.965102,0.96860814,0.95612276,0.96100533,0.9604196,0.9711402,0.9681034,0.95948076,0.9628745,0.9677641,0.9680518,0.960764,0.9631311,0.9542077,0.9512641,0.9681105,0.97336686,0.9733438,0.6370063,0.9569853,0.97160953,0.96290225,0.96858907,0.9306232,0.965996,0.9615428,0.96780473,0.97135943,0.9638212,0.96926945,0.96693176,0.96270704,0.9731461,0.9669263,0.9737876,0.9725036,0.9702418,0.96828127,0.9733438,0.9678696,0.9703012,0.96018595,0.9806131,0.9712286,0.9775987,0.96433204,0.96960264,0.96922654,0.96758974,0.9587022,0.9726527,0.95609605,0.9614627,0.9658458,0.9693026,0.95085293,0.9720897,0.9763103,0.8769138,0.96366227,0.934195,0.9697353,0.9657995,0.9591402,0.97091913,0.9741234,0.97331494,0.96873134,0.96517044,0.97802716,0.9565242,0.9700124,0.97082335,0.9659422,0.96490324,0.96596485,0.95327896,0.96508265,0.96785,0.9752521,0.9681421,0.9576881,0.97087926,0.9505145,0.9458596,0.9689879,0.96801263,0.978757,0.9631609,0.96821344,0.96459,0.95243764,0.964703,0.96035045,0.97454846,0.9752488,0.9474905,0.97423345,0.9701267,0.9676721,0.9234602,0.9661367,0.96827966,0.9697244,0.9674094,0.9637088,0.97205347,0.978757,0.95688707,0.9614011,0.9738443,0.96589124
bernadettefilm,0.9738075,0.95374614,0.9724697,0.9695247,0.9822935,0.9705639,0.97171956,0.97550046,0.9846576,0.97169256,0.9720268,0.9613572,0.97706807,0.9695277,0.9789411,0.9631556,0.981862,0.97273374,0.98263717,0.97505933,1.0,0.97077006,0.97709996,0.9606419,0.96996105,0.87563103,0.9795945,0.9752013,0.96925074,0.9625959,0.9689682,0.9640707,0.9694912,0.96296847,0.9643124,0.95265967,0.9715098,0.9676118,0.97584164,0.9568639,0.97505593,0.97228295,0.9684278,0.97613144,0.97718966,0.97146714,0.97798395,0.9732341,0.9705289,0.96965736,0.9657258,0.97374237,0.9748748,0.9693606,0.96699846,0.9656974,0.97433996,0.97410035,0.9709741,0.97637165,0.97325224,0.9656681,0.96826035,0.9708889,0.9729973,0.9700995,0.9452684,0.96070445,0.9742609,0.9829772,0.9797483,0.6398596,0.96526235,0.9782518,0.97233737,0.9613839,0.94629484,0.96689194,0.96516716,0.97165644,0.9747644,0.97315276,0.97482723,0.97233546,0.9676374,0.97661066,0.9747229,0.9767691,0.97733635,0.9747302,0.96543366,0.9797483,0.9715924,0.9702963,0.9627752,0.9746284,0.9729474,0.9697873,0.96153796,0.9785978,0.9734016,0.9666381,0.9606454,0.980405,0.96545464,0.96930516,0.9729633,0.97360295,0.9568064,0.9673643,0.9830772,0.8892308,0.9671748,0.9420823,0.9805262,0.97279704,0.9771241,0.9705836,0.9786866,0.9734825,0.97041565,0.97704697,0.97268593,0.96187526,0.95848095,0.9641276,0.98024887,0.97275877,0.9800357,0.96042013,0.98491615,0.97759306,0.98105776,0.96875656,0.96380776,0.96888155,0.9634891,0.9691448,0.9783385,0.9697448,0.9846576,0.96887714,0.971947,0.9784229,0.97148925,0.96519285,0.968259,0.97960675,0.9792588,0.9588077,0.97546,0.9721681,0.96614057,0.9271903,0.96938694,0.97436965,0.96596366,0.977599,0.97081596,0.97618043,0.9846576,0.9684864,0.96583545,0.9730753,0.9771952
