movie,21bridgesmovie,47metersdown,abeautifuldaymovie,abominablemovie,adastramovie,adogsjourneymovie,aftermathmovie,aftermovie,ahiddenlifefilm,alitamovie,angelhasfallen,angrybirdsmovie,annabellemovie,annamovie,apollo11movie,arcticdogsmovie,arcticmovie,artofracingmovie,avengers,beachbummovie,bernadettefilm,blackandbluemovie,blackchristmas,blindedbythelightmovie,bombshellmovie,booksmart,breakthroughmovie,brianbanksmovie,brightburnmovie,brittanyrunsmov,captainmarvelofficial,captivestatemovie,catsmovie,charliesangels,childsplaymovie,clarathefilm,coldpursuitmovie,countdown,currentwarmovie,darkwatersmovie,detectivepikachumovie,disneyaladdin,disneyfrozen,disneymaleficent,doctorsleepmovie,dolemiteismyname,dontletgomovie,doramovie,downtonabbey_official,dumbo,escaperoom,everybodyknowsmovie,fastandfuriousmovie,fightingwmyfam,fivefeetapartfilm,fordvferrari,freaksthefilm,geminimanmovie,glassmovie,gloriabellmovie,godzillamovie,goldfinchmovie,goodboysmovie,goodliarmovie,gretafilm,halathemovie,happydeathdaymovie,harrietfilm,hellboymovie,hersmellmovie,highlifemovie,highstrungmovie,honeyboymovie,hotelmumbaifilm,httydragon,hustlemovie,hustlersmovie,isntitromantic,itmovieofficial,jayandsilentbob,johnwickmovie,jojorabbitmovie,jokermovie,judythefilm,jumanjimovie,justmercyfilm,knivesout,lalloronamovie,lastblackmansf,lastchristmasthemovie,latenightmovie,lighthousemovie,lionking,littlethemovie,littlewomenmovie,littlewoodsfilm,longshotmovie,lordsofchaosmovie,lucyintheskyfilm,mamovie2019,marriagestory,meettheaddams,meninblack,midsommarmovie,midwaymovie,missbalamovie,missinglinkfilm,motherlessbklyn,onceinhollywood,onthebasisofsex,overcomermovie,peanutbutterfalcon,petsematarymovie,piercingmovie,playingwithfire,playmobilthemovie,pomsmovie,queenandslim,rambomovie,readyornotfilm,richardjewellfilm,rocketmanmovie,scarystoriesmovie,secretlifeofpets,serenityfilm,shaftmovie,shazammovie,spidermanmovie,spiesindisguise,starwars,stormboymovie,stubermovie,taosdfilm,teenspiritmov,terminator,theaeronautsmov,thebestofenemies,thedeaddontdie,thefarewell,thehighwaymen,thehummingbirdprojectfilm,theintrudermovie,theirishmanfilm,thekitchenmovie,thelegomovie,themustangfilm,thenightingalefilm,theprodigymovie,thesunisalsoastar,theupsidefilm,tolkienmovie,toystory,triplefrontier,uglydolls,uncutgems,underthesilverlake,usmovie,wavesmovie,whatmenwant,wonderparkmovie,wrinklestheclown,xmenmovies,yardiefilm,yesterdaymovie,zombieland
21bridgesmovie,1.0000006,0.94543725,0.96376514,0.95175534,0.95847005,0.94668007,0.9593744,0.95704985,0.9798988,0.96021324,0.95624685,0.95659584,0.95455587,0.9550469,0.963327,0.95336866,0.9602865,0.9584119,0.9762093,0.9574094,0.9607297,0.9547545,0.9556539,0.96334296,0.9621696,0.91718775,0.9506328,0.95280147,0.96001655,0.94388044,0.94887584,0.9606837,0.949171,0.9572653,0.94038576,0.93301266,0.9623484,0.96415424,0.9551596,0.94468844,0.9514441,0.9620688,0.9506743,0.9592125,0.9591812,0.96013653,0.95345974,0.957677,0.95767677,0.95950365,0.9603251,0.96436083,0.95550954,0.9425174,0.956512,0.9564393,0.94977546,0.9614,0.96070886,0.96145594,0.9527547,0.95986074,0.95490855,0.9478787,0.94512033,0.95679,0.9326199,0.9545793,0.9562696,0.95152855,0.96792,0.85414314,0.9478238,0.9557605,0.94706184,0.94776976,0.930904,0.9528113,0.9583563,0.9617287,0.9636382,0.9462181,0.96230257,0.95756346,0.9532163,0.9519045,0.9464682,0.9538754,0.94925874,0.9618207,0.9490782,0.96792,0.9626664,0.96647906,0.95684725,0.9550047,0.95629954,0.95850646,0.9491008,0.95343125,0.956461,0.9513893,0.9556012,0.9531702,0.94939786,0.95640033,0.9584717,0.9530566,0.9544295,0.9626257,0.9610113,0.88774014,0.9621182,0.9309393,0.9607673,0.9655961,0.9868264,0.95809513,0.9630628,0.95961344,0.9521336,0.9563107,0.9636727,0.9505295,0.9558334,0.95546055,0.95109,0.95541734,0.9637087,0.93035215,0.96290416,0.95855236,0.96043,0.954572,0.96466917,0.94383717,0.97265756,0.9550486,0.9671122,0.9501088,0.9798988,0.95640165,0.95705,0.95678484,0.95304143,0.9584185,0.95554423,0.94820696,0.9487565,0.9677027,0.95498216,0.9591172,0.954482,0.9530769,0.9562568,0.9597754,0.9495432,0.95475024,0.9507054,0.95565987,0.9798988,0.95514363,0.95872945,0.95784795,0.94997674
47metersdown,0.94543725,1.0000001,0.9453533,0.9348524,0.9485632,0.9481197,0.946317,0.9438882,0.96653914,0.937751,0.9468263,0.9469549,0.9376026,0.9398462,0.9379714,0.96297044,0.94032747,0.9404901,0.94739383,0.934141,0.95091164,0.9357608,0.94454026,0.9520841,0.9440724,0.9092745,0.9323039,0.93746626,0.9432625,0.9432823,0.93798256,0.9451264,0.9398575,0.9434429,0.9338802,0.90985405,0.95658505,0.938286,0.9505399,0.94466144,0.93653107,0.94320804,0.9430492,0.9437624,0.9473871,0.9478557,0.940856,0.9498743,0.9466513,0.9406868,0.9482294,0.9526761,0.9532295,0.93180704,0.93723655,0.94225025,0.9377399,0.9489748,0.9550259,0.9401338,0.94486046,0.9454169,0.94552076,0.9381966,0.95009214,0.9456881,0.9235831,0.94310796,0.9410066,0.9324957,0.9512188,0.83773243,0.9411394,0.9469034,0.94175315,0.93181896,0.9052241,0.93684286,0.9521204,0.9464529,0.9379798,0.93913454,0.9449805,0.9340774,0.93939173,0.94841117,0.935312,0.9496753,0.93841356,0.9495387,0.9269983,0.9512188,0.93186796,0.946308,0.9421041,0.9411531,0.9521889,0.9450807,0.9381166,0.94316304,0.9466289,0.9476855,0.9400191,0.9390664,0.95137846,0.9481443,0.94672203,0.9449035,0.9451585,0.94605786,0.9391091,0.87282085,0.9423992,0.9023423,0.93300927,0.9459509,0.94672555,0.9394485,0.9442676,0.93758005,0.9442801,0.9302874,0.9422647,0.94255126,0.94385666,0.9419764,0.9449564,0.94078654,0.9416298,0.92521805,0.9474499,0.93963706,0.9363889,0.9250226,0.94719726,0.9390612,0.9478682,0.9489565,0.9483193,0.9435996,0.96653914,0.94088966,0.9492362,0.93350935,0.9341549,0.9491105,0.93692654,0.93151736,0.94167465,0.9402881,0.9423102,0.93337476,0.9562575,0.9344083,0.9459307,0.94769865,0.94332415,0.94376075,0.93659794,0.939319,0.96653914,0.9374449,0.94675654,0.9505106,0.95007306
abeautifuldaymovie,0.96376514,0.9453533,1.0,0.95943826,0.9625223,0.95689845,0.96480536,0.9647669,0.9815302,0.9594033,0.9548752,0.9655533,0.96181923,0.96220535,0.96515286,0.955601,0.9609432,0.96346277,0.95699066,0.9549481,0.96313787,0.9659344,0.9694356,0.96250325,0.9604251,0.908476,0.9531967,0.95760554,0.9732509,0.95592225,0.9540776,0.96594995,0.9601655,0.9673164,0.94089407,0.93182576,0.96504426,0.9561698,0.9593591,0.9564813,0.9478851,0.95957965,0.9516388,0.957091,0.9645916,0.96048725,0.96660215,0.9647003,0.95835394,0.95913255,0.97332793,0.96750045,0.96221566,0.95153904,0.9603617,0.95408994,0.94975615,0.96449405,0.96341103,0.9665916,0.94821364,0.9689274,0.9610542,0.95944065,0.95409364,0.95844465,0.9443045,0.9560678,0.9509482,0.94598895,0.967923,0.85740733,0.95384383,0.96830195,0.95049983,0.9472678,0.91907054,0.9599296,0.96319616,0.9565184,0.9555285,0.9569118,0.9575231,0.957687,0.9712654,0.9546661,0.9483467,0.9649974,0.9580904,0.9608182,0.9546901,0.967923,0.95802057,0.9664243,0.96535414,0.96115386,0.9470026,0.9584784,0.9492849,0.9583771,0.9565753,0.9539053,0.96749866,0.9574994,0.955166,0.9709499,0.9639005,0.95699066,0.96678734,0.9649278,0.9656259,0.89527184,0.96412283,0.92938215,0.9598874,0.9570898,0.96461976,0.96126574,0.96376616,0.9652802,0.95733696,0.9602437,0.96328866,0.9594353,0.96620876,0.95923483,0.9565429,0.9633112,0.9578009,0.931166,0.95882654,0.95999515,0.9526987,0.9398855,0.96831834,0.9546532,0.9632154,0.96161383,0.965888,0.9564393,0.9815302,0.9716492,0.9576095,0.95162785,0.95574796,0.9643222,0.9608435,0.94797695,0.9560988,0.95988226,0.9624979,0.9732434,0.9578137,0.93827504,0.9590253,0.9662453,0.96622294,0.95562613,0.95554745,0.9643084,0.9815302,0.9521259,0.9636569,0.9661337,0.9669655
abominablemovie,0.95175534,0.9348524,0.95943826,1.0000002,0.9497536,0.94273704,0.95246315,0.9572307,0.9706437,0.9460124,0.9479701,0.9431293,0.954854,0.95136017,0.95343864,0.9453853,0.945711,0.95178974,0.9469901,0.9450178,0.9554725,0.94567674,0.95348084,0.948733,0.9545126,0.9105468,0.9391176,0.9452544,0.9521144,0.93386716,0.9364424,0.95654154,0.94596106,0.94044906,0.9477476,0.9444808,0.95685846,0.960799,0.9541304,0.94895834,0.9420994,0.94373184,0.9350059,0.9390806,0.9570604,0.9483673,0.9499751,0.9611307,0.9525526,0.94246656,0.95364213,0.96071726,0.9534224,0.9425276,0.9586124,0.9565712,0.9394116,0.9474834,0.96095574,0.94715077,0.9445029,0.95995474,0.9503486,0.9412493,0.9456588,0.9437081,0.9387223,0.9462051,0.940221,0.937247,0.95278525,0.8570169,0.9509841,0.95101416,0.96508557,0.93206203,0.92570406,0.9415461,0.9552294,0.94544077,0.9440494,0.9505257,0.9570617,0.9514846,0.9447571,0.94687176,0.9453683,0.9521222,0.9450585,0.953567,0.9369877,0.95278525,0.947991,0.95063144,0.9539977,0.95767635,0.9437443,0.9468164,0.9434357,0.9420638,0.94615316,0.9452316,0.9497486,0.94996655,0.9436155,0.95342183,0.94901437,0.94798505,0.94814473,0.956558,0.9549814,0.9040384,0.9512434,0.92395765,0.9407508,0.947198,0.9528147,0.96039087,0.9494071,0.9558587,0.94513446,0.93833125,0.9530855,0.94163287,0.94189805,0.9388179,0.94401985,0.94714147,0.94808996,0.9216991,0.9466806,0.9447736,0.9503459,0.93135345,0.9520003,0.93023175,0.9535577,0.9523869,0.9477012,0.9440103,0.9706437,0.9550562,0.944016,0.94739664,0.9455675,0.95434755,0.9481705,0.9457059,0.94636947,0.9459901,0.9567644,0.949235,0.9525407,0.9301559,0.94493353,0.9471832,0.9475839,0.9438078,0.94468147,0.9451984,0.9706437,0.9401263,0.95220447,0.95557994,0.9495172
adastramovie,0.95847005,0.9485632,0.9625223,0.9497536,0.99999976,0.9489512,0.9592447,0.9593418,0.9788637,0.96451586,0.95532703,0.9565397,0.9532436,0.95060384,0.96334773,0.95318115,0.9620346,0.9661508,0.94884014,0.95062476,0.96108794,0.94911575,0.95674115,0.96084327,0.9593136,0.90694773,0.9608296,0.95513684,0.9621383,0.9517647,0.94481486,0.9585687,0.94716364,0.9630042,0.94692373,0.9446877,0.9614641,0.9566195,0.9635054,0.96053004,0.9519276,0.9671091,0.95045763,0.96169955,0.9515297,0.9595458,0.95315474,0.9590378,0.96203893,0.96837,0.95883733,0.96613324,0.9521432,0.9519089,0.9528709,0.9736161,0.94982165,0.95849913,0.95853114,0.9597248,0.950196,0.96148807,0.95321846,0.9444292,0.95620483,0.9552805,0.93785584,0.9593816,0.95674336,0.95566356,0.96592546,0.8726134,0.954284,0.9608515,0.9437549,0.9496202,0.9300541,0.96384484,0.9672392,0.9557061,0.95120585,0.95168984,0.95708203,0.955281,0.95059586,0.95547414,0.95405746,0.9611257,0.94880366,0.9642003,0.94649684,0.96592546,0.9571468,0.96339786,0.9535595,0.95838594,0.9530789,0.9583921,0.9542235,0.94684345,0.9563256,0.95360976,0.9495814,0.9622035,0.95155996,0.95679516,0.96202177,0.95462996,0.95308393,0.95317435,0.9603057,0.8966505,0.9557983,0.94011736,0.95802224,0.9634972,0.9656923,0.9472322,0.97121894,0.95627606,0.9577349,0.95612645,0.96098197,0.95057017,0.96083486,0.9554165,0.95358455,0.94811076,0.96543765,0.9345303,0.95881987,0.96631014,0.9550627,0.94325423,0.962143,0.95039916,0.95937014,0.9526189,0.9628419,0.9517433,0.9788637,0.95721936,0.9516662,0.95231223,0.9529139,0.96309674,0.9583256,0.9519515,0.9548318,0.95969015,0.9593622,0.9619247,0.9566402,0.9461825,0.9588278,0.96323574,0.95642287,0.95671684,0.951016,0.9546949,0.9788637,0.9508457,0.96096295,0.95679224,0.9554461
adogsjourneymovie,0.94668007,0.9481197,0.95689845,0.94273704,0.9489512,0.9999997,0.95467925,0.94441146,0.97064936,0.9472983,0.94488573,0.95398957,0.94261336,0.9507486,0.95085365,0.9497045,0.94774514,0.9551566,0.94662774,0.9400101,0.9570639,0.93853104,0.96411645,0.9545705,0.948774,0.9159291,0.9451012,0.9526545,0.95522165,0.94998205,0.9442567,0.9557729,0.94750524,0.9558107,0.92951393,0.9157717,0.9587016,0.9352463,0.9507903,0.9517688,0.9438589,0.9466368,0.9442297,0.9506251,0.9470848,0.9514616,0.95830065,0.95180595,0.9571796,0.94922173,0.95458156,0.95853657,0.95530754,0.94264036,0.9499589,0.94896144,0.94575477,0.949277,0.95526844,0.9557653,0.9457192,0.9534894,0.9533415,0.9377619,0.9482451,0.94626147,0.92541075,0.94546574,0.944293,0.9364485,0.95850897,0.8518252,0.954673,0.95387787,0.9408537,0.9363844,0.9087275,0.9498037,0.9548692,0.9563756,0.935097,0.9428949,0.9465651,0.94515157,0.9452641,0.9495489,0.9367937,0.9506412,0.9410216,0.95043355,0.9361066,0.95850897,0.9482005,0.9505164,0.942624,0.9450553,0.9495566,0.94690675,0.9459928,0.9576796,0.9499892,0.9451172,0.95936954,0.94793785,0.95142674,0.95137876,0.9519534,0.9466451,0.94371784,0.9471021,0.954325,0.88204813,0.94793415,0.9177479,0.950986,0.94214433,0.94510484,0.9512607,0.945828,0.95054185,0.94301516,0.94103515,0.9497253,0.9701389,0.94849056,0.94725156,0.9572177,0.95257705,0.94626296,0.92422694,0.93916243,0.9496879,0.95012856,0.9418659,0.95310634,0.9480243,0.94518334,0.94881535,0.95628494,0.9510856,0.97064936,0.9467769,0.9486991,0.9351752,0.93030256,0.95123726,0.94135326,0.9368826,0.9452915,0.93918085,0.94918376,0.9456501,0.95324117,0.93698055,0.9466754,0.9512504,0.95923305,0.94833213,0.94525826,0.9505777,0.97064936,0.9465542,0.9461905,0.9672854,0.94805956
aftermathmovie,0.9593744,0.946317,0.96480536,0.95246315,0.9592447,0.95467925,0.99999934,0.95519155,0.98123753,0.9609526,0.95961237,0.95329875,0.95007133,0.9653924,0.96613306,0.9546122,0.96481293,0.9669739,0.95700574,0.9643788,0.960033,0.9532951,0.96029824,0.9609457,0.9557764,0.90921086,0.9539129,0.9611492,0.9626439,0.9486638,0.947703,0.95625126,0.95023435,0.9558413,0.9508613,0.93574303,0.96713054,0.95456856,0.9559892,0.95557994,0.9428751,0.9614815,0.94669825,0.9625866,0.9603834,0.9545777,0.958084,0.95942205,0.96042,0.96095574,0.96111065,0.96759063,0.9554097,0.9501622,0.9529206,0.96219736,0.9521243,0.9648649,0.96220374,0.961852,0.9568523,0.96107435,0.96442413,0.9569498,0.95653766,0.96057856,0.9495157,0.957117,0.95801604,0.95349556,0.9650615,0.84841895,0.9562442,0.9680607,0.9464083,0.952637,0.92287624,0.9537081,0.9612662,0.95749485,0.95201147,0.97436637,0.95314974,0.9576628,0.95008874,0.95968145,0.9577498,0.96340454,0.9535509,0.96243685,0.9525848,0.9650615,0.9554892,0.96040267,0.9534447,0.9583318,0.9579396,0.9639612,0.96794105,0.96545917,0.95227844,0.956262,0.9581804,0.9634001,0.9607101,0.957744,0.9675696,0.9542778,0.9496303,0.9502255,0.96357864,0.8992568,0.9610107,0.93294734,0.95917815,0.9586061,0.9631511,0.954446,0.9626419,0.9885701,0.9581379,0.9561602,0.95857066,0.95163983,0.9651636,0.9579129,0.9603103,0.95239407,0.9613075,0.92768925,0.956825,0.9588356,0.95714813,0.95116556,0.9671291,0.95021677,0.96181005,0.9537555,0.96033525,0.9521982,0.98123753,0.95675683,0.9495389,0.94960845,0.9598368,0.96088827,0.9581308,0.9572693,0.9595049,0.95887834,0.9803711,0.9587364,0.95362127,0.94231987,0.9608533,0.9571709,0.9583315,0.95968807,0.95724213,0.96415436,0.98123753,0.9508276,0.9645079,0.963736,0.95690066
aftermovie,0.95704985,0.9438882,0.9647669,0.9572307,0.9593418,0.94441146,0.95519155,1.0000001,0.9773282,0.949643,0.958789,0.9504995,0.95679384,0.9571783,0.96254927,0.95212024,0.95380807,0.95853597,0.95027184,0.9541967,0.95857,0.9533179,0.95693356,0.9558919,0.9584412,0.90137494,0.9404382,0.9538759,0.9558584,0.9505156,0.94578564,0.95289856,0.9497911,0.94918567,0.9419713,0.9297346,0.9663407,0.9558231,0.9563731,0.9515701,0.9442993,0.9601959,0.9440216,0.9553239,0.9544667,0.95822364,0.95367193,0.950298,0.9582064,0.9546593,0.9589796,0.9619531,0.9537234,0.94047415,0.9611779,0.9602266,0.9480676,0.95811963,0.9581081,0.95251924,0.9533167,0.9631514,0.95498234,0.9569299,0.94769794,0.95211965,0.94473654,0.9526587,0.9542363,0.94788545,0.9574952,0.85207933,0.951887,0.95389825,0.9502738,0.9450078,0.92021555,0.9524315,0.96175104,0.95204455,0.9548909,0.9494771,0.95638233,0.95074236,0.9557827,0.9505883,0.9515856,0.95863956,0.9484478,0.9508506,0.95399994,0.9574952,0.95843565,0.9637173,0.95662946,0.96023595,0.9548604,0.9548448,0.94306475,0.9577051,0.9571806,0.9506157,0.9546685,0.95363677,0.95398504,0.9553398,0.95775974,0.9568682,0.9534445,0.9493833,0.9562975,0.8931964,0.9609548,0.9194376,0.95098305,0.9573083,0.9595152,0.9527767,0.95650625,0.95717055,0.95774096,0.95098376,0.96210444,0.94875026,0.95802015,0.9537645,0.95124054,0.95349956,0.95845896,0.92577225,0.9521623,0.95520437,0.949814,0.94124097,0.9577306,0.95129937,0.954945,0.96334726,0.95734113,0.9542091,0.9773282,0.95496637,0.9509129,0.95407265,0.9538402,0.95679593,0.95383614,0.9420179,0.9574668,0.94927996,0.9522657,0.96082133,0.9523215,0.94303596,0.94864,0.9525564,0.95226645,0.9481387,0.96451247,0.9529365,0.9773282,0.94604737,0.9591128,0.96217495,0.95300424
ahiddenlifefilm,0.9798988,0.96653914,0.9815302,0.9706437,0.9788637,0.97064936,0.98123753,0.9773282,0.9999995,0.9702916,0.97660136,0.9734558,0.9737438,0.97496337,0.9796768,0.97242707,0.9776795,0.97846144,0.9747555,0.97099656,0.98025346,0.970621,0.9766433,0.9801577,0.97769374,0.9273434,0.9683324,0.9739802,0.97896177,0.9668418,0.96885246,0.97655106,0.9690652,0.97284144,0.96213526,0.951902,0.9834978,0.97351706,0.97681814,0.9740372,0.9649491,0.9789349,0.96776843,0.9748272,0.9753981,0.9776925,0.973604,0.97654986,0.97835386,0.9768638,0.9805503,0.984795,0.97838473,0.96619695,0.9717042,0.97535396,0.9695648,0.9805438,0.9828797,0.97970366,0.9713511,0.9818675,0.9744985,0.96985006,0.9720827,0.9754048,0.9583274,0.97495914,0.9706657,0.9654225,0.98521036,0.87113917,0.9734632,0.9796208,0.96544886,0.9632728,0.93822753,0.9696278,0.9794268,0.9770479,0.9729273,0.9710313,0.97655934,0.97352934,0.97238654,0.97327435,0.96602654,0.98033404,0.97014654,0.97993326,0.96894246,0.98521036,0.9758539,0.98090327,0.97444874,0.9760809,0.97459567,0.97786236,0.96955174,0.97294617,0.97510415,0.9708149,0.9738009,0.9781594,0.97272515,0.97759753,0.9783333,0.9764963,0.97118026,0.9727771,0.9793019,0.9080985,0.9784255,0.94811606,0.9760589,0.97608024,0.98091245,0.97387844,0.98064584,0.97969675,0.9744701,0.9715528,0.97835034,0.97132313,0.9790069,0.9757103,0.9730524,0.9740554,0.97899044,0.95206606,0.97487646,0.97448933,0.97379297,0.9628478,0.9818253,0.9672201,0.9775938,0.9749477,0.98137206,0.971006,0.9999995,0.97469217,0.97378093,0.97092664,0.9679923,0.9803169,0.97623795,0.96641654,0.97286755,0.9748148,0.9773459,0.9744216,0.9776632,0.96037465,0.9728028,0.97976136,0.97194576,0.9744742,0.9707535,0.9753047,0.9999995,0.9678611,0.97937423,0.98114604,0.9736082
alitamovie,0.96021324,0.937751,0.9594033,0.9460124,0.96451586,0.9472983,0.9609526,0.949643,0.9702916,1.0000001,0.9480163,0.94520867,0.94640577,0.9546943,0.9582267,0.94211817,0.9505324,0.961339,0.9433829,0.94687146,0.9549017,0.93734825,0.9498329,0.95320225,0.94979995,0.9115702,0.9551191,0.94438416,0.9571096,0.9372673,0.940388,0.9582595,0.94644004,0.9538024,0.9282545,0.9275469,0.95197284,0.9508788,0.95146394,0.9439632,0.9415848,0.9541696,0.94074804,0.95483583,0.94855297,0.9470863,0.94082075,0.9535161,0.9469137,0.9551161,0.9508413,0.95478755,0.9499726,0.9435589,0.9540058,0.9538158,0.9476304,0.9488876,0.94914764,0.95766914,0.9405171,0.946095,0.95563215,0.9399928,0.9524525,0.9473379,0.93540084,0.94528675,0.942142,0.944311,0.9613142,0.85516864,0.9426435,0.9572653,0.93012667,0.9403454,0.91239434,0.94896036,0.954934,0.9509142,0.9419746,0.9445036,0.94073915,0.94705933,0.94438344,0.94258183,0.9458436,0.9508479,0.9388604,0.9537159,0.93485695,0.9613142,0.9452964,0.94927824,0.9426617,0.9559483,0.9453979,0.952618,0.9373626,0.9448723,0.95187247,0.94341344,0.94934696,0.959587,0.9516812,0.94922036,0.9501836,0.945911,0.947725,0.9495074,0.95517224,0.87737906,0.9446903,0.92324156,0.9580552,0.94930536,0.9636212,0.9374726,0.9579069,0.96159667,0.94132465,0.9460807,0.956375,0.9515672,0.95139015,0.94599974,0.94492245,0.9435291,0.95435,0.9174013,0.95117885,0.95454735,0.94834787,0.9411276,0.95824486,0.9376849,0.957933,0.9408163,0.9601511,0.9419662,0.9702916,0.9481282,0.94389474,0.9444173,0.9422652,0.9490068,0.9458051,0.94156796,0.9461878,0.9483725,0.95470345,0.9555446,0.949442,0.94136816,0.94975704,0.9544713,0.94872147,0.9474393,0.94240105,0.95016575,0.9702916,0.94895655,0.9533746,0.9531219,0.94602144
angelhasfallen,0.95624685,0.9468263,0.9548752,0.9479701,0.95532703,0.94488573,0.95961237,0.958789,0.97660136,0.9480163,1.0000001,0.9467158,0.9530003,0.9563197,0.9614078,0.95057005,0.9592695,0.9572123,0.95144826,0.955078,0.96214646,0.94737077,0.95744556,0.94923234,0.9555053,0.899009,0.9455466,0.9597855,0.95596784,0.9441775,0.9435843,0.9579291,0.9516136,0.9548461,0.94165224,0.9269104,0.957689,0.9591342,0.94975734,0.9511261,0.9372709,0.9544827,0.94029045,0.95169276,0.95614946,0.9573788,0.9555738,0.9517794,0.9580691,0.951786,0.95996094,0.9582315,0.95648897,0.94225055,0.94978124,0.95134526,0.9448164,0.9535021,0.9634945,0.9606307,0.95217216,0.96221614,0.9524598,0.94271547,0.9438526,0.9623696,0.938372,0.95301825,0.96464765,0.9472306,0.96727425,0.8556155,0.9444233,0.9567962,0.9493539,0.9440979,0.9230742,0.9554988,0.96160233,0.9558869,0.9727359,0.9489834,0.9554737,0.9491297,0.94946307,0.9575706,0.9528004,0.95977116,0.9580536,0.95733595,0.9473975,0.96727425,0.9502394,0.95641696,0.95090204,0.9629134,0.9645974,0.95749855,0.9536334,0.95605665,0.9547435,0.9512733,0.9509663,0.9546941,0.9537091,0.95837647,0.950205,0.9568661,0.94678164,0.9512529,0.95632035,0.89092594,0.9616155,0.93530506,0.95259184,0.96676636,0.95417815,0.9531756,0.9583234,0.9534016,0.9558624,0.94491273,0.96026057,0.9472856,0.9540353,0.95471305,0.9535474,0.95436573,0.95647204,0.92510235,0.96069163,0.95019865,0.95616686,0.93474257,0.95526946,0.9418227,0.9548754,0.956246,0.9603155,0.9480183,0.97660136,0.95273507,0.9503898,0.9526712,0.9412532,0.9555368,0.958254,0.94525504,0.95735943,0.9478895,0.9526452,0.95219505,0.9515346,0.9426052,0.95182884,0.9567435,0.95191026,0.9560248,0.95361716,0.9531555,0.97660136,0.9424955,0.96301955,0.9593399,0.9518124
angrybirdsmovie,0.95659584,0.9469549,0.9655533,0.9431293,0.9565397,0.95398957,0.95329875,0.9504995,0.9734558,0.94520867,0.9467158,1.0,0.95406604,0.95294267,0.95328134,0.9493812,0.95494395,0.9520724,0.95017844,0.9477815,0.9537523,0.95505726,0.9504658,0.95831215,0.95820016,0.8958281,0.94805,0.95309025,0.95721656,0.9616279,0.9470456,0.9505456,0.94385713,0.9668073,0.93949604,0.92105836,0.9628182,0.9514124,0.9531397,0.94351774,0.9431721,0.95632356,0.95007086,0.9516767,0.9530669,0.94838643,0.94975877,0.9614591,0.9494827,0.9542595,0.968107,0.95662796,0.9566075,0.9483874,0.9484221,0.94459486,0.9385539,0.9614008,0.95232356,0.96273524,0.9450746,0.95794255,0.948962,0.95251,0.9419085,0.95105976,0.9383886,0.95150554,0.94700724,0.9318085,0.96569806,0.8576631,0.9429465,0.95596606,0.9343192,0.9350334,0.90708137,0.94931424,0.95335346,0.95987797,0.94056076,0.94262564,0.9565397,0.95147026,0.966949,0.9497812,0.94233215,0.9615331,0.9511196,0.9504304,0.9442746,0.96569806,0.94591826,0.9564349,0.9631042,0.9438244,0.9417587,0.95056295,0.94540215,0.94774604,0.9470494,0.95274395,0.95555353,0.9534256,0.9463893,0.96881133,0.95053226,0.9540274,0.948787,0.9518488,0.9582281,0.87982595,0.95550424,0.92034566,0.95432204,0.9532879,0.95973784,0.9429954,0.9598507,0.9501597,0.95462704,0.94760245,0.9526663,0.9516931,0.95830464,0.9489108,0.94896954,0.96164757,0.9529819,0.9328134,0.94789153,0.95719594,0.94980115,0.935413,0.95542544,0.94787693,0.9496852,0.94741714,0.96729946,0.9464516,0.9734558,0.9596138,0.9456015,0.94800556,0.94660264,0.95643914,0.960403,0.9405289,0.947176,0.9539929,0.9492016,0.9527972,0.9527069,0.93384385,0.9490573,0.9604158,0.94566953,0.9508139,0.94826096,0.9491725,0.9734558,0.9381654,0.9598822,0.95270985,0.9620945
annabellemovie,0.95455587,0.9376026,0.96181923,0.954854,0.9532436,0.94261336,0.95007133,0.95679384,0.9737438,0.94640577,0.9530003,0.95406604,0.9999999,0.959848,0.95780087,0.9488646,0.95684576,0.9559721,0.9422512,0.9507727,0.9553514,0.9480432,0.9526501,0.958234,0.9518023,0.9027383,0.94069976,0.94937414,0.95419025,0.9373664,0.9432746,0.96031153,0.9475004,0.95421666,0.9460269,0.9293427,0.96068114,0.96270984,0.95454353,0.9438289,0.9457674,0.95315224,0.9446821,0.9506446,0.9496253,0.9525003,0.95397466,0.95662576,0.9584385,0.95067704,0.95589125,0.95976347,0.95240134,0.94039315,0.9567509,0.9522481,0.9425042,0.9612253,0.9576978,0.9532008,0.9642896,0.95661783,0.9485948,0.9605149,0.95019907,0.9466203,0.9417704,0.9497577,0.9405253,0.93672365,0.9565266,0.8608649,0.94492507,0.9523527,0.94714755,0.9274592,0.92637527,0.94450504,0.9558639,0.95473844,0.9552925,0.9539147,0.96369946,0.9504831,0.96269864,0.9545655,0.94709265,0.97410744,0.94919145,0.95505005,0.94130725,0.9565266,0.94817084,0.9566967,0.95390934,0.9564158,0.946831,0.9493128,0.9485309,0.95402956,0.95066977,0.94103706,0.9522419,0.946866,0.9541276,0.95184994,0.95740914,0.96562093,0.9532163,0.9537388,0.95338213,0.90139145,0.9619934,0.9242767,0.9509399,0.94621515,0.95905375,0.9491464,0.9640991,0.9495441,0.9607699,0.95384014,0.9561799,0.94725883,0.9530761,0.94867116,0.9576592,0.9497115,0.9538291,0.9332008,0.9478928,0.95145,0.94290286,0.9377672,0.95903236,0.9416104,0.9539747,0.95363194,0.9536416,0.9448781,0.9737438,0.9551531,0.95078796,0.95642376,0.9518016,0.95290923,0.95168936,0.94604135,0.9612268,0.95538443,0.9519321,0.95393884,0.9600138,0.9379238,0.94617486,0.9530419,0.9431034,0.9408172,0.9486166,0.9574014,0.9737438,0.9516561,0.951778,0.9586614,0.95026696
annamovie,0.9550469,0.9398462,0.96220535,0.95136017,0.95060384,0.9507486,0.9653924,0.9571783,0.97496337,0.9546943,0.9563197,0.95294267,0.959848,0.99999964,0.9564704,0.9482553,0.9546353,0.95769525,0.9493092,0.9507104,0.9580277,0.94449586,0.95949584,0.9531614,0.9516825,0.8972942,0.94792396,0.95307916,0.9560673,0.94346094,0.9436575,0.95437807,0.95358837,0.9532037,0.94029653,0.9227871,0.9622214,0.95587134,0.952614,0.94832474,0.93726677,0.9500081,0.9420546,0.95085907,0.9559322,0.9526299,0.955672,0.9575041,0.9573132,0.949289,0.9559817,0.9592986,0.9550639,0.9397847,0.958056,0.95216197,0.9478184,0.9584465,0.95916104,0.9590798,0.9510928,0.9575601,0.9582332,0.968026,0.9476418,0.95357364,0.9369717,0.94887745,0.9475621,0.94198525,0.96417606,0.8568531,0.95270807,0.95905507,0.9401137,0.93936294,0.9207775,0.95609456,0.9567285,0.95074975,0.948218,0.9553963,0.9569349,0.95030147,0.9522434,0.95557547,0.94967806,0.9621317,0.9503137,0.95362484,0.94590825,0.96417606,0.9496916,0.9532482,0.9485639,0.96208346,0.9555301,0.9512325,0.9486429,0.96401346,0.9498492,0.9545262,0.9546512,0.95277596,0.9651949,0.952559,0.95446455,0.9521005,0.9515645,0.95260274,0.9568798,0.8853762,0.95930797,0.9206752,0.9573123,0.9576289,0.95915264,0.948802,0.960395,0.96396667,0.9565415,0.9489338,0.96245235,0.94789684,0.95024544,0.955397,0.9571148,0.94723934,0.95586705,0.9193229,0.9562682,0.94872016,0.9508351,0.9425427,0.9622078,0.9439902,0.94864506,0.9518297,0.9603026,0.9465945,0.97496337,0.9501915,0.94499344,0.9495817,0.95337653,0.9539287,0.95627636,0.9460394,0.9555596,0.9528438,0.9540904,0.9587417,0.95298886,0.93764544,0.95288026,0.95506805,0.9522691,0.95209277,0.94561785,0.95827454,0.97496337,0.94610655,0.9620016,0.9662718,0.9477795
apollo11movie,0.963327,0.9379714,0.96515286,0.95343864,0.96334773,0.95085365,0.96613306,0.96254927,0.9796768,0.9582267,0.9614078,0.95328134,0.95780087,0.9564704,1.0000001,0.948913,0.96271086,0.9618836,0.94882834,0.9677938,0.964497,0.9590001,0.95659214,0.95861155,0.95981723,0.90564525,0.95660734,0.95847404,0.9625663,0.95563567,0.94941854,0.95953476,0.9520477,0.9566861,0.9483416,0.936546,0.9627998,0.95704776,0.9543748,0.95756084,0.9538647,0.9606075,0.9500701,0.9609001,0.957255,0.95463586,0.952584,0.9593504,0.9614428,0.9609498,0.96123195,0.9661569,0.95266926,0.9443702,0.9547143,0.9597749,0.952779,0.96918947,0.9572473,0.96946543,0.9563943,0.96550786,0.9568719,0.94982547,0.9548209,0.9553295,0.9353707,0.95920455,0.9590551,0.94381744,0.97071916,0.8591344,0.9556005,0.96021426,0.9468117,0.9516033,0.9198158,0.95266193,0.96638894,0.9555377,0.9530935,0.9528556,0.9593611,0.9567388,0.9525465,0.9564799,0.9497659,0.9617252,0.95131445,0.95943457,0.95569927,0.97071916,0.95995426,0.96145034,0.95500773,0.9705689,0.9531538,0.95953935,0.9538856,0.9558728,0.95219475,0.9511714,0.96017927,0.9630744,0.95014,0.9590671,0.95638806,0.95154965,0.95171666,0.951001,0.9627602,0.8942818,0.9583658,0.93150777,0.9653851,0.96144277,0.9668276,0.95302844,0.9619537,0.9646737,0.9619272,0.96525675,0.9643041,0.95423245,0.96678984,0.96031135,0.95546395,0.9510077,0.9616367,0.92760026,0.9564609,0.9583886,0.9612496,0.9436577,0.96638805,0.9564938,0.9615791,0.95928496,0.96229386,0.9469395,0.9796768,0.9598961,0.9459278,0.9520984,0.95370317,0.96338725,0.95463467,0.95711535,0.9598218,0.95776623,0.9593055,0.9619343,0.94860214,0.9452539,0.95468825,0.9628274,0.9517269,0.9596665,0.9560508,0.961143,0.9796768,0.9492078,0.962848,0.9606191,0.95378566
arcticdogsmovie,0.95336866,0.96297044,0.955601,0.9453853,0.95318115,0.9497045,0.9546122,0.95212024,0.97242707,0.94211817,0.95057005,0.9493812,0.9488646,0.9482553,0.948913,1.0000007,0.9523459,0.9481119,0.94727194,0.94140285,0.9496933,0.9402991,0.9516587,0.96594864,0.9569418,0.9082533,0.94782233,0.9464986,0.9544296,0.9480278,0.94614387,0.95301163,0.94594526,0.9544394,0.9312901,0.92441785,0.9606357,0.9495623,0.9573012,0.9484379,0.9400896,0.9517067,0.94324356,0.95193255,0.9540954,0.9521472,0.9515594,0.9552586,0.9505903,0.9495321,0.9608805,0.96045554,0.95880085,0.94416344,0.95227826,0.9481585,0.9474172,0.9540299,0.96254575,0.9547307,0.949181,0.9586166,0.9486575,0.94401133,0.9474442,0.947215,0.93121237,0.9550594,0.9479216,0.9393366,0.9629824,0.82481724,0.9424993,0.9541408,0.9440322,0.93791753,0.90957737,0.9431098,0.95407295,0.9507027,0.94670624,0.9466633,0.9542437,0.93776304,0.94929075,0.95210946,0.937444,0.9537657,0.9518897,0.9553243,0.9429762,0.9629824,0.9490341,0.9553081,0.9523537,0.9473021,0.950289,0.95559126,0.9436537,0.95289457,0.9500596,0.9438326,0.94878983,0.948901,0.94577706,0.95903575,0.955364,0.962914,0.9537066,0.9499181,0.95010024,0.88816977,0.9537569,0.9230882,0.94542575,0.94639474,0.95334274,0.95017534,0.9540516,0.9512537,0.951572,0.94619507,0.9490107,0.94824886,0.95308405,0.9500537,0.95043296,0.95504713,0.9502773,0.9296503,0.9463765,0.94477904,0.9430582,0.9389164,0.9508242,0.94486654,0.9548504,0.9497053,0.9570903,0.94329864,0.97242707,0.9509406,0.95444393,0.9462192,0.94043756,0.95189613,0.9433423,0.93709695,0.9497157,0.9493954,0.9550184,0.94816566,0.9627012,0.93733054,0.95256865,0.9621844,0.9456202,0.95372605,0.94731766,0.9466425,0.97242707,0.9422693,0.95356804,0.95641035,0.9561559
arcticmovie,0.9602865,0.94032747,0.9609432,0.945711,0.9620346,0.94774514,0.96481293,0.95380807,0.9776795,0.9505324,0.9592695,0.95494395,0.95684576,0.9546353,0.96271086,0.9523459,1.0,0.9598751,0.9505302,0.951101,0.9571588,0.94997007,0.95881975,0.95855457,0.95414674,0.90517247,0.95648605,0.97179526,0.9570722,0.9496302,0.9502875,0.95384645,0.9528469,0.959383,0.94532007,0.936632,0.9608006,0.95396805,0.95259416,0.9497849,0.94239104,0.95509243,0.94201684,0.95099705,0.9558147,0.9533847,0.95826465,0.95204484,0.95541286,0.95397645,0.9563797,0.96417415,0.95495,0.9464591,0.94805974,0.95387614,0.9498936,0.96795857,0.966143,0.9626862,0.95594734,0.96106637,0.95350146,0.95307404,0.9579805,0.95225024,0.9376557,0.95451945,0.9574517,0.94832927,0.96527934,0.86163914,0.94864774,0.96530825,0.9405251,0.9430355,0.92926455,0.9512698,0.95671284,0.95735586,0.9586284,0.9540282,0.9554209,0.9527299,0.9534307,0.95681673,0.95460063,0.96185803,0.9476061,0.9569022,0.9506489,0.96527934,0.9562721,0.95998013,0.950975,0.9524956,0.9569831,0.9578309,0.9488952,0.95506984,0.95317245,0.94950914,0.9452123,0.9557548,0.95603395,0.95495707,0.9633761,0.9565303,0.95092213,0.95186734,0.9603167,0.8817377,0.97034913,0.93808097,0.9559465,0.96320766,0.96435684,0.94662905,0.96246296,0.961422,0.95716995,0.96184975,0.95953435,0.9524774,0.9626323,0.9634369,0.9474934,0.94996786,0.9584596,0.93055886,0.95256346,0.95550585,0.9736241,0.95149875,0.96494377,0.95054173,0.96443814,0.94969285,0.960423,0.9472032,0.9776795,0.9521,0.95007753,0.95164865,0.9504728,0.95691794,0.95555824,0.9461163,0.9550604,0.9567259,0.9618555,0.9553803,0.9540129,0.94477403,0.95101583,0.96300167,0.95589757,0.9544808,0.95997465,0.9632585,0.9776795,0.9523026,0.9592204,0.9602172,0.95321715
artofracingmovie,0.9584119,0.9404901,0.96346277,0.95178974,0.9661508,0.9551566,0.9669739,0.95853597,0.97846144,0.961339,0.9572123,0.9520724,0.9559721,0.95769525,0.9618836,0.9481119,0.9598751,1.0,0.9503125,0.95529,0.9594377,0.9498282,0.958923,0.95987546,0.9553619,0.91295344,0.9540205,0.95575106,0.9612286,0.9451578,0.9431939,0.9647614,0.94379723,0.9544613,0.94761544,0.93783283,0.9663333,0.9484891,0.9588782,0.9556541,0.94086343,0.95802766,0.9429488,0.9553361,0.9532346,0.9611389,0.95542526,0.95613563,0.96011186,0.9573646,0.9578681,0.9630453,0.9539547,0.9521937,0.9550733,0.9658105,0.951642,0.95623827,0.96187824,0.95987535,0.9518467,0.9601525,0.95932907,0.9449274,0.9538009,0.9525821,0.9386298,0.953408,0.94976497,0.94961184,0.96513766,0.85796463,0.9546119,0.95856607,0.9446312,0.94304806,0.91839516,0.95291156,0.9640367,0.9554323,0.9483788,0.9489925,0.9547935,0.95539826,0.95013565,0.9487759,0.9542634,0.9596994,0.9504853,0.9624529,0.94890136,0.96513766,0.95839876,0.9558473,0.9552541,0.95851326,0.9531676,0.95817286,0.9560006,0.9536936,0.9603328,0.95422596,0.9517428,0.96113074,0.95699626,0.9575786,0.9621821,0.9524016,0.9490631,0.9484641,0.9609948,0.89475304,0.956405,0.9318689,0.95720303,0.95588315,0.95790935,0.948128,0.9584537,0.962517,0.95453477,0.9544581,0.959429,0.9567575,0.95839465,0.95598036,0.95676297,0.9517233,0.9661642,0.9293344,0.950412,0.96254236,0.9555823,0.94919926,0.96260196,0.9481804,0.9573507,0.94628686,0.9629887,0.9675225,0.97846144,0.9519905,0.95285505,0.9495322,0.9458737,0.9549051,0.9566603,0.95376,0.95074373,0.9469268,0.95857096,0.9580134,0.95798653,0.9442419,0.9552005,0.95812845,0.95777005,0.9541988,0.9518775,0.9568094,0.97846144,0.95474064,0.95452595,0.96504456,0.95075166
avengers,0.9762093,0.94739383,0.95699066,0.9469901,0.94884014,0.94662774,0.95700574,0.95027184,0.9747555,0.9433829,0.95144826,0.95017844,0.9422512,0.9493092,0.94882834,0.94727194,0.9505302,0.9503125,0.9999998,0.94662136,0.9642357,0.9430884,0.9536751,0.9578688,0.9574728,0.9155268,0.94201785,0.94836175,0.95205355,0.944743,0.9661061,0.95055926,0.94184285,0.94363624,0.93103284,0.9223006,0.9603175,0.9521934,0.9549698,0.94873077,0.94281787,0.95425624,0.94105357,0.95076424,0.9527176,0.95711815,0.95245826,0.9514269,0.9576108,0.95296484,0.95505893,0.9598141,0.9541892,0.94624287,0.94877434,0.9499486,0.9423892,0.9523606,0.9611236,0.94818705,0.9440381,0.95579576,0.9509726,0.9455093,0.94290537,0.95395124,0.9346864,0.9514973,0.94604176,0.9497259,0.9581561,0.8572175,0.94437844,0.9530146,0.93977344,0.9450971,0.9241933,0.95213825,0.9512899,0.94965684,0.953242,0.9441113,0.9591713,0.95002127,0.94584304,0.94694555,0.9387488,0.9476116,0.9487025,0.9576772,0.94349444,0.9581561,0.9563941,0.95771676,0.95413053,0.94525737,0.9449541,0.9565352,0.9452175,0.94843805,0.95856094,0.947255,0.95357233,0.9536614,0.9391919,0.95466214,0.95121235,0.9502214,0.9526663,0.95499367,0.9561082,0.8843379,0.950011,0.9251072,0.9505131,0.95607024,0.9639439,0.9534519,0.9588638,0.95686674,0.9491414,0.9377432,0.9518389,0.9459041,0.9543438,0.9505684,0.94459826,0.96034294,0.961728,0.9378584,0.95789284,0.95267427,0.952563,0.938293,0.9517536,0.94205475,0.95340997,0.94884443,0.95920426,0.9480127,0.9747555,0.9502476,0.9564897,0.9500138,0.9411134,0.9590634,0.95698375,0.9365079,0.94240034,0.95664996,0.95052123,0.9543866,0.9550441,0.94620097,0.95202184,0.95112836,0.944742,0.9521206,0.94052124,0.9529212,0.9747555,0.93959147,0.95339996,0.9519285,0.94482833
beachbummovie,0.9574094,0.934141,0.9549481,0.9450178,0.95062476,0.9400101,0.9643788,0.9541967,0.97099656,0.94687146,0.955078,0.9477815,0.9507727,0.9507104,0.9677938,0.94140285,0.951101,0.95529,0.94662136,0.99999976,0.9520886,0.9526497,0.94637024,0.9576908,0.95019627,0.888779,0.9411184,0.9464536,0.9542759,0.9355149,0.93301797,0.94985783,0.9429593,0.9463793,0.94242054,0.9291651,0.9569007,0.95256424,0.945077,0.9458415,0.9309416,0.9544584,0.9292453,0.947492,0.94829684,0.9561028,0.9460412,0.9527078,0.95158905,0.9489277,0.9522886,0.9563101,0.94713545,0.93810356,0.9501463,0.9471621,0.9423805,0.9571993,0.9496951,0.9550694,0.93946797,0.9560221,0.94057417,0.93891746,0.9364526,0.94885963,0.93343747,0.9524206,0.9417106,0.9467263,0.95759034,0.8507747,0.94016063,0.9465098,0.9416374,0.93746996,0.9198264,0.9447491,0.9543169,0.95162225,0.94858986,0.9499858,0.9447094,0.94446594,0.9483582,0.94784456,0.9503701,0.9526127,0.94639593,0.9514128,0.9411714,0.95759034,0.94883144,0.9536193,0.9514693,0.9541559,0.94700474,0.95868504,0.95547426,0.9512155,0.9486764,0.9467378,0.9514034,0.9518163,0.9488123,0.9505451,0.9510938,0.9418883,0.94404197,0.9410266,0.95613015,0.89657086,0.9560888,0.9232814,0.95367825,0.958051,0.95697397,0.9470526,0.95215875,0.9644597,0.9429073,0.94666153,0.95223504,0.9396463,0.9484179,0.9454606,0.9467698,0.94101274,0.95201886,0.9152589,0.9473824,0.9478673,0.9490167,0.9284759,0.9537306,0.9348801,0.95251095,0.94826204,0.95540667,0.9563023,0.97099656,0.9454963,0.94430435,0.9451461,0.9457478,0.9479101,0.9472007,0.94653344,0.9437175,0.9481944,0.9496294,0.94389886,0.94875216,0.93950325,0.94250286,0.9451683,0.9368098,0.94272125,0.9444141,0.95210236,0.97099656,0.9342251,0.9606764,0.9539603,0.94192773
bernadettefilm,0.9607297,0.95091164,0.96313787,0.9554725,0.96108794,0.9570639,0.960033,0.95857,0.98025346,0.9549017,0.96214646,0.9537523,0.9553514,0.9580277,0.964497,0.9496933,0.9571588,0.9594377,0.9642357,0.9520886,1.0,0.9467669,0.9649503,0.9542869,0.96224684,0.91500944,0.9579776,0.966154,0.96181923,0.9510514,0.9543818,0.9614361,0.9609686,0.957204,0.93859833,0.93424374,0.96416634,0.95775527,0.9636391,0.96560967,0.9598445,0.95607084,0.94143534,0.9507139,0.9647166,0.9602612,0.95857,0.956229,0.96408445,0.95253986,0.95975,0.9668628,0.9588139,0.9452007,0.9581756,0.9542616,0.9565359,0.95871836,0.96224797,0.9590633,0.9570952,0.96166325,0.9629954,0.9550791,0.9530012,0.9630725,0.945495,0.95648146,0.9601026,0.9467028,0.96309626,0.85983,0.95274836,0.96540904,0.94796234,0.95327395,0.91878736,0.9603083,0.9652529,0.9557545,0.95537907,0.9576759,0.96152437,0.94935787,0.95302653,0.9544354,0.9530485,0.9550753,0.9536329,0.9670579,0.951767,0.96309626,0.95086646,0.9595767,0.95344096,0.96018183,0.953971,0.9555932,0.9471444,0.9489068,0.9607318,0.95710635,0.9625566,0.95931655,0.95375556,0.9570245,0.9568192,0.95894396,0.95205224,0.9561387,0.9655137,0.8803261,0.96277624,0.92271096,0.96239483,0.95995253,0.9624924,0.95913744,0.96280676,0.9585586,0.95911926,0.94766235,0.9651674,0.9549861,0.9612455,0.9584298,0.9575181,0.9608346,0.9627872,0.9255831,0.972921,0.96077514,0.9615018,0.94081384,0.96307814,0.9533262,0.9530756,0.957756,0.96191746,0.95831704,0.98025346,0.95730686,0.95747423,0.9543268,0.9484537,0.9656844,0.9587127,0.94571406,0.9577089,0.9548253,0.9585956,0.95587087,0.962125,0.9455138,0.955312,0.9614541,0.957683,0.9542815,0.95260566,0.95206505,0.98025346,0.9487518,0.96024346,0.96566147,0.9565764
