movie,21bridgesmovie,47metersdown,abeautifuldaymovie,abominablemovie,adastramovie,adogsjourneymovie,aftermathmovie,aftermovie,ahiddenlifefilm,alitamovie,angelhasfallen,angrybirdsmovie,annabellemovie,annamovie,apollo11movie,arcticdogsmovie,arcticmovie,artofracingmovie,avengers,beachbummovie,bernadettefilm,blackandbluemovie,blackchristmas,blindedbythelightmovie,bombshellmovie,booksmart,breakthroughmovie,brianbanksmovie,brightburnmovie,brittanyrunsmov,captainmarvelofficial,captivestatemovie,catsmovie,charliesangels,childsplaymovie,clarathefilm,coldpursuitmovie,countdown,currentwarmovie,darkwatersmovie,detectivepikachumovie,disneyaladdin,disneyfrozen,disneymaleficent,doctorsleepmovie,dolemiteismyname,dontletgomovie,doramovie,downtonabbey_official,dumbo,escaperoom,everybodyknowsmovie,fastandfuriousmovie,fightingwmyfam,fivefeetapartfilm,fordvferrari,freaksthefilm,geminimanmovie,glassmovie,gloriabellmovie,godzillamovie,goldfinchmovie,goodboysmovie,goodliarmovie,gretafilm,halathemovie,happydeathdaymovie,harrietfilm,hellboymovie,hersmellmovie,highlifemovie,highstrungmovie,honeyboymovie,hotelmumbaifilm,httydragon,hustlemovie,hustlersmovie,isntitromantic,itmovieofficial,jayandsilentbob,johnwickmovie,jojorabbitmovie,jokermovie,judythefilm,jumanjimovie,justmercyfilm,knivesout,lalloronamovie,lastblackmansf,lastchristmasthemovie,latenightmovie,lighthousemovie,lionking,littlethemovie,littlewomenmovie,littlewoodsfilm,longshotmovie,lordsofchaosmovie,lucyintheskyfilm,mamovie2019,marriagestory,meettheaddams,meninblack,midsommarmovie,midwaymovie,missbalamovie,missinglinkfilm,motherlessbklyn,onceinhollywood,onthebasisofsex,overcomermovie,peanutbutterfalcon,petsematarymovie,piercingmovie,playingwithfire,playmobilthemovie,pomsmovie,queenandslim,rambomovie,readyornotfilm,richardjewellfilm,rocketmanmovie,scarystoriesmovie,secretlifeofpets,serenityfilm,shaftmovie,shazammovie,spidermanmovie,spiesindisguise,starwars,stormboymovie,stubermovie,taosdfilm,teenspiritmov,terminator,theaeronautsmov,thebestofenemies,thedeaddontdie,thefarewell,thehighwaymen,thehummingbirdprojectfilm,theintrudermovie,theirishmanfilm,thekitchenmovie,thelegomovie,themustangfilm,thenightingalefilm,theprodigymovie,thesunisalsoastar,theupsidefilm,tolkienmovie,toystory,triplefrontier,uglydolls,uncutgems,underthesilverlake,usmovie,wavesmovie,whatmenwant,wonderparkmovie,wrinklestheclown,xmenmovies,yardiefilm,yesterdaymovie,zombieland
21bridgesmovie,0.99999964,0.9708095,0.98270446,0.9678439,0.97691625,0.97513235,0.9773526,0.9802982,0.9921113,0.9689373,0.9755879,0.978511,0.9841502,0.9817941,0.98261094,0.97917414,0.9779598,0.9807832,0.99111766,0.9770344,0.9767069,0.9761639,0.9810175,0.98295826,0.9735524,0.92264426,0.966697,0.9850401,0.9748017,0.97408074,0.98194087,0.9826355,0.9705216,0.96825767,0.960565,0.9456448,0.9809406,0.9854662,0.97638154,0.9675639,0.98663783,0.97519076,0.97488797,0.975985,0.9723465,0.982049,0.9755084,0.9852166,0.9799137,0.9762576,0.9794514,0.98065513,0.96911126,0.96710765,0.97203857,0.9779251,0.98085284,0.9810139,0.98531544,0.9760549,0.985344,0.97758335,0.9790781,0.9854254,0.9773298,0.977176,0.9754106,0.977755,0.97076654,0.9773345,0.9822168,0.7260749,0.96904016,0.98340344,0.97663814,0.9674169,0.94304955,0.98023456,0.98288965,0.9790338,0.9740369,0.96749735,0.98695254,0.9759247,0.9811051,0.9642433,0.9754629,0.98071295,0.9761345,0.97344166,0.9762839,0.9822168,0.9740791,0.9752981,0.9798512,0.9704951,0.98047,0.98157775,0.9767711,0.9706961,0.9799379,0.98223394,0.96867037,0.98188305,0.9764125,0.97686905,0.9811539,0.98286164,0.9727932,0.9794333,0.98511004,0.8919868,0.979097,0.9402174,0.97701883,0.9874794,0.9945277,0.9745816,0.9875078,0.97455823,0.9856221,0.9784245,0.97546005,0.97156596,0.979704,0.97847676,0.97275347,0.97484785,0.96781296,0.969309,0.9744229,0.97675055,0.97736204,0.9832104,0.97787344,0.96857285,0.98336816,0.966758,0.984007,0.98218,0.9921113,0.9782403,0.9716589,0.98158664,0.9709416,0.97830266,0.97431165,0.96721846,0.9767093,0.9844421,0.9720994,0.9800571,0.984408,0.9677824,0.9707783,0.9826258,0.9840049,0.970734,0.97684515,0.97472936,0.9921113,0.97641027,0.98448926,0.98333657,0.98418945
47metersdown,0.9708095,1.0,0.9745993,0.96625173,0.97168833,0.96943,0.97207123,0.96651816,0.98402536,0.9630347,0.97198105,0.9543667,0.97072595,0.9785686,0.9821457,0.98384345,0.9670633,0.96740746,0.96047723,0.9724787,0.95782435,0.97636485,0.9720915,0.9647612,0.95695394,0.89298373,0.9562954,0.97021866,0.9765258,0.9818984,0.9599848,0.96277225,0.96393305,0.9743352,0.9562283,0.9374093,0.9714782,0.97448707,0.9768605,0.9583242,0.9792668,0.9771845,0.96196806,0.97006935,0.96530944,0.96865165,0.96734095,0.9717518,0.97150517,0.96966374,0.97093374,0.9737109,0.97491604,0.97094786,0.9582709,0.9732841,0.9643942,0.98151,0.97071743,0.96720713,0.9789427,0.9660413,0.9711583,0.9771226,0.9655024,0.96127534,0.973172,0.9637359,0.965756,0.95604783,0.97379,0.7763163,0.9600401,0.9770502,0.982741,0.9617754,0.9374851,0.970619,0.97973424,0.9650935,0.9675188,0.9535829,0.97860146,0.9612614,0.9702417,0.9526027,0.9619205,0.9771132,0.95917237,0.9733622,0.96812725,0.97379,0.9734383,0.9754761,0.966209,0.98111993,0.97653097,0.9644319,0.96534973,0.9704956,0.96100104,0.97657204,0.97126275,0.97083133,0.9835913,0.9722249,0.9696462,0.9716612,0.9635083,0.95610654,0.9738028,0.88863355,0.9808409,0.9009632,0.9622585,0.97737956,0.9740549,0.96203613,0.98088706,0.9729033,0.9738439,0.9828311,0.968281,0.98090255,0.976815,0.96514153,0.97221845,0.96458143,0.9760212,0.9529506,0.9658908,0.97136796,0.96553457,0.9670131,0.97455484,0.98307216,0.9811371,0.95790833,0.9699419,0.964269,0.98402536,0.976581,0.9507388,0.9686469,0.9727909,0.9742498,0.96514386,0.9691125,0.9746013,0.9654956,0.97081393,0.97375315,0.96872324,0.9588337,0.9565364,0.97207767,0.96267384,0.9679534,0.96521187,0.97735643,0.98402536,0.97177416,0.96884984,0.9784893,0.97210246
abeautifuldaymovie,0.98270446,0.9745993,0.99999994,0.96852326,0.9778802,0.97601277,0.97842854,0.98264706,0.9908031,0.9765691,0.97031724,0.9699198,0.9769341,0.98733884,0.98208326,0.98671216,0.97778445,0.9726071,0.9727273,0.9780531,0.9707399,0.9836955,0.9817603,0.98121697,0.9667477,0.89655715,0.9764855,0.9763385,0.9883241,0.97854584,0.9798661,0.9779606,0.9704571,0.9722421,0.9600733,0.9429005,0.9824351,0.984583,0.9748454,0.9602486,0.978224,0.9797476,0.9723183,0.9765016,0.978629,0.98060524,0.97785294,0.97916216,0.97362375,0.9778008,0.9865437,0.97841805,0.9693263,0.9792847,0.9621522,0.9748295,0.97428095,0.97531337,0.9849002,0.9688506,0.97598296,0.9803297,0.9787839,0.9856183,0.9738221,0.9676265,0.97952724,0.9705248,0.97443306,0.9629735,0.9797833,0.73103905,0.96606416,0.9779015,0.9723861,0.9643011,0.9318009,0.9756356,0.97901666,0.974493,0.9633934,0.96588063,0.9822094,0.9707603,0.9832151,0.9693747,0.9697078,0.97632515,0.97629166,0.9760332,0.9789552,0.9797833,0.97277373,0.97121614,0.9834441,0.9688195,0.9749702,0.97421473,0.9689832,0.9628039,0.9773209,0.9771679,0.9893646,0.97959316,0.977343,0.98338944,0.98165214,0.98292035,0.97794044,0.97220224,0.9857409,0.880041,0.9773283,0.9247483,0.9669271,0.98065627,0.98495346,0.9620024,0.9858407,0.97794783,0.9790681,0.9732696,0.9738292,0.972035,0.983002,0.979042,0.97637296,0.9823435,0.9754789,0.96803045,0.97900754,0.97408754,0.97272193,0.97522753,0.9742268,0.9737606,0.97977406,0.965784,0.9799558,0.9793174,0.9908031,0.9832937,0.9685797,0.97692144,0.9747543,0.9721841,0.9708801,0.9701278,0.983144,0.9699129,0.97224146,0.98501354,0.9787247,0.96512026,0.9720335,0.9838503,0.9726403,0.97064,0.9704282,0.9689855,0.9908031,0.9705421,0.9808594,0.9756833,0.9828505
abominablemovie,0.9678439,0.96625173,0.96852326,1.0,0.9629005,0.948082,0.9737028,0.9573946,0.97590667,0.94883573,0.9744492,0.94632035,0.9694118,0.96455127,0.9709714,0.9625292,0.9692205,0.9515233,0.95910734,0.9620759,0.95581853,0.9678644,0.96580786,0.96246755,0.9510818,0.8745444,0.9595692,0.9711174,0.9634392,0.97136545,0.9571886,0.9640336,0.9562566,0.95195353,0.94761914,0.92003834,0.96724117,0.9721991,0.95824194,0.95508295,0.9654569,0.9629918,0.95611954,0.96030176,0.95514274,0.9566279,0.96727455,0.9663289,0.9651769,0.9640859,0.9688594,0.9686014,0.9510815,0.9671762,0.9549883,0.9521758,0.96248436,0.96181315,0.9692662,0.96108806,0.9698779,0.97559744,0.97217387,0.9595565,0.95550025,0.9445779,0.96867156,0.9587223,0.95816165,0.95034206,0.9659347,0.72767663,0.9536057,0.96291023,0.968474,0.95777607,0.9090749,0.97006637,0.9742835,0.9653814,0.95639384,0.9679203,0.959425,0.947348,0.96461195,0.9569818,0.9721753,0.96598375,0.9581987,0.9693046,0.96870434,0.9659347,0.9502424,0.96332043,0.96816784,0.9694505,0.9703037,0.96120906,0.97147864,0.9554541,0.96179247,0.9694287,0.95456547,0.96859527,0.96437424,0.96944046,0.96931094,0.95552385,0.9534497,0.9603944,0.96664375,0.8619453,0.9586747,0.9061817,0.94772905,0.97229916,0.96996677,0.95039123,0.9696791,0.9593011,0.9555718,0.96529615,0.9701546,0.9537047,0.9649251,0.96707267,0.95506763,0.95715624,0.9519495,0.9391308,0.95991886,0.95927984,0.9682822,0.9560439,0.9565143,0.9696385,0.96952367,0.9525608,0.9612315,0.9524872,0.97590667,0.97041357,0.9330973,0.95738304,0.95286345,0.96014684,0.96604323,0.9551249,0.96543497,0.95765823,0.95975584,0.9703654,0.95931196,0.94611394,0.9563773,0.96299624,0.9570106,0.96599877,0.94746363,0.9582576,0.97590667,0.94539773,0.9611561,0.96627456,0.96700734
adastramovie,0.97691625,0.97168833,0.9778802,0.9629005,1.0000001,0.9703623,0.97596717,0.9778705,0.98667794,0.98187524,0.9684783,0.96673286,0.97323436,0.97648865,0.9739328,0.97740287,0.9723004,0.98676616,0.97039104,0.97512996,0.95913714,0.97433794,0.9740367,0.9716957,0.9761074,0.9022798,0.97558326,0.9804986,0.9787448,0.96957016,0.96566355,0.9697745,0.9653155,0.9680439,0.95335543,0.92805195,0.9762914,0.98071796,0.97580034,0.95490354,0.9829262,0.9721306,0.9693268,0.9750631,0.9708587,0.97673386,0.96868235,0.974668,0.9765242,0.9772635,0.9787523,0.97393227,0.9630911,0.9779031,0.9645004,0.9861404,0.9785478,0.9738976,0.97233343,0.96322316,0.975863,0.9727414,0.9777066,0.97303617,0.9682793,0.96258533,0.9714947,0.9633808,0.9697584,0.966805,0.973317,0.70348185,0.9660723,0.9796332,0.9683196,0.9726112,0.91777736,0.96975183,0.9734856,0.96870095,0.9711102,0.9675144,0.9745597,0.9614082,0.9726307,0.96042836,0.96138126,0.976698,0.9697421,0.978219,0.96784616,0.973317,0.9780227,0.9748824,0.9729952,0.97094417,0.96830046,0.9724043,0.9657016,0.960617,0.9717336,0.9811,0.97236854,0.97056323,0.9721263,0.9765812,0.97384506,0.97664654,0.96062446,0.9719717,0.98173463,0.88457614,0.9707017,0.9177087,0.9652357,0.9745622,0.9769078,0.96734416,0.9779407,0.97333324,0.9763874,0.9808567,0.97929364,0.96371704,0.9725596,0.968095,0.97153044,0.9740774,0.9746779,0.96282697,0.96295863,0.9772619,0.9698514,0.9764194,0.97437555,0.96537614,0.9763632,0.95669115,0.97251683,0.9749489,0.98667794,0.9765345,0.9668692,0.97303987,0.9689541,0.9707146,0.97001946,0.9621755,0.97699004,0.9690613,0.968527,0.9804358,0.97615373,0.94674253,0.9646995,0.97102475,0.9737306,0.97246575,0.97006,0.9718827,0.98667794,0.97006667,0.98048353,0.9757371,0.9790387
adogsjourneymovie,0.97513235,0.96943,0.97601277,0.948082,0.9703623,0.99999994,0.9744184,0.9764201,0.9848867,0.9592464,0.9634792,0.97980446,0.96770674,0.97066504,0.9663961,0.9797142,0.9513613,0.96513104,0.9669018,0.9657904,0.9562437,0.9753166,0.98143774,0.96786255,0.96944207,0.9043959,0.9661703,0.96961415,0.97815853,0.9748743,0.97022814,0.9700819,0.9665377,0.9683708,0.95785487,0.9315687,0.968142,0.9770768,0.9797831,0.9655312,0.97216076,0.9766612,0.9689176,0.97762597,0.96837306,0.97694755,0.9761553,0.97151345,0.9782583,0.97580796,0.98109245,0.97610444,0.9679585,0.9591788,0.9578215,0.9688989,0.9584508,0.9762212,0.96723175,0.97220117,0.9743142,0.96142894,0.96930844,0.977002,0.9725337,0.969606,0.97242004,0.97115713,0.96236587,0.9580165,0.97474295,0.7377665,0.9638385,0.9781799,0.9651326,0.9599062,0.915608,0.9622352,0.96110237,0.97155374,0.9625226,0.9540168,0.9780281,0.9613604,0.9702026,0.9613534,0.9657532,0.9759561,0.96556497,0.9667163,0.97333515,0.97474295,0.9745673,0.9770705,0.9733751,0.96396834,0.9715105,0.96752936,0.9644812,0.9699793,0.96670175,0.9789437,0.97319394,0.975368,0.97018975,0.9740811,0.97699344,0.97544456,0.97182924,0.9756939,0.97876626,0.8479831,0.97383916,0.91021603,0.9663443,0.97508675,0.9765836,0.9690807,0.982233,0.97317886,0.96989685,0.9668805,0.9710515,0.9839147,0.9737251,0.9716831,0.9826616,0.97510105,0.9628141,0.9677666,0.9656785,0.96092325,0.9500987,0.96827203,0.97258836,0.9683126,0.9716812,0.9682569,0.97655195,0.97264194,0.9848867,0.97697604,0.9702688,0.973807,0.9592452,0.9743251,0.96534187,0.9681928,0.9738974,0.970288,0.97883457,0.9669528,0.9739994,0.9502985,0.96141404,0.9710319,0.9715748,0.9645238,0.97859657,0.9666222,0.9848867,0.9683695,0.97879606,0.985714,0.9800719
aftermathmovie,0.9773526,0.97207123,0.97842854,0.9737028,0.97596717,0.9744184,0.9999999,0.97988397,0.9885301,0.96673626,0.9818208,0.9615191,0.9770865,0.98174757,0.9677837,0.9735165,0.969616,0.968218,0.9704647,0.96473265,0.96559983,0.980618,0.98400056,0.9744833,0.9634038,0.89512986,0.9716671,0.98327434,0.9849144,0.9805471,0.9692206,0.9808751,0.9550292,0.9709099,0.95862865,0.9345612,0.98130554,0.98383,0.97914803,0.96625215,0.976895,0.9747642,0.95997083,0.97160894,0.9701591,0.9744591,0.9821931,0.9818362,0.9789704,0.9754034,0.9875375,0.98244244,0.96972924,0.968473,0.96228427,0.9681194,0.9701418,0.9746448,0.97207403,0.97581285,0.97463435,0.9731951,0.9796696,0.97019863,0.97687423,0.9724039,0.9747993,0.97272193,0.9733181,0.9601406,0.9840824,0.71351993,0.97018653,0.9815195,0.9724789,0.96384853,0.92140466,0.974865,0.975418,0.984003,0.97269285,0.9789598,0.9798647,0.96677494,0.97947186,0.9769653,0.9763183,0.9767271,0.98248,0.98050976,0.9803569,0.9840824,0.97118104,0.98153555,0.98275095,0.9662581,0.97662044,0.9738983,0.9908447,0.9728586,0.9700688,0.982668,0.96969014,0.9826327,0.97609234,0.9855143,0.9765803,0.9712305,0.9711937,0.97456324,0.9794775,0.8677732,0.9705309,0.92895603,0.96520346,0.979682,0.9792293,0.975695,0.9844366,0.9907302,0.9706344,0.96851724,0.9775032,0.96413606,0.9735177,0.98120683,0.9727111,0.9811332,0.97097707,0.95470124,0.9673726,0.97663057,0.9682445,0.9631804,0.9718064,0.97717196,0.9795211,0.973907,0.97628486,0.96653676,0.9885301,0.9855904,0.9549012,0.96832705,0.96148497,0.9755167,0.9743637,0.9717873,0.9726519,0.9725987,0.98947835,0.97635895,0.97378856,0.95085436,0.96936363,0.97777545,0.9727203,0.97686076,0.97359186,0.96946096,0.9885301,0.96846217,0.9725383,0.9859638,0.9833408
aftermovie,0.9802982,0.96651816,0.98264706,0.9573946,0.9778705,0.9764201,0.97988397,0.9999999,0.98874223,0.9783332,0.9738232,0.96745133,0.9758101,0.9792519,0.96946794,0.97445524,0.97115177,0.97691375,0.97203135,0.97140753,0.9792373,0.9714597,0.98391694,0.9803783,0.96507627,0.91916686,0.97770745,0.9820423,0.98055345,0.97195154,0.9686482,0.981858,0.9654631,0.9667692,0.96711636,0.9505195,0.976424,0.9808709,0.9797056,0.96039504,0.9804721,0.97440207,0.9698249,0.9771097,0.98101497,0.9796518,0.980652,0.9826039,0.9773414,0.97813815,0.98437405,0.98067635,0.9616739,0.96605915,0.9695758,0.9722499,0.9800335,0.9763088,0.9765211,0.97546905,0.97288585,0.9693247,0.98077166,0.9783759,0.97966564,0.97391516,0.97631794,0.9768898,0.9729171,0.9677075,0.97976416,0.70068073,0.9711848,0.98000443,0.966896,0.9642535,0.9252081,0.97922426,0.9731709,0.9764664,0.97151434,0.9666248,0.9786836,0.9718277,0.977414,0.97199655,0.96754146,0.98439,0.976348,0.9815931,0.9788388,0.97976416,0.9746094,0.97982496,0.97632986,0.9642332,0.9750875,0.97940725,0.967009,0.96384573,0.9743002,0.9767328,0.9726091,0.97446465,0.9749014,0.977463,0.9804645,0.9730829,0.96591973,0.97386515,0.9887269,0.8761909,0.9773547,0.94085175,0.9766764,0.9779953,0.9805733,0.97619396,0.9842823,0.9796221,0.9813411,0.97128356,0.9781661,0.96449023,0.9750155,0.9824233,0.98249,0.97783816,0.9749854,0.95533884,0.9751466,0.98259866,0.97226685,0.97225976,0.98059064,0.97031313,0.98128134,0.9735396,0.9801864,0.9781648,0.98874223,0.978007,0.97225386,0.97309774,0.9664651,0.9775606,0.97440654,0.9758474,0.9740139,0.97583395,0.9800075,0.97576904,0.98033386,0.9519448,0.97128695,0.9776409,0.98320633,0.97549903,0.98338646,0.96999,0.98874223,0.97592705,0.9834699,0.98182464,0.9801107
ahiddenlifefilm,0.9921113,0.98402536,0.9908031,0.97590667,0.98667794,0.9848867,0.9885301,0.98874223,1.0000001,0.979188,0.9843399,0.97680116,0.9870753,0.98966676,0.98649645,0.9877059,0.9831178,0.9837885,0.9848949,0.9819999,0.9801317,0.9855218,0.99074167,0.9860664,0.978587,0.9151307,0.98096603,0.9900325,0.98767173,0.98464835,0.9843806,0.9878744,0.9780661,0.98116845,0.97244006,0.9538666,0.98801893,0.9927786,0.9868327,0.9753428,0.9901358,0.988541,0.98275274,0.98737955,0.9831879,0.99014413,0.98718697,0.98730487,0.98839146,0.98906183,0.990446,0.99152654,0.9784159,0.98039305,0.9775024,0.98549616,0.9847898,0.9890991,0.9870271,0.98141474,0.98653585,0.98498684,0.98939145,0.9884713,0.9861155,0.97916406,0.9861644,0.9861808,0.98022467,0.9774993,0.9875934,0.74301744,0.9809338,0.99150985,0.98472023,0.97520596,0.9393609,0.9857262,0.98634005,0.98394483,0.9800231,0.9729263,0.9888773,0.978971,0.98771703,0.9740341,0.9773036,0.9899286,0.98048395,0.98501515,0.98622805,0.9875934,0.986131,0.9865216,0.9868153,0.9813557,0.98567086,0.9844221,0.98060364,0.97825,0.9852884,0.99017835,0.9823559,0.9872562,0.9884253,0.9876378,0.9862564,0.984946,0.97991973,0.98603207,0.99310565,0.89145225,0.98832375,0.93749857,0.9814995,0.98935205,0.9928159,0.9800841,0.9935514,0.9860961,0.9874538,0.98672134,0.9856915,0.9822351,0.9895701,0.98804665,0.9846008,0.98423266,0.98137236,0.9738289,0.98146814,0.9835159,0.98086905,0.9845649,0.9873584,0.9835234,0.98731595,0.9792602,0.988312,0.9860479,1.0000001,0.98725075,0.976985,0.98348176,0.98024446,0.987414,0.98541695,0.9803194,0.9848781,0.98472685,0.9840455,0.98760074,0.9876407,0.96717036,0.97793245,0.985481,0.98455614,0.97988904,0.9830178,0.9817017,1.0000001,0.9813492,0.988189,0.9919232,0.99011225
alitamovie,0.9689373,0.9630347,0.9765691,0.94883573,0.98187524,0.9592464,0.96673626,0.9783332,0.979188,0.99999994,0.9588804,0.9560388,0.96474147,0.9759148,0.9717299,0.9725804,0.96902275,0.9754648,0.9623318,0.9698481,0.95486885,0.96339375,0.9631394,0.9738056,0.96806735,0.90950704,0.9624831,0.96857667,0.97372884,0.9627692,0.9628717,0.967567,0.9584718,0.9616678,0.9460965,0.9284895,0.96819115,0.97733533,0.9696654,0.9485728,0.9746347,0.96502936,0.960348,0.96665585,0.96840197,0.9681513,0.9571106,0.96466804,0.9684711,0.96642566,0.9710302,0.9703455,0.94946146,0.97013456,0.9542464,0.9816589,0.97813916,0.9667622,0.96345043,0.94948393,0.9623586,0.96222246,0.9692686,0.97198844,0.96998495,0.9627867,0.96295923,0.9620346,0.96298766,0.95918447,0.9608144,0.728497,0.95492995,0.9702052,0.95876276,0.9665509,0.93116826,0.96643436,0.9672456,0.95497257,0.9555998,0.96338344,0.96642846,0.9606191,0.9663803,0.9621585,0.9515966,0.96458507,0.9617484,0.9745373,0.9609118,0.9608144,0.96136427,0.97028947,0.96578413,0.9613805,0.9588952,0.9782638,0.9506987,0.94024545,0.96377575,0.96705365,0.9704256,0.95778495,0.9740924,0.968535,0.96734595,0.9704505,0.95977104,0.96684104,0.9750108,0.88192177,0.96457726,0.90802693,0.95729494,0.9640806,0.9707858,0.96199375,0.9705171,0.9684927,0.96919227,0.9685978,0.96530783,0.9516713,0.9709414,0.9670191,0.96651214,0.9654338,0.9795802,0.9538193,0.96191466,0.97831374,0.962623,0.96488476,0.9722153,0.9610213,0.9724554,0.95081884,0.95658255,0.9625276,0.979188,0.96821606,0.96339244,0.9630771,0.9646709,0.9607882,0.963967,0.9568365,0.9714372,0.9627692,0.96116304,0.96551436,0.9661095,0.94831836,0.95893633,0.96409893,0.9671643,0.9584521,0.9679066,0.9625171,0.979188,0.9731979,0.97102606,0.9661875,0.9686337
angelhasfallen,0.9755879,0.97198105,0.97031724,0.9744492,0.9684783,0.9634792,0.9818208,0.9738232,0.9843399,0.9588804,1.0,0.953396,0.9727395,0.96954554,0.9706329,0.97262955,0.97738516,0.9656269,0.9672654,0.9625407,0.96772444,0.97126436,0.97880137,0.9733672,0.95369214,0.8972095,0.9661489,0.9849928,0.97232586,0.96932673,0.9575718,0.97567755,0.96030664,0.96413743,0.96312284,0.94632417,0.96547174,0.9787823,0.9810892,0.9564988,0.9765712,0.97370535,0.96920127,0.9729829,0.9618096,0.96856105,0.9807303,0.97734797,0.97408926,0.9748893,0.977904,0.9706086,0.9628133,0.96426547,0.9542637,0.96772027,0.9725231,0.977582,0.96550566,0.96539754,0.97496235,0.9701567,0.9763336,0.97490114,0.96561074,0.97002417,0.97217256,0.9636268,0.97904545,0.9686539,0.9717538,0.74186873,0.9758472,0.97731006,0.97353625,0.95746493,0.91483706,0.97922504,0.968531,0.9783624,0.9779143,0.9644767,0.9758673,0.97412837,0.9682605,0.9667293,0.97278935,0.97357225,0.9670757,0.9768536,0.97730094,0.9717538,0.96819216,0.9806113,0.9704032,0.9771592,0.9826608,0.9733354,0.97684366,0.9660841,0.96642977,0.9738516,0.9569936,0.9712369,0.9705909,0.97685426,0.9735269,0.9680042,0.96610117,0.9632258,0.97578555,0.88852304,0.9709442,0.92912793,0.96804374,0.9854178,0.9755677,0.97148484,0.98112166,0.97586596,0.9725408,0.9737555,0.9735834,0.963134,0.9728682,0.96903896,0.96503806,0.97254735,0.97072595,0.945103,0.96966374,0.971479,0.9733769,0.9716895,0.9709581,0.9705605,0.9731432,0.96240115,0.9688259,0.9646941,0.9843399,0.97969246,0.9502364,0.96812636,0.9621877,0.9664876,0.9711868,0.9696245,0.9731603,0.9707834,0.97627676,0.9757575,0.97036517,0.94627446,0.9595512,0.9700554,0.98002994,0.965541,0.97417027,0.96951157,0.9843399,0.9647459,0.9656018,0.98471755,0.97647715
angrybirdsmovie,0.978511,0.9543667,0.9699198,0.94632035,0.96673286,0.97980446,0.9615191,0.96745133,0.97680116,0.9560388,0.953396,0.9999998,0.9642072,0.95996183,0.9579679,0.97068596,0.9500444,0.9659872,0.97866404,0.9657732,0.95902383,0.96010745,0.9699825,0.9650711,0.95801294,0.8878692,0.94963604,0.96519846,0.96639514,0.9571778,0.97397,0.96504855,0.96533334,0.9529677,0.943639,0.933399,0.962898,0.9696065,0.9626309,0.9610045,0.97115403,0.9616235,0.9613206,0.9640933,0.9659165,0.9671495,0.96147925,0.9697375,0.9702181,0.9646411,0.9729917,0.9685741,0.9472053,0.9482556,0.9464713,0.9616434,0.9530574,0.9671974,0.9681541,0.9616747,0.96795404,0.95820665,0.9668503,0.9734885,0.9663962,0.96176684,0.96013606,0.9635518,0.95883703,0.9687154,0.97213155,0.73038346,0.9533442,0.96375424,0.95513713,0.9482476,0.9136814,0.9504252,0.9611822,0.9630897,0.9592539,0.9562604,0.97370446,0.9606788,0.96277106,0.9499099,0.9633464,0.9679692,0.9575548,0.9624542,0.9599647,0.97213155,0.96475244,0.9634998,0.9729717,0.9528541,0.96722656,0.965438,0.9545282,0.95897853,0.9641707,0.96881187,0.9604032,0.9723268,0.95850873,0.96668345,0.9672701,0.98366404,0.9676208,0.96855134,0.9721502,0.86732364,0.9637096,0.91424197,0.9581163,0.96810573,0.9714783,0.9618555,0.9772096,0.95527726,0.9643831,0.96388847,0.9581644,0.96447927,0.96565306,0.96279144,0.9704514,0.97136956,0.95221967,0.96675503,0.9617389,0.95003283,0.94949883,0.96560824,0.9633201,0.947773,0.9678712,0.95883244,0.9774556,0.9728831,0.97680116,0.9716255,0.9715192,0.97945625,0.95502084,0.96360224,0.95205814,0.95341426,0.9697865,0.959664,0.9624228,0.9614752,0.9674676,0.9421785,0.96630067,0.9657595,0.962164,0.9737121,0.96935076,0.9555988,0.97680116,0.96836495,0.9745084,0.9733468,0.974902
annabellemovie,0.9841502,0.97072595,0.9769341,0.9694118,0.97323436,0.96770674,0.9770865,0.9758101,0.9870753,0.96474147,0.9727395,0.9642072,1.0000001,0.97526234,0.97244024,0.97832114,0.9696971,0.9701639,0.9812272,0.97054565,0.97145,0.9769054,0.97600853,0.9765181,0.96132696,0.9115385,0.97455627,0.98128855,0.97088426,0.96794975,0.9770846,0.97885656,0.96740156,0.9665935,0.9604824,0.94878376,0.9806058,0.9889342,0.9721894,0.95937896,0.98147786,0.9748916,0.9737358,0.9796632,0.9654812,0.98324436,0.97456056,0.97074026,0.9820457,0.9785649,0.97975135,0.97393656,0.9636372,0.9682743,0.9723818,0.97266144,0.9741404,0.9696499,0.97101516,0.973797,0.9735891,0.96904683,0.9720542,0.9827328,0.9703659,0.96521044,0.97323644,0.9684767,0.97873837,0.97517365,0.9796862,0.71787316,0.968349,0.9767012,0.9635125,0.96141434,0.9376795,0.97233933,0.96926874,0.974042,0.96567994,0.9747016,0.97687465,0.96229875,0.9880488,0.96729696,0.9756378,0.9830868,0.9731681,0.9691806,0.96968114,0.9796862,0.9679874,0.97279847,0.9818457,0.9715735,0.97337663,0.97101426,0.9723922,0.96428454,0.9817166,0.97359765,0.9659297,0.9775913,0.9736749,0.97989863,0.9753512,0.9814463,0.9566909,0.9756781,0.9817275,0.9051468,0.9687716,0.92434835,0.96989036,0.9819088,0.9813937,0.9647031,0.9778476,0.97116077,0.9701718,0.9731263,0.96747917,0.9643554,0.97766614,0.9690246,0.9675912,0.9743928,0.9639324,0.96229,0.9673618,0.9757182,0.97079766,0.9797703,0.9698349,0.96713984,0.9720367,0.9542025,0.97930336,0.97624683,0.9870753,0.9723344,0.9680518,0.97925574,0.97295046,0.9687017,0.97419626,0.9624882,0.9761353,0.97229713,0.9682269,0.9792584,0.9724895,0.95998263,0.9629148,0.9751602,0.9676993,0.9648806,0.9680871,0.97189665,0.9870753,0.96605676,0.97661084,0.9770038,0.98442066
annamovie,0.9817941,0.9785686,0.98733884,0.96455127,0.97648865,0.97066504,0.98174757,0.9792519,0.98966676,0.9759148,0.96954554,0.95996183,0.97526234,0.9999999,0.97822094,0.9819068,0.9779779,0.97976214,0.9674598,0.97687835,0.96816856,0.977617,0.9814266,0.9753586,0.9647102,0.90511024,0.9680957,0.97750205,0.9851051,0.97986156,0.97429633,0.9758479,0.96231365,0.97149074,0.9546808,0.93810445,0.98302203,0.97993815,0.97742337,0.95783645,0.98144346,0.9734195,0.9661618,0.9695117,0.97838724,0.9768311,0.9733308,0.9828554,0.9723162,0.9707032,0.9816283,0.9816963,0.963937,0.9764372,0.9665602,0.9778437,0.9743498,0.97753763,0.9806184,0.9705024,0.98041826,0.9773235,0.9755797,0.98210144,0.9784966,0.96690416,0.9757007,0.97576404,0.970875,0.9610498,0.9777593,0.7230642,0.9686658,0.9832796,0.97562385,0.96532303,0.94278115,0.97940123,0.9833595,0.98066914,0.968655,0.96245223,0.9839206,0.9708966,0.9783826,0.9696053,0.96128017,0.972366,0.97128797,0.9782293,0.9758114,0.9777593,0.9712777,0.97041386,0.9772641,0.96425295,0.9740761,0.97395307,0.97135854,0.9709349,0.97257304,0.98187387,0.98158777,0.97350496,0.98244023,0.9821502,0.9749503,0.97632694,0.97295326,0.9689886,0.9799057,0.8771183,0.9815674,0.92302287,0.9650964,0.9779827,0.9847426,0.9655856,0.985137,0.9840283,0.9870094,0.97667253,0.9745854,0.96831006,0.9808472,0.9796628,0.97191375,0.9776004,0.977865,0.95652866,0.9751365,0.97556126,0.9774158,0.97668177,0.9768678,0.9764784,0.9831449,0.9680148,0.9750347,0.97803944,0.98966676,0.9805349,0.9592586,0.9717248,0.97355527,0.97927684,0.97838354,0.96461135,0.97940075,0.9701837,0.9746024,0.9764697,0.9752804,0.95861113,0.9681225,0.97997427,0.9729698,0.9731993,0.96685034,0.9718603,0.98966676,0.97060674,0.9749163,0.97763664,0.97963405
apollo11movie,0.98261094,0.9821457,0.98208326,0.9709714,0.9739328,0.9663961,0.9677837,0.96946794,0.98649645,0.9717299,0.9706329,0.9579679,0.97244024,0.97822094,0.99999994,0.9786649,0.9795096,0.9669561,0.97309065,0.9787138,0.96546453,0.97479916,0.9700535,0.9759677,0.9700672,0.9048941,0.9586047,0.9732825,0.97310084,0.98015106,0.972802,0.9727119,0.9643091,0.9642229,0.9523924,0.92839736,0.9748763,0.9791256,0.9692606,0.96295005,0.97993356,0.9775821,0.9714251,0.973045,0.96343446,0.9718697,0.96543163,0.9731133,0.9697237,0.9730296,0.9719987,0.9759059,0.9681208,0.97362804,0.9626019,0.97812855,0.9755279,0.97861683,0.9775925,0.96643406,0.9834307,0.97524583,0.96964395,0.9783124,0.96952057,0.9626538,0.9697526,0.9693552,0.96113604,0.96563494,0.9708317,0.74565285,0.9578647,0.9771726,0.9815764,0.9664667,0.93954104,0.9768912,0.9804185,0.960686,0.9638604,0.95159125,0.97763664,0.9669995,0.97426224,0.9543994,0.96376437,0.973189,0.9584961,0.96889305,0.9660379,0.9708317,0.96962804,0.97240436,0.9719424,0.9831728,0.97232807,0.97462267,0.963285,0.9604721,0.97068375,0.97337884,0.9742743,0.97435635,0.9800482,0.9699954,0.97540367,0.9735149,0.9641119,0.9707822,0.97683454,0.8822029,0.976244,0.9031782,0.9666225,0.9799932,0.98293793,0.9601904,0.9788338,0.97310454,0.97471565,0.980083,0.97516507,0.9750289,0.977294,0.9711959,0.96979654,0.96037513,0.97201693,0.9597025,0.9693149,0.9722967,0.97398037,0.9758919,0.9767504,0.9768488,0.9777055,0.9574696,0.9711779,0.9650016,0.98649645,0.97406673,0.9536534,0.9730431,0.97385746,0.9686922,0.96591264,0.9609609,0.9757033,0.9719734,0.963091,0.9796122,0.97486705,0.96762776,0.95791173,0.9749016,0.97575647,0.9598067,0.963932,0.97185004,0.98649645,0.96495676,0.97356147,0.9749876,0.975844
arcticdogsmovie,0.97917414,0.98384345,0.98671216,0.9625292,0.97740287,0.9797142,0.9735165,0.97445524,0.9877059,0.9725804,0.97262955,0.97068596,0.97832114,0.9819068,0.9786649,1.0000001,0.9698108,0.97423226,0.97103506,0.9757822,0.96091634,0.98017704,0.9793871,0.97703177,0.96554166,0.89343786,0.97093314,0.97466063,0.9845439,0.9762641,0.97303313,0.97076917,0.9758893,0.97813714,0.9561795,0.94739616,0.97639996,0.9820676,0.97859126,0.9571136,0.9818717,0.9811368,0.9716469,0.97754097,0.96778613,0.9750959,0.9705024,0.9764351,0.9743914,0.9756281,0.98332286,0.97100395,0.97248024,0.9765516,0.9590226,0.9793952,0.9743933,0.9818809,0.9774589,0.9696585,0.98230857,0.9681252,0.97057706,0.9887332,0.97186464,0.97086763,0.97773004,0.9616372,0.97355366,0.9610561,0.9778674,0.77202535,0.9594254,0.97949255,0.97390664,0.9701477,0.9384224,0.97205025,0.97026527,0.97192496,0.9666454,0.9644857,0.9849022,0.9689126,0.9817482,0.9640769,0.96691465,0.9765299,0.9664165,0.9728362,0.9761949,0.9778674,0.9713419,0.9738846,0.9786318,0.97647417,0.9762988,0.9752145,0.96669054,0.9701025,0.96987885,0.9792853,0.9866989,0.9754755,0.9795013,0.9821728,0.98193944,0.98521113,0.9724058,0.96409184,0.98173213,0.89298147,0.9816164,0.9108227,0.9650066,0.98237157,0.9802541,0.9629926,0.98698765,0.9748849,0.97776437,0.98235536,0.96469086,0.9754961,0.9844773,0.96759844,0.975347,0.98030484,0.9776496,0.9658264,0.972625,0.97179574,0.9682269,0.9802946,0.9744092,0.9706445,0.97625625,0.9563058,0.9776295,0.9745427,0.9877059,0.9826809,0.9648081,0.97554225,0.9795288,0.970149,0.97139406,0.96600735,0.9822962,0.9676266,0.9738357,0.9802751,0.9753817,0.9705325,0.9638481,0.9823572,0.9724936,0.96240306,0.97487956,0.9762461,0.9877059,0.9802903,0.9803879,0.9793325,0.9849611
arcticmovie,0.9779598,0.9670633,0.97778445,0.9692205,0.9723004,0.9513613,0.969616,0.97115177,0.9831178,0.96902275,0.97738516,0.9500444,0.9696971,0.9779779,0.9795096,0.9698108,1.0,0.97027946,0.96998435,0.9719779,0.9746696,0.9669514,0.97063,0.9774288,0.9612542,0.8828886,0.9599399,0.9832706,0.9697638,0.9662132,0.9677265,0.97620785,0.96841794,0.9566108,0.94749933,0.9355668,0.97351885,0.97394633,0.96422356,0.95228094,0.97677994,0.9708409,0.96814936,0.97107196,0.9730039,0.9685791,0.9697308,0.9756587,0.9699078,0.9734696,0.97476536,0.97517323,0.95447254,0.9781444,0.96244884,0.9718758,0.98197013,0.9726815,0.97538036,0.9577056,0.96898836,0.97678167,0.976058,0.9740614,0.96918476,0.960237,0.9737785,0.970877,0.97160727,0.97016907,0.96567994,0.71403563,0.96369094,0.97537583,0.9714489,0.9609724,0.9247,0.9854903,0.97568756,0.9654715,0.9604752,0.96422887,0.97145516,0.964672,0.9761418,0.95382017,0.96299595,0.96662235,0.96029115,0.9726357,0.9703857,0.96567994,0.97035146,0.96578014,0.97393805,0.97041404,0.9707712,0.976923,0.9616227,0.9489902,0.97252774,0.9677786,0.9622532,0.96747744,0.97829163,0.973121,0.9734747,0.96649843,0.9579324,0.96747863,0.9758416,0.88801426,0.9689641,0.9274342,0.96451837,0.9748578,0.9767174,0.95696414,0.9733549,0.9710788,0.9760968,0.9741872,0.9705745,0.9534357,0.97713137,0.9704687,0.9607968,0.97150123,0.9695649,0.9487591,0.9683982,0.97369194,0.99003863,0.9744649,0.970219,0.9686257,0.97017944,0.9571128,0.9652194,0.9662186,0.9831178,0.9722169,0.9571024,0.9612841,0.96441525,0.97055036,0.97414106,0.9536094,0.9696206,0.9674183,0.95729977,0.975968,0.9652132,0.9578922,0.9617802,0.9708628,0.9796908,0.9612932,0.9586612,0.9655294,0.9831178,0.9618712,0.96584916,0.9740125,0.9750971
artofracingmovie,0.9807832,0.96740746,0.9726071,0.9515233,0.98676616,0.96513104,0.968218,0.97691375,0.9837885,0.9754648,0.9656269,0.9659872,0.9701639,0.97976214,0.9669561,0.97423226,0.97027946,0.99999994,0.9675857,0.97147894,0.96132475,0.96451235,0.9735226,0.96958214,0.97079825,0.92373997,0.9647632,0.97935104,0.97292364,0.9597605,0.96081525,0.9637299,0.9677493,0.9716674,0.9482288,0.9334422,0.96773905,0.9748202,0.97483337,0.9476124,0.9853345,0.96724254,0.9672775,0.9700978,0.97265077,0.9736214,0.9661898,0.9765204,0.9737869,0.9705369,0.97190547,0.9715931,0.95645267,0.9671181,0.96608114,0.98490083,0.9764084,0.9753918,0.97240984,0.95557773,0.9750177,0.96567476,0.9741209,0.97613907,0.9697686,0.96875215,0.9741126,0.96167105,0.9651748,0.9641579,0.9647292,0.7249734,0.9692025,0.9789004,0.96953213,0.9638602,0.9352464,0.97005475,0.97350717,0.9691785,0.9687443,0.9640708,0.9769974,0.9619206,0.9652604,0.9572152,0.95079494,0.9745282,0.960744,0.97129846,0.96690637,0.9647292,0.9743217,0.97077256,0.9627438,0.963212,0.96797335,0.96947813,0.95969355,0.96570307,0.9653476,0.9816903,0.96477395,0.96079946,0.97089267,0.9715326,0.96856385,0.97297263,0.9585779,0.9604438,0.97879523,0.8959426,0.97596097,0.91803855,0.969921,0.9720798,0.97823113,0.97168833,0.97545457,0.9677241,0.98621845,0.97913665,0.9717777,0.9639185,0.966574,0.9674946,0.966052,0.97151244,0.97239614,0.95440996,0.9627027,0.97568685,0.9708556,0.98076856,0.9769305,0.9581424,0.9749568,0.9568774,0.96848506,0.980056,0.9837885,0.96962523,0.9654821,0.96854776,0.97158694,0.97330064,0.9666943,0.95708877,0.9728269,0.9683827,0.96618956,0.9715102,0.97407037,0.9495589,0.9513065,0.96359456,0.973737,0.9666784,0.971703,0.97050834,0.9837885,0.97708267,0.9795734,0.9768014,0.97260505
avengers,0.99111766,0.96047723,0.9727273,0.95910734,0.97039104,0.9669018,0.9704647,0.97203135,0.9848949,0.9623318,0.9672654,0.97866404,0.9812272,0.9674598,0.97309065,0.97103506,0.96998435,0.9675857,1.0,0.9705585,0.9746908,0.96674186,0.9725306,0.9788885,0.9622491,0.9068173,0.9616249,0.97979367,0.96313566,0.96294713,0.9845753,0.98011523,0.9647873,0.95913434,0.9533279,0.94446653,0.97630244,0.97893625,0.961909,0.96757066,0.97819155,0.96860725,0.9699924,0.9724945,0.9643891,0.9756757,0.9680939,0.97544,0.97825307,0.974621,0.9729759,0.97479385,0.9619851,0.95477974,0.95924604,0.96664566,0.97404546,0.9716389,0.9754361,0.9695234,0.9748199,0.96719235,0.97118676,0.9816199,0.9721082,0.975285,0.961087,0.97374713,0.96792394,0.9775655,0.98001343,0.7210881,0.96233,0.97511864,0.9636143,0.9606628,0.91901857,0.9700162,0.96929085,0.9682539,0.96708786,0.9632031,0.97916055,0.9692429,0.97666395,0.95808685,0.97149223,0.97457445,0.9729636,0.9637894,0.96550524,0.98001343,0.9707434,0.96858925,0.9777944,0.9663253,0.97138566,0.979467,0.96892446,0.95789343,0.97435117,0.9693357,0.9585883,0.98142326,0.9691972,0.96857196,0.96959543,0.9846796,0.9601686,0.9767927,0.97738266,0.89060116,0.9662717,0.9349949,0.96915656,0.9763557,0.97998416,0.97059685,0.98111653,0.96487397,0.97423697,0.96739465,0.9652983,0.9616658,0.9777918,0.9696188,0.9616652,0.96906596,0.9542219,0.974752,0.9653238,0.9620931,0.97100866,0.9751738,0.9712805,0.9595727,0.97234124,0.9640118,0.9828216,0.97624564,0.9848949,0.9699218,0.96951354,0.9811361,0.9697702,0.9667612,0.96545315,0.95893264,0.9717339,0.9733097,0.9624266,0.9775829,0.9749959,0.9620853,0.97070146,0.9788588,0.9749894,0.9674288,0.9687172,0.9611715,0.9848949,0.9663768,0.98087955,0.9772842,0.980446
beachbummovie,0.9770344,0.9724787,0.9780531,0.9620759,0.97512996,0.9657904,0.96473265,0.97140753,0.9819999,0.9698481,0.9625407,0.9657732,0.97054565,0.97687835,0.9787138,0.9757822,0.9719779,0.97147894,0.9705585,0.99999976,0.9626653,0.9705466,0.97019905,0.97614646,0.9611309,0.8984714,0.9533435,0.97288847,0.9732523,0.97133446,0.9756916,0.96792847,0.97052234,0.9610787,0.94215345,0.92681795,0.97238433,0.97278494,0.9687257,0.9560689,0.9741316,0.969845,0.96113557,0.9690623,0.97423184,0.96933377,0.96304363,0.97330624,0.97331303,0.9686963,0.9718917,0.9716216,0.9534819,0.9658488,0.9518275,0.97695607,0.9637818,0.9707382,0.9713626,0.9616362,0.97301984,0.9603123,0.97411186,0.97817135,0.9630607,0.9566268,0.97462344,0.9718229,0.964544,0.95374584,0.9696739,0.73532647,0.9565743,0.96797466,0.9670399,0.96772206,0.92696166,0.97435635,0.9761968,0.96247697,0.9635305,0.955022,0.9761807,0.96012366,0.96561635,0.96164405,0.95729625,0.9714537,0.9641661,0.9718988,0.9638384,0.9696739,0.96940637,0.9706681,0.97053087,0.9747045,0.96477497,0.9804658,0.9598963,0.9613621,0.95849586,0.9718175,0.96770865,0.96940404,0.9769499,0.9716838,0.9718733,0.9785311,0.96722424,0.95914674,0.97112584,0.89805716,0.9725985,0.9076366,0.96324885,0.9712803,0.97411275,0.9631386,0.9745609,0.96936905,0.97759086,0.97383326,0.9666415,0.96145463,0.9793883,0.9687716,0.9690551,0.9679874,0.9640365,0.9568506,0.9658527,0.96075904,0.973324,0.97633517,0.96955055,0.9676292,0.9772425,0.95550674,0.973503,0.97194844,0.9819999,0.9741283,0.95533955,0.9774712,0.9719005,0.9666508,0.96392065,0.95286083,0.98249614,0.95342207,0.9593959,0.9693644,0.95986915,0.9560834,0.96124053,0.96904975,0.9660131,0.96823466,0.9648921,0.9640146,0.9819999,0.97360635,0.98028713,0.9699981,0.97267133
bernadettefilm,0.9767069,0.95782435,0.9707399,0.95581853,0.95913714,0.9562437,0.96559983,0.9792373,0.9801317,0.95486885,0.96772444,0.95902383,0.97145,0.96816856,0.96546453,0.96091634,0.9746696,0.96132475,0.9746908,0.9626653,1.0000001,0.9535312,0.97523093,0.9758793,0.95066535,0.8884355,0.9644551,0.97795665,0.96067625,0.9586327,0.9676356,0.97412133,0.953344,0.9492741,0.9619586,0.95841795,0.9741268,0.96891254,0.9619193,0.95711434,0.9751502,0.9720953,0.97285676,0.9721992,0.9711669,0.97045153,0.97707295,0.9706158,0.96839374,0.9794487,0.97212094,0.9751092,0.95133895,0.9584777,0.96022666,0.9594832,0.96859705,0.969897,0.97014874,0.9721137,0.96196675,0.9697142,0.9691738,0.9702918,0.9732556,0.9628298,0.9706755,0.9739207,0.9689309,0.97098285,0.9765623,0.7192777,0.96937215,0.96853614,0.96617746,0.95264375,0.9193641,0.97407705,0.9673563,0.96450853,0.96290934,0.95251113,0.97305346,0.9688184,0.9733471,0.95176613,0.96740615,0.97337294,0.9654531,0.9665978,0.969547,0.9765623,0.9725158,0.96821886,0.97292167,0.95688355,0.97375786,0.9666491,0.95876664,0.9565393,0.9704342,0.96455353,0.95148885,0.9704045,0.9672318,0.96732247,0.9633492,0.9648854,0.95149916,0.9676005,0.9814516,0.8952888,0.9682994,0.9412735,0.97776765,0.96793973,0.9707506,0.9629679,0.9742358,0.9660713,0.9755251,0.9593844,0.96459335,0.9520094,0.97420883,0.97377306,0.9599917,0.9697993,0.9626643,0.9584799,0.9831743,0.96536493,0.9733505,0.9666574,0.9737382,0.96194553,0.96670765,0.96627516,0.97826445,0.9703922,0.9801317,0.96372,0.957624,0.9587382,0.9600284,0.9699555,0.96835554,0.962761,0.95974195,0.9653494,0.9609345,0.97365326,0.96526635,0.9476201,0.96472305,0.9692436,0.9707233,0.9703686,0.96940917,0.9587384,0.9801317,0.9557378,0.968246,0.9725152,0.97181207
