movie,21bridgesmovie,47metersdown,abeautifuldaymovie,abominablemovie,adastramovie,adogsjourneymovie,aftermathmovie,aftermovie,ahiddenlifefilm,alitamovie,angelhasfallen,angrybirdsmovie,annabellemovie,annamovie,apollo11movie,arcticdogsmovie,arcticmovie,artofracingmovie,avengers,beachbummovie,bernadettefilm,blackandbluemovie,blackchristmas,blindedbythelightmovie,bombshellmovie,booksmart,breakthroughmovie,brianbanksmovie,brightburnmovie,brittanyrunsmov,captainmarvelofficial,captivestatemovie,catsmovie,charliesangels,childsplaymovie,clarathefilm,coldpursuitmovie,countdown,currentwarmovie,darkwatersmovie,detectivepikachumovie,disneyaladdin,disneyfrozen,disneymaleficent,doctorsleepmovie,dolemiteismyname,dontletgomovie,doramovie,downtonabbey_official,dumbo,escaperoom,everybodyknowsmovie,fastandfuriousmovie,fightingwmyfam,fivefeetapartfilm,fordvferrari,freaksthefilm,geminimanmovie,glassmovie,gloriabellmovie,godzillamovie,goldfinchmovie,goodboysmovie,goodliarmovie,gretafilm,halathemovie,happydeathdaymovie,harrietfilm,hellboymovie,hersmellmovie,highlifemovie,highstrungmovie,honeyboymovie,hotelmumbaifilm,httydragon,hustlemovie,hustlersmovie,isntitromantic,itmovieofficial,jayandsilentbob,johnwickmovie,jojorabbitmovie,jokermovie,judythefilm,jumanjimovie,justmercyfilm,knivesout,lalloronamovie,lastblackmansf,lastchristmasthemovie,latenightmovie,lighthousemovie,lionking,littlethemovie,littlewomenmovie,littlewoodsfilm,longshotmovie,lordsofchaosmovie,lucyintheskyfilm,mamovie2019,marriagestory,meettheaddams,meninblack,midsommarmovie,midwaymovie,missbalamovie,missinglinkfilm,motherlessbklyn,onceinhollywood,onthebasisofsex,overcomermovie,peanutbutterfalcon,petsematarymovie,piercingmovie,playingwithfire,playmobilthemovie,pomsmovie,queenandslim,rambomovie,readyornotfilm,richardjewellfilm,rocketmanmovie,scarystoriesmovie,secretlifeofpets,serenityfilm,shaftmovie,shazammovie,spidermanmovie,spiesindisguise,starwars,stormboymovie,stubermovie,taosdfilm,teenspiritmov,terminator,theaeronautsmov,thebestofenemies,thedeaddontdie,thefarewell,thehighwaymen,thehummingbirdprojectfilm,theintrudermovie,theirishmanfilm,thekitchenmovie,thelegomovie,themustangfilm,thenightingalefilm,theprodigymovie,thesunisalsoastar,theupsidefilm,tolkienmovie,toystory,triplefrontier,uglydolls,uncutgems,underthesilverlake,usmovie,wavesmovie,whatmenwant,wonderparkmovie,wrinklestheclown,xmenmovies,yardiefilm,yesterdaymovie,zombieland
21bridgesmovie,0.9999995,0.9526545,0.9698159,0.9579652,0.96282667,0.9593911,0.9701011,0.9657772,0.98004156,0.956851,0.9627864,0.9618422,0.95362407,0.9650971,0.9708896,0.9628482,0.9663388,0.9611554,0.9835356,0.9615915,0.9667149,0.9691872,0.9630984,0.96221435,0.9635566,0.9209396,0.9586564,0.96243703,0.9674877,0.9554698,0.96104205,0.95484626,0.9501763,0.9617952,0.9397848,0.94543546,0.96332586,0.97633094,0.96324676,0.9636536,0.96055496,0.96356356,0.95229393,0.9684792,0.9627177,0.960449,0.96147686,0.9614078,0.96084404,0.96951705,0.9717762,0.9699855,0.95327157,0.9646123,0.96682376,0.957232,0.9560848,0.9513481,0.9593341,0.96184826,0.9625261,0.9671598,0.9677405,0.96823645,0.9548953,0.9474465,0.9526087,0.95576835,0.9547371,0.95209426,0.9641083,0.8437177,0.95087904,0.9664273,0.95880884,0.9544425,0.9425588,0.96272886,0.97120184,0.94668984,0.965022,0.9657249,0.96051973,0.9591335,0.96166193,0.96136785,0.96226484,0.96843237,0.9515663,0.96805114,0.95930743,0.9641083,0.96598893,0.9563202,0.96808374,0.96645665,0.9595975,0.96107376,0.95767367,0.96102536,0.9594476,0.9651897,0.96092844,0.95792687,0.9519553,0.9720106,0.96629584,0.96388435,0.9624338,0.9614316,0.96605265,0.89974123,0.9596116,0.9395958,0.96572953,0.9688659,0.9910676,0.9679137,0.97437066,0.96323246,0.9714001,0.953526,0.9666577,0.959087,0.96543276,0.953302,0.96619946,0.9719965,0.95630896,0.94925225,0.9591789,0.95496756,0.95737565,0.957911,0.9593981,0.95456475,0.9787726,0.96664625,0.96514255,0.9614887,0.98004156,0.9668279,0.96457285,0.9555677,0.95604193,0.96198773,0.95659745,0.95364904,0.96655107,0.96449345,0.96551996,0.9697209,0.95837367,0.9612023,0.9641756,0.9561159,0.9620512,0.9571523,0.9691581,0.9517541,0.98004156,0.967659,0.9597151,0.96574056,0.9680628
47metersdown,0.9526545,1.0000001,0.9552307,0.95334226,0.94984055,0.95182204,0.9522773,0.9548756,0.9664131,0.93445015,0.9544863,0.93538624,0.9469281,0.95787215,0.9453906,0.9659495,0.95662534,0.9530075,0.94893265,0.9446801,0.9576662,0.94388396,0.95768213,0.9519649,0.94627106,0.9010615,0.9433348,0.9472675,0.95124984,0.94325924,0.9438183,0.9458258,0.951188,0.94908094,0.9262551,0.9341745,0.954387,0.9487954,0.9588778,0.9532847,0.9507304,0.95961773,0.9414189,0.9531683,0.95182616,0.95928365,0.95493627,0.9477185,0.93739027,0.9585661,0.95123833,0.9546206,0.9497395,0.9513457,0.95263284,0.95322424,0.9486971,0.9431506,0.941691,0.9551813,0.95058495,0.9466686,0.9543629,0.96263385,0.9392783,0.94181687,0.94499147,0.93971044,0.9356957,0.9318028,0.9554946,0.83159924,0.9468346,0.9577321,0.9535803,0.9394514,0.9257663,0.951067,0.94044536,0.94075286,0.94630253,0.9422613,0.9528895,0.9452879,0.94658494,0.9396352,0.95254344,0.95900315,0.9327235,0.952501,0.94061095,0.9554946,0.94482136,0.94691056,0.95050544,0.951633,0.9408571,0.94646376,0.94023556,0.95177454,0.957312,0.94554466,0.95033693,0.9505374,0.9423089,0.9488057,0.9598157,0.9564059,0.952293,0.95017666,0.95738906,0.8833877,0.9487757,0.9292105,0.95731115,0.9516355,0.9507748,0.9500746,0.96122783,0.94831586,0.94818604,0.94408673,0.9552141,0.94520676,0.95691484,0.947722,0.9493655,0.9546063,0.9535263,0.9144198,0.9459784,0.94051194,0.9525376,0.9433533,0.94705534,0.94781137,0.9510953,0.9455747,0.9531166,0.95010054,0.9664131,0.94983685,0.95574206,0.94286186,0.9483719,0.9495347,0.9493031,0.9349403,0.9516474,0.94090223,0.95317537,0.94292104,0.95671165,0.93947506,0.94464463,0.95059824,0.958369,0.95245755,0.9525572,0.9465606,0.9664131,0.9564271,0.9517836,0.9557683,0.9467657
abeautifuldaymovie,0.9698159,0.9552307,0.9999996,0.96160394,0.9648224,0.9641306,0.96267575,0.9619209,0.9790008,0.9553493,0.9575517,0.97011256,0.96342677,0.96889085,0.9607552,0.9596576,0.96744317,0.96108264,0.96295434,0.9593875,0.9634008,0.97295815,0.96814775,0.96513027,0.95898485,0.9174419,0.9565257,0.9667047,0.9815117,0.9573786,0.961227,0.9645429,0.9429961,0.9701524,0.9363594,0.9377441,0.96351343,0.97017187,0.9597796,0.96159124,0.96158767,0.96955335,0.96244204,0.9646752,0.96138185,0.966057,0.96591324,0.95490605,0.95748246,0.9695039,0.9811077,0.96824306,0.95756334,0.9578746,0.96648526,0.9555064,0.96324575,0.96125126,0.9611141,0.9614363,0.9676174,0.96724427,0.9635795,0.9650116,0.95124227,0.9522449,0.94262266,0.9621974,0.9466804,0.94941133,0.9594531,0.8408083,0.9518031,0.9647653,0.9594408,0.9526826,0.9374509,0.9595603,0.971542,0.9416097,0.9575381,0.96274686,0.96319187,0.95237535,0.96345866,0.9598344,0.96701866,0.9740852,0.95422727,0.9635247,0.9622018,0.9594531,0.9651903,0.9601356,0.97324866,0.9642433,0.95687795,0.96424526,0.9582944,0.9603569,0.9644187,0.96434563,0.9734749,0.95764065,0.95083016,0.9758714,0.9750198,0.9592217,0.97827965,0.9537986,0.9687681,0.8955324,0.96164495,0.93526536,0.96151483,0.96106404,0.9739287,0.9649317,0.9700322,0.9583667,0.96825194,0.95927614,0.9558071,0.9632109,0.962282,0.96170443,0.9715213,0.9708092,0.9549854,0.95121765,0.95921004,0.94368595,0.96345854,0.949339,0.96001357,0.95936525,0.967882,0.96225417,0.9620102,0.96451217,0.9790008,0.9749195,0.96547997,0.96419597,0.96482587,0.9673234,0.9613409,0.95014846,0.95995164,0.95872843,0.9549931,0.97844386,0.9577457,0.946168,0.9587903,0.9509389,0.9637772,0.95789003,0.9617832,0.9506474,0.9790008,0.96601206,0.9604595,0.9743879,0.976697
abominablemovie,0.9579652,0.95334226,0.96160394,1.0000002,0.9557806,0.94868785,0.9587197,0.9582795,0.9745146,0.95214075,0.9655075,0.9462889,0.9675224,0.9568217,0.94625425,0.96126413,0.9652789,0.9582587,0.9542376,0.9409729,0.95523477,0.9626648,0.9502899,0.9605973,0.9540912,0.92486274,0.95524794,0.94284093,0.96327037,0.9495566,0.9504869,0.95582736,0.93769443,0.95119613,0.9529451,0.9489368,0.9615438,0.9710477,0.95754164,0.96841747,0.95958984,0.96358037,0.95557916,0.96495765,0.9623386,0.95184374,0.95562446,0.9485268,0.94723684,0.9637532,0.96783805,0.957336,0.9571351,0.96104795,0.9692096,0.9517361,0.9593372,0.9529094,0.9615582,0.9640228,0.9560196,0.9636763,0.9648479,0.96582055,0.9461771,0.95836043,0.9491556,0.94944096,0.94576085,0.9462444,0.9596804,0.8446801,0.9531113,0.9578226,0.97134393,0.9545996,0.93840665,0.94823813,0.95467335,0.94040984,0.95117116,0.9592655,0.96471,0.9536252,0.96686816,0.93961465,0.96698946,0.9677051,0.9470044,0.96502554,0.94727445,0.9596804,0.9605063,0.9582471,0.9632741,0.95790803,0.9513631,0.95116985,0.9491571,0.9501945,0.9589194,0.95023423,0.9600083,0.9582481,0.94841594,0.9676885,0.96170914,0.9602184,0.96042657,0.94218355,0.9580032,0.89109886,0.95796645,0.94367224,0.96418905,0.9521428,0.961294,0.9463195,0.96910435,0.95231664,0.95743126,0.9598003,0.9536486,0.93693054,0.96978706,0.95858186,0.96108663,0.9628158,0.9541092,0.93984985,0.95253766,0.94924474,0.96307635,0.95907,0.95628065,0.9538066,0.9580008,0.95580935,0.9588237,0.9586684,0.9745146,0.96071786,0.9591879,0.9480826,0.9528929,0.9464608,0.94722223,0.9561892,0.95763946,0.95613587,0.9490085,0.96003056,0.957037,0.94169635,0.96378136,0.9498358,0.951378,0.9538201,0.9572844,0.9490845,0.9745146,0.958692,0.9560077,0.9489757,0.96184886
adastramovie,0.96282667,0.94984055,0.9648224,0.9557806,1.0,0.95993954,0.9637143,0.96157867,0.9816032,0.97238207,0.9638261,0.9652127,0.9555781,0.96518975,0.9675201,0.9642387,0.97159857,0.9783788,0.96209913,0.96037173,0.9685378,0.96931267,0.9649523,0.9719418,0.9620741,0.91603225,0.9755913,0.96199614,0.9640553,0.96316934,0.9623564,0.9613691,0.94704497,0.96394306,0.9465887,0.9521482,0.9655791,0.9676692,0.9685274,0.9708784,0.9563623,0.9736668,0.9674692,0.96900344,0.96462965,0.9719668,0.9661556,0.9660023,0.96151006,0.9739227,0.97058004,0.97097486,0.9519779,0.96294224,0.96506846,0.97316355,0.9717128,0.9689669,0.95840234,0.967144,0.9614295,0.9633722,0.9663862,0.96561503,0.96460354,0.96284115,0.9545836,0.96221125,0.9581235,0.9475256,0.9678763,0.8494768,0.9598087,0.96852916,0.9613653,0.95139897,0.9366073,0.9540575,0.9674453,0.94735444,0.95323473,0.9630146,0.9578454,0.95842123,0.95976686,0.96118724,0.96812695,0.97048116,0.9613368,0.9597592,0.95780647,0.9678763,0.96739894,0.9657976,0.9645789,0.9648683,0.9585144,0.96397406,0.95395637,0.96749437,0.9676778,0.9620815,0.96202785,0.95851374,0.95385003,0.96830696,0.9703767,0.9662644,0.96617115,0.95972925,0.9670517,0.9113373,0.96206903,0.9499463,0.96863306,0.96205145,0.9719819,0.9615821,0.9680063,0.95487386,0.96432525,0.96294594,0.9601233,0.95452935,0.9700419,0.96337235,0.96936387,0.9622303,0.9713935,0.94929403,0.96259785,0.9631385,0.97151023,0.95740813,0.9679525,0.96363586,0.9657656,0.9657419,0.9656058,0.9679731,0.9816032,0.96966386,0.9634788,0.96058017,0.95256627,0.9662433,0.9663224,0.9655685,0.9659353,0.964215,0.959747,0.96890336,0.961532,0.9485093,0.9657312,0.97157645,0.9621991,0.9663598,0.96462595,0.95901614,0.9816032,0.97041464,0.9615251,0.96482784,0.9650689
adogsjourneymovie,0.9593911,0.95182204,0.9641306,0.94868785,0.95993954,1.0,0.9597969,0.9602726,0.9767342,0.9482872,0.95693076,0.9609893,0.9536039,0.9660895,0.95682883,0.96248084,0.95499706,0.9585069,0.9637726,0.9432809,0.96297854,0.9536695,0.9720879,0.9588105,0.95658207,0.91692513,0.95425594,0.95387524,0.95343816,0.9530054,0.9587868,0.9506145,0.9567987,0.9610537,0.9458333,0.94763523,0.9693592,0.9585084,0.9593123,0.9601274,0.9570749,0.96521634,0.95666933,0.9538672,0.95454365,0.9622222,0.9722363,0.9506307,0.9491462,0.9606277,0.95960873,0.9627108,0.95055497,0.96219224,0.96621567,0.9615155,0.9601925,0.95296556,0.95407474,0.9584275,0.95944065,0.9573376,0.9610308,0.9580543,0.9425347,0.9627805,0.950324,0.9526447,0.9420869,0.95248306,0.9569628,0.8442337,0.950211,0.95974624,0.9545997,0.94996864,0.9347522,0.9605646,0.95758647,0.9425703,0.95510274,0.95899063,0.9626429,0.94982266,0.95689607,0.9524037,0.9569558,0.9643995,0.9565531,0.95594585,0.95056295,0.9569628,0.9568802,0.95162857,0.96434677,0.9610851,0.9434412,0.9644018,0.95031935,0.9679899,0.96213335,0.9545391,0.9504244,0.95546234,0.95830953,0.9608708,0.9627148,0.96671265,0.95943785,0.95557684,0.96806574,0.8916024,0.9500087,0.94018424,0.9634558,0.9509262,0.9606157,0.96340376,0.9667845,0.9561012,0.9533878,0.9488139,0.96213853,0.9738273,0.9601876,0.9509371,0.9612802,0.9592655,0.9601334,0.94277924,0.955781,0.94902897,0.9562599,0.9415233,0.9506167,0.9495074,0.9578916,0.95446,0.95672977,0.9515488,0.9767342,0.9541204,0.96292526,0.95821685,0.9631157,0.9620293,0.9672465,0.9560337,0.9604599,0.94079155,0.95478565,0.95635676,0.952683,0.9446779,0.95253855,0.95088875,0.9673007,0.95821375,0.9598013,0.9495802,0.9767342,0.9534425,0.9527619,0.9703078,0.9519089
aftermathmovie,0.9701011,0.9522773,0.96267575,0.9587197,0.9637143,0.9597969,1.0,0.97346497,0.98587435,0.9542636,0.97031426,0.9662033,0.96232575,0.97494495,0.9737754,0.9699322,0.9754572,0.9621357,0.9622404,0.9571249,0.9636967,0.9643784,0.96635,0.962438,0.9635638,0.9240804,0.96590525,0.9612712,0.9705933,0.96139234,0.9647225,0.96870655,0.9566363,0.96285474,0.9489756,0.94973683,0.97478205,0.96600634,0.97121596,0.96903396,0.96666616,0.9660004,0.95622164,0.96756697,0.96037984,0.9632148,0.96941835,0.9647744,0.9638979,0.9690313,0.9711285,0.977381,0.956486,0.9701064,0.9651528,0.95949405,0.9637196,0.9670034,0.9612746,0.9707208,0.9708534,0.97668725,0.969563,0.9732646,0.9517944,0.9563822,0.96839297,0.96841687,0.96118444,0.95026857,0.97219676,0.83593726,0.9665836,0.96828574,0.9644302,0.9470705,0.9405114,0.95908284,0.9648504,0.95521706,0.96519023,0.9765085,0.97786987,0.9656742,0.9642249,0.9619618,0.96815914,0.9749295,0.9627228,0.9729121,0.9670059,0.97219676,0.971407,0.9561807,0.9682754,0.9667482,0.9639271,0.96176714,0.9786864,0.97093177,0.968111,0.9614818,0.96179986,0.9667406,0.9630501,0.9739893,0.9710572,0.97574073,0.9662867,0.9648992,0.9728543,0.9008228,0.965215,0.9432628,0.96764964,0.9704698,0.97380114,0.96860975,0.97114223,0.9900853,0.97562486,0.9650817,0.9651684,0.95482063,0.9734443,0.96162254,0.97403836,0.9699052,0.96258426,0.95004404,0.96757597,0.9582591,0.9688477,0.96323764,0.9696746,0.9589002,0.9668375,0.96788436,0.97372353,0.96348286,0.98587435,0.9643384,0.9681653,0.96614707,0.9692551,0.9685732,0.9643346,0.9562357,0.97309405,0.96751225,0.98876905,0.95979124,0.96363664,0.9553304,0.9701063,0.9665795,0.96459836,0.9693498,0.9708573,0.9672675,0.98587435,0.96133196,0.97215843,0.970331,0.9648615
aftermovie,0.9657772,0.9548756,0.9619209,0.9582795,0.96157867,0.9602726,0.97346497,1.0,0.9822293,0.95493317,0.964295,0.96195304,0.955787,0.97160906,0.9688187,0.96665174,0.9661785,0.96368754,0.96132964,0.9547454,0.9694707,0.96311575,0.95632136,0.9632421,0.96405387,0.90915906,0.9620974,0.9584423,0.96293133,0.95975447,0.955891,0.9594709,0.9577465,0.96561885,0.9525146,0.9541847,0.9727356,0.97167766,0.96852034,0.96564114,0.9586731,0.966048,0.9628439,0.9672712,0.96456534,0.965956,0.96248984,0.9622853,0.9651487,0.96871865,0.96646214,0.96965235,0.95122236,0.96112305,0.9676598,0.96351224,0.97028965,0.95861673,0.9656914,0.9638578,0.9638047,0.9646273,0.97050655,0.9660079,0.9465134,0.95937383,0.96175903,0.9630238,0.962086,0.9538714,0.9667405,0.833047,0.96307725,0.96813506,0.9600808,0.94871885,0.9363503,0.9634561,0.9595832,0.95418334,0.95692354,0.9603367,0.96612793,0.9588171,0.95320356,0.9540923,0.9646595,0.9735011,0.966725,0.96482605,0.9612369,0.9667405,0.96296144,0.955275,0.9653171,0.9659304,0.9582956,0.96065426,0.9673767,0.96458006,0.96635365,0.96237475,0.9568829,0.9582524,0.96741563,0.9660029,0.96641344,0.97032845,0.96057445,0.96275467,0.96684366,0.88003224,0.9633125,0.9420518,0.9688528,0.9688054,0.97006094,0.96294814,0.97183186,0.9682073,0.9664516,0.963785,0.95996183,0.95454043,0.9669885,0.9581307,0.9633271,0.9654579,0.95433396,0.94729567,0.9663435,0.95095676,0.968855,0.9635273,0.9594079,0.96466637,0.9655939,0.9644932,0.9666602,0.96399295,0.9822293,0.9634595,0.9670825,0.9629953,0.96458524,0.96213716,0.95618075,0.96008444,0.9678153,0.9559021,0.96741116,0.9591983,0.9664631,0.9449936,0.95851785,0.9612078,0.96126586,0.9631395,0.97500336,0.95731425,0.9822293,0.9581093,0.97126305,0.96265775,0.9600998
ahiddenlifefilm,0.98004156,0.9664131,0.9790008,0.9745146,0.9816032,0.9767342,0.98587435,0.9822293,0.9999999,0.97466904,0.9844319,0.978672,0.97801954,0.9847662,0.98007953,0.98245263,0.98468745,0.9800557,0.97879785,0.97214603,0.97986734,0.98166525,0.98238575,0.98061377,0.98090416,0.93674076,0.97984177,0.97516143,0.9813126,0.9766216,0.97564036,0.974549,0.9684251,0.97965276,0.9691184,0.9674291,0.98417443,0.9825689,0.984382,0.98085314,0.9764582,0.9868312,0.9763439,0.98328537,0.9804677,0.9815598,0.9837711,0.9742422,0.9790104,0.9859869,0.9860518,0.9852119,0.9735806,0.98332065,0.9835899,0.97769713,0.98175395,0.97982794,0.978896,0.9829978,0.9793889,0.981309,0.9842446,0.9846967,0.9710355,0.97826993,0.97477645,0.9773896,0.9748833,0.9696937,0.983255,0.8585621,0.976169,0.9828009,0.9768681,0.9690964,0.96040493,0.9753037,0.976646,0.9657298,0.9767717,0.9815046,0.98446286,0.97670287,0.9803637,0.97447115,0.9839532,0.98726827,0.97535664,0.9810124,0.97631055,0.983255,0.9825234,0.9739322,0.98069465,0.9818039,0.97736746,0.9764187,0.977115,0.9816526,0.9827981,0.9779679,0.97453755,0.978009,0.9754244,0.9866976,0.9846754,0.98662066,0.98189,0.9752367,0.9826141,0.91977644,0.97873926,0.96247196,0.98390114,0.9809245,0.98441786,0.9797555,0.9855175,0.98047715,0.9813365,0.97925806,0.9764765,0.9716058,0.9850884,0.9781458,0.9809053,0.98315907,0.9773774,0.96498173,0.97750306,0.97194225,0.9824009,0.9769437,0.97986245,0.978122,0.97802347,0.9789359,0.9831315,0.9824088,0.9999999,0.9828188,0.9840269,0.97825676,0.97851497,0.97717476,0.97775245,0.9766959,0.9835026,0.9788854,0.9806967,0.97762346,0.9797608,0.9682966,0.9797771,0.9778635,0.9793102,0.9785771,0.9821523,0.9771268,0.9999999,0.97975546,0.9826869,0.98296267,0.97920835
alitamovie,0.956851,0.93445015,0.9553493,0.95214075,0.97238207,0.9482872,0.9542636,0.95493317,0.97466904,1.0,0.9612142,0.95789355,0.9589485,0.9593634,0.95110977,0.95507574,0.9635459,0.9641478,0.9553608,0.94677275,0.9571006,0.9645165,0.9515402,0.96025586,0.95516837,0.90980166,0.96541244,0.9578711,0.9608401,0.953006,0.95361054,0.95641977,0.9412911,0.9629709,0.941205,0.93987757,0.95470935,0.96610165,0.9613152,0.9588443,0.94739074,0.96381557,0.9476908,0.9525044,0.95646524,0.9575806,0.95292944,0.9530382,0.95829743,0.95731986,0.96676475,0.96116686,0.9504954,0.9569068,0.9641454,0.963206,0.9627988,0.9636522,0.95281494,0.96133024,0.9598365,0.9592874,0.96447176,0.96234024,0.9577404,0.95670825,0.9537059,0.95685226,0.95383185,0.9591551,0.95906514,0.85575473,0.95200086,0.9602521,0.9446172,0.9454013,0.9355985,0.9540414,0.9585155,0.94286704,0.9516429,0.96061987,0.95708996,0.95362574,0.9606539,0.96440434,0.9661514,0.95845777,0.95508665,0.95433277,0.9528217,0.95906514,0.95468193,0.9573888,0.95290744,0.96128976,0.96092963,0.94647133,0.94861025,0.95885825,0.95694304,0.9573771,0.955903,0.94156915,0.9610295,0.96821463,0.9611313,0.96286625,0.96036744,0.9525419,0.9607324,0.8999325,0.948504,0.9398333,0.96255887,0.9567063,0.96423185,0.9520743,0.95619917,0.94851875,0.95571846,0.9527418,0.95092654,0.9457908,0.96188444,0.95870435,0.9568546,0.96320695,0.95899713,0.9400113,0.95501506,0.9514096,0.962695,0.9564895,0.96120644,0.9523448,0.95823085,0.9597445,0.9600318,0.9708526,0.97466904,0.9626885,0.95652187,0.9607596,0.94689447,0.95558137,0.9540771,0.959038,0.963896,0.95004547,0.95252705,0.9579761,0.95657253,0.93699753,0.95853955,0.96120465,0.9566896,0.9548052,0.96301657,0.9532717,0.97466904,0.96784765,0.95849705,0.9521451,0.96202266
angelhasfallen,0.9627864,0.9544863,0.9575517,0.9655075,0.9638261,0.95693076,0.97031426,0.964295,0.9844319,0.9612142,0.9999999,0.9551233,0.96442926,0.9710576,0.95841813,0.9723186,0.97593397,0.9642422,0.9661424,0.9477141,0.969713,0.9671838,0.96449107,0.9698821,0.96613795,0.9243613,0.96574134,0.9620602,0.966976,0.9605426,0.9639011,0.9612129,0.9547408,0.9620646,0.95663816,0.9486631,0.97066087,0.9640133,0.9694217,0.96740216,0.960125,0.97483784,0.95642203,0.9699493,0.95970887,0.962847,0.9689717,0.9599686,0.96017593,0.968034,0.9705071,0.9707106,0.9642089,0.9686839,0.97169346,0.969064,0.96084964,0.9722777,0.9718113,0.972984,0.96662414,0.96606773,0.9691416,0.9749102,0.9505018,0.96770734,0.9663005,0.9588934,0.9707545,0.948077,0.97225475,0.8484694,0.96581197,0.97229576,0.968127,0.95187896,0.9342462,0.9611369,0.9576575,0.9529348,0.9714589,0.96147805,0.97021943,0.9642249,0.96663755,0.9612801,0.97365576,0.9707655,0.95522547,0.9649163,0.9620619,0.97225475,0.96420145,0.9552475,0.96205854,0.9662632,0.9747151,0.9526177,0.9642515,0.96220225,0.9664564,0.96555686,0.95520854,0.960862,0.9593534,0.9725262,0.97171915,0.9767227,0.95886296,0.9609329,0.96226627,0.9026333,0.9602428,0.9360535,0.96838105,0.9757693,0.9676401,0.9618409,0.9649997,0.96481645,0.96595734,0.9662519,0.9682895,0.9532898,0.971791,0.9727984,0.96612203,0.97423327,0.97189325,0.95447636,0.9701998,0.95699686,0.96924573,0.9634492,0.9657907,0.9658745,0.9635803,0.9619326,0.96929,0.96427494,0.9844319,0.96656674,0.96531135,0.96489626,0.9656283,0.9644237,0.964677,0.9584663,0.9681555,0.9668136,0.9642183,0.96200556,0.9584168,0.95158273,0.9619299,0.97319335,0.960217,0.9670185,0.96462077,0.9679262,0.9844319,0.964938,0.9737196,0.96415997,0.96178836
angrybirdsmovie,0.9618422,0.93538624,0.97011256,0.9462889,0.9652127,0.9609893,0.9662033,0.96195304,0.978672,0.95789355,0.9551233,1.0,0.96015316,0.962602,0.96792233,0.9529873,0.9640743,0.9527064,0.96346277,0.9561108,0.95282996,0.95986027,0.9621154,0.9586544,0.95891166,0.9138353,0.9590305,0.9647236,0.9698508,0.9662494,0.96039367,0.9619933,0.9459083,0.97709966,0.9483874,0.9467925,0.963699,0.9693192,0.9547825,0.9612942,0.9666474,0.96758384,0.95751524,0.96129227,0.95365214,0.960863,0.9626354,0.9523698,0.9591147,0.9663865,0.9736674,0.9744317,0.948168,0.9542288,0.9657178,0.9575785,0.9681445,0.95538247,0.96202064,0.9622391,0.96149796,0.9645068,0.9612521,0.9590835,0.9572548,0.9595254,0.95332724,0.9730635,0.95233595,0.95464367,0.9610473,0.851426,0.956115,0.9637625,0.94929576,0.9451077,0.933408,0.95271105,0.96834767,0.9476431,0.9526337,0.96572447,0.96164274,0.95495385,0.96542084,0.9588563,0.96448886,0.96768844,0.96005607,0.9509603,0.96293795,0.9610473,0.9627298,0.96028817,0.96614724,0.9590128,0.9547667,0.9667657,0.9595189,0.96234906,0.96243346,0.9615517,0.9599948,0.9551594,0.9467433,0.9727608,0.968754,0.96445584,0.9610581,0.9613754,0.9605191,0.8968053,0.9476824,0.94527555,0.9575547,0.95466304,0.96426314,0.9662751,0.9649841,0.960139,0.9685901,0.9524083,0.9507423,0.9620673,0.9584364,0.96059,0.9665004,0.9637915,0.95313215,0.9414119,0.95328915,0.95214117,0.9613702,0.94770217,0.9496592,0.9579545,0.96275747,0.9716251,0.96673334,0.9590617,0.978672,0.96987903,0.96187216,0.96763283,0.96462554,0.9668414,0.97150385,0.9544138,0.9627605,0.95964515,0.96224576,0.9554885,0.9614501,0.9422675,0.9597879,0.9534264,0.9555242,0.9578682,0.9559937,0.9453524,0.978672,0.9562387,0.9588308,0.9650599,0.97019607
annabellemovie,0.95362407,0.9469281,0.96342677,0.9675224,0.9555781,0.9536039,0.96232575,0.955787,0.97801954,0.9589485,0.96442926,0.96015316,1.0000001,0.96530753,0.953606,0.9652448,0.9681859,0.9541347,0.9546979,0.9510716,0.95268923,0.9561292,0.9556683,0.9662718,0.9592343,0.93793476,0.95784837,0.95677096,0.96296823,0.96150374,0.9517468,0.9655607,0.94766545,0.9605233,0.9521004,0.9490036,0.9540948,0.9712925,0.9612124,0.9642331,0.9598595,0.9641316,0.953209,0.9564143,0.9657115,0.95201486,0.9590434,0.9446482,0.95899004,0.96102375,0.9646751,0.9698283,0.9544285,0.9628324,0.96823865,0.9531854,0.9633292,0.9580989,0.95507324,0.9637877,0.9749486,0.96244586,0.9637147,0.97056884,0.96218616,0.96402204,0.9595365,0.9624903,0.94644123,0.9531544,0.9616018,0.8802099,0.95317495,0.96040916,0.9640185,0.951188,0.94248927,0.95408475,0.95948344,0.94672203,0.94742334,0.96571773,0.97518647,0.9535768,0.976254,0.9518559,0.9744658,0.9783769,0.95173556,0.95873547,0.95340335,0.9616018,0.95967764,0.9619036,0.95643365,0.95768756,0.95573676,0.9519116,0.96107125,0.9554529,0.9600828,0.95536655,0.95709664,0.95785826,0.9532383,0.9664975,0.9658818,0.97248155,0.96355635,0.963217,0.9602533,0.90883785,0.9549144,0.94714427,0.95797575,0.9575235,0.95803875,0.96036506,0.97064364,0.9559957,0.965445,0.96042806,0.9537552,0.9525881,0.9653907,0.9615253,0.96320057,0.9621397,0.96007234,0.93583304,0.95646137,0.95662886,0.9626779,0.95961803,0.95105696,0.96009344,0.9598762,0.9656886,0.96129185,0.9594752,0.97801954,0.96017843,0.96615404,0.962447,0.96458435,0.9586014,0.95967,0.9608223,0.9631352,0.9618462,0.9579411,0.9564328,0.9615406,0.9517904,0.96196604,0.9526639,0.96167475,0.955243,0.9608529,0.9533417,0.97801954,0.9593114,0.96138054,0.95847666,0.9588971
annamovie,0.9650971,0.95787215,0.96889085,0.9568217,0.96518975,0.9660895,0.97494495,0.97160906,0.9847662,0.9593634,0.9710576,0.962602,0.96530753,1.0000001,0.9686518,0.9660611,0.97284025,0.9658521,0.9679212,0.959234,0.9693117,0.9618107,0.9763527,0.97387654,0.9656482,0.91278946,0.96486366,0.96699977,0.96971685,0.96582216,0.96313876,0.9661215,0.96643305,0.9659613,0.9419196,0.94348305,0.9698415,0.9653313,0.9745206,0.96637833,0.96445364,0.9726527,0.958154,0.97000855,0.9633336,0.9656842,0.9746564,0.9593839,0.971149,0.9739467,0.9711461,0.97277075,0.9629012,0.96242553,0.96703696,0.9603372,0.96923757,0.9657866,0.96527433,0.9703025,0.97281456,0.9746986,0.9735675,0.9797763,0.9520715,0.959668,0.9693773,0.9620523,0.96192706,0.9504881,0.9685777,0.85001284,0.9549739,0.9679569,0.95543,0.9532897,0.9367249,0.9672577,0.9609726,0.9575359,0.9616561,0.96453965,0.97647387,0.9636053,0.9657671,0.9649022,0.9705268,0.9781739,0.96502227,0.9654489,0.9646525,0.9685777,0.9674716,0.96587324,0.9636777,0.9676358,0.9672225,0.9570372,0.9728744,0.97607255,0.9645763,0.9630124,0.9605222,0.9627396,0.96963423,0.97233564,0.976508,0.9714916,0.96665484,0.9641635,0.9711838,0.89778036,0.96259046,0.9379679,0.9715808,0.9733291,0.9711937,0.9674172,0.9729324,0.96579945,0.9758692,0.963523,0.9633392,0.9614756,0.9725202,0.96919155,0.9641434,0.97408026,0.9655278,0.946895,0.96365726,0.95076597,0.96884286,0.9622856,0.96747,0.96766156,0.9650749,0.9657505,0.96963036,0.96369064,0.9847662,0.9682456,0.9700436,0.96501607,0.96897453,0.96533465,0.9625542,0.9533614,0.9691814,0.9686712,0.9677449,0.962981,0.9651928,0.95339423,0.9656553,0.9706083,0.97376114,0.9665878,0.9767025,0.96311694,0.9847662,0.9699305,0.9757709,0.9780219,0.96174395
apollo11movie,0.9708896,0.9453906,0.9607552,0.94625425,0.9675201,0.95682883,0.9737754,0.9688187,0.98007953,0.95110977,0.95841813,0.96792233,0.953606,0.9686518,0.99999994,0.96247435,0.9700005,0.95922023,0.96554196,0.97451085,0.96563613,0.95925593,0.96959525,0.96266216,0.96308076,0.91013986,0.9591181,0.9603724,0.96217746,0.95463175,0.9605689,0.9563994,0.96150595,0.9601457,0.9432549,0.94296604,0.96672887,0.96309847,0.9615226,0.95867926,0.9541232,0.9666657,0.9555731,0.96615875,0.9623584,0.96133924,0.97173786,0.9631627,0.9614578,0.9690603,0.9675983,0.97004557,0.9557141,0.96398234,0.96254593,0.9520825,0.9634192,0.96321124,0.9636205,0.9643317,0.951981,0.9651601,0.97008526,0.96661454,0.94703484,0.95667577,0.95237184,0.96057767,0.96214706,0.9435755,0.96637964,0.8226113,0.95218056,0.9641855,0.9572711,0.93964547,0.9374812,0.95342857,0.96344453,0.9519618,0.9523839,0.9590982,0.96437794,0.9554858,0.9513517,0.9553011,0.963728,0.96991,0.9615825,0.96459013,0.96027017,0.96637964,0.9649246,0.95820564,0.964676,0.9736214,0.9543005,0.9638106,0.97189164,0.9745736,0.9604245,0.9606164,0.9586561,0.96040684,0.9553432,0.9689237,0.96699953,0.96982044,0.95530343,0.9609763,0.96345395,0.8930402,0.9561679,0.94410497,0.9633313,0.9620718,0.97160286,0.9647794,0.96385854,0.96358293,0.9685412,0.9479683,0.9648441,0.95796937,0.9606929,0.9571507,0.9624647,0.959506,0.95623016,0.9469809,0.967938,0.94898766,0.9638451,0.96000814,0.96466,0.95741105,0.9664572,0.9614042,0.9668234,0.95659095,0.98007953,0.9617817,0.9637676,0.961781,0.9487571,0.9605721,0.960733,0.9590926,0.97306013,0.96017534,0.9696721,0.9606597,0.95712733,0.9480161,0.96253353,0.9615937,0.96104497,0.96085733,0.9677247,0.9529754,0.98007953,0.9654349,0.9680481,0.96946764,0.9632745
arcticdogsmovie,0.9628482,0.9659495,0.9596576,0.96126413,0.9642387,0.96248084,0.9699322,0.96665174,0.98245263,0.95507574,0.9723186,0.9529873,0.9652448,0.9660611,0.96247435,1.0,0.9726041,0.9641342,0.9675986,0.95534635,0.96462023,0.96151954,0.9678877,0.96777904,0.97257745,0.92036027,0.9627713,0.96406657,0.9591899,0.9576167,0.96200013,0.9502601,0.95878327,0.9657876,0.9509959,0.94392186,0.97524315,0.96358466,0.9650302,0.9585613,0.962462,0.9726185,0.9652198,0.9693023,0.9670353,0.9646821,0.9682212,0.9620982,0.958378,0.9714103,0.9659174,0.96588165,0.95472753,0.96972126,0.9701927,0.9603007,0.96904296,0.9653564,0.9583377,0.9697385,0.96620923,0.96526086,0.96473956,0.9739333,0.95123756,0.96159494,0.9707678,0.9517205,0.9560639,0.9473433,0.97085035,0.8529143,0.95790386,0.96697426,0.96612036,0.9548305,0.94292957,0.9597276,0.9624955,0.95014185,0.9661648,0.9601011,0.9695979,0.9617965,0.96614605,0.9570309,0.96380514,0.9705548,0.9592614,0.96694785,0.95762515,0.97085035,0.9705185,0.9571043,0.96365017,0.96692765,0.95286894,0.953079,0.9629957,0.97057325,0.9678958,0.9588933,0.9565545,0.9659639,0.9605304,0.9683417,0.9637355,0.9761042,0.96852565,0.9592582,0.9660842,0.8933838,0.9691699,0.94137925,0.9712489,0.9643939,0.9655052,0.9604559,0.97272664,0.96143,0.96279013,0.96907973,0.97470605,0.95874923,0.9707697,0.96247506,0.9657886,0.96493036,0.95760477,0.9530645,0.96347344,0.95573926,0.9758735,0.97037214,0.9696545,0.96768886,0.9631876,0.9580554,0.967745,0.96073914,0.98245263,0.9661249,0.9630242,0.9577982,0.96093094,0.9592725,0.9621381,0.95807844,0.96928895,0.9617899,0.96364915,0.9601145,0.9627094,0.95801646,0.9622292,0.9660387,0.9620559,0.96232307,0.9694811,0.9668644,0.98245263,0.9745027,0.96675336,0.9653879,0.96210307
arcticmovie,0.9663388,0.95662534,0.96744317,0.9652789,0.97159857,0.95499706,0.9754572,0.9661785,0.98468745,0.9635459,0.97593397,0.9640743,0.9681859,0.97284025,0.9700005,0.9726041,1.0000004,0.968891,0.9634846,0.9582858,0.96474695,0.9641523,0.9645588,0.97159684,0.9653811,0.91969526,0.96919537,0.97192526,0.9683346,0.9579786,0.9672349,0.96223474,0.952447,0.96867824,0.95437163,0.9506039,0.9669877,0.9696965,0.9704959,0.9721225,0.9625314,0.9720372,0.958586,0.9697369,0.9673407,0.9618023,0.97086364,0.9616371,0.95975333,0.9730039,0.9744134,0.97234565,0.9561643,0.97037774,0.96663904,0.9681672,0.973127,0.97269523,0.9659535,0.9729761,0.9718916,0.971639,0.97243816,0.9759942,0.9539753,0.96399605,0.96380895,0.967082,0.97073036,0.9542118,0.97438985,0.85459596,0.9692953,0.96902925,0.97152215,0.9503384,0.9454432,0.9568633,0.9691164,0.9489457,0.95775586,0.96552366,0.9748347,0.9627794,0.96838576,0.96543515,0.9744776,0.9731093,0.96275777,0.9678963,0.964819,0.97438985,0.97107327,0.96420187,0.9682461,0.9640024,0.9650329,0.9566326,0.96842235,0.9669752,0.96802217,0.9665269,0.96053576,0.9699522,0.9613075,0.9777783,0.9777859,0.9756258,0.96834326,0.9649432,0.9706443,0.9036955,0.96399283,0.94618964,0.96736485,0.97008955,0.97244,0.9638452,0.971165,0.96734524,0.97573775,0.96749455,0.9690262,0.95552284,0.97542596,0.9731127,0.9705526,0.9712228,0.9704035,0.95615244,0.96762115,0.96165043,0.9829897,0.970572,0.9708965,0.96071666,0.9676426,0.96242017,0.9716647,0.9661928,0.98468745,0.96898466,0.9695937,0.9693326,0.96021044,0.9633886,0.9666826,0.9585211,0.97103935,0.9689042,0.97356236,0.968935,0.9617621,0.9511466,0.97117746,0.969673,0.9622738,0.97275794,0.9659173,0.9627209,0.98468745,0.97262776,0.972213,0.96333903,0.9717474
artofracingmovie,0.9611554,0.9530075,0.96108264,0.9582587,0.9783788,0.9585069,0.9621357,0.96368754,0.9800557,0.9641478,0.9642422,0.9527064,0.9541347,0.9658521,0.95922023,0.9641342,0.968891,0.9999998,0.956536,0.9518693,0.9654036,0.9653883,0.9614152,0.96550834,0.96166855,0.91943717,0.97302943,0.9539251,0.9683582,0.9613754,0.9575391,0.9666045,0.9451917,0.9555781,0.9454238,0.9479512,0.961456,0.97036815,0.97073036,0.9692113,0.95390093,0.96998906,0.9555429,0.9660272,0.96306443,0.96915287,0.96543294,0.9678721,0.9614758,0.96755576,0.96628284,0.968288,0.9539461,0.96391135,0.95800894,0.9720329,0.96870714,0.9649354,0.96007663,0.9672893,0.9607682,0.95849854,0.97180676,0.96381885,0.95500565,0.95899224,0.9528398,0.95607007,0.955918,0.9479237,0.9691009,0.82194877,0.960946,0.96431065,0.9615289,0.956477,0.9371003,0.95905167,0.95693356,0.9514929,0.9526374,0.95990664,0.9555693,0.9542932,0.9543521,0.9552918,0.96625423,0.9659203,0.9713126,0.9566702,0.9542946,0.9691009,0.9591553,0.9532141,0.960548,0.9587096,0.961049,0.95850015,0.95200455,0.9645856,0.9659558,0.9620533,0.95958155,0.95642084,0.95348084,0.96445906,0.9711385,0.96687335,0.9646812,0.9624109,0.97447705,0.89781374,0.96053773,0.94377255,0.9639135,0.96568394,0.9689743,0.9567116,0.96474475,0.9534262,0.95876294,0.9635634,0.9540025,0.95050883,0.97429,0.957828,0.96285045,0.9637751,0.9699848,0.942368,0.95890814,0.9538677,0.96745914,0.9567981,0.9623803,0.9599949,0.96007705,0.96113807,0.9679542,0.9724038,0.9800557,0.96434927,0.9623977,0.9536199,0.9525588,0.96201444,0.9637155,0.9597983,0.96221685,0.9622609,0.9609458,0.9628334,0.95926315,0.93875223,0.96335894,0.9694418,0.9625713,0.96975726,0.9614403,0.95801944,0.9800557,0.9644891,0.96499,0.9626336,0.9611852
avengers,0.9835356,0.94893265,0.96295434,0.9542376,0.96209913,0.9637726,0.9622404,0.96132964,0.97879785,0.9553608,0.9661424,0.96346277,0.9546979,0.9679212,0.96554196,0.9675986,0.9634846,0.956536,1.0000004,0.95826364,0.9613354,0.9648684,0.96722037,0.9605663,0.9596851,0.91998804,0.9514553,0.9669802,0.95930094,0.95013833,0.97083443,0.9505494,0.9570952,0.96542567,0.9441503,0.9461433,0.9656871,0.96797144,0.9629227,0.96270347,0.96650547,0.97088486,0.95910966,0.9744359,0.95970273,0.9613723,0.9650007,0.9604411,0.96287817,0.97447014,0.9687631,0.9743856,0.96102715,0.96315014,0.9679566,0.9569945,0.9591079,0.9546043,0.9620427,0.96165603,0.96439236,0.96368426,0.9616399,0.9687495,0.95985585,0.95618576,0.9499889,0.9563093,0.95480144,0.9507848,0.9630365,0.85644966,0.9542283,0.9693542,0.96049017,0.95376205,0.939798,0.9650032,0.96578217,0.9446137,0.95797235,0.95847803,0.9620952,0.96727675,0.96151215,0.9587281,0.9568817,0.97099435,0.9533612,0.95829403,0.9569527,0.9630365,0.96767485,0.9525252,0.9686739,0.9632867,0.9538354,0.9591333,0.9538647,0.9586835,0.9623491,0.95876515,0.9563153,0.9587203,0.94590497,0.9683444,0.9659249,0.97005945,0.9549454,0.9630549,0.9582404,0.9083105,0.9585166,0.9456044,0.96281165,0.96059465,0.97225386,0.9669246,0.97172606,0.9544697,0.96849453,0.9573401,0.9690569,0.96601623,0.96045387,0.9602547,0.9621388,0.972626,0.95502967,0.9519287,0.9543357,0.94501007,0.95858246,0.95702213,0.95863056,0.952501,0.96672034,0.9702465,0.96168923,0.9558579,0.97879785,0.9644246,0.96681064,0.9609121,0.95678526,0.9645779,0.9551125,0.9514273,0.96930134,0.9549912,0.95772415,0.96506804,0.949783,0.95529443,0.95696086,0.9534792,0.9687422,0.9580937,0.96748555,0.9543756,0.97879785,0.9695539,0.96125096,0.96648294,0.9630157
beachbummovie,0.9615915,0.9446801,0.9593875,0.9409729,0.96037173,0.9432809,0.9571249,0.9547454,0.97214603,0.94677275,0.9477141,0.9561108,0.9510716,0.959234,0.97451085,0.95534635,0.9582858,0.9518693,0.95826364,1.0,0.9588448,0.9618344,0.9618377,0.9523921,0.9629304,0.90967345,0.94935775,0.94913757,0.96063125,0.9420566,0.94463444,0.95334405,0.9403935,0.95468616,0.9340593,0.94649667,0.95131105,0.96070874,0.95134944,0.9444514,0.9444759,0.9615003,0.94932914,0.96417564,0.9581475,0.96078324,0.9581963,0.9502644,0.95517904,0.9654942,0.9624166,0.96390796,0.9483853,0.9619547,0.9552,0.9388564,0.95613056,0.95460445,0.9448714,0.9522551,0.9509689,0.9548835,0.95094216,0.9574674,0.9508693,0.94262165,0.94092506,0.957512,0.9465325,0.9507427,0.95452607,0.85032296,0.93769276,0.9522822,0.9480088,0.93337184,0.9377964,0.9451248,0.95234174,0.9427456,0.9470077,0.957709,0.95519763,0.95069265,0.95287496,0.9457492,0.9601572,0.9648295,0.9484033,0.95425135,0.9447928,0.95452607,0.9591646,0.95451415,0.95425516,0.95875734,0.9500189,0.9645295,0.95365083,0.96411204,0.9565583,0.9637096,0.95503783,0.95015943,0.95565987,0.96353585,0.959854,0.9576723,0.9519432,0.9594128,0.9534381,0.9075781,0.95615333,0.9468072,0.95703214,0.9549707,0.9651873,0.9563148,0.9585391,0.94641656,0.9593934,0.95379585,0.95211476,0.9488704,0.9538412,0.9499065,0.9582656,0.9536562,0.94380385,0.9445741,0.9565573,0.93887454,0.953058,0.9530845,0.9568152,0.94403553,0.9556731,0.95986974,0.95463383,0.9617236,0.97214603,0.9598166,0.9602811,0.95410866,0.9464841,0.95776796,0.9468548,0.94764906,0.9560564,0.9566016,0.9526128,0.96195346,0.95592034,0.95399547,0.9477489,0.94868255,0.95456326,0.9500425,0.9605222,0.9465895,0.97214603,0.95928705,0.9552889,0.9615125,0.96030223
bernadettefilm,0.9667149,0.9576662,0.9634008,0.95523477,0.9685378,0.96297854,0.9636967,0.9694707,0.97986734,0.9571006,0.969713,0.95282996,0.95268923,0.9693117,0.96563613,0.96462023,0.96474695,0.9654036,0.9613354,0.9588448,0.9999994,0.966249,0.96561736,0.97048926,0.9664287,0.92048866,0.9624345,0.961476,0.9631124,0.95183074,0.9625891,0.95948267,0.9488192,0.9580186,0.9408922,0.94303864,0.9688548,0.9650615,0.9655375,0.961771,0.9530577,0.9706495,0.9631731,0.9670664,0.96521115,0.9636658,0.96721154,0.96379596,0.9636141,0.96994364,0.9648116,0.96884084,0.94681513,0.962668,0.97134465,0.96002483,0.9623072,0.95767426,0.95540273,0.9652287,0.95839804,0.96324396,0.9714732,0.9634963,0.9492073,0.95511675,0.9551325,0.95618826,0.9565514,0.9437775,0.9661048,0.8426546,0.95148414,0.96168464,0.95724505,0.94492316,0.9404714,0.95373356,0.9561818,0.9580616,0.9593835,0.96644837,0.96088886,0.9515435,0.9535105,0.96001357,0.96884435,0.9658349,0.95687455,0.9602917,0.95602053,0.9661048,0.9651533,0.96677256,0.9661051,0.97037023,0.9637747,0.95717186,0.9605063,0.9664852,0.9612116,0.9639424,0.9636634,0.9564691,0.95873785,0.96406674,0.9695805,0.96357936,0.96730435,0.95638764,0.9695371,0.8911459,0.96265435,0.9338165,0.97139996,0.96792185,0.970107,0.95962393,0.97138345,0.9573906,0.96019006,0.9577901,0.96551806,0.9594886,0.96722573,0.9602481,0.96212524,0.9683062,0.96133167,0.9536434,0.9759989,0.9561197,0.9681744,0.9617717,0.9614521,0.95823896,0.97358626,0.962799,0.9657824,0.9595468,0.97986734,0.9636683,0.9639802,0.9491675,0.95476073,0.9578751,0.95644015,0.9592515,0.9611621,0.9609231,0.9608081,0.9660508,0.9604193,0.9534222,0.95492345,0.9657215,0.9643986,0.9577681,0.9725294,0.958453,0.97986734,0.9657435,0.95931226,0.96933335,0.9629853
