movie,21bridgesmovie,47metersdown,abeautifuldaymovie,abominablemovie,adastramovie,adogsjourneymovie,aftermathmovie,aftermovie,ahiddenlifefilm,alitamovie,angelhasfallen,angrybirdsmovie,annabellemovie,annamovie,apollo11movie,arcticdogsmovie,arcticmovie,artofracingmovie,avengers,beachbummovie,bernadettefilm,blackandbluemovie,blackchristmas,blindedbythelightmovie,bombshellmovie,booksmart,breakthroughmovie,brianbanksmovie,brightburnmovie,brittanyrunsmov,captainmarvelofficial,captivestatemovie,catsmovie,charliesangels,childsplaymovie,clarathefilm,coldpursuitmovie,countdown,currentwarmovie,darkwatersmovie,detectivepikachumovie,disneyaladdin,disneyfrozen,disneymaleficent,doctorsleepmovie,dolemiteismyname,dontletgomovie,doramovie,downtonabbey_official,dumbo,escaperoom,everybodyknowsmovie,fastandfuriousmovie,fightingwmyfam,fivefeetapartfilm,fordvferrari,freaksthefilm,geminimanmovie,glassmovie,gloriabellmovie,godzillamovie,goldfinchmovie,goodboysmovie,goodliarmovie,gretafilm,halathemovie,happydeathdaymovie,harrietfilm,hellboymovie,hersmellmovie,highlifemovie,highstrungmovie,honeyboymovie,hotelmumbaifilm,httydragon,hustlemovie,hustlersmovie,isntitromantic,itmovieofficial,jayandsilentbob,johnwickmovie,jojorabbitmovie,jokermovie,judythefilm,jumanjimovie,justmercyfilm,knivesout,lalloronamovie,lastblackmansf,lastchristmasthemovie,latenightmovie,lighthousemovie,lionking,littlethemovie,littlewomenmovie,littlewoodsfilm,longshotmovie,lordsofchaosmovie,lucyintheskyfilm,mamovie2019,marriagestory,meettheaddams,meninblack,midsommarmovie,midwaymovie,missbalamovie,missinglinkfilm,motherlessbklyn,onceinhollywood,onthebasisofsex,overcomermovie,peanutbutterfalcon,petsematarymovie,piercingmovie,playingwithfire,playmobilthemovie,pomsmovie,queenandslim,rambomovie,readyornotfilm,richardjewellfilm,rocketmanmovie,scarystoriesmovie,secretlifeofpets,serenityfilm,shaftmovie,shazammovie,spidermanmovie,spiesindisguise,starwars,stormboymovie,stubermovie,taosdfilm,teenspiritmov,terminator,theaeronautsmov,thebestofenemies,thedeaddontdie,thefarewell,thehighwaymen,thehummingbirdprojectfilm,theintrudermovie,theirishmanfilm,thekitchenmovie,thelegomovie,themustangfilm,thenightingalefilm,theprodigymovie,thesunisalsoastar,theupsidefilm,tolkienmovie,toystory,triplefrontier,uglydolls,uncutgems,underthesilverlake,usmovie,wavesmovie,whatmenwant,wonderparkmovie,wrinklestheclown,xmenmovies,yardiefilm,yesterdaymovie,zombieland
21bridgesmovie,1.0000002,0.95732707,0.9621603,0.95837384,0.9589446,0.9574706,0.970427,0.9491633,0.97920895,0.95919836,0.95278496,0.9498924,0.96181613,0.9554093,0.9628578,0.9583189,0.9563567,0.9459282,0.9729811,0.9572666,0.9520913,0.96034163,0.9597354,0.96654874,0.9507329,0.9219068,0.958463,0.9585497,0.96016043,0.95342606,0.9478158,0.9492698,0.94624627,0.9559931,0.9630659,0.95038104,0.95712805,0.9747461,0.957096,0.9583458,0.9556223,0.95978737,0.9596756,0.96747696,0.95855093,0.9646855,0.9594579,0.95197093,0.94963133,0.9706999,0.96109205,0.9599889,0.9579745,0.9621173,0.9502198,0.94844157,0.9496558,0.9620821,0.95773995,0.9643447,0.9565257,0.9535521,0.9554538,0.9578269,0.9541016,0.96544904,0.9434622,0.95882434,0.95406353,0.9575686,0.9650623,0.90099835,0.95331764,0.9608592,0.95875967,0.94626164,0.9546766,0.9597014,0.9535309,0.9511609,0.9498473,0.96398354,0.9572509,0.9576529,0.9599371,0.9480955,0.9629527,0.960644,0.9586553,0.9632621,0.9520273,0.9650623,0.94561476,0.9562056,0.959712,0.9626599,0.9532069,0.9572353,0.96311563,0.95252115,0.9627416,0.96084136,0.95542103,0.96708524,0.95775753,0.960706,0.9559123,0.95930433,0.94987816,0.9548157,0.9618916,0.925959,0.9630764,0.9473342,0.95982575,0.9673897,0.98666584,0.9589636,0.960849,0.9566588,0.9608334,0.9560921,0.96028197,0.9601008,0.9579799,0.95873284,0.9548718,0.95220625,0.95629764,0.95372325,0.9559301,0.94947016,0.95702016,0.9508873,0.95892876,0.95462596,0.96368504,0.95299304,0.96470964,0.95789266,0.97920895,0.95882946,0.9642755,0.9599338,0.9567259,0.9524228,0.95497227,0.9660457,0.9613306,0.9698554,0.96231014,0.9529168,0.960553,0.9591819,0.95656633,0.9553433,0.96722895,0.95502573,0.9580341,0.9570193,0.97920895,0.9548854,0.9615544,0.9565202,0.9525137
47metersdown,0.95732707,0.99999976,0.96102476,0.94602454,0.95448816,0.9508817,0.96456105,0.9427536,0.97657716,0.9591796,0.95073116,0.9477661,0.9593025,0.9591018,0.95959085,0.9743,0.95496976,0.9456345,0.9505651,0.95958346,0.9558082,0.961056,0.9589438,0.95851845,0.95092005,0.91817033,0.9625833,0.9616996,0.95601004,0.9464218,0.95058537,0.9514375,0.9388626,0.952346,0.96090835,0.9492757,0.9533355,0.95963526,0.95785826,0.95476097,0.9531402,0.9687989,0.9625255,0.9568375,0.9466401,0.9580256,0.95357174,0.9461514,0.9569801,0.96482027,0.9579885,0.9555606,0.95533967,0.9689729,0.94628316,0.9496295,0.9514999,0.96717346,0.9612555,0.9576898,0.9551765,0.95498556,0.94286215,0.95360565,0.95215774,0.95940393,0.9443293,0.96070236,0.9476052,0.96152776,0.96325845,0.90477157,0.9476334,0.9622908,0.95174646,0.93951064,0.93998283,0.95014304,0.9502673,0.9492125,0.9419812,0.9547102,0.95597,0.9452151,0.96165055,0.9449594,0.9533283,0.95736,0.94394416,0.95372015,0.9545006,0.96325845,0.94699943,0.95788,0.9542175,0.95297843,0.9455546,0.9552716,0.9587162,0.94837946,0.9604268,0.95680386,0.95135504,0.9625162,0.96636534,0.96084994,0.9610198,0.9602355,0.9413081,0.95631665,0.9551135,0.9174735,0.96069777,0.95125526,0.9529186,0.9516904,0.9619274,0.95286816,0.96509296,0.96012783,0.96478915,0.9570978,0.9549092,0.9553877,0.9587204,0.9566951,0.9539885,0.9518917,0.9532661,0.9498827,0.96073437,0.9383319,0.9611295,0.9359247,0.96117115,0.94901836,0.95297545,0.9424263,0.964959,0.95601743,0.97657716,0.9587027,0.9611769,0.9615446,0.9574611,0.9481289,0.95280075,0.959716,0.9583557,0.9606211,0.9608384,0.9596322,0.9600508,0.947669,0.9568497,0.9548512,0.9581694,0.95979285,0.96139026,0.9610785,0.97657716,0.9541224,0.9642615,0.9557254,0.95255667
abeautifuldaymovie,0.9621603,0.96102476,0.9999997,0.9484533,0.95466167,0.9559272,0.9668857,0.95131594,0.9791256,0.9608851,0.9536976,0.9586705,0.96611995,0.96522146,0.9575077,0.9625768,0.9545851,0.9444726,0.96228766,0.95765376,0.94836104,0.97508883,0.9641013,0.9665732,0.96383154,0.9339371,0.95789826,0.95806885,0.9780096,0.95572025,0.95778626,0.95520127,0.94265413,0.96326756,0.9546989,0.9417285,0.95958465,0.96395326,0.9517774,0.9582558,0.9509834,0.9608168,0.96217525,0.96506566,0.9567787,0.9538031,0.96069694,0.95157987,0.9474357,0.97076356,0.97820675,0.95408267,0.95582974,0.9656262,0.9451436,0.9516945,0.9485979,0.9552978,0.96240294,0.95898956,0.95069057,0.95765215,0.95228845,0.9583434,0.9598625,0.9595266,0.96072805,0.96162426,0.9498031,0.96075755,0.95884305,0.8997774,0.9431193,0.95349324,0.9559082,0.9523638,0.9448345,0.9531452,0.9495514,0.9567563,0.95446974,0.9608182,0.95831496,0.95486563,0.96974874,0.9483639,0.95773494,0.963629,0.95721793,0.96117103,0.958093,0.95884305,0.937775,0.95384973,0.97783303,0.9553979,0.9482577,0.9570895,0.9612701,0.95418346,0.95278895,0.96715194,0.96752983,0.9610456,0.9591333,0.97633016,0.95699793,0.9522295,0.96846485,0.9562494,0.96631056,0.92243546,0.9553847,0.93843734,0.9531906,0.9532054,0.96664613,0.9550513,0.970728,0.95545936,0.9581324,0.94642454,0.9610812,0.95263374,0.9644417,0.9598093,0.95912206,0.96656376,0.95503944,0.9533609,0.9581739,0.94944423,0.95951337,0.940532,0.9583391,0.9575079,0.9577899,0.9517695,0.96103746,0.95462054,0.9791256,0.9758236,0.95614254,0.9549531,0.95493436,0.95014775,0.949522,0.9535763,0.95204955,0.95804787,0.95436716,0.97464794,0.95740694,0.9499022,0.9497188,0.95359856,0.9605886,0.9464131,0.96421754,0.9506535,0.9791256,0.9607815,0.95916146,0.9598322,0.97014475
abominablemovie,0.95837384,0.94602454,0.9484533,1.0000002,0.9587997,0.949078,0.96384305,0.94200915,0.97436506,0.9494701,0.94493,0.93958646,0.95715976,0.9492366,0.9612628,0.9495515,0.95229733,0.9449092,0.9481586,0.94878197,0.9561224,0.9537437,0.9551465,0.9609787,0.95553523,0.9375333,0.96063894,0.9427214,0.9513829,0.9555807,0.9455189,0.9510985,0.9489566,0.9454372,0.95311624,0.94550943,0.9474487,0.96528745,0.9620653,0.95639265,0.9557211,0.9547158,0.9511591,0.961017,0.94829565,0.9572846,0.9558506,0.95398426,0.9424261,0.9643926,0.95070434,0.9549396,0.9467318,0.95082027,0.9567916,0.9480809,0.9570036,0.95407563,0.96594113,0.9571303,0.9436289,0.9605149,0.95466435,0.94613326,0.9493132,0.9566152,0.9373702,0.9469814,0.9384748,0.9528413,0.96248406,0.90006757,0.9441932,0.9502583,0.96466535,0.94723994,0.9389285,0.9608135,0.94580525,0.9494704,0.9494266,0.9705508,0.95383584,0.9571763,0.9452146,0.9460757,0.9497534,0.9604019,0.95715994,0.96095496,0.95261025,0.96248406,0.94242436,0.95411134,0.94556904,0.960556,0.9422024,0.9479087,0.9558085,0.9580055,0.95830154,0.9503051,0.95537287,0.95984185,0.95554096,0.9494195,0.95267177,0.9457528,0.94419825,0.96261686,0.954093,0.9258464,0.952671,0.94361776,0.955143,0.9554055,0.96511424,0.94631857,0.9580685,0.95052016,0.9528699,0.9530183,0.9524207,0.9444726,0.96116436,0.9565484,0.9551504,0.9501233,0.95507604,0.9478909,0.95996916,0.9565264,0.9527423,0.9497547,0.9468992,0.9529688,0.9542748,0.950724,0.9620951,0.9539626,0.97436506,0.9506448,0.957766,0.94655347,0.94298524,0.9416056,0.9466236,0.96053475,0.9495003,0.95913,0.9572779,0.9448123,0.96414053,0.93559843,0.9571557,0.9570877,0.9590389,0.95512664,0.94715744,0.9530885,0.97436506,0.95692694,0.9550065,0.9494546,0.9430904
adastramovie,0.9589446,0.95448816,0.95466167,0.9587997,1.0000001,0.9579697,0.96643597,0.9472996,0.97869104,0.9711913,0.94869107,0.9484357,0.95796615,0.96290565,0.9605466,0.95268774,0.9573163,0.97290385,0.95731777,0.95657164,0.94635093,0.96633357,0.960426,0.9624342,0.9548685,0.9247882,0.9656202,0.95718277,0.9560172,0.95190036,0.95512694,0.95292443,0.93920904,0.95206857,0.9547191,0.94720817,0.9573823,0.9643436,0.9575795,0.95782894,0.9491297,0.9589422,0.9574282,0.960028,0.956515,0.96232444,0.9615308,0.95232934,0.94858056,0.96439636,0.9586422,0.95509195,0.9554467,0.9588954,0.95053625,0.9741142,0.96204907,0.9586684,0.96203595,0.9627084,0.9438109,0.9613409,0.9547887,0.94527787,0.9557435,0.96552193,0.9501147,0.95136625,0.95156896,0.955726,0.9608665,0.8951521,0.9507854,0.96398497,0.9567693,0.94566905,0.94089735,0.96073544,0.94714165,0.9593625,0.9529348,0.9633942,0.95318043,0.95504516,0.95121956,0.9481445,0.9551396,0.96180046,0.9575874,0.95829034,0.9530677,0.9608665,0.94388527,0.9568076,0.9495404,0.95464504,0.9448099,0.9585779,0.95932645,0.9580896,0.96107113,0.9622613,0.9542954,0.96336836,0.96216303,0.9578645,0.9585143,0.9509081,0.9400009,0.9624946,0.9605121,0.92822987,0.95830834,0.9520922,0.9568069,0.95876265,0.9618654,0.9603731,0.9606703,0.95226914,0.95628524,0.94941455,0.9631302,0.9519201,0.962071,0.96174335,0.9574061,0.9576339,0.97060573,0.9482213,0.9593239,0.9665004,0.9555511,0.94082326,0.95802647,0.9530581,0.9525451,0.95405215,0.9661491,0.9605757,0.97869104,0.9546607,0.9626976,0.948613,0.9490632,0.94697565,0.94845414,0.9583609,0.95481366,0.9570421,0.96125966,0.95185167,0.964651,0.93931496,0.9615559,0.9559946,0.9619822,0.95402896,0.95034,0.9539838,0.97869104,0.96210325,0.96274924,0.9528621,0.9517244
adogsjourneymovie,0.9574706,0.9508817,0.9559272,0.949078,0.9579697,1.0000008,0.96088547,0.9476449,0.9750014,0.95130295,0.9512265,0.95573854,0.9560063,0.9631667,0.95728016,0.9611919,0.9566782,0.9530447,0.9547628,0.95576626,0.94985545,0.959055,0.95748234,0.95750415,0.94468015,0.9061855,0.9593092,0.95216155,0.95673823,0.95719874,0.95191777,0.9532242,0.9358157,0.95329875,0.94514626,0.9391399,0.94914013,0.9604765,0.9531154,0.95519876,0.9501303,0.95147294,0.9588791,0.9555956,0.9589437,0.9603307,0.95473456,0.95235074,0.9473578,0.9618764,0.95960665,0.96049166,0.94973034,0.95426315,0.9434209,0.9468169,0.95234776,0.95520407,0.95319855,0.9543501,0.9469622,0.9462474,0.95436573,0.9545616,0.95610255,0.95221686,0.9529684,0.9557475,0.9580976,0.95662946,0.9634538,0.8998443,0.9493339,0.9543035,0.9542922,0.94366336,0.9339799,0.95675325,0.9515093,0.9604501,0.94896007,0.9570758,0.9482914,0.9533796,0.95769453,0.9475056,0.95769835,0.9582814,0.9543572,0.96345675,0.9533908,0.9634538,0.9498615,0.94596374,0.9532723,0.95763445,0.9481461,0.95309657,0.95857257,0.9555857,0.95089877,0.9662806,0.9607306,0.96375066,0.9513416,0.95629,0.960041,0.95301795,0.94807625,0.9509793,0.95288944,0.9266688,0.9610303,0.9355982,0.9602397,0.9595437,0.9652467,0.9541613,0.9662697,0.9536641,0.95878947,0.9520463,0.95943207,0.9683488,0.9599221,0.9509497,0.96183985,0.9568562,0.94848007,0.95209914,0.9562152,0.93893564,0.95577455,0.9404582,0.9521505,0.95402694,0.95355576,0.95536065,0.9634873,0.95438486,0.9750014,0.95028734,0.96161115,0.9496163,0.94477767,0.95445424,0.950216,0.9570605,0.9476334,0.9510665,0.9568001,0.9556029,0.9585092,0.93297815,0.95724857,0.95362335,0.9563887,0.9574102,0.9521259,0.9482409,0.9750014,0.9558311,0.9598762,0.96142083,0.95219564
aftermathmovie,0.970427,0.96456105,0.9668857,0.96384305,0.96643597,0.96088547,0.99999976,0.9639043,0.9862314,0.966097,0.962458,0.96394134,0.96966517,0.9667585,0.9687019,0.96636903,0.961056,0.9636859,0.96152496,0.966271,0.95780295,0.9714857,0.96863353,0.97086203,0.968202,0.930367,0.96704787,0.9663456,0.97167385,0.96636045,0.9562032,0.9603655,0.9492838,0.96612763,0.970124,0.95484394,0.96381724,0.9728201,0.9649624,0.96603864,0.96332145,0.9661278,0.9627557,0.9682681,0.9698545,0.9676092,0.9667978,0.9605274,0.95531166,0.9735208,0.973797,0.9652226,0.96603054,0.9726569,0.9539521,0.9595977,0.9664637,0.9687744,0.96682507,0.97032547,0.9668283,0.96388996,0.9670809,0.9594851,0.96095777,0.96747816,0.958717,0.96223325,0.96293294,0.9634744,0.97201276,0.90085,0.9609325,0.96998477,0.96749115,0.95508015,0.9561421,0.9659618,0.9587811,0.96450543,0.96341914,0.977745,0.9670376,0.96495235,0.9658454,0.9567862,0.9676515,0.97196484,0.9615635,0.9753927,0.96564454,0.97201276,0.9557325,0.9665303,0.96313196,0.9693191,0.96618885,0.9637801,0.98537993,0.95999366,0.9667995,0.96694535,0.97057915,0.9682924,0.9666148,0.9737467,0.9690861,0.9616761,0.95675164,0.96764976,0.9671873,0.939768,0.96834284,0.9600936,0.965634,0.96417314,0.97416675,0.9638758,0.9777103,0.98795605,0.9650806,0.9624998,0.96208066,0.95781213,0.97371113,0.96460783,0.96446776,0.9643744,0.96335506,0.9590148,0.9745977,0.95991296,0.9667967,0.9520432,0.964088,0.97006184,0.96216875,0.965462,0.9718948,0.968519,0.9862314,0.9718935,0.96604025,0.96346253,0.96322286,0.95690066,0.961843,0.9742317,0.9698938,0.97085935,0.9845863,0.960529,0.9690688,0.94679105,0.96602196,0.968022,0.9656648,0.970154,0.9667414,0.96293163,0.9862314,0.9681324,0.97452945,0.9660863,0.9657668
aftermovie,0.9491633,0.9427536,0.95131594,0.94200915,0.9472996,0.9476449,0.9639043,1.0,0.97297555,0.95267665,0.9579907,0.94112194,0.95787466,0.95344,0.955565,0.95266765,0.9589416,0.95056164,0.94429445,0.94721025,0.95012087,0.96010673,0.9548655,0.9544761,0.9559136,0.91257983,0.95170426,0.95194083,0.9626039,0.9491868,0.94059235,0.9540693,0.9418043,0.9479237,0.9507029,0.9422304,0.9622286,0.9546336,0.9586176,0.9523396,0.94650835,0.95522326,0.95017993,0.95854294,0.9431477,0.95703846,0.95162284,0.93761957,0.9396055,0.9639346,0.96324885,0.96077347,0.9518108,0.95607716,0.9552134,0.94094926,0.9518461,0.9516548,0.9554374,0.95652026,0.95498717,0.94421893,0.9416792,0.9543944,0.947327,0.95665187,0.95214456,0.9530351,0.95378363,0.94735926,0.9582382,0.882512,0.9435538,0.95023113,0.9533264,0.9449885,0.9366068,0.94584894,0.94391763,0.953554,0.9626409,0.9494375,0.9562852,0.9577246,0.9446646,0.9550599,0.9470177,0.9566154,0.95195925,0.9698415,0.95046216,0.9582382,0.94295543,0.95870286,0.9543045,0.95080686,0.9531837,0.94087505,0.95014244,0.94671047,0.95486873,0.94870526,0.95482683,0.95568746,0.9436107,0.96010625,0.9541093,0.9536937,0.94852984,0.9506211,0.9513226,0.9188396,0.9456729,0.9372438,0.9518567,0.95711064,0.95871437,0.9454636,0.96498185,0.9534144,0.95360774,0.94479555,0.94473875,0.9498039,0.95485,0.9549135,0.9465075,0.95408326,0.948617,0.9496008,0.96179545,0.9351516,0.9585547,0.93989253,0.9437431,0.95460963,0.9557441,0.9544752,0.95537144,0.9524934,0.97297555,0.95879287,0.95283335,0.9509632,0.95274043,0.9505024,0.94551057,0.9507386,0.95985645,0.9494589,0.955508,0.94512415,0.9495875,0.9368775,0.9467164,0.9489557,0.9562729,0.9531834,0.9611077,0.94602203,0.97297555,0.95520556,0.9637611,0.94991237,0.96496266
ahiddenlifefilm,0.97920895,0.97657716,0.9791256,0.97436506,0.97869104,0.9750014,0.9862314,0.97297555,1.0000001,0.9770049,0.9753131,0.9693444,0.980607,0.9788391,0.9827077,0.97968817,0.97881734,0.9717367,0.97274023,0.97463363,0.97180724,0.9812059,0.97932696,0.9816727,0.97676444,0.9408295,0.98208237,0.9770571,0.98091996,0.97142106,0.9716826,0.97366524,0.9621559,0.9735783,0.9763274,0.9671828,0.9783691,0.9828608,0.97772187,0.9771538,0.97532916,0.98117995,0.9786805,0.9811046,0.9738455,0.9782254,0.9763673,0.9706102,0.97132087,0.9877446,0.98210216,0.9809061,0.9729256,0.9812402,0.9694753,0.97254634,0.97535735,0.9781477,0.9820706,0.97865367,0.97416145,0.9738508,0.9731521,0.97457343,0.976152,0.980155,0.9683521,0.9776619,0.97140443,0.97732353,0.98159975,0.90998876,0.97008336,0.9787803,0.9749684,0.967872,0.9609848,0.97449785,0.97007996,0.97410953,0.975417,0.97913015,0.97693026,0.9758474,0.9745131,0.9720472,0.9746858,0.9807854,0.97262776,0.98256683,0.97443897,0.98159975,0.96809757,0.9758883,0.9784526,0.980139,0.97178644,0.9754526,0.976507,0.9737201,0.9782149,0.97733617,0.97670877,0.9814165,0.97844523,0.9815578,0.97993845,0.9789878,0.971202,0.9787869,0.9783109,0.94553506,0.9771027,0.9663933,0.97753304,0.9783436,0.98585314,0.97464526,0.98577625,0.9763907,0.97850823,0.97396135,0.9782787,0.9707782,0.98092693,0.9793725,0.9733509,0.9770325,0.975441,0.9723619,0.9794287,0.964793,0.9801868,0.9638572,0.9761681,0.9748803,0.9779361,0.9731821,0.9806929,0.97855455,1.0000001,0.9790342,0.9811498,0.97621846,0.9735162,0.9732361,0.9713549,0.9756216,0.9765386,0.9779549,0.9812931,0.97189045,0.9780275,0.96057135,0.9739216,0.9756006,0.98037183,0.9746295,0.9798612,0.97704566,1.0000001,0.97806525,0.982586,0.97708946,0.9775879
alitamovie,0.95919836,0.9591796,0.9608851,0.9494701,0.9711913,0.95130295,0.966097,0.95267665,0.9770049,0.99999964,0.95786256,0.95525575,0.9599563,0.96175706,0.9533482,0.9576391,0.952192,0.963885,0.9485816,0.94977874,0.9417102,0.96056217,0.9591268,0.9648061,0.95486176,0.9134687,0.96393895,0.96134424,0.9584328,0.9479758,0.94743866,0.9518399,0.93932575,0.9485755,0.9566202,0.94422835,0.9605958,0.9600026,0.9517592,0.95178527,0.9484431,0.96257406,0.9577811,0.95554775,0.95434463,0.96271825,0.9605227,0.94871265,0.94597566,0.96309555,0.9629871,0.953166,0.95693445,0.9603468,0.9495234,0.9626409,0.9504885,0.9682711,0.9616889,0.95452344,0.9479527,0.9544795,0.9489984,0.9509977,0.9510508,0.96481025,0.94274503,0.9573496,0.95324254,0.95660967,0.953988,0.88947165,0.94516337,0.96345174,0.95725834,0.94979554,0.94001794,0.9564311,0.9469891,0.9539814,0.95511436,0.952141,0.9602412,0.95280635,0.95366895,0.94407636,0.9522243,0.9603519,0.94894844,0.95774955,0.9558262,0.953988,0.94348454,0.95486003,0.95836896,0.95341176,0.9446062,0.9563572,0.96007985,0.95184165,0.9659801,0.9576471,0.9489509,0.95505327,0.9679296,0.96486187,0.95985466,0.9544109,0.94494754,0.95752907,0.9573326,0.9231039,0.95917624,0.9417495,0.9571289,0.96170086,0.96443784,0.96539104,0.9638415,0.95383364,0.95985353,0.9463845,0.9614095,0.94741887,0.9598081,0.96396303,0.94888616,0.95307505,0.96380115,0.94206786,0.9573609,0.9618472,0.95636576,0.9375242,0.9624931,0.95252025,0.9553802,0.9497481,0.9564795,0.9640205,0.9770049,0.95797896,0.96163195,0.95718765,0.9599349,0.9442324,0.9440066,0.9573138,0.9579339,0.9565244,0.9591918,0.95199317,0.95550454,0.9434945,0.94638014,0.95560545,0.95800334,0.95049685,0.9530868,0.95737714,0.9770049,0.95788264,0.9668478,0.95490783,0.95844334
angelhasfallen,0.95278496,0.95073116,0.9536976,0.94493,0.94869107,0.9512265,0.962458,0.9579907,0.9753131,0.95786256,1.0000002,0.94610524,0.9586541,0.95086116,0.95959294,0.9569388,0.95322365,0.942617,0.94601333,0.943927,0.95672655,0.95470893,0.9582561,0.9595499,0.95338136,0.90930396,0.9573959,0.9609639,0.95889723,0.94515467,0.9375944,0.9576687,0.94701666,0.9469257,0.95284575,0.95094556,0.9627724,0.9573277,0.9584246,0.9661959,0.95284545,0.9479598,0.9552177,0.9536643,0.95233077,0.94823813,0.95535433,0.953902,0.95211077,0.96107244,0.96226096,0.96206695,0.9500762,0.9560423,0.94161636,0.9483568,0.9453052,0.95109195,0.95654976,0.94863534,0.9557229,0.93645644,0.9517319,0.9540515,0.9563778,0.95213395,0.9429305,0.9589416,0.96390367,0.9537681,0.9525685,0.89193493,0.9479326,0.96373814,0.9540481,0.9451211,0.9282897,0.9467839,0.9479562,0.9555795,0.9724111,0.9447633,0.9568485,0.95585746,0.94865054,0.9541401,0.95485735,0.9583558,0.94334406,0.9647567,0.9461737,0.9525685,0.9482303,0.9583665,0.9573842,0.96687686,0.961393,0.9504878,0.9503666,0.9500517,0.95541894,0.95206046,0.9557855,0.9587977,0.9568093,0.95930177,0.95792055,0.96160996,0.9517115,0.96285176,0.9577278,0.92570186,0.9542927,0.93331015,0.9587428,0.9687608,0.96497923,0.9537465,0.9650679,0.9562597,0.95700616,0.9534023,0.9547265,0.9431781,0.9525165,0.9591341,0.9485419,0.9543115,0.9488417,0.9422768,0.964595,0.940379,0.9603473,0.9457557,0.94740194,0.9497774,0.95839876,0.95255095,0.95090526,0.9561106,0.9753131,0.95567536,0.95484644,0.95691276,0.9515765,0.95841146,0.9420194,0.9505983,0.95564973,0.95012593,0.9644966,0.9413906,0.94388336,0.9341417,0.9413577,0.93935764,0.96059865,0.9550603,0.9632651,0.9538823,0.9753131,0.9529042,0.9710728,0.95923984,0.9616171
angrybirdsmovie,0.9498924,0.9477661,0.9586705,0.93958646,0.9484357,0.95573854,0.96394134,0.94112194,0.9693444,0.95525575,0.94610524,1.0,0.95359135,0.95881504,0.9478548,0.9589133,0.9501902,0.94755536,0.9482236,0.94964075,0.94254136,0.9534233,0.94472533,0.94556314,0.94824725,0.88897955,0.95690316,0.9470715,0.9624628,0.9559612,0.9525365,0.94969225,0.92906064,0.96800774,0.9483307,0.9413541,0.9497814,0.9542212,0.94519633,0.9436799,0.95168406,0.9519586,0.95773053,0.9461631,0.94661003,0.9573954,0.9486176,0.9544485,0.9378264,0.95556015,0.9706717,0.9475291,0.9425894,0.9576857,0.9400615,0.9465589,0.94156283,0.9502786,0.9516924,0.9400591,0.9464972,0.94899535,0.9415238,0.94948846,0.9458329,0.9487956,0.94768244,0.942782,0.93926704,0.9461924,0.9493787,0.893263,0.9432757,0.9519425,0.94251704,0.9412719,0.9434224,0.9545029,0.9438815,0.9584366,0.9462693,0.95133513,0.95324796,0.94501275,0.9592228,0.945987,0.9497292,0.95518816,0.9447802,0.9540249,0.9574289,0.9493787,0.9434661,0.941825,0.9607842,0.9491178,0.9452511,0.94636226,0.95416725,0.94303304,0.9481968,0.9513716,0.95135415,0.94317895,0.94936866,0.96704435,0.953442,0.95071775,0.9427149,0.9472678,0.94681,0.9156004,0.961452,0.92664015,0.957268,0.95275867,0.9596824,0.9475656,0.9596249,0.95674837,0.9542375,0.95302916,0.9495375,0.9450013,0.95998156,0.9500414,0.94878495,0.9604486,0.9443757,0.9472159,0.9587901,0.9351648,0.9491895,0.9395259,0.9482469,0.9569608,0.9476947,0.9400891,0.95170057,0.95706475,0.9693444,0.95770204,0.9511737,0.9626303,0.96138936,0.94406563,0.9481677,0.9503657,0.9493855,0.9557978,0.9614675,0.9475656,0.9530873,0.935561,0.9387294,0.95062363,0.9499035,0.9498727,0.94945604,0.9462462,0.9693444,0.95241284,0.9545945,0.9491408,0.9561956
annabellemovie,0.96181613,0.9593025,0.96611995,0.95715976,0.95796615,0.9560063,0.96966517,0.95787466,0.980607,0.9599563,0.9586541,0.95359135,1.0,0.9618127,0.96191955,0.966945,0.9602942,0.9502208,0.9542374,0.9545163,0.95431596,0.9692908,0.9602362,0.97142845,0.9562397,0.91823506,0.961782,0.9567162,0.9636563,0.95733404,0.95401204,0.96324956,0.94661075,0.95799774,0.9630302,0.9588891,0.9609758,0.9763322,0.9619546,0.9591645,0.9629021,0.9642288,0.9588649,0.96229947,0.9619218,0.96311325,0.95140755,0.949281,0.9522113,0.96893257,0.9694356,0.95763963,0.963833,0.9702381,0.96250117,0.95584375,0.9582709,0.9577601,0.9664652,0.95614254,0.95926934,0.9556708,0.95516217,0.9542746,0.962496,0.96049494,0.9468833,0.9557775,0.9589295,0.9579767,0.9568382,0.8997496,0.95293933,0.9579428,0.95548284,0.94782174,0.9475708,0.9615663,0.954545,0.95551586,0.9580839,0.9670509,0.9646652,0.95965356,0.9703353,0.95040226,0.97046655,0.9789171,0.9538833,0.9649001,0.95673454,0.9568382,0.9504172,0.95771766,0.96657556,0.9633248,0.9562559,0.9542744,0.95774996,0.9560394,0.96382415,0.9685803,0.9668969,0.9577945,0.96202534,0.97154456,0.9657911,0.9593036,0.960457,0.95706946,0.961442,0.9319464,0.95771664,0.9519339,0.9534573,0.95793223,0.9667789,0.9544489,0.9700869,0.9598009,0.9670495,0.9562815,0.96181554,0.958237,0.9638661,0.9635041,0.9572631,0.9616188,0.9594253,0.9537582,0.96458596,0.94649,0.96211845,0.94122845,0.95622,0.9576492,0.95617235,0.9566449,0.9613926,0.9617339,0.980607,0.96585584,0.96616787,0.9612092,0.95885515,0.95212376,0.9497424,0.96465236,0.9604791,0.9578373,0.95998967,0.9562573,0.957215,0.95084804,0.95456666,0.95296484,0.9653932,0.9567036,0.95723104,0.9515593,0.980607,0.96195996,0.96708786,0.95416164,0.96536
annamovie,0.9554093,0.9591018,0.96522146,0.9492366,0.96290565,0.9631667,0.9667585,0.95344,0.9788391,0.96175706,0.95086116,0.95881504,0.9618127,0.9999997,0.9622403,0.96709585,0.96057445,0.9555827,0.95483595,0.96375334,0.9559225,0.9665362,0.958962,0.9653768,0.9618895,0.9122686,0.961941,0.96091866,0.9639507,0.9622576,0.95924866,0.95343405,0.93887866,0.95947754,0.9571488,0.9436063,0.9613315,0.965862,0.9564223,0.95599496,0.9487207,0.9610069,0.9631973,0.960839,0.9617828,0.96758866,0.9594275,0.9497989,0.954881,0.96805024,0.9679291,0.9610134,0.9550443,0.9574877,0.9468406,0.95752776,0.9569851,0.96025914,0.9622717,0.9588005,0.9465806,0.9520832,0.9543689,0.96874213,0.9594867,0.9587798,0.9591968,0.9544884,0.9550977,0.96060586,0.9626464,0.8780046,0.95539963,0.9581787,0.95279765,0.9442471,0.9377,0.9531539,0.9550988,0.9613892,0.9543418,0.9572298,0.9593929,0.95452493,0.96129555,0.95239645,0.95849794,0.9618512,0.9511899,0.9655869,0.9583773,0.9626464,0.9561766,0.95601594,0.96050125,0.96429,0.9467355,0.9607247,0.9573492,0.96291786,0.9632181,0.96254534,0.95821553,0.95950544,0.9667702,0.9661871,0.9672004,0.96108085,0.9582665,0.9543136,0.9657807,0.923524,0.9640132,0.9466813,0.95774096,0.95593965,0.96527606,0.957532,0.9687006,0.95821005,0.95865196,0.9516245,0.95886344,0.9554359,0.96667874,0.9593735,0.9568039,0.9627065,0.9558701,0.9536407,0.9592161,0.9480448,0.96483105,0.94546634,0.9590992,0.9653411,0.9589744,0.9500228,0.96098846,0.9605097,0.9788391,0.96476483,0.96943223,0.96292347,0.95463336,0.9529775,0.9517729,0.95323807,0.95704246,0.9540438,0.9614329,0.9627226,0.963232,0.9328386,0.95558536,0.9560741,0.9529115,0.9624721,0.9590844,0.95672894,0.9788391,0.9595064,0.9650972,0.96099275,0.9559419
apollo11movie,0.9628578,0.95959085,0.9575077,0.9612628,0.9605466,0.95728016,0.9687019,0.955565,0.9827077,0.9533482,0.95959294,0.9478548,0.96191955,0.9622403,1.0,0.95846236,0.96196485,0.9588636,0.95603436,0.9691005,0.9616338,0.9606342,0.9592371,0.9653182,0.9632432,0.93115044,0.96967626,0.9582396,0.9587018,0.9536405,0.9549981,0.96146774,0.94826245,0.9548377,0.96066755,0.9587511,0.9637299,0.9630516,0.96607125,0.9631313,0.95772326,0.9613862,0.9643624,0.96470475,0.95926934,0.9570142,0.9570139,0.9599838,0.95523083,0.96833915,0.962379,0.968125,0.95976686,0.9626256,0.9473442,0.95731103,0.9583435,0.95794463,0.9706298,0.96013445,0.95456266,0.9512877,0.9585653,0.95311165,0.9601463,0.96592945,0.94958407,0.95860696,0.9531383,0.9597179,0.9649899,0.8946636,0.95684296,0.9654689,0.958593,0.9472662,0.944257,0.95853597,0.951498,0.9562369,0.9578405,0.9573357,0.95394087,0.9608253,0.95546573,0.96207327,0.9557451,0.9653884,0.9578976,0.9675969,0.9574995,0.9649899,0.9532065,0.9664617,0.9594404,0.97905016,0.9562725,0.95804584,0.95651793,0.9585131,0.9619213,0.95559925,0.95861584,0.9639055,0.9601463,0.96238494,0.96200997,0.9592184,0.95276064,0.9637823,0.96525097,0.9369539,0.9630405,0.95922506,0.9597331,0.96202683,0.9681693,0.96237534,0.96552235,0.9632082,0.9617136,0.96054035,0.960366,0.94898456,0.9647201,0.96748155,0.95905185,0.9604657,0.96048397,0.9598849,0.9674354,0.9469235,0.9619531,0.9503503,0.9634148,0.9581566,0.96325946,0.95965415,0.96557534,0.95967424,0.9827077,0.9606663,0.96167463,0.9559305,0.9513516,0.9605169,0.9566993,0.95517665,0.9551981,0.9562672,0.9674061,0.9506892,0.9625791,0.9439383,0.9520056,0.958108,0.9638824,0.9605965,0.9714844,0.9646123,0.9827077,0.9570958,0.96966696,0.96284705,0.95974165
arcticdogsmovie,0.9583189,0.9743,0.9625768,0.9495515,0.95268774,0.9611919,0.96636903,0.95266765,0.97968817,0.9576391,0.9569388,0.9589133,0.966945,0.96709585,0.95846236,0.99999976,0.96259624,0.9477706,0.9513936,0.96002525,0.95758164,0.96628124,0.95981336,0.95586044,0.954969,0.9057331,0.95798504,0.96445686,0.9590359,0.95182174,0.95634985,0.96043414,0.94818443,0.96347785,0.95634913,0.94715947,0.9578226,0.96267116,0.9580365,0.9585965,0.96321785,0.9639664,0.9605978,0.96448886,0.9497419,0.963993,0.955349,0.95174956,0.9586302,0.96955055,0.96468097,0.96301997,0.960632,0.96364146,0.9533874,0.95447767,0.9529355,0.9637131,0.9662573,0.953697,0.96063226,0.9603875,0.94783485,0.965937,0.9616884,0.9610711,0.9537175,0.96293604,0.9555654,0.96115124,0.96309423,0.9020991,0.9526007,0.96746296,0.95488673,0.9415427,0.9452718,0.9585525,0.95832956,0.9586469,0.96003854,0.958364,0.9616876,0.9555848,0.96222425,0.9556724,0.95830667,0.9623514,0.94859713,0.9651432,0.9614452,0.96309423,0.9509514,0.9602148,0.96222585,0.95918846,0.95606595,0.95176405,0.9592296,0.95282143,0.95969385,0.9616313,0.9565605,0.9628331,0.95988154,0.9645747,0.9641263,0.9753357,0.9610816,0.95949674,0.9549477,0.9272206,0.96358246,0.9437507,0.95511806,0.96127105,0.96876955,0.958346,0.9718028,0.9578119,0.9656053,0.9602736,0.9646898,0.9610233,0.96328294,0.9637937,0.95730555,0.9541595,0.9557061,0.9515545,0.9629625,0.9414356,0.9630784,0.94075817,0.9593835,0.95959955,0.95936,0.9531353,0.9603545,0.9581697,0.97968817,0.96019226,0.9668806,0.9683861,0.95889884,0.9591556,0.9642302,0.95945513,0.96172464,0.96432215,0.9614809,0.9631943,0.9569002,0.95417327,0.9573888,0.95270216,0.95924807,0.96063596,0.9633356,0.95854294,0.97968817,0.95864767,0.96756023,0.9599666,0.9565389
arcticmovie,0.9563567,0.95496976,0.9545851,0.95229733,0.9573163,0.9566782,0.961056,0.9589416,0.97881734,0.952192,0.95322365,0.9501902,0.9602942,0.96057445,0.96196485,0.96259624,1.0000005,0.9524755,0.9527305,0.9564787,0.94768906,0.9588175,0.95624864,0.96191037,0.9619196,0.9148123,0.9632506,0.96902686,0.960764,0.94591624,0.9535689,0.9624335,0.94756114,0.9543604,0.95803976,0.95414454,0.96190286,0.96243286,0.9575682,0.9569708,0.9552844,0.9634403,0.952698,0.96135694,0.9616736,0.964598,0.9526316,0.9559145,0.94984555,0.97115475,0.9610938,0.96228004,0.9562758,0.9626157,0.9443782,0.95172703,0.96051687,0.9540315,0.9590988,0.96783143,0.9533255,0.9492383,0.9598072,0.95758903,0.9519123,0.96108395,0.95283705,0.95852613,0.9514613,0.9523852,0.968929,0.90004915,0.9503395,0.96366054,0.9557511,0.9489465,0.94401944,0.9564901,0.9434989,0.95316905,0.95499367,0.9545922,0.9604346,0.95639545,0.95131433,0.9601029,0.9555884,0.961178,0.95848846,0.9636158,0.94671476,0.968929,0.95941097,0.9608366,0.95676446,0.95745254,0.9549387,0.9609753,0.9509527,0.95063967,0.95968896,0.9589073,0.95891845,0.96719575,0.95626175,0.9625905,0.9659275,0.9589866,0.9564637,0.95862424,0.9549619,0.9167231,0.9599968,0.9502956,0.9547012,0.95512164,0.96351105,0.9503669,0.96705335,0.9501611,0.9541485,0.955061,0.95706636,0.9580157,0.9643238,0.96100867,0.95765245,0.9551077,0.95824337,0.95489115,0.9553745,0.9406198,0.9754965,0.95153093,0.9565588,0.9497425,0.9575058,0.94736314,0.9668035,0.95707333,0.97881734,0.95667595,0.9599101,0.9568204,0.95619625,0.95968276,0.95835114,0.9532234,0.9569785,0.9506326,0.95613116,0.9548974,0.9584193,0.94133765,0.96166104,0.95705104,0.962182,0.9546182,0.96306807,0.94814545,0.97881734,0.95531833,0.9655041,0.9601771,0.95845926
artofracingmovie,0.9459282,0.9456345,0.9444726,0.9449092,0.97290385,0.9530447,0.9636859,0.95056164,0.9717367,0.963885,0.942617,0.94755536,0.9502208,0.9555827,0.9588636,0.9477706,0.9524755,0.99999976,0.9453475,0.9554461,0.9355687,0.958604,0.9510462,0.9535278,0.94910496,0.91092664,0.9613031,0.959265,0.95684683,0.95331466,0.95389044,0.9391644,0.9369722,0.9438274,0.94794124,0.93740946,0.9550229,0.9516729,0.9541409,0.9430169,0.94504803,0.94843626,0.95763546,0.9490793,0.9477007,0.9563668,0.9516829,0.9447654,0.94017756,0.95624316,0.9566677,0.95093995,0.95057094,0.95432854,0.9408326,0.9665885,0.9590152,0.9571245,0.9600604,0.95297587,0.94969547,0.95361805,0.9472654,0.93913615,0.94414955,0.9561155,0.94574964,0.94984275,0.9506734,0.95413053,0.95705473,0.8766875,0.94943047,0.9545101,0.95537835,0.9374231,0.9284347,0.94779474,0.94871074,0.9564776,0.9457236,0.9513983,0.94463044,0.9501788,0.9430796,0.9474651,0.94883084,0.9559662,0.94303703,0.9593295,0.9491185,0.95705473,0.94191295,0.949307,0.9441229,0.9506608,0.9484986,0.9539306,0.95215076,0.9463641,0.956181,0.9596711,0.9511287,0.9533,0.954022,0.9558894,0.95266145,0.9435742,0.93628156,0.9481525,0.9514294,0.9275548,0.95011836,0.94140166,0.9553255,0.95231855,0.95455533,0.95699364,0.9555903,0.9575724,0.9488408,0.94957167,0.9468585,0.9394481,0.9536531,0.9589289,0.95070827,0.9569359,0.9624827,0.9509409,0.9496063,0.960255,0.95523703,0.9314837,0.9518615,0.9536946,0.9517212,0.9463093,0.9587563,0.9681767,0.9717367,0.95017415,0.956056,0.9488148,0.94672745,0.93570846,0.9481187,0.95275545,0.94903624,0.94840086,0.95624006,0.9445942,0.9595606,0.93636316,0.95407766,0.95755285,0.9467795,0.95966065,0.94470453,0.9504058,0.9717367,0.9589935,0.95581204,0.9519832,0.95335007
avengers,0.9729811,0.9505651,0.96228766,0.9481586,0.95731777,0.9547628,0.96152496,0.94429445,0.97274023,0.9485816,0.94601333,0.9482236,0.9542374,0.95483595,0.95603436,0.9513936,0.9527305,0.9453475,0.99999976,0.95328516,0.9473294,0.95333624,0.9575088,0.95724565,0.94638413,0.9164237,0.95391953,0.952961,0.957061,0.9544727,0.96773714,0.9446525,0.9463229,0.94473463,0.94915503,0.93289024,0.95106447,0.9545304,0.953686,0.9508228,0.95168006,0.94910157,0.9474418,0.9573474,0.9543728,0.95648676,0.95559114,0.94464374,0.94521874,0.9611782,0.9563853,0.9547592,0.9445816,0.9553273,0.9414639,0.95195884,0.9406426,0.9461255,0.9533096,0.96153986,0.94969636,0.9484949,0.9460081,0.94624645,0.9494734,0.9589504,0.9551213,0.9525072,0.9449256,0.95183283,0.9577181,0.8886402,0.93783605,0.95486456,0.9556417,0.9465604,0.9385366,0.95269203,0.94771314,0.94810486,0.94240177,0.9582605,0.950277,0.9512393,0.957571,0.955298,0.9573486,0.95853865,0.9532731,0.9624588,0.94596475,0.9577181,0.93239313,0.9464754,0.95402,0.9556848,0.9414696,0.9581967,0.9532133,0.95601296,0.94921917,0.9542657,0.95058674,0.95917016,0.94893247,0.9521984,0.95678824,0.9481416,0.9502543,0.957648,0.95405865,0.9105113,0.9540929,0.9292939,0.9552345,0.95010364,0.95870405,0.95098215,0.959045,0.9498336,0.95046794,0.95033276,0.95401907,0.9570634,0.95550805,0.951316,0.95425564,0.95206,0.95211613,0.9519036,0.9528146,0.9453974,0.9478936,0.9532193,0.9436051,0.9512928,0.94452864,0.9523876,0.9600961,0.9525986,0.97274023,0.9524035,0.9569378,0.95108306,0.94799525,0.9426454,0.93940896,0.9543281,0.94791377,0.9537669,0.95124936,0.95294464,0.9534146,0.9468114,0.95699453,0.9525458,0.9625625,0.9485267,0.9492664,0.94886595,0.97274023,0.9583293,0.95132136,0.9590307,0.94597584
beachbummovie,0.9572666,0.95958346,0.95765376,0.94878197,0.95657164,0.95576626,0.966271,0.94721025,0.97463363,0.94977874,0.943927,0.94964075,0.9545163,0.96375334,0.9691005,0.96002525,0.9564787,0.9554461,0.95328516,1.0000004,0.94836426,0.9686635,0.9534957,0.9605785,0.95451957,0.9203555,0.9581127,0.95544344,0.96572125,0.9522493,0.9536528,0.94321054,0.93862146,0.95871323,0.95139164,0.93822587,0.95128495,0.9599276,0.95324343,0.9498045,0.95182157,0.9594827,0.9583415,0.95635706,0.949888,0.96525776,0.9496998,0.95127153,0.95243883,0.96501106,0.9625717,0.95339155,0.9528938,0.9556435,0.9421402,0.95220995,0.9577505,0.9577462,0.95729834,0.96284544,0.9540995,0.95040786,0.9450299,0.94834447,0.9474002,0.9632636,0.95158505,0.94790125,0.9496242,0.9604337,0.9628137,0.8960717,0.9473606,0.9636587,0.9485862,0.9428099,0.941569,0.9513257,0.9507706,0.9598807,0.9459544,0.954664,0.94816566,0.9473504,0.9514068,0.9517754,0.9591952,0.9532196,0.95389324,0.96000934,0.9468719,0.9628137,0.94345,0.9538252,0.9529157,0.9622756,0.94491684,0.9672782,0.95520467,0.9575629,0.95553535,0.96224767,0.9548323,0.9578457,0.9554617,0.95932204,0.95862406,0.95194477,0.95142186,0.95891744,0.9561232,0.91682905,0.9508478,0.9468157,0.95713514,0.9525432,0.9640808,0.94968134,0.95917064,0.95693463,0.9553943,0.9458703,0.95745265,0.9503706,0.9576472,0.9599208,0.95765704,0.95099705,0.94967896,0.94970036,0.95790154,0.94285387,0.9579895,0.9402739,0.9604787,0.9559844,0.9572957,0.9433755,0.9605872,0.9547776,0.97463363,0.96099687,0.9580035,0.9578757,0.9532676,0.9436835,0.9510928,0.954302,0.95071226,0.95204484,0.96197635,0.9553317,0.965264,0.94361424,0.95989466,0.9499071,0.9529179,0.96170115,0.9562865,0.9505008,0.97463363,0.950059,0.9601509,0.963869,0.9533947
bernadettefilm,0.9520913,0.9558082,0.94836104,0.9561224,0.94635093,0.94985545,0.95780295,0.95012087,0.97180724,0.9417102,0.95672655,0.94254136,0.95431596,0.9559225,0.9616338,0.95758164,0.94768906,0.9355687,0.9473294,0.94836426,1.0000001,0.9532568,0.9572604,0.9522653,0.95145327,0.92529947,0.95054966,0.9459217,0.9537275,0.9504293,0.95049644,0.96308905,0.941347,0.9439976,0.94252867,0.9414353,0.94595593,0.9548964,0.95549846,0.964935,0.94749856,0.9524569,0.94995147,0.95326054,0.9461518,0.9481621,0.9528418,0.9472221,0.9518869,0.96181023,0.9551143,0.9614738,0.9399651,0.9521813,0.9513328,0.9333014,0.9429985,0.93985784,0.9634061,0.95212513,0.94612586,0.9430127,0.9443156,0.9464978,0.952498,0.9494651,0.9433166,0.95565826,0.9446306,0.95390874,0.9614246,0.8947241,0.9404503,0.9498809,0.95463365,0.9542264,0.9238291,0.9579699,0.9483551,0.95009905,0.9515619,0.94705564,0.94539815,0.95384145,0.9438382,0.94621044,0.9394453,0.958532,0.94860274,0.9594502,0.9533711,0.9614246,0.9513688,0.953865,0.9509628,0.9588103,0.94221395,0.9457608,0.94924694,0.95597285,0.9495148,0.945681,0.953668,0.9659589,0.94737947,0.9507398,0.95542306,0.950072,0.9451756,0.96485806,0.94458765,0.90550905,0.9501397,0.93481255,0.9604055,0.95487505,0.9619473,0.9505149,0.9583164,0.953878,0.95360684,0.9465061,0.9530468,0.9553302,0.9610528,0.9565262,0.9507346,0.94988996,0.9327092,0.94435084,0.9737273,0.9336159,0.94998163,0.9379915,0.9390406,0.9532884,0.95061797,0.9430569,0.9572156,0.947548,0.97180724,0.9576139,0.9500087,0.94962144,0.94170165,0.9548131,0.94081295,0.9483585,0.9461483,0.9524034,0.9555825,0.9419763,0.9533891,0.92594314,0.95510423,0.94683033,0.95167905,0.9578713,0.9566691,0.95260096,0.97180724,0.94930303,0.959898,0.9529158,0.9480343
