movie,21bridgesmovie,47metersdown,abeautifuldaymovie,abominablemovie,adastramovie,adogsjourneymovie,aftermathmovie,aftermovie,ahiddenlifefilm,alitamovie,angelhasfallen,angrybirdsmovie,annabellemovie,annamovie,apollo11movie,arcticdogsmovie,arcticmovie,artofracingmovie,avengers,beachbummovie,bernadettefilm,blackandbluemovie,blackchristmas,blindedbythelightmovie,bombshellmovie,booksmart,breakthroughmovie,brianbanksmovie,brightburnmovie,brittanyrunsmov,captainmarvelofficial,captivestatemovie,catsmovie,charliesangels,childsplaymovie,clarathefilm,coldpursuitmovie,countdown,currentwarmovie,darkwatersmovie,detectivepikachumovie,disneyaladdin,disneyfrozen,disneymaleficent,doctorsleepmovie,dolemiteismyname,dontletgomovie,doramovie,downtonabbey_official,dumbo,escaperoom,everybodyknowsmovie,fastandfuriousmovie,fightingwmyfam,fivefeetapartfilm,fordvferrari,freaksthefilm,geminimanmovie,glassmovie,gloriabellmovie,godzillamovie,goldfinchmovie,goodboysmovie,goodliarmovie,gretafilm,halathemovie,happydeathdaymovie,harrietfilm,hellboymovie,hersmellmovie,highlifemovie,highstrungmovie,honeyboymovie,hotelmumbaifilm,httydragon,hustlemovie,hustlersmovie,isntitromantic,itmovieofficial,jayandsilentbob,johnwickmovie,jojorabbitmovie,jokermovie,judythefilm,jumanjimovie,justmercyfilm,knivesout,lalloronamovie,lastblackmansf,lastchristmasthemovie,latenightmovie,lighthousemovie,lionking,littlethemovie,littlewomenmovie,littlewoodsfilm,longshotmovie,lordsofchaosmovie,lucyintheskyfilm,mamovie2019,marriagestory,meettheaddams,meninblack,midsommarmovie,midwaymovie,missbalamovie,missinglinkfilm,motherlessbklyn,onceinhollywood,onthebasisofsex,overcomermovie,peanutbutterfalcon,petsematarymovie,piercingmovie,playingwithfire,playmobilthemovie,pomsmovie,queenandslim,rambomovie,readyornotfilm,richardjewellfilm,rocketmanmovie,scarystoriesmovie,secretlifeofpets,serenityfilm,shaftmovie,shazammovie,spidermanmovie,spiesindisguise,starwars,stormboymovie,stubermovie,taosdfilm,teenspiritmov,terminator,theaeronautsmov,thebestofenemies,thedeaddontdie,thefarewell,thehighwaymen,thehummingbirdprojectfilm,theintrudermovie,theirishmanfilm,thekitchenmovie,thelegomovie,themustangfilm,thenightingalefilm,theprodigymovie,thesunisalsoastar,theupsidefilm,tolkienmovie,toystory,triplefrontier,uglydolls,uncutgems,underthesilverlake,usmovie,wavesmovie,whatmenwant,wonderparkmovie,wrinklestheclown,xmenmovies,yardiefilm,yesterdaymovie,zombieland
21bridgesmovie,1.0,0.96357477,0.9612169,0.9663058,0.9673311,0.96905684,0.9702326,0.9670165,0.98435944,0.9609042,0.97109354,0.95543355,0.96520543,0.9671296,0.97191095,0.9542331,0.96685374,0.96501034,0.97780424,0.9623749,0.96467733,0.9657717,0.9716889,0.9622759,0.9658751,0.90035164,0.9624884,0.97245735,0.9636932,0.96849006,0.97495466,0.97257465,0.96451735,0.9534286,0.9469289,0.9389233,0.97410595,0.97371596,0.9495683,0.96351534,0.96488225,0.9694373,0.95236313,0.9663283,0.97233486,0.96616924,0.96920186,0.96669316,0.9594984,0.9714309,0.96651757,0.9732553,0.9679807,0.963672,0.9632735,0.9576714,0.959447,0.965748,0.96727955,0.9619543,0.9684123,0.9609662,0.95630527,0.9701209,0.96112895,0.97404027,0.9634028,0.95997864,0.9655739,0.9583198,0.9695714,0.79948574,0.9545538,0.97039086,0.9630399,0.96463084,0.9376692,0.9591831,0.94992197,0.9639102,0.9645258,0.9628371,0.97227633,0.9675255,0.96722496,0.9730028,0.9592854,0.9686816,0.96949947,0.96951807,0.969474,0.9695714,0.96051764,0.95960927,0.962779,0.96667594,0.96682507,0.96492016,0.9692101,0.96301496,0.96251994,0.96007776,0.9683281,0.96518564,0.9677176,0.96642625,0.976141,0.96653134,0.9497437,0.9661557,0.9736239,0.8915018,0.9695497,0.9387417,0.96141344,0.97468424,0.9919041,0.9655781,0.9717883,0.96150106,0.96905214,0.96800077,0.9705661,0.9660364,0.96932137,0.96550137,0.96345645,0.96309114,0.96869534,0.94159573,0.9638238,0.9650122,0.9657024,0.9574751,0.96051466,0.9664225,0.9736826,0.96649396,0.9696175,0.9701373,0.98435944,0.96496964,0.9622927,0.9652756,0.9591875,0.9676534,0.9619229,0.9440374,0.96712244,0.9687228,0.958592,0.9706782,0.96505374,0.9631891,0.96361464,0.9579664,0.96039593,0.96161085,0.9670423,0.96791404,0.98435944,0.9609347,0.9741141,0.96667814,0.9630621
47metersdown,0.96357477,1.0000001,0.95760024,0.9517843,0.9550134,0.94712174,0.9569087,0.96323,0.97527826,0.9567144,0.9605391,0.94580346,0.9578167,0.95716584,0.9622948,0.9631284,0.95524347,0.96439606,0.9503666,0.9563127,0.9586636,0.96701187,0.9577276,0.9569618,0.9451077,0.88829076,0.9564982,0.95673823,0.9663612,0.9573671,0.9550727,0.957651,0.9405819,0.95517343,0.9477567,0.92974144,0.9571346,0.95545024,0.9488134,0.95462304,0.95871156,0.9587355,0.93525153,0.95399153,0.95815384,0.9584253,0.959113,0.9606599,0.9462947,0.95772076,0.9671843,0.960867,0.95147854,0.94427407,0.95351106,0.94347924,0.95136803,0.95974606,0.9559594,0.95236903,0.9578607,0.9534741,0.94495827,0.952228,0.95004404,0.9573496,0.95820904,0.9538099,0.95662016,0.9439126,0.9599579,0.81187695,0.9480192,0.9530125,0.95720077,0.9528636,0.9298849,0.9604878,0.9524575,0.9627371,0.95076424,0.9468591,0.9616205,0.9558782,0.9579727,0.9507854,0.95446366,0.9608698,0.95672536,0.9670133,0.95694804,0.9599579,0.9538906,0.96361125,0.9494807,0.9543122,0.9555316,0.9602758,0.9467391,0.9573512,0.9557843,0.95916426,0.9625044,0.951385,0.96229815,0.96456873,0.958898,0.9657489,0.9377975,0.95496565,0.95940256,0.89969295,0.9599316,0.9354286,0.954138,0.95955306,0.96720964,0.9505204,0.9619091,0.94333357,0.96175253,0.959003,0.96832156,0.94940424,0.95703304,0.9623915,0.9493343,0.95746344,0.961775,0.92942667,0.9550433,0.9547516,0.96230066,0.9540655,0.9572028,0.96164906,0.9562143,0.95898306,0.9600794,0.95910937,0.97527826,0.9663892,0.95267487,0.9528966,0.95329136,0.94923663,0.9516113,0.93846464,0.9539461,0.95145506,0.9539156,0.95679843,0.97079694,0.9349696,0.9491423,0.95182,0.9550474,0.95295924,0.9658147,0.9602128,0.97527826,0.95070636,0.96543473,0.9547304,0.9647302
abeautifuldaymovie,0.9612169,0.95760024,1.0000002,0.9601976,0.9520773,0.94987017,0.9691745,0.9613365,0.9789276,0.9572727,0.96639466,0.9612082,0.96675706,0.9561007,0.95799583,0.9617486,0.9644277,0.9594131,0.9655998,0.941245,0.9594639,0.9681259,0.96314394,0.967794,0.9509804,0.8845394,0.95329577,0.961788,0.9754476,0.9620883,0.96588504,0.95908,0.94846416,0.9672501,0.9416062,0.9346067,0.9651878,0.9470532,0.9513675,0.9601817,0.95861375,0.96866745,0.9506138,0.9600192,0.96149975,0.963828,0.9633931,0.9588289,0.9497249,0.9658384,0.9800551,0.9624118,0.9583476,0.9481102,0.95050395,0.9513296,0.94956833,0.9649675,0.9624138,0.96672523,0.96630305,0.96466815,0.9538802,0.9658613,0.95460474,0.965796,0.9596601,0.952532,0.9612215,0.95531565,0.9705491,0.8011657,0.9543718,0.96071315,0.9504147,0.9487956,0.9246412,0.95509005,0.95542085,0.95483655,0.9490769,0.96141803,0.9710783,0.9520832,0.9674185,0.9541296,0.96294755,0.9683319,0.96225923,0.9664574,0.96325105,0.9705491,0.9609706,0.9639533,0.97221285,0.9527197,0.9564353,0.9591919,0.95915747,0.9484559,0.96310204,0.9526285,0.96646273,0.9675098,0.9574112,0.97475106,0.9673358,0.9715681,0.96005017,0.957022,0.97203374,0.8956139,0.9584115,0.92506474,0.9568288,0.95195687,0.95528233,0.95421785,0.961858,0.9606985,0.96927536,0.96124023,0.96632046,0.9496368,0.9615277,0.9606834,0.9582743,0.96360385,0.9643719,0.93532014,0.9565521,0.9582457,0.963245,0.95557714,0.96146786,0.9606406,0.94919807,0.9614185,0.9623247,0.9619338,0.9789276,0.971782,0.96220666,0.96075696,0.9614304,0.9565385,0.9549677,0.94283605,0.96408725,0.9539651,0.96033543,0.97350895,0.9634945,0.9401282,0.9570295,0.96292144,0.95686936,0.9643799,0.95794,0.95970815,0.9789276,0.9579754,0.964022,0.9595496,0.9739016
abominablemovie,0.9663058,0.9517843,0.9601976,0.9999999,0.95835984,0.96355736,0.9678562,0.96966714,0.98121536,0.9602083,0.96504897,0.94907075,0.96679705,0.9597688,0.9614719,0.95412344,0.95724833,0.96167344,0.95928776,0.94969773,0.95964026,0.96251273,0.9498864,0.9652235,0.96015984,0.90239847,0.9537833,0.95898396,0.96432185,0.9690839,0.9605442,0.96587384,0.94919163,0.951394,0.96224767,0.947742,0.96926546,0.9590887,0.9604703,0.9589505,0.9637014,0.96472406,0.94799054,0.958993,0.96408844,0.9638764,0.9537394,0.96048164,0.9628927,0.9650686,0.9652584,0.9722563,0.9505082,0.9663083,0.9674052,0.957472,0.9620282,0.96562165,0.9768812,0.9647091,0.95820606,0.9763838,0.96210104,0.96737725,0.953831,0.9673032,0.96115965,0.95895267,0.96015924,0.9571864,0.9683543,0.82414824,0.9576742,0.95618176,0.96111,0.96436614,0.9470025,0.96370804,0.9696541,0.96183544,0.9494705,0.97125226,0.967301,0.9639118,0.97223395,0.9655806,0.96766543,0.96694624,0.96754056,0.9654671,0.96542597,0.9683543,0.95656264,0.9600019,0.9637158,0.9614349,0.9608074,0.9631966,0.9678353,0.93991816,0.9647795,0.95587873,0.9680163,0.9681406,0.9587018,0.96740276,0.9703993,0.96606416,0.95639056,0.9586555,0.96370983,0.8999769,0.9620713,0.94460934,0.9545906,0.9512204,0.96002114,0.9589723,0.9629533,0.956479,0.96725523,0.9590127,0.96806353,0.95809525,0.96451634,0.9665883,0.95519626,0.95172834,0.96333176,0.92839265,0.96008325,0.9580463,0.9591907,0.9516421,0.9602092,0.9670369,0.9525058,0.97286016,0.96975106,0.96720004,0.98121536,0.9634156,0.9646948,0.96469116,0.9591809,0.9640187,0.9592196,0.9565596,0.97021306,0.9598944,0.9681134,0.9641241,0.9685669,0.9499455,0.9639917,0.96270186,0.94608307,0.96309584,0.96494114,0.95903033,0.98121536,0.9573507,0.9708961,0.95034146,0.9613752
adastramovie,0.9673311,0.9550134,0.9520773,0.95835984,0.99999976,0.95790356,0.95804054,0.95773804,0.9748583,0.9670247,0.95705914,0.9500412,0.9559114,0.9602629,0.9643734,0.9492114,0.9504963,0.97447574,0.95962214,0.95414454,0.95101213,0.9629604,0.9607907,0.9548046,0.9422879,0.8976878,0.96253663,0.9563969,0.9600622,0.9567977,0.95889217,0.9620105,0.9465552,0.9447523,0.9409316,0.9330759,0.95487756,0.9564188,0.94957757,0.95244855,0.9626485,0.9592025,0.9513135,0.9551661,0.9601707,0.9580334,0.9592104,0.96366686,0.94943565,0.9603751,0.95685893,0.96575534,0.94755405,0.9557085,0.9550815,0.9669838,0.94871336,0.96114504,0.9550621,0.95294183,0.9571075,0.95809734,0.9486435,0.9604874,0.9644396,0.9641707,0.9551469,0.9606999,0.9568285,0.9534947,0.956036,0.807924,0.9513295,0.9630393,0.96055627,0.95640785,0.92938876,0.9572511,0.94414645,0.9542406,0.94381225,0.95849174,0.9590492,0.95796156,0.9544976,0.9635521,0.94768023,0.95575076,0.96219945,0.9651769,0.96457565,0.956036,0.94781035,0.95112044,0.94428676,0.96028733,0.9511378,0.96187574,0.9517495,0.95871985,0.95563996,0.9525931,0.9643005,0.95493394,0.9554668,0.9593414,0.9631932,0.9617302,0.938555,0.9542848,0.963711,0.89459044,0.957997,0.9372674,0.950584,0.95541626,0.9678544,0.95787674,0.9531732,0.9491981,0.95882785,0.94847757,0.9552346,0.9556083,0.95723677,0.96104246,0.95507175,0.9516252,0.9709718,0.9345863,0.9503527,0.9751517,0.95029366,0.9565662,0.95354044,0.957068,0.9639009,0.9590747,0.95884764,0.95788693,0.9748583,0.9563149,0.95776,0.95397687,0.95373756,0.9624595,0.95362145,0.9382192,0.9559648,0.9498106,0.9542848,0.96646965,0.9568929,0.9416256,0.9448998,0.9531513,0.9490585,0.9549559,0.953464,0.955314,0.9748583,0.96239096,0.9678359,0.9525132,0.9527261
adogsjourneymovie,0.96905684,0.94712174,0.94987017,0.96355736,0.95790356,1.0000002,0.9619953,0.9608708,0.9755432,0.95822203,0.9564817,0.95767564,0.95644766,0.95969427,0.96048784,0.9432184,0.9563839,0.95321846,0.9589482,0.95589906,0.95855284,0.9542618,0.9632261,0.9570075,0.95752275,0.8905098,0.9534995,0.9589223,0.95336354,0.9642779,0.96187556,0.9636917,0.9458291,0.9461281,0.9376639,0.9293733,0.96012837,0.95174336,0.94349855,0.9590616,0.96182,0.960159,0.9503861,0.9533778,0.96258277,0.95538336,0.9552766,0.9619707,0.9567425,0.95965654,0.9554912,0.9685757,0.96190953,0.95739204,0.953669,0.9531506,0.9541646,0.9618409,0.958528,0.95684236,0.958938,0.9631761,0.95586616,0.96083695,0.95077705,0.9611607,0.9478969,0.95513517,0.95996845,0.9370616,0.9650506,0.81844854,0.94928133,0.9551812,0.9485908,0.9555754,0.92624116,0.9448287,0.95062166,0.96036416,0.9431391,0.9538241,0.9621375,0.95109725,0.96315694,0.962142,0.9539227,0.9616557,0.9591173,0.9595657,0.9533621,0.9650506,0.9512295,0.9490181,0.956734,0.95709276,0.95827913,0.9577877,0.95776016,0.94924515,0.95111924,0.9635204,0.9617699,0.9638355,0.9573995,0.9574955,0.9667823,0.95335203,0.94692093,0.96041125,0.96032566,0.8838918,0.95481265,0.9330586,0.95895773,0.9555438,0.96620667,0.9593363,0.9570579,0.95447326,0.962477,0.95643413,0.9562577,0.97152144,0.9552445,0.957422,0.963705,0.95230156,0.9583847,0.93262243,0.9517844,0.9556813,0.94808483,0.9555447,0.9519775,0.9632396,0.9521281,0.9638545,0.96425563,0.95579803,0.9755432,0.95705223,0.9515917,0.9522877,0.95826334,0.96522564,0.95012975,0.9343242,0.9594887,0.9720605,0.95556694,0.9553885,0.95446914,0.94953895,0.9597441,0.95655876,0.95985043,0.95469123,0.9507182,0.9604037,0.9755432,0.950129,0.964658,0.9596665,0.95237
aftermathmovie,0.9702326,0.9569087,0.9691745,0.9678562,0.95804054,0.9619953,1.0,0.96019226,0.9831227,0.9605251,0.9690634,0.9558652,0.9668476,0.96067506,0.9692164,0.95659786,0.9652238,0.9631229,0.9655257,0.9462364,0.9596458,0.96589124,0.95855093,0.9646529,0.9615588,0.9008777,0.96259725,0.9665757,0.9682126,0.96533215,0.97160053,0.9687753,0.9460563,0.95431566,0.9492507,0.9385509,0.97185177,0.95627713,0.9590188,0.9603724,0.96429557,0.96861404,0.9566377,0.9668433,0.97204757,0.96585566,0.95464295,0.9648575,0.9537525,0.97366846,0.9728842,0.9700101,0.96107024,0.9588991,0.9602993,0.9546646,0.9565398,0.9612248,0.97470844,0.96822435,0.96319616,0.96974415,0.961928,0.96459246,0.95099914,0.9700619,0.9667084,0.9580933,0.9660931,0.9610449,0.9709013,0.8117969,0.96218175,0.96380866,0.95563304,0.954572,0.9376061,0.95406073,0.9600885,0.9587433,0.953265,0.97611564,0.96704817,0.9569039,0.9699872,0.9650473,0.96452564,0.9650517,0.9681145,0.96962094,0.96655256,0.9709013,0.9613751,0.9657377,0.9703867,0.9650555,0.96539575,0.95922434,0.97859,0.95651025,0.9688891,0.9585181,0.96973747,0.9702693,0.9600697,0.9730463,0.9769195,0.9620998,0.95908684,0.9575469,0.97238445,0.8918439,0.9672237,0.94189334,0.9613208,0.95887464,0.967563,0.9550954,0.96335745,0.98917186,0.9716748,0.96118104,0.9646218,0.9503352,0.9645058,0.97207695,0.96554357,0.9620805,0.97165185,0.9430669,0.9557005,0.9646348,0.96510583,0.9586208,0.9604387,0.9624301,0.9621582,0.95975053,0.9683423,0.9697638,0.9831227,0.96880543,0.9637495,0.9563333,0.96249497,0.96228796,0.95869887,0.95503956,0.9641213,0.96083295,0.98358375,0.9710651,0.9665908,0.94480646,0.9580138,0.9635028,0.95235586,0.96976686,0.9615353,0.9634886,0.9831227,0.95852906,0.96856815,0.9566509,0.9668853
aftermovie,0.9670165,0.96323,0.9613365,0.96966714,0.95773804,0.9608708,0.96019226,1.0000001,0.98477036,0.9569377,0.96002436,0.9584643,0.97223365,0.967876,0.96466905,0.9625448,0.9657668,0.9635861,0.9563404,0.956864,0.9693884,0.95898193,0.9620639,0.9681269,0.9638489,0.9133839,0.960521,0.9628594,0.9630726,0.96819866,0.95925885,0.96678495,0.95614177,0.9595686,0.9604545,0.94723856,0.9697366,0.9687669,0.95895165,0.9617499,0.96740395,0.96930546,0.95072776,0.9648449,0.9659508,0.9646616,0.9643336,0.9733075,0.9666053,0.969775,0.9634181,0.97337884,0.95775473,0.9570955,0.97214484,0.9518075,0.9609849,0.9667251,0.9669309,0.97015214,0.9636791,0.97016084,0.95749867,0.9705514,0.9601128,0.9658202,0.96415836,0.96119046,0.96938527,0.9609775,0.9760916,0.8188329,0.96287704,0.9659457,0.96627486,0.9611212,0.9419251,0.959937,0.96007746,0.9600552,0.9536717,0.9589933,0.9724908,0.9682901,0.97145927,0.95997405,0.95831746,0.96904737,0.96962714,0.9657646,0.9680402,0.9760916,0.9592584,0.96621424,0.9614367,0.96304655,0.96006656,0.96563447,0.9621388,0.95596933,0.96333784,0.96576214,0.9691545,0.96855253,0.95848316,0.9602609,0.96984416,0.9704177,0.9553729,0.9616848,0.9705518,0.896306,0.96223044,0.9482652,0.9571214,0.9630643,0.97125363,0.9620239,0.9671491,0.9512424,0.9734138,0.9646643,0.97137564,0.9604719,0.9694619,0.964891,0.9590426,0.9552801,0.96284765,0.9347715,0.9689836,0.9617402,0.96670485,0.9604667,0.9599084,0.97036475,0.95939565,0.97209436,0.9750532,0.9649299,0.98477036,0.9616206,0.9633523,0.9652481,0.962233,0.9643424,0.9642213,0.9490633,0.968605,0.959328,0.9555119,0.96159023,0.96509576,0.9421824,0.9632522,0.9715858,0.9567391,0.97009134,0.9755113,0.96278274,0.98477036,0.96125454,0.97618675,0.96076137,0.959385
ahiddenlifefilm,0.98435944,0.97527826,0.9789276,0.98121536,0.9748583,0.9755432,0.9831227,0.98477036,0.9999999,0.9748949,0.98219496,0.974785,0.98008657,0.981477,0.9827999,0.9730712,0.9789503,0.977541,0.97687167,0.9722884,0.97908455,0.979812,0.9783605,0.9812214,0.9735579,0.9170629,0.9738956,0.9796911,0.9813777,0.9819832,0.98078734,0.982332,0.9696809,0.9746299,0.9663178,0.95734084,0.9863793,0.9753166,0.9741044,0.977633,0.9788555,0.9837938,0.9667843,0.97924393,0.98404276,0.98234636,0.97656196,0.9823762,0.97526973,0.98460543,0.9843679,0.9861218,0.974826,0.9719404,0.97667015,0.97043544,0.97296023,0.9824443,0.98182064,0.9819179,0.97957796,0.98002857,0.97592056,0.9835151,0.9710181,0.98442423,0.9794207,0.9767664,0.98024005,0.9731108,0.98607695,0.82679665,0.97413087,0.9776843,0.97612375,0.9794434,0.9505656,0.9774094,0.97104174,0.9760247,0.97130436,0.97643894,0.9862139,0.9761593,0.9835666,0.977807,0.9743915,0.9805645,0.9838165,0.98428416,0.9808709,0.98607695,0.9771785,0.98042864,0.97972125,0.97788876,0.9763045,0.9804162,0.97910523,0.9735808,0.9796758,0.9771796,0.9816364,0.9827245,0.97677565,0.9812097,0.98606116,0.983286,0.9681545,0.97518367,0.98659784,0.90861005,0.98112214,0.953373,0.97677255,0.97950965,0.9847169,0.9755069,0.98141605,0.9741356,0.9845041,0.98073107,0.9822964,0.9738539,0.981917,0.98094845,0.9765737,0.97655296,0.98315316,0.9538054,0.9748012,0.9776034,0.9779897,0.974194,0.97689605,0.98056835,0.9766864,0.9800419,0.9851725,0.9819789,0.9999999,0.97931695,0.97798574,0.97813654,0.97829086,0.97799027,0.9744488,0.96309274,0.9814743,0.9766281,0.9754478,0.98207295,0.9824918,0.95958066,0.9749555,0.9796951,0.972456,0.9813454,0.98102105,0.9795181,0.9999999,0.97611326,0.98565906,0.9764088,0.98023325
alitamovie,0.9609042,0.9567144,0.9572727,0.9602083,0.9670247,0.95822203,0.9605251,0.9569377,0.9748949,1.0000005,0.9576495,0.9524736,0.95750964,0.9569278,0.9602922,0.9471245,0.95385617,0.96495646,0.9625523,0.95009106,0.9521517,0.95800793,0.957344,0.95538664,0.94358367,0.89589673,0.95032996,0.95882773,0.96054333,0.95372194,0.96359444,0.96100944,0.9411943,0.95144176,0.9445466,0.9298593,0.96270746,0.9433674,0.95039696,0.9595273,0.95936245,0.9606661,0.94570893,0.9524814,0.9561105,0.96033037,0.9574486,0.9568349,0.95486647,0.96144336,0.9579981,0.9654979,0.9607586,0.95394665,0.9513898,0.94283605,0.94519717,0.9604474,0.9491844,0.95699745,0.958603,0.95591444,0.9522837,0.95455813,0.9590162,0.9649077,0.95396715,0.9541762,0.9579483,0.94444364,0.96029615,0.83143467,0.9369696,0.95849204,0.9570537,0.9570041,0.93249226,0.9572207,0.95285594,0.9580617,0.95313084,0.9630433,0.9644321,0.9467887,0.9658106,0.9522409,0.9515247,0.959807,0.9611893,0.9619093,0.9548511,0.96029615,0.95650995,0.95803225,0.959145,0.9587156,0.9540309,0.960709,0.95137346,0.95427096,0.95605594,0.95977473,0.9573792,0.9640351,0.9695193,0.9588396,0.965626,0.96222746,0.93800235,0.95331055,0.9567527,0.9003457,0.95348716,0.9220596,0.95701414,0.9511614,0.9589908,0.9585847,0.9568397,0.94627374,0.9669938,0.95268863,0.9584662,0.9530415,0.9544965,0.95951355,0.9601315,0.9559254,0.9693288,0.9326522,0.95084625,0.9566161,0.95017326,0.9553532,0.9613505,0.95443964,0.95693743,0.9639731,0.9580865,0.9555723,0.9748949,0.9544902,0.96388257,0.95626503,0.9569947,0.9600507,0.9498019,0.9432666,0.95528245,0.9483229,0.9528323,0.9643019,0.9536287,0.94534767,0.9525594,0.95515263,0.95260555,0.95606196,0.96142936,0.95959127,0.9748949,0.9592215,0.96638197,0.9568922,0.96184564
angelhasfallen,0.97109354,0.9605391,0.96639466,0.96504897,0.95705914,0.9564817,0.9690634,0.96002436,0.98219496,0.9576495,0.99999994,0.95847106,0.96123505,0.96448493,0.9690984,0.95955086,0.9629293,0.9577111,0.962528,0.96386284,0.9627396,0.9663756,0.9622119,0.96579933,0.9594279,0.90041107,0.95421374,0.9601638,0.9660648,0.961369,0.96440494,0.9623177,0.9593582,0.9545951,0.9448813,0.93873626,0.9732166,0.957993,0.9574593,0.9657722,0.95648783,0.96243596,0.94262105,0.95967925,0.9681161,0.9710869,0.9588009,0.9627871,0.9502076,0.9652914,0.96863675,0.9627203,0.9609848,0.95499504,0.9513161,0.9487554,0.9587568,0.9698346,0.9664519,0.9602638,0.9659251,0.96121186,0.95972663,0.96794164,0.95314443,0.9719315,0.9665707,0.95399344,0.9747697,0.9568677,0.96295923,0.797911,0.94745934,0.9597295,0.9684785,0.963686,0.9384864,0.9651806,0.9533881,0.95681566,0.97540945,0.96470153,0.96350765,0.95920414,0.9640337,0.9643098,0.9704811,0.9648541,0.96692854,0.97433114,0.9637555,0.96295923,0.9709198,0.9633096,0.96647817,0.97249347,0.97323424,0.95538765,0.9659127,0.9587299,0.96415496,0.9568574,0.9600751,0.9638841,0.9614482,0.9651953,0.9756875,0.96760315,0.9490455,0.95982254,0.9655928,0.89363605,0.96834713,0.93190056,0.960121,0.974919,0.97027504,0.966001,0.9697753,0.9606314,0.96663415,0.9690052,0.9669435,0.9546138,0.96140504,0.96681654,0.9618953,0.9638578,0.96741366,0.9370215,0.956854,0.95134354,0.9611321,0.9556615,0.96319056,0.9578714,0.9574086,0.95954615,0.9623956,0.96782583,0.98219496,0.95975626,0.9644596,0.96258014,0.9588937,0.9586865,0.95787656,0.94592315,0.96392053,0.9596533,0.96001434,0.96392095,0.9690256,0.9554553,0.9574582,0.9525646,0.9600444,0.9586739,0.95778084,0.969233,0.98219496,0.9563979,0.966716,0.964239,0.9645812
angrybirdsmovie,0.95543355,0.94580346,0.9612082,0.94907075,0.9500412,0.95767564,0.9558652,0.9584643,0.974785,0.9524736,0.95847106,1.0000001,0.9523235,0.96583444,0.95583975,0.95479965,0.9481053,0.95263416,0.9583662,0.9447907,0.9556129,0.9566733,0.95801294,0.95374584,0.9504306,0.89291316,0.9475086,0.9538696,0.95717084,0.97018784,0.959696,0.9582857,0.9415779,0.95836246,0.9293184,0.91832584,0.9630701,0.9452279,0.95404667,0.95720476,0.95716006,0.969616,0.9599238,0.9586558,0.96149516,0.95455456,0.9532984,0.9634823,0.94539547,0.9634322,0.96621513,0.96288365,0.9541117,0.940486,0.9460026,0.94829404,0.94874704,0.9650001,0.9489695,0.96016204,0.9618152,0.9554653,0.960314,0.9636764,0.94945365,0.9647011,0.9501546,0.9541013,0.9567132,0.945858,0.9612204,0.8236705,0.94471204,0.9577642,0.94376653,0.9585056,0.9167393,0.9558342,0.93996084,0.95420164,0.950934,0.9492535,0.9658124,0.94791543,0.9658531,0.9480398,0.9483324,0.95393544,0.9547618,0.95691836,0.9601127,0.9612204,0.9654008,0.9613028,0.9681327,0.95136327,0.9559503,0.95572346,0.95071816,0.9455823,0.9522496,0.9545469,0.95760095,0.9651826,0.9599734,0.9585247,0.96093035,0.961945,0.941046,0.95267063,0.96386534,0.8766067,0.9582631,0.91210335,0.9553326,0.96219194,0.9577982,0.9479377,0.9574803,0.9490554,0.95819956,0.9621374,0.95615447,0.9540969,0.9530282,0.9482724,0.95324856,0.95994735,0.9666568,0.94732326,0.9494641,0.9528058,0.94300157,0.9540123,0.9509677,0.96086687,0.95086354,0.95803815,0.9637079,0.9537609,0.974785,0.95144,0.9495302,0.95819956,0.95966125,0.95632654,0.9490732,0.92968464,0.95588464,0.9597416,0.94782954,0.95287454,0.9539766,0.93605024,0.95560527,0.95733786,0.9532864,0.9612025,0.9551585,0.95309365,0.974785,0.94904953,0.9578699,0.95160884,0.9623985
annabellemovie,0.96520543,0.9578167,0.96675706,0.96679705,0.9559114,0.95644766,0.9668476,0.97223365,0.98008657,0.95750964,0.96123505,0.9523235,1.0,0.96083665,0.96847814,0.9614945,0.96246004,0.96305996,0.9573156,0.95629305,0.9618236,0.95831114,0.956085,0.9685998,0.9576096,0.9041184,0.9602756,0.96138775,0.95596856,0.9608629,0.96131563,0.9619984,0.95265037,0.95203304,0.9659796,0.9461787,0.9651154,0.96587104,0.9501228,0.9521097,0.9622002,0.96334434,0.94408846,0.9604838,0.9573183,0.97224736,0.9607726,0.9649996,0.95636684,0.9640011,0.9642722,0.96817327,0.9623878,0.96299344,0.9632469,0.9568081,0.9577294,0.96645504,0.9706991,0.971727,0.9701487,0.9712517,0.9539365,0.9726253,0.95090115,0.96404475,0.9611361,0.9572487,0.96171474,0.95256233,0.9701304,0.80523926,0.9658966,0.9596031,0.9614852,0.95506144,0.93681127,0.95529634,0.9611081,0.9529701,0.9473762,0.9685927,0.9758099,0.9637581,0.9779813,0.95807195,0.9647205,0.980917,0.9649983,0.96845084,0.96251327,0.9701304,0.9589018,0.95872265,0.9611712,0.9597765,0.960819,0.9667089,0.9654958,0.9500124,0.96649975,0.95666015,0.9673563,0.9684001,0.9548726,0.9653616,0.9735399,0.96665305,0.9574756,0.95773566,0.96741045,0.898022,0.95994025,0.9508556,0.95303833,0.96007454,0.9653931,0.9558547,0.957623,0.9598287,0.9729095,0.9631256,0.9668755,0.95937127,0.96006674,0.9607038,0.9649337,0.95136774,0.9690046,0.9286669,0.9605207,0.96039474,0.9636765,0.9560313,0.95915794,0.9620028,0.95648825,0.9615112,0.9664517,0.9709132,0.98008657,0.95348096,0.96961105,0.95660704,0.96292466,0.95997393,0.962427,0.9584354,0.96836907,0.9569732,0.96200585,0.9615173,0.96220785,0.93813163,0.9625694,0.96534663,0.95346665,0.966491,0.9645901,0.9562306,0.98008657,0.9620901,0.9710866,0.9504905,0.9605962
annamovie,0.9671296,0.95716584,0.9561007,0.9597688,0.9602629,0.95969427,0.96067506,0.967876,0.981477,0.9569278,0.96448493,0.96583444,0.96083665,1.0000004,0.9688691,0.94840544,0.9646276,0.95975363,0.9611474,0.9613603,0.96438795,0.9642732,0.9679485,0.9555855,0.9594811,0.9083625,0.95509,0.9632353,0.967599,0.9711253,0.96574605,0.9659119,0.96432763,0.9593494,0.94737434,0.9427789,0.97311157,0.95864576,0.9534187,0.9585836,0.9656399,0.9694427,0.95054173,0.96358097,0.96576476,0.9683007,0.96009004,0.9612196,0.95889664,0.9656454,0.9703672,0.9718433,0.96374875,0.9575255,0.9610517,0.9457491,0.9615112,0.9677189,0.96111536,0.9695313,0.96197516,0.9634783,0.96058136,0.9798458,0.95655066,0.96704745,0.9579377,0.96297044,0.9657845,0.9574115,0.97205186,0.8306461,0.9544148,0.9578718,0.96043724,0.9719667,0.9391726,0.96834135,0.9459441,0.9597709,0.95442873,0.9538605,0.9699368,0.9646534,0.9679331,0.96018296,0.95003957,0.96234,0.965976,0.969991,0.963309,0.97205186,0.9616005,0.95984405,0.9650438,0.96344477,0.9643754,0.9659287,0.956901,0.96879184,0.96814734,0.9630332,0.9703133,0.9695327,0.96946895,0.9664836,0.96287495,0.96814275,0.9449902,0.95343435,0.9687481,0.89583874,0.95916015,0.9338509,0.9618276,0.96662396,0.97130245,0.96575934,0.96611416,0.9548943,0.9637619,0.9618772,0.9681198,0.9614775,0.9686612,0.9646097,0.96242917,0.9597376,0.9684219,0.9447698,0.9588774,0.9574489,0.96135575,0.9647658,0.95851916,0.96747905,0.95804346,0.96478844,0.9750568,0.9639393,0.981477,0.9644038,0.9635547,0.9653124,0.9637252,0.96615446,0.9575861,0.94940925,0.9726112,0.9634676,0.9528308,0.9578667,0.96408695,0.9516411,0.9619228,0.9607047,0.9589549,0.9663451,0.9616909,0.9596215,0.981477,0.965151,0.97191674,0.96073395,0.9633122
apollo11movie,0.97191095,0.9622948,0.95799583,0.9614719,0.9643734,0.96048784,0.9692164,0.96466905,0.9827999,0.9602922,0.9690984,0.95583975,0.96847814,0.9688691,0.99999976,0.957228,0.96557295,0.9619667,0.9621568,0.9739175,0.9682131,0.96738225,0.96414566,0.9608097,0.96408707,0.9031931,0.9642058,0.9692876,0.9654507,0.9644857,0.96697575,0.96317136,0.95173925,0.95361006,0.9511253,0.93503684,0.9713337,0.9622723,0.9535324,0.9606626,0.962592,0.96282595,0.94140744,0.9577408,0.9648593,0.9690821,0.95896286,0.96496725,0.95533,0.96620566,0.96748626,0.96782637,0.9618458,0.9645991,0.95287025,0.948114,0.9597065,0.9680401,0.9679692,0.96629125,0.9705589,0.9619571,0.95864356,0.9671415,0.9532249,0.9698924,0.9634394,0.9638643,0.9669688,0.95506775,0.9666893,0.80168957,0.9547112,0.9654126,0.9563421,0.9624328,0.9298248,0.9639683,0.95497894,0.9621793,0.95778924,0.9633327,0.96764976,0.959141,0.965739,0.96796,0.95593417,0.9664384,0.9684137,0.97344565,0.960978,0.9666893,0.9595028,0.9704852,0.96437395,0.97978026,0.96488935,0.965815,0.9669693,0.9589901,0.96616983,0.9640382,0.97159225,0.96433794,0.96294713,0.9698599,0.9708494,0.9625733,0.9543754,0.9562806,0.9731389,0.889097,0.96062094,0.9421169,0.9639856,0.97481155,0.9759365,0.9598568,0.9694983,0.9603925,0.96633095,0.9656727,0.9635844,0.9556639,0.9656631,0.96418244,0.96619874,0.9606477,0.9723004,0.92719835,0.964802,0.9682887,0.9684418,0.96002746,0.959317,0.95970285,0.96632105,0.957893,0.96712536,0.9653579,0.9827999,0.9666893,0.9639502,0.95769376,0.95960706,0.96018773,0.9562661,0.946426,0.96421933,0.96221375,0.9594293,0.9656208,0.96478164,0.9480812,0.94912225,0.95628923,0.9554837,0.9622899,0.96498215,0.9649398,0.9827999,0.95967716,0.97202736,0.9610783,0.9621223
arcticdogsmovie,0.9542331,0.9631284,0.9617486,0.95412344,0.9492114,0.9432184,0.95659786,0.9625448,0.9730712,0.9471245,0.95955086,0.95479965,0.9614945,0.94840544,0.957228,0.99999976,0.95488656,0.9557118,0.95005083,0.9506334,0.9625313,0.9560027,0.9478481,0.9628443,0.9436408,0.87293386,0.95272774,0.9560902,0.9612849,0.96114373,0.953245,0.9547364,0.94367236,0.94910485,0.9388,0.92799675,0.959132,0.9536493,0.94872683,0.95469224,0.9505256,0.9596044,0.9489425,0.9574373,0.9583808,0.95337874,0.9469585,0.96153927,0.95191914,0.9582786,0.96601623,0.9562564,0.9523285,0.94152236,0.9452802,0.95782316,0.95863694,0.9574978,0.95340055,0.9513413,0.9517418,0.95144075,0.95191795,0.9571253,0.940072,0.9591863,0.95149815,0.9500578,0.95512736,0.94479537,0.95515513,0.8164517,0.95739263,0.9572821,0.9452931,0.95207375,0.9050157,0.95201206,0.9495728,0.9470633,0.95137155,0.95111674,0.96289414,0.94879943,0.9652992,0.9482312,0.95528316,0.9598115,0.95611423,0.96315306,0.95706695,0.95515513,0.9521063,0.9549845,0.9590145,0.9540443,0.9510257,0.9508193,0.95730036,0.94001037,0.9470824,0.9508158,0.9580378,0.955898,0.9484355,0.96151733,0.9564039,0.9713062,0.9597051,0.9554556,0.96725017,0.8883659,0.9547397,0.920717,0.94775236,0.95984995,0.9563598,0.93798816,0.95261604,0.94517404,0.9573304,0.95700336,0.9596849,0.94359547,0.95790106,0.9523518,0.9528127,0.94728285,0.96377116,0.9363182,0.95525056,0.94783837,0.960219,0.9433161,0.9487678,0.96343565,0.94927067,0.95630336,0.95338964,0.955631,0.9730712,0.9596194,0.94140726,0.9546163,0.9532528,0.9425958,0.9598119,0.93041795,0.959918,0.952388,0.95220023,0.9531431,0.9568323,0.92521864,0.94307363,0.9509261,0.9490808,0.9623909,0.9577468,0.9532392,0.9730712,0.94928813,0.9592611,0.9540682,0.9577012
arcticmovie,0.96685374,0.95524347,0.9644277,0.95724833,0.9504963,0.9563839,0.9652238,0.9657668,0.9789503,0.95385617,0.9629293,0.9481053,0.96246004,0.9646276,0.96557295,0.95488656,1.0,0.9562767,0.95485157,0.9542171,0.962781,0.95966476,0.96841633,0.9639973,0.953485,0.9020273,0.950928,0.9756456,0.9634747,0.96316314,0.96019346,0.964145,0.951001,0.9628267,0.93976396,0.9385023,0.9645581,0.9558829,0.9461968,0.9603012,0.95615673,0.9643468,0.94769055,0.954156,0.9653042,0.9659867,0.96643275,0.96450114,0.95919126,0.96221215,0.96731824,0.96623534,0.95967805,0.951598,0.95603263,0.942792,0.9563104,0.9602238,0.96355945,0.96310735,0.9624721,0.9558529,0.9618132,0.9618601,0.94928735,0.9638397,0.9620757,0.9571713,0.96089935,0.94852525,0.96898776,0.80187565,0.95030814,0.96974665,0.95566416,0.95801234,0.9242824,0.95403534,0.9521283,0.953409,0.94987386,0.9541504,0.9686699,0.9547053,0.9644069,0.9594759,0.953421,0.96190095,0.9623449,0.9629286,0.9590872,0.96898776,0.9532215,0.9629908,0.9632826,0.95705616,0.96295047,0.95360625,0.96021783,0.96061003,0.96206635,0.96417624,0.9574873,0.9662628,0.95358324,0.9652566,0.9717351,0.9632464,0.95217687,0.95738375,0.9749613,0.8927398,0.9510103,0.93191785,0.9543798,0.9654021,0.9658403,0.9555531,0.96246624,0.9533409,0.9662699,0.9548285,0.9675631,0.957332,0.9588455,0.96724296,0.9582464,0.95625,0.96238744,0.940383,0.956219,0.95313174,0.9819486,0.95779014,0.9532757,0.96535444,0.9514318,0.9542205,0.96361035,0.95991236,0.9789503,0.95970345,0.95769036,0.9583865,0.9599945,0.9628235,0.96245444,0.9347799,0.96626264,0.95613015,0.9475191,0.9615651,0.95752543,0.9352103,0.95381224,0.9605102,0.960169,0.9630207,0.9544138,0.95823294,0.9789503,0.96141255,0.963032,0.9663584,0.95923436
artofracingmovie,0.96501034,0.96439606,0.9594131,0.96167344,0.97447574,0.95321846,0.9631229,0.9635861,0.977541,0.96495646,0.9577111,0.95263416,0.96305996,0.95975363,0.9619667,0.9557118,0.9562767,1.0000001,0.9615411,0.94021237,0.9614022,0.95907056,0.95686173,0.95597357,0.94407445,0.8956698,0.9693816,0.96590894,0.9608106,0.9610168,0.9618487,0.96684355,0.9483965,0.9536041,0.9509251,0.93497086,0.96433437,0.9566407,0.9522811,0.95776385,0.9631272,0.9618868,0.9493335,0.9577187,0.96427643,0.9623266,0.95982295,0.96555465,0.9517107,0.9630886,0.9595185,0.967091,0.94943076,0.9527772,0.9617613,0.9655039,0.9525295,0.9655194,0.9584439,0.9559025,0.9546934,0.95965356,0.96075386,0.96157366,0.9600514,0.966347,0.9617071,0.95690244,0.95937586,0.95194286,0.96004426,0.8083748,0.94974595,0.9677069,0.9558392,0.953175,0.92553926,0.95389307,0.9484775,0.951925,0.94730306,0.95688015,0.9672379,0.9554279,0.96417207,0.96580446,0.9542448,0.95971906,0.96522284,0.96767426,0.9653867,0.96004426,0.9503303,0.9561581,0.95603895,0.9538003,0.9576864,0.9525662,0.9565049,0.9603069,0.9639455,0.9540431,0.95475405,0.9599928,0.9658774,0.9618482,0.962085,0.96511126,0.94274414,0.952016,0.96917146,0.8856588,0.9668967,0.92766815,0.95390946,0.956929,0.9620384,0.9528158,0.9567228,0.9523679,0.9685522,0.95504767,0.96521056,0.9531542,0.96012306,0.9587884,0.9563033,0.9537206,0.9738677,0.93167603,0.9610896,0.9758913,0.9590101,0.9597425,0.962444,0.95983046,0.95543665,0.96399266,0.9597253,0.9693575,0.977541,0.96052134,0.96221477,0.9500943,0.9605288,0.9589286,0.96152145,0.9430009,0.95672953,0.9480001,0.9508459,0.96233183,0.9635248,0.93552595,0.95423144,0.96197456,0.9452772,0.9595928,0.9634452,0.9595193,0.977541,0.958104,0.967306,0.9502637,0.9564196
avengers,0.97780424,0.9503666,0.9655998,0.95928776,0.95962214,0.9589482,0.9655257,0.9563404,0.97687167,0.9625523,0.962528,0.9583662,0.9573156,0.9611474,0.9621568,0.95005083,0.95485157,0.9615411,1.0000002,0.94905645,0.96058613,0.96308315,0.9615384,0.96350473,0.9519017,0.8807585,0.9539117,0.9615017,0.9606134,0.95832133,0.97882473,0.9628476,0.9532751,0.95438325,0.9408038,0.9295234,0.97036135,0.94967914,0.94534343,0.9589251,0.956849,0.9663301,0.9455923,0.9593402,0.9638133,0.9559668,0.9567773,0.9563183,0.9522206,0.9645118,0.9624883,0.9644844,0.9622717,0.9562031,0.9499776,0.953691,0.94996834,0.96057194,0.9553254,0.9549686,0.96159387,0.9549968,0.95114225,0.96999854,0.956322,0.9655315,0.95493275,0.95688635,0.9615207,0.9512283,0.9594707,0.80710316,0.9481761,0.9606747,0.95001966,0.9592232,0.92524415,0.95335436,0.9417534,0.95481324,0.9536743,0.95795006,0.9684026,0.9558725,0.9633049,0.9511747,0.94992936,0.962073,0.9616051,0.9641944,0.9626609,0.9594707,0.95846385,0.95212054,0.9650903,0.9642651,0.9557862,0.9593029,0.9635965,0.95199716,0.95248985,0.9505661,0.96139663,0.9606969,0.96112823,0.96008927,0.9632439,0.96563435,0.9417236,0.9611547,0.96559167,0.8885387,0.9607783,0.9201065,0.9617313,0.96024066,0.96506983,0.95736873,0.963006,0.9540772,0.96641797,0.96112585,0.959068,0.9528703,0.95959723,0.9560169,0.9576493,0.959001,0.97039586,0.94046444,0.9586309,0.96214795,0.9561884,0.9511299,0.9504645,0.95597726,0.9535477,0.9592048,0.9596104,0.9568204,0.97687167,0.9593817,0.95292675,0.9576468,0.95374554,0.95948744,0.9494341,0.9415501,0.96371067,0.9591139,0.95423245,0.9698786,0.959678,0.9478581,0.9498152,0.95054364,0.95511615,0.95588297,0.9555439,0.96296173,0.97687167,0.95427656,0.96586686,0.96173555,0.9624061
beachbummovie,0.9623749,0.9563127,0.941245,0.94969773,0.95414454,0.95589906,0.9462364,0.956864,0.9722884,0.95009106,0.96386284,0.9447907,0.95629305,0.9613603,0.9739175,0.9506334,0.9542171,0.94021237,0.94905645,1.0,0.9563721,0.96374476,0.957206,0.95618516,0.9510888,0.9076998,0.94611937,0.9498859,0.949842,0.9545527,0.9537163,0.94949776,0.9448826,0.9365549,0.9433279,0.93209916,0.9572724,0.9547171,0.9355864,0.94828284,0.9524985,0.94777036,0.92477816,0.9460535,0.95607156,0.9656304,0.95658064,0.9580067,0.9460709,0.94943756,0.9571079,0.9566383,0.9515677,0.9486764,0.94332635,0.9446804,0.96145755,0.9624231,0.9491834,0.95331043,0.96212155,0.9513923,0.9449084,0.9577652,0.943574,0.95717055,0.94859844,0.9590654,0.9557141,0.9471127,0.95553607,0.80205446,0.95219433,0.9499532,0.9536712,0.9565851,0.92089224,0.9537649,0.9383905,0.9581142,0.95004237,0.94818264,0.9541796,0.9555333,0.9540238,0.9518915,0.9480938,0.9581058,0.95637256,0.9629084,0.9475545,0.95553607,0.9487088,0.95272356,0.9452678,0.9658449,0.9502746,0.9687072,0.9485424,0.94575214,0.9529473,0.9590643,0.95915496,0.9519494,0.9539123,0.95587486,0.96152425,0.9567214,0.9464745,0.9519653,0.95428914,0.88418585,0.9491262,0.93744314,0.950987,0.96345186,0.9644872,0.9554632,0.95778716,0.93694127,0.95347804,0.955655,0.9551508,0.94942117,0.9523964,0.95579624,0.95619535,0.95263475,0.95623237,0.9200805,0.9553369,0.94476146,0.9541156,0.9464052,0.94625574,0.9537247,0.9543231,0.9518796,0.9567647,0.96066785,0.9722884,0.9494717,0.95031536,0.9573723,0.94559443,0.95461315,0.9469389,0.92772144,0.95521057,0.9585122,0.9458264,0.9482071,0.95859647,0.94852054,0.94778806,0.943679,0.9515229,0.9494081,0.95136917,0.95546526,0.9722884,0.9482067,0.96060795,0.9522348,0.95549405
bernadettefilm,0.96467733,0.9586636,0.9594639,0.95964026,0.95101213,0.95855284,0.9596458,0.9693884,0.97908455,0.9521517,0.9627396,0.9556129,0.9618236,0.96438795,0.9682131,0.9625313,0.962781,0.9614022,0.96058613,0.9563721,1.0000004,0.9607869,0.95504326,0.96575725,0.95492804,0.90015715,0.95670366,0.96924883,0.9573941,0.96199185,0.9628001,0.9627339,0.9598044,0.95936036,0.9371534,0.9271038,0.96890813,0.9595813,0.94648105,0.959081,0.9647384,0.962111,0.93521535,0.9527486,0.96477455,0.9614985,0.9528134,0.96442336,0.95797193,0.9573936,0.96235836,0.9653206,0.9554481,0.95308626,0.9528831,0.9485697,0.9672631,0.9644179,0.95927554,0.9606858,0.9615897,0.9557986,0.95951426,0.9639407,0.9505692,0.95959896,0.95772076,0.94900256,0.9644197,0.9493873,0.96469903,0.8191813,0.95165634,0.9632066,0.9461162,0.95852244,0.9136435,0.9572093,0.95057607,0.9613606,0.9583137,0.9491956,0.97082645,0.95742893,0.9666841,0.95435053,0.9549996,0.9638265,0.9589133,0.964624,0.9592699,0.96469903,0.95588124,0.9561373,0.96541065,0.96146977,0.9616022,0.958861,0.9625658,0.9483588,0.959595,0.9595363,0.9627315,0.9624042,0.95878744,0.9590523,0.96394277,0.9662432,0.9518026,0.95368606,0.9670732,0.8746026,0.95716316,0.92573357,0.96515226,0.9649737,0.9661468,0.9535156,0.9684918,0.94882244,0.96923566,0.9631902,0.9579347,0.950934,0.9689713,0.95572704,0.9591157,0.94777447,0.967721,0.9166818,0.97998655,0.9586038,0.9644764,0.9564056,0.9540834,0.96323466,0.9497536,0.9647469,0.9653451,0.9562398,0.97908455,0.96028465,0.9552372,0.9607544,0.9547162,0.9579452,0.9529516,0.928611,0.9623629,0.9566352,0.95013815,0.95465946,0.9587207,0.93413115,0.95101666,0.9586353,0.9537872,0.95913494,0.9587932,0.9595612,0.97908455,0.9566705,0.970018,0.95908177,0.96026546
