movie,21bridgesmovie,47metersdown,abeautifuldaymovie,abominablemovie,adastramovie,adogsjourneymovie,aftermathmovie,aftermovie,ahiddenlifefilm,alitamovie,angelhasfallen,angrybirdsmovie,annabellemovie,annamovie,apollo11movie,arcticdogsmovie,arcticmovie,artofracingmovie,avengers,beachbummovie,bernadettefilm,blackandbluemovie,blackchristmas,blindedbythelightmovie,bombshellmovie,booksmart,breakthroughmovie,brianbanksmovie,brightburnmovie,brittanyrunsmov,captainmarvelofficial,captivestatemovie,catsmovie,charliesangels,childsplaymovie,clarathefilm,coldpursuitmovie,countdown,currentwarmovie,darkwatersmovie,detectivepikachumovie,disneyaladdin,disneyfrozen,disneymaleficent,doctorsleepmovie,dolemiteismyname,dontletgomovie,doramovie,downtonabbey_official,dumbo,escaperoom,everybodyknowsmovie,fastandfuriousmovie,fightingwmyfam,fivefeetapartfilm,fordvferrari,freaksthefilm,geminimanmovie,glassmovie,gloriabellmovie,godzillamovie,goldfinchmovie,goodboysmovie,goodliarmovie,gretafilm,halathemovie,happydeathdaymovie,harrietfilm,hellboymovie,hersmellmovie,highlifemovie,highstrungmovie,honeyboymovie,hotelmumbaifilm,httydragon,hustlemovie,hustlersmovie,isntitromantic,itmovieofficial,jayandsilentbob,johnwickmovie,jojorabbitmovie,jokermovie,judythefilm,jumanjimovie,justmercyfilm,knivesout,lalloronamovie,lastblackmansf,lastchristmasthemovie,latenightmovie,lighthousemovie,lionking,littlethemovie,littlewomenmovie,littlewoodsfilm,longshotmovie,lordsofchaosmovie,lucyintheskyfilm,mamovie2019,marriagestory,meettheaddams,meninblack,midsommarmovie,midwaymovie,missbalamovie,missinglinkfilm,motherlessbklyn,onceinhollywood,onthebasisofsex,overcomermovie,peanutbutterfalcon,petsematarymovie,piercingmovie,playingwithfire,playmobilthemovie,pomsmovie,queenandslim,rambomovie,readyornotfilm,richardjewellfilm,rocketmanmovie,scarystoriesmovie,secretlifeofpets,serenityfilm,shaftmovie,shazammovie,spidermanmovie,spiesindisguise,starwars,stormboymovie,stubermovie,taosdfilm,teenspiritmov,terminator,theaeronautsmov,thebestofenemies,thedeaddontdie,thefarewell,thehighwaymen,thehummingbirdprojectfilm,theintrudermovie,theirishmanfilm,thekitchenmovie,thelegomovie,themustangfilm,thenightingalefilm,theprodigymovie,thesunisalsoastar,theupsidefilm,tolkienmovie,toystory,triplefrontier,uglydolls,uncutgems,underthesilverlake,usmovie,wavesmovie,whatmenwant,wonderparkmovie,wrinklestheclown,xmenmovies,yardiefilm,yesterdaymovie,zombieland
21bridgesmovie,1.0000002,0.9522795,0.9554139,0.93986976,0.9590554,0.9555654,0.9690136,0.9546302,0.978961,0.9395723,0.9511659,0.93886214,0.9560453,0.9605738,0.95971406,0.96027845,0.94914323,0.9571289,0.97820586,0.9510175,0.94955593,0.9616792,0.96040976,0.9620908,0.95681417,0.90620184,0.9603957,0.9564667,0.9590964,0.94802666,0.96307725,0.9614303,0.95068145,0.9390378,0.9365034,0.94964087,0.9509054,0.9626087,0.96511567,0.96365595,0.9523875,0.959162,0.9452969,0.9624052,0.9597479,0.95585227,0.96081656,0.94033134,0.95457625,0.9583999,0.9574313,0.9679149,0.9458987,0.9531689,0.9429183,0.9556879,0.95733404,0.9613913,0.95264995,0.96643186,0.95727754,0.951788,0.9614306,0.95851636,0.9614724,0.96050644,0.93953824,0.96246254,0.95618105,0.9505292,0.96606463,0.8475349,0.96142596,0.9516434,0.9427189,0.93535215,0.92532545,0.9510298,0.9540276,0.95056236,0.950978,0.95547754,0.95865184,0.9641152,0.94818723,0.96056086,0.9548283,0.96064436,0.95639694,0.96384263,0.9596602,0.96606463,0.9603132,0.952896,0.9556946,0.9535286,0.96470004,0.9600497,0.9525674,0.9507037,0.9514004,0.94813144,0.95691615,0.95780283,0.94390804,0.9593329,0.9660526,0.96090645,0.9571041,0.9510412,0.96692455,0.8994074,0.9475939,0.9401655,0.9615795,0.9730819,0.98775524,0.9559847,0.9597788,0.96836925,0.95153874,0.9530967,0.9661031,0.95206875,0.9607428,0.9596976,0.9621075,0.9599198,0.96536434,0.94572836,0.9529501,0.95275056,0.96037364,0.9339218,0.95663244,0.9525998,0.96862996,0.96120834,0.96216506,0.95084023,0.978961,0.9630115,0.95722795,0.95923746,0.9563716,0.96344715,0.9596985,0.9471203,0.9639157,0.97191304,0.96321595,0.9575521,0.95002323,0.95748556,0.9544376,0.9589113,0.9558345,0.9570848,0.94865984,0.95060414,0.978961,0.9515564,0.9675471,0.9623406,0.950537
47metersdown,0.9522795,1.0000002,0.9582551,0.93704677,0.95450413,0.9457091,0.9574,0.9496719,0.97211957,0.94167495,0.9542386,0.9328013,0.9547558,0.96043575,0.95512176,0.9641216,0.95203084,0.95395774,0.9459432,0.9517563,0.9508638,0.94197464,0.94994843,0.9598847,0.9460471,0.90363747,0.9418432,0.9446525,0.94850653,0.9493197,0.9467152,0.9472734,0.9271471,0.9339933,0.936113,0.93387204,0.947027,0.9441519,0.95785385,0.9447612,0.9516826,0.9583408,0.947634,0.9600353,0.9444344,0.9529809,0.94495815,0.9490847,0.9391615,0.9587082,0.9578523,0.952405,0.94131154,0.9389463,0.9310364,0.9445587,0.9439578,0.95099765,0.9545953,0.95115083,0.94909716,0.95307595,0.9541096,0.95519453,0.94667983,0.9469355,0.9409437,0.9436687,0.9509543,0.94270515,0.9501951,0.85630697,0.9518005,0.9419624,0.9360957,0.92888683,0.8929119,0.9419487,0.9424551,0.93891245,0.9487591,0.95647615,0.9528509,0.93821424,0.94930124,0.9464398,0.94822896,0.9600878,0.9438486,0.9552429,0.9475088,0.9501951,0.9469622,0.94433993,0.9523321,0.9540364,0.9511719,0.95144224,0.9484327,0.9463715,0.9512786,0.9367008,0.9435257,0.94280416,0.9602442,0.95585746,0.9629934,0.9593221,0.9404184,0.94034874,0.9542708,0.88169277,0.93824744,0.93421245,0.9581425,0.94678295,0.9530202,0.94377744,0.95778984,0.94677466,0.9473968,0.94907117,0.94479823,0.9499908,0.9462548,0.95172113,0.95261675,0.9505445,0.95255613,0.9417528,0.9525784,0.9475225,0.95554274,0.92316985,0.94931316,0.95320743,0.9425282,0.94654244,0.9506049,0.95023394,0.97211957,0.95450014,0.95530736,0.95768815,0.94162256,0.9490047,0.9501373,0.9423803,0.9578082,0.94880307,0.95105547,0.96151507,0.94431055,0.9319411,0.94846255,0.94434786,0.938774,0.94666326,0.94163686,0.94432056,0.97211957,0.9358254,0.9476539,0.9440232,0.9534433
abeautifuldaymovie,0.9554139,0.9582551,0.9999996,0.944453,0.95442337,0.946554,0.9531576,0.9477689,0.9765166,0.94890565,0.9501153,0.9488776,0.95718753,0.9613108,0.9595432,0.9613254,0.95016944,0.95305973,0.9506048,0.9525613,0.94996005,0.9668832,0.9563282,0.96175927,0.94386303,0.90470326,0.9567805,0.9545701,0.9750784,0.94964695,0.95262074,0.9533197,0.95375896,0.95496905,0.9427959,0.93973947,0.96085894,0.9523882,0.96332693,0.956311,0.9557332,0.95465696,0.94983345,0.95419365,0.95010626,0.9512996,0.954509,0.9512766,0.9451749,0.9535311,0.9781105,0.9587881,0.9425929,0.9413935,0.9342299,0.95464873,0.9582879,0.95163584,0.95684654,0.9561782,0.9580274,0.9463902,0.95891887,0.9631874,0.9453872,0.9472404,0.9460385,0.9534536,0.9513431,0.9435587,0.9596211,0.87058884,0.9541482,0.95401514,0.9459258,0.9500453,0.9099756,0.9507078,0.94932246,0.9521154,0.95884746,0.95080674,0.9562757,0.9551703,0.9578158,0.95190763,0.9500133,0.9597437,0.9438584,0.96420085,0.9515733,0.9596211,0.9464169,0.9419973,0.9719414,0.9582082,0.9528742,0.96431017,0.94026107,0.94939715,0.9533277,0.9491788,0.96484107,0.9473911,0.9542184,0.97488785,0.9653252,0.95866483,0.95837295,0.9562706,0.9608758,0.89905226,0.94777,0.92620105,0.95919895,0.95712894,0.9569639,0.9586573,0.96214557,0.9534706,0.954605,0.94737023,0.9518482,0.94579333,0.9503831,0.95792866,0.955362,0.96532214,0.9522692,0.940962,0.95530474,0.9461992,0.96212906,0.9338497,0.9581769,0.9601177,0.9511748,0.9514714,0.9563326,0.94377315,0.9765166,0.9730928,0.9516383,0.95312214,0.9514408,0.9534564,0.94087744,0.9496081,0.961837,0.9441157,0.95526254,0.9733659,0.9540105,0.932677,0.9526629,0.9508714,0.9496312,0.9488079,0.94739366,0.95582813,0.9765166,0.9561978,0.9580649,0.95293033,0.9707598
abominablemovie,0.93986976,0.93704677,0.944453,1.0,0.9411276,0.93803865,0.9480708,0.9435248,0.96607476,0.9303988,0.9392482,0.9374533,0.94286776,0.9465986,0.9485617,0.952003,0.93991995,0.95119405,0.93423504,0.9404355,0.9437037,0.9433268,0.94365793,0.9500947,0.941753,0.91109526,0.94371474,0.9394223,0.95315665,0.9431396,0.93982255,0.95085406,0.9411175,0.9364524,0.9385255,0.93402505,0.9528387,0.9458092,0.9530135,0.94535756,0.9379341,0.943451,0.9324671,0.94941986,0.94353735,0.94259876,0.9427103,0.9367966,0.943121,0.94733834,0.9485019,0.9514538,0.9541992,0.95001733,0.94680774,0.9393801,0.9439204,0.935522,0.9583195,0.9544628,0.9418531,0.9572848,0.9540988,0.9376067,0.9451209,0.9420135,0.9216475,0.95505834,0.9274703,0.934616,0.9541645,0.8482872,0.95316184,0.94188386,0.956868,0.93509275,0.9212548,0.9420109,0.9407367,0.9346798,0.947614,0.9492208,0.9466694,0.94111687,0.9486636,0.95254683,0.95037794,0.944983,0.94533426,0.9531126,0.93788743,0.9541645,0.9429596,0.9418385,0.9509119,0.96335614,0.9536741,0.9501826,0.94254917,0.93470645,0.94827324,0.94248664,0.93655163,0.9442796,0.9343758,0.94875103,0.9535448,0.9399199,0.94424814,0.9443376,0.9526257,0.90659297,0.93406695,0.92716056,0.94618005,0.9373356,0.94217867,0.94811606,0.9528642,0.94310296,0.9366092,0.9383117,0.9480803,0.9496943,0.9492518,0.94940394,0.9428582,0.9462716,0.93983996,0.9303898,0.9385117,0.9380236,0.9469239,0.93376184,0.9488295,0.9390091,0.94029707,0.943065,0.9535269,0.94062996,0.96607476,0.9510922,0.9458618,0.9380018,0.9516205,0.9507128,0.9343305,0.95657146,0.94075984,0.93316686,0.95150584,0.95404416,0.9478585,0.9231948,0.9416456,0.9514647,0.94734293,0.9458034,0.93419605,0.9453794,0.96607476,0.9435171,0.94708705,0.948316,0.9387059
adastramovie,0.9590554,0.95450413,0.95442337,0.9411276,0.9999998,0.9500341,0.9554244,0.9492298,0.9736444,0.96184635,0.94854116,0.9334479,0.9509554,0.9648319,0.9581484,0.95770603,0.9527468,0.9663123,0.95069486,0.9552866,0.94155777,0.95097715,0.95564365,0.95925033,0.94626236,0.9007272,0.95675236,0.9423604,0.9542072,0.9422237,0.9497586,0.944392,0.951963,0.93501663,0.93757063,0.9409865,0.9507424,0.9558001,0.96580786,0.94787514,0.9532169,0.95750743,0.9437783,0.95499134,0.9521732,0.94775057,0.94833016,0.95482945,0.94086605,0.95399547,0.9559844,0.95478576,0.9455125,0.9451467,0.94270724,0.9750177,0.943811,0.95144886,0.95046705,0.9544654,0.94428277,0.94686145,0.94683707,0.95726925,0.94954056,0.95979095,0.9377215,0.95042473,0.94198483,0.9502514,0.9553356,0.84108067,0.9582508,0.94893575,0.9441204,0.93998426,0.923831,0.95218337,0.9478296,0.94779545,0.9475744,0.95432806,0.95929897,0.9487588,0.9442416,0.94752866,0.9470607,0.95405436,0.94456905,0.9576779,0.94861376,0.9553356,0.9515973,0.9490357,0.95337105,0.95845604,0.9533319,0.9561716,0.9477397,0.95140886,0.94368434,0.94478095,0.95471257,0.9501061,0.9512553,0.9551375,0.95717025,0.9481467,0.9424754,0.9436341,0.9576065,0.90631723,0.9383045,0.9405615,0.94641125,0.94779724,0.95844597,0.94943863,0.9586561,0.94928795,0.9506587,0.95070624,0.9524992,0.95275307,0.95204824,0.9547699,0.95191306,0.9513025,0.96839565,0.9402918,0.9417789,0.9631059,0.9562565,0.92306566,0.9507741,0.9489238,0.9472057,0.9549755,0.948824,0.94117165,0.9736444,0.95665866,0.9462691,0.9486346,0.94465226,0.95109916,0.9493742,0.9444857,0.9483173,0.9416671,0.95522726,0.96028936,0.9437828,0.9411732,0.95218915,0.9471631,0.95257956,0.944386,0.93800443,0.9512812,0.9736444,0.95775014,0.95201516,0.95485944,0.95030445
adogsjourneymovie,0.9555654,0.9457091,0.946554,0.93803865,0.9500341,1.0000002,0.9637296,0.9483188,0.9739446,0.9422444,0.94240224,0.94073856,0.9515266,0.9546909,0.9466468,0.9504483,0.952649,0.95073277,0.9448607,0.94819653,0.94331473,0.9458488,0.9667884,0.96050215,0.94111234,0.87645316,0.9490516,0.9565597,0.9526369,0.9435982,0.9493384,0.9508905,0.9570049,0.94502366,0.9336981,0.9396235,0.95330304,0.9483729,0.95827025,0.95333385,0.9468074,0.94664896,0.94833785,0.9529613,0.95280117,0.96338844,0.9580001,0.95394135,0.9526589,0.9476259,0.95385593,0.9564321,0.94614697,0.9458654,0.94401175,0.94959664,0.9471213,0.95102656,0.93832767,0.9500137,0.94632584,0.9409312,0.9492231,0.9536197,0.9517284,0.94760835,0.9426563,0.9559256,0.94270056,0.9426087,0.962238,0.83896816,0.95430195,0.9516708,0.95595187,0.94084865,0.9195106,0.9540314,0.93213075,0.9572347,0.9439463,0.9571706,0.95812076,0.9535262,0.9475881,0.9467804,0.9421773,0.95484126,0.95776224,0.9561318,0.95212257,0.962238,0.9483252,0.9513638,0.95328295,0.9433849,0.94981384,0.94641477,0.95807534,0.95073134,0.9596426,0.9504984,0.9490754,0.95389485,0.9482547,0.9517528,0.96673477,0.95295364,0.9435769,0.94339347,0.9515897,0.89117396,0.94171983,0.9408995,0.9516458,0.9536128,0.9588746,0.9587798,0.9623772,0.9554815,0.9520874,0.9555564,0.95666647,0.97007024,0.9588576,0.952626,0.96139455,0.95211256,0.95608693,0.9421595,0.9439062,0.94463104,0.95607364,0.9351602,0.94748485,0.9480854,0.9459572,0.9456939,0.95885515,0.95814085,0.9739446,0.9547963,0.9590325,0.9545208,0.94329697,0.95343995,0.94802135,0.94441754,0.9548096,0.9411047,0.9611161,0.9555591,0.95220107,0.9159765,0.9532624,0.9565699,0.95594573,0.94153273,0.9382914,0.94935006,0.9739446,0.95270807,0.95982915,0.9630849,0.95441467
aftermathmovie,0.9690136,0.9574,0.9531576,0.9480708,0.9554244,0.9637296,1.0000004,0.960908,0.9822733,0.9494119,0.95527774,0.9375817,0.95733905,0.9664741,0.9600793,0.9638966,0.9558489,0.95510995,0.9700287,0.95675725,0.9534736,0.9577174,0.9662326,0.9711012,0.9581748,0.8906515,0.9557136,0.9560314,0.9575654,0.9537893,0.9694107,0.95915216,0.95956093,0.94209206,0.93055737,0.941732,0.959768,0.95256305,0.96528506,0.96168965,0.96425515,0.9584329,0.9564666,0.9629318,0.9593661,0.96827406,0.9632682,0.9537014,0.951566,0.9580902,0.95534486,0.9694057,0.95570815,0.95494807,0.9515834,0.9586804,0.96136534,0.9605335,0.95539266,0.96682996,0.9619312,0.9570021,0.9593199,0.9662927,0.9599126,0.96333283,0.9369913,0.96736217,0.95596856,0.9521517,0.97079384,0.84231627,0.96629345,0.95501333,0.9553174,0.9390533,0.9208192,0.9599896,0.94761646,0.9532501,0.95995104,0.9750528,0.9669299,0.9650385,0.9576416,0.9619118,0.95325655,0.9653656,0.96235853,0.96725076,0.9521235,0.97079384,0.9633421,0.96149516,0.95898825,0.953473,0.96594274,0.96201915,0.97193974,0.9506025,0.96128255,0.9517725,0.9497595,0.9666091,0.9566935,0.9553276,0.97422165,0.96549827,0.95353425,0.9498077,0.96485025,0.9072396,0.94850075,0.93595695,0.96343094,0.9614739,0.9683984,0.9595732,0.96470267,0.98899955,0.9606827,0.9584656,0.96919894,0.9611127,0.96576864,0.9655422,0.9608664,0.96203697,0.966464,0.95505995,0.95656574,0.9580764,0.9608822,0.9352439,0.9601626,0.9580147,0.95283633,0.9582237,0.9656409,0.96130824,0.9822733,0.95887935,0.9649919,0.96409255,0.95918494,0.9628451,0.95650285,0.94965446,0.9644041,0.9623729,0.98256254,0.96454084,0.9531999,0.94351465,0.9600821,0.96624285,0.9575892,0.9604176,0.9506579,0.9571602,0.9822733,0.9533358,0.96365994,0.9644123,0.9567277
aftermovie,0.9546302,0.9496719,0.9477689,0.9435248,0.9492298,0.9483188,0.960908,0.9999998,0.97494125,0.9407686,0.95365775,0.94341856,0.94906044,0.9605103,0.9533966,0.95295835,0.9563277,0.95297694,0.94698083,0.95183957,0.9507378,0.94917715,0.9578046,0.9601611,0.9454243,0.90209347,0.95194376,0.9456522,0.95432895,0.9480968,0.9574653,0.9541083,0.9448292,0.93823725,0.9373674,0.93690443,0.95450217,0.94819146,0.96060497,0.9533261,0.9578549,0.9539117,0.9556992,0.95638514,0.953131,0.95505196,0.9531445,0.9428666,0.94504565,0.9516475,0.95570475,0.9617287,0.9371011,0.9408867,0.95761245,0.94437987,0.9426336,0.9521821,0.95467407,0.9652294,0.953363,0.9498078,0.956117,0.95520943,0.95613265,0.9530256,0.93721825,0.9565178,0.9538097,0.94830114,0.96198773,0.8543064,0.9530982,0.94499767,0.9474492,0.9433091,0.91582155,0.94657755,0.9409752,0.947211,0.9539047,0.9566354,0.9557018,0.9526912,0.9528544,0.9552224,0.94904065,0.9534409,0.9536441,0.9639053,0.9465614,0.96198773,0.94581616,0.94149935,0.95038164,0.9544601,0.9510159,0.96131676,0.95228213,0.95293105,0.9531882,0.93928623,0.9478306,0.9483571,0.9487898,0.9552323,0.9588047,0.9482805,0.94510794,0.9499933,0.9633284,0.8774602,0.94381136,0.9227461,0.9503907,0.9563613,0.9609605,0.955327,0.9572982,0.95665556,0.9521846,0.95335114,0.959546,0.9501099,0.95356035,0.95292765,0.9511558,0.95173633,0.9577728,0.94810694,0.9487117,0.94370943,0.9519038,0.92549974,0.95530754,0.95152944,0.9545639,0.95092416,0.9621438,0.95267904,0.97494125,0.95756406,0.95602834,0.9493014,0.95336777,0.9579112,0.947385,0.94883895,0.9524283,0.9452972,0.95519835,0.9574539,0.9560466,0.93657625,0.95460993,0.9578274,0.95261216,0.9565895,0.95883095,0.94670135,0.97494125,0.9475852,0.95512646,0.95357054,0.9455024
ahiddenlifefilm,0.978961,0.97211957,0.9765166,0.96607476,0.9736444,0.9739446,0.9822733,0.97494125,1.0000002,0.9620879,0.9680781,0.9617303,0.9753248,0.9799648,0.9764296,0.97774875,0.9738956,0.97617596,0.9736004,0.9718836,0.97305584,0.9718098,0.97769815,0.982512,0.9710665,0.9155084,0.974001,0.9723345,0.97677857,0.9718161,0.97707665,0.9741672,0.9704752,0.9633767,0.9580434,0.9623907,0.97681195,0.97395074,0.9829763,0.9774263,0.9744115,0.9765905,0.9706082,0.9772594,0.97408146,0.9757183,0.97272736,0.97046983,0.9681277,0.97561,0.9776987,0.9813216,0.9688495,0.9683105,0.9665673,0.9690059,0.97290397,0.97549313,0.9741619,0.9796703,0.9727218,0.9717662,0.97762376,0.9796925,0.97350997,0.972988,0.95725816,0.97623855,0.96973276,0.96809775,0.9820032,0.8667303,0.9751461,0.9723613,0.96696687,0.9634131,0.93681073,0.97336304,0.9682198,0.97090644,0.9740468,0.97803104,0.97969943,0.9736057,0.97346133,0.97460973,0.9694907,0.9798501,0.9721828,0.9805929,0.9716727,0.9820032,0.97338104,0.97180265,0.978736,0.9745567,0.9761289,0.9805423,0.97171235,0.969581,0.97421175,0.9693661,0.9712398,0.9744006,0.9697846,0.97657335,0.9853919,0.9772507,0.9687361,0.971586,0.98363453,0.913733,0.9668417,0.95429885,0.97899973,0.97593695,0.9823465,0.9737159,0.981073,0.97770137,0.9740962,0.9754801,0.98013043,0.9720252,0.97806597,0.98025423,0.97717834,0.9772853,0.97807467,0.9669273,0.97291815,0.9708015,0.9788083,0.94874465,0.9743955,0.9771769,0.97366685,0.9747134,0.9786524,0.9716092,1.0000002,0.9798643,0.9740005,0.97603667,0.97345847,0.9752108,0.9682627,0.97089106,0.97671014,0.9671974,0.9792631,0.9818519,0.97275627,0.9510902,0.97288656,0.97622806,0.9712264,0.9708004,0.9689482,0.97020537,1.0000002,0.9721207,0.9767091,0.97675955,0.97211593
alitamovie,0.9395723,0.94167495,0.94890565,0.9303988,0.96184635,0.9422444,0.9494119,0.9407686,0.9620879,1.0000004,0.941109,0.91686946,0.9474911,0.94924515,0.9458496,0.9379428,0.9445078,0.9480074,0.93012834,0.94343245,0.9312315,0.9322229,0.9489578,0.9490111,0.93177533,0.8784333,0.9492941,0.9371831,0.94444597,0.94152665,0.93881744,0.9437346,0.9417187,0.9270986,0.9237204,0.9143971,0.95082074,0.9415274,0.9512919,0.9437821,0.9534475,0.9422837,0.9327154,0.943319,0.945687,0.9429737,0.93880904,0.9427124,0.9346149,0.9432569,0.94156826,0.9541115,0.9353452,0.9348556,0.935974,0.9498548,0.9339724,0.94041365,0.93982357,0.93683296,0.9454135,0.9418853,0.9444077,0.9497936,0.9436028,0.94450074,0.92704594,0.9396843,0.93613243,0.93755823,0.9400474,0.818049,0.9294979,0.945451,0.93046933,0.92876863,0.89420986,0.93522745,0.93378377,0.94008374,0.94334966,0.9409187,0.95527,0.9420171,0.93312246,0.9383189,0.9257319,0.9512408,0.928947,0.94868326,0.9420696,0.9400474,0.9454773,0.9363441,0.9380733,0.9446783,0.9438462,0.9494042,0.9368364,0.9401986,0.93956745,0.9429444,0.94161314,0.9387747,0.95431995,0.9403418,0.9501028,0.94855785,0.92565036,0.93375427,0.94658136,0.8784714,0.93503666,0.9090574,0.9436746,0.9358615,0.94227296,0.9468114,0.9553305,0.94317853,0.9486212,0.9494636,0.94275993,0.94608456,0.9470321,0.9424982,0.9453873,0.9356067,0.94672924,0.9291704,0.9431725,0.94394994,0.93940413,0.9181969,0.951193,0.9534667,0.9371037,0.9486738,0.9367513,0.93517065,0.9620879,0.9413386,0.93883854,0.94774246,0.9377117,0.9376301,0.9378966,0.9340654,0.95227337,0.9335802,0.943952,0.95160913,0.93959844,0.9270369,0.9316649,0.94078773,0.95344055,0.928069,0.92801785,0.94553196,0.9620879,0.94401836,0.9499279,0.94662374,0.9409842
angelhasfallen,0.9511659,0.9542386,0.9501153,0.9392482,0.94854116,0.94240224,0.95527774,0.95365775,0.9680781,0.941109,1.0,0.9307998,0.9431024,0.95660585,0.95169276,0.9458411,0.9404199,0.95379484,0.94947493,0.95214814,0.95572144,0.948991,0.9463274,0.9560199,0.94268733,0.8974944,0.94953805,0.94238186,0.95587456,0.9519134,0.94436514,0.9500972,0.9422149,0.9388333,0.9208429,0.9253868,0.9559015,0.9387749,0.95868933,0.9476928,0.9569371,0.9510411,0.93716645,0.9476867,0.95042866,0.9531089,0.9397871,0.9379013,0.93610895,0.9474905,0.9503018,0.95152444,0.9397891,0.9328755,0.9352011,0.9383202,0.9428125,0.95735025,0.9486929,0.95144546,0.9429394,0.94632614,0.9500562,0.95463765,0.94273716,0.95375717,0.94125974,0.9440777,0.96175224,0.9406236,0.95347327,0.8541856,0.9506111,0.9418543,0.94682115,0.93498784,0.8982648,0.9461395,0.94453055,0.9379068,0.9725131,0.9509067,0.94615734,0.93954086,0.9439429,0.94480556,0.95190763,0.9467934,0.93770194,0.9557898,0.9504321,0.95347327,0.95029515,0.9484396,0.9465451,0.9667604,0.9578914,0.95058936,0.94253016,0.94939166,0.9510435,0.94247484,0.9399666,0.94224745,0.9422047,0.950628,0.95651096,0.9394528,0.93578035,0.93895155,0.9544034,0.8759311,0.94839096,0.91895145,0.95533115,0.9609807,0.94566905,0.9458653,0.9568047,0.94552916,0.9467381,0.9547556,0.9476665,0.9455939,0.9499863,0.9441283,0.9465846,0.950214,0.9530891,0.926134,0.95006996,0.94072616,0.94167393,0.9207193,0.95053685,0.95302474,0.93728375,0.9391442,0.95305,0.94316196,0.9680781,0.9597791,0.9486144,0.9488239,0.94125134,0.95253575,0.9410501,0.9329589,0.9452676,0.93917406,0.95249355,0.95239556,0.9509329,0.92954767,0.9501091,0.94702035,0.9497551,0.9470465,0.94930875,0.9509896,0.9680781,0.9444729,0.95775574,0.9487401,0.9412006
angrybirdsmovie,0.93886214,0.9328013,0.9488776,0.9374533,0.9334479,0.94073856,0.9375817,0.94341856,0.9617303,0.91686946,0.9307998,0.9999998,0.9395561,0.95136005,0.94620883,0.9459502,0.9406161,0.94220597,0.93396807,0.9425686,0.92941934,0.9498923,0.93727076,0.9502853,0.9272844,0.9094803,0.94110566,0.9367406,0.95621014,0.95208883,0.93708515,0.9423412,0.9368424,0.9468412,0.9214561,0.91876936,0.9411879,0.93986374,0.949663,0.93938994,0.93498343,0.9476129,0.9446491,0.9461058,0.9330031,0.93654895,0.9342066,0.9539153,0.94044685,0.9438282,0.95871246,0.94284815,0.92925954,0.92548805,0.93022686,0.92775947,0.941474,0.93911475,0.9497406,0.9505327,0.9416053,0.9464133,0.95070565,0.94605833,0.93117076,0.9355623,0.92373174,0.94286317,0.9313844,0.92632616,0.9525145,0.85163087,0.93847674,0.9409628,0.93705976,0.94731057,0.92209756,0.92733765,0.9280181,0.93209517,0.9333043,0.9401316,0.9461419,0.9336848,0.95626754,0.93556416,0.9364339,0.9342609,0.9386722,0.9415553,0.9383084,0.9525145,0.9383128,0.9282942,0.95409507,0.9443909,0.93610406,0.9456974,0.9266344,0.9407828,0.9403121,0.92567825,0.92922777,0.93681335,0.92941093,0.9550699,0.9470854,0.9465831,0.9480819,0.95017225,0.94342244,0.8881321,0.92663234,0.9209334,0.93765736,0.9358603,0.948378,0.94628453,0.93837404,0.9350164,0.9430253,0.9275283,0.945701,0.9382598,0.93527883,0.9457822,0.933693,0.95685613,0.940226,0.9427701,0.93045986,0.9267975,0.95215476,0.93028736,0.9371586,0.93918216,0.9411862,0.93362737,0.9592143,0.9384517,0.9617303,0.9514674,0.9497384,0.93518937,0.95223176,0.9372338,0.93121624,0.9328068,0.9453517,0.9293193,0.9334835,0.9484486,0.9330273,0.9085978,0.9510281,0.94575423,0.9426487,0.93936795,0.92871374,0.9333857,0.9617303,0.93447506,0.94119865,0.93932325,0.95497483
annabellemovie,0.9560453,0.9547558,0.95718753,0.94286776,0.9509554,0.9515266,0.95733905,0.94906044,0.9753248,0.9474911,0.9431024,0.9395561,0.99999994,0.95952857,0.958282,0.9493776,0.9523345,0.94762117,0.9448555,0.9495687,0.9520703,0.9410091,0.9463466,0.9571516,0.9455321,0.8887892,0.95268136,0.9568023,0.954209,0.9465821,0.95370394,0.9614267,0.9437405,0.9464139,0.9441912,0.9383713,0.9444047,0.9699571,0.96380705,0.9614728,0.95188755,0.9495727,0.9427224,0.9551067,0.9524242,0.9544025,0.93931633,0.9448477,0.9453664,0.9538401,0.9602695,0.9592366,0.95858145,0.94866467,0.9354562,0.9509365,0.9542303,0.95602965,0.9541414,0.95205224,0.95630854,0.94480085,0.9597429,0.960977,0.9512273,0.945382,0.94234294,0.945049,0.94673514,0.9575002,0.9528066,0.8364301,0.9509869,0.9470555,0.93264043,0.93340945,0.9079257,0.94654256,0.95294565,0.95481384,0.95168847,0.9528383,0.9678713,0.9543124,0.9625668,0.9498493,0.9564948,0.98325664,0.9497203,0.95951617,0.9461544,0.9528066,0.95287067,0.9524276,0.95349985,0.95509815,0.95286196,0.95321923,0.9465416,0.9486947,0.95083475,0.9438206,0.94858783,0.95134956,0.95554477,0.9584553,0.95970964,0.9639561,0.9525519,0.9485068,0.9637579,0.89768237,0.94469386,0.92598665,0.9612341,0.9490903,0.9621806,0.94562703,0.96482754,0.9498498,0.9570034,0.9558901,0.95232236,0.95125127,0.96158934,0.96001506,0.96820164,0.952082,0.94991386,0.9417906,0.9481437,0.94729745,0.95976305,0.94437903,0.95312214,0.9545338,0.9466204,0.9503201,0.9540093,0.95579153,0.9753248,0.9581068,0.955357,0.9614442,0.9529406,0.9529205,0.9442863,0.95723397,0.9648489,0.9471587,0.95684487,0.9544493,0.94821733,0.93520004,0.9398007,0.95777607,0.9466026,0.94006205,0.9472728,0.94258,0.9753248,0.95763993,0.9552515,0.9503216,0.9579857
annamovie,0.9605738,0.96043575,0.9613108,0.9465986,0.9648319,0.9546909,0.9664741,0.9605103,0.9799648,0.94924515,0.95660585,0.95136005,0.95952857,1.0000001,0.95949966,0.9607583,0.9585752,0.9539954,0.9603419,0.9587295,0.9604145,0.95277256,0.96694463,0.9690283,0.95189995,0.9060112,0.95229447,0.9589862,0.95902944,0.95481354,0.9631771,0.95176435,0.95519996,0.94370395,0.93682444,0.9421289,0.95969737,0.9580871,0.9621504,0.95799345,0.9629145,0.9573099,0.9597369,0.9580829,0.9491669,0.9620521,0.95864016,0.95844656,0.94138724,0.95633054,0.9575054,0.9597425,0.9506688,0.94872177,0.94359446,0.95321655,0.9588047,0.9570545,0.9560146,0.9626388,0.95219934,0.95789677,0.95780605,0.9766804,0.9517191,0.9622782,0.94420993,0.9586477,0.94925135,0.9529425,0.9618858,0.8636791,0.95729786,0.9573983,0.95098895,0.94899887,0.91327333,0.9526368,0.9489837,0.95065945,0.9561732,0.9620875,0.9620512,0.94968736,0.9554485,0.9640648,0.9541798,0.95957094,0.9569406,0.9621242,0.9497134,0.9618858,0.95891845,0.9515094,0.9610842,0.9618386,0.9620935,0.96058834,0.9508844,0.97027946,0.9543714,0.95081306,0.95498765,0.95579624,0.96426797,0.9557024,0.9667874,0.9598374,0.9494631,0.9537021,0.9602108,0.90628403,0.9456649,0.93423975,0.9579894,0.95290464,0.9618033,0.9640162,0.95947444,0.96046895,0.9544036,0.9572573,0.95412725,0.95488006,0.96040905,0.9633059,0.96072495,0.9592139,0.9643524,0.94491035,0.9610773,0.9579758,0.96206063,0.93390745,0.95735806,0.9615639,0.95745176,0.95314264,0.95674384,0.95763916,0.9799648,0.9608322,0.95767796,0.95800525,0.952652,0.9556609,0.9542828,0.95415926,0.9605773,0.94705945,0.96025676,0.9696338,0.95134896,0.9394974,0.95717627,0.95541203,0.9610382,0.95657164,0.95562047,0.9517933,0.9799648,0.9586453,0.95432895,0.96004844,0.95458776
apollo11movie,0.95971406,0.95512176,0.9595432,0.9485617,0.9581484,0.9466468,0.9600793,0.9533966,0.9764296,0.9458496,0.95169276,0.94620883,0.958282,0.95949966,1.0,0.95614654,0.9552141,0.96048814,0.9548551,0.97368205,0.9520975,0.9517737,0.9468863,0.96764565,0.9478458,0.91489,0.959512,0.95101297,0.9604625,0.9598465,0.95752794,0.94978184,0.9546684,0.94163436,0.9415817,0.9428068,0.9552725,0.95573235,0.9649338,0.9570715,0.9550699,0.954224,0.9506388,0.9564924,0.94695413,0.956216,0.9468485,0.94415224,0.9499609,0.9522756,0.9624147,0.9573276,0.9417146,0.9459924,0.941962,0.95249546,0.9514509,0.9423353,0.9573242,0.96580654,0.95657897,0.9489927,0.9529214,0.959975,0.94866973,0.9487045,0.9410608,0.95059514,0.9487986,0.94752324,0.95893615,0.8434334,0.9614257,0.94176733,0.9438475,0.935256,0.91327286,0.95694095,0.9559198,0.9519392,0.9547783,0.9575709,0.96010554,0.9520347,0.9576803,0.95787126,0.9540007,0.9594039,0.9435492,0.9587556,0.9463061,0.95893615,0.9558917,0.95304906,0.95826405,0.9677642,0.9521701,0.9608393,0.9533082,0.9402828,0.95420325,0.93853563,0.9512449,0.9520046,0.9447203,0.9617064,0.9599909,0.95409703,0.95600283,0.9501881,0.96691704,0.89998305,0.9274491,0.9305825,0.95649105,0.9545413,0.9600454,0.9507871,0.9649547,0.94957775,0.9506528,0.9460206,0.9590046,0.949888,0.9619439,0.96059215,0.95352775,0.962369,0.9597789,0.9481593,0.95217603,0.94754946,0.95576704,0.928096,0.94114524,0.95903534,0.95156157,0.94942206,0.9576542,0.9459957,0.9764296,0.96312773,0.9548421,0.9502193,0.9552803,0.94892156,0.94528234,0.9448104,0.9540991,0.94481635,0.96081555,0.9607865,0.9495614,0.9341126,0.943164,0.9525554,0.9485613,0.94890815,0.9454479,0.9415554,0.9764296,0.9552417,0.9539245,0.94683,0.95389533
arcticdogsmovie,0.96027845,0.9641216,0.9613254,0.952003,0.95770603,0.9504483,0.9638966,0.95295835,0.97774875,0.9379428,0.9458411,0.9459502,0.9493776,0.9607583,0.95614654,1.0000004,0.9502762,0.9573446,0.950252,0.95460427,0.94824344,0.9523511,0.9588732,0.96335536,0.94493526,0.90234435,0.9502063,0.9470813,0.95649904,0.9486225,0.94934845,0.9530591,0.94670635,0.94459426,0.9359663,0.9461808,0.95485437,0.95015424,0.9634284,0.95831645,0.95013094,0.9592017,0.9522561,0.96063244,0.95767194,0.9517999,0.95512533,0.9563715,0.95028216,0.95676816,0.96003014,0.9627635,0.9416547,0.9362072,0.9452058,0.9568919,0.95281696,0.95603603,0.96230364,0.9553826,0.94861853,0.9525348,0.95794916,0.9544552,0.95132166,0.9479365,0.9271841,0.95718634,0.9491208,0.9417001,0.95945626,0.8419647,0.95605487,0.9534821,0.94069403,0.94188404,0.9124228,0.95167947,0.9472928,0.9494787,0.95118296,0.96159524,0.95398957,0.94898975,0.9516429,0.95375,0.95200086,0.95449084,0.95384115,0.9654242,0.94966197,0.95945626,0.94653106,0.94906276,0.95809555,0.95661485,0.95016474,0.95871735,0.9546209,0.94589,0.95405215,0.94413733,0.9491716,0.9507657,0.95127904,0.95740724,0.96577674,0.96110475,0.9592608,0.95085114,0.9608606,0.8935055,0.95116633,0.9369827,0.9587215,0.94867605,0.96028054,0.9467981,0.9622639,0.9543648,0.9469962,0.9530215,0.9577604,0.95153266,0.95020425,0.9670592,0.9495017,0.95264226,0.9597915,0.9484874,0.9469467,0.94816744,0.955878,0.9303125,0.9535469,0.9566,0.9537403,0.95464987,0.9586617,0.95392674,0.97774875,0.95714355,0.9511384,0.95354944,0.9532297,0.95853585,0.9567391,0.9510005,0.9551065,0.9445612,0.96153986,0.9666972,0.95116466,0.93049735,0.95439005,0.9513893,0.94649506,0.9528413,0.9507097,0.9541746,0.97774875,0.94851494,0.9594672,0.9503569,0.9518992
arcticmovie,0.94914323,0.95203084,0.95016944,0.93991995,0.9527468,0.952649,0.9558489,0.9563277,0.9738956,0.9445078,0.9404199,0.9406161,0.9523345,0.9585752,0.9552141,0.9502762,1.0,0.9585945,0.94670856,0.9536719,0.95126927,0.9409888,0.95534515,0.9613977,0.94366527,0.8848501,0.9487483,0.95865905,0.94891804,0.9485944,0.95430744,0.94532806,0.94517064,0.9364452,0.9356466,0.94000316,0.95000684,0.95022726,0.9579149,0.9458741,0.95235986,0.9490834,0.9511895,0.95153606,0.9470778,0.9543655,0.9466188,0.956453,0.94129103,0.9519874,0.9521439,0.95407367,0.9385216,0.93842137,0.9491313,0.94960064,0.95146686,0.94193166,0.95063037,0.9541564,0.95208347,0.94659245,0.9484843,0.9645387,0.95017433,0.94497186,0.9406165,0.9490623,0.94956315,0.9522365,0.9555256,0.84320366,0.94965136,0.945956,0.9414409,0.9362292,0.92160875,0.95235765,0.9535414,0.94129807,0.94553715,0.96086216,0.9649943,0.945737,0.9464655,0.9533115,0.9560803,0.9533735,0.94910777,0.9471458,0.9502567,0.9555256,0.94824517,0.93898803,0.94463336,0.9439927,0.9540599,0.95040685,0.95380455,0.94482434,0.9494049,0.94449127,0.9432857,0.9503109,0.9475962,0.95045215,0.9510618,0.9603308,0.9404499,0.94331485,0.9590821,0.90650177,0.9324216,0.93599546,0.9542939,0.9489728,0.95571023,0.9516202,0.95646524,0.9509182,0.95669246,0.94896084,0.9519325,0.95039874,0.9493935,0.9593075,0.95372206,0.9522052,0.9448602,0.9536566,0.9474733,0.9408464,0.9741027,0.9410665,0.94035006,0.9576396,0.95665765,0.9411649,0.9492411,0.9562521,0.9738956,0.95243526,0.95988554,0.9560492,0.95142,0.9505606,0.9422395,0.9456926,0.9546366,0.94153637,0.9536966,0.96180475,0.94345325,0.9188325,0.9416629,0.9596653,0.9444202,0.9452426,0.93917733,0.9389884,0.9738956,0.9440303,0.9452906,0.95036054,0.9541419
artofracingmovie,0.9571289,0.95395774,0.95305973,0.95119405,0.9663123,0.95073277,0.95510995,0.95297694,0.97617596,0.9480074,0.95379484,0.94220597,0.94762117,0.9539954,0.96048814,0.9573446,0.9585945,1.0000001,0.9517189,0.95687056,0.95465267,0.94970685,0.95232826,0.96051884,0.9480235,0.90941477,0.95898265,0.9497667,0.9577504,0.9567094,0.95449096,0.95768315,0.94805187,0.9490633,0.9455087,0.9449446,0.9566613,0.952821,0.96776795,0.9543906,0.94964963,0.95135313,0.93833387,0.9586104,0.9513797,0.96046185,0.9492852,0.9502371,0.9494827,0.95700055,0.95810795,0.96020937,0.94960934,0.94838625,0.9490662,0.9635881,0.9452923,0.95317036,0.95291126,0.95595163,0.94714946,0.9470872,0.9535403,0.9535864,0.95765054,0.95098704,0.94466877,0.9527887,0.94629234,0.9454955,0.9553474,0.8488651,0.95974296,0.9512159,0.95017594,0.9390147,0.9305214,0.95191795,0.9459521,0.9419792,0.9566376,0.9576466,0.95607406,0.9468402,0.9501552,0.954434,0.95001715,0.95256156,0.94716644,0.95602524,0.9553043,0.9553474,0.9558011,0.95002663,0.9526702,0.95347047,0.9550312,0.9597059,0.94722664,0.9475777,0.95887417,0.94398403,0.9477097,0.9483858,0.9470951,0.956471,0.96178275,0.9535722,0.9424402,0.95516133,0.9571103,0.8982256,0.95147884,0.9339409,0.9618043,0.9568457,0.9640506,0.9506311,0.9546513,0.9509929,0.9514169,0.9501995,0.95880073,0.94960743,0.952357,0.95558125,0.9556312,0.9527697,0.9602135,0.9440222,0.95039415,0.95899606,0.9605675,0.92940974,0.9575257,0.95716506,0.9538459,0.9525922,0.95487887,0.9611582,0.97617596,0.96539074,0.95655435,0.9492325,0.9472956,0.9604013,0.9440809,0.9540626,0.9567446,0.9443734,0.95269525,0.9587149,0.96021175,0.93077445,0.94994473,0.9523084,0.95272726,0.95185626,0.9392737,0.9612337,0.97617596,0.95502794,0.9534909,0.9528185,0.94903964
avengers,0.97820586,0.9459432,0.9506048,0.93423504,0.95069486,0.9448607,0.9700287,0.94698083,0.9736004,0.93012834,0.94947493,0.93396807,0.9448555,0.9603419,0.9548551,0.950252,0.94670856,0.9517189,1.0,0.94963735,0.94648296,0.953752,0.9525784,0.96264845,0.9498707,0.89066017,0.95066196,0.9563211,0.95249784,0.94784224,0.974442,0.95397675,0.94409674,0.9347054,0.9255404,0.93603504,0.9513496,0.9510467,0.9625568,0.95691276,0.94949085,0.9499725,0.94183046,0.9542665,0.9500689,0.9539597,0.9561976,0.9401349,0.94780195,0.94824827,0.94802356,0.9596763,0.943653,0.95179653,0.9388116,0.94758373,0.95325613,0.95182306,0.9467754,0.9597216,0.9511728,0.95088404,0.9507193,0.9587632,0.9538897,0.9520115,0.9364681,0.9596162,0.9476457,0.93720055,0.96287864,0.85202044,0.95156324,0.95276624,0.93324494,0.9270665,0.914149,0.945932,0.9511421,0.94296706,0.95196116,0.9527355,0.94909316,0.9525317,0.9467829,0.95212805,0.9562,0.9488649,0.94862443,0.9599053,0.9467802,0.96287864,0.95174426,0.9530208,0.9554087,0.95362276,0.9580974,0.95720625,0.94686335,0.94859093,0.9490511,0.9433323,0.94394046,0.95836586,0.938583,0.9511839,0.9636414,0.95524055,0.94483703,0.9495494,0.9602707,0.8997794,0.93943465,0.9311467,0.9550458,0.95637405,0.9626932,0.9483808,0.9520077,0.96899897,0.9472724,0.9477268,0.9618961,0.9488071,0.9575214,0.9496079,0.95320773,0.9585368,0.9575965,0.94469637,0.95370287,0.9456154,0.959226,0.9327887,0.9429293,0.95317584,0.9520595,0.9508866,0.9532689,0.94907546,0.9736004,0.95654064,0.9532928,0.95451796,0.95430446,0.95535105,0.95104885,0.9386584,0.9549534,0.9565441,0.9618535,0.9528913,0.94801724,0.94845635,0.9514957,0.9558467,0.9525488,0.95746595,0.9436264,0.94538504,0.9736004,0.9414438,0.95410097,0.9585593,0.94504297
beachbummovie,0.9510175,0.9517563,0.9525613,0.9404355,0.9552866,0.94819653,0.95675725,0.95183957,0.9718836,0.94343245,0.95214814,0.9425686,0.9495687,0.9587295,0.97368205,0.95460427,0.9536719,0.95687056,0.94963735,0.99999964,0.94475824,0.9564137,0.9495497,0.9620403,0.94103986,0.9041315,0.95535016,0.9382623,0.9528036,0.95746267,0.95445585,0.9414994,0.95211834,0.9379253,0.9334733,0.93226504,0.9506999,0.94909734,0.96323985,0.95018464,0.95774204,0.9526052,0.9482649,0.9545167,0.9432942,0.95651,0.9513097,0.9522741,0.9434311,0.9500979,0.95596987,0.94978106,0.9371234,0.93907624,0.94263387,0.9466665,0.9497227,0.9430699,0.95445025,0.9593342,0.9441314,0.9519767,0.9488397,0.95175415,0.9399149,0.95254815,0.93397707,0.9460658,0.93984693,0.95035607,0.9563352,0.84190613,0.95674163,0.9407035,0.95068395,0.9351455,0.90152276,0.95346224,0.9491585,0.94689,0.9526356,0.9552613,0.95347536,0.9407425,0.94965976,0.9493806,0.9522003,0.95809156,0.94724613,0.9592426,0.94975847,0.9563352,0.94815004,0.94624096,0.9510753,0.9581646,0.9423545,0.9667601,0.9587626,0.94628406,0.9492559,0.9448384,0.94437647,0.94303995,0.9443638,0.9562672,0.9560667,0.9471247,0.9474283,0.94278556,0.9651287,0.898201,0.93080777,0.9336369,0.95126456,0.9447769,0.95113736,0.94347346,0.96287376,0.949138,0.94716007,0.9462454,0.9540828,0.94632655,0.95110816,0.95448774,0.9539081,0.95068836,0.9569258,0.9419425,0.9451942,0.93986624,0.9545942,0.92823786,0.93967676,0.960412,0.93908465,0.9396234,0.95429444,0.94658196,0.9718836,0.95670664,0.9493999,0.9410849,0.944102,0.94858104,0.93780786,0.9420188,0.94672686,0.9383434,0.9588733,0.9577494,0.94944626,0.9271179,0.9477635,0.9503918,0.95502687,0.95280844,0.9334615,0.9370384,0.9718836,0.9477891,0.9548606,0.947635,0.9478039
bernadettefilm,0.94955593,0.9508638,0.94996005,0.9437037,0.94155777,0.94331473,0.9534736,0.9507378,0.97305584,0.9312315,0.95572144,0.92941934,0.9520703,0.9604145,0.9520975,0.94824344,0.95126927,0.95465267,0.94648296,0.94475824,1.0000001,0.9491456,0.950914,0.95951194,0.9471672,0.9109961,0.95121056,0.9450241,0.95198196,0.94861954,0.9523471,0.95463663,0.94231534,0.9323047,0.93411666,0.9401984,0.9545886,0.95196587,0.95531714,0.95150095,0.9483417,0.94444007,0.94786125,0.9526749,0.9481314,0.94995296,0.94054776,0.93755406,0.94418937,0.94920164,0.95238525,0.95115364,0.94003004,0.94033885,0.93203753,0.93311554,0.94961965,0.9470354,0.94768906,0.952774,0.94229585,0.94353294,0.9521755,0.9562619,0.94359845,0.9488391,0.9294018,0.94409573,0.9531278,0.9485457,0.9556262,0.861145,0.95098567,0.94215703,0.9428959,0.93755835,0.9054927,0.9475798,0.94971055,0.94556344,0.9508184,0.953149,0.9485929,0.9547937,0.9426138,0.95072913,0.9513876,0.9570641,0.9532407,0.9517786,0.94859636,0.9556262,0.9474571,0.950635,0.95199466,0.9530229,0.9569281,0.95198387,0.9439925,0.9472692,0.9502218,0.9417498,0.9496206,0.9518155,0.9452397,0.94531417,0.95856816,0.948917,0.93855816,0.9432003,0.962183,0.8792628,0.94578683,0.9222058,0.9652646,0.9567202,0.9572055,0.94268394,0.95106333,0.9490499,0.94878215,0.95215094,0.9490954,0.94289994,0.95462567,0.9540354,0.95490175,0.95171976,0.9469117,0.935145,0.9753585,0.94185543,0.9552997,0.91700923,0.9515052,0.954654,0.9485712,0.9441814,0.95231265,0.9452289,0.97305584,0.9625935,0.94860786,0.9510127,0.9462328,0.95061755,0.93768144,0.9525227,0.95103544,0.941633,0.9523204,0.9599302,0.94928193,0.9281272,0.94918776,0.9560611,0.94305134,0.9493706,0.949237,0.9443041,0.97305584,0.94117635,0.95427895,0.94673944,0.9474104
