movie,21bridgesmovie,47metersdown,abeautifuldaymovie,abominablemovie,adastramovie,adogsjourneymovie,aftermathmovie,aftermovie,ahiddenlifefilm,alitamovie,angelhasfallen,angrybirdsmovie,annabellemovie,annamovie,apollo11movie,arcticdogsmovie,arcticmovie,artofracingmovie,avengers,beachbummovie,bernadettefilm,blackandbluemovie,blackchristmas,blindedbythelightmovie,bombshellmovie,booksmart,breakthroughmovie,brianbanksmovie,brightburnmovie,brittanyrunsmov,captainmarvelofficial,captivestatemovie,catsmovie,charliesangels,childsplaymovie,clarathefilm,coldpursuitmovie,countdown,currentwarmovie,darkwatersmovie,detectivepikachumovie,disneyaladdin,disneyfrozen,disneymaleficent,doctorsleepmovie,dolemiteismyname,dontletgomovie,doramovie,downtonabbey_official,dumbo,escaperoom,everybodyknowsmovie,fastandfuriousmovie,fightingwmyfam,fivefeetapartfilm,fordvferrari,freaksthefilm,geminimanmovie,glassmovie,gloriabellmovie,godzillamovie,goldfinchmovie,goodboysmovie,goodliarmovie,gretafilm,halathemovie,happydeathdaymovie,harrietfilm,hellboymovie,hersmellmovie,highlifemovie,highstrungmovie,honeyboymovie,hotelmumbaifilm,httydragon,hustlemovie,hustlersmovie,isntitromantic,itmovieofficial,jayandsilentbob,johnwickmovie,jojorabbitmovie,jokermovie,judythefilm,jumanjimovie,justmercyfilm,knivesout,lalloronamovie,lastblackmansf,lastchristmasthemovie,latenightmovie,lighthousemovie,lionking,littlethemovie,littlewomenmovie,littlewoodsfilm,longshotmovie,lordsofchaosmovie,lucyintheskyfilm,mamovie2019,marriagestory,meettheaddams,meninblack,midsommarmovie,midwaymovie,missbalamovie,missinglinkfilm,motherlessbklyn,onceinhollywood,onthebasisofsex,overcomermovie,peanutbutterfalcon,petsematarymovie,piercingmovie,playingwithfire,playmobilthemovie,pomsmovie,queenandslim,rambomovie,readyornotfilm,richardjewellfilm,rocketmanmovie,scarystoriesmovie,secretlifeofpets,serenityfilm,shaftmovie,shazammovie,spidermanmovie,spiesindisguise,starwars,stormboymovie,stubermovie,taosdfilm,teenspiritmov,terminator,theaeronautsmov,thebestofenemies,thedeaddontdie,thefarewell,thehighwaymen,thehummingbirdprojectfilm,theintrudermovie,theirishmanfilm,thekitchenmovie,thelegomovie,themustangfilm,thenightingalefilm,theprodigymovie,thesunisalsoastar,theupsidefilm,tolkienmovie,toystory,triplefrontier,uglydolls,uncutgems,underthesilverlake,usmovie,wavesmovie,whatmenwant,wonderparkmovie,wrinklestheclown,xmenmovies,yardiefilm,yesterdaymovie,zombieland
21bridgesmovie,0.99999994,0.96778184,0.9744802,0.9721959,0.968228,0.97333664,0.9772371,0.97464985,0.9893061,0.9691828,0.97534674,0.97105944,0.9766535,0.98145753,0.97216845,0.9716194,0.9791862,0.9761645,0.9855454,0.9565392,0.96465385,0.96526384,0.9835074,0.9820933,0.9698602,0.89791894,0.9684352,0.9705815,0.9712203,0.9688271,0.9814827,0.97105324,0.9692787,0.97378194,0.9483264,0.93208665,0.98049545,0.9829931,0.97356945,0.9699125,0.9688463,0.975285,0.9650836,0.97778934,0.97788614,0.97813135,0.9811688,0.96951205,0.9788141,0.9772812,0.97650987,0.97577286,0.97625184,0.9689077,0.96243536,0.97095424,0.9621113,0.97800785,0.97938156,0.97998875,0.9651876,0.9736862,0.9714441,0.97209215,0.97285247,0.974124,0.9692483,0.9661319,0.976403,0.96056485,0.9803494,0.8149058,0.9651163,0.97409695,0.97157085,0.9720636,0.9490602,0.9756651,0.9782578,0.9769768,0.9767784,0.96712637,0.97513777,0.9688673,0.9667501,0.9617537,0.96429366,0.9802023,0.9700683,0.98515433,0.9689652,0.9803494,0.9717143,0.9768878,0.9772729,0.97920126,0.9712471,0.970939,0.9700754,0.97694236,0.9747297,0.9715858,0.9730746,0.97797555,0.973315,0.9770295,0.9752554,0.9712346,0.9625189,0.9674992,0.9731952,0.8615412,0.9795295,0.93460286,0.97296304,0.98387253,0.994471,0.97573364,0.97753906,0.9663982,0.9709751,0.9746378,0.97337973,0.9595428,0.97318137,0.9771267,0.97181016,0.97218645,0.9703374,0.95210123,0.97469044,0.9744715,0.971083,0.96483755,0.9792744,0.9751479,0.9819187,0.9693143,0.98015034,0.97301304,0.9893061,0.97472256,0.9659084,0.96872985,0.97067666,0.9652048,0.9773441,0.9587014,0.96682334,0.98020405,0.977477,0.9724692,0.97366124,0.97602403,0.9747231,0.97463846,0.9719446,0.9754789,0.9774044,0.9797039,0.9893061,0.9755003,0.97414374,0.9804877,0.97259915
47metersdown,0.96778184,1.0000005,0.96771973,0.9651326,0.95346266,0.9619285,0.9629541,0.966531,0.9778524,0.9551591,0.96843565,0.96487117,0.96864724,0.9642527,0.96541524,0.9784007,0.96380526,0.96601325,0.9640722,0.94499165,0.9563906,0.95666504,0.9718572,0.9672586,0.9472758,0.88669294,0.96370864,0.96139866,0.9536266,0.95492226,0.9611027,0.9544727,0.94823164,0.9646071,0.95967823,0.9282573,0.97370535,0.954487,0.94913656,0.95273787,0.9561647,0.95918715,0.9466705,0.95431197,0.9605334,0.9635044,0.9741989,0.9616302,0.9580707,0.95656276,0.9628768,0.9654998,0.96556216,0.9591462,0.95259625,0.95997906,0.968183,0.97048146,0.9669851,0.96541,0.95056206,0.96115565,0.9641056,0.95894843,0.9544811,0.9607024,0.9539567,0.96197367,0.9647227,0.9501759,0.96588856,0.8172005,0.94683707,0.96320707,0.9606891,0.95941395,0.93396837,0.9654917,0.96173036,0.9611088,0.9547722,0.9548612,0.9700863,0.9659722,0.95725185,0.94928694,0.9478019,0.97345275,0.960288,0.964944,0.95699525,0.96588856,0.96244174,0.9612885,0.9634445,0.96250194,0.9497718,0.95917267,0.95827603,0.9626588,0.9676514,0.95037043,0.95040894,0.9581687,0.95904076,0.9631113,0.96256876,0.9600529,0.9609382,0.95884657,0.9606541,0.8601811,0.9535784,0.93948364,0.9600012,0.96354866,0.9670619,0.9560619,0.962116,0.95234334,0.9634516,0.9624161,0.9620565,0.9478196,0.9603464,0.9592639,0.96685356,0.9536851,0.95827985,0.9224754,0.96537894,0.96354634,0.96164936,0.9530951,0.9604201,0.9639117,0.95687944,0.95962006,0.9656786,0.95659435,0.9778524,0.9632107,0.9533149,0.9555968,0.96480334,0.9602202,0.9611611,0.94457954,0.95414144,0.9568566,0.95268035,0.9553633,0.9591946,0.9571247,0.9555644,0.9572669,0.95564306,0.96069336,0.9583648,0.9598448,0.9778524,0.9556527,0.95131475,0.9628349,0.95424306
abeautifuldaymovie,0.9744802,0.96771973,1.0000005,0.96618307,0.97431505,0.9708905,0.9756126,0.97257686,0.98686516,0.9673361,0.9721588,0.97268575,0.9755202,0.98018086,0.97369164,0.97422975,0.97503644,0.974896,0.9692993,0.9629491,0.9716726,0.9794439,0.9788018,0.9731753,0.9676782,0.90315694,0.9720075,0.9724305,0.9854791,0.96736217,0.9685184,0.9720457,0.9555208,0.98118633,0.95926076,0.9386705,0.9698384,0.9684308,0.9698779,0.974279,0.9657064,0.9744199,0.96231335,0.976271,0.9692143,0.97530115,0.9802369,0.96806896,0.96652293,0.9759631,0.9881065,0.9722359,0.9713565,0.96870315,0.9600888,0.97324723,0.97330517,0.97694546,0.96756744,0.981375,0.9626487,0.9718926,0.9658902,0.9706115,0.97154033,0.97617763,0.9646269,0.974366,0.9678971,0.97119015,0.9790221,0.81552875,0.960076,0.9720803,0.96315706,0.9675187,0.9336359,0.96652806,0.9675617,0.9760986,0.9670397,0.9646938,0.98150706,0.9721933,0.9758304,0.95872414,0.96855026,0.975841,0.96659195,0.9766677,0.97259873,0.9790221,0.9731991,0.97112906,0.9812807,0.975712,0.96772194,0.9766668,0.9706495,0.9714375,0.96978843,0.9769743,0.96806395,0.97735757,0.9713665,0.9862982,0.97146285,0.9667997,0.9791103,0.97669804,0.9712753,0.8854552,0.9741746,0.9400676,0.97570485,0.97171503,0.97413105,0.9674427,0.9714166,0.9689511,0.970467,0.97801703,0.97592646,0.9550686,0.9699562,0.9651692,0.96234006,0.97492886,0.97739285,0.9446804,0.96865404,0.9712231,0.9774683,0.9644273,0.9718162,0.9691527,0.963717,0.96326286,0.97751594,0.96206987,0.98686516,0.98338825,0.955802,0.9630508,0.964563,0.9732491,0.9722307,0.96026015,0.964012,0.9689849,0.98058194,0.97439224,0.97138643,0.95502114,0.96621126,0.97021097,0.9599461,0.9667428,0.9684824,0.9739406,0.98686516,0.9678843,0.96908885,0.9742738,0.98019505
abominablemovie,0.9721959,0.9651326,0.96618307,0.9999997,0.95751953,0.96255934,0.9646277,0.9700355,0.98124856,0.94942427,0.9635342,0.9610517,0.97227365,0.9696467,0.9716182,0.96910715,0.9679933,0.9702551,0.96509683,0.95708716,0.9595616,0.96281594,0.97014,0.9595275,0.9557709,0.8972113,0.9581104,0.9604196,0.9583501,0.9580688,0.9630045,0.9640912,0.9440718,0.9622915,0.9514878,0.93263113,0.9620797,0.96997255,0.96628267,0.970952,0.95952666,0.96930224,0.9632419,0.9673925,0.96817523,0.966231,0.96861076,0.9601,0.96197164,0.9706098,0.9625635,0.9721313,0.9736705,0.96539503,0.96183413,0.96262187,0.9591991,0.97107446,0.97085136,0.97239304,0.9519738,0.9688363,0.95947146,0.9693752,0.95994425,0.9702048,0.95689166,0.9658857,0.96896136,0.96177226,0.9714882,0.81032014,0.9555126,0.9582684,0.96380526,0.96280336,0.93285364,0.97017694,0.96858215,0.966379,0.9642095,0.96088576,0.9673375,0.9608802,0.96789956,0.95376,0.96137357,0.9722517,0.96579236,0.9673947,0.96704066,0.9714882,0.9654144,0.97519845,0.9601261,0.97478926,0.9581512,0.96126896,0.9594306,0.95725244,0.9605715,0.9557791,0.94930845,0.9696879,0.9605559,0.96418375,0.96927816,0.9672835,0.9625022,0.97431916,0.9699185,0.8582321,0.9619525,0.9294594,0.96091425,0.9691127,0.97063965,0.96032405,0.96903056,0.95669097,0.967218,0.95769507,0.97109365,0.95159537,0.965012,0.9696019,0.9645193,0.9496246,0.96761906,0.933733,0.96597177,0.9610425,0.9712767,0.9638247,0.9602391,0.9707324,0.96585065,0.9684143,0.9700831,0.96185064,0.98124856,0.96778184,0.95321894,0.9675615,0.96526086,0.9639033,0.95950663,0.9548598,0.9643778,0.962096,0.9626042,0.9620951,0.95572245,0.94594574,0.9626222,0.96253365,0.96842504,0.964074,0.96588737,0.95679414,0.98124856,0.9603178,0.96058285,0.9634798,0.9576823
adastramovie,0.968228,0.95346266,0.97431505,0.95751953,0.99999994,0.96897954,0.9724496,0.9726657,0.98309195,0.9715893,0.97360873,0.97363836,0.96965593,0.97701705,0.9713191,0.9626142,0.9722085,0.98414475,0.96588075,0.96007305,0.9743782,0.97206134,0.96590364,0.97165436,0.9679276,0.90468746,0.9683179,0.9689526,0.97039694,0.96798044,0.96031976,0.9680984,0.9490746,0.96961665,0.9513547,0.9391653,0.96462595,0.96671516,0.95546603,0.97057784,0.95166254,0.9614872,0.9518232,0.9661501,0.96956116,0.9724579,0.9668699,0.9635762,0.9694886,0.9658005,0.9755951,0.975006,0.9646871,0.97110003,0.96603084,0.98239243,0.9579787,0.9627502,0.9600303,0.9673365,0.9601507,0.96442634,0.9698563,0.961733,0.9709711,0.96822727,0.96808296,0.9743807,0.95905197,0.9670123,0.97049344,0.8156641,0.9748584,0.9745245,0.96190405,0.9551417,0.9337103,0.9628063,0.9686425,0.96881145,0.9655244,0.9628738,0.96887964,0.96820325,0.9721623,0.95061207,0.9675009,0.9718716,0.95988613,0.97328186,0.9684691,0.97049344,0.9708195,0.96883595,0.97689015,0.96868074,0.9616658,0.97760534,0.9748266,0.9689424,0.9683325,0.9731018,0.95443386,0.9743907,0.9739404,0.97505635,0.9750487,0.9602031,0.9665964,0.9715133,0.9641705,0.8852268,0.9713354,0.9446814,0.9709296,0.960313,0.96978253,0.9670459,0.9714783,0.96458834,0.96190274,0.97031224,0.97435516,0.9532919,0.96671706,0.95723593,0.9668764,0.9694713,0.9748782,0.94397724,0.96914285,0.9738994,0.9672839,0.957781,0.9690188,0.97129095,0.96079177,0.964196,0.97358996,0.97461253,0.98309195,0.9724739,0.9574072,0.96136177,0.9561685,0.9650729,0.9628162,0.95793545,0.9564114,0.95570064,0.96966416,0.9590807,0.9732566,0.95580566,0.95957524,0.9620597,0.9574144,0.96014917,0.9675351,0.9684985,0.98309195,0.9635336,0.9680143,0.96218586,0.97537374
adogsjourneymovie,0.97333664,0.9619285,0.9708905,0.96255934,0.96897954,1.0000001,0.96147436,0.9632526,0.98290616,0.9595446,0.96971124,0.9719778,0.96660954,0.9736166,0.9674785,0.972719,0.96627265,0.9754079,0.96391475,0.94745684,0.97016126,0.973243,0.9763017,0.9710571,0.9614334,0.9112571,0.9691815,0.97465277,0.9702191,0.9628478,0.9618458,0.9550807,0.9549609,0.9729979,0.9603496,0.9482099,0.97439647,0.96372163,0.96662015,0.96819377,0.9603326,0.9676766,0.9628084,0.97139484,0.9681924,0.96982956,0.97146237,0.95708036,0.9635688,0.9722965,0.97146463,0.9672964,0.968977,0.96426845,0.954642,0.9611179,0.96250147,0.9638024,0.9699662,0.9701515,0.9529633,0.9685284,0.9691206,0.9672574,0.9634337,0.9675794,0.9558586,0.96702635,0.964797,0.95669067,0.9782386,0.83345276,0.9631165,0.97365046,0.9632524,0.9595094,0.9503285,0.9631062,0.95696753,0.96585923,0.9623582,0.95558965,0.9756926,0.96449983,0.9670807,0.9462236,0.96308947,0.9703702,0.97295964,0.96386373,0.9634173,0.9782386,0.96950245,0.9661176,0.972806,0.96761656,0.96205825,0.9577587,0.9614845,0.96969754,0.97017145,0.9712424,0.9669005,0.9729346,0.9693513,0.9729925,0.96423304,0.97443056,0.9624533,0.9696218,0.9680787,0.85425305,0.9667709,0.9438647,0.96847594,0.966402,0.97254807,0.96980864,0.9685836,0.9534669,0.97071403,0.9677215,0.9636095,0.9824017,0.9662935,0.9642931,0.96453744,0.96612585,0.97022784,0.93646735,0.97064215,0.9629847,0.9722251,0.9616343,0.96720654,0.96800137,0.95769405,0.9596179,0.9777092,0.96554655,0.98290616,0.9725896,0.9632413,0.9582514,0.9619466,0.9631186,0.964213,0.9521865,0.9645812,0.97337586,0.96755487,0.95875823,0.95883524,0.95075613,0.96758586,0.9695213,0.9613183,0.97161317,0.96199054,0.96711934,0.98290616,0.9684859,0.95629036,0.9700263,0.971972
aftermathmovie,0.9772371,0.9629541,0.9756126,0.9646277,0.9724496,0.96147436,0.9999999,0.9710238,0.98346335,0.9629873,0.9722506,0.97014946,0.9763282,0.9751816,0.9766739,0.9596642,0.97474647,0.9679929,0.9701635,0.96473056,0.96646374,0.9708368,0.969533,0.9705487,0.9643249,0.89424837,0.9672118,0.96838963,0.9716113,0.96679926,0.9694399,0.9661649,0.94573134,0.9692688,0.95624363,0.937058,0.9688155,0.9719343,0.96402955,0.9614493,0.96459025,0.969545,0.96340185,0.96825343,0.9698975,0.971713,0.9732873,0.97181356,0.97298104,0.96870434,0.97593826,0.9715848,0.9686945,0.96582097,0.95747614,0.9747731,0.9644206,0.9749701,0.97102284,0.9778036,0.9623089,0.9681952,0.9661268,0.9693611,0.9682946,0.9706515,0.95973974,0.9712776,0.9699975,0.9698871,0.9793013,0.82179034,0.9658635,0.9720741,0.9598901,0.96171325,0.93667144,0.96398777,0.9724555,0.96752053,0.966874,0.9757544,0.97433066,0.9653796,0.97202903,0.9624351,0.9708409,0.9730729,0.9622167,0.9757488,0.9711161,0.9793013,0.96473175,0.9703864,0.9725247,0.9781427,0.9627805,0.97181165,0.9846769,0.9622018,0.9633386,0.970474,0.95745254,0.97925556,0.962822,0.975119,0.9722293,0.96446633,0.95541,0.9731685,0.9646854,0.88772345,0.970398,0.9411803,0.97350234,0.9739483,0.97987044,0.9697861,0.9697547,0.9896327,0.97161764,0.9675935,0.9737418,0.94708073,0.9565131,0.9682757,0.9615237,0.96971184,0.9721355,0.94200665,0.96300423,0.96877724,0.96899605,0.9574284,0.9754242,0.97030133,0.9706767,0.9625566,0.9789669,0.9600507,0.98346335,0.97045386,0.9545174,0.96872634,0.9648877,0.9596837,0.9685758,0.96156836,0.9653373,0.9677985,0.9866203,0.97714514,0.96606755,0.96496075,0.9657057,0.97461736,0.95355177,0.9710355,0.97324276,0.9710165,0.98346335,0.9618776,0.9627683,0.9700511,0.9683467
aftermovie,0.97464985,0.966531,0.97257686,0.9700355,0.9726657,0.9632526,0.9710238,1.0,0.9842161,0.95841414,0.97042173,0.9694648,0.9692017,0.97776735,0.9730201,0.97504956,0.97265536,0.9794289,0.96754014,0.95764685,0.9695973,0.96479034,0.972292,0.9728849,0.9633794,0.8957947,0.9600948,0.96207935,0.96572834,0.966202,0.9623821,0.9690999,0.95597214,0.9720392,0.9447894,0.9314095,0.9656589,0.96699655,0.9688963,0.9623146,0.959867,0.9745808,0.960175,0.9719065,0.96765965,0.97154385,0.9705193,0.97555673,0.9690396,0.97544116,0.96940947,0.9710492,0.96651095,0.9672138,0.97237414,0.96742684,0.9574086,0.9768902,0.96473247,0.97237146,0.9605734,0.9651334,0.96256196,0.96988934,0.97126704,0.9678143,0.9601707,0.9675672,0.9616176,0.9547957,0.96872616,0.7806571,0.9596317,0.9700236,0.9671299,0.9657311,0.93558913,0.97364473,0.97028446,0.9714924,0.96537274,0.95724237,0.9700139,0.970549,0.96054614,0.9613845,0.9564675,0.97616845,0.96213233,0.9781791,0.963668,0.96872616,0.9702663,0.9711671,0.97099966,0.9741882,0.9557215,0.97200245,0.9688357,0.9661689,0.9717932,0.96812505,0.95594615,0.969689,0.96698874,0.9693258,0.9771973,0.9663073,0.9610279,0.9676083,0.9733739,0.84457743,0.9677696,0.92862195,0.97043926,0.9690528,0.9717071,0.96283233,0.9721605,0.96005225,0.9631875,0.9726387,0.9756016,0.94937974,0.9694541,0.96619415,0.9750173,0.96513504,0.9739708,0.9435976,0.9698665,0.96822417,0.96631366,0.9585414,0.96823496,0.96913064,0.9613237,0.96614057,0.96499383,0.97196794,0.9842161,0.9701927,0.95647,0.9623866,0.9587367,0.95839125,0.96375114,0.95473695,0.9565181,0.96045566,0.9673102,0.97504914,0.9725479,0.9578299,0.95838803,0.96218944,0.9657462,0.9589329,0.97071654,0.9727523,0.9842161,0.9678543,0.9691934,0.96981394,0.9679883
ahiddenlifefilm,0.9893061,0.9778524,0.98686516,0.98124856,0.98309195,0.98290616,0.98346335,0.9842161,0.9999999,0.97720605,0.98708165,0.9839164,0.98718786,0.9883508,0.9870021,0.98151475,0.98658544,0.9875995,0.98191994,0.97048426,0.98095185,0.98260957,0.98820066,0.9868423,0.97541165,0.9222989,0.97853124,0.9835052,0.985755,0.9780872,0.98242986,0.98148155,0.96878713,0.9860785,0.9704611,0.95363724,0.985427,0.9821888,0.9791135,0.98310107,0.9772216,0.98485905,0.9750766,0.9872529,0.98498,0.9862124,0.987569,0.97938687,0.9843098,0.9868416,0.98842865,0.9886426,0.9838988,0.9786206,0.97630715,0.98447764,0.9766861,0.98537624,0.98480266,0.98901576,0.97335327,0.98356,0.9824839,0.9832885,0.9837712,0.98446286,0.97505635,0.9841665,0.98361135,0.9765712,0.99020725,0.8325636,0.9792477,0.9846364,0.983814,0.97782576,0.9563629,0.98026043,0.9813211,0.98725253,0.982728,0.97426647,0.98942244,0.98348355,0.98292834,0.970538,0.97674096,0.98863125,0.98024285,0.98750234,0.9816664,0.99020725,0.9819914,0.9873781,0.9869813,0.9866441,0.9750914,0.98458445,0.9824929,0.98349255,0.9836743,0.9798008,0.97659755,0.9865061,0.98185027,0.9892518,0.9867256,0.9841091,0.9779911,0.98439157,0.98426354,0.88508123,0.982969,0.9546734,0.9833021,0.983894,0.98868364,0.9840238,0.98648065,0.9744373,0.9836498,0.98265845,0.9881342,0.9725689,0.9815795,0.9839862,0.9805282,0.98109674,0.9831769,0.9584573,0.98618114,0.9840068,0.9848329,0.97612894,0.98435944,0.98473006,0.98001546,0.97957873,0.9892133,0.9815107,0.9999999,0.98908126,0.97782105,0.9825856,0.9800487,0.98075,0.980362,0.976443,0.9799825,0.98065627,0.9829715,0.97904176,0.9816643,0.97100896,0.9806111,0.98194826,0.9789834,0.9815074,0.98192483,0.9829776,0.9999999,0.9821368,0.9786876,0.9850172,0.98535097
alitamovie,0.9691828,0.9551591,0.9673361,0.94942427,0.9715893,0.9595446,0.9629873,0.95841414,0.97720605,1.0,0.96959436,0.9670918,0.9698379,0.971464,0.9574158,0.9588618,0.9626739,0.9732732,0.9606078,0.9461639,0.9564073,0.9579781,0.9654624,0.9682317,0.952128,0.8885158,0.97101873,0.9536238,0.9665981,0.963928,0.96538836,0.9551673,0.9450036,0.96723986,0.9513048,0.9290012,0.96578044,0.96529675,0.9595587,0.9552027,0.96133745,0.95922726,0.95252407,0.9618894,0.97490346,0.9620161,0.9657006,0.9608728,0.9647459,0.96184987,0.9721819,0.9653137,0.963978,0.9571811,0.9567067,0.97353065,0.9557332,0.9605908,0.9614647,0.9739933,0.959021,0.9579788,0.9635119,0.95801383,0.96570885,0.95862854,0.96007675,0.9563394,0.95903474,0.9562501,0.97321576,0.82450193,0.9639646,0.9591705,0.95433617,0.95655566,0.92495835,0.9578206,0.96411484,0.9598211,0.9534157,0.9567307,0.9613379,0.96146625,0.9707895,0.95814353,0.9572184,0.96971875,0.9639672,0.96789426,0.9632472,0.97321576,0.9539484,0.9660319,0.97409976,0.9662594,0.95451623,0.96864325,0.96044564,0.9633199,0.9649883,0.95708895,0.95987713,0.968071,0.9784377,0.9675839,0.96644044,0.9594802,0.96373975,0.9518846,0.9602587,0.89006156,0.97547174,0.9299991,0.95788056,0.9632129,0.9694766,0.96051246,0.9588785,0.9551267,0.9608579,0.9635815,0.9680153,0.9517291,0.95959145,0.9534496,0.96178174,0.9679066,0.9685976,0.950767,0.96734005,0.96769744,0.95696014,0.94770855,0.96969426,0.9659409,0.9561847,0.9567671,0.9750801,0.96404564,0.97720605,0.9746345,0.9574545,0.959142,0.9554441,0.9660631,0.95800644,0.9563941,0.9542644,0.9591755,0.96396893,0.95167285,0.9648802,0.95547587,0.95783716,0.9662529,0.951745,0.96944594,0.9628166,0.970129,0.97720605,0.96700215,0.9661937,0.96688706,0.9686018
angelhasfallen,0.97534674,0.96843565,0.9721588,0.9635342,0.97360873,0.96971124,0.9722506,0.97042173,0.98708165,0.96959436,1.0000005,0.9722495,0.97573996,0.97626543,0.9733052,0.96938485,0.9710018,0.9726525,0.97693014,0.9532603,0.97220093,0.962565,0.9715991,0.97807175,0.96455276,0.90546036,0.96357954,0.97203076,0.9691185,0.9715238,0.97267425,0.96686774,0.9557122,0.96830076,0.9595396,0.9377823,0.9748473,0.968065,0.9656567,0.96829367,0.96060956,0.9706681,0.9599054,0.969234,0.9741904,0.9722397,0.9709036,0.96850747,0.97468424,0.96871805,0.97237194,0.9775779,0.9652047,0.97186357,0.96269804,0.9798017,0.9657402,0.97764426,0.975767,0.97336686,0.9608228,0.9730211,0.97139204,0.975678,0.9711619,0.9778149,0.9680802,0.9741515,0.97806036,0.95951927,0.9764655,0.8271488,0.97488225,0.9719583,0.969846,0.95913696,0.945135,0.9646565,0.9738817,0.9738223,0.98211133,0.9616615,0.9770459,0.97029907,0.9668467,0.9497492,0.9690305,0.9749429,0.96469235,0.9764184,0.9656318,0.9764655,0.9689254,0.97293985,0.9713965,0.9758455,0.9650707,0.9744057,0.97369224,0.9628111,0.96864635,0.9593274,0.9570726,0.9747844,0.97072244,0.9725087,0.9762736,0.96755016,0.9689606,0.97244805,0.9682984,0.87456495,0.97626615,0.9388551,0.9655653,0.97479826,0.9743573,0.97452915,0.97197706,0.9675575,0.96895814,0.9665294,0.9819596,0.9587447,0.9692832,0.96779025,0.96871674,0.9621206,0.96966666,0.94024,0.9752872,0.9723717,0.9706006,0.96047676,0.9736,0.9762103,0.96582586,0.9735363,0.9806971,0.96820986,0.98708165,0.9718075,0.96405953,0.97249234,0.9672744,0.9719074,0.96100825,0.9602618,0.96799576,0.9747818,0.97551554,0.96718633,0.9684543,0.96284115,0.97011745,0.968993,0.9685454,0.976363,0.972718,0.96869004,0.98708165,0.9671642,0.9628094,0.9704739,0.9691763
angrybirdsmovie,0.97105944,0.96487117,0.97268575,0.9610517,0.97363836,0.9719778,0.97014946,0.9694648,0.9839164,0.9670918,0.9722495,1.0000002,0.9693723,0.9709937,0.97240525,0.96221215,0.9644711,0.97530967,0.96025246,0.9544376,0.96258205,0.97168016,0.9655921,0.97785985,0.96082574,0.8996363,0.9598351,0.96826524,0.97181636,0.96080464,0.96040773,0.9615967,0.94259673,0.9748613,0.97070265,0.944325,0.96791273,0.9602759,0.9569255,0.961205,0.9503576,0.9655089,0.96064675,0.9682936,0.9693544,0.9719372,0.9681462,0.9617413,0.9677026,0.9688542,0.9757209,0.9757586,0.9648241,0.96002597,0.95098615,0.97605616,0.9699563,0.9720838,0.971319,0.9718839,0.95593435,0.96363646,0.9685442,0.9687557,0.968672,0.9600211,0.96268445,0.97115713,0.97256964,0.9660168,0.9723453,0.8461816,0.96571183,0.96726584,0.9687694,0.95240307,0.9407876,0.9610846,0.9615105,0.9729581,0.9636065,0.95814854,0.9803624,0.96996486,0.9721623,0.9554383,0.9647469,0.9665957,0.96206284,0.97094965,0.9600779,0.9723453,0.9632972,0.9683875,0.9723131,0.9698933,0.9652876,0.9717232,0.97440314,0.96402454,0.970995,0.9701711,0.9700125,0.96577966,0.9565453,0.9766597,0.9668105,0.9733071,0.96200734,0.96519065,0.96508247,0.86819696,0.96962065,0.9532382,0.9666044,0.9731984,0.9715436,0.9700295,0.96554476,0.96194386,0.96926963,0.974893,0.9709213,0.972923,0.9596171,0.968367,0.9597978,0.96868885,0.96994424,0.9367618,0.975431,0.9618949,0.96981335,0.95448035,0.9733974,0.9601194,0.96342635,0.96591806,0.9798844,0.95870006,0.9839164,0.9714829,0.96013266,0.96925557,0.96889085,0.95923597,0.96915174,0.9698718,0.96897304,0.95838326,0.9729637,0.96017873,0.96622956,0.95595384,0.9649586,0.96254694,0.95589983,0.9742306,0.97279096,0.96929747,0.9839164,0.9694185,0.96012306,0.9637659,0.9672384
annabellemovie,0.9766535,0.96864724,0.9755202,0.97227365,0.96965593,0.96660954,0.9763282,0.9692017,0.98718786,0.9698379,0.97573996,0.9693723,0.9999998,0.9783674,0.97629386,0.9688899,0.9749985,0.9738779,0.9680303,0.9550024,0.9662763,0.97115725,0.9771761,0.96867526,0.9621873,0.9095407,0.9655997,0.9651488,0.9730904,0.9619885,0.9705419,0.97121847,0.9537621,0.96910167,0.9612668,0.93688375,0.9720871,0.9794888,0.96500266,0.9695321,0.974659,0.97502416,0.9607607,0.97705495,0.9766223,0.97624755,0.9758197,0.9708104,0.98091805,0.9765262,0.97959393,0.9732857,0.97307986,0.96989805,0.9691154,0.96970767,0.9624024,0.9689895,0.9743389,0.9782617,0.9771575,0.9688426,0.971633,0.97666353,0.97168535,0.9736109,0.9626235,0.9736079,0.97181267,0.9696768,0.978794,0.82217324,0.9606752,0.96598333,0.96975756,0.9736483,0.95377123,0.97522515,0.9682709,0.96999407,0.9734409,0.9806372,0.9834846,0.97713935,0.97996116,0.9605742,0.9647808,0.9850775,0.9662405,0.97555274,0.96781296,0.978794,0.9681588,0.97605765,0.97660667,0.97857857,0.9631519,0.970882,0.9745516,0.971113,0.9720846,0.9699561,0.96408045,0.9791941,0.9752187,0.97670513,0.97096205,0.97414315,0.96140116,0.96806085,0.9691297,0.87917596,0.97095436,0.94555557,0.9666337,0.9805406,0.979166,0.97210824,0.97516346,0.96613276,0.97818726,0.968241,0.9790938,0.9525035,0.965053,0.9676156,0.9665769,0.96862185,0.96600586,0.9457198,0.97622305,0.9664056,0.9662211,0.9652752,0.96570736,0.9677637,0.9733434,0.9620433,0.98046845,0.9720781,0.98718786,0.9783988,0.9707358,0.9728269,0.9710378,0.9671768,0.9632899,0.9704015,0.9732928,0.9653233,0.96957153,0.96668196,0.9655462,0.9586745,0.9659076,0.97245294,0.9676526,0.9644058,0.9736324,0.9762207,0.98718786,0.96628076,0.9659305,0.9785392,0.97772515
annamovie,0.98145753,0.9642527,0.98018086,0.9696467,0.97701705,0.9736166,0.9751816,0.97776735,0.9883508,0.971464,0.97626543,0.9709937,0.9783674,1.0000002,0.9700427,0.96950036,0.9737449,0.9768261,0.97998005,0.9592091,0.9782727,0.9757621,0.975811,0.97900254,0.9609187,0.9067058,0.9714462,0.97138655,0.97828215,0.9702542,0.9755053,0.9684043,0.955949,0.97787654,0.9528228,0.94023216,0.9729136,0.9761351,0.9697435,0.97078156,0.9670032,0.973452,0.9679729,0.9767486,0.9758564,0.97909737,0.9740762,0.97234917,0.97093415,0.9765265,0.97926074,0.9762467,0.97312206,0.97101086,0.9662592,0.97215563,0.9608853,0.9774162,0.969678,0.9797676,0.96851945,0.96823174,0.96998477,0.9807606,0.97517085,0.97257674,0.96829873,0.9762127,0.9710719,0.96034986,0.9799297,0.81643826,0.96650773,0.97125053,0.9666357,0.9703321,0.9398712,0.9704607,0.97611463,0.97267646,0.9682742,0.9661884,0.9756695,0.9756718,0.97791624,0.96364415,0.9682376,0.9822084,0.968462,0.9790816,0.9750646,0.9799297,0.9674341,0.97416544,0.9792641,0.97297484,0.96383405,0.9677473,0.96870285,0.97862893,0.9742087,0.9736838,0.9664186,0.97837526,0.98512256,0.98097855,0.9759898,0.97378904,0.9709145,0.97181207,0.9723635,0.86379117,0.97593755,0.9375934,0.97392434,0.9717196,0.9787933,0.9662621,0.9731249,0.96560466,0.97224504,0.9738537,0.97841585,0.96228987,0.97219354,0.97184896,0.97221553,0.9717552,0.97640496,0.95086044,0.9739535,0.97232753,0.9751291,0.96530205,0.9747346,0.973674,0.96385765,0.96725,0.9797275,0.9738161,0.9883508,0.97581685,0.9653627,0.9695333,0.96834755,0.9719581,0.9722264,0.96108377,0.9687912,0.96914333,0.97895545,0.9765064,0.97056067,0.96309423,0.96622497,0.9686192,0.9645368,0.9743398,0.97251815,0.97802466,0.9883508,0.97471404,0.96770555,0.9705239,0.9786823
apollo11movie,0.97216845,0.96541524,0.97369164,0.9716182,0.9713191,0.9674785,0.9766739,0.9730201,0.9870021,0.9574158,0.9733052,0.97240525,0.97629386,0.9700427,0.99999976,0.96486104,0.9843147,0.9749636,0.96550316,0.98007804,0.96553355,0.97422606,0.9724243,0.9708817,0.95865464,0.90522486,0.9638134,0.97512406,0.97295743,0.97142047,0.9679005,0.9669071,0.95103854,0.97493297,0.957881,0.94590765,0.96963567,0.9666814,0.9639776,0.9736022,0.96636957,0.97357994,0.96309316,0.9757609,0.9693141,0.97391117,0.97223485,0.9724232,0.97224265,0.9743016,0.9751132,0.98096716,0.97194046,0.9691512,0.9662765,0.9694691,0.9622815,0.9694582,0.9740304,0.9792947,0.9620022,0.9740936,0.97350293,0.97316295,0.973451,0.97021675,0.95461833,0.9758455,0.97036254,0.9751041,0.978776,0.8238153,0.96932644,0.9719763,0.9684911,0.96465033,0.9507096,0.9696657,0.9705192,0.9721864,0.9742738,0.95872444,0.98147494,0.9682242,0.9712039,0.96334374,0.9682163,0.9745055,0.96953166,0.973471,0.9716071,0.978776,0.9682833,0.97118074,0.9707467,0.98315,0.9623429,0.9767191,0.97769874,0.96434426,0.96837306,0.9676034,0.9586277,0.9761519,0.95746607,0.97403127,0.97883266,0.9731615,0.9590969,0.97405547,0.97495246,0.8805904,0.96121275,0.9428935,0.9709632,0.9705627,0.970243,0.9763718,0.9857232,0.97089887,0.9795285,0.9669669,0.97580534,0.96183366,0.96941113,0.97512525,0.96820676,0.96388537,0.96890926,0.93946093,0.97401094,0.97053397,0.97957724,0.97269696,0.96005434,0.97880065,0.96763194,0.96964777,0.97618943,0.96336806,0.9870021,0.97689223,0.96507424,0.97754043,0.9724806,0.96164817,0.9604515,0.96708935,0.9747542,0.9598828,0.9656325,0.96886015,0.9672839,0.9650011,0.97238684,0.9757989,0.9673391,0.9688771,0.96506643,0.9634369,0.9870021,0.9656816,0.95883566,0.9675576,0.96921515
arcticdogsmovie,0.9716194,0.9784007,0.97422975,0.96910715,0.9626142,0.972719,0.9596642,0.97504956,0.98151475,0.9588618,0.96938485,0.96221215,0.9688899,0.96950036,0.96486104,1.0000002,0.96860784,0.9720477,0.9661388,0.9474818,0.96676654,0.96261966,0.9750968,0.9668259,0.95407563,0.89913327,0.9705067,0.9650499,0.96558607,0.9569345,0.9562153,0.96498525,0.9569089,0.9709275,0.94909906,0.9330586,0.9776397,0.9646644,0.96677935,0.9581823,0.95207584,0.96171224,0.9440609,0.9615651,0.96561766,0.9720264,0.9733694,0.9581605,0.9647959,0.962764,0.9690237,0.96905357,0.9645899,0.9600073,0.9565681,0.9616913,0.9687885,0.96659124,0.968408,0.9703975,0.94910544,0.9661009,0.9642138,0.9605988,0.9635697,0.97251314,0.95779514,0.96389556,0.96732247,0.9525424,0.9716864,0.8006986,0.9532767,0.9695221,0.9631102,0.9590769,0.93398446,0.9681501,0.96406865,0.9641463,0.9659446,0.95579094,0.96854776,0.9617015,0.9567878,0.9474703,0.9577985,0.9732208,0.9695106,0.97155344,0.96196747,0.9716864,0.9670033,0.9668078,0.9731715,0.9706243,0.95651805,0.96157557,0.95738363,0.96770155,0.97326964,0.96848047,0.9534633,0.95991206,0.9684241,0.96901774,0.9716441,0.96565473,0.97294414,0.9676018,0.9733145,0.848632,0.9653146,0.93034726,0.96507514,0.9622095,0.97012925,0.95905334,0.96706027,0.95181185,0.96091145,0.9674993,0.96268564,0.9537408,0.959889,0.9610579,0.9690113,0.9590505,0.9672041,0.93169767,0.9640583,0.9656431,0.96842825,0.9588115,0.9596802,0.9660933,0.9613321,0.96279526,0.96898794,0.965644,0.98151475,0.97304887,0.9570634,0.9511813,0.9661699,0.9683212,0.96554935,0.9447449,0.95321816,0.96352863,0.95971555,0.95411646,0.9614005,0.9519421,0.9638281,0.96533406,0.9623924,0.9615943,0.95820403,0.9653231,0.98151475,0.96576864,0.96650267,0.9697769,0.96649325
arcticmovie,0.9791862,0.96380526,0.97503644,0.9679933,0.9722085,0.96627265,0.97474647,0.97265536,0.98658544,0.9626739,0.9710018,0.9644711,0.9749985,0.9737449,0.9843147,0.96860784,1.0000001,0.97506005,0.97785974,0.96273047,0.96393436,0.96460104,0.9780677,0.9738112,0.9655399,0.8942836,0.9675538,0.98049533,0.97146165,0.9751971,0.97029465,0.9747268,0.96742094,0.96892333,0.9427277,0.9305404,0.9774312,0.9637799,0.96676236,0.97104126,0.9713683,0.97552073,0.9667273,0.9764781,0.9746159,0.97233266,0.974834,0.9710741,0.9788846,0.97628665,0.9763674,0.98466283,0.96688116,0.9721159,0.96119636,0.96756685,0.96017957,0.9741212,0.9741681,0.97486436,0.96201897,0.98007494,0.9778597,0.9686048,0.97997516,0.97329456,0.9661958,0.9745771,0.9648564,0.96870303,0.97578454,0.8051602,0.965005,0.973204,0.96287787,0.965007,0.9375345,0.9679432,0.97629446,0.96835357,0.97429335,0.9616508,0.9756089,0.9645531,0.9690891,0.96695054,0.9615511,0.9806785,0.96584934,0.9795738,0.9745722,0.97578454,0.97323793,0.9717762,0.9767078,0.9776727,0.9648331,0.9766582,0.97252667,0.9749569,0.9702979,0.96648294,0.96074945,0.9743152,0.96710753,0.9732668,0.97685623,0.967439,0.96113855,0.97580713,0.9763819,0.8601441,0.9682273,0.92845464,0.97023743,0.96290636,0.9723359,0.9696904,0.98443,0.9624917,0.96996695,0.9708527,0.9747049,0.9509611,0.9680829,0.97316504,0.9799586,0.96560836,0.9724801,0.9579083,0.97177494,0.97267115,0.9815357,0.97406924,0.9719453,0.9787454,0.9676482,0.9716233,0.9726287,0.9680268,0.98658544,0.97746676,0.96282065,0.9663436,0.96752983,0.967926,0.9639125,0.9576706,0.9612464,0.967432,0.96544784,0.97187144,0.97148305,0.96291703,0.96492183,0.96717936,0.9742965,0.96515125,0.9694263,0.9715512,0.98658544,0.9676352,0.9713387,0.9762803,0.97243214
artofracingmovie,0.9761645,0.96601325,0.974896,0.9702551,0.98414475,0.9754079,0.9679929,0.9794289,0.9875995,0.9732732,0.9726525,0.97530967,0.9738779,0.9768261,0.9749636,0.9720477,0.97506005,0.99999994,0.97125643,0.960158,0.9716712,0.97192824,0.9784505,0.97672564,0.9702706,0.90172124,0.9736804,0.97234124,0.9712557,0.97477496,0.96786,0.9702125,0.9557696,0.9789933,0.95207095,0.94778997,0.9714027,0.96925247,0.96629554,0.9746454,0.9625607,0.97293466,0.9610868,0.97695214,0.9710261,0.97329175,0.97691727,0.9692115,0.97028494,0.9778721,0.9741336,0.976135,0.97524786,0.9687513,0.96581227,0.9787108,0.9583425,0.96734107,0.97313666,0.97489494,0.9634992,0.97267026,0.9660473,0.9667204,0.9750011,0.97192025,0.9683801,0.97231716,0.96521217,0.96754956,0.9770189,0.80869377,0.9728681,0.976372,0.9740473,0.96844614,0.9378963,0.97166884,0.97033393,0.96953076,0.9694125,0.95501643,0.9770998,0.974502,0.9710228,0.9631957,0.9594319,0.9776397,0.9736697,0.9772337,0.9726146,0.9770189,0.97214377,0.9769141,0.9773528,0.9720749,0.96595037,0.97137886,0.9725627,0.9715074,0.9718629,0.97378355,0.96560705,0.97519,0.97638583,0.97325605,0.97614694,0.97041917,0.9673341,0.9733374,0.97135764,0.87569344,0.9700569,0.93775684,0.9739934,0.96687025,0.9736651,0.97607154,0.9736285,0.9601832,0.97230095,0.9666304,0.97532594,0.9633481,0.9731848,0.97576916,0.97053444,0.9707573,0.9730699,0.9512376,0.9762955,0.9757099,0.9679607,0.9595534,0.96914256,0.9797993,0.96489245,0.96738195,0.9788727,0.98099893,0.9875995,0.9763234,0.9631833,0.96820205,0.9649923,0.9669002,0.9680192,0.9607616,0.962862,0.9618823,0.9654664,0.9711343,0.9710112,0.96148306,0.9642406,0.96805674,0.97221947,0.9650367,0.9666095,0.9701039,0.9875995,0.97308326,0.9688834,0.97322905,0.9744949
avengers,0.9855454,0.9640722,0.9692993,0.96509683,0.96588075,0.96391475,0.9701635,0.96754014,0.98191994,0.9606078,0.97693014,0.96025246,0.9680303,0.97998005,0.96550316,0.9661388,0.97785974,0.97125643,0.99999964,0.9498084,0.95691603,0.9554132,0.9750709,0.974802,0.95955175,0.87721807,0.96187043,0.967528,0.96383893,0.9721246,0.979206,0.96470064,0.9564696,0.963292,0.9382093,0.9228795,0.9736983,0.96477646,0.96838164,0.96417993,0.9631672,0.9686401,0.96124476,0.9697142,0.969924,0.97202134,0.9747033,0.9616872,0.9734359,0.97124225,0.9678715,0.97213775,0.9663394,0.968132,0.95651495,0.967381,0.9521205,0.97357404,0.97179145,0.9686136,0.9534711,0.97376937,0.9643753,0.97109926,0.97254807,0.96710044,0.96755093,0.9683319,0.97033554,0.9551697,0.9733593,0.7970882,0.9603855,0.96784216,0.95973015,0.9658074,0.9333825,0.9618593,0.97964424,0.963112,0.9723563,0.95239806,0.9684381,0.96043515,0.9636831,0.96098346,0.95897853,0.9766465,0.9638005,0.97544277,0.96822655,0.9733593,0.96183133,0.96758974,0.97004914,0.96841246,0.9608599,0.96391445,0.96261454,0.9702659,0.968729,0.9617389,0.95579344,0.9699572,0.96771455,0.9693365,0.97072834,0.96758175,0.95850474,0.96862733,0.9695674,0.84821767,0.97091997,0.91406983,0.96600544,0.9678714,0.975307,0.9625538,0.9700323,0.95796865,0.9635133,0.96436566,0.96984,0.9464573,0.9604983,0.96830136,0.9744887,0.9644297,0.96783614,0.94601965,0.96572334,0.97306955,0.9674228,0.9576072,0.97117364,0.97194874,0.9628788,0.9631895,0.97405076,0.9669725,0.98191994,0.96396375,0.95791304,0.9623498,0.9614236,0.9633173,0.96455544,0.9466292,0.96162736,0.970332,0.9725234,0.97105294,0.9629092,0.9715085,0.9601185,0.96767217,0.9655173,0.969183,0.9715751,0.9696391,0.98191994,0.9668353,0.96420866,0.9677252,0.9625932
beachbummovie,0.9565392,0.94499165,0.9629491,0.95708716,0.96007305,0.94745684,0.96473056,0.95764685,0.97048426,0.9461639,0.9532603,0.9544376,0.9550024,0.9592091,0.98007804,0.9474818,0.96273047,0.960158,0.9498084,1.0000001,0.9556067,0.9636208,0.9535432,0.95870095,0.9409533,0.8948066,0.9433852,0.9564312,0.9674056,0.94817525,0.9514496,0.9532877,0.9294698,0.964555,0.9377682,0.9392025,0.94893163,0.9547136,0.9455983,0.96073633,0.95484275,0.9513374,0.94556046,0.95980513,0.95130724,0.9608284,0.9514824,0.9631453,0.9494607,0.95371646,0.96343386,0.9624005,0.96275645,0.94681025,0.9432061,0.9672599,0.9513324,0.95703447,0.9497669,0.96497357,0.9454104,0.9511325,0.9589091,0.95214087,0.9522332,0.9564707,0.93815,0.9609292,0.9521009,0.9632284,0.9662139,0.8191457,0.956937,0.95784855,0.952725,0.95275956,0.93074596,0.95558316,0.9566875,0.96044666,0.95834976,0.9409623,0.962077,0.9525035,0.95714915,0.9531512,0.9597216,0.9557499,0.9555122,0.958194,0.95200825,0.9662139,0.94870603,0.9568185,0.9530335,0.96908706,0.9543953,0.96983886,0.96085185,0.94847214,0.94892126,0.96364707,0.94817233,0.96265197,0.94140595,0.9635312,0.9672078,0.9526276,0.94642216,0.96099025,0.9531099,0.90347594,0.9465971,0.9398155,0.95642406,0.95652884,0.95540035,0.9597599,0.96417356,0.96350163,0.95842254,0.9563103,0.95583355,0.94439435,0.9507459,0.9545909,0.9444475,0.9589614,0.95983523,0.9259702,0.95579046,0.9663632,0.9685729,0.9553806,0.95259285,0.9597516,0.94890887,0.9467209,0.9627994,0.9433164,0.97048426,0.9639988,0.93721926,0.9619755,0.95357543,0.9455609,0.95609194,0.9568457,0.955468,0.9363851,0.9558986,0.9585412,0.95341593,0.95279217,0.9563276,0.9618832,0.9395013,0.95464563,0.9538407,0.94668454,0.97048426,0.95543873,0.9436029,0.9522407,0.95701
bernadettefilm,0.96465385,0.9563906,0.9716726,0.9595616,0.9743782,0.97016126,0.96646374,0.9695973,0.98095185,0.9564073,0.97220093,0.96258205,0.9662763,0.9782727,0.96553355,0.96676654,0.96393436,0.9716712,0.95691603,0.9556067,1.0,0.9717334,0.97080386,0.96695983,0.95843935,0.9051413,0.965348,0.9683308,0.96821266,0.9633738,0.9603545,0.96466124,0.95314586,0.9666,0.9514794,0.94203067,0.9583448,0.96267474,0.95404017,0.97195363,0.95115703,0.9590704,0.94651794,0.962704,0.9643537,0.97138005,0.967192,0.9609759,0.9607767,0.9637677,0.9729404,0.9656147,0.97091764,0.95039785,0.95819974,0.971084,0.9560033,0.96567297,0.96383584,0.96676344,0.95571643,0.95606476,0.9604769,0.96257424,0.9629014,0.9688104,0.9545543,0.9692096,0.95838934,0.94814676,0.97220045,0.8146581,0.96182334,0.96886814,0.9619366,0.9577136,0.9322299,0.96820146,0.9591986,0.965239,0.96467024,0.9591872,0.9670982,0.9715373,0.9652474,0.94506735,0.95819175,0.9722014,0.9668693,0.96594185,0.96007013,0.97220045,0.96788794,0.9668896,0.96355087,0.96598107,0.9627077,0.9674904,0.96501136,0.96434355,0.9620866,0.96207607,0.954293,0.9651807,0.9670629,0.9714572,0.97220284,0.96117795,0.96400124,0.96581745,0.9614638,0.8703806,0.9621114,0.9481162,0.97643816,0.9633907,0.96687424,0.9620986,0.969559,0.9570231,0.957643,0.96895033,0.96870565,0.95809984,0.96946335,0.95974416,0.95830303,0.9652779,0.96413046,0.92634875,0.97784805,0.96698636,0.9686786,0.96205074,0.96717644,0.969461,0.9583473,0.95805,0.9707052,0.9655526,0.98095185,0.97158045,0.9539324,0.95904213,0.96016586,0.96075,0.95832384,0.9508696,0.9526551,0.95682865,0.9684315,0.96181834,0.966876,0.94854903,0.96420723,0.9586747,0.96621567,0.9608099,0.96153134,0.9624811,0.98095185,0.9554561,0.9608973,0.96864647,0.976757
