movie,21bridgesmovie,47metersdown,abeautifuldaymovie,abominablemovie,adastramovie,adogsjourneymovie,aftermathmovie,aftermovie,ahiddenlifefilm,alitamovie,angelhasfallen,angrybirdsmovie,annabellemovie,annamovie,apollo11movie,arcticdogsmovie,arcticmovie,artofracingmovie,avengers,beachbummovie,bernadettefilm,blackandbluemovie,blackchristmas,blindedbythelightmovie,bombshellmovie,booksmart,breakthroughmovie,brianbanksmovie,brightburnmovie,brittanyrunsmov,captainmarvelofficial,captivestatemovie,catsmovie,charliesangels,childsplaymovie,clarathefilm,coldpursuitmovie,countdown,currentwarmovie,darkwatersmovie,detectivepikachumovie,disneyaladdin,disneyfrozen,disneymaleficent,doctorsleepmovie,dolemiteismyname,dontletgomovie,doramovie,downtonabbey_official,dumbo,escaperoom,everybodyknowsmovie,fastandfuriousmovie,fightingwmyfam,fivefeetapartfilm,fordvferrari,freaksthefilm,geminimanmovie,glassmovie,gloriabellmovie,godzillamovie,goldfinchmovie,goodboysmovie,goodliarmovie,gretafilm,halathemovie,happydeathdaymovie,harrietfilm,hellboymovie,hersmellmovie,highlifemovie,highstrungmovie,honeyboymovie,hotelmumbaifilm,httydragon,hustlemovie,hustlersmovie,isntitromantic,itmovieofficial,jayandsilentbob,johnwickmovie,jojorabbitmovie,jokermovie,judythefilm,jumanjimovie,justmercyfilm,knivesout,lalloronamovie,lastblackmansf,lastchristmasthemovie,latenightmovie,lighthousemovie,lionking,littlethemovie,littlewomenmovie,littlewoodsfilm,longshotmovie,lordsofchaosmovie,lucyintheskyfilm,mamovie2019,marriagestory,meettheaddams,meninblack,midsommarmovie,midwaymovie,missbalamovie,missinglinkfilm,motherlessbklyn,onceinhollywood,onthebasisofsex,overcomermovie,peanutbutterfalcon,petsematarymovie,piercingmovie,playingwithfire,playmobilthemovie,pomsmovie,queenandslim,rambomovie,readyornotfilm,richardjewellfilm,rocketmanmovie,scarystoriesmovie,secretlifeofpets,serenityfilm,shaftmovie,shazammovie,spidermanmovie,spiesindisguise,starwars,stormboymovie,stubermovie,taosdfilm,teenspiritmov,terminator,theaeronautsmov,thebestofenemies,thedeaddontdie,thefarewell,thehighwaymen,thehummingbirdprojectfilm,theintrudermovie,theirishmanfilm,thekitchenmovie,thelegomovie,themustangfilm,thenightingalefilm,theprodigymovie,thesunisalsoastar,theupsidefilm,tolkienmovie,toystory,triplefrontier,uglydolls,uncutgems,underthesilverlake,usmovie,wavesmovie,whatmenwant,wonderparkmovie,wrinklestheclown,xmenmovies,yardiefilm,yesterdaymovie,zombieland
21bridgesmovie,1.0000002,0.95978856,0.95666695,0.9546523,0.95798635,0.9631066,0.9643613,0.9595073,0.9827843,0.95498276,0.95918006,0.9528662,0.96559435,0.9672658,0.9700369,0.962662,0.96362495,0.9486432,0.9745271,0.9539302,0.96104974,0.9611352,0.96894604,0.9658089,0.95926535,0.908013,0.95300907,0.96119714,0.9622952,0.96402603,0.96194917,0.96326613,0.95052785,0.96144915,0.94217724,0.9434318,0.96894026,0.9606687,0.9662972,0.9590848,0.95804286,0.9624551,0.95510614,0.9605066,0.96796334,0.9608,0.96603733,0.9650288,0.95172626,0.960001,0.96480304,0.9673595,0.9566331,0.9594815,0.95028526,0.9575717,0.9607223,0.9690428,0.95981705,0.9598982,0.95379835,0.96266043,0.96121746,0.9673546,0.96174836,0.9621164,0.95581955,0.9685156,0.95939195,0.9671438,0.96951616,0.80624807,0.9635729,0.9645091,0.95889926,0.9544077,0.9370754,0.9533951,0.9599662,0.9608976,0.95637083,0.9577609,0.9609973,0.9586657,0.9639204,0.9615752,0.9564985,0.96474046,0.96623695,0.9667598,0.95800185,0.96951616,0.9555938,0.9538185,0.96054274,0.95601404,0.9662917,0.9635706,0.9602565,0.9657271,0.96475744,0.95814246,0.95391285,0.96787065,0.94964814,0.96443254,0.969996,0.96513665,0.9604243,0.9571457,0.96587723,0.8777243,0.9664099,0.9406837,0.9564231,0.9703864,0.9897383,0.96344,0.964672,0.9651257,0.95987296,0.96359235,0.96018404,0.95737207,0.9676984,0.9601211,0.9606568,0.9582163,0.9633407,0.947895,0.96915084,0.9527385,0.9620042,0.9571364,0.96591103,0.9647313,0.9728921,0.9639228,0.96599567,0.95631295,0.9827843,0.9641581,0.9622699,0.9608692,0.95048594,0.9637401,0.95883477,0.95366836,0.9634409,0.9658086,0.96229535,0.95993555,0.96089727,0.94739544,0.9628965,0.9676778,0.95175076,0.96596175,0.9592639,0.96237195,0.9827843,0.95705366,0.9557982,0.96861243,0.9559585
47metersdown,0.95978856,1.0000001,0.95971155,0.94644225,0.9487277,0.94651586,0.9599776,0.95209414,0.97484046,0.9518395,0.9528567,0.9500939,0.9497764,0.9578713,0.95965075,0.9703507,0.9562513,0.9436649,0.9555203,0.945143,0.9519441,0.9615665,0.9588014,0.960637,0.9499039,0.8954916,0.9492657,0.9561971,0.9582372,0.9539659,0.9453334,0.95702416,0.9395194,0.9565602,0.9474071,0.93840307,0.9551808,0.94416106,0.95501655,0.94784725,0.9474288,0.9493653,0.9432642,0.94507766,0.96292365,0.9596046,0.9598847,0.95846844,0.9545433,0.9486654,0.962406,0.96024114,0.94872075,0.95627874,0.9400651,0.9335183,0.9527051,0.9599474,0.9498474,0.94719917,0.9457364,0.95474553,0.9567271,0.9550294,0.9441862,0.951401,0.9492679,0.9562992,0.958203,0.95850974,0.9582455,0.81422836,0.9471172,0.9564781,0.95004976,0.9410497,0.9215085,0.95141923,0.9516783,0.9531398,0.95572346,0.9555157,0.9563917,0.94640374,0.95817167,0.9522398,0.9553552,0.9517755,0.9532973,0.9591043,0.94558346,0.9582455,0.9471544,0.94806373,0.9564666,0.9519143,0.959013,0.954752,0.9578049,0.9556603,0.95117736,0.9546925,0.95554316,0.95529974,0.95617163,0.9583839,0.96686023,0.9542432,0.95830333,0.9426877,0.9565613,0.87548405,0.9531019,0.9308473,0.9540621,0.95474565,0.96044195,0.95011467,0.95385164,0.9588374,0.95225877,0.9535671,0.9534404,0.94321746,0.95602626,0.9489154,0.95790046,0.94875365,0.95080984,0.93807,0.95143515,0.945846,0.958489,0.93774873,0.9604058,0.9492423,0.9424938,0.9582922,0.9576106,0.9525957,0.97484046,0.96503276,0.9549851,0.95196605,0.9486229,0.9549189,0.94957536,0.9480473,0.94505554,0.95154154,0.9529813,0.9512729,0.9570942,0.9229613,0.95177364,0.95974123,0.9426808,0.9557553,0.9462659,0.9544242,0.97484046,0.94500524,0.9565551,0.95495343,0.9574986
abeautifuldaymovie,0.95666695,0.95971155,0.9999996,0.9513073,0.9595406,0.95046455,0.9697124,0.9536311,0.97684985,0.95008,0.96063286,0.95470154,0.95539707,0.95577234,0.9584792,0.96044594,0.95648795,0.95750856,0.95696115,0.9486156,0.953549,0.96728295,0.96159726,0.9638476,0.9472738,0.9012654,0.9539766,0.9532985,0.97047603,0.95549,0.94965416,0.94971204,0.94503033,0.95908976,0.9432568,0.9383695,0.9595034,0.9423166,0.9584623,0.9479911,0.9577098,0.9543766,0.9472011,0.94866174,0.9658641,0.96537995,0.96398044,0.95519537,0.9493771,0.95001316,0.97354174,0.96152467,0.9525265,0.9628147,0.9420783,0.95294696,0.95373744,0.96274716,0.95903116,0.9500274,0.9525904,0.954255,0.9545162,0.95850194,0.9489332,0.9571176,0.954347,0.9571656,0.9590714,0.9537776,0.95639795,0.81947774,0.9531491,0.96341795,0.96310306,0.9488987,0.93173397,0.956975,0.95262474,0.9543725,0.95455325,0.9579436,0.95316714,0.95265824,0.96416885,0.9575747,0.9551055,0.96013,0.96041423,0.9594769,0.95651484,0.95639795,0.95649993,0.95655775,0.9673574,0.95131373,0.9632644,0.9563018,0.95519763,0.95986426,0.96109396,0.9506055,0.958236,0.96084994,0.9474615,0.969327,0.95853597,0.95648694,0.9657745,0.9419539,0.9657921,0.90399164,0.95919424,0.94405526,0.94888467,0.95864516,0.95839113,0.9620731,0.9569967,0.96473557,0.95430005,0.95594925,0.9542811,0.9480251,0.9603014,0.9597974,0.95863867,0.9635357,0.9552656,0.9419057,0.9540631,0.9472766,0.9595685,0.94661355,0.9604669,0.95515937,0.9458108,0.96404356,0.9612711,0.96048224,0.97684985,0.9663029,0.9634277,0.94868976,0.94654936,0.95698094,0.9507875,0.94869405,0.9501535,0.94639605,0.95763177,0.9716129,0.9643915,0.92946446,0.95234674,0.95548636,0.9492905,0.9570693,0.952865,0.9525463,0.97684985,0.94701254,0.95628077,0.95889205,0.9640573
abominablemovie,0.9546523,0.94644225,0.9513073,1.0,0.95351654,0.9500488,0.9534128,0.9503546,0.9707678,0.94824356,0.9483173,0.9412256,0.95885503,0.94941753,0.9546131,0.95056486,0.95309895,0.9453353,0.94188696,0.93903536,0.94953245,0.94983155,0.9583006,0.9545946,0.9481859,0.90101194,0.9443451,0.9491061,0.9464397,0.943158,0.9387915,0.95573294,0.93508595,0.94840986,0.9381415,0.9300388,0.94957924,0.9534203,0.95168924,0.9573994,0.9556167,0.9502261,0.93918496,0.9454419,0.9623789,0.95076674,0.9581199,0.9598444,0.94582003,0.95005083,0.94955176,0.95441365,0.9502034,0.95004016,0.942264,0.951696,0.94310236,0.9531094,0.958875,0.947438,0.95219547,0.96418995,0.94945854,0.95120937,0.94480526,0.9402724,0.9482047,0.9451817,0.95587534,0.95063674,0.94667023,0.82167315,0.9443191,0.95489067,0.9563495,0.94887084,0.92807436,0.947722,0.9425853,0.95118535,0.9494031,0.95399433,0.96082604,0.9395654,0.9532823,0.93685484,0.95116633,0.9588719,0.9492599,0.95278376,0.9457408,0.94667023,0.94215685,0.95725644,0.944677,0.9582266,0.9503783,0.94158655,0.9409295,0.9554873,0.9498744,0.9525829,0.94021815,0.9555549,0.937833,0.9492165,0.95981616,0.95572364,0.9504737,0.9495709,0.95421124,0.88290507,0.95200413,0.9321223,0.93895274,0.9564665,0.95756036,0.94745046,0.9554767,0.95455307,0.9499153,0.9442209,0.9519268,0.94281936,0.96170205,0.9560283,0.9534344,0.94108826,0.9508345,0.9366791,0.948993,0.9456922,0.95307547,0.9520364,0.9569308,0.94293845,0.9483041,0.9540887,0.9436937,0.9449083,0.9707678,0.9476842,0.9524927,0.9482253,0.9414844,0.94775695,0.9426473,0.9488165,0.9559983,0.9485863,0.9484843,0.9509276,0.9534253,0.9279063,0.94248843,0.9472434,0.9478163,0.9506094,0.9513436,0.94215035,0.9707678,0.95095545,0.94280773,0.95814234,0.9409654
adastramovie,0.95798635,0.9487277,0.9595406,0.95351654,1.0000005,0.94937724,0.9647588,0.96033365,0.97837645,0.95835876,0.95850354,0.9575424,0.9607061,0.95585644,0.9601672,0.9624848,0.9563272,0.9739243,0.9488614,0.9500813,0.9554685,0.9566117,0.95726544,0.96256423,0.9514888,0.89837205,0.95691997,0.95290804,0.955728,0.957774,0.9437154,0.95904714,0.9370075,0.95267427,0.9388455,0.93599117,0.96340555,0.9545995,0.96382093,0.9572166,0.9573675,0.9573698,0.9441389,0.9521781,0.96588457,0.9613409,0.959333,0.96355826,0.94607824,0.95662874,0.9631111,0.9637868,0.9450136,0.95774156,0.9439353,0.97387123,0.9529102,0.96150434,0.95928866,0.948665,0.9568064,0.9602738,0.9606879,0.9571142,0.9572582,0.95218974,0.94957083,0.9596975,0.9618455,0.95046884,0.9560122,0.8118377,0.9517527,0.962539,0.95886767,0.95240635,0.9368652,0.950899,0.95413524,0.9585967,0.9521548,0.9550718,0.95437586,0.9515969,0.9584589,0.94884753,0.9507099,0.9655998,0.95816725,0.9611279,0.9583038,0.9560122,0.9463374,0.95569474,0.961981,0.96268505,0.95450085,0.95547754,0.9473863,0.95754504,0.95990294,0.9549627,0.95192355,0.9641434,0.95373875,0.9615476,0.9609878,0.9655078,0.9622624,0.953467,0.9657983,0.8846396,0.9595578,0.9423887,0.9519137,0.95565236,0.95967025,0.95418185,0.95821655,0.96382177,0.9525944,0.9580632,0.95626026,0.9487396,0.9580271,0.96007735,0.9598584,0.9521716,0.9686042,0.9414647,0.9603356,0.96562487,0.95846725,0.9427289,0.9576998,0.9604955,0.95126873,0.9578409,0.9591226,0.9586624,0.97837645,0.9556781,0.96103185,0.9519468,0.94714427,0.9575718,0.94651484,0.94638836,0.95973676,0.9494706,0.957456,0.955674,0.9632847,0.932545,0.9520567,0.95306444,0.9591136,0.9581226,0.9532955,0.95266694,0.97837645,0.95489436,0.9552657,0.9625138,0.9536357
adogsjourneymovie,0.9631066,0.94651586,0.95046455,0.9500488,0.94937724,0.9999997,0.95216054,0.9573397,0.9721814,0.9503294,0.948743,0.9405724,0.96444035,0.9494333,0.95738924,0.9494551,0.9520757,0.9502567,0.94664806,0.93997335,0.9476709,0.95044893,0.9656485,0.95958936,0.9554575,0.90379953,0.94260436,0.94290084,0.95465255,0.9463301,0.944286,0.9522584,0.94128287,0.95219266,0.9289621,0.93108255,0.954957,0.9553523,0.95689386,0.95434666,0.95189947,0.9468308,0.94907415,0.9425737,0.95559365,0.9499664,0.96252763,0.95676273,0.94991803,0.943478,0.95730495,0.95669574,0.9552879,0.9467985,0.9440833,0.9422492,0.94513047,0.9521031,0.94731975,0.9539711,0.9504373,0.9545961,0.95383096,0.954109,0.9463351,0.9464708,0.9459241,0.94864976,0.94840485,0.9518468,0.95461965,0.7960335,0.94588286,0.95404994,0.95034736,0.9456568,0.92926794,0.94916296,0.9543106,0.9552087,0.9481308,0.9438625,0.9546086,0.94353795,0.95729834,0.9386066,0.94372797,0.9546954,0.9558878,0.95109576,0.95034444,0.95461965,0.94536346,0.9451415,0.9534575,0.9548268,0.9559852,0.94976836,0.94220155,0.9520556,0.9539837,0.9568005,0.9501856,0.95572025,0.94733214,0.9576315,0.9532913,0.9615531,0.94926864,0.94623566,0.9585547,0.87250704,0.9525094,0.9317133,0.93720025,0.9507835,0.96042204,0.95024455,0.95324,0.9498601,0.9539759,0.94942015,0.94675165,0.9697778,0.9576938,0.9515621,0.95780796,0.94345623,0.95372206,0.931647,0.95939153,0.9440146,0.95310634,0.9466981,0.9522012,0.9478703,0.9529509,0.9539593,0.95369035,0.9446667,0.9721814,0.95229113,0.95336175,0.9540313,0.94267726,0.9529991,0.9455995,0.94477767,0.9570294,0.9477426,0.9503616,0.9506992,0.955294,0.9434305,0.950525,0.9552114,0.95060533,0.94832474,0.9501127,0.9446887,0.9721814,0.9455123,0.9421283,0.9693705,0.94585484
aftermathmovie,0.9643613,0.9599776,0.9697124,0.9534128,0.9647588,0.95216054,0.99999994,0.96192133,0.9829505,0.9553157,0.96137756,0.955341,0.96451324,0.96514815,0.9676501,0.96429366,0.96292686,0.9590593,0.95953465,0.95521736,0.9632379,0.9683796,0.9646718,0.966944,0.95379436,0.90506226,0.9580159,0.9643265,0.96598226,0.96300906,0.9547457,0.9571681,0.94930476,0.95549744,0.9485702,0.94034225,0.96674347,0.95277697,0.9676389,0.9493672,0.9584356,0.9587156,0.9486716,0.95725936,0.9658298,0.970044,0.9668444,0.9658398,0.952887,0.95686823,0.97150993,0.9647424,0.94835436,0.9667098,0.9504823,0.96204954,0.96027035,0.9678668,0.96298754,0.9546813,0.9643746,0.9664386,0.9612382,0.9692115,0.9550923,0.95972216,0.9604093,0.9625377,0.9623493,0.9580265,0.96360606,0.83198684,0.9672053,0.97129345,0.96431476,0.9529882,0.9338774,0.9543324,0.9590078,0.96014506,0.96630144,0.97208285,0.959768,0.9587782,0.96361476,0.9584237,0.9593319,0.96921605,0.9620603,0.9650155,0.9694441,0.96360606,0.95821744,0.9578836,0.9606867,0.9546467,0.9667161,0.9584668,0.9744941,0.9597204,0.9632717,0.9589773,0.9602548,0.9620417,0.95452327,0.9702642,0.9662333,0.96545,0.96163076,0.95198387,0.970774,0.8852642,0.9660473,0.9379101,0.95950043,0.96198815,0.96364146,0.958198,0.96611524,0.9901756,0.963548,0.96180683,0.96349305,0.9524435,0.9632253,0.96380025,0.9614785,0.95801115,0.9639535,0.9429675,0.96190566,0.9504869,0.96340406,0.95509696,0.9653327,0.96670854,0.95567805,0.96239984,0.96353793,0.9627088,0.9829505,0.96364903,0.96662754,0.95973355,0.9548594,0.95649695,0.949854,0.9504987,0.9641963,0.95068145,0.98287654,0.96178144,0.9659375,0.9338241,0.9581809,0.96198475,0.9564191,0.96809655,0.96116257,0.9605808,0.9829505,0.954608,0.96380055,0.96257216,0.96680576
aftermovie,0.9595073,0.95209414,0.9536311,0.9503546,0.96033365,0.9573397,0.96192133,1.0,0.98008287,0.9524881,0.95807743,0.9487493,0.9639793,0.96088296,0.97252905,0.9604589,0.9592893,0.9520896,0.96226364,0.9535231,0.9564514,0.9580038,0.95954293,0.9621585,0.9490071,0.89951825,0.9506928,0.9521074,0.95685506,0.9628176,0.9561643,0.95873135,0.937332,0.95640737,0.9442682,0.94449645,0.9577332,0.9544472,0.9593362,0.9560139,0.95957196,0.9590867,0.9458661,0.9597653,0.96397734,0.9618436,0.9590333,0.9643397,0.9508225,0.9589652,0.9620963,0.9664889,0.94800323,0.95236576,0.956307,0.9536844,0.950218,0.9577673,0.9566913,0.9595099,0.96283495,0.9594752,0.96459174,0.9591357,0.95173246,0.9518751,0.9481705,0.9632161,0.96414036,0.95480293,0.9649445,0.801919,0.9519926,0.96376354,0.95646125,0.9463594,0.93474865,0.9495982,0.9585942,0.96750075,0.95223844,0.95265996,0.9663033,0.95101076,0.95894843,0.9513077,0.9560111,0.9630273,0.96010894,0.9604096,0.96161014,0.9649445,0.95182157,0.951516,0.95140654,0.95886534,0.96423054,0.94927895,0.959185,0.9540998,0.95858353,0.956669,0.95324445,0.9581019,0.9532714,0.961231,0.9671832,0.96856797,0.9547355,0.95233417,0.9612299,0.87788606,0.9621602,0.93341535,0.9554371,0.9598107,0.96070987,0.9520992,0.96354467,0.95984215,0.96590084,0.96562207,0.9600412,0.9568458,0.96051407,0.9635211,0.9636883,0.9546174,0.960311,0.9359893,0.9627833,0.957551,0.9586775,0.9517248,0.9542234,0.9608732,0.95260227,0.9634445,0.96096283,0.95753604,0.98008287,0.9585662,0.95743555,0.9559845,0.95991635,0.96084493,0.9474746,0.95099545,0.95733124,0.95298386,0.96013165,0.95438135,0.9651442,0.9343714,0.9520312,0.95922065,0.95516336,0.960158,0.96229947,0.953118,0.98008287,0.95509356,0.9538833,0.9603729,0.9566831
ahiddenlifefilm,0.9827843,0.97484046,0.97684985,0.9707678,0.97837645,0.9721814,0.9829505,0.98008287,0.99999976,0.97098476,0.9770189,0.9694972,0.98018205,0.9802096,0.9829924,0.9797415,0.97873574,0.9722005,0.9761915,0.96957487,0.9760234,0.9775282,0.9803453,0.98314136,0.9708205,0.9185331,0.9725645,0.9760567,0.9776406,0.9759223,0.97194767,0.9768074,0.96491754,0.9747217,0.9596833,0.95835257,0.98279184,0.96918803,0.9808639,0.9726011,0.977096,0.9761808,0.9680619,0.97385734,0.9838643,0.98065597,0.9796478,0.980893,0.97226024,0.97571105,0.9820055,0.98361886,0.9691529,0.9782577,0.96561223,0.9731172,0.97244066,0.9823394,0.97592103,0.97457397,0.97392374,0.9789761,0.9796509,0.9811906,0.9715609,0.9749963,0.97164077,0.97971505,0.979342,0.977557,0.98110235,0.8281891,0.9753626,0.981386,0.9757807,0.9679145,0.95044893,0.97237325,0.9759962,0.9784911,0.97435105,0.9751432,0.9787169,0.9714928,0.9783861,0.9730702,0.9760496,0.98174816,0.9783322,0.9794466,0.97679996,0.98110235,0.9704406,0.9709487,0.97722834,0.97582734,0.9815387,0.97657037,0.9746164,0.9756239,0.97988105,0.97325045,0.97173256,0.97894907,0.97091603,0.9801447,0.98451704,0.98217314,0.97598755,0.96945053,0.98344123,0.8959229,0.9796391,0.9538785,0.97348845,0.97911346,0.98331296,0.9756455,0.9801107,0.9806476,0.97909266,0.979945,0.9783302,0.96903664,0.98097336,0.9780631,0.9783108,0.9711495,0.9777862,0.95918393,0.97967345,0.969509,0.9804349,0.96790504,0.97940207,0.9777583,0.9736402,0.98112816,0.9794702,0.97565454,0.99999976,0.97851723,0.9798844,0.9755292,0.9708493,0.9776633,0.96813494,0.96530944,0.97785306,0.97024,0.978254,0.9774812,0.9808311,0.9508268,0.97462225,0.9801919,0.9686962,0.97832906,0.9751506,0.9747443,0.99999976,0.9717037,0.97639954,0.98086894,0.97503996
alitamovie,0.95498276,0.9518395,0.95008,0.94824356,0.95835876,0.9503294,0.9553157,0.9524881,0.97098476,1.0,0.94741136,0.9462548,0.9630712,0.9487001,0.9603804,0.95574725,0.95536196,0.95578307,0.9472916,0.94597584,0.94997126,0.9556866,0.9565386,0.9506919,0.9476673,0.90084976,0.9494019,0.9518766,0.95330745,0.9488298,0.9397823,0.9562844,0.9344271,0.94981325,0.94121134,0.93551993,0.95481366,0.9474711,0.95532596,0.9498385,0.9583889,0.94541985,0.93660915,0.9470198,0.9591582,0.95944947,0.95701826,0.95220375,0.948141,0.9481616,0.95906174,0.9623384,0.9490573,0.95050406,0.9418787,0.954486,0.947508,0.954458,0.94826216,0.9406904,0.9496216,0.9517324,0.9556267,0.954242,0.95129627,0.9429043,0.9439843,0.9522499,0.9552958,0.9502235,0.9469623,0.8125494,0.9463428,0.9592768,0.9488488,0.9487133,0.92324424,0.9454093,0.9479459,0.9523426,0.94648373,0.94707865,0.95629036,0.94983214,0.9572282,0.9406778,0.94389844,0.95792216,0.9521552,0.95321774,0.9563743,0.9469623,0.94324607,0.94834393,0.95176244,0.95594406,0.94995314,0.9514442,0.9454977,0.9472821,0.95299894,0.95255685,0.94769377,0.94873476,0.9614898,0.956682,0.95419043,0.9600924,0.9497213,0.94503367,0.95195144,0.87181914,0.9545362,0.93109554,0.9566982,0.9489915,0.95720905,0.94657826,0.9575178,0.95572734,0.9542917,0.9543126,0.95517486,0.9427936,0.9531843,0.9491934,0.9505764,0.94672287,0.95479107,0.9353379,0.949802,0.95037264,0.9555576,0.939291,0.95697314,0.94981647,0.9465767,0.9588218,0.94698155,0.95256525,0.97098476,0.9561729,0.9573234,0.9522744,0.9465559,0.9550575,0.9441784,0.94142395,0.95243776,0.9490862,0.9549047,0.9467199,0.95599484,0.9287031,0.9439353,0.9505168,0.94387144,0.947339,0.9465679,0.94669724,0.97098476,0.95474494,0.94944805,0.95068103,0.9561161
angelhasfallen,0.95918006,0.9528567,0.96063286,0.9483173,0.95850354,0.948743,0.96137756,0.95807743,0.9770189,0.94741136,1.0000001,0.95148826,0.9535755,0.95331347,0.9628804,0.96009445,0.9586216,0.95357555,0.9588945,0.9458765,0.95083064,0.9511585,0.95737696,0.9621087,0.9431652,0.89261156,0.9511116,0.9533972,0.9501785,0.9567156,0.9522234,0.9532903,0.9474936,0.9480706,0.94558877,0.93648857,0.9561987,0.9475199,0.9595755,0.9513049,0.9578572,0.959411,0.9498153,0.95160145,0.9600148,0.96180326,0.9573499,0.9573863,0.9501762,0.9566979,0.9566341,0.95799786,0.94238997,0.96366435,0.9379845,0.9503986,0.94770396,0.9590135,0.95693195,0.95390403,0.95111513,0.9564891,0.95590305,0.9594856,0.94455004,0.97129434,0.94794995,0.95567757,0.9740385,0.95185596,0.958797,0.812205,0.9514213,0.95076567,0.9629505,0.9478426,0.9258991,0.95354927,0.95672345,0.9524432,0.9668289,0.95681024,0.95996445,0.95013696,0.95647216,0.95386404,0.96100384,0.9546276,0.9630392,0.9641134,0.95347327,0.958797,0.9506849,0.9482821,0.95512587,0.96038187,0.96492916,0.9547457,0.9562806,0.9480476,0.9547051,0.9434406,0.9436513,0.9579728,0.94188017,0.95693773,0.96432513,0.9618249,0.9553875,0.94223,0.9665642,0.89691544,0.95318115,0.9392194,0.95083964,0.9707932,0.95846945,0.9586884,0.9613883,0.963716,0.9569331,0.9517428,0.9565694,0.95037055,0.9605409,0.95959437,0.95869803,0.95217043,0.95205075,0.93775547,0.9554177,0.9436343,0.9602837,0.9462809,0.95748264,0.9522632,0.946119,0.9558923,0.96036446,0.9557412,0.9770189,0.9517601,0.96483797,0.95241946,0.9478565,0.9537944,0.95646715,0.9497625,0.95351094,0.9471984,0.9581672,0.9616406,0.95548576,0.931896,0.9517022,0.9582513,0.953893,0.96198314,0.94948417,0.95028615,0.9770189,0.9475989,0.9590601,0.9637104,0.94987327
angrybirdsmovie,0.9528662,0.9500939,0.95470154,0.9412256,0.9575424,0.9405724,0.955341,0.9487493,0.9694972,0.9462548,0.95148826,1.0000005,0.95278054,0.94941944,0.9530783,0.9530913,0.94719356,0.9372853,0.942716,0.9334399,0.94272447,0.9484533,0.9506595,0.94995874,0.9479462,0.8976235,0.9350802,0.94207066,0.95534736,0.9564401,0.9303838,0.9509714,0.9258684,0.9544601,0.93647504,0.92954576,0.95445764,0.93793976,0.9515258,0.9409873,0.95053613,0.95039594,0.9473259,0.9496466,0.9547875,0.9489858,0.95133,0.959799,0.9426564,0.9520236,0.9640339,0.9562912,0.94177413,0.95055723,0.9376748,0.9449626,0.94932115,0.95629764,0.9429812,0.9442027,0.9431172,0.94646955,0.95262325,0.9494637,0.94681394,0.94850004,0.9378734,0.9464946,0.94887674,0.94749546,0.95838404,0.83989495,0.94867134,0.94965726,0.9425255,0.9330944,0.9336913,0.9436431,0.94413376,0.9577899,0.9492583,0.9441666,0.94994795,0.9429168,0.96111405,0.94618326,0.9456045,0.9534831,0.9583665,0.955876,0.941019,0.95838404,0.94323707,0.942418,0.9606148,0.9473904,0.94805956,0.9434055,0.9488207,0.94512004,0.9446491,0.941146,0.95256954,0.9541722,0.9446005,0.96445507,0.9525801,0.9501748,0.9533714,0.94545627,0.94786626,0.89580095,0.94464755,0.93953943,0.94618523,0.9506441,0.9540013,0.9500638,0.95364577,0.95369333,0.94947433,0.9505019,0.9512025,0.943251,0.93719727,0.94892716,0.94318545,0.94723254,0.95269656,0.9375133,0.94624484,0.9495722,0.9482658,0.9366102,0.94880635,0.94365346,0.94600946,0.9520503,0.96163476,0.94534427,0.9694972,0.95236653,0.942947,0.9577205,0.9481825,0.951939,0.93791234,0.9397266,0.9478305,0.94218695,0.9576339,0.9525865,0.9539396,0.92314374,0.95107144,0.9562931,0.93787235,0.960322,0.944935,0.9454305,0.9694972,0.93436265,0.9490124,0.9461412,0.9570073
annabellemovie,0.96559435,0.9497764,0.95539707,0.95885503,0.9607061,0.96444035,0.96451324,0.9639793,0.98018205,0.9630712,0.9535755,0.95278054,1.0000006,0.9597063,0.9646654,0.957356,0.9576483,0.95657593,0.95646906,0.94846576,0.9545071,0.9560935,0.96042204,0.9624634,0.96088004,0.9138184,0.9537308,0.9565839,0.95890886,0.9563295,0.9517076,0.96441245,0.9396064,0.95748156,0.94042677,0.92734975,0.9601128,0.9667546,0.96178037,0.9579827,0.9689389,0.95416105,0.9478931,0.9506555,0.96473855,0.96478164,0.9600572,0.9638175,0.9520619,0.95039594,0.9644903,0.9677274,0.9593429,0.9557017,0.9599939,0.956402,0.95308334,0.9665147,0.95974356,0.95588166,0.9658962,0.9657975,0.95748645,0.9685442,0.9566942,0.9540711,0.95436007,0.96092516,0.9584953,0.95686805,0.960554,0.81947464,0.9481043,0.9646073,0.94919133,0.9568292,0.9353558,0.9572777,0.9576803,0.9645826,0.9546852,0.956965,0.9698357,0.949247,0.9685079,0.95233846,0.9608493,0.9830758,0.96290624,0.9581044,0.9578252,0.960554,0.9540114,0.9591486,0.9567969,0.9560324,0.96399486,0.95918,0.9581807,0.95427644,0.95950675,0.96245927,0.95535874,0.96018755,0.9546921,0.9627226,0.9624762,0.9698576,0.958048,0.95933914,0.9635045,0.8823583,0.9653631,0.93862003,0.96230304,0.9622525,0.968679,0.95164585,0.9629875,0.9636743,0.97026914,0.9626722,0.96137094,0.95392114,0.9639532,0.9582167,0.9672979,0.95154625,0.96378154,0.938489,0.9604901,0.953093,0.962388,0.9488744,0.9640864,0.9583494,0.95822656,0.9625439,0.9573692,0.9551093,0.98018205,0.9600971,0.95787054,0.96319777,0.9547447,0.9627341,0.9427092,0.9463876,0.9687825,0.9561351,0.96400714,0.94943726,0.9660496,0.94162095,0.9544706,0.9611494,0.9488275,0.9602175,0.96456516,0.96066296,0.98018205,0.96072704,0.9542361,0.95853436,0.9555668
annamovie,0.9672658,0.9578713,0.95577234,0.94941753,0.95585644,0.9494333,0.96514815,0.96088296,0.9802096,0.9487001,0.95331347,0.94941944,0.9597063,0.9999999,0.96226,0.9607615,0.956883,0.9486718,0.9549656,0.9457167,0.96097857,0.9593771,0.9580754,0.9660149,0.95004594,0.8969822,0.9532263,0.95474076,0.9622522,0.96011615,0.9512756,0.9553255,0.9482069,0.96187264,0.9469559,0.93979555,0.9660735,0.9503789,0.9606521,0.9492408,0.9562629,0.95944035,0.9514226,0.9582206,0.96369964,0.96152925,0.9602078,0.95917696,0.95285296,0.9596662,0.96434355,0.96296525,0.94304633,0.9600575,0.94653475,0.94585913,0.9554415,0.96232736,0.9550096,0.9539482,0.9596295,0.963873,0.9615462,0.9748929,0.95140857,0.95224965,0.954782,0.9601993,0.96140164,0.9545989,0.9626321,0.8066244,0.95356363,0.9588787,0.95728827,0.94494575,0.9258328,0.95127815,0.9558452,0.95758855,0.9556825,0.95254993,0.96000636,0.9587676,0.95683384,0.95763415,0.95557237,0.95964855,0.9572623,0.9548236,0.96040833,0.9626321,0.95665246,0.9491108,0.96074945,0.959837,0.9656413,0.9548469,0.9481961,0.9662646,0.96036637,0.9543827,0.95381707,0.9574511,0.9646062,0.962844,0.9619043,0.9616927,0.9595332,0.9446296,0.9669924,0.8779732,0.9609826,0.9311764,0.95818853,0.9613205,0.96666676,0.9588256,0.9642084,0.96300775,0.96107614,0.968267,0.96670157,0.9413074,0.9596643,0.9563998,0.9609069,0.9537156,0.9531581,0.9394857,0.9668204,0.94966084,0.9619584,0.9497584,0.9589702,0.96165454,0.9559906,0.96278805,0.96036583,0.9545586,0.9802096,0.9621283,0.96047205,0.9557268,0.9548634,0.95591486,0.9443313,0.9473682,0.9574299,0.9529838,0.9654663,0.96034724,0.9631453,0.9311161,0.9540987,0.9585299,0.9482726,0.9609459,0.9552752,0.9579343,0.9802096,0.95068794,0.9603563,0.9595809,0.9577644
apollo11movie,0.9700369,0.95965075,0.9584792,0.9546131,0.9601672,0.95738924,0.9676501,0.97252905,0.9829924,0.9603804,0.9628804,0.9530783,0.9646654,0.96226,0.9999999,0.9670642,0.96173537,0.9502172,0.9665018,0.97509444,0.96226215,0.96475923,0.9656296,0.9661497,0.9520472,0.9026221,0.95603096,0.9583406,0.96222,0.9637824,0.9599144,0.96239346,0.9459207,0.9591665,0.938482,0.94080573,0.96447515,0.9508642,0.96319276,0.96251553,0.9620216,0.9655181,0.9532969,0.96722853,0.969192,0.96532947,0.9627118,0.96636844,0.9553053,0.9647925,0.9686469,0.97029054,0.9558794,0.95734835,0.9490106,0.9511932,0.95563406,0.965916,0.9613606,0.96340805,0.9646043,0.961244,0.9653975,0.9648417,0.9613609,0.9595508,0.95437014,0.96253014,0.9669875,0.9607283,0.9676179,0.80316556,0.9610377,0.9664734,0.95558774,0.94988,0.92986935,0.9550843,0.9659326,0.9646139,0.9576559,0.9582568,0.9666458,0.95534563,0.9608767,0.95873183,0.95536965,0.9660363,0.96202546,0.9684163,0.9617716,0.9676179,0.9540131,0.95021194,0.95959795,0.9727431,0.9681172,0.9581162,0.9632721,0.9585346,0.9621106,0.9576316,0.9593967,0.9616776,0.9583927,0.9685078,0.9711399,0.9665109,0.95729643,0.9610838,0.9659611,0.86692417,0.9640953,0.9364223,0.95958054,0.9669714,0.9691261,0.958642,0.9705862,0.96617293,0.9675538,0.9658886,0.9671944,0.9575808,0.96636623,0.9620462,0.96506727,0.9579453,0.9631058,0.946075,0.96876544,0.956386,0.957889,0.95983094,0.9629547,0.96440333,0.9536735,0.96791303,0.9646125,0.9637067,0.9829924,0.9661337,0.9596004,0.95828736,0.95856243,0.9634066,0.9503554,0.9457388,0.9624042,0.9523804,0.9630287,0.9617028,0.96335274,0.9337962,0.9580582,0.9664493,0.9500944,0.965345,0.9572422,0.963163,0.9829924,0.9561607,0.9578687,0.9640639,0.96997464
arcticdogsmovie,0.962662,0.9703507,0.96044594,0.95056486,0.9624848,0.9494551,0.96429366,0.9604589,0.9797415,0.95574725,0.96009445,0.9530913,0.957356,0.9607615,0.9670642,1.0000001,0.95494753,0.9513133,0.95711696,0.9445079,0.95418155,0.9635426,0.961727,0.9652489,0.9466605,0.9053798,0.95584375,0.956898,0.9595262,0.9628647,0.9515134,0.9564357,0.9421459,0.9575835,0.94620615,0.93869126,0.9657308,0.95664084,0.96326476,0.9573351,0.9534728,0.9558062,0.94963104,0.95256174,0.966592,0.96013457,0.9618331,0.9667941,0.9556717,0.9561558,0.96252173,0.96643716,0.9597632,0.9630051,0.9465675,0.94867057,0.9535087,0.96619374,0.9572732,0.94779867,0.9476062,0.9591453,0.9602058,0.95892924,0.95359117,0.9623032,0.9533189,0.9640093,0.9620153,0.95593053,0.95735997,0.8192061,0.95529324,0.9638009,0.9583891,0.94950813,0.9351038,0.95808035,0.95796824,0.9584429,0.9531648,0.9607716,0.9569629,0.95593774,0.9561739,0.95029706,0.95685625,0.9615931,0.9624602,0.9602264,0.9611947,0.95735997,0.95283306,0.95414716,0.9607629,0.95727724,0.961527,0.95572686,0.953532,0.9565142,0.95943743,0.95496386,0.9543715,0.955741,0.9543991,0.9622623,0.9635076,0.9625867,0.96921563,0.94934475,0.96096754,0.8866296,0.9597248,0.9390544,0.96119344,0.9627469,0.965954,0.9633033,0.9602862,0.9643025,0.9559846,0.96331316,0.9591137,0.94751924,0.95555806,0.9581004,0.9521291,0.9538455,0.9578461,0.94024706,0.9608126,0.953783,0.9570142,0.9468227,0.9626192,0.9595868,0.95399845,0.9644213,0.95694816,0.9547414,0.9797415,0.96369636,0.96062243,0.95561117,0.9527447,0.9579501,0.9527239,0.95032585,0.9487182,0.9545706,0.9586327,0.9564371,0.9648188,0.9271771,0.9560595,0.962284,0.949292,0.95582765,0.9550006,0.9588867,0.9797415,0.9435992,0.956714,0.9596443,0.9575131
arcticmovie,0.96362495,0.9562513,0.95648795,0.95309895,0.9563272,0.9520757,0.96292686,0.9592893,0.97873574,0.95536196,0.9586216,0.94719356,0.9576483,0.956883,0.96173537,0.95494753,1.0,0.95849353,0.959849,0.9504574,0.9498847,0.9575252,0.96473014,0.9654269,0.95130575,0.91339207,0.9557002,0.9766451,0.9623764,0.9563717,0.96121615,0.9623944,0.94469315,0.9552784,0.9346188,0.9393568,0.9655249,0.9432267,0.96132946,0.9549368,0.95868987,0.96070534,0.95136404,0.9652608,0.96881,0.9584213,0.9633251,0.95776474,0.9532574,0.9632781,0.9637078,0.96166843,0.9454048,0.9574212,0.9458996,0.9551674,0.96305376,0.9631699,0.95702356,0.9606471,0.9566787,0.9542388,0.9686524,0.96072036,0.9524046,0.9549393,0.9543903,0.95907885,0.9632406,0.9548627,0.9638941,0.80890256,0.9543387,0.9671894,0.9569881,0.949216,0.9292074,0.9469548,0.9580581,0.95601726,0.959368,0.95131963,0.9572573,0.9498142,0.9586494,0.95739454,0.9552291,0.96123064,0.9563946,0.96213007,0.9549932,0.9638941,0.9632147,0.95981157,0.95855045,0.95475596,0.9632882,0.95526165,0.9541059,0.9595429,0.9592498,0.96220714,0.94864017,0.9646057,0.95216805,0.95807683,0.96830976,0.96509767,0.95210755,0.94617355,0.96539384,0.8807307,0.96287775,0.9321574,0.94766915,0.95748353,0.96490103,0.94940156,0.9662172,0.9607155,0.9618399,0.9607321,0.96299285,0.94912815,0.9688181,0.9646297,0.96218,0.9556913,0.9582094,0.9497754,0.9546402,0.9486566,0.9822969,0.96451175,0.964653,0.9596003,0.95846546,0.9595102,0.96310186,0.95739824,0.97873574,0.9563742,0.9615489,0.953046,0.9545842,0.9555908,0.9489492,0.94628525,0.9618642,0.9548787,0.9563173,0.9591797,0.9565302,0.9315244,0.956607,0.9626277,0.9547859,0.95978177,0.9593411,0.9569365,0.97873574,0.9580443,0.95801437,0.96119654,0.9583247
artofracingmovie,0.9486432,0.9436649,0.95750856,0.9453353,0.9739243,0.9502567,0.9590593,0.9520896,0.9722005,0.95578307,0.95357555,0.9372853,0.95657593,0.9486718,0.9502172,0.9513133,0.95849353,1.0,0.9457926,0.9406095,0.95147514,0.95053566,0.9558273,0.9581587,0.94555026,0.8970156,0.95525527,0.9493009,0.9568374,0.9422084,0.9422267,0.9514393,0.936376,0.9379875,0.9368053,0.9388704,0.9578861,0.942994,0.9563551,0.9508612,0.95230544,0.94891053,0.9400646,0.9473296,0.9566156,0.9621739,0.95636225,0.95680296,0.940252,0.9517368,0.9575054,0.95702386,0.9401244,0.9525249,0.9403714,0.96558493,0.9451237,0.95560604,0.9506281,0.952789,0.94871426,0.9559852,0.95246613,0.95789033,0.948999,0.9450148,0.9456101,0.95587224,0.9561833,0.9463354,0.952845,0.7955941,0.9447797,0.9566834,0.95605254,0.9415616,0.93110394,0.9385627,0.9488299,0.94909495,0.94699216,0.94764555,0.9525423,0.94533366,0.955052,0.9378672,0.94983655,0.960967,0.94512266,0.9506236,0.95849186,0.952845,0.94551426,0.9529334,0.9541955,0.95221543,0.9497167,0.94821846,0.94157255,0.9494417,0.9603376,0.94483435,0.94107515,0.95704114,0.94907755,0.9521515,0.95572686,0.96127135,0.95101714,0.9434391,0.96593934,0.8867381,0.95486087,0.9318953,0.94789433,0.9460695,0.95283014,0.9477869,0.9524888,0.95803547,0.9513732,0.9508241,0.94759107,0.94952625,0.95583725,0.9499927,0.9556368,0.9456436,0.9559386,0.9311403,0.95262337,0.9512069,0.9571669,0.93684304,0.95205426,0.94984895,0.9449944,0.95680743,0.9540083,0.9682219,0.9722005,0.95286727,0.96104056,0.9443382,0.94642097,0.95104885,0.95035666,0.9439892,0.9504854,0.945578,0.94630045,0.95228434,0.9545891,0.9204291,0.94565856,0.94977933,0.9545765,0.94872445,0.94578004,0.9441662,0.9722005,0.9573096,0.95242655,0.95592916,0.9512734
avengers,0.9745271,0.9555203,0.95696115,0.94188696,0.9488614,0.94664806,0.95953465,0.96226364,0.9761915,0.9472916,0.9588945,0.942716,0.95646906,0.9549656,0.9665018,0.95711696,0.959849,0.9457926,1.0000005,0.95526963,0.9509537,0.95909405,0.9603989,0.96189094,0.9448346,0.90379965,0.9541685,0.9585808,0.9603391,0.9607124,0.9798405,0.9512696,0.94351876,0.9584166,0.94566095,0.9354304,0.9621489,0.94208723,0.9614961,0.94372696,0.9561556,0.95798886,0.9467317,0.95689386,0.9657302,0.95788866,0.9576609,0.9566802,0.9444677,0.9563533,0.96281284,0.96020406,0.9480666,0.9547659,0.9437168,0.9499057,0.94701546,0.96121615,0.9590772,0.95837605,0.95284325,0.953147,0.96232986,0.95777667,0.94906646,0.95890594,0.9565214,0.96371377,0.9644563,0.95892113,0.96263975,0.80763143,0.9564793,0.95600456,0.95536274,0.9482551,0.9266612,0.9512333,0.95416677,0.9573285,0.95340645,0.9524803,0.9594615,0.9548513,0.95665854,0.95375067,0.9588714,0.9585795,0.9551971,0.9653329,0.95527357,0.96263975,0.9532149,0.9486137,0.9560177,0.9451382,0.96090126,0.9598918,0.96304685,0.95699984,0.9584027,0.9472957,0.9541257,0.9560488,0.94232446,0.960046,0.96337074,0.9558766,0.9475502,0.94876575,0.95689505,0.87729496,0.9594704,0.9369629,0.9511349,0.9617311,0.9623817,0.9558806,0.96064603,0.9616535,0.9572486,0.95931846,0.952893,0.9520723,0.96091604,0.9577088,0.95514375,0.9652199,0.957379,0.95365244,0.9581862,0.94741267,0.95792323,0.95058775,0.9558457,0.95946723,0.95685196,0.9588135,0.9584636,0.9559492,0.9761915,0.96173096,0.95557564,0.9437298,0.95122856,0.9588586,0.9539135,0.95036674,0.949315,0.9590772,0.9564839,0.9560123,0.95855564,0.93206596,0.94808257,0.96122944,0.94246596,0.9597437,0.95233196,0.9525055,0.9761915,0.9489311,0.95463586,0.95608366,0.9580809
beachbummovie,0.9539302,0.945143,0.9486156,0.93903536,0.9500813,0.93997335,0.95521736,0.9535231,0.96957487,0.94597584,0.9458765,0.9334399,0.94846576,0.9457167,0.97509444,0.9445079,0.9504574,0.9406095,0.95526963,0.99999964,0.95041573,0.9631941,0.95385164,0.9576325,0.94732267,0.89365834,0.94586587,0.94351536,0.9573959,0.94395024,0.94950795,0.9467717,0.94084823,0.94762,0.925338,0.93056136,0.95715714,0.93499106,0.94990796,0.943854,0.9497598,0.9517923,0.93150944,0.9498688,0.9572444,0.96246237,0.95427054,0.95190907,0.9493584,0.94666797,0.9604053,0.95824623,0.942377,0.94584495,0.9349939,0.9498643,0.9468547,0.9517308,0.9491621,0.94829726,0.95002276,0.9504345,0.95368934,0.9445332,0.9478576,0.9427804,0.9496434,0.95211244,0.9504282,0.9580762,0.95303905,0.78986394,0.9524298,0.95354694,0.94568473,0.93767536,0.91455764,0.9443058,0.9533583,0.9501614,0.9425564,0.9434516,0.9486937,0.9409029,0.9442089,0.94724816,0.94530916,0.9510871,0.94808364,0.9549021,0.94218546,0.95303905,0.943412,0.93812704,0.95223063,0.95241314,0.9587752,0.96472543,0.95032036,0.9488627,0.9581844,0.95497894,0.9497578,0.94745624,0.9450701,0.9586513,0.9556469,0.94880265,0.9426963,0.94762915,0.9538886,0.8546801,0.9530858,0.92769355,0.94472337,0.9548614,0.95335585,0.9423837,0.95244384,0.9514404,0.95384747,0.94898146,0.95167315,0.9445369,0.9572307,0.946683,0.9532561,0.9480253,0.94937795,0.9386,0.95383143,0.9344833,0.9479244,0.9422084,0.9523952,0.94952905,0.935985,0.9512869,0.94733596,0.9651042,0.96957487,0.9579852,0.9457465,0.9367907,0.93733364,0.95473737,0.94121224,0.9297156,0.949838,0.94252634,0.9460676,0.948385,0.95184654,0.9294297,0.93927306,0.952823,0.93800884,0.9561152,0.9446675,0.9519264,0.96957487,0.94485515,0.9483329,0.95454895,0.95698535
bernadettefilm,0.96104974,0.9519441,0.953549,0.94953245,0.9554685,0.9476709,0.9632379,0.9564514,0.9760234,0.94997126,0.95083064,0.94272447,0.9545071,0.96097857,0.96226215,0.95418155,0.9498847,0.95147514,0.9509537,0.95041573,0.9999996,0.95780283,0.959079,0.9568952,0.9551301,0.9001202,0.9526078,0.94662493,0.95808315,0.95267946,0.94971853,0.95363253,0.9392737,0.9496486,0.94752157,0.9476876,0.9558786,0.9523589,0.9545407,0.9504113,0.95180684,0.9467979,0.9484627,0.9466038,0.9627619,0.96821946,0.9581699,0.95730215,0.9402524,0.94745004,0.96116656,0.9591708,0.94778866,0.9552232,0.9411168,0.95283115,0.94536436,0.9577358,0.9542924,0.947104,0.943922,0.96154493,0.9570222,0.95780057,0.9480962,0.94857746,0.947063,0.9562491,0.9592627,0.95342654,0.95014346,0.8166141,0.95110834,0.9591088,0.95570564,0.9443394,0.9364997,0.9444365,0.9576158,0.95155334,0.95147693,0.95333993,0.95435923,0.95208496,0.9516513,0.9497137,0.95368505,0.9579724,0.95056146,0.94981396,0.95465153,0.95014346,0.94787836,0.93873054,0.9559122,0.95137966,0.9600303,0.9540497,0.9524079,0.95315975,0.9603245,0.95535475,0.95073634,0.9514371,0.95267946,0.95976907,0.9608054,0.9574677,0.95804,0.9476729,0.96037304,0.87888014,0.9611541,0.9257003,0.9619822,0.95443755,0.96417826,0.95145434,0.9556184,0.9569267,0.951467,0.9575731,0.95838684,0.9369104,0.9612204,0.94829315,0.96079975,0.94913375,0.9586713,0.9394103,0.9772866,0.94984925,0.9534277,0.9417479,0.95864016,0.95548284,0.95062196,0.95724267,0.9484791,0.9571425,0.9760234,0.9547803,0.9624743,0.94726276,0.94738984,0.9533145,0.9538693,0.9452729,0.9570804,0.94913167,0.95281243,0.95903313,0.9575267,0.93030673,0.94590515,0.9528733,0.94816643,0.95052606,0.9454124,0.9475388,0.9760234,0.95192444,0.95553917,0.95642185,0.9500965
