movie,21bridgesmovie,47metersdown,abeautifuldaymovie,abominablemovie,adastramovie,adogsjourneymovie,aftermathmovie,aftermovie,ahiddenlifefilm,alitamovie,angelhasfallen,angrybirdsmovie,annabellemovie,annamovie,apollo11movie,arcticdogsmovie,arcticmovie,artofracingmovie,avengers,beachbummovie,bernadettefilm,blackandbluemovie,blackchristmas,blindedbythelightmovie,bombshellmovie,booksmart,breakthroughmovie,brianbanksmovie,brightburnmovie,brittanyrunsmov,captainmarvelofficial,captivestatemovie,catsmovie,charliesangels,childsplaymovie,clarathefilm,coldpursuitmovie,countdown,currentwarmovie,darkwatersmovie,detectivepikachumovie,disneyaladdin,disneyfrozen,disneymaleficent,doctorsleepmovie,dolemiteismyname,dontletgomovie,doramovie,downtonabbey_official,dumbo,escaperoom,everybodyknowsmovie,fastandfuriousmovie,fightingwmyfam,fivefeetapartfilm,fordvferrari,freaksthefilm,geminimanmovie,glassmovie,gloriabellmovie,godzillamovie,goldfinchmovie,goodboysmovie,goodliarmovie,gretafilm,halathemovie,happydeathdaymovie,harrietfilm,hellboymovie,hersmellmovie,highlifemovie,highstrungmovie,honeyboymovie,hotelmumbaifilm,httydragon,hustlemovie,hustlersmovie,isntitromantic,itmovieofficial,jayandsilentbob,johnwickmovie,jojorabbitmovie,jokermovie,judythefilm,jumanjimovie,justmercyfilm,knivesout,lalloronamovie,lastblackmansf,lastchristmasthemovie,latenightmovie,lighthousemovie,lionking,littlethemovie,littlewomenmovie,littlewoodsfilm,longshotmovie,lordsofchaosmovie,lucyintheskyfilm,mamovie2019,marriagestory,meettheaddams,meninblack,midsommarmovie,midwaymovie,missbalamovie,missinglinkfilm,motherlessbklyn,onceinhollywood,onthebasisofsex,overcomermovie,peanutbutterfalcon,petsematarymovie,piercingmovie,playingwithfire,playmobilthemovie,pomsmovie,queenandslim,rambomovie,readyornotfilm,richardjewellfilm,rocketmanmovie,scarystoriesmovie,secretlifeofpets,serenityfilm,shaftmovie,shazammovie,spidermanmovie,spiesindisguise,starwars,stormboymovie,stubermovie,taosdfilm,teenspiritmov,terminator,theaeronautsmov,thebestofenemies,thedeaddontdie,thefarewell,thehighwaymen,thehummingbirdprojectfilm,theintrudermovie,theirishmanfilm,thekitchenmovie,thelegomovie,themustangfilm,thenightingalefilm,theprodigymovie,thesunisalsoastar,theupsidefilm,tolkienmovie,toystory,triplefrontier,uglydolls,uncutgems,underthesilverlake,usmovie,wavesmovie,whatmenwant,wonderparkmovie,wrinklestheclown,xmenmovies,yardiefilm,yesterdaymovie,zombieland
21bridgesmovie,1.0,0.9632223,0.9607758,0.966999,0.9626887,0.95485604,0.9647233,0.9600808,0.97894245,0.952775,0.96509564,0.9500393,0.9654527,0.9602463,0.96704394,0.965422,0.9623577,0.9621687,0.9711831,0.9561469,0.9613553,0.9522909,0.97084874,0.96256584,0.95320326,0.9044835,0.9544471,0.95829856,0.966377,0.962062,0.95934004,0.95682186,0.95258045,0.9552816,0.9493968,0.91668445,0.9691986,0.9678404,0.96011937,0.95919025,0.9611956,0.96575564,0.9628821,0.96532834,0.9619877,0.96197546,0.9655869,0.96737427,0.9603858,0.9665078,0.9638403,0.9629373,0.9534862,0.95758516,0.9533503,0.9563074,0.9502906,0.96330833,0.9635763,0.9607591,0.96226484,0.9641866,0.9630389,0.9564868,0.96141005,0.9560669,0.95839226,0.96089107,0.95794946,0.95525986,0.9563649,0.7730613,0.950739,0.9548988,0.9609158,0.9364297,0.93189013,0.9576565,0.96021,0.9517728,0.9587082,0.9598908,0.965664,0.95609915,0.9553672,0.9586383,0.96626455,0.9616047,0.96869266,0.96695125,0.9548958,0.9563649,0.9601005,0.95322716,0.9643652,0.95853657,0.9565935,0.9621097,0.95924675,0.95807713,0.96260405,0.96173376,0.955689,0.9600289,0.94848686,0.9615053,0.9658059,0.9642878,0.9602504,0.9439193,0.96551096,0.86791265,0.9535197,0.9231134,0.9570567,0.9669966,0.9852831,0.96369356,0.9582975,0.9647554,0.96417797,0.95890975,0.96144164,0.95543957,0.9658399,0.9652176,0.9655488,0.95555794,0.9617601,0.94925994,0.9643277,0.95909286,0.95931995,0.95197004,0.95624584,0.9572056,0.96350354,0.958168,0.9584532,0.9530783,0.97894245,0.96560484,0.9591364,0.9571083,0.9582613,0.9533854,0.9570264,0.9622448,0.9642509,0.96350306,0.96174556,0.95678836,0.9611305,0.9609208,0.95307446,0.9557238,0.9613303,0.95747685,0.95510644,0.95746183,0.97894245,0.9589813,0.9630988,0.9683963,0.95565444
47metersdown,0.9632223,0.9999999,0.9555634,0.9535651,0.96282166,0.95819485,0.9558823,0.95402044,0.97358316,0.9488028,0.95653474,0.9364398,0.9578571,0.96166205,0.957504,0.9656122,0.9540257,0.9629893,0.9546256,0.9466032,0.9584124,0.94855785,0.96159226,0.9643212,0.951392,0.88403285,0.95413506,0.94794977,0.9567118,0.95096016,0.9568575,0.9490619,0.9520125,0.94376564,0.9463234,0.9218225,0.96453094,0.947953,0.95388025,0.94634825,0.94729483,0.9658015,0.95692354,0.96190506,0.95361763,0.96174455,0.9594802,0.9480142,0.95231724,0.9641579,0.95827353,0.95571077,0.94367814,0.95012796,0.94835216,0.9543147,0.94333184,0.9609403,0.9610318,0.95124954,0.962052,0.9568828,0.95656294,0.94588906,0.95268804,0.95452464,0.95347476,0.9489455,0.9560714,0.9447345,0.9586925,0.77783024,0.9420049,0.95788914,0.9475536,0.9335835,0.9167591,0.95929205,0.9487087,0.95354277,0.94810396,0.9557364,0.95492077,0.9507048,0.95049226,0.9587993,0.9664367,0.9599184,0.95939404,0.9610344,0.95022714,0.9586925,0.9519171,0.9532073,0.96463215,0.94471323,0.9581808,0.9593088,0.95397633,0.95759106,0.96272373,0.96013033,0.9525721,0.9621806,0.9553353,0.95352995,0.9629171,0.9518915,0.95185524,0.93823355,0.9614801,0.8548547,0.9473055,0.9326435,0.948027,0.9635967,0.96629196,0.9528852,0.95263785,0.95731634,0.9514956,0.9392543,0.9602825,0.9489001,0.9583547,0.95919514,0.96396995,0.95656556,0.95945895,0.952673,0.96240216,0.95357853,0.95188797,0.9416062,0.95318425,0.9544898,0.949584,0.95500916,0.95279604,0.9579691,0.97358316,0.9565593,0.94859266,0.9483096,0.9432039,0.95020044,0.9501779,0.9511246,0.9508217,0.95503193,0.9543486,0.95623213,0.96088934,0.93866587,0.9557148,0.9629101,0.9569011,0.95273936,0.9512834,0.9497766,0.97358316,0.95556533,0.95774657,0.96132016,0.9571405
abeautifuldaymovie,0.9607758,0.9555634,1.0000001,0.9633709,0.9648282,0.9637787,0.9699144,0.9652368,0.98224264,0.96751,0.96836543,0.9668127,0.9587048,0.9718993,0.962754,0.9676424,0.9618194,0.96803427,0.959891,0.96443003,0.9600215,0.97091407,0.9608145,0.9683058,0.9581555,0.8957853,0.9519327,0.9577619,0.9802765,0.9520541,0.9619662,0.9585727,0.95107603,0.96777755,0.9512272,0.91629094,0.96728146,0.9614908,0.9689723,0.9570757,0.9593157,0.9602389,0.95129865,0.9622277,0.96615565,0.9639918,0.9642082,0.96371907,0.96142477,0.9633395,0.98473,0.9649952,0.9592431,0.96857756,0.9558986,0.9630189,0.9588325,0.9624319,0.95980394,0.9674337,0.96102214,0.96369857,0.9605097,0.95737964,0.96497864,0.9610991,0.9548449,0.96226084,0.95778805,0.9565326,0.9665289,0.7565208,0.95637953,0.9619131,0.9544053,0.94434357,0.9278817,0.9633038,0.94478,0.96296656,0.9525232,0.96742624,0.96230465,0.9557325,0.9762564,0.96040565,0.9674179,0.9596251,0.97034967,0.96808547,0.9564385,0.9665289,0.95895636,0.96338344,0.9766188,0.95972,0.9514925,0.9639183,0.9597341,0.95434946,0.96525615,0.96215713,0.9666939,0.9720946,0.96002203,0.9803035,0.966441,0.9656334,0.97200143,0.9483223,0.9679557,0.8667275,0.9618912,0.9336031,0.9657739,0.96053696,0.96508133,0.959416,0.9557614,0.9678981,0.95862186,0.9586957,0.9663725,0.96169287,0.964177,0.9700119,0.9569726,0.97060263,0.96148425,0.9559208,0.95957184,0.9549716,0.95791954,0.9484733,0.9670751,0.94960266,0.94909835,0.96591574,0.9650075,0.9600549,0.98224264,0.9752998,0.959642,0.9506378,0.9529501,0.9553302,0.95321494,0.96239495,0.9540462,0.953841,0.96876293,0.97271675,0.9642851,0.9427559,0.9576693,0.9585333,0.96106815,0.9624912,0.9617189,0.9678554,0.98224264,0.9521532,0.9647973,0.9705117,0.97749734
abominablemovie,0.966999,0.9535651,0.9633709,1.0,0.9672685,0.95653355,0.9589013,0.95729226,0.97692496,0.95791835,0.9590194,0.95468485,0.95883894,0.9643406,0.9575542,0.95403564,0.9618484,0.9638163,0.96202046,0.9597395,0.96224594,0.953616,0.9667769,0.9607675,0.9487443,0.91975003,0.9501114,0.96306896,0.95906013,0.9500761,0.9518028,0.9596971,0.9493606,0.95723754,0.9425761,0.9267897,0.9618,0.96620715,0.9617185,0.9575644,0.951389,0.9626989,0.9535783,0.9638281,0.9619957,0.96214163,0.96153265,0.95907056,0.9615736,0.9660459,0.9629118,0.9674861,0.945916,0.95796114,0.9545355,0.95872414,0.95298356,0.9572764,0.9652223,0.96385485,0.9580228,0.96653926,0.9580549,0.95532304,0.96005315,0.95480984,0.9572817,0.96206844,0.95962054,0.95364785,0.96459436,0.7880347,0.94573164,0.961784,0.9624238,0.9413575,0.918191,0.9545458,0.9466494,0.96232986,0.95976514,0.9611111,0.95850825,0.9472813,0.96414804,0.95961225,0.9711911,0.9546721,0.9661175,0.9645063,0.9464003,0.96459436,0.9528016,0.9569292,0.963084,0.95114857,0.9540009,0.95969385,0.9513521,0.9617907,0.96406305,0.96509373,0.96137553,0.96240056,0.9444186,0.9599493,0.9612442,0.96247345,0.95939,0.94780177,0.9605419,0.8753927,0.95483226,0.9450603,0.9604063,0.95684284,0.967033,0.9535209,0.9665887,0.96121687,0.95897853,0.9539336,0.96540606,0.9538673,0.9555446,0.95571107,0.96177995,0.96114147,0.95925885,0.94382584,0.9609267,0.9644245,0.958836,0.94834095,0.9552458,0.9466804,0.9495741,0.95775765,0.9640435,0.9547828,0.97692496,0.9624191,0.95756394,0.9535639,0.9540319,0.9628099,0.9486039,0.9532714,0.9585312,0.9539997,0.95590353,0.95847505,0.96097606,0.9377334,0.9548092,0.9605028,0.9610151,0.9560263,0.9540574,0.9609339,0.97692496,0.95525384,0.9620906,0.9667352,0.959333
adastramovie,0.9626887,0.96282166,0.9648282,0.9672685,0.9999996,0.96063125,0.9635969,0.968598,0.980706,0.9665598,0.96515286,0.94808394,0.96188974,0.96393996,0.96639025,0.9646741,0.96609753,0.9784432,0.96445614,0.962806,0.96279,0.9528059,0.97150564,0.968781,0.9552376,0.9140738,0.96199733,0.9627045,0.9648687,0.96009266,0.95785356,0.96339864,0.957047,0.9552647,0.9530626,0.9295094,0.96614045,0.95979095,0.96316224,0.95716774,0.9564178,0.9661476,0.9544785,0.9670821,0.9623953,0.9662267,0.9671554,0.96057713,0.9615651,0.9653669,0.96340925,0.9694591,0.9531085,0.9631494,0.94923544,0.96767795,0.9576232,0.96595067,0.96463954,0.96578735,0.961891,0.9635437,0.96305925,0.96419203,0.9625597,0.95852375,0.95790225,0.96544415,0.9568944,0.96022236,0.9665497,0.7692833,0.95680165,0.96806264,0.961774,0.94252485,0.92878807,0.96120757,0.96001834,0.95929366,0.96548194,0.96330434,0.96698046,0.9599896,0.9595817,0.95848477,0.9669902,0.9625013,0.96641535,0.9739854,0.95452,0.9665497,0.95269203,0.96162987,0.9650871,0.961685,0.9553502,0.9649658,0.9637972,0.96645737,0.96914166,0.96801066,0.96033806,0.96728647,0.9522123,0.96036744,0.970138,0.96803254,0.9619629,0.95356494,0.964235,0.8794999,0.95462775,0.9401158,0.9577324,0.9589429,0.9652182,0.9613243,0.9660491,0.9665837,0.9627414,0.95695966,0.96579254,0.9538369,0.96106577,0.96392393,0.966171,0.961739,0.9718865,0.94513506,0.96270835,0.9709714,0.96582216,0.9586956,0.95794606,0.96465105,0.95491177,0.96772385,0.96404046,0.9582633,0.980706,0.96284235,0.9627279,0.96021384,0.9578797,0.9654119,0.96331704,0.9652228,0.96725774,0.9517893,0.96213275,0.9601411,0.96310043,0.9457205,0.95696825,0.9607647,0.96042424,0.9620332,0.96502095,0.9642963,0.980706,0.96877265,0.96507794,0.97061485,0.96002245
adogsjourneymovie,0.95485604,0.95819485,0.9637787,0.95653355,0.96063125,0.9999998,0.9582598,0.96141815,0.9764662,0.94617426,0.96414053,0.95434207,0.9523942,0.9625426,0.95299,0.9562325,0.95336187,0.96025765,0.9537996,0.9528232,0.9580194,0.94527346,0.9649111,0.96914554,0.9502674,0.89832985,0.95026374,0.9500002,0.95540404,0.948002,0.95370966,0.9551331,0.94930077,0.9526443,0.93505955,0.9255778,0.9617357,0.9546827,0.95507646,0.95230585,0.9467694,0.9541867,0.9532142,0.95296085,0.9696155,0.95812273,0.9631965,0.96055037,0.95859134,0.95456135,0.96079093,0.9636547,0.9471573,0.9538545,0.9513732,0.9525108,0.9504878,0.95717853,0.9484799,0.9557193,0.9518097,0.9555661,0.9568342,0.9480073,0.95894396,0.9500778,0.93912107,0.95197886,0.9593597,0.94505733,0.9592834,0.7642297,0.9415919,0.96136886,0.95178354,0.9369962,0.90770566,0.9569306,0.9468464,0.9565275,0.9580596,0.9561789,0.95280755,0.9409711,0.9547377,0.9623727,0.9570681,0.95655876,0.9561008,0.96411353,0.9467717,0.9592834,0.9458799,0.948407,0.95663846,0.95798934,0.95696354,0.95644367,0.9472987,0.9552217,0.9575305,0.9554679,0.95644855,0.9592493,0.9403616,0.95638645,0.9638796,0.95395285,0.9581332,0.9474815,0.9648972,0.85848576,0.95025265,0.9287068,0.95523757,0.9557832,0.95941156,0.94466376,0.9551438,0.96028316,0.9544772,0.9508317,0.965354,0.9720591,0.95799017,0.9522231,0.96759623,0.95676404,0.9500398,0.9473682,0.962022,0.9574939,0.95091456,0.94098043,0.95856225,0.94909817,0.945526,0.9610332,0.9535059,0.9542589,0.9764662,0.9569115,0.9619757,0.95390916,0.9491156,0.9537929,0.95502084,0.94068134,0.9500148,0.9533486,0.95704204,0.95729464,0.96101844,0.9320896,0.9514475,0.9474176,0.96148986,0.9526822,0.95108175,0.95405734,0.9764662,0.9456003,0.9590448,0.96910185,0.95624226
aftermathmovie,0.9647233,0.9558823,0.9699144,0.9589013,0.9635969,0.9582598,0.9999997,0.962917,0.98346376,0.9588613,0.9654543,0.95444816,0.9649473,0.9718332,0.96900535,0.9648995,0.9659238,0.96502024,0.9584485,0.9647489,0.9619864,0.9602154,0.96423066,0.96541077,0.9543586,0.8939602,0.9611611,0.9628763,0.9687839,0.95620394,0.9652383,0.96426785,0.9497435,0.9631921,0.9484251,0.921517,0.96412265,0.9587645,0.97079366,0.9627965,0.9639397,0.96569467,0.94932705,0.9571551,0.9648307,0.968425,0.96400136,0.9669205,0.9617514,0.9616574,0.9715055,0.97288626,0.9567474,0.96482146,0.9531787,0.96096164,0.96167755,0.9657469,0.9689534,0.9637088,0.9602099,0.966375,0.96450055,0.9629584,0.9663295,0.9572126,0.9581323,0.9659196,0.95535755,0.9630024,0.96203303,0.7597534,0.9573828,0.9560345,0.95949674,0.93934196,0.9304522,0.9619503,0.9652026,0.96490353,0.9556572,0.97335947,0.9703432,0.95693815,0.96703994,0.965033,0.966799,0.9660684,0.9732681,0.97210306,0.9576212,0.96203303,0.9583239,0.9616469,0.9684027,0.96382445,0.95077133,0.9668009,0.978755,0.95939946,0.966561,0.9628367,0.9621696,0.96041507,0.96157336,0.96654046,0.97222835,0.96538454,0.96752954,0.94376725,0.9657058,0.87772995,0.9556777,0.9308066,0.9579658,0.95845115,0.9706624,0.9613782,0.96392906,0.99016064,0.9683423,0.96132433,0.97289526,0.9595588,0.968015,0.96733826,0.9677437,0.96758115,0.96978104,0.9469393,0.961722,0.9571323,0.9608018,0.9504292,0.9585278,0.95517945,0.95663416,0.96754247,0.9585703,0.9626317,0.98346376,0.97126955,0.9552786,0.9571742,0.95212775,0.9633538,0.9557669,0.95925134,0.9668943,0.9592796,0.9872694,0.96286494,0.968504,0.9509902,0.95711213,0.96292734,0.96091425,0.9592421,0.9704822,0.9651336,0.98346376,0.96075964,0.9609519,0.97141856,0.9677619
aftermovie,0.9600808,0.95402044,0.9652368,0.95729226,0.968598,0.96141815,0.962917,1.0000004,0.97786164,0.9638422,0.9581196,0.9554843,0.9595177,0.9683803,0.9639574,0.955431,0.9635545,0.9654193,0.95944846,0.9506499,0.95765144,0.9552068,0.965704,0.9686187,0.94482833,0.89612263,0.9543546,0.9599282,0.9624265,0.9602842,0.95734084,0.95895076,0.95148945,0.9604666,0.941816,0.9268228,0.961362,0.95899945,0.9609503,0.95217276,0.9527349,0.96141434,0.9485862,0.9610043,0.96519816,0.9597134,0.9656369,0.96098363,0.95459217,0.9601176,0.963394,0.96303314,0.94336396,0.95690215,0.96334356,0.95720446,0.95701885,0.9645862,0.96047026,0.9619616,0.95594376,0.96024144,0.9591858,0.9550083,0.9583534,0.9545896,0.9511653,0.9573571,0.9545169,0.9585319,0.95945644,0.73956114,0.95409364,0.9594133,0.9591743,0.9345883,0.92498106,0.9554304,0.948996,0.95203257,0.9457123,0.9548597,0.9624627,0.9552757,0.95512974,0.955504,0.9647522,0.9605711,0.9589187,0.96578944,0.95560104,0.95945644,0.9564658,0.9538331,0.9652391,0.95777404,0.9457286,0.95799696,0.9517247,0.96257174,0.9625143,0.95898914,0.9569445,0.9657916,0.9485282,0.96116686,0.96839,0.95223355,0.9622637,0.940599,0.95997715,0.87381214,0.9604492,0.9178972,0.9582564,0.9475946,0.96223587,0.9591497,0.95838666,0.9585756,0.9532016,0.9634417,0.9633364,0.95766425,0.9566021,0.9577206,0.960872,0.96381956,0.95745337,0.9433799,0.9576448,0.95373577,0.9633146,0.9545072,0.9611498,0.9567986,0.9503666,0.96859074,0.9570556,0.9566598,0.97786164,0.96478456,0.95636714,0.9465291,0.9525405,0.958638,0.9611025,0.95679575,0.95655024,0.9506571,0.96204376,0.9529896,0.9623565,0.9409444,0.9515996,0.9525942,0.9545271,0.95556253,0.97078604,0.9588972,0.97786164,0.9560157,0.95992583,0.96600837,0.95904696
ahiddenlifefilm,0.97894245,0.97358316,0.98224264,0.97692496,0.980706,0.9764662,0.98346376,0.97786164,1.0000001,0.97291124,0.98131084,0.9708313,0.97624594,0.98449725,0.9822164,0.97911394,0.9814482,0.98010755,0.97561675,0.9765668,0.9791232,0.974694,0.98330265,0.98533654,0.9720207,0.9193359,0.9737328,0.97687143,0.982963,0.9731121,0.9774202,0.97398067,0.96974635,0.97791135,0.9642731,0.94355714,0.98276246,0.973183,0.9798464,0.97359276,0.9749586,0.981908,0.97153497,0.9803341,0.9801915,0.98189896,0.9790593,0.9804301,0.97642493,0.9816433,0.9843196,0.982473,0.96820265,0.9769579,0.9696033,0.97342676,0.97300524,0.98106134,0.97875553,0.97963524,0.9790168,0.9806085,0.97820956,0.9785283,0.9802767,0.977782,0.9716511,0.9749384,0.9766593,0.9779049,0.9806731,0.7813849,0.9674921,0.9768875,0.97593564,0.9572826,0.9459924,0.9774804,0.97388655,0.9769481,0.97624385,0.97488403,0.98254204,0.97120446,0.9755808,0.9783015,0.9833167,0.9787389,0.98296475,0.98518294,0.9718619,0.9806731,0.9722116,0.97406644,0.9809642,0.9771084,0.9739146,0.98064464,0.9770524,0.97698873,0.9817008,0.9813262,0.9783087,0.9812837,0.96743566,0.9798255,0.985863,0.9804791,0.97870237,0.96315056,0.9837877,0.8854938,0.9767707,0.95181215,0.9745296,0.9759056,0.98419327,0.9764924,0.9817412,0.98419404,0.9785944,0.9761321,0.98340535,0.9764794,0.98277706,0.9802794,0.9825344,0.9792863,0.9772502,0.9657692,0.9821364,0.97434586,0.9787381,0.9689831,0.9782108,0.97107303,0.96821463,0.98089993,0.9774251,0.97284096,1.0000001,0.98228395,0.9757126,0.9756707,0.97408885,0.9734248,0.9740697,0.9759248,0.97872275,0.97131413,0.98113114,0.9766309,0.9827981,0.9558677,0.9720356,0.97612584,0.9774508,0.975773,0.9771873,0.9812138,1.0000001,0.9768031,0.9816504,0.9863642,0.9798119
alitamovie,0.952775,0.9488028,0.96751,0.95791835,0.9665598,0.94617426,0.9588613,0.9638422,0.97291124,0.9999998,0.9611091,0.94253343,0.9588385,0.96700174,0.95702773,0.9526666,0.9587016,0.9581077,0.9573067,0.955792,0.95096827,0.9599625,0.9582268,0.9542991,0.94309723,0.9072283,0.9398228,0.9536145,0.9569685,0.9471975,0.9578723,0.9533413,0.9500794,0.9487979,0.9462552,0.91554695,0.95948446,0.9541716,0.9518636,0.95549977,0.95866174,0.95500296,0.9448494,0.9588579,0.9548979,0.9649903,0.9578956,0.961429,0.95149946,0.96004176,0.95915604,0.96011335,0.9510507,0.9541125,0.9556688,0.96081626,0.949462,0.95627135,0.96479464,0.9601064,0.95323193,0.9535185,0.95043033,0.95729136,0.95826155,0.94477594,0.9486409,0.9587124,0.95691836,0.9491392,0.9583866,0.74999845,0.9431742,0.9531452,0.9537316,0.9489675,0.93259406,0.9537426,0.9511462,0.9582785,0.9512155,0.9596932,0.9617243,0.95248425,0.9576886,0.95358396,0.96858186,0.96065253,0.95901555,0.96104145,0.95107627,0.9583866,0.9511582,0.9575484,0.9612438,0.95083946,0.94638556,0.9565729,0.9523421,0.95035243,0.96404594,0.9564159,0.950955,0.9639267,0.9695463,0.9553579,0.9599305,0.95973355,0.95482886,0.9436768,0.95384264,0.85525405,0.9567424,0.9326157,0.954649,0.94704324,0.95606387,0.9578325,0.9592092,0.9564178,0.95196927,0.94949585,0.96452934,0.9505908,0.9615548,0.95940906,0.9545383,0.9539863,0.9534438,0.94376415,0.9523833,0.9457076,0.9572923,0.9453988,0.9598829,0.9505775,0.9420496,0.96033263,0.9589998,0.9501562,0.97291124,0.95547795,0.95096993,0.94954896,0.9387522,0.9501576,0.9487936,0.95496154,0.9574172,0.9441972,0.9542752,0.9584343,0.9594096,0.9390284,0.9528094,0.95464474,0.95476604,0.9516528,0.9571448,0.96010506,0.97291124,0.95877725,0.96247995,0.9617012,0.9575449
angelhasfallen,0.96509564,0.95653474,0.96836543,0.9590194,0.96515286,0.96414053,0.9654543,0.9581196,0.98131084,0.9611091,1.0000002,0.95558745,0.9584291,0.97156304,0.9661107,0.96298385,0.9603982,0.96285504,0.9591636,0.968287,0.9635299,0.96139544,0.9639523,0.97211117,0.9560713,0.9113874,0.95477426,0.9535532,0.96707124,0.9542818,0.9575086,0.9557768,0.951611,0.96405864,0.94628763,0.9193752,0.96599907,0.9559282,0.95982057,0.95260364,0.955711,0.96112823,0.96129984,0.959771,0.96647865,0.9656883,0.958951,0.9647026,0.9619011,0.96226096,0.96802104,0.96376204,0.9542099,0.9622332,0.94376093,0.9557391,0.94877005,0.9609343,0.95987725,0.9630643,0.9637514,0.9662448,0.9655567,0.9674149,0.96258706,0.9604243,0.948509,0.9559214,0.97714806,0.9547582,0.9663455,0.76942855,0.95209396,0.95638275,0.9660684,0.95744425,0.9365488,0.96582013,0.95806235,0.95897,0.97849125,0.9607806,0.9682202,0.9590273,0.95403373,0.9643144,0.9709456,0.96210915,0.9671929,0.97305816,0.9570939,0.9663455,0.9515628,0.9652212,0.9673743,0.9682649,0.97607726,0.9663722,0.9591129,0.95501614,0.9613245,0.9650399,0.9616559,0.9706193,0.94897527,0.9645921,0.96573514,0.9664288,0.9640049,0.9484331,0.9665723,0.8683907,0.96118164,0.94168365,0.9575481,0.9753528,0.96855426,0.9608627,0.97028595,0.96818477,0.95739114,0.9556007,0.9649974,0.96021146,0.9681781,0.9661017,0.96282834,0.9579072,0.9577281,0.94693255,0.9672392,0.9585089,0.95902836,0.9462772,0.9570052,0.95490617,0.95152247,0.96149987,0.96001285,0.9562323,0.98131084,0.9626401,0.9631785,0.9656895,0.9545674,0.95206946,0.96251684,0.95692134,0.9654324,0.9539212,0.9654955,0.96135354,0.9573343,0.9431059,0.9542031,0.95550835,0.9619694,0.9611278,0.9609743,0.9649954,0.98131084,0.95889944,0.97090924,0.9663552,0.9602991
angrybirdsmovie,0.9500393,0.9364398,0.9668127,0.95468485,0.94808394,0.95434207,0.95444816,0.9554843,0.9708313,0.94253343,0.95558745,0.9999999,0.9476138,0.95081687,0.9563767,0.9502809,0.95449495,0.9538184,0.9441302,0.95034766,0.94866514,0.95273644,0.9520313,0.9555663,0.9405353,0.87703323,0.9517315,0.9569168,0.960695,0.9461534,0.9485762,0.94577795,0.9320755,0.97133154,0.9375775,0.9214478,0.9607986,0.9542517,0.9620447,0.9452211,0.94847995,0.95092744,0.9510629,0.95668626,0.9526274,0.94774896,0.9493535,0.9687039,0.95836484,0.95616776,0.967504,0.95774597,0.9456951,0.94990575,0.9444058,0.9445858,0.94249654,0.9445483,0.9511988,0.9572293,0.9576155,0.95552236,0.94737697,0.9513029,0.95321935,0.9471551,0.9286375,0.9422606,0.9470834,0.9438436,0.9510511,0.73927885,0.93142575,0.9534623,0.948724,0.92694616,0.91657156,0.94964,0.9467542,0.94853765,0.95081675,0.94644254,0.95823014,0.9373766,0.9622233,0.9466047,0.9588578,0.9380829,0.9539787,0.9516227,0.94731593,0.9510511,0.9468515,0.94837606,0.96487033,0.95555615,0.9415025,0.94763577,0.94402367,0.9471488,0.9490426,0.9445272,0.9473139,0.95913285,0.93251795,0.96234196,0.9593349,0.9504935,0.95793235,0.9366936,0.9628219,0.85724914,0.9503052,0.91688406,0.95178664,0.9482546,0.95267576,0.9432115,0.95518583,0.95399797,0.95376694,0.94993746,0.94838816,0.9623245,0.9550586,0.94993865,0.94369364,0.9524979,0.94660014,0.9331126,0.9537435,0.9403407,0.9565349,0.9307024,0.94295514,0.9336812,0.9386125,0.9543872,0.9601339,0.94909024,0.9708313,0.96141636,0.94445115,0.9584714,0.9572607,0.9477182,0.9411307,0.94925725,0.9489941,0.94576013,0.9553336,0.95525,0.9534485,0.9221496,0.94394624,0.9414513,0.94579107,0.9568281,0.94342446,0.9560521,0.9708313,0.94780236,0.95259434,0.9572365,0.959092
annabellemovie,0.9654527,0.9578571,0.9587048,0.95883894,0.96188974,0.9523942,0.9649473,0.9595177,0.97624594,0.9588385,0.9584291,0.9476138,0.9999999,0.9651703,0.9562058,0.95787376,0.963203,0.9588597,0.95020276,0.95166755,0.95944047,0.9607901,0.9661527,0.965988,0.95306236,0.88705236,0.9579782,0.9515322,0.9658342,0.9546133,0.94880825,0.9575579,0.9557854,0.9522944,0.94299155,0.9137919,0.96395373,0.970771,0.9601948,0.95012873,0.9615834,0.9657561,0.9483655,0.9633436,0.95619786,0.9586226,0.9615982,0.96781236,0.95556575,0.96561223,0.96106166,0.9609656,0.96840626,0.95164955,0.9565575,0.95143425,0.9631485,0.9635052,0.96226466,0.95552623,0.9601824,0.9563981,0.9549373,0.9631779,0.95749414,0.9490723,0.9448582,0.95428747,0.9537594,0.95543885,0.9570168,0.7549005,0.9447977,0.94560885,0.95126355,0.9294716,0.9298242,0.95685387,0.9549474,0.95905805,0.9489961,0.96768224,0.9661362,0.9502107,0.96380275,0.95250195,0.9648032,0.98317546,0.96042013,0.9614787,0.9524976,0.9570168,0.9567334,0.9627885,0.9616499,0.95383,0.95275927,0.9590138,0.95793205,0.95535654,0.9654563,0.9562403,0.9648636,0.96078944,0.95368075,0.9581703,0.9617221,0.95575553,0.95253646,0.93861336,0.9585829,0.8781411,0.9541059,0.9289899,0.9526303,0.9581731,0.9687779,0.95621264,0.9578778,0.96417093,0.95898473,0.95472914,0.9589108,0.9532565,0.95699006,0.9572692,0.96234673,0.9536667,0.9552589,0.9367606,0.9618179,0.951058,0.9582183,0.95024395,0.9547502,0.95733374,0.9453067,0.9577499,0.95593864,0.96369684,0.97624594,0.9656394,0.9537192,0.9599384,0.9573015,0.9549851,0.952543,0.95749664,0.9583213,0.9558156,0.96037763,0.9459102,0.966241,0.9409259,0.9522863,0.956787,0.960673,0.9593103,0.95974755,0.9607164,0.97624594,0.9614684,0.95773095,0.96922016,0.9624095
annamovie,0.9602463,0.96166205,0.9718993,0.9643406,0.96393996,0.9625426,0.9718332,0.9683803,0.98449725,0.96700174,0.97156304,0.95081687,0.9651703,1.0000002,0.9665659,0.96408445,0.9637074,0.9659012,0.9666654,0.96554375,0.9704514,0.9583176,0.9670316,0.97367084,0.9564597,0.90743005,0.953632,0.96037763,0.963127,0.9573893,0.97144234,0.9578797,0.9491673,0.9619421,0.9460571,0.92623687,0.96769994,0.9612687,0.95900005,0.95882195,0.95632607,0.96492815,0.95772105,0.96823233,0.9692009,0.97085994,0.9649324,0.9630436,0.9617131,0.9697059,0.96903723,0.9669711,0.9478988,0.9594783,0.95906776,0.95520765,0.9559056,0.96421236,0.9722663,0.9601845,0.96357626,0.9696686,0.96851534,0.97483474,0.9663604,0.9627855,0.958278,0.95878,0.9731782,0.9621042,0.9682891,0.7724833,0.9519834,0.95937264,0.9615709,0.95197785,0.92676795,0.9576512,0.9542589,0.9656353,0.96139723,0.9631157,0.9710519,0.952914,0.95689946,0.96569306,0.9732283,0.9653419,0.96904856,0.97173053,0.9595911,0.9682891,0.9561029,0.9655531,0.96898633,0.9665255,0.9638844,0.96265364,0.9613397,0.9685544,0.96521944,0.96783715,0.96243596,0.97131974,0.9662642,0.9634692,0.96887034,0.96243626,0.9624108,0.9449396,0.966636,0.86414045,0.96092916,0.93631977,0.96019703,0.9591869,0.96804273,0.9610378,0.96646565,0.9690459,0.9627244,0.96142864,0.9712175,0.95930654,0.97349274,0.97223705,0.96290946,0.9633334,0.9594157,0.9517952,0.9714214,0.9570431,0.9584166,0.9498562,0.96764624,0.9574886,0.95118374,0.9661194,0.9607414,0.96443224,0.98449725,0.96251845,0.9574726,0.9591899,0.95343566,0.95604473,0.9589019,0.9581832,0.9643189,0.9544444,0.9675063,0.9620504,0.9641018,0.94213045,0.9548234,0.96253157,0.9599877,0.95972985,0.96593267,0.9639063,0.98449725,0.9577488,0.96864074,0.9734107,0.96782374
apollo11movie,0.96704394,0.957504,0.962754,0.9575542,0.96639025,0.95299,0.96900535,0.9639574,0.9822164,0.95702773,0.9661107,0.9563767,0.9562058,0.9665659,1.0000001,0.96588284,0.9616975,0.96869445,0.956078,0.9673799,0.95861405,0.9576053,0.97227156,0.9662709,0.9600254,0.89102554,0.96171755,0.95696294,0.96967494,0.9568085,0.9641757,0.9625119,0.9525442,0.9648376,0.9451413,0.9162717,0.9616374,0.9605384,0.96465576,0.95524067,0.9608382,0.9656884,0.9613206,0.9630933,0.96661395,0.9659731,0.96904033,0.9652361,0.9645129,0.9644957,0.968857,0.9742636,0.95585376,0.96379167,0.9473965,0.96016246,0.9539468,0.96236736,0.9669331,0.9607891,0.9641827,0.9693261,0.9716231,0.9642393,0.9614114,0.96804875,0.9644499,0.96594995,0.96145666,0.95679474,0.9608155,0.7620313,0.9472761,0.95843863,0.9602715,0.9432025,0.93137455,0.96124023,0.96482104,0.9529353,0.9677461,0.9539043,0.97293454,0.95291984,0.9539689,0.95818645,0.964691,0.9582575,0.9719145,0.97230816,0.959954,0.9608155,0.96217686,0.9577519,0.9628116,0.97938013,0.96000546,0.95754385,0.9646761,0.9686791,0.96071714,0.9680149,0.96003956,0.9678862,0.9507429,0.9682539,0.9694685,0.96815825,0.9648406,0.9448769,0.966098,0.87722725,0.96174985,0.92668885,0.9525635,0.9614335,0.97332406,0.9639969,0.97125787,0.97156626,0.96711576,0.96297985,0.96505517,0.9648739,0.9682355,0.9691966,0.96461016,0.96238333,0.9617964,0.94110245,0.9617768,0.9564399,0.9607119,0.9502115,0.9588384,0.9536793,0.9633527,0.9708785,0.95688856,0.9547498,0.9822164,0.96827656,0.9579947,0.9677112,0.9627005,0.9630546,0.9572761,0.9574262,0.96562994,0.957591,0.96481925,0.96102625,0.96485037,0.9420083,0.95708174,0.9597383,0.96270996,0.95416164,0.9608951,0.9669251,0.9822164,0.9631513,0.96874267,0.9715379,0.96128523
arcticdogsmovie,0.965422,0.9656122,0.9676424,0.95403564,0.9646741,0.9562325,0.9648995,0.955431,0.97911394,0.9526666,0.96298385,0.9502809,0.95787376,0.96408445,0.96588284,0.99999994,0.96531266,0.9657309,0.95781744,0.9600883,0.96024686,0.95913225,0.9646406,0.9634747,0.96409845,0.89785784,0.95717585,0.9499641,0.96654874,0.95669925,0.95949996,0.9581275,0.9587183,0.9531169,0.94795614,0.9241965,0.97054875,0.9505319,0.9632153,0.9592668,0.9557128,0.96394277,0.95288754,0.9641329,0.95785975,0.9634426,0.96014756,0.96199524,0.96292377,0.9624024,0.96565634,0.9630617,0.95332545,0.9546514,0.94163495,0.96001107,0.9513238,0.9611811,0.95638657,0.9610883,0.9629953,0.96258587,0.9588058,0.95649666,0.9667268,0.95642906,0.9604587,0.96147203,0.9599032,0.95568144,0.95931154,0.77840877,0.953509,0.95853555,0.95504504,0.9439111,0.93507797,0.96286714,0.95648324,0.9569751,0.9549595,0.959021,0.9565813,0.95981455,0.95659405,0.9580484,0.9643707,0.9656511,0.9640375,0.96859276,0.95436555,0.95931154,0.95595574,0.95332956,0.9623913,0.9568673,0.9609574,0.96385604,0.9585503,0.9560104,0.96501267,0.961105,0.9586493,0.96063006,0.9542462,0.9620725,0.969076,0.97570276,0.9691236,0.954392,0.9673671,0.87194914,0.95614046,0.9347522,0.9550293,0.9648203,0.969372,0.96159995,0.95479524,0.96861976,0.95953816,0.9563291,0.9615177,0.9565979,0.9668256,0.96144736,0.96367353,0.9629399,0.96419245,0.95200866,0.9699652,0.9574506,0.9579275,0.951448,0.95603657,0.95753455,0.94855857,0.9603943,0.95562506,0.95763195,0.97911394,0.9622583,0.956288,0.9526678,0.9527964,0.9538483,0.9504896,0.9560484,0.9580282,0.9568256,0.9615613,0.962545,0.95986205,0.94496655,0.948382,0.9572659,0.9582302,0.95721847,0.9525268,0.9623334,0.97911394,0.9589753,0.9660458,0.96705693,0.96429265
arcticmovie,0.9623577,0.9540257,0.9618194,0.9618484,0.96609753,0.95336187,0.9659238,0.9635545,0.9814482,0.9587016,0.9603982,0.95449495,0.963203,0.9637074,0.9616975,0.96531266,1.0000002,0.960768,0.96427965,0.95802414,0.9605924,0.95276725,0.96823806,0.9678062,0.9588299,0.91774917,0.9502724,0.9760412,0.9626515,0.95953435,0.9558184,0.9683868,0.9605507,0.9621378,0.941452,0.9383443,0.96996623,0.9582126,0.95869803,0.96224815,0.952531,0.9644454,0.95217144,0.9697747,0.959171,0.96526074,0.96088684,0.96794033,0.9621347,0.96538025,0.96625364,0.96859497,0.9481826,0.957815,0.9577613,0.9513795,0.9538421,0.96195143,0.96475345,0.95799863,0.96473825,0.9601657,0.95517325,0.96413213,0.9656594,0.95826805,0.9430393,0.9563624,0.95717067,0.96774215,0.95956117,0.7712395,0.9563747,0.9589167,0.9600697,0.9418595,0.9328056,0.9614652,0.9627256,0.9570304,0.9564308,0.95815146,0.95823103,0.9624262,0.9582156,0.96621484,0.96516204,0.96501446,0.9662847,0.967336,0.9495704,0.95956117,0.9478514,0.94766575,0.9681461,0.95714444,0.95230734,0.9684323,0.9580991,0.9591304,0.9705555,0.96380293,0.95798475,0.9615126,0.9489845,0.9598654,0.9652073,0.9622439,0.96497816,0.95385,0.9654615,0.8806385,0.9558526,0.94241494,0.9539835,0.95593834,0.9662952,0.9573207,0.9639141,0.96559894,0.9573219,0.9604397,0.9658176,0.9557022,0.962681,0.95488375,0.96978,0.95977247,0.95707345,0.95612085,0.967001,0.95750743,0.9767987,0.9683398,0.9582641,0.95732456,0.9532978,0.96340233,0.95814407,0.95985055,0.9814482,0.9658487,0.9614424,0.9577984,0.9590111,0.96288055,0.95930266,0.9566591,0.9627872,0.9545883,0.9663469,0.95345694,0.96327144,0.9399494,0.9510695,0.9563108,0.96146166,0.962216,0.9576509,0.9627898,0.9814482,0.9630264,0.96856564,0.9685605,0.96661717
artofracingmovie,0.9621687,0.9629893,0.96803427,0.9638163,0.9784432,0.96025765,0.96502024,0.9654193,0.98010755,0.9581077,0.96285504,0.9538184,0.9588597,0.9659012,0.96869445,0.9657309,0.960768,0.9999996,0.9599376,0.9608178,0.9625712,0.9569384,0.97056574,0.9684364,0.9564532,0.8826985,0.9614377,0.95586973,0.9693794,0.96062887,0.9562456,0.9644774,0.952039,0.96455127,0.9416468,0.93162215,0.9622404,0.95787376,0.96174407,0.95506406,0.9507762,0.9654248,0.95502186,0.9697657,0.958454,0.9615616,0.96411455,0.96208996,0.9600444,0.9659908,0.9699142,0.9684459,0.9553161,0.9624881,0.9513562,0.9719118,0.9593384,0.96102285,0.9626791,0.964819,0.9627285,0.96613234,0.96472573,0.95563596,0.9614695,0.9632801,0.954093,0.96403426,0.9572674,0.9546325,0.9633171,0.7651159,0.95559466,0.96610785,0.9618064,0.93977475,0.9191875,0.9584769,0.9502201,0.9588206,0.95624876,0.9584695,0.96322113,0.95608103,0.9577995,0.95854324,0.9654397,0.9618431,0.96602744,0.9707913,0.9595282,0.9633171,0.95415294,0.96025056,0.9659197,0.9598063,0.95404714,0.9637008,0.96243906,0.9683373,0.96489745,0.96420383,0.9620468,0.96753955,0.9453807,0.9651822,0.97189766,0.96199584,0.9629678,0.9515009,0.9682625,0.87676734,0.95705426,0.93579847,0.95361227,0.95836014,0.96858275,0.9632609,0.9641449,0.967578,0.960176,0.955077,0.96463674,0.9548379,0.9626625,0.9663321,0.968252,0.96209043,0.96902686,0.9413524,0.9658257,0.9655986,0.96263915,0.95417595,0.96026516,0.96309423,0.95454556,0.9682662,0.9607849,0.9641949,0.98010755,0.9665148,0.96093154,0.95274943,0.95240766,0.9681439,0.9622015,0.9582831,0.9561062,0.955849,0.96070236,0.96111417,0.967025,0.9435787,0.95858115,0.96238464,0.9605829,0.9643056,0.9594608,0.9591701,0.98010755,0.9605695,0.9612191,0.9696138,0.96441287
avengers,0.9711831,0.9546256,0.959891,0.96202046,0.96445614,0.9537996,0.9584485,0.95944846,0.97561675,0.9573067,0.9591636,0.9441302,0.95020276,0.9666654,0.956078,0.95781744,0.96427965,0.9599376,0.9999999,0.9558724,0.9568654,0.9368764,0.9610556,0.9624626,0.9505971,0.9149942,0.94854957,0.9639078,0.95412797,0.95150656,0.9748239,0.9551678,0.9388131,0.95744646,0.934996,0.92396957,0.97037107,0.95250225,0.9523575,0.9626255,0.9525331,0.9546821,0.95882106,0.9593473,0.96150774,0.9584433,0.9567839,0.9649286,0.9567521,0.95669556,0.95691586,0.9598076,0.93882006,0.95619893,0.9494553,0.95417106,0.94359314,0.9558904,0.95665807,0.9627305,0.95918477,0.9536175,0.9568781,0.9583707,0.95396316,0.95248175,0.9495393,0.95549506,0.9468291,0.95884985,0.95955515,0.7727288,0.95234233,0.95676684,0.9547171,0.94707745,0.9205059,0.95030093,0.95775294,0.95518583,0.95611376,0.9511423,0.95495147,0.9488663,0.947136,0.9568639,0.9623388,0.950113,0.96371174,0.9641766,0.94353855,0.95955515,0.9456563,0.9435318,0.9634115,0.9575648,0.95208853,0.9560348,0.9527171,0.9504434,0.96024,0.9602395,0.9490292,0.96292925,0.9426954,0.950865,0.96357596,0.95582855,0.9584835,0.94586974,0.9609189,0.85524076,0.94772583,0.9249796,0.950617,0.9476331,0.9584312,0.9538025,0.9582946,0.9554686,0.9544515,0.9521172,0.9623768,0.9464613,0.96784824,0.9572557,0.9592472,0.959759,0.9570009,0.9531985,0.96424997,0.9563056,0.9563618,0.9499458,0.9509084,0.95298564,0.9483498,0.95570236,0.96190095,0.9500809,0.97561675,0.9518273,0.9510166,0.94817895,0.94951427,0.9522711,0.9555635,0.9532432,0.9643796,0.9426832,0.9578734,0.953197,0.9567129,0.93802994,0.9529196,0.95707166,0.95509267,0.96442807,0.9477711,0.9488524,0.97561675,0.95921314,0.9570407,0.9696813,0.95752394
beachbummovie,0.9561469,0.9466032,0.96443003,0.9597395,0.962806,0.9528232,0.9647489,0.9506499,0.9765668,0.955792,0.968287,0.95034766,0.95166755,0.96554375,0.9673799,0.9600883,0.95802414,0.9608178,0.9558724,1.0,0.9521084,0.95133567,0.95891553,0.9581331,0.94856304,0.9013466,0.94969475,0.95507747,0.9569428,0.9512606,0.9595218,0.9640093,0.93473643,0.9627902,0.9467692,0.9223882,0.96091515,0.9543002,0.9615721,0.9579402,0.94989043,0.95803756,0.94482183,0.95294124,0.96322584,0.9665788,0.95580316,0.9602427,0.96581763,0.9528064,0.96502113,0.96353036,0.947102,0.95784265,0.94189173,0.95205873,0.94366485,0.95310825,0.95926774,0.9544403,0.9560092,0.96155256,0.9558737,0.959275,0.9571781,0.9521304,0.9547119,0.96306336,0.9572352,0.9610685,0.95745045,0.77284664,0.9508623,0.9497686,0.95013064,0.94053775,0.9304867,0.9502731,0.9582234,0.9554414,0.96258974,0.9531671,0.9619551,0.9565907,0.9554644,0.95209134,0.96189195,0.9553448,0.96579605,0.96551985,0.9490418,0.95745045,0.9488152,0.9479666,0.964233,0.964543,0.94973016,0.96739084,0.963373,0.95399004,0.96094656,0.96294326,0.9528742,0.96294117,0.94594884,0.9611193,0.96243185,0.9673582,0.9548816,0.94336194,0.96089643,0.8762208,0.9515562,0.9407533,0.95206904,0.96017396,0.9603195,0.9556169,0.9613995,0.96355116,0.95885223,0.9488661,0.9636215,0.95437133,0.9678702,0.9557984,0.9562594,0.95603305,0.9524609,0.9370886,0.96142316,0.94836015,0.9558413,0.9417636,0.9543777,0.94748336,0.94471747,0.9554532,0.95127124,0.9590251,0.9765668,0.9605202,0.95941657,0.95994943,0.94313,0.95437163,0.95155716,0.9567627,0.9645187,0.9493154,0.9662332,0.95479697,0.95944905,0.9367421,0.9427536,0.9521526,0.9523189,0.9556933,0.9578297,0.95761424,0.9765668,0.95448875,0.9573337,0.9643827,0.96001655
bernadettefilm,0.9613553,0.9584124,0.9600215,0.96224594,0.96279,0.9580194,0.9619864,0.95765144,0.9791232,0.95096827,0.9635299,0.94866514,0.95944047,0.9704514,0.95861405,0.96024686,0.9605924,0.9625712,0.9568654,0.9521084,1.0000001,0.95393544,0.96646434,0.96854234,0.957084,0.8937301,0.95608747,0.9553766,0.95876324,0.9540834,0.954469,0.94893086,0.9532435,0.94932866,0.94623303,0.9407159,0.9641614,0.9522889,0.95921034,0.9526586,0.95572656,0.96023065,0.95424354,0.9685221,0.96058875,0.9668262,0.96193606,0.9567488,0.96022344,0.9656519,0.963116,0.9636209,0.95340544,0.95161784,0.9442035,0.9558855,0.9568012,0.9602032,0.965684,0.9632949,0.9589471,0.9699614,0.9624107,0.96539,0.96242,0.9600047,0.9478601,0.9511713,0.9612185,0.9553079,0.96483094,0.7794753,0.94802356,0.94833916,0.95742685,0.9411441,0.9185472,0.9487119,0.9527227,0.9564679,0.95534843,0.95251125,0.9668909,0.9472607,0.95025206,0.9544325,0.9674979,0.9638417,0.96252614,0.9591105,0.96411705,0.96483094,0.9514935,0.9581303,0.96018183,0.9574121,0.9549738,0.95922714,0.9525688,0.9575534,0.96397585,0.9687985,0.9553692,0.96232647,0.9454776,0.9586059,0.9714347,0.9639459,0.95354277,0.9380464,0.9638976,0.85319424,0.9573267,0.9359292,0.96389014,0.9612358,0.96580434,0.95253307,0.9603808,0.96418417,0.96342826,0.95717734,0.9583053,0.95392716,0.96068436,0.9586987,0.9619501,0.954792,0.9549423,0.94028926,0.97278625,0.96101093,0.95400876,0.9551868,0.9622883,0.9513783,0.9553596,0.9607131,0.95880485,0.956791,0.9791232,0.9565899,0.95666057,0.9596151,0.9550745,0.95627475,0.9543261,0.953071,0.9620467,0.95382816,0.9554115,0.9522747,0.96497625,0.9351756,0.95588213,0.95395696,0.95778984,0.9558173,0.9600248,0.9591379,0.9791232,0.9581809,0.9607075,0.9710918,0.9606731
