movie,21bridgesmovie,47metersdown,abeautifuldaymovie,abominablemovie,adastramovie,adogsjourneymovie,aftermathmovie,aftermovie,ahiddenlifefilm,alitamovie,angelhasfallen,angrybirdsmovie,annabellemovie,annamovie,apollo11movie,arcticdogsmovie,arcticmovie,artofracingmovie,avengers,beachbummovie,bernadettefilm,blackandbluemovie,blackchristmas,blindedbythelightmovie,bombshellmovie,booksmart,breakthroughmovie,brianbanksmovie,brightburnmovie,brittanyrunsmov,captainmarvelofficial,captivestatemovie,catsmovie,charliesangels,childsplaymovie,clarathefilm,coldpursuitmovie,countdown,currentwarmovie,darkwatersmovie,detectivepikachumovie,disneyaladdin,disneyfrozen,disneymaleficent,doctorsleepmovie,dolemiteismyname,dontletgomovie,doramovie,downtonabbey_official,dumbo,escaperoom,everybodyknowsmovie,fastandfuriousmovie,fightingwmyfam,fivefeetapartfilm,fordvferrari,freaksthefilm,geminimanmovie,glassmovie,gloriabellmovie,godzillamovie,goldfinchmovie,goodboysmovie,goodliarmovie,gretafilm,halathemovie,happydeathdaymovie,harrietfilm,hellboymovie,hersmellmovie,highlifemovie,highstrungmovie,honeyboymovie,hotelmumbaifilm,httydragon,hustlemovie,hustlersmovie,isntitromantic,itmovieofficial,jayandsilentbob,johnwickmovie,jojorabbitmovie,jokermovie,judythefilm,jumanjimovie,justmercyfilm,knivesout,lalloronamovie,lastblackmansf,lastchristmasthemovie,latenightmovie,lighthousemovie,lionking,littlethemovie,littlewomenmovie,littlewoodsfilm,longshotmovie,lordsofchaosmovie,lucyintheskyfilm,mamovie2019,marriagestory,meettheaddams,meninblack,midsommarmovie,midwaymovie,missbalamovie,missinglinkfilm,motherlessbklyn,onceinhollywood,onthebasisofsex,overcomermovie,peanutbutterfalcon,petsematarymovie,piercingmovie,playingwithfire,playmobilthemovie,pomsmovie,queenandslim,rambomovie,readyornotfilm,richardjewellfilm,rocketmanmovie,scarystoriesmovie,secretlifeofpets,serenityfilm,shaftmovie,shazammovie,spidermanmovie,spiesindisguise,starwars,stormboymovie,stubermovie,taosdfilm,teenspiritmov,terminator,theaeronautsmov,thebestofenemies,thedeaddontdie,thefarewell,thehighwaymen,thehummingbirdprojectfilm,theintrudermovie,theirishmanfilm,thekitchenmovie,thelegomovie,themustangfilm,thenightingalefilm,theprodigymovie,thesunisalsoastar,theupsidefilm,tolkienmovie,toystory,triplefrontier,uglydolls,uncutgems,underthesilverlake,usmovie,wavesmovie,whatmenwant,wonderparkmovie,wrinklestheclown,xmenmovies,yardiefilm,yesterdaymovie,zombieland
21bridgesmovie,0.99999994,0.9542503,0.95855063,0.94568044,0.9546492,0.9521279,0.9559478,0.95344335,0.97683233,0.9410448,0.9556095,0.94637203,0.950756,0.9521898,0.9573304,0.95340085,0.9554994,0.9460969,0.96741414,0.9501311,0.9522245,0.9578587,0.95718926,0.9570478,0.94398785,0.8822416,0.959151,0.9531933,0.9507235,0.9494394,0.954436,0.94098175,0.9525469,0.94403005,0.9502038,0.93610257,0.9531442,0.962948,0.960731,0.95653677,0.9492387,0.9570795,0.9504069,0.9557546,0.95477295,0.9439126,0.9494909,0.95103276,0.95227426,0.9617514,0.95582426,0.9605477,0.94664925,0.94876945,0.9405367,0.9549945,0.9502374,0.9470877,0.9467456,0.95767045,0.9419438,0.9504573,0.95106536,0.94590837,0.95140475,0.9441269,0.9498522,0.95138854,0.9460341,0.958139,0.9595122,0.84118825,0.93521494,0.9431444,0.9470615,0.93818086,0.94049287,0.9503386,0.9431619,0.963235,0.9508908,0.9591134,0.96238184,0.94736665,0.9499325,0.9463996,0.95778704,0.9526798,0.94997436,0.96423525,0.94889677,0.9595122,0.9535495,0.9487047,0.953185,0.946337,0.9539256,0.9573007,0.95855767,0.9492039,0.9400509,0.9495044,0.9466126,0.95305246,0.94814795,0.95418656,0.9525099,0.9428401,0.9558758,0.929688,0.9624196,0.8974374,0.95271355,0.9319954,0.9503608,0.96599483,0.9859701,0.9516088,0.96596754,0.954986,0.94991463,0.9476946,0.9474534,0.9437062,0.9654256,0.95509076,0.9444673,0.958181,0.95049256,0.9512101,0.95883733,0.9484748,0.9506804,0.9409603,0.9493552,0.94893384,0.96856046,0.95402914,0.95892435,0.9548114,0.97683233,0.96210945,0.93763626,0.9469257,0.9358008,0.9544941,0.953764,0.9584294,0.9565585,0.9590492,0.9599585,0.957378,0.9482524,0.9569046,0.94807976,0.9569997,0.95073235,0.95685345,0.9532107,0.9479835,0.97683233,0.9496403,0.966321,0.95206475,0.95150393
47metersdown,0.9542503,0.99999976,0.9450412,0.93856823,0.95317024,0.9530655,0.949347,0.95022225,0.97149533,0.943097,0.9498652,0.939301,0.94887775,0.9491398,0.94945365,0.9507504,0.94656,0.944062,0.9539081,0.9513818,0.93999183,0.9534098,0.9552579,0.94878423,0.94903123,0.898562,0.95898694,0.9518975,0.9537122,0.9435072,0.9500495,0.9341787,0.94495696,0.94672066,0.95352125,0.94380385,0.94949377,0.93964,0.9570946,0.94582963,0.9358332,0.95025134,0.9478131,0.9437089,0.9384759,0.95404845,0.9497997,0.9490279,0.9437321,0.9504983,0.94964504,0.9572085,0.95055544,0.9437938,0.94195986,0.9509258,0.94178635,0.9384543,0.9467821,0.95011663,0.946526,0.9497241,0.94345325,0.95038,0.95283884,0.945077,0.9526033,0.94405955,0.94581723,0.94396293,0.95646703,0.84276384,0.938934,0.9340878,0.9441838,0.9258269,0.94414055,0.9469898,0.9408306,0.95192444,0.9418793,0.9433055,0.9564915,0.94505274,0.9524123,0.94230384,0.9519364,0.94475037,0.9496151,0.95267856,0.93698424,0.95646703,0.94004744,0.94722605,0.95238274,0.9411059,0.9456604,0.9523535,0.94854647,0.9409748,0.9448339,0.94915915,0.9427042,0.9526948,0.9434307,0.9527654,0.94650906,0.9425169,0.9463705,0.9321604,0.95559597,0.915397,0.9473277,0.9267847,0.94723225,0.9516032,0.9572622,0.95258546,0.95656055,0.9544338,0.9539752,0.94098073,0.9525066,0.9475407,0.9472953,0.9548413,0.93635446,0.9580081,0.94746226,0.9418159,0.95350444,0.9443388,0.94472325,0.93182653,0.9539008,0.93928057,0.9467398,0.9464884,0.95632666,0.9453351,0.97149533,0.95286345,0.9492943,0.9480956,0.9507267,0.95299023,0.95822006,0.9482773,0.95372486,0.95045245,0.9579883,0.9396431,0.9460651,0.9370014,0.9497625,0.95331913,0.9511289,0.9491776,0.9500004,0.94502205,0.97149533,0.9417534,0.9500197,0.9545082,0.9389156
abeautifuldaymovie,0.95855063,0.9450412,1.0000002,0.94154245,0.9506472,0.9342164,0.9616767,0.95074415,0.9754452,0.94331056,0.9565784,0.9548854,0.9561504,0.9581496,0.94735014,0.95562035,0.9559054,0.946021,0.9472194,0.93656576,0.95345205,0.9617812,0.9520006,0.95327044,0.9435086,0.9118619,0.9614439,0.9564635,0.97145575,0.9438134,0.94690543,0.95529306,0.9476706,0.9548167,0.9461234,0.9287001,0.9589094,0.9467045,0.95230806,0.95771796,0.9540858,0.95079154,0.9581107,0.9515962,0.95149875,0.9347111,0.9516348,0.9400681,0.9485598,0.957408,0.9732553,0.9640667,0.9367941,0.9480873,0.9390174,0.95165366,0.94701177,0.95467347,0.9435439,0.96009743,0.95077693,0.9451905,0.9574659,0.9553712,0.95169747,0.95176274,0.949655,0.9558201,0.95215815,0.9558457,0.9570883,0.85722315,0.9393091,0.93978137,0.94425726,0.9435328,0.9410906,0.95374423,0.93679917,0.9501017,0.95207185,0.9578799,0.95167714,0.9490714,0.96479625,0.9463622,0.9540526,0.95607036,0.9604743,0.9641456,0.9445568,0.9570883,0.94897765,0.94916326,0.9630116,0.9351357,0.95021874,0.9582491,0.9563633,0.94797254,0.93947846,0.95044523,0.954448,0.9485164,0.94726115,0.96699184,0.95375705,0.95413595,0.97105074,0.93031853,0.9647393,0.91631365,0.9556469,0.9336328,0.9531233,0.9561665,0.955813,0.9490884,0.9644098,0.9554254,0.95242435,0.95524067,0.9509776,0.938381,0.9612563,0.9598878,0.9352008,0.96063375,0.9505555,0.95193946,0.95087326,0.94995475,0.9496547,0.94872665,0.96092534,0.9389937,0.95388687,0.95220876,0.95962524,0.9411951,0.9754452,0.97214955,0.93611515,0.9563199,0.93922776,0.9569601,0.9493406,0.9504243,0.9576598,0.9390061,0.9528567,0.97127455,0.93898034,0.94488287,0.9439594,0.95721346,0.9487517,0.9511314,0.9620429,0.95334554,0.9754452,0.9356878,0.95794314,0.9456849,0.96298385
abominablemovie,0.94568044,0.93856823,0.94154245,0.99999976,0.9430216,0.9321491,0.94553816,0.9476657,0.971776,0.9412387,0.96340543,0.9451635,0.95694625,0.9512984,0.9429434,0.9541094,0.94924295,0.9405713,0.9401703,0.94120145,0.94132394,0.949004,0.9601213,0.9457232,0.9390798,0.8940606,0.9557316,0.9490085,0.9482141,0.9408267,0.9522569,0.9465084,0.9404306,0.93315333,0.95726794,0.9444665,0.96057236,0.94801414,0.96449375,0.9542259,0.9517787,0.9494262,0.94568163,0.9457547,0.9474207,0.9476302,0.9538784,0.92586225,0.9454007,0.9520915,0.9499816,0.95066893,0.9466362,0.9448747,0.95017743,0.95285016,0.9442925,0.9491972,0.9701168,0.9555617,0.9402334,0.96113396,0.9489721,0.94842345,0.94386345,0.94625545,0.9476121,0.9528125,0.9550216,0.9428172,0.96169263,0.8415277,0.94418937,0.9508103,0.9619651,0.92886853,0.93888664,0.94623417,0.9468131,0.93364346,0.94928145,0.95459384,0.9570988,0.95360374,0.9604127,0.94236976,0.9582279,0.9521076,0.9440032,0.95836836,0.9373762,0.96169263,0.9495978,0.9496063,0.9502848,0.9400608,0.9506553,0.9597342,0.9519027,0.95738477,0.9417526,0.9461611,0.94876295,0.9551659,0.9564892,0.9492919,0.95139354,0.9467924,0.9424055,0.93969345,0.94994044,0.90971196,0.95621675,0.9302405,0.9520592,0.95787853,0.9557681,0.94068944,0.9612028,0.9476934,0.94537234,0.9591682,0.95185333,0.934828,0.9519528,0.9597589,0.9459766,0.95215815,0.9474079,0.9354433,0.94745034,0.9396795,0.9615818,0.94364417,0.94332576,0.93675625,0.9461192,0.9447506,0.96006215,0.95193654,0.971776,0.9523418,0.94152707,0.94927603,0.94237,0.94524634,0.9453601,0.969105,0.9496137,0.9419488,0.9457872,0.9442718,0.9418479,0.93142587,0.95295703,0.95489526,0.9440787,0.9578,0.95117974,0.9494692,0.971776,0.95400006,0.94920224,0.93737733,0.9448278
adastramovie,0.9546492,0.95317024,0.9506472,0.9430216,1.0,0.9417826,0.9630478,0.9560474,0.97756255,0.9554081,0.9556003,0.94978726,0.95670366,0.9535855,0.9577063,0.95742565,0.9491217,0.9728956,0.95262617,0.9545509,0.95675385,0.95457447,0.9550725,0.9494945,0.94877017,0.8979386,0.9655024,0.9534624,0.9484819,0.9506154,0.95522285,0.94149256,0.95312244,0.95038086,0.94667083,0.94011265,0.95695674,0.94566447,0.95618653,0.9510237,0.9550847,0.9563827,0.95047355,0.9571537,0.94702506,0.9495489,0.9532778,0.94738686,0.95174366,0.960393,0.9532107,0.9629813,0.95230824,0.9502751,0.94871914,0.97619456,0.94419765,0.95406234,0.9505896,0.9539976,0.9645259,0.95073676,0.94139117,0.95347905,0.9480263,0.95314354,0.9557703,0.9507958,0.954513,0.9471146,0.9588562,0.8425498,0.9359554,0.9493572,0.9403164,0.93449867,0.93521255,0.954794,0.93766546,0.9511994,0.95186114,0.9594056,0.9603575,0.9374372,0.9550989,0.9565739,0.9552446,0.9572495,0.9497655,0.96598816,0.9545959,0.9588562,0.9451798,0.9585304,0.95288455,0.94576025,0.9599135,0.96350354,0.95831996,0.94463134,0.9452076,0.9464157,0.9347973,0.9525029,0.94535017,0.95709693,0.9607406,0.9517144,0.9420072,0.942663,0.9619481,0.9193889,0.95279145,0.9486687,0.9561622,0.9541715,0.95401675,0.9480969,0.95917034,0.9606805,0.95559263,0.94632703,0.95390683,0.9441492,0.95625687,0.9472064,0.9464576,0.95638907,0.9714718,0.9475108,0.9543021,0.96962255,0.94633204,0.9315045,0.9576713,0.9508872,0.9398007,0.9442158,0.9607082,0.9552988,0.97756255,0.95272315,0.941949,0.9479584,0.95138466,0.96078926,0.9591858,0.95185363,0.95397717,0.9404235,0.9528904,0.9515442,0.9413008,0.93940455,0.9468774,0.9566511,0.9535859,0.9459727,0.9562866,0.94945234,0.97756255,0.95333534,0.964226,0.95442766,0.9514064
adogsjourneymovie,0.9521279,0.9530655,0.9342164,0.9321491,0.9417826,1.0000001,0.94047576,0.9420805,0.96548057,0.9416679,0.9417293,0.93170744,0.94178313,0.94471824,0.9482249,0.94125557,0.9414913,0.93739456,0.9470648,0.95464295,0.9470278,0.9413263,0.9564964,0.9400309,0.9427741,0.8878363,0.9544152,0.9410703,0.94460297,0.9400922,0.94165426,0.9244474,0.94036394,0.94214946,0.939636,0.9285551,0.9507018,0.9425655,0.9530119,0.9408192,0.9320916,0.9449197,0.9505318,0.9437437,0.93288946,0.9477325,0.95100623,0.94615936,0.9303959,0.9459082,0.94261634,0.945601,0.9335128,0.9383058,0.9187093,0.9408216,0.9315189,0.9381646,0.93356633,0.94932455,0.94002557,0.9381236,0.93371004,0.94740736,0.9362734,0.93574935,0.9375713,0.9324961,0.9301941,0.94244933,0.9547908,0.8372939,0.9249768,0.9263321,0.942485,0.93146366,0.92491,0.933388,0.93444365,0.95732504,0.93054724,0.93439996,0.9489658,0.9379986,0.9372912,0.931156,0.9502292,0.94221526,0.9370123,0.9430944,0.939836,0.9547908,0.93395466,0.94024813,0.9461984,0.93266916,0.93606603,0.9520958,0.9388008,0.9367921,0.93240464,0.9505919,0.9412857,0.94727015,0.945469,0.9507382,0.9437343,0.9372794,0.93563545,0.92030215,0.95232147,0.90150064,0.9333229,0.9115525,0.9508337,0.9407998,0.95301425,0.9448191,0.94562,0.9497284,0.936816,0.92592657,0.94086945,0.9719095,0.94067866,0.9367832,0.93150336,0.9524606,0.9436094,0.94070035,0.95820916,0.9432839,0.94842243,0.9299759,0.94446206,0.9430479,0.93905413,0.946028,0.9509047,0.93679154,0.96548057,0.94482446,0.9267108,0.94562477,0.94071126,0.9429225,0.94111055,0.94317657,0.9501424,0.9412121,0.9499383,0.9353617,0.9434427,0.9262996,0.9444449,0.94950247,0.9464356,0.94358885,0.9407306,0.9385446,0.96548057,0.94505435,0.9369489,0.95372677,0.9410995
aftermathmovie,0.9559478,0.949347,0.9616767,0.94553816,0.9630478,0.94047576,1.0000001,0.95082676,0.9789671,0.95327574,0.9604311,0.95127547,0.9524305,0.9576613,0.95212144,0.9501929,0.95257,0.958302,0.9547574,0.9485506,0.9575711,0.9528603,0.957497,0.9610968,0.94911605,0.89798975,0.96025383,0.95433223,0.95267594,0.9465299,0.95412,0.9463061,0.9520819,0.9544862,0.9490687,0.9435482,0.9597063,0.9463287,0.95769227,0.95039487,0.95536834,0.9586108,0.956533,0.9555816,0.9499843,0.95430076,0.9531692,0.9465014,0.9526791,0.95771986,0.9550227,0.96675533,0.95309633,0.9541498,0.9443056,0.9589423,0.93962306,0.9641899,0.9518048,0.96263564,0.95952654,0.94938856,0.9445116,0.952501,0.95727235,0.95911497,0.96271086,0.953843,0.9521335,0.95929724,0.95806164,0.8592608,0.93554616,0.9449062,0.9480343,0.9361557,0.9393631,0.954286,0.94417036,0.9578024,0.9530489,0.97170454,0.96313083,0.94427794,0.95604205,0.9519302,0.95463455,0.9562972,0.9503251,0.96510774,0.94474787,0.95806164,0.9507837,0.9553913,0.9574569,0.94181323,0.95562917,0.96734786,0.9672365,0.94939214,0.9505941,0.94977784,0.9481645,0.95361906,0.9554476,0.95545065,0.9648314,0.95608693,0.95528895,0.9404461,0.96196556,0.92171216,0.9523232,0.94075686,0.95394313,0.9512762,0.9580519,0.948568,0.96712977,0.98734665,0.95868444,0.95046586,0.9591773,0.952807,0.95646214,0.9539733,0.9456779,0.9602231,0.9612941,0.94936794,0.95708174,0.96119195,0.9477516,0.9328156,0.96060044,0.94436145,0.9492791,0.95515347,0.9574219,0.9596477,0.9789671,0.95658654,0.95040846,0.9573584,0.95614725,0.9649736,0.9572451,0.95233023,0.95744324,0.9384736,0.9817233,0.9546047,0.95293057,0.93917406,0.9471598,0.95422274,0.9575774,0.9504717,0.9576095,0.94882476,0.9789671,0.94960856,0.95886755,0.9577717,0.95212954
aftermovie,0.95344335,0.95022225,0.95074415,0.9476657,0.9560474,0.9420805,0.95082676,0.9999997,0.97225237,0.94413555,0.95630425,0.9424668,0.95061594,0.9539302,0.9559611,0.95709866,0.9487342,0.95111513,0.95345306,0.94674754,0.9423752,0.9450956,0.9603585,0.96052426,0.9422919,0.9012694,0.9530149,0.95088327,0.95119,0.9497552,0.9522328,0.93820643,0.94802654,0.93728995,0.9507557,0.9379428,0.95705086,0.9381769,0.950712,0.9499585,0.9513669,0.95487285,0.9465312,0.9476991,0.94625014,0.9351253,0.95345217,0.9424248,0.94261193,0.9555638,0.9534788,0.9525996,0.94743675,0.95429844,0.9503844,0.95769703,0.94126,0.95011127,0.9539053,0.9532974,0.9463358,0.94879985,0.9404988,0.94465846,0.94422406,0.94942623,0.9460544,0.95196736,0.9413009,0.95150304,0.95763457,0.83419585,0.943353,0.94566274,0.94737005,0.9314002,0.936126,0.94899833,0.94704014,0.9502407,0.9444858,0.9506763,0.95819,0.95014226,0.9499713,0.9513141,0.9582318,0.951524,0.94575924,0.95893973,0.9448392,0.95763457,0.9391777,0.94629794,0.95054036,0.947136,0.954828,0.95088077,0.95552546,0.94652736,0.9370194,0.95380414,0.94911313,0.9498852,0.9549076,0.95523006,0.94716185,0.93900585,0.94661427,0.93708444,0.9523597,0.9160912,0.95270324,0.92821485,0.95302606,0.95669496,0.9582104,0.94248796,0.9543393,0.9517707,0.9481524,0.9440309,0.9495126,0.938307,0.9459566,0.95459193,0.9512362,0.9510746,0.9539555,0.93979424,0.9499136,0.94909394,0.9527056,0.93418294,0.9519108,0.94816375,0.95184577,0.9455974,0.9565245,0.9487304,0.97225237,0.95367813,0.9322433,0.9478163,0.9390821,0.95316535,0.9529439,0.9535609,0.9573887,0.9371756,0.95114756,0.9494446,0.9464378,0.9408159,0.9482903,0.95681643,0.95370275,0.9535891,0.966194,0.9520575,0.97225237,0.9432447,0.95384735,0.95003635,0.9469543
ahiddenlifefilm,0.97683233,0.97149533,0.9754452,0.971776,0.97756255,0.96548057,0.9789671,0.97225237,0.9999998,0.96814084,0.9798148,0.96935415,0.97564334,0.9775254,0.9748508,0.9732501,0.97257644,0.9735642,0.9735903,0.96970975,0.9726269,0.976023,0.9787582,0.97342426,0.96525735,0.9184646,0.9800163,0.9741318,0.97527784,0.9688945,0.9743817,0.96972656,0.9710865,0.9707374,0.970481,0.9628288,0.9806712,0.96858895,0.9825005,0.9761814,0.97476953,0.9772321,0.9763636,0.97391146,0.97023207,0.97011,0.9745128,0.9643878,0.9719196,0.9790848,0.9769543,0.9848922,0.9699891,0.97052264,0.96806234,0.9790351,0.9678411,0.97690445,0.9746547,0.98158526,0.97442174,0.97272044,0.97063524,0.9757582,0.9754623,0.9716004,0.97483987,0.9764964,0.9723618,0.9716935,0.98382974,0.8647045,0.9628806,0.9696877,0.9698892,0.9564645,0.9583417,0.9716888,0.96417916,0.97454524,0.97096705,0.9755411,0.9815042,0.9685998,0.9769769,0.9692699,0.97579646,0.9765795,0.9740805,0.9843483,0.9690827,0.98382974,0.9736766,0.9732488,0.97809124,0.96588963,0.9754528,0.9823211,0.9757402,0.97038233,0.9677042,0.9728177,0.96632224,0.9773029,0.97289187,0.97798085,0.97967064,0.972169,0.9723848,0.96130705,0.9825103,0.9290346,0.97481614,0.95527893,0.97762394,0.9768186,0.97908795,0.9681254,0.9826201,0.97887737,0.9776631,0.97551197,0.9773352,0.97059244,0.9785073,0.9774249,0.96443963,0.9805917,0.9751192,0.9677289,0.9779064,0.97293675,0.9745494,0.9582607,0.9758,0.9677872,0.9698087,0.9744792,0.9821736,0.97389156,0.9999998,0.97844905,0.9652843,0.9759707,0.96769536,0.97915244,0.97574866,0.976321,0.98015064,0.96386534,0.9785058,0.97380906,0.9694891,0.96082646,0.9750477,0.9780938,0.97345877,0.9753809,0.97507536,0.9749342,0.9999998,0.97153944,0.9787764,0.9723608,0.97471863
alitamovie,0.9410448,0.943097,0.94331056,0.9412387,0.9554081,0.9416679,0.95327574,0.94413555,0.96814084,0.9999999,0.95082533,0.95181125,0.94828403,0.9492733,0.95148677,0.9392128,0.93941593,0.96059406,0.94372416,0.9453843,0.942876,0.9456383,0.950625,0.9412295,0.94653946,0.89059716,0.952604,0.9528674,0.9468272,0.943618,0.95102376,0.9376611,0.94158375,0.9455719,0.9315274,0.93216884,0.9549564,0.9394433,0.9560657,0.9449926,0.94249225,0.9538886,0.95058846,0.958227,0.94125754,0.95197016,0.946597,0.946308,0.9487252,0.95429593,0.9476431,0.9541179,0.94559234,0.94915783,0.9497745,0.9601789,0.94139814,0.9457139,0.94889474,0.94926745,0.94768286,0.93341994,0.93455976,0.95248026,0.94363075,0.940355,0.9422947,0.9459527,0.94722104,0.93641204,0.95649236,0.86119103,0.93657917,0.94117475,0.93567395,0.92952114,0.9266939,0.9553792,0.9322655,0.9417012,0.9463149,0.9535575,0.95908594,0.93377405,0.9539732,0.952458,0.9519803,0.94600695,0.948009,0.9513509,0.93808556,0.95649236,0.94344044,0.9453584,0.94904697,0.94282997,0.9491712,0.95748854,0.950616,0.9376919,0.9378277,0.94303185,0.93424875,0.9509852,0.95603067,0.94931304,0.949171,0.94364345,0.94363254,0.93726254,0.9518104,0.9060073,0.94523466,0.92071664,0.9454421,0.95502657,0.95009255,0.94135296,0.9536071,0.9522786,0.9527593,0.9466734,0.957902,0.94145286,0.9457598,0.9429257,0.9306809,0.95907795,0.9570436,0.9447499,0.9455782,0.9556076,0.9488029,0.93210834,0.947504,0.9374494,0.93551844,0.940932,0.9570922,0.9560032,0.96814084,0.94477946,0.94086605,0.9492715,0.9535549,0.9534971,0.9417002,0.94260967,0.9540263,0.9296225,0.94540393,0.9396168,0.9522457,0.9286219,0.9401118,0.94923747,0.9379727,0.9513021,0.95121324,0.93783414,0.96814084,0.95092696,0.9448589,0.9438418,0.9474756
angelhasfallen,0.9556095,0.9498652,0.9565784,0.96340543,0.9556003,0.9417293,0.9604311,0.95630425,0.9798148,0.95082533,1.0000002,0.9524261,0.95281446,0.9569274,0.9660176,0.95759565,0.95511925,0.956317,0.9487377,0.9503285,0.9519913,0.956241,0.9623872,0.9551312,0.9487313,0.8885232,0.96195775,0.95711,0.95677197,0.9525737,0.95646864,0.9561697,0.9585401,0.94623065,0.9518985,0.9450941,0.9665879,0.9553561,0.9654792,0.9622682,0.956847,0.9587066,0.96158075,0.95277894,0.9514656,0.9481222,0.9562704,0.9416782,0.95616645,0.96126187,0.96144664,0.9643738,0.94966733,0.9582106,0.95013005,0.96158624,0.9530433,0.95921254,0.96316755,0.9681133,0.95842737,0.95121956,0.9609657,0.9599781,0.95549744,0.960566,0.95188683,0.9588432,0.96418136,0.94862187,0.9694196,0.8322906,0.9546912,0.9508156,0.95886654,0.9453885,0.93508774,0.95779246,0.9398971,0.9547841,0.9739816,0.96185523,0.95998806,0.95149326,0.96351296,0.9520857,0.9672648,0.95810556,0.95566535,0.971931,0.950227,0.9694196,0.96325755,0.9534742,0.9634109,0.96449506,0.9691379,0.96415603,0.9534511,0.9527836,0.94675666,0.95413643,0.95659924,0.965872,0.9592235,0.9599259,0.9601909,0.95359176,0.9549651,0.94899005,0.9644603,0.9160616,0.95603055,0.93809915,0.95899403,0.9655322,0.96554166,0.94623506,0.9702738,0.9580224,0.96297276,0.9642167,0.95889664,0.94858676,0.96584475,0.96612245,0.9471746,0.9670356,0.9579869,0.9481693,0.9621123,0.952554,0.9633692,0.94147766,0.95845145,0.95130754,0.955491,0.9548391,0.9642495,0.9565152,0.9798148,0.96599936,0.94221216,0.9574448,0.9467733,0.961223,0.96325237,0.9601499,0.9642011,0.94496393,0.9586137,0.9585657,0.94884247,0.93964905,0.954737,0.9635166,0.9518028,0.96302134,0.9537524,0.95808905,0.9798148,0.95103145,0.9604011,0.95168567,0.9546526
angrybirdsmovie,0.94637203,0.939301,0.9548854,0.9451635,0.94978726,0.93170744,0.95127547,0.9424668,0.96935415,0.95181125,0.9524261,1.0000002,0.9583409,0.95591193,0.9558025,0.9503906,0.9497399,0.95760995,0.9396989,0.9477097,0.9482412,0.9477932,0.9426621,0.9454932,0.9339146,0.9075698,0.9551615,0.94695485,0.95378536,0.94371635,0.94660544,0.9589613,0.9335322,0.954254,0.93371767,0.9168407,0.9571002,0.93524176,0.95653296,0.95296955,0.9449333,0.95892346,0.9606109,0.9587098,0.93861526,0.93496376,0.93883586,0.9434355,0.94110507,0.9646307,0.965872,0.9603305,0.93885314,0.9437502,0.9460128,0.95571685,0.9342255,0.94914955,0.9504484,0.9563996,0.94522876,0.93741435,0.9341762,0.95413864,0.93996716,0.9452128,0.9434803,0.95439726,0.9471269,0.94055176,0.95959795,0.8332688,0.93322986,0.94634455,0.9228439,0.934995,0.9253311,0.9436336,0.93529296,0.9465284,0.9418148,0.94917566,0.9545996,0.9271348,0.9635529,0.95075655,0.9539224,0.9567817,0.94637734,0.95592934,0.94014096,0.95959795,0.94536227,0.9443116,0.9641538,0.93867594,0.9501209,0.9596018,0.9526725,0.9347958,0.9291866,0.93545884,0.9420756,0.95223475,0.9502774,0.96409225,0.95498216,0.9496723,0.94922024,0.95257604,0.9541616,0.89140505,0.9470063,0.9125016,0.94877636,0.95441043,0.944552,0.9283905,0.9509928,0.94982123,0.9509464,0.946491,0.95086926,0.94177645,0.9547626,0.9431662,0.93576264,0.9676786,0.9565259,0.9422921,0.9410853,0.9522824,0.9499241,0.93208575,0.9410095,0.93256277,0.9338854,0.94976914,0.96192974,0.9458382,0.96935415,0.9559563,0.929421,0.9563171,0.9437239,0.95134515,0.93711674,0.9407341,0.95720035,0.92070657,0.9483258,0.944197,0.939821,0.9361648,0.94600224,0.95651174,0.93412304,0.9514044,0.9499305,0.94497126,0.96935415,0.94071853,0.9578287,0.934689,0.9560988
annabellemovie,0.950756,0.94887775,0.9561504,0.95694625,0.95670366,0.94178313,0.9524305,0.95061594,0.97564334,0.94828403,0.95281446,0.9583409,0.99999994,0.9528916,0.94960594,0.9576668,0.9597157,0.9532855,0.94167966,0.95205045,0.9447468,0.9567657,0.9575763,0.9528083,0.9438043,0.89967924,0.9601671,0.9509118,0.95160687,0.9444381,0.9463749,0.9621732,0.9453204,0.9474965,0.95605814,0.9433354,0.95266247,0.9511453,0.9609244,0.95796645,0.9541722,0.9609163,0.95647115,0.9573566,0.95418066,0.9478009,0.95197153,0.9506689,0.9475498,0.9635703,0.9598027,0.96027374,0.95432585,0.94511646,0.94706535,0.9621109,0.94661754,0.9562067,0.9506002,0.95828694,0.9632543,0.948542,0.95606005,0.96246433,0.94857377,0.9564365,0.9558701,0.9504571,0.95061064,0.9506886,0.9628441,0.8767287,0.9468862,0.949857,0.9500517,0.94310576,0.9391251,0.95668936,0.94225633,0.95389473,0.9420766,0.95466655,0.9680342,0.9490007,0.9694758,0.95038575,0.9555339,0.97933394,0.95826507,0.9618052,0.95275795,0.9628441,0.94822055,0.9501538,0.95609736,0.9420123,0.95685405,0.9665496,0.9527135,0.9447234,0.94096357,0.9584659,0.94459146,0.95761836,0.9479146,0.9592032,0.95758957,0.9630185,0.9519946,0.9416276,0.9603673,0.9191792,0.95488346,0.9364291,0.95147824,0.95958096,0.95834124,0.95339894,0.958861,0.9537882,0.9642425,0.95393467,0.95690954,0.94737434,0.95874256,0.95390373,0.96029085,0.95922595,0.9530398,0.9442338,0.95221204,0.9532929,0.9581094,0.9395406,0.9509113,0.9417671,0.9519676,0.95226145,0.96378905,0.94671184,0.97564334,0.9587441,0.93860114,0.9581875,0.9448236,0.96355534,0.95306754,0.9625783,0.9670864,0.94576675,0.95124185,0.95431787,0.95266706,0.94097435,0.96080315,0.95527923,0.945229,0.9554238,0.9537405,0.9527594,0.97564334,0.94732577,0.96141493,0.9471205,0.95205456
annamovie,0.9521898,0.9491398,0.9581496,0.9512984,0.9535855,0.94471824,0.9576613,0.9539302,0.9775254,0.9492733,0.9569274,0.95591193,0.9528916,1.0000004,0.95375305,0.9540909,0.9495878,0.95176715,0.94692373,0.9494979,0.9519615,0.95261216,0.9547821,0.95286775,0.94816417,0.8927377,0.96088636,0.94926685,0.9536533,0.95397556,0.95060873,0.95314264,0.9452387,0.94752204,0.94848734,0.9421424,0.9665915,0.9470537,0.9623849,0.9556756,0.9558832,0.9539612,0.9597759,0.9506274,0.95504045,0.94316256,0.9499311,0.94175905,0.94894624,0.95774156,0.9613889,0.96707135,0.9409082,0.9560492,0.9554757,0.95520955,0.9440163,0.9581872,0.9486251,0.96422327,0.953773,0.9476897,0.95200515,0.96967655,0.95124346,0.9500703,0.95535254,0.9609933,0.9527815,0.9501173,0.96428657,0.84243244,0.94431084,0.9492788,0.953644,0.9336228,0.938899,0.95506597,0.94042856,0.95511186,0.9494993,0.956925,0.95881766,0.9479546,0.9557541,0.94699126,0.95853084,0.9522726,0.9546794,0.97079384,0.9462524,0.96428657,0.9514842,0.94652647,0.9605104,0.9409712,0.954136,0.96301967,0.9531943,0.96159464,0.9400404,0.94975495,0.9482448,0.959237,0.9623153,0.9653267,0.9625253,0.94596076,0.9488409,0.94180596,0.9619233,0.9037062,0.9511317,0.92855644,0.95418733,0.95776117,0.95588166,0.9496803,0.95684385,0.95792794,0.9499272,0.95333093,0.9642937,0.94577456,0.95337826,0.95302624,0.94167894,0.96371627,0.95289576,0.9499515,0.9555728,0.95546114,0.95310515,0.9339872,0.9594718,0.9516472,0.95461833,0.95549655,0.9652297,0.9557983,0.9775254,0.95651317,0.9381256,0.9597198,0.94355243,0.9553453,0.9555219,0.9596011,0.9552194,0.93700695,0.9604153,0.9595967,0.9537247,0.93520576,0.9513416,0.96168387,0.95025194,0.95515907,0.9511799,0.9516275,0.9775254,0.9443049,0.95699567,0.9443447,0.9528483
apollo11movie,0.9573304,0.94945365,0.94735014,0.9429434,0.9577063,0.9482249,0.95212144,0.9559611,0.9748508,0.95148677,0.9660176,0.9558025,0.94960594,0.95375305,1.0000004,0.9482085,0.95010996,0.955431,0.9603404,0.96780187,0.9513442,0.9489068,0.96135235,0.94839364,0.9407959,0.8952973,0.9584427,0.9473758,0.95623994,0.9425737,0.9654109,0.9416525,0.95172125,0.94913054,0.947442,0.9297695,0.9584736,0.9487504,0.957456,0.95111513,0.950644,0.9611512,0.95524853,0.9611502,0.95429146,0.94758636,0.957384,0.9423704,0.9527801,0.96662873,0.9555171,0.95764756,0.94911575,0.9483677,0.94710505,0.9548133,0.94286454,0.95443124,0.95319116,0.95909816,0.95872134,0.9356141,0.9504154,0.9508667,0.9509071,0.95316285,0.9515922,0.9555689,0.94489205,0.9528477,0.96251225,0.82633847,0.93549573,0.9441876,0.9448471,0.9455151,0.9325549,0.9559229,0.9342814,0.95069987,0.9586943,0.95461726,0.95729023,0.9389974,0.95308375,0.95251286,0.957395,0.9538571,0.94924116,0.9579305,0.9459127,0.96251225,0.94496065,0.9533566,0.9573983,0.9731679,0.9561345,0.9527758,0.9542029,0.95164585,0.9443473,0.94828427,0.9439967,0.95584196,0.9544868,0.95719993,0.95603204,0.9469191,0.95159334,0.9390377,0.9572604,0.9114689,0.9514244,0.9170904,0.9547157,0.9631941,0.96164125,0.94355136,0.9570796,0.95267206,0.9567758,0.9468272,0.95180315,0.95010626,0.96158,0.95123553,0.9391166,0.9609009,0.9591363,0.95061296,0.9561602,0.9534354,0.9510258,0.9343434,0.9531894,0.9397595,0.9530964,0.9512984,0.9577704,0.9606579,0.9748508,0.95932144,0.9356126,0.9549208,0.9448087,0.9532928,0.95698667,0.95058304,0.95893425,0.9378529,0.94566196,0.9498457,0.9413214,0.9453764,0.95269567,0.9556087,0.9534523,0.9550567,0.9584194,0.9543456,0.9748508,0.94593245,0.95196176,0.9602805,0.9559926
arcticdogsmovie,0.95340085,0.9507504,0.95562035,0.9541094,0.95742565,0.94125557,0.9501929,0.95709866,0.9732501,0.9392128,0.95759565,0.9503906,0.9576668,0.9540909,0.9482085,1.000001,0.9538333,0.9424614,0.94904,0.9472893,0.94458383,0.9545154,0.9579835,0.9472786,0.94615597,0.88552403,0.959774,0.94969803,0.95550597,0.94809467,0.9479257,0.93617976,0.9430789,0.9444726,0.94712186,0.93865347,0.96178275,0.94645345,0.9572841,0.95766675,0.94875836,0.9544914,0.9587331,0.94982797,0.94573444,0.9369287,0.9539379,0.9384833,0.9420984,0.9591685,0.9601801,0.96019787,0.9376235,0.94869983,0.9431639,0.9535887,0.94595873,0.95228803,0.95238537,0.95933276,0.94594383,0.9563844,0.9422382,0.9526598,0.9492238,0.9422637,0.9548598,0.95495325,0.95717853,0.9424092,0.9605494,0.8439105,0.94560134,0.95335674,0.9518702,0.9373349,0.9416085,0.95273286,0.94004583,0.94958377,0.9448645,0.94951946,0.9586696,0.9554557,0.9535978,0.94180244,0.958401,0.96014833,0.9445046,0.961625,0.9480452,0.9605494,0.9508661,0.9551996,0.9578292,0.9333786,0.95108473,0.9582912,0.95397854,0.9475911,0.9415343,0.9510374,0.93974435,0.95931643,0.95187306,0.95983946,0.96055436,0.9635117,0.95792234,0.94124943,0.9646152,0.9126343,0.9521722,0.93325084,0.95605844,0.9616261,0.9554095,0.9415153,0.9536965,0.9520775,0.9515129,0.9486218,0.9503921,0.9450799,0.95553386,0.9538309,0.93870646,0.9539221,0.95328355,0.94504356,0.9490757,0.9462359,0.9589416,0.9428256,0.9481838,0.94737834,0.9430921,0.9429222,0.96096385,0.9472971,0.9732501,0.9559141,0.9302663,0.9512307,0.94102204,0.9554839,0.95249903,0.9473795,0.9563004,0.93859327,0.9523279,0.9526439,0.9392113,0.9489005,0.9411071,0.9482826,0.949134,0.9499537,0.9537017,0.95158935,0.9732501,0.9416594,0.9607864,0.9431191,0.9513092
arcticmovie,0.9554994,0.94656,0.9559054,0.94924295,0.9491217,0.9414913,0.95257,0.9487342,0.97257644,0.93941593,0.95511925,0.9497399,0.9597157,0.9495878,0.95010996,0.9538333,1.0000002,0.9517973,0.9470762,0.9449034,0.9512224,0.94827014,0.9589239,0.9514875,0.9461464,0.8865892,0.954895,0.96844625,0.9513137,0.9457086,0.9480534,0.94278747,0.9468495,0.94850934,0.94457984,0.9313846,0.9526671,0.9466555,0.96172416,0.95725,0.9492739,0.95072913,0.95725554,0.95582104,0.9466135,0.94348395,0.95423234,0.95599484,0.9450106,0.9607922,0.95634454,0.9582909,0.9420019,0.9526389,0.93884265,0.9552346,0.9508436,0.94365245,0.95038325,0.9531907,0.95364434,0.9464159,0.9486624,0.951618,0.94932836,0.94368255,0.9399379,0.95448947,0.945988,0.946607,0.9562908,0.8517829,0.94948536,0.9474359,0.94475996,0.9452928,0.9293831,0.9518166,0.9448098,0.9522809,0.9469552,0.94291556,0.9559816,0.94770247,0.9527975,0.94360125,0.95013535,0.96359575,0.94284564,0.95550615,0.9412137,0.9562908,0.95009315,0.9513019,0.9555624,0.9400493,0.94563085,0.9545136,0.95583344,0.93892664,0.9453554,0.9458735,0.9431307,0.95142263,0.9533526,0.9563402,0.9490665,0.949229,0.9501983,0.9302739,0.95699096,0.8999902,0.94758755,0.91882086,0.95167774,0.9552604,0.96235794,0.9402175,0.9677828,0.9497402,0.9499259,0.94615185,0.94846445,0.9502354,0.95658284,0.9536669,0.9481645,0.9554099,0.9492523,0.9475518,0.96009934,0.94884527,0.97611004,0.95218575,0.9425915,0.942231,0.94906765,0.95880973,0.9546017,0.9446565,0.97257644,0.9580689,0.9382584,0.9566173,0.9446782,0.9559544,0.9497769,0.95352036,0.9539913,0.94078934,0.95325077,0.9504889,0.94524693,0.9434999,0.95351493,0.9493027,0.9484156,0.95390296,0.9572311,0.9494515,0.97257644,0.9427488,0.95337886,0.9455756,0.9505465
artofracingmovie,0.9460969,0.944062,0.946021,0.9405713,0.9728956,0.93739456,0.958302,0.95111513,0.9735642,0.96059406,0.956317,0.95760995,0.9532855,0.95176715,0.955431,0.9424614,0.9517973,0.9999999,0.942461,0.9513919,0.95860887,0.94741064,0.9552858,0.94715166,0.9432538,0.89885426,0.96118784,0.9507123,0.9446148,0.9418408,0.9540404,0.9486476,0.95303214,0.94435847,0.9438544,0.9421774,0.9488579,0.9437742,0.9551888,0.9519713,0.94767195,0.9557286,0.952359,0.95609707,0.9421701,0.9504336,0.9541151,0.9478589,0.9503251,0.9582492,0.9492689,0.9642694,0.948998,0.9503564,0.9493302,0.97358185,0.9436498,0.9534676,0.95726275,0.9545376,0.95564,0.9500269,0.934191,0.95466167,0.9498978,0.9542523,0.9425395,0.9521841,0.94906914,0.9504622,0.9611334,0.8448486,0.9389607,0.94445145,0.9334468,0.9332404,0.9341317,0.9562522,0.94433326,0.9490915,0.9536463,0.95767254,0.95693195,0.9333104,0.9540615,0.9540742,0.95756036,0.9522532,0.95311,0.95566005,0.94967365,0.9611334,0.9421561,0.9521371,0.949682,0.9440593,0.95675784,0.961558,0.9538522,0.93982375,0.94050443,0.9468825,0.93259686,0.9556427,0.9516567,0.94935787,0.94947016,0.9432761,0.94310945,0.9348158,0.95540273,0.9094276,0.95058376,0.93588537,0.9517246,0.9540091,0.94835013,0.93846124,0.96035314,0.95808154,0.9534459,0.94678205,0.9546472,0.9473632,0.9547536,0.9507803,0.9442365,0.957526,0.9659385,0.9431924,0.95379645,0.9632318,0.9491278,0.93195647,0.95141244,0.93696487,0.9314215,0.94501203,0.95804733,0.9676748,0.9735642,0.9488017,0.94262224,0.9579946,0.9484458,0.95635206,0.9505342,0.94974244,0.9527997,0.9286184,0.95031947,0.947475,0.9491245,0.92764443,0.9435546,0.9566441,0.9487094,0.9542944,0.9544808,0.9501432,0.9735642,0.9563799,0.9593363,0.9485276,0.9496137
avengers,0.96741414,0.9539081,0.9472194,0.9401703,0.95262617,0.9470648,0.9547574,0.95345306,0.9735903,0.94372416,0.9487377,0.9396989,0.94167966,0.94692373,0.9603404,0.94904,0.9470762,0.942461,0.9999999,0.9482749,0.9491008,0.9561664,0.95438343,0.954617,0.9418974,0.8907909,0.9592708,0.9519404,0.9535154,0.93487513,0.9709106,0.93005824,0.9499165,0.9493153,0.94991255,0.94076455,0.9471658,0.94024676,0.96222335,0.94806755,0.94244635,0.958017,0.9515855,0.9498153,0.94396114,0.9440209,0.9464098,0.9393737,0.9517629,0.95653,0.95067674,0.9631632,0.9498277,0.9441547,0.93619704,0.9525538,0.94809765,0.9530131,0.94768643,0.9527678,0.9461687,0.9485907,0.9461453,0.9370471,0.9535599,0.9454268,0.9470091,0.955778,0.9446368,0.949366,0.9526962,0.82618,0.9334413,0.9412656,0.9448379,0.9483832,0.9374661,0.9567524,0.9443485,0.9471337,0.9388235,0.95139307,0.9554757,0.94445676,0.9506075,0.9465761,0.9534314,0.95179236,0.94493055,0.95361954,0.9509589,0.9526962,0.94146407,0.9512372,0.94749385,0.9436542,0.94746757,0.9507917,0.9517234,0.9564082,0.9461769,0.9466032,0.9400029,0.9429494,0.9506298,0.95231473,0.95683706,0.9482701,0.9536397,0.92761844,0.95912296,0.9001,0.9552221,0.92874783,0.9489803,0.9539567,0.95295316,0.94901586,0.9522355,0.9612092,0.9534979,0.95073915,0.95117915,0.9448243,0.9581544,0.9556259,0.9411979,0.9585116,0.951681,0.9522153,0.9544174,0.95286655,0.9484424,0.9301565,0.9532418,0.93744195,0.9440575,0.95666325,0.9533592,0.9470412,0.9735903,0.95490056,0.9458271,0.94466835,0.9427929,0.9536171,0.9478703,0.9522004,0.95453274,0.9331739,0.9579934,0.9517305,0.9373453,0.9502255,0.94689244,0.9497447,0.9568252,0.9513617,0.95270735,0.9566548,0.9735903,0.9460095,0.9511173,0.9570357,0.94980216
beachbummovie,0.9501311,0.9513818,0.93656576,0.94120145,0.9545509,0.95464295,0.9485506,0.94674754,0.96970975,0.9453843,0.9503285,0.9477097,0.95205045,0.9494979,0.96780187,0.9472893,0.9449034,0.9513919,0.9482749,0.9999998,0.94643575,0.9482867,0.95488334,0.93361884,0.94411355,0.8928657,0.9644475,0.94039464,0.9491104,0.9383767,0.9563779,0.93584526,0.94349843,0.93751675,0.93954307,0.92804134,0.95751685,0.9468433,0.9531425,0.9398687,0.94378126,0.9550588,0.95445925,0.9560914,0.950853,0.9588038,0.95020664,0.9413156,0.9396192,0.9604956,0.94730604,0.9517138,0.93806845,0.9436457,0.9390926,0.9515152,0.93257767,0.95392895,0.9523474,0.95720494,0.95326287,0.9449237,0.9427039,0.94974023,0.94473207,0.94618446,0.9486601,0.94613165,0.94042283,0.9513986,0.9589456,0.82763785,0.9278605,0.93663657,0.93518156,0.9238014,0.9275494,0.944462,0.94338816,0.9437013,0.94751877,0.9514876,0.95527285,0.9295188,0.9509233,0.948425,0.946742,0.9533146,0.9453599,0.9587025,0.93704486,0.9589456,0.9450679,0.9547125,0.94888276,0.9537441,0.9488141,0.96628106,0.94409907,0.9399744,0.9419361,0.96044546,0.94055927,0.9520843,0.9487665,0.9525139,0.9597339,0.9427861,0.9436352,0.93095446,0.95374477,0.9033531,0.95056957,0.9176344,0.95517117,0.9584616,0.9601809,0.93373597,0.9522775,0.95704997,0.9488297,0.9438968,0.95488256,0.95243746,0.9509159,0.94506866,0.94053465,0.954667,0.9505318,0.9404357,0.9551016,0.9497393,0.9447042,0.92322236,0.94871914,0.9331828,0.9439458,0.9458337,0.95378065,0.9590251,0.96970975,0.94704646,0.93344724,0.95159966,0.94090134,0.9484233,0.94775397,0.9433127,0.95286775,0.9387725,0.94731426,0.94558483,0.94288653,0.9326556,0.9460716,0.95019543,0.944247,0.9448494,0.95534456,0.951611,0.96970975,0.9506411,0.9498611,0.94703174,0.9453092
bernadettefilm,0.9522245,0.93999183,0.95345205,0.94132394,0.95675385,0.9470278,0.9575711,0.9423752,0.9726269,0.942876,0.9519913,0.9482412,0.9447468,0.9519615,0.9513442,0.94458383,0.9512224,0.95860887,0.9491008,0.94643575,1.0000007,0.9558445,0.95412517,0.94724756,0.9337057,0.8981873,0.96288127,0.9505635,0.95187116,0.9356928,0.9559952,0.94561315,0.9487421,0.94377387,0.9446132,0.9288875,0.9545152,0.9475412,0.95683956,0.9443194,0.93833774,0.9463588,0.95249367,0.94630814,0.94073623,0.9385123,0.95437455,0.94513416,0.9448052,0.9505585,0.95591253,0.96404195,0.94349515,0.9481796,0.94205207,0.94620013,0.9494555,0.95025474,0.94910145,0.95307195,0.9539714,0.94842803,0.9420573,0.9475731,0.95757985,0.95580816,0.9482899,0.9482047,0.94090456,0.94233584,0.95688826,0.8466805,0.9277052,0.9360804,0.93053055,0.94020975,0.92620504,0.95140535,0.94727975,0.9491888,0.941955,0.94990265,0.9520989,0.93619937,0.95409197,0.9537218,0.9548858,0.9463845,0.9552481,0.95718944,0.94763935,0.95688826,0.94169956,0.95374185,0.9537927,0.94185936,0.95293415,0.9537122,0.95023245,0.94243324,0.9312353,0.95208323,0.9439349,0.9468234,0.95417017,0.9551327,0.95923334,0.9445921,0.94815034,0.92827964,0.9599996,0.8978185,0.9431641,0.9301918,0.96013814,0.9569054,0.9563032,0.9385492,0.9586001,0.9574364,0.95333415,0.9423551,0.9510687,0.9468848,0.95230895,0.9537944,0.9376601,0.9575481,0.9565039,0.9401634,0.964771,0.95452034,0.9466516,0.92914754,0.9482639,0.9374228,0.9406629,0.94685566,0.9537752,0.94893134,0.9726269,0.95459837,0.93488127,0.9511808,0.94310445,0.9579973,0.94946283,0.9479372,0.9501624,0.9368654,0.9521358,0.9490502,0.94404453,0.93590355,0.94286156,0.9584075,0.94591445,0.9529542,0.9512621,0.9440841,0.9726269,0.9506802,0.951557,0.95624626,0.95741975
