movie,21bridgesmovie,47metersdown,abeautifuldaymovie,abominablemovie,adastramovie,adogsjourneymovie,aftermathmovie,aftermovie,ahiddenlifefilm,alitamovie,angelhasfallen,angrybirdsmovie,annabellemovie,annamovie,apollo11movie,arcticdogsmovie,arcticmovie,artofracingmovie,avengers,beachbummovie,bernadettefilm,blackandbluemovie,blackchristmas,blindedbythelightmovie,bombshellmovie,booksmart,breakthroughmovie,brianbanksmovie,brightburnmovie,brittanyrunsmov,captainmarvelofficial,captivestatemovie,catsmovie,charliesangels,childsplaymovie,clarathefilm,coldpursuitmovie,countdown,currentwarmovie,darkwatersmovie,detectivepikachumovie,disneyaladdin,disneyfrozen,disneymaleficent,doctorsleepmovie,dolemiteismyname,dontletgomovie,doramovie,downtonabbey_official,dumbo,escaperoom,everybodyknowsmovie,fastandfuriousmovie,fightingwmyfam,fivefeetapartfilm,fordvferrari,freaksthefilm,geminimanmovie,glassmovie,gloriabellmovie,godzillamovie,goldfinchmovie,goodboysmovie,goodliarmovie,gretafilm,halathemovie,happydeathdaymovie,harrietfilm,hellboymovie,hersmellmovie,highlifemovie,highstrungmovie,honeyboymovie,hotelmumbaifilm,httydragon,hustlemovie,hustlersmovie,isntitromantic,itmovieofficial,jayandsilentbob,johnwickmovie,jojorabbitmovie,jokermovie,judythefilm,jumanjimovie,justmercyfilm,knivesout,lalloronamovie,lastblackmansf,lastchristmasthemovie,latenightmovie,lighthousemovie,lionking,littlethemovie,littlewomenmovie,littlewoodsfilm,longshotmovie,lordsofchaosmovie,lucyintheskyfilm,mamovie2019,marriagestory,meettheaddams,meninblack,midsommarmovie,midwaymovie,missbalamovie,missinglinkfilm,motherlessbklyn,onceinhollywood,onthebasisofsex,overcomermovie,peanutbutterfalcon,petsematarymovie,piercingmovie,playingwithfire,playmobilthemovie,pomsmovie,queenandslim,rambomovie,readyornotfilm,richardjewellfilm,rocketmanmovie,scarystoriesmovie,secretlifeofpets,serenityfilm,shaftmovie,shazammovie,spidermanmovie,spiesindisguise,starwars,stormboymovie,stubermovie,taosdfilm,teenspiritmov,terminator,theaeronautsmov,thebestofenemies,thedeaddontdie,thefarewell,thehighwaymen,thehummingbirdprojectfilm,theintrudermovie,theirishmanfilm,thekitchenmovie,thelegomovie,themustangfilm,thenightingalefilm,theprodigymovie,thesunisalsoastar,theupsidefilm,tolkienmovie,toystory,triplefrontier,uglydolls,uncutgems,underthesilverlake,usmovie,wavesmovie,whatmenwant,wonderparkmovie,wrinklestheclown,xmenmovies,yardiefilm,yesterdaymovie,zombieland
21bridgesmovie,1.0,0.9537584,0.95905375,0.9597987,0.9557762,0.9402671,0.9610713,0.9577963,0.9802135,0.9623909,0.95038205,0.9450227,0.9594325,0.96074706,0.9551487,0.9527359,0.94985414,0.95841753,0.9700454,0.94755614,0.9532141,0.94713134,0.95119196,0.95955074,0.94817096,0.91758555,0.9470801,0.9514321,0.9577028,0.95319396,0.9499866,0.95634127,0.9484158,0.9541371,0.94011796,0.9250845,0.96476394,0.966037,0.9506009,0.9583998,0.94971806,0.957292,0.95086676,0.95247,0.9631844,0.9533995,0.9533505,0.9547057,0.95646197,0.95145124,0.95488757,0.96168756,0.94641703,0.9526732,0.95564777,0.9560579,0.9549489,0.96150583,0.95603466,0.9587399,0.95003235,0.956318,0.9567075,0.9540602,0.9520248,0.9564509,0.9518847,0.9604435,0.9535726,0.9462133,0.95860416,0.7497403,0.94344175,0.95557725,0.9458543,0.9408727,0.9285031,0.9544059,0.9499843,0.94467527,0.9494083,0.9532032,0.96378064,0.9503495,0.9574144,0.95500356,0.93691987,0.9579111,0.9538853,0.97040707,0.95593923,0.95860416,0.9569606,0.94806117,0.95708776,0.9509652,0.9505428,0.95212567,0.9617663,0.94527745,0.95799714,0.94566905,0.941736,0.9565865,0.95868856,0.954445,0.9588568,0.9563183,0.94726,0.95554256,0.9576036,0.8818382,0.9589591,0.9118781,0.9427605,0.9677323,0.9867734,0.94794333,0.95765144,0.95386463,0.95567673,0.95757496,0.95995325,0.93852144,0.9600078,0.955853,0.95107484,0.9544481,0.961275,0.9458343,0.9559143,0.94821745,0.960639,0.95223516,0.94918036,0.9549464,0.9700979,0.9531927,0.9599891,0.9531459,0.9802135,0.9554484,0.9576453,0.95533377,0.9526675,0.9598844,0.94596255,0.94336027,0.96034306,0.96841186,0.9517268,0.95948035,0.9529992,0.9556076,0.94805974,0.95525146,0.9518435,0.9545432,0.94657344,0.9505645,0.9802135,0.93716073,0.9588653,0.95224905,0.9540535
47metersdown,0.9537584,1.0000001,0.9557786,0.95247006,0.9511331,0.9458477,0.9606273,0.95401776,0.97378033,0.9428734,0.95862484,0.93691885,0.9617187,0.9599142,0.9540453,0.9620537,0.95415586,0.9505443,0.9462208,0.94275844,0.949898,0.9484944,0.9505423,0.9627557,0.9459657,0.92177624,0.952862,0.9470929,0.95780575,0.9485638,0.9492923,0.9645222,0.93714523,0.94957536,0.94438297,0.9103966,0.95228165,0.95622337,0.9527521,0.95657575,0.95206773,0.95438737,0.9522296,0.95071423,0.9524492,0.9461656,0.94811153,0.9484955,0.9529704,0.95158553,0.95710367,0.95846534,0.9386599,0.9479119,0.95466065,0.9469463,0.9422464,0.9579848,0.9525666,0.9572584,0.9546207,0.9507998,0.9489395,0.9581286,0.95505136,0.9537926,0.95679146,0.94941074,0.95261,0.9399019,0.9555335,0.7750328,0.93437403,0.9582171,0.94582045,0.9448968,0.9212553,0.95197326,0.9503864,0.94546825,0.9559611,0.95648545,0.9601537,0.9423889,0.9569986,0.95740026,0.94867533,0.9531123,0.94907403,0.95614123,0.9548284,0.9555335,0.95249957,0.9524708,0.95714587,0.9501526,0.958649,0.9501646,0.95257896,0.9443905,0.9492811,0.9421242,0.94866174,0.9582638,0.95979136,0.9531718,0.9631026,0.9594106,0.94521964,0.94862235,0.9605738,0.88623154,0.95118976,0.9068167,0.9415317,0.9564717,0.95845866,0.9460822,0.95997596,0.9513432,0.95545375,0.9473711,0.95796865,0.9421455,0.9558942,0.9540537,0.9505401,0.95282805,0.9545182,0.93669397,0.95240116,0.9459583,0.9531212,0.94523823,0.9432804,0.9462549,0.95308083,0.9502606,0.9513752,0.9381243,0.97378033,0.95875365,0.9498054,0.95615757,0.9550139,0.9556197,0.9362675,0.94406176,0.9615951,0.9506107,0.95056075,0.9514759,0.9506348,0.9389796,0.9419054,0.94850785,0.9506203,0.9454561,0.9346946,0.94400144,0.97378033,0.93650776,0.9585685,0.95227444,0.9498364
abeautifuldaymovie,0.95905375,0.9557786,0.9999997,0.95222795,0.9552047,0.94062036,0.95924777,0.94811994,0.9786749,0.95599467,0.9456303,0.9531814,0.9548658,0.9544975,0.95870376,0.9476697,0.95796704,0.95070744,0.9515797,0.9604349,0.95596063,0.9612536,0.9482183,0.9525626,0.94782305,0.9258443,0.94830316,0.9493753,0.97078294,0.9495033,0.9496482,0.96211547,0.9502236,0.9646893,0.93731904,0.91533947,0.96054757,0.9557075,0.9526786,0.9602896,0.9509866,0.955954,0.9492656,0.94896036,0.9607979,0.95547086,0.95026183,0.9512537,0.95292646,0.9516063,0.97597635,0.9601751,0.93987495,0.9457201,0.9510194,0.94576657,0.9507541,0.9592799,0.9549632,0.95796466,0.94601476,0.9550346,0.95185286,0.9605558,0.9499942,0.9550202,0.9520187,0.9561178,0.95561165,0.9402381,0.9589638,0.78760356,0.94372916,0.95265794,0.9485928,0.9359711,0.91965455,0.9573546,0.9538972,0.951796,0.95071626,0.9575491,0.9578876,0.9507711,0.9633908,0.9565524,0.946733,0.949559,0.95845336,0.9611166,0.96011204,0.9589638,0.96518016,0.94787765,0.9724014,0.9534006,0.95128995,0.9577154,0.9496056,0.94324297,0.95298165,0.9492841,0.9566638,0.9630088,0.9579975,0.97349113,0.95335764,0.96171534,0.9607408,0.94931775,0.96141756,0.8978691,0.9563508,0.9195353,0.940751,0.9493603,0.9596816,0.94784963,0.9563893,0.94739974,0.9596626,0.95941854,0.9543293,0.9356117,0.95333016,0.9484311,0.94145024,0.96774447,0.9584528,0.9483165,0.95649153,0.95015156,0.9549137,0.94831395,0.9487534,0.9509339,0.9565275,0.9496896,0.9552123,0.9505276,0.9786749,0.96898484,0.9546315,0.9609163,0.95085996,0.9557848,0.9440785,0.9451818,0.96291375,0.95251125,0.956616,0.974211,0.95946103,0.94339365,0.9477418,0.95603096,0.9508185,0.9565472,0.9433647,0.9508159,0.9786749,0.9415649,0.9620574,0.95185095,0.966729
abominablemovie,0.9597987,0.95247006,0.95222795,0.99999994,0.9582877,0.9480491,0.9529899,0.95289654,0.97485286,0.94463366,0.9420679,0.94468135,0.95963126,0.9589209,0.948665,0.95125955,0.9523233,0.95354575,0.95068157,0.94540113,0.95172447,0.945999,0.9538252,0.9570551,0.94565064,0.9211616,0.9466978,0.9420806,0.94976604,0.9490867,0.9486221,0.95324117,0.9384485,0.95291334,0.94726956,0.92893314,0.95347756,0.9641385,0.9438664,0.953677,0.94436795,0.95035917,0.9417816,0.94532615,0.9557959,0.95280707,0.9539611,0.9485893,0.9521297,0.94654465,0.95282966,0.95509267,0.94733995,0.95723855,0.94703853,0.9434148,0.9428312,0.95727026,0.959896,0.9555556,0.9488774,0.962939,0.9458208,0.9522821,0.9496181,0.94548,0.9541367,0.94576585,0.94918376,0.94391024,0.95569015,0.75206625,0.9366255,0.9531502,0.9512034,0.9388218,0.9209231,0.9513182,0.954224,0.94255143,0.94496566,0.9590022,0.9564606,0.9447287,0.960665,0.95386,0.9467705,0.9550828,0.9550637,0.9580688,0.95724344,0.95569015,0.9548711,0.9525264,0.94750684,0.94836754,0.9479935,0.9544479,0.94974804,0.949202,0.95244783,0.944803,0.94361335,0.9539202,0.9506443,0.9547595,0.9570816,0.9500154,0.9437769,0.94057894,0.9550584,0.9008486,0.95095426,0.91950417,0.9429787,0.95446026,0.963221,0.9420789,0.9563469,0.9477495,0.9587428,0.95599186,0.95005465,0.93394214,0.95271856,0.9527544,0.9490273,0.94738543,0.9466806,0.9378365,0.95543504,0.9395776,0.9525875,0.9526504,0.9478632,0.94927573,0.95394456,0.9447824,0.9520068,0.94715744,0.97485286,0.9487875,0.9507995,0.9465247,0.95190865,0.94843197,0.9467434,0.9482847,0.95547926,0.954943,0.9439358,0.94895834,0.95300424,0.9388683,0.9429378,0.95512825,0.9543999,0.9487687,0.9405343,0.9490286,0.97485286,0.9308372,0.95649374,0.952755,0.94907147
adastramovie,0.9557762,0.9511331,0.9552047,0.9582877,0.9999992,0.94509536,0.9586353,0.9622613,0.97831726,0.9574711,0.94952995,0.9427843,0.9592663,0.96490926,0.95349497,0.9517977,0.9529439,0.9639941,0.9512297,0.94209445,0.95356506,0.9497911,0.9468053,0.9535594,0.9422066,0.9194405,0.9529234,0.94722027,0.95578843,0.9522966,0.9537593,0.9550934,0.9366197,0.9538147,0.9358732,0.9156416,0.9564681,0.95228016,0.96027327,0.9588949,0.9545256,0.9576937,0.94506896,0.95496464,0.96506155,0.955192,0.9485228,0.9562302,0.95389396,0.9563028,0.9540371,0.95782065,0.9484137,0.9558573,0.9568202,0.9642953,0.9452319,0.9648724,0.9547185,0.9675126,0.9544842,0.95452845,0.9543837,0.9567667,0.9502336,0.95061636,0.96283925,0.94988114,0.9601898,0.9398259,0.96027297,0.77706367,0.9418201,0.95042765,0.94376415,0.9489556,0.9217415,0.9494615,0.9455961,0.95316476,0.94950926,0.95451415,0.9549967,0.94507694,0.9537654,0.9571064,0.9563476,0.9599057,0.94670534,0.9565765,0.961897,0.96027297,0.96249574,0.9501206,0.950874,0.9509373,0.96114975,0.95020175,0.94823384,0.9423412,0.95824575,0.9447865,0.9544822,0.96183825,0.9566273,0.95670897,0.9560962,0.9511186,0.9416982,0.9419811,0.9586083,0.88557273,0.96402967,0.9150554,0.9501785,0.9555554,0.9588241,0.9386885,0.9569589,0.9519013,0.9522783,0.95693487,0.9649084,0.9309477,0.95897734,0.95922154,0.9486717,0.95197374,0.96547693,0.94601256,0.95901394,0.9639623,0.9496397,0.9456178,0.958947,0.95360404,0.9509022,0.9485593,0.96076447,0.94724804,0.97831726,0.952916,0.95776397,0.94548035,0.94732016,0.9516482,0.9452679,0.9430678,0.9588279,0.9588018,0.95724255,0.95129365,0.95450413,0.9434257,0.95400864,0.95638156,0.9478484,0.9547422,0.94829255,0.95676106,0.97831726,0.9483622,0.9499544,0.9466758,0.9579718
adogsjourneymovie,0.9402671,0.9458477,0.94062036,0.9480491,0.94509536,0.99999964,0.9555409,0.9472385,0.96776426,0.9406694,0.9451611,0.9307372,0.93474203,0.94996405,0.952723,0.94995767,0.9506866,0.94087905,0.9346154,0.9410233,0.94977677,0.9377142,0.9677447,0.9550727,0.9314173,0.90221757,0.9340199,0.94400334,0.94642675,0.9381685,0.9439174,0.9526609,0.949848,0.9444068,0.9295153,0.91216844,0.9556344,0.94649845,0.94386923,0.95275235,0.9415471,0.9492024,0.938921,0.9466185,0.94568396,0.9388574,0.96456224,0.9425362,0.9443057,0.95097023,0.94355446,0.9540832,0.9497498,0.94965214,0.9318018,0.9395222,0.9403914,0.9508548,0.9511836,0.9445119,0.93795973,0.941029,0.94255275,0.9496815,0.9469956,0.93505466,0.9462256,0.94413847,0.9484621,0.9364314,0.95102054,0.76155424,0.9381621,0.9516774,0.94570774,0.9364413,0.9161211,0.94107944,0.9485293,0.9420249,0.9410788,0.93794674,0.9410186,0.9432449,0.9409593,0.94283754,0.9356869,0.93588233,0.94829947,0.95053834,0.94268024,0.95102054,0.9428798,0.9468729,0.94316703,0.94744337,0.9494048,0.94804746,0.93774074,0.95666784,0.94417727,0.94560343,0.94413847,0.9458588,0.94865257,0.94844836,0.9575522,0.9445492,0.93409646,0.94452095,0.94029397,0.8707444,0.94590455,0.9077319,0.9348112,0.9481844,0.95008117,0.946937,0.94690806,0.95378435,0.94524515,0.94716674,0.9454696,0.9651833,0.95521635,0.9395606,0.9477671,0.9472344,0.94100505,0.95133805,0.94954455,0.9375879,0.94710946,0.94715685,0.9514104,0.9422966,0.9407065,0.9433973,0.94795036,0.9365241,0.96776426,0.9491624,0.93833774,0.9421337,0.93377393,0.94560057,0.9340162,0.9403103,0.9473732,0.94157034,0.9449797,0.93975747,0.94201064,0.93280214,0.93995583,0.9486876,0.95851934,0.9501708,0.9362087,0.9430941,0.96776426,0.9355315,0.9549226,0.9630222,0.9431782
aftermathmovie,0.9610713,0.9606273,0.95924777,0.9529899,0.9586353,0.9555409,1.0000004,0.9555423,0.980809,0.9560223,0.9519502,0.9395337,0.96368796,0.962212,0.9562967,0.95945007,0.9560825,0.9528969,0.95426863,0.95372266,0.95239025,0.95673794,0.958558,0.96502095,0.9538787,0.91863495,0.95073706,0.95538247,0.96297926,0.94916534,0.9531633,0.9640754,0.9553923,0.9557251,0.94436777,0.92483234,0.96593636,0.9580573,0.96173733,0.96080387,0.9490996,0.95816,0.94424534,0.95455456,0.96092385,0.9531556,0.95961183,0.96047777,0.9571837,0.9532144,0.96196175,0.965671,0.95280117,0.9560192,0.947436,0.96111196,0.95151436,0.95914674,0.9573096,0.961673,0.9511256,0.9610971,0.9581387,0.95697445,0.9576315,0.9543393,0.95962733,0.95671564,0.9632028,0.9476921,0.9667964,0.76606786,0.95195884,0.96096456,0.9519662,0.9538178,0.9268816,0.9628025,0.9546379,0.9500508,0.9546769,0.9737904,0.9615463,0.95919585,0.9576726,0.9597037,0.9435704,0.9623105,0.9557846,0.96399164,0.961936,0.9667964,0.95632786,0.9510624,0.96286863,0.9567537,0.95912683,0.9588467,0.9745303,0.95051837,0.96077424,0.95365095,0.9516712,0.9634444,0.95989054,0.9597378,0.95788383,0.9576802,0.94909275,0.9536599,0.95705146,0.9006997,0.9588989,0.91957134,0.9475524,0.95879394,0.96595615,0.9529266,0.9576517,0.98600686,0.96412325,0.96157736,0.9635684,0.9448006,0.962796,0.9547183,0.9581562,0.96084964,0.9569893,0.9461862,0.9541952,0.9436783,0.9586376,0.95515347,0.953241,0.95112115,0.9563431,0.9543122,0.96279347,0.94636387,0.980809,0.9599877,0.9563761,0.9574162,0.9514658,0.95682937,0.94602853,0.94672513,0.96103805,0.96539176,0.98188347,0.9553836,0.95395964,0.9499449,0.95309895,0.9585787,0.95306736,0.96100926,0.94772136,0.9564341,0.980809,0.94521534,0.96269727,0.96237767,0.95703083
aftermovie,0.9577963,0.95401776,0.94811994,0.95289654,0.9622613,0.9472385,0.9555423,0.9999999,0.97314894,0.9549999,0.95411336,0.9350482,0.95712274,0.9533408,0.9535781,0.95141953,0.9500641,0.9616737,0.94411033,0.93801004,0.95065117,0.9372719,0.95171446,0.9530174,0.94747055,0.9261979,0.94168913,0.9516632,0.9525617,0.94549984,0.9414383,0.962712,0.93922585,0.95592123,0.93486583,0.92233145,0.9575912,0.9522446,0.9498727,0.9584136,0.94381726,0.9585166,0.944654,0.95011604,0.954207,0.9555314,0.94909084,0.9541104,0.9512878,0.95048285,0.9485758,0.9597287,0.94708115,0.95312625,0.96058846,0.9497162,0.93832994,0.96187615,0.9492261,0.9592803,0.94641966,0.955029,0.95056224,0.9539414,0.95419544,0.9495059,0.9522819,0.9505042,0.9446568,0.9450564,0.9604728,0.77527183,0.94324315,0.9523619,0.94049156,0.9413873,0.92303073,0.9487673,0.9475743,0.9495055,0.95008874,0.94823307,0.95813984,0.9436443,0.9527528,0.9474798,0.9421754,0.9561493,0.94494426,0.9598304,0.9492969,0.9604728,0.946375,0.9443811,0.9505965,0.9466695,0.94736695,0.9503738,0.9404558,0.947195,0.95781267,0.9515268,0.9519148,0.9607935,0.95182484,0.9502517,0.9561192,0.9520122,0.9449756,0.9462872,0.95479715,0.8705667,0.95786387,0.9098538,0.9470712,0.9587432,0.9630251,0.94483066,0.9547754,0.9488235,0.94630307,0.9584223,0.95569104,0.93587744,0.9539731,0.9431178,0.9495402,0.9459094,0.96024525,0.9368932,0.94897276,0.9549398,0.9528984,0.95076936,0.95873725,0.949549,0.95981425,0.9537777,0.9575535,0.9511533,0.97314894,0.95090586,0.95434994,0.9514573,0.946206,0.95756996,0.9442044,0.9465696,0.9636888,0.953373,0.9481406,0.9466299,0.9548974,0.94167227,0.9479384,0.95360965,0.94896656,0.9494323,0.95892483,0.9512109,0.97314894,0.94029504,0.9493476,0.9501686,0.9507258
ahiddenlifefilm,0.9802135,0.97378033,0.9786749,0.97485286,0.97831726,0.96776426,0.980809,0.97314894,0.99999994,0.9741912,0.970414,0.9650483,0.9770663,0.9779917,0.97737044,0.97169375,0.97638667,0.9735059,0.97263867,0.96944934,0.9754048,0.97106504,0.97553533,0.97842526,0.9683246,0.9391661,0.96704197,0.9705606,0.97762877,0.96956086,0.9703281,0.97858787,0.96876025,0.9752994,0.95904243,0.9419044,0.9802631,0.97604334,0.97297984,0.9790974,0.96946096,0.97735626,0.9652809,0.973017,0.9790197,0.9716677,0.975845,0.9759262,0.97584593,0.9738383,0.9778234,0.9830775,0.9663419,0.9742291,0.969976,0.97203904,0.96866274,0.9829587,0.9764267,0.97880816,0.97239983,0.97518206,0.9741333,0.9767528,0.9745807,0.9714568,0.9731679,0.97631896,0.9740334,0.9630256,0.9803216,0.7868732,0.96662784,0.97584563,0.96877724,0.9611356,0.9411039,0.97468686,0.9738257,0.9685764,0.9709934,0.97508484,0.9796692,0.9685064,0.9732295,0.9754031,0.9670272,0.9746865,0.97535723,0.98302716,0.97526246,0.9803216,0.97719824,0.9706544,0.9762613,0.9730569,0.97459245,0.97547925,0.972794,0.96816826,0.97308487,0.9693665,0.9693543,0.9786374,0.97510564,0.9773601,0.9789622,0.9748808,0.96535987,0.97215676,0.97565603,0.9029959,0.97759,0.9347082,0.9659391,0.97584563,0.98234105,0.9713353,0.97742355,0.9728841,0.9766914,0.9791077,0.98013455,0.95949227,0.97770876,0.9729196,0.96969754,0.97483623,0.9767406,0.9655204,0.97457564,0.9695472,0.9765674,0.96868974,0.9731223,0.97094685,0.97787255,0.97230893,0.97838426,0.9660579,0.99999994,0.976925,0.9742433,0.97473353,0.97026324,0.976058,0.9670281,0.9647876,0.9791738,0.97600716,0.9727311,0.97430134,0.9737742,0.9643607,0.9697944,0.97692007,0.9717939,0.97620016,0.96642774,0.97312856,0.99999994,0.96050835,0.9772017,0.97544193,0.9748414
alitamovie,0.9623909,0.9428734,0.95599467,0.94463366,0.9574711,0.9406694,0.9560223,0.9549999,0.9741912,0.9999996,0.9378289,0.9449335,0.947813,0.9541128,0.9472773,0.94930047,0.951532,0.9629116,0.95032096,0.9465183,0.9515203,0.94613093,0.94958454,0.95046943,0.94843704,0.9120144,0.9434472,0.94706655,0.950458,0.93937474,0.94490004,0.9566049,0.93861955,0.951927,0.93583137,0.9179821,0.9579427,0.9468853,0.9536509,0.9546958,0.9501518,0.9505186,0.94293094,0.94832814,0.95867544,0.9516423,0.9501981,0.9548982,0.95662314,0.95045227,0.9467038,0.9568569,0.95137894,0.94892246,0.94614565,0.9531631,0.948141,0.957835,0.9542346,0.9548726,0.9494044,0.9545236,0.95304716,0.9541205,0.94776016,0.949887,0.94926345,0.95318055,0.93967646,0.94053453,0.95771444,0.78209686,0.9311681,0.94863194,0.93995905,0.93753123,0.9206888,0.9508467,0.9481213,0.9529912,0.9434172,0.94354147,0.9535904,0.94716066,0.9481169,0.9535826,0.9395228,0.9503811,0.9526227,0.96277386,0.9557875,0.95771444,0.95245534,0.9369467,0.9486156,0.9524174,0.94770104,0.9537255,0.94778097,0.94244546,0.95388055,0.9499168,0.9412555,0.9524155,0.9643245,0.9474112,0.94999576,0.95020676,0.94736165,0.9432246,0.95111096,0.88588476,0.95737046,0.9146419,0.9434854,0.94851947,0.9552659,0.9459686,0.95051146,0.9502736,0.9529746,0.961623,0.95507085,0.9413819,0.9531948,0.94491357,0.9415426,0.95102125,0.9614067,0.94226074,0.9500991,0.9556146,0.95680505,0.9384672,0.96126616,0.9420788,0.95302755,0.9504814,0.9601146,0.9504128,0.9741912,0.94771236,0.95665395,0.9516006,0.943101,0.9463711,0.9449088,0.9399971,0.95835453,0.9531888,0.94878805,0.9521837,0.95183027,0.9508074,0.94384515,0.95337075,0.9447236,0.95056325,0.94474244,0.9441822,0.9741912,0.94457364,0.9494057,0.9513585,0.94686735
angelhasfallen,0.95038205,0.95862484,0.9456303,0.9420679,0.94952995,0.9451611,0.9519502,0.95411336,0.970414,0.9378289,1.0000001,0.9313189,0.94714236,0.95569015,0.9468175,0.9388751,0.95512235,0.946242,0.94060564,0.93961704,0.94821507,0.9436553,0.94792145,0.95971024,0.9411917,0.9140524,0.93993944,0.94812727,0.9580048,0.94344926,0.9403933,0.9539254,0.94220537,0.9468764,0.92807937,0.9103655,0.9580741,0.9464766,0.9449887,0.9445736,0.9500741,0.9542379,0.9443984,0.9476482,0.9506746,0.94017714,0.9460573,0.94323313,0.9411996,0.94465697,0.9499816,0.9553988,0.9338522,0.95362645,0.94529825,0.9409204,0.9419981,0.9547085,0.9527911,0.9494179,0.9482862,0.9384644,0.9461287,0.9497569,0.9490634,0.951843,0.9435125,0.949716,0.958604,0.9292051,0.94754905,0.76231074,0.9486223,0.9530947,0.94646865,0.9310241,0.91129637,0.9445999,0.9456584,0.94332546,0.96815115,0.9403622,0.9602791,0.94548327,0.94431853,0.9444187,0.9414934,0.9382015,0.9472973,0.9595071,0.9421173,0.94754905,0.94786453,0.94879794,0.9475996,0.946063,0.9634897,0.95003444,0.9422894,0.945041,0.946614,0.93897307,0.9486818,0.9477432,0.9474652,0.94995683,0.95440084,0.94865733,0.944482,0.948238,0.94851065,0.8666555,0.9469433,0.8933764,0.933708,0.95966434,0.95491123,0.9449294,0.95799464,0.9427457,0.9529798,0.9521795,0.9536117,0.94213015,0.950423,0.9482065,0.9442339,0.94775814,0.94805175,0.9399362,0.9439246,0.94844997,0.9452638,0.95151454,0.94580996,0.9475147,0.9546361,0.94796777,0.94564223,0.9338337,0.970414,0.95879215,0.9424811,0.9460163,0.93388236,0.95437634,0.92879176,0.93640995,0.9552938,0.94717824,0.94377846,0.94529676,0.9448919,0.93689454,0.93710655,0.9438197,0.9512419,0.9444682,0.93611336,0.942496,0.970414,0.9296865,0.95195097,0.9440806,0.94688237
angrybirdsmovie,0.9450227,0.93691885,0.9531814,0.94468135,0.9427843,0.9307372,0.9395337,0.9350482,0.9650483,0.9449335,0.9313189,0.9999997,0.93847615,0.94777143,0.94362,0.9438438,0.9436954,0.9388278,0.9430175,0.9481068,0.9427918,0.95387256,0.9403238,0.9385363,0.93796766,0.919619,0.94132733,0.92643434,0.95754355,0.93942785,0.93682677,0.94718206,0.9307407,0.9511749,0.93297994,0.908792,0.93993676,0.94081706,0.9395142,0.9448817,0.9326472,0.93332726,0.9405397,0.9345693,0.9430502,0.931355,0.94498515,0.94252187,0.9500662,0.9355402,0.96740395,0.9461313,0.94064516,0.9406527,0.93806946,0.9325557,0.9378733,0.9445983,0.9484659,0.9442129,0.9381677,0.94289786,0.9407208,0.9425872,0.9399019,0.9269272,0.93666583,0.93859327,0.94409215,0.9296521,0.9447162,0.77885497,0.9253037,0.9432392,0.9373737,0.92248476,0.9186229,0.9378438,0.94545513,0.9473084,0.9313824,0.947253,0.93644994,0.937386,0.95735884,0.9401061,0.9408198,0.9397856,0.9453034,0.95118475,0.9455557,0.9447162,0.9426752,0.9371261,0.9490301,0.9365964,0.9402045,0.9448242,0.9334196,0.9366172,0.9249371,0.93176675,0.9548802,0.94026864,0.951218,0.96158093,0.939974,0.93721807,0.93896,0.9418075,0.94058245,0.8765261,0.9438569,0.91851044,0.9322737,0.9376186,0.9467667,0.93304694,0.94113594,0.934523,0.93945885,0.94683367,0.94383067,0.9326003,0.9437095,0.9345614,0.9295715,0.9604157,0.9398448,0.9288155,0.9354859,0.9384981,0.93715405,0.9316542,0.9379096,0.932267,0.9433516,0.9281705,0.95680064,0.9260305,0.9650483,0.95059377,0.93233275,0.9388186,0.93815804,0.94067335,0.9391609,0.9393271,0.9367937,0.94673437,0.93714786,0.94061166,0.93417984,0.9357439,0.93153316,0.9528822,0.93776625,0.94730693,0.9327598,0.93435216,0.9650483,0.9297373,0.9387896,0.9422535,0.96125436
annabellemovie,0.9594325,0.9617187,0.9548658,0.95963126,0.9592663,0.93474203,0.96368796,0.95712274,0.9770663,0.947813,0.94714236,0.93847615,1.0000004,0.9568755,0.95625544,0.95570207,0.9589673,0.95414364,0.9476026,0.9530997,0.944303,0.9500527,0.9514997,0.9581692,0.9473367,0.9249295,0.95120597,0.95218736,0.9583946,0.9525135,0.94439596,0.96257436,0.9438435,0.95821816,0.9412529,0.9183394,0.9529061,0.9701336,0.9560606,0.9622632,0.9551282,0.9587705,0.94455606,0.95445645,0.960778,0.95274454,0.9487344,0.9528358,0.9523306,0.9496119,0.95684093,0.962628,0.9472347,0.9542758,0.96168274,0.9478695,0.9406778,0.9664518,0.9563532,0.9592095,0.9600244,0.9575375,0.9545071,0.96391886,0.9553364,0.9550962,0.95973206,0.95995086,0.9516558,0.9423721,0.9574985,0.7632875,0.93850714,0.9500198,0.93990314,0.9498392,0.915764,0.95710945,0.9541145,0.9461862,0.9464928,0.96457887,0.9676935,0.94517034,0.9646232,0.95400053,0.9627232,0.9804235,0.95346284,0.9598109,0.9600539,0.9574985,0.9531394,0.95227355,0.9556985,0.9493956,0.94975114,0.9619044,0.9548212,0.944556,0.95365644,0.9472068,0.9433626,0.9602814,0.95079947,0.9546861,0.96136165,0.96193206,0.9491183,0.95269585,0.96028405,0.8813536,0.962566,0.9193024,0.9430973,0.9562235,0.96480054,0.9484183,0.9565675,0.9527541,0.96675545,0.96275127,0.9660095,0.9303302,0.9541923,0.9562766,0.95713454,0.95578855,0.9598279,0.94158137,0.95256877,0.9442409,0.955772,0.9516145,0.95316017,0.952284,0.96126205,0.9539862,0.9541049,0.9442702,0.9770663,0.95830107,0.9569695,0.96149486,0.96103626,0.95895463,0.94600844,0.9474224,0.97020066,0.9561008,0.955963,0.9462284,0.9520923,0.94519854,0.9443151,0.9524229,0.9510329,0.94807917,0.9524919,0.9517996,0.9770663,0.9421176,0.9546174,0.94843185,0.9498703
annamovie,0.96074706,0.9599142,0.9544975,0.9589209,0.96490926,0.94996405,0.962212,0.9533408,0.9779917,0.9541128,0.95569015,0.94777143,0.9568755,1.0000001,0.9551334,0.9542614,0.9564096,0.9579577,0.9513724,0.95715153,0.9553193,0.95561045,0.9535333,0.96056837,0.94740933,0.9278525,0.9531153,0.94476897,0.9537994,0.9570138,0.95324326,0.9614268,0.94247425,0.9571407,0.9413813,0.92003304,0.95715404,0.9542509,0.95252544,0.959995,0.955729,0.95477194,0.9445401,0.9475555,0.9614145,0.95382226,0.95462245,0.9470768,0.959739,0.95035046,0.95492417,0.96212476,0.9455092,0.95561916,0.9514955,0.9559903,0.95266145,0.95940727,0.95988804,0.96266735,0.96063775,0.95189714,0.9540117,0.9706898,0.9524535,0.9481443,0.95885766,0.9503099,0.9589058,0.94475704,0.95996547,0.7695838,0.94679546,0.95313203,0.9536262,0.94785523,0.9189104,0.9539403,0.952497,0.9570216,0.95419234,0.95747113,0.95822483,0.95170015,0.95497704,0.9591886,0.94775355,0.95615613,0.9529259,0.9637397,0.9582141,0.95996547,0.9569376,0.95182323,0.953077,0.9537713,0.9570811,0.96044004,0.95234674,0.958685,0.9574291,0.9468642,0.9571895,0.95804346,0.9679438,0.95618564,0.9602615,0.95534813,0.9379302,0.9531518,0.9605992,0.88785857,0.95546556,0.93096346,0.9492129,0.95802885,0.9629497,0.9442912,0.9603636,0.9531672,0.9564081,0.95452183,0.9626752,0.94115144,0.9553767,0.95658207,0.9539872,0.9538713,0.96044904,0.93507534,0.95892483,0.95668703,0.9568581,0.956394,0.95043385,0.95493495,0.95229065,0.9504327,0.9592661,0.9434504,0.9779917,0.9542338,0.95346326,0.9539949,0.9525626,0.9522762,0.9525215,0.9466513,0.9597393,0.957651,0.9576066,0.9474773,0.95219505,0.9421495,0.9425507,0.95915383,0.95631886,0.9558828,0.937821,0.9536917,0.9779917,0.9419322,0.9571745,0.9509083,0.953824
apollo11movie,0.9551487,0.9540453,0.95870376,0.948665,0.95349497,0.952723,0.9562967,0.9535781,0.97737044,0.9472773,0.9468175,0.94362,0.95625544,0.9551334,0.99999976,0.95412135,0.95714784,0.9538127,0.9495531,0.9705836,0.95236754,0.9479393,0.9627853,0.958541,0.93880886,0.9193911,0.94998926,0.9522335,0.9519876,0.9507356,0.9531219,0.9570641,0.95158637,0.95072633,0.92663896,0.9108448,0.95961004,0.9526926,0.95308584,0.9612578,0.9511409,0.95441604,0.9438491,0.9519572,0.9574972,0.9460727,0.9590472,0.9564872,0.9557119,0.95486575,0.95862174,0.96133256,0.9443706,0.9491902,0.9501442,0.95424336,0.9468659,0.96372014,0.95652765,0.9536282,0.9517624,0.95507187,0.95266604,0.9525415,0.96184593,0.95606303,0.9514184,0.95412886,0.95561653,0.94330937,0.95515794,0.76127875,0.94444156,0.95927763,0.9489698,0.9420891,0.9198264,0.9592554,0.9513615,0.9415374,0.9454315,0.9542104,0.95471776,0.9411046,0.9571287,0.95259863,0.9468642,0.9592901,0.9502721,0.96169984,0.9539196,0.95515794,0.956973,0.9547191,0.9574188,0.9665725,0.9525009,0.9555421,0.94850546,0.94550806,0.94843125,0.9533758,0.9500468,0.9535781,0.9526635,0.9571229,0.96578765,0.9580404,0.937647,0.9450788,0.9570352,0.8730481,0.95997965,0.91149867,0.943362,0.9577332,0.9607534,0.9489882,0.95447904,0.94572294,0.9490082,0.9636216,0.9611354,0.9418134,0.96288586,0.956324,0.9511434,0.95089847,0.96536726,0.94821894,0.954662,0.9528802,0.960144,0.9482201,0.95566046,0.95450884,0.96048313,0.9479606,0.95681864,0.94471854,0.97737044,0.9557234,0.9524921,0.9559589,0.9457983,0.9557702,0.9475151,0.937196,0.9590566,0.95008963,0.9501954,0.95284504,0.9443471,0.94224703,0.94977826,0.9533541,0.9594004,0.96084374,0.9513152,0.9543714,0.97737044,0.9398071,0.95624787,0.95404774,0.9543436
arcticdogsmovie,0.9527359,0.9620537,0.9476697,0.95125955,0.9517977,0.94995767,0.95945007,0.95141953,0.97169375,0.94930047,0.9388751,0.9438438,0.95570207,0.9542614,0.95412135,0.99999994,0.9489789,0.94494194,0.9456327,0.94468635,0.94677824,0.9472016,0.95306945,0.95877904,0.952048,0.9174571,0.9546685,0.94697094,0.95318836,0.9462522,0.9467585,0.9594314,0.9350238,0.95193505,0.93772644,0.91774094,0.95547426,0.95295626,0.9447328,0.9526962,0.9445129,0.9456326,0.94346815,0.94885176,0.94868153,0.9435242,0.9525801,0.9483524,0.9473809,0.94778925,0.95050937,0.95054656,0.9465094,0.94524753,0.9449869,0.95005834,0.9413177,0.95288724,0.94731796,0.95384157,0.9536901,0.9483366,0.9519969,0.95292383,0.9470044,0.9392385,0.9558112,0.94710636,0.946471,0.94429445,0.9537386,0.78124344,0.93391615,0.95447236,0.94126207,0.94606143,0.91437304,0.94567776,0.94832295,0.9434036,0.9418047,0.9490435,0.95042676,0.9424104,0.95284456,0.9473052,0.9374369,0.947302,0.9492821,0.9596845,0.95086515,0.9537386,0.9459604,0.9476892,0.94758356,0.9516753,0.9514843,0.9481735,0.94417214,0.94499594,0.93993515,0.9544537,0.94989574,0.94880635,0.94974124,0.9507726,0.9549697,0.95931923,0.95073956,0.93749356,0.95275414,0.88243544,0.95173097,0.91059023,0.9444966,0.94826084,0.95537114,0.9416457,0.9547034,0.9559461,0.95153266,0.95468575,0.9565262,0.9414147,0.9586948,0.94347394,0.9462193,0.94417113,0.94738656,0.94044644,0.9484755,0.9400991,0.9540904,0.9524196,0.9451861,0.94864625,0.9542634,0.94302,0.9562247,0.93617254,0.97169375,0.95187145,0.94345677,0.95630145,0.9478461,0.94498384,0.9468802,0.94199437,0.95883316,0.9537722,0.9529257,0.9453187,0.94951063,0.94347245,0.9350646,0.94847876,0.9569629,0.9513155,0.94690907,0.9446596,0.97169375,0.93269795,0.9519043,0.95755094,0.95032346
arcticmovie,0.94985414,0.95415586,0.95796704,0.9523233,0.9529439,0.9506866,0.9560825,0.9500641,0.97638667,0.951532,0.95512235,0.9436954,0.9589673,0.9564096,0.95714784,0.9489789,1.0000001,0.9534102,0.94468,0.95553416,0.95334613,0.9499701,0.96130806,0.9610941,0.9451599,0.9208537,0.9461926,0.96762466,0.95539623,0.9463249,0.9452161,0.95738095,0.95713943,0.95651895,0.93845123,0.92240375,0.96156675,0.95371157,0.955573,0.961642,0.9500447,0.9623152,0.9459413,0.95181555,0.95302707,0.95465857,0.9595824,0.9491263,0.95123595,0.9528123,0.9595977,0.9627938,0.9509971,0.95028,0.9457214,0.94202477,0.9486666,0.962991,0.9578236,0.9488349,0.9549512,0.9498087,0.9500804,0.9604966,0.95806646,0.95350534,0.9500169,0.95702344,0.951414,0.9385505,0.9536963,0.7786925,0.9420046,0.95354867,0.95703274,0.94605047,0.91932815,0.95788044,0.9566707,0.94706446,0.95303714,0.9524447,0.96336174,0.9540162,0.95077676,0.95026404,0.9456959,0.956261,0.9613836,0.96101797,0.9541037,0.9536963,0.95809734,0.95390165,0.96014297,0.95620745,0.95134926,0.95699745,0.9491002,0.95196575,0.95366687,0.95462567,0.95074844,0.95636326,0.9525312,0.9581586,0.95715266,0.9559788,0.94841236,0.95297617,0.9478843,0.88304657,0.960371,0.9187362,0.9388676,0.94811344,0.9539162,0.95958805,0.9593202,0.9406865,0.9588517,0.9656117,0.95784485,0.94416404,0.95538956,0.9465199,0.9493017,0.96011394,0.95375067,0.9536434,0.9504869,0.94561297,0.9729284,0.9555336,0.9550397,0.9488817,0.9545768,0.95238525,0.9528207,0.94912356,0.97638667,0.9534019,0.95446867,0.95272154,0.9495063,0.9523883,0.9449796,0.94297594,0.96117467,0.95124865,0.9503504,0.950533,0.95188504,0.9431367,0.93732375,0.95445025,0.95665115,0.94953525,0.94899046,0.9526358,0.97638667,0.9376159,0.95516324,0.9570139,0.954515
artofracingmovie,0.95841753,0.9505443,0.95070744,0.95354575,0.9639941,0.94087905,0.9528969,0.9616737,0.9735059,0.9629116,0.946242,0.9388278,0.95414364,0.9579577,0.9538127,0.94494194,0.9534102,0.9999998,0.9438877,0.9417901,0.953414,0.9407966,0.94781923,0.94810665,0.93971765,0.9140994,0.9520201,0.95213264,0.94946605,0.95228016,0.94360363,0.95276165,0.9381356,0.951007,0.93004405,0.92109287,0.95178455,0.9444907,0.95230705,0.95166117,0.9525807,0.9558599,0.94381964,0.947124,0.95677644,0.95821726,0.948085,0.95610344,0.95144576,0.94994223,0.9446646,0.95072204,0.9437536,0.94162774,0.94805115,0.9641358,0.94817525,0.96310323,0.95268375,0.95674264,0.9580032,0.95315534,0.9493555,0.9544765,0.940833,0.94460773,0.9524256,0.945442,0.9507993,0.93134004,0.953241,0.7759378,0.93605435,0.9585618,0.9449754,0.9331925,0.9165194,0.94644046,0.9460524,0.94834614,0.94792604,0.9399282,0.9616181,0.942239,0.94446695,0.94947076,0.9378268,0.9551334,0.94186157,0.9605423,0.9604235,0.953241,0.95008546,0.95255995,0.9417451,0.9475195,0.946036,0.95245916,0.94282866,0.9454541,0.95835626,0.9395581,0.94472164,0.9484433,0.94667614,0.94477683,0.9572648,0.9542965,0.9411146,0.9360835,0.9532647,0.875154,0.95810795,0.9121953,0.9500954,0.95437545,0.9596765,0.9360234,0.956041,0.94860667,0.9555111,0.9560336,0.9556397,0.9297674,0.9562224,0.9564024,0.9480107,0.94472003,0.9675943,0.93704623,0.9582185,0.9590055,0.9521058,0.93658954,0.95495605,0.9530439,0.9527774,0.9454013,0.954176,0.9615244,0.9735059,0.94997406,0.95344484,0.95013374,0.9507184,0.9458679,0.94504076,0.9346633,0.96132326,0.9580994,0.94937176,0.9559631,0.95358515,0.9407239,0.9358051,0.9483434,0.94448006,0.9415347,0.9448963,0.9483032,0.9735059,0.9508519,0.94975513,0.9449134,0.947269
avengers,0.9700454,0.9462208,0.9515797,0.95068157,0.9512297,0.9346154,0.95426863,0.94411033,0.97263867,0.95032096,0.94060564,0.9430175,0.9476026,0.9513724,0.9495531,0.9456327,0.94468,0.9438877,0.9999996,0.9460489,0.9453893,0.9437615,0.9465546,0.9461271,0.93778086,0.92182356,0.95202684,0.9421534,0.94722176,0.9376775,0.96691597,0.9514103,0.93974096,0.94477403,0.93879694,0.9148877,0.95443475,0.9540431,0.94031835,0.95364004,0.94129086,0.94499063,0.93208236,0.93650633,0.9573023,0.9445443,0.9476206,0.95053214,0.94693893,0.938177,0.94832176,0.9532387,0.94143873,0.95180124,0.94535995,0.94669694,0.94619566,0.95656633,0.95025635,0.9525826,0.945861,0.94525987,0.95116305,0.9490628,0.9547374,0.94121635,0.9476049,0.95088977,0.94795907,0.95000637,0.95227987,0.749436,0.9379878,0.95137894,0.9386134,0.9278538,0.9143593,0.941403,0.9412774,0.936921,0.941798,0.9506864,0.9518681,0.9444123,0.94959116,0.950044,0.93795615,0.94517684,0.9448202,0.9572213,0.94161916,0.95227987,0.9437957,0.93911135,0.9486403,0.9398353,0.95354646,0.9483059,0.9533548,0.94112235,0.9470073,0.93984735,0.9349414,0.9527803,0.95466185,0.94837064,0.94811404,0.9427775,0.93872917,0.9457853,0.9576799,0.88536507,0.9482826,0.9064061,0.9401205,0.95266235,0.9549053,0.9457601,0.95214766,0.94796956,0.94401747,0.950846,0.95641065,0.93135446,0.9526171,0.9495132,0.9397503,0.9565628,0.9514842,0.94577235,0.94414485,0.9404804,0.94945216,0.94626963,0.9415135,0.9337591,0.9553454,0.9446639,0.9480325,0.94065356,0.97263867,0.9472077,0.94661844,0.9435213,0.94406,0.94598246,0.93684024,0.937835,0.9503252,0.9523122,0.9425587,0.943269,0.93945843,0.94504416,0.9421668,0.9539644,0.94982064,0.95161813,0.9397792,0.9514583,0.97263867,0.937396,0.95180017,0.9491902,0.94653577
beachbummovie,0.94755614,0.94275844,0.9604349,0.94540113,0.94209445,0.9410233,0.95372266,0.93801004,0.96944934,0.9465183,0.93961704,0.9481068,0.9530997,0.95715153,0.9705836,0.94468635,0.95553416,0.9417901,0.9460489,1.0000004,0.9433908,0.960551,0.9525875,0.951932,0.9436777,0.91552883,0.9441878,0.94527566,0.9536895,0.9433841,0.93958,0.951541,0.9425026,0.9561138,0.9291731,0.91050196,0.9519603,0.94548064,0.94611984,0.9509012,0.9494367,0.94264674,0.9318904,0.9368103,0.9554813,0.94380146,0.9506842,0.9415614,0.94455224,0.9388589,0.9585351,0.95741,0.93750167,0.94470316,0.9383796,0.93756247,0.9423936,0.9541674,0.9505881,0.9480896,0.9489131,0.9452741,0.94935066,0.95209247,0.9475415,0.94321704,0.94757503,0.948245,0.94624,0.93970853,0.9501897,0.7656849,0.9353419,0.946177,0.9486805,0.9299031,0.914622,0.9519139,0.94801086,0.9353706,0.94138026,0.9538153,0.94986457,0.941922,0.95669943,0.94763106,0.9371542,0.94851273,0.94833463,0.9586615,0.9495104,0.9501897,0.9463805,0.93872535,0.9545395,0.9567705,0.943652,0.96480095,0.94271725,0.93869215,0.9396831,0.9537436,0.9437126,0.94754696,0.95177823,0.956968,0.9516613,0.95204216,0.933116,0.9419428,0.952051,0.8782822,0.95484865,0.9225365,0.9338048,0.94359225,0.95253515,0.94465744,0.9485804,0.9423439,0.94892526,0.95840967,0.95274955,0.93592757,0.9460702,0.9411217,0.94676644,0.9509374,0.948968,0.93258196,0.946842,0.94071233,0.9476765,0.9450376,0.9483475,0.94092816,0.94713604,0.94287705,0.950149,0.9400412,0.96944934,0.9499287,0.941985,0.95167214,0.94145405,0.9436129,0.9414359,0.9363354,0.95342827,0.9511055,0.94993204,0.93796235,0.9334237,0.9423464,0.93651265,0.94639295,0.9462245,0.9553269,0.94094306,0.9469531,0.96944934,0.938027,0.95031226,0.9447609,0.94872403
bernadettefilm,0.9532141,0.949898,0.95596063,0.95172447,0.95356506,0.94977677,0.95239025,0.95065117,0.9754048,0.9515203,0.94821507,0.9427918,0.944303,0.9553193,0.95236754,0.94677824,0.95334613,0.953414,0.9453893,0.9433908,0.9999999,0.9449312,0.9516743,0.9582858,0.94531983,0.9167574,0.9382994,0.9502484,0.95422226,0.9503862,0.94850963,0.95640665,0.9441973,0.9528355,0.9377618,0.91553974,0.9526561,0.94705653,0.94159675,0.9592115,0.9470541,0.9555413,0.94440794,0.95110464,0.95384824,0.9488774,0.95040786,0.94788057,0.95331156,0.953371,0.9534363,0.95967644,0.93879306,0.953831,0.94167936,0.94829386,0.9436481,0.95696527,0.9504789,0.9590924,0.9467265,0.9448654,0.95129305,0.95502174,0.9524232,0.94938534,0.9453978,0.94811654,0.9499851,0.9333707,0.9585885,0.7757211,0.9428601,0.9572679,0.94578326,0.93173057,0.91294485,0.9467896,0.9461202,0.9451826,0.940598,0.9478257,0.95467156,0.94545865,0.9498331,0.9527684,0.9376663,0.94440895,0.95253617,0.95954293,0.9497414,0.9585885,0.9551755,0.94993,0.9484223,0.9495637,0.94847435,0.94971615,0.9422612,0.94347847,0.9468489,0.9447223,0.9521181,0.95604736,0.9535876,0.95330244,0.9573611,0.95559967,0.9393061,0.9491603,0.95147,0.8731552,0.94781363,0.9072355,0.95804673,0.94720435,0.95516014,0.94555616,0.94815636,0.9463109,0.95573574,0.9535632,0.950359,0.9394093,0.95526755,0.9479481,0.9410656,0.9456139,0.9508098,0.94323057,0.9715195,0.9436734,0.955694,0.9410577,0.9498298,0.94671035,0.95332545,0.95351744,0.95906806,0.9452628,0.9754048,0.9507476,0.9493427,0.9506287,0.9484429,0.95645595,0.93964005,0.94900256,0.9559115,0.9479304,0.937267,0.9581492,0.955464,0.94043016,0.9477311,0.9557937,0.9440269,0.95464647,0.940154,0.9490721,0.9754048,0.9259197,0.9542633,0.9531755,0.946082
