movie,21bridgesmovie,47metersdown,abeautifuldaymovie,abominablemovie,adastramovie,adogsjourneymovie,aftermathmovie,aftermovie,ahiddenlifefilm,alitamovie,angelhasfallen,angrybirdsmovie,annabellemovie,annamovie,apollo11movie,arcticdogsmovie,arcticmovie,artofracingmovie,avengers,beachbummovie,bernadettefilm,blackandbluemovie,blackchristmas,blindedbythelightmovie,bombshellmovie,booksmart,breakthroughmovie,brianbanksmovie,brightburnmovie,brittanyrunsmov,captainmarvelofficial,captivestatemovie,catsmovie,charliesangels,childsplaymovie,clarathefilm,coldpursuitmovie,countdown,currentwarmovie,darkwatersmovie,detectivepikachumovie,disneyaladdin,disneyfrozen,disneymaleficent,doctorsleepmovie,dolemiteismyname,dontletgomovie,doramovie,downtonabbey_official,dumbo,escaperoom,everybodyknowsmovie,fastandfuriousmovie,fightingwmyfam,fivefeetapartfilm,fordvferrari,freaksthefilm,geminimanmovie,glassmovie,gloriabellmovie,godzillamovie,goldfinchmovie,goodboysmovie,goodliarmovie,gretafilm,halathemovie,happydeathdaymovie,harrietfilm,hellboymovie,hersmellmovie,highlifemovie,highstrungmovie,honeyboymovie,hotelmumbaifilm,httydragon,hustlemovie,hustlersmovie,isntitromantic,itmovieofficial,jayandsilentbob,johnwickmovie,jojorabbitmovie,jokermovie,judythefilm,jumanjimovie,justmercyfilm,knivesout,lalloronamovie,lastblackmansf,lastchristmasthemovie,latenightmovie,lighthousemovie,lionking,littlethemovie,littlewomenmovie,littlewoodsfilm,longshotmovie,lordsofchaosmovie,lucyintheskyfilm,mamovie2019,marriagestory,meettheaddams,meninblack,midsommarmovie,midwaymovie,missbalamovie,missinglinkfilm,motherlessbklyn,onceinhollywood,onthebasisofsex,overcomermovie,peanutbutterfalcon,petsematarymovie,piercingmovie,playingwithfire,playmobilthemovie,pomsmovie,queenandslim,rambomovie,readyornotfilm,richardjewellfilm,rocketmanmovie,scarystoriesmovie,secretlifeofpets,serenityfilm,shaftmovie,shazammovie,spidermanmovie,spiesindisguise,starwars,stormboymovie,stubermovie,taosdfilm,teenspiritmov,terminator,theaeronautsmov,thebestofenemies,thedeaddontdie,thefarewell,thehighwaymen,thehummingbirdprojectfilm,theintrudermovie,theirishmanfilm,thekitchenmovie,thelegomovie,themustangfilm,thenightingalefilm,theprodigymovie,thesunisalsoastar,theupsidefilm,tolkienmovie,toystory,triplefrontier,uglydolls,uncutgems,underthesilverlake,usmovie,wavesmovie,whatmenwant,wonderparkmovie,wrinklestheclown,xmenmovies,yardiefilm,yesterdaymovie,zombieland
21bridgesmovie,1.0000004,0.94899154,0.9651445,0.9591156,0.95298696,0.9522713,0.95348763,0.95830876,0.9802329,0.9564728,0.95532197,0.95454067,0.96662474,0.9603987,0.96068394,0.958625,0.9586209,0.9595072,0.97975194,0.94938034,0.95435685,0.9577749,0.95300114,0.9649501,0.9500224,0.9077674,0.959926,0.95817167,0.9616058,0.94834137,0.9669433,0.9511122,0.9473757,0.9564226,0.9441188,0.9372349,0.96417767,0.9682647,0.9606582,0.95768476,0.9638427,0.9620608,0.9463497,0.9616126,0.9622763,0.95270985,0.9525352,0.9520507,0.94960517,0.964764,0.9660579,0.96626014,0.9531417,0.9531487,0.956863,0.95652497,0.9541683,0.95665485,0.95815253,0.9677531,0.9631338,0.95976937,0.9553363,0.9619783,0.9562066,0.9589739,0.9552612,0.96015805,0.94900835,0.94795185,0.9704861,0.86571616,0.9563333,0.9495624,0.9552118,0.9590156,0.93930215,0.95386803,0.95980996,0.95503443,0.96318185,0.9452816,0.9616093,0.96545404,0.95777446,0.95898587,0.9575498,0.9641255,0.96499723,0.9630695,0.9604679,0.9704861,0.958544,0.9550605,0.9617228,0.9436943,0.9656113,0.9551148,0.95182127,0.95074403,0.95292395,0.9548696,0.94519556,0.96312517,0.96100444,0.9622089,0.9654433,0.96363765,0.94786984,0.95945877,0.9670656,0.87867653,0.965058,0.9455867,0.95146114,0.9667432,0.9906437,0.96083254,0.97296625,0.94866425,0.95923996,0.9619316,0.9621725,0.95564014,0.96104366,0.9526322,0.94925356,0.9611781,0.9546219,0.95197016,0.951493,0.94812095,0.96356016,0.9530366,0.95951885,0.9490797,0.9720221,0.9595992,0.9681516,0.95241904,0.9802329,0.9551997,0.9397472,0.9565826,0.94242436,0.9561965,0.95116377,0.95480347,0.95850885,0.96667063,0.9543527,0.9612376,0.9660415,0.9601748,0.95765585,0.9648,0.9529,0.96198595,0.95808804,0.95975626,0.9802329,0.95220625,0.95136863,0.9468804,0.9657137
47metersdown,0.94899154,0.9999997,0.95451635,0.9477506,0.9466787,0.94938,0.94642806,0.94834995,0.97397107,0.94925237,0.9486366,0.9529169,0.9573289,0.9597389,0.9528373,0.9625747,0.957879,0.9569311,0.9377399,0.9440493,0.95208424,0.94600135,0.95635325,0.9656853,0.9526361,0.9084522,0.95336837,0.9531112,0.95205885,0.94638836,0.94593763,0.9510306,0.94801646,0.9490395,0.9388927,0.9301731,0.95806503,0.95173824,0.9577714,0.9529988,0.94786745,0.9588906,0.9529248,0.9524679,0.958859,0.953178,0.95781094,0.94908047,0.94699395,0.95623773,0.956925,0.95723134,0.9415102,0.95275104,0.9506438,0.9565843,0.9533051,0.9570808,0.9555298,0.95709234,0.95510864,0.95215935,0.95436525,0.95705277,0.94647115,0.956081,0.9491153,0.95216453,0.94865334,0.9404795,0.9578845,0.8680381,0.9459722,0.94304776,0.938051,0.9439986,0.9284805,0.9475213,0.95646524,0.94919425,0.94243026,0.94594353,0.9533622,0.94418204,0.9475043,0.95310146,0.9501195,0.9568095,0.9556619,0.9613098,0.9510742,0.9578845,0.95978504,0.9506972,0.9549739,0.9320865,0.9459559,0.95549417,0.9480422,0.9475647,0.9444501,0.93876356,0.9431145,0.95596147,0.95757186,0.9552664,0.9570776,0.9472113,0.95191884,0.95011795,0.9530235,0.8820546,0.94758934,0.9444068,0.94695365,0.94406533,0.96014,0.94517446,0.9494479,0.9441008,0.9476275,0.9499925,0.96003443,0.95278275,0.9478896,0.9527528,0.9403818,0.94606274,0.95931816,0.9470287,0.9457082,0.9510314,0.9546049,0.9410379,0.95418376,0.9449967,0.9416946,0.94865006,0.95500106,0.9474391,0.97397107,0.94319403,0.94000983,0.94056237,0.93826205,0.9530379,0.94685626,0.94433475,0.947959,0.9471997,0.94335365,0.9552654,0.9555761,0.9245918,0.9579798,0.95823514,0.948489,0.9551133,0.9388798,0.93825436,0.97397107,0.95188624,0.9488272,0.94996095,0.9548068
abeautifuldaymovie,0.9651445,0.95451635,0.99999994,0.956029,0.95530987,0.9481387,0.9574681,0.9543095,0.9798122,0.94933146,0.95764315,0.9698722,0.9594492,0.9591894,0.9589968,0.95659643,0.95371467,0.96115065,0.9587659,0.9535633,0.95757014,0.9728618,0.95173144,0.96036714,0.94557947,0.9139128,0.96691316,0.95472753,0.97766256,0.9601175,0.96160907,0.95350087,0.9493445,0.96140087,0.9489187,0.940789,0.9591253,0.9490797,0.96312416,0.95748067,0.9539981,0.95882165,0.9521199,0.9588575,0.9644015,0.95538825,0.95572937,0.9580772,0.9562335,0.9612881,0.9806056,0.96785575,0.94504404,0.9464298,0.9494252,0.95846367,0.9460105,0.952985,0.96239424,0.9579027,0.95585424,0.9491263,0.9623657,0.9596762,0.952002,0.95566636,0.94723445,0.96513695,0.9545661,0.943311,0.9596234,0.8688418,0.95472354,0.9550168,0.95233387,0.9517223,0.9393219,0.9489715,0.95663565,0.9590917,0.96065056,0.94841784,0.9597453,0.9574994,0.9702844,0.9568712,0.9570718,0.95376325,0.95364344,0.9635868,0.9594872,0.9596234,0.95728207,0.95780426,0.9736186,0.9519076,0.9630691,0.9517269,0.9526065,0.94409853,0.9552296,0.95138174,0.96384937,0.9553617,0.95281976,0.9756072,0.959263,0.96577877,0.9612015,0.95839494,0.9619842,0.8924621,0.96381325,0.9474058,0.95557755,0.95680237,0.9658954,0.9597957,0.9613849,0.9526009,0.956723,0.9626804,0.95791465,0.95177835,0.9538761,0.9572169,0.94019306,0.97414553,0.96052563,0.9499551,0.9505653,0.9493798,0.95792085,0.9400244,0.95405763,0.95615286,0.94969493,0.9575328,0.9580943,0.94885886,0.9798122,0.97125703,0.9488215,0.95509166,0.9470688,0.95901453,0.9494085,0.9550156,0.9596159,0.95839745,0.96023595,0.9739532,0.9567944,0.9399165,0.9553512,0.9575394,0.9485131,0.95811427,0.95050186,0.95193505,0.9798122,0.9536866,0.9544979,0.95638883,0.9709807
abominablemovie,0.9591156,0.9477506,0.956029,0.9999999,0.9572331,0.95260173,0.95943606,0.9554922,0.97700465,0.9435903,0.9572028,0.95314664,0.96113044,0.9541095,0.9502239,0.9515358,0.9491438,0.96229213,0.95085245,0.9422757,0.95741206,0.9548387,0.9483903,0.95529246,0.9450318,0.911693,0.960533,0.9465494,0.9540752,0.94891423,0.95601565,0.94984883,0.9466619,0.9476375,0.9488536,0.94964457,0.96094155,0.95700693,0.954316,0.96165514,0.9534422,0.9548904,0.9385831,0.9477878,0.95681334,0.9499805,0.9501284,0.9504389,0.9458773,0.9476263,0.9580023,0.96604455,0.94847614,0.94902366,0.95580417,0.95000136,0.95024264,0.95683485,0.9638349,0.9553949,0.9559535,0.94973326,0.95021886,0.95453507,0.9539822,0.95749855,0.9454802,0.95719236,0.95461506,0.94462985,0.96216434,0.86184627,0.9494622,0.9445033,0.95837873,0.9519022,0.94204414,0.94701123,0.9492851,0.9580158,0.95531595,0.9568381,0.95473206,0.9510438,0.9515241,0.95296633,0.95953393,0.950889,0.9571717,0.95985097,0.9561619,0.96216434,0.95624495,0.9577546,0.95827943,0.95323324,0.9559576,0.9510192,0.9498367,0.9403492,0.95168775,0.9517857,0.9389524,0.95674884,0.9489853,0.954068,0.9585042,0.9555902,0.94126403,0.95063704,0.9663737,0.8831964,0.9566272,0.9548831,0.94415957,0.950946,0.963461,0.9567914,0.9641152,0.9527843,0.9570859,0.95562476,0.9648919,0.95876336,0.9513041,0.95566773,0.9404326,0.9584305,0.9570894,0.9460337,0.95332485,0.9411113,0.9487305,0.94515234,0.9564743,0.9443181,0.95478785,0.9586143,0.9596628,0.9508434,0.97700465,0.9472433,0.9437315,0.94966376,0.94826883,0.95253205,0.9376814,0.9599065,0.95285535,0.95775944,0.9618268,0.9614103,0.9628551,0.94287527,0.95592815,0.9587709,0.9511367,0.9551921,0.9497629,0.9449732,0.97700465,0.9568395,0.9497971,0.9537303,0.95533186
adastramovie,0.95298696,0.9466787,0.95530987,0.9572331,1.0,0.9492442,0.9568541,0.95923173,0.9730674,0.96206844,0.94959795,0.95314735,0.9539525,0.9545078,0.9563865,0.95392084,0.95037156,0.97529185,0.9466751,0.9485237,0.9501598,0.9535441,0.94975334,0.9570945,0.94242436,0.89782935,0.9597679,0.9500575,0.9566217,0.94690394,0.9544318,0.9463399,0.95184946,0.9442511,0.942083,0.9387177,0.955529,0.94863397,0.95793647,0.95514214,0.952071,0.95446944,0.9400017,0.951735,0.9530609,0.95111006,0.95169395,0.95477134,0.9463902,0.95532113,0.95971423,0.9550221,0.9473804,0.9536679,0.9447676,0.97069687,0.9492796,0.9504934,0.95135534,0.957639,0.9455183,0.95619285,0.95176846,0.95442843,0.9442204,0.95128787,0.9434531,0.95175636,0.944186,0.945684,0.96240073,0.8652968,0.94574016,0.94518274,0.9449144,0.9447361,0.9348789,0.9561211,0.9538425,0.94462097,0.95331657,0.9569516,0.94961476,0.9495896,0.95362866,0.945976,0.94569165,0.9529708,0.95937294,0.9577074,0.95511264,0.96240073,0.9587304,0.95124966,0.9553887,0.94917566,0.95457804,0.9499874,0.94746685,0.9435426,0.9466786,0.9462375,0.93682855,0.95429486,0.95374465,0.95814455,0.9610054,0.9512574,0.94677025,0.94286877,0.948607,0.90276784,0.96117353,0.9441241,0.9413619,0.94658303,0.95710903,0.9511427,0.958206,0.95139617,0.94860977,0.9570959,0.9547615,0.95447594,0.9510114,0.95150113,0.9349506,0.9585565,0.96759135,0.9431708,0.9465634,0.96448827,0.94998586,0.93819565,0.95425636,0.94705784,0.95086575,0.9506632,0.9616346,0.94687295,0.9730674,0.9498071,0.9423288,0.94860065,0.94324523,0.94386315,0.93587655,0.956183,0.95117265,0.9484011,0.95387477,0.9573624,0.9585134,0.92761785,0.9518848,0.9587725,0.949492,0.95383644,0.95776594,0.95038533,0.9730674,0.95710087,0.951128,0.949959,0.9497799
adogsjourneymovie,0.9522713,0.94938,0.9481387,0.95260173,0.9492442,1.0000004,0.9638976,0.95335513,0.97473353,0.93989307,0.95851874,0.9582445,0.9570835,0.9582354,0.9493303,0.95383275,0.9602691,0.9615039,0.9433734,0.93552583,0.9637819,0.9542849,0.9596465,0.95255464,0.9537879,0.9023887,0.94995654,0.95439386,0.95924103,0.95332736,0.9551892,0.94491297,0.96159095,0.9514019,0.9493617,0.94380516,0.95923847,0.9580527,0.95220745,0.96059096,0.9488307,0.9574864,0.93731064,0.95204604,0.9557367,0.94560313,0.9622171,0.95895326,0.9459714,0.95217824,0.9658653,0.964559,0.9513016,0.96217793,0.9449316,0.95521516,0.94957167,0.95569944,0.9506653,0.95498466,0.95038754,0.9547288,0.9508653,0.9496795,0.9545536,0.95735925,0.94459814,0.95909524,0.9602198,0.9437277,0.9571216,0.86831814,0.95481026,0.94179046,0.95167255,0.9568152,0.9356972,0.95115125,0.9550187,0.96111536,0.9549355,0.9585006,0.9527313,0.950151,0.95145744,0.95663315,0.95282525,0.9606095,0.9607078,0.9519215,0.9530004,0.9571216,0.9588948,0.9500302,0.96252424,0.94420266,0.95708686,0.9467356,0.9471758,0.95986414,0.94141036,0.95244265,0.9482441,0.9532641,0.95302343,0.9656868,0.9571188,0.94539946,0.94666827,0.9568753,0.9478518,0.8833354,0.9544599,0.9417423,0.95044667,0.9551719,0.9616862,0.96132034,0.9598014,0.9537928,0.94975233,0.96048486,0.9602431,0.96818423,0.9579735,0.9453887,0.96059704,0.95468193,0.9539796,0.9404886,0.9552789,0.9526053,0.96432745,0.94711965,0.95325285,0.9524681,0.9531631,0.963912,0.954393,0.94455403,0.97473353,0.9485762,0.939706,0.94163954,0.94038635,0.95216733,0.94524527,0.9551106,0.9468479,0.9551242,0.96159506,0.9459416,0.9513615,0.9277683,0.9445212,0.9555712,0.96149445,0.94536877,0.9487362,0.9502398,0.97473353,0.9528703,0.95490235,0.95895606,0.96076965
aftermathmovie,0.95348763,0.94642806,0.9574681,0.95943606,0.9568541,0.9638976,1.0000001,0.964798,0.9801232,0.9462683,0.9518156,0.9557194,0.96423256,0.94967484,0.95033187,0.95162886,0.95782983,0.9659556,0.9506884,0.9421196,0.9613309,0.9618695,0.95423347,0.9563442,0.9483462,0.90036434,0.95964515,0.9601284,0.9647986,0.9568012,0.95853573,0.95492446,0.9467289,0.94576967,0.95455575,0.94358456,0.95650065,0.95484203,0.9604685,0.9576783,0.9480885,0.95424134,0.9356623,0.95041806,0.9602783,0.95628345,0.95585823,0.95756555,0.95524186,0.95247424,0.96292007,0.96578336,0.9472983,0.96426976,0.9537224,0.9573408,0.9490174,0.95409584,0.95384365,0.9549425,0.9527517,0.95385826,0.9529423,0.95606095,0.9488233,0.96036077,0.9432492,0.9591287,0.95969737,0.9530641,0.9607332,0.8581446,0.95411545,0.9490564,0.9574088,0.9531322,0.9477792,0.9523963,0.9551675,0.95286644,0.9590375,0.97440207,0.9487222,0.9571667,0.9565023,0.95483863,0.95266217,0.9598944,0.9580733,0.96145695,0.961189,0.9607332,0.95531905,0.9453854,0.9578823,0.9439573,0.958946,0.95528066,0.9694045,0.95243806,0.95185125,0.95493,0.93889004,0.95397246,0.94679457,0.961504,0.9622466,0.954613,0.9498061,0.9574934,0.95497197,0.8933652,0.95987153,0.940878,0.94983006,0.95637083,0.9596758,0.9614121,0.96307254,0.9870874,0.9586201,0.95949394,0.9653853,0.95895225,0.9526864,0.95279765,0.95957875,0.95960414,0.9597282,0.94029015,0.95670646,0.9514995,0.9597714,0.9457371,0.95081055,0.95247626,0.95347637,0.958623,0.9555324,0.9473987,0.9801232,0.959694,0.95156795,0.9464048,0.94819677,0.95537764,0.9374648,0.9596657,0.9557392,0.95943767,0.9875965,0.95601445,0.9590761,0.93919194,0.94983655,0.95560485,0.9516235,0.9564054,0.95279694,0.95082647,0.9801232,0.95921934,0.95608693,0.9549743,0.9598088
aftermovie,0.95830876,0.94834995,0.9543095,0.9554922,0.95923173,0.95335513,0.964798,1.0,0.9765418,0.9467866,0.95851386,0.9520118,0.9677726,0.9543126,0.9581046,0.9541111,0.9546763,0.96470886,0.95195395,0.9488107,0.9480135,0.9593483,0.95639336,0.9524863,0.9512157,0.88341355,0.9631319,0.9554059,0.9556767,0.9510782,0.9631098,0.9532161,0.95287526,0.94610876,0.9450844,0.9477976,0.96488315,0.95744294,0.95554113,0.95840603,0.9552872,0.9581383,0.9417427,0.95329046,0.957059,0.955563,0.95855,0.95223933,0.95344794,0.95742947,0.96113217,0.9658112,0.9327944,0.96207434,0.95903933,0.9627999,0.9548697,0.9525191,0.95862883,0.95191,0.95156276,0.94693816,0.95071155,0.9608856,0.9538777,0.95607543,0.9571064,0.9584466,0.95535105,0.9476288,0.9649007,0.86853814,0.954657,0.9534328,0.9445684,0.9525699,0.9409337,0.9477681,0.9586992,0.9446995,0.9611161,0.96204966,0.9534446,0.9583034,0.96048427,0.952184,0.960508,0.96049094,0.9652423,0.96313405,0.95755744,0.9649007,0.95333505,0.9379741,0.957287,0.9438253,0.95891184,0.9514121,0.9472145,0.9586003,0.9557306,0.9541989,0.94266295,0.9550218,0.95355195,0.9619097,0.9650051,0.9579881,0.942936,0.9494602,0.96100324,0.8893825,0.95733595,0.95068145,0.94083446,0.95913917,0.9658688,0.9544601,0.9591848,0.9591814,0.95679355,0.9563604,0.9624204,0.9526916,0.9590395,0.9551615,0.9553214,0.95365745,0.9613231,0.94467705,0.9576708,0.95481676,0.9547077,0.947899,0.95117223,0.9456819,0.9559022,0.96046084,0.9607199,0.95208853,0.9765418,0.95669526,0.9496353,0.9545953,0.9419681,0.956154,0.9523148,0.9508324,0.9576281,0.9509373,0.9641566,0.94925046,0.95575726,0.9257018,0.9557847,0.96217877,0.9478714,0.96018434,0.9623368,0.94715405,0.9765418,0.95762366,0.94805866,0.9506773,0.956039
ahiddenlifefilm,0.9802329,0.97397107,0.9798122,0.97700465,0.9730674,0.97473353,0.9801232,0.9765418,1.0,0.9683311,0.9773154,0.9762846,0.9814267,0.97638655,0.975343,0.97516906,0.97407997,0.9809262,0.97225827,0.96785086,0.9766148,0.98016053,0.97221273,0.98147666,0.96830505,0.9295091,0.9784699,0.9750624,0.98120093,0.97215044,0.9778938,0.9709937,0.97070193,0.97141755,0.9650721,0.9611236,0.98185486,0.97507817,0.97966146,0.97789,0.9750577,0.9780207,0.963834,0.97507393,0.9799484,0.9753088,0.9743304,0.9775267,0.97223306,0.9770773,0.98331,0.983843,0.9649602,0.9773112,0.96976477,0.9769774,0.96907556,0.975919,0.97550553,0.9773169,0.974809,0.9720117,0.9759944,0.9756026,0.9706565,0.9779426,0.9687175,0.9784054,0.9743513,0.9649466,0.98237056,0.88492316,0.97459185,0.970327,0.9716576,0.97478455,0.96030515,0.9705471,0.9776565,0.9731188,0.97628623,0.9758295,0.975843,0.97531325,0.9752978,0.9763659,0.97742933,0.9799213,0.9807662,0.98326486,0.97684115,0.98237056,0.97782373,0.97314364,0.98117757,0.9654582,0.97892207,0.97376627,0.972648,0.97061926,0.97110885,0.9704848,0.96795297,0.9761904,0.9734891,0.9823933,0.9817014,0.97548765,0.9691744,0.9755437,0.9810186,0.906751,0.97990865,0.9664014,0.96888214,0.9747362,0.9842469,0.97650933,0.9825669,0.97473615,0.9750055,0.9798394,0.9830921,0.97539145,0.9776719,0.97441083,0.9702876,0.9784809,0.97827524,0.9653105,0.9740087,0.97347254,0.9774366,0.96465963,0.97510916,0.96914136,0.97353494,0.9783605,0.97958565,0.9685583,1.0,0.9731538,0.9657535,0.96730405,0.96775645,0.9759096,0.9633115,0.9757328,0.97343224,0.9761034,0.9803076,0.9757629,0.9788348,0.9558705,0.9756438,0.9805371,0.96945244,0.9789395,0.9740664,0.9711588,1.0,0.97565657,0.97396755,0.97233,0.97771573
alitamovie,0.9564728,0.94925237,0.94933146,0.9435903,0.96206844,0.93989307,0.9462683,0.9467866,0.9683311,1.0000001,0.94263136,0.9445326,0.95299083,0.95015895,0.9525336,0.94586515,0.94773585,0.95952886,0.94545907,0.9471857,0.93887025,0.94797474,0.94389945,0.9609526,0.9418356,0.8865702,0.94943345,0.9555263,0.95036095,0.9378725,0.9464786,0.94865865,0.94308794,0.9414561,0.9298459,0.9162698,0.95369065,0.9423094,0.9569016,0.95081055,0.9414573,0.9439556,0.9386499,0.94185996,0.9534711,0.9369201,0.94582856,0.9465783,0.94608444,0.94383234,0.95076346,0.951323,0.9504382,0.9441714,0.93549734,0.9640408,0.9483203,0.93231213,0.9392192,0.95755965,0.9461037,0.9405894,0.95407647,0.94896585,0.9390875,0.9465936,0.9558036,0.9423571,0.94469863,0.9410129,0.9581753,0.861503,0.940055,0.9416896,0.93924105,0.94229895,0.9184013,0.9497002,0.9487693,0.9292276,0.9467073,0.94019336,0.94451135,0.9449963,0.9495929,0.9428641,0.9414444,0.9600508,0.95501757,0.9470793,0.94831735,0.9581753,0.9521128,0.9491644,0.94667894,0.9419644,0.9485982,0.94696826,0.93809843,0.9333717,0.93304473,0.9389641,0.93400913,0.947826,0.96259475,0.94935673,0.9471912,0.9486396,0.9393252,0.94688535,0.94582504,0.88503146,0.95422375,0.93469256,0.9301263,0.94450444,0.95458394,0.94149095,0.9512275,0.93859315,0.9445849,0.9479896,0.9524269,0.9480294,0.95046234,0.94275796,0.9372837,0.95156866,0.9550531,0.9360882,0.94283783,0.9525016,0.94650114,0.93276423,0.95265883,0.9336746,0.9437279,0.9471203,0.95424354,0.9312793,0.9683311,0.9506252,0.9277824,0.9492433,0.94129825,0.9407228,0.9338408,0.9416886,0.9460743,0.94065416,0.941813,0.94793713,0.9447777,0.927489,0.94442165,0.9508128,0.939355,0.94697404,0.953792,0.9446549,0.9683311,0.94250476,0.9376947,0.9446279,0.94283736
angelhasfallen,0.95532197,0.9486366,0.95764315,0.9572028,0.94959795,0.95851874,0.9518156,0.95851386,0.9773154,0.94263136,1.0000005,0.9554693,0.95759225,0.9632632,0.95130926,0.9556133,0.9548001,0.9494854,0.9513517,0.9434986,0.9565573,0.96105736,0.95376986,0.95011383,0.9530901,0.89903265,0.9613407,0.95350754,0.96067375,0.9518208,0.960372,0.9464915,0.9532275,0.95237046,0.9499761,0.9452785,0.96556383,0.9573552,0.95715964,0.9581257,0.9527688,0.96190596,0.9477557,0.9514852,0.9537324,0.9605016,0.9579907,0.9561174,0.94818664,0.95582306,0.96568835,0.96004474,0.94771224,0.9562481,0.9435939,0.9513401,0.95189285,0.9659035,0.9485839,0.9518076,0.9487484,0.94404566,0.9548391,0.9590915,0.9456278,0.966792,0.9595144,0.9511884,0.96805084,0.9337146,0.96115685,0.8737635,0.9572788,0.95584387,0.9570322,0.9561225,0.93571097,0.9494042,0.95805925,0.9566743,0.9699711,0.95557964,0.9481101,0.9561181,0.9529947,0.95203495,0.96784884,0.9578366,0.9620074,0.95664406,0.95013857,0.96115685,0.9511789,0.95248127,0.9613077,0.9464027,0.96734077,0.9506245,0.94375473,0.95369136,0.9539457,0.9471226,0.9521874,0.95132816,0.95337254,0.96488404,0.9591606,0.95717496,0.9382827,0.9595164,0.9606687,0.88795125,0.9574651,0.9532693,0.95155317,0.9673051,0.9628391,0.9635637,0.95762575,0.9466723,0.9516881,0.95381236,0.96548855,0.95144165,0.95795417,0.9480291,0.94673085,0.9577235,0.95499456,0.9447581,0.95720696,0.9465013,0.9575531,0.93936014,0.9651009,0.9451449,0.954748,0.9611416,0.96191674,0.9447898,0.9773154,0.9521095,0.95168614,0.945926,0.94432914,0.95427,0.9396393,0.9502389,0.9531822,0.9546788,0.9576136,0.9569166,0.95670474,0.92506313,0.9570168,0.9601666,0.95145893,0.9532735,0.96406645,0.9562482,0.9773154,0.95038545,0.9534338,0.95456135,0.95856977
angrybirdsmovie,0.95454067,0.9529169,0.9698722,0.95314664,0.95314735,0.9582445,0.9557194,0.9520118,0.9762846,0.9445326,0.9554693,1.0000001,0.9581773,0.94878584,0.9585014,0.9512712,0.9545001,0.9637902,0.94784325,0.950185,0.9571102,0.96646154,0.95130867,0.9557521,0.94144535,0.9027546,0.96008277,0.9452174,0.96972644,0.96398336,0.9503933,0.9509437,0.9509581,0.9658723,0.9421423,0.93229747,0.96204305,0.94811803,0.9508153,0.9579222,0.94678366,0.9527544,0.93955153,0.94991183,0.9600315,0.95212275,0.9539762,0.95993215,0.95003635,0.9509269,0.9768968,0.96162885,0.93852276,0.9479561,0.94319415,0.9633788,0.93657446,0.9483198,0.95150256,0.95202386,0.94835484,0.94050723,0.9556798,0.9453138,0.9506024,0.9489612,0.94263715,0.95603997,0.951942,0.94249487,0.95584595,0.8638435,0.95146865,0.94330806,0.95017457,0.9546881,0.93809456,0.94508815,0.94539577,0.9592476,0.95602024,0.9522973,0.94866776,0.9470208,0.9697746,0.95357287,0.9606882,0.95503885,0.9517706,0.9556107,0.95603454,0.95584595,0.9575358,0.95536685,0.97347057,0.95192075,0.95362365,0.9443162,0.9411046,0.9460771,0.9485075,0.9375616,0.9564876,0.9480205,0.9508536,0.97535455,0.9586296,0.9493507,0.9570382,0.9501036,0.95434725,0.8900631,0.95537823,0.9421163,0.9470597,0.9513126,0.9620229,0.9564182,0.95883393,0.94976413,0.9511292,0.9593521,0.95630807,0.9526225,0.95600986,0.9514324,0.9367865,0.9637243,0.95182586,0.9428122,0.9487502,0.95238245,0.94947195,0.94244564,0.94978726,0.95396507,0.95419997,0.9574379,0.9611926,0.9480256,0.9762846,0.9644551,0.9453254,0.94524884,0.9468255,0.95604134,0.9402415,0.95876867,0.94878983,0.9544169,0.95767856,0.9564571,0.95626545,0.9246321,0.95396984,0.9579944,0.9501816,0.95427746,0.9494687,0.94421536,0.9762846,0.9512703,0.95383495,0.95533866,0.9618916
annabellemovie,0.96662474,0.9573289,0.9594492,0.96113044,0.9539525,0.9570835,0.96423256,0.9677726,0.9814267,0.95299083,0.95759225,0.9581773,1.0000002,0.95622915,0.95426375,0.95936567,0.95868593,0.9650014,0.9566164,0.9451655,0.95986354,0.9572778,0.9557061,0.9610886,0.9554579,0.89779055,0.9542543,0.95745146,0.9627548,0.9565017,0.96313196,0.9610177,0.95066637,0.94978327,0.9470083,0.93809485,0.96223885,0.97549856,0.96081656,0.9600155,0.9622377,0.9603575,0.9426363,0.9610048,0.96526057,0.9576877,0.96008825,0.960144,0.95382535,0.95873874,0.96700156,0.9655067,0.9496869,0.96045405,0.96370614,0.9626089,0.9563535,0.959732,0.95429623,0.95864636,0.9647307,0.95161206,0.9568987,0.96741706,0.9503517,0.96691173,0.9578459,0.9551458,0.9532208,0.9527131,0.96396554,0.8618298,0.95642376,0.9485753,0.9526412,0.949659,0.9468686,0.9494899,0.95990807,0.94804907,0.9634209,0.9598863,0.96584904,0.9611089,0.96771204,0.95967454,0.96347106,0.9755762,0.9636272,0.966436,0.96028477,0.96396554,0.9627515,0.95253056,0.9613219,0.94841707,0.9595322,0.96061295,0.9513489,0.9574399,0.9486878,0.9537386,0.94857335,0.9608055,0.95129234,0.9659439,0.96393776,0.9668676,0.9532429,0.9563887,0.9624937,0.8834661,0.96523625,0.9532576,0.9572821,0.95915633,0.96991616,0.962065,0.96976084,0.9593756,0.96822196,0.96092975,0.9674134,0.9539394,0.9612982,0.9563138,0.9587421,0.9534156,0.96251667,0.93851066,0.95902437,0.9586105,0.960447,0.94804543,0.96094584,0.9521883,0.96169204,0.9627019,0.96317405,0.94940734,0.9814267,0.9593826,0.94733655,0.95921516,0.9517009,0.9576061,0.95246094,0.96212643,0.9698786,0.9585476,0.9642944,0.95192057,0.95557195,0.93716514,0.9587422,0.96254694,0.95079625,0.95931405,0.957713,0.953807,0.9814267,0.95530653,0.9557885,0.9525197,0.96160495
annamovie,0.9603987,0.9597389,0.9591894,0.9541095,0.9545078,0.9582354,0.94967484,0.9543126,0.97638655,0.95015895,0.9632632,0.94878584,0.95622915,0.99999976,0.95662534,0.9630479,0.9624944,0.95874476,0.9535412,0.9521338,0.9552532,0.9577548,0.95885503,0.9582944,0.9585272,0.9101392,0.9617701,0.95104754,0.96142423,0.94676393,0.95518124,0.95098066,0.9544948,0.9509856,0.95175856,0.94225955,0.9648953,0.95817,0.95816976,0.957073,0.9564095,0.96055526,0.95175654,0.95591867,0.9587436,0.9540331,0.962171,0.9551529,0.9495209,0.95938,0.9662143,0.9632489,0.9473086,0.9604851,0.9443766,0.9554705,0.9527446,0.9545859,0.95185477,0.95525426,0.9565443,0.9578737,0.96049637,0.9715385,0.9553681,0.960229,0.956764,0.9554484,0.960698,0.9437008,0.96128356,0.87291974,0.9548836,0.9479521,0.95012915,0.9522428,0.9370908,0.95062715,0.9538652,0.9580563,0.9533336,0.9523602,0.9576951,0.95965505,0.95533407,0.9486186,0.9580498,0.95555043,0.9606525,0.96563005,0.9549349,0.96128356,0.957454,0.94801635,0.9592851,0.93954635,0.9610119,0.95410264,0.9426066,0.96385646,0.94830847,0.9531878,0.95221454,0.95302314,0.972454,0.9651919,0.95973784,0.9560394,0.94817895,0.95604074,0.9580837,0.88256526,0.9602295,0.94374186,0.9494095,0.95867264,0.9647488,0.9543062,0.9632547,0.94194573,0.9580877,0.9587693,0.95904255,0.9520369,0.95117146,0.9439823,0.9472204,0.95505077,0.96050227,0.9447109,0.9509346,0.9489157,0.96247053,0.945839,0.9549981,0.94704723,0.9513365,0.95780677,0.957581,0.94770503,0.97638655,0.9481648,0.9425268,0.94845307,0.94135725,0.9538318,0.94597775,0.9504236,0.9598089,0.95578796,0.9502387,0.9525955,0.96303254,0.9367051,0.9495509,0.95599496,0.9497813,0.95063716,0.95300615,0.9588738,0.97638655,0.94911116,0.95570296,0.95191896,0.96273017
apollo11movie,0.96068394,0.9528373,0.9589968,0.9502239,0.9563865,0.9493303,0.95033187,0.9581046,0.975343,0.9525336,0.95130926,0.9585014,0.95426375,0.95662534,1.0,0.96188176,0.9513602,0.96034956,0.9489951,0.96442604,0.9541568,0.9584816,0.953978,0.96232617,0.9452924,0.8941661,0.95260024,0.9522464,0.96024907,0.9510347,0.9524436,0.9483955,0.955747,0.95240533,0.9436162,0.9311957,0.9576492,0.95316356,0.9631223,0.95756525,0.9541315,0.9525138,0.93668157,0.9495191,0.9619728,0.9521935,0.96037436,0.9577948,0.9560806,0.9540234,0.9598596,0.96273637,0.9412738,0.9584107,0.945718,0.96566004,0.95454055,0.94992816,0.9571559,0.9534858,0.9513474,0.9511785,0.9577486,0.9547301,0.9530419,0.9458245,0.9535134,0.9597811,0.95061666,0.9319342,0.9576792,0.87505585,0.9509577,0.9504236,0.944846,0.9506061,0.93199885,0.9453348,0.95488465,0.9505736,0.9587134,0.9465555,0.95414406,0.9562929,0.9594863,0.94885826,0.9519003,0.9593717,0.95865947,0.9611364,0.9561471,0.9576792,0.95338416,0.948427,0.9572706,0.964635,0.9541851,0.9444363,0.94837266,0.9516004,0.9417493,0.9493525,0.9494191,0.95089334,0.95560026,0.9600766,0.96430236,0.9520016,0.9520667,0.95310026,0.9578582,0.88664705,0.9614019,0.9374479,0.9426952,0.9486719,0.963315,0.9530228,0.9557466,0.9445597,0.9536571,0.9590592,0.9578042,0.9549219,0.9557511,0.9534691,0.94430625,0.9554371,0.95741427,0.9338623,0.9541162,0.9520412,0.9554259,0.949233,0.95152086,0.95093393,0.9589012,0.95591825,0.9627998,0.9372978,0.975343,0.95538044,0.93472874,0.9446678,0.9447016,0.95763904,0.9458547,0.9525735,0.95528686,0.9545863,0.95359653,0.9511976,0.9496848,0.9344988,0.95404273,0.95873564,0.9569196,0.9582079,0.9597721,0.9528606,0.975343,0.95788723,0.9578322,0.9491325,0.958985
arcticdogsmovie,0.958625,0.9625747,0.95659643,0.9515358,0.95392084,0.95383275,0.95162886,0.9541111,0.97516906,0.94586515,0.9556133,0.9512712,0.95936567,0.9630479,0.96188176,1.0000008,0.95164746,0.9601646,0.94980735,0.94585687,0.95690817,0.95167357,0.9584384,0.95762,0.95359737,0.9012442,0.95529354,0.9488873,0.9609706,0.94777423,0.953786,0.9448333,0.9510113,0.9499843,0.9410083,0.93570685,0.9598366,0.9502991,0.9634229,0.96120983,0.95513046,0.96265197,0.94289285,0.96050626,0.95872754,0.9553535,0.95449287,0.96111,0.9428633,0.95822763,0.96408653,0.9570927,0.93979174,0.95699924,0.9484119,0.9543574,0.95619845,0.95773524,0.95930815,0.9482182,0.96087515,0.96141267,0.9602742,0.9565544,0.9472788,0.9624804,0.9521179,0.95502156,0.9555868,0.9383469,0.952621,0.86143374,0.95215446,0.95124376,0.94199425,0.95338076,0.9385368,0.9442683,0.9560127,0.95093024,0.9530057,0.9494714,0.9590674,0.9494799,0.9531521,0.953276,0.9505067,0.95838904,0.9568158,0.96280885,0.955377,0.952621,0.9597944,0.94472957,0.96021694,0.94536346,0.95852774,0.9554543,0.9477657,0.9528623,0.95020795,0.9417828,0.9460939,0.95638007,0.9575169,0.9604839,0.96139735,0.9645775,0.96251297,0.9557099,0.9588048,0.8704043,0.95710874,0.94103265,0.9520403,0.9514881,0.9626751,0.95182115,0.9634727,0.94832414,0.9647111,0.95520425,0.96327597,0.9537899,0.95788604,0.9502352,0.94375116,0.95049363,0.9605928,0.9378229,0.955494,0.95165753,0.9543312,0.94571143,0.9616936,0.94667614,0.9464075,0.9542779,0.9545718,0.94857407,0.97516906,0.9509685,0.9495158,0.94836205,0.9506391,0.9530643,0.94327366,0.9479751,0.9600509,0.9569114,0.9543061,0.9524859,0.95819414,0.9370328,0.94995385,0.9571385,0.9491091,0.94560295,0.95324564,0.954297,0.97516906,0.9490105,0.95745873,0.9499284,0.9599413
arcticmovie,0.9586209,0.957879,0.95371467,0.9491438,0.95037156,0.9602691,0.95782983,0.9546763,0.97407997,0.94773585,0.9548001,0.9545001,0.95868593,0.9624944,0.9513602,0.95164746,0.99999994,0.9652181,0.9474445,0.9441086,0.958278,0.95353067,0.95022506,0.9571804,0.94940335,0.89275193,0.9522585,0.96934557,0.95610714,0.94688874,0.9489922,0.9460668,0.9427302,0.94809407,0.9437326,0.9357353,0.95520717,0.95860916,0.948553,0.95240045,0.94823337,0.95909494,0.94028395,0.96069896,0.95094246,0.9470044,0.9526479,0.95012295,0.94601494,0.96149284,0.95959395,0.9554098,0.9429776,0.95028156,0.9466652,0.95620483,0.9430021,0.95225346,0.9454552,0.9530624,0.94813675,0.9518619,0.94957113,0.95749676,0.9396133,0.95480704,0.95048267,0.9545867,0.95670056,0.94902265,0.95672745,0.8640043,0.94925857,0.9441031,0.9422575,0.9515999,0.9290106,0.9515247,0.95144016,0.95606476,0.9549867,0.9503271,0.95462424,0.95351744,0.9540735,0.94879764,0.9482438,0.95839685,0.95677865,0.9551623,0.951289,0.95672745,0.9599042,0.94870317,0.9517252,0.9365646,0.95343316,0.9492327,0.9535681,0.951669,0.9379568,0.93662333,0.94027543,0.9497227,0.95603275,0.95856136,0.96108633,0.94666904,0.94642407,0.95096654,0.94911647,0.86724806,0.95309955,0.9375191,0.94678766,0.9660694,0.967614,0.94976574,0.95627487,0.95137453,0.9566406,0.95948964,0.9564981,0.9480477,0.9522967,0.9418123,0.95211583,0.9518809,0.95290715,0.94588006,0.94654983,0.94631386,0.9775667,0.9456264,0.95703197,0.9428515,0.9545668,0.9489786,0.9565266,0.9464541,0.97407997,0.9440873,0.9330636,0.9476744,0.9334912,0.9483113,0.94864917,0.9534063,0.9510374,0.949719,0.9557401,0.9536629,0.9513171,0.9373651,0.9449632,0.9526477,0.9425649,0.9476639,0.95548975,0.95315045,0.97407997,0.9473214,0.9516917,0.9427683,0.96002626
artofracingmovie,0.9595072,0.9569311,0.96115065,0.96229213,0.97529185,0.9615039,0.9659556,0.96470886,0.9809262,0.95952886,0.9494854,0.9637902,0.9650014,0.95874476,0.96034956,0.9601646,0.9652181,1.0000001,0.95283,0.9534924,0.9576703,0.9627538,0.95729315,0.962558,0.94621456,0.9040037,0.9644231,0.9604173,0.96514744,0.95202816,0.9574168,0.9513286,0.95989025,0.9475857,0.94775164,0.94352907,0.9611361,0.9541194,0.9629173,0.9642305,0.9546723,0.9611067,0.9447981,0.95878893,0.9589385,0.953573,0.9573938,0.96487725,0.95306015,0.96131486,0.9665716,0.9664397,0.94892913,0.9631517,0.9493251,0.971236,0.94968736,0.95647484,0.9589662,0.96211576,0.95528334,0.9540101,0.96104795,0.9559953,0.9509803,0.958839,0.9489646,0.9618764,0.9507931,0.9531264,0.9650888,0.86648184,0.94644153,0.9483585,0.9525812,0.95255375,0.937667,0.950616,0.9544032,0.95644736,0.957444,0.95760894,0.961314,0.9523395,0.96222264,0.9552568,0.95242196,0.9630576,0.9642401,0.9661603,0.9581769,0.9650888,0.9682245,0.9588629,0.9641614,0.95207506,0.95999825,0.9549229,0.95369244,0.95489496,0.9488611,0.95277977,0.95387346,0.9601735,0.9584046,0.96652305,0.96559906,0.9549662,0.9549592,0.95226735,0.96158224,0.890806,0.96082455,0.94937474,0.9462141,0.94965595,0.9639262,0.9577571,0.96638,0.95951545,0.9563306,0.96034205,0.9610674,0.96210736,0.9606482,0.9545411,0.94781524,0.9647602,0.97206134,0.94662994,0.9563176,0.96879214,0.9603909,0.94280905,0.9561588,0.94979227,0.9604377,0.96494496,0.9635144,0.95871335,0.9809262,0.9566708,0.94479895,0.9505489,0.9512233,0.95432705,0.9495535,0.96351284,0.9558383,0.95368725,0.965929,0.95699465,0.9596683,0.93996066,0.9565372,0.96302825,0.9548062,0.9588794,0.95888066,0.95018417,0.9809262,0.9615758,0.9638395,0.9564579,0.9601417
avengers,0.97975194,0.9377399,0.9587659,0.95085245,0.9466751,0.9433734,0.9506884,0.95195395,0.97225827,0.94545907,0.9513517,0.94784325,0.9566164,0.9535412,0.9489951,0.94980735,0.9474445,0.95283,0.99999964,0.9403869,0.9390786,0.9506334,0.9389204,0.9556772,0.9440554,0.89193934,0.9562788,0.9471906,0.9530287,0.94547206,0.97090507,0.9348147,0.94515777,0.9474737,0.93609786,0.936163,0.96260494,0.9509098,0.95037687,0.9506377,0.9537979,0.9503222,0.9345905,0.9518684,0.9564315,0.94995236,0.9434966,0.9528403,0.94599164,0.9565113,0.95981854,0.95747423,0.93804324,0.9417135,0.9501864,0.94697,0.9453165,0.94223654,0.945856,0.9571185,0.9543962,0.95264524,0.9522717,0.95487887,0.9443049,0.9481243,0.9474663,0.9512985,0.9434801,0.9388343,0.9658101,0.84598535,0.94669163,0.93705565,0.9500517,0.9490066,0.9316955,0.94786716,0.9545047,0.95472246,0.96049863,0.9359801,0.95246106,0.95572317,0.9538067,0.94842356,0.951056,0.94902563,0.96235096,0.9539624,0.94575584,0.9658101,0.9522069,0.9466846,0.95596904,0.9402097,0.96325177,0.94968027,0.94883883,0.943741,0.9473966,0.95001584,0.93783313,0.9554356,0.95197994,0.9556998,0.9576272,0.958068,0.94075006,0.9486871,0.95939416,0.8817537,0.95076513,0.9413914,0.94111574,0.95626086,0.9663862,0.95189774,0.96590513,0.94160694,0.9481301,0.9483371,0.9540606,0.9486808,0.9538245,0.9403431,0.9381375,0.953823,0.94405603,0.94633454,0.9432281,0.94025284,0.9541397,0.93266594,0.93893874,0.944292,0.9535322,0.9576263,0.9650308,0.9474689,0.97225827,0.94522256,0.93463236,0.9487099,0.9390753,0.9507548,0.944147,0.9393599,0.94944406,0.9543636,0.9495038,0.9548956,0.9601536,0.95145094,0.94387066,0.96098626,0.93632025,0.9499068,0.945319,0.9441795,0.97225827,0.946911,0.9410372,0.9360893,0.9574166
beachbummovie,0.94938034,0.9440493,0.9535633,0.9422757,0.9485237,0.93552583,0.9421196,0.9488107,0.96785086,0.9471857,0.9434986,0.950185,0.9451655,0.9521338,0.96442604,0.94585687,0.9441086,0.9534924,0.9403869,0.9999996,0.94169843,0.9575857,0.93957156,0.95502335,0.93998104,0.89829975,0.95237154,0.945158,0.95580137,0.94751334,0.93700373,0.9395741,0.9401971,0.9419026,0.9325436,0.9175508,0.9451315,0.93912137,0.950671,0.95036066,0.946696,0.9465874,0.93473834,0.9499925,0.94500893,0.95151496,0.94467515,0.95149463,0.93437874,0.9564542,0.9530178,0.94731426,0.93109655,0.9420562,0.940191,0.9601433,0.9360712,0.93990517,0.9493762,0.9477833,0.93620574,0.94258684,0.9539414,0.9454415,0.9394944,0.938823,0.9381839,0.94387674,0.9418449,0.9396719,0.9523919,0.8568056,0.9480328,0.9367327,0.9326238,0.9431399,0.9174788,0.9455761,0.95186746,0.94414175,0.9492983,0.9385138,0.94567513,0.9460853,0.95418346,0.9306125,0.9521485,0.94735724,0.95237124,0.95502824,0.946379,0.9523919,0.9504943,0.94293797,0.94327307,0.94318897,0.9489263,0.95540756,0.94081724,0.9411473,0.93147516,0.9451859,0.9396431,0.94951385,0.9442007,0.95452803,0.9552242,0.9436315,0.9396784,0.94303817,0.94851434,0.8754683,0.95216155,0.9341261,0.94076836,0.9368717,0.949993,0.93722224,0.9472956,0.9386873,0.9384704,0.95027226,0.94557387,0.9451305,0.9442835,0.9449278,0.94147694,0.9537928,0.956127,0.9326988,0.93616,0.9511158,0.9447867,0.9360178,0.9400188,0.9438602,0.94894946,0.94360685,0.95629793,0.9431548,0.96785086,0.95039046,0.9269901,0.9363941,0.9381729,0.9417246,0.9387401,0.9431481,0.9391791,0.9433931,0.9430012,0.9477141,0.9443958,0.93036944,0.9442398,0.9492807,0.9353538,0.95262915,0.9464196,0.94443154,0.96785086,0.9455896,0.9493849,0.9360803,0.9452655
bernadettefilm,0.95435685,0.95208424,0.95757014,0.95741206,0.9501598,0.9637819,0.9613309,0.9480135,0.9766148,0.93887025,0.9565573,0.9571102,0.95986354,0.9552532,0.9541568,0.95690817,0.958278,0.9576703,0.9390786,0.94169843,1.0000001,0.96047777,0.95224875,0.959357,0.9587894,0.92059606,0.953821,0.9534646,0.9606311,0.95166636,0.9548332,0.9536511,0.9475715,0.95088893,0.9435955,0.9439273,0.95395666,0.9575967,0.95582306,0.9511132,0.9551525,0.955813,0.93272895,0.9473514,0.95965284,0.9549889,0.95311457,0.9514436,0.9518033,0.948321,0.9679582,0.9577614,0.94402444,0.9569727,0.9457127,0.956393,0.93646765,0.9634559,0.9552131,0.9515489,0.9518828,0.9533583,0.9616769,0.9500565,0.93997574,0.95611036,0.949337,0.9592395,0.94944155,0.93936336,0.9555587,0.87182075,0.9551627,0.9516474,0.9562394,0.95169485,0.94966066,0.94593227,0.9541897,0.9553046,0.95064634,0.9618274,0.957132,0.9545065,0.95678186,0.95476246,0.9523767,0.95645416,0.95692956,0.9637902,0.952808,0.9555587,0.9629149,0.95376,0.96220905,0.9436997,0.9554958,0.9468857,0.9534613,0.9547501,0.94878423,0.9518158,0.9490527,0.95201594,0.9486913,0.9674882,0.9631466,0.95293176,0.9426886,0.956113,0.95411485,0.8857234,0.96471894,0.94467264,0.9681442,0.95830196,0.96355283,0.9581032,0.9651538,0.95621806,0.95472586,0.9642821,0.95982474,0.95341396,0.9547881,0.9563483,0.9493142,0.9609371,0.9563284,0.9366997,0.9674238,0.95582414,0.95705783,0.94710684,0.9628192,0.9449613,0.95769274,0.9535372,0.9530639,0.9504294,0.9766148,0.9517454,0.95363116,0.9437015,0.9473022,0.9507222,0.941657,0.9572603,0.9515791,0.9550612,0.9612055,0.94883573,0.9541226,0.9327989,0.9569007,0.9558744,0.9525029,0.953231,0.9584959,0.9616947,0.9766148,0.9559997,0.9590661,0.9476108,0.95652133
