movie,21bridgesmovie,47metersdown,abeautifuldaymovie,abominablemovie,adastramovie,adogsjourneymovie,aftermathmovie,aftermovie,ahiddenlifefilm,alitamovie,angelhasfallen,angrybirdsmovie,annabellemovie,annamovie,apollo11movie,arcticdogsmovie,arcticmovie,artofracingmovie,avengers,beachbummovie,bernadettefilm,blackandbluemovie,blackchristmas,blindedbythelightmovie,bombshellmovie,booksmart,breakthroughmovie,brianbanksmovie,brightburnmovie,brittanyrunsmov,captainmarvelofficial,captivestatemovie,catsmovie,charliesangels,childsplaymovie,clarathefilm,coldpursuitmovie,countdown,currentwarmovie,darkwatersmovie,detectivepikachumovie,disneyaladdin,disneyfrozen,disneymaleficent,doctorsleepmovie,dolemiteismyname,dontletgomovie,doramovie,downtonabbey_official,dumbo,escaperoom,everybodyknowsmovie,fastandfuriousmovie,fightingwmyfam,fivefeetapartfilm,fordvferrari,freaksthefilm,geminimanmovie,glassmovie,gloriabellmovie,godzillamovie,goldfinchmovie,goodboysmovie,goodliarmovie,gretafilm,halathemovie,happydeathdaymovie,harrietfilm,hellboymovie,hersmellmovie,highlifemovie,highstrungmovie,honeyboymovie,hotelmumbaifilm,httydragon,hustlemovie,hustlersmovie,isntitromantic,itmovieofficial,jayandsilentbob,johnwickmovie,jojorabbitmovie,jokermovie,judythefilm,jumanjimovie,justmercyfilm,knivesout,lalloronamovie,lastblackmansf,lastchristmasthemovie,latenightmovie,lighthousemovie,lionking,littlethemovie,littlewomenmovie,littlewoodsfilm,longshotmovie,lordsofchaosmovie,lucyintheskyfilm,mamovie2019,marriagestory,meettheaddams,meninblack,midsommarmovie,midwaymovie,missbalamovie,missinglinkfilm,motherlessbklyn,onceinhollywood,onthebasisofsex,overcomermovie,peanutbutterfalcon,petsematarymovie,piercingmovie,playingwithfire,playmobilthemovie,pomsmovie,queenandslim,rambomovie,readyornotfilm,richardjewellfilm,rocketmanmovie,scarystoriesmovie,secretlifeofpets,serenityfilm,shaftmovie,shazammovie,spidermanmovie,spiesindisguise,starwars,stormboymovie,stubermovie,taosdfilm,teenspiritmov,terminator,theaeronautsmov,thebestofenemies,thedeaddontdie,thefarewell,thehighwaymen,thehummingbirdprojectfilm,theintrudermovie,theirishmanfilm,thekitchenmovie,thelegomovie,themustangfilm,thenightingalefilm,theprodigymovie,thesunisalsoastar,theupsidefilm,tolkienmovie,toystory,triplefrontier,uglydolls,uncutgems,underthesilverlake,usmovie,wavesmovie,whatmenwant,wonderparkmovie,wrinklestheclown,xmenmovies,yardiefilm,yesterdaymovie,zombieland
21bridgesmovie,0.9999995,0.9609318,0.95958745,0.96247864,0.95691127,0.9510512,0.9660568,0.95621943,0.97986037,0.9530675,0.96442115,0.95887756,0.95586026,0.9623542,0.9713509,0.95388436,0.9671407,0.95504534,0.9790396,0.9608795,0.97310984,0.9541841,0.95716536,0.96257037,0.9534379,0.9221908,0.9567105,0.9640288,0.9623422,0.9542362,0.9548615,0.9488352,0.9326433,0.94547945,0.9408445,0.9365016,0.96251553,0.9694649,0.9648232,0.9555596,0.95727664,0.9646031,0.955867,0.9649443,0.9712386,0.96065235,0.96003497,0.9674207,0.96143806,0.9664597,0.96151555,0.9706256,0.95009315,0.9453534,0.95670545,0.9505555,0.94522804,0.9636904,0.956446,0.9600568,0.9516424,0.9638302,0.95950824,0.954535,0.9598359,0.9531685,0.95478696,0.9639318,0.9603294,0.96314245,0.9608275,0.76116335,0.95349175,0.9590833,0.95546556,0.9514394,0.92376727,0.9556409,0.96348834,0.9635083,0.96467125,0.9500614,0.96325475,0.9571069,0.9564899,0.9633604,0.9518148,0.963794,0.96290284,0.96297455,0.94913745,0.9608275,0.95199496,0.95137423,0.9589295,0.9680043,0.9701175,0.96868557,0.96566284,0.9552846,0.9634216,0.958147,0.9532977,0.9508408,0.95055205,0.9613068,0.9629074,0.9579195,0.9424272,0.95688283,0.96586645,0.8652494,0.9611085,0.9211961,0.9668973,0.979562,0.9922588,0.9523095,0.97171915,0.9602917,0.9566945,0.9574861,0.9641924,0.9597032,0.9618887,0.95666933,0.96114117,0.9557682,0.96652526,0.9354093,0.9672738,0.95426506,0.97058755,0.95485216,0.9595038,0.95701027,0.97852355,0.9589335,0.96007425,0.9605846,0.97986037,0.9545431,0.95436794,0.9629019,0.9556388,0.96132034,0.9548824,0.94178826,0.9562315,0.9708515,0.969983,0.9595915,0.9648541,0.95160365,0.9566746,0.95868504,0.95685047,0.9587777,0.96875286,0.95793486,0.97986037,0.9538486,0.9584799,0.9647872,0.9557288
47metersdown,0.9609318,1.0000001,0.96423817,0.9591222,0.95955735,0.9499637,0.960865,0.9619951,0.9804145,0.9620981,0.96156466,0.95365965,0.9619083,0.96637094,0.9640957,0.9736013,0.96912986,0.9509879,0.9694859,0.95174164,0.9574629,0.95766675,0.96070313,0.96528196,0.9644106,0.92155826,0.95130324,0.9675445,0.96012866,0.95565665,0.96025306,0.95095813,0.9474742,0.94424665,0.95451516,0.935763,0.9574866,0.95994985,0.9709684,0.96021557,0.95528203,0.96288526,0.9522021,0.96165633,0.96637523,0.966176,0.9646019,0.9611893,0.95841265,0.9612204,0.963266,0.9684301,0.9535712,0.95981824,0.95783454,0.9430602,0.9452803,0.96056694,0.9540951,0.9570259,0.9588462,0.96233153,0.9596748,0.96438485,0.9592958,0.96097577,0.95741487,0.9552552,0.9627362,0.9493585,0.9613317,0.7717691,0.95215696,0.9660454,0.94659054,0.9473197,0.92480576,0.951018,0.9610624,0.95696205,0.96329474,0.952361,0.9703893,0.96058774,0.96557134,0.96418273,0.95733005,0.9660044,0.95880127,0.9700555,0.9569847,0.9613317,0.95731324,0.9578764,0.9628644,0.96516806,0.96446276,0.9587595,0.957763,0.954276,0.96509993,0.9527317,0.96236527,0.9559775,0.9659441,0.96334887,0.9683108,0.96232927,0.9612144,0.95864946,0.95934635,0.86055,0.95827293,0.92637295,0.96006227,0.96040726,0.9654101,0.96372247,0.96773386,0.9500089,0.9631512,0.95670134,0.96105736,0.95376974,0.9624587,0.9611349,0.95384634,0.95913553,0.9609919,0.93878114,0.96013737,0.963511,0.9649574,0.9484626,0.9578268,0.96327305,0.95832306,0.9569434,0.9633042,0.9509509,0.9804145,0.9615744,0.9630698,0.9581802,0.9610161,0.9619077,0.95825726,0.9589343,0.9634184,0.9627048,0.96726984,0.96331584,0.9614832,0.93519586,0.95355004,0.9574351,0.960292,0.963312,0.9584986,0.95818156,0.9804145,0.9478877,0.958517,0.96963704,0.9549495
abeautifuldaymovie,0.95958745,0.96423817,0.99999994,0.95926344,0.95974046,0.9567829,0.9607241,0.96133506,0.9794255,0.96238476,0.95857275,0.96488184,0.95717174,0.9711852,0.95783937,0.960171,0.96760195,0.9556391,0.9612515,0.95566154,0.95454615,0.9683041,0.9660881,0.95975906,0.95542556,0.90891886,0.95871955,0.9624328,0.9749389,0.95020086,0.95177335,0.95148134,0.9464843,0.9557392,0.9507109,0.9376929,0.95777893,0.96062344,0.9622633,0.9553258,0.9468245,0.9613781,0.9572205,0.9643644,0.96538347,0.9607604,0.964358,0.96585566,0.94546485,0.9631924,0.98052466,0.9671014,0.9533914,0.96018124,0.9577898,0.93848383,0.94450307,0.9647529,0.9536023,0.9526017,0.9640233,0.957516,0.95768434,0.9620021,0.9620493,0.95385545,0.9550893,0.95617425,0.9616814,0.94549066,0.95718807,0.7523278,0.94757473,0.96018136,0.9417326,0.95214224,0.9139288,0.964823,0.9535108,0.95795965,0.9568514,0.9579435,0.95680606,0.96265864,0.9703868,0.9605624,0.9556458,0.9578424,0.95859903,0.9658422,0.94874156,0.95718807,0.9597942,0.9610292,0.96967685,0.9585143,0.95470047,0.9629837,0.949828,0.957007,0.9651905,0.94977146,0.9647021,0.9466356,0.9608244,0.9798802,0.96431655,0.9616179,0.96063,0.9569755,0.96411127,0.86110824,0.9568389,0.9293823,0.95828927,0.96488917,0.9632711,0.95354265,0.96861154,0.9534237,0.9531603,0.9624585,0.96021587,0.9559942,0.95952904,0.961445,0.9492795,0.9760891,0.96387714,0.94607764,0.951538,0.9629576,0.9624285,0.9503825,0.9566877,0.9560883,0.9556543,0.95327187,0.9597703,0.9571972,0.9794255,0.9730557,0.9595358,0.95615155,0.95964646,0.94937974,0.95677745,0.9595336,0.97019076,0.9528028,0.96239793,0.97903955,0.95554763,0.9263928,0.9545416,0.9510213,0.96088487,0.9602799,0.96111274,0.9502373,0.9794255,0.94347984,0.96155673,0.9645863,0.9721682
abominablemovie,0.96247864,0.9591222,0.95926344,0.9999999,0.95610094,0.9486459,0.9571718,0.9581177,0.9769919,0.9596886,0.96426344,0.9596045,0.9644238,0.96605456,0.9642023,0.9560899,0.9632533,0.96087366,0.9701178,0.95518196,0.94989705,0.9489793,0.96150666,0.95542985,0.9565997,0.9186506,0.95030046,0.96051526,0.95684403,0.95403904,0.9602331,0.95828676,0.93824863,0.9460008,0.9477188,0.9409841,0.9606107,0.9620294,0.95354277,0.959408,0.9546848,0.9597068,0.95109254,0.9599793,0.96822494,0.9630049,0.9626297,0.9546515,0.9526693,0.9633266,0.9588277,0.9701229,0.95108706,0.9561726,0.9588955,0.9354665,0.93894076,0.9581558,0.9657292,0.95215595,0.95330095,0.96578467,0.9567008,0.9561199,0.95749044,0.9513128,0.950794,0.95489204,0.9647725,0.95455265,0.956138,0.74666613,0.9483978,0.9583908,0.959458,0.95043355,0.9161658,0.9549191,0.95290864,0.952534,0.9599516,0.9589788,0.9618658,0.9538584,0.96068895,0.9531805,0.9548263,0.96384263,0.9563187,0.96268743,0.95931816,0.956138,0.94457734,0.9518313,0.96152794,0.9670848,0.9609241,0.9649446,0.95452124,0.96232325,0.96622926,0.9496679,0.9523529,0.9515634,0.9576878,0.95814526,0.9643858,0.95686656,0.9450987,0.9556378,0.96006626,0.87303054,0.96457493,0.92612714,0.9605514,0.9600698,0.9593874,0.95075226,0.9626497,0.95191973,0.95611936,0.9539797,0.9528211,0.9442158,0.9612765,0.9658425,0.9566873,0.94854456,0.95668197,0.94064635,0.9491214,0.9521424,0.9649952,0.9469832,0.95591676,0.9563864,0.95585734,0.94639915,0.958477,0.95855117,0.9769919,0.9557937,0.9624538,0.9549353,0.9541707,0.9611311,0.9497604,0.95688546,0.9569968,0.95020515,0.9592707,0.9612477,0.96262705,0.9303931,0.9508086,0.94622314,0.9523894,0.96234924,0.9590985,0.949912,0.9769919,0.9450781,0.9615716,0.9626945,0.9533847
adastramovie,0.95691127,0.95955735,0.95974046,0.95610094,1.0000002,0.95463955,0.9607459,0.96560305,0.97925466,0.96190447,0.9610217,0.9617595,0.9461484,0.9721106,0.9647546,0.9607315,0.9636615,0.97566324,0.95683265,0.94877946,0.96098083,0.94776994,0.9614869,0.96815395,0.9498441,0.9096674,0.9670211,0.96001714,0.9601984,0.96196955,0.9504977,0.9517986,0.95394295,0.9533669,0.9488565,0.9288709,0.95819867,0.9597432,0.96192366,0.9636415,0.95675516,0.95835876,0.9584542,0.9572319,0.9642644,0.95253956,0.9645709,0.963284,0.9419688,0.9632574,0.9616913,0.9618472,0.9465441,0.96239805,0.95633954,0.96038836,0.94783664,0.9648836,0.96338445,0.9638992,0.9596451,0.9640185,0.9567005,0.9701905,0.9607561,0.95678633,0.9565951,0.9503798,0.9587485,0.9552576,0.96531063,0.7662063,0.9453968,0.9646189,0.9430557,0.95844394,0.9171155,0.9645125,0.9629328,0.96421385,0.9593993,0.9637907,0.96340215,0.9513114,0.95834225,0.9653935,0.9618749,0.95447546,0.9635048,0.9666038,0.9570635,0.96531063,0.9598587,0.9685511,0.9572568,0.95958155,0.9581378,0.95853513,0.94972646,0.96241236,0.9550917,0.9544141,0.950537,0.9600994,0.961034,0.96205497,0.9662828,0.9583111,0.95861244,0.9613622,0.96687335,0.8606287,0.9612635,0.9360831,0.960729,0.9554983,0.96314657,0.9482128,0.9657109,0.959462,0.9524948,0.9648361,0.9603603,0.9574454,0.96100205,0.9669433,0.9546972,0.95257324,0.9702098,0.94480616,0.956339,0.96924996,0.96128917,0.9463311,0.9652806,0.9650225,0.9583258,0.9472224,0.9692138,0.9502042,0.97925466,0.9531427,0.9537278,0.9586994,0.9564659,0.9578861,0.9588411,0.9560309,0.96235037,0.95779616,0.964472,0.9628095,0.96366507,0.9350745,0.9618299,0.96125114,0.9568742,0.9644791,0.95973486,0.9531087,0.97925466,0.9677569,0.964168,0.9589422,0.95620173
adogsjourneymovie,0.9510512,0.9499637,0.9567829,0.9486459,0.95463955,0.99999976,0.9520862,0.95770854,0.9750021,0.9570633,0.9611342,0.962318,0.95200104,0.9656337,0.96392876,0.9496548,0.9554449,0.9526149,0.95533913,0.9508322,0.9471726,0.94087213,0.96618706,0.94888055,0.9469481,0.9124275,0.9539187,0.9556487,0.9589596,0.9559044,0.9474925,0.94956917,0.94807386,0.95022047,0.931052,0.93872285,0.9577363,0.9564421,0.9562592,0.95060104,0.95735747,0.95924073,0.9599319,0.95607436,0.9601503,0.9464247,0.9640004,0.9612368,0.947693,0.9611174,0.960066,0.9580578,0.9584568,0.9572263,0.9482792,0.94821376,0.9365711,0.9550648,0.944722,0.9557105,0.9548177,0.94228154,0.94739497,0.9524138,0.957294,0.94659615,0.94518435,0.9510574,0.9607069,0.9470919,0.9581354,0.7610543,0.9514486,0.9547429,0.93613064,0.9458743,0.9056578,0.95041895,0.95290804,0.96184605,0.9566241,0.9522426,0.95861185,0.946718,0.96123374,0.96063304,0.95783824,0.95562977,0.9557489,0.95890045,0.94420797,0.9581354,0.95212835,0.95151436,0.9562038,0.9586498,0.95508605,0.95281184,0.95401853,0.9568755,0.9621854,0.9574496,0.95474243,0.95916426,0.95817024,0.9582647,0.9616174,0.9539843,0.94855535,0.95902914,0.9597245,0.86902803,0.95161635,0.9280503,0.9543281,0.9443324,0.95682085,0.9510855,0.9609917,0.949422,0.9410432,0.9561461,0.95614356,0.9713732,0.95670635,0.95282125,0.95382357,0.9536032,0.9583502,0.94061655,0.9484627,0.9546034,0.9493077,0.9415758,0.9453184,0.95432174,0.9458112,0.9470363,0.957027,0.945849,0.9750021,0.9520053,0.95709413,0.9519468,0.9556597,0.95126057,0.95409966,0.93774307,0.957435,0.94737136,0.9506432,0.95768666,0.95225245,0.9216184,0.9567679,0.95216435,0.9652691,0.9619541,0.9513241,0.94525707,0.9750021,0.9392206,0.96483755,0.9656236,0.9509401
aftermathmovie,0.9660568,0.960865,0.9607241,0.9571718,0.9607459,0.9520862,1.0,0.9599426,0.98028415,0.9652335,0.96515864,0.96265924,0.95277625,0.96762913,0.96836615,0.9598588,0.96572423,0.95944303,0.9604587,0.95634294,0.96073574,0.951844,0.961128,0.96428454,0.9584047,0.91331327,0.956209,0.9574651,0.96664035,0.96264744,0.9493936,0.9611819,0.95163536,0.95184815,0.9388235,0.92611486,0.97024626,0.9556967,0.96548915,0.9623691,0.95482486,0.9595681,0.95733637,0.96146965,0.9667394,0.95730215,0.96157575,0.9650612,0.959158,0.96174943,0.9660184,0.97238874,0.94408494,0.9563238,0.95285827,0.9491209,0.9455841,0.97141916,0.9539825,0.96360165,0.95404494,0.9622289,0.9571754,0.95840955,0.963707,0.9571085,0.95618427,0.9648727,0.96458787,0.95513654,0.96649235,0.7728587,0.9492492,0.96164364,0.95197654,0.960721,0.92466825,0.9589188,0.9661864,0.9623547,0.96532017,0.9779928,0.9605124,0.965435,0.95517796,0.9649753,0.9545981,0.96071064,0.9653641,0.95847297,0.9593082,0.96649235,0.95029753,0.9558189,0.9685986,0.9680293,0.96737814,0.9671473,0.97552365,0.95900315,0.9642976,0.95602477,0.95607233,0.95977515,0.9573962,0.969151,0.9720504,0.9586304,0.95241183,0.95597166,0.9653639,0.8711898,0.96146655,0.922537,0.9580225,0.9676102,0.96792847,0.9599703,0.96716654,0.9896658,0.95519006,0.96297234,0.9594376,0.95233446,0.96411973,0.96241564,0.9602349,0.959601,0.9651211,0.94094336,0.96337646,0.95547986,0.9641407,0.9557217,0.96929115,0.9635537,0.9675551,0.954376,0.9653617,0.962505,0.98028415,0.9623494,0.9594896,0.95764816,0.95255226,0.9587743,0.96272504,0.95439845,0.9603909,0.9617602,0.98707527,0.963724,0.965101,0.9463671,0.9626922,0.96314794,0.95823646,0.96986824,0.95905447,0.9614798,0.98028415,0.9614547,0.9642453,0.96722436,0.965624
aftermovie,0.95621943,0.9619951,0.96133506,0.9581177,0.96560305,0.95770854,0.9599426,1.0,0.97779816,0.9583527,0.96311444,0.9613452,0.95828456,0.9719533,0.9720832,0.96408063,0.95953,0.95420915,0.95624626,0.9644705,0.9573511,0.94652516,0.9581185,0.96642756,0.9487716,0.9014006,0.9574607,0.9535766,0.96008515,0.96136534,0.953367,0.95135933,0.9529985,0.939388,0.93871045,0.9273369,0.96926856,0.9652189,0.95467687,0.9588235,0.95501405,0.95322883,0.95399016,0.95823616,0.96735924,0.960838,0.9604371,0.9605009,0.94207066,0.9601513,0.9605024,0.9627917,0.956054,0.9610489,0.96220446,0.9478494,0.94148177,0.9640931,0.95710003,0.9611712,0.9562121,0.9637786,0.95110863,0.95983815,0.96867657,0.95088816,0.95917106,0.9527275,0.9625651,0.9520845,0.96201795,0.7394628,0.9464466,0.9566803,0.9432517,0.94322395,0.9118634,0.95640075,0.967674,0.9603626,0.96217877,0.9553622,0.9614354,0.9511294,0.96015805,0.9543805,0.9579861,0.9636035,0.9565242,0.9675326,0.95305985,0.96201795,0.9518875,0.956143,0.9681281,0.96535605,0.9596849,0.96136314,0.94704044,0.9606222,0.96644187,0.9578536,0.95336294,0.9619297,0.96030784,0.96202826,0.96795386,0.9556458,0.95512104,0.9496596,0.96617347,0.8416014,0.9659591,0.91988754,0.9591843,0.9592351,0.96395475,0.9476778,0.96438086,0.9550208,0.9512061,0.9665197,0.9580031,0.9473585,0.9600278,0.9613105,0.96178675,0.95741373,0.9592287,0.93609846,0.9567303,0.95743936,0.95438564,0.9510715,0.9622466,0.9600396,0.95939505,0.94741946,0.96286905,0.9535255,0.97779816,0.9537935,0.9622554,0.9529956,0.95565325,0.95449275,0.9548828,0.95195985,0.9566574,0.9549928,0.95959914,0.95840126,0.9624775,0.93470275,0.9564299,0.958445,0.9596892,0.9654301,0.96801174,0.94980526,0.97779816,0.95390743,0.966959,0.9632803,0.9576226
ahiddenlifefilm,0.97986037,0.9804145,0.9794255,0.9769919,0.97925466,0.9750021,0.98028415,0.97779816,1.0,0.97807026,0.98422766,0.9785147,0.9762362,0.98585165,0.9848846,0.9790804,0.9841163,0.97481245,0.98216283,0.975083,0.97772676,0.9715153,0.98190105,0.98149896,0.9756437,0.93478805,0.9730022,0.9785246,0.9787832,0.9750162,0.97434205,0.973092,0.9645319,0.9658304,0.9633368,0.954441,0.9802426,0.9770272,0.9819001,0.979302,0.9764766,0.9799801,0.9731156,0.97950786,0.9856175,0.9786253,0.9831925,0.98270035,0.9721634,0.98114544,0.9805239,0.9863177,0.97221774,0.9752357,0.9726325,0.9651965,0.9650623,0.9813241,0.9760114,0.9803707,0.9757101,0.9808974,0.97407776,0.9808028,0.97990644,0.9749104,0.96992636,0.97728384,0.98038656,0.97328043,0.98206615,0.77767646,0.969928,0.9806008,0.9686581,0.9685191,0.93978,0.974845,0.9795316,0.98075193,0.9816934,0.974203,0.9834633,0.9756554,0.98049337,0.98036844,0.9770851,0.9800755,0.97957903,0.98417884,0.97298735,0.98206615,0.9720021,0.97708267,0.9796373,0.9823458,0.9807302,0.9831075,0.9737748,0.97772825,0.98283845,0.9767209,0.97461426,0.9764192,0.9802888,0.9813011,0.9843401,0.9795296,0.97323805,0.9786613,0.9820454,0.87634456,0.9814454,0.94851786,0.979721,0.9784493,0.98286676,0.9751568,0.98564255,0.97352767,0.9729009,0.9784389,0.97966665,0.9779032,0.98030436,0.98109245,0.9772321,0.9757659,0.98123354,0.96256745,0.9775321,0.97651595,0.98019713,0.9673826,0.9783675,0.9780491,0.97867125,0.9721259,0.9825604,0.97406423,1.0,0.9749618,0.9772296,0.9796175,0.9767956,0.97716975,0.97714365,0.97105056,0.98121977,0.9760499,0.9843739,0.98048115,0.98051125,0.9503971,0.9759242,0.97661746,0.97742045,0.9830966,0.9778394,0.9749489,1.0,0.9705427,0.9838872,0.9846575,0.9763229
alitamovie,0.9530675,0.9620981,0.96238476,0.9596886,0.96190447,0.9570633,0.9652335,0.9583527,0.97807026,1.0000001,0.9623261,0.9540242,0.95226675,0.9646924,0.96415293,0.95666146,0.9664037,0.96288705,0.9568168,0.9491846,0.949652,0.95148504,0.9685826,0.9562452,0.9480727,0.91611654,0.95807856,0.9587097,0.96383876,0.959392,0.95693743,0.9556053,0.95846546,0.9502433,0.94215864,0.9257377,0.9617974,0.94773746,0.9611466,0.95829004,0.9531846,0.9579755,0.9526426,0.95944595,0.9581767,0.95521605,0.97022974,0.9612088,0.945641,0.96018827,0.96338373,0.96542084,0.9535365,0.9592402,0.9464348,0.94714373,0.9450849,0.96045166,0.958511,0.96053606,0.95373404,0.9563724,0.94837725,0.96354985,0.95753706,0.957251,0.9552529,0.9477968,0.96545684,0.9480709,0.9626094,0.7693109,0.94897604,0.9634713,0.94777393,0.94688624,0.91456485,0.9529218,0.9588118,0.95462734,0.9630688,0.9527449,0.962363,0.9555879,0.95591223,0.963733,0.9540057,0.95979714,0.9526967,0.9687772,0.959311,0.9626094,0.94929826,0.9572528,0.9632304,0.96232754,0.956709,0.9515637,0.9588632,0.96249735,0.9585509,0.95198697,0.9562424,0.9577791,0.96099585,0.9677515,0.96449435,0.95751107,0.9568976,0.95325,0.96710575,0.85778135,0.9578271,0.9193669,0.9598094,0.9507933,0.95676315,0.9548067,0.9674349,0.9551295,0.9535513,0.9549529,0.95801014,0.9586427,0.9614131,0.9612051,0.9534233,0.9552879,0.9592832,0.9475911,0.94937974,0.96443486,0.9542988,0.9478478,0.96070516,0.9614293,0.9588782,0.95342153,0.96265966,0.9547661,0.97807026,0.9594557,0.95849,0.9592207,0.9562912,0.9580725,0.9621179,0.95261276,0.9626826,0.95034564,0.96615565,0.96696156,0.96102834,0.93209153,0.9566503,0.9619298,0.96039903,0.9654186,0.954737,0.95166653,0.97807026,0.9575853,0.96534497,0.96409994,0.9591431
angelhasfallen,0.96442115,0.96156466,0.95857275,0.96426344,0.9610217,0.9611342,0.96515864,0.96311444,0.98422766,0.9623261,0.99999994,0.96756727,0.95917726,0.9681559,0.9738421,0.9583449,0.9665169,0.9509215,0.97081995,0.95403355,0.9584254,0.95122325,0.9695805,0.9668477,0.96347827,0.92521626,0.95242923,0.96157795,0.9627515,0.96787196,0.9615217,0.9560909,0.95835006,0.95508516,0.94494945,0.94316113,0.9701473,0.9601462,0.9641487,0.96476436,0.96214354,0.9628341,0.9621483,0.9659773,0.9694951,0.96219045,0.968018,0.96963483,0.95315206,0.96560526,0.96362156,0.9705581,0.9548137,0.9634886,0.9559774,0.9528464,0.9515916,0.9654443,0.9557678,0.9668434,0.9563611,0.96638817,0.9621879,0.95972466,0.96262926,0.9646535,0.95425785,0.9673777,0.9725475,0.95779914,0.9725529,0.76991963,0.958548,0.9656973,0.96375364,0.95426655,0.92510366,0.95570666,0.9654258,0.9646392,0.98251235,0.9622063,0.9651167,0.9608221,0.968736,0.9682843,0.9703046,0.96282095,0.96793646,0.9705157,0.96104157,0.9725529,0.9549836,0.9641272,0.96870303,0.97651464,0.9698321,0.9663457,0.95454496,0.9636281,0.9722152,0.9619223,0.96196276,0.96476245,0.96666694,0.96441674,0.9750103,0.9633712,0.9537181,0.9635244,0.9679148,0.8719507,0.96505964,0.93357146,0.9612378,0.96706235,0.96653545,0.9638916,0.9717733,0.95779395,0.9579268,0.9619783,0.95907587,0.9601971,0.9668293,0.96688145,0.96520615,0.9592571,0.9612651,0.94918215,0.9577546,0.9575294,0.9600851,0.95262545,0.96345687,0.9724671,0.96002924,0.95523757,0.9737655,0.9527325,0.98422766,0.960673,0.9639703,0.9611254,0.955729,0.9615976,0.9664149,0.95588094,0.9638138,0.9551711,0.97005075,0.9625698,0.9640976,0.941574,0.96271294,0.9647722,0.9654279,0.97186774,0.9583115,0.964469,0.98422766,0.9614563,0.97114205,0.9727938,0.9593665
angrybirdsmovie,0.95887756,0.95365965,0.96488184,0.9596045,0.9617595,0.962318,0.96265924,0.9613452,0.9785147,0.9540242,0.96756727,1.0000002,0.9549467,0.96949095,0.96114814,0.9515255,0.9586941,0.9558346,0.9637171,0.96001506,0.957442,0.9509269,0.96241,0.9513127,0.94461834,0.9056263,0.9549694,0.95466846,0.96864015,0.96144134,0.9541789,0.9494067,0.9379656,0.9609819,0.94485146,0.9378107,0.96317524,0.9574631,0.95848364,0.9479514,0.9520199,0.96120286,0.96394604,0.9629264,0.9663378,0.9563227,0.96071166,0.974763,0.9434661,0.9631432,0.97480255,0.9629962,0.95647764,0.9562445,0.9483281,0.9401718,0.9367815,0.96315145,0.95521665,0.9544882,0.9517391,0.9548605,0.9545978,0.9520276,0.9600611,0.94653755,0.94901156,0.95568943,0.9601,0.9500894,0.9598315,0.75726855,0.94572395,0.9519,0.9440762,0.9494918,0.92554504,0.95227337,0.9594245,0.9606615,0.9648244,0.96269494,0.95901364,0.9554601,0.9684669,0.95661324,0.96716154,0.9582434,0.95539767,0.95739067,0.94195193,0.9598315,0.9518353,0.96543306,0.969917,0.9603869,0.95833606,0.96690303,0.949697,0.95938295,0.9600411,0.9526919,0.95855606,0.959211,0.960724,0.97302866,0.9637349,0.9464367,0.9508628,0.9549734,0.96118236,0.8595112,0.95919555,0.92493397,0.95811206,0.9594197,0.9619646,0.95187837,0.9650726,0.96281374,0.9417327,0.9583995,0.95542306,0.9576674,0.9566265,0.9655231,0.9565449,0.96883714,0.96557325,0.9419676,0.9546075,0.9563581,0.95460755,0.94593114,0.9607078,0.9596979,0.9496546,0.94622934,0.96686643,0.95637554,0.9785147,0.95978874,0.9572233,0.9544361,0.9546827,0.945739,0.9505718,0.9514465,0.95458835,0.95189196,0.96186817,0.958083,0.9527161,0.932285,0.9589233,0.95744085,0.9594361,0.96414256,0.96149665,0.95308924,0.9785147,0.94598275,0.9611526,0.96253115,0.9713085
annabellemovie,0.95586026,0.9619083,0.95717174,0.9644238,0.9461484,0.95200104,0.95277625,0.95828456,0.9762362,0.95226675,0.95917726,0.9549467,0.9999999,0.95796645,0.96209174,0.95720124,0.9634388,0.9504242,0.96455646,0.9557367,0.9527146,0.95603055,0.9581372,0.9503376,0.9559463,0.9175898,0.9459363,0.9589712,0.9586565,0.9484168,0.95940953,0.9529442,0.93719345,0.93783844,0.94505227,0.93694407,0.9551594,0.9703636,0.9572359,0.95614874,0.96192884,0.956971,0.9521973,0.9575868,0.9663634,0.9566856,0.9592912,0.9523686,0.94756424,0.956304,0.95894426,0.9643758,0.9595457,0.9525161,0.9575865,0.9280946,0.9390391,0.9557965,0.9572297,0.9564289,0.9581969,0.9613582,0.94856054,0.9605114,0.96002203,0.95298046,0.9471809,0.95323735,0.9618201,0.952949,0.96186763,0.75063795,0.9399275,0.95762473,0.9453225,0.94767135,0.91277224,0.9504518,0.95477206,0.95260537,0.9601633,0.9540918,0.9705092,0.955834,0.97286993,0.95535725,0.9572546,0.97961867,0.95279354,0.9583868,0.9514501,0.96186763,0.94678384,0.9418631,0.9581773,0.95944214,0.958404,0.9638813,0.94686663,0.9544205,0.9606952,0.9571891,0.95342505,0.9561034,0.9621543,0.9581357,0.9610637,0.9663725,0.9509831,0.9526126,0.955805,0.85616803,0.96519136,0.9261802,0.95463586,0.9553359,0.95699763,0.95223534,0.9626745,0.942856,0.95981526,0.95184183,0.9556637,0.9517023,0.9575405,0.9579683,0.97203755,0.9561925,0.9540419,0.94012505,0.95508647,0.9553005,0.9596272,0.9464359,0.95992637,0.9551042,0.9491456,0.9491826,0.962337,0.9523871,0.9762362,0.95485073,0.9591369,0.96088225,0.96178025,0.9532527,0.9435761,0.9574339,0.96072847,0.9500404,0.9573609,0.96187043,0.95575273,0.92134607,0.9524423,0.95478016,0.9517104,0.96327215,0.9535729,0.95284086,0.9762362,0.9394324,0.9634319,0.9625171,0.9540806
annamovie,0.9623542,0.96637094,0.9711852,0.96605456,0.9721106,0.9656337,0.96762913,0.9719533,0.98585165,0.9646924,0.9681559,0.96949095,0.95796645,0.99999994,0.96987325,0.9676595,0.97213316,0.96623105,0.9674394,0.9648967,0.96663684,0.9659642,0.9696658,0.9648782,0.9623452,0.9234765,0.96700704,0.9664755,0.9730105,0.96786135,0.96105695,0.96396595,0.95364505,0.95992213,0.9510168,0.94023585,0.97342616,0.9633153,0.96380293,0.97037953,0.9600864,0.9628586,0.96526974,0.9653088,0.97246397,0.9709432,0.96913046,0.9726374,0.9550198,0.96765155,0.97209996,0.9758032,0.96177554,0.9692146,0.9595145,0.954266,0.95239127,0.97202194,0.9655738,0.9691559,0.9615997,0.9608001,0.9611708,0.97800964,0.9693879,0.9595067,0.9608112,0.9618846,0.964733,0.95604134,0.9671862,0.7713668,0.9515953,0.969921,0.9584684,0.9585601,0.9342842,0.96525383,0.9663267,0.97440577,0.96520317,0.9629585,0.9683635,0.9663015,0.9649984,0.9645042,0.96487194,0.9643755,0.9631186,0.9742587,0.9594639,0.9671862,0.9535637,0.9675083,0.9692921,0.9669489,0.9664838,0.971924,0.9605862,0.97540396,0.9712042,0.96891606,0.9597074,0.9669713,0.9732483,0.9734841,0.9756766,0.9629286,0.96470356,0.9669597,0.97126865,0.8672441,0.97075367,0.93092495,0.97142905,0.96643895,0.9685913,0.9590328,0.9734715,0.96215117,0.96112156,0.96621275,0.961809,0.9634628,0.9661579,0.97161436,0.96599084,0.96765023,0.96671313,0.9539465,0.9647619,0.9656067,0.96517193,0.95299697,0.9706874,0.96959984,0.96435773,0.9573796,0.9684963,0.9654855,0.98585165,0.9682849,0.96505153,0.96577007,0.96400887,0.96592736,0.9586452,0.96019477,0.9715142,0.96586424,0.96986103,0.9687702,0.9658985,0.942622,0.9702328,0.9630061,0.96459967,0.9664911,0.97427034,0.9609587,0.98585165,0.9647118,0.9671996,0.9689948,0.9670996
apollo11movie,0.9713509,0.9640957,0.95783937,0.9642023,0.9647546,0.96392876,0.96836615,0.9720832,0.9848846,0.96415293,0.9738421,0.96114814,0.96209174,0.96987325,1.0000001,0.9684777,0.96737874,0.9644475,0.97134554,0.9724442,0.96471435,0.9535953,0.9659759,0.9730936,0.95832574,0.9279824,0.95668,0.9585626,0.9644567,0.9699349,0.9617734,0.9628574,0.9526482,0.94985324,0.94593626,0.9339289,0.9681368,0.96104914,0.966204,0.9655711,0.9717649,0.9588926,0.95709366,0.96320707,0.9725092,0.95884854,0.96888566,0.9688845,0.957451,0.9637052,0.96470416,0.97216374,0.954526,0.9620236,0.95990735,0.9588049,0.95689833,0.9667302,0.96478665,0.96871406,0.966374,0.97123855,0.9603993,0.9636416,0.96608216,0.9583839,0.96137285,0.9668528,0.9642981,0.9640288,0.9688747,0.7564655,0.9558608,0.9626309,0.9569713,0.9591439,0.91820395,0.9564651,0.9686568,0.9633559,0.969138,0.95807356,0.9725844,0.9582442,0.9649054,0.96707386,0.96197784,0.968117,0.9672565,0.9739279,0.9673489,0.9688747,0.95715654,0.95838135,0.96859473,0.9819526,0.9718317,0.9679294,0.96212167,0.9626153,0.9712446,0.96449536,0.9672697,0.96713316,0.96665144,0.96589947,0.9747659,0.96558005,0.9581697,0.9626866,0.96917856,0.8529489,0.9713053,0.93147147,0.96483636,0.9674071,0.97208655,0.95757043,0.9707472,0.96464807,0.9617573,0.96811086,0.9686009,0.9624355,0.9669692,0.9666988,0.96961653,0.95720345,0.9644344,0.9425899,0.96326387,0.9629625,0.9652521,0.95701593,0.9680551,0.9683212,0.9673528,0.96439976,0.96794015,0.95677334,0.9848846,0.964146,0.96339816,0.9663791,0.9646725,0.96637034,0.9648814,0.9536813,0.9650882,0.96290493,0.9692744,0.9607827,0.9691844,0.94403845,0.96393615,0.96309644,0.96347904,0.96950626,0.9627018,0.9622366,0.9848846,0.96352476,0.9725212,0.9694383,0.9605347
arcticdogsmovie,0.95388436,0.9736013,0.960171,0.9560899,0.9607315,0.9496548,0.9598588,0.96408063,0.9790804,0.95666146,0.9583449,0.9515255,0.95720124,0.9676595,0.9684777,0.99999994,0.9633006,0.9518974,0.9595002,0.9574293,0.9577589,0.9525071,0.96315455,0.96393865,0.9553492,0.91900796,0.953015,0.9539286,0.9588463,0.95592165,0.9568817,0.95974624,0.9418601,0.9522163,0.94208455,0.9378406,0.9548838,0.9561536,0.97009426,0.96345156,0.9585248,0.9635565,0.95034623,0.9590183,0.9672863,0.9627317,0.9667626,0.9568956,0.9594296,0.9602167,0.9608975,0.9672111,0.94687307,0.9564983,0.96065825,0.94103074,0.9556858,0.96358305,0.9655162,0.9599952,0.9657766,0.96556866,0.9589675,0.9663059,0.9588465,0.9632127,0.9581229,0.9547384,0.95850134,0.9596636,0.9604044,0.75835156,0.95532566,0.96751577,0.94930476,0.9494231,0.91673964,0.95444775,0.96751994,0.96401215,0.9595492,0.9519871,0.96811634,0.9513922,0.96109194,0.95847464,0.95584,0.9614637,0.9556657,0.96739924,0.9581408,0.9604044,0.9568976,0.95781475,0.9586832,0.96490574,0.9602159,0.9638486,0.9593226,0.96120095,0.9686341,0.9502763,0.9614907,0.95487654,0.9645805,0.96317506,0.97281927,0.97074574,0.96887696,0.9603117,0.95996517,0.84473264,0.96566933,0.9295052,0.96049803,0.95514774,0.9595976,0.9590226,0.9669065,0.9501503,0.9599315,0.96343976,0.96173996,0.9517508,0.9631934,0.96296895,0.9583628,0.9560735,0.9544877,0.9493551,0.9535995,0.95433366,0.9592838,0.9438325,0.96648,0.95466,0.9562658,0.9481205,0.96074164,0.9570558,0.9790804,0.9580807,0.9648055,0.96377206,0.9628882,0.9598514,0.9664854,0.95153487,0.96205723,0.9617884,0.9693404,0.9572097,0.96706235,0.9209609,0.9554853,0.95554477,0.95476925,0.96105736,0.9624774,0.9586736,0.9790804,0.95583516,0.9619574,0.96723723,0.95961213
arcticmovie,0.9671407,0.96912986,0.96760195,0.9632533,0.9636615,0.9554449,0.96572423,0.95953,0.9841163,0.9664037,0.9665169,0.9586941,0.9634388,0.97213316,0.96737874,0.9633006,1.0,0.96227473,0.97202045,0.96208686,0.9662481,0.9668745,0.97009754,0.9668184,0.9632225,0.92839473,0.9574413,0.98031527,0.9669719,0.95784557,0.9643232,0.95915604,0.95113724,0.9529882,0.9487507,0.93963957,0.9585751,0.95877075,0.9681002,0.97223175,0.9624829,0.97069925,0.96359503,0.9715145,0.97398716,0.9692216,0.97197884,0.9671029,0.959886,0.9746277,0.96579826,0.9746529,0.9579742,0.9585379,0.9510987,0.9529748,0.95248336,0.9671972,0.9699888,0.9615875,0.96353346,0.9693011,0.9661971,0.9703146,0.96490246,0.9641,0.95571834,0.9629608,0.9668713,0.95951706,0.9622635,0.7752999,0.95079887,0.97081965,0.9567442,0.9566728,0.9257249,0.96207565,0.9710924,0.9648822,0.96494836,0.95465076,0.9726112,0.96225226,0.9590752,0.9652759,0.96054316,0.96820307,0.9662931,0.9749558,0.96319026,0.9622635,0.95992386,0.9598074,0.9613777,0.96993726,0.96653414,0.9699363,0.9693229,0.9591398,0.96482193,0.9637903,0.96428466,0.9607881,0.95858777,0.9678351,0.9681747,0.96578544,0.95678705,0.9632587,0.96970075,0.85997206,0.9653119,0.92844445,0.9640755,0.96734434,0.9704556,0.96243536,0.9740829,0.95860475,0.96310717,0.9595197,0.96618944,0.9603201,0.965026,0.9665961,0.96315515,0.9622916,0.9659885,0.9592834,0.97029185,0.9654251,0.9781254,0.9611479,0.9628947,0.962849,0.9666591,0.96404517,0.9620263,0.9607659,0.9841163,0.96708494,0.964086,0.96738625,0.96151245,0.9683737,0.96021366,0.95590574,0.96754104,0.96243054,0.9663582,0.96891063,0.9642548,0.93157613,0.9584128,0.9610605,0.96112657,0.9592851,0.9659682,0.9610596,0.9841163,0.9592232,0.96683574,0.971539,0.96203905
artofracingmovie,0.95504534,0.9509879,0.9556391,0.96087366,0.97566324,0.9526149,0.95944303,0.95420915,0.97481245,0.96288705,0.9509215,0.9558346,0.9504242,0.96623105,0.9644475,0.9518974,0.96227473,0.99999964,0.95814025,0.9478639,0.95513487,0.9453893,0.9617291,0.9569438,0.946006,0.9163169,0.95911616,0.9528898,0.9585426,0.95503694,0.95160943,0.95523155,0.94125843,0.9451007,0.9342624,0.9245666,0.9554756,0.95173025,0.9530143,0.95937526,0.95318705,0.9456408,0.94885534,0.94958466,0.96244776,0.9455768,0.9638341,0.9586242,0.94398934,0.95498246,0.9619422,0.9582137,0.94411397,0.9543794,0.9527826,0.9526856,0.94298446,0.96160567,0.95668817,0.95527786,0.9548828,0.95807475,0.9518764,0.9615112,0.95599306,0.9496591,0.95013756,0.9480281,0.9556882,0.9518467,0.95517236,0.7502938,0.94750535,0.9533543,0.94339484,0.9516697,0.91316575,0.9652821,0.9545981,0.9573655,0.95303786,0.95440644,0.9621845,0.94514954,0.95316756,0.9603132,0.95234007,0.95200056,0.9569556,0.96240145,0.9480402,0.95517236,0.94055885,0.9560646,0.9573536,0.958626,0.9557186,0.953299,0.95842403,0.9630747,0.9555107,0.95548195,0.95212877,0.9541937,0.95243174,0.96356124,0.9543645,0.9516203,0.95013195,0.9566125,0.95944536,0.85402125,0.9560887,0.92561346,0.96222675,0.955344,0.95639944,0.9472805,0.9577646,0.955108,0.9437951,0.95975864,0.96544075,0.9555337,0.9540023,0.9607823,0.9459757,0.948201,0.96732146,0.93108696,0.9528264,0.9663772,0.9588033,0.9426677,0.958524,0.9579071,0.95576715,0.94989973,0.95867014,0.9592981,0.97481245,0.95807606,0.9526918,0.9561986,0.94924676,0.9536162,0.950303,0.94284767,0.9544926,0.9522435,0.9604807,0.9551642,0.96083343,0.9245791,0.95276326,0.9521316,0.952229,0.95645577,0.9556815,0.9488783,0.97481245,0.95258725,0.9586636,0.95807266,0.95596653
avengers,0.9790396,0.9694859,0.9612515,0.9701178,0.95683265,0.95533913,0.9604587,0.95624626,0.98216283,0.9568168,0.97081995,0.9637171,0.96455646,0.9674394,0.97134554,0.9595002,0.97202045,0.95814025,1.0000001,0.9606096,0.96518,0.95858794,0.9681638,0.96793854,0.9608456,0.93532985,0.9555716,0.9683792,0.9632879,0.95861,0.97590095,0.96301526,0.9407099,0.95058215,0.9497536,0.9386323,0.95914197,0.96348447,0.96309054,0.9637931,0.96420944,0.96282154,0.9627625,0.96477234,0.9721698,0.96640515,0.970447,0.9630491,0.95664537,0.9650675,0.96669555,0.9714449,0.94733477,0.95639724,0.9587319,0.95000714,0.9427147,0.9661623,0.96099,0.960299,0.9606175,0.9646962,0.9621701,0.9586708,0.96155035,0.9579951,0.9542547,0.9617467,0.9635056,0.957438,0.9604254,0.7510748,0.9542641,0.96273196,0.9554818,0.9554777,0.91972005,0.95422745,0.96048915,0.96455,0.96765065,0.952649,0.9688862,0.95888454,0.9624662,0.9632906,0.9593559,0.9638288,0.9601119,0.9678409,0.9560302,0.9604254,0.95216453,0.9558753,0.962589,0.97442216,0.9693763,0.9682302,0.96124876,0.96087676,0.9687579,0.9603565,0.9640762,0.95543265,0.9602948,0.9669178,0.9700219,0.96116215,0.9517417,0.9570439,0.9628237,0.86575824,0.96116644,0.9217186,0.9717614,0.9668972,0.972665,0.9618847,0.9734734,0.95700896,0.9586443,0.9590938,0.96701413,0.9585926,0.96642584,0.96339816,0.9625725,0.9646332,0.9653132,0.9448615,0.96234095,0.9608576,0.9659661,0.94967544,0.9656722,0.95968556,0.9647602,0.96076417,0.9620366,0.95581305,0.98216283,0.965273,0.96214944,0.96574366,0.95815706,0.9643764,0.9592223,0.954215,0.9630469,0.96192837,0.96332365,0.9609233,0.9664325,0.94244057,0.95943785,0.95645964,0.9612803,0.96183616,0.963448,0.96103764,0.98216283,0.9512022,0.96729994,0.969294,0.9622306
beachbummovie,0.9608795,0.95174164,0.95566154,0.95518196,0.94877946,0.9508322,0.95634294,0.9644705,0.975083,0.9491846,0.95403355,0.96001506,0.9557367,0.9648967,0.9724442,0.9574293,0.96208686,0.9478639,0.9606096,0.99999976,0.9593405,0.9474494,0.9546709,0.9541362,0.94061106,0.916005,0.95175725,0.953108,0.95583564,0.9532118,0.95955145,0.94496274,0.934725,0.9399405,0.9425883,0.9427795,0.9602306,0.95238274,0.95307595,0.9485332,0.9604319,0.953603,0.9473311,0.9509505,0.9681925,0.9692692,0.9559535,0.96047485,0.9437458,0.95440805,0.9557544,0.96074295,0.9525137,0.9541722,0.94874114,0.93911475,0.9362769,0.9629906,0.9601556,0.9624998,0.9622299,0.9602524,0.94959235,0.9572484,0.95503,0.95500267,0.950547,0.9541567,0.9496688,0.96329343,0.9641611,0.78850126,0.942201,0.95624614,0.94997776,0.9384905,0.92386556,0.95299155,0.9573695,0.9610118,0.9551408,0.94980586,0.9621442,0.95172226,0.95635676,0.95709646,0.95590204,0.9575456,0.9579887,0.96100104,0.953438,0.9641611,0.9474874,0.9598538,0.9586723,0.96487635,0.95174766,0.9773849,0.950351,0.9556556,0.96247756,0.9532619,0.9523744,0.9648019,0.9478735,0.9550974,0.95685995,0.9547699,0.944961,0.94396555,0.9627149,0.863949,0.9648541,0.9301151,0.9601044,0.9575961,0.96145725,0.9501941,0.9616548,0.9530094,0.95681477,0.96142715,0.9568703,0.95497084,0.9504651,0.9637081,0.9581163,0.9487956,0.95858556,0.9404749,0.95951176,0.9487053,0.95718426,0.9433177,0.9601214,0.9484438,0.9613117,0.9510793,0.96255815,0.96666163,0.975083,0.94797826,0.95584786,0.9601995,0.9557311,0.94976985,0.9496543,0.94750696,0.96016747,0.95548624,0.95769125,0.95238507,0.9514274,0.9299016,0.9543736,0.9578503,0.94892395,0.96045434,0.9602034,0.94779235,0.975083,0.93944335,0.9566065,0.95880777,0.95803607
bernadettefilm,0.97310984,0.9574629,0.95454615,0.94989705,0.96098083,0.9471726,0.96073574,0.9573511,0.97772676,0.949652,0.9584254,0.957442,0.9527146,0.96663684,0.96471435,0.9577589,0.9662481,0.95513487,0.96518,0.9593405,1.0000001,0.94760543,0.9586597,0.96197456,0.95244956,0.9212466,0.9552637,0.9592257,0.9603147,0.95306146,0.9567216,0.9464252,0.9376287,0.942363,0.9346463,0.9301839,0.9598146,0.9639114,0.9677411,0.95518523,0.9482671,0.9683757,0.95161206,0.9671685,0.9659644,0.96111053,0.96107537,0.968591,0.9632508,0.96896416,0.95452034,0.9649824,0.9489006,0.9436255,0.9565496,0.94850343,0.9548158,0.9601846,0.9505643,0.96178925,0.9450503,0.9655446,0.95635706,0.9592383,0.95575774,0.95722055,0.96336204,0.9612966,0.95127594,0.96120715,0.95903736,0.7669585,0.95380807,0.9564592,0.9500006,0.9433873,0.92299885,0.9562095,0.9652426,0.9657164,0.9579161,0.94644636,0.96064305,0.94926894,0.94916517,0.9578275,0.94979334,0.9635103,0.96539396,0.9568735,0.95088834,0.95903736,0.9505242,0.94632435,0.951649,0.95746225,0.96054566,0.96699125,0.96361613,0.95850277,0.96177953,0.96296275,0.9470969,0.9505876,0.95250106,0.9548531,0.96140397,0.95744675,0.9542443,0.95279366,0.96448153,0.85834503,0.9588052,0.92175096,0.96830964,0.96604306,0.97628653,0.9485353,0.97055084,0.9538055,0.9502342,0.95719427,0.9594494,0.95870847,0.9609621,0.9534084,0.9615003,0.9533269,0.96389043,0.9365806,0.978921,0.9501159,0.96740997,0.948566,0.96031165,0.95688516,0.96742946,0.95990866,0.95956725,0.95836604,0.97772676,0.94719905,0.95436776,0.9679376,0.9625005,0.9535023,0.95507544,0.9433778,0.95699835,0.9667247,0.9675933,0.9581982,0.9660129,0.9301532,0.9547839,0.9580045,0.9508013,0.9597556,0.9633006,0.96186006,0.97772676,0.9553406,0.95678824,0.96673465,0.9491494
