movie,21bridgesmovie,47metersdown,abeautifuldaymovie,abominablemovie,adastramovie,adogsjourneymovie,aftermathmovie,aftermovie,ahiddenlifefilm,alitamovie,angelhasfallen,angrybirdsmovie,annabellemovie,annamovie,apollo11movie,arcticdogsmovie,arcticmovie,artofracingmovie,avengers,beachbummovie,bernadettefilm,blackandbluemovie,blackchristmas,blindedbythelightmovie,bombshellmovie,booksmart,breakthroughmovie,brianbanksmovie,brightburnmovie,brittanyrunsmov,captainmarvelofficial,captivestatemovie,catsmovie,charliesangels,childsplaymovie,clarathefilm,coldpursuitmovie,countdown,currentwarmovie,darkwatersmovie,detectivepikachumovie,disneyaladdin,disneyfrozen,disneymaleficent,doctorsleepmovie,dolemiteismyname,dontletgomovie,doramovie,downtonabbey_official,dumbo,escaperoom,everybodyknowsmovie,fastandfuriousmovie,fightingwmyfam,fivefeetapartfilm,fordvferrari,freaksthefilm,geminimanmovie,glassmovie,gloriabellmovie,godzillamovie,goldfinchmovie,goodboysmovie,goodliarmovie,gretafilm,halathemovie,happydeathdaymovie,harrietfilm,hellboymovie,hersmellmovie,highlifemovie,highstrungmovie,honeyboymovie,hotelmumbaifilm,httydragon,hustlemovie,hustlersmovie,isntitromantic,itmovieofficial,jayandsilentbob,johnwickmovie,jojorabbitmovie,jokermovie,judythefilm,jumanjimovie,justmercyfilm,knivesout,lalloronamovie,lastblackmansf,lastchristmasthemovie,latenightmovie,lighthousemovie,lionking,littlethemovie,littlewomenmovie,littlewoodsfilm,longshotmovie,lordsofchaosmovie,lucyintheskyfilm,mamovie2019,marriagestory,meettheaddams,meninblack,midsommarmovie,midwaymovie,missbalamovie,missinglinkfilm,motherlessbklyn,onceinhollywood,onthebasisofsex,overcomermovie,peanutbutterfalcon,petsematarymovie,piercingmovie,playingwithfire,playmobilthemovie,pomsmovie,queenandslim,rambomovie,readyornotfilm,richardjewellfilm,rocketmanmovie,scarystoriesmovie,secretlifeofpets,serenityfilm,shaftmovie,shazammovie,spidermanmovie,spiesindisguise,starwars,stormboymovie,stubermovie,taosdfilm,teenspiritmov,terminator,theaeronautsmov,thebestofenemies,thedeaddontdie,thefarewell,thehighwaymen,thehummingbirdprojectfilm,theintrudermovie,theirishmanfilm,thekitchenmovie,thelegomovie,themustangfilm,thenightingalefilm,theprodigymovie,thesunisalsoastar,theupsidefilm,tolkienmovie,toystory,triplefrontier,uglydolls,uncutgems,underthesilverlake,usmovie,wavesmovie,whatmenwant,wonderparkmovie,wrinklestheclown,xmenmovies,yardiefilm,yesterdaymovie,zombieland
21bridgesmovie,1.0000002,0.9561777,0.965134,0.9604959,0.9604184,0.9559815,0.9673044,0.9584684,0.9799759,0.95535886,0.9566779,0.956847,0.96641916,0.96382165,0.963719,0.96163493,0.9652862,0.9636867,0.9814231,0.95335615,0.9575435,0.96270466,0.96953875,0.9635147,0.9485161,0.92488325,0.9530901,0.9569474,0.9595363,0.96180475,0.96762747,0.9572565,0.9482317,0.9586809,0.9600652,0.94378823,0.9627518,0.9741505,0.9591369,0.95514095,0.9646306,0.9607179,0.9476932,0.9673175,0.9633849,0.9529576,0.96757925,0.96061075,0.95925564,0.96370393,0.95932794,0.9634657,0.96225524,0.95913917,0.94267225,0.9638637,0.95115304,0.9593987,0.9551393,0.9528713,0.95391566,0.9544229,0.9613723,0.96461385,0.96149844,0.95888543,0.9440003,0.9574402,0.962009,0.9484417,0.96007603,0.844598,0.9588207,0.961136,0.9641337,0.9367104,0.9461291,0.9577504,0.95790386,0.9592759,0.95100015,0.9608833,0.97028524,0.9581786,0.9610355,0.9502841,0.96062285,0.96378744,0.9483308,0.9677389,0.9622527,0.96007603,0.96042895,0.9523562,0.9657802,0.9603948,0.9656086,0.9494997,0.9665275,0.96294767,0.9528384,0.9569081,0.95929366,0.96142614,0.9538134,0.9610667,0.96491814,0.961885,0.9506299,0.95954776,0.96063673,0.92677367,0.96371955,0.9375113,0.9606933,0.97817254,0.989483,0.9653544,0.9641167,0.9617096,0.9676552,0.96287155,0.95432395,0.9497688,0.9575918,0.95449287,0.9591077,0.9657438,0.96228224,0.95735246,0.95925486,0.9612999,0.9588203,0.95251703,0.9622524,0.9655276,0.9717301,0.96066105,0.9583627,0.9541768,0.9799759,0.9658795,0.95896846,0.9591586,0.9465244,0.9576905,0.9548407,0.95904815,0.9565379,0.9685315,0.96147275,0.9622673,0.96047676,0.95825905,0.95785034,0.9526627,0.96011937,0.9573684,0.9616144,0.96444374,0.9799759,0.9501696,0.9624857,0.9642609,0.9612717
47metersdown,0.9561777,0.9999999,0.95267737,0.9556308,0.95767456,0.953442,0.9627573,0.9578201,0.9763578,0.9570392,0.9507234,0.95351285,0.9629435,0.95519716,0.9629964,0.9671978,0.9560096,0.95787597,0.95234716,0.952772,0.9537232,0.95571226,0.9610653,0.9606804,0.9469825,0.90121245,0.95479774,0.9513955,0.9597435,0.95765543,0.9568248,0.9513145,0.9523967,0.95595735,0.95561516,0.9332199,0.9555525,0.95064086,0.9613884,0.95662206,0.9571817,0.95811915,0.9488173,0.96246386,0.95760596,0.94077235,0.9560279,0.9533678,0.96234643,0.9601353,0.9605507,0.96609867,0.9507548,0.9526926,0.9469803,0.9590425,0.946518,0.96144885,0.957589,0.9527074,0.94663227,0.94987977,0.9570139,0.9541536,0.95463467,0.95576775,0.9428535,0.95934993,0.9559622,0.9500535,0.9584814,0.8480165,0.9503357,0.9532549,0.9567,0.9455346,0.9321459,0.9567768,0.9534942,0.94792575,0.9524255,0.9516853,0.961113,0.9488649,0.9517896,0.94960237,0.9493529,0.9632789,0.9448252,0.9573625,0.9510028,0.9584814,0.95246243,0.9525515,0.95777786,0.9535006,0.95692545,0.9553345,0.95300025,0.9591935,0.9393101,0.94994277,0.9543697,0.95632195,0.96113694,0.96263725,0.95848864,0.95734304,0.9505777,0.94954073,0.9604479,0.90908957,0.9599504,0.9343655,0.95281553,0.9603608,0.95951647,0.95539963,0.9576998,0.96208143,0.95911294,0.953853,0.9553042,0.94669956,0.958724,0.95520765,0.9605679,0.9604987,0.95586675,0.94080037,0.9568363,0.9514624,0.95618576,0.9502713,0.96409166,0.95778114,0.9533752,0.95309186,0.9582956,0.9448184,0.9763578,0.9630903,0.9445897,0.9525199,0.948523,0.9653679,0.9526443,0.95282227,0.9537964,0.94621825,0.9538564,0.9501395,0.9473743,0.93446994,0.94898176,0.9589292,0.948713,0.9557987,0.9597721,0.95988,0.9763578,0.949941,0.96423507,0.96109927,0.96000314
abeautifuldaymovie,0.965134,0.95267737,1.0000005,0.960484,0.9672407,0.960975,0.96607137,0.96671426,0.9807119,0.96120816,0.961636,0.96357906,0.9618609,0.96327287,0.96985394,0.96433216,0.96337754,0.96159136,0.9624342,0.95826626,0.9668458,0.97328657,0.96131754,0.9664342,0.9547719,0.91300243,0.95217335,0.96606183,0.97559506,0.9591824,0.95906,0.94751376,0.9500691,0.9673418,0.9584997,0.94369715,0.96674865,0.96167994,0.9662434,0.9615662,0.95933056,0.95642275,0.94629943,0.95985067,0.9593423,0.95653963,0.95761913,0.96185464,0.9635541,0.95988,0.97535783,0.9606496,0.9641173,0.9576535,0.9460123,0.96335435,0.95689034,0.955874,0.9579768,0.96339935,0.95082766,0.9544708,0.9606719,0.9600468,0.96137595,0.9564541,0.9539604,0.9587538,0.96245986,0.9555398,0.9662613,0.84922016,0.9549626,0.9652455,0.9574675,0.9504764,0.94095314,0.9620796,0.9632925,0.960501,0.9556669,0.96040636,0.9637226,0.95824504,0.9710241,0.9587876,0.95512265,0.96589667,0.96185935,0.9634327,0.9543489,0.9662613,0.9594167,0.95502055,0.975886,0.96648425,0.96328926,0.9570378,0.96020603,0.9582157,0.9566942,0.95694125,0.9670571,0.96588016,0.96340513,0.97368,0.9641252,0.9613017,0.9629077,0.9578465,0.96054244,0.93276244,0.95773745,0.9395184,0.96103454,0.9694,0.9637559,0.95687896,0.9666566,0.95963335,0.9587125,0.9589135,0.95780563,0.9536094,0.9633565,0.9505211,0.9618399,0.9694302,0.9589664,0.9495021,0.9638237,0.960223,0.96058,0.9588995,0.96007115,0.9597279,0.94713515,0.9541425,0.9653766,0.95679843,0.9807119,0.97064275,0.96003383,0.95705885,0.94648546,0.9576857,0.9545189,0.9614644,0.9540662,0.95289797,0.9596318,0.972601,0.95807314,0.94353795,0.9555662,0.95556366,0.9575427,0.9573632,0.964775,0.9631207,0.9807119,0.9579509,0.9651896,0.96316665,0.9723841
abominablemovie,0.9604959,0.9556308,0.960484,0.99999994,0.9584765,0.96906936,0.96847725,0.95830923,0.97902703,0.956608,0.95252424,0.9526542,0.9651803,0.95826435,0.9575747,0.9578279,0.96005696,0.9589502,0.9574966,0.9493165,0.95634735,0.95445734,0.9629003,0.9584141,0.9467613,0.9153988,0.95142967,0.95528406,0.9599714,0.95670605,0.9564076,0.9509776,0.9490973,0.9628571,0.95423245,0.94903356,0.9674139,0.9626357,0.95979196,0.9564162,0.95904416,0.9545176,0.94791514,0.96157,0.9588714,0.9584482,0.95779765,0.95710707,0.9579872,0.9580348,0.96104604,0.9618279,0.9531695,0.9554984,0.9549753,0.95727366,0.9487451,0.9600408,0.9666743,0.95417404,0.9518991,0.9633312,0.95421743,0.9556825,0.9560516,0.96119463,0.9447856,0.9494765,0.9564997,0.94725853,0.9579212,0.85483974,0.95438325,0.9634336,0.96536833,0.9457328,0.94262266,0.955378,0.95838827,0.96015173,0.95596427,0.9668793,0.9601342,0.9598143,0.9588639,0.9471894,0.9563974,0.9638786,0.9495447,0.9620594,0.95645726,0.9579212,0.9499324,0.95248574,0.9674229,0.9650375,0.9615145,0.95028144,0.96621215,0.9511377,0.96104515,0.95429945,0.9586532,0.958407,0.95601916,0.9620597,0.9616246,0.955901,0.95799136,0.9489262,0.9659431,0.91888136,0.9596484,0.93233913,0.9583817,0.9641049,0.9640104,0.95702964,0.9618737,0.96660775,0.95723,0.9605686,0.95821935,0.9556072,0.96511155,0.954217,0.96012735,0.9608725,0.9518193,0.94643855,0.95584786,0.9522548,0.9523466,0.95211387,0.9643903,0.9607603,0.9489835,0.9590544,0.9600967,0.9644739,0.97902703,0.95994055,0.9575833,0.95337474,0.9439725,0.9551301,0.9454508,0.9539226,0.95285946,0.9593502,0.95928615,0.95888996,0.9658612,0.94014,0.9476692,0.95084125,0.95407504,0.954035,0.9578513,0.9641412,0.97902703,0.9543864,0.9562491,0.9610385,0.96767056
adastramovie,0.9604184,0.95767456,0.9672407,0.9584765,1.0,0.9559512,0.96472865,0.9615806,0.97867745,0.97354263,0.95303077,0.9528931,0.96214646,0.96088403,0.96469575,0.96201146,0.96228844,0.97666276,0.9560658,0.95147115,0.9656054,0.9616423,0.959682,0.9618794,0.9466997,0.9078793,0.95948344,0.9589431,0.96139127,0.9606323,0.9558317,0.95232105,0.9492504,0.95856047,0.951025,0.94110954,0.95982033,0.95922303,0.9652494,0.9608876,0.9608222,0.95692736,0.94941515,0.9638147,0.95663124,0.9501384,0.95078367,0.9581122,0.96084434,0.96270984,0.95851535,0.9647975,0.9549011,0.95372796,0.9532769,0.9764174,0.9479922,0.96057314,0.9553787,0.95972884,0.95227826,0.95178676,0.9580918,0.9560907,0.967358,0.9557525,0.9517925,0.9626027,0.9646522,0.95018286,0.9617348,0.86403096,0.95704263,0.9584119,0.95401984,0.94808847,0.9428749,0.9629797,0.9569153,0.95653486,0.95480025,0.9608151,0.9607241,0.9504617,0.958037,0.95844036,0.9556216,0.964642,0.9601829,0.96439004,0.9511923,0.9617348,0.9580385,0.9549137,0.9589355,0.9612251,0.9606685,0.94991046,0.95744133,0.9593095,0.9439884,0.95509535,0.95832545,0.9614585,0.9622959,0.95955455,0.9622991,0.95587087,0.94859356,0.9544928,0.9637497,0.9288812,0.9619959,0.94190246,0.96331584,0.96587527,0.9606634,0.95824873,0.9617932,0.9627618,0.95588917,0.9602395,0.95977783,0.9519837,0.9582467,0.95559216,0.9574395,0.96038145,0.9598536,0.9513072,0.96354896,0.96996886,0.9596228,0.9475581,0.96553546,0.961416,0.9505488,0.95514363,0.96014035,0.95266056,0.97867745,0.9611123,0.95026624,0.9554028,0.9433347,0.96031934,0.9545145,0.9533356,0.9566438,0.9528531,0.95551765,0.9640626,0.9500484,0.94932735,0.9506653,0.961144,0.9516458,0.9577031,0.9657298,0.96680796,0.97867745,0.962781,0.95748806,0.96108824,0.95999014
adogsjourneymovie,0.9559815,0.953442,0.960975,0.96906936,0.9559512,1.0000001,0.96742594,0.9567664,0.97845435,0.9516996,0.9547639,0.954988,0.9668425,0.9572978,0.95642096,0.956717,0.9586155,0.9542656,0.95574117,0.950233,0.9579233,0.9540957,0.9692192,0.9555157,0.9498887,0.9104891,0.96130407,0.9538407,0.9577517,0.9579204,0.9582385,0.9535949,0.9512533,0.9558066,0.9505036,0.9357586,0.96674556,0.9574378,0.95677686,0.95756584,0.9626989,0.95389163,0.9491688,0.9603745,0.9659004,0.9481252,0.96270335,0.95973724,0.9557476,0.9602816,0.95895284,0.9556868,0.9596574,0.95714325,0.9555477,0.9518149,0.94849515,0.9574191,0.95790815,0.95426244,0.9554748,0.9614633,0.95999336,0.95608705,0.95506334,0.95802236,0.9534083,0.9488073,0.9513231,0.95111805,0.95567864,0.84388214,0.9493845,0.9596273,0.9626282,0.9406149,0.9353294,0.9538699,0.9579382,0.9618328,0.957862,0.96385694,0.96517,0.95474494,0.95847195,0.9553779,0.95029783,0.9688471,0.947633,0.9650151,0.95643795,0.95567864,0.9605071,0.9441831,0.9626918,0.9641773,0.9642661,0.9583759,0.9662155,0.9601435,0.95043814,0.9602722,0.9554404,0.958948,0.957632,0.95704395,0.96968836,0.9557271,0.9508872,0.9504928,0.96426415,0.9157876,0.96384,0.9307527,0.9596532,0.95875585,0.96060693,0.95431846,0.9620377,0.96067333,0.96084875,0.96436805,0.9646157,0.9697457,0.9597356,0.9488107,0.965526,0.95595044,0.95037764,0.9470518,0.9643863,0.95238054,0.95685863,0.9507711,0.9619985,0.96274203,0.9517709,0.95314205,0.96165353,0.9561145,0.97845435,0.96191853,0.95572436,0.9558263,0.9479899,0.9553177,0.9480781,0.95277506,0.956426,0.95951355,0.9576757,0.95859784,0.9598179,0.92939264,0.9532303,0.9524375,0.96464294,0.94959086,0.95549655,0.96301717,0.97845435,0.95133126,0.96380454,0.9696035,0.95949596
aftermathmovie,0.9673044,0.9627573,0.96607137,0.96847725,0.96472865,0.96742594,1.0000006,0.9664514,0.98497695,0.9594429,0.9628643,0.9551576,0.9660438,0.9631668,0.9676298,0.96110255,0.9678314,0.9711239,0.95757174,0.95010555,0.9660086,0.9621181,0.96522266,0.9633443,0.9551409,0.90934324,0.9584618,0.96175313,0.96696585,0.96556014,0.961779,0.95844173,0.953434,0.96599704,0.95580304,0.9490008,0.97241753,0.9668133,0.97269595,0.9637385,0.96303314,0.966538,0.956556,0.97171575,0.96756643,0.95963967,0.9609528,0.96306205,0.96797955,0.97267437,0.9637052,0.9702509,0.95958245,0.9586325,0.9588544,0.96629584,0.96044576,0.96907175,0.9632429,0.96307105,0.95026374,0.96122223,0.9677116,0.96282226,0.9639263,0.96724385,0.95124924,0.96285224,0.9678543,0.9540657,0.9640797,0.8483039,0.95854515,0.96541303,0.9658022,0.9469868,0.944577,0.9638261,0.96503437,0.96749604,0.9612818,0.97984576,0.96952724,0.9621606,0.9639112,0.9574105,0.9623373,0.9682656,0.9570094,0.96814144,0.96750754,0.9640797,0.965369,0.95836496,0.96586424,0.96457255,0.96544963,0.9591956,0.9781409,0.96176285,0.9610885,0.9613089,0.95908046,0.95941275,0.95899236,0.96305853,0.9635358,0.9603374,0.95533276,0.96355575,0.965905,0.91813403,0.968005,0.93948287,0.96405816,0.9700739,0.9735964,0.96140003,0.96703655,0.9896487,0.96417844,0.9685961,0.9621537,0.9598278,0.9664474,0.9573276,0.9693577,0.96809787,0.9640582,0.95444775,0.9658009,0.963295,0.96667236,0.9616598,0.96570283,0.9687809,0.9644974,0.95765793,0.9625479,0.9626141,0.98497695,0.96423006,0.96327037,0.958155,0.9515757,0.96363,0.95949686,0.96134955,0.9576909,0.9641167,0.9848556,0.96694267,0.9636415,0.94467294,0.9599056,0.9598027,0.9553597,0.96027,0.9698317,0.96484154,0.98497695,0.9606081,0.9703051,0.9650974,0.9652395
aftermovie,0.9584684,0.9578201,0.96671426,0.95830923,0.9615806,0.9567664,0.9664514,1.0,0.97866064,0.9617841,0.95265985,0.9486429,0.961533,0.9548474,0.96260756,0.95953107,0.95324725,0.9629933,0.95859504,0.9495641,0.96071184,0.95975786,0.95439476,0.9639032,0.948454,0.9039183,0.9513574,0.9538683,0.96634245,0.95202214,0.9592584,0.95195854,0.9343699,0.9588217,0.9588013,0.9465803,0.9648782,0.9585934,0.9641714,0.959554,0.95125216,0.9651963,0.9543499,0.96773255,0.95774615,0.9548129,0.94947183,0.9498155,0.9677268,0.96588296,0.96740043,0.96324056,0.94833094,0.95490414,0.9607159,0.96035635,0.95769924,0.96295774,0.95580095,0.9560932,0.94824135,0.9530041,0.96064526,0.954647,0.9591611,0.9630483,0.9464685,0.95703626,0.9592798,0.9618382,0.9627864,0.84606516,0.952122,0.95560926,0.9514514,0.9438181,0.93826383,0.95337474,0.9601776,0.9496548,0.956726,0.9613155,0.96144754,0.9566449,0.9580316,0.95665544,0.9586145,0.960031,0.9615181,0.9612404,0.9469837,0.9627864,0.95787406,0.9600099,0.9630575,0.9568368,0.95936877,0.94716924,0.9658654,0.9530659,0.9551357,0.95552886,0.9610741,0.96083224,0.96183187,0.9647873,0.96163017,0.96257377,0.9498241,0.9581086,0.96168923,0.9145304,0.9591612,0.9446655,0.96188706,0.9638439,0.96153766,0.9573724,0.9636181,0.96358705,0.95601535,0.9558551,0.9615273,0.9493428,0.965176,0.94913083,0.96352094,0.96318287,0.9599753,0.9502622,0.9617551,0.957631,0.95769644,0.9554976,0.9589106,0.9520721,0.9561143,0.95476085,0.9634262,0.9600003,0.97866064,0.96042186,0.9566022,0.9547216,0.94157565,0.9579898,0.954932,0.9556935,0.95875996,0.9524677,0.9582671,0.9640099,0.95937914,0.92965144,0.9533889,0.9582925,0.9455844,0.9619541,0.97219604,0.9629648,0.97866064,0.95392984,0.9618542,0.9524876,0.9689235
ahiddenlifefilm,0.9799759,0.9763578,0.9807119,0.97902703,0.97867745,0.97845435,0.98497695,0.97866064,1.0000004,0.9745852,0.9756486,0.9727401,0.9816752,0.9791266,0.9820836,0.97887385,0.97715586,0.9806892,0.97795033,0.97228736,0.9800284,0.97835165,0.98146766,0.98140043,0.9673308,0.92708874,0.9746213,0.97494483,0.9812384,0.97735715,0.9786606,0.9721901,0.96840274,0.97658354,0.97350484,0.95962566,0.9833928,0.97777295,0.97876996,0.9776759,0.97726053,0.97716546,0.96847296,0.98167664,0.9806983,0.9736227,0.9767476,0.97811306,0.9788755,0.98032326,0.98071504,0.98232234,0.972718,0.9739797,0.97033536,0.9778152,0.9692162,0.9799595,0.97771573,0.97602046,0.9718643,0.9723483,0.97824985,0.97675914,0.97774523,0.97657216,0.96858644,0.975113,0.978068,0.9684675,0.98037064,0.8588954,0.9722384,0.9791839,0.9767384,0.96568954,0.9577871,0.9767112,0.97786695,0.9745423,0.9741419,0.9789151,0.98321533,0.9742474,0.97661954,0.9745167,0.9752769,0.9837861,0.97491336,0.9829199,0.9731322,0.98037064,0.9770394,0.9737969,0.98221445,0.97888994,0.98089963,0.97352624,0.97847354,0.9781087,0.9725354,0.9742591,0.9733711,0.9788843,0.9782517,0.9813214,0.9822306,0.9773325,0.9716408,0.97336906,0.9839369,0.9337856,0.9821553,0.95564574,0.97850597,0.98306006,0.9821602,0.9765135,0.98188597,0.98054236,0.9802938,0.97930783,0.97734696,0.97174734,0.98146534,0.9744345,0.98048025,0.97946846,0.9729528,0.9670254,0.98101646,0.973205,0.9753622,0.9692661,0.98232317,0.9800079,0.9741798,0.9773381,0.97813624,0.9754066,1.0000004,0.9817914,0.9747588,0.9746735,0.96427727,0.97782034,0.9722145,0.97487783,0.97533417,0.9730335,0.9780085,0.97857344,0.97481567,0.9584886,0.97054887,0.9758829,0.9721,0.97682136,0.98266166,0.9807261,1.0000004,0.97243786,0.9824539,0.98075235,0.98043925
alitamovie,0.95535886,0.9570392,0.96120816,0.956608,0.97354263,0.9516996,0.9594429,0.9617841,0.9745852,1.0,0.94959056,0.9499489,0.95904255,0.95690054,0.9591949,0.95696676,0.9520951,0.96757543,0.95117885,0.95166683,0.9554285,0.9564063,0.9522053,0.9608247,0.9459171,0.90292966,0.95059925,0.9508671,0.96260834,0.9578589,0.9557261,0.95588726,0.9352824,0.95318013,0.9486047,0.9333411,0.96143204,0.95479065,0.95838594,0.95483875,0.9526986,0.95266086,0.9464099,0.9602386,0.94963515,0.95062894,0.94485086,0.9519465,0.9616937,0.9570203,0.95768315,0.9620707,0.9543964,0.9493243,0.95012075,0.9652742,0.9505538,0.9576902,0.9556397,0.9514206,0.9447679,0.9486546,0.95360065,0.95372736,0.9577136,0.9563548,0.94312674,0.95705897,0.9544651,0.95608777,0.95436954,0.8505786,0.94867915,0.9577561,0.945044,0.9467759,0.9384726,0.9528916,0.95222574,0.9525625,0.9549434,0.95220405,0.9559103,0.95012355,0.951065,0.9521448,0.9506597,0.9624477,0.95346975,0.961712,0.9465475,0.95436954,0.9559163,0.955764,0.95815367,0.955019,0.9547366,0.9449074,0.94975364,0.953036,0.9511445,0.9449551,0.9542388,0.9568326,0.9654857,0.95668507,0.95843035,0.95559263,0.94841856,0.94832265,0.95791286,0.9161439,0.95504326,0.9345926,0.9522699,0.95997256,0.95746946,0.9496477,0.9606213,0.95824075,0.952798,0.9541292,0.9599172,0.94852865,0.9618708,0.948448,0.953,0.95479155,0.9531613,0.9460337,0.9566025,0.9583916,0.9565365,0.9500393,0.96502495,0.959455,0.9541968,0.95491487,0.9520983,0.95413095,0.9745852,0.95935774,0.94978493,0.9519586,0.9414556,0.9582829,0.9455221,0.94693536,0.95709366,0.95067966,0.95139766,0.9550869,0.9486472,0.94133836,0.9411473,0.9498751,0.9411961,0.9557752,0.9626051,0.9598232,0.9745852,0.9532504,0.9571719,0.9518951,0.9577647
angelhasfallen,0.9566779,0.9507234,0.961636,0.95252424,0.95303077,0.9547639,0.9628643,0.95265985,0.9756486,0.94959056,1.0000005,0.9502803,0.9644361,0.95904595,0.9643223,0.9545982,0.95426434,0.9537623,0.95600605,0.95794195,0.9621623,0.9638639,0.95887375,0.95945096,0.9500273,0.9114899,0.9514416,0.96019685,0.96031433,0.96178466,0.9571253,0.95701057,0.94550836,0.95457345,0.95237005,0.93871653,0.9603318,0.95365334,0.9556506,0.9528507,0.9589071,0.9580749,0.94830924,0.95902973,0.9590853,0.9562338,0.9534757,0.95340747,0.9588281,0.95829034,0.96264404,0.96051663,0.9537751,0.9574555,0.9444935,0.95324934,0.9560731,0.95238775,0.951749,0.9538676,0.9512951,0.9475063,0.95708597,0.9577016,0.9561274,0.96428245,0.9456372,0.952628,0.9629032,0.9473399,0.96065575,0.84221226,0.95322156,0.9610405,0.96600395,0.94636685,0.9399729,0.9528594,0.95564306,0.9588878,0.9709743,0.95807093,0.965353,0.9517601,0.95983964,0.954847,0.9620453,0.9628859,0.95423675,0.96185684,0.95709527,0.96065575,0.9536078,0.94740134,0.965871,0.9663405,0.9657677,0.9524613,0.9523453,0.9556625,0.9555615,0.95172226,0.9462246,0.9594375,0.9548562,0.96602076,0.9537815,0.9541382,0.9516696,0.94931954,0.96230125,0.92671764,0.95489436,0.93980026,0.95128095,0.96223724,0.9569458,0.9560553,0.9653179,0.95515853,0.959154,0.95214087,0.9527587,0.9506406,0.9625836,0.95582986,0.958361,0.9595515,0.9573221,0.9435383,0.96200526,0.95123667,0.95998,0.95272046,0.95871145,0.9622314,0.95355487,0.960123,0.9604485,0.95640594,0.9756486,0.96323085,0.95569235,0.95590717,0.94792247,0.95412654,0.9517514,0.9563364,0.9535596,0.94649196,0.95564985,0.9511622,0.95564485,0.9364822,0.94918084,0.9517859,0.950695,0.95230985,0.95868325,0.9584201,0.9756486,0.9455592,0.96122473,0.9615549,0.95735794
angrybirdsmovie,0.956847,0.95351285,0.96357906,0.9526542,0.9528931,0.954988,0.9551576,0.9486429,0.9727401,0.9499489,0.9502803,0.9999994,0.95971036,0.95433474,0.96214145,0.95310503,0.96063817,0.9541446,0.9621098,0.9516054,0.9563113,0.9558799,0.9522257,0.95441365,0.9434239,0.9036903,0.94861215,0.9485232,0.9605834,0.95744014,0.96027076,0.9449419,0.94414186,0.9649834,0.9472205,0.9307856,0.9554635,0.9542223,0.9553098,0.95358473,0.94997436,0.9493744,0.94606197,0.9557077,0.95904064,0.9522857,0.9485331,0.96209204,0.94876695,0.953438,0.9685905,0.95648736,0.9465558,0.9501338,0.9437169,0.94945776,0.9375245,0.9517459,0.9539844,0.9548202,0.9467736,0.94648135,0.95642424,0.95278656,0.94955224,0.9526891,0.9455645,0.95179385,0.95188415,0.94195473,0.9590165,0.8488085,0.9447731,0.9542364,0.9524244,0.94107264,0.94069207,0.95276964,0.9488234,0.9601522,0.94909346,0.9484893,0.96010953,0.9469815,0.96800995,0.9489436,0.9514501,0.957968,0.95876217,0.9529651,0.9433051,0.9590165,0.9524168,0.9570934,0.96920425,0.9579227,0.95346457,0.9568087,0.94891655,0.95044744,0.9482041,0.94527185,0.95268625,0.96100754,0.954204,0.9700115,0.9564267,0.95322573,0.94474465,0.94848937,0.95966524,0.909359,0.95791584,0.9256447,0.95440495,0.96367556,0.9559023,0.9488998,0.9551296,0.9503874,0.9536481,0.9515627,0.9506989,0.9443182,0.95603156,0.94540083,0.95021826,0.96041375,0.9488463,0.94569033,0.95182294,0.95490044,0.95640683,0.9443792,0.95767707,0.952627,0.94787526,0.9503901,0.96317905,0.9455753,0.9727401,0.9584724,0.94874233,0.95890296,0.9440257,0.9573369,0.94888717,0.94886136,0.95469886,0.94742405,0.95786864,0.9524806,0.95105577,0.9336936,0.94738257,0.95349854,0.9468938,0.95324236,0.9540255,0.95670676,0.9727401,0.94579095,0.9579531,0.95274526,0.9646241
annabellemovie,0.96641916,0.9629435,0.9618609,0.9651803,0.96214646,0.9668425,0.9660438,0.961533,0.9816752,0.95904255,0.9644361,0.95971036,1.0000004,0.96682537,0.9670973,0.96016765,0.95881665,0.96045554,0.96235186,0.95587385,0.9655649,0.96152,0.9693348,0.96532696,0.955049,0.9223314,0.9565318,0.9593293,0.96370584,0.9604948,0.96081764,0.95311725,0.94748276,0.95703655,0.96332115,0.94294155,0.96839017,0.96833825,0.9590497,0.9566114,0.9687722,0.96647364,0.9554673,0.96861786,0.97193575,0.95469123,0.9649122,0.96060205,0.9595572,0.9656767,0.9665187,0.9572299,0.9623785,0.9602119,0.9543714,0.9574393,0.94951415,0.9641114,0.9588504,0.96440834,0.963245,0.9615507,0.9635889,0.9695171,0.9535908,0.95648664,0.9531579,0.9498658,0.96061486,0.9480179,0.9675052,0.84671915,0.9576414,0.96102875,0.95960426,0.9432974,0.9407982,0.9599372,0.9616983,0.9592548,0.9636635,0.9631085,0.9782764,0.9618405,0.970764,0.9584765,0.96014893,0.9836625,0.9536145,0.96661675,0.9570733,0.9675052,0.9624749,0.95353466,0.969628,0.96716666,0.96522665,0.95817095,0.9646659,0.9614435,0.9557382,0.9548405,0.9533796,0.96800905,0.9563085,0.96898854,0.9690915,0.96805346,0.95598644,0.94750947,0.9674601,0.9277395,0.9703221,0.9409497,0.9627307,0.96978146,0.967496,0.9592594,0.9674083,0.96047705,0.96737295,0.96359074,0.9616312,0.9605899,0.9644096,0.95536107,0.96841764,0.9623661,0.9563031,0.9485171,0.96428514,0.95875055,0.9560522,0.9558977,0.9660029,0.96333873,0.9538874,0.9543257,0.9669052,0.95645714,0.9816752,0.96423,0.95744276,0.9700392,0.95866865,0.95587593,0.9571089,0.9631374,0.9679209,0.95850813,0.9625085,0.96328497,0.9577233,0.9413079,0.95641166,0.9596342,0.9600577,0.9591629,0.96307623,0.96927047,0.9816752,0.9597447,0.9647276,0.9680711,0.96255046
annamovie,0.96382165,0.95519716,0.96327287,0.95826435,0.96088403,0.9572978,0.9631668,0.9548474,0.9791266,0.95690054,0.95904595,0.95433474,0.96682537,0.99999946,0.9687015,0.95933455,0.9514336,0.9612661,0.95950836,0.95992297,0.96100086,0.96303535,0.9636804,0.9655096,0.9491964,0.9053487,0.9575995,0.9542435,0.9576003,0.96426785,0.96247435,0.96054536,0.95303094,0.9548947,0.9605997,0.94362265,0.96458745,0.9613871,0.9614805,0.95760846,0.9596714,0.95816725,0.9510345,0.9631513,0.96691674,0.95533586,0.95922804,0.95978516,0.9564087,0.9613401,0.95798904,0.9640814,0.9595826,0.958548,0.94847846,0.9613422,0.95167994,0.963109,0.96410644,0.960146,0.95539236,0.95880044,0.9609798,0.9754881,0.9624808,0.9575494,0.94864196,0.95329,0.9595514,0.95039386,0.9638732,0.8331307,0.9563105,0.9577176,0.9572466,0.94835216,0.9378977,0.96066135,0.9672266,0.95944726,0.9538351,0.961013,0.9662847,0.9606312,0.9595855,0.9571974,0.95717615,0.9704248,0.96037245,0.9626189,0.9584688,0.9638732,0.9643268,0.9562474,0.96358824,0.9628968,0.9615768,0.9614657,0.9571959,0.9686501,0.9513381,0.9579716,0.9520003,0.9635966,0.9693261,0.96100324,0.9659792,0.9549837,0.94939935,0.9502179,0.9692166,0.91413814,0.96341056,0.9321236,0.95355725,0.96449643,0.96713024,0.9648816,0.9624472,0.95666605,0.95879185,0.9640628,0.9615822,0.9487561,0.9661915,0.96301544,0.964676,0.9608611,0.9575064,0.94267935,0.9595125,0.9614191,0.95391726,0.94497967,0.96794105,0.9663223,0.95730567,0.9659679,0.96044284,0.958452,0.9791266,0.9626545,0.9525565,0.9539029,0.94692147,0.96182233,0.9585165,0.96001315,0.95734817,0.9501741,0.9639098,0.9592299,0.9522907,0.9437664,0.95238197,0.95729494,0.9535522,0.9595073,0.95847535,0.958369,0.9791266,0.95901334,0.9645917,0.95998,0.95529294
apollo11movie,0.963719,0.9629964,0.96985394,0.9575747,0.96469575,0.95642096,0.9676298,0.96260756,0.9820836,0.9591949,0.9643223,0.96214145,0.9670973,0.9687015,1.0000002,0.9640326,0.959401,0.9633371,0.9634455,0.97343946,0.96808434,0.962847,0.96221393,0.9669819,0.9508315,0.9016924,0.960608,0.95798403,0.9672792,0.95963866,0.9618592,0.9517669,0.9546117,0.95920706,0.95907974,0.9464262,0.96998423,0.9548844,0.9700803,0.9605365,0.9652493,0.96251386,0.9539017,0.9704481,0.9660271,0.9567529,0.95861155,0.9633721,0.96240735,0.9678858,0.96774775,0.9642881,0.95825255,0.9579276,0.9472436,0.9665347,0.957356,0.962383,0.959274,0.96246606,0.95525634,0.9513662,0.96375996,0.9625584,0.95915943,0.96486676,0.95536673,0.9614704,0.96052694,0.95544857,0.9668743,0.84719557,0.9542221,0.96180695,0.9584415,0.95315653,0.9409203,0.9639458,0.9638986,0.96394724,0.9582014,0.95628875,0.9699326,0.95753163,0.96753275,0.95917654,0.9606642,0.9699671,0.9629955,0.9673705,0.9528274,0.9668743,0.96339184,0.96014625,0.96995246,0.97630215,0.9624987,0.9601375,0.95797336,0.9603565,0.9539227,0.9540817,0.96106195,0.9643387,0.9644017,0.9683873,0.97074836,0.9595619,0.95839065,0.9579582,0.9682938,0.92258155,0.9638336,0.9372901,0.9638296,0.971236,0.9639474,0.9586943,0.9698485,0.96116114,0.96066153,0.95632565,0.9588946,0.9550058,0.96685165,0.96397275,0.96977305,0.9653219,0.9589532,0.95198137,0.96596956,0.95962,0.9635597,0.9560149,0.9668035,0.96059704,0.9584296,0.9623248,0.96232253,0.95565295,0.9820836,0.9653342,0.9538934,0.95946646,0.95420563,0.96339965,0.9583634,0.9579668,0.9612828,0.95263344,0.962775,0.96474165,0.95852077,0.9469386,0.95780456,0.9598562,0.95548403,0.9630101,0.96984637,0.9669176,0.9820836,0.9606161,0.9687013,0.96152055,0.9648737
arcticdogsmovie,0.96163493,0.9671978,0.96433216,0.9578279,0.96201146,0.956717,0.96110255,0.95953107,0.97887385,0.95696676,0.9545982,0.95310503,0.96016765,0.95933455,0.9640326,1.0000004,0.95663494,0.96056813,0.9591577,0.9527805,0.9630428,0.9599662,0.9644854,0.9655222,0.9491362,0.9042134,0.95441663,0.9511447,0.9603843,0.9598581,0.9554733,0.95231426,0.9517134,0.95413214,0.95202905,0.9333063,0.9607369,0.95272136,0.9584834,0.96569175,0.9582538,0.954451,0.94214696,0.96057284,0.9614857,0.9484988,0.95863724,0.96110857,0.9587152,0.95934707,0.95768875,0.9674304,0.95984155,0.9638192,0.9509376,0.9595259,0.94977856,0.9594972,0.9607926,0.9601876,0.9526404,0.955529,0.95864314,0.9649241,0.9586028,0.9500848,0.9509446,0.96385854,0.9665315,0.9547706,0.96677995,0.84778064,0.9583327,0.9486469,0.9609779,0.9448374,0.93495643,0.95588285,0.9650448,0.95603156,0.9546759,0.9540191,0.9609219,0.95275384,0.9533732,0.9543665,0.95097,0.96628046,0.9563316,0.95922714,0.95648026,0.96677995,0.9528469,0.9540937,0.9650744,0.9586427,0.96342224,0.955418,0.9524228,0.95524746,0.9476368,0.95300424,0.9540397,0.96657723,0.95427316,0.961527,0.95948994,0.9731827,0.9635634,0.95597166,0.9648743,0.92183113,0.9575113,0.92853755,0.96204656,0.96356845,0.96093804,0.95985746,0.9616011,0.96049744,0.9621804,0.95324457,0.95970505,0.9502059,0.958841,0.9558526,0.96259296,0.95935357,0.9526862,0.93688965,0.95979375,0.95510674,0.9577317,0.94749653,0.96261364,0.9635495,0.95343995,0.9593007,0.96681803,0.9506886,0.97887385,0.95988816,0.95232415,0.9632712,0.9517318,0.96267843,0.9489777,0.95208323,0.9607166,0.9538144,0.95530933,0.9614145,0.95715773,0.94374007,0.9538117,0.9590567,0.95890105,0.9620332,0.96592057,0.96591514,0.97887385,0.95421505,0.9661483,0.9631917,0.9605603
arcticmovie,0.9652862,0.9560096,0.96337754,0.96005696,0.96228844,0.9586155,0.9678314,0.95324725,0.97715586,0.9520951,0.95426434,0.96063817,0.95881665,0.9514336,0.959401,0.95663494,0.9999995,0.9565534,0.96248215,0.94885373,0.9587386,0.96218634,0.9608508,0.95884424,0.9500736,0.91351974,0.95562875,0.9736281,0.96563756,0.9546013,0.9582649,0.94523907,0.9488685,0.95970017,0.9541285,0.93878174,0.9631402,0.96110004,0.96162146,0.9581574,0.9609708,0.9515792,0.9419104,0.95423484,0.9629188,0.95200306,0.9570118,0.9632827,0.9595693,0.95617795,0.9604772,0.96311414,0.9523422,0.95127827,0.94703376,0.95627385,0.9500632,0.95825964,0.9586953,0.9631635,0.950005,0.9596999,0.95561874,0.9550375,0.9612778,0.9566018,0.95582,0.9593089,0.96159977,0.9445254,0.96130276,0.8319642,0.9534465,0.9609736,0.9627597,0.9473085,0.9392447,0.9594043,0.95928884,0.9578388,0.95452136,0.95683414,0.964803,0.95144475,0.9551107,0.9529573,0.9579851,0.9638597,0.95094764,0.9619243,0.9561569,0.96130276,0.95616764,0.95471364,0.9617728,0.9571015,0.9613401,0.9425826,0.9602704,0.9533302,0.95232,0.9602533,0.9573828,0.9630706,0.9522721,0.9614671,0.96285105,0.9533937,0.9507481,0.95078254,0.957448,0.9204187,0.9592682,0.93419313,0.9601033,0.9685544,0.96625644,0.95631653,0.9607917,0.96409744,0.9605509,0.9562683,0.95019615,0.95467633,0.9564365,0.9482642,0.96082556,0.96550184,0.9562819,0.958536,0.9625291,0.9499599,0.9798857,0.95490015,0.9605696,0.95932084,0.9532662,0.95059246,0.96031564,0.9490873,0.97715586,0.9622468,0.9583637,0.95494574,0.95399046,0.9594801,0.9547005,0.9519977,0.949326,0.9585278,0.96023226,0.9577365,0.9550965,0.9455567,0.95784914,0.9526112,0.9587021,0.9552082,0.9634024,0.9608942,0.97715586,0.9464456,0.96517116,0.96103686,0.96233463
artofracingmovie,0.9636867,0.95787597,0.96159136,0.9589502,0.97666276,0.9542656,0.9711239,0.9629933,0.9806892,0.96757543,0.9537623,0.9541446,0.96045554,0.9612661,0.9633371,0.96056813,0.9565534,0.9999995,0.9589775,0.9561833,0.96078205,0.95958185,0.9656335,0.96258754,0.94656616,0.9070492,0.9611413,0.95037353,0.9587688,0.9593903,0.9600146,0.9604539,0.9478988,0.9619353,0.95287746,0.945913,0.9657861,0.96640843,0.9621475,0.9560119,0.9618678,0.960429,0.9537751,0.96840215,0.9583798,0.9625431,0.9573929,0.95483345,0.9618263,0.9635018,0.96240443,0.96759427,0.9542768,0.9539901,0.9571185,0.975583,0.9474466,0.96723694,0.95138955,0.95661145,0.95212686,0.948695,0.9620935,0.9601951,0.9653635,0.95791996,0.94833636,0.9601293,0.9646225,0.9571066,0.9620253,0.86601,0.9586014,0.9548221,0.95675236,0.943477,0.93873096,0.9591557,0.9580785,0.95387876,0.9564329,0.96009374,0.9652778,0.961875,0.961452,0.95604986,0.95866174,0.9592075,0.9587833,0.96595204,0.9557151,0.9620253,0.9586401,0.95623845,0.9627338,0.96192974,0.9629181,0.95803064,0.9616816,0.9615307,0.95734435,0.9514653,0.9635032,0.957517,0.9607093,0.9630352,0.9609014,0.9646004,0.9544399,0.95440555,0.9666577,0.9254045,0.9626962,0.93961525,0.9674162,0.96413124,0.9667762,0.96115535,0.9614634,0.96605957,0.9609584,0.96165586,0.9614964,0.9513633,0.9581001,0.95520204,0.9584157,0.96149284,0.95888305,0.9489679,0.96014386,0.971126,0.9527096,0.9491551,0.9641442,0.96510077,0.96234596,0.9590085,0.9599348,0.9703416,0.9806892,0.9632246,0.9590719,0.95933664,0.94006956,0.96155566,0.9495742,0.95537114,0.96331435,0.9556473,0.958797,0.96821755,0.95495963,0.94443196,0.9535322,0.96228147,0.9470163,0.95988977,0.96617895,0.96674544,0.9806892,0.9578004,0.9585723,0.9614879,0.95831525
avengers,0.9814231,0.95234716,0.9624342,0.9574966,0.9560658,0.95574117,0.95757174,0.95859504,0.97795033,0.95117885,0.95600605,0.9621098,0.96235186,0.95950836,0.9634455,0.9591577,0.96248215,0.9589775,1.0000004,0.9577949,0.95585567,0.9642573,0.9641302,0.9622004,0.94758445,0.9175705,0.9536206,0.95608044,0.9627478,0.9619502,0.9814638,0.95253503,0.9466365,0.9581909,0.95257074,0.936394,0.96493596,0.9622369,0.95498013,0.9524089,0.96305233,0.9587209,0.9468949,0.9630482,0.9639229,0.9589451,0.9606605,0.96337533,0.956617,0.9607704,0.9648733,0.9588674,0.9509149,0.95369595,0.9482245,0.95712477,0.95064574,0.9580234,0.9578624,0.9548077,0.95889765,0.95220226,0.95882744,0.96373004,0.9599818,0.95981216,0.9471163,0.9508661,0.9553046,0.94781166,0.9590756,0.8416653,0.9538074,0.9633078,0.96214193,0.94435173,0.94194645,0.9576987,0.9578953,0.9573771,0.9529648,0.9532878,0.96624297,0.95349765,0.95700675,0.9518055,0.9574995,0.9623481,0.95320773,0.9655924,0.9535994,0.9590756,0.9562125,0.9586156,0.9683449,0.9627293,0.95899796,0.9520692,0.9588784,0.95828277,0.957905,0.951897,0.9582945,0.9619926,0.9548576,0.96515656,0.96179664,0.95940095,0.9487501,0.96103543,0.9627032,0.9142905,0.9654088,0.9289411,0.95847684,0.9674718,0.9667237,0.96088636,0.9628148,0.95527196,0.96219915,0.9602992,0.9555457,0.9527229,0.95840186,0.95566547,0.95766443,0.9674347,0.9577307,0.9609067,0.95955694,0.95220983,0.9582451,0.9509923,0.96319836,0.9606934,0.95918745,0.9585645,0.9559272,0.9583513,0.97795033,0.9669929,0.9606268,0.96037155,0.95001215,0.9523025,0.9479931,0.9554267,0.955567,0.9544692,0.9530153,0.9584645,0.9644914,0.95069253,0.95665514,0.94897014,0.951635,0.9540582,0.9643083,0.96736866,0.97795033,0.9411025,0.9623737,0.96158785,0.9656559
beachbummovie,0.95335615,0.952772,0.95826626,0.9493165,0.95147115,0.950233,0.95010555,0.9495641,0.97228736,0.95166683,0.95794195,0.9516054,0.95587385,0.95992297,0.97343946,0.9527805,0.94885373,0.9561833,0.9577949,0.99999976,0.9598085,0.9577536,0.95382273,0.95683414,0.9406376,0.908887,0.95476556,0.9447105,0.95413196,0.9526924,0.9565358,0.9517105,0.942352,0.94594944,0.9511209,0.9321593,0.95785546,0.9462533,0.9522956,0.9482285,0.9547605,0.95491517,0.9431133,0.95881206,0.9543157,0.95937157,0.9471585,0.9559782,0.95544875,0.95759165,0.95867497,0.95560324,0.9461872,0.95053554,0.9399955,0.9543749,0.95274913,0.9525151,0.94840163,0.9545788,0.94890475,0.9437765,0.9505252,0.9554174,0.95005906,0.9542457,0.94236666,0.951206,0.9491072,0.9553172,0.95896673,0.845139,0.9455032,0.9546102,0.9542101,0.94588643,0.93779427,0.95273817,0.95647115,0.95600617,0.95333725,0.9429843,0.9563212,0.94777316,0.9534141,0.9493293,0.95052093,0.96054196,0.95299757,0.96054757,0.9405373,0.95896673,0.9629471,0.9540168,0.96124667,0.9631541,0.9547408,0.9685716,0.9463633,0.9530969,0.9484577,0.95454264,0.9559331,0.95744354,0.9528434,0.9599909,0.95649374,0.9532018,0.9468057,0.9493235,0.96036863,0.91732603,0.9512863,0.9269864,0.95206565,0.95430225,0.94907993,0.9483659,0.95827407,0.9455987,0.9523024,0.94989127,0.95111006,0.9440049,0.9576887,0.95277953,0.95780313,0.9554057,0.94550216,0.9375577,0.9600833,0.9486746,0.95069885,0.9427739,0.9549042,0.95412594,0.9516264,0.95958495,0.95437044,0.95759743,0.97228736,0.9637875,0.94998765,0.9486017,0.93713355,0.9503343,0.9420843,0.956248,0.9547268,0.9366155,0.9449033,0.95085645,0.9496126,0.93626684,0.950303,0.95308,0.9427655,0.9549275,0.95387566,0.95314395,0.97228736,0.9441761,0.9555845,0.95772374,0.9528256
bernadettefilm,0.9575435,0.9537232,0.9668458,0.95634735,0.9656054,0.9579233,0.9660086,0.96071184,0.9800284,0.9554285,0.9621623,0.9563113,0.9655649,0.96100086,0.96808434,0.9630428,0.9587386,0.96078205,0.95585567,0.9598085,1.0000006,0.95770484,0.96249133,0.96591324,0.95003587,0.91078806,0.9536647,0.9601368,0.963529,0.9538434,0.95851916,0.9517142,0.94644153,0.9526997,0.9591302,0.9504312,0.96376294,0.95808816,0.9636766,0.95751166,0.96255887,0.9559695,0.9468281,0.9623525,0.9682043,0.9553984,0.9581016,0.96252173,0.9643585,0.96234626,0.96066415,0.9625867,0.95409,0.95619273,0.95395094,0.9652111,0.9482566,0.95772654,0.9583895,0.9643674,0.9539197,0.95271975,0.9629459,0.9577778,0.9592919,0.9574161,0.94904643,0.9572151,0.9607787,0.9371574,0.9640283,0.83980685,0.95774096,0.9627407,0.95488626,0.9484998,0.94011426,0.95826226,0.96539927,0.9598149,0.9536434,0.9594108,0.9666223,0.9515849,0.9628016,0.95534474,0.95524067,0.96553504,0.9626224,0.9590859,0.9540176,0.9640283,0.96399087,0.95727706,0.96310353,0.96313035,0.96191317,0.9582265,0.95819896,0.95057213,0.95224196,0.9601494,0.9499275,0.96054554,0.96282536,0.96062005,0.96566266,0.9608516,0.9520986,0.95275193,0.96658856,0.9218339,0.96448636,0.94257987,0.96676725,0.9649509,0.96128094,0.954006,0.96490616,0.96247166,0.9636389,0.9541929,0.96004903,0.9579959,0.9660847,0.95037764,0.9656941,0.9597616,0.95650256,0.9428462,0.97179157,0.9586003,0.9540967,0.94929576,0.9598421,0.9566298,0.94385827,0.9592705,0.96175045,0.95403224,0.9800284,0.96107,0.95627284,0.955967,0.9500718,0.9588065,0.95722604,0.95850164,0.95420194,0.95500064,0.9631619,0.95894545,0.9547391,0.9416396,0.95436215,0.95365804,0.95851636,0.96005666,0.96270436,0.9603999,0.9800284,0.95599085,0.96523046,0.964667,0.96268517
