movie,21bridgesmovie,47metersdown,abeautifuldaymovie,abominablemovie,adastramovie,adogsjourneymovie,aftermathmovie,aftermovie,ahiddenlifefilm,alitamovie,angelhasfallen,angrybirdsmovie,annabellemovie,annamovie,apollo11movie,arcticdogsmovie,arcticmovie,artofracingmovie,avengers,beachbummovie,bernadettefilm,blackandbluemovie,blackchristmas,blindedbythelightmovie,bombshellmovie,booksmart,breakthroughmovie,brianbanksmovie,brightburnmovie,brittanyrunsmov,captainmarvelofficial,captivestatemovie,catsmovie,charliesangels,childsplaymovie,clarathefilm,coldpursuitmovie,countdown,currentwarmovie,darkwatersmovie,detectivepikachumovie,disneyaladdin,disneyfrozen,disneymaleficent,doctorsleepmovie,dolemiteismyname,dontletgomovie,doramovie,downtonabbey_official,dumbo,escaperoom,everybodyknowsmovie,fastandfuriousmovie,fightingwmyfam,fivefeetapartfilm,fordvferrari,freaksthefilm,geminimanmovie,glassmovie,gloriabellmovie,godzillamovie,goldfinchmovie,goodboysmovie,goodliarmovie,gretafilm,halathemovie,happydeathdaymovie,harrietfilm,hellboymovie,hersmellmovie,highlifemovie,highstrungmovie,honeyboymovie,hotelmumbaifilm,httydragon,hustlemovie,hustlersmovie,isntitromantic,itmovieofficial,jayandsilentbob,johnwickmovie,jojorabbitmovie,jokermovie,judythefilm,jumanjimovie,justmercyfilm,knivesout,lalloronamovie,lastblackmansf,lastchristmasthemovie,latenightmovie,lighthousemovie,lionking,littlethemovie,littlewomenmovie,littlewoodsfilm,longshotmovie,lordsofchaosmovie,lucyintheskyfilm,mamovie2019,marriagestory,meettheaddams,meninblack,midsommarmovie,midwaymovie,missbalamovie,missinglinkfilm,motherlessbklyn,onceinhollywood,onthebasisofsex,overcomermovie,peanutbutterfalcon,petsematarymovie,piercingmovie,playingwithfire,playmobilthemovie,pomsmovie,queenandslim,rambomovie,readyornotfilm,richardjewellfilm,rocketmanmovie,scarystoriesmovie,secretlifeofpets,serenityfilm,shaftmovie,shazammovie,spidermanmovie,spiesindisguise,starwars,stormboymovie,stubermovie,taosdfilm,teenspiritmov,terminator,theaeronautsmov,thebestofenemies,thedeaddontdie,thefarewell,thehighwaymen,thehummingbirdprojectfilm,theintrudermovie,theirishmanfilm,thekitchenmovie,thelegomovie,themustangfilm,thenightingalefilm,theprodigymovie,thesunisalsoastar,theupsidefilm,tolkienmovie,toystory,triplefrontier,uglydolls,uncutgems,underthesilverlake,usmovie,wavesmovie,whatmenwant,wonderparkmovie,wrinklestheclown,xmenmovies,yardiefilm,yesterdaymovie,zombieland
21bridgesmovie,1.0000004,0.94261146,0.96013236,0.9532761,0.96634144,0.9474045,0.9663881,0.9561137,0.97936463,0.95367813,0.9570379,0.97382575,0.9589911,0.95529926,0.9663807,0.9466149,0.9569011,0.9623396,0.9762713,0.9579844,0.9604109,0.95981365,0.95506907,0.9628112,0.9493202,0.91746587,0.9519518,0.95882326,0.967008,0.96299714,0.9594796,0.9638916,0.9424491,0.9602932,0.95749724,0.94656694,0.96716905,0.96518606,0.9580821,0.96402866,0.9480117,0.95524645,0.9497125,0.9630052,0.96188515,0.96244836,0.96001697,0.96428293,0.95507944,0.96596766,0.9718665,0.9662643,0.9578839,0.9487438,0.9517654,0.95758456,0.9612853,0.95793396,0.9594794,0.9569858,0.9519407,0.9538028,0.965977,0.961769,0.9579099,0.95011234,0.962569,0.96019137,0.9444251,0.9502109,0.9557507,0.82910705,0.9491136,0.9644109,0.95228827,0.95156986,0.94280237,0.95704484,0.95551103,0.95805305,0.9560845,0.95525277,0.96247715,0.9591896,0.9645747,0.95555985,0.9532141,0.96405226,0.9504158,0.9567227,0.95776695,0.9557507,0.95758516,0.95400566,0.96526116,0.9653697,0.9495111,0.96232,0.9565811,0.9605477,0.9630713,0.9669999,0.95572305,0.9538507,0.958396,0.96854085,0.96236753,0.96397996,0.95300007,0.94774574,0.96081686,0.8865343,0.9578415,0.9568468,0.9591755,0.9619345,0.9869727,0.93916315,0.96279603,0.956451,0.9510929,0.96420985,0.9624902,0.94728345,0.9564874,0.9669984,0.9629999,0.9530035,0.9483679,0.93727547,0.96479845,0.95607245,0.9616025,0.95933586,0.94683564,0.9562847,0.977018,0.9542572,0.9596411,0.9492041,0.97936463,0.9643191,0.9566457,0.9641593,0.95346874,0.95584685,0.9558997,0.9583699,0.9634297,0.9641067,0.9641663,0.9561316,0.9538729,0.9642612,0.9523739,0.95711696,0.9516733,0.9570079,0.96583784,0.9614051,0.97936463,0.95521206,0.9611766,0.95739746,0.96271163
47metersdown,0.94261146,0.9999999,0.94813055,0.9500313,0.95251846,0.9460607,0.9561568,0.9521157,0.9698935,0.94157624,0.95024496,0.9435948,0.95530784,0.9550532,0.95310605,0.96222645,0.94818425,0.9555872,0.94018716,0.94173807,0.9525486,0.94928795,0.9507867,0.9550005,0.94232184,0.9013347,0.9405986,0.9460325,0.9430466,0.95208156,0.9459252,0.9494967,0.9309407,0.9400552,0.93588454,0.91762716,0.9564769,0.94390535,0.9345581,0.9525468,0.9334227,0.9579102,0.940078,0.95365036,0.9463708,0.94153196,0.95040864,0.9387362,0.95264107,0.9586965,0.9465257,0.95913196,0.9416755,0.9325685,0.9408314,0.9479521,0.9539104,0.9543524,0.95320946,0.95773053,0.93680125,0.9530412,0.94673085,0.95568,0.9569097,0.9477092,0.94432867,0.94718224,0.9459937,0.94503444,0.9565044,0.7848335,0.94810396,0.95055693,0.9512242,0.9358429,0.92162496,0.9388258,0.9439338,0.94600046,0.9480755,0.9489321,0.95261836,0.94593304,0.9423973,0.94044936,0.94157934,0.96060246,0.94120353,0.9495252,0.9476897,0.9565044,0.9487659,0.94268847,0.94308096,0.95341045,0.93955827,0.9541774,0.9484421,0.9502639,0.9537785,0.95067257,0.92716837,0.9489179,0.95343,0.942173,0.94083184,0.96213174,0.93616694,0.94811946,0.9556597,0.85478336,0.9511497,0.9408119,0.93623024,0.932657,0.94954973,0.9385679,0.95373005,0.9463095,0.94590145,0.9563756,0.94174576,0.9431709,0.9514245,0.93833303,0.95418173,0.94224554,0.93643165,0.9252947,0.9556589,0.9397902,0.9494876,0.9395962,0.94826615,0.9564681,0.9495157,0.9531663,0.95294374,0.94983375,0.9698935,0.942398,0.9508998,0.9533112,0.9398179,0.9518427,0.954137,0.9465466,0.9558024,0.9450037,0.94328725,0.95618945,0.9456071,0.92341924,0.93795896,0.95271206,0.9486228,0.94586754,0.95045334,0.9428938,0.9698935,0.9528853,0.9378484,0.95434535,0.9406867
abeautifuldaymovie,0.96013236,0.94813055,0.9999999,0.9509114,0.94953465,0.9505713,0.9672065,0.9548506,0.97641855,0.9499837,0.9534946,0.9712165,0.96223867,0.94760704,0.95839673,0.9497601,0.95258474,0.9610669,0.96108264,0.9436567,0.95467,0.9645683,0.9547417,0.95546496,0.9588626,0.91758794,0.9442723,0.9486025,0.972884,0.9599477,0.9569302,0.959398,0.94235134,0.9616897,0.93503463,0.9361087,0.9618416,0.9447896,0.9571002,0.9587263,0.9443391,0.9569614,0.9585478,0.9556486,0.9530622,0.9619479,0.9553545,0.9542266,0.9642193,0.96130556,0.9733502,0.9637186,0.95541173,0.940238,0.9506883,0.95426834,0.9572764,0.95094573,0.9593797,0.9565135,0.94968647,0.95883024,0.9553721,0.95011085,0.95600253,0.9439871,0.95873886,0.9542779,0.94601953,0.94436854,0.95875674,0.803839,0.953598,0.9587152,0.9368625,0.95435286,0.92704046,0.954893,0.94724464,0.95915294,0.9420041,0.9556363,0.9636488,0.94109213,0.9691963,0.9476291,0.9536642,0.96222836,0.93958527,0.95899934,0.9583961,0.95875674,0.95891887,0.95399666,0.9627973,0.95813066,0.9488861,0.9607741,0.9572379,0.948713,0.9659335,0.95615846,0.95141464,0.95581627,0.95219827,0.9674148,0.955675,0.9605805,0.9571899,0.9511118,0.9598147,0.8808688,0.9524547,0.93454707,0.95597154,0.9426575,0.9575881,0.931631,0.9583996,0.9623237,0.9498479,0.9608662,0.95139736,0.94859904,0.9608064,0.94849575,0.9523265,0.9656192,0.94163555,0.94488996,0.96796536,0.94781715,0.9577653,0.95330656,0.94804084,0.9566263,0.9567211,0.9519545,0.9592772,0.9502797,0.97641855,0.9703069,0.95328647,0.95806026,0.96241444,0.95590484,0.9489974,0.9474225,0.95268154,0.956689,0.9632205,0.9723215,0.959856,0.94229037,0.9524053,0.95877725,0.9484865,0.9545591,0.95883197,0.95687705,0.97641855,0.95067775,0.951756,0.9583217,0.9609712
abominablemovie,0.9532761,0.9500313,0.9509114,0.9999999,0.9534676,0.9481245,0.960684,0.95805466,0.97486764,0.94785583,0.9592074,0.9562518,0.95263016,0.94747657,0.9527434,0.94731814,0.94919753,0.9560706,0.95454603,0.93984264,0.9531504,0.95263296,0.95282966,0.9586182,0.95362335,0.91155165,0.9488411,0.95669955,0.9490248,0.9547174,0.95691514,0.9437296,0.9269304,0.94056827,0.9458179,0.9312151,0.9597016,0.9452866,0.9438244,0.9431093,0.93003243,0.953042,0.94340354,0.95323795,0.95219266,0.9512389,0.95328015,0.9501077,0.95040023,0.95987713,0.9546274,0.9545041,0.9516326,0.94904137,0.9470496,0.9540102,0.95494205,0.9452688,0.9701083,0.9601382,0.93890166,0.9658599,0.9549989,0.9473276,0.9498733,0.9559981,0.9424593,0.94149697,0.95577884,0.95248294,0.9557418,0.79094064,0.9546778,0.95390224,0.960478,0.94089705,0.9264936,0.9472091,0.94799113,0.95687014,0.95792437,0.9565402,0.9570171,0.95147324,0.9619135,0.9523425,0.9538476,0.9590634,0.94808865,0.94655305,0.962006,0.9557418,0.9617638,0.953038,0.95518655,0.9646782,0.9538911,0.9597159,0.9529419,0.948238,0.9495173,0.95094776,0.9352814,0.9514673,0.9542372,0.953768,0.9516906,0.95745724,0.94631696,0.9483185,0.95885354,0.88047653,0.94725513,0.9354316,0.9456183,0.94595826,0.95159435,0.95483536,0.9625785,0.94953,0.95136875,0.95605797,0.95389843,0.94484305,0.9564751,0.94668275,0.96069264,0.9473436,0.93954074,0.9275895,0.95948184,0.9490314,0.9565837,0.9434232,0.946201,0.95255566,0.9523259,0.9528949,0.9531691,0.945631,0.97486764,0.95374686,0.9521391,0.9524156,0.94825417,0.9468064,0.9496244,0.9592016,0.9512181,0.9427486,0.9534808,0.9565217,0.9522235,0.93940455,0.9478547,0.9465156,0.9455376,0.95707977,0.95243627,0.9401279,0.97486764,0.94691277,0.94642514,0.9576169,0.94899184
adastramovie,0.96634144,0.95251846,0.94953465,0.9534676,0.9999998,0.9480603,0.9565604,0.9604865,0.9791769,0.96233845,0.9575908,0.95633274,0.9685406,0.9484722,0.96786934,0.9407169,0.958356,0.9760864,0.96096087,0.9509669,0.96614057,0.957205,0.95359385,0.9582374,0.9475302,0.91220945,0.96694803,0.9568019,0.9570827,0.959398,0.9620503,0.961758,0.9401669,0.9431032,0.95287776,0.92758834,0.9679982,0.96674997,0.9501155,0.95924073,0.944759,0.9652263,0.9516648,0.95936275,0.9610539,0.9526483,0.95851594,0.96088874,0.9570833,0.96676147,0.96011645,0.95920366,0.9598965,0.95050174,0.94909716,0.9752837,0.9580978,0.964149,0.9561785,0.9617015,0.95376337,0.95577,0.9525586,0.9643766,0.954797,0.9619342,0.94220334,0.94616055,0.9469753,0.9487242,0.961252,0.8028654,0.95764816,0.96654665,0.95028776,0.9513731,0.94025916,0.9579069,0.9500482,0.9599414,0.95420283,0.9596167,0.95841384,0.95795596,0.9525109,0.9587076,0.9572518,0.97080135,0.9548489,0.9643266,0.95953,0.961252,0.95504344,0.9607995,0.95979255,0.9626636,0.96116763,0.9606298,0.94251513,0.9430634,0.9552723,0.96069807,0.9426088,0.95541424,0.9544061,0.9526116,0.95211333,0.9615946,0.9420187,0.95321214,0.96143985,0.8817404,0.96310836,0.95725083,0.95893514,0.9612097,0.9686317,0.94921297,0.9574922,0.94880396,0.9549117,0.96582085,0.95588064,0.94671196,0.964678,0.9652299,0.9617251,0.9514633,0.9692729,0.9353776,0.9626772,0.9661342,0.9608085,0.94496626,0.9571123,0.9585719,0.9601874,0.9608882,0.9547675,0.95417583,0.9791769,0.9608206,0.953825,0.96340716,0.9494278,0.95079887,0.9500135,0.95420015,0.9615774,0.9532162,0.95294714,0.94904774,0.9520944,0.9488879,0.9542036,0.9548126,0.9550161,0.9550631,0.9591231,0.9655641,0.9791769,0.9558836,0.9581376,0.9586014,0.9538433
adogsjourneymovie,0.9474045,0.9460607,0.9505713,0.9481245,0.9480603,0.9999997,0.9593994,0.94613475,0.9690294,0.93680024,0.94755596,0.9527936,0.9414365,0.94257843,0.9473843,0.95235807,0.9513659,0.9488033,0.9481844,0.9339551,0.95068544,0.94525313,0.9623905,0.95355016,0.94349176,0.9016903,0.9335778,0.9464085,0.94382703,0.9382455,0.94959164,0.9437734,0.9464431,0.93372,0.9334465,0.9272539,0.9542609,0.9344608,0.9536008,0.94828695,0.9253705,0.94651675,0.9437061,0.9378756,0.9497004,0.95112205,0.960408,0.9437569,0.9566727,0.9485996,0.9451378,0.9561982,0.9421183,0.94980943,0.93409175,0.9458483,0.95060766,0.9500477,0.9573429,0.94590646,0.93650204,0.94224036,0.9368094,0.95057726,0.9478386,0.9463838,0.94470376,0.9503229,0.94245917,0.9411282,0.947094,0.7971027,0.9453982,0.95120955,0.9489416,0.9452303,0.92523646,0.9453558,0.9423707,0.9472348,0.9447828,0.9538167,0.95443416,0.9422403,0.9447115,0.9442212,0.94643056,0.9480334,0.94305104,0.9494197,0.946071,0.947094,0.94417375,0.9511862,0.9442212,0.9509883,0.9370362,0.94555485,0.9499778,0.949158,0.9551466,0.95492625,0.932121,0.95187604,0.94690776,0.9437776,0.9482081,0.9566556,0.9394303,0.94430196,0.95916796,0.8701256,0.9462957,0.9339297,0.93601817,0.9343354,0.9483966,0.94747376,0.9556996,0.95715606,0.939513,0.9607107,0.9439633,0.96860147,0.9448507,0.9513118,0.96078634,0.94844425,0.9486792,0.93566376,0.9562468,0.94238234,0.9530791,0.93647957,0.94268906,0.94198465,0.9534039,0.9493169,0.9444984,0.94566184,0.9690294,0.93927324,0.9484879,0.9540242,0.9533019,0.94863755,0.95630413,0.94934714,0.9542477,0.93940216,0.95277905,0.94959104,0.9560476,0.92692715,0.94322723,0.9419,0.9593542,0.95155615,0.9464868,0.94455,0.9690294,0.9535238,0.94048035,0.96553063,0.94255626
aftermathmovie,0.9663881,0.9561568,0.9672065,0.960684,0.9565604,0.9593994,1.0000004,0.95671904,0.9813855,0.9542762,0.9607463,0.96467984,0.9582528,0.9567947,0.97023165,0.9545665,0.95885235,0.967067,0.9615654,0.9560591,0.9636396,0.9625014,0.9606804,0.97032297,0.95322615,0.9198368,0.9437257,0.95363957,0.9647023,0.9567643,0.9541167,0.96664137,0.94399667,0.9573301,0.9469073,0.93639195,0.9680537,0.9568029,0.95780396,0.96456367,0.9390452,0.96477896,0.95280445,0.9610252,0.95776874,0.9599464,0.96108645,0.95258385,0.9627102,0.9651521,0.9673732,0.9731317,0.959827,0.947911,0.9508162,0.9580448,0.95602065,0.9570235,0.965622,0.9635135,0.9426169,0.9556187,0.96237093,0.95681095,0.96504176,0.9562185,0.95931816,0.96707135,0.95529765,0.95572263,0.9655843,0.80321336,0.95080554,0.9647381,0.9573639,0.95726895,0.939225,0.956606,0.94925547,0.96428597,0.95957845,0.9729849,0.9615277,0.95730406,0.9740876,0.9573394,0.96237797,0.96169364,0.9498479,0.959333,0.957542,0.9655843,0.9605686,0.9617706,0.9630757,0.96710205,0.9560572,0.96845603,0.9771982,0.9584151,0.96465456,0.96182305,0.9528002,0.9624059,0.9615463,0.9637536,0.9625616,0.96826893,0.9468012,0.9606877,0.96177584,0.89154685,0.9517582,0.9422854,0.95722324,0.94854474,0.9638046,0.9451829,0.96655196,0.9893082,0.95160747,0.9616308,0.95717996,0.9571475,0.95665616,0.95692456,0.9560642,0.95864546,0.9470662,0.9476879,0.9693984,0.95683366,0.9611883,0.9578997,0.95018536,0.9568599,0.96968895,0.9643538,0.9674857,0.9571539,0.9813855,0.96062636,0.95910734,0.959838,0.95912665,0.9584519,0.9620758,0.96318173,0.9602774,0.95679206,0.9849379,0.96211755,0.95928764,0.95349604,0.95989245,0.964431,0.95442176,0.96261203,0.96400505,0.95817083,0.9813855,0.9572784,0.95710754,0.962874,0.9644686
aftermovie,0.9561137,0.9521157,0.9548506,0.95805466,0.9604865,0.94613475,0.95671904,1.0000001,0.9770284,0.9565368,0.9628595,0.9505922,0.9567055,0.95284104,0.9610513,0.94969386,0.958485,0.95952183,0.9528449,0.95255166,0.9522831,0.9525239,0.95071846,0.96055,0.9514793,0.9064513,0.9574785,0.9501437,0.9610597,0.9562822,0.95582765,0.95348865,0.9360339,0.9545791,0.9466603,0.9253418,0.9686567,0.948419,0.955028,0.95428973,0.9509587,0.95251906,0.9415066,0.9493866,0.95156497,0.9543476,0.95021945,0.9574439,0.9514603,0.95981747,0.9635072,0.9590907,0.9473086,0.9534234,0.9511275,0.95738906,0.95423293,0.95393044,0.9605274,0.95445085,0.95688593,0.95868385,0.9575443,0.95267296,0.95799375,0.9564144,0.9462975,0.9443552,0.95579475,0.9530543,0.9567377,0.7982467,0.9569805,0.95682,0.95201933,0.947963,0.92715317,0.9534118,0.9505555,0.95721865,0.9619301,0.95539606,0.9562032,0.94559,0.9559166,0.95223945,0.9589015,0.96291023,0.9468086,0.96070147,0.9572447,0.9567377,0.9517532,0.9564342,0.9621728,0.9599905,0.96281767,0.9627664,0.94676644,0.94913733,0.95788074,0.96291435,0.9414864,0.95728576,0.9582124,0.95949835,0.9495527,0.95622003,0.94920135,0.9466553,0.96237826,0.86981684,0.95507115,0.9444571,0.94279385,0.95580715,0.9619991,0.94702816,0.95962185,0.9476539,0.951602,0.96225196,0.9531456,0.9428875,0.9572847,0.9572979,0.9639761,0.95549387,0.94568545,0.9314448,0.962084,0.95022696,0.96043456,0.9479623,0.9572933,0.95873636,0.96128714,0.958435,0.9493692,0.9499024,0.9770284,0.95686245,0.94985855,0.9605829,0.9554691,0.952569,0.9512498,0.95642304,0.95170516,0.95723146,0.9570627,0.9481661,0.95227885,0.93526506,0.9516743,0.9625827,0.94864506,0.9590244,0.9688001,0.95094675,0.9770284,0.96090055,0.95889735,0.95466936,0.95482403
ahiddenlifefilm,0.97936463,0.9698935,0.97641855,0.97486764,0.9791769,0.9690294,0.9813855,0.9770284,1.0000004,0.9718021,0.9794681,0.97828805,0.9780384,0.9724116,0.9830562,0.97078186,0.9781577,0.98275,0.9748391,0.970343,0.97747284,0.9783656,0.9758379,0.9813548,0.96929073,0.9318956,0.9693408,0.97375846,0.97710466,0.9777408,0.97515374,0.9765882,0.9584066,0.967894,0.9652717,0.9584603,0.9850053,0.97227144,0.97257185,0.9778868,0.9630217,0.9763927,0.9697601,0.97399426,0.9772338,0.9781796,0.9774561,0.97194296,0.97745734,0.98125464,0.9812263,0.9807565,0.97378427,0.96764845,0.96967334,0.97678614,0.97748554,0.97709715,0.9775924,0.9799985,0.9705151,0.9756862,0.97745544,0.97668463,0.97551244,0.97622854,0.97039443,0.97085476,0.971237,0.96968144,0.98082536,0.81874496,0.9738312,0.97923714,0.9713903,0.96856284,0.9525667,0.97134763,0.9678416,0.9782799,0.9769788,0.9749671,0.9810428,0.97318375,0.97612023,0.9752584,0.97562426,0.9821217,0.9720821,0.97805995,0.9770939,0.98082536,0.9734107,0.9776889,0.97848433,0.9849987,0.9740443,0.9792839,0.9712246,0.97145486,0.978998,0.9788912,0.9644284,0.97814965,0.97908473,0.9773133,0.97613776,0.9814145,0.968269,0.97303593,0.98144823,0.8964983,0.97787523,0.96559054,0.97165763,0.9697585,0.9816958,0.9645451,0.9828578,0.9749517,0.97196615,0.9807587,0.97718805,0.9684814,0.98136634,0.97615105,0.9795012,0.9729138,0.9688124,0.9588526,0.9827058,0.972528,0.98057115,0.9683562,0.9731351,0.97682285,0.97762334,0.97573715,0.9779469,0.97349423,1.0000004,0.9760591,0.97318673,0.9787917,0.9722175,0.97106725,0.9736792,0.9740967,0.9779178,0.9734765,0.9768395,0.9764255,0.97624475,0.961177,0.9743402,0.97731304,0.9702488,0.9770796,0.97923523,0.9752608,1.0000004,0.97567964,0.9754794,0.9792906,0.9758537
alitamovie,0.95367813,0.94157624,0.9499837,0.94785583,0.96233845,0.93680024,0.9542762,0.9565368,0.9718021,0.9999997,0.9515265,0.95521665,0.9483755,0.94171405,0.9584005,0.93694085,0.94744444,0.9608747,0.9498107,0.9379792,0.95214796,0.95795745,0.94312596,0.95717484,0.94161373,0.9077907,0.9499982,0.94497716,0.95291406,0.94470483,0.95176154,0.9509216,0.93391365,0.9418013,0.9458528,0.9281752,0.95245755,0.9546358,0.9498544,0.9497329,0.92628473,0.9552611,0.9500344,0.9553349,0.95305526,0.95028704,0.9514972,0.9546829,0.9509203,0.9607272,0.9583069,0.9557902,0.9540451,0.9418071,0.9485968,0.96139264,0.94885075,0.95314074,0.9452497,0.96188545,0.94199204,0.9530947,0.9518448,0.95147544,0.9495892,0.94853,0.95233876,0.9426678,0.93937093,0.93484265,0.9641434,0.79855275,0.9430648,0.9579867,0.95139045,0.9435588,0.9397105,0.9517745,0.9359684,0.95455205,0.94569165,0.9528277,0.9531455,0.94679564,0.94604766,0.9536229,0.9475562,0.9526564,0.9534402,0.9520397,0.9493268,0.9641434,0.9588432,0.96001,0.9458252,0.95676816,0.9534836,0.9490029,0.93917584,0.9423173,0.94083625,0.9539789,0.93828726,0.95425534,0.9578333,0.9543888,0.95067585,0.95054644,0.93611836,0.9521506,0.9519697,0.8791442,0.95725214,0.94082344,0.9586367,0.9463998,0.95906526,0.94160813,0.9575427,0.94412565,0.9355911,0.9565355,0.95900077,0.93853074,0.9538331,0.9540902,0.94252264,0.9484561,0.9513526,0.9393026,0.955073,0.95326316,0.9558791,0.94407076,0.9459287,0.9382339,0.94904214,0.95504344,0.96021074,0.94144696,0.9718021,0.95320725,0.94217527,0.95040745,0.9444685,0.94376737,0.9456659,0.9472306,0.94554067,0.9469794,0.9486313,0.95660967,0.9519926,0.93649614,0.951469,0.96084565,0.9465384,0.95583844,0.9577438,0.9535991,0.9718021,0.9546319,0.9515136,0.9500724,0.9480906
angelhasfallen,0.9570379,0.95024496,0.9534946,0.9592074,0.9575908,0.94755596,0.9607463,0.9628595,0.9794681,0.9515265,1.0000001,0.95925534,0.9587488,0.9542794,0.9662906,0.9558792,0.9616753,0.9619297,0.9564615,0.95734257,0.9574953,0.95646524,0.9591767,0.96480405,0.95922893,0.90841955,0.95004463,0.95999134,0.9609186,0.96088773,0.9627704,0.9510924,0.9306782,0.95376873,0.9528489,0.93567836,0.9633203,0.94870776,0.9554174,0.9583798,0.9440504,0.95335436,0.95053077,0.95636153,0.9600831,0.94843113,0.96066654,0.9508119,0.9555544,0.95858383,0.9607404,0.96459466,0.9533076,0.94546944,0.94893646,0.95731455,0.9573244,0.9610923,0.96633327,0.9591785,0.9570957,0.9663076,0.9496666,0.9564943,0.95817393,0.9673885,0.9538228,0.9522257,0.97154754,0.94983596,0.95749027,0.7971704,0.9566751,0.9569676,0.9571382,0.95370656,0.9298869,0.9518498,0.95842105,0.9548676,0.9713342,0.94812775,0.96326125,0.95704174,0.95596814,0.96034527,0.9695811,0.9666306,0.94630164,0.9602915,0.9587703,0.95749027,0.9497887,0.96113753,0.9563758,0.9670669,0.9731062,0.9628808,0.9507738,0.95628786,0.95234233,0.9580289,0.9337047,0.95508426,0.95870495,0.9586558,0.9570973,0.9617413,0.9496508,0.9497969,0.96135414,0.89210576,0.96137786,0.939894,0.9505767,0.960766,0.96064687,0.9493639,0.9666211,0.9511074,0.9501026,0.961838,0.95968753,0.94824374,0.96570146,0.95768064,0.96185523,0.95914155,0.9491741,0.9358233,0.96537995,0.9517491,0.96310014,0.9527788,0.9597396,0.9585157,0.9587631,0.96043646,0.95799637,0.95655555,0.9794681,0.9556936,0.9493866,0.96163195,0.9502511,0.9598021,0.9539322,0.9607095,0.95885646,0.95793766,0.958082,0.95420444,0.9555639,0.9361959,0.9593748,0.9560858,0.952018,0.96278256,0.9598192,0.9562034,0.9794681,0.9622433,0.95449734,0.9558385,0.95720977
angrybirdsmovie,0.97382575,0.9435948,0.9712165,0.9562518,0.95633274,0.9527936,0.96467984,0.9505922,0.97828805,0.95521665,0.95925534,0.9999999,0.96299475,0.9591767,0.9576825,0.95025945,0.94919103,0.9645224,0.9659615,0.9485907,0.9598506,0.9610141,0.95576835,0.9605978,0.95335996,0.9208712,0.9470746,0.95200527,0.96623033,0.96317714,0.96287096,0.9615079,0.9400847,0.9570673,0.9513636,0.947559,0.9592049,0.9619149,0.95577776,0.9625884,0.94365174,0.9590702,0.9577722,0.96180034,0.9599,0.96252644,0.9569721,0.95982265,0.9649445,0.9685381,0.97251874,0.9638773,0.96451294,0.9443324,0.9503141,0.9566757,0.95532674,0.9559732,0.96326476,0.9565569,0.94813436,0.96098036,0.96008235,0.9575247,0.95938843,0.9502884,0.96292514,0.95581895,0.9519517,0.94355625,0.9577297,0.814392,0.9514545,0.96197027,0.9508625,0.9524653,0.93844485,0.95942026,0.9540814,0.96428424,0.95470184,0.9619041,0.9648491,0.9581309,0.9668162,0.9578262,0.9596718,0.9658743,0.9509056,0.953007,0.9590505,0.9577297,0.9595937,0.95348316,0.9625346,0.96056616,0.95520693,0.9617529,0.95718056,0.9570353,0.95887864,0.96193343,0.95422536,0.95781153,0.95920104,0.96734625,0.9605651,0.9607168,0.9556935,0.9542375,0.9606834,0.8894556,0.9565398,0.9482887,0.95395344,0.9524648,0.96978736,0.9332109,0.9659279,0.9582961,0.9493157,0.9617227,0.95276755,0.94826156,0.96349514,0.9539552,0.9598871,0.960311,0.94481343,0.94587386,0.96316993,0.95194,0.9582773,0.9515614,0.9433361,0.9552379,0.96608496,0.94761634,0.9625272,0.9513482,0.97828805,0.9610921,0.9559045,0.96658766,0.95823306,0.9561693,0.9552875,0.96020055,0.9620477,0.9573228,0.96072215,0.95988894,0.95856434,0.954961,0.953889,0.95754695,0.94535583,0.95927966,0.9551658,0.95607734,0.97828805,0.9523484,0.9541301,0.9600174,0.9630013
annabellemovie,0.9589911,0.95530784,0.96223867,0.95263016,0.9685406,0.9414365,0.9582528,0.9567055,0.9780384,0.9483755,0.9587488,0.96299475,0.9999996,0.9512203,0.9554951,0.94861215,0.95528054,0.96988076,0.9535132,0.9475798,0.95843846,0.96330196,0.9511885,0.957173,0.95631295,0.91165286,0.95487183,0.9540347,0.96189684,0.9604324,0.9613179,0.95872045,0.9387123,0.95143163,0.9396931,0.93965125,0.9630732,0.96343,0.95633125,0.95785165,0.9602201,0.959375,0.95311874,0.9598943,0.9559084,0.964988,0.9502691,0.9508721,0.95943046,0.9642605,0.9656907,0.9588088,0.96208185,0.9441543,0.95776683,0.9643487,0.9582467,0.9578359,0.95390886,0.956382,0.9633762,0.9560592,0.95082647,0.96846485,0.9542995,0.95419896,0.9508611,0.9488121,0.9478804,0.94906044,0.9558498,0.796459,0.95533854,0.9599194,0.9445455,0.94912237,0.93714833,0.9506098,0.94870085,0.95358104,0.9538391,0.9618306,0.97347194,0.94920325,0.96746707,0.95536906,0.96607673,0.98336476,0.9431683,0.95858014,0.9527675,0.9558498,0.9580364,0.9576574,0.954529,0.9593887,0.9582425,0.9559182,0.94810945,0.9497987,0.95817375,0.961769,0.94570637,0.9495112,0.95526177,0.9610819,0.957294,0.9622777,0.94897586,0.9487603,0.95853454,0.8766169,0.9593606,0.94547343,0.9514379,0.94676936,0.963733,0.9355692,0.9591545,0.9521824,0.9616831,0.9580273,0.956978,0.94763136,0.96854997,0.9577912,0.96411645,0.95777243,0.9543667,0.93469334,0.9646642,0.9588233,0.957495,0.9485105,0.95609957,0.9568601,0.9582278,0.9545238,0.9551724,0.9620556,0.9780384,0.9602896,0.95460683,0.9667134,0.96372515,0.95337707,0.95436674,0.9546406,0.967671,0.95758283,0.95289314,0.95106155,0.9541797,0.95042795,0.9533913,0.9536386,0.9414126,0.9501727,0.95694506,0.95735687,0.9780384,0.9576847,0.9543001,0.9583572,0.955951
annamovie,0.95529926,0.9550532,0.94760704,0.94747657,0.9484722,0.94257843,0.9567947,0.95284104,0.9724116,0.94171405,0.9542794,0.9591767,0.9512203,0.9999998,0.9542768,0.95411056,0.9549702,0.9586427,0.955528,0.93811685,0.942424,0.9510497,0.9556282,0.9534763,0.94098306,0.9087249,0.9473893,0.95338213,0.9490246,0.9570357,0.9542329,0.95264995,0.93928355,0.9403824,0.9302503,0.92392516,0.9588964,0.94530773,0.9515695,0.95739394,0.93367416,0.9537966,0.94362193,0.95489186,0.9523189,0.954106,0.95390344,0.9461477,0.95653933,0.9602443,0.9565066,0.96145153,0.9516706,0.9399653,0.94535315,0.94518584,0.94998795,0.9583801,0.9573097,0.9547267,0.94497585,0.95022464,0.9575713,0.96630347,0.95760345,0.9533661,0.9485268,0.953574,0.94945,0.93327886,0.95432776,0.80671024,0.94379944,0.9553538,0.9486811,0.9523399,0.92220247,0.94656163,0.94683146,0.9535962,0.95228106,0.9477518,0.9534869,0.9521434,0.94690233,0.9521998,0.95381427,0.95321226,0.95143247,0.9409063,0.9515337,0.95432776,0.9399345,0.947191,0.95073736,0.9538423,0.94649523,0.95765215,0.9434159,0.9669448,0.95383775,0.956621,0.9312701,0.9502747,0.9625504,0.95489025,0.95104283,0.9579511,0.94276965,0.94662994,0.95405936,0.86720985,0.9566137,0.9475348,0.9465234,0.94538045,0.956353,0.9342261,0.9589371,0.9442918,0.9418112,0.96132284,0.9478443,0.94958663,0.95905787,0.95775384,0.957076,0.9484053,0.944265,0.92471075,0.94701993,0.93934256,0.95319897,0.9465719,0.9499529,0.95703447,0.9526124,0.9519848,0.9511961,0.9441071,0.9724116,0.9473883,0.94806105,0.9582528,0.94707483,0.9533691,0.953136,0.94540507,0.95458746,0.9479014,0.95335853,0.9483899,0.95272905,0.939064,0.95486397,0.95300764,0.94704056,0.94778466,0.9559898,0.9518917,0.9724116,0.9518172,0.96022725,0.95626163,0.95684475
apollo11movie,0.9663807,0.95310605,0.95839673,0.9527434,0.96786934,0.9473843,0.97023165,0.9610513,0.9830562,0.9584005,0.9662906,0.9576825,0.9554951,0.9542768,0.9999998,0.9489974,0.9648331,0.96812093,0.9589868,0.9764656,0.96685326,0.9606077,0.954002,0.9686663,0.9523966,0.91884637,0.9581412,0.9577208,0.9624005,0.96159583,0.95883566,0.9685053,0.93224543,0.955812,0.9551068,0.9452691,0.9683682,0.9592151,0.9556084,0.96783906,0.94530845,0.95861197,0.9581868,0.95581007,0.9618342,0.9547396,0.96039724,0.9498637,0.9632499,0.95950854,0.96126765,0.9659639,0.95385504,0.9523261,0.95241183,0.96879,0.95993304,0.9654668,0.9605291,0.96622986,0.9481925,0.95553917,0.969631,0.95386285,0.96213067,0.96175355,0.9547788,0.95609677,0.9606612,0.95034534,0.9667703,0.8017524,0.9611547,0.964416,0.9565485,0.952421,0.93836296,0.95938253,0.9548091,0.9657292,0.9599653,0.9603478,0.95530236,0.95902395,0.9565237,0.9612611,0.95694774,0.9639727,0.95950174,0.97276294,0.96355844,0.9667703,0.95628357,0.9632969,0.9637544,0.9798203,0.96208286,0.96639174,0.9533664,0.9512531,0.9603445,0.9636871,0.95032656,0.96780396,0.96331173,0.95735586,0.96755767,0.9634109,0.9433874,0.95801413,0.9647683,0.89128387,0.9654914,0.95418006,0.96269673,0.96142554,0.967153,0.94921947,0.96326756,0.96705884,0.9534361,0.9651248,0.9662712,0.95020646,0.96559095,0.9646314,0.95870644,0.955517,0.9578951,0.94630843,0.9694461,0.9598532,0.96311134,0.9524288,0.9660491,0.96248764,0.9650454,0.96114963,0.9639585,0.9538162,0.9830562,0.9635186,0.9563676,0.9599787,0.951691,0.9511686,0.959144,0.9593653,0.9602895,0.9576888,0.96574426,0.9576492,0.9482879,0.9375613,0.9592054,0.96491283,0.954935,0.9611106,0.96935123,0.97107536,0.9830562,0.95879585,0.9603387,0.95826024,0.9596072
arcticdogsmovie,0.9466149,0.96222645,0.9497601,0.94731814,0.9407169,0.95235807,0.9545665,0.94969386,0.97078186,0.93694085,0.9558792,0.95025945,0.94861215,0.95411056,0.9489974,1.0000002,0.95090824,0.9500541,0.9546568,0.946363,0.9478131,0.95550615,0.95129055,0.9505808,0.9503244,0.90446585,0.9358694,0.9497834,0.94984645,0.95307815,0.9533303,0.9469587,0.92978835,0.9474129,0.93277466,0.92818964,0.958067,0.9441438,0.9457691,0.948817,0.9403493,0.9458399,0.9449221,0.945054,0.947464,0.9475068,0.95267373,0.9427474,0.9524394,0.9537064,0.9563628,0.95878404,0.9393626,0.93888944,0.94740796,0.93873286,0.9592843,0.9510618,0.9501381,0.9459594,0.9436024,0.94630533,0.9474296,0.9501698,0.95135057,0.96112424,0.95166713,0.9432481,0.9564795,0.9530724,0.9500404,0.7830216,0.9464807,0.9536193,0.9506585,0.94241464,0.9236063,0.93915653,0.93818676,0.9440856,0.9545346,0.94721913,0.953486,0.94787794,0.9462658,0.9399603,0.9473941,0.9555473,0.939329,0.9521932,0.9524925,0.9500404,0.95057815,0.95337003,0.9488863,0.9560304,0.94296676,0.95565015,0.9526115,0.9582282,0.9621502,0.95885384,0.9403243,0.9439067,0.95730335,0.9530444,0.9433905,0.9655848,0.9606057,0.9465426,0.9577346,0.8792214,0.9456524,0.94102496,0.9345677,0.9413424,0.95411247,0.9463192,0.95841146,0.9483525,0.94411147,0.94950736,0.9510051,0.9505119,0.9503029,0.9489052,0.959032,0.9547393,0.93914384,0.9392844,0.9521587,0.93577695,0.9505684,0.93995166,0.9489417,0.95092124,0.95353246,0.9553371,0.9493273,0.95706415,0.97078186,0.9501963,0.94636077,0.9487738,0.9427311,0.9540467,0.9482038,0.9489903,0.95091254,0.9451843,0.9499507,0.9520979,0.95574164,0.92126817,0.93938214,0.9493295,0.9444001,0.94987637,0.95171607,0.94402087,0.97078186,0.95247155,0.9367323,0.953289,0.9553082
arcticmovie,0.9569011,0.94818425,0.95258474,0.94919753,0.958356,0.9513659,0.95885235,0.958485,0.9781577,0.94744444,0.9616753,0.94919103,0.95528054,0.9549702,0.9648331,0.95090824,1.0000004,0.959523,0.95308566,0.9501492,0.95797706,0.9484271,0.9588771,0.9571869,0.9445583,0.9089621,0.94999653,0.97511226,0.94902086,0.9564769,0.96158004,0.9528514,0.94221216,0.944605,0.94250417,0.9321322,0.9648528,0.9478685,0.964901,0.96055686,0.9433222,0.9559824,0.9526149,0.95003873,0.9602645,0.951476,0.96256703,0.95374084,0.9555732,0.9590959,0.9561404,0.9606767,0.9504262,0.9535748,0.94426745,0.9580819,0.9637128,0.9637087,0.9557899,0.956515,0.95373106,0.9468239,0.9573411,0.95467913,0.95824134,0.9522885,0.9532141,0.94998604,0.9488568,0.94905365,0.9579812,0.808293,0.955032,0.95916164,0.95148396,0.9491301,0.9246952,0.9483537,0.9519706,0.9517982,0.9626725,0.95352143,0.95260185,0.9529619,0.95153594,0.95082587,0.9599257,0.96292406,0.9496173,0.9634122,0.94416183,0.9579812,0.9510462,0.95641875,0.9540674,0.96500444,0.95071834,0.9585548,0.9386522,0.9552544,0.955223,0.9538595,0.94076335,0.9585927,0.95888215,0.9511532,0.96084946,0.9570523,0.94624835,0.9490487,0.9621256,0.86816204,0.9643165,0.9482541,0.95724374,0.9581147,0.9627629,0.95344824,0.9609793,0.9530397,0.9478759,0.9671389,0.95479196,0.94929343,0.96793294,0.9583307,0.9641798,0.9507898,0.95419824,0.9429066,0.9648451,0.9532336,0.976613,0.9500783,0.9632825,0.9612785,0.9580466,0.9537015,0.9570462,0.9531862,0.9781577,0.9522157,0.94293165,0.95281494,0.9570181,0.9557055,0.9522827,0.95315623,0.9535249,0.950446,0.9610957,0.95204693,0.95295495,0.9412003,0.95464,0.9573903,0.9533682,0.95514274,0.9613972,0.9652146,0.9781577,0.9632332,0.95720243,0.9618696,0.95463353
artofracingmovie,0.9623396,0.9555872,0.9610669,0.9560706,0.9760864,0.9488033,0.967067,0.95952183,0.98275,0.9608747,0.9619297,0.9645224,0.96988076,0.9586427,0.96812093,0.9500541,0.959523,1.0000002,0.9622906,0.95157194,0.961024,0.97130114,0.96085757,0.9647019,0.9493141,0.91513306,0.96783227,0.9541794,0.96516275,0.9563369,0.9637704,0.96703374,0.95062953,0.9485886,0.95013005,0.9458075,0.9685229,0.96415854,0.95810056,0.9625271,0.94491893,0.9647935,0.9531049,0.96492636,0.96555364,0.96819896,0.96153283,0.9580031,0.95942163,0.9719852,0.96937054,0.9660243,0.9668742,0.9512621,0.95658857,0.9697635,0.9624653,0.9604745,0.95699894,0.9666315,0.950831,0.9555932,0.96159625,0.96119964,0.95836544,0.95733166,0.9518659,0.9585126,0.9501461,0.9504547,0.9675941,0.80598825,0.9593807,0.9637287,0.95698285,0.95330614,0.9473086,0.95618606,0.94616973,0.9675119,0.96112174,0.9659099,0.958775,0.9589372,0.96465135,0.9637482,0.9616905,0.97345966,0.9613272,0.9627657,0.9569417,0.9675941,0.9628883,0.9592554,0.9606054,0.96532726,0.9588582,0.9638183,0.9490682,0.9593396,0.96826434,0.96589655,0.94033647,0.9633853,0.96439177,0.9654666,0.9598813,0.96302634,0.9533441,0.9599464,0.9655077,0.89598554,0.9674412,0.95353544,0.9586706,0.9511528,0.96641594,0.94765687,0.9668054,0.9613985,0.953715,0.9637583,0.96246,0.95171833,0.96748614,0.9628253,0.95995855,0.95975214,0.96290874,0.95057845,0.9642355,0.9688801,0.9624225,0.954386,0.95810056,0.95320904,0.95870143,0.96049,0.9650173,0.9681057,0.98275,0.9704829,0.95999646,0.9591991,0.9554817,0.95572025,0.956582,0.9592429,0.9606403,0.9575808,0.9666676,0.9585062,0.96608806,0.95296985,0.95942444,0.96749043,0.95501894,0.95923674,0.96111935,0.9631116,0.98275,0.9627681,0.96656525,0.96017575,0.9634369
avengers,0.9762713,0.94018716,0.96108264,0.95454603,0.96096087,0.9481844,0.9615654,0.9528449,0.9748391,0.9498107,0.9564615,0.9659615,0.9535132,0.955528,0.9589868,0.9546568,0.95308566,0.9622906,0.99999994,0.94655085,0.960792,0.95692813,0.9556223,0.95260686,0.95328915,0.9198898,0.9515736,0.9476246,0.963917,0.9506232,0.9732963,0.9546911,0.93591547,0.949143,0.9441175,0.9403238,0.96046454,0.9493641,0.95618635,0.9573411,0.9431286,0.9545331,0.9531493,0.9581817,0.9560735,0.9591696,0.95820504,0.96408546,0.9561347,0.9642129,0.9644278,0.9627647,0.9588318,0.947756,0.9562837,0.95446336,0.9644152,0.95682096,0.9532917,0.95129496,0.9423731,0.9597804,0.95109075,0.9588477,0.9511839,0.95457655,0.9496393,0.9487268,0.9444864,0.9508606,0.95233214,0.7992348,0.9476613,0.95907146,0.9464439,0.9513832,0.93671346,0.95279247,0.94882053,0.9541942,0.9493825,0.9562957,0.957261,0.94682235,0.9598161,0.95196086,0.95326614,0.96268106,0.9437833,0.9527985,0.9524518,0.95233214,0.95491135,0.9548409,0.9550643,0.9591123,0.94973016,0.9633423,0.95543545,0.9566604,0.9640074,0.95628464,0.94820446,0.9490967,0.9599089,0.96295404,0.9564366,0.96417356,0.9551998,0.94685894,0.9626356,0.88385546,0.951638,0.95140827,0.9553946,0.9536203,0.9666889,0.93743193,0.96153575,0.9541069,0.9452907,0.96121186,0.95671934,0.94856113,0.9560259,0.95931846,0.96004534,0.95883185,0.94923776,0.9518753,0.9565234,0.9496201,0.95557266,0.9468318,0.9446809,0.94779336,0.9577545,0.9554062,0.9554318,0.94943607,0.9748391,0.9648695,0.9526102,0.96097064,0.95294285,0.95508343,0.949088,0.95196486,0.951571,0.95462924,0.96135473,0.95986867,0.96064633,0.94423085,0.9489957,0.9518469,0.9448111,0.95042145,0.9544052,0.9568026,0.9748391,0.94992197,0.9511519,0.95412374,0.95763934
beachbummovie,0.9579844,0.94173807,0.9436567,0.93984264,0.9509669,0.9339551,0.9560591,0.95255166,0.970343,0.9379792,0.95734257,0.9485907,0.9475798,0.93811685,0.9764656,0.946363,0.9501492,0.95157194,0.94655085,0.9999998,0.9585428,0.94849676,0.9420791,0.9542233,0.93986493,0.89915174,0.93525946,0.9452326,0.952434,0.9573248,0.94576234,0.9494184,0.9186255,0.9537771,0.9420475,0.93455714,0.9586938,0.94500566,0.94684196,0.9503263,0.9426621,0.94158816,0.9382715,0.9421956,0.9496717,0.9553898,0.94807786,0.9396676,0.9554236,0.94593704,0.95053196,0.95712125,0.9369273,0.9387607,0.9436753,0.951166,0.9508464,0.9477829,0.952205,0.9541194,0.9455385,0.9439084,0.9528361,0.9486207,0.95298016,0.95129895,0.94573706,0.94918334,0.949593,0.9491611,0.9536876,0.78908956,0.9491869,0.95154715,0.9434411,0.94403386,0.93280464,0.9493373,0.94824386,0.9469708,0.9512068,0.9482185,0.95105726,0.9486971,0.9507223,0.94951475,0.94518113,0.9522222,0.9442697,0.96036774,0.9533853,0.9536876,0.94145125,0.9541765,0.9514917,0.9679309,0.94693255,0.96388745,0.9422744,0.93574214,0.9506537,0.9599379,0.9380784,0.95216155,0.9533895,0.9487616,0.95190483,0.9547442,0.9387824,0.94432014,0.9546003,0.87403464,0.9439948,0.94614786,0.943292,0.949009,0.9588705,0.9403783,0.9540749,0.9493296,0.9532302,0.9485028,0.9556741,0.9322002,0.94802135,0.94587153,0.9503125,0.9437834,0.9381329,0.9311265,0.959117,0.9418289,0.9453637,0.9448676,0.9461235,0.95759547,0.9541683,0.9543563,0.9480844,0.951397,0.970343,0.94645745,0.94822234,0.95207477,0.9406139,0.9476265,0.9491638,0.95261526,0.9556075,0.94985795,0.95414233,0.94141966,0.93808633,0.9342949,0.9445458,0.9478289,0.94001645,0.9532184,0.9587453,0.9484085,0.970343,0.9456272,0.94350314,0.94643295,0.9534018
bernadettefilm,0.9604109,0.9525486,0.95467,0.9531504,0.96614057,0.95068544,0.9636396,0.9522831,0.97747284,0.95214796,0.9574953,0.9598506,0.95843846,0.942424,0.96685326,0.9478131,0.95797706,0.961024,0.960792,0.9585428,1.0000006,0.95515585,0.956862,0.96057427,0.95310485,0.9192946,0.9405708,0.94912875,0.95533353,0.9610457,0.9602736,0.95783496,0.93697745,0.9478436,0.944137,0.94056153,0.9631721,0.95338076,0.95310557,0.95390743,0.94243604,0.96223927,0.95170724,0.9574718,0.9550362,0.95398736,0.95974004,0.9512644,0.9556198,0.9619658,0.9555614,0.95902693,0.9528928,0.95057327,0.9478365,0.9579351,0.9576578,0.9656799,0.95581436,0.9567997,0.94547474,0.96467346,0.9494039,0.95681614,0.952363,0.9564327,0.9433596,0.9535603,0.9487638,0.95728743,0.95820314,0.804176,0.9502816,0.96184504,0.9512925,0.9463819,0.9319312,0.95477796,0.9647256,0.9582189,0.9557525,0.9569458,0.9576389,0.9501174,0.9536183,0.9573887,0.95659906,0.9631168,0.94168603,0.9557144,0.9553987,0.95820314,0.9551607,0.96337926,0.9510926,0.964444,0.9549348,0.9608167,0.95662963,0.9396829,0.9609031,0.96231794,0.9441414,0.9563822,0.95466846,0.95129573,0.9595511,0.9661849,0.9480977,0.9584481,0.96426105,0.86427134,0.9549029,0.9516847,0.95811814,0.95269334,0.9630292,0.9427093,0.9623765,0.9559875,0.95247537,0.9629881,0.9459641,0.94116056,0.9601961,0.95865685,0.9624346,0.95524096,0.9504641,0.94369334,0.9780428,0.94761866,0.95722556,0.9455007,0.95746154,0.96247226,0.95622504,0.95775187,0.9573768,0.9583397,0.97747284,0.9523927,0.9542917,0.96190786,0.94748425,0.9483617,0.9540464,0.9556991,0.95598114,0.95201,0.95482457,0.95309067,0.95530015,0.9390166,0.9495806,0.95466644,0.94474894,0.9601303,0.9596342,0.9586253,0.97747284,0.9476667,0.94960606,0.9576105,0.95014054
