movie,21bridgesmovie,47metersdown,abeautifuldaymovie,abominablemovie,adastramovie,adogsjourneymovie,aftermathmovie,aftermovie,ahiddenlifefilm,alitamovie,angelhasfallen,angrybirdsmovie,annabellemovie,annamovie,apollo11movie,arcticdogsmovie,arcticmovie,artofracingmovie,avengers,beachbummovie,bernadettefilm,blackandbluemovie,blackchristmas,blindedbythelightmovie,bombshellmovie,booksmart,breakthroughmovie,brianbanksmovie,brightburnmovie,brittanyrunsmov,captainmarvelofficial,captivestatemovie,catsmovie,charliesangels,childsplaymovie,clarathefilm,coldpursuitmovie,countdown,currentwarmovie,darkwatersmovie,detectivepikachumovie,disneyaladdin,disneyfrozen,disneymaleficent,doctorsleepmovie,dolemiteismyname,dontletgomovie,doramovie,downtonabbey_official,dumbo,escaperoom,everybodyknowsmovie,fastandfuriousmovie,fightingwmyfam,fivefeetapartfilm,fordvferrari,freaksthefilm,geminimanmovie,glassmovie,gloriabellmovie,godzillamovie,goldfinchmovie,goodboysmovie,goodliarmovie,gretafilm,halathemovie,happydeathdaymovie,harrietfilm,hellboymovie,hersmellmovie,highlifemovie,highstrungmovie,honeyboymovie,hotelmumbaifilm,httydragon,hustlemovie,hustlersmovie,isntitromantic,itmovieofficial,jayandsilentbob,johnwickmovie,jojorabbitmovie,jokermovie,judythefilm,jumanjimovie,justmercyfilm,knivesout,lalloronamovie,lastblackmansf,lastchristmasthemovie,latenightmovie,lighthousemovie,lionking,littlethemovie,littlewomenmovie,littlewoodsfilm,longshotmovie,lordsofchaosmovie,lucyintheskyfilm,mamovie2019,marriagestory,meettheaddams,meninblack,midsommarmovie,midwaymovie,missbalamovie,missinglinkfilm,motherlessbklyn,onceinhollywood,onthebasisofsex,overcomermovie,peanutbutterfalcon,petsematarymovie,piercingmovie,playingwithfire,playmobilthemovie,pomsmovie,queenandslim,rambomovie,readyornotfilm,richardjewellfilm,rocketmanmovie,scarystoriesmovie,secretlifeofpets,serenityfilm,shaftmovie,shazammovie,spidermanmovie,spiesindisguise,starwars,stormboymovie,stubermovie,taosdfilm,teenspiritmov,terminator,theaeronautsmov,thebestofenemies,thedeaddontdie,thefarewell,thehighwaymen,thehummingbirdprojectfilm,theintrudermovie,theirishmanfilm,thekitchenmovie,thelegomovie,themustangfilm,thenightingalefilm,theprodigymovie,thesunisalsoastar,theupsidefilm,tolkienmovie,toystory,triplefrontier,uglydolls,uncutgems,underthesilverlake,usmovie,wavesmovie,whatmenwant,wonderparkmovie,wrinklestheclown,xmenmovies,yardiefilm,yesterdaymovie,zombieland
21bridgesmovie,1.0000001,0.947872,0.96000576,0.95362693,0.95633554,0.9643097,0.9581951,0.9641659,0.97794825,0.946642,0.9530518,0.9501357,0.95788527,0.9584058,0.95855075,0.9574092,0.95067644,0.9543976,0.9701645,0.9493692,0.9644682,0.9529939,0.96746635,0.9522931,0.95888436,0.9024055,0.9608255,0.9592171,0.9562895,0.95554274,0.9473014,0.953888,0.94540334,0.94525415,0.9402299,0.9309765,0.9637957,0.96863455,0.9551152,0.9459216,0.9596076,0.9561717,0.9440811,0.95527077,0.95090127,0.95324564,0.9648633,0.9543919,0.94369143,0.9552318,0.9603137,0.96426237,0.95398235,0.94891745,0.95802486,0.9487769,0.95603526,0.9594401,0.9613203,0.9614384,0.94976836,0.9581146,0.954952,0.9554225,0.9537033,0.9587515,0.957031,0.95356923,0.959188,0.9514365,0.96285754,0.7806727,0.95031786,0.9605467,0.9581386,0.94719315,0.9294979,0.9564678,0.9561702,0.9582947,0.9567679,0.948249,0.95741266,0.9509772,0.9569994,0.9523563,0.95398057,0.95545936,0.9519501,0.96013296,0.9485512,0.96285754,0.9485047,0.9495663,0.95801073,0.9503852,0.94999987,0.95427144,0.9508219,0.9536832,0.9534601,0.9528711,0.94500744,0.96228075,0.94761753,0.96295315,0.9613899,0.95584464,0.9532867,0.94706553,0.9665821,0.90046763,0.9534994,0.9382676,0.95821714,0.96861345,0.9903238,0.95883983,0.9637641,0.9569228,0.9603427,0.9497415,0.96315485,0.95709276,0.95239675,0.95971054,0.94754815,0.9525052,0.9514937,0.94248617,0.96000624,0.95647305,0.95599383,0.9469407,0.9596131,0.9542039,0.9770511,0.95559335,0.96500975,0.948104,0.97794825,0.9586607,0.94469684,0.9526,0.9567477,0.95644253,0.95960236,0.9478008,0.9620861,0.9724475,0.95890015,0.95633334,0.95770735,0.96249527,0.94524235,0.95846516,0.9597748,0.95707566,0.9556515,0.95084035,0.97794825,0.95224804,0.9579095,0.9607445,0.9516822
47metersdown,0.947872,1.0,0.9563896,0.9497424,0.9523254,0.9434224,0.95013833,0.94705534,0.96733093,0.94027954,0.94641894,0.9392913,0.95188,0.952457,0.9512047,0.9630708,0.9384681,0.94660175,0.9465301,0.94072723,0.94751996,0.94399,0.95499665,0.9454015,0.9488052,0.90166914,0.94537103,0.9390521,0.9450797,0.94482315,0.9474209,0.94797146,0.9412097,0.93138206,0.93801033,0.92881536,0.9602889,0.9440941,0.94322294,0.9462467,0.9467954,0.9398234,0.92690325,0.9438002,0.9368474,0.9482083,0.95544827,0.93826175,0.9426362,0.9453478,0.9405828,0.952462,0.9498083,0.9418723,0.94518644,0.9457095,0.94422203,0.93769777,0.952082,0.9420683,0.9443517,0.9455488,0.95049626,0.94858545,0.94552165,0.9413796,0.94634753,0.9448198,0.9403744,0.9427453,0.94512653,0.8144231,0.9341383,0.94961905,0.943262,0.9369113,0.9285936,0.9409035,0.9431976,0.946515,0.9452037,0.9446919,0.94655716,0.9440675,0.9426609,0.9376912,0.93375486,0.9519706,0.94059,0.9553037,0.9322291,0.94512653,0.93938655,0.9380452,0.9385538,0.9509505,0.952065,0.94401026,0.94957954,0.94475895,0.9516229,0.94982725,0.9377712,0.94189095,0.95332074,0.9423489,0.9515183,0.9491366,0.93594193,0.94234383,0.94662064,0.90396,0.9366062,0.9350021,0.9423126,0.9406828,0.9473386,0.947432,0.9568647,0.95170254,0.94350046,0.9373649,0.9473137,0.9409652,0.95159966,0.953205,0.9394426,0.9347995,0.94022465,0.9319603,0.93769574,0.946977,0.9507721,0.9352379,0.93280613,0.94291484,0.95298815,0.9417743,0.94504905,0.9427729,0.96733093,0.951859,0.93919253,0.9462816,0.953801,0.9473781,0.943078,0.932566,0.94410187,0.9380322,0.95122266,0.95005184,0.9419243,0.92758965,0.9371954,0.94556195,0.9456782,0.9419015,0.9385627,0.9317905,0.96733093,0.936753,0.9443167,0.95490605,0.9404649
abeautifuldaymovie,0.96000576,0.9563896,0.99999994,0.9603525,0.96242803,0.9594426,0.961421,0.9599879,0.9822459,0.95273876,0.95860124,0.96272475,0.9642275,0.9652327,0.96478075,0.96297497,0.9547858,0.9564872,0.9641707,0.9535723,0.96157205,0.9666364,0.966123,0.9627839,0.95477974,0.9161595,0.95545864,0.9565523,0.97551167,0.9553038,0.9667304,0.95150375,0.94818205,0.9576979,0.94154155,0.94676393,0.9688376,0.95353717,0.96078736,0.9503154,0.95505106,0.95654345,0.9406649,0.9567367,0.9560742,0.962443,0.9636777,0.9460679,0.9538034,0.9609332,0.9726569,0.9590882,0.9563273,0.94715863,0.95671266,0.95430934,0.9663214,0.95391136,0.9641187,0.96216726,0.9593265,0.95765734,0.9613597,0.96107984,0.9510835,0.9542869,0.95487195,0.9460335,0.96162325,0.9553985,0.9609741,0.8204895,0.9520879,0.95711994,0.9576044,0.948745,0.9463022,0.9572847,0.95725274,0.955847,0.9557383,0.96047026,0.9611495,0.95485115,0.9699739,0.9642045,0.9577087,0.958673,0.95459324,0.9654482,0.95100707,0.9609741,0.9533119,0.95541555,0.97052604,0.9588637,0.9607985,0.95975864,0.95810986,0.956626,0.9645147,0.95460343,0.96837676,0.956698,0.95691943,0.9689777,0.9602356,0.9637514,0.96682906,0.9412344,0.96839046,0.9165286,0.95389736,0.94362843,0.9572215,0.9537736,0.96002257,0.9520317,0.9648837,0.9567104,0.9664232,0.95317227,0.9585148,0.95393926,0.96871346,0.96356153,0.9516369,0.96252686,0.9527197,0.94923145,0.9632227,0.9608909,0.96231407,0.94533545,0.95325947,0.9588824,0.9559284,0.9539519,0.96290797,0.95692116,0.9822459,0.9742123,0.95874983,0.9552501,0.9638604,0.96108204,0.96104276,0.94987184,0.9625063,0.951388,0.9620012,0.97127885,0.9623524,0.9506257,0.9582536,0.95495945,0.958216,0.95006925,0.95588726,0.9523812,0.9822459,0.95159495,0.95910937,0.9668568,0.96921957
abominablemovie,0.95362693,0.9497424,0.9603525,1.0,0.950226,0.94881827,0.9486487,0.95350456,0.9723063,0.9408729,0.94744354,0.94394386,0.95893645,0.9543201,0.95715624,0.95776767,0.9479585,0.94665104,0.9529289,0.94284475,0.9592596,0.9491702,0.9527106,0.9535272,0.9507592,0.9165635,0.94965714,0.95572406,0.9615504,0.93728477,0.95546716,0.9477758,0.9381987,0.93006104,0.93681484,0.9425949,0.9636234,0.95705646,0.94760615,0.93633497,0.9565271,0.94534117,0.933272,0.94624895,0.95134777,0.95240647,0.95136875,0.9410154,0.93781835,0.95071423,0.9569035,0.9565028,0.93975836,0.9402515,0.9563005,0.9355641,0.9542263,0.9518197,0.96605587,0.9507444,0.9477411,0.9604409,0.9469628,0.9524966,0.9467428,0.9551463,0.94711936,0.9433382,0.94933796,0.9427803,0.95849293,0.8099425,0.93617606,0.95537543,0.95846915,0.9435122,0.9344408,0.9464168,0.95723885,0.9447776,0.940681,0.9562378,0.956517,0.9500929,0.9397678,0.94848216,0.9536675,0.9545288,0.94630253,0.95522726,0.9434745,0.95849293,0.95020086,0.9470877,0.9537482,0.9460568,0.95234174,0.95789105,0.9385344,0.94049287,0.95872784,0.9504965,0.9540472,0.95483005,0.9397341,0.9551148,0.95356613,0.9578753,0.949511,0.9456356,0.95945764,0.88361275,0.9520609,0.9422386,0.9510809,0.94415915,0.95536536,0.94991595,0.95188314,0.9508648,0.95356965,0.94429857,0.9559996,0.94303876,0.95244724,0.9532448,0.9470341,0.9436872,0.9428519,0.9433261,0.95718545,0.9475196,0.9592565,0.93695104,0.9502632,0.9408472,0.95178735,0.94215983,0.9559133,0.94841385,0.9723063,0.96192175,0.9470572,0.95161676,0.9541823,0.9580664,0.9523591,0.94912684,0.9551289,0.9407768,0.94470817,0.9536813,0.94551986,0.938468,0.94993144,0.95787454,0.95054275,0.94692224,0.9532067,0.9433383,0.9723063,0.941409,0.95283675,0.9485485,0.9513665
adastramovie,0.95633554,0.9523254,0.96242803,0.950226,1.0000004,0.95389235,0.96617687,0.95852953,0.98114395,0.96148837,0.95244926,0.95753205,0.9591392,0.95838267,0.9649001,0.96308446,0.95166224,0.9718083,0.95449924,0.95751727,0.9586035,0.96094686,0.96655786,0.95590717,0.95411,0.9086705,0.9689951,0.9576126,0.96038425,0.9601969,0.9573907,0.958527,0.957241,0.95139784,0.94928306,0.93482304,0.9721143,0.9524192,0.958175,0.95333755,0.95677847,0.9590267,0.94105786,0.9615209,0.96177214,0.96685725,0.96823865,0.94929534,0.95560163,0.9635329,0.9616267,0.96500117,0.9586964,0.94638616,0.9618316,0.97757596,0.96381956,0.9556163,0.95535856,0.960386,0.96648675,0.9604594,0.96614194,0.95932657,0.95447767,0.95429,0.9642713,0.9505466,0.95408124,0.9623961,0.9658831,0.8149302,0.9472299,0.9580536,0.9504627,0.9510697,0.94434685,0.9572752,0.95636714,0.9508327,0.9558258,0.9628115,0.9663581,0.9513541,0.949591,0.9608823,0.95600224,0.96098775,0.9640707,0.9702117,0.94748634,0.9658831,0.9610646,0.95766973,0.95918465,0.96157956,0.96681166,0.95999736,0.96274424,0.9559098,0.9715941,0.96021396,0.9559502,0.9583984,0.9494119,0.95993525,0.9669471,0.96332765,0.95230484,0.9493561,0.97052836,0.9092835,0.95231575,0.94297427,0.9575247,0.95584846,0.96237934,0.9589929,0.963128,0.96729964,0.9608929,0.9552564,0.9639664,0.95134485,0.96418005,0.95722663,0.95490336,0.9500792,0.96512544,0.9455146,0.96107894,0.9738914,0.9613772,0.95240635,0.9517226,0.9580602,0.95901304,0.9583775,0.9616161,0.9562064,0.98114395,0.960507,0.96377677,0.9565389,0.9579574,0.9625711,0.9523844,0.9527992,0.96263653,0.9447524,0.9611441,0.9608281,0.9568841,0.94667447,0.9555355,0.9635341,0.96339375,0.96574223,0.95806235,0.9501478,0.98114395,0.9589062,0.9661325,0.96857876,0.96043575
adogsjourneymovie,0.9643097,0.9434224,0.9594426,0.94881827,0.95389235,0.99999994,0.95976,0.9617692,0.9747238,0.94439447,0.95327336,0.9560706,0.95113236,0.9586458,0.9628059,0.9536898,0.94724846,0.9487427,0.9588177,0.9539905,0.9605289,0.958175,0.9722897,0.9551594,0.9462243,0.92239726,0.9526547,0.950097,0.9620046,0.95121324,0.9532759,0.9557125,0.94740045,0.94155437,0.93924654,0.9301732,0.9645426,0.9475154,0.9527411,0.9485286,0.9546939,0.9498275,0.9527421,0.95486385,0.95216995,0.9548824,0.9698934,0.95069945,0.9488934,0.95493025,0.95908403,0.9606422,0.9512397,0.94129086,0.9585295,0.9522793,0.9493981,0.95047486,0.95970106,0.9510953,0.9478748,0.9535502,0.9539625,0.9532407,0.95487964,0.94593924,0.9541036,0.9564658,0.9600008,0.94593763,0.95472467,0.8036358,0.94535315,0.96184033,0.96249026,0.9455778,0.93289953,0.9544111,0.95645523,0.95444804,0.9530307,0.9449241,0.95179135,0.9456558,0.9465806,0.9511524,0.94921815,0.95465934,0.9450132,0.9627249,0.9448499,0.95472467,0.9525428,0.94987845,0.95576715,0.9536847,0.9523096,0.94809353,0.951931,0.9562464,0.95800936,0.9596469,0.9556597,0.9512243,0.9455279,0.9583974,0.95285434,0.9519126,0.9575229,0.9375868,0.95630556,0.9096427,0.9441531,0.93340176,0.94827855,0.9559651,0.96686774,0.9623803,0.9590243,0.955679,0.9575469,0.9414329,0.95737964,0.9728048,0.9552672,0.9552272,0.9550919,0.9581067,0.94858867,0.9581703,0.9591019,0.9586532,0.9541087,0.9440905,0.9462399,0.9517905,0.95982563,0.9529841,0.955055,0.9485683,0.9747238,0.9569057,0.9504875,0.94947237,0.95464355,0.95628726,0.9528153,0.953495,0.9587709,0.9488977,0.95960575,0.9551198,0.95249075,0.9455932,0.9458618,0.95410824,0.9708828,0.94732004,0.9483323,0.9394345,0.9747238,0.94978327,0.95705605,0.9687342,0.9525165
aftermathmovie,0.9581951,0.95013833,0.961421,0.9486487,0.96617687,0.95976,1.0000001,0.9593448,0.98235965,0.95092815,0.95305204,0.95620036,0.96262217,0.95935434,0.9615213,0.9669105,0.95668787,0.96420074,0.9645495,0.956659,0.96133614,0.9556507,0.9663937,0.9590246,0.9521608,0.9130197,0.9612597,0.9589178,0.9600188,0.9531918,0.9611172,0.95891756,0.95051616,0.95288503,0.9426974,0.93723035,0.9712671,0.95352316,0.960844,0.9571875,0.96047324,0.9582717,0.94668794,0.9614862,0.9606072,0.9643142,0.9650538,0.95976543,0.957282,0.9608806,0.96258473,0.965915,0.9675072,0.9510635,0.9565894,0.9644986,0.9607543,0.9570042,0.95466644,0.96301645,0.9534002,0.9558774,0.9604136,0.9588597,0.9608467,0.9620454,0.9597287,0.95542604,0.95705855,0.95721626,0.9653784,0.8219991,0.9520892,0.9649393,0.9513634,0.9495061,0.93758327,0.9532562,0.95262575,0.9564753,0.9518867,0.9714878,0.9658254,0.95244926,0.95478004,0.95559144,0.95616764,0.9697968,0.95944685,0.96230066,0.9560534,0.9653784,0.95900685,0.960545,0.9581556,0.96026224,0.96063846,0.96152306,0.9771066,0.9546418,0.9652387,0.9622769,0.9537892,0.9597637,0.95179623,0.9639875,0.9595117,0.9648891,0.9562145,0.9514575,0.96614045,0.9079934,0.9598576,0.94558847,0.9642775,0.9525949,0.9610326,0.9564146,0.96488464,0.98849833,0.9705456,0.9542428,0.9649566,0.9493651,0.9644349,0.9609946,0.96002525,0.95626456,0.96381027,0.94696504,0.96181047,0.96326995,0.9592479,0.94865537,0.95820504,0.9555283,0.9567085,0.96325207,0.9661696,0.9582677,0.98235965,0.96076626,0.962277,0.949351,0.95692694,0.95673406,0.958501,0.96064585,0.96624196,0.9443536,0.9845845,0.96343005,0.9670685,0.94632185,0.95509094,0.96258664,0.9660975,0.96065474,0.9606268,0.95879245,0.98235965,0.95855486,0.9637881,0.968645,0.95508623
aftermovie,0.9641659,0.94705534,0.9599879,0.95350456,0.95852953,0.9617692,0.9593448,0.9999997,0.9780073,0.9470487,0.95540917,0.95576346,0.9481103,0.95859563,0.9640508,0.9487742,0.9500585,0.95445377,0.95157963,0.95485085,0.9639127,0.94566816,0.96334386,0.95596945,0.9597194,0.92151445,0.95383495,0.9531249,0.9569136,0.9583115,0.95027596,0.9516767,0.9436166,0.94062823,0.94528085,0.9319134,0.9647453,0.9433348,0.9570051,0.9514111,0.95643604,0.95121837,0.9415427,0.95595765,0.95877105,0.95757484,0.964934,0.95260215,0.9455946,0.95652765,0.9632427,0.9666154,0.95078576,0.9437356,0.9690725,0.9539403,0.9545882,0.95865995,0.9599074,0.95983994,0.9510783,0.95437104,0.96078575,0.9546353,0.95401585,0.9513418,0.95985067,0.9603537,0.9544303,0.95498323,0.96181905,0.7984898,0.95028234,0.95638335,0.9554903,0.9551644,0.93780833,0.9515698,0.9574948,0.9530102,0.95440197,0.9509449,0.9555464,0.9607433,0.9541599,0.9552055,0.95394915,0.955826,0.9519435,0.9657822,0.94825363,0.96181905,0.95594233,0.951183,0.9508574,0.9566293,0.9634495,0.9557386,0.94886315,0.94553405,0.9561782,0.9538786,0.95360667,0.95274335,0.93902695,0.9633893,0.9628405,0.95280737,0.9510859,0.9475451,0.9608287,0.8923039,0.9550049,0.93831766,0.9584726,0.9550591,0.9675693,0.9539935,0.95807445,0.95586115,0.95610714,0.9545989,0.9655479,0.9543526,0.9593616,0.9531725,0.94993204,0.9551506,0.95081353,0.94210094,0.95937717,0.9626945,0.95518744,0.9544814,0.9495873,0.9583039,0.95688117,0.9536337,0.9652659,0.94781375,0.9780073,0.9561149,0.9474765,0.95540416,0.9532455,0.95984846,0.9529401,0.9502674,0.96268845,0.95644873,0.96202654,0.9539761,0.9526936,0.95038444,0.9434117,0.95987743,0.96726656,0.95149,0.96072423,0.94342166,0.9780073,0.95326185,0.9604367,0.96482766,0.9572541
ahiddenlifefilm,0.97794825,0.96733093,0.9822459,0.9723063,0.98114395,0.9747238,0.98235965,0.9780073,1.0000005,0.969578,0.97230643,0.9729979,0.97911984,0.97895086,0.9803521,0.9796336,0.97231555,0.9753498,0.97697026,0.9704794,0.97975826,0.97336954,0.98313683,0.97624356,0.97392756,0.9297437,0.9770141,0.9764479,0.9813215,0.97182196,0.9745519,0.96912575,0.9681884,0.9659927,0.9593241,0.9526202,0.986035,0.97039723,0.97587955,0.9697647,0.9773611,0.974079,0.9577879,0.9770304,0.97592163,0.978835,0.98314255,0.97152007,0.9684783,0.9779309,0.98152655,0.9813397,0.9756721,0.9662407,0.9759238,0.97528243,0.97860867,0.97680074,0.9774963,0.9810496,0.9718824,0.9744881,0.9787232,0.9768955,0.9720366,0.9751287,0.9752949,0.9710206,0.97545546,0.97535336,0.98387283,0.82519007,0.9680157,0.9778513,0.9701054,0.9693293,0.95908767,0.97418123,0.974048,0.9729706,0.97138363,0.976565,0.98163265,0.97162354,0.97316825,0.9737089,0.9754904,0.9800787,0.9756549,0.9835731,0.9673321,0.98387283,0.9738248,0.9723163,0.974986,0.97565687,0.9787438,0.9781813,0.97668517,0.9706383,0.9809581,0.97592455,0.9759323,0.9766951,0.9668949,0.9807679,0.9822902,0.98057437,0.9727354,0.96513194,0.98391575,0.9191412,0.9749848,0.9574168,0.97920626,0.9757509,0.9813718,0.97318196,0.9809757,0.9794847,0.9821688,0.9718212,0.9816159,0.96854085,0.97887975,0.97768885,0.9708677,0.972251,0.97306347,0.96447164,0.9793632,0.97796196,0.9778984,0.9686639,0.97432315,0.97461677,0.97489095,0.9761195,0.98331547,0.97226983,1.0000005,0.9798976,0.9747192,0.9731214,0.9771229,0.9780918,0.9733746,0.96892697,0.9818749,0.9669137,0.97884405,0.97844166,0.9771511,0.9643009,0.97167635,0.97813636,0.9786962,0.9767815,0.97478163,0.97164404,1.0000005,0.9724963,0.9799314,0.9818603,0.9776419
alitamovie,0.946642,0.94027954,0.95273876,0.9408729,0.96148837,0.94439447,0.95092815,0.9470487,0.969578,1.0000005,0.94246286,0.94324803,0.9503896,0.9586008,0.9527696,0.95909625,0.95151556,0.9585664,0.9541281,0.9404475,0.9543395,0.9446031,0.9492082,0.94929045,0.9517327,0.91916436,0.95975626,0.9553484,0.9518988,0.9571415,0.9540978,0.936153,0.9402909,0.93599004,0.9272452,0.92081475,0.9541964,0.95009357,0.956205,0.944795,0.94508874,0.9565997,0.9394897,0.958094,0.95536613,0.95304114,0.9458436,0.93639153,0.9493996,0.9585614,0.9484153,0.9529507,0.94060344,0.945161,0.95122045,0.9577616,0.94730806,0.9531715,0.9530912,0.9557327,0.942309,0.94523096,0.95176333,0.9452085,0.94118315,0.95150083,0.95402,0.9390012,0.93749017,0.9418788,0.96121085,0.7919322,0.93547964,0.9545752,0.9403806,0.93970513,0.92539454,0.9438744,0.9486252,0.9461857,0.9370655,0.96042264,0.9485009,0.9416645,0.941845,0.9489977,0.947267,0.94797343,0.9508581,0.9532153,0.9327295,0.96121085,0.950579,0.94277734,0.9437949,0.9494446,0.95240784,0.94931906,0.9501699,0.941591,0.9558746,0.9407436,0.9524271,0.9614563,0.9626201,0.94994295,0.9549947,0.94737685,0.94920546,0.93590456,0.9638665,0.89340305,0.9471862,0.9273522,0.94782114,0.9413401,0.95431095,0.93956053,0.94992137,0.9498727,0.94487303,0.9499202,0.95969,0.93837124,0.94685185,0.95045966,0.9443679,0.93866205,0.95946103,0.9424206,0.9471674,0.96207595,0.95056707,0.9465671,0.95436794,0.95620286,0.9475538,0.9499135,0.95405835,0.94835424,0.969578,0.94729334,0.9571295,0.939901,0.94643885,0.9475093,0.9463817,0.93564695,0.9445979,0.9439336,0.9521169,0.95732486,0.94994044,0.93647224,0.955897,0.95870537,0.95175725,0.96019244,0.95418656,0.9463618,0.969578,0.960582,0.95099735,0.95140094,0.9511542
angelhasfallen,0.9530518,0.94641894,0.95860124,0.94744354,0.95244926,0.95327336,0.95305204,0.95540917,0.97230643,0.94246286,0.99999976,0.93983245,0.9500324,0.95808744,0.95921725,0.95056117,0.95200336,0.956685,0.9564576,0.9511454,0.94858176,0.94655234,0.95956,0.9531185,0.94987065,0.91344947,0.94743156,0.95098776,0.9573014,0.94525254,0.9540146,0.94865274,0.9395683,0.9347604,0.93523407,0.9268191,0.95673233,0.94984645,0.9574258,0.94927543,0.95561665,0.94715214,0.9367274,0.9457375,0.949775,0.9474955,0.95506,0.9408392,0.94548076,0.9474442,0.95471823,0.9566594,0.9476416,0.9408333,0.9523467,0.9523293,0.9513263,0.95267045,0.94639,0.95094573,0.95184624,0.94288045,0.9560695,0.96108925,0.9429161,0.9520385,0.9490617,0.94923645,0.96195173,0.94588035,0.94983596,0.79022235,0.94408506,0.9539468,0.9575506,0.9447127,0.93349373,0.94906896,0.94261897,0.9462431,0.96937066,0.9446087,0.95574176,0.9489698,0.94254315,0.95271903,0.95476294,0.95289326,0.94670177,0.95510733,0.93840516,0.94983596,0.94679946,0.9535016,0.94795406,0.9637534,0.9630451,0.9553913,0.94935584,0.94605434,0.94537604,0.9440507,0.9458834,0.9511838,0.9326402,0.9544399,0.9540328,0.95155966,0.9470814,0.9420042,0.95851576,0.89022404,0.9455146,0.92631465,0.95253885,0.9653939,0.95586514,0.94722486,0.95947975,0.94977784,0.9540755,0.9433417,0.96119314,0.9487075,0.95719427,0.94889164,0.94186455,0.9418464,0.95207876,0.9393432,0.95321983,0.9536191,0.9527813,0.9424615,0.9522144,0.9500754,0.9470928,0.955663,0.94889545,0.9465669,0.97230643,0.9541927,0.9417957,0.95473135,0.95049155,0.9494469,0.942964,0.9460186,0.9586102,0.9507902,0.956014,0.9516786,0.9480612,0.9361017,0.93923134,0.94391406,0.96000075,0.94291776,0.9475426,0.9431145,0.97230643,0.94059896,0.9577778,0.95579374,0.952168
angrybirdsmovie,0.9501357,0.9392913,0.96272475,0.94394386,0.95753205,0.9560706,0.95620036,0.95576346,0.9729979,0.94324803,0.93983245,1.0000002,0.95323426,0.94909817,0.9520245,0.9515839,0.9396065,0.9479585,0.9480977,0.9467702,0.9542498,0.9568999,0.95947987,0.9492124,0.9482873,0.9049644,0.9531736,0.94723976,0.9637933,0.95850796,0.94784325,0.94463676,0.94255525,0.95347774,0.9367633,0.928345,0.95948726,0.94753116,0.9480887,0.94429684,0.9468257,0.95287734,0.93773127,0.9585669,0.95122635,0.955634,0.9602945,0.95452464,0.94635344,0.96055365,0.9632157,0.9561947,0.94848496,0.93537366,0.95604014,0.94471526,0.95635927,0.9484243,0.9507929,0.95595634,0.9486714,0.9475789,0.956877,0.94689476,0.9526166,0.9464742,0.95406973,0.9449853,0.949931,0.9487393,0.95487183,0.8018831,0.9438139,0.948015,0.9412257,0.94558024,0.94079137,0.95785826,0.9491655,0.94714856,0.9454426,0.949277,0.95549554,0.9399569,0.95857835,0.9540339,0.95060706,0.9526481,0.95692164,0.9642558,0.94347316,0.95487183,0.94958144,0.94917315,0.95909697,0.94437623,0.9550886,0.94817,0.9490024,0.9423163,0.9555903,0.9523896,0.9574595,0.95073295,0.9389313,0.9603018,0.9541786,0.9515097,0.95777243,0.9373882,0.9552829,0.89765984,0.943604,0.9292952,0.95055205,0.95068634,0.9569982,0.9458079,0.95101714,0.9549446,0.95720035,0.9410863,0.9601502,0.9499791,0.95283556,0.94776374,0.94195,0.95015603,0.9472352,0.93583256,0.9533073,0.9525069,0.95177996,0.93904907,0.9465575,0.9499689,0.95612127,0.9525037,0.9628408,0.9524192,0.9729979,0.9588373,0.9531705,0.95142657,0.95432127,0.9578643,0.94854903,0.94878703,0.9580756,0.9393707,0.9505158,0.95373625,0.95734847,0.93499506,0.9421914,0.9478854,0.9541237,0.95447284,0.9543036,0.94000024,0.9729979,0.94489145,0.95290476,0.95498747,0.9595824
annabellemovie,0.95788527,0.95188,0.9642275,0.95893645,0.9591392,0.95113236,0.96262217,0.9481103,0.97911984,0.9503896,0.9500324,0.95323426,1.0000002,0.9613062,0.96042264,0.96578205,0.9544763,0.9543825,0.9585035,0.9491359,0.96014816,0.9544954,0.9595479,0.96526134,0.9590811,0.9071916,0.95895505,0.9608313,0.96225584,0.9492128,0.9597365,0.9573206,0.948566,0.9460308,0.946392,0.9310375,0.96559435,0.9641448,0.9523167,0.9507416,0.9643247,0.95899737,0.93280256,0.96055156,0.9552343,0.95307565,0.9589852,0.9491169,0.9531916,0.96414703,0.9609776,0.9595576,0.96037316,0.94800353,0.95057255,0.95403886,0.9701329,0.9558381,0.96169984,0.96079874,0.95986265,0.9579836,0.96141255,0.9600741,0.95150965,0.95229656,0.9554315,0.944391,0.9498045,0.9565641,0.9672267,0.811536,0.9434361,0.95885444,0.94717264,0.95202625,0.9398191,0.95724726,0.95678097,0.9589421,0.9457403,0.9599139,0.97011226,0.94810164,0.95895934,0.9521613,0.96266747,0.9808704,0.95117074,0.96497625,0.947896,0.9672267,0.95552737,0.9475395,0.95553225,0.95704883,0.95866024,0.9603169,0.95839506,0.95137626,0.9607176,0.9537611,0.96087825,0.9628336,0.94737315,0.96017337,0.9621264,0.9627328,0.95391023,0.95158327,0.9655148,0.9080247,0.9561427,0.94164103,0.9585694,0.9541602,0.9601165,0.95255625,0.9646987,0.9630086,0.9674861,0.94768876,0.96223176,0.94486487,0.9613448,0.96112216,0.96431506,0.9482295,0.9511287,0.93888927,0.96043336,0.9573971,0.96208173,0.9522884,0.9505191,0.9520412,0.954941,0.95899695,0.96274877,0.9507843,0.97911984,0.9642774,0.9498168,0.96345586,0.97000736,0.960151,0.95405555,0.957735,0.96400106,0.95114785,0.95363617,0.96518105,0.9620928,0.9452433,0.9572181,0.9612555,0.95248795,0.95910054,0.9534266,0.95426595,0.97911984,0.9479096,0.9588083,0.9574189,0.9598529
annamovie,0.9584058,0.952457,0.9652327,0.9543201,0.95838267,0.9586458,0.95935434,0.95859563,0.97895086,0.9586008,0.95808744,0.94909817,0.9613062,0.9999999,0.96271914,0.96452606,0.96172965,0.95603573,0.95729905,0.9467669,0.9566913,0.95514804,0.9668924,0.96159357,0.95153934,0.91877985,0.95342505,0.95881915,0.96199816,0.9640872,0.957974,0.9554849,0.9479778,0.94510293,0.93436366,0.93435204,0.9611416,0.9477893,0.96094173,0.9591771,0.95661014,0.96081126,0.9487805,0.959418,0.95706534,0.95939964,0.96311283,0.9535668,0.953378,0.96300703,0.96301717,0.96471494,0.9583866,0.95312965,0.9544408,0.95523113,0.96582526,0.9578576,0.9577729,0.9716309,0.95614284,0.9536178,0.9551197,0.97215104,0.95368445,0.95870596,0.9520642,0.95132834,0.95749676,0.9509253,0.9669823,0.8090304,0.9522777,0.95961046,0.9525689,0.94605553,0.9376591,0.94813913,0.9525392,0.9566823,0.95234114,0.95516306,0.9526074,0.9463573,0.9538163,0.95902604,0.9631711,0.9610236,0.95341456,0.9679873,0.95847297,0.9669823,0.96099013,0.95661354,0.95868236,0.9555282,0.9620218,0.95831245,0.94722253,0.96184796,0.9650289,0.9476829,0.9559963,0.9688193,0.9607364,0.9631253,0.96007085,0.95586,0.95103246,0.94810593,0.9666767,0.90278137,0.95572716,0.9409169,0.95724255,0.95957434,0.95955944,0.94806725,0.96230185,0.9602651,0.9585955,0.95051026,0.9609939,0.9544586,0.96215886,0.96166146,0.9541063,0.95363057,0.95833987,0.9502259,0.9537869,0.9559304,0.9663326,0.95319873,0.952976,0.9683071,0.9525345,0.9551703,0.95969075,0.960027,0.97895086,0.96440035,0.95937645,0.95503986,0.95645255,0.96092486,0.953903,0.9433288,0.9564144,0.94884276,0.9594775,0.96694034,0.9646013,0.9418672,0.9598259,0.96046036,0.9627682,0.9591314,0.9568277,0.9528736,0.97895086,0.9552159,0.95914507,0.96157783,0.9605726
apollo11movie,0.95855075,0.9512047,0.96478075,0.95715624,0.9649001,0.9628059,0.9615213,0.9640508,0.9803521,0.9527696,0.95921725,0.9520245,0.96042264,0.96271914,1.0000001,0.9602959,0.9539656,0.9581745,0.9579974,0.97523844,0.96394706,0.9505071,0.9642436,0.9610411,0.9610553,0.9191208,0.9645445,0.9605675,0.9631922,0.9564468,0.9624327,0.95270735,0.9526152,0.9482812,0.94547,0.93573374,0.9724013,0.9545589,0.958456,0.95253825,0.9647438,0.95902675,0.9437698,0.963084,0.955303,0.9674924,0.96385175,0.96224266,0.9472766,0.9610137,0.95983416,0.964614,0.9522634,0.9529764,0.9616525,0.9587702,0.9601711,0.96048325,0.96572083,0.9567664,0.95899105,0.9649649,0.96515894,0.95931286,0.95089513,0.959021,0.9565536,0.954632,0.9644094,0.94795,0.96244526,0.79902685,0.9482253,0.9714257,0.9473172,0.954102,0.9398981,0.95770144,0.957592,0.95606667,0.95378435,0.9506015,0.9638692,0.9509438,0.9538809,0.9613273,0.95218253,0.96429414,0.9626139,0.969928,0.94874716,0.96244526,0.95999295,0.9570409,0.96103793,0.9731236,0.9625039,0.9607569,0.95794225,0.9461674,0.9660201,0.960905,0.9539247,0.9597143,0.94771385,0.95595133,0.96062124,0.9628124,0.95456755,0.953046,0.9659866,0.89441264,0.95128375,0.93200994,0.958429,0.9634024,0.9634287,0.9511252,0.9581974,0.96231455,0.96774685,0.95050484,0.9621887,0.9552778,0.96277136,0.9611057,0.9516806,0.9544939,0.95099103,0.94793206,0.9626372,0.9630922,0.9670481,0.94951487,0.95936,0.9545914,0.95564437,0.95632744,0.9622716,0.9582916,0.9803521,0.9601933,0.9593579,0.95052946,0.96113586,0.9609571,0.955714,0.9499061,0.9638558,0.9543287,0.9628588,0.962043,0.959214,0.947608,0.94848776,0.9631295,0.96400225,0.9527242,0.95819557,0.9446358,0.9803521,0.95876384,0.96614134,0.9632936,0.95627695
arcticdogsmovie,0.9574092,0.9630708,0.96297497,0.95776767,0.96308446,0.9536898,0.9669105,0.9487742,0.9796336,0.95909625,0.95056117,0.9515839,0.96578205,0.96452606,0.9602959,0.99999994,0.9551491,0.9624937,0.9633293,0.95091516,0.9576412,0.9561214,0.9645641,0.9567662,0.9589725,0.9044803,0.96114904,0.9606558,0.96692216,0.9557855,0.963692,0.9564841,0.9557538,0.9468994,0.9401559,0.93563765,0.97163546,0.96090513,0.9520343,0.9547657,0.9557521,0.9602389,0.94066244,0.96012247,0.9548826,0.9591338,0.9630134,0.95239943,0.9565953,0.9609453,0.962712,0.96542853,0.96400714,0.95164347,0.95101154,0.95913714,0.95842713,0.9595585,0.9602221,0.9619993,0.95359004,0.95366645,0.9603386,0.9553201,0.95289654,0.9564511,0.96123564,0.95418096,0.95384324,0.9513255,0.96815073,0.8085874,0.95101345,0.96371967,0.94829065,0.9494953,0.93842655,0.9518402,0.9563142,0.95391124,0.9498303,0.96382517,0.96228504,0.9490489,0.95321965,0.95003283,0.9545214,0.9669517,0.9570974,0.96907455,0.95024586,0.96815073,0.9561515,0.9537296,0.9528724,0.9557139,0.9599451,0.9585697,0.9581474,0.9581437,0.96756613,0.95418155,0.955151,0.9631877,0.95692253,0.9613812,0.96192676,0.9723054,0.96001756,0.95324904,0.96186435,0.9074953,0.9551938,0.942627,0.95840937,0.9541346,0.96134365,0.9541292,0.96347696,0.96928114,0.9591936,0.95517373,0.9571923,0.94668734,0.959259,0.96358037,0.9546914,0.95101964,0.9640644,0.9465938,0.9630723,0.9635423,0.9629136,0.9520784,0.95092994,0.95871264,0.95735365,0.957308,0.9623082,0.954896,0.9796336,0.9662367,0.96180797,0.9526493,0.9636864,0.95664763,0.9572766,0.9536473,0.959597,0.94985616,0.95799464,0.9640798,0.95634145,0.950948,0.95823044,0.96314013,0.9583618,0.9635277,0.9586022,0.9518969,0.9796336,0.95238286,0.9574137,0.96339333,0.96099186
arcticmovie,0.95067644,0.9384681,0.9547858,0.9479585,0.95166224,0.94724846,0.95668787,0.9500585,0.97231555,0.95151556,0.95200336,0.9396065,0.9544763,0.96172965,0.9539656,0.9551491,1.0000001,0.9444476,0.957448,0.9423102,0.9601624,0.9502498,0.95412546,0.95604473,0.9522191,0.9150804,0.9489896,0.97172457,0.95669645,0.9591365,0.95340854,0.9387052,0.9339652,0.9405167,0.9262425,0.9258455,0.9569278,0.9417591,0.9522616,0.9398636,0.95209736,0.955879,0.9371828,0.9515712,0.9496023,0.94855267,0.9540906,0.9423429,0.94942194,0.9558775,0.9587589,0.95379955,0.95470893,0.942789,0.95283467,0.9536249,0.95545036,0.9559951,0.9545435,0.9643084,0.94759685,0.9482987,0.9564445,0.9531695,0.947681,0.9483033,0.94907504,0.9440031,0.9452343,0.94923896,0.9619134,0.8129337,0.9451181,0.95230395,0.94304764,0.94128954,0.9301037,0.94552267,0.947668,0.94123954,0.9416681,0.94773465,0.9508174,0.94976926,0.95038515,0.9469135,0.95391166,0.9588899,0.9440054,0.958358,0.9470486,0.9619134,0.957491,0.9487489,0.9471319,0.94586986,0.9511492,0.9548364,0.9496917,0.9436375,0.95261115,0.9465943,0.95596594,0.9550764,0.94394326,0.95907056,0.9527553,0.9539362,0.9500099,0.93305737,0.95927316,0.8927292,0.952808,0.93642426,0.95865816,0.9503317,0.9536712,0.9384378,0.9510059,0.9557647,0.9495531,0.95000196,0.9599696,0.9531133,0.9499274,0.95210683,0.94753635,0.94761145,0.9541003,0.95497817,0.9559459,0.9533374,0.97516507,0.9549336,0.9493118,0.96215177,0.94774175,0.9515335,0.9597462,0.9488319,0.97231555,0.95110434,0.9507682,0.9475806,0.94964087,0.9453027,0.95036334,0.9350524,0.9544823,0.93814355,0.9477253,0.9562849,0.9546724,0.9340292,0.9588077,0.9553623,0.9577676,0.9521884,0.9524853,0.95069873,0.97231555,0.94383043,0.94961065,0.95410216,0.95652705
artofracingmovie,0.9543976,0.94660175,0.9564872,0.94665104,0.9718083,0.9487427,0.96420074,0.95445377,0.9753498,0.9585664,0.956685,0.9479585,0.9543825,0.95603573,0.9581745,0.9624937,0.9444476,0.9999994,0.95254076,0.95510834,0.95794535,0.94238085,0.9564463,0.9563989,0.95764196,0.91906816,0.9613348,0.95665526,0.95797855,0.9553944,0.9483507,0.9485877,0.94428796,0.9443138,0.93822277,0.93288964,0.9635226,0.95662075,0.9553652,0.9443661,0.9569343,0.9535975,0.9274033,0.95317554,0.9578676,0.9571654,0.9531868,0.9453395,0.94574547,0.9556681,0.9570247,0.9581094,0.9453132,0.9486563,0.95195615,0.96217644,0.95292217,0.9512403,0.9540427,0.9582047,0.95480275,0.96221757,0.96329755,0.9523935,0.94084924,0.95257866,0.9549838,0.9483327,0.95272744,0.9545814,0.95859814,0.82019717,0.945062,0.96478903,0.9445651,0.9425644,0.9267946,0.95116556,0.951812,0.9558228,0.9479099,0.9602699,0.9577267,0.94659746,0.94513285,0.9458449,0.9513723,0.95769787,0.95350903,0.9603475,0.94361293,0.95859814,0.9528892,0.95240444,0.9511076,0.9599543,0.9605176,0.9602117,0.9583123,0.94394606,0.9596885,0.95016265,0.9533868,0.95935124,0.9431138,0.95803034,0.95851785,0.95795435,0.95351374,0.9456926,0.96389306,0.8971998,0.9465162,0.9340513,0.9501128,0.94876605,0.9567799,0.9483817,0.95350236,0.9627778,0.96094173,0.9476609,0.9567913,0.9423324,0.9591573,0.95216054,0.94901735,0.94663775,0.966542,0.9342517,0.95822734,0.96882486,0.95424306,0.94543695,0.94541776,0.9558676,0.9485618,0.95313305,0.9544521,0.96320117,0.9753498,0.95490205,0.9559445,0.9534805,0.96244615,0.9509332,0.9504073,0.9509216,0.96091944,0.9467238,0.9616864,0.9553064,0.949018,0.93850344,0.95556766,0.9577685,0.9593256,0.9477006,0.9500612,0.93952847,0.9753498,0.9521818,0.95278513,0.9572362,0.9587518
avengers,0.9701645,0.9465301,0.9641707,0.9529289,0.95449924,0.9588177,0.9645495,0.95157963,0.97697026,0.9541281,0.9564576,0.9480977,0.9585035,0.95729905,0.9579974,0.9633293,0.957448,0.95254076,0.9999997,0.9488325,0.9641036,0.95415795,0.95765114,0.95466834,0.95293003,0.91000736,0.9613817,0.95816714,0.96534956,0.95402867,0.9734277,0.94741565,0.94741964,0.94797885,0.9382877,0.93937135,0.9660132,0.95249975,0.9591595,0.9453315,0.9561171,0.95690185,0.9454913,0.95352525,0.95275027,0.95887125,0.95199454,0.95212823,0.950886,0.95633215,0.96353143,0.95702934,0.95335853,0.95341766,0.94780064,0.9568247,0.95226824,0.9532647,0.95383126,0.9570814,0.94879514,0.9533513,0.9572163,0.9527457,0.94864446,0.9616349,0.9532977,0.94987327,0.95805275,0.95183337,0.96367204,0.8034552,0.9490349,0.9635564,0.95599985,0.9379192,0.9342152,0.9500184,0.95258915,0.94805133,0.9533616,0.951445,0.9566928,0.9542955,0.9571146,0.96224207,0.95774114,0.9641424,0.9496071,0.9541989,0.9473558,0.96367204,0.95550305,0.9560754,0.9589361,0.9577632,0.9573832,0.9575156,0.9578146,0.9456991,0.9597311,0.94837224,0.95893484,0.96311706,0.95389503,0.96245277,0.9516365,0.9576385,0.9552863,0.9442834,0.96437126,0.9068696,0.9479443,0.9402712,0.95591706,0.95473635,0.9625257,0.9498554,0.9617731,0.9622833,0.95641977,0.9507957,0.95703304,0.9539749,0.95641017,0.95275146,0.95504755,0.9566962,0.95409125,0.9526068,0.9624101,0.9565101,0.9534334,0.94343555,0.9541338,0.95279,0.9548948,0.9542315,0.96158123,0.9593018,0.97697026,0.9616762,0.95318717,0.94746476,0.95152634,0.9517285,0.9570419,0.9511927,0.96020085,0.9535268,0.95679724,0.9587954,0.95909494,0.94769394,0.9534534,0.9567803,0.95764416,0.9509796,0.9538214,0.9471622,0.97697026,0.9524558,0.9598771,0.9568477,0.9592098
beachbummovie,0.9493692,0.94072723,0.9535723,0.94284475,0.95751727,0.9539905,0.956659,0.95485085,0.9704794,0.9404475,0.9511454,0.9467702,0.9491359,0.9467669,0.97523844,0.95091516,0.9423102,0.95510834,0.9488325,1.0,0.95618075,0.94980204,0.9567004,0.9539405,0.94954646,0.91678745,0.9571591,0.9513396,0.9558465,0.94982857,0.9484824,0.9443103,0.941297,0.94275445,0.9404827,0.92861015,0.95899457,0.9502626,0.9512156,0.942869,0.9521628,0.9501834,0.931752,0.9496993,0.9412993,0.96565545,0.9582916,0.95002913,0.93841594,0.9490243,0.954252,0.95063716,0.9442334,0.9409438,0.9538872,0.94909734,0.9482809,0.94884026,0.94846267,0.94241697,0.94520664,0.95618653,0.95792985,0.93954563,0.937051,0.94955254,0.9484816,0.94584423,0.9550301,0.95167136,0.94844496,0.80554795,0.9454178,0.9586261,0.937174,0.9481421,0.9271987,0.95184386,0.94180506,0.9538281,0.9445587,0.944534,0.9515051,0.9412637,0.94197166,0.9450006,0.948178,0.9567653,0.9445095,0.9616006,0.9443909,0.94844496,0.94976455,0.9436868,0.95214736,0.9641625,0.9539043,0.9591942,0.9524851,0.9389456,0.9567209,0.9567969,0.9471411,0.94754213,0.93026644,0.9520854,0.95025665,0.945853,0.951369,0.94168955,0.95605534,0.89873487,0.93998414,0.9314363,0.9510871,0.94844353,0.95421356,0.94545025,0.94417924,0.95582086,0.95399773,0.9439883,0.95606303,0.94733876,0.95201254,0.94741035,0.9398895,0.94412416,0.94543767,0.9284354,0.9522875,0.95489585,0.9567301,0.94225067,0.9437235,0.9462386,0.9471524,0.9467153,0.94743526,0.9532639,0.9704794,0.94875807,0.9499067,0.9424773,0.950247,0.9464196,0.94238704,0.9503711,0.9524464,0.94649506,0.96058774,0.94952637,0.945161,0.9360055,0.93502015,0.9524514,0.95738876,0.93852323,0.94311714,0.9368923,0.9704794,0.9460467,0.9518376,0.9577052,0.94637835
bernadettefilm,0.9644682,0.94751996,0.96157205,0.9592596,0.9586035,0.9605289,0.96133614,0.9639127,0.97975826,0.9543395,0.94858176,0.9542498,0.96014816,0.9566913,0.96394706,0.9576412,0.9601624,0.95794535,0.9641036,0.95618075,1.0,0.9517038,0.9633618,0.9599738,0.96488875,0.9210158,0.9569987,0.960714,0.96221524,0.958456,0.9539535,0.9497778,0.94548035,0.94471323,0.9406692,0.9401228,0.9672269,0.9511063,0.95860755,0.9375652,0.959913,0.95963275,0.94474524,0.95765257,0.9558075,0.9622695,0.9621482,0.95329463,0.94538206,0.96187127,0.9637343,0.95759284,0.95090544,0.95295745,0.9655588,0.954193,0.9558454,0.9571746,0.96027064,0.9592534,0.95674723,0.9571518,0.96275467,0.9575748,0.9562898,0.9578239,0.9582553,0.9524786,0.9543011,0.95675164,0.9663738,0.8096619,0.9506985,0.9604664,0.95360667,0.9504355,0.93740916,0.9575423,0.9595044,0.95306337,0.9505207,0.95717376,0.9579123,0.9559801,0.9623045,0.95986146,0.95487815,0.9617303,0.9560316,0.96378547,0.9493934,0.9663738,0.9552616,0.94937027,0.9588122,0.95708853,0.95963526,0.9643517,0.9511345,0.9490618,0.96003026,0.9594824,0.9599372,0.9595657,0.95467603,0.96451855,0.9621991,0.9622492,0.9616013,0.9432479,0.96531177,0.90043765,0.95359623,0.94591314,0.9708162,0.95235384,0.9654609,0.9524578,0.9592686,0.960255,0.9599461,0.95644647,0.96655935,0.9592676,0.9570838,0.9554085,0.95330095,0.9556952,0.95793754,0.9513926,0.97087425,0.96444,0.9611678,0.9481314,0.9554224,0.9578447,0.96161044,0.952862,0.96608675,0.9575183,0.97975826,0.9577571,0.9536288,0.9587115,0.9612645,0.9571357,0.9561952,0.95102185,0.9659137,0.95287055,0.9602462,0.96276706,0.95956004,0.94768864,0.9524119,0.9599352,0.96288323,0.9492047,0.9566161,0.94490755,0.97975826,0.95447874,0.9594999,0.96115273,0.9573516
