movie,21bridgesmovie,47metersdown,abeautifuldaymovie,abominablemovie,adastramovie,adogsjourneymovie,aftermathmovie,aftermovie,ahiddenlifefilm,alitamovie,angelhasfallen,angrybirdsmovie,annabellemovie,annamovie,apollo11movie,arcticdogsmovie,arcticmovie,artofracingmovie,avengers,beachbummovie,bernadettefilm,blackandbluemovie,blackchristmas,blindedbythelightmovie,bombshellmovie,booksmart,breakthroughmovie,brianbanksmovie,brightburnmovie,brittanyrunsmov,captainmarvelofficial,captivestatemovie,catsmovie,charliesangels,childsplaymovie,clarathefilm,coldpursuitmovie,countdown,currentwarmovie,darkwatersmovie,detectivepikachumovie,disneyaladdin,disneyfrozen,disneymaleficent,doctorsleepmovie,dolemiteismyname,dontletgomovie,doramovie,downtonabbey_official,dumbo,escaperoom,everybodyknowsmovie,fastandfuriousmovie,fightingwmyfam,fivefeetapartfilm,fordvferrari,freaksthefilm,geminimanmovie,glassmovie,gloriabellmovie,godzillamovie,goldfinchmovie,goodboysmovie,goodliarmovie,gretafilm,halathemovie,happydeathdaymovie,harrietfilm,hellboymovie,hersmellmovie,highlifemovie,highstrungmovie,honeyboymovie,hotelmumbaifilm,httydragon,hustlemovie,hustlersmovie,isntitromantic,itmovieofficial,jayandsilentbob,johnwickmovie,jojorabbitmovie,jokermovie,judythefilm,jumanjimovie,justmercyfilm,knivesout,lalloronamovie,lastblackmansf,lastchristmasthemovie,latenightmovie,lighthousemovie,lionking,littlethemovie,littlewomenmovie,littlewoodsfilm,longshotmovie,lordsofchaosmovie,lucyintheskyfilm,mamovie2019,marriagestory,meettheaddams,meninblack,midsommarmovie,midwaymovie,missbalamovie,missinglinkfilm,motherlessbklyn,onceinhollywood,onthebasisofsex,overcomermovie,peanutbutterfalcon,petsematarymovie,piercingmovie,playingwithfire,playmobilthemovie,pomsmovie,queenandslim,rambomovie,readyornotfilm,richardjewellfilm,rocketmanmovie,scarystoriesmovie,secretlifeofpets,serenityfilm,shaftmovie,shazammovie,spidermanmovie,spiesindisguise,starwars,stormboymovie,stubermovie,taosdfilm,teenspiritmov,terminator,theaeronautsmov,thebestofenemies,thedeaddontdie,thefarewell,thehighwaymen,thehummingbirdprojectfilm,theintrudermovie,theirishmanfilm,thekitchenmovie,thelegomovie,themustangfilm,thenightingalefilm,theprodigymovie,thesunisalsoastar,theupsidefilm,tolkienmovie,toystory,triplefrontier,uglydolls,uncutgems,underthesilverlake,usmovie,wavesmovie,whatmenwant,wonderparkmovie,wrinklestheclown,xmenmovies,yardiefilm,yesterdaymovie,zombieland
21bridgesmovie,1.0,0.96712166,0.97905403,0.97726643,0.9716089,0.9775038,0.9813029,0.9789068,0.99210304,0.9783583,0.9736399,0.976463,0.98404866,0.9866697,0.9837989,0.98201776,0.9855157,0.97936237,0.98837763,0.9768068,0.97632843,0.9796781,0.98915887,0.98096275,0.97474015,0.9178104,0.9695006,0.9729821,0.9787302,0.9821017,0.9754165,0.9776291,0.9775398,0.9800106,0.973452,0.8968158,0.98491836,0.9828704,0.97170657,0.97571903,0.97558075,0.97951967,0.9612801,0.97437006,0.98073435,0.97321135,0.9898815,0.97918046,0.9749776,0.97974515,0.9857104,0.9768206,0.9685072,0.98059565,0.9713928,0.9708694,0.98048306,0.98419434,0.9692121,0.9840933,0.978893,0.97865963,0.9793684,0.97551095,0.9737318,0.9774969,0.97727144,0.97843593,0.984128,0.97027785,0.9804419,0.6157751,0.9500705,0.97877455,0.9779707,0.97350085,0.9515709,0.9749244,0.98362416,0.9838107,0.9778853,0.9844469,0.9894428,0.97894317,0.9840905,0.9846814,0.97785646,0.97953224,0.97856504,0.98711336,0.9732123,0.9804419,0.9609234,0.96366364,0.9820157,0.9814842,0.9774947,0.98019594,0.97785205,0.98672426,0.97289294,0.9797254,0.97880584,0.9706577,0.97487646,0.9884455,0.98699874,0.98449564,0.97666824,0.97092545,0.98195165,0.79980034,0.97874445,0.8930709,0.97548664,0.98954093,0.9946528,0.98156786,0.98125154,0.9757979,0.9744709,0.98038155,0.98564595,0.9771743,0.9761218,0.97507787,0.9830889,0.9786763,0.9763112,0.95682657,0.9789943,0.98017645,0.9752418,0.9743126,0.98175544,0.9769138,0.9875301,0.97514105,0.9831233,0.9632838,0.99210304,0.9815905,0.9771042,0.97057503,0.9834437,0.97667557,0.97547233,0.97903824,0.98137593,0.98191196,0.97841376,0.96996343,0.97634524,0.97445464,0.97549087,0.9781498,0.98996234,0.9819833,0.9817942,0.97526795,0.99210304,0.9665783,0.9825074,0.9879405,0.9784526
47metersdown,0.96712166,1.0000001,0.97007865,0.9732178,0.96374226,0.969642,0.9755101,0.96298915,0.97613335,0.9665751,0.95952046,0.95290416,0.9655129,0.9726756,0.97461164,0.9734579,0.97412163,0.97437555,0.9652195,0.9638619,0.9675188,0.965376,0.9744122,0.96971565,0.9590935,0.8789132,0.94120276,0.9664913,0.9669417,0.9726537,0.96349573,0.96821904,0.9666692,0.95642126,0.93588626,0.8655362,0.9702951,0.954432,0.9739982,0.9709189,0.95861167,0.97235805,0.9621168,0.9717808,0.9722657,0.9576778,0.97438663,0.9577663,0.9613593,0.9754488,0.9633192,0.9714521,0.9521383,0.9646294,0.941836,0.96899796,0.9546435,0.9680957,0.9496902,0.96731937,0.95464283,0.95905393,0.97355896,0.968147,0.97464687,0.9669164,0.970316,0.965361,0.9731417,0.9511949,0.9751787,0.609369,0.9328165,0.96285623,0.96150714,0.9528686,0.9132322,0.95571035,0.9611973,0.9598397,0.96560824,0.96854824,0.9692879,0.95050466,0.9598476,0.9562967,0.96119624,0.96338755,0.96203834,0.9664072,0.96534586,0.9751787,0.9451281,0.96462643,0.9602129,0.9766226,0.9552372,0.9671005,0.96922576,0.96784574,0.9614312,0.97173756,0.9630918,0.96651983,0.9685994,0.96356094,0.98286045,0.96501225,0.95839626,0.9595313,0.9625591,0.77529305,0.97146213,0.8571091,0.9607431,0.969629,0.9656181,0.96469456,0.9714663,0.97543204,0.9621717,0.96193695,0.9631269,0.9729371,0.96498305,0.9612822,0.9508644,0.96155596,0.9697229,0.9504412,0.967557,0.96744525,0.95965433,0.9504268,0.9718149,0.9734666,0.96374786,0.970102,0.9716598,0.96343166,0.97613335,0.9624428,0.95974815,0.9498009,0.959145,0.96164155,0.9607263,0.9492496,0.97614354,0.9611532,0.9741859,0.9740906,0.96096534,0.95432454,0.9709506,0.9703445,0.9760071,0.97309893,0.9782253,0.96936154,0.97613335,0.95172167,0.9695895,0.97540337,0.9665234
abeautifuldaymovie,0.97905403,0.97007865,1.0,0.98221666,0.97219396,0.97063005,0.98315996,0.97367,0.9857866,0.97175294,0.97105396,0.96494234,0.98193794,0.9735054,0.97240084,0.97200406,0.97970736,0.97219265,0.9796227,0.95840585,0.9634107,0.9777622,0.9764544,0.9807115,0.96992654,0.90624374,0.9614599,0.9652008,0.98732984,0.98062724,0.976514,0.9719501,0.97113043,0.97392344,0.9471155,0.8687939,0.9731831,0.96313953,0.9698993,0.974766,0.9674855,0.9724789,0.9577521,0.9711004,0.98359585,0.9627022,0.97985756,0.968201,0.965299,0.97257984,0.98652416,0.9777988,0.96065956,0.964894,0.95867425,0.9760772,0.9728545,0.9776174,0.9771066,0.9792354,0.97047204,0.98456407,0.9808016,0.9770042,0.9740022,0.96873504,0.976631,0.9712554,0.98505455,0.95955163,0.98124427,0.5811069,0.9424848,0.9672446,0.9660006,0.96503955,0.92916447,0.96184516,0.9749283,0.97340167,0.9704019,0.9696552,0.9802516,0.95909584,0.9788492,0.9704237,0.9692317,0.9731874,0.9622866,0.9722576,0.9734828,0.98124427,0.9553995,0.97679603,0.9815289,0.97840244,0.965767,0.97741336,0.97957045,0.96372116,0.96911854,0.9781094,0.9810992,0.9772963,0.97581756,0.98280466,0.97789747,0.9676605,0.9757757,0.96018916,0.9806862,0.7559845,0.9818194,0.8609659,0.96402305,0.98385656,0.9800259,0.9692137,0.9766586,0.9782352,0.96569955,0.97676593,0.97072434,0.97809213,0.972379,0.98096186,0.9669867,0.9839338,0.9724036,0.96324146,0.9686758,0.9721866,0.9715573,0.9656747,0.9846794,0.98224294,0.96777296,0.9745225,0.9813765,0.97597116,0.9857866,0.9854995,0.9782314,0.95929945,0.97582346,0.9761858,0.9687951,0.9554504,0.97143394,0.977941,0.97864985,0.9828024,0.98110473,0.97183424,0.9730508,0.97562903,0.9788446,0.97626966,0.98307645,0.9787141,0.9857866,0.9714699,0.98282194,0.9795238,0.98569465
abominablemovie,0.97726643,0.9732178,0.98221666,1.0,0.97925526,0.9811122,0.9740343,0.9702031,0.9872962,0.98051685,0.97129947,0.96857834,0.98040265,0.9759139,0.97475517,0.9754298,0.9825271,0.9776298,0.9781537,0.9566354,0.9708487,0.9736735,0.9821149,0.9744642,0.9653033,0.91835856,0.971011,0.9692581,0.97434676,0.9772047,0.97709274,0.9738762,0.9809973,0.97540134,0.96096826,0.88548446,0.9761534,0.96778476,0.97130066,0.97671485,0.96755224,0.97195446,0.96058846,0.9688775,0.9780819,0.97425497,0.98315877,0.96301794,0.97362363,0.9720435,0.98122686,0.9786978,0.97239363,0.97361773,0.96864754,0.9740114,0.97188926,0.9777035,0.97819495,0.9864698,0.9701446,0.98151875,0.98576313,0.9778829,0.9729216,0.97387385,0.97549176,0.9743235,0.9816841,0.9626782,0.9861858,0.6100381,0.9471817,0.9686335,0.97783303,0.96052516,0.9363524,0.96562123,0.97974396,0.9747652,0.97140735,0.9744274,0.97753,0.9641923,0.9795965,0.9759338,0.98028624,0.97367597,0.9758019,0.9704973,0.97652674,0.9861858,0.9611595,0.9675701,0.97946805,0.9744121,0.97733396,0.979371,0.97372836,0.9709177,0.9734968,0.9809781,0.9733589,0.977203,0.9703399,0.97991353,0.9823544,0.97405654,0.97394407,0.9598019,0.98265946,0.79604834,0.98060566,0.87865674,0.9666316,0.9785025,0.9744811,0.9760498,0.97893393,0.9682623,0.9689791,0.9756212,0.97530687,0.9779821,0.97328156,0.980672,0.9729196,0.97905916,0.9728458,0.96141714,0.9749425,0.9718691,0.97209954,0.9698709,0.9861058,0.98102087,0.96815646,0.9776263,0.9840976,0.97392917,0.9872962,0.9798963,0.9782698,0.9590982,0.97545916,0.969767,0.9649743,0.96882683,0.97768396,0.9631111,0.97626466,0.9770825,0.9749975,0.9610897,0.98561764,0.98265815,0.97708166,0.98209107,0.97757804,0.98149955,0.9872962,0.9689245,0.98272645,0.9824066,0.9762816
adastramovie,0.9716089,0.96374226,0.97219396,0.97925526,0.9999999,0.9729226,0.9720075,0.9709776,0.9863172,0.98385274,0.96832263,0.9569252,0.9810068,0.9811759,0.9751132,0.96466106,0.977284,0.98669225,0.97993267,0.9573924,0.9780672,0.9648106,0.9740605,0.97567105,0.9802828,0.91364545,0.9754146,0.9692612,0.9625655,0.9709023,0.97706956,0.97386605,0.9663407,0.9600511,0.9580656,0.89637023,0.9743484,0.964657,0.97063786,0.9730428,0.9799112,0.9730634,0.9666979,0.96967304,0.9774228,0.96699435,0.9749389,0.970293,0.97171336,0.9729102,0.9715291,0.9787518,0.9737639,0.97343016,0.97048104,0.9855427,0.9696574,0.9759509,0.97127324,0.9809939,0.97760576,0.98121226,0.9859056,0.9726186,0.97386056,0.9710203,0.96817654,0.97841316,0.9789053,0.9641959,0.98234594,0.6474836,0.94912803,0.9754594,0.97337675,0.9576962,0.9277328,0.9631562,0.97266316,0.9744866,0.9711583,0.9644418,0.97333753,0.9591362,0.9754739,0.9796864,0.97142756,0.97465163,0.9652138,0.970731,0.9697873,0.98234594,0.96013093,0.96573836,0.9743258,0.9731035,0.9700971,0.97533524,0.97095287,0.9663966,0.9679122,0.981083,0.96643305,0.9781766,0.96966463,0.9707091,0.9757494,0.9653111,0.9644849,0.9677598,0.9814199,0.81182593,0.97688854,0.8786881,0.9668585,0.96967673,0.9698573,0.9747741,0.98556906,0.96827507,0.96367395,0.98131895,0.97971535,0.9660086,0.96372235,0.9817197,0.9692926,0.9761714,0.9755694,0.95662194,0.97630936,0.97852314,0.97055525,0.96531093,0.9839851,0.9699817,0.96440965,0.97768223,0.97985303,0.9710483,0.9863172,0.97051483,0.97378564,0.9543149,0.9663765,0.97167,0.9708174,0.964727,0.9664928,0.9741957,0.9693213,0.96815574,0.9743105,0.9595706,0.97669595,0.9795956,0.971375,0.9763435,0.97652763,0.9710753,0.9863172,0.9742758,0.97723204,0.9733663,0.97347647
adogsjourneymovie,0.9775038,0.969642,0.97063005,0.9811122,0.9729226,1.0000001,0.96807486,0.9705953,0.98315823,0.9702025,0.9680602,0.96812123,0.971496,0.97375304,0.97059464,0.97058594,0.9759236,0.97671086,0.9805121,0.9549711,0.9783267,0.97174627,0.9810155,0.9743951,0.9662802,0.9007705,0.9613785,0.9590244,0.9630232,0.9661897,0.9714582,0.9679333,0.96763384,0.9681261,0.96253896,0.89270717,0.96655416,0.9555464,0.96728444,0.96768826,0.9627575,0.9689767,0.95455617,0.95671034,0.96715814,0.9607926,0.9816829,0.9620603,0.9721815,0.96476036,0.97408915,0.97254777,0.97179157,0.9722235,0.95156574,0.965136,0.96639574,0.9785928,0.9573187,0.97377175,0.9579901,0.965564,0.9704055,0.96888554,0.9615753,0.969276,0.9754613,0.9788881,0.975472,0.96154404,0.978458,0.6063767,0.93210924,0.9631067,0.9813616,0.9503326,0.9337899,0.95750344,0.97457093,0.9676219,0.9769856,0.96788734,0.9683528,0.97029173,0.97173405,0.96655285,0.9715123,0.9752178,0.9730381,0.9664144,0.96136147,0.978458,0.9530693,0.9541514,0.96921253,0.97397876,0.97062314,0.9723203,0.9640628,0.98046714,0.95672643,0.9764987,0.96676123,0.9684377,0.96281534,0.9756853,0.97479635,0.9620638,0.96155286,0.9539976,0.97667706,0.8310989,0.9812932,0.89457387,0.9747092,0.9677054,0.9742823,0.9760677,0.9766977,0.9621158,0.95748836,0.9743042,0.9712238,0.98490494,0.95966625,0.9677797,0.9758301,0.97803754,0.97403926,0.95480317,0.9781777,0.9704382,0.96650267,0.9574342,0.9787599,0.9669122,0.9742469,0.9734005,0.9770906,0.9604491,0.98315823,0.96546453,0.96295935,0.9481733,0.95853853,0.9609582,0.9665295,0.96251327,0.96584934,0.9636278,0.96536034,0.96832,0.9672552,0.96454364,0.9748087,0.9767589,0.9781987,0.9774267,0.97761714,0.9821785,0.98315823,0.9662417,0.97008324,0.98143697,0.97154504
aftermathmovie,0.9813029,0.9755101,0.98315996,0.9740343,0.9720075,0.96807486,1.0,0.97723204,0.9908353,0.97806376,0.981843,0.9705107,0.98295337,0.9837527,0.9813699,0.97999305,0.9868678,0.98177236,0.9781877,0.96955496,0.97956675,0.9796534,0.9822128,0.980635,0.97713566,0.92138356,0.9643634,0.9773253,0.9801307,0.98633915,0.9801262,0.9835029,0.97308546,0.9727668,0.9598201,0.8725072,0.9797678,0.9665206,0.98199886,0.9793236,0.9808413,0.98441535,0.97466606,0.9855106,0.9843332,0.9684325,0.9834768,0.97865784,0.97150016,0.98777044,0.983003,0.9835713,0.9729365,0.9686715,0.957782,0.9791483,0.9824912,0.9831835,0.9730846,0.9812167,0.9815322,0.9805656,0.9802314,0.98521215,0.9787694,0.9860464,0.98226774,0.9768257,0.985247,0.9755697,0.98160005,0.5900624,0.9482789,0.97478426,0.97022897,0.96900403,0.92623097,0.9659261,0.98124444,0.9796597,0.9786581,0.9726312,0.9867773,0.9664956,0.97382694,0.97852504,0.97436386,0.9841954,0.9702712,0.9834054,0.97975194,0.98160005,0.96511006,0.974892,0.9788234,0.9891466,0.98194927,0.9763397,0.98689747,0.9731818,0.9652782,0.9877302,0.975205,0.9722794,0.97791827,0.9824213,0.98514885,0.97617275,0.97042924,0.9689514,0.9804768,0.76981616,0.98402834,0.86389655,0.9752775,0.9859673,0.9848389,0.9737059,0.98041534,0.9959702,0.98271245,0.982643,0.9771768,0.9732879,0.9856131,0.9817758,0.97523046,0.9802955,0.97890824,0.96234614,0.982474,0.980995,0.9793802,0.9726519,0.987019,0.9833668,0.97773516,0.97760576,0.9786814,0.97093886,0.9908353,0.9807181,0.9704975,0.97466815,0.983469,0.9820972,0.9694952,0.9692556,0.9779435,0.9779261,0.9933196,0.9830656,0.9712512,0.970272,0.9746021,0.97955793,0.9877951,0.98466533,0.9863764,0.9729996,0.9908353,0.97655284,0.9864618,0.98397756,0.989649
aftermovie,0.9789068,0.96298915,0.97367,0.9702031,0.9709776,0.9705953,0.97723204,1.0,0.986226,0.9748369,0.9702722,0.96847844,0.98115927,0.98111796,0.9813721,0.97887564,0.97819155,0.9671426,0.97602767,0.9596901,0.9780369,0.96551645,0.97084457,0.97653025,0.9694453,0.90832436,0.9665408,0.9636236,0.97031546,0.97791034,0.97377115,0.9819906,0.962163,0.9698873,0.9572436,0.8601311,0.9859584,0.96246684,0.9637562,0.9689556,0.9764932,0.9723357,0.9649305,0.9675493,0.9756576,0.9622012,0.9736035,0.98062235,0.9714344,0.972206,0.9782536,0.9773807,0.9672952,0.97976077,0.9655756,0.96751523,0.9672041,0.97609586,0.9604664,0.9720654,0.9754973,0.9729079,0.97449094,0.9714924,0.9721932,0.9687877,0.97271526,0.97086626,0.9796124,0.9552089,0.97147185,0.5711391,0.936661,0.9738757,0.96182305,0.95974183,0.92618805,0.96077114,0.9747391,0.9802487,0.98361886,0.9709873,0.9806296,0.96295553,0.9727617,0.97980505,0.9754875,0.9819686,0.9608576,0.9785961,0.9688152,0.97147185,0.9543365,0.95815885,0.98209506,0.984095,0.9718979,0.9660652,0.9744169,0.966767,0.9683157,0.9743997,0.9667008,0.96881294,0.9729525,0.98180133,0.9743067,0.97669154,0.97119236,0.9711323,0.9739178,0.78066653,0.98040134,0.86101896,0.9839325,0.97231287,0.9790478,0.96696836,0.985074,0.9739003,0.9681153,0.980609,0.9771431,0.9674967,0.96807176,0.97644645,0.9742338,0.9684663,0.96805614,0.94867384,0.9785376,0.9704804,0.9714948,0.9693455,0.9816136,0.9687536,0.9748844,0.9787441,0.9658404,0.9585124,0.986226,0.9700139,0.9782315,0.9554935,0.96821415,0.9675886,0.96299714,0.9693909,0.96897537,0.96794695,0.9719195,0.9670963,0.9721953,0.9641729,0.97106856,0.97144836,0.97690886,0.9737169,0.9823973,0.9633883,0.986226,0.95998985,0.9735193,0.97119546,0.9790658
ahiddenlifefilm,0.99210304,0.97613335,0.9857866,0.9872962,0.9863172,0.98315823,0.9908353,0.986226,1.0,0.98771495,0.98547757,0.9803836,0.99118763,0.99274516,0.99028116,0.9856618,0.99211186,0.98943067,0.99075276,0.97663766,0.9889639,0.98540974,0.99108815,0.98638743,0.98226386,0.92589223,0.9782646,0.9810858,0.9831919,0.99022156,0.9870535,0.98929775,0.98320013,0.9808395,0.9743005,0.89645195,0.99017024,0.9816782,0.9843201,0.9880401,0.98843,0.987051,0.9768986,0.98289275,0.9901342,0.98053163,0.9916555,0.98509413,0.9835994,0.9870207,0.99052316,0.99039847,0.97954464,0.98742193,0.97794455,0.98560566,0.9848778,0.990848,0.98223567,0.99205554,0.98832613,0.9896089,0.98997325,0.9892454,0.98381686,0.9866471,0.9885074,0.9870527,0.99220383,0.9763534,0.99201936,0.61939996,0.9603822,0.98407966,0.982761,0.97622454,0.9478496,0.9774929,0.9903641,0.9896338,0.9875949,0.9837418,0.9919439,0.9791072,0.98663974,0.9906413,0.9867437,0.9879492,0.9826736,0.9908554,0.9864251,0.99201936,0.96885085,0.97428596,0.9877365,0.9895661,0.98713684,0.9857733,0.98341495,0.9850571,0.97948706,0.9901732,0.982082,0.9844592,0.98460275,0.991787,0.9919431,0.9853984,0.98048896,0.9798385,0.99016076,0.8052935,0.9915064,0.892648,0.9840728,0.9897107,0.99178547,0.98681915,0.9912902,0.98689604,0.985849,0.98922944,0.99118114,0.98227257,0.9874485,0.9879466,0.98443156,0.9877529,0.98532957,0.9722114,0.9901751,0.98581,0.9826807,0.9794072,0.9930164,0.9874089,0.9872454,0.98816574,0.9893332,0.9781184,1.0,0.9876029,0.98441774,0.9751597,0.9848765,0.98758036,0.98254013,0.98230356,0.98566824,0.9846738,0.9879518,0.98531777,0.98438525,0.97573644,0.986324,0.9895119,0.99251944,0.9927303,0.9909356,0.985038,1.0,0.9806275,0.99109614,0.99088687,0.9898966
alitamovie,0.9783583,0.9665751,0.97175294,0.98051685,0.98385274,0.9702025,0.97806376,0.9748369,0.98771495,1.0,0.96601814,0.9584992,0.98368657,0.98079395,0.98108196,0.9701112,0.9867055,0.9830156,0.97859174,0.9669822,0.97841924,0.9814852,0.9777562,0.9741855,0.97850573,0.898603,0.97732615,0.9847024,0.9764442,0.9746966,0.9766469,0.97315216,0.96831024,0.9652166,0.9618705,0.8613887,0.9794177,0.9654973,0.968674,0.97571146,0.9809074,0.97729707,0.9658751,0.97612715,0.9835918,0.9684711,0.9821359,0.9736605,0.9657996,0.9778098,0.9814299,0.9771549,0.98069,0.9677878,0.96966964,0.97998065,0.96678257,0.9741847,0.97783333,0.9813393,0.9769573,0.98082733,0.98927975,0.9739314,0.97415775,0.972278,0.9734653,0.97529995,0.98631185,0.9622354,0.98077697,0.61183107,0.94854605,0.98130524,0.9735242,0.9609176,0.9160044,0.96722865,0.9762687,0.97358334,0.97223073,0.96341443,0.98009145,0.96051055,0.9815951,0.9793167,0.97254086,0.97963816,0.9675795,0.9783735,0.97578406,0.98077697,0.97052896,0.97423625,0.9773434,0.96852475,0.9810232,0.979651,0.975504,0.9684492,0.9621049,0.98724085,0.97447455,0.9727837,0.979174,0.9823275,0.98003584,0.9819939,0.9762398,0.9660463,0.9852127,0.7619874,0.97883624,0.8441186,0.9677696,0.9776307,0.9754025,0.9801421,0.984265,0.9740396,0.97314304,0.97947925,0.98304296,0.9738267,0.97002417,0.9877305,0.9710072,0.9764346,0.98454213,0.9455079,0.9753254,0.9841865,0.9806039,0.9734296,0.9854298,0.97336775,0.9682551,0.9777025,0.97866607,0.9625239,0.98771495,0.9783704,0.9719815,0.9729051,0.9829803,0.971703,0.9574499,0.96608293,0.97899103,0.9759851,0.9718293,0.9671643,0.96278024,0.9679588,0.9770722,0.98187727,0.98032063,0.9799547,0.9798527,0.9717097,0.98771495,0.97378516,0.98719233,0.9733599,0.9748301
angelhasfallen,0.9736399,0.95952046,0.97105396,0.97129947,0.96832263,0.9680602,0.981843,0.9702722,0.98547757,0.96601814,1.0,0.9647393,0.96966636,0.97708154,0.9698636,0.9686339,0.97772807,0.97437036,0.9780391,0.9558324,0.97567123,0.9695625,0.9765107,0.9676982,0.9649643,0.9266655,0.95955676,0.95664096,0.9626845,0.9737787,0.9709349,0.97960794,0.9702162,0.9644674,0.95356977,0.88255733,0.96581703,0.9524891,0.9678272,0.97234434,0.9725796,0.9684578,0.96025217,0.96052027,0.97499776,0.96370554,0.9742117,0.9575473,0.9626242,0.9679938,0.9728838,0.97406477,0.96422553,0.97371083,0.9504166,0.9663742,0.96806777,0.9802865,0.96634716,0.98371416,0.9718962,0.97047883,0.9707802,0.9796098,0.96890837,0.9861599,0.9791052,0.96909565,0.9818193,0.9556597,0.98384774,0.5693829,0.9245339,0.9660174,0.9603962,0.95599705,0.9199891,0.95133847,0.9797125,0.97968835,0.97877395,0.964619,0.9762569,0.961911,0.9630874,0.9755462,0.9773171,0.9725274,0.9769699,0.98106915,0.9718672,0.98384774,0.95439214,0.9653843,0.97078943,0.9846702,0.98137844,0.97008616,0.9648595,0.9711954,0.95843816,0.975023,0.9594565,0.9780252,0.9687128,0.974073,0.9820013,0.96349466,0.95511717,0.96812373,0.9695536,0.8032737,0.98239565,0.8826693,0.97509193,0.97669613,0.9730642,0.96516967,0.9763654,0.97627103,0.9782852,0.9737513,0.96857214,0.9647027,0.97390974,0.97166306,0.9675393,0.97733575,0.9639704,0.9644977,0.98581386,0.96527284,0.9652471,0.95532095,0.98055166,0.9763437,0.9670954,0.97152543,0.9786858,0.9657633,0.98547757,0.9678206,0.9660295,0.95302355,0.9739095,0.97069883,0.9579199,0.9602187,0.97146994,0.962892,0.97897357,0.9733167,0.97482514,0.9596918,0.97574395,0.9819962,0.9730458,0.9776114,0.9761808,0.97701395,0.98547757,0.9655817,0.97982854,0.9765515,0.9759335
angrybirdsmovie,0.976463,0.95290416,0.96494234,0.96857834,0.9569252,0.96812123,0.9705107,0.96847844,0.9803836,0.9584992,0.9647393,1.0000002,0.9720391,0.9676919,0.9675847,0.9793767,0.9656468,0.964752,0.96383643,0.94951224,0.9696053,0.9597469,0.97351325,0.9702111,0.95987064,0.8960939,0.949556,0.95231575,0.965907,0.9769028,0.9595082,0.97697705,0.961085,0.97990316,0.9556753,0.8547666,0.9681922,0.96826833,0.95756423,0.96909714,0.96416867,0.9728257,0.95313895,0.9633272,0.96583027,0.9576449,0.9739044,0.9726278,0.9775061,0.9698218,0.978345,0.9719622,0.97043693,0.97020483,0.9530318,0.9570884,0.9718967,0.9788738,0.95980483,0.9693752,0.96636826,0.9678709,0.9670277,0.9681934,0.9586981,0.97048885,0.9752802,0.96769255,0.96911806,0.9534889,0.9682693,0.56148875,0.9298484,0.9608924,0.97052294,0.9475808,0.9353896,0.94330305,0.973671,0.96621776,0.9692749,0.96253914,0.9751408,0.9657455,0.97983736,0.97532594,0.9624094,0.96655023,0.9624764,0.97206426,0.9638175,0.9682693,0.9455933,0.9428666,0.9779567,0.9720489,0.9704398,0.9661601,0.9633801,0.97040766,0.95292735,0.96281576,0.9728614,0.95783454,0.96101576,0.977392,0.9661242,0.9702726,0.9709271,0.96170765,0.96819896,0.7816889,0.9721672,0.8633413,0.9691453,0.9710127,0.9784456,0.97355175,0.9726384,0.9693032,0.9729652,0.96867216,0.97156054,0.96454275,0.9745368,0.96118295,0.9713296,0.96411663,0.95287675,0.93832535,0.9731895,0.9646453,0.95438504,0.95396787,0.9758111,0.9633507,0.9799709,0.9578628,0.9741584,0.94104517,0.9803836,0.96977824,0.96445805,0.9569511,0.9692629,0.96782774,0.9641835,0.9718835,0.96281683,0.9571723,0.9687434,0.96020836,0.95448166,0.9493197,0.9630912,0.9712412,0.9788604,0.97770447,0.9672014,0.9612802,0.9803836,0.95199984,0.9762207,0.98373896,0.9806812
annabellemovie,0.98404866,0.9655129,0.98193794,0.98040265,0.9810068,0.971496,0.98295337,0.98115927,0.99118763,0.98368657,0.96966636,0.9720391,1.0,0.9848299,0.9840874,0.9835357,0.9862633,0.9806703,0.98316383,0.9747791,0.97942346,0.98040617,0.9817626,0.9831097,0.97333324,0.9151871,0.9739766,0.9771592,0.9788296,0.9895346,0.98035234,0.9780876,0.96748126,0.97214365,0.97370267,0.8786932,0.9824579,0.9788786,0.9730334,0.97769797,0.9785031,0.9815043,0.97495705,0.98110294,0.98086554,0.96993595,0.9844058,0.97915685,0.9720256,0.9827176,0.98423606,0.98111254,0.97722995,0.9735948,0.9738667,0.9820866,0.9830837,0.9814226,0.97947043,0.9816647,0.98387945,0.98327065,0.98670584,0.9785269,0.97597337,0.9740185,0.97969913,0.9752429,0.98200655,0.97063893,0.9803478,0.63533896,0.9563243,0.9807113,0.9691608,0.96793365,0.9367484,0.9712042,0.986415,0.98371804,0.97609556,0.9756906,0.989326,0.97928023,0.98519015,0.98749995,0.9759869,0.99094623,0.9692735,0.98140734,0.9765918,0.9803478,0.9680789,0.97236836,0.98008716,0.9794991,0.97989607,0.9839913,0.98435056,0.9725984,0.96356493,0.98495644,0.98242253,0.9715951,0.9770295,0.98254544,0.98136413,0.9825082,0.9775961,0.970208,0.9846404,0.7770668,0.9772472,0.8750447,0.97588986,0.98161715,0.98204315,0.9792201,0.98783,0.97777563,0.9763726,0.9864288,0.9839997,0.9726712,0.9800394,0.9840667,0.98557377,0.9787676,0.97780603,0.96002686,0.98042434,0.9852748,0.9803159,0.9801678,0.9873147,0.9865988,0.9745041,0.9812511,0.9803237,0.9644723,0.99118763,0.9793867,0.97120816,0.97087765,0.98228896,0.98149264,0.97038573,0.9803532,0.9755323,0.97437346,0.97780645,0.9772012,0.9707731,0.96654207,0.9784806,0.9788875,0.9866246,0.98298156,0.9866274,0.97436833,0.99118763,0.97518826,0.98670965,0.97838247,0.98416245
annamovie,0.9866697,0.9726756,0.9735054,0.9759139,0.9811759,0.97375304,0.9837527,0.98111796,0.99274516,0.98079395,0.97708154,0.9676919,0.9848299,0.99999994,0.98468643,0.97725,0.98466086,0.98555416,0.98542684,0.9789582,0.9814838,0.9726447,0.9880223,0.9762414,0.9722512,0.9144605,0.9683587,0.9799155,0.96443594,0.9833669,0.9813566,0.9802737,0.97703636,0.9637606,0.9702196,0.8946617,0.98725295,0.9803203,0.9800884,0.9792668,0.98288906,0.9752445,0.97191703,0.97581947,0.9851732,0.9752492,0.9892305,0.98373187,0.97439647,0.9785243,0.9733936,0.9824683,0.96902,0.98205113,0.9701294,0.97938025,0.97708255,0.98068047,0.96923226,0.9828798,0.9819731,0.97819173,0.9804779,0.9861067,0.9779294,0.9791434,0.97968465,0.9822557,0.9849738,0.96933854,0.98256195,0.6480413,0.9605176,0.98099583,0.97733325,0.9735278,0.9419879,0.9787217,0.98710513,0.98462135,0.9772912,0.9821181,0.9875273,0.97349125,0.9761059,0.98357415,0.9793084,0.98511314,0.97429127,0.98922443,0.97684723,0.98256195,0.9515495,0.961911,0.9717267,0.98289,0.9783434,0.9827825,0.97424865,0.9859166,0.97329384,0.9864447,0.9706666,0.97287846,0.97978157,0.9780659,0.9882508,0.97939795,0.96922064,0.975046,0.98109484,0.80396247,0.98217833,0.8884474,0.9776988,0.98037434,0.98764545,0.982461,0.98501414,0.9823354,0.976516,0.9759387,0.980994,0.97165316,0.9804984,0.9776822,0.98108166,0.9698832,0.9791155,0.9680847,0.9837614,0.9813907,0.9752698,0.97580904,0.98066217,0.9792717,0.9848334,0.98109484,0.97859365,0.96809804,0.99274516,0.9745604,0.9771532,0.9746718,0.9767625,0.9780137,0.9763997,0.9778306,0.98484236,0.9773647,0.9823359,0.97793067,0.979042,0.974551,0.97977775,0.97835225,0.98695713,0.9823485,0.984738,0.97596264,0.99274516,0.9755368,0.97988814,0.98083705,0.97649866
apollo11movie,0.9837989,0.97461164,0.97240084,0.97475517,0.9751132,0.97059464,0.9813699,0.9813721,0.99028116,0.98108196,0.9698636,0.9675847,0.9840874,0.98468643,0.9999999,0.98538214,0.98291147,0.9814326,0.985667,0.9807626,0.9888713,0.9705744,0.978889,0.97749716,0.9753284,0.91417015,0.9650316,0.9778954,0.97218156,0.98828846,0.98241806,0.98599344,0.9706353,0.9686497,0.9676135,0.887296,0.9884244,0.97633284,0.97707254,0.9820544,0.9804564,0.9840049,0.9794656,0.9793505,0.98139745,0.9675807,0.98164505,0.9779073,0.97158307,0.9843153,0.9761077,0.98507917,0.9617362,0.9787743,0.96427923,0.97358614,0.9739717,0.98086035,0.96705854,0.9805641,0.980109,0.97472125,0.9822502,0.9772954,0.9828908,0.971967,0.98140466,0.9839817,0.98247206,0.96016437,0.98085093,0.6424137,0.94932306,0.97944576,0.9747231,0.96764743,0.9317549,0.967366,0.9757613,0.98068744,0.97989064,0.97820216,0.98166764,0.97967535,0.9733963,0.9817889,0.97885895,0.98004395,0.96786284,0.9852722,0.9724711,0.98085093,0.9612338,0.9619421,0.9778047,0.9827529,0.96970284,0.9732825,0.975114,0.9772628,0.96749675,0.9764353,0.9761765,0.97374874,0.9819426,0.9788061,0.9849576,0.98089314,0.96844155,0.98240966,0.9751808,0.8092802,0.9767382,0.88862056,0.98404735,0.9752087,0.9799708,0.9789469,0.98481226,0.9777933,0.9783794,0.9780946,0.9811827,0.9722959,0.9791461,0.97836405,0.9734445,0.97239923,0.9820673,0.96581626,0.9858792,0.9811106,0.96892214,0.97542053,0.9818939,0.98367536,0.97628266,0.98233354,0.97558546,0.9650034,0.99028116,0.9723353,0.96933234,0.9677496,0.9707976,0.97974265,0.97523415,0.9762143,0.977544,0.9745828,0.9790842,0.98049164,0.97043264,0.9615245,0.9779541,0.9814998,0.98698413,0.986308,0.98614347,0.97115284,0.99028116,0.9681969,0.9803652,0.97825015,0.97734785
arcticdogsmovie,0.98201776,0.9734579,0.97200406,0.9754298,0.96466106,0.97058594,0.97999305,0.97887564,0.9856618,0.9701112,0.9686339,0.9793767,0.9835357,0.97725,0.98538214,0.9999998,0.9811319,0.9723645,0.9777897,0.96759164,0.9813653,0.96523124,0.979584,0.98275185,0.96436334,0.90331846,0.95015776,0.9692916,0.97521716,0.9859274,0.9802753,0.98237824,0.97297263,0.97968566,0.9551836,0.86450976,0.98009616,0.9740807,0.9706528,0.9737948,0.969155,0.9778287,0.9700842,0.97498477,0.97365695,0.96693337,0.9809574,0.9774211,0.971871,0.97970366,0.9795774,0.9799824,0.96744233,0.9778397,0.9563635,0.96964705,0.97555524,0.97731996,0.96751606,0.9766342,0.9763724,0.9708697,0.97614014,0.97259545,0.97455406,0.9734304,0.97952235,0.9721021,0.97922975,0.9656235,0.9747531,0.6212002,0.94772464,0.9739178,0.9701498,0.95276976,0.9396044,0.95770013,0.97703946,0.98102957,0.9780754,0.9740057,0.9852938,0.9776918,0.9757136,0.98385316,0.9676594,0.98270196,0.9656722,0.97735053,0.9628089,0.9747531,0.95305747,0.96451056,0.97963506,0.9793081,0.97176623,0.97150475,0.98187345,0.97685826,0.9621938,0.9714689,0.97618175,0.96294814,0.9708737,0.97870266,0.9788469,0.9824571,0.9780236,0.96960825,0.97163355,0.77881485,0.9729839,0.8731974,0.9781587,0.9763428,0.98013425,0.9725851,0.9835563,0.9772215,0.9764747,0.97677535,0.9767764,0.97071624,0.9809531,0.973779,0.9756798,0.9692676,0.9629915,0.9507199,0.9794521,0.97532314,0.9708402,0.9707533,0.98076946,0.9794732,0.9801404,0.9757027,0.97547984,0.9548731,0.9856618,0.9695918,0.9644855,0.9631799,0.9794043,0.9782222,0.970738,0.97332096,0.9735989,0.96630776,0.97754854,0.9704,0.9615485,0.9518274,0.97031665,0.97449785,0.98825336,0.9833341,0.98271924,0.96498406,0.9856618,0.96397305,0.9831055,0.9803794,0.98086864
arcticmovie,0.9855157,0.97412163,0.97970736,0.9825271,0.977284,0.9759236,0.9868678,0.97819155,0.99211186,0.9867055,0.97772807,0.9656468,0.9862633,0.98466086,0.98291147,0.9811319,1.0000001,0.9833189,0.9848692,0.9717078,0.9819268,0.98212284,0.98397183,0.9830809,0.9780345,0.913277,0.9702832,0.9836,0.98136276,0.98101145,0.9811439,0.98223096,0.9747668,0.9723683,0.96227366,0.87793255,0.9788049,0.96854025,0.979592,0.9801628,0.9777947,0.9840709,0.96890026,0.9843957,0.98146844,0.97133833,0.98501295,0.97843075,0.97444314,0.98526484,0.98441386,0.98150545,0.9746289,0.97317404,0.96816725,0.9828246,0.9780201,0.9850208,0.9807728,0.9892855,0.9806426,0.98397243,0.98761725,0.97807914,0.9783836,0.9798829,0.9769261,0.98071235,0.9869711,0.97486395,0.9869831,0.61766523,0.9585638,0.97965735,0.9739693,0.9751244,0.9355857,0.9735873,0.98645324,0.9774051,0.9792027,0.97533494,0.9866821,0.9707405,0.98396367,0.980729,0.9784224,0.9843841,0.9735087,0.9828449,0.978053,0.9869831,0.9729149,0.98081785,0.97590184,0.98150766,0.98309606,0.9832091,0.9839481,0.97588944,0.9653593,0.99047756,0.9762922,0.9765858,0.97969276,0.985502,0.98685217,0.9830102,0.98149866,0.970654,0.988728,0.77589303,0.98255146,0.8675052,0.97649837,0.9868824,0.9816986,0.97796,0.98204553,0.983042,0.98196435,0.9851465,0.9822252,0.9775426,0.97918195,0.9843,0.9781734,0.9788825,0.98160493,0.96074003,0.9812604,0.9861345,0.9902472,0.97906834,0.9881952,0.9807285,0.9744538,0.9807102,0.987767,0.9735719,0.99211186,0.97697693,0.97814703,0.9741439,0.98323673,0.97961724,0.96820915,0.97068965,0.9832081,0.97973305,0.9816555,0.9769061,0.97606575,0.97090477,0.98025435,0.9859924,0.985103,0.98334026,0.9870642,0.9824699,0.99211186,0.97591627,0.9883555,0.9825317,0.9802215
artofracingmovie,0.97936237,0.97437555,0.97219265,0.9776298,0.98669225,0.97671086,0.98177236,0.9671426,0.98943067,0.9830156,0.97437036,0.964752,0.9806703,0.98555416,0.9814326,0.9723645,0.9833189,1.0000001,0.98471874,0.9714053,0.9872599,0.97570866,0.98583853,0.9742252,0.97599703,0.9047078,0.96826917,0.97392124,0.966532,0.97261417,0.976593,0.9802383,0.976071,0.96446794,0.9623387,0.8998233,0.9761325,0.96596164,0.9756775,0.9823974,0.9781946,0.978441,0.96875465,0.9757211,0.9763607,0.9686056,0.987353,0.96827114,0.9706733,0.97979915,0.9751514,0.9800238,0.9759159,0.9747824,0.9561471,0.9781478,0.97062933,0.98636025,0.97191,0.9848588,0.9742245,0.97364414,0.9826775,0.98223436,0.97539556,0.9773957,0.97453415,0.9847146,0.98061836,0.96512866,0.990358,0.6484599,0.94489646,0.969708,0.97487706,0.9663223,0.92990196,0.9751765,0.9808744,0.9713148,0.9717494,0.97786325,0.9789714,0.96682537,0.97143084,0.9777731,0.9680002,0.97923136,0.9738954,0.9809093,0.97216535,0.990358,0.9618092,0.9691928,0.97159725,0.97924924,0.9734542,0.9805048,0.9668032,0.9779271,0.96371454,0.9817148,0.96425605,0.98189735,0.97255707,0.9763321,0.9860172,0.969021,0.966414,0.9624649,0.9804889,0.8155875,0.9820043,0.8868585,0.97667533,0.97885406,0.97696507,0.9761343,0.9857747,0.97773343,0.9720316,0.97669697,0.976537,0.9748757,0.97094023,0.97600454,0.97314763,0.9754897,0.9778427,0.96267956,0.9840897,0.979189,0.9681822,0.9610175,0.98856324,0.9759374,0.97217155,0.97113526,0.9868274,0.9737982,0.98943067,0.9668998,0.9688749,0.9701339,0.97320664,0.979435,0.9756768,0.9700871,0.9782607,0.97379744,0.9792402,0.9747865,0.9731937,0.9710286,0.97514635,0.98785025,0.98456705,0.9869032,0.983113,0.9823345,0.98943067,0.975048,0.9799938,0.9820448,0.9769375
avengers,0.98837763,0.9652195,0.9796227,0.9781537,0.97993267,0.9805121,0.9781877,0.97602767,0.99075276,0.97859174,0.9780391,0.96383643,0.98316383,0.98542684,0.985667,0.9777897,0.9848692,0.98471874,1.0,0.9754296,0.98106647,0.97772425,0.9811821,0.98039675,0.97292596,0.91998464,0.9671159,0.9763877,0.9729874,0.97846293,0.9866533,0.97324264,0.9757583,0.97054493,0.96682,0.90503675,0.97972697,0.96811956,0.97451115,0.97267866,0.9741396,0.974182,0.96439356,0.968121,0.97755164,0.9665905,0.9830881,0.9717748,0.9681768,0.97326326,0.9805047,0.97419876,0.96339345,0.9741883,0.9619987,0.97243035,0.9721201,0.983706,0.9709494,0.9874578,0.9724858,0.976492,0.97851133,0.9747294,0.96935946,0.9712885,0.9759667,0.97880286,0.986607,0.96521616,0.98467577,0.6391103,0.94391304,0.9777109,0.9824239,0.9623375,0.94464684,0.96938884,0.9799238,0.977419,0.97806823,0.98027,0.9808642,0.98053795,0.97637403,0.9796019,0.98011154,0.98184395,0.97315013,0.9830981,0.96393716,0.98467577,0.95865947,0.9682297,0.97649246,0.9810962,0.9702766,0.9849461,0.9749296,0.98084563,0.96608967,0.97689843,0.9719276,0.97603947,0.9812152,0.98238325,0.9837762,0.9745251,0.9675598,0.96624213,0.9797109,0.8174398,0.9808879,0.9037836,0.981218,0.9777315,0.9801904,0.98130286,0.9810829,0.9733344,0.9650413,0.9771655,0.9783713,0.9721717,0.97030437,0.9775582,0.9794471,0.98417604,0.97872394,0.97407216,0.98326504,0.9767645,0.97071505,0.9687098,0.98341674,0.9765042,0.9722808,0.9750657,0.9832384,0.9680254,0.99075276,0.9741433,0.97332585,0.95911354,0.9732533,0.971989,0.9717167,0.9714647,0.97545797,0.9749989,0.9743902,0.97473407,0.97843564,0.96896094,0.97793835,0.98105067,0.9839653,0.98241884,0.98641455,0.9809153,0.99075276,0.97346455,0.9789173,0.9782809,0.9769013
beachbummovie,0.9768068,0.9638619,0.95840585,0.9566354,0.9573924,0.9549711,0.96955496,0.9596901,0.97663766,0.9669822,0.9558324,0.94951224,0.9747791,0.9789582,0.9807626,0.96759164,0.9717078,0.9714053,0.9754296,1.0000001,0.9705737,0.97594523,0.9778991,0.9592769,0.9578156,0.8916199,0.9513593,0.9730624,0.9612865,0.9774881,0.96086353,0.9625698,0.9543547,0.9530524,0.96056306,0.88624465,0.97579294,0.96802104,0.96489143,0.9662482,0.9622147,0.9696888,0.96046793,0.96779037,0.97023696,0.96573466,0.97929364,0.96024245,0.95435363,0.97113204,0.95950407,0.96640915,0.94916946,0.95951414,0.949641,0.95303607,0.96591634,0.96846795,0.95000225,0.9667146,0.95753175,0.9588598,0.9729134,0.9616147,0.9665132,0.96452945,0.96757615,0.968799,0.9632229,0.9539597,0.9648817,0.6629766,0.93634206,0.9706273,0.9628665,0.95941156,0.919968,0.96706796,0.969484,0.9660319,0.9599198,0.96859455,0.9740653,0.9740583,0.9652004,0.96646744,0.9590924,0.9716048,0.95724994,0.9751796,0.9642039,0.9648817,0.95434636,0.9520221,0.95241374,0.9667835,0.96185845,0.980317,0.9626844,0.97569096,0.95451254,0.96910644,0.9634332,0.953191,0.9690405,0.96493334,0.9792039,0.9699173,0.9508316,0.95952225,0.95936865,0.78157705,0.96339697,0.8832359,0.9658963,0.966827,0.96983457,0.97329247,0.96782064,0.9610332,0.96033955,0.95775586,0.9605502,0.95669234,0.96348554,0.96409035,0.9635312,0.9567839,0.9771184,0.95057803,0.97087395,0.9765799,0.9603244,0.96356124,0.96856123,0.9764345,0.97034615,0.9636768,0.96749914,0.95671874,0.97663766,0.9574451,0.9550394,0.9615067,0.9642937,0.9674614,0.96210194,0.966718,0.97022605,0.9592454,0.9662082,0.9599022,0.95943946,0.95856297,0.96363074,0.9666728,0.9783873,0.971878,0.97588855,0.96626353,0.97663766,0.9512337,0.96612823,0.9699678,0.95509607
bernadettefilm,0.97632843,0.9675188,0.9634107,0.9708487,0.9780672,0.9783267,0.97956675,0.9780369,0.9889639,0.97841924,0.97567123,0.9696053,0.97942346,0.9814838,0.9888713,0.9813653,0.9819268,0.9872599,0.98106647,0.9705737,1.0000001,0.9716603,0.98251826,0.97244537,0.9703164,0.91392326,0.9662193,0.9676897,0.96413404,0.9766184,0.97634757,0.98891354,0.9693457,0.96500385,0.9672638,0.8953771,0.9774016,0.96482855,0.9682113,0.9793386,0.98237514,0.9810932,0.9766674,0.9744755,0.973605,0.96507084,0.98262864,0.973844,0.9738194,0.9805281,0.97391766,0.982794,0.9719743,0.982364,0.9569114,0.9719781,0.97133327,0.9825015,0.9663649,0.9827461,0.98021793,0.9691392,0.9778199,0.97925997,0.9745195,0.9776527,0.98316467,0.9850728,0.9747225,0.96523356,0.9850459,0.624955,0.94194466,0.9699117,0.97311604,0.9600821,0.9225269,0.9643126,0.9814783,0.9776036,0.97996277,0.97366065,0.976585,0.97535604,0.9701563,0.98046386,0.97500575,0.97996616,0.97223175,0.97709554,0.9698981,0.9850459,0.9622735,0.96103483,0.9735728,0.98074746,0.9761943,0.9716168,0.96677965,0.98047715,0.9590622,0.9758135,0.96345425,0.97792673,0.97563404,0.97774994,0.9793239,0.97305846,0.96627796,0.9731218,0.97635275,0.8315657,0.98133826,0.89680433,0.98992056,0.970738,0.9749338,0.9749136,0.98724526,0.9726336,0.9780144,0.9820874,0.97846645,0.97118443,0.97115517,0.9753368,0.97605085,0.9724656,0.97586215,0.96032685,0.9943983,0.9770622,0.9692461,0.9684933,0.9839882,0.97608083,0.975218,0.97643244,0.97733563,0.9671716,0.9889639,0.96461713,0.9652592,0.9633123,0.9684029,0.97775054,0.9739521,0.97387654,0.9728407,0.9692395,0.97294986,0.97292095,0.96796113,0.9556088,0.9756789,0.9865393,0.98551357,0.9888124,0.9807474,0.97640395,0.9889639,0.96923447,0.9790471,0.98029965,0.9775458
