movie,21bridgesmovie,47metersdown,abeautifuldaymovie,abominablemovie,adastramovie,adogsjourneymovie,aftermathmovie,aftermovie,ahiddenlifefilm,alitamovie,angelhasfallen,angrybirdsmovie,annabellemovie,annamovie,apollo11movie,arcticdogsmovie,arcticmovie,artofracingmovie,avengers,beachbummovie,bernadettefilm,blackandbluemovie,blackchristmas,blindedbythelightmovie,bombshellmovie,booksmart,breakthroughmovie,brianbanksmovie,brightburnmovie,brittanyrunsmov,captainmarvelofficial,captivestatemovie,catsmovie,charliesangels,childsplaymovie,clarathefilm,coldpursuitmovie,countdown,currentwarmovie,darkwatersmovie,detectivepikachumovie,disneyaladdin,disneyfrozen,disneymaleficent,doctorsleepmovie,dolemiteismyname,dontletgomovie,doramovie,downtonabbey_official,dumbo,escaperoom,everybodyknowsmovie,fastandfuriousmovie,fightingwmyfam,fivefeetapartfilm,fordvferrari,freaksthefilm,geminimanmovie,glassmovie,gloriabellmovie,godzillamovie,goldfinchmovie,goodboysmovie,goodliarmovie,gretafilm,halathemovie,happydeathdaymovie,harrietfilm,hellboymovie,hersmellmovie,highlifemovie,highstrungmovie,honeyboymovie,hotelmumbaifilm,httydragon,hustlemovie,hustlersmovie,isntitromantic,itmovieofficial,jayandsilentbob,johnwickmovie,jojorabbitmovie,jokermovie,judythefilm,jumanjimovie,justmercyfilm,knivesout,lalloronamovie,lastblackmansf,lastchristmasthemovie,latenightmovie,lighthousemovie,lionking,littlethemovie,littlewomenmovie,littlewoodsfilm,longshotmovie,lordsofchaosmovie,lucyintheskyfilm,mamovie2019,marriagestory,meettheaddams,meninblack,midsommarmovie,midwaymovie,missbalamovie,missinglinkfilm,motherlessbklyn,onceinhollywood,onthebasisofsex,overcomermovie,peanutbutterfalcon,petsematarymovie,piercingmovie,playingwithfire,playmobilthemovie,pomsmovie,queenandslim,rambomovie,readyornotfilm,richardjewellfilm,rocketmanmovie,scarystoriesmovie,secretlifeofpets,serenityfilm,shaftmovie,shazammovie,spidermanmovie,spiesindisguise,starwars,stormboymovie,stubermovie,taosdfilm,teenspiritmov,terminator,theaeronautsmov,thebestofenemies,thedeaddontdie,thefarewell,thehighwaymen,thehummingbirdprojectfilm,theintrudermovie,theirishmanfilm,thekitchenmovie,thelegomovie,themustangfilm,thenightingalefilm,theprodigymovie,thesunisalsoastar,theupsidefilm,tolkienmovie,toystory,triplefrontier,uglydolls,uncutgems,underthesilverlake,usmovie,wavesmovie,whatmenwant,wonderparkmovie,wrinklestheclown,xmenmovies,yardiefilm,yesterdaymovie,zombieland
21bridgesmovie,1.0000004,0.95224184,0.9583657,0.9516875,0.9569222,0.9527448,0.9546534,0.9651676,0.97987777,0.9401255,0.95451516,0.946035,0.96369773,0.9581476,0.9500554,0.96008253,0.96239585,0.95105094,0.97309685,0.93954974,0.9575365,0.95395035,0.95979166,0.95260036,0.95451444,0.93588763,0.9562361,0.94922954,0.9603988,0.95125043,0.9468441,0.95594007,0.949676,0.94763225,0.9540755,0.94553345,0.9595497,0.9694403,0.9630173,0.95828176,0.95363647,0.95181525,0.94881356,0.95142275,0.95594466,0.94860905,0.958329,0.9553762,0.9577366,0.9517226,0.96239555,0.96110755,0.95635396,0.95934325,0.9598566,0.9533397,0.9497355,0.9613562,0.95105356,0.95945543,0.95321906,0.9490997,0.96411276,0.9622821,0.9499345,0.95815444,0.9406888,0.9547784,0.95043164,0.9534891,0.95988435,0.8798262,0.95696735,0.95911837,0.9569506,0.9528244,0.93845063,0.96308386,0.9449963,0.95024383,0.9545323,0.96155965,0.96302956,0.95475143,0.9597042,0.9516839,0.95224345,0.9576816,0.9587807,0.9594535,0.953698,0.95988435,0.95835495,0.9539508,0.9511608,0.9483465,0.9538509,0.9541283,0.95848644,0.95330286,0.947353,0.9545607,0.9520722,0.9570194,0.9504231,0.9650019,0.96051866,0.9582317,0.95039225,0.952082,0.9576104,0.92209524,0.95323706,0.9319979,0.94836843,0.96978563,0.98754036,0.9530663,0.96001923,0.951521,0.9540487,0.9590221,0.9558247,0.94977486,0.958581,0.9539999,0.9512651,0.958551,0.95417726,0.94525385,0.9592096,0.9508771,0.96248364,0.94989,0.96028286,0.9527119,0.97490245,0.95672584,0.96370727,0.958133,0.97987777,0.95621336,0.9489177,0.96398777,0.9507358,0.95479375,0.9524931,0.9554011,0.9546114,0.9757209,0.95575047,0.9543838,0.9552177,0.9603089,0.95807374,0.9558365,0.9536203,0.96389514,0.95302135,0.9573585,0.97987777,0.95295644,0.9580859,0.96033245,0.9558402
47metersdown,0.95224184,0.9999999,0.95682377,0.9585906,0.9459397,0.94159883,0.94850653,0.95029444,0.97187716,0.9422035,0.952182,0.94805425,0.9561991,0.9587604,0.95517087,0.9693837,0.9427334,0.9466653,0.95126027,0.9489471,0.9419147,0.95139784,0.94755256,0.94865805,0.9545987,0.92996866,0.95822364,0.94242984,0.9557339,0.9497957,0.9407751,0.9480794,0.93989056,0.94905114,0.9487528,0.94305545,0.9566806,0.9517657,0.9606202,0.95841026,0.9459962,0.9521531,0.9489159,0.9508757,0.9512094,0.9495348,0.9465549,0.9510405,0.952292,0.95180947,0.96074414,0.9586578,0.9464408,0.94762754,0.95642734,0.9471675,0.9468393,0.9614509,0.9577712,0.9520187,0.9385736,0.9542911,0.9549649,0.9483149,0.94731987,0.9437799,0.9490622,0.95225424,0.9439852,0.94805294,0.95291466,0.8851669,0.9465852,0.95304334,0.94620866,0.9403653,0.92351246,0.953577,0.95092463,0.9447538,0.94698006,0.95472115,0.94881153,0.94508857,0.9618335,0.936752,0.9555342,0.9529256,0.9511824,0.9442132,0.9491374,0.95291466,0.9539263,0.95502657,0.9559256,0.9436636,0.94733566,0.9608254,0.95251256,0.9410463,0.9513761,0.9476436,0.9542161,0.95336103,0.9609056,0.9547006,0.9517793,0.9479035,0.9424559,0.9464431,0.95625025,0.9246131,0.9544397,0.9276924,0.95048875,0.95287234,0.9478756,0.94815516,0.9511226,0.9475176,0.95265865,0.9579971,0.9581202,0.94534624,0.96032774,0.95461875,0.94648534,0.9633739,0.9481564,0.9348151,0.9529509,0.9421242,0.9506138,0.93762714,0.9594519,0.9450803,0.953357,0.94513386,0.9561929,0.95625645,0.97187716,0.9512289,0.9471202,0.95660955,0.9412247,0.9568299,0.9536844,0.94738805,0.94660974,0.95509785,0.95524275,0.94529533,0.95141596,0.93737775,0.95139503,0.95357215,0.9513678,0.9542645,0.95445794,0.946957,0.97187716,0.9376753,0.95409906,0.9561402,0.9516707
abeautifuldaymovie,0.9583657,0.95682377,0.9999998,0.9580675,0.9597391,0.9553422,0.9611218,0.9682165,0.9817394,0.94748944,0.9646416,0.9514458,0.9633044,0.9560833,0.9603804,0.9681064,0.95830905,0.95867777,0.9526504,0.9525161,0.95358217,0.9682542,0.9666783,0.9631582,0.9630954,0.94807243,0.96244085,0.9501348,0.9757789,0.96712023,0.94898874,0.9636878,0.9554953,0.9632533,0.9545098,0.94147044,0.96700805,0.9555187,0.963388,0.96238863,0.95862293,0.9627525,0.9532855,0.9576242,0.9646037,0.95562154,0.96559703,0.9566531,0.96176875,0.95949084,0.9749757,0.9677279,0.9597934,0.9605912,0.96153927,0.95833194,0.9506695,0.9648406,0.9611324,0.96184903,0.95249474,0.95279706,0.9666427,0.9614067,0.96103907,0.9623589,0.95458645,0.96291244,0.961597,0.9598228,0.9649213,0.87395495,0.9652164,0.96121407,0.96122485,0.95539427,0.9338763,0.96028554,0.9522502,0.9533199,0.9567853,0.9644177,0.9674855,0.95306885,0.96649027,0.956012,0.9583061,0.9630304,0.96471226,0.9564518,0.95785594,0.9649213,0.96274984,0.95601094,0.9713042,0.947353,0.96167237,0.96561253,0.9652585,0.95553476,0.9584482,0.951928,0.96676975,0.96330947,0.956133,0.9747811,0.9631261,0.96090865,0.9665338,0.9626614,0.9625579,0.93580586,0.95898485,0.94143826,0.9571659,0.9597436,0.9605819,0.9615586,0.9662484,0.9633171,0.9638378,0.9610579,0.96727973,0.9588457,0.9628052,0.9603397,0.96146345,0.9683873,0.96379435,0.9431905,0.95661485,0.95273143,0.9601153,0.95229614,0.9633191,0.96665365,0.959531,0.9541945,0.9636747,0.9639373,0.9817394,0.9712394,0.95276374,0.96705824,0.9616966,0.9614178,0.949994,0.95915747,0.95392805,0.9579117,0.9600888,0.9746835,0.95982486,0.9378776,0.95875835,0.961325,0.96016645,0.965067,0.95423746,0.9572475,0.9817394,0.95243263,0.95886564,0.9650424,0.9685943
abominablemovie,0.9516875,0.9585906,0.9580675,0.9999998,0.9506212,0.9508942,0.956008,0.9482974,0.97372156,0.9412271,0.94765323,0.94105273,0.9590345,0.9549031,0.9573382,0.9575812,0.9534718,0.9505422,0.9481319,0.949579,0.9514002,0.9533177,0.95883477,0.9550566,0.9558644,0.9412944,0.9516465,0.9462798,0.953105,0.9475714,0.93773824,0.94483244,0.9463343,0.9489643,0.9560087,0.9364902,0.9559801,0.9577184,0.9553127,0.95152706,0.95373726,0.9646981,0.94800097,0.95446616,0.9522569,0.94582564,0.9581677,0.94514143,0.9418156,0.9590486,0.9592844,0.95400906,0.9498538,0.95653844,0.9580029,0.94734794,0.9454825,0.969191,0.9661218,0.9579175,0.94341433,0.96025014,0.9556482,0.95004797,0.9510311,0.9519641,0.9425498,0.952724,0.94610476,0.95980704,0.95928335,0.8624128,0.94446814,0.953833,0.9606327,0.94108045,0.9328267,0.95836,0.95889765,0.9525735,0.9519467,0.9561175,0.95655155,0.95526713,0.95738745,0.9450415,0.96104336,0.9545933,0.95641863,0.9497619,0.9464885,0.95928335,0.95320314,0.95500875,0.9580687,0.9468168,0.9518671,0.95852154,0.95753706,0.9520822,0.9478585,0.94726,0.9423996,0.9545752,0.9491607,0.9598716,0.9574939,0.9485613,0.94749975,0.9431856,0.95151335,0.9266737,0.9585249,0.927669,0.95389885,0.9537099,0.9542613,0.9549006,0.96046144,0.9551888,0.95438606,0.9624672,0.9640446,0.9558467,0.95594317,0.9563161,0.9574396,0.9603939,0.95902526,0.9458005,0.9583437,0.93700933,0.9507204,0.9458558,0.96141195,0.95106447,0.95863885,0.9490599,0.95972294,0.95928997,0.97372156,0.951942,0.9427705,0.9579046,0.9430921,0.9495316,0.94812953,0.958931,0.94785047,0.95124143,0.9504541,0.9566124,0.96101564,0.9308181,0.9481017,0.9570926,0.95120096,0.96053505,0.9599974,0.9576222,0.97372156,0.95234764,0.95896757,0.96040946,0.95330137
adastramovie,0.9569222,0.9459397,0.9597391,0.9506212,1.0000004,0.95976627,0.95059395,0.95775735,0.97662455,0.956693,0.9534625,0.94998616,0.9593847,0.9563508,0.9587819,0.95432484,0.9572664,0.9768478,0.94828176,0.94779474,0.95445967,0.9542711,0.96683574,0.9608578,0.9544583,0.93951726,0.9679338,0.95862,0.95663077,0.95479137,0.9463813,0.94952315,0.9543257,0.9468323,0.9540431,0.9463619,0.96376127,0.9542086,0.9517947,0.95062816,0.9572327,0.9577471,0.9545797,0.95696855,0.9565248,0.953592,0.9634178,0.9508345,0.9478708,0.95477533,0.964441,0.96046495,0.9653932,0.96139467,0.9516024,0.96583503,0.9510385,0.9613039,0.9504465,0.9567515,0.9489787,0.9441967,0.9585139,0.95838505,0.9535226,0.95497453,0.94423825,0.9617191,0.94620496,0.95018244,0.95383656,0.87381274,0.9514147,0.95690703,0.95373416,0.95214987,0.9413555,0.9503659,0.9443337,0.9521517,0.9521692,0.9499151,0.96527034,0.9498522,0.95958674,0.9489625,0.9529318,0.95681834,0.9593658,0.9578633,0.95579183,0.95383656,0.9587529,0.9540352,0.96009797,0.94926983,0.96222574,0.9562405,0.9528898,0.95175004,0.9551229,0.9495653,0.9575564,0.95423704,0.95048195,0.9643434,0.95900786,0.95693827,0.9503759,0.952816,0.9648737,0.94328403,0.9567603,0.9411577,0.95142007,0.95277345,0.95901614,0.9569393,0.95490384,0.9469545,0.9591205,0.9513112,0.95331293,0.9548879,0.955945,0.95599437,0.9503343,0.9585497,0.9726123,0.9374814,0.95438313,0.97002983,0.95905143,0.9497197,0.9567085,0.95328164,0.95528275,0.9436687,0.9591538,0.9588302,0.97662455,0.9557182,0.9433036,0.958991,0.9527307,0.95171267,0.9454718,0.95590943,0.95846343,0.9584628,0.95438755,0.9527003,0.9567822,0.9465247,0.9540682,0.952402,0.9558755,0.9515536,0.9530298,0.95145065,0.97662455,0.9578781,0.9538307,0.96333885,0.9533235
adogsjourneymovie,0.9527448,0.94159883,0.9553422,0.9508942,0.95976627,0.9999997,0.9477426,0.95096827,0.9736247,0.9470655,0.94312215,0.9451072,0.9573968,0.9516614,0.96011376,0.95234877,0.9483665,0.95296437,0.9380311,0.95106,0.945121,0.9554619,0.9614586,0.9570311,0.955265,0.9407918,0.9503759,0.9418902,0.952033,0.95126426,0.93142474,0.95293254,0.94967103,0.9442715,0.94788355,0.9333677,0.960574,0.9527519,0.947054,0.94987833,0.9531544,0.9493281,0.9518721,0.94438475,0.9563887,0.94956434,0.96226627,0.9494738,0.94869304,0.9470357,0.949945,0.95723176,0.96057254,0.95240104,0.9569524,0.9529056,0.9483068,0.9575293,0.95128685,0.95889574,0.9501791,0.95518506,0.9536233,0.95502305,0.9546475,0.950079,0.94708836,0.9497204,0.9426463,0.94759226,0.9576307,0.87560934,0.95025504,0.94788355,0.9515198,0.9462473,0.94042856,0.9520812,0.9447844,0.9607693,0.948131,0.9452214,0.9567479,0.95160526,0.9532855,0.9463485,0.9482688,0.950146,0.9552797,0.9557232,0.9498589,0.9576307,0.95308286,0.9512904,0.9502737,0.9436922,0.9486768,0.94791955,0.95097125,0.9507887,0.94881743,0.9562454,0.9484461,0.95615983,0.9504459,0.9503315,0.95375365,0.9561312,0.9496944,0.954325,0.9568022,0.92503524,0.9515828,0.9318988,0.9436485,0.95115954,0.9562956,0.956229,0.95533997,0.9466039,0.95085,0.9494258,0.9583789,0.97229415,0.94614893,0.9545668,0.96110326,0.9474294,0.95448875,0.9420515,0.9498243,0.94568163,0.9499178,0.94396996,0.9539004,0.9508446,0.95515513,0.95285326,0.9607897,0.9557482,0.9736247,0.94982344,0.9434035,0.95691043,0.9470154,0.9490822,0.9459159,0.9528667,0.9528418,0.9532365,0.9461342,0.9544384,0.9595378,0.93382144,0.9528138,0.95416135,0.9560524,0.9525804,0.95165294,0.9510643,0.9736247,0.9461467,0.959592,0.9643677,0.9508933
aftermathmovie,0.9546534,0.94850653,0.9611218,0.956008,0.95059395,0.9477426,0.9999998,0.9596447,0.97742903,0.9416461,0.9516107,0.94744164,0.9630645,0.9584698,0.95426667,0.95385545,0.95571256,0.9526087,0.94936925,0.94697785,0.94674575,0.94777787,0.96550155,0.9642977,0.96304387,0.93585855,0.95627016,0.9464516,0.9581018,0.94867474,0.94558215,0.95553946,0.948843,0.9492754,0.963053,0.9430239,0.9519029,0.9516521,0.9607743,0.95976394,0.9506396,0.9576376,0.9542171,0.9494013,0.9600539,0.94620144,0.96352744,0.9547385,0.95130426,0.9566995,0.96096885,0.9624617,0.95996344,0.9629167,0.95457184,0.94715095,0.9520112,0.95609975,0.95243436,0.9562745,0.95423263,0.94636124,0.95925194,0.9564613,0.95273554,0.9574663,0.94760644,0.9554416,0.94775,0.9567335,0.9550462,0.88747334,0.9533825,0.9583499,0.95938104,0.9450597,0.9422281,0.95166945,0.951158,0.94958586,0.9498057,0.9717957,0.9594558,0.9509634,0.9624579,0.9520716,0.9478674,0.953331,0.9566942,0.9516841,0.9447489,0.9550462,0.9541926,0.9549978,0.95152885,0.94415987,0.9545947,0.95363927,0.97342306,0.9575288,0.9486146,0.9534314,0.95208377,0.9566592,0.9500291,0.9581482,0.9601513,0.9623862,0.9484346,0.9574035,0.9564429,0.9266922,0.95250845,0.94121027,0.9432307,0.94972193,0.955519,0.95581067,0.959087,0.9876356,0.9582434,0.95454603,0.96199185,0.95122766,0.9633704,0.95877546,0.9589987,0.9567062,0.95638955,0.94794136,0.9530629,0.94378644,0.95321673,0.9486711,0.9572976,0.94601625,0.9606697,0.9501051,0.9578778,0.9608645,0.97742903,0.954283,0.9459516,0.97042876,0.9560055,0.9571633,0.95562375,0.9642351,0.95654714,0.9505243,0.9841946,0.9603375,0.9528056,0.9399856,0.9512408,0.95486295,0.9555203,0.95058453,0.9564828,0.95023674,0.97742903,0.9517848,0.95733696,0.960092,0.9512003
aftermovie,0.9651676,0.95029444,0.9682165,0.9482974,0.95775735,0.95096827,0.9596447,0.9999999,0.980623,0.94637364,0.95807594,0.95007515,0.960747,0.96025395,0.95325255,0.96146333,0.9560911,0.95341384,0.9586632,0.94886106,0.9552881,0.9573162,0.9632141,0.9636265,0.9587517,0.9340305,0.96005225,0.94824725,0.9688639,0.9566526,0.95122296,0.96345794,0.9555978,0.95744616,0.95009845,0.94073975,0.95980734,0.95873564,0.9602525,0.9637172,0.95382285,0.95789057,0.94973344,0.9533695,0.9600044,0.9488474,0.96107256,0.9539571,0.956064,0.9556837,0.97366637,0.9686371,0.9621653,0.95827335,0.9608715,0.9480635,0.95568556,0.9589333,0.952493,0.9634222,0.9546818,0.9410773,0.9615131,0.95771337,0.9538517,0.96046907,0.948897,0.9617088,0.95578736,0.9535183,0.96388155,0.8881436,0.9609002,0.956772,0.96132064,0.95138496,0.9351335,0.9582038,0.94844323,0.9508783,0.9604058,0.959364,0.9663057,0.9510283,0.9634822,0.95689476,0.95616424,0.9581883,0.95809925,0.95981044,0.9534132,0.96388155,0.9581339,0.95566314,0.9594728,0.9503676,0.9573354,0.9628386,0.96068865,0.96186674,0.9461703,0.9479716,0.9564519,0.9574387,0.953989,0.9731251,0.9644607,0.9627361,0.95882857,0.9648199,0.9631123,0.9228646,0.9538839,0.9356264,0.9465609,0.9577048,0.9663968,0.95494646,0.9637509,0.9604861,0.95922786,0.95523894,0.95946467,0.9492103,0.96125203,0.9636083,0.96040845,0.9651775,0.95648915,0.9508,0.9622311,0.9502805,0.95870364,0.9426209,0.9563644,0.954261,0.96743226,0.96005744,0.9636712,0.9582286,0.980623,0.96412903,0.9451598,0.9698794,0.95542365,0.9593599,0.94573754,0.95642537,0.9527848,0.9604898,0.958527,0.9575972,0.95633286,0.9527882,0.95766,0.9592777,0.9609731,0.95778483,0.9579624,0.9521235,0.980623,0.95770025,0.95983034,0.9634777,0.9658487
ahiddenlifefilm,0.97987777,0.97187716,0.9817394,0.97372156,0.97662455,0.9736247,0.97742903,0.980623,0.99999946,0.96420616,0.9748826,0.965883,0.978313,0.9779249,0.97802216,0.97875303,0.9764073,0.974757,0.97303826,0.9683394,0.9731287,0.9746977,0.98232144,0.979114,0.97796685,0.9595983,0.97731024,0.9688942,0.9779921,0.9726421,0.96598047,0.97615373,0.97050464,0.96965665,0.9743085,0.96508974,0.98068327,0.9751919,0.97662824,0.9771861,0.9748627,0.9771122,0.9689946,0.97239083,0.97980267,0.971229,0.98056245,0.9732355,0.97036725,0.9746682,0.9820374,0.9803426,0.97929054,0.9775686,0.97678834,0.9721981,0.97227037,0.98251826,0.9752129,0.98099303,0.97183186,0.96862787,0.9813261,0.97646016,0.9722651,0.9755648,0.96855235,0.9750508,0.9730539,0.97370255,0.9810103,0.8993515,0.97472095,0.9757893,0.9775124,0.9701118,0.95967937,0.9767389,0.96992016,0.9737555,0.9758646,0.97722507,0.9815648,0.97336674,0.978879,0.97068506,0.9744489,0.9762319,0.9788433,0.9774148,0.97181696,0.9810103,0.9764371,0.97601014,0.9761424,0.9689585,0.97460026,0.9776139,0.9795359,0.9764557,0.9721362,0.9714095,0.97501725,0.97974396,0.9708207,0.9810729,0.9823162,0.97737235,0.97330445,0.9731889,0.9788958,0.9474499,0.97582465,0.9588827,0.9690988,0.97715473,0.98058015,0.9747587,0.9816797,0.9765975,0.97580457,0.97729,0.9812671,0.9718771,0.97747946,0.9794044,0.97472,0.9795132,0.9777675,0.96532285,0.9791999,0.9677941,0.97524095,0.96807384,0.9792189,0.97266096,0.9812392,0.971566,0.98225266,0.97906905,0.99999946,0.9757092,0.9692574,0.9836473,0.97039515,0.97455937,0.9710035,0.97717345,0.973565,0.9774389,0.97586143,0.9754146,0.9778337,0.9636297,0.97750115,0.97791815,0.9765473,0.97928905,0.9734926,0.9729163,0.99999946,0.97339875,0.9765459,0.9813921,0.9755849
alitamovie,0.9401255,0.9422035,0.94748944,0.9412271,0.956693,0.9470655,0.9416461,0.94637364,0.96420616,0.9999997,0.9377992,0.9395426,0.94589823,0.954996,0.9477278,0.9478012,0.9454063,0.9582318,0.9397188,0.9439771,0.94629717,0.9463095,0.94659185,0.9567262,0.941955,0.9227453,0.9504535,0.9383458,0.9468866,0.9319743,0.9376631,0.941829,0.9344179,0.9309518,0.93940103,0.9312766,0.9496107,0.9460066,0.94624853,0.9468981,0.9413323,0.9467009,0.9433236,0.9461072,0.946893,0.9376704,0.9438624,0.9461931,0.9319512,0.9449468,0.9559574,0.94635826,0.9536664,0.9530715,0.9437822,0.9551991,0.9462735,0.94880056,0.9396653,0.948225,0.93345964,0.9377565,0.94571614,0.9425926,0.9338651,0.94589144,0.93420637,0.94620353,0.9334267,0.9438849,0.94879824,0.86296326,0.9394893,0.9468813,0.93941766,0.9395799,0.92262316,0.93897367,0.9352653,0.9424409,0.94253,0.9398585,0.95193744,0.93093425,0.9573746,0.9344953,0.94790167,0.9416578,0.95155424,0.9466451,0.93898815,0.94879824,0.94500726,0.94568074,0.95298266,0.9323074,0.9463744,0.9489746,0.94422996,0.9428833,0.9392613,0.9378708,0.94773614,0.9540822,0.96614385,0.95402294,0.9551994,0.94708675,0.93973553,0.94975924,0.9481496,0.92001003,0.9374959,0.92356765,0.93502694,0.9381809,0.9440266,0.93811136,0.9447597,0.941164,0.94940704,0.9371316,0.94442546,0.9382299,0.956107,0.937015,0.9432362,0.9498009,0.9580581,0.9378947,0.94685304,0.94407076,0.9449626,0.9436031,0.9488397,0.93148255,0.94591576,0.92869765,0.95257634,0.94725204,0.96420616,0.95275533,0.9332444,0.95051396,0.93506706,0.94818735,0.93802893,0.94192487,0.94587815,0.94367826,0.94815737,0.94085985,0.94009167,0.9365604,0.94220924,0.9441456,0.9421212,0.9407578,0.94171906,0.9360145,0.96420616,0.947663,0.9479357,0.9398068,0.9496558
angelhasfallen,0.95451516,0.952182,0.9646416,0.94765323,0.9534625,0.94312215,0.9516107,0.95807594,0.9748826,0.9377992,0.99999934,0.9385682,0.9491431,0.954105,0.95150346,0.9581592,0.9486792,0.9477155,0.94915986,0.94986767,0.95133436,0.949936,0.95746005,0.95047116,0.9496775,0.93906397,0.9554567,0.95066667,0.95302117,0.9473615,0.9430687,0.9526507,0.95301485,0.95245606,0.95146465,0.9514801,0.9565039,0.94772434,0.95572406,0.9500078,0.952325,0.94789153,0.94099885,0.9427245,0.95551354,0.9532772,0.95631546,0.94752735,0.9462272,0.94374436,0.96129715,0.9600718,0.9567997,0.95804155,0.95376146,0.94823617,0.9498357,0.9546916,0.95053095,0.94959855,0.9470271,0.93863297,0.95081913,0.95317143,0.9578843,0.96202964,0.94852716,0.95998335,0.967108,0.9481805,0.95463187,0.87629896,0.9579811,0.9542544,0.96367335,0.9441469,0.9335895,0.9514063,0.9452965,0.94249934,0.96768165,0.9501016,0.95952284,0.9477378,0.9577263,0.95219773,0.96309817,0.9521924,0.9554809,0.9458679,0.94125634,0.95463187,0.9531104,0.956151,0.9568,0.9561245,0.95931536,0.9565391,0.9533571,0.94877064,0.95775616,0.9469299,0.9525767,0.95668966,0.9452176,0.96255517,0.9554612,0.9591129,0.95364416,0.9511661,0.9521869,0.93473464,0.95188355,0.9419348,0.94904864,0.9641221,0.9546024,0.95439565,0.962267,0.95848846,0.9517765,0.9621619,0.96006453,0.94272566,0.9506567,0.9538693,0.9513371,0.95605975,0.95437753,0.928282,0.95631564,0.9502031,0.9518732,0.9440591,0.9594756,0.9499628,0.9538437,0.95011276,0.95515454,0.95747316,0.9748826,0.95137125,0.9559493,0.9613355,0.95134175,0.9470071,0.95381737,0.9547075,0.9502763,0.95215976,0.95190907,0.9534302,0.9516312,0.9376679,0.9604396,0.95087534,0.9560253,0.95440936,0.94863725,0.95778763,0.9748826,0.94772047,0.9498858,0.9625773,0.95334315
angrybirdsmovie,0.946035,0.94805425,0.9514458,0.94105273,0.94998616,0.9451072,0.94744164,0.95007515,0.965883,0.9395426,0.9385682,0.9999995,0.95654213,0.93929803,0.9492631,0.94910383,0.9426577,0.94751763,0.9435698,0.9392341,0.9431061,0.9449911,0.944449,0.95007545,0.9486313,0.92714804,0.94789,0.9373402,0.95428777,0.9506337,0.930106,0.94264835,0.93041265,0.946595,0.94149184,0.9267643,0.94225174,0.9414001,0.9417607,0.9464677,0.92588246,0.94732594,0.95010334,0.94448406,0.95339006,0.9382009,0.9463509,0.96020126,0.9445032,0.9460299,0.96546155,0.9494415,0.94482034,0.947044,0.9431734,0.9390084,0.936654,0.94879127,0.9393089,0.95154756,0.93691295,0.935798,0.95074594,0.93637705,0.93901366,0.9369079,0.94203895,0.9381798,0.9352652,0.9365394,0.95245093,0.8813984,0.93320405,0.94224864,0.9421547,0.93928,0.93299913,0.9481573,0.9339952,0.94547355,0.9350544,0.95460737,0.94371367,0.9363387,0.9596731,0.9443452,0.944286,0.9585518,0.94505864,0.93979806,0.9384051,0.95245093,0.94383866,0.94144064,0.9605969,0.9346237,0.9495739,0.9383065,0.9393857,0.94095755,0.93393576,0.9412063,0.94594914,0.9533109,0.9459028,0.96365225,0.951679,0.9433596,0.9542514,0.9457756,0.9537891,0.9294626,0.9410044,0.9227836,0.93524694,0.94043106,0.9426159,0.9433462,0.94395965,0.9451881,0.9435716,0.934645,0.94817907,0.9482584,0.9469798,0.94550204,0.94595176,0.95689934,0.9422028,0.93370163,0.94023246,0.93596363,0.9447311,0.93719405,0.9398244,0.93899184,0.9476342,0.93768734,0.9611003,0.9506279,0.965883,0.94532025,0.93078566,0.95522845,0.9555996,0.9390459,0.93589276,0.9469916,0.9413975,0.9385806,0.94755185,0.9426139,0.9493402,0.9290333,0.942307,0.9461081,0.94075215,0.9561546,0.94429743,0.9401002,0.965883,0.94067657,0.94120413,0.944458,0.95678127
annabellemovie,0.96369773,0.9561991,0.9633044,0.9590345,0.9593847,0.9573968,0.9630645,0.960747,0.978313,0.94589823,0.9491431,0.95654213,0.9999999,0.95272255,0.95675194,0.9630626,0.95658505,0.9531019,0.9562494,0.94602215,0.94675153,0.954648,0.9658126,0.96351993,0.95741326,0.93833816,0.95877224,0.9513779,0.9596965,0.95677066,0.941192,0.95649236,0.95151085,0.9521363,0.9567298,0.9404419,0.9577155,0.9710368,0.9581543,0.9584634,0.95333564,0.9561003,0.9518309,0.9510662,0.9618692,0.9536919,0.9630693,0.95550317,0.95426327,0.9529846,0.9668758,0.95847577,0.9597297,0.95770437,0.9599904,0.9405821,0.9529082,0.96186286,0.9560268,0.96300644,0.9575377,0.95153993,0.97267765,0.9615115,0.9524769,0.95314664,0.9484784,0.95698845,0.9519792,0.9531941,0.9628083,0.8729103,0.9494586,0.95571476,0.95668226,0.94657177,0.93843603,0.9562089,0.94897664,0.9540929,0.9537251,0.96740246,0.96943325,0.950827,0.97149444,0.94725925,0.95968884,0.9754645,0.96170217,0.9531112,0.9523851,0.9628083,0.96057826,0.9573507,0.95775175,0.9458889,0.95922905,0.954669,0.95670545,0.9543662,0.94961363,0.9515715,0.95213413,0.95862794,0.95309174,0.96501523,0.9670771,0.96189374,0.9518094,0.9523463,0.9616329,0.92725724,0.9535154,0.9416771,0.9512901,0.9561897,0.9646993,0.95834726,0.9606972,0.9649707,0.9677089,0.9543785,0.95962507,0.95782304,0.9535563,0.9561501,0.9640671,0.9630735,0.95658183,0.9439271,0.9566994,0.9456574,0.9560832,0.95265865,0.9580188,0.95354503,0.96413213,0.9470587,0.96680015,0.9549529,0.978313,0.958788,0.94840884,0.970715,0.9572741,0.953182,0.9499311,0.96146804,0.9616887,0.95695966,0.9600427,0.957471,0.9580789,0.9401732,0.9509837,0.95761913,0.9609345,0.9630833,0.9536452,0.9541785,0.978313,0.9491074,0.95438,0.9615432,0.9567759
annamovie,0.9581476,0.9587604,0.9560833,0.9549031,0.9563508,0.9516614,0.9584698,0.96025395,0.9779249,0.954996,0.954105,0.93929803,0.95272255,0.9999996,0.95999175,0.95703125,0.95686966,0.9524569,0.9545014,0.9499646,0.94913626,0.9496142,0.9601179,0.96591204,0.9585966,0.93851006,0.9551248,0.94687736,0.9588025,0.9448408,0.9456223,0.95254004,0.94690484,0.94776314,0.9539989,0.9484366,0.96255654,0.955711,0.9555359,0.95661324,0.95882565,0.95405835,0.94993687,0.9555341,0.95514256,0.94822794,0.9575495,0.95175916,0.9488587,0.9565889,0.9605297,0.9601699,0.9589271,0.95742553,0.9544982,0.9552449,0.953132,0.9610158,0.9537925,0.9590064,0.95111275,0.95336,0.95718163,0.9720125,0.9526602,0.9523666,0.9501994,0.9564844,0.95167184,0.9610251,0.9580096,0.88875747,0.95289475,0.9587729,0.9583369,0.94840735,0.9362117,0.95014006,0.9479402,0.95813006,0.95778126,0.9558782,0.95722824,0.94873077,0.95886946,0.9489338,0.9597285,0.95097995,0.96070856,0.96017575,0.94970244,0.9580096,0.95736337,0.95617044,0.95795166,0.95608693,0.95694375,0.95904464,0.96247303,0.9636593,0.9542343,0.95595664,0.95764655,0.9592797,0.96402264,0.9566732,0.9620569,0.95949525,0.9521013,0.9512489,0.9581518,0.9239978,0.95942795,0.93540686,0.946923,0.9546847,0.9595342,0.9515198,0.9552062,0.95407546,0.9569889,0.9588496,0.9605949,0.94914496,0.95540315,0.955275,0.9525365,0.96134,0.95525426,0.9481135,0.95823133,0.9469172,0.954966,0.94657046,0.96373063,0.9478955,0.960747,0.9505961,0.9608078,0.9571863,0.9779249,0.95276076,0.9520425,0.96235335,0.94308954,0.9535715,0.9563482,0.95752984,0.9536475,0.964201,0.95974517,0.95146024,0.96208525,0.94948506,0.95779383,0.9549082,0.95777464,0.9504357,0.9599586,0.9506469,0.9779249,0.9531601,0.9563091,0.96319425,0.9516156
apollo11movie,0.9500554,0.95517087,0.9603804,0.9573382,0.9587819,0.96011376,0.95426667,0.95325255,0.97802216,0.9477278,0.95150346,0.9492631,0.95675194,0.95999175,0.99999994,0.9596695,0.953778,0.9633518,0.94956416,0.97466844,0.9531289,0.95821214,0.9608869,0.9598748,0.9598751,0.94956595,0.95728594,0.94874746,0.96214837,0.9597963,0.9432036,0.95253414,0.9529038,0.95129144,0.9574017,0.9419283,0.96417475,0.955976,0.9557354,0.95282894,0.9630631,0.9591539,0.9577995,0.9580594,0.96315426,0.9535732,0.96040815,0.95324206,0.9503943,0.959017,0.96418405,0.95689607,0.96035075,0.95790094,0.9565555,0.9544576,0.9592867,0.9691356,0.9560794,0.96229154,0.95835316,0.9488632,0.9617862,0.9575948,0.95344394,0.9485084,0.9560304,0.9516935,0.9537931,0.953602,0.96330124,0.88783157,0.953997,0.96275926,0.9557357,0.9515288,0.9468332,0.95669883,0.9502172,0.95611554,0.95009446,0.95730406,0.9592956,0.9514859,0.9623192,0.9548202,0.9542913,0.95299554,0.95943946,0.95702213,0.95740867,0.96330124,0.9575666,0.9562337,0.96313417,0.9662172,0.955598,0.96382815,0.95916367,0.9519239,0.9540878,0.956263,0.95756924,0.96285963,0.95586795,0.9615844,0.9634997,0.95714986,0.9548709,0.95117307,0.9590515,0.93302727,0.96351534,0.93582946,0.9579396,0.9552164,0.95314395,0.9555325,0.96418005,0.95174825,0.95411223,0.9603118,0.9648901,0.9520388,0.9527867,0.9637869,0.95592415,0.961678,0.9615348,0.9455903,0.95823544,0.95200443,0.9503179,0.94854814,0.95989215,0.95611286,0.9545403,0.94624877,0.967817,0.9627404,0.97802216,0.9598618,0.95039886,0.96297646,0.9461098,0.9552591,0.9492396,0.9564848,0.9560424,0.9457482,0.9546107,0.95384204,0.95690846,0.9444589,0.9595754,0.96155906,0.9578331,0.9621891,0.95978695,0.9548087,0.97802216,0.95513046,0.9575862,0.96298504,0.9599262
arcticdogsmovie,0.96008253,0.9693837,0.9681064,0.9575812,0.95432484,0.95234877,0.95385545,0.96146333,0.97875303,0.9478012,0.9581592,0.94910383,0.9630626,0.95703125,0.9596695,1.0000001,0.9551732,0.9525392,0.9549104,0.95401347,0.95438987,0.9588011,0.9599046,0.9545501,0.9611363,0.9340122,0.96498656,0.9481426,0.96319157,0.9604688,0.94586265,0.95684475,0.94834006,0.95130885,0.95093423,0.95049864,0.9659352,0.95830756,0.9576637,0.96372396,0.9509014,0.9633202,0.9537431,0.9590027,0.9601713,0.95115656,0.9550979,0.95923316,0.95122635,0.9599646,0.9633273,0.9664422,0.9586411,0.957369,0.9614267,0.95784295,0.95564574,0.96736485,0.9625891,0.9643959,0.95028543,0.9559778,0.9621162,0.95396185,0.95831233,0.95528877,0.9542396,0.959193,0.9501568,0.9562157,0.9638178,0.8806284,0.96043044,0.9586049,0.95544237,0.95096743,0.9358003,0.9636051,0.951196,0.9569026,0.9552619,0.9587114,0.9592408,0.952321,0.96104634,0.95061266,0.9568461,0.9637201,0.96078837,0.95690745,0.9558426,0.9638178,0.9578107,0.9538235,0.95593023,0.9452333,0.9515356,0.96708804,0.9538266,0.9537558,0.95796657,0.9555554,0.9517254,0.9590277,0.9563534,0.9643948,0.96329856,0.9635154,0.95731336,0.9594364,0.96173173,0.9352235,0.95525765,0.94129395,0.95476985,0.9546634,0.9573179,0.9522826,0.96224046,0.95194566,0.96099305,0.960208,0.9642196,0.9599916,0.96192515,0.95829016,0.95564294,0.96530545,0.95532817,0.9460603,0.95603645,0.9422192,0.95543563,0.9472344,0.96502286,0.9542872,0.96094555,0.9533339,0.9641049,0.96722054,0.97875303,0.9583973,0.952052,0.96644044,0.9563809,0.9638733,0.95439416,0.9548711,0.9584046,0.9612347,0.9557687,0.96636206,0.9593068,0.9449107,0.9553108,0.959303,0.95515275,0.9630212,0.9543422,0.95392776,0.97875303,0.9451315,0.9597103,0.9544158,0.95546705
arcticmovie,0.96239585,0.9427334,0.95830905,0.9534718,0.9572664,0.9483665,0.95571256,0.9560911,0.9764073,0.9454063,0.9486792,0.9426577,0.95658505,0.95686966,0.953778,0.9551732,1.0000001,0.95841205,0.9488642,0.943459,0.9545701,0.9556761,0.9588918,0.9574269,0.95339674,0.93132526,0.9617141,0.9644063,0.9554472,0.9508077,0.94080323,0.9512815,0.9465743,0.94368994,0.9549558,0.94429815,0.9617389,0.9582809,0.9543675,0.9608255,0.95323807,0.95639753,0.94792265,0.95176035,0.96360165,0.94977033,0.9609943,0.94848824,0.9463738,0.9535459,0.9620369,0.9623299,0.9623066,0.95650953,0.9519621,0.95561486,0.9514987,0.9610914,0.9501408,0.96270394,0.9488908,0.94588804,0.961168,0.9552514,0.9579585,0.9514418,0.93964326,0.96006763,0.9475022,0.9564453,0.9632645,0.8684525,0.9535272,0.955668,0.9548406,0.9459539,0.93150073,0.9546155,0.94201493,0.9542399,0.95812607,0.950734,0.96130854,0.95086133,0.9544703,0.9496304,0.9521855,0.95359176,0.95562977,0.9508564,0.9429492,0.9632645,0.95277953,0.95209855,0.9562431,0.94184864,0.9551802,0.954117,0.9557875,0.95437676,0.9512655,0.947849,0.94937795,0.95880544,0.94884455,0.9613103,0.96412677,0.95797795,0.9499968,0.95159787,0.9544011,0.9354912,0.953978,0.9338809,0.948487,0.95706034,0.9648855,0.9492056,0.9586494,0.95250255,0.9529418,0.95865655,0.9581148,0.9506272,0.9600209,0.9532234,0.94767135,0.9559493,0.95885134,0.9470897,0.953077,0.94734627,0.9762673,0.9604902,0.95921344,0.9520285,0.9602392,0.9559525,0.9672612,0.95978415,0.9764073,0.9578957,0.9487019,0.96021533,0.9547442,0.9545429,0.94699717,0.9547919,0.9520974,0.96068436,0.95656425,0.9583512,0.95587915,0.9458347,0.9600675,0.9592528,0.95546067,0.95711595,0.95266324,0.950525,0.9764073,0.95831895,0.9540931,0.9595869,0.95750785
artofracingmovie,0.95105094,0.9466653,0.95867777,0.9505422,0.9768478,0.95296437,0.9526087,0.95341384,0.974757,0.9582318,0.9477155,0.94751763,0.9531019,0.9524569,0.9633518,0.9525392,0.95841205,1.0000004,0.943699,0.95222104,0.94610316,0.9548134,0.9578707,0.9601842,0.9530492,0.942084,0.968053,0.9543857,0.9523136,0.9499444,0.94108206,0.94733953,0.9498991,0.93708813,0.9549417,0.9403058,0.9616578,0.9539748,0.95287293,0.9497947,0.9557945,0.95837826,0.9558893,0.9519932,0.95721483,0.9481724,0.9568924,0.95067394,0.953611,0.95452857,0.9627421,0.95524526,0.95523113,0.9560382,0.9525662,0.9679679,0.95160514,0.9612644,0.9436412,0.961424,0.9489001,0.9385367,0.9572474,0.9484379,0.9486321,0.95369565,0.94249105,0.9531937,0.94499457,0.95334023,0.95637155,0.8804146,0.9510241,0.95573175,0.95511466,0.95080835,0.9391532,0.9535345,0.9441672,0.9498623,0.9548054,0.9522698,0.9600773,0.9416165,0.958009,0.9488148,0.9537319,0.9470156,0.962286,0.96040285,0.94966894,0.95637155,0.95518774,0.9514644,0.95916975,0.9412998,0.96065825,0.9566389,0.95721805,0.9519908,0.9482579,0.951674,0.95823,0.9565003,0.9492949,0.9591922,0.95834416,0.94953704,0.9508625,0.9512725,0.95989597,0.93679434,0.95587,0.94061714,0.9441653,0.9525078,0.9518502,0.9531864,0.9569548,0.9466814,0.9527234,0.9525177,0.953339,0.94740504,0.9532788,0.9520378,0.9539638,0.95746624,0.97504467,0.9435891,0.9538118,0.9635034,0.9570698,0.9495664,0.96080935,0.9501391,0.95085293,0.93719035,0.96302086,0.9651305,0.974757,0.95816517,0.9437156,0.9556966,0.9516662,0.9494386,0.9461739,0.9571904,0.9496567,0.94727725,0.9542093,0.9518054,0.9506194,0.93819314,0.95500106,0.9573088,0.95380324,0.95112544,0.94995016,0.95236003,0.974757,0.96281314,0.9562624,0.9577415,0.95461446
avengers,0.97309685,0.95126027,0.9526504,0.9481319,0.94828176,0.9380311,0.94936925,0.9586632,0.97303826,0.9397188,0.94915986,0.9435698,0.9562494,0.9545014,0.94956416,0.9549104,0.9488642,0.943699,0.9999999,0.94117886,0.94716126,0.9532651,0.95204437,0.95282906,0.9444662,0.92741877,0.9515908,0.93482274,0.95557874,0.9476979,0.96693146,0.9546085,0.9444508,0.9506576,0.95254135,0.94076264,0.9448399,0.9582484,0.95666134,0.947865,0.951068,0.95072573,0.9374935,0.9455805,0.9442086,0.94191694,0.94999295,0.9438677,0.9448894,0.9449159,0.9614745,0.9503108,0.95442635,0.9546001,0.9567295,0.93945515,0.94737166,0.95876676,0.9510799,0.95131564,0.94187117,0.93963695,0.9591585,0.9570376,0.9387407,0.9496832,0.94365746,0.9482089,0.94882023,0.95046353,0.95178884,0.87829,0.94942355,0.9540166,0.9506196,0.9409449,0.930407,0.9486173,0.9419681,0.94016904,0.9460407,0.9577932,0.9594392,0.9501836,0.96209455,0.9431365,0.9462849,0.9527871,0.9571048,0.9485102,0.94367087,0.95178884,0.94055283,0.94858044,0.94720757,0.95260304,0.94494414,0.9495307,0.9526387,0.9460512,0.938073,0.9484376,0.9488996,0.9485706,0.9501862,0.9599351,0.9604026,0.95300066,0.9465041,0.949448,0.9521715,0.9141026,0.94055897,0.9277756,0.9379185,0.95360816,0.9607387,0.9497655,0.95131445,0.9500197,0.95103014,0.94852376,0.95134467,0.9416196,0.94845164,0.95093143,0.9449248,0.9601842,0.9480846,0.94571286,0.9588017,0.9381492,0.95331365,0.9342693,0.95518476,0.94496316,0.9567746,0.94926095,0.9581947,0.9577585,0.97303826,0.9528498,0.9458475,0.95697415,0.9432549,0.951097,0.94702244,0.9538346,0.9496832,0.95641327,0.94847876,0.94295436,0.954425,0.95173913,0.95080024,0.9480433,0.9461596,0.9572519,0.9501685,0.9449718,0.97303826,0.94537497,0.94398075,0.9533082,0.9558381
beachbummovie,0.93954974,0.9489471,0.9525161,0.949579,0.94779474,0.95106,0.94697785,0.94886106,0.9683394,0.9439771,0.94986767,0.9392341,0.94602215,0.9499646,0.97466844,0.95401347,0.943459,0.95222104,0.94117886,1.0000004,0.94780695,0.9597802,0.950284,0.9526235,0.9467181,0.93713397,0.95110345,0.9369605,0.9494549,0.94788545,0.9352221,0.9453319,0.94725084,0.9491732,0.95132065,0.9451333,0.95512044,0.9522544,0.951258,0.9427481,0.9565181,0.95445716,0.9467831,0.9504696,0.9501966,0.94787866,0.9483118,0.94370943,0.94183385,0.9527384,0.9573368,0.9503816,0.95230883,0.95174015,0.9467814,0.94286686,0.9499506,0.9562504,0.9462934,0.9579912,0.94314075,0.94330025,0.9487301,0.94396544,0.94500154,0.9430609,0.9488123,0.95276123,0.9335279,0.94711643,0.9583271,0.8824699,0.94858605,0.9525209,0.9502656,0.9435142,0.9397423,0.9484389,0.9443648,0.9461769,0.9486795,0.9424501,0.94855326,0.94552344,0.95214987,0.94332445,0.94655484,0.94643396,0.95849454,0.94712394,0.95030797,0.9583271,0.9473182,0.95315254,0.95613146,0.9545014,0.9440588,0.96893996,0.9459239,0.94689023,0.94647044,0.95183074,0.9462864,0.9555979,0.94247264,0.95506126,0.95295715,0.95018226,0.9455419,0.9504838,0.95041084,0.9332916,0.95266694,0.9382118,0.94881564,0.94278854,0.94395936,0.9521659,0.9567501,0.9419536,0.9474914,0.95254004,0.95434785,0.9417868,0.9457844,0.95251286,0.95151997,0.95710933,0.9571678,0.93049556,0.9470629,0.9434422,0.9427756,0.94058317,0.95057404,0.9424869,0.9445556,0.94146204,0.96181935,0.9587262,0.9683394,0.95348114,0.94337857,0.9530808,0.935665,0.949888,0.94786966,0.95110995,0.9482823,0.9370808,0.94811434,0.9466287,0.9445404,0.92898,0.9511458,0.95780605,0.9466543,0.9529821,0.9548854,0.95021796,0.9683394,0.94905293,0.951469,0.95302284,0.9525959
bernadettefilm,0.9575365,0.9419147,0.95358217,0.9514002,0.95445967,0.945121,0.94674575,0.9552881,0.9731287,0.94629717,0.95133436,0.9431061,0.94675153,0.94913626,0.9531289,0.95438987,0.9545701,0.94610316,0.94716126,0.94780695,0.9999998,0.9547709,0.9518873,0.9548797,0.9478407,0.9367138,0.9525344,0.9500592,0.95435506,0.9462427,0.93701905,0.9498144,0.94934624,0.9466205,0.94582045,0.9412854,0.95702195,0.94970596,0.94851285,0.9473108,0.952645,0.95334184,0.94476575,0.9472196,0.95254934,0.9423431,0.95092344,0.9519425,0.9318418,0.9533507,0.9596417,0.95377254,0.9538942,0.95544547,0.9421135,0.94912136,0.94516456,0.96229917,0.9512761,0.9538558,0.94877553,0.9478899,0.9495915,0.9469017,0.9467808,0.9512362,0.94554484,0.94976616,0.9505166,0.94586277,0.95566934,0.8648694,0.94970596,0.95165837,0.9522997,0.9395976,0.93339527,0.956543,0.9494966,0.9445826,0.94958085,0.9477357,0.95662385,0.95126617,0.95038956,0.9483624,0.95238954,0.95146525,0.9525529,0.94822305,0.9505383,0.95566934,0.9521479,0.9433266,0.95840836,0.94541323,0.9494545,0.95727646,0.95317245,0.9494329,0.9461988,0.94332975,0.9488262,0.95531064,0.9434161,0.96339893,0.95590883,0.9532752,0.9488696,0.9461192,0.9503375,0.9282534,0.95331097,0.9288499,0.95837134,0.9572996,0.9592309,0.9437957,0.95814216,0.9471886,0.9498257,0.95636564,0.95259297,0.93884104,0.9582938,0.9476635,0.946542,0.9573259,0.95469457,0.93340385,0.96824324,0.9446827,0.954661,0.9453024,0.9555997,0.9432032,0.95548826,0.94968116,0.9561358,0.9487792,0.9731287,0.9535384,0.9395485,0.9569505,0.9434331,0.949635,0.94098854,0.94763273,0.9475352,0.9500172,0.9467076,0.9468287,0.95342994,0.943979,0.95629185,0.9500754,0.9481055,0.9612196,0.9444017,0.9535671,0.9731287,0.9519214,0.95472926,0.95270103,0.954527
