movie,21bridgesmovie,47metersdown,abeautifuldaymovie,abominablemovie,adastramovie,adogsjourneymovie,aftermathmovie,aftermovie,ahiddenlifefilm,alitamovie,angelhasfallen,angrybirdsmovie,annabellemovie,annamovie,apollo11movie,arcticdogsmovie,arcticmovie,artofracingmovie,avengers,beachbummovie,bernadettefilm,blackandbluemovie,blackchristmas,blindedbythelightmovie,bombshellmovie,booksmart,breakthroughmovie,brianbanksmovie,brightburnmovie,brittanyrunsmov,captainmarvelofficial,captivestatemovie,catsmovie,charliesangels,childsplaymovie,clarathefilm,coldpursuitmovie,countdown,currentwarmovie,darkwatersmovie,detectivepikachumovie,disneyaladdin,disneyfrozen,disneymaleficent,doctorsleepmovie,dolemiteismyname,dontletgomovie,doramovie,downtonabbey_official,dumbo,escaperoom,everybodyknowsmovie,fastandfuriousmovie,fightingwmyfam,fivefeetapartfilm,fordvferrari,freaksthefilm,geminimanmovie,glassmovie,gloriabellmovie,godzillamovie,goldfinchmovie,goodboysmovie,goodliarmovie,gretafilm,halathemovie,happydeathdaymovie,harrietfilm,hellboymovie,hersmellmovie,highlifemovie,highstrungmovie,honeyboymovie,hotelmumbaifilm,httydragon,hustlemovie,hustlersmovie,isntitromantic,itmovieofficial,jayandsilentbob,johnwickmovie,jojorabbitmovie,jokermovie,judythefilm,jumanjimovie,justmercyfilm,knivesout,lalloronamovie,lastblackmansf,lastchristmasthemovie,latenightmovie,lighthousemovie,lionking,littlethemovie,littlewomenmovie,littlewoodsfilm,longshotmovie,lordsofchaosmovie,lucyintheskyfilm,mamovie2019,marriagestory,meettheaddams,meninblack,midsommarmovie,midwaymovie,missbalamovie,missinglinkfilm,motherlessbklyn,onceinhollywood,onthebasisofsex,overcomermovie,peanutbutterfalcon,petsematarymovie,piercingmovie,playingwithfire,playmobilthemovie,pomsmovie,queenandslim,rambomovie,readyornotfilm,richardjewellfilm,rocketmanmovie,scarystoriesmovie,secretlifeofpets,serenityfilm,shaftmovie,shazammovie,spidermanmovie,spiesindisguise,starwars,stormboymovie,stubermovie,taosdfilm,teenspiritmov,terminator,theaeronautsmov,thebestofenemies,thedeaddontdie,thefarewell,thehighwaymen,thehummingbirdprojectfilm,theintrudermovie,theirishmanfilm,thekitchenmovie,thelegomovie,themustangfilm,thenightingalefilm,theprodigymovie,thesunisalsoastar,theupsidefilm,tolkienmovie,toystory,triplefrontier,uglydolls,uncutgems,underthesilverlake,usmovie,wavesmovie,whatmenwant,wonderparkmovie,wrinklestheclown,xmenmovies,yardiefilm,yesterdaymovie,zombieland
21bridgesmovie,0.99999964,0.9588142,0.95903265,0.9568537,0.9616566,0.9567399,0.9680525,0.95671254,0.9801866,0.95370173,0.95267695,0.94414264,0.96588254,0.96086854,0.9609545,0.960508,0.95645374,0.9593725,0.983706,0.9532819,0.95787805,0.960282,0.96186703,0.96417844,0.95159924,0.92948884,0.95344955,0.9478162,0.9528914,0.95525557,0.97133976,0.95783895,0.95568544,0.9564838,0.9642188,0.9312327,0.9669704,0.97097194,0.9612618,0.951541,0.9625692,0.95363814,0.9508191,0.958899,0.96797854,0.9582953,0.95788467,0.95909,0.94918287,0.9520488,0.960601,0.9664337,0.95545983,0.96060187,0.9491964,0.95334435,0.95804465,0.9561167,0.9661407,0.9706439,0.95903844,0.9625924,0.96421987,0.96091366,0.96079814,0.95604724,0.9601585,0.9592113,0.9552672,0.95347035,0.969359,0.8026166,0.9530013,0.9521216,0.9487713,0.953586,0.9349256,0.95919716,0.9604068,0.9519607,0.9525294,0.962114,0.9575944,0.95821625,0.9681407,0.9613503,0.95752156,0.9597993,0.96228313,0.9655523,0.9617314,0.969359,0.9553518,0.9524944,0.960964,0.9518327,0.9529612,0.9651712,0.9600429,0.96103257,0.9604447,0.9586248,0.9525913,0.958871,0.96252024,0.9597794,0.96100575,0.96376705,0.9389119,0.9499762,0.95915127,0.8702311,0.96157986,0.92992425,0.9594449,0.96690947,0.98853385,0.95609754,0.9676653,0.963954,0.95836306,0.9611688,0.9599361,0.9518893,0.9577496,0.96594167,0.96442044,0.9508754,0.9502041,0.95835257,0.96011513,0.94706845,0.9581821,0.9586213,0.95843506,0.9573995,0.9734548,0.9621062,0.9646959,0.9610583,0.9801866,0.9578904,0.96178585,0.9539672,0.9461364,0.9551555,0.95127004,0.96012855,0.961067,0.97233,0.9641755,0.9630507,0.9542728,0.95667064,0.95710367,0.96489775,0.95725524,0.9589314,0.95116943,0.9554392,0.9801866,0.9490761,0.9664791,0.95525926,0.9651868
47metersdown,0.9588142,0.99999994,0.9484861,0.9554639,0.95864105,0.9563562,0.96404624,0.9530767,0.97243226,0.9432239,0.94187516,0.9367348,0.95782036,0.95574075,0.96043503,0.9614816,0.95519465,0.95169663,0.9618596,0.9498668,0.95654106,0.9431642,0.95064354,0.95947105,0.9551302,0.93604726,0.9465437,0.9506884,0.94044024,0.9489871,0.9567447,0.9497132,0.94732994,0.9533746,0.9570205,0.9343201,0.95872027,0.9541674,0.95580006,0.9472348,0.9568074,0.9518822,0.9478818,0.95485896,0.95503455,0.95474523,0.9463882,0.950964,0.94387525,0.94940126,0.9465242,0.9584867,0.9540424,0.9491017,0.9462711,0.951302,0.94002986,0.94862235,0.954979,0.9598205,0.9566841,0.9555718,0.9572343,0.96275055,0.95494413,0.95309,0.95081586,0.9559734,0.94927216,0.9444122,0.9603946,0.811434,0.9464466,0.95232624,0.94318414,0.94229555,0.9286103,0.9496608,0.9534072,0.9456366,0.93928665,0.951302,0.9557787,0.9519795,0.9542079,0.948676,0.9513217,0.9570702,0.95639235,0.9578063,0.9525779,0.9603946,0.9495663,0.95295995,0.95121795,0.9436747,0.9508456,0.95650905,0.9468713,0.950401,0.9543276,0.9589876,0.948459,0.94776756,0.9574661,0.94818836,0.9474831,0.9566959,0.92676276,0.9473276,0.95592755,0.8734233,0.9512859,0.92670506,0.9555247,0.946883,0.95879334,0.94257545,0.9538739,0.95904803,0.959376,0.95522135,0.9521774,0.9455745,0.947322,0.95464534,0.95801264,0.93483335,0.9407949,0.95033175,0.9471523,0.9387673,0.9488035,0.955282,0.9452843,0.95270973,0.9531918,0.9550588,0.9559496,0.95161724,0.97243226,0.9453136,0.95683914,0.9517686,0.9433195,0.94672143,0.9413967,0.95404255,0.9611489,0.9489851,0.95181453,0.9553947,0.94983655,0.9426504,0.9528795,0.95660985,0.95345145,0.95536625,0.94898945,0.94817156,0.97243226,0.9440725,0.9601439,0.94168204,0.9500746
abeautifuldaymovie,0.95903265,0.9484861,0.9999999,0.95506144,0.95941514,0.9542138,0.96204257,0.9526203,0.9782124,0.94781,0.9569135,0.95833904,0.9586107,0.96270573,0.97042465,0.9628916,0.9555256,0.95250714,0.96072394,0.9504831,0.9523452,0.96335536,0.9612659,0.95695615,0.9621275,0.92641926,0.9605918,0.94788355,0.97415704,0.9527906,0.9566244,0.96003413,0.95461994,0.96447974,0.9551765,0.9258555,0.96333516,0.95555717,0.95808697,0.9527833,0.9552062,0.95388114,0.95664173,0.96024394,0.9675225,0.95526403,0.95836204,0.96111083,0.9522676,0.9574298,0.9751261,0.96317804,0.95228773,0.95730585,0.9517173,0.9472543,0.9573409,0.95850116,0.9630572,0.95453125,0.957749,0.9539239,0.96304184,0.95512587,0.95665485,0.95101404,0.96100706,0.95938396,0.94842935,0.94935375,0.9527965,0.82408136,0.9491946,0.9604026,0.93859714,0.9588396,0.9430985,0.9555,0.9497595,0.9469229,0.9491869,0.9585683,0.95301133,0.94933933,0.9697767,0.94550616,0.95799387,0.9552334,0.95554876,0.9610634,0.95844865,0.9527965,0.9581779,0.95470405,0.9665429,0.95184207,0.95039403,0.9562875,0.95186985,0.96120656,0.95312166,0.9528226,0.9634614,0.95398414,0.9451224,0.97022,0.9598603,0.94833755,0.96996194,0.95339286,0.9585379,0.8755097,0.96185935,0.92096156,0.96291715,0.9473887,0.9613889,0.9486412,0.9624042,0.96107095,0.95040107,0.9563972,0.9617536,0.9492009,0.9534369,0.96402484,0.95549214,0.9559705,0.94763446,0.9492282,0.9551111,0.9456431,0.96383554,0.9552267,0.95826477,0.95697874,0.9569684,0.9573098,0.9542215,0.9515637,0.9782124,0.9751712,0.95745564,0.9459993,0.95658076,0.9533348,0.9504335,0.9533517,0.95026445,0.94996077,0.96010965,0.97889316,0.9532612,0.95310694,0.9479634,0.95574445,0.9574544,0.9387187,0.94339913,0.9572389,0.9782124,0.9527424,0.96166205,0.94940215,0.96865195
abominablemovie,0.9568537,0.9554639,0.95506144,0.99999994,0.9589141,0.9497837,0.960819,0.9626313,0.9752369,0.9533035,0.94891405,0.9519725,0.96286684,0.9543812,0.9627476,0.95822775,0.95973504,0.95982033,0.95732975,0.95330215,0.96072245,0.9522261,0.95620203,0.96122855,0.9618776,0.93142253,0.95274013,0.949144,0.950918,0.95697254,0.96188974,0.9545197,0.94648355,0.9620609,0.9599778,0.9350849,0.9577307,0.9647471,0.9545225,0.94646066,0.95043933,0.95497936,0.9404024,0.95658654,0.9534168,0.944797,0.9483467,0.9571876,0.9528752,0.9505437,0.9579511,0.96489364,0.9615232,0.95067644,0.946231,0.9520043,0.94451064,0.9536689,0.9675673,0.95917845,0.9532729,0.9668151,0.9618651,0.95525163,0.95037854,0.95522505,0.956825,0.9581323,0.95021236,0.9448073,0.95604473,0.81332946,0.95011973,0.95858896,0.9614834,0.9422745,0.9319134,0.94327956,0.9508194,0.9466448,0.94309217,0.96161306,0.9571735,0.9506709,0.9612349,0.9465698,0.9524236,0.96115977,0.94878656,0.96071017,0.9598109,0.95604473,0.9505497,0.9492937,0.9505953,0.9579839,0.9490832,0.95534766,0.9487077,0.95988023,0.94894457,0.9516484,0.94952995,0.9461677,0.9496353,0.95675004,0.95264786,0.95259047,0.94785327,0.9536204,0.95515454,0.8862914,0.9506063,0.9395679,0.9558779,0.9469378,0.9626228,0.95556706,0.95703536,0.94936013,0.9539147,0.95394975,0.9573059,0.9542537,0.95050114,0.95193315,0.962164,0.94980407,0.940963,0.9484573,0.95702165,0.9346144,0.95492643,0.9516236,0.9565471,0.9633219,0.9646414,0.9525776,0.9513107,0.95568335,0.9752369,0.9566451,0.95277053,0.9417516,0.94540644,0.9501013,0.95037353,0.96154016,0.9580816,0.9640286,0.9498112,0.9598176,0.95278656,0.9380364,0.9453813,0.9567555,0.9574887,0.947785,0.9560592,0.9570929,0.9752369,0.9448143,0.9541667,0.9503034,0.95264477
adastramovie,0.9616566,0.95864105,0.95941514,0.9589141,1.0000004,0.96352804,0.96944547,0.9706955,0.98255855,0.96016085,0.9652466,0.95467925,0.96221995,0.972633,0.97060037,0.9693818,0.96423024,0.9804828,0.9636545,0.9569069,0.9643119,0.9575292,0.96626663,0.96668816,0.96879846,0.9335217,0.9636594,0.9605035,0.95984805,0.96167624,0.9603508,0.96198785,0.9579685,0.96124697,0.95748186,0.92533916,0.97050077,0.95740676,0.96589726,0.9620498,0.96327037,0.96172863,0.9533292,0.961492,0.96850806,0.968213,0.9618324,0.9519495,0.95643127,0.9552188,0.9618722,0.9690167,0.96670574,0.9578126,0.95937496,0.9800119,0.96438354,0.962781,0.9605647,0.96002275,0.961372,0.9619501,0.96731055,0.96606034,0.9575995,0.96176714,0.9665739,0.9673698,0.96441287,0.95800036,0.9670741,0.81681365,0.9523828,0.958602,0.9583649,0.9625269,0.9447846,0.9591923,0.95734686,0.954195,0.95620495,0.9600841,0.96302557,0.95951617,0.9611069,0.9596599,0.9613164,0.962927,0.96360874,0.96189034,0.95958716,0.9670741,0.953602,0.965148,0.96483606,0.950339,0.9612037,0.96364385,0.96320796,0.9637885,0.9614771,0.96390134,0.96049225,0.9601331,0.95769745,0.9638185,0.961028,0.9645429,0.94415617,0.9591584,0.9691684,0.86858994,0.96423024,0.9384625,0.9706367,0.9596452,0.96058834,0.96153325,0.9703084,0.96279204,0.95965743,0.96063,0.9679256,0.95804703,0.9622969,0.96262115,0.96014434,0.95686895,0.9671021,0.9516912,0.96746224,0.96600175,0.9643003,0.96455574,0.96236485,0.9614157,0.96172774,0.9601464,0.96327806,0.95921445,0.98255855,0.9621615,0.9626797,0.96070313,0.95451295,0.95996946,0.95042306,0.9622374,0.9666222,0.9559293,0.9647341,0.96071076,0.95639527,0.94127053,0.9582172,0.9652665,0.9663532,0.95935696,0.9606072,0.96049154,0.98255855,0.95632,0.962652,0.95561856,0.96265024
adogsjourneymovie,0.9567399,0.9563562,0.9542138,0.9497837,0.96352804,0.9999999,0.9652835,0.9644609,0.97909075,0.9437462,0.94661546,0.95203525,0.95664525,0.9629415,0.96323603,0.9600019,0.95337063,0.96007085,0.9613946,0.9530214,0.9564667,0.9512203,0.9738246,0.96663547,0.96061635,0.94240725,0.95602155,0.94821024,0.9533248,0.9604595,0.9596141,0.95518196,0.960035,0.95206225,0.9585273,0.9438097,0.95223945,0.95853895,0.9630939,0.94813365,0.9607287,0.95175546,0.9552878,0.95486176,0.9624896,0.9629568,0.9660513,0.94565266,0.95291626,0.9533692,0.95616084,0.95826954,0.9629343,0.95048416,0.9567614,0.95677364,0.95191544,0.9529486,0.9477166,0.9544033,0.9563168,0.9567056,0.96057385,0.95733833,0.9562566,0.95347124,0.96090424,0.9580823,0.9590048,0.9574432,0.9586202,0.8358981,0.9584576,0.9474294,0.9492059,0.9511762,0.9472264,0.94769907,0.9432644,0.96158123,0.95095104,0.9535179,0.9584328,0.95373744,0.9605268,0.9512021,0.95176566,0.95961994,0.9594823,0.95772856,0.9592318,0.9586202,0.9553534,0.95582855,0.9534571,0.94731015,0.95349145,0.96356297,0.958926,0.9669367,0.95696485,0.96691024,0.95582044,0.9572573,0.96034086,0.95648634,0.9544082,0.95805997,0.937191,0.9543509,0.9595194,0.889791,0.95919174,0.92860717,0.9592219,0.9495281,0.95923996,0.9583984,0.96107525,0.9625093,0.95660144,0.95784247,0.9614375,0.9719468,0.9507467,0.95889777,0.96567833,0.9564495,0.94999045,0.9469698,0.9626627,0.9534915,0.95356333,0.9491996,0.9580308,0.9609442,0.9519872,0.94979185,0.9610329,0.96150744,0.97909075,0.95548195,0.96121836,0.9543037,0.95473975,0.95158,0.9476924,0.9596439,0.9601977,0.9536976,0.95968395,0.9550649,0.9583386,0.93525,0.9438075,0.9620105,0.9696557,0.9540779,0.95208687,0.9512867,0.97909075,0.94580495,0.9655337,0.96368235,0.9594597
aftermathmovie,0.9680525,0.96404624,0.96204257,0.960819,0.96944547,0.9652835,0.99999934,0.96933746,0.9821833,0.95817673,0.95121443,0.9501408,0.96342623,0.97199637,0.9686889,0.96194017,0.96936864,0.96172297,0.9666718,0.95736325,0.9628403,0.9575463,0.96677876,0.9676962,0.9668571,0.9321213,0.9563969,0.9550983,0.9536241,0.9593322,0.9676837,0.9621315,0.9671094,0.9559505,0.9624524,0.9271176,0.9658921,0.96883637,0.96373284,0.96053326,0.9614805,0.95651615,0.95926636,0.9633437,0.96501476,0.9623171,0.9598486,0.9622993,0.9586903,0.95856714,0.9614534,0.9722843,0.9659851,0.95409596,0.9637294,0.9599679,0.956866,0.95925844,0.96397936,0.96243775,0.9592101,0.967287,0.9631718,0.965506,0.96432143,0.9545783,0.9692682,0.9655288,0.9619225,0.9535483,0.9662178,0.820491,0.9535369,0.95906836,0.95978147,0.95918787,0.93925613,0.9614139,0.95979625,0.9534464,0.95437026,0.9748467,0.96225774,0.9588644,0.9643135,0.95454335,0.9595012,0.9649465,0.9568395,0.9678037,0.9594856,0.9662178,0.95480597,0.9530943,0.9621513,0.947041,0.96135527,0.9658507,0.9755995,0.965965,0.95876825,0.9622436,0.9570688,0.9583009,0.9639024,0.9637755,0.9617256,0.95936954,0.9437119,0.95394194,0.96059716,0.87582064,0.9598251,0.92746776,0.96322876,0.9602833,0.9697202,0.95834845,0.97121763,0.98979545,0.9532336,0.96125805,0.96940196,0.9592786,0.9599376,0.96345186,0.9660606,0.95166916,0.9500908,0.9574357,0.9678503,0.9464411,0.961979,0.9583283,0.95987046,0.9592705,0.9618803,0.9612187,0.9651323,0.96077096,0.9821833,0.961839,0.9621668,0.95384955,0.94827545,0.9619435,0.95343393,0.96528083,0.96366656,0.96262014,0.98410225,0.9688998,0.9610804,0.9477158,0.954504,0.9665298,0.9627242,0.96101564,0.95955366,0.96202505,0.9821833,0.9580439,0.9703404,0.9611119,0.9644922
aftermovie,0.95671254,0.9530767,0.9526203,0.9626313,0.9706955,0.9644609,0.96933746,0.99999964,0.98192525,0.95839435,0.959133,0.9575958,0.9653031,0.9676523,0.96547633,0.96463233,0.9662721,0.97080433,0.96145016,0.9565759,0.9599082,0.9565662,0.9663483,0.971861,0.96403366,0.9309132,0.9571597,0.9552939,0.95700634,0.96452606,0.96442115,0.96075296,0.9594242,0.96473455,0.9592461,0.9308427,0.9648254,0.9596373,0.9687435,0.96086365,0.9592973,0.95899993,0.9532169,0.96341324,0.9655833,0.95951957,0.96299154,0.9507879,0.9619739,0.9581002,0.96317446,0.96996975,0.9627079,0.95291126,0.9669171,0.96920615,0.9610386,0.9579006,0.9594007,0.96293986,0.96130043,0.9671181,0.9625918,0.9580644,0.9602752,0.9550411,0.9634412,0.96575797,0.95902973,0.9551387,0.96524847,0.8354034,0.96247864,0.9582375,0.95646787,0.961318,0.94280064,0.9545342,0.96084857,0.9570028,0.95779455,0.96128994,0.9640808,0.9528973,0.9658234,0.959311,0.95952266,0.9652617,0.9545131,0.96539176,0.9668034,0.96524847,0.96195585,0.95807844,0.9624714,0.95105225,0.9525495,0.9582622,0.9612805,0.9678273,0.9629194,0.9581045,0.9592006,0.95995903,0.95876336,0.96549493,0.956386,0.9677299,0.94261575,0.9579694,0.9700103,0.8807925,0.95779556,0.92452925,0.9613461,0.9558967,0.9571395,0.95560926,0.96729326,0.96247697,0.96219015,0.96271706,0.965757,0.9610384,0.96261024,0.9597865,0.9650473,0.95908576,0.95997095,0.95060545,0.969376,0.95058614,0.96676236,0.958918,0.96053773,0.9589821,0.95749164,0.9518591,0.96635395,0.9668037,0.98192525,0.9571857,0.9663159,0.95853394,0.95696145,0.9645934,0.9525005,0.96851933,0.9662489,0.9586072,0.97020274,0.9590459,0.9620321,0.9383921,0.9572109,0.9604769,0.96896034,0.96224016,0.9683002,0.9577911,0.98192525,0.96157753,0.9687555,0.9585843,0.96401805
ahiddenlifefilm,0.9801866,0.97243226,0.9782124,0.9752369,0.98255855,0.97909075,0.9821833,0.98192525,1.0000004,0.9698961,0.9744036,0.9709278,0.9783978,0.98165464,0.98295176,0.9795094,0.97913224,0.98168755,0.9810718,0.9717475,0.9772433,0.97774804,0.9793216,0.9830374,0.979681,0.9537342,0.9756012,0.97078854,0.9763347,0.97419274,0.9803905,0.97737247,0.97448134,0.978225,0.9793324,0.94890684,0.9822178,0.9776842,0.9815566,0.97262555,0.97787416,0.97451955,0.9722563,0.9785007,0.98327774,0.97674197,0.97542465,0.97283417,0.97319955,0.9742216,0.9807403,0.9818501,0.97728115,0.97252476,0.9727342,0.9745189,0.97479385,0.9757868,0.97846925,0.98087424,0.9785438,0.9788007,0.9832338,0.97875947,0.9755654,0.9740124,0.9772499,0.97795486,0.9742266,0.97120744,0.98184705,0.8386509,0.9708902,0.97544736,0.9693024,0.97266483,0.9559218,0.9727527,0.9717799,0.9716263,0.97143316,0.97587997,0.9794066,0.9729257,0.98081577,0.9734118,0.97480345,0.97912794,0.97844017,0.98257446,0.9807457,0.98184705,0.9728452,0.9760107,0.980086,0.9699112,0.9729481,0.978917,0.9778792,0.9785515,0.9781254,0.9781797,0.977866,0.97795707,0.9743283,0.9804237,0.9780524,0.9801705,0.9640115,0.9710094,0.9818507,0.8914297,0.97887343,0.9461519,0.9792725,0.97250473,0.9823898,0.97550863,0.98251885,0.97741544,0.97649443,0.9787418,0.9808424,0.974778,0.9742129,0.9807889,0.9779423,0.97460234,0.971758,0.970615,0.9797207,0.9680582,0.9783375,0.9740885,0.9776073,0.97514015,0.97989374,0.9716815,0.9804502,0.9778717,1.0000004,0.9808147,0.9804879,0.97320485,0.97139716,0.9730719,0.96685416,0.9801091,0.9798951,0.9743324,0.97899795,0.9782037,0.974249,0.9616961,0.9713205,0.97854286,0.979787,0.9743674,0.97264045,0.9759378,1.0000004,0.97173357,0.9828468,0.9731031,0.98011047
alitamovie,0.95370173,0.9432239,0.94781,0.9533035,0.96016085,0.9437462,0.95817673,0.95839435,0.9698961,0.99999976,0.9492655,0.94079643,0.95087564,0.95336777,0.95629066,0.95509773,0.961887,0.95375997,0.9533124,0.94224805,0.9587861,0.94353354,0.9528366,0.9630298,0.9521581,0.91943645,0.9395785,0.95523214,0.9453599,0.9478574,0.9558539,0.95898974,0.9383124,0.9514712,0.9518715,0.92973286,0.95528483,0.9504899,0.9554026,0.95415133,0.9482865,0.95387274,0.94734746,0.95191693,0.9549993,0.9527141,0.94889396,0.95335865,0.9472246,0.94998133,0.9496071,0.95724076,0.95525944,0.95176625,0.9435064,0.95847297,0.94044393,0.952151,0.9552829,0.95126086,0.9588456,0.9541128,0.95067245,0.94412565,0.9446438,0.9517861,0.9561312,0.9517608,0.9534011,0.93716097,0.949648,0.7992334,0.9504628,0.94734854,0.94799733,0.94571126,0.9171572,0.94572735,0.9478042,0.95222455,0.9524227,0.94806176,0.9532433,0.9447915,0.9514474,0.95293915,0.94610906,0.95116794,0.94846296,0.95630044,0.95514274,0.949648,0.9468206,0.94976145,0.95046675,0.94386256,0.94803965,0.94654435,0.9476447,0.9452807,0.952999,0.94824994,0.9483144,0.9475449,0.9536537,0.9512468,0.95291674,0.94759303,0.92592436,0.9483276,0.94808817,0.86128044,0.95709455,0.92620564,0.9597696,0.94742465,0.9560537,0.94644916,0.96073717,0.9512348,0.95251226,0.9518299,0.95776194,0.94345236,0.9525398,0.95483667,0.94679296,0.95179427,0.94649076,0.9460361,0.95252025,0.93945104,0.95193297,0.9473013,0.9588082,0.95287126,0.95160747,0.94360393,0.9510023,0.95008737,0.9698961,0.94722,0.9545708,0.9443876,0.94674826,0.9447113,0.9470955,0.9595658,0.9537036,0.9513659,0.95615566,0.9487361,0.951121,0.94334364,0.9447425,0.9459522,0.9504853,0.94266284,0.95598423,0.9550206,0.9698961,0.94129354,0.94921726,0.9479598,0.9486643
angelhasfallen,0.95267695,0.94187516,0.9569135,0.94891405,0.9652466,0.94661546,0.95121443,0.959133,0.9744036,0.9492655,0.9999997,0.9481572,0.945709,0.9597374,0.9630317,0.9566181,0.95615417,0.9595738,0.95156986,0.9497497,0.95394653,0.9474923,0.9528277,0.9526924,0.9546531,0.93734574,0.9506844,0.95494306,0.9567794,0.9627448,0.9520487,0.9529068,0.9472357,0.96019036,0.945161,0.922109,0.9634459,0.9443888,0.96295166,0.9438177,0.9586313,0.952908,0.9468109,0.9580032,0.9628063,0.9607588,0.94948477,0.94924587,0.9480258,0.95460904,0.9610322,0.9544773,0.94634813,0.94962394,0.9474651,0.9606887,0.956691,0.9526614,0.9501844,0.9486004,0.9630841,0.9486752,0.96028334,0.9562998,0.9438397,0.9602216,0.9580801,0.95313567,0.96204937,0.94942826,0.9559134,0.8445818,0.94879174,0.95757866,0.95064276,0.9500576,0.9315716,0.95089203,0.94598126,0.94232464,0.96662074,0.94860566,0.9607794,0.943568,0.95442736,0.95363426,0.9626024,0.9456831,0.95913535,0.9591168,0.9627983,0.9559134,0.9519113,0.9515998,0.9656497,0.95675904,0.96513087,0.9508909,0.9538217,0.95428437,0.96482015,0.94570744,0.95314467,0.95379907,0.94529486,0.9596753,0.9642156,0.9657456,0.94053143,0.9507743,0.9582991,0.8845896,0.9524333,0.9249775,0.9561735,0.9550067,0.95234877,0.9484573,0.9653109,0.9426496,0.95222884,0.9564247,0.95574206,0.94710594,0.95408505,0.95472854,0.94539905,0.9547821,0.9570643,0.9389631,0.9580678,0.9580175,0.96292543,0.95226294,0.95192134,0.9612752,0.95332813,0.9454741,0.95769554,0.9583963,0.9744036,0.9570864,0.96410483,0.95432925,0.9532877,0.9550293,0.9459281,0.9482904,0.9599158,0.9439727,0.9535597,0.95726013,0.96020985,0.93878484,0.95799786,0.9508071,0.9577979,0.9461565,0.9479488,0.94940215,0.9744036,0.94702876,0.9574508,0.947274,0.95704097
angrybirdsmovie,0.94414264,0.9367348,0.95833904,0.9519725,0.95467925,0.95203525,0.9501408,0.9575958,0.9709278,0.94079643,0.9481572,1.0000006,0.9517096,0.9487105,0.9561505,0.9486472,0.9471832,0.9589072,0.9486084,0.9460411,0.94403577,0.95060426,0.955828,0.94940215,0.957195,0.9263718,0.9596318,0.9417204,0.9585149,0.95804775,0.9522882,0.95336616,0.9387452,0.954646,0.94874114,0.9265819,0.94710535,0.95070153,0.9533166,0.9461815,0.9453346,0.940779,0.9371529,0.95030326,0.9600369,0.9493094,0.9507138,0.9470599,0.9511835,0.94441164,0.9652857,0.954495,0.94891477,0.93670964,0.95064,0.9454522,0.94703466,0.94591063,0.9488773,0.9484265,0.9495845,0.9568573,0.95801055,0.94863987,0.95160425,0.94306326,0.95687205,0.9487297,0.9391644,0.9480443,0.9479624,0.83671117,0.9532923,0.946927,0.9400104,0.9510146,0.93480957,0.9476974,0.93748397,0.9423501,0.9419264,0.9475288,0.95470506,0.9318561,0.956393,0.9457373,0.9453037,0.94712895,0.94264543,0.95456725,0.9530655,0.9479624,0.94840485,0.9452625,0.95842224,0.946219,0.94454587,0.9621281,0.94817716,0.9491231,0.9477386,0.9546605,0.9565901,0.95482576,0.93273526,0.96379244,0.9507573,0.9453867,0.9560322,0.9492029,0.96345216,0.870813,0.94723904,0.91921663,0.95430976,0.9455174,0.94842947,0.9455918,0.9543264,0.94336414,0.9437455,0.9519504,0.948974,0.9503633,0.9452646,0.9517992,0.9455445,0.9525543,0.94198203,0.93643606,0.961306,0.94398606,0.94642246,0.94268245,0.94973177,0.9499422,0.9447166,0.94260687,0.95865697,0.9491007,0.9709278,0.96325344,0.95096827,0.9433718,0.95231676,0.9462769,0.94103664,0.95461035,0.9456676,0.94549775,0.9501692,0.9486102,0.94636124,0.9280384,0.9393396,0.94317037,0.9542074,0.9497809,0.9402549,0.9464862,0.9709278,0.93904513,0.94618136,0.940893,0.95201623
annabellemovie,0.96588254,0.95782036,0.9586107,0.96286684,0.96221995,0.95664525,0.96342623,0.9653031,0.9783978,0.95087564,0.945709,0.9517096,1.0000002,0.9571114,0.96054715,0.96332806,0.9667879,0.96001923,0.96219003,0.9555526,0.95960164,0.9583237,0.9572964,0.9658436,0.9638139,0.92221695,0.9578606,0.95943075,0.95232123,0.9503504,0.9585569,0.96323144,0.9489588,0.9546682,0.95654696,0.9269095,0.96269464,0.96834487,0.95837694,0.9566991,0.95985913,0.95186466,0.94482756,0.9532236,0.96347773,0.95561975,0.951672,0.95729446,0.94874495,0.94806445,0.95646214,0.9673685,0.9602742,0.94956815,0.9517128,0.95358264,0.950523,0.94944036,0.9572439,0.9620912,0.96386075,0.9644819,0.96477735,0.9588257,0.96047175,0.95187867,0.95404315,0.96069634,0.95113546,0.9453676,0.9612318,0.800143,0.9502959,0.95183635,0.9488946,0.95106304,0.93275136,0.95039004,0.9521674,0.9476211,0.94460523,0.96485466,0.9656889,0.9469097,0.9738686,0.950432,0.95326555,0.9813704,0.952786,0.964711,0.95631784,0.9612318,0.9519322,0.9550754,0.9544533,0.94323665,0.9529979,0.96302927,0.9498089,0.9574465,0.9577599,0.9540204,0.9552524,0.9557467,0.95439607,0.954586,0.9574221,0.9649285,0.94695663,0.9560124,0.9599831,0.865708,0.95406383,0.9290272,0.9577481,0.9457037,0.9659256,0.953308,0.95660853,0.9542358,0.9615527,0.95475686,0.9608208,0.95481175,0.956906,0.95772153,0.9697575,0.9455569,0.9454843,0.9447025,0.9584065,0.93877244,0.9616121,0.9626094,0.9510645,0.95196944,0.9598743,0.9554753,0.95734614,0.95828396,0.9783978,0.9586276,0.9626384,0.9538482,0.94935226,0.9520643,0.9440926,0.962451,0.96296704,0.96149695,0.955628,0.9582864,0.94905716,0.93626124,0.9497249,0.9555575,0.95301366,0.95355564,0.9573581,0.9495018,0.9783978,0.94889474,0.9603178,0.94775313,0.95301074
annamovie,0.96086854,0.95574075,0.96270573,0.9543812,0.972633,0.9629415,0.97199637,0.9676523,0.98165464,0.95336777,0.9597374,0.9487105,0.9571114,0.9999999,0.97070515,0.9606635,0.9641571,0.95910263,0.96205807,0.95700926,0.9591843,0.95784086,0.9606749,0.96516186,0.96673906,0.9375101,0.9499837,0.95450175,0.9572762,0.96026754,0.9578144,0.95750684,0.96208745,0.9597427,0.9554691,0.9231443,0.9662881,0.95729434,0.96063155,0.95372015,0.96339315,0.9631897,0.9632638,0.96830785,0.9683187,0.9628324,0.9589706,0.9566181,0.95774966,0.9645658,0.95677686,0.9667718,0.95972157,0.96036255,0.95992494,0.9598409,0.9583952,0.9621825,0.9605261,0.9609253,0.96228975,0.9622577,0.95875084,0.9753146,0.96642834,0.96245116,0.96054417,0.9620764,0.9549347,0.9522549,0.9634961,0.8304208,0.9509014,0.95327115,0.95150584,0.95482177,0.9435764,0.96012425,0.961812,0.951112,0.94918233,0.96450794,0.9596451,0.9600659,0.960385,0.9571747,0.9628513,0.96040934,0.9599269,0.96001786,0.95891464,0.9634961,0.95730186,0.95807326,0.9631098,0.9546894,0.95889294,0.95870405,0.96683925,0.96531606,0.9598576,0.9631371,0.9543395,0.9592134,0.96797174,0.9598694,0.9633554,0.96550393,0.9403027,0.9505908,0.9643391,0.8775641,0.9621054,0.93303156,0.95907205,0.95968753,0.9648283,0.9521844,0.964678,0.9692269,0.9578969,0.9596727,0.95950776,0.9588809,0.9536794,0.96520925,0.96073645,0.95051193,0.96183556,0.9564988,0.9656735,0.9523893,0.96117234,0.9604442,0.9604533,0.9570967,0.957342,0.95755273,0.9602689,0.9566086,0.98165464,0.9589142,0.96295094,0.960887,0.9576782,0.9534723,0.951797,0.9562865,0.9626953,0.9591378,0.9655282,0.9687345,0.9552189,0.949683,0.9565766,0.96154433,0.96435463,0.95517635,0.95392185,0.95693845,0.98165464,0.96054214,0.96224844,0.9536068,0.9611847
apollo11movie,0.9609545,0.96043503,0.97042465,0.9627476,0.97060037,0.96323603,0.9686889,0.96547633,0.98295176,0.95629066,0.9630317,0.9561505,0.96054715,0.97070515,1.0000001,0.9647518,0.9630247,0.9662073,0.96544904,0.97965807,0.96049875,0.9656922,0.9667151,0.9666465,0.9672136,0.93651414,0.9614435,0.95826524,0.96905017,0.96061903,0.96325153,0.9674117,0.9578018,0.9710314,0.9563006,0.9394078,0.9678145,0.9620123,0.96766114,0.95632416,0.9641777,0.9582668,0.9553554,0.960785,0.9657484,0.9666284,0.9620081,0.9597407,0.96349335,0.9556373,0.9693408,0.96910304,0.9618773,0.95690024,0.95597446,0.96023846,0.9598703,0.9609444,0.9660088,0.96115386,0.9662774,0.9639222,0.97075415,0.9648837,0.96500975,0.95875925,0.961276,0.966285,0.9586315,0.9604332,0.9634919,0.81942135,0.9532174,0.96506757,0.95073235,0.9595994,0.94086474,0.9572091,0.9600575,0.95327324,0.95503336,0.9640135,0.9645542,0.9628313,0.96452117,0.95812607,0.963457,0.9584807,0.9632563,0.96695346,0.9610781,0.9634919,0.96219045,0.9648266,0.96704113,0.96928775,0.9627574,0.96804726,0.9606286,0.96230596,0.9636686,0.9652486,0.9603516,0.9574367,0.9581033,0.969942,0.9672008,0.96278507,0.9570595,0.9542637,0.9711617,0.8908588,0.96136665,0.9300143,0.9671628,0.954055,0.96182394,0.9532775,0.9699831,0.96312225,0.95868284,0.96282965,0.9628377,0.95860136,0.96381944,0.9689062,0.9595206,0.96223944,0.9582505,0.9543733,0.9622974,0.95932907,0.9676306,0.9603514,0.9592348,0.96438366,0.9622499,0.95639306,0.9595047,0.96404785,0.98295176,0.9712966,0.96560353,0.95458156,0.9652911,0.9571758,0.9599789,0.9598399,0.9648385,0.9553243,0.9669531,0.96241343,0.9640057,0.9480801,0.96026707,0.96399266,0.9656451,0.9509818,0.955079,0.9599131,0.98295176,0.95551455,0.9672952,0.9585147,0.9678344
arcticdogsmovie,0.960508,0.9614816,0.9628916,0.95822775,0.9693818,0.9600019,0.96194017,0.96463233,0.9795094,0.95509773,0.9566181,0.9486472,0.96332806,0.9606635,0.9647518,0.9999999,0.95874876,0.9633421,0.965053,0.95758384,0.96443564,0.95508343,0.966327,0.9713183,0.9616039,0.9354512,0.9633883,0.95072734,0.9577785,0.95184124,0.96243113,0.95929337,0.96293974,0.962277,0.9599973,0.9289153,0.96502346,0.95703834,0.9633566,0.9538191,0.95428336,0.95902914,0.95178133,0.9621317,0.9639469,0.957584,0.96392745,0.95663613,0.95514715,0.9558919,0.96125036,0.9653766,0.96003056,0.9564585,0.9516342,0.95895684,0.954948,0.9614955,0.96344584,0.961756,0.9566985,0.96127194,0.9651192,0.9544084,0.95889455,0.9629647,0.9615401,0.96455866,0.9629907,0.95456797,0.96400917,0.81755126,0.95062363,0.9626146,0.95059687,0.952967,0.9351402,0.9584167,0.96858555,0.95542765,0.95581,0.9619096,0.9583963,0.9532807,0.9643741,0.9489134,0.95746976,0.96549124,0.9618416,0.9659,0.9591038,0.96400917,0.95865244,0.960024,0.9586996,0.9517286,0.95548457,0.96394247,0.95241183,0.9629557,0.95576155,0.9630744,0.9592971,0.9563393,0.95294595,0.95911235,0.95998454,0.9650467,0.9536874,0.9537461,0.963866,0.87924474,0.9648448,0.9273879,0.96638227,0.9538662,0.96099406,0.9553944,0.9645096,0.9592678,0.9578687,0.9604601,0.9646028,0.9529299,0.9563369,0.96356773,0.9631298,0.95297635,0.9530467,0.95268446,0.96251595,0.9446055,0.9603658,0.96005714,0.9622311,0.9538432,0.95862544,0.95848626,0.9624855,0.9570367,0.9795094,0.9644431,0.9607808,0.9534779,0.9487331,0.95945984,0.9473948,0.9596806,0.9600857,0.9508669,0.95871425,0.9627723,0.95748633,0.9443073,0.95768917,0.962079,0.9641982,0.9531477,0.9549056,0.9599086,0.9795094,0.9581097,0.9743212,0.9576976,0.96446544
arcticmovie,0.95645374,0.95519465,0.9555256,0.95973504,0.96423024,0.95337063,0.96936864,0.9662721,0.97913224,0.961887,0.95615417,0.9471832,0.9667879,0.9641571,0.9630247,0.95874876,0.99999964,0.964963,0.96300393,0.95241374,0.95908844,0.94790936,0.9571859,0.96857077,0.9654473,0.9415272,0.9495104,0.97642845,0.9537105,0.9601573,0.9664243,0.9584971,0.9545665,0.9598565,0.9594782,0.92802805,0.96163154,0.96007764,0.96097964,0.95879066,0.95585364,0.95670843,0.9500458,0.9593842,0.9597709,0.95878625,0.9529336,0.95555997,0.95405966,0.9531733,0.9600247,0.9658617,0.9618579,0.957346,0.96074563,0.9594456,0.95017695,0.9658615,0.9660157,0.9611149,0.9628943,0.9594304,0.9613743,0.95823824,0.95751745,0.9572051,0.9601623,0.9602465,0.95794994,0.94862914,0.96229124,0.80718917,0.95594776,0.9613872,0.95621747,0.9562411,0.92600626,0.9558437,0.9584253,0.95404786,0.9507921,0.95839465,0.9598132,0.9497096,0.9615167,0.95820946,0.96044594,0.9637526,0.956367,0.9632747,0.96215385,0.96229124,0.9462213,0.9589713,0.9602813,0.948718,0.96626973,0.95762324,0.95751375,0.9528201,0.96039575,0.9538904,0.9556963,0.96272933,0.9635428,0.95957845,0.9618984,0.9633595,0.94372493,0.9558777,0.96259767,0.8674104,0.95742524,0.922311,0.95981675,0.95138437,0.96017003,0.95410097,0.96316814,0.9576899,0.9584256,0.96007913,0.96505445,0.9528304,0.9605643,0.9666763,0.96052444,0.9511961,0.95078486,0.9483613,0.9617964,0.9446227,0.9772067,0.9665014,0.9589522,0.9583759,0.95973045,0.951709,0.9583319,0.96616334,0.97913224,0.9568001,0.96131575,0.95885855,0.94969195,0.9527174,0.9471467,0.9630095,0.96557957,0.9543578,0.9667488,0.9609505,0.9543339,0.93699414,0.95724946,0.95601875,0.96236134,0.9589444,0.96347976,0.95719546,0.97913224,0.9514135,0.9612825,0.9567063,0.9564183
artofracingmovie,0.9593725,0.95169663,0.95250714,0.95982033,0.9804828,0.96007085,0.96172297,0.97080433,0.98168755,0.95375997,0.9595738,0.9589072,0.96001923,0.95910263,0.9662073,0.9633421,0.964963,0.9999998,0.95865476,0.9546662,0.9637499,0.95587003,0.9605968,0.9634053,0.9616026,0.93667716,0.9612528,0.95542717,0.9602395,0.96040547,0.9645432,0.95194805,0.9579654,0.9666233,0.96104157,0.92591155,0.9625445,0.9602684,0.9691818,0.953577,0.95803255,0.95668155,0.94115657,0.9568836,0.9626925,0.9614201,0.95646954,0.94637716,0.9552816,0.9489859,0.9630038,0.96425,0.96594685,0.9515231,0.95865893,0.9732638,0.9669218,0.9618621,0.9619223,0.96146935,0.9583815,0.96424115,0.96823996,0.9647244,0.95137525,0.9590358,0.9657141,0.95867974,0.9617233,0.9586905,0.9678256,0.8233091,0.9593072,0.954718,0.9574315,0.9579146,0.9403403,0.95001715,0.9516904,0.95374435,0.9533763,0.9552755,0.96386415,0.9518231,0.9642456,0.9536704,0.9603559,0.96573436,0.9611822,0.96439934,0.9672664,0.9678256,0.95210356,0.9621409,0.9646009,0.94519615,0.9574889,0.96104217,0.9605005,0.961508,0.96067566,0.9604856,0.9612086,0.9626454,0.9505766,0.96288234,0.96091455,0.965779,0.9439749,0.9515164,0.97018033,0.8657084,0.9616982,0.9317133,0.96654195,0.9611238,0.9615803,0.9625087,0.96754414,0.95452887,0.96016407,0.9608573,0.9686569,0.9612703,0.9608618,0.9579286,0.9571325,0.95948005,0.96600413,0.9464119,0.96186274,0.9616362,0.96122295,0.95538014,0.9618848,0.9563692,0.96431327,0.9525725,0.9661802,0.9624838,0.98168755,0.9597336,0.96149474,0.95613813,0.9583904,0.9535498,0.944263,0.961926,0.96554595,0.9578521,0.96250284,0.9526505,0.95099163,0.9368031,0.96126693,0.95752543,0.96373844,0.96083117,0.95995975,0.9620245,0.98168755,0.960374,0.96362597,0.9561886,0.95747507
avengers,0.983706,0.9618596,0.96072394,0.95732975,0.9636545,0.9613946,0.9666718,0.96145016,0.9810718,0.9533124,0.95156986,0.9486084,0.96219003,0.96205807,0.96544904,0.965053,0.96300393,0.95865476,0.9999995,0.9576396,0.9597719,0.96081185,0.9605725,0.9665445,0.95659506,0.9454957,0.9537832,0.95164907,0.9563287,0.955954,0.9824318,0.95335984,0.9554395,0.9616686,0.9616822,0.93093765,0.9700763,0.96346384,0.9583122,0.95085853,0.96104896,0.96211624,0.9537255,0.95969903,0.9650329,0.96268743,0.9576487,0.95840436,0.9554267,0.9558812,0.962688,0.96313876,0.95693994,0.95739406,0.95393044,0.95929015,0.95688194,0.9597219,0.9664712,0.969219,0.9603994,0.95888203,0.96454704,0.96250075,0.964255,0.96001166,0.9566862,0.9589512,0.9604171,0.9553969,0.97204816,0.8042335,0.95423615,0.95451677,0.94160473,0.95960474,0.938464,0.96194834,0.96486324,0.95974684,0.95124495,0.9615682,0.9562757,0.9603054,0.9662277,0.95726043,0.95794463,0.9573748,0.9624884,0.9640685,0.9619283,0.97204816,0.9565074,0.9599644,0.9640027,0.9600732,0.95017713,0.96053326,0.95741975,0.95511407,0.96448,0.9660913,0.95864546,0.96301675,0.9609324,0.9612209,0.9602913,0.9604079,0.9436453,0.9508474,0.9615185,0.8686756,0.9608062,0.9192895,0.96042776,0.9576799,0.97193295,0.956934,0.96560466,0.9614521,0.9625246,0.962642,0.9622115,0.9558408,0.96049005,0.96771663,0.96576715,0.96239346,0.9541305,0.96156484,0.9586805,0.9515785,0.96137977,0.955776,0.95947313,0.9584316,0.9673037,0.96112674,0.9678592,0.9634289,0.9810718,0.9598817,0.96158296,0.9593366,0.9494546,0.95362467,0.9532041,0.9607066,0.96024317,0.9624459,0.96140075,0.9602472,0.96001416,0.94834757,0.9586063,0.9682359,0.9613532,0.9641949,0.94994974,0.95643926,0.9810718,0.9490661,0.96671385,0.95613015,0.9673878
beachbummovie,0.9532819,0.9498668,0.9504831,0.95330215,0.9569069,0.9530214,0.95736325,0.9565759,0.9717475,0.94224805,0.9497497,0.9460411,0.9555526,0.95700926,0.97965807,0.95758384,0.95241374,0.9546662,0.9576396,1.0,0.9517993,0.9592655,0.9556266,0.95888454,0.9522191,0.9220168,0.9600992,0.95550656,0.9479006,0.9456189,0.9526547,0.9583079,0.9451548,0.9520637,0.9452791,0.93389,0.9615595,0.9521913,0.95686895,0.9480418,0.9514327,0.9390584,0.9374831,0.94488364,0.95256704,0.96466166,0.95210385,0.9478321,0.9545065,0.93967897,0.9548,0.9635382,0.9544258,0.9449632,0.9459157,0.9507117,0.9463933,0.944461,0.95079345,0.9488085,0.95738524,0.946673,0.9538003,0.9554481,0.95932835,0.9500657,0.950724,0.96263367,0.9511518,0.95803195,0.9528269,0.80916345,0.94596666,0.9618568,0.94519997,0.94430673,0.9327823,0.9435268,0.9485953,0.94191843,0.9419141,0.9565957,0.9519005,0.95554644,0.9528848,0.944683,0.9464519,0.95345867,0.95461345,0.95451254,0.94692945,0.9528269,0.9472815,0.9569048,0.9535525,0.95647043,0.94867176,0.96787286,0.95181566,0.95167434,0.95863974,0.95746225,0.94021225,0.94646555,0.9499926,0.95662373,0.9548897,0.9574352,0.9373829,0.94982415,0.96519905,0.8793063,0.9486974,0.92426986,0.9584194,0.94165385,0.9545055,0.9480526,0.96017814,0.95414656,0.9498125,0.953179,0.94624376,0.95369774,0.95072806,0.960821,0.95736647,0.9484751,0.9444226,0.94291514,0.9545599,0.94909984,0.956477,0.94852865,0.9533646,0.9471645,0.953798,0.94921803,0.94809943,0.96362114,0.9717475,0.95715797,0.9613668,0.9518346,0.9505696,0.9556406,0.953181,0.9472539,0.9537258,0.9397431,0.95267975,0.95028234,0.9505189,0.92877614,0.94413173,0.9533038,0.9557357,0.94457364,0.9508758,0.9546203,0.9717475,0.93960834,0.9601048,0.9478473,0.9549275
bernadettefilm,0.95787805,0.95654106,0.9523452,0.96072245,0.9643119,0.9564667,0.9628403,0.9599082,0.9772433,0.9587861,0.95394653,0.94403577,0.95960164,0.9591843,0.96049875,0.96443564,0.95908844,0.9637499,0.9597719,0.9517993,1.0000001,0.959728,0.9557389,0.9626131,0.95696294,0.9365961,0.9483632,0.955578,0.9490596,0.9523962,0.9576858,0.95586085,0.9525399,0.95373714,0.9571962,0.92893356,0.9628266,0.96134156,0.96055007,0.9482522,0.9506102,0.95326924,0.95261353,0.9596248,0.95732474,0.95763016,0.9542169,0.94974345,0.9496484,0.95262915,0.95256686,0.9640991,0.9638856,0.9562379,0.9517886,0.9516457,0.9502157,0.9487949,0.9544836,0.9545385,0.9556888,0.95377874,0.9581719,0.9544379,0.9477581,0.9534097,0.9536563,0.95413285,0.95843446,0.9446251,0.95839787,0.81523305,0.9437666,0.95499384,0.95082533,0.95301384,0.92925453,0.9536205,0.95159,0.9542164,0.9499155,0.95725524,0.9595219,0.9513396,0.9608983,0.95027584,0.9578551,0.9595253,0.9525141,0.9522751,0.9605942,0.95839787,0.9466411,0.9589292,0.95481724,0.95071083,0.95263934,0.9543053,0.9558175,0.9555889,0.953271,0.95605904,0.9521033,0.950902,0.95609003,0.95328474,0.9576445,0.9598694,0.93617123,0.95279545,0.9523121,0.87125146,0.95741343,0.92686635,0.96944207,0.9543093,0.96259826,0.95449585,0.95678395,0.958211,0.96263176,0.95196825,0.9588052,0.951762,0.94439864,0.9569916,0.95133567,0.94954777,0.94845426,0.95156693,0.97003275,0.94274503,0.95562696,0.95447195,0.95654577,0.952684,0.9664451,0.95594966,0.9566959,0.9490277,0.9772433,0.95764464,0.9569126,0.95205444,0.94930875,0.95184153,0.9419154,0.95557714,0.95815855,0.9581092,0.9576081,0.95379436,0.9458596,0.93423766,0.9527251,0.9525029,0.95780003,0.9485955,0.9570357,0.9563907,0.9772433,0.9493859,0.9592238,0.94739777,0.95237625
