movie,21bridgesmovie,47metersdown,abeautifuldaymovie,abominablemovie,adastramovie,adogsjourneymovie,aftermathmovie,aftermovie,ahiddenlifefilm,alitamovie,angelhasfallen,angrybirdsmovie,annabellemovie,annamovie,apollo11movie,arcticdogsmovie,arcticmovie,artofracingmovie,avengers,beachbummovie,bernadettefilm,blackandbluemovie,blackchristmas,blindedbythelightmovie,bombshellmovie,booksmart,breakthroughmovie,brianbanksmovie,brightburnmovie,brittanyrunsmov,captainmarvelofficial,captivestatemovie,catsmovie,charliesangels,childsplaymovie,clarathefilm,coldpursuitmovie,countdown,currentwarmovie,darkwatersmovie,detectivepikachumovie,disneyaladdin,disneyfrozen,disneymaleficent,doctorsleepmovie,dolemiteismyname,dontletgomovie,doramovie,downtonabbey_official,dumbo,escaperoom,everybodyknowsmovie,fastandfuriousmovie,fightingwmyfam,fivefeetapartfilm,fordvferrari,freaksthefilm,geminimanmovie,glassmovie,gloriabellmovie,godzillamovie,goldfinchmovie,goodboysmovie,goodliarmovie,gretafilm,halathemovie,happydeathdaymovie,harrietfilm,hellboymovie,hersmellmovie,highlifemovie,highstrungmovie,honeyboymovie,hotelmumbaifilm,httydragon,hustlemovie,hustlersmovie,isntitromantic,itmovieofficial,jayandsilentbob,johnwickmovie,jojorabbitmovie,jokermovie,judythefilm,jumanjimovie,justmercyfilm,knivesout,lalloronamovie,lastblackmansf,lastchristmasthemovie,latenightmovie,lighthousemovie,lionking,littlethemovie,littlewomenmovie,littlewoodsfilm,longshotmovie,lordsofchaosmovie,lucyintheskyfilm,mamovie2019,marriagestory,meettheaddams,meninblack,midsommarmovie,midwaymovie,missbalamovie,missinglinkfilm,motherlessbklyn,onceinhollywood,onthebasisofsex,overcomermovie,peanutbutterfalcon,petsematarymovie,piercingmovie,playingwithfire,playmobilthemovie,pomsmovie,queenandslim,rambomovie,readyornotfilm,richardjewellfilm,rocketmanmovie,scarystoriesmovie,secretlifeofpets,serenityfilm,shaftmovie,shazammovie,spidermanmovie,spiesindisguise,starwars,stormboymovie,stubermovie,taosdfilm,teenspiritmov,terminator,theaeronautsmov,thebestofenemies,thedeaddontdie,thefarewell,thehighwaymen,thehummingbirdprojectfilm,theintrudermovie,theirishmanfilm,thekitchenmovie,thelegomovie,themustangfilm,thenightingalefilm,theprodigymovie,thesunisalsoastar,theupsidefilm,tolkienmovie,toystory,triplefrontier,uglydolls,uncutgems,underthesilverlake,usmovie,wavesmovie,whatmenwant,wonderparkmovie,wrinklestheclown,xmenmovies,yardiefilm,yesterdaymovie,zombieland
21bridgesmovie,1.0000006,0.9508641,0.96551085,0.9609016,0.9569103,0.9615137,0.96270186,0.955428,0.9789353,0.94609785,0.95549417,0.962735,0.96201587,0.9602376,0.9645054,0.9635223,0.9609097,0.9596144,0.9709008,0.9547178,0.9567181,0.95770425,0.9564869,0.96744955,0.95551777,0.92259324,0.9466556,0.95925874,0.9617993,0.9583793,0.9492303,0.96583533,0.94598943,0.96512234,0.950271,0.947855,0.9605403,0.9713934,0.95411193,0.9496221,0.96250856,0.9613583,0.9563353,0.9597363,0.96888745,0.9603239,0.9583598,0.9588629,0.9555456,0.9591799,0.9637818,0.96576446,0.9565684,0.951312,0.9491661,0.9561175,0.93651813,0.9550601,0.9565198,0.9562461,0.9666012,0.9517066,0.9604355,0.9573249,0.95695233,0.9515784,0.9478324,0.96610844,0.9559389,0.95016384,0.9605222,0.8835666,0.96031696,0.9578737,0.954885,0.9525547,0.95109755,0.95264107,0.95126003,0.9543658,0.9602724,0.9497472,0.9599631,0.9545676,0.9591747,0.96060395,0.9583056,0.960085,0.9547483,0.96122503,0.95213467,0.9605222,0.95511436,0.95249385,0.95892745,0.96187043,0.95902365,0.9609396,0.95388764,0.94833344,0.9572254,0.9619158,0.96061224,0.9595741,0.9577608,0.96292824,0.96698093,0.95921475,0.95299,0.9564402,0.9545468,0.93787813,0.9628359,0.9418163,0.95673054,0.96729815,0.98889476,0.94892,0.96420723,0.96387255,0.9656212,0.95897603,0.9534907,0.95726246,0.954331,0.96140194,0.94982207,0.95204514,0.9574718,0.9516262,0.9555962,0.9565697,0.95903033,0.95274585,0.9571329,0.95261794,0.9729691,0.9581278,0.9636526,0.9588058,0.9789353,0.958651,0.9590627,0.95641834,0.9548556,0.95442206,0.9578398,0.9503814,0.9574123,0.97014326,0.96001756,0.9526138,0.962818,0.9506973,0.9527169,0.9562808,0.9573179,0.9532303,0.955668,0.9598123,0.9789353,0.9473818,0.95821506,0.9584071,0.9573416
47metersdown,0.9508641,0.99999964,0.95217365,0.9464889,0.96069944,0.95142335,0.96033144,0.9437742,0.97358656,0.9382038,0.9498493,0.9487887,0.9440822,0.9588986,0.9433632,0.9638948,0.94930905,0.9520241,0.9515196,0.94254535,0.9425371,0.9537778,0.949826,0.95579123,0.94076747,0.89379615,0.9483568,0.94994575,0.9518104,0.9604588,0.947376,0.9565616,0.9339218,0.95451885,0.94588083,0.93425786,0.9496602,0.9436642,0.95529854,0.9395441,0.9483209,0.9534176,0.94915086,0.9504148,0.95569664,0.9526422,0.95062405,0.9465853,0.95029145,0.9496457,0.9577713,0.958184,0.94846153,0.9585315,0.9350467,0.95361155,0.9393182,0.9503047,0.9507153,0.95766073,0.9492349,0.94882786,0.9468561,0.95210856,0.9520046,0.944143,0.9325375,0.9533701,0.943933,0.9382648,0.95475525,0.86432195,0.9549216,0.9525196,0.941278,0.94142365,0.9270953,0.94629663,0.94718,0.9450382,0.95208514,0.9508235,0.94863224,0.94229645,0.9513673,0.95333815,0.94700015,0.9518296,0.9514501,0.9496796,0.9599404,0.95475525,0.95186025,0.9509241,0.9431416,0.953229,0.9517532,0.9548761,0.9441257,0.939605,0.9491672,0.95745224,0.94734365,0.9571798,0.9540643,0.9585335,0.95128673,0.94988555,0.9387045,0.94967085,0.9549835,0.92743313,0.9554872,0.9312692,0.9434638,0.94940066,0.95470613,0.93574035,0.96038616,0.95610684,0.95459986,0.9578884,0.95547664,0.94530755,0.9459722,0.9538039,0.9450097,0.94995826,0.96082145,0.9396507,0.946703,0.9557183,0.9498788,0.9500508,0.951051,0.9541327,0.9487421,0.94681174,0.95382005,0.9427907,0.97358656,0.9515659,0.9513599,0.9513481,0.93927747,0.9515181,0.9472953,0.94592786,0.9487981,0.94065994,0.9574682,0.9554421,0.9470232,0.9398447,0.94524914,0.9466797,0.9430781,0.95282876,0.94915026,0.95051867,0.97358656,0.9469335,0.9452335,0.9493443,0.9530016
abeautifuldaymovie,0.96551085,0.95217365,1.0000002,0.9497626,0.96201634,0.9592164,0.96383256,0.95385844,0.9789725,0.9539642,0.9538101,0.96868026,0.9587536,0.96369684,0.95918715,0.96423477,0.9559701,0.96372575,0.95858043,0.9533943,0.9548554,0.968663,0.9649425,0.96884125,0.95857966,0.91911703,0.954169,0.95444435,0.97108066,0.9581837,0.95146424,0.9653403,0.95054567,0.9684227,0.94142324,0.9497811,0.96153176,0.9553407,0.9608856,0.9493394,0.9626045,0.95551395,0.95929796,0.9567035,0.96555513,0.968698,0.9632565,0.9623669,0.95642734,0.95598996,0.97793764,0.9644365,0.9591037,0.95173055,0.9451103,0.9587229,0.9476265,0.9587771,0.956064,0.9637367,0.95998544,0.9559792,0.9528586,0.95544076,0.9605141,0.952479,0.9437721,0.9661029,0.9545821,0.94988966,0.96611065,0.8712059,0.95957386,0.96133137,0.9529106,0.9541473,0.93766093,0.95134366,0.947714,0.96076,0.956917,0.9540809,0.9573165,0.94651276,0.9735311,0.95687634,0.9541471,0.95788074,0.9542561,0.96078545,0.95595074,0.96611065,0.9541927,0.9568035,0.96802676,0.9614302,0.9551807,0.95996255,0.95486194,0.954238,0.96218616,0.9617326,0.9668949,0.9606249,0.9586311,0.9730087,0.96312416,0.95227593,0.9696251,0.9570224,0.96210223,0.9402054,0.9669323,0.9342985,0.9565475,0.95668876,0.9670263,0.9493061,0.9653445,0.95933604,0.9575277,0.9607571,0.9553567,0.9513678,0.9544775,0.9625422,0.94715786,0.964963,0.9670901,0.94873494,0.96163195,0.9600536,0.9554513,0.9463009,0.9616098,0.95741844,0.96428126,0.9540082,0.9698177,0.9677107,0.9789725,0.97566533,0.9623627,0.94952184,0.95456094,0.9556627,0.9587191,0.946132,0.95578486,0.9499873,0.96190673,0.9698669,0.9631352,0.9487645,0.95292836,0.95555156,0.95427054,0.95849097,0.9610043,0.96362334,0.9789725,0.95450777,0.9619045,0.9655917,0.97012323
abominablemovie,0.9609016,0.9464889,0.9497626,0.99999994,0.9534411,0.94793624,0.95681125,0.9403853,0.9699588,0.94537956,0.94733495,0.9507884,0.95229656,0.9494295,0.9553329,0.9585673,0.94891244,0.9454217,0.95408976,0.9479179,0.95197505,0.95042086,0.9493213,0.9592164,0.94105613,0.90922564,0.9411964,0.9566215,0.9455325,0.95871365,0.9442133,0.95004785,0.9358532,0.9514257,0.954792,0.95247936,0.95203376,0.95212233,0.9466651,0.9382693,0.95423293,0.9554448,0.9443798,0.955904,0.9602025,0.94997543,0.95236546,0.9493818,0.9506757,0.9536121,0.9488032,0.95666325,0.9514666,0.9443842,0.94101244,0.94846123,0.939155,0.9474922,0.9662265,0.9476141,0.96211183,0.95463294,0.95015633,0.9432809,0.9470185,0.95016986,0.9425513,0.9562323,0.94577324,0.9484103,0.95406485,0.8697251,0.95647234,0.9542498,0.9532553,0.93973225,0.9378958,0.9452481,0.9467708,0.94332093,0.9464286,0.95009446,0.94678104,0.95083237,0.9539527,0.9534465,0.949153,0.94381,0.94534063,0.9502798,0.95585936,0.95406485,0.9444252,0.9534801,0.9447604,0.9578823,0.9460448,0.9513604,0.9429748,0.94034004,0.94828695,0.95347124,0.9484761,0.94902223,0.9475972,0.94486034,0.96261156,0.95015645,0.9477297,0.95413166,0.9516615,0.9286079,0.95397246,0.9457951,0.9487513,0.9463199,0.95813525,0.94734955,0.96012336,0.95894516,0.95424587,0.94402015,0.94337183,0.93949664,0.9493556,0.9531438,0.9457087,0.9361312,0.94425005,0.94671327,0.9566447,0.94633245,0.9441934,0.9437036,0.9488201,0.9546933,0.95093966,0.94415987,0.9553949,0.94689935,0.9699588,0.947326,0.95155734,0.94211954,0.9448585,0.9422686,0.9552087,0.95521975,0.9504492,0.9470283,0.9523768,0.9485439,0.9495697,0.9397167,0.9458809,0.9492673,0.9440037,0.9443587,0.94871444,0.94608134,0.9699588,0.9367021,0.9503161,0.9489053,0.9465053
adastramovie,0.9569103,0.96069944,0.96201634,0.9534411,0.9999999,0.956165,0.9618913,0.9518693,0.97653294,0.96061736,0.9571677,0.9446379,0.956892,0.9605486,0.95776904,0.9612564,0.95558906,0.9773234,0.9553272,0.94902813,0.94981915,0.9540238,0.958145,0.95886976,0.9541301,0.9194341,0.9686215,0.95768976,0.95093304,0.9580343,0.9461235,0.9569032,0.9473556,0.9559381,0.95208645,0.94379,0.9550386,0.9526574,0.9599943,0.94878924,0.95576805,0.956985,0.9576034,0.9539018,0.96829116,0.9580468,0.9627373,0.9548632,0.9526239,0.9541596,0.95416147,0.96197563,0.9551888,0.9526029,0.9483011,0.97673994,0.94579417,0.9597754,0.96016014,0.96154946,0.9569354,0.9525646,0.9572621,0.95440817,0.95429385,0.95432746,0.9447817,0.9600624,0.95355254,0.9457058,0.96610296,0.87706584,0.95624006,0.9594824,0.95486736,0.9512963,0.9453429,0.9525418,0.9509376,0.9476356,0.9568001,0.9544915,0.9552176,0.9487996,0.95305794,0.95744187,0.9603605,0.9612367,0.95395046,0.9564606,0.958943,0.96610296,0.9507553,0.9563185,0.9498941,0.96175337,0.9629005,0.95779526,0.9511653,0.9460168,0.95227426,0.9635687,0.95582753,0.9631781,0.95200175,0.95130813,0.9580612,0.95626765,0.95339406,0.94952095,0.9601945,0.93843657,0.9616767,0.938768,0.95598835,0.9578324,0.96001196,0.94500214,0.9685127,0.9570654,0.9593042,0.96169823,0.95812243,0.95961654,0.94461364,0.95855635,0.95386034,0.9470112,0.9721394,0.9461229,0.9569047,0.971602,0.9583956,0.9549066,0.9594475,0.952743,0.95552,0.9562714,0.96005636,0.9576742,0.97653294,0.9506168,0.95507854,0.95100486,0.9462287,0.9534243,0.9527242,0.95191556,0.95353377,0.9551184,0.9605385,0.96196944,0.95546895,0.9498255,0.9569561,0.96224034,0.94979405,0.95785147,0.95783937,0.96223336,0.97653294,0.9605459,0.96069634,0.95799327,0.94999915
adogsjourneymovie,0.9615137,0.95142335,0.9592164,0.94793624,0.956165,0.99999994,0.9590836,0.9477445,0.97809225,0.9487658,0.9589213,0.9481013,0.960739,0.9564472,0.9569853,0.960184,0.9575356,0.95758057,0.959079,0.94192064,0.95276487,0.94837207,0.9667972,0.9593255,0.9614169,0.9231254,0.95417905,0.9518574,0.95494103,0.9566501,0.94991106,0.9629938,0.95899725,0.9580852,0.94591755,0.9423596,0.95639014,0.9514043,0.95714957,0.94957083,0.9618484,0.9603592,0.95702344,0.958578,0.96553683,0.9594614,0.9616308,0.9569987,0.9602391,0.95886266,0.9576198,0.9634817,0.9670757,0.9547058,0.9468347,0.9553832,0.9396547,0.9590222,0.9547518,0.95448023,0.9564055,0.9595177,0.96107817,0.95919245,0.95977694,0.95543236,0.9420884,0.9584266,0.9515375,0.9510597,0.9559611,0.87193966,0.96045405,0.9527737,0.95757484,0.9572826,0.9441124,0.94990516,0.94918317,0.95542735,0.95730877,0.9534313,0.95531917,0.947916,0.9532749,0.9576963,0.9585124,0.96011204,0.95502645,0.9541534,0.955285,0.9559611,0.9614649,0.95852894,0.9457387,0.95625424,0.96165586,0.95730287,0.9455279,0.949426,0.9605304,0.96525973,0.9601304,0.9553966,0.9537786,0.9543819,0.95181054,0.95685995,0.94776803,0.95957,0.95810527,0.9313289,0.96325624,0.9402511,0.9534602,0.95167494,0.9600015,0.9531777,0.9603673,0.9558167,0.96303254,0.96151567,0.9534048,0.97089636,0.9503978,0.96367234,0.9565036,0.9517514,0.9603653,0.9454279,0.9469567,0.9582774,0.95756966,0.95326227,0.9634531,0.9547302,0.9588556,0.9530296,0.9521262,0.9586601,0.97809225,0.94930583,0.96365243,0.9515043,0.9476637,0.95554084,0.9579651,0.95385504,0.9547928,0.9430056,0.96110535,0.9574511,0.9645693,0.94141066,0.9526315,0.95146054,0.95874655,0.94403696,0.956925,0.95951337,0.97809225,0.9499409,0.9572618,0.9662308,0.9511824
aftermathmovie,0.96270186,0.96033144,0.96383256,0.95681125,0.9618913,0.9590836,0.99999994,0.9458692,0.9828002,0.9561097,0.95919,0.9603045,0.96158695,0.96318054,0.96055174,0.9625794,0.95641536,0.9598372,0.96051365,0.9522197,0.9567637,0.96426785,0.95936304,0.9646232,0.9593869,0.92304295,0.9597001,0.95537233,0.9631175,0.96523565,0.9566649,0.9640026,0.9500584,0.9674191,0.9554475,0.9526081,0.96334296,0.9619966,0.96328086,0.95063144,0.9638793,0.9684209,0.9641724,0.959956,0.96411234,0.964736,0.9592753,0.961648,0.9616482,0.9612127,0.9649933,0.97232044,0.96389264,0.9630348,0.94499177,0.95626205,0.9476481,0.95838684,0.95665824,0.9584436,0.95789754,0.9547675,0.961139,0.95742935,0.9670486,0.9468994,0.9493577,0.9714312,0.9611446,0.9470609,0.9627432,0.87528175,0.9636202,0.95658857,0.95833844,0.9500183,0.947157,0.956509,0.9497163,0.9539025,0.95953804,0.97649395,0.9693348,0.9528969,0.9624729,0.9658842,0.9612244,0.95804167,0.9583145,0.9556734,0.9603714,0.9627432,0.9637278,0.9593204,0.9561049,0.964853,0.9643578,0.9578909,0.97542596,0.9495899,0.961531,0.96840733,0.9627328,0.9634357,0.96312153,0.96388406,0.96129495,0.95676506,0.95419145,0.96274,0.9626544,0.9453146,0.96258295,0.9513154,0.9600335,0.9571441,0.96655506,0.94675744,0.9689628,0.9859092,0.9619527,0.9607837,0.9539558,0.9523905,0.9572743,0.9657726,0.948483,0.9575637,0.96370685,0.9531515,0.9566346,0.9590045,0.95785,0.954106,0.9594116,0.96257746,0.9601321,0.95901245,0.9638089,0.96180594,0.9828002,0.962367,0.9609544,0.9537132,0.95405227,0.9594123,0.95731044,0.95527476,0.9546584,0.953756,0.9844557,0.9630831,0.9632548,0.9485037,0.9619076,0.9544237,0.9563163,0.95698845,0.9545619,0.9615443,0.9828002,0.9541254,0.96040154,0.9599377,0.9573936
aftermovie,0.955428,0.9437742,0.95385844,0.9403853,0.9518693,0.9477445,0.9458692,0.99999976,0.9673369,0.9386673,0.9520338,0.943199,0.9507853,0.9538308,0.9475721,0.9539512,0.94853646,0.9576204,0.94526255,0.9386355,0.93497694,0.9417537,0.94940126,0.9530313,0.94551325,0.9079919,0.9414621,0.9538598,0.95147926,0.9491186,0.94100034,0.94941753,0.9335512,0.9500397,0.9274387,0.9308933,0.9562304,0.94915384,0.9537157,0.93873584,0.94277173,0.95156455,0.9477933,0.9509783,0.9565096,0.9479383,0.9500621,0.94523084,0.95227647,0.9541405,0.9526262,0.9488788,0.94693214,0.9431679,0.95326114,0.94910413,0.92624444,0.9538279,0.94298226,0.9548784,0.95418966,0.93745184,0.94665796,0.94719934,0.9477592,0.9560586,0.9335969,0.9575548,0.95286614,0.9333188,0.9560275,0.845562,0.9483746,0.95028245,0.93672323,0.945557,0.92816424,0.94721293,0.9390919,0.9421477,0.94489825,0.9415995,0.9438365,0.93581533,0.94436604,0.950035,0.94159895,0.94776064,0.94316834,0.9500578,0.9392733,0.9560275,0.9459933,0.94693214,0.9536347,0.94175607,0.9495887,0.9467249,0.94065815,0.933521,0.95035726,0.9528823,0.9493634,0.9606961,0.9377687,0.9475846,0.94948006,0.9504179,0.9420376,0.94304734,0.94806075,0.9332278,0.9484234,0.9326699,0.94130397,0.9413414,0.95463586,0.9369934,0.95069396,0.94686246,0.95429343,0.9545806,0.95210457,0.9422471,0.9417486,0.9479497,0.9375192,0.9396861,0.95601356,0.9424764,0.94210535,0.94951636,0.9421461,0.9365695,0.953026,0.9469635,0.9522492,0.9425839,0.9533137,0.95051247,0.9673369,0.95029235,0.94626147,0.95051986,0.94227093,0.9411701,0.94444007,0.9389111,0.94866395,0.9430357,0.95141286,0.948323,0.94741046,0.9489885,0.93751496,0.94660354,0.9496075,0.9526046,0.9595916,0.95079345,0.9673369,0.938893,0.95371,0.9545014,0.94704884
ahiddenlifefilm,0.9789353,0.97358656,0.9789725,0.9699588,0.97653294,0.97809225,0.9828002,0.9673369,0.9999998,0.96861136,0.9769999,0.975392,0.97695017,0.9814773,0.9771771,0.97955465,0.9755383,0.9752516,0.9761601,0.96897155,0.9700836,0.97671616,0.97892416,0.98093987,0.9740936,0.9295326,0.9752289,0.97211903,0.9779832,0.97857744,0.97168183,0.98036844,0.9661907,0.97999924,0.9654628,0.9617115,0.9805517,0.97316724,0.9778242,0.96912307,0.97714376,0.98041356,0.9765208,0.97752964,0.98282987,0.9772752,0.978007,0.9765458,0.9757403,0.9782031,0.9810968,0.98536414,0.9776968,0.9742455,0.9671121,0.972645,0.9622584,0.97693944,0.9765333,0.97803825,0.9747879,0.9729436,0.976575,0.9762322,0.9788656,0.97089785,0.96380764,0.98048705,0.97448874,0.9688558,0.9809463,0.88820446,0.9754913,0.97533965,0.9735897,0.96759874,0.95826656,0.970009,0.9700258,0.9730191,0.9771546,0.97441113,0.97833264,0.9690742,0.9771243,0.97843707,0.97450095,0.9779405,0.97330934,0.97706187,0.97517747,0.9809463,0.97707474,0.97583693,0.97295,0.9768698,0.97797954,0.9780474,0.9712253,0.9694864,0.976863,0.9821704,0.97650933,0.97979325,0.97641426,0.97847426,0.9804116,0.97697973,0.9701397,0.976943,0.97917163,0.95102364,0.9827551,0.9590796,0.9726825,0.9735919,0.98117703,0.9682663,0.98347753,0.9788563,0.97903025,0.97954345,0.9754099,0.9728272,0.9732132,0.9806671,0.9708384,0.9736195,0.9785788,0.9676638,0.97103375,0.9748358,0.9739298,0.9730461,0.9785381,0.9750672,0.976765,0.9751459,0.9812797,0.9749857,0.9999998,0.97733873,0.9757093,0.9743963,0.9717813,0.9769099,0.9734286,0.9702646,0.97691315,0.9678814,0.98174065,0.9777759,0.9793071,0.9639924,0.97261554,0.97384304,0.973926,0.97327864,0.97413427,0.9795198,0.9999998,0.9706866,0.9783589,0.9779169,0.975746
alitamovie,0.94609785,0.9382038,0.9539642,0.94537956,0.96061736,0.9487658,0.9561097,0.9386673,0.96861136,0.99999964,0.94698185,0.93382144,0.9488129,0.9532951,0.9503984,0.9515388,0.9435729,0.95928884,0.9472147,0.937898,0.93699986,0.94910526,0.9481598,0.95314384,0.9543958,0.9027863,0.9533293,0.94239354,0.9427053,0.9548449,0.94159627,0.9546338,0.94595647,0.9466508,0.9341017,0.9298911,0.9513188,0.9441498,0.9430103,0.9395598,0.9533848,0.95061004,0.9421041,0.94668275,0.9562821,0.94982344,0.9486414,0.9503693,0.948715,0.9511282,0.94417125,0.9579767,0.9534317,0.94317496,0.9322076,0.95363396,0.9404072,0.95168585,0.9534712,0.94816893,0.94766366,0.94861573,0.9494273,0.9388105,0.9566985,0.9374215,0.9394925,0.95553225,0.94845307,0.9392539,0.9493066,0.8614325,0.946004,0.94956064,0.9444786,0.9359057,0.9317197,0.9408932,0.94585395,0.9503916,0.94806033,0.9498047,0.9449665,0.94593316,0.94473046,0.9493672,0.94435287,0.9539616,0.94482434,0.94645107,0.9519632,0.9493066,0.9518499,0.9543645,0.9379981,0.9486716,0.9490379,0.9497002,0.9428885,0.9394472,0.94701356,0.95611846,0.95159125,0.94652957,0.9564333,0.9407181,0.95405346,0.94641554,0.94205236,0.9554595,0.9522458,0.91963124,0.9502439,0.92311954,0.9441858,0.94855404,0.94876236,0.9480611,0.9596317,0.94805515,0.949116,0.9511186,0.94677126,0.94953686,0.9369917,0.95412123,0.94886816,0.9431783,0.95336163,0.9393282,0.9427714,0.94962615,0.94259757,0.94537723,0.95221144,0.95636463,0.9419341,0.9512637,0.9449454,0.94685435,0.96861136,0.9448952,0.94475377,0.94371325,0.93690026,0.95051885,0.9419375,0.9398209,0.94085217,0.932941,0.9528075,0.94961315,0.9494716,0.94330937,0.9404418,0.94795144,0.9429511,0.9383934,0.9480698,0.9528678,0.96861136,0.944821,0.9583931,0.9467595,0.9418902
angelhasfallen,0.95549417,0.9498493,0.9538101,0.94733495,0.9571677,0.9589213,0.95919,0.9520338,0.9769999,0.94698185,1.0000002,0.95196724,0.9615767,0.96084845,0.9556668,0.9562096,0.96031755,0.95798033,0.9496033,0.94404966,0.9393799,0.9558804,0.955824,0.95891744,0.95868266,0.90863264,0.9540097,0.9591265,0.9539803,0.9591544,0.9504924,0.9626861,0.9441897,0.95435476,0.951459,0.9457716,0.9599918,0.95350474,0.9643926,0.9474387,0.95012456,0.9613943,0.95593125,0.96361864,0.9619005,0.9566571,0.95297897,0.9548074,0.953611,0.96041495,0.9558445,0.96412724,0.95716804,0.95175034,0.94520324,0.95417166,0.9417099,0.95237154,0.9554232,0.95506144,0.9488004,0.9550413,0.9577324,0.9573569,0.9599743,0.9561622,0.9361325,0.95844734,0.96919495,0.9462521,0.95428,0.8781609,0.95813066,0.955971,0.9555423,0.9465397,0.93452483,0.94741976,0.95311815,0.9526219,0.97224164,0.9528892,0.95496696,0.9470242,0.9479521,0.9630839,0.9602776,0.9627273,0.94308174,0.9589764,0.95278746,0.95428,0.96171486,0.9561141,0.9484624,0.9589449,0.96532834,0.9476174,0.9514039,0.94367254,0.96043,0.9627422,0.9542304,0.95698833,0.95624787,0.9522072,0.9581092,0.9575932,0.94967824,0.9529605,0.9554023,0.9344401,0.9544524,0.94353443,0.95052177,0.9706272,0.9634125,0.9511853,0.96712494,0.957874,0.95944524,0.9598173,0.9569689,0.9535444,0.9503104,0.960751,0.95167315,0.95318353,0.96101415,0.9435289,0.94387317,0.9533609,0.9600662,0.9584835,0.9556772,0.9529479,0.9643719,0.95763206,0.9543703,0.9599209,0.9769999,0.951927,0.9521564,0.9544545,0.9454821,0.9595753,0.95723593,0.9537956,0.9610764,0.9552723,0.96110773,0.95982075,0.95670587,0.9387668,0.9509827,0.9468484,0.9526137,0.950921,0.9547734,0.9546128,0.9769999,0.9449302,0.95962423,0.9531564,0.9524786
angrybirdsmovie,0.962735,0.9487887,0.96868026,0.9507884,0.9446379,0.9481013,0.9603045,0.943199,0.975392,0.93382144,0.95196724,1.0,0.95252717,0.9595018,0.95752215,0.96076417,0.955834,0.9455949,0.95206827,0.95095897,0.95132375,0.957517,0.9577183,0.96450055,0.95433897,0.91285443,0.9414407,0.951672,0.9641551,0.95587003,0.9521981,0.96046317,0.93757176,0.967511,0.9450346,0.9498454,0.961679,0.9560459,0.95658654,0.9433846,0.9524085,0.952784,0.9577306,0.95305943,0.9625459,0.95596164,0.95864654,0.96029574,0.95337284,0.9513089,0.96877676,0.9671802,0.95374703,0.94355065,0.94444096,0.94273305,0.93857,0.9523787,0.95643467,0.9538724,0.95005614,0.9449901,0.9514642,0.95228153,0.95637673,0.9495525,0.94149774,0.9616782,0.9536709,0.95372224,0.9572394,0.88087165,0.9600062,0.95190406,0.9471325,0.9482916,0.9402532,0.95307475,0.9445694,0.9484084,0.9603485,0.9516361,0.9530807,0.94603455,0.9683841,0.9522551,0.94952375,0.95582783,0.94683003,0.9525276,0.9495804,0.9572394,0.95211333,0.9447206,0.964941,0.9540641,0.95034426,0.9550278,0.9533729,0.95223624,0.95462555,0.95943844,0.9580395,0.9536113,0.95281124,0.9674722,0.9617451,0.9448867,0.9617008,0.9573324,0.9566952,0.93243253,0.95876944,0.9378898,0.94881713,0.95552796,0.96425533,0.9439471,0.95774275,0.960534,0.952062,0.9549949,0.9493019,0.94119,0.9540522,0.95418745,0.9426554,0.95166194,0.9568811,0.94810534,0.9534869,0.94711185,0.9494383,0.9453774,0.9555672,0.94991076,0.96171784,0.95067143,0.9690713,0.95736176,0.975392,0.96495116,0.94990706,0.94941944,0.959108,0.9565265,0.9527004,0.95004636,0.9501138,0.9530952,0.958902,0.9527012,0.9581763,0.93915826,0.94493276,0.9440731,0.95226544,0.95817775,0.95533323,0.9528288,0.975392,0.9409458,0.954481,0.9528543,0.9565221
annabellemovie,0.96201587,0.9440822,0.9587536,0.95229656,0.956892,0.960739,0.96158695,0.9507853,0.97695017,0.9488129,0.9615767,0.95252717,0.99999976,0.96373534,0.9608819,0.963954,0.9612947,0.96052736,0.9553282,0.9490703,0.95155334,0.9533194,0.96186376,0.9567486,0.9556294,0.91196954,0.9558708,0.95412177,0.95529777,0.9594789,0.95234257,0.9626544,0.9475647,0.9569307,0.95043397,0.943455,0.95562154,0.9706835,0.95865554,0.94987744,0.9597685,0.96242064,0.95745826,0.96370363,0.960349,0.9609535,0.9608432,0.96148634,0.9557442,0.9643058,0.9579469,0.96590084,0.964205,0.95699686,0.96224284,0.9553235,0.94153523,0.9520116,0.95284927,0.9501751,0.96367383,0.95701116,0.9549742,0.9640078,0.9532772,0.9463672,0.93840057,0.96351063,0.9568366,0.94408596,0.95277196,0.870415,0.9544653,0.95360184,0.95449847,0.9505673,0.94506633,0.9510309,0.9523125,0.9561179,0.9613249,0.9569485,0.96692383,0.9529454,0.9632764,0.96254593,0.96326566,0.9773056,0.94836545,0.9551338,0.94979936,0.95277196,0.96179724,0.9577644,0.9536312,0.95967764,0.96075743,0.9512727,0.95132494,0.9489633,0.9506181,0.9607599,0.95731044,0.9553886,0.95682687,0.9537096,0.96516055,0.959657,0.9492743,0.9529678,0.95957655,0.9351466,0.9606396,0.9461158,0.95947325,0.95861816,0.9609295,0.95101666,0.96715754,0.9577639,0.96414363,0.9613626,0.9556936,0.9533221,0.953748,0.9626759,0.9588146,0.9521522,0.9575553,0.94085044,0.9555191,0.9574692,0.9578389,0.9551388,0.954258,0.9547851,0.9593972,0.95669836,0.9522625,0.95863515,0.97695017,0.9521903,0.9542769,0.9631251,0.95505977,0.95536405,0.9592091,0.9566685,0.96281826,0.95626605,0.96625197,0.96625185,0.96152383,0.9478687,0.9503443,0.94944125,0.95837486,0.9418736,0.9565348,0.9595992,0.97695017,0.94827145,0.9614268,0.9646669,0.95574933
annamovie,0.9602376,0.9588986,0.96369684,0.9494295,0.9605486,0.9564472,0.96318054,0.9538308,0.9814773,0.9532951,0.96084845,0.9595018,0.96373534,1.0,0.96060187,0.96769947,0.96466,0.9627711,0.96269196,0.9535933,0.949042,0.9603198,0.9636329,0.9610019,0.9611527,0.9179208,0.95815,0.9584703,0.96461415,0.96011734,0.95253307,0.9685669,0.95803,0.96470654,0.9501524,0.9487199,0.9634873,0.96204287,0.95751095,0.9589432,0.96097875,0.9621241,0.959966,0.9605622,0.9651929,0.96303135,0.96434486,0.9589587,0.95414245,0.9617565,0.9636308,0.9675143,0.96451044,0.95447004,0.95224637,0.9568753,0.9489932,0.9646054,0.9568257,0.96009386,0.9549891,0.9577931,0.9573792,0.9740973,0.95734394,0.9548093,0.94545346,0.9673329,0.9584226,0.9511969,0.96408796,0.8783385,0.9607141,0.9602494,0.95543814,0.9548725,0.94572884,0.95614535,0.95262516,0.9602005,0.9622717,0.9570823,0.963148,0.9547831,0.96205115,0.9617193,0.9575356,0.9629333,0.96054804,0.9621428,0.95295453,0.96408796,0.96064603,0.960341,0.9590675,0.9585414,0.96121085,0.9598758,0.9575348,0.96728224,0.9616368,0.9639794,0.9610535,0.96414614,0.97586197,0.9616323,0.9666728,0.96497345,0.9530883,0.96545464,0.95714384,0.9360352,0.9664536,0.9421364,0.9519203,0.9533718,0.9643731,0.95216745,0.9661973,0.9590197,0.9599077,0.96446186,0.9613144,0.95458144,0.9566194,0.9624325,0.9558868,0.9548482,0.95741916,0.95063764,0.95746595,0.95405245,0.96243066,0.95627636,0.9639218,0.9556008,0.95976436,0.96085054,0.96177006,0.9580139,0.9814773,0.9629907,0.9612978,0.96287143,0.95908,0.9643913,0.9550303,0.95620936,0.96214527,0.9572362,0.9628626,0.9602231,0.95953006,0.9534299,0.9533786,0.9548795,0.9561837,0.95562947,0.9597456,0.9629583,0.9814773,0.95913625,0.96166116,0.9620164,0.963428
apollo11movie,0.9645054,0.9433632,0.95918715,0.9553329,0.95776904,0.9569853,0.96055174,0.9475721,0.9771771,0.9503984,0.9556668,0.95752215,0.9608819,0.96060187,1.0000004,0.95788443,0.9597802,0.9558122,0.95995736,0.9700864,0.9525528,0.9534263,0.9610954,0.9614266,0.9590368,0.91274893,0.9599704,0.95455855,0.9529494,0.95309585,0.954611,0.9603225,0.95225996,0.9586879,0.9512037,0.94481456,0.96416456,0.9591809,0.95291567,0.94865894,0.961115,0.9595091,0.94812113,0.9597696,0.9661368,0.9584292,0.9603314,0.9555832,0.9489078,0.9587246,0.95245457,0.9690601,0.9550921,0.9537926,0.955487,0.95251983,0.9378382,0.9596438,0.96332604,0.95498997,0.95832574,0.94916767,0.95747536,0.9604286,0.9607137,0.95058864,0.95222825,0.96433055,0.96007437,0.9551089,0.96071225,0.8760162,0.9544248,0.9522394,0.95777,0.94327825,0.9416621,0.95453084,0.9479554,0.9543855,0.9663125,0.954036,0.96011055,0.9498851,0.9619035,0.9591005,0.9562605,0.96238106,0.9481106,0.957256,0.9537148,0.96071225,0.9509899,0.9570622,0.95592135,0.9743294,0.95853883,0.9644155,0.95445144,0.95248526,0.9615486,0.96010137,0.95401144,0.9571083,0.95810914,0.953878,0.9609055,0.9603776,0.9484618,0.95823854,0.96159804,0.9354476,0.96573484,0.9343846,0.9634601,0.9549638,0.9674848,0.95540744,0.9700203,0.9568236,0.95887804,0.9642031,0.954557,0.95296615,0.9508398,0.9605441,0.96085984,0.945782,0.95828325,0.94751626,0.96077746,0.96154505,0.95542777,0.9566553,0.9610959,0.9517002,0.9609515,0.95783633,0.9651576,0.95697105,0.9771771,0.9542709,0.961366,0.9575582,0.9567711,0.9591896,0.9524985,0.95656866,0.96380895,0.95400137,0.9615266,0.9508697,0.9594156,0.94852936,0.9582374,0.9553171,0.96015674,0.9523455,0.9584263,0.96432894,0.9771771,0.9518584,0.95910376,0.95696855,0.95217717
arcticdogsmovie,0.9635223,0.9638948,0.96423477,0.9585673,0.9612564,0.960184,0.9625794,0.9539512,0.97955465,0.9515388,0.9562096,0.96076417,0.963954,0.96769947,0.95788443,0.9999995,0.9622933,0.95879525,0.96008986,0.9478005,0.957676,0.958464,0.96224,0.9659727,0.9540224,0.9143766,0.9582265,0.9548481,0.9589274,0.95932066,0.95311916,0.9626357,0.94893825,0.9603491,0.9458413,0.94264215,0.9634344,0.9597809,0.9611245,0.9483587,0.96337306,0.9592607,0.95689213,0.95971173,0.9651198,0.96024615,0.9633319,0.95862246,0.95697236,0.9583357,0.95864844,0.96578425,0.9612837,0.95528954,0.9512504,0.9592352,0.9523571,0.95979697,0.95961434,0.9625248,0.9600344,0.9557222,0.96113676,0.95819914,0.9555046,0.95322394,0.956192,0.96530557,0.95995474,0.9469247,0.96669614,0.8657253,0.96309686,0.9580068,0.9569522,0.95548576,0.94422024,0.9536415,0.95574445,0.9554897,0.95777655,0.9551744,0.961913,0.95134395,0.96116453,0.96462655,0.9551964,0.96160823,0.9603158,0.9608418,0.9581148,0.96669614,0.9579761,0.9581922,0.955936,0.9568828,0.95804805,0.96142936,0.9557686,0.9555773,0.95797294,0.96270096,0.95935684,0.9620131,0.9596251,0.9562163,0.9626926,0.96473724,0.9625832,0.9573236,0.96164596,0.92508656,0.9615716,0.9384893,0.94809586,0.9527163,0.9627995,0.9528098,0.96579295,0.960882,0.96123546,0.9609589,0.95689076,0.9582219,0.9541847,0.95944434,0.9566934,0.9490946,0.96193725,0.951115,0.9602111,0.9592413,0.96020925,0.95686007,0.95479476,0.9575279,0.9589761,0.95196116,0.96354395,0.9576991,0.97955465,0.9613433,0.95693845,0.9605323,0.95496845,0.9571278,0.95678264,0.9546884,0.95955074,0.9515275,0.96231496,0.9612444,0.9634923,0.9573825,0.95262337,0.95933044,0.95548064,0.9581234,0.9546867,0.9589854,0.97955465,0.94908154,0.95828307,0.961948,0.9579653
arcticmovie,0.9609097,0.94930905,0.9559701,0.94891244,0.95558906,0.9575356,0.95641536,0.94853646,0.9755383,0.9435729,0.96031755,0.955834,0.9612947,0.96466,0.9597802,0.9622933,1.0,0.95797944,0.9600751,0.94904214,0.94353116,0.95048153,0.96106505,0.95946443,0.958242,0.91024965,0.9532079,0.9681472,0.9572936,0.95479375,0.9561664,0.96327025,0.94426537,0.9603683,0.9388721,0.9413091,0.96430475,0.95926356,0.9531468,0.9468198,0.95327824,0.9589085,0.95504826,0.9566299,0.96558,0.9600742,0.96000415,0.95737934,0.95355177,0.95790845,0.95595026,0.9683005,0.95521575,0.94510007,0.9512762,0.95050555,0.9465884,0.9525454,0.9521204,0.95411,0.9606704,0.9464342,0.96321183,0.9596504,0.9532098,0.94956505,0.94697213,0.96549344,0.95996773,0.9486489,0.9619547,0.87293315,0.95545244,0.9610973,0.95550203,0.95350486,0.9445929,0.94630694,0.9439831,0.94659173,0.95855075,0.9514536,0.9567177,0.9479679,0.95253456,0.9657777,0.9514456,0.9607246,0.95526093,0.95095074,0.94908214,0.9619547,0.9640412,0.95732105,0.9558863,0.95768005,0.96030825,0.9573147,0.9532856,0.953432,0.9606406,0.95512843,0.9512743,0.95846874,0.95999295,0.9525758,0.95919555,0.9605855,0.94542253,0.9550105,0.95936066,0.9328758,0.9564907,0.9376482,0.94803977,0.95156735,0.9614099,0.94704336,0.9645553,0.9603856,0.95750314,0.95940304,0.95296675,0.95090294,0.95538706,0.9589667,0.9524413,0.94945806,0.9554159,0.9520916,0.95937747,0.9485263,0.9763833,0.9651594,0.95428705,0.9479002,0.95663095,0.9577698,0.9620261,0.96167696,0.9755383,0.9536654,0.9550112,0.95183086,0.94910836,0.9603435,0.957439,0.94918,0.95629716,0.95026076,0.95845073,0.9515133,0.9615053,0.9476703,0.9527621,0.9525092,0.95416534,0.94891834,0.9538482,0.9583554,0.9755383,0.9505791,0.9571052,0.95968086,0.957078
artofracingmovie,0.9596144,0.9520241,0.96372575,0.9454217,0.9773234,0.95758057,0.9598372,0.9576204,0.9752516,0.95928884,0.95798033,0.9455949,0.96052736,0.9627711,0.9558122,0.95879525,0.95797944,1.0000001,0.9541719,0.94794244,0.94566125,0.9526404,0.96111673,0.9538272,0.95247865,0.91800624,0.9624681,0.95449257,0.95604646,0.9567107,0.9458867,0.95783776,0.95150405,0.954287,0.94764096,0.94241786,0.95488495,0.9573726,0.9568824,0.9423185,0.9548754,0.953074,0.9564805,0.9518707,0.9679023,0.9552446,0.9612598,0.95755017,0.9516089,0.9550617,0.9571955,0.96271,0.9567626,0.95568055,0.94961894,0.9726508,0.9440267,0.95806885,0.9530063,0.95719445,0.95535773,0.9505364,0.95352197,0.95760643,0.9568313,0.9525113,0.946049,0.9642319,0.95776314,0.9431597,0.9641444,0.8778127,0.95456976,0.95649236,0.945086,0.95707685,0.941835,0.9492089,0.9495358,0.9507909,0.9532839,0.9512031,0.95623434,0.9491915,0.95291823,0.9551214,0.9579118,0.96390516,0.95399946,0.95712787,0.95303047,0.9641444,0.95382,0.95164293,0.9523812,0.9568753,0.9589979,0.9565033,0.95036846,0.94547445,0.95320153,0.95762867,0.9609208,0.9630932,0.9564021,0.95447516,0.9526435,0.9587056,0.9513978,0.9504449,0.9547531,0.9342942,0.9623568,0.93834674,0.95432216,0.9597774,0.9644391,0.9450148,0.9653676,0.9557889,0.9590996,0.9604087,0.96051174,0.95985353,0.9459936,0.95725834,0.9499911,0.94849485,0.97206944,0.94292444,0.95165867,0.96577704,0.9576455,0.95004046,0.9590801,0.9524955,0.95478606,0.9626399,0.9579439,0.9683044,0.9752516,0.95671296,0.9526033,0.9558087,0.94809157,0.9566786,0.95429397,0.94695264,0.9546049,0.9530009,0.9611505,0.95809126,0.95606357,0.94689673,0.9516136,0.96379006,0.94957095,0.956152,0.95830643,0.96212816,0.9752516,0.9573204,0.9644757,0.95878917,0.9565103
avengers,0.9709008,0.9515196,0.95858043,0.95408976,0.9553272,0.959079,0.96051365,0.94526255,0.9761601,0.9472147,0.9496033,0.95206827,0.9553282,0.96269196,0.95995736,0.96008986,0.9600751,0.9541719,1.0000002,0.95340043,0.95629656,0.9516806,0.95998704,0.96445864,0.95369476,0.90692014,0.94890666,0.9539194,0.9561666,0.9565594,0.97221124,0.9548793,0.9491167,0.96369857,0.94063765,0.9323118,0.9626965,0.9533479,0.9540583,0.94913346,0.9558976,0.96054596,0.9538961,0.95679235,0.96392757,0.95904225,0.9618845,0.95462173,0.95660895,0.9606518,0.9601687,0.9649708,0.9570664,0.9511308,0.9417481,0.9497606,0.93352884,0.9517868,0.95970863,0.9531867,0.9612082,0.9561722,0.96119374,0.96028394,0.95542693,0.9515743,0.95073223,0.9675429,0.9563918,0.9462511,0.9602737,0.87429076,0.95014375,0.9625067,0.95689154,0.9496699,0.93873596,0.9522648,0.9561073,0.9536585,0.9562502,0.9490802,0.9604558,0.95086116,0.958201,0.95835596,0.94965845,0.9555717,0.95258397,0.95599645,0.95584935,0.9602737,0.9555289,0.95751446,0.96003735,0.9524677,0.9586762,0.9614609,0.95226157,0.95485854,0.95283514,0.95569885,0.95314395,0.9584349,0.96232355,0.95890087,0.9619415,0.9581182,0.95307225,0.9534506,0.95705116,0.9220386,0.9549401,0.9231339,0.9517081,0.9460916,0.9608954,0.9463858,0.9638423,0.9571946,0.9609349,0.95721734,0.955709,0.95736194,0.9556377,0.95620227,0.9592666,0.9614695,0.95285785,0.9596534,0.96111053,0.9493749,0.9571174,0.9537686,0.95065135,0.9546154,0.95683783,0.9501155,0.9623023,0.95026743,0.9761601,0.95318055,0.95505047,0.9547508,0.9503897,0.9556277,0.9514887,0.9488357,0.9555948,0.9495582,0.95764476,0.95022357,0.9557215,0.94825476,0.94757074,0.9512173,0.956159,0.9513839,0.9515642,0.9494807,0.9761601,0.9532544,0.9558646,0.9598489,0.9562974
beachbummovie,0.9547178,0.94254535,0.9533943,0.9479179,0.94902813,0.94192064,0.9522197,0.9386355,0.96897155,0.937898,0.94404966,0.95095897,0.9490703,0.9535933,0.9700864,0.9478005,0.94904214,0.94794244,0.95340043,1.0000002,0.94660395,0.9572996,0.95191634,0.94950277,0.9422413,0.900748,0.94834715,0.94524044,0.94930893,0.9441482,0.95360905,0.94837046,0.94094545,0.95172143,0.93828547,0.9302288,0.9594961,0.9519178,0.948557,0.941394,0.94546586,0.94821686,0.94397575,0.9493354,0.9582031,0.9568687,0.9518097,0.9474849,0.9490143,0.9512684,0.95202464,0.96360976,0.94283336,0.9414924,0.94733036,0.9437725,0.9279164,0.9400612,0.9521422,0.9560683,0.9437189,0.94503474,0.9452401,0.94579923,0.95052785,0.9402997,0.94068855,0.9556706,0.94471073,0.95488775,0.95369416,0.8734414,0.9473354,0.9476585,0.945818,0.9389036,0.92700374,0.9435694,0.94192535,0.9419424,0.9513196,0.94715625,0.94900066,0.9431264,0.9517662,0.9479561,0.9460542,0.94999903,0.94379795,0.95236516,0.95569146,0.95369416,0.94071424,0.94572127,0.95580256,0.9610265,0.9430976,0.969635,0.9403894,0.94905096,0.9541726,0.9570579,0.94907284,0.9536884,0.9530855,0.9496021,0.96044374,0.9506903,0.9438553,0.9501511,0.9579178,0.9280046,0.9575159,0.9232389,0.94936687,0.94335777,0.9603563,0.9428921,0.95542496,0.95414597,0.9521975,0.9503845,0.9513275,0.9358537,0.94927573,0.95339847,0.9446954,0.9429652,0.9418351,0.9448802,0.95987505,0.947529,0.94294965,0.94176435,0.9509686,0.94129574,0.957284,0.9523181,0.9608896,0.96106654,0.96897155,0.94677407,0.9521784,0.9465215,0.94440687,0.9510825,0.9391369,0.9454543,0.950428,0.94485813,0.9542483,0.9433384,0.9565008,0.93617684,0.94817424,0.943679,0.9517396,0.95036846,0.9456137,0.9529652,0.96897155,0.95044136,0.9519497,0.9559136,0.94727796
bernadettefilm,0.9567181,0.9425371,0.9548554,0.95197505,0.94981915,0.95276487,0.9567637,0.93497694,0.9700836,0.93699986,0.9393799,0.95132375,0.95155334,0.949042,0.9525528,0.957676,0.94353116,0.94566125,0.95629656,0.94660395,1.0000002,0.944336,0.9564848,0.9523732,0.949315,0.9163706,0.94360715,0.93749195,0.94961417,0.9530757,0.9485112,0.9495439,0.93885905,0.95298165,0.94235015,0.93901277,0.94801605,0.94796014,0.9469053,0.9383484,0.95962274,0.95516074,0.9447376,0.94964194,0.95843077,0.9531411,0.95681393,0.94974303,0.9527265,0.9483957,0.95076525,0.95788944,0.95375407,0.95213085,0.9430874,0.9490816,0.9312742,0.9566594,0.95651966,0.95145947,0.95391226,0.95721304,0.9496433,0.94760776,0.95396006,0.9452185,0.9420255,0.9624966,0.94070363,0.9456546,0.9576333,0.87167144,0.9485635,0.9458367,0.9475323,0.9488416,0.93477774,0.94316524,0.9446453,0.9463308,0.9452621,0.9470137,0.9544315,0.9440978,0.95711225,0.9584557,0.95053005,0.9478631,0.9519634,0.95067537,0.95907754,0.9576333,0.94536096,0.9503861,0.94622546,0.9495411,0.9508485,0.9589194,0.947108,0.9415536,0.9445446,0.9563378,0.94900405,0.9506253,0.94630194,0.9508709,0.9548346,0.950983,0.9508491,0.94283074,0.9504675,0.9261621,0.96443343,0.93425965,0.96454746,0.94737643,0.9541193,0.936305,0.9527946,0.95390594,0.9550482,0.9517985,0.942678,0.95200026,0.9519106,0.9569003,0.94530815,0.94169384,0.95039487,0.9408816,0.9672816,0.9491053,0.93746936,0.9393975,0.9498098,0.9520409,0.95365983,0.94793147,0.95950526,0.9442786,0.9700836,0.9470539,0.95405114,0.9480476,0.94997984,0.9454522,0.9482879,0.9466346,0.9487128,0.9340002,0.9468319,0.94362724,0.95310336,0.9475092,0.95496935,0.95239204,0.9470081,0.95227706,0.950786,0.95260096,0.9700836,0.94260067,0.94608504,0.9514444,0.94581515
