movie,21bridgesmovie,47metersdown,abeautifuldaymovie,abominablemovie,adastramovie,adogsjourneymovie,aftermathmovie,aftermovie,ahiddenlifefilm,alitamovie,angelhasfallen,angrybirdsmovie,annabellemovie,annamovie,apollo11movie,arcticdogsmovie,arcticmovie,artofracingmovie,avengers,beachbummovie,bernadettefilm,blackandbluemovie,blackchristmas,blindedbythelightmovie,bombshellmovie,booksmart,breakthroughmovie,brianbanksmovie,brightburnmovie,brittanyrunsmov,captainmarvelofficial,captivestatemovie,catsmovie,charliesangels,childsplaymovie,clarathefilm,coldpursuitmovie,countdown,currentwarmovie,darkwatersmovie,detectivepikachumovie,disneyaladdin,disneyfrozen,disneymaleficent,doctorsleepmovie,dolemiteismyname,dontletgomovie,doramovie,downtonabbey_official,dumbo,escaperoom,everybodyknowsmovie,fastandfuriousmovie,fightingwmyfam,fivefeetapartfilm,fordvferrari,freaksthefilm,geminimanmovie,glassmovie,gloriabellmovie,godzillamovie,goldfinchmovie,goodboysmovie,goodliarmovie,gretafilm,halathemovie,happydeathdaymovie,harrietfilm,hellboymovie,hersmellmovie,highlifemovie,highstrungmovie,honeyboymovie,hotelmumbaifilm,httydragon,hustlemovie,hustlersmovie,isntitromantic,itmovieofficial,jayandsilentbob,johnwickmovie,jojorabbitmovie,jokermovie,judythefilm,jumanjimovie,justmercyfilm,knivesout,lalloronamovie,lastblackmansf,lastchristmasthemovie,latenightmovie,lighthousemovie,lionking,littlethemovie,littlewomenmovie,littlewoodsfilm,longshotmovie,lordsofchaosmovie,lucyintheskyfilm,mamovie2019,marriagestory,meettheaddams,meninblack,midsommarmovie,midwaymovie,missbalamovie,missinglinkfilm,motherlessbklyn,onceinhollywood,onthebasisofsex,overcomermovie,peanutbutterfalcon,petsematarymovie,piercingmovie,playingwithfire,playmobilthemovie,pomsmovie,queenandslim,rambomovie,readyornotfilm,richardjewellfilm,rocketmanmovie,scarystoriesmovie,secretlifeofpets,serenityfilm,shaftmovie,shazammovie,spidermanmovie,spiesindisguise,starwars,stormboymovie,stubermovie,taosdfilm,teenspiritmov,terminator,theaeronautsmov,thebestofenemies,thedeaddontdie,thefarewell,thehighwaymen,thehummingbirdprojectfilm,theintrudermovie,theirishmanfilm,thekitchenmovie,thelegomovie,themustangfilm,thenightingalefilm,theprodigymovie,thesunisalsoastar,theupsidefilm,tolkienmovie,toystory,triplefrontier,uglydolls,uncutgems,underthesilverlake,usmovie,wavesmovie,whatmenwant,wonderparkmovie,wrinklestheclown,xmenmovies,yardiefilm,yesterdaymovie,zombieland
21bridgesmovie,0.99999994,0.9835481,0.9840828,0.98258173,0.9873057,0.98004156,0.98928285,0.98190796,0.9924241,0.9830987,0.9805874,0.9758883,0.9821152,0.99005854,0.9805161,0.9869482,0.9845463,0.9843283,0.9934546,0.9827432,0.9834551,0.9828106,0.98388994,0.9907672,0.9783681,0.785863,0.9756625,0.9860245,0.98228574,0.9848149,0.9843203,0.9889977,0.9770984,0.9826187,0.96369284,0.93520546,0.9833218,0.9900939,0.97664094,0.98386943,0.97777665,0.9747385,0.9577893,0.9750288,0.9874872,0.99469405,0.9833921,0.9871011,0.95762205,0.98207504,0.9799815,0.98732656,0.9808026,0.97979367,0.9767138,0.981313,0.9858583,0.981629,0.9834418,0.984842,0.98225737,0.986654,0.9843399,0.9805159,0.9800595,0.96227497,0.9805233,0.9787509,0.9797813,0.96261555,0.9896395,0.5530104,0.9771012,0.985363,0.9786011,0.97092813,0.9348273,0.9691715,0.98029184,0.96932703,0.9869654,0.9788334,0.98467416,0.9725975,0.98363703,0.98302144,0.97777486,0.9788863,0.9818178,0.980354,0.9706642,0.9896395,0.9794636,0.9806552,0.9829896,0.978034,0.9815357,0.9844406,0.9776765,0.97684264,0.9870788,0.98289776,0.96643025,0.99060416,0.97582036,0.9759886,0.9856661,0.99003875,0.9780468,0.97347784,0.98665655,0.7582594,0.9826111,0.92878014,0.98291266,0.98499656,0.9971831,0.9705979,0.99169517,0.98380196,0.97928554,0.98340464,0.9829585,0.97471213,0.98688495,0.98745775,0.9770564,0.96162367,0.96408397,0.9220424,0.97724044,0.98407704,0.9919684,0.96167237,0.9829487,0.98314226,0.9840555,0.9723779,0.99186313,0.9807416,0.9924241,0.98255974,0.9907514,0.98017037,0.9783346,0.9888388,0.9641889,0.96604306,0.9857572,0.98076993,0.9835353,0.9854924,0.98762053,0.9732602,0.9774303,0.98504937,0.982955,0.9866868,0.98237824,0.97707033,0.9924241,0.98499167,0.98999715,0.9788015,0.9769998
47metersdown,0.9835481,0.99999994,0.97092277,0.9709766,0.96868646,0.9813681,0.9759001,0.96763164,0.9809493,0.9723704,0.97061336,0.95656997,0.96632814,0.9721809,0.9618458,0.9842513,0.9677969,0.9679382,0.9794048,0.9634786,0.96564525,0.9675009,0.97599083,0.9745188,0.9711945,0.7998533,0.9773543,0.9691409,0.96855307,0.97458005,0.97020835,0.97374785,0.9666644,0.96480036,0.9568393,0.9405845,0.97351617,0.9808432,0.9619411,0.9744011,0.9718432,0.97991395,0.959479,0.9726671,0.9738371,0.98383886,0.9759421,0.9695231,0.9367148,0.9796567,0.9623069,0.975216,0.9663851,0.9636426,0.9658805,0.9677184,0.97881794,0.98145545,0.96532863,0.97277224,0.967684,0.9705553,0.98078954,0.96128446,0.96890706,0.9562048,0.9687921,0.9643882,0.9628088,0.9484446,0.98043734,0.5256122,0.9655323,0.97176445,0.9618055,0.95739764,0.9401443,0.95684123,0.9605693,0.95546955,0.9738886,0.963535,0.9734412,0.9560677,0.9609074,0.97431684,0.96289206,0.9615721,0.979359,0.9762674,0.96247125,0.98043734,0.9779564,0.97122794,0.9734646,0.9661212,0.96682155,0.9769377,0.96774024,0.9650996,0.97678906,0.9707118,0.9561193,0.9816726,0.9716817,0.9599161,0.9680596,0.9812416,0.9712939,0.96715945,0.9782001,0.7533455,0.9779605,0.9271907,0.97637135,0.9723607,0.9835714,0.9566212,0.9767539,0.96854675,0.97050804,0.9853984,0.97649115,0.9695892,0.9714953,0.9786124,0.95691705,0.94879425,0.9510689,0.92110026,0.961394,0.96829164,0.9840474,0.9490784,0.9831392,0.9748096,0.96976227,0.96514535,0.978794,0.9668599,0.9809493,0.9680964,0.97925216,0.96637565,0.96199614,0.97133416,0.95720065,0.94687873,0.9713148,0.967833,0.96931875,0.97542167,0.9738432,0.94984823,0.9603733,0.9774059,0.9781537,0.97496074,0.97476685,0.97399276,0.9809493,0.96933365,0.9759047,0.9678451,0.9597404
abeautifuldaymovie,0.9840828,0.97092277,0.9999999,0.9743831,0.9845588,0.96788114,0.9872308,0.9702766,0.98535395,0.96821487,0.9800653,0.9740327,0.9800068,0.9789813,0.9748716,0.97885317,0.96831805,0.9805741,0.9895915,0.9772025,0.97998035,0.98484135,0.9826045,0.9853383,0.97964925,0.81020856,0.9714029,0.9738353,0.9837131,0.9779564,0.9773897,0.9729301,0.97541827,0.9739886,0.9472279,0.92023647,0.97534513,0.97962695,0.97323686,0.9644599,0.96897745,0.97105,0.95659924,0.9755458,0.97515243,0.98059255,0.9823623,0.9814676,0.9408867,0.9791359,0.9828296,0.9698758,0.9715874,0.9846355,0.9707307,0.97485095,0.98766965,0.97775894,0.97418433,0.97576386,0.97867435,0.9732986,0.979821,0.9751602,0.9693242,0.9686144,0.9699779,0.95499223,0.98078585,0.96015173,0.9803228,0.55150247,0.95716506,0.97461414,0.9660318,0.96964043,0.9279283,0.96662664,0.9743729,0.96409553,0.98135585,0.98517483,0.9701861,0.9674047,0.9793965,0.9732622,0.9691489,0.97770226,0.9724784,0.9721119,0.9682293,0.9803228,0.98060125,0.9689885,0.9869366,0.9731671,0.98141474,0.9794157,0.9729529,0.9691012,0.9742596,0.98382455,0.96654636,0.98054695,0.9583107,0.9801697,0.9716213,0.9796205,0.9852281,0.96207935,0.98179877,0.81475157,0.97352576,0.9302089,0.97757554,0.97844166,0.98478144,0.96959305,0.9795706,0.9814645,0.97729045,0.9866653,0.9847232,0.9684987,0.96932316,0.97817075,0.96784866,0.9732075,0.97560334,0.92255855,0.9711073,0.9866078,0.9793552,0.95085806,0.9772443,0.9747939,0.97239405,0.958065,0.97890157,0.96869934,0.98535395,0.97960716,0.9778414,0.96955204,0.97187465,0.9745832,0.9653883,0.9587243,0.97826856,0.9742418,0.9756815,0.98575383,0.9806845,0.9580646,0.9597629,0.975071,0.9763979,0.9769898,0.9727786,0.97059536,0.98535395,0.9758869,0.9774434,0.97107726,0.9789452
abominablemovie,0.98258173,0.9709766,0.9743831,0.9999999,0.9752558,0.9692697,0.9765102,0.9845894,0.983701,0.9731141,0.9715171,0.949906,0.976315,0.9749612,0.9832014,0.97984594,0.9757727,0.9752001,0.9785371,0.9761215,0.96743315,0.96744967,0.97938204,0.9759398,0.982354,0.79229915,0.96233106,0.9807637,0.9662722,0.9885613,0.9779806,0.9805656,0.9702998,0.9806843,0.9621684,0.9161131,0.98059535,0.9862465,0.96483004,0.9677909,0.97850317,0.9777622,0.95505977,0.97603655,0.9855972,0.9764699,0.9767064,0.97254425,0.94577825,0.97914034,0.96829957,0.9770537,0.97053146,0.96049637,0.9891198,0.9754718,0.9793007,0.9812468,0.9813762,0.976106,0.9760332,0.98402953,0.9741785,0.97589076,0.96977127,0.9635643,0.971112,0.9641784,0.96832347,0.9488372,0.97974426,0.5883019,0.9615824,0.9859587,0.9764122,0.9669646,0.92921996,0.9544804,0.9691297,0.9638381,0.9780194,0.96726835,0.97939163,0.9561063,0.97163904,0.97787637,0.9567221,0.9708502,0.9777824,0.9704954,0.971863,0.97974426,0.9716893,0.9688866,0.9756677,0.975507,0.9742224,0.96948606,0.96537966,0.974812,0.98231655,0.9787658,0.9520927,0.9774474,0.9603468,0.96245813,0.9826456,0.9834258,0.96253335,0.98109084,0.9783315,0.77511686,0.9784172,0.93874675,0.97694135,0.97214216,0.9842495,0.9773453,0.9806483,0.96076953,0.97873384,0.97793233,0.9807133,0.96800095,0.9809472,0.98616284,0.9649214,0.9541666,0.9595528,0.9345842,0.96213996,0.9714992,0.98898786,0.9571149,0.9808699,0.9853711,0.97904307,0.9738075,0.98184186,0.96949506,0.983701,0.9682174,0.9740971,0.97382706,0.9649954,0.9762136,0.9562572,0.9711413,0.979088,0.97962606,0.96918327,0.9776265,0.9810813,0.9620883,0.96069247,0.97562057,0.9791371,0.972381,0.9799746,0.9657002,0.983701,0.9815605,0.975013,0.9756236,0.9669496
adastramovie,0.9873057,0.96868646,0.9845588,0.9752558,1.0000001,0.971984,0.9850842,0.9775466,0.99043477,0.9832227,0.9852137,0.97129667,0.98094577,0.98671657,0.9822811,0.9833421,0.98168784,0.99056756,0.98728985,0.9805354,0.9803014,0.98189294,0.9810489,0.9897282,0.96982783,0.7872013,0.98083544,0.9809532,0.97631204,0.9779286,0.98557484,0.98869765,0.98056304,0.98000467,0.9516256,0.9157519,0.9836761,0.98182225,0.98056376,0.9799987,0.9747328,0.97958034,0.9586115,0.9809819,0.9880379,0.98288107,0.98019105,0.98011655,0.96489793,0.9832653,0.97565645,0.98468584,0.9835993,0.9735285,0.97813505,0.99284184,0.9894286,0.98109,0.97906005,0.98333997,0.9839558,0.9794479,0.97240317,0.97808963,0.9774287,0.9722278,0.9675374,0.9708762,0.9852126,0.96882266,0.98651,0.53723747,0.9801441,0.9837861,0.97855693,0.96956265,0.9373145,0.97458065,0.9780515,0.9709648,0.9897591,0.9784097,0.9777848,0.97260964,0.9841282,0.9808067,0.97633815,0.98368895,0.9787867,0.9814458,0.9808522,0.98651,0.972229,0.9771177,0.9768333,0.9769093,0.9847722,0.9809873,0.97433794,0.978816,0.9884632,0.9761651,0.95990336,0.98567986,0.9735248,0.9756744,0.9819326,0.98443604,0.9799882,0.9803318,0.9881878,0.7843367,0.9847306,0.93676853,0.98445606,0.9891821,0.9873369,0.9757059,0.9857721,0.9787443,0.97498095,0.9777742,0.9823935,0.97398216,0.98684907,0.98219013,0.97096246,0.966511,0.98248774,0.93062115,0.9685797,0.99084777,0.984203,0.9651993,0.97809875,0.97349554,0.96802396,0.97528553,0.98602355,0.9779024,0.99043477,0.97982854,0.98636454,0.9817429,0.98196626,0.9854024,0.9590132,0.9603831,0.98077273,0.97343665,0.9842846,0.9802211,0.98406625,0.9630182,0.9740521,0.98168397,0.98235214,0.98109704,0.98047274,0.97943014,0.99043477,0.9856606,0.9833139,0.9797012,0.9758153
adogsjourneymovie,0.98004156,0.9813681,0.96788114,0.9692697,0.971984,1.0000001,0.97500855,0.97080815,0.98331124,0.96715724,0.9652706,0.96358377,0.9671712,0.9756068,0.97179204,0.98220193,0.97757006,0.9627337,0.97322226,0.96361595,0.96855396,0.96501255,0.9740365,0.9770874,0.9664697,0.78412414,0.9620491,0.97252846,0.9657022,0.97615474,0.96656513,0.97371083,0.9714397,0.9619203,0.9461748,0.9327407,0.98170304,0.97476566,0.96973,0.9680368,0.9750298,0.9740058,0.96093714,0.97053474,0.9778956,0.97442317,0.96931356,0.97945106,0.94796515,0.97789776,0.9636922,0.9757329,0.9697857,0.9642519,0.9648534,0.9633269,0.9811108,0.97808355,0.9730077,0.97364724,0.9789782,0.97611487,0.9728486,0.97073996,0.95896596,0.96260136,0.9656637,0.9654393,0.9668001,0.9470733,0.9795016,0.5294398,0.9674604,0.96266115,0.96677125,0.96003973,0.92394197,0.9592479,0.9667855,0.97215635,0.9715468,0.9690148,0.9745411,0.9596958,0.96689516,0.97019565,0.96007717,0.9689636,0.97571045,0.97824115,0.9579615,0.9795016,0.9800371,0.96742696,0.9719719,0.9622403,0.9741978,0.96907824,0.96142125,0.95990545,0.97324127,0.97356915,0.9567049,0.9742759,0.9700259,0.9619355,0.9795783,0.9835166,0.96982723,0.9586222,0.9780328,0.7236854,0.97717494,0.92773515,0.977394,0.9747201,0.9847012,0.9536577,0.97634566,0.97145766,0.96857184,0.9792899,0.97018427,0.9822151,0.9714854,0.9774388,0.97192687,0.9441437,0.9528533,0.93011075,0.9713365,0.9714432,0.9826919,0.95232874,0.9771485,0.9727763,0.9779225,0.9606378,0.98104435,0.96168286,0.98331124,0.97177446,0.96829605,0.97417766,0.9653645,0.97336066,0.96464765,0.943721,0.9805022,0.9772,0.97546536,0.9766586,0.97344893,0.9585293,0.9625536,0.97174644,0.97669196,0.97423327,0.9757117,0.97761875,0.98331124,0.97626156,0.98027897,0.9689589,0.96492565
aftermathmovie,0.98928285,0.9759001,0.9872308,0.9765102,0.9850842,0.97500855,0.99999994,0.9814078,0.992269,0.9806471,0.98278,0.97176385,0.9842552,0.98751086,0.98308676,0.98671424,0.97903943,0.9802471,0.9863338,0.9894928,0.9784318,0.98372537,0.9868426,0.9875876,0.9722581,0.8004053,0.97034127,0.97937363,0.9811512,0.9817053,0.9811961,0.98354346,0.97649413,0.98206276,0.965402,0.9305842,0.98185736,0.9871855,0.98105836,0.9774213,0.98395014,0.98084944,0.96669155,0.9851394,0.98346806,0.9841637,0.9857362,0.9853977,0.96666723,0.9887637,0.97882104,0.98447853,0.9854974,0.9844015,0.97649604,0.979376,0.98285705,0.9787362,0.978147,0.9852922,0.985033,0.97897285,0.98293155,0.9799175,0.9792969,0.9754715,0.98188823,0.9809245,0.9811443,0.9699876,0.98874676,0.5643025,0.9729006,0.9817958,0.98058355,0.9698724,0.92757404,0.971402,0.9816803,0.97237486,0.98668814,0.9854521,0.98613685,0.974286,0.98354274,0.97752184,0.9756792,0.98097134,0.9807996,0.9860023,0.97366977,0.98874676,0.9769795,0.9841674,0.98365355,0.98517287,0.982989,0.9919753,0.98782086,0.9816346,0.97738284,0.98419225,0.96807015,0.98656553,0.9753744,0.97605634,0.9827435,0.98919207,0.9773981,0.9718737,0.99066955,0.77582175,0.9828493,0.9386925,0.9824471,0.9847237,0.99166375,0.9734596,0.9907702,0.99421155,0.98162264,0.9809424,0.9883007,0.97533715,0.9801315,0.9896787,0.9684612,0.95762557,0.9697045,0.9318504,0.9762798,0.98303294,0.9839655,0.9557094,0.98172015,0.97677207,0.98161995,0.97135586,0.9883594,0.9741178,0.992269,0.98194224,0.97736704,0.983621,0.9830653,0.98445714,0.96691453,0.9707921,0.99096954,0.97775704,0.993046,0.98976433,0.98505175,0.97621614,0.9760693,0.9821538,0.9856317,0.9885262,0.97829413,0.98019105,0.992269,0.98250824,0.9805674,0.98655766,0.9754845
aftermovie,0.98190796,0.96763164,0.9702766,0.9845894,0.9775466,0.97080815,0.9814078,0.99999994,0.9905979,0.98881674,0.9708675,0.9591165,0.98128176,0.9865625,0.98397005,0.988425,0.9853604,0.97419477,0.9805904,0.97823876,0.97859657,0.97221553,0.9812151,0.98013175,0.9847271,0.80004406,0.96267354,0.9813573,0.9764244,0.99048537,0.9808825,0.9848607,0.9785008,0.9828931,0.974067,0.93345046,0.988953,0.98350894,0.964311,0.9687806,0.98300636,0.9807468,0.9699052,0.9845473,0.9858551,0.9780554,0.9793253,0.97966886,0.96447635,0.98517686,0.9764873,0.983876,0.9792218,0.9697432,0.9916008,0.97972023,0.97919667,0.978636,0.97993404,0.9849015,0.9806323,0.9846106,0.9716939,0.98134595,0.9713629,0.9720529,0.9803232,0.9787131,0.9595126,0.9655086,0.98584455,0.5834978,0.9687426,0.9857133,0.9814312,0.982249,0.9375483,0.97759676,0.9853325,0.98076195,0.98175263,0.975865,0.98479426,0.972853,0.97663563,0.9830359,0.9626457,0.9786329,0.98065597,0.9785293,0.971957,0.98584455,0.9711992,0.9685851,0.9809181,0.9813565,0.9746098,0.9797524,0.97476906,0.98133194,0.9826438,0.9766449,0.97068924,0.97902584,0.9785898,0.97514886,0.99156266,0.988231,0.9684168,0.9797492,0.98249686,0.7815095,0.98357403,0.942741,0.98031825,0.9745439,0.9835704,0.97805244,0.9874241,0.96692103,0.9851499,0.9804337,0.9859604,0.97409916,0.98147476,0.98459625,0.97238314,0.95178,0.96350116,0.9493014,0.9738152,0.97447103,0.9865692,0.9578571,0.9806206,0.98082566,0.9740311,0.9764105,0.985744,0.9787169,0.9905979,0.9757787,0.97550464,0.9884706,0.97895104,0.9840462,0.9636283,0.9763499,0.9866576,0.98280627,0.97908646,0.9798169,0.98681813,0.9751646,0.977741,0.9806454,0.9826046,0.97912097,0.98412514,0.9764211,0.9905979,0.98179436,0.9838373,0.9849495,0.9744114
ahiddenlifefilm,0.9924241,0.9809493,0.98535395,0.983701,0.99043477,0.98331124,0.992269,0.9905979,1.0,0.99010944,0.98680186,0.9757729,0.9919553,0.9942214,0.9897715,0.9899114,0.99181837,0.98768455,0.99242187,0.9851831,0.98818666,0.98788416,0.9883504,0.9927471,0.98217964,0.8155293,0.9762887,0.9879347,0.98854214,0.99039346,0.99028087,0.9936535,0.98585325,0.9882443,0.9740841,0.94408613,0.9940649,0.9904975,0.9862595,0.9836874,0.99147993,0.98819524,0.97593796,0.9898195,0.99393463,0.9899732,0.9878777,0.98812264,0.97266793,0.99252915,0.98773175,0.9922525,0.98722315,0.98064774,0.9869688,0.9885417,0.98854154,0.98707056,0.9859664,0.9914329,0.9906239,0.9867075,0.9859429,0.9904723,0.9829784,0.98268634,0.98427,0.9843053,0.983392,0.9792959,0.99471575,0.5547878,0.9841189,0.98734254,0.98889905,0.98119277,0.94837517,0.98063713,0.98761046,0.9835112,0.99158317,0.9888,0.9905979,0.98524445,0.98913854,0.98485017,0.97827804,0.99057436,0.98689693,0.9906653,0.98427707,0.99471575,0.98152006,0.983959,0.98924047,0.98984444,0.98721784,0.99092364,0.98102474,0.98699623,0.99102926,0.9851316,0.97741956,0.9912094,0.9854801,0.9859419,0.992478,0.9952258,0.98113585,0.98475826,0.99429893,0.7980593,0.99243945,0.9534904,0.99083567,0.98746556,0.9928867,0.9840281,0.99320406,0.9833302,0.99013126,0.9900887,0.9912787,0.9836457,0.9915523,0.9921756,0.98152703,0.971982,0.9821641,0.9483982,0.98424757,0.9886323,0.9916561,0.97057074,0.9893199,0.98536897,0.9799175,0.9810131,0.99383694,0.98467535,1.0,0.9888637,0.9869455,0.99196786,0.99142545,0.9908741,0.97092164,0.9768801,0.9937798,0.98310167,0.990975,0.9899705,0.9938031,0.9743498,0.98340446,0.98809385,0.99031013,0.9893689,0.9906118,0.98950064,1.0,0.99067956,0.99141955,0.98930305,0.9854326
alitamovie,0.9830987,0.9723704,0.96821487,0.9731141,0.9832227,0.96715724,0.9806471,0.98881674,0.99010944,0.99999994,0.9769583,0.95728105,0.9793593,0.9894821,0.9795868,0.98758286,0.9802851,0.9802722,0.9807333,0.9801624,0.97503954,0.9736304,0.9829638,0.98151594,0.9762871,0.8061921,0.9742681,0.97784513,0.9786217,0.98317486,0.9822769,0.98508763,0.97201353,0.98385286,0.96996963,0.9417445,0.9876509,0.9799537,0.96697253,0.9780341,0.98170066,0.98315245,0.96771556,0.98161024,0.983923,0.98125297,0.9797232,0.9748206,0.97056806,0.98348784,0.97709703,0.98640186,0.9849529,0.9691152,0.9810198,0.9885194,0.97710353,0.983402,0.9791505,0.9831931,0.97772473,0.980113,0.97130436,0.9804677,0.9752003,0.97694695,0.97507966,0.98140764,0.9653057,0.9747294,0.98302656,0.55696195,0.98117936,0.9863259,0.9822121,0.9806274,0.95139927,0.9777989,0.9816371,0.9722178,0.9853719,0.9700754,0.98684365,0.97403187,0.97802234,0.9781537,0.9719971,0.9794661,0.9778096,0.9803763,0.9785231,0.98302656,0.96696293,0.9700018,0.9793383,0.98276716,0.9762229,0.9842589,0.97839075,0.986761,0.9865684,0.968866,0.968365,0.98149794,0.9806098,0.97671175,0.9850427,0.9865407,0.97438943,0.9835871,0.98859024,0.7904608,0.984172,0.9446747,0.98507196,0.9810608,0.9809315,0.97992563,0.9893621,0.9677007,0.98651975,0.9785652,0.98075587,0.9737853,0.9874308,0.9822854,0.9664106,0.95672345,0.96902454,0.9431849,0.9683538,0.97856563,0.9826836,0.9630735,0.9841392,0.97836035,0.9631518,0.97943383,0.9820515,0.98314095,0.99010944,0.97592694,0.98458725,0.9836002,0.98762864,0.98349106,0.95813763,0.97064286,0.9817039,0.9767011,0.9777362,0.97637725,0.9820201,0.96918607,0.9773598,0.9768181,0.9829192,0.9757497,0.9804153,0.9820758,0.99010944,0.98624265,0.9831751,0.98498046,0.9724481
angelhasfallen,0.9805874,0.97061336,0.9800653,0.9715171,0.9852137,0.9652706,0.98278,0.9708675,0.98680186,0.9769583,1.0,0.95491993,0.9783351,0.9792607,0.9769427,0.97724575,0.971824,0.98764086,0.97771513,0.9727435,0.96914655,0.9731169,0.9857915,0.98031545,0.9671259,0.80215645,0.9660251,0.98528856,0.96855164,0.9754481,0.97052604,0.9790979,0.97115785,0.9746171,0.95717824,0.90983045,0.97696686,0.97826254,0.9745252,0.96848875,0.9755314,0.97895396,0.9591082,0.9773017,0.977554,0.9728574,0.9827014,0.97798544,0.9535216,0.9798317,0.965436,0.9754345,0.9816647,0.96438223,0.9677858,0.9747594,0.9744083,0.9833867,0.97629136,0.98096573,0.9747075,0.9774959,0.97845966,0.9694709,0.96222705,0.983289,0.96275383,0.9657677,0.98765165,0.9665,0.982857,0.4757656,0.9744339,0.9826005,0.9737699,0.9722768,0.9294768,0.9590245,0.97383946,0.96001583,0.99351144,0.9717368,0.97228163,0.9687359,0.9702632,0.9724276,0.9779338,0.9786825,0.9815891,0.98346376,0.9860541,0.982857,0.9755022,0.96858436,0.96819896,0.9770698,0.98893887,0.9815411,0.9705284,0.98682135,0.9782635,0.9716766,0.94596386,0.9831137,0.9743702,0.96310985,0.9723899,0.977846,0.9700729,0.97455674,0.98371667,0.79545957,0.9833647,0.93007344,0.9825417,0.98574674,0.9795893,0.97528344,0.9876117,0.9702043,0.9749533,0.9801583,0.9846165,0.96802187,0.97388023,0.9834528,0.96243817,0.95509684,0.9746824,0.92070276,0.9641761,0.9760398,0.9788647,0.95632845,0.98290586,0.9748074,0.962119,0.96757376,0.9809522,0.9676466,0.98680186,0.96636605,0.9715496,0.970922,0.97775495,0.97652537,0.94953793,0.96777976,0.9756395,0.9646181,0.9790587,0.97808546,0.9800781,0.9488257,0.9757769,0.9760191,0.98706955,0.9837711,0.9724572,0.98193944,0.98680186,0.97986704,0.9792167,0.9782596,0.96369296
angrybirdsmovie,0.9758883,0.95656997,0.9740327,0.949906,0.97129667,0.96358377,0.97176385,0.9591165,0.9757729,0.95728105,0.95491993,1.0,0.97492266,0.9769836,0.9595959,0.9667797,0.97529006,0.9559151,0.97884446,0.96080583,0.96470636,0.98724306,0.95371836,0.98226655,0.95915115,0.76062083,0.95913,0.9562631,0.97643244,0.9639147,0.96755457,0.9752017,0.98355037,0.9601064,0.94576,0.9249155,0.9632306,0.96239996,0.9714008,0.9716705,0.9588442,0.9457509,0.941545,0.96390486,0.969296,0.9779357,0.9580385,0.97530675,0.94483006,0.96672374,0.9794295,0.96994054,0.95618194,0.9819532,0.9525739,0.968166,0.9766373,0.9539119,0.9552929,0.9685228,0.96839243,0.9598856,0.9615287,0.97292393,0.9724354,0.9418197,0.96642375,0.9639595,0.9706386,0.9513634,0.9699402,0.5412031,0.96575356,0.94746125,0.9651261,0.9543185,0.9195487,0.9658582,0.97064936,0.9661327,0.9584038,0.9807446,0.9660175,0.97406745,0.9811133,0.9499096,0.95811594,0.97225213,0.94456077,0.96161836,0.95011294,0.9699402,0.96396947,0.9695032,0.97309583,0.9580893,0.9504445,0.9649565,0.96701175,0.9486114,0.9667011,0.96436906,0.9730544,0.9733801,0.9623331,0.97945493,0.96359265,0.9690178,0.9744879,0.9491333,0.97131926,0.76742065,0.96428955,0.91305906,0.9566131,0.9584994,0.9755126,0.95211655,0.9663936,0.9766697,0.95716846,0.9691508,0.97256464,0.95173454,0.9674571,0.95527273,0.9751027,0.9730918,0.9593374,0.91893774,0.95925826,0.97097003,0.9693047,0.9647671,0.9574231,0.95376396,0.95907575,0.94804966,0.9716655,0.9626777,0.9757729,0.9841594,0.9719773,0.9747002,0.9642309,0.96874285,0.9428845,0.94347626,0.97543955,0.9684858,0.9726354,0.9764492,0.9700807,0.9670639,0.95217955,0.96677524,0.95253485,0.9677176,0.972472,0.9529437,0.9757729,0.964333,0.97556555,0.953115,0.9734888
annabellemovie,0.9821152,0.96632814,0.9800068,0.976315,0.98094577,0.9671712,0.9842552,0.98128176,0.9919553,0.9793593,0.9783351,0.97492266,0.9999999,0.98707795,0.983988,0.9764765,0.98216474,0.9778583,0.9837298,0.97858113,0.97959423,0.98629844,0.9762435,0.9858085,0.97310686,0.78974295,0.96870285,0.97690845,0.9892336,0.9857219,0.9824427,0.98991567,0.98279035,0.9837504,0.9740954,0.93095005,0.98269516,0.9821214,0.98515415,0.97360635,0.9889943,0.9777151,0.9638655,0.9862389,0.985426,0.97962415,0.978677,0.9798835,0.96675265,0.9880091,0.9874055,0.9815616,0.98154575,0.9814906,0.98319954,0.98305756,0.97971624,0.97184217,0.9711722,0.98705065,0.98921883,0.9736487,0.982221,0.9894056,0.97492397,0.9754236,0.9775945,0.976307,0.98222893,0.9791527,0.986094,0.55711573,0.9802965,0.9765779,0.98428273,0.9772369,0.9464288,0.97753215,0.982346,0.98184884,0.9794676,0.9854155,0.98266745,0.9842493,0.9922629,0.96998835,0.97099537,0.99601233,0.9739085,0.9788573,0.9804274,0.986094,0.97529864,0.978112,0.9843885,0.98750764,0.97689724,0.98760444,0.97314286,0.98026246,0.98057723,0.9780726,0.98131126,0.98491716,0.9727218,0.98848444,0.9875307,0.9836722,0.96862495,0.9779728,0.98673594,0.8030855,0.97931445,0.95227945,0.97731924,0.97849315,0.9814419,0.9815847,0.9781776,0.97689766,0.98545945,0.980942,0.9876717,0.9718265,0.98637676,0.9821232,0.9858429,0.9715515,0.97957176,0.93859094,0.9745893,0.98345613,0.98344415,0.9641568,0.9757875,0.975338,0.97111505,0.9688685,0.985491,0.97161424,0.9919553,0.989912,0.97467685,0.98757035,0.98672324,0.9793679,0.95944697,0.9765338,0.98692197,0.9713578,0.98694396,0.9830192,0.9871291,0.9713764,0.97058415,0.9797826,0.97967356,0.9806907,0.98638254,0.9766766,0.9919553,0.98136264,0.98326147,0.98174953,0.9834358
annamovie,0.99005854,0.9721809,0.9789813,0.9749612,0.98671657,0.9756068,0.98751086,0.9865625,0.9942214,0.9894821,0.9792607,0.9769836,0.98707795,0.99999994,0.98260367,0.9879889,0.98991525,0.9772485,0.9864251,0.9793296,0.9840534,0.98581535,0.97527814,0.9904176,0.97276735,0.79322743,0.9746203,0.97911155,0.98366994,0.9871169,0.9828635,0.9900441,0.9834412,0.980367,0.9731155,0.9413685,0.98816866,0.9843226,0.9779485,0.9828448,0.9866797,0.97789186,0.96794325,0.98150074,0.9877653,0.98814255,0.9743456,0.9859505,0.96648437,0.98495,0.9848422,0.987775,0.98241264,0.98381275,0.9771286,0.9853528,0.9794321,0.9836877,0.9841042,0.9882257,0.986149,0.9837642,0.97812736,0.9902104,0.97892183,0.97393364,0.9820839,0.9818068,0.9731519,0.9712188,0.99177325,0.5511613,0.98500985,0.9774172,0.9851339,0.9781827,0.9406874,0.98121744,0.9892348,0.97768945,0.98320013,0.98847026,0.99034715,0.9834084,0.98595345,0.9746452,0.9794694,0.984706,0.9778889,0.98002386,0.9734208,0.99177325,0.97578335,0.9790763,0.9862767,0.98150355,0.97734016,0.9838768,0.9843702,0.97726303,0.98458385,0.9776267,0.9756351,0.9886832,0.97962844,0.9836415,0.98714995,0.9900239,0.9761354,0.9724084,0.9888015,0.78602844,0.9890078,0.9415719,0.98819834,0.9852372,0.9899373,0.97248554,0.9883392,0.98431146,0.97765297,0.9840975,0.98179364,0.96978134,0.98723024,0.9845147,0.9834454,0.96386147,0.9738734,0.93819386,0.9814201,0.9845731,0.9861215,0.9701264,0.987121,0.9810536,0.98147786,0.97475857,0.9896782,0.9812632,0.9942214,0.9878848,0.9848937,0.99060833,0.9883912,0.9868091,0.9600328,0.97539496,0.9905412,0.97986734,0.98556226,0.98275656,0.98413,0.978917,0.98275954,0.9867344,0.97732174,0.98764265,0.9894878,0.98685753,0.9942214,0.9888893,0.9885337,0.9768682,0.9792139
apollo11movie,0.9805161,0.9618458,0.9748716,0.9832014,0.9822811,0.97179204,0.98308676,0.98397005,0.9897715,0.9795868,0.9769427,0.9595959,0.983988,0.98260367,0.9999999,0.9787569,0.98133963,0.9768695,0.97776276,0.9887317,0.972329,0.9793504,0.9774781,0.97857267,0.969792,0.7839121,0.9597132,0.9799971,0.97958076,0.9846841,0.9784556,0.9848385,0.97437114,0.98158425,0.9657666,0.91831565,0.98625565,0.9841609,0.98098147,0.96489257,0.9834676,0.9772999,0.94691426,0.97955483,0.988695,0.9756623,0.9760853,0.98127264,0.9673276,0.9808364,0.98058754,0.9850969,0.97358435,0.9706162,0.98334455,0.98082316,0.9796589,0.975522,0.97870374,0.9847696,0.98551357,0.974867,0.97184443,0.9808377,0.97468483,0.98173654,0.9705833,0.9806219,0.9785328,0.97227365,0.98323214,0.5976102,0.97585446,0.97916764,0.97446305,0.97268105,0.94105417,0.9731365,0.98504657,0.97871745,0.9861982,0.979669,0.98365027,0.97167563,0.9821823,0.976191,0.97301954,0.9830147,0.9795202,0.97890824,0.979619,0.98323214,0.9678451,0.9802669,0.9805744,0.98688245,0.9799307,0.9802337,0.9693488,0.97644955,0.977527,0.9781514,0.96807003,0.97916555,0.9736362,0.97775084,0.98953307,0.9835051,0.96864027,0.97591996,0.9873073,0.7901946,0.98231316,0.94073284,0.97812915,0.9849131,0.98299694,0.9790793,0.9843426,0.9725849,0.9829749,0.97727317,0.9763511,0.97502965,0.98085356,0.9840284,0.97315466,0.96361893,0.9717075,0.9224234,0.97834325,0.98503006,0.987081,0.96446663,0.9745785,0.980085,0.9742069,0.9740301,0.9841671,0.97151643,0.9897715,0.98306763,0.9712587,0.9842141,0.9814889,0.9879572,0.95840645,0.9708631,0.98255837,0.96734595,0.98051685,0.97169197,0.9817504,0.9738315,0.96874297,0.97424686,0.9760543,0.97398704,0.9854997,0.97762746,0.9897715,0.9860379,0.9807026,0.9822915,0.9798609
arcticdogsmovie,0.9869482,0.9842513,0.97885317,0.97984594,0.9833421,0.98220193,0.98671424,0.988425,0.9899114,0.98758286,0.97724575,0.9667797,0.9764765,0.9879889,0.9787569,0.99999976,0.97858757,0.9735833,0.98339456,0.97979444,0.97327036,0.9746931,0.9837343,0.9812197,0.98114264,0.7915161,0.97847503,0.9768377,0.9734021,0.9846194,0.9764984,0.98303705,0.9795016,0.97296363,0.9669557,0.93338156,0.9845857,0.9870391,0.96557856,0.9790936,0.98120296,0.9832586,0.9643474,0.98162913,0.98385763,0.98291004,0.98231864,0.9834672,0.9526684,0.9842789,0.9718294,0.98392355,0.9805485,0.9802654,0.9785695,0.9806224,0.9855413,0.98917484,0.9803391,0.98350763,0.9789582,0.9856994,0.9826355,0.9760881,0.9736536,0.97224134,0.97538584,0.97712576,0.9675826,0.95685047,0.9876843,0.5558172,0.9748688,0.97967863,0.9752045,0.97239786,0.93938476,0.9788114,0.98347336,0.97447556,0.98466617,0.97736496,0.9845694,0.9660275,0.97337353,0.9795932,0.9774615,0.9740496,0.9832065,0.9801543,0.97026443,0.9876843,0.9796219,0.97620565,0.98001707,0.97336954,0.9799469,0.9811205,0.98178285,0.9772287,0.98032486,0.9806434,0.96851975,0.98614156,0.9786259,0.97155905,0.98262817,0.9904185,0.9808141,0.97390056,0.9865728,0.7561558,0.98618335,0.9353245,0.9839756,0.98585075,0.98917645,0.96996,0.98838055,0.9787097,0.98050505,0.98753303,0.9857091,0.97027814,0.9792396,0.9831416,0.9698388,0.951977,0.9600209,0.92836004,0.972992,0.9784415,0.98701864,0.95583457,0.9878057,0.98120105,0.98050135,0.9757945,0.986176,0.9756672,0.9899114,0.9763983,0.9820528,0.98385966,0.97331685,0.9849535,0.9652503,0.9644433,0.98450786,0.9828302,0.9816235,0.9828512,0.97723746,0.97106373,0.98014003,0.98383725,0.98095196,0.98456293,0.98521894,0.981224,0.9899114,0.98373646,0.98378825,0.976492,0.96529627
arcticmovie,0.9845463,0.9677969,0.96831805,0.9757727,0.98168784,0.97757006,0.97903943,0.9853604,0.99181837,0.9802851,0.971824,0.97529006,0.98216474,0.98991525,0.98133963,0.97858757,0.9999998,0.97406954,0.98405635,0.97430056,0.9815812,0.9776061,0.96907055,0.9895284,0.9679323,0.7887669,0.95959246,0.98162764,0.97485316,0.98381627,0.9882273,0.99179393,0.9865127,0.97934675,0.96454656,0.93515617,0.9903591,0.9799401,0.98489326,0.9806575,0.9818393,0.97499263,0.96976084,0.98218435,0.99338555,0.9841723,0.9661986,0.9792145,0.9765613,0.9839909,0.97861874,0.9886914,0.9733972,0.9643151,0.97882015,0.9805409,0.9761674,0.97604835,0.9835846,0.98881483,0.98270726,0.9843261,0.9685698,0.9889677,0.978375,0.9689096,0.98408306,0.9841659,0.97159463,0.96978325,0.9907962,0.5592369,0.9792329,0.9770269,0.9845315,0.9718463,0.9282195,0.9749894,0.9808859,0.9775916,0.9767958,0.98225474,0.98809284,0.97951543,0.98380095,0.9786818,0.9642712,0.9797945,0.9773573,0.9778124,0.9719697,0.9907962,0.96330917,0.97597146,0.9769491,0.98166513,0.96958697,0.9744264,0.9718278,0.97120184,0.98685604,0.9730013,0.96536756,0.9818795,0.9841001,0.97472906,0.9859915,0.9866461,0.96616715,0.97452384,0.98202527,0.7741228,0.9904461,0.9419573,0.98208463,0.9759894,0.98777926,0.9721408,0.9848249,0.97476816,0.9740961,0.97794247,0.97895294,0.970247,0.9868104,0.9843172,0.9772865,0.9656882,0.97255987,0.95151204,0.9779868,0.9753063,0.9867582,0.9746372,0.9799797,0.97475326,0.97398317,0.9739066,0.9922715,0.9829698,0.99181837,0.97942907,0.9808598,0.98862314,0.980964,0.98670584,0.96078485,0.9706149,0.9883588,0.97745174,0.98461264,0.9785177,0.9885762,0.9682491,0.97657543,0.98478836,0.97902507,0.98516446,0.98795,0.9806737,0.99181837,0.98520094,0.9857318,0.9802365,0.9792073
artofracingmovie,0.9843283,0.9679382,0.9805741,0.9752001,0.99056756,0.9627337,0.9802471,0.97419477,0.98768455,0.9802722,0.98764086,0.9559151,0.9778583,0.9772485,0.9768695,0.9735833,0.97406954,1.0,0.9853383,0.9749403,0.9790869,0.97597885,0.9868345,0.98153734,0.97126323,0.81457007,0.9674048,0.98737603,0.97485703,0.97459036,0.9806702,0.9835386,0.9691983,0.9799602,0.95460737,0.9249637,0.97710913,0.98076713,0.9740673,0.9704758,0.9719615,0.97884655,0.9654618,0.9756569,0.97968733,0.97823936,0.98828,0.9714443,0.9544315,0.9784862,0.9697961,0.97760993,0.9811557,0.95920837,0.97851497,0.98471516,0.9802718,0.9764492,0.9715053,0.97477466,0.9741458,0.9732834,0.97020847,0.97213066,0.9701309,0.97460645,0.96883714,0.9609475,0.97976786,0.9695379,0.98049223,0.5334261,0.9672935,0.99026716,0.9758845,0.9710117,0.9428584,0.96312785,0.9700448,0.95715296,0.9903063,0.9710831,0.9678751,0.9728862,0.97738093,0.97826535,0.96815044,0.978668,0.9810534,0.9814734,0.9842122,0.98049223,0.9692235,0.96638405,0.970015,0.9769135,0.985498,0.97807765,0.96138453,0.9857169,0.9843719,0.9722587,0.9491004,0.98103875,0.971475,0.9681177,0.97581124,0.9798591,0.9718526,0.9836301,0.9804136,0.8057123,0.9778672,0.9441175,0.9814332,0.97891,0.9812469,0.9810841,0.98449266,0.96681577,0.980558,0.97537035,0.9809232,0.97711587,0.9835184,0.9811568,0.9615887,0.96182144,0.98333263,0.93409497,0.9633609,0.983197,0.9800908,0.95046455,0.9749266,0.9739536,0.9563523,0.96903723,0.9816424,0.9825886,0.98768455,0.96863407,0.98037547,0.9722833,0.9824454,0.9786832,0.96344626,0.9642284,0.97254014,0.9688268,0.97645414,0.97941035,0.9883173,0.9466541,0.97038364,0.97231835,0.98621166,0.9761711,0.96767217,0.9731342,0.98768455,0.978698,0.98035985,0.980366,0.9717119
avengers,0.9934546,0.9794048,0.9895915,0.9785371,0.98728985,0.97322226,0.9863338,0.9805904,0.99242187,0.9807333,0.97771513,0.97884446,0.9837298,0.9864251,0.97776276,0.98339456,0.98405635,0.9853383,0.9999999,0.9804957,0.9888407,0.9841103,0.982453,0.99049646,0.9830763,0.81547385,0.9789315,0.9833461,0.9868488,0.9840479,0.9903164,0.9861071,0.98208755,0.98149234,0.9590094,0.93853426,0.98429936,0.9856975,0.9795752,0.981637,0.97323334,0.97849256,0.9649859,0.9817998,0.98562306,0.99226445,0.98462296,0.98352146,0.959137,0.9850511,0.9865369,0.9838181,0.9745524,0.97947586,0.9774334,0.98247725,0.9865176,0.9795713,0.9805745,0.98400694,0.97886986,0.98020905,0.98380446,0.98235345,0.9822048,0.9664013,0.97924614,0.97083867,0.976794,0.96997684,0.98801875,0.5633074,0.9696192,0.9840432,0.9751677,0.9762098,0.9385136,0.976845,0.97951835,0.9718102,0.9838677,0.9843973,0.97836983,0.9754168,0.9837671,0.9813286,0.9706805,0.9813274,0.9800799,0.980321,0.9725303,0.98801875,0.9766209,0.97746533,0.98774105,0.9802174,0.97797036,0.9852317,0.9713737,0.97501105,0.98628175,0.9825491,0.9731587,0.98992133,0.97437894,0.9831361,0.9825553,0.9886918,0.9801352,0.9753329,0.98631823,0.7922496,0.9826109,0.9378586,0.9828915,0.9796076,0.99069154,0.9755791,0.98699504,0.97923034,0.9832617,0.98877233,0.98721915,0.9730446,0.9840274,0.983061,0.9724549,0.9778749,0.97579813,0.9350486,0.9771968,0.9855741,0.98752505,0.9593521,0.9817697,0.98235315,0.9757162,0.973102,0.9881452,0.9816925,0.99242187,0.9839397,0.9901683,0.9799793,0.97946453,0.9877896,0.96862274,0.961893,0.98547864,0.97585094,0.981648,0.9870421,0.98939705,0.9689004,0.96969074,0.98238045,0.9816305,0.9827437,0.9839856,0.9761721,0.99242187,0.9816754,0.9862679,0.9793946,0.9815445
beachbummovie,0.9827432,0.9634786,0.9772025,0.9761215,0.9805354,0.96361595,0.9894928,0.97823876,0.9851831,0.9801624,0.9727435,0.96080583,0.97858113,0.9793296,0.9887317,0.97979444,0.97430056,0.9749403,0.9804957,1.0,0.9666815,0.9759426,0.9779714,0.9807353,0.9688442,0.7936538,0.960792,0.9733686,0.9759616,0.98037565,0.98077005,0.97969526,0.9673958,0.97845614,0.96316767,0.9284704,0.9792504,0.98241186,0.9805776,0.9688983,0.97419775,0.9725812,0.9465078,0.9767796,0.98143613,0.9809409,0.97601515,0.9799896,0.97146827,0.9772811,0.9760488,0.98181534,0.974786,0.9719122,0.97273445,0.9794153,0.9760889,0.97170794,0.9774256,0.98504007,0.97624934,0.97352195,0.9745014,0.97599244,0.97749525,0.9745772,0.98120564,0.9814536,0.9752264,0.97513235,0.9824705,0.6319783,0.97184175,0.9804783,0.9732145,0.9699146,0.9291525,0.9688476,0.98018247,0.967922,0.9799003,0.97365844,0.9822491,0.96430796,0.9797333,0.9736623,0.9773986,0.9762609,0.9737741,0.9727092,0.9727717,0.9824705,0.95964384,0.98134094,0.9763143,0.98149073,0.97537684,0.98502433,0.9802809,0.97375554,0.97607255,0.9800218,0.96245587,0.97934467,0.96848875,0.9711719,0.98211336,0.9841543,0.97069854,0.9697591,0.9859503,0.768232,0.9746353,0.93902314,0.9735841,0.9838126,0.98515594,0.9767534,0.98365664,0.9824492,0.9835129,0.9716753,0.9755521,0.9658331,0.9766401,0.9845375,0.96144754,0.95843774,0.9646525,0.9191831,0.97118884,0.982465,0.97950983,0.9573739,0.9707232,0.9782723,0.97091985,0.96823484,0.98481333,0.9770814,0.9851831,0.97822773,0.9784092,0.9747406,0.9759958,0.9839188,0.9636656,0.96903795,0.981299,0.96645254,0.9820084,0.9751169,0.9779009,0.97529745,0.9645407,0.97405297,0.9780001,0.9780233,0.9762751,0.9687903,0.9851831,0.98503953,0.9757593,0.98191226,0.9701338
bernadettefilm,0.9834551,0.96564525,0.97998035,0.96743315,0.9803014,0.96855396,0.9784318,0.97859657,0.98818666,0.97503954,0.96914655,0.96470636,0.97959423,0.9840534,0.972329,0.97327036,0.9815812,0.9790869,0.9888407,0.9666815,1.0000002,0.9738555,0.9769792,0.9802753,0.9760597,0.82074636,0.9686769,0.980406,0.9807151,0.9794819,0.9866538,0.98131907,0.9708665,0.97200596,0.95849675,0.94394916,0.9813801,0.98157793,0.9691281,0.9691161,0.9738423,0.97482926,0.97133875,0.9760355,0.9799178,0.982615,0.9779089,0.9707812,0.9528904,0.97935724,0.9781788,0.9728268,0.9709033,0.9699913,0.9746051,0.97640973,0.9765897,0.97403055,0.97950304,0.979782,0.98411137,0.97514236,0.9763763,0.9784443,0.96558285,0.9660226,0.97393984,0.9605196,0.96648437,0.969943,0.98567504,0.56233007,0.96438825,0.97545177,0.9747788,0.97207075,0.92907536,0.97157747,0.97728944,0.9655608,0.97864884,0.9822192,0.9705233,0.97779506,0.9752437,0.9827912,0.96422476,0.9781972,0.9830999,0.97551256,0.9675426,0.98567504,0.9704437,0.96392316,0.9797592,0.97493076,0.9774342,0.9794015,0.95706433,0.97041136,0.97967833,0.9757265,0.9681964,0.97887534,0.96274406,0.97658515,0.98186713,0.98105544,0.97235084,0.9648375,0.98005456,0.8023506,0.979736,0.948199,0.9864442,0.97431535,0.9834536,0.9728618,0.97822064,0.97441876,0.97533363,0.980502,0.97493404,0.9755936,0.9802104,0.9820187,0.97555286,0.95872456,0.9748541,0.9386987,0.98906374,0.98260957,0.9800803,0.9494496,0.9760478,0.97675467,0.9754159,0.9627056,0.9828801,0.9731886,0.98818666,0.97571343,0.9782672,0.97839427,0.98176754,0.9778415,0.97204417,0.96745014,0.9766704,0.9645974,0.9759639,0.9760647,0.98391056,0.96008986,0.9738148,0.97874874,0.9765434,0.9787182,0.9779109,0.9826471,0.98818666,0.9762915,0.9781623,0.97581357,0.97724736
