movie,21bridgesmovie,47metersdown,abeautifuldaymovie,abominablemovie,adastramovie,adogsjourneymovie,aftermathmovie,aftermovie,ahiddenlifefilm,alitamovie,angelhasfallen,angrybirdsmovie,annabellemovie,annamovie,apollo11movie,arcticdogsmovie,arcticmovie,artofracingmovie,avengers,beachbummovie,bernadettefilm,blackandbluemovie,blackchristmas,blindedbythelightmovie,bombshellmovie,booksmart,breakthroughmovie,brianbanksmovie,brightburnmovie,brittanyrunsmov,captainmarvelofficial,captivestatemovie,catsmovie,charliesangels,childsplaymovie,clarathefilm,coldpursuitmovie,countdown,currentwarmovie,darkwatersmovie,detectivepikachumovie,disneyaladdin,disneyfrozen,disneymaleficent,doctorsleepmovie,dolemiteismyname,dontletgomovie,doramovie,downtonabbey_official,dumbo,escaperoom,everybodyknowsmovie,fastandfuriousmovie,fightingwmyfam,fivefeetapartfilm,fordvferrari,freaksthefilm,geminimanmovie,glassmovie,gloriabellmovie,godzillamovie,goldfinchmovie,goodboysmovie,goodliarmovie,gretafilm,halathemovie,happydeathdaymovie,harrietfilm,hellboymovie,hersmellmovie,highlifemovie,highstrungmovie,honeyboymovie,hotelmumbaifilm,httydragon,hustlemovie,hustlersmovie,isntitromantic,itmovieofficial,jayandsilentbob,johnwickmovie,jojorabbitmovie,jokermovie,judythefilm,jumanjimovie,justmercyfilm,knivesout,lalloronamovie,lastblackmansf,lastchristmasthemovie,latenightmovie,lighthousemovie,lionking,littlethemovie,littlewomenmovie,littlewoodsfilm,longshotmovie,lordsofchaosmovie,lucyintheskyfilm,mamovie2019,marriagestory,meettheaddams,meninblack,midsommarmovie,midwaymovie,missbalamovie,missinglinkfilm,motherlessbklyn,onceinhollywood,onthebasisofsex,overcomermovie,peanutbutterfalcon,petsematarymovie,piercingmovie,playingwithfire,playmobilthemovie,pomsmovie,queenandslim,rambomovie,readyornotfilm,richardjewellfilm,rocketmanmovie,scarystoriesmovie,secretlifeofpets,serenityfilm,shaftmovie,shazammovie,spidermanmovie,spiesindisguise,starwars,stormboymovie,stubermovie,taosdfilm,teenspiritmov,terminator,theaeronautsmov,thebestofenemies,thedeaddontdie,thefarewell,thehighwaymen,thehummingbirdprojectfilm,theintrudermovie,theirishmanfilm,thekitchenmovie,thelegomovie,themustangfilm,thenightingalefilm,theprodigymovie,thesunisalsoastar,theupsidefilm,tolkienmovie,toystory,triplefrontier,uglydolls,uncutgems,underthesilverlake,usmovie,wavesmovie,whatmenwant,wonderparkmovie,wrinklestheclown,xmenmovies,yardiefilm,yesterdaymovie,zombieland
21bridgesmovie,0.99999994,0.9661872,0.96756476,0.9714025,0.9736181,0.9688019,0.97983545,0.9706523,0.98526585,0.97002286,0.97736293,0.95412725,0.9790236,0.97393036,0.97094804,0.97087044,0.9693133,0.9677715,0.98318326,0.9585556,0.95848244,0.96855634,0.9772842,0.9676079,0.9628029,0.91817105,0.9813428,0.96929455,0.9708886,0.9684418,0.9759978,0.976448,0.9677894,0.96073073,0.9627205,0.9458609,0.9706385,0.9862577,0.96359175,0.9760212,0.9641693,0.97343886,0.950188,0.96836907,0.96933174,0.97350585,0.9730589,0.96934885,0.953512,0.970475,0.9713844,0.9778173,0.97756445,0.95696837,0.97399116,0.9653926,0.96022016,0.9707496,0.9712457,0.97257596,0.9712158,0.97616804,0.967924,0.9750111,0.970322,0.96312165,0.97700745,0.9685119,0.96325684,0.9696982,0.97514117,0.76571506,0.95623165,0.9700873,0.95812345,0.9660373,0.95275307,0.9736879,0.966229,0.9617311,0.9732487,0.97450244,0.9721225,0.96741843,0.9669429,0.9729188,0.96409476,0.9797084,0.9728408,0.97210544,0.95847785,0.97514117,0.96732247,0.9647711,0.96599233,0.9714775,0.97601503,0.96971375,0.96615046,0.9772171,0.96832645,0.9763724,0.9508377,0.97472817,0.96637386,0.9752008,0.96773505,0.9717204,0.9503126,0.9654957,0.981301,0.8543994,0.96733874,0.958898,0.9716499,0.9847359,0.9931061,0.9678768,0.97782755,0.9707054,0.9717785,0.96167463,0.9749355,0.966187,0.9745188,0.9693651,0.97066885,0.95051175,0.9672661,0.9464466,0.96126425,0.96418536,0.9647017,0.95147806,0.96683717,0.96865594,0.98738146,0.97213256,0.97069025,0.969102,0.98526585,0.974266,0.9643872,0.9680673,0.96199846,0.9735897,0.97725093,0.9631897,0.96379495,0.984993,0.9725179,0.97491056,0.9626265,0.9692712,0.9733405,0.9662909,0.9654109,0.96449924,0.9745366,0.9656644,0.98526585,0.96352655,0.974821,0.96885824,0.9665187
47metersdown,0.9661872,0.99999994,0.9735626,0.97208357,0.9700333,0.9673597,0.97064865,0.9672759,0.9811053,0.97267765,0.97076374,0.96101165,0.97316307,0.9760809,0.96840024,0.9842914,0.9659351,0.96630937,0.9648713,0.9689991,0.9577547,0.96310115,0.9681628,0.9699761,0.96089363,0.9330349,0.95745444,0.96508074,0.9726089,0.97483474,0.97563726,0.9689621,0.95505923,0.95888484,0.9549911,0.94062144,0.96616375,0.9662365,0.96603113,0.9689806,0.96558845,0.9628614,0.9318668,0.9584496,0.9714115,0.96978843,0.96076465,0.96552795,0.955175,0.9618235,0.97377425,0.97075206,0.96896625,0.9406075,0.96686137,0.95662385,0.9574543,0.9718031,0.97038144,0.9737965,0.95783466,0.97045475,0.96509486,0.9718309,0.9677438,0.9700897,0.97002167,0.95368433,0.9686361,0.9689898,0.9759238,0.76577014,0.95631266,0.9659937,0.95415825,0.9618036,0.9222564,0.9576343,0.9647234,0.95228916,0.9672056,0.9593865,0.97391766,0.9627408,0.9726657,0.9610401,0.96331465,0.972114,0.96191174,0.96228695,0.96890104,0.9759238,0.96498317,0.9614432,0.9621715,0.9661186,0.9690048,0.96959,0.9643627,0.9669168,0.96528643,0.96523106,0.9661691,0.9711624,0.9700755,0.97444916,0.97457075,0.96684265,0.9581392,0.9715147,0.9794683,0.85462743,0.97267526,0.9541605,0.96936685,0.9662436,0.96612716,0.95772547,0.9719259,0.9626048,0.975514,0.963448,0.972084,0.9650046,0.97246766,0.9694928,0.9699918,0.9603908,0.9707169,0.92939,0.95954686,0.95349807,0.96572906,0.95258266,0.97402287,0.9736169,0.96260786,0.95901877,0.97455114,0.97158486,0.9811053,0.9708087,0.9638484,0.9618528,0.9564599,0.96697897,0.96898276,0.9487151,0.95730126,0.9615634,0.9629294,0.9607053,0.95702446,0.94360894,0.9698366,0.9692238,0.9706031,0.9665271,0.9640768,0.96457124,0.9811053,0.96450067,0.97526324,0.96793693,0.9686271
abeautifuldaymovie,0.96756476,0.9735626,1.0000002,0.969669,0.97677886,0.9625554,0.9783594,0.96955746,0.9867231,0.9679569,0.9756291,0.9783554,0.97825664,0.9786899,0.96740556,0.9769711,0.9757371,0.97528464,0.9661009,0.95691884,0.96441424,0.9727341,0.9627677,0.9753349,0.96803737,0.93117034,0.9621349,0.98143953,0.9812144,0.9769664,0.97821325,0.9795082,0.96176577,0.9775381,0.9624225,0.93033946,0.9735974,0.9682716,0.96939015,0.96948963,0.96828777,0.97616863,0.95074403,0.9650325,0.9692693,0.9735577,0.9574057,0.9786096,0.97059745,0.970786,0.9828355,0.9762443,0.96591985,0.96037596,0.9677742,0.9683006,0.96057606,0.9746235,0.9739049,0.9790693,0.97327876,0.97294426,0.97220594,0.9809453,0.96882445,0.9701363,0.97952676,0.967341,0.9750934,0.9666179,0.9797489,0.748804,0.9687427,0.9816777,0.94156003,0.9676751,0.9327619,0.96311855,0.9685203,0.9609684,0.9677963,0.96835595,0.9764258,0.9717765,0.9804484,0.96906096,0.9672221,0.9779709,0.97099984,0.9672411,0.9635526,0.9797489,0.97531563,0.9553633,0.9825458,0.9648192,0.97328305,0.9714329,0.96674126,0.9683296,0.9714801,0.97207063,0.9687823,0.97938627,0.96424216,0.9821335,0.9761375,0.9788859,0.97907996,0.97699594,0.97358936,0.8775751,0.9695132,0.954617,0.9733614,0.97082025,0.968384,0.9619703,0.9759066,0.9743066,0.98056424,0.9657989,0.9762014,0.96807206,0.9753503,0.9765767,0.9751515,0.96242774,0.967816,0.9273995,0.9727069,0.9670559,0.9689179,0.9679669,0.97503406,0.9735287,0.9589746,0.9651892,0.9783944,0.96920407,0.9867231,0.9814501,0.9736417,0.9710455,0.9696704,0.97224224,0.96884036,0.9669325,0.97036356,0.9693912,0.9689016,0.983186,0.9545361,0.94966096,0.97893614,0.9741636,0.9740105,0.9762793,0.9657726,0.96752757,0.9867231,0.9677549,0.9783625,0.96573037,0.9759371
abominablemovie,0.9714025,0.97208357,0.969669,1.0,0.9639863,0.96674585,0.97652876,0.96922946,0.9814767,0.976767,0.9722513,0.96568567,0.97548777,0.97399145,0.97210133,0.9685071,0.9681087,0.96971315,0.97173476,0.95811003,0.9558336,0.9638121,0.9660658,0.9728499,0.96408117,0.93273544,0.961613,0.9664712,0.9755555,0.9751774,0.9774661,0.972933,0.9507892,0.96064264,0.96125317,0.9313743,0.9688357,0.97406507,0.9737489,0.96636677,0.95984304,0.9653751,0.9322859,0.95432836,0.9692439,0.9685006,0.95942914,0.9680474,0.9620791,0.9596776,0.9731662,0.97493947,0.96678984,0.9519892,0.96577066,0.9607748,0.9509495,0.9682133,0.97411436,0.96754193,0.9562256,0.9696661,0.96346265,0.97180766,0.9605902,0.97427034,0.9772332,0.9702804,0.95471144,0.9636134,0.9728081,0.73711395,0.9573466,0.97162014,0.9546048,0.9643436,0.9444969,0.9635824,0.96402293,0.9689999,0.9691668,0.9675887,0.9722465,0.9678627,0.97283095,0.9602022,0.96512717,0.9702018,0.9584482,0.9676171,0.95801175,0.9728081,0.9757915,0.9674427,0.9635705,0.97939575,0.9658193,0.9695089,0.97424525,0.9687504,0.96205014,0.96575165,0.9671085,0.97131926,0.97560936,0.9759758,0.9698186,0.96667355,0.9554012,0.97256875,0.9768523,0.8688086,0.96699345,0.9562696,0.9633349,0.961608,0.9704817,0.9658451,0.9753105,0.9645453,0.97465694,0.96310043,0.9664841,0.9617976,0.96998465,0.9722564,0.9734264,0.95755965,0.9751914,0.9267893,0.9648888,0.9636595,0.9632145,0.94462985,0.9698624,0.9696077,0.9662259,0.9672257,0.97427905,0.96520144,0.9814767,0.977484,0.96431136,0.9604493,0.9599789,0.9750116,0.96502686,0.96777976,0.9617497,0.9599183,0.97409123,0.96529806,0.95825344,0.95311904,0.97016716,0.96776503,0.96823335,0.9644252,0.96892035,0.96228385,0.9814767,0.9581587,0.9767112,0.97171795,0.96112275
adastramovie,0.9736181,0.9700333,0.97677886,0.9639863,1.0,0.9605606,0.9784055,0.97001016,0.9874675,0.9738856,0.98185647,0.96505696,0.9765385,0.97550243,0.9762595,0.97567236,0.9739347,0.98322845,0.96650964,0.96412414,0.9780615,0.9718079,0.97386855,0.9798303,0.96365243,0.91936666,0.97488624,0.9752817,0.972791,0.97578394,0.9786531,0.9751215,0.9701008,0.9694355,0.96643054,0.9514414,0.97771466,0.9669717,0.9671439,0.9693797,0.9828935,0.9722741,0.94730204,0.9607167,0.9727335,0.97413117,0.96648353,0.9699837,0.9551285,0.96539205,0.9776803,0.9730558,0.9708793,0.96416664,0.97065604,0.9777599,0.96801555,0.9811064,0.9751456,0.97985584,0.9801571,0.9757487,0.9684585,0.97142965,0.9654561,0.9692118,0.9812363,0.96208644,0.9757601,0.96474814,0.9837188,0.7599939,0.9710832,0.97810286,0.96421725,0.9653751,0.92853624,0.96112084,0.9616081,0.96650016,0.97353923,0.9661196,0.97660804,0.97663563,0.9676367,0.96333283,0.96380067,0.9784291,0.96980095,0.9736813,0.9703715,0.9837188,0.9647872,0.9629996,0.9721313,0.9640888,0.97287405,0.96754336,0.96226114,0.9712276,0.97601867,0.97301215,0.9541897,0.9761175,0.9607215,0.9790923,0.9751713,0.9760649,0.9671689,0.97524285,0.9777661,0.84811926,0.9772313,0.9655157,0.97926164,0.979567,0.9781341,0.9667677,0.9746796,0.9742349,0.9747576,0.97056204,0.984026,0.9675572,0.97992563,0.9749994,0.9751727,0.95951974,0.9786191,0.93468803,0.974696,0.97018534,0.97189987,0.97034764,0.97705376,0.98053604,0.9664789,0.9705394,0.97990197,0.9665083,0.9874675,0.97720003,0.9714509,0.97017044,0.9570653,0.96707416,0.9780091,0.96447706,0.9715098,0.9754071,0.9681847,0.97167784,0.9594364,0.9476991,0.9776949,0.9754888,0.97039056,0.97329056,0.9671916,0.97375095,0.9874675,0.9780895,0.9834192,0.9681847,0.97478527
adogsjourneymovie,0.9688019,0.9673597,0.9625554,0.96674585,0.9605606,1.0000001,0.9787513,0.9622694,0.9838455,0.9681167,0.97042686,0.95983386,0.976771,0.9628776,0.9547729,0.9728159,0.9777953,0.96946394,0.9731589,0.9605853,0.95631987,0.96295226,0.9737648,0.9659846,0.9605598,0.9307293,0.9652113,0.9679057,0.9695184,0.97021705,0.9768134,0.9704852,0.96124077,0.9538374,0.96300024,0.9379138,0.97562885,0.9783054,0.96659917,0.96869075,0.9642729,0.97248197,0.9540485,0.96202964,0.9696526,0.9778755,0.9675352,0.96352214,0.9612469,0.96944785,0.9709189,0.97606164,0.97368944,0.9544403,0.969468,0.9580579,0.9528607,0.9763482,0.97542024,0.9692955,0.9660872,0.97032034,0.9681709,0.9760837,0.9779111,0.9612351,0.97821987,0.9605378,0.95815307,0.96331537,0.9722804,0.791335,0.9589116,0.96913224,0.9616388,0.9706082,0.9373032,0.9697771,0.9698876,0.96345884,0.9666443,0.9624337,0.97592765,0.9645502,0.95897746,0.9645297,0.9607539,0.9793921,0.96799994,0.97429883,0.96339697,0.9722804,0.9656557,0.95619464,0.9705219,0.972021,0.9700173,0.9718307,0.9736153,0.9712909,0.97875977,0.9632806,0.96119326,0.9712977,0.95698535,0.97072583,0.9693451,0.9756814,0.95499265,0.9651328,0.9761812,0.8375349,0.97228736,0.9375306,0.9629257,0.96663725,0.97242975,0.9673418,0.97052485,0.97006947,0.97120583,0.95056146,0.9756049,0.98682106,0.97101116,0.97495997,0.97784466,0.9586496,0.9676406,0.96004575,0.9603405,0.9494066,0.97399324,0.9555988,0.97153413,0.97036576,0.973539,0.95795655,0.9724901,0.97570646,0.9838455,0.9677278,0.97927725,0.9702931,0.96206003,0.9759391,0.96562856,0.9652634,0.9736348,0.96634567,0.9718413,0.96522456,0.96615744,0.9617916,0.9763308,0.9671124,0.975956,0.9628086,0.96941125,0.96216184,0.9838455,0.96879846,0.9704347,0.98191065,0.96753794
aftermathmovie,0.97983545,0.97064865,0.9783594,0.97652876,0.9784055,0.9787513,1.0000001,0.9769379,0.9914611,0.9795591,0.9833645,0.97331953,0.98615074,0.9738645,0.9760565,0.9782401,0.97975236,0.9805692,0.9786196,0.96862495,0.9734335,0.9737743,0.9802854,0.9756977,0.97908366,0.9161195,0.9777614,0.9807036,0.98342824,0.9859411,0.987028,0.9828342,0.97448474,0.9728709,0.9684761,0.9433082,0.9840388,0.9819304,0.97772723,0.9731999,0.9731716,0.98341954,0.95811385,0.9743116,0.98369306,0.98336834,0.9732126,0.9735736,0.9623216,0.9792846,0.98134524,0.9847418,0.9815311,0.96988857,0.9756917,0.97293335,0.9713202,0.9804496,0.98131686,0.985279,0.98275965,0.98164696,0.98432213,0.9829035,0.9783389,0.9746434,0.9859846,0.97823673,0.97152513,0.9672518,0.98594,0.7614013,0.967222,0.9836819,0.96243846,0.97894347,0.94258314,0.9756234,0.97129774,0.9765687,0.9765347,0.985724,0.983774,0.9766149,0.9739653,0.9777532,0.9693379,0.98728853,0.97881776,0.9758478,0.96729726,0.98594,0.97676116,0.96083266,0.97635436,0.9774861,0.9855561,0.97446537,0.9865877,0.9765547,0.9813936,0.9823553,0.97146374,0.9829751,0.9624639,0.9835257,0.9823918,0.98005956,0.97532356,0.978626,0.98775285,0.843985,0.9758792,0.95414466,0.97805667,0.9787812,0.98141134,0.97616494,0.98349804,0.9946281,0.9824245,0.9762164,0.98295,0.97728175,0.9802406,0.98246163,0.9827618,0.96198654,0.9734259,0.94635373,0.9792484,0.9744588,0.98060906,0.96119136,0.97969705,0.98203915,0.9802523,0.9795906,0.9842779,0.9748598,0.9914611,0.98602027,0.9795792,0.97213334,0.9739841,0.9786815,0.97529876,0.9740332,0.9768183,0.9766474,0.9920218,0.97765636,0.9723798,0.9586041,0.98176694,0.97947884,0.97794676,0.9773969,0.9766167,0.972422,0.9914611,0.9757943,0.9849734,0.9778946,0.97588134
aftermovie,0.9706523,0.9672759,0.96955746,0.96922946,0.97001016,0.9622694,0.9769379,1.0,0.98282236,0.96746117,0.9705084,0.97205114,0.98080677,0.97305286,0.9701321,0.96730053,0.97353643,0.9754416,0.9693853,0.9668123,0.96037364,0.9794174,0.97183657,0.9770803,0.9738843,0.9245577,0.9712485,0.9703097,0.98100156,0.9824103,0.9804543,0.9667193,0.9670502,0.9637318,0.9693073,0.953266,0.972503,0.9752859,0.9789154,0.96609247,0.966524,0.9658316,0.93890744,0.9557448,0.9753561,0.9753447,0.9670238,0.969196,0.9650561,0.961925,0.98460436,0.97368556,0.9713372,0.966096,0.9721441,0.97336155,0.96401787,0.97673726,0.9696924,0.9724614,0.96973866,0.9740027,0.9672052,0.9769622,0.9646903,0.97900534,0.97402686,0.96803147,0.9602079,0.9703703,0.97832364,0.7544375,0.9684892,0.9704981,0.9579626,0.9727196,0.94165796,0.96160805,0.9616442,0.96442634,0.9684548,0.9732338,0.9804392,0.9728931,0.97984505,0.9658412,0.96711016,0.97572184,0.96993357,0.9630333,0.96439785,0.97832364,0.9673863,0.96719474,0.9774693,0.9642272,0.9757373,0.9704189,0.9719894,0.97003794,0.97311884,0.97185826,0.96736723,0.9748706,0.9562066,0.9855308,0.96996474,0.9721541,0.9641477,0.9636084,0.97868425,0.8954198,0.9738494,0.96346664,0.97337466,0.9720452,0.97646195,0.97398585,0.97558117,0.97053796,0.9725562,0.9678234,0.9743722,0.9653411,0.96947825,0.9786955,0.97081095,0.9812685,0.97457117,0.9359158,0.9691202,0.9636965,0.96739125,0.9461596,0.9802093,0.97954834,0.96235126,0.96505564,0.9783255,0.96816456,0.98282236,0.9801147,0.97118235,0.9678894,0.9655895,0.9706156,0.9788825,0.96938956,0.9717398,0.97318935,0.9707789,0.9670433,0.9715732,0.95109165,0.9660625,0.9758653,0.9700767,0.97451866,0.983264,0.9731693,0.98282236,0.9722714,0.97634417,0.9679786,0.97053957
ahiddenlifefilm,0.98526585,0.9811053,0.9867231,0.9814767,0.9874675,0.9838455,0.9914611,0.98282236,1.0,0.9842008,0.98854303,0.9781195,0.99141175,0.985915,0.9825601,0.98635316,0.98784417,0.9873162,0.98343664,0.97701246,0.97986966,0.98302394,0.9864492,0.9864057,0.97973734,0.9387472,0.9813015,0.98489827,0.98757833,0.9879251,0.99069345,0.9884349,0.97773504,0.9797813,0.97662294,0.95204574,0.9889696,0.98674566,0.98474497,0.9837728,0.9839638,0.9875591,0.9655859,0.979452,0.9860235,0.99077237,0.9808352,0.9829929,0.9756174,0.9840807,0.9881817,0.99035,0.98582846,0.9715422,0.9826731,0.9844329,0.978573,0.9896843,0.98540956,0.98988956,0.9856077,0.98745966,0.98520815,0.99109787,0.98424006,0.9828334,0.9921922,0.9807395,0.98077023,0.97711504,0.99377257,0.7794704,0.98036444,0.98653674,0.97151953,0.98347354,0.9507569,0.98042536,0.9787738,0.97870666,0.9842845,0.981278,0.9898758,0.9858956,0.9807218,0.98316187,0.97606564,0.9913372,0.9832365,0.98663753,0.98157024,0.99377257,0.98190784,0.97414374,0.98454446,0.9829406,0.98678434,0.984711,0.9810063,0.9854282,0.98858047,0.9848167,0.9734901,0.9902397,0.9737593,0.9894551,0.98322076,0.9885292,0.9786954,0.9851105,0.9894649,0.86728233,0.98668915,0.9665219,0.9862662,0.9863581,0.9873392,0.98083764,0.98952395,0.9854373,0.98823696,0.9757317,0.9909863,0.9844445,0.98838615,0.9881554,0.98768824,0.97320104,0.9819146,0.9570436,0.9823834,0.9746028,0.9869338,0.9753528,0.9887124,0.98868823,0.981755,0.9792594,0.9910926,0.9848593,1.0,0.98890096,0.9873981,0.9849944,0.976045,0.9849863,0.9832264,0.9776014,0.9852652,0.98416644,0.9845478,0.98593336,0.9760109,0.967948,0.9902208,0.9878509,0.9860477,0.98593676,0.9834324,0.9814481,1.0,0.9804408,0.9896613,0.9863699,0.98453915
alitamovie,0.97002286,0.97267765,0.9679569,0.976767,0.9738856,0.9681167,0.9795591,0.96746117,0.9842008,1.0000001,0.9736675,0.9658393,0.9735399,0.97387064,0.97450715,0.9722086,0.9717921,0.9803868,0.9704198,0.9681374,0.9701597,0.9670116,0.973111,0.97216517,0.9626653,0.93011713,0.969684,0.97449595,0.9721503,0.9792224,0.97906375,0.9750923,0.95947105,0.9627418,0.95089734,0.94117314,0.9741756,0.967132,0.9727219,0.969595,0.9619288,0.97235185,0.94683915,0.9629997,0.9708572,0.977843,0.96662307,0.9716756,0.9620449,0.97000325,0.9707492,0.97473663,0.97960013,0.9513065,0.9690976,0.97012997,0.9586338,0.96871173,0.97236365,0.9791632,0.9600058,0.97670513,0.96644294,0.9697212,0.96678305,0.9702565,0.9811532,0.9681325,0.9603475,0.96403295,0.98226714,0.75217915,0.96117616,0.974824,0.9598092,0.96854854,0.9301937,0.96147704,0.96305966,0.96233934,0.9690129,0.9607811,0.9690639,0.96884215,0.9680807,0.96788025,0.95178753,0.97793806,0.97064525,0.97365326,0.97115594,0.98226714,0.975424,0.9585281,0.9585051,0.9798853,0.96687317,0.9736875,0.97225136,0.9714138,0.97032535,0.9756039,0.97259873,0.96974087,0.97737455,0.97457445,0.96749437,0.9706574,0.95673627,0.9727605,0.98119444,0.8432869,0.96978825,0.9478823,0.9741082,0.9639691,0.97005165,0.964741,0.97208226,0.97018665,0.9759153,0.9696448,0.9799888,0.9707955,0.9769065,0.97089493,0.9759822,0.9535139,0.970351,0.940989,0.9718843,0.97353905,0.973408,0.9556745,0.971665,0.9813145,0.96844023,0.9703687,0.98226166,0.9692812,0.9842008,0.97803986,0.9699811,0.96371156,0.952356,0.9733618,0.96451724,0.9545494,0.9629947,0.9600537,0.97526693,0.9664264,0.9642634,0.9494596,0.97531015,0.9773761,0.9733829,0.96975744,0.96028906,0.9639257,0.9842008,0.96265036,0.9770712,0.97595304,0.9658183
angelhasfallen,0.97736293,0.97076374,0.9756291,0.9722513,0.98185647,0.97042686,0.9833645,0.9705084,0.98854303,0.9736675,1.0000001,0.96224445,0.98367244,0.97760844,0.9674197,0.9795243,0.97583055,0.97209656,0.9741996,0.95953816,0.97546923,0.9667708,0.9777172,0.97682554,0.9741934,0.9148473,0.9686363,0.9729451,0.97770065,0.9779131,0.978541,0.97581345,0.9712215,0.96422356,0.96997887,0.94595,0.97354156,0.9800956,0.96772426,0.96899736,0.9748279,0.978055,0.9481048,0.96551925,0.9848746,0.97814846,0.97048134,0.9720846,0.9525165,0.970194,0.97267145,0.97389257,0.97578365,0.9637402,0.97474366,0.9753899,0.96134824,0.98733497,0.9784018,0.9828402,0.97687954,0.9800779,0.9762971,0.9772334,0.964614,0.9831129,0.98326623,0.96584845,0.9804187,0.9638735,0.9821795,0.7418985,0.963973,0.9722459,0.9618162,0.96912706,0.93120325,0.96728826,0.9693015,0.96807003,0.98356503,0.97651535,0.9809454,0.97984743,0.9693689,0.97414136,0.9795447,0.9837799,0.97452205,0.97537816,0.96105975,0.9821795,0.97086376,0.96252185,0.9637873,0.9731922,0.980438,0.96616536,0.970958,0.97216177,0.9718554,0.9731779,0.9684577,0.97663736,0.9698474,0.9761598,0.9840534,0.9758254,0.9643683,0.9723688,0.9814554,0.8400902,0.98111695,0.95637584,0.97956073,0.9830655,0.9808341,0.96504253,0.97999203,0.97716266,0.9805084,0.97810304,0.9824059,0.9698091,0.977877,0.9761053,0.9797408,0.95646214,0.9697741,0.93802416,0.9777476,0.9732833,0.97681236,0.96074474,0.9823557,0.9782074,0.97583807,0.96881145,0.98080415,0.9664095,0.98854303,0.97474843,0.97278595,0.9665276,0.9645686,0.96817225,0.96975833,0.9725949,0.96872514,0.98196936,0.9732018,0.9759666,0.96241575,0.9528204,0.97943664,0.977549,0.97519696,0.9690107,0.9753899,0.97571445,0.98854303,0.9767999,0.9797423,0.9712814,0.96695375
angrybirdsmovie,0.95412725,0.96101165,0.9783554,0.96568567,0.96505696,0.95983386,0.97331953,0.97205114,0.9781195,0.9658393,0.96224445,1.0000002,0.9638175,0.9596981,0.96474373,0.9636276,0.9673756,0.96934074,0.95838785,0.9548958,0.95484257,0.96532154,0.9569635,0.96358085,0.95884144,0.925129,0.9551928,0.97946995,0.97024393,0.9782228,0.97290885,0.9650537,0.94948286,0.9675626,0.95845836,0.9229818,0.9693197,0.95316553,0.9677861,0.95400065,0.9594588,0.968364,0.93437034,0.9534266,0.96466017,0.9686994,0.95602626,0.9706522,0.9663521,0.96209675,0.9752705,0.96990377,0.9543139,0.9555663,0.9582996,0.9619009,0.9528428,0.9635375,0.9650253,0.9636931,0.9667066,0.95875835,0.96183395,0.97216755,0.9666977,0.97283435,0.977779,0.9592886,0.954374,0.9690971,0.9672207,0.74646944,0.9667185,0.97637063,0.94505876,0.95967877,0.9238837,0.95546955,0.96174294,0.96281004,0.96257246,0.9584667,0.96800023,0.9685208,0.9675148,0.95375407,0.95782536,0.96177065,0.9511417,0.9560092,0.9622548,0.9672207,0.9647049,0.9434798,0.9792454,0.96185845,0.96204054,0.9638067,0.962399,0.9620768,0.9676588,0.9670593,0.95813787,0.9681295,0.9492815,0.97351825,0.9621767,0.9720388,0.97429425,0.96751845,0.96519935,0.87067586,0.9603754,0.9480575,0.9592043,0.9568281,0.95269763,0.9555037,0.97008055,0.9665762,0.979407,0.95777786,0.9689112,0.9716828,0.9606268,0.97330356,0.9637603,0.95709807,0.96002537,0.92402667,0.9709182,0.9491503,0.96734875,0.96057355,0.96199894,0.97458535,0.9437022,0.9593189,0.9727366,0.9579958,0.9781195,0.96953416,0.97171205,0.9746241,0.96567756,0.9591185,0.9628069,0.96305585,0.97022223,0.9516014,0.96374977,0.96043485,0.9530297,0.9360875,0.9647807,0.96571237,0.96041936,0.9720649,0.9593766,0.95952505,0.9781195,0.9679427,0.968889,0.95730877,0.96380126
annabellemovie,0.9790236,0.97316307,0.97825664,0.97548777,0.9765385,0.976771,0.98615074,0.98080677,0.99141175,0.9735399,0.98367244,0.9638175,0.9999999,0.98181164,0.9740474,0.98037183,0.9771012,0.9760123,0.9776999,0.9716361,0.9724638,0.972799,0.97732925,0.981866,0.9758158,0.9188871,0.97078216,0.9700851,0.9828695,0.9846048,0.9824841,0.98081136,0.96965045,0.9695736,0.9737694,0.948538,0.97743464,0.9907935,0.979841,0.9747337,0.9812077,0.9787154,0.95049304,0.96733713,0.98408914,0.981777,0.9709686,0.97618574,0.96495175,0.9722908,0.9823285,0.9815884,0.9816282,0.97170264,0.98327166,0.9773464,0.9698253,0.9845425,0.976336,0.98308533,0.9825097,0.98005617,0.9834314,0.98817235,0.9720669,0.9737514,0.9830926,0.97543454,0.9759725,0.97281355,0.9854072,0.7572702,0.9684802,0.9757121,0.9563735,0.9774044,0.93567365,0.97142494,0.97276795,0.9678838,0.9727381,0.9819785,0.9913494,0.97345793,0.97949594,0.9766824,0.9770471,0.9882675,0.9814728,0.978139,0.9686284,0.9854072,0.97743297,0.9705704,0.9768255,0.9736436,0.98427594,0.9780625,0.97655815,0.9768954,0.9801017,0.9772389,0.96293306,0.9847807,0.96528023,0.9856072,0.97575206,0.982735,0.9678223,0.9761639,0.9848652,0.86534536,0.9803502,0.95977324,0.97647375,0.98022074,0.9829634,0.97345734,0.9800003,0.9819193,0.98300105,0.97119445,0.9803516,0.9759434,0.97803587,0.98022586,0.9834775,0.9728707,0.9782383,0.9442934,0.97399557,0.9710115,0.97410965,0.95360625,0.98333627,0.97974366,0.97685623,0.9718233,0.98121864,0.9805953,0.99141175,0.98112035,0.97884274,0.9745207,0.97367567,0.97998357,0.97807115,0.97515637,0.97910136,0.9825049,0.9774625,0.97740024,0.97642255,0.95996195,0.98309153,0.9806036,0.98338,0.9787567,0.9789945,0.96964717,0.99141175,0.9745393,0.98198134,0.9803263,0.97479224
annamovie,0.97393036,0.9760809,0.9786899,0.97399145,0.97550243,0.9628776,0.9738645,0.97305286,0.985915,0.97387064,0.97760844,0.9596981,0.98181164,0.9999997,0.9734892,0.9719767,0.9710708,0.97486717,0.97317547,0.9692618,0.960868,0.97299695,0.975802,0.97809213,0.9664758,0.9337559,0.9674712,0.97237605,0.9819179,0.9736659,0.9776904,0.9781105,0.9593094,0.96593416,0.9650359,0.9465327,0.9655152,0.9741873,0.975595,0.9754076,0.96979314,0.97253287,0.94132626,0.9658398,0.9783604,0.97798,0.9696857,0.9748197,0.96398216,0.9674783,0.97948676,0.97574514,0.97727466,0.95232916,0.96472734,0.9721298,0.96840256,0.9809626,0.9731665,0.9760935,0.96918607,0.97481453,0.9685643,0.97982705,0.9714662,0.9746432,0.9753079,0.9674714,0.9706026,0.96640635,0.97915524,0.7504588,0.9668136,0.9767668,0.95027494,0.97522575,0.93667984,0.965587,0.97143894,0.96697164,0.9666724,0.9722915,0.97839475,0.9725918,0.97058445,0.9746371,0.9699268,0.98027855,0.97602975,0.9723998,0.96026653,0.97915524,0.9736153,0.9637869,0.96418625,0.96866834,0.977403,0.9768032,0.9705231,0.9757187,0.9685914,0.97401303,0.9613981,0.9738239,0.97785217,0.9844697,0.97336245,0.9652871,0.9682486,0.9726279,0.9782014,0.87274367,0.97704554,0.969023,0.9794143,0.9746782,0.97632277,0.96761066,0.9724407,0.9655234,0.972635,0.96595156,0.97219867,0.9639556,0.97955656,0.972858,0.97265667,0.96695316,0.9768782,0.93174326,0.9679074,0.96815205,0.9683774,0.9448415,0.98082954,0.9709294,0.96976256,0.96266824,0.972704,0.97104234,0.985915,0.9793044,0.9698985,0.96290535,0.9581556,0.97425145,0.9759145,0.9641462,0.95853394,0.97592264,0.9701734,0.97054684,0.96243626,0.94792,0.9758904,0.96946377,0.9727121,0.9681581,0.9700382,0.97356975,0.985915,0.9637747,0.9743818,0.97080666,0.9694999
apollo11movie,0.97094804,0.96840024,0.96740556,0.97210133,0.9762595,0.9547729,0.9760565,0.9701321,0.9825601,0.97450715,0.9674197,0.96474373,0.9740474,0.9734892,0.9999999,0.9681407,0.96643645,0.9752002,0.9663443,0.98149043,0.96798,0.9670031,0.97378,0.97378737,0.9685221,0.9139005,0.96762615,0.9698874,0.9698669,0.9777554,0.97512066,0.9718241,0.95267594,0.9698648,0.9614906,0.93477535,0.97098935,0.9652929,0.97744185,0.9739743,0.9715167,0.96643096,0.9411711,0.9635544,0.9722709,0.969639,0.96872663,0.97544867,0.9574551,0.9660819,0.9724004,0.9740504,0.9720932,0.9574232,0.9634144,0.977014,0.9709,0.9723234,0.9688762,0.9717138,0.9663987,0.9747062,0.96640414,0.96812236,0.9617158,0.97021645,0.97436464,0.96415746,0.9639882,0.96302545,0.9746407,0.7530808,0.96549,0.9755214,0.9576607,0.9713775,0.9259188,0.96916765,0.96204454,0.9668427,0.961457,0.96363264,0.9704672,0.96342206,0.964119,0.96093786,0.96284556,0.96919155,0.9586255,0.9702035,0.9680978,0.9746407,0.9646235,0.9589212,0.9631563,0.9807854,0.96910477,0.9689647,0.96117175,0.9713272,0.97010463,0.97691613,0.95273703,0.97018546,0.9563974,0.9729334,0.96968913,0.96881855,0.96194017,0.97830087,0.9785509,0.8452722,0.9764011,0.9558335,0.974127,0.9763216,0.97106254,0.96706957,0.97367764,0.97064126,0.973167,0.9733156,0.9732179,0.958363,0.9762373,0.9680413,0.96611357,0.95700383,0.97266704,0.92403454,0.96637565,0.96293175,0.96763176,0.9528363,0.9751169,0.97736984,0.9635373,0.9705321,0.96943676,0.96868765,0.9825601,0.97423506,0.96709836,0.9627797,0.9536868,0.96132994,0.97270143,0.9581366,0.963606,0.9660008,0.97284347,0.9642073,0.95954704,0.94671136,0.96629435,0.9713678,0.9680544,0.9699436,0.96698743,0.97199345,0.9825601,0.9642676,0.97514045,0.9690535,0.96361077
arcticdogsmovie,0.97087044,0.9842914,0.9769711,0.9685071,0.97567236,0.9728159,0.9782401,0.96730053,0.98635316,0.9722086,0.9795243,0.9636276,0.98037183,0.9719767,0.9681407,1.0000004,0.9717767,0.9711608,0.97031534,0.96558166,0.9686874,0.9596571,0.97047883,0.9714395,0.9634956,0.9195371,0.96318173,0.9706129,0.97237664,0.9738922,0.9812502,0.97038615,0.9658958,0.96542645,0.9567781,0.9311048,0.97485524,0.9754894,0.96566296,0.97021157,0.9705868,0.9735986,0.9477682,0.9655008,0.97805977,0.97902644,0.96536833,0.9728688,0.95046765,0.96909237,0.9726102,0.97109216,0.97047436,0.9561026,0.97328305,0.96814793,0.9541235,0.97507817,0.97423273,0.9812519,0.969351,0.97117394,0.98003536,0.9804773,0.96393675,0.9674158,0.9793281,0.95866084,0.9773194,0.9686178,0.9809555,0.77538824,0.96088386,0.9716134,0.9527983,0.96740663,0.9223307,0.96652526,0.96756047,0.9575022,0.96577036,0.9699889,0.9801338,0.9624806,0.97128236,0.9732221,0.97009313,0.9746779,0.97201204,0.9706828,0.96804065,0.9809555,0.97335356,0.96282816,0.97017056,0.96543443,0.9731051,0.96693814,0.96577513,0.9666298,0.9749528,0.9724364,0.96281576,0.9807992,0.963407,0.97202444,0.98016894,0.97998893,0.9673363,0.9725029,0.97844684,0.84031546,0.9721762,0.9420376,0.9740425,0.97166234,0.96998274,0.9586128,0.9745697,0.9736913,0.9816257,0.96663016,0.9823245,0.97206026,0.97455615,0.9750843,0.9712132,0.95363855,0.9686193,0.9434205,0.9652079,0.95965123,0.9700115,0.96281457,0.97559214,0.97459316,0.96804446,0.96408516,0.97751445,0.9787343,0.98635316,0.97003955,0.97139925,0.9700465,0.96453685,0.9710665,0.9667582,0.9603847,0.9722767,0.9716184,0.965649,0.97469145,0.96697927,0.95221746,0.98006827,0.97403616,0.9798384,0.97348666,0.96790034,0.96565497,0.98635316,0.96578586,0.9789449,0.97056127,0.9712667
arcticmovie,0.9693133,0.9659351,0.9757371,0.9681087,0.9739347,0.9777953,0.97975236,0.97353643,0.98784417,0.9717921,0.97583055,0.9673756,0.9771012,0.9710708,0.96643645,0.9717767,0.99999994,0.9802822,0.9754824,0.9650141,0.96799415,0.9766586,0.97061795,0.9821301,0.96512413,0.9281131,0.9688386,0.9858356,0.9793371,0.9752076,0.9795346,0.97853893,0.9625786,0.96644086,0.96078855,0.9336998,0.978451,0.97248983,0.9723304,0.9706275,0.9740853,0.97833323,0.97151583,0.97145075,0.977636,0.9828504,0.96185595,0.9730151,0.9751313,0.9764866,0.9814071,0.98501736,0.971084,0.9547667,0.964067,0.9732389,0.97424453,0.97918266,0.97887033,0.97691256,0.9750522,0.9770745,0.9705314,0.9792425,0.9780701,0.9680863,0.98254067,0.9712583,0.97330666,0.9644416,0.9823131,0.8035266,0.96892434,0.97909284,0.9586789,0.9750527,0.9464479,0.96546155,0.980193,0.9616823,0.97179914,0.9676647,0.9789123,0.9751047,0.966528,0.9757207,0.9627765,0.98108196,0.97989386,0.98146933,0.9707903,0.9823131,0.9692008,0.9683745,0.97574484,0.9745199,0.9741203,0.97998774,0.97452515,0.9668138,0.98068076,0.96840996,0.964071,0.97676706,0.95622605,0.97876674,0.9702662,0.9742133,0.96999884,0.9748545,0.97560424,0.8515956,0.976831,0.9390908,0.9737653,0.9719588,0.9716981,0.9685557,0.9717142,0.971329,0.9751512,0.96192294,0.9773726,0.9786334,0.9784906,0.9809167,0.97882885,0.9685893,0.9756997,0.95753324,0.97859937,0.97162765,0.9873014,0.97411436,0.97898227,0.9812249,0.9635887,0.9624284,0.9813776,0.9778983,0.98784417,0.9785717,0.9769029,0.97710615,0.96848786,0.97475606,0.9670759,0.9651006,0.97664285,0.9653737,0.9732022,0.97463536,0.971204,0.9633735,0.9779154,0.98322165,0.9784517,0.97749585,0.97444135,0.97438955,0.98784417,0.97351927,0.97830874,0.9808484,0.9816618
artofracingmovie,0.9677715,0.96630937,0.97528464,0.96971315,0.98322845,0.96946394,0.9805692,0.9754416,0.9873162,0.9803868,0.97209656,0.96934074,0.9760123,0.97486717,0.9752002,0.9711608,0.9802822,0.99999994,0.9707128,0.96711946,0.9717228,0.97167915,0.97373945,0.97854847,0.9676514,0.930248,0.9760106,0.981605,0.9723782,0.9805565,0.9841333,0.9752758,0.971233,0.9658016,0.9647614,0.9389419,0.9811039,0.96638817,0.9818796,0.9747038,0.9689829,0.9797651,0.95916456,0.971251,0.96943533,0.97655106,0.9695691,0.973602,0.96609336,0.97781914,0.97547174,0.9788336,0.9763576,0.97091466,0.96418065,0.9735703,0.9690025,0.9756016,0.9805595,0.97679913,0.97485167,0.98304445,0.9655902,0.97602135,0.97000223,0.9688344,0.9802124,0.9694646,0.96459156,0.9608056,0.983053,0.7666074,0.9717787,0.98438275,0.9538167,0.9780809,0.9371565,0.969597,0.97092336,0.96981514,0.96790516,0.97209436,0.9770968,0.96837085,0.9669665,0.9714571,0.9588639,0.97849405,0.97601235,0.9812206,0.97167754,0.983053,0.97449076,0.9649053,0.9721341,0.97053427,0.9740515,0.97003514,0.9680194,0.9734401,0.9732379,0.971122,0.9630029,0.9795638,0.9572276,0.97931784,0.9726381,0.9733757,0.97691727,0.9750528,0.9797098,0.84236735,0.97438365,0.9548587,0.9781977,0.9728846,0.96976024,0.9671764,0.9765615,0.9741168,0.9719311,0.96339244,0.98085976,0.9768864,0.9803142,0.98117524,0.9735619,0.9627861,0.9800684,0.947061,0.97111213,0.97223604,0.97152686,0.96132493,0.97476584,0.9812808,0.96398145,0.9651515,0.9783823,0.9719769,0.9873162,0.9784153,0.97131026,0.9721927,0.9621555,0.97414744,0.9768721,0.9674653,0.97419906,0.97035676,0.9805254,0.9746981,0.9576523,0.95073754,0.9736541,0.9811003,0.97455794,0.9762832,0.9722566,0.9752317,0.9873162,0.9765945,0.9783263,0.97200024,0.97033244
avengers,0.98318326,0.9648713,0.9661009,0.97173476,0.96650964,0.9731589,0.9786196,0.9693853,0.98343664,0.9704198,0.9741996,0.95838785,0.9776999,0.97317547,0.9663443,0.97031534,0.9754824,0.9707128,0.99999994,0.95974,0.9557075,0.9718718,0.97121775,0.96281856,0.96077657,0.9222313,0.9777481,0.97410333,0.9702815,0.96726024,0.98449826,0.97461283,0.9662564,0.9522334,0.96124715,0.9496414,0.975475,0.97705233,0.9736656,0.9684698,0.9645431,0.97652894,0.9573319,0.96971846,0.9758448,0.9827862,0.965505,0.97942376,0.9596565,0.9751889,0.9710028,0.9783524,0.9740037,0.96051645,0.9698289,0.96531457,0.966725,0.96891516,0.9780199,0.9732853,0.9672103,0.97366893,0.97352487,0.98092663,0.9724545,0.9615671,0.97296566,0.9714815,0.96188396,0.96143186,0.9735746,0.7873472,0.9563209,0.9754113,0.9498333,0.96452355,0.9401895,0.9693436,0.9737373,0.9660442,0.9660523,0.9783832,0.9732221,0.9670042,0.96246046,0.97670925,0.95704776,0.9798445,0.97317225,0.9751851,0.9591695,0.9735746,0.9738844,0.9544128,0.9682804,0.9735616,0.9779427,0.9694384,0.9709724,0.96830153,0.9760708,0.9737469,0.95569605,0.9713664,0.9566037,0.97439784,0.9691806,0.97506744,0.9569078,0.9646286,0.9766624,0.8424784,0.9719335,0.9529551,0.97105783,0.9723593,0.9744943,0.96554947,0.97360647,0.97105056,0.97138643,0.9552497,0.96961105,0.9706946,0.96834445,0.9702957,0.97182626,0.96158457,0.9668419,0.96383375,0.96155846,0.963251,0.97066134,0.9543276,0.96899366,0.96602976,0.9694521,0.967368,0.97163785,0.9750412,0.98343664,0.9802276,0.9709599,0.96491575,0.95762986,0.9737007,0.973695,0.9605511,0.96673685,0.96755534,0.9786671,0.9709734,0.9661799,0.95957136,0.9682351,0.9695853,0.9690588,0.9654626,0.96787524,0.96561205,0.98343664,0.9690923,0.9742559,0.97458375,0.9649652
beachbummovie,0.9585556,0.9689991,0.95691884,0.95811003,0.96412414,0.9605853,0.96862495,0.9668123,0.97701246,0.9681374,0.95953816,0.9548958,0.9716361,0.9692618,0.98149043,0.96558166,0.9650141,0.96711946,0.95974,0.9999998,0.9568835,0.96746343,0.97320616,0.9743867,0.9583263,0.9134723,0.94958824,0.9555503,0.96580446,0.9782016,0.9646946,0.96381605,0.9524869,0.9535337,0.95698255,0.9381159,0.9647237,0.9585836,0.9728174,0.96935517,0.96662724,0.9619996,0.93713814,0.95987093,0.97557366,0.9746611,0.9647188,0.9640229,0.9543446,0.9619168,0.96903455,0.9666798,0.96774465,0.94897485,0.9665886,0.9691176,0.9596778,0.9761094,0.95655745,0.9679569,0.9638728,0.96185744,0.9675885,0.9646412,0.9643414,0.96368253,0.96524185,0.9537688,0.96282333,0.9576271,0.97092646,0.7763169,0.9578567,0.9641252,0.9626351,0.9777574,0.91545814,0.96847755,0.959957,0.95287234,0.95972776,0.9558098,0.9689279,0.9608685,0.95703745,0.9565643,0.96313375,0.96808666,0.9612218,0.96831954,0.9664147,0.97092646,0.9591953,0.953281,0.9560348,0.97397655,0.9652351,0.97470146,0.9605975,0.96305394,0.9712752,0.9728509,0.95197064,0.9616841,0.9470057,0.9677723,0.9703192,0.96022046,0.9534862,0.9702915,0.97180283,0.8358749,0.9816183,0.9390973,0.9656888,0.96648246,0.9623189,0.96599966,0.9660064,0.9641397,0.9629531,0.9662283,0.97306204,0.95942914,0.9707583,0.9600566,0.9674622,0.95987236,0.9649017,0.9308989,0.9581963,0.9483633,0.96679264,0.94870645,0.9780195,0.9740327,0.9547054,0.95720565,0.96712875,0.9799158,0.97701246,0.96866417,0.97116524,0.9596506,0.9496509,0.95771176,0.9647332,0.9542012,0.95942897,0.96120375,0.96258587,0.9528078,0.96357393,0.9424604,0.9683164,0.96871775,0.9796649,0.96600556,0.96239567,0.96806395,0.97701246,0.96797186,0.9654783,0.96889126,0.96475756
bernadettefilm,0.95848244,0.9577547,0.96441424,0.9558336,0.9780615,0.95631987,0.9734335,0.96037364,0.97986966,0.9701597,0.97546923,0.95484257,0.9724638,0.960868,0.96798,0.9686874,0.96799415,0.9717228,0.9557075,0.9568835,1.0,0.9610509,0.9671992,0.97287273,0.96364915,0.9072363,0.9655703,0.9644582,0.96492845,0.96844757,0.97418946,0.9650958,0.9669962,0.9662759,0.95354044,0.9379625,0.9690963,0.9633748,0.96768457,0.95940465,0.9694781,0.96424603,0.9441911,0.9525076,0.96637803,0.9713959,0.9574933,0.95777535,0.9523649,0.95913386,0.96153206,0.9704195,0.9644218,0.95183086,0.9660768,0.9714812,0.9565286,0.97095066,0.96463627,0.98022395,0.9637647,0.9728979,0.96210474,0.97078437,0.9600777,0.96447784,0.9744833,0.96063864,0.96116364,0.9483567,0.9793311,0.7481195,0.96596336,0.96744984,0.9583489,0.964176,0.92280316,0.9625313,0.95047086,0.9550899,0.96757793,0.962561,0.9687788,0.9643191,0.95918626,0.96542174,0.95954615,0.97182524,0.9636891,0.97228736,0.9686559,0.9793311,0.9512994,0.94942147,0.95487136,0.9664435,0.9638915,0.95613056,0.95565695,0.95968527,0.973974,0.96697134,0.949337,0.96953094,0.94573045,0.96340656,0.97036093,0.973713,0.958603,0.9702645,0.9682781,0.8407446,0.97420925,0.9408656,0.97893375,0.97121394,0.96459395,0.9657057,0.9696376,0.97207505,0.96738017,0.96331966,0.97134227,0.9635162,0.9742526,0.96690506,0.9662874,0.95126706,0.9674244,0.92156816,0.97946566,0.9657871,0.9676022,0.9574693,0.97249174,0.97238284,0.954874,0.97150904,0.97206604,0.9587899,0.97986966,0.9701566,0.97246623,0.9699312,0.95226336,0.96263266,0.960071,0.9583566,0.9664462,0.9642775,0.9686279,0.96458733,0.9560942,0.9415901,0.97396314,0.9761931,0.96682477,0.969649,0.9558291,0.9655156,0.97986966,0.9669107,0.98070407,0.9660063,0.95577884
