movie,21bridgesmovie,47metersdown,abeautifuldaymovie,abominablemovie,adastramovie,adogsjourneymovie,aftermathmovie,aftermovie,ahiddenlifefilm,alitamovie,angelhasfallen,angrybirdsmovie,annabellemovie,annamovie,apollo11movie,arcticdogsmovie,arcticmovie,artofracingmovie,avengers,beachbummovie,bernadettefilm,blackandbluemovie,blackchristmas,blindedbythelightmovie,bombshellmovie,booksmart,breakthroughmovie,brianbanksmovie,brightburnmovie,brittanyrunsmov,captainmarvelofficial,captivestatemovie,catsmovie,charliesangels,childsplaymovie,clarathefilm,coldpursuitmovie,countdown,currentwarmovie,darkwatersmovie,detectivepikachumovie,disneyaladdin,disneyfrozen,disneymaleficent,doctorsleepmovie,dolemiteismyname,dontletgomovie,doramovie,downtonabbey_official,dumbo,escaperoom,everybodyknowsmovie,fastandfuriousmovie,fightingwmyfam,fivefeetapartfilm,fordvferrari,freaksthefilm,geminimanmovie,glassmovie,gloriabellmovie,godzillamovie,goldfinchmovie,goodboysmovie,goodliarmovie,gretafilm,halathemovie,happydeathdaymovie,harrietfilm,hellboymovie,hersmellmovie,highlifemovie,highstrungmovie,honeyboymovie,hotelmumbaifilm,httydragon,hustlemovie,hustlersmovie,isntitromantic,itmovieofficial,jayandsilentbob,johnwickmovie,jojorabbitmovie,jokermovie,judythefilm,jumanjimovie,justmercyfilm,knivesout,lalloronamovie,lastblackmansf,lastchristmasthemovie,latenightmovie,lighthousemovie,lionking,littlethemovie,littlewomenmovie,littlewoodsfilm,longshotmovie,lordsofchaosmovie,lucyintheskyfilm,mamovie2019,marriagestory,meettheaddams,meninblack,midsommarmovie,midwaymovie,missbalamovie,missinglinkfilm,motherlessbklyn,onceinhollywood,onthebasisofsex,overcomermovie,peanutbutterfalcon,petsematarymovie,piercingmovie,playingwithfire,playmobilthemovie,pomsmovie,queenandslim,rambomovie,readyornotfilm,richardjewellfilm,rocketmanmovie,scarystoriesmovie,secretlifeofpets,serenityfilm,shaftmovie,shazammovie,spidermanmovie,spiesindisguise,starwars,stormboymovie,stubermovie,taosdfilm,teenspiritmov,terminator,theaeronautsmov,thebestofenemies,thedeaddontdie,thefarewell,thehighwaymen,thehummingbirdprojectfilm,theintrudermovie,theirishmanfilm,thekitchenmovie,thelegomovie,themustangfilm,thenightingalefilm,theprodigymovie,thesunisalsoastar,theupsidefilm,tolkienmovie,toystory,triplefrontier,uglydolls,uncutgems,underthesilverlake,usmovie,wavesmovie,whatmenwant,wonderparkmovie,wrinklestheclown,xmenmovies,yardiefilm,yesterdaymovie,zombieland
21bridgesmovie,1.0000005,0.96023357,0.9667223,0.9534917,0.96079934,0.95475036,0.9650022,0.96858066,0.98119444,0.9631855,0.96252376,0.956744,0.9663824,0.96030045,0.96820873,0.963969,0.9607558,0.95511955,0.9719722,0.95620805,0.9602516,0.9621875,0.97229344,0.96559435,0.9610421,0.87203854,0.9559555,0.9652292,0.96717656,0.9562025,0.9545157,0.9660688,0.95581853,0.95680666,0.953475,0.9416695,0.96159965,0.971144,0.96630824,0.953749,0.9633939,0.962449,0.9514006,0.9626719,0.96076256,0.9583226,0.970644,0.9654613,0.95562243,0.96680653,0.97137326,0.96790916,0.9636355,0.95944077,0.96417505,0.9631005,0.96461385,0.9630192,0.9568546,0.9616633,0.9529759,0.9587795,0.95352757,0.9676463,0.95418644,0.9557869,0.9539639,0.95731664,0.95897263,0.9521375,0.96811956,0.8168461,0.9576772,0.9710118,0.95591134,0.94850826,0.93164253,0.96467525,0.9582838,0.95388925,0.9597417,0.965228,0.97057515,0.9647044,0.96575975,0.9548703,0.9669339,0.96873206,0.96170115,0.96971095,0.9514442,0.96811956,0.9671203,0.95885354,0.9585626,0.9549769,0.9567528,0.962131,0.95143914,0.9633138,0.95941377,0.9479123,0.95214665,0.96475136,0.96611613,0.9689682,0.9649229,0.96973336,0.9627544,0.9583896,0.96628374,0.890046,0.96447,0.93320495,0.96514183,0.9722334,0.9908504,0.9594229,0.96448565,0.959333,0.958042,0.96514857,0.9703491,0.9612822,0.9652679,0.9553641,0.9609118,0.9620504,0.95589644,0.932065,0.962833,0.9447942,0.96534836,0.953552,0.95850176,0.9522246,0.97822344,0.9677745,0.96661174,0.9541262,0.98119444,0.96570927,0.9621687,0.9657674,0.9639698,0.956376,0.9551348,0.9600509,0.96542335,0.9704771,0.9635401,0.96326345,0.9572127,0.95918274,0.9605946,0.95806575,0.96599436,0.96392554,0.96988213,0.96292466,0.98119444,0.9508047,0.9563089,0.9715718,0.9644267
47metersdown,0.96023357,1.0000004,0.9570172,0.9505708,0.95617163,0.95228004,0.9688215,0.95886433,0.9722547,0.9482649,0.9548405,0.9452947,0.9636851,0.9601234,0.95907336,0.972139,0.9569825,0.95529264,0.9580392,0.93974185,0.95551974,0.9523833,0.9606776,0.96258,0.96022725,0.8651406,0.9584942,0.9557355,0.9516043,0.9504933,0.9511489,0.95732903,0.95268124,0.9455908,0.94858265,0.9254731,0.94934314,0.9603171,0.94927263,0.95192605,0.95292926,0.9570983,0.9464806,0.9490763,0.9594125,0.9459929,0.9581092,0.9621356,0.9413821,0.9534228,0.95402795,0.9534848,0.9554707,0.95145655,0.95651954,0.9560809,0.95661414,0.95507973,0.9485741,0.9582392,0.942795,0.9578892,0.9530269,0.9548255,0.9455111,0.9490423,0.94666123,0.94556206,0.9523541,0.94517004,0.9613907,0.81211436,0.94131273,0.95032036,0.95581853,0.9436893,0.91306037,0.9550307,0.95102113,0.9484934,0.9572583,0.9575578,0.95686984,0.95279014,0.9552424,0.9468743,0.9600048,0.9664876,0.9526215,0.9577105,0.95146894,0.9613907,0.9531557,0.96137565,0.9412675,0.9468967,0.9536827,0.94905084,0.96148837,0.9513764,0.9507153,0.9493709,0.94294155,0.9563227,0.9570065,0.9584525,0.9598322,0.9574301,0.95070076,0.942412,0.9624146,0.8474397,0.9538086,0.90888125,0.9551679,0.9556728,0.965264,0.95278084,0.95712185,0.9635117,0.94990844,0.9492922,0.94959694,0.9609422,0.9596063,0.9563001,0.957737,0.946971,0.95443946,0.93123645,0.95896894,0.9482807,0.96234643,0.940669,0.9531949,0.9533627,0.9653983,0.944252,0.9608611,0.9455321,0.9722547,0.9516178,0.95047414,0.94599855,0.9445523,0.95480335,0.95332044,0.9503226,0.9485847,0.95210135,0.95702034,0.9609975,0.9478096,0.9200298,0.954473,0.9532861,0.96188563,0.95489603,0.9628905,0.9561835,0.9722547,0.9420667,0.95433915,0.95904195,0.9523073
abeautifuldaymovie,0.9667223,0.9570172,1.0,0.95263964,0.96878964,0.9631448,0.9678005,0.96913254,0.9845666,0.96232426,0.9657981,0.969386,0.96669704,0.96699834,0.9687263,0.9687183,0.9644978,0.96090037,0.9598408,0.95551854,0.9605898,0.97577363,0.9641919,0.97062194,0.96563804,0.88118213,0.95475274,0.9644079,0.98003465,0.9609816,0.9646459,0.9713801,0.96344423,0.96918875,0.9561673,0.9253514,0.96829516,0.9644989,0.9715276,0.9586311,0.96453035,0.967272,0.96279347,0.9640768,0.9612399,0.95926183,0.9641884,0.9716351,0.9529242,0.9691692,0.9814538,0.9682447,0.95818573,0.9576294,0.9645883,0.962386,0.95970315,0.9621011,0.9636448,0.9614308,0.9512345,0.9608656,0.9657294,0.96390516,0.95641464,0.95874655,0.9576142,0.9648682,0.95964175,0.9592433,0.96724427,0.8219542,0.9577951,0.9639122,0.9477151,0.95415455,0.9287887,0.9654702,0.9603646,0.96422297,0.9609097,0.9721043,0.9731219,0.9603514,0.9690991,0.9567799,0.96397173,0.9705095,0.9656112,0.96505475,0.96045536,0.96724427,0.9692312,0.9631455,0.97163445,0.9560271,0.95675397,0.9654059,0.960581,0.95949775,0.9611094,0.9505171,0.97223395,0.96167654,0.9754613,0.9803754,0.97454995,0.9682921,0.97347736,0.95967275,0.9686376,0.8858632,0.9579564,0.923743,0.96534973,0.96469903,0.9721967,0.9584398,0.96996963,0.95890886,0.95642734,0.9598503,0.9585834,0.9566806,0.96992654,0.96139586,0.9597028,0.9704673,0.9630558,0.9470881,0.9706476,0.95626646,0.96645695,0.96061283,0.95547056,0.95769155,0.9648478,0.9618115,0.9658967,0.9640367,0.9845666,0.977361,0.9596742,0.9641253,0.95790136,0.95538783,0.9515759,0.96068597,0.9609243,0.9618872,0.9647761,0.9820669,0.9664931,0.94774973,0.9538666,0.9595337,0.9725572,0.96762836,0.9641748,0.96199495,0.9845666,0.9648165,0.96181184,0.9734382,0.9773324
abominablemovie,0.9534917,0.9505708,0.95263964,0.99999994,0.95244473,0.95356333,0.95374125,0.9571101,0.9722745,0.9555782,0.9522038,0.9398651,0.9629778,0.9589281,0.9621055,0.9580357,0.9563297,0.94884205,0.9481761,0.95355463,0.94539624,0.9515856,0.96432376,0.9622823,0.9541079,0.8561261,0.9514054,0.9584233,0.95181376,0.94852,0.94213736,0.9540259,0.9612223,0.9422962,0.950548,0.9207192,0.94361,0.9591366,0.95564437,0.9604117,0.9546098,0.9571463,0.94718856,0.95513654,0.9551592,0.945614,0.9638856,0.9520354,0.94044816,0.9556686,0.9568217,0.954521,0.95231503,0.9544896,0.9524956,0.95251364,0.9543503,0.95816135,0.9543891,0.9571989,0.9440366,0.9551533,0.947697,0.9624975,0.94094014,0.95041484,0.9366736,0.950458,0.939342,0.940771,0.961666,0.82452226,0.9353643,0.9542149,0.9599837,0.9330876,0.91468805,0.95534045,0.95528823,0.94964355,0.9499382,0.95743966,0.96144915,0.94644916,0.958694,0.9400118,0.9566235,0.9582577,0.95498353,0.957544,0.94857293,0.961666,0.9555899,0.9562878,0.93898153,0.9539449,0.94257504,0.95320815,0.9511473,0.9523115,0.93809766,0.9522822,0.9473188,0.9643748,0.95513076,0.9563378,0.9558296,0.9612874,0.946291,0.9496779,0.96088445,0.86845917,0.95055,0.9181785,0.95942193,0.95583045,0.958623,0.9552462,0.95438963,0.9513265,0.9543817,0.948923,0.9499087,0.95851254,0.96388286,0.94791126,0.9467215,0.9455226,0.94870925,0.92579794,0.95915234,0.93851393,0.9612913,0.94141823,0.9516002,0.9425877,0.9541466,0.9441177,0.95803994,0.9366475,0.9722745,0.9493148,0.94591296,0.95384,0.9539717,0.9460615,0.93666565,0.9555577,0.95546013,0.94443595,0.95378864,0.95600164,0.94841194,0.93515515,0.9466584,0.95655143,0.961542,0.9446138,0.96295404,0.954,0.9722745,0.93980026,0.96207476,0.9608901,0.9519381
adastramovie,0.96079934,0.95617163,0.96878964,0.95244473,1.0000002,0.96099466,0.967633,0.9581871,0.97855353,0.9701172,0.9633384,0.9597901,0.9628718,0.97026986,0.962636,0.96098554,0.9603588,0.9809324,0.95404905,0.95309687,0.96163446,0.960089,0.96622264,0.96892947,0.96300393,0.8737803,0.9639133,0.96077394,0.96031666,0.965581,0.95142484,0.9631078,0.96195424,0.9565602,0.95332515,0.92572665,0.95961213,0.96636343,0.96351516,0.9657241,0.95156056,0.95590454,0.95748913,0.9604815,0.95710933,0.9608631,0.9670937,0.9643945,0.9493804,0.9601616,0.9653268,0.96796197,0.95300406,0.9548132,0.9611602,0.9775299,0.95996565,0.954072,0.9574161,0.95984024,0.9457232,0.9606622,0.95043206,0.96359,0.96159613,0.9556335,0.9557871,0.961952,0.9573523,0.9641821,0.96696603,0.82136756,0.9539412,0.96121407,0.9497942,0.9486141,0.9271827,0.96194184,0.9606448,0.9619005,0.95476276,0.96433854,0.96106744,0.95623755,0.9601206,0.94822234,0.96345043,0.96548337,0.958862,0.97061235,0.956916,0.96696603,0.961419,0.9607078,0.94725436,0.9493717,0.9583413,0.96643245,0.95857364,0.9655914,0.9603148,0.94991505,0.9589453,0.9568451,0.9679397,0.9639467,0.961526,0.96643233,0.9532133,0.969571,0.9700435,0.875397,0.9572609,0.9298015,0.9628559,0.9600718,0.96521276,0.9530531,0.9674246,0.96304,0.9502628,0.9486736,0.9616232,0.9528481,0.96979976,0.9610756,0.9600257,0.9538427,0.9666875,0.9351477,0.96722436,0.9581349,0.96718335,0.95963323,0.9566319,0.9636117,0.9570821,0.9569127,0.9680092,0.95733833,0.97855353,0.96555406,0.9613285,0.95835584,0.94103575,0.9573157,0.95353603,0.9550477,0.9576749,0.9545139,0.96530944,0.9598736,0.96180344,0.92858714,0.9626397,0.9568705,0.9660297,0.9617495,0.9632483,0.9557358,0.97855353,0.9638942,0.9650527,0.968718,0.96408206
adogsjourneymovie,0.95475036,0.95228004,0.9631448,0.95356333,0.96099466,1.0000001,0.955547,0.9586269,0.9769933,0.9585169,0.9643945,0.96050143,0.9626035,0.9570378,0.96732926,0.9605809,0.9593312,0.95610493,0.9498415,0.9522034,0.95575213,0.9602507,0.96616566,0.95681256,0.9589438,0.8769516,0.9518231,0.954155,0.96043247,0.9514145,0.9467134,0.96283937,0.95606333,0.9581913,0.9557234,0.93360925,0.9565858,0.9550976,0.95763975,0.950457,0.95412433,0.9599796,0.9644325,0.96348625,0.9551025,0.9622277,0.96340877,0.9518252,0.9496018,0.9649713,0.96531814,0.96150386,0.9524791,0.9560115,0.9573467,0.9580085,0.95522916,0.9592086,0.9504592,0.96007884,0.9461971,0.95997304,0.9521952,0.9585627,0.9569411,0.96261287,0.9482,0.9546787,0.9547402,0.95741165,0.9627175,0.85005945,0.9445162,0.9571565,0.95089746,0.9351676,0.92467135,0.95607543,0.9515178,0.9553019,0.9588135,0.95887923,0.9643982,0.9583049,0.9642566,0.9495629,0.9640561,0.96355605,0.9606931,0.96023,0.94831663,0.9627175,0.9560641,0.9606552,0.95940965,0.9529267,0.95000786,0.96084994,0.95310825,0.9604269,0.96133536,0.9610667,0.95996606,0.9596633,0.96266174,0.964794,0.9572135,0.9660923,0.9532471,0.95735,0.966764,0.8758942,0.9505224,0.9386348,0.9577702,0.95940423,0.96311945,0.9600088,0.9671401,0.9494312,0.95278674,0.9498443,0.95135707,0.9686809,0.95892143,0.95460695,0.95539796,0.954028,0.95630455,0.9442687,0.9661633,0.94042295,0.9538084,0.9509631,0.9554539,0.9544163,0.9546838,0.96307594,0.9589805,0.95429087,0.9769933,0.9648981,0.9632714,0.95448893,0.9452121,0.9544565,0.95340276,0.9656446,0.95805067,0.95229155,0.9475789,0.9575701,0.95737696,0.9271916,0.95353657,0.9551534,0.96061534,0.95263606,0.9542653,0.9576099,0.9769933,0.946336,0.9592244,0.9752311,0.9626267
aftermathmovie,0.9650022,0.9688215,0.9678005,0.95374125,0.967633,0.955547,0.99999994,0.96890044,0.9807991,0.9590461,0.9634316,0.96117264,0.9650962,0.96291023,0.968916,0.97010225,0.9611822,0.9576085,0.9617068,0.95261,0.9605158,0.9632058,0.96811104,0.9694503,0.96118397,0.88059825,0.96116936,0.9640179,0.9657625,0.9607522,0.9592541,0.972032,0.96213204,0.9560392,0.95630765,0.92808765,0.956839,0.95962566,0.9701298,0.966032,0.95338327,0.96415657,0.9548411,0.96123767,0.9598582,0.96205944,0.9681186,0.9667748,0.9642213,0.96419966,0.9675964,0.9713956,0.9587367,0.9532666,0.96561074,0.961278,0.95689094,0.9638062,0.96032906,0.96771485,0.94756913,0.9594463,0.95941323,0.9566791,0.95160913,0.9585494,0.9582404,0.96541005,0.9561341,0.960331,0.96780455,0.8204504,0.9566447,0.96175206,0.9626333,0.95333064,0.93101615,0.9642072,0.96506846,0.9557133,0.9630981,0.9786267,0.96320206,0.9590759,0.9600738,0.95498675,0.9632693,0.9688185,0.96268404,0.9646709,0.9532929,0.96780455,0.9621615,0.96058697,0.94769025,0.9624141,0.9548731,0.9616466,0.9719218,0.9607796,0.9631887,0.9560111,0.9568653,0.96348125,0.9660806,0.9705508,0.9709729,0.9679165,0.9574347,0.9613465,0.9654388,0.8681997,0.9589278,0.9215958,0.96259177,0.96289366,0.9705183,0.96041125,0.96538764,0.98879653,0.95022106,0.95168096,0.9641436,0.9582859,0.9679509,0.96343714,0.96007764,0.96719146,0.9629557,0.93642575,0.96391004,0.9497749,0.964468,0.9510906,0.9583079,0.9558692,0.96149987,0.96187574,0.96757764,0.96281,0.9807991,0.96589285,0.964336,0.95710844,0.9512441,0.9588443,0.9462076,0.9563632,0.9560577,0.95666754,0.98425525,0.965012,0.96365136,0.94895136,0.96321505,0.9576631,0.97004163,0.9656133,0.96872187,0.96452975,0.9807991,0.95731384,0.95711786,0.9708568,0.9605978
aftermovie,0.96858066,0.95886433,0.96913254,0.9571101,0.9581871,0.9586269,0.96890044,1.0000002,0.9831081,0.9621559,0.9660092,0.9607141,0.9579258,0.9681852,0.9714757,0.9660262,0.96949965,0.95572615,0.9613993,0.9521294,0.95373595,0.9601366,0.9667137,0.9673966,0.964345,0.88186795,0.95365095,0.97167695,0.9659743,0.9606194,0.957255,0.9662198,0.95676374,0.9632671,0.94691914,0.93583995,0.9570726,0.9606549,0.96953964,0.960185,0.9632082,0.9667188,0.9581384,0.9636402,0.9599907,0.9569082,0.962032,0.9623095,0.9565091,0.9651507,0.972346,0.96614116,0.95465314,0.95215285,0.9675135,0.9617876,0.95884544,0.9673733,0.96275777,0.9668575,0.9478292,0.9601124,0.96157044,0.96476954,0.95369756,0.9611774,0.954596,0.96390796,0.95266587,0.9574096,0.96421474,0.81747204,0.9533395,0.97024965,0.9527652,0.94641346,0.92553085,0.96292865,0.96158695,0.96020555,0.9674843,0.97033715,0.96964383,0.9566923,0.9595846,0.95763946,0.96511096,0.9670198,0.9623382,0.96305585,0.95495564,0.96421474,0.9693233,0.9556585,0.95828646,0.9606671,0.9517261,0.95805234,0.9587358,0.96349746,0.95973563,0.9563503,0.95977706,0.9642276,0.96651053,0.9691314,0.9708039,0.9700925,0.96432275,0.95566493,0.9650129,0.8825616,0.9607539,0.92460287,0.9631441,0.96199167,0.9712891,0.955085,0.9696169,0.9645475,0.9577573,0.95982385,0.9594597,0.9566843,0.96672726,0.9607903,0.95843923,0.9659617,0.96022815,0.9419637,0.9695444,0.95530975,0.9691926,0.9588547,0.96095234,0.9548222,0.96498007,0.96751094,0.9641695,0.95484287,0.9831081,0.96240354,0.9644842,0.9640209,0.9567105,0.95298743,0.9566352,0.95338035,0.96033293,0.9543506,0.95901763,0.963586,0.95750684,0.95129013,0.95438147,0.9593672,0.9741183,0.9635846,0.97138983,0.96467507,0.9831081,0.9553919,0.95465094,0.9695491,0.96717006
ahiddenlifefilm,0.98119444,0.9722547,0.9845666,0.9722745,0.97855353,0.9769933,0.9807991,0.9831081,0.9999997,0.97735244,0.97986645,0.9752233,0.9800181,0.9809606,0.9844759,0.9813101,0.980985,0.97417754,0.97435445,0.9733704,0.9724773,0.9770863,0.98273414,0.9843294,0.9792068,0.8923399,0.9728356,0.9790118,0.9806749,0.9744869,0.9713366,0.9824463,0.9767042,0.97273964,0.97198194,0.9486615,0.97658366,0.9768695,0.98186886,0.97892535,0.97689825,0.9819408,0.9752269,0.9803082,0.97690594,0.97734046,0.98147225,0.98086286,0.9732617,0.98404634,0.98407215,0.98527163,0.97351557,0.9740685,0.9789761,0.977099,0.97747004,0.9784846,0.9752208,0.97987825,0.9630629,0.97326946,0.97260207,0.9803941,0.9739518,0.9755377,0.96751547,0.9789653,0.9712685,0.9760245,0.983663,0.8425453,0.9713698,0.977767,0.9721925,0.96382004,0.94444484,0.9812843,0.9764346,0.9755536,0.9761737,0.98230803,0.9842605,0.9747053,0.97742635,0.9703022,0.983282,0.9848247,0.97861326,0.9816425,0.9717704,0.983663,0.98365766,0.9759908,0.97059363,0.97253,0.9699707,0.9796961,0.97418654,0.9761455,0.9749444,0.9684387,0.97423965,0.9810739,0.98227125,0.983907,0.98385626,0.9837816,0.97809106,0.9764155,0.9838502,0.8941042,0.9761941,0.9464902,0.980905,0.97839564,0.9850884,0.97247285,0.981489,0.9767863,0.9734279,0.9734505,0.9762089,0.9766792,0.9832597,0.9753806,0.976256,0.9740316,0.9749838,0.9585819,0.98349077,0.96272254,0.98163825,0.9696616,0.97516686,0.97176427,0.9774453,0.97944164,0.9818489,0.97558796,0.9999997,0.97948116,0.97744226,0.9772058,0.97154766,0.9737285,0.9700846,0.9776818,0.97843784,0.97440493,0.9782554,0.9809872,0.9788102,0.9599643,0.9740702,0.9773526,0.9827391,0.97934395,0.97937524,0.9799289,0.9999997,0.9708215,0.9798942,0.98658204,0.9796258
alitamovie,0.9631855,0.9482649,0.96232426,0.9555782,0.9701172,0.9585169,0.9590461,0.9621559,0.97735244,1.0,0.96225363,0.95363617,0.9597493,0.9594449,0.96234673,0.9590863,0.9600036,0.9656931,0.95442116,0.9550659,0.95230734,0.95800424,0.9614086,0.9630389,0.95746607,0.8749985,0.9550823,0.958073,0.96150756,0.9582841,0.9521494,0.9559218,0.9591485,0.95163965,0.9551148,0.9269909,0.9590241,0.96151584,0.9677498,0.9575578,0.9555865,0.9584193,0.95408595,0.95441276,0.95422757,0.9563947,0.9617462,0.9617278,0.95127267,0.95752215,0.96529734,0.9606194,0.9570576,0.95274854,0.95537543,0.9636575,0.9633756,0.9614891,0.95455796,0.9613865,0.9418695,0.9525813,0.95281553,0.9592719,0.94801503,0.95639896,0.94279194,0.9525357,0.94777364,0.95502555,0.96551764,0.82362074,0.9469897,0.9555177,0.9571445,0.9493005,0.9327794,0.96401745,0.9644615,0.95884615,0.9504492,0.9641807,0.962369,0.95518035,0.9631892,0.9485751,0.9632969,0.96627456,0.95800763,0.966469,0.94961107,0.96551764,0.96170324,0.9597898,0.95260614,0.94634306,0.94823146,0.95805055,0.94934875,0.958016,0.94983745,0.94990355,0.95357007,0.9622941,0.96799004,0.96251905,0.96701753,0.96718115,0.9502312,0.9591913,0.9620423,0.882052,0.95608073,0.934281,0.9586558,0.95707965,0.96696454,0.9583189,0.95908815,0.95605457,0.95836014,0.95444995,0.96582615,0.95752364,0.96475345,0.9557611,0.9630856,0.9546165,0.96149164,0.9352308,0.9619014,0.95330155,0.96532327,0.9486675,0.96129847,0.95834655,0.95861685,0.9596631,0.9620645,0.9471597,0.97735244,0.9634024,0.95391536,0.96030444,0.95647746,0.95761085,0.95242685,0.9606866,0.9611959,0.9564098,0.9580709,0.95689595,0.95663506,0.9383666,0.96099246,0.9562039,0.9570874,0.9593849,0.9601952,0.9558044,0.97735244,0.96321696,0.9625932,0.96644545,0.96234727
angelhasfallen,0.96252376,0.9548405,0.9657981,0.9522038,0.9633384,0.9643945,0.9634316,0.9660092,0.97986645,0.96225363,1.0000002,0.95773333,0.95233786,0.96197975,0.9709563,0.9635715,0.96577734,0.96101534,0.95915693,0.9586051,0.9618221,0.9686105,0.9670198,0.96407884,0.95987874,0.87079006,0.95253414,0.96591467,0.96832216,0.9562824,0.9550244,0.9632974,0.9579915,0.95393836,0.95211315,0.91452,0.95662636,0.95296645,0.965801,0.96171623,0.95177656,0.95922065,0.9533967,0.9593742,0.96265054,0.96019965,0.96714246,0.9615681,0.95149684,0.9636547,0.9695389,0.9641846,0.95639616,0.9580267,0.95295143,0.95974755,0.95482826,0.9621218,0.9580275,0.9658989,0.93588597,0.9529874,0.95923,0.95840067,0.9540941,0.96827644,0.9523721,0.9593726,0.9707362,0.96150035,0.96539783,0.83911556,0.95006436,0.96514994,0.958926,0.93627626,0.91874415,0.95905566,0.96016985,0.9632592,0.9769952,0.95830625,0.96171606,0.9617772,0.9639742,0.94880587,0.9690543,0.9639266,0.9610079,0.96441615,0.95619905,0.96539783,0.96570086,0.96337724,0.9511416,0.9657702,0.9666918,0.9642659,0.9551966,0.95977014,0.95602757,0.9534876,0.9619087,0.96972406,0.9670231,0.96872675,0.96065,0.96524143,0.954886,0.9588679,0.96427554,0.86347514,0.96695447,0.92417157,0.963256,0.9665112,0.96669036,0.959026,0.9634746,0.95490587,0.9452008,0.9597989,0.9543419,0.95988977,0.96871114,0.9654607,0.9571069,0.95755816,0.95445263,0.9355385,0.97000355,0.94902503,0.9599102,0.9581759,0.96342963,0.9607548,0.96243745,0.95966995,0.9666259,0.9565646,0.97986645,0.96676826,0.96118116,0.9561227,0.94977474,0.9530715,0.9466002,0.95818895,0.95857763,0.9501274,0.9590957,0.96197367,0.96513975,0.9392279,0.9565648,0.9588331,0.96629924,0.9620653,0.970384,0.96021265,0.97986645,0.9539873,0.9579219,0.9721876,0.9685769
angrybirdsmovie,0.956744,0.9452947,0.969386,0.9398651,0.9597901,0.96050143,0.96117264,0.9607141,0.9752233,0.95363617,0.95773333,1.0000001,0.9567741,0.95249474,0.9593351,0.9574748,0.96480536,0.9505323,0.9475086,0.95096624,0.94859815,0.96857893,0.96797687,0.95832604,0.95821166,0.88098353,0.9530304,0.9627038,0.9654398,0.950778,0.9416897,0.96154356,0.9530964,0.95940155,0.94840145,0.9263168,0.9506743,0.94847226,0.95468736,0.9524468,0.9480636,0.9592606,0.9478808,0.95968014,0.9623044,0.95309544,0.96096903,0.9619711,0.9511539,0.959054,0.9759968,0.9595478,0.9506333,0.9461641,0.9598175,0.94978124,0.94659144,0.95918316,0.94639516,0.9597019,0.941376,0.95435697,0.95021,0.9500944,0.9464231,0.9436448,0.9476167,0.9524326,0.9569143,0.94861376,0.96160376,0.81832904,0.94844526,0.9612835,0.9490876,0.95218796,0.93611383,0.95655125,0.9550259,0.94898313,0.95903194,0.9604061,0.9623711,0.9486712,0.9634261,0.9427582,0.9640846,0.9612751,0.95696276,0.9547333,0.9561532,0.96160376,0.95478606,0.9487534,0.958114,0.94822454,0.9407914,0.95748353,0.9561908,0.96319425,0.9522366,0.9432289,0.9547998,0.95906603,0.96074,0.9747686,0.9648951,0.9643152,0.9572518,0.9605535,0.9553709,0.8835999,0.96096736,0.9275135,0.95541614,0.9519764,0.9604549,0.9606956,0.9573704,0.9546439,0.945497,0.95620483,0.9490904,0.95602566,0.9585611,0.950304,0.9637214,0.9682354,0.9510427,0.9388592,0.95849544,0.9457209,0.9562899,0.95051175,0.9521607,0.94211245,0.95454204,0.95005155,0.9679902,0.94957685,0.9752233,0.9637524,0.95920175,0.9598517,0.9508818,0.9494186,0.9513246,0.9550007,0.95319676,0.9583282,0.95277023,0.9556979,0.95218456,0.93383425,0.9530672,0.9533835,0.9646377,0.96030784,0.95457464,0.95239276,0.9752233,0.9504867,0.9495222,0.9692736,0.9683921
annabellemovie,0.9663824,0.9636851,0.96669704,0.9629778,0.9628718,0.9626035,0.9650962,0.9579258,0.9800181,0.9597493,0.95233786,0.9567741,1.0000005,0.9569635,0.96601486,0.9662874,0.96124196,0.9558403,0.9574139,0.9582855,0.957299,0.9619765,0.9704583,0.96976864,0.9677864,0.8744104,0.959602,0.96109724,0.9581335,0.955958,0.95564765,0.97172314,0.9607692,0.9517116,0.95992345,0.9288191,0.96112037,0.9738015,0.96321946,0.96216613,0.9613676,0.9658991,0.951047,0.9609313,0.96928006,0.9553326,0.96944875,0.9642683,0.9587984,0.96281767,0.96926737,0.9692682,0.9636741,0.96034694,0.97053576,0.95784396,0.9557554,0.96350396,0.95362467,0.9672782,0.96924204,0.95864373,0.95751953,0.9648192,0.9638934,0.94769585,0.94220704,0.9576157,0.95078945,0.9570114,0.97494143,0.8191749,0.9476918,0.9619222,0.95344615,0.9517458,0.92796963,0.96250284,0.9614426,0.9518974,0.9554015,0.9721413,0.97777456,0.95516217,0.974692,0.95931333,0.9673416,0.98425597,0.96314955,0.9695435,0.9453211,0.97494143,0.9618285,0.9611851,0.9564098,0.95808905,0.9581107,0.9593678,0.9643759,0.9548284,0.9555649,0.96186954,0.9574678,0.9688704,0.9639731,0.9695813,0.96273226,0.9699022,0.9589015,0.95913863,0.97159976,0.8856545,0.9600086,0.928664,0.9636796,0.9651381,0.97119284,0.95619434,0.9631184,0.9593481,0.96513027,0.9580332,0.9681547,0.96321803,0.9674231,0.9573233,0.9720227,0.95946735,0.96086025,0.93851185,0.96843195,0.9523271,0.96263754,0.94949853,0.9585359,0.952099,0.96125495,0.95914453,0.968087,0.9555988,0.9800181,0.96293724,0.9563878,0.96259546,0.9578351,0.9586747,0.9497715,0.9657744,0.967035,0.96452415,0.9619462,0.962308,0.95274544,0.94700515,0.960962,0.9647507,0.9628957,0.9628868,0.9619236,0.9614119,0.9800181,0.9505284,0.96388394,0.9694514,0.96067923
annamovie,0.96030045,0.9601234,0.96699834,0.9589281,0.97026986,0.9570378,0.96291023,0.9681852,0.9809606,0.9594449,0.96197975,0.95249474,0.9569635,0.9999997,0.9608982,0.9680774,0.9648629,0.96504056,0.95723355,0.953131,0.9544251,0.9550125,0.96041954,0.9686977,0.95582134,0.8526249,0.9563498,0.96253467,0.9549964,0.9633155,0.95163906,0.9638771,0.95248634,0.9522772,0.95595706,0.9346715,0.95048237,0.95393234,0.95747554,0.96685565,0.96032345,0.9595649,0.9578184,0.9617382,0.9570991,0.9588565,0.95727,0.9584323,0.9443477,0.9641737,0.95918053,0.9715061,0.95592093,0.955729,0.95941263,0.9660881,0.9620665,0.95709705,0.96339023,0.9586938,0.946264,0.9591372,0.9547696,0.9773231,0.957424,0.95397127,0.95495504,0.96579957,0.9522368,0.96113247,0.9603677,0.8202529,0.955487,0.9523614,0.9564431,0.9425941,0.91792095,0.96097183,0.9578959,0.96555793,0.9550461,0.96012765,0.9624049,0.9571492,0.95402545,0.95205593,0.9619,0.9673612,0.9585583,0.95929617,0.9574898,0.9603677,0.9641508,0.96616125,0.9438096,0.94894207,0.9513494,0.96231896,0.9519735,0.9718974,0.94937825,0.94904196,0.947544,0.9566231,0.97528553,0.9594033,0.96195847,0.9675941,0.9560228,0.9624257,0.96235317,0.87266815,0.9557533,0.92259634,0.96169394,0.96060646,0.9625084,0.9559567,0.9653072,0.95634705,0.9581477,0.9508821,0.95529735,0.95797014,0.97154176,0.95663285,0.9613616,0.9475615,0.95948166,0.93842953,0.96896094,0.94218284,0.9691581,0.9542456,0.95516866,0.96182036,0.9590709,0.9659969,0.9580369,0.9546784,0.9809606,0.9557584,0.9513019,0.96144277,0.9530921,0.9589929,0.9542557,0.9606318,0.96275645,0.9544439,0.9594743,0.9653769,0.9613382,0.9366876,0.9567941,0.95173305,0.965031,0.95441145,0.9665997,0.9563939,0.9809606,0.9523986,0.9667758,0.9670889,0.9597369
apollo11movie,0.96820873,0.95907336,0.9687263,0.9621055,0.962636,0.96732926,0.968916,0.9714757,0.9844759,0.96234673,0.9709563,0.9593351,0.96601486,0.9608982,1.0000002,0.96654075,0.97010577,0.9584311,0.9583104,0.97256136,0.96371657,0.964165,0.9711921,0.9678093,0.9608234,0.87958854,0.9620826,0.9671343,0.96606845,0.9604073,0.95577914,0.9698417,0.9624121,0.960582,0.95942473,0.9327991,0.95784104,0.9611482,0.9675626,0.97020566,0.9577006,0.961003,0.95131713,0.9608818,0.96352345,0.96474624,0.97032905,0.9663483,0.9661123,0.964148,0.9690454,0.97032505,0.9554478,0.96337265,0.9653708,0.96349025,0.9602921,0.968474,0.96532875,0.969169,0.9518737,0.95910907,0.96094966,0.96343154,0.95584404,0.9713022,0.9487183,0.96318895,0.9675221,0.96300477,0.9676612,0.84580827,0.95628285,0.96915716,0.9624219,0.95176935,0.9275006,0.96233565,0.9671595,0.9622712,0.96724594,0.96915287,0.9703771,0.96176887,0.96356815,0.961113,0.9683665,0.9678882,0.9653497,0.97186494,0.95622617,0.9676612,0.9631007,0.96042615,0.9533438,0.9773604,0.95743304,0.96658075,0.9650509,0.9675571,0.962343,0.9575879,0.9612069,0.9656042,0.96709496,0.9690448,0.96711004,0.9698482,0.95753443,0.96187204,0.97336996,0.8763522,0.96388835,0.9281538,0.9716305,0.9679522,0.9722074,0.9636628,0.97117054,0.9648966,0.9545972,0.96039736,0.9654197,0.96141493,0.96609783,0.97097844,0.96504045,0.96146727,0.9587749,0.9366181,0.9719008,0.94799167,0.96608925,0.958864,0.9657992,0.95872325,0.9703539,0.96603686,0.96455145,0.9598278,0.9844759,0.9689225,0.96400684,0.96124375,0.9560713,0.95873564,0.9561252,0.9670969,0.96575016,0.95883065,0.9626676,0.9612594,0.9640797,0.9512591,0.9612289,0.9635899,0.97003,0.96144193,0.9660151,0.9712114,0.9844759,0.9581179,0.96004,0.9766982,0.96432614
arcticdogsmovie,0.963969,0.972139,0.9687183,0.9580357,0.96098554,0.9605809,0.97010225,0.9660262,0.9813101,0.9590863,0.9635715,0.9574748,0.9662874,0.9680774,0.96654075,1.0000006,0.961377,0.95262915,0.96219456,0.95777756,0.95940095,0.9593189,0.9636836,0.96887255,0.95978475,0.8808452,0.9526892,0.9613852,0.96580595,0.94882977,0.9540433,0.9662092,0.9598115,0.9607644,0.9583691,0.92851865,0.958961,0.9573815,0.9634724,0.9662477,0.9642316,0.96162146,0.95501417,0.9624588,0.9661509,0.952625,0.9633993,0.9637406,0.9534617,0.9650223,0.9672154,0.96753937,0.96259975,0.9589739,0.963549,0.95836776,0.96289337,0.9607098,0.95486784,0.9650022,0.9471696,0.9584116,0.9612745,0.961275,0.9517862,0.95511615,0.9430385,0.95989335,0.9506587,0.95687634,0.9673476,0.8359139,0.94895875,0.95573056,0.95748514,0.94520473,0.9200765,0.95931077,0.9584506,0.9570138,0.9631756,0.9672135,0.9652361,0.9550615,0.9675801,0.95417434,0.96485263,0.96780837,0.9616167,0.96102995,0.952574,0.9673476,0.96222335,0.9593226,0.9542998,0.96347046,0.9504256,0.9619471,0.96751225,0.9639128,0.95343834,0.9543994,0.9552271,0.96471673,0.96632254,0.9691382,0.970494,0.9730917,0.96889526,0.9564071,0.9675381,0.8638748,0.95531476,0.92624515,0.96141243,0.9585255,0.9668505,0.96144795,0.96208745,0.9650196,0.95077246,0.9583305,0.957021,0.96743333,0.9664095,0.96060383,0.9582878,0.9566023,0.95697784,0.94117624,0.96416324,0.94407845,0.96475756,0.9553256,0.9545321,0.9481046,0.9599671,0.9612809,0.9643394,0.9523152,0.9813101,0.9598619,0.95830834,0.96215594,0.95753694,0.9641753,0.9483246,0.9646033,0.96085155,0.96280515,0.96212924,0.969204,0.96107626,0.9424229,0.95571077,0.9583944,0.96760386,0.96103543,0.9654433,0.9646468,0.9813101,0.9545335,0.96045,0.972415,0.9687192
arcticmovie,0.9607558,0.9569825,0.9644978,0.9563297,0.9603588,0.9593312,0.9611822,0.96949965,0.980985,0.9600036,0.96577734,0.96480536,0.96124196,0.9648629,0.97010577,0.961377,0.9999996,0.9601089,0.95857894,0.96273357,0.9584618,0.95895267,0.9713759,0.97080535,0.9597113,0.86755806,0.95890576,0.97871107,0.9632334,0.9662767,0.9618508,0.9673254,0.9614177,0.9572171,0.9561382,0.92628086,0.9557919,0.95436436,0.9594824,0.96607655,0.9578553,0.96530235,0.95505023,0.95877326,0.9582058,0.9610813,0.96794605,0.96293175,0.9585193,0.9650004,0.9651958,0.96985275,0.9600061,0.9629414,0.96244776,0.9600273,0.95177174,0.9640662,0.9667207,0.9652645,0.94398624,0.9554711,0.95009744,0.9661251,0.95604366,0.9620535,0.95035315,0.9678265,0.9599075,0.9613288,0.9664227,0.8100579,0.9547874,0.9651403,0.956693,0.9607145,0.92472863,0.97251856,0.9640149,0.9570546,0.96146333,0.96463853,0.96739733,0.95586073,0.95824766,0.953779,0.9684983,0.96847326,0.9618253,0.9653917,0.96001387,0.9664227,0.9598698,0.959727,0.94867873,0.9529384,0.952076,0.96593946,0.9540724,0.9587284,0.95837086,0.94827324,0.9551391,0.96450853,0.9629898,0.96561104,0.9680601,0.9669933,0.95259255,0.9553255,0.97429985,0.8752612,0.9658804,0.9210903,0.9681124,0.97051734,0.9664752,0.96158594,0.959927,0.9563833,0.95386595,0.9615561,0.9579626,0.9561259,0.9676694,0.9644839,0.95884097,0.9589531,0.9563164,0.9452347,0.9704595,0.9549901,0.98011875,0.9569907,0.96628714,0.96109045,0.9589797,0.96415555,0.96501255,0.9592635,0.980985,0.9632559,0.96006525,0.9666115,0.9591228,0.96023005,0.9540975,0.9600444,0.96217775,0.95137465,0.96015614,0.9597286,0.9625945,0.9430753,0.9587617,0.961499,0.96988136,0.96028394,0.9649853,0.9643843,0.980985,0.95918906,0.9593128,0.9659809,0.9565203
artofracingmovie,0.95511955,0.95529264,0.96090037,0.94884205,0.9809324,0.95610493,0.9576085,0.95572615,0.97417754,0.9656931,0.96101534,0.9505323,0.9558403,0.96504056,0.9584311,0.95262915,0.9601089,0.9999996,0.9496319,0.95179194,0.9575908,0.95686054,0.96343756,0.9647821,0.9619447,0.86437446,0.9651896,0.9576525,0.95185965,0.96407515,0.9474389,0.9502992,0.9601865,0.9494517,0.94522625,0.92311305,0.95239395,0.961463,0.955142,0.9586187,0.9521674,0.951452,0.94885916,0.9517037,0.9517164,0.9571788,0.96388483,0.9649487,0.9448922,0.955179,0.9571098,0.95814866,0.9501534,0.9479057,0.95554394,0.9730542,0.9539698,0.9496731,0.95250124,0.95888954,0.93865514,0.9587364,0.94831216,0.9612759,0.95610523,0.95037645,0.9551847,0.9534527,0.94977176,0.959003,0.96079713,0.81623954,0.95052046,0.9563967,0.9484564,0.94211346,0.92792374,0.962019,0.95716494,0.9587729,0.95156854,0.9568054,0.9574344,0.95497906,0.95756674,0.9411527,0.96093285,0.9639596,0.9540241,0.96790487,0.95334053,0.96079713,0.95620185,0.95926875,0.9434351,0.9471428,0.95670533,0.9578858,0.9497441,0.95689815,0.95219356,0.95245427,0.95299906,0.9543862,0.9654761,0.9554197,0.95647025,0.9625923,0.940789,0.95389175,0.9639382,0.8819364,0.9550137,0.9224392,0.96026427,0.9595321,0.962509,0.9509989,0.9640486,0.95816565,0.9528951,0.94816136,0.95898044,0.9522805,0.9666503,0.9575511,0.9521349,0.9485504,0.96046597,0.9302128,0.9625735,0.96087825,0.9641498,0.94714385,0.96011037,0.96644664,0.95351845,0.9478835,0.96037185,0.96040046,0.97417754,0.95859224,0.95810443,0.9543819,0.93871653,0.9533532,0.95536673,0.9463598,0.94929725,0.95423734,0.9576208,0.9564327,0.95933825,0.9233277,0.96117115,0.95400697,0.95980734,0.9574802,0.96088874,0.9568739,0.97417754,0.9555886,0.96256506,0.96432585,0.95802635
avengers,0.9719722,0.9580392,0.9598408,0.9481761,0.95404905,0.9498415,0.9617068,0.9613993,0.97435445,0.95442116,0.95915693,0.9475086,0.9574139,0.95723355,0.9583104,0.96219456,0.95857894,0.9496319,1.0000004,0.9542697,0.9505387,0.9558687,0.96301913,0.9629322,0.95659024,0.8588862,0.9510935,0.95450044,0.95443493,0.9559384,0.97424024,0.9549991,0.9506531,0.9546494,0.9506099,0.9244847,0.9608266,0.9599943,0.95777464,0.9527732,0.95407015,0.9552342,0.94923776,0.95533174,0.95395356,0.9505209,0.96033365,0.95703006,0.9421918,0.95591295,0.95930904,0.956394,0.95285445,0.9551024,0.9497867,0.94904065,0.9579272,0.94806355,0.9524445,0.9588302,0.9438014,0.9444418,0.9552814,0.95844954,0.9490372,0.9520785,0.94977486,0.9516632,0.9490563,0.94670516,0.9588137,0.8006145,0.95410585,0.9553587,0.9507352,0.93877137,0.92319256,0.95440847,0.9546835,0.9489193,0.95098907,0.9589549,0.96120495,0.9576158,0.9532457,0.94394016,0.96288645,0.9622696,0.9577339,0.9591079,0.95403683,0.9588137,0.9521364,0.9480992,0.9466231,0.9436332,0.95318365,0.95862347,0.9505273,0.9492862,0.9524754,0.9534256,0.94201225,0.9613509,0.95504165,0.95947164,0.9562911,0.9632291,0.9497257,0.9476369,0.96267116,0.87172765,0.95433235,0.9266011,0.95540434,0.9528336,0.96227914,0.95753497,0.9593163,0.9534357,0.9502556,0.9522037,0.9553367,0.9616114,0.9591956,0.9429534,0.9454233,0.95887625,0.94137686,0.9476268,0.96280205,0.9382344,0.96411884,0.9391958,0.9500822,0.9546028,0.9534574,0.9540344,0.95695627,0.95302325,0.97435445,0.9554705,0.95507056,0.9579835,0.94545525,0.95142245,0.9501077,0.96084535,0.9555461,0.9471912,0.96371895,0.9655162,0.956917,0.94521576,0.9501015,0.9587754,0.9558891,0.9574314,0.9559134,0.9547853,0.97435445,0.947061,0.96033263,0.96261954,0.9576511
beachbummovie,0.95620805,0.93974185,0.95551854,0.95355463,0.95309687,0.9522034,0.95261,0.9521294,0.9733704,0.9550659,0.9586051,0.95096624,0.9582855,0.953131,0.97256136,0.95777756,0.96273357,0.95179194,0.9542697,0.9999997,0.95247734,0.9537882,0.9586744,0.96159124,0.9503313,0.8533244,0.94739914,0.955057,0.95351756,0.952308,0.9477236,0.95386434,0.9539551,0.9461659,0.94860876,0.916285,0.94696593,0.9442652,0.95768356,0.9588839,0.9475139,0.94673955,0.94206756,0.9471458,0.9640604,0.9641649,0.9588817,0.9506357,0.943215,0.9518672,0.9599377,0.96008503,0.9484224,0.9536595,0.95086426,0.9509958,0.95128846,0.9560935,0.94974446,0.9581091,0.946832,0.94715947,0.94883204,0.9531616,0.94449174,0.95426744,0.9388808,0.95397145,0.95169884,0.9537447,0.9594801,0.8433422,0.94551855,0.957892,0.9446063,0.93638515,0.9081323,0.957988,0.9627831,0.9499492,0.95454985,0.95354265,0.9600924,0.9454165,0.9534902,0.95038927,0.95723236,0.9640137,0.95339566,0.9538601,0.9426254,0.9594801,0.9550412,0.9462245,0.94106764,0.9578031,0.9460362,0.9722746,0.94936955,0.9563555,0.9521115,0.9491931,0.9463211,0.9589259,0.96290714,0.95935404,0.95645565,0.9630778,0.9482195,0.95061874,0.96432817,0.8780201,0.9551611,0.9195061,0.96011025,0.9584009,0.9560065,0.9542838,0.9543835,0.9486497,0.9428182,0.95300096,0.95780885,0.9527815,0.9585965,0.95077944,0.951192,0.9490542,0.94630206,0.9233274,0.95969987,0.9311588,0.9604208,0.9509564,0.957459,0.94699115,0.9472733,0.9539041,0.9530565,0.9613,0.9733704,0.95629126,0.9566819,0.9595722,0.9450017,0.94185597,0.93849766,0.9626423,0.95851475,0.946542,0.95554847,0.95228153,0.95701945,0.9425291,0.9560794,0.9541458,0.95971704,0.9468441,0.9533408,0.95575386,0.9733704,0.94840306,0.9580591,0.9656852,0.95989436
bernadettefilm,0.9602516,0.95551974,0.9605898,0.94539624,0.96163446,0.95575213,0.9605158,0.95373595,0.9724773,0.95230734,0.9618221,0.94859815,0.957299,0.9544251,0.96371657,0.95940095,0.9584618,0.9575908,0.9505387,0.95247734,0.9999999,0.96125615,0.95906293,0.96079725,0.96049696,0.86943513,0.9576627,0.9496092,0.9583857,0.9553566,0.95969343,0.96129596,0.95571154,0.9553316,0.96228325,0.9279017,0.95472395,0.96129906,0.9566941,0.9523472,0.9446971,0.9581652,0.95548177,0.95949155,0.95599836,0.9555858,0.9558471,0.95938027,0.9447547,0.9611864,0.95840585,0.96086067,0.95467114,0.95730853,0.948177,0.95958304,0.9490666,0.9501864,0.95117396,0.9574301,0.93339986,0.95633924,0.95033664,0.9505638,0.945271,0.95118934,0.9580012,0.9589757,0.95335007,0.95609087,0.9578269,0.81845677,0.9464115,0.94968283,0.9541561,0.9373071,0.9348945,0.9559289,0.9551003,0.95170563,0.9555668,0.96251154,0.9543685,0.9645366,0.95522463,0.95321167,0.9578456,0.95912004,0.9639077,0.96267194,0.94410247,0.9578269,0.95938724,0.9535369,0.9487456,0.95207477,0.9484387,0.96386474,0.9574744,0.9571276,0.9559835,0.9483862,0.95990646,0.9537316,0.9594577,0.9603574,0.95811486,0.9563291,0.94927305,0.95278263,0.96678686,0.8634866,0.94966376,0.9185808,0.96868014,0.9552563,0.96712685,0.9510613,0.96969414,0.94957685,0.9457408,0.94573283,0.95443267,0.9522586,0.9696666,0.9631327,0.95227075,0.94705325,0.9526744,0.94392914,0.9739495,0.9369949,0.9544258,0.95557266,0.9485441,0.9572693,0.95635235,0.9552661,0.9540894,0.9524541,0.9724773,0.96108544,0.9552851,0.9504646,0.94398767,0.95516115,0.9365608,0.95756316,0.9537448,0.95465124,0.95261353,0.9573959,0.95169073,0.9272127,0.9563117,0.9491011,0.9676928,0.9563367,0.95747477,0.95031625,0.9724773,0.9477753,0.9529009,0.9651005,0.9590757
