movie,21bridgesmovie,47metersdown,abeautifuldaymovie,abominablemovie,adastramovie,adogsjourneymovie,aftermathmovie,aftermovie,ahiddenlifefilm,alitamovie,angelhasfallen,angrybirdsmovie,annabellemovie,annamovie,apollo11movie,arcticdogsmovie,arcticmovie,artofracingmovie,avengers,beachbummovie,bernadettefilm,blackandbluemovie,blackchristmas,blindedbythelightmovie,bombshellmovie,booksmart,breakthroughmovie,brianbanksmovie,brightburnmovie,brittanyrunsmov,captainmarvelofficial,captivestatemovie,catsmovie,charliesangels,childsplaymovie,clarathefilm,coldpursuitmovie,countdown,currentwarmovie,darkwatersmovie,detectivepikachumovie,disneyaladdin,disneyfrozen,disneymaleficent,doctorsleepmovie,dolemiteismyname,dontletgomovie,doramovie,downtonabbey_official,dumbo,escaperoom,everybodyknowsmovie,fastandfuriousmovie,fightingwmyfam,fivefeetapartfilm,fordvferrari,freaksthefilm,geminimanmovie,glassmovie,gloriabellmovie,godzillamovie,goldfinchmovie,goodboysmovie,goodliarmovie,gretafilm,halathemovie,happydeathdaymovie,harrietfilm,hellboymovie,hersmellmovie,highlifemovie,highstrungmovie,honeyboymovie,hotelmumbaifilm,httydragon,hustlemovie,hustlersmovie,isntitromantic,itmovieofficial,jayandsilentbob,johnwickmovie,jojorabbitmovie,jokermovie,judythefilm,jumanjimovie,justmercyfilm,knivesout,lalloronamovie,lastblackmansf,lastchristmasthemovie,latenightmovie,lighthousemovie,lionking,littlethemovie,littlewomenmovie,littlewoodsfilm,longshotmovie,lordsofchaosmovie,lucyintheskyfilm,mamovie2019,marriagestory,meettheaddams,meninblack,midsommarmovie,midwaymovie,missbalamovie,missinglinkfilm,motherlessbklyn,onceinhollywood,onthebasisofsex,overcomermovie,peanutbutterfalcon,petsematarymovie,piercingmovie,playingwithfire,playmobilthemovie,pomsmovie,queenandslim,rambomovie,readyornotfilm,richardjewellfilm,rocketmanmovie,scarystoriesmovie,secretlifeofpets,serenityfilm,shaftmovie,shazammovie,spidermanmovie,spiesindisguise,starwars,stormboymovie,stubermovie,taosdfilm,teenspiritmov,terminator,theaeronautsmov,thebestofenemies,thedeaddontdie,thefarewell,thehighwaymen,thehummingbirdprojectfilm,theintrudermovie,theirishmanfilm,thekitchenmovie,thelegomovie,themustangfilm,thenightingalefilm,theprodigymovie,thesunisalsoastar,theupsidefilm,tolkienmovie,toystory,triplefrontier,uglydolls,uncutgems,underthesilverlake,usmovie,wavesmovie,whatmenwant,wonderparkmovie,wrinklestheclown,xmenmovies,yardiefilm,yesterdaymovie,zombieland
21bridgesmovie,1.0000002,0.9633367,0.9675176,0.9704071,0.9583625,0.96379316,0.9698105,0.9623094,0.98415816,0.95973337,0.9649598,0.96851116,0.9703605,0.97270244,0.9601859,0.9592436,0.9653748,0.96576524,0.9817442,0.95388514,0.9486789,0.9671461,0.97323537,0.9689948,0.962569,0.9002321,0.9580462,0.9592183,0.96994096,0.97022176,0.95801204,0.9670884,0.9701967,0.962199,0.958277,0.9398228,0.9747601,0.9813465,0.97192895,0.9669383,0.9599323,0.96726155,0.96426535,0.96850336,0.9664481,0.96226376,0.97013676,0.9605283,0.96560425,0.97238153,0.9699364,0.9718774,0.97121567,0.9597582,0.96354973,0.9619207,0.9536797,0.9670244,0.9564005,0.96516156,0.9635845,0.9625366,0.9505432,0.9710134,0.96185017,0.94717634,0.9518118,0.96857786,0.96254396,0.94775975,0.97038186,0.837558,0.96302664,0.9609512,0.96266717,0.9507361,0.957956,0.9673086,0.961825,0.948557,0.9480814,0.9663913,0.9671017,0.9614839,0.9724487,0.95176184,0.96652555,0.97198886,0.9621073,0.96973455,0.96339244,0.97038186,0.9595991,0.95899004,0.96921414,0.97077733,0.95604444,0.9654375,0.9591475,0.96482223,0.9709334,0.957187,0.9577099,0.97154343,0.9619173,0.97002983,0.9664927,0.9664412,0.9613772,0.96193177,0.9674382,0.9172611,0.9654376,0.92924076,0.95645463,0.97897434,0.99044627,0.9571797,0.96312845,0.9662014,0.9613214,0.9626772,0.9665366,0.9575647,0.96857595,0.95996964,0.9745128,0.9555731,0.9679633,0.955045,0.9618425,0.96741277,0.97063816,0.9509812,0.9602062,0.96873146,0.97803664,0.96485686,0.9685233,0.95939344,0.98415816,0.96830463,0.9588648,0.96890724,0.95500857,0.9531785,0.9526065,0.9631403,0.9702698,0.97201777,0.96479183,0.96954644,0.95481294,0.9670715,0.9631967,0.9700765,0.97513133,0.966707,0.95976526,0.9564257,0.98415816,0.95622927,0.97249126,0.9739969,0.96318763
47metersdown,0.9633367,1.0,0.96388566,0.9565627,0.9507982,0.95766586,0.96833307,0.9655735,0.9798849,0.9577705,0.961007,0.95381874,0.96435064,0.96667075,0.9725876,0.975059,0.95903516,0.957259,0.9702999,0.9667009,0.9544207,0.962999,0.9652404,0.9748563,0.96105874,0.89011496,0.9502859,0.9568276,0.9612367,0.9722337,0.9652931,0.96228313,0.9566079,0.9591189,0.95792496,0.936363,0.9687835,0.9652752,0.96177125,0.9619547,0.9538039,0.97235316,0.9591838,0.9650402,0.96816736,0.96771574,0.9631066,0.96250963,0.9533359,0.9668095,0.96461743,0.9671285,0.96165556,0.9626536,0.9534162,0.956057,0.96377003,0.9690654,0.9576381,0.95633394,0.9585331,0.95673835,0.953135,0.9634303,0.95283043,0.9581213,0.9530987,0.9658633,0.95851475,0.95190567,0.9623506,0.84974426,0.9517732,0.967925,0.95265996,0.9425924,0.939996,0.959112,0.9574476,0.95129746,0.95150566,0.95800024,0.96645916,0.95637625,0.9639611,0.9575561,0.96126205,0.9700628,0.95943725,0.9683357,0.9613964,0.9623506,0.9659933,0.9634999,0.9662954,0.95981586,0.9591734,0.9645433,0.9648557,0.95680225,0.9629508,0.96487826,0.9487223,0.96353227,0.9721013,0.96451885,0.96693027,0.95734215,0.9666547,0.9610964,0.97075737,0.92314124,0.9669089,0.93532604,0.9657062,0.9673306,0.96647197,0.95746666,0.9681144,0.96087027,0.9633373,0.9633662,0.9616514,0.96110016,0.9581735,0.9654343,0.96897656,0.9538178,0.95242107,0.95266974,0.95631063,0.9512715,0.96743846,0.94391865,0.9603103,0.97508293,0.96672755,0.9624636,0.9549991,0.96277165,0.9798849,0.95259094,0.9534364,0.95373386,0.9501635,0.96290207,0.95941925,0.9631169,0.96456,0.9605005,0.9621117,0.96653444,0.9598224,0.9491874,0.9447828,0.95676255,0.95843095,0.96823376,0.96500564,0.96040267,0.9798849,0.9562607,0.9610702,0.9574793,0.9635427
abeautifuldaymovie,0.9675176,0.96388566,0.9999998,0.9671953,0.96415293,0.96251845,0.9678557,0.9703514,0.9840825,0.95853466,0.9596241,0.967832,0.96692485,0.96701807,0.95994323,0.9667755,0.9746021,0.9656449,0.96867,0.95904934,0.95863867,0.9752207,0.97291267,0.9755799,0.9671447,0.89126396,0.9604314,0.970878,0.98288137,0.9650424,0.96738136,0.9611444,0.96919507,0.96964234,0.94836944,0.93091357,0.9704019,0.96704495,0.97576165,0.9656253,0.96390295,0.97104996,0.9629507,0.97087765,0.97130674,0.9758046,0.9739655,0.9684175,0.9670625,0.9715361,0.9848785,0.96943575,0.9666245,0.9657846,0.9614658,0.9546107,0.9670859,0.971053,0.96235317,0.9611451,0.9687536,0.96169484,0.9664945,0.9666218,0.95676816,0.95747954,0.9616478,0.9653444,0.9612503,0.9477723,0.96334255,0.820359,0.9516544,0.96664494,0.9615896,0.9420134,0.93795353,0.96760607,0.9706254,0.9499384,0.950024,0.9644628,0.97164977,0.96205574,0.97762215,0.9629696,0.9621324,0.9663155,0.9579982,0.9688017,0.96543986,0.96334255,0.9612504,0.9638207,0.97708327,0.9620756,0.96600586,0.9682459,0.9654496,0.96155035,0.9781495,0.9661543,0.9731085,0.967398,0.9679265,0.98226064,0.97228503,0.9614494,0.97224975,0.95824337,0.974969,0.92047566,0.97234434,0.93501633,0.96080464,0.966268,0.9712008,0.9615623,0.9710708,0.95919204,0.9667989,0.96853447,0.9706213,0.9648015,0.9631442,0.9666136,0.9635751,0.97659725,0.9709285,0.9627944,0.9628915,0.9663278,0.96939623,0.94320965,0.969311,0.9717129,0.9678147,0.96701664,0.9621196,0.9726867,0.9840825,0.97119194,0.9633541,0.96385705,0.9550644,0.9514747,0.9493935,0.9622736,0.9675409,0.9660158,0.9660153,0.9813018,0.95731246,0.93963534,0.955042,0.9644483,0.9710363,0.96435565,0.97092044,0.96139264,0.9840825,0.95719707,0.96960634,0.97357374,0.9780712
abominablemovie,0.9704071,0.9565627,0.9671953,1.0000001,0.95954704,0.95801365,0.9684682,0.9659237,0.98236763,0.956227,0.95443475,0.9706519,0.9728503,0.96635824,0.95795494,0.9593806,0.9610316,0.9685098,0.9710191,0.9558923,0.9616544,0.9664275,0.9656999,0.96438545,0.95571536,0.9107438,0.95810354,0.9582744,0.9596997,0.96965533,0.96544456,0.9595907,0.96625084,0.9594779,0.9597523,0.94170415,0.97498065,0.9753511,0.96634257,0.96447855,0.9555828,0.97062516,0.9625233,0.9681141,0.96426743,0.95971066,0.96835244,0.96768314,0.9641483,0.9710787,0.96669644,0.9739149,0.9635207,0.95892376,0.961193,0.95928866,0.9594837,0.9593951,0.9778045,0.9687048,0.9658456,0.9707483,0.9651745,0.96225965,0.96122897,0.95624274,0.95353794,0.96485966,0.96794605,0.9577781,0.9723315,0.8249818,0.95314854,0.96398246,0.9684226,0.95618457,0.9539914,0.9649696,0.9658826,0.95862037,0.9534909,0.9701061,0.96830523,0.9567402,0.9745213,0.96120846,0.96534324,0.9711563,0.96076363,0.9667418,0.97276545,0.9723315,0.956307,0.96560585,0.971575,0.974415,0.9639232,0.96080506,0.96131843,0.9578185,0.965992,0.9600044,0.96149963,0.97250676,0.9583633,0.9632206,0.96601766,0.9651752,0.9551382,0.96566755,0.9661799,0.9206975,0.9621478,0.93741846,0.961318,0.96394056,0.96971315,0.9588868,0.97033536,0.96203643,0.9662921,0.9619824,0.9666884,0.95298475,0.96301776,0.9686081,0.9657907,0.9603738,0.963703,0.9611938,0.96529543,0.9688845,0.96350336,0.9366797,0.95858,0.9678834,0.95900774,0.9673348,0.9677536,0.96602213,0.98236763,0.9519485,0.9570623,0.96695006,0.957205,0.95305544,0.95469564,0.972876,0.96821636,0.954639,0.97103053,0.9681533,0.960074,0.951196,0.9554646,0.96823,0.9612757,0.9712517,0.96019894,0.95914686,0.98236763,0.9510806,0.9801325,0.96806514,0.96078676
adastramovie,0.9583625,0.9507982,0.96415293,0.95954704,1.0000002,0.9569038,0.96873814,0.96449625,0.9751749,0.9580483,0.95080525,0.96106887,0.9530476,0.962601,0.95468885,0.9571918,0.96182925,0.97047895,0.9632899,0.95598173,0.9476556,0.9582281,0.9669952,0.9621594,0.9516051,0.89770496,0.9585929,0.9634041,0.96453243,0.95977914,0.9602714,0.9553911,0.9611217,0.94902796,0.94628054,0.9385943,0.9594323,0.95735484,0.95528173,0.9551723,0.9500598,0.9615229,0.9536408,0.9615394,0.95988667,0.96587414,0.9640839,0.95159984,0.96625614,0.9608245,0.97036856,0.97058564,0.95810497,0.9522825,0.95194274,0.96568644,0.9430362,0.9578994,0.9528564,0.9522842,0.96036685,0.95836365,0.95443094,0.9611038,0.9568841,0.9526836,0.9468772,0.9592758,0.956771,0.95341855,0.957931,0.8315494,0.9331468,0.96527046,0.9646219,0.94187593,0.9341168,0.95391,0.959591,0.94005936,0.9417384,0.95711786,0.9614855,0.9556816,0.9627608,0.94560546,0.9550634,0.9562206,0.9519547,0.96502995,0.9574817,0.957931,0.9552235,0.9542468,0.9618388,0.9558212,0.9491976,0.95422745,0.95822096,0.9631795,0.9633296,0.9529547,0.95936275,0.96007794,0.950471,0.9679379,0.9565059,0.9533436,0.9553245,0.9589023,0.9677246,0.922451,0.96638525,0.9447835,0.9485624,0.9603212,0.9615978,0.9611238,0.96326387,0.9592058,0.96300733,0.960012,0.95719403,0.95308954,0.9556436,0.9609757,0.9555214,0.96143365,0.97042114,0.9551408,0.9522193,0.9715525,0.95577675,0.9440926,0.9607065,0.9585172,0.9565823,0.96465385,0.9591216,0.95949584,0.9751749,0.9546558,0.95665336,0.95456696,0.94945073,0.9588074,0.9500871,0.9596569,0.96215683,0.9510199,0.96108454,0.9662045,0.9582797,0.9283847,0.95398295,0.9602279,0.9647179,0.9572949,0.9661835,0.95547193,0.9751749,0.9588115,0.96042186,0.9703411,0.9637361
adogsjourneymovie,0.96379316,0.95766586,0.96251845,0.95801365,0.9569038,1.0,0.96160346,0.9557671,0.97865725,0.9540692,0.95654356,0.95840514,0.96358037,0.9640236,0.96249735,0.9677739,0.9588525,0.9627952,0.96195376,0.9527472,0.9493783,0.9637527,0.97439003,0.96470404,0.9664734,0.8972821,0.95807654,0.95257854,0.959709,0.9630809,0.95370543,0.96540225,0.963768,0.9497316,0.94716936,0.93454516,0.96778935,0.9677094,0.9696979,0.9562854,0.9526501,0.9579625,0.9623648,0.96365833,0.97282094,0.9656957,0.97519547,0.94854766,0.9711535,0.9654556,0.9668921,0.97186023,0.9631288,0.9546955,0.95007044,0.9628719,0.94844645,0.962779,0.9498621,0.95166785,0.9574983,0.9618268,0.95166546,0.9674369,0.95988184,0.95503026,0.9484568,0.9723332,0.9530113,0.95311487,0.9581971,0.8354333,0.9528853,0.9573189,0.9599081,0.94640607,0.9388014,0.9574871,0.9585518,0.9532716,0.9413157,0.9565328,0.964301,0.95099103,0.9593583,0.9509265,0.9546238,0.9647869,0.9575632,0.965939,0.9570043,0.9581971,0.9598331,0.95289296,0.960711,0.961656,0.9538243,0.9615778,0.9579516,0.9617203,0.96257824,0.9675823,0.9623741,0.95575583,0.94711804,0.9680408,0.9544668,0.9605256,0.95078146,0.9571043,0.96881515,0.915703,0.96584004,0.92895746,0.95286953,0.9619088,0.9687997,0.95774347,0.962142,0.9569096,0.9614176,0.96512926,0.9568347,0.97492385,0.9603501,0.9606718,0.96679056,0.9529678,0.95735663,0.9543875,0.95793384,0.95808357,0.9538516,0.9524291,0.9636918,0.9632237,0.96029985,0.9663143,0.9545128,0.95688665,0.97865725,0.9615919,0.9631685,0.9665564,0.9415609,0.9571965,0.95454407,0.9567234,0.96780777,0.96346855,0.95640093,0.9663568,0.95970166,0.9460443,0.9554862,0.9571758,0.9720351,0.9590416,0.9495755,0.9505243,0.97865725,0.95194644,0.9635233,0.97701406,0.95841545
aftermathmovie,0.9698105,0.96833307,0.9678557,0.9684682,0.96873814,0.96160346,0.9999995,0.97313315,0.9848553,0.9659072,0.96279454,0.96151936,0.96761143,0.9715689,0.9679974,0.9686399,0.9652928,0.9726317,0.97102463,0.9636456,0.96082324,0.9623815,0.9688159,0.974353,0.96277475,0.8983615,0.96594113,0.96851826,0.96188426,0.97457856,0.9695365,0.97117895,0.9710208,0.95989096,0.95843416,0.9412895,0.97184503,0.9679879,0.9678657,0.97023517,0.95984316,0.97045934,0.95878744,0.9716751,0.9734743,0.96774125,0.9672394,0.96021634,0.97215307,0.97049063,0.96673083,0.9760244,0.9666176,0.95979077,0.96117884,0.9642119,0.96214163,0.96724164,0.95937705,0.963492,0.96292293,0.9643742,0.96423924,0.9726646,0.963124,0.9577367,0.96266633,0.97017264,0.9628054,0.95127314,0.96824116,0.8412753,0.9556513,0.973475,0.95878696,0.95522565,0.9417764,0.9726689,0.9687574,0.9472254,0.95190746,0.97846293,0.9716215,0.96101385,0.9649156,0.96464264,0.95916635,0.97439736,0.96495366,0.97401255,0.96918523,0.96824116,0.96034104,0.9617371,0.9646265,0.9667091,0.9624345,0.96629024,0.9809538,0.96580744,0.96826005,0.963852,0.95830643,0.97056407,0.9718557,0.96613693,0.96948737,0.9662679,0.96624136,0.969923,0.9679736,0.9186346,0.9680025,0.93718594,0.9634695,0.97097075,0.97255456,0.9614788,0.9761795,0.9894555,0.970491,0.9649279,0.96807724,0.9604046,0.970166,0.96501106,0.9689537,0.9547739,0.96632814,0.9523832,0.9646987,0.9688323,0.96923876,0.9471559,0.9651588,0.9770893,0.9677502,0.9728296,0.96315706,0.9669766,0.9848553,0.9570539,0.9673536,0.9640582,0.9608544,0.9600144,0.9624166,0.9684478,0.97229236,0.95823115,0.9812026,0.9692392,0.9620228,0.95283103,0.9506924,0.97126144,0.96771246,0.9667585,0.96705073,0.9623438,0.9848553,0.9611614,0.9715077,0.97195244,0.95912576
aftermovie,0.9623094,0.9655735,0.9703514,0.9659237,0.96449625,0.9557671,0.97313315,0.99999994,0.9818767,0.9608401,0.9574692,0.9638825,0.9645484,0.96659184,0.9635374,0.9668533,0.9604912,0.9636553,0.9667174,0.961422,0.9621091,0.9607652,0.96861666,0.9732185,0.95667934,0.89324796,0.9576459,0.9638657,0.9640525,0.96920294,0.96629953,0.96151537,0.9676891,0.9601957,0.9451285,0.93662775,0.9707731,0.9653802,0.9634446,0.9663048,0.9629039,0.97171944,0.9574105,0.9685089,0.9638028,0.97317237,0.96749204,0.9639532,0.96854526,0.9673944,0.9666562,0.974998,0.95722556,0.96316826,0.96808904,0.9574018,0.96545815,0.97273314,0.9622322,0.96045786,0.9641128,0.95937175,0.9524587,0.9674685,0.96520686,0.9599298,0.96018165,0.96885633,0.9644114,0.9548275,0.9646673,0.8214566,0.9484921,0.97087806,0.9519021,0.9523451,0.9343278,0.9693629,0.95839566,0.95453215,0.95136684,0.9654278,0.9693626,0.95900136,0.9660507,0.9582573,0.95967436,0.9658761,0.9631625,0.970285,0.9684902,0.9646673,0.9564401,0.9633433,0.9661708,0.96372944,0.9604859,0.9629986,0.9670926,0.95988125,0.96932554,0.9597379,0.96232814,0.9684135,0.9694518,0.96578354,0.971582,0.95760214,0.9655019,0.964629,0.96422434,0.92215854,0.9669528,0.9355288,0.96214926,0.96669513,0.96925014,0.9567993,0.97516936,0.96018445,0.9686242,0.96598846,0.967086,0.9582585,0.9623545,0.9662513,0.9610926,0.96255076,0.9609675,0.95154995,0.96105814,0.96647245,0.9697754,0.94185936,0.96933573,0.9739142,0.9696788,0.96732754,0.9606835,0.97014123,0.9818767,0.9531691,0.95872533,0.96182895,0.9667727,0.95796126,0.9528355,0.96336085,0.96707857,0.95229465,0.9662685,0.96930003,0.9683939,0.9462426,0.95082027,0.9627856,0.9610969,0.96663755,0.9769294,0.96535486,0.9818767,0.9526587,0.9738711,0.9697334,0.96370953
ahiddenlifefilm,0.98415816,0.9798849,0.9840825,0.98236763,0.9751749,0.97865725,0.9848553,0.9818767,0.9999997,0.9736277,0.9783266,0.97962904,0.98314744,0.98519695,0.9763261,0.97914106,0.98031235,0.98104364,0.98398244,0.9729109,0.9730805,0.98206365,0.9851291,0.98624814,0.97631586,0.91587865,0.9759374,0.9793212,0.98041934,0.9815629,0.9792606,0.9811093,0.9823257,0.97619545,0.97048604,0.9540015,0.9877514,0.9851753,0.9843453,0.98366606,0.9739807,0.98633444,0.9772007,0.98394763,0.98470277,0.98408854,0.9847089,0.9774463,0.98289627,0.9860313,0.98507804,0.98910534,0.98095137,0.97699165,0.9763481,0.9771226,0.97478336,0.9840339,0.9753504,0.9752652,0.98124987,0.9798663,0.97402674,0.9839783,0.97745216,0.97243994,0.9716418,0.98431665,0.977248,0.96759534,0.98156804,0.85166824,0.97103065,0.9840668,0.97663504,0.96722865,0.96107984,0.98137,0.9814958,0.9701154,0.9691765,0.9811326,0.9854284,0.97443086,0.9857201,0.9731389,0.98169285,0.98493516,0.9758082,0.98319453,0.9831797,0.98156804,0.97700626,0.9789682,0.983884,0.97872096,0.97968155,0.98166806,0.97915065,0.97726125,0.986174,0.97889185,0.9745534,0.9835556,0.98002714,0.9838226,0.98149955,0.9793229,0.9768998,0.981072,0.98540556,0.9359653,0.98412114,0.95114124,0.9767354,0.9841177,0.9873982,0.97451425,0.9866886,0.9797858,0.98264056,0.983165,0.98194486,0.9752649,0.9808552,0.9833036,0.98294926,0.97521216,0.97962457,0.971938,0.97904676,0.9781901,0.98264045,0.96194136,0.9804331,0.9849219,0.9819443,0.9827672,0.977529,0.9818189,0.9999997,0.9747414,0.97756296,0.98185295,0.9713139,0.9735018,0.97139215,0.9792988,0.985494,0.9777086,0.9805047,0.9847244,0.9762151,0.9650741,0.97307,0.9799399,0.981591,0.9824286,0.9796318,0.97533834,0.9999997,0.9688691,0.98639685,0.98507375,0.97998625
alitamovie,0.95973337,0.9577705,0.95853466,0.956227,0.9580483,0.9540692,0.9659072,0.9608401,0.9736277,1.0000001,0.9593969,0.95564735,0.96234876,0.9672038,0.9459916,0.94967425,0.9495589,0.9655075,0.96526015,0.9471607,0.95047593,0.95406914,0.9663023,0.9625964,0.9568958,0.9101918,0.9602848,0.95377684,0.95438874,0.9592014,0.96016866,0.95611477,0.9650945,0.95439273,0.9502201,0.9388872,0.960383,0.9577437,0.9561938,0.9478434,0.9517134,0.9610629,0.947836,0.9635339,0.95448923,0.9631983,0.9689703,0.95289266,0.95753837,0.96339494,0.960134,0.9659917,0.9704913,0.95292896,0.9610928,0.9588274,0.9476778,0.95646024,0.9546644,0.94329786,0.95889294,0.964051,0.9543854,0.967575,0.95932883,0.95459765,0.94401664,0.96115434,0.95545775,0.95241195,0.95308363,0.855819,0.94371986,0.96195316,0.952198,0.9366019,0.934478,0.9629193,0.95591986,0.94399047,0.94795775,0.95449036,0.96124786,0.94848233,0.95819575,0.9432569,0.95285374,0.9680843,0.9462443,0.95014405,0.9601849,0.95308363,0.9577299,0.95023465,0.956524,0.9578975,0.9580087,0.9604395,0.9578139,0.9594958,0.9617297,0.95970476,0.9492041,0.95405465,0.97145545,0.95928544,0.95491046,0.9512844,0.94682556,0.95848894,0.96623904,0.9159117,0.954915,0.9259685,0.9567138,0.9628716,0.9644684,0.9534141,0.9620753,0.95832735,0.96036065,0.9597393,0.9615149,0.9496104,0.9491406,0.9581464,0.9624024,0.95090604,0.96042824,0.9516248,0.95660895,0.9667244,0.9537972,0.93334174,0.9638292,0.95946413,0.96186805,0.9615814,0.95007527,0.959811,0.9736277,0.94911844,0.9506842,0.95675194,0.93998134,0.94657135,0.94419473,0.95411557,0.95907974,0.95702547,0.95903075,0.95406,0.9567481,0.94978553,0.94341826,0.9562009,0.9630786,0.95554876,0.95762134,0.95542705,0.9736277,0.9573972,0.9636632,0.9608121,0.95437753
angelhasfallen,0.9649598,0.961007,0.9596241,0.95443475,0.95080525,0.95654356,0.96279454,0.9574692,0.9783266,0.9593969,1.0000002,0.9524226,0.95226204,0.9688951,0.95641744,0.95613056,0.9549346,0.9579919,0.9600929,0.95468855,0.9518293,0.9627495,0.96319073,0.96645236,0.9589797,0.88892084,0.95345855,0.96162015,0.962441,0.9662413,0.95571244,0.96336764,0.9542496,0.9588246,0.95119274,0.9287051,0.96323556,0.9588813,0.9628147,0.9643412,0.9479764,0.9689986,0.95742434,0.9681283,0.95934296,0.96789175,0.9619196,0.9564076,0.97086334,0.9685803,0.9657245,0.96942526,0.95185286,0.96044284,0.9606224,0.95980024,0.9536198,0.9651378,0.95428693,0.9480077,0.963178,0.9594735,0.94897157,0.9698362,0.9578394,0.9639916,0.9599686,0.96029216,0.9659908,0.9564957,0.95879066,0.8560286,0.9541178,0.9654683,0.95408094,0.95045173,0.94032127,0.9656573,0.9691765,0.9460766,0.97280955,0.9589405,0.9602589,0.96745753,0.96131074,0.96184886,0.9701272,0.9603357,0.9589198,0.9608392,0.96478206,0.95879066,0.95930004,0.9590993,0.963641,0.9674418,0.9749727,0.9624385,0.95561886,0.9604605,0.96079445,0.96736383,0.94811213,0.9642649,0.9606316,0.9671022,0.95753723,0.95472926,0.96047693,0.95817924,0.9672932,0.91639876,0.9638354,0.9331252,0.9595354,0.9756995,0.9640254,0.9565194,0.96964556,0.9602862,0.95948035,0.9604474,0.9715801,0.95923895,0.96721435,0.9648571,0.96758485,0.94575405,0.96235216,0.9409014,0.9584131,0.9579505,0.9641613,0.9534405,0.9610723,0.97060853,0.96877044,0.96540046,0.9545596,0.9546848,0.9783266,0.95568067,0.9595929,0.9611266,0.95564055,0.9559759,0.94662964,0.9595091,0.96534246,0.95875204,0.95722216,0.95728916,0.94583225,0.95447254,0.9614231,0.9620751,0.9588006,0.9574719,0.95715624,0.952364,0.9783266,0.9529497,0.96643573,0.96004665,0.95916796
angrybirdsmovie,0.96851116,0.95381874,0.967832,0.9706519,0.96106887,0.95840514,0.96151936,0.9638825,0.97962904,0.95564735,0.9524226,0.9999999,0.9703038,0.9622658,0.9504153,0.9556093,0.9647414,0.9645472,0.96476674,0.94676816,0.9513856,0.96662796,0.96849203,0.9563719,0.95472777,0.8992146,0.9587677,0.96119165,0.96725124,0.9672333,0.96255565,0.9518386,0.9616319,0.96035093,0.9522802,0.9478964,0.9700459,0.97326905,0.96552354,0.9588373,0.96485204,0.9650656,0.96020114,0.9658112,0.96753085,0.96450055,0.9660915,0.96489495,0.9594572,0.9639351,0.9755434,0.9678954,0.96810156,0.9651372,0.96191055,0.9541649,0.95580286,0.9580426,0.95819974,0.9598761,0.96757656,0.9572712,0.95703244,0.9606342,0.9525452,0.95806676,0.9583785,0.96693516,0.9551894,0.94771,0.96675575,0.8412953,0.94759804,0.96956426,0.9562238,0.9518917,0.9450435,0.96366614,0.95662814,0.9562195,0.9391156,0.96230143,0.96521187,0.9513331,0.9755866,0.94747514,0.96323884,0.9690564,0.9600615,0.96517795,0.9690651,0.96675575,0.95839053,0.95815533,0.9750513,0.9653217,0.9568347,0.9554391,0.95350236,0.9509047,0.9737911,0.95352674,0.96174663,0.96791023,0.9578691,0.971147,0.9635521,0.957127,0.95688087,0.9606243,0.96018124,0.92968905,0.9616799,0.9391742,0.9580676,0.96247756,0.9690414,0.9482569,0.9658261,0.9608754,0.96485764,0.9609893,0.9643896,0.9553755,0.96204466,0.96387845,0.9657758,0.9631159,0.9618806,0.9602411,0.9568042,0.96385616,0.9659316,0.9392842,0.9584423,0.9660757,0.96143734,0.96149504,0.9717439,0.9653637,0.97962904,0.9562532,0.95777124,0.96610814,0.9576249,0.9470566,0.9497681,0.95880234,0.96387035,0.9577935,0.9641546,0.96590006,0.96732426,0.9409213,0.9555612,0.96849763,0.9598004,0.96826744,0.9607229,0.95487916,0.97962904,0.9413325,0.96718055,0.9653587,0.96915245
annabellemovie,0.9703605,0.96435064,0.96692485,0.9728503,0.9530476,0.96358037,0.96761143,0.9645484,0.98314744,0.96234876,0.95226204,0.9703038,1.0000005,0.9709516,0.95747197,0.9606243,0.96450835,0.9666236,0.9713806,0.95081013,0.96475583,0.9674484,0.96971804,0.9716253,0.95513767,0.9085862,0.9662559,0.9621221,0.96184903,0.9710164,0.9632559,0.96922123,0.9695013,0.9597768,0.9613135,0.9406916,0.9814696,0.9793477,0.96965706,0.9660295,0.96817553,0.97249395,0.9627924,0.97012854,0.9739352,0.96079856,0.9710148,0.9618619,0.9573056,0.97339123,0.96903896,0.96869427,0.97470874,0.9514081,0.9579752,0.96262133,0.96064305,0.96098447,0.9665831,0.9617763,0.97603923,0.96535164,0.9603863,0.97374356,0.9628512,0.9555409,0.9543323,0.9682526,0.9620691,0.9462403,0.9638321,0.82958275,0.9558583,0.97408295,0.9630462,0.9543537,0.9426229,0.96348935,0.9634198,0.9529749,0.94794166,0.9686372,0.9791383,0.95505434,0.9758293,0.95613146,0.9653333,0.98887664,0.95319945,0.965951,0.9735824,0.9638321,0.96463454,0.964881,0.96971077,0.9633657,0.9597993,0.96374846,0.9630384,0.9578211,0.96822715,0.9590823,0.9564475,0.96327186,0.96769255,0.9665444,0.9714306,0.9696935,0.9545959,0.963226,0.9705025,0.91918546,0.96376246,0.92451483,0.9646697,0.9672977,0.9693449,0.9535638,0.96776927,0.96309686,0.97412443,0.96446884,0.96115965,0.95715404,0.961257,0.96707255,0.97530466,0.9595447,0.95788956,0.9633647,0.96873784,0.9658215,0.9645841,0.9434057,0.9595961,0.97481394,0.9556323,0.9590289,0.9629067,0.96478003,0.98314744,0.9567936,0.95587546,0.96982515,0.96144485,0.9493451,0.9557812,0.9665706,0.9740375,0.96141326,0.96538556,0.97307175,0.96249014,0.95276546,0.9533815,0.9674816,0.9667262,0.96845704,0.9629302,0.9579468,0.98314744,0.94631064,0.9698375,0.9688341,0.969529
annamovie,0.97270244,0.96667075,0.96701807,0.96635824,0.962601,0.9640236,0.9715689,0.96659184,0.98519695,0.9672038,0.9688951,0.9622658,0.9709516,0.99999994,0.96597534,0.9595718,0.9658655,0.96744835,0.9671213,0.96337473,0.9597782,0.96848315,0.9725621,0.9763326,0.9576524,0.91057265,0.9572645,0.9671573,0.96832836,0.9701709,0.9595356,0.97312534,0.96842635,0.9615753,0.96000105,0.94169533,0.9760371,0.9699041,0.9719902,0.9657224,0.96521515,0.974689,0.9663761,0.9764696,0.9707032,0.97182727,0.9732749,0.9589121,0.9763199,0.9779006,0.9742592,0.97887814,0.96881413,0.96376604,0.96276885,0.9604756,0.951475,0.9688857,0.96556187,0.9576001,0.9701991,0.9643433,0.9625971,0.97710943,0.9715906,0.96025676,0.9590725,0.96770513,0.96376085,0.95591754,0.96599483,0.83960503,0.954608,0.96835446,0.9661333,0.95528615,0.9438796,0.9719952,0.9665998,0.9490927,0.9567458,0.97123027,0.970183,0.9630463,0.97249967,0.95539206,0.9708638,0.9762785,0.9620373,0.96363246,0.9656412,0.96599483,0.96158826,0.9556647,0.9718481,0.9669839,0.968829,0.97093546,0.9656943,0.97359717,0.970943,0.96327686,0.96252865,0.9652338,0.97536796,0.9717517,0.96614254,0.9604722,0.9621694,0.9715387,0.97104853,0.9226782,0.9642703,0.94159657,0.9592265,0.97313607,0.97439784,0.9625857,0.9715457,0.9664496,0.9674441,0.96176404,0.97140634,0.9655953,0.9627925,0.9754582,0.9745957,0.9612328,0.96294504,0.9631405,0.9655465,0.9718583,0.9644597,0.9609194,0.9621425,0.9698933,0.96977293,0.9700096,0.9647841,0.9656275,0.98519695,0.96440417,0.96356785,0.97006667,0.95632726,0.95989734,0.95776516,0.9658098,0.97119164,0.9684204,0.9685183,0.9721743,0.9593236,0.9539638,0.9596649,0.96351,0.9736252,0.9645432,0.96038705,0.95507145,0.98519695,0.9688123,0.9734634,0.97637033,0.9664968
apollo11movie,0.9601859,0.9725876,0.95994323,0.95795494,0.95468885,0.96249735,0.9679974,0.9635374,0.9763261,0.9459916,0.95641744,0.9504153,0.95747197,0.96597534,0.99999976,0.96518165,0.9628417,0.9563842,0.96276563,0.9725994,0.955118,0.9584281,0.96824825,0.96824574,0.95218045,0.8822652,0.942717,0.9547192,0.9594386,0.96916974,0.9549118,0.9625847,0.9557588,0.9496552,0.9479442,0.9308944,0.96099883,0.9610164,0.9585432,0.96162045,0.9506126,0.9650266,0.9597986,0.9609772,0.9659882,0.96123004,0.9653593,0.9575785,0.96363956,0.96159893,0.9640586,0.96876216,0.9577575,0.95245665,0.94563097,0.95168924,0.9545232,0.9677634,0.9486499,0.95758355,0.95582783,0.94833875,0.9555391,0.95817816,0.95652014,0.946909,0.95225036,0.96491575,0.9585382,0.9425699,0.9603871,0.8244237,0.947053,0.96517366,0.9535993,0.93489486,0.922867,0.9619098,0.96073735,0.94012856,0.9428197,0.96019393,0.95979947,0.9546798,0.9632849,0.9494604,0.95592636,0.9689204,0.9551712,0.96687996,0.95148396,0.9603871,0.9505573,0.9575072,0.96196944,0.96941996,0.95149285,0.949621,0.9654714,0.9579514,0.95605856,0.95699847,0.9500824,0.96017855,0.9618255,0.962531,0.9567231,0.9548336,0.9627862,0.95329624,0.9645659,0.91395515,0.9669644,0.9372495,0.9517375,0.96011114,0.9597855,0.9498629,0.96889377,0.96091354,0.9583556,0.9590046,0.9572719,0.9612299,0.9550751,0.96263933,0.960517,0.9554376,0.94898444,0.95270556,0.9594352,0.9466812,0.9618816,0.94527316,0.9589005,0.97135085,0.95752174,0.96239066,0.95200545,0.9585932,0.9763261,0.95441073,0.9573255,0.9515802,0.9416355,0.95946574,0.95653105,0.96300685,0.9630138,0.95103043,0.9618078,0.96737874,0.96129286,0.9457168,0.94250214,0.9530379,0.9599079,0.9669077,0.9614454,0.9533369,0.9763261,0.9549593,0.9603083,0.9676478,0.9572748
arcticdogsmovie,0.9592436,0.975059,0.9667755,0.9593806,0.9571918,0.9677739,0.9686399,0.9668533,0.97914106,0.94967425,0.95613056,0.9556093,0.9606243,0.9595718,0.96518165,1.0000001,0.96046644,0.96174407,0.9658549,0.9617161,0.95920056,0.9594241,0.97036266,0.97000945,0.9619252,0.88284373,0.9560123,0.9562573,0.95826226,0.96279395,0.9650684,0.9580736,0.9610729,0.9601896,0.9545967,0.93446565,0.9684029,0.9627119,0.96905273,0.9611849,0.95692366,0.9623442,0.94978416,0.9555738,0.9696158,0.9697915,0.96540254,0.96104014,0.9640999,0.95729136,0.96445775,0.97154725,0.9620352,0.96245646,0.9510485,0.9591023,0.9618293,0.9646349,0.9545155,0.9569642,0.9540308,0.9548825,0.9549522,0.9655394,0.9536251,0.9564048,0.95645195,0.97020376,0.9595245,0.9577522,0.9600002,0.82536393,0.9541866,0.9666265,0.9552783,0.94069993,0.9458311,0.9546379,0.9607055,0.9637714,0.950305,0.9601068,0.96551853,0.95805407,0.96427095,0.96226764,0.9546561,0.9652686,0.95707303,0.96972275,0.9626199,0.9600002,0.9546625,0.9698601,0.960609,0.95380473,0.95587474,0.96266973,0.9631994,0.9611098,0.97011733,0.964502,0.9528635,0.9591334,0.95864755,0.96494925,0.9614369,0.96705097,0.96834385,0.9610921,0.966688,0.94056505,0.9741655,0.94543016,0.96512735,0.96177214,0.96229964,0.96545696,0.9703376,0.9600324,0.9637531,0.9693591,0.956023,0.9647644,0.9627174,0.96789205,0.96176493,0.9600844,0.9559563,0.94461226,0.959858,0.9512453,0.96162766,0.93404734,0.96146137,0.968688,0.9638276,0.96513116,0.9520012,0.9692135,0.97914106,0.95388657,0.9605584,0.9608551,0.9533443,0.9585879,0.96096915,0.9666053,0.9713377,0.9585961,0.96268386,0.9650729,0.9685096,0.9468373,0.95007575,0.9546394,0.9565645,0.9649293,0.96440905,0.9623607,0.97914106,0.954613,0.96166784,0.9676613,0.96486735
arcticmovie,0.9653748,0.95903516,0.9746021,0.9610316,0.96182925,0.9588525,0.9652928,0.9604912,0.98031235,0.9495589,0.9549346,0.9647414,0.96450835,0.9658655,0.9628417,0.96046644,1.0000002,0.95791507,0.9644192,0.9620217,0.9504659,0.96725816,0.9610712,0.9678082,0.95319474,0.8857028,0.9580722,0.97549295,0.9714445,0.96477044,0.9612271,0.9640397,0.9685942,0.9580303,0.9498629,0.94204366,0.9709848,0.9616073,0.96862173,0.9682957,0.96044344,0.96985257,0.96156514,0.97106355,0.9661513,0.9639189,0.9609292,0.95450187,0.96144396,0.97098744,0.9758485,0.9667892,0.9598576,0.96421534,0.9566471,0.952136,0.95680994,0.9618254,0.96031004,0.9568896,0.9656994,0.9550073,0.96153504,0.9616736,0.9477916,0.9481106,0.95307803,0.96486294,0.95999515,0.9394493,0.9615656,0.8209886,0.9407194,0.9697134,0.9565536,0.9453671,0.9366685,0.965565,0.9650081,0.95091385,0.9541079,0.96752423,0.9619418,0.958853,0.9745627,0.9503794,0.96353126,0.9700335,0.95248103,0.96368486,0.9607352,0.9615656,0.95588267,0.96091074,0.97014296,0.9610978,0.9555795,0.9705797,0.9597153,0.9489872,0.97226894,0.9534324,0.9652695,0.9664714,0.9612636,0.9739235,0.96322316,0.9602819,0.9666633,0.95792186,0.96961737,0.9287154,0.9671959,0.9443808,0.9587221,0.96113616,0.9690937,0.95023566,0.9702336,0.96403027,0.9639275,0.96824086,0.96499866,0.9641194,0.96115625,0.9637424,0.96433115,0.9669651,0.96004856,0.9594192,0.956986,0.9587089,0.9814851,0.9531244,0.96051043,0.96846735,0.96411604,0.9554948,0.9568502,0.964449,0.98031235,0.96506023,0.96088594,0.9631682,0.9505153,0.951466,0.95850044,0.95757467,0.96332264,0.9690756,0.97165066,0.976211,0.95479155,0.9400448,0.9481036,0.95793366,0.96370286,0.95951056,0.9631407,0.9565228,0.98031235,0.95671904,0.9646911,0.9678857,0.96443945
artofracingmovie,0.96576524,0.957259,0.9656449,0.9685098,0.97047895,0.9627952,0.9726317,0.9636553,0.98104364,0.9655075,0.9579919,0.9645472,0.9666236,0.96744835,0.9563842,0.96174407,0.95791507,0.99999964,0.9654087,0.9494056,0.955536,0.96491694,0.9717856,0.9709057,0.9596421,0.900033,0.9670699,0.9596639,0.96161234,0.9647701,0.96832967,0.96719855,0.9662062,0.9582276,0.9550053,0.93296,0.9705749,0.96926796,0.96415174,0.9624786,0.95896983,0.9665211,0.955375,0.9654072,0.9675828,0.9676746,0.9715832,0.9605724,0.96914417,0.9642041,0.9693554,0.974224,0.96728116,0.9544913,0.9566413,0.97145224,0.95469224,0.96384835,0.9546307,0.9601778,0.9635718,0.95884824,0.95639807,0.9675271,0.96426576,0.95612556,0.957192,0.9710246,0.9638273,0.953281,0.9655859,0.8254936,0.9466879,0.9691285,0.96313244,0.9469218,0.948133,0.9621256,0.9594978,0.9462209,0.949791,0.9653127,0.96438074,0.9564492,0.9693897,0.957701,0.9585178,0.96648175,0.9630707,0.96574956,0.96459156,0.9655859,0.961283,0.959324,0.9690257,0.96028984,0.960684,0.95528686,0.9621981,0.9651121,0.9674264,0.95916283,0.9563184,0.9670747,0.95720154,0.96894383,0.9645178,0.95814264,0.9575519,0.9656374,0.9686352,0.9287738,0.96888614,0.9327339,0.9583942,0.9697204,0.9714149,0.9614142,0.96534175,0.9647118,0.9635083,0.9632171,0.9642973,0.9604283,0.9625175,0.96529996,0.96387756,0.95946944,0.9695816,0.95246106,0.9627937,0.9751287,0.9581462,0.9457325,0.9631283,0.96359354,0.96615946,0.96824926,0.96480364,0.97214544,0.98104364,0.9596614,0.9545613,0.96319616,0.954118,0.9593209,0.9528209,0.9689127,0.96936303,0.96030134,0.9656406,0.96735257,0.9600273,0.9457134,0.96134496,0.965712,0.967795,0.96249664,0.96553683,0.9556873,0.98104364,0.9556585,0.96781033,0.97471976,0.96631306
avengers,0.9817442,0.9702999,0.96867,0.9710191,0.9632899,0.96195376,0.97102463,0.9667174,0.98398244,0.96526015,0.9600929,0.96476674,0.9713806,0.9671213,0.96276563,0.9658549,0.9644192,0.9654087,1.0000004,0.9607416,0.95341367,0.964717,0.96874446,0.97269374,0.96116805,0.91025186,0.9574267,0.95803875,0.9654902,0.9731675,0.97555745,0.9667561,0.96675324,0.95980805,0.9639562,0.9400266,0.97469556,0.9737603,0.9714384,0.9689653,0.96219176,0.9727666,0.9638221,0.96962255,0.964561,0.9663918,0.9680934,0.96473444,0.96262586,0.9735717,0.9675981,0.9712503,0.9705327,0.9614432,0.96363056,0.961904,0.9538534,0.96842563,0.9615433,0.9656328,0.9635466,0.9700358,0.9587501,0.9677725,0.9635296,0.9540301,0.9490339,0.965984,0.9599838,0.95316243,0.9710315,0.8367432,0.95259607,0.96596104,0.96569514,0.9535179,0.9567379,0.9666512,0.9617343,0.9561498,0.94383895,0.9674055,0.97148067,0.9601735,0.973845,0.95619917,0.96485686,0.9731089,0.96173954,0.96522313,0.9705658,0.9710315,0.95983666,0.96477526,0.965491,0.9698231,0.9588434,0.96723086,0.9617365,0.96042305,0.9703893,0.9616587,0.95656836,0.968784,0.96517336,0.96580654,0.9685062,0.9660959,0.9628041,0.96340823,0.9720487,0.9227419,0.9717314,0.9354754,0.9582137,0.9714186,0.97578233,0.96222824,0.9673963,0.96557176,0.9697619,0.96555674,0.96608657,0.9557163,0.9660161,0.96206284,0.9718101,0.9652341,0.9714179,0.9611849,0.9610983,0.96393466,0.96598047,0.93715316,0.9631257,0.9711934,0.96764356,0.9707272,0.9667549,0.96332043,0.98398244,0.95926493,0.95474696,0.9660244,0.95334995,0.9587307,0.9560173,0.9704283,0.97091913,0.9631873,0.9687439,0.9679009,0.9599212,0.9545423,0.9587241,0.9663555,0.9680547,0.970948,0.9659534,0.9631909,0.98398244,0.95461625,0.9720627,0.9711466,0.96164656
beachbummovie,0.95388514,0.9667009,0.95904934,0.9558923,0.95598173,0.9527472,0.9636456,0.961422,0.9729109,0.9471607,0.95468855,0.94676816,0.95081013,0.96337473,0.9725994,0.9617161,0.9620217,0.9494056,0.9607416,1.0000002,0.95209104,0.95052415,0.9596331,0.96486926,0.9484102,0.88239926,0.9443909,0.9610725,0.9509883,0.9629406,0.9524326,0.95073897,0.9494321,0.9494273,0.9424292,0.9293507,0.960533,0.95658267,0.95520544,0.95424366,0.95022887,0.9628873,0.95153064,0.95601517,0.9613982,0.9684577,0.9571747,0.95072377,0.9528323,0.9569684,0.95644206,0.96349365,0.94920516,0.95460933,0.9503284,0.94680727,0.9500329,0.95908046,0.9564701,0.946531,0.9503505,0.94953674,0.95118517,0.9579117,0.9427772,0.9476494,0.9480728,0.95172024,0.95335215,0.95760214,0.9514781,0.8236328,0.9386447,0.95672935,0.95500857,0.93273246,0.9278006,0.9565187,0.95856774,0.9443563,0.950337,0.9564943,0.9574955,0.949322,0.95626986,0.9462271,0.95349187,0.9586628,0.9463701,0.9585764,0.95062685,0.9514781,0.9505037,0.9500288,0.9577479,0.9640111,0.94876,0.96704954,0.95610684,0.9580976,0.95941365,0.9582259,0.93886626,0.9529892,0.96426773,0.95683366,0.95355874,0.94861054,0.96233654,0.9494908,0.9615077,0.9287249,0.9635301,0.9446275,0.9511979,0.9561085,0.95406866,0.94898075,0.9644435,0.9578946,0.9587585,0.96068,0.9564345,0.95918894,0.949553,0.958919,0.9505041,0.9463601,0.9545263,0.943458,0.9540451,0.9433733,0.9607012,0.93939507,0.95545554,0.9607346,0.9553878,0.95859766,0.9414926,0.9637823,0.9729109,0.9361645,0.9499754,0.9573295,0.9467583,0.95066375,0.9449663,0.9581714,0.95582724,0.94461983,0.961461,0.96245885,0.9539368,0.94278264,0.94315636,0.948847,0.95349187,0.9574003,0.95822585,0.9574063,0.9729109,0.9526512,0.9612215,0.96086437,0.9452265
bernadettefilm,0.9486789,0.9544207,0.95863867,0.9616544,0.9476556,0.9493783,0.96082324,0.9621091,0.9730805,0.95047593,0.9518293,0.9513856,0.96475583,0.9597782,0.955118,0.95920056,0.9504659,0.955536,0.95341367,0.95209104,0.9999997,0.95352405,0.9648352,0.9660862,0.95256627,0.9014061,0.9559892,0.9609058,0.9534573,0.9592131,0.95521635,0.94858056,0.9546714,0.94899195,0.9431146,0.9257778,0.96095943,0.95677805,0.9586857,0.9591413,0.95971036,0.955888,0.94524384,0.950271,0.96700937,0.9555223,0.9630547,0.94639635,0.9595333,0.9511707,0.95538765,0.96370506,0.9510434,0.9446559,0.9525952,0.95586914,0.9591086,0.96119475,0.96301115,0.9501612,0.9613572,0.9626781,0.9657534,0.9622169,0.96307254,0.9469148,0.9509157,0.95747447,0.961467,0.9440063,0.9517504,0.8240207,0.94757426,0.97104675,0.95535815,0.9347565,0.9300554,0.95568746,0.95845157,0.9449577,0.9453548,0.9508834,0.9647627,0.95114934,0.95737946,0.9616516,0.95033514,0.9646189,0.9496945,0.9566438,0.96483606,0.9517504,0.9411716,0.9545101,0.95099926,0.9536939,0.9622088,0.9598328,0.95238954,0.9575774,0.9587588,0.96173334,0.9443212,0.95090693,0.9613809,0.9560641,0.9493103,0.9602208,0.9505949,0.9617136,0.9630974,0.9057897,0.9582181,0.9265425,0.95599604,0.9563432,0.95053524,0.95093066,0.9665535,0.95292443,0.95892894,0.95946515,0.9613325,0.95316416,0.9541057,0.95814,0.95514756,0.946427,0.94634604,0.94190043,0.9769658,0.95320535,0.95813876,0.93402815,0.9560003,0.96350366,0.94967514,0.9575543,0.94595134,0.9602179,0.9730805,0.94403905,0.9519069,0.9586992,0.9594135,0.94364285,0.94591516,0.95441884,0.9645603,0.9389383,0.9596004,0.9555,0.96032315,0.93587327,0.94582605,0.9538243,0.9510065,0.9590325,0.9625656,0.9598708,0.9730805,0.93845284,0.9697646,0.96487886,0.9540843
