movie,21bridgesmovie,47metersdown,abeautifuldaymovie,abominablemovie,adastramovie,adogsjourneymovie,aftermathmovie,aftermovie,ahiddenlifefilm,alitamovie,angelhasfallen,angrybirdsmovie,annabellemovie,annamovie,apollo11movie,arcticdogsmovie,arcticmovie,artofracingmovie,avengers,beachbummovie,bernadettefilm,blackandbluemovie,blackchristmas,blindedbythelightmovie,bombshellmovie,booksmart,breakthroughmovie,brianbanksmovie,brightburnmovie,brittanyrunsmov,captainmarvelofficial,captivestatemovie,catsmovie,charliesangels,childsplaymovie,clarathefilm,coldpursuitmovie,countdown,currentwarmovie,darkwatersmovie,detectivepikachumovie,disneyaladdin,disneyfrozen,disneymaleficent,doctorsleepmovie,dolemiteismyname,dontletgomovie,doramovie,downtonabbey_official,dumbo,escaperoom,everybodyknowsmovie,fastandfuriousmovie,fightingwmyfam,fivefeetapartfilm,fordvferrari,freaksthefilm,geminimanmovie,glassmovie,gloriabellmovie,godzillamovie,goldfinchmovie,goodboysmovie,goodliarmovie,gretafilm,halathemovie,happydeathdaymovie,harrietfilm,hellboymovie,hersmellmovie,highlifemovie,highstrungmovie,honeyboymovie,hotelmumbaifilm,httydragon,hustlemovie,hustlersmovie,isntitromantic,itmovieofficial,jayandsilentbob,johnwickmovie,jojorabbitmovie,jokermovie,judythefilm,jumanjimovie,justmercyfilm,knivesout,lalloronamovie,lastblackmansf,lastchristmasthemovie,latenightmovie,lighthousemovie,lionking,littlethemovie,littlewomenmovie,littlewoodsfilm,longshotmovie,lordsofchaosmovie,lucyintheskyfilm,mamovie2019,marriagestory,meettheaddams,meninblack,midsommarmovie,midwaymovie,missbalamovie,missinglinkfilm,motherlessbklyn,onceinhollywood,onthebasisofsex,overcomermovie,peanutbutterfalcon,petsematarymovie,piercingmovie,playingwithfire,playmobilthemovie,pomsmovie,queenandslim,rambomovie,readyornotfilm,richardjewellfilm,rocketmanmovie,scarystoriesmovie,secretlifeofpets,serenityfilm,shaftmovie,shazammovie,spidermanmovie,spiesindisguise,starwars,stormboymovie,stubermovie,taosdfilm,teenspiritmov,terminator,theaeronautsmov,thebestofenemies,thedeaddontdie,thefarewell,thehighwaymen,thehummingbirdprojectfilm,theintrudermovie,theirishmanfilm,thekitchenmovie,thelegomovie,themustangfilm,thenightingalefilm,theprodigymovie,thesunisalsoastar,theupsidefilm,tolkienmovie,toystory,triplefrontier,uglydolls,uncutgems,underthesilverlake,usmovie,wavesmovie,whatmenwant,wonderparkmovie,wrinklestheclown,xmenmovies,yardiefilm,yesterdaymovie,zombieland
21bridgesmovie,1.0,0.9528407,0.9637118,0.953601,0.9595476,0.9577369,0.9682475,0.957682,0.9786549,0.9485918,0.9541526,0.95541424,0.96848494,0.96693724,0.9640119,0.9587188,0.96634036,0.9613752,0.97198975,0.96346116,0.9609007,0.9690274,0.95898765,0.9641095,0.95654076,0.9156252,0.9536214,0.96241647,0.9653273,0.96321285,0.95197594,0.9635592,0.93908006,0.9660436,0.94782376,0.92830694,0.96201086,0.97310907,0.9569512,0.9606575,0.9629716,0.9612911,0.95215875,0.9622405,0.9605951,0.95961034,0.96333224,0.9611842,0.9449348,0.96259606,0.9629727,0.9656417,0.9569288,0.95231354,0.96145785,0.95207,0.96279657,0.96383476,0.96648866,0.96054983,0.953058,0.95378405,0.9656824,0.96306604,0.94777036,0.9553712,0.9539483,0.96501875,0.9516372,0.9464161,0.96502626,0.8509854,0.9528834,0.9572919,0.9499805,0.949781,0.9494086,0.9504326,0.95116293,0.9567013,0.95898694,0.9576649,0.95839316,0.9486115,0.96515185,0.95612305,0.95840025,0.9659961,0.9597915,0.9558704,0.959772,0.96502626,0.95479,0.9585234,0.9610851,0.96073157,0.9707462,0.95963675,0.96146417,0.9585748,0.9584393,0.95524985,0.96468234,0.96431917,0.94922364,0.96308285,0.9649446,0.95696443,0.9620489,0.95126796,0.96090007,0.8923274,0.9626411,0.94434893,0.96545315,0.974511,0.989962,0.95650864,0.9614554,0.9573808,0.95653534,0.96915555,0.9605109,0.95971584,0.9637637,0.96505547,0.95898813,0.96440285,0.9595254,0.94493943,0.9571149,0.9613242,0.9635268,0.94466096,0.95832324,0.959554,0.9780473,0.9583522,0.96684724,0.9573521,0.9786549,0.9656618,0.95623416,0.9548226,0.9578884,0.9530834,0.95229053,0.95537794,0.95658535,0.96630806,0.9536434,0.96762836,0.9585398,0.9527213,0.9689982,0.95992,0.9573206,0.9533594,0.9601346,0.9531481,0.9786549,0.95698726,0.9612844,0.9592124,0.9584887
47metersdown,0.9528407,0.9999999,0.95219654,0.9581331,0.9638601,0.9491589,0.956864,0.95333153,0.9757627,0.9536054,0.95372844,0.9472715,0.95692927,0.95839965,0.95840234,0.9641721,0.9584356,0.9559033,0.9517209,0.95315605,0.959936,0.959383,0.9691284,0.9564411,0.95832044,0.91971374,0.9625433,0.955918,0.9529581,0.9542248,0.95273393,0.954165,0.95166373,0.9604016,0.95575523,0.93803996,0.96045375,0.9528086,0.9591684,0.9528355,0.9565469,0.9645963,0.94101304,0.9586019,0.96080226,0.963998,0.969243,0.95349157,0.9501462,0.96292293,0.95054716,0.9657022,0.9500199,0.95139027,0.95470315,0.9531947,0.94929934,0.9640007,0.95985436,0.9582138,0.94892865,0.95614266,0.9542815,0.95745045,0.9544773,0.9523589,0.95855945,0.96604574,0.9545329,0.94028234,0.95823467,0.8735491,0.9472272,0.9608642,0.9612845,0.9409049,0.93920314,0.95566,0.95191854,0.95216984,0.95725566,0.9524154,0.95243967,0.9553163,0.9529,0.94101685,0.9591805,0.9589718,0.9499441,0.9623775,0.946623,0.95823467,0.9577835,0.9517053,0.9553656,0.9602761,0.95513564,0.9531032,0.95185745,0.9623601,0.9545839,0.953763,0.94554096,0.95407814,0.9603381,0.953978,0.9567623,0.95535237,0.9399467,0.9532283,0.96424836,0.9109653,0.9605808,0.93651295,0.96669674,0.96495533,0.96107334,0.95294034,0.9605288,0.9539493,0.95327747,0.9612051,0.96560043,0.9623333,0.9569663,0.9607421,0.9504717,0.9485051,0.95842206,0.94728047,0.95709145,0.96204305,0.9534218,0.9477085,0.9603506,0.9519742,0.95529073,0.95920193,0.9569545,0.94986707,0.9757627,0.9516499,0.9538853,0.955625,0.9517117,0.95002383,0.9527396,0.95181656,0.9477392,0.9577498,0.9521018,0.96019936,0.9607167,0.92227215,0.9592314,0.9508567,0.9649137,0.9562745,0.9588751,0.95807755,0.9757627,0.9568201,0.95855045,0.9650021,0.94727933
abeautifuldaymovie,0.9637118,0.95219654,1.0000001,0.94589895,0.9608463,0.9530933,0.9591085,0.9550084,0.97726,0.9522891,0.95172817,0.9610599,0.95656043,0.95898926,0.9579735,0.9577201,0.96100414,0.9558511,0.9556015,0.9590942,0.96362746,0.9752651,0.9493836,0.9610436,0.94754875,0.9124546,0.94566786,0.957982,0.97552985,0.95757645,0.95867985,0.9611379,0.94219357,0.9681632,0.9490612,0.93869025,0.95887697,0.95074177,0.9568629,0.9569652,0.95248365,0.95848316,0.94482744,0.9538543,0.9621293,0.96574646,0.9551674,0.9605765,0.9480887,0.9580474,0.9784223,0.964049,0.95459986,0.9519488,0.9546221,0.94837373,0.9589023,0.9619082,0.95704764,0.9586283,0.9468524,0.9535405,0.9581624,0.95152456,0.9506386,0.95824224,0.95752263,0.9602694,0.9520594,0.94509315,0.96093315,0.8550587,0.9557819,0.95722556,0.9459587,0.946416,0.9425444,0.9521331,0.9498459,0.9600514,0.9590723,0.9557091,0.94774413,0.94971305,0.9682882,0.95216924,0.9562999,0.96264917,0.95523804,0.9569676,0.9516537,0.96093315,0.9490096,0.9547992,0.96811026,0.95537955,0.9616233,0.9482583,0.95830995,0.9579808,0.96001947,0.9544264,0.9728089,0.95583504,0.9496442,0.97820765,0.96262735,0.95192045,0.9637303,0.9426255,0.9533591,0.9161304,0.9554733,0.9430123,0.95995516,0.95925444,0.9660012,0.95191514,0.9600536,0.9535932,0.9492579,0.96593714,0.961987,0.96249074,0.9638103,0.9647235,0.95586073,0.9677357,0.95844555,0.94730866,0.9577125,0.9609683,0.9551964,0.9447761,0.9606875,0.95722723,0.96270406,0.96269566,0.95692974,0.95688885,0.97726,0.9729758,0.96337205,0.95353085,0.95091474,0.9477215,0.95838267,0.9571871,0.9494476,0.9638181,0.9552527,0.97560674,0.9662665,0.9328947,0.9537637,0.95383847,0.952777,0.9527471,0.95141935,0.95315397,0.97726,0.95689195,0.95262665,0.9502178,0.96977276
abominablemovie,0.953601,0.9581331,0.94589895,0.9999999,0.9596474,0.9545802,0.9573277,0.95355123,0.97331256,0.94571227,0.96230066,0.9486271,0.9655086,0.962514,0.9523184,0.95157945,0.94774157,0.9568762,0.95019037,0.9536253,0.9585338,0.951116,0.9656203,0.95141786,0.95014626,0.9319776,0.95316225,0.94753337,0.94864756,0.9527363,0.9491213,0.95397824,0.9415058,0.95072305,0.95072263,0.92479885,0.9630992,0.9587755,0.958205,0.9583757,0.9535938,0.96304053,0.9361816,0.95385313,0.950212,0.9572742,0.96514,0.9492832,0.9472129,0.96034604,0.947976,0.96041596,0.9484749,0.94779676,0.9565327,0.9449906,0.94661725,0.961592,0.96240246,0.95579076,0.9492512,0.9659288,0.9464314,0.9606075,0.95070904,0.95688933,0.9513219,0.95429176,0.9582704,0.9352419,0.9542995,0.86707664,0.9423377,0.9510263,0.9591309,0.935258,0.93635195,0.9428074,0.9544298,0.95144624,0.9583404,0.95655817,0.9551921,0.9505926,0.9610359,0.946088,0.9630489,0.9562547,0.94773316,0.9474864,0.9558475,0.9542995,0.94717133,0.9509879,0.9588084,0.96660453,0.9508258,0.95148337,0.9546472,0.9556001,0.9529953,0.95592725,0.9472386,0.9578888,0.945369,0.94912004,0.95442,0.9600023,0.9363547,0.9516106,0.96800727,0.91150177,0.95307064,0.9422241,0.95542306,0.9566471,0.95862275,0.9394019,0.95509726,0.9514724,0.95386595,0.9550802,0.95212287,0.9637943,0.9522236,0.9551865,0.95668334,0.9492589,0.95902693,0.9322788,0.95515096,0.9559418,0.9531872,0.9412749,0.9535846,0.94842917,0.95335716,0.95242906,0.9534908,0.9482446,0.97331256,0.95413077,0.9508812,0.95768976,0.9556495,0.9498988,0.9484418,0.957406,0.9604349,0.94943917,0.95266026,0.9517979,0.95103663,0.9215589,0.95567083,0.94077337,0.9596799,0.9489363,0.95453966,0.94546175,0.97331256,0.95538455,0.9572313,0.9648188,0.9378304
adastramovie,0.9595476,0.9638601,0.9608463,0.9596474,1.0,0.9533201,0.96274143,0.9645185,0.98139715,0.9676325,0.9565485,0.9561623,0.9639849,0.9684702,0.9565337,0.9585885,0.96500987,0.97603935,0.96038264,0.95849955,0.9562519,0.9581735,0.95922494,0.96351236,0.94923115,0.9216501,0.96561104,0.9624033,0.95542306,0.9621421,0.9633465,0.95872915,0.9541645,0.96269447,0.9580079,0.9414303,0.96408033,0.96104,0.964423,0.9636493,0.95560926,0.9667404,0.9535468,0.961987,0.96175456,0.9654632,0.96179235,0.95366365,0.94948757,0.9666652,0.95607936,0.9653842,0.956991,0.9601984,0.9609075,0.9670766,0.9632065,0.96735173,0.9608466,0.9618518,0.9522256,0.96097076,0.9559794,0.9599881,0.95762676,0.95931184,0.9621561,0.96330243,0.96007985,0.9491434,0.9627783,0.8757838,0.955274,0.96348906,0.95203906,0.94982684,0.9417041,0.9577986,0.95523244,0.95546365,0.9613258,0.9638191,0.9583674,0.9581786,0.96524024,0.95522434,0.9593242,0.96804065,0.9534519,0.9627738,0.956803,0.9627783,0.9573504,0.9675009,0.96198785,0.9607309,0.96289676,0.9582396,0.9619572,0.9624746,0.9625461,0.96101016,0.9484985,0.96060747,0.955286,0.95973307,0.96778166,0.95981485,0.94896656,0.96073127,0.96569747,0.9130899,0.96369535,0.9567929,0.9571132,0.96272314,0.96558005,0.9472217,0.96030706,0.9576431,0.9569073,0.965613,0.9642272,0.9665015,0.9690899,0.96116763,0.9621317,0.9576924,0.97041094,0.95501435,0.9638849,0.9667979,0.9631401,0.9520759,0.96561754,0.9601306,0.96079564,0.96401197,0.9616533,0.960203,0.98139715,0.9585617,0.96137285,0.958811,0.955663,0.95279783,0.95740175,0.9601936,0.9550848,0.961163,0.95901644,0.9669303,0.96498907,0.93217057,0.9573212,0.9516375,0.9572638,0.958763,0.97027415,0.9565486,0.98139715,0.9701018,0.96172154,0.95701474,0.9527075
adogsjourneymovie,0.9577369,0.9491589,0.9530933,0.9545802,0.9533201,0.99999976,0.9609903,0.952237,0.9728086,0.94723064,0.9606056,0.95081323,0.9594137,0.95754546,0.96419334,0.95145726,0.954588,0.9507304,0.948254,0.962961,0.9592596,0.9549793,0.96315473,0.96048814,0.9508482,0.9254976,0.9579905,0.95291466,0.95605755,0.9614169,0.95365626,0.9546188,0.9542698,0.9562082,0.94153637,0.92206,0.95513237,0.9598872,0.9540733,0.95252275,0.9558761,0.9567118,0.95837826,0.9549019,0.9550822,0.9608652,0.9633344,0.9564948,0.93637025,0.9551035,0.95266783,0.9571993,0.9557223,0.9470841,0.9564819,0.95013934,0.9577185,0.9573442,0.95625734,0.958761,0.9559441,0.95957404,0.9555764,0.9629971,0.9421623,0.95616055,0.9549221,0.9550323,0.9550669,0.94333506,0.96162146,0.86729926,0.95203334,0.9488919,0.9514846,0.9404046,0.9304974,0.9477614,0.95254034,0.9603709,0.95857805,0.95241755,0.95965284,0.95236117,0.949131,0.9557449,0.9512918,0.9592929,0.95134896,0.9569397,0.9533902,0.96162146,0.9461283,0.9511046,0.95452076,0.96520185,0.9633218,0.955287,0.9625937,0.95689595,0.95027524,0.9625078,0.9581626,0.9598223,0.9460034,0.952995,0.9555818,0.9587547,0.94466937,0.94084936,0.972405,0.91060364,0.9502711,0.94149035,0.95068735,0.9626391,0.96366346,0.94695055,0.9599599,0.96024305,0.9580643,0.95487016,0.9611575,0.9692276,0.9608288,0.9601683,0.9656942,0.9538354,0.95525813,0.943102,0.9527038,0.9553411,0.9566496,0.945951,0.95132977,0.9576155,0.9578126,0.9519982,0.9587416,0.9500278,0.9728086,0.954098,0.9491303,0.9603033,0.9542607,0.95289123,0.95943815,0.9484893,0.9597406,0.95321083,0.9557175,0.95947987,0.94835275,0.93445164,0.96139747,0.9526743,0.96099144,0.9521679,0.95288867,0.94894594,0.9728086,0.95269054,0.9559278,0.9638832,0.9483412
aftermathmovie,0.9682475,0.956864,0.9591085,0.9573277,0.96274143,0.9609903,0.9999996,0.9646992,0.98402816,0.96202886,0.9645668,0.94784355,0.96490484,0.9683981,0.9721798,0.9616172,0.97260994,0.9683612,0.9666596,0.9676568,0.96546626,0.9657481,0.96787214,0.9672995,0.95848477,0.9245439,0.96237725,0.9645792,0.96219796,0.95927805,0.9608873,0.9612898,0.95075583,0.9625687,0.9563131,0.93433183,0.9701833,0.9574283,0.9683144,0.9606388,0.9608198,0.9718608,0.9552848,0.9676552,0.96690667,0.96696526,0.97034,0.9649314,0.95035166,0.9687641,0.95972925,0.964614,0.9611209,0.95242274,0.96239156,0.95967424,0.9618206,0.9704945,0.96868634,0.9652901,0.9528997,0.9613544,0.9687466,0.9604208,0.9524652,0.9678003,0.9642679,0.96629494,0.9641617,0.94611543,0.96822244,0.85037696,0.9549201,0.9632246,0.9620615,0.9535714,0.94302684,0.9562991,0.9579357,0.96470153,0.9633536,0.9704751,0.96029013,0.95605016,0.9553825,0.9579013,0.957727,0.9704189,0.9603036,0.96594995,0.958867,0.96822244,0.9593797,0.95995367,0.96108353,0.96515423,0.97004926,0.9643456,0.9797553,0.962102,0.9603422,0.9611786,0.9596768,0.96001184,0.951874,0.95962596,0.96711963,0.9592591,0.9518226,0.95063484,0.9691581,0.91004395,0.9605724,0.9474975,0.9676075,0.96532816,0.9693339,0.9595765,0.9655177,0.98759514,0.9563279,0.9654954,0.9713476,0.96334183,0.9660094,0.96598464,0.9679057,0.96228796,0.968496,0.95111495,0.9631711,0.95658946,0.9632894,0.9500515,0.96488965,0.95732814,0.95973915,0.9669083,0.96555924,0.9650705,0.98402816,0.9621994,0.95309436,0.95934325,0.9568939,0.95616454,0.962143,0.9580712,0.95881253,0.96185565,0.9863231,0.96267533,0.96490127,0.94128877,0.9654953,0.96307194,0.96408653,0.9565743,0.95947164,0.95423156,0.98402816,0.965291,0.963234,0.96643347,0.9576604
aftermovie,0.957682,0.95333153,0.9550084,0.95355123,0.9645185,0.952237,0.9646992,0.99999964,0.976705,0.9490413,0.9539386,0.9549045,0.9591093,0.9616203,0.96044385,0.96038955,0.96436596,0.96005577,0.95946497,0.9578328,0.95754665,0.954894,0.95761174,0.96425515,0.95036805,0.9233036,0.9537785,0.9573911,0.95299643,0.95511985,0.96277314,0.9543675,0.9530902,0.95054585,0.9516894,0.93637234,0.9640396,0.9538643,0.95915943,0.95090824,0.9574689,0.96104246,0.95636415,0.96228015,0.957281,0.9573796,0.9634384,0.95134586,0.9490824,0.9654673,0.9507506,0.9646918,0.9481885,0.95073575,0.96464664,0.95849454,0.95474243,0.9618578,0.95909286,0.955499,0.95524913,0.95362586,0.9514677,0.9621994,0.9523289,0.95085466,0.95510155,0.9610848,0.9558156,0.9449563,0.96259326,0.86893237,0.94827384,0.96052027,0.9485129,0.9426824,0.9347202,0.9484842,0.9478669,0.9566591,0.95683664,0.95833,0.956321,0.9546928,0.9519753,0.9562693,0.95228845,0.96275085,0.950359,0.96249306,0.9523757,0.96259326,0.9574588,0.95543045,0.9541082,0.9609232,0.9582434,0.9540113,0.9620915,0.95733106,0.95117605,0.9582663,0.9521657,0.95682055,0.9485813,0.95439726,0.95990735,0.9539973,0.9492456,0.94929826,0.9660224,0.8977244,0.96149755,0.93988705,0.9553815,0.9555047,0.96073425,0.9471159,0.9560217,0.96174085,0.9594296,0.96721596,0.9563334,0.95608354,0.9579103,0.9616912,0.96446174,0.9539567,0.96280885,0.94973207,0.9607935,0.9503686,0.9631972,0.9531141,0.9617957,0.9541976,0.9537811,0.958797,0.96351665,0.951733,0.976705,0.9518714,0.949167,0.9579887,0.95602787,0.95097756,0.9547169,0.9514171,0.9583391,0.9491,0.95601815,0.9597883,0.95452875,0.9295531,0.95820427,0.9532192,0.9653849,0.9601443,0.9697538,0.9594443,0.976705,0.9616708,0.9654006,0.95881325,0.9504606
ahiddenlifefilm,0.9786549,0.9757627,0.97726,0.97331256,0.98139715,0.9728086,0.98402816,0.976705,0.9999994,0.9726115,0.9766863,0.9715287,0.98043144,0.98171693,0.97963583,0.9801075,0.9811845,0.9801047,0.9766467,0.979429,0.9801158,0.98261476,0.9810474,0.98242694,0.9739713,0.93840796,0.9730162,0.9797622,0.97861636,0.97723204,0.97702557,0.97834253,0.9670666,0.97956544,0.9714012,0.9562331,0.98429257,0.9743686,0.98322064,0.97651887,0.9754828,0.9830057,0.96583396,0.9778903,0.97930413,0.9814487,0.9835572,0.9739703,0.9689791,0.98192096,0.9770303,0.9851096,0.9760177,0.97461516,0.97460157,0.9716183,0.97575116,0.9832623,0.97992176,0.9785534,0.9706996,0.9776136,0.9753594,0.97739244,0.97578096,0.979269,0.9801308,0.9819763,0.9768688,0.96515286,0.9811493,0.8772847,0.9717587,0.9792997,0.9736939,0.963914,0.961367,0.97398245,0.9752092,0.9749085,0.9788593,0.9781124,0.97613895,0.9737883,0.9785289,0.9721654,0.9771623,0.9831278,0.9732394,0.98038137,0.9757806,0.9811493,0.97385144,0.97533447,0.9808541,0.97746897,0.9822011,0.9783152,0.9803413,0.978626,0.9762955,0.9770284,0.9725944,0.97939986,0.97144425,0.9789763,0.9826149,0.9772417,0.9698847,0.97349685,0.9813332,0.92362285,0.98081434,0.9622487,0.9792546,0.97948444,0.9828152,0.9738837,0.9809126,0.9793505,0.9743264,0.9820156,0.98241884,0.9823695,0.9801907,0.98221546,0.98077494,0.97721976,0.9832418,0.9629938,0.9792087,0.97428393,0.9798002,0.9678332,0.98158413,0.97507584,0.97541237,0.98215914,0.9789368,0.9736612,0.9999994,0.9774422,0.97520334,0.97540367,0.9724167,0.9723064,0.9758074,0.9758138,0.97358435,0.9760284,0.9778886,0.97914505,0.9775281,0.9519266,0.9789524,0.9733022,0.97606164,0.97216505,0.97825843,0.9760022,0.9999994,0.977374,0.97959685,0.9796123,0.97468954
alitamovie,0.9485918,0.9536054,0.9522891,0.94571227,0.9676325,0.94723064,0.96202886,0.9490413,0.9726115,1.0,0.94969374,0.9463177,0.9541184,0.9576015,0.9544291,0.95379275,0.9566524,0.9672956,0.9510326,0.95062923,0.95087415,0.9547715,0.9565933,0.9569345,0.9378482,0.9111404,0.95365506,0.9535005,0.9525757,0.9586732,0.9505992,0.94715774,0.93750197,0.9550352,0.9464812,0.93753606,0.96186733,0.9507291,0.95700943,0.9476622,0.945092,0.95858645,0.9437105,0.95222944,0.95280236,0.9624699,0.95665324,0.94939095,0.94465315,0.95862776,0.9520823,0.95307267,0.9541438,0.9479524,0.9473382,0.96273804,0.9571868,0.9620615,0.9530384,0.95491886,0.9397565,0.9516762,0.95334405,0.9492371,0.9508337,0.94895834,0.9485166,0.9548739,0.95819837,0.946371,0.9575667,0.85738623,0.9548569,0.9570376,0.9439242,0.9462742,0.9321651,0.9445523,0.9478041,0.94682896,0.95394063,0.9509978,0.9509775,0.95344216,0.95337063,0.94208026,0.9524065,0.9582071,0.94674003,0.95672774,0.9467816,0.9575667,0.9463536,0.9458377,0.9540948,0.9530332,0.956287,0.9532916,0.95264304,0.95095867,0.9582129,0.9513292,0.9494712,0.9533223,0.9586603,0.9536371,0.9623274,0.9507381,0.94374025,0.94550294,0.95502555,0.9077145,0.95088464,0.9359744,0.952214,0.95242244,0.95482135,0.945652,0.9537167,0.9572226,0.94177276,0.95727986,0.96012187,0.9570864,0.9545147,0.9538736,0.9533478,0.95144504,0.9610171,0.94296086,0.9488399,0.9620751,0.94787836,0.93829226,0.96232957,0.95696086,0.94551545,0.94791263,0.95638,0.9591839,0.9726115,0.9499787,0.9594794,0.9512568,0.9516202,0.9427412,0.95464975,0.95344424,0.9478962,0.95565444,0.9568967,0.95798486,0.959038,0.93670166,0.94771254,0.94686306,0.95222723,0.9553682,0.95030326,0.94992644,0.9726115,0.9603607,0.9520696,0.9554232,0.94665164
angelhasfallen,0.9541526,0.95372844,0.95172817,0.96230066,0.9565485,0.9606056,0.9645668,0.9539386,0.9766863,0.94969374,1.0,0.9442669,0.9571168,0.95928353,0.95667684,0.95362955,0.95493394,0.9599086,0.9479806,0.96301776,0.9578826,0.9579139,0.9645476,0.95626634,0.94983935,0.9312322,0.9553473,0.9547447,0.9591746,0.9505758,0.95563567,0.9569779,0.94406813,0.95575815,0.9492974,0.9302402,0.96197003,0.9544153,0.9661046,0.95325017,0.9502344,0.9636295,0.9512191,0.96362823,0.9624225,0.9652697,0.96463567,0.9477923,0.9459736,0.9640794,0.95603704,0.9612211,0.95041776,0.9514833,0.958133,0.953195,0.9520001,0.95849425,0.9620872,0.9624954,0.9442199,0.960636,0.9465672,0.9523164,0.95808226,0.96593446,0.96146184,0.95603895,0.9712245,0.9405047,0.9614992,0.8608911,0.94641674,0.9518696,0.95916,0.9406574,0.937368,0.9409449,0.9520833,0.95196956,0.97077507,0.9543068,0.94871527,0.95538723,0.95471156,0.95426625,0.9639752,0.9637338,0.94679046,0.9553584,0.95063674,0.9614992,0.95832294,0.95339084,0.9553298,0.9687238,0.9660586,0.95934796,0.960003,0.9617234,0.9506675,0.957903,0.9503388,0.9611603,0.94916064,0.95777285,0.9595914,0.95618284,0.9423098,0.94782823,0.96713024,0.8983039,0.9540578,0.93829536,0.9592311,0.9638992,0.96436226,0.955297,0.96308017,0.9618402,0.9458289,0.95314384,0.96231574,0.96266085,0.95924777,0.9593922,0.9627271,0.95694387,0.96393675,0.9386547,0.9564622,0.95361125,0.9584839,0.9526456,0.9506269,0.94862366,0.9541309,0.95752233,0.959921,0.9548812,0.9766863,0.96128494,0.950297,0.94885296,0.9488495,0.9539237,0.9488009,0.95392764,0.9581337,0.95445323,0.959346,0.9633648,0.9606452,0.9259269,0.95720375,0.9499078,0.96541977,0.953196,0.95039123,0.9478906,0.9766863,0.9572322,0.95850855,0.9644214,0.95589876
angrybirdsmovie,0.95541424,0.9472715,0.9610599,0.9486271,0.9561623,0.95081323,0.94784355,0.9549045,0.9715287,0.9463177,0.9442669,0.99999976,0.94755304,0.9548476,0.9510644,0.9505327,0.9599692,0.9496247,0.94603705,0.95114374,0.9545885,0.9599875,0.9501768,0.9586988,0.94145066,0.91208285,0.9402483,0.95265573,0.95608085,0.9581964,0.9463472,0.95511067,0.9378732,0.9572974,0.93795073,0.9345661,0.9564812,0.94189614,0.9528403,0.95212525,0.9480306,0.9498547,0.9487933,0.9448841,0.9442364,0.9509884,0.95092124,0.9543516,0.9352504,0.9530392,0.9622884,0.9603393,0.94345516,0.95195633,0.94236225,0.93702596,0.9478692,0.9488522,0.9481543,0.94992226,0.94389415,0.94771963,0.9440867,0.9523111,0.948612,0.9432022,0.94688684,0.9512687,0.9461748,0.9401973,0.9547852,0.87807435,0.9493361,0.9485437,0.95200187,0.931589,0.94527227,0.9455654,0.94968003,0.94963175,0.9484037,0.95009196,0.95075953,0.9529468,0.9662888,0.941121,0.9476327,0.95550376,0.9477378,0.94779694,0.9501136,0.9547852,0.94503254,0.9533583,0.9672498,0.94968957,0.94796914,0.94865245,0.95336515,0.9517573,0.94608974,0.9475447,0.9555904,0.95597994,0.94778204,0.9645655,0.9555865,0.9538702,0.94659007,0.9506396,0.95461684,0.90838385,0.95192444,0.9362601,0.94542015,0.95675117,0.9601494,0.94900244,0.94939613,0.93844783,0.95220226,0.9581394,0.95607543,0.96494883,0.95169437,0.9607328,0.9580474,0.96218485,0.9470457,0.9474674,0.951689,0.9519229,0.9531488,0.9367454,0.95739686,0.94682395,0.94961613,0.9494017,0.961405,0.94071215,0.9715287,0.9553871,0.9480581,0.9560525,0.9554806,0.9482383,0.95466965,0.95039314,0.9528952,0.94930786,0.9449543,0.95428014,0.941085,0.9328634,0.9464276,0.94683266,0.9520843,0.9493269,0.95805955,0.9497352,0.9715287,0.9552289,0.948246,0.9504398,0.95467603
annabellemovie,0.96848494,0.95692927,0.95656043,0.9655086,0.9639849,0.9594137,0.96490484,0.9591093,0.98043144,0.9541184,0.9571168,0.94755304,1.0000005,0.9679402,0.96210927,0.9572847,0.9608161,0.96268386,0.96311444,0.96472424,0.9616499,0.96653265,0.9629538,0.96542656,0.9640794,0.92476124,0.9551209,0.96280706,0.95900977,0.963956,0.9579717,0.9643622,0.9533461,0.9580389,0.9584484,0.9305528,0.96732783,0.9752133,0.9618575,0.96186036,0.96402293,0.9672537,0.94542557,0.96068615,0.9594139,0.9643458,0.9656766,0.9521495,0.94909585,0.96339524,0.9589543,0.9671465,0.9665574,0.9608203,0.9635179,0.95748234,0.9590781,0.96523803,0.9670815,0.96413255,0.96445686,0.9654325,0.955711,0.97083753,0.9566936,0.9636272,0.95371187,0.96335113,0.9566379,0.947191,0.9707918,0.8645226,0.9521137,0.95774025,0.949198,0.94956124,0.9453981,0.9589347,0.9683811,0.9565816,0.9551075,0.968342,0.9682273,0.95102835,0.96647924,0.95768553,0.96362454,0.9808818,0.96267605,0.960434,0.9655381,0.9707918,0.9537591,0.95845354,0.96370816,0.9613835,0.9646748,0.962559,0.9618705,0.95475453,0.9604267,0.9635602,0.9569729,0.9685235,0.95088995,0.96068054,0.9648075,0.965162,0.95035994,0.9550762,0.96526825,0.9032452,0.963992,0.94645095,0.95811766,0.96670264,0.96943814,0.9496582,0.9605713,0.95984143,0.9665421,0.96313363,0.96179897,0.9614092,0.96305555,0.96147907,0.96764886,0.95631593,0.9630402,0.93441904,0.9652992,0.9612485,0.9645378,0.9514001,0.9597938,0.9631001,0.957219,0.9611784,0.9665226,0.95874274,0.98043144,0.96660316,0.9589268,0.9629982,0.9568944,0.9567183,0.95283085,0.96040106,0.966403,0.959915,0.95977783,0.96216446,0.9611939,0.93501973,0.96643084,0.9634551,0.96031076,0.9635004,0.9617608,0.95579624,0.98043144,0.9642274,0.97048056,0.96590656,0.9588711
annamovie,0.96693724,0.95839965,0.95898926,0.962514,0.9684702,0.95754546,0.9683981,0.9616203,0.98171693,0.9576015,0.95928353,0.9548476,0.9679402,0.99999964,0.96438646,0.96324766,0.9657496,0.96252006,0.9630907,0.96542186,0.9611307,0.9644101,0.96329796,0.9647182,0.9572865,0.92514,0.9607075,0.9586106,0.96227944,0.9641592,0.9612117,0.9614199,0.9492531,0.95975375,0.95920426,0.9367724,0.96981823,0.9646873,0.96332383,0.9594006,0.9632483,0.96897453,0.94900304,0.96358335,0.95711434,0.9585304,0.9649182,0.9567865,0.95029175,0.9679875,0.9594163,0.96523654,0.9592382,0.95656544,0.95731896,0.9618551,0.96077675,0.9707527,0.9627081,0.9561503,0.95866716,0.956565,0.9598002,0.9745217,0.952866,0.9616411,0.9613829,0.9651467,0.9578985,0.95786154,0.9589064,0.8579312,0.9551609,0.9579016,0.9559486,0.95218873,0.94699496,0.95531213,0.95579857,0.9609252,0.9604041,0.96549374,0.95850444,0.957099,0.96331286,0.9559745,0.9663827,0.96694756,0.95349777,0.95932263,0.956409,0.9589064,0.95454353,0.96303606,0.9690138,0.9701141,0.9646549,0.96014065,0.9659444,0.969152,0.95820016,0.96636134,0.95743495,0.9634055,0.96662325,0.9602267,0.9640151,0.96152365,0.9505212,0.95174766,0.96957624,0.9177209,0.9584314,0.9475327,0.954505,0.9613589,0.969771,0.94672984,0.9622967,0.96133715,0.9589943,0.9644622,0.9630305,0.9658147,0.96321595,0.96428573,0.96416974,0.9582547,0.96612924,0.95048064,0.96715623,0.9589692,0.96100676,0.94476354,0.9632604,0.9599128,0.9630671,0.96201295,0.9592046,0.9600526,0.98171693,0.9628469,0.95633715,0.96760935,0.9622184,0.954494,0.9583814,0.9680597,0.9609822,0.9597877,0.96447,0.96129525,0.9578956,0.94527954,0.962595,0.95344144,0.9546843,0.9489567,0.9651123,0.95465475,0.98171693,0.964439,0.96602756,0.9650215,0.9571007
apollo11movie,0.9640119,0.95840234,0.9579735,0.9523184,0.9565337,0.96419334,0.9721798,0.96044385,0.97963583,0.9544291,0.95667684,0.9510644,0.96210927,0.96438646,0.99999994,0.9650421,0.9651803,0.9577447,0.9596939,0.9802478,0.96259385,0.9675527,0.9643792,0.9670312,0.9583483,0.92294395,0.9595381,0.95841175,0.9627526,0.9648072,0.9614899,0.95973986,0.9516074,0.9618214,0.95434046,0.9407286,0.96362334,0.9611192,0.9650588,0.9617231,0.96264046,0.9642721,0.94974905,0.9609109,0.9606286,0.9634377,0.96994525,0.9565577,0.9434817,0.9635921,0.96150804,0.9606806,0.96416324,0.9531283,0.96764714,0.95180374,0.96169937,0.9636723,0.9619244,0.9583286,0.9611852,0.9582915,0.957359,0.9618596,0.94902754,0.9569788,0.96176624,0.96484464,0.9542955,0.9483596,0.9670428,0.8562663,0.9564984,0.9602841,0.95857,0.94425875,0.9412625,0.9555602,0.9590007,0.95896703,0.96292067,0.95806706,0.9582433,0.9636434,0.9545006,0.9626671,0.95913947,0.9649483,0.957761,0.96539503,0.9556738,0.9670428,0.9545444,0.9618803,0.962792,0.9755838,0.97491753,0.9632391,0.96540856,0.96334577,0.9556395,0.96434534,0.9620567,0.96040076,0.948028,0.9610796,0.966303,0.96163094,0.9545078,0.9515032,0.9710113,0.9184107,0.96041876,0.94318557,0.9625162,0.9659647,0.966691,0.9556864,0.9647002,0.96118855,0.9612535,0.96617526,0.9691746,0.9634747,0.96435994,0.9668605,0.9622866,0.96444523,0.9652508,0.9474476,0.96402484,0.9582869,0.9646344,0.9515475,0.95862114,0.9607968,0.96163595,0.9585646,0.9605956,0.9555829,0.97963583,0.95913666,0.9548534,0.96302795,0.9605513,0.94833696,0.9622719,0.95978856,0.9594831,0.9564744,0.96769464,0.9612185,0.9591966,0.9410517,0.9669532,0.9585751,0.96097696,0.9578752,0.95770407,0.9572148,0.97963583,0.9606469,0.9640387,0.9635057,0.95267326
arcticdogsmovie,0.9587188,0.9641721,0.9577201,0.95157945,0.9585885,0.95145726,0.9616172,0.96038955,0.9801075,0.95379275,0.95362955,0.9505327,0.9572847,0.96324766,0.9650421,1.0000002,0.9617927,0.9615838,0.9529108,0.96179783,0.9602445,0.9645289,0.9643044,0.9671563,0.95993227,0.914687,0.95220953,0.9583593,0.95758814,0.9604283,0.9582571,0.95819753,0.94916356,0.95812005,0.9514337,0.93983704,0.9655955,0.95593333,0.96518856,0.95689565,0.9594768,0.96597296,0.9456231,0.9607088,0.96051353,0.9657791,0.96730334,0.95648515,0.9538396,0.9648993,0.9585044,0.9691823,0.95717734,0.9556891,0.9542579,0.95224476,0.95457625,0.966745,0.9639255,0.95942116,0.95692146,0.95586705,0.9555973,0.9603651,0.9577598,0.95802116,0.96297365,0.9670055,0.95508313,0.94503593,0.9638445,0.8502624,0.953907,0.9592038,0.95504934,0.94469655,0.9323517,0.95456547,0.95307696,0.95415235,0.9574348,0.95895064,0.9593967,0.9540108,0.9558195,0.951971,0.9586044,0.95738024,0.9566113,0.9630286,0.9547216,0.9638445,0.9573244,0.95805377,0.9629316,0.9558812,0.9645756,0.9564589,0.96104354,0.95902157,0.9619656,0.95684296,0.9538308,0.96109,0.9604388,0.9615579,0.96301484,0.9700098,0.9632452,0.95210403,0.9655248,0.89808816,0.9649855,0.9376086,0.9607681,0.96098006,0.9644592,0.9627921,0.9606247,0.95574605,0.9585096,0.96456283,0.96169555,0.9615194,0.96250343,0.9696321,0.95516056,0.9683526,0.9626422,0.9416777,0.958599,0.9588812,0.95669514,0.95003825,0.9624257,0.9581001,0.9565332,0.965501,0.9607836,0.9560248,0.9801075,0.9568919,0.96009463,0.9623769,0.9553193,0.95267904,0.9585984,0.95699966,0.95866084,0.95575035,0.95553654,0.9611197,0.9589631,0.93348837,0.9623463,0.9558879,0.9617583,0.9525924,0.961636,0.959943,0.9801075,0.95324594,0.96499497,0.96104085,0.95516545
arcticmovie,0.96634036,0.9584356,0.96100414,0.94774157,0.96500987,0.954588,0.97260994,0.96436596,0.9811845,0.9566524,0.95493394,0.9599692,0.9608161,0.9657496,0.9651803,0.9617927,1.0000004,0.96349657,0.9640222,0.9578964,0.96374804,0.9653531,0.9589312,0.9676117,0.95794743,0.9172522,0.9580637,0.97114056,0.9597724,0.9569919,0.96105385,0.95931643,0.95686764,0.9628183,0.95533377,0.9395043,0.9664021,0.9534288,0.9608904,0.9610913,0.9601788,0.9651503,0.95429265,0.964826,0.9650461,0.9586645,0.9642691,0.9689706,0.9501917,0.96691036,0.96288574,0.96683025,0.95860463,0.9548834,0.9549186,0.95741886,0.96146697,0.9645995,0.96236336,0.96900845,0.95034975,0.95849156,0.9611858,0.957509,0.9550923,0.9600701,0.9602528,0.96575093,0.95636755,0.9415137,0.97086465,0.87944883,0.9532827,0.9643076,0.95054543,0.94572246,0.9482248,0.961759,0.9603046,0.9550178,0.95320606,0.96273285,0.95367736,0.9586351,0.9623731,0.96184903,0.957578,0.9646846,0.96071017,0.9645514,0.9548125,0.97086465,0.95468086,0.95882815,0.9650112,0.9570235,0.9666756,0.95723426,0.9632157,0.9550834,0.9557449,0.9641241,0.9594789,0.96224505,0.9547145,0.96627426,0.9665348,0.9565035,0.94797826,0.95778334,0.9618781,0.9054505,0.96636516,0.9429934,0.9593498,0.9685456,0.9686445,0.9474406,0.9562394,0.96261865,0.9537199,0.969921,0.9636956,0.9633733,0.96201426,0.9663763,0.9617136,0.9583858,0.96336573,0.95825064,0.96370137,0.954575,0.97835946,0.95975786,0.96653515,0.9557207,0.9609867,0.9630893,0.9665026,0.9565169,0.9811845,0.96010536,0.9505162,0.95726633,0.9523621,0.95282465,0.95893437,0.95496166,0.9518124,0.9576585,0.96232575,0.96726316,0.9583671,0.9446795,0.9654173,0.96335775,0.958473,0.9600658,0.96233696,0.9601354,0.9811845,0.9607613,0.9698128,0.9591294,0.9614904
artofracingmovie,0.9613752,0.9559033,0.9558511,0.9568762,0.97603935,0.9507304,0.9683612,0.96005577,0.9801047,0.9672956,0.9599086,0.9496247,0.96268386,0.96252006,0.9577447,0.9615838,0.96349657,1.0000002,0.9603091,0.9606563,0.9596817,0.96164656,0.95569956,0.9606098,0.9530388,0.9216176,0.95677567,0.9605072,0.9585386,0.9561193,0.9605921,0.95941246,0.94472265,0.95823836,0.9532132,0.9365174,0.9653521,0.959665,0.9615975,0.9571751,0.95313764,0.9658734,0.9470598,0.96401954,0.96453995,0.96398705,0.95990866,0.9536874,0.94945794,0.96573234,0.9571263,0.9634234,0.9540883,0.9587827,0.9599661,0.9694819,0.96606827,0.9630893,0.9617332,0.9606307,0.9522339,0.96182215,0.96095717,0.956722,0.95896965,0.9554237,0.9637999,0.96069896,0.9606983,0.9491006,0.96393627,0.86000764,0.95522,0.95655054,0.95366436,0.9500289,0.9384831,0.95877796,0.9577234,0.95573014,0.95937383,0.9619997,0.9591701,0.9525649,0.959993,0.9562556,0.9603232,0.9631635,0.9560584,0.96109295,0.9536495,0.96393627,0.957047,0.9578247,0.95934945,0.9544077,0.9659178,0.96095955,0.9615676,0.95382726,0.95791596,0.960341,0.95064926,0.96026045,0.9514091,0.96074265,0.972283,0.960578,0.9509453,0.9545543,0.9655048,0.9104774,0.95505387,0.9461241,0.95673823,0.9613315,0.9643058,0.95249736,0.95665467,0.9665458,0.96117425,0.96211416,0.96492743,0.9636401,0.9648344,0.95960855,0.95764023,0.95690674,0.9690322,0.9468669,0.95909566,0.9673115,0.9613043,0.9485386,0.96216476,0.9535867,0.9565446,0.9635427,0.9631738,0.9664893,0.9801047,0.9586634,0.9574937,0.9574407,0.96036977,0.9492305,0.95363367,0.9549065,0.9543219,0.95726806,0.960891,0.9589671,0.95881385,0.9292711,0.9557955,0.9563707,0.9525573,0.95691735,0.960617,0.95457166,0.9801047,0.96287835,0.9612873,0.9547345,0.95923626
avengers,0.97198975,0.9517209,0.9556015,0.95019037,0.96038264,0.948254,0.9666596,0.95946497,0.9766467,0.9510326,0.9479806,0.94603705,0.96311444,0.9630907,0.9596939,0.9529108,0.9640222,0.9603091,1.0000004,0.95954,0.9487029,0.9596442,0.95959604,0.95815367,0.95322293,0.9194591,0.95549816,0.95667434,0.95312756,0.9575493,0.97121215,0.95908606,0.9467299,0.95655644,0.95629036,0.93588346,0.9628715,0.95792997,0.96064216,0.9568937,0.95921606,0.95948976,0.943794,0.95749754,0.95903945,0.95548856,0.9629978,0.95932984,0.95184296,0.9585593,0.95148396,0.9657282,0.9549989,0.94473267,0.9505243,0.95356745,0.95769525,0.9616585,0.9599715,0.96044594,0.9529854,0.9583317,0.96051794,0.9607667,0.9510145,0.952908,0.9536244,0.9670331,0.9516748,0.94006294,0.96397406,0.8581892,0.9510845,0.9586734,0.95176244,0.9458138,0.93549454,0.94986916,0.94301444,0.9545416,0.956005,0.95587045,0.95556587,0.95109427,0.95626086,0.9525275,0.9578852,0.96357507,0.95806897,0.95921504,0.9539576,0.96397406,0.94013107,0.9530353,0.956388,0.95551896,0.9604545,0.9526292,0.957092,0.95680225,0.9568487,0.96302336,0.9499703,0.9545069,0.94456214,0.9522952,0.9631049,0.95487887,0.94431865,0.95581746,0.95868576,0.90184957,0.9627688,0.94320947,0.95624685,0.9557452,0.9606348,0.9489903,0.95949763,0.9604159,0.95125115,0.96792406,0.9565494,0.9512231,0.9590346,0.95927477,0.95567364,0.95588356,0.9590719,0.94804007,0.95292246,0.9508501,0.96107316,0.95266294,0.962388,0.95840615,0.9550609,0.959914,0.9639107,0.95784664,0.9766467,0.9558806,0.9539327,0.9514433,0.9555398,0.9545956,0.95161223,0.95393807,0.95075077,0.9511882,0.9569308,0.9595342,0.95762134,0.94542974,0.96250546,0.9624336,0.9532039,0.9532012,0.95858884,0.95461345,0.9766467,0.9596527,0.9588169,0.9597734,0.95332587
beachbummovie,0.96346116,0.95315605,0.9590942,0.9536253,0.95849955,0.962961,0.9676568,0.9578328,0.979429,0.95062923,0.96301776,0.95114374,0.96472424,0.96542186,0.9802478,0.96179783,0.9578964,0.9606563,0.95954,0.9999999,0.9572144,0.9704434,0.95910496,0.96384406,0.95941293,0.9240409,0.9549572,0.95993584,0.96187466,0.9635006,0.96003026,0.9597952,0.94591886,0.96080714,0.9540288,0.9292848,0.9624387,0.95817333,0.96742857,0.9561455,0.9587125,0.9576708,0.9454252,0.9549911,0.96454376,0.96744704,0.96186554,0.9521741,0.9451996,0.9561424,0.96166617,0.960787,0.9640646,0.9572863,0.9611186,0.95029545,0.96140814,0.96108556,0.96516496,0.95403796,0.9546985,0.9624394,0.9553844,0.9600857,0.94983155,0.95740956,0.9682418,0.9633626,0.9613978,0.9518674,0.9646139,0.86102414,0.9519936,0.9604207,0.95867634,0.9451351,0.9403649,0.9487685,0.95726866,0.95975953,0.96359354,0.95484906,0.9557889,0.9567504,0.96090513,0.961598,0.96331316,0.9678414,0.9561375,0.96466416,0.9581742,0.9646139,0.95116293,0.9570146,0.9587072,0.96806437,0.9719286,0.9743473,0.96605307,0.96214724,0.95273244,0.96997005,0.9553172,0.959513,0.9476161,0.9634171,0.96754,0.96106786,0.95546836,0.95173955,0.96656513,0.9105523,0.96527547,0.9436542,0.9610695,0.95986253,0.96377134,0.9575999,0.9675293,0.9598793,0.9589254,0.9663716,0.9683707,0.96496034,0.9631902,0.9677862,0.96469694,0.9616605,0.96355754,0.9397004,0.9609941,0.9534356,0.9635354,0.9488005,0.95669,0.962701,0.958508,0.95742553,0.9590832,0.9565986,0.979429,0.9620973,0.9555996,0.96447444,0.95521784,0.95175236,0.95476115,0.95850706,0.9586736,0.9586155,0.96460724,0.9602374,0.9553947,0.9373717,0.9659174,0.95749336,0.9617883,0.95036596,0.95531726,0.9607472,0.979429,0.9634602,0.9618323,0.96270776,0.95867366
bernadettefilm,0.9609007,0.959936,0.96362746,0.9585338,0.9562519,0.9592596,0.96546626,0.95754665,0.9801158,0.95087415,0.9578826,0.9545885,0.9616499,0.9611307,0.96259385,0.9602445,0.96374804,0.9596817,0.9487029,0.9572144,0.99999964,0.965826,0.9626318,0.9644756,0.9552296,0.92196846,0.9533115,0.96245515,0.9621212,0.95744276,0.9457664,0.9640889,0.94895566,0.9605741,0.9507289,0.94008166,0.9645114,0.958014,0.9642205,0.96218324,0.95995706,0.96171534,0.94814545,0.95668274,0.96391946,0.9587144,0.9667424,0.96498847,0.94927627,0.96137595,0.9601762,0.9673685,0.9578992,0.9571735,0.9564221,0.95639735,0.95988375,0.96376693,0.95874304,0.9574503,0.9513468,0.96027094,0.96151376,0.95535743,0.959386,0.95805717,0.9627448,0.96573204,0.95621705,0.9495713,0.96372974,0.8523698,0.95313394,0.962962,0.9534202,0.9514916,0.9484705,0.96123224,0.9590849,0.95828485,0.9619138,0.95990604,0.95887995,0.955056,0.95629543,0.94872814,0.95935607,0.9641285,0.95754516,0.9639822,0.9530968,0.96372974,0.9620542,0.9622876,0.9645638,0.9567706,0.96156824,0.9604935,0.96009743,0.9606459,0.95304227,0.9571577,0.96103716,0.96531516,0.95636314,0.9632843,0.9623261,0.95783883,0.9544432,0.95850337,0.9649511,0.91207147,0.96127534,0.94048274,0.9655704,0.9636082,0.96737915,0.9634303,0.962934,0.958601,0.95850146,0.9645396,0.96351707,0.96855175,0.9579651,0.9662788,0.95861113,0.9592094,0.9638712,0.9411355,0.96607083,0.95765156,0.9686489,0.9440901,0.95864,0.9520406,0.9652471,0.9655002,0.9585453,0.9548192,0.9801158,0.9577164,0.95386124,0.9561145,0.95562506,0.9541587,0.9605593,0.9536426,0.9526003,0.95871997,0.9585228,0.9637994,0.95663875,0.9270739,0.95943576,0.9538307,0.9554079,0.9544939,0.9608001,0.9580681,0.9801158,0.95337677,0.9632805,0.96039635,0.9546509
