movie,21bridgesmovie,47metersdown,abeautifuldaymovie,abominablemovie,adastramovie,adogsjourneymovie,aftermathmovie,aftermovie,ahiddenlifefilm,alitamovie,angelhasfallen,angrybirdsmovie,annabellemovie,annamovie,apollo11movie,arcticdogsmovie,arcticmovie,artofracingmovie,avengers,beachbummovie,bernadettefilm,blackandbluemovie,blackchristmas,blindedbythelightmovie,bombshellmovie,booksmart,breakthroughmovie,brianbanksmovie,brightburnmovie,brittanyrunsmov,captainmarvelofficial,captivestatemovie,catsmovie,charliesangels,childsplaymovie,clarathefilm,coldpursuitmovie,countdown,currentwarmovie,darkwatersmovie,detectivepikachumovie,disneyaladdin,disneyfrozen,disneymaleficent,doctorsleepmovie,dolemiteismyname,dontletgomovie,doramovie,downtonabbey_official,dumbo,escaperoom,everybodyknowsmovie,fastandfuriousmovie,fightingwmyfam,fivefeetapartfilm,fordvferrari,freaksthefilm,geminimanmovie,glassmovie,gloriabellmovie,godzillamovie,goldfinchmovie,goodboysmovie,goodliarmovie,gretafilm,halathemovie,happydeathdaymovie,harrietfilm,hellboymovie,hersmellmovie,highlifemovie,highstrungmovie,honeyboymovie,hotelmumbaifilm,httydragon,hustlemovie,hustlersmovie,isntitromantic,itmovieofficial,jayandsilentbob,johnwickmovie,jojorabbitmovie,jokermovie,judythefilm,jumanjimovie,justmercyfilm,knivesout,lalloronamovie,lastblackmansf,lastchristmasthemovie,latenightmovie,lighthousemovie,lionking,littlethemovie,littlewomenmovie,littlewoodsfilm,longshotmovie,lordsofchaosmovie,lucyintheskyfilm,mamovie2019,marriagestory,meettheaddams,meninblack,midsommarmovie,midwaymovie,missbalamovie,missinglinkfilm,motherlessbklyn,onceinhollywood,onthebasisofsex,overcomermovie,peanutbutterfalcon,petsematarymovie,piercingmovie,playingwithfire,playmobilthemovie,pomsmovie,queenandslim,rambomovie,readyornotfilm,richardjewellfilm,rocketmanmovie,scarystoriesmovie,secretlifeofpets,serenityfilm,shaftmovie,shazammovie,spidermanmovie,spiesindisguise,starwars,stormboymovie,stubermovie,taosdfilm,teenspiritmov,terminator,theaeronautsmov,thebestofenemies,thedeaddontdie,thefarewell,thehighwaymen,thehummingbirdprojectfilm,theintrudermovie,theirishmanfilm,thekitchenmovie,thelegomovie,themustangfilm,thenightingalefilm,theprodigymovie,thesunisalsoastar,theupsidefilm,tolkienmovie,toystory,triplefrontier,uglydolls,uncutgems,underthesilverlake,usmovie,wavesmovie,whatmenwant,wonderparkmovie,wrinklestheclown,xmenmovies,yardiefilm,yesterdaymovie,zombieland
21bridgesmovie,1.0,0.9463096,0.9514156,0.9494934,0.9554369,0.9528152,0.9545303,0.9547578,0.97397864,0.95028573,0.9461086,0.94171697,0.954087,0.95717627,0.94993365,0.9549154,0.9428113,0.94840145,0.9683258,0.93425184,0.9493834,0.9453898,0.95433426,0.95758593,0.95347005,0.92479646,0.9536634,0.9507758,0.9523704,0.94709843,0.9422676,0.9486127,0.9503487,0.95068556,0.9306487,0.93288994,0.94982094,0.9655586,0.9561197,0.9510684,0.96137035,0.95708734,0.9468713,0.95538145,0.9504363,0.9469431,0.9542332,0.9512517,0.95091164,0.9537532,0.9594053,0.9648662,0.944372,0.94762975,0.944473,0.9508963,0.949123,0.95744354,0.9489575,0.95785874,0.95103616,0.9558358,0.9388188,0.95499015,0.95625913,0.95668405,0.9430197,0.9536724,0.9427152,0.94105005,0.9581369,0.87878424,0.94440806,0.945385,0.9457503,0.9518795,0.94598174,0.95445627,0.9494884,0.9416805,0.94413126,0.94874877,0.96280354,0.94410217,0.95751226,0.9528797,0.95035005,0.9529293,0.9514253,0.9538285,0.959135,0.9581369,0.950076,0.9450058,0.95639193,0.94814605,0.953521,0.9497233,0.95526177,0.95603645,0.9491567,0.94609874,0.9416945,0.9552058,0.9534245,0.95991075,0.9559824,0.95301133,0.9481697,0.9451665,0.9610814,0.91312015,0.9550841,0.92689055,0.9533519,0.97069806,0.9896475,0.95392466,0.9602145,0.9532579,0.95971966,0.95275474,0.94870156,0.94600624,0.94394755,0.9453432,0.9523116,0.95553064,0.9459012,0.9437834,0.9420881,0.9476832,0.95183134,0.94466037,0.9508535,0.9485951,0.96856207,0.95504063,0.95422846,0.94840807,0.97397864,0.9472184,0.9472269,0.95146716,0.9487544,0.95640177,0.95042014,0.93826187,0.9553615,0.9624109,0.9488819,0.9468879,0.95314926,0.9654975,0.9587068,0.9541853,0.95123136,0.9503354,0.9510756,0.9527015,0.97397864,0.9434639,0.9507977,0.9549747,0.94597673
47metersdown,0.9463096,1.0000001,0.95489514,0.9453153,0.94546634,0.9472271,0.957749,0.950946,0.9697355,0.9529256,0.94380504,0.9504172,0.9470172,0.94995564,0.951908,0.96927464,0.9399357,0.94122446,0.94253796,0.94321364,0.948621,0.9468324,0.9515984,0.9504431,0.94328475,0.91525745,0.9446042,0.94131464,0.95521355,0.9474883,0.94304985,0.9493015,0.9494745,0.95065486,0.9368646,0.942973,0.94294214,0.9415367,0.94306874,0.9556635,0.9510732,0.95566934,0.95123726,0.95317423,0.95740443,0.95718545,0.9534977,0.9465701,0.9512354,0.9534952,0.95417917,0.95776594,0.9453843,0.94850594,0.94121355,0.94645923,0.94046545,0.9579308,0.9482366,0.94732463,0.949055,0.94221866,0.9470688,0.9432806,0.9509452,0.9434234,0.9392424,0.9530374,0.9418726,0.9330323,0.9528029,0.88471955,0.94293123,0.95194006,0.9399157,0.9342362,0.92930865,0.94679433,0.95233715,0.94257075,0.94467175,0.9509252,0.9485848,0.95408905,0.9509862,0.95321953,0.94314146,0.95035696,0.94748676,0.9559247,0.9452118,0.9528029,0.94530505,0.9498933,0.9502248,0.94777226,0.9464168,0.9430144,0.9513629,0.9456042,0.9538513,0.9464846,0.9441973,0.9502062,0.9509448,0.9523763,0.9555466,0.95268863,0.9398894,0.9530113,0.9532799,0.9134131,0.94841343,0.9331708,0.9539094,0.9442571,0.9527608,0.9436167,0.95193297,0.9532788,0.9516271,0.9523777,0.944978,0.94171506,0.94380987,0.9508527,0.94310397,0.9419045,0.93769366,0.940261,0.9462114,0.9377064,0.9438796,0.9393715,0.9440897,0.95086205,0.95268035,0.9505328,0.95087826,0.94545484,0.9697355,0.949859,0.9582418,0.9445246,0.9442832,0.94410336,0.9394263,0.9391786,0.9457903,0.9470321,0.9506031,0.9490739,0.93843716,0.9365206,0.95095855,0.95200384,0.9470059,0.94954324,0.9517119,0.94657373,0.9697355,0.9420003,0.9608261,0.95196736,0.94454396
abeautifuldaymovie,0.9514156,0.95489514,0.9999999,0.95673954,0.955455,0.9572914,0.96673214,0.9598205,0.97893757,0.954752,0.9548128,0.96343964,0.94659287,0.9567457,0.96056855,0.9622531,0.95673734,0.9523112,0.9594736,0.9502685,0.94608265,0.9685314,0.9607071,0.9575242,0.94421387,0.9203702,0.9572199,0.9575611,0.9707469,0.95624304,0.95891935,0.94775367,0.94629407,0.96264595,0.9403887,0.93867224,0.95977783,0.9517465,0.96131516,0.95859474,0.9590434,0.95737714,0.94705456,0.95648956,0.9613796,0.9609767,0.9613665,0.95749795,0.94888854,0.9577677,0.9720919,0.95777494,0.9564033,0.9591634,0.95074356,0.95514613,0.9530467,0.9578574,0.96123254,0.9624945,0.9514467,0.95379627,0.94819045,0.95121926,0.9543077,0.9549779,0.95288277,0.9538205,0.9498099,0.9472504,0.96636677,0.87426215,0.94822824,0.96107143,0.94822204,0.9493665,0.94016755,0.95204014,0.9594355,0.95827454,0.9529073,0.9542525,0.9632427,0.9622558,0.9631413,0.9608021,0.9480787,0.9608139,0.95998025,0.96415526,0.95696473,0.96636677,0.9435449,0.96025217,0.96962965,0.95704997,0.95012087,0.9596433,0.967126,0.9544208,0.9620634,0.9545486,0.9602126,0.9632745,0.9536244,0.9724447,0.96273834,0.96037996,0.9564597,0.95291173,0.9632765,0.91956645,0.9565442,0.9364256,0.9599947,0.9551411,0.9583677,0.9530979,0.95919025,0.9587092,0.9575649,0.9561222,0.96118194,0.95443016,0.95967543,0.95817614,0.9533636,0.96505725,0.948775,0.94570374,0.9503558,0.94227123,0.95745957,0.945255,0.9512895,0.9574092,0.96066076,0.9550777,0.9653767,0.9592624,0.97893757,0.96795034,0.9580404,0.9545528,0.94908774,0.95251,0.95023364,0.9487556,0.9581788,0.9484496,0.9624726,0.9719503,0.95142245,0.9447068,0.95910597,0.9575886,0.95374703,0.95565647,0.9535899,0.9506577,0.97893757,0.9475306,0.96312124,0.9573734,0.96853745
abominablemovie,0.9494934,0.9453153,0.95673954,1.0000002,0.9494873,0.95443046,0.95925486,0.9486891,0.9726172,0.95143193,0.9470885,0.9440849,0.9495241,0.956888,0.955525,0.95379287,0.9444011,0.94776934,0.9460278,0.94586146,0.9447971,0.95040005,0.9478968,0.95348,0.9478207,0.91220504,0.95141333,0.95660365,0.95442337,0.94741154,0.94483614,0.94422835,0.9485192,0.94513744,0.93663037,0.93225217,0.952598,0.9516272,0.9523403,0.9504726,0.9595299,0.95126426,0.943492,0.9527185,0.9497197,0.9485551,0.94498587,0.94877726,0.9519617,0.9512934,0.95711225,0.95200944,0.9463978,0.95187885,0.94777673,0.94917524,0.9467421,0.9574562,0.9653535,0.9544573,0.9519448,0.959123,0.9397294,0.9499897,0.940426,0.95677567,0.9340914,0.95157117,0.939155,0.94667774,0.95787984,0.86306727,0.9436257,0.958823,0.96345395,0.93947953,0.9327257,0.94583356,0.95658326,0.9488021,0.9410456,0.9580035,0.95694876,0.95861673,0.9471994,0.9462054,0.94791096,0.95346254,0.94233245,0.9548263,0.95143586,0.95787984,0.9429651,0.95207137,0.94974893,0.95731723,0.9422324,0.9484652,0.95655876,0.9556161,0.9478537,0.945086,0.94319427,0.9545061,0.9449345,0.95635,0.95464057,0.95088583,0.9418655,0.9398753,0.95810646,0.9038606,0.9539385,0.9303321,0.95657766,0.9408213,0.9586003,0.95293665,0.9525101,0.95461226,0.95162785,0.95044714,0.9527158,0.95136976,0.947876,0.9552679,0.9565986,0.94909185,0.9393763,0.93515605,0.9436311,0.9354665,0.9490498,0.9462027,0.9514633,0.9497572,0.9577009,0.9466342,0.953481,0.9541736,0.9726172,0.95340115,0.9475123,0.9499604,0.94271487,0.9410903,0.94701564,0.9489745,0.9519621,0.948178,0.9593816,0.9551162,0.95590895,0.94614,0.9463436,0.9525938,0.95164776,0.9473752,0.95410174,0.9555771,0.9726172,0.95291597,0.95633465,0.9522971,0.9537309
adastramovie,0.9554369,0.94546634,0.955455,0.9494873,0.9999999,0.94887555,0.9533347,0.94680166,0.9755495,0.9542213,0.9487252,0.9538211,0.9473658,0.9505129,0.9578329,0.9563333,0.94380003,0.9719099,0.9500691,0.9413386,0.9519134,0.95354825,0.9558602,0.95548135,0.9519876,0.9125853,0.9625775,0.94897926,0.95923847,0.9546057,0.950946,0.94444126,0.9491598,0.9493583,0.9325051,0.9418126,0.95592934,0.9500585,0.9544833,0.9537799,0.95812047,0.9465303,0.94103783,0.94427717,0.9492539,0.9544856,0.95780396,0.9494617,0.94883513,0.94464576,0.9623207,0.9599412,0.94762295,0.961197,0.9372505,0.9656321,0.9511322,0.95651203,0.95360976,0.9602943,0.946723,0.94884694,0.9347127,0.95563686,0.9465823,0.95514697,0.93945485,0.94403946,0.95129144,0.9379123,0.95879793,0.87909216,0.94517744,0.94873285,0.94395137,0.94215846,0.93589354,0.94649094,0.9549815,0.9512914,0.94603544,0.9437759,0.9531418,0.94890386,0.9461152,0.9557958,0.9459618,0.95520914,0.95242774,0.95812434,0.9537657,0.95879793,0.9438997,0.9502426,0.9537186,0.9504814,0.9569269,0.9412624,0.94561857,0.9508343,0.9574559,0.94908273,0.9486836,0.9571539,0.94529486,0.96088827,0.9585809,0.95697236,0.9417492,0.94220054,0.96184224,0.91788083,0.95081294,0.936046,0.95163083,0.9564168,0.96190256,0.9419109,0.96132475,0.95232373,0.95787334,0.94830656,0.95012623,0.94604284,0.9546241,0.9502285,0.9568606,0.94977975,0.956948,0.9402498,0.9534575,0.95669776,0.9502893,0.9473013,0.9474219,0.9533332,0.95593625,0.95107585,0.95010865,0.9518749,0.9755495,0.95362335,0.95074636,0.9520048,0.9443391,0.9540346,0.95641965,0.942192,0.9531669,0.94638205,0.9535265,0.9485718,0.9511685,0.94141936,0.9450748,0.95028996,0.95418125,0.95383984,0.94873726,0.9448354,0.9755495,0.95210624,0.9565649,0.9535557,0.9580796
adogsjourneymovie,0.9528152,0.9472271,0.9572914,0.95443046,0.94887555,0.99999994,0.9543146,0.9540026,0.97314674,0.9453506,0.9419046,0.9492568,0.9428621,0.955778,0.94653004,0.95304066,0.9481643,0.95239925,0.95109767,0.940753,0.94297427,0.95451015,0.96631724,0.95669866,0.94447064,0.9246945,0.9457071,0.94972736,0.95512134,0.95372087,0.94876504,0.9516508,0.94710946,0.9519186,0.9368583,0.9283275,0.95653814,0.94990677,0.9504319,0.9498081,0.95499486,0.9508997,0.9459943,0.9465894,0.95602554,0.95142865,0.96516323,0.9543391,0.94760996,0.94622254,0.95531875,0.95921654,0.9490009,0.9501924,0.9481248,0.94327116,0.9433862,0.9584813,0.9502762,0.9529693,0.9468863,0.9523034,0.9437266,0.947782,0.94649535,0.9529168,0.93369305,0.9485869,0.9414069,0.9344154,0.95589554,0.88057065,0.9378236,0.9459178,0.9503845,0.93851054,0.93852454,0.9517868,0.9531291,0.95026565,0.9427502,0.94758236,0.95351696,0.95692927,0.94418895,0.95007807,0.943238,0.9587771,0.9478231,0.95225,0.9514131,0.95589554,0.9485069,0.95215875,0.95351297,0.9456828,0.9458348,0.94903076,0.9557217,0.96193343,0.94829285,0.94899595,0.94156873,0.95432144,0.9478074,0.9576865,0.95441794,0.9486752,0.9454477,0.94001096,0.9551375,0.9189322,0.94717646,0.93593556,0.94351315,0.95510423,0.959494,0.9545741,0.95839685,0.95152146,0.9534692,0.953277,0.94934267,0.9707792,0.94431067,0.95514417,0.9651805,0.95387363,0.9443584,0.9473273,0.93538034,0.94081527,0.9445152,0.9403068,0.9469976,0.9539194,0.95207983,0.9438433,0.95280576,0.95427734,0.97314674,0.9502049,0.9458956,0.9466657,0.9393878,0.9498723,0.94171643,0.9461186,0.94829726,0.95125157,0.9516796,0.9501114,0.9524024,0.9459846,0.95550025,0.95890856,0.9621329,0.9458784,0.95162016,0.9479394,0.97314674,0.95314443,0.9512282,0.96467763,0.9503263
aftermathmovie,0.9545303,0.957749,0.96673214,0.95925486,0.9533347,0.9543146,1.0000002,0.9554176,0.98070294,0.9555652,0.95653796,0.9570775,0.9516633,0.9638115,0.96162796,0.9624058,0.9562148,0.95206165,0.9608374,0.9520883,0.9547547,0.9579615,0.96614176,0.9636927,0.9449636,0.92167246,0.9559763,0.9621664,0.9654627,0.9589602,0.9630271,0.9521146,0.95621455,0.95058674,0.93886316,0.9432361,0.95821524,0.9586271,0.9606574,0.95619047,0.9627138,0.9571382,0.9492405,0.9604569,0.9636863,0.9583182,0.96278566,0.9636233,0.9556022,0.95957524,0.963199,0.96258956,0.9522097,0.9566459,0.94722277,0.9547514,0.9570787,0.96215683,0.9670009,0.96514475,0.95068425,0.9568429,0.95040965,0.95527524,0.95466495,0.9569834,0.9518161,0.95189446,0.9561164,0.95219606,0.9689737,0.8772413,0.955264,0.96136034,0.95628613,0.9384576,0.9363417,0.95598036,0.9570209,0.9591885,0.9567309,0.9699713,0.9596141,0.9612165,0.9502631,0.9593356,0.94821197,0.96403354,0.9543147,0.96529424,0.9573053,0.9689737,0.9521197,0.961461,0.95715547,0.95621276,0.94966614,0.957187,0.976574,0.9658356,0.9582215,0.94707805,0.95417607,0.9613107,0.9592932,0.96148807,0.96115494,0.9585218,0.9499285,0.94906527,0.96274096,0.9189163,0.96221244,0.9368206,0.9617001,0.95212835,0.9605415,0.95344996,0.9672292,0.98539686,0.9605648,0.96574295,0.95703423,0.9509008,0.955009,0.9660676,0.9613877,0.95528245,0.95171005,0.94311184,0.94920266,0.94384265,0.958553,0.9530251,0.95789343,0.9590957,0.96778023,0.95222306,0.9641876,0.9587725,0.98070294,0.96127325,0.953056,0.95600337,0.95143944,0.95074713,0.9508145,0.9501905,0.96138495,0.95549536,0.9813059,0.96603096,0.95349854,0.9534587,0.9580574,0.9613922,0.96010995,0.964557,0.96169674,0.9562061,0.98070294,0.9515249,0.9679753,0.96505,0.9606757
aftermovie,0.9547578,0.950946,0.9598205,0.9486891,0.94680166,0.9540026,0.9554176,1.0000001,0.97722656,0.95439625,0.94829226,0.94894016,0.9539301,0.95980537,0.95302844,0.95957655,0.94810826,0.9421714,0.95063305,0.9508016,0.94871235,0.9505546,0.9585218,0.95907515,0.95262045,0.9299892,0.94751483,0.95255005,0.95670784,0.9569174,0.95576614,0.94870985,0.9532308,0.95716774,0.9455102,0.9510563,0.95792717,0.9570333,0.9544066,0.9550955,0.96034765,0.9525128,0.9472247,0.953108,0.9636671,0.9534385,0.95818454,0.9491348,0.948199,0.9539484,0.9563506,0.9629529,0.9542194,0.94952375,0.9592345,0.95096743,0.95348644,0.9593747,0.9571113,0.96065605,0.9516622,0.9471319,0.9475337,0.9510173,0.9535369,0.9575512,0.9503618,0.9524532,0.9563765,0.9534483,0.96344656,0.87345916,0.9513995,0.9527936,0.9463263,0.95769304,0.9426881,0.9682648,0.9546792,0.94744486,0.9508218,0.95324546,0.96069217,0.9524217,0.95828545,0.9535144,0.95270556,0.95946836,0.95444673,0.9595643,0.95975286,0.96344656,0.9450816,0.95625466,0.958338,0.9515847,0.95650065,0.9523196,0.9561901,0.95970654,0.95557487,0.946783,0.9544474,0.9578783,0.9501837,0.9592289,0.9614287,0.9582718,0.94650674,0.9488326,0.9634533,0.92881554,0.96224207,0.9401349,0.9557205,0.953716,0.9602143,0.9508931,0.9601763,0.9524687,0.96041405,0.9569185,0.9567999,0.9522069,0.9546106,0.9574496,0.9569732,0.9501144,0.94465727,0.93999267,0.94609684,0.95160514,0.9477316,0.9423566,0.9534062,0.9580921,0.9557836,0.9567937,0.96223396,0.9483966,0.97722656,0.9480729,0.95002025,0.9617265,0.9553428,0.9510267,0.94847614,0.94951636,0.95968443,0.9539563,0.9517521,0.9522786,0.9468299,0.9348793,0.9583801,0.95800704,0.9549127,0.9566156,0.97052634,0.9532915,0.97722656,0.95036966,0.9593401,0.9531615,0.9489038
ahiddenlifefilm,0.97397864,0.9697355,0.97893757,0.9726172,0.9755495,0.97314674,0.98070294,0.97722656,0.9999994,0.971219,0.97040844,0.97228825,0.97263557,0.9770784,0.9768932,0.97888076,0.9711882,0.9691488,0.9719065,0.965629,0.97227514,0.97681385,0.9794936,0.9814115,0.96938396,0.9405629,0.9733961,0.974647,0.9803907,0.97553915,0.97243917,0.9700679,0.9712044,0.9753161,0.96194607,0.96247786,0.97614276,0.9743361,0.97500896,0.9771757,0.98018724,0.97592247,0.968626,0.9739961,0.9758476,0.9764277,0.9795222,0.9743405,0.970985,0.9752942,0.9816735,0.98358846,0.96905506,0.9739115,0.9683537,0.9722263,0.9714722,0.9811421,0.9764893,0.98106897,0.9710594,0.9729907,0.9629971,0.9748855,0.9712012,0.9756217,0.9673867,0.97241133,0.9687463,0.9691859,0.9842127,0.89717305,0.9694064,0.9759779,0.9702501,0.963773,0.95776325,0.9734234,0.9739996,0.9703079,0.9690581,0.97223747,0.9797468,0.9737824,0.9741706,0.9742353,0.96788764,0.97974217,0.9736166,0.9803913,0.97480834,0.9842127,0.9709139,0.9761028,0.97826356,0.9724511,0.9685597,0.97196543,0.9778767,0.9772714,0.97618306,0.96674854,0.97310615,0.9795057,0.96930534,0.97973794,0.9772244,0.9779857,0.9692924,0.969144,0.9820628,0.9352791,0.97639376,0.9594886,0.97693443,0.97034734,0.9801982,0.97175646,0.979599,0.9768958,0.98157674,0.9764358,0.97555065,0.97186756,0.97339505,0.97973716,0.97630775,0.9715072,0.96967643,0.9667816,0.9682718,0.96633357,0.9716936,0.962973,0.9732993,0.9748921,0.97761226,0.9736298,0.98040086,0.97163105,0.9999994,0.97811735,0.9712976,0.97577965,0.9691562,0.97384125,0.9695363,0.97150266,0.9787775,0.9723862,0.9778151,0.97509795,0.9710962,0.9626599,0.97510916,0.97559345,0.97456706,0.97652304,0.97666126,0.97112894,0.9999994,0.96853256,0.9813826,0.97635263,0.9757799
alitamovie,0.95028573,0.9529256,0.954752,0.95143193,0.9542213,0.9453506,0.9555652,0.95439625,0.971219,0.99999994,0.94590545,0.95564896,0.9448274,0.9492507,0.9526148,0.95821816,0.9421334,0.95297664,0.9472264,0.93977445,0.94384116,0.9473765,0.9495144,0.95449066,0.938551,0.92196065,0.9529539,0.9467589,0.95121837,0.9519921,0.94961953,0.94455147,0.9474263,0.9464516,0.93275946,0.935919,0.9494557,0.94453955,0.9537447,0.9492515,0.94980556,0.9546214,0.9478583,0.95351654,0.9565679,0.95030814,0.948868,0.945196,0.9495657,0.95351094,0.95509714,0.95453805,0.94847864,0.9509766,0.9398806,0.9586622,0.9471089,0.95471674,0.9464732,0.9578179,0.94660157,0.9486374,0.9492092,0.9453746,0.9502683,0.9543958,0.9429149,0.94876623,0.944444,0.9374941,0.95972437,0.85724473,0.9484202,0.9513705,0.9429226,0.9471907,0.9256923,0.95189077,0.95220625,0.9469408,0.9420745,0.9523659,0.9535786,0.94541353,0.95393234,0.94527185,0.9421794,0.951121,0.94901365,0.95599824,0.94797605,0.95972437,0.9447699,0.9506091,0.95349824,0.9535794,0.9378015,0.9347039,0.9519434,0.95471334,0.9534815,0.9399313,0.95085025,0.9492082,0.9594927,0.9538732,0.95464796,0.95297456,0.9372117,0.94633585,0.9597833,0.9129667,0.94208556,0.93011475,0.9487131,0.94587153,0.95764565,0.9447659,0.9561973,0.95170146,0.9494141,0.9481979,0.9430293,0.9425298,0.9535196,0.95120496,0.95019335,0.94538707,0.9462787,0.94789565,0.94672126,0.94957215,0.9483352,0.9416721,0.9452281,0.94965076,0.95143396,0.9475451,0.95784706,0.94562244,0.971219,0.949873,0.95112234,0.95101386,0.9437227,0.94283104,0.9424638,0.9437645,0.95320386,0.94698346,0.9528876,0.9506058,0.9438291,0.9372911,0.9499294,0.95728177,0.9437366,0.9548124,0.94344705,0.94498396,0.971219,0.94765353,0.9515508,0.9511461,0.95087695
angelhasfallen,0.9461086,0.94380504,0.9548128,0.9470885,0.9487252,0.9419046,0.95653796,0.94829226,0.97040844,0.94590545,0.9999999,0.9461652,0.9446017,0.949238,0.95970285,0.9570495,0.94694704,0.9430213,0.94372886,0.9483707,0.9446896,0.9558871,0.9553322,0.95935315,0.9413966,0.91040164,0.9472971,0.951611,0.95558774,0.9517067,0.9491716,0.9472112,0.944242,0.94357324,0.9267594,0.93826914,0.9524934,0.9406233,0.9591297,0.95726895,0.9518018,0.9465719,0.94143045,0.9473492,0.95726466,0.9523103,0.9536046,0.9382998,0.94755614,0.9463173,0.95511883,0.95662606,0.9440597,0.94260013,0.9363432,0.9453396,0.94910693,0.9492147,0.95407456,0.95483583,0.9471941,0.9347928,0.94473743,0.95259297,0.9404312,0.95561606,0.9359214,0.95130235,0.95807904,0.94199926,0.95843434,0.87307036,0.9430419,0.9558569,0.9473608,0.93662035,0.9250215,0.9471875,0.9468769,0.9368011,0.96725184,0.937884,0.95192426,0.9460919,0.948639,0.9536086,0.94896156,0.95162827,0.94614124,0.95476735,0.9418404,0.95843434,0.9463213,0.9524906,0.9519423,0.9618109,0.95967233,0.94669485,0.9507926,0.95173365,0.9526,0.94147855,0.9470938,0.9511952,0.94783026,0.95016646,0.9471972,0.95265484,0.9446743,0.9437751,0.9534002,0.91417897,0.9465344,0.9295666,0.95129037,0.95203644,0.9537244,0.9385977,0.9532832,0.9521541,0.954069,0.9550107,0.9490347,0.9377184,0.94481736,0.9561734,0.9459372,0.9485184,0.9430948,0.9374174,0.9529647,0.9454067,0.9506824,0.93464905,0.94154906,0.9489785,0.9497154,0.93782276,0.95348144,0.9509823,0.97040844,0.9572435,0.94554615,0.9516002,0.93586975,0.94441766,0.93665373,0.94169235,0.9555462,0.94052917,0.9514694,0.9550806,0.949146,0.9322597,0.95339656,0.9414999,0.9500985,0.9493486,0.94647163,0.9335353,0.97040844,0.9370788,0.9567132,0.9460143,0.94932556
angrybirdsmovie,0.94171697,0.9504172,0.96343964,0.9440849,0.9538211,0.9492568,0.9570775,0.94894016,0.97228825,0.95564896,0.9461652,0.9999999,0.9470329,0.95026255,0.9595889,0.95704824,0.9461845,0.95138544,0.9459536,0.94686043,0.93958557,0.9605884,0.9533143,0.9508745,0.9370063,0.91319764,0.95065016,0.9437064,0.9625896,0.956062,0.9512517,0.94967484,0.9434015,0.9634142,0.9376414,0.93101674,0.957392,0.9450192,0.95560855,0.95129144,0.9507804,0.94710493,0.9488055,0.9474978,0.9486273,0.95728344,0.9560331,0.95918155,0.95213944,0.94950604,0.9685217,0.96191967,0.9475795,0.9579052,0.9334247,0.9509953,0.9463838,0.9474464,0.9501177,0.953671,0.9521054,0.94754356,0.95079315,0.95546234,0.94917077,0.9456181,0.944472,0.94791734,0.9562211,0.9388147,0.9560394,0.8758707,0.946028,0.95142686,0.94055796,0.93914133,0.9267759,0.9427811,0.95076245,0.9500151,0.9457934,0.9471778,0.9586729,0.9543599,0.95542544,0.9508458,0.945655,0.95720404,0.95245445,0.9542928,0.9484179,0.9560394,0.9484574,0.95197886,0.9679682,0.949671,0.951562,0.9490861,0.9540221,0.9465152,0.9555908,0.94395995,0.94976026,0.9494405,0.93964964,0.96612775,0.9573029,0.9533938,0.94734126,0.95221883,0.95625454,0.9091165,0.9452993,0.92919993,0.95554477,0.9468809,0.9503031,0.94819254,0.9536018,0.9537981,0.95297366,0.9502402,0.9465322,0.9472825,0.953922,0.95361406,0.9460772,0.9521079,0.94372004,0.94680285,0.9508427,0.9405648,0.95143694,0.93859184,0.9439158,0.94555676,0.95385003,0.950319,0.9610932,0.9482955,0.97228825,0.96333903,0.944815,0.95575494,0.95058054,0.9600719,0.943952,0.94452804,0.95775145,0.93648094,0.95620996,0.95128137,0.949314,0.9387762,0.9507907,0.95675224,0.94468296,0.9510445,0.9439962,0.94372326,0.97228825,0.9413776,0.950504,0.9498064,0.9607263
annabellemovie,0.954087,0.9470172,0.94659287,0.9495241,0.9473658,0.9428621,0.9516633,0.9539301,0.97263557,0.9448274,0.9446017,0.9470329,1.0000001,0.9506038,0.9496313,0.95817065,0.9470648,0.93407273,0.95188624,0.94215226,0.9536711,0.94303983,0.9548822,0.96028656,0.9478147,0.9242002,0.9433486,0.9445709,0.95506495,0.9486887,0.9461655,0.9510018,0.9543321,0.95614916,0.94041926,0.935413,0.95025706,0.96583736,0.9452688,0.9491454,0.96633244,0.94924766,0.94410956,0.9488866,0.94884264,0.9539257,0.95943534,0.95131993,0.9523811,0.9494698,0.95560074,0.9627991,0.9490894,0.9474996,0.956209,0.94775873,0.9519065,0.96045524,0.94616157,0.95813924,0.9663209,0.95186394,0.93772465,0.9604073,0.94230974,0.94868577,0.9446942,0.94998646,0.9492103,0.9355435,0.9621033,0.88306344,0.9513281,0.94818544,0.9459114,0.94167143,0.9374649,0.94670844,0.94460636,0.9391113,0.9536889,0.9546347,0.9652272,0.94755906,0.95452386,0.9456908,0.94399905,0.97396284,0.9533471,0.9475688,0.9500374,0.9621033,0.94924414,0.9486547,0.9491185,0.94633085,0.9418149,0.9391013,0.94845134,0.9498476,0.95183486,0.9400331,0.9484027,0.95415235,0.9421867,0.9549131,0.9534953,0.96106726,0.9497178,0.9449709,0.95112705,0.91429687,0.95950776,0.9342437,0.9575138,0.9432154,0.9579271,0.9506197,0.9581062,0.9500824,0.96477455,0.95963883,0.95312214,0.9442055,0.9487211,0.9513787,0.95451826,0.94371307,0.93755686,0.9409685,0.9470838,0.94496554,0.9426437,0.9343373,0.9557243,0.94868237,0.94795704,0.958376,0.9571717,0.94308734,0.97263557,0.94864744,0.9468981,0.9598343,0.9555546,0.9551636,0.93987805,0.9486543,0.96141195,0.95136654,0.94469035,0.94675535,0.94266164,0.93770003,0.9533674,0.95465153,0.95316464,0.95552796,0.9533806,0.95110184,0.97263557,0.9415277,0.958889,0.94914234,0.94745433
annamovie,0.95717627,0.94995564,0.9567457,0.956888,0.9505129,0.955778,0.9638115,0.95980537,0.9770784,0.9492507,0.949238,0.95026255,0.9506038,0.99999976,0.9578316,0.95822674,0.95356643,0.9419944,0.95072854,0.9537267,0.9465106,0.9558072,0.95596325,0.9594589,0.9536595,0.9301063,0.949173,0.9536409,0.9633029,0.9556168,0.95217055,0.9534023,0.953331,0.95599127,0.93472135,0.93960464,0.95925456,0.9479003,0.9556813,0.9516874,0.95943886,0.9592116,0.9474753,0.9562907,0.9613438,0.95584834,0.9539619,0.95819527,0.94700813,0.95633805,0.96259636,0.96169037,0.9425936,0.9565598,0.941996,0.95044774,0.9521568,0.9595608,0.95971334,0.9591078,0.94571316,0.9528983,0.94989425,0.9701112,0.9531474,0.9592984,0.94384825,0.9546237,0.9458811,0.95645654,0.96559876,0.8776993,0.9483543,0.9587217,0.9548661,0.94484997,0.9344271,0.95934635,0.95640206,0.95463216,0.9482467,0.9527633,0.9589578,0.95366395,0.95062965,0.9507027,0.9476124,0.95979756,0.9516401,0.9615917,0.9531855,0.96559876,0.95172924,0.9527181,0.9597373,0.95354444,0.95216596,0.9570116,0.9624855,0.96673936,0.95645565,0.9491022,0.95491344,0.9625472,0.96597207,0.9599765,0.95970196,0.95598537,0.9513087,0.94817406,0.9665552,0.9100678,0.95670766,0.93665373,0.95451266,0.95192397,0.9611643,0.9514156,0.9636801,0.96087587,0.9586239,0.9518542,0.9520315,0.9492466,0.9455211,0.9637828,0.9609773,0.94823885,0.9463386,0.9428175,0.9455489,0.9452529,0.9553492,0.9495788,0.95401317,0.9565423,0.9619785,0.9518736,0.96277714,0.95912445,0.9770784,0.9554936,0.9459418,0.95778155,0.9466143,0.95048094,0.94901365,0.9501777,0.9619557,0.9548137,0.9632251,0.95536333,0.95559925,0.95156527,0.95490277,0.96011525,0.95784634,0.9580709,0.9560304,0.95362425,0.9770784,0.9511047,0.96177614,0.9535162,0.9529219
apollo11movie,0.94993365,0.951908,0.96056855,0.955525,0.9578329,0.94653004,0.96162796,0.95302844,0.9768932,0.9526148,0.95970285,0.9595889,0.9496313,0.9578316,1.0,0.96364075,0.9572442,0.95040274,0.94967854,0.96951425,0.95248926,0.95998913,0.9614515,0.96095675,0.955419,0.92129153,0.95912176,0.9589525,0.96174383,0.9591556,0.95323414,0.9526468,0.9432981,0.9548987,0.94189036,0.9386727,0.961398,0.9477779,0.95599484,0.96417075,0.958324,0.95586133,0.9469103,0.9550524,0.95857584,0.9541396,0.96337074,0.95567787,0.9488263,0.95523864,0.9627001,0.9616686,0.95268834,0.9562688,0.94338167,0.95723087,0.95498496,0.9560054,0.9591798,0.96076035,0.9586666,0.95282537,0.95003206,0.9567107,0.9531932,0.9550585,0.9442524,0.9559054,0.9546011,0.95077527,0.96406245,0.87525934,0.95358974,0.9615179,0.9505722,0.93705654,0.93123984,0.95003635,0.9521207,0.95015717,0.9565269,0.94885427,0.959763,0.95979303,0.95017254,0.9519599,0.9462871,0.95565623,0.950818,0.95717555,0.9527057,0.96406245,0.95028645,0.95701176,0.9629344,0.9707437,0.9530722,0.95571494,0.95531034,0.950761,0.9609453,0.9496725,0.946611,0.96066266,0.94996464,0.9599481,0.9590264,0.9559097,0.95501983,0.9531739,0.9625298,0.9215649,0.94758123,0.9370956,0.9595058,0.9483229,0.9583376,0.9520323,0.96021247,0.9546929,0.95972013,0.9538584,0.95548487,0.9452138,0.95308286,0.96043426,0.95181376,0.9531252,0.9452651,0.94468385,0.9555934,0.94817114,0.9678678,0.9509972,0.9471172,0.959339,0.9633433,0.952627,0.9648277,0.957309,0.9768932,0.9621991,0.95122546,0.9535817,0.9507655,0.9532593,0.9490065,0.9528791,0.9571571,0.9482229,0.95971984,0.9547978,0.94948155,0.9381479,0.9544811,0.95608145,0.9537293,0.95467913,0.9519659,0.9433778,0.9768932,0.94706494,0.96477985,0.946816,0.9597837
arcticdogsmovie,0.9549154,0.96927464,0.9622531,0.95379287,0.9563333,0.95304066,0.9624058,0.95957655,0.97888076,0.95821816,0.9570495,0.95704824,0.95817065,0.95822674,0.96364075,1.0,0.9543323,0.9496828,0.9474273,0.94927806,0.95673734,0.9549671,0.9572153,0.96208894,0.9527509,0.9286725,0.9519006,0.95663667,0.9633065,0.9568904,0.9504017,0.95192647,0.9554733,0.9572183,0.9378479,0.94733214,0.9529632,0.95359015,0.9585835,0.9611247,0.9612258,0.95830554,0.9513012,0.95458734,0.9606557,0.9596405,0.95637816,0.9507977,0.95451,0.95514673,0.9620131,0.963417,0.963495,0.96038055,0.9469481,0.96166915,0.95388144,0.96156776,0.95913935,0.9580232,0.9534862,0.95037514,0.9478856,0.95433676,0.94965494,0.95420396,0.9451515,0.9524803,0.95266294,0.9525404,0.9626004,0.88155526,0.95633787,0.9605203,0.9465772,0.94478214,0.9396704,0.95273304,0.9546149,0.95002764,0.96133727,0.9516178,0.96076757,0.9570088,0.95777977,0.95653814,0.94815475,0.9678893,0.9530339,0.9591164,0.955341,0.9626004,0.9485769,0.9557101,0.9583753,0.95818573,0.9536627,0.9562132,0.957033,0.9589381,0.9623491,0.9498038,0.95255804,0.9617087,0.95373595,0.9627435,0.9603736,0.96574366,0.95121694,0.9545713,0.95909196,0.92168874,0.95536476,0.9413443,0.96304137,0.95344454,0.96393335,0.94936514,0.9631305,0.9633192,0.95781696,0.9574854,0.95241004,0.94556344,0.9544306,0.96073973,0.95793164,0.9510793,0.95027685,0.9431073,0.9577802,0.95325124,0.95413655,0.94781154,0.9539411,0.9571542,0.9651767,0.9584952,0.9616122,0.9589385,0.97888076,0.9589418,0.9599899,0.9586643,0.95343775,0.95073533,0.9477685,0.9498102,0.9613891,0.9552817,0.9616956,0.95599425,0.9535097,0.94532996,0.9541288,0.9580597,0.95380616,0.9545077,0.9602877,0.95195824,0.97888076,0.9440754,0.9644837,0.9554216,0.95296615
arcticmovie,0.9428113,0.9399357,0.95673734,0.9444011,0.94380003,0.9481643,0.9562148,0.94810826,0.9711882,0.9421334,0.94694704,0.9461845,0.9470648,0.95356643,0.9572442,0.9543323,0.9999989,0.9422737,0.94895816,0.946542,0.95135933,0.94518065,0.9558232,0.95902145,0.9348575,0.913974,0.95455796,0.9701941,0.9526293,0.9549905,0.9501336,0.9547486,0.939339,0.94762707,0.9320237,0.92903066,0.9524598,0.9409707,0.9491986,0.9513617,0.95479184,0.9518363,0.93588513,0.9467041,0.94895154,0.9447683,0.9554689,0.9541083,0.95008993,0.94906276,0.95211643,0.96262187,0.9449191,0.94427025,0.93937874,0.9460705,0.95429087,0.9552584,0.95789325,0.9554905,0.9426012,0.95357364,0.94320333,0.94907224,0.9539803,0.9511436,0.94799256,0.95327216,0.9507972,0.94168794,0.96319675,0.85895354,0.9409429,0.9580197,0.93533546,0.93714315,0.9281367,0.95027524,0.9492127,0.94665396,0.9433948,0.94361854,0.9518958,0.9455117,0.9400374,0.94428235,0.9376915,0.9613301,0.95097435,0.9533602,0.9579173,0.96319675,0.9477247,0.9538642,0.950961,0.95458627,0.9387975,0.9499333,0.95651495,0.9478658,0.94986534,0.9353053,0.94558555,0.9546224,0.9452732,0.9518104,0.9533349,0.94929266,0.95122176,0.95481724,0.9583572,0.8981648,0.9472197,0.9313016,0.9517449,0.93746525,0.9469087,0.950537,0.95854455,0.9504665,0.95680696,0.952321,0.9487846,0.9516495,0.9443368,0.96020436,0.9543741,0.94697505,0.9433071,0.9431886,0.94062686,0.9358114,0.98172134,0.94122756,0.952023,0.95290357,0.9514739,0.95340043,0.95901114,0.95103556,0.9711882,0.95575726,0.94443977,0.94976044,0.934707,0.9519896,0.94073576,0.9475496,0.9543803,0.94419,0.9538326,0.94844204,0.94432276,0.9354915,0.94551367,0.9505358,0.950874,0.94838154,0.9474716,0.9446302,0.9711882,0.9418383,0.95377314,0.95545065,0.9473295
artofracingmovie,0.94840145,0.94122446,0.9523112,0.94776934,0.9719099,0.95239925,0.95206165,0.9421714,0.9691488,0.95297664,0.9430213,0.95138544,0.93407273,0.9419944,0.95040274,0.9496828,0.9422737,1.0,0.9452274,0.934708,0.9515813,0.9513003,0.9516108,0.9507521,0.9435542,0.90812534,0.9535636,0.95342714,0.9498792,0.9520998,0.94365096,0.9383302,0.9479081,0.9413708,0.931435,0.93840414,0.9487925,0.9444296,0.9476091,0.95247066,0.95334667,0.9403047,0.9319886,0.9359713,0.9486281,0.952598,0.9509955,0.9471969,0.94312614,0.9360896,0.95499873,0.94896734,0.9493279,0.9548218,0.93665195,0.9620621,0.9414899,0.95013255,0.9491034,0.9494964,0.9372452,0.9448271,0.94019836,0.9432441,0.94379795,0.94265336,0.9287202,0.9397682,0.9375386,0.930833,0.95220464,0.8603076,0.94189394,0.9455031,0.93889946,0.9360873,0.9360442,0.94742477,0.946725,0.94166946,0.9412557,0.9428075,0.94452715,0.94318867,0.9410963,0.9446182,0.93599004,0.9470262,0.95066905,0.94926685,0.9411546,0.95220464,0.94418746,0.94712317,0.9455054,0.9448124,0.948576,0.9363136,0.9459387,0.952483,0.9516496,0.94478184,0.9421238,0.9506438,0.94619745,0.95596635,0.9479879,0.9485505,0.93110603,0.9375151,0.9526649,0.9100202,0.94206214,0.93426603,0.94551843,0.9466422,0.9542512,0.9421799,0.9533023,0.95154613,0.9484911,0.9490386,0.93805593,0.9452303,0.9477562,0.9503715,0.9486499,0.9473875,0.95599365,0.93379265,0.9510389,0.94625795,0.9483236,0.93808293,0.94184506,0.95312935,0.94993955,0.93847305,0.94643223,0.9592748,0.9691488,0.9485856,0.9539347,0.94337225,0.9376417,0.94350696,0.95159787,0.94193333,0.94214535,0.93799037,0.9447909,0.94038194,0.9521466,0.93841267,0.939113,0.94206005,0.9535438,0.9488721,0.94520235,0.9422909,0.9691488,0.94809264,0.95105207,0.94820297,0.9481845
avengers,0.9683258,0.94253796,0.9594736,0.9460278,0.9500691,0.95109767,0.9608374,0.95063305,0.9719065,0.9472264,0.94372886,0.9459536,0.95188624,0.95072854,0.94967854,0.9474273,0.94895816,0.9452274,0.9999995,0.9387225,0.9502161,0.9501039,0.953207,0.9607891,0.9456764,0.90633184,0.95098823,0.9469078,0.9572967,0.9512745,0.9713,0.9450885,0.9447286,0.9497345,0.9384746,0.9320469,0.9503946,0.95920676,0.954223,0.9476902,0.9559658,0.9500024,0.94301987,0.948849,0.95892584,0.94603235,0.956161,0.9519325,0.95395243,0.94738156,0.96080303,0.9629829,0.94015217,0.9480447,0.9448434,0.9416682,0.9494639,0.9550404,0.9492557,0.9602399,0.95339465,0.95509106,0.9373771,0.9452704,0.9499296,0.94755656,0.94972765,0.9535814,0.9413898,0.9378332,0.9585521,0.86861634,0.938285,0.94214714,0.9429293,0.94100773,0.9407686,0.9459847,0.9460923,0.9419568,0.938799,0.94441515,0.96191484,0.9469808,0.94879127,0.955946,0.9421138,0.9548789,0.95284134,0.95086527,0.95046234,0.9585521,0.9415422,0.9503594,0.9564555,0.9439942,0.9420912,0.94631094,0.9621561,0.9496565,0.94572234,0.9425601,0.94422203,0.9567334,0.95042187,0.9601794,0.9512475,0.9506776,0.9488789,0.9418306,0.9590634,0.9051909,0.95536345,0.9276085,0.95370317,0.94727916,0.958127,0.95164436,0.9561634,0.95673263,0.9586312,0.9528084,0.95048016,0.9460089,0.94622433,0.9527494,0.95808774,0.96420735,0.93955714,0.94648373,0.93979007,0.936331,0.95508164,0.9415179,0.94687104,0.9471904,0.96091443,0.9536605,0.95333415,0.94044,0.9719065,0.94782513,0.9440739,0.94735974,0.9404175,0.9550788,0.9491537,0.94231015,0.95147955,0.94841725,0.94852203,0.95083505,0.9447273,0.9475376,0.9592884,0.95073265,0.94683427,0.95110595,0.9524778,0.945019,0.9719065,0.94093895,0.95470315,0.9527144,0.95138717
beachbummovie,0.93425184,0.94321364,0.9502685,0.94586146,0.9413386,0.940753,0.9520883,0.9508016,0.965629,0.93977445,0.9483707,0.94686043,0.94215226,0.9537267,0.96951425,0.94927806,0.946542,0.934708,0.9387225,1.0000002,0.9434022,0.9536689,0.9516835,0.94429415,0.9407749,0.9109331,0.93828934,0.9452733,0.94632137,0.94790894,0.9492065,0.9383934,0.9403695,0.942745,0.9294146,0.92536974,0.95247036,0.93895054,0.9376809,0.9446724,0.94645756,0.94455034,0.9397284,0.9473938,0.95177966,0.9520828,0.9538804,0.9440017,0.933395,0.94460684,0.9449812,0.95019627,0.94906443,0.9436503,0.93770033,0.9416142,0.9426069,0.9473522,0.9506388,0.9457753,0.945226,0.9399052,0.9319355,0.94791853,0.9385924,0.9422255,0.93137187,0.9446341,0.952059,0.9509602,0.9539213,0.8616563,0.9364572,0.948635,0.9407566,0.9316831,0.91954017,0.95102966,0.94498473,0.9344356,0.9461301,0.94100916,0.9478035,0.9474883,0.9360414,0.94403,0.9385261,0.9505257,0.93730706,0.95366955,0.9391827,0.9539213,0.9345925,0.9462721,0.9491017,0.9530871,0.9437085,0.9597936,0.9397425,0.94915503,0.9474577,0.9444995,0.93732655,0.9479131,0.9454442,0.94655013,0.95265925,0.9451561,0.9380355,0.9383324,0.95343226,0.9140517,0.9457842,0.91803896,0.9487986,0.938277,0.9438972,0.93727136,0.95356464,0.9462945,0.9511912,0.9419248,0.94549733,0.93904334,0.9485314,0.95488626,0.94126165,0.9408368,0.9309664,0.9398286,0.94408184,0.93788064,0.9523045,0.9391296,0.94262123,0.9468203,0.9490175,0.9355695,0.9521185,0.95865417,0.965629,0.9486454,0.93509895,0.94734323,0.94376326,0.9490499,0.9373627,0.937114,0.94284093,0.93106705,0.94853157,0.9513057,0.93757254,0.929429,0.94492227,0.9457512,0.941322,0.9473741,0.94494665,0.9444678,0.965629,0.9424768,0.9557041,0.9398488,0.94798934
bernadettefilm,0.9493834,0.948621,0.94608265,0.9447971,0.9519134,0.94297427,0.9547547,0.94871235,0.97227514,0.94384116,0.9446896,0.93958557,0.9536711,0.9465106,0.95248926,0.95673734,0.95135933,0.9515813,0.9502161,0.9434022,1.0,0.94953054,0.9583439,0.9584152,0.9513834,0.921314,0.9482021,0.9522762,0.9516169,0.9515936,0.9450375,0.9419424,0.94986475,0.9459604,0.9458165,0.9438361,0.9497575,0.9520527,0.9425013,0.95926183,0.95121306,0.9534712,0.94434315,0.9516005,0.9513146,0.9505885,0.95946926,0.9454263,0.95127213,0.9503421,0.95331496,0.95659465,0.95310956,0.94877565,0.9456437,0.9529614,0.9454557,0.9537153,0.95304054,0.9505661,0.9466464,0.94869685,0.9377243,0.9363908,0.94431055,0.94928634,0.93332803,0.95244545,0.9396668,0.94250625,0.95425826,0.873509,0.9495187,0.9421274,0.950085,0.93260634,0.9329373,0.94877166,0.94929814,0.9432884,0.9400079,0.94590235,0.9461927,0.9478161,0.9481129,0.95401096,0.9438315,0.9595945,0.94924444,0.95031846,0.94899774,0.95425826,0.9520298,0.95468396,0.9514507,0.94412076,0.94387937,0.94722354,0.95379555,0.9537863,0.9464797,0.9396938,0.94973665,0.95557755,0.9428736,0.95041096,0.951281,0.9441769,0.9449176,0.93906164,0.9536963,0.9175728,0.95412284,0.938235,0.95814747,0.93924487,0.9515962,0.94893074,0.95576537,0.9538204,0.9547533,0.9573909,0.95058686,0.94390434,0.9504306,0.951432,0.9497381,0.94793737,0.93872684,0.944533,0.9680085,0.94257265,0.9541134,0.9516265,0.94854915,0.951178,0.94895095,0.9541791,0.9489203,0.94650483,0.97227514,0.94915175,0.9478719,0.94621783,0.9382919,0.947195,0.94338274,0.94948155,0.94556165,0.9505856,0.94865775,0.94155383,0.9443882,0.93729633,0.95096684,0.94217175,0.95543337,0.94464135,0.9530133,0.9423608,0.97227514,0.94623625,0.9562298,0.9553929,0.9504862
