movie,21bridgesmovie,47metersdown,abeautifuldaymovie,abominablemovie,adastramovie,adogsjourneymovie,aftermathmovie,aftermovie,ahiddenlifefilm,alitamovie,angelhasfallen,angrybirdsmovie,annabellemovie,annamovie,apollo11movie,arcticdogsmovie,arcticmovie,artofracingmovie,avengers,beachbummovie,bernadettefilm,blackandbluemovie,blackchristmas,blindedbythelightmovie,bombshellmovie,booksmart,breakthroughmovie,brianbanksmovie,brightburnmovie,brittanyrunsmov,captainmarvelofficial,captivestatemovie,catsmovie,charliesangels,childsplaymovie,clarathefilm,coldpursuitmovie,countdown,currentwarmovie,darkwatersmovie,detectivepikachumovie,disneyaladdin,disneyfrozen,disneymaleficent,doctorsleepmovie,dolemiteismyname,dontletgomovie,doramovie,downtonabbey_official,dumbo,escaperoom,everybodyknowsmovie,fastandfuriousmovie,fightingwmyfam,fivefeetapartfilm,fordvferrari,freaksthefilm,geminimanmovie,glassmovie,gloriabellmovie,godzillamovie,goldfinchmovie,goodboysmovie,goodliarmovie,gretafilm,halathemovie,happydeathdaymovie,harrietfilm,hellboymovie,hersmellmovie,highlifemovie,highstrungmovie,honeyboymovie,hotelmumbaifilm,httydragon,hustlemovie,hustlersmovie,isntitromantic,itmovieofficial,jayandsilentbob,johnwickmovie,jojorabbitmovie,jokermovie,judythefilm,jumanjimovie,justmercyfilm,knivesout,lalloronamovie,lastblackmansf,lastchristmasthemovie,latenightmovie,lighthousemovie,lionking,littlethemovie,littlewomenmovie,littlewoodsfilm,longshotmovie,lordsofchaosmovie,lucyintheskyfilm,mamovie2019,marriagestory,meettheaddams,meninblack,midsommarmovie,midwaymovie,missbalamovie,missinglinkfilm,motherlessbklyn,onceinhollywood,onthebasisofsex,overcomermovie,peanutbutterfalcon,petsematarymovie,piercingmovie,playingwithfire,playmobilthemovie,pomsmovie,queenandslim,rambomovie,readyornotfilm,richardjewellfilm,rocketmanmovie,scarystoriesmovie,secretlifeofpets,serenityfilm,shaftmovie,shazammovie,spidermanmovie,spiesindisguise,starwars,stormboymovie,stubermovie,taosdfilm,teenspiritmov,terminator,theaeronautsmov,thebestofenemies,thedeaddontdie,thefarewell,thehighwaymen,thehummingbirdprojectfilm,theintrudermovie,theirishmanfilm,thekitchenmovie,thelegomovie,themustangfilm,thenightingalefilm,theprodigymovie,thesunisalsoastar,theupsidefilm,tolkienmovie,toystory,triplefrontier,uglydolls,uncutgems,underthesilverlake,usmovie,wavesmovie,whatmenwant,wonderparkmovie,wrinklestheclown,xmenmovies,yardiefilm,yesterdaymovie,zombieland
21bridgesmovie,1.0,0.956166,0.95986044,0.94574976,0.95888275,0.9572538,0.9657488,0.96097636,0.9789315,0.95272624,0.9621661,0.94784814,0.96668124,0.96419674,0.96493137,0.9672867,0.9528604,0.9613738,0.9755078,0.95053124,0.96217334,0.95947313,0.9578385,0.96189266,0.95422375,0.8732093,0.9578705,0.95983905,0.9677721,0.9561491,0.9544192,0.96179533,0.96748424,0.9549417,0.9456654,0.92327744,0.9642925,0.9718059,0.97108275,0.9623773,0.9648106,0.95304567,0.95518523,0.95460457,0.9645076,0.95861834,0.9539299,0.9599405,0.9567605,0.95528805,0.96235067,0.97284,0.95201004,0.9650269,0.9599765,0.9618049,0.9521493,0.9589731,0.95544124,0.9515218,0.9566574,0.9528032,0.95937955,0.96777517,0.95854247,0.95328593,0.95854694,0.96475494,0.94402254,0.9421201,0.9653084,0.74656355,0.95008916,0.9613249,0.94122213,0.94402134,0.9271173,0.9612658,0.9603835,0.96086746,0.9566391,0.959517,0.96988475,0.9540442,0.9600388,0.96115744,0.9584428,0.962336,0.95626795,0.96048653,0.9562128,0.9653084,0.9402513,0.9586243,0.95641196,0.9564146,0.9613937,0.95533115,0.9664814,0.95153224,0.9580886,0.9565687,0.94862473,0.9655779,0.9532501,0.96281695,0.964165,0.9616024,0.9550738,0.96304286,0.9694062,0.85396445,0.96143615,0.92548436,0.95659477,0.9736093,0.9896478,0.9457818,0.96120596,0.96861845,0.96300197,0.9547823,0.9579987,0.9475718,0.957684,0.96132004,0.95931745,0.96780115,0.9676908,0.9319772,0.957916,0.96115947,0.94872284,0.9338439,0.9633664,0.9551091,0.9658718,0.95910645,0.96202433,0.9465307,0.9789315,0.9606939,0.9548897,0.9559617,0.9616864,0.96744955,0.94886285,0.95457935,0.96725714,0.96683246,0.9593879,0.95745623,0.95153695,0.9518517,0.9513814,0.96085596,0.957631,0.96221256,0.96035564,0.9507105,0.9789315,0.9650081,0.96742165,0.96411186,0.95623696
47metersdown,0.956166,0.9999997,0.9578815,0.9545021,0.9513443,0.9522366,0.96602046,0.9534586,0.972628,0.9460916,0.9568733,0.94625324,0.96015865,0.96061796,0.96525645,0.95715934,0.9481781,0.95438135,0.94882834,0.95957583,0.9578058,0.9600852,0.95141226,0.9449419,0.9502863,0.8826322,0.94895166,0.95433784,0.95714414,0.94954824,0.9496098,0.94098186,0.9450779,0.94988817,0.9469781,0.91823494,0.9579117,0.96443,0.9676649,0.95182353,0.94357944,0.9544746,0.9490607,0.9524685,0.95640504,0.955439,0.9498651,0.9560354,0.9466994,0.9541757,0.9552973,0.96027744,0.9419239,0.94778085,0.9490438,0.94929355,0.95272446,0.96283,0.9541831,0.9590781,0.9527065,0.95813054,0.9485379,0.952322,0.9410069,0.95065147,0.9519918,0.95759946,0.9383685,0.94845337,0.9686088,0.7473924,0.9522907,0.955841,0.94842446,0.957818,0.9206475,0.94800264,0.95974207,0.95498645,0.95195943,0.9538434,0.95962596,0.9508683,0.95016193,0.95484924,0.9542428,0.9520045,0.958531,0.9491908,0.9470368,0.9686088,0.9444279,0.95029914,0.9483221,0.9610064,0.9551927,0.9519217,0.96037906,0.94160146,0.94765705,0.94978803,0.9447263,0.9575279,0.9679566,0.95355994,0.9650208,0.9449107,0.9523174,0.9505631,0.96377677,0.8454773,0.9581923,0.92098963,0.9525001,0.9545632,0.96194696,0.9463518,0.9591153,0.9694796,0.9435102,0.9485557,0.9443255,0.9453144,0.955622,0.9489097,0.95784694,0.9575592,0.9557895,0.93212146,0.96290344,0.9489929,0.95291215,0.9306302,0.9644479,0.9521932,0.9532104,0.94502646,0.9653546,0.95957434,0.972628,0.9544375,0.9408437,0.93606573,0.9495328,0.95716655,0.9442597,0.945531,0.9539041,0.95102197,0.9620587,0.95299715,0.9536759,0.93771905,0.9488486,0.9620761,0.947311,0.96023875,0.95580006,0.95000756,0.972628,0.9495122,0.9573428,0.95477766,0.96059066
abeautifuldaymovie,0.95986044,0.9578815,0.9999997,0.9508736,0.9564475,0.95229846,0.9659536,0.9642229,0.97532535,0.9453,0.9584928,0.9591663,0.95912457,0.9633431,0.96709335,0.96160764,0.952649,0.9476707,0.95693845,0.9572574,0.95162207,0.96676385,0.96054655,0.94516754,0.9514779,0.87899613,0.94681513,0.9590182,0.97592634,0.95973253,0.9506727,0.94365436,0.9478783,0.9550424,0.9480623,0.9147837,0.9642376,0.9642528,0.964212,0.9479646,0.9521445,0.9556334,0.94843054,0.9507512,0.9565561,0.9581045,0.9612758,0.95705485,0.9519115,0.9555031,0.97679377,0.960996,0.9453295,0.9586164,0.9587353,0.9547302,0.94847685,0.95600235,0.9501785,0.96328795,0.9493719,0.9574422,0.9477598,0.95780396,0.94875926,0.9469931,0.9461566,0.9571979,0.94242185,0.93602747,0.9670735,0.7337083,0.95282936,0.95553285,0.94335616,0.9415884,0.9096705,0.9584809,0.95754284,0.94597226,0.9554747,0.95562494,0.95683914,0.95118165,0.9676132,0.9527501,0.9548159,0.95806754,0.958857,0.9591771,0.9498216,0.9670735,0.930149,0.9492294,0.9706071,0.9670947,0.9535669,0.9588412,0.95866543,0.9536953,0.95975244,0.94923794,0.9582267,0.96009827,0.9547447,0.97447217,0.969431,0.95616996,0.96152246,0.95844907,0.96290064,0.84471786,0.96148336,0.9191679,0.9460043,0.9531708,0.9657558,0.9514552,0.9565228,0.9640359,0.9496704,0.95202386,0.95542043,0.942693,0.95383155,0.9515736,0.9568081,0.9686906,0.95072186,0.9215575,0.9513963,0.9534095,0.95501554,0.9353961,0.9567799,0.96326697,0.9525615,0.9484654,0.9648502,0.9425316,0.97532535,0.9681672,0.9561651,0.9519117,0.95010364,0.9583433,0.943805,0.9463255,0.9577043,0.9581224,0.9608359,0.9695746,0.9505213,0.9419952,0.94928294,0.9568369,0.9496482,0.96091557,0.95466846,0.9472921,0.97532535,0.946081,0.9562063,0.9625548,0.9690384
abominablemovie,0.94574976,0.9545021,0.9508736,0.9999998,0.9526584,0.95545816,0.959109,0.9518917,0.97176975,0.9395701,0.954553,0.9500669,0.9674425,0.9566927,0.9506656,0.95594585,0.95379484,0.9475325,0.9467801,0.9375722,0.9427511,0.9580455,0.95300937,0.95231557,0.95276546,0.88536674,0.9452388,0.9567971,0.9625005,0.9542516,0.9498712,0.9380845,0.9507797,0.9480198,0.94702905,0.90676874,0.9551545,0.95895123,0.9565541,0.9385926,0.9476108,0.9614614,0.9562067,0.95817953,0.94979286,0.9510107,0.94839793,0.94784313,0.9365334,0.9607018,0.9560194,0.9577257,0.9471483,0.94969475,0.9506988,0.9497197,0.95070356,0.95377284,0.9656906,0.9524183,0.94703656,0.9657618,0.9492848,0.9522662,0.94754887,0.95133144,0.958668,0.96110296,0.93457353,0.94191897,0.9590154,0.7336821,0.9488452,0.9563811,0.95588213,0.9376134,0.9209742,0.9590927,0.9578412,0.94147927,0.9604061,0.9637496,0.96028024,0.9551375,0.9616011,0.9466276,0.9613983,0.9552964,0.9439423,0.9440913,0.9539325,0.9590154,0.94816774,0.94367975,0.95520556,0.95578414,0.9570504,0.94454664,0.95004666,0.9504554,0.94232833,0.94750494,0.942225,0.95262575,0.9488175,0.9538743,0.9585837,0.9495524,0.9550124,0.95417935,0.95832753,0.85225296,0.95825636,0.9062575,0.9451676,0.9521262,0.95312107,0.95057344,0.9539291,0.9601721,0.9539948,0.9489425,0.9544553,0.9380957,0.9428584,0.953433,0.9606721,0.9601219,0.9569201,0.9399313,0.94833916,0.9482974,0.9544404,0.93751615,0.95690864,0.95194995,0.9458943,0.9537611,0.9617415,0.9467423,0.97176975,0.9566882,0.9459831,0.94161254,0.946708,0.95356625,0.9451637,0.94486713,0.95282704,0.9542808,0.954918,0.95801586,0.94629097,0.92861605,0.93538165,0.9519514,0.9497631,0.9560384,0.94958127,0.9480524,0.97176975,0.9402704,0.95981777,0.9508382,0.95780826
adastramovie,0.95888275,0.9513443,0.9564475,0.9526584,0.99999994,0.9517464,0.96472037,0.96437514,0.98218197,0.967324,0.960331,0.9484949,0.97289544,0.96786433,0.9677079,0.95569,0.96588707,0.9772022,0.95982146,0.95673186,0.9588235,0.96326756,0.95812064,0.95470923,0.96347374,0.8702793,0.9682866,0.9646067,0.9616457,0.9615134,0.9480962,0.9455863,0.9506827,0.95418507,0.9441247,0.9283713,0.9673394,0.9615377,0.96501696,0.9499746,0.95444095,0.960124,0.95743513,0.953786,0.96765786,0.9586805,0.9597024,0.96159035,0.950493,0.95864344,0.95883876,0.96619284,0.95434064,0.9490185,0.95815426,0.9702508,0.9635905,0.965856,0.9537707,0.9583443,0.9536887,0.9654714,0.9595459,0.9570608,0.94958717,0.95814353,0.95751923,0.965386,0.95590574,0.9552941,0.9641272,0.7270928,0.95925754,0.9630864,0.95030826,0.941574,0.92706263,0.9595476,0.96190083,0.954175,0.9702667,0.95689064,0.96125007,0.9513044,0.95738524,0.9563576,0.9619363,0.9726036,0.9529071,0.9598974,0.95982105,0.9641272,0.946372,0.9614712,0.95984554,0.9599609,0.963944,0.960069,0.95706093,0.9558725,0.9571523,0.95654416,0.9413295,0.9597681,0.9604511,0.95660144,0.96630925,0.953294,0.95608175,0.9552506,0.9667899,0.8433986,0.96663624,0.9277234,0.9544903,0.95546764,0.9636247,0.95959026,0.96875167,0.9633982,0.9624018,0.9528147,0.95789075,0.94638026,0.9497092,0.9669888,0.967862,0.9641598,0.9692907,0.9412046,0.95944524,0.9656247,0.9573512,0.9304899,0.9704848,0.9611381,0.95881873,0.9575835,0.9661143,0.9578497,0.98218197,0.95722944,0.95892805,0.9480336,0.9580436,0.96594155,0.9524901,0.94205415,0.9576182,0.9610868,0.9580661,0.9613929,0.9580912,0.94897723,0.9513559,0.957287,0.9507026,0.9622076,0.9572466,0.95782393,0.98218197,0.9575418,0.96386284,0.9597594,0.96141154
adogsjourneymovie,0.9572538,0.9522366,0.95229846,0.95545816,0.9517464,0.99999976,0.9581229,0.95975304,0.9734331,0.9464037,0.95206594,0.9546835,0.9529739,0.95884854,0.95517063,0.9648999,0.9504186,0.95306486,0.9489666,0.9532084,0.9511957,0.95798236,0.9684623,0.9582315,0.95340097,0.88590515,0.94516945,0.9513887,0.9588047,0.95648575,0.9416619,0.9390694,0.9591697,0.9511076,0.9425932,0.91409165,0.95530415,0.95974445,0.9590236,0.95290846,0.9437011,0.955761,0.9577875,0.9581383,0.9457467,0.9578463,0.96378326,0.9534364,0.9419183,0.9595736,0.9575572,0.96061635,0.9607105,0.94845283,0.94731146,0.9478779,0.9458311,0.95278496,0.9505859,0.9553212,0.94702095,0.9537758,0.9433889,0.95954734,0.9432779,0.9466242,0.9507484,0.95801955,0.92972976,0.9440459,0.95933896,0.7330971,0.9410843,0.9586089,0.94293374,0.94397706,0.9242672,0.95482016,0.94422966,0.9429909,0.9540664,0.95133793,0.96464145,0.951251,0.96235234,0.95136195,0.9527089,0.9499028,0.94876057,0.95093393,0.9602009,0.95933896,0.94445074,0.9414061,0.95493966,0.9611302,0.95327914,0.9491645,0.9577455,0.9538874,0.950766,0.95566285,0.94985497,0.95754117,0.956425,0.9518405,0.9526535,0.95940346,0.95871836,0.9509837,0.96092653,0.8566985,0.9555045,0.9010505,0.94749504,0.9512073,0.9631332,0.9512954,0.95083684,0.96097887,0.9549105,0.9483817,0.94292134,0.9638616,0.94718826,0.94777846,0.9574336,0.9605197,0.9591998,0.9360986,0.9538991,0.9473876,0.95465964,0.9375979,0.9553794,0.9554499,0.95332974,0.95466894,0.9577806,0.94933987,0.9734331,0.9514968,0.9519518,0.95040554,0.9459441,0.9533241,0.94227445,0.94825244,0.9609973,0.9547313,0.9529299,0.9558911,0.9483408,0.9397978,0.94496226,0.9540623,0.9628536,0.95101,0.94728255,0.9423422,0.9734331,0.94172233,0.9626918,0.9654795,0.95586383
aftermathmovie,0.9657488,0.96602046,0.9659536,0.959109,0.96472037,0.9581229,1.0000006,0.96307045,0.9829973,0.9470548,0.9618019,0.954774,0.9673203,0.97252727,0.9680628,0.96676177,0.9573172,0.9587908,0.96383727,0.95525956,0.9664307,0.9670357,0.96452254,0.96235925,0.9655487,0.8778107,0.9508058,0.96503663,0.966993,0.96159875,0.9588025,0.9555166,0.9601878,0.96155304,0.95503116,0.9301136,0.9690952,0.9708228,0.9725509,0.9559099,0.95708305,0.96108603,0.9551968,0.9576425,0.9629519,0.9610633,0.96050787,0.96372193,0.95658004,0.9621281,0.9668004,0.9686038,0.9574258,0.96379,0.96214646,0.9565515,0.9599057,0.9667844,0.9589224,0.95869786,0.96081275,0.96376604,0.9646225,0.9642651,0.9515924,0.9595632,0.9651737,0.9684939,0.93702555,0.95567447,0.9664629,0.76246554,0.95363015,0.95981574,0.9586804,0.95083815,0.92833793,0.9619353,0.9682208,0.9607178,0.95655644,0.9766793,0.96605253,0.9642771,0.96198565,0.96350396,0.9567856,0.96416867,0.9619671,0.96038514,0.9626054,0.9664629,0.9547037,0.9545653,0.9625118,0.96479684,0.9685169,0.95440215,0.9791825,0.95735055,0.9615531,0.9574382,0.94945467,0.96423095,0.959996,0.9667664,0.96583503,0.95767057,0.95908093,0.9640334,0.97355765,0.8606248,0.9655214,0.9289441,0.96116346,0.9619601,0.97207487,0.96314204,0.96116,0.9921169,0.9573986,0.9609233,0.9563062,0.95170146,0.95405924,0.95953435,0.9702158,0.9725296,0.95877784,0.9445574,0.9693563,0.95440906,0.9553413,0.94651276,0.96851295,0.9663388,0.9577831,0.96092665,0.96690947,0.95721835,0.9829973,0.96859366,0.9624786,0.95265955,0.9596313,0.9663104,0.9569132,0.95384383,0.96061283,0.96614707,0.9863659,0.96376854,0.9595885,0.94258285,0.9478177,0.95982075,0.9600998,0.96877295,0.9591569,0.9547274,0.9829973,0.95594925,0.9694614,0.96602726,0.96428376
aftermovie,0.96097636,0.9534586,0.9642229,0.9518917,0.96437514,0.95975304,0.96307045,0.99999976,0.9813827,0.956603,0.9671801,0.9495281,0.97059757,0.9685217,0.9713724,0.9646573,0.9593577,0.9610888,0.9533993,0.9592722,0.9539937,0.96801895,0.963142,0.9630606,0.95383364,0.88209915,0.94537663,0.96883446,0.9697634,0.9632984,0.95009947,0.95632607,0.959132,0.95487106,0.94056267,0.91195744,0.96069944,0.96594214,0.9633278,0.95142233,0.95349145,0.9570296,0.9511897,0.9532794,0.96506196,0.9574653,0.9665682,0.96052706,0.95734483,0.95727724,0.96070373,0.9668335,0.95601124,0.95756394,0.9679891,0.9528822,0.9561518,0.96038216,0.95249677,0.96528065,0.9576675,0.96210515,0.9522904,0.96291745,0.9622629,0.9558243,0.9546655,0.96582603,0.9558619,0.94875985,0.9695209,0.7409158,0.9559261,0.96717966,0.9446583,0.9383565,0.9185507,0.9581544,0.95660883,0.9506616,0.96217185,0.95586693,0.96419114,0.9510176,0.95981765,0.95755947,0.9576862,0.9617881,0.95262194,0.9612227,0.9588337,0.9695209,0.94321495,0.9554773,0.9558363,0.9661035,0.9573571,0.9695027,0.96157825,0.9638044,0.95609003,0.9634891,0.9506732,0.96237963,0.9559906,0.9616889,0.9653841,0.9624198,0.95898855,0.9615374,0.96500224,0.83672535,0.9646874,0.9258463,0.9560628,0.95397216,0.96453416,0.9619937,0.9631096,0.96433556,0.96056753,0.95688134,0.9660472,0.9491365,0.9542016,0.95995814,0.9602532,0.9635468,0.95661956,0.9230266,0.95700806,0.95205116,0.95380425,0.9507942,0.96289945,0.96159613,0.95336884,0.95933187,0.9659393,0.9479161,0.9813827,0.962533,0.9581734,0.9550022,0.95583105,0.9585547,0.9561455,0.9452783,0.961923,0.96521837,0.95933694,0.96343625,0.954062,0.95429814,0.9491594,0.9651804,0.95898247,0.9707042,0.9594003,0.9563883,0.9813827,0.95246625,0.9645575,0.9692873,0.9539601
ahiddenlifefilm,0.9789315,0.972628,0.97532535,0.97176975,0.98218197,0.9734331,0.9829973,0.9813827,0.99999994,0.9747482,0.9807803,0.9707861,0.98409677,0.9845592,0.9831509,0.9789398,0.9797556,0.9750017,0.9764556,0.97084796,0.97636867,0.97990185,0.98130083,0.97767156,0.97723114,0.8933685,0.97354096,0.9806245,0.9832336,0.9760275,0.96957654,0.96890736,0.97639394,0.9755402,0.9649252,0.941503,0.9812431,0.9818271,0.98598105,0.97251207,0.9705704,0.97807884,0.9722559,0.97371477,0.9837054,0.9782405,0.9787533,0.9771375,0.97212785,0.97654766,0.97862685,0.9857,0.9737744,0.9728977,0.97444546,0.9721011,0.9788635,0.98163974,0.97402155,0.97616786,0.9700766,0.9763332,0.9775622,0.97854185,0.96942306,0.9730808,0.9755571,0.98264354,0.9652171,0.9708324,0.98308676,0.7475382,0.97092545,0.9785476,0.9688027,0.96346956,0.946471,0.9763363,0.97754633,0.9668954,0.9801129,0.97602105,0.9831143,0.970245,0.9772214,0.9767648,0.9772575,0.9797977,0.97257483,0.9793522,0.9741507,0.98308676,0.9662716,0.97630745,0.97511065,0.977946,0.9806553,0.9757088,0.9830599,0.9765783,0.9780958,0.97437626,0.96216255,0.9804074,0.97909594,0.9759081,0.98284096,0.97699785,0.9766862,0.9773164,0.9849651,0.8624312,0.98157114,0.94223654,0.97355336,0.97693694,0.98376864,0.972952,0.9812258,0.9838431,0.9774438,0.9758673,0.97378564,0.9659532,0.97223735,0.9773459,0.981086,0.9787922,0.9805963,0.95332444,0.9758626,0.9717836,0.97606957,0.9600636,0.9791265,0.9764999,0.9738403,0.9763403,0.98331875,0.97104925,0.99999994,0.9780739,0.9775991,0.96981424,0.9756124,0.9800902,0.96877176,0.96560013,0.9771071,0.9780069,0.97938925,0.97724015,0.97381896,0.96164924,0.96965396,0.9788938,0.9751245,0.98093045,0.9735155,0.9740903,0.99999994,0.9699132,0.9843238,0.9841453,0.97890216
alitamovie,0.95272624,0.9460916,0.9453,0.9395701,0.967324,0.9464037,0.9470548,0.956603,0.9747482,1.0000002,0.95883346,0.94447124,0.9598798,0.9603298,0.9627845,0.9503996,0.9617931,0.9602092,0.95521593,0.95829356,0.95386434,0.9526911,0.95486784,0.95613986,0.94930774,0.8652012,0.96141934,0.96225935,0.95345175,0.9572022,0.9437277,0.941488,0.95444,0.94641626,0.9316925,0.9192564,0.95491457,0.95343095,0.9646729,0.95243853,0.95336485,0.9594154,0.95058787,0.9523455,0.9625618,0.9633333,0.95613843,0.9573882,0.9477596,0.9561217,0.946632,0.95855343,0.952403,0.9501563,0.95375425,0.95479834,0.95063484,0.96200484,0.948091,0.9535716,0.9495702,0.94381595,0.949998,0.9611987,0.9432272,0.9583487,0.95267284,0.9580862,0.95604783,0.95347464,0.9575227,0.71666384,0.94332385,0.9536371,0.9447324,0.9397409,0.9201823,0.9478413,0.9538862,0.94124293,0.9617898,0.9490075,0.96057737,0.93948764,0.9475984,0.95640683,0.95451814,0.95445716,0.94383496,0.9657744,0.9463333,0.9575227,0.945279,0.95281494,0.95044935,0.9579221,0.9601348,0.9552003,0.9539447,0.95381117,0.9561432,0.9527803,0.9314788,0.9605713,0.9681149,0.9447774,0.96639127,0.9549232,0.94143605,0.9525148,0.9614771,0.83324164,0.9600014,0.91505706,0.95806444,0.9516452,0.95703334,0.95084184,0.95598876,0.94994867,0.95144844,0.950758,0.9575595,0.94634634,0.94876206,0.95583713,0.95630634,0.94986826,0.9641412,0.9370497,0.9535619,0.96198744,0.95638067,0.935292,0.9606534,0.9530197,0.9515202,0.9523295,0.95758533,0.9521694,0.9747482,0.9429931,0.9511173,0.9496605,0.9550383,0.95794326,0.9481906,0.9294898,0.9552126,0.94892573,0.94960415,0.9571263,0.9535669,0.9519059,0.9477465,0.9594162,0.9508199,0.95633686,0.95018166,0.9594962,0.9747482,0.9603111,0.95935595,0.95665103,0.9502426
angelhasfallen,0.9621661,0.9568733,0.9584928,0.954553,0.960331,0.95206594,0.9618019,0.9671801,0.9807803,0.95883346,0.99999994,0.94674593,0.9666746,0.9652154,0.9615824,0.9599954,0.95920336,0.9598133,0.962407,0.94843626,0.9504216,0.9549904,0.96225876,0.9634849,0.9574636,0.8719897,0.9518898,0.9679004,0.95984167,0.9574375,0.96315825,0.9556819,0.9618155,0.94658244,0.95023334,0.92504615,0.96639216,0.9591056,0.96766835,0.9507019,0.95820636,0.95505005,0.9518963,0.94898814,0.9708243,0.9556644,0.9580775,0.95838004,0.94795156,0.9561476,0.953522,0.9657886,0.94958174,0.95980275,0.9543949,0.95834464,0.961667,0.96051663,0.95763934,0.9559813,0.95757556,0.9635205,0.9619767,0.96003234,0.94960064,0.96098113,0.9572468,0.9653561,0.9700331,0.95072687,0.96450007,0.7439314,0.955388,0.9608563,0.9587472,0.9437859,0.92047924,0.9543457,0.9656302,0.9507915,0.96981376,0.9576934,0.9664035,0.9585947,0.9530411,0.9617501,0.972103,0.9648142,0.9470748,0.9616358,0.95635694,0.96450007,0.9474992,0.963661,0.95393825,0.96328735,0.9714328,0.9547386,0.96651685,0.9566689,0.9577254,0.9581946,0.9425372,0.9615828,0.9682005,0.9542809,0.9704816,0.95258844,0.9576163,0.96005285,0.96758586,0.8437378,0.9625322,0.92576677,0.95150083,0.9679606,0.964189,0.9644292,0.96118057,0.9613976,0.958072,0.9621571,0.95439464,0.94665885,0.96286035,0.95750105,0.96464735,0.95849776,0.9636153,0.93430334,0.957796,0.9529045,0.9610377,0.9373447,0.95929533,0.9595257,0.9530153,0.95595086,0.9610114,0.94990224,0.9807803,0.9588275,0.9531903,0.95099956,0.96249944,0.960035,0.9544844,0.95270485,0.9603353,0.9631976,0.96205163,0.95709246,0.95014435,0.94512033,0.95308685,0.9586608,0.9580276,0.9594589,0.9595005,0.9542662,0.9807803,0.9535851,0.96799475,0.96419704,0.9549613
angrybirdsmovie,0.94784814,0.94625324,0.9591663,0.9500669,0.9484949,0.9546835,0.954774,0.9495281,0.9707861,0.94447124,0.94674593,0.99999994,0.95600224,0.95021313,0.94675016,0.95797455,0.95107,0.9365388,0.95028925,0.93994457,0.94956946,0.961946,0.96017545,0.94674724,0.94726074,0.8687236,0.9411882,0.95539665,0.967436,0.96211714,0.9341385,0.93792224,0.9496187,0.9582938,0.9324159,0.91765696,0.951501,0.95529157,0.95731497,0.9432316,0.948261,0.95960784,0.9476392,0.9529953,0.9499982,0.9579925,0.96247977,0.953804,0.94453585,0.9552968,0.97120017,0.9602312,0.94545686,0.9400015,0.9503473,0.9467935,0.9473349,0.94713247,0.9487526,0.9570816,0.943204,0.947615,0.94534993,0.9555889,0.9371459,0.95405877,0.94281936,0.95802647,0.9313266,0.9377967,0.95829725,0.74530417,0.94514966,0.95029473,0.937003,0.9412132,0.91498214,0.9571642,0.953476,0.9350154,0.9509676,0.9445882,0.9659527,0.9464659,0.9695627,0.9425896,0.9487401,0.9454174,0.9467564,0.95593244,0.9505496,0.95829725,0.93606037,0.9442193,0.9643471,0.95071006,0.9490788,0.95009923,0.9564984,0.94419587,0.95553386,0.9487343,0.9469907,0.95997846,0.9548988,0.9628078,0.95803624,0.957284,0.9605327,0.95375663,0.9627522,0.85854316,0.9464329,0.9067225,0.9348754,0.95443743,0.95406616,0.93699926,0.9539476,0.9567295,0.9538486,0.9435162,0.94709814,0.944293,0.9351526,0.94621867,0.9561301,0.9623035,0.95300794,0.92415375,0.9557113,0.94227576,0.95084643,0.9351352,0.94460726,0.95190287,0.9423824,0.9570182,0.96740645,0.9458695,0.9707861,0.95255536,0.95222855,0.9597195,0.9565135,0.9515902,0.9415839,0.93067473,0.95292985,0.94841874,0.9489597,0.95082,0.9500657,0.93471587,0.93472993,0.94763225,0.9495609,0.9627426,0.94376874,0.9380864,0.9707861,0.9442041,0.95913965,0.9614899,0.96867424
annabellemovie,0.96668124,0.96015865,0.95912457,0.9674425,0.97289544,0.9529739,0.9673203,0.97059757,0.98409677,0.9598798,0.9666746,0.95600224,1.0000001,0.9720079,0.9658683,0.9664036,0.96589494,0.96524817,0.96261746,0.9556959,0.9597397,0.97108394,0.95928454,0.9649074,0.96467745,0.86748147,0.9565494,0.97300273,0.97026485,0.9652239,0.95711964,0.9609985,0.96442616,0.96219563,0.951984,0.9138312,0.9647724,0.9744398,0.96994734,0.95603806,0.96969223,0.9603069,0.9568175,0.95480126,0.96949786,0.9596682,0.96121216,0.9644965,0.9598178,0.9590033,0.9616165,0.97217035,0.96363044,0.9605235,0.9671057,0.96055555,0.96667165,0.9586631,0.9615488,0.9625671,0.9720025,0.96411467,0.9658017,0.9692008,0.96472514,0.96020263,0.96706307,0.97213024,0.95968485,0.9570045,0.9702272,0.73095554,0.9578762,0.97037566,0.95438683,0.95145315,0.928746,0.9673739,0.9620837,0.9568726,0.9739269,0.9708497,0.97339207,0.9613335,0.96861434,0.96258706,0.9728212,0.98298454,0.9533104,0.9640222,0.96465814,0.9702272,0.9547541,0.96347785,0.9550875,0.9620892,0.96704584,0.9657286,0.9677444,0.96079,0.9561436,0.96375257,0.9453411,0.96592134,0.9623072,0.9616821,0.96877736,0.9659794,0.96070284,0.9628088,0.96796364,0.8436339,0.96862155,0.9315602,0.9615678,0.96471727,0.96810275,0.9554624,0.9776697,0.9696635,0.97277755,0.9638133,0.967672,0.9467118,0.96218365,0.97072417,0.97329473,0.9679679,0.9638465,0.9373754,0.9674088,0.96212316,0.96638834,0.9467508,0.9666083,0.96263593,0.9547788,0.96548766,0.9730546,0.95586634,0.98409677,0.9610024,0.9571128,0.96167874,0.96861887,0.9687482,0.9643578,0.9512566,0.96860963,0.96622807,0.96197665,0.9657247,0.95185876,0.94947696,0.9536619,0.9657787,0.9571656,0.96560776,0.96393913,0.9608678,0.98409677,0.9582326,0.97252804,0.9644594,0.96043485
annamovie,0.96419674,0.96061796,0.9633431,0.9566927,0.96786433,0.95884854,0.97252727,0.9685217,0.9845592,0.9603298,0.9652154,0.95021313,0.9720079,0.99999946,0.9728149,0.965799,0.96518683,0.9666624,0.9649481,0.96101993,0.961843,0.9670771,0.9627012,0.9652215,0.968532,0.8629655,0.96429217,0.96552527,0.9704426,0.96550757,0.9576215,0.9541014,0.96181095,0.9619283,0.95367426,0.9344956,0.9691697,0.96668667,0.97268695,0.9601061,0.9516596,0.96019125,0.9537013,0.95591116,0.96996987,0.96793133,0.96479356,0.96410924,0.95769185,0.95867485,0.96042055,0.96726435,0.96124536,0.96114784,0.96770763,0.96164167,0.9673387,0.9619836,0.95342076,0.9602947,0.95635796,0.9594276,0.96512395,0.970705,0.95618623,0.9573141,0.9588127,0.9671596,0.95621336,0.94894564,0.9648383,0.7264691,0.95960945,0.9623271,0.95384157,0.9545338,0.9312802,0.96226674,0.9615796,0.95237666,0.9650697,0.9721114,0.9653973,0.95632124,0.96469563,0.9572239,0.9663952,0.96754944,0.9532635,0.96831745,0.96389437,0.9648383,0.94976175,0.96248204,0.9570697,0.96574515,0.97032243,0.96366733,0.9696893,0.9689135,0.96916246,0.96391094,0.95241,0.96154624,0.9710272,0.9604025,0.9695537,0.9684192,0.95772135,0.96551913,0.97094995,0.8447097,0.967493,0.9342923,0.9635652,0.96577686,0.96915734,0.9566436,0.9694003,0.9712535,0.9604078,0.9606363,0.96097,0.95089096,0.9589189,0.96449226,0.9708454,0.96363133,0.9636826,0.94044,0.9641473,0.96199024,0.96811116,0.94889444,0.9630816,0.96600723,0.957367,0.9621786,0.9662922,0.9619409,0.9845592,0.9647008,0.9733359,0.95207125,0.95743096,0.9690956,0.9606,0.946284,0.9684099,0.9627929,0.9661777,0.9672704,0.96674365,0.94888854,0.9563795,0.96818596,0.95987576,0.9644897,0.96088946,0.9638765,0.9845592,0.95512676,0.9705317,0.9707009,0.96170306
apollo11movie,0.96493137,0.96525645,0.96709335,0.9506656,0.9677079,0.95517063,0.9680628,0.9713724,0.9831509,0.9627845,0.9615824,0.94675016,0.9658683,0.9728149,1.0000004,0.968423,0.9593264,0.95933735,0.9603796,0.9712789,0.96069986,0.9681172,0.9610507,0.96224576,0.9566578,0.886133,0.96065336,0.9614779,0.97049624,0.96172863,0.9502262,0.95012623,0.9578712,0.9599313,0.9476127,0.93497694,0.9669607,0.9640619,0.9741692,0.9605492,0.9551465,0.9664654,0.9556304,0.9604049,0.96966916,0.9667165,0.95938784,0.9606304,0.9583492,0.9629013,0.96396685,0.9680186,0.95332325,0.9573752,0.9630114,0.9597584,0.9604256,0.9751796,0.9554898,0.96870226,0.9571378,0.96044487,0.95947665,0.96529007,0.9537924,0.96016234,0.9566222,0.96476865,0.94907546,0.948895,0.9700836,0.72684556,0.9527274,0.96198344,0.9499627,0.9494835,0.9245994,0.9562756,0.9619904,0.9497755,0.9603405,0.95532787,0.96807736,0.9503479,0.9597271,0.9594426,0.95875806,0.96569234,0.9621902,0.96477777,0.9555104,0.9700836,0.94721156,0.9581877,0.95685256,0.981841,0.9655735,0.9649644,0.9680294,0.95724183,0.96277636,0.9577885,0.9567089,0.9630796,0.96357083,0.95942545,0.9698051,0.96312016,0.96318775,0.9587403,0.9681228,0.84283173,0.9719069,0.927363,0.96465427,0.95762736,0.9664521,0.95496356,0.9635114,0.9703143,0.9581801,0.9634104,0.96123445,0.9508517,0.9595729,0.9618928,0.96618366,0.96364975,0.9702195,0.9270361,0.96023583,0.9611788,0.95669156,0.9476869,0.9716307,0.96230024,0.9556374,0.95466816,0.9655527,0.9492469,0.9831509,0.96330523,0.9615454,0.9514692,0.9547074,0.9658616,0.9609826,0.94838095,0.9604981,0.95740503,0.96654505,0.965845,0.95822185,0.9443407,0.95191956,0.9684541,0.9555193,0.9652015,0.9657657,0.96413445,0.9831509,0.9582825,0.9665771,0.96751213,0.9609494
arcticdogsmovie,0.9672867,0.95715934,0.96160764,0.95594585,0.95569,0.9648999,0.96676177,0.9646573,0.9789398,0.9503996,0.9599954,0.95797455,0.9664036,0.965799,0.968423,1.0000002,0.95410514,0.95055544,0.95375144,0.95115536,0.9538843,0.96357703,0.95975804,0.96512973,0.9580848,0.89219546,0.95272505,0.95998615,0.96651566,0.9510319,0.95025444,0.9497825,0.96667564,0.95176303,0.9356328,0.91704714,0.9624628,0.9634731,0.96269906,0.9548003,0.96071,0.96088195,0.955559,0.9642281,0.9593381,0.9552313,0.9560464,0.9658081,0.9467353,0.9610352,0.9648906,0.96026456,0.9482372,0.9503598,0.95568097,0.9573265,0.95615214,0.96050024,0.9494755,0.95744026,0.96246094,0.95682645,0.9595796,0.97173035,0.9497777,0.9517379,0.95117235,0.95934325,0.94540304,0.9394451,0.9621264,0.71904343,0.94577736,0.9606573,0.93966234,0.9443277,0.91799474,0.9561577,0.95488906,0.9439987,0.9619243,0.95842075,0.96823794,0.94446445,0.95778024,0.95843285,0.9629071,0.96344036,0.94997007,0.96222353,0.95154226,0.9621264,0.95156807,0.9529537,0.96254766,0.9708176,0.9655707,0.95528156,0.96183115,0.95082235,0.95368713,0.95769167,0.95496935,0.96390015,0.9602407,0.9608059,0.9620395,0.9699225,0.9699843,0.9587813,0.971624,0.8320511,0.9590061,0.9158512,0.9562097,0.96448827,0.97356623,0.9448301,0.965911,0.9677782,0.958625,0.95866406,0.9605163,0.9449833,0.9544367,0.9602157,0.96046704,0.96455187,0.95978045,0.93140167,0.96281487,0.9558298,0.95678693,0.9509779,0.95881474,0.9515875,0.9478115,0.9546717,0.9605406,0.94861484,0.9789398,0.9639268,0.9531261,0.95948094,0.9597248,0.954394,0.95663095,0.94178504,0.96445227,0.9605239,0.95798004,0.96075755,0.9471222,0.94641596,0.94767976,0.95896316,0.95838577,0.9563989,0.9472437,0.9526985,0.9789398,0.94553643,0.9701328,0.9656094,0.96133894
arcticmovie,0.9528604,0.9481781,0.952649,0.95379484,0.96588707,0.9504186,0.9573172,0.9593577,0.9797556,0.9617931,0.95920336,0.95107,0.96589494,0.96518683,0.9593264,0.95410514,1.0000002,0.9579884,0.9569531,0.9462601,0.95644623,0.95410556,0.9637406,0.95549715,0.9668378,0.85549766,0.9562839,0.9709285,0.9576934,0.96485317,0.9490346,0.949535,0.9533115,0.958329,0.9358125,0.9111288,0.96063656,0.95847493,0.9622652,0.9512288,0.94792354,0.9619185,0.9535704,0.9608278,0.96572125,0.95785975,0.9571099,0.95464563,0.9527921,0.9640022,0.952055,0.968325,0.95874184,0.9461091,0.951704,0.95031863,0.96682423,0.96332884,0.95219237,0.9566493,0.9484907,0.9570486,0.9557406,0.95053124,0.9502523,0.9514935,0.9578526,0.9630154,0.9520843,0.9526863,0.9667243,0.722182,0.94916713,0.96676683,0.95368105,0.94010156,0.9308932,0.9580647,0.9612681,0.94573605,0.96069115,0.95570296,0.95816857,0.9473014,0.9533745,0.9580025,0.96034694,0.9661119,0.95784175,0.96148956,0.96086085,0.9667243,0.9604441,0.9646331,0.9518143,0.9539853,0.9607673,0.9532286,0.95379555,0.9617479,0.96134996,0.9537426,0.9378727,0.9603442,0.9582508,0.9472282,0.9603556,0.95744866,0.9481177,0.96384656,0.9641558,0.82401997,0.96521014,0.91415644,0.9557103,0.96191794,0.9619151,0.9513733,0.95616126,0.95886815,0.95690495,0.96296066,0.9531729,0.9405745,0.94714606,0.9634327,0.96336395,0.9520713,0.9614218,0.9403375,0.9554478,0.9479778,0.97570854,0.9499334,0.9617179,0.9637325,0.955863,0.9604114,0.9684734,0.9532846,0.9797556,0.9514404,0.9656287,0.94424707,0.9523014,0.9626107,0.948108,0.9392199,0.94788826,0.9598121,0.95769715,0.9609063,0.95759666,0.94391,0.96018785,0.9670213,0.95130676,0.96336,0.95223004,0.9618339,0.9797556,0.9498659,0.9639158,0.9614006,0.9581659
artofracingmovie,0.9613738,0.95438135,0.9476707,0.9475325,0.9772022,0.95306486,0.9587908,0.9610888,0.9750017,0.9602092,0.9598133,0.9365388,0.96524817,0.9666624,0.95933735,0.95055544,0.9579884,0.9999999,0.95600355,0.9494958,0.95853114,0.9531376,0.95547724,0.9500154,0.9559376,0.85585076,0.9626139,0.95380765,0.95296955,0.9574257,0.94106793,0.9458592,0.949068,0.94305855,0.9357101,0.90793467,0.961648,0.96006274,0.95948213,0.9494303,0.9429904,0.9498874,0.94840086,0.9441362,0.9637626,0.9459309,0.9532885,0.9550195,0.941866,0.95019007,0.94746995,0.96328694,0.95050144,0.95469314,0.9504595,0.96977866,0.9502664,0.9583599,0.9458983,0.9559836,0.9473452,0.96044457,0.95566463,0.9517941,0.9487215,0.9542507,0.9526916,0.9652677,0.94802,0.94568056,0.9652458,0.71349955,0.9556469,0.9575165,0.9399671,0.94370437,0.9109251,0.95634234,0.95565623,0.9453567,0.95884025,0.9534073,0.95489573,0.9394758,0.95459557,0.9551317,0.9555328,0.9622902,0.95218855,0.95770407,0.95618176,0.9652458,0.9434934,0.96247685,0.9519253,0.9545156,0.95928955,0.9543251,0.9516275,0.9542632,0.94669396,0.95117635,0.93386436,0.9624349,0.96045846,0.9492392,0.95507157,0.94736505,0.9481538,0.9522162,0.9613914,0.82614195,0.9603363,0.9094881,0.9522926,0.95642555,0.96238005,0.9493508,0.95966405,0.9621931,0.9492257,0.9471171,0.9463648,0.9399332,0.9449803,0.95731074,0.96130544,0.95475495,0.97289115,0.93384916,0.9583787,0.96255726,0.94961244,0.92223406,0.9645892,0.95998764,0.95567703,0.9530257,0.9641936,0.9573675,0.9750017,0.94821167,0.94873834,0.9399487,0.9450308,0.96176845,0.9458719,0.939606,0.953169,0.9557649,0.9595052,0.94927883,0.9536363,0.9424435,0.94605297,0.9607805,0.94696474,0.9552003,0.9563287,0.9532333,0.9750017,0.9456698,0.9562242,0.9561134,0.94726837
avengers,0.9755078,0.94882834,0.95693845,0.9467801,0.95982146,0.9489666,0.96383727,0.9533993,0.9764556,0.95521593,0.962407,0.95028925,0.96261746,0.9649481,0.9603796,0.95375144,0.9569531,0.95600355,0.9999999,0.9493192,0.95437676,0.95584285,0.9629784,0.95820194,0.95357704,0.8584006,0.94837016,0.96186113,0.9654965,0.95985967,0.96333814,0.9570434,0.9634828,0.95706135,0.9449064,0.92742205,0.9656569,0.95523816,0.96971124,0.95372164,0.95814127,0.95192134,0.9475822,0.9508436,0.9601785,0.9599919,0.9602033,0.95259255,0.9490415,0.9554518,0.95866203,0.9675926,0.9463932,0.958049,0.9568549,0.9629223,0.954308,0.95477885,0.95037246,0.9549151,0.9583197,0.9542154,0.9584735,0.96015495,0.95073116,0.94918656,0.9540265,0.96382344,0.9472293,0.941196,0.9633848,0.74169713,0.9543973,0.95545524,0.94977826,0.943474,0.92787415,0.95891446,0.95912033,0.95637715,0.96169263,0.95931274,0.96311486,0.9533942,0.9547147,0.95960206,0.95504004,0.9609708,0.9579469,0.9611769,0.9570541,0.9633848,0.94257265,0.95743126,0.9496923,0.9498779,0.9653658,0.9485052,0.96177536,0.9581303,0.9602746,0.95178336,0.9455869,0.96318734,0.9584145,0.9587026,0.9604846,0.9615665,0.9483843,0.94968724,0.9636998,0.8426945,0.9516526,0.9096105,0.9539921,0.9664324,0.966215,0.9471704,0.9644507,0.96305144,0.9568409,0.95441276,0.95184475,0.94802815,0.9472958,0.9596143,0.9640495,0.9712854,0.9638451,0.93748724,0.94878274,0.9564723,0.95222116,0.93741864,0.9552665,0.95645857,0.9559215,0.95539165,0.9610658,0.94921553,0.9764556,0.95766747,0.9618487,0.9476518,0.96022147,0.9627254,0.948365,0.9418206,0.95637137,0.9582413,0.96296686,0.95400363,0.9518566,0.9477231,0.952525,0.95507085,0.9549924,0.96226263,0.95742565,0.9420729,0.9764556,0.9624698,0.9667751,0.95968974,0.9597888
beachbummovie,0.95053124,0.95957583,0.9572574,0.9375722,0.95673186,0.9532084,0.95525956,0.9592722,0.97084796,0.95829356,0.94843626,0.93994457,0.9556959,0.96101993,0.9712789,0.95115536,0.9462601,0.9494958,0.9493192,0.9999998,0.95127624,0.9612531,0.95150065,0.9484648,0.9462343,0.87438005,0.9523777,0.954784,0.9586046,0.951913,0.946944,0.93484896,0.93595743,0.94698906,0.9441063,0.9139467,0.95572,0.9525704,0.96271765,0.9483678,0.9428376,0.9504306,0.94565105,0.9470257,0.9574737,0.9620855,0.95249933,0.94810367,0.95207894,0.9482275,0.9543464,0.95566523,0.9482461,0.94724256,0.95181227,0.9416948,0.94791853,0.9586818,0.9399081,0.9550025,0.93660957,0.94218004,0.94178784,0.95586723,0.94696784,0.9465608,0.94535446,0.95263,0.93640065,0.95056504,0.96072483,0.7232471,0.94013083,0.95150304,0.93592083,0.9508225,0.91364074,0.9418238,0.94067216,0.9495565,0.95109296,0.94394845,0.9549286,0.9327075,0.9543497,0.94473934,0.9463028,0.94853354,0.94707125,0.9615169,0.94982517,0.96072483,0.93148965,0.9488558,0.950239,0.9650875,0.9456785,0.9703366,0.95399,0.9462125,0.949778,0.94938445,0.9442622,0.95513403,0.95779365,0.9518668,0.96358484,0.95917267,0.93993765,0.95193857,0.9547621,0.83321315,0.9660711,0.91313106,0.96016234,0.9419807,0.9542274,0.943467,0.954486,0.95937866,0.94766325,0.94523865,0.95405716,0.9451173,0.9536161,0.9507328,0.9514596,0.950235,0.950072,0.9256772,0.9547714,0.9475112,0.9501563,0.92506796,0.9599835,0.95139724,0.9447663,0.94441074,0.95766664,0.9538737,0.97084796,0.9502712,0.9498223,0.9441293,0.94100296,0.9534401,0.9425275,0.9400268,0.95830554,0.9472008,0.95305544,0.9549471,0.94690394,0.9359884,0.9540648,0.9583955,0.9445869,0.9520946,0.9589684,0.9532992,0.97084796,0.9433274,0.9489037,0.9584417,0.95024073
bernadettefilm,0.96217334,0.9578058,0.95162207,0.9427511,0.9588235,0.9511957,0.9664307,0.9539937,0.97636867,0.95386434,0.9504216,0.94956946,0.9597397,0.961843,0.96069986,0.9538843,0.95644623,0.95853114,0.95437676,0.95127624,0.9999996,0.95953155,0.9600068,0.95923793,0.95270973,0.87218714,0.9568993,0.9543103,0.95816326,0.95548904,0.93992126,0.9562491,0.9498861,0.94898206,0.9385303,0.9242574,0.95838076,0.9633095,0.96560293,0.95896125,0.9459141,0.9482827,0.9451015,0.9468525,0.9600037,0.95647323,0.95774215,0.9611221,0.9513431,0.9505073,0.95504427,0.9659231,0.9521565,0.953044,0.944325,0.95401955,0.95253474,0.9561762,0.9464146,0.9523683,0.95010006,0.95516014,0.9558554,0.95573294,0.95111066,0.9572628,0.95748216,0.9614664,0.9307368,0.9468377,0.9642504,0.7313736,0.94702387,0.9528202,0.94781107,0.95363474,0.9278482,0.9501542,0.9603001,0.948923,0.9531256,0.9505415,0.95781153,0.9505915,0.9537367,0.95523036,0.94739014,0.957519,0.9652958,0.9576754,0.95626193,0.9642504,0.9490225,0.95669246,0.9522905,0.9563654,0.9539596,0.95168257,0.9624714,0.9517437,0.95279354,0.9489351,0.9436088,0.960849,0.9560728,0.9546673,0.9565661,0.95772576,0.9478532,0.9580321,0.96654314,0.8509964,0.95630074,0.92591286,0.96278924,0.9540559,0.9677218,0.95221496,0.9577215,0.96447355,0.9506129,0.9548667,0.9400496,0.9468881,0.94500226,0.950009,0.9669225,0.9563684,0.9626193,0.92703307,0.9751754,0.95577145,0.95025843,0.93667775,0.9590841,0.95925903,0.95718676,0.95894545,0.9615265,0.94423485,0.97636867,0.9524785,0.9559962,0.9507186,0.95110697,0.961142,0.9506939,0.9410094,0.9547357,0.9571423,0.9596056,0.9486859,0.9507676,0.93705046,0.94939494,0.96005744,0.9493646,0.9674368,0.9544035,0.95842737,0.97636867,0.94982034,0.9607129,0.9658841,0.95733947
