movie,21bridgesmovie,47metersdown,abeautifuldaymovie,abominablemovie,adastramovie,adogsjourneymovie,aftermathmovie,aftermovie,ahiddenlifefilm,alitamovie,angelhasfallen,angrybirdsmovie,annabellemovie,annamovie,apollo11movie,arcticdogsmovie,arcticmovie,artofracingmovie,avengers,beachbummovie,bernadettefilm,blackandbluemovie,blackchristmas,blindedbythelightmovie,bombshellmovie,booksmart,breakthroughmovie,brianbanksmovie,brightburnmovie,brittanyrunsmov,captainmarvelofficial,captivestatemovie,catsmovie,charliesangels,childsplaymovie,clarathefilm,coldpursuitmovie,countdown,currentwarmovie,darkwatersmovie,detectivepikachumovie,disneyaladdin,disneyfrozen,disneymaleficent,doctorsleepmovie,dolemiteismyname,dontletgomovie,doramovie,downtonabbey_official,dumbo,escaperoom,everybodyknowsmovie,fastandfuriousmovie,fightingwmyfam,fivefeetapartfilm,fordvferrari,freaksthefilm,geminimanmovie,glassmovie,gloriabellmovie,godzillamovie,goldfinchmovie,goodboysmovie,goodliarmovie,gretafilm,halathemovie,happydeathdaymovie,harrietfilm,hellboymovie,hersmellmovie,highlifemovie,highstrungmovie,honeyboymovie,hotelmumbaifilm,httydragon,hustlemovie,hustlersmovie,isntitromantic,itmovieofficial,jayandsilentbob,johnwickmovie,jojorabbitmovie,jokermovie,judythefilm,jumanjimovie,justmercyfilm,knivesout,lalloronamovie,lastblackmansf,lastchristmasthemovie,latenightmovie,lighthousemovie,lionking,littlethemovie,littlewomenmovie,littlewoodsfilm,longshotmovie,lordsofchaosmovie,lucyintheskyfilm,mamovie2019,marriagestory,meettheaddams,meninblack,midsommarmovie,midwaymovie,missbalamovie,missinglinkfilm,motherlessbklyn,onceinhollywood,onthebasisofsex,overcomermovie,peanutbutterfalcon,petsematarymovie,piercingmovie,playingwithfire,playmobilthemovie,pomsmovie,queenandslim,rambomovie,readyornotfilm,richardjewellfilm,rocketmanmovie,scarystoriesmovie,secretlifeofpets,serenityfilm,shaftmovie,shazammovie,spidermanmovie,spiesindisguise,starwars,stormboymovie,stubermovie,taosdfilm,teenspiritmov,terminator,theaeronautsmov,thebestofenemies,thedeaddontdie,thefarewell,thehighwaymen,thehummingbirdprojectfilm,theintrudermovie,theirishmanfilm,thekitchenmovie,thelegomovie,themustangfilm,thenightingalefilm,theprodigymovie,thesunisalsoastar,theupsidefilm,tolkienmovie,toystory,triplefrontier,uglydolls,uncutgems,underthesilverlake,usmovie,wavesmovie,whatmenwant,wonderparkmovie,wrinklestheclown,xmenmovies,yardiefilm,yesterdaymovie,zombieland
21bridgesmovie,0.99999976,0.95875055,0.96549726,0.948617,0.95664483,0.96516615,0.972046,0.9728864,0.9790655,0.9597204,0.9629396,0.96059346,0.95078135,0.96675944,0.96282274,0.9684807,0.95999646,0.9663046,0.9693341,0.9621026,0.9694187,0.9650016,0.9652738,0.9621554,0.958907,0.874074,0.9492345,0.9631553,0.9722466,0.9619015,0.9528121,0.96544254,0.95243114,0.9564417,0.9497136,0.9314232,0.9649862,0.96881247,0.96174794,0.9592315,0.96287173,0.958322,0.95044655,0.95654804,0.9694688,0.95505494,0.964363,0.96265185,0.95995134,0.9613256,0.9664894,0.97295046,0.9574105,0.9583009,0.9487434,0.95837486,0.95941263,0.96591496,0.95701534,0.96105546,0.9613891,0.9591443,0.96188265,0.9594005,0.96745884,0.9627212,0.95994556,0.9689652,0.96342206,0.9556054,0.9691725,0.76740265,0.9479017,0.96408427,0.9521224,0.96381545,0.9551641,0.96712464,0.9623592,0.96059126,0.95805925,0.96020544,0.9575193,0.9510459,0.95948756,0.95702076,0.9491969,0.9573277,0.954451,0.9694004,0.9646815,0.9691725,0.9587539,0.95877224,0.95799404,0.9601823,0.96070933,0.96000254,0.96135944,0.95465857,0.9631525,0.9694789,0.9591438,0.9689259,0.95838755,0.9670933,0.96347797,0.96521026,0.9567797,0.954397,0.97259134,0.89307106,0.9607943,0.91853166,0.9586467,0.9783896,0.9909216,0.9558861,0.9669515,0.9674924,0.96262646,0.95648426,0.9693997,0.95087224,0.95806265,0.9592379,0.96392685,0.957336,0.95045173,0.94313043,0.9701021,0.95517015,0.9689445,0.9503403,0.9632181,0.95920026,0.9734562,0.9653762,0.96976906,0.9532247,0.9790655,0.964662,0.9605127,0.9582556,0.95962006,0.97172856,0.9621746,0.95185155,0.96398246,0.9740803,0.9620272,0.962509,0.96161175,0.9544023,0.9574747,0.9618037,0.96252066,0.9619972,0.96561027,0.9616702,0.9790655,0.95471984,0.9656899,0.9621197,0.9571705
47metersdown,0.95875055,0.99999976,0.96642077,0.94198155,0.95251495,0.9570639,0.96354187,0.96607447,0.9776756,0.96051866,0.9578539,0.9656428,0.954222,0.95009387,0.9493454,0.9741588,0.952473,0.96276677,0.9473198,0.94748664,0.95169383,0.9532113,0.9595596,0.961565,0.95306903,0.8799027,0.95024115,0.95808566,0.96090794,0.9529661,0.95259386,0.9618272,0.95630306,0.95892286,0.957625,0.9400975,0.9659235,0.95567024,0.9568124,0.9559769,0.95977896,0.955537,0.93977773,0.9532361,0.9632699,0.943218,0.9640119,0.95662016,0.9598731,0.954268,0.9651284,0.96865064,0.9526543,0.9508354,0.9367866,0.95415545,0.9547613,0.9607474,0.9486663,0.9560652,0.9579193,0.95870876,0.9587012,0.9594025,0.9634011,0.96512794,0.9495392,0.9645994,0.95854807,0.9531856,0.9641026,0.77193516,0.95583624,0.96131176,0.9544664,0.94516283,0.9400309,0.958874,0.95934314,0.9638104,0.9685168,0.943475,0.9597499,0.9533581,0.95462966,0.9628791,0.9467286,0.9607779,0.9497697,0.9687358,0.9549388,0.9641026,0.95330787,0.95279133,0.9631987,0.95833296,0.95272285,0.9632849,0.95177436,0.95403194,0.9608412,0.95534307,0.96604013,0.96483773,0.95355946,0.9659031,0.9587024,0.9673001,0.9478484,0.9610805,0.9715616,0.8945872,0.9553869,0.92436713,0.94240224,0.96240705,0.9629647,0.9607292,0.9686609,0.9576984,0.9624832,0.96066505,0.9609509,0.9504802,0.96485394,0.9541927,0.95980334,0.9550903,0.9449731,0.93115586,0.9622303,0.9491896,0.96660227,0.9457496,0.9618295,0.94769496,0.95760214,0.96603507,0.96736276,0.9468956,0.9776756,0.95386535,0.95587593,0.96599936,0.95149845,0.96403146,0.96039397,0.94637084,0.96517366,0.95192045,0.96140516,0.95530087,0.9571777,0.9315059,0.94950294,0.95673066,0.9530647,0.9628422,0.9574032,0.95690215,0.9776756,0.95918536,0.96088725,0.95793337,0.9539921
abeautifuldaymovie,0.96549726,0.96642077,1.0000005,0.96316636,0.9656303,0.9712818,0.9732257,0.97052735,0.9850071,0.96534485,0.9527152,0.97352487,0.9696953,0.96160126,0.96301126,0.96840864,0.96675444,0.9678764,0.95948535,0.9545935,0.9623262,0.96911675,0.9664928,0.9711079,0.97089165,0.91072613,0.9686196,0.9661795,0.9802481,0.9668829,0.96027786,0.9667969,0.9533314,0.9730387,0.96581554,0.9562207,0.97631556,0.9661479,0.96725154,0.9634441,0.9676413,0.97114253,0.96375287,0.9685561,0.9668798,0.9584862,0.96389854,0.97423744,0.97137046,0.9697027,0.9802834,0.9716154,0.96029407,0.96409625,0.95186555,0.96660537,0.96874064,0.9670832,0.96512896,0.97091377,0.9717108,0.9715955,0.97221124,0.9689682,0.96181446,0.9687748,0.9587617,0.9641809,0.9606023,0.96689194,0.9758671,0.7925405,0.9640807,0.9714672,0.9569109,0.9546111,0.9494039,0.9590664,0.9620146,0.9675141,0.963273,0.9640319,0.966998,0.96116066,0.9715549,0.9688175,0.9593728,0.9714872,0.9601502,0.9681119,0.97188306,0.9758671,0.97052395,0.9616245,0.97857475,0.97088903,0.9675476,0.967536,0.9638935,0.9569695,0.9728073,0.9737038,0.97422516,0.972206,0.9568572,0.97935104,0.9669318,0.97171336,0.9626227,0.9626267,0.97962254,0.9278131,0.9601198,0.9509814,0.96151304,0.9598779,0.96856743,0.96271837,0.9737438,0.9674636,0.96897155,0.96491486,0.96666837,0.9666063,0.9661178,0.9684014,0.96972466,0.9721087,0.9570627,0.9587349,0.9645411,0.9618667,0.9756328,0.95374346,0.9595669,0.97273684,0.96380174,0.97141486,0.97844416,0.9603402,0.9850071,0.9785412,0.96132797,0.96615666,0.9613188,0.9732345,0.97374034,0.95666087,0.9680428,0.97039276,0.9687511,0.98084503,0.9719604,0.94273806,0.9563234,0.96160376,0.9646738,0.9706816,0.9642955,0.96396685,0.9850071,0.96264815,0.96683127,0.9617227,0.9735078
abominablemovie,0.948617,0.94198155,0.96316636,1.0000001,0.963182,0.9446654,0.96209353,0.9543935,0.9726562,0.94461054,0.9407677,0.9539091,0.9665456,0.9516449,0.944849,0.9468398,0.9508679,0.9568666,0.9426269,0.93983865,0.951802,0.94061893,0.9586122,0.9606322,0.9469183,0.8903119,0.96042,0.9570804,0.94922304,0.95162034,0.9499619,0.95711,0.9452821,0.95070297,0.963318,0.95339614,0.95823693,0.9599824,0.95397544,0.95353615,0.9538621,0.9616947,0.9548516,0.9580617,0.9491159,0.9490586,0.9527886,0.95546526,0.96446145,0.96269155,0.9557352,0.965175,0.9452875,0.95979017,0.95569724,0.9567667,0.95404804,0.94237906,0.96886265,0.95730793,0.9590583,0.97272533,0.9590833,0.9612594,0.94984627,0.95791477,0.9529268,0.9602822,0.9459323,0.9466702,0.9585822,0.79605407,0.9452391,0.95134926,0.9542836,0.9464921,0.94690615,0.94445735,0.948698,0.94485813,0.93672264,0.962331,0.95269954,0.94781953,0.96401817,0.9529729,0.9529259,0.96283287,0.9472069,0.9553263,0.9615419,0.9585822,0.96077335,0.9543023,0.95705557,0.9507018,0.9513208,0.9591775,0.9559323,0.9311103,0.9637507,0.9496967,0.93631065,0.961553,0.9382738,0.9587498,0.95883733,0.9614808,0.9260757,0.945852,0.96361583,0.90320194,0.94921535,0.9487499,0.9437744,0.9446299,0.95150065,0.9484486,0.955827,0.95693326,0.9556078,0.94899017,0.9593478,0.948617,0.957606,0.96034527,0.9568321,0.9509961,0.95335346,0.9518788,0.9498192,0.94580317,0.9595184,0.932364,0.9402321,0.95269895,0.9459588,0.9650103,0.9608752,0.94989526,0.9726562,0.9547586,0.95624965,0.951028,0.9419168,0.9699745,0.9524667,0.9565088,0.96114874,0.9616116,0.96114016,0.96566665,0.9525369,0.9344015,0.9493877,0.9558936,0.95124596,0.9492798,0.95475143,0.9418381,0.9726562,0.9644159,0.9536265,0.9500839,0.95321536
adastramovie,0.95664483,0.95251495,0.9656303,0.963182,1.0000004,0.9554772,0.96055675,0.96196944,0.9763057,0.9599118,0.95190865,0.9596869,0.95883965,0.96418947,0.95341295,0.96002924,0.9535009,0.9768472,0.95975304,0.9512925,0.9541808,0.953442,0.96459675,0.9619409,0.95670456,0.8863978,0.9756651,0.96182597,0.9595672,0.9578944,0.96777534,0.9569428,0.9463739,0.96770865,0.95356524,0.93912643,0.9674519,0.9566052,0.96197,0.9528706,0.9659258,0.9664688,0.9508601,0.95981306,0.9618365,0.95068926,0.9628866,0.9611189,0.95969826,0.9631994,0.9691318,0.9665741,0.9541441,0.9604317,0.94159263,0.9721153,0.9640869,0.9531012,0.9703117,0.9576203,0.96891624,0.9630762,0.96784407,0.96312267,0.95052326,0.95740616,0.95466775,0.96131706,0.96354216,0.94682807,0.9665493,0.80751044,0.94758344,0.9642502,0.9514881,0.95262706,0.952848,0.9576095,0.95554394,0.953528,0.95405424,0.95686555,0.9659349,0.94843304,0.96072,0.96498305,0.9544618,0.95725757,0.9498138,0.96196145,0.96160597,0.9665493,0.9581434,0.95409256,0.972174,0.9504057,0.9598075,0.96699977,0.95346445,0.94382364,0.96062,0.9536483,0.9474619,0.96884537,0.9512012,0.9692102,0.9652751,0.9634629,0.94380784,0.95420307,0.9662232,0.90175176,0.9604942,0.9452668,0.9452566,0.9614557,0.958676,0.9556765,0.96680796,0.9585142,0.9663707,0.9498115,0.962326,0.9509817,0.9658224,0.9641821,0.9558422,0.9610085,0.9670586,0.9499977,0.9619209,0.9660539,0.9622704,0.93876314,0.9501155,0.9620797,0.9533179,0.96054244,0.9638632,0.96017,0.9763057,0.96131283,0.9497639,0.95556146,0.9506534,0.9685422,0.9510328,0.94980156,0.96558946,0.9645135,0.9652295,0.9597422,0.9642854,0.94128156,0.96064323,0.96234334,0.9586503,0.9608623,0.9584929,0.9504504,0.9763057,0.9656055,0.957938,0.95878434,0.96393937
adogsjourneymovie,0.96516615,0.9570639,0.9712818,0.9446654,0.9554772,0.9999999,0.9642517,0.96441054,0.9778424,0.9584922,0.9539219,0.9636243,0.956154,0.95955706,0.9606403,0.97053456,0.9538627,0.9656748,0.95171374,0.95591813,0.95375335,0.96379656,0.9644395,0.9560897,0.9584994,0.8996843,0.96378833,0.96117824,0.9644908,0.95725894,0.94493216,0.9652978,0.95300484,0.96248114,0.9528392,0.9349632,0.9654168,0.96476364,0.96879476,0.9651232,0.952934,0.96580166,0.95118946,0.9552636,0.96452945,0.9515883,0.9635347,0.9656539,0.96257424,0.95996624,0.9635878,0.97119373,0.9606012,0.9522336,0.9461127,0.95469344,0.9518428,0.9653883,0.9512951,0.96614844,0.9569082,0.96563333,0.9648688,0.96499324,0.96628636,0.95837927,0.957077,0.9642474,0.9624114,0.9432262,0.97473043,0.8003029,0.94247234,0.9608369,0.9576989,0.9527111,0.9468532,0.9547054,0.9548307,0.97088367,0.9553018,0.9568225,0.95690423,0.9527459,0.9558174,0.96127427,0.9476966,0.9630697,0.9579048,0.96274334,0.95805943,0.97473043,0.95275116,0.95669425,0.9591543,0.9572715,0.9592679,0.96699584,0.9544192,0.9548321,0.96093976,0.96796155,0.9539493,0.9719658,0.9477492,0.96385664,0.95466644,0.96372163,0.9472242,0.9513704,0.97260666,0.9116514,0.9569046,0.93192255,0.9629781,0.9586103,0.9660439,0.95581216,0.9596964,0.96031517,0.96053296,0.957941,0.9600957,0.9741741,0.963376,0.96137136,0.9612614,0.95275205,0.9505491,0.9409743,0.9566293,0.9515598,0.9645335,0.9445525,0.9551876,0.95723814,0.9562139,0.962789,0.97608274,0.950888,0.9778424,0.9634402,0.95374835,0.95851123,0.95324147,0.9664456,0.95800424,0.94571006,0.95679045,0.9631268,0.9639368,0.9641112,0.97167206,0.951877,0.9528421,0.9650667,0.95983297,0.96225023,0.960682,0.95768917,0.9778424,0.9473897,0.96258044,0.96164256,0.9586824
aftermathmovie,0.972046,0.96354187,0.9732257,0.96209353,0.96055675,0.9642517,0.99999994,0.9713805,0.9863279,0.9671482,0.961815,0.964661,0.96905464,0.9664983,0.9677003,0.96295506,0.96247184,0.9706211,0.9534733,0.96246916,0.9683118,0.96255565,0.97171164,0.9673967,0.96718204,0.88585126,0.96447486,0.96696514,0.9712491,0.9606973,0.9588985,0.97504073,0.9587977,0.9630223,0.9659315,0.9517424,0.9770516,0.97028667,0.9678712,0.9750785,0.96308774,0.96849304,0.954705,0.9658928,0.978105,0.9566083,0.96881634,0.97408783,0.96643883,0.9697799,0.97320694,0.977006,0.9664953,0.97017473,0.9519868,0.95876884,0.9625517,0.97183186,0.9681753,0.9718054,0.96847296,0.97542304,0.97632813,0.9690164,0.96764743,0.97675925,0.96225256,0.97186035,0.96696424,0.9660429,0.97832227,0.78796464,0.9579385,0.9658572,0.9623209,0.9643639,0.95287216,0.9690465,0.9641238,0.96694845,0.95808226,0.9800378,0.96776736,0.95679563,0.97431374,0.9721322,0.9569275,0.97274286,0.9686391,0.9762798,0.97385454,0.97832227,0.97216904,0.9664704,0.9687492,0.9613912,0.9720057,0.9674283,0.98248327,0.9601551,0.9718971,0.9726906,0.963812,0.9764537,0.96694624,0.97671396,0.96921587,0.96847785,0.94970787,0.9596265,0.9768288,0.91548574,0.9716614,0.9432393,0.9662754,0.9599588,0.9708609,0.95661277,0.97233754,0.9906116,0.9716262,0.97628075,0.9706921,0.95745635,0.97020656,0.9717859,0.97232604,0.9622291,0.9581875,0.9541379,0.9734426,0.9559358,0.9727606,0.94941473,0.9704635,0.9655493,0.9669175,0.97406906,0.9781667,0.96189827,0.9863279,0.9691067,0.96179163,0.96785104,0.9613758,0.9753347,0.96858376,0.9635455,0.96856,0.9698421,0.9895887,0.97069633,0.96754783,0.95396954,0.9636168,0.97549194,0.9685422,0.9710402,0.97694844,0.96502995,0.9863279,0.96497077,0.9672634,0.96503276,0.96462244
aftermovie,0.9728864,0.96607447,0.97052735,0.9543935,0.96196944,0.96441054,0.9713805,1.0,0.9824781,0.96178025,0.9556859,0.96501124,0.9618545,0.96037686,0.96259075,0.96759367,0.96266514,0.96438235,0.96348363,0.96027184,0.969434,0.9634475,0.9650733,0.9729679,0.95821375,0.8797192,0.95681906,0.9701373,0.97186416,0.9628956,0.9578571,0.96778786,0.9562972,0.959091,0.9591175,0.9470704,0.9766149,0.9670896,0.97225606,0.9648428,0.965366,0.96264887,0.9526323,0.96231425,0.9695756,0.9536559,0.9642736,0.96808517,0.9636199,0.9696065,0.97371227,0.97520435,0.9633809,0.9660867,0.9581182,0.9541399,0.9641505,0.96582633,0.9619644,0.97160256,0.968097,0.96702975,0.9663523,0.9663779,0.96638274,0.967924,0.9618853,0.97064066,0.96354413,0.9625416,0.9760291,0.77392256,0.9488377,0.96928275,0.95230824,0.9502427,0.9542713,0.960785,0.96708506,0.96557915,0.9581158,0.9660784,0.96130335,0.9515862,0.9702333,0.9706736,0.9564055,0.96612865,0.96431434,0.9669678,0.97000426,0.9760291,0.96199745,0.96351534,0.96788937,0.96099395,0.9686811,0.96570927,0.9562906,0.95094097,0.9712204,0.9671354,0.96036756,0.97426325,0.95970595,0.97314644,0.9677391,0.9712255,0.9552051,0.96027625,0.9784333,0.9106898,0.96825635,0.93593377,0.9613658,0.9641345,0.974639,0.9544639,0.96838075,0.9683719,0.9719101,0.9629097,0.9707154,0.9562738,0.9648536,0.9651236,0.96612924,0.96771747,0.9584117,0.9493451,0.97424763,0.96178186,0.97022116,0.9490416,0.9654761,0.9641965,0.9614238,0.96834975,0.97499025,0.9598631,0.9824781,0.96486646,0.9603667,0.9632385,0.96441853,0.9766652,0.96802545,0.95906585,0.97044927,0.96989936,0.96918136,0.96377367,0.9708353,0.94640785,0.957304,0.96528023,0.9667389,0.97098213,0.9742196,0.9668165,0.9824781,0.9601687,0.9660379,0.9626093,0.9610901
ahiddenlifefilm,0.9790655,0.9776756,0.9850071,0.9726562,0.9763057,0.9778424,0.9863279,0.9824781,0.9999998,0.97494006,0.9740945,0.975808,0.97896624,0.980775,0.9733943,0.9770268,0.97549975,0.9805447,0.97029126,0.9676133,0.97854257,0.97518855,0.9824925,0.97726583,0.97468096,0.91212153,0.976559,0.98094517,0.98245376,0.9780938,0.9741127,0.98322725,0.9671854,0.9771634,0.9790078,0.9678055,0.98705167,0.9805691,0.98245484,0.9781519,0.9795115,0.98359233,0.96937186,0.98122126,0.98410666,0.9699384,0.97938585,0.9807843,0.9810465,0.9843273,0.9837964,0.9863429,0.97609025,0.9758242,0.964311,0.97718966,0.9786339,0.98008627,0.9783067,0.98111904,0.9787403,0.98128927,0.98474,0.9836719,0.97569007,0.9802395,0.9704689,0.98278755,0.9793496,0.97369593,0.9861319,0.80126274,0.97620183,0.9799451,0.97730184,0.9717137,0.96652853,0.97882605,0.9776218,0.9800241,0.9738283,0.97663593,0.9795609,0.97419125,0.97891957,0.9809291,0.97126085,0.98384583,0.9727834,0.9830628,0.9824001,0.9861319,0.9826465,0.97480124,0.98155636,0.97759646,0.9815777,0.9813014,0.97600555,0.9698539,0.9838777,0.9785173,0.9748382,0.9862322,0.97399586,0.9844422,0.9798445,0.9839111,0.96636885,0.9736401,0.98970664,0.925086,0.9780739,0.9584171,0.973688,0.97866917,0.98251253,0.9771218,0.9845791,0.9831032,0.98150635,0.97971886,0.97966504,0.97058517,0.9802865,0.98168945,0.9837558,0.97474724,0.9718723,0.96864253,0.9787518,0.97197604,0.98476535,0.9637447,0.9743464,0.9787696,0.97555745,0.9808382,0.986546,0.9714845,0.9999998,0.9811221,0.9750467,0.9802774,0.9745197,0.98181266,0.9781577,0.97191393,0.9837458,0.98111695,0.98594666,0.97952384,0.9829733,0.95728326,0.9721841,0.9787286,0.9791676,0.977876,0.98012817,0.97582823,0.9999998,0.9770103,0.98045933,0.98066527,0.9758523
alitamovie,0.9597204,0.96051866,0.96534485,0.94461054,0.9599118,0.9584922,0.9671482,0.96178025,0.97494006,0.99999976,0.95805013,0.95917344,0.9554926,0.950987,0.9597706,0.956469,0.9418588,0.96370447,0.9408757,0.9469913,0.9582624,0.9451432,0.9604942,0.95759743,0.9549893,0.8886373,0.9501919,0.9564008,0.96388036,0.95478606,0.94483167,0.9562417,0.94124246,0.96300143,0.9462785,0.9365927,0.9677349,0.95467883,0.96559787,0.956084,0.9558745,0.9609144,0.95194125,0.9638761,0.9599065,0.9447864,0.96285945,0.96504265,0.9567747,0.9624836,0.9651295,0.9657833,0.9588681,0.9542299,0.9325977,0.9543589,0.94976825,0.95743155,0.95709074,0.9661632,0.9653057,0.96079737,0.96004754,0.9580631,0.9638323,0.9664484,0.9429013,0.9627883,0.9601769,0.9554162,0.9703143,0.78411084,0.95127577,0.9591659,0.94464767,0.9466587,0.94095224,0.95982146,0.9638188,0.962484,0.95547,0.9550211,0.9684748,0.93799514,0.95411944,0.96732944,0.952011,0.9599289,0.95131606,0.96068215,0.95817614,0.9703143,0.95548046,0.9526477,0.9593347,0.9548896,0.96115166,0.95659584,0.9604782,0.95429593,0.956026,0.95516527,0.96235496,0.9682336,0.97539896,0.96348363,0.9534037,0.967683,0.9512967,0.9499867,0.9621695,0.91264814,0.95428354,0.9313598,0.9450296,0.9585643,0.9641651,0.94532,0.9660505,0.9550502,0.9615277,0.9599519,0.95527303,0.94529396,0.955829,0.95840067,0.96070755,0.9518015,0.9536116,0.94623035,0.97054595,0.9568127,0.9620389,0.9450895,0.9546894,0.9601188,0.9521386,0.9605221,0.9664131,0.94626987,0.97494006,0.95774597,0.9559618,0.9666032,0.96493596,0.96606547,0.96111315,0.94854254,0.9664925,0.9505352,0.9625136,0.9578085,0.9628616,0.94574237,0.9636979,0.966609,0.9559882,0.9691394,0.95449674,0.9484961,0.97494006,0.9509648,0.95980805,0.94709206,0.9579182
angelhasfallen,0.9629396,0.9578539,0.9527152,0.9407677,0.95190865,0.9539219,0.961815,0.9556859,0.9740945,0.95805013,1.0000001,0.9506345,0.95420635,0.95556647,0.9495908,0.9614502,0.94632095,0.9618354,0.95386636,0.9397611,0.9580274,0.940663,0.9544079,0.9522126,0.95670605,0.8996118,0.94926786,0.9488993,0.95418495,0.95138955,0.9554728,0.9626796,0.941765,0.944211,0.95939726,0.9347819,0.95582277,0.9608001,0.9537919,0.95750356,0.9573616,0.9607398,0.94679815,0.955443,0.9571968,0.9328864,0.955679,0.9526644,0.9502993,0.96058935,0.9524161,0.96502006,0.9532998,0.9455973,0.9387987,0.9479866,0.9451351,0.96007365,0.9503282,0.9628029,0.9527817,0.95478076,0.95824087,0.9556214,0.9633947,0.96815646,0.9387079,0.96544427,0.9685515,0.9445391,0.9649302,0.7638422,0.94190806,0.9570417,0.94927734,0.9471648,0.94465685,0.9566895,0.95658106,0.9550785,0.97453064,0.94960237,0.9616002,0.95349795,0.94428575,0.9572921,0.96288157,0.96350896,0.9432813,0.9612441,0.9528846,0.9649302,0.95088154,0.9510652,0.94311035,0.9608442,0.9672069,0.9543798,0.9576705,0.9438991,0.95187616,0.9558178,0.94891393,0.9630382,0.9510348,0.9531791,0.9535908,0.9640094,0.94439995,0.95311767,0.9653382,0.8975386,0.9561823,0.91629374,0.9528933,0.97093797,0.96357024,0.95245975,0.9639331,0.9592753,0.96094054,0.96002483,0.95968634,0.94187325,0.9546768,0.9531335,0.95921004,0.95014876,0.9515551,0.94871885,0.96088994,0.9474448,0.95720893,0.9410919,0.95418733,0.94314444,0.9577485,0.95414793,0.9643326,0.94191885,0.9740945,0.94567317,0.95120966,0.96595937,0.95931375,0.9536151,0.9428773,0.9532828,0.9680814,0.953303,0.95954406,0.94830984,0.9575393,0.93255484,0.9545073,0.96078545,0.9532501,0.9522602,0.95954055,0.9573265,0.9740945,0.9456762,0.9589601,0.9517718,0.94493395
angrybirdsmovie,0.96059346,0.9656428,0.97352487,0.9539091,0.9596869,0.9636243,0.964661,0.96501124,0.975808,0.95917344,0.9506345,1.0000001,0.9423601,0.956012,0.9508666,0.9619071,0.95193535,0.96250755,0.9533253,0.9473001,0.9500816,0.9575216,0.9553696,0.9651406,0.95834875,0.8880213,0.96527463,0.95027,0.96583366,0.9643696,0.951432,0.95412475,0.9511288,0.96249926,0.9510847,0.9390934,0.96532524,0.95100033,0.96319115,0.9548415,0.9522014,0.95985377,0.95058846,0.95225656,0.95476013,0.9547696,0.9585846,0.9612696,0.95854795,0.95850164,0.97270215,0.966143,0.9452255,0.9564416,0.9400979,0.95724964,0.9546488,0.95532066,0.94994557,0.9568917,0.9575498,0.9616182,0.9639099,0.96179855,0.96483797,0.96165866,0.94695884,0.95539856,0.9530403,0.9552321,0.96319956,0.8046447,0.94993234,0.95892805,0.9517439,0.951006,0.9486316,0.9455611,0.9546303,0.95727646,0.95489603,0.95041335,0.9544451,0.9466022,0.9598267,0.96317637,0.9466644,0.9549621,0.94498026,0.9583791,0.95436734,0.96319956,0.9545165,0.95683014,0.9648984,0.9464836,0.9542312,0.95917076,0.9554254,0.94720304,0.96721613,0.96271193,0.9516329,0.96106875,0.94740367,0.9737189,0.96528393,0.9646757,0.94513935,0.95071787,0.9683251,0.89720416,0.94876146,0.9276856,0.9541658,0.9560245,0.9629669,0.94998395,0.9569353,0.9608079,0.95262676,0.954855,0.9515026,0.9625267,0.96159947,0.9586158,0.9591106,0.96529835,0.95158345,0.94276524,0.9620074,0.9497889,0.96125907,0.94103587,0.9471751,0.9585399,0.95186085,0.96516854,0.97227573,0.950422,0.975808,0.9644429,0.9580307,0.9545382,0.94974524,0.96350944,0.9665086,0.9486512,0.9575675,0.96231246,0.9609893,0.9567831,0.9632435,0.943031,0.94368213,0.95781237,0.9581252,0.9613934,0.9550139,0.95406383,0.975808,0.9569448,0.9653832,0.95002663,0.96392345
annabellemovie,0.95078135,0.954222,0.9696953,0.9665456,0.95883965,0.956154,0.96905464,0.9618545,0.97896624,0.9554926,0.95420635,0.9423601,0.99999994,0.9577693,0.9549639,0.9538386,0.95417416,0.9590852,0.946041,0.9473185,0.9612592,0.9517205,0.96077603,0.95974547,0.9579874,0.9054761,0.9591032,0.9606287,0.95465046,0.9546001,0.9531871,0.9694228,0.9456252,0.95763457,0.9662029,0.9534395,0.96810895,0.97601,0.9586747,0.96254486,0.96377563,0.96893585,0.9588127,0.9620504,0.95864564,0.9526514,0.95545274,0.96604884,0.96892905,0.96492654,0.9575175,0.97368795,0.9711539,0.9549545,0.953464,0.9548524,0.9595508,0.95928574,0.96851754,0.9636067,0.96629816,0.97407204,0.9591179,0.9729983,0.9573586,0.964848,0.9532187,0.9700414,0.9542949,0.9465509,0.966369,0.7861376,0.9519621,0.9558516,0.9507871,0.9462361,0.942645,0.96375954,0.95542765,0.960091,0.94999963,0.9638031,0.96975434,0.95567095,0.9684357,0.9576321,0.9556767,0.9861767,0.9543697,0.9602888,0.96974534,0.966369,0.9668924,0.95547575,0.9602909,0.9619715,0.9657138,0.9658235,0.95909667,0.94527143,0.96553385,0.95933044,0.95045316,0.9647603,0.9538713,0.95857775,0.9589907,0.9677452,0.94169,0.9523955,0.9764052,0.9164286,0.9611274,0.95260125,0.95267844,0.9518294,0.9544687,0.95388234,0.96393365,0.964057,0.97694486,0.9634013,0.96268654,0.95194095,0.9525516,0.9687635,0.9676911,0.9485302,0.941685,0.9553737,0.9547049,0.9434422,0.964359,0.94351935,0.95743024,0.9568589,0.9460195,0.9683869,0.966369,0.95260036,0.97896624,0.9566813,0.9602729,0.9644623,0.95783174,0.97001135,0.9580418,0.9583364,0.9686597,0.9635833,0.9652146,0.97005624,0.96298426,0.9363976,0.95637405,0.9603852,0.95480925,0.9523085,0.96236914,0.95485055,0.97896624,0.95566136,0.9486477,0.9615413,0.95091635
annamovie,0.96675944,0.95009387,0.96160126,0.9516449,0.96418947,0.95955706,0.9664983,0.96037686,0.980775,0.950987,0.95556647,0.956012,0.9577693,1.0000001,0.9645693,0.9608787,0.96551025,0.9665154,0.96318966,0.9596189,0.9640175,0.9620672,0.97217935,0.95945215,0.95985526,0.89421517,0.95966226,0.96103966,0.96032745,0.9647618,0.96220505,0.96929985,0.94279045,0.95527965,0.9573602,0.9483734,0.9653901,0.96487707,0.96679366,0.9631528,0.9667211,0.963525,0.9460844,0.96112686,0.96969306,0.96253234,0.9657195,0.96132946,0.96269155,0.96256244,0.96410227,0.9698983,0.9616294,0.9580353,0.94492495,0.9636993,0.9657693,0.9595459,0.96216345,0.95744544,0.96582663,0.9570822,0.96858716,0.97621393,0.9574119,0.9594407,0.959676,0.9666606,0.96580344,0.9551563,0.9661381,0.79479766,0.9546452,0.96210015,0.9568782,0.95870167,0.9446757,0.9660304,0.95557725,0.95991015,0.95612985,0.95421433,0.96182823,0.94786435,0.9613815,0.96215147,0.9510374,0.96347487,0.9543461,0.96373445,0.96367806,0.9661381,0.9655286,0.9641718,0.9607999,0.9615511,0.96757567,0.96229285,0.9586621,0.96858513,0.9681744,0.96124434,0.949858,0.9627191,0.9698104,0.96599495,0.9680201,0.9635644,0.94945043,0.95827705,0.9716961,0.89215064,0.96562934,0.9239565,0.9615629,0.9649024,0.9688067,0.9610477,0.9692858,0.96657246,0.9666689,0.96210206,0.9613021,0.95709425,0.96567446,0.9696597,0.96785015,0.95785004,0.95058554,0.95138526,0.9611169,0.95577586,0.9687247,0.9488521,0.9529205,0.96409994,0.95951426,0.963852,0.9675792,0.9694556,0.980775,0.9627477,0.96501917,0.9603203,0.9605574,0.96503407,0.9514637,0.9558018,0.9604765,0.9677076,0.96908766,0.9617049,0.9666768,0.94400936,0.9571817,0.95400685,0.9706877,0.95704275,0.96710706,0.961765,0.980775,0.96184224,0.96481925,0.9681738,0.9568709
apollo11movie,0.96282274,0.9493454,0.96301126,0.944849,0.95341295,0.9606403,0.9677003,0.96259075,0.9733943,0.9597706,0.9495908,0.9508666,0.9549639,0.9645693,1.0000001,0.95381975,0.9545348,0.95845413,0.9570784,0.9714739,0.95912176,0.9595162,0.95293695,0.9569167,0.95765656,0.8885785,0.9547465,0.9538003,0.96120787,0.9593003,0.9524415,0.96726185,0.94385535,0.9575366,0.94518656,0.93100065,0.96329457,0.96232545,0.9618004,0.9647399,0.9552819,0.962387,0.94916934,0.95989394,0.96255946,0.9509225,0.95135885,0.9557663,0.96066123,0.9615239,0.9652535,0.97090375,0.9547313,0.9557464,0.9409271,0.9503548,0.95777905,0.9588568,0.9551414,0.9572253,0.9558718,0.96402615,0.96422446,0.9595672,0.95717376,0.95399123,0.964087,0.9669941,0.9607986,0.9480375,0.9594956,0.7877643,0.9466312,0.9496269,0.95035213,0.959074,0.9264708,0.9686412,0.9574638,0.9576414,0.9496625,0.9615723,0.9615001,0.9399476,0.9613924,0.9562869,0.9406126,0.95851636,0.9432835,0.9622296,0.96522045,0.9594956,0.9644551,0.96656764,0.955875,0.9680792,0.9536415,0.9468035,0.95930296,0.9501339,0.95799506,0.9604481,0.9540055,0.9573066,0.95792836,0.96564937,0.96030873,0.96356833,0.9528658,0.940244,0.967618,0.90574265,0.953957,0.9141374,0.9521513,0.9533079,0.9601772,0.94142336,0.9643391,0.9666765,0.96715826,0.96052504,0.9575152,0.9460044,0.9569823,0.96767044,0.95403093,0.95320696,0.9416007,0.9500774,0.9587689,0.94467664,0.9646485,0.9412986,0.94715905,0.96397626,0.953226,0.9570769,0.95645446,0.95414096,0.9733943,0.9670815,0.9492016,0.9610393,0.96032786,0.96895254,0.9497551,0.94397426,0.9577385,0.9516724,0.9648415,0.9592763,0.95835024,0.94489646,0.94492656,0.95094365,0.9572533,0.96215844,0.9638875,0.9503587,0.9733943,0.9425895,0.96118623,0.94644886,0.9619644
arcticdogsmovie,0.9684807,0.9741588,0.96840864,0.9468398,0.96002924,0.97053456,0.96295506,0.96759367,0.9770268,0.956469,0.9614502,0.9619071,0.9538386,0.9608787,0.95381975,1.0000001,0.9563067,0.96334594,0.95389533,0.953528,0.95880425,0.9552761,0.9624084,0.964567,0.95161736,0.8829006,0.95489657,0.9594828,0.9593801,0.9606343,0.9562598,0.9634943,0.9558979,0.96027285,0.9645197,0.9400177,0.9684272,0.96516204,0.9655064,0.9613638,0.96363,0.95779115,0.94627225,0.94930774,0.96210593,0.94680005,0.96325177,0.9574227,0.96055096,0.95473075,0.96160525,0.97175413,0.9526793,0.9549652,0.94386256,0.956191,0.9544155,0.96068835,0.9508211,0.96007085,0.9567046,0.9577651,0.962305,0.95608073,0.9655205,0.9627964,0.9526961,0.96578574,0.9636002,0.9494701,0.9675533,0.8004616,0.9457959,0.96552,0.95501333,0.9479692,0.9501823,0.9574874,0.9601972,0.9618941,0.9674714,0.9562043,0.9532601,0.95631206,0.96203977,0.956151,0.95738214,0.95372957,0.94618344,0.97022194,0.9545716,0.9675533,0.94794005,0.9520217,0.9622624,0.96414757,0.95263636,0.96066564,0.94979805,0.95799387,0.9573862,0.9670169,0.958351,0.9642003,0.95114416,0.9645982,0.95699966,0.96472156,0.9545107,0.9542026,0.9730579,0.8992668,0.9548961,0.92819166,0.9530333,0.9648722,0.97302914,0.9617147,0.96500826,0.95786613,0.9661251,0.96012956,0.96406806,0.9621729,0.9606344,0.95674384,0.95719385,0.9574427,0.9543366,0.94325954,0.96104485,0.95174086,0.96697,0.94092524,0.9548029,0.9546154,0.9638029,0.96672404,0.9706835,0.9500755,0.9770268,0.9528998,0.9531996,0.9604203,0.953476,0.96667814,0.955095,0.96110845,0.9605733,0.9613841,0.9636561,0.9596688,0.96632135,0.9392642,0.9498309,0.9624256,0.96234846,0.9625958,0.95943177,0.9615219,0.9770268,0.9573925,0.96168554,0.96390736,0.95146626
arcticmovie,0.95999646,0.952473,0.96675444,0.9508679,0.9535009,0.9538627,0.96247184,0.96266514,0.97549975,0.9418588,0.94632095,0.95193535,0.95417416,0.96551025,0.9545348,0.9563067,1.0000001,0.95795697,0.9610335,0.9502498,0.95483506,0.9571155,0.96106553,0.9562484,0.9527088,0.88580495,0.9444049,0.9712009,0.961556,0.9690715,0.9584528,0.9633096,0.93707,0.94936687,0.9489285,0.94315207,0.964403,0.95489955,0.9655826,0.9608691,0.95365965,0.95496505,0.9427099,0.95864415,0.96417356,0.9483986,0.9582105,0.95858234,0.96162474,0.9595222,0.9593313,0.9599008,0.9486961,0.9508489,0.94088405,0.9535556,0.9546396,0.9597567,0.95470303,0.95663434,0.95922285,0.9551575,0.9638075,0.964596,0.9488918,0.9605179,0.9485765,0.9593912,0.9512896,0.95913553,0.9610596,0.7808935,0.95852786,0.96158826,0.9523941,0.9539756,0.93711585,0.9576283,0.95503926,0.9589479,0.9540572,0.9464476,0.95121634,0.9597761,0.9531529,0.9544231,0.9490765,0.95826733,0.95173174,0.9572284,0.9623887,0.9610596,0.9604012,0.9514042,0.9556232,0.96077555,0.95821553,0.9557125,0.95174044,0.9439018,0.962882,0.95776415,0.9506222,0.95884037,0.9458039,0.9621389,0.9684278,0.95941687,0.9431137,0.94804907,0.9686848,0.8931375,0.9673144,0.93190867,0.9546494,0.9530412,0.9598406,0.95240563,0.9682921,0.9612355,0.95589983,0.9532641,0.95607185,0.9554708,0.95576435,0.9684026,0.96063066,0.9595757,0.95308524,0.9484607,0.9507308,0.956173,0.9821788,0.96948487,0.9576761,0.9656161,0.9476656,0.9573289,0.9612771,0.9542099,0.97549975,0.95671713,0.95375305,0.9533571,0.95357215,0.9573121,0.9540387,0.94734555,0.9576709,0.9669765,0.95970225,0.96202403,0.9595924,0.93536067,0.9459598,0.94564277,0.9591211,0.9582944,0.96240866,0.9680081,0.97549975,0.9587618,0.9577522,0.9611311,0.9499988
artofracingmovie,0.9663046,0.96276677,0.9678764,0.9568666,0.9768472,0.9656748,0.9706211,0.96438235,0.9805447,0.96370447,0.9618354,0.96250755,0.9590852,0.9665154,0.95845413,0.96334594,0.95795697,0.9999995,0.9579981,0.9536446,0.95398265,0.96312314,0.9669761,0.9587484,0.9583303,0.8844812,0.9712391,0.9673889,0.9685614,0.9562402,0.9611386,0.9703557,0.9580201,0.9655861,0.95266867,0.9368965,0.9676715,0.96122044,0.9617764,0.96705604,0.96046746,0.96575195,0.94812614,0.9626572,0.97056,0.9470138,0.9640723,0.96518457,0.9635432,0.9623746,0.96848255,0.9723432,0.9607569,0.95829266,0.93959326,0.9745522,0.9581246,0.9543006,0.9672842,0.9663595,0.96626246,0.9685895,0.96781486,0.96740097,0.96188337,0.96418965,0.9539732,0.9683708,0.971313,0.9518903,0.9743569,0.80355775,0.9513925,0.9663796,0.9605916,0.9574634,0.94491273,0.9588933,0.9588143,0.9646692,0.96004677,0.9567145,0.96216404,0.95642185,0.9560698,0.97110236,0.9501876,0.9645557,0.961533,0.9682495,0.9625438,0.9743569,0.96100825,0.96152425,0.9642161,0.9495189,0.9669006,0.96883965,0.9607806,0.95608383,0.9642836,0.95726335,0.9535518,0.9746564,0.9570376,0.97150666,0.9701803,0.97016835,0.9453741,0.9614652,0.9736818,0.90660316,0.9626455,0.93595475,0.9536653,0.9723406,0.96467716,0.96036667,0.9686419,0.9676437,0.9648097,0.957615,0.9605176,0.95341605,0.9708363,0.9644922,0.96595556,0.9552106,0.9641992,0.94521636,0.9618712,0.9694566,0.97032017,0.94978625,0.955243,0.9552176,0.9656029,0.9638611,0.9722706,0.9569359,0.9805447,0.96403515,0.956043,0.9632377,0.9539137,0.96519214,0.9484921,0.95039594,0.9678842,0.96237814,0.9687137,0.96065617,0.963263,0.94488937,0.966404,0.96675074,0.96291316,0.9641015,0.96732765,0.95535433,0.9805447,0.9631552,0.9679251,0.9627304,0.9590466
avengers,0.9693341,0.9473198,0.95948535,0.9426269,0.95975304,0.95171374,0.9534733,0.96348363,0.97029126,0.9408757,0.95386636,0.9533253,0.946041,0.96318966,0.9570784,0.95389533,0.9610335,0.9579981,0.99999976,0.95341414,0.96055424,0.9589078,0.9516361,0.96332306,0.9538388,0.90507126,0.9516581,0.95508903,0.96543086,0.9624121,0.980453,0.9545817,0.93206334,0.953989,0.9385462,0.9281609,0.9509225,0.95737904,0.9609029,0.94137985,0.95459896,0.95554376,0.94871116,0.95119715,0.96059227,0.94615203,0.9479979,0.9524356,0.94990283,0.9578243,0.9646273,0.95777535,0.9440727,0.95474756,0.9361808,0.9519284,0.96088004,0.9560422,0.9585021,0.9555318,0.9510995,0.9523147,0.9576565,0.9525023,0.9480767,0.94963044,0.95810956,0.96424675,0.9607621,0.93712974,0.95835453,0.79193485,0.9410767,0.9550586,0.9392061,0.9557946,0.94317514,0.95523816,0.95658493,0.9466195,0.96004933,0.947625,0.95208627,0.94342893,0.9477855,0.9541219,0.9422343,0.9536666,0.93982273,0.94660693,0.95284057,0.95835453,0.9538791,0.9589831,0.95331144,0.9557511,0.9586183,0.95441985,0.94358087,0.942004,0.95197624,0.9591594,0.94628155,0.9527931,0.94056296,0.9652707,0.96285766,0.95483416,0.9494128,0.94007856,0.96601784,0.8792454,0.957814,0.91448766,0.9469578,0.96089864,0.95980096,0.9424841,0.96275395,0.9529754,0.95521814,0.9477015,0.9607417,0.9478453,0.95472383,0.9678103,0.95447814,0.9617533,0.9449767,0.9463556,0.9587985,0.9539173,0.96123177,0.943483,0.95238614,0.957451,0.9450073,0.95071995,0.9568882,0.9486473,0.97029126,0.96019006,0.9457154,0.9532544,0.9497181,0.9590028,0.9486602,0.9381342,0.9539843,0.96469986,0.9547157,0.95167065,0.9516053,0.95244896,0.9449063,0.947377,0.9539862,0.9489586,0.9569928,0.95216465,0.97029126,0.94668734,0.9515543,0.94920707,0.9582467
beachbummovie,0.9621026,0.94748664,0.9545935,0.93983865,0.9512925,0.95591813,0.96246916,0.96027184,0.9676133,0.9469913,0.9397611,0.9473001,0.9473185,0.9596189,0.9714739,0.953528,0.9502498,0.9536446,0.95341414,0.9999998,0.95903987,0.962645,0.9546339,0.9566797,0.9514902,0.8594887,0.9503745,0.94920063,0.95620555,0.9529295,0.948875,0.9546326,0.9330249,0.954047,0.9361465,0.92500436,0.9472728,0.9604846,0.95626646,0.95941585,0.9478598,0.9570349,0.93606424,0.95124656,0.963153,0.9615319,0.9494817,0.9462316,0.95254934,0.9520427,0.96550953,0.9604178,0.9453087,0.95527625,0.9465763,0.9561115,0.9487558,0.95806366,0.9508044,0.94677126,0.9436619,0.95561814,0.9574628,0.9550091,0.9546263,0.9483783,0.950823,0.9596485,0.95121735,0.94936717,0.95586854,0.7725552,0.94521886,0.95077264,0.94389963,0.9533548,0.9338005,0.96331066,0.9537868,0.93549836,0.93848085,0.9574943,0.95466954,0.92749894,0.9582235,0.9522263,0.9422316,0.9542679,0.9504972,0.96405065,0.9557547,0.95586854,0.9538641,0.9535248,0.9499577,0.95033956,0.94158065,0.9597396,0.95623213,0.9437228,0.9517719,0.96400595,0.94324106,0.9543034,0.94898045,0.96574026,0.9480653,0.95150346,0.95150954,0.9324572,0.9633226,0.91007,0.95822,0.9106831,0.9550558,0.9592938,0.9595672,0.9337617,0.9574978,0.95416296,0.957947,0.9507875,0.9559772,0.94276035,0.9472758,0.9598864,0.94825524,0.95819896,0.93974817,0.9311935,0.9617552,0.94107944,0.9535306,0.94143414,0.9563687,0.9520156,0.9507811,0.9530943,0.9528459,0.9593132,0.9676133,0.95429045,0.94988394,0.9447202,0.94604236,0.96330494,0.9523618,0.9367491,0.94421667,0.95493275,0.95694906,0.9513746,0.95136636,0.9305992,0.9424386,0.9479013,0.94991475,0.95634687,0.96358925,0.9606634,0.9676133,0.94410115,0.95020485,0.9505849,0.9530069
bernadettefilm,0.9694187,0.95169383,0.9623262,0.951802,0.9541808,0.95375335,0.9683118,0.969434,0.97854257,0.9582624,0.9580274,0.9500816,0.9612592,0.9640175,0.95912176,0.95880425,0.95483506,0.95398265,0.96055424,0.95903987,1.0,0.95562595,0.9601731,0.9595863,0.9535323,0.89610434,0.95429224,0.96096545,0.9644446,0.954298,0.9549428,0.958917,0.94344485,0.9549256,0.95522106,0.94223,0.96125495,0.964585,0.963332,0.9583826,0.96018726,0.9614758,0.9548454,0.9564795,0.967002,0.95870554,0.958182,0.95824146,0.9586229,0.96293247,0.96247,0.9654903,0.94977885,0.9608697,0.94838476,0.96019155,0.9628222,0.96344393,0.9590001,0.95903724,0.9568499,0.96094155,0.96343505,0.9599268,0.95071083,0.9593217,0.95104176,0.966616,0.96225965,0.9578755,0.96247244,0.77170086,0.9532588,0.9660618,0.9516061,0.9556252,0.94241136,0.9688818,0.9649095,0.9497673,0.95495766,0.9589376,0.9553868,0.9442926,0.9589752,0.9519814,0.9539814,0.96721536,0.9489994,0.96996444,0.9610094,0.96247244,0.9594247,0.9509613,0.9578583,0.9596581,0.9586674,0.9518597,0.9582166,0.9515929,0.9632218,0.9597603,0.95818025,0.964385,0.95574623,0.9640505,0.9630622,0.96147126,0.958056,0.94920063,0.9743972,0.9046693,0.9642837,0.92287415,0.969372,0.96288806,0.96639013,0.9491124,0.9651385,0.9617558,0.96014243,0.9668256,0.96676284,0.9506476,0.95804864,0.96268517,0.965618,0.9532704,0.9543146,0.9513819,0.9758767,0.9471878,0.96456605,0.945741,0.9634397,0.95452553,0.9553941,0.95883274,0.9667898,0.9596993,0.97854257,0.9600052,0.9592011,0.96272403,0.9552208,0.97199166,0.96071124,0.9554988,0.962138,0.96411914,0.9685396,0.95888907,0.95981675,0.9380742,0.9549878,0.9564962,0.9585188,0.9513343,0.9697437,0.9638998,0.97854257,0.9589428,0.9561432,0.9621255,0.95231974
