movie,21bridgesmovie,47metersdown,abeautifuldaymovie,abominablemovie,adastramovie,adogsjourneymovie,aftermathmovie,aftermovie,ahiddenlifefilm,alitamovie,angelhasfallen,angrybirdsmovie,annabellemovie,annamovie,apollo11movie,arcticdogsmovie,arcticmovie,artofracingmovie,avengers,beachbummovie,bernadettefilm,blackandbluemovie,blackchristmas,blindedbythelightmovie,bombshellmovie,booksmart,breakthroughmovie,brianbanksmovie,brightburnmovie,brittanyrunsmov,captainmarvelofficial,captivestatemovie,catsmovie,charliesangels,childsplaymovie,clarathefilm,coldpursuitmovie,countdown,currentwarmovie,darkwatersmovie,detectivepikachumovie,disneyaladdin,disneyfrozen,disneymaleficent,doctorsleepmovie,dolemiteismyname,dontletgomovie,doramovie,downtonabbey_official,dumbo,escaperoom,everybodyknowsmovie,fastandfuriousmovie,fightingwmyfam,fivefeetapartfilm,fordvferrari,freaksthefilm,geminimanmovie,glassmovie,gloriabellmovie,godzillamovie,goldfinchmovie,goodboysmovie,goodliarmovie,gretafilm,halathemovie,happydeathdaymovie,harrietfilm,hellboymovie,hersmellmovie,highlifemovie,highstrungmovie,honeyboymovie,hotelmumbaifilm,httydragon,hustlemovie,hustlersmovie,isntitromantic,itmovieofficial,jayandsilentbob,johnwickmovie,jojorabbitmovie,jokermovie,judythefilm,jumanjimovie,justmercyfilm,knivesout,lalloronamovie,lastblackmansf,lastchristmasthemovie,latenightmovie,lighthousemovie,lionking,littlethemovie,littlewomenmovie,littlewoodsfilm,longshotmovie,lordsofchaosmovie,lucyintheskyfilm,mamovie2019,marriagestory,meettheaddams,meninblack,midsommarmovie,midwaymovie,missbalamovie,missinglinkfilm,motherlessbklyn,onceinhollywood,onthebasisofsex,overcomermovie,peanutbutterfalcon,petsematarymovie,piercingmovie,playingwithfire,playmobilthemovie,pomsmovie,queenandslim,rambomovie,readyornotfilm,richardjewellfilm,rocketmanmovie,scarystoriesmovie,secretlifeofpets,serenityfilm,shaftmovie,shazammovie,spidermanmovie,spiesindisguise,starwars,stormboymovie,stubermovie,taosdfilm,teenspiritmov,terminator,theaeronautsmov,thebestofenemies,thedeaddontdie,thefarewell,thehighwaymen,thehummingbirdprojectfilm,theintrudermovie,theirishmanfilm,thekitchenmovie,thelegomovie,themustangfilm,thenightingalefilm,theprodigymovie,thesunisalsoastar,theupsidefilm,tolkienmovie,toystory,triplefrontier,uglydolls,uncutgems,underthesilverlake,usmovie,wavesmovie,whatmenwant,wonderparkmovie,wrinklestheclown,xmenmovies,yardiefilm,yesterdaymovie,zombieland
21bridgesmovie,1.0000001,0.9688591,0.96984726,0.96427745,0.97065103,0.964683,0.97026175,0.97495383,0.98523253,0.9621514,0.96433896,0.9599752,0.9701232,0.9665788,0.9697968,0.9761632,0.97579575,0.96686924,0.9813625,0.950643,0.96409106,0.97093815,0.9754611,0.96985686,0.96861434,0.9109717,0.9652189,0.9717852,0.9754968,0.9674095,0.9629578,0.9673518,0.966259,0.96978074,0.94683903,0.93262273,0.96866,0.97699577,0.98282593,0.9613621,0.9660686,0.9654622,0.95959777,0.9739973,0.9781679,0.9693654,0.97315574,0.97029686,0.96671903,0.9704587,0.9724349,0.9700887,0.9741934,0.9546583,0.96186966,0.96816695,0.96215725,0.972849,0.96188825,0.9716398,0.95466256,0.96302646,0.9591457,0.9701117,0.96052456,0.9658648,0.9704871,0.964465,0.96171373,0.9564018,0.97623515,0.72270477,0.94890267,0.9680403,0.95290536,0.9604223,0.9435334,0.96870404,0.9673239,0.9618136,0.97380555,0.96721095,0.9720223,0.9636222,0.9687317,0.9663496,0.96961504,0.9724779,0.96946365,0.9742846,0.9713469,0.97623515,0.9677006,0.9603485,0.968954,0.9781568,0.9716261,0.9711231,0.9681436,0.96575147,0.96592534,0.95862085,0.9551743,0.97698987,0.95892304,0.9676853,0.97174346,0.97046876,0.96746045,0.9619675,0.9772948,0.8492031,0.96948385,0.9393147,0.97524023,0.9792913,0.99393606,0.96301436,0.979641,0.96294504,0.973309,0.9757019,0.9686623,0.9664238,0.96107763,0.9674888,0.9702113,0.9639179,0.97506535,0.9479287,0.9688427,0.9682747,0.9725183,0.96101296,0.9720396,0.97246504,0.97778773,0.9622195,0.97646666,0.95960975,0.98523253,0.9697796,0.9677798,0.97323394,0.9713662,0.96974427,0.9531897,0.95483136,0.9680247,0.9710969,0.97059125,0.9637969,0.97505504,0.95709866,0.97510904,0.9697793,0.967139,0.97266203,0.97701335,0.96478647,0.98523253,0.9690014,0.97532827,0.9787158,0.96821964
47metersdown,0.9688591,0.9999999,0.9542357,0.9468569,0.9589304,0.9563352,0.96503407,0.95834976,0.9761279,0.9521784,0.9586641,0.9524446,0.95791405,0.96126944,0.9709727,0.9753968,0.97394085,0.96566147,0.9553002,0.944752,0.95510155,0.9671607,0.9695733,0.96710247,0.96263963,0.8906052,0.95329165,0.9701528,0.96342045,0.9561101,0.95636845,0.963014,0.95967466,0.95554906,0.92321694,0.9180095,0.9555074,0.9599403,0.9681886,0.9707491,0.968445,0.9664301,0.96288294,0.9670375,0.9653931,0.9469932,0.9608966,0.9626521,0.9588899,0.9695307,0.95858055,0.9704372,0.96302485,0.9510495,0.9520941,0.95340234,0.96555626,0.9658462,0.9570672,0.9621462,0.9547982,0.96389765,0.9655758,0.9652836,0.96042883,0.9615128,0.9609217,0.9585907,0.9545269,0.9469811,0.96436554,0.706544,0.9438176,0.9665878,0.9539164,0.95262283,0.90902704,0.96488494,0.95432884,0.96235377,0.9691702,0.95340705,0.9690929,0.96349806,0.94796664,0.964273,0.95757484,0.95834225,0.9660594,0.9642436,0.9727362,0.96436554,0.9555373,0.9587399,0.956806,0.9693473,0.96869564,0.95551217,0.96482503,0.9628999,0.9497305,0.96442825,0.94756883,0.9678038,0.96132314,0.9622883,0.9626372,0.9578303,0.96495587,0.96296185,0.9600127,0.83396095,0.95739335,0.9216718,0.9589406,0.9597684,0.9722403,0.95960456,0.9734006,0.9569998,0.9730491,0.9588771,0.9716283,0.9519239,0.96154064,0.9568821,0.9603246,0.94325334,0.96054053,0.93144596,0.963744,0.95856875,0.9787631,0.9579286,0.9619014,0.95865756,0.9614089,0.96068347,0.9653522,0.9393658,0.9761279,0.9585302,0.95836484,0.96642286,0.95928353,0.9549451,0.9562982,0.9369298,0.96113867,0.95544165,0.9644175,0.94959474,0.96342623,0.939271,0.9684441,0.9618373,0.9639264,0.9640984,0.966123,0.9576831,0.9761279,0.9556275,0.9644438,0.9695436,0.95127624
abeautifuldaymovie,0.96984726,0.9542357,1.0000001,0.958505,0.9698163,0.9515298,0.96345437,0.9706371,0.98126984,0.96473587,0.9585471,0.95169,0.9644362,0.965885,0.971437,0.9631081,0.9673393,0.95965004,0.9659778,0.96643215,0.9595537,0.9757297,0.96283287,0.97168434,0.96503705,0.8925672,0.9687797,0.96014977,0.9751623,0.9643062,0.9657822,0.9663156,0.9629821,0.9651605,0.9438089,0.93582004,0.9729565,0.96899647,0.9654596,0.9590996,0.9692978,0.9577866,0.953138,0.96434814,0.9703243,0.9664323,0.96239597,0.9633408,0.95732003,0.9651327,0.980149,0.973377,0.96698415,0.9560709,0.957817,0.9638435,0.9526333,0.95683104,0.9540371,0.9628121,0.9564222,0.9654109,0.9575133,0.96139234,0.96540046,0.9584139,0.96828127,0.9606417,0.9554042,0.95856214,0.96230173,0.7543614,0.94631374,0.96184474,0.9527266,0.964268,0.92966557,0.9654312,0.9546078,0.9598093,0.9616162,0.9576368,0.9685096,0.9634932,0.97004956,0.9659336,0.9640213,0.9658496,0.9646521,0.9690242,0.9598763,0.96230173,0.96826684,0.95851266,0.9747539,0.96890706,0.96949357,0.9641486,0.95826924,0.95591,0.96652335,0.9566307,0.96222967,0.96852905,0.96537477,0.98012537,0.97348994,0.9643185,0.9603555,0.9619102,0.97275907,0.8585336,0.96217287,0.9325792,0.97143984,0.9642745,0.9672808,0.9670853,0.9723431,0.9573666,0.9720747,0.96764624,0.97049147,0.95659035,0.9645858,0.96607226,0.9580355,0.9687423,0.96816164,0.93645346,0.958313,0.9707337,0.95645106,0.9524954,0.9565743,0.96709347,0.9584211,0.96704566,0.964611,0.9528779,0.98126984,0.9765689,0.9621104,0.9688685,0.9568104,0.96213233,0.950079,0.94789714,0.96376616,0.9566537,0.95566016,0.9768361,0.97118545,0.95249736,0.9617383,0.9548711,0.9666751,0.9587092,0.969232,0.957268,0.98126984,0.96453226,0.96979535,0.9657067,0.97458094
abominablemovie,0.96427745,0.9468569,0.958505,1.0000001,0.9502182,0.9578016,0.9531401,0.9661716,0.97356087,0.94838417,0.95735407,0.95105666,0.973183,0.96463567,0.9575229,0.95737785,0.96504486,0.9541521,0.95406955,0.9373451,0.955779,0.96115077,0.96282184,0.95563585,0.955607,0.9203674,0.9684975,0.9628235,0.96024007,0.9586946,0.9553537,0.95954967,0.94882256,0.96041715,0.96438074,0.94391006,0.96999913,0.9698793,0.9694086,0.95535403,0.95684737,0.95332575,0.9492464,0.965382,0.9592277,0.9547893,0.9604367,0.9592965,0.9671119,0.96114403,0.9505402,0.96497756,0.95572925,0.9508185,0.9648084,0.9516345,0.9538676,0.9554793,0.96196795,0.9570611,0.94756824,0.9582297,0.94975907,0.9584151,0.9567199,0.9570879,0.95289755,0.9570953,0.9482819,0.9649597,0.96105874,0.7377778,0.94244707,0.95918226,0.9572902,0.95484304,0.9513954,0.9611683,0.95335037,0.94524896,0.9626039,0.9675868,0.96232176,0.95575994,0.9670917,0.94790435,0.97352844,0.9542273,0.96986943,0.96267885,0.9629528,0.96105874,0.9513378,0.9525623,0.9558045,0.9638681,0.9600034,0.95438266,0.9533157,0.9618841,0.95938355,0.95168406,0.9391504,0.96758723,0.94943297,0.9544727,0.9632021,0.9602202,0.9556708,0.9591252,0.9672071,0.86850643,0.95136476,0.9552425,0.95651764,0.9626711,0.96206987,0.9638438,0.96386737,0.9425979,0.9718086,0.96039796,0.9595319,0.95371467,0.95729244,0.9651821,0.9496985,0.9421598,0.9512282,0.9421,0.9516262,0.9602507,0.96385866,0.9529494,0.9511912,0.96300995,0.95463413,0.9569948,0.961879,0.9456707,0.97356087,0.95604765,0.9605462,0.9566015,0.9592343,0.9606195,0.9545478,0.9677195,0.960484,0.96019405,0.95269257,0.9601956,0.9611508,0.95254374,0.95552385,0.9583853,0.9552648,0.9641415,0.96156955,0.95044076,0.97356087,0.9613548,0.96005833,0.9676709,0.95254046
adastramovie,0.97065103,0.9589304,0.9698163,0.9502182,0.9999999,0.96592134,0.9653369,0.9704928,0.98191845,0.9699624,0.9657719,0.9610773,0.9672405,0.9635566,0.97444004,0.9633381,0.9740214,0.97827953,0.9649449,0.96005815,0.9607322,0.96832794,0.9662082,0.97283006,0.96724224,0.90365094,0.96939296,0.96370137,0.96420926,0.9657812,0.9719878,0.9636987,0.967008,0.95586026,0.9398519,0.92826855,0.9597841,0.9630828,0.96989316,0.9606787,0.9656864,0.96148235,0.9575458,0.9607753,0.96537805,0.96550274,0.96401614,0.9731492,0.9598834,0.9616186,0.97205174,0.97221506,0.9641407,0.93692553,0.948111,0.97055984,0.95951396,0.9680725,0.96570706,0.96865124,0.95966977,0.96888214,0.9559702,0.96912754,0.9628087,0.9640555,0.9665657,0.96263695,0.96419644,0.9591805,0.9679306,0.73261815,0.9456382,0.96598136,0.95430005,0.95779026,0.9082613,0.9617266,0.96248525,0.95226103,0.9684862,0.9483788,0.9754922,0.96532816,0.9669739,0.9723871,0.9597303,0.97513187,0.9606142,0.9719109,0.9705031,0.9679306,0.95898867,0.9599361,0.9660683,0.97143465,0.9725482,0.96456033,0.96522343,0.9569301,0.9593427,0.9610174,0.96658754,0.96655077,0.96461874,0.96770036,0.9711239,0.96994364,0.95905685,0.9615845,0.9707875,0.8447106,0.96929926,0.9300035,0.96824485,0.9675098,0.97169554,0.9669301,0.97238874,0.96555996,0.96563596,0.9604374,0.96381783,0.96335983,0.9669358,0.9757771,0.9717068,0.96162367,0.9686429,0.94432586,0.9654502,0.9746937,0.9669765,0.96168494,0.96656686,0.9626025,0.9631428,0.9633776,0.9730421,0.96778274,0.98191845,0.96966696,0.969988,0.9728885,0.95948344,0.97104496,0.95651126,0.94418174,0.9759634,0.97064656,0.967127,0.963224,0.9668757,0.9419751,0.961606,0.96641845,0.9606857,0.9624152,0.9685998,0.96388906,0.98191845,0.9730348,0.9712874,0.96718764,0.96862185
adogsjourneymovie,0.964683,0.9563352,0.9515298,0.9578016,0.96592134,1.0,0.95904714,0.9615499,0.9810278,0.9537737,0.95728576,0.9577072,0.96631765,0.952509,0.96756953,0.9553336,0.9635658,0.9610783,0.9530743,0.9487342,0.94428176,0.9611142,0.9761506,0.965958,0.95398825,0.92042994,0.95981073,0.95856243,0.9656219,0.9618101,0.9600051,0.97066665,0.9698863,0.9535543,0.9533197,0.9327555,0.9597847,0.9608685,0.9706041,0.9625493,0.9644583,0.9583354,0.9679768,0.96369743,0.9675016,0.94430566,0.9728599,0.9692377,0.96655303,0.9627803,0.96481526,0.969955,0.96943593,0.9467151,0.9440389,0.9544159,0.9559092,0.95457125,0.9676563,0.97084755,0.95725596,0.9661964,0.9557186,0.95656776,0.9666546,0.95548064,0.96471864,0.96064264,0.9546489,0.9536174,0.9707654,0.73243695,0.9316054,0.96390194,0.9528102,0.95776,0.9219554,0.96290034,0.96466094,0.9559461,0.9685542,0.9561999,0.9627995,0.9559298,0.96523345,0.9598183,0.9597277,0.9659313,0.9653826,0.9703795,0.9636876,0.9707654,0.9492193,0.95327413,0.96106535,0.9635852,0.9627241,0.9626679,0.95792615,0.9679031,0.9609403,0.9602892,0.96640766,0.9696927,0.944233,0.9619252,0.963636,0.9681129,0.95520777,0.96667016,0.97074914,0.8635646,0.9625404,0.94478506,0.9564144,0.9588743,0.9678941,0.9621823,0.9668355,0.95034075,0.9600905,0.95717335,0.9580054,0.97507316,0.962518,0.9608797,0.9727216,0.95915776,0.95807827,0.9449639,0.9534175,0.96640676,0.96490896,0.9514295,0.9550803,0.9606264,0.95793384,0.9559075,0.97162277,0.9540956,0.9810278,0.9642034,0.96420264,0.97401035,0.95718414,0.97234166,0.9519563,0.9511457,0.973974,0.96053475,0.96236295,0.9554585,0.9648202,0.936056,0.9640715,0.9695382,0.9642998,0.9677845,0.9615765,0.9597522,0.9810278,0.9621525,0.96641773,0.97854495,0.96505207
aftermathmovie,0.97026175,0.96503407,0.96345437,0.9531401,0.9653369,0.95904714,1.0,0.9683409,0.98248273,0.9652052,0.9604486,0.9588183,0.96840334,0.96347153,0.9794898,0.9682362,0.9715755,0.96041095,0.9651149,0.9561639,0.96463513,0.9686639,0.96700025,0.9691793,0.95965093,0.8897432,0.9606557,0.9701807,0.96744674,0.95290697,0.9692341,0.9691228,0.95888233,0.9611375,0.9364289,0.92998475,0.96767765,0.97003114,0.9674861,0.96401477,0.96078604,0.9638746,0.95991987,0.967404,0.9762868,0.95291615,0.96659184,0.96698076,0.96413,0.96432656,0.9682835,0.9745965,0.96905714,0.95257646,0.95733774,0.96827847,0.9600341,0.9615193,0.9667451,0.9716474,0.96041244,0.9640982,0.96134335,0.9640209,0.971663,0.96422553,0.97222626,0.95791584,0.96340144,0.9534685,0.9752897,0.743784,0.9489769,0.9683035,0.9449087,0.96028256,0.9186074,0.9667581,0.9689012,0.9556042,0.9674229,0.97780645,0.9657067,0.964922,0.9604268,0.9592217,0.95879453,0.96565604,0.9676111,0.9744258,0.9657337,0.9752897,0.95827186,0.96455175,0.9648111,0.9704792,0.9674702,0.96216524,0.98545885,0.95640004,0.9598108,0.95313925,0.9559781,0.97690755,0.963214,0.9663182,0.96860605,0.96399844,0.9684495,0.9618026,0.9720083,0.8525296,0.9664502,0.93253905,0.9629218,0.9660163,0.97347766,0.95708346,0.97809744,0.98747486,0.96875423,0.96324867,0.9734247,0.95519614,0.9668321,0.9695428,0.9600766,0.95518064,0.96141136,0.9476616,0.9641702,0.9654264,0.9687293,0.9644378,0.96336716,0.9606966,0.9695312,0.968949,0.97604376,0.94998085,0.98248273,0.9639908,0.9633967,0.96784437,0.95550513,0.9673203,0.95622784,0.945445,0.96487695,0.96231455,0.986803,0.96222186,0.965482,0.9519069,0.97183615,0.9673449,0.96243167,0.9736528,0.9695755,0.95910764,0.98248273,0.9609079,0.97004694,0.9701049,0.9615194
aftermovie,0.97495383,0.95834976,0.9706371,0.9661716,0.9704928,0.9615499,0.9683409,1.0,0.98256207,0.963627,0.9726692,0.9562634,0.97396916,0.9613003,0.97222203,0.96384466,0.9687815,0.97036874,0.9678656,0.95248836,0.96062464,0.96854997,0.9648895,0.9691689,0.96746945,0.90885687,0.96810174,0.96548665,0.9712553,0.96174765,0.9668903,0.97359455,0.9630972,0.9610858,0.95299846,0.9340772,0.96891457,0.973825,0.9774487,0.96248925,0.9652896,0.96298265,0.95234954,0.96777624,0.9705998,0.9605818,0.9640583,0.970894,0.9637067,0.9665094,0.96666473,0.97120863,0.96713686,0.95007205,0.97103155,0.96960044,0.96374345,0.9667139,0.96413875,0.97417223,0.96122944,0.9666848,0.95283055,0.96736175,0.9630319,0.9641885,0.9658536,0.9699634,0.9649191,0.96525764,0.9736059,0.74220127,0.94737816,0.9601711,0.94850165,0.9652158,0.9343644,0.96599317,0.9676691,0.95215654,0.97102547,0.95604897,0.9708271,0.9577046,0.97065794,0.96781474,0.9719873,0.97183436,0.9757289,0.9765427,0.969276,0.9736059,0.9645374,0.9704436,0.96576875,0.97342575,0.9690047,0.9710099,0.9624469,0.96105486,0.95914537,0.9573129,0.9533327,0.9729778,0.95458335,0.96642905,0.97259223,0.97023827,0.9640148,0.95870787,0.96914816,0.8672144,0.96782506,0.93864423,0.9610708,0.97081065,0.97655165,0.96299046,0.9736293,0.96208274,0.97387743,0.9762659,0.9697136,0.9609936,0.966444,0.9725906,0.96856195,0.9623112,0.96614677,0.9386506,0.95967054,0.96703774,0.97050595,0.9534465,0.9625088,0.9647088,0.96569055,0.96365464,0.97402024,0.9602738,0.98256207,0.9721585,0.9694391,0.9749263,0.9698925,0.9736392,0.95402116,0.9586646,0.96995884,0.97166526,0.9668642,0.96731585,0.96576154,0.9481588,0.97278863,0.9706646,0.9582435,0.9719363,0.97975016,0.9633468,0.98256207,0.972626,0.97176915,0.9703041,0.9700757
ahiddenlifefilm,0.98523253,0.9761279,0.98126984,0.97356087,0.98191845,0.9810278,0.98248273,0.98256207,0.99999994,0.97524947,0.9819126,0.97135985,0.9826509,0.97745436,0.9865905,0.97779727,0.9861561,0.9811217,0.97827774,0.9720927,0.97530264,0.98389554,0.9828608,0.98519284,0.9789977,0.9228446,0.9766372,0.97918916,0.984743,0.9749715,0.9793317,0.9863081,0.97729653,0.9742853,0.9637642,0.9527775,0.984863,0.9832818,0.986898,0.9813654,0.9788155,0.9789207,0.97590196,0.981171,0.9841809,0.97401357,0.9835968,0.98245174,0.98021024,0.9810575,0.98530483,0.9879098,0.98605716,0.97331244,0.97050005,0.97689515,0.97014505,0.97874826,0.977581,0.9863182,0.97304195,0.9822084,0.9748701,0.9758656,0.9786107,0.97859466,0.98280156,0.97316647,0.9761194,0.9735528,0.98674613,0.74747807,0.9569594,0.9826951,0.9705843,0.9741855,0.9394795,0.9817316,0.97544914,0.9709654,0.9867216,0.9765133,0.9825256,0.97928184,0.9833537,0.97944796,0.97944725,0.9808126,0.98138875,0.98636013,0.98375094,0.98674613,0.97710896,0.977034,0.9843635,0.98373336,0.9882772,0.9827006,0.97645485,0.97806317,0.9811161,0.9709103,0.9728117,0.9872527,0.971247,0.9853408,0.98505217,0.9813596,0.97825634,0.98008394,0.9855137,0.8723707,0.97991806,0.95662457,0.9807006,0.98268354,0.9872118,0.9783235,0.9897982,0.9711001,0.9823098,0.9797039,0.98501825,0.9806308,0.97953194,0.9824099,0.9791305,0.9748005,0.9819463,0.9584796,0.97590345,0.98058546,0.98130226,0.97602576,0.97583646,0.97581095,0.981629,0.9822022,0.98809826,0.97164166,0.99999994,0.98247707,0.98283154,0.9862846,0.972288,0.9832679,0.97066957,0.9688965,0.9820589,0.9790521,0.9817643,0.9783511,0.9837373,0.9609934,0.9835362,0.98102725,0.98026866,0.9827796,0.98295283,0.9761428,0.99999994,0.97766834,0.9844069,0.9848699,0.9823283
alitamovie,0.9621514,0.9521784,0.96473587,0.94838417,0.9699624,0.9537737,0.9652052,0.963627,0.97524947,0.9999998,0.96170557,0.93747544,0.96397644,0.9605283,0.9718404,0.9571935,0.9652882,0.9671456,0.95975447,0.96008307,0.9594707,0.96377647,0.95870095,0.9566786,0.96114767,0.9016999,0.9603257,0.9562631,0.9528639,0.95503455,0.9659061,0.9654999,0.969115,0.9549144,0.94669,0.9262489,0.9599461,0.9635514,0.9623586,0.95926315,0.9585062,0.9582166,0.9489851,0.9601623,0.9607885,0.9626645,0.9625011,0.9549976,0.9588081,0.95785815,0.957875,0.96549195,0.97165483,0.9425586,0.94716716,0.9714372,0.9541645,0.96214324,0.96286285,0.9639282,0.9598438,0.9676185,0.95496637,0.96396166,0.9546668,0.95843554,0.96198666,0.956126,0.9619902,0.9560265,0.96679807,0.72666883,0.9448249,0.96204084,0.9414659,0.9608078,0.90579563,0.96280736,0.95416987,0.9471723,0.96363527,0.9568761,0.95939875,0.95602757,0.9597016,0.9612835,0.95651007,0.96393156,0.9594438,0.96687734,0.9608746,0.96679807,0.96381485,0.9641212,0.9580288,0.9727167,0.968192,0.95642185,0.9595693,0.95335376,0.9518932,0.9520011,0.9532727,0.9632926,0.9686023,0.9538645,0.96424794,0.96295834,0.9624179,0.9578437,0.96711797,0.86060745,0.958007,0.9247075,0.9663392,0.9662456,0.9612447,0.95454264,0.9675928,0.9585749,0.9649114,0.9587809,0.9683965,0.9639615,0.96710634,0.9655901,0.9501213,0.9604178,0.9709512,0.9352663,0.9520411,0.96673554,0.9595883,0.9515642,0.96548474,0.9605011,0.9535301,0.9506241,0.964267,0.9595248,0.97524947,0.957295,0.9602253,0.9711506,0.95674986,0.9592373,0.9397228,0.94487077,0.96626115,0.9667827,0.960207,0.96005476,0.9584977,0.9547242,0.96074706,0.9634177,0.9602127,0.9588413,0.9705826,0.96092516,0.97524947,0.9690913,0.9664968,0.96435815,0.9673144
angelhasfallen,0.96433896,0.9586641,0.9585471,0.95735407,0.9657719,0.95728576,0.9604486,0.9726692,0.9819126,0.96170557,1.0000001,0.9507126,0.96944475,0.96144015,0.9659174,0.95962644,0.9723453,0.9711988,0.9646762,0.9578286,0.9609142,0.9668473,0.95493996,0.96159077,0.9648844,0.9111141,0.9597796,0.9677049,0.9655575,0.95769763,0.9707353,0.9709224,0.95949167,0.95258766,0.9544386,0.94110745,0.96860236,0.9635268,0.9655174,0.9671835,0.9621769,0.9589176,0.95167625,0.95208806,0.96147585,0.9584831,0.9583965,0.9613284,0.9607601,0.9589088,0.96262735,0.97050416,0.9667124,0.95121896,0.95023954,0.9617486,0.9549649,0.96621454,0.96022654,0.97414637,0.96349674,0.96318895,0.95297426,0.96018666,0.95930606,0.96953464,0.9582371,0.95665294,0.9689467,0.9618431,0.9708156,0.7327698,0.93969274,0.9722217,0.9616057,0.96090597,0.92043334,0.96973854,0.9603374,0.9490539,0.9827434,0.95531005,0.9617323,0.963866,0.96519375,0.9707315,0.9663481,0.9626643,0.96588606,0.96795905,0.97362536,0.9708156,0.9614475,0.9682242,0.9634637,0.9728757,0.98190963,0.9662927,0.95309424,0.9514306,0.9559539,0.9552319,0.94805115,0.96980464,0.95558727,0.96404904,0.97133136,0.96356946,0.96670294,0.9695672,0.9660419,0.8664682,0.9626483,0.94086796,0.9587946,0.9807941,0.96736574,0.96218234,0.9746386,0.9459189,0.96808946,0.9584566,0.9647655,0.9643749,0.96281534,0.9700337,0.95964444,0.9526632,0.96423084,0.945939,0.95826215,0.9548459,0.96680033,0.95496255,0.9580299,0.95716697,0.9624181,0.9635279,0.97264653,0.9634096,0.9819126,0.96149826,0.9688864,0.97050583,0.9591601,0.9693915,0.9531549,0.9553246,0.96249646,0.96460783,0.96058494,0.95763755,0.9621252,0.9467688,0.9670636,0.96585447,0.9634865,0.9633696,0.9655066,0.9631662,0.9819126,0.96153915,0.96952486,0.9628576,0.9670702
angrybirdsmovie,0.9599752,0.9524446,0.95169,0.95105666,0.9610773,0.9577072,0.9588183,0.9562634,0.97135985,0.93747544,0.9507126,0.99999994,0.9559092,0.9480948,0.96354866,0.9584186,0.95685077,0.95431894,0.9534201,0.933595,0.9429628,0.9581105,0.9591832,0.9553988,0.95264286,0.88551766,0.9541462,0.94965565,0.9643556,0.9653108,0.9548455,0.9583452,0.94468546,0.96025425,0.9310024,0.9261795,0.95356274,0.9524743,0.9668824,0.9475778,0.9557928,0.94904554,0.9526671,0.9516305,0.9611011,0.942638,0.9574076,0.9676235,0.9529106,0.95244145,0.97140485,0.96114504,0.95970744,0.94141734,0.9484023,0.94724333,0.94896907,0.94818836,0.95187503,0.96109617,0.9406372,0.9609401,0.9543574,0.95285666,0.9516661,0.9478105,0.95642793,0.9469284,0.9423108,0.9432651,0.9640244,0.7391959,0.9271706,0.9525358,0.94349533,0.9405292,0.9057211,0.9632526,0.9521106,0.93956286,0.9566631,0.9466626,0.9602444,0.9443582,0.9714,0.95090157,0.9599599,0.9511458,0.95238423,0.9632102,0.9606062,0.9640244,0.9415809,0.94991285,0.960876,0.9560365,0.95408005,0.9532924,0.94933295,0.9519606,0.9543476,0.95246047,0.95422727,0.961255,0.9420698,0.9731562,0.96045274,0.96007675,0.9573073,0.9557529,0.95893383,0.82567817,0.9530585,0.9348409,0.9487997,0.9554546,0.96081114,0.95180887,0.955987,0.9562976,0.95533425,0.94688565,0.9587792,0.9481411,0.9451074,0.9579755,0.9572669,0.9571814,0.94967765,0.9344293,0.95143515,0.96045315,0.95646065,0.9584846,0.94555795,0.957662,0.95207334,0.95261157,0.97105926,0.9411572,0.97135985,0.95938224,0.95758146,0.9611935,0.9388524,0.96021205,0.95728034,0.93841356,0.9633272,0.95830333,0.95698524,0.95100665,0.95904493,0.924886,0.953771,0.951199,0.95024943,0.96337634,0.9563746,0.94452345,0.97135985,0.95262885,0.9495956,0.9632771,0.9668007
annabellemovie,0.9701232,0.95791405,0.9644362,0.973183,0.9672405,0.96631765,0.96840334,0.97396916,0.9826509,0.96397644,0.96944475,0.9559092,1.0000001,0.97210056,0.9728073,0.9586738,0.97462136,0.9626659,0.96394527,0.95975393,0.9655459,0.96960217,0.9623119,0.96733564,0.9624883,0.90327585,0.96741986,0.9688858,0.96844244,0.9593689,0.9627622,0.9767532,0.95822346,0.95488936,0.9535183,0.9325816,0.9666049,0.97764695,0.97814983,0.96948206,0.9697654,0.95988446,0.9643065,0.966719,0.9678066,0.9621122,0.9631041,0.9650008,0.97364527,0.9686113,0.96300215,0.97765523,0.9655579,0.95513105,0.96453655,0.95960826,0.9534309,0.9649982,0.96810466,0.97108454,0.9689436,0.9690384,0.9629488,0.97257054,0.9640642,0.9629177,0.97030604,0.96847284,0.96637195,0.96168816,0.97310513,0.7364783,0.945559,0.9634038,0.9559238,0.9610488,0.9297231,0.96694773,0.9633494,0.9542323,0.9705368,0.9714703,0.9783266,0.96388626,0.971202,0.96565145,0.9722607,0.9808401,0.97487813,0.97021514,0.9678407,0.97310513,0.9672256,0.9633743,0.9663162,0.9703248,0.9757315,0.96337515,0.9638402,0.96111506,0.9577747,0.9582208,0.9534809,0.9721969,0.96420807,0.963328,0.9693058,0.9716813,0.96065116,0.96785355,0.9664956,0.868124,0.9686748,0.9391716,0.9695113,0.97044617,0.969968,0.96513194,0.97592574,0.9592296,0.97991276,0.96062577,0.9678792,0.96415067,0.97378325,0.96797526,0.967126,0.9538451,0.96030337,0.9406105,0.9624251,0.9629498,0.96979296,0.96494657,0.96589553,0.9616978,0.9608398,0.96677935,0.9737609,0.95697725,0.9826509,0.9666392,0.96926033,0.97170115,0.96957433,0.9718921,0.9641989,0.9548243,0.9745905,0.9660129,0.9675104,0.9675226,0.9714391,0.9582262,0.9698204,0.9666787,0.96231383,0.9707764,0.97154427,0.9665284,0.9826509,0.96989053,0.9778166,0.96720463,0.959862
annamovie,0.9665788,0.96126944,0.965885,0.96463567,0.9635566,0.952509,0.96347153,0.9613003,0.97745436,0.9605283,0.96144015,0.9480948,0.97210056,1.0000004,0.96751547,0.9684466,0.97351843,0.9668087,0.9644863,0.9557677,0.96494466,0.96486264,0.9602655,0.96746653,0.9653468,0.88993156,0.9613092,0.96355754,0.96616876,0.9591411,0.96518975,0.96587765,0.9544914,0.9512336,0.9383248,0.92911047,0.9709408,0.96506107,0.9634714,0.95799357,0.96232355,0.9540135,0.9615597,0.9613211,0.96701777,0.9619841,0.95493245,0.95615214,0.95743704,0.9646892,0.9619467,0.96947813,0.96075016,0.9566868,0.9498567,0.966054,0.9527306,0.95505285,0.96063733,0.95758045,0.9540176,0.9604202,0.9635131,0.97178483,0.94947016,0.9614881,0.9592698,0.9530632,0.9605131,0.9560887,0.96154785,0.72896737,0.9502895,0.9644861,0.95367795,0.9616624,0.91555154,0.9698717,0.9580495,0.9529992,0.9663081,0.96156776,0.9648675,0.96529627,0.96141535,0.96228504,0.96662164,0.9675442,0.96275926,0.9611542,0.9645345,0.96154785,0.95788205,0.9480951,0.9675763,0.9636547,0.9680797,0.9603124,0.95726407,0.9626653,0.9605339,0.95211756,0.94544715,0.9663893,0.97274697,0.96328676,0.9649444,0.95723945,0.95779955,0.96370345,0.97047657,0.83661646,0.96251255,0.91971326,0.9648985,0.97338665,0.9670827,0.96325856,0.9721631,0.9524344,0.9699371,0.95344275,0.966732,0.9599186,0.9641097,0.9605112,0.9558201,0.94709545,0.95271957,0.9442282,0.9602512,0.95439976,0.9701129,0.9561763,0.95652026,0.9669569,0.96234584,0.969337,0.96555907,0.9499547,0.97745436,0.9620327,0.9630772,0.9581642,0.95950735,0.9565541,0.9500063,0.9452424,0.95677555,0.96110046,0.96102595,0.9670644,0.9635919,0.94809467,0.9679177,0.960549,0.9578935,0.9631035,0.96092945,0.9642512,0.97745436,0.9601516,0.97527796,0.9632469,0.9543865
apollo11movie,0.9697968,0.9709727,0.971437,0.9575229,0.97444004,0.96756953,0.9794898,0.97222203,0.9865905,0.9718404,0.9659174,0.96354866,0.9728073,0.96751547,0.9999999,0.96789753,0.9751535,0.9713661,0.9665491,0.9723011,0.9653499,0.96919197,0.97068053,0.9772502,0.9671674,0.8970681,0.96303064,0.9673838,0.97226137,0.9648888,0.9736079,0.9728053,0.9694374,0.96868074,0.9473657,0.9338222,0.9728637,0.96951175,0.97653496,0.9704275,0.973641,0.96898407,0.96314365,0.9708481,0.97300154,0.9619191,0.9709837,0.9760739,0.97468215,0.9709231,0.976566,0.9810139,0.97372216,0.9622267,0.96165335,0.9694276,0.9630303,0.965778,0.96606386,0.97288156,0.96867186,0.97113806,0.96546775,0.9694555,0.97101384,0.9656432,0.9751495,0.9659331,0.97084075,0.9633703,0.9739902,0.7261209,0.95370775,0.9713841,0.96012706,0.96393853,0.9144011,0.9729262,0.9620905,0.9641919,0.9710671,0.9705198,0.97281986,0.97288895,0.9686098,0.96731895,0.96447486,0.97469753,0.9685295,0.97804654,0.96948653,0.9739902,0.9612983,0.967009,0.97636557,0.9809209,0.97302926,0.968651,0.9738305,0.9657719,0.9699143,0.96141845,0.965435,0.9775344,0.9668863,0.9783626,0.97456,0.96677196,0.9750241,0.9667696,0.97108096,0.86229277,0.96541804,0.9322263,0.965013,0.9663334,0.9723106,0.9661774,0.9722352,0.9686343,0.972625,0.9635193,0.9773892,0.9621163,0.975043,0.9720687,0.9720146,0.96361613,0.96841097,0.947341,0.9621738,0.9690125,0.9719627,0.9733112,0.9617017,0.96685594,0.9701064,0.9741648,0.97391635,0.9688921,0.9865905,0.96796113,0.976647,0.9757658,0.9580046,0.9690649,0.9602227,0.95185024,0.9748878,0.96950495,0.9754537,0.9701382,0.97359794,0.94527394,0.97321063,0.96750903,0.970934,0.97138864,0.9727373,0.9626484,0.9865905,0.9680502,0.9753024,0.97683644,0.9718331
arcticdogsmovie,0.9761632,0.9753968,0.9631081,0.95737785,0.9633381,0.9553336,0.9682362,0.96384466,0.97779727,0.9571935,0.95962644,0.9584186,0.9586738,0.9684466,0.96789753,0.9999996,0.97068554,0.9605145,0.96123475,0.9432632,0.9560479,0.97025514,0.97082776,0.96185714,0.96544856,0.88558567,0.96345073,0.9660673,0.9715396,0.959559,0.9625951,0.9608754,0.9600698,0.96219134,0.94022524,0.9256197,0.9579735,0.9629665,0.97191393,0.95898026,0.96187526,0.96003485,0.96124417,0.96580637,0.9699162,0.94976926,0.9652938,0.96486294,0.9604494,0.9658392,0.9658373,0.9686041,0.96544564,0.9537842,0.9504079,0.9598007,0.96574754,0.9593459,0.9589258,0.96085316,0.9536381,0.9608027,0.9592681,0.9693148,0.95813125,0.96527725,0.9680768,0.9479032,0.9504112,0.9543182,0.9648734,0.7260224,0.95660585,0.966236,0.9498418,0.9553187,0.93938905,0.97026587,0.96274,0.9591052,0.9692498,0.96216214,0.96718997,0.96289736,0.957974,0.9595943,0.9557308,0.9581041,0.9654195,0.9687093,0.96908337,0.9648734,0.95482993,0.95436203,0.956015,0.9701007,0.9633377,0.95503616,0.96578544,0.95980954,0.9528029,0.9727898,0.9511632,0.9677794,0.95636135,0.96428734,0.968153,0.96457434,0.97428375,0.9589328,0.97001374,0.8308734,0.95969886,0.93118006,0.96436816,0.96573293,0.9790946,0.9619742,0.97478867,0.95847607,0.96859336,0.964889,0.9686279,0.95811135,0.96277136,0.9637189,0.96185917,0.95367944,0.9581432,0.93105334,0.95765543,0.9572211,0.9736376,0.9536168,0.9645716,0.96523285,0.969192,0.9588933,0.96763545,0.9404941,0.97779727,0.9638548,0.9539097,0.9651985,0.96107996,0.96100867,0.9555775,0.9449154,0.9598553,0.96219784,0.96811473,0.95522314,0.9572882,0.9549478,0.96924007,0.9627582,0.96176434,0.9673908,0.9672943,0.9601741,0.97779727,0.96156865,0.9655141,0.9701598,0.9574607
arcticmovie,0.97579575,0.97394085,0.9673393,0.96504486,0.9740214,0.9635658,0.9715755,0.9687815,0.9861561,0.9652882,0.9723453,0.95685077,0.97462136,0.97351843,0.9751535,0.97068554,0.9999997,0.9728016,0.9680787,0.96442395,0.9656773,0.9727288,0.97156984,0.97681284,0.9693745,0.9021317,0.9701405,0.9832329,0.97200805,0.9622267,0.9700189,0.9765068,0.9656988,0.965204,0.9434796,0.928336,0.9769352,0.97169465,0.97884727,0.971681,0.9631986,0.9626034,0.96303695,0.96757513,0.9685026,0.963991,0.96938807,0.9732466,0.971901,0.9680999,0.9678804,0.9779586,0.96981084,0.96773547,0.95337266,0.96744114,0.9644158,0.96426415,0.96958494,0.9682614,0.95817935,0.96810687,0.9666019,0.9680642,0.97166103,0.96456736,0.9724926,0.960467,0.9709646,0.958616,0.97136563,0.7272115,0.9455069,0.9742334,0.96232325,0.964669,0.92845166,0.9742958,0.96410024,0.96482897,0.9757751,0.969458,0.96934044,0.96793973,0.9677309,0.97074187,0.97106403,0.9710471,0.964484,0.9696953,0.973255,0.97136563,0.9639827,0.962066,0.9725471,0.9720564,0.97781646,0.9692401,0.96782106,0.9668698,0.96704847,0.9636043,0.95835084,0.97684,0.9693055,0.9698758,0.969797,0.9696266,0.9704934,0.9726208,0.97688293,0.8536245,0.9652161,0.93147093,0.97160614,0.97216505,0.9754174,0.96793133,0.98143166,0.9634356,0.9703019,0.96275574,0.9730211,0.9625272,0.9736305,0.9709921,0.9631632,0.9595983,0.97137034,0.9536607,0.9687167,0.9689094,0.9880892,0.9724502,0.9667727,0.96629786,0.97140014,0.97181636,0.97240216,0.9574391,0.9861561,0.96760404,0.9683853,0.97162944,0.9667964,0.96852875,0.96258074,0.9543455,0.9687858,0.968175,0.9738452,0.96926576,0.9709888,0.9488892,0.9736918,0.97106636,0.9698705,0.96821344,0.9757206,0.9701398,0.9861561,0.9704499,0.9750357,0.9715788,0.9654769
artofracingmovie,0.96686924,0.96566147,0.95965004,0.9541521,0.97827953,0.9610783,0.96041095,0.97036874,0.9811217,0.9671456,0.9711988,0.95431894,0.9626659,0.9668087,0.9713661,0.9605145,0.9728016,1.0000002,0.9615612,0.95287657,0.95854163,0.95859003,0.97299784,0.97168773,0.96601975,0.92022854,0.9659582,0.9679642,0.9567333,0.96961683,0.9683096,0.96479636,0.9665491,0.9489465,0.9457626,0.93961936,0.96586823,0.9605793,0.9690349,0.9633838,0.96836317,0.9669241,0.9513404,0.9620696,0.9676173,0.96526057,0.9676394,0.9587159,0.95174015,0.96401817,0.9604805,0.9667404,0.9625912,0.9484622,0.95109177,0.97039205,0.970216,0.97034186,0.9635437,0.9689814,0.95847654,0.9674934,0.958832,0.96659553,0.9546827,0.9679695,0.9605135,0.95050627,0.9659163,0.95683295,0.97014517,0.7219718,0.9544186,0.97044486,0.95611715,0.9622966,0.90895957,0.96774775,0.96467805,0.94551384,0.9717276,0.953895,0.96173567,0.9665249,0.9648833,0.96849996,0.9636172,0.9629984,0.9681602,0.9663143,0.9773371,0.97014517,0.95128536,0.965407,0.96549976,0.9690756,0.97461,0.97190005,0.9550496,0.9626831,0.963007,0.956811,0.9499917,0.96931696,0.96236545,0.96189094,0.97109276,0.9591114,0.96911937,0.96090734,0.96738535,0.8456715,0.96811205,0.93525106,0.9626063,0.970322,0.9695394,0.9631131,0.9726587,0.955601,0.9674534,0.9565259,0.963491,0.9585088,0.9652555,0.9688761,0.9669797,0.9430208,0.9739802,0.9289875,0.9554858,0.9647226,0.96959084,0.9594527,0.96082693,0.96673185,0.9613314,0.96108735,0.9734275,0.96735436,0.9811217,0.9609209,0.96712005,0.9692354,0.9596877,0.96785724,0.9529039,0.9427732,0.9663031,0.97210056,0.96828955,0.9600303,0.9647024,0.93889403,0.963806,0.97282475,0.9618926,0.96055615,0.9683447,0.9674281,0.9811217,0.9679736,0.96734035,0.970988,0.9591356
avengers,0.9813625,0.9553002,0.9659778,0.95406955,0.9649449,0.9530743,0.9651149,0.9678656,0.97827774,0.95975447,0.9646762,0.9534201,0.96394527,0.9644863,0.9665491,0.96123475,0.9680787,0.9615612,1.0000002,0.9527536,0.967786,0.9673829,0.9579556,0.96437764,0.9619624,0.88395256,0.9552137,0.96466696,0.9644282,0.9640123,0.97760606,0.96176,0.9557091,0.95547926,0.93630916,0.9272072,0.9696323,0.9674438,0.9719026,0.9624722,0.9580728,0.95468706,0.95380837,0.958881,0.9666494,0.96991026,0.9542477,0.9619832,0.9549693,0.9589962,0.964701,0.9659343,0.96401143,0.9477528,0.9596744,0.9651256,0.9502153,0.9686814,0.95558953,0.96982956,0.945478,0.9592044,0.94885963,0.9614605,0.9512576,0.9551125,0.96499187,0.95851713,0.9619318,0.9512511,0.9708991,0.73910993,0.94302446,0.9673193,0.9452168,0.962341,0.9223977,0.9675481,0.9589318,0.9550469,0.97234637,0.9615497,0.9625473,0.9645895,0.96060383,0.95991164,0.96615803,0.9641257,0.9607353,0.9698565,0.965575,0.9708991,0.96316904,0.954273,0.96077794,0.97138244,0.964239,0.96604323,0.956803,0.95252794,0.9574799,0.9470169,0.94451517,0.9693232,0.9554543,0.96268475,0.9707532,0.9551865,0.958477,0.95801353,0.9688762,0.8522082,0.96417683,0.9296722,0.96998906,0.97557485,0.9721281,0.9579525,0.9761174,0.95404,0.9688347,0.9621703,0.9699983,0.9616666,0.96187747,0.9614192,0.954526,0.96475697,0.9718056,0.9641797,0.9680982,0.96242493,0.960271,0.9533526,0.96065736,0.96414626,0.96744406,0.95977914,0.973338,0.9589475,0.97827774,0.96141917,0.9582432,0.96540666,0.9548592,0.9618325,0.94222134,0.9440288,0.9561526,0.9644695,0.963621,0.96225333,0.9648525,0.94666886,0.96888095,0.9585131,0.9559122,0.96867335,0.9669814,0.95294225,0.97827774,0.95933443,0.96564776,0.96311843,0.96314937
beachbummovie,0.950643,0.944752,0.96643215,0.9373451,0.96005815,0.9487342,0.9561639,0.95248836,0.9720927,0.96008307,0.9578286,0.933595,0.95975393,0.9557677,0.9723011,0.9432632,0.96442395,0.95287657,0.9527536,0.99999994,0.96161336,0.963119,0.94495606,0.9691916,0.95291346,0.874687,0.946241,0.95152026,0.9599994,0.9497442,0.9517306,0.9661323,0.9524298,0.9511741,0.9365389,0.9323037,0.96545637,0.9549263,0.9529304,0.9521333,0.9566246,0.9463909,0.94527394,0.94534904,0.9473784,0.96657944,0.9463413,0.95599437,0.95485115,0.9513769,0.9678433,0.9567726,0.96165365,0.95420396,0.9442148,0.9462683,0.936592,0.94189763,0.9467244,0.9550846,0.952042,0.9563083,0.9537155,0.9442592,0.9492381,0.948705,0.96585774,0.9394589,0.9613454,0.95235866,0.9530427,0.73586935,0.93370825,0.9628977,0.9475231,0.9520019,0.9087546,0.9564675,0.95170707,0.95038307,0.9602041,0.9520432,0.954691,0.9599423,0.94863963,0.9480322,0.9542748,0.9601778,0.94527406,0.9559718,0.94595546,0.9530427,0.96680087,0.9500449,0.97077316,0.9627664,0.96480525,0.9681166,0.95106673,0.94163907,0.9601506,0.94654536,0.96204644,0.9606857,0.9600588,0.967303,0.9595781,0.9444732,0.9490624,0.95219445,0.95378023,0.86186355,0.9522309,0.91712904,0.955366,0.95697206,0.95236033,0.94688666,0.96030295,0.9444687,0.9503844,0.94686395,0.9637981,0.9413621,0.9587583,0.96034396,0.95170045,0.9579266,0.95251775,0.9415102,0.9543984,0.9536683,0.95246136,0.94762605,0.9490509,0.950136,0.9550224,0.96521556,0.9541606,0.9672153,0.9720927,0.9631629,0.9603644,0.9572393,0.9395747,0.94574714,0.95631635,0.9445641,0.95138353,0.93995357,0.9469,0.95991343,0.9587044,0.93445605,0.95261055,0.9435349,0.9540819,0.94816947,0.9532472,0.9532679,0.9720927,0.95095557,0.970151,0.9477534,0.9642078
bernadettefilm,0.96409106,0.95510155,0.9595537,0.955779,0.9607322,0.94428176,0.96463513,0.96062464,0.97530264,0.9594707,0.9609142,0.9429628,0.9655459,0.96494466,0.9653499,0.9560479,0.9656773,0.95854163,0.967786,0.96161336,0.9999997,0.9682268,0.9544259,0.9634242,0.96027917,0.8939338,0.95070034,0.9605125,0.9615804,0.9507107,0.96432143,0.961592,0.9495432,0.9526417,0.9343777,0.92342126,0.96887237,0.9650776,0.957397,0.9543869,0.9563587,0.9606552,0.9544246,0.95804006,0.96367943,0.96395165,0.9536046,0.95245546,0.9530697,0.96250904,0.96633744,0.9589244,0.9616657,0.95308656,0.960635,0.9611252,0.94784814,0.9666306,0.9582252,0.95965356,0.947815,0.96524477,0.95654744,0.9569061,0.9482507,0.9551086,0.9605394,0.9517287,0.960486,0.9573599,0.9605272,0.7395183,0.9441026,0.96234244,0.9442643,0.9512122,0.91846186,0.95789933,0.94833374,0.95003134,0.9686699,0.9665804,0.95979,0.9572718,0.95863086,0.9545052,0.96056265,0.9591042,0.9583223,0.96777445,0.9621446,0.9605272,0.96415746,0.9603461,0.9654371,0.9642213,0.971068,0.96893615,0.9533017,0.95101064,0.957,0.9487242,0.9497105,0.9632101,0.9638306,0.9671705,0.9646054,0.95341253,0.95954424,0.958292,0.95870304,0.8516657,0.9677678,0.92001235,0.9673005,0.96852034,0.9617478,0.9586331,0.97894007,0.9522007,0.9662171,0.95576,0.96931225,0.9527224,0.9641644,0.9641532,0.9489185,0.9533006,0.9626854,0.9476894,0.97613126,0.9591452,0.96323615,0.9606024,0.9623031,0.9580748,0.9656905,0.9607847,0.96350807,0.9558149,0.97530264,0.9642916,0.9595481,0.96159935,0.94799465,0.9482933,0.9485006,0.9465628,0.9556259,0.9666376,0.9593688,0.9568893,0.96014214,0.946309,0.96161026,0.94799244,0.9610571,0.9588033,0.9616559,0.9528698,0.97530264,0.95209116,0.9659542,0.9543685,0.9625346
