movie,21bridgesmovie,47metersdown,abeautifuldaymovie,abominablemovie,adastramovie,adogsjourneymovie,aftermathmovie,aftermovie,ahiddenlifefilm,alitamovie,angelhasfallen,angrybirdsmovie,annabellemovie,annamovie,apollo11movie,arcticdogsmovie,arcticmovie,artofracingmovie,avengers,beachbummovie,bernadettefilm,blackandbluemovie,blackchristmas,blindedbythelightmovie,bombshellmovie,booksmart,breakthroughmovie,brianbanksmovie,brightburnmovie,brittanyrunsmov,captainmarvelofficial,captivestatemovie,catsmovie,charliesangels,childsplaymovie,clarathefilm,coldpursuitmovie,countdown,currentwarmovie,darkwatersmovie,detectivepikachumovie,disneyaladdin,disneyfrozen,disneymaleficent,doctorsleepmovie,dolemiteismyname,dontletgomovie,doramovie,downtonabbey_official,dumbo,escaperoom,everybodyknowsmovie,fastandfuriousmovie,fightingwmyfam,fivefeetapartfilm,fordvferrari,freaksthefilm,geminimanmovie,glassmovie,gloriabellmovie,godzillamovie,goldfinchmovie,goodboysmovie,goodliarmovie,gretafilm,halathemovie,happydeathdaymovie,harrietfilm,hellboymovie,hersmellmovie,highlifemovie,highstrungmovie,honeyboymovie,hotelmumbaifilm,httydragon,hustlemovie,hustlersmovie,isntitromantic,itmovieofficial,jayandsilentbob,johnwickmovie,jojorabbitmovie,jokermovie,judythefilm,jumanjimovie,justmercyfilm,knivesout,lalloronamovie,lastblackmansf,lastchristmasthemovie,latenightmovie,lighthousemovie,lionking,littlethemovie,littlewomenmovie,littlewoodsfilm,longshotmovie,lordsofchaosmovie,lucyintheskyfilm,mamovie2019,marriagestory,meettheaddams,meninblack,midsommarmovie,midwaymovie,missbalamovie,missinglinkfilm,motherlessbklyn,onceinhollywood,onthebasisofsex,overcomermovie,peanutbutterfalcon,petsematarymovie,piercingmovie,playingwithfire,playmobilthemovie,pomsmovie,queenandslim,rambomovie,readyornotfilm,richardjewellfilm,rocketmanmovie,scarystoriesmovie,secretlifeofpets,serenityfilm,shaftmovie,shazammovie,spidermanmovie,spiesindisguise,starwars,stormboymovie,stubermovie,taosdfilm,teenspiritmov,terminator,theaeronautsmov,thebestofenemies,thedeaddontdie,thefarewell,thehighwaymen,thehummingbirdprojectfilm,theintrudermovie,theirishmanfilm,thekitchenmovie,thelegomovie,themustangfilm,thenightingalefilm,theprodigymovie,thesunisalsoastar,theupsidefilm,tolkienmovie,toystory,triplefrontier,uglydolls,uncutgems,underthesilverlake,usmovie,wavesmovie,whatmenwant,wonderparkmovie,wrinklestheclown,xmenmovies,yardiefilm,yesterdaymovie,zombieland
21bridgesmovie,0.99999994,0.9518881,0.97294337,0.96574336,0.9617616,0.96294284,0.9639903,0.96361744,0.9833898,0.95602745,0.97155416,0.95632124,0.9643327,0.96414024,0.9642079,0.96719533,0.95566577,0.9664838,0.9753912,0.94925433,0.9598454,0.9638785,0.9687383,0.9697017,0.95780516,0.9251853,0.96377873,0.9583227,0.97031957,0.9542695,0.958,0.95556426,0.9586156,0.9562286,0.9513657,0.93984157,0.9698695,0.9725025,0.9568848,0.9569425,0.96133274,0.964196,0.957962,0.96896636,0.96645975,0.9597957,0.9690897,0.9574306,0.9545992,0.9670604,0.96280503,0.9668229,0.9610173,0.9629782,0.95748574,0.9662864,0.95578253,0.96388876,0.96414864,0.96863806,0.9558073,0.96479046,0.95682275,0.97113204,0.9603998,0.9659849,0.95966625,0.9607921,0.9646177,0.9562974,0.9714238,0.82318264,0.9563961,0.9635849,0.96185756,0.9592816,0.9440626,0.9594164,0.96843624,0.962191,0.9532938,0.9566059,0.9741226,0.9539352,0.96894324,0.96011096,0.967716,0.96232986,0.96072763,0.9747363,0.9672887,0.9714238,0.9610639,0.96361536,0.95974886,0.96641594,0.9583994,0.96382844,0.9586904,0.95714813,0.96622586,0.9594298,0.95417476,0.96829706,0.96646625,0.96210223,0.9640337,0.9722434,0.96110564,0.95539844,0.97341424,0.91221374,0.96235794,0.9421142,0.9511841,0.9742585,0.9886616,0.9633436,0.963621,0.9616537,0.953032,0.9623588,0.9679047,0.9605148,0.9649343,0.9622123,0.9621672,0.9592273,0.9621821,0.94976753,0.95709014,0.960145,0.9583156,0.9555331,0.95799404,0.96176004,0.9675654,0.9569839,0.9732726,0.96337575,0.9833898,0.9609917,0.9682446,0.9649966,0.95499545,0.95962274,0.9587286,0.95220363,0.9696909,0.9735177,0.96144694,0.9671749,0.96453434,0.96217954,0.9584928,0.9595105,0.96571255,0.96953535,0.96072656,0.9614011,0.9833898,0.94877076,0.9578482,0.96483123,0.9663013
47metersdown,0.9518881,1.0000002,0.9511614,0.9569589,0.93746036,0.9607917,0.95308816,0.94469124,0.96955436,0.926896,0.9520532,0.9501632,0.9546386,0.95337325,0.9497359,0.9655723,0.9362699,0.94808185,0.9447406,0.9299028,0.94292986,0.94194806,0.95626664,0.95123863,0.95590824,0.88038945,0.94151276,0.95201063,0.94666696,0.9352584,0.93444467,0.9387545,0.9463615,0.9371746,0.9358188,0.92764384,0.9480904,0.9568829,0.9480605,0.942849,0.9482697,0.9419329,0.9429752,0.9461185,0.9535261,0.94364005,0.95178115,0.9458713,0.953979,0.9467359,0.95006436,0.9528932,0.94250596,0.9470674,0.94303423,0.9490092,0.9468633,0.9555275,0.95203364,0.9604995,0.9340796,0.9448577,0.94897664,0.9543726,0.9379387,0.952875,0.9491894,0.9408725,0.9433805,0.94863576,0.95505357,0.82895523,0.9256138,0.954458,0.943433,0.9399283,0.90717787,0.95006454,0.94665533,0.95290405,0.92650855,0.9563771,0.95798886,0.9329684,0.95197314,0.9448073,0.94690794,0.95899546,0.95259106,0.9441237,0.946631,0.95505357,0.952829,0.94855165,0.94872147,0.9444668,0.9356326,0.9472927,0.95075876,0.9472317,0.948507,0.9509647,0.9415264,0.9541815,0.95238,0.95484483,0.9519846,0.95963085,0.93758273,0.94569933,0.95342886,0.8678057,0.95432717,0.9278651,0.9410785,0.94179875,0.95625514,0.94797677,0.95444214,0.95315486,0.9345202,0.9603853,0.94618434,0.9513151,0.93784785,0.95016605,0.95035505,0.9488315,0.9341606,0.92752284,0.9488827,0.94536144,0.9453678,0.9418581,0.94595814,0.9337645,0.9365067,0.9414877,0.9564451,0.94468135,0.96955436,0.95124555,0.95063794,0.94822407,0.92922527,0.9518721,0.9416371,0.9322462,0.9564091,0.94847935,0.9498707,0.9493448,0.95241886,0.9265805,0.94527286,0.9368103,0.9386985,0.95148474,0.9426538,0.94355136,0.96955436,0.933602,0.9483351,0.94910383,0.9545529
abeautifuldaymovie,0.97294337,0.9511614,1.0,0.9506778,0.9623855,0.95783275,0.95931756,0.9592184,0.9796878,0.95487255,0.96331567,0.9653565,0.95899105,0.96378326,0.9555807,0.9658353,0.9564698,0.96568716,0.9633399,0.9411027,0.95569474,0.9727504,0.9670855,0.96495026,0.96492016,0.911335,0.9567995,0.9559095,0.97760445,0.9534809,0.9497992,0.9527173,0.95439833,0.95877147,0.9365373,0.9363717,0.9727599,0.95947886,0.9511064,0.9555214,0.9601184,0.9598927,0.95046026,0.96325547,0.96033585,0.9536102,0.96673286,0.95254356,0.95910233,0.96020633,0.9770436,0.96373653,0.96163625,0.9582158,0.94819915,0.96383435,0.9532262,0.9593044,0.9512655,0.965894,0.95215696,0.95682603,0.9548116,0.9701678,0.9511273,0.95995474,0.9581767,0.9549679,0.96943647,0.94772166,0.9670665,0.83447826,0.9421268,0.9620816,0.94988555,0.9529819,0.9257849,0.95792586,0.95883834,0.95986575,0.9516479,0.94952977,0.969249,0.95082796,0.96631163,0.9520557,0.96390826,0.9647242,0.9613213,0.96559334,0.96511126,0.9670665,0.95644647,0.9617066,0.97326916,0.95458287,0.95428145,0.9559278,0.95047414,0.9570642,0.95966506,0.962395,0.9652759,0.96609616,0.9658941,0.9786171,0.9587404,0.97118795,0.96643156,0.9511757,0.9650613,0.9085531,0.9669908,0.9399574,0.9488701,0.9601612,0.97020066,0.9518743,0.963325,0.95769763,0.94752353,0.9598301,0.9606989,0.9576496,0.958846,0.9624654,0.95768714,0.96448654,0.9501802,0.947512,0.9523797,0.9538666,0.9577105,0.9577303,0.955232,0.9573128,0.95483524,0.956991,0.96849465,0.9593951,0.9796878,0.9735916,0.9588387,0.9685445,0.95379424,0.96163446,0.9585064,0.93716353,0.9680397,0.9594153,0.9497915,0.9748314,0.9644948,0.94406426,0.9564009,0.95979947,0.9571529,0.9604057,0.9567499,0.9528905,0.9796878,0.9474942,0.95366186,0.96309704,0.9743164
abominablemovie,0.96574336,0.9569589,0.9506778,1.0,0.94593865,0.9539013,0.95436996,0.95523196,0.9773399,0.93591213,0.9643446,0.94548273,0.96396166,0.9523778,0.9597012,0.9566952,0.943368,0.9541015,0.9562919,0.94119865,0.9626182,0.9463845,0.95654523,0.959858,0.9506008,0.92094064,0.9449105,0.9548998,0.9504667,0.9456372,0.9536536,0.9499893,0.94703263,0.9445689,0.9551028,0.9440434,0.9579824,0.9678571,0.94957095,0.9533869,0.94807106,0.9561641,0.94227135,0.9605746,0.9578949,0.9572647,0.9539305,0.94697547,0.9512433,0.95634574,0.94438416,0.9585869,0.9445738,0.95913315,0.96483666,0.95317954,0.95122707,0.9524514,0.96759635,0.9579455,0.94256055,0.9633592,0.9516947,0.9576868,0.9469784,0.95692635,0.9558138,0.95036566,0.9428418,0.9503072,0.96337634,0.82049376,0.9524496,0.95993316,0.9595031,0.94948375,0.9354092,0.9492689,0.9551804,0.9496085,0.9335193,0.9526008,0.9595902,0.9584704,0.96148324,0.94164884,0.9538881,0.95688826,0.95467323,0.95804495,0.95210606,0.96337634,0.95986634,0.9602444,0.9488634,0.96333075,0.93691397,0.9521895,0.9466939,0.9483642,0.95927393,0.94886345,0.9378847,0.9616313,0.9500488,0.9477718,0.96232283,0.9598347,0.9452143,0.9439138,0.95237434,0.8968331,0.9520167,0.9485359,0.9486039,0.9475146,0.9650994,0.95651644,0.9557878,0.95231736,0.9475845,0.96076137,0.96014965,0.94313663,0.96023977,0.9568769,0.9564777,0.93974817,0.9465319,0.93874264,0.95557225,0.95505667,0.9520335,0.94699097,0.94444543,0.94772875,0.94592327,0.9521237,0.962348,0.95343345,0.9773399,0.9448327,0.95714164,0.9484855,0.93483484,0.9565236,0.9527383,0.95964885,0.96007997,0.95306414,0.95210296,0.95027715,0.9575267,0.9367374,0.9422495,0.94662786,0.9429377,0.96345633,0.95021117,0.9492167,0.9773399,0.94247824,0.9560461,0.9482721,0.9536949
adastramovie,0.9617616,0.93746036,0.9623855,0.94593865,0.9999997,0.94411695,0.95091856,0.9558371,0.97242564,0.9679846,0.9604706,0.94810444,0.9487017,0.9497383,0.9523379,0.9480448,0.9486666,0.97619563,0.9482295,0.9430094,0.9500883,0.9596795,0.9575154,0.9489053,0.9559442,0.909296,0.9663805,0.9476731,0.95472664,0.94072586,0.940504,0.9468203,0.9469181,0.9388818,0.93247414,0.93433774,0.96194446,0.9559851,0.9542417,0.9521738,0.95533335,0.9547115,0.9342724,0.95364004,0.9611529,0.9534992,0.95284486,0.9460091,0.94947755,0.95189595,0.9524038,0.9550878,0.96175444,0.95459276,0.9460872,0.96932834,0.9505538,0.9498888,0.9479329,0.96230817,0.94593096,0.9497174,0.9520723,0.94931173,0.9484517,0.9602653,0.95375586,0.94513166,0.95113045,0.94175977,0.9644205,0.8304497,0.9354486,0.9507567,0.94916344,0.9527153,0.92355144,0.94504887,0.9542268,0.94214535,0.9495609,0.93971944,0.959463,0.94922984,0.9529092,0.9433253,0.9488695,0.94905996,0.9565417,0.9560269,0.95072174,0.9644205,0.947814,0.9525805,0.9531375,0.949314,0.9457637,0.952197,0.9407773,0.9517733,0.9532325,0.9562952,0.9363544,0.96401405,0.95494443,0.9570846,0.9563665,0.95259094,0.9485858,0.94453806,0.9637616,0.90282995,0.96125364,0.9395794,0.94507444,0.95728457,0.9666429,0.95215666,0.9547792,0.94827247,0.93247324,0.948555,0.95609415,0.95075184,0.95638305,0.95141196,0.9492464,0.9438802,0.9637716,0.92941386,0.95328254,0.96693325,0.9475905,0.94972175,0.94771034,0.9464552,0.95265543,0.9482954,0.96347713,0.95259005,0.97242564,0.94957095,0.9528002,0.95240235,0.931649,0.94883806,0.9434111,0.9353162,0.9467711,0.95492357,0.9491253,0.95226806,0.95012176,0.9457042,0.9442071,0.955465,0.95324194,0.9629855,0.956918,0.9592823,0.97242564,0.95568407,0.9523445,0.9577668,0.95489746
adogsjourneymovie,0.96294284,0.9607917,0.95783275,0.9539013,0.94411695,1.0000001,0.95440006,0.9520001,0.9749807,0.93848604,0.9526977,0.9562,0.9581521,0.9583038,0.9573548,0.95752925,0.95129085,0.95497006,0.95046824,0.93182915,0.9424041,0.95119023,0.96507883,0.9546479,0.95445275,0.90052503,0.94182116,0.9501081,0.95400035,0.94389623,0.94245386,0.94885325,0.9492496,0.9444829,0.9341005,0.93304586,0.9608365,0.9597481,0.95366764,0.94766074,0.9530031,0.9531302,0.9489015,0.9537534,0.956358,0.94554126,0.96162426,0.9533508,0.9631664,0.9514819,0.9554145,0.9668802,0.9536248,0.95852774,0.9555896,0.95512074,0.9434353,0.9560014,0.947109,0.9599415,0.9395345,0.94697917,0.9568752,0.9600768,0.9571483,0.95230585,0.9559294,0.96169305,0.9484125,0.9504628,0.96065056,0.83495533,0.94310737,0.95368874,0.95480436,0.9417604,0.9180717,0.9566464,0.957057,0.9629452,0.943314,0.95676637,0.9610538,0.938576,0.96029174,0.95402443,0.9502568,0.96052855,0.95220464,0.9539344,0.95232594,0.96065056,0.9537871,0.9592706,0.9592747,0.9597139,0.941095,0.9399242,0.9485906,0.9569931,0.96229655,0.961462,0.95549667,0.955788,0.9563261,0.95864254,0.94973564,0.96048635,0.95121616,0.951779,0.95233303,0.88740665,0.95150024,0.9323257,0.9401342,0.949004,0.9651955,0.952642,0.96667784,0.94977254,0.93946964,0.95831126,0.9539897,0.97371584,0.9477077,0.9530811,0.9675907,0.95179915,0.94666857,0.9392541,0.94574434,0.94611555,0.94888896,0.9459316,0.94696444,0.9514142,0.95066977,0.95310533,0.9601845,0.9547753,0.9749807,0.9553233,0.9589365,0.9536854,0.932504,0.9600789,0.9466383,0.9401431,0.9611375,0.95488954,0.951666,0.95363104,0.9559288,0.92904675,0.9508982,0.9428974,0.9581312,0.9550178,0.9526067,0.940019,0.9749807,0.93252647,0.95272547,0.96634245,0.9551288
aftermathmovie,0.9639903,0.95308816,0.95931756,0.95436996,0.95091856,0.95440006,1.0000001,0.9630026,0.98139524,0.95494795,0.9662981,0.95740384,0.9627931,0.96523064,0.96632844,0.9637909,0.9624621,0.9621705,0.954805,0.94876236,0.96051526,0.95970595,0.9620579,0.9679197,0.9599973,0.9130252,0.95899636,0.96483207,0.95693827,0.9469006,0.9489319,0.959036,0.95530576,0.9481743,0.95231116,0.9443115,0.96834815,0.9625932,0.9557844,0.9617605,0.9621283,0.9587601,0.9516405,0.9657008,0.96990716,0.95462596,0.9559061,0.9686216,0.9533885,0.9609059,0.9510671,0.966538,0.959043,0.9596226,0.95556897,0.9610048,0.9553198,0.9622113,0.9605854,0.96301377,0.94777316,0.9603895,0.967795,0.9660525,0.95768523,0.96670586,0.9605191,0.9556431,0.9576901,0.952675,0.9698928,0.8318878,0.9399849,0.9628176,0.9560598,0.96628094,0.9353052,0.96893996,0.9656622,0.96373564,0.9521706,0.97738004,0.9688762,0.9622287,0.9548931,0.94626534,0.9554563,0.96812963,0.9623082,0.95875174,0.96140754,0.9698928,0.95532155,0.9581413,0.95802814,0.95956796,0.9553171,0.95331514,0.97276044,0.9563577,0.95309603,0.9683371,0.9479619,0.96926844,0.95826596,0.9551207,0.967783,0.9647522,0.94420135,0.961501,0.9691956,0.89197326,0.96539307,0.9292098,0.95588523,0.9604772,0.9675032,0.9629644,0.96612877,0.9871502,0.9554094,0.9570031,0.9578522,0.95163715,0.9561634,0.9699217,0.9581951,0.9470961,0.94661415,0.9350066,0.9607139,0.9545028,0.9634636,0.9535791,0.9576879,0.9514838,0.9545255,0.96258897,0.9679528,0.95596266,0.98139524,0.9556959,0.9585961,0.9631644,0.9478195,0.9628618,0.9491174,0.9485712,0.9608138,0.9563903,0.98057,0.96014816,0.9629818,0.9493297,0.95461726,0.9588266,0.9474414,0.9655278,0.95694757,0.9593563,0.98139524,0.9542016,0.9509216,0.9550759,0.9534703
aftermovie,0.96361744,0.94469124,0.9592184,0.95523196,0.9558371,0.9520001,0.9630026,1.0000001,0.9776183,0.94901466,0.96832585,0.9499024,0.9637428,0.9568043,0.9590492,0.9515515,0.95196563,0.9659628,0.95252943,0.9464101,0.9461477,0.9539757,0.9600258,0.95829415,0.95844513,0.9179086,0.9610417,0.9608388,0.9605984,0.94371307,0.9509531,0.9476338,0.95155424,0.9359163,0.9501415,0.94619477,0.9639283,0.95659834,0.95065707,0.96354055,0.9562941,0.9589087,0.94482726,0.9626537,0.965504,0.9512015,0.9554991,0.95835865,0.9450589,0.960205,0.9513907,0.9601255,0.96082234,0.9501,0.96002185,0.95635784,0.9553565,0.955868,0.96168,0.9622109,0.9468624,0.96466106,0.95311964,0.9605638,0.94973123,0.96114784,0.955493,0.9572777,0.95612085,0.9498685,0.96560115,0.8188582,0.9402245,0.9557701,0.95357496,0.9632845,0.93811995,0.95609736,0.9625261,0.9536192,0.95375353,0.95215774,0.9632092,0.9505759,0.9586432,0.9587321,0.95657617,0.9671695,0.9581899,0.9588057,0.96496123,0.96560115,0.95335835,0.95924014,0.9513008,0.96512425,0.958039,0.95875967,0.94814837,0.9515527,0.956714,0.96022946,0.9423436,0.9631359,0.95055574,0.9543475,0.96563274,0.95910823,0.9449411,0.9448552,0.9643798,0.9038519,0.9637573,0.94316083,0.94628096,0.96167934,0.96880764,0.95838505,0.95484155,0.9609894,0.94799846,0.9562053,0.9562107,0.9413197,0.96192545,0.96073556,0.9603022,0.9422755,0.95312554,0.93561864,0.95002705,0.95213175,0.9603185,0.9463939,0.9508665,0.9456468,0.9440884,0.9525878,0.9644413,0.95635796,0.9776183,0.95057714,0.9583115,0.95828575,0.94687104,0.95389384,0.94701594,0.94461155,0.9573798,0.96265596,0.95715904,0.9648872,0.95549726,0.9418065,0.9444662,0.96185905,0.95389116,0.9608362,0.9648432,0.95342994,0.9776183,0.9532557,0.9492329,0.9559916,0.9549382
ahiddenlifefilm,0.9833898,0.96955436,0.9796878,0.9773399,0.97242564,0.9749807,0.98139524,0.9776183,0.9999999,0.96893877,0.98408496,0.9728588,0.9802104,0.9784789,0.98135114,0.9777846,0.9745117,0.9783948,0.97567195,0.9657341,0.97539204,0.9784601,0.9802736,0.97941,0.9752123,0.93162245,0.97241014,0.978792,0.97777975,0.96960187,0.96947753,0.9727973,0.97101635,0.96799237,0.9639703,0.96185964,0.9832328,0.9791823,0.9760006,0.9748334,0.976979,0.97619426,0.9685835,0.9788456,0.9840987,0.9757649,0.9774093,0.97571105,0.97462547,0.97618866,0.9744028,0.98344576,0.9778435,0.9755724,0.9750168,0.976269,0.9743557,0.9789939,0.976854,0.98056996,0.9645331,0.9782098,0.9783052,0.97975194,0.97293156,0.98165804,0.9778385,0.9751044,0.9754233,0.9713145,0.9859581,0.8389974,0.9608621,0.9803856,0.9720674,0.9730953,0.9504777,0.9746325,0.9778463,0.97520435,0.9668399,0.97318983,0.9828163,0.97087514,0.97949165,0.9679987,0.974147,0.982615,0.9778926,0.9816742,0.98123974,0.9859581,0.97189087,0.9777664,0.9754938,0.9767408,0.9673605,0.9731494,0.97098124,0.97369367,0.9796539,0.97951436,0.9658508,0.9840798,0.9762822,0.97714716,0.98005927,0.9820867,0.97212857,0.9706511,0.98285717,0.91636413,0.98085487,0.9561251,0.9716911,0.9742514,0.98554367,0.9740477,0.9809321,0.9791759,0.96682227,0.977816,0.97793144,0.97095436,0.978118,0.9800172,0.976321,0.9703646,0.9718225,0.9592929,0.97434056,0.9738588,0.97887826,0.97027165,0.9722035,0.9734297,0.96853644,0.9727163,0.9854676,0.97660697,0.9999999,0.9754311,0.9806764,0.9763446,0.96344066,0.9788025,0.97148347,0.96435696,0.9793146,0.9765077,0.9757507,0.9774971,0.9784729,0.9588788,0.9697647,0.97566676,0.9690654,0.9826418,0.97316796,0.97463423,0.9999999,0.9663369,0.97380114,0.9755689,0.977811
alitamovie,0.95602745,0.926896,0.95487255,0.93591213,0.9679846,0.93848604,0.95494795,0.94901466,0.96893877,0.9999999,0.96081257,0.9395187,0.94378483,0.95159614,0.9519646,0.94769484,0.95374095,0.96400434,0.94096017,0.9419108,0.94576216,0.9510726,0.95291454,0.94895756,0.9517736,0.9034315,0.95975953,0.9466618,0.9540496,0.93988556,0.93782824,0.9521372,0.94404304,0.9373854,0.92508215,0.92829967,0.95926476,0.94905347,0.9463632,0.955196,0.9465332,0.94568163,0.9324407,0.9461769,0.9586343,0.9452431,0.94820035,0.9473981,0.9408499,0.94526416,0.9458343,0.95713043,0.9608596,0.94222665,0.9380106,0.9590606,0.95050323,0.94965994,0.9374496,0.95787275,0.93995446,0.94282526,0.9482371,0.9487152,0.9556211,0.96049744,0.9492237,0.942626,0.95429015,0.93409556,0.96540403,0.81034505,0.9231048,0.9498949,0.9389608,0.95218265,0.9085778,0.952334,0.9484951,0.94461226,0.9531272,0.94214034,0.9507806,0.9453461,0.94280374,0.94574046,0.9409394,0.9529276,0.95386773,0.95884174,0.9524853,0.96540403,0.9405048,0.9517145,0.94570774,0.94578904,0.9504632,0.9515139,0.93960047,0.9436058,0.9514514,0.95468867,0.9401845,0.9581488,0.962666,0.9475794,0.95478207,0.95022166,0.9422129,0.9521751,0.9610065,0.8986012,0.956284,0.92905444,0.9447337,0.9590048,0.9597058,0.946588,0.95277953,0.95325214,0.9340742,0.9502272,0.9478561,0.93770754,0.9543518,0.95321906,0.94420314,0.9434401,0.954215,0.9228123,0.94770986,0.95343554,0.9504015,0.948277,0.9586246,0.94958687,0.94251394,0.95450586,0.9610457,0.9480212,0.96893877,0.9481343,0.9561491,0.95057094,0.93725586,0.95234394,0.9491169,0.93164635,0.93848795,0.9402241,0.94697934,0.9560242,0.9510553,0.9393837,0.94923633,0.9590512,0.95152974,0.96255547,0.9525694,0.96000457,0.96893877,0.9474468,0.9483397,0.9474742,0.94981366
angelhasfallen,0.97155416,0.9520532,0.96331567,0.9643446,0.9604706,0.9526977,0.9662981,0.96832585,0.98408496,0.96081257,1.0000004,0.95979285,0.96609277,0.959882,0.9672147,0.95938605,0.9635153,0.9667813,0.9599238,0.95516026,0.961688,0.9602088,0.9661503,0.96167296,0.9607212,0.9085066,0.96123093,0.96818626,0.9616936,0.95223373,0.95760286,0.95586115,0.9589015,0.9530847,0.94518226,0.94767535,0.96967196,0.9667596,0.95376414,0.96316195,0.9579931,0.96325976,0.94693595,0.965024,0.968497,0.9664298,0.96435505,0.9559584,0.9567908,0.96255124,0.9577916,0.96444345,0.9664796,0.9613395,0.95956475,0.96410096,0.9591883,0.96900374,0.96847326,0.9690783,0.9453532,0.96516246,0.9622493,0.96225744,0.9568083,0.97561383,0.9585449,0.9561714,0.9702274,0.956149,0.9709371,0.8292983,0.9480062,0.9631639,0.9600791,0.9609729,0.9324468,0.96124613,0.957068,0.95653677,0.96371037,0.96165735,0.96889263,0.95697916,0.96294934,0.9533322,0.962411,0.9653948,0.963625,0.96845,0.9662515,0.9709371,0.95482194,0.9592377,0.95874465,0.9686381,0.9641453,0.9570489,0.9561958,0.96116674,0.9657367,0.95945096,0.94883126,0.96931505,0.96166396,0.95957136,0.96615213,0.967119,0.9533906,0.95195895,0.97089994,0.9128023,0.9707254,0.94075423,0.9581347,0.96683514,0.97265875,0.96160984,0.9659753,0.9659876,0.9497731,0.9662134,0.9656613,0.952024,0.9658932,0.9652553,0.95540935,0.9556789,0.95815474,0.9437149,0.96233255,0.9627166,0.96471244,0.9536343,0.9619373,0.9525079,0.95447046,0.95664763,0.96769404,0.96151066,0.98408496,0.96014094,0.969241,0.96172345,0.9509494,0.95968056,0.9585453,0.9418634,0.9680144,0.96816295,0.95873547,0.9613754,0.9643569,0.94847184,0.95402086,0.96449333,0.95827436,0.97005844,0.96339047,0.9634112,0.98408496,0.9514598,0.9613203,0.96189624,0.9626692
angrybirdsmovie,0.95632124,0.9501632,0.9653565,0.94548273,0.94810444,0.9562,0.95740384,0.9499024,0.9728588,0.9395187,0.95979285,1.0000001,0.95693886,0.9597212,0.95806515,0.95807153,0.94480854,0.95756525,0.9552485,0.9423024,0.95535296,0.95953995,0.9527956,0.95387596,0.9518124,0.9159122,0.9462865,0.9493964,0.96163875,0.9520592,0.94582385,0.9483213,0.94483256,0.95758796,0.94560796,0.9404588,0.9621179,0.9525714,0.94108194,0.94697607,0.95922047,0.96624607,0.95462644,0.9607734,0.9568158,0.9469831,0.94891757,0.96054584,0.95363593,0.9589434,0.96845996,0.9630504,0.9456977,0.9567054,0.9477301,0.948482,0.94556093,0.9529626,0.9494117,0.95256746,0.9435349,0.9505469,0.95199895,0.9590553,0.9483879,0.9565666,0.95677745,0.9520894,0.965713,0.95105684,0.956517,0.8472825,0.9326956,0.95412576,0.94429797,0.9521569,0.9317309,0.95461106,0.9563099,0.9637092,0.9514459,0.94748783,0.95937645,0.94476616,0.96684945,0.9381198,0.959118,0.9606662,0.94776917,0.9537958,0.956449,0.956517,0.95241165,0.9504909,0.96905243,0.95422614,0.9461763,0.9509145,0.94742805,0.9492405,0.9556839,0.9560167,0.94799364,0.9547043,0.95137864,0.9692536,0.952195,0.9629204,0.9488668,0.9493527,0.9522866,0.900969,0.9569391,0.93900526,0.9451846,0.9518064,0.9559003,0.9442499,0.96047866,0.95929646,0.94151235,0.9539219,0.95788616,0.95058626,0.9464339,0.959079,0.95703286,0.95967835,0.94047177,0.9446561,0.94528407,0.9475735,0.94888484,0.9451333,0.9434577,0.9492433,0.9454059,0.9562897,0.9656765,0.95284307,0.9728588,0.96162933,0.9587929,0.9595179,0.94972306,0.9581281,0.95676386,0.9385915,0.9572741,0.9545557,0.9480135,0.96319425,0.9607576,0.93348986,0.9486183,0.9495179,0.94172823,0.95593935,0.9398931,0.9456431,0.9728588,0.94460773,0.9548398,0.9496608,0.96400994
annabellemovie,0.9643327,0.9546386,0.95899105,0.96396166,0.9487017,0.9581521,0.9627931,0.9637428,0.9802104,0.94378483,0.96609277,0.95693886,1.0000002,0.9678302,0.96943426,0.96165246,0.95167816,0.95955837,0.9592645,0.9465501,0.95463014,0.95192933,0.9600939,0.96338385,0.95402175,0.9185942,0.95373344,0.9613089,0.9581107,0.9514106,0.95028275,0.9575723,0.95312357,0.9436311,0.9576852,0.94681704,0.96501935,0.9723856,0.95658547,0.954164,0.96284974,0.96056,0.95545995,0.9649982,0.96775794,0.9564441,0.95417726,0.9556211,0.9592987,0.9597127,0.955049,0.9664916,0.96320534,0.95931673,0.9661934,0.95466006,0.95430106,0.96726865,0.96110916,0.9607968,0.96186256,0.9566248,0.9565306,0.97019655,0.954327,0.9621049,0.9531581,0.9628138,0.9548237,0.9546857,0.9661014,0.82420284,0.94334763,0.9686171,0.9605816,0.9592251,0.9462581,0.9608026,0.9602565,0.9598371,0.9414766,0.96340907,0.9695742,0.95829564,0.9724845,0.94593453,0.9695431,0.98107517,0.95398754,0.9630158,0.95983976,0.9661014,0.9500621,0.96256584,0.9581698,0.9638367,0.951636,0.9515988,0.9487232,0.9573131,0.9626168,0.9592846,0.9438435,0.9643756,0.9572717,0.95708877,0.96770257,0.9681495,0.94847727,0.95227236,0.96656346,0.89033616,0.9696656,0.94572026,0.95073676,0.9570732,0.9661053,0.95590115,0.9562138,0.9595635,0.96254766,0.96612984,0.9606678,0.9540551,0.95790756,0.95966244,0.96609944,0.95312524,0.9546338,0.9457204,0.9528344,0.9575001,0.96447724,0.9554538,0.9568592,0.95295477,0.9437968,0.9570205,0.96972644,0.95815104,0.9802104,0.9546222,0.9615003,0.95790124,0.9477862,0.95809823,0.9534902,0.9616311,0.9622414,0.9597922,0.95373607,0.9611837,0.9639699,0.94202757,0.9517149,0.95489997,0.9483361,0.9613316,0.95748395,0.9557214,0.9802104,0.950008,0.95394367,0.9609016,0.9606698
annamovie,0.96414024,0.95337325,0.96378326,0.9523778,0.9497383,0.9583038,0.96523064,0.9568043,0.9784789,0.95159614,0.959882,0.9597212,0.9678302,0.99999994,0.96036243,0.95897305,0.9550928,0.9565608,0.9544173,0.940907,0.95683926,0.9567041,0.96560025,0.9681715,0.9546313,0.91956615,0.9499271,0.9595268,0.9646997,0.94971895,0.95039165,0.96400917,0.9531379,0.9526457,0.94710356,0.9414034,0.96985143,0.9626148,0.9528434,0.9600021,0.9615141,0.9585032,0.9584553,0.9605181,0.9645291,0.9494606,0.9604614,0.9656903,0.9551321,0.9595289,0.9542436,0.970478,0.9621759,0.9543052,0.94289005,0.957316,0.9525546,0.96202767,0.95816255,0.96272737,0.9609431,0.95786166,0.96031374,0.9746279,0.95922333,0.95877105,0.960522,0.96411103,0.9639094,0.9509378,0.96741223,0.81986064,0.95076245,0.9666446,0.9593687,0.9549585,0.93365616,0.96272,0.9629397,0.9569188,0.9445277,0.95695,0.96430415,0.9603273,0.9576507,0.9537662,0.9549948,0.9681929,0.9564781,0.96597695,0.9643638,0.96741223,0.9559246,0.9648056,0.96120924,0.9551478,0.94979024,0.955747,0.95146495,0.9702129,0.95763683,0.96230406,0.94818044,0.9663329,0.9699821,0.9558997,0.964023,0.9581135,0.949651,0.9577769,0.9688655,0.89634454,0.9604731,0.9441455,0.9572344,0.9625485,0.96834844,0.9573887,0.9567488,0.96505964,0.9524935,0.96422726,0.9564486,0.95370984,0.95944756,0.96431196,0.95833915,0.9464134,0.9516817,0.9401414,0.9583751,0.95616937,0.9605821,0.9560146,0.95535964,0.95705765,0.9561323,0.9602864,0.9733456,0.95617664,0.9784789,0.96014994,0.9563875,0.9586012,0.9486265,0.96455836,0.96038795,0.95252275,0.9593372,0.95746356,0.9527826,0.9636025,0.95639557,0.94704926,0.95681185,0.95893157,0.9494688,0.95975125,0.9573825,0.95677376,0.9784789,0.94832146,0.95398164,0.9611097,0.959818
apollo11movie,0.9642079,0.9497359,0.9555807,0.9597012,0.9523379,0.9573548,0.96632844,0.9590492,0.98135114,0.9519646,0.9672147,0.95806515,0.96943426,0.96036243,0.99999976,0.9544084,0.9581579,0.96303695,0.954679,0.9731995,0.96633416,0.9595587,0.9615331,0.96379465,0.9554628,0.91446954,0.9578828,0.96523136,0.96217513,0.94816035,0.94832474,0.9591619,0.9567114,0.9538755,0.9461999,0.9480913,0.9627462,0.9641486,0.9641436,0.9592873,0.9689843,0.9595482,0.95118636,0.9615778,0.96662265,0.9644456,0.9554362,0.95932615,0.9646091,0.9573663,0.95684165,0.96565974,0.9560502,0.9580332,0.9618475,0.952536,0.9582479,0.96313244,0.95808834,0.9574973,0.95375526,0.9593961,0.9572486,0.96771663,0.9575779,0.96275496,0.9633984,0.9621421,0.9526655,0.95317584,0.9653442,0.8264455,0.93863136,0.9647384,0.95755714,0.96070224,0.9311703,0.95896053,0.95904213,0.96026856,0.9491873,0.95342076,0.9665733,0.95150685,0.96224385,0.94932324,0.9606209,0.96366906,0.9557564,0.963532,0.9644675,0.9653442,0.9542688,0.9627487,0.95906174,0.975086,0.9481183,0.95637316,0.95615226,0.95642126,0.9638619,0.9537454,0.9472936,0.9621598,0.95632625,0.95649123,0.9682787,0.9619364,0.94736403,0.9528758,0.9665459,0.90218145,0.9651572,0.92622155,0.9553453,0.9577085,0.96459615,0.9500778,0.9635271,0.9596106,0.96310353,0.96327084,0.9676591,0.9543586,0.95994115,0.9658142,0.96065366,0.95458305,0.96115446,0.93645614,0.95756626,0.94799685,0.96270597,0.95684606,0.9563644,0.9506491,0.9405991,0.95365214,0.9663889,0.967487,0.98135114,0.9556458,0.9662542,0.9567018,0.9524644,0.9599743,0.9501125,0.9470274,0.9586618,0.95757866,0.9577481,0.9569669,0.96068215,0.9442485,0.9544297,0.95903146,0.9527751,0.96378994,0.9533954,0.9577778,0.98135114,0.9547208,0.9593556,0.9630806,0.96227854
arcticdogsmovie,0.96719533,0.9655723,0.9658353,0.9566952,0.9480448,0.95752925,0.9637909,0.9515515,0.9777846,0.94769484,0.95938605,0.95807153,0.96165246,0.95897305,0.9544084,1.0000001,0.9565521,0.9540961,0.95601714,0.9388989,0.948798,0.95601773,0.9619259,0.9556581,0.9556824,0.90484154,0.9548967,0.96025944,0.9539735,0.9487268,0.9458769,0.9492261,0.9564723,0.9560366,0.9452089,0.9347866,0.9687095,0.9646081,0.948363,0.9507891,0.9565695,0.9561799,0.94652396,0.95856255,0.96275157,0.94891673,0.95904374,0.9509771,0.95147413,0.95728815,0.95752454,0.9597147,0.9486937,0.9560421,0.94995564,0.9614842,0.95357776,0.9570594,0.9498642,0.9660695,0.9443437,0.9583964,0.95949113,0.9623364,0.9474749,0.9568624,0.9556416,0.94637626,0.9562941,0.9512926,0.9681626,0.8326708,0.9369851,0.9652617,0.95190406,0.95318323,0.9270646,0.9536531,0.95425963,0.95965785,0.94611967,0.95733374,0.965436,0.9478761,0.9588989,0.94628364,0.95173854,0.96273714,0.9597563,0.95574516,0.95581007,0.9681626,0.9481982,0.95135313,0.96457016,0.9546657,0.948195,0.9581815,0.955366,0.9520302,0.95884424,0.9573917,0.9495843,0.96543103,0.95344555,0.9611008,0.9600423,0.9751961,0.9600032,0.9495906,0.96653044,0.8798153,0.9582986,0.9380442,0.9476537,0.95497036,0.96698105,0.9534072,0.96200806,0.96675026,0.9406127,0.9616574,0.95585406,0.95038706,0.9521726,0.9586285,0.9587187,0.95641434,0.9422686,0.9350648,0.9528355,0.95307994,0.9579097,0.95016843,0.95244896,0.95668817,0.95227593,0.9526029,0.9660547,0.9436324,0.9777846,0.959708,0.9612795,0.95980155,0.9425555,0.9622134,0.949183,0.9424352,0.9609559,0.95502764,0.9580332,0.9606815,0.9600872,0.9308757,0.95403576,0.9522075,0.9482653,0.96096706,0.9432205,0.9512414,0.9777846,0.94790006,0.9553012,0.95517415,0.96369076
arcticmovie,0.95566577,0.9362699,0.9564698,0.943368,0.9486666,0.95129085,0.9624621,0.95196563,0.9745117,0.95374095,0.9635153,0.94480854,0.95167816,0.9550928,0.9581579,0.9565521,1.0,0.95273954,0.94160473,0.95206374,0.94668823,0.9560617,0.9565165,0.94451696,0.9517958,0.89319897,0.9492371,0.9703939,0.95298094,0.95454687,0.9366769,0.951582,0.9430752,0.95939434,0.9398019,0.9457394,0.9664965,0.9543655,0.95602393,0.9536146,0.95153314,0.95544964,0.9487818,0.9508002,0.96382743,0.95870006,0.9508589,0.9562914,0.95170397,0.947961,0.9492131,0.9614976,0.9503621,0.952339,0.9462722,0.95469743,0.9488423,0.958131,0.94472116,0.9532214,0.9359198,0.9504197,0.9608693,0.95495176,0.95449424,0.95445037,0.9525024,0.9516594,0.952052,0.9369727,0.95913357,0.8152651,0.9354986,0.9567575,0.9461053,0.94868624,0.9179162,0.9549159,0.9507148,0.94428486,0.9502022,0.9533212,0.9610079,0.94974905,0.95344615,0.9429564,0.9460143,0.9610741,0.952899,0.96230114,0.95606273,0.95913357,0.9443716,0.961034,0.95704305,0.9532264,0.9400079,0.95374113,0.94999546,0.949719,0.9579166,0.95693755,0.94635147,0.9565802,0.95235914,0.9524344,0.9518677,0.9577193,0.9560327,0.9477399,0.9616542,0.88764715,0.96045846,0.9235886,0.9554919,0.9541416,0.9618065,0.9443908,0.96061844,0.96051633,0.9421458,0.95300984,0.9501672,0.9435467,0.95394135,0.95674276,0.94953835,0.9427038,0.94883096,0.942209,0.9472189,0.94687194,0.97418964,0.96064276,0.9582282,0.95827854,0.94677424,0.94873345,0.95438266,0.9555623,0.9745117,0.9583126,0.9558462,0.9546382,0.94131535,0.9591268,0.9448818,0.93829453,0.956152,0.94782585,0.95732623,0.9495567,0.95095193,0.92833525,0.947979,0.95388645,0.94790894,0.95625263,0.95397645,0.9522922,0.9745117,0.9413371,0.9481087,0.9529946,0.9531661
artofracingmovie,0.9664838,0.94808185,0.96568716,0.9541015,0.97619563,0.95497006,0.9621705,0.9659628,0.9783948,0.96400434,0.9667813,0.95756525,0.95955837,0.9565608,0.96303695,0.9540961,0.95273954,0.9999999,0.95483017,0.9416003,0.95483017,0.9585633,0.96152365,0.958483,0.96373975,0.91556257,0.968209,0.9578802,0.96234804,0.9498302,0.9483169,0.951092,0.95082015,0.95001966,0.9433147,0.93469197,0.96464515,0.95841837,0.95432377,0.95653594,0.95668805,0.962278,0.9475293,0.9619084,0.9616702,0.9553122,0.95762914,0.9515953,0.9540008,0.96042633,0.961051,0.9597337,0.9616238,0.95880204,0.95460486,0.9723132,0.95484656,0.9614392,0.95922244,0.9632155,0.9407859,0.95955753,0.95505255,0.95920014,0.9498309,0.96499044,0.9640075,0.9511925,0.9536042,0.94993025,0.9690636,0.816586,0.9359488,0.9604332,0.9496392,0.9543058,0.92862236,0.95429504,0.96234196,0.95683694,0.94831854,0.95068353,0.96686286,0.9529493,0.96412355,0.95609707,0.9645759,0.96132743,0.95862144,0.9611498,0.954536,0.9690636,0.95405555,0.9583091,0.96100664,0.95928925,0.954327,0.9564586,0.95116675,0.95455635,0.9575543,0.9603766,0.94711506,0.97101474,0.9615357,0.96330607,0.9642675,0.96539396,0.9475015,0.95071137,0.9628175,0.9041627,0.9598787,0.9391148,0.9502037,0.9617591,0.9675481,0.9557793,0.95510656,0.95669097,0.9437303,0.9534952,0.96121854,0.95387095,0.9582415,0.96069,0.95863205,0.9573195,0.96559674,0.9419384,0.9551414,0.96337885,0.95689046,0.9512444,0.9557742,0.95212615,0.9488325,0.9521084,0.96868855,0.96526206,0.9783948,0.95793164,0.95877284,0.95619327,0.9424661,0.9528256,0.9483062,0.94149995,0.959591,0.9569289,0.95735717,0.9623168,0.9601507,0.9512221,0.9486402,0.9626112,0.95503056,0.9659067,0.9565125,0.9614144,0.9783948,0.954913,0.9547331,0.96143,0.96065104
avengers,0.9753912,0.9447406,0.9633399,0.9562919,0.9482295,0.95046824,0.954805,0.95252943,0.97567195,0.94096017,0.9599238,0.9552485,0.9592645,0.9544173,0.954679,0.95601714,0.94160473,0.95483017,0.99999994,0.94247097,0.9556747,0.9570691,0.9636292,0.96142447,0.95024943,0.9117922,0.9456328,0.94628024,0.9593363,0.9487739,0.97513527,0.9438061,0.9410481,0.9436728,0.9355014,0.9361429,0.960015,0.9559035,0.9506703,0.94037193,0.9590681,0.9589357,0.9559039,0.968203,0.9609943,0.95252603,0.9602965,0.94862866,0.94988185,0.9647078,0.9586821,0.9553234,0.949385,0.95225364,0.95156157,0.9597073,0.9588845,0.95307195,0.95416373,0.96092004,0.9486249,0.96172726,0.9571737,0.9610835,0.94596267,0.96084505,0.95254797,0.94432425,0.9525779,0.9586059,0.96766734,0.81089807,0.95539796,0.9557787,0.9542875,0.9492185,0.92472506,0.94780344,0.95786387,0.9574705,0.94842327,0.9403655,0.963366,0.94758713,0.96114844,0.951528,0.9556992,0.9564298,0.95926046,0.9677961,0.96517515,0.96766734,0.9572587,0.95877737,0.95425385,0.94990826,0.94306356,0.9470692,0.9510995,0.9532761,0.95812196,0.9590245,0.94178736,0.96292716,0.9529364,0.95666546,0.95665526,0.96303964,0.9576154,0.9517051,0.955008,0.9081122,0.95571584,0.93991154,0.9467522,0.9439668,0.9596284,0.9519923,0.9646491,0.9550273,0.9461687,0.94815063,0.95853406,0.950614,0.9478319,0.96040887,0.9503965,0.9612867,0.94975406,0.95738626,0.9507669,0.95328575,0.9477956,0.94160277,0.94662136,0.95424384,0.955818,0.9491664,0.9707792,0.95505506,0.97567195,0.9519184,0.9530673,0.9561669,0.9444239,0.9523337,0.9506918,0.94293463,0.9639783,0.950976,0.94886106,0.9623979,0.95725006,0.9434934,0.9409183,0.95711595,0.9494253,0.963081,0.9501085,0.94786656,0.97567195,0.939238,0.95042515,0.95448405,0.959055
beachbummovie,0.94925433,0.9299028,0.9411027,0.94119865,0.9430094,0.93182915,0.94876236,0.9464101,0.9657341,0.9419108,0.95516026,0.9423024,0.9465501,0.940907,0.9731995,0.9388989,0.95206374,0.9416003,0.94247097,0.9999999,0.9462036,0.9530269,0.94907707,0.94588006,0.94083446,0.89741987,0.9377189,0.95544076,0.9450993,0.9275612,0.9294015,0.9412335,0.9375769,0.93769467,0.9305238,0.9434525,0.9429782,0.9465947,0.95021725,0.9478834,0.9472842,0.94416857,0.929038,0.9445218,0.95513153,0.96197414,0.94297636,0.94196415,0.94211656,0.9409932,0.9433922,0.9477347,0.9397752,0.93927324,0.9399163,0.9355797,0.942384,0.94175994,0.9359491,0.9449104,0.936225,0.94124675,0.9405314,0.94757116,0.94947493,0.9509258,0.9460646,0.94205374,0.9408649,0.9389528,0.94885755,0.8262509,0.92177856,0.95003486,0.9415954,0.95225286,0.9117728,0.94136596,0.9361002,0.9349075,0.9374722,0.9326151,0.9436423,0.937374,0.9469374,0.93122274,0.94100016,0.9481163,0.9434091,0.9496841,0.94835395,0.94885755,0.9346614,0.94534576,0.9429756,0.9599515,0.92860895,0.95388746,0.93581843,0.9349871,0.94945705,0.9463359,0.9362497,0.94629496,0.9427,0.9424947,0.9520123,0.94632024,0.9300475,0.9387805,0.954188,0.89799774,0.9479516,0.9251486,0.941019,0.9436959,0.94578284,0.9386513,0.9440654,0.9464391,0.93562585,0.9460911,0.94842046,0.92966366,0.95002043,0.9485257,0.9398214,0.93082917,0.9490977,0.9150516,0.93882465,0.93898606,0.9495943,0.9399246,0.94051635,0.93140364,0.92745996,0.9358549,0.95183885,0.9535261,0.9657341,0.94619393,0.9535092,0.9407366,0.9277912,0.93821883,0.9432583,0.9285558,0.94101495,0.9408099,0.94609696,0.94009054,0.94523126,0.92844594,0.93821275,0.94594085,0.941534,0.9523756,0.93966174,0.9409709,0.9657341,0.9418489,0.9483804,0.94713944,0.95127726
bernadettefilm,0.9598454,0.94292986,0.95569474,0.9626182,0.9500883,0.9424041,0.96051526,0.9461477,0.97539204,0.94576216,0.961688,0.95535296,0.95463014,0.95683926,0.96633416,0.948798,0.94668823,0.95483017,0.9556747,0.9462036,0.99999994,0.9532745,0.95251834,0.96174884,0.9505487,0.91353506,0.94891715,0.9601949,0.9612406,0.9518026,0.9517929,0.9482027,0.95020515,0.9531112,0.94117576,0.94798136,0.9631906,0.95496494,0.95186317,0.94635034,0.95021844,0.960954,0.9481335,0.95403075,0.95862937,0.954588,0.9519545,0.9570255,0.9519794,0.9540797,0.9545841,0.96069175,0.9505678,0.95543945,0.95193154,0.9529648,0.9465796,0.95784307,0.9634537,0.95181954,0.94395024,0.95205164,0.95249283,0.9584925,0.9415859,0.96126974,0.95656365,0.9526438,0.9534249,0.9479229,0.96005774,0.8341397,0.9478856,0.96028936,0.9462057,0.94789165,0.93379265,0.94900525,0.9511291,0.95131546,0.9357876,0.9433968,0.95514846,0.95344037,0.956845,0.9380787,0.95795417,0.95505035,0.9482101,0.9556528,0.95392525,0.96005774,0.9510934,0.9567329,0.95607257,0.94921964,0.9442432,0.9413841,0.9460186,0.9425614,0.960586,0.9512696,0.9365916,0.9601219,0.955138,0.95344543,0.95619667,0.952805,0.9491204,0.9453149,0.95605344,0.8993761,0.95725274,0.9247786,0.96423215,0.9482767,0.96235657,0.944753,0.95583534,0.95316243,0.9481564,0.9550306,0.9636374,0.9439505,0.9570689,0.9609892,0.9431735,0.95146775,0.9509134,0.93788004,0.968013,0.9492787,0.95257527,0.94370264,0.94805145,0.94982845,0.94362855,0.9498294,0.96034634,0.9600284,0.97539204,0.95258826,0.9577295,0.9436467,0.94543344,0.9535867,0.95309854,0.9415953,0.95460945,0.9560383,0.95646924,0.94847363,0.9639751,0.94691813,0.94474494,0.94860923,0.9415214,0.9602989,0.9466848,0.9540627,0.97539204,0.94625944,0.95865154,0.9509067,0.9548435
