movie,21bridgesmovie,47metersdown,abeautifuldaymovie,abominablemovie,adastramovie,adogsjourneymovie,aftermathmovie,aftermovie,ahiddenlifefilm,alitamovie,angelhasfallen,angrybirdsmovie,annabellemovie,annamovie,apollo11movie,arcticdogsmovie,arcticmovie,artofracingmovie,avengers,beachbummovie,bernadettefilm,blackandbluemovie,blackchristmas,blindedbythelightmovie,bombshellmovie,booksmart,breakthroughmovie,brianbanksmovie,brightburnmovie,brittanyrunsmov,captainmarvelofficial,captivestatemovie,catsmovie,charliesangels,childsplaymovie,clarathefilm,coldpursuitmovie,countdown,currentwarmovie,darkwatersmovie,detectivepikachumovie,disneyaladdin,disneyfrozen,disneymaleficent,doctorsleepmovie,dolemiteismyname,dontletgomovie,doramovie,downtonabbey_official,dumbo,escaperoom,everybodyknowsmovie,fastandfuriousmovie,fightingwmyfam,fivefeetapartfilm,fordvferrari,freaksthefilm,geminimanmovie,glassmovie,gloriabellmovie,godzillamovie,goldfinchmovie,goodboysmovie,goodliarmovie,gretafilm,halathemovie,happydeathdaymovie,harrietfilm,hellboymovie,hersmellmovie,highlifemovie,highstrungmovie,honeyboymovie,hotelmumbaifilm,httydragon,hustlemovie,hustlersmovie,isntitromantic,itmovieofficial,jayandsilentbob,johnwickmovie,jojorabbitmovie,jokermovie,judythefilm,jumanjimovie,justmercyfilm,knivesout,lalloronamovie,lastblackmansf,lastchristmasthemovie,latenightmovie,lighthousemovie,lionking,littlethemovie,littlewomenmovie,littlewoodsfilm,longshotmovie,lordsofchaosmovie,lucyintheskyfilm,mamovie2019,marriagestory,meettheaddams,meninblack,midsommarmovie,midwaymovie,missbalamovie,missinglinkfilm,motherlessbklyn,onceinhollywood,onthebasisofsex,overcomermovie,peanutbutterfalcon,petsematarymovie,piercingmovie,playingwithfire,playmobilthemovie,pomsmovie,queenandslim,rambomovie,readyornotfilm,richardjewellfilm,rocketmanmovie,scarystoriesmovie,secretlifeofpets,serenityfilm,shaftmovie,shazammovie,spidermanmovie,spiesindisguise,starwars,stormboymovie,stubermovie,taosdfilm,teenspiritmov,terminator,theaeronautsmov,thebestofenemies,thedeaddontdie,thefarewell,thehighwaymen,thehummingbirdprojectfilm,theintrudermovie,theirishmanfilm,thekitchenmovie,thelegomovie,themustangfilm,thenightingalefilm,theprodigymovie,thesunisalsoastar,theupsidefilm,tolkienmovie,toystory,triplefrontier,uglydolls,uncutgems,underthesilverlake,usmovie,wavesmovie,whatmenwant,wonderparkmovie,wrinklestheclown,xmenmovies,yardiefilm,yesterdaymovie,zombieland
21bridgesmovie,1.0,0.98308253,0.98287284,0.97472936,0.9776113,0.9809004,0.9869173,0.98024964,0.9925682,0.97435254,0.9803349,0.9760299,0.981857,0.98331976,0.98545665,0.98421824,0.98122495,0.9781527,0.9926749,0.9829752,0.98261577,0.9859373,0.98286057,0.98213434,0.98291546,0.86999714,0.9753232,0.98350483,0.9834596,0.9711477,0.98224485,0.98053557,0.9696881,0.97582877,0.96974576,0.96282554,0.98647404,0.984158,0.98305386,0.983785,0.9796224,0.97445005,0.9680291,0.97983444,0.9840169,0.97516644,0.9776033,0.9799659,0.9800813,0.98260695,0.985006,0.9894725,0.97985667,0.96854883,0.9726422,0.97769636,0.9791665,0.9801872,0.974672,0.9743881,0.97889656,0.9833133,0.9813523,0.9849742,0.97438073,0.97080153,0.9854035,0.9782151,0.9798819,0.9831753,0.9843803,0.64012885,0.97075915,0.98627603,0.97716546,0.9702521,0.9507123,0.9820585,0.9832943,0.97053504,0.9812342,0.97956616,0.9821213,0.9769701,0.9817533,0.97759724,0.9788417,0.98573554,0.9782438,0.9831988,0.98200256,0.9843803,0.97740453,0.9840563,0.9826958,0.9809986,0.98047704,0.9772055,0.9834859,0.9777007,0.9779656,0.98511237,0.98022586,0.9845791,0.9760943,0.9829555,0.98483634,0.98491865,0.9837151,0.96946925,0.984164,0.8423428,0.9765918,0.9538618,0.98561364,0.9917204,0.9965264,0.977243,0.98430204,0.98517656,0.9768564,0.98104733,0.9784133,0.9739126,0.98341906,0.97878873,0.9831862,0.98016477,0.98490226,0.9535438,0.980283,0.9791206,0.9825881,0.9695661,0.9838968,0.97514385,0.9851836,0.98116416,0.98433965,0.9809014,0.9925682,0.98515254,0.9779915,0.9843059,0.9775089,0.9764869,0.98271203,0.97879714,0.98388934,0.9891755,0.9843368,0.9775213,0.98252594,0.96075547,0.97786313,0.97405225,0.9814495,0.98151463,0.9779468,0.9779239,0.9925682,0.98079485,0.9790589,0.98364663,0.98375416
47metersdown,0.98308253,1.0000002,0.9774109,0.97526175,0.9673954,0.9685791,0.97738415,0.96963227,0.98660827,0.9703147,0.97973824,0.9661024,0.9740532,0.978045,0.9717356,0.98573905,0.9768472,0.97123,0.9744196,0.9652505,0.9782272,0.9806809,0.9714664,0.9755083,0.9750061,0.8348149,0.96259946,0.9785691,0.9754007,0.9745828,0.9720507,0.9696339,0.96481276,0.9676341,0.9638552,0.9621158,0.9758809,0.9790698,0.96931154,0.97713596,0.9743381,0.9699418,0.96211606,0.9764314,0.97127134,0.9690877,0.96847236,0.96851,0.96927255,0.9774922,0.97611254,0.9766329,0.9731273,0.9585312,0.9678851,0.9667534,0.97489864,0.9743028,0.96442175,0.96873933,0.97357875,0.975729,0.968215,0.9794615,0.96044993,0.9631586,0.9706294,0.96559936,0.97647715,0.9698098,0.978724,0.6232792,0.9595015,0.9779139,0.9714501,0.95262814,0.93037,0.96953064,0.9761143,0.96759176,0.97526205,0.97151035,0.97704256,0.9709585,0.9777603,0.97114074,0.9793954,0.97524464,0.9733923,0.971694,0.97563046,0.978724,0.975151,0.9788761,0.9683254,0.9710306,0.9739373,0.96533734,0.97239333,0.970204,0.9667592,0.969118,0.973604,0.97785735,0.9761005,0.9729021,0.9727553,0.9812052,0.97687733,0.958089,0.9758895,0.84372413,0.9633761,0.95883906,0.9802168,0.982167,0.9840943,0.9646268,0.98011196,0.9721915,0.97016984,0.9782995,0.97277457,0.963932,0.97656786,0.9726062,0.9755928,0.9669373,0.9768849,0.95227253,0.9753904,0.9698559,0.97163886,0.9678905,0.9771442,0.978387,0.97062236,0.97260594,0.97887313,0.9731866,0.98660827,0.97783864,0.9711262,0.98059297,0.9745296,0.96736073,0.9784159,0.9721841,0.97760934,0.97871065,0.97223103,0.9734856,0.97290075,0.93072635,0.97109157,0.96774906,0.9754718,0.97045404,0.9702261,0.9766367,0.98660827,0.97094774,0.97281694,0.9747336,0.977281
abeautifuldaymovie,0.98287284,0.9774109,0.9999998,0.9700249,0.96776414,0.9639694,0.9825171,0.9819536,0.98882157,0.97245336,0.987818,0.9798714,0.9771422,0.9820338,0.9769158,0.98347807,0.9757853,0.9665722,0.9840693,0.97970814,0.97325814,0.9841883,0.9774047,0.9782497,0.97354937,0.8606939,0.96650285,0.97920305,0.98606855,0.974523,0.978496,0.9802279,0.96635365,0.9798951,0.9641966,0.956822,0.97814465,0.9828138,0.9757538,0.9809858,0.979965,0.9753525,0.9669598,0.97814286,0.973468,0.97497374,0.97920454,0.97740746,0.9734897,0.98128575,0.98943865,0.9859014,0.9750644,0.96344024,0.97331667,0.9765274,0.9735254,0.9803992,0.973052,0.97061014,0.97968894,0.97725844,0.9761189,0.98160475,0.9754263,0.9733957,0.97452825,0.9807745,0.9803153,0.97688085,0.97701544,0.63684875,0.96882725,0.9844158,0.9711416,0.9616749,0.93424016,0.97778153,0.97725475,0.9739108,0.98097205,0.9792145,0.9852378,0.9775534,0.9823858,0.9697823,0.97604215,0.97802675,0.9690183,0.9832569,0.9843873,0.97701544,0.9739735,0.9755733,0.9831902,0.9699578,0.98000854,0.97618926,0.97640264,0.9734604,0.97541666,0.97503525,0.973326,0.9790907,0.9746858,0.9881782,0.98360294,0.98079485,0.97947294,0.9724074,0.97513956,0.84159774,0.97682226,0.95939595,0.97950965,0.9841564,0.9816968,0.9662342,0.9842927,0.97767806,0.9765604,0.97645104,0.9766234,0.9657313,0.9765855,0.9774585,0.9765274,0.97690827,0.974067,0.9422398,0.96990687,0.97593015,0.976381,0.9670128,0.982134,0.97709984,0.97565913,0.9745075,0.9757616,0.98124427,0.98882157,0.98661566,0.9779921,0.98021865,0.97663623,0.9808105,0.9696941,0.9739083,0.9776703,0.9751144,0.9839273,0.9864366,0.97553587,0.9546252,0.97425634,0.9655619,0.9687157,0.9724961,0.980324,0.9799008,0.98882157,0.9785355,0.9832119,0.9785565,0.9874863
abominablemovie,0.97472936,0.97526175,0.9700249,1.0,0.96614003,0.9641019,0.9768843,0.96433276,0.9831876,0.96692437,0.9746421,0.96255326,0.9782669,0.96925956,0.97326475,0.97220415,0.9680422,0.97569525,0.9657759,0.96819985,0.9762896,0.978211,0.97164464,0.9666326,0.9644862,0.8629799,0.9651741,0.969829,0.96742415,0.9624199,0.96627265,0.9680606,0.95322406,0.96562845,0.9717705,0.9455473,0.97407556,0.9762291,0.96526885,0.97732645,0.9699943,0.96314573,0.9617761,0.9662468,0.96964,0.9677508,0.97010845,0.96855146,0.96277165,0.97062886,0.97307724,0.9776439,0.9689496,0.960381,0.9584492,0.9695415,0.97041786,0.97317415,0.9643789,0.95942086,0.9723526,0.97075415,0.9753234,0.96975654,0.9598153,0.96082056,0.9722784,0.9691149,0.97750145,0.9694097,0.971256,0.6826664,0.9640055,0.9739149,0.9782632,0.95299774,0.9298408,0.9608336,0.96720535,0.9629027,0.96938205,0.9698402,0.9739685,0.9703897,0.9739047,0.97391737,0.972363,0.9750262,0.9698676,0.96889174,0.96546865,0.971256,0.9718493,0.98286134,0.97080785,0.9784195,0.9769205,0.95769256,0.9710264,0.968853,0.9617783,0.9709637,0.96900034,0.9688615,0.96239346,0.97225285,0.9696324,0.9739375,0.9744167,0.95612556,0.97075456,0.8641651,0.9559282,0.9390217,0.97639436,0.97171605,0.9768467,0.9635359,0.9780786,0.97541076,0.9639437,0.9782461,0.96693206,0.9607433,0.9751303,0.97491693,0.9801111,0.96727526,0.97204596,0.9351783,0.9679041,0.9702345,0.9656088,0.9646714,0.97292227,0.96445984,0.97050136,0.9721185,0.9728233,0.9659992,0.9831876,0.96498746,0.96409476,0.9735193,0.974079,0.97147155,0.95886797,0.9782733,0.97333,0.9658304,0.9720708,0.9620425,0.9716883,0.9378638,0.9673341,0.96535355,0.9685706,0.97229576,0.96147805,0.96163416,0.9831876,0.9689401,0.96252954,0.96955085,0.96276957
adastramovie,0.9776113,0.9673954,0.96776414,0.96614003,1.0,0.96765065,0.9797706,0.9683894,0.9859667,0.97435385,0.97086895,0.96565837,0.9817502,0.96794474,0.9710805,0.97116065,0.9706256,0.9873723,0.9758727,0.97630155,0.9721894,0.96801853,0.97298974,0.9651109,0.9747544,0.87073827,0.97654617,0.97684854,0.9679123,0.9663534,0.97196054,0.9719199,0.96009296,0.9753167,0.9646069,0.94494635,0.9764514,0.97851354,0.9746904,0.97404015,0.9731342,0.97267264,0.97198194,0.9737163,0.98361933,0.97069126,0.9701774,0.9690263,0.9792221,0.9793197,0.97398067,0.9784374,0.9676304,0.95109254,0.9710153,0.98310524,0.97522444,0.9769713,0.97484046,0.97698486,0.974529,0.96715313,0.97285014,0.97067404,0.9795593,0.96613866,0.977643,0.97468764,0.98001313,0.9741403,0.98127484,0.6329252,0.96786946,0.97546405,0.9733447,0.95492136,0.9302349,0.9762053,0.97054183,0.9687452,0.96418715,0.97040623,0.97265166,0.97536516,0.9739819,0.9706488,0.9668219,0.9855754,0.980357,0.9770408,0.96242034,0.98127484,0.9712086,0.9799958,0.971339,0.9706865,0.9691031,0.97699124,0.9820853,0.9649299,0.96987915,0.9755203,0.969661,0.9756309,0.96924686,0.97003514,0.97892076,0.96851534,0.9726586,0.9664146,0.97474545,0.8599985,0.9648763,0.94830227,0.9797003,0.9800316,0.97911626,0.96997476,0.9676898,0.9773991,0.9678296,0.9722596,0.9695295,0.9678397,0.9749479,0.97243303,0.9769721,0.9690575,0.9818888,0.9453035,0.9703402,0.97855836,0.97457856,0.96986544,0.9700364,0.96542245,0.9718136,0.97262686,0.98170656,0.973348,0.9859667,0.9714226,0.9717118,0.9739766,0.97697073,0.9662742,0.97002923,0.9687036,0.9691571,0.9732658,0.97678083,0.97021633,0.9701729,0.9482191,0.9804966,0.9736208,0.9716678,0.9805363,0.9699229,0.9717701,0.9859667,0.98030657,0.9635469,0.97309417,0.970605
adogsjourneymovie,0.9809004,0.9685791,0.9639694,0.9641019,0.96765065,0.99999994,0.9745087,0.9739813,0.98224384,0.96852374,0.9712251,0.9624982,0.9770573,0.96835977,0.97929955,0.973294,0.98061806,0.9669975,0.9703027,0.9715115,0.97012097,0.96495634,0.9860204,0.9737173,0.98049694,0.8727211,0.9746034,0.97946405,0.9663717,0.96204954,0.97028214,0.9742107,0.9662965,0.9590426,0.9585551,0.953705,0.9693521,0.9791016,0.9751321,0.96925277,0.9638293,0.9653003,0.96382827,0.9721421,0.9777709,0.9558168,0.98144305,0.97641546,0.96672565,0.97224796,0.9665438,0.9827327,0.9788713,0.95793885,0.9542747,0.9654251,0.9762744,0.9735396,0.9703198,0.9618401,0.9720786,0.97451276,0.9730162,0.9667356,0.9600416,0.96457565,0.98284656,0.9725733,0.96054024,0.9687329,0.9752227,0.6253941,0.95801157,0.9762134,0.96989864,0.95676076,0.9259727,0.9647883,0.97151077,0.9663562,0.9621663,0.97306484,0.96441895,0.9551287,0.96747905,0.9786378,0.96937007,0.9795676,0.9768745,0.9646887,0.96908236,0.9752227,0.9742406,0.9753383,0.96468574,0.97323716,0.9787411,0.96857977,0.96979684,0.9709417,0.9606422,0.9761486,0.962632,0.9706754,0.9654618,0.9611802,0.9750033,0.9705021,0.97360766,0.96206313,0.9823797,0.8222661,0.97048366,0.9339364,0.97733784,0.98232275,0.9861208,0.9731482,0.9700211,0.9756114,0.9641648,0.9759673,0.96766955,0.9759913,0.9737286,0.974802,0.9803722,0.9634874,0.97377586,0.940275,0.96837026,0.96371615,0.98093987,0.95465535,0.9772459,0.9675131,0.9719301,0.97495973,0.9722459,0.96605664,0.98224384,0.9709288,0.96485883,0.9677329,0.9606212,0.9737036,0.97796506,0.97078353,0.9710826,0.9745479,0.97068316,0.9674168,0.96510124,0.93326306,0.96894556,0.9646857,0.98049736,0.9773546,0.9646019,0.9729513,0.98224384,0.9668997,0.96383756,0.98142904,0.96355855
aftermathmovie,0.9869173,0.97738415,0.9825171,0.9768843,0.9797706,0.9745087,1.0,0.97513354,0.9908078,0.973938,0.98190135,0.9681021,0.98289806,0.98231614,0.98393846,0.9793372,0.9798767,0.9803634,0.9786174,0.9837818,0.98007834,0.9782581,0.9834456,0.978633,0.97390646,0.86013454,0.9754334,0.9788482,0.97827566,0.9666043,0.9771612,0.9752797,0.9668015,0.97770995,0.9615211,0.9480432,0.9808451,0.984624,0.97639674,0.98225504,0.9819564,0.9704173,0.97013104,0.9768327,0.97950745,0.9702212,0.9804375,0.97677183,0.96964383,0.97997475,0.9811519,0.9873593,0.98152727,0.96921015,0.96713555,0.981042,0.980025,0.98038,0.9767406,0.9739409,0.9830782,0.979633,0.9796042,0.98683524,0.977994,0.9738784,0.9810676,0.9824032,0.9786593,0.9749888,0.9810551,0.61853594,0.96841073,0.98233795,0.97594035,0.9617993,0.9350213,0.97761023,0.97847486,0.97328275,0.98075426,0.98379564,0.9862462,0.974886,0.98213977,0.9760222,0.97494185,0.98504174,0.9820666,0.9800716,0.9788852,0.9810551,0.96704686,0.98285174,0.98018384,0.97956973,0.9799534,0.9753447,0.98997813,0.97854364,0.97121584,0.98040885,0.97631234,0.98048604,0.97592306,0.97851455,0.9832874,0.98503625,0.97492373,0.96532637,0.9797416,0.84176475,0.97374225,0.9413265,0.98238355,0.9871019,0.9871351,0.9695118,0.98709244,0.9950055,0.9787117,0.9811944,0.9813427,0.97696096,0.98170763,0.9819493,0.98321706,0.96792984,0.9776057,0.94423264,0.97393465,0.9788604,0.9810965,0.97145075,0.98287594,0.972196,0.9782468,0.98121655,0.97879905,0.9780198,0.9908078,0.9755096,0.97346586,0.98437905,0.9776039,0.9802389,0.9754535,0.97356397,0.98379505,0.97887254,0.99273795,0.9818554,0.9830261,0.9563318,0.9794762,0.9776033,0.9807456,0.97943825,0.97753406,0.98051924,0.9908078,0.9844915,0.97036016,0.9835151,0.9766552
aftermovie,0.98024964,0.96963227,0.9819536,0.96433276,0.9683894,0.9739813,0.97513354,1.0,0.9872933,0.9682058,0.98607,0.97528416,0.97522324,0.9760552,0.97951466,0.9802343,0.97687095,0.96908253,0.9796199,0.97595316,0.9703569,0.97143626,0.98635644,0.98557687,0.9741576,0.8250427,0.96012455,0.97832954,0.9841718,0.9693699,0.97642714,0.98153985,0.96699345,0.98183614,0.9550272,0.95630133,0.97835433,0.9780746,0.9809737,0.9753433,0.97120744,0.9843139,0.97620463,0.981843,0.9738336,0.9677702,0.9854842,0.98232496,0.9762607,0.985224,0.97879726,0.98404723,0.9766999,0.94871706,0.97134167,0.96676207,0.9709256,0.98383385,0.967982,0.97186935,0.9702056,0.9674821,0.9699663,0.9687497,0.97018164,0.97811174,0.9777027,0.98217344,0.9776669,0.975495,0.97836024,0.6357134,0.9703457,0.97806334,0.97217786,0.9636484,0.92692244,0.97234166,0.96758026,0.9726711,0.97595334,0.9742214,0.971162,0.96934223,0.97379833,0.9704677,0.9760126,0.98005176,0.97219455,0.9783619,0.97656924,0.97836024,0.97805643,0.9744105,0.97271854,0.97141904,0.9728976,0.9788519,0.97142845,0.9815847,0.97637254,0.96778876,0.9628753,0.97230196,0.975067,0.9726477,0.9810766,0.9744585,0.97959495,0.9663846,0.97953665,0.81724113,0.9743889,0.9406843,0.9802206,0.981625,0.98047984,0.976735,0.9807096,0.9767948,0.96229887,0.98012453,0.9718097,0.96453553,0.9858961,0.97629875,0.97019786,0.9726658,0.9728552,0.9486755,0.96858793,0.9658874,0.9755671,0.96227646,0.98212105,0.9722957,0.97829753,0.9766134,0.978182,0.9811406,0.9872933,0.97725445,0.98272026,0.9743159,0.9642091,0.97999465,0.97450286,0.9709979,0.97475743,0.9727117,0.97423804,0.9818716,0.9755712,0.9499528,0.9696651,0.96612155,0.9765916,0.9814782,0.98199177,0.97748375,0.9872933,0.9666141,0.9771157,0.9803189,0.97884697
ahiddenlifefilm,0.9925682,0.98660827,0.98882157,0.9831876,0.9859667,0.98224384,0.9908078,0.9872933,1.0,0.9830969,0.9920634,0.9846338,0.9912466,0.98619306,0.98813105,0.98949265,0.98713577,0.9858447,0.98885375,0.9882259,0.98492503,0.98758596,0.99024343,0.98629427,0.9852871,0.8615573,0.98115915,0.98971736,0.986516,0.9802596,0.986299,0.9891668,0.9789078,0.98640025,0.9758377,0.9651681,0.99055135,0.99106985,0.9838233,0.9906775,0.986564,0.98545384,0.9811594,0.9862816,0.98881245,0.98370045,0.98862535,0.9870465,0.9870431,0.9903762,0.98955286,0.9945751,0.9855484,0.97232985,0.9812281,0.98520494,0.9872684,0.99142265,0.98433286,0.9812621,0.9851034,0.9862989,0.98449993,0.9865291,0.9808942,0.9811564,0.98712176,0.98498815,0.98726755,0.98598415,0.9901245,0.6483708,0.97969383,0.9923709,0.984495,0.97005373,0.94502413,0.9852714,0.98689526,0.97987396,0.9860239,0.9840295,0.98750377,0.9851901,0.98937553,0.9811836,0.98366886,0.993035,0.9876663,0.98951346,0.98607296,0.9901245,0.9854596,0.9899812,0.9858182,0.9865947,0.9831798,0.98354137,0.98863065,0.9854823,0.9849737,0.98539376,0.98212516,0.98745394,0.98263335,0.98619956,0.9917072,0.98958176,0.9875327,0.97797525,0.9905422,0.8537414,0.9831811,0.9619172,0.9912963,0.9919346,0.9934879,0.98159415,0.991315,0.98955905,0.9815921,0.99020725,0.9854465,0.9799667,0.9895459,0.98774403,0.9891562,0.98345983,0.98970467,0.96084195,0.9838032,0.98500425,0.9879823,0.9764118,0.98966575,0.9826823,0.9852216,0.987548,0.98911345,0.9884082,1.0,0.98779356,0.9881163,0.99024034,0.9859615,0.9869791,0.98668534,0.9851616,0.9893754,0.986187,0.9863108,0.98626214,0.9867677,0.95692265,0.9850763,0.98117673,0.98585844,0.9897634,0.98614657,0.9869529,1.0,0.9860748,0.9845239,0.98996305,0.9879122
alitamovie,0.97435254,0.9703147,0.97245336,0.96692437,0.97435385,0.96852374,0.973938,0.9682058,0.9830969,0.99999994,0.9715139,0.96318525,0.97505665,0.9663071,0.9714083,0.9722736,0.97304046,0.9771347,0.9756188,0.9744558,0.97305,0.96603197,0.97503066,0.96663237,0.9757958,0.8639547,0.9666523,0.9759259,0.9630146,0.9678645,0.97466403,0.97147155,0.96522254,0.96718776,0.96538997,0.9427887,0.97605014,0.9726579,0.9780158,0.9803924,0.96635526,0.96971583,0.9646302,0.97483623,0.975474,0.9591308,0.971679,0.96512747,0.9779611,0.9748961,0.96925735,0.9799321,0.97302246,0.9590636,0.9622364,0.97188395,0.9706333,0.9739802,0.9640568,0.9577257,0.96848524,0.9682599,0.96687925,0.96936697,0.9600475,0.9674035,0.97245514,0.97393316,0.96861935,0.9772402,0.96637577,0.63482696,0.9480868,0.9724703,0.97435725,0.94875306,0.9308284,0.9699967,0.96582586,0.959224,0.96132886,0.9708601,0.96740896,0.9661482,0.97011054,0.96577823,0.9710346,0.977018,0.97228855,0.9770798,0.9737165,0.96637577,0.9691417,0.96757185,0.9685701,0.97331,0.9738967,0.96899736,0.976045,0.97074616,0.96492887,0.9631349,0.959307,0.9707423,0.9815298,0.9664258,0.9766749,0.97027767,0.9702682,0.971693,0.97012275,0.83998483,0.9664934,0.95017755,0.9709473,0.9731139,0.9772022,0.96721643,0.9672291,0.97294986,0.96697956,0.9685468,0.96858615,0.9661362,0.96979654,0.9698229,0.974194,0.9692822,0.9780479,0.95476294,0.966749,0.97506243,0.9735005,0.9573627,0.97268826,0.9643436,0.9745502,0.9638846,0.9624238,0.97262716,0.9830969,0.9638415,0.9627694,0.9726566,0.96246743,0.96500146,0.96729857,0.97298086,0.97149754,0.9707389,0.9720039,0.96937126,0.9593522,0.9515637,0.9684804,0.960245,0.97100675,0.96576095,0.96825296,0.96734005,0.9830969,0.96807957,0.96550536,0.981107,0.96923655
angelhasfallen,0.9803349,0.97973824,0.987818,0.9746421,0.97086895,0.9712251,0.98190135,0.98607,0.9920634,0.9715139,0.99999994,0.9845326,0.9854956,0.9827985,0.98135126,0.9882194,0.9737607,0.9726051,0.9768575,0.97738683,0.9754527,0.9819152,0.98259944,0.98670185,0.97088474,0.8514026,0.96920717,0.9777901,0.98256034,0.9753367,0.978892,0.985944,0.9729918,0.9812394,0.96978617,0.965002,0.9791732,0.9870837,0.9746215,0.9800194,0.97970766,0.981213,0.98098344,0.9819738,0.9763974,0.9763009,0.98374945,0.9798474,0.97656816,0.98647726,0.98307824,0.9891243,0.9763047,0.9558098,0.975305,0.9745877,0.97621953,0.98451835,0.97891635,0.97176445,0.97874683,0.9758371,0.9748902,0.9833154,0.977306,0.97952795,0.97726727,0.974932,0.97928107,0.9737022,0.97829086,0.64029366,0.9788046,0.98277235,0.98014736,0.9567883,0.92993546,0.9725258,0.9836669,0.96933943,0.9872488,0.9757495,0.9799267,0.97848696,0.98284954,0.96696013,0.9785729,0.9865009,0.9754223,0.98312294,0.9833968,0.97829086,0.97881234,0.9810703,0.97517896,0.9794661,0.97779024,0.9704275,0.9736823,0.981414,0.9774522,0.9751907,0.97156507,0.97426665,0.97633505,0.97987235,0.9843724,0.9853743,0.9783073,0.97100675,0.9823486,0.8478056,0.9750937,0.9560876,0.98208654,0.98235995,0.9825303,0.9738489,0.98793775,0.98040795,0.97284865,0.983608,0.97533786,0.9729615,0.9812806,0.97969234,0.98241293,0.9750034,0.9776786,0.95841783,0.9712484,0.97494197,0.97622925,0.9658562,0.98109293,0.97683316,0.9752551,0.98534054,0.97832566,0.9812452,0.9920634,0.98405135,0.98250467,0.9878144,0.97773063,0.98518354,0.9777642,0.98360646,0.9808146,0.97157675,0.97752947,0.98487663,0.98151517,0.94246787,0.9727242,0.96379685,0.97576976,0.9827597,0.97935736,0.9819983,0.9920634,0.9788791,0.9844987,0.98430777,0.97962
angrybirdsmovie,0.9760299,0.9661024,0.9798714,0.96255326,0.96565837,0.9624982,0.9681021,0.97528416,0.9846338,0.96318525,0.9845326,1.0000001,0.9792286,0.9813887,0.9729343,0.9760487,0.96670055,0.9680147,0.9722406,0.97155094,0.96811736,0.9790509,0.97278434,0.9710049,0.9685318,0.8650348,0.9645958,0.9717675,0.9714518,0.9768044,0.9721828,0.9776465,0.96548456,0.9829909,0.9692778,0.9610059,0.9741656,0.9808062,0.96418923,0.97348136,0.96946704,0.97944134,0.9716121,0.97677743,0.9730213,0.9784076,0.97323483,0.9741203,0.97341055,0.98283803,0.98185277,0.982847,0.961543,0.9546065,0.9783342,0.9655479,0.96512216,0.97297764,0.97774106,0.9619463,0.96147954,0.97038996,0.9703723,0.9709532,0.9689194,0.9642141,0.9740987,0.9736732,0.96489674,0.97290796,0.97376305,0.6325558,0.97224796,0.97812366,0.96381074,0.9536305,0.9328054,0.973675,0.9740691,0.95536345,0.974198,0.967901,0.97070223,0.97277766,0.98101765,0.95516115,0.9719524,0.98323846,0.97050035,0.9778628,0.9769796,0.97376305,0.9728104,0.96915233,0.9724054,0.97119766,0.96567965,0.96291876,0.96580166,0.9749907,0.97930384,0.97238326,0.95839465,0.96919453,0.9707536,0.98114705,0.98128366,0.974898,0.9769503,0.9698815,0.97834814,0.83659863,0.96881616,0.9605104,0.97287446,0.97402084,0.9776777,0.96422285,0.9786742,0.97017264,0.9662722,0.9746084,0.9663605,0.9617459,0.97048616,0.97630304,0.9708112,0.97367376,0.97136235,0.95372707,0.9667708,0.97102106,0.96667254,0.9598593,0.96844,0.9724883,0.9726848,0.9696081,0.9769291,0.9809777,0.9846338,0.9768623,0.98279154,0.97790855,0.96762,0.9782437,0.9729207,0.97486466,0.96814626,0.9637364,0.96934664,0.96815485,0.97121257,0.93932945,0.9652476,0.9561493,0.9620656,0.9778478,0.96963966,0.9662617,0.9846338,0.97621936,0.9798171,0.9754246,0.9791104
annabellemovie,0.981857,0.9740532,0.9771422,0.9782669,0.9817502,0.9770573,0.98289806,0.97522324,0.9912466,0.97505665,0.9854956,0.9792286,0.9999998,0.979428,0.98064053,0.9795026,0.9731617,0.9744428,0.97389627,0.9781036,0.9738928,0.9775999,0.98047054,0.97289515,0.9714954,0.8632518,0.9817785,0.985635,0.9729566,0.97525394,0.9721621,0.9867551,0.9685526,0.97314745,0.9797419,0.9585066,0.98114794,0.9920285,0.97531074,0.98002386,0.97940373,0.9715042,0.97212124,0.97319883,0.98719543,0.9759937,0.9787204,0.9799538,0.9786339,0.9812977,0.9774239,0.9856693,0.976513,0.96625686,0.97255826,0.9851165,0.9767667,0.98035663,0.9738998,0.96832377,0.9816855,0.97721356,0.97870314,0.9759106,0.973901,0.9696017,0.9811882,0.97531027,0.9808987,0.97708476,0.97728664,0.6595915,0.9794013,0.9868345,0.9784571,0.96298516,0.94763166,0.973596,0.9775636,0.96515137,0.9795043,0.9815332,0.98083866,0.9753851,0.9850516,0.96779996,0.97192323,0.994667,0.98168546,0.98230135,0.9732137,0.97728664,0.979168,0.9820874,0.97659737,0.9788749,0.9774661,0.9720264,0.97919136,0.97602105,0.9745926,0.9813513,0.9743194,0.97031325,0.9722743,0.9752001,0.9823042,0.9811812,0.9751176,0.97292686,0.97974014,0.86201525,0.97507006,0.9537932,0.98167914,0.9804073,0.98529756,0.97786784,0.98389125,0.9829601,0.97752243,0.98519605,0.97910273,0.97900635,0.9807237,0.9755537,0.9866635,0.9709177,0.9801661,0.9455716,0.97435826,0.97772884,0.98091745,0.96626717,0.9781589,0.9769642,0.9781774,0.97735643,0.97765315,0.97599393,0.9912466,0.97582775,0.97656465,0.9845488,0.9830949,0.97580826,0.9736629,0.9863362,0.9817174,0.97532177,0.97806823,0.97345835,0.9734052,0.9450548,0.9763326,0.96657044,0.974947,0.9843678,0.97747076,0.9777529,0.9912466,0.9749523,0.9722924,0.9783811,0.97139484
annamovie,0.98331976,0.978045,0.9820338,0.96925956,0.96794474,0.96835977,0.98231614,0.9760552,0.98619306,0.9663071,0.9827985,0.9813887,0.979428,1.0,0.984916,0.97476363,0.9722516,0.9689859,0.97760606,0.97536683,0.97313863,0.9791605,0.9749864,0.9721964,0.97239256,0.85087043,0.96803147,0.97154915,0.97571254,0.97339,0.97211075,0.9736946,0.97225726,0.97524875,0.9652219,0.9605881,0.97672015,0.98198706,0.9678976,0.97788733,0.9679575,0.9731213,0.9659113,0.9792845,0.97634625,0.9735551,0.9732966,0.9680646,0.96588475,0.98165435,0.9804595,0.9833508,0.9689161,0.9621723,0.97113395,0.9726979,0.9705965,0.97073346,0.9731237,0.96899575,0.97200716,0.9804752,0.9798932,0.9837802,0.9728324,0.9625005,0.9813122,0.9804595,0.9741219,0.97151965,0.97562677,0.64981914,0.96571964,0.97971696,0.9683904,0.9567971,0.9252657,0.9752786,0.97814333,0.9579377,0.97511613,0.97967905,0.9771082,0.9723652,0.9818089,0.96594083,0.9775,0.9846868,0.9690287,0.97794944,0.9731837,0.97562677,0.9726455,0.9761536,0.9740049,0.97532177,0.97358465,0.96424043,0.97392297,0.9779635,0.97442985,0.9785662,0.96599174,0.97594446,0.9855518,0.9782853,0.98237604,0.9788822,0.97184527,0.96009415,0.97599137,0.8333057,0.96858954,0.9514817,0.97358143,0.9793167,0.98253876,0.96609277,0.98208857,0.9841452,0.970079,0.98327863,0.9716386,0.9622118,0.9779091,0.9769318,0.9732661,0.9652532,0.974011,0.9457875,0.97118616,0.9767585,0.97137135,0.9667453,0.9750015,0.9763078,0.97416836,0.9710817,0.97803646,0.9825215,0.98619306,0.97384524,0.974533,0.9808003,0.97004384,0.97299445,0.9737259,0.97631353,0.9761263,0.97079873,0.97837937,0.9768624,0.97453886,0.94738245,0.96541893,0.96380305,0.97386724,0.97024524,0.976687,0.96833605,0.98619306,0.9793039,0.9768162,0.97923654,0.9806126
apollo11movie,0.98545665,0.9717356,0.9769158,0.97326475,0.9710805,0.97929955,0.98393846,0.97951466,0.98813105,0.9714083,0.98135126,0.9729343,0.98064053,0.984916,1.0,0.97455287,0.97861934,0.9742726,0.9803211,0.98720855,0.97051364,0.9744028,0.9789101,0.97645843,0.9762751,0.8670788,0.9677468,0.9774489,0.97784257,0.9670397,0.98151994,0.979341,0.9728132,0.9749598,0.9598607,0.9483467,0.97462946,0.98158014,0.97575605,0.98006016,0.97681606,0.9681392,0.96819997,0.9731335,0.97654605,0.96903217,0.97581285,0.978972,0.9706975,0.9770152,0.9773915,0.9887334,0.98048943,0.9714536,0.963318,0.9692654,0.97626525,0.9761511,0.97944975,0.97420335,0.97703034,0.9751745,0.97752035,0.9826608,0.97603214,0.9690413,0.9813695,0.9795477,0.9720811,0.97748333,0.98090804,0.6360879,0.964679,0.97784597,0.97110546,0.9631757,0.9239412,0.96857005,0.975512,0.96549475,0.9784385,0.9794948,0.9772719,0.9674274,0.97613406,0.97103006,0.97504824,0.9841255,0.97561836,0.9765007,0.97442865,0.98090804,0.9707933,0.97812814,0.97122216,0.9845389,0.9778108,0.9671964,0.9797959,0.978936,0.9703782,0.9772546,0.96507114,0.97796273,0.9789103,0.97475004,0.9823083,0.9823711,0.97715145,0.96487916,0.9814822,0.83172727,0.9729349,0.941452,0.97586983,0.981028,0.98608613,0.96708035,0.98297524,0.9870891,0.9752534,0.9774811,0.97218895,0.96936417,0.98387575,0.98280364,0.9803604,0.96950716,0.9743365,0.94751114,0.9718372,0.97232145,0.97872394,0.96659434,0.977677,0.9684454,0.98007506,0.9787307,0.9774944,0.9779899,0.98813105,0.9743459,0.9714456,0.9820051,0.97324944,0.9750783,0.9720933,0.9724045,0.98462987,0.9754504,0.9795489,0.97572654,0.9769532,0.9528638,0.9709943,0.97337204,0.9765769,0.98241204,0.97776645,0.9724276,0.98813105,0.9784493,0.97427684,0.9776937,0.9746759
arcticdogsmovie,0.98421824,0.98573905,0.98347807,0.97220415,0.97116065,0.973294,0.9793372,0.9802343,0.98949265,0.9722736,0.9882194,0.9760487,0.9795026,0.97476363,0.97455287,1.0000001,0.980867,0.97189426,0.97944725,0.96890885,0.97840226,0.9810496,0.98028606,0.98552716,0.97937727,0.8462155,0.9622411,0.9818461,0.9821712,0.9764197,0.9802901,0.9818308,0.96842855,0.9765102,0.9653591,0.9675159,0.97649527,0.9826809,0.98006445,0.9802617,0.97805035,0.9803253,0.9777517,0.9856126,0.9719671,0.9730519,0.97760427,0.9780949,0.97413915,0.987759,0.9811961,0.98306966,0.9744111,0.9503644,0.97453874,0.9698745,0.9814122,0.98088306,0.9687859,0.97068614,0.9749714,0.9726725,0.96708715,0.9802737,0.9710764,0.97243845,0.9758616,0.9722605,0.97572005,0.97406936,0.98128587,0.6272701,0.97290367,0.98205465,0.97707003,0.962495,0.9359414,0.97466,0.9759603,0.96452767,0.98386395,0.97349584,0.97718287,0.9801512,0.9829616,0.9705906,0.9791255,0.9819508,0.9784469,0.98236966,0.9823744,0.98128587,0.97895336,0.9779808,0.97030824,0.97172993,0.9752395,0.9732707,0.9729982,0.97342116,0.97485715,0.97331166,0.96930075,0.977157,0.97359735,0.9771738,0.9798292,0.9887399,0.98156244,0.96987766,0.9792781,0.8361247,0.9697475,0.9584922,0.98026085,0.9844054,0.9870579,0.9738592,0.9824125,0.97775424,0.9710545,0.9790043,0.97601503,0.9765994,0.98276085,0.97297764,0.9812181,0.9783348,0.97946376,0.96645445,0.9745538,0.9690043,0.9763875,0.9660305,0.97939724,0.97777224,0.9786131,0.97885203,0.98029894,0.9796218,0.98949265,0.9814066,0.98183894,0.9835572,0.9774518,0.977497,0.97701067,0.9772508,0.9750888,0.98153377,0.9758022,0.9811938,0.97636515,0.94414335,0.97205406,0.9657259,0.9753003,0.9822201,0.9748429,0.9772919,0.98949265,0.9725022,0.9822733,0.978224,0.9804907
arcticmovie,0.98122495,0.9768472,0.9757853,0.9680422,0.9706256,0.98061806,0.9798767,0.97687095,0.98713577,0.97304046,0.9737607,0.96670055,0.9731617,0.9722516,0.97861934,0.980867,0.9999999,0.97344834,0.97591037,0.97923017,0.97756106,0.97335076,0.986592,0.9751856,0.98214316,0.85199547,0.9717794,0.985793,0.97192705,0.97483593,0.9802304,0.9768546,0.9722069,0.9724015,0.94967866,0.95489806,0.97536105,0.9747998,0.9783297,0.9749644,0.9672779,0.97586787,0.9687795,0.9836571,0.97523654,0.9618779,0.9802144,0.98148006,0.9718951,0.98048955,0.9760681,0.9825859,0.9830382,0.96784383,0.96028066,0.9705306,0.9767193,0.9775327,0.9714897,0.96768874,0.968432,0.97849476,0.97166115,0.9747622,0.96189386,0.972013,0.97953975,0.97904974,0.96881706,0.9752363,0.9820431,0.62993234,0.95236695,0.9820165,0.96931136,0.9687229,0.93218076,0.9780875,0.9689579,0.9771565,0.9673374,0.9735877,0.973265,0.96598107,0.97868854,0.980271,0.9729173,0.9784531,0.97999924,0.9745024,0.9800345,0.9820431,0.972812,0.97682774,0.97272533,0.9689841,0.97786134,0.9812177,0.9798722,0.97762066,0.9641242,0.9708111,0.9660347,0.9828542,0.97825134,0.9698427,0.9793608,0.9797119,0.9752165,0.96891063,0.98539436,0.82850504,0.97667974,0.948698,0.979137,0.98628414,0.98456866,0.96949357,0.97901684,0.9806547,0.97123843,0.97919405,0.97902566,0.9683956,0.98136,0.9792819,0.9747,0.9713459,0.9794417,0.95194,0.98032105,0.974875,0.99257314,0.9765657,0.9806028,0.978171,0.97201717,0.969346,0.97960407,0.9746147,0.98713577,0.97473276,0.9728543,0.9711795,0.9614271,0.97641194,0.9805416,0.9652004,0.9762739,0.979534,0.97855866,0.9808022,0.97058755,0.94744337,0.97237635,0.97345346,0.9839864,0.9791251,0.9725124,0.9760508,0.98713577,0.96817964,0.97970235,0.9778676,0.9781962
artofracingmovie,0.9781527,0.97123,0.9665722,0.97569525,0.9873723,0.9669975,0.9803634,0.96908253,0.9858447,0.9771347,0.9726051,0.9680147,0.9744428,0.9689859,0.9742726,0.97189426,0.97344834,0.9999999,0.97194904,0.97674364,0.9724446,0.97753096,0.9757772,0.9695793,0.9728449,0.8663384,0.9677055,0.9744718,0.97060114,0.9690373,0.97649574,0.9696564,0.96304226,0.9826625,0.9646759,0.94541794,0.9763155,0.9706618,0.97077686,0.9740576,0.9740914,0.97717905,0.9745784,0.97473425,0.97888404,0.96815735,0.97231764,0.9631622,0.9734818,0.97824764,0.9773441,0.97962475,0.9705722,0.95278555,0.964578,0.9739863,0.97280526,0.9757715,0.97468406,0.96870184,0.9710883,0.97216135,0.97469527,0.9747911,0.97126466,0.96381396,0.97983176,0.9765498,0.9734409,0.9770898,0.97791386,0.6326901,0.95959604,0.9743696,0.9790818,0.9454449,0.93153876,0.97148687,0.9733073,0.9644993,0.9678668,0.96453846,0.9766011,0.9713114,0.97193664,0.97178817,0.9770548,0.9807652,0.977894,0.9762624,0.971241,0.97791386,0.9723079,0.98114336,0.97017115,0.984088,0.9704616,0.9693724,0.98387915,0.9757885,0.9685821,0.9743898,0.97173065,0.9758977,0.972949,0.97395194,0.97477007,0.9742993,0.972967,0.9634546,0.9762939,0.8514251,0.9632833,0.94706494,0.97478306,0.97708875,0.980047,0.969684,0.97222626,0.9759886,0.965889,0.972238,0.9670615,0.96529317,0.9737951,0.97992706,0.9755697,0.9724238,0.98116165,0.9526855,0.9698609,0.9787847,0.97186637,0.9692902,0.97147125,0.9663388,0.9725404,0.9714192,0.97851396,0.97627926,0.9858447,0.9689567,0.9693911,0.97891307,0.9729458,0.9693457,0.96860445,0.9721175,0.97643626,0.9706671,0.97588545,0.9668164,0.9726,0.94833887,0.97154415,0.9721076,0.975386,0.9751516,0.9643351,0.9658157,0.9858447,0.98083234,0.96265996,0.97847307,0.9699822
avengers,0.9926749,0.9744196,0.9840693,0.9657759,0.9758727,0.9703027,0.9786174,0.9796199,0.98885375,0.9756188,0.9768575,0.9722406,0.97389627,0.97760606,0.9803211,0.97944725,0.97591037,0.97194904,0.99999994,0.98146194,0.97431487,0.97868365,0.9779267,0.97594595,0.9805278,0.8632336,0.9666674,0.9789799,0.9832163,0.96649146,0.98571706,0.97911173,0.9705432,0.97323835,0.96129644,0.95313364,0.9833774,0.9757552,0.98180485,0.9844403,0.97389233,0.9731407,0.96605635,0.97731745,0.9806243,0.9728641,0.97370297,0.9732827,0.98341167,0.9805493,0.98468924,0.9866245,0.97104466,0.9641011,0.97219336,0.97203445,0.9780607,0.9764209,0.97398025,0.97413844,0.9751766,0.9790333,0.97607636,0.97961754,0.9753556,0.9672384,0.97855395,0.9764273,0.97842944,0.9785382,0.98055375,0.63756526,0.9645093,0.9806873,0.97025776,0.9709387,0.93627995,0.98050237,0.9775298,0.969363,0.9753224,0.97319347,0.97577405,0.9773155,0.978329,0.97128,0.97011256,0.97939754,0.96912915,0.9841268,0.97918344,0.98055375,0.9737247,0.97677016,0.9842067,0.9724884,0.97251767,0.9778446,0.9778309,0.9698595,0.97786915,0.9782716,0.97460115,0.98347026,0.976067,0.9829929,0.98602384,0.976101,0.984788,0.968197,0.97837526,0.8437699,0.97366273,0.9576702,0.97806376,0.9825074,0.98743933,0.972341,0.9765895,0.97681224,0.97016746,0.9758848,0.9734002,0.96419126,0.980553,0.9718277,0.9755669,0.9834588,0.97970414,0.9514267,0.9742441,0.9751423,0.97681993,0.96079737,0.9797554,0.9684115,0.978388,0.9747275,0.98128945,0.9820489,0.98885375,0.98339355,0.97678375,0.97725856,0.97423905,0.9765694,0.97892934,0.9717014,0.9791068,0.98439074,0.977114,0.9779543,0.9789889,0.95863163,0.9738245,0.9711951,0.97542906,0.9753527,0.97613865,0.97147495,0.98885375,0.9757385,0.9795731,0.9804752,0.98648906
beachbummovie,0.9829752,0.9652505,0.97970814,0.96819985,0.97630155,0.9715115,0.9837818,0.97595316,0.9882259,0.9744558,0.97738683,0.97155094,0.9781036,0.97536683,0.98720855,0.96890885,0.97923017,0.97674364,0.98146194,0.9999997,0.9728703,0.9739337,0.9798114,0.97315174,0.9762462,0.8704086,0.976095,0.9788903,0.9753006,0.9728476,0.97906274,0.975363,0.96801835,0.97650325,0.9581825,0.94212747,0.97647935,0.97901267,0.9751479,0.9806609,0.9736363,0.9720375,0.9636284,0.9706983,0.9761635,0.97380376,0.98056006,0.9811416,0.9755877,0.97479135,0.9804527,0.98541105,0.9775608,0.9671792,0.96233875,0.97334003,0.97347987,0.9814064,0.9795078,0.97615117,0.97347826,0.98005754,0.97347516,0.9758498,0.97476596,0.97769725,0.9768033,0.9771449,0.9711932,0.9829538,0.98135895,0.64603907,0.9646151,0.9819726,0.96324337,0.9698438,0.92694765,0.97655535,0.97649705,0.9757116,0.9743023,0.97436947,0.97872883,0.9686331,0.9752061,0.97027814,0.9681386,0.9824854,0.97742254,0.9756172,0.980055,0.98135895,0.97190785,0.9783575,0.97806954,0.97565925,0.9727965,0.97860956,0.98566955,0.9743666,0.97159714,0.9796991,0.9715434,0.9819676,0.9722149,0.9777458,0.9845819,0.9742315,0.9749403,0.97063744,0.98079646,0.8398535,0.97998786,0.9453426,0.98126006,0.9792423,0.98126805,0.9618126,0.9835113,0.9814793,0.97552085,0.9777915,0.9708024,0.96941346,0.97876924,0.97827816,0.9801549,0.97535175,0.97763747,0.9362435,0.97479343,0.98017895,0.9808351,0.9737105,0.9811713,0.9735117,0.9755002,0.97438794,0.97902054,0.98039716,0.9882259,0.9738503,0.97403675,0.97527635,0.97246027,0.9739221,0.967244,0.9686342,0.9774941,0.97761405,0.98146194,0.97521,0.97456837,0.9623441,0.9723906,0.97822833,0.97340274,0.9806333,0.9775305,0.97632796,0.9882259,0.9798013,0.9714264,0.97684234,0.97855556
bernadettefilm,0.98261577,0.9782272,0.97325814,0.9762896,0.9721894,0.97012097,0.98007834,0.9703569,0.98492503,0.97305,0.9754527,0.96811736,0.9738928,0.97313863,0.97051364,0.97840226,0.97756106,0.9724446,0.97431487,0.9728703,1.0000004,0.9744567,0.977787,0.9764187,0.9698305,0.8562708,0.97217625,0.97547615,0.9636714,0.96758395,0.9685585,0.9723704,0.9620223,0.96362823,0.96214855,0.94982564,0.9850282,0.9741665,0.9793636,0.97785234,0.9662387,0.9731591,0.96343243,0.9777891,0.97446835,0.97067857,0.97321624,0.9790982,0.96923697,0.97910684,0.96943426,0.97856486,0.9675957,0.9547365,0.95975614,0.9704215,0.96731544,0.9762285,0.96581405,0.96295154,0.9695095,0.96924204,0.96784306,0.98164564,0.9559793,0.9645151,0.9694559,0.97078115,0.9698969,0.96944916,0.9767649,0.6614469,0.9562388,0.97416216,0.9768553,0.95445836,0.93739706,0.97605693,0.9714245,0.9642225,0.9683775,0.96307117,0.97202045,0.9712185,0.97592926,0.97140545,0.9684418,0.97557986,0.9791732,0.9723796,0.97024304,0.9767649,0.9650767,0.9741362,0.9690389,0.970023,0.9716667,0.97026116,0.9749466,0.97176296,0.9688049,0.96774095,0.957425,0.97513646,0.97433454,0.96922886,0.97791284,0.98075074,0.9699252,0.9652218,0.9803796,0.8370112,0.9633104,0.9453747,0.98613584,0.9810167,0.9820462,0.9673816,0.9768447,0.98008686,0.97643214,0.9750181,0.9729597,0.96877897,0.97089565,0.9772198,0.9761962,0.9644356,0.98358524,0.9540537,0.9871774,0.97608364,0.9733033,0.97125036,0.9727602,0.9699881,0.9775069,0.9722186,0.9786588,0.97285956,0.98492503,0.9701424,0.9701316,0.9781364,0.96769756,0.96978277,0.97093874,0.9717279,0.96870923,0.97518724,0.97977763,0.96898156,0.9694957,0.9501123,0.9766087,0.9647922,0.97691727,0.975167,0.9646907,0.97196615,0.98492503,0.9733401,0.97363794,0.97869337,0.9686819
