movie,21bridgesmovie,47metersdown,abeautifuldaymovie,abominablemovie,adastramovie,adogsjourneymovie,aftermathmovie,aftermovie,ahiddenlifefilm,alitamovie,angelhasfallen,angrybirdsmovie,annabellemovie,annamovie,apollo11movie,arcticdogsmovie,arcticmovie,artofracingmovie,avengers,beachbummovie,bernadettefilm,blackandbluemovie,blackchristmas,blindedbythelightmovie,bombshellmovie,booksmart,breakthroughmovie,brianbanksmovie,brightburnmovie,brittanyrunsmov,captainmarvelofficial,captivestatemovie,catsmovie,charliesangels,childsplaymovie,clarathefilm,coldpursuitmovie,countdown,currentwarmovie,darkwatersmovie,detectivepikachumovie,disneyaladdin,disneyfrozen,disneymaleficent,doctorsleepmovie,dolemiteismyname,dontletgomovie,doramovie,downtonabbey_official,dumbo,escaperoom,everybodyknowsmovie,fastandfuriousmovie,fightingwmyfam,fivefeetapartfilm,fordvferrari,freaksthefilm,geminimanmovie,glassmovie,gloriabellmovie,godzillamovie,goldfinchmovie,goodboysmovie,goodliarmovie,gretafilm,halathemovie,happydeathdaymovie,harrietfilm,hellboymovie,hersmellmovie,highlifemovie,highstrungmovie,honeyboymovie,hotelmumbaifilm,httydragon,hustlemovie,hustlersmovie,isntitromantic,itmovieofficial,jayandsilentbob,johnwickmovie,jojorabbitmovie,jokermovie,judythefilm,jumanjimovie,justmercyfilm,knivesout,lalloronamovie,lastblackmansf,lastchristmasthemovie,latenightmovie,lighthousemovie,lionking,littlethemovie,littlewomenmovie,littlewoodsfilm,longshotmovie,lordsofchaosmovie,lucyintheskyfilm,mamovie2019,marriagestory,meettheaddams,meninblack,midsommarmovie,midwaymovie,missbalamovie,missinglinkfilm,motherlessbklyn,onceinhollywood,onthebasisofsex,overcomermovie,peanutbutterfalcon,petsematarymovie,piercingmovie,playingwithfire,playmobilthemovie,pomsmovie,queenandslim,rambomovie,readyornotfilm,richardjewellfilm,rocketmanmovie,scarystoriesmovie,secretlifeofpets,serenityfilm,shaftmovie,shazammovie,spidermanmovie,spiesindisguise,starwars,stormboymovie,stubermovie,taosdfilm,teenspiritmov,terminator,theaeronautsmov,thebestofenemies,thedeaddontdie,thefarewell,thehighwaymen,thehummingbirdprojectfilm,theintrudermovie,theirishmanfilm,thekitchenmovie,thelegomovie,themustangfilm,thenightingalefilm,theprodigymovie,thesunisalsoastar,theupsidefilm,tolkienmovie,toystory,triplefrontier,uglydolls,uncutgems,underthesilverlake,usmovie,wavesmovie,whatmenwant,wonderparkmovie,wrinklestheclown,xmenmovies,yardiefilm,yesterdaymovie,zombieland
21bridgesmovie,1.0,0.96194303,0.9770633,0.96753085,0.9695985,0.96841186,0.9776639,0.97348666,0.98657364,0.9714672,0.97917277,0.9679589,0.9721802,0.96689934,0.97631675,0.9674568,0.98106134,0.97730535,0.9787772,0.96820587,0.9731993,0.9705781,0.9757816,0.9757314,0.96841896,0.8874541,0.97464395,0.97283304,0.96583337,0.9688135,0.9582058,0.9751593,0.96270186,0.9672781,0.97460175,0.96113557,0.9726318,0.97996277,0.97331667,0.9727731,0.9684634,0.9791841,0.9778332,0.9828753,0.9658852,0.9725954,0.97718066,0.9684294,0.97223675,0.9818081,0.96878374,0.9806868,0.9755275,0.9657105,0.95072365,0.97327936,0.97080195,0.96741956,0.9626623,0.97553563,0.97163546,0.97281504,0.9753275,0.97047484,0.9719335,0.9815601,0.9746092,0.98068345,0.9780224,0.9676528,0.98174024,0.8303595,0.97561634,0.97199583,0.96812093,0.97276425,0.9594428,0.9738692,0.97186786,0.96028686,0.96890527,0.9727739,0.9727457,0.9729107,0.9720843,0.968031,0.9699185,0.9773653,0.9762407,0.9745222,0.97597635,0.98174024,0.97579026,0.97052073,0.96540225,0.971578,0.9723641,0.9744534,0.97126734,0.97776085,0.97387964,0.9668442,0.96510756,0.97451687,0.97120255,0.9656064,0.97515035,0.97302073,0.9699135,0.96639544,0.98112017,0.92498684,0.969052,0.95823777,0.9735906,0.98154265,0.994253,0.96970105,0.9800675,0.97644,0.96717525,0.9783064,0.9674395,0.962787,0.9702892,0.9715139,0.9777299,0.96782017,0.9744129,0.9676637,0.97266406,0.974442,0.9760678,0.96973234,0.97705317,0.9725393,0.9795965,0.9782316,0.9788015,0.9730167,0.98657364,0.9682376,0.9761092,0.95991117,0.9574994,0.98205495,0.97069776,0.97584736,0.9676561,0.98052865,0.9777024,0.98020935,0.97197336,0.975116,0.9733136,0.980153,0.9651533,0.97926176,0.96909434,0.9682497,0.98657364,0.970303,0.9738888,0.97008413,0.96911985
47metersdown,0.96194303,0.99999994,0.96029377,0.9646849,0.9634716,0.9538649,0.9664807,0.9687648,0.9739861,0.95882636,0.9571357,0.9470443,0.971891,0.96261555,0.958704,0.9790904,0.9744173,0.9638742,0.95550376,0.9617265,0.9559862,0.95882845,0.9736001,0.9553221,0.96772575,0.86934507,0.96196955,0.96896005,0.95983714,0.9627973,0.9527173,0.9657798,0.96470004,0.958363,0.95003307,0.9339646,0.961009,0.96826184,0.9619305,0.9644947,0.9641198,0.9686529,0.96021533,0.9644318,0.9658761,0.956991,0.9734449,0.95777684,0.9504217,0.96908534,0.95936984,0.96866107,0.9599382,0.96384907,0.9514933,0.96806353,0.9596793,0.966575,0.9621252,0.96805525,0.96556115,0.9690654,0.96796584,0.96815866,0.94752836,0.96409756,0.9603461,0.96110845,0.96758956,0.95294636,0.9670123,0.8519676,0.96245617,0.953281,0.95185846,0.962328,0.9341762,0.9638322,0.96820927,0.95660466,0.961903,0.9670485,0.97610027,0.95421636,0.95580167,0.9635982,0.96293294,0.96492857,0.968471,0.9620853,0.9510562,0.9670123,0.96441394,0.9602573,0.95493436,0.96153915,0.95848745,0.96615875,0.9642841,0.965389,0.95718396,0.9668074,0.96857804,0.9629216,0.9625282,0.9582274,0.9655035,0.9651778,0.96380115,0.95352775,0.9702774,0.9207991,0.96181554,0.94031346,0.9613519,0.963301,0.96450555,0.9531932,0.9710863,0.9673867,0.9613976,0.9655157,0.95975286,0.9274339,0.95924854,0.96789455,0.9644848,0.957406,0.9627211,0.9467004,0.96157897,0.9616098,0.9711396,0.96366054,0.96633613,0.96126175,0.95543265,0.9610518,0.96510905,0.96492475,0.9739861,0.95924026,0.95595217,0.95971495,0.9673478,0.9638637,0.9602584,0.96074235,0.9732516,0.9633854,0.96261626,0.96090996,0.9553223,0.9516298,0.95423776,0.96336764,0.9591454,0.95720124,0.9684291,0.9616122,0.9739861,0.9656448,0.96697414,0.96545154,0.95636725
abeautifuldaymovie,0.9770633,0.96029377,1.0000005,0.96817434,0.97857004,0.9767026,0.9785111,0.97988456,0.99141276,0.9791496,0.9870179,0.9820713,0.97794586,0.97482955,0.9707486,0.97573686,0.9816702,0.98415536,0.9757763,0.9665217,0.9720771,0.982287,0.97220033,0.9800028,0.9779432,0.8859327,0.9788201,0.9777161,0.9867642,0.97624534,0.97359735,0.9809955,0.9616373,0.98111284,0.96241045,0.95296335,0.9829186,0.9805313,0.9816113,0.9747099,0.9759108,0.98366284,0.97843444,0.98022527,0.979723,0.97699696,0.9709624,0.9781242,0.9762704,0.9798095,0.98701596,0.9797393,0.97134507,0.9752982,0.9688668,0.98201126,0.9736317,0.98014575,0.9754983,0.9779872,0.98178685,0.9769792,0.98110783,0.9772779,0.97472996,0.98170996,0.9730238,0.97707117,0.9750236,0.9686707,0.9841145,0.8298901,0.97107786,0.9786634,0.9708549,0.9676506,0.95814383,0.98145735,0.97505856,0.9706541,0.9738829,0.9752911,0.98429835,0.9747439,0.9809339,0.976336,0.97484565,0.9803437,0.9758068,0.9802218,0.9727186,0.9841145,0.97319126,0.97552687,0.98208946,0.97162044,0.977895,0.9809324,0.9803879,0.97258145,0.97643405,0.97353935,0.9750532,0.9826695,0.9704099,0.9836967,0.9843148,0.9763346,0.9829511,0.9641115,0.98247623,0.9294598,0.97559756,0.952522,0.9789935,0.9794246,0.9805482,0.9681224,0.9806834,0.9740853,0.98010194,0.9755611,0.9793242,0.9701502,0.9760939,0.9732209,0.9790533,0.9872257,0.98598874,0.97328126,0.97625,0.9832448,0.9760376,0.96671104,0.9815688,0.9777812,0.9738319,0.96909654,0.9820168,0.9731035,0.99141276,0.98212147,0.97293407,0.96862006,0.97074217,0.97805786,0.9704804,0.9758197,0.9773212,0.97860545,0.97859013,0.98570085,0.97762114,0.96658695,0.9767591,0.97520375,0.97096395,0.9800799,0.9768946,0.9732381,0.99141276,0.97631747,0.9762673,0.9737952,0.9819898
abominablemovie,0.96753085,0.9646849,0.96817434,1.0000001,0.9679287,0.9658488,0.962328,0.96655196,0.97929776,0.9663726,0.9741576,0.9713509,0.97642,0.969855,0.9671424,0.96180123,0.97566295,0.9721803,0.9631365,0.9605773,0.95837593,0.97319734,0.9700841,0.9711078,0.96374613,0.8548614,0.963957,0.9655478,0.9688021,0.96270925,0.9633408,0.97117233,0.95820785,0.9672794,0.94769853,0.93370587,0.9698229,0.9781937,0.96918637,0.9736753,0.96583754,0.96569306,0.9612522,0.9620463,0.9665724,0.9654493,0.968019,0.9646609,0.9588256,0.96519846,0.97094375,0.9715761,0.9625195,0.9628509,0.9576543,0.96878666,0.96197987,0.96427757,0.9681503,0.9686733,0.96903235,0.9652808,0.9763465,0.97055,0.95689785,0.96727794,0.95760113,0.96771234,0.9621825,0.95777893,0.9714454,0.8365496,0.9628914,0.965669,0.9621664,0.9653706,0.94134414,0.96851075,0.9638091,0.9583911,0.95792204,0.96873564,0.9712129,0.9604136,0.9709573,0.9730025,0.96445096,0.9674376,0.9718026,0.9647053,0.9644148,0.9714454,0.9580371,0.9608417,0.969417,0.9781196,0.9739353,0.96684194,0.95591444,0.9623075,0.9686294,0.9659512,0.9658912,0.97451407,0.97002494,0.9651054,0.9645774,0.97357255,0.9662233,0.967878,0.9679948,0.9204584,0.9629313,0.922128,0.9641214,0.9694256,0.96997184,0.9538174,0.969102,0.96272975,0.9676273,0.965444,0.9684681,0.95499074,0.9691943,0.9647205,0.9658146,0.96417904,0.9721782,0.9491523,0.96608263,0.96594656,0.9703559,0.9453378,0.9665872,0.964466,0.96284515,0.95684814,0.9649901,0.96562505,0.97929776,0.968943,0.96646804,0.97325945,0.9735271,0.96666014,0.95399046,0.95939964,0.9705192,0.96915823,0.9600045,0.96896183,0.9675944,0.94772387,0.9616928,0.9712689,0.9600617,0.9655936,0.96018684,0.95588225,0.97929776,0.967151,0.9621809,0.9689282,0.9703084
adastramovie,0.9695985,0.9634716,0.97857004,0.9679287,1.0000001,0.9752983,0.9782695,0.9686225,0.98538166,0.9804628,0.97567195,0.9799991,0.9701635,0.9741184,0.9714849,0.97303647,0.9774627,0.9879024,0.96601623,0.96582854,0.9631495,0.9722313,0.97104824,0.9729359,0.97244895,0.8708895,0.9805675,0.96888554,0.9753381,0.9750074,0.9629143,0.9759978,0.9580142,0.98242515,0.9575008,0.9516055,0.97596484,0.97479653,0.97234106,0.9676178,0.9672113,0.97870815,0.9697195,0.97013366,0.97204286,0.9739898,0.96630704,0.96965045,0.96651554,0.9727067,0.9790276,0.97344136,0.9635737,0.9704673,0.96539855,0.9822061,0.9693319,0.9763709,0.969912,0.97171515,0.97118014,0.96925837,0.97301334,0.9704895,0.9615941,0.9717794,0.9657081,0.9688246,0.9685855,0.9647013,0.9795168,0.81739116,0.9720094,0.9712103,0.96451414,0.95831877,0.9441005,0.96932334,0.97012615,0.96070015,0.96462244,0.97747654,0.97254205,0.96750873,0.9776137,0.97063714,0.97046757,0.9709742,0.9724088,0.9684647,0.96056074,0.9795168,0.9651155,0.9746176,0.97470874,0.971975,0.9732732,0.9774099,0.9723857,0.9710711,0.9713627,0.97263473,0.9666659,0.9775358,0.9735798,0.97532606,0.9773018,0.9728807,0.9669657,0.9622933,0.98316324,0.9297301,0.97665507,0.94285,0.97536325,0.97922146,0.9730761,0.9586075,0.9724092,0.97873044,0.96499527,0.9736637,0.97658646,0.9616697,0.9693045,0.9668898,0.9722547,0.97343326,0.9821669,0.9609469,0.96448606,0.9833367,0.9758584,0.9606554,0.9778907,0.9691698,0.9673786,0.9672464,0.9821432,0.9744641,0.98538166,0.9793744,0.97364324,0.96196014,0.96408975,0.9722736,0.96548605,0.97036165,0.967054,0.97184396,0.97357553,0.97215575,0.9735607,0.95820636,0.96989954,0.9720494,0.960877,0.9732494,0.9714033,0.9707432,0.98538166,0.97208154,0.97517014,0.9738469,0.97166276
adogsjourneymovie,0.96841186,0.9538649,0.9767026,0.9658488,0.9752983,1.0000001,0.9681114,0.96909904,0.98308265,0.9692432,0.97739637,0.97561485,0.9796312,0.9723356,0.9714664,0.9634151,0.9732798,0.9728964,0.9652912,0.95718396,0.95912075,0.96682626,0.9791208,0.96874887,0.9665614,0.88313246,0.97490454,0.9663536,0.967236,0.9803893,0.9621518,0.9715904,0.9534971,0.97192055,0.948881,0.94149154,0.97910523,0.9756233,0.97248125,0.97013485,0.9735385,0.97042054,0.97304595,0.96283805,0.9709263,0.96970665,0.97416866,0.9715865,0.970754,0.96729887,0.97119755,0.9725135,0.9780893,0.9661518,0.9627739,0.97129637,0.9713117,0.9703832,0.97536707,0.96792644,0.97129035,0.97620034,0.9744148,0.97239184,0.9644001,0.9609179,0.95646334,0.97087294,0.9607239,0.96156645,0.9805355,0.8362253,0.96730995,0.9649351,0.96701133,0.9601792,0.931503,0.96956515,0.9676954,0.9600261,0.96707046,0.9677493,0.97749513,0.9621496,0.9708671,0.9615275,0.9641603,0.97402173,0.9690225,0.96433395,0.96763927,0.9805355,0.9629795,0.9698646,0.971881,0.9712965,0.96971756,0.9746762,0.9691183,0.97157156,0.97232336,0.9711725,0.96476865,0.97756267,0.9740745,0.967669,0.97549605,0.97046167,0.96873415,0.96707803,0.97624177,0.9199406,0.9659735,0.9311516,0.9648734,0.97767293,0.9729474,0.95945907,0.9743657,0.96352184,0.97192913,0.9607104,0.9787012,0.98047227,0.97069377,0.96629936,0.97034186,0.9690674,0.97307706,0.96265715,0.9628627,0.97484976,0.97341037,0.9549782,0.96978605,0.9758112,0.97168475,0.96196246,0.97984505,0.95945686,0.98308265,0.9672406,0.971602,0.9704145,0.9588618,0.96974665,0.95796835,0.9653761,0.9721878,0.96896213,0.96987,0.9704901,0.96812195,0.9531027,0.9772465,0.9696938,0.97502303,0.97784835,0.9690965,0.9605087,0.98308265,0.96940297,0.968665,0.97947156,0.9706873
aftermathmovie,0.9776639,0.9664807,0.9785111,0.962328,0.9782695,0.9681114,1.0000004,0.9759137,0.9864321,0.9791424,0.97762996,0.9690617,0.9737216,0.9735273,0.96995306,0.9720999,0.9763512,0.98259044,0.97575533,0.9650158,0.9731326,0.9734554,0.97557336,0.9716461,0.9748785,0.8924063,0.97380894,0.9762016,0.97415537,0.9742881,0.9696809,0.9786905,0.96593916,0.97450984,0.9607201,0.95938635,0.9785766,0.97159773,0.97848433,0.9720131,0.97229356,0.9776547,0.9732655,0.9769252,0.97363365,0.97334754,0.97325456,0.975808,0.97427696,0.9757316,0.9747524,0.97954404,0.9645901,0.9683412,0.9670596,0.97413677,0.977636,0.9739007,0.97332585,0.9800516,0.9723388,0.9750835,0.97831154,0.96968913,0.97000533,0.9739621,0.97089833,0.97477365,0.97590363,0.9657913,0.9822762,0.8370012,0.9727873,0.97458,0.97081155,0.9709624,0.9505744,0.9763878,0.9766902,0.9615147,0.96968454,0.9864964,0.977828,0.97125465,0.9698912,0.9706627,0.964793,0.978617,0.9725667,0.97265244,0.9750369,0.9822762,0.9773764,0.97605115,0.970018,0.97384053,0.9715795,0.977225,0.98751205,0.9766257,0.9725426,0.96855026,0.97357476,0.97996485,0.9771884,0.9698719,0.977094,0.97129416,0.97012866,0.96191835,0.98296595,0.93347347,0.9808085,0.9490781,0.9760458,0.97585416,0.9780328,0.9700877,0.97739756,0.9922861,0.97300994,0.9782666,0.975981,0.95106834,0.9693332,0.9722698,0.98199725,0.9754337,0.9813167,0.9698263,0.9739534,0.9768194,0.97772527,0.9707197,0.9811051,0.9774422,0.978257,0.9745678,0.9821475,0.9751827,0.9864321,0.9724982,0.97203857,0.96265906,0.9648948,0.9791518,0.97150284,0.9705845,0.9703867,0.96980363,0.9925997,0.97642547,0.9693543,0.9650459,0.9712362,0.9798555,0.9735412,0.9775207,0.9785594,0.9742444,0.9864321,0.9760316,0.9811666,0.9749069,0.97256655
aftermovie,0.97348666,0.9687648,0.97988456,0.96655196,0.9686225,0.96909904,0.9759137,0.99999976,0.98639125,0.9737088,0.9780389,0.9711915,0.97696984,0.9750412,0.9699681,0.9804952,0.98154783,0.9762754,0.96785355,0.96773946,0.9621725,0.97611594,0.97323436,0.97626096,0.9732756,0.8852352,0.977724,0.9841766,0.9788118,0.9684039,0.9702119,0.9806037,0.96357656,0.9753992,0.9611439,0.9543366,0.98320836,0.9739324,0.980775,0.9771153,0.97626305,0.9741158,0.9783775,0.9744708,0.9707416,0.97116745,0.97197676,0.9720226,0.9728174,0.97406054,0.97994953,0.9818842,0.9660285,0.972578,0.9705293,0.9688091,0.9754895,0.9696697,0.97117853,0.97406125,0.9755954,0.97449416,0.9728694,0.9755961,0.96762913,0.9740412,0.96954453,0.98105156,0.9680034,0.968367,0.9803009,0.84446657,0.9708508,0.97317904,0.96853256,0.9713055,0.94944,0.97253025,0.9751928,0.97057,0.97648007,0.96975595,0.9849298,0.96933126,0.9731639,0.9645784,0.9759317,0.97608155,0.96917033,0.96804315,0.9726214,0.9803009,0.9707809,0.969215,0.97829175,0.9737916,0.969294,0.980362,0.97517025,0.9724145,0.9758724,0.9696468,0.97403276,0.97622913,0.972966,0.97682333,0.9808151,0.9731487,0.9742688,0.96463245,0.9782595,0.92573154,0.9713143,0.9471811,0.96926546,0.97601956,0.9803122,0.96823126,0.9764416,0.9722106,0.9796523,0.967691,0.97381383,0.9624736,0.9794454,0.9757265,0.9733878,0.9812229,0.9769532,0.96911734,0.9694667,0.97111034,0.97825706,0.96787953,0.9733563,0.9733218,0.9723961,0.97009254,0.97767615,0.9673283,0.98639125,0.97317636,0.968789,0.97041595,0.9651255,0.9769377,0.9620241,0.97232896,0.97414464,0.97836,0.9782605,0.9772273,0.97006124,0.9649528,0.9796107,0.9733845,0.975309,0.9722106,0.98032236,0.9674781,0.98639125,0.9771522,0.9798678,0.9756902,0.9767832
ahiddenlifefilm,0.98657364,0.9739861,0.99141276,0.97929776,0.98538166,0.98308265,0.9864321,0.98639125,1.0,0.9825382,0.99150586,0.9848431,0.9888118,0.9851131,0.9857528,0.98323023,0.9915359,0.9868004,0.9845519,0.98095953,0.9791468,0.98749536,0.9848229,0.9874384,0.98523283,0.8973068,0.9873509,0.9875863,0.9879996,0.98522735,0.9800119,0.98788697,0.97558767,0.98361087,0.97659504,0.9669275,0.98967916,0.98801756,0.9883836,0.986969,0.9847221,0.98903066,0.9864182,0.9863979,0.98292154,0.9856912,0.9840295,0.9854,0.98325795,0.9887729,0.990004,0.9873477,0.98078203,0.9843649,0.97618014,0.98538005,0.9847684,0.9848528,0.98185587,0.9873397,0.98778075,0.9853889,0.9893391,0.985004,0.9808922,0.987973,0.9799502,0.98386395,0.9813836,0.98035806,0.9923473,0.8453334,0.9859439,0.98622406,0.98205614,0.97845787,0.96366155,0.98637635,0.9859039,0.98104507,0.9806925,0.9827271,0.98945713,0.9816665,0.9870741,0.98161554,0.9806378,0.9892889,0.984482,0.98480326,0.9822215,0.9923473,0.9836953,0.9858625,0.9859442,0.9857893,0.9856896,0.9869263,0.98574656,0.9833777,0.987531,0.98416954,0.9834679,0.99161804,0.9857704,0.98631775,0.991058,0.9848744,0.98399514,0.9760073,0.99249744,0.94446677,0.98374915,0.9610179,0.98420686,0.9872936,0.9898771,0.9799437,0.988854,0.9842997,0.984379,0.98427325,0.9877074,0.97427815,0.9859143,0.9840325,0.9894803,0.9881519,0.98840964,0.9808978,0.98427427,0.98602194,0.98868924,0.9724022,0.9868737,0.9869755,0.9808972,0.9809943,0.9902666,0.98535067,1.0,0.98521936,0.9860882,0.97692364,0.9809492,0.98777133,0.98077536,0.9858208,0.98278713,0.986748,0.9867877,0.98918444,0.98740196,0.9737294,0.9835725,0.9859307,0.980955,0.98466384,0.9845609,0.981556,1.0,0.9860678,0.9873003,0.9869432,0.9875054
alitamovie,0.9714672,0.95882636,0.9791496,0.9663726,0.9804628,0.9692432,0.9791424,0.9737088,0.9825382,0.9999999,0.97855484,0.9728348,0.9705757,0.97441036,0.96792895,0.96804917,0.97832114,0.9831557,0.96725446,0.9602049,0.9650016,0.97157055,0.97018933,0.9741611,0.9706238,0.8739527,0.97629106,0.9761975,0.97209334,0.96384853,0.9608515,0.97839665,0.9565155,0.9823185,0.9598643,0.9579211,0.9724068,0.9684683,0.9724665,0.9703576,0.96911395,0.97727174,0.96979934,0.97073126,0.97052056,0.97542155,0.9670054,0.9686846,0.97153586,0.9716981,0.97151077,0.97403806,0.96662474,0.96924376,0.9662436,0.97598433,0.97213596,0.96756935,0.96611136,0.97305715,0.9737853,0.962465,0.9706365,0.9659861,0.96730334,0.97291356,0.96511763,0.9717457,0.9713987,0.96087396,0.9801682,0.83642614,0.9651935,0.9691665,0.9674768,0.96591127,0.9409235,0.97525877,0.9694919,0.96280676,0.9698383,0.9753838,0.97189486,0.97095555,0.9738692,0.9672428,0.9700143,0.9700636,0.9700223,0.9682038,0.9662939,0.9801682,0.9675215,0.968555,0.9690914,0.974904,0.9706344,0.9742869,0.97472,0.96986496,0.96863747,0.9651561,0.96566033,0.97832966,0.9747869,0.9673917,0.9746634,0.9652859,0.96753544,0.96396095,0.9816124,0.9364073,0.97159046,0.9477805,0.97438323,0.97727346,0.9740319,0.96906334,0.9796442,0.9713911,0.97175336,0.9678913,0.9733556,0.9529655,0.9687055,0.965922,0.9726165,0.97310436,0.98051345,0.9561722,0.9690887,0.9768548,0.9760161,0.9659904,0.9781818,0.96645945,0.970537,0.9627678,0.9815469,0.9711182,0.9825382,0.97110534,0.96513134,0.9588752,0.9657443,0.97242135,0.9628149,0.973199,0.96870166,0.97134745,0.9762327,0.9751829,0.97066385,0.9659326,0.973467,0.97745335,0.9666637,0.9759648,0.9707182,0.9654222,0.9825382,0.97140276,0.9709603,0.9750693,0.96790487
angelhasfallen,0.97917277,0.9571357,0.9870179,0.9741576,0.97567195,0.97739637,0.97762996,0.9780389,0.99150586,0.97855484,0.9999997,0.9836597,0.9810122,0.9748468,0.9743588,0.96999407,0.98343414,0.98097223,0.97580534,0.9690423,0.9761435,0.9864783,0.9747154,0.9832271,0.97302896,0.8862165,0.9791731,0.9797579,0.9812762,0.9742021,0.97393703,0.98077583,0.9601738,0.9773813,0.9677521,0.95568997,0.9830268,0.9819956,0.9806951,0.97970295,0.9709793,0.9774639,0.97606915,0.9732386,0.97447455,0.97882044,0.9725537,0.98153913,0.98207974,0.9748142,0.9855393,0.9816929,0.9725546,0.9768026,0.96954334,0.9765254,0.9780772,0.97345746,0.9751759,0.98133045,0.97699654,0.97441006,0.9815527,0.9745095,0.97737956,0.9828105,0.9706315,0.98107684,0.9793305,0.9714913,0.9845003,0.8278852,0.97433525,0.9802558,0.97924864,0.9687746,0.9574929,0.9782743,0.97494817,0.9699391,0.9790864,0.9724344,0.97884184,0.97792655,0.98371345,0.97913754,0.98033243,0.9796903,0.9771261,0.97949076,0.9742176,0.9845003,0.96831346,0.97142214,0.9807276,0.97934437,0.9778745,0.97662437,0.9765715,0.9754651,0.978155,0.9698852,0.9726736,0.9837867,0.97553897,0.98367447,0.98455566,0.9747008,0.9798248,0.97157145,0.9837684,0.9317486,0.9727697,0.9512072,0.976173,0.98216426,0.9814841,0.97494924,0.9789672,0.97459936,0.97549355,0.97521806,0.97655994,0.97323966,0.97958916,0.9731302,0.9819267,0.9833662,0.9838844,0.9717346,0.9815795,0.98073095,0.98169845,0.96370965,0.9771147,0.9761719,0.97664213,0.97301894,0.98335385,0.9752982,0.99150586,0.97964376,0.9767125,0.96893835,0.96853155,0.98173493,0.9715945,0.9791773,0.9765843,0.97860694,0.9781928,0.9787237,0.97660536,0.9667011,0.9762789,0.97679627,0.97156847,0.9790976,0.972477,0.9714147,0.99150586,0.97726995,0.9755825,0.9814581,0.9833226
angrybirdsmovie,0.9679589,0.9470443,0.9820713,0.9713509,0.9799991,0.97561485,0.9690617,0.9711915,0.9848431,0.9728348,0.9836597,0.99999976,0.97006756,0.9727592,0.96819323,0.9620357,0.97524965,0.9791041,0.96307284,0.9643417,0.96245575,0.9780735,0.96239716,0.97612745,0.96471906,0.88232774,0.9716333,0.96657145,0.9802844,0.97316444,0.97028613,0.9727549,0.95301855,0.97893625,0.95394146,0.9442487,0.97400296,0.9754331,0.97468835,0.97116405,0.9657326,0.970104,0.9693532,0.9694269,0.96651626,0.9743057,0.9609789,0.97256577,0.9680612,0.9702675,0.9857578,0.9706467,0.9600155,0.9667751,0.9581458,0.9733247,0.96422607,0.9671183,0.97370416,0.970198,0.97019327,0.9701706,0.9799153,0.9720175,0.9666707,0.96459967,0.9593819,0.9666524,0.96293294,0.9618733,0.9768567,0.8111506,0.96708405,0.9715532,0.96748334,0.9623173,0.94940925,0.9693585,0.973329,0.9588523,0.9609865,0.9712619,0.9725815,0.9665796,0.9799364,0.97205305,0.9669543,0.97162944,0.97233915,0.97335905,0.9630213,0.9768567,0.9678326,0.9674031,0.97701514,0.9725659,0.97877884,0.9707937,0.9644691,0.9631169,0.9727802,0.97220314,0.9615144,0.9767934,0.9690673,0.9797293,0.97464406,0.9721416,0.96702284,0.9599794,0.9751377,0.9249842,0.9658525,0.9403832,0.9700047,0.97548777,0.9718565,0.955689,0.96570164,0.97168696,0.968268,0.9670507,0.96953094,0.97015166,0.97868365,0.96551585,0.97435135,0.97995543,0.9752496,0.9627218,0.9637843,0.97466326,0.97307664,0.9565778,0.96933424,0.9668968,0.96677035,0.96028525,0.9779069,0.9677477,0.9848431,0.97684354,0.9754058,0.9701534,0.9666192,0.9706631,0.9602978,0.96723366,0.96336067,0.9747326,0.96848655,0.9746026,0.9744115,0.95317644,0.9703396,0.9689038,0.9598949,0.9763343,0.96049005,0.9604642,0.9848431,0.970506,0.9663691,0.9720903,0.97752064
annabellemovie,0.9721802,0.971891,0.97794586,0.97642,0.9701635,0.9796312,0.9737216,0.97696984,0.9888118,0.9705757,0.9810122,0.97006756,0.9999999,0.9755917,0.98052764,0.9727592,0.98277664,0.9693735,0.9713321,0.97507155,0.96556884,0.9760829,0.98231,0.97822946,0.97739464,0.8766113,0.973021,0.9785563,0.9755606,0.97911686,0.9686696,0.9795721,0.9698866,0.970374,0.9625936,0.9600946,0.9805169,0.98286,0.97879875,0.9785154,0.9770337,0.9756414,0.9736074,0.9700346,0.97651666,0.9723044,0.9840465,0.9741104,0.97121245,0.9737702,0.97612405,0.9771885,0.98116,0.969364,0.96769625,0.9746709,0.9762738,0.9753903,0.97402906,0.97545326,0.97960126,0.9816445,0.98176664,0.9773364,0.9637523,0.9745449,0.9675732,0.97500956,0.9696879,0.9761748,0.97991717,0.8577072,0.97643983,0.9729233,0.9732663,0.9640667,0.94838893,0.9746421,0.9722088,0.9722291,0.9718209,0.9710261,0.9855954,0.9740628,0.9766968,0.9712553,0.9707958,0.9878187,0.97681427,0.97301096,0.9747997,0.97991717,0.9731971,0.9744521,0.9739389,0.97975767,0.9753119,0.9798044,0.97498906,0.974954,0.9773382,0.98004055,0.97646487,0.98126376,0.97319084,0.97185785,0.9821905,0.9794544,0.9760787,0.9725726,0.9800876,0.9332043,0.9739815,0.94490063,0.9667592,0.9735157,0.9762566,0.9697875,0.9821127,0.9699864,0.98219484,0.97049993,0.9777883,0.9632423,0.97596085,0.97484154,0.97728634,0.97554344,0.97824967,0.96390545,0.97380704,0.97425306,0.9808751,0.9629394,0.97651523,0.98161596,0.9744857,0.97025186,0.9793465,0.96936166,0.9888118,0.9690091,0.9746754,0.9747056,0.9785223,0.976727,0.96316874,0.9717304,0.9858331,0.9753726,0.9747059,0.98017037,0.971579,0.96268356,0.97328246,0.97305924,0.9780693,0.97581047,0.97778594,0.9694087,0.9888118,0.9715297,0.9775522,0.98254466,0.9767365
annamovie,0.96689934,0.96261555,0.97482955,0.969855,0.9741184,0.9723356,0.9735273,0.9750412,0.9851131,0.97441036,0.9748468,0.9727592,0.9755917,1.0000001,0.9732369,0.97306013,0.9782654,0.9721554,0.96784645,0.97078454,0.9599183,0.9722796,0.97405815,0.9748303,0.9758347,0.8708012,0.98047334,0.97625613,0.97225213,0.9685387,0.9660656,0.97641283,0.95696485,0.9750655,0.9554466,0.94812125,0.9784771,0.9744008,0.97296214,0.97728324,0.96956635,0.9786473,0.97232133,0.97577614,0.9731722,0.97707474,0.97146213,0.9655621,0.97309023,0.9769517,0.97748697,0.9746337,0.96862435,0.9728606,0.9682249,0.97626865,0.97412014,0.9793868,0.972246,0.97541595,0.9730944,0.96574855,0.9733641,0.9789228,0.9671611,0.9675427,0.96867347,0.970967,0.96536106,0.96829206,0.97982144,0.839438,0.9713521,0.97398454,0.9657582,0.96643615,0.94007075,0.9727943,0.9739156,0.9586822,0.97144794,0.97110885,0.9755565,0.9623109,0.9740747,0.970228,0.96840715,0.97238225,0.96935904,0.9664083,0.9634806,0.97982144,0.97293025,0.978085,0.97364455,0.97906566,0.9733425,0.97703105,0.9761681,0.97362125,0.97444063,0.9743924,0.9709986,0.97774076,0.9799185,0.9762961,0.97409046,0.9705168,0.96760046,0.9651473,0.98336756,0.9336364,0.97492564,0.93843234,0.9767457,0.9762988,0.9729325,0.9632143,0.97581464,0.97354966,0.96770513,0.972375,0.97780156,0.96084994,0.97593546,0.96912616,0.9777259,0.97484404,0.97243506,0.9607518,0.97057474,0.9708466,0.9790947,0.958409,0.980075,0.97049314,0.9669189,0.9601492,0.97791404,0.96606326,0.9851131,0.9720277,0.96771866,0.97115725,0.9647585,0.97625357,0.9622206,0.9741979,0.967791,0.97154963,0.97041035,0.9734938,0.97350556,0.9575158,0.9792865,0.9762884,0.972751,0.9672742,0.9747335,0.97242445,0.9851131,0.9743542,0.97667927,0.97659564,0.9717657
apollo11movie,0.97631675,0.958704,0.9707486,0.9671424,0.9714849,0.9714664,0.96995306,0.9699681,0.9857528,0.96792895,0.9743588,0.96819323,0.98052764,0.9732369,1.0000001,0.9662458,0.9819648,0.9680217,0.9689803,0.98357695,0.9562217,0.9682322,0.9734306,0.97217077,0.9760691,0.87336916,0.97340196,0.96897703,0.9629655,0.97100323,0.9591202,0.9727129,0.95591277,0.96619904,0.96978956,0.96617746,0.97513694,0.97467464,0.9729567,0.9744083,0.9695839,0.98068583,0.9687951,0.97774994,0.96143705,0.9736807,0.97251207,0.9653267,0.96896935,0.979905,0.96669805,0.9746826,0.9749727,0.96563214,0.96145666,0.9662677,0.96744835,0.9678493,0.9632796,0.9680912,0.97508246,0.97216034,0.9749276,0.97290987,0.96267664,0.9740731,0.9749596,0.9753792,0.96685827,0.9748631,0.97560936,0.83973503,0.97529525,0.9668768,0.9690888,0.96212554,0.95280194,0.9630838,0.9711638,0.96502167,0.9716216,0.9637271,0.97364414,0.9659407,0.96943057,0.9706853,0.96914613,0.9778149,0.9716435,0.9633881,0.9674986,0.97560936,0.9738109,0.97499895,0.96664286,0.98648494,0.97678894,0.9681026,0.9710416,0.973594,0.97896475,0.9701677,0.9603846,0.9764559,0.9720211,0.9623184,0.9763014,0.9776564,0.95836633,0.9630107,0.9791366,0.9355609,0.9639287,0.9479247,0.9688909,0.974356,0.97804683,0.96607447,0.9745299,0.97049075,0.9729877,0.9672465,0.9749515,0.9659494,0.9711994,0.97697747,0.9719212,0.9651255,0.97321904,0.95971787,0.96134794,0.9662424,0.9751428,0.95794046,0.97067505,0.9721459,0.9661169,0.96790713,0.9748306,0.97494644,0.9857528,0.9563871,0.9806169,0.97220904,0.97006756,0.9773667,0.9625355,0.9758295,0.97454953,0.97778267,0.9694562,0.98104143,0.9790685,0.96249664,0.96887314,0.9701717,0.9680487,0.9730715,0.9679398,0.96676624,0.9857528,0.9694359,0.96961033,0.9783552,0.96279407
arcticdogsmovie,0.9674568,0.9790904,0.97573686,0.96180123,0.97303647,0.9634151,0.9720999,0.9804952,0.98323023,0.96804917,0.96999407,0.9620357,0.9727592,0.97306013,0.9662458,1.0000004,0.97920597,0.97251123,0.9732499,0.9695856,0.96553993,0.96870166,0.9751671,0.9648591,0.97263896,0.87144274,0.9758353,0.9765088,0.9762938,0.96860564,0.96853405,0.9767948,0.9650438,0.9674344,0.95707804,0.9494988,0.97670954,0.97389305,0.970531,0.97112453,0.97045845,0.97653455,0.9666293,0.9740772,0.9708688,0.96766204,0.9759649,0.96211356,0.9677233,0.9761894,0.97347075,0.9740112,0.96304154,0.9757986,0.9704313,0.9779095,0.96634233,0.96776354,0.9713041,0.97462815,0.9724955,0.96876955,0.97044915,0.9753348,0.96189547,0.97504586,0.97039956,0.9721242,0.9671255,0.9660849,0.976582,0.8249803,0.9712603,0.967657,0.96045536,0.96139157,0.9407623,0.9679651,0.9724467,0.9681133,0.9693248,0.96864146,0.9762996,0.961761,0.967662,0.9681896,0.9698397,0.9720779,0.96927357,0.9666821,0.96362185,0.976582,0.9692957,0.9679332,0.9697648,0.96574163,0.9646225,0.97889096,0.9735019,0.972186,0.97134346,0.9715715,0.9673778,0.97442615,0.96586156,0.973001,0.97524714,0.97516805,0.9754356,0.9606836,0.98101336,0.92308974,0.96932167,0.9438719,0.9685813,0.9738518,0.96918774,0.9594061,0.97425914,0.9705844,0.9689152,0.9633891,0.97514224,0.94669825,0.966406,0.9749582,0.9748132,0.97408956,0.9739657,0.967626,0.9700073,0.9730689,0.97387,0.96566653,0.96925044,0.9707105,0.95913786,0.96399516,0.9762393,0.96910036,0.98323023,0.9737107,0.96215117,0.9632481,0.9652484,0.9687571,0.9639421,0.9724375,0.9734599,0.9683766,0.97218806,0.9717471,0.96847993,0.95844424,0.96793556,0.96691346,0.9665607,0.96122587,0.9742802,0.9680382,0.98323023,0.96887285,0.9789976,0.9753968,0.968237
arcticmovie,0.98106134,0.9744173,0.9816702,0.97566295,0.9774627,0.9732798,0.9763512,0.98154783,0.9915359,0.97832114,0.98343414,0.97524965,0.98277664,0.9782654,0.9819648,0.97920597,1.0000004,0.9771794,0.97170126,0.9769185,0.9675081,0.9796246,0.9772596,0.980146,0.97599137,0.8689629,0.98334527,0.9859177,0.9782118,0.9714705,0.96687526,0.9840785,0.96384865,0.9755396,0.9709615,0.96063167,0.9780757,0.9827338,0.9781701,0.97840667,0.974249,0.9853093,0.9794177,0.9838955,0.976401,0.9779793,0.9763194,0.97329307,0.9722495,0.98506653,0.9804319,0.9830397,0.97443044,0.9817836,0.9679679,0.97965646,0.97933614,0.9763695,0.9742058,0.97717655,0.9811757,0.9734382,0.98305243,0.9776851,0.97444487,0.9798967,0.97526836,0.9819395,0.97695106,0.97822917,0.981816,0.8476658,0.9782671,0.97461563,0.9743613,0.96641463,0.9541706,0.9772088,0.9768235,0.9692638,0.977007,0.97284,0.982078,0.9701274,0.9769925,0.97743833,0.98171717,0.9791514,0.97561866,0.9739859,0.9661571,0.981816,0.9802364,0.97236043,0.9767759,0.98083204,0.98086417,0.9742672,0.9740154,0.9768133,0.9788971,0.97937304,0.9744191,0.9803648,0.9752537,0.9796833,0.9840445,0.9798234,0.9750105,0.9687123,0.9863699,0.93540126,0.9728418,0.9577373,0.9758095,0.981188,0.9832133,0.9694475,0.98085064,0.97544146,0.9736623,0.9786552,0.9757386,0.96346784,0.97481203,0.97795504,0.9786013,0.97787184,0.97966075,0.9686118,0.97364867,0.97630125,0.98964673,0.9697102,0.9762027,0.9720019,0.9711294,0.97148675,0.97886336,0.97832096,0.9915359,0.9753835,0.9778386,0.9710503,0.97171056,0.9817061,0.97150916,0.9807463,0.98009926,0.97692835,0.9746945,0.9816337,0.97673696,0.9687038,0.9732181,0.97607446,0.96963185,0.9758133,0.97457004,0.97011447,0.9915359,0.9743051,0.97815704,0.98083246,0.974834
artofracingmovie,0.97730535,0.9638742,0.98415536,0.9721803,0.9879024,0.9728964,0.98259044,0.9762754,0.9868004,0.9831557,0.98097223,0.9791041,0.9693735,0.9721554,0.9680217,0.97251123,0.9771794,1.0000001,0.9725516,0.96434313,0.97309995,0.97882026,0.97123724,0.97452176,0.97155195,0.8859066,0.9827265,0.97402453,0.98087287,0.9741799,0.97092426,0.9750401,0.9622595,0.98469996,0.95911634,0.9494449,0.9758344,0.9762683,0.9753824,0.9700552,0.9702673,0.9795957,0.9753956,0.97601354,0.97480977,0.9739151,0.9670529,0.97440207,0.974039,0.97530276,0.98086256,0.9783163,0.965524,0.97443616,0.9696057,0.982903,0.9730853,0.97139287,0.9756223,0.9727548,0.9706273,0.9705634,0.97627735,0.97399116,0.9629781,0.97246456,0.971111,0.97582597,0.9780565,0.961407,0.9802383,0.8184187,0.9770788,0.97495055,0.9642747,0.9676871,0.9486873,0.97492164,0.9744843,0.966343,0.97391284,0.9817842,0.97807574,0.9694011,0.9799606,0.9720132,0.97618,0.9725622,0.9704985,0.9734492,0.97025394,0.9802383,0.9694698,0.97686684,0.97356766,0.9721496,0.9730763,0.9783955,0.9784623,0.9706132,0.9699088,0.96596676,0.96912134,0.9790735,0.97068655,0.97775024,0.97532165,0.97138995,0.9750453,0.9627613,0.98230743,0.9253645,0.97686344,0.9439961,0.97781694,0.9814366,0.9785167,0.9611423,0.9800387,0.9809025,0.9696474,0.9746689,0.9764521,0.9645889,0.9734331,0.9728134,0.9752211,0.9765951,0.9843868,0.9660588,0.9736366,0.98140925,0.9747377,0.9652573,0.9773466,0.9758127,0.97172254,0.96867895,0.9795297,0.9742195,0.9868004,0.98194885,0.9680984,0.9669005,0.9694638,0.97401756,0.97178596,0.9723417,0.9678319,0.9753758,0.9795425,0.97760767,0.97382337,0.9642704,0.9713005,0.9796639,0.9658629,0.97712934,0.974455,0.9695947,0.9868004,0.97661644,0.97621167,0.9731871,0.9775204
avengers,0.9787772,0.95550376,0.9757763,0.9631365,0.96601623,0.9652912,0.97575533,0.96785355,0.9845519,0.96725446,0.97580534,0.96307284,0.9713321,0.96784645,0.9689803,0.9732499,0.97170126,0.9725516,0.9999999,0.9643815,0.9676588,0.97408384,0.97478086,0.9719973,0.9730918,0.8891481,0.97269946,0.97052526,0.9720912,0.96420753,0.98091716,0.9685675,0.9679606,0.9660237,0.95824844,0.955195,0.9745086,0.9734136,0.97354376,0.9717392,0.9670483,0.9744087,0.9688893,0.97253287,0.9681814,0.9631183,0.97559196,0.971538,0.9672376,0.97246236,0.97253615,0.9706587,0.9639684,0.96863484,0.9603479,0.97204995,0.96949154,0.97042435,0.96945965,0.9745764,0.9685209,0.9655925,0.97185135,0.966558,0.96531254,0.977331,0.96250665,0.96985817,0.9656627,0.9658484,0.9790659,0.82283664,0.9745078,0.97065806,0.9666226,0.9753458,0.9570155,0.9738547,0.96894705,0.9689635,0.96484447,0.96859163,0.9721251,0.9731107,0.97351694,0.96369165,0.95945996,0.97178996,0.96785116,0.9702036,0.9684214,0.9790659,0.97025037,0.9742339,0.9699992,0.9689891,0.9702791,0.9703012,0.9753936,0.9690194,0.96772456,0.9651573,0.965092,0.9808321,0.9732342,0.96854734,0.97181827,0.9705928,0.97058237,0.9586324,0.97643936,0.92798954,0.9727922,0.9459294,0.96775824,0.9689789,0.9707852,0.9697408,0.9775715,0.9678808,0.96783745,0.96852976,0.97663736,0.95467347,0.9722744,0.97051257,0.97651863,0.97538775,0.97797734,0.9766105,0.97313267,0.96920544,0.9661082,0.9627588,0.9732882,0.9721554,0.9589693,0.9678247,0.97434473,0.9681192,0.9845519,0.9698244,0.9634337,0.9613999,0.96407884,0.97277355,0.9747546,0.9692148,0.9661964,0.9689752,0.9784163,0.9794237,0.9651365,0.9718012,0.96575373,0.97767985,0.9649171,0.97124124,0.9719552,0.9694404,0.9845519,0.96626294,0.97746474,0.9707089,0.9732739
beachbummovie,0.96820587,0.9617265,0.9665217,0.9605773,0.96582854,0.95718396,0.9650158,0.96773946,0.98095953,0.9602049,0.9690423,0.9643417,0.97507155,0.97078454,0.98357695,0.9695856,0.9769185,0.96434313,0.9643815,1.0000004,0.95230246,0.96941495,0.9660118,0.97152275,0.9709825,0.86358476,0.96639746,0.9653975,0.9622538,0.96615803,0.95997995,0.97003025,0.9627858,0.9599834,0.96812356,0.967274,0.9676241,0.968699,0.96199304,0.96776533,0.9609962,0.9742894,0.96195936,0.97464085,0.9593264,0.9689916,0.9673027,0.95831233,0.9610884,0.9751002,0.9669695,0.96645224,0.962089,0.96473616,0.951561,0.9695714,0.96133745,0.9672779,0.9562344,0.97223794,0.9707039,0.97026455,0.9757436,0.9699253,0.9524762,0.9700337,0.9666269,0.96612275,0.96235526,0.9751639,0.9701705,0.8534208,0.9751362,0.961287,0.96083945,0.95074934,0.9566908,0.9628902,0.9649918,0.96129674,0.96251124,0.95943695,0.97068423,0.9667134,0.96951425,0.9750634,0.964111,0.9679219,0.9738925,0.96045876,0.964184,0.9701705,0.97253215,0.9698615,0.9609281,0.9770388,0.97608757,0.9754069,0.9682088,0.96184385,0.9710302,0.97648734,0.957779,0.96857333,0.9674364,0.9654649,0.97024,0.977102,0.9591977,0.9521084,0.9717332,0.95065,0.9639737,0.9543576,0.9657025,0.97110444,0.9694497,0.9614743,0.96846205,0.9701714,0.96546906,0.96802294,0.96775764,0.952809,0.9636314,0.9695705,0.96640617,0.9648736,0.9701257,0.9549883,0.9563704,0.9693401,0.97129947,0.95354646,0.966708,0.96769136,0.956258,0.96334565,0.9706329,0.97295845,0.98095953,0.95307696,0.97431916,0.9731923,0.9682453,0.97462904,0.9561277,0.97262806,0.97113067,0.9761218,0.9636177,0.97595555,0.96614665,0.9620847,0.96481407,0.96922576,0.955725,0.96395314,0.970184,0.9662115,0.98095953,0.96341825,0.9680841,0.9710587,0.9613892
bernadettefilm,0.9731993,0.9559862,0.9720771,0.95837593,0.9631495,0.95912075,0.9731326,0.9621725,0.9791468,0.9650016,0.9761435,0.96245575,0.96556884,0.9599183,0.9562217,0.96553993,0.9675081,0.97309995,0.9676588,0.95230246,1.0,0.9696268,0.9603279,0.9634412,0.9632307,0.9008925,0.9692533,0.9698121,0.9693279,0.9649603,0.9641705,0.9694021,0.9585858,0.9590643,0.9530356,0.9407068,0.9714514,0.9654763,0.9670377,0.96612006,0.9688232,0.9707701,0.95878947,0.9704912,0.9615452,0.97094476,0.960583,0.9581295,0.9631661,0.97316056,0.9669004,0.9630436,0.9512035,0.96546584,0.9629739,0.97121716,0.967949,0.96519554,0.9655828,0.97335505,0.96849316,0.96113163,0.9683455,0.9652381,0.96897626,0.9739583,0.9656905,0.9636516,0.9683251,0.95377755,0.9762328,0.8198364,0.9698667,0.9660595,0.9604758,0.96326023,0.9359195,0.97224826,0.9706289,0.9634196,0.9642631,0.96940887,0.97024685,0.9598875,0.96594185,0.96555316,0.9577854,0.9660506,0.9652254,0.9751871,0.96636045,0.9762328,0.9650491,0.96740174,0.96512455,0.95783603,0.9625118,0.965244,0.9709719,0.96415484,0.9706209,0.9575602,0.96539944,0.9775112,0.9649174,0.9624707,0.9697404,0.9646355,0.97232777,0.9487668,0.9725904,0.91932434,0.96700567,0.9397337,0.97601104,0.967826,0.9724101,0.960302,0.97719586,0.9716374,0.9631448,0.96541,0.968893,0.94739366,0.9658339,0.97266406,0.9752351,0.96470517,0.9695062,0.9610119,0.98716855,0.96762896,0.97064114,0.9584151,0.9683016,0.9690259,0.9656062,0.96374893,0.9717018,0.9686475,0.9791468,0.97758883,0.9588143,0.95518196,0.95853394,0.9633408,0.96701574,0.96365774,0.96316254,0.96085316,0.97408175,0.9641025,0.9672017,0.95740193,0.96502805,0.97308105,0.9606022,0.9694232,0.9618565,0.96369964,0.9791468,0.9706976,0.9718187,0.9605688,0.9700789
