movie,21bridgesmovie,47metersdown,abeautifuldaymovie,abominablemovie,adastramovie,adogsjourneymovie,aftermathmovie,aftermovie,ahiddenlifefilm,alitamovie,angelhasfallen,angrybirdsmovie,annabellemovie,annamovie,apollo11movie,arcticdogsmovie,arcticmovie,artofracingmovie,avengers,beachbummovie,bernadettefilm,blackandbluemovie,blackchristmas,blindedbythelightmovie,bombshellmovie,booksmart,breakthroughmovie,brianbanksmovie,brightburnmovie,brittanyrunsmov,captainmarvelofficial,captivestatemovie,catsmovie,charliesangels,childsplaymovie,clarathefilm,coldpursuitmovie,countdown,currentwarmovie,darkwatersmovie,detectivepikachumovie,disneyaladdin,disneyfrozen,disneymaleficent,doctorsleepmovie,dolemiteismyname,dontletgomovie,doramovie,downtonabbey_official,dumbo,escaperoom,everybodyknowsmovie,fastandfuriousmovie,fightingwmyfam,fivefeetapartfilm,fordvferrari,freaksthefilm,geminimanmovie,glassmovie,gloriabellmovie,godzillamovie,goldfinchmovie,goodboysmovie,goodliarmovie,gretafilm,halathemovie,happydeathdaymovie,harrietfilm,hellboymovie,hersmellmovie,highlifemovie,highstrungmovie,honeyboymovie,hotelmumbaifilm,httydragon,hustlemovie,hustlersmovie,isntitromantic,itmovieofficial,jayandsilentbob,johnwickmovie,jojorabbitmovie,jokermovie,judythefilm,jumanjimovie,justmercyfilm,knivesout,lalloronamovie,lastblackmansf,lastchristmasthemovie,latenightmovie,lighthousemovie,lionking,littlethemovie,littlewomenmovie,littlewoodsfilm,longshotmovie,lordsofchaosmovie,lucyintheskyfilm,mamovie2019,marriagestory,meettheaddams,meninblack,midsommarmovie,midwaymovie,missbalamovie,missinglinkfilm,motherlessbklyn,onceinhollywood,onthebasisofsex,overcomermovie,peanutbutterfalcon,petsematarymovie,piercingmovie,playingwithfire,playmobilthemovie,pomsmovie,queenandslim,rambomovie,readyornotfilm,richardjewellfilm,rocketmanmovie,scarystoriesmovie,secretlifeofpets,serenityfilm,shaftmovie,shazammovie,spidermanmovie,spiesindisguise,starwars,stormboymovie,stubermovie,taosdfilm,teenspiritmov,terminator,theaeronautsmov,thebestofenemies,thedeaddontdie,thefarewell,thehighwaymen,thehummingbirdprojectfilm,theintrudermovie,theirishmanfilm,thekitchenmovie,thelegomovie,themustangfilm,thenightingalefilm,theprodigymovie,thesunisalsoastar,theupsidefilm,tolkienmovie,toystory,triplefrontier,uglydolls,uncutgems,underthesilverlake,usmovie,wavesmovie,whatmenwant,wonderparkmovie,wrinklestheclown,xmenmovies,yardiefilm,yesterdaymovie,zombieland
21bridgesmovie,1.0,0.95019436,0.96798986,0.9496995,0.95716345,0.95771605,0.97456753,0.95576906,0.9810857,0.9645335,0.9564197,0.9532628,0.9620694,0.9615837,0.956935,0.95993006,0.9602531,0.9627519,0.9783066,0.95310986,0.96377057,0.962532,0.9627124,0.9635047,0.9583315,0.9083921,0.96084726,0.95661795,0.9620953,0.958542,0.96035266,0.95986074,0.95392686,0.9539692,0.9507698,0.9307556,0.9673967,0.9746898,0.96951425,0.9490229,0.9537545,0.9591936,0.95543355,0.96013904,0.9603473,0.9620584,0.9613661,0.96229774,0.95716935,0.96158206,0.96453285,0.96948653,0.9509672,0.95659375,0.9563605,0.96087825,0.9531111,0.9573572,0.9636115,0.9638511,0.95699733,0.96414715,0.95349795,0.9608948,0.96012974,0.9532702,0.95062566,0.9598954,0.9573209,0.94417524,0.9704998,0.8557052,0.9540607,0.9624188,0.95571005,0.9462896,0.936447,0.95560354,0.9535106,0.95897305,0.95450205,0.9653188,0.96857065,0.958111,0.9615589,0.95987135,0.961289,0.9626666,0.9579086,0.9646987,0.9582774,0.9704998,0.9535312,0.9635171,0.9682504,0.9575277,0.9545079,0.9520249,0.96402323,0.9540002,0.96528333,0.958951,0.956096,0.96529233,0.9566364,0.96620744,0.9586681,0.96191394,0.96644795,0.9664281,0.9646554,0.88714087,0.9642914,0.9234298,0.9518133,0.9754433,0.9913942,0.95815116,0.96877205,0.9670077,0.95915043,0.9592614,0.9621442,0.9547872,0.95719105,0.9663244,0.9644169,0.9588209,0.9534565,0.94174206,0.9586917,0.9535915,0.9595299,0.95650667,0.960575,0.9631825,0.9717253,0.95606,0.9680693,0.9597904,0.9810857,0.95891833,0.95989656,0.96237737,0.9528108,0.9568131,0.94744015,0.9510112,0.9632291,0.96716297,0.9721995,0.9615313,0.96616286,0.9589609,0.9582061,0.96482784,0.95915276,0.96834874,0.9613487,0.9637073,0.9810857,0.96476597,0.9642735,0.96702296,0.95558506
47metersdown,0.95019436,0.9999999,0.9520274,0.9421708,0.94637555,0.9456591,0.96152276,0.9574183,0.97545135,0.9585996,0.9421174,0.94692713,0.9526713,0.95800453,0.9623413,0.9653535,0.9530437,0.9465687,0.9531198,0.9481946,0.9462315,0.9555919,0.9623197,0.95280653,0.9453829,0.884666,0.94049823,0.9575894,0.95150423,0.9488683,0.94440484,0.9493626,0.93951255,0.94994426,0.9345471,0.9201711,0.96393216,0.9436882,0.9647698,0.93658304,0.951981,0.9631008,0.94431674,0.958303,0.9610815,0.9598128,0.96105623,0.9539015,0.9550304,0.96035933,0.9569308,0.96401876,0.9489475,0.95062184,0.9468807,0.9441329,0.94703,0.9564649,0.9468203,0.96041393,0.95293736,0.95148927,0.9566026,0.9513597,0.9506949,0.95416576,0.9453139,0.9599839,0.94853157,0.933782,0.9650648,0.8411373,0.9494963,0.9571193,0.9432682,0.94330615,0.91002727,0.94877106,0.95169216,0.9521839,0.9465278,0.9551331,0.96301454,0.9535931,0.95454377,0.94940645,0.9371962,0.9573444,0.94737756,0.95829743,0.9531835,0.9650648,0.95993143,0.95290506,0.9536354,0.9541329,0.9500471,0.9441303,0.95701134,0.9529226,0.96471924,0.9462276,0.95681864,0.9495126,0.96576095,0.95977545,0.9573139,0.9497113,0.95438683,0.9496159,0.9607099,0.8562225,0.9625576,0.91866845,0.95378673,0.9534976,0.9562582,0.9540098,0.95613587,0.9589856,0.95271415,0.9533445,0.9569874,0.93989307,0.9595321,0.9465197,0.9588797,0.9548871,0.9517092,0.9266364,0.95393765,0.9437718,0.95673114,0.9482738,0.95397943,0.9521122,0.94918036,0.9459229,0.9616207,0.954417,0.97545135,0.95629144,0.95906556,0.9452099,0.9529981,0.94924235,0.94034016,0.9360999,0.947604,0.9492636,0.9536706,0.9520451,0.95769626,0.9301669,0.94960535,0.9559212,0.95394987,0.9616376,0.9581432,0.95136905,0.97545135,0.9529688,0.9588772,0.95748544,0.9546448
abeautifuldaymovie,0.96798986,0.9520274,0.9999999,0.960091,0.9536409,0.9545645,0.97244567,0.96082,0.9804938,0.9643093,0.94819105,0.9635177,0.95944816,0.95377636,0.9600283,0.959488,0.96278864,0.9615339,0.96136796,0.9503387,0.96736866,0.9728565,0.9686807,0.96602196,0.9598016,0.9078704,0.95880926,0.96097475,0.9794897,0.96053994,0.9573466,0.958499,0.9534168,0.9658297,0.9428434,0.93121636,0.96677154,0.9568452,0.9593439,0.94564456,0.95567,0.9697072,0.95879537,0.966353,0.9615942,0.96302104,0.96640533,0.96370435,0.9536725,0.96916306,0.9794675,0.9717389,0.9545254,0.9537777,0.9585452,0.9482503,0.9500651,0.95693773,0.96266377,0.9683516,0.9603928,0.9640334,0.9605828,0.9624808,0.95763755,0.9544514,0.95114857,0.9641323,0.95173347,0.93492943,0.971236,0.858431,0.95073575,0.959509,0.96105754,0.9546652,0.9329449,0.9582736,0.95426995,0.9525621,0.9551307,0.96954787,0.9631549,0.9633607,0.9710015,0.95897746,0.9475448,0.9619866,0.9574357,0.9600424,0.9618494,0.971236,0.95579934,0.9623553,0.9764352,0.95187545,0.9534095,0.9510255,0.95499206,0.9585319,0.96410084,0.9622851,0.96306515,0.96702486,0.9592957,0.97679853,0.9583426,0.9603234,0.9711149,0.9683956,0.9667322,0.88446647,0.96330863,0.9235221,0.95456815,0.95730823,0.9684638,0.96065533,0.96382725,0.96451277,0.9521308,0.95861876,0.9641503,0.94929963,0.96254724,0.9584584,0.96116525,0.9613106,0.94942987,0.9397895,0.9669928,0.94403785,0.9555398,0.95148623,0.9628512,0.96393424,0.96207225,0.9565231,0.9679165,0.9611425,0.9804938,0.96308905,0.9597338,0.95758617,0.95609087,0.9572209,0.95129883,0.9464445,0.96273226,0.9584349,0.9645433,0.974386,0.9677624,0.94904727,0.95437187,0.9618727,0.9543315,0.9661246,0.9644437,0.9598902,0.9804938,0.95168173,0.9634739,0.9586359,0.9693099
abominablemovie,0.9496995,0.9421708,0.960091,1.0000005,0.9442305,0.9445508,0.9566694,0.95714736,0.97011924,0.9521644,0.93431485,0.94600165,0.95892906,0.95676607,0.9528496,0.9581143,0.95030296,0.95212036,0.9564461,0.9435121,0.95495343,0.9558835,0.9567849,0.94939315,0.94961226,0.8848429,0.94783294,0.9489887,0.9512931,0.94648874,0.9559755,0.9529422,0.94417167,0.94941276,0.95185804,0.93459046,0.9615539,0.95032483,0.9541083,0.945819,0.94566065,0.9608995,0.94278103,0.956013,0.9480336,0.9579732,0.9592696,0.94845617,0.93982404,0.95581424,0.95541614,0.96285015,0.950113,0.94669133,0.9521529,0.9423936,0.94185877,0.9524314,0.96138453,0.94888705,0.94935167,0.9653055,0.94906175,0.9528791,0.95209056,0.9470726,0.95068395,0.9538008,0.92925555,0.9281603,0.95647174,0.8353181,0.9380872,0.9462295,0.9554554,0.94532925,0.912613,0.9462698,0.95245564,0.9445923,0.9416278,0.9548138,0.9557294,0.9471016,0.9592614,0.9547673,0.94280964,0.9545364,0.9495721,0.95074797,0.95550114,0.95647174,0.9454255,0.94458336,0.95575726,0.9554807,0.9433784,0.94632864,0.9442041,0.9531521,0.95420647,0.95519596,0.94819665,0.95373005,0.95374286,0.9586844,0.9514565,0.9500578,0.96124154,0.954753,0.9555168,0.86433345,0.9518875,0.92936736,0.94644314,0.9488306,0.9514277,0.9497315,0.95433515,0.9462428,0.9462574,0.95059717,0.95328593,0.93535244,0.95774543,0.94850224,0.9581143,0.9578509,0.95344675,0.92692095,0.9468044,0.94932777,0.94623035,0.9379164,0.95294404,0.94899017,0.9379056,0.94784135,0.957004,0.94098264,0.97011924,0.94247746,0.94569814,0.9504525,0.94844264,0.95458305,0.9530744,0.9477174,0.95097595,0.93984187,0.94927293,0.95425594,0.9495163,0.93701833,0.9408349,0.9359487,0.94780374,0.95704323,0.944125,0.942771,0.97011924,0.94902766,0.94895846,0.95334744,0.94991016
adastramovie,0.95716345,0.94637555,0.9536409,0.9442305,1.0000002,0.9548706,0.9590702,0.9556078,0.9749512,0.96661115,0.9577315,0.94905484,0.95399785,0.9520935,0.9570234,0.9537277,0.9489102,0.9746734,0.9582253,0.9440554,0.9483898,0.9543444,0.9628465,0.9610769,0.9446424,0.89132327,0.9718981,0.9481841,0.9578506,0.9542133,0.9475031,0.9485693,0.95656466,0.9544055,0.9338196,0.908701,0.95935,0.952761,0.9519184,0.93413574,0.9501599,0.95752996,0.95178735,0.95238453,0.95415443,0.954009,0.9608339,0.9581308,0.9347788,0.95604944,0.9591288,0.9650301,0.95189434,0.9509142,0.93994945,0.96111614,0.9526267,0.9536387,0.951244,0.9597708,0.9541372,0.96052927,0.9526698,0.94749343,0.9486379,0.9518069,0.948541,0.953457,0.9506611,0.937011,0.96283937,0.82822055,0.946985,0.9529723,0.94951653,0.9414224,0.9259145,0.9482165,0.94537747,0.94988334,0.942076,0.95325226,0.96135795,0.93860257,0.95948356,0.9501549,0.9479776,0.95516,0.9468481,0.95761734,0.9537084,0.96283937,0.9478502,0.95940363,0.9562064,0.9423912,0.950464,0.95599896,0.9518045,0.94932127,0.95642453,0.94872326,0.96101063,0.95367247,0.9572296,0.9656379,0.9586834,0.95814836,0.9579041,0.95205885,0.9599295,0.8763914,0.95587623,0.90962994,0.9488613,0.9581332,0.95878124,0.9490521,0.9555455,0.9465778,0.95015216,0.95195687,0.95041597,0.9560941,0.9474108,0.9500851,0.94878775,0.9569325,0.9689152,0.93823093,0.9564524,0.9678502,0.952653,0.9379792,0.95246595,0.95584506,0.9494936,0.9525039,0.9634877,0.9518799,0.9749512,0.95172477,0.9520303,0.94560456,0.9510816,0.94909185,0.94617796,0.9406574,0.9551578,0.9543881,0.9571261,0.9541751,0.95327973,0.9368705,0.94203854,0.95877624,0.9593974,0.9626235,0.9553465,0.9543426,0.9749512,0.95427305,0.9558155,0.963127,0.9531899
adogsjourneymovie,0.95771605,0.9456591,0.9545645,0.9445508,0.9548706,0.99999994,0.9663323,0.9634177,0.97554004,0.9542957,0.94884956,0.96073234,0.94926035,0.9541092,0.95362,0.9552605,0.955165,0.9578208,0.9545249,0.95424753,0.95119864,0.9647706,0.9672948,0.95675045,0.94634414,0.899145,0.942156,0.9504362,0.95604515,0.95483285,0.9573527,0.9495475,0.9597364,0.9485515,0.9423629,0.9200268,0.9614944,0.9413927,0.95567155,0.9441819,0.9565,0.9582326,0.9563009,0.9530936,0.9646499,0.9511548,0.9686002,0.9519244,0.94619673,0.9556101,0.95748526,0.9674494,0.9631074,0.95248157,0.9401393,0.957275,0.946714,0.95313877,0.96240014,0.96247816,0.95360184,0.95965534,0.956666,0.95283014,0.95047414,0.94928664,0.9450654,0.95857066,0.94566685,0.9439843,0.96539724,0.83654314,0.9532984,0.9557433,0.95198584,0.94964296,0.9186245,0.9513102,0.9523076,0.96078163,0.9447814,0.9509029,0.9625571,0.94501287,0.95505035,0.9522213,0.95436996,0.9630139,0.9513052,0.9563229,0.9548489,0.96539724,0.94226366,0.95579547,0.96006393,0.9406749,0.9533108,0.95499665,0.96344936,0.946012,0.9545308,0.9581919,0.95848155,0.9594263,0.9540605,0.9603921,0.9507686,0.95744866,0.9546626,0.9530196,0.96068805,0.86540794,0.96256053,0.92916244,0.94439495,0.95877564,0.9587617,0.9590154,0.95791745,0.95762473,0.9513915,0.95852995,0.9520292,0.9730995,0.95991683,0.95857185,0.9614768,0.9508419,0.9494191,0.94126034,0.9559969,0.946822,0.9594439,0.9451384,0.9543198,0.9587921,0.9465211,0.9562297,0.9662857,0.95486104,0.97554004,0.95810986,0.95338184,0.94972897,0.9572813,0.95471036,0.95190436,0.94980925,0.9548202,0.95362526,0.96388775,0.9504943,0.957221,0.9350003,0.94546175,0.9579505,0.9647654,0.964074,0.9582132,0.95715725,0.97554004,0.9530432,0.9649282,0.96916735,0.9547154
aftermathmovie,0.97456753,0.96152276,0.97244567,0.9566694,0.9590702,0.9663323,0.99999976,0.9611958,0.986178,0.9655079,0.9586507,0.9618233,0.96825516,0.96815306,0.9650498,0.9703578,0.96490073,0.96147686,0.9742481,0.96456355,0.96684533,0.97172207,0.9741771,0.96777856,0.9608984,0.9151251,0.9562523,0.9658066,0.97209555,0.95767605,0.9643966,0.96082926,0.9622264,0.9650567,0.9507372,0.9416443,0.9674659,0.96236634,0.9658416,0.9500305,0.9637884,0.9753128,0.9638633,0.9655403,0.9682134,0.9683981,0.97179157,0.96210426,0.9568269,0.9674196,0.97877765,0.9749839,0.96015245,0.95411867,0.95416534,0.95608276,0.95727825,0.96904385,0.9634874,0.9696002,0.96742976,0.9696429,0.96249175,0.9692473,0.9651822,0.9633899,0.95835924,0.9695813,0.960197,0.94903225,0.9746342,0.8541107,0.958978,0.96612114,0.9627763,0.94569,0.9300913,0.9611006,0.963495,0.9641421,0.9647193,0.97795,0.9739486,0.960622,0.9710181,0.9628396,0.9605822,0.9684145,0.958179,0.96480787,0.96239394,0.9746342,0.9535802,0.9649494,0.97329813,0.95744264,0.9592407,0.9573798,0.97733283,0.96563315,0.9696273,0.96958125,0.9651274,0.9683392,0.9669814,0.9780755,0.9657258,0.9646889,0.9706621,0.9647759,0.9733006,0.8972926,0.9710143,0.93516445,0.96183884,0.96665573,0.9731576,0.97334164,0.97621197,0.9904768,0.9627915,0.96598744,0.9637449,0.9648565,0.9600654,0.96994615,0.9700969,0.9670916,0.9578477,0.9483955,0.96543187,0.9489406,0.9641653,0.96341,0.9716568,0.96405554,0.96431226,0.9630267,0.97244275,0.96666193,0.986178,0.96111494,0.9645766,0.9619709,0.9633225,0.95966077,0.95215327,0.95072347,0.9617761,0.95913124,0.9854111,0.96425414,0.9729159,0.94880086,0.9627243,0.96893007,0.9724607,0.9752922,0.96833104,0.9674495,0.986178,0.9611696,0.9720053,0.97118765,0.9737916
aftermovie,0.95576906,0.9574183,0.96082,0.95714736,0.9556078,0.9634177,0.9611958,0.9999999,0.97981423,0.9627224,0.9513836,0.9534483,0.9551662,0.9627046,0.9658667,0.96149707,0.96781355,0.957358,0.96316695,0.9576463,0.95681226,0.9650262,0.9698216,0.96370244,0.9559503,0.8864093,0.954825,0.96059877,0.95971197,0.94998837,0.96478933,0.96212924,0.9514383,0.9493862,0.94441146,0.92489606,0.9661165,0.9437387,0.97031087,0.94614416,0.9614243,0.96504104,0.95582026,0.95807374,0.96098566,0.95979315,0.96854144,0.9528263,0.95521283,0.9610596,0.9619182,0.9703273,0.9585321,0.95915467,0.95128065,0.9596064,0.95017487,0.96320456,0.9685279,0.9634234,0.9633468,0.9658206,0.9606427,0.96046036,0.9632153,0.9591369,0.95823085,0.95658755,0.95266193,0.9455759,0.9695078,0.8513091,0.9550232,0.9549143,0.9564079,0.95675236,0.9163741,0.95370436,0.95883274,0.9618606,0.9499866,0.9527486,0.9696082,0.9547353,0.96139073,0.962489,0.95149565,0.9608438,0.9547786,0.96639794,0.96202135,0.9695078,0.96163255,0.9623468,0.9634652,0.9568764,0.9640412,0.9585903,0.95846975,0.9586919,0.9597992,0.96105856,0.9613551,0.9560944,0.9544528,0.96651524,0.9567458,0.9642982,0.96445745,0.9611431,0.9680433,0.86304176,0.97314113,0.9234254,0.9576641,0.9578415,0.95834625,0.9591468,0.9596555,0.9524789,0.9605116,0.9630805,0.9599082,0.94805336,0.9669893,0.96004444,0.961738,0.95645,0.9605631,0.93654066,0.95680505,0.95410436,0.96325547,0.9442657,0.96110356,0.95853186,0.94549257,0.96293825,0.9669019,0.94950783,0.97981423,0.95975596,0.95804566,0.95757663,0.9586466,0.96113807,0.9461984,0.95244586,0.96286464,0.95020664,0.9651364,0.9585254,0.95855093,0.93060374,0.9506871,0.9556405,0.96114993,0.9688516,0.9722042,0.9633294,0.97981423,0.9568268,0.96861833,0.96444553,0.9559183
ahiddenlifefilm,0.9810857,0.97545135,0.9804938,0.97011924,0.9749512,0.97554004,0.986178,0.97981423,1.0,0.97968847,0.9726303,0.97018,0.9798379,0.9812893,0.9792036,0.9817004,0.9762313,0.97754735,0.9804133,0.97291833,0.9748579,0.9811465,0.9849871,0.9793317,0.9724109,0.9156941,0.97252834,0.9735332,0.97881603,0.9728672,0.97325927,0.9770189,0.97280395,0.9742206,0.9631294,0.945012,0.9833111,0.9751436,0.98149675,0.96351606,0.9747296,0.9837557,0.97294426,0.9786621,0.9824405,0.9787627,0.98344463,0.97770756,0.9699334,0.9800124,0.98262185,0.98930436,0.975381,0.9736078,0.9679444,0.9731555,0.9717822,0.9807625,0.97715795,0.9830471,0.9781897,0.97991544,0.97984076,0.9803179,0.97654533,0.9762356,0.9721029,0.9813328,0.97337663,0.96185166,0.9867971,0.85915065,0.9722758,0.9755493,0.97427416,0.967906,0.9452198,0.97795224,0.9752247,0.9767319,0.972958,0.97885895,0.9850722,0.9750737,0.9807108,0.97448987,0.96936554,0.9815956,0.9743282,0.97812366,0.9773939,0.9867971,0.97432625,0.9795589,0.9818974,0.97075576,0.9740115,0.97327363,0.9765445,0.97690207,0.98095167,0.9750167,0.9770988,0.9801039,0.976927,0.9847866,0.9756905,0.9797601,0.9834965,0.9789141,0.981774,0.8923119,0.9838269,0.9445057,0.97517574,0.9818635,0.9843584,0.9792485,0.9812649,0.97850955,0.9762824,0.9816461,0.980199,0.9719867,0.9771296,0.9768148,0.9800571,0.9784404,0.9752998,0.9539011,0.97728884,0.9689811,0.9762379,0.97050107,0.97936773,0.9768197,0.9750009,0.97891814,0.98617303,0.97387546,1.0,0.9767516,0.97585195,0.97576237,0.97671765,0.97435594,0.9680815,0.9667754,0.9764379,0.97377044,0.9816546,0.97480077,0.98132807,0.95843315,0.97034967,0.97832304,0.9807552,0.98194987,0.9813984,0.978977,1.0,0.9731896,0.98408324,0.98174596,0.9763915
alitamovie,0.9645335,0.9585996,0.9643093,0.9521644,0.96661115,0.9542957,0.9655079,0.9627224,0.97968847,1.0,0.9531222,0.94987476,0.9593574,0.96450865,0.9646573,0.9608926,0.9599304,0.966594,0.9622614,0.95012087,0.95366454,0.96300364,0.9697556,0.9621242,0.9520216,0.90158826,0.96246094,0.9559649,0.9585259,0.95779383,0.9553505,0.96085906,0.95678884,0.9532915,0.9460492,0.9209469,0.9640861,0.9540059,0.9689616,0.9442751,0.9613671,0.9618871,0.95752436,0.9630332,0.9646423,0.9625868,0.9672045,0.96149707,0.948415,0.9634562,0.96343476,0.9695605,0.96298957,0.9544496,0.94664204,0.96298397,0.9496818,0.95949334,0.9630852,0.9638201,0.962341,0.96454346,0.95920306,0.956069,0.95918506,0.95796454,0.9600659,0.961271,0.9577641,0.9400446,0.9717457,0.8353384,0.9531907,0.9548221,0.95470375,0.9558691,0.9321838,0.9594971,0.9557008,0.9572,0.9503966,0.95934063,0.96759665,0.955884,0.96178097,0.95519006,0.9529859,0.95777225,0.95651215,0.9573473,0.9621471,0.9717457,0.9560089,0.9614218,0.9659622,0.9542826,0.9574011,0.9531286,0.95810676,0.9652618,0.9614312,0.95489323,0.9581564,0.9589018,0.96900624,0.9655524,0.9546118,0.9627456,0.95986205,0.96444595,0.9623773,0.86733556,0.96882606,0.925425,0.95763314,0.9596601,0.9648276,0.9568777,0.95657647,0.95493823,0.9606089,0.96081907,0.9623329,0.94877416,0.9626377,0.96165776,0.9587501,0.9549668,0.9685901,0.93740183,0.957829,0.9609018,0.9575405,0.9477807,0.963741,0.96275234,0.961081,0.9556862,0.96713024,0.95841324,0.97968847,0.95436835,0.9635932,0.9581388,0.95320415,0.95079833,0.9431583,0.9493044,0.96100324,0.9521343,0.96634495,0.96567845,0.96511096,0.93896216,0.94961125,0.9668092,0.9585818,0.9658364,0.9609778,0.9600284,0.97968847,0.9555403,0.9656142,0.963434,0.9554466
angelhasfallen,0.9564197,0.9421174,0.94819105,0.93431485,0.9577315,0.94884956,0.9586507,0.9513836,0.9726303,0.9531222,0.9999997,0.93772846,0.9583749,0.9558038,0.95229846,0.9474851,0.9442247,0.96037745,0.95877516,0.9455626,0.9513774,0.95032704,0.9562447,0.9569108,0.9425979,0.8860994,0.9503065,0.941261,0.9417027,0.9471678,0.9432577,0.95710695,0.9462967,0.94252414,0.9288622,0.9012763,0.95401025,0.9528286,0.9588182,0.9381802,0.9561147,0.9574023,0.95569235,0.95230615,0.95328104,0.9480839,0.9515302,0.95196867,0.9417011,0.95282835,0.9471199,0.9718257,0.94609576,0.95377475,0.94320816,0.9501714,0.9422293,0.94894195,0.95258915,0.9513731,0.96306163,0.9528571,0.94636947,0.95519984,0.95306724,0.9545144,0.95436335,0.9610341,0.9698819,0.9331228,0.9570971,0.8242947,0.9405152,0.94301224,0.94143957,0.9512537,0.91727227,0.95123225,0.94856983,0.9544116,0.9549581,0.958873,0.9576408,0.94402283,0.9469821,0.9409417,0.9570287,0.9509838,0.9477667,0.95901626,0.95640826,0.9570971,0.94680095,0.96194726,0.9531354,0.94703704,0.9618232,0.9439512,0.9515449,0.9483448,0.9506107,0.9444315,0.9490982,0.9525358,0.9507153,0.9520857,0.9502161,0.9598415,0.95535076,0.9539704,0.95212317,0.8556894,0.95358026,0.89959264,0.9466292,0.9654082,0.95554376,0.9532197,0.9578747,0.95172745,0.9565543,0.9581045,0.9493979,0.9489882,0.9450424,0.95596063,0.9460055,0.9442985,0.95226353,0.9275201,0.955307,0.94491035,0.944199,0.93734306,0.9467901,0.9541609,0.94888246,0.96446985,0.9600211,0.95079666,0.9726303,0.9412954,0.94286877,0.9529331,0.94966924,0.95332235,0.93448395,0.93871796,0.9538417,0.9421539,0.959345,0.95245194,0.94591635,0.92198986,0.9411798,0.95533484,0.94967264,0.9535019,0.9529434,0.95354474,0.9726303,0.943332,0.9586873,0.94851017,0.9421125
angrybirdsmovie,0.9532628,0.94692713,0.9635177,0.94600165,0.94905484,0.96073234,0.9618233,0.9534483,0.97018,0.94987476,0.93772846,1.0000002,0.9536601,0.94568753,0.9528616,0.9486269,0.9528942,0.9498654,0.95373803,0.9454794,0.9443338,0.9575687,0.9574012,0.95619863,0.9418821,0.88866425,0.93916667,0.9491718,0.9584837,0.96088004,0.95015585,0.939448,0.9464599,0.95809275,0.93756163,0.92139596,0.95409817,0.94082093,0.9535724,0.92940485,0.9441366,0.9618654,0.95364064,0.9579594,0.94926095,0.9469008,0.9594345,0.9565599,0.9414372,0.9567631,0.964914,0.9576162,0.9431777,0.94825524,0.9408429,0.9440408,0.936322,0.94970316,0.94996876,0.9504853,0.95068085,0.9515071,0.9499055,0.9507567,0.94759184,0.9438215,0.9458332,0.9523238,0.9395439,0.9357074,0.95186126,0.8484908,0.94097626,0.95000434,0.95285994,0.9339258,0.9269552,0.94784147,0.95141256,0.9457919,0.94206935,0.9572827,0.96383214,0.9473958,0.9609058,0.94824284,0.9390123,0.9600603,0.9438465,0.95562446,0.9486312,0.95186126,0.9466764,0.9457056,0.96246696,0.9410575,0.9408499,0.93755877,0.9571733,0.9426624,0.9514906,0.94746727,0.9510841,0.95008606,0.9540519,0.96631145,0.9516642,0.94948363,0.9543949,0.9551742,0.95729524,0.8709449,0.9508751,0.91908574,0.936659,0.94359076,0.9536031,0.9535747,0.95156264,0.95556587,0.9478002,0.9460343,0.955458,0.96715355,0.9556145,0.9468274,0.9553349,0.95116585,0.9457203,0.93659645,0.9515935,0.9415353,0.94391805,0.9359653,0.9464706,0.9526819,0.94595236,0.94617736,0.9611117,0.9483052,0.97018,0.95177096,0.9521758,0.9561641,0.96048903,0.94052947,0.9478984,0.94415796,0.94745487,0.9513152,0.96063983,0.9534869,0.9494574,0.93125004,0.93991834,0.94881845,0.9487591,0.9576949,0.9513794,0.93797123,0.97018,0.95194024,0.95992357,0.95301294,0.9614261
annabellemovie,0.9620694,0.9526713,0.95944816,0.95892906,0.95399785,0.94926035,0.96825516,0.9551662,0.9798379,0.9593574,0.9583749,0.9536601,0.9999999,0.9648215,0.9581762,0.96211386,0.9632229,0.9623572,0.95966125,0.9530907,0.9576145,0.9631474,0.96382874,0.9569094,0.9564777,0.8872282,0.95508015,0.9588887,0.959116,0.96004534,0.9502499,0.9696709,0.95508677,0.9567113,0.9457669,0.9216772,0.9659754,0.9692046,0.9612622,0.9451335,0.95522386,0.9645917,0.95606565,0.9647122,0.96316427,0.9626012,0.96476966,0.9623133,0.9484267,0.9621008,0.96822506,0.97219276,0.9594174,0.9601647,0.9535683,0.9531788,0.9551523,0.95588994,0.9575723,0.95849895,0.96881366,0.96819115,0.9624733,0.96705973,0.96242005,0.96040857,0.95750034,0.9680875,0.9570762,0.9394584,0.96492094,0.8329536,0.9525394,0.9532084,0.95606846,0.94911677,0.9256854,0.96583843,0.9635906,0.9601745,0.9587105,0.9631857,0.97430205,0.9581376,0.9687581,0.94576514,0.954744,0.98260355,0.95847946,0.96220255,0.963577,0.96492094,0.95777005,0.9570085,0.9708095,0.9521149,0.9527212,0.9584539,0.9633138,0.955281,0.9652026,0.9570591,0.956458,0.9645314,0.9575627,0.9702263,0.95708424,0.9617688,0.9642622,0.9584295,0.96713567,0.88451934,0.9601441,0.9203183,0.9618701,0.9645036,0.9649256,0.9619804,0.9634608,0.9605633,0.9673191,0.9608882,0.9696239,0.95687985,0.9544958,0.95849323,0.97108376,0.9628901,0.95735675,0.9426504,0.95417714,0.95039594,0.9535466,0.9477333,0.9570559,0.96016514,0.9520014,0.95816344,0.9654694,0.959476,0.9798379,0.95926476,0.95961565,0.9594167,0.9574253,0.9568804,0.94864845,0.9492494,0.96179247,0.950954,0.9652274,0.9566583,0.96531004,0.9440926,0.9532507,0.9534267,0.9592535,0.96098125,0.95734113,0.95431894,0.9798379,0.951739,0.97035223,0.96111023,0.96160245
annamovie,0.9615837,0.95800453,0.95377636,0.95676607,0.9520935,0.9541092,0.96815306,0.9627046,0.9812893,0.96450865,0.9558038,0.94568753,0.9648215,1.0000002,0.96604943,0.963937,0.95632327,0.96000224,0.96402025,0.95753545,0.9611635,0.957289,0.96826035,0.96105814,0.9546948,0.88516074,0.9546715,0.9595563,0.9501374,0.95828223,0.95955074,0.9581567,0.9533874,0.94785327,0.9440122,0.93126565,0.9680209,0.9586935,0.9694292,0.94968545,0.96486104,0.9665615,0.95854545,0.96497667,0.96922874,0.9571728,0.9667942,0.96114784,0.9549261,0.9615878,0.9569137,0.9731589,0.95459986,0.9563094,0.9536943,0.9580643,0.9549856,0.96577066,0.96325725,0.96010494,0.96460205,0.9620368,0.96337545,0.97305596,0.9597597,0.959747,0.9599264,0.96431315,0.96120036,0.9496251,0.9653428,0.84498924,0.94909745,0.9612782,0.95392495,0.947777,0.9244068,0.9589722,0.96132725,0.96317756,0.958133,0.95945406,0.9720292,0.9559695,0.96080697,0.9547843,0.9586748,0.96094245,0.9608248,0.9628593,0.95876193,0.9653428,0.9568035,0.9603726,0.9580876,0.95753527,0.957815,0.9531583,0.95585537,0.9772796,0.96521646,0.9538935,0.9574236,0.9626838,0.97181576,0.9595614,0.961801,0.9679619,0.9653596,0.95851034,0.9640297,0.85246795,0.96903384,0.9316045,0.96003056,0.9659126,0.9658314,0.9661302,0.9653944,0.96043515,0.96394837,0.97068304,0.96166515,0.946936,0.9602972,0.96509844,0.9614332,0.9618983,0.9618268,0.9332975,0.9580043,0.95079017,0.95849574,0.9558931,0.96408296,0.960752,0.9619942,0.96598756,0.9667938,0.9575996,0.9812893,0.9588472,0.9585909,0.9663989,0.95972997,0.96082544,0.9454273,0.94971114,0.9666482,0.9500237,0.9646799,0.95422626,0.96145606,0.93113333,0.9571736,0.9599093,0.9693621,0.96367586,0.963108,0.9635688,0.9812893,0.96019787,0.9706078,0.9700008,0.95244074
apollo11movie,0.956935,0.9623413,0.9600283,0.9528496,0.9570234,0.95362,0.9650498,0.9658667,0.9792036,0.9646573,0.95229846,0.9528616,0.9581762,0.96604943,1.0,0.9655866,0.96082324,0.9584374,0.9660557,0.96970046,0.9526503,0.95956314,0.97087634,0.96884245,0.94993025,0.8930965,0.95491797,0.9614286,0.955988,0.9544269,0.96592444,0.95772016,0.9544634,0.95394284,0.9448818,0.92987955,0.96375245,0.9445141,0.9667462,0.95344734,0.96328866,0.9605116,0.95251137,0.95655423,0.9571027,0.96104443,0.96798617,0.95484257,0.9507572,0.9577861,0.9617389,0.9690141,0.9568359,0.9584481,0.9504437,0.9579241,0.95239466,0.9605399,0.95835894,0.96159667,0.9617697,0.9617363,0.9591621,0.9608857,0.96456885,0.95155275,0.9590515,0.96450573,0.9546436,0.9340474,0.96528584,0.8253261,0.94915223,0.96183825,0.95820063,0.9475843,0.9240675,0.9585021,0.9595147,0.9581952,0.95100015,0.9577479,0.96855056,0.9603164,0.96099925,0.9600011,0.9421947,0.95981246,0.95462286,0.95978546,0.9561952,0.96528584,0.9568208,0.95952153,0.963504,0.96979654,0.9599339,0.951832,0.9561895,0.9603257,0.95923537,0.95604146,0.9634902,0.95960474,0.96215975,0.96460384,0.95984,0.9596081,0.96277213,0.9659163,0.96339315,0.86877245,0.968018,0.9280758,0.9560958,0.9587405,0.9588739,0.9587149,0.9656093,0.95794225,0.9530119,0.9606758,0.96137744,0.9519235,0.96675867,0.9575509,0.96201843,0.9631156,0.9567558,0.93257815,0.95539165,0.95160806,0.961488,0.9493117,0.9572031,0.9565638,0.9518332,0.95998406,0.96739024,0.9564257,0.9792036,0.9568003,0.9576537,0.95963395,0.9525249,0.95531034,0.9528646,0.94640386,0.9578606,0.9514731,0.9626573,0.9549889,0.9603061,0.93597275,0.94651216,0.9578251,0.9598909,0.9569806,0.9628069,0.95928776,0.9792036,0.95925164,0.9657449,0.95805943,0.9564173
arcticdogsmovie,0.95993006,0.9653535,0.959488,0.9581143,0.9537277,0.9552605,0.9703578,0.96149707,0.9817004,0.9608926,0.9474851,0.9486269,0.96211386,0.963937,0.9655866,1.0,0.9574964,0.9587683,0.9568485,0.9584056,0.95290756,0.9696865,0.9718123,0.96064395,0.9569255,0.89931655,0.95184416,0.95559067,0.96572053,0.94919926,0.9556602,0.9625852,0.9559141,0.960096,0.94722366,0.9299349,0.96620744,0.95970404,0.96273863,0.95312583,0.95649767,0.96157616,0.9541665,0.95584905,0.96426874,0.9633907,0.96811426,0.9605734,0.94984406,0.95701677,0.9665772,0.97025836,0.9609028,0.9569086,0.95327574,0.9545294,0.961804,0.9634521,0.95785064,0.96647274,0.9561093,0.96937233,0.963075,0.96089554,0.9673459,0.9649871,0.9499336,0.96606934,0.94907135,0.938062,0.97426885,0.83228195,0.95117456,0.95728785,0.96048766,0.9507748,0.92817897,0.96648234,0.9587705,0.9574568,0.95446193,0.9645697,0.9667883,0.9591725,0.9646697,0.9607896,0.94910216,0.9638828,0.95659715,0.96173805,0.96573925,0.97426885,0.9540898,0.9580112,0.9638768,0.9584625,0.9534996,0.95525366,0.95657986,0.96469855,0.96425706,0.96136236,0.9662646,0.9668449,0.9586571,0.9662526,0.9577674,0.9630705,0.97358644,0.9625584,0.9657447,0.871534,0.9692541,0.9248939,0.95931643,0.9631351,0.96654326,0.9615979,0.9606881,0.9621717,0.9584348,0.9625325,0.96116155,0.94810516,0.9616237,0.9562745,0.96901685,0.9668646,0.9555794,0.93619025,0.95707697,0.9515666,0.9642406,0.953026,0.9664336,0.9538568,0.9541869,0.9620004,0.97325283,0.952407,0.9817004,0.9661803,0.96238047,0.9552266,0.9619255,0.96288013,0.95022225,0.9519543,0.9575815,0.9606115,0.9602541,0.9551943,0.9608115,0.94177365,0.95842415,0.9600553,0.964741,0.9709836,0.9608108,0.9630127,0.9817004,0.95708203,0.96629715,0.96706134,0.9627181
arcticmovie,0.9602531,0.9530437,0.96278864,0.95030296,0.9489102,0.955165,0.96490073,0.96781355,0.9762313,0.9599304,0.9442247,0.9528942,0.9632229,0.95632327,0.96082324,0.9574964,0.99999994,0.9559411,0.95742196,0.9535339,0.9559061,0.9619885,0.96565104,0.96045405,0.9653582,0.87700486,0.9505442,0.97524303,0.9626564,0.9583975,0.9519881,0.9636705,0.9456235,0.951104,0.9488897,0.92426825,0.96260995,0.9538156,0.9555422,0.9522452,0.9570004,0.9612955,0.951167,0.95694685,0.96049356,0.9528463,0.96726686,0.9623867,0.95463103,0.9618,0.96835,0.9677693,0.95674866,0.95760536,0.94622886,0.9534462,0.95252997,0.9563841,0.9600622,0.9581305,0.9575033,0.9599006,0.9579668,0.95629245,0.95652467,0.9495589,0.9524707,0.955955,0.9484598,0.93856394,0.9657991,0.8319525,0.9548626,0.95531136,0.95945495,0.9468944,0.909269,0.95404524,0.9596373,0.96184367,0.9511578,0.9549862,0.9634775,0.9584658,0.9586374,0.9562382,0.95186764,0.96680135,0.95308125,0.95765644,0.95971066,0.9657991,0.95433545,0.9523431,0.97043294,0.9544826,0.9556293,0.9529082,0.9612721,0.95285934,0.95493525,0.9582599,0.9603496,0.9637317,0.9477343,0.96975297,0.9584298,0.95382917,0.9654599,0.9583663,0.9673479,0.8792404,0.9627829,0.9202461,0.9539397,0.9577404,0.9602462,0.9553974,0.9614845,0.9582253,0.95398885,0.95435816,0.96496636,0.94572127,0.9629172,0.95583993,0.96798325,0.95726615,0.9436842,0.93736345,0.951027,0.9424921,0.97828704,0.95182973,0.9573465,0.9614318,0.94721794,0.95187,0.9602877,0.95624286,0.9762313,0.96085095,0.95410246,0.95416063,0.952507,0.95891124,0.9478166,0.95380723,0.9552858,0.9531178,0.9592507,0.95031244,0.96438694,0.94303066,0.9523983,0.95265836,0.9551272,0.9588035,0.9637839,0.9567437,0.9762313,0.95392275,0.9667807,0.95961314,0.9601642
artofracingmovie,0.9627519,0.9465687,0.9615339,0.95212036,0.9746734,0.9578208,0.96147686,0.957358,0.97754735,0.966594,0.96037745,0.9498654,0.9623572,0.96000224,0.9584374,0.9587683,0.9559411,0.9999999,0.96185136,0.9486615,0.96208566,0.9630289,0.96379375,0.96648645,0.94896775,0.88601696,0.96592784,0.9584709,0.95654446,0.95840406,0.95104724,0.9565921,0.96116173,0.96163225,0.9414538,0.9116976,0.95827085,0.9605718,0.9585139,0.9405055,0.9577166,0.96428126,0.9587492,0.9562966,0.95982206,0.9539129,0.96268874,0.9631693,0.9417496,0.96010774,0.9585606,0.965858,0.95167965,0.9589045,0.9495795,0.96713793,0.9552966,0.9523058,0.95721,0.9591922,0.963127,0.9614512,0.9541624,0.9577315,0.95296216,0.95674735,0.95543903,0.95922637,0.950967,0.93538225,0.9660318,0.8289381,0.9428404,0.957865,0.9528493,0.95328087,0.9243909,0.9576335,0.9511964,0.9603212,0.9522488,0.9613582,0.963871,0.94304276,0.95796293,0.95480573,0.9527998,0.9619183,0.9500626,0.9578385,0.9617059,0.9660318,0.94391614,0.9552068,0.95955426,0.9471006,0.9511519,0.9591121,0.9561088,0.95577365,0.9538803,0.9535835,0.96092576,0.9586191,0.9574388,0.96610224,0.9563177,0.9653429,0.9622328,0.9572429,0.9586587,0.862835,0.9605952,0.91458684,0.9534689,0.9658202,0.9660194,0.9534574,0.9591655,0.9501368,0.9531996,0.95517087,0.95999867,0.9520971,0.951257,0.9535917,0.9594481,0.9575189,0.96568847,0.9400428,0.96106386,0.95897824,0.9526644,0.93714267,0.9569221,0.96126574,0.9586643,0.95416194,0.9617467,0.9651395,0.97754735,0.9552068,0.9536889,0.9560936,0.9536796,0.95148236,0.9523625,0.9499286,0.963784,0.9593332,0.9612649,0.961253,0.9609918,0.9387208,0.9506629,0.9592893,0.95216966,0.9613193,0.9547783,0.9579498,0.97754735,0.9561911,0.9618743,0.96068877,0.9564289
avengers,0.9783066,0.9531198,0.96136796,0.9564461,0.9582253,0.9545249,0.9742481,0.96316695,0.9804133,0.9622614,0.95877516,0.95373803,0.95966125,0.96402025,0.9660557,0.9568485,0.95742196,0.96185136,1.0000001,0.95774084,0.95554984,0.95691115,0.96514153,0.965232,0.9564614,0.88882554,0.9636374,0.95469093,0.95455354,0.9531854,0.9783354,0.964485,0.95622176,0.9475545,0.9468031,0.92714065,0.9653899,0.9562136,0.9665673,0.95082974,0.95999944,0.9629838,0.9568908,0.9599825,0.9600868,0.9665438,0.96418655,0.9556386,0.95407844,0.9621657,0.960513,0.9730599,0.95507604,0.95576584,0.9587513,0.9614399,0.94787073,0.96496207,0.9586577,0.96581644,0.963039,0.9643563,0.9562099,0.96222997,0.96662456,0.9537259,0.95590836,0.9672653,0.95805204,0.9351745,0.9707617,0.8471597,0.9523058,0.95448303,0.951471,0.94546145,0.91920733,0.95199656,0.95535725,0.95909804,0.95525366,0.96041083,0.9635836,0.95206773,0.95671004,0.9632167,0.9507794,0.9591858,0.95656264,0.9649439,0.96018916,0.9707617,0.9615427,0.96099657,0.96364486,0.9589513,0.95815134,0.95451736,0.957091,0.9530858,0.9621425,0.9597496,0.9539261,0.9622693,0.96110183,0.9623225,0.965659,0.9609041,0.9665795,0.96437246,0.9690663,0.88136387,0.9674822,0.92134994,0.95888186,0.96830106,0.9691934,0.9582325,0.9702394,0.9695802,0.9560129,0.96254385,0.96224135,0.9544142,0.9604045,0.9637836,0.9633805,0.96692044,0.95860577,0.9439889,0.9552641,0.95009816,0.95560795,0.94952613,0.9625858,0.9615958,0.9598657,0.9632852,0.96985984,0.9545815,0.9804133,0.94899666,0.9527925,0.96134716,0.95413834,0.95651066,0.95107317,0.9451351,0.9598574,0.9543345,0.9732106,0.9644696,0.96687484,0.9452784,0.9529616,0.96386343,0.95853436,0.9683594,0.96097827,0.96120524,0.9804133,0.96361446,0.9663455,0.9637807,0.95283115
beachbummovie,0.95310986,0.9481946,0.9503387,0.9435121,0.9440554,0.95424753,0.96456355,0.9576463,0.97291833,0.95012087,0.9455626,0.9454794,0.9530907,0.95753545,0.96970046,0.9584056,0.9535339,0.9486615,0.95774084,1.0,0.94324106,0.9649227,0.9665702,0.9618448,0.9490425,0.8900377,0.9372099,0.9495231,0.95122916,0.9496019,0.95114547,0.9424415,0.9543089,0.95152164,0.9381638,0.92507845,0.95239955,0.94242656,0.95301634,0.9417733,0.9503014,0.9592017,0.9443211,0.94869643,0.9569132,0.9562194,0.9633391,0.9479907,0.93766034,0.9488134,0.9585509,0.96350026,0.95737076,0.94234496,0.94696623,0.9535969,0.94453883,0.9592972,0.948749,0.9613619,0.9525626,0.961174,0.9587484,0.9594626,0.94865024,0.9508244,0.93816316,0.9567485,0.94684345,0.9494422,0.9621894,0.840393,0.95181036,0.9514779,0.9571325,0.9487557,0.90859884,0.94956356,0.95683515,0.951155,0.9574711,0.9473743,0.95893407,0.9495122,0.95434606,0.9519739,0.9423684,0.9583445,0.95019495,0.95496434,0.9597378,0.9621894,0.9478625,0.9524366,0.9566184,0.9536819,0.9588837,0.95879835,0.95235324,0.9470911,0.956531,0.96269584,0.95380104,0.9556691,0.9459612,0.9588902,0.9455104,0.9546412,0.9574023,0.95092344,0.96038157,0.855367,0.95947635,0.92026037,0.9467079,0.9538242,0.9553768,0.9662324,0.9701771,0.9577427,0.94599104,0.95284396,0.9575668,0.9503509,0.9548827,0.9488436,0.9559378,0.9506534,0.94808924,0.9241718,0.9467158,0.9371872,0.95341945,0.9484387,0.9563942,0.9556343,0.94958776,0.9564559,0.9617414,0.95738083,0.97291833,0.94927984,0.95129424,0.95485574,0.94399565,0.94923776,0.9390702,0.9371364,0.9546254,0.94865805,0.9622059,0.9377437,0.95101446,0.93206763,0.94891024,0.9487358,0.96409,0.952416,0.95297366,0.9523658,0.97291833,0.9459651,0.963993,0.9572734,0.9555188
bernadettefilm,0.96377057,0.9462315,0.96736866,0.95495343,0.9483898,0.95119864,0.96684533,0.95681226,0.9748579,0.95366454,0.9513774,0.9443338,0.9576145,0.9611635,0.9526503,0.95290756,0.9559061,0.96208566,0.95554984,0.94324106,0.9999998,0.9607006,0.9585746,0.962211,0.95262784,0.893854,0.9533788,0.95668846,0.96380293,0.9573689,0.95143306,0.952423,0.94259185,0.95584303,0.9278829,0.9198165,0.9643848,0.95407915,0.9534902,0.9426781,0.95497626,0.9616051,0.95079684,0.95562834,0.9565869,0.9571606,0.95556545,0.9531999,0.94718176,0.95856845,0.96447307,0.96448296,0.94422543,0.9535288,0.9453161,0.9431979,0.94444525,0.9512476,0.967585,0.9551897,0.96175414,0.9610925,0.94884557,0.96033144,0.95110077,0.9493011,0.95668185,0.95260996,0.95028824,0.93647754,0.96102977,0.8370718,0.9472559,0.9597802,0.9448337,0.94667804,0.9156126,0.949999,0.95300394,0.95235175,0.9572753,0.96363354,0.9568574,0.9484211,0.95596695,0.9548047,0.9497,0.9556879,0.9417724,0.9590422,0.9566467,0.96102977,0.947918,0.96062684,0.966071,0.9506072,0.9521853,0.9454602,0.9500797,0.95944804,0.9621586,0.95758224,0.957945,0.958654,0.9532111,0.9672173,0.9534837,0.9591426,0.9613041,0.9570486,0.95627475,0.8644211,0.95875436,0.91301507,0.9599496,0.9572122,0.96212274,0.9585061,0.96419126,0.9603641,0.95182514,0.95373946,0.954009,0.94325817,0.95583886,0.9650905,0.95377845,0.95394176,0.94490206,0.93027776,0.9771321,0.939577,0.9499909,0.94533575,0.95576805,0.9621762,0.95200497,0.95052344,0.9525606,0.955575,0.9748579,0.9562986,0.9521889,0.95760316,0.95359683,0.95623845,0.94696623,0.9368093,0.95946,0.95258236,0.9566167,0.95980614,0.9594344,0.92696524,0.95998645,0.9501966,0.9507284,0.9599668,0.95464134,0.9535559,0.9748579,0.9470609,0.9571915,0.9588292,0.95830256
