movie,21bridgesmovie,47metersdown,abeautifuldaymovie,abominablemovie,adastramovie,adogsjourneymovie,aftermathmovie,aftermovie,ahiddenlifefilm,alitamovie,angelhasfallen,angrybirdsmovie,annabellemovie,annamovie,apollo11movie,arcticdogsmovie,arcticmovie,artofracingmovie,avengers,beachbummovie,bernadettefilm,blackandbluemovie,blackchristmas,blindedbythelightmovie,bombshellmovie,booksmart,breakthroughmovie,brianbanksmovie,brightburnmovie,brittanyrunsmov,captainmarvelofficial,captivestatemovie,catsmovie,charliesangels,childsplaymovie,clarathefilm,coldpursuitmovie,countdown,currentwarmovie,darkwatersmovie,detectivepikachumovie,disneyaladdin,disneyfrozen,disneymaleficent,doctorsleepmovie,dolemiteismyname,dontletgomovie,doramovie,downtonabbey_official,dumbo,escaperoom,everybodyknowsmovie,fastandfuriousmovie,fightingwmyfam,fivefeetapartfilm,fordvferrari,freaksthefilm,geminimanmovie,glassmovie,gloriabellmovie,godzillamovie,goldfinchmovie,goodboysmovie,goodliarmovie,gretafilm,halathemovie,happydeathdaymovie,harrietfilm,hellboymovie,hersmellmovie,highlifemovie,highstrungmovie,honeyboymovie,hotelmumbaifilm,httydragon,hustlemovie,hustlersmovie,isntitromantic,itmovieofficial,jayandsilentbob,johnwickmovie,jojorabbitmovie,jokermovie,judythefilm,jumanjimovie,justmercyfilm,knivesout,lalloronamovie,lastblackmansf,lastchristmasthemovie,latenightmovie,lighthousemovie,lionking,littlethemovie,littlewomenmovie,littlewoodsfilm,longshotmovie,lordsofchaosmovie,lucyintheskyfilm,mamovie2019,marriagestory,meettheaddams,meninblack,midsommarmovie,midwaymovie,missbalamovie,missinglinkfilm,motherlessbklyn,onceinhollywood,onthebasisofsex,overcomermovie,peanutbutterfalcon,petsematarymovie,piercingmovie,playingwithfire,playmobilthemovie,pomsmovie,queenandslim,rambomovie,readyornotfilm,richardjewellfilm,rocketmanmovie,scarystoriesmovie,secretlifeofpets,serenityfilm,shaftmovie,shazammovie,spidermanmovie,spiesindisguise,starwars,stormboymovie,stubermovie,taosdfilm,teenspiritmov,terminator,theaeronautsmov,thebestofenemies,thedeaddontdie,thefarewell,thehighwaymen,thehummingbirdprojectfilm,theintrudermovie,theirishmanfilm,thekitchenmovie,thelegomovie,themustangfilm,thenightingalefilm,theprodigymovie,thesunisalsoastar,theupsidefilm,tolkienmovie,toystory,triplefrontier,uglydolls,uncutgems,underthesilverlake,usmovie,wavesmovie,whatmenwant,wonderparkmovie,wrinklestheclown,xmenmovies,yardiefilm,yesterdaymovie,zombieland
21bridgesmovie,0.99999994,0.98952514,0.99865335,0.88196546,0.99446094,0.8821315,0.99888957,0.9921381,0.9981225,0.9475057,0.9767073,0.86624223,0.9610734,0.99442893,0.99616784,0.9963395,0.98226917,0.9941753,0.9923889,0.9858495,0.9869309,0.958927,0.99176127,0.99444616,0.8731501,0.36674282,0.9346142,0.97421455,0.99871475,0.97785884,0.983022,0.98080534,0.907251,0.87803537,0.6039868,0.5572991,0.99520916,0.9517994,0.96891266,0.93646103,0.94575435,0.95625407,0.88892245,0.97922397,0.99303955,0.93445385,0.98685384,0.98377454,0.8847148,0.9876853,0.9978938,0.98564166,0.8433403,0.8622739,0.7831133,0.9786711,0.9175553,0.9760357,0.9872676,0.9945656,0.9777123,0.9794394,0.972031,0.9858882,0.9777146,0.8776849,0.9556863,0.9945801,0.98866796,0.83846605,0.9946677,0.64894104,0.8075774,0.99521714,0.72074896,0.8463542,0.44410884,0.94158024,0.9505131,0.8926279,0.9382531,0.8808665,0.9873788,0.9600369,0.8631498,0.97328776,0.88322365,0.9891837,0.9411651,0.99826556,0.9251106,0.9946677,0.90426016,0.9576095,0.980819,0.9836209,0.95112807,0.9945729,0.9904212,0.81138813,0.90600294,0.9333481,0.97807914,0.9849316,0.9528121,0.9959103,0.9985577,0.95581335,0.89098,0.96146935,0.9953491,0.18235193,0.9480016,0.4959675,0.9347731,0.98311394,0.99955416,0.78619075,0.99553365,0.9970196,0.9925767,0.98596954,0.9841549,0.8319566,0.9839359,0.9824353,0.9465781,0.9562559,0.9604856,0.6111332,0.99195606,0.981619,0.9859766,0.7970733,0.95805204,0.9818437,0.97553134,0.97260594,0.9937098,0.97884697,0.9981225,0.994972,0.8446749,0.89300674,0.8639074,0.9673002,0.86959857,0.708989,0.9607656,0.9468265,0.97342,0.96629274,0.99300534,0.7764417,0.90460575,0.9859958,0.98695594,0.9639954,0.96281093,0.90872234,0.9981225,0.8987237,0.9997212,0.99568164,0.9838558
47metersdown,0.98952514,1.0,0.9871168,0.8829071,0.9908972,0.8430628,0.9865702,0.9703072,0.982098,0.94574934,0.9561141,0.803885,0.9340606,0.97874975,0.9756396,0.983492,0.9566253,0.9900332,0.97261053,0.9731464,0.95922816,0.9278392,0.97079915,0.97810316,0.87992984,0.39659134,0.91457987,0.96254104,0.99031514,0.9736475,0.96569514,0.96022147,0.86840546,0.8544849,0.60239446,0.5676002,0.9854921,0.9486519,0.94554794,0.9029222,0.9252638,0.9347846,0.8460394,0.9611364,0.97052085,0.91657865,0.96154475,0.9644857,0.8627324,0.96617866,0.98346496,0.9612008,0.8091381,0.83335704,0.7649291,0.97930115,0.9010478,0.9647306,0.9762747,0.9712196,0.96087873,0.97428054,0.95022434,0.9530613,0.9583963,0.8618041,0.93750405,0.9798409,0.9698838,0.826673,0.97219354,0.6582594,0.81116945,0.99030447,0.70989406,0.8296177,0.46882626,0.913159,0.92842495,0.8734195,0.89773244,0.85992265,0.96211606,0.9411789,0.84635353,0.9397584,0.87220407,0.9635689,0.91983545,0.9863726,0.8879626,0.97219354,0.89178693,0.9400165,0.969271,0.9598205,0.9426971,0.9773756,0.973346,0.7938086,0.8938874,0.92984444,0.94946194,0.9577112,0.9458523,0.983242,0.9868485,0.91889006,0.8839653,0.9246676,0.9763403,0.2288503,0.9250306,0.50686926,0.9200066,0.9757686,0.9919402,0.770767,0.9753968,0.99104834,0.9782936,0.9822268,0.9667108,0.78363997,0.9658225,0.96612746,0.91627115,0.9168685,0.95196074,0.60295755,0.96981704,0.96680933,0.9645435,0.766077,0.93976134,0.9846529,0.96067375,0.95344853,0.97087336,0.9769633,0.982098,0.98011625,0.83692116,0.8443803,0.8511553,0.94248354,0.8501958,0.70340925,0.9167331,0.9534094,0.9593124,0.94598985,0.9880124,0.79340374,0.86019146,0.9616116,0.96327996,0.9347017,0.9513011,0.88398105,0.982098,0.8756051,0.99098784,0.9788251,0.964962
abeautifuldaymovie,0.99865335,0.9871168,0.99999994,0.89528006,0.9945803,0.8914613,0.9996003,0.994596,0.99824274,0.95727414,0.9799989,0.87156725,0.9638507,0.99662054,0.99498266,0.9964875,0.9829646,0.9942602,0.9921358,0.9861263,0.9873495,0.96286327,0.9927842,0.99193585,0.88516045,0.39284298,0.9423722,0.97553486,0.99870384,0.9755684,0.9864259,0.98469245,0.91261464,0.8885301,0.6287211,0.583393,0.99752223,0.9604336,0.97090197,0.94463736,0.9487087,0.95816594,0.89550054,0.9785286,0.9945341,0.9401182,0.98821545,0.9853995,0.89223963,0.9868596,0.9993591,0.9885909,0.8518706,0.8725719,0.7992771,0.98127383,0.9201087,0.9771762,0.9902112,0.9939517,0.97660005,0.98486614,0.9754483,0.98510003,0.98089963,0.8814318,0.9561263,0.9970588,0.9866746,0.8496821,0.9952655,0.66244376,0.8202651,0.9950966,0.7393371,0.86249197,0.4656213,0.9479054,0.95611477,0.9018693,0.9438527,0.891213,0.9854767,0.966621,0.87447643,0.9749496,0.8965989,0.99013466,0.94961756,0.99868834,0.9328908,0.9952655,0.9019105,0.96007806,0.9866944,0.9846336,0.95464987,0.9961242,0.9921603,0.8248467,0.9138553,0.9419772,0.9793707,0.98656493,0.96447015,0.9976418,0.999358,0.955383,0.8999963,0.9674741,0.9961398,0.19930834,0.9527859,0.52291256,0.93917304,0.98597854,0.99828684,0.8014623,0.99511015,0.9982277,0.99278736,0.9859824,0.9880431,0.83906156,0.9886379,0.9835494,0.9507561,0.9596651,0.9628103,0.6263705,0.991079,0.9846117,0.9852774,0.79849344,0.96142507,0.9780663,0.9792817,0.97738224,0.99403405,0.98402715,0.99824274,0.99416727,0.8507615,0.89366895,0.86167115,0.9703602,0.87980115,0.7307838,0.9624875,0.9569558,0.9765324,0.96947074,0.99545413,0.77561414,0.913451,0.9874612,0.98972064,0.967974,0.96721935,0.9141595,0.99824274,0.9100487,0.9979628,0.99730194,0.9893123
abominablemovie,0.88196546,0.8829071,0.89528006,1.0,0.89051336,0.919675,0.8987181,0.9094628,0.89296347,0.94587594,0.94212264,0.8040492,0.9409338,0.9134705,0.86646336,0.9008142,0.90462583,0.9089832,0.89693075,0.85725284,0.8876992,0.883891,0.9072028,0.8649512,0.93474615,0.64148587,0.95586234,0.93630403,0.8778942,0.8687892,0.9303088,0.9069802,0.9126333,0.95868117,0.88220125,0.8478004,0.9210734,0.9761422,0.9375328,0.9402933,0.9472016,0.92727584,0.8925925,0.8991351,0.9036886,0.90701,0.9098693,0.90253615,0.9485679,0.8927715,0.8931839,0.9171874,0.9388199,0.9576338,0.96235394,0.8929671,0.9243618,0.9225356,0.9267405,0.8885259,0.9222228,0.9548366,0.9459855,0.86704093,0.9354333,0.9281158,0.85632396,0.905057,0.88482565,0.95801204,0.8932027,0.8168396,0.9275882,0.90224344,0.9353321,0.97580725,0.6834163,0.9506007,0.9463058,0.9347201,0.9073229,0.97693026,0.8871565,0.9530206,0.973298,0.86376446,0.9839047,0.906641,0.9461147,0.8970271,0.9229007,0.8932027,0.853931,0.91588974,0.94956976,0.9118348,0.9656139,0.9097459,0.917047,0.9484076,0.9519298,0.9749743,0.82903016,0.91120094,0.9657989,0.90107065,0.89406884,0.845178,0.89481735,0.87299424,0.90476674,0.36236942,0.943918,0.801369,0.8915894,0.94432265,0.8846239,0.94748247,0.8859155,0.8900171,0.9139812,0.90473413,0.93806094,0.88565326,0.9385017,0.9174772,0.9266515,0.8834701,0.95104045,0.7976011,0.90051216,0.93152916,0.8936184,0.8501582,0.9432885,0.86562663,0.949161,0.9421917,0.8918005,0.933727,0.89296347,0.8719316,0.91340154,0.8527952,0.86713177,0.9269092,0.9626632,0.93959683,0.86867464,0.9756747,0.9509311,0.9269272,0.92288953,0.84521973,0.9054345,0.9131547,0.89905393,0.92272687,0.95414066,0.9422714,0.89296347,0.9675169,0.88234484,0.8997335,0.92357343
adastramovie,0.99446094,0.9908972,0.9945803,0.89051336,1.0,0.87325925,0.99452925,0.9873591,0.99401754,0.9676364,0.97081935,0.83120716,0.9518787,0.9920809,0.9894269,0.988401,0.97171825,0.9970234,0.9788712,0.98159784,0.9736649,0.9481304,0.98835576,0.99213827,0.9042238,0.39901352,0.9349233,0.97027385,0.99589676,0.9865827,0.9746189,0.9722477,0.8952635,0.8701566,0.61247444,0.5704293,0.9920919,0.9600143,0.9563808,0.9291243,0.93844444,0.94146407,0.86763555,0.963392,0.98741955,0.92060596,0.9811926,0.9756373,0.8782522,0.97431874,0.9942788,0.9773102,0.83665174,0.86002135,0.7838467,0.99328524,0.9204497,0.96259874,0.9816111,0.9842039,0.9706909,0.98261124,0.9650474,0.9714646,0.97357607,0.86198795,0.96640563,0.98967415,0.97383034,0.842018,0.9838981,0.64048165,0.8259525,0.99281615,0.7343186,0.8523609,0.46280533,0.9303556,0.93627304,0.8789894,0.918606,0.8798312,0.97612184,0.95177454,0.85534644,0.9610018,0.8792402,0.9816277,0.93576115,0.9965975,0.920353,0.9838981,0.8776814,0.94418174,0.981205,0.9779443,0.94397724,0.98931605,0.9890194,0.8153534,0.8969937,0.94449174,0.9708535,0.9733191,0.96157265,0.9949145,0.996149,0.9282936,0.9078859,0.95970047,0.9897242,0.23432952,0.9352677,0.5140375,0.91228545,0.981067,0.9968943,0.79235625,0.98417884,0.99711865,0.9875346,0.9787782,0.97746474,0.8308547,0.9832787,0.9692236,0.9347362,0.94010425,0.95483553,0.5844445,0.9832112,0.98759,0.9800424,0.7653565,0.9458174,0.99326724,0.96973026,0.963945,0.98207176,0.9838532,0.99401754,0.9879777,0.82800907,0.86869013,0.8574658,0.9632981,0.8641696,0.71859044,0.93922013,0.95565313,0.96829724,0.95063245,0.99251944,0.7814971,0.8803231,0.97243226,0.9865211,0.948708,0.95893574,0.89301306,0.99401754,0.8991289,0.993618,0.99406326,0.9781869
adogsjourneymovie,0.8821315,0.8430628,0.8914613,0.919675,0.87325925,1.0,0.897092,0.9260022,0.9022544,0.90923053,0.9507541,0.9249139,0.963527,0.91876006,0.8891411,0.89284855,0.9399833,0.8909967,0.91069263,0.8592595,0.9208965,0.9525564,0.9226599,0.8844597,0.8917329,0.5508214,0.9772553,0.9355811,0.8736049,0.8630795,0.93031335,0.93181425,0.9674784,0.97912955,0.7955502,0.7522866,0.9023358,0.9354004,0.9537423,0.9708522,0.96659404,0.94459105,0.94181395,0.9162036,0.91288215,0.933161,0.93491226,0.9192543,0.9719274,0.91742086,0.89108235,0.9388857,0.9712797,0.97138083,0.93156654,0.8784743,0.9624178,0.91118217,0.9196794,0.9138375,0.9370515,0.9238113,0.94510853,0.9198909,0.95065194,0.927941,0.8823097,0.901078,0.9133236,0.953315,0.91420937,0.7387159,0.90962964,0.88519853,0.8954337,0.9384466,0.65131235,0.9648012,0.9515332,0.92500156,0.9714202,0.9685792,0.9210374,0.94953,0.95341295,0.9174074,0.9509437,0.9276076,0.9683893,0.8949665,0.9721793,0.91420937,0.8872318,0.92605364,0.9217887,0.93502593,0.9445459,0.9202648,0.92723125,0.9595752,0.95042634,0.9404779,0.8794479,0.9333769,0.920097,0.88757664,0.88910806,0.9021203,0.9124245,0.9359108,0.91386974,0.2980021,0.9498515,0.68479407,0.89914864,0.9285348,0.87945765,0.9385069,0.9022165,0.87466264,0.91406703,0.88114023,0.93579495,0.9702876,0.93001384,0.9246601,0.97057474,0.95465136,0.94524574,0.74452686,0.92443717,0.9235887,0.9265329,0.9022049,0.94558173,0.8404263,0.9550638,0.9453085,0.9153834,0.90727633,0.9022544,0.89700055,0.9008038,0.9732505,0.9449551,0.9608564,0.9662678,0.87952274,0.9370873,0.9055054,0.95126027,0.9324018,0.90288734,0.84128964,0.96535575,0.9354997,0.9242461,0.95098656,0.93640834,0.9584453,0.9022544,0.97418547,0.8811745,0.9061696,0.9324852
aftermathmovie,0.99888957,0.9865702,0.9996003,0.8987181,0.99452925,0.897092,0.9999999,0.9958777,0.9991479,0.95714146,0.98317397,0.8755697,0.96895707,0.9975343,0.9953531,0.9971687,0.9860501,0.99561846,0.99333817,0.98421454,0.98902553,0.9634154,0.9947453,0.9928432,0.88537794,0.38723612,0.9453589,0.97825617,0.99773747,0.9758741,0.98805976,0.9844871,0.9175103,0.8932756,0.631381,0.5843115,0.9979911,0.96169335,0.9754258,0.9478128,0.9549,0.962737,0.9015083,0.98171234,0.9959219,0.9421393,0.99094796,0.9867247,0.8980774,0.98952085,0.9990639,0.99073195,0.8607602,0.87902117,0.80707073,0.98059905,0.92552614,0.9796529,0.99195856,0.99570155,0.98182863,0.98654515,0.9784311,0.98700774,0.98364735,0.88828987,0.95764744,0.997237,0.9888497,0.8546142,0.99652123,0.6696839,0.8218376,0.9959393,0.7440524,0.866048,0.46382955,0.952185,0.96033394,0.9050454,0.9467069,0.8972909,0.98876363,0.96939987,0.8796478,0.9762146,0.9000678,0.99243563,0.9510391,0.9993024,0.9363051,0.99652123,0.9074444,0.96401906,0.9872964,0.98749214,0.9591582,0.9971246,0.9936598,0.82975733,0.9174914,0.9439266,0.977615,0.9894995,0.963399,0.997554,0.9993852,0.95718557,0.8989741,0.96808434,0.99763703,0.19034787,0.956828,0.5220976,0.9409235,0.9880005,0.99853206,0.8063934,0.996208,0.99691933,0.99479663,0.98673457,0.9901485,0.84868366,0.99006,0.98612493,0.9550053,0.9613231,0.9666805,0.63273317,0.9935986,0.98714405,0.98755723,0.8089051,0.96537364,0.9788578,0.98203987,0.9792502,0.9954679,0.9841495,0.9991479,0.993665,0.85647553,0.9014034,0.87021357,0.97439456,0.88425964,0.73445237,0.9653772,0.9574464,0.9802136,0.9721321,0.996016,0.7819951,0.91776204,0.9895099,0.99107844,0.97077316,0.9704631,0.91996545,0.9991479,0.91399455,0.9983655,0.99800247,0.98899937
aftermovie,0.9921381,0.9703072,0.994596,0.9094628,0.9873591,0.9260022,0.9958777,1.0,0.9974328,0.96130794,0.9919578,0.9016396,0.98174995,0.9989963,0.9934871,0.9918291,0.99336517,0.9898401,0.9927819,0.9757823,0.99131334,0.97360224,0.99886477,0.99099404,0.89563966,0.40775108,0.9637182,0.9818359,0.9899604,0.9722846,0.9908042,0.98986304,0.94388247,0.9150873,0.6606003,0.6079491,0.99411494,0.9683822,0.9846075,0.96882,0.9652423,0.9705269,0.921549,0.9810522,0.9978628,0.94504243,0.99818456,0.9891127,0.92032033,0.99027646,0.9952097,0.9969944,0.8897717,0.9062929,0.83364683,0.9759109,0.94482535,0.9766688,0.9903535,0.99729747,0.9867371,0.9866868,0.98681355,0.99237853,0.9920468,0.9014912,0.9651452,0.9941861,0.9885928,0.88144904,0.9972999,0.67229325,0.84289235,0.98794574,0.77800727,0.88985294,0.47816947,0.9665926,0.9689202,0.9154762,0.966912,0.9209184,0.99137205,0.97742236,0.900066,0.9814938,0.9164854,0.9979759,0.9634533,0.9954734,0.96120614,0.9972999,0.90749216,0.9666527,0.98881084,0.9941895,0.9653112,0.99873537,0.9966676,0.86078626,0.9267917,0.95314324,0.9773815,0.99493504,0.9694093,0.99325013,0.9943956,0.95944023,0.9099399,0.983159,0.9983258,0.20354028,0.9671764,0.5504737,0.93812746,0.98898894,0.9911202,0.8384738,0.9941754,0.9893519,0.9935866,0.97766274,0.99364007,0.8887396,0.99502426,0.9861335,0.96812695,0.9760342,0.97168034,0.644496,0.9962693,0.9922346,0.9934294,0.8297226,0.9725721,0.96909374,0.988423,0.98652947,0.99644715,0.9799214,0.9974328,0.98977643,0.8635901,0.92450964,0.88292795,0.987662,0.906629,0.76179165,0.9765591,0.95529854,0.9862494,0.9761278,0.990504,0.7820272,0.93997693,0.99483395,0.99751794,0.9813239,0.97519654,0.93614227,0.9974328,0.93567085,0.9907176,0.99772125,0.99449176
ahiddenlifefilm,0.9981225,0.982098,0.99824274,0.89296347,0.99401754,0.9022544,0.9991479,0.9974328,1.0000001,0.95585114,0.9848097,0.8831314,0.97188693,0.9980485,0.99758905,0.99580425,0.98936915,0.9949864,0.99352175,0.9840155,0.9907216,0.9667494,0.99687386,0.995299,0.88529897,0.3794138,0.94772685,0.9792484,0.9963166,0.9794883,0.98779845,0.98579335,0.9249577,0.8939685,0.62556434,0.57556725,0.99577343,0.959647,0.97662926,0.9520785,0.95616615,0.9639788,0.90580165,0.98167515,0.99724287,0.94068146,0.99382436,0.98858774,0.9013904,0.9909265,0.9982634,0.9925429,0.86580884,0.8829327,0.80523336,0.98056334,0.9320308,0.97716475,0.99023044,0.9975132,0.9835722,0.983955,0.97934645,0.99088717,0.9858935,0.88897395,0.96269214,0.9964005,0.9900497,0.8560191,0.9973723,0.6600121,0.82243353,0.9942617,0.74425143,0.86601394,0.4554335,0.95369107,0.9590869,0.9034396,0.9506695,0.89884925,0.991898,0.96872014,0.8781906,0.9803866,0.89619195,0.99513465,0.9514016,0.9993448,0.9432204,0.9973723,0.9064209,0.96372235,0.98494697,0.9911208,0.957464,0.9980372,0.9954058,0.8316484,0.9154791,0.9423601,0.9810983,0.99111056,0.9600979,0.99664074,0.9987714,0.9585627,0.90163565,0.9747029,0.99878687,0.18870333,0.9575745,0.51479304,0.9363152,0.98695266,0.9977542,0.8084272,0.9967009,0.9950636,0.99525046,0.983951,0.98962885,0.8600821,0.9906106,0.9852238,0.957804,0.96643215,0.9664715,0.6231131,0.9957492,0.989142,0.9917937,0.81162477,0.9654056,0.9799647,0.9813757,0.97947824,0.996549,0.981621,1.0000001,0.99425817,0.85324806,0.9088664,0.8752134,0.9787275,0.8850668,0.73024833,0.96959823,0.95092666,0.9802952,0.97139215,0.9935334,0.7806531,0.919808,0.9904427,0.99416596,0.9727118,0.97001076,0.9213828,1.0000001,0.9161463,0.99731636,0.99916697,0.9885918
alitamovie,0.9475057,0.94574934,0.95727414,0.94587594,0.9676364,0.90923053,0.95714146,0.96130794,0.95585114,0.99999994,0.9585633,0.79519814,0.9434016,0.96698266,0.94067204,0.9467393,0.9386479,0.96607596,0.934792,0.9359181,0.9353244,0.9370495,0.96195203,0.9479355,0.9760017,0.5685729,0.9619355,0.9558943,0.9524005,0.95294863,0.95069164,0.947944,0.8992667,0.91183925,0.7378553,0.709737,0.9650843,0.98345846,0.93733674,0.9381668,0.940164,0.9163849,0.85524035,0.91666555,0.95651984,0.9071275,0.956619,0.9406856,0.9051714,0.92785496,0.9585193,0.95167047,0.8795882,0.9089581,0.8610179,0.9823816,0.93459195,0.9263821,0.95440304,0.9416673,0.9436538,0.97871983,0.9572593,0.92558324,0.9608798,0.85900843,0.9541329,0.95568764,0.9225855,0.90404546,0.94279826,0.67240894,0.9099305,0.95298904,0.84836173,0.916592,0.6090893,0.93310606,0.9247615,0.88383955,0.9089327,0.92401356,0.93337905,0.9457159,0.8959804,0.92120403,0.92040515,0.9517531,0.9535548,0.9603729,0.9327421,0.94279826,0.8223268,0.91271496,0.9785519,0.95177114,0.9405905,0.9590554,0.96904707,0.8944925,0.9136114,0.9841558,0.9254708,0.94186056,0.98711276,0.96378934,0.9586208,0.8734879,0.95453924,0.9451377,0.9558431,0.38817552,0.9242981,0.6633914,0.8742666,0.9650929,0.95257,0.87515235,0.93670523,0.96153367,0.9558017,0.9360018,0.95862824,0.87272745,0.97341603,0.9330441,0.9326788,0.9196453,0.9458152,0.61711985,0.94835585,0.9804304,0.9456279,0.74908817,0.9291728,0.9567148,0.9642075,0.95061934,0.9393143,0.9752658,0.95585114,0.94596267,0.8320717,0.8540825,0.86490464,0.9528545,0.9094446,0.83105856,0.90165865,0.9753761,0.9587249,0.9228082,0.9677869,0.81738466,0.87473506,0.94064623,0.96514523,0.9273386,0.950777,0.8936565,0.95585114,0.94132686,0.9447007,0.9626583,0.9635089
angelhasfallen,0.9767073,0.9561141,0.9799989,0.94212264,0.97081935,0.9507541,0.98317397,0.9919578,0.9848097,0.9585633,1.0,0.91519856,0.99599975,0.99048954,0.9771109,0.98325866,0.9945212,0.98118716,0.98817927,0.9584459,0.98421025,0.9718517,0.99044144,0.97197276,0.90796316,0.46677497,0.98181075,0.9926013,0.9707109,0.9617495,0.99497455,0.98885435,0.97048306,0.9528205,0.73472464,0.6811375,0.98628986,0.9821358,0.9965319,0.9870006,0.98424673,0.98823327,0.94878954,0.9843104,0.9883278,0.95972866,0.9928754,0.9892458,0.9598215,0.9879699,0.9791574,0.99602956,0.9343681,0.9475735,0.88748896,0.9591398,0.9691045,0.9842597,0.98987645,0.9875033,0.99151486,0.9891126,0.99593407,0.9816161,0.9988612,0.9450151,0.9441637,0.98482335,0.9856423,0.9252376,0.9877864,0.7333492,0.8813393,0.97962064,0.83647186,0.931962,0.5386786,0.98771775,0.98597217,0.9487574,0.9799523,0.95986235,0.9871432,0.9923699,0.94522625,0.9740342,0.9526641,0.9932896,0.97920865,0.98277766,0.9788843,0.9877864,0.9297171,0.9791262,0.98828703,0.99515814,0.9883834,0.9923709,0.9923906,0.90606225,0.959116,0.96886736,0.9545094,0.9931068,0.97350985,0.97898865,0.98007643,0.9563901,0.91825134,0.9731024,0.9904876,0.23627734,0.98819065,0.6245724,0.9500406,0.9949361,0.9758466,0.89179486,0.98418474,0.9721312,0.9907866,0.97624767,0.9967406,0.9176664,0.9946784,0.9901589,0.9833233,0.97910637,0.99082416,0.7150442,0.9909338,0.9891072,0.9906837,0.8812154,0.99107915,0.951223,0.9957341,0.99669737,0.98812413,0.9788156,0.9848097,0.9748657,0.9100038,0.9417925,0.9139804,0.99547476,0.94824797,0.8236297,0.9743166,0.9662343,0.9976278,0.9881061,0.9844239,0.82623917,0.959158,0.9945376,0.98568326,0.9923393,0.9915029,0.9703052,0.9848097,0.96703035,0.9765987,0.98609406,0.9899829
angrybirdsmovie,0.86624223,0.803885,0.87156725,0.8040492,0.83120716,0.9249139,0.8755697,0.9016396,0.8831314,0.79519814,0.91519856,1.0,0.9269766,0.88548493,0.88826996,0.8824862,0.9336101,0.85224587,0.9116271,0.8582501,0.91716355,0.9197179,0.8893146,0.8583479,0.72166365,0.32448876,0.8921063,0.89244246,0.85359246,0.82526124,0.91633254,0.9211895,0.9489824,0.9014498,0.6645103,0.5928303,0.8691911,0.8481245,0.9284296,0.9417335,0.90690535,0.9406687,0.9698163,0.9266943,0.8932647,0.923337,0.90510064,0.92079437,0.91389924,0.92460424,0.8693953,0.92557544,0.8985071,0.8892663,0.8253373,0.8028107,0.8856463,0.9082278,0.8991051,0.9066185,0.8992688,0.8647714,0.90201724,0.92672664,0.9151711,0.9135748,0.80525005,0.8897071,0.92101544,0.8360181,0.91032773,0.7213054,0.7459513,0.86535597,0.73247856,0.8528637,0.43981126,0.93404895,0.9350649,0.91937405,0.963734,0.8847391,0.9153166,0.9260384,0.8860043,0.9348574,0.8780791,0.90956277,0.9075272,0.87092865,0.93912876,0.91032773,0.9250382,0.9323759,0.8645198,0.9161549,0.8948578,0.89865357,0.8872932,0.82443035,0.8996276,0.81902575,0.8909711,0.92457265,0.8394994,0.8589162,0.8683855,0.94221175,0.78760135,0.9248468,0.8959149,0.048472226,0.93701226,0.518792,0.92748356,0.88739794,0.8572187,0.8190121,0.9054394,0.8454834,0.8898458,0.8754495,0.910373,0.88783777,0.88936275,0.920931,0.9331472,0.9514351,0.89995754,0.75641567,0.9021002,0.86268526,0.9107503,0.92292327,0.92946583,0.78333527,0.89814484,0.92313576,0.915347,0.85645944,0.8831314,0.8788152,0.8832392,0.9579755,0.8572995,0.92497754,0.88218844,0.7385869,0.9569633,0.8240582,0.9057265,0.93487924,0.86510015,0.7022817,0.9751766,0.9248455,0.8906645,0.95054483,0.9029768,0.9389933,0.8831314,0.8973174,0.8671001,0.884135,0.90066624
annabellemovie,0.9610734,0.9340606,0.9638507,0.9409338,0.9518787,0.963527,0.96895707,0.98174995,0.97188693,0.9434016,0.99599975,0.9269766,1.0000001,0.9776876,0.9637048,0.971858,0.9900522,0.9670367,0.97939855,0.9422819,0.980321,0.9695219,0.9807659,0.9564845,0.89558107,0.45891976,0.9795025,0.98800826,0.9514238,0.94284743,0.9881971,0.9771187,0.976258,0.9640552,0.7467401,0.69112974,0.97322345,0.971714,0.9973146,0.9878424,0.9929638,0.99052775,0.96361023,0.9810332,0.9794812,0.9628359,0.986289,0.98074454,0.96885204,0.9826843,0.9638234,0.989973,0.95679027,0.9621056,0.90685326,0.9380032,0.96880585,0.97986466,0.98091036,0.97871417,0.98947036,0.97860146,0.994047,0.9761558,0.9933996,0.95618945,0.92697763,0.97248834,0.97765595,0.92789793,0.9784698,0.75237685,0.87626845,0.9659193,0.84628916,0.9365192,0.54780126,0.99399585,0.98894334,0.955274,0.9822991,0.9684758,0.98442584,0.9905943,0.9541502,0.97072333,0.95418614,0.98699903,0.97919154,0.9685699,0.9799726,0.9784698,0.9335749,0.9795916,0.9781273,0.99047226,0.9878071,0.9806962,0.9832146,0.9136951,0.9657267,0.96235484,0.94105816,0.99013567,0.95831543,0.9644296,0.96489465,0.959407,0.90930235,0.9638458,0.98079383,0.21018097,0.99120116,0.62715334,0.9492795,0.9853602,0.9592774,0.89942473,0.9744538,0.9520387,0.9830443,0.964646,0.9905776,0.93505704,0.9862004,0.9855561,0.9911959,0.97917956,0.9886213,0.739994,0.98503053,0.9798974,0.9814649,0.90548426,0.9918042,0.931039,0.9908925,0.9911823,0.9794424,0.96625155,0.97188693,0.96057475,0.92298084,0.9611691,0.9302995,0.99265796,0.9566723,0.83531594,0.9782624,0.9541868,0.99475265,0.9867219,0.9712433,0.84068435,0.96778685,0.9885029,0.9742479,0.9922255,0.9886456,0.97987187,0.97188693,0.97279775,0.96112436,0.97329456,0.97631586
annamovie,0.99442893,0.97874975,0.99662054,0.9134705,0.9920809,0.91876006,0.9975343,0.9989963,0.9980485,0.96698266,0.99048954,0.88548493,0.9776876,0.99999994,0.99273103,0.99254405,0.9902485,0.9935621,0.99147606,0.9766453,0.9874946,0.9694014,0.9983749,0.99248004,0.90389884,0.42012757,0.96331847,0.9825014,0.9932717,0.97668797,0.98967296,0.9888154,0.93630755,0.9111024,0.6608968,0.61163014,0.99632436,0.97254425,0.9817292,0.96318895,0.96235824,0.9669559,0.90984964,0.97888744,0.99632484,0.94158435,0.9961962,0.9874145,0.9166307,0.9878164,0.9965207,0.99436295,0.8815364,0.9005828,0.8296485,0.98257685,0.94484615,0.9762899,0.9911625,0.99554306,0.98630047,0.9898921,0.984923,0.98766696,0.9910129,0.89766985,0.96790236,0.9944033,0.987366,0.8827403,0.9955887,0.6709574,0.8494539,0.990886,0.77860767,0.8877891,0.48659348,0.9612652,0.9652851,0.9107285,0.9595035,0.91812783,0.9881097,0.97518694,0.89756554,0.975347,0.91650283,0.9954413,0.96132535,0.99720466,0.9548711,0.9955887,0.9047933,0.96367735,0.99054605,0.99164283,0.9662915,0.99891865,0.9968593,0.86032677,0.9251289,0.9576245,0.97409713,0.99123365,0.9731064,0.9948668,0.9961896,0.9513117,0.9136258,0.977959,0.9976771,0.22337988,0.9631221,0.5556679,0.935212,0.99131376,0.9942845,0.837583,0.99280626,0.993405,0.9937428,0.98002255,0.99275154,0.87917584,0.9946459,0.98484945,0.96248007,0.968934,0.97272813,0.6379242,0.9947164,0.9933909,0.99232423,0.82007825,0.9701563,0.97598517,0.98906374,0.9850358,0.9944539,0.98359406,0.9980485,0.9909098,0.8608522,0.9131425,0.8815676,0.9851409,0.9042027,0.7620149,0.9673105,0.9613205,0.9862569,0.9730732,0.99372494,0.7879767,0.9299562,0.9924715,0.99655664,0.9762537,0.97500694,0.9308787,0.9980485,0.9323613,0.99332726,0.9979954,0.9948167
apollo11movie,0.99616784,0.9756396,0.99498266,0.86646336,0.9894269,0.8891411,0.9953531,0.9934871,0.99758905,0.94067204,0.9771109,0.88826996,0.9637048,0.99273103,0.99999994,0.9934726,0.98672104,0.98865974,0.99286693,0.9890239,0.99155194,0.9677584,0.9924036,0.9946666,0.86650676,0.35482958,0.9347825,0.9736334,0.9942097,0.9806092,0.98293525,0.9847288,0.92104155,0.87872976,0.5963986,0.5445834,0.9893283,0.9442871,0.96798694,0.9453432,0.9436888,0.95745957,0.901645,0.9782553,0.994873,0.9358606,0.9889759,0.988216,0.88824767,0.98949295,0.9955065,0.9884901,0.8500249,0.8680445,0.7764029,0.97306395,0.92163783,0.97118556,0.9823345,0.996422,0.9737696,0.97081816,0.9723276,0.99350685,0.9794207,0.87727994,0.9560115,0.9936882,0.9892067,0.83363384,0.9957918,0.6321898,0.80215394,0.9898713,0.7167076,0.8469041,0.430783,0.9453214,0.9475402,0.89481264,0.94737554,0.879723,0.99177307,0.9591386,0.85894597,0.9853926,0.8739507,0.99293184,0.94349253,0.9961288,0.9383701,0.9957918,0.8999683,0.9569417,0.97530884,0.9890404,0.9432293,0.99461114,0.99158865,0.8089284,0.9031302,0.92506725,0.9894644,0.98728913,0.946074,0.9933673,0.996102,0.96462446,0.8951721,0.9754754,0.99612343,0.17610984,0.9499968,0.48597613,0.9302557,0.97774345,0.99504113,0.78595555,0.9965097,0.9919603,0.9917149,0.980636,0.9822297,0.844977,0.9840918,0.97998756,0.9523614,0.96937,0.9560767,0.6000845,0.9935858,0.9805935,0.9909541,0.7993696,0.9571791,0.97657824,0.9701037,0.9732162,0.9953941,0.97321695,0.99758905,0.99552333,0.8397617,0.90489346,0.8638577,0.9713282,0.869709,0.7013337,0.97259617,0.9320603,0.96960926,0.96644324,0.98617405,0.766086,0.91120225,0.98685145,0.98995996,0.96945214,0.960524,0.9108552,0.99758905,0.9023829,0.9950915,0.99658597,0.982597
arcticdogsmovie,0.9963395,0.983492,0.9964875,0.9008142,0.988401,0.89284855,0.9971687,0.9918291,0.99580425,0.9467393,0.98325866,0.8824862,0.971858,0.99254405,0.9934726,0.99999994,0.9857099,0.99278307,0.9965876,0.98837596,0.99263424,0.9637964,0.98965347,0.9852391,0.87485576,0.39101726,0.9400649,0.98301,0.99297714,0.97243136,0.9920694,0.9841759,0.92082477,0.9000614,0.6465999,0.5996001,0.9971127,0.95931953,0.9777715,0.9490074,0.95912236,0.97029096,0.91477615,0.98746854,0.9950816,0.95370156,0.9862157,0.9901975,0.90388024,0.9925483,0.995731,0.9902372,0.8693696,0.8862072,0.8142764,0.9688941,0.9203835,0.988314,0.9925272,0.9941378,0.9791467,0.98391783,0.98214436,0.98633415,0.9828777,0.903652,0.9372031,0.99811286,0.99046004,0.8504552,0.99572253,0.6937981,0.8162705,0.9967971,0.74529135,0.8721441,0.4747736,0.96028274,0.9658941,0.9222254,0.9478394,0.9003211,0.9913561,0.97438973,0.888574,0.98067063,0.90296525,0.9918238,0.9548586,0.9963982,0.9348961,0.99572253,0.91810054,0.9717226,0.98702025,0.9885906,0.96406686,0.99468327,0.99191964,0.82592034,0.929669,0.9404012,0.9767825,0.9908485,0.95877826,0.995876,0.99705946,0.96964735,0.89489704,0.95947456,0.9968108,0.17873707,0.9659018,0.53474295,0.9531631,0.98824775,0.995271,0.80705893,0.9976756,0.9926448,0.9972695,0.9937424,0.9917065,0.8381339,0.9896566,0.9909907,0.9616308,0.96435565,0.97131103,0.6640732,0.99341226,0.98167765,0.98470557,0.8249338,0.9729337,0.9719858,0.97977656,0.9827907,0.99540454,0.98485625,0.99580425,0.99171084,0.8771215,0.90355116,0.8732159,0.9701688,0.8915195,0.74346226,0.9707254,0.9575273,0.98107225,0.981105,0.99528825,0.7978409,0.9205504,0.99013203,0.9824435,0.9767566,0.9767162,0.93073654,0.99580425,0.9179101,0.99647045,0.9948593,0.983908
arcticmovie,0.98226917,0.9566253,0.9829646,0.90462583,0.97171825,0.9399833,0.9860501,0.99336517,0.98936915,0.9386479,0.9945212,0.9336101,0.9900522,0.9902485,0.98672104,0.9857099,1.0000001,0.98109376,0.99289095,0.9658688,0.9902138,0.9747398,0.9908708,0.97874695,0.87472737,0.39700168,0.9655224,0.9862769,0.97572136,0.96423817,0.9933851,0.9911257,0.96499515,0.9312617,0.67634183,0.61870235,0.9831253,0.9609573,0.9927157,0.9786522,0.9753057,0.98808336,0.95101506,0.99166894,0.98962957,0.96077347,0.9936866,0.9944844,0.94413596,0.99632406,0.98157567,0.998052,0.9139791,0.92286843,0.85055524,0.955682,0.95969594,0.98420715,0.9899408,0.99385494,0.9908649,0.97865236,0.98587656,0.9926009,0.99546,0.93494195,0.9428891,0.9874376,0.9951756,0.8934084,0.9938516,0.712686,0.84352404,0.98225015,0.7845858,0.89930934,0.4846122,0.977811,0.9805567,0.938067,0.9793554,0.9338882,0.9946056,0.98522544,0.91833735,0.98639214,0.9260652,0.9949929,0.9669755,0.98583204,0.972536,0.9938516,0.9424905,0.9828172,0.9758452,0.9969847,0.97504026,0.99411285,0.9906925,0.8709105,0.9444589,0.9417741,0.96929413,0.99568945,0.952206,0.9784817,0.98321444,0.9697548,0.8996597,0.981003,0.9930501,0.17820674,0.98215705,0.55433303,0.9558624,0.98880726,0.9804986,0.8547185,0.9917584,0.97345287,0.9912189,0.97824514,0.9932073,0.90525067,0.987628,0.9928016,0.97896934,0.98421746,0.98238,0.6917692,0.9938852,0.9817808,0.9961888,0.88086855,0.9861514,0.95154226,0.9871294,0.9913674,0.99506634,0.9725392,0.98936915,0.98211765,0.8981769,0.95026404,0.9114532,0.99427664,0.92213356,0.77261335,0.9843179,0.9449307,0.9905513,0.9874719,0.9819334,0.80350906,0.95891064,0.9959694,0.9878313,0.9924038,0.9829343,0.96101093,0.98936915,0.94567484,0.9826416,0.9891198,0.9864495
artofracingmovie,0.9941753,0.9900332,0.9942602,0.9089832,0.9970234,0.8909967,0.99561846,0.9898401,0.9949864,0.96607596,0.98118716,0.85224587,0.9670367,0.9935621,0.98865974,0.99278307,0.98109376,1.0000002,0.9850176,0.97996306,0.9795347,0.95254457,0.9899381,0.98773164,0.9037219,0.40568924,0.94462496,0.98128957,0.9925946,0.9835151,0.9850778,0.97700965,0.912683,0.8937075,0.64523184,0.6011346,0.9950178,0.9681519,0.9711699,0.9428933,0.9579084,0.96151996,0.8962256,0.97785914,0.9898846,0.94096154,0.98507005,0.9843095,0.9032617,0.98433506,0.9928885,0.98519087,0.86663944,0.8842473,0.8176717,0.987189,0.933997,0.9780136,0.9914383,0.9874449,0.9822418,0.9903549,0.9748502,0.9749279,0.9830315,0.8949238,0.9554055,0.9935481,0.98227453,0.86095524,0.9879048,0.69222003,0.8360325,0.9976526,0.75615615,0.8748551,0.48344362,0.94930065,0.9565891,0.9067776,0.9312574,0.90284437,0.9840579,0.9682995,0.8828344,0.96800035,0.90216035,0.9863004,0.9478019,0.9974421,0.9323504,0.9879048,0.90655106,0.9646097,0.98539376,0.98578924,0.96291375,0.992528,0.9922009,0.8341764,0.9218819,0.9512466,0.96678925,0.98218364,0.9638722,0.99409586,0.9961982,0.9404951,0.9073423,0.960097,0.9934066,0.2163044,0.95549846,0.53698546,0.9347076,0.9905375,0.99633116,0.8157368,0.988708,0.99366206,0.994278,0.9881555,0.98737115,0.84886724,0.9884293,0.9823837,0.9511864,0.94802254,0.97157824,0.6385299,0.988028,0.99041796,0.9845503,0.8080879,0.96483684,0.98757476,0.979074,0.9756289,0.9870735,0.9902677,0.9949864,0.9866241,0.8650156,0.8900889,0.8823135,0.9737553,0.8865838,0.7475709,0.94954705,0.9664699,0.98155546,0.96748453,0.9971614,0.8080626,0.90162903,0.9798817,0.985972,0.9632397,0.9753782,0.9199783,0.9949864,0.91803896,0.994507,0.9951865,0.97982997
avengers,0.9923889,0.97261053,0.9921358,0.89693075,0.9788712,0.91069263,0.99333817,0.9927819,0.99352175,0.934792,0.98817927,0.9116271,0.97939855,0.99147606,0.99286693,0.9965876,0.99289095,0.9850176,1.0,0.9823948,0.9953601,0.97271264,0.98999375,0.9832255,0.8641759,0.39363134,0.94974786,0.9855799,0.9872606,0.96722233,0.99436295,0.9909871,0.94198036,0.91355264,0.65653455,0.60472256,0.9919269,0.95674545,0.9855694,0.96207875,0.9633512,0.97953224,0.9308818,0.9917524,0.9937199,0.9583169,0.9891965,0.99374264,0.91976285,0.9964046,0.99096394,0.99416655,0.88383335,0.89889246,0.8214729,0.9573955,0.93344975,0.9894678,0.9904883,0.9966143,0.9823026,0.9780078,0.98583484,0.9928445,0.98781115,0.9181673,0.9344963,0.99432665,0.99648887,0.86621684,0.997555,0.6924194,0.8239027,0.9901815,0.75677854,0.8789403,0.47712472,0.9688333,0.97252244,0.9308829,0.9671829,0.91100454,0.9944009,0.9789256,0.9013125,0.9853453,0.9111075,0.9945752,0.9617532,0.99156475,0.9503467,0.997555,0.9321049,0.9760476,0.9821416,0.99225676,0.9688679,0.99569845,0.9912722,0.8423382,0.9366282,0.9371924,0.9768102,0.99428576,0.9536489,0.9888469,0.99159414,0.97863454,0.8937093,0.96643883,0.99602,0.1769958,0.9744477,0.54302555,0.9585225,0.98784983,0.9897915,0.8234169,0.9982943,0.9855646,0.9952935,0.9892715,0.99258155,0.858368,0.9880438,0.9940643,0.9702398,0.9784963,0.97608674,0.6773905,0.99566525,0.97729856,0.99073523,0.851457,0.9801654,0.95950556,0.9834053,0.98877233,0.99806553,0.97632766,0.99352175,0.99140185,0.8873144,0.9251006,0.8854843,0.97806126,0.9058381,0.75053364,0.98164636,0.94700336,0.98409677,0.9874624,0.9885621,0.79740417,0.94010705,0.99674255,0.9827541,0.9870419,0.9781617,0.9452799,0.99352175,0.9268875,0.992661,0.9917405,0.98758084
beachbummovie,0.9858495,0.9731464,0.9861263,0.85725284,0.98159784,0.8592595,0.98421454,0.9757823,0.9840155,0.9359181,0.9584459,0.8582501,0.9422819,0.9766453,0.9890239,0.98837596,0.9658688,0.97996306,0.9823948,1.0000001,0.9828251,0.9637296,0.9716998,0.97540206,0.8707261,0.4050287,0.913783,0.96898395,0.98590976,0.97801644,0.9751056,0.9762759,0.89553267,0.86889493,0.6104198,0.57336473,0.9813316,0.93707854,0.9444896,0.9252412,0.9269055,0.9418704,0.8849627,0.9652216,0.9816628,0.94382656,0.96451324,0.9815183,0.87159926,0.9748907,0.98587114,0.97146314,0.828677,0.8535832,0.7582185,0.9662786,0.8957492,0.9662872,0.9716061,0.978342,0.9449485,0.95986086,0.9596985,0.9746689,0.96316415,0.8657646,0.9205124,0.9887966,0.9730409,0.8068284,0.9803565,0.6418755,0.80059713,0.9857944,0.705654,0.84099567,0.4853679,0.93357,0.9293644,0.90040445,0.9221731,0.8576003,0.97712415,0.948396,0.845227,0.9806922,0.8577171,0.97550106,0.94285595,0.98612344,0.9154721,0.9803565,0.88212967,0.94600546,0.9693512,0.9748173,0.9276875,0.9806343,0.98132026,0.78594893,0.90712464,0.918556,0.99024034,0.9685975,0.9414476,0.9873765,0.98843336,0.9622459,0.909949,0.9544688,0.98317015,0.22974306,0.9387293,0.5122996,0.9299896,0.9670419,0.9856535,0.768675,0.9855337,0.9870962,0.9844326,0.9838021,0.96977437,0.78985703,0.9737796,0.9687757,0.9433779,0.9575054,0.9456621,0.60903263,0.9776655,0.9633102,0.97179765,0.7673035,0.9447561,0.96945333,0.9515717,0.9625879,0.98014176,0.97784305,0.9840155,0.9906239,0.84495324,0.8714541,0.84955585,0.9447771,0.86060435,0.7060545,0.95624787,0.93322575,0.95306337,0.9586493,0.9818458,0.79228604,0.8793715,0.9681437,0.9672411,0.9558392,0.9540037,0.8949261,0.9840155,0.893001,0.9852623,0.9853244,0.9666446
bernadettefilm,0.9869309,0.95922816,0.9873495,0.8876992,0.9736649,0.9208965,0.98902553,0.99131334,0.9907216,0.9353244,0.98421025,0.91716355,0.980321,0.9874946,0.99155194,0.99263424,0.9902138,0.9795347,0.9953601,0.9828251,0.9999999,0.9821962,0.9887615,0.98039037,0.86578995,0.38549224,0.94714206,0.9813477,0.9812813,0.9604654,0.9896623,0.98533535,0.9393512,0.91572696,0.64725214,0.59784925,0.9871314,0.9483739,0.98156786,0.9608369,0.96807647,0.973883,0.93529385,0.98654646,0.9946075,0.96195894,0.9890295,0.98946637,0.9154746,0.9933536,0.9883684,0.99266243,0.8925379,0.9034231,0.8230015,0.9542201,0.9271699,0.9822309,0.98487103,0.99503046,0.9779221,0.97197944,0.98486257,0.9959174,0.98401237,0.9076852,0.934005,0.9917386,0.9897055,0.8542078,0.995658,0.68187433,0.81595385,0.9840007,0.7526651,0.8744367,0.48486504,0.970735,0.9686781,0.92692155,0.96689546,0.90717447,0.9968357,0.9743004,0.89313716,0.9928957,0.8999008,0.99477875,0.96544826,0.98809904,0.9509604,0.995658,0.91801715,0.9714158,0.9798303,0.9920982,0.9583332,0.99123496,0.99096847,0.8386603,0.9351873,0.93463916,0.9840208,0.9951072,0.94721395,0.9872252,0.9881735,0.9862263,0.9018566,0.9714132,0.99434936,0.16600955,0.97027445,0.52808666,0.9521426,0.97912437,0.9838407,0.81569403,0.9959279,0.9791305,0.9934215,0.9809767,0.98902917,0.8680639,0.98674357,0.98870146,0.97875136,0.9845086,0.96766794,0.66620976,0.9959869,0.97664946,0.986107,0.8433184,0.97374976,0.9535574,0.9792298,0.9826423,0.99590784,0.9733655,0.9907216,0.9899928,0.8797259,0.93933237,0.8931869,0.9756091,0.9026829,0.7473411,0.9910948,0.93787843,0.9792311,0.9821594,0.983634,0.80302244,0.94058555,0.9927992,0.9830579,0.9850217,0.9718636,0.94007534,0.9907216,0.92850727,0.98610276,0.99022424,0.9813377
