movie,21bridgesmovie,47metersdown,abeautifuldaymovie,abominablemovie,adastramovie,adogsjourneymovie,aftermathmovie,aftermovie,ahiddenlifefilm,alitamovie,angelhasfallen,angrybirdsmovie,annabellemovie,annamovie,apollo11movie,arcticdogsmovie,arcticmovie,artofracingmovie,avengers,beachbummovie,bernadettefilm,blackandbluemovie,blackchristmas,blindedbythelightmovie,bombshellmovie,booksmart,breakthroughmovie,brianbanksmovie,brightburnmovie,brittanyrunsmov,captainmarvelofficial,captivestatemovie,catsmovie,charliesangels,childsplaymovie,clarathefilm,coldpursuitmovie,countdown,currentwarmovie,darkwatersmovie,detectivepikachumovie,disneyaladdin,disneyfrozen,disneymaleficent,doctorsleepmovie,dolemiteismyname,dontletgomovie,doramovie,downtonabbey_official,dumbo,escaperoom,everybodyknowsmovie,fastandfuriousmovie,fightingwmyfam,fivefeetapartfilm,fordvferrari,freaksthefilm,geminimanmovie,glassmovie,gloriabellmovie,godzillamovie,goldfinchmovie,goodboysmovie,goodliarmovie,gretafilm,halathemovie,happydeathdaymovie,harrietfilm,hellboymovie,hersmellmovie,highlifemovie,highstrungmovie,honeyboymovie,hotelmumbaifilm,httydragon,hustlemovie,hustlersmovie,isntitromantic,itmovieofficial,jayandsilentbob,johnwickmovie,jojorabbitmovie,jokermovie,judythefilm,jumanjimovie,justmercyfilm,knivesout,lalloronamovie,lastblackmansf,lastchristmasthemovie,latenightmovie,lighthousemovie,lionking,littlethemovie,littlewomenmovie,littlewoodsfilm,longshotmovie,lordsofchaosmovie,lucyintheskyfilm,mamovie2019,marriagestory,meettheaddams,meninblack,midsommarmovie,midwaymovie,missbalamovie,missinglinkfilm,motherlessbklyn,onceinhollywood,onthebasisofsex,overcomermovie,peanutbutterfalcon,petsematarymovie,piercingmovie,playingwithfire,playmobilthemovie,pomsmovie,queenandslim,rambomovie,readyornotfilm,richardjewellfilm,rocketmanmovie,scarystoriesmovie,secretlifeofpets,serenityfilm,shaftmovie,shazammovie,spidermanmovie,spiesindisguise,starwars,stormboymovie,stubermovie,taosdfilm,teenspiritmov,terminator,theaeronautsmov,thebestofenemies,thedeaddontdie,thefarewell,thehighwaymen,thehummingbirdprojectfilm,theintrudermovie,theirishmanfilm,thekitchenmovie,thelegomovie,themustangfilm,thenightingalefilm,theprodigymovie,thesunisalsoastar,theupsidefilm,tolkienmovie,toystory,triplefrontier,uglydolls,uncutgems,underthesilverlake,usmovie,wavesmovie,whatmenwant,wonderparkmovie,wrinklestheclown,xmenmovies,yardiefilm,yesterdaymovie,zombieland
21bridgesmovie,1.0,0.94877076,0.9715948,0.92829245,0.9824131,0.811912,0.9870481,0.989249,0.99177504,0.9457556,0.9576935,0.8273303,0.93611,0.97104234,0.987841,0.95682174,0.9710048,0.97393817,0.9914858,0.9764697,0.9720312,0.89589137,0.9803344,0.98696244,0.9730031,0.24298038,0.89423865,0.92897964,0.975375,0.9642257,0.9622082,0.95943224,0.8412461,0.91168165,0.5122736,0.3690549,0.98307866,0.94962335,0.98158276,0.96816194,0.94207525,0.9750192,0.89951473,0.9822779,0.9771739,0.8965947,0.96471703,0.97508556,0.9422222,0.98561865,0.96797,0.98735195,0.93717223,0.8593873,0.8985917,0.963937,0.9325343,0.98836374,0.98457664,0.984354,0.96285766,0.9634999,0.96154696,0.9457467,0.98756826,0.92014134,0.9562968,0.97507566,0.9781292,0.75935644,0.99090505,0.25769153,0.69475955,0.98571265,0.65932924,0.9041022,0.34715083,0.96430355,0.9595432,0.8953003,0.8861054,0.86590815,0.98045874,0.9228854,0.91806066,0.945327,0.87902594,0.97085935,0.8765314,0.9930151,0.9626999,0.99090505,0.90480864,0.9257559,0.9276518,0.94576985,0.97179526,0.9868863,0.951671,0.7422716,0.87554413,0.9723137,0.88798094,0.9706811,0.92771584,0.96061355,0.9881971,0.9314232,0.8846039,0.894702,0.99044526,0.23665176,0.974323,0.32048723,0.93150175,0.9946997,0.9968003,0.72099394,0.98785734,0.98595023,0.96546286,0.97415465,0.9877331,0.8082722,0.9781806,0.9794556,0.92473793,0.92914826,0.96143293,0.71716034,0.96924627,0.96251696,0.9781442,0.8851648,0.9738453,0.972204,0.9657432,0.9733052,0.9919135,0.9368426,0.99177504,0.93907005,0.8570768,0.90125257,0.9295617,0.97453463,0.8469732,0.641977,0.9619647,0.94928324,0.9661873,0.9572419,0.9727791,0.9270024,0.9501526,0.98484206,0.97900385,0.96912485,0.95859224,0.9514275,0.99177504,0.92712444,0.9914068,0.98282444,0.92055875
47metersdown,0.94877076,1.0,0.9558864,0.88088596,0.9300387,0.6920859,0.9462888,0.9612065,0.949326,0.87418115,0.93503904,0.7157827,0.94238734,0.9573378,0.9490866,0.96545935,0.9285082,0.93805313,0.94600105,0.91073847,0.957215,0.93222475,0.92466253,0.94079155,0.9227477,0.20242104,0.92401695,0.9414709,0.95906276,0.9023413,0.9568487,0.96176744,0.8297211,0.95360637,0.43966118,0.2978292,0.9248037,0.9459198,0.94455475,0.9442902,0.8873388,0.9500798,0.8617769,0.9596015,0.9405447,0.8401354,0.90805644,0.9094738,0.8839453,0.96324104,0.9432422,0.94838065,0.90832186,0.8536506,0.8483469,0.9092306,0.876095,0.9481731,0.9288828,0.9615224,0.9539821,0.8741853,0.9397347,0.94910544,0.9380983,0.91347575,0.9108834,0.9423666,0.932422,0.7256642,0.95325696,0.24585474,0.7063968,0.9585125,0.5924072,0.91209,0.2878181,0.96101636,0.9108048,0.8245226,0.89911205,0.869574,0.96226764,0.86610824,0.95988274,0.9099178,0.8565554,0.93125266,0.9011334,0.9486027,0.94339025,0.95325696,0.85333866,0.934888,0.8972242,0.920961,0.9593706,0.9286935,0.94810945,0.7235133,0.82327425,0.91216594,0.89377874,0.9492681,0.95499694,0.93289554,0.96583664,0.95448315,0.90457976,0.7933126,0.9460264,0.2424545,0.95873517,0.25540447,0.9388473,0.96152365,0.95136577,0.6887271,0.9498327,0.9497063,0.9526785,0.9541288,0.9428097,0.7012839,0.95600384,0.9679722,0.8658932,0.93943685,0.906564,0.6711305,0.9144065,0.8865342,0.9396679,0.88046575,0.95492727,0.9353388,0.94035697,0.9440808,0.95235777,0.8853415,0.949326,0.9491293,0.87007236,0.89154613,0.90068406,0.9251921,0.80526155,0.59300333,0.9630588,0.9442894,0.94664955,0.94958663,0.9274252,0.91155577,0.91091096,0.9541588,0.92923886,0.9676054,0.9557689,0.92366195,0.949326,0.9129183,0.9589422,0.9292487,0.9395996
abeautifuldaymovie,0.9715948,0.9558864,1.0,0.8918996,0.976174,0.77346253,0.97627014,0.9847812,0.98354286,0.9243447,0.97083163,0.791346,0.93949974,0.963035,0.9696238,0.97013503,0.97298884,0.9617681,0.9671166,0.93710434,0.9690093,0.9299701,0.96388936,0.97215945,0.9414426,0.324439,0.90335727,0.96094596,0.99329627,0.9448855,0.9652968,0.9703558,0.8410293,0.9318074,0.5478296,0.43349245,0.9767944,0.9412236,0.9610471,0.955501,0.9220917,0.9345329,0.84289676,0.9551194,0.97062755,0.90528256,0.94887733,0.95195234,0.9489951,0.9613663,0.98552257,0.9776777,0.87759745,0.90479505,0.8867533,0.9706831,0.9218654,0.96007514,0.96585685,0.9870679,0.964644,0.91598016,0.928142,0.9447408,0.9680833,0.88080746,0.9604408,0.97510535,0.9640028,0.7891901,0.98637956,0.33273757,0.768015,0.9856245,0.6700058,0.90334487,0.41233578,0.95529145,0.95840275,0.8208373,0.9131359,0.89765143,0.9775593,0.90180075,0.94440466,0.93404514,0.9039785,0.96655667,0.91087776,0.9811857,0.9471334,0.98637956,0.8765741,0.92263526,0.9629118,0.9605845,0.9618063,0.9602294,0.95311034,0.74968433,0.89653397,0.92233455,0.9208875,0.980097,0.96008354,0.9858631,0.98531276,0.92976767,0.9583943,0.90693855,0.9770659,0.30863646,0.96932775,0.38654894,0.93782705,0.9800059,0.9805244,0.7340692,0.9806071,0.9722867,0.9592565,0.9709066,0.9734007,0.75138223,0.9710163,0.9712459,0.9232241,0.9311699,0.92455447,0.72008616,0.97276604,0.9564252,0.9768957,0.8981916,0.96493083,0.9616099,0.931301,0.9607141,0.9804264,0.9468228,0.98354286,0.9686692,0.89764607,0.9291217,0.9289956,0.9667989,0.8596978,0.6708316,0.9444627,0.9636882,0.95942426,0.96601224,0.98106617,0.9164007,0.9078782,0.97667414,0.9578021,0.9669532,0.94942045,0.9495678,0.98354286,0.9399208,0.9765584,0.96997267,0.9534239
abominablemovie,0.92829245,0.88088596,0.8918996,1.0,0.9172527,0.8125046,0.94613355,0.9352519,0.9336078,0.8954872,0.88958484,0.84885335,0.9346159,0.93052983,0.91563725,0.90782917,0.9115829,0.9064123,0.9249362,0.92126983,0.896602,0.8255422,0.9394074,0.9179212,0.9122201,0.28639266,0.8754363,0.8534591,0.9058143,0.92856926,0.9090981,0.8863557,0.8577219,0.8377964,0.56913286,0.40729728,0.9308809,0.94462603,0.9521666,0.9111449,0.93246937,0.9431401,0.9178669,0.9454466,0.93164355,0.885104,0.9324892,0.9423651,0.9229238,0.94969255,0.91769344,0.9361649,0.93077207,0.81314254,0.89799994,0.90403265,0.95025575,0.9461976,0.9055278,0.92686915,0.9235267,0.93721557,0.91218823,0.9265638,0.92982084,0.86938834,0.9240502,0.9300416,0.89893144,0.83084816,0.935387,0.36161533,0.68690205,0.89761424,0.708198,0.9073203,0.398415,0.94100755,0.928894,0.8894836,0.8857647,0.8818968,0.94405663,0.91889596,0.8976016,0.8823834,0.8704228,0.9487003,0.84006417,0.9214913,0.8985742,0.935387,0.9054265,0.90124935,0.88989985,0.90275866,0.886481,0.9491156,0.924284,0.78157,0.86757004,0.9361179,0.8367389,0.91366786,0.8666916,0.91396064,0.92173856,0.9039937,0.81012326,0.80950993,0.94752985,0.35653046,0.93539315,0.37124822,0.89151895,0.93504006,0.93339616,0.7381852,0.93088573,0.9581904,0.94484854,0.9201821,0.93190455,0.8058955,0.93293846,0.91696024,0.9188323,0.8940256,0.9387075,0.79263747,0.92370653,0.91328704,0.91754085,0.8207866,0.93064344,0.91048163,0.95419025,0.91997385,0.94211656,0.9057847,0.9336078,0.8789992,0.8501289,0.90947205,0.93082035,0.9222169,0.8426049,0.6946602,0.94420606,0.8626094,0.93829525,0.91944987,0.9190087,0.81492466,0.9581424,0.94051707,0.93114996,0.90039265,0.9459721,0.9192114,0.9336078,0.9033482,0.9289518,0.9351597,0.9103232
adastramovie,0.9824131,0.9300387,0.976174,0.9172527,0.99999994,0.8194112,0.9871039,0.9882564,0.9915073,0.96743244,0.9429547,0.842001,0.9365704,0.9730732,0.97835594,0.96728134,0.97239214,0.9841742,0.96241224,0.97348565,0.94996136,0.90609765,0.9794905,0.9886059,0.96400934,0.28331244,0.8994396,0.9276294,0.97030926,0.97148234,0.9403959,0.952206,0.8703939,0.8787066,0.55716187,0.42232096,0.9885847,0.9406835,0.96683425,0.9570103,0.9627944,0.945369,0.8900735,0.95650774,0.97463787,0.93112105,0.9712658,0.9566071,0.94889444,0.9660837,0.97266656,0.97317874,0.9058102,0.8907162,0.92314506,0.9898615,0.9351502,0.9783394,0.9700505,0.98271096,0.96750575,0.94946903,0.93158334,0.9556177,0.9708269,0.9012108,0.97208154,0.9561498,0.9822726,0.7908943,0.9870132,0.31099644,0.740946,0.9787244,0.70131207,0.9080589,0.38824782,0.94368374,0.9556591,0.85705096,0.8559914,0.89549625,0.98018646,0.9343278,0.90057254,0.9521568,0.8913617,0.975389,0.88515306,0.9879652,0.9444537,0.9870132,0.9037537,0.93140626,0.9461934,0.93828547,0.9552253,0.9828161,0.94895285,0.7720464,0.91980445,0.95806944,0.8570533,0.9783202,0.9451849,0.969481,0.98196197,0.9378291,0.9062557,0.9123441,0.9862258,0.28723228,0.9629925,0.37111807,0.9080457,0.9836255,0.98824406,0.7634217,0.9853031,0.9791407,0.95215654,0.9623837,0.98908186,0.80979675,0.97620946,0.9689317,0.9502648,0.8959706,0.9530192,0.74979895,0.972339,0.97468984,0.96984774,0.8498136,0.9653437,0.9728279,0.9444802,0.9484145,0.9802789,0.9703303,0.9915073,0.9363954,0.88746095,0.9024863,0.92797023,0.9686879,0.88603127,0.68735313,0.9537773,0.9391449,0.9663942,0.95914435,0.9799976,0.8958687,0.9094249,0.9809244,0.9706519,0.95202935,0.9484855,0.9476772,0.9915073,0.9423514,0.9886753,0.9858093,0.9220204
adogsjourneymovie,0.811912,0.6920859,0.77346253,0.8125046,0.8194112,0.9999999,0.813372,0.81131244,0.80545944,0.8151814,0.7548454,0.98461175,0.78029406,0.73512954,0.7974054,0.7572252,0.8023126,0.81542146,0.7891863,0.7992784,0.75236636,0.6397421,0.8247068,0.7869724,0.75805616,0.14758788,0.6854384,0.7619156,0.7846367,0.85630924,0.74254876,0.7109247,0.7185016,0.6216358,0.35881343,0.27278307,0.8291527,0.82466483,0.81574976,0.78310925,0.8357505,0.79322654,0.8523914,0.7681969,0.7659416,0.77076375,0.8186399,0.85395193,0.8090465,0.8004802,0.79309195,0.80528414,0.7961242,0.63058275,0.7936659,0.819563,0.7813515,0.8130772,0.83910084,0.78252786,0.78629667,0.8572837,0.7065999,0.768601,0.79936516,0.6081979,0.76040125,0.79611653,0.7751984,0.5422354,0.8150813,0.23982137,0.5637048,0.77820605,0.47449473,0.7307764,0.16919096,0.75846636,0.84966356,0.8809733,0.6715266,0.678393,0.80649054,0.74953914,0.6807814,0.77723706,0.66291314,0.8209603,0.689968,0.7909995,0.79195845,0.8150813,0.8320106,0.71064305,0.76295656,0.7998577,0.7113897,0.8107366,0.72979516,0.53740513,0.7413394,0.81892574,0.72262126,0.76937354,0.70813614,0.7866863,0.780609,0.72310966,0.68432033,0.7951642,0.8248521,0.25900397,0.73942924,0.22265236,0.69435674,0.81690025,0.80655456,0.52121454,0.8177842,0.8236959,0.80806154,0.73906994,0.80400866,0.9454716,0.7854519,0.76074857,0.78745764,0.7690049,0.88491774,0.8470488,0.8185044,0.85740197,0.80208784,0.7100027,0.7594363,0.79522,0.7379504,0.81565964,0.79793125,0.83700114,0.80545944,0.7168317,0.6347172,0.81773627,0.88538265,0.82059276,0.64967674,0.44459748,0.7710712,0.7295641,0.79377174,0.7726018,0.8580354,0.71329856,0.7725108,0.8259098,0.75359493,0.7494612,0.7561617,0.7699312,0.80545944,0.7505492,0.8000505,0.8355146,0.7731405
aftermathmovie,0.9870481,0.9462888,0.97627014,0.94613355,0.9871039,0.813372,1.0,0.99273247,0.9947077,0.96426636,0.9504789,0.8379589,0.96145743,0.98189586,0.9861216,0.9764807,0.98536164,0.9827893,0.9730944,0.97338253,0.9623061,0.9233124,0.98806304,0.98887897,0.9690675,0.3008588,0.9204799,0.9497521,0.9748586,0.9613996,0.9639052,0.960048,0.89465135,0.9047204,0.5791841,0.44311193,0.98486304,0.9622239,0.9905789,0.9697747,0.96787655,0.9662394,0.90270674,0.9773971,0.98158365,0.9333745,0.98011464,0.9694249,0.9699416,0.98436785,0.9806066,0.982106,0.9367711,0.8857571,0.9309712,0.977713,0.9631218,0.9809545,0.96536964,0.9899306,0.97873,0.9551707,0.9508991,0.97224295,0.9825136,0.9060944,0.97379214,0.9720064,0.97664243,0.81635094,0.9928225,0.3534035,0.76272655,0.98242384,0.7205643,0.9427876,0.40942293,0.9676806,0.9651653,0.8810305,0.8962853,0.92099184,0.9928206,0.95029616,0.9265674,0.96523064,0.9141809,0.98733246,0.90659374,0.98642254,0.95488787,0.9928225,0.91959864,0.95104486,0.94845,0.95606095,0.96537286,0.98143095,0.9739239,0.80238795,0.9191413,0.974477,0.88225245,0.98313695,0.9555078,0.9746735,0.9858923,0.9551433,0.9059233,0.89339346,0.99718946,0.33291984,0.97619146,0.39339685,0.9297326,0.9924836,0.99358255,0.7785336,0.99194974,0.9954758,0.97285277,0.9717382,0.99480677,0.8115511,0.9907196,0.9744829,0.9591031,0.92471284,0.9622772,0.7681269,0.9703431,0.9670508,0.9833993,0.8749148,0.9742115,0.9671958,0.9727546,0.96732444,0.98761296,0.9586151,0.9947077,0.9530078,0.8998402,0.9168675,0.94485915,0.9745206,0.8923271,0.70411706,0.9729605,0.94708484,0.98935586,0.97065586,0.9808523,0.9054656,0.9390634,0.9926462,0.97975487,0.96970326,0.9730963,0.94991183,0.9947077,0.9495528,0.9927794,0.9927408,0.94777447
aftermovie,0.989249,0.9612065,0.9847812,0.9352519,0.9882564,0.81131244,0.99273247,1.0,0.9950442,0.9498997,0.9606044,0.83005494,0.9620973,0.9861933,0.9894779,0.9814772,0.98335326,0.9834213,0.97477055,0.96872234,0.97395325,0.9303985,0.98624176,0.98847234,0.95991814,0.29054454,0.92347753,0.95784754,0.98171073,0.9573834,0.966222,0.9720414,0.883977,0.9182634,0.5501219,0.4155911,0.9875925,0.96745205,0.98351413,0.9736986,0.96124154,0.970064,0.89994466,0.9818698,0.9842699,0.9236769,0.9744646,0.96660364,0.95859396,0.9875729,0.982166,0.98560125,0.93436503,0.88521516,0.92741174,0.9728015,0.9487529,0.98658746,0.9739302,0.994538,0.98328173,0.9431935,0.95259297,0.9746568,0.9845802,0.91353357,0.97423756,0.9753761,0.96952593,0.8009491,0.99570435,0.31903338,0.7470332,0.99032474,0.6982554,0.92973304,0.38971096,0.9758382,0.9679286,0.8682073,0.90216106,0.90705943,0.995692,0.93909293,0.9370885,0.95890987,0.902985,0.9826307,0.91489863,0.9921243,0.95758575,0.99570435,0.9144972,0.9436014,0.94817626,0.963885,0.96981686,0.9819703,0.9702528,0.78768384,0.90743005,0.96133655,0.8996191,0.98295164,0.9589876,0.97827965,0.99302036,0.95475346,0.920883,0.89173,0.9946213,0.30101338,0.97865117,0.36480352,0.93448836,0.99258214,0.99452204,0.7655546,0.9943308,0.98983747,0.9750485,0.9771281,0.9911742,0.7900469,0.989516,0.9813475,0.94514006,0.93006134,0.9564585,0.7591123,0.97881365,0.9660204,0.98660314,0.8881664,0.9790595,0.9680845,0.9681075,0.976034,0.99305236,0.9586767,0.9950442,0.95708513,0.89625907,0.92670584,0.9490279,0.9729342,0.8774513,0.6828817,0.97417146,0.9548793,0.97933465,0.9769704,0.9855934,0.9153102,0.9409409,0.992742,0.97981477,0.9775956,0.97352886,0.95475596,0.9950442,0.95592827,0.99289984,0.9907812,0.95114547
ahiddenlifefilm,0.99177504,0.949326,0.98354286,0.9336078,0.9915073,0.80545944,0.9947077,0.9950442,1.0,0.9579113,0.9661696,0.8275894,0.94940513,0.9837509,0.9900506,0.97166973,0.98675805,0.98011374,0.98130554,0.973913,0.97469467,0.9184928,0.99034774,0.99510247,0.97404635,0.30424073,0.9065035,0.94771004,0.9811834,0.9682306,0.9678354,0.9654727,0.8786609,0.9090991,0.5718705,0.4404567,0.99391353,0.954947,0.9837121,0.9740235,0.95457155,0.9611819,0.88910407,0.9785741,0.98824805,0.9312205,0.979605,0.9735722,0.96549493,0.98175806,0.98286974,0.9905698,0.92929053,0.8922278,0.9126501,0.980286,0.95193267,0.9850177,0.9818731,0.9927399,0.96848696,0.9564111,0.9593555,0.96190006,0.9862788,0.91475683,0.9779437,0.97680056,0.9799013,0.80554575,0.996223,0.32754153,0.7526183,0.99076873,0.7043116,0.9244072,0.41151163,0.9662392,0.9708659,0.86420727,0.8982381,0.90346533,0.9887,0.94463897,0.9232792,0.9578923,0.91405445,0.98547256,0.90708405,0.9961698,0.956263,0.996223,0.92059577,0.9382971,0.95346963,0.959726,0.9730837,0.9840572,0.9619385,0.782156,0.916488,0.9712049,0.88846225,0.98303425,0.95437723,0.9791318,0.9948129,0.93766063,0.9146871,0.9151754,0.99534273,0.29942885,0.980626,0.3910059,0.9379453,0.9923376,0.99785554,0.7626681,0.9974552,0.9886797,0.9666399,0.9812179,0.99230355,0.7902772,0.9870789,0.9821482,0.94773567,0.9196615,0.9506856,0.74843496,0.98239183,0.96964586,0.98550326,0.88424045,0.9815848,0.9787466,0.9658578,0.9729581,0.9934462,0.95994437,1.0,0.9508017,0.89818484,0.907833,0.9368806,0.9839057,0.88717383,0.69235766,0.9618942,0.95071995,0.9749915,0.9657924,0.9850213,0.9159944,0.93847466,0.98770857,0.98647827,0.9729304,0.9698311,0.9581469,1.0,0.95398325,0.99533755,0.99369115,0.9377637
alitamovie,0.9457556,0.87418115,0.9243447,0.8954872,0.96743244,0.8151814,0.96426636,0.9498997,0.9579113,1.0,0.8872473,0.8297485,0.91699886,0.9368711,0.9430339,0.93226516,0.955249,0.97383046,0.9162691,0.9547523,0.9022187,0.8756144,0.9568607,0.9589461,0.95750344,0.31347442,0.86785454,0.89493626,0.91970056,0.9233657,0.8972743,0.8936386,0.87440425,0.81054133,0.61503625,0.4881975,0.95577186,0.9122028,0.94662964,0.9176581,0.9655232,0.913696,0.87395346,0.9137786,0.9435311,0.9210917,0.96284246,0.92500573,0.9296655,0.9276127,0.93150204,0.92368096,0.9080025,0.8563908,0.9245747,0.9678421,0.94329345,0.9462256,0.92069346,0.9376184,0.938822,0.9402015,0.8968929,0.9327641,0.9253803,0.84299725,0.9455377,0.900505,0.9566375,0.7945052,0.9476574,0.37722436,0.751254,0.9381364,0.7559371,0.89140606,0.42418498,0.8897216,0.91212523,0.8376859,0.81459016,0.89731854,0.94696623,0.92495716,0.83513296,0.9605911,0.88056743,0.95600456,0.8613356,0.947131,0.8914517,0.9476574,0.89306474,0.92005056,0.9130204,0.8860659,0.9243855,0.94337314,0.9184403,0.8160607,0.9165982,0.9575194,0.77944183,0.94958204,0.92515296,0.92498374,0.92963487,0.9045411,0.8335783,0.8797351,0.95556486,0.3573151,0.9145295,0.42984474,0.8634048,0.95084184,0.9565796,0.8017107,0.9533778,0.9469579,0.9159757,0.9190393,0.9616893,0.8256833,0.9479426,0.91760206,0.9589951,0.84749067,0.9477839,0.7855112,0.921842,0.94868344,0.93547,0.80014104,0.9235037,0.92155206,0.9312008,0.90508723,0.932703,0.93639016,0.9579113,0.8804738,0.85927314,0.838619,0.90131897,0.92555064,0.90573686,0.7179792,0.91474384,0.9215982,0.94626796,0.91619015,0.9331135,0.8909706,0.8670913,0.9401778,0.9464309,0.91127217,0.9195695,0.90250707,0.9579113,0.9008715,0.9538436,0.96353936,0.8692855
angelhasfallen,0.9576935,0.93503904,0.97083163,0.88958484,0.9429547,0.7548454,0.9504789,0.9606044,0.9661696,0.8872473,1.0000001,0.76006854,0.91728646,0.9398695,0.94836515,0.92062473,0.96025836,0.923322,0.9630852,0.9100281,0.98353803,0.90316296,0.96286607,0.95257217,0.9152609,0.33422497,0.8568028,0.9396568,0.978976,0.9387753,0.96939,0.95898026,0.8011921,0.94693613,0.548323,0.43875167,0.969986,0.92149776,0.9562938,0.9662284,0.862665,0.9224288,0.8075406,0.9521618,0.9619438,0.8965113,0.9469441,0.9658128,0.93567353,0.9466832,0.97650856,0.97378707,0.86621815,0.8771902,0.8052356,0.9423746,0.9090608,0.94897944,0.96756756,0.96165735,0.9144353,0.90502834,0.9460099,0.8966525,0.96174777,0.88934726,0.952197,0.9724906,0.9409714,0.7801626,0.967616,0.30288988,0.76429564,0.9741627,0.66628677,0.8732459,0.42116094,0.93958527,0.96725607,0.79821783,0.9519831,0.86010325,0.9509312,0.87864274,0.9356901,0.90240115,0.9112228,0.95673704,0.91102904,0.9674677,0.9396434,0.967616,0.9129731,0.8957224,0.9597556,0.9561497,0.9530172,0.9427415,0.9190633,0.7405019,0.87329656,0.9167326,0.9424572,0.95126563,0.931384,0.97888124,0.9730189,0.865538,0.92901415,0.9179622,0.9536423,0.2726091,0.97318953,0.39918682,0.96398497,0.9617004,0.96718997,0.71377814,0.96821964,0.94508654,0.9420985,0.98307383,0.9402756,0.69831955,0.9492141,0.97332,0.8950904,0.9226958,0.8970473,0.7054782,0.9738999,0.92527694,0.95380014,0.9345955,0.9760081,0.9670351,0.9295464,0.9727998,0.96797216,0.9131793,0.9661696,0.96313614,0.8804851,0.8987024,0.9043229,0.9651606,0.8294857,0.647591,0.90680957,0.95026577,0.92580944,0.9239653,0.9587601,0.8880009,0.9081518,0.95414615,0.95342135,0.9663034,0.94958454,0.9579183,0.9661696,0.9380791,0.96058106,0.95257485,0.9419334
angrybirdsmovie,0.8273303,0.7157827,0.791346,0.84885335,0.842001,0.98461175,0.8379589,0.83005494,0.8275894,0.8297485,0.76006854,0.99999994,0.8145143,0.7666871,0.81227857,0.7899312,0.8155985,0.8291648,0.804456,0.82005805,0.76498663,0.67026746,0.84242815,0.810445,0.7900374,0.15832667,0.743572,0.7669824,0.80260706,0.88110155,0.7570216,0.7396659,0.7453726,0.643165,0.41396067,0.29554927,0.842421,0.85468215,0.8310183,0.8004947,0.8677771,0.8170669,0.89315826,0.79692376,0.7943766,0.8023775,0.8394719,0.8607269,0.8357231,0.8272083,0.80881,0.8270571,0.8169738,0.67921054,0.8305775,0.8400238,0.8058072,0.83662933,0.8458298,0.8043408,0.8110485,0.8822023,0.73828137,0.7997365,0.8131988,0.6533532,0.7833274,0.8141304,0.80274934,0.5951393,0.82981557,0.28038412,0.5669776,0.7922969,0.5148573,0.75473696,0.2090813,0.786629,0.86374295,0.90685993,0.68559813,0.7206296,0.8303509,0.7882136,0.712569,0.7861302,0.6922875,0.85044855,0.70078826,0.8113454,0.80861485,0.82981557,0.8428732,0.7536428,0.7821624,0.80127066,0.7284145,0.84037906,0.76699764,0.57335633,0.7751063,0.8403367,0.71101093,0.7909758,0.7396437,0.8047765,0.80423987,0.76119477,0.70885587,0.79942644,0.8488253,0.29698277,0.77084047,0.24698637,0.72326636,0.8357022,0.8233073,0.5630527,0.83331436,0.8518151,0.8370277,0.76124924,0.82849604,0.95737225,0.80843395,0.7847024,0.8218638,0.7739404,0.89102036,0.8702038,0.83867186,0.859739,0.810532,0.693231,0.787499,0.8135306,0.7599391,0.82515705,0.8147678,0.8649493,0.8275894,0.7379524,0.67920446,0.8452224,0.90970665,0.8368248,0.69220716,0.5169415,0.8058252,0.7431277,0.8265606,0.810361,0.8775436,0.7181008,0.80154794,0.840482,0.77331454,0.7650864,0.78551155,0.8049752,0.8275894,0.7792846,0.8196411,0.85028696,0.79358983
annabellemovie,0.93611,0.94238734,0.93949974,0.9346159,0.9365704,0.78029406,0.96145743,0.9620973,0.94940513,0.91699886,0.91728646,0.8145143,1.0,0.9581907,0.9311299,0.9734841,0.9429356,0.9520723,0.9151632,0.90225726,0.94322085,0.9473274,0.9520698,0.9357554,0.9069055,0.32540452,0.957569,0.9403809,0.94750684,0.9008352,0.93091273,0.95590365,0.8714707,0.9136313,0.6160496,0.4655514,0.93933266,0.9848737,0.95862406,0.9553838,0.9499594,0.9581828,0.91449696,0.9592694,0.95439655,0.92790776,0.9543135,0.9228138,0.937804,0.96844023,0.9548721,0.93871033,0.9310885,0.9022143,0.92825854,0.93342215,0.93881655,0.957032,0.90259606,0.95782596,0.97159415,0.89318717,0.92579234,0.96885234,0.93078196,0.8916146,0.9373353,0.93427455,0.927624,0.83747756,0.95008177,0.37465698,0.75915724,0.9471349,0.75360125,0.91844314,0.4399264,0.9482354,0.9416792,0.84960175,0.9106944,0.9478539,0.9777721,0.92591715,0.9551767,0.9326782,0.904056,0.9772433,0.92076296,0.9411684,0.9261626,0.95008177,0.9095859,0.98078126,0.9396282,0.91054004,0.9228708,0.9358468,0.96489906,0.84532464,0.91422296,0.9244941,0.85749483,0.96102667,0.9649688,0.9550035,0.94751066,0.95761144,0.9033923,0.8264946,0.9568955,0.3598557,0.9561984,0.42516345,0.93765175,0.9547162,0.94814247,0.8237579,0.95029306,0.9661726,0.98167276,0.9498504,0.951235,0.77204496,0.9679128,0.95187163,0.9599829,0.91266245,0.934066,0.82402766,0.93686646,0.89696956,0.92669904,0.84942096,0.9557188,0.91152626,0.95476395,0.9438678,0.94519585,0.93813795,0.94940513,0.95109475,0.92545915,0.9279115,0.96040976,0.9153364,0.8954753,0.748572,0.96706766,0.94287556,0.9797087,0.9684999,0.947942,0.8499067,0.910373,0.95475334,0.9276949,0.9587929,0.9778423,0.9446143,0.94940513,0.9452878,0.94877696,0.9463409,0.96558356
annamovie,0.97104234,0.9573378,0.963035,0.93052983,0.9730732,0.73512954,0.98189586,0.9861933,0.9837509,0.9368711,0.9398695,0.7666871,0.9581907,1.0000001,0.9814081,0.9825379,0.97173005,0.9705783,0.95303535,0.96299666,0.9616308,0.94321954,0.9771914,0.9855205,0.9557282,0.33268225,0.93225926,0.94235075,0.9561145,0.9290757,0.95770645,0.9662795,0.9073263,0.9093774,0.6059122,0.4674457,0.9698007,0.9513315,0.96739745,0.96354645,0.9554988,0.9585023,0.881434,0.97893804,0.98471844,0.93143517,0.9702566,0.94011176,0.95063615,0.9775367,0.96312267,0.96797436,0.93290883,0.8956043,0.9297217,0.9540238,0.9514127,0.9717776,0.9444895,0.987125,0.9751031,0.9117656,0.95729584,0.98157567,0.97130346,0.93957704,0.9748614,0.95283747,0.9553065,0.84837496,0.9797774,0.3537452,0.75598955,0.9769922,0.7508975,0.9368159,0.451963,0.97365737,0.9454573,0.81915456,0.8927278,0.92808205,0.986446,0.9630939,0.92629105,0.95660585,0.9245566,0.9727121,0.92102504,0.981051,0.9323542,0.9797774,0.8996193,0.95222646,0.9315049,0.94886905,0.96611303,0.96729875,0.9796859,0.83762234,0.9193191,0.9533906,0.8611461,0.97503334,0.9629444,0.9600594,0.9835505,0.96055436,0.90779644,0.8620587,0.9793907,0.32300603,0.97658694,0.41773662,0.9227747,0.9722635,0.9803863,0.81457967,0.98210055,0.97566766,0.9551565,0.9711361,0.98079735,0.71797985,0.98594266,0.97337,0.9474561,0.8906875,0.91911393,0.72672176,0.96321803,0.9341898,0.9726351,0.8582425,0.9727547,0.9508896,0.9780241,0.9525606,0.9811611,0.9466964,0.9837509,0.9426937,0.9191019,0.8893105,0.9143654,0.9510134,0.90750635,0.7370115,0.9689588,0.9319104,0.97271836,0.9694654,0.9587361,0.88885236,0.93156683,0.97535807,0.98557293,0.96681744,0.97404474,0.93731725,0.9837509,0.9638885,0.98279715,0.97919786,0.92971665
apollo11movie,0.987841,0.9490866,0.9696238,0.91563725,0.97835594,0.7974054,0.9861216,0.9894779,0.9900506,0.9430339,0.94836515,0.81227857,0.9311299,0.9814081,0.99999994,0.9669948,0.98490214,0.97530365,0.9745658,0.97752815,0.96428674,0.91276765,0.98027086,0.99260664,0.9670745,0.2769545,0.89472175,0.95460397,0.96277374,0.9499516,0.96395314,0.9509253,0.89276594,0.89457923,0.53636384,0.41567722,0.9776611,0.9418038,0.9771256,0.9615554,0.9464478,0.9561784,0.8788699,0.97366065,0.9744507,0.9096934,0.96517223,0.961365,0.94911313,0.9759902,0.96495104,0.9777807,0.9325181,0.8547998,0.9119417,0.95719,0.9434023,0.9714333,0.9744892,0.9872216,0.9670585,0.9405621,0.94735557,0.9637931,0.9864281,0.90370387,0.96443045,0.96072435,0.961067,0.77586645,0.9897918,0.32290542,0.74200636,0.9861326,0.67821056,0.9291413,0.37621114,0.9671653,0.95801276,0.86300576,0.8748585,0.8833771,0.9808699,0.9402937,0.90130997,0.965567,0.89988166,0.96278083,0.907933,0.9879181,0.94803905,0.9897918,0.9083814,0.916043,0.9188155,0.9684396,0.97267264,0.9683758,0.9583994,0.77030057,0.890056,0.9698044,0.8843809,0.96836734,0.9398421,0.9569774,0.98698664,0.9403583,0.8923225,0.8886082,0.98655444,0.29823053,0.96218973,0.35826933,0.91139036,0.9832408,0.99037665,0.74368614,0.99160206,0.9787854,0.9482587,0.9610298,0.98732626,0.7780957,0.98100275,0.96820194,0.9208427,0.90874135,0.93927586,0.73224133,0.9655636,0.96079654,0.9918981,0.8840467,0.9654894,0.9655954,0.96515757,0.9652955,0.987417,0.93801075,0.9900506,0.93241394,0.87164456,0.8869412,0.9172161,0.9726711,0.8681222,0.6533953,0.9592442,0.9327132,0.9636856,0.95441145,0.97258645,0.925387,0.93369216,0.9857087,0.985148,0.9665494,0.95945936,0.9226605,0.9900506,0.9384845,0.9887844,0.98968035,0.92058593
arcticdogsmovie,0.95682174,0.96545935,0.97013503,0.90782917,0.96728134,0.7572252,0.9764807,0.9814772,0.97166973,0.93226516,0.92062473,0.7899312,0.9734841,0.9825379,0.9669948,1.0,0.96001434,0.97778434,0.9352236,0.938247,0.94828814,0.96004,0.9573773,0.96655977,0.93856496,0.3032458,0.9474327,0.95906276,0.96211815,0.9170732,0.94774157,0.9652253,0.89367217,0.9082605,0.5810924,0.4468432,0.955337,0.9607782,0.95605236,0.9500521,0.95878446,0.9512464,0.88982654,0.96027774,0.9660528,0.92639226,0.9527633,0.9234693,0.9422727,0.969612,0.96469754,0.9513111,0.91793394,0.914877,0.94506776,0.95673776,0.9288782,0.9603246,0.92862105,0.9853535,0.98808503,0.89200723,0.9208546,0.98698807,0.95287496,0.9011769,0.9505239,0.94090855,0.9520916,0.8213642,0.97349006,0.34783274,0.7654558,0.9688834,0.7205051,0.9353246,0.41974843,0.9623425,0.9362771,0.824345,0.8754347,0.9457622,0.9879247,0.9416011,0.94385344,0.95681065,0.9106703,0.9668521,0.92578757,0.967284,0.9387496,0.97349006,0.873143,0.96677285,0.93960196,0.93706536,0.94958264,0.947645,0.9791413,0.8182391,0.9216117,0.9291339,0.85970736,0.9823525,0.9771533,0.960636,0.97229147,0.98113227,0.93472564,0.84321356,0.97091126,0.32507017,0.95841247,0.39329457,0.9124142,0.9694054,0.9671213,0.80404454,0.9698985,0.97545457,0.9637245,0.95129704,0.9765276,0.75338924,0.98295,0.96393234,0.94731325,0.90481526,0.92831254,0.75973105,0.9467812,0.9299282,0.96146625,0.84940267,0.9523872,0.9323536,0.95376354,0.93713546,0.9664082,0.9576932,0.97166973,0.9514411,0.9302681,0.91105264,0.93292534,0.93266404,0.90155554,0.7206841,0.9731499,0.9433833,0.98173845,0.9806993,0.96443295,0.88699114,0.9020395,0.97380733,0.9516504,0.96076256,0.9649956,0.92814505,0.97166973,0.9507346,0.97106564,0.9659895,0.9503845
arcticmovie,0.9710048,0.9285082,0.97298884,0.9115829,0.97239214,0.8023126,0.98536164,0.98335326,0.98675805,0.955249,0.96025836,0.8155985,0.9429356,0.97173005,0.98490214,0.96001434,0.9999998,0.9678275,0.95526534,0.95614153,0.96699935,0.9248735,0.9872079,0.98571444,0.9512645,0.35425776,0.9002181,0.9711025,0.9648016,0.9380948,0.95905375,0.94957995,0.9083954,0.8998154,0.61688334,0.5059074,0.98098826,0.9437282,0.9787776,0.96584177,0.9455154,0.93649673,0.8597546,0.9604825,0.977959,0.9366242,0.97896516,0.9608606,0.9713102,0.9631058,0.97612923,0.97320145,0.9180497,0.87798476,0.90593886,0.96453035,0.9648543,0.96109176,0.96199554,0.98028296,0.961406,0.9308793,0.94232893,0.9592662,0.97516066,0.8735029,0.9790858,0.95950186,0.9506452,0.8195895,0.9845145,0.40272933,0.797625,0.9856717,0.7406922,0.9276202,0.45296976,0.9555608,0.970542,0.83345115,0.90475935,0.9125688,0.9794071,0.94021934,0.9008513,0.9723952,0.9276755,0.97734165,0.9355118,0.97741205,0.92681104,0.9845145,0.9331434,0.92253876,0.9483908,0.9705915,0.9672942,0.95469713,0.95573235,0.81972337,0.9186869,0.9640572,0.88886994,0.9721888,0.95960635,0.97549164,0.9781648,0.91939944,0.9128528,0.9093562,0.98242986,0.37425825,0.9608223,0.4465414,0.9280174,0.9748772,0.98400986,0.7895628,0.99088407,0.9721578,0.95273155,0.966504,0.9771507,0.76612175,0.9771685,0.95911056,0.94839984,0.90338117,0.92858756,0.7821816,0.97431064,0.9569204,0.98714334,0.89554495,0.9697175,0.95538366,0.95552427,0.96917665,0.9760483,0.9437988,0.98675805,0.9442788,0.89199376,0.8985902,0.9329268,0.9746714,0.89681786,0.71466297,0.941632,0.9471574,0.9659146,0.95065355,0.97765017,0.91469824,0.9132574,0.9771872,0.9791331,0.969362,0.9629576,0.92790747,0.98675805,0.9555108,0.9807021,0.99132174,0.9364798
artofracingmovie,0.97393817,0.93805313,0.9617681,0.9064123,0.9841742,0.81542146,0.9827893,0.9834213,0.98011374,0.97383046,0.923322,0.8291648,0.9520723,0.9705783,0.97530365,0.97778434,0.9678275,1.0,0.9477353,0.96675843,0.9474935,0.9336254,0.97216606,0.9750105,0.9593882,0.28903034,0.89884645,0.94228715,0.9599152,0.94314176,0.9467228,0.9505092,0.882671,0.87389654,0.5567985,0.43367806,0.97492296,0.94718397,0.96755934,0.9580203,0.9694068,0.9553449,0.89054084,0.95450956,0.9631463,0.93217856,0.9710912,0.9479536,0.94179916,0.9667618,0.9671297,0.95409083,0.9292762,0.8806755,0.941238,0.97975427,0.9316289,0.97266704,0.9510585,0.9786974,0.97241527,0.92923963,0.9197588,0.96550417,0.96186906,0.89331883,0.95756054,0.9381119,0.9756714,0.7788282,0.97877175,0.31913462,0.76951575,0.971855,0.7123994,0.9312146,0.3938358,0.9358197,0.9350342,0.85523444,0.84402114,0.9149324,0.980988,0.9438058,0.9038549,0.97532934,0.89426607,0.96872926,0.9024881,0.97836447,0.9550671,0.97877175,0.89265776,0.9527315,0.9381312,0.9305554,0.94738275,0.9604739,0.9547151,0.7978822,0.9238356,0.95670646,0.85215884,0.9803724,0.95276684,0.9557889,0.9685411,0.95299387,0.8978009,0.8852426,0.97824436,0.29730698,0.95102143,0.38113374,0.893827,0.9788094,0.9802887,0.79374546,0.9776573,0.97420007,0.94996846,0.9499744,0.9891091,0.8126764,0.9853245,0.9634448,0.9515476,0.90037656,0.96436065,0.7716903,0.94929385,0.96304506,0.96473944,0.8578216,0.9502343,0.9530368,0.9584914,0.9425403,0.9679969,0.9658762,0.98011374,0.9374216,0.90039927,0.87341756,0.92168456,0.9449421,0.89435565,0.680023,0.95587444,0.94322526,0.97529566,0.95756906,0.9662128,0.8983708,0.8943935,0.978233,0.9629007,0.95514745,0.9559928,0.9326264,0.98011374,0.9359373,0.9809064,0.98050123,0.92532045
avengers,0.9914858,0.94600105,0.9671166,0.9249362,0.96241224,0.7891863,0.9730944,0.97477055,0.98130554,0.9162691,0.9630852,0.804456,0.9151632,0.95303535,0.9745658,0.9352236,0.95526534,0.9477353,1.0000001,0.9581082,0.96727836,0.86963964,0.9633315,0.9716543,0.96760786,0.25138652,0.8665112,0.9131106,0.97426474,0.9594017,0.96787065,0.9486631,0.8046311,0.9138935,0.48037702,0.3487604,0.972135,0.93521637,0.97384757,0.95531434,0.9082651,0.962263,0.87368107,0.97496414,0.9642723,0.86620975,0.9416777,0.97291553,0.9301891,0.97461164,0.9601784,0.9886488,0.9191299,0.84371364,0.8586325,0.94433224,0.9212855,0.9743819,0.98373693,0.9723701,0.9383197,0.96383226,0.95833623,0.9192028,0.98107255,0.90944123,0.9392869,0.9817453,0.9669551,0.7375182,0.9811937,0.26194206,0.6860479,0.9733017,0.61099505,0.89280474,0.3373455,0.9570525,0.9529217,0.89010906,0.89972943,0.83862936,0.96293557,0.89561766,0.9218132,0.914797,0.8693344,0.95532787,0.85661024,0.98329705,0.96041393,0.9811937,0.8892766,0.9005028,0.9179771,0.9440292,0.9651607,0.9767074,0.93196994,0.69364715,0.8459947,0.9571568,0.90960497,0.9536956,0.9048145,0.95257217,0.9816194,0.9077754,0.8769578,0.896553,0.97941387,0.2398391,0.9698298,0.31269708,0.93759,0.98514646,0.986228,0.66652936,0.9769673,0.9757524,0.9544289,0.9697698,0.97159857,0.7890055,0.96128523,0.97195625,0.89127094,0.939888,0.944955,0.6816133,0.95802987,0.95178056,0.9704401,0.89494896,0.966295,0.9708006,0.95360684,0.9690408,0.986699,0.9094699,0.98130554,0.9328886,0.84180886,0.8951431,0.9124087,0.9757035,0.81597716,0.60112506,0.9476626,0.93820274,0.94694674,0.9395318,0.9594233,0.93118644,0.9574546,0.9720137,0.969169,0.9594574,0.949071,0.94876593,0.98130554,0.90517,0.977357,0.96566623,0.9150942
beachbummovie,0.9764697,0.91073847,0.93710434,0.92126983,0.97348565,0.7992784,0.97338253,0.96872234,0.973913,0.9547523,0.9100281,0.82005805,0.90225726,0.96299666,0.97752815,0.938247,0.95614153,0.96675843,0.9581082,1.0000001,0.92352337,0.8671679,0.96455455,0.9761482,0.9655128,0.23348558,0.8587296,0.88862044,0.9390739,0.95506006,0.9389,0.9202732,0.8616556,0.8438334,0.5076811,0.36576712,0.96129686,0.9092516,0.96215767,0.9408058,0.95277023,0.93925464,0.8717939,0.9494545,0.9496372,0.8817259,0.9554121,0.95208156,0.934794,0.95421267,0.94214624,0.95893043,0.9174789,0.8050749,0.91006184,0.9582946,0.9325495,0.96065915,0.9552026,0.9598465,0.941572,0.9502766,0.92253876,0.93824816,0.9727104,0.8864667,0.95585793,0.94206387,0.9643127,0.7653172,0.9692189,0.3045882,0.70240706,0.9497042,0.67304665,0.91526204,0.33687627,0.9408514,0.91564846,0.86935663,0.83391,0.8500468,0.95712554,0.9397743,0.8611404,0.93611944,0.86171305,0.94904363,0.8344088,0.9736951,0.93653554,0.9692189,0.86716837,0.89315116,0.8885029,0.9269053,0.9320108,0.9771346,0.94284654,0.74806523,0.86467695,0.96230394,0.84169185,0.94585055,0.9041263,0.92452306,0.9579152,0.91963357,0.842821,0.8599897,0.97407037,0.29892883,0.93928915,0.30879757,0.860158,0.9701291,0.9756711,0.7255217,0.9676834,0.968136,0.9207074,0.9375187,0.98020387,0.805717,0.9691855,0.94313645,0.9175707,0.88623816,0.94800884,0.7049649,0.94273454,0.96288157,0.9655305,0.8550669,0.93657225,0.9547455,0.9581591,0.9384009,0.9640604,0.9265046,0.973913,0.8960276,0.8256649,0.84874773,0.89048856,0.9501022,0.83778006,0.6397963,0.93866813,0.89561695,0.9465293,0.9231075,0.9426896,0.8917708,0.91273075,0.96743166,0.9776494,0.91793936,0.92280626,0.9071745,0.973913,0.90868795,0.9783451,0.97193563,0.87745136
bernadettefilm,0.9720312,0.957215,0.9690093,0.896602,0.94996136,0.75236636,0.9623061,0.97395325,0.97469467,0.9022187,0.98353803,0.76498663,0.94322085,0.9616308,0.96428674,0.94828814,0.96699935,0.9474935,0.96727836,0.92352337,0.99999994,0.93095416,0.9730504,0.9642248,0.93471974,0.3169673,0.8985205,0.95364404,0.9751214,0.9274467,0.9728432,0.97840035,0.83544576,0.9607053,0.5619336,0.4307482,0.9715376,0.9455357,0.96442,0.98167896,0.8926382,0.96062064,0.8587473,0.9787653,0.9783272,0.9074513,0.9605691,0.9632265,0.9380005,0.97330564,0.9714143,0.97894055,0.9217634,0.8905494,0.84718835,0.93968534,0.91311854,0.9732833,0.9699444,0.97662497,0.94040656,0.9060208,0.9726643,0.9304141,0.96986055,0.9254859,0.952301,0.97094315,0.9469707,0.77882147,0.9750157,0.27685818,0.7403513,0.9871708,0.6852734,0.8940772,0.41914675,0.9628394,0.9642915,0.8248837,0.93005127,0.88284403,0.9711526,0.90679944,0.9443675,0.9351053,0.90668106,0.9657056,0.9306083,0.97724277,0.9503774,0.9750157,0.917627,0.93401986,0.9521061,0.94821554,0.97301424,0.9484546,0.9425693,0.77599126,0.8826386,0.94253427,0.91486907,0.96777546,0.95014507,0.9723922,0.98410904,0.9004545,0.9272218,0.8937622,0.9651095,0.24114086,0.98295635,0.38499594,0.97041684,0.9742099,0.9782922,0.7539304,0.97689193,0.95904624,0.96466476,0.99054635,0.95607007,0.7113402,0.96779937,0.98801225,0.91321725,0.92546946,0.91369814,0.72353864,0.9737956,0.9177057,0.95890456,0.92440754,0.9853687,0.9571216,0.95292354,0.98229605,0.97648734,0.92547184,0.97469467,0.96364534,0.89138085,0.8923635,0.9223408,0.9629873,0.84919584,0.67613816,0.9360031,0.9635188,0.9507305,0.9508363,0.9648954,0.90920764,0.9270926,0.9633332,0.96284926,0.9887732,0.96943223,0.9602047,0.97469467,0.95805097,0.9731883,0.9639939,0.9385082
