movie,21bridgesmovie,47metersdown,abeautifuldaymovie,abominablemovie,adastramovie,adogsjourneymovie,aftermathmovie,aftermovie,ahiddenlifefilm,alitamovie,angelhasfallen,angrybirdsmovie,annabellemovie,annamovie,apollo11movie,arcticdogsmovie,arcticmovie,artofracingmovie,avengers,beachbummovie,bernadettefilm,blackandbluemovie,blackchristmas,blindedbythelightmovie,bombshellmovie,booksmart,breakthroughmovie,brianbanksmovie,brightburnmovie,brittanyrunsmov,captainmarvelofficial,captivestatemovie,catsmovie,charliesangels,childsplaymovie,clarathefilm,coldpursuitmovie,countdown,currentwarmovie,darkwatersmovie,detectivepikachumovie,disneyaladdin,disneyfrozen,disneymaleficent,doctorsleepmovie,dolemiteismyname,dontletgomovie,doramovie,downtonabbey_official,dumbo,escaperoom,everybodyknowsmovie,fastandfuriousmovie,fightingwmyfam,fivefeetapartfilm,fordvferrari,freaksthefilm,geminimanmovie,glassmovie,gloriabellmovie,godzillamovie,goldfinchmovie,goodboysmovie,goodliarmovie,gretafilm,halathemovie,happydeathdaymovie,harrietfilm,hellboymovie,hersmellmovie,highlifemovie,highstrungmovie,honeyboymovie,hotelmumbaifilm,httydragon,hustlemovie,hustlersmovie,isntitromantic,itmovieofficial,jayandsilentbob,johnwickmovie,jojorabbitmovie,jokermovie,judythefilm,jumanjimovie,justmercyfilm,knivesout,lalloronamovie,lastblackmansf,lastchristmasthemovie,latenightmovie,lighthousemovie,lionking,littlethemovie,littlewomenmovie,littlewoodsfilm,longshotmovie,lordsofchaosmovie,lucyintheskyfilm,mamovie2019,marriagestory,meettheaddams,meninblack,midsommarmovie,midwaymovie,missbalamovie,missinglinkfilm,motherlessbklyn,onceinhollywood,onthebasisofsex,overcomermovie,peanutbutterfalcon,petsematarymovie,piercingmovie,playingwithfire,playmobilthemovie,pomsmovie,queenandslim,rambomovie,readyornotfilm,richardjewellfilm,rocketmanmovie,scarystoriesmovie,secretlifeofpets,serenityfilm,shaftmovie,shazammovie,spidermanmovie,spiesindisguise,starwars,stormboymovie,stubermovie,taosdfilm,teenspiritmov,terminator,theaeronautsmov,thebestofenemies,thedeaddontdie,thefarewell,thehighwaymen,thehummingbirdprojectfilm,theintrudermovie,theirishmanfilm,thekitchenmovie,thelegomovie,themustangfilm,thenightingalefilm,theprodigymovie,thesunisalsoastar,theupsidefilm,tolkienmovie,toystory,triplefrontier,uglydolls,uncutgems,underthesilverlake,usmovie,wavesmovie,whatmenwant,wonderparkmovie,wrinklestheclown,xmenmovies,yardiefilm,yesterdaymovie,zombieland
21bridgesmovie,1.0000001,0.91823375,0.9728935,0.90341777,0.95440173,0.87243193,0.9724316,0.9806187,0.98370105,0.94146585,0.93033004,0.870502,0.93683004,0.97304416,0.96631503,0.9403439,0.95649034,0.962136,0.9766157,0.9649347,0.9502327,0.90709406,0.9749848,0.97315454,0.92370355,0.6177704,0.8684593,0.9337967,0.9632853,0.96300286,0.9460138,0.9024219,0.9070742,0.85290504,0.56139773,0.52638054,0.9615623,0.9479046,0.9649583,0.92044675,0.881665,0.9371779,0.90776837,0.96049035,0.9726034,0.94192916,0.96357244,0.95892274,0.8635514,0.97210914,0.94551075,0.9689886,0.8776224,0.91345793,0.79565436,0.96498024,0.9270305,0.97085255,0.9677917,0.9691193,0.96169806,0.98051864,0.95773256,0.92398566,0.9139753,0.8713705,0.94192886,0.968933,0.9588391,0.8528919,0.9749814,0.67377096,0.8730172,0.9858506,0.85248685,0.9677266,0.6034164,0.97280836,0.9672598,0.9141413,0.8964644,0.9470137,0.95682704,0.93312615,0.84784,0.968238,0.9009892,0.9728155,0.86316925,0.9767895,0.96759236,0.9749814,0.9270277,0.948196,0.87723273,0.9296287,0.95324963,0.9824814,0.97015876,0.8899701,0.9107897,0.95149744,0.8682351,0.9600353,0.8977619,0.9383615,0.9801714,0.8770308,0.8988541,0.8741018,0.98394865,0.5817478,0.94243366,0.5161325,0.87345165,0.98350066,0.9910596,0.85959345,0.98471624,0.9737268,0.97280836,0.97215503,0.97383803,0.8446442,0.9656302,0.96382546,0.9616634,0.9421668,0.92106736,0.8668764,0.97809803,0.9453242,0.97126347,0.795093,0.96219075,0.9685216,0.9822922,0.9413305,0.97637635,0.9615804,0.98370105,0.9220475,0.88736707,0.886517,0.8774739,0.95761347,0.9256765,0.7282225,0.9370615,0.9559062,0.9413979,0.96189547,0.98140526,0.8161067,0.9419319,0.97140867,0.9551231,0.9556524,0.94876474,0.93970054,0.98370105,0.90784717,0.962296,0.9728223,0.91702205
47metersdown,0.91823375,1.0000001,0.91792524,0.8676142,0.90820426,0.8331557,0.9132522,0.93566495,0.9118371,0.91905355,0.91940314,0.8714283,0.9153756,0.9450944,0.9211338,0.9266122,0.91551137,0.893698,0.9395498,0.87906253,0.94914144,0.8766596,0.92688715,0.89005786,0.8133634,0.5740113,0.9040353,0.87464017,0.8937571,0.907404,0.90243465,0.9404309,0.80704397,0.80439734,0.6602043,0.5024118,0.8774099,0.9278605,0.94142115,0.9134223,0.898259,0.8866918,0.8374698,0.89109,0.9330712,0.8523427,0.9307606,0.9167551,0.85594,0.90507096,0.90813935,0.93692005,0.8653728,0.92044294,0.85039085,0.91793627,0.8856821,0.9126128,0.92146856,0.8927348,0.8835976,0.8894314,0.9236137,0.8787871,0.9507038,0.8346455,0.88312435,0.9074093,0.92119485,0.7425197,0.8972814,0.61035234,0.82669663,0.9060274,0.8554668,0.8715112,0.6628958,0.91155815,0.93843096,0.8516764,0.87222624,0.934367,0.9067333,0.8741516,0.86761665,0.8989272,0.91568446,0.91143566,0.8348393,0.89891785,0.8755985,0.8972814,0.9272732,0.9410383,0.84238297,0.9242959,0.8970656,0.8891383,0.91767126,0.8856081,0.8348705,0.9320594,0.85893697,0.92338175,0.967063,0.9012133,0.8989135,0.83639026,0.8880212,0.93702596,0.91716444,0.5948805,0.9111572,0.534511,0.90577066,0.9289769,0.8941272,0.86919653,0.91390663,0.9121482,0.90920806,0.9377789,0.9120294,0.81540304,0.91516155,0.92562366,0.93241554,0.9481213,0.9222426,0.72990745,0.92466754,0.9080716,0.8956894,0.7592609,0.8813376,0.89725775,0.8840785,0.9041101,0.90743345,0.872463,0.9118371,0.9285707,0.8374293,0.85929954,0.9089912,0.9214837,0.90474534,0.8428421,0.900855,0.8811553,0.923054,0.9419735,0.90130734,0.82645786,0.8542842,0.90043205,0.91636395,0.93002105,0.9154234,0.90835255,0.9118371,0.9114257,0.9018519,0.93404096,0.9188723
abeautifuldaymovie,0.9728935,0.91792524,1.0,0.90778774,0.96654224,0.8224259,0.98354495,0.97130704,0.9859314,0.938657,0.9466981,0.8993634,0.9432738,0.97016776,0.97850955,0.94543946,0.95549375,0.9577035,0.9416228,0.9788859,0.9601105,0.9322183,0.95918024,0.9744429,0.9311703,0.6699917,0.8678946,0.92306274,0.99322724,0.96659297,0.9583478,0.9082315,0.8950778,0.9261826,0.56693286,0.48874503,0.97188795,0.9428815,0.9636701,0.90763736,0.904742,0.9565462,0.86385185,0.97593755,0.98029155,0.92391527,0.94971853,0.95329994,0.83702046,0.98239535,0.97960037,0.9677098,0.8365425,0.90249926,0.79712117,0.95460504,0.89197195,0.97402036,0.94046515,0.9688092,0.95694286,0.95130646,0.94895786,0.92558706,0.9382449,0.8946464,0.9481329,0.96484894,0.98020434,0.7670425,0.97409266,0.6970926,0.8517093,0.9779248,0.7851861,0.9516533,0.580957,0.97851294,0.955452,0.85190946,0.881577,0.9558156,0.9737292,0.9100553,0.87337947,0.94906986,0.8954365,0.9741913,0.8590257,0.9740076,0.9530669,0.97409266,0.9179713,0.92944705,0.9177855,0.9338806,0.96058893,0.9651104,0.96493983,0.830835,0.90650743,0.97431576,0.9031808,0.9609481,0.9047213,0.9794502,0.98548883,0.8802057,0.9414085,0.8627935,0.98093957,0.5803826,0.94428307,0.47872066,0.8913239,0.9668235,0.9767486,0.8109338,0.9855585,0.98160005,0.9842529,0.9612481,0.98246866,0.83747584,0.98259026,0.9674606,0.94711876,0.9297134,0.91968995,0.77072954,0.97144955,0.9460204,0.9690991,0.8185159,0.9649458,0.97534734,0.94255894,0.9400535,0.97927314,0.93550336,0.9859314,0.96307427,0.8904396,0.9039133,0.9313457,0.94269425,0.88808703,0.7225066,0.91475296,0.9457625,0.9558245,0.9700435,0.96209735,0.7961573,0.9273355,0.9693323,0.9770119,0.95030105,0.9274137,0.91720724,0.9859314,0.8967841,0.9675911,0.96074176,0.94729775
abominablemovie,0.90341777,0.8676142,0.90778774,0.9999999,0.94115806,0.8776228,0.87125915,0.89611906,0.91022533,0.9194261,0.93140495,0.8697125,0.95514274,0.9324203,0.92580307,0.9143356,0.964565,0.8876243,0.890848,0.9262941,0.92251307,0.9632648,0.88462216,0.872036,0.8810872,0.70792073,0.8832302,0.95056283,0.91422874,0.90531945,0.9445756,0.8621568,0.8042343,0.89986473,0.65648663,0.59451604,0.91290593,0.9494637,0.8641936,0.8881733,0.86170983,0.96021044,0.8734353,0.9523282,0.9089016,0.82151383,0.88492954,0.91106725,0.89586496,0.94145536,0.94274455,0.91799027,0.89395255,0.88742673,0.76100415,0.92999774,0.904926,0.9235972,0.92578703,0.8643135,0.9043573,0.90481174,0.8618512,0.90853274,0.89524645,0.9028948,0.84949833,0.93948704,0.9091926,0.8195808,0.8774452,0.65694696,0.83381313,0.92830473,0.8197543,0.85593975,0.7018472,0.8943252,0.9229288,0.82337487,0.88802385,0.892472,0.89812106,0.86666816,0.95894665,0.909152,0.9265221,0.92723113,0.8424617,0.8847148,0.90150565,0.8774452,0.80320215,0.8723641,0.9353501,0.9332638,0.8730935,0.9171773,0.9223251,0.8650085,0.8992042,0.91742516,0.8996194,0.89647937,0.88729864,0.9293999,0.90983444,0.9154319,0.92091334,0.85360456,0.90907043,0.6276314,0.8906899,0.61427915,0.84581584,0.9521805,0.91309655,0.84514207,0.90716475,0.86976546,0.9154938,0.8970496,0.9034453,0.93493325,0.91416055,0.95555234,0.9416287,0.8666194,0.8891205,0.75411403,0.8985841,0.9308768,0.9342327,0.9341125,0.8826783,0.9044319,0.894338,0.8698608,0.89139956,0.86984694,0.91022533,0.90231913,0.8741057,0.9276835,0.87920296,0.90125203,0.9088479,0.7768908,0.90850794,0.9671652,0.8754696,0.9192822,0.8907284,0.72979796,0.87035024,0.8747485,0.9170387,0.8693236,0.8870304,0.90091,0.91022533,0.860912,0.87321794,0.89733374,0.9512994
adastramovie,0.95440173,0.90820426,0.96654224,0.94115806,1.0000001,0.8841906,0.96176046,0.9599405,0.9789793,0.9603332,0.9715756,0.90982324,0.9694899,0.98113513,0.98307383,0.9755099,0.9684017,0.9722425,0.92208767,0.9728048,0.97374254,0.9325923,0.96391964,0.95879465,0.9533965,0.69955605,0.91676706,0.93567306,0.9668568,0.96433383,0.9591199,0.9091233,0.90118814,0.9208323,0.6564995,0.58929914,0.98063654,0.94570637,0.9582199,0.90608203,0.9374799,0.96479154,0.9040894,0.965089,0.97775096,0.9083844,0.95937926,0.96630174,0.91751456,0.9764911,0.9697091,0.9718035,0.8427066,0.88141525,0.8202166,0.9795544,0.9146643,0.97793514,0.9573471,0.95785755,0.9704747,0.9424364,0.9493313,0.95040494,0.9412274,0.9334615,0.9495968,0.9697715,0.97618437,0.8297779,0.96645963,0.71863836,0.89872783,0.96843493,0.8534033,0.9391114,0.6928963,0.959774,0.956461,0.88287735,0.9089857,0.9394033,0.98300505,0.939566,0.90366656,0.96461236,0.93860525,0.96569973,0.9181534,0.9666264,0.9425529,0.96645963,0.8724663,0.90842354,0.9423952,0.96375847,0.9639804,0.97526556,0.97688067,0.88644356,0.943251,0.9727407,0.9248759,0.95766425,0.91473454,0.96723986,0.9714513,0.937239,0.94835544,0.87329066,0.97937423,0.66298836,0.94759023,0.60179955,0.9008233,0.97575945,0.96416277,0.87339735,0.9799942,0.96158755,0.9799277,0.9593237,0.97892994,0.891724,0.97874033,0.97717124,0.9512026,0.8920763,0.94707966,0.76636595,0.9691448,0.97519153,0.960682,0.8320441,0.95769215,0.97618926,0.9376037,0.9348078,0.9736934,0.9475209,0.9789793,0.9365041,0.92490274,0.9286935,0.94272316,0.9496131,0.90669,0.78839016,0.9475206,0.9515394,0.95852566,0.9486611,0.9590882,0.8016012,0.9294272,0.96448594,0.95446324,0.9479302,0.91250294,0.92916197,0.9789793,0.9146828,0.96212214,0.9689368,0.94039
adogsjourneymovie,0.87243193,0.8331557,0.8224259,0.8776228,0.8841906,1.0000001,0.8336558,0.87497365,0.85065323,0.88570786,0.90083516,0.8734123,0.8915431,0.90316087,0.8557395,0.8644138,0.88594896,0.89536846,0.8954943,0.84286976,0.89663553,0.8754592,0.888365,0.8062688,0.8689504,0.67527705,0.8835904,0.9096192,0.8180489,0.888797,0.89525354,0.83892405,0.87478095,0.759453,0.6167518,0.6084686,0.84994733,0.87285435,0.86298335,0.8746357,0.8567261,0.86126703,0.9562891,0.8634913,0.87994236,0.85397524,0.906993,0.8793738,0.9277088,0.8682889,0.85021245,0.8673938,0.8600342,0.844298,0.8119,0.8813095,0.91518366,0.89550835,0.93577814,0.8524454,0.8883697,0.887583,0.8866071,0.9267087,0.8281946,0.8764321,0.8029584,0.88336635,0.85467553,0.94090843,0.8466291,0.68822765,0.8646297,0.869613,0.9260605,0.83277917,0.68216026,0.83022666,0.9229738,0.9133166,0.929078,0.87239975,0.8524016,0.89664936,0.8577456,0.9018627,0.92490095,0.8535213,0.85735834,0.8260015,0.9148103,0.8466291,0.80699074,0.8550115,0.86897004,0.8919347,0.857377,0.888357,0.88998455,0.92611736,0.92039466,0.8712742,0.86831015,0.89495397,0.8543048,0.8365837,0.8490497,0.9311253,0.85663885,0.84779215,0.8679472,0.5632482,0.90671194,0.6086465,0.85737455,0.89800984,0.84856784,0.918115,0.86630267,0.8447146,0.865062,0.8949015,0.86721224,0.932901,0.8697412,0.90833026,0.92270964,0.8410573,0.89398205,0.84776276,0.87770164,0.8467092,0.87207085,0.7748349,0.86007476,0.86639863,0.8710071,0.8356127,0.85581493,0.9069848,0.85065323,0.80266035,0.9219302,0.88927764,0.8294583,0.8640075,0.89407957,0.74771804,0.94106865,0.88547593,0.8797905,0.8693974,0.8882686,0.71853703,0.9131735,0.85583675,0.82624096,0.87488383,0.88448036,0.91775167,0.85065323,0.89260197,0.8242115,0.88438195,0.8578651
aftermathmovie,0.9724316,0.9132522,0.98354495,0.87125915,0.96176046,0.8336558,0.9999999,0.97700864,0.98732376,0.9279769,0.9421496,0.9019632,0.9165191,0.9678974,0.9755576,0.94806796,0.9326242,0.96977663,0.93621486,0.9671542,0.96076435,0.8941712,0.97010505,0.9763325,0.9266071,0.6531634,0.87374496,0.901273,0.9727079,0.97272813,0.93100184,0.91093504,0.9223852,0.88820064,0.52963257,0.45576033,0.97017676,0.9078789,0.98143774,0.9129454,0.9245884,0.93480223,0.8834896,0.95488346,0.9867784,0.9274183,0.96120596,0.95468754,0.84283745,0.9703193,0.95458037,0.9755657,0.79610264,0.8861919,0.79808706,0.9599267,0.8766885,0.97466075,0.9422309,0.98129034,0.956144,0.9469523,0.94945365,0.9317083,0.93144125,0.87189996,0.96335256,0.967735,0.98037773,0.77317303,0.98214245,0.6798315,0.8706127,0.9721037,0.8043064,0.95654744,0.5509756,0.9709177,0.9562064,0.88221353,0.88868946,0.95032096,0.97998977,0.92776275,0.83625335,0.9545694,0.8956609,0.9549562,0.8644328,0.98072404,0.9472718,0.98214245,0.9122278,0.9218363,0.896001,0.92500764,0.9612569,0.9718082,0.9761753,0.83954984,0.89853394,0.9626222,0.9010063,0.96203274,0.898547,0.9593003,0.9861291,0.88342613,0.91720724,0.8674704,0.98771214,0.5486905,0.94736326,0.44754422,0.90977764,0.95645124,0.9709993,0.8217016,0.9869953,0.9980794,0.984223,0.9699227,0.9868192,0.80610585,0.9828952,0.95319486,0.9401679,0.9195179,0.9268314,0.79698706,0.9814793,0.93886393,0.9526167,0.7469166,0.9721531,0.97918093,0.937564,0.9624352,0.9861767,0.9521859,0.98732376,0.9365022,0.8854834,0.8879371,0.9095123,0.9607678,0.87303466,0.6978914,0.9250686,0.9128901,0.97727776,0.9522586,0.96952885,0.8184499,0.9340393,0.98039913,0.96024483,0.95721734,0.9252069,0.92581487,0.98732376,0.91621023,0.98070323,0.9669971,0.9176079
aftermovie,0.9806187,0.93566495,0.97130704,0.89611906,0.9599405,0.87497365,0.97700864,1.0,0.98239166,0.95490783,0.9487261,0.89372855,0.9373682,0.9806685,0.96975356,0.9595246,0.94065595,0.97602916,0.96093047,0.9520343,0.9650792,0.89761066,0.99144083,0.9705647,0.9320953,0.64261895,0.8922168,0.9315311,0.9612109,0.97746915,0.9398709,0.8984431,0.9291665,0.8661763,0.57312095,0.5006807,0.9661194,0.9228521,0.9708552,0.9128642,0.91230685,0.94097686,0.9251067,0.9510805,0.9864977,0.94170815,0.9853917,0.96973085,0.89062566,0.97196746,0.95192134,0.97001284,0.8531021,0.8919681,0.8546136,0.97162217,0.9211327,0.97397804,0.97017074,0.97610414,0.96699417,0.971717,0.97152627,0.9403396,0.93512565,0.85999,0.954917,0.9628681,0.9710655,0.81474817,0.98114884,0.6375312,0.8781113,0.9761329,0.8637817,0.96169084,0.6186518,0.9764681,0.96612895,0.912316,0.90658236,0.95007503,0.96962494,0.9261458,0.8523395,0.96197546,0.91761494,0.97221935,0.87935317,0.9788313,0.94882673,0.98114884,0.9116406,0.9468975,0.89054334,0.9483235,0.9670789,0.9712668,0.9679309,0.90388983,0.9207662,0.96012706,0.89332014,0.9768811,0.9172012,0.948224,0.97906685,0.90917945,0.9253313,0.8783952,0.9801922,0.5833486,0.95830715,0.5077242,0.8966039,0.9672456,0.97239375,0.88566446,0.981111,0.97845054,0.97088546,0.97207564,0.985003,0.8475816,0.97205406,0.9626582,0.9636125,0.9347129,0.9538784,0.81756604,0.9841773,0.9539127,0.9465137,0.76586354,0.9670712,0.97315097,0.9648805,0.93576026,0.98552877,0.96289676,0.98239166,0.9214241,0.88830113,0.9123238,0.9067871,0.95262325,0.916298,0.7512337,0.9537857,0.9367381,0.9638549,0.96431243,0.9854791,0.822251,0.94868153,0.9806756,0.95866615,0.9622932,0.9648272,0.9445391,0.98239166,0.9294474,0.9750607,0.9910326,0.9246828
ahiddenlifefilm,0.98370105,0.9118371,0.9859314,0.91022533,0.9789793,0.85065323,0.98732376,0.98239166,1.0,0.9513002,0.95047265,0.8863195,0.9496136,0.9777701,0.9910182,0.9659024,0.9606253,0.97366375,0.93995047,0.98589367,0.9580393,0.90618306,0.9815083,0.9887032,0.9532509,0.6522335,0.8737571,0.925653,0.9820969,0.97567147,0.9447764,0.909347,0.9183329,0.9049525,0.58061916,0.53470826,0.9901951,0.92990154,0.9726284,0.91131806,0.9093675,0.9514534,0.894334,0.96536404,0.98515433,0.9266449,0.96728903,0.97247607,0.87673694,0.98119265,0.9644531,0.9831427,0.8354547,0.890203,0.79293936,0.9775825,0.90306157,0.97909135,0.95987135,0.9833763,0.9685276,0.97105783,0.9528567,0.9315458,0.93873125,0.88933015,0.97225696,0.97857827,0.9816645,0.8134828,0.9907478,0.7040055,0.8761211,0.99041754,0.8252871,0.9729349,0.62021756,0.9834571,0.9571532,0.8833,0.8853068,0.94756335,0.98450905,0.9410845,0.856247,0.97146636,0.90209347,0.9813635,0.8880221,0.99351656,0.95139915,0.9907478,0.8941699,0.92492354,0.90978336,0.9501889,0.96556246,0.9899236,0.9803168,0.86454654,0.9174911,0.9657544,0.89268106,0.963018,0.8980839,0.9621791,0.99480945,0.89827466,0.91908365,0.86510944,0.9971056,0.6078121,0.93985116,0.5295519,0.8798203,0.97590756,0.9924658,0.84257704,0.9926849,0.98598677,0.98689866,0.9691058,0.99031377,0.84617215,0.9867734,0.9697435,0.95572835,0.91141576,0.93165123,0.808879,0.98020977,0.97139275,0.9686206,0.7924135,0.9718277,0.9901425,0.9596933,0.95711595,0.99144065,0.9624263,1.0,0.93926686,0.8900361,0.90637887,0.9094555,0.9625724,0.9022834,0.7353947,0.93628824,0.9519623,0.9582954,0.95214766,0.97456336,0.8333468,0.9399941,0.98718274,0.9729497,0.95795214,0.92768717,0.92570376,1.0,0.89929926,0.9873321,0.98193425,0.92436516
alitamovie,0.94146585,0.91905355,0.938657,0.9194261,0.9603332,0.88570786,0.9279769,0.95490783,0.9513002,1.0,0.95180607,0.8922316,0.97111845,0.9738384,0.94544154,0.93484426,0.9465363,0.93235993,0.9189003,0.92562336,0.948823,0.90760106,0.95890945,0.94184047,0.91869074,0.69085634,0.8889286,0.9360953,0.94486994,0.9517491,0.94136375,0.88609433,0.86702347,0.8639546,0.61431193,0.55773896,0.95020854,0.93714505,0.93676597,0.8805356,0.88848954,0.9576153,0.90697515,0.9462856,0.94832927,0.9017604,0.9595093,0.9602715,0.8969184,0.9579455,0.95561,0.9340115,0.8669285,0.9020663,0.85041344,0.96955824,0.9166661,0.95559347,0.9574105,0.9324866,0.923838,0.9242049,0.9227163,0.93395907,0.91525346,0.8819444,0.9176506,0.93454707,0.96174693,0.805354,0.93668485,0.691875,0.85262287,0.955192,0.85613674,0.9226067,0.674085,0.9394682,0.94955313,0.8711872,0.8911073,0.9382978,0.93030155,0.8935595,0.9018513,0.9374835,0.94650626,0.9668183,0.8554926,0.93149334,0.92245495,0.93668485,0.8540125,0.88910675,0.9175839,0.9331849,0.93001664,0.93643105,0.9323391,0.89697057,0.9124273,0.92970324,0.8984596,0.94298214,0.93608916,0.9471389,0.9450962,0.9054143,0.94111073,0.86007476,0.94758683,0.59561694,0.92282605,0.5794136,0.8649851,0.9579554,0.94620883,0.84940654,0.94425297,0.9272883,0.942365,0.9435979,0.9438401,0.896005,0.95113766,0.9647636,0.9664485,0.8924063,0.95486057,0.7580032,0.93697625,0.9720169,0.92397165,0.8235029,0.9286808,0.9421502,0.92624,0.9020682,0.9416148,0.918071,0.9513002,0.9238858,0.88963985,0.9288452,0.8891465,0.91297895,0.93389523,0.7677406,0.9413196,0.9506509,0.9314808,0.94543767,0.93980974,0.82707196,0.929841,0.93861145,0.9477756,0.938523,0.90777683,0.92024857,0.9513002,0.92195654,0.9337405,0.95596063,0.92673373
angelhasfallen,0.93033004,0.91940314,0.9466981,0.93140495,0.9715756,0.90083516,0.9421496,0.9487261,0.95047265,0.95180607,1.0,0.9460857,0.96560663,0.97283995,0.95290947,0.952855,0.95400006,0.9498599,0.92249966,0.93480706,0.9760179,0.93976367,0.95216715,0.92771924,0.93523306,0.7310882,0.9274864,0.9301187,0.9427211,0.95500946,0.9584763,0.93557113,0.90279734,0.91371864,0.6252316,0.525632,0.95508665,0.93055195,0.9540117,0.936364,0.93808126,0.94793504,0.9109039,0.94912946,0.9743622,0.87409246,0.96425265,0.95141506,0.91820025,0.9540059,0.9706913,0.96542376,0.8707797,0.90950704,0.8649979,0.9605135,0.90462375,0.9683977,0.9471756,0.93130517,0.95688,0.9210203,0.9351116,0.95576054,0.9622206,0.91417617,0.9280976,0.9639287,0.97441494,0.8054701,0.93847644,0.68536484,0.88560754,0.94104093,0.8444948,0.9041417,0.6621665,0.93288666,0.96261233,0.88035214,0.9303153,0.95053524,0.96405613,0.9134948,0.93173057,0.96308625,0.9706269,0.94524795,0.89352834,0.9298838,0.9304182,0.93847644,0.8730695,0.90196776,0.9638812,0.96221626,0.9565936,0.94425493,0.9625496,0.8912448,0.9303627,0.9629455,0.94412726,0.9596749,0.94051415,0.97025263,0.95113295,0.935624,0.9556037,0.9082352,0.9564954,0.6061725,0.94925696,0.5372315,0.9163524,0.96178865,0.9278491,0.8709861,0.9486161,0.94811475,0.9534559,0.95839727,0.96234757,0.9037888,0.96818906,0.9609355,0.95656693,0.90736526,0.9661648,0.7582336,0.95554364,0.94630337,0.9445414,0.8458486,0.9251372,0.951382,0.9133993,0.93180925,0.9494761,0.9208975,0.95047265,0.94923544,0.91061944,0.94346213,0.94683003,0.941628,0.8957261,0.7770294,0.94654065,0.9353861,0.96616316,0.9523272,0.9427585,0.8023345,0.91893464,0.9413741,0.9381512,0.9433187,0.91333103,0.9220632,0.95047265,0.92758936,0.9357549,0.95028275,0.962542
angrybirdsmovie,0.870502,0.8714283,0.8993634,0.8697125,0.90982324,0.8734123,0.9019632,0.89372855,0.8863195,0.8922316,0.9460857,1.0,0.9125095,0.9239178,0.8970456,0.88061494,0.9203679,0.91029423,0.8917613,0.87767184,0.9363081,0.9164884,0.88431454,0.8562573,0.87550396,0.7899235,0.8862585,0.9205665,0.8841547,0.8996594,0.9026526,0.8861215,0.8602622,0.8669407,0.53926975,0.44770986,0.88628256,0.8701182,0.89789766,0.90907454,0.9303462,0.8912181,0.8970053,0.90386015,0.9298482,0.79965657,0.9006469,0.889641,0.8192391,0.8996124,0.9215579,0.91182387,0.83647436,0.8998719,0.7868053,0.90066206,0.8557017,0.93753296,0.89747536,0.8708296,0.88945496,0.8633914,0.87621516,0.9461132,0.9085302,0.83704823,0.8453567,0.923135,0.9295513,0.7558308,0.863588,0.6292547,0.811849,0.89017314,0.82921296,0.83127964,0.53599155,0.8543955,0.9159188,0.853253,0.9408665,0.8893729,0.9024007,0.87331045,0.9090631,0.8909554,0.94207007,0.87998396,0.791392,0.8471986,0.9062456,0.863588,0.84911156,0.89404416,0.93924016,0.90909654,0.8845867,0.88227534,0.8978023,0.84574354,0.8535986,0.91960233,0.9533223,0.9139829,0.90147156,0.9281725,0.8949365,0.91906834,0.9195984,0.9017678,0.89997876,0.50091916,0.9537863,0.45536786,0.938548,0.8884935,0.8529144,0.83559495,0.9039765,0.9078571,0.9113989,0.9334845,0.89502406,0.8685685,0.91561764,0.9111612,0.92858684,0.89543736,0.8879391,0.75921094,0.9099616,0.86304474,0.9072079,0.79007965,0.9053935,0.89461446,0.8274972,0.8657374,0.8818486,0.8672526,0.8863195,0.9121627,0.8599458,0.91332984,0.9195649,0.9018863,0.8630686,0.69878066,0.9332433,0.858951,0.94029874,0.9161674,0.88649035,0.6880424,0.8822765,0.87417877,0.89218944,0.89219844,0.90731204,0.93004364,0.8863195,0.9144595,0.8584941,0.877559,0.9277811
annabellemovie,0.93683004,0.9153756,0.9432738,0.95514274,0.9694899,0.8915431,0.9165191,0.9373682,0.9496136,0.97111845,0.96560663,0.9125095,1.0,0.9684442,0.95728946,0.950405,0.97562367,0.9283819,0.9192117,0.9446676,0.9498282,0.9454232,0.94459146,0.9273791,0.93068707,0.7021195,0.8907864,0.9489798,0.94925576,0.93148047,0.9527119,0.91952723,0.858765,0.9023416,0.6910705,0.6438701,0.9561238,0.9637877,0.9269143,0.9122941,0.8949696,0.9544657,0.893118,0.9490112,0.94705975,0.8627719,0.9428556,0.95067376,0.90753984,0.9517463,0.97002745,0.9517507,0.8978152,0.91821784,0.8080432,0.9635346,0.9383782,0.9599026,0.9550532,0.91923213,0.9314423,0.93153983,0.9229823,0.9345287,0.94578916,0.91803735,0.9028282,0.9521768,0.9547092,0.8313828,0.9267578,0.7197692,0.8634023,0.95458263,0.857693,0.89918077,0.73069644,0.9278807,0.9464423,0.8533401,0.90048784,0.9369887,0.93958014,0.9234672,0.93665737,0.94494766,0.9525487,0.9693537,0.88917756,0.92325187,0.9314295,0.9267578,0.8564549,0.89713085,0.9550264,0.9611055,0.92578995,0.9465397,0.94224954,0.89182985,0.92462564,0.95431006,0.9128023,0.9386504,0.93824136,0.95982623,0.9447345,0.9194194,0.9429551,0.88755274,0.950778,0.6711057,0.9273346,0.6447666,0.86667335,0.96484363,0.94513106,0.86751896,0.94516665,0.9197438,0.94652,0.948072,0.9395863,0.924088,0.9563182,0.974441,0.97075015,0.8986777,0.9377905,0.7621044,0.93275106,0.9685412,0.94991404,0.8812694,0.9201164,0.9446385,0.9140868,0.90977836,0.9310297,0.91315037,0.9496136,0.95086324,0.90800315,0.9409203,0.92868334,0.9247782,0.9323854,0.820446,0.9413525,0.96745396,0.92314535,0.93861693,0.92496914,0.7974432,0.91862535,0.9266049,0.9543971,0.9322961,0.90305465,0.9193396,0.9496136,0.89460367,0.92286026,0.94848573,0.9526811
annamovie,0.97304416,0.9450944,0.97016776,0.9324203,0.98113513,0.90316087,0.9678974,0.9806685,0.9777701,0.9738384,0.97283995,0.9239178,0.9684442,1.0,0.97552645,0.95853597,0.96823144,0.9729581,0.95823884,0.9602051,0.98258656,0.93947744,0.97916555,0.9548671,0.930175,0.68757206,0.92918354,0.94604427,0.9643151,0.9818928,0.95797986,0.9321048,0.908094,0.8943227,0.6159196,0.5389593,0.9684773,0.95786935,0.97128004,0.93497527,0.9335962,0.96919966,0.9360611,0.97258437,0.982095,0.9276398,0.9814349,0.98357385,0.91576326,0.98311186,0.9732738,0.9755817,0.86540616,0.9288148,0.855316,0.9794488,0.9299313,0.9865569,0.9808238,0.96747726,0.96218663,0.96005183,0.96517986,0.96951467,0.95070416,0.9154734,0.9362485,0.9704265,0.98125863,0.8337681,0.96894664,0.68179774,0.89055717,0.9790869,0.8762758,0.94648093,0.6654887,0.9677484,0.98050404,0.90786046,0.93257034,0.9636145,0.97169,0.933486,0.9133507,0.97002345,0.956651,0.97301084,0.89136845,0.9617576,0.96242404,0.96894664,0.9052005,0.9382302,0.9373679,0.9599354,0.9670889,0.9729699,0.97984695,0.9096905,0.93676394,0.97245693,0.9271789,0.9776544,0.9458643,0.9678046,0.97457224,0.93753433,0.9428997,0.9190235,0.9802561,0.60355115,0.9649697,0.5529765,0.9283386,0.98375046,0.9681539,0.8855382,0.9790083,0.9699701,0.979982,0.9794429,0.97753674,0.9039256,0.98138344,0.9813156,0.97576934,0.93915296,0.967267,0.82276404,0.97373277,0.9722356,0.95999634,0.81236225,0.966015,0.9775775,0.9528255,0.93748075,0.97646385,0.95583576,0.9777701,0.95216864,0.92072535,0.9281962,0.9319654,0.96397936,0.950359,0.7788088,0.969481,0.95603645,0.9714304,0.98115015,0.9686322,0.8206574,0.9501592,0.9724023,0.9620381,0.9763329,0.9460725,0.9646608,0.9777701,0.9480572,0.95653087,0.9799116,0.9572165
apollo11movie,0.96631503,0.9211338,0.97850955,0.92580307,0.98307383,0.8557395,0.9755576,0.96975356,0.9910182,0.94544154,0.95290947,0.8970456,0.95728946,0.97552645,0.9999999,0.97037005,0.9690888,0.9667485,0.92737716,0.9892856,0.95588845,0.91451997,0.9694108,0.97316474,0.94704115,0.65122646,0.87799776,0.92872113,0.97453064,0.9663525,0.94243264,0.9150156,0.89904064,0.9219978,0.6028227,0.546557,0.9863737,0.92990637,0.96066135,0.9075595,0.9201791,0.95039207,0.8904807,0.9606032,0.97854054,0.89480036,0.95510364,0.9714136,0.88768387,0.97482806,0.9624433,0.9810577,0.8327727,0.8868776,0.7772537,0.9705555,0.889225,0.97566366,0.95538783,0.97087866,0.9627901,0.9618924,0.94575065,0.9324628,0.9479736,0.8997672,0.9632825,0.97762877,0.97826517,0.80808866,0.97843385,0.6956603,0.86010414,0.9851785,0.8295639,0.9604237,0.6371086,0.97576445,0.95053816,0.8652774,0.8823929,0.9395633,0.9819497,0.9378483,0.8692567,0.9582539,0.90302116,0.97545004,0.8854592,0.9811163,0.9440306,0.97843385,0.88138753,0.92748106,0.92153513,0.96811336,0.95590514,0.9848023,0.9753217,0.8585554,0.90787786,0.97314113,0.90105563,0.9554968,0.902784,0.958492,0.98509115,0.9135724,0.9163984,0.88138396,0.99147844,0.6128441,0.9377399,0.5490235,0.8864173,0.9704406,0.97841513,0.8477961,0.98382604,0.9733402,0.9860571,0.9630664,0.98071414,0.8660522,0.9838848,0.9721089,0.9553639,0.9013143,0.9212221,0.7883943,0.96687126,0.97061616,0.96537095,0.80144984,0.9670401,0.9852881,0.93362993,0.944387,0.98124886,0.9461765,0.9910182,0.94380957,0.88752824,0.91079485,0.92739666,0.9556875,0.9050055,0.7582012,0.9415509,0.9456879,0.95170707,0.944516,0.95456004,0.82733494,0.9334068,0.9746436,0.9723629,0.95100343,0.92112315,0.9262245,0.9910182,0.88854825,0.97546375,0.9745961,0.9295884
arcticdogsmovie,0.9403439,0.9266122,0.94543946,0.9143356,0.9755099,0.8644138,0.94806796,0.9595246,0.9659024,0.93484426,0.952855,0.88061494,0.950405,0.95853597,0.97037005,0.9999999,0.9446993,0.9560553,0.9151504,0.9444361,0.95864064,0.8870417,0.9674933,0.9420381,0.9301703,0.66117567,0.91530794,0.9091351,0.9374224,0.93207806,0.92007196,0.9042165,0.8861944,0.87005013,0.7050266,0.6301729,0.95949054,0.91710216,0.95359755,0.9102922,0.923703,0.9268791,0.87919474,0.9232857,0.9667098,0.8860128,0.9601271,0.94173455,0.91542983,0.94680595,0.9379997,0.9728742,0.8499033,0.8548533,0.84138465,0.9735061,0.9280102,0.9564968,0.9411388,0.9370748,0.9494016,0.9323481,0.9361376,0.9098449,0.9505928,0.8856223,0.9411598,0.9605035,0.9457231,0.81406146,0.9527756,0.7028431,0.922671,0.94369936,0.86884654,0.91153485,0.7277403,0.9352534,0.93872577,0.8832727,0.88295215,0.9178079,0.97020954,0.9466996,0.86676675,0.9525265,0.92552197,0.95624137,0.938454,0.96522456,0.8999613,0.9527756,0.86727804,0.90662736,0.8954506,0.9590682,0.9452369,0.95637053,0.96138006,0.9063324,0.9268845,0.95153284,0.8827463,0.9429051,0.9238558,0.9361348,0.950186,0.91478705,0.9288321,0.8655828,0.9664996,0.7291741,0.93591326,0.6409916,0.88465875,0.9525188,0.9457599,0.9045684,0.96199936,0.9473183,0.9520227,0.9542558,0.970366,0.84087056,0.95367074,0.94822955,0.9397695,0.88870066,0.9402815,0.74416023,0.96797806,0.959626,0.93133724,0.7996301,0.93571186,0.94999677,0.9301683,0.9420759,0.9582198,0.9466032,0.9659024,0.90804386,0.90922874,0.9146117,0.92455626,0.9477515,0.8709784,0.83787817,0.9293202,0.9223283,0.94601804,0.91999,0.954826,0.81648844,0.8947553,0.949611,0.9497161,0.92546797,0.91955054,0.9099917,0.9659024,0.89740616,0.96603036,0.97655547,0.9187681
arcticmovie,0.95649034,0.91551137,0.95549375,0.964565,0.9684017,0.88594896,0.9326242,0.94065595,0.9606253,0.9465363,0.95400006,0.9203679,0.97562367,0.96823144,0.9690888,0.9446993,0.99999994,0.93890786,0.9458622,0.967076,0.95582557,0.9523782,0.9360781,0.9325555,0.9188381,0.7052154,0.88784575,0.97063476,0.95119435,0.94014084,0.9578819,0.91587555,0.8494761,0.9050436,0.63986903,0.592414,0.95098007,0.9623385,0.9297632,0.92870194,0.9059962,0.9549186,0.89641714,0.9672519,0.95408756,0.86189216,0.9310508,0.9511529,0.8780671,0.9647908,0.9586227,0.9635808,0.9176227,0.93124604,0.7576022,0.96451867,0.92325044,0.9669611,0.95970595,0.9245994,0.93820375,0.95437837,0.91814566,0.9342,0.93483394,0.8996344,0.9093056,0.97328925,0.9559695,0.8436451,0.93260336,0.7048247,0.84911966,0.9716104,0.8623317,0.91756624,0.66046226,0.9395182,0.9568351,0.8770711,0.914297,0.9283122,0.94298553,0.92440367,0.9292097,0.94734156,0.9353025,0.9639998,0.8541772,0.93337995,0.94629747,0.93260336,0.889948,0.9417297,0.9324959,0.9649653,0.9186334,0.96177787,0.9520319,0.88837135,0.8941542,0.95994645,0.91817343,0.93916684,0.91136897,0.94860834,0.95707625,0.9132037,0.92320853,0.9039196,0.96345276,0.61798495,0.93924594,0.59630513,0.8914026,0.97449756,0.9584266,0.8682506,0.96254224,0.9319217,0.95900166,0.957977,0.94233984,0.91030276,0.957084,0.9761803,0.971458,0.92449564,0.90170485,0.816962,0.9490423,0.9559193,0.9821969,0.8880053,0.9393666,0.9520828,0.9300457,0.9139545,0.9410485,0.9184002,0.9606253,0.9461478,0.8818955,0.9218802,0.9180651,0.9467353,0.9385029,0.78410614,0.94422686,0.9687541,0.9233114,0.9537017,0.9362236,0.77157384,0.9111242,0.93171066,0.9561169,0.93006134,0.92888343,0.9427261,0.9606253,0.8943686,0.921087,0.9420005,0.94957405
artofracingmovie,0.962136,0.893698,0.9577035,0.8876243,0.9722425,0.89536846,0.96977663,0.97602916,0.97366375,0.93235993,0.9498599,0.91029423,0.9283819,0.9729581,0.9667485,0.9560553,0.93890786,1.0,0.93959296,0.95816696,0.96626073,0.8977278,0.97712845,0.95382565,0.9546055,0.6676918,0.90894336,0.9279899,0.9438407,0.97316176,0.93922,0.8824752,0.9552677,0.88411367,0.59392565,0.53922004,0.96500015,0.90952003,0.9666744,0.91619974,0.9425396,0.9276156,0.94349504,0.9456894,0.98107153,0.9332848,0.9759623,0.95810884,0.8894298,0.96372515,0.9363819,0.9613166,0.8230894,0.87369615,0.82327545,0.9670635,0.9124882,0.97554404,0.96659285,0.9792701,0.97956556,0.9665941,0.96831024,0.9656486,0.9117083,0.8825734,0.94441885,0.9591279,0.9669038,0.84202963,0.9788896,0.6525746,0.90539503,0.9621263,0.8795279,0.9597921,0.63116115,0.958185,0.95173246,0.93042034,0.93261784,0.9227212,0.981571,0.9508385,0.84095496,0.9698305,0.9084734,0.94703674,0.9066187,0.9665722,0.95629174,0.9788896,0.8916125,0.933407,0.90808976,0.9498867,0.9707878,0.9757394,0.9671834,0.9042897,0.9362901,0.9619463,0.9124616,0.9808418,0.8799053,0.93635786,0.9723474,0.9397192,0.9147366,0.8680658,0.9768512,0.61837286,0.9673391,0.54511464,0.91498053,0.95651996,0.95658016,0.90100086,0.98429507,0.9752261,0.9774187,0.96805876,0.9837797,0.8639532,0.975442,0.9535999,0.9482387,0.9028892,0.9370367,0.8327777,0.98148835,0.93766916,0.9495049,0.7479803,0.9722138,0.9735591,0.9485944,0.9165985,0.98396516,0.9760105,0.97366375,0.9053463,0.9154736,0.90626556,0.9190855,0.95115626,0.91017145,0.74083155,0.96880937,0.9232514,0.97091883,0.9473564,0.9798138,0.7620461,0.9602049,0.9815027,0.930643,0.963131,0.9430958,0.9497333,0.97366375,0.93138623,0.9575596,0.97400486,0.9054759
avengers,0.9766157,0.9395498,0.9416228,0.890848,0.92208767,0.8954943,0.93621486,0.96093047,0.93995047,0.9189003,0.92249966,0.8917613,0.9192117,0.95823884,0.92737716,0.9151504,0.9458622,0.93959296,0.9999999,0.91693276,0.9514578,0.9102564,0.950008,0.9234212,0.87704706,0.6160301,0.88825274,0.9351846,0.9183225,0.93372875,0.94434166,0.901002,0.87437457,0.8116288,0.5755848,0.5107985,0.9062742,0.94999754,0.9458469,0.9299292,0.8875758,0.90366584,0.9100988,0.93396086,0.9547203,0.916004,0.94934875,0.92564106,0.8537951,0.9401041,0.91762006,0.9449576,0.9262517,0.9320865,0.82102734,0.93524987,0.93329746,0.9487141,0.95774984,0.92680943,0.9389529,0.95739317,0.9522478,0.91950953,0.903049,0.8477012,0.8897994,0.94431835,0.9281509,0.8644858,0.9305971,0.63384634,0.8571902,0.9475549,0.8907849,0.92368054,0.5961384,0.93615687,0.96455926,0.9328967,0.9220572,0.93653595,0.92274463,0.90893424,0.85914594,0.94387984,0.91553646,0.9370699,0.83789533,0.92677575,0.95931214,0.9305971,0.9547057,0.976426,0.8552756,0.92107874,0.92918533,0.942398,0.9412791,0.9241013,0.88515514,0.93733835,0.8709185,0.9520629,0.91358036,0.9094533,0.9363367,0.86969024,0.889384,0.90817124,0.94758725,0.56600225,0.9558025,0.5128946,0.89781004,0.96630543,0.9445773,0.89448476,0.9559697,0.9418214,0.94203514,0.96736485,0.9386875,0.84922874,0.92899036,0.9444881,0.95690084,0.97281796,0.9068303,0.87307054,0.9630452,0.8965308,0.95636886,0.79815143,0.93127626,0.92691636,0.96101123,0.9016512,0.9382578,0.9343125,0.93995047,0.906896,0.87652177,0.880558,0.8814236,0.93916583,0.9344384,0.75336534,0.9393421,0.9291328,0.92773986,0.9661814,0.9645369,0.76187295,0.91465175,0.9316308,0.9184373,0.9430019,0.96878695,0.95172167,0.93995047,0.9211778,0.9090852,0.94684684,0.9155979
beachbummovie,0.9649347,0.87906253,0.9788859,0.9262941,0.9728048,0.84286976,0.9671542,0.9520343,0.98589367,0.92562336,0.93480706,0.87767184,0.9446676,0.9602051,0.9892856,0.9444361,0.967076,0.95816696,0.91693276,1.0000001,0.93789345,0.9235997,0.9502584,0.967377,0.94680756,0.6546324,0.847888,0.9295737,0.9807565,0.96305126,0.9490204,0.89165163,0.8921899,0.9370242,0.57580113,0.5496394,0.98109293,0.9289365,0.94301224,0.89305633,0.8985591,0.9517533,0.87713915,0.9705971,0.96408296,0.8972251,0.9342542,0.95960623,0.8606348,0.97618806,0.96034116,0.9642077,0.82154703,0.8755577,0.7270761,0.95685947,0.880082,0.96819425,0.9460772,0.9687676,0.95818704,0.9645575,0.93173915,0.92515236,0.916909,0.9066447,0.94791263,0.97169995,0.9671889,0.81411076,0.97461057,0.71888036,0.8515504,0.9844721,0.7983453,0.9599005,0.60757625,0.9737443,0.93985766,0.85450375,0.87120456,0.9324267,0.97119606,0.9286316,0.8580949,0.95204264,0.8750729,0.967212,0.86809736,0.97180325,0.9548506,0.97461057,0.8730996,0.9110466,0.9199421,0.9477179,0.9431817,0.98473656,0.967221,0.8248303,0.9046691,0.9672452,0.8992475,0.9456717,0.86072737,0.9551227,0.9860404,0.89931846,0.9054109,0.84466124,0.9840141,0.59797084,0.9204787,0.5348278,0.86344635,0.9663485,0.9818527,0.8146275,0.9804954,0.9648371,0.98286146,0.9459962,0.97214955,0.86443716,0.98106945,0.9687759,0.9424452,0.88683003,0.8903909,0.79904693,0.9538031,0.95524323,0.97661316,0.82228196,0.96238023,0.9828496,0.9342065,0.9308487,0.9758561,0.93987185,0.98589367,0.93760896,0.88882583,0.8970084,0.91032666,0.93955195,0.8952905,0.71522975,0.9216591,0.952446,0.9333603,0.93992114,0.94760585,0.78859824,0.9363633,0.96944857,0.96196777,0.94022924,0.90115464,0.91128296,0.98589367,0.86584365,0.95866746,0.9536605,0.92060256
bernadettefilm,0.9502327,0.94914144,0.9601105,0.92251307,0.97374254,0.89663553,0.96076435,0.9650792,0.9580393,0.948823,0.9760179,0.9363081,0.9498282,0.98258656,0.95588845,0.95864064,0.95582557,0.96626073,0.9514578,0.93789345,0.9999998,0.9390574,0.9601588,0.93003464,0.910028,0.71402687,0.9489955,0.93463093,0.94555897,0.9672899,0.9648393,0.9340122,0.8944761,0.8924929,0.6501542,0.5277354,0.93971545,0.95200235,0.97412986,0.9427453,0.9659511,0.9525292,0.9127806,0.9597583,0.9833904,0.91062915,0.9696049,0.95199835,0.9029876,0.9666329,0.9609097,0.97068554,0.8651583,0.92231596,0.86337537,0.9656853,0.92597604,0.9715252,0.9647772,0.94782716,0.9527843,0.93378776,0.9592717,0.96389055,0.95072365,0.9147865,0.92139536,0.9619972,0.9717765,0.80966777,0.9500638,0.6748213,0.90176475,0.9456203,0.8778553,0.90968615,0.6643424,0.94582516,0.97695214,0.9114491,0.94757414,0.95615995,0.97149265,0.9260826,0.920615,0.95679516,0.96209115,0.94055086,0.90362823,0.9412525,0.94136256,0.9500638,0.9221177,0.9407903,0.93040323,0.9535906,0.95529395,0.94712865,0.9723426,0.91108817,0.92434096,0.97430724,0.94812286,0.97553945,0.9455146,0.9612953,0.95371175,0.9307571,0.95492375,0.91783804,0.96287614,0.61563677,0.97201157,0.5499276,0.9553166,0.96735615,0.93622875,0.9001534,0.9704037,0.9630612,0.96832067,0.9729339,0.96773463,0.88549817,0.9703342,0.97023696,0.9585939,0.9439674,0.96095103,0.77436036,0.9793088,0.9408751,0.95372915,0.8165575,0.94572335,0.95730406,0.9318526,0.9364792,0.9628995,0.9366807,0.9580393,0.9464363,0.9203638,0.9351193,0.9574205,0.961386,0.9200856,0.80123097,0.95564294,0.93261147,0.9819231,0.9755538,0.9619791,0.77552485,0.9202774,0.95351195,0.93919915,0.9622195,0.9440801,0.95549816,0.9580393,0.95905715,0.9374901,0.9624619,0.955015
