movie,21bridgesmovie,47metersdown,abeautifuldaymovie,abominablemovie,adastramovie,adogsjourneymovie,aftermathmovie,aftermovie,ahiddenlifefilm,alitamovie,angelhasfallen,angrybirdsmovie,annabellemovie,annamovie,apollo11movie,arcticdogsmovie,arcticmovie,artofracingmovie,avengers,beachbummovie,bernadettefilm,blackandbluemovie,blackchristmas,blindedbythelightmovie,bombshellmovie,booksmart,breakthroughmovie,brianbanksmovie,brightburnmovie,brittanyrunsmov,captainmarvelofficial,captivestatemovie,catsmovie,charliesangels,childsplaymovie,clarathefilm,coldpursuitmovie,countdown,currentwarmovie,darkwatersmovie,detectivepikachumovie,disneyaladdin,disneyfrozen,disneymaleficent,doctorsleepmovie,dolemiteismyname,dontletgomovie,doramovie,downtonabbey_official,dumbo,escaperoom,everybodyknowsmovie,fastandfuriousmovie,fightingwmyfam,fivefeetapartfilm,fordvferrari,freaksthefilm,geminimanmovie,glassmovie,gloriabellmovie,godzillamovie,goldfinchmovie,goodboysmovie,goodliarmovie,gretafilm,halathemovie,happydeathdaymovie,harrietfilm,hellboymovie,hersmellmovie,highlifemovie,highstrungmovie,honeyboymovie,hotelmumbaifilm,httydragon,hustlemovie,hustlersmovie,isntitromantic,itmovieofficial,jayandsilentbob,johnwickmovie,jojorabbitmovie,jokermovie,judythefilm,jumanjimovie,justmercyfilm,knivesout,lalloronamovie,lastblackmansf,lastchristmasthemovie,latenightmovie,lighthousemovie,lionking,littlethemovie,littlewomenmovie,littlewoodsfilm,longshotmovie,lordsofchaosmovie,lucyintheskyfilm,mamovie2019,marriagestory,meettheaddams,meninblack,midsommarmovie,midwaymovie,missbalamovie,missinglinkfilm,motherlessbklyn,onceinhollywood,onthebasisofsex,overcomermovie,peanutbutterfalcon,petsematarymovie,piercingmovie,playingwithfire,playmobilthemovie,pomsmovie,queenandslim,rambomovie,readyornotfilm,richardjewellfilm,rocketmanmovie,scarystoriesmovie,secretlifeofpets,serenityfilm,shaftmovie,shazammovie,spidermanmovie,spiesindisguise,starwars,stormboymovie,stubermovie,taosdfilm,teenspiritmov,terminator,theaeronautsmov,thebestofenemies,thedeaddontdie,thefarewell,thehighwaymen,thehummingbirdprojectfilm,theintrudermovie,theirishmanfilm,thekitchenmovie,thelegomovie,themustangfilm,thenightingalefilm,theprodigymovie,thesunisalsoastar,theupsidefilm,tolkienmovie,toystory,triplefrontier,uglydolls,uncutgems,underthesilverlake,usmovie,wavesmovie,whatmenwant,wonderparkmovie,wrinklestheclown,xmenmovies,yardiefilm,yesterdaymovie,zombieland
21bridgesmovie,1.0000002,0.96517694,0.97718334,0.9765463,0.9739733,0.9740551,0.98006964,0.97185844,0.9889568,0.9760961,0.97745043,0.9651287,0.98097485,0.97846687,0.97917336,0.97219056,0.97873473,0.976062,0.98544806,0.97294056,0.97181505,0.9699851,0.9773923,0.97549814,0.97685647,0.9024167,0.9741827,0.97785616,0.973697,0.9710546,0.9744404,0.97815484,0.9698525,0.97090685,0.9636698,0.9611699,0.97830796,0.9790699,0.97350574,0.97756696,0.97448635,0.97850734,0.9692956,0.977328,0.9767391,0.9718935,0.9740591,0.97703886,0.97743607,0.9761864,0.9692333,0.98313004,0.9749659,0.96974295,0.9754157,0.96897393,0.9712513,0.9763538,0.97486734,0.97570676,0.9761365,0.9637244,0.97699594,0.980285,0.97570395,0.96708375,0.96564424,0.9724522,0.9690625,0.9683351,0.97982115,0.76464254,0.965605,0.98153055,0.97928274,0.965254,0.93650496,0.9638296,0.97531307,0.9645628,0.9759629,0.97399133,0.9805738,0.96469486,0.9755777,0.9700847,0.96432745,0.9779961,0.97169447,0.98079807,0.9666824,0.97982115,0.967837,0.9648489,0.9765898,0.9793183,0.97153455,0.9780598,0.96862674,0.97455025,0.9729777,0.97238976,0.95680255,0.980714,0.9656114,0.9703643,0.97928166,0.98251,0.9707415,0.97140056,0.9827575,0.88328546,0.97269994,0.9388258,0.974514,0.98035645,0.9944305,0.969197,0.97863084,0.97031957,0.97591317,0.97640306,0.9754434,0.9768032,0.9779851,0.9706834,0.9807603,0.96747965,0.9738491,0.968913,0.9716964,0.9724037,0.97930986,0.96913373,0.974532,0.97059613,0.97760683,0.97241515,0.97692263,0.9753785,0.9889568,0.9744656,0.9721741,0.97923404,0.97193223,0.9821354,0.966303,0.9770206,0.9804897,0.98170507,0.9777678,0.97592676,0.9788439,0.9735146,0.9629448,0.9705636,0.97675276,0.97286963,0.97227395,0.97420466,0.9889568,0.9797856,0.9795423,0.97929335,0.9696004
47metersdown,0.96517694,1.0000004,0.9725218,0.9546926,0.9614788,0.9560053,0.9670479,0.961737,0.9780901,0.96755016,0.965965,0.9548703,0.9687408,0.9654117,0.96465737,0.980876,0.9690044,0.96623677,0.95208013,0.9619569,0.96312624,0.9716475,0.9666972,0.9640675,0.9743344,0.8686898,0.96387815,0.97240597,0.97060186,0.9580977,0.9601654,0.9656288,0.95163804,0.9611176,0.95601857,0.9392733,0.96916795,0.96411604,0.96435606,0.96710163,0.9435422,0.9693619,0.9566535,0.9696198,0.96334136,0.95856357,0.9648636,0.97554135,0.95848966,0.9708246,0.9732443,0.96803653,0.96309215,0.963084,0.95189524,0.96151733,0.9603917,0.96434635,0.97053504,0.96987057,0.96746594,0.95960695,0.9567083,0.9694199,0.9674857,0.97311497,0.95491666,0.96463174,0.9546394,0.9561769,0.97287434,0.7162145,0.9440445,0.97392756,0.95274585,0.9476207,0.8951971,0.9572517,0.9700982,0.96833014,0.95298564,0.96026397,0.9713004,0.9542958,0.9668587,0.96301186,0.95667195,0.96376187,0.96305466,0.9660081,0.96914244,0.97287434,0.96259,0.9607582,0.9672541,0.9660506,0.9604908,0.9693721,0.9624166,0.9605456,0.95504385,0.9656893,0.9642219,0.97663707,0.9629252,0.97615826,0.970498,0.9681751,0.9615799,0.9618341,0.9767818,0.85469973,0.9597695,0.92658424,0.96249396,0.96075255,0.97073126,0.9630923,0.9581749,0.9554153,0.96374047,0.9731621,0.9634225,0.9508745,0.9737476,0.9662709,0.9733911,0.9624736,0.9664505,0.9576323,0.9728166,0.9692771,0.97333294,0.9620414,0.9716408,0.9619561,0.9663416,0.96443224,0.9678983,0.96965003,0.9780901,0.97290486,0.95490915,0.9664226,0.9588639,0.96882486,0.9488063,0.96089464,0.97156054,0.96018463,0.9664396,0.9646091,0.96925473,0.95775723,0.96547997,0.96333253,0.9713571,0.9668764,0.9658399,0.9577113,0.9780901,0.9642887,0.9598519,0.96796805,0.9749566
abeautifuldaymovie,0.97718334,0.9725218,1.0000001,0.9716492,0.9710659,0.96472096,0.9758724,0.97197115,0.98664266,0.97021294,0.9778846,0.9770351,0.9724801,0.9672435,0.97738224,0.9763577,0.98258257,0.97743386,0.97067744,0.97655386,0.96114826,0.9768737,0.96800655,0.97481555,0.9729268,0.8878832,0.97172415,0.97654736,0.98167384,0.9685975,0.9693549,0.97312444,0.9599773,0.98081744,0.95248926,0.9504559,0.9806175,0.9704077,0.97127193,0.9750698,0.96209663,0.9773476,0.9705993,0.97837645,0.9746851,0.9733895,0.9654175,0.9770675,0.96842796,0.97601193,0.98277617,0.9782744,0.96840537,0.97166324,0.9676046,0.9738031,0.965551,0.9703484,0.97434807,0.9769949,0.96424305,0.9659887,0.967466,0.97159237,0.9677043,0.9662695,0.9560764,0.9760518,0.9657734,0.966563,0.9767531,0.7356988,0.967136,0.97436213,0.9687549,0.96623254,0.9319419,0.9697935,0.9690337,0.9719367,0.97030437,0.96185464,0.9729231,0.9598305,0.97525454,0.9644884,0.96637475,0.97082025,0.9722261,0.9752031,0.97102624,0.9767531,0.96688545,0.9646386,0.98766196,0.97584504,0.9704201,0.9785344,0.9626277,0.9596129,0.97482014,0.9672173,0.9693434,0.9799027,0.9583088,0.9825192,0.9797482,0.97757626,0.97486615,0.9670515,0.9755016,0.8820677,0.97126454,0.9252042,0.97293043,0.97677016,0.9801084,0.9686392,0.97041243,0.9655714,0.9671678,0.9756004,0.9696312,0.96586466,0.9800164,0.97434145,0.9696731,0.9764161,0.97844374,0.96894765,0.96702546,0.9802946,0.9813614,0.96709734,0.97165334,0.96614355,0.9657682,0.97384745,0.971032,0.97371465,0.98664266,0.98117405,0.9741396,0.9746636,0.9672312,0.9727546,0.95590806,0.96206075,0.9742087,0.9684334,0.9700076,0.9796168,0.9798071,0.96222514,0.96503407,0.9588232,0.97459584,0.9759139,0.9726036,0.9690016,0.98664266,0.97712284,0.97488326,0.9724563,0.9745725
abominablemovie,0.9765463,0.9546926,0.9716492,1.0000001,0.96812284,0.96162623,0.98388225,0.9687271,0.9839484,0.96994567,0.97102934,0.96130526,0.9772127,0.9754981,0.96960336,0.96795833,0.9760293,0.9663977,0.97844815,0.97271466,0.9596749,0.97176725,0.9706195,0.968731,0.96726704,0.8803404,0.9734453,0.9785577,0.9699581,0.9631295,0.9758078,0.96810067,0.9515139,0.9636532,0.9603414,0.95486957,0.97606397,0.97071344,0.97680366,0.97352475,0.96717757,0.9769125,0.9605761,0.97370446,0.9707541,0.9713112,0.964404,0.9676169,0.9681465,0.9754276,0.96713996,0.97251296,0.9722613,0.97068286,0.9690318,0.9631006,0.9727986,0.9682555,0.9775291,0.9684108,0.9596652,0.9642631,0.9603913,0.9702743,0.961106,0.95444745,0.9642552,0.9595071,0.9590679,0.97264045,0.9729433,0.7208003,0.9651876,0.977637,0.96995795,0.96192646,0.9284771,0.96936464,0.9767298,0.96368563,0.97864133,0.9797337,0.970319,0.9577302,0.9761545,0.9674183,0.96219546,0.979613,0.95891166,0.9713861,0.96501553,0.9729433,0.97050387,0.9646002,0.96899635,0.96985126,0.9572444,0.9748492,0.9767985,0.97109044,0.97168654,0.9721012,0.95060134,0.97822535,0.9646825,0.9664809,0.97186834,0.9759501,0.96409345,0.96205306,0.9737514,0.87029666,0.9668375,0.93352437,0.96772444,0.9605218,0.9773817,0.958077,0.9791419,0.9720224,0.9643733,0.9721225,0.9762915,0.965684,0.9786864,0.96742654,0.974552,0.9728914,0.96773803,0.96735704,0.96228486,0.96706927,0.9766073,0.95166534,0.9668238,0.96197015,0.97067463,0.96182823,0.96727926,0.9688282,0.9839484,0.9716252,0.96903414,0.9732692,0.97199327,0.97066355,0.95789343,0.97238433,0.9708514,0.97401935,0.98331106,0.970019,0.97023726,0.9621231,0.9668703,0.96402466,0.96868044,0.97379005,0.9754673,0.9635843,0.9839484,0.97468585,0.97085685,0.9729759,0.9639936
adastramovie,0.9739733,0.9614788,0.9710659,0.96812284,1.0000002,0.9545698,0.9716944,0.95819294,0.98178,0.9727886,0.9704417,0.95067275,0.9737202,0.9695351,0.969965,0.96537995,0.9707881,0.97971606,0.96493167,0.9699511,0.96184444,0.9644083,0.9638093,0.97289795,0.98182106,0.8896592,0.9726994,0.9705704,0.9655047,0.9652578,0.9588966,0.97085905,0.9576874,0.96425617,0.9440086,0.93912077,0.97646374,0.9671925,0.96906805,0.9634838,0.9501666,0.97584,0.9736663,0.98055875,0.97500515,0.962832,0.9637416,0.963621,0.96300966,0.98063135,0.9608008,0.9676994,0.96278894,0.9571497,0.9528314,0.9757813,0.9689389,0.9688884,0.9690958,0.9670508,0.9663697,0.9737516,0.97373533,0.9714956,0.9610397,0.95980376,0.9570052,0.9625205,0.96514165,0.96365756,0.97300017,0.7511005,0.95347595,0.97219145,0.9613542,0.9615815,0.91883355,0.9599969,0.9664071,0.9692087,0.9640311,0.9604465,0.9698033,0.95402205,0.96079314,0.958576,0.9604852,0.96737695,0.96474236,0.97638154,0.96382964,0.97300017,0.96917766,0.9659187,0.97037566,0.9666468,0.9635089,0.9772836,0.9689321,0.95658135,0.96382177,0.96484005,0.9508172,0.9748741,0.9570587,0.95769453,0.9749732,0.9725902,0.97598374,0.9683566,0.97036135,0.87575155,0.9679042,0.93574214,0.9638511,0.9700654,0.9769322,0.9607762,0.9722484,0.9595871,0.95695704,0.9718804,0.96718925,0.9542104,0.97358394,0.9682231,0.9678924,0.9632812,0.9689865,0.96119696,0.96789706,0.9702908,0.9763408,0.9626663,0.974609,0.9627887,0.9708966,0.96361494,0.97013634,0.9723211,0.98178,0.9616939,0.97067803,0.9630638,0.9552052,0.96584994,0.9578154,0.95799077,0.97286373,0.9702299,0.971427,0.9732073,0.97240305,0.9702974,0.968378,0.9642379,0.9670966,0.9700597,0.97282267,0.9711842,0.98178,0.9740517,0.9736119,0.96650857,0.96440375
adogsjourneymovie,0.9740551,0.9560053,0.96472096,0.96162623,0.9545698,1.0000001,0.9666472,0.959198,0.97811025,0.97451276,0.96655387,0.956498,0.9681401,0.9723297,0.9642368,0.9618664,0.9664135,0.96240467,0.9644862,0.965407,0.9631359,0.9695512,0.97273195,0.96722895,0.96276546,0.89994144,0.9672714,0.9628761,0.965296,0.95655453,0.96922684,0.96462625,0.95644295,0.95927334,0.9559684,0.95435166,0.96737945,0.9584198,0.95901626,0.96426153,0.9561479,0.9601965,0.9463359,0.9626619,0.9649318,0.9619738,0.9670565,0.9689007,0.9599845,0.9617102,0.9647063,0.9706975,0.9749822,0.94994134,0.9583239,0.9595338,0.9498383,0.9571964,0.9757945,0.9660094,0.9671968,0.95246667,0.9701726,0.9696536,0.9673988,0.9568075,0.95230573,0.9573923,0.9596152,0.9573505,0.96936834,0.756512,0.9567454,0.97244775,0.97186655,0.95674527,0.92173797,0.9445058,0.96725756,0.97074276,0.95621413,0.9598856,0.96890455,0.95514566,0.96696717,0.9674516,0.9486993,0.9640955,0.9669458,0.9612144,0.96480566,0.96936834,0.9612763,0.96008384,0.9602523,0.95530194,0.9730196,0.9680706,0.9528381,0.972943,0.9601749,0.96544456,0.951478,0.9679166,0.9655756,0.9629726,0.96419686,0.9671128,0.9490838,0.96814203,0.9752046,0.89202297,0.9470802,0.9363908,0.9602597,0.96878767,0.9742941,0.96727264,0.9522269,0.9574869,0.96433413,0.9606758,0.95447874,0.98113954,0.9700454,0.9596691,0.97890794,0.9617773,0.9591011,0.9576678,0.96810263,0.95790935,0.95585465,0.9557742,0.9545519,0.95712477,0.9681698,0.9698321,0.9611265,0.967983,0.97811025,0.9661891,0.95629877,0.9601022,0.9552453,0.9661866,0.95323217,0.96196115,0.96657836,0.96843827,0.9672435,0.9604117,0.97058994,0.9579166,0.95591223,0.95447,0.9741982,0.96941894,0.95204884,0.9482756,0.97811025,0.9585344,0.9671801,0.97304547,0.96710515
aftermathmovie,0.98006964,0.9670479,0.9758724,0.98388225,0.9716944,0.9666472,0.99999994,0.97345537,0.98960775,0.97200257,0.97810984,0.96359396,0.97889346,0.97942483,0.9744718,0.97151715,0.9819756,0.97856253,0.97749394,0.97368556,0.9693922,0.97440934,0.97356325,0.9735683,0.9753826,0.8988578,0.9721304,0.978829,0.9777943,0.9711771,0.97510695,0.97190195,0.96028274,0.96502596,0.959381,0.9494278,0.9770385,0.9792606,0.9808403,0.9758255,0.9676261,0.9788507,0.96863407,0.98062295,0.9787624,0.97464657,0.9688833,0.97683465,0.9787781,0.9808294,0.97437054,0.9797415,0.9710706,0.9654765,0.9668163,0.965037,0.97590774,0.9681547,0.9789746,0.9768052,0.97767246,0.97065985,0.96632,0.97582453,0.9688962,0.9681476,0.97199816,0.97271866,0.97211176,0.96995413,0.980883,0.7295239,0.96062523,0.9793029,0.96429145,0.9710839,0.9211093,0.9664456,0.97997946,0.97332716,0.969925,0.98233384,0.97341305,0.96252185,0.97673345,0.97575134,0.9607958,0.9781283,0.97233814,0.97487605,0.96713936,0.980883,0.9762498,0.9677191,0.9718335,0.9741149,0.96736616,0.97755957,0.98349637,0.9726918,0.9648357,0.9753099,0.9598944,0.98233384,0.9667965,0.9747352,0.9777772,0.97949505,0.9618372,0.96785617,0.97996736,0.8607232,0.96631724,0.9362747,0.9738066,0.9720396,0.98193437,0.96100694,0.97363406,0.99045056,0.97259974,0.9750793,0.98039424,0.9715436,0.9834076,0.9703628,0.97885764,0.9756683,0.97200596,0.9715233,0.9683486,0.9738573,0.9784493,0.9640135,0.97000957,0.97016054,0.9699549,0.96704215,0.9791402,0.97497684,0.98960775,0.9754884,0.9671688,0.9777398,0.9758402,0.9791463,0.96367925,0.9684251,0.97180307,0.97483546,0.9893226,0.9796983,0.97586435,0.96823037,0.9692017,0.96915865,0.9740334,0.9794788,0.97007906,0.9694203,0.98960775,0.9760433,0.97882533,0.9735377,0.97452503
aftermovie,0.97185844,0.961737,0.97197115,0.9687271,0.95819294,0.959198,0.97345537,0.9999998,0.9830479,0.9710456,0.97122175,0.9586386,0.9629793,0.9725289,0.97568864,0.96246743,0.969213,0.96708244,0.9719546,0.9663979,0.9686807,0.9761968,0.98186,0.97799134,0.9682843,0.8905505,0.970584,0.9708681,0.9723475,0.9632134,0.9669508,0.96478945,0.9702518,0.9634807,0.94842947,0.9537303,0.97015023,0.95648056,0.97321177,0.9727739,0.96148515,0.97123474,0.94627124,0.97412145,0.9777699,0.9774592,0.97968423,0.97062755,0.97118604,0.9782735,0.9706586,0.97513086,0.96861756,0.9708358,0.9793164,0.9626878,0.9573729,0.9692323,0.9757106,0.97702783,0.97100765,0.95911187,0.96930265,0.9728665,0.9671323,0.96139437,0.9607218,0.9688173,0.9601595,0.9635031,0.97980016,0.6954503,0.9583234,0.9744004,0.9633681,0.970121,0.90930355,0.9768767,0.979697,0.9659756,0.9655278,0.969159,0.9714647,0.96052104,0.9684888,0.97415686,0.9535723,0.96888405,0.96996945,0.9740057,0.9634651,0.97980016,0.96854705,0.9495752,0.968204,0.9769133,0.9633931,0.9718282,0.9652148,0.9723126,0.97585124,0.965712,0.9762512,0.9823938,0.9640294,0.97469133,0.9714076,0.97808313,0.95964724,0.9684227,0.97978914,0.85535175,0.96645486,0.9235092,0.97443306,0.96577984,0.9719967,0.9708354,0.9676255,0.97139627,0.9590681,0.9676757,0.9758868,0.9630798,0.969856,0.9658658,0.9756085,0.9652308,0.96772486,0.9555942,0.9666314,0.9737899,0.9710464,0.9585671,0.96930313,0.9617142,0.9596859,0.96370775,0.97719646,0.97321934,0.9830479,0.9709101,0.9750695,0.973037,0.97060555,0.97601324,0.95519274,0.95545095,0.9713744,0.9607728,0.97249275,0.95987135,0.973998,0.95400345,0.96141326,0.96425366,0.97228646,0.9681698,0.9679084,0.9653096,0.9830479,0.9714842,0.9760994,0.98233134,0.96282685
ahiddenlifefilm,0.9889568,0.9780901,0.98664266,0.9839484,0.98178,0.97811025,0.98960775,0.9830479,1.0000004,0.98501277,0.98808724,0.9727266,0.98673195,0.9867532,0.9880358,0.9837567,0.98767424,0.98332155,0.98402554,0.9856068,0.9810265,0.984266,0.9850289,0.9868018,0.98585844,0.9101691,0.98094547,0.9849241,0.9853578,0.98151004,0.9822621,0.9867513,0.9755576,0.98120576,0.97124034,0.96760607,0.9881997,0.98045117,0.98540735,0.9860417,0.97348195,0.9886006,0.9733822,0.9898029,0.988047,0.98361105,0.98316044,0.9844013,0.9831106,0.9897156,0.98236394,0.989991,0.98598033,0.9799762,0.9790104,0.9758198,0.9823505,0.9823524,0.98771226,0.98881954,0.9838289,0.9790372,0.9812547,0.9871909,0.98336613,0.9793533,0.9761896,0.9813039,0.9791565,0.9803279,0.9902977,0.7483241,0.9734064,0.9897711,0.9804416,0.97742134,0.938806,0.97554356,0.984156,0.9848621,0.98076075,0.9822807,0.98784256,0.97868115,0.98448664,0.98395604,0.97407234,0.98557645,0.98417825,0.98745847,0.98235226,0.9902977,0.98378634,0.98020273,0.98280305,0.98514473,0.9821982,0.98928845,0.97985,0.98087376,0.9817985,0.9838903,0.97420216,0.9914644,0.97670686,0.98205715,0.9890701,0.989365,0.9785036,0.9821473,0.9901105,0.8946157,0.9799132,0.953788,0.9811448,0.9820757,0.9916662,0.98388195,0.98369217,0.9796617,0.9821102,0.9832047,0.98199606,0.9786891,0.98766184,0.9857798,0.98482126,0.9811449,0.98336023,0.977185,0.9825311,0.9833425,0.98712486,0.9782002,0.98122764,0.97868437,0.98066336,0.9830552,0.98625404,0.98729914,1.0000004,0.98370254,0.9814692,0.9852743,0.9823457,0.9899815,0.9738758,0.97899294,0.986422,0.9811963,0.9893156,0.9839953,0.986776,0.97430307,0.9782067,0.97947127,0.98544705,0.98550403,0.9827421,0.97792685,1.0000004,0.9851133,0.9883785,0.9868668,0.9841074
alitamovie,0.9760961,0.96755016,0.97021294,0.96994567,0.9727886,0.97451276,0.97200257,0.9710456,0.98501277,0.9999999,0.9781722,0.9554008,0.97393435,0.9743242,0.974657,0.97524893,0.9734572,0.97048855,0.97310656,0.97151786,0.9683627,0.96961117,0.9772232,0.97534424,0.9810654,0.8938976,0.96999896,0.974841,0.9732345,0.9656356,0.969867,0.9748055,0.9596687,0.96536565,0.9517655,0.95016223,0.9818305,0.96450025,0.9689782,0.97675604,0.95960546,0.97074354,0.95975155,0.974851,0.97692,0.9674688,0.9769064,0.9745234,0.9625288,0.97728306,0.96893495,0.9751556,0.9766697,0.9664294,0.968012,0.97262776,0.96674746,0.9621145,0.97587913,0.9757749,0.9726503,0.96643686,0.98007005,0.9752491,0.9693315,0.961545,0.9580536,0.9677377,0.96255136,0.9661015,0.9784643,0.73633516,0.96073014,0.9836165,0.9704495,0.9637427,0.91131186,0.959865,0.97427064,0.9688428,0.96856874,0.967118,0.9775386,0.96319985,0.9679068,0.97144955,0.9606493,0.97060263,0.97118104,0.97624844,0.97061574,0.9784643,0.9716489,0.9692577,0.97009003,0.96972084,0.9740057,0.9710584,0.9676417,0.9678156,0.97079134,0.97102696,0.9667359,0.98161805,0.9714248,0.97024053,0.9737712,0.9742902,0.97431296,0.9746164,0.98047966,0.8834943,0.9638599,0.93604654,0.96725273,0.97547024,0.9808897,0.97002465,0.9681817,0.96533424,0.96893746,0.97002566,0.96701825,0.96592563,0.9742823,0.96845925,0.97405237,0.96929115,0.97298944,0.9577776,0.9690514,0.96895576,0.9762372,0.96353835,0.97214764,0.96836966,0.9730448,0.97071177,0.9724463,0.9745574,0.98501277,0.9715116,0.969044,0.9658311,0.96525335,0.97396994,0.95506984,0.9639117,0.97904634,0.969893,0.97093856,0.9593553,0.9729194,0.96399486,0.9713422,0.96968293,0.9765019,0.9734542,0.9674497,0.9634645,0.98501277,0.9661071,0.97501814,0.9782649,0.9682939
angelhasfallen,0.97745043,0.965965,0.9778846,0.97102934,0.9704417,0.96655387,0.97810984,0.97122175,0.98808724,0.9781722,1.0000001,0.95968455,0.97789866,0.97214043,0.97750795,0.9723596,0.9771858,0.96970314,0.97066504,0.9755982,0.965208,0.9739539,0.97013557,0.9759727,0.9800922,0.9043485,0.9692532,0.9740942,0.9772049,0.9731074,0.9728722,0.9782722,0.9647089,0.97559017,0.96086264,0.959444,0.9795723,0.97007096,0.9769318,0.9759295,0.96021366,0.9846991,0.9766169,0.98420143,0.97348124,0.9737216,0.9688289,0.97088104,0.96710753,0.983957,0.9751049,0.97915584,0.97828394,0.97063273,0.96805876,0.963932,0.9734426,0.96949804,0.9765474,0.975398,0.97490776,0.9671719,0.96975625,0.97961855,0.9729778,0.97718793,0.95954204,0.9692996,0.97613233,0.967156,0.9771066,0.7618053,0.9614503,0.9764185,0.9676238,0.96993417,0.9242272,0.9689621,0.9714547,0.9749642,0.979515,0.97178036,0.97757006,0.9743216,0.96518594,0.9745767,0.97552735,0.97320324,0.9737687,0.983137,0.97392106,0.9771066,0.97342116,0.9717216,0.97321826,0.9790827,0.98318684,0.97729516,0.96678245,0.9655438,0.97402465,0.97462344,0.97173446,0.9808312,0.960526,0.97555107,0.98109025,0.975591,0.965797,0.9698508,0.98295766,0.8953539,0.97129565,0.94831103,0.970054,0.98274475,0.9815909,0.97177094,0.9683673,0.96872246,0.97713715,0.9748463,0.9687518,0.964123,0.97946537,0.97886825,0.97089344,0.97114277,0.9731318,0.97539365,0.9672531,0.9698276,0.97784126,0.97526217,0.97195214,0.97186226,0.9752918,0.97294,0.9706807,0.97550106,0.98808724,0.9786873,0.9704425,0.9740278,0.9734323,0.97589195,0.9581819,0.9663588,0.9778013,0.96888274,0.9774482,0.97571135,0.97807765,0.96935314,0.96620494,0.967424,0.97760594,0.97213376,0.97228205,0.96773154,0.98808724,0.9720888,0.977799,0.9730416,0.96829015
angrybirdsmovie,0.9651287,0.9548703,0.9770351,0.96130526,0.95067275,0.956498,0.96359396,0.9586386,0.9727266,0.9554008,0.95968455,1.0000001,0.9551777,0.9642365,0.96631265,0.96460146,0.96846914,0.95868295,0.9589474,0.96014404,0.9554426,0.96803975,0.9567812,0.96174335,0.9538156,0.87416285,0.96087766,0.96138704,0.9733042,0.95243746,0.9598095,0.9622192,0.93675214,0.9699305,0.942787,0.94136167,0.9598754,0.95405906,0.95708627,0.9646766,0.9565878,0.962368,0.9511932,0.96141154,0.95260495,0.9564829,0.95199746,0.9676335,0.96149963,0.9593638,0.9777414,0.96199244,0.9611887,0.9564628,0.95235616,0.9574405,0.952362,0.953456,0.96845406,0.9639519,0.95610964,0.95107347,0.9522823,0.9591305,0.96258134,0.9522852,0.9434608,0.953296,0.94118065,0.9468508,0.9585703,0.7065647,0.96194464,0.96218675,0.95001924,0.9448704,0.92346025,0.956025,0.9589602,0.96162146,0.9538794,0.9523256,0.96234715,0.95359814,0.9702417,0.95436555,0.9467474,0.956408,0.9548951,0.95694005,0.95031285,0.9585703,0.95400226,0.9584255,0.97703165,0.95650214,0.9598405,0.96334654,0.9525158,0.9558355,0.9553022,0.95786583,0.96001303,0.9620208,0.95905894,0.9749265,0.9619801,0.96479064,0.95710707,0.96090037,0.95987993,0.8492984,0.94332486,0.91159916,0.95497704,0.9596838,0.96834385,0.9548486,0.9611886,0.9509083,0.95220643,0.95213616,0.95945215,0.94394094,0.96885633,0.96431386,0.96306723,0.972699,0.96130294,0.95005774,0.9592106,0.96405756,0.95948964,0.95976627,0.95242476,0.94481367,0.943149,0.9632423,0.9639727,0.9569241,0.9727266,0.97418356,0.95389813,0.9577852,0.9608286,0.95783246,0.94262373,0.95575726,0.9631675,0.9506235,0.95999444,0.9599984,0.9648309,0.9513748,0.9532843,0.9418178,0.958025,0.9689999,0.95163566,0.9477771,0.9727266,0.96146876,0.95370334,0.9519443,0.9696775
annabellemovie,0.98097485,0.9687408,0.9724801,0.9772127,0.9737202,0.9681401,0.97889346,0.9629793,0.98673195,0.97393435,0.97789866,0.9551777,1.0,0.97836244,0.971535,0.9733797,0.98171943,0.97013724,0.9711867,0.98034334,0.96850896,0.97459406,0.97216225,0.9731094,0.97558093,0.8916635,0.9693949,0.97791207,0.9709278,0.966298,0.96962637,0.9724988,0.9603991,0.9700325,0.965984,0.95475465,0.9759789,0.98356783,0.97761184,0.9715209,0.963476,0.9758566,0.96791726,0.9755423,0.97439337,0.9637978,0.96597683,0.9720694,0.97100174,0.97684664,0.9713503,0.9759736,0.9779365,0.9721262,0.9655202,0.96812195,0.974579,0.96842074,0.9737107,0.971953,0.97254074,0.96476024,0.96969867,0.9747691,0.9665181,0.9668545,0.96630716,0.96564746,0.9631373,0.9696642,0.9789499,0.7415866,0.9605367,0.9802387,0.96552706,0.9589598,0.9198842,0.96282613,0.97101146,0.9705233,0.972557,0.9803462,0.9758281,0.96237737,0.97922975,0.9693956,0.9662477,0.9856173,0.9680313,0.9743458,0.9709171,0.9789499,0.9689808,0.9729661,0.9708564,0.96909964,0.97080415,0.97752863,0.9675067,0.97363216,0.96221113,0.9802955,0.95594573,0.9837815,0.96589553,0.97208905,0.9827895,0.9791547,0.97249055,0.96912384,0.97701013,0.88737774,0.9667762,0.95090616,0.9650667,0.96876276,0.98366815,0.9642488,0.9741909,0.96770066,0.97471046,0.97412795,0.97038823,0.9640208,0.9811272,0.9703399,0.9772061,0.9710403,0.9701504,0.9678464,0.96993756,0.9651594,0.9778044,0.9620613,0.9659725,0.96612996,0.97359025,0.9653206,0.9740539,0.9758013,0.98673195,0.9683603,0.9605027,0.974792,0.96878695,0.97661436,0.9680123,0.977329,0.979037,0.97112954,0.9771941,0.97192204,0.97257805,0.97183335,0.96888775,0.97440237,0.9736943,0.97214663,0.9724461,0.96259546,0.98673195,0.9708832,0.9735779,0.9759684,0.97334385
annamovie,0.97846687,0.9654117,0.9672435,0.9754981,0.9695351,0.9723297,0.97942483,0.9725289,0.9867532,0.9743242,0.97214043,0.9642365,0.97836244,0.9999998,0.97244275,0.96705073,0.9720498,0.9683262,0.9747658,0.9739359,0.9670473,0.9703686,0.9755866,0.97448224,0.9752186,0.8935622,0.9674712,0.970935,0.9735696,0.968995,0.971673,0.9704425,0.9603412,0.9641263,0.9661304,0.95444906,0.9746231,0.96727145,0.97640854,0.974322,0.96376204,0.97130895,0.954372,0.97234064,0.9695428,0.9742509,0.9738934,0.97474337,0.9741072,0.97353697,0.9715289,0.97592455,0.979722,0.9705825,0.9647831,0.9612109,0.9685748,0.9690045,0.97799504,0.9711167,0.9696285,0.966589,0.9678023,0.9805625,0.9713361,0.9697268,0.96685314,0.96165323,0.95725507,0.9679084,0.9742392,0.7516432,0.96434325,0.9785358,0.96619684,0.96150666,0.92953366,0.9650559,0.9772036,0.97362024,0.96871716,0.9831194,0.9761557,0.97089785,0.9808218,0.97411627,0.95673656,0.97860336,0.9657179,0.97427016,0.9666702,0.9742392,0.9749442,0.9687842,0.96891177,0.97026354,0.96950066,0.9773482,0.9665483,0.9815339,0.9667406,0.97620434,0.9593565,0.9781991,0.98261726,0.970054,0.974292,0.9778875,0.9644509,0.9751614,0.98109,0.88163054,0.95931077,0.9468774,0.96144223,0.9626095,0.9827559,0.9711135,0.97234654,0.9694717,0.968933,0.9685069,0.9686564,0.9713518,0.9740107,0.9706128,0.97832114,0.9715126,0.9678563,0.96073693,0.96664953,0.9700867,0.96800524,0.9694754,0.967468,0.9685125,0.9742558,0.96752864,0.9743252,0.9782529,0.9867532,0.9680347,0.96765983,0.97438216,0.9748436,0.97545826,0.96037966,0.9719269,0.97613585,0.9761386,0.98189384,0.9691013,0.9808753,0.96154684,0.96533096,0.96479225,0.9714622,0.9706083,0.9696035,0.95819414,0.9867532,0.96815723,0.9687746,0.97587675,0.97463936
apollo11movie,0.97917336,0.96465737,0.97738224,0.96960336,0.969965,0.9642368,0.9744718,0.97568864,0.9880358,0.974657,0.97750795,0.96631265,0.971535,0.97244275,1.0000001,0.97545534,0.9738058,0.96605784,0.97056025,0.98464656,0.9739915,0.9705212,0.9768417,0.97977096,0.9777066,0.88851243,0.96927136,0.97459954,0.9787903,0.9685349,0.9710108,0.976116,0.97328085,0.9785163,0.9476125,0.950494,0.97577465,0.97139955,0.97255886,0.9730896,0.9700145,0.9796579,0.96474916,0.98226357,0.9778263,0.97369295,0.9762679,0.9760296,0.97574294,0.980035,0.97597617,0.97961664,0.9729468,0.97476524,0.9736183,0.9605703,0.97351915,0.975622,0.9822281,0.9746234,0.97064936,0.9690467,0.97140265,0.9791768,0.97496074,0.96419,0.9661221,0.9759374,0.97273517,0.96478313,0.9769689,0.7313017,0.96132624,0.97790587,0.96977407,0.96723264,0.91879064,0.96792847,0.9743399,0.97062,0.9726223,0.96382767,0.97781706,0.95949197,0.9709544,0.964369,0.9589004,0.97228616,0.97113174,0.97622025,0.9677723,0.9769689,0.9702486,0.96629477,0.97703236,0.98290825,0.9694891,0.9794408,0.9662261,0.96452475,0.9698124,0.97417194,0.9640248,0.9773444,0.9627146,0.9755225,0.98050505,0.97833097,0.9780944,0.97228277,0.97592264,0.87730473,0.97118896,0.93285143,0.97729576,0.97425044,0.98404455,0.96983904,0.9775878,0.96635216,0.96999454,0.97324115,0.9752526,0.96065307,0.97463167,0.9767338,0.96922773,0.97228986,0.9714236,0.9580589,0.9691672,0.9735977,0.9762958,0.9720515,0.97640175,0.9678241,0.9694488,0.97972775,0.97213364,0.97685826,0.9880358,0.9763674,0.9709099,0.9727636,0.9708106,0.9775907,0.9667986,0.9620178,0.97910154,0.9703932,0.9788761,0.969681,0.97625417,0.960096,0.96196514,0.9667551,0.9801796,0.9689435,0.97315615,0.97090787,0.9880358,0.981882,0.9780041,0.98044556,0.97693133
arcticdogsmovie,0.97219056,0.980876,0.9763577,0.96795833,0.96537995,0.9618664,0.97151715,0.96246743,0.9837567,0.97524893,0.9723596,0.96460146,0.9733797,0.96705073,0.97545534,0.99999994,0.9742722,0.96854115,0.9652647,0.97186995,0.96670425,0.97179264,0.9699636,0.97176254,0.97777,0.8733671,0.9694301,0.978374,0.97577685,0.9653192,0.9763745,0.97385347,0.9549234,0.9665711,0.9540297,0.9531385,0.9785548,0.9703297,0.9748434,0.9691421,0.9585905,0.9713226,0.96164083,0.97241837,0.96604645,0.96055037,0.96706676,0.9782123,0.961168,0.9721163,0.97676575,0.9707009,0.97080743,0.96652675,0.95703566,0.9655706,0.97087044,0.9627995,0.97654694,0.97636366,0.9706096,0.9696228,0.9622193,0.9702259,0.967931,0.9636339,0.95681345,0.96540534,0.96180516,0.9610695,0.9756794,0.713873,0.955075,0.98117864,0.960219,0.9447295,0.9026906,0.9578825,0.97420096,0.9663622,0.9652462,0.9619009,0.97577053,0.96105576,0.969088,0.9733462,0.96610576,0.9719042,0.9679808,0.97263855,0.97090966,0.9756794,0.96714234,0.97458285,0.97513634,0.9709907,0.96876985,0.97377664,0.9637393,0.96088505,0.96287256,0.9699829,0.9628121,0.9756415,0.96365315,0.97598875,0.9714298,0.9785295,0.9724485,0.9649169,0.976083,0.8685238,0.9606406,0.93497616,0.9666443,0.96353513,0.9776926,0.9662802,0.9710611,0.957255,0.97252274,0.96876144,0.96406627,0.959499,0.9787297,0.97415644,0.9697541,0.9743224,0.97313666,0.96404016,0.97258675,0.9663949,0.97411144,0.9633733,0.96972704,0.9668298,0.9748622,0.9713254,0.9714625,0.97321224,0.9837567,0.97817904,0.9569288,0.9688417,0.9663756,0.97429496,0.9608365,0.9648052,0.9788175,0.96871984,0.975569,0.96392703,0.97324383,0.9607078,0.97379553,0.9657663,0.97148985,0.9707461,0.97287166,0.96206534,0.9837567,0.96876377,0.9648935,0.9716677,0.9758314
arcticmovie,0.97873473,0.9690044,0.98258257,0.9760293,0.9707881,0.9664135,0.9819756,0.969213,0.98767424,0.9734572,0.9771858,0.96846914,0.98171943,0.9720498,0.9738058,0.9742722,0.99999994,0.9786696,0.97446966,0.97320384,0.96280897,0.9732226,0.97512996,0.9752647,0.9730977,0.8988111,0.9709033,0.98692894,0.979417,0.96775776,0.9747711,0.97031504,0.9601975,0.9758573,0.956787,0.9501896,0.97442585,0.9794739,0.9789814,0.9699787,0.9691034,0.97749466,0.96649873,0.97741383,0.9777249,0.9735551,0.97017103,0.9767518,0.97833323,0.9789918,0.97769004,0.9806156,0.97053754,0.9676855,0.9632573,0.971699,0.969807,0.9691176,0.9765192,0.9781475,0.9755776,0.9636366,0.9651125,0.97586375,0.96831375,0.966863,0.96721816,0.9780003,0.9669389,0.969831,0.978923,0.7351524,0.9655989,0.97821707,0.96565557,0.9644792,0.92784727,0.9642875,0.97720796,0.971926,0.97470933,0.97215396,0.97950417,0.9657341,0.976251,0.97303355,0.9654944,0.97571224,0.97036564,0.97352934,0.96595895,0.978923,0.9692764,0.9683621,0.9804782,0.9742718,0.9681369,0.9754001,0.9701408,0.9693795,0.9696963,0.97239506,0.9653121,0.982665,0.96009654,0.97816694,0.9777047,0.98093307,0.97237706,0.96735615,0.9787498,0.8696298,0.9697822,0.9333082,0.97533387,0.9696461,0.98206025,0.96745235,0.97649306,0.9713708,0.9749633,0.9780753,0.9768309,0.97096586,0.9820196,0.97144765,0.9773657,0.97648084,0.9716824,0.97044104,0.9669523,0.97148836,0.98533064,0.97007096,0.96796805,0.96657115,0.9683642,0.96918225,0.9738546,0.97522,0.98767424,0.97348106,0.96948636,0.9791036,0.97201705,0.9800616,0.9634358,0.96561766,0.9753154,0.97661513,0.97655547,0.9735177,0.9809477,0.96418357,0.9687102,0.9660403,0.97768164,0.9811763,0.97123206,0.964378,0.98767424,0.9735713,0.977567,0.9780594,0.97288233
artofracingmovie,0.976062,0.96623677,0.97743386,0.9663977,0.97971606,0.96240467,0.97856253,0.96708244,0.98332155,0.97048855,0.96970314,0.95868295,0.97013724,0.9683262,0.96605784,0.96854115,0.9786696,1.0000001,0.9703144,0.9663917,0.96343434,0.96982294,0.9719655,0.97330457,0.9741454,0.89265966,0.9735813,0.9758206,0.9687809,0.9689222,0.95965654,0.9727644,0.95803213,0.9613135,0.9468796,0.9444491,0.97401214,0.97240996,0.9718176,0.9708814,0.9547493,0.9708165,0.9654542,0.97328967,0.9784988,0.96390945,0.97041935,0.97210324,0.9645224,0.97363055,0.9648545,0.97307765,0.9620889,0.95609844,0.95792985,0.9788902,0.9622407,0.95770967,0.96742445,0.9749277,0.9748675,0.96725106,0.9743571,0.97193235,0.9601859,0.9634224,0.9563476,0.9697594,0.966367,0.9633102,0.97531927,0.7414723,0.9609637,0.97457796,0.965072,0.964506,0.918773,0.95404345,0.96873397,0.9737582,0.9622366,0.9638274,0.974353,0.9604457,0.9674279,0.9664302,0.95978457,0.9621352,0.96904093,0.9690074,0.96564895,0.97531927,0.96558493,0.963681,0.96904963,0.9664174,0.9661634,0.9693848,0.9662757,0.96270454,0.9651154,0.96147215,0.9587615,0.97330827,0.9523542,0.96655965,0.9760614,0.97566706,0.9613857,0.9661494,0.9730497,0.8631816,0.9606443,0.9229777,0.95956737,0.97304344,0.97856796,0.96768844,0.96699435,0.9671173,0.96717393,0.96439666,0.9702073,0.964887,0.9746192,0.9653342,0.97104627,0.9626495,0.97736573,0.9652222,0.9679737,0.97324836,0.97864926,0.958747,0.9636523,0.96473485,0.9634246,0.96277386,0.9725508,0.97586524,0.98332155,0.96555823,0.9710005,0.9657424,0.95931107,0.9687766,0.95148945,0.9591645,0.96963716,0.96769106,0.9729897,0.9718958,0.9743728,0.9625929,0.964569,0.96409845,0.9683455,0.97399217,0.9646161,0.96201473,0.98332155,0.96827894,0.9780044,0.9700413,0.96717995
avengers,0.98544806,0.95208013,0.97067744,0.97844815,0.96493167,0.9644862,0.97749394,0.9719546,0.98402554,0.97310656,0.97066504,0.9589474,0.9711867,0.9747658,0.97056025,0.9652647,0.97446966,0.9703144,1.0,0.971242,0.9635361,0.9708484,0.968099,0.9746669,0.9723411,0.89483374,0.9688959,0.9736166,0.9686733,0.9626667,0.9798518,0.96154433,0.952697,0.962072,0.9634916,0.9564156,0.9750589,0.9718097,0.9769709,0.9669156,0.97448933,0.974869,0.9632179,0.9704932,0.9697114,0.97287244,0.9637857,0.9712612,0.97226036,0.9713918,0.9625653,0.97138554,0.9727889,0.9668709,0.970529,0.96472037,0.9652182,0.9640936,0.9684383,0.97401804,0.9705966,0.9660878,0.9655395,0.9639763,0.9642232,0.9640239,0.9659056,0.96226656,0.96385527,0.97364616,0.9752995,0.7372248,0.96260643,0.977624,0.97303516,0.9612366,0.9292491,0.9593849,0.9694192,0.9619292,0.9734652,0.973531,0.97600216,0.95824015,0.9722561,0.9685907,0.95156825,0.9734521,0.9646269,0.9720662,0.96781033,0.9752995,0.971476,0.9593077,0.96804607,0.97582346,0.9625151,0.9771063,0.9725683,0.9727342,0.9676548,0.971808,0.95013624,0.9767712,0.96156627,0.9630471,0.96850234,0.9754908,0.9607014,0.95986813,0.97404784,0.8810676,0.96287066,0.93175834,0.96536696,0.96248806,0.97934514,0.9666171,0.9721103,0.96831036,0.96745193,0.9660665,0.970701,0.97242266,0.97260237,0.9635209,0.9703617,0.97248906,0.9742883,0.9716684,0.9616735,0.966552,0.97207046,0.9567668,0.96420455,0.9584328,0.9715672,0.9620644,0.97368383,0.9727255,0.98402554,0.96911484,0.96638596,0.9744854,0.97624767,0.97062093,0.95719427,0.9728058,0.9694265,0.975221,0.9783056,0.9726618,0.9699829,0.9595479,0.95643127,0.96133107,0.96309525,0.96832585,0.96608543,0.9578308,0.98402554,0.9699244,0.97311294,0.97589666,0.9675367
beachbummovie,0.97294056,0.9619569,0.97655386,0.97271466,0.9699511,0.965407,0.97368556,0.9663979,0.9856068,0.97151786,0.9755982,0.96014404,0.98034334,0.9739359,0.98464656,0.97186995,0.97320384,0.9663917,0.971242,1.0000002,0.97342515,0.97658956,0.967341,0.9768388,0.97402084,0.8841891,0.9703319,0.97541785,0.9741311,0.96513027,0.97218484,0.9688979,0.9654317,0.9771217,0.9551441,0.95426816,0.97574025,0.96979815,0.971278,0.9713653,0.9655807,0.9798999,0.9613024,0.9787421,0.975533,0.9697365,0.9626151,0.971553,0.97309774,0.9768688,0.9751223,0.9738912,0.9746168,0.97601783,0.9682534,0.95926523,0.97581786,0.97066617,0.97782475,0.970667,0.96394664,0.9722673,0.9693344,0.9727574,0.9678294,0.96497464,0.9632587,0.9717217,0.96567404,0.9750723,0.9725681,0.72043294,0.96113557,0.9783934,0.96851647,0.96640277,0.92181295,0.96684754,0.9690661,0.9713466,0.97270924,0.97030604,0.9701486,0.96100307,0.9754565,0.9636725,0.9641751,0.97638863,0.9649537,0.9703117,0.96723485,0.9725681,0.9618167,0.9619499,0.97354525,0.9707055,0.9695927,0.982794,0.96658736,0.9641605,0.9615184,0.98100007,0.9601192,0.9755814,0.9632142,0.97608274,0.9785191,0.97254163,0.97873366,0.96586764,0.9712238,0.89903194,0.9658297,0.9412487,0.9680091,0.9656839,0.976812,0.96683156,0.9758563,0.96420574,0.96249217,0.9703641,0.96656626,0.9615516,0.9781955,0.9710297,0.96969485,0.9745092,0.9686246,0.9580088,0.9679831,0.9649395,0.9734004,0.9605859,0.9705443,0.9619919,0.9656865,0.9703923,0.970757,0.97619104,0.9856068,0.97212166,0.9599295,0.97145385,0.9657655,0.9714236,0.96926594,0.96659136,0.97223175,0.9675826,0.9785294,0.9694037,0.9698941,0.96468264,0.96004355,0.9680978,0.97311366,0.9654401,0.96956,0.9662116,0.9856068,0.969096,0.97316253,0.9750662,0.97638595
bernadettefilm,0.97181505,0.96312624,0.96114826,0.9596749,0.96184444,0.9631359,0.9693922,0.9686807,0.9810265,0.9683627,0.965208,0.9554426,0.96850896,0.9670473,0.9739915,0.96670425,0.96280897,0.96343434,0.9635361,0.97342515,1.0000001,0.96488494,0.9737937,0.9743403,0.966917,0.9171791,0.9625087,0.9668841,0.9661325,0.9575146,0.96564716,0.9685636,0.9685908,0.95891047,0.94806963,0.9625005,0.9680567,0.9586698,0.97038054,0.9682885,0.95109046,0.9691148,0.9410132,0.97365165,0.9737368,0.96159667,0.9702111,0.9702719,0.97146165,0.9718623,0.96093786,0.97438306,0.9649922,0.95757604,0.9591603,0.95884615,0.968856,0.9637457,0.96933085,0.9763886,0.96875465,0.9662899,0.97144246,0.9771145,0.97426087,0.9571436,0.96307325,0.9656958,0.9593229,0.96018314,0.97607934,0.73865926,0.96116436,0.97600955,0.9652162,0.94964325,0.9115098,0.9519983,0.9686359,0.97554225,0.96182966,0.95811,0.9667585,0.95558256,0.9572654,0.9707562,0.9474045,0.9696841,0.9689635,0.9578045,0.9629218,0.97607934,0.9547461,0.9557587,0.95990115,0.9682113,0.9662974,0.96906585,0.95820844,0.96683264,0.9598294,0.96823895,0.9604968,0.9757898,0.9621774,0.9603721,0.9708898,0.97306955,0.96371603,0.96742713,0.97355676,0.8810161,0.9596544,0.9391575,0.9700246,0.96422577,0.9750913,0.97069085,0.9692796,0.96291214,0.9645439,0.95988375,0.96523345,0.96210665,0.9655007,0.9647447,0.97354656,0.9606447,0.96143943,0.94610816,0.98169094,0.96552956,0.96254855,0.9557643,0.96673757,0.9567848,0.9579288,0.97171843,0.9723049,0.97391856,0.9810265,0.96313816,0.9575178,0.9673777,0.96414626,0.9779605,0.9686409,0.9573104,0.972519,0.9616183,0.9776805,0.95672464,0.9649126,0.9534612,0.9574893,0.96690744,0.9703893,0.9697947,0.96106285,0.9652375,0.9810265,0.9666833,0.97576445,0.9688054,0.97001785
