movie,21bridgesmovie,47metersdown,abeautifuldaymovie,abominablemovie,adastramovie,adogsjourneymovie,aftermathmovie,aftermovie,ahiddenlifefilm,alitamovie,angelhasfallen,angrybirdsmovie,annabellemovie,annamovie,apollo11movie,arcticdogsmovie,arcticmovie,artofracingmovie,avengers,beachbummovie,bernadettefilm,blackandbluemovie,blackchristmas,blindedbythelightmovie,bombshellmovie,booksmart,breakthroughmovie,brianbanksmovie,brightburnmovie,brittanyrunsmov,captainmarvelofficial,captivestatemovie,catsmovie,charliesangels,childsplaymovie,clarathefilm,coldpursuitmovie,countdown,currentwarmovie,darkwatersmovie,detectivepikachumovie,disneyaladdin,disneyfrozen,disneymaleficent,doctorsleepmovie,dolemiteismyname,dontletgomovie,doramovie,downtonabbey_official,dumbo,escaperoom,everybodyknowsmovie,fastandfuriousmovie,fightingwmyfam,fivefeetapartfilm,fordvferrari,freaksthefilm,geminimanmovie,glassmovie,gloriabellmovie,godzillamovie,goldfinchmovie,goodboysmovie,goodliarmovie,gretafilm,halathemovie,happydeathdaymovie,harrietfilm,hellboymovie,hersmellmovie,highlifemovie,highstrungmovie,honeyboymovie,hotelmumbaifilm,httydragon,hustlemovie,hustlersmovie,isntitromantic,itmovieofficial,jayandsilentbob,johnwickmovie,jojorabbitmovie,jokermovie,judythefilm,jumanjimovie,justmercyfilm,knivesout,lalloronamovie,lastblackmansf,lastchristmasthemovie,latenightmovie,lighthousemovie,lionking,littlethemovie,littlewomenmovie,littlewoodsfilm,longshotmovie,lordsofchaosmovie,lucyintheskyfilm,mamovie2019,marriagestory,meettheaddams,meninblack,midsommarmovie,midwaymovie,missbalamovie,missinglinkfilm,motherlessbklyn,onceinhollywood,onthebasisofsex,overcomermovie,peanutbutterfalcon,petsematarymovie,piercingmovie,playingwithfire,playmobilthemovie,pomsmovie,queenandslim,rambomovie,readyornotfilm,richardjewellfilm,rocketmanmovie,scarystoriesmovie,secretlifeofpets,serenityfilm,shaftmovie,shazammovie,spidermanmovie,spiesindisguise,starwars,stormboymovie,stubermovie,taosdfilm,teenspiritmov,terminator,theaeronautsmov,thebestofenemies,thedeaddontdie,thefarewell,thehighwaymen,thehummingbirdprojectfilm,theintrudermovie,theirishmanfilm,thekitchenmovie,thelegomovie,themustangfilm,thenightingalefilm,theprodigymovie,thesunisalsoastar,theupsidefilm,tolkienmovie,toystory,triplefrontier,uglydolls,uncutgems,underthesilverlake,usmovie,wavesmovie,whatmenwant,wonderparkmovie,wrinklestheclown,xmenmovies,yardiefilm,yesterdaymovie,zombieland
21bridgesmovie,0.99999994,0.956532,0.96256256,0.95761913,0.96160215,0.9567011,0.9673986,0.9653234,0.984318,0.9561557,0.96489376,0.9612108,0.964659,0.97121185,0.96147984,0.9518259,0.96008027,0.9698518,0.979598,0.9540193,0.9656008,0.9580493,0.96364087,0.97026855,0.96260846,0.9381688,0.95809674,0.95389,0.97066295,0.9561767,0.9619069,0.9611604,0.9513374,0.9601307,0.95707315,0.9538516,0.9596469,0.97466195,0.9666226,0.9695538,0.96750927,0.9651271,0.96371573,0.9696022,0.9604173,0.96201366,0.96457523,0.9609099,0.95782405,0.9696293,0.9699668,0.9648098,0.9643519,0.95989937,0.95784456,0.96844095,0.96408075,0.95892745,0.96378285,0.96653956,0.96541744,0.9620776,0.96295565,0.964889,0.9570194,0.9593193,0.9605109,0.9647142,0.9565107,0.9538852,0.9693992,0.802507,0.96073246,0.96735436,0.9540182,0.95717746,0.94407755,0.95766,0.9615829,0.96373534,0.9665198,0.9539677,0.9670774,0.9602574,0.9607993,0.9638787,0.96158385,0.97004586,0.96266335,0.9692299,0.9593213,0.9693992,0.96018565,0.9594347,0.96198386,0.9650187,0.96164554,0.957592,0.9619983,0.96184534,0.9655957,0.96023786,0.96063435,0.9653061,0.96158063,0.9696381,0.9690653,0.9649426,0.9573009,0.9566368,0.9677764,0.89766014,0.96155894,0.928465,0.9617515,0.9753216,0.98974967,0.9515937,0.96208686,0.96772385,0.9606182,0.9674363,0.9610464,0.9589547,0.96622133,0.95900273,0.9633209,0.9667852,0.96499795,0.9517625,0.9666216,0.9601983,0.95657635,0.9534995,0.9601446,0.9609791,0.9750777,0.9557407,0.96518725,0.9583592,0.984318,0.9634652,0.963845,0.95986485,0.96170884,0.95957106,0.9545637,0.95802903,0.9649942,0.97037345,0.9617472,0.9651616,0.96990085,0.95599616,0.9589237,0.95752364,0.9666429,0.9691512,0.9589966,0.96029466,0.984318,0.95984346,0.9637832,0.9624826,0.9657094
47metersdown,0.956532,0.99999964,0.95941657,0.9507858,0.95520014,0.9501981,0.9573212,0.95003045,0.97389245,0.9479585,0.95654863,0.9514097,0.9504794,0.96103835,0.9555031,0.9639536,0.95106864,0.951829,0.9500079,0.9386024,0.95099133,0.9481006,0.9601994,0.95555127,0.9507865,0.923908,0.9477855,0.9523325,0.9566505,0.94245446,0.9594363,0.9501164,0.94085944,0.9502431,0.94766897,0.9407263,0.95944065,0.9600016,0.95921797,0.9511849,0.9473769,0.9487541,0.94214475,0.9542045,0.9570169,0.9546019,0.9589643,0.9497969,0.9378059,0.9552411,0.95810395,0.951806,0.94777656,0.9493501,0.9526039,0.9522806,0.952106,0.95592916,0.95320064,0.9558909,0.9503489,0.9536155,0.95264685,0.9499247,0.9448214,0.9462909,0.941837,0.95300096,0.95449096,0.94307435,0.9597395,0.80613834,0.934746,0.95901334,0.9421041,0.9541261,0.9332948,0.95014066,0.9447021,0.95653635,0.96088594,0.9436373,0.9530278,0.9487558,0.946834,0.95744413,0.94967383,0.9517697,0.95284235,0.9638618,0.95175433,0.9597395,0.9497502,0.95317876,0.9548751,0.9517738,0.9564389,0.9511515,0.9429335,0.95684046,0.95464694,0.95029044,0.94920766,0.95130605,0.9605468,0.9582244,0.95980144,0.94956666,0.9398274,0.9455769,0.96429044,0.88676596,0.95494837,0.92467576,0.9586835,0.96205026,0.96194303,0.94257593,0.9543972,0.95206267,0.95124054,0.9636527,0.95636934,0.9536723,0.95479965,0.953456,0.95469326,0.95516145,0.95386565,0.9323726,0.9505301,0.9571085,0.9479264,0.9436391,0.9527149,0.9448229,0.9522018,0.95039314,0.9555452,0.95233667,0.97389245,0.9572336,0.9515308,0.9574693,0.94627124,0.94867253,0.9503301,0.94224024,0.9543511,0.9453667,0.961709,0.95187986,0.9577068,0.93162584,0.95483094,0.95409626,0.95200294,0.95451695,0.9506937,0.955537,0.97389245,0.94111425,0.9582933,0.9558475,0.95362276
abeautifuldaymovie,0.96256256,0.95941657,1.0,0.9581727,0.951859,0.9550203,0.96407986,0.9602427,0.97951436,0.9476799,0.960665,0.96180296,0.958896,0.9601122,0.9604747,0.9535076,0.96588016,0.96196467,0.95745194,0.94864744,0.9609154,0.9668506,0.95716476,0.96027154,0.9600809,0.9266844,0.95652974,0.9652799,0.9713826,0.953457,0.95859367,0.9587459,0.94861877,0.9659455,0.95593864,0.94246936,0.9574408,0.95787007,0.9540326,0.9604328,0.9625192,0.9612089,0.95469034,0.9582243,0.968163,0.9609044,0.96016455,0.9639136,0.9487605,0.9620926,0.97669727,0.9675426,0.95400715,0.95728326,0.9476541,0.9583959,0.9564515,0.9633183,0.9596711,0.9667136,0.95898604,0.9594576,0.9628692,0.95855063,0.96117896,0.9488172,0.95674616,0.96254253,0.95852554,0.94742817,0.9671173,0.8254137,0.94769454,0.9605974,0.9496781,0.954165,0.94019943,0.958825,0.9457084,0.95645416,0.9550391,0.9548868,0.9587015,0.95700926,0.9653141,0.96508336,0.95261794,0.96246886,0.9614859,0.9586134,0.94969136,0.9671173,0.9543625,0.9583943,0.9698368,0.9583968,0.957048,0.962906,0.9422817,0.9508057,0.9615888,0.9604845,0.9682604,0.963905,0.9574408,0.9756909,0.95858,0.9516729,0.9528171,0.9589057,0.9666956,0.90134186,0.9640286,0.92578816,0.9656935,0.9631992,0.9657851,0.95542747,0.96034175,0.9566466,0.9543518,0.97306615,0.9570891,0.95377666,0.95092434,0.96136105,0.9609489,0.97111964,0.962911,0.94131327,0.9647349,0.962087,0.96525717,0.95674974,0.96113944,0.9581432,0.95571506,0.95794284,0.9615095,0.9555587,0.97951436,0.9764825,0.95798737,0.95860463,0.9518309,0.9594615,0.95472616,0.95275563,0.95730597,0.9524558,0.9645483,0.96848863,0.9602439,0.9355616,0.9614883,0.96207577,0.95311123,0.9598753,0.96153396,0.9605313,0.97951436,0.94974506,0.9632445,0.9622237,0.96744186
abominablemovie,0.95761913,0.9507858,0.9581727,1.0000001,0.9605965,0.9546499,0.96329206,0.95753676,0.9764793,0.9469426,0.95198596,0.9567692,0.9617028,0.96505004,0.9587088,0.9529821,0.9553057,0.9619795,0.95388407,0.95099485,0.9621373,0.95241535,0.9564474,0.9592727,0.9588968,0.9302414,0.9550798,0.9504833,0.9563253,0.95783365,0.9561207,0.95453054,0.94785774,0.95156604,0.9599745,0.95116913,0.95666105,0.9633337,0.9562056,0.95760876,0.9563226,0.9543527,0.9469335,0.9562006,0.95748866,0.9513869,0.9582559,0.9557477,0.9441876,0.9592465,0.96226364,0.9552177,0.95320374,0.9595611,0.9504377,0.964896,0.95350176,0.959744,0.9684329,0.96327573,0.95265305,0.96002424,0.9599511,0.9567004,0.9551774,0.95312595,0.9537736,0.952835,0.95076483,0.94506943,0.96453923,0.81945205,0.95527756,0.9569087,0.9640119,0.9564394,0.93938345,0.9565207,0.95045835,0.9568114,0.95287025,0.96160275,0.9583683,0.95607895,0.9612892,0.9650562,0.9557104,0.95835394,0.95872706,0.95004255,0.9552886,0.96453923,0.9623869,0.96308744,0.9571008,0.9575775,0.95477724,0.95591694,0.9502102,0.9533953,0.9572357,0.95376027,0.95667267,0.9548962,0.9579309,0.9620923,0.9695307,0.9574919,0.9476502,0.9507004,0.96116555,0.9142525,0.95946854,0.9391316,0.96109277,0.9584076,0.95922774,0.9561941,0.9545007,0.9627382,0.9504363,0.96080625,0.96091676,0.9519762,0.9568948,0.9654874,0.95793414,0.95983535,0.9548572,0.93441266,0.9611831,0.95325756,0.95326924,0.9427433,0.9552724,0.9550592,0.95530385,0.94954324,0.9605768,0.95299876,0.9764793,0.9567438,0.96001565,0.96171546,0.95858026,0.9446257,0.9562967,0.9616658,0.9618838,0.9545964,0.9597495,0.9520007,0.9587553,0.9388079,0.96027243,0.9556615,0.9549959,0.96391505,0.95910925,0.95575476,0.9764793,0.9567787,0.9605557,0.9620072,0.9589959
adastramovie,0.96160215,0.95520014,0.951859,0.9605965,0.99999976,0.9485538,0.960962,0.9574492,0.9778481,0.9576452,0.9632342,0.9481686,0.9573866,0.96192473,0.96061504,0.95309407,0.96045697,0.9734654,0.95807487,0.9474504,0.965053,0.94853723,0.96266884,0.9590013,0.9545278,0.9351513,0.96639806,0.9479554,0.9585883,0.9485837,0.9605629,0.9502986,0.9426814,0.94989043,0.9544392,0.94972265,0.9647893,0.9610943,0.95913386,0.95685977,0.95537925,0.9641389,0.9541499,0.9629142,0.9550085,0.9621794,0.9644234,0.952502,0.94747424,0.9595442,0.9597354,0.96000826,0.9527564,0.9548545,0.95372766,0.97334206,0.954643,0.9647343,0.96051264,0.96465915,0.95175403,0.9612591,0.9595789,0.9542649,0.95080835,0.9579944,0.9452101,0.9609176,0.9529935,0.954028,0.96493834,0.80867934,0.9442364,0.95898294,0.9528017,0.9556051,0.9339461,0.9536488,0.9527154,0.95795095,0.9646502,0.9516771,0.9627049,0.95438886,0.95693403,0.9600634,0.9592546,0.96395963,0.962128,0.9637506,0.9484876,0.96493834,0.9647929,0.9569488,0.953927,0.9634509,0.9608942,0.95398,0.95113397,0.95754975,0.9646788,0.95662963,0.9541815,0.9537859,0.9583702,0.95888025,0.96612704,0.95448077,0.9440781,0.94322026,0.96721005,0.8950161,0.9572756,0.9365544,0.96306205,0.96829355,0.9646497,0.94882476,0.9587567,0.95844084,0.95256907,0.9620412,0.95950824,0.9501723,0.9578122,0.9560536,0.9605309,0.96008533,0.9744368,0.9451695,0.9574873,0.974515,0.9591754,0.9533683,0.95591915,0.9499743,0.960204,0.9529642,0.9645927,0.9536418,0.9778481,0.95145744,0.96532243,0.9584078,0.9532026,0.9499382,0.9525179,0.95774007,0.959714,0.9567516,0.9573783,0.958393,0.96147346,0.94378513,0.9633548,0.95469314,0.9586052,0.9619594,0.94813335,0.9563549,0.9778481,0.95735985,0.9551859,0.9613788,0.95321304
adogsjourneymovie,0.9567011,0.9501981,0.9550203,0.9546499,0.9485538,0.99999994,0.9631447,0.9583124,0.97359467,0.945039,0.9576031,0.9538308,0.9580745,0.96056354,0.9478296,0.9506877,0.9542162,0.9562145,0.95253277,0.9483373,0.95794153,0.95555514,0.9715875,0.9559873,0.9529668,0.91975504,0.95388,0.9496133,0.95770144,0.9581974,0.9475734,0.95640576,0.954838,0.951532,0.9507911,0.9397113,0.94909227,0.9510186,0.95937425,0.957904,0.9589552,0.9520071,0.9527862,0.95020556,0.9601946,0.95536804,0.9709732,0.94972444,0.9464465,0.95221704,0.9578399,0.9524361,0.95727515,0.950502,0.9463198,0.95660025,0.95226413,0.9572407,0.9454553,0.9611565,0.9595672,0.9510116,0.95944995,0.9538379,0.9477317,0.95608974,0.9611847,0.9551524,0.94929016,0.9577214,0.96210223,0.8136474,0.94757676,0.9578939,0.9574126,0.95936483,0.94075054,0.9546205,0.9457436,0.957441,0.9605618,0.9535199,0.9571299,0.95324254,0.94861454,0.9586183,0.95025074,0.9601423,0.95376176,0.95754945,0.9530715,0.96210223,0.9494065,0.9523808,0.95000374,0.9463663,0.9532844,0.9587355,0.9498695,0.9683934,0.9491863,0.95637995,0.95659786,0.95640403,0.9554595,0.96013993,0.9578263,0.95117867,0.9406968,0.94780153,0.96117616,0.89852077,0.9565433,0.93274665,0.95405346,0.95886505,0.9578474,0.9585037,0.95922565,0.95962995,0.95719606,0.9611704,0.958984,0.9751134,0.9528087,0.9510548,0.96667284,0.95579237,0.954665,0.9348197,0.94713175,0.95096004,0.95079064,0.94738066,0.9508232,0.962254,0.9540739,0.9477464,0.95664364,0.9537442,0.97359467,0.95744,0.94786465,0.95339817,0.9594326,0.95335513,0.95517653,0.94760984,0.9573433,0.9455873,0.96459585,0.9506821,0.95359105,0.93484205,0.9516631,0.9573904,0.96825165,0.95448655,0.9569901,0.94877124,0.97359467,0.9507541,0.95871645,0.9614454,0.9552242
aftermathmovie,0.9673986,0.9573212,0.96407986,0.96329206,0.960962,0.9631447,0.99999976,0.96926534,0.9809821,0.9558227,0.9658097,0.9604374,0.96252847,0.9704051,0.96407795,0.9611378,0.95882994,0.965706,0.96229064,0.9582653,0.96884334,0.9580209,0.9707276,0.96050435,0.96430284,0.92886764,0.9622911,0.95333755,0.9617287,0.9615002,0.95092237,0.96551865,0.95258343,0.956383,0.95830584,0.952484,0.965182,0.95945513,0.96368116,0.96220887,0.960875,0.96156293,0.95353204,0.96121395,0.9659905,0.9614909,0.9697279,0.9548926,0.96065795,0.9616301,0.96303,0.96613324,0.9654014,0.9656321,0.95214665,0.96518487,0.958483,0.96196645,0.9641138,0.966387,0.96554095,0.9674396,0.9623267,0.9654982,0.95685065,0.9581752,0.9557677,0.96165997,0.9572789,0.95068157,0.9660811,0.81211555,0.95317286,0.96508324,0.9579406,0.96460056,0.9384625,0.9623382,0.9586583,0.96297336,0.96674716,0.97500104,0.9692483,0.9559389,0.9531783,0.96708786,0.96585625,0.96511376,0.95703685,0.9602344,0.95492345,0.9660811,0.9621707,0.9597966,0.9607653,0.96485555,0.9643324,0.9635732,0.97580284,0.96481425,0.96225315,0.9595383,0.9563915,0.9616486,0.9644692,0.96170044,0.9722589,0.96120673,0.9508133,0.9603515,0.9707757,0.8983438,0.9679897,0.93762463,0.96984774,0.9647507,0.96718097,0.95420337,0.96471703,0.988567,0.96091425,0.9666744,0.96175414,0.9610298,0.9569491,0.9647851,0.96346307,0.9636144,0.9634754,0.9388966,0.96661776,0.96172243,0.9547502,0.94423115,0.9615931,0.96534884,0.9563395,0.95773596,0.9626225,0.9576936,0.9809821,0.9616921,0.96035016,0.96671224,0.9625914,0.95748496,0.9616477,0.95475245,0.96975803,0.9581733,0.9835143,0.9617176,0.9592836,0.9393412,0.9679748,0.9621738,0.9645599,0.9594672,0.9636194,0.9601725,0.9809821,0.9555084,0.96290696,0.96795285,0.9593589
aftermovie,0.9653234,0.95003045,0.9602427,0.95753676,0.9574492,0.9583124,0.96926534,1.0000001,0.9787529,0.95741034,0.9595895,0.95913476,0.9634409,0.9668171,0.9626802,0.95382637,0.9556404,0.96336323,0.95774746,0.9542869,0.9631654,0.9607693,0.964213,0.9628215,0.9567584,0.92971134,0.9582621,0.9532482,0.9659544,0.9592834,0.9537972,0.95792174,0.95505786,0.9533053,0.9606815,0.9469739,0.9592924,0.9590158,0.9624986,0.9614918,0.96491665,0.960586,0.9571251,0.96512324,0.9643669,0.9589296,0.96535206,0.9609253,0.96004087,0.96413743,0.9642361,0.964629,0.95972973,0.95813257,0.95984,0.9599914,0.95060164,0.9543016,0.96098006,0.96301526,0.95862114,0.9546299,0.9608131,0.9633449,0.95990634,0.9559555,0.95273334,0.9608706,0.95128196,0.9464212,0.9664924,0.8090608,0.9470995,0.9629088,0.958739,0.95866895,0.9404449,0.9569913,0.94810915,0.9575643,0.9590964,0.96467763,0.96665126,0.9591018,0.95356923,0.9613584,0.9529039,0.9668695,0.95568216,0.9629844,0.952788,0.9664924,0.9570122,0.961296,0.955873,0.9626702,0.9533041,0.9609108,0.95459104,0.9553963,0.9571237,0.95778036,0.957287,0.960629,0.9635642,0.96091187,0.9690387,0.9622034,0.945023,0.95912486,0.9676736,0.8881288,0.9626393,0.9352351,0.96389973,0.9620499,0.9691606,0.9502223,0.96346605,0.9665502,0.96388704,0.965761,0.95528287,0.95903754,0.9515802,0.96275425,0.9597206,0.95796776,0.9570521,0.9457488,0.95666766,0.95928967,0.95279425,0.950549,0.9549629,0.9611182,0.95663273,0.95526683,0.96296984,0.95074487,0.9787529,0.96070117,0.9592746,0.9640535,0.9632953,0.9552631,0.9509925,0.9569421,0.96501404,0.95546293,0.96354467,0.96012485,0.95821875,0.9431795,0.95493877,0.9508607,0.9616928,0.96158195,0.9644634,0.95621824,0.9787529,0.95267636,0.9642432,0.96477,0.9553293
ahiddenlifefilm,0.984318,0.97389245,0.97951436,0.9764793,0.9778481,0.97359467,0.9809821,0.9787529,0.99999976,0.97012526,0.9810877,0.97362566,0.9780703,0.98311293,0.98078305,0.97194904,0.9784921,0.98178357,0.9788089,0.9704686,0.9801759,0.9758213,0.97963786,0.98179036,0.97677004,0.9498258,0.9727086,0.975316,0.9826461,0.9746961,0.97469544,0.9774372,0.96624506,0.97565377,0.97427183,0.9672221,0.978682,0.9783941,0.9792213,0.9808243,0.9807366,0.97929305,0.9748235,0.9809443,0.9801322,0.9793568,0.98134834,0.97624296,0.96872234,0.98161334,0.98387855,0.9824846,0.97762346,0.97681326,0.971752,0.98098755,0.9762077,0.979521,0.97742295,0.9826875,0.9744033,0.9768844,0.9806072,0.979138,0.9762054,0.97648937,0.9746576,0.97862667,0.9721842,0.9711202,0.98553944,0.8270092,0.9716951,0.9793489,0.97279006,0.9727567,0.95807755,0.976731,0.97051346,0.9778064,0.9777643,0.9728458,0.9819494,0.9746114,0.97846955,0.9775762,0.9735342,0.9821324,0.9784101,0.98180825,0.9741474,0.98553944,0.9776266,0.9773341,0.9780172,0.978055,0.97451377,0.9749856,0.96970725,0.97715336,0.98174125,0.97716063,0.97758734,0.9814111,0.97803885,0.98332846,0.98341215,0.97979593,0.96636605,0.9735435,0.9836617,0.91521144,0.9794709,0.94991636,0.9796977,0.98007405,0.98490435,0.9692385,0.97903854,0.97997797,0.9750304,0.9837093,0.9788846,0.9736238,0.97627175,0.9797573,0.9800149,0.9811382,0.9799885,0.96084493,0.9785314,0.97733015,0.9779076,0.97321236,0.9772348,0.9773986,0.9765294,0.974005,0.9820117,0.97535306,0.99999976,0.97898686,0.97868264,0.97972745,0.97590536,0.975466,0.9740102,0.9739155,0.98061305,0.9728226,0.980458,0.9778045,0.9811595,0.959785,0.9793165,0.97677714,0.9799992,0.98170024,0.97700274,0.9757415,0.99999976,0.97193205,0.9794054,0.9806531,0.98046523
alitamovie,0.9561557,0.9479585,0.9476799,0.9469426,0.9576452,0.945039,0.9558227,0.95741034,0.97012526,1.0000001,0.94535184,0.9433112,0.9367254,0.95715463,0.9598155,0.9444081,0.952526,0.9619685,0.94958586,0.94668376,0.9496346,0.9529096,0.9540879,0.95609105,0.94880795,0.9231108,0.94851017,0.9391429,0.95342326,0.94806415,0.93910795,0.94516337,0.9401931,0.95060956,0.944792,0.93408656,0.94940984,0.947095,0.9562207,0.95632386,0.95243984,0.955274,0.94641805,0.955879,0.9520124,0.9509941,0.95401216,0.93878883,0.9473256,0.9572655,0.9542847,0.95046186,0.9539807,0.9495514,0.9444037,0.95901173,0.94410306,0.9457892,0.9515077,0.96356845,0.94428724,0.9566558,0.95316744,0.9520104,0.9445748,0.944693,0.9487139,0.9472163,0.9247767,0.941572,0.9652063,0.8018711,0.94453686,0.94217074,0.9469315,0.94699985,0.94666505,0.9499725,0.94917804,0.94452035,0.9448539,0.94960296,0.9531921,0.9450833,0.9420238,0.9461794,0.9397583,0.9477845,0.95119923,0.9526089,0.9478754,0.9652063,0.94314355,0.94475657,0.94649047,0.9566369,0.9375533,0.9491686,0.94318676,0.9540117,0.9474408,0.9579884,0.94566846,0.95723873,0.9658847,0.9544228,0.96244353,0.9482888,0.935208,0.9451968,0.959509,0.88978463,0.95114905,0.93259233,0.9460992,0.9545361,0.9594346,0.9423402,0.94939244,0.9545842,0.94214857,0.9556066,0.94745994,0.94823205,0.9408557,0.948158,0.94768786,0.9443221,0.9624946,0.93650025,0.9487611,0.95537794,0.9455158,0.94301176,0.9524948,0.94926006,0.94611216,0.9507357,0.96341586,0.9434594,0.97012526,0.9466244,0.94696254,0.9466957,0.9495068,0.945041,0.942801,0.951037,0.95268357,0.9461917,0.95307016,0.95113665,0.9455986,0.94305176,0.95262164,0.9538194,0.95279145,0.95835316,0.9456476,0.95324665,0.97012526,0.9531417,0.9459897,0.96193796,0.95351607
angelhasfallen,0.96489376,0.95654863,0.960665,0.95198596,0.9632342,0.9576031,0.9658097,0.9595895,0.9810877,0.94535184,1.0000004,0.9595265,0.9610663,0.96553946,0.96959037,0.95360214,0.9587673,0.97056514,0.9655879,0.9568067,0.96219176,0.9560062,0.96098477,0.9645842,0.96363235,0.9246439,0.9565699,0.958389,0.96240854,0.9616094,0.95820993,0.96527976,0.951111,0.9588016,0.9473484,0.9483433,0.962882,0.9559672,0.955897,0.9641779,0.9559171,0.9630212,0.9588781,0.9641543,0.96158034,0.95999587,0.9628128,0.9616443,0.9502262,0.9635041,0.96281695,0.96926314,0.96058273,0.9586015,0.95278287,0.96442765,0.959367,0.962906,0.9578449,0.96390605,0.95767844,0.96302694,0.95829237,0.95899737,0.96157783,0.96673566,0.9531785,0.95873505,0.9654103,0.9515575,0.9639096,0.83266455,0.9546461,0.9662087,0.9587175,0.95538753,0.93359107,0.9655516,0.96081007,0.9593314,0.9770639,0.95477086,0.96356803,0.9549569,0.9598414,0.96084213,0.96112347,0.96606153,0.9585916,0.96422297,0.95042634,0.9639096,0.95633554,0.9619226,0.9605143,0.9696908,0.96564555,0.9589884,0.95822096,0.9565836,0.96580786,0.96140665,0.9581177,0.95991564,0.95259345,0.9639708,0.9588195,0.9609903,0.94549924,0.9566046,0.9677091,0.89588314,0.966808,0.9261346,0.959726,0.9716207,0.96378165,0.9474867,0.9606383,0.963844,0.95705205,0.9669014,0.96367717,0.9601249,0.9603678,0.9618534,0.96189004,0.9600346,0.96175355,0.9477309,0.9531955,0.963816,0.958751,0.9560507,0.9651065,0.9648531,0.956798,0.95635176,0.9614263,0.95797086,0.9810877,0.960404,0.96162707,0.96724695,0.9631729,0.96386087,0.9638174,0.949467,0.96516883,0.95288116,0.9633837,0.96572226,0.96767944,0.94115937,0.9606095,0.9544886,0.9594444,0.95953494,0.9634375,0.9644511,0.9810877,0.9484778,0.958658,0.9621592,0.9552075
angrybirdsmovie,0.9612108,0.9514097,0.96180296,0.9567692,0.9481686,0.9538308,0.9604374,0.95913476,0.97362566,0.9433112,0.9595265,1.0,0.94715023,0.95746464,0.95799154,0.9419565,0.9528177,0.9617984,0.9537931,0.9455897,0.9539864,0.9606462,0.9521821,0.9563696,0.9543324,0.91144884,0.95221967,0.94321215,0.9619078,0.95325834,0.95235014,0.9522969,0.9494434,0.96377814,0.94462675,0.938619,0.95844316,0.9502739,0.9492713,0.95245874,0.9528001,0.94775873,0.9525718,0.9496827,0.9571545,0.9518346,0.95181364,0.9627019,0.94951946,0.9493843,0.9684876,0.9540157,0.9484791,0.9493468,0.9357913,0.9579303,0.9526329,0.95284593,0.9597924,0.9613773,0.9500758,0.94988424,0.95373696,0.9556258,0.95131975,0.9566589,0.9500598,0.95157945,0.9394099,0.94600326,0.9662136,0.8289924,0.94739497,0.9516556,0.958002,0.9496749,0.9364899,0.95352626,0.9449428,0.9463974,0.9561252,0.95245314,0.9511808,0.94767624,0.96143067,0.953828,0.94613516,0.9528022,0.95505714,0.9597196,0.9497572,0.9662136,0.9482235,0.94843197,0.96294427,0.9571899,0.94705635,0.9527013,0.95253134,0.9584924,0.9537972,0.9496904,0.95899224,0.95743906,0.95129585,0.96459997,0.96096843,0.94859594,0.9396536,0.95823354,0.9606317,0.9029279,0.96445996,0.9269962,0.95778126,0.9570017,0.96212846,0.9456646,0.9569459,0.96355766,0.9445669,0.96354866,0.95164376,0.9563184,0.9524387,0.9587333,0.9635026,0.9564231,0.94651943,0.9378819,0.95598507,0.9526744,0.9509903,0.9493651,0.9563318,0.95289433,0.95954454,0.94591844,0.9672065,0.94476163,0.97362566,0.95278937,0.9411703,0.95730066,0.9570476,0.95076823,0.95149684,0.94180083,0.95227504,0.95546603,0.9572258,0.95197994,0.9482669,0.9355714,0.9514485,0.9592136,0.9531633,0.9652427,0.955981,0.9538314,0.97362566,0.9493384,0.9538018,0.9585003,0.95458454
annabellemovie,0.964659,0.9504794,0.958896,0.9617028,0.9573866,0.9580745,0.96252847,0.9634409,0.9780703,0.9367254,0.9610663,0.94715023,1.0000002,0.9671794,0.9559724,0.95587134,0.9566223,0.956839,0.9637645,0.9531735,0.9664264,0.95834273,0.9611486,0.9563143,0.95611227,0.92550325,0.95925665,0.9553248,0.9566005,0.95445395,0.96139807,0.96780497,0.94517285,0.949242,0.9604481,0.94689906,0.95894,0.96649945,0.9560073,0.9608428,0.96489227,0.9622121,0.9594266,0.96163076,0.95986396,0.9622085,0.96459395,0.9560345,0.93795246,0.9654509,0.9605732,0.9617201,0.96689624,0.96332234,0.96272737,0.9590985,0.9647471,0.9632282,0.953242,0.95657593,0.96877545,0.954036,0.9615138,0.9657167,0.9583426,0.95274734,0.9482917,0.96078736,0.96560943,0.9493589,0.9617971,0.8078831,0.95026404,0.9669857,0.9522341,0.95858854,0.94124883,0.9546366,0.94912416,0.96276677,0.9596655,0.9586098,0.977865,0.96202296,0.96671826,0.9679417,0.96421874,0.9800493,0.95966864,0.96193975,0.9493069,0.9617971,0.9597628,0.96810275,0.95542294,0.9521862,0.96081525,0.95948654,0.9526337,0.9522162,0.96651757,0.96254295,0.95589966,0.96001875,0.9609129,0.96031356,0.96192133,0.9717745,0.9539733,0.95292896,0.9628496,0.8915604,0.9575896,0.92734545,0.96439743,0.9593068,0.96357334,0.95393175,0.9586591,0.9614641,0.96592045,0.9649789,0.9668474,0.9509563,0.9606206,0.96032566,0.96369934,0.96362567,0.9584006,0.948083,0.9536702,0.9554948,0.95768446,0.9412905,0.9593082,0.9581845,0.9520704,0.95406026,0.95252526,0.9575377,0.9780703,0.96189773,0.9685341,0.96238446,0.96431607,0.9549693,0.9565345,0.9595701,0.9711061,0.9536403,0.9596651,0.9565863,0.96549475,0.94437224,0.95923895,0.9520457,0.95917153,0.95941395,0.95546734,0.9508558,0.9780703,0.95188445,0.96801686,0.95650566,0.9586737
annamovie,0.97121185,0.96103835,0.9601122,0.96505004,0.96192473,0.96056354,0.9704051,0.9668171,0.98311293,0.95715463,0.96553946,0.95746464,0.9671794,1.0000004,0.9701445,0.9549509,0.95559704,0.96826273,0.9617264,0.9578192,0.9650245,0.9598313,0.9646184,0.96521556,0.96142894,0.93041766,0.96598047,0.9566592,0.96568125,0.9611255,0.95647484,0.9616099,0.95236194,0.95742023,0.95523155,0.94873893,0.9596355,0.9689406,0.97261643,0.96583754,0.9616917,0.96184343,0.963257,0.97002625,0.96234584,0.9626125,0.96582556,0.95918036,0.9536484,0.9701054,0.9689145,0.96623415,0.9620981,0.9577575,0.95846707,0.9660125,0.9577841,0.95926076,0.9623704,0.9629651,0.9653153,0.9645093,0.96643937,0.97478896,0.9652521,0.9612321,0.95465064,0.9622534,0.9566892,0.9519766,0.9695524,0.80458534,0.95611453,0.9682023,0.9523771,0.9588471,0.9365184,0.9617913,0.95405185,0.96056074,0.96654356,0.9577526,0.9712093,0.95732117,0.96191096,0.96585006,0.9587978,0.9693606,0.9648517,0.9635802,0.9606175,0.9695524,0.9625871,0.9659968,0.9589689,0.96544313,0.96015656,0.9615416,0.9600605,0.9655154,0.96235144,0.959985,0.9583841,0.9608835,0.9731219,0.9700658,0.9725653,0.96301323,0.9562859,0.9568328,0.968638,0.88971007,0.96064633,0.92957044,0.96473545,0.963001,0.9711424,0.95357543,0.96279526,0.9698426,0.9625813,0.9662278,0.9592576,0.95828485,0.9610812,0.96536976,0.9627403,0.96526074,0.96044576,0.9413158,0.9565813,0.9594547,0.95615953,0.9497136,0.9563984,0.9638166,0.9611823,0.96125114,0.9676593,0.96252537,0.98311293,0.96368366,0.95689857,0.9656248,0.9645794,0.9591783,0.96300876,0.95335263,0.96979684,0.95900196,0.9687413,0.96143544,0.9639409,0.9477358,0.96053934,0.9622605,0.9642856,0.96557194,0.96351624,0.9603386,0.98311293,0.9510988,0.9646382,0.96253836,0.9625846
apollo11movie,0.96147984,0.9555031,0.9604747,0.9587088,0.96061504,0.9478296,0.96407795,0.9626802,0.98078305,0.9598155,0.96959037,0.95799154,0.9559724,0.9701445,0.99999964,0.9473371,0.95693815,0.96754247,0.96064085,0.9703931,0.95944285,0.9572861,0.95750946,0.96467894,0.9598251,0.9398639,0.95600694,0.95924765,0.96603906,0.9552829,0.95692295,0.9610136,0.9482446,0.9606232,0.9522725,0.95060915,0.95937663,0.95832145,0.9635098,0.9618978,0.9605701,0.9615994,0.9607592,0.9666519,0.96511424,0.9615607,0.9589987,0.95676064,0.9546009,0.9660862,0.9647548,0.9680196,0.95606905,0.95703036,0.95632094,0.9592528,0.95401543,0.9602025,0.95939773,0.96683073,0.9551695,0.96130395,0.96690375,0.9613002,0.96587986,0.9588338,0.953046,0.9629512,0.9500249,0.9467137,0.97112346,0.818757,0.9523906,0.9648622,0.9553013,0.95556724,0.94149554,0.95899665,0.95356584,0.9551514,0.9669397,0.95872116,0.96519107,0.9543749,0.95798695,0.9579384,0.9578901,0.9587984,0.9633623,0.9598984,0.95433223,0.97112346,0.9575972,0.9642341,0.9583289,0.9806138,0.9554572,0.9569559,0.9482868,0.9578521,0.96058667,0.95559037,0.9598108,0.9632325,0.96169037,0.96588224,0.9695045,0.9573318,0.9505397,0.95972866,0.9679238,0.90361106,0.96337,0.9343439,0.9570313,0.96168673,0.96530116,0.9459333,0.9592456,0.9617295,0.95991623,0.9643489,0.9566358,0.95266783,0.9588858,0.96757895,0.9621627,0.95798,0.9588449,0.94647706,0.9585335,0.95914847,0.9557293,0.956305,0.963335,0.9548947,0.9561026,0.9620512,0.9666114,0.95748293,0.98078305,0.962269,0.9576351,0.96442574,0.96096355,0.9571051,0.96010387,0.95528346,0.95961887,0.9559202,0.9642836,0.96045965,0.9629486,0.949146,0.9628365,0.9619925,0.9571046,0.9707397,0.96181554,0.9587295,0.98078305,0.9484182,0.9605842,0.9646226,0.95643336
arcticdogsmovie,0.9518259,0.9639536,0.9535076,0.9529821,0.95309407,0.9506877,0.9611378,0.95382637,0.97194904,0.9444081,0.95360214,0.9419565,0.95587134,0.9549509,0.9473371,1.0000004,0.95683295,0.94888735,0.9514938,0.947327,0.9528209,0.95604336,0.9627723,0.95559484,0.9544412,0.91753024,0.9506946,0.950866,0.9476627,0.95312816,0.95888937,0.9572389,0.9413488,0.95205504,0.9503983,0.94036025,0.958196,0.9493023,0.9586428,0.96450716,0.95036083,0.95547056,0.9426254,0.9534835,0.9575276,0.9505465,0.9629127,0.94911975,0.9420969,0.95469606,0.9537462,0.95961386,0.95307386,0.954522,0.9449281,0.95043063,0.9526289,0.9592613,0.95413923,0.9567955,0.95079607,0.95164347,0.957914,0.95384187,0.94705546,0.9505773,0.9484124,0.95832604,0.9562662,0.94258714,0.96219486,0.8095509,0.9414921,0.95798945,0.94830287,0.95049846,0.93746626,0.95747894,0.9440616,0.9637582,0.9556405,0.95260084,0.95525527,0.95676666,0.9520042,0.95861256,0.95067585,0.9567798,0.9545755,0.9595834,0.9534114,0.96219486,0.9611999,0.95142263,0.95164704,0.94614553,0.95509505,0.95702183,0.9442583,0.95566905,0.95217687,0.9509988,0.9476508,0.95874137,0.96200365,0.9523833,0.9582223,0.96761763,0.9442595,0.9506336,0.96509206,0.8887457,0.9565258,0.9269931,0.9595164,0.95640755,0.9546627,0.9558777,0.9559764,0.95460546,0.94953525,0.9582401,0.95387226,0.94749117,0.9561777,0.95732254,0.9474529,0.9595033,0.9609159,0.9422575,0.9473679,0.9546612,0.95986927,0.94531447,0.9562761,0.95659375,0.94347936,0.9563393,0.9567786,0.95006514,0.97194904,0.9572965,0.95143,0.9622421,0.94865495,0.95201445,0.9492969,0.94913995,0.96166134,0.9451346,0.9625545,0.95273876,0.95547205,0.9291019,0.95857155,0.95136034,0.95148396,0.95300627,0.94797236,0.9525934,0.97194904,0.9444952,0.95118415,0.95232856,0.95357734
arcticmovie,0.96008027,0.95106864,0.96588016,0.9553057,0.96045697,0.9542162,0.95882994,0.9556404,0.9784921,0.952526,0.9587673,0.9528177,0.9566223,0.95559704,0.95693815,0.95683295,1.0000001,0.9623894,0.9571745,0.9519316,0.9633354,0.95887554,0.9661465,0.9645381,0.95339286,0.9280588,0.95731544,0.9718272,0.9603626,0.9561613,0.9589915,0.96208435,0.94645154,0.9571433,0.9509078,0.9406276,0.9588142,0.9513357,0.95843464,0.9618903,0.9602989,0.96124405,0.95335037,0.9576644,0.9631859,0.9645974,0.9695027,0.95995307,0.9480629,0.959342,0.9630267,0.96750957,0.9515225,0.95529723,0.94954324,0.9590462,0.9559179,0.9688208,0.9568134,0.9637346,0.9543865,0.95853156,0.959639,0.9529128,0.9563021,0.96288127,0.9592667,0.9643309,0.9542857,0.95513153,0.96763057,0.8225737,0.9476065,0.962203,0.9525525,0.9540358,0.9377857,0.9521386,0.94873255,0.9593888,0.9555572,0.9482971,0.95525956,0.9521512,0.95485675,0.95883226,0.9527863,0.9614762,0.963437,0.9593218,0.95488906,0.96763057,0.957871,0.95399714,0.96007925,0.9516292,0.9569215,0.9573907,0.94606173,0.9580083,0.95887655,0.9577434,0.9550692,0.96389365,0.9595188,0.96398425,0.9637802,0.9548955,0.9364846,0.95835835,0.96249324,0.9004967,0.96155965,0.9236543,0.96467483,0.9616011,0.9583562,0.9606628,0.9621943,0.9561932,0.9534675,0.96422976,0.9607052,0.9531367,0.95488685,0.95835304,0.9598433,0.96289873,0.96807665,0.9448637,0.9572846,0.9580204,0.981781,0.9594076,0.96583056,0.95642143,0.9550701,0.96505564,0.9621205,0.95676607,0.9784921,0.9607324,0.95775026,0.9519115,0.9486453,0.96385735,0.9530898,0.9522969,0.95956945,0.942625,0.9569352,0.9610597,0.9620901,0.94370854,0.9617869,0.9654611,0.961979,0.9614204,0.95456374,0.95982724,0.9784921,0.95624256,0.9641606,0.963963,0.9602112
artofracingmovie,0.9698518,0.951829,0.96196467,0.9619795,0.9734654,0.9562145,0.965706,0.96336323,0.98178357,0.9619685,0.97056514,0.9617984,0.956839,0.96826273,0.96754247,0.94888735,0.9623894,1.0,0.9619581,0.9582149,0.96273214,0.96069986,0.96016854,0.9652127,0.95398986,0.9311884,0.96668476,0.9546678,0.9671967,0.9597222,0.95940524,0.9617817,0.9537048,0.9580612,0.95251095,0.94575936,0.96077675,0.9604415,0.9585873,0.9710156,0.9632096,0.96220624,0.9572283,0.96294594,0.9625927,0.96154237,0.963709,0.9615174,0.9543595,0.9631985,0.9694707,0.9697735,0.9593007,0.95631784,0.95197946,0.9794886,0.9568396,0.96108955,0.9643678,0.96843284,0.95461303,0.961242,0.96653557,0.9662108,0.9632908,0.9660435,0.9568962,0.9646637,0.95423305,0.9562743,0.9712896,0.81195563,0.95069826,0.9626351,0.9560535,0.9577821,0.93747663,0.95678115,0.95953864,0.9600961,0.9672425,0.9520432,0.96721655,0.9568027,0.96282625,0.9589163,0.95661896,0.96491265,0.9645733,0.96620625,0.95912373,0.9712896,0.96629626,0.96306556,0.9599387,0.96603525,0.95675075,0.95903903,0.95716345,0.9567961,0.96435875,0.96545565,0.96307653,0.964565,0.96191424,0.96885425,0.9713801,0.95891756,0.94503874,0.9551181,0.96679264,0.9008575,0.96334195,0.92837536,0.9604862,0.9672781,0.97053915,0.94688416,0.9598304,0.9641006,0.96071845,0.9685284,0.9601167,0.9598275,0.968155,0.95964766,0.965072,0.9610839,0.9683956,0.9440645,0.96140385,0.9689803,0.955375,0.9533513,0.9644822,0.96211237,0.9663758,0.9643883,0.9706403,0.96671593,0.98178357,0.96079624,0.95793784,0.9608325,0.9615889,0.9590246,0.95664257,0.95340145,0.96364266,0.95841604,0.9613633,0.96405804,0.9638518,0.95236844,0.9607194,0.96254194,0.96190727,0.9699632,0.9630637,0.9614706,0.98178357,0.9572866,0.9597337,0.96597004,0.9620566
avengers,0.979598,0.9500079,0.95745194,0.95388407,0.95807487,0.95253277,0.96229064,0.95774746,0.9788089,0.94958586,0.9655879,0.9537931,0.9637645,0.9617264,0.96064085,0.9514938,0.9571745,0.9619581,1.0000005,0.95199525,0.9598511,0.95174265,0.96427613,0.9642988,0.95856017,0.9240524,0.95054895,0.9563105,0.9585825,0.95315087,0.97265047,0.96255404,0.944372,0.9527536,0.9485355,0.94894344,0.96413106,0.9641996,0.95927644,0.9640117,0.96508086,0.9597868,0.9593214,0.960541,0.9618773,0.9589497,0.96598977,0.9548482,0.9535781,0.9625586,0.9630178,0.96649945,0.9549926,0.9510641,0.961843,0.9603981,0.96025777,0.9567479,0.9583276,0.9594178,0.96188414,0.95634633,0.957162,0.953741,0.95278466,0.9565952,0.9558959,0.9636642,0.95059437,0.949855,0.9599014,0.8059463,0.94762176,0.96054244,0.9533555,0.9452752,0.93226236,0.9524753,0.9519573,0.961802,0.96579117,0.9509639,0.9632919,0.9522893,0.95633245,0.95704633,0.95588857,0.96060634,0.9568991,0.9633676,0.95094925,0.9599014,0.959419,0.9582079,0.96256906,0.9632476,0.95700514,0.95784426,0.9544242,0.9605643,0.9646236,0.95221007,0.95511067,0.9582107,0.95620245,0.9622182,0.9567242,0.9603955,0.94760376,0.9572323,0.96238905,0.89200336,0.9630249,0.92632455,0.9602965,0.9601972,0.9652444,0.9536372,0.9642916,0.9611195,0.9581103,0.9658128,0.9586854,0.9549822,0.95782524,0.95739937,0.9618466,0.96664786,0.95872545,0.96345115,0.956093,0.9533606,0.95551175,0.9474773,0.96617484,0.9539143,0.9582677,0.9587759,0.95753324,0.9545491,0.9788089,0.95802546,0.9615359,0.9562202,0.95549464,0.96371514,0.9581012,0.9523666,0.95779616,0.9476823,0.9590793,0.96488875,0.9649575,0.94662493,0.9540438,0.9544736,0.96318156,0.958899,0.9579431,0.9573523,0.9788089,0.9455157,0.9591026,0.96491,0.9619255
beachbummovie,0.9540193,0.9386024,0.94864744,0.95099485,0.9474504,0.9483373,0.9582653,0.9542869,0.9704686,0.94668376,0.9568067,0.9455897,0.9531735,0.9578192,0.9703931,0.947327,0.9519316,0.9582149,0.95199525,1.0,0.94824404,0.95112085,0.9538776,0.95446354,0.9509374,0.91624284,0.9473171,0.95138377,0.94553006,0.9579866,0.9456824,0.94786507,0.9446804,0.9528021,0.9407329,0.93546623,0.952606,0.9440074,0.9523609,0.9563727,0.9575645,0.95613754,0.952473,0.95735854,0.95475894,0.95796806,0.95672166,0.947146,0.94644547,0.9571729,0.9501434,0.9585249,0.9512447,0.9534809,0.9450799,0.95456916,0.94537944,0.9582361,0.9466935,0.9537732,0.9534659,0.95224565,0.95974773,0.9535815,0.94697934,0.94791996,0.9469851,0.9523314,0.9413488,0.9489047,0.96127975,0.82048774,0.94703615,0.95669264,0.9419624,0.9460194,0.9249172,0.946855,0.9473498,0.95589715,0.9599601,0.95172,0.95904845,0.94475317,0.94647795,0.9545846,0.94338864,0.95553714,0.9570208,0.9467969,0.955004,0.96127975,0.95412296,0.9540661,0.9472858,0.9580642,0.95004344,0.97217166,0.94593376,0.9505164,0.9518343,0.96073526,0.9448071,0.96108836,0.9476151,0.95368576,0.96280205,0.95945793,0.93641865,0.95591813,0.9595626,0.8951631,0.95892996,0.9220193,0.9506574,0.94615614,0.953048,0.93874013,0.9550987,0.9573766,0.9515225,0.95929354,0.94728583,0.9428335,0.94835186,0.9592825,0.95108503,0.94405246,0.94955355,0.9379581,0.94874674,0.9479172,0.94420695,0.93896496,0.95728517,0.95877707,0.94529206,0.95592993,0.9519676,0.9586446,0.9704686,0.94425976,0.9516916,0.95513463,0.9522735,0.94725025,0.94461095,0.9406039,0.9565041,0.9419303,0.949767,0.9506774,0.95845443,0.93434745,0.9499028,0.94883436,0.9455365,0.9600453,0.95325476,0.94877,0.9704686,0.9464822,0.9556314,0.9538689,0.9479259
bernadettefilm,0.9656008,0.95099133,0.9609154,0.9621373,0.965053,0.95794153,0.96884334,0.9631654,0.9801759,0.9496346,0.96219176,0.9539864,0.9664264,0.9650245,0.95944285,0.9528209,0.9633354,0.96273214,0.9598511,0.94824404,1.0000002,0.9566271,0.963922,0.95780957,0.95818275,0.9238359,0.9577309,0.9575521,0.9615371,0.95278317,0.9560357,0.95989233,0.9476467,0.95587856,0.96302015,0.95774347,0.9619731,0.96206844,0.96109307,0.96226716,0.96160126,0.96313834,0.9586139,0.96260285,0.961156,0.9622072,0.9652963,0.9631831,0.94122887,0.96370363,0.9607913,0.96329725,0.95688456,0.96011496,0.9506027,0.9625447,0.9547422,0.9638318,0.9597681,0.9618755,0.9567599,0.9670068,0.95881146,0.95619535,0.9580804,0.9590827,0.95609975,0.96249294,0.96544135,0.9491944,0.9688976,0.8197375,0.94979984,0.96458495,0.9605583,0.95671034,0.9447226,0.9579445,0.95963347,0.96074164,0.9623674,0.9594728,0.9668429,0.9582737,0.9625299,0.95956504,0.96864015,0.96815324,0.95995754,0.96628547,0.95384145,0.9688976,0.96262467,0.9626643,0.9573797,0.95896316,0.9630683,0.95602345,0.9527871,0.96339893,0.96293116,0.9592662,0.9616789,0.9634583,0.9614162,0.9609923,0.9670334,0.95799124,0.94931996,0.9538504,0.96911454,0.8875851,0.96452665,0.9342719,0.97542214,0.96568197,0.9663402,0.95556474,0.9600137,0.9684732,0.9577491,0.964888,0.9586586,0.95427793,0.9577669,0.9643732,0.9650058,0.9604528,0.9671007,0.9433042,0.9751496,0.96698517,0.9601851,0.953127,0.9584177,0.9563,0.961242,0.95267075,0.96432275,0.9596278,0.9801759,0.9569358,0.9610031,0.9653718,0.9515418,0.9564584,0.95794934,0.9635425,0.96431214,0.95604056,0.9648694,0.96615815,0.9664688,0.9412427,0.963009,0.96143126,0.95877117,0.96642774,0.9610689,0.95850676,0.9801759,0.95650274,0.96440065,0.96203333,0.95630974
