movie,21bridgesmovie,47metersdown,abeautifuldaymovie,abominablemovie,adastramovie,adogsjourneymovie,aftermathmovie,aftermovie,ahiddenlifefilm,alitamovie,angelhasfallen,angrybirdsmovie,annabellemovie,annamovie,apollo11movie,arcticdogsmovie,arcticmovie,artofracingmovie,avengers,beachbummovie,bernadettefilm,blackandbluemovie,blackchristmas,blindedbythelightmovie,bombshellmovie,booksmart,breakthroughmovie,brianbanksmovie,brightburnmovie,brittanyrunsmov,captainmarvelofficial,captivestatemovie,catsmovie,charliesangels,childsplaymovie,clarathefilm,coldpursuitmovie,countdown,currentwarmovie,darkwatersmovie,detectivepikachumovie,disneyaladdin,disneyfrozen,disneymaleficent,doctorsleepmovie,dolemiteismyname,dontletgomovie,doramovie,downtonabbey_official,dumbo,escaperoom,everybodyknowsmovie,fastandfuriousmovie,fightingwmyfam,fivefeetapartfilm,fordvferrari,freaksthefilm,geminimanmovie,glassmovie,gloriabellmovie,godzillamovie,goldfinchmovie,goodboysmovie,goodliarmovie,gretafilm,halathemovie,happydeathdaymovie,harrietfilm,hellboymovie,hersmellmovie,highlifemovie,highstrungmovie,honeyboymovie,hotelmumbaifilm,httydragon,hustlemovie,hustlersmovie,isntitromantic,itmovieofficial,jayandsilentbob,johnwickmovie,jojorabbitmovie,jokermovie,judythefilm,jumanjimovie,justmercyfilm,knivesout,lalloronamovie,lastblackmansf,lastchristmasthemovie,latenightmovie,lighthousemovie,lionking,littlethemovie,littlewomenmovie,littlewoodsfilm,longshotmovie,lordsofchaosmovie,lucyintheskyfilm,mamovie2019,marriagestory,meettheaddams,meninblack,midsommarmovie,midwaymovie,missbalamovie,missinglinkfilm,motherlessbklyn,onceinhollywood,onthebasisofsex,overcomermovie,peanutbutterfalcon,petsematarymovie,piercingmovie,playingwithfire,playmobilthemovie,pomsmovie,queenandslim,rambomovie,readyornotfilm,richardjewellfilm,rocketmanmovie,scarystoriesmovie,secretlifeofpets,serenityfilm,shaftmovie,shazammovie,spidermanmovie,spiesindisguise,starwars,stormboymovie,stubermovie,taosdfilm,teenspiritmov,terminator,theaeronautsmov,thebestofenemies,thedeaddontdie,thefarewell,thehighwaymen,thehummingbirdprojectfilm,theintrudermovie,theirishmanfilm,thekitchenmovie,thelegomovie,themustangfilm,thenightingalefilm,theprodigymovie,thesunisalsoastar,theupsidefilm,tolkienmovie,toystory,triplefrontier,uglydolls,uncutgems,underthesilverlake,usmovie,wavesmovie,whatmenwant,wonderparkmovie,wrinklestheclown,xmenmovies,yardiefilm,yesterdaymovie,zombieland
21bridgesmovie,0.99999976,0.9745273,0.9737074,0.9612608,0.97013074,0.96017903,0.97473425,0.9777566,0.98581153,0.9712311,0.9783001,0.9577942,0.9703597,0.9758176,0.9764172,0.96850705,0.9739767,0.970728,0.9817462,0.9776272,0.9781424,0.9742388,0.9705981,0.9756939,0.9676477,0.8177383,0.97365737,0.9668527,0.97590494,0.9750764,0.96674955,0.9739024,0.9516848,0.9605603,0.9497466,0.9519703,0.972399,0.9704162,0.9676141,0.97440386,0.9594972,0.9709353,0.9671947,0.97402394,0.98149484,0.972633,0.969386,0.9557981,0.9692022,0.9745052,0.9771323,0.97885585,0.96133363,0.9641101,0.95103145,0.9712992,0.9732871,0.97331905,0.97004104,0.98045033,0.95615596,0.9702024,0.9697845,0.9749804,0.97462904,0.96533453,0.9705766,0.9754672,0.9745377,0.9642317,0.9774799,0.7508435,0.96814674,0.9797743,0.953294,0.9636246,0.91994977,0.95975024,0.97627366,0.95787245,0.9720788,0.96601367,0.9716738,0.96237874,0.9650243,0.9662965,0.9666349,0.97350395,0.9691771,0.9732826,0.97463757,0.9774799,0.97257453,0.9634617,0.9763091,0.9791889,0.96402866,0.9738085,0.96925294,0.9688158,0.9773864,0.9711826,0.9646703,0.97683716,0.9742635,0.9798605,0.97492176,0.97332627,0.95824283,0.97548515,0.9739188,0.8657298,0.97907704,0.9437413,0.9744442,0.983231,0.9946535,0.96303695,0.9737889,0.96596485,0.97356266,0.97356373,0.9681269,0.96437544,0.9729579,0.9695484,0.96687967,0.9675418,0.9665319,0.94670504,0.97124314,0.9621098,0.9753515,0.96529824,0.9769308,0.9757908,0.9825242,0.9662608,0.9750719,0.966789,0.98581153,0.9683373,0.97076374,0.972209,0.9721067,0.9746446,0.96567553,0.9558727,0.97018987,0.980457,0.9700102,0.9686412,0.97200215,0.96805817,0.96059084,0.9730903,0.9660418,0.96232575,0.97645634,0.97170335,0.98581153,0.95866513,0.97248846,0.9736434,0.97329545
47metersdown,0.9745273,1.0000002,0.97429055,0.965017,0.96193624,0.9492531,0.96732783,0.9645302,0.9799093,0.96508294,0.9591643,0.9540071,0.9625984,0.96781415,0.9748972,0.97732776,0.9633423,0.96130353,0.9717543,0.9722742,0.9698582,0.97301257,0.9625582,0.96440387,0.96480155,0.82090986,0.96546525,0.9682319,0.9712604,0.95311135,0.9608332,0.96503174,0.9448686,0.96702,0.94405264,0.9376192,0.96829545,0.9591268,0.9586196,0.9675064,0.9581705,0.9664982,0.95654446,0.96164,0.97204363,0.96401185,0.9604786,0.9644598,0.96537703,0.9636281,0.97382593,0.9664572,0.95198315,0.9517296,0.9494795,0.9584128,0.95819926,0.96897084,0.96634805,0.96654904,0.95534223,0.96797,0.959028,0.9728553,0.96141607,0.95975417,0.9545828,0.95781726,0.95988345,0.9579486,0.96911925,0.7492563,0.9474489,0.9739286,0.9495907,0.9619038,0.91804916,0.95834935,0.96753985,0.95449686,0.96978724,0.96878916,0.97240686,0.9578052,0.9580345,0.9628014,0.9585625,0.9673941,0.9605189,0.96907526,0.962891,0.96911925,0.96822596,0.9564163,0.9724522,0.9700107,0.9622093,0.97494674,0.9703992,0.95707625,0.96504164,0.96510607,0.9665946,0.96911246,0.9710761,0.97278845,0.9720233,0.9671821,0.9544952,0.9612296,0.9714968,0.8632801,0.97337323,0.9343008,0.9728816,0.9698276,0.97686803,0.9533046,0.970885,0.9625836,0.9681723,0.96657646,0.95907545,0.94784796,0.96812654,0.960661,0.9632888,0.9672243,0.9548797,0.9462517,0.9590057,0.96041286,0.9708405,0.9648441,0.9726318,0.95882595,0.9682168,0.96141136,0.9611437,0.9587048,0.9799093,0.96896315,0.96023196,0.9551282,0.9624155,0.96557176,0.9616071,0.94736046,0.9664138,0.9700609,0.96306235,0.9582341,0.96870774,0.9524551,0.94990844,0.96734756,0.9544414,0.95237607,0.96541876,0.9672387,0.9799093,0.9518823,0.9642232,0.96511096,0.9697414
abeautifuldaymovie,0.9737074,0.97429055,1.0,0.97252744,0.9739814,0.96758723,0.97666645,0.9700352,0.98582906,0.96540654,0.9711874,0.967929,0.96873754,0.9739441,0.9817158,0.9754417,0.97345406,0.96922827,0.968718,0.974405,0.9715008,0.9763986,0.9690031,0.97333086,0.9736374,0.82866985,0.972339,0.9764848,0.97578764,0.96562314,0.96452004,0.9756659,0.9596889,0.97050315,0.9484374,0.9496513,0.9673714,0.96761477,0.96904314,0.9703456,0.9663636,0.9710534,0.9586135,0.9707091,0.97407883,0.9671882,0.96976835,0.9678612,0.9719227,0.9683087,0.98071957,0.97760177,0.9685148,0.9538055,0.9535788,0.9691787,0.9721639,0.9772157,0.9708596,0.96537817,0.96229964,0.9682039,0.96420854,0.9778207,0.97425616,0.9737283,0.9620635,0.96658933,0.96774334,0.9571181,0.9732467,0.7630409,0.9554353,0.97625947,0.9599046,0.97423613,0.9153255,0.96942765,0.97306025,0.9646637,0.972802,0.97352314,0.9694122,0.959915,0.9648973,0.9741271,0.969077,0.9724361,0.970435,0.9738828,0.97189546,0.9732467,0.9754534,0.96779495,0.9746645,0.97903407,0.96600354,0.9750537,0.9664613,0.9672508,0.96869797,0.9708671,0.9687172,0.9704548,0.9631336,0.97889364,0.97551316,0.96999073,0.96491927,0.96475494,0.9770557,0.87129664,0.9827085,0.9427084,0.9752937,0.97307867,0.9776226,0.96418095,0.9745046,0.9736064,0.9708626,0.9753733,0.97009486,0.9632019,0.97460586,0.97116417,0.9677308,0.9732567,0.96618325,0.94840354,0.96689224,0.9548294,0.9778984,0.96349305,0.979817,0.966141,0.97403973,0.9695301,0.9702525,0.9653654,0.98582906,0.9719939,0.9624355,0.96436733,0.9666042,0.9741925,0.96566397,0.9549973,0.96900326,0.9678274,0.96800375,0.97810394,0.9746722,0.95312244,0.9649176,0.9735348,0.9658094,0.9561607,0.97849524,0.97305036,0.98582906,0.9603313,0.96993685,0.9753103,0.9744321
abominablemovie,0.9612608,0.965017,0.97252744,1.0000001,0.9700968,0.9576898,0.9693606,0.9593943,0.97657585,0.9656149,0.95911556,0.9459458,0.97355473,0.9612716,0.96272874,0.9694917,0.965884,0.9600176,0.95844287,0.9617863,0.9627405,0.9661221,0.9634463,0.96733373,0.9642633,0.8323051,0.9614028,0.96643126,0.96462816,0.96381825,0.95361346,0.96234566,0.9399491,0.96758014,0.9477352,0.9430491,0.96189016,0.96299046,0.94805956,0.95521003,0.9631106,0.96631765,0.95531857,0.96245426,0.96244335,0.95284593,0.9650561,0.9743342,0.96492654,0.9632401,0.9670072,0.9635289,0.9613791,0.95217884,0.94386435,0.9684995,0.95803934,0.9728655,0.97294164,0.9569458,0.96142715,0.9698909,0.9544078,0.9648216,0.9602879,0.9645587,0.9544474,0.95056003,0.9476261,0.95471066,0.96163815,0.7820016,0.95394,0.9682694,0.964528,0.96324986,0.9222444,0.95528036,0.9604977,0.9671631,0.95925987,0.97328174,0.97013265,0.9486962,0.9628864,0.9588175,0.96013147,0.965136,0.96313053,0.96785194,0.9643302,0.96163815,0.9656088,0.96002895,0.9656801,0.9617534,0.95082504,0.9631381,0.9588985,0.9551182,0.9574013,0.95820814,0.95899016,0.96504235,0.9596336,0.9666401,0.96589214,0.96007156,0.9578183,0.957426,0.9688205,0.8986031,0.9714511,0.9405174,0.9654502,0.96093816,0.96826446,0.9596635,0.9697116,0.96476924,0.9679918,0.9640184,0.95358497,0.94630057,0.9605076,0.9612096,0.96569455,0.9670021,0.9620938,0.9455656,0.960144,0.9620353,0.96569264,0.94723505,0.96873426,0.9621044,0.969273,0.95810795,0.9580126,0.9555117,0.97657585,0.9597155,0.9538527,0.95424366,0.95916677,0.9686284,0.9633087,0.95412254,0.9641908,0.9664016,0.95548147,0.96385986,0.96297145,0.9488007,0.9508367,0.9637204,0.9507004,0.94800663,0.9707311,0.96242774,0.97657585,0.95261544,0.96231335,0.9678106,0.96214354
adastramovie,0.97013074,0.96193624,0.9739814,0.9700968,1.0000002,0.96817636,0.9735782,0.97978306,0.98618484,0.97565997,0.97682357,0.95636886,0.9744738,0.97382635,0.9772003,0.9662424,0.97573316,0.98595536,0.96290123,0.9723787,0.9752575,0.96987486,0.97531414,0.97728986,0.9726246,0.837576,0.96081674,0.9671625,0.97149885,0.9729726,0.9637983,0.974355,0.9425824,0.9643334,0.9648661,0.947572,0.9710989,0.9653691,0.9672619,0.97102726,0.97423655,0.968923,0.9658743,0.97283185,0.9777267,0.9650839,0.975955,0.9690548,0.96470934,0.9727432,0.97206694,0.9774148,0.9698395,0.9638508,0.95400965,0.9813619,0.97935086,0.9714206,0.9735246,0.9705754,0.97858775,0.96757185,0.9788905,0.97468734,0.97551936,0.96768534,0.9708565,0.9697343,0.9734943,0.9608724,0.9735857,0.7830111,0.9672319,0.97199315,0.95693964,0.97077996,0.9290927,0.9674928,0.97947,0.9676738,0.9713314,0.9730362,0.9752132,0.97106594,0.97487915,0.9675161,0.9739516,0.97149193,0.9652271,0.9795529,0.97652423,0.9735857,0.97912884,0.96447545,0.96600586,0.972378,0.9763731,0.978278,0.95898163,0.9716563,0.9721098,0.9711636,0.9634991,0.97056824,0.9750749,0.9726537,0.9744481,0.9721642,0.9604252,0.9725413,0.9682044,0.87666905,0.9706676,0.94723713,0.96672344,0.9723017,0.9752059,0.9608943,0.97990924,0.9686627,0.9763801,0.97087324,0.96737766,0.9718669,0.97343165,0.97472566,0.97794175,0.97150874,0.978495,0.95744354,0.97046494,0.9740758,0.9721395,0.95852995,0.9716208,0.974891,0.972394,0.9656907,0.9758014,0.96996504,0.98618484,0.95656294,0.9719974,0.9734227,0.97283626,0.97525376,0.9603458,0.9654186,0.9781429,0.97423124,0.9703169,0.9740112,0.97846496,0.958805,0.97413576,0.9668552,0.9644791,0.9619285,0.9767577,0.962123,0.98618484,0.9656042,0.96511537,0.96832174,0.96892786
adogsjourneymovie,0.96017903,0.9492531,0.96758723,0.9576898,0.96817636,0.9999998,0.9709791,0.9675579,0.97751224,0.96236104,0.97392476,0.9533517,0.96564484,0.9650251,0.9598528,0.9517804,0.9675838,0.96539325,0.96037614,0.95753443,0.9612728,0.9689071,0.9714644,0.9682935,0.96418035,0.8469351,0.9546045,0.96313924,0.9642711,0.96424496,0.9540583,0.9653638,0.94653434,0.9609644,0.95817614,0.94794077,0.9594675,0.967183,0.95052445,0.96412253,0.9653834,0.9712531,0.9571724,0.9659174,0.95693284,0.9487825,0.9706629,0.9648776,0.96001494,0.966899,0.9632106,0.96125746,0.9588641,0.95988876,0.9453927,0.96855253,0.95888555,0.97200227,0.9593544,0.96232545,0.95985883,0.9597337,0.9646849,0.9690463,0.96751386,0.9591998,0.96881104,0.9531881,0.9631017,0.9581588,0.9686338,0.78150445,0.9583214,0.9643224,0.9630393,0.96332735,0.9242606,0.9604828,0.9656884,0.95779055,0.9503288,0.96361995,0.9630584,0.9635086,0.96153915,0.96323496,0.96930337,0.9572415,0.9611498,0.9626451,0.9614764,0.9686338,0.9675518,0.96546316,0.9623292,0.9581647,0.96156365,0.96345276,0.95425546,0.9656771,0.9641426,0.96772444,0.9614411,0.96864575,0.9554869,0.9653511,0.96311885,0.9652763,0.9543263,0.9538758,0.96123815,0.8834884,0.9631708,0.94587374,0.9567368,0.96140313,0.96520376,0.964215,0.96332794,0.96627873,0.9629598,0.9597629,0.9649112,0.96773577,0.95998335,0.95778507,0.9655453,0.96798587,0.9651756,0.95152575,0.95503414,0.94933176,0.9679021,0.94657284,0.9609929,0.9647947,0.96454406,0.96076787,0.96954715,0.957701,0.97751224,0.9582617,0.96578896,0.95990324,0.9445817,0.96431845,0.9585769,0.96189076,0.9681486,0.95513624,0.9544026,0.9676057,0.9663602,0.94393814,0.9660892,0.95867276,0.96776927,0.95985067,0.97410846,0.9534882,0.97751224,0.95114756,0.9517849,0.9747986,0.95356524
aftermathmovie,0.97473425,0.96732783,0.97666645,0.9693606,0.9735782,0.9709791,1.0000001,0.97639275,0.9891397,0.964854,0.97668,0.96378356,0.9722975,0.9787139,0.975693,0.97131926,0.97755957,0.9756558,0.9752314,0.97158533,0.97013235,0.9741181,0.97484076,0.97806096,0.96642035,0.83504754,0.96831214,0.9741871,0.9805606,0.97357255,0.97555447,0.9753044,0.9530535,0.97412634,0.9622751,0.9555656,0.9752984,0.96516913,0.9722432,0.9785989,0.9719645,0.9756086,0.96502995,0.9752092,0.97102505,0.9686894,0.97587186,0.9661641,0.9785238,0.97698534,0.9794797,0.97914124,0.9659425,0.9637653,0.9521043,0.9668751,0.97520745,0.9829252,0.97590303,0.9720451,0.96889997,0.976979,0.95928013,0.98166764,0.97514176,0.96981424,0.96623605,0.96728116,0.9694497,0.96178067,0.9757273,0.7961521,0.9597575,0.9806981,0.9619157,0.97586864,0.9332158,0.9597514,0.98006564,0.9699589,0.9706127,0.9826948,0.9771029,0.96884084,0.97382796,0.9704507,0.9745191,0.9694488,0.9733347,0.9749647,0.9813284,0.9757273,0.9771167,0.96892226,0.98024625,0.9755163,0.9648498,0.9703303,0.9830905,0.97281444,0.9777627,0.9697363,0.9718911,0.972964,0.9724426,0.9809491,0.9758226,0.97278976,0.9642335,0.97067493,0.98218006,0.90334755,0.9812561,0.9502667,0.9747689,0.9742688,0.97840524,0.9724009,0.9816275,0.9924695,0.9830143,0.9801272,0.9717724,0.96194607,0.982318,0.9731123,0.9724558,0.97677374,0.979242,0.95578384,0.9632397,0.9668331,0.981271,0.959475,0.97734135,0.9731654,0.9743935,0.96976364,0.9752373,0.972614,0.9891397,0.9632977,0.9752872,0.96912754,0.97256684,0.97497,0.97141695,0.9632804,0.9714738,0.97804016,0.9833182,0.9734616,0.9695815,0.957527,0.96539724,0.97466606,0.96596795,0.96152544,0.9820925,0.9741752,0.9891397,0.9743897,0.9706578,0.97836083,0.9758566
aftermovie,0.9777566,0.9645302,0.9700352,0.9593943,0.97978306,0.9675579,0.97639275,1.0000001,0.9868961,0.9726211,0.980267,0.95865494,0.96063465,0.973063,0.97863233,0.9616002,0.9711693,0.9783295,0.9643843,0.9777676,0.9763341,0.97214615,0.97237366,0.97952425,0.9692134,0.8355286,0.9618669,0.96349716,0.9697538,0.9736361,0.9636017,0.977243,0.9435854,0.9644779,0.967616,0.95676374,0.9696075,0.9654934,0.9651,0.9747547,0.9679497,0.97413635,0.9702533,0.9779261,0.9735926,0.96749246,0.9724526,0.96772003,0.9604981,0.97860295,0.97317666,0.98055017,0.9646397,0.9699352,0.96048605,0.96948034,0.97891915,0.9712012,0.9710729,0.9784809,0.97043216,0.9663812,0.9724964,0.96925765,0.97780204,0.96578336,0.97291464,0.9775293,0.9742542,0.963866,0.97597647,0.77596253,0.96647006,0.9765774,0.95552886,0.9659369,0.93521625,0.9638146,0.97266906,0.9667232,0.9724335,0.96851796,0.9717843,0.9746285,0.97447795,0.9783366,0.9714918,0.9665289,0.9669759,0.97947174,0.97550833,0.97597647,0.9738172,0.9682291,0.96954495,0.97147745,0.97796446,0.97520775,0.9632865,0.9727225,0.9724287,0.9719303,0.961437,0.97413373,0.97207886,0.9768749,0.9777662,0.9685785,0.96172047,0.9722938,0.96919304,0.8711066,0.97134477,0.9514145,0.96810424,0.98046887,0.982737,0.9664674,0.9772144,0.9733469,0.97867537,0.96838665,0.9727644,0.96561563,0.96611995,0.96908474,0.9662062,0.9717497,0.97404927,0.9492692,0.9728454,0.96358263,0.9758998,0.95715064,0.96861374,0.9757857,0.98227763,0.966426,0.976421,0.96660566,0.9868961,0.96108747,0.9709181,0.96740395,0.9612975,0.9782826,0.9663022,0.96870553,0.97410643,0.9781333,0.9682672,0.9729588,0.9742821,0.9599268,0.9761919,0.96606106,0.9692645,0.9604134,0.98386383,0.96990573,0.9868961,0.9651298,0.9618498,0.97239673,0.9693857
ahiddenlifefilm,0.98581153,0.9799093,0.98582906,0.97657585,0.98618484,0.97751224,0.9891397,0.9868961,1.0000001,0.9805902,0.98545176,0.97360194,0.9799405,0.9850181,0.9881487,0.98180133,0.9861581,0.98728126,0.97928166,0.9842917,0.9853238,0.98480904,0.9828285,0.98498005,0.978646,0.8439084,0.98102224,0.98076034,0.98448926,0.97990024,0.9765356,0.98479706,0.9631414,0.98129755,0.97371835,0.96587723,0.9857694,0.9756696,0.97958565,0.9827837,0.97854114,0.98598754,0.977978,0.9869309,0.9875172,0.98087984,0.9830483,0.9786689,0.97989696,0.9873442,0.98614347,0.988474,0.976921,0.9767149,0.9646624,0.98317873,0.98579776,0.9868814,0.9825231,0.9846365,0.9785317,0.979822,0.9809524,0.9878518,0.9858569,0.98106724,0.98005295,0.98048186,0.98171484,0.9764505,0.98796934,0.7771092,0.97599435,0.98821026,0.9722684,0.979104,0.93644804,0.97747034,0.98466706,0.9758467,0.9816075,0.9856215,0.9858216,0.9810435,0.9786332,0.98130757,0.9816174,0.982392,0.9834333,0.9866415,0.98290044,0.98796934,0.9870432,0.9772824,0.98494744,0.9866596,0.9787861,0.9859381,0.9804292,0.98130584,0.9879532,0.98161733,0.9776139,0.98443,0.9810035,0.9876016,0.98633957,0.9850502,0.97393686,0.9818959,0.98756725,0.88575655,0.9882112,0.965296,0.9848995,0.982928,0.98963773,0.98103344,0.9886215,0.9858546,0.98714954,0.9868315,0.98069346,0.9746669,0.98502505,0.98177105,0.9837497,0.98480946,0.9823324,0.96677643,0.9832385,0.97794163,0.98751056,0.971164,0.98676926,0.98311114,0.98552716,0.9785824,0.9856726,0.97980624,1.0000001,0.9778093,0.9834465,0.9834377,0.9806401,0.98545635,0.9799293,0.97727513,0.9862078,0.98275316,0.98208404,0.9853269,0.9863511,0.97015136,0.9801088,0.9827938,0.97819096,0.97673553,0.9879815,0.98215204,1.0000001,0.97376865,0.9807594,0.9851067,0.9806873
alitamovie,0.9712311,0.96508294,0.96540654,0.9656149,0.97565997,0.96236104,0.964854,0.9726211,0.9805902,1.0,0.97342694,0.94190234,0.96435374,0.96885896,0.9719721,0.96145195,0.9714481,0.9714288,0.95820063,0.9675053,0.97481334,0.969944,0.96404785,0.9741187,0.9720264,0.85203177,0.965498,0.9683549,0.96166515,0.96450627,0.96339583,0.96801835,0.94321424,0.9681679,0.9470029,0.95133144,0.96982056,0.955805,0.9621165,0.9657694,0.9602919,0.96130395,0.95414937,0.96528685,0.9734794,0.95720303,0.96360224,0.9652918,0.95656025,0.96757025,0.96565545,0.9676539,0.9686049,0.96038187,0.93283635,0.9756437,0.96367633,0.9668426,0.9769502,0.9663384,0.955018,0.96989423,0.9662878,0.9663953,0.96681744,0.9634188,0.9612203,0.95965123,0.96282274,0.9565889,0.9679288,0.7509762,0.9603159,0.9737372,0.9676241,0.97263503,0.9342096,0.96858656,0.97087616,0.9676476,0.97625726,0.958888,0.9658733,0.9701135,0.9643977,0.9665276,0.960822,0.9651121,0.955285,0.9735519,0.97068393,0.9679288,0.9627785,0.96105033,0.9625508,0.9704657,0.96708196,0.96555287,0.95918304,0.9654934,0.9622206,0.9663396,0.9574855,0.9683585,0.9791768,0.96512127,0.97358006,0.9660999,0.9509728,0.96952933,0.9692466,0.8691792,0.9701699,0.9426133,0.96768284,0.9657387,0.97444916,0.96348214,0.9730038,0.9597361,0.96892554,0.961832,0.95732856,0.96020234,0.9630405,0.9709973,0.97066826,0.96003795,0.96615326,0.9493857,0.9639652,0.96602625,0.9700775,0.94200826,0.9714732,0.96866363,0.977433,0.96142876,0.9658779,0.96469265,0.9805902,0.9605219,0.95669615,0.9667904,0.96045846,0.9654416,0.9704324,0.9550221,0.96736157,0.9732543,0.96210986,0.96639276,0.97259855,0.9633033,0.9548034,0.96253437,0.9533123,0.95476913,0.9725106,0.9633887,0.9805902,0.95973474,0.96655816,0.96496224,0.9627258
angelhasfallen,0.9783001,0.9591643,0.9711874,0.95911556,0.97682357,0.97392476,0.97668,0.980267,0.98545176,0.97342694,0.99999994,0.96430445,0.96275467,0.9748751,0.9677313,0.96205056,0.9737871,0.97452456,0.9688271,0.9683511,0.9725047,0.9729732,0.97012246,0.97970605,0.96738243,0.84314996,0.96058804,0.9690404,0.97331536,0.9679407,0.9648857,0.96799535,0.9437289,0.9653733,0.96853095,0.9620512,0.9698649,0.96696115,0.96238834,0.9699239,0.96380335,0.9690806,0.9646816,0.9722996,0.97143984,0.9648616,0.9722943,0.96728414,0.96489984,0.9717161,0.97522736,0.971805,0.96093094,0.96079326,0.9479561,0.97177994,0.9791622,0.97439915,0.9687439,0.9681469,0.966533,0.9654043,0.97217745,0.9737893,0.97323114,0.973396,0.9725595,0.9672385,0.97506946,0.9699004,0.96988416,0.79761016,0.9669306,0.9776332,0.9716628,0.96999437,0.9228276,0.96861845,0.9721338,0.9639647,0.9790147,0.9639958,0.96925825,0.97814715,0.9689055,0.96830904,0.9788467,0.96689373,0.96507835,0.9751494,0.97392905,0.96988416,0.973352,0.9613863,0.9728175,0.97820574,0.97898054,0.9671277,0.9606985,0.9680424,0.9747456,0.96921927,0.9642496,0.9664219,0.9705821,0.97826,0.9690865,0.9740975,0.9630463,0.9714928,0.9660933,0.87834793,0.9722198,0.9566476,0.96172667,0.97930074,0.9793106,0.97571677,0.9751479,0.96883017,0.97468084,0.9682617,0.96458143,0.97051066,0.97117,0.969538,0.9691718,0.97745687,0.9699855,0.9550357,0.9705383,0.9642257,0.97427833,0.95102096,0.97251606,0.9697162,0.9789887,0.9646928,0.9703603,0.9706976,0.98545176,0.9632968,0.97654223,0.97627306,0.9645672,0.97122437,0.96537733,0.97150266,0.974519,0.96867377,0.9685812,0.9716513,0.9692986,0.962777,0.97408974,0.9676652,0.9682567,0.9648268,0.97597134,0.964257,0.98545176,0.9586142,0.9647433,0.9739108,0.971694
angrybirdsmovie,0.9577942,0.9540071,0.967929,0.9459458,0.95636886,0.9533517,0.96378356,0.95865494,0.97360194,0.94190234,0.96430445,1.0000001,0.95060974,0.9730001,0.9653147,0.9603945,0.96037674,0.9624768,0.9514346,0.96383566,0.96104676,0.9604912,0.9490645,0.95428485,0.95483994,0.8161256,0.95111656,0.9616726,0.96181256,0.95222986,0.9534966,0.96273935,0.93384326,0.96574485,0.958812,0.95059997,0.9486732,0.94718677,0.9524451,0.9532752,0.94379413,0.9603549,0.95067817,0.9550949,0.95616406,0.95332706,0.9499813,0.95442116,0.9574758,0.95466894,0.96888536,0.95902944,0.93497384,0.932814,0.9467095,0.9515875,0.9604678,0.95916766,0.95817274,0.9532212,0.9537095,0.95941937,0.95581645,0.9730305,0.9570159,0.9604922,0.9486035,0.94797254,0.95420194,0.952753,0.9613902,0.792037,0.9423326,0.96951973,0.9449777,0.9442419,0.913724,0.9541459,0.9545454,0.9438271,0.9602249,0.9522184,0.95859873,0.9535162,0.9551251,0.95988935,0.9572462,0.95046085,0.9561292,0.95706534,0.953545,0.9613902,0.95731425,0.94501203,0.96110475,0.96610266,0.9534157,0.9622269,0.951228,0.9525643,0.9629132,0.9671262,0.95768636,0.9533518,0.9526569,0.9652656,0.95798945,0.97047895,0.9513569,0.9556288,0.9543307,0.848089,0.96431077,0.945963,0.95296997,0.9537642,0.9633051,0.9515981,0.9637401,0.9622681,0.9623101,0.960718,0.9585874,0.9464379,0.9610277,0.96031016,0.95571166,0.96175206,0.95117885,0.9346322,0.9578831,0.9459823,0.9639016,0.94544226,0.96277,0.94524956,0.9560788,0.95008487,0.9611299,0.94854546,0.97360194,0.95837235,0.9613921,0.9666417,0.9625125,0.95555156,0.9526744,0.9570369,0.9618151,0.9499655,0.9583748,0.9486136,0.9615748,0.93761,0.9557036,0.9559154,0.946016,0.9581464,0.9566907,0.95084506,0.97360194,0.9450201,0.95472497,0.95091295,0.9637333
annabellemovie,0.9703597,0.9625984,0.96873754,0.97355473,0.9744738,0.96564484,0.9722975,0.96063465,0.9799405,0.96435374,0.96275467,0.95060974,0.9999999,0.9647163,0.9649642,0.964351,0.96866155,0.97171277,0.965082,0.9620054,0.9711292,0.96769273,0.96541363,0.96739006,0.9615261,0.8340461,0.96388906,0.9607293,0.97247696,0.96772367,0.9623696,0.9697138,0.9480106,0.96156347,0.95263535,0.9425613,0.9673946,0.97026896,0.95861375,0.96356624,0.973252,0.97126883,0.95835805,0.9660229,0.9697513,0.95854074,0.9629819,0.96320707,0.9643094,0.9666705,0.96952516,0.9682255,0.96391743,0.9611512,0.9400803,0.9767267,0.9672698,0.9745694,0.9723756,0.9708207,0.96973264,0.96535945,0.9687697,0.97311443,0.95840013,0.96141315,0.96390635,0.95534277,0.9607546,0.95182824,0.9716036,0.76088595,0.9596393,0.96671087,0.95162094,0.9680204,0.92308176,0.9625299,0.97144765,0.9537466,0.9538733,0.9706445,0.9778033,0.9548407,0.96502155,0.96116143,0.9616143,0.9762422,0.9666347,0.9699814,0.9637721,0.9716036,0.9663884,0.96051025,0.97088903,0.9627752,0.9584182,0.9686704,0.9632941,0.955668,0.9686475,0.9599947,0.9579706,0.9721661,0.96615154,0.96973443,0.9668484,0.9708946,0.95354813,0.96725905,0.96875453,0.87089443,0.968947,0.9523243,0.9701066,0.9664815,0.9720621,0.9515411,0.9722794,0.9704077,0.9734031,0.9688871,0.9656606,0.9608714,0.96853393,0.9732651,0.9735319,0.9629187,0.97062266,0.95478505,0.9657347,0.96109,0.96471244,0.95697504,0.9725546,0.966551,0.9601112,0.95640004,0.97099954,0.95780504,0.9799405,0.9606643,0.9636359,0.96960074,0.97095,0.9650623,0.9608026,0.96070933,0.9752966,0.96691597,0.9651459,0.9626958,0.97100025,0.94965476,0.9597031,0.9706097,0.9596308,0.95973915,0.96780777,0.9561967,0.9799405,0.9555179,0.961396,0.96714914,0.9578878
annamovie,0.9758176,0.96781415,0.9739441,0.9612716,0.97382635,0.9650251,0.9787139,0.973063,0.9850181,0.96885896,0.9748751,0.9730001,0.9647163,1.0000002,0.97252023,0.96610177,0.9770831,0.9714028,0.9671968,0.9714582,0.9781708,0.9705205,0.96928185,0.973593,0.97184134,0.82324165,0.9596798,0.97603554,0.9708666,0.97203743,0.9708063,0.97281986,0.9432176,0.9673494,0.9586868,0.9608424,0.96413857,0.9585495,0.96664554,0.9727844,0.96071327,0.9724459,0.9549398,0.9695599,0.97017723,0.96120775,0.969677,0.96508646,0.97247404,0.9695272,0.97574127,0.97453904,0.9621197,0.9570891,0.9551111,0.9654159,0.9686462,0.97326213,0.97084,0.9734596,0.96281207,0.9743926,0.9653619,0.98554766,0.9729455,0.9747533,0.96561724,0.9626598,0.963207,0.96982294,0.9748658,0.7834392,0.961712,0.97887385,0.9592748,0.96476,0.9233758,0.96036243,0.9759242,0.9623437,0.9730966,0.96545804,0.96961266,0.96983117,0.966632,0.9691853,0.97362286,0.96643806,0.96227545,0.97158664,0.97345775,0.9748658,0.9725845,0.9671438,0.96771085,0.97635454,0.96604747,0.9736941,0.9669299,0.9753467,0.9709782,0.9697793,0.96966827,0.9710424,0.980623,0.9752401,0.97372746,0.9710632,0.9603732,0.9751364,0.97293174,0.88350326,0.9750991,0.9538529,0.9644156,0.96969783,0.9801659,0.967714,0.97653145,0.9742564,0.968264,0.9685412,0.9705511,0.9610135,0.9743719,0.97531605,0.9664663,0.9698861,0.96717894,0.9473597,0.9702932,0.960546,0.9796752,0.96078736,0.9720693,0.971005,0.9737783,0.9663053,0.97222495,0.97061706,0.9850181,0.9639748,0.96689993,0.97075975,0.96660703,0.97564137,0.9692102,0.96236664,0.9674827,0.97406983,0.96912336,0.96664745,0.96532136,0.95810956,0.968208,0.9713586,0.9643093,0.96194506,0.97483325,0.9629388,0.9850181,0.96279,0.96110076,0.9699553,0.9776708
apollo11movie,0.9764172,0.9748972,0.9817158,0.96272874,0.9772003,0.9598528,0.975693,0.97863233,0.9881487,0.9719721,0.9677313,0.9653147,0.9649642,0.97252023,0.9999999,0.97883105,0.9718304,0.9791564,0.9685624,0.9852461,0.97784156,0.9731926,0.9653871,0.97456276,0.9667494,0.8380446,0.97487587,0.9725824,0.9747375,0.9676882,0.9659781,0.97546035,0.94787115,0.9669175,0.9540946,0.95134306,0.97682106,0.959783,0.97153306,0.9729734,0.96762943,0.9744191,0.9644337,0.9753096,0.98214114,0.96752673,0.9632466,0.96661675,0.9674052,0.9754074,0.9758509,0.9812374,0.9669625,0.97013015,0.9551652,0.96959764,0.97789776,0.97525394,0.9776229,0.9690418,0.9679203,0.9696433,0.97362715,0.9743998,0.9755619,0.96505636,0.9606797,0.9739095,0.97130907,0.96500796,0.9747239,0.7457712,0.962148,0.979669,0.95649457,0.96685994,0.9327531,0.9626688,0.97460115,0.9659175,0.9736467,0.9716038,0.9733098,0.9660621,0.9691108,0.9763532,0.9642146,0.972342,0.9681852,0.9790994,0.9718396,0.9747239,0.9693242,0.9588281,0.9720751,0.9795628,0.9757539,0.9803168,0.9695555,0.9698184,0.9770867,0.9734815,0.96093476,0.968306,0.9758789,0.9763091,0.9815011,0.9772933,0.956327,0.96648943,0.97522765,0.86909145,0.97975826,0.94218117,0.9778601,0.96855897,0.97752494,0.9678594,0.9779195,0.9715063,0.97582066,0.9779145,0.9697667,0.9557622,0.974742,0.9693299,0.96958786,0.9672327,0.9703912,0.9497412,0.97565633,0.9646142,0.97340906,0.9609904,0.974436,0.97138005,0.9768374,0.9707245,0.9746395,0.9709985,0.9881487,0.9674829,0.9669828,0.96963865,0.9754007,0.9724358,0.9673712,0.96305585,0.97565997,0.9724588,0.96976763,0.97094005,0.97977513,0.96351266,0.96643627,0.97169346,0.9640312,0.9577989,0.9737314,0.97776526,0.9881487,0.9657982,0.9730682,0.9682013,0.9756979
arcticdogsmovie,0.96850705,0.97732776,0.9754417,0.9694917,0.9662424,0.9517804,0.97131926,0.9616002,0.98180133,0.96145195,0.96205056,0.9603945,0.964351,0.96610177,0.97883105,1.0000001,0.97144496,0.96838564,0.96867037,0.9753129,0.9685759,0.97042257,0.96308947,0.9679919,0.96536523,0.82013744,0.9681365,0.97032076,0.9671607,0.9620933,0.95916665,0.97222877,0.9518347,0.9668705,0.9465378,0.94882137,0.9690596,0.9567632,0.95542103,0.97139347,0.96605104,0.9737033,0.9616702,0.9721579,0.97310495,0.9668574,0.9633162,0.96478313,0.96886283,0.9731525,0.96960056,0.97361135,0.9557399,0.95060366,0.94895333,0.9615978,0.96839595,0.97666407,0.97277,0.9664149,0.96176606,0.96863526,0.9564723,0.97457445,0.9700769,0.9669106,0.95749784,0.9591622,0.96431184,0.96391445,0.9698511,0.7566589,0.9495131,0.9684776,0.9523665,0.96376246,0.90754026,0.96235764,0.96899015,0.9564264,0.9726872,0.96941584,0.9725746,0.96096206,0.95456904,0.96568334,0.96057373,0.9666472,0.9632593,0.9705889,0.9641668,0.9698511,0.96878123,0.96376187,0.97105765,0.97468394,0.95722747,0.9766996,0.971433,0.9570234,0.9698424,0.9659843,0.9525119,0.9690708,0.96527064,0.96982497,0.9708824,0.9746338,0.9709474,0.9573312,0.9748168,0.85866255,0.9765763,0.93578583,0.9731346,0.96558464,0.97144437,0.96469903,0.97696453,0.9705388,0.9693142,0.97299296,0.9611447,0.942697,0.9736825,0.9670868,0.9646447,0.96515906,0.95609766,0.950136,0.9643352,0.9599701,0.96821505,0.95672965,0.9780621,0.9630037,0.97266406,0.9700822,0.9672154,0.9624215,0.98180133,0.965609,0.96037847,0.9639263,0.96290654,0.9722864,0.9658642,0.94855857,0.9675384,0.963227,0.9603115,0.96424997,0.96635807,0.95909995,0.95899445,0.96865886,0.96063477,0.96124834,0.96791124,0.9718964,0.98180133,0.9550073,0.9694049,0.9667069,0.96638995
arcticmovie,0.9739767,0.9633423,0.97345406,0.965884,0.97573316,0.9675838,0.97755957,0.9711693,0.9861581,0.9714481,0.9737871,0.96037674,0.96866155,0.9770831,0.9718304,0.97144496,0.9999999,0.97386104,0.96745616,0.9707974,0.9674573,0.9735693,0.96452326,0.9697356,0.96889853,0.82872397,0.9645993,0.9812854,0.9749473,0.9713614,0.96614623,0.97398144,0.9478602,0.9723139,0.9586595,0.96312195,0.97597575,0.96994525,0.96099824,0.9736434,0.9719843,0.9733377,0.9565069,0.9727164,0.9726631,0.96318245,0.968613,0.9674719,0.9745463,0.97340465,0.9749511,0.9763274,0.9665578,0.9650462,0.9510419,0.9703892,0.9676466,0.9798821,0.96977496,0.9740789,0.9665856,0.9689114,0.9645114,0.9794741,0.97603256,0.9631098,0.9614211,0.9677963,0.9644147,0.9624446,0.9772268,0.7732063,0.9614404,0.9738952,0.9606606,0.9642907,0.9232162,0.9564914,0.9760294,0.9671044,0.96837914,0.9699473,0.9673885,0.9709142,0.9700754,0.96464616,0.9727322,0.9659947,0.96781427,0.9677687,0.97515213,0.9772268,0.97275513,0.9695977,0.9756554,0.9754184,0.9592471,0.9691157,0.96532035,0.9642144,0.9732199,0.97234786,0.9614843,0.97654396,0.9706375,0.9786151,0.9724475,0.97205454,0.9555001,0.96618134,0.975567,0.8766364,0.97874236,0.9493444,0.9668913,0.97075665,0.9795538,0.9646502,0.9757379,0.97765875,0.97035503,0.9740874,0.9623875,0.9628548,0.97669864,0.96762675,0.9725368,0.97095984,0.968075,0.95615137,0.9620316,0.9634183,0.98765945,0.95703375,0.9817814,0.973171,0.97357035,0.9672569,0.9770193,0.96841043,0.9861581,0.96323526,0.9675036,0.9745132,0.9690336,0.9754688,0.973408,0.95778465,0.9708392,0.9723341,0.9640519,0.97181886,0.971986,0.9633269,0.96761453,0.9731644,0.95695734,0.9623006,0.9781269,0.9680699,0.9861581,0.96108973,0.9654013,0.96950203,0.9720704
artofracingmovie,0.970728,0.96130353,0.96922827,0.9600176,0.98595536,0.96539325,0.9756558,0.9783295,0.98728126,0.9714288,0.97452456,0.9624768,0.97171277,0.9714028,0.9791564,0.96838564,0.97386104,1.0,0.9646092,0.9761162,0.97366416,0.96792626,0.97472465,0.9725306,0.9668479,0.85160387,0.9693167,0.96581346,0.97572714,0.9712332,0.970293,0.980146,0.94747555,0.9681446,0.95820755,0.9494432,0.977674,0.9624103,0.971572,0.97620654,0.97780645,0.9714057,0.9702078,0.9764694,0.9745264,0.9780233,0.974358,0.9654053,0.9673182,0.97720474,0.9753337,0.98327863,0.9641879,0.9682749,0.9598536,0.9764984,0.97784716,0.9718154,0.9771669,0.9732903,0.98211706,0.9669472,0.97440755,0.9758618,0.97751313,0.9661088,0.9692941,0.97496736,0.9771642,0.9589599,0.97480243,0.7575134,0.96188086,0.97409654,0.9557882,0.9719532,0.93083787,0.96713024,0.9734238,0.9591188,0.97193843,0.9759156,0.97852325,0.9711509,0.9727651,0.97019345,0.97013086,0.97532845,0.9753881,0.9789986,0.97366226,0.97480243,0.9732126,0.9569794,0.97144336,0.97376674,0.967875,0.9760046,0.9698476,0.9733847,0.9811402,0.9681,0.96872467,0.9706366,0.97508836,0.97651637,0.9734362,0.9783984,0.95940953,0.97703177,0.96994483,0.87235487,0.9696529,0.94771945,0.9721416,0.97043115,0.9763089,0.96456605,0.9793678,0.9747182,0.9812987,0.9790023,0.9733736,0.9692659,0.9745263,0.969912,0.97497416,0.97215307,0.9755176,0.9596358,0.97486764,0.97231346,0.9724672,0.9599607,0.97342396,0.9733519,0.97055674,0.96167684,0.9748311,0.97809976,0.98728126,0.95874697,0.9811112,0.97622585,0.97414523,0.97882056,0.9660046,0.9641664,0.9780953,0.97676164,0.9731158,0.97156703,0.9757095,0.95893353,0.97091776,0.96845967,0.9665548,0.9639471,0.97139275,0.96544963,0.98728126,0.9638079,0.96725225,0.97128254,0.97014916
avengers,0.9817462,0.9717543,0.968718,0.95844287,0.96290123,0.96037614,0.9752314,0.9643843,0.97928166,0.95820063,0.9688271,0.9514346,0.965082,0.9671968,0.9685624,0.96867037,0.96745616,0.9646092,1.0,0.96360004,0.9643612,0.9722431,0.963609,0.9727533,0.96774,0.8285986,0.9675175,0.96213615,0.97028756,0.9685738,0.977212,0.9727158,0.9473511,0.9550736,0.9478455,0.9403898,0.97306746,0.96122825,0.9622854,0.97427577,0.9550989,0.96726555,0.96972805,0.9659159,0.96611565,0.9647777,0.9637766,0.94968617,0.97048736,0.9680869,0.97394246,0.97373986,0.95969796,0.9564024,0.9411191,0.95706946,0.96746236,0.9725903,0.96214616,0.97134924,0.953098,0.9705211,0.9535298,0.9683353,0.9652652,0.960406,0.9603442,0.9634243,0.97065014,0.9552347,0.9723641,0.76134676,0.9582183,0.9741613,0.94728607,0.95935,0.9185644,0.9561561,0.97041875,0.9556084,0.9574357,0.96432716,0.9661882,0.96118313,0.96317416,0.96499,0.9599169,0.96321887,0.96572024,0.96787494,0.96753377,0.9723641,0.966201,0.95319974,0.97640884,0.97215754,0.9537832,0.9625594,0.9696114,0.95711225,0.9747097,0.95830995,0.9602721,0.9736313,0.9661894,0.97684157,0.96778643,0.96554893,0.9542965,0.97080564,0.9678244,0.86772823,0.9675836,0.93189615,0.9691966,0.96377325,0.97431177,0.95942557,0.97028494,0.9665405,0.9655321,0.9698375,0.95767,0.96461236,0.97235096,0.964716,0.964894,0.975011,0.96723753,0.9580921,0.9591411,0.9611872,0.9707318,0.9504547,0.9664265,0.96899796,0.9648616,0.9669572,0.96786505,0.95225334,0.97928166,0.95878243,0.97297716,0.9598103,0.9599509,0.96952456,0.9586277,0.9528116,0.9639334,0.9645617,0.965884,0.9672896,0.9602747,0.9626797,0.9568435,0.96794295,0.9568064,0.9576795,0.9661491,0.96089166,0.97928166,0.9579296,0.9673679,0.97196245,0.9674463
beachbummovie,0.9776272,0.9722742,0.974405,0.9617863,0.9723787,0.95753443,0.97158533,0.9777676,0.9842917,0.9675053,0.9683511,0.96383566,0.9620054,0.9714582,0.9852461,0.9753129,0.9707974,0.9761162,0.96360004,0.99999994,0.97340244,0.97463584,0.9690678,0.971804,0.9611955,0.8311372,0.97277474,0.9670462,0.9742355,0.96549654,0.9617205,0.9723102,0.9450178,0.9640429,0.94737947,0.9489525,0.97156966,0.95681363,0.96331257,0.97195435,0.9647379,0.97213787,0.9609329,0.97128606,0.9747796,0.97645867,0.9665671,0.9657572,0.9654904,0.9723081,0.97528815,0.9772192,0.96292984,0.9606752,0.9482155,0.96663266,0.9718162,0.9712478,0.976904,0.9696225,0.9610851,0.9664021,0.968007,0.97148615,0.9745136,0.96977425,0.959251,0.97187376,0.96484447,0.97043014,0.97503316,0.7453428,0.95901513,0.9709633,0.9539165,0.9699248,0.9304895,0.9563533,0.96446997,0.9562989,0.9704708,0.9727119,0.9729278,0.9618842,0.9622509,0.9687448,0.95767486,0.9731933,0.9686832,0.97603667,0.9721458,0.97503316,0.96834713,0.9628967,0.96998876,0.9723795,0.96795297,0.9854687,0.96924704,0.972233,0.9762863,0.9669946,0.9605017,0.97173107,0.9671065,0.97372204,0.9755875,0.9727206,0.95646244,0.9630673,0.9715399,0.87736875,0.97687894,0.9426018,0.97342587,0.96982294,0.9812623,0.96266705,0.9777712,0.97214055,0.97133553,0.97547436,0.9634047,0.9540603,0.9732174,0.96956,0.9597103,0.9635831,0.96503025,0.9458265,0.97375196,0.959504,0.97117084,0.95503896,0.9759052,0.96865606,0.9788058,0.96417415,0.97471964,0.9761648,0.9842917,0.96696657,0.96508694,0.9677239,0.9701153,0.97268474,0.9632992,0.95963454,0.9687808,0.9773839,0.9649154,0.96413314,0.97465134,0.95818454,0.9619395,0.97451,0.9636044,0.95967305,0.9729162,0.97632915,0.9842917,0.9610611,0.9646822,0.9678476,0.9737746
bernadettefilm,0.9781424,0.9698582,0.9715008,0.9627405,0.9752575,0.9612728,0.97013235,0.9763341,0.9853238,0.97481334,0.9725047,0.96104676,0.9711292,0.9781708,0.97784156,0.9685759,0.9674573,0.97366416,0.9643612,0.97340244,1.0000001,0.9735359,0.97315776,0.9699661,0.9666801,0.8309325,0.96786946,0.97183263,0.9706971,0.96798784,0.9599893,0.9766238,0.94767535,0.96858513,0.9567479,0.95053786,0.96877575,0.95739466,0.96687967,0.967138,0.9629536,0.97380203,0.96649635,0.9736666,0.97516704,0.96612465,0.9689019,0.96768934,0.96111256,0.97255385,0.96875596,0.97540903,0.96412474,0.95940876,0.9508862,0.97755295,0.9761584,0.9730621,0.97136647,0.97477883,0.96478045,0.97339934,0.9766014,0.9755809,0.97744584,0.97096413,0.96806365,0.9679288,0.963826,0.97041327,0.97450095,0.7639019,0.96403307,0.9773899,0.95367587,0.96893674,0.9266987,0.96911025,0.9751684,0.9624214,0.9751272,0.9671701,0.97550225,0.96213263,0.96291494,0.97204804,0.96451485,0.97461283,0.9645172,0.97723866,0.9734389,0.97450095,0.9731859,0.96160954,0.9673299,0.9717944,0.97283167,0.9750855,0.9647769,0.97268325,0.97319,0.9732702,0.96080357,0.9739239,0.9766174,0.967154,0.9779922,0.9762847,0.95816004,0.9723421,0.968373,0.86042,0.97348565,0.9505759,0.97645307,0.97434825,0.98046005,0.9638424,0.98000896,0.9703156,0.97878104,0.9736632,0.9718133,0.9575374,0.9671405,0.9705427,0.97636247,0.9653687,0.96660244,0.94479436,0.9816629,0.9619991,0.9707489,0.95911443,0.97418606,0.97274584,0.9776179,0.96580297,0.96828496,0.9654812,0.9853238,0.9765677,0.96700543,0.97506535,0.9712976,0.973125,0.96696585,0.9657356,0.9726472,0.97587234,0.9688576,0.9689868,0.97841215,0.96562195,0.96356004,0.9690715,0.9655233,0.95981526,0.9762888,0.96791023,0.9853238,0.96066064,0.9650551,0.9705377,0.96741766
