movie,21bridgesmovie,47metersdown,abeautifuldaymovie,abominablemovie,adastramovie,adogsjourneymovie,aftermathmovie,aftermovie,ahiddenlifefilm,alitamovie,angelhasfallen,angrybirdsmovie,annabellemovie,annamovie,apollo11movie,arcticdogsmovie,arcticmovie,artofracingmovie,avengers,beachbummovie,bernadettefilm,blackandbluemovie,blackchristmas,blindedbythelightmovie,bombshellmovie,booksmart,breakthroughmovie,brianbanksmovie,brightburnmovie,brittanyrunsmov,captainmarvelofficial,captivestatemovie,catsmovie,charliesangels,childsplaymovie,clarathefilm,coldpursuitmovie,countdown,currentwarmovie,darkwatersmovie,detectivepikachumovie,disneyaladdin,disneyfrozen,disneymaleficent,doctorsleepmovie,dolemiteismyname,dontletgomovie,doramovie,downtonabbey_official,dumbo,escaperoom,everybodyknowsmovie,fastandfuriousmovie,fightingwmyfam,fivefeetapartfilm,fordvferrari,freaksthefilm,geminimanmovie,glassmovie,gloriabellmovie,godzillamovie,goldfinchmovie,goodboysmovie,goodliarmovie,gretafilm,halathemovie,happydeathdaymovie,harrietfilm,hellboymovie,hersmellmovie,highlifemovie,highstrungmovie,honeyboymovie,hotelmumbaifilm,httydragon,hustlemovie,hustlersmovie,isntitromantic,itmovieofficial,jayandsilentbob,johnwickmovie,jojorabbitmovie,jokermovie,judythefilm,jumanjimovie,justmercyfilm,knivesout,lalloronamovie,lastblackmansf,lastchristmasthemovie,latenightmovie,lighthousemovie,lionking,littlethemovie,littlewomenmovie,littlewoodsfilm,longshotmovie,lordsofchaosmovie,lucyintheskyfilm,mamovie2019,marriagestory,meettheaddams,meninblack,midsommarmovie,midwaymovie,missbalamovie,missinglinkfilm,motherlessbklyn,onceinhollywood,onthebasisofsex,overcomermovie,peanutbutterfalcon,petsematarymovie,piercingmovie,playingwithfire,playmobilthemovie,pomsmovie,queenandslim,rambomovie,readyornotfilm,richardjewellfilm,rocketmanmovie,scarystoriesmovie,secretlifeofpets,serenityfilm,shaftmovie,shazammovie,spidermanmovie,spiesindisguise,starwars,stormboymovie,stubermovie,taosdfilm,teenspiritmov,terminator,theaeronautsmov,thebestofenemies,thedeaddontdie,thefarewell,thehighwaymen,thehummingbirdprojectfilm,theintrudermovie,theirishmanfilm,thekitchenmovie,thelegomovie,themustangfilm,thenightingalefilm,theprodigymovie,thesunisalsoastar,theupsidefilm,tolkienmovie,toystory,triplefrontier,uglydolls,uncutgems,underthesilverlake,usmovie,wavesmovie,whatmenwant,wonderparkmovie,wrinklestheclown,xmenmovies,yardiefilm,yesterdaymovie,zombieland
21bridgesmovie,0.99999976,0.95925516,0.9609549,0.96097314,0.9619535,0.9529661,0.96833897,0.9647397,0.982062,0.9527292,0.960921,0.95493376,0.96909356,0.96272653,0.9672919,0.9586499,0.957358,0.9654749,0.972328,0.96114063,0.9660731,0.95699817,0.9651418,0.96063906,0.9505,0.924216,0.9499866,0.9615908,0.9641983,0.9633,0.9523576,0.96426845,0.95697075,0.96294564,0.95698404,0.93672895,0.9612048,0.9794301,0.96012896,0.9551286,0.9555757,0.9708888,0.9623893,0.9579246,0.96277994,0.95299864,0.96381843,0.95357764,0.95517176,0.9680851,0.9617477,0.966761,0.9629689,0.9624697,0.96298,0.96098727,0.96233326,0.96518886,0.9578244,0.9662682,0.9591164,0.95436645,0.9648602,0.9666269,0.9505185,0.9646247,0.95633465,0.96152157,0.9607754,0.9496302,0.9705962,0.886432,0.95185435,0.97011304,0.94776183,0.9530587,0.92762655,0.9604421,0.9612615,0.95249414,0.958275,0.95797765,0.9602216,0.96239257,0.9623331,0.9535532,0.96259195,0.9628386,0.95646495,0.9579291,0.9645366,0.9705962,0.9567242,0.9673168,0.955684,0.96243757,0.96364367,0.96117765,0.955927,0.957355,0.9555494,0.963112,0.94978,0.9660933,0.9513552,0.9637332,0.9567192,0.96305466,0.9557821,0.9603752,0.9633355,0.9281401,0.9585087,0.9470342,0.95898736,0.97421867,0.9898887,0.95502615,0.97199297,0.9657064,0.9622604,0.9556688,0.96402866,0.9599496,0.95661426,0.9675696,0.9701418,0.9514719,0.95918727,0.94605386,0.96027833,0.9554447,0.9662254,0.95912486,0.9652585,0.9600323,0.9734099,0.9604222,0.9667442,0.952401,0.982062,0.95858157,0.95562613,0.96037793,0.95499516,0.94849706,0.95400155,0.960215,0.96223414,0.9710882,0.9669072,0.96054524,0.9613146,0.9657891,0.96217024,0.96745265,0.9646833,0.9688779,0.9672151,0.9626134,0.982062,0.959302,0.9626214,0.966677,0.96385026
47metersdown,0.95925516,1.0000006,0.9543544,0.9531043,0.96358573,0.94538397,0.9626286,0.95996493,0.97335273,0.95420796,0.9600895,0.95278835,0.9632672,0.955625,0.9556888,0.96678007,0.95319414,0.9608623,0.95118296,0.95675284,0.9571482,0.9541081,0.96432304,0.9567075,0.9391981,0.90112907,0.95269614,0.94732654,0.95374256,0.95550334,0.95004475,0.9509779,0.945674,0.9536039,0.96063876,0.932682,0.9584056,0.95533514,0.9604681,0.94794,0.95016223,0.9600706,0.95387155,0.9579533,0.9510067,0.95674485,0.96238106,0.95601636,0.9500999,0.96039647,0.9526513,0.9547221,0.9596146,0.956875,0.95562935,0.9542601,0.9518641,0.96219593,0.9470384,0.9583971,0.9494056,0.9397425,0.9445085,0.9514575,0.9419327,0.96248686,0.95576626,0.94990575,0.95130944,0.94692934,0.96050906,0.8539794,0.9486148,0.96416354,0.9535163,0.95190364,0.92812264,0.95092934,0.95429045,0.95314234,0.9533182,0.95115757,0.9556906,0.95863694,0.95420897,0.950161,0.95003664,0.9556964,0.9538206,0.9483115,0.9572568,0.96050906,0.94361794,0.9521831,0.95311743,0.9529195,0.9521875,0.959843,0.94623864,0.95422673,0.9536029,0.95674574,0.9403349,0.9589569,0.95764714,0.95065486,0.94605553,0.954062,0.9445108,0.95149195,0.95715076,0.9160071,0.951319,0.94300616,0.95767254,0.9564192,0.9641939,0.9568089,0.96696085,0.95804864,0.96365064,0.94835675,0.9603151,0.9462453,0.9562624,0.9552749,0.955658,0.9430372,0.9577013,0.93346786,0.95902544,0.9590326,0.958777,0.9465799,0.95739704,0.9515028,0.9567707,0.9466968,0.958268,0.95676255,0.97335273,0.9524169,0.9548507,0.95528644,0.95476824,0.9399166,0.9509929,0.9572833,0.95071805,0.9527836,0.95999724,0.9556411,0.9599247,0.94238734,0.9508998,0.9493603,0.9579544,0.9604848,0.95909405,0.9465338,0.97335273,0.9620083,0.9582598,0.9586112,0.956717
abeautifuldaymovie,0.9609549,0.9543544,0.9999997,0.9592551,0.9646515,0.9511444,0.9667265,0.9621632,0.97889996,0.9581963,0.9573473,0.96096313,0.96394795,0.9638737,0.9606312,0.96419126,0.95776016,0.9606993,0.9547918,0.9548522,0.9555736,0.9728949,0.9558221,0.96137506,0.95434153,0.91665953,0.9515144,0.9560083,0.9726572,0.9564583,0.9525881,0.9594478,0.95436585,0.9622598,0.95555234,0.93697697,0.9641762,0.9619721,0.9670443,0.9518301,0.9624473,0.96989256,0.9643478,0.962231,0.96649426,0.96103853,0.9510119,0.9559772,0.95809346,0.9663107,0.97541535,0.96476686,0.9571663,0.95709014,0.95841366,0.9520551,0.9504213,0.96289486,0.9611421,0.96607816,0.9631477,0.9566986,0.95651126,0.9646706,0.9574921,0.9662847,0.9619175,0.96463615,0.96143436,0.9440953,0.9677025,0.8884039,0.94108564,0.9668741,0.9509047,0.95100236,0.9220113,0.94845873,0.9622765,0.95981115,0.96103513,0.9593985,0.95887196,0.9654464,0.9656647,0.9534201,0.9596393,0.9618881,0.95204777,0.958814,0.9648,0.9677025,0.96055263,0.96153754,0.9708206,0.9538612,0.96137667,0.95906866,0.9552565,0.94686,0.9601284,0.9625508,0.96415097,0.96622324,0.95011127,0.97440535,0.95578206,0.9602588,0.9627725,0.9542416,0.95887095,0.9300552,0.9563588,0.94085443,0.9526335,0.9562231,0.9651457,0.96136785,0.9704519,0.9654836,0.9608536,0.9510993,0.96157604,0.950358,0.9598675,0.96550184,0.9652213,0.9621673,0.96421343,0.944415,0.95434153,0.9603574,0.96368665,0.9628292,0.96248883,0.95427376,0.9503672,0.9637568,0.96466905,0.953508,0.97889996,0.97198945,0.9619879,0.95883,0.95117474,0.95000106,0.94905144,0.95888084,0.95810723,0.961942,0.9631837,0.97640926,0.96569675,0.95257473,0.9564381,0.96525115,0.9546938,0.9581068,0.9586901,0.9546097,0.97889996,0.965137,0.958809,0.9557359,0.9728258
abominablemovie,0.96097314,0.9531043,0.9592551,0.9999998,0.95682466,0.94337654,0.96025974,0.95485514,0.97654474,0.9435622,0.95406157,0.9507156,0.96828896,0.9577016,0.9586626,0.95552886,0.96160895,0.9587489,0.9541786,0.9553364,0.9592399,0.9539691,0.95951444,0.9607066,0.9540757,0.9277008,0.9500488,0.95949346,0.9643662,0.9502262,0.95450044,0.95831066,0.95105994,0.9606905,0.9542919,0.9257949,0.95309496,0.9670045,0.95592654,0.9524301,0.9499621,0.9594076,0.9571173,0.9580498,0.9582811,0.9584336,0.9567149,0.9562375,0.9457581,0.958882,0.96432155,0.9602604,0.9522619,0.9525187,0.9611725,0.9512825,0.95001197,0.95809895,0.9647077,0.96520376,0.9484291,0.9573013,0.9507778,0.9503804,0.95700264,0.94625515,0.9536451,0.9510987,0.9563869,0.94753927,0.9683426,0.87293357,0.93595046,0.96714586,0.95785594,0.9442396,0.91815364,0.9658957,0.9582284,0.9468317,0.9538796,0.9578504,0.9496846,0.9616794,0.9647646,0.9497677,0.95643765,0.95997727,0.95311856,0.96014106,0.9484552,0.9683426,0.9554629,0.96029395,0.955547,0.961267,0.95305204,0.96127677,0.9466234,0.9472887,0.9542664,0.961205,0.94217956,0.9637997,0.9469883,0.96426857,0.9488562,0.956534,0.94553274,0.95542264,0.9596961,0.9230389,0.95477057,0.9366812,0.9537657,0.9583115,0.9643778,0.95216054,0.960178,0.96030366,0.9523646,0.9479375,0.96128565,0.9439424,0.9553145,0.96869844,0.9598903,0.9570706,0.9541122,0.9458473,0.9606139,0.9518893,0.9656199,0.9606644,0.958011,0.95339334,0.9523844,0.94686055,0.96429145,0.9531831,0.97654474,0.9578576,0.95478654,0.9571144,0.9484205,0.94790447,0.949051,0.9594759,0.9526612,0.9580388,0.95830035,0.9604753,0.9644698,0.9523123,0.95021075,0.9627228,0.9541988,0.959692,0.9522182,0.9588732,0.97654474,0.95507365,0.9609007,0.95391333,0.96071374
adastramovie,0.9619535,0.96358573,0.9646515,0.95682466,1.0,0.95482266,0.9659126,0.96296155,0.9826784,0.9664781,0.95987684,0.9575077,0.9635535,0.9668947,0.9696054,0.96421236,0.9527829,0.9772136,0.95979285,0.95936275,0.9588176,0.9581174,0.9640604,0.96778774,0.96004903,0.9117064,0.96545815,0.9514442,0.9621291,0.96128607,0.96174264,0.9604215,0.9551629,0.96336734,0.9553856,0.9384565,0.9651762,0.96109027,0.96316403,0.9551955,0.9573698,0.96675164,0.9578525,0.9607951,0.97004294,0.96407586,0.9617491,0.96607035,0.9519731,0.96774834,0.9654913,0.9649871,0.9522694,0.9639631,0.9615933,0.97081614,0.9499588,0.96972847,0.96215284,0.9751244,0.95291126,0.9569552,0.95209354,0.9573353,0.95788085,0.9651394,0.9574856,0.96136343,0.95956033,0.94912803,0.97461957,0.8626502,0.94833153,0.96865314,0.95321774,0.95723593,0.9142742,0.95734715,0.95808893,0.9619838,0.9601319,0.9529339,0.95962733,0.96284884,0.97076887,0.95753586,0.9575739,0.9585051,0.9593967,0.960359,0.96129936,0.97461957,0.9595932,0.9654531,0.9664468,0.96985257,0.9566425,0.96328455,0.9552626,0.95463675,0.9635274,0.9624469,0.94924444,0.9711282,0.95782024,0.9639688,0.95694274,0.9651146,0.9510299,0.9651315,0.9635352,0.928048,0.9663974,0.94460213,0.96381956,0.96254295,0.9660654,0.9600097,0.97117376,0.95946926,0.96637505,0.95693004,0.9660798,0.95514697,0.95836467,0.96849847,0.9643003,0.9541853,0.975271,0.9407438,0.95826364,0.96464497,0.9625115,0.96068645,0.96831405,0.95759666,0.95093334,0.95709133,0.97216,0.95908356,0.9826784,0.95816934,0.9661493,0.9657595,0.95202935,0.94897825,0.9587108,0.9609532,0.96092385,0.96099275,0.9569363,0.9604781,0.9671296,0.94664025,0.9650985,0.96870863,0.958906,0.9674694,0.9667865,0.96890515,0.9826784,0.9615044,0.96001303,0.9612145,0.9628746
adogsjourneymovie,0.9529661,0.94538397,0.9511444,0.94337654,0.95482266,1.0000001,0.9559778,0.9588021,0.9724406,0.9538926,0.9473498,0.9486313,0.9551495,0.9572516,0.9564231,0.95406747,0.94708836,0.9605483,0.9461805,0.9396325,0.9519371,0.94585335,0.9611726,0.9582586,0.94928634,0.90819603,0.9434342,0.94197845,0.9563617,0.9462961,0.95675045,0.9528998,0.9532995,0.96089065,0.93699986,0.9264833,0.9547875,0.95178306,0.9637799,0.94769216,0.9524279,0.9660973,0.9518261,0.95395005,0.9550811,0.950827,0.9628848,0.94577324,0.9454581,0.9600352,0.9559803,0.95851046,0.9626002,0.95300716,0.9542416,0.9438801,0.943677,0.9606094,0.94879806,0.95255315,0.95085883,0.9490567,0.9455061,0.95984477,0.9445704,0.95541304,0.9485554,0.9489715,0.9528637,0.9242332,0.9551323,0.8532304,0.9288333,0.95403796,0.9315143,0.9466436,0.90838325,0.95429426,0.95308125,0.95756674,0.94487935,0.94794214,0.95710456,0.9514143,0.95533395,0.9559422,0.9570602,0.9421849,0.9429883,0.96079266,0.95190006,0.9551323,0.9623236,0.96244705,0.95130956,0.9522444,0.95708114,0.95061105,0.94282633,0.9519111,0.95399904,0.95273775,0.9561304,0.95701605,0.9512685,0.95630527,0.9498428,0.95800585,0.94591725,0.95649475,0.95222425,0.90026337,0.95154434,0.93245256,0.9598092,0.94910437,0.95890087,0.9453533,0.9601592,0.9499915,0.95290107,0.9580878,0.9611287,0.96561944,0.94985825,0.9639918,0.9510648,0.9510613,0.9558143,0.9379786,0.94862616,0.95711327,0.9559604,0.9495253,0.94600415,0.95465136,0.94424736,0.9462685,0.9547344,0.9528832,0.9724406,0.94557095,0.95270413,0.96439016,0.9451293,0.93943316,0.94917655,0.9449025,0.95765877,0.9533576,0.9492479,0.9478218,0.957876,0.94877166,0.9557804,0.95498276,0.9568592,0.94808656,0.9611841,0.9465889,0.9724406,0.95796007,0.9504873,0.9638598,0.95607173
aftermathmovie,0.96833897,0.9626286,0.9667265,0.96025974,0.9659126,0.9559778,0.99999976,0.96897626,0.9834922,0.9586263,0.9599591,0.96311414,0.9729941,0.96129316,0.9636613,0.96964127,0.961464,0.9660365,0.9591837,0.9530189,0.96901464,0.9576665,0.9671587,0.965944,0.95301414,0.9142941,0.9604065,0.9544318,0.96406484,0.9645801,0.9597298,0.964585,0.9534342,0.96194357,0.9557823,0.9442396,0.97157884,0.96442354,0.97015435,0.96186686,0.9645033,0.9655776,0.9639374,0.9586808,0.96859944,0.9658391,0.9616296,0.964781,0.96382433,0.9648169,0.96198195,0.96633697,0.9672123,0.96234745,0.96982384,0.96033585,0.96064126,0.96234864,0.96326345,0.97128737,0.959459,0.95341045,0.9631222,0.96568686,0.95234096,0.96257657,0.9526075,0.95640075,0.9645147,0.95255464,0.97153896,0.87541807,0.9549481,0.96338326,0.94923806,0.95490974,0.93081623,0.95333964,0.9600449,0.96143466,0.9583135,0.97315425,0.9715553,0.961314,0.96779263,0.9552468,0.9588402,0.9677194,0.95711386,0.96062136,0.9643451,0.97153896,0.9655153,0.9612113,0.96204436,0.9590224,0.96013874,0.96001756,0.97483486,0.9571646,0.9726925,0.95719904,0.9502877,0.9671329,0.9515881,0.96160585,0.9589183,0.971295,0.95704746,0.9665725,0.96589935,0.93391347,0.9613366,0.9382506,0.96186393,0.95745414,0.9699253,0.95733094,0.9708187,0.990408,0.97000813,0.9569862,0.97001046,0.9592071,0.96325505,0.9656024,0.96475995,0.9592622,0.96127695,0.95903987,0.9635682,0.9571517,0.96532243,0.958325,0.9577803,0.9619745,0.95270747,0.9595561,0.9730967,0.9625748,0.9834922,0.95992786,0.96598506,0.96500516,0.96655554,0.9564002,0.96199894,0.9601853,0.97010964,0.9633307,0.9862311,0.96561223,0.9652216,0.9559296,0.9520149,0.96900386,0.9596545,0.96344477,0.95929116,0.95910406,0.9834922,0.95754987,0.9684341,0.9663784,0.96373737
aftermovie,0.9647397,0.95996493,0.9621632,0.95485514,0.96296155,0.9588021,0.96897626,1.0000001,0.98025817,0.9527949,0.96479386,0.9545789,0.9664422,0.9604099,0.9655335,0.9652351,0.9577474,0.9651573,0.9626569,0.9543351,0.96168387,0.9628672,0.9653163,0.9625237,0.9598051,0.9222689,0.95501685,0.95661455,0.96663445,0.96230084,0.9649462,0.96048295,0.9587579,0.9658133,0.9552129,0.9358021,0.96690094,0.95819455,0.9652552,0.9570997,0.96640736,0.9672824,0.95832455,0.9603118,0.9588507,0.96442705,0.9635909,0.9600576,0.95753247,0.96474135,0.968476,0.9676037,0.96781045,0.97173816,0.9678995,0.9620201,0.9564537,0.96663934,0.95324266,0.9622589,0.96218467,0.95337874,0.95448,0.96652937,0.95645696,0.96689343,0.967009,0.9572044,0.9655158,0.938793,0.9668815,0.87344086,0.9498807,0.9681376,0.9497045,0.95704967,0.9235544,0.96285725,0.96360993,0.9589212,0.964909,0.96039176,0.9700813,0.95540637,0.9606613,0.9599908,0.96504855,0.9609605,0.95668286,0.9645571,0.9672231,0.9668815,0.9588772,0.96011657,0.96410334,0.9609002,0.9700658,0.96077156,0.9520115,0.9547318,0.9635038,0.96533006,0.96451616,0.9716741,0.9582955,0.96764517,0.9599955,0.96670276,0.95804197,0.9661525,0.9682469,0.9212371,0.9581979,0.9351538,0.9639939,0.9610042,0.96501,0.96253794,0.97173387,0.9647731,0.96934545,0.955632,0.9656133,0.9477808,0.9693931,0.965808,0.9653105,0.9605587,0.9595278,0.94710785,0.9601993,0.9615505,0.96235806,0.95819896,0.9621535,0.9609261,0.95199317,0.95685685,0.9641434,0.9593145,0.98025817,0.9586858,0.9607703,0.9629607,0.96401966,0.9551455,0.9549383,0.9591701,0.96732455,0.9624424,0.9664145,0.9619022,0.97125554,0.95400614,0.96133155,0.9595771,0.9606282,0.9588743,0.97042036,0.9568953,0.98025817,0.96078944,0.9631376,0.9693242,0.9667473
ahiddenlifefilm,0.982062,0.97335273,0.97889996,0.97654474,0.9826784,0.9724406,0.9834922,0.98025817,0.99999994,0.9734308,0.97622955,0.9711451,0.98212355,0.98085016,0.98245275,0.9788242,0.9758761,0.98250145,0.9751343,0.97537905,0.9789862,0.9763119,0.9817845,0.9801306,0.97302765,0.93307215,0.9725847,0.9754012,0.98025054,0.9740887,0.97695357,0.9768231,0.972293,0.97840434,0.9734835,0.95648664,0.98065346,0.97965115,0.98301375,0.97466683,0.97818106,0.98555934,0.9769797,0.97876716,0.9811177,0.9783055,0.98039055,0.97482616,0.97481775,0.98471624,0.98121935,0.9816643,0.97827995,0.98033977,0.977075,0.9768211,0.97038555,0.9848836,0.9774671,0.98305285,0.97386587,0.97321194,0.97625065,0.98014504,0.9693454,0.97980326,0.9727437,0.97640496,0.9804594,0.9666011,0.98555773,0.8874119,0.96653885,0.9850764,0.96827173,0.97169626,0.93877894,0.9752401,0.9775362,0.9732889,0.9754668,0.97458446,0.9813301,0.97824186,0.98047143,0.9725292,0.97802687,0.9733763,0.9750536,0.9764534,0.97998875,0.98555773,0.9784291,0.980912,0.9796526,0.98022753,0.97999644,0.97923464,0.97048837,0.9734999,0.97748667,0.97943866,0.97075444,0.98530155,0.97223854,0.98128873,0.9761991,0.9834333,0.9677696,0.9779961,0.9814172,0.9409227,0.97686315,0.95973104,0.98020405,0.97866327,0.9859006,0.97665274,0.98620015,0.97976774,0.98090637,0.9713189,0.9807896,0.9727589,0.9802489,0.98419917,0.9790646,0.9722593,0.9786209,0.9628028,0.9779448,0.975396,0.98219514,0.9761948,0.9805263,0.9770201,0.9748039,0.97379106,0.981528,0.9742809,0.99999994,0.97489613,0.97650224,0.98202974,0.97411305,0.9679982,0.97250146,0.97756004,0.9818378,0.9806709,0.9791767,0.98048556,0.97958195,0.9699725,0.97552,0.9806411,0.9771074,0.9772568,0.9809482,0.97828865,0.99999994,0.9772862,0.9795703,0.98139447,0.9809222
alitamovie,0.9527292,0.95420796,0.9581963,0.9435622,0.9664781,0.9538926,0.9586263,0.9527949,0.9734308,1.0,0.95352966,0.9462587,0.95825803,0.95585835,0.95498824,0.96413237,0.94592035,0.9652196,0.94525427,0.9483541,0.9490647,0.95253044,0.95857173,0.9538218,0.9518513,0.8921458,0.9539234,0.9445633,0.95339596,0.95040816,0.95434946,0.9529345,0.93885285,0.9504416,0.9477705,0.9425669,0.9538391,0.9510683,0.9639568,0.94418615,0.95511377,0.9597455,0.9466751,0.95847034,0.95680374,0.95537233,0.957744,0.95250076,0.94827896,0.9631717,0.9507393,0.958151,0.95425856,0.95098245,0.947814,0.9621102,0.94758344,0.9616996,0.9459604,0.9540158,0.95715,0.94433635,0.94648486,0.95097685,0.94496584,0.9631571,0.94747305,0.9534641,0.95554936,0.9398717,0.9546342,0.85076565,0.94860184,0.95461226,0.93878233,0.9406721,0.90364194,0.9457369,0.9543286,0.952675,0.9557894,0.94223297,0.96315235,0.9624841,0.9477038,0.9523462,0.951696,0.94174033,0.9489346,0.94882584,0.9535748,0.9546342,0.9595434,0.9570961,0.9494209,0.9537401,0.953224,0.9546117,0.9489135,0.947562,0.95482045,0.9521635,0.9467086,0.95407104,0.96249044,0.9484728,0.95418656,0.9558728,0.945503,0.9480319,0.9558104,0.9178903,0.95442945,0.940641,0.9549156,0.9516239,0.9590111,0.9487503,0.96140367,0.9522409,0.96437246,0.9513625,0.95533985,0.95013684,0.95014167,0.959715,0.95167077,0.9450423,0.96014106,0.93792534,0.95489985,0.96702,0.9524375,0.94521964,0.9608408,0.953326,0.94647545,0.9536348,0.9507499,0.9553315,0.9734308,0.9485296,0.9564866,0.9635205,0.9559622,0.9398811,0.95141596,0.9475978,0.9519378,0.95468825,0.94856167,0.95778626,0.9602824,0.9468616,0.9456267,0.95152986,0.94416267,0.94718957,0.9607622,0.9502904,0.9734308,0.95303965,0.94633675,0.95392805,0.9525103
angelhasfallen,0.960921,0.9600895,0.9573473,0.95406157,0.95987684,0.9473498,0.9599591,0.96479386,0.97622955,0.95352966,0.99999994,0.95843685,0.95351934,0.9591324,0.9620825,0.9520934,0.9587436,0.9605963,0.9515166,0.9566133,0.9499479,0.9594111,0.964168,0.95888275,0.9512463,0.9157929,0.9452005,0.955177,0.961053,0.95396143,0.9597846,0.9478858,0.95779943,0.95486814,0.95223445,0.9286029,0.9533513,0.95621026,0.9580492,0.9512003,0.9583339,0.9648392,0.9558746,0.9627239,0.95669734,0.95906156,0.96435994,0.9482669,0.9523453,0.96283454,0.9617452,0.9567065,0.95672846,0.96327496,0.95286083,0.9523514,0.95205176,0.96544003,0.9528717,0.95734966,0.9559861,0.9461885,0.95530015,0.95555025,0.9484672,0.9709932,0.96098584,0.95068026,0.96885973,0.94282,0.96149457,0.87981355,0.94027424,0.96544373,0.96447057,0.95512605,0.9262353,0.9573888,0.95640606,0.9451664,0.9701007,0.9590689,0.9606754,0.9538782,0.954369,0.95482093,0.9654571,0.9435752,0.9596094,0.9536843,0.961656,0.96149457,0.94617397,0.96133256,0.96171916,0.96991825,0.9639162,0.9583594,0.9406538,0.9544498,0.95548797,0.95777565,0.95158756,0.9673259,0.9516344,0.96363074,0.95096475,0.9556066,0.9487827,0.9568596,0.96029717,0.92478114,0.9574781,0.93407124,0.9566144,0.9651391,0.9686527,0.9607219,0.9667026,0.9498087,0.9567415,0.94750524,0.9651257,0.95199996,0.9609447,0.9657219,0.9526242,0.94580144,0.9580234,0.9452595,0.9510118,0.9542929,0.9606654,0.9561014,0.95856774,0.9532694,0.95530796,0.9480757,0.9600561,0.9551441,0.97622955,0.9596262,0.95369875,0.95786536,0.95131385,0.9381988,0.9452458,0.9531489,0.9563221,0.95855063,0.958359,0.9590997,0.9556096,0.95085806,0.95551914,0.9582982,0.9531007,0.95840174,0.9607617,0.953485,0.97622955,0.9575654,0.9608179,0.9596357,0.95824283
angrybirdsmovie,0.95493376,0.95278835,0.96096313,0.9507156,0.9575077,0.9486313,0.96311414,0.9545789,0.9711451,0.9462587,0.95843685,1.0000001,0.94971824,0.9566952,0.96024925,0.9487074,0.9600472,0.95756304,0.960007,0.9471336,0.9546046,0.9527876,0.9510946,0.96159714,0.9455228,0.9010534,0.94725674,0.94902134,0.9603983,0.9602765,0.95345366,0.9484534,0.94678915,0.96476793,0.9408253,0.9245195,0.9595231,0.9544502,0.9624438,0.9444067,0.9552286,0.9526368,0.9541452,0.9483053,0.95738137,0.9544971,0.9505092,0.958457,0.9432676,0.95086056,0.9671449,0.9575248,0.9496117,0.95781875,0.9542025,0.9395909,0.9481512,0.9609957,0.9619144,0.96116036,0.94572926,0.94820154,0.9526957,0.953951,0.95023334,0.9508764,0.9498452,0.95295775,0.95821995,0.9340536,0.96470654,0.85962737,0.9349118,0.9573117,0.9344266,0.94280636,0.9092844,0.9493071,0.9574215,0.9427816,0.948152,0.95629895,0.95360464,0.94362646,0.9678248,0.9540748,0.949938,0.94471407,0.94722533,0.94635665,0.95210487,0.96470654,0.9446359,0.9569839,0.9654967,0.9519991,0.9561252,0.94884634,0.94469655,0.93928427,0.96113497,0.9583009,0.9414485,0.9568032,0.9470308,0.9674181,0.94602996,0.9517822,0.95328146,0.9563689,0.95247203,0.9166512,0.9618022,0.91896397,0.95418495,0.9534496,0.9567319,0.94440943,0.9629123,0.9599232,0.95444506,0.95335525,0.9623149,0.94947255,0.9497285,0.9605651,0.95116675,0.953448,0.9534982,0.9390692,0.9468419,0.9542831,0.95350856,0.94966424,0.957261,0.9566062,0.93916917,0.9568341,0.97063476,0.9540258,0.9711451,0.9561395,0.95664847,0.94982255,0.9527463,0.9490515,0.94309247,0.9436292,0.94659233,0.9518444,0.9612603,0.9501174,0.9520062,0.94456714,0.95183647,0.9567178,0.95459366,0.96058774,0.955767,0.9542495,0.9711451,0.9485647,0.9542308,0.95574385,0.9629786
annabellemovie,0.96909356,0.9632672,0.96394795,0.96828896,0.9635535,0.9551495,0.9729941,0.9664422,0.98212355,0.95825803,0.95351934,0.94971824,0.99999976,0.9639611,0.9686651,0.9655344,0.9590979,0.9650783,0.9563334,0.9615095,0.962462,0.96124184,0.96853817,0.9581042,0.9586693,0.9179011,0.9625925,0.95552325,0.9607228,0.96140325,0.95627016,0.9695874,0.95705044,0.9611768,0.96054024,0.9374213,0.9666496,0.9719112,0.9690667,0.96729076,0.96187377,0.968464,0.9645178,0.9630943,0.9625087,0.96189654,0.96566755,0.9604053,0.958062,0.967378,0.9599287,0.97066396,0.97272944,0.96287364,0.9677797,0.9618118,0.9543568,0.9616336,0.96046346,0.96612537,0.9665311,0.95613176,0.9634704,0.97014976,0.954821,0.96201444,0.9656474,0.96240735,0.966022,0.94429475,0.96723735,0.87844604,0.953272,0.9687109,0.94535846,0.9560595,0.92094666,0.96179235,0.9637424,0.9603853,0.9543922,0.96465594,0.9717814,0.9675836,0.9728273,0.9585697,0.95778173,0.98347414,0.9528301,0.95959795,0.9639465,0.96723735,0.9652091,0.9643742,0.9632172,0.96008545,0.966125,0.9666891,0.95750844,0.95974714,0.9641485,0.9646492,0.9482122,0.96938866,0.95282483,0.95941556,0.9647904,0.9717961,0.9532757,0.9642943,0.96821225,0.92716485,0.95606893,0.93801236,0.9612085,0.95445925,0.96878237,0.9584406,0.97166824,0.9714038,0.9728841,0.94876516,0.96284556,0.95172197,0.9676676,0.9691883,0.97770077,0.95453614,0.95985305,0.94411397,0.9578924,0.9626772,0.9686455,0.958318,0.96278936,0.9636628,0.95482594,0.96193385,0.9668351,0.9580739,0.98212355,0.9560918,0.96353424,0.9640761,0.9624523,0.9551034,0.9561622,0.95896316,0.96987796,0.96892357,0.96693337,0.9675703,0.966568,0.95542514,0.95766133,0.96147245,0.96208227,0.9619945,0.96376854,0.9526648,0.98212355,0.9597305,0.9691312,0.96614015,0.9614727
annamovie,0.96272653,0.955625,0.9638737,0.9577016,0.9668947,0.9572516,0.96129316,0.9604099,0.98085016,0.95585835,0.9591324,0.9566952,0.9639611,1.0000002,0.9691835,0.96504456,0.96021783,0.9676483,0.96279347,0.9560988,0.9625506,0.9591844,0.969537,0.960167,0.9583346,0.9181047,0.95654356,0.9565457,0.96736133,0.96065485,0.95785975,0.949707,0.95892245,0.96302867,0.946695,0.9360098,0.96615535,0.9607696,0.9630022,0.95361054,0.95743954,0.96477354,0.96542704,0.9562589,0.9692058,0.9514717,0.964529,0.9494884,0.9549174,0.96034724,0.96823716,0.95625246,0.96536964,0.9617862,0.9545979,0.9555824,0.9533761,0.9688275,0.9586019,0.96581656,0.95961964,0.95764786,0.957358,0.97798985,0.94593626,0.9603193,0.95354915,0.94982314,0.95999086,0.9473383,0.96672463,0.880656,0.9463944,0.9675774,0.95764446,0.956389,0.9188956,0.9519441,0.95701367,0.9543679,0.96570766,0.9534043,0.9628814,0.9641217,0.96342224,0.9621411,0.95940197,0.95406556,0.95944864,0.9602904,0.9615536,0.96672463,0.95909834,0.96514934,0.96595275,0.96483254,0.96480554,0.96109164,0.9509644,0.9679843,0.9598036,0.96203333,0.95669156,0.9638889,0.9655279,0.96980876,0.9609621,0.9670368,0.95244366,0.9621876,0.96144825,0.91847277,0.9635058,0.9451069,0.96067095,0.9526721,0.96457714,0.9662159,0.9702155,0.9594733,0.9638882,0.9547047,0.9619213,0.95366365,0.96159464,0.97251475,0.96057504,0.9581207,0.9633388,0.9468834,0.95836145,0.95585006,0.9671707,0.959333,0.9657752,0.96126544,0.9570541,0.95005345,0.9623797,0.94783354,0.98085016,0.9596391,0.95350575,0.9681541,0.9542942,0.93979925,0.9550249,0.94914633,0.9626285,0.9657963,0.9544688,0.9599473,0.96087444,0.952554,0.95608485,0.96434635,0.96353585,0.9554149,0.96708494,0.95712537,0.98085016,0.9616843,0.95854706,0.9694556,0.9611486
apollo11movie,0.9672919,0.9556888,0.9606312,0.9586626,0.9696054,0.9564231,0.9636613,0.9655335,0.98245275,0.95498824,0.9620825,0.96024925,0.9686651,0.9691835,0.9999999,0.9636377,0.96144766,0.96726,0.9636793,0.9737594,0.9662375,0.9571248,0.96423316,0.9570076,0.9611786,0.9105979,0.9553653,0.96306646,0.962383,0.9626864,0.9675118,0.9524129,0.9606206,0.9602286,0.95182407,0.93518233,0.9657662,0.96578974,0.9622938,0.95577794,0.9636126,0.968598,0.9580761,0.964236,0.96608895,0.9652867,0.96470344,0.9594051,0.95324904,0.96799564,0.96622187,0.9662326,0.96047187,0.9705413,0.9628788,0.9552441,0.95943457,0.96766406,0.9586574,0.9706881,0.9549225,0.9599055,0.9624589,0.9673093,0.9614547,0.96452594,0.96272445,0.9626257,0.9674401,0.94281894,0.9721137,0.87014735,0.9465757,0.96974754,0.94538766,0.95384806,0.9115315,0.95953876,0.96529716,0.96008635,0.95700246,0.95680034,0.96396446,0.9613015,0.9644979,0.95853406,0.9627845,0.9604834,0.95647126,0.96333516,0.9627572,0.9721137,0.96163255,0.96936125,0.9649186,0.979842,0.9644841,0.96513224,0.94582057,0.95283145,0.96778935,0.96554327,0.95365447,0.97273076,0.9554877,0.96757334,0.9594007,0.96629226,0.9557867,0.96206236,0.95928705,0.92377317,0.958102,0.93609804,0.96405506,0.96109843,0.9665965,0.95361656,0.9699285,0.960263,0.9653644,0.9574543,0.96308,0.95340663,0.9667907,0.9746875,0.9651145,0.95159256,0.9573966,0.9445848,0.9577877,0.9580349,0.97130156,0.9613664,0.96570814,0.96015334,0.94892013,0.95651037,0.96703804,0.9625224,0.98245275,0.95837253,0.9665991,0.9618582,0.95575273,0.9483363,0.95133036,0.95350903,0.96856356,0.9615616,0.9571614,0.95853686,0.97047114,0.95587724,0.9686574,0.9658373,0.9589973,0.95850474,0.9644884,0.9615816,0.98245275,0.95905393,0.96598774,0.96665305,0.96466964
arcticdogsmovie,0.9586499,0.96678007,0.96419126,0.95552886,0.96421236,0.95406747,0.96964127,0.9652351,0.9788242,0.96413237,0.9520934,0.9487074,0.9655344,0.96504456,0.9636377,1.0000005,0.9489962,0.95986897,0.95658106,0.95269984,0.9601597,0.9501617,0.9575932,0.9574846,0.9557152,0.9089461,0.9550285,0.9476715,0.96123934,0.95893914,0.9604676,0.9526254,0.9516377,0.9549687,0.9493861,0.9347032,0.95892584,0.9628629,0.9695969,0.95107204,0.9555576,0.966178,0.9593957,0.9544128,0.96337926,0.9580755,0.95383143,0.9510557,0.95547855,0.9611454,0.95611024,0.9572356,0.96250725,0.96278715,0.9550407,0.9531984,0.9519173,0.9655609,0.95712715,0.9648988,0.95567876,0.94976944,0.9551678,0.9677994,0.95058256,0.96622413,0.9489225,0.94877654,0.95922256,0.9433386,0.96578985,0.8719781,0.9459854,0.9669534,0.95058763,0.9525127,0.9149836,0.94998837,0.96124905,0.9554541,0.9577904,0.9502832,0.9664779,0.95964986,0.9571421,0.9599418,0.9517484,0.95467097,0.95817435,0.9574003,0.95970577,0.96578985,0.9580415,0.9602394,0.9578899,0.9558342,0.9613231,0.95418626,0.9538247,0.95115703,0.959057,0.95779943,0.94328624,0.96638554,0.9541749,0.9577357,0.95850635,0.97242093,0.95883656,0.95634437,0.9608252,0.9228224,0.9518447,0.9402936,0.9615241,0.9546563,0.963147,0.95474905,0.9675038,0.9702859,0.9715345,0.9458223,0.96262854,0.952885,0.957513,0.9650886,0.96068454,0.94940376,0.96130013,0.9454808,0.9651074,0.9592039,0.9608638,0.9490218,0.96289945,0.9587423,0.94890094,0.94813406,0.9630826,0.95613366,0.9788242,0.9513961,0.95734096,0.9642468,0.960502,0.9309524,0.95629317,0.9572287,0.9624638,0.9604327,0.9623767,0.95649296,0.9670676,0.9479893,0.95365256,0.96456945,0.9550701,0.9570834,0.9597105,0.95363164,0.9788242,0.9632713,0.95899975,0.96237487,0.95535785
arcticmovie,0.957358,0.95319414,0.95776016,0.96160895,0.9527829,0.94708836,0.961464,0.9577474,0.9758761,0.94592035,0.9587436,0.9600472,0.9590979,0.96021783,0.96144766,0.9489962,0.9999997,0.9544444,0.9597368,0.9551272,0.958226,0.9658505,0.9667878,0.9660916,0.95156944,0.91407645,0.9539874,0.9726499,0.9615075,0.9520093,0.956678,0.9547669,0.95959985,0.9584542,0.95605403,0.9281883,0.96712655,0.9550727,0.9608566,0.95380676,0.95668304,0.9648556,0.9619617,0.9593999,0.9587934,0.9623126,0.96419364,0.95912,0.9520996,0.9618357,0.96172893,0.9557613,0.9578531,0.9604154,0.9497051,0.9468811,0.9575083,0.9689869,0.95538706,0.96506983,0.9563256,0.95524,0.9592098,0.9584211,0.9464842,0.95465225,0.9548354,0.9503647,0.96085614,0.94450027,0.9699185,0.8578361,0.9334354,0.9641523,0.9492847,0.94912153,0.91913927,0.9618843,0.9577314,0.95181924,0.9569481,0.95709956,0.95997953,0.96269554,0.9632454,0.958215,0.96088773,0.9547291,0.95657456,0.9513214,0.9553466,0.9699185,0.9526899,0.96030515,0.9625765,0.9590928,0.96195304,0.95877355,0.9546506,0.95145035,0.9604987,0.9635629,0.9473598,0.9646858,0.95894974,0.9603826,0.9544467,0.956297,0.94857436,0.9475943,0.9596113,0.9143135,0.9614452,0.9409841,0.9579325,0.9606039,0.9607267,0.95814204,0.9625627,0.9580592,0.95855975,0.958324,0.96237826,0.9521737,0.9582213,0.96173525,0.95992875,0.9531909,0.96366996,0.9543687,0.956953,0.9558698,0.9799544,0.9649959,0.96157444,0.9520373,0.95632064,0.9511739,0.96946084,0.95197916,0.9758761,0.96043634,0.9508631,0.95835084,0.9567622,0.94993544,0.9527758,0.95853275,0.96093535,0.95449096,0.96496993,0.95913255,0.9596763,0.9495211,0.95006406,0.96090907,0.95821893,0.9529931,0.9639553,0.9577453,0.9758761,0.9534524,0.95922345,0.9641665,0.95991856
artofracingmovie,0.9654749,0.9608623,0.9606993,0.9587489,0.9772136,0.9605483,0.9660365,0.9651573,0.98250145,0.9652196,0.9605963,0.95756304,0.9650783,0.9676483,0.96726,0.95986897,0.9544444,1.0000001,0.9570742,0.96135724,0.9618235,0.9540743,0.9657141,0.9669273,0.9628743,0.9100905,0.9671536,0.9563868,0.9623493,0.9574002,0.96550345,0.96373975,0.95847,0.96110225,0.9508483,0.9414856,0.967735,0.9594803,0.9665096,0.96053046,0.9600928,0.9683261,0.9592502,0.9627894,0.9676129,0.9641227,0.96461827,0.9620388,0.96498024,0.9690168,0.96594876,0.97142524,0.95823616,0.9653362,0.9612532,0.97582483,0.9543305,0.96940094,0.9611238,0.96513814,0.9514692,0.95598567,0.95842403,0.9597507,0.959346,0.9684213,0.9555328,0.9673557,0.9584814,0.94978637,0.9667391,0.8598189,0.95578,0.968395,0.9434392,0.96386874,0.9194459,0.96059406,0.9563843,0.95825195,0.9551186,0.959281,0.96082544,0.9634481,0.9631836,0.95612013,0.9603803,0.9533788,0.96013105,0.9662302,0.96065295,0.9667391,0.96305937,0.9689718,0.96553034,0.97375524,0.96028435,0.9685828,0.9554142,0.95373243,0.9642774,0.9612823,0.95617276,0.9697235,0.9563238,0.96591634,0.96033347,0.965475,0.9510825,0.9658646,0.97041065,0.91399986,0.96303487,0.9375968,0.964888,0.96122414,0.96887994,0.9585941,0.96963644,0.95980453,0.9597925,0.9541118,0.9675615,0.9539875,0.9629011,0.97375727,0.9606802,0.95946455,0.9701224,0.9438009,0.95923275,0.9649358,0.963393,0.9636194,0.96474475,0.96003985,0.95429933,0.96215904,0.9651725,0.97055954,0.98250145,0.95651215,0.96437514,0.96722394,0.9537548,0.95754683,0.9622264,0.95770043,0.96517706,0.9639105,0.9597654,0.95769626,0.96312195,0.9489846,0.9604182,0.9605067,0.96135783,0.9626369,0.970285,0.9633478,0.98250145,0.9634862,0.96447885,0.97006994,0.9646677
avengers,0.972328,0.95118296,0.9547918,0.9541786,0.95979285,0.9461805,0.9591837,0.9626569,0.9751343,0.94525427,0.9515166,0.960007,0.9563334,0.96279347,0.9636793,0.95658106,0.9597368,0.9570742,1.0,0.9452536,0.96078527,0.9541507,0.9519297,0.95614284,0.9484677,0.91711557,0.944946,0.95633805,0.9628751,0.96080685,0.9693437,0.95095015,0.94805604,0.96123964,0.9476264,0.92837566,0.96076065,0.95927566,0.95742136,0.94425845,0.9513343,0.9549037,0.95212877,0.94252,0.9578425,0.9514513,0.95277995,0.9507618,0.94443,0.9510442,0.9631793,0.9555363,0.95608294,0.96873504,0.9499088,0.95274377,0.947036,0.96611935,0.95423514,0.96631944,0.94708246,0.9502062,0.95006424,0.95914364,0.9454876,0.957039,0.94923323,0.9516462,0.95616275,0.9449648,0.96918535,0.8694084,0.94540656,0.96342385,0.93968296,0.948972,0.92031896,0.9590409,0.95784765,0.9510707,0.9536661,0.9516451,0.95224565,0.9539126,0.9682647,0.95296997,0.9530498,0.9566308,0.9528763,0.9550504,0.9519325,0.96918535,0.9480704,0.9648437,0.95852476,0.9597879,0.9590415,0.9510946,0.9456021,0.9429451,0.9551824,0.95869166,0.94464606,0.9637482,0.94946474,0.96544135,0.9481946,0.958552,0.94693404,0.9551569,0.9612227,0.9238756,0.95811737,0.9432029,0.9583127,0.9594786,0.9613254,0.9529147,0.9627577,0.9567489,0.9531045,0.95764774,0.9578467,0.9463371,0.9556769,0.9615972,0.9624221,0.96240264,0.9574594,0.9484158,0.94751483,0.94789344,0.9598467,0.94943523,0.9651769,0.9558713,0.95654064,0.94906276,0.96881735,0.9493674,0.9751343,0.95091045,0.95465195,0.9575754,0.9568924,0.9429718,0.94454974,0.9513916,0.95538294,0.9536578,0.9608294,0.950081,0.958277,0.9607742,0.9558668,0.96013707,0.9542506,0.9595868,0.9648637,0.95943636,0.9751343,0.9530691,0.9534055,0.9562754,0.9619653
beachbummovie,0.96114063,0.95675284,0.9548522,0.9553364,0.95936275,0.9396325,0.9530189,0.9543351,0.97537905,0.9483541,0.9566133,0.9471336,0.9615095,0.9560988,0.9737594,0.95269984,0.9551272,0.96135724,0.9452536,1.0,0.95059216,0.9600263,0.96037817,0.95036095,0.95072186,0.9120237,0.94936067,0.96162444,0.951732,0.95271415,0.9542517,0.9485124,0.95276004,0.9534049,0.9594454,0.93326575,0.95105815,0.9548035,0.95640016,0.9460716,0.9545315,0.9653974,0.9533206,0.9597099,0.95691186,0.9656275,0.95832413,0.9504531,0.946763,0.9626708,0.95833564,0.9564704,0.9557261,0.9611606,0.9550446,0.94972485,0.9486224,0.9599931,0.94882834,0.960579,0.95730585,0.9532057,0.9567051,0.95316,0.9503187,0.9589109,0.9547021,0.95695704,0.95250374,0.9467765,0.9598553,0.8684793,0.9431217,0.9651274,0.9510934,0.9432312,0.9055882,0.9454955,0.954757,0.94587135,0.9542847,0.9457794,0.9565721,0.9556224,0.9523016,0.9552408,0.9560777,0.951944,0.9477886,0.95183045,0.9593573,0.9598553,0.9546314,0.95423555,0.9594465,0.96517676,0.9616675,0.97158325,0.93829393,0.9513395,0.9536507,0.9706685,0.94589794,0.96308917,0.94602716,0.95862526,0.95706207,0.9561009,0.95365465,0.95282716,0.9563558,0.92254925,0.9495301,0.93631536,0.9587168,0.955926,0.9654063,0.95857847,0.9626315,0.95021003,0.9586999,0.9446351,0.95870376,0.94277817,0.959901,0.9600193,0.9574507,0.9470926,0.9505026,0.92734003,0.94784695,0.95080614,0.96605563,0.95185107,0.95886964,0.9522693,0.9511583,0.9476202,0.9535868,0.95883286,0.97537905,0.94656795,0.9513908,0.9528714,0.94955295,0.9399802,0.9419436,0.9520875,0.96057534,0.9591134,0.95134056,0.9592476,0.95805377,0.9494422,0.9547397,0.9564005,0.9556198,0.9535633,0.9586321,0.95461714,0.97537905,0.95259494,0.95701903,0.9575314,0.95968664
bernadettefilm,0.9660731,0.9571482,0.9555736,0.9592399,0.9588176,0.9519371,0.96901464,0.96168387,0.9789862,0.9490647,0.9499479,0.9546046,0.962462,0.9625506,0.9662375,0.9601597,0.958226,0.9618235,0.96078527,0.95059216,0.999999,0.9504114,0.9627234,0.9584024,0.9554017,0.9189843,0.9515377,0.9616079,0.9589019,0.95779884,0.959151,0.95740664,0.95567364,0.9569827,0.9474561,0.9409424,0.9623112,0.9570622,0.9612411,0.9571018,0.95819306,0.96290827,0.96166646,0.95812255,0.96455544,0.9569485,0.9597253,0.9630055,0.95192224,0.9635179,0.9562601,0.9600004,0.9586187,0.9613781,0.9640176,0.96181375,0.95596474,0.96491706,0.957871,0.96696323,0.9455499,0.95279074,0.9594696,0.95984185,0.9515405,0.9535332,0.9463259,0.9542662,0.9623785,0.94387597,0.96521753,0.86807764,0.9491863,0.96449,0.94581664,0.9588885,0.92389303,0.9615043,0.95983607,0.9585382,0.95865124,0.95712256,0.96181303,0.9552374,0.95867467,0.94997543,0.9578084,0.9566313,0.9550421,0.9521838,0.9566664,0.96521753,0.9624923,0.959214,0.949949,0.961859,0.9603902,0.9573687,0.9540152,0.9540366,0.962964,0.96116364,0.94817775,0.960786,0.95580924,0.95676684,0.96229327,0.9590422,0.947399,0.9559271,0.9558723,0.90777194,0.95938003,0.93143433,0.97156495,0.9604616,0.96692574,0.9528437,0.97195464,0.96496165,0.9598038,0.9566223,0.9673141,0.9496441,0.959458,0.96431696,0.9624415,0.94957817,0.9556343,0.9421719,0.9753675,0.9583404,0.9666502,0.96001875,0.95673066,0.9560675,0.9593077,0.94841856,0.9612152,0.9514053,0.9789862,0.9538694,0.961321,0.95762616,0.95601517,0.9442559,0.95242316,0.9580362,0.9583813,0.95635074,0.9670827,0.9600957,0.9619703,0.95564383,0.95440084,0.9636116,0.957982,0.9596516,0.9628942,0.95652217,0.9789862,0.9635144,0.9639659,0.9611857,0.960174
