movie,21bridgesmovie,47metersdown,abeautifuldaymovie,abominablemovie,adastramovie,adogsjourneymovie,aftermathmovie,aftermovie,ahiddenlifefilm,alitamovie,angelhasfallen,angrybirdsmovie,annabellemovie,annamovie,apollo11movie,arcticdogsmovie,arcticmovie,artofracingmovie,avengers,beachbummovie,bernadettefilm,blackandbluemovie,blackchristmas,blindedbythelightmovie,bombshellmovie,booksmart,breakthroughmovie,brianbanksmovie,brightburnmovie,brittanyrunsmov,captainmarvelofficial,captivestatemovie,catsmovie,charliesangels,childsplaymovie,clarathefilm,coldpursuitmovie,countdown,currentwarmovie,darkwatersmovie,detectivepikachumovie,disneyaladdin,disneyfrozen,disneymaleficent,doctorsleepmovie,dolemiteismyname,dontletgomovie,doramovie,downtonabbey_official,dumbo,escaperoom,everybodyknowsmovie,fastandfuriousmovie,fightingwmyfam,fivefeetapartfilm,fordvferrari,freaksthefilm,geminimanmovie,glassmovie,gloriabellmovie,godzillamovie,goldfinchmovie,goodboysmovie,goodliarmovie,gretafilm,halathemovie,happydeathdaymovie,harrietfilm,hellboymovie,hersmellmovie,highlifemovie,highstrungmovie,honeyboymovie,hotelmumbaifilm,httydragon,hustlemovie,hustlersmovie,isntitromantic,itmovieofficial,jayandsilentbob,johnwickmovie,jojorabbitmovie,jokermovie,judythefilm,jumanjimovie,justmercyfilm,knivesout,lalloronamovie,lastblackmansf,lastchristmasthemovie,latenightmovie,lighthousemovie,lionking,littlethemovie,littlewomenmovie,littlewoodsfilm,longshotmovie,lordsofchaosmovie,lucyintheskyfilm,mamovie2019,marriagestory,meettheaddams,meninblack,midsommarmovie,midwaymovie,missbalamovie,missinglinkfilm,motherlessbklyn,onceinhollywood,onthebasisofsex,overcomermovie,peanutbutterfalcon,petsematarymovie,piercingmovie,playingwithfire,playmobilthemovie,pomsmovie,queenandslim,rambomovie,readyornotfilm,richardjewellfilm,rocketmanmovie,scarystoriesmovie,secretlifeofpets,serenityfilm,shaftmovie,shazammovie,spidermanmovie,spiesindisguise,starwars,stormboymovie,stubermovie,taosdfilm,teenspiritmov,terminator,theaeronautsmov,thebestofenemies,thedeaddontdie,thefarewell,thehighwaymen,thehummingbirdprojectfilm,theintrudermovie,theirishmanfilm,thekitchenmovie,thelegomovie,themustangfilm,thenightingalefilm,theprodigymovie,thesunisalsoastar,theupsidefilm,tolkienmovie,toystory,triplefrontier,uglydolls,uncutgems,underthesilverlake,usmovie,wavesmovie,whatmenwant,wonderparkmovie,wrinklestheclown,xmenmovies,yardiefilm,yesterdaymovie,zombieland
21bridgesmovie,1.0000001,0.9750283,0.97846526,0.97807145,0.9731705,0.9670978,0.9753062,0.97437674,0.9906033,0.9726637,0.9775692,0.96929616,0.97389436,0.9793397,0.9758216,0.975863,0.96665746,0.97010446,0.98285425,0.9662608,0.9709992,0.97736126,0.9817622,0.9744898,0.9607401,0.91619647,0.9748648,0.9760246,0.97950864,0.97477347,0.9621626,0.9720796,0.96312755,0.97176677,0.9601965,0.9563229,0.9709659,0.97843134,0.97691363,0.97400075,0.97291183,0.9757921,0.9739658,0.9735772,0.97433084,0.9766152,0.9811237,0.96898466,0.97994465,0.9734334,0.97985995,0.9756594,0.9747547,0.9679888,0.95853853,0.97626114,0.97174484,0.97795314,0.9779902,0.9719834,0.96779555,0.9711655,0.9697437,0.9750396,0.97514445,0.9672157,0.9651847,0.9667881,0.9752175,0.9698218,0.97530186,0.8376035,0.96545947,0.978824,0.959024,0.96398735,0.95985645,0.9731285,0.97053576,0.96961766,0.97308123,0.9768943,0.97844744,0.9624882,0.9764683,0.973612,0.9772018,0.97441185,0.97715783,0.97743016,0.96256334,0.97530186,0.96913403,0.9693721,0.97400975,0.970428,0.97810096,0.9781028,0.971798,0.97203445,0.9675135,0.96974486,0.97817194,0.97607654,0.97217375,0.9777633,0.9771961,0.9769367,0.9712839,0.97111195,0.98416966,0.92053056,0.97219306,0.94596684,0.976371,0.9815632,0.9933124,0.9643871,0.9745144,0.968287,0.9721363,0.97125953,0.9743601,0.96414644,0.97199655,0.97516,0.9738074,0.9747138,0.9749979,0.9577213,0.9725897,0.96823764,0.9708278,0.9744528,0.97023416,0.97515494,0.97972053,0.95965976,0.9700633,0.9687975,0.9906033,0.97891,0.9693613,0.97426695,0.9722036,0.97103167,0.9718579,0.9645996,0.98093003,0.98136634,0.97753716,0.97337127,0.97231686,0.9607699,0.97740763,0.9773613,0.9737103,0.9791057,0.9672929,0.97119576,0.9906033,0.9762756,0.96921897,0.9766896,0.97432446
47metersdown,0.9750283,1.0000002,0.9676244,0.95933974,0.9712261,0.9548005,0.96225625,0.9655033,0.978204,0.9523479,0.9680414,0.9642731,0.961522,0.9700302,0.96308833,0.9727947,0.964092,0.9656597,0.968645,0.95795405,0.9660709,0.95767987,0.96330535,0.9640556,0.95066935,0.90245295,0.95936316,0.9749723,0.9636642,0.95616007,0.9572838,0.9596208,0.9523045,0.95202947,0.9658814,0.94502974,0.9676558,0.9607616,0.9682297,0.967081,0.9549695,0.96423227,0.96453416,0.9615209,0.962388,0.97072184,0.96796525,0.9548202,0.97112185,0.96593505,0.9701883,0.9698983,0.9606149,0.9581744,0.9497453,0.96514195,0.97018564,0.97291994,0.960586,0.9632203,0.9500355,0.958029,0.96154743,0.9612712,0.9634415,0.96339273,0.95234144,0.96443594,0.9551174,0.96034425,0.96510696,0.8135303,0.9607908,0.9700237,0.945928,0.95005,0.9516859,0.9547383,0.95336777,0.9523566,0.95959944,0.9601409,0.95689255,0.9553136,0.97355163,0.9592873,0.9639818,0.96047294,0.96621037,0.97156596,0.9452855,0.96510696,0.95026654,0.9559794,0.9647939,0.9525049,0.9630733,0.9667946,0.9590035,0.94807726,0.9639343,0.9604064,0.95431113,0.96364874,0.9701539,0.96806324,0.9692699,0.95951635,0.9660067,0.9598178,0.9673445,0.9146897,0.9654528,0.93691564,0.96896255,0.96426255,0.97404486,0.9646917,0.9627784,0.9570542,0.95348686,0.9706177,0.9669471,0.9513382,0.96759456,0.9619551,0.9593519,0.96484566,0.9656258,0.9462111,0.96283066,0.9516087,0.9669438,0.9551665,0.9628448,0.9542155,0.9562442,0.9542076,0.96618986,0.9619537,0.978204,0.9576687,0.9566297,0.953797,0.96764654,0.9648736,0.9558529,0.9634668,0.9706139,0.9625304,0.96460974,0.9613965,0.96347374,0.95094997,0.9569047,0.9676779,0.96623415,0.9660099,0.960285,0.9673892,0.978204,0.9680719,0.95747125,0.9649633,0.9615255
abeautifuldaymovie,0.97846526,0.9676244,1.0,0.9669455,0.97143483,0.96177495,0.97004735,0.96969384,0.9853608,0.964707,0.97163904,0.9678321,0.9753651,0.97353286,0.9685617,0.9708469,0.9661122,0.9675843,0.97521764,0.9621452,0.97047305,0.9791763,0.9800527,0.9711666,0.9565968,0.9130743,0.96966696,0.97529966,0.9865853,0.96383405,0.9625843,0.97397393,0.9704197,0.96670234,0.9658036,0.9369389,0.96920884,0.9723491,0.9717384,0.96642697,0.9756134,0.97418547,0.9699942,0.97540486,0.9783264,0.965279,0.9816103,0.96931314,0.9718864,0.9757592,0.9864382,0.9758615,0.9716501,0.96031314,0.9647772,0.97197986,0.9715301,0.97383404,0.9775468,0.9710467,0.9682656,0.9698241,0.9676707,0.9727028,0.9715557,0.9650946,0.95919764,0.9721532,0.96278423,0.9629694,0.9739083,0.81635535,0.9609498,0.9724118,0.9569152,0.9549264,0.953562,0.9645442,0.96085787,0.9507548,0.9729008,0.9675749,0.9742589,0.96327555,0.97920865,0.96941286,0.96815157,0.9720762,0.97249806,0.979689,0.96457464,0.9739083,0.9614971,0.96899045,0.9818556,0.96009845,0.96580666,0.96750593,0.96823984,0.96757,0.9576115,0.95740116,0.972508,0.9710824,0.9673582,0.9820592,0.96992004,0.9697654,0.9760878,0.9679843,0.97515213,0.9159734,0.9769697,0.9341152,0.9747368,0.97007895,0.97716814,0.9715765,0.97505707,0.96314603,0.9649791,0.9701099,0.97760266,0.96409917,0.96996844,0.9782328,0.96977174,0.97756666,0.9720191,0.95850104,0.96882045,0.9665259,0.9699313,0.96301943,0.972316,0.96781886,0.9701482,0.9623995,0.96606815,0.96743566,0.9853608,0.9805418,0.95319253,0.9694947,0.9742304,0.9726061,0.96566087,0.96505886,0.97588927,0.97328055,0.9664692,0.98629856,0.9644404,0.9502805,0.9652948,0.97105193,0.9659726,0.9695303,0.9669008,0.9674635,0.9853608,0.9711235,0.97536236,0.97387147,0.9748312
abominablemovie,0.97807145,0.95933974,0.9669455,0.9999999,0.96369416,0.95464563,0.96286887,0.95971185,0.9817863,0.9617884,0.9707098,0.95934445,0.97302777,0.9637317,0.96592957,0.9644925,0.952044,0.9564771,0.9693983,0.9612888,0.960151,0.9654166,0.97133595,0.9560306,0.95764273,0.92365736,0.9680427,0.96816045,0.966874,0.96696913,0.9575199,0.96397936,0.9526419,0.9498268,0.963396,0.9539342,0.95679015,0.97934526,0.9611565,0.9660756,0.9651863,0.9632627,0.9664332,0.9640293,0.97070384,0.9681367,0.9696144,0.96147877,0.96651024,0.96372205,0.9700567,0.9685332,0.9698405,0.95340556,0.95167935,0.96169794,0.9661099,0.9605259,0.97443074,0.96788716,0.95904386,0.97188437,0.95032346,0.959435,0.9627029,0.9552525,0.964376,0.9638814,0.9623972,0.95775473,0.96730536,0.8386702,0.9462244,0.9678903,0.95956266,0.9562469,0.9595428,0.9641447,0.9647376,0.95298463,0.9711579,0.9686499,0.9633944,0.9627874,0.96470225,0.95628303,0.97066957,0.97566587,0.96870047,0.9681521,0.9537708,0.96730536,0.95499665,0.9508657,0.9671857,0.96692103,0.9622188,0.97648156,0.95942235,0.95795524,0.95668995,0.9603008,0.96580374,0.96626997,0.9610958,0.9688634,0.96141106,0.9607264,0.96096414,0.9629664,0.97433573,0.92081,0.967735,0.9398316,0.9682652,0.972551,0.98243904,0.95991963,0.9679493,0.9549023,0.9557344,0.9571399,0.96858793,0.94958913,0.9678477,0.9679385,0.9697829,0.9673155,0.9638235,0.94988376,0.9543032,0.96284485,0.9567955,0.960184,0.95399344,0.96250904,0.9756073,0.96170723,0.9548853,0.96496,0.9817863,0.9700079,0.9566392,0.96194994,0.9654144,0.9651169,0.9659878,0.957687,0.9657921,0.9739767,0.9635601,0.9653175,0.96414435,0.9446171,0.96664715,0.97280943,0.96713907,0.9693883,0.95623183,0.9634241,0.9817863,0.964229,0.96243113,0.9639703,0.96692044
adastramovie,0.9731705,0.9712261,0.97143483,0.96369416,1.0,0.96445763,0.9666859,0.95973086,0.98267114,0.9675526,0.96514285,0.9616505,0.9687146,0.9728736,0.969976,0.9714358,0.9742511,0.9791464,0.9706437,0.9668048,0.964879,0.9731959,0.9735818,0.96691334,0.9585154,0.89761215,0.97970515,0.97160023,0.97048056,0.94840765,0.9591651,0.96879214,0.96314543,0.9591151,0.96338856,0.9470776,0.9747047,0.9681752,0.9708877,0.9692757,0.96751475,0.9737183,0.97731155,0.96853036,0.9658619,0.97021943,0.97696173,0.9630284,0.9681225,0.97307605,0.97520185,0.9706351,0.97562003,0.9594227,0.9650366,0.97349584,0.9656047,0.97465575,0.96963805,0.9725311,0.9547645,0.968145,0.9621145,0.9580991,0.9566024,0.9639308,0.9641401,0.96759194,0.9600912,0.95718366,0.96847284,0.8104297,0.95107895,0.9657989,0.95610636,0.9564437,0.9474336,0.96855503,0.96090186,0.9509287,0.9687372,0.9654165,0.9658094,0.9566693,0.9672381,0.96177053,0.95590276,0.96911806,0.9618899,0.9721733,0.95763826,0.96847284,0.9590594,0.95920616,0.97273,0.9525911,0.9671684,0.9762681,0.97045684,0.9674397,0.96415484,0.96446437,0.9551673,0.96492696,0.95691115,0.9738639,0.9638504,0.9539439,0.9631875,0.957681,0.97806025,0.914774,0.97004473,0.9437724,0.97174835,0.962262,0.976587,0.966823,0.9735668,0.96073157,0.9523021,0.97061545,0.97393566,0.9576065,0.97002876,0.97643787,0.97079444,0.96425337,0.98185796,0.9593753,0.9543548,0.97212917,0.97168624,0.95916176,0.9605826,0.9557601,0.97043407,0.956724,0.9649879,0.9698583,0.98267114,0.96690005,0.9562279,0.9592106,0.9674221,0.96561855,0.9736342,0.96799415,0.9711879,0.9649311,0.96706676,0.9717268,0.96906984,0.9580844,0.96326697,0.9696034,0.9674662,0.96789443,0.95888686,0.9683054,0.98267114,0.9663092,0.9719153,0.9681208,0.95654696
adogsjourneymovie,0.9670978,0.9548005,0.96177495,0.95464563,0.96445763,0.9999999,0.9742647,0.96020114,0.97821075,0.96361625,0.9718287,0.9574391,0.96449184,0.97348094,0.9687494,0.9664934,0.96372783,0.96448165,0.96716195,0.9620411,0.9637947,0.9660993,0.9724696,0.9658476,0.94391847,0.88966525,0.9610903,0.9624441,0.9670257,0.950691,0.9608417,0.957173,0.9646688,0.95861524,0.94985616,0.9396273,0.9728136,0.9598304,0.96285933,0.95845497,0.95847946,0.9631439,0.96309304,0.9621096,0.96041334,0.9616348,0.97214407,0.9586082,0.96725744,0.9640674,0.96745265,0.96490294,0.9651302,0.95730394,0.95084465,0.97092193,0.9585508,0.96983653,0.9644931,0.9661617,0.94774795,0.9690278,0.9576156,0.9664339,0.9572444,0.96258324,0.9566902,0.95827425,0.96025616,0.9566488,0.9699105,0.80639744,0.9568683,0.96801394,0.9638518,0.9465653,0.9404649,0.96022046,0.9577729,0.9578171,0.9638436,0.95791703,0.9605426,0.95932525,0.9647784,0.9634481,0.9480476,0.9661545,0.96464884,0.9697235,0.95477015,0.9699105,0.9644058,0.96550786,0.96280634,0.9584696,0.9601318,0.96187794,0.9707476,0.95463365,0.9611364,0.95998263,0.9612038,0.96427953,0.96413016,0.9632235,0.96930593,0.9590233,0.9616674,0.94838583,0.9727027,0.9002205,0.96280897,0.92841506,0.9667324,0.96510476,0.9712002,0.9593569,0.9724288,0.9668095,0.9625231,0.96166474,0.965195,0.98426247,0.96202856,0.96893424,0.96962774,0.96616393,0.9659559,0.95092016,0.96453136,0.9624656,0.96004725,0.967541,0.96744037,0.95696074,0.9633051,0.94602287,0.9668377,0.9630689,0.97821075,0.9675337,0.9551621,0.9576778,0.9610992,0.9665291,0.96524584,0.9511006,0.97042,0.96485895,0.96788734,0.96287817,0.9669503,0.9395716,0.9625215,0.9654288,0.9610102,0.969236,0.959528,0.96668434,0.97821075,0.9614804,0.95878536,0.97297657,0.95520884
aftermathmovie,0.9753062,0.96225625,0.97004735,0.96286887,0.9666859,0.9742647,0.9999999,0.9748437,0.9857774,0.9724146,0.975126,0.9567841,0.9683987,0.9747329,0.972822,0.9769163,0.9703739,0.9675209,0.9728886,0.9654617,0.9668577,0.9723884,0.9790022,0.97218394,0.9636604,0.90532047,0.96987015,0.96843576,0.97374916,0.9617962,0.9609318,0.966228,0.9700513,0.96249336,0.95725673,0.95540553,0.97530645,0.96473813,0.9759857,0.965282,0.968439,0.97073615,0.966668,0.9706456,0.9714517,0.97051287,0.9776448,0.9628948,0.9718219,0.97381705,0.97495615,0.9727937,0.9723217,0.95867395,0.959694,0.97632444,0.961087,0.97150916,0.9745701,0.97150856,0.9568561,0.96981007,0.96231306,0.9702057,0.9678633,0.9666618,0.96132326,0.95993084,0.96822894,0.9594287,0.97338784,0.819063,0.96368086,0.9724161,0.95756936,0.96108645,0.9540572,0.9686475,0.9605039,0.9580891,0.97312385,0.9815527,0.9680074,0.9636938,0.9677291,0.9716378,0.96393377,0.969596,0.9652894,0.9740118,0.96082515,0.97338784,0.9711405,0.97050333,0.9649052,0.96475834,0.9659326,0.9714617,0.98340994,0.960708,0.9662101,0.9660791,0.9697428,0.9629621,0.9634559,0.9705374,0.97254616,0.9694305,0.97300845,0.9660583,0.97961396,0.9060658,0.9710358,0.93614024,0.9748527,0.9704937,0.9762177,0.96275204,0.97777814,0.98879236,0.96608543,0.9711264,0.9721902,0.9661742,0.96590006,0.97559506,0.9682024,0.97268146,0.9737768,0.95444894,0.9698966,0.9635495,0.9641082,0.975567,0.97007537,0.96418726,0.97008824,0.9532786,0.9644415,0.9667359,0.9857774,0.97067606,0.9645956,0.9656425,0.96927476,0.9737053,0.9716056,0.95532674,0.9748445,0.9709285,0.986584,0.9712041,0.9655468,0.95550877,0.9701445,0.9696624,0.96397567,0.97730905,0.9634666,0.97502184,0.9857774,0.9725583,0.9676026,0.9720847,0.96359515
aftermovie,0.97437674,0.9655033,0.96969384,0.95971185,0.95973086,0.96020114,0.9748437,0.9999999,0.9815584,0.97049165,0.9665519,0.9626707,0.9615714,0.97347444,0.96185684,0.9651054,0.96724296,0.9630874,0.96846735,0.9578865,0.96413887,0.9697995,0.9743784,0.9688501,0.9532728,0.9030245,0.9648425,0.9750132,0.9699093,0.96073645,0.95626134,0.9623049,0.95608455,0.95954704,0.9565858,0.94044244,0.96919614,0.96369654,0.9670533,0.9664745,0.96151054,0.96854776,0.96264124,0.97031474,0.97575635,0.96853155,0.9755613,0.9675708,0.9668836,0.97214043,0.97008973,0.9655607,0.9640606,0.96184844,0.9679817,0.9714223,0.9645128,0.97298825,0.97152966,0.9712543,0.9632091,0.9662329,0.9643553,0.96556395,0.9643733,0.96278703,0.9544412,0.9598682,0.9608029,0.9615312,0.9757921,0.84046614,0.9630681,0.97207975,0.9584884,0.9553796,0.95546603,0.9553058,0.9573165,0.9654847,0.9673171,0.96432495,0.9668607,0.9613431,0.97129214,0.97157335,0.9651018,0.9585423,0.97160673,0.97112185,0.953279,0.9757921,0.9552801,0.9656852,0.9633124,0.95329183,0.9622498,0.96352017,0.97074634,0.9558467,0.9579507,0.9590074,0.9619136,0.9695488,0.97211826,0.96970016,0.9673528,0.9573367,0.968103,0.9567772,0.9740469,0.9044235,0.97239226,0.93291914,0.9719244,0.96114653,0.97477055,0.9675567,0.97625625,0.9669266,0.96355957,0.9707508,0.97400635,0.9609916,0.97111857,0.9716594,0.9615108,0.9719339,0.96189934,0.9483642,0.9681707,0.9582018,0.97010607,0.96380556,0.97231174,0.96213967,0.96623933,0.95236754,0.9701906,0.9585472,0.9815584,0.96553653,0.9570021,0.9540011,0.9631639,0.964392,0.9581209,0.96122855,0.9663309,0.96980506,0.97370344,0.9707526,0.96573526,0.94536084,0.97076905,0.97257155,0.96577734,0.9785905,0.9739503,0.96948946,0.9815584,0.9662409,0.9562518,0.9714675,0.965432
ahiddenlifefilm,0.9906033,0.978204,0.9853608,0.9817863,0.98267114,0.97821075,0.9857774,0.9815584,0.9999997,0.9797805,0.9858704,0.9769818,0.9826098,0.9859729,0.98347485,0.9841998,0.9795565,0.9789691,0.98775274,0.97484905,0.97648925,0.9847694,0.9892971,0.9820512,0.97023284,0.9227018,0.9813335,0.9852808,0.9865877,0.9761194,0.97701895,0.98158777,0.9796888,0.97481734,0.9751175,0.96515536,0.98359984,0.9817851,0.9839882,0.98043805,0.9815483,0.9832406,0.98342746,0.984619,0.9838442,0.98357975,0.98934066,0.9785012,0.9847929,0.98575515,0.98850566,0.98643786,0.985223,0.9757212,0.97260773,0.9823354,0.9817793,0.986265,0.9868973,0.9856557,0.97470343,0.98333573,0.9745754,0.98307824,0.9824381,0.9788517,0.9736172,0.97782576,0.9814301,0.97608054,0.98813725,0.8379603,0.9754956,0.982192,0.9703208,0.9715972,0.97206277,0.9797579,0.9766642,0.97341657,0.9835622,0.9834057,0.98363686,0.9757597,0.9849556,0.97892183,0.9771503,0.9833751,0.9818075,0.98793876,0.97405404,0.98813725,0.97346747,0.97979987,0.9835333,0.9768589,0.9789085,0.9829927,0.9834827,0.9737797,0.97823274,0.9766028,0.9794832,0.98486626,0.98026526,0.98603725,0.98451,0.9782462,0.9828107,0.9776929,0.9912539,0.92534024,0.9839752,0.9549351,0.9851065,0.98086184,0.9902753,0.980537,0.98820055,0.97703296,0.978338,0.98215705,0.9847352,0.9740244,0.9840353,0.9860511,0.9824917,0.9852633,0.98202866,0.96933883,0.98057914,0.97350615,0.9811958,0.98053515,0.9786416,0.9796416,0.9849144,0.9723954,0.98345244,0.9802927,0.9999997,0.9846326,0.9750886,0.9781756,0.98502815,0.983967,0.9821927,0.9764558,0.9871947,0.983441,0.9829278,0.9845185,0.98125255,0.96348226,0.981103,0.98805743,0.98036546,0.9871731,0.97468036,0.98244697,0.9999997,0.9837875,0.98052627,0.9869218,0.98098546
alitamovie,0.9726637,0.9523479,0.964707,0.9617884,0.9675526,0.96361625,0.9724146,0.97049165,0.9797805,0.99999994,0.97327024,0.95164233,0.9663254,0.9726737,0.96324784,0.9701322,0.9614086,0.9628252,0.97195876,0.95700574,0.9598474,0.9704281,0.9790654,0.9681683,0.9617882,0.88781875,0.96594936,0.96974105,0.9639619,0.9563975,0.9610072,0.9625904,0.9602895,0.9564292,0.94619954,0.9332561,0.9716931,0.96749514,0.96809894,0.96211356,0.97025436,0.9699381,0.9657407,0.9692337,0.9693464,0.9611613,0.9800289,0.9721293,0.967139,0.97091776,0.9646874,0.9628763,0.9759024,0.9511132,0.95677793,0.97307503,0.95999503,0.96676636,0.9750443,0.9721613,0.9692561,0.96825755,0.95705765,0.96720684,0.9537121,0.95252913,0.9601416,0.9574052,0.9716035,0.94815636,0.9696103,0.8201392,0.9509468,0.97356164,0.9593251,0.95904416,0.9414779,0.964608,0.9662356,0.9696001,0.9783626,0.97016364,0.9691742,0.9547245,0.96353114,0.96436054,0.965784,0.96579057,0.96592003,0.9709186,0.95610857,0.9696103,0.9599779,0.9603905,0.9668208,0.955953,0.9689334,0.96763813,0.96968776,0.96209604,0.9484339,0.9681968,0.9608048,0.96611094,0.9699048,0.961508,0.96769994,0.96182203,0.96560365,0.95512223,0.97202355,0.8890177,0.96730995,0.92184055,0.95966357,0.96766263,0.9735165,0.96260744,0.9798724,0.9608902,0.95943546,0.95334727,0.96617436,0.96273226,0.9657584,0.977369,0.96884996,0.96615046,0.9677963,0.9590141,0.960631,0.96228766,0.9603755,0.96158284,0.967021,0.96356195,0.96841246,0.9459535,0.96108663,0.958218,0.9797805,0.9614672,0.95476145,0.95881045,0.95969754,0.9637746,0.96913165,0.95523465,0.96732414,0.9574665,0.97305,0.9692986,0.9627124,0.9427532,0.9677287,0.9670453,0.9661452,0.9684968,0.9567039,0.9637739,0.9797805,0.9623944,0.96332604,0.9732923,0.96054834
angelhasfallen,0.9775692,0.9680414,0.97163904,0.9707098,0.96514285,0.9718287,0.975126,0.9665519,0.9858704,0.97327024,1.0000001,0.96188116,0.9725523,0.97337604,0.97094154,0.97671145,0.9643927,0.9621978,0.9763355,0.964675,0.96663165,0.9691133,0.9788519,0.96255076,0.9591971,0.90312386,0.9669125,0.9707412,0.96921086,0.96519977,0.9684327,0.9651431,0.96575373,0.954435,0.96016973,0.9522101,0.97209364,0.9739309,0.9693045,0.96344227,0.97024804,0.9725662,0.9704209,0.9734964,0.9716021,0.9727319,0.97743064,0.969406,0.9787404,0.9753817,0.96957123,0.97494173,0.9744385,0.95387447,0.9634329,0.9643249,0.96773696,0.974033,0.9749693,0.96813583,0.961214,0.9705616,0.95898885,0.9731489,0.9704164,0.9688054,0.97013044,0.9628901,0.9827736,0.9613009,0.9707329,0.8269154,0.959841,0.9728375,0.9631561,0.9589407,0.95550853,0.96799076,0.9658069,0.96378535,0.9835899,0.9759803,0.97471803,0.9663242,0.97505945,0.9714508,0.9734447,0.97197866,0.9733979,0.98163307,0.9601527,0.9707329,0.9655758,0.965122,0.9684316,0.97051495,0.97356844,0.97149765,0.97356987,0.9602741,0.96436685,0.96798,0.9629606,0.9675335,0.9683796,0.9651807,0.9745327,0.96840847,0.9734178,0.9626944,0.9787751,0.90779483,0.9701597,0.93776584,0.9719168,0.97800016,0.9782793,0.96858686,0.9784314,0.9650967,0.96317005,0.96709424,0.9724717,0.97015494,0.9721663,0.97717005,0.9684309,0.9709608,0.9708983,0.9669576,0.970943,0.9612073,0.966028,0.9682935,0.97012943,0.96911424,0.970789,0.95751375,0.97073966,0.9690031,0.9858704,0.97175986,0.9649481,0.9622375,0.9718985,0.9753829,0.9739531,0.9624784,0.97141314,0.97033066,0.971032,0.9734324,0.9747615,0.9523729,0.97133505,0.9769729,0.9693251,0.97141993,0.95849466,0.9676929,0.9858704,0.96807116,0.9665093,0.980488,0.96695447
angrybirdsmovie,0.96929616,0.9642731,0.9678321,0.95934445,0.9616505,0.9574391,0.9567841,0.9626707,0.9769818,0.95164233,0.96188116,0.9999999,0.96615195,0.9615151,0.95907974,0.9571077,0.95595664,0.9519382,0.96847016,0.94509995,0.95463943,0.9605939,0.96082956,0.95744145,0.9531511,0.9078343,0.9537959,0.96067154,0.9671009,0.96044236,0.95803076,0.9589321,0.955132,0.963251,0.96044666,0.9378268,0.959998,0.96186256,0.967345,0.95429677,0.9556455,0.9649745,0.95802057,0.9613905,0.961195,0.9644825,0.96663284,0.968996,0.96459067,0.9629979,0.9759064,0.9613657,0.96124357,0.95708585,0.9622968,0.96329665,0.96901304,0.97238195,0.95911664,0.95760375,0.94650155,0.9617609,0.9573513,0.9609386,0.964245,0.96441376,0.94291496,0.9540616,0.95040166,0.9618941,0.9658547,0.81209755,0.9634668,0.95839953,0.9573789,0.9447462,0.95698303,0.9518122,0.9541642,0.95541525,0.9632343,0.9574558,0.9603003,0.94796777,0.97817826,0.9576825,0.9551958,0.9642567,0.96335137,0.96338725,0.95014805,0.9658547,0.9492612,0.9496481,0.96837336,0.95263207,0.9608329,0.95872366,0.9582621,0.94506425,0.9649619,0.9511858,0.9552309,0.9642471,0.9625415,0.97393864,0.96141654,0.9576289,0.9667142,0.9508405,0.96698546,0.9217374,0.96535,0.9328578,0.9662274,0.9571339,0.9689206,0.9636685,0.96193737,0.9461895,0.9504927,0.9712716,0.9669413,0.95458394,0.9583935,0.9615967,0.9638846,0.9712299,0.95342624,0.9507251,0.9624455,0.9492075,0.96741635,0.950231,0.96295696,0.9580598,0.9646233,0.94715244,0.9692968,0.96069056,0.9769818,0.96615463,0.95779437,0.95597804,0.9604252,0.9577379,0.95094115,0.9635031,0.9676545,0.9617725,0.9607514,0.95813876,0.96324754,0.9350403,0.9561706,0.9667311,0.9586079,0.9736476,0.9563592,0.96611917,0.9769818,0.9606238,0.95017767,0.9681538,0.9624748
annabellemovie,0.97389436,0.961522,0.9753651,0.97302777,0.9687146,0.96449184,0.9683987,0.9615714,0.9826098,0.9663254,0.9725523,0.96615195,0.9999998,0.96873665,0.9689502,0.96793264,0.96667707,0.9662064,0.97629994,0.96514666,0.96021944,0.97326493,0.9763478,0.9664336,0.9552204,0.9062159,0.96387583,0.9711063,0.9786535,0.9605697,0.96830344,0.9638837,0.96709615,0.9626481,0.9612317,0.9393738,0.9697422,0.976778,0.9639276,0.9577726,0.97540027,0.97323704,0.97412705,0.9692959,0.97198254,0.9685376,0.9751749,0.9687766,0.95866627,0.9738217,0.9788131,0.9650972,0.97713786,0.96267635,0.9636705,0.9689628,0.973561,0.97141826,0.9740156,0.9690516,0.96446013,0.97663647,0.962473,0.9722001,0.96195495,0.9600787,0.9563879,0.96070373,0.9648783,0.96283776,0.9739344,0.82438105,0.9520596,0.9718755,0.9558821,0.9484789,0.95640004,0.965733,0.9638003,0.95455444,0.96849227,0.9710902,0.97913605,0.96076727,0.98343074,0.96082586,0.9645195,0.99012256,0.9680663,0.9737643,0.9580533,0.9739344,0.96453243,0.96267927,0.9743368,0.9548504,0.9628135,0.9708418,0.96489537,0.96185774,0.95967114,0.96421766,0.96272945,0.9729292,0.968187,0.9747755,0.96960056,0.9631793,0.9701953,0.95892787,0.97234094,0.91620326,0.97176504,0.9313626,0.9717305,0.96483856,0.9768414,0.96642023,0.975316,0.9610306,0.97172797,0.96563095,0.97400314,0.96315944,0.9690994,0.9707895,0.975591,0.9729188,0.9690002,0.9628041,0.9600721,0.9618516,0.97061545,0.96188575,0.9653391,0.96484554,0.97374165,0.9548623,0.96593857,0.9692835,0.9826098,0.9715375,0.95682406,0.97051847,0.9745205,0.96414083,0.9698226,0.9646379,0.9728336,0.9719394,0.96389705,0.97101754,0.9639694,0.9498012,0.9709417,0.96915245,0.96586716,0.96664625,0.96149886,0.96779,0.9826098,0.9743238,0.96396345,0.9685171,0.97017545
annamovie,0.9793397,0.9700302,0.97353286,0.9637317,0.9728736,0.97348094,0.9747329,0.97347444,0.9859729,0.9726737,0.97337604,0.9615151,0.96873665,0.99999976,0.97253114,0.9736039,0.9731173,0.9686415,0.97367805,0.96439755,0.97346926,0.9713405,0.9794009,0.97358906,0.9539545,0.90394884,0.9672669,0.97720677,0.9733357,0.9627731,0.9630003,0.96392804,0.96295315,0.97029674,0.9676534,0.94236374,0.9753425,0.97136134,0.9743738,0.975871,0.9673455,0.97411853,0.9704459,0.97420484,0.97227263,0.96950376,0.98166895,0.9674895,0.9719181,0.97547305,0.9750635,0.9756559,0.9742972,0.9638547,0.9614849,0.97514683,0.9659981,0.9756609,0.9751715,0.9718451,0.9606112,0.96989226,0.96608555,0.97893804,0.96964943,0.96927583,0.96596956,0.9663991,0.9673004,0.96201754,0.97829014,0.8046788,0.9694768,0.9783811,0.9658919,0.95930916,0.9560312,0.9691728,0.96212703,0.96291405,0.97517467,0.96819746,0.97133833,0.96790326,0.97471154,0.97207415,0.962041,0.9680796,0.97684336,0.9786923,0.9617574,0.97829014,0.9649654,0.9665279,0.9733769,0.9630804,0.9693062,0.9744704,0.97196734,0.9727019,0.9614332,0.96946186,0.9688277,0.97641665,0.9769857,0.97298634,0.9740079,0.96768427,0.97615325,0.96490115,0.9782816,0.90984505,0.97146875,0.9403319,0.9690416,0.9727706,0.97685766,0.9747504,0.9788789,0.9646009,0.9684381,0.96654254,0.9698903,0.9667029,0.97505116,0.9764074,0.971565,0.9766093,0.9741095,0.9576525,0.97165805,0.9634351,0.9669497,0.97291183,0.96616435,0.96739835,0.9726881,0.9569073,0.97406656,0.96518934,0.9859729,0.9682185,0.9580036,0.96192586,0.9692227,0.97055435,0.9677232,0.96880394,0.977112,0.96725357,0.9748799,0.97168803,0.96713513,0.9456818,0.96801466,0.97353995,0.9678195,0.9753173,0.96368855,0.9719516,0.9859729,0.9733515,0.96745205,0.9778836,0.96453416
apollo11movie,0.9758216,0.96308833,0.9685617,0.96592957,0.969976,0.9687494,0.972822,0.96185684,0.98347485,0.96324784,0.97094154,0.95907974,0.9689502,0.97253114,0.99999976,0.9679298,0.9615807,0.95913976,0.9783794,0.9818333,0.9710751,0.97328216,0.97181565,0.97339857,0.9426555,0.8979898,0.9665181,0.9677713,0.9739718,0.96307003,0.9663737,0.96153593,0.95729226,0.9652533,0.95967627,0.9503424,0.9759985,0.963763,0.9713959,0.9670794,0.96041554,0.9660183,0.9687195,0.96907663,0.96653885,0.9707199,0.9748479,0.9614026,0.96922684,0.9695813,0.97751343,0.9673495,0.97277486,0.95622796,0.9536252,0.968595,0.97301966,0.9751857,0.96749705,0.96752656,0.9533018,0.96276534,0.9662211,0.9696427,0.9641224,0.9725235,0.9620417,0.95728743,0.96339035,0.9680515,0.9698481,0.80364436,0.9609956,0.9705503,0.95600307,0.9550513,0.95318824,0.9691324,0.95567834,0.960439,0.9651541,0.96578133,0.966033,0.96921104,0.96875715,0.9553164,0.9594368,0.97607726,0.9597792,0.9702799,0.96169287,0.9698481,0.9676264,0.9697,0.97440076,0.9743764,0.9627073,0.9780075,0.9659209,0.95148265,0.96986115,0.95612943,0.9687147,0.9656733,0.96395874,0.9738993,0.9740336,0.9679937,0.9600052,0.95930016,0.97700495,0.91237587,0.9669481,0.94507,0.973314,0.9643477,0.97664195,0.9639525,0.9721965,0.9605522,0.96522886,0.9659736,0.9680664,0.9613736,0.9707806,0.9685938,0.9635766,0.97123003,0.96616256,0.9518538,0.96677506,0.95589,0.96648264,0.969604,0.96562487,0.9690051,0.967337,0.9520394,0.9652247,0.9673009,0.98347485,0.9739927,0.96372694,0.96388316,0.97014505,0.96657294,0.96723884,0.9575954,0.97448117,0.96481293,0.9699615,0.9678995,0.96341205,0.94506615,0.9631583,0.96832556,0.96891016,0.9700996,0.9585319,0.96297556,0.98347485,0.9672614,0.9636001,0.9702687,0.9698069
arcticdogsmovie,0.975863,0.9727947,0.9708469,0.9644925,0.9714358,0.9664934,0.9769163,0.9651054,0.9841998,0.9701322,0.97671145,0.9571077,0.96793264,0.9736039,0.9679298,1.0000001,0.96608317,0.9674155,0.97004086,0.95520717,0.96783173,0.96826893,0.9738731,0.967422,0.96355784,0.9061629,0.9671384,0.97663945,0.9697493,0.9671508,0.96207446,0.9682347,0.96423584,0.95831007,0.95437956,0.945071,0.9750911,0.9675437,0.97086537,0.9689264,0.9705932,0.9668668,0.96715516,0.9661031,0.9724207,0.9696835,0.9737703,0.9615009,0.9726182,0.97129714,0.9708332,0.9761537,0.96861935,0.9542303,0.95452374,0.965718,0.9590264,0.9685602,0.9688626,0.9686984,0.95927566,0.967498,0.96452826,0.96811426,0.9643655,0.9653432,0.95248824,0.96600527,0.96613663,0.9576748,0.9687189,0.81982654,0.95471764,0.9697171,0.95688367,0.9621772,0.9523038,0.96562433,0.95217997,0.95667326,0.96899134,0.9726734,0.96982074,0.96246773,0.97085536,0.9676666,0.960615,0.96905357,0.968717,0.975268,0.96324855,0.9687189,0.9633091,0.96253705,0.9691004,0.96360093,0.9688462,0.972481,0.9745761,0.961629,0.9640739,0.973533,0.96123505,0.9656962,0.9642665,0.9675214,0.97491777,0.97420394,0.9733043,0.9661658,0.9736704,0.906515,0.9679539,0.9252037,0.9665399,0.9692151,0.9765091,0.9645285,0.9705069,0.9707828,0.96290195,0.963825,0.97393227,0.96151197,0.970873,0.97040844,0.97180986,0.9640388,0.9729676,0.9464512,0.96880746,0.9674347,0.96718866,0.9655743,0.96147484,0.96797913,0.96787757,0.96260166,0.96380013,0.96294725,0.9841998,0.96604335,0.96025157,0.956417,0.97167253,0.97492117,0.9661385,0.95546633,0.9708453,0.9658345,0.97267616,0.9683528,0.9645905,0.9509517,0.9671019,0.97072667,0.96660465,0.9675589,0.9616024,0.964752,0.9841998,0.9720499,0.97193134,0.9714764,0.959923
arcticmovie,0.96665746,0.964092,0.9661122,0.952044,0.9742511,0.96372783,0.9703739,0.96724296,0.9795565,0.9614086,0.9643927,0.95595664,0.96667707,0.9731173,0.9615807,0.96608317,1.0000002,0.97181153,0.963482,0.95665574,0.96196294,0.9692438,0.97162914,0.9676636,0.9597279,0.89407605,0.96490073,0.97624075,0.96917796,0.94418406,0.9682042,0.9611579,0.96443313,0.9542917,0.94915986,0.9346628,0.9698903,0.95737827,0.96566886,0.9562476,0.96291304,0.9683412,0.9684116,0.9662217,0.9707124,0.96236247,0.97097224,0.95816106,0.96185136,0.9726593,0.9676717,0.9667471,0.9702383,0.9684704,0.95863974,0.9730432,0.9650809,0.9737961,0.97534883,0.96867734,0.96021587,0.9735434,0.9634654,0.96879685,0.9568047,0.9560938,0.9563118,0.9614202,0.964999,0.94889826,0.97228163,0.806413,0.9618772,0.9650355,0.9429594,0.95340365,0.946201,0.9645592,0.9506483,0.9526946,0.9637606,0.97059464,0.9725538,0.9559038,0.96869236,0.9678032,0.95183605,0.96123934,0.96370435,0.9745121,0.9567041,0.97228163,0.96223754,0.9695216,0.9568374,0.9483129,0.96440405,0.96121776,0.96541786,0.9576828,0.95196766,0.96017694,0.95963824,0.96546185,0.96220636,0.964441,0.9655226,0.94920963,0.96739596,0.9530435,0.9698149,0.8856285,0.9724603,0.9339544,0.9674101,0.9565725,0.9691837,0.965226,0.9723837,0.9597506,0.96300477,0.97286475,0.97159934,0.95075995,0.9695046,0.9716052,0.9654258,0.97069234,0.96764827,0.96111935,0.95984423,0.9645041,0.9858236,0.9614491,0.9603029,0.9550614,0.96587217,0.94336903,0.9730995,0.9628917,0.9795565,0.9649646,0.947767,0.95323145,0.9688079,0.9580296,0.96949625,0.95861685,0.96901685,0.96216655,0.9625246,0.96619886,0.9606294,0.95332897,0.96265435,0.968188,0.955337,0.9643149,0.96296597,0.972606,0.9795565,0.96167725,0.95983124,0.96580654,0.95416003
artofracingmovie,0.97010446,0.9656597,0.9675843,0.9564771,0.9791464,0.96448165,0.9675209,0.9630874,0.9789691,0.9628252,0.9621978,0.9519382,0.9662064,0.9686415,0.95913976,0.9674155,0.97181153,1.0000004,0.9643524,0.9567776,0.9575125,0.96669126,0.97067606,0.95969033,0.95311135,0.89767575,0.9698028,0.96964604,0.97109747,0.94963044,0.95179546,0.97185636,0.96298766,0.9543262,0.9529912,0.9451932,0.96876186,0.9591995,0.9607883,0.9654488,0.96268594,0.9640953,0.9730801,0.966819,0.96306676,0.9630048,0.9706786,0.95333207,0.96553683,0.97045046,0.96897817,0.96596974,0.97021395,0.9575299,0.953934,0.9743949,0.9644961,0.96435755,0.9695507,0.9684871,0.96444696,0.9631496,0.95462567,0.96077496,0.95713556,0.95016235,0.96355337,0.9620843,0.9619163,0.9567954,0.9705312,0.8168195,0.9566983,0.9657105,0.9458528,0.9472588,0.9398013,0.9611575,0.9516465,0.948958,0.96179706,0.95938545,0.9614275,0.94986194,0.9600106,0.9602752,0.9531341,0.96491957,0.96036273,0.9708469,0.9614483,0.9705312,0.9567151,0.9633322,0.9651628,0.9497619,0.9664492,0.96600634,0.96549267,0.96589285,0.95680135,0.96363264,0.95798683,0.96617025,0.95822364,0.96648383,0.9665965,0.953016,0.95916206,0.95613575,0.97026294,0.8940018,0.97085315,0.9359452,0.9646698,0.95419496,0.9705467,0.9553326,0.9705417,0.9617616,0.95822644,0.9674685,0.96368736,0.9627366,0.9706019,0.9712686,0.96293145,0.95559615,0.96586496,0.95520985,0.9610552,0.96233696,0.9680362,0.95899165,0.9554959,0.95752424,0.96551275,0.95395774,0.96587914,0.9715876,0.9789691,0.96492106,0.952776,0.9639847,0.9681236,0.9624073,0.9699803,0.96132594,0.9677892,0.96166295,0.95990497,0.9682386,0.9651177,0.94752884,0.96623564,0.96815604,0.9572126,0.9710878,0.95423704,0.9636355,0.9789691,0.96510994,0.96372813,0.96349657,0.9563982
avengers,0.98285425,0.968645,0.97521764,0.9693983,0.9706437,0.96716195,0.9728886,0.96846735,0.98775274,0.97195876,0.9763355,0.96847016,0.97629994,0.97367805,0.9783794,0.97004086,0.963482,0.9643524,1.0000001,0.9675878,0.96805304,0.9787068,0.98117846,0.97115344,0.95014775,0.89860904,0.97185147,0.9754207,0.97890854,0.9659017,0.9768963,0.9718226,0.9683647,0.9660491,0.9664595,0.9461721,0.97514206,0.97262394,0.9697571,0.97127753,0.97585714,0.9747735,0.9681904,0.9771312,0.9733652,0.9713848,0.9827021,0.97310615,0.97298324,0.9750399,0.98298675,0.97640175,0.9712037,0.96705264,0.963838,0.9715046,0.9703122,0.9800184,0.97176665,0.9740209,0.9685708,0.96773446,0.969985,0.9715974,0.9743357,0.9667599,0.9603767,0.9662374,0.97128826,0.96356004,0.9755252,0.823453,0.95953256,0.9764098,0.95750237,0.95511836,0.9581313,0.9667378,0.9696015,0.97008055,0.97329414,0.9714313,0.9708946,0.96541977,0.98002636,0.96766454,0.96705204,0.9760909,0.9667782,0.9768485,0.956186,0.9755252,0.9622774,0.97068167,0.9807166,0.96637905,0.9671929,0.9712653,0.9676249,0.9627869,0.96750367,0.96754175,0.9678693,0.9757709,0.9730554,0.9807333,0.97810674,0.96979845,0.9690382,0.96942586,0.98230547,0.9140221,0.9737895,0.9406641,0.97622645,0.9727423,0.9765674,0.97026616,0.9747952,0.9610779,0.9669781,0.9713076,0.97805643,0.9654981,0.9715752,0.9749308,0.9712995,0.98081934,0.9691365,0.96333843,0.97127277,0.9568869,0.9653527,0.9645277,0.972192,0.96883667,0.97267747,0.9633385,0.97312117,0.96701986,0.98775274,0.9761441,0.9657056,0.96620476,0.9695949,0.9761739,0.96989286,0.9675727,0.97303236,0.9728276,0.970381,0.9718478,0.9667804,0.95681137,0.9656627,0.97441363,0.97280663,0.97418547,0.96380174,0.9741732,0.98775274,0.97702026,0.9716767,0.97554755,0.97812164
beachbummovie,0.9662608,0.95795405,0.9621452,0.9612888,0.9668048,0.9620411,0.9654617,0.9578865,0.97484905,0.95700574,0.964675,0.94509995,0.96514666,0.96439755,0.9818333,0.95520717,0.95665574,0.9567776,0.9675878,1.0000002,0.95502967,0.9726531,0.96868175,0.96914387,0.9394129,0.8911473,0.961037,0.9592326,0.9635413,0.9459925,0.9501414,0.95758283,0.94937533,0.94916356,0.95524305,0.944776,0.9651336,0.9599521,0.9604968,0.95376503,0.95458,0.9598734,0.9623291,0.9625387,0.96233094,0.9665759,0.9701301,0.95665056,0.9582923,0.9632815,0.9694531,0.95962065,0.9639729,0.94518644,0.9476783,0.96347946,0.96299475,0.9656233,0.95653296,0.9613335,0.9518594,0.95254475,0.9570153,0.96178716,0.95583135,0.9666437,0.9539746,0.9506342,0.9572947,0.96420676,0.96308625,0.8146597,0.95240843,0.9642149,0.95232826,0.9493575,0.93906283,0.95884025,0.95022833,0.9547606,0.96061134,0.95592314,0.95803523,0.95903474,0.9625659,0.9484901,0.9487419,0.96782535,0.9545785,0.9639943,0.94984895,0.96308625,0.95839095,0.95783335,0.96390295,0.9554814,0.95639086,0.9768777,0.9593294,0.94875026,0.9551448,0.9512949,0.9613137,0.9545576,0.95658517,0.96330416,0.960665,0.9545776,0.95158905,0.94890326,0.96814924,0.9113574,0.9613482,0.9403398,0.9721966,0.96201205,0.97211754,0.95732653,0.9677236,0.95818835,0.9525079,0.9625676,0.95822096,0.95919055,0.9593694,0.9587291,0.95185536,0.962991,0.9599951,0.945079,0.9463593,0.9495649,0.9582265,0.9643599,0.95844597,0.9495769,0.9576011,0.94753736,0.9575272,0.9691979,0.97484905,0.9632197,0.9472535,0.9601607,0.9671493,0.9590566,0.966487,0.9492196,0.9633607,0.96098536,0.9600627,0.9602061,0.95635766,0.9469744,0.9638355,0.9625319,0.9645848,0.95927674,0.9470229,0.954967,0.97484905,0.9583848,0.95553887,0.9619851,0.96426964
bernadettefilm,0.9709992,0.9660709,0.97047305,0.960151,0.964879,0.9637947,0.9668577,0.96413887,0.97648925,0.9598474,0.96663165,0.95463943,0.96021944,0.97346926,0.9710751,0.96783173,0.96196294,0.9575125,0.96805304,0.95502967,0.99999994,0.96670395,0.9673256,0.96750224,0.9406472,0.89497054,0.9624725,0.9661001,0.9703264,0.96177447,0.96328485,0.96141255,0.95668024,0.9615345,0.94963735,0.92308414,0.9727499,0.9630908,0.97047883,0.96716267,0.9573484,0.96388036,0.9598812,0.96094126,0.9639188,0.9581783,0.9704677,0.9598426,0.970798,0.9641836,0.97052485,0.9740902,0.962931,0.9553357,0.9515109,0.96267265,0.9599426,0.96976066,0.9682034,0.9622717,0.94971365,0.9672887,0.9638635,0.9647708,0.9634662,0.9560792,0.9562116,0.9682859,0.9504154,0.9527147,0.96454275,0.8082003,0.9532598,0.9647113,0.9504076,0.9460318,0.9439618,0.9617016,0.9567068,0.94863385,0.960816,0.96380705,0.96180856,0.9631142,0.97049737,0.96204746,0.95831966,0.96086764,0.96208584,0.9732292,0.9523852,0.96454275,0.9518757,0.9624364,0.9686877,0.9541532,0.9563868,0.97053915,0.96536076,0.95319915,0.9589224,0.9523554,0.96541935,0.9618294,0.9675167,0.9702831,0.97261566,0.9666253,0.9674515,0.96108896,0.9692951,0.8947502,0.9650386,0.9181345,0.968434,0.9615988,0.97356373,0.96182394,0.96459067,0.95474964,0.95211786,0.96203583,0.9698673,0.95841336,0.9697721,0.9675788,0.9608637,0.9706612,0.9648994,0.9447394,0.98319685,0.95712537,0.96102595,0.9571823,0.9579482,0.96363336,0.9639588,0.9513944,0.9580765,0.9593172,0.97648925,0.97004694,0.95824057,0.9533249,0.9577759,0.9682241,0.9575207,0.95151365,0.97400737,0.9668778,0.97019833,0.9644737,0.96215755,0.9467895,0.95523787,0.9644596,0.9597512,0.96638983,0.9591141,0.9603704,0.97648925,0.96624297,0.9596567,0.9635771,0.96275175
