movie,21bridgesmovie,47metersdown,abeautifuldaymovie,abominablemovie,adastramovie,adogsjourneymovie,aftermathmovie,aftermovie,ahiddenlifefilm,alitamovie,angelhasfallen,angrybirdsmovie,annabellemovie,annamovie,apollo11movie,arcticdogsmovie,arcticmovie,artofracingmovie,avengers,beachbummovie,bernadettefilm,blackandbluemovie,blackchristmas,blindedbythelightmovie,bombshellmovie,booksmart,breakthroughmovie,brianbanksmovie,brightburnmovie,brittanyrunsmov,captainmarvelofficial,captivestatemovie,catsmovie,charliesangels,childsplaymovie,clarathefilm,coldpursuitmovie,countdown,currentwarmovie,darkwatersmovie,detectivepikachumovie,disneyaladdin,disneyfrozen,disneymaleficent,doctorsleepmovie,dolemiteismyname,dontletgomovie,doramovie,downtonabbey_official,dumbo,escaperoom,everybodyknowsmovie,fastandfuriousmovie,fightingwmyfam,fivefeetapartfilm,fordvferrari,freaksthefilm,geminimanmovie,glassmovie,gloriabellmovie,godzillamovie,goldfinchmovie,goodboysmovie,goodliarmovie,gretafilm,halathemovie,happydeathdaymovie,harrietfilm,hellboymovie,hersmellmovie,highlifemovie,highstrungmovie,honeyboymovie,hotelmumbaifilm,httydragon,hustlemovie,hustlersmovie,isntitromantic,itmovieofficial,jayandsilentbob,johnwickmovie,jojorabbitmovie,jokermovie,judythefilm,jumanjimovie,justmercyfilm,knivesout,lalloronamovie,lastblackmansf,lastchristmasthemovie,latenightmovie,lighthousemovie,lionking,littlethemovie,littlewomenmovie,littlewoodsfilm,longshotmovie,lordsofchaosmovie,lucyintheskyfilm,mamovie2019,marriagestory,meettheaddams,meninblack,midsommarmovie,midwaymovie,missbalamovie,missinglinkfilm,motherlessbklyn,onceinhollywood,onthebasisofsex,overcomermovie,peanutbutterfalcon,petsematarymovie,piercingmovie,playingwithfire,playmobilthemovie,pomsmovie,queenandslim,rambomovie,readyornotfilm,richardjewellfilm,rocketmanmovie,scarystoriesmovie,secretlifeofpets,serenityfilm,shaftmovie,shazammovie,spidermanmovie,spiesindisguise,starwars,stormboymovie,stubermovie,taosdfilm,teenspiritmov,terminator,theaeronautsmov,thebestofenemies,thedeaddontdie,thefarewell,thehighwaymen,thehummingbirdprojectfilm,theintrudermovie,theirishmanfilm,thekitchenmovie,thelegomovie,themustangfilm,thenightingalefilm,theprodigymovie,thesunisalsoastar,theupsidefilm,tolkienmovie,toystory,triplefrontier,uglydolls,uncutgems,underthesilverlake,usmovie,wavesmovie,whatmenwant,wonderparkmovie,wrinklestheclown,xmenmovies,yardiefilm,yesterdaymovie,zombieland
21bridgesmovie,1.0000001,0.97949076,0.9854112,0.9782848,0.98379123,0.9713524,0.98269254,0.98555106,0.9924629,0.9832998,0.9847802,0.9829846,0.9796313,0.98542804,0.9834148,0.98062664,0.98332167,0.98657995,0.9856238,0.9800771,0.9804083,0.98296756,0.98674804,0.9836524,0.9840389,0.81729513,0.9789526,0.977477,0.9867033,0.9797225,0.97718996,0.98326766,0.97381264,0.9793604,0.95969325,0.94114864,0.98747563,0.9853556,0.98700076,0.98390794,0.9839317,0.9725301,0.978229,0.9828835,0.9831259,0.98334736,0.985295,0.98167515,0.97690856,0.9814827,0.987228,0.98362947,0.9787196,0.97774243,0.9753333,0.9839349,0.979017,0.98311394,0.98250794,0.97760606,0.9818073,0.98259926,0.982352,0.982967,0.98389435,0.9749537,0.98065436,0.9760858,0.9804714,0.97316927,0.9855216,0.71134603,0.9639498,0.98542625,0.96909386,0.97630924,0.9072305,0.97869575,0.9740011,0.97025,0.9857259,0.9832178,0.9838741,0.9754479,0.9848271,0.9782389,0.9763837,0.9837274,0.98045725,0.9819921,0.9771337,0.9855216,0.97566557,0.976632,0.98461485,0.9785303,0.978049,0.98173565,0.97714883,0.98224974,0.9786828,0.98134834,0.9828634,0.9842913,0.9916911,0.9850591,0.9840894,0.98417276,0.97714436,0.9772505,0.98136705,0.84750444,0.98574585,0.9351132,0.97952425,0.98974276,0.9963062,0.9738292,0.98767424,0.9836547,0.98116636,0.98605186,0.9777013,0.9718305,0.9860907,0.98424894,0.9783782,0.97970283,0.9853339,0.96043336,0.97560036,0.9815187,0.9885954,0.9749907,0.9850177,0.97584283,0.9935647,0.9675526,0.98732054,0.9822571,0.9924629,0.98204094,0.97518456,0.9859904,0.98425215,0.9845308,0.9818334,0.97488725,0.98155934,0.9823854,0.9788919,0.9795787,0.985919,0.9712928,0.9706572,0.9766932,0.9748053,0.9790994,0.982878,0.98312443,0.9924629,0.97093636,0.98814344,0.9826996,0.9886956
47metersdown,0.97949076,0.9999997,0.9827012,0.9708248,0.98238045,0.9773133,0.984685,0.980834,0.98545015,0.97385776,0.98167354,0.9668137,0.97509897,0.97580475,0.98190963,0.9795534,0.9744105,0.9840924,0.9838434,0.9694657,0.97842336,0.97594297,0.97648907,0.97058725,0.9781566,0.8298275,0.9726272,0.9709144,0.98259205,0.97462034,0.9752812,0.97468704,0.9651277,0.9720937,0.9588953,0.9355859,0.97219986,0.9624152,0.9792119,0.9805635,0.98530716,0.95808583,0.96428114,0.9646068,0.9742087,0.9711142,0.9764631,0.971428,0.97616976,0.96912485,0.9811809,0.98317564,0.97537994,0.9766925,0.9680943,0.9737218,0.9636851,0.9733251,0.97740626,0.9804674,0.9750957,0.978008,0.975289,0.97407484,0.97663915,0.9599132,0.97021383,0.9805156,0.9791394,0.9520779,0.9795864,0.7073719,0.95966494,0.9801357,0.95281965,0.9730921,0.90816194,0.9723262,0.9712483,0.96963257,0.98015,0.9752749,0.98239887,0.97923416,0.9814513,0.96371317,0.9642056,0.9812514,0.97401965,0.9757087,0.97509813,0.9795864,0.97130907,0.9729488,0.97574836,0.9777903,0.9754495,0.9681526,0.97854984,0.9707179,0.96991616,0.9751586,0.96847606,0.9846422,0.9818206,0.9816311,0.9777867,0.97940123,0.97308666,0.96710646,0.9773229,0.8529745,0.97892636,0.933583,0.98070914,0.9791039,0.97616816,0.970739,0.9755832,0.9886979,0.9762152,0.9781351,0.9826108,0.97790986,0.9832512,0.9770398,0.97383845,0.9725313,0.9715104,0.949773,0.97377056,0.9780621,0.9817808,0.9666048,0.9789348,0.9762815,0.9757009,0.9678535,0.980719,0.96816695,0.98545015,0.97845817,0.9714221,0.9779069,0.9821648,0.9856704,0.9701912,0.9663389,0.9706118,0.97664416,0.9773258,0.9720897,0.9793528,0.96566284,0.9611591,0.97278136,0.9772209,0.97079206,0.97973686,0.98171014,0.98545015,0.9717782,0.98327243,0.9804971,0.9845609
abeautifuldaymovie,0.9854112,0.9827012,1.0,0.9793329,0.98295814,0.9763792,0.98582596,0.9835786,0.992113,0.9796858,0.9806437,0.97945184,0.98102933,0.98443,0.9909889,0.98669755,0.9803281,0.98642766,0.98089164,0.9852035,0.9870849,0.98465145,0.98883605,0.9755139,0.97957176,0.8099299,0.9833054,0.9752473,0.99354506,0.97412074,0.9722504,0.9852142,0.9838322,0.980206,0.9709783,0.94870687,0.9855044,0.9750379,0.9845979,0.98579526,0.9830102,0.97829777,0.9718444,0.9806584,0.98611706,0.97354615,0.98820484,0.9796819,0.9794371,0.98532045,0.9924371,0.9886215,0.9837993,0.9771905,0.96476835,0.9746612,0.97645116,0.98837596,0.9797138,0.98837656,0.98365754,0.97192407,0.98339295,0.9903163,0.98339546,0.96953183,0.98186255,0.98750067,0.9788128,0.9554589,0.9855073,0.70164573,0.9600405,0.9863583,0.9710018,0.97752506,0.9154327,0.9840475,0.9803887,0.9799491,0.98560035,0.9818886,0.98634875,0.9902564,0.98466945,0.9673844,0.96894056,0.98488575,0.9779297,0.9855195,0.9695953,0.9855073,0.98134845,0.98366255,0.9853349,0.9862935,0.9807647,0.97783315,0.9808867,0.97944814,0.9743176,0.9800684,0.9803126,0.9863254,0.97957337,0.9909895,0.9852835,0.9877397,0.99014425,0.97706205,0.9883038,0.85532933,0.9820054,0.95019317,0.9830759,0.98396724,0.9863239,0.9847775,0.9866895,0.98487294,0.9808676,0.9881541,0.9732849,0.9809322,0.9878467,0.981374,0.98380065,0.98239225,0.9789669,0.9523009,0.9824401,0.9767506,0.9881816,0.97328496,0.9855283,0.97884244,0.9854951,0.9840259,0.9857388,0.9778031,0.992113,0.9904157,0.9759739,0.98722833,0.98713297,0.9881432,0.981931,0.9802661,0.9822685,0.9775371,0.98465735,0.9888475,0.9844728,0.9692646,0.9701193,0.9808754,0.9868282,0.9796073,0.9842373,0.9794017,0.992113,0.979083,0.9878128,0.99009496,0.99038297
abominablemovie,0.9782848,0.9708248,0.9793329,0.99999994,0.9770172,0.97666657,0.97907066,0.9834954,0.9875489,0.974523,0.9810277,0.97267455,0.9788887,0.9798499,0.9809464,0.98058945,0.9799479,0.981398,0.97563976,0.97409165,0.97619957,0.9790132,0.9790752,0.9750093,0.9733663,0.8172625,0.97328806,0.96807194,0.98037636,0.9652403,0.97151864,0.97586715,0.9739333,0.97656614,0.9532022,0.9363074,0.97828,0.98369735,0.9808298,0.9788716,0.9812627,0.98766816,0.9800534,0.9851908,0.97972053,0.969895,0.9755416,0.9804608,0.97379506,0.98695666,0.98485756,0.98338586,0.9708914,0.97776425,0.9764948,0.9733814,0.9675628,0.9798174,0.98495626,0.977394,0.9860261,0.97644174,0.97944194,0.9771731,0.96990275,0.984134,0.9759186,0.97441405,0.98100996,0.9586282,0.9823073,0.7196727,0.9553696,0.9817507,0.96184933,0.9731624,0.902334,0.9740944,0.97307926,0.9707427,0.97918487,0.9804516,0.9791876,0.97497517,0.9878674,0.9679618,0.97982144,0.9816739,0.97758174,0.9855639,0.97599906,0.9823073,0.96578455,0.9846102,0.9863449,0.9773527,0.9779192,0.9721245,0.9721222,0.96843904,0.9740627,0.96948606,0.97875506,0.98050684,0.97844297,0.9831953,0.9744703,0.98397285,0.9709735,0.96585137,0.9856711,0.8297524,0.97760123,0.9299774,0.9702319,0.9805815,0.98001945,0.96709484,0.9812074,0.9777681,0.97265756,0.9746497,0.9688203,0.9669081,0.9842923,0.98310983,0.9785714,0.97754556,0.9826771,0.95681447,0.9775872,0.9758357,0.9837925,0.96570706,0.9762893,0.96758,0.97958237,0.973117,0.9825816,0.978861,0.9875489,0.9789604,0.97607356,0.9817452,0.96791214,0.9829239,0.9764465,0.98082906,0.97623754,0.9706298,0.97632825,0.98122805,0.9776938,0.9495486,0.97005224,0.9848924,0.9701771,0.9764702,0.98483884,0.9785295,0.9875489,0.97067505,0.9764443,0.9803394,0.98214245
adastramovie,0.98379123,0.98238045,0.98295814,0.9770172,0.9999999,0.97558004,0.9849296,0.9813692,0.9906464,0.98694974,0.9738481,0.9805494,0.9788652,0.990576,0.982065,0.98037624,0.9809584,0.9887697,0.98389554,0.9799824,0.9767275,0.9803877,0.9859258,0.9799157,0.9840813,0.8179369,0.9861953,0.9762612,0.97934294,0.98096114,0.9807463,0.98665845,0.9711393,0.9746566,0.95878637,0.94650316,0.98481876,0.9726769,0.98666734,0.9825701,0.98522925,0.9751197,0.97809756,0.9823666,0.9813781,0.9807918,0.9855635,0.9803093,0.9784881,0.98349315,0.98378676,0.9885934,0.9833764,0.985801,0.9715656,0.9871977,0.96847886,0.9791508,0.9905265,0.9809343,0.9839762,0.98112875,0.9785858,0.98152655,0.98134714,0.9732987,0.9799426,0.98762214,0.9788613,0.9745852,0.98270273,0.6816742,0.9653172,0.987098,0.96282977,0.9814358,0.9084838,0.9797805,0.9800467,0.97395533,0.97916883,0.9822229,0.98194337,0.9767452,0.98022133,0.96158546,0.9671541,0.9882968,0.97896993,0.9809579,0.9824077,0.98270273,0.9775421,0.977342,0.9829243,0.97451735,0.97430074,0.9774594,0.9796635,0.9833611,0.98000115,0.98322946,0.9709588,0.9840915,0.983615,0.9840089,0.9849644,0.9820981,0.97607124,0.9825408,0.98700434,0.8550995,0.9819097,0.94333285,0.97539985,0.9802099,0.98262084,0.97600716,0.98174363,0.98806685,0.98059255,0.97959083,0.98190403,0.9730922,0.980991,0.9861942,0.97598666,0.97595847,0.98882085,0.9641406,0.9768985,0.9849234,0.98175466,0.96661544,0.9815754,0.98173743,0.9804174,0.9753822,0.9873265,0.98531747,0.9906464,0.97439146,0.9804761,0.98589975,0.9812753,0.9845002,0.9782706,0.96934706,0.98005307,0.9766691,0.9799533,0.9786929,0.9875602,0.9645398,0.9781386,0.9767488,0.97556865,0.97640973,0.9803574,0.9754574,0.9906464,0.97490156,0.98499703,0.98303634,0.9841864
adogsjourneymovie,0.9713524,0.9773133,0.9763792,0.97666657,0.97558004,1.0000001,0.9748556,0.97459686,0.98424536,0.97085965,0.972319,0.9744459,0.95802873,0.976312,0.9709914,0.96337,0.9599676,0.9744001,0.9803489,0.9669348,0.97482824,0.97839975,0.9797678,0.9751701,0.9714107,0.83169717,0.9736353,0.95994824,0.9792884,0.95945925,0.9736242,0.9743914,0.96282476,0.9733106,0.95525205,0.9478302,0.9800897,0.96143675,0.98442155,0.9825444,0.9739266,0.96588016,0.9780764,0.9720465,0.9624322,0.9785671,0.9794874,0.97380483,0.9799136,0.9751324,0.9814708,0.9852795,0.9691356,0.9786628,0.95707494,0.96161085,0.96579933,0.9707582,0.975006,0.9798854,0.9707102,0.97090185,0.9718353,0.96914256,0.9720172,0.96620804,0.968037,0.97366136,0.9718098,0.96043205,0.97758526,0.7018133,0.9654859,0.9735162,0.96372914,0.9620631,0.90599877,0.9579906,0.96989363,0.98084503,0.9739684,0.9756774,0.9742343,0.9749799,0.9816496,0.95856136,0.9721615,0.9753223,0.9780467,0.9723929,0.97409993,0.97758526,0.97224253,0.9798567,0.9816022,0.97077715,0.9729897,0.963605,0.9718092,0.97986037,0.9823467,0.9696512,0.9812137,0.97657734,0.9767871,0.9799029,0.96829724,0.97365886,0.96613955,0.9741921,0.9766923,0.8326609,0.9744123,0.9354324,0.97408795,0.9721562,0.971709,0.9835551,0.97138226,0.9732715,0.966636,0.9720748,0.9701947,0.9809343,0.97496444,0.9742059,0.9788211,0.9838139,0.9758414,0.96496457,0.9672943,0.97188044,0.97067183,0.96665037,0.9775251,0.96579075,0.9741324,0.97051936,0.98210454,0.9711659,0.98424536,0.9770328,0.9857835,0.97745574,0.96471715,0.98090845,0.97101116,0.97132826,0.9690931,0.9742513,0.9805647,0.97157985,0.98138463,0.9542802,0.96395826,0.97232866,0.9747153,0.9649926,0.9780742,0.9778499,0.98424536,0.974014,0.97590536,0.9805472,0.98037523
aftermathmovie,0.98269254,0.984685,0.98582596,0.97907066,0.9849296,0.9748556,1.0000001,0.9835266,0.9901839,0.9821413,0.9759642,0.9772052,0.9803366,0.9806464,0.98350763,0.9867265,0.9759789,0.98324335,0.98162556,0.9813611,0.9833884,0.97991335,0.97957385,0.97629726,0.9796531,0.83025074,0.97840554,0.9693097,0.985936,0.97138226,0.9770786,0.9810662,0.9688135,0.9818948,0.9726011,0.9498436,0.97845274,0.97437626,0.9862244,0.9809076,0.98569757,0.97090167,0.9707882,0.97509843,0.98233545,0.97416437,0.98077697,0.98379284,0.98248476,0.9805443,0.9859406,0.98523235,0.9802179,0.9843401,0.9701912,0.9759728,0.97216237,0.9781743,0.98214555,0.9782003,0.9826534,0.97689784,0.9856853,0.9810432,0.97825617,0.9674642,0.9731171,0.98198956,0.982323,0.96924657,0.98018456,0.7199131,0.9549296,0.98409843,0.9586071,0.9781377,0.9113338,0.9829317,0.9802658,0.96970177,0.9785094,0.9881348,0.98300445,0.97821844,0.9866042,0.96856195,0.97156996,0.98533756,0.9758497,0.98148423,0.9750412,0.98018456,0.97653365,0.9761409,0.9791267,0.97953546,0.97813296,0.98284477,0.99283445,0.97174585,0.97111565,0.9784731,0.9719215,0.9828162,0.984601,0.98637843,0.9821172,0.98429155,0.98329383,0.97682124,0.98360693,0.8332221,0.9824139,0.9416756,0.97906,0.98560923,0.98185325,0.9737533,0.9786333,0.99646014,0.9786929,0.9797862,0.97556126,0.97643864,0.98669314,0.9770317,0.9789011,0.97321856,0.9790099,0.9494889,0.9799624,0.97702426,0.9804855,0.9700353,0.9807918,0.9764574,0.9817259,0.9712055,0.9811878,0.97633535,0.9901839,0.9809154,0.9781295,0.98682827,0.98421466,0.9846477,0.9744194,0.9766645,0.9798093,0.97630644,0.99010444,0.9755549,0.9815416,0.9650856,0.966819,0.97562003,0.9762999,0.9742345,0.9833352,0.97584647,0.9901839,0.97112036,0.9846998,0.98216283,0.98257655
aftermovie,0.98555106,0.980834,0.9835786,0.9834954,0.9813692,0.97459686,0.9835266,1.0,0.99087566,0.9837313,0.988663,0.97167146,0.98186463,0.98338944,0.98425806,0.97889555,0.9750588,0.98399764,0.9818512,0.9799244,0.98158735,0.9862225,0.98896974,0.9766963,0.98033077,0.80921763,0.9823392,0.9740155,0.98547924,0.9758035,0.9752789,0.98312026,0.97484875,0.9801985,0.96217597,0.940905,0.9808933,0.9792445,0.98434204,0.9869171,0.98431534,0.9774818,0.974689,0.98191464,0.97603273,0.9777953,0.9878553,0.97762954,0.9820641,0.9848688,0.98670584,0.9855374,0.9784774,0.98160666,0.9757579,0.9747564,0.9788168,0.98452413,0.98021346,0.982236,0.9803669,0.9780614,0.97923243,0.9819909,0.98122334,0.97262454,0.97829604,0.97168404,0.9855065,0.9614508,0.98930633,0.73618495,0.95944893,0.98005,0.97499204,0.9725261,0.90000284,0.9754069,0.9787909,0.9667153,0.982377,0.97864825,0.98402554,0.9734731,0.9828588,0.97339475,0.98340863,0.98452693,0.98059773,0.98266256,0.9709555,0.98930633,0.9737014,0.975803,0.9841437,0.98019934,0.97846717,0.9754617,0.9794254,0.9773181,0.9723767,0.98029673,0.9741132,0.99169225,0.9831837,0.9862351,0.98677754,0.98311174,0.97966987,0.96638376,0.98281145,0.8352816,0.98203456,0.9425594,0.97814554,0.98816246,0.9877481,0.97139215,0.98609525,0.982142,0.97540605,0.9822719,0.98038954,0.97591496,0.9884922,0.98057973,0.98734486,0.97324085,0.98026043,0.9548336,0.9803452,0.97773796,0.98712903,0.9676973,0.9879253,0.9770269,0.98082596,0.9714961,0.98525596,0.9764647,0.99087566,0.9857005,0.9762806,0.98320246,0.9821385,0.9832049,0.9772494,0.978809,0.9815141,0.9791283,0.9810097,0.9804763,0.9804094,0.9613956,0.97992426,0.9863904,0.9809444,0.98351383,0.9890473,0.9839375,0.99087566,0.97750264,0.9864523,0.98606014,0.98452246
ahiddenlifefilm,0.9924629,0.98545015,0.992113,0.9875489,0.9906464,0.98424536,0.9901839,0.99087566,0.9999998,0.98929673,0.9883054,0.9875361,0.987848,0.991392,0.9920244,0.98523134,0.9851491,0.99368995,0.98912007,0.99026334,0.98832,0.9931477,0.99336064,0.9894247,0.9887312,0.82962555,0.98663616,0.9810987,0.9930616,0.9838805,0.98472196,0.9913572,0.98372084,0.98881686,0.973488,0.95788044,0.992264,0.9877493,0.9940006,0.9922947,0.99111074,0.98534226,0.98532254,0.9920243,0.9875332,0.98935974,0.9927253,0.9908751,0.9895719,0.9929257,0.9938133,0.99536616,0.98722434,0.9896914,0.9761211,0.9875879,0.98361355,0.99012387,0.9897549,0.98809826,0.9910137,0.9840702,0.9915319,0.99250317,0.9912045,0.98120844,0.9871506,0.98779374,0.98616606,0.97737384,0.9923287,0.7145675,0.9769427,0.9925171,0.9795302,0.98423445,0.9179966,0.98773587,0.9852593,0.9845981,0.98994344,0.9896826,0.9913184,0.9849227,0.99117285,0.9782726,0.98269194,0.99357086,0.9879195,0.9886818,0.98317575,0.9923287,0.9873905,0.98699224,0.9895169,0.9879997,0.98530364,0.9862245,0.9865051,0.98770493,0.98781097,0.9882753,0.9841223,0.98979676,0.98999804,0.993622,0.991678,0.9932463,0.98697114,0.9857751,0.99075955,0.8565448,0.9910964,0.9533842,0.9863149,0.9912304,0.9938828,0.9871133,0.99255353,0.9890914,0.9872216,0.99026555,0.9857927,0.9833713,0.99391013,0.9903256,0.9888633,0.9866716,0.9873138,0.9663159,0.98734176,0.9850257,0.9916032,0.98211217,0.9924481,0.9848594,0.9909121,0.9844419,0.993984,0.99009943,0.9999998,0.9895967,0.98918027,0.9935317,0.98939663,0.9924936,0.98769784,0.98569834,0.9898996,0.98798716,0.99078935,0.98941475,0.9920789,0.967685,0.98309773,0.9862442,0.98583305,0.98623866,0.99027187,0.9878601,0.9999998,0.98561805,0.9926273,0.9919292,0.9919647
alitamovie,0.9832998,0.97385776,0.9796858,0.974523,0.98694974,0.97085965,0.9821413,0.9837313,0.98929673,0.99999976,0.97126144,0.97972095,0.98309696,0.98403746,0.98093903,0.9701404,0.98176754,0.98835534,0.98159397,0.9859125,0.9785351,0.9819444,0.9866822,0.9795884,0.9852649,0.80386084,0.98661417,0.97663254,0.98141885,0.98619276,0.976989,0.98618776,0.97293425,0.9710496,0.96183884,0.9486054,0.9855537,0.97577095,0.9857125,0.9779459,0.9851623,0.97763115,0.97234696,0.9830837,0.9857428,0.9768723,0.9849747,0.9874443,0.9785453,0.98542446,0.98212564,0.98339146,0.9780277,0.9879723,0.9588031,0.9875197,0.9784047,0.9824296,0.98120415,0.98097306,0.9829025,0.9781068,0.98052573,0.9795009,0.978736,0.96404815,0.97895163,0.98199964,0.97172636,0.9705227,0.9842624,0.69547087,0.96072984,0.9840777,0.96844155,0.97098684,0.9047112,0.9754319,0.9806846,0.9721932,0.98080355,0.98608744,0.9803699,0.9743062,0.97865576,0.9646917,0.9722697,0.9859586,0.9744332,0.98070276,0.97078174,0.9842624,0.9683806,0.9733444,0.9799225,0.978019,0.9683747,0.9821045,0.97407883,0.9820345,0.97437054,0.98122865,0.9730359,0.9801104,0.9845808,0.9826363,0.9878097,0.97463113,0.97503275,0.9716303,0.9877076,0.8420611,0.98294306,0.94963247,0.9720083,0.9791363,0.984862,0.97779864,0.98550546,0.9817608,0.9760405,0.9802305,0.9727376,0.96698165,0.98154575,0.98083943,0.9778885,0.9737881,0.98564464,0.9612412,0.98081267,0.9807796,0.9821717,0.9654735,0.9861438,0.98611766,0.9823551,0.97862774,0.9829309,0.9799578,0.98929673,0.9813559,0.97770846,0.9819255,0.9814573,0.9799368,0.9791448,0.97431344,0.97635394,0.9752471,0.97891414,0.9741296,0.97690964,0.9727534,0.9758752,0.9745793,0.9768594,0.9801172,0.9844273,0.9779498,0.98929673,0.976241,0.9860456,0.9842123,0.97958887
angelhasfallen,0.9847802,0.98167354,0.9806437,0.9810277,0.9738481,0.972319,0.9759642,0.988663,0.9883054,0.97126144,0.9999998,0.9672179,0.9779985,0.9783944,0.9835034,0.98029214,0.9738058,0.9840846,0.97771704,0.97322744,0.9733305,0.9817663,0.98244625,0.9743404,0.97551596,0.8217574,0.966497,0.97157395,0.9847193,0.9720281,0.97226334,0.97790664,0.96700627,0.97596437,0.9566495,0.9296874,0.9769096,0.98012036,0.9831429,0.9889706,0.9802797,0.9699353,0.9708107,0.97708374,0.9715299,0.9797228,0.98047644,0.97241586,0.982931,0.9750849,0.983202,0.986322,0.9718423,0.97094494,0.97415483,0.9711135,0.97265565,0.97920483,0.9780136,0.974839,0.97803366,0.97993225,0.9752037,0.9784931,0.98366636,0.97879934,0.9801764,0.971737,0.9881202,0.9586133,0.9830295,0.72795695,0.96874076,0.9771321,0.97088236,0.9709668,0.9030786,0.9702286,0.96903414,0.9652819,0.9833367,0.96838564,0.980243,0.9707587,0.9853012,0.9771903,0.9814078,0.98117155,0.97872245,0.97709787,0.975152,0.9830295,0.9714556,0.9716817,0.9799955,0.9783439,0.97928554,0.9703925,0.9759257,0.9753589,0.9745142,0.97972524,0.9700077,0.9841217,0.98100996,0.98153335,0.977656,0.9846738,0.97236663,0.9649438,0.9755548,0.8454868,0.9830638,0.92558783,0.98081267,0.987282,0.98607504,0.9697542,0.9782053,0.9753506,0.97716135,0.98204195,0.978341,0.97695506,0.98639494,0.97947717,0.9775568,0.9739255,0.97296906,0.9490336,0.97642916,0.97668624,0.98531616,0.9695984,0.98487526,0.9739418,0.97975963,0.9731503,0.9816603,0.97251713,0.9883054,0.9790162,0.9716213,0.9788061,0.9769179,0.9845219,0.97498316,0.9735802,0.9789227,0.9830113,0.9784485,0.9768356,0.9793032,0.96135646,0.9708951,0.9762342,0.97202545,0.97579855,0.9820611,0.9856839,0.9883054,0.9693699,0.9790132,0.9835138,0.9849958
angrybirdsmovie,0.9829846,0.9668137,0.97945184,0.97267455,0.9805494,0.9744459,0.9772052,0.97167146,0.9875361,0.97972095,0.9672179,1.0000002,0.96616477,0.9768862,0.97654015,0.9709273,0.97723955,0.9826189,0.9711023,0.9774904,0.9713491,0.9851587,0.98407346,0.9793363,0.9738159,0.828356,0.97775257,0.96987563,0.97808146,0.9734667,0.96615314,0.9810928,0.9701431,0.98389196,0.9728032,0.9596699,0.9853328,0.97528493,0.9826855,0.9788678,0.97324455,0.9712237,0.98307306,0.9790629,0.97968924,0.98242754,0.9840562,0.985696,0.97976744,0.9784159,0.9872805,0.9818451,0.97213155,0.979538,0.95567816,0.976394,0.97730196,0.973855,0.97552776,0.97807574,0.97662294,0.9648064,0.97609484,0.9769447,0.9795652,0.96618956,0.9741277,0.97834253,0.96209514,0.975035,0.978313,0.70833653,0.9536577,0.9811578,0.9684064,0.96999276,0.91080344,0.9751921,0.9737048,0.97235334,0.96888953,0.9822017,0.9685301,0.9756175,0.97977656,0.9579327,0.95891035,0.9744656,0.9808502,0.97436374,0.9666493,0.978313,0.97634524,0.9759364,0.9861203,0.9769645,0.9608071,0.9801997,0.9703576,0.98217714,0.9803592,0.9678841,0.9826732,0.97770476,0.9793444,0.9851759,0.97411263,0.97876203,0.9693678,0.9908547,0.9754467,0.8425353,0.978987,0.95742774,0.96732414,0.9748171,0.9837653,0.97896284,0.97711253,0.9764176,0.96719646,0.9718583,0.96923363,0.9747191,0.97279185,0.9757537,0.9749501,0.97942036,0.9826103,0.9727286,0.96726084,0.9786275,0.9816744,0.98267406,0.98007214,0.9728673,0.98309976,0.9707837,0.98318803,0.9793247,0.9875361,0.975528,0.98191035,0.9810538,0.9763828,0.974048,0.9708736,0.97861093,0.9829559,0.9675976,0.9762362,0.97212964,0.97711676,0.95202214,0.9643997,0.9680401,0.9683806,0.9719014,0.97667277,0.9699803,0.9875361,0.9717463,0.97688985,0.98039865,0.9835069
annabellemovie,0.9796313,0.97509897,0.98102933,0.9788887,0.9788652,0.95802873,0.9803366,0.98186463,0.987848,0.98309696,0.9779985,0.96616477,1.0,0.9783796,0.988419,0.97976494,0.98469764,0.98866403,0.97848445,0.98350286,0.97821593,0.97861344,0.98008627,0.9742631,0.97796875,0.8153745,0.97594583,0.9823212,0.9784667,0.97913414,0.97305137,0.97962207,0.9786157,0.9718314,0.95767564,0.93416184,0.9745792,0.98413223,0.98081213,0.9728568,0.98531896,0.9790874,0.9645963,0.98169804,0.98414415,0.9689763,0.9772992,0.98353034,0.97006464,0.9846224,0.9772698,0.9791223,0.98426336,0.97423446,0.9687767,0.9838023,0.9692087,0.9826489,0.9813314,0.9758655,0.98622495,0.97828054,0.98068476,0.98224336,0.9777806,0.96865,0.97801673,0.97593135,0.9745005,0.9573793,0.982727,0.7003556,0.96658885,0.9878883,0.96179944,0.98154414,0.9168123,0.9866828,0.97929645,0.9681351,0.98221487,0.980607,0.9822801,0.9752,0.98042536,0.9646407,0.9722876,0.9933104,0.97101575,0.9803557,0.97290343,0.982727,0.9723224,0.9716289,0.9716637,0.9776174,0.9767844,0.976404,0.9751321,0.97072965,0.9670664,0.98383224,0.96073925,0.97509944,0.9794223,0.97708,0.99112487,0.98088276,0.97719556,0.9651389,0.9833844,0.8607847,0.9856617,0.9436266,0.978241,0.9835529,0.98258436,0.97412616,0.9803609,0.9814724,0.9770957,0.98247427,0.9775478,0.9642513,0.983786,0.9853477,0.9783856,0.96938354,0.97463363,0.94435114,0.9856657,0.9718268,0.98546237,0.96424955,0.9844103,0.9767088,0.9777357,0.97361916,0.97919065,0.97880983,0.987848,0.976664,0.96913856,0.9798201,0.9834291,0.9787361,0.9764294,0.9738,0.9749417,0.97761124,0.9767494,0.97701025,0.97669584,0.9593833,0.97319245,0.98114806,0.9797277,0.98155886,0.98178124,0.98142636,0.987848,0.9783125,0.98079395,0.97888887,0.978173
annamovie,0.98542804,0.97580475,0.98443,0.9798499,0.990576,0.976312,0.9806464,0.98338944,0.991392,0.98403746,0.9783944,0.9768862,0.9783796,1.0,0.97897923,0.97646254,0.9800751,0.98344326,0.9765354,0.98160446,0.9810935,0.9821281,0.98922133,0.98071903,0.977813,0.82859015,0.97940034,0.97628534,0.98288226,0.9759177,0.9747434,0.98537266,0.97442234,0.9770547,0.9575243,0.93684167,0.98348457,0.9816539,0.9890198,0.9833795,0.9837938,0.9793513,0.9824984,0.9890521,0.98185736,0.97865695,0.98576844,0.9796111,0.97845787,0.9867783,0.9840289,0.9884381,0.9834144,0.98076946,0.968414,0.98133415,0.96684337,0.98027897,0.9819518,0.9814816,0.9831475,0.973607,0.97919613,0.9883043,0.9869691,0.9736356,0.9772959,0.9787057,0.9744299,0.967249,0.98734534,0.69809496,0.9636604,0.9874008,0.97517514,0.9757376,0.90082145,0.9821877,0.9699952,0.97549933,0.97848755,0.9781755,0.9861889,0.9711039,0.9796891,0.9648433,0.97119826,0.986236,0.98331654,0.9769128,0.98038805,0.98734534,0.9770173,0.9697477,0.98061,0.97322667,0.97142744,0.9814767,0.9787567,0.98814505,0.97547317,0.9784615,0.9717978,0.98516965,0.98525506,0.982674,0.98516446,0.982039,0.977685,0.9761087,0.9873842,0.84663105,0.9828837,0.94076943,0.9728097,0.98299253,0.98600584,0.97575164,0.985376,0.9814063,0.9831737,0.98348635,0.975055,0.9711186,0.98560447,0.9839532,0.9757674,0.9767402,0.98497325,0.958921,0.9841007,0.97806907,0.98097056,0.96569747,0.9804866,0.9794801,0.9788566,0.9774018,0.9892931,0.982442,0.991392,0.9794015,0.97469825,0.9846355,0.9813926,0.9848822,0.9791146,0.9733187,0.98120296,0.9743637,0.98110497,0.98147875,0.9860207,0.9579126,0.98019576,0.97908694,0.9751078,0.9776451,0.977379,0.9749333,0.991392,0.9746441,0.9831543,0.98512125,0.9830764
apollo11movie,0.9834148,0.98190963,0.9909889,0.9809464,0.982065,0.9709914,0.98350763,0.98425806,0.9920244,0.98093903,0.9835034,0.97654015,0.988419,0.97897923,1.0000002,0.98407656,0.9833132,0.9897702,0.9843281,0.9907266,0.9837259,0.9870422,0.9852812,0.9818161,0.98476434,0.8149311,0.97822505,0.9808069,0.9899392,0.9799428,0.9738825,0.9824102,0.9824672,0.9783816,0.97179705,0.94893247,0.9826256,0.9810924,0.98094606,0.9839266,0.98026854,0.98138225,0.96797967,0.9805899,0.9855501,0.9737279,0.98570806,0.9829223,0.9768091,0.98647684,0.98748404,0.987367,0.9854808,0.9803053,0.9735451,0.9813957,0.9761013,0.9894003,0.98272985,0.9868504,0.9833549,0.9831835,0.9819702,0.9834524,0.9771863,0.9764819,0.98776835,0.9851243,0.98105407,0.95755106,0.9884371,0.7089446,0.9684264,0.9880396,0.9687777,0.9823103,0.93365717,0.9826372,0.98715067,0.97418267,0.9860767,0.98339856,0.982605,0.9814617,0.9853055,0.97424096,0.97759026,0.9886188,0.9836865,0.99096495,0.9767876,0.9884371,0.97515965,0.9817924,0.98040336,0.9877341,0.97930074,0.97797483,0.97918993,0.9759352,0.97747,0.9876063,0.9706384,0.9851176,0.9791846,0.9879309,0.9893805,0.9867166,0.9829614,0.9755729,0.9859148,0.8747727,0.98948085,0.9556914,0.9878162,0.9824376,0.9827169,0.9814503,0.9827539,0.9828404,0.9782428,0.9877174,0.98278844,0.97938526,0.98727334,0.98074347,0.98671216,0.9760766,0.9784818,0.9502439,0.9805009,0.9837055,0.9893653,0.9689078,0.9893923,0.9805602,0.98338926,0.97942877,0.98599315,0.9772986,0.9920244,0.9858186,0.97892433,0.9839549,0.98481005,0.98434246,0.9742658,0.9866117,0.9792908,0.9822292,0.98095155,0.9833916,0.9812356,0.96744597,0.9760716,0.98344326,0.9813587,0.9866822,0.9895887,0.9844124,0.9920244,0.9831962,0.98824143,0.9855162,0.9864637
arcticdogsmovie,0.98062664,0.9795534,0.98669755,0.98058945,0.98037624,0.96337,0.9867265,0.97889555,0.98523134,0.9701404,0.98029214,0.9709273,0.97976494,0.97646254,0.98407656,0.9999999,0.9812706,0.9837194,0.9719059,0.97350234,0.9726022,0.97158074,0.97355074,0.967672,0.97036856,0.8210866,0.9695819,0.9744555,0.98143405,0.9694515,0.97278917,0.981083,0.96908957,0.97234446,0.9561631,0.9273911,0.97333443,0.97529334,0.9804546,0.97767794,0.97956324,0.9690102,0.96790856,0.97379315,0.9786738,0.9656869,0.97247815,0.9710689,0.972485,0.9753973,0.9818046,0.9813209,0.97636634,0.9719567,0.9710275,0.9726784,0.96613973,0.9759592,0.9801227,0.9717526,0.97984743,0.97563314,0.9769234,0.9787422,0.9776554,0.97241634,0.97574216,0.978682,0.98050106,0.9564336,0.9731981,0.7107987,0.9496488,0.98213357,0.94974905,0.9853038,0.9052367,0.9828007,0.970239,0.9605872,0.973091,0.9801936,0.9784569,0.97515047,0.98152053,0.96706873,0.9624044,0.98058456,0.97209066,0.9822745,0.9732765,0.9731981,0.9708529,0.9728566,0.9765311,0.9754669,0.97297853,0.9735858,0.98204845,0.96432376,0.9658259,0.9721672,0.96292967,0.98002595,0.97732,0.98129195,0.97877103,0.9863862,0.9838484,0.97082084,0.9792273,0.8364513,0.9771619,0.92914206,0.975358,0.9830129,0.9814592,0.96573985,0.97499305,0.98596174,0.97828203,0.9796565,0.9705324,0.9659073,0.985227,0.97453904,0.96882796,0.96754986,0.9735687,0.9479732,0.9713473,0.9695075,0.9852404,0.966047,0.97533494,0.97214377,0.9784207,0.9720089,0.9762076,0.97514963,0.98523134,0.97528607,0.967159,0.97844934,0.9781721,0.98240364,0.9707757,0.970936,0.97727305,0.96937287,0.97997564,0.9756991,0.9791453,0.963246,0.9573212,0.97519004,0.9722704,0.96501696,0.9758952,0.97060806,0.98523134,0.96334666,0.97721535,0.9758262,0.98262936
arcticmovie,0.98332167,0.9744105,0.9803281,0.9799479,0.9809584,0.9599676,0.9759789,0.9750588,0.9851491,0.98176754,0.9738058,0.97723955,0.98469764,0.9800751,0.9833132,0.9812706,1.0000002,0.98553544,0.97200173,0.97680783,0.9696014,0.97546303,0.9794708,0.97377026,0.97580737,0.8077409,0.97001064,0.9897494,0.975005,0.98462576,0.9732603,0.98020285,0.972368,0.96485555,0.9501897,0.9312489,0.9753376,0.9825712,0.98267496,0.97039783,0.9791257,0.97503483,0.9695295,0.9766412,0.98700273,0.96810687,0.9739384,0.9828662,0.9660802,0.97590274,0.97830707,0.97869354,0.97968364,0.9745201,0.96791977,0.98365414,0.9671115,0.9766499,0.98098946,0.9719774,0.98314506,0.9785085,0.9722436,0.9792419,0.97580105,0.9708555,0.9765282,0.9783532,0.96630424,0.96148115,0.97720736,0.6978047,0.9540004,0.98943,0.955297,0.9777498,0.90943843,0.9810779,0.967636,0.96646684,0.98105806,0.9832561,0.97697663,0.97430044,0.97949904,0.95671207,0.96107113,0.9842901,0.97469586,0.9808763,0.97745526,0.97720736,0.963977,0.9703618,0.97649497,0.98014265,0.96726096,0.9800925,0.9654161,0.97489834,0.9681716,0.97228086,0.970214,0.97509617,0.9790781,0.97613347,0.98365283,0.97729784,0.96451324,0.97228175,0.9809779,0.85140663,0.9818,0.9349677,0.9651021,0.9820278,0.9845685,0.9712383,0.9760395,0.97836334,0.97844326,0.9745034,0.96798337,0.9604081,0.98081625,0.97983783,0.9676921,0.9707695,0.98561454,0.9573976,0.9729921,0.98238194,0.99193996,0.97123814,0.9766213,0.97996473,0.9857079,0.9709586,0.9789828,0.973695,0.9851491,0.97174144,0.9661008,0.9799139,0.9808174,0.98090345,0.9685056,0.97132945,0.97501606,0.9719315,0.97000843,0.9684677,0.9768639,0.9616129,0.96072507,0.9685341,0.96744925,0.9731697,0.9803005,0.9754112,0.9851491,0.9672535,0.9759698,0.9767623,0.98098814
artofracingmovie,0.98657995,0.9840924,0.98642766,0.981398,0.9887697,0.9744001,0.98324335,0.98399764,0.99368995,0.98835534,0.9840846,0.9826189,0.98866403,0.98344326,0.9897702,0.9837194,0.98553544,0.9999998,0.9855257,0.9852602,0.9787264,0.98519415,0.9861364,0.9858993,0.98637134,0.81336826,0.9828502,0.98271453,0.98622096,0.9860504,0.97971165,0.9872995,0.9746192,0.9820875,0.96843284,0.94990855,0.9844043,0.9806848,0.9871452,0.9864244,0.98578596,0.9802006,0.97494465,0.98278856,0.98562896,0.9805526,0.98516804,0.98686737,0.9836719,0.9847568,0.98887885,0.9912014,0.98542273,0.9851013,0.9676601,0.98824257,0.97403693,0.98502505,0.98629075,0.9859248,0.986415,0.9839506,0.9832453,0.9830953,0.98682284,0.9769647,0.9862706,0.9892406,0.98092514,0.9693652,0.9888504,0.69197077,0.9729606,0.9913102,0.9678565,0.9857091,0.9223223,0.9821614,0.9798702,0.9744264,0.9846139,0.98540074,0.9818782,0.9836062,0.9861651,0.9719957,0.9749809,0.9909103,0.982767,0.9847561,0.9814961,0.9888504,0.97838837,0.98326087,0.98465675,0.9830997,0.9776408,0.9805644,0.9775839,0.98093635,0.97849315,0.9865039,0.9735329,0.98728245,0.98379457,0.988742,0.98858505,0.98547506,0.97951573,0.97892946,0.9860544,0.860084,0.990084,0.94839,0.9849854,0.98406893,0.9865388,0.9825756,0.9855366,0.9859986,0.9815278,0.9861998,0.9802682,0.97487825,0.98637635,0.98810756,0.9839148,0.98103493,0.98408914,0.95831996,0.9816683,0.98339784,0.98935,0.9763251,0.99091274,0.9838084,0.98355544,0.98310417,0.9888872,0.985261,0.99368995,0.9813712,0.98140043,0.9832396,0.98518884,0.98573244,0.98235995,0.9798102,0.9835592,0.98140574,0.98216146,0.9810296,0.9826062,0.9713579,0.97663075,0.9796373,0.9810647,0.9862133,0.98872346,0.9865018,0.99368995,0.97780275,0.98717386,0.98549396,0.9899245
avengers,0.9856238,0.9838434,0.98089164,0.97563976,0.98389554,0.9803489,0.98162556,0.9818512,0.98912007,0.98159397,0.97771704,0.9711023,0.97848445,0.9765354,0.9843281,0.9719059,0.97200173,0.9855257,1.0000001,0.97918147,0.980621,0.98088205,0.9805989,0.98409986,0.9860702,0.81400913,0.9821265,0.97166854,0.9861268,0.9727694,0.9873175,0.97835994,0.9716549,0.9756523,0.9567334,0.9535011,0.9858625,0.9684121,0.9807617,0.98231125,0.983636,0.9727005,0.96819156,0.9761547,0.97381634,0.9791364,0.9820634,0.97854084,0.9749188,0.98075145,0.98221326,0.9845727,0.9856218,0.9813486,0.9717295,0.97893673,0.9707368,0.98021543,0.9848955,0.9785528,0.97878695,0.98382956,0.9787169,0.9746455,0.9735137,0.974108,0.98271304,0.9829086,0.98346555,0.97101885,0.9831519,0.6774842,0.9776802,0.9805328,0.9628899,0.97523415,0.9302722,0.9701387,0.9812788,0.9750504,0.9858023,0.97951555,0.9810716,0.9783403,0.9834283,0.97601527,0.98004466,0.987163,0.9738832,0.9782454,0.9762521,0.9831519,0.97234875,0.9794732,0.9802738,0.98220205,0.9846379,0.96956104,0.97128206,0.9764491,0.9816179,0.9832613,0.9781238,0.980315,0.98503363,0.98294216,0.98394233,0.9766427,0.97512436,0.9720203,0.98322445,0.8545095,0.98309445,0.938873,0.9830077,0.97644687,0.98209834,0.98081374,0.9806414,0.98334634,0.97593236,0.98087925,0.9840503,0.974537,0.98035896,0.9824524,0.98412734,0.9812802,0.9797053,0.9572025,0.973395,0.98027444,0.97824526,0.95905983,0.9843539,0.969729,0.98072153,0.96876067,0.9842411,0.97968656,0.98912007,0.98073107,0.98140305,0.98532426,0.9810084,0.98103505,0.9787332,0.971204,0.973297,0.9839103,0.97605425,0.97712845,0.9826378,0.9735651,0.9711005,0.9781384,0.9770089,0.977234,0.98341316,0.98302376,0.98912007,0.9790522,0.9867484,0.9835052,0.98344886
beachbummovie,0.9800771,0.9694657,0.9852035,0.97409165,0.9799824,0.9669348,0.9813611,0.9799244,0.99026334,0.9859125,0.97322744,0.9774904,0.98350286,0.98160446,0.9907266,0.97350234,0.97680783,0.9852602,0.97918147,0.9999998,0.98392105,0.98518854,0.98543,0.9849648,0.98126656,0.805381,0.97632086,0.972834,0.9869046,0.98074484,0.97290933,0.98272526,0.97504866,0.9787014,0.9719419,0.95129997,0.9827748,0.97908074,0.98155856,0.97991663,0.97879225,0.98309714,0.96764594,0.9854257,0.98158294,0.97544837,0.98638415,0.9828298,0.97573113,0.9889519,0.98322415,0.9870575,0.9845026,0.98154235,0.9670318,0.98041373,0.9821996,0.986015,0.9743431,0.9832288,0.98550475,0.97503865,0.9843249,0.9836174,0.97851616,0.9756536,0.98226774,0.98199505,0.9723425,0.96603966,0.9866103,0.688488,0.97106075,0.9839084,0.9741939,0.9737776,0.91917664,0.98130435,0.9822557,0.97463065,0.976915,0.9840152,0.98385495,0.9728916,0.9781556,0.9739952,0.9755029,0.9860764,0.9828972,0.9846541,0.97410184,0.9866103,0.9802662,0.9760579,0.9729679,0.9812943,0.9729149,0.98556703,0.977886,0.9776366,0.97576416,0.9827694,0.9665931,0.97793466,0.973816,0.98343784,0.98809344,0.9802893,0.9824373,0.97481865,0.98253614,0.85075676,0.98173726,0.9599638,0.9823203,0.97879803,0.9818386,0.98221433,0.98441726,0.9771759,0.9803623,0.9806899,0.97653824,0.9716051,0.9833175,0.97662246,0.9820475,0.97870064,0.97783726,0.94799757,0.9856115,0.9744991,0.9812598,0.96593213,0.9860406,0.9824815,0.9782608,0.9801678,0.98590153,0.97921735,0.99026334,0.9822001,0.9782832,0.9840161,0.9888851,0.9804312,0.97487324,0.9833175,0.977839,0.9817858,0.98004746,0.984152,0.97931296,0.9608781,0.98190963,0.9762565,0.976988,0.9830783,0.9810766,0.9752397,0.99026334,0.9805422,0.9862034,0.9814154,0.9787288
bernadettefilm,0.9804083,0.97842336,0.9870849,0.97619957,0.9767275,0.97482824,0.9833884,0.98158735,0.98832,0.9785351,0.9733305,0.9713491,0.97821593,0.9810935,0.9837259,0.9726022,0.9696014,0.9787264,0.980621,0.98392105,0.99999994,0.9804905,0.98128533,0.9794045,0.9749183,0.82690656,0.9765107,0.9624748,0.9878417,0.96865463,0.96805596,0.97791576,0.9808092,0.97943234,0.96819496,0.94798106,0.9801289,0.9704604,0.9779626,0.9754306,0.9851038,0.98002887,0.9720763,0.9802619,0.9818337,0.9702773,0.97884375,0.9765447,0.97376174,0.9854661,0.9869567,0.98129076,0.98046744,0.97755325,0.9654319,0.9730822,0.97043014,0.9856653,0.97048455,0.98098826,0.9779488,0.97044444,0.98522496,0.98400897,0.9736082,0.9656942,0.97234166,0.9762201,0.9715797,0.95810056,0.9816075,0.6838192,0.9589641,0.9814557,0.9764474,0.9653807,0.90730613,0.98128366,0.9808455,0.9735808,0.97747177,0.97912484,0.98729855,0.9825773,0.9773904,0.9697459,0.9678874,0.98513156,0.9744628,0.9815544,0.9685639,0.9816075,0.978166,0.9802819,0.97669154,0.9744149,0.9748032,0.97216195,0.9814319,0.9747994,0.9685602,0.9738609,0.9740874,0.9792526,0.974863,0.9857282,0.9826121,0.9814039,0.97896045,0.9693448,0.9852275,0.8385276,0.9811541,0.953265,0.9817527,0.9771264,0.98033315,0.97622764,0.9811281,0.98215663,0.9747488,0.9869991,0.9769492,0.97134185,0.98431605,0.9728381,0.985106,0.9808044,0.9730811,0.95448035,0.98591226,0.9695283,0.9756676,0.9686938,0.98457533,0.9687124,0.97903484,0.9688449,0.98006874,0.9719393,0.98832,0.9874794,0.97490126,0.9858623,0.981713,0.9851848,0.9790479,0.9806392,0.97756845,0.96968603,0.98008424,0.98515975,0.9789751,0.9620378,0.9714506,0.9749185,0.9828803,0.97502416,0.9807117,0.977832,0.98832,0.97838235,0.9876779,0.9836903,0.9804185
