movie,21bridgesmovie,47metersdown,abeautifuldaymovie,abominablemovie,adastramovie,adogsjourneymovie,aftermathmovie,aftermovie,ahiddenlifefilm,alitamovie,angelhasfallen,angrybirdsmovie,annabellemovie,annamovie,apollo11movie,arcticdogsmovie,arcticmovie,artofracingmovie,avengers,beachbummovie,bernadettefilm,blackandbluemovie,blackchristmas,blindedbythelightmovie,bombshellmovie,booksmart,breakthroughmovie,brianbanksmovie,brightburnmovie,brittanyrunsmov,captainmarvelofficial,captivestatemovie,catsmovie,charliesangels,childsplaymovie,clarathefilm,coldpursuitmovie,countdown,currentwarmovie,darkwatersmovie,detectivepikachumovie,disneyaladdin,disneyfrozen,disneymaleficent,doctorsleepmovie,dolemiteismyname,dontletgomovie,doramovie,downtonabbey_official,dumbo,escaperoom,everybodyknowsmovie,fastandfuriousmovie,fightingwmyfam,fivefeetapartfilm,fordvferrari,freaksthefilm,geminimanmovie,glassmovie,gloriabellmovie,godzillamovie,goldfinchmovie,goodboysmovie,goodliarmovie,gretafilm,halathemovie,happydeathdaymovie,harrietfilm,hellboymovie,hersmellmovie,highlifemovie,highstrungmovie,honeyboymovie,hotelmumbaifilm,httydragon,hustlemovie,hustlersmovie,isntitromantic,itmovieofficial,jayandsilentbob,johnwickmovie,jojorabbitmovie,jokermovie,judythefilm,jumanjimovie,justmercyfilm,knivesout,lalloronamovie,lastblackmansf,lastchristmasthemovie,latenightmovie,lighthousemovie,lionking,littlethemovie,littlewomenmovie,littlewoodsfilm,longshotmovie,lordsofchaosmovie,lucyintheskyfilm,mamovie2019,marriagestory,meettheaddams,meninblack,midsommarmovie,midwaymovie,missbalamovie,missinglinkfilm,motherlessbklyn,onceinhollywood,onthebasisofsex,overcomermovie,peanutbutterfalcon,petsematarymovie,piercingmovie,playingwithfire,playmobilthemovie,pomsmovie,queenandslim,rambomovie,readyornotfilm,richardjewellfilm,rocketmanmovie,scarystoriesmovie,secretlifeofpets,serenityfilm,shaftmovie,shazammovie,spidermanmovie,spiesindisguise,starwars,stormboymovie,stubermovie,taosdfilm,teenspiritmov,terminator,theaeronautsmov,thebestofenemies,thedeaddontdie,thefarewell,thehighwaymen,thehummingbirdprojectfilm,theintrudermovie,theirishmanfilm,thekitchenmovie,thelegomovie,themustangfilm,thenightingalefilm,theprodigymovie,thesunisalsoastar,theupsidefilm,tolkienmovie,toystory,triplefrontier,uglydolls,uncutgems,underthesilverlake,usmovie,wavesmovie,whatmenwant,wonderparkmovie,wrinklestheclown,xmenmovies,yardiefilm,yesterdaymovie,zombieland
21bridgesmovie,0.9999999,0.9673118,0.96821284,0.9535833,0.9642625,0.9620937,0.9673036,0.96714276,0.98196644,0.9624646,0.95992494,0.9594467,0.9627993,0.96971095,0.962691,0.9681688,0.97172594,0.96070844,0.9771936,0.9504213,0.9685179,0.96184003,0.9722178,0.96493024,0.96614194,0.92631024,0.95529044,0.9658586,0.9625034,0.95585215,0.96012914,0.96305764,0.95762193,0.9614588,0.9574332,0.9490215,0.96202767,0.9712156,0.9553876,0.96173203,0.9583451,0.96859723,0.96448565,0.9658291,0.96631235,0.9579455,0.9723273,0.9602358,0.96965766,0.9667408,0.96106684,0.9716975,0.9643636,0.9682485,0.9653722,0.95616686,0.94904256,0.96823347,0.9590456,0.9616793,0.9575157,0.9663335,0.9644347,0.9694339,0.9638331,0.959123,0.95946825,0.96624666,0.9576583,0.96043015,0.9588816,0.89087427,0.96240985,0.9657231,0.9606863,0.95833445,0.9464811,0.95945185,0.9568981,0.96232516,0.9619597,0.9655641,0.96822095,0.9544852,0.9648315,0.9605575,0.95215577,0.9685855,0.9601948,0.96733725,0.96502966,0.9588816,0.962289,0.9638608,0.9627987,0.96331215,0.95687973,0.95976645,0.9602401,0.9673163,0.9605409,0.9636546,0.9589852,0.9653309,0.9656604,0.9590776,0.9621672,0.96368027,0.95631975,0.9633623,0.9688415,0.9222671,0.96729356,0.94034225,0.961184,0.97233367,0.98923945,0.96507835,0.96545523,0.96912444,0.96544427,0.9636156,0.9642209,0.95704114,0.9680896,0.9606511,0.9710162,0.9588939,0.964415,0.9574211,0.9599545,0.96300703,0.96333516,0.95050275,0.9616137,0.95601815,0.96920663,0.96761304,0.964941,0.9613484,0.98196644,0.955976,0.9659893,0.95953614,0.96135116,0.96067196,0.9614623,0.9615229,0.96854615,0.975256,0.964531,0.9658058,0.9626033,0.96651775,0.9553489,0.9642602,0.9593409,0.9638662,0.96531093,0.9649804,0.98196644,0.96503305,0.9672466,0.97159684,0.9604728
47metersdown,0.9673118,0.9999998,0.9648743,0.95131135,0.95964366,0.9622322,0.9742383,0.9669008,0.98207146,0.9603582,0.95874906,0.9600536,0.9543512,0.9656883,0.9641429,0.97191405,0.9690997,0.9558096,0.9623013,0.95512736,0.96928114,0.96272546,0.96336836,0.96501863,0.9585629,0.9292824,0.95412964,0.96121925,0.96586055,0.959275,0.965593,0.96803343,0.95539266,0.9594288,0.9611436,0.95645326,0.9677055,0.96276337,0.96060854,0.9626701,0.9594404,0.9668877,0.95924336,0.97256297,0.9640341,0.9666712,0.96566564,0.96209407,0.96521384,0.9760015,0.96235347,0.9733546,0.9557224,0.96644366,0.96609837,0.95713115,0.95932865,0.97089267,0.9589616,0.96577585,0.9617535,0.96630186,0.95908,0.9551476,0.9661458,0.9621842,0.95384324,0.9709641,0.96702534,0.9616712,0.9593219,0.88908535,0.9559349,0.96122295,0.962418,0.9547012,0.9428089,0.95769095,0.95860296,0.9697136,0.9605552,0.96615815,0.9667479,0.96170735,0.96050006,0.96245426,0.9511425,0.96064675,0.963603,0.96540266,0.96660143,0.9593219,0.9641895,0.96443415,0.96628815,0.9541123,0.9614346,0.9630492,0.96787757,0.965548,0.9648946,0.96371293,0.96492624,0.9683785,0.96699727,0.96116894,0.96492106,0.9602755,0.958285,0.96604127,0.96495813,0.92818904,0.97286314,0.94800854,0.96673584,0.96340793,0.96609294,0.9651158,0.96365166,0.97047544,0.9624052,0.96514314,0.9656111,0.9520091,0.9729762,0.96630096,0.9650137,0.9605021,0.9598518,0.95664173,0.9680462,0.9642229,0.9579791,0.9557559,0.9678349,0.9620912,0.9565863,0.9645206,0.96607786,0.9625325,0.98207146,0.95648533,0.96588,0.9572609,0.9580761,0.9524793,0.9679991,0.96370935,0.9597562,0.9587825,0.9736197,0.9665941,0.9650548,0.9364312,0.9600077,0.96257466,0.96289665,0.959523,0.96913016,0.96901834,0.98207146,0.96029705,0.9697663,0.9617857,0.96676934
abeautifuldaymovie,0.96821284,0.9648743,1.0000002,0.9600372,0.96231663,0.9660144,0.96384436,0.9604734,0.9829592,0.9567982,0.96274847,0.97006977,0.9553743,0.96989125,0.9683773,0.96120256,0.96358806,0.96509737,0.9669956,0.9592868,0.9645983,0.9774964,0.97046965,0.9652456,0.9557151,0.9101287,0.9637235,0.9608349,0.98251337,0.9625442,0.9691424,0.968186,0.9537151,0.9685831,0.9468736,0.95019656,0.96984184,0.9634408,0.96260995,0.97169137,0.9602461,0.96800643,0.9608695,0.964985,0.96581465,0.96175027,0.9672759,0.96353203,0.966527,0.9666988,0.98098344,0.97292656,0.96644,0.9691493,0.96766365,0.95020247,0.9622472,0.9700581,0.95849884,0.95718026,0.957501,0.9703948,0.9613473,0.96471184,0.9679542,0.9572444,0.9525086,0.9643589,0.9676386,0.9541931,0.9589243,0.8876255,0.9531844,0.96009815,0.9670714,0.95213073,0.9328476,0.9598981,0.9498919,0.9658367,0.96695226,0.9603727,0.9726109,0.9496767,0.9670974,0.9611169,0.95584726,0.9645022,0.9609622,0.96875274,0.96772206,0.9589243,0.9564283,0.9640803,0.9770648,0.96318513,0.96258837,0.9619544,0.9594316,0.96469635,0.9642242,0.9599653,0.9721355,0.969682,0.9530706,0.9790559,0.9659726,0.9611619,0.9649095,0.95927954,0.97190154,0.91878355,0.96832824,0.9419946,0.96338516,0.9615722,0.96704406,0.96545464,0.9671473,0.9655398,0.9647764,0.96439,0.9711709,0.95909363,0.9746703,0.96431506,0.9640025,0.9725424,0.9638716,0.956448,0.96365017,0.9606158,0.9599707,0.94317156,0.9645201,0.96391875,0.94775164,0.9661133,0.9638415,0.95516044,0.9829592,0.97975236,0.9600119,0.95888174,0.9631096,0.9634901,0.96372354,0.9600241,0.9644918,0.9571141,0.9647477,0.97594714,0.96694726,0.95193243,0.9526851,0.9634487,0.9679301,0.9604825,0.96224725,0.9655567,0.9829592,0.9566415,0.9686276,0.97317,0.9705543
abominablemovie,0.9535833,0.95131135,0.9600372,1.0,0.9531583,0.9551197,0.9551198,0.95556134,0.9739704,0.9456307,0.9637452,0.96046925,0.9605149,0.96302843,0.961259,0.9554386,0.95716786,0.9597988,0.9597295,0.9479408,0.9584433,0.9602358,0.9655882,0.9569425,0.9474536,0.9159349,0.9423685,0.95679116,0.9519662,0.9574417,0.9579123,0.9584992,0.9378338,0.9597911,0.9380125,0.93741935,0.95924336,0.9553509,0.9523167,0.95394915,0.95550054,0.95584154,0.9527155,0.9546732,0.96440226,0.95778996,0.95951307,0.9557848,0.9515623,0.95461607,0.9552752,0.96094894,0.9462643,0.9578387,0.9490053,0.9489097,0.9457958,0.96529394,0.9629827,0.9578489,0.95675313,0.95389485,0.9539706,0.96095383,0.95350176,0.9551494,0.95069206,0.9531952,0.958273,0.9569285,0.95758075,0.8549823,0.94561327,0.95654064,0.96319145,0.9456014,0.9287971,0.96690655,0.9569694,0.95757914,0.95667195,0.95870394,0.96611696,0.94709677,0.96307,0.9578783,0.95547616,0.95803267,0.95028603,0.96398044,0.95593023,0.95758075,0.95910597,0.95998883,0.9569774,0.96890783,0.9549013,0.951186,0.9556187,0.95909876,0.95255977,0.95157266,0.9484788,0.95809096,0.95192426,0.95435345,0.9602699,0.9589222,0.9555706,0.95306456,0.95549065,0.91209775,0.95977205,0.92651224,0.9638067,0.96014446,0.95642334,0.94877636,0.95707756,0.9586857,0.96048534,0.96050256,0.9541602,0.9510327,0.9591021,0.9590451,0.9552805,0.95324725,0.9521502,0.94457823,0.9553662,0.9533104,0.951456,0.9541718,0.96066743,0.954521,0.9495034,0.9486753,0.95953405,0.9499546,0.9739704,0.9584248,0.9596042,0.9536212,0.9488003,0.9537403,0.9564127,0.951183,0.9534935,0.9522277,0.95463055,0.9563614,0.9540889,0.9299769,0.95483065,0.9531558,0.95558655,0.9585709,0.963417,0.95472366,0.9739704,0.9468504,0.9488143,0.9656443,0.95270044
adastramovie,0.9642625,0.95964366,0.96231663,0.9531583,1.0000001,0.95173717,0.95988774,0.9686677,0.9777845,0.9657632,0.9563877,0.9493915,0.9513235,0.9648266,0.960964,0.95366865,0.9613184,0.9782033,0.9704675,0.9461366,0.96018493,0.958845,0.96309674,0.9640651,0.9573895,0.9205947,0.9608946,0.9608526,0.95403177,0.9597243,0.9627359,0.9643254,0.9512765,0.9405961,0.94746363,0.9372522,0.9580986,0.9521234,0.95176077,0.9540189,0.9520717,0.9573833,0.9599661,0.96203077,0.9580329,0.9517493,0.9606819,0.9540306,0.9597596,0.96266943,0.94949627,0.9629346,0.9555538,0.96077687,0.9551045,0.9750373,0.9472362,0.9596435,0.95489347,0.95089877,0.9513061,0.9618422,0.96121424,0.96427447,0.95126206,0.9552218,0.9523244,0.9610399,0.9505414,0.95367306,0.94816804,0.8714961,0.9570713,0.96274143,0.96547097,0.9445587,0.9274548,0.953956,0.95753205,0.9582586,0.9584452,0.95781034,0.96143854,0.9568881,0.9513866,0.9566993,0.9371906,0.9577863,0.9520563,0.9694654,0.97131664,0.94816804,0.9605863,0.9538794,0.9521853,0.9551702,0.95133966,0.9572105,0.9594652,0.9709126,0.9508716,0.9562633,0.9467422,0.95218027,0.9513067,0.94826394,0.95462996,0.952117,0.956107,0.9525511,0.96734965,0.91955006,0.96538955,0.9419311,0.9580336,0.94867855,0.956795,0.9616942,0.953785,0.96108985,0.9641936,0.9559253,0.9615804,0.9601181,0.9642554,0.9561701,0.9667843,0.95219415,0.96969086,0.9470734,0.9606238,0.9695581,0.95537627,0.950367,0.95673347,0.9580761,0.94561607,0.9644816,0.95587164,0.95011705,0.9777845,0.95335156,0.9510041,0.95729923,0.9547577,0.9564571,0.95553815,0.95715964,0.957994,0.9587391,0.95813364,0.9648979,0.9596916,0.9394255,0.9480295,0.95633954,0.9556998,0.9538075,0.95926136,0.9652577,0.9777845,0.9699608,0.95976883,0.9637057,0.94762605
adogsjourneymovie,0.9620937,0.9622322,0.9660144,0.9551197,0.95173717,1.0000005,0.9606715,0.9562074,0.97695804,0.9490964,0.95536876,0.973644,0.9554725,0.96088386,0.9540453,0.95699644,0.9566269,0.9567023,0.961019,0.951801,0.9590417,0.9546399,0.96353495,0.95913726,0.9482258,0.90185505,0.95469344,0.95270985,0.9625918,0.94646937,0.95506495,0.9575883,0.95082307,0.961442,0.9467983,0.9379298,0.96212196,0.9572062,0.96379983,0.9590992,0.95558524,0.95979244,0.970662,0.9670948,0.96334416,0.9631602,0.9669399,0.9633295,0.9536116,0.96964324,0.9615357,0.96394306,0.9548671,0.9657916,0.9613453,0.9483032,0.95475763,0.9597303,0.96410024,0.95832986,0.9569041,0.95731616,0.96153754,0.95515454,0.95959044,0.94670576,0.95623815,0.9602642,0.94707596,0.9537108,0.9616146,0.8696299,0.94924325,0.9616048,0.95555973,0.9436246,0.9264221,0.9499021,0.9563138,0.9631628,0.95461434,0.9588199,0.96282125,0.9470705,0.9665236,0.9569433,0.95930195,0.9534278,0.95911413,0.96040183,0.9509536,0.9616146,0.94819206,0.9581579,0.9636349,0.94664073,0.9482596,0.9662196,0.9505534,0.9594775,0.96282136,0.96379167,0.9642575,0.96755546,0.95657736,0.9579257,0.9568541,0.95623463,0.9561832,0.9480335,0.9609837,0.9106206,0.9605492,0.93204564,0.9550603,0.9572789,0.96170616,0.9511014,0.9579642,0.9591768,0.9551032,0.9594826,0.9593349,0.9697314,0.9648616,0.96214914,0.9617078,0.95731884,0.95749927,0.965278,0.9531347,0.95601994,0.94951636,0.9426939,0.9579351,0.9485981,0.9485757,0.9553804,0.9657588,0.9597924,0.97695804,0.9544462,0.95983666,0.95420104,0.9489409,0.9511198,0.9577772,0.9580823,0.96402174,0.9485109,0.96359795,0.96628106,0.9669032,0.9387803,0.96375036,0.96250737,0.9699324,0.96424735,0.9558217,0.95824784,0.97695804,0.95272964,0.95931137,0.96596956,0.9595072
aftermathmovie,0.9673036,0.9742383,0.96384436,0.9551198,0.95988774,0.9606715,0.99999964,0.9719216,0.98253864,0.9614559,0.9618276,0.96251184,0.9530784,0.9713008,0.96116966,0.9631576,0.97243464,0.9594729,0.96120334,0.9488823,0.9650568,0.9563985,0.97131634,0.97225463,0.96385163,0.92127836,0.9587401,0.9642769,0.9623094,0.95695245,0.95917094,0.96745604,0.9578026,0.96118784,0.95286256,0.9400534,0.96967083,0.96996856,0.9609708,0.9587528,0.9651732,0.96902454,0.9633334,0.96947694,0.9675066,0.96069485,0.9719182,0.9655804,0.96316993,0.9712742,0.95915693,0.97163945,0.958941,0.9689005,0.96411484,0.96302456,0.9547654,0.96877724,0.9580511,0.9673755,0.9542883,0.96852124,0.96550137,0.96146613,0.96743846,0.9606203,0.963239,0.9679395,0.9643152,0.95330393,0.9669429,0.8677705,0.9525074,0.9651171,0.9542738,0.956631,0.92103934,0.96018845,0.9566058,0.96838737,0.9610495,0.9783163,0.9674238,0.95987314,0.95884067,0.9603502,0.9546566,0.9609737,0.9628368,0.969122,0.96076643,0.9669429,0.9651287,0.9665323,0.96610653,0.95480675,0.9596094,0.9685285,0.9762286,0.9709817,0.9632029,0.9597786,0.9591859,0.9708691,0.95361143,0.9603391,0.9659431,0.9644805,0.9575046,0.9632874,0.968223,0.9230864,0.96794283,0.9392527,0.96790844,0.96574765,0.96713257,0.958049,0.9685216,0.9901502,0.9619043,0.96585983,0.97008455,0.95106876,0.9687888,0.9648381,0.96432215,0.9605112,0.96088207,0.95713437,0.96378326,0.9627016,0.9701745,0.9591892,0.9692837,0.9625052,0.9549468,0.96387005,0.97296405,0.9605508,0.98253864,0.95545036,0.9668443,0.9589427,0.95288277,0.9573959,0.9670669,0.95915514,0.9657085,0.95760995,0.98721635,0.96392405,0.96438247,0.944381,0.96342134,0.9671729,0.9626329,0.9679349,0.97352755,0.9697277,0.98253864,0.96340615,0.9678482,0.9675732,0.9588683
aftermovie,0.96714276,0.9669008,0.9604734,0.95556134,0.9686677,0.9562074,0.9719216,0.99999964,0.9816723,0.96141946,0.95674855,0.9555061,0.95872694,0.9672126,0.9600767,0.95976245,0.96893185,0.9689737,0.96460646,0.9484212,0.9696789,0.9589982,0.9685796,0.9672013,0.9641669,0.92387855,0.9555144,0.96194607,0.95534724,0.95632595,0.95995605,0.9655005,0.9626461,0.9562267,0.95591426,0.9404936,0.9641989,0.9647603,0.9597457,0.9536977,0.9623922,0.9634614,0.9603412,0.9662281,0.9581861,0.96407413,0.9668476,0.96158946,0.9635632,0.96868294,0.9520875,0.97169477,0.9599763,0.9656195,0.964698,0.9670777,0.95570177,0.96585,0.9577366,0.9585523,0.9623637,0.9693174,0.9608511,0.96563834,0.96653235,0.95806915,0.9581187,0.9734932,0.9567318,0.9539277,0.9585118,0.87819356,0.9603784,0.9659104,0.9642568,0.9560402,0.9303556,0.95811343,0.9582745,0.96943355,0.95735925,0.965167,0.9669661,0.95928735,0.9624971,0.9589743,0.94940126,0.960724,0.960434,0.97138876,0.96526325,0.9585118,0.9597772,0.9636295,0.9552345,0.9518058,0.95345443,0.959219,0.9622815,0.9695488,0.9627864,0.9630239,0.947383,0.96018684,0.9559876,0.9524103,0.9653226,0.9686533,0.9524666,0.9640247,0.9684141,0.92422986,0.96241903,0.94236773,0.97116077,0.9588905,0.96400857,0.96085495,0.96305466,0.9708108,0.9712192,0.95954585,0.96050316,0.9447369,0.96734256,0.961439,0.96703666,0.9536547,0.9664796,0.953444,0.9617433,0.958429,0.9659782,0.9625832,0.9665378,0.9597431,0.95209336,0.96524596,0.96605784,0.96340024,0.9816723,0.9532567,0.96299595,0.9580251,0.9519606,0.9583054,0.9627464,0.95864457,0.9654201,0.9627098,0.9701855,0.9630999,0.96220547,0.9349527,0.95350116,0.9631125,0.9623006,0.96175843,0.9724341,0.96935964,0.9816723,0.96518767,0.9705287,0.9660684,0.9564211
ahiddenlifefilm,0.98196644,0.98207146,0.9829592,0.9739704,0.9777845,0.97695804,0.98253864,0.9816723,1.0000004,0.9756284,0.97680205,0.98109204,0.9736526,0.98453677,0.9811517,0.9753177,0.98404783,0.9789695,0.9810271,0.96673906,0.9806148,0.97860885,0.9835707,0.98142123,0.9750897,0.94029987,0.9708898,0.97882843,0.97815555,0.9740557,0.9806517,0.9812133,0.97240436,0.97543734,0.97033745,0.96691144,0.98012817,0.9802511,0.9752915,0.9783362,0.97408026,0.98479354,0.97831374,0.9846465,0.9825479,0.9783647,0.9812346,0.97644705,0.9800598,0.98705477,0.97741365,0.98756886,0.9741776,0.9825188,0.97820544,0.9723392,0.9693059,0.98599565,0.9728055,0.97811645,0.97563976,0.97982377,0.9776003,0.9793661,0.9798418,0.9764521,0.9718179,0.9825638,0.97749585,0.97514063,0.9769743,0.89591485,0.9754022,0.9804485,0.9793616,0.96978873,0.95144546,0.97530186,0.9714345,0.98017377,0.9771818,0.9792709,0.98367673,0.9746283,0.9815215,0.97923064,0.9703383,0.9772177,0.97735786,0.98576474,0.9794599,0.9769743,0.97657686,0.98034793,0.9788173,0.975741,0.9758678,0.97943497,0.9775037,0.9801787,0.97837764,0.9763994,0.9733627,0.98079944,0.9752942,0.9764548,0.9811205,0.9767517,0.9716475,0.97814536,0.984005,0.9420992,0.98307925,0.961418,0.9813367,0.97749305,0.98262584,0.9770096,0.9802884,0.9827419,0.9803114,0.9797723,0.9800782,0.97193944,0.9873339,0.9786689,0.9800504,0.97634685,0.9802933,0.9732035,0.976741,0.97531086,0.9774692,0.969055,0.9821839,0.97495633,0.9693805,0.9802479,0.9833237,0.9734282,1.0000004,0.9764163,0.98065424,0.97425056,0.9739142,0.97712564,0.9799821,0.97803944,0.9783687,0.9757149,0.9823942,0.9844888,0.9793773,0.9592215,0.97503984,0.981078,0.97675234,0.97869855,0.9818536,0.98320657,1.0000004,0.97591054,0.98298335,0.98332465,0.9764561
alitamovie,0.9624646,0.9603582,0.9567982,0.9456307,0.9657632,0.9490964,0.9614559,0.96141946,0.9756284,1.0000001,0.9568902,0.94829,0.9529812,0.9598465,0.9639312,0.9542738,0.96611243,0.9677697,0.95532,0.94353175,0.9547304,0.95925057,0.9579397,0.9629986,0.9513582,0.9145025,0.9588436,0.96069664,0.95081794,0.9526677,0.95490485,0.959893,0.9466572,0.9524308,0.95442116,0.93728256,0.9537548,0.9594839,0.94774914,0.95575964,0.9532693,0.9615315,0.9414437,0.95952636,0.9580189,0.9492812,0.9567177,0.9466348,0.95130605,0.96355015,0.94871056,0.9604388,0.96203053,0.9680893,0.955089,0.96189326,0.9460384,0.95488626,0.95144767,0.95713294,0.9549011,0.96241593,0.95873886,0.95427203,0.9523952,0.9530543,0.9566792,0.9613673,0.95232236,0.94741863,0.9549082,0.8764027,0.9534193,0.9634693,0.9608208,0.95283383,0.9271407,0.95764935,0.95437634,0.9547506,0.9536766,0.9596365,0.9620409,0.9551089,0.95936257,0.9619012,0.94571686,0.9593398,0.9530065,0.9605595,0.9583168,0.9549082,0.955367,0.95583934,0.9572623,0.9507387,0.9555317,0.95638734,0.9622585,0.9604842,0.9481066,0.95572054,0.94668895,0.9642879,0.96445465,0.9501712,0.9577599,0.953976,0.95121545,0.95097053,0.9588326,0.9116624,0.958003,0.93373454,0.9575911,0.9556489,0.9619192,0.9580386,0.9578364,0.9624963,0.9589356,0.95143557,0.95726246,0.948,0.96761036,0.9552496,0.96332496,0.95112264,0.96343964,0.94354707,0.96261847,0.96895254,0.96015906,0.94812346,0.9557793,0.9546712,0.95540774,0.9569609,0.96113616,0.9469299,0.9756284,0.9511206,0.9538613,0.95260596,0.9505648,0.9488189,0.953544,0.9615506,0.95442593,0.957366,0.9592533,0.9579549,0.96056074,0.93863046,0.951967,0.95507586,0.95343757,0.95860547,0.9567923,0.96051514,0.9756284,0.9645084,0.96302533,0.9606621,0.9476752
angelhasfallen,0.95992494,0.95874906,0.96274847,0.9637452,0.9563877,0.95536876,0.9618276,0.95674855,0.97680205,0.9568902,1.0000001,0.9641381,0.9529558,0.963788,0.95891386,0.95690084,0.9641636,0.95808834,0.9573605,0.9472528,0.9603804,0.9556304,0.9633413,0.9608555,0.9471877,0.9205982,0.9459297,0.95664406,0.94815576,0.96549714,0.95988286,0.96216017,0.9457348,0.9577631,0.9465241,0.9406653,0.95455694,0.95554936,0.9488423,0.9534679,0.953844,0.96362174,0.9568083,0.9637993,0.9599448,0.958283,0.9590958,0.95592976,0.9552927,0.96408725,0.95184684,0.9635669,0.95500225,0.9626194,0.9567522,0.95209736,0.9465893,0.9620124,0.957244,0.96393573,0.9623081,0.9549658,0.95722497,0.9603954,0.9596192,0.963628,0.95133084,0.9510901,0.96722734,0.95675635,0.95798737,0.86890715,0.9525532,0.9569252,0.9587409,0.9529623,0.9285382,0.96479523,0.96025676,0.9593204,0.9782994,0.96466666,0.9669741,0.95018005,0.96017134,0.961098,0.9600778,0.95270085,0.95078784,0.9678341,0.95296246,0.95798737,0.9590121,0.95964706,0.95897496,0.96533084,0.9655504,0.96155226,0.9599111,0.96443945,0.95373744,0.95732117,0.95094675,0.963544,0.9604164,0.949748,0.961178,0.9574741,0.94946885,0.95174664,0.9562859,0.92343557,0.95401233,0.93128335,0.95612264,0.96848583,0.96174175,0.94998735,0.9626985,0.96021223,0.9626571,0.9602743,0.956856,0.9612141,0.9689351,0.96058697,0.95465773,0.9488316,0.9552146,0.95024514,0.95751524,0.9524657,0.9610166,0.9536164,0.95442456,0.9602307,0.95281655,0.95729303,0.96053416,0.9530762,0.97680205,0.955809,0.9601025,0.96017003,0.9536943,0.95404994,0.9601018,0.9591283,0.95933634,0.9575697,0.9579703,0.9648495,0.9550349,0.9456728,0.9513853,0.9576062,0.95393753,0.95697266,0.95543736,0.95808095,0.97680205,0.9546617,0.9546023,0.9598197,0.95356804
angrybirdsmovie,0.9594467,0.9600536,0.97006977,0.96046925,0.9493915,0.973644,0.96251184,0.9555061,0.98109204,0.94829,0.9641381,1.0000002,0.9592765,0.9686574,0.9605437,0.95552135,0.96723366,0.9610837,0.9601345,0.9507724,0.9565196,0.96525437,0.9637566,0.9708705,0.95003057,0.9250667,0.95392686,0.9613628,0.97026366,0.96118665,0.96507835,0.96020854,0.9561472,0.9682509,0.9499784,0.9442107,0.96180934,0.9618468,0.96217126,0.962226,0.9604755,0.9660877,0.96808046,0.9685579,0.96721643,0.9668453,0.961414,0.9627216,0.95892805,0.9709354,0.9717237,0.96783185,0.95330024,0.96434563,0.9611416,0.9394415,0.9495294,0.9639374,0.9616922,0.96246046,0.9679896,0.95670325,0.96053135,0.9672654,0.9663338,0.958893,0.95767546,0.96456206,0.9634001,0.9568409,0.9627458,0.87969023,0.9504415,0.96898997,0.9595622,0.9472068,0.9349316,0.9553535,0.95052385,0.9597845,0.95872754,0.96175647,0.9703498,0.95346797,0.9716017,0.9636746,0.96034956,0.9534178,0.9626627,0.96580595,0.9545264,0.9627458,0.96041846,0.9687934,0.9715453,0.95953,0.9631945,0.9643969,0.9596224,0.9577818,0.96155894,0.95618916,0.9682389,0.9676855,0.95476735,0.9677589,0.9603277,0.9602647,0.95454204,0.9613396,0.9628076,0.9204703,0.9617606,0.9393689,0.9598779,0.9594681,0.9601931,0.9557766,0.96232015,0.9618829,0.96259284,0.96661204,0.9649664,0.9655952,0.9680058,0.96438336,0.95806885,0.96223223,0.95585126,0.9641118,0.95468843,0.95279753,0.96326435,0.9506739,0.96424264,0.9570329,0.9514587,0.9614424,0.9696542,0.9545613,0.98109204,0.9674673,0.96484214,0.9620151,0.9643154,0.95386773,0.96176517,0.9628311,0.9640965,0.9468253,0.96621007,0.9683178,0.96480125,0.94308025,0.96469057,0.9656846,0.961478,0.9710436,0.96421885,0.96414715,0.98109204,0.94533765,0.96398395,0.9656028,0.9679327
annabellemovie,0.9627993,0.9543512,0.9553743,0.9605149,0.9513235,0.9554725,0.9530784,0.95872694,0.9736526,0.9529812,0.9529558,0.9592765,1.0000004,0.9570457,0.95577604,0.9587763,0.9538366,0.95600563,0.9567863,0.93147534,0.95820904,0.95157045,0.9615116,0.9606622,0.94879115,0.9161137,0.9490516,0.9509521,0.95301646,0.9530788,0.9487613,0.9617298,0.94119906,0.9565294,0.9405339,0.93212664,0.95792073,0.9701576,0.94892895,0.95989007,0.9624901,0.95901173,0.9559352,0.9546636,0.9638886,0.9478615,0.95848197,0.9475876,0.9518408,0.9547044,0.9525781,0.9643529,0.96226484,0.95530456,0.94996905,0.94679594,0.94530165,0.9572057,0.9516374,0.95688975,0.9669775,0.943971,0.9577525,0.9647506,0.94986534,0.9502288,0.95549494,0.9588434,0.9557535,0.9561598,0.957015,0.8714318,0.9483835,0.95890844,0.9498605,0.94417524,0.9332994,0.9553018,0.95601445,0.95005214,0.94762194,0.9581276,0.97160417,0.94821024,0.9666427,0.95465153,0.9587049,0.9800159,0.9523195,0.96039593,0.95143473,0.957015,0.9508817,0.9546166,0.9562145,0.957009,0.94666725,0.9545318,0.94584054,0.9584952,0.9550809,0.95161,0.95699745,0.9585765,0.9552737,0.94871,0.95900327,0.96777135,0.94433093,0.95322216,0.9583395,0.92347586,0.95476454,0.9287603,0.9583498,0.95606387,0.9655021,0.9502345,0.9521465,0.9563603,0.9689841,0.95089865,0.9529103,0.9504285,0.96269816,0.95345724,0.9645449,0.94893587,0.9537308,0.9485725,0.95349485,0.9613552,0.95382804,0.95096993,0.95365834,0.94972396,0.9590965,0.9553082,0.9635595,0.9469517,0.9736526,0.9540508,0.95469826,0.9598345,0.9604177,0.95143306,0.9502566,0.95832545,0.9617024,0.9548696,0.9573538,0.95495266,0.9498275,0.94130975,0.9597946,0.9566526,0.9611462,0.9568791,0.95975935,0.9603712,0.9736526,0.9507091,0.9597511,0.9622719,0.94996935
annamovie,0.96971095,0.9656883,0.96989125,0.96302843,0.9648266,0.96088386,0.9713008,0.9672126,0.98453677,0.9598465,0.963788,0.9686574,0.9570457,1.0000002,0.9669953,0.9623151,0.96881694,0.96691674,0.96714187,0.9523599,0.9643007,0.9659325,0.9738433,0.9732611,0.9588988,0.92637414,0.9658754,0.96543527,0.9652702,0.9622146,0.96953046,0.96919894,0.96174395,0.9681503,0.958796,0.9504087,0.9731623,0.96471584,0.959057,0.9651926,0.962903,0.9701885,0.9633599,0.9650968,0.97493494,0.95710665,0.9733602,0.9652243,0.969586,0.9683964,0.96687734,0.9717522,0.9642619,0.9690427,0.96255666,0.9625384,0.95730346,0.9699431,0.96354526,0.9607497,0.95866615,0.96746993,0.96612054,0.9737692,0.966008,0.96175283,0.9667536,0.967596,0.95915717,0.95473933,0.9589331,0.87646466,0.9635791,0.96339923,0.9691672,0.95720875,0.9377143,0.9627675,0.9526969,0.9598556,0.96300787,0.96832556,0.96885824,0.96683097,0.9687933,0.9624308,0.9561106,0.9630154,0.96018595,0.97553396,0.9627307,0.9589331,0.96336,0.96732265,0.9740383,0.9623217,0.9621098,0.96524984,0.9644853,0.9741989,0.95936817,0.95538527,0.9598742,0.96626693,0.96929395,0.965168,0.96523035,0.95804936,0.9602184,0.9612876,0.97173405,0.92715925,0.9762755,0.9452085,0.9695397,0.96613634,0.9694089,0.97028416,0.96441334,0.9697905,0.9619452,0.96861434,0.96408623,0.96435404,0.97174203,0.9674803,0.961478,0.95680195,0.96414083,0.95851356,0.96246094,0.9606611,0.96853036,0.9522533,0.96596843,0.9635146,0.95460165,0.9671899,0.9655295,0.9553664,0.98453677,0.9676116,0.9590381,0.95926565,0.9645539,0.96207106,0.9677654,0.96461964,0.962552,0.9631232,0.9728736,0.970084,0.96118546,0.9451698,0.9557583,0.9662888,0.96649146,0.9684206,0.9730316,0.97346866,0.98453677,0.9623916,0.9692271,0.97457594,0.9679309
apollo11movie,0.962691,0.9641429,0.9683773,0.961259,0.960964,0.9540453,0.96116966,0.9600767,0.9811517,0.9639312,0.95891386,0.9605437,0.95577604,0.9669953,0.9999996,0.95401937,0.96262836,0.9610296,0.95951873,0.9678305,0.96205896,0.9658109,0.96574235,0.9603713,0.9504552,0.9170278,0.95452327,0.9608138,0.9638559,0.95878094,0.9609257,0.9653822,0.94687575,0.95158905,0.94778,0.9475058,0.96438664,0.9608968,0.9566417,0.96402574,0.9555586,0.96394956,0.9547328,0.9615335,0.96190375,0.9573884,0.9610241,0.95524544,0.9634848,0.9649896,0.9646048,0.97119534,0.9593021,0.96350014,0.95675826,0.9566677,0.9516266,0.96993613,0.9505346,0.957105,0.95924073,0.9598049,0.9518632,0.9652039,0.9594099,0.9557359,0.9603536,0.96411914,0.9570115,0.9533572,0.95998645,0.87353826,0.95767874,0.9570002,0.96624607,0.9477646,0.93035257,0.9515275,0.95264804,0.96699476,0.9579266,0.9577051,0.97160465,0.9586088,0.96571684,0.96295047,0.9451683,0.9572613,0.9642509,0.9739933,0.9719744,0.95998645,0.9559979,0.96165717,0.9656588,0.97371405,0.95171064,0.9596876,0.96430045,0.96212935,0.9586969,0.95623225,0.956705,0.9618569,0.95794904,0.9643584,0.96366376,0.96092,0.9554506,0.9580983,0.96388644,0.92578393,0.9680507,0.9412958,0.96701485,0.9549222,0.9667995,0.9609978,0.9618029,0.9604244,0.9683351,0.961954,0.96180487,0.94999856,0.97029245,0.95811534,0.9629314,0.96075094,0.9675329,0.95070916,0.9604483,0.9594184,0.954427,0.94575286,0.9658767,0.95413107,0.9493762,0.9631603,0.9628998,0.948351,0.9811517,0.95978653,0.9628656,0.955051,0.95707196,0.95822096,0.9622896,0.95845526,0.9583648,0.95680654,0.96419334,0.9634612,0.9562852,0.9409921,0.95936096,0.9640874,0.9565499,0.9609435,0.9575507,0.9624999,0.9811517,0.94681466,0.9578884,0.9657989,0.9622299
arcticdogsmovie,0.9681688,0.97191405,0.96120256,0.9554386,0.95366865,0.95699644,0.9631576,0.95976245,0.9753177,0.9542738,0.95690084,0.95552135,0.9587763,0.9623151,0.95401937,1.0,0.96711993,0.95364505,0.9626941,0.9402341,0.9560298,0.95765465,0.96541506,0.9605481,0.94860375,0.9150517,0.9531795,0.9595825,0.96060115,0.95615596,0.9530678,0.95596975,0.9516437,0.9601671,0.9543111,0.943803,0.9632128,0.9622303,0.95480543,0.95587665,0.95780027,0.96437484,0.94658947,0.96738744,0.95863676,0.955741,0.96652985,0.9543361,0.9557026,0.9678597,0.9598504,0.96603215,0.95672125,0.95684403,0.96126676,0.9518909,0.9533251,0.9603909,0.95664185,0.95828205,0.95465326,0.95941573,0.96322554,0.9513538,0.9599868,0.9558842,0.9579173,0.9612424,0.9634426,0.9515922,0.9490679,0.86938304,0.9507914,0.9570979,0.9599362,0.950888,0.9296093,0.95682544,0.9528924,0.9645911,0.9576762,0.9624342,0.96227235,0.95689046,0.9532448,0.9610711,0.956315,0.96124274,0.95540154,0.96476394,0.95361733,0.9490679,0.96537405,0.96245545,0.95827097,0.95057255,0.9604273,0.9608015,0.9607022,0.96466905,0.9544469,0.95317036,0.9600683,0.958901,0.96204966,0.9562199,0.957258,0.96438736,0.96299386,0.95062786,0.96115386,0.9068383,0.9611246,0.9317721,0.95544845,0.95932347,0.96427995,0.9583869,0.96033007,0.9559292,0.95790803,0.9529668,0.9608168,0.9494063,0.9643217,0.95684576,0.95390904,0.9580858,0.95117366,0.95114845,0.95660806,0.95505714,0.9550971,0.9533025,0.95751387,0.95496815,0.9577434,0.953693,0.9550265,0.951659,0.9753177,0.9570752,0.9556301,0.95061445,0.9510729,0.95013034,0.9583675,0.96057296,0.95608515,0.9560773,0.9593228,0.95901495,0.95797056,0.94366264,0.94623905,0.9514252,0.9547528,0.9562431,0.96264887,0.95818585,0.9753177,0.9598947,0.95839417,0.9626345,0.95689166
arcticmovie,0.97172594,0.9690997,0.96358806,0.95716786,0.9613184,0.9566269,0.97243464,0.96893185,0.98404783,0.96611243,0.9641636,0.96723366,0.9538366,0.96881694,0.96262836,0.96711993,0.9999995,0.96431065,0.96445835,0.9523152,0.96628195,0.96106446,0.966622,0.97191435,0.95852983,0.9336755,0.9509786,0.97755265,0.9600674,0.9596191,0.9656169,0.9638466,0.96486264,0.9592918,0.96076494,0.9566613,0.9688575,0.96433496,0.9548438,0.9635577,0.9548641,0.97085166,0.96354336,0.9698583,0.9682453,0.9694661,0.9639451,0.96393025,0.9632353,0.97295845,0.95794857,0.97488654,0.9539124,0.96765727,0.96683955,0.9572997,0.95132726,0.96768266,0.95279706,0.9613186,0.9583666,0.9643633,0.9613635,0.9638272,0.97180533,0.96454436,0.9605215,0.96857,0.96375924,0.96104306,0.96153426,0.89112985,0.9575516,0.9730887,0.96342796,0.95792496,0.9328332,0.9604318,0.9498926,0.9657307,0.96218127,0.96723706,0.9634031,0.9664744,0.9601117,0.961792,0.9515522,0.96350604,0.9600804,0.9694477,0.9631337,0.96153426,0.9689985,0.96498054,0.96244293,0.9619645,0.96580946,0.9694581,0.96633726,0.96414334,0.96896684,0.96137625,0.95550305,0.96611416,0.9646768,0.95804876,0.9615068,0.95910823,0.957217,0.96628726,0.9683059,0.9303148,0.9680048,0.9482516,0.96838444,0.963748,0.9709449,0.96547717,0.9634445,0.9659074,0.9603362,0.96173704,0.96310675,0.95384204,0.9760692,0.9600544,0.963875,0.9629558,0.96339816,0.962382,0.9627742,0.95870084,0.9764864,0.96005434,0.96837634,0.9597507,0.96180695,0.96458423,0.9675646,0.96631837,0.98404783,0.95349324,0.968728,0.9576998,0.9611076,0.96346617,0.96868074,0.9639493,0.9593396,0.9625397,0.96923065,0.96417487,0.9693675,0.95003027,0.9626112,0.963736,0.95750326,0.96187335,0.9735085,0.965945,0.98404783,0.95987815,0.9679122,0.9667457,0.9552277
artofracingmovie,0.96070844,0.9558096,0.96509737,0.9597988,0.9782033,0.9567023,0.9594729,0.9689737,0.9789695,0.9677697,0.95808834,0.9610837,0.95600563,0.96691674,0.9610296,0.95364505,0.96431065,0.9999997,0.9674951,0.94710046,0.96122897,0.9620906,0.9610828,0.96301425,0.95243114,0.91768354,0.96608967,0.96312094,0.95377856,0.96305895,0.96679443,0.96305966,0.94869024,0.95115733,0.94708234,0.937048,0.9567402,0.95557016,0.9489455,0.95541775,0.9551697,0.9596106,0.95713145,0.95906067,0.9584154,0.96245134,0.9598811,0.9538777,0.952596,0.96219516,0.95686257,0.9680235,0.9566688,0.9663189,0.9588617,0.9732444,0.949393,0.9601923,0.9540794,0.9544395,0.9562727,0.9581008,0.95489824,0.9655085,0.95510453,0.9550034,0.9544813,0.96493715,0.9531891,0.9521213,0.95453286,0.8642166,0.9576733,0.965741,0.9653658,0.9527331,0.9241244,0.96017337,0.95804024,0.9600602,0.9613471,0.95573777,0.96623224,0.9514684,0.9622462,0.9674295,0.94521314,0.96060014,0.9586955,0.9671697,0.9679747,0.95453286,0.9641972,0.95747185,0.95666224,0.95309496,0.956081,0.9555237,0.95645267,0.9662228,0.95320076,0.95007247,0.94858426,0.95771945,0.94958806,0.9556994,0.9590568,0.9600047,0.9502246,0.95734197,0.9703961,0.9168148,0.9638144,0.93281233,0.9630401,0.9549539,0.95698744,0.9599681,0.9593259,0.9633011,0.9675479,0.96398485,0.9642733,0.95707196,0.9695928,0.95733774,0.9683669,0.95690215,0.97046345,0.9484207,0.9617816,0.9678802,0.9642617,0.95543355,0.96288055,0.96409816,0.9471227,0.9648045,0.9608962,0.9633344,0.9789695,0.96203977,0.95489967,0.9618488,0.95611185,0.9576514,0.9582388,0.95759386,0.9598355,0.95163006,0.95877266,0.9634897,0.9630532,0.9382273,0.9520862,0.96190995,0.9608822,0.95981604,0.960935,0.96363163,0.9789695,0.95922923,0.96807843,0.9579284,0.9576674
avengers,0.9771936,0.9623013,0.9669956,0.9597295,0.9704675,0.961019,0.96120334,0.96460646,0.9810271,0.95532,0.9573605,0.9601345,0.9567863,0.96714187,0.95951873,0.9626941,0.96445835,0.9674951,1.0000004,0.9434322,0.96619856,0.9648009,0.9683973,0.96015376,0.96093947,0.9234963,0.9655239,0.96200955,0.9607232,0.95597917,0.9802506,0.96441716,0.95655525,0.9605998,0.9575852,0.9497057,0.9614652,0.9578959,0.958164,0.9617297,0.9590988,0.9637265,0.96312326,0.96274745,0.9680364,0.9580418,0.9668461,0.9609518,0.9624983,0.96344376,0.9606029,0.9679903,0.95945483,0.97034913,0.96063256,0.957691,0.9453715,0.966106,0.9590655,0.9598329,0.9559103,0.96764463,0.96063703,0.9627225,0.9637909,0.96162224,0.9535832,0.9660049,0.9588542,0.95747185,0.95971686,0.8897179,0.95027715,0.9625559,0.9604044,0.94837916,0.9358503,0.9574659,0.9553736,0.963744,0.95968705,0.9581674,0.96798474,0.9531458,0.9621205,0.9604169,0.95163244,0.9635163,0.96350807,0.9674963,0.9637349,0.95971686,0.9643956,0.9626258,0.95943946,0.9629134,0.9558361,0.9564451,0.9614777,0.9640635,0.95977426,0.95471627,0.9574358,0.9673162,0.96212065,0.96177465,0.96065104,0.9586364,0.9521796,0.9583561,0.9739464,0.924574,0.9702011,0.94180053,0.9621698,0.963581,0.96619195,0.9640654,0.9596167,0.96417546,0.96260196,0.9606114,0.96257,0.9591202,0.9664253,0.9633254,0.96666056,0.9647477,0.965853,0.9570713,0.9546232,0.96557516,0.95372796,0.95330054,0.96155775,0.95639414,0.9532455,0.96916324,0.9655276,0.9615576,0.9810271,0.9575404,0.96194565,0.95159227,0.95835155,0.9641948,0.9616584,0.9625644,0.9625906,0.9596641,0.9596924,0.9665947,0.96705407,0.9557878,0.9535346,0.9628878,0.9553842,0.9639411,0.96370053,0.96599764,0.9810271,0.9644484,0.9654437,0.9697665,0.95840496
beachbummovie,0.9504213,0.95512736,0.9592868,0.9479408,0.9461366,0.951801,0.9488823,0.9484212,0.96673906,0.94353175,0.9472528,0.9507724,0.93147534,0.9523599,0.9678305,0.9402341,0.9523152,0.94710046,0.9434322,0.99999946,0.95332724,0.952213,0.9537126,0.9427502,0.9516002,0.9114598,0.93536264,0.94968677,0.950931,0.9528853,0.9495069,0.9529634,0.9389061,0.94569105,0.9301924,0.94037026,0.956217,0.9405873,0.9403868,0.9425065,0.9517925,0.947486,0.9456077,0.9482588,0.950763,0.96010864,0.95084316,0.94660354,0.9420419,0.9542697,0.9528011,0.9502237,0.9385013,0.9487585,0.95579207,0.9362542,0.9396214,0.96022123,0.9436658,0.9412446,0.9497565,0.95349514,0.94496864,0.9408435,0.946311,0.946518,0.9445774,0.93860686,0.9398614,0.94181335,0.94057304,0.8569289,0.93763727,0.9461459,0.9536716,0.9338985,0.913343,0.94802326,0.9421772,0.9562445,0.94712776,0.9513658,0.95242685,0.9476007,0.94501925,0.94545674,0.9295839,0.9373825,0.9432568,0.9548461,0.9585542,0.94057304,0.9406839,0.9515851,0.95764923,0.9458976,0.94530505,0.9622152,0.9480229,0.95131105,0.945097,0.954511,0.9376321,0.9454961,0.94617105,0.94882613,0.947294,0.9328485,0.94517875,0.9440203,0.9518353,0.9049916,0.9581289,0.92885154,0.95507187,0.9439271,0.95375025,0.94935626,0.95196,0.9455213,0.95332146,0.956116,0.9572841,0.95044076,0.9560073,0.95073885,0.9458985,0.9465668,0.94791514,0.9399309,0.94375926,0.9373748,0.9444804,0.9351542,0.9568144,0.95242536,0.93112904,0.94102955,0.9460719,0.95612746,0.96673906,0.9518371,0.9467368,0.93955606,0.9405409,0.93990326,0.9548432,0.9387503,0.94186044,0.95109516,0.9494798,0.95267653,0.94935715,0.92492026,0.9408495,0.94964707,0.9479376,0.9406006,0.94731694,0.95198697,0.96673906,0.93866485,0.9512491,0.94929576,0.9504347
bernadettefilm,0.9685179,0.96928114,0.9645983,0.9584433,0.96018493,0.9590417,0.9650568,0.9696789,0.9806148,0.9547304,0.9603804,0.9565196,0.95820904,0.9643007,0.96205896,0.9560298,0.96628195,0.96122897,0.96619856,0.95332724,1.0000001,0.9631966,0.96565104,0.9613688,0.95717174,0.93171847,0.9538385,0.9617361,0.9555632,0.9551427,0.9649,0.9655167,0.9528057,0.9618057,0.9456609,0.95297605,0.9612312,0.96221083,0.9583643,0.96094704,0.9532107,0.9621519,0.9605073,0.96242756,0.9619823,0.9661731,0.963873,0.96149015,0.9596918,0.9655246,0.95156103,0.9718153,0.955683,0.9662164,0.9647067,0.95859706,0.9570017,0.9688139,0.95912087,0.96081734,0.9568005,0.96249896,0.9602262,0.96167237,0.962924,0.96045077,0.950579,0.964356,0.9554759,0.9608134,0.9576002,0.8921385,0.9590932,0.9648407,0.96045125,0.9537389,0.93980086,0.9559189,0.9575219,0.9656368,0.95955014,0.9608844,0.9592018,0.9546298,0.9594835,0.9590638,0.94864917,0.9629041,0.9642448,0.9673157,0.96418697,0.9576002,0.9616514,0.96021134,0.95552737,0.95649457,0.95424277,0.9604398,0.95107585,0.96030414,0.9670441,0.9605969,0.9583641,0.9608084,0.9567953,0.9508642,0.959436,0.95716536,0.9526677,0.95646584,0.96434474,0.9264263,0.9644165,0.93427956,0.973468,0.9635484,0.96481097,0.9635862,0.9615277,0.9639241,0.9641813,0.9654325,0.9641478,0.94345665,0.96808696,0.9641037,0.9658228,0.95615065,0.9605269,0.95693576,0.97082114,0.9555536,0.958741,0.9524299,0.96531975,0.9590629,0.94891477,0.9666475,0.9651851,0.96671444,0.9806148,0.9593947,0.96413124,0.948428,0.95497495,0.95915,0.959336,0.9583285,0.9530429,0.95927763,0.9671599,0.9639341,0.96009094,0.9444429,0.9557823,0.9624189,0.96048534,0.95664746,0.96474123,0.9670123,0.9806148,0.9641787,0.9652345,0.9617645,0.9560074
