movie,21bridgesmovie,47metersdown,abeautifuldaymovie,abominablemovie,adastramovie,adogsjourneymovie,aftermathmovie,aftermovie,ahiddenlifefilm,alitamovie,angelhasfallen,angrybirdsmovie,annabellemovie,annamovie,apollo11movie,arcticdogsmovie,arcticmovie,artofracingmovie,avengers,beachbummovie,bernadettefilm,blackandbluemovie,blackchristmas,blindedbythelightmovie,bombshellmovie,booksmart,breakthroughmovie,brianbanksmovie,brightburnmovie,brittanyrunsmov,captainmarvelofficial,captivestatemovie,catsmovie,charliesangels,childsplaymovie,clarathefilm,coldpursuitmovie,countdown,currentwarmovie,darkwatersmovie,detectivepikachumovie,disneyaladdin,disneyfrozen,disneymaleficent,doctorsleepmovie,dolemiteismyname,dontletgomovie,doramovie,downtonabbey_official,dumbo,escaperoom,everybodyknowsmovie,fastandfuriousmovie,fightingwmyfam,fivefeetapartfilm,fordvferrari,freaksthefilm,geminimanmovie,glassmovie,gloriabellmovie,godzillamovie,goldfinchmovie,goodboysmovie,goodliarmovie,gretafilm,halathemovie,happydeathdaymovie,harrietfilm,hellboymovie,hersmellmovie,highlifemovie,highstrungmovie,honeyboymovie,hotelmumbaifilm,httydragon,hustlemovie,hustlersmovie,isntitromantic,itmovieofficial,jayandsilentbob,johnwickmovie,jojorabbitmovie,jokermovie,judythefilm,jumanjimovie,justmercyfilm,knivesout,lalloronamovie,lastblackmansf,lastchristmasthemovie,latenightmovie,lighthousemovie,lionking,littlethemovie,littlewomenmovie,littlewoodsfilm,longshotmovie,lordsofchaosmovie,lucyintheskyfilm,mamovie2019,marriagestory,meettheaddams,meninblack,midsommarmovie,midwaymovie,missbalamovie,missinglinkfilm,motherlessbklyn,onceinhollywood,onthebasisofsex,overcomermovie,peanutbutterfalcon,petsematarymovie,piercingmovie,playingwithfire,playmobilthemovie,pomsmovie,queenandslim,rambomovie,readyornotfilm,richardjewellfilm,rocketmanmovie,scarystoriesmovie,secretlifeofpets,serenityfilm,shaftmovie,shazammovie,spidermanmovie,spiesindisguise,starwars,stormboymovie,stubermovie,taosdfilm,teenspiritmov,terminator,theaeronautsmov,thebestofenemies,thedeaddontdie,thefarewell,thehighwaymen,thehummingbirdprojectfilm,theintrudermovie,theirishmanfilm,thekitchenmovie,thelegomovie,themustangfilm,thenightingalefilm,theprodigymovie,thesunisalsoastar,theupsidefilm,tolkienmovie,toystory,triplefrontier,uglydolls,uncutgems,underthesilverlake,usmovie,wavesmovie,whatmenwant,wonderparkmovie,wrinklestheclown,xmenmovies,yardiefilm,yesterdaymovie,zombieland
21bridgesmovie,1.0,0.961616,0.97053266,0.9578115,0.9693784,0.9688403,0.9670209,0.964446,0.9853562,0.96250826,0.96828175,0.96361953,0.96096134,0.9659314,0.9721569,0.96799815,0.9692407,0.9637749,0.9820564,0.9579642,0.95234185,0.962586,0.9733798,0.9560545,0.9686143,0.91790485,0.9633464,0.9630393,0.96738976,0.9648608,0.9701264,0.95606375,0.9635353,0.96116275,0.9365732,0.9375579,0.9751664,0.9685404,0.9718329,0.9647357,0.9643638,0.9712996,0.9642436,0.9633069,0.97136813,0.9686562,0.970458,0.97024107,0.9517855,0.9642062,0.9685569,0.96798986,0.96188843,0.9607814,0.9623925,0.96350956,0.9675927,0.9698632,0.96679866,0.97320366,0.9578861,0.96156543,0.96836597,0.96925527,0.9553925,0.95858574,0.95755446,0.9592653,0.9671117,0.9581456,0.97532505,0.82459563,0.9595903,0.96557146,0.959372,0.95093143,0.9246793,0.9636134,0.9592531,0.9638026,0.96123797,0.95465976,0.9710736,0.95511454,0.956323,0.9716191,0.9515559,0.96590906,0.96397406,0.96889716,0.9548616,0.97532505,0.9641797,0.9549747,0.97052836,0.96256804,0.9708263,0.9648071,0.9623642,0.9589127,0.9665943,0.95949936,0.96102685,0.9722882,0.9574026,0.9667388,0.9611955,0.9654419,0.9577612,0.9462482,0.9661529,0.8774145,0.9725294,0.9345079,0.96506685,0.9787811,0.9915174,0.95368344,0.9672463,0.9669621,0.96442044,0.9630629,0.9689037,0.96143186,0.96739185,0.96769917,0.96360433,0.96760684,0.96790093,0.9473582,0.9697159,0.964817,0.9643836,0.95719033,0.96341485,0.96607757,0.97206074,0.96183515,0.97199535,0.9545971,0.9853562,0.96632415,0.9640899,0.96333045,0.9625308,0.9590203,0.9515417,0.94372606,0.96645343,0.9746106,0.97187597,0.97085357,0.9569903,0.96584547,0.9628225,0.9570857,0.9633273,0.9719213,0.958689,0.9649599,0.9853562,0.9564983,0.96656126,0.9704518,0.96316445
47metersdown,0.961616,0.9999999,0.96618086,0.95098966,0.95478874,0.9639277,0.9640371,0.96649456,0.97738177,0.9534674,0.96800953,0.9617586,0.9568786,0.9624018,0.9634499,0.96869427,0.9552308,0.9555603,0.96197325,0.9548728,0.951923,0.96252054,0.9674874,0.959182,0.95569605,0.89501935,0.9625437,0.9555407,0.96555513,0.9531946,0.96071184,0.95739084,0.951936,0.95585287,0.94403327,0.92758656,0.9636899,0.96227175,0.9631273,0.9653808,0.96101093,0.9623516,0.9581949,0.9581106,0.9578271,0.96525294,0.96765816,0.9652271,0.94343454,0.95705664,0.9641115,0.96960527,0.9545801,0.95417494,0.94876647,0.94876575,0.9601919,0.96276325,0.96067446,0.9637722,0.95621145,0.94536984,0.9553374,0.96386254,0.9552627,0.95760775,0.9519016,0.96538955,0.9576668,0.95164007,0.96251774,0.8282754,0.9502468,0.9602455,0.94624555,0.9489593,0.9089666,0.9563501,0.95675975,0.9485405,0.9597681,0.95084286,0.96500087,0.95022684,0.96247315,0.9619164,0.9527846,0.9549728,0.9576147,0.95912504,0.9477685,0.96251774,0.9573387,0.9465578,0.9543359,0.9544327,0.9659118,0.9575258,0.9529626,0.9554148,0.96302855,0.96223295,0.9573359,0.96034145,0.9636762,0.9636403,0.9644233,0.96777236,0.94765586,0.9600282,0.95934814,0.87926555,0.95586383,0.93099046,0.96537715,0.9662676,0.9674085,0.9487673,0.9659026,0.9624869,0.96406496,0.9640446,0.95700467,0.95655847,0.9603548,0.96217364,0.9533348,0.95643336,0.95490974,0.9271258,0.9601544,0.9582998,0.9593385,0.95605665,0.95843625,0.9613137,0.9572553,0.95882475,0.9590934,0.95757616,0.97738177,0.9629297,0.95733744,0.96499234,0.96243787,0.9533885,0.95326084,0.9564874,0.9661538,0.9577984,0.96197,0.9610314,0.95402443,0.95374125,0.9495702,0.95303726,0.947502,0.95682627,0.9542628,0.9603641,0.97738177,0.95682573,0.9624282,0.9547048,0.9578648
abeautifuldaymovie,0.97053266,0.96618086,1.0,0.95810145,0.9622836,0.9593968,0.9603043,0.9596756,0.9836186,0.9643137,0.9704618,0.97025925,0.96381384,0.9678408,0.9716442,0.96904343,0.966371,0.9555235,0.96400493,0.95678234,0.95068675,0.9749111,0.96765286,0.97005105,0.963901,0.9163405,0.96387726,0.9628406,0.9808267,0.9604733,0.9645731,0.960385,0.9595021,0.9728675,0.9376162,0.9483076,0.97693044,0.96039855,0.96430206,0.96384835,0.9590667,0.9674556,0.9586974,0.96137667,0.9692057,0.97171205,0.9665857,0.962622,0.9601243,0.9583711,0.98136693,0.9701417,0.96407276,0.96130633,0.9552923,0.963236,0.96754944,0.9694581,0.96467036,0.96919113,0.9539894,0.9604458,0.96541786,0.9670807,0.95618707,0.9576111,0.9431537,0.96555895,0.9637695,0.95808995,0.9711699,0.83335036,0.9605969,0.9654929,0.9575751,0.95805186,0.9322658,0.9676469,0.9685307,0.9567379,0.9617324,0.9514434,0.97343785,0.9605521,0.96985877,0.9614268,0.9589161,0.9687458,0.9648339,0.9679162,0.957036,0.9711699,0.9695258,0.9553767,0.97658396,0.9550182,0.9689358,0.9678484,0.9653422,0.9563394,0.97377396,0.9566908,0.9686441,0.96908253,0.960651,0.9785218,0.96807456,0.9672255,0.96266305,0.9576486,0.9707318,0.8879091,0.96917,0.94152635,0.9714404,0.9733812,0.9728687,0.95926726,0.96687627,0.9604307,0.96105486,0.9645618,0.9669602,0.9619622,0.97148424,0.9628215,0.9677937,0.97189766,0.9634525,0.93813396,0.96494603,0.9698482,0.9661274,0.96238726,0.9673989,0.96494865,0.9591278,0.96315813,0.96818376,0.9646651,0.9836186,0.97533184,0.9719383,0.9595284,0.95425427,0.9631415,0.9637945,0.94752747,0.9660775,0.9714613,0.9645785,0.9725717,0.9645007,0.9562089,0.95817167,0.9542309,0.95423615,0.96780884,0.9608049,0.96378344,0.9836186,0.9571223,0.96778256,0.9594179,0.97167563
abominablemovie,0.9578115,0.95098966,0.95810145,0.9999997,0.95096946,0.95594686,0.95822024,0.95537394,0.97544277,0.9506873,0.9557057,0.9583013,0.95982283,0.95417446,0.96560645,0.96265143,0.95542616,0.9413266,0.95509696,0.9568017,0.9540525,0.95530593,0.9624332,0.9689663,0.951401,0.90831286,0.9525455,0.9529691,0.9555672,0.94823635,0.9529056,0.9502478,0.9481985,0.9544129,0.9447685,0.9370488,0.9605537,0.95332676,0.96941125,0.9443984,0.9491668,0.9614071,0.9561193,0.952632,0.9576979,0.96801,0.9619964,0.9568796,0.94979346,0.9540255,0.9567092,0.9604764,0.9513499,0.953652,0.9499112,0.9512186,0.9599726,0.96446496,0.9629542,0.9632681,0.9445403,0.955934,0.96312016,0.95489967,0.9504103,0.94820124,0.9537809,0.9596016,0.94667774,0.9571902,0.96565205,0.8365192,0.954201,0.9552899,0.9608554,0.93709356,0.91764456,0.9539092,0.9504024,0.9431683,0.9497468,0.9612609,0.96134806,0.9533306,0.9621628,0.9623569,0.95879036,0.95262647,0.94846165,0.9612928,0.9455232,0.96565205,0.9508212,0.94969,0.9481154,0.95953494,0.96345407,0.96006507,0.9585857,0.9422139,0.96288925,0.95251375,0.9578568,0.95635873,0.9540316,0.952986,0.95241076,0.953451,0.9486259,0.94072324,0.96393675,0.8895801,0.96110326,0.93810236,0.9567815,0.9555487,0.96425146,0.9514222,0.95905906,0.9547426,0.96522814,0.95205426,0.9551754,0.9481035,0.94638616,0.95345443,0.94662064,0.9569855,0.954192,0.9291574,0.9623507,0.95496714,0.9521331,0.94331914,0.962571,0.95268434,0.95538265,0.9547219,0.963976,0.9463887,0.97544277,0.9550644,0.9606932,0.95035046,0.9419322,0.9519515,0.9423321,0.9529826,0.95851284,0.95846343,0.9615391,0.95557445,0.95125294,0.95205134,0.96187425,0.95347065,0.950477,0.9564447,0.9609628,0.95154846,0.97544277,0.9446492,0.9543075,0.9606899,0.9518808
adastramovie,0.9693784,0.95478874,0.9622836,0.95096946,1.0000001,0.96000403,0.96830744,0.9592097,0.9806391,0.96898663,0.96297544,0.96275824,0.9573044,0.95709467,0.9695191,0.95915884,0.96156764,0.97866225,0.9641853,0.9614183,0.9514222,0.9618054,0.9661356,0.9583037,0.9545063,0.9180823,0.972836,0.96195364,0.95933676,0.96225065,0.96086174,0.9501806,0.9551632,0.9590455,0.93654364,0.93124956,0.96631116,0.9569249,0.9696309,0.96035963,0.96001524,0.9641614,0.95825267,0.95947844,0.964629,0.9640376,0.9638294,0.9644889,0.9461704,0.957102,0.96571237,0.9696228,0.95875996,0.9581496,0.9572541,0.9751258,0.96952885,0.9644011,0.9669845,0.9665339,0.95886475,0.96009356,0.9606298,0.96558684,0.95593894,0.962182,0.95172775,0.9636278,0.9616631,0.9441561,0.9698487,0.82103807,0.9491094,0.9606326,0.9538715,0.9577404,0.913259,0.9580017,0.95651907,0.9654883,0.95761967,0.95864254,0.9656515,0.96203274,0.9541945,0.96741766,0.9448,0.96520996,0.96221286,0.9655281,0.9609426,0.9698487,0.9599373,0.9541607,0.9615221,0.94974774,0.9606244,0.9651812,0.9586871,0.96139836,0.9586572,0.9557188,0.95793533,0.9643713,0.9571762,0.96453166,0.95914245,0.9553465,0.9509525,0.9391434,0.96843755,0.8917124,0.9655656,0.93449956,0.96469,0.9620872,0.9689828,0.95401955,0.96371406,0.9704691,0.96962655,0.95424,0.96616226,0.9560584,0.9613823,0.9689301,0.960002,0.96130496,0.96911275,0.9330693,0.9669441,0.97212,0.9602768,0.9622889,0.9654124,0.9636531,0.956726,0.94835794,0.96356535,0.9493425,0.9806391,0.96088123,0.9588308,0.9525924,0.9599145,0.9634815,0.95219946,0.9410667,0.9593819,0.964874,0.9726757,0.96526515,0.95194656,0.95257473,0.95331764,0.95949835,0.9611426,0.9589237,0.95497525,0.96149516,0.9806391,0.96427315,0.9599481,0.95817786,0.96332
adogsjourneymovie,0.9688403,0.9639277,0.9593968,0.95594686,0.96000403,1.0,0.9649596,0.95704174,0.978235,0.95398873,0.9645216,0.9541559,0.95770705,0.9569182,0.96776927,0.9663585,0.95767486,0.95241743,0.9639664,0.95025337,0.9570462,0.9645129,0.9696449,0.9537266,0.9489224,0.9032244,0.961675,0.9581846,0.96173704,0.9563435,0.9620178,0.9548486,0.9617881,0.95683473,0.94932365,0.9254472,0.9684911,0.9619642,0.9685932,0.96363276,0.95424414,0.9619658,0.96115977,0.9557837,0.9551848,0.95938647,0.9697803,0.9607076,0.9441921,0.9576928,0.9620027,0.96711016,0.96841687,0.9620722,0.95304567,0.953907,0.9559571,0.95969015,0.9606947,0.9659575,0.9513956,0.95506144,0.9612779,0.9658883,0.95130825,0.9543755,0.9504555,0.953146,0.9608845,0.9557146,0.9700036,0.82902837,0.95203745,0.95820504,0.9640728,0.94110185,0.91641676,0.95037234,0.9534316,0.9633913,0.9582064,0.9512282,0.9644775,0.95813507,0.9602992,0.96142966,0.95195514,0.9548076,0.95700014,0.962611,0.9490627,0.9700036,0.953028,0.95005417,0.96113497,0.96297795,0.9629515,0.95497787,0.95717764,0.9518179,0.95933896,0.9558527,0.9673753,0.9654536,0.94766843,0.95981324,0.9643719,0.9602454,0.9482037,0.93917316,0.9640436,0.8886801,0.95901847,0.9353198,0.9609077,0.9719581,0.97190106,0.9590728,0.9563341,0.96408975,0.9668095,0.9559185,0.96106017,0.9738742,0.9654985,0.9578408,0.9538549,0.9547698,0.95572233,0.93808734,0.9710622,0.9570386,0.95760316,0.94660807,0.96461195,0.95853615,0.95872223,0.9553395,0.9642639,0.94458956,0.978235,0.96154535,0.95344645,0.956071,0.9626402,0.9500383,0.9414357,0.9540742,0.9631321,0.96046764,0.9669745,0.9603844,0.95623,0.95037913,0.9619689,0.9552337,0.95634043,0.9590854,0.9522457,0.96190506,0.978235,0.9541417,0.9683778,0.9661718,0.95429254
aftermathmovie,0.9670209,0.9640371,0.9603043,0.95822024,0.96830744,0.9649596,1.0000004,0.9588882,0.98032826,0.96045506,0.96559614,0.9584076,0.9587203,0.958978,0.96765554,0.96869445,0.95910674,0.96252155,0.9577005,0.9604385,0.9529806,0.96191275,0.96916026,0.9671049,0.9630493,0.89228797,0.9660895,0.9616055,0.9613137,0.9619485,0.95850563,0.95626575,0.95968145,0.9597954,0.94354856,0.93144417,0.96592844,0.959171,0.9679807,0.96129197,0.96068424,0.97355264,0.9543846,0.9628643,0.9631055,0.9662899,0.96718574,0.9628637,0.95829785,0.96628773,0.9630539,0.96949893,0.9659599,0.96211624,0.9542037,0.96053845,0.9651079,0.9644979,0.971567,0.96963465,0.9499659,0.9619264,0.9622437,0.9624289,0.9588233,0.95676386,0.94960684,0.9616219,0.9616771,0.9454785,0.9698664,0.81796193,0.9532811,0.96086407,0.9557016,0.94774044,0.9117718,0.9622417,0.9597084,0.95442426,0.9587873,0.97723055,0.9630026,0.9567533,0.95515966,0.9620095,0.9535851,0.965375,0.9584835,0.9618252,0.9567302,0.9698664,0.963779,0.95130223,0.9578301,0.9626436,0.9702494,0.96503794,0.9793372,0.9596964,0.96140033,0.9643656,0.9582996,0.96466285,0.9629476,0.9628982,0.9642241,0.9560907,0.9524723,0.9427371,0.9662775,0.8922236,0.96638995,0.9317088,0.9652494,0.962929,0.9680543,0.95609295,0.96497977,0.99236333,0.9645329,0.9661536,0.9649081,0.95897436,0.9608373,0.9666936,0.963086,0.95699817,0.9647029,0.9217759,0.96745276,0.9637913,0.9627724,0.95515734,0.9660045,0.9656287,0.9544826,0.96241254,0.9648679,0.9612822,0.98032826,0.9618498,0.9618524,0.9508346,0.9530716,0.9600531,0.95275784,0.95258147,0.9593097,0.9575905,0.98635226,0.9636204,0.9545054,0.9590805,0.95793027,0.9617818,0.96034074,0.9569751,0.9565527,0.9611919,0.98032826,0.95977575,0.9667719,0.9667553,0.96297145
aftermovie,0.964446,0.96649456,0.9596756,0.95537394,0.9592097,0.95704174,0.9588882,0.99999994,0.97961897,0.9603484,0.95945185,0.9641258,0.9575346,0.9526781,0.966104,0.9606448,0.96121514,0.9526379,0.9603314,0.95976746,0.9568253,0.96104825,0.96571976,0.95952374,0.96248484,0.92904073,0.96132636,0.9602588,0.9621405,0.95935583,0.9560771,0.9633086,0.9530199,0.9517433,0.9486366,0.9397935,0.9696521,0.9601523,0.96363145,0.962872,0.9576276,0.95514077,0.95612156,0.9591454,0.9610381,0.96609914,0.96210265,0.9689345,0.947045,0.95705646,0.961686,0.97190547,0.95638716,0.95871246,0.9659213,0.95732415,0.9615533,0.9638124,0.9630879,0.968334,0.9480602,0.9522925,0.9624073,0.9521687,0.9527353,0.9551975,0.9577772,0.967751,0.9516093,0.9476074,0.96512955,0.83907926,0.95089895,0.9579444,0.9506812,0.94944316,0.91240704,0.96009433,0.9573281,0.9598548,0.9502211,0.952609,0.95676666,0.9666974,0.9543842,0.9655345,0.94564956,0.96168876,0.9620837,0.9619763,0.9557914,0.96512955,0.9584854,0.9614728,0.9636826,0.94989836,0.96718967,0.95720595,0.95380646,0.95618457,0.9652111,0.95600146,0.9548745,0.9658434,0.9582827,0.9647529,0.9658021,0.95745015,0.9462108,0.9583465,0.9604754,0.88357025,0.96188027,0.93547875,0.9642121,0.96024173,0.9664774,0.9515338,0.9607685,0.9562967,0.9623374,0.9573676,0.9563801,0.9512897,0.9582952,0.9671692,0.9638899,0.95737916,0.9568759,0.93038493,0.9668886,0.95665765,0.9561092,0.96010184,0.9606517,0.96374255,0.9549432,0.9549856,0.9609187,0.950456,0.97961897,0.96005267,0.9591762,0.95769984,0.9541806,0.9572567,0.95660925,0.9498728,0.9577268,0.95750535,0.9620771,0.9578498,0.96049917,0.95132536,0.9568956,0.9626,0.9495667,0.9634628,0.96624637,0.95295894,0.97961897,0.96039706,0.95690733,0.9589135,0.95767546
ahiddenlifefilm,0.9853562,0.97738177,0.9836186,0.97544277,0.9806391,0.978235,0.98032826,0.97961897,1.0000004,0.97615343,0.9829163,0.9794917,0.9784614,0.97876704,0.9878076,0.98123187,0.97991914,0.9741764,0.98062295,0.9762417,0.9719016,0.9820686,0.9857304,0.97977394,0.9754806,0.93082315,0.9814416,0.97972775,0.9832167,0.97490364,0.9791718,0.97765523,0.9738273,0.97760487,0.9585181,0.95349354,0.9879917,0.97634363,0.98558414,0.97903657,0.97716045,0.98215425,0.97740453,0.9800153,0.98080295,0.9839428,0.9831314,0.9817544,0.96883255,0.9788993,0.9846553,0.98587877,0.9771904,0.9760607,0.97462857,0.97564423,0.9810964,0.97992444,0.9818163,0.9865193,0.97335047,0.9733249,0.9776867,0.9836972,0.9723454,0.97414994,0.96903276,0.9798516,0.9762831,0.9731369,0.98699033,0.8403564,0.9718761,0.9793026,0.9727303,0.96913534,0.93289375,0.97795904,0.9764777,0.9760631,0.97590214,0.97269946,0.98409945,0.97477233,0.97669953,0.98065823,0.97088647,0.9811932,0.97585714,0.98265797,0.97117877,0.98699033,0.97860515,0.97044766,0.9814279,0.974639,0.9837703,0.982716,0.9771267,0.9729813,0.9820292,0.97344023,0.9775481,0.9823817,0.9738717,0.98267823,0.9821839,0.97949815,0.9692094,0.9668295,0.9830661,0.89940786,0.9828708,0.95424104,0.98162025,0.98260164,0.9888622,0.97284883,0.98424643,0.97987926,0.9813966,0.9767255,0.98245925,0.9722819,0.97944635,0.9805104,0.9782454,0.9804864,0.97627264,0.95361733,0.9844702,0.97838837,0.9782786,0.9750688,0.9805779,0.97928274,0.97424287,0.97527534,0.98381364,0.97157764,1.0000004,0.98372287,0.9790193,0.9773457,0.97327083,0.9774556,0.97026145,0.9660458,0.981857,0.9815457,0.98473775,0.9828565,0.9759794,0.9679533,0.9746315,0.9762018,0.9737173,0.98018765,0.9749756,0.9774483,1.0000004,0.9757121,0.9805766,0.9807814,0.98025227
alitamovie,0.96250826,0.9534674,0.9643137,0.9506873,0.96898663,0.95398873,0.96045506,0.9603484,0.97615343,1.0000001,0.96323127,0.959512,0.9556022,0.9566955,0.96725875,0.9599152,0.94977266,0.96145654,0.9604551,0.9599961,0.9482585,0.9526416,0.95925194,0.9573118,0.95543104,0.92123306,0.96298695,0.95719856,0.9619653,0.9614432,0.9595543,0.9572774,0.94422233,0.95587623,0.9325989,0.9366881,0.9737198,0.9493084,0.96311784,0.95479304,0.9448084,0.95847267,0.95768666,0.9630965,0.9662928,0.9527042,0.9568341,0.95753026,0.95184946,0.9581662,0.96546835,0.96891356,0.96074617,0.95665306,0.9496462,0.96658605,0.96274143,0.9632467,0.96034354,0.9632494,0.9452544,0.95772785,0.9625128,0.9547214,0.9574463,0.9534262,0.93934375,0.9622971,0.95039856,0.94839597,0.96679014,0.82075393,0.9519602,0.95968956,0.9520202,0.952963,0.9098428,0.96104735,0.96057075,0.95639634,0.96201074,0.9430271,0.95703626,0.961566,0.95542634,0.9689709,0.94400424,0.96664006,0.95483637,0.9662164,0.94819766,0.96679014,0.949444,0.9480594,0.96575475,0.9530143,0.9617922,0.96075267,0.95235187,0.9510418,0.9585258,0.9511682,0.95607203,0.9592721,0.96308106,0.96370405,0.9539213,0.95352757,0.9569896,0.9531285,0.9606098,0.8781306,0.9621649,0.9365747,0.9557243,0.9586707,0.9620409,0.94937956,0.96325743,0.9598167,0.9512849,0.9550133,0.9623168,0.9523291,0.9593565,0.96043795,0.9638309,0.95605564,0.9613616,0.93161833,0.9619521,0.9647605,0.9540276,0.96086764,0.96436536,0.9660504,0.95180964,0.9485529,0.96376354,0.9532162,0.97615343,0.9577758,0.9561868,0.95096564,0.946629,0.9675937,0.9508988,0.9445724,0.9553598,0.95925146,0.95867985,0.9611343,0.9568734,0.9466657,0.9565936,0.961807,0.9551555,0.96132594,0.9528053,0.95450866,0.97615343,0.95177025,0.9555658,0.95217746,0.9599442
angelhasfallen,0.96828175,0.96800953,0.9704618,0.9557057,0.96297544,0.9645216,0.96559614,0.95945185,0.9829163,0.96323127,0.99999994,0.96106535,0.9621057,0.962704,0.97316456,0.96316946,0.96254104,0.9601298,0.96290773,0.9590669,0.95238173,0.96895146,0.9681353,0.9574122,0.95583135,0.9162638,0.96313334,0.9610007,0.97410345,0.96089566,0.9704216,0.9641093,0.96055967,0.9654724,0.95104957,0.94108593,0.9742937,0.9630455,0.97006834,0.96683085,0.9682439,0.9632509,0.9623907,0.9605639,0.9620345,0.96447384,0.96657306,0.96153617,0.95053506,0.9610211,0.9724797,0.9647104,0.9632177,0.9614622,0.953105,0.95477986,0.9624779,0.9645198,0.9642937,0.973841,0.9615119,0.9529402,0.9571697,0.96960515,0.9580971,0.9650548,0.9472755,0.9660245,0.9674129,0.9536505,0.97368366,0.8303135,0.95807,0.96559167,0.96364325,0.9535078,0.9204355,0.968524,0.9656168,0.9518251,0.9726388,0.9588785,0.9718747,0.9579024,0.9621456,0.9638297,0.9646831,0.9607755,0.9617391,0.9652268,0.94982094,0.97368366,0.9618926,0.95614105,0.9710793,0.963666,0.9745392,0.96334034,0.9647849,0.9558371,0.9656614,0.95987105,0.96168196,0.9723656,0.95952314,0.9706086,0.9658827,0.9653326,0.9518353,0.9499614,0.9693259,0.889143,0.9641854,0.9407603,0.9618045,0.9733759,0.96981996,0.95901644,0.96681726,0.96420634,0.9642502,0.96284074,0.9660918,0.96009916,0.97288,0.96647525,0.9576107,0.9618192,0.95735884,0.9373806,0.9673378,0.96073717,0.9613421,0.9577186,0.9681596,0.96337295,0.95746446,0.9592732,0.969828,0.95567167,0.9829163,0.9680347,0.96161026,0.9628008,0.9589997,0.95803684,0.9570481,0.95828533,0.9673679,0.9602189,0.9661015,0.96408635,0.9547369,0.94670415,0.9617726,0.95506096,0.95933664,0.9683471,0.9645617,0.9604981,0.9829163,0.9561448,0.96803796,0.95947295,0.96354115
angrybirdsmovie,0.96361953,0.9617586,0.97025925,0.9583013,0.96275824,0.9541559,0.9584076,0.9641258,0.9794917,0.959512,0.96106535,1.0000001,0.96911144,0.95920825,0.96779144,0.9638994,0.96032435,0.94656515,0.960033,0.95720726,0.94783753,0.9656403,0.9673424,0.9657407,0.9643206,0.91935503,0.9594256,0.9595035,0.9615352,0.96697986,0.95795596,0.9698015,0.95447594,0.96964073,0.9442907,0.9394608,0.9664467,0.9582743,0.96848005,0.95899093,0.9521654,0.96321386,0.9583698,0.9575979,0.9699489,0.96936905,0.9637962,0.97110224,0.96015674,0.9557455,0.9745229,0.9757963,0.9586652,0.96537566,0.9572683,0.9565119,0.9587182,0.96876407,0.95650196,0.9666715,0.95075566,0.95126903,0.9662959,0.9597915,0.9578331,0.952198,0.9499952,0.97745216,0.9544232,0.9594932,0.96716064,0.8348215,0.9602704,0.95813715,0.9562952,0.954513,0.92591774,0.9596958,0.95723075,0.95547736,0.9565257,0.9562003,0.9645326,0.95529014,0.96930563,0.9621611,0.9522977,0.9700713,0.95311594,0.95857906,0.9520783,0.96716064,0.96767884,0.962872,0.97094184,0.95209914,0.9730058,0.96244186,0.958082,0.9638977,0.9655567,0.9630103,0.9617581,0.9673113,0.95412886,0.9755245,0.9582005,0.9597048,0.9552551,0.95893466,0.9631523,0.8874076,0.9681638,0.94577926,0.96956915,0.9621767,0.96856314,0.94869745,0.96663314,0.9602363,0.9611752,0.9602323,0.968588,0.954953,0.9610718,0.9572874,0.96117955,0.96418244,0.96169764,0.92839944,0.9616719,0.96812356,0.9503893,0.9616337,0.9660818,0.9640974,0.9668853,0.9548537,0.9681964,0.95453286,0.9794917,0.9678193,0.96746206,0.9608272,0.9592767,0.9662921,0.9580806,0.9543468,0.96492344,0.9696877,0.9613598,0.9593039,0.95807946,0.95635873,0.95676637,0.9567955,0.9566553,0.96336406,0.96092,0.9621744,0.9794917,0.95676523,0.95879114,0.9600236,0.9672651
annabellemovie,0.96096134,0.9568786,0.96381384,0.95982283,0.9573044,0.95770705,0.9587203,0.9575346,0.9784614,0.9556022,0.9621057,0.96911144,1.0000001,0.95259064,0.9700058,0.9566697,0.9622451,0.94902146,0.96031046,0.9607845,0.9573586,0.96853995,0.9649654,0.96670204,0.95987666,0.91251963,0.9553219,0.963531,0.9644077,0.96240526,0.9606106,0.966687,0.95094144,0.95566964,0.94971853,0.93449867,0.9673057,0.97503525,0.9681282,0.9502743,0.9560091,0.9616144,0.95693237,0.95846295,0.96295613,0.9679236,0.96135587,0.96690995,0.9535654,0.95756114,0.96789896,0.96950644,0.9640851,0.9668418,0.9611492,0.9513809,0.9613914,0.9693503,0.9696989,0.9702105,0.9647169,0.95752406,0.96118903,0.97044575,0.95591253,0.9580821,0.952776,0.9626332,0.94935197,0.9553891,0.96963817,0.836017,0.9569763,0.9556572,0.9617612,0.95269114,0.9242246,0.9597622,0.9640886,0.9625144,0.9606869,0.96342534,0.97627234,0.9637646,0.9746149,0.96545666,0.96375126,0.9755983,0.9635999,0.96679646,0.96120894,0.96963817,0.95955753,0.9553948,0.96105653,0.95820296,0.9637577,0.960012,0.95670956,0.9495662,0.9612372,0.96359074,0.96431863,0.9615312,0.9521013,0.9660232,0.9606328,0.96719223,0.9460372,0.94496596,0.96417236,0.8958132,0.9717301,0.9413131,0.96816957,0.96160984,0.96739185,0.9549217,0.9684789,0.9562973,0.96771467,0.9680091,0.96232265,0.95187205,0.96300143,0.95860994,0.96073204,0.95980406,0.958689,0.94111705,0.95907736,0.962754,0.959367,0.9513772,0.9692336,0.966183,0.9566339,0.9561659,0.9706082,0.9483643,0.9784614,0.96997416,0.9588139,0.9671529,0.96011996,0.96577746,0.9535416,0.9643918,0.96891284,0.96359605,0.95977473,0.96768034,0.9626333,0.9515198,0.9544387,0.96080595,0.9510173,0.96029073,0.9619155,0.9637183,0.9784614,0.95600885,0.9624088,0.9664421,0.96321976
annamovie,0.9659314,0.9624018,0.9678408,0.95417446,0.95709467,0.9569182,0.958978,0.9526781,0.97876704,0.9566955,0.962704,0.95920825,0.95259064,1.0000002,0.9673464,0.9711935,0.9618066,0.95646685,0.9646284,0.9585184,0.952572,0.9533152,0.9698608,0.9661282,0.9604166,0.904616,0.95729184,0.9569907,0.9627117,0.9602786,0.9609655,0.95533574,0.9614145,0.9570041,0.92507565,0.9349676,0.9722542,0.9501107,0.96442056,0.95707285,0.95810306,0.95848054,0.9582967,0.9565867,0.9617879,0.9659662,0.96689904,0.9549775,0.95262516,0.9559182,0.9635569,0.96301144,0.95068413,0.9476379,0.94960284,0.95476747,0.961681,0.95401615,0.96194094,0.96808314,0.95385486,0.95912606,0.9578289,0.97120523,0.95493674,0.950539,0.95336723,0.9608101,0.9587521,0.9639327,0.9669682,0.8128815,0.9522817,0.95997965,0.94628143,0.955676,0.9134862,0.960758,0.9579721,0.9513615,0.95659834,0.95009696,0.96522546,0.9464733,0.95136386,0.9577654,0.9495556,0.95993763,0.95391965,0.96642166,0.9481755,0.9669682,0.9606533,0.954361,0.9629878,0.9577238,0.9614438,0.9658688,0.9583273,0.9669223,0.96463877,0.9526377,0.9558841,0.9610873,0.96760225,0.95847505,0.9644535,0.95819724,0.95167357,0.9458835,0.9615655,0.8685108,0.9628861,0.9287872,0.96111506,0.9672373,0.9677193,0.9508732,0.9707227,0.9575144,0.96022487,0.95764047,0.9644636,0.95157766,0.95613486,0.960845,0.9598781,0.96300656,0.9499954,0.9336456,0.96570843,0.9547651,0.95697767,0.9513803,0.95756197,0.96321267,0.9603979,0.9541742,0.9617386,0.95987725,0.97876704,0.9622229,0.9653723,0.9572269,0.95050573,0.95616454,0.95097476,0.9381363,0.9582184,0.96473885,0.96638095,0.96239597,0.95699954,0.9588836,0.9576666,0.95988375,0.9588199,0.96049434,0.95495445,0.9573434,0.97876704,0.95463073,0.9608728,0.96372765,0.96020013
apollo11movie,0.9721569,0.9634499,0.9716442,0.96560645,0.9695191,0.96776927,0.96765554,0.966104,0.9878076,0.96725875,0.97316456,0.96779144,0.9700058,0.9673464,1.0,0.9678673,0.9690994,0.96106,0.96639615,0.97970855,0.96451646,0.97088695,0.9762914,0.97062814,0.9670364,0.9221839,0.96930015,0.97206646,0.9697549,0.96647185,0.96825904,0.970003,0.96353173,0.96551776,0.953345,0.94833535,0.97678787,0.96272683,0.9739223,0.9684369,0.9711768,0.9733958,0.9694492,0.970272,0.965946,0.9727773,0.9720223,0.96997434,0.95782405,0.97244203,0.96834326,0.9759318,0.9687259,0.9683855,0.9673783,0.96515554,0.9689653,0.96978575,0.96981275,0.97344387,0.96530753,0.96692026,0.9607893,0.9737768,0.9663574,0.95805466,0.9603777,0.9726894,0.96212286,0.96089077,0.9725208,0.82900435,0.95790786,0.97032034,0.9618239,0.955064,0.918038,0.9648933,0.9633035,0.96773255,0.9689208,0.96483314,0.97334707,0.9657905,0.9672243,0.9697982,0.96580756,0.96943843,0.9592894,0.9726409,0.96091586,0.9725208,0.96647716,0.96121705,0.96942085,0.973251,0.97410214,0.9706449,0.9684029,0.9624025,0.9700667,0.9651809,0.9661276,0.96642506,0.9673972,0.9662931,0.97003424,0.9662623,0.9591756,0.95625156,0.96927387,0.898474,0.97449464,0.9467275,0.9720241,0.97163886,0.9779327,0.9642733,0.97623825,0.966356,0.97091824,0.9634837,0.9709496,0.9649399,0.96847194,0.9687985,0.96290547,0.9635315,0.95992976,0.9418762,0.9709434,0.96558255,0.9649137,0.9630824,0.97057015,0.97038954,0.9632032,0.96421665,0.96973014,0.9616727,0.9878076,0.9710265,0.9654154,0.96692204,0.9638424,0.9682109,0.96067774,0.9593005,0.9679746,0.9733323,0.97189045,0.9725948,0.9651691,0.95708275,0.9638511,0.9624802,0.9678661,0.9664121,0.9666617,0.9669473,0.9878076,0.96446824,0.9681815,0.9751406,0.96703887
arcticdogsmovie,0.96799815,0.96869427,0.96904343,0.96265143,0.95915884,0.9663585,0.96869445,0.9606448,0.98123187,0.9599152,0.96316946,0.9638994,0.9566697,0.9711935,0.9678673,1.0000004,0.95924866,0.95462674,0.97066665,0.95538,0.9477209,0.9580234,0.9723883,0.96874946,0.9596148,0.90687,0.9620963,0.95741105,0.96730995,0.95714223,0.9670273,0.9551971,0.95972455,0.96604097,0.94142795,0.93950856,0.9746356,0.95803183,0.97158706,0.9560997,0.95133233,0.9704488,0.9645033,0.9671441,0.9663836,0.9672284,0.9729625,0.96198523,0.9632775,0.967092,0.9704924,0.9707355,0.9582421,0.96141434,0.9539051,0.95646244,0.96366966,0.9659785,0.96511745,0.9674007,0.9510415,0.956455,0.9643481,0.964006,0.95035464,0.9517437,0.9532494,0.96303755,0.9610451,0.9563027,0.9696289,0.8399169,0.95786107,0.9614381,0.9509821,0.95310307,0.9217554,0.9617848,0.95600307,0.95070404,0.9586652,0.9615175,0.9671011,0.9506352,0.9614318,0.96362823,0.9544073,0.9601901,0.9648987,0.9666922,0.9499124,0.9696289,0.9616561,0.9504698,0.96842456,0.96088314,0.96646976,0.968538,0.9673892,0.9596938,0.967865,0.95362514,0.9588824,0.9653319,0.96513903,0.9682067,0.9618387,0.9693675,0.9684573,0.9505389,0.9689415,0.88597775,0.9701841,0.9353901,0.9663853,0.96765834,0.9685371,0.95443106,0.9679848,0.9667292,0.9643044,0.96665967,0.9700604,0.9647632,0.95943654,0.9614281,0.9578091,0.9684911,0.9622026,0.9440783,0.966574,0.9601985,0.9613962,0.95261663,0.96652293,0.96382517,0.9582276,0.9583525,0.9694466,0.95821613,0.98123187,0.9640682,0.9647159,0.9600188,0.95487523,0.9589015,0.951685,0.9510516,0.96585107,0.9638346,0.9722537,0.9690184,0.9644642,0.95881414,0.96146643,0.96364355,0.9554612,0.96022224,0.9609142,0.96428275,0.98123187,0.9544514,0.9639871,0.9618677,0.9621006
arcticmovie,0.9692407,0.9552308,0.966371,0.95542616,0.96156764,0.95767486,0.95910674,0.96121514,0.97991914,0.94977266,0.96254104,0.96032435,0.9622451,0.9618066,0.9690994,0.95924866,0.99999994,0.95172167,0.96336776,0.96011746,0.95549476,0.9671334,0.9646758,0.9673721,0.9601605,0.9128052,0.9606369,0.9705946,0.96749645,0.95857096,0.9609858,0.9631806,0.9555244,0.9583841,0.94782376,0.9426965,0.97322065,0.96397895,0.96498066,0.9580866,0.95753986,0.9626686,0.9542315,0.95606923,0.9616875,0.9678929,0.96000314,0.96604776,0.95438594,0.9573532,0.96469694,0.96419656,0.96243596,0.9588645,0.9611697,0.9547244,0.9686505,0.9569999,0.9681275,0.9665271,0.9565771,0.9543114,0.959671,0.965471,0.94917285,0.9606778,0.9561343,0.9594131,0.9619351,0.9593167,0.96972764,0.8202929,0.95910424,0.9575974,0.959154,0.9565057,0.9317105,0.9598324,0.95533043,0.9607987,0.9544518,0.9551068,0.9650022,0.9588044,0.960047,0.9561682,0.9580852,0.9614698,0.9589937,0.9630472,0.956496,0.96972764,0.9632307,0.95024234,0.96351033,0.9564637,0.96451974,0.9661937,0.9546758,0.955678,0.96700346,0.9538966,0.9597275,0.9625141,0.94763476,0.9609389,0.96466815,0.96462023,0.9472125,0.9538343,0.960575,0.88843125,0.9598186,0.94064987,0.96374077,0.969979,0.97204494,0.95866954,0.96856177,0.95795166,0.9639518,0.9587661,0.96214896,0.95095956,0.96560603,0.9652969,0.95615315,0.9668968,0.95707464,0.9399097,0.9711995,0.9591763,0.9787438,0.96260023,0.96009946,0.96162546,0.95718265,0.95280766,0.9627118,0.9512371,0.97991914,0.9645189,0.9640283,0.9586186,0.9581161,0.95651245,0.9559606,0.9519498,0.96224105,0.9644218,0.96662724,0.957831,0.9594304,0.95325977,0.9566409,0.95831597,0.95204926,0.9658129,0.95526946,0.9555494,0.97991914,0.9583489,0.9673314,0.96787184,0.96237856
artofracingmovie,0.9637749,0.9555603,0.9555235,0.9413266,0.97866225,0.95241743,0.96252155,0.9526379,0.9741764,0.96145654,0.9601298,0.94656515,0.94902146,0.95646685,0.96106,0.95462674,0.95172167,0.99999976,0.96278894,0.9565107,0.9474333,0.9568229,0.96421343,0.9499826,0.9454142,0.9162391,0.9641578,0.956636,0.9569292,0.9532934,0.95858234,0.9455419,0.9566307,0.9469827,0.9270024,0.9225478,0.9636594,0.9501621,0.96798825,0.95430374,0.9575964,0.959146,0.95280886,0.95842475,0.95833,0.95693666,0.96130824,0.9557108,0.9432205,0.9535931,0.96124285,0.9566387,0.95150757,0.94313437,0.9508934,0.9686522,0.9651084,0.9547177,0.96143705,0.96262,0.9529397,0.9508546,0.9541694,0.9597629,0.9414961,0.9567389,0.94783676,0.9500076,0.95961136,0.9400491,0.9627998,0.8157901,0.9457068,0.9559654,0.942999,0.9517441,0.89754933,0.9562481,0.9498505,0.95721465,0.9514642,0.94620466,0.9593101,0.95399886,0.94535196,0.9627655,0.9377028,0.9564921,0.9572349,0.963423,0.94654685,0.9627998,0.9527366,0.9498979,0.95706916,0.9446842,0.95842713,0.96323705,0.95507306,0.9510699,0.9535768,0.9507377,0.9487053,0.95680827,0.95338094,0.9566678,0.9545223,0.9486173,0.94152224,0.9327208,0.95828277,0.8763508,0.9533036,0.9260226,0.9502001,0.9600136,0.96336406,0.9400548,0.9559499,0.9610399,0.9573788,0.94558626,0.96111715,0.95024,0.9584489,0.960753,0.9572614,0.9616048,0.96109563,0.92386675,0.9629728,0.95955133,0.95306414,0.95519584,0.95267266,0.95992965,0.9428168,0.94445896,0.95726407,0.9548057,0.9741764,0.9563867,0.94534135,0.94653153,0.9530938,0.9501231,0.94405746,0.9309685,0.95068055,0.96165276,0.96583545,0.95676386,0.9458647,0.94431823,0.9447135,0.9546225,0.95089704,0.9544989,0.9443153,0.9455017,0.9741764,0.9547369,0.9611004,0.95225227,0.9564424
avengers,0.9820564,0.96197325,0.96400493,0.95509696,0.9641853,0.9639664,0.9577005,0.9603314,0.98062295,0.9604551,0.96290773,0.960033,0.96031046,0.9646284,0.96639615,0.97066665,0.96336776,0.96278894,0.9999995,0.95446265,0.94856805,0.9611744,0.97217035,0.9538238,0.960195,0.9191359,0.96245956,0.9614429,0.96732014,0.9553804,0.9815944,0.9541623,0.96362096,0.95797247,0.93876153,0.93063426,0.9721225,0.96232843,0.9717897,0.96203554,0.960358,0.9632758,0.9608336,0.96301293,0.96747375,0.96116465,0.97286516,0.9650084,0.9499398,0.9608725,0.9688963,0.9654471,0.95675075,0.95380574,0.95445126,0.9631277,0.96321124,0.95972306,0.963762,0.96966255,0.9580648,0.9512165,0.96255314,0.97167075,0.946642,0.9583644,0.9579989,0.9592538,0.9613407,0.9605828,0.9729852,0.8277984,0.95849234,0.9588642,0.9556807,0.950934,0.9200217,0.9570267,0.94988966,0.9555636,0.9559497,0.94680667,0.96880955,0.95799553,0.9592399,0.96592426,0.9498772,0.95979416,0.9596577,0.9633871,0.95264703,0.9729852,0.95597,0.9575904,0.96535325,0.9557699,0.959228,0.96436214,0.9535589,0.9581141,0.9632117,0.95094603,0.9543537,0.96695095,0.96177167,0.9651168,0.9600553,0.969308,0.9562655,0.9458915,0.96065444,0.8813919,0.96851665,0.9379797,0.9580599,0.96765107,0.973445,0.9526558,0.9642215,0.95775574,0.9619771,0.95593894,0.9662081,0.9631877,0.96463674,0.96636826,0.9531003,0.9712453,0.9639057,0.94827336,0.9644479,0.9549186,0.95953995,0.9543071,0.95771617,0.9619858,0.96297365,0.95385075,0.9725933,0.9523614,0.98062295,0.96629393,0.9574689,0.9664875,0.9675748,0.95566744,0.94718903,0.94627225,0.9727516,0.96512544,0.9678256,0.9636736,0.9567537,0.96121615,0.96055967,0.96420056,0.95648986,0.9651469,0.9591459,0.959516,0.98062295,0.96351415,0.96751904,0.9630141,0.9614775
beachbummovie,0.9579642,0.9548728,0.95678234,0.9568017,0.9614183,0.95025337,0.9604385,0.95976746,0.9762417,0.9599961,0.9590669,0.95720726,0.9607845,0.9585184,0.97970855,0.95538,0.96011746,0.9565107,0.95446265,1.0000004,0.95276517,0.9597457,0.9680078,0.96569735,0.95826006,0.9007989,0.9601001,0.96300286,0.95489794,0.95574456,0.95164037,0.9614216,0.951963,0.9493067,0.94133794,0.9301894,0.963991,0.94846153,0.96222574,0.9573222,0.95747674,0.9605573,0.9507584,0.9574923,0.95793945,0.9673218,0.9608739,0.9612478,0.9489851,0.95604765,0.9544104,0.9678482,0.95735765,0.9553393,0.9560099,0.95973784,0.9583198,0.95760036,0.9564027,0.9582127,0.95545167,0.9543538,0.954035,0.9637968,0.9634883,0.9588013,0.94631284,0.96604115,0.95121056,0.9585256,0.95960635,0.8209975,0.95221686,0.9598017,0.95105225,0.9438255,0.90136385,0.9494996,0.95507467,0.95557183,0.9547735,0.9486669,0.96072215,0.95594364,0.9571311,0.95652425,0.9566809,0.9611551,0.949019,0.9627997,0.947344,0.95960635,0.9463782,0.9493219,0.95214415,0.9625475,0.96328986,0.9754776,0.9571039,0.95658684,0.9555863,0.9658843,0.9525982,0.9527753,0.9620789,0.9516287,0.9561372,0.95337695,0.943451,0.94946694,0.9567092,0.88137007,0.96023023,0.934275,0.9612467,0.9519326,0.9608425,0.95657694,0.9674454,0.95801944,0.95895404,0.9484993,0.9685405,0.94218147,0.9564232,0.9588523,0.9564959,0.95355666,0.94699997,0.92035925,0.9598722,0.9585416,0.9505213,0.9605731,0.9568429,0.9588271,0.9476455,0.9564402,0.9583446,0.95806533,0.9762417,0.95291656,0.95553017,0.95337117,0.95204526,0.9624619,0.95330846,0.95636463,0.9574703,0.9598249,0.96080935,0.9578182,0.9532294,0.95070964,0.95423454,0.95343894,0.9587824,0.9578373,0.9519046,0.9465708,0.9762417,0.95799875,0.95561373,0.9666517,0.954003
bernadettefilm,0.95234185,0.951923,0.95068675,0.9540525,0.9514222,0.9570462,0.9529806,0.9568253,0.9719016,0.9482585,0.95238173,0.94783753,0.9573586,0.952572,0.96451646,0.9477209,0.95549476,0.9474333,0.94856805,0.95276517,0.9999998,0.96178675,0.95879763,0.9563552,0.9475298,0.89592,0.9478604,0.9539991,0.9602787,0.9503379,0.9522275,0.95884174,0.95541096,0.9487664,0.9484414,0.9287452,0.96379524,0.9547921,0.96213514,0.94894433,0.95355755,0.95376307,0.94768316,0.95169497,0.9396128,0.96434337,0.9566162,0.9558704,0.94311047,0.94901484,0.95684105,0.9643283,0.9517947,0.9559028,0.95025915,0.93994075,0.9588046,0.95682037,0.96493894,0.9583714,0.9507322,0.9558025,0.9524158,0.9576281,0.94547147,0.9475141,0.9536982,0.95675004,0.9483958,0.9501596,0.9615454,0.8213598,0.9362667,0.95503324,0.951508,0.942421,0.9053327,0.94895154,0.95057917,0.95202607,0.9523697,0.9517818,0.9570377,0.9647218,0.9581509,0.9612835,0.9524207,0.9568232,0.9498148,0.9622397,0.95002717,0.9615454,0.94492096,0.9464968,0.94956154,0.94977236,0.9529031,0.95369536,0.9444179,0.9416937,0.95899695,0.9558881,0.95611864,0.95157593,0.95196944,0.95503944,0.96082425,0.9475083,0.9456345,0.9379895,0.9527484,0.87690634,0.95531553,0.9257454,0.9619272,0.95804614,0.96160096,0.9590347,0.95600456,0.9524577,0.9598103,0.9503027,0.9468876,0.9398761,0.95135665,0.95395875,0.9403638,0.94724154,0.9422767,0.9283304,0.97696006,0.94833344,0.95562226,0.95624644,0.9563499,0.9591179,0.9515097,0.95503426,0.95831496,0.9513783,0.9719016,0.9656622,0.9525327,0.94828534,0.9511329,0.94928527,0.9387627,0.9507427,0.95414525,0.95648503,0.960468,0.94651794,0.95499784,0.937684,0.94791913,0.9550698,0.94419104,0.9515828,0.9520386,0.94930714,0.9719016,0.9516747,0.9598772,0.9621864,0.9568703
