movie,21bridgesmovie,47metersdown,abeautifuldaymovie,abominablemovie,adastramovie,adogsjourneymovie,aftermathmovie,aftermovie,ahiddenlifefilm,alitamovie,angelhasfallen,angrybirdsmovie,annabellemovie,annamovie,apollo11movie,arcticdogsmovie,arcticmovie,artofracingmovie,avengers,beachbummovie,bernadettefilm,blackandbluemovie,blackchristmas,blindedbythelightmovie,bombshellmovie,booksmart,breakthroughmovie,brianbanksmovie,brightburnmovie,brittanyrunsmov,captainmarvelofficial,captivestatemovie,catsmovie,charliesangels,childsplaymovie,clarathefilm,coldpursuitmovie,countdown,currentwarmovie,darkwatersmovie,detectivepikachumovie,disneyaladdin,disneyfrozen,disneymaleficent,doctorsleepmovie,dolemiteismyname,dontletgomovie,doramovie,downtonabbey_official,dumbo,escaperoom,everybodyknowsmovie,fastandfuriousmovie,fightingwmyfam,fivefeetapartfilm,fordvferrari,freaksthefilm,geminimanmovie,glassmovie,gloriabellmovie,godzillamovie,goldfinchmovie,goodboysmovie,goodliarmovie,gretafilm,halathemovie,happydeathdaymovie,harrietfilm,hellboymovie,hersmellmovie,highlifemovie,highstrungmovie,honeyboymovie,hotelmumbaifilm,httydragon,hustlemovie,hustlersmovie,isntitromantic,itmovieofficial,jayandsilentbob,johnwickmovie,jojorabbitmovie,jokermovie,judythefilm,jumanjimovie,justmercyfilm,knivesout,lalloronamovie,lastblackmansf,lastchristmasthemovie,latenightmovie,lighthousemovie,lionking,littlethemovie,littlewomenmovie,littlewoodsfilm,longshotmovie,lordsofchaosmovie,lucyintheskyfilm,mamovie2019,marriagestory,meettheaddams,meninblack,midsommarmovie,midwaymovie,missbalamovie,missinglinkfilm,motherlessbklyn,onceinhollywood,onthebasisofsex,overcomermovie,peanutbutterfalcon,petsematarymovie,piercingmovie,playingwithfire,playmobilthemovie,pomsmovie,queenandslim,rambomovie,readyornotfilm,richardjewellfilm,rocketmanmovie,scarystoriesmovie,secretlifeofpets,serenityfilm,shaftmovie,shazammovie,spidermanmovie,spiesindisguise,starwars,stormboymovie,stubermovie,taosdfilm,teenspiritmov,terminator,theaeronautsmov,thebestofenemies,thedeaddontdie,thefarewell,thehighwaymen,thehummingbirdprojectfilm,theintrudermovie,theirishmanfilm,thekitchenmovie,thelegomovie,themustangfilm,thenightingalefilm,theprodigymovie,thesunisalsoastar,theupsidefilm,tolkienmovie,toystory,triplefrontier,uglydolls,uncutgems,underthesilverlake,usmovie,wavesmovie,whatmenwant,wonderparkmovie,wrinklestheclown,xmenmovies,yardiefilm,yesterdaymovie,zombieland
21bridgesmovie,0.99999976,0.9465337,0.9693979,0.95027184,0.9666813,0.953943,0.95989144,0.9596216,0.9794131,0.9546825,0.9542963,0.95875823,0.9582145,0.9692217,0.96334577,0.96220875,0.9586398,0.9623385,0.9767134,0.9661323,0.9617155,0.96434563,0.9634222,0.95353127,0.9647734,0.8937921,0.96295327,0.9552419,0.97012246,0.9518025,0.9657055,0.9528791,0.9498607,0.9666825,0.9553032,0.95461094,0.96997607,0.97764504,0.9741288,0.95716596,0.9538664,0.9678042,0.9530132,0.96674997,0.96325046,0.9626634,0.95999676,0.95258677,0.9591797,0.96819454,0.9732991,0.96113,0.95705074,0.9557824,0.95502615,0.95676416,0.9743224,0.9657854,0.9597058,0.9613623,0.9516801,0.9588365,0.96068805,0.96744365,0.9557052,0.95402104,0.96514666,0.95134175,0.9624644,0.9529228,0.9699785,0.809889,0.9567017,0.95589244,0.95183957,0.9479672,0.93022656,0.96791273,0.9648116,0.9565423,0.9585454,0.9617358,0.9611245,0.95672244,0.9614393,0.96644074,0.95201063,0.9599936,0.9672642,0.9741218,0.9458588,0.9699785,0.9610234,0.951404,0.97185683,0.95915186,0.9597435,0.965904,0.9549913,0.9534958,0.9629283,0.9601205,0.96818507,0.9577515,0.9578113,0.9702921,0.970485,0.967076,0.9553384,0.9550306,0.9656428,0.89733946,0.95990163,0.9476431,0.95443547,0.97703934,0.99126595,0.9527816,0.97368675,0.9549459,0.96257216,0.9596177,0.97209185,0.95707923,0.9650027,0.9631917,0.9651439,0.9707678,0.9636408,0.94670326,0.9652224,0.9542062,0.9627654,0.9488627,0.9531061,0.94119555,0.9713108,0.9585463,0.97389585,0.9616764,0.9794131,0.96870273,0.95976025,0.9623023,0.95729214,0.96530586,0.95240384,0.9506572,0.9638943,0.9616723,0.9576179,0.9670081,0.95246065,0.9558545,0.9599057,0.9711999,0.9547507,0.96402943,0.96239704,0.9604549,0.9794131,0.9602024,0.9618909,0.95744234,0.9721674
47metersdown,0.9465337,1.0000001,0.9601507,0.950796,0.94392294,0.9344421,0.9682574,0.94790006,0.9689403,0.94925463,0.95413715,0.939849,0.954547,0.96182513,0.9505527,0.96001995,0.94419754,0.94486034,0.94365937,0.9533919,0.95906216,0.9575675,0.9490797,0.93958443,0.9452984,0.89408284,0.94514304,0.9405148,0.9538731,0.9477137,0.94034034,0.9649662,0.9352298,0.9479921,0.94527465,0.9333037,0.9440141,0.95421815,0.95733106,0.951423,0.938554,0.94968104,0.9293559,0.9536022,0.9490602,0.9520528,0.94116956,0.9558723,0.94921976,0.9512862,0.95099825,0.96198833,0.94103014,0.9343648,0.93309563,0.9492986,0.95311916,0.95954466,0.9407586,0.9525463,0.9435498,0.944715,0.94254285,0.9463865,0.9529529,0.95351404,0.9497896,0.95094544,0.9595881,0.9400883,0.95704114,0.78751373,0.9446806,0.9497271,0.9349294,0.94134706,0.90181184,0.9509742,0.95268893,0.94053715,0.95588183,0.9598384,0.94913006,0.94586796,0.9448206,0.9451477,0.94675636,0.96332556,0.946396,0.9469707,0.9550666,0.95704114,0.9386323,0.94898385,0.9516475,0.95648336,0.9468015,0.9440363,0.94961715,0.95197856,0.94368035,0.94858456,0.93529385,0.9477081,0.9545948,0.94434285,0.96708214,0.9494834,0.95301354,0.9437542,0.95292336,0.8674534,0.96035117,0.9339167,0.950621,0.95196986,0.9494882,0.94533455,0.94761044,0.9598117,0.95161986,0.9586899,0.95654196,0.94368786,0.95527476,0.94718754,0.9590244,0.9465657,0.9462195,0.907339,0.94555277,0.9320875,0.94193006,0.925725,0.96352917,0.9410842,0.95090324,0.95971656,0.95222086,0.93412364,0.9689403,0.9606783,0.95205545,0.94669473,0.93698096,0.9567195,0.9371329,0.94448286,0.93561137,0.94552964,0.9530589,0.95582736,0.942813,0.9222968,0.94759333,0.95823497,0.9485857,0.959578,0.9504754,0.95265186,0.9689403,0.9446523,0.9495682,0.9503967,0.94053346
abeautifuldaymovie,0.9693979,0.9601507,0.99999964,0.9647633,0.9652884,0.9656349,0.9678423,0.9722612,0.9862143,0.96060157,0.96736646,0.9655231,0.9684451,0.97243756,0.956938,0.9656229,0.9695017,0.9639927,0.96860987,0.96022266,0.97249824,0.97658384,0.9771612,0.96580815,0.96628845,0.901003,0.9678659,0.9647171,0.97804576,0.96256006,0.9682832,0.9635257,0.9662817,0.96595657,0.9610101,0.9535188,0.9744676,0.9689292,0.9708416,0.9685917,0.9589651,0.97075677,0.9583873,0.97130156,0.9692937,0.9678595,0.9717147,0.96530974,0.96336704,0.9718963,0.9774504,0.9742654,0.9583348,0.9633661,0.9589436,0.96432376,0.97274274,0.9707706,0.9652462,0.96621895,0.9599143,0.95482695,0.97050977,0.9704648,0.9637512,0.9685985,0.97209144,0.96183383,0.9664719,0.95676017,0.97421354,0.81337744,0.9695877,0.96645325,0.95242244,0.9563201,0.930605,0.9709291,0.96702933,0.95848656,0.96393937,0.96963745,0.96737003,0.9630625,0.97511095,0.96638876,0.96924996,0.9723442,0.9712363,0.9723574,0.9637799,0.97421354,0.962267,0.9634962,0.97925586,0.96598125,0.9641284,0.9660888,0.9589989,0.96817344,0.9649665,0.96240836,0.9690549,0.96726847,0.96597064,0.9768595,0.96704495,0.97642297,0.9672636,0.95510656,0.9749848,0.89703304,0.97499156,0.9489837,0.96828204,0.96777076,0.9692588,0.9641319,0.9662483,0.96092916,0.96919304,0.97009647,0.9761546,0.96593547,0.97360206,0.97063005,0.9710601,0.97150934,0.96662474,0.9402606,0.96499515,0.95792764,0.96489704,0.95229506,0.9716511,0.9591336,0.9628785,0.9688183,0.9789856,0.95693105,0.9862143,0.9796946,0.96997297,0.9704968,0.9586995,0.97212905,0.96520656,0.9667471,0.97015274,0.9580858,0.9635985,0.9796388,0.95951635,0.94629097,0.9693124,0.97500676,0.9717619,0.9737132,0.97283804,0.9720843,0.9862143,0.9661271,0.96814483,0.9762602,0.97148097
abominablemovie,0.95027184,0.950796,0.9647633,1.0000001,0.9609516,0.9491429,0.965722,0.9645103,0.97677237,0.9522022,0.958756,0.9579186,0.9623828,0.95914596,0.95351994,0.962225,0.957735,0.9559712,0.9528626,0.9621862,0.9638383,0.9691861,0.9555358,0.9652974,0.950712,0.91148245,0.95570844,0.9467178,0.9609506,0.95809585,0.95582515,0.95539135,0.94476366,0.95614433,0.95606595,0.9529548,0.95598346,0.9635697,0.9584862,0.95965415,0.94016016,0.9554208,0.951774,0.95729035,0.9482945,0.95758194,0.9486449,0.9651009,0.96052414,0.9566596,0.9601927,0.9698879,0.94738775,0.94173795,0.9724965,0.9582467,0.9646995,0.95883465,0.96228594,0.94119287,0.95247847,0.9514521,0.9562138,0.94362694,0.9600135,0.95557183,0.9574261,0.9581065,0.94457424,0.95069057,0.9567855,0.8219304,0.9478945,0.9617205,0.95567423,0.9494075,0.92944425,0.9622753,0.95244086,0.9592993,0.95440626,0.9684984,0.94631785,0.953459,0.9643997,0.94822955,0.9554493,0.9554251,0.9471936,0.96518964,0.9590801,0.9567855,0.95286435,0.9565702,0.95231384,0.96635103,0.953822,0.9562706,0.95252025,0.95914584,0.9516884,0.9528473,0.9508611,0.9479295,0.9514277,0.95657665,0.9645669,0.95707285,0.96008915,0.95518386,0.95875865,0.8971956,0.96109813,0.94442654,0.9630055,0.9575367,0.95963037,0.9532302,0.9573981,0.9595281,0.9554205,0.96291304,0.9710231,0.95520544,0.9592467,0.9615359,0.96129197,0.95654887,0.9621833,0.935673,0.95556736,0.95399606,0.9566042,0.93916154,0.96088547,0.9531859,0.95887697,0.96154505,0.96080965,0.945162,0.97677237,0.9636597,0.9545902,0.9517216,0.9505333,0.97230184,0.9554408,0.95488113,0.94986457,0.95974326,0.9528129,0.9531269,0.9440996,0.9437499,0.9478096,0.96131647,0.951736,0.95703,0.96013767,0.9632098,0.97677237,0.9481603,0.96005696,0.9632815,0.9513031
adastramovie,0.9666813,0.94392294,0.9652884,0.9609516,1.0,0.9575866,0.96122795,0.96381545,0.97988415,0.95536226,0.96429825,0.95760876,0.95888907,0.97033024,0.96408355,0.9638208,0.96552986,0.9721984,0.95770407,0.96691406,0.9600504,0.96860266,0.96913946,0.9594978,0.9626122,0.8981433,0.9732136,0.96139073,0.9652461,0.95899254,0.9560139,0.9575482,0.9541096,0.96105766,0.9534733,0.95373493,0.96548134,0.9616953,0.96763325,0.96511084,0.9526571,0.9706074,0.96504974,0.966766,0.9519652,0.964216,0.9622801,0.9566579,0.96545154,0.97068864,0.96773326,0.9690328,0.9601916,0.9599769,0.95667034,0.96861887,0.9746671,0.9648681,0.96318436,0.95970947,0.95707273,0.95975345,0.95531714,0.9607277,0.9609753,0.9590903,0.96960014,0.9614834,0.95666987,0.9476861,0.96492285,0.82083297,0.9521201,0.9643068,0.9586837,0.94381297,0.92914575,0.9658493,0.9585953,0.95794684,0.96562296,0.96236354,0.957029,0.95714015,0.9598115,0.9613192,0.95393723,0.9631723,0.9561608,0.96807915,0.95723575,0.96492285,0.9604956,0.9574437,0.9642139,0.9610511,0.9614523,0.9661837,0.9547441,0.96222275,0.9584513,0.9595144,0.9601496,0.96301264,0.95871156,0.96598965,0.9706287,0.96242785,0.9601353,0.9596652,0.9704381,0.8940557,0.9642302,0.95367056,0.9642891,0.9657022,0.97429293,0.95652276,0.9731691,0.950941,0.95665044,0.9626726,0.972509,0.96019953,0.95932865,0.9646632,0.9664246,0.9632517,0.96886843,0.9451736,0.9625304,0.96054536,0.9618551,0.9467549,0.95659953,0.9531539,0.9665199,0.9562438,0.9684496,0.9559169,0.97988415,0.96875376,0.9624784,0.95784247,0.960173,0.9654959,0.95677817,0.95157653,0.95694315,0.96624726,0.9592138,0.9674553,0.95142967,0.94720745,0.96613705,0.9640335,0.9635569,0.9622723,0.96645653,0.96872765,0.97988415,0.96647394,0.9674973,0.96351945,0.9635215
adogsjourneymovie,0.953943,0.9344421,0.9656349,0.9491429,0.9575866,1.0000004,0.9566079,0.95721066,0.9716656,0.95004267,0.9474543,0.9565914,0.9534641,0.95952773,0.9493693,0.9491483,0.9590017,0.9622419,0.9614431,0.9522607,0.95350045,0.9592213,0.9662475,0.9592084,0.9495569,0.87440044,0.957668,0.9558136,0.95396405,0.9597217,0.95388985,0.9372315,0.94964796,0.95308477,0.9512775,0.93775094,0.96235424,0.94599843,0.9582972,0.9496074,0.9603171,0.9659894,0.95505595,0.96246606,0.95220745,0.95581055,0.9635465,0.95288014,0.954585,0.9669901,0.95282,0.95548344,0.95671797,0.9495465,0.95072883,0.94366735,0.9694606,0.9557409,0.94991314,0.94943684,0.9586484,0.9524333,0.9554232,0.95484674,0.9485912,0.9549886,0.9569098,0.94770366,0.94489896,0.95359445,0.96190953,0.82295704,0.9409247,0.95573556,0.9393162,0.9464267,0.911302,0.960531,0.9477232,0.95591366,0.94568783,0.95373476,0.9558598,0.9473083,0.9566597,0.96418405,0.9505984,0.95684063,0.9546399,0.9664807,0.9476348,0.96190953,0.95429915,0.9564019,0.95845056,0.94913745,0.9524752,0.95646465,0.9504582,0.9543491,0.95003563,0.95961016,0.9549147,0.9623871,0.952734,0.9542199,0.9589792,0.94827133,0.9427383,0.9352365,0.9575225,0.88183707,0.9523066,0.93487376,0.944384,0.9534021,0.95381105,0.9475847,0.9553174,0.9487025,0.9550759,0.9545132,0.96223426,0.9782768,0.9504069,0.9598969,0.95720994,0.946926,0.95716393,0.9413446,0.956257,0.94895804,0.95341223,0.94285905,0.9532853,0.9530158,0.9525628,0.94596994,0.9645848,0.9479997,0.9716656,0.9637148,0.9453127,0.95080006,0.9594932,0.95954585,0.94853735,0.95142066,0.9502579,0.9494441,0.9544733,0.96786577,0.94515777,0.93591267,0.94750446,0.96308005,0.95693207,0.95792645,0.9622856,0.94810873,0.9716656,0.9574779,0.95810384,0.9645891,0.9513337
aftermathmovie,0.95989144,0.9682574,0.9678423,0.965722,0.96122795,0.9566079,1.0000001,0.9695585,0.983633,0.958467,0.9645104,0.95420593,0.9648752,0.9743979,0.96883553,0.9556876,0.96100456,0.9593292,0.9595048,0.96850604,0.96976453,0.97322494,0.96434504,0.96594805,0.961642,0.88499403,0.9606841,0.9648489,0.9663058,0.9671408,0.9581853,0.96702486,0.95226705,0.96368366,0.95637,0.93892914,0.9582172,0.9605068,0.96878463,0.9640787,0.9563974,0.9657004,0.9480354,0.96517795,0.95650953,0.95459104,0.9617313,0.96482617,0.9648794,0.9649954,0.9695111,0.9748856,0.95876116,0.952294,0.94740003,0.95609635,0.97167706,0.9706627,0.9598204,0.9647309,0.9609056,0.96213394,0.96854204,0.96269286,0.96370816,0.96593976,0.9731341,0.9585315,0.96579695,0.9528797,0.9745222,0.806695,0.950058,0.96818,0.9476697,0.9604005,0.9194429,0.9688887,0.96204305,0.9590325,0.9731962,0.9795784,0.9616904,0.9668519,0.95861024,0.9689696,0.95588475,0.9714273,0.9526202,0.9658268,0.96347713,0.9745222,0.9585809,0.9608805,0.9635624,0.9739849,0.9719567,0.96225435,0.97532964,0.96565384,0.9485849,0.9676973,0.9644294,0.9659189,0.96345407,0.9631352,0.9823967,0.96662164,0.9633125,0.9493997,0.9648129,0.8755695,0.96789575,0.94520795,0.9599606,0.96604645,0.9642881,0.9558902,0.972105,0.990115,0.96091616,0.9718211,0.97286266,0.96043456,0.96763974,0.96699643,0.9679769,0.96300584,0.95994675,0.9296447,0.96358466,0.9544357,0.96625435,0.94067305,0.9740366,0.9637083,0.96535707,0.9673605,0.9703958,0.9457798,0.983633,0.97422826,0.95288897,0.9579666,0.95844126,0.97302336,0.9533264,0.95356226,0.9624021,0.9561277,0.9819984,0.9683888,0.95475775,0.9405064,0.9586329,0.97837704,0.9551454,0.9694029,0.96724063,0.9628942,0.983633,0.9622997,0.9652143,0.96486396,0.96110183
aftermovie,0.9596216,0.94790006,0.9722612,0.9645103,0.96381545,0.95721066,0.9695585,1.0000002,0.9825022,0.9599666,0.95951426,0.9573078,0.96361303,0.96689916,0.9608008,0.961612,0.960512,0.9700644,0.9584429,0.96201795,0.9711387,0.96722317,0.9693155,0.9748216,0.9545998,0.89564043,0.9618407,0.9622725,0.96914214,0.96724355,0.96434164,0.9625617,0.9578069,0.9670778,0.95855963,0.94438577,0.966454,0.96160316,0.96239877,0.9662609,0.9540713,0.9690691,0.95436954,0.9611217,0.95294225,0.9634093,0.96434635,0.9636754,0.96860766,0.9646761,0.96764386,0.9696228,0.96548814,0.9653163,0.96286815,0.9675457,0.9680906,0.96343887,0.96912795,0.9568592,0.96284986,0.9570363,0.9655098,0.9601,0.9701873,0.95399326,0.9727485,0.9571018,0.9468379,0.94959205,0.9676057,0.8105919,0.957075,0.96791065,0.9531145,0.9548255,0.9282451,0.9720768,0.96726954,0.96300095,0.9578479,0.96699363,0.956589,0.96769106,0.9591627,0.96677524,0.95052445,0.9687833,0.9587914,0.96755695,0.96282315,0.9676057,0.9559675,0.96468335,0.96278006,0.9661728,0.9535487,0.96330976,0.9637801,0.9668614,0.9643506,0.9662006,0.9580361,0.9590887,0.9597168,0.96810514,0.9679195,0.9638402,0.96144164,0.95789033,0.9644652,0.8801138,0.96630645,0.9403385,0.96059304,0.9614306,0.96367306,0.959485,0.96789604,0.9569319,0.95896417,0.9631449,0.97618616,0.9549613,0.96670735,0.9695447,0.9684713,0.9594501,0.96128744,0.92514926,0.97125936,0.95402855,0.95887274,0.9509659,0.96108097,0.96438426,0.9690237,0.95715594,0.9708658,0.9559728,0.9825022,0.97176164,0.9633739,0.9629998,0.9618412,0.9736539,0.96463597,0.965053,0.9579032,0.9499613,0.9614437,0.96639293,0.95802057,0.93129575,0.9580956,0.97123307,0.9641917,0.96594423,0.97791934,0.9608753,0.9825022,0.96301174,0.9664396,0.9700851,0.96155113
ahiddenlifefilm,0.9794131,0.9689403,0.9862143,0.97677237,0.97988415,0.9716656,0.983633,0.9825022,1.0,0.9739364,0.9779341,0.9700034,0.979413,0.98615,0.98119086,0.9749455,0.98291314,0.9797451,0.97793764,0.98144865,0.9847253,0.9867798,0.9837736,0.981752,0.9775053,0.9168261,0.9789216,0.976215,0.9833142,0.9773132,0.9770198,0.9766466,0.9687756,0.9806258,0.9735877,0.9655648,0.98271006,0.9787294,0.98473793,0.9797268,0.9721647,0.9797462,0.96941006,0.9807187,0.9733561,0.9803763,0.9776327,0.97880584,0.98038864,0.9823075,0.9854133,0.9846211,0.9780582,0.97685844,0.97313625,0.9721408,0.9862877,0.9812951,0.9780487,0.9788926,0.9739756,0.97333133,0.9777105,0.97775286,0.9767228,0.97785276,0.9825347,0.9730666,0.9762925,0.97183716,0.9858089,0.8315794,0.9700014,0.9799926,0.9721761,0.96342546,0.9403225,0.98448366,0.98095626,0.976273,0.97936153,0.9792998,0.97741747,0.9804675,0.9805266,0.97579294,0.9710153,0.98312056,0.9774363,0.9849354,0.9743849,0.9858089,0.9762483,0.976778,0.9850028,0.9820005,0.97720236,0.9826413,0.97529083,0.9783777,0.97488534,0.9760731,0.97640693,0.98041487,0.9778659,0.98401093,0.9840761,0.983194,0.97706884,0.9713045,0.9801418,0.9073623,0.981274,0.96492136,0.97716606,0.98050004,0.98393095,0.9766102,0.9843433,0.9784809,0.9790142,0.98057735,0.98853004,0.9742838,0.98384386,0.980753,0.9799562,0.98192954,0.9749936,0.9560568,0.9833438,0.9663748,0.978548,0.9678871,0.9786021,0.97055113,0.9801477,0.97804976,0.9864967,0.9729211,1.0,0.9863885,0.97580194,0.98117274,0.9732008,0.9842362,0.9732027,0.97430104,0.97807074,0.9743878,0.9786774,0.9806174,0.9712474,0.95694304,0.9741234,0.9887216,0.97707486,0.98139304,0.98073643,0.9811163,1.0,0.9760409,0.98369575,0.9845139,0.9817664
alitamovie,0.9546825,0.94925463,0.96060157,0.9522022,0.95536226,0.95004267,0.958467,0.9599666,0.9739364,0.9999997,0.95681804,0.93603426,0.9593617,0.96416175,0.95140433,0.951112,0.9658571,0.9609141,0.950113,0.9551285,0.9627994,0.9510585,0.9606858,0.9602601,0.9530574,0.9019525,0.9551792,0.9570726,0.9495215,0.95198524,0.9521828,0.9570462,0.9468129,0.9558374,0.95088345,0.9526725,0.9566395,0.9589287,0.95649636,0.95885646,0.94892865,0.9526767,0.94446665,0.9560986,0.95456153,0.96004695,0.9522467,0.94916487,0.9544888,0.95564604,0.9516671,0.9639499,0.9581152,0.9496686,0.94669795,0.9571839,0.95917666,0.96316737,0.95380795,0.95488065,0.9476392,0.9440645,0.9438273,0.9500217,0.9646103,0.9511489,0.95401454,0.9527547,0.9569949,0.94433236,0.9576122,0.82515013,0.94699657,0.95734125,0.94485646,0.9430838,0.9191697,0.96105796,0.95558167,0.95843095,0.95423776,0.9518754,0.9573658,0.9522847,0.9508677,0.9434164,0.9511876,0.9615038,0.9548824,0.9577948,0.9477699,0.9576122,0.94979435,0.9511594,0.95518136,0.95812815,0.9380882,0.957111,0.9508663,0.9553293,0.9550523,0.9529545,0.95065886,0.95566785,0.9690368,0.94727093,0.9649883,0.95349234,0.9557291,0.94876885,0.9539133,0.8962979,0.9614245,0.9388359,0.9485573,0.960428,0.9614076,0.94305664,0.9611684,0.947432,0.9566431,0.9603374,0.9595126,0.9466439,0.9616647,0.9579529,0.9622995,0.9446223,0.9554562,0.9252808,0.95904994,0.94031703,0.956606,0.9512758,0.9619164,0.9433586,0.9589728,0.95854324,0.9594465,0.951908,0.9739364,0.9587131,0.951936,0.95382565,0.95316523,0.96505433,0.96044886,0.9561885,0.9448476,0.9481615,0.9516415,0.95731574,0.96091115,0.9315252,0.95170826,0.96380025,0.9572748,0.95234406,0.9564448,0.9597238,0.9739364,0.95532644,0.959753,0.9556167,0.9492624
angelhasfallen,0.9542963,0.95413715,0.96736646,0.958756,0.96429825,0.9474543,0.9645104,0.95951426,0.9779341,0.95681804,1.0000001,0.9505485,0.95300514,0.97186685,0.9618795,0.957726,0.96369857,0.9627789,0.9496526,0.958564,0.97136146,0.96314096,0.961722,0.9614785,0.9563174,0.9045706,0.96176183,0.95490795,0.9638568,0.9609452,0.95598614,0.9623711,0.9576133,0.9494317,0.94506204,0.9386432,0.9640728,0.9561674,0.9637379,0.96758294,0.95852417,0.9581412,0.9394966,0.9606094,0.955579,0.95473087,0.95620203,0.96184546,0.9594967,0.96207213,0.9622661,0.9632389,0.9520522,0.9535205,0.9431889,0.9560771,0.96221244,0.9640372,0.9647966,0.9601095,0.9587162,0.95985526,0.95869404,0.962503,0.95047915,0.96766984,0.9632528,0.9563558,0.96280724,0.9395593,0.9638029,0.8085895,0.9387663,0.9563173,0.9528018,0.96099275,0.91189015,0.97328657,0.96723646,0.9586648,0.9805663,0.96457267,0.9625317,0.9556195,0.953767,0.9482644,0.95875734,0.9605807,0.95357835,0.9625231,0.95548826,0.9638029,0.9517086,0.9596507,0.96128947,0.97330976,0.96515894,0.9562629,0.9558635,0.9584243,0.9517468,0.9590566,0.9509602,0.9657947,0.96520317,0.96057034,0.96603715,0.9651394,0.9586518,0.9537899,0.9681553,0.88491625,0.9602895,0.93138,0.9615021,0.9643249,0.9603205,0.95080036,0.9702463,0.9565413,0.96419483,0.96557933,0.9616311,0.95310444,0.9707293,0.96242017,0.9597495,0.95745933,0.9559312,0.92338085,0.96231794,0.951189,0.9577818,0.9413567,0.9626547,0.9564264,0.95544964,0.95759064,0.966273,0.95165783,0.9779341,0.9670842,0.95775133,0.96345,0.94720125,0.96601033,0.94770586,0.94805753,0.9607035,0.9570044,0.96070755,0.9602718,0.944613,0.93575466,0.96578026,0.96996486,0.9596255,0.9615937,0.95426685,0.9628193,0.9779341,0.95534956,0.9615951,0.96022886,0.9595284
angrybirdsmovie,0.95875823,0.939849,0.9655231,0.9579186,0.95760876,0.9565914,0.95420593,0.9573078,0.9700034,0.93603426,0.9505485,1.0,0.94654113,0.95683664,0.9560519,0.95321864,0.95502996,0.9517543,0.9569023,0.95940036,0.9575445,0.96763104,0.9596101,0.95005304,0.9447205,0.8890014,0.9504788,0.9493864,0.9615201,0.9590157,0.9518643,0.94498223,0.9487027,0.9550031,0.9421271,0.93656987,0.9560712,0.95563954,0.9582251,0.96159434,0.94512045,0.9597266,0.94871277,0.95788234,0.95073766,0.9485669,0.9569115,0.95517784,0.95997983,0.96047324,0.9656039,0.9656021,0.94533366,0.94691,0.9439819,0.94095176,0.96209306,0.95241547,0.9501722,0.94594574,0.94466543,0.9489075,0.9554037,0.9579469,0.9611251,0.9486803,0.9573211,0.96154267,0.9514133,0.9476715,0.95451975,0.80936384,0.9353945,0.9585777,0.94265664,0.94149786,0.90342027,0.95505524,0.9497965,0.9528361,0.94326293,0.96057963,0.9422865,0.9479401,0.9623102,0.95516783,0.950574,0.95290524,0.952263,0.96113336,0.9471322,0.95451975,0.94919175,0.9523619,0.9602328,0.9523078,0.9548613,0.9618072,0.94179153,0.95055,0.9475311,0.95915306,0.95019245,0.9484647,0.94326186,0.96296775,0.95887184,0.9619149,0.9417453,0.96132296,0.9579186,0.89311564,0.9528962,0.9357826,0.9455776,0.95359457,0.95837206,0.9385185,0.94817996,0.94774985,0.95153576,0.9500955,0.9540241,0.961776,0.95248586,0.9547783,0.95379686,0.9579309,0.95992285,0.93694407,0.95246583,0.9513198,0.9540714,0.9389621,0.9497142,0.9455037,0.9513093,0.95388204,0.97079927,0.9491837,0.9700034,0.9635745,0.9515501,0.9607324,0.9554423,0.96809924,0.9447263,0.9406305,0.9628508,0.9541716,0.9525841,0.9563343,0.9402665,0.93317926,0.9515346,0.95632863,0.9512717,0.963007,0.96463895,0.9488738,0.9700034,0.9570537,0.95505303,0.9575581,0.953802
annabellemovie,0.9582145,0.954547,0.9684451,0.9623828,0.95888907,0.9534641,0.9648752,0.96361303,0.979413,0.9593617,0.95300514,0.94654113,0.9999997,0.96461314,0.9585051,0.9611609,0.9673259,0.9624827,0.96221524,0.9667457,0.9612219,0.966829,0.96510595,0.9704198,0.9531346,0.9146966,0.95249057,0.9542368,0.96052915,0.9611737,0.9606328,0.9640893,0.9467991,0.95824987,0.95494807,0.9471789,0.9617201,0.9697684,0.966217,0.9593624,0.9587051,0.95635563,0.9597738,0.9602092,0.9515731,0.9573948,0.9552963,0.95950013,0.96398103,0.961058,0.96155405,0.97174865,0.9645964,0.95658237,0.95505434,0.96029603,0.96243125,0.9578221,0.9612955,0.95360184,0.96587974,0.9522716,0.95688426,0.9583728,0.96723837,0.9509428,0.96609086,0.9628322,0.9535641,0.9582317,0.9634802,0.8241642,0.9634909,0.9625287,0.94603765,0.94100225,0.92213297,0.9584533,0.9607331,0.9582388,0.9488575,0.96468765,0.9708258,0.9569948,0.9682833,0.9576147,0.958983,0.9822428,0.9522416,0.96163344,0.96316385,0.9634802,0.94996786,0.95565194,0.9633354,0.9610915,0.9538576,0.96071213,0.96337366,0.963808,0.9507259,0.95718676,0.95674235,0.9610978,0.95796907,0.9608554,0.9607873,0.9666917,0.95796895,0.95741546,0.9538473,0.90595174,0.95849395,0.9569677,0.96094304,0.9593341,0.9628611,0.9538329,0.96579635,0.9552665,0.97027785,0.9611424,0.9714552,0.95173156,0.96784747,0.96861243,0.9683891,0.9602692,0.9564775,0.940568,0.96108013,0.9513577,0.95825195,0.9514808,0.95377547,0.9597175,0.9589238,0.9695837,0.96293795,0.94692326,0.979413,0.9658931,0.949939,0.96229196,0.9579014,0.96794105,0.96177375,0.9628512,0.9541405,0.953896,0.963496,0.9620422,0.9555636,0.9314131,0.9520302,0.962806,0.9594198,0.96275264,0.9607454,0.96125364,0.979413,0.95764166,0.9609809,0.96549284,0.9572763
annamovie,0.9692217,0.96182513,0.97243756,0.95914596,0.97033024,0.95952773,0.9743979,0.96689916,0.98615,0.96416175,0.97186685,0.95683664,0.96461314,0.9999999,0.96732944,0.96759486,0.9724826,0.9720341,0.9650454,0.9706301,0.9772976,0.97055167,0.972945,0.96775603,0.96769875,0.90176696,0.9669777,0.9659008,0.9723627,0.96632737,0.9651623,0.9707338,0.9568083,0.964106,0.9598428,0.9484498,0.9755419,0.96651256,0.97590953,0.9710608,0.9645843,0.96774054,0.9594607,0.97051746,0.95933235,0.9666056,0.9677371,0.96964747,0.96678853,0.9725375,0.9752054,0.9700925,0.964918,0.9652841,0.9498172,0.95907223,0.9756188,0.9713808,0.9685455,0.96649224,0.9590163,0.9649265,0.9637983,0.9765535,0.95995885,0.966559,0.9743885,0.9604207,0.9657374,0.9628392,0.9720844,0.8027328,0.9575978,0.9661837,0.9575295,0.9601898,0.92120796,0.975987,0.9712738,0.96678555,0.9761252,0.9657137,0.96847284,0.96746016,0.9668927,0.96082884,0.96112955,0.9722477,0.96630293,0.9730883,0.9567013,0.9720844,0.9682232,0.96726215,0.9778222,0.9685329,0.96198326,0.97310406,0.96149707,0.9707218,0.96230704,0.9658362,0.9621967,0.97148407,0.97822636,0.97226405,0.97464144,0.97244,0.9687702,0.95438904,0.9763258,0.89406127,0.9677869,0.95079994,0.9621878,0.9670422,0.9719238,0.96065164,0.9754531,0.96985096,0.963259,0.97472113,0.9739405,0.9631565,0.9726122,0.9711443,0.96437216,0.97304875,0.96227384,0.93583703,0.97245437,0.9540597,0.96883863,0.9576067,0.96668667,0.9582112,0.9716145,0.96631646,0.9713659,0.9630433,0.98615,0.97695005,0.9618562,0.9701382,0.9598744,0.97176486,0.95806855,0.9643458,0.96835023,0.96538943,0.974063,0.96946865,0.9565585,0.9449261,0.9703238,0.9759592,0.9701873,0.96641606,0.9686778,0.9715064,0.98615,0.95873153,0.97380257,0.97092503,0.9717775
apollo11movie,0.96334577,0.9505527,0.956938,0.95351994,0.96408355,0.9493693,0.96883553,0.9608008,0.98119086,0.95140433,0.9618795,0.9560519,0.9585051,0.96732944,0.9999997,0.9518441,0.96278226,0.9600189,0.9564987,0.98156977,0.9668107,0.96834123,0.9675175,0.96184826,0.9557792,0.89006376,0.9585516,0.95151937,0.96436113,0.9617174,0.955894,0.95684457,0.9455484,0.9615928,0.9610216,0.95058954,0.9693314,0.96261257,0.964658,0.961561,0.9519432,0.96381736,0.9476385,0.9622401,0.94934773,0.9667321,0.9635407,0.9651409,0.9636678,0.9669621,0.9656851,0.9680755,0.9630736,0.95838153,0.9545775,0.95304656,0.97161645,0.9594261,0.96327114,0.96287674,0.9485061,0.95918715,0.95782757,0.961695,0.96144587,0.95997113,0.9649896,0.9573845,0.9630895,0.9550734,0.96359664,0.8187484,0.9420804,0.9602221,0.9617601,0.9429511,0.9198703,0.968043,0.9666447,0.96121085,0.9637495,0.9656679,0.96010005,0.9661573,0.96171117,0.9584501,0.9510891,0.9652301,0.95745295,0.9698163,0.94925815,0.96359664,0.9651818,0.9602602,0.9642512,0.9798389,0.9700039,0.9632049,0.96383804,0.9620105,0.95891494,0.9657422,0.95559037,0.9536669,0.95468193,0.9642607,0.96921605,0.96185285,0.9560377,0.9555533,0.956961,0.89316607,0.9590963,0.9533487,0.95288503,0.9646925,0.9685341,0.96081305,0.9701395,0.9602625,0.9568591,0.9583011,0.9697119,0.960952,0.96525425,0.9633134,0.9653736,0.96226203,0.9572748,0.9489087,0.9689586,0.94280416,0.96107227,0.9507892,0.9586302,0.9563209,0.9656617,0.9597551,0.96599925,0.96169734,0.98119086,0.96556914,0.9544166,0.95982504,0.95537305,0.96311116,0.94863486,0.9540796,0.96416515,0.95477366,0.956954,0.95913345,0.96020746,0.9377652,0.95216906,0.970378,0.957657,0.9611583,0.9598663,0.9589079,0.98119086,0.9561016,0.9673587,0.96725684,0.9610382
arcticdogsmovie,0.96220875,0.96001995,0.9656229,0.962225,0.9638208,0.9491483,0.9556876,0.961612,0.9749455,0.951112,0.957726,0.95321864,0.9611609,0.96759486,0.9518441,1.0000002,0.959541,0.96040446,0.9630277,0.9572115,0.95967484,0.9637926,0.95464855,0.9581926,0.953886,0.89933145,0.96426135,0.9540365,0.96760404,0.9557611,0.9613333,0.95341325,0.9436143,0.9585234,0.9502975,0.93770295,0.9604329,0.9664188,0.9619567,0.95454943,0.95236033,0.9619355,0.95654744,0.961586,0.949473,0.9616596,0.94808304,0.9632938,0.96441674,0.96402824,0.96327424,0.96233195,0.9473329,0.9489064,0.95584965,0.9599814,0.9609293,0.9592067,0.9560146,0.9527747,0.9562951,0.9524772,0.95088583,0.96230686,0.9540535,0.9520418,0.9532584,0.9516477,0.95073193,0.95717347,0.96040857,0.80028564,0.95660216,0.95959914,0.9575078,0.9447917,0.9226839,0.95884234,0.9600066,0.9488499,0.9527067,0.95238936,0.96086055,0.94803226,0.95525324,0.95805264,0.95078015,0.9636251,0.95553833,0.96674305,0.9563246,0.96040857,0.94917965,0.96187216,0.9587429,0.95892453,0.94860595,0.9591349,0.95102507,0.95747465,0.9566754,0.9509583,0.94943714,0.95210236,0.9556065,0.96172136,0.9603209,0.97154737,0.96480584,0.9492178,0.9620601,0.896538,0.95911264,0.93960345,0.9606122,0.9586514,0.9659554,0.94992137,0.9528525,0.95140886,0.95627004,0.9642411,0.9654591,0.9486343,0.95374155,0.9662412,0.96767914,0.9583541,0.95662165,0.93742895,0.95272285,0.9431563,0.94799656,0.94622546,0.953619,0.94747263,0.96109444,0.95465374,0.9636405,0.9537489,0.9749455,0.9711458,0.9625589,0.95555794,0.95544934,0.9661239,0.9482491,0.95641994,0.95278394,0.95897406,0.9506057,0.95808786,0.95216024,0.93792206,0.9510276,0.95997256,0.96057975,0.96037734,0.96465725,0.96264946,0.9749455,0.95568615,0.9576503,0.9609048,0.96100026
arcticmovie,0.9586398,0.94419754,0.9695017,0.957735,0.96552986,0.9590017,0.96100456,0.960512,0.98291314,0.9658571,0.96369857,0.95502996,0.9673259,0.9724826,0.96278226,0.959541,1.0000002,0.96989197,0.9592068,0.9678333,0.96698755,0.9617688,0.9697324,0.96868914,0.9600431,0.89291286,0.9648647,0.97434396,0.9687166,0.9661931,0.9562497,0.96188617,0.96168256,0.966161,0.9496244,0.95319915,0.968931,0.95759255,0.9643663,0.969177,0.95869887,0.9609162,0.9573557,0.96211797,0.95401,0.96701485,0.9600689,0.9652294,0.9685351,0.9667001,0.96679974,0.97169816,0.96657175,0.9618805,0.9526162,0.9541923,0.96398354,0.9672125,0.9654893,0.95688915,0.95740324,0.9525566,0.9598304,0.96806765,0.9618424,0.9632077,0.96894765,0.96404433,0.9635969,0.9628251,0.9627827,0.83657026,0.9509774,0.9652013,0.95802784,0.94451004,0.9116287,0.9699939,0.9674588,0.95926034,0.96004623,0.95655316,0.9667522,0.95914733,0.96446407,0.9571461,0.953423,0.96932054,0.96321076,0.97017884,0.95344985,0.9627827,0.9619473,0.9574384,0.96906364,0.9651389,0.95950013,0.96725434,0.9567688,0.9646964,0.9613279,0.9573522,0.9591951,0.9643593,0.9629391,0.9683573,0.9617738,0.9695681,0.9599012,0.9577416,0.965586,0.8974645,0.96718657,0.9468758,0.96126676,0.96434104,0.9627605,0.9554772,0.9659928,0.9586375,0.963353,0.96611506,0.97000974,0.9636002,0.9638319,0.9677615,0.9602557,0.96218634,0.9572925,0.9425053,0.9708266,0.94739556,0.9783651,0.964431,0.96621746,0.95554084,0.95815957,0.96114504,0.9677637,0.96544397,0.98291314,0.9674839,0.96166,0.9722435,0.9654696,0.97002137,0.9677688,0.959327,0.96775943,0.9566271,0.9540207,0.9625953,0.96336657,0.9376639,0.9558982,0.96907043,0.9690021,0.9528885,0.96580297,0.9709474,0.98291314,0.95729405,0.97405326,0.9720822,0.96417016
artofracingmovie,0.9623385,0.94486034,0.9639927,0.9559712,0.9721984,0.9622419,0.9593292,0.9700644,0.9797451,0.9609141,0.9627789,0.9517543,0.9624827,0.9720341,0.9600189,0.96040446,0.96989197,1.0000001,0.9590228,0.96470463,0.96585137,0.96318316,0.972387,0.9650513,0.96676254,0.88876426,0.9735641,0.9649889,0.959285,0.9620599,0.9565325,0.9586865,0.9514267,0.96043223,0.9577083,0.9451695,0.9685254,0.958592,0.97147936,0.96093845,0.95867443,0.96725285,0.9537944,0.9607815,0.95276046,0.96671796,0.9675051,0.9531201,0.96608704,0.96752256,0.9621516,0.96792006,0.9686303,0.9640191,0.9549337,0.972835,0.9680862,0.9613768,0.9648168,0.95910627,0.95969707,0.9573889,0.9587517,0.96070844,0.9652321,0.96243846,0.9702713,0.9665635,0.95270145,0.95604175,0.9635887,0.82188,0.9574836,0.9607938,0.9555733,0.95290333,0.9330607,0.96831155,0.9656547,0.9511962,0.9611147,0.9592871,0.9576296,0.96338254,0.95761305,0.95871484,0.95259935,0.9667623,0.96230507,0.9662365,0.95629495,0.9635887,0.9538428,0.964285,0.9659655,0.9649127,0.9503268,0.9670505,0.95211387,0.9670373,0.9623911,0.963184,0.9535985,0.96448565,0.96002173,0.96525913,0.9654839,0.9633578,0.9622197,0.9578207,0.96366835,0.8817443,0.95999646,0.94077736,0.95090556,0.95916265,0.96737343,0.9594297,0.9672866,0.95109934,0.9631221,0.95609164,0.96602094,0.95632493,0.9612262,0.96678245,0.9633936,0.9603058,0.9747142,0.9267457,0.9672204,0.9588334,0.95996594,0.9590831,0.9523076,0.9561258,0.9669439,0.95781904,0.9665958,0.9696058,0.9797451,0.96818435,0.9601167,0.9601016,0.95777404,0.9692755,0.95868826,0.96264404,0.95488274,0.9592053,0.953525,0.95889264,0.959007,0.9379111,0.9573145,0.9674815,0.96480143,0.9607581,0.9659654,0.95735735,0.9797451,0.9573515,0.9637192,0.97051084,0.95678663
avengers,0.9767134,0.94365937,0.96860987,0.9528626,0.95770407,0.9614431,0.9595048,0.9584429,0.97793764,0.950113,0.9496526,0.9569023,0.96221524,0.9650454,0.9564987,0.9630277,0.9592068,0.9590228,0.9999998,0.96279824,0.95970404,0.9663694,0.96631235,0.9584336,0.9592162,0.8959893,0.9552665,0.9599905,0.966174,0.95179826,0.9759656,0.9463135,0.9550857,0.95961994,0.9572647,0.9465735,0.9647428,0.9615935,0.97057235,0.951977,0.9572902,0.96530175,0.95802057,0.96447426,0.9498916,0.96287006,0.96480095,0.9578516,0.963681,0.9663318,0.96857405,0.9648603,0.95539105,0.94949275,0.9520838,0.94647014,0.9693537,0.96647656,0.95334935,0.9569767,0.95250136,0.9512137,0.9589086,0.96122867,0.9589343,0.9558747,0.96373403,0.94987595,0.9580767,0.9560348,0.9639778,0.8035713,0.9517197,0.96293265,0.9485408,0.9348627,0.92669225,0.953739,0.95190424,0.9521934,0.9498101,0.9526165,0.95933765,0.9584347,0.9580044,0.9595142,0.9506435,0.97196275,0.9570213,0.97040945,0.9528977,0.9639778,0.9533889,0.95403004,0.96452165,0.9530016,0.9581719,0.9649435,0.9555476,0.95746773,0.9577821,0.96060723,0.96730363,0.9567741,0.95886713,0.9669231,0.9679296,0.96191835,0.95117,0.9513615,0.9551654,0.897628,0.95423234,0.9458703,0.95427525,0.96155936,0.968496,0.9553551,0.9602514,0.9555243,0.9623551,0.9600005,0.96396756,0.95848304,0.9618149,0.9631203,0.96372604,0.96962714,0.96461195,0.9562107,0.9607316,0.95267355,0.9568126,0.94532955,0.9570932,0.9441016,0.96468735,0.96047527,0.96983683,0.957414,0.97793764,0.9677631,0.95249313,0.9548571,0.960435,0.9666933,0.9465995,0.95575416,0.9600955,0.9520234,0.9557998,0.96241045,0.9544184,0.94662714,0.9472643,0.9626843,0.96016866,0.9578842,0.9631266,0.9585537,0.97793764,0.95291907,0.9608149,0.9642716,0.96718127
beachbummovie,0.9661323,0.9533919,0.96022266,0.9621862,0.96691406,0.9522607,0.96850604,0.96201795,0.98144865,0.9551285,0.958564,0.95940036,0.9667457,0.9706301,0.98156977,0.9572115,0.9678333,0.96470463,0.96279824,1.0000001,0.96751386,0.97233087,0.96779054,0.9633349,0.9534157,0.89880425,0.9536393,0.960955,0.96362984,0.96362585,0.9558852,0.95659417,0.94226277,0.9613047,0.9618016,0.95227695,0.9648533,0.9671265,0.9672156,0.96300715,0.9501538,0.9643692,0.9499905,0.96338737,0.9501435,0.96412086,0.96204835,0.96308404,0.96643096,0.96906817,0.9669938,0.9715091,0.96567017,0.95443046,0.9551539,0.95691144,0.9729501,0.962746,0.96472186,0.9532021,0.9471325,0.96090734,0.961428,0.95804715,0.9653751,0.9544214,0.96601605,0.959655,0.9572741,0.9574374,0.95863557,0.8230932,0.9453499,0.9665095,0.9605287,0.9431819,0.92739624,0.96536875,0.9621221,0.9619379,0.95655924,0.9630557,0.96164036,0.9658448,0.96603626,0.9539417,0.9519794,0.96916234,0.9514833,0.97141826,0.9528008,0.95863557,0.96330386,0.96279186,0.9600797,0.9679008,0.9633092,0.973436,0.9622575,0.9635439,0.95802695,0.96662086,0.95881575,0.9522799,0.9615025,0.9625208,0.9702369,0.96082443,0.96120524,0.96249896,0.95220035,0.9029561,0.9623573,0.952363,0.95901364,0.9677139,0.9689049,0.9542904,0.9717905,0.9631551,0.9574382,0.9626123,0.9682051,0.96534085,0.9627815,0.9618314,0.9636877,0.9643884,0.9642125,0.9479354,0.9711542,0.9551544,0.96342343,0.95597494,0.96037686,0.9550893,0.9650364,0.9617748,0.9612596,0.9683468,0.98144865,0.9672436,0.9581859,0.96229345,0.9562841,0.967224,0.9527873,0.9547438,0.95882386,0.95797163,0.9578736,0.965182,0.96164674,0.9451371,0.95064116,0.96488804,0.9577414,0.95650566,0.9693698,0.96680504,0.98144865,0.9547875,0.9652694,0.9645357,0.961999
bernadettefilm,0.9617155,0.95906216,0.97249824,0.9638383,0.9600504,0.95350045,0.96976453,0.9711387,0.9847253,0.9627994,0.97136146,0.9575445,0.9612219,0.9772976,0.9668107,0.95967484,0.96698755,0.96585137,0.95970404,0.96751386,1.0000001,0.9697769,0.9741538,0.96907824,0.9569233,0.9072395,0.9637559,0.9563793,0.96497834,0.9709946,0.9541249,0.97072667,0.95761454,0.960798,0.9512092,0.9546492,0.9694859,0.9614675,0.9674058,0.9796932,0.9533798,0.96726865,0.95235056,0.9720365,0.96522796,0.96574724,0.9665502,0.96796894,0.96493345,0.9708783,0.970198,0.9766011,0.96344143,0.9665143,0.9496768,0.9543825,0.97339314,0.9622599,0.9633906,0.9667144,0.9540298,0.95782226,0.9710348,0.9660589,0.96069616,0.9645221,0.9668091,0.9671084,0.9626538,0.955382,0.9720631,0.81363463,0.9544372,0.96809137,0.95536697,0.959207,0.91306895,0.97617185,0.96864635,0.97127295,0.9706002,0.96563315,0.95795316,0.96295327,0.96392256,0.95580256,0.9549918,0.9692525,0.9595462,0.9659065,0.96511066,0.9720631,0.96217626,0.96394527,0.97129416,0.97098976,0.9605267,0.97024614,0.96090895,0.9720325,0.96055543,0.9610336,0.9597152,0.97193766,0.96226484,0.9672531,0.97034746,0.9687398,0.9663778,0.95857364,0.96461815,0.8857018,0.9652091,0.9367914,0.96477985,0.962782,0.9647051,0.9470869,0.96975833,0.96528614,0.9678007,0.9663134,0.9710088,0.9583849,0.97002745,0.9678827,0.95916164,0.9632198,0.961514,0.9328537,0.9818797,0.95854664,0.9597649,0.9535263,0.9601658,0.9657037,0.9656173,0.96882313,0.9730123,0.9644119,0.9847253,0.97160816,0.9646305,0.97108376,0.95111066,0.9743793,0.9568212,0.96399647,0.9647475,0.9560405,0.966771,0.9646828,0.9614653,0.93889713,0.971427,0.9766289,0.9643459,0.96830696,0.9662255,0.96783394,0.9847253,0.9655007,0.9661298,0.9664987,0.9650655
