movie,21bridgesmovie,47metersdown,abeautifuldaymovie,abominablemovie,adastramovie,adogsjourneymovie,aftermathmovie,aftermovie,ahiddenlifefilm,alitamovie,angelhasfallen,angrybirdsmovie,annabellemovie,annamovie,apollo11movie,arcticdogsmovie,arcticmovie,artofracingmovie,avengers,beachbummovie,bernadettefilm,blackandbluemovie,blackchristmas,blindedbythelightmovie,bombshellmovie,booksmart,breakthroughmovie,brianbanksmovie,brightburnmovie,brittanyrunsmov,captainmarvelofficial,captivestatemovie,catsmovie,charliesangels,childsplaymovie,clarathefilm,coldpursuitmovie,countdown,currentwarmovie,darkwatersmovie,detectivepikachumovie,disneyaladdin,disneyfrozen,disneymaleficent,doctorsleepmovie,dolemiteismyname,dontletgomovie,doramovie,downtonabbey_official,dumbo,escaperoom,everybodyknowsmovie,fastandfuriousmovie,fightingwmyfam,fivefeetapartfilm,fordvferrari,freaksthefilm,geminimanmovie,glassmovie,gloriabellmovie,godzillamovie,goldfinchmovie,goodboysmovie,goodliarmovie,gretafilm,halathemovie,happydeathdaymovie,harrietfilm,hellboymovie,hersmellmovie,highlifemovie,highstrungmovie,honeyboymovie,hotelmumbaifilm,httydragon,hustlemovie,hustlersmovie,isntitromantic,itmovieofficial,jayandsilentbob,johnwickmovie,jojorabbitmovie,jokermovie,judythefilm,jumanjimovie,justmercyfilm,knivesout,lalloronamovie,lastblackmansf,lastchristmasthemovie,latenightmovie,lighthousemovie,lionking,littlethemovie,littlewomenmovie,littlewoodsfilm,longshotmovie,lordsofchaosmovie,lucyintheskyfilm,mamovie2019,marriagestory,meettheaddams,meninblack,midsommarmovie,midwaymovie,missbalamovie,missinglinkfilm,motherlessbklyn,onceinhollywood,onthebasisofsex,overcomermovie,peanutbutterfalcon,petsematarymovie,piercingmovie,playingwithfire,playmobilthemovie,pomsmovie,queenandslim,rambomovie,readyornotfilm,richardjewellfilm,rocketmanmovie,scarystoriesmovie,secretlifeofpets,serenityfilm,shaftmovie,shazammovie,spidermanmovie,spiesindisguise,starwars,stormboymovie,stubermovie,taosdfilm,teenspiritmov,terminator,theaeronautsmov,thebestofenemies,thedeaddontdie,thefarewell,thehighwaymen,thehummingbirdprojectfilm,theintrudermovie,theirishmanfilm,thekitchenmovie,thelegomovie,themustangfilm,thenightingalefilm,theprodigymovie,thesunisalsoastar,theupsidefilm,tolkienmovie,toystory,triplefrontier,uglydolls,uncutgems,underthesilverlake,usmovie,wavesmovie,whatmenwant,wonderparkmovie,wrinklestheclown,xmenmovies,yardiefilm,yesterdaymovie,zombieland
21bridgesmovie,0.9999998,0.9557308,0.9634472,0.95023197,0.9639119,0.9533887,0.9675054,0.96124065,0.97962373,0.96301955,0.9605742,0.9576536,0.9592586,0.95855314,0.96314406,0.95938027,0.95718575,0.95856905,0.97690785,0.9512675,0.95886475,0.9636922,0.9528664,0.97332543,0.96038836,0.9242617,0.9536826,0.9547977,0.9574066,0.961521,0.9555719,0.9603712,0.9562258,0.9540838,0.95357347,0.9509421,0.9594034,0.9719568,0.9631098,0.9585581,0.96044266,0.9606058,0.94922,0.9563931,0.9566853,0.97079414,0.9541008,0.96034396,0.95903254,0.957961,0.96265036,0.96613,0.95633036,0.9561241,0.957193,0.9713303,0.9616092,0.9621491,0.9691845,0.96917534,0.9681761,0.9613524,0.9476115,0.96988505,0.95792985,0.967398,0.9544195,0.95794547,0.9569152,0.9640325,0.969815,0.85544425,0.95591295,0.9618283,0.9536901,0.9552058,0.9430702,0.9586988,0.95565796,0.9627384,0.9637485,0.9613194,0.97501683,0.95679414,0.9689403,0.96398556,0.9569604,0.9560921,0.97098196,0.9535625,0.9681507,0.969815,0.9477527,0.96014893,0.95816606,0.96102035,0.95619303,0.96458113,0.964837,0.9554755,0.9673609,0.9528322,0.94951147,0.9600193,0.95931673,0.9620973,0.9636856,0.9689026,0.9561622,0.9644876,0.95987797,0.91352576,0.9619181,0.94547963,0.9606953,0.97837675,0.9907657,0.95796674,0.96009195,0.9616491,0.96905136,0.9538971,0.96050453,0.9451791,0.95863163,0.9639496,0.96200466,0.9534022,0.9615018,0.93302816,0.9634963,0.96097803,0.95972604,0.94689864,0.9656032,0.96410716,0.9778464,0.9582626,0.97147834,0.9630599,0.97962373,0.9635087,0.9579514,0.9678523,0.96245927,0.9659859,0.95593834,0.95255846,0.9628357,0.9718547,0.95813316,0.9666985,0.9746654,0.96192694,0.9602377,0.96147215,0.95433176,0.9604107,0.94901496,0.9606298,0.97962373,0.96604747,0.96562904,0.9629301,0.9604978
47metersdown,0.9557308,0.99999994,0.96309346,0.957329,0.96093994,0.9562747,0.9672416,0.9632601,0.97943574,0.9700209,0.9586952,0.95863533,0.95399386,0.96261835,0.96485204,0.966994,0.9592435,0.96051866,0.96439385,0.969322,0.9589985,0.9629124,0.95829904,0.96074593,0.9689207,0.9261533,0.95194054,0.96115595,0.959671,0.964499,0.95871884,0.9642564,0.94767666,0.9508772,0.94609344,0.9360458,0.9688853,0.95948786,0.9578548,0.9598531,0.9539565,0.9540983,0.95736897,0.95687485,0.969115,0.9635958,0.95004743,0.95685333,0.9574795,0.95817506,0.9658504,0.9700346,0.9630315,0.955143,0.94794,0.9593401,0.9571237,0.9614396,0.9618496,0.9645508,0.9600048,0.96565175,0.95470864,0.97078073,0.9655381,0.9639459,0.9540299,0.9651654,0.96793115,0.955809,0.96993846,0.8568286,0.9550247,0.9617133,0.94861734,0.95421374,0.92834103,0.9623368,0.9583092,0.95964015,0.9660338,0.95939904,0.97161794,0.95260835,0.9670861,0.9603232,0.9608164,0.95458966,0.9671709,0.9701961,0.9567659,0.96993846,0.93888664,0.9521627,0.9651411,0.960784,0.9618302,0.9644079,0.9589799,0.9522511,0.96491677,0.97116315,0.947402,0.97088194,0.97116095,0.96578795,0.95972246,0.9719601,0.95245874,0.96600705,0.96785796,0.8977681,0.96023846,0.9334955,0.9530623,0.9582027,0.96280336,0.95247626,0.96468186,0.968394,0.9635511,0.95637786,0.96724814,0.94424313,0.9674493,0.964815,0.96121395,0.9516613,0.9502685,0.9416953,0.9608759,0.9596913,0.96764016,0.95360166,0.96041596,0.96385777,0.95812976,0.9599867,0.9677992,0.9648788,0.97943574,0.96458405,0.9566802,0.9651462,0.9652083,0.9632276,0.9628413,0.9542287,0.97000986,0.96329063,0.96665263,0.9575862,0.96452343,0.953922,0.96565694,0.96514016,0.9555588,0.9648414,0.95381993,0.95811486,0.97943574,0.9560602,0.9675171,0.9572704,0.96452904
abeautifuldaymovie,0.9634472,0.96309346,1.0000002,0.96732694,0.96528536,0.9649192,0.97140414,0.9630774,0.98376906,0.97293407,0.9623112,0.9722649,0.95920664,0.96615976,0.9686575,0.96793836,0.96607107,0.9656111,0.9716482,0.95573294,0.9613041,0.97367704,0.95250773,0.9712693,0.96783084,0.91980416,0.9540575,0.9634827,0.98126554,0.9695322,0.9578849,0.96034276,0.9458773,0.97048974,0.95352775,0.94534636,0.9738664,0.96424395,0.96856064,0.9615198,0.9578113,0.96018845,0.95992553,0.96031564,0.9617763,0.9741062,0.9497597,0.96069556,0.9673243,0.9639953,0.98416936,0.97629464,0.9679282,0.9576748,0.95756674,0.96459484,0.9571751,0.9661598,0.97084635,0.9681561,0.96287173,0.97145855,0.9550547,0.965537,0.9694821,0.9732265,0.9635949,0.96286035,0.95713526,0.9534943,0.97249436,0.8735344,0.946925,0.9678928,0.95302624,0.94826037,0.93860656,0.96046966,0.96487474,0.97060335,0.962324,0.96303177,0.9696006,0.95743364,0.97366893,0.9586783,0.95977503,0.9640464,0.9657264,0.9644875,0.96665436,0.97249436,0.9588698,0.9633151,0.9805359,0.9677263,0.96398306,0.96593815,0.9639582,0.9552564,0.97193533,0.9617956,0.9646237,0.96747124,0.97016823,0.98328686,0.9702744,0.9664418,0.96795404,0.9669148,0.96448463,0.91652757,0.964369,0.94683486,0.9621544,0.96494097,0.9665753,0.9572354,0.9680865,0.96457165,0.9568843,0.95941216,0.9727766,0.95487106,0.9734527,0.96687627,0.96449554,0.9731846,0.95851994,0.9453083,0.96980864,0.9585533,0.96931875,0.9537789,0.96432066,0.96301264,0.9621184,0.9620142,0.968965,0.96784425,0.98376906,0.9789048,0.97113955,0.9605684,0.96480286,0.9706584,0.9634994,0.95369256,0.9614498,0.9585043,0.9635093,0.9748816,0.97150236,0.9521882,0.9595748,0.96714306,0.9599256,0.9607066,0.96082807,0.96576685,0.98376906,0.9646556,0.96900535,0.96036047,0.9812982
abominablemovie,0.95023197,0.957329,0.96732694,0.9999999,0.9558906,0.95768565,0.9664883,0.95752114,0.9753103,0.95884943,0.9550539,0.96517634,0.9632967,0.95228565,0.96821636,0.96158135,0.9616611,0.9568956,0.9615534,0.9511707,0.95280766,0.963559,0.94792086,0.95859146,0.9635528,0.92387605,0.9563637,0.95846057,0.95898116,0.96894294,0.9490919,0.948983,0.94688296,0.9562985,0.9571475,0.9510728,0.9579119,0.9658405,0.9497734,0.952908,0.9516169,0.9522852,0.9598119,0.9504493,0.9590812,0.9632008,0.9455955,0.9500996,0.9596094,0.9541024,0.9632081,0.9681667,0.96342194,0.9613883,0.95684886,0.96192485,0.9557744,0.9630594,0.9633985,0.9540335,0.9595669,0.9690599,0.9445393,0.9627065,0.9675397,0.9665408,0.95125294,0.9618685,0.9482856,0.96184164,0.96130896,0.8780321,0.95584434,0.9573509,0.9653719,0.94040626,0.938352,0.94890666,0.9565663,0.9564166,0.960712,0.9664259,0.9728208,0.9544208,0.9636284,0.94857746,0.95996547,0.9560982,0.96419346,0.9566101,0.95389766,0.96130896,0.94333637,0.9576222,0.9544265,0.9660168,0.9610082,0.9495056,0.9610403,0.9447352,0.96168566,0.95929986,0.9433376,0.95586187,0.9653677,0.96299964,0.964485,0.9651781,0.9468497,0.9573743,0.9576921,0.9166042,0.9610632,0.9466318,0.95791185,0.95281285,0.9565305,0.9512435,0.96207607,0.95903814,0.94584215,0.9476727,0.96587384,0.9506631,0.9634026,0.95936745,0.9640482,0.95270866,0.9490243,0.94408834,0.9581016,0.9563395,0.9651364,0.94085,0.96664894,0.96456367,0.9500459,0.9479507,0.9615742,0.959107,0.9753103,0.96340144,0.96063733,0.9560388,0.9576173,0.9594205,0.9562014,0.9613893,0.95965934,0.9553664,0.9591402,0.96019536,0.95510113,0.94606787,0.9587175,0.96366,0.95306563,0.9534833,0.95780396,0.96331286,0.9753103,0.9624416,0.9599908,0.9479459,0.96350425
adastramovie,0.9639119,0.96093994,0.96528536,0.9558906,1.0000002,0.96240574,0.9670172,0.96182567,0.9804966,0.9747982,0.9635658,0.9551888,0.9575525,0.95978564,0.9667862,0.9601709,0.9575633,0.97872746,0.96873355,0.9533955,0.9602316,0.9628537,0.95090723,0.9674679,0.96260667,0.916206,0.9657592,0.9508252,0.9607842,0.9593546,0.9553891,0.9513726,0.95125055,0.9510121,0.9330118,0.93739474,0.96563494,0.96207905,0.96843934,0.9528689,0.9692149,0.9658653,0.9615372,0.9645778,0.9628766,0.970639,0.9459995,0.9570535,0.9621954,0.96500295,0.96685743,0.9673462,0.9650151,0.95524204,0.95425737,0.9762831,0.9601036,0.9686017,0.97134155,0.9684081,0.96629345,0.96353376,0.9537188,0.96679527,0.96440387,0.96622825,0.96569234,0.9640317,0.9661172,0.95414555,0.9707629,0.8509574,0.93845713,0.96268797,0.9453611,0.94513047,0.9342737,0.9624668,0.9656648,0.95341486,0.9630355,0.96282333,0.97217566,0.94857836,0.96479213,0.9587313,0.95842457,0.96287364,0.9715103,0.9615836,0.953093,0.9707629,0.95237786,0.96054846,0.96202654,0.9666093,0.9590299,0.96016514,0.9667456,0.94630134,0.96396655,0.9636634,0.95930505,0.96342456,0.95994145,0.96822786,0.9685521,0.9682964,0.9623726,0.9629164,0.96141016,0.9011366,0.9558419,0.93746483,0.95930976,0.9612694,0.96644074,0.94917655,0.9722629,0.96050435,0.95574206,0.95230657,0.9646865,0.9482851,0.9591636,0.9582312,0.9640038,0.95261604,0.9720693,0.94770455,0.9643941,0.97702914,0.96166885,0.9463849,0.9615783,0.95763546,0.9620644,0.9567198,0.967672,0.9627096,0.9804966,0.95926607,0.95580685,0.9661438,0.9664367,0.9682927,0.96533126,0.93240047,0.9626055,0.9559026,0.96311337,0.96520853,0.96344644,0.9494923,0.9560393,0.9692846,0.9611404,0.9608788,0.9502689,0.95963675,0.9804966,0.9549963,0.9757103,0.962711,0.9641473
adogsjourneymovie,0.9533887,0.9562747,0.9649192,0.95768565,0.96240574,1.0000002,0.9632763,0.9563032,0.97663444,0.96294904,0.9644084,0.9604306,0.96224266,0.9632081,0.9679045,0.9585729,0.9659651,0.9669499,0.9584596,0.9560586,0.95697486,0.96225023,0.960212,0.9568221,0.95941955,0.9184949,0.9541115,0.95569533,0.96274996,0.96268594,0.94861996,0.953158,0.94741684,0.9575445,0.9447039,0.94813305,0.9650729,0.9636065,0.9552554,0.95466644,0.95977956,0.956592,0.97122157,0.96293885,0.9551,0.9646411,0.95447797,0.96141684,0.95765644,0.9625885,0.9646004,0.9663416,0.9587842,0.94184566,0.95029384,0.9569276,0.9509474,0.95854867,0.96276087,0.9522826,0.96289396,0.95361185,0.9541788,0.9666045,0.96410894,0.9678878,0.96118736,0.96200967,0.9548947,0.95351785,0.96315366,0.87086415,0.94438535,0.9657338,0.9480958,0.9481805,0.94402206,0.967241,0.9645501,0.9624884,0.9575092,0.96923316,0.96812844,0.953803,0.9550903,0.9519502,0.9625208,0.95597416,0.9608757,0.95242274,0.95552045,0.96315366,0.9414751,0.9563583,0.95818734,0.9621169,0.9631196,0.9620112,0.9599095,0.95458525,0.9612398,0.9700253,0.957427,0.9543625,0.9637678,0.9657699,0.96453685,0.9602407,0.9542981,0.96246076,0.9627962,0.9181196,0.95421994,0.9433613,0.9617516,0.966815,0.95887065,0.9535659,0.96473384,0.9555114,0.95503473,0.94633335,0.9590541,0.9706249,0.95475376,0.9601887,0.9698147,0.954796,0.96115035,0.9558308,0.96653515,0.958841,0.9664475,0.9510483,0.95947737,0.9572148,0.95417017,0.9577198,0.95435107,0.96399903,0.97663444,0.9574202,0.9568625,0.95892507,0.9608312,0.9609274,0.95449686,0.94628745,0.95304865,0.9515185,0.952181,0.9602841,0.9577417,0.9584393,0.9531071,0.95578235,0.9607971,0.9540955,0.9462379,0.9527891,0.97663444,0.95643044,0.9628987,0.9652816,0.95948637
aftermathmovie,0.9675054,0.9672416,0.97140414,0.9664883,0.9670172,0.9632763,0.9999995,0.9688626,0.9831231,0.97296923,0.96194786,0.9728875,0.96023273,0.97150075,0.9724436,0.9618532,0.9673246,0.96427894,0.9717188,0.96444106,0.9641727,0.9677254,0.95669734,0.96634126,0.9704406,0.9347818,0.9594641,0.96045434,0.96617395,0.9706309,0.96443814,0.96233845,0.9480417,0.9590714,0.95544475,0.9517208,0.96964926,0.96979976,0.97183865,0.9643225,0.95773125,0.95927715,0.9678123,0.9645822,0.96897596,0.9748103,0.9536393,0.9621392,0.9654572,0.96325445,0.9692628,0.97325593,0.96723574,0.96024764,0.95794433,0.9659383,0.9632743,0.96953785,0.9736189,0.9640549,0.9607789,0.9659827,0.95456135,0.9693074,0.96534747,0.9758958,0.959881,0.96956,0.9652407,0.96801215,0.96799093,0.86951834,0.9531159,0.9704392,0.9567491,0.96361315,0.9404189,0.96348166,0.9685949,0.9641411,0.9644138,0.98138994,0.9729403,0.955712,0.9722382,0.95945626,0.9633202,0.96166426,0.96999127,0.9641516,0.96704143,0.96799093,0.9504008,0.968301,0.96738946,0.9688556,0.9660844,0.9633788,0.98309463,0.9654111,0.9753264,0.9710888,0.9615458,0.96099025,0.972157,0.9707567,0.97187144,0.9664999,0.96094334,0.9705883,0.9646969,0.9106245,0.97090995,0.9492972,0.9652037,0.9675303,0.97134346,0.9595577,0.96849287,0.99097085,0.95716727,0.9613516,0.9636118,0.9479857,0.9705355,0.97441727,0.9739442,0.96011347,0.9618831,0.95242476,0.96806586,0.9698089,0.97026336,0.9629691,0.97154135,0.9703937,0.9702117,0.95577437,0.9689987,0.9676742,0.9831231,0.9686228,0.9662216,0.96244603,0.96709347,0.9650971,0.9601915,0.9614771,0.95666105,0.9685671,0.98534006,0.96934474,0.97106045,0.9586745,0.9649,0.96002364,0.9654556,0.9635419,0.9646222,0.97228277,0.9831231,0.9733323,0.96975505,0.961849,0.96616226
aftermovie,0.96124065,0.9632601,0.9630774,0.95752114,0.96182567,0.9563032,0.9688626,0.99999964,0.97864705,0.96182305,0.95294327,0.95688397,0.95221305,0.9640602,0.96870786,0.95983183,0.96334,0.9637719,0.95848006,0.96831924,0.95120627,0.9624278,0.95537955,0.96706784,0.9659561,0.93165916,0.9594099,0.9584068,0.95649767,0.9616151,0.94608456,0.96299136,0.9493114,0.9438627,0.94392025,0.9452959,0.9630406,0.9617547,0.96557087,0.95815736,0.9613472,0.95461434,0.9478613,0.9594467,0.96651834,0.96860605,0.9488612,0.9538519,0.95872533,0.96061957,0.9582306,0.9695483,0.9609102,0.9626376,0.9631734,0.96449596,0.9570647,0.96172523,0.96227163,0.9533829,0.9639892,0.96555674,0.95671546,0.96352005,0.96263963,0.9637957,0.95425016,0.9571863,0.9610572,0.9584304,0.9607075,0.8644586,0.9483097,0.96003354,0.957323,0.9490333,0.93302506,0.9531656,0.9557933,0.95827174,0.94984746,0.9575959,0.96809113,0.95576787,0.9636349,0.95633066,0.9462524,0.9536541,0.9596368,0.96730703,0.96216136,0.9607075,0.93976855,0.9627439,0.95889455,0.9548656,0.95830756,0.9645283,0.9660178,0.96233463,0.9647308,0.9650885,0.9462274,0.959547,0.9616575,0.96324223,0.96095574,0.9611411,0.95630884,0.95917505,0.9665246,0.91542494,0.9609134,0.93642515,0.9540219,0.95426875,0.9684575,0.9528761,0.9619119,0.96804434,0.9560467,0.95098,0.9619296,0.9519363,0.9606427,0.95994174,0.9679531,0.9433905,0.9578803,0.93948096,0.96061033,0.96185803,0.96688056,0.9565527,0.96851563,0.9637978,0.96384174,0.94789857,0.96286666,0.96550435,0.97864705,0.96402043,0.9621571,0.9540607,0.9673694,0.95827055,0.94888735,0.95387226,0.959986,0.9626394,0.96697706,0.9572984,0.9641754,0.95830446,0.9525708,0.95532554,0.95334303,0.96026325,0.96621865,0.9604716,0.97864705,0.959998,0.9671155,0.95536786,0.9623948
ahiddenlifefilm,0.97962373,0.97943574,0.98376906,0.9753103,0.9804966,0.97663444,0.9831231,0.97864705,1.0,0.9824624,0.97889996,0.9766923,0.97867465,0.9797512,0.98306596,0.9802329,0.9819457,0.9805982,0.98305595,0.97375476,0.97874874,0.9827549,0.97336346,0.9840923,0.98058575,0.94460064,0.9746186,0.9770486,0.9806733,0.97904205,0.97136295,0.9780796,0.96584857,0.974583,0.9652644,0.96358204,0.9843483,0.9810174,0.9788557,0.97988,0.97681224,0.9786338,0.9763014,0.9800757,0.98200405,0.98732203,0.9702009,0.9808924,0.98052865,0.9814023,0.98516876,0.9896016,0.97903836,0.9750389,0.97694594,0.97852105,0.9740212,0.9807383,0.98592305,0.9824527,0.98096776,0.98319453,0.9746609,0.98549116,0.9837798,0.983634,0.9775656,0.9826591,0.98105127,0.97711945,0.98637974,0.8818189,0.9676119,0.9821362,0.9691952,0.9677944,0.9565836,0.97731024,0.9812015,0.9810839,0.9762171,0.9803592,0.9891719,0.9750667,0.98529667,0.97230947,0.9782985,0.97700876,0.9825028,0.9812337,0.98005736,0.98637974,0.97024065,0.9766761,0.9827347,0.9770117,0.9800575,0.98119724,0.97957295,0.9734456,0.98467714,0.9812175,0.97049373,0.9824542,0.98229015,0.98648787,0.9845659,0.9861403,0.9757867,0.9817473,0.98255056,0.92765516,0.98077154,0.960002,0.97487605,0.98119867,0.98567474,0.9734221,0.98255545,0.9793204,0.97707,0.97568595,0.98242635,0.9671803,0.9815978,0.98319805,0.9792713,0.97422254,0.97551066,0.9606462,0.98415655,0.97726625,0.98435026,0.9674601,0.9822427,0.97854817,0.97884566,0.97771364,0.9840307,0.9841665,1.0,0.98303026,0.98089635,0.98168015,0.98266035,0.98438287,0.97758174,0.96702296,0.9793964,0.9760328,0.9780702,0.98061883,0.9837016,0.9701736,0.9764299,0.98152274,0.9738996,0.9787487,0.9724694,0.97681,1.0,0.9778955,0.9841201,0.9767499,0.9833475
alitamovie,0.96301955,0.9700209,0.97293407,0.95884943,0.9747982,0.96294904,0.97296923,0.96182305,0.9824624,1.0000002,0.9620962,0.9641871,0.96120566,0.97348607,0.96894825,0.97024286,0.9662236,0.97619724,0.9696518,0.9579315,0.9619134,0.9674661,0.95804477,0.9705856,0.9694733,0.9253026,0.96729463,0.9669504,0.96940583,0.9642108,0.9639167,0.9641868,0.9448006,0.9607788,0.9465468,0.9475592,0.9684938,0.96404,0.967466,0.96675164,0.96530414,0.9653592,0.9622086,0.9665786,0.9644097,0.97131044,0.95581007,0.96422344,0.9670887,0.9667713,0.9741755,0.9740083,0.96839833,0.9562238,0.95261455,0.97022945,0.96017736,0.967259,0.97118205,0.9673734,0.9664464,0.9667364,0.9579997,0.9689243,0.9684814,0.9684497,0.9626375,0.9697261,0.96405035,0.96275645,0.97048694,0.866759,0.95092237,0.9641884,0.9572765,0.9523292,0.94204307,0.96027744,0.9705915,0.962648,0.9630882,0.9633824,0.9718891,0.961381,0.97291446,0.96522856,0.9592219,0.9664858,0.97038543,0.96699214,0.96470016,0.97048694,0.95605713,0.9640707,0.9674633,0.9651602,0.96469945,0.9580696,0.96773195,0.9592557,0.9681381,0.968173,0.9666255,0.9675719,0.9751185,0.9745993,0.97378296,0.9711049,0.96063143,0.97194076,0.9723904,0.9145542,0.9625988,0.9443672,0.96046984,0.9620636,0.9668908,0.96717376,0.9754833,0.9707026,0.9645105,0.96268445,0.9648565,0.9564135,0.97008395,0.9671087,0.96755064,0.9632798,0.96581036,0.9492885,0.9713572,0.968297,0.9711014,0.9577842,0.97006494,0.9625779,0.9634568,0.9664109,0.96712685,0.9681603,0.9824624,0.97055924,0.96797293,0.9636385,0.97066945,0.9785444,0.96928644,0.9487614,0.9660225,0.95824254,0.9643957,0.9663906,0.97244656,0.9576837,0.9690015,0.9682866,0.964571,0.96217173,0.95769125,0.96754867,0.9824624,0.9620226,0.9709521,0.9669297,0.9697811
angelhasfallen,0.9605742,0.9586952,0.9623112,0.9550539,0.9635658,0.9644084,0.96194786,0.95294327,0.97889996,0.9620962,1.0000002,0.96511996,0.96629363,0.962272,0.95933056,0.9582244,0.96117306,0.9635919,0.9647772,0.95222014,0.9572228,0.9577398,0.95533675,0.9696738,0.95890915,0.92043924,0.9545274,0.9534943,0.9604502,0.9663674,0.96016043,0.9587482,0.9442361,0.9639274,0.9448972,0.94182473,0.9643782,0.9613266,0.954099,0.9626036,0.9527378,0.9568965,0.959572,0.9618929,0.9600204,0.9695271,0.9525335,0.96126825,0.9550783,0.9587474,0.96776956,0.9676218,0.963689,0.9591157,0.95755625,0.95729226,0.9590319,0.9609622,0.9666843,0.9635816,0.966117,0.9530876,0.9557288,0.9623198,0.9598169,0.9789007,0.9585114,0.9709597,0.9707479,0.95995146,0.9649984,0.8556512,0.9452089,0.9643724,0.9563512,0.9525076,0.9295025,0.9552727,0.9610767,0.9607069,0.97467285,0.9649285,0.9717825,0.95483226,0.9651222,0.9625266,0.97450763,0.9670928,0.96473086,0.966901,0.9527695,0.9649984,0.9468819,0.95304716,0.96675235,0.96445084,0.9776761,0.9673776,0.9640763,0.9510956,0.96751225,0.9572859,0.9561503,0.96641344,0.9624161,0.9684844,0.96743363,0.9664278,0.95612603,0.96306616,0.9646948,0.90013593,0.95707643,0.93474555,0.95311964,0.97012514,0.9689691,0.9584334,0.9678284,0.96235895,0.9570275,0.95678157,0.9693124,0.9522593,0.9683131,0.9599635,0.9571068,0.95664304,0.9514743,0.9432682,0.96467125,0.95639026,0.961439,0.94266856,0.96358854,0.9610563,0.9618334,0.956829,0.96537644,0.9635432,0.97889996,0.96007276,0.9626227,0.97055084,0.9636151,0.9708203,0.9634117,0.9503795,0.9584568,0.95946217,0.9548504,0.9653956,0.96145314,0.96003854,0.9612508,0.95821035,0.9540812,0.9509838,0.9512052,0.9505699,0.97889996,0.9524766,0.9645041,0.95493835,0.96214193
angrybirdsmovie,0.9576536,0.95863533,0.9722649,0.96517634,0.9551888,0.9604306,0.9728875,0.95688397,0.9766923,0.9641871,0.96511996,0.9999997,0.95777565,0.95919496,0.968223,0.96485484,0.9583523,0.9580847,0.95859253,0.95872974,0.95633906,0.9674265,0.94915366,0.960324,0.96437943,0.91764534,0.9518604,0.952596,0.9685549,0.9755657,0.9598613,0.95192915,0.9423132,0.9702027,0.9574414,0.94443595,0.9604751,0.9627803,0.95407265,0.9561923,0.95112365,0.9455425,0.9609585,0.949478,0.96007663,0.9668554,0.94889784,0.9596783,0.9575208,0.94889593,0.9741106,0.96651286,0.96030664,0.9556054,0.955742,0.9532099,0.9492571,0.9545709,0.9713641,0.95194083,0.9611044,0.9651881,0.9527246,0.9599557,0.9634927,0.9703703,0.95829636,0.9591337,0.9550153,0.9602302,0.95826405,0.8699191,0.9469935,0.96590763,0.95348704,0.9506341,0.9345607,0.95397913,0.9656122,0.9619554,0.96823996,0.9635977,0.9681342,0.952965,0.9706748,0.95233774,0.95923823,0.95284396,0.9625619,0.95738244,0.9642646,0.95826405,0.95061725,0.95465034,0.9701212,0.9664193,0.9614524,0.961233,0.96521795,0.9592056,0.96486425,0.95991695,0.95759994,0.9552874,0.9618297,0.97197276,0.96360123,0.96045434,0.9506319,0.9609965,0.95667934,0.92228264,0.96026206,0.947531,0.9511489,0.9645726,0.96616745,0.95130044,0.9651741,0.96454424,0.95479745,0.9550188,0.9643824,0.9453921,0.9696385,0.9626539,0.9681609,0.96266663,0.9430179,0.9379265,0.96752435,0.950195,0.95979846,0.9459092,0.9597196,0.96387714,0.96175283,0.95295763,0.9608756,0.9594017,0.9766923,0.96640956,0.9598351,0.9615317,0.9655925,0.9612067,0.9591654,0.96349925,0.95392895,0.9611422,0.9603481,0.95625484,0.9647058,0.95507336,0.9570563,0.9568728,0.94612604,0.9518436,0.94802254,0.9608032,0.9766923,0.96722585,0.96181566,0.94742507,0.9627243
annabellemovie,0.9592586,0.95399386,0.95920664,0.9632967,0.9575525,0.96224266,0.96023273,0.95221305,0.97867465,0.96120566,0.96629363,0.95777565,0.9999998,0.95582384,0.9708507,0.95477414,0.9667278,0.9578851,0.9579649,0.95965636,0.958235,0.954908,0.9644947,0.9648346,0.9565818,0.9162421,0.96082795,0.9587469,0.9580418,0.9633382,0.9481682,0.96459293,0.9632876,0.96182275,0.9534674,0.9514561,0.9689478,0.9724994,0.9521523,0.9613056,0.95680344,0.9615543,0.95794606,0.9644892,0.9612636,0.96404296,0.9622616,0.9640086,0.96498764,0.9654298,0.96493185,0.9675165,0.9678812,0.96170026,0.96414846,0.9578649,0.95256746,0.9645572,0.96667176,0.95836216,0.974699,0.95600116,0.9522885,0.9760688,0.96130306,0.96661556,0.9621372,0.96677023,0.9595658,0.9620615,0.96407455,0.8633313,0.9603782,0.9619528,0.95965445,0.9582452,0.9502454,0.9619921,0.96078897,0.955677,0.9651754,0.97448045,0.97966325,0.95879865,0.9631916,0.9572165,0.9743113,0.9826401,0.9628436,0.9582295,0.96187,0.96407455,0.94886774,0.9636896,0.9626169,0.962078,0.9667791,0.9596162,0.9566079,0.957583,0.96168506,0.95376474,0.94958466,0.96402603,0.96465546,0.9664714,0.9650907,0.9666256,0.9515625,0.9594757,0.9676554,0.91440976,0.9637276,0.942896,0.95598614,0.96595514,0.9697459,0.95781845,0.96779895,0.956453,0.9628043,0.9585953,0.9694582,0.960398,0.96389055,0.9610964,0.9645773,0.95107704,0.9509881,0.9409026,0.971143,0.9555723,0.965267,0.93922734,0.9653111,0.96240807,0.9614646,0.96221536,0.9643399,0.9655273,0.97867465,0.95979667,0.95861983,0.9694424,0.9671334,0.96728617,0.9561805,0.9574519,0.9684824,0.9561647,0.9526418,0.9581494,0.9605636,0.95578384,0.96009,0.95958227,0.9637424,0.9545813,0.9535055,0.9581069,0.97867465,0.9585665,0.96265244,0.9624915,0.96358156
annamovie,0.95855314,0.96261835,0.96615976,0.95228565,0.95978564,0.9632081,0.97150075,0.9640602,0.9797512,0.97348607,0.962272,0.95919496,0.95582384,1.0000001,0.96709174,0.9616847,0.9715172,0.96912354,0.9655255,0.96368116,0.96253043,0.9602956,0.96302414,0.9679592,0.9652537,0.93066865,0.9554553,0.9667071,0.9650221,0.9636673,0.96008337,0.96489215,0.9433154,0.9584336,0.9376694,0.94706637,0.96428156,0.9634252,0.9640035,0.965536,0.95868075,0.9666586,0.959732,0.9669143,0.96133953,0.97217,0.95968,0.95883507,0.96024454,0.9706801,0.96847355,0.96911466,0.96201277,0.95444,0.9501167,0.9582273,0.9552652,0.96748865,0.96588206,0.9628519,0.96347857,0.96510416,0.95903456,0.9734037,0.95927656,0.97067845,0.959201,0.96303463,0.9645282,0.95732325,0.9699652,0.86339074,0.947845,0.9680342,0.9496825,0.9546568,0.93301225,0.9605183,0.96689814,0.96068054,0.96037716,0.96278083,0.9701418,0.95430386,0.9610116,0.96143013,0.9518096,0.95944303,0.96608216,0.968343,0.9630533,0.9699652,0.95864826,0.9645342,0.96050954,0.9624441,0.9680229,0.96423393,0.9633868,0.972816,0.9643547,0.9705186,0.9593572,0.96260506,0.9739753,0.97146297,0.9697597,0.9646751,0.9515811,0.96703976,0.9671657,0.895181,0.95847875,0.9383511,0.96234626,0.96037465,0.96461725,0.956906,0.96641374,0.971856,0.9557933,0.9629082,0.9621858,0.9532392,0.969954,0.9646593,0.966186,0.9584128,0.9604404,0.93947023,0.96925104,0.9636433,0.9754655,0.9610975,0.96280986,0.96231294,0.96728927,0.95354223,0.96503764,0.9685123,0.9797512,0.96857977,0.96120834,0.9585357,0.96401465,0.96854115,0.9672379,0.94601583,0.95584214,0.9540795,0.96484035,0.96320903,0.9668403,0.95763063,0.95821565,0.95671946,0.9617358,0.9657548,0.9622066,0.95934343,0.9797512,0.96165526,0.9707821,0.96627915,0.9608096
apollo11movie,0.96314406,0.96485204,0.9686575,0.96821636,0.9667862,0.9679045,0.9724436,0.96870786,0.98306596,0.96894825,0.95933056,0.968223,0.9708507,0.96709174,1.0,0.96040857,0.96876615,0.9634959,0.96882576,0.97966117,0.95873505,0.9642356,0.9616062,0.96098304,0.96805644,0.9213914,0.9568643,0.9628638,0.95804155,0.97455645,0.95546466,0.96449536,0.9587922,0.9528497,0.9520321,0.9484412,0.9691609,0.96637315,0.96616244,0.9637988,0.9660484,0.96457756,0.96181244,0.96850985,0.967182,0.97091824,0.95896536,0.966693,0.9675588,0.9699833,0.9637855,0.9718471,0.97227687,0.96063954,0.9621449,0.96419764,0.962765,0.966508,0.9753289,0.9636832,0.9689802,0.97226506,0.953816,0.97675073,0.96820194,0.97100735,0.9642672,0.9657651,0.95999503,0.9638897,0.9713756,0.8743488,0.9539107,0.97051585,0.9583225,0.95607835,0.9471126,0.96669155,0.97347283,0.96832865,0.96536577,0.9708048,0.9784403,0.9581986,0.96627784,0.96085817,0.9613586,0.9646636,0.96900797,0.96652645,0.96647537,0.9713756,0.9553695,0.9674761,0.96521837,0.9784312,0.9661904,0.9656027,0.9680273,0.96220136,0.9695066,0.96783483,0.95336396,0.96638507,0.9653607,0.96432453,0.97481763,0.9745162,0.956402,0.96727437,0.97061145,0.9187195,0.9674067,0.9493223,0.96214795,0.9610791,0.9691657,0.95470583,0.9709766,0.96737814,0.9671144,0.95970386,0.970332,0.96208495,0.9698463,0.9661284,0.97473836,0.9485812,0.9543998,0.93938047,0.9680238,0.9638671,0.97448695,0.94620544,0.96740323,0.96910506,0.9596287,0.9585855,0.9621909,0.97014576,0.98306596,0.9658918,0.9636256,0.975555,0.97209466,0.96237946,0.96192753,0.9595267,0.97278094,0.96401525,0.969664,0.96508145,0.9711798,0.95705944,0.96664655,0.96235514,0.96262634,0.9679778,0.9632377,0.9678264,0.98306596,0.9702962,0.97130173,0.9637601,0.9646187
arcticdogsmovie,0.95938027,0.966994,0.96793836,0.96158135,0.9601709,0.9585729,0.9618532,0.95983183,0.9802329,0.97024286,0.9582244,0.96485484,0.95477414,0.9616847,0.96040857,1.0000002,0.9655542,0.9635984,0.9641305,0.95093083,0.9618452,0.9647318,0.9596722,0.962601,0.9633341,0.9369815,0.95996475,0.9596456,0.9672821,0.96063215,0.9570612,0.9600702,0.94591975,0.96503556,0.9468136,0.94518447,0.961647,0.9613241,0.9517341,0.9657161,0.9591139,0.9591248,0.9604334,0.95602566,0.96604913,0.9684101,0.95492786,0.962076,0.9615631,0.96089226,0.968152,0.9735256,0.9543797,0.9595275,0.9534534,0.9627127,0.9499065,0.96012723,0.9714782,0.9598891,0.9662053,0.9727747,0.95732677,0.9629644,0.97089034,0.9647349,0.9654715,0.9654564,0.95854896,0.9631673,0.96571875,0.8823278,0.95772874,0.9609119,0.9522718,0.9514977,0.93562925,0.958589,0.9631677,0.96365374,0.95176196,0.9547916,0.968152,0.9631596,0.96310383,0.9547313,0.9575643,0.9573051,0.96345866,0.962375,0.96418417,0.96571875,0.9533416,0.9622844,0.9597189,0.95432365,0.961952,0.9616957,0.95711136,0.9525027,0.9638309,0.96588826,0.9526581,0.96335727,0.9657964,0.9685387,0.9693885,0.9735998,0.96301687,0.9676757,0.9676019,0.92129403,0.96340555,0.9400845,0.9629261,0.9626852,0.9658464,0.9580175,0.9604827,0.96104133,0.9575586,0.9571995,0.96715134,0.9518571,0.9632888,0.9723438,0.96707714,0.9562086,0.95448136,0.9405928,0.9619826,0.9541044,0.9671226,0.9605677,0.96156716,0.9613263,0.9598303,0.9629342,0.9654634,0.97116244,0.9802329,0.96731263,0.962173,0.95622593,0.97373974,0.9685414,0.9582486,0.95144826,0.96113455,0.95614004,0.9556617,0.9618633,0.9677298,0.9535298,0.96535254,0.9660536,0.9507365,0.96026146,0.94845814,0.9621554,0.9802329,0.9622092,0.96152294,0.9582518,0.96504456
arcticmovie,0.95718575,0.9592435,0.96607107,0.9616611,0.9575633,0.9659651,0.9673246,0.96334,0.9819457,0.9662236,0.96117306,0.9583523,0.9667278,0.9715172,0.96876615,0.9655542,1.0000002,0.9602369,0.96693456,0.96017724,0.9699489,0.96645236,0.9620213,0.9620554,0.9700229,0.9344334,0.9608676,0.9764215,0.9712528,0.9637981,0.95873946,0.9615056,0.9550427,0.96654016,0.94648194,0.95632267,0.96776414,0.9656441,0.9571672,0.971355,0.9587783,0.9662793,0.96212727,0.965497,0.96400696,0.9712473,0.9569025,0.9626408,0.9693691,0.9672973,0.9717296,0.9771085,0.9682526,0.9660105,0.95554566,0.95650053,0.9525628,0.9666994,0.9688674,0.9723262,0.9665682,0.9657498,0.9614755,0.9737911,0.97150916,0.9676363,0.9580044,0.9698493,0.95911,0.966218,0.97722006,0.87060654,0.9538356,0.96660495,0.9587222,0.95156735,0.9464154,0.95523626,0.9612179,0.9705885,0.95263433,0.9682229,0.97210014,0.96315837,0.9671935,0.9600739,0.95641404,0.9623088,0.9666799,0.96753037,0.96418774,0.97722006,0.95636547,0.96033186,0.96773624,0.9596279,0.96591735,0.965632,0.9626708,0.96204555,0.96478516,0.9737333,0.9574857,0.970484,0.96536076,0.97412264,0.9710252,0.9728369,0.9584748,0.96725124,0.97182906,0.9156019,0.96563596,0.9533463,0.9651102,0.9617797,0.9663081,0.96048677,0.96330327,0.9677375,0.9589224,0.96399736,0.96739143,0.96222657,0.9679438,0.96677935,0.9615771,0.9571374,0.95482916,0.95574886,0.96999574,0.9537019,0.98395145,0.9615057,0.9677907,0.96060777,0.9657994,0.96565485,0.9706659,0.9717629,0.9819457,0.96872437,0.96575075,0.96396005,0.9719952,0.97031826,0.9629236,0.9488994,0.9641798,0.9606512,0.95928735,0.9700651,0.9672601,0.9567554,0.9620668,0.9667767,0.96345794,0.96811485,0.96468395,0.9618727,0.9819457,0.9571458,0.96830237,0.96724313,0.96977264
artofracingmovie,0.95856905,0.96051866,0.9656111,0.9568956,0.97872746,0.9669499,0.96427894,0.9637719,0.9805982,0.97619724,0.9635919,0.9580847,0.9578851,0.96912354,0.9634959,0.9635984,0.9602369,1.0000001,0.9629218,0.9506953,0.95933384,0.9637941,0.9549385,0.97209287,0.9653372,0.92573744,0.96725,0.9630097,0.9630287,0.96294487,0.9561972,0.95528483,0.94277406,0.956057,0.94330734,0.9443981,0.96453327,0.96071506,0.9663133,0.95981133,0.9602133,0.9619396,0.96609163,0.9647509,0.9581377,0.9688529,0.95022386,0.9542288,0.957244,0.96502,0.96876603,0.9692811,0.97052455,0.9486568,0.9546237,0.97385323,0.95112574,0.96404576,0.96620315,0.96090835,0.9607578,0.963302,0.956173,0.9614822,0.9654445,0.9654398,0.96984226,0.9617541,0.96306837,0.95743173,0.9682608,0.8576112,0.9434195,0.96404374,0.95295805,0.94752604,0.9377085,0.9578519,0.9685613,0.9584974,0.96373266,0.95808685,0.96854675,0.9563807,0.96957844,0.9538276,0.96170765,0.9610785,0.9599742,0.9602145,0.95797133,0.9682608,0.9463943,0.9631458,0.96175504,0.9591477,0.9650256,0.9559172,0.963578,0.961803,0.96622914,0.96697927,0.9555896,0.96309716,0.9672546,0.96929467,0.96398896,0.9622001,0.9582611,0.9624864,0.969582,0.91710687,0.95632225,0.9299686,0.9549542,0.96506584,0.9642073,0.9584917,0.9700057,0.96348184,0.954389,0.95167893,0.96018445,0.94779396,0.9645985,0.964584,0.96625745,0.95990187,0.9726421,0.9461509,0.96560144,0.96898526,0.96459883,0.9545117,0.96287465,0.9628159,0.9608008,0.95637226,0.96665347,0.97591674,0.9805982,0.9619308,0.964896,0.9570991,0.9649145,0.9708117,0.96093965,0.9429351,0.95226526,0.9590097,0.95982164,0.9614612,0.96739495,0.95337594,0.959739,0.96483845,0.9586659,0.95739716,0.95587206,0.9610113,0.9805982,0.9577284,0.9708232,0.9582051,0.96520305
avengers,0.97690785,0.96439385,0.9716482,0.9615534,0.96873355,0.9584596,0.9717188,0.95848006,0.98305595,0.9696518,0.9647772,0.95859253,0.9579649,0.9655255,0.96882576,0.9641305,0.96693456,0.9629218,0.9999997,0.95656043,0.9682811,0.9723041,0.9531356,0.9677671,0.967262,0.9275144,0.9620959,0.9670981,0.9660158,0.96123207,0.9768995,0.9574553,0.95038736,0.9607878,0.95208126,0.95646703,0.96635354,0.9672485,0.9663075,0.9605393,0.962759,0.9636192,0.9642828,0.9581939,0.9626597,0.97523236,0.9527161,0.96493125,0.9689362,0.96331877,0.9735639,0.9708646,0.9689903,0.95865446,0.9587759,0.97126806,0.9645866,0.96735436,0.97050416,0.9704107,0.9696541,0.97056186,0.9571543,0.96976453,0.9630023,0.97238487,0.960299,0.9625479,0.96285623,0.96241015,0.97372305,0.8648189,0.9525565,0.9687526,0.9588116,0.95606226,0.9433026,0.96596545,0.96546274,0.965242,0.96226555,0.96840024,0.973922,0.9616703,0.9683952,0.96310383,0.96122134,0.95829064,0.97098446,0.966229,0.9626219,0.97372305,0.9527087,0.9635124,0.96595705,0.96639365,0.96529126,0.9589806,0.9632763,0.9567787,0.972134,0.9645956,0.95612895,0.9609342,0.96343505,0.9728603,0.9766671,0.96875995,0.95871824,0.97021747,0.9669646,0.9096182,0.96412575,0.9517149,0.9694021,0.97088325,0.9729938,0.95932114,0.96505606,0.9696028,0.969544,0.9668637,0.96738106,0.94421715,0.96414226,0.96833867,0.96739,0.96640766,0.9637201,0.9548711,0.9659348,0.96621287,0.9682733,0.95456713,0.96733624,0.960528,0.9681345,0.95918113,0.96492857,0.9666625,0.98305595,0.97193855,0.9625563,0.9699499,0.9671697,0.96678233,0.96532786,0.94830966,0.9629263,0.9663893,0.96272033,0.966423,0.97550315,0.958774,0.9696449,0.9680284,0.95410526,0.96707743,0.95830476,0.96240973,0.98305595,0.9662534,0.97012573,0.9598141,0.966439
beachbummovie,0.9512675,0.969322,0.95573294,0.9511707,0.9533955,0.9560586,0.96444106,0.96831924,0.97375476,0.9579315,0.95222014,0.95872974,0.95965636,0.96368116,0.97966117,0.95093083,0.96017724,0.9506953,0.95656043,0.99999994,0.94618446,0.95378935,0.9658486,0.95646894,0.9648423,0.9127095,0.95265245,0.95332867,0.94728315,0.9641976,0.94662136,0.95983064,0.94985706,0.94698143,0.93904406,0.9379332,0.9645424,0.95507497,0.9549342,0.95110255,0.95216477,0.95037574,0.9529604,0.9567237,0.9614069,0.9655829,0.96191555,0.95700634,0.95168775,0.9610278,0.9505694,0.9623893,0.9659258,0.95515144,0.9563466,0.95064515,0.9587903,0.95660776,0.9552687,0.95196146,0.9590769,0.9533173,0.946876,0.96785504,0.9601379,0.9597165,0.9513655,0.9590344,0.9586198,0.9494161,0.9602364,0.8662457,0.9446349,0.9561111,0.948179,0.9457027,0.93045455,0.9627952,0.96108776,0.9556754,0.95688426,0.9586878,0.96549505,0.94552034,0.95866615,0.9512696,0.9473479,0.95746183,0.95474094,0.96199024,0.94998413,0.9602364,0.94436216,0.9497197,0.95707875,0.96442646,0.95609087,0.9676683,0.95752436,0.9642227,0.9631116,0.9648444,0.9390313,0.95903844,0.96434534,0.9528845,0.9575953,0.9598621,0.95152944,0.9583589,0.96531165,0.8994646,0.95757735,0.9362108,0.94589543,0.95020944,0.9620647,0.9428329,0.96123326,0.96525484,0.9515165,0.95733696,0.962931,0.9526908,0.9658297,0.95490247,0.96204,0.93387264,0.94241303,0.9323465,0.95541596,0.9564063,0.96360034,0.942763,0.9599805,0.9609136,0.9545383,0.94926196,0.95348954,0.96494806,0.97375476,0.95401543,0.9550997,0.96418744,0.9613992,0.9516587,0.95567375,0.95120525,0.9634963,0.95675975,0.9630844,0.9504189,0.96299446,0.9521652,0.9503502,0.94710207,0.9600488,0.9581957,0.95374084,0.9551096,0.97375476,0.96275157,0.96218055,0.9591912,0.9536031
bernadettefilm,0.95886475,0.9589985,0.9613041,0.95280766,0.9602316,0.95697486,0.9641727,0.95120627,0.97874874,0.9619134,0.9572228,0.95633906,0.958235,0.96253043,0.95873505,0.9618452,0.9699489,0.95933384,0.9682811,0.94618446,1.0000002,0.9673677,0.95912385,0.9633339,0.95931965,0.93317175,0.9530782,0.9616384,0.96756196,0.9581302,0.95630985,0.9525078,0.9453992,0.9640994,0.94625145,0.9534395,0.96753293,0.9656736,0.95270395,0.9636335,0.9605561,0.9576328,0.9667464,0.959608,0.96326196,0.96788925,0.95725375,0.9623667,0.9607603,0.9594275,0.9674959,0.9711156,0.9583427,0.9495798,0.9530319,0.9566799,0.949083,0.9613602,0.9669878,0.96831596,0.96117646,0.96316355,0.95584166,0.9664906,0.9614354,0.9659778,0.96142715,0.9651215,0.9628395,0.95819896,0.9698083,0.8744108,0.9489489,0.96422964,0.9540526,0.94746584,0.9342048,0.9581842,0.97073466,0.9640336,0.9539711,0.96459514,0.96887225,0.9558294,0.9625035,0.95114857,0.95991004,0.95218056,0.96084434,0.96391004,0.960252,0.9698083,0.9587315,0.95669025,0.9643922,0.9564351,0.9603599,0.9664066,0.9566571,0.95705193,0.9634464,0.9652621,0.9477239,0.963775,0.96025324,0.9691114,0.96249384,0.96560436,0.95524305,0.9590209,0.95886296,0.90010834,0.9588802,0.94865924,0.963101,0.9609663,0.9639152,0.95792156,0.9529085,0.9616954,0.9599031,0.95987135,0.9615092,0.9414701,0.96485484,0.96716744,0.9601313,0.9643405,0.9536851,0.9486753,0.9794492,0.95684624,0.96910644,0.9529064,0.9597148,0.95760345,0.96013206,0.9731635,0.96603495,0.9610616,0.97874874,0.9588205,0.96129614,0.9612223,0.9638388,0.967136,0.9593629,0.9440551,0.9544034,0.95565844,0.9581578,0.9622681,0.9680863,0.949677,0.9559975,0.9699958,0.9604706,0.9684429,0.9522925,0.95171976,0.97874874,0.958667,0.9663769,0.95945776,0.962397
