movie,21bridgesmovie,47metersdown,abeautifuldaymovie,abominablemovie,adastramovie,adogsjourneymovie,aftermathmovie,aftermovie,ahiddenlifefilm,alitamovie,angelhasfallen,angrybirdsmovie,annabellemovie,annamovie,apollo11movie,arcticdogsmovie,arcticmovie,artofracingmovie,avengers,beachbummovie,bernadettefilm,blackandbluemovie,blackchristmas,blindedbythelightmovie,bombshellmovie,booksmart,breakthroughmovie,brianbanksmovie,brightburnmovie,brittanyrunsmov,captainmarvelofficial,captivestatemovie,catsmovie,charliesangels,childsplaymovie,clarathefilm,coldpursuitmovie,countdown,currentwarmovie,darkwatersmovie,detectivepikachumovie,disneyaladdin,disneyfrozen,disneymaleficent,doctorsleepmovie,dolemiteismyname,dontletgomovie,doramovie,downtonabbey_official,dumbo,escaperoom,everybodyknowsmovie,fastandfuriousmovie,fightingwmyfam,fivefeetapartfilm,fordvferrari,freaksthefilm,geminimanmovie,glassmovie,gloriabellmovie,godzillamovie,goldfinchmovie,goodboysmovie,goodliarmovie,gretafilm,halathemovie,happydeathdaymovie,harrietfilm,hellboymovie,hersmellmovie,highlifemovie,highstrungmovie,honeyboymovie,hotelmumbaifilm,httydragon,hustlemovie,hustlersmovie,isntitromantic,itmovieofficial,jayandsilentbob,johnwickmovie,jojorabbitmovie,jokermovie,judythefilm,jumanjimovie,justmercyfilm,knivesout,lalloronamovie,lastblackmansf,lastchristmasthemovie,latenightmovie,lighthousemovie,lionking,littlethemovie,littlewomenmovie,littlewoodsfilm,longshotmovie,lordsofchaosmovie,lucyintheskyfilm,mamovie2019,marriagestory,meettheaddams,meninblack,midsommarmovie,midwaymovie,missbalamovie,missinglinkfilm,motherlessbklyn,onceinhollywood,onthebasisofsex,overcomermovie,peanutbutterfalcon,petsematarymovie,piercingmovie,playingwithfire,playmobilthemovie,pomsmovie,queenandslim,rambomovie,readyornotfilm,richardjewellfilm,rocketmanmovie,scarystoriesmovie,secretlifeofpets,serenityfilm,shaftmovie,shazammovie,spidermanmovie,spiesindisguise,starwars,stormboymovie,stubermovie,taosdfilm,teenspiritmov,terminator,theaeronautsmov,thebestofenemies,thedeaddontdie,thefarewell,thehighwaymen,thehummingbirdprojectfilm,theintrudermovie,theirishmanfilm,thekitchenmovie,thelegomovie,themustangfilm,thenightingalefilm,theprodigymovie,thesunisalsoastar,theupsidefilm,tolkienmovie,toystory,triplefrontier,uglydolls,uncutgems,underthesilverlake,usmovie,wavesmovie,whatmenwant,wonderparkmovie,wrinklestheclown,xmenmovies,yardiefilm,yesterdaymovie,zombieland
21bridgesmovie,1.0000006,0.9639617,0.9611345,0.95866907,0.9598749,0.95000386,0.96697414,0.96281296,0.9799703,0.9536466,0.96180487,0.95899785,0.9546296,0.9595562,0.9692862,0.9647917,0.963432,0.9562571,0.9714152,0.9556052,0.96797085,0.95802534,0.9631413,0.96320814,0.9550707,0.8933524,0.95154256,0.96956503,0.96262294,0.94632846,0.9590398,0.9636579,0.9488194,0.9530167,0.9498717,0.94897103,0.96086955,0.9646172,0.9641982,0.9646629,0.96099913,0.9599916,0.95714366,0.9634542,0.9683029,0.95886695,0.9639186,0.9605931,0.9552533,0.96574765,0.9666111,0.9682518,0.96025217,0.96087563,0.95382917,0.962481,0.9633059,0.9634414,0.9515662,0.9627775,0.9659098,0.9579709,0.96248454,0.95925975,0.9620987,0.94789314,0.94701946,0.9655285,0.94775045,0.9528178,0.96441925,0.8734408,0.9632318,0.96213883,0.9596544,0.943204,0.9277228,0.96121,0.9625345,0.96210384,0.9607849,0.9587838,0.9689448,0.95749336,0.9616981,0.9617429,0.9561146,0.9536924,0.955602,0.967065,0.9620301,0.96441925,0.96075225,0.96198183,0.9652197,0.95827156,0.9613127,0.9602799,0.95832115,0.952583,0.9587224,0.95913666,0.9563287,0.9679523,0.9657366,0.96605736,0.96901095,0.9665719,0.95977074,0.9592469,0.9637356,0.9125522,0.9680807,0.9541688,0.9590344,0.971318,0.98850584,0.957711,0.96413064,0.9626221,0.970018,0.968808,0.96284544,0.95273614,0.9609392,0.95965624,0.9621028,0.958582,0.96441305,0.95276237,0.96396697,0.9534125,0.97464675,0.9553092,0.9631399,0.9479971,0.9715506,0.95765793,0.96595544,0.95528096,0.9799703,0.9630153,0.9555142,0.9649628,0.9644794,0.95504314,0.95477,0.94881237,0.9621293,0.9723963,0.9600616,0.9621361,0.9603323,0.9617944,0.9557335,0.9579118,0.9524589,0.9569043,0.9661964,0.96572745,0.9799703,0.96406424,0.96840453,0.9612067,0.96647066
47metersdown,0.9639617,1.0000001,0.9614466,0.95698375,0.961952,0.9474141,0.9708856,0.96083903,0.9785404,0.95290977,0.9594108,0.9548859,0.9569626,0.9614192,0.9645144,0.9723192,0.9606284,0.95958304,0.95722646,0.9581791,0.961748,0.96149486,0.9602393,0.95950615,0.956733,0.8832773,0.95592093,0.962058,0.9620351,0.9572606,0.9597313,0.9589576,0.9487405,0.9457111,0.9523018,0.94465566,0.9567578,0.9526147,0.96304244,0.96645206,0.9552787,0.95701975,0.95846874,0.9642151,0.96590906,0.95594376,0.9610508,0.95924276,0.95404387,0.96172994,0.9640343,0.96619475,0.95869344,0.95290035,0.9458009,0.96229964,0.9497178,0.9565683,0.95862013,0.9607348,0.96502465,0.9610691,0.9576223,0.9607413,0.9479122,0.948819,0.9523965,0.9589615,0.94396675,0.94609344,0.9645565,0.87673503,0.9583783,0.9635452,0.9558392,0.948548,0.9285976,0.9609831,0.967205,0.95661163,0.9580922,0.9557355,0.9703996,0.9569707,0.95447993,0.9548685,0.95669335,0.9607548,0.9572597,0.96764135,0.9605441,0.9645565,0.96396655,0.96125937,0.95632786,0.95640844,0.9537551,0.95724535,0.96017617,0.95185864,0.95203274,0.9527116,0.958773,0.9675491,0.9645997,0.9599887,0.96817136,0.9663337,0.95914805,0.9654676,0.9652797,0.8899359,0.9620595,0.95163155,0.95925736,0.9586107,0.968233,0.9555757,0.96801287,0.9682928,0.96591616,0.961775,0.964342,0.9493178,0.9633511,0.9578234,0.9606479,0.9588796,0.9620748,0.947913,0.9595237,0.9602085,0.9663529,0.9594158,0.9561502,0.9538492,0.9559023,0.9588465,0.96507293,0.9512302,0.9785404,0.9631139,0.9522071,0.9663818,0.9605677,0.95886284,0.94812727,0.9519122,0.9636557,0.9588385,0.9671746,0.96058667,0.9562189,0.94750875,0.94996744,0.9625143,0.9529879,0.95220554,0.9564038,0.9532486,0.9785404,0.9667334,0.96478075,0.95965666,0.9562942
abeautifuldaymovie,0.9611345,0.9614466,1.0000001,0.95397824,0.9618557,0.94910544,0.96057004,0.9622256,0.97620875,0.9496869,0.9528194,0.9673429,0.9578781,0.9576748,0.9560305,0.9608793,0.9535603,0.95542645,0.9563964,0.95029545,0.9612391,0.96724594,0.95625633,0.96148646,0.940442,0.90172464,0.95718753,0.9598545,0.972138,0.94776577,0.9607708,0.9617263,0.9522658,0.9651941,0.9481818,0.9358923,0.95751846,0.9460484,0.9606579,0.96167386,0.9642279,0.95736575,0.95069563,0.96063113,0.9621356,0.9545552,0.956518,0.9565073,0.9442452,0.9569206,0.97684056,0.96382576,0.9477605,0.95183057,0.950198,0.9587383,0.95189786,0.956867,0.9641906,0.95722824,0.9607965,0.954843,0.9518328,0.9619821,0.9587463,0.9524766,0.94136256,0.95761234,0.93932873,0.94142604,0.9618284,0.85997707,0.9501334,0.95577085,0.95567024,0.94418293,0.9238154,0.9585885,0.9640038,0.9509651,0.9502787,0.95039004,0.96465576,0.9530548,0.96730113,0.95573664,0.94558537,0.9573778,0.953755,0.96718603,0.9550589,0.9618284,0.9508862,0.9564016,0.9724469,0.94712883,0.94177276,0.9587533,0.95552266,0.9514023,0.9540736,0.9570423,0.9569376,0.9656661,0.9544606,0.97349745,0.9657054,0.95975894,0.96533275,0.94659656,0.9630311,0.8984967,0.96100783,0.9483802,0.95411116,0.949828,0.960575,0.95720476,0.9587637,0.96020186,0.96509856,0.9623286,0.9587641,0.94910944,0.95444185,0.9646522,0.958824,0.96598434,0.9613238,0.94391906,0.9620827,0.96263534,0.96504825,0.9557685,0.9636075,0.94616,0.95123076,0.96214664,0.96443117,0.95328104,0.97620875,0.97007686,0.94988894,0.9618563,0.954509,0.9542806,0.94966394,0.9501341,0.95665944,0.95143735,0.9587306,0.9667319,0.961181,0.93786776,0.9489495,0.9602914,0.95008844,0.9493638,0.9570135,0.95310223,0.97620875,0.96384704,0.96485966,0.95427895,0.9711839
abominablemovie,0.95866907,0.95698375,0.95397824,0.9999998,0.96252656,0.9578505,0.96844625,0.95748097,0.9767599,0.9542794,0.9683739,0.9555711,0.9568997,0.96545446,0.9652387,0.9525961,0.96031374,0.9551449,0.9532855,0.95111233,0.9612083,0.9549224,0.96144336,0.9605834,0.94974744,0.9093258,0.9567119,0.9670632,0.9539795,0.9471961,0.95857596,0.96570665,0.9428587,0.9363396,0.9527945,0.9437462,0.95582813,0.9554885,0.9606331,0.9594247,0.9559338,0.9558503,0.9515312,0.9582668,0.9620204,0.95497334,0.96331286,0.95451766,0.95614743,0.95706296,0.95896006,0.96557933,0.9621533,0.95542455,0.9510375,0.95659065,0.95310915,0.95709795,0.96250075,0.9561483,0.95654935,0.96175843,0.95393914,0.95759845,0.9533609,0.9511019,0.94571054,0.96025705,0.9536553,0.9455807,0.9592178,0.87119424,0.95085263,0.9549847,0.9653822,0.949391,0.9318497,0.9547241,0.9607125,0.9447557,0.9675077,0.96491396,0.96428084,0.957502,0.9579203,0.9523599,0.96145815,0.9574046,0.9547655,0.95988023,0.9538058,0.9592178,0.9505844,0.9601131,0.95684075,0.96058345,0.9561372,0.96097314,0.9663623,0.946595,0.9555282,0.95427924,0.96028703,0.9621204,0.95301926,0.9555017,0.9666285,0.9600734,0.9501709,0.95020294,0.96952784,0.8967369,0.96395254,0.9545367,0.95833623,0.9557352,0.9600782,0.9625735,0.96659374,0.96522176,0.9603308,0.96428156,0.9648976,0.95353794,0.96366334,0.95848036,0.96328735,0.9533687,0.96013564,0.9336478,0.9624652,0.9584985,0.9687003,0.9465839,0.96065575,0.94430804,0.9500149,0.9638079,0.9594612,0.94776255,0.9767599,0.9594484,0.9558807,0.9539241,0.9544346,0.9604143,0.9570543,0.9526696,0.95214516,0.9550113,0.9630894,0.9530021,0.9480366,0.941817,0.9553898,0.9565396,0.9584443,0.957183,0.95921206,0.96024,0.9767599,0.9471568,0.96193033,0.9605896,0.9539907
adastramovie,0.9598749,0.961952,0.9618557,0.96252656,1.0000001,0.9542412,0.96789825,0.9687482,0.9814432,0.97052413,0.96608245,0.9530028,0.956892,0.96557987,0.9705589,0.9619241,0.9618243,0.9713931,0.9615445,0.95792425,0.964143,0.9631351,0.96261626,0.9686319,0.95712656,0.8968759,0.9625232,0.96635246,0.9609949,0.9489614,0.96706146,0.96084005,0.94992447,0.9485629,0.9457756,0.94144005,0.9658095,0.9562476,0.96747917,0.9639549,0.95783466,0.9613217,0.9626699,0.9611528,0.96298224,0.96350205,0.96140283,0.9570009,0.94996643,0.96006846,0.9681608,0.9689165,0.9581087,0.9591021,0.95594835,0.9771783,0.96077347,0.9632842,0.9644925,0.96349406,0.9592623,0.9698485,0.9569133,0.9635518,0.9563855,0.96174926,0.95310235,0.9648618,0.95281416,0.94446594,0.9644297,0.86725104,0.95625895,0.9592146,0.95220006,0.94857776,0.92326236,0.9582249,0.9690503,0.9502286,0.9654832,0.95930785,0.96782064,0.9607807,0.9623141,0.9611307,0.9607955,0.96509683,0.96245724,0.9654984,0.96292984,0.9644297,0.95842505,0.96203244,0.9664768,0.96699345,0.95581174,0.9637908,0.9598612,0.956995,0.9652607,0.9608982,0.95937514,0.96806973,0.9586219,0.96517456,0.9695745,0.96780634,0.9581044,0.9529477,0.9676738,0.88114685,0.96695215,0.9600011,0.9557549,0.95489657,0.9662592,0.9643667,0.9720202,0.96551585,0.9660141,0.9678381,0.9673862,0.9548249,0.96465474,0.95995426,0.9635826,0.9636095,0.9783105,0.9355923,0.9638877,0.97504705,0.96826154,0.954009,0.96519995,0.9477609,0.96104264,0.9665869,0.9675858,0.95341,0.9814432,0.96698236,0.96123666,0.96840584,0.9576741,0.95676845,0.9557067,0.9523543,0.9607294,0.96241987,0.96373326,0.954409,0.95810974,0.9446333,0.95629895,0.9606217,0.95878905,0.9618084,0.96461964,0.95812815,0.9814432,0.96931326,0.962103,0.963818,0.95906246
adogsjourneymovie,0.95000386,0.9474141,0.94910544,0.9578505,0.9542412,1.0000005,0.9586845,0.95836955,0.97460383,0.9517221,0.96714735,0.953403,0.9627361,0.9668594,0.9595486,0.95279634,0.95576465,0.9529224,0.948763,0.9433951,0.958555,0.9522207,0.96514064,0.9563469,0.9382583,0.9138932,0.95659184,0.9632792,0.9565849,0.9503244,0.9605943,0.96012914,0.9384986,0.94386077,0.95303345,0.94210243,0.95751005,0.9538755,0.96061504,0.9622629,0.9483548,0.95220697,0.94732356,0.95432645,0.9659723,0.95693916,0.9655995,0.9565994,0.94984585,0.94950306,0.9569989,0.9648928,0.96264607,0.9499058,0.9586249,0.96248025,0.9526653,0.9480053,0.9599811,0.9568273,0.95257235,0.95132333,0.956222,0.96011055,0.9519934,0.95818245,0.9391283,0.9594342,0.9516738,0.9439979,0.9608567,0.8565079,0.9509776,0.9601639,0.9582351,0.94273853,0.9270362,0.9531645,0.95443183,0.95733666,0.95723456,0.9546941,0.95995665,0.9592324,0.9634746,0.9536601,0.9561849,0.9560434,0.95461226,0.95606905,0.9610569,0.9608567,0.9430012,0.9593922,0.95060694,0.9555902,0.949327,0.9510444,0.95392823,0.95733196,0.96045417,0.95589817,0.95930004,0.9557212,0.9527929,0.955562,0.9576693,0.95781547,0.9421209,0.9447296,0.9621183,0.9082942,0.95761204,0.948024,0.9529449,0.9552413,0.9489965,0.963724,0.9595658,0.9597695,0.9563053,0.95160806,0.9573596,0.9733998,0.9600149,0.95828414,0.96993464,0.9528361,0.964455,0.94438964,0.9575584,0.9552164,0.9622508,0.9384068,0.95654577,0.9494656,0.9430183,0.96345997,0.96083766,0.9515741,0.97460383,0.95397776,0.9561037,0.95765,0.9548926,0.95008695,0.94883585,0.9506553,0.9507486,0.9542684,0.9575695,0.9542647,0.9564419,0.92914456,0.94808704,0.96347106,0.9655084,0.94991237,0.9547472,0.9521633,0.97460383,0.94857293,0.95560044,0.96296424,0.95521474
aftermathmovie,0.96697414,0.9708856,0.96057004,0.96844625,0.96789825,0.9586845,0.9999999,0.964526,0.9833117,0.9620724,0.9671671,0.95766985,0.9644172,0.9698403,0.96844,0.97043145,0.9632889,0.96174985,0.959141,0.9624475,0.96582866,0.96310306,0.969056,0.96847796,0.9591062,0.90680003,0.9595772,0.9687582,0.96264267,0.95900095,0.9642584,0.96538675,0.94871897,0.9505092,0.95169777,0.9500043,0.961813,0.9602671,0.97008,0.9640964,0.9639252,0.96890795,0.96383744,0.9699452,0.9689997,0.9682742,0.97049236,0.96793884,0.96162605,0.9690194,0.9652688,0.97129107,0.96729237,0.95906794,0.96344745,0.9684898,0.95825315,0.9600812,0.9584925,0.96265674,0.9678877,0.96145195,0.9599763,0.9674913,0.9599771,0.9617761,0.9540255,0.96832246,0.95426375,0.9564205,0.9678031,0.8691129,0.9623867,0.9659456,0.95783544,0.9521288,0.9260037,0.95991373,0.9655317,0.9603396,0.9625988,0.97383505,0.9713327,0.9559156,0.96228844,0.9633099,0.9652879,0.96775967,0.9631478,0.9654543,0.96971595,0.9678031,0.96144646,0.9656798,0.9597887,0.9578372,0.9581613,0.96969914,0.976198,0.9566327,0.9650855,0.96009755,0.9596253,0.969566,0.96109253,0.96240187,0.97184074,0.96974087,0.95821756,0.96141547,0.9735742,0.90552396,0.9699348,0.95238936,0.9636785,0.9590989,0.9690466,0.9580706,0.973274,0.9887812,0.97497106,0.97161585,0.9686164,0.95472205,0.96935564,0.9591359,0.96898484,0.9648265,0.97243756,0.9468978,0.959682,0.96367735,0.9745181,0.96308917,0.963483,0.9592664,0.9590345,0.9648219,0.9672729,0.96581686,0.9833117,0.9611712,0.96595854,0.9658539,0.9663645,0.96147096,0.95850325,0.95369524,0.9629572,0.9632565,0.985214,0.9620761,0.9656244,0.9499546,0.95748544,0.9648716,0.96180594,0.9622763,0.9573248,0.96178037,0.9833117,0.96498984,0.9659713,0.96503925,0.96376526
aftermovie,0.96281296,0.96083903,0.9622256,0.95748097,0.9687482,0.95836955,0.964526,0.99999994,0.9809439,0.9599244,0.9606177,0.95709133,0.9598252,0.9652235,0.96875703,0.96071464,0.95753086,0.95414853,0.959063,0.9600211,0.9696431,0.9604727,0.96368885,0.9687348,0.9534935,0.89740384,0.9587199,0.95965266,0.9627088,0.9552125,0.96424246,0.9616429,0.95057964,0.95087713,0.9487473,0.9432425,0.9579704,0.9507726,0.964085,0.9602298,0.9610238,0.9614301,0.95989585,0.9625837,0.968078,0.96274054,0.96281576,0.9629093,0.95037234,0.9594583,0.9632035,0.9685198,0.9559076,0.9612868,0.9616552,0.9645558,0.95834464,0.9625701,0.9603301,0.96958613,0.96534145,0.95356476,0.9598479,0.9623572,0.95968723,0.94912267,0.95037913,0.9674903,0.9557292,0.94994557,0.9696845,0.86069787,0.94976497,0.9624639,0.95576495,0.94837874,0.9280252,0.9612736,0.96229404,0.9545583,0.9640776,0.955525,0.9644138,0.9534173,0.9675293,0.9645333,0.9561408,0.9601292,0.965475,0.9673605,0.9533025,0.9696845,0.9591219,0.96670306,0.9547539,0.9586231,0.95235664,0.96697414,0.95538086,0.9591169,0.9605885,0.95302165,0.96486825,0.9639665,0.9622652,0.95991576,0.97135603,0.9694748,0.96021974,0.96137506,0.9682615,0.90244824,0.9633963,0.9529272,0.96220285,0.95587575,0.9648851,0.95738786,0.9668749,0.96641004,0.9636232,0.96859264,0.9646472,0.9545516,0.956813,0.96279407,0.96376973,0.9590446,0.9671813,0.9407379,0.9676006,0.96095496,0.9652171,0.9496275,0.9631006,0.95264524,0.96293604,0.96013653,0.9706489,0.95141107,0.9809439,0.96356606,0.9607398,0.9649396,0.96573585,0.9561157,0.9538702,0.9462566,0.96174043,0.9610628,0.95964897,0.96011496,0.9597636,0.94563913,0.95416516,0.9672514,0.96095616,0.9572327,0.965332,0.9546335,0.9809439,0.9596857,0.965937,0.96213144,0.95516425
ahiddenlifefilm,0.9799703,0.9785404,0.97620875,0.9767599,0.9814432,0.97460383,0.9833117,0.9809439,0.9999992,0.9723318,0.98103315,0.9723019,0.97683924,0.9817183,0.98373663,0.97806215,0.978597,0.97576094,0.97378427,0.97275895,0.9829967,0.9785505,0.9818419,0.98271513,0.9674273,0.91672605,0.9724156,0.98346573,0.9795382,0.9695635,0.9795216,0.97920674,0.9670721,0.9653268,0.96821314,0.96420866,0.9804331,0.9745863,0.9843938,0.97942686,0.97728163,0.9787379,0.97414714,0.98050547,0.9838291,0.9775071,0.9814594,0.9786166,0.9726033,0.9796511,0.98280644,0.98590684,0.97649264,0.97351044,0.9723285,0.9816724,0.97479796,0.97613865,0.9764466,0.9798996,0.97989154,0.977401,0.9780164,0.97905195,0.97295487,0.9763769,0.9671934,0.9793105,0.9683724,0.9648922,0.9820168,0.8787945,0.9772483,0.9809733,0.9749585,0.9648588,0.9447527,0.97662306,0.9815208,0.9749661,0.9790061,0.9749905,0.9848505,0.97299016,0.97976637,0.97526443,0.97463167,0.9785788,0.9767303,0.98193115,0.9786947,0.9820168,0.9758675,0.98042166,0.97879773,0.9755824,0.9726863,0.9803441,0.97595143,0.97236466,0.9803229,0.9747738,0.97790974,0.9817562,0.978181,0.98065597,0.9861974,0.98322767,0.9740005,0.9740525,0.9845596,0.91315854,0.981517,0.96960217,0.9768362,0.97713816,0.9826701,0.97753805,0.9849376,0.9821213,0.9820324,0.9810967,0.9813999,0.97419715,0.97937834,0.9785819,0.9815035,0.9779653,0.98582107,0.9628117,0.9800798,0.9781288,0.9868138,0.9725247,0.9790926,0.9686865,0.9759641,0.9821543,0.9822454,0.97410554,0.9999992,0.9794155,0.9774644,0.98185605,0.9805159,0.97740823,0.97355515,0.96880746,0.97788507,0.97808164,0.9780947,0.97784317,0.9792855,0.9579207,0.96895015,0.97918946,0.9760301,0.97418576,0.9766146,0.977546,0.9999992,0.97620255,0.98299444,0.9802655,0.9778992
alitamovie,0.9536466,0.95290977,0.9496869,0.9542794,0.97052413,0.9517221,0.9620724,0.9599244,0.9723318,1.0000006,0.9573883,0.9397704,0.9537631,0.9568082,0.95571786,0.94930243,0.9515231,0.95927876,0.95199114,0.9429623,0.96456456,0.9521175,0.95418113,0.96155846,0.94051254,0.87908405,0.9517227,0.96271837,0.9485322,0.9395212,0.95430124,0.95564896,0.94542116,0.93547964,0.9310215,0.9358346,0.9543093,0.94566286,0.96033067,0.9516789,0.95036846,0.94613206,0.94564885,0.9471662,0.95656586,0.95068145,0.9534234,0.9523727,0.9457618,0.94638616,0.95750713,0.9622604,0.95907456,0.9487111,0.9495159,0.9712262,0.95124555,0.96022755,0.95065,0.9508125,0.95303607,0.95042646,0.9530128,0.9577335,0.9464706,0.94735885,0.9450091,0.95937264,0.94442326,0.94160604,0.9548875,0.85389024,0.9463369,0.9571321,0.94494796,0.93992126,0.91195685,0.94452244,0.9541969,0.94551694,0.9514416,0.9447603,0.959137,0.9504335,0.95795864,0.9484761,0.9528996,0.95016426,0.9493345,0.9599702,0.95570827,0.9548875,0.94588494,0.9554502,0.95312285,0.9533488,0.9477876,0.9520139,0.94901174,0.944112,0.95188683,0.95115525,0.95432985,0.9574249,0.9614654,0.9563311,0.95488054,0.9529615,0.9410322,0.9398588,0.95849377,0.87508965,0.9554152,0.9354594,0.95059395,0.95036405,0.96151733,0.95408624,0.95878214,0.9599874,0.9578696,0.96133816,0.95764333,0.95096123,0.95190793,0.9475389,0.9518157,0.95350945,0.9710324,0.9322079,0.96158093,0.9604291,0.961555,0.94439226,0.958695,0.9429928,0.9618564,0.96379215,0.9562811,0.9476053,0.9723318,0.9554981,0.9494941,0.95888096,0.9553804,0.94953555,0.94781864,0.94049436,0.9478911,0.95909953,0.95741564,0.9473276,0.9531026,0.94157666,0.9393198,0.9537505,0.9550621,0.9439626,0.96355414,0.95393485,0.9723318,0.95449555,0.95670676,0.95221466,0.9529308
angelhasfallen,0.96180487,0.9594108,0.9528194,0.9683739,0.96608245,0.96714735,0.9671671,0.9606177,0.98103315,0.9573883,1.0000004,0.95295775,0.96231616,0.96939874,0.9705903,0.96226436,0.9694179,0.95833766,0.9483529,0.95571905,0.9631096,0.95794815,0.96733046,0.9669056,0.9518515,0.9039284,0.96039134,0.9693796,0.9606008,0.94723946,0.9615842,0.96489465,0.9470122,0.9394531,0.95509225,0.95582205,0.9649451,0.96011525,0.9703092,0.95865124,0.9545045,0.9638633,0.9636599,0.97045535,0.9676123,0.9608566,0.96694493,0.960769,0.9560411,0.9685351,0.96211946,0.96483064,0.9696802,0.9548062,0.9545407,0.9637668,0.96136564,0.9600529,0.96417934,0.96645087,0.95787334,0.96522003,0.9640256,0.96457523,0.9584604,0.9621548,0.95101243,0.9629996,0.9707605,0.94824153,0.96952647,0.87101424,0.961892,0.96383524,0.9703704,0.9497085,0.93421096,0.954818,0.96398884,0.9620209,0.9780234,0.960275,0.96222275,0.96662843,0.9631715,0.95458114,0.9669338,0.9639387,0.9610021,0.96532184,0.95958865,0.96952647,0.9590378,0.96504414,0.9561676,0.97035843,0.9744556,0.96455365,0.95642054,0.95265555,0.9665602,0.9593378,0.96194965,0.96106505,0.96502906,0.96072435,0.9638203,0.9628719,0.95210016,0.9536271,0.9671264,0.91545534,0.9672858,0.96055573,0.95853406,0.96828014,0.964531,0.9636113,0.96925795,0.9657247,0.96396524,0.9638866,0.9659836,0.9627518,0.96431994,0.96619326,0.9645975,0.95647156,0.9672779,0.9473348,0.96107256,0.9614235,0.97717506,0.9530949,0.96142066,0.94472337,0.95277846,0.9644724,0.9660328,0.95788264,0.98103315,0.9621334,0.9597476,0.96751785,0.96424174,0.9552153,0.9610862,0.9511683,0.9593905,0.96576387,0.96630186,0.9697508,0.9568144,0.9425779,0.9535348,0.9665703,0.96304834,0.9596464,0.9621541,0.96345764,0.98103315,0.95766383,0.96434087,0.9650255,0.9590172
angrybirdsmovie,0.95899785,0.9548859,0.9673429,0.9555711,0.9530028,0.953403,0.95766985,0.95709133,0.9723019,0.9397704,0.95295775,0.99999964,0.95149916,0.9491401,0.95851463,0.9564909,0.9437697,0.951239,0.9477777,0.9438197,0.95634985,0.95718217,0.9591633,0.95466965,0.9334744,0.88522923,0.95281816,0.9597091,0.95991117,0.9552351,0.9521942,0.95524555,0.9383446,0.9553858,0.9502215,0.92738426,0.9590476,0.95140994,0.9603476,0.95643747,0.9512024,0.9493946,0.9512673,0.9562736,0.96321404,0.94657934,0.9585034,0.9548501,0.94706506,0.95368505,0.9695813,0.96205336,0.94796896,0.9409084,0.94603133,0.95037127,0.94974625,0.9442089,0.95300084,0.9516914,0.9556362,0.94624525,0.9530816,0.9548414,0.95226085,0.9430076,0.9395575,0.9612824,0.9369206,0.9399715,0.95730096,0.8595184,0.9470857,0.9590495,0.9553727,0.9349475,0.9319188,0.94718105,0.9594818,0.95033634,0.9544708,0.9486724,0.95558965,0.9468495,0.9585975,0.9501748,0.9439071,0.94884986,0.95289075,0.9589653,0.957653,0.95730096,0.9481231,0.95695174,0.96529,0.95618725,0.94110566,0.9538387,0.94585896,0.9435675,0.9489212,0.9492796,0.9573504,0.9548101,0.94614583,0.9638784,0.9591318,0.9530583,0.9535284,0.9490193,0.96168375,0.8998153,0.959393,0.94532686,0.95044553,0.94429183,0.95810676,0.96433246,0.96224433,0.9577513,0.9623557,0.96117747,0.9524707,0.94897705,0.95268476,0.95820004,0.9614134,0.9612994,0.9544994,0.9354409,0.959453,0.958805,0.95841354,0.9387744,0.9530386,0.94953007,0.94777673,0.956508,0.96628743,0.94866085,0.9723019,0.9590753,0.9437637,0.95980555,0.9504843,0.9506376,0.94180226,0.94786966,0.95095503,0.9490419,0.9544531,0.9574932,0.94715863,0.93042785,0.946613,0.953691,0.9558868,0.9526262,0.9491667,0.947587,0.9723019,0.95639676,0.9545697,0.9625122,0.9628959
annabellemovie,0.9546296,0.9569626,0.9578781,0.9568997,0.956892,0.9627361,0.9644172,0.9598252,0.97683924,0.9537631,0.96231616,0.95149916,0.99999934,0.9624185,0.96010196,0.9576052,0.96273166,0.9525352,0.9524006,0.9535915,0.96022344,0.9573272,0.9607914,0.9581348,0.9373061,0.90012515,0.95809215,0.95939,0.9611453,0.94588697,0.9603163,0.9624839,0.953803,0.9426486,0.9512719,0.94159204,0.9590525,0.96833956,0.96712476,0.9618829,0.9589224,0.96346605,0.9543324,0.96264225,0.95693564,0.95876557,0.9623832,0.9533236,0.94922143,0.96320355,0.9644322,0.9612681,0.96468306,0.9573935,0.959062,0.9601674,0.9576348,0.95721245,0.9583505,0.95714206,0.96599275,0.9519316,0.9576428,0.97014385,0.95108545,0.955927,0.94452107,0.9610738,0.94768625,0.9385069,0.96490383,0.8574061,0.956847,0.9599269,0.9522849,0.9463711,0.92721003,0.9573524,0.9632508,0.9513569,0.95550907,0.9621728,0.9712632,0.9462985,0.96849936,0.95607454,0.9622361,0.97912323,0.95729554,0.96562374,0.95752674,0.96490383,0.94593775,0.9585346,0.95692086,0.9507036,0.95176214,0.9583883,0.95570385,0.9485936,0.9625913,0.95006067,0.9596276,0.9646778,0.9523224,0.9620086,0.966153,0.9658466,0.9494305,0.9508736,0.9653232,0.8929373,0.9598738,0.9461282,0.95522434,0.9531341,0.9571089,0.9548617,0.96114075,0.963329,0.96363676,0.9612806,0.95632994,0.9572848,0.96269345,0.95235,0.965059,0.9567746,0.96169204,0.9376336,0.96411127,0.95906186,0.9649238,0.9503916,0.9622692,0.9470767,0.94975525,0.9584733,0.96153754,0.95479816,0.97683924,0.95742923,0.9594658,0.9646791,0.9655403,0.9492609,0.94363236,0.9515103,0.96596664,0.9537062,0.95771754,0.9642234,0.9639184,0.92835766,0.95681876,0.9604715,0.9607926,0.9511464,0.95370513,0.9523253,0.97683924,0.95205146,0.9583196,0.9601009,0.95852315
annamovie,0.9595562,0.9614192,0.9576748,0.96545446,0.96557987,0.9668594,0.9698403,0.9652235,0.9817183,0.9568082,0.96939874,0.9491401,0.9624185,1.0,0.96006733,0.95844764,0.96670014,0.95890117,0.95319754,0.9523235,0.9638844,0.9644333,0.9660867,0.96790797,0.95503205,0.91740483,0.9625084,0.9675779,0.96303505,0.949113,0.9659044,0.9655012,0.9573918,0.94661355,0.95339435,0.94852215,0.96295947,0.95977396,0.96412855,0.9633132,0.956493,0.96351343,0.95582604,0.9684616,0.9724564,0.9601211,0.9674276,0.96272403,0.9573568,0.965578,0.9665628,0.97165,0.9690006,0.96056956,0.95931286,0.9655256,0.9607358,0.9590598,0.9649469,0.96342504,0.96131855,0.9624138,0.96003276,0.9779038,0.95878386,0.96184653,0.94764996,0.96205693,0.95292026,0.9513967,0.9636696,0.86679566,0.95814687,0.96551865,0.96042585,0.96006244,0.9265294,0.9604065,0.9639922,0.9631244,0.9641316,0.9638282,0.96728784,0.9593068,0.966013,0.9631158,0.96438366,0.9625066,0.9572772,0.96374345,0.9644712,0.9636696,0.9622554,0.9618987,0.95909786,0.9573085,0.9603231,0.9647559,0.9647165,0.9680189,0.96478546,0.9608832,0.9638486,0.9643894,0.9697961,0.96736395,0.96594524,0.9651401,0.95033747,0.95839745,0.9657621,0.90049237,0.9676842,0.9478099,0.960924,0.96570474,0.96055025,0.9567145,0.9676872,0.9654395,0.96204257,0.9629082,0.96564364,0.96571004,0.96898264,0.9609058,0.96453327,0.9553133,0.97000474,0.94371325,0.96440893,0.9589509,0.9696014,0.9580136,0.96225154,0.9516543,0.9528182,0.96436685,0.9642012,0.9548687,0.9817183,0.9650019,0.958491,0.9616068,0.96425295,0.96002007,0.95611286,0.9505379,0.9621487,0.9639434,0.96695405,0.9616529,0.96049327,0.9415293,0.9484759,0.9678808,0.95969945,0.9538905,0.95627356,0.95887923,0.9817183,0.9599928,0.97078943,0.95877486,0.965006
apollo11movie,0.9692862,0.9645144,0.9560305,0.9652387,0.9705589,0.9595486,0.96844,0.96875703,0.98373663,0.95571786,0.9705903,0.95851463,0.96010196,0.96006733,0.9999997,0.9678023,0.968771,0.95897543,0.96433574,0.9751575,0.97109896,0.9622343,0.9674264,0.9728742,0.95596236,0.90200305,0.9610845,0.96773815,0.96290654,0.9552496,0.9692282,0.96252877,0.94474393,0.94503105,0.95488286,0.95139676,0.96615195,0.963994,0.9723098,0.9657033,0.96568114,0.9687238,0.96664834,0.9684372,0.9710673,0.9672918,0.9651426,0.96266234,0.9591231,0.97230875,0.96282715,0.96694744,0.9658353,0.9571513,0.9598391,0.96296495,0.96613383,0.9665868,0.9611117,0.97006834,0.96505594,0.9618211,0.96755075,0.9665647,0.9538616,0.95515585,0.95074654,0.96693563,0.9561891,0.94939744,0.9707179,0.86642927,0.9587805,0.96720624,0.9593665,0.94525903,0.9329366,0.9601233,0.9646307,0.95694876,0.96636635,0.9637246,0.9723123,0.9652166,0.9607705,0.96393675,0.9618081,0.965637,0.9665433,0.96647006,0.9590487,0.9707179,0.963485,0.971583,0.96039355,0.97955745,0.96294814,0.9650488,0.95826584,0.95180047,0.9665419,0.96562684,0.959749,0.96849084,0.9598271,0.95926607,0.97342205,0.97403723,0.9635135,0.95913815,0.97061944,0.90123683,0.97135365,0.95809686,0.9647966,0.96002364,0.9687269,0.9625156,0.97480017,0.96878004,0.9711132,0.97208685,0.966552,0.9529959,0.9641414,0.9666923,0.96579653,0.96020573,0.9709308,0.94785726,0.9699863,0.9659879,0.97481954,0.9532141,0.9659723,0.95285386,0.95461196,0.96524495,0.97153413,0.9554161,0.98373663,0.9631364,0.96633697,0.9736071,0.96549255,0.95655507,0.95963764,0.953194,0.96733314,0.96863806,0.96709955,0.9633264,0.9590152,0.9520626,0.95980716,0.96482515,0.96044356,0.9646937,0.9681358,0.9631696,0.98373663,0.96217424,0.9668659,0.9661591,0.95741963
arcticdogsmovie,0.9647917,0.9723192,0.9608793,0.9525961,0.9619241,0.95279634,0.97043145,0.96071464,0.97806215,0.94930243,0.96226436,0.9564909,0.9576052,0.95844764,0.9678023,0.99999964,0.9667154,0.9568666,0.95483184,0.95864964,0.9643959,0.9603903,0.9664765,0.95956784,0.95987827,0.9023927,0.95474416,0.96507186,0.9645061,0.96048653,0.9633618,0.95726424,0.94598716,0.95778275,0.94888955,0.9505356,0.9598439,0.9590667,0.9658637,0.9580852,0.959342,0.9598997,0.9562596,0.96182036,0.9600603,0.9638707,0.9677381,0.9593488,0.96360517,0.9616697,0.9674593,0.96289456,0.9610822,0.9514717,0.9517529,0.96271765,0.95685774,0.9556551,0.9616353,0.9586758,0.9637346,0.960467,0.95788985,0.96470016,0.95044994,0.95616174,0.94396734,0.9644826,0.94882584,0.94673437,0.959858,0.87197894,0.95988023,0.96117496,0.9556301,0.9440362,0.92945504,0.95812017,0.96215403,0.96260357,0.95601994,0.9545934,0.96711737,0.96010417,0.96010095,0.9622702,0.95703936,0.9578771,0.9608959,0.9695763,0.9640517,0.959858,0.95777565,0.96414745,0.9574697,0.9572348,0.95801955,0.9629443,0.9595618,0.9534571,0.95840186,0.9579322,0.95483565,0.96209514,0.95495355,0.9646794,0.9659296,0.97531694,0.9756239,0.9593443,0.9663873,0.90041816,0.968131,0.9535368,0.9605814,0.9552048,0.96767956,0.95853263,0.96722776,0.9649329,0.964698,0.9623259,0.96065086,0.9493289,0.9601561,0.96438515,0.95825195,0.96301913,0.9645439,0.9464419,0.95965445,0.9596494,0.9721933,0.9583401,0.9607139,0.95848256,0.9566979,0.95508933,0.9586317,0.9542716,0.97806215,0.96116614,0.9583674,0.9672163,0.9594547,0.95041066,0.95458055,0.94765645,0.9633781,0.963006,0.967996,0.9559153,0.9595485,0.9477503,0.951766,0.9585255,0.9572753,0.9541502,0.96421856,0.9612188,0.97806215,0.9654794,0.96466446,0.9675507,0.96219337
arcticmovie,0.963432,0.9606284,0.9535603,0.96031374,0.9618243,0.95576465,0.9632889,0.95753086,0.978597,0.9515231,0.9694179,0.9437697,0.96273166,0.96670014,0.968771,0.9667154,0.9999994,0.95604545,0.9590843,0.9569144,0.9647397,0.9597641,0.96805304,0.9638164,0.9565707,0.8994691,0.9491969,0.9726689,0.96177423,0.94510144,0.9642816,0.9595999,0.9494769,0.94293183,0.94780016,0.9514772,0.9613416,0.960483,0.96661466,0.9620575,0.9546922,0.96237373,0.9581266,0.96481174,0.96197575,0.9616762,0.9704872,0.9517464,0.9521344,0.964653,0.96516645,0.9635988,0.9621,0.96007556,0.94626445,0.96691036,0.95465386,0.95838845,0.9584604,0.9627808,0.9593678,0.95579416,0.9646256,0.9607518,0.95456874,0.9565383,0.95083606,0.9595183,0.95550376,0.9392701,0.96085453,0.8736686,0.96378326,0.95570755,0.96114594,0.95082384,0.92626315,0.95537245,0.9601881,0.96052325,0.9592431,0.9597601,0.96712273,0.95858335,0.9683113,0.96193457,0.9610548,0.96167547,0.9563545,0.9674947,0.9572083,0.96085453,0.9608674,0.96669304,0.96215695,0.9554939,0.9616922,0.95875025,0.95672286,0.95870435,0.9627478,0.9568397,0.9599325,0.96576655,0.9587354,0.96270674,0.9638499,0.9636856,0.95347595,0.9533832,0.9610508,0.89988774,0.9627996,0.949405,0.95785636,0.96038544,0.96199393,0.95756054,0.9705603,0.962113,0.9592837,0.9609597,0.9613185,0.9587206,0.9659216,0.9594462,0.95961714,0.9605148,0.9658797,0.95354694,0.96562296,0.957385,0.982599,0.9684827,0.9589677,0.94680905,0.95006174,0.960995,0.95923233,0.9480586,0.978597,0.9602315,0.9537023,0.95989287,0.959987,0.95673347,0.9516836,0.951303,0.9598657,0.9650709,0.95758384,0.957094,0.96030676,0.9495697,0.9512118,0.9596757,0.95948696,0.953617,0.9610496,0.96323377,0.978597,0.957566,0.9638408,0.9632986,0.9609905
artofracingmovie,0.9562571,0.95958304,0.95542645,0.9551449,0.9713931,0.9529224,0.96174985,0.95414853,0.97576094,0.95927876,0.95833766,0.951239,0.9525352,0.95890117,0.95897543,0.9568666,0.95604545,0.99999946,0.9545764,0.9526971,0.9574454,0.953478,0.9588324,0.9587204,0.95044965,0.88626564,0.9540301,0.96118885,0.9528208,0.9408287,0.95839614,0.95535046,0.9443134,0.94412893,0.94277126,0.9369099,0.9517067,0.94807625,0.9679657,0.9527369,0.95221883,0.9550322,0.94992185,0.95482206,0.959976,0.9492452,0.9604363,0.94848216,0.9475915,0.9547064,0.95916486,0.95462286,0.95468223,0.9531032,0.94086856,0.9683938,0.94604415,0.95637876,0.9559757,0.9544135,0.95805043,0.95477027,0.95196694,0.9558973,0.942918,0.9565131,0.9364479,0.9475194,0.9377355,0.9451101,0.9593162,0.8678436,0.95083785,0.95832443,0.954803,0.94299275,0.9232899,0.9500152,0.95891863,0.94774425,0.9589221,0.9512457,0.9622489,0.9480973,0.9563372,0.95787644,0.94709796,0.95198643,0.94920284,0.9536884,0.9497229,0.9593162,0.9543108,0.9590915,0.95438755,0.9585849,0.95451975,0.95945436,0.95736825,0.9512231,0.95092773,0.9529399,0.95719093,0.96029836,0.95747215,0.958857,0.9617852,0.96080816,0.94652516,0.94729495,0.9598488,0.8888332,0.9567426,0.95005435,0.9527218,0.9528777,0.96001846,0.9605916,0.9638757,0.9584779,0.9579125,0.9637146,0.9559874,0.9549674,0.96007407,0.9526088,0.9558959,0.95664155,0.9699306,0.9342402,0.9563407,0.96466714,0.9642404,0.9498461,0.9579573,0.93920165,0.9560695,0.9563752,0.9595097,0.96201605,0.97576094,0.95807904,0.9458894,0.9629209,0.94907546,0.94727516,0.94896466,0.9481018,0.95805967,0.9578718,0.95926803,0.9504844,0.95714474,0.94095004,0.9388516,0.960251,0.95040184,0.9456743,0.9574338,0.95100206,0.97576094,0.9613153,0.9622259,0.95997,0.95499915
avengers,0.9714152,0.95722646,0.9563964,0.9532855,0.9615445,0.948763,0.959141,0.959063,0.97378427,0.95199114,0.9483529,0.9477777,0.9524006,0.95319754,0.96433574,0.95483184,0.9590843,0.9545764,0.9999997,0.9500915,0.9600257,0.9486907,0.9559919,0.9591418,0.94777876,0.88506025,0.9404031,0.96026355,0.9591107,0.94209766,0.97488767,0.9549425,0.95177895,0.94386715,0.94230545,0.94394493,0.94946504,0.9472871,0.95861316,0.9588417,0.94939214,0.955515,0.9474423,0.9554871,0.9550402,0.9546577,0.9569445,0.95376146,0.9422555,0.9570288,0.96386456,0.9606489,0.95476437,0.954895,0.9540617,0.9597337,0.95078975,0.9567915,0.9513588,0.9558315,0.9584815,0.9485652,0.9537874,0.9526838,0.95387244,0.9475886,0.9374838,0.95928735,0.9360552,0.9485174,0.9570499,0.8570735,0.94985944,0.95059913,0.94849885,0.94033873,0.91722775,0.95080453,0.9579343,0.95181334,0.95064676,0.95274675,0.96502787,0.9450387,0.9646824,0.9555577,0.95220095,0.9528945,0.95423645,0.95879716,0.9524957,0.9570499,0.9497023,0.9564449,0.95821065,0.9526594,0.9475417,0.9583797,0.95774287,0.9490918,0.95503825,0.9561649,0.9513396,0.9628488,0.95169246,0.9619326,0.96672887,0.96000195,0.9487674,0.9468321,0.9596172,0.8795511,0.9546796,0.9489029,0.9534972,0.9461219,0.9591892,0.95295745,0.96170855,0.9595411,0.96128654,0.9593018,0.96195287,0.9485313,0.95228624,0.95882887,0.9568658,0.96862954,0.9632942,0.9406192,0.9637572,0.9530229,0.9630317,0.94348913,0.9628289,0.94228745,0.9546224,0.956025,0.96395165,0.95157987,0.97378427,0.95997196,0.94957024,0.96130484,0.95630014,0.957152,0.95135176,0.943269,0.95465827,0.950889,0.9508992,0.9483895,0.96308315,0.95334595,0.9456767,0.95499307,0.94968086,0.9456041,0.9574927,0.9544784,0.97378427,0.95348424,0.96042717,0.9572737,0.95833623
beachbummovie,0.9556052,0.9581791,0.95029545,0.95111233,0.95792425,0.9433951,0.9624475,0.9600211,0.97275895,0.9429623,0.95571905,0.9438197,0.9535915,0.9523235,0.9751575,0.95864964,0.9569144,0.9526971,0.9500915,1.0000004,0.96218026,0.958019,0.959959,0.9596885,0.9462337,0.8811929,0.94864786,0.95012033,0.9515491,0.9413683,0.95267975,0.9539845,0.93974924,0.9291304,0.93173665,0.9409391,0.9517064,0.94283414,0.9628583,0.95525074,0.9541405,0.96018493,0.96054494,0.96139073,0.96126527,0.9663772,0.9565627,0.948978,0.9516247,0.9655811,0.9558557,0.95831335,0.9508559,0.9499879,0.9440921,0.953021,0.9509216,0.9543723,0.9488805,0.96522135,0.95834625,0.9544936,0.9539067,0.96298754,0.94469184,0.94712603,0.93698573,0.95096815,0.94611573,0.9467271,0.95951325,0.8481393,0.9450934,0.9525009,0.93957615,0.9307522,0.9083516,0.94828117,0.95388126,0.94554275,0.9548103,0.9569313,0.96640396,0.9413908,0.9533727,0.9520494,0.945273,0.9592089,0.9511076,0.9572716,0.94927067,0.95951325,0.95398986,0.9543403,0.9495176,0.9679536,0.9476776,0.9692962,0.9536493,0.9469685,0.9567466,0.95608133,0.9482401,0.95936114,0.95552075,0.9543286,0.9660647,0.9676201,0.95675355,0.95109415,0.9628481,0.8886312,0.9580616,0.94610906,0.95649385,0.94359046,0.9553688,0.94192296,0.9650463,0.96384513,0.96217155,0.96420014,0.95253175,0.94673395,0.95755357,0.9472288,0.9511124,0.9524764,0.95919627,0.943846,0.95676523,0.9584841,0.9630889,0.9480313,0.9521366,0.9379259,0.946008,0.95688707,0.9572485,0.9575899,0.97275895,0.9559962,0.9596315,0.9648125,0.95693976,0.94547695,0.94626856,0.9343159,0.95782804,0.95791113,0.9625891,0.9573505,0.9560609,0.93839055,0.94757676,0.9539485,0.9444469,0.9479635,0.95000803,0.95143235,0.97275895,0.9603275,0.9561367,0.9583602,0.94768614
bernadettefilm,0.96797085,0.961748,0.9612391,0.9612083,0.964143,0.958555,0.96582866,0.9696431,0.9829967,0.96456456,0.9631096,0.95634985,0.96022344,0.9638844,0.97109896,0.9643959,0.9647397,0.9574454,0.9600257,0.96218026,0.99999994,0.9675099,0.9646566,0.970169,0.95325005,0.8996582,0.9606193,0.9698502,0.96255857,0.9578502,0.95934296,0.9642063,0.9550557,0.9501012,0.94624436,0.9548728,0.9651528,0.9560276,0.9687075,0.9636119,0.9613275,0.9595166,0.9578971,0.96071726,0.97082186,0.966497,0.9641063,0.95660055,0.9575323,0.96168387,0.9700375,0.96713257,0.95927805,0.95990354,0.9560936,0.9663168,0.9624143,0.9616032,0.95810443,0.97025764,0.96505773,0.96094584,0.95984083,0.9651343,0.96073747,0.960165,0.9533675,0.96289533,0.9510712,0.95462584,0.96742046,0.8553739,0.9602824,0.9650675,0.9582981,0.9468887,0.9269528,0.9611437,0.9661087,0.95688313,0.9579846,0.95848787,0.9714243,0.9600062,0.96636695,0.9608154,0.95844084,0.9578217,0.9649677,0.96866053,0.9636213,0.96742046,0.95960027,0.96830976,0.96434146,0.96217203,0.9534903,0.9670628,0.95788044,0.9596865,0.96557564,0.96264493,0.9585796,0.96626526,0.97164565,0.96731216,0.97166324,0.9676757,0.96070504,0.9574078,0.9700457,0.8951555,0.9654058,0.9518466,0.9696291,0.9586571,0.9716435,0.9634598,0.97114885,0.96342427,0.9669928,0.96720135,0.9678888,0.957206,0.96017647,0.96025264,0.96826637,0.9682498,0.97080016,0.9479783,0.9780189,0.9577671,0.9756315,0.9579975,0.9617653,0.9575397,0.964538,0.964861,0.9683066,0.9603642,0.9829967,0.9650269,0.962163,0.9662574,0.96476746,0.9575119,0.9580436,0.9515171,0.9587635,0.9700364,0.9631447,0.9625325,0.96122175,0.9455424,0.95275843,0.96827453,0.9591333,0.9574044,0.9685641,0.9636358,0.9829967,0.9634112,0.9722981,0.95978254,0.9655524
