movie,21bridgesmovie,47metersdown,abeautifuldaymovie,abominablemovie,adastramovie,adogsjourneymovie,aftermathmovie,aftermovie,ahiddenlifefilm,alitamovie,angelhasfallen,angrybirdsmovie,annabellemovie,annamovie,apollo11movie,arcticdogsmovie,arcticmovie,artofracingmovie,avengers,beachbummovie,bernadettefilm,blackandbluemovie,blackchristmas,blindedbythelightmovie,bombshellmovie,booksmart,breakthroughmovie,brianbanksmovie,brightburnmovie,brittanyrunsmov,captainmarvelofficial,captivestatemovie,catsmovie,charliesangels,childsplaymovie,clarathefilm,coldpursuitmovie,countdown,currentwarmovie,darkwatersmovie,detectivepikachumovie,disneyaladdin,disneyfrozen,disneymaleficent,doctorsleepmovie,dolemiteismyname,dontletgomovie,doramovie,downtonabbey_official,dumbo,escaperoom,everybodyknowsmovie,fastandfuriousmovie,fightingwmyfam,fivefeetapartfilm,fordvferrari,freaksthefilm,geminimanmovie,glassmovie,gloriabellmovie,godzillamovie,goldfinchmovie,goodboysmovie,goodliarmovie,gretafilm,halathemovie,happydeathdaymovie,harrietfilm,hellboymovie,hersmellmovie,highlifemovie,highstrungmovie,honeyboymovie,hotelmumbaifilm,httydragon,hustlemovie,hustlersmovie,isntitromantic,itmovieofficial,jayandsilentbob,johnwickmovie,jojorabbitmovie,jokermovie,judythefilm,jumanjimovie,justmercyfilm,knivesout,lalloronamovie,lastblackmansf,lastchristmasthemovie,latenightmovie,lighthousemovie,lionking,littlethemovie,littlewomenmovie,littlewoodsfilm,longshotmovie,lordsofchaosmovie,lucyintheskyfilm,mamovie2019,marriagestory,meettheaddams,meninblack,midsommarmovie,midwaymovie,missbalamovie,missinglinkfilm,motherlessbklyn,onceinhollywood,onthebasisofsex,overcomermovie,peanutbutterfalcon,petsematarymovie,piercingmovie,playingwithfire,playmobilthemovie,pomsmovie,queenandslim,rambomovie,readyornotfilm,richardjewellfilm,rocketmanmovie,scarystoriesmovie,secretlifeofpets,serenityfilm,shaftmovie,shazammovie,spidermanmovie,spiesindisguise,starwars,stormboymovie,stubermovie,taosdfilm,teenspiritmov,terminator,theaeronautsmov,thebestofenemies,thedeaddontdie,thefarewell,thehighwaymen,thehummingbirdprojectfilm,theintrudermovie,theirishmanfilm,thekitchenmovie,thelegomovie,themustangfilm,thenightingalefilm,theprodigymovie,thesunisalsoastar,theupsidefilm,tolkienmovie,toystory,triplefrontier,uglydolls,uncutgems,underthesilverlake,usmovie,wavesmovie,whatmenwant,wonderparkmovie,wrinklestheclown,xmenmovies,yardiefilm,yesterdaymovie,zombieland
21bridgesmovie,0.9999997,0.9590068,0.96468836,0.9510669,0.9638029,0.9586255,0.96016854,0.95458126,0.980555,0.95651996,0.9596915,0.95932084,0.95782065,0.95658255,0.9652,0.9597464,0.9620674,0.96675617,0.9780453,0.95711803,0.96009606,0.9565894,0.9666803,0.96310467,0.95649755,0.9118724,0.9573003,0.9543106,0.96371406,0.9553446,0.95867825,0.9546719,0.9523713,0.96147853,0.94855666,0.9334637,0.9611226,0.96710235,0.9644808,0.95875394,0.9548145,0.9589661,0.96119255,0.96362305,0.96401423,0.9632847,0.96396786,0.96551263,0.9522027,0.96292984,0.9657223,0.96363974,0.96531516,0.9545637,0.9574151,0.9576024,0.96037924,0.96287507,0.9541009,0.9689058,0.96070886,0.9612466,0.96020776,0.9548528,0.9550873,0.95598525,0.94569594,0.9606764,0.9568507,0.95125633,0.9706598,0.7932032,0.94730633,0.9625593,0.95958453,0.9483646,0.94142836,0.959515,0.9486097,0.9609359,0.9542035,0.9583814,0.9581588,0.95744556,0.95668,0.96208,0.95160335,0.96888924,0.96623147,0.9624501,0.96124834,0.9706598,0.9604666,0.96082056,0.9597649,0.95662266,0.9618447,0.967486,0.9491204,0.9639224,0.9597022,0.9547777,0.96079284,0.9709257,0.95714563,0.96432626,0.965116,0.96196437,0.9516185,0.95468205,0.9645768,0.8822578,0.96379596,0.93796504,0.95686305,0.9683756,0.9891296,0.95767576,0.97105616,0.9572396,0.95127696,0.96313286,0.96218646,0.94751394,0.9627985,0.959709,0.962228,0.95682704,0.95567703,0.94793963,0.9620694,0.9537348,0.96625555,0.95490503,0.96360797,0.95852894,0.9751444,0.95499647,0.96715015,0.96196955,0.980555,0.9652387,0.96245915,0.955709,0.9456583,0.9610526,0.9641082,0.954558,0.96057355,0.9703889,0.9583282,0.95288426,0.9613282,0.96757334,0.9569124,0.966465,0.962654,0.96231884,0.96004784,0.9609533,0.980555,0.95642203,0.96504873,0.9617248,0.96361095
47metersdown,0.9590068,0.9999996,0.9554715,0.9591901,0.9634705,0.9555896,0.96288085,0.950593,0.9767642,0.94967866,0.9575283,0.95692503,0.9543274,0.95967215,0.9565229,0.9695879,0.96055883,0.96536416,0.9567292,0.9531511,0.9605431,0.94797635,0.96347326,0.96270967,0.95983464,0.9044226,0.95759505,0.95776635,0.9545124,0.9580144,0.9572533,0.9511122,0.9562829,0.9532135,0.9581985,0.93548995,0.9598253,0.95640403,0.96056646,0.96163285,0.9562139,0.9573978,0.95443875,0.9627251,0.95911163,0.95469856,0.96147656,0.9568805,0.94676566,0.96324223,0.9567069,0.96155155,0.9598079,0.95822537,0.952443,0.9604064,0.95518565,0.951544,0.9473366,0.9685301,0.95221776,0.9528872,0.9657426,0.9582766,0.9574312,0.95515674,0.9514897,0.9584504,0.95418894,0.950778,0.9673374,0.7687112,0.9440169,0.9630909,0.95883554,0.9463334,0.9200473,0.9669215,0.9502775,0.9544791,0.95534617,0.9590688,0.9584597,0.959731,0.9554819,0.9591763,0.950245,0.96410894,0.96009386,0.9611968,0.9586215,0.9673374,0.96373737,0.9599434,0.9548601,0.9550969,0.9605879,0.9637928,0.94533145,0.9571218,0.95620716,0.962752,0.94546074,0.96743464,0.9641586,0.9594336,0.96302646,0.9598976,0.9529451,0.9527021,0.9613212,0.8841882,0.95440876,0.93099606,0.95138335,0.9595442,0.9625784,0.96014065,0.96386623,0.9642319,0.9528743,0.9545527,0.9582786,0.95188487,0.9639381,0.9569618,0.9595778,0.95473194,0.95251083,0.93863624,0.9592231,0.95198643,0.9622975,0.9517995,0.9428125,0.95702314,0.95499647,0.95507973,0.9645272,0.95314276,0.9767642,0.9550027,0.9564164,0.9558726,0.94949925,0.95143765,0.96251065,0.95914537,0.9592003,0.95500135,0.95808053,0.95118886,0.9559953,0.94048756,0.9565399,0.9671139,0.95749974,0.9638607,0.94797796,0.95619166,0.9767642,0.9547486,0.96265346,0.961872,0.954236
abeautifuldaymovie,0.96468836,0.9554715,1.0000001,0.9589837,0.9543853,0.96208745,0.9623447,0.95817983,0.9813989,0.95183957,0.9612755,0.95839596,0.9518217,0.9672334,0.9651785,0.9617569,0.96282685,0.96105313,0.9688084,0.96201825,0.96439743,0.968494,0.9684887,0.96396196,0.9593557,0.91742885,0.95478994,0.9546617,0.9758032,0.95620084,0.96007,0.9543511,0.9577936,0.97053504,0.9525087,0.9392866,0.9610346,0.95923865,0.9618984,0.96201766,0.9544701,0.9582466,0.9523236,0.96303266,0.964292,0.964661,0.9674546,0.9562915,0.9556199,0.9658514,0.9781279,0.965099,0.96384424,0.9545509,0.96182424,0.9531667,0.9610165,0.9592353,0.9560729,0.96616554,0.95482874,0.95792866,0.96425736,0.961934,0.9583485,0.9502912,0.95282245,0.96185637,0.95844084,0.9479677,0.9675356,0.8065303,0.94204575,0.96592546,0.9591795,0.94839126,0.92154217,0.9619282,0.95918053,0.96064144,0.95639294,0.9569511,0.9630445,0.95545775,0.96472824,0.96125,0.95640737,0.9642101,0.9618811,0.9650464,0.9568118,0.9675356,0.9676479,0.9610878,0.9719217,0.96237713,0.96200424,0.9673352,0.95266587,0.9669192,0.9590057,0.96149737,0.96405786,0.9677066,0.96556747,0.9757016,0.96816534,0.96186876,0.95752054,0.9546096,0.967818,0.8959072,0.9583107,0.9407363,0.9529347,0.9605098,0.9652863,0.96415865,0.9677492,0.95905936,0.95262897,0.9582798,0.9687917,0.9603192,0.9636947,0.96278137,0.9644077,0.9639158,0.946921,0.9435483,0.96742105,0.9437902,0.96243936,0.9578282,0.95279664,0.9560307,0.95710754,0.95794076,0.9651224,0.96398014,0.9813989,0.97088265,0.9652731,0.95649266,0.9521503,0.9662097,0.964127,0.95686394,0.9674334,0.95740646,0.957815,0.9704805,0.96088684,0.9397982,0.9578203,0.96766675,0.96375984,0.9637359,0.9542966,0.95247626,0.9813989,0.9561019,0.969111,0.97046715,0.97446716
abominablemovie,0.9510669,0.9591901,0.9589837,1.0,0.95232975,0.94961965,0.9526695,0.9518263,0.97382563,0.94109005,0.95382875,0.95529914,0.95568717,0.95438784,0.9540585,0.9585978,0.9551828,0.9604042,0.95461375,0.95063406,0.96253747,0.9528919,0.95898104,0.9640015,0.95708764,0.91249514,0.955503,0.95315444,0.9588285,0.94870365,0.95495313,0.9488225,0.9527634,0.9529893,0.9487584,0.9265791,0.9607218,0.9620388,0.95417464,0.95465666,0.954345,0.95621365,0.9528148,0.9597083,0.96341693,0.947404,0.95873964,0.95554006,0.94220006,0.95968163,0.9609482,0.9631731,0.95652497,0.9514302,0.95854354,0.9474108,0.95243,0.95683676,0.95907396,0.95868325,0.9431828,0.96350825,0.96043295,0.9550818,0.95674413,0.9521553,0.9501595,0.9528807,0.9512508,0.9423599,0.9585033,0.7695969,0.9331011,0.9597215,0.96022916,0.94106674,0.91383123,0.9615806,0.95478284,0.95625526,0.9511957,0.9582742,0.9616743,0.949483,0.96127856,0.952275,0.9539278,0.9558358,0.9526395,0.9606928,0.96301883,0.9585033,0.9593946,0.9586703,0.963272,0.96168005,0.9552891,0.96473324,0.9449595,0.95126265,0.9522718,0.9574869,0.9464072,0.96197885,0.95754457,0.959064,0.9626592,0.9559697,0.94450825,0.9531379,0.9586528,0.88020134,0.95507777,0.92100275,0.9481549,0.94905126,0.9556864,0.95846313,0.95860994,0.94828475,0.9597882,0.95281255,0.95702255,0.94777846,0.9601546,0.9615708,0.95385605,0.95844895,0.95087224,0.93587923,0.96383464,0.9499578,0.96224,0.95407736,0.9448542,0.95289266,0.9455286,0.9547797,0.9550612,0.9556362,0.97382563,0.956222,0.9467391,0.9510171,0.95215064,0.95307606,0.9546691,0.9550715,0.9564586,0.9548932,0.9500114,0.9514543,0.9508514,0.92704123,0.94931585,0.96035033,0.95155066,0.9576708,0.94323,0.95150137,0.97382563,0.9540553,0.9579306,0.9598126,0.9551779
adastramovie,0.9638029,0.9634705,0.9543853,0.95232975,1.0000005,0.95996505,0.96340454,0.9604387,0.98072904,0.9637476,0.9541749,0.95196944,0.95647824,0.9569784,0.96353936,0.96209824,0.9605856,0.97820413,0.96072716,0.9606141,0.95881575,0.9503231,0.96478647,0.9662029,0.9629705,0.8937785,0.9702796,0.9561414,0.9609,0.96165764,0.9654855,0.96264833,0.95924217,0.9512724,0.95067716,0.9356789,0.9673422,0.9621944,0.96770793,0.9624559,0.95982826,0.96068895,0.95578337,0.9613061,0.9622468,0.96226317,0.96259725,0.96237993,0.9482676,0.9629109,0.9635297,0.9671399,0.96655905,0.95566833,0.9549786,0.97527635,0.959181,0.96241564,0.95811516,0.967723,0.9584625,0.960463,0.96402556,0.9589477,0.9572378,0.9537708,0.95324165,0.96157527,0.9572943,0.9566809,0.97046405,0.7720547,0.9521381,0.9614079,0.95514953,0.95127904,0.9286506,0.9615622,0.95780146,0.9593078,0.9537508,0.9561095,0.9634667,0.9576332,0.9569663,0.95859605,0.95860267,0.96454394,0.9651992,0.96406966,0.95933664,0.97046405,0.96951514,0.9598985,0.95647347,0.96127236,0.9585961,0.9671234,0.9489888,0.95772326,0.96650726,0.955456,0.9481641,0.96611255,0.96290743,0.9666153,0.9657976,0.9676486,0.9572464,0.9578732,0.96553355,0.8811972,0.9578469,0.9371917,0.9624059,0.958297,0.97407466,0.9605498,0.9684181,0.9606825,0.9594902,0.9611991,0.9629257,0.94921774,0.9674304,0.9631141,0.96401477,0.96222734,0.97452897,0.9394279,0.96076643,0.96624243,0.96361995,0.9561226,0.9558745,0.9585591,0.96380424,0.95617014,0.9642762,0.96221346,0.98072904,0.9628327,0.96242326,0.9545446,0.95188874,0.96049434,0.9603468,0.9599891,0.9628298,0.96448815,0.9612036,0.9578616,0.96630263,0.94328105,0.9642932,0.9685212,0.9573276,0.96628624,0.9466642,0.95893085,0.98072904,0.96760714,0.96559036,0.9645386,0.96119463
adogsjourneymovie,0.9586255,0.9555896,0.96208745,0.94961965,0.95996505,1.0000004,0.95633966,0.9623685,0.9782141,0.94725794,0.96159875,0.95321727,0.96098167,0.9619421,0.9581919,0.9606289,0.958663,0.9607551,0.9601121,0.95542073,0.9538594,0.9590075,0.97229415,0.9595034,0.9565891,0.8943684,0.9569036,0.9558368,0.95838493,0.95852435,0.9604488,0.95693487,0.9615514,0.9591461,0.9515352,0.94137806,0.96194196,0.95891094,0.9618705,0.9587595,0.9608405,0.95444703,0.94777536,0.9556059,0.96320826,0.9665706,0.9692022,0.9551819,0.94637525,0.95592016,0.9617922,0.9653513,0.967428,0.9514755,0.9600691,0.95737666,0.9535907,0.9582977,0.95138454,0.9693276,0.95965976,0.955032,0.9603457,0.9632509,0.9607955,0.9483075,0.9462114,0.95530915,0.9574551,0.9474475,0.973063,0.805536,0.9460092,0.9565023,0.9573225,0.94761765,0.9288413,0.96044666,0.95307255,0.96172035,0.963831,0.9525587,0.9661478,0.9516633,0.95563847,0.9546859,0.95212567,0.96114767,0.9652246,0.9544614,0.95625913,0.973063,0.962894,0.9600083,0.9567696,0.9603487,0.9589981,0.9661806,0.9449913,0.96176416,0.96514076,0.9621855,0.9610129,0.9660402,0.95985526,0.96132874,0.9670106,0.9629287,0.9567708,0.95331174,0.96164364,0.89621216,0.95771694,0.9466052,0.95307696,0.96127516,0.9677523,0.95827913,0.9644447,0.95363444,0.9625029,0.9585468,0.9597168,0.9746212,0.96228975,0.961639,0.96578795,0.9575801,0.95078003,0.9317932,0.95995146,0.9534765,0.9602336,0.9481287,0.9546325,0.9602442,0.9674893,0.9635785,0.96574664,0.96151304,0.9782141,0.96174955,0.9566549,0.95311296,0.95303196,0.96091664,0.9668103,0.95629734,0.9666269,0.959514,0.9558508,0.9518866,0.9671404,0.9470269,0.9570332,0.9654868,0.96171004,0.96747905,0.95773154,0.95184,0.9782141,0.96133775,0.9680913,0.9691554,0.9590502
aftermathmovie,0.96016854,0.96288085,0.9623447,0.9526695,0.96340454,0.95633966,0.9999998,0.95047754,0.9793322,0.9553545,0.9634265,0.9500306,0.9574587,0.9633205,0.95980686,0.96067077,0.963255,0.96484274,0.96296537,0.9566728,0.9588574,0.9526123,0.9661563,0.964732,0.9545259,0.8970398,0.9582615,0.9656098,0.95929444,0.9548934,0.96247345,0.95557165,0.96019125,0.95421064,0.95341825,0.9262052,0.9617633,0.9563823,0.9655884,0.9538566,0.95662075,0.9603491,0.9560699,0.96269244,0.9604893,0.9588023,0.9631393,0.9536698,0.95240074,0.96167654,0.9649095,0.9615954,0.96050906,0.9651757,0.95527583,0.960671,0.9562056,0.9582469,0.9561811,0.9647305,0.95109874,0.95649314,0.96187884,0.96192867,0.95561546,0.9544226,0.95887244,0.9648155,0.9604111,0.9455542,0.96660244,0.7721746,0.93845177,0.9657023,0.9543972,0.9449736,0.9159693,0.96301264,0.9557175,0.95900804,0.95981675,0.9756754,0.96544963,0.9504956,0.9592298,0.9607105,0.9521852,0.9658176,0.96143913,0.96209925,0.9614154,0.96660244,0.9618312,0.9629813,0.96032417,0.95555884,0.9590879,0.9651198,0.9704288,0.9618937,0.9569577,0.9510581,0.9543873,0.96590686,0.96234643,0.9687061,0.9658837,0.9620033,0.9541396,0.9532841,0.96275467,0.86698735,0.96325976,0.9267368,0.9557923,0.9572326,0.9609254,0.9585585,0.9630106,0.98560923,0.95375055,0.9528764,0.96490836,0.9568166,0.9637832,0.9646388,0.96623826,0.95729506,0.9579729,0.93822485,0.9545595,0.9509672,0.9685332,0.9534604,0.9515066,0.9569753,0.9553959,0.9565436,0.9675537,0.9504346,0.9793322,0.96088654,0.9612725,0.952188,0.9467088,0.9583853,0.95930856,0.9624601,0.9600418,0.9529362,0.98448807,0.95840245,0.9608938,0.9520241,0.95793813,0.96442735,0.9591668,0.9670047,0.9542656,0.961385,0.9793322,0.9656868,0.9714478,0.9629533,0.9559273
aftermovie,0.95458126,0.950593,0.95817983,0.9518263,0.9604387,0.9623685,0.95047754,1.0000005,0.9737789,0.95801115,0.95765156,0.9475371,0.95043886,0.9582065,0.9569321,0.9611559,0.94939077,0.9604515,0.95805323,0.95069754,0.95152074,0.9524708,0.9614786,0.958114,0.95516115,0.8960846,0.95575243,0.9466865,0.9534911,0.94817257,0.9547596,0.9612229,0.9543784,0.9509113,0.9429429,0.93693376,0.956209,0.9496619,0.9598016,0.95585895,0.95748854,0.95192254,0.9457445,0.9536397,0.9589937,0.9548822,0.96069473,0.9506926,0.94486624,0.9568689,0.9585934,0.96148163,0.95971483,0.9517034,0.9626216,0.95686305,0.95688933,0.9530656,0.95338106,0.96244633,0.95279604,0.9583773,0.95749927,0.95553964,0.9511852,0.95223284,0.9424033,0.95348793,0.9554434,0.951706,0.966821,0.7940153,0.9499126,0.94989043,0.95615363,0.94483393,0.92210925,0.95291126,0.94913155,0.954787,0.9535446,0.9457509,0.9650402,0.9539332,0.95062995,0.9515657,0.95325786,0.95869786,0.9584348,0.95879036,0.95655084,0.966821,0.9568239,0.9545711,0.9496573,0.9557344,0.9546872,0.9628283,0.94022155,0.957279,0.9588065,0.949615,0.9499255,0.9593318,0.9633418,0.95827645,0.96026194,0.96139294,0.9506349,0.95228183,0.95543057,0.8907472,0.95517254,0.935574,0.9448047,0.95602626,0.96190643,0.9612148,0.9591191,0.9505043,0.9589809,0.956766,0.9570758,0.9524399,0.9600618,0.9551118,0.9548439,0.9521959,0.94470835,0.93044883,0.95510817,0.94757944,0.95560664,0.9490645,0.95256,0.9525642,0.95846534,0.9572436,0.95941514,0.9548627,0.9737789,0.95789164,0.94896674,0.94702256,0.94847524,0.9558234,0.9553574,0.9532377,0.96473294,0.95346487,0.9508818,0.95296323,0.9523596,0.9404821,0.95963347,0.96357316,0.9522054,0.9632553,0.9626216,0.950845,0.9737789,0.9581748,0.9553628,0.9600068,0.9582718
ahiddenlifefilm,0.980555,0.9767642,0.9813989,0.97382563,0.98072904,0.9782141,0.9793322,0.9737789,1.0000005,0.9711443,0.9796693,0.9701926,0.9757554,0.9812092,0.9814361,0.97839785,0.9786397,0.9838999,0.98045826,0.97484535,0.97896105,0.9729434,0.9819382,0.9814686,0.978309,0.91983813,0.9755266,0.97720814,0.97761273,0.97697943,0.978883,0.9765353,0.9747727,0.9764035,0.96962905,0.9519798,0.98203504,0.97803015,0.9815057,0.97682345,0.9753958,0.97738844,0.97064376,0.97874284,0.9817434,0.9801134,0.98072267,0.97500026,0.96920156,0.98037183,0.9809142,0.9832607,0.9809631,0.9735653,0.9767922,0.9759441,0.97657424,0.9783444,0.97281927,0.9843516,0.9755748,0.97701454,0.9808662,0.97911566,0.9763371,0.9737269,0.97014797,0.97841036,0.9782291,0.9696673,0.98793507,0.7925846,0.962513,0.9822329,0.975688,0.96714836,0.9402774,0.98151726,0.9724393,0.97960466,0.97767204,0.97579,0.98062444,0.97419477,0.97661066,0.9764407,0.97428745,0.9830566,0.9822781,0.98346746,0.97857916,0.98793507,0.9831561,0.9786299,0.97741216,0.9791688,0.9795753,0.98411334,0.9680693,0.9770457,0.97884417,0.9755156,0.9703447,0.9859491,0.98192245,0.98108774,0.9830831,0.9812888,0.9719789,0.9731083,0.9822762,0.89907175,0.97812206,0.95146847,0.9722006,0.97803736,0.98511577,0.9782617,0.9856118,0.97678155,0.97570324,0.9775702,0.9833574,0.9736653,0.98315054,0.98012096,0.9816269,0.97582227,0.97097826,0.9558574,0.9811771,0.970378,0.9826706,0.97227424,0.9733031,0.9790853,0.97874767,0.97842926,0.98437613,0.9765568,1.0000005,0.9788541,0.9770691,0.97462445,0.96968013,0.9792809,0.9797829,0.97483975,0.9819585,0.9769799,0.97692615,0.974892,0.98004127,0.9628904,0.97666866,0.98601353,0.9768498,0.9829329,0.97104675,0.97450423,1.0000005,0.97643304,0.98350275,0.9846564,0.97909117
alitamovie,0.95651996,0.94967866,0.95183957,0.94109005,0.9637476,0.94725794,0.9553545,0.95801115,0.9711443,0.9999997,0.9476736,0.950686,0.9461182,0.95277894,0.9614703,0.9503136,0.9552127,0.9640094,0.9563856,0.95352876,0.9513303,0.9354696,0.9502828,0.9592002,0.94745535,0.8927635,0.9534132,0.94534117,0.9463377,0.9464439,0.95734066,0.95622164,0.94940704,0.9458635,0.9407457,0.9217303,0.9546084,0.95286757,0.96182233,0.9489016,0.9490158,0.9540122,0.943677,0.9552441,0.95741004,0.95092237,0.9496673,0.9479785,0.9530618,0.955955,0.95503455,0.9605264,0.9569695,0.9555541,0.94882846,0.9596331,0.95612496,0.9513455,0.9520942,0.9537316,0.954265,0.9586049,0.9573045,0.95453054,0.9564182,0.94248444,0.94919115,0.95634264,0.9464077,0.93838453,0.9636535,0.77832377,0.9384869,0.9547156,0.94189435,0.94140255,0.91315985,0.9453313,0.9468671,0.95475304,0.9496123,0.95094764,0.95668995,0.9451207,0.94882864,0.952948,0.95080227,0.9581851,0.9544387,0.9621058,0.9507714,0.9636535,0.95487535,0.9443595,0.94667596,0.95300704,0.9490624,0.95474935,0.9452205,0.9469822,0.9488583,0.9458806,0.9484819,0.9582312,0.9668394,0.9581915,0.9554463,0.9550386,0.9481762,0.94740504,0.9597251,0.8667942,0.9516476,0.92434216,0.9448474,0.94581074,0.9603441,0.94829065,0.956053,0.95430285,0.9469921,0.9504851,0.9546225,0.9479362,0.9614146,0.95402324,0.9528994,0.9479975,0.94526273,0.9323595,0.95376796,0.9530794,0.9571249,0.94693655,0.95284927,0.9475291,0.95151454,0.951149,0.96253204,0.9463096,0.9711443,0.9483367,0.9501943,0.9485613,0.93813455,0.95754915,0.9506011,0.9503049,0.9558128,0.9482522,0.95424193,0.9454094,0.9563875,0.94694865,0.9535524,0.9628082,0.94815844,0.954973,0.94569063,0.95605266,0.9711443,0.9619352,0.9558597,0.9572582,0.9540661
angelhasfallen,0.9596915,0.9575283,0.9612755,0.95382875,0.9541749,0.96159875,0.9634265,0.95765156,0.9796693,0.9476736,0.9999998,0.9469813,0.9521048,0.9632179,0.95734704,0.960281,0.9639595,0.9616786,0.95996773,0.95272386,0.95877975,0.9544712,0.9649794,0.9633221,0.9623086,0.9021682,0.9526277,0.96365523,0.96060795,0.96095276,0.960457,0.9512999,0.9565311,0.95885205,0.94893634,0.9230767,0.9558243,0.95815665,0.96132094,0.95114744,0.95517653,0.9644122,0.9543848,0.9624457,0.95969397,0.95981807,0.9656516,0.9537439,0.9425565,0.9640461,0.9623622,0.96222806,0.95732784,0.95526165,0.9611375,0.96035725,0.95566267,0.95587265,0.9526135,0.96321255,0.95457584,0.9550344,0.95755595,0.95971274,0.953408,0.9625438,0.95686007,0.9615298,0.9770321,0.947515,0.9692963,0.7635364,0.9465627,0.9624292,0.95729166,0.95061606,0.9191225,0.9604742,0.9596289,0.95512056,0.9812639,0.9573845,0.96136034,0.95110166,0.95331717,0.9589733,0.96966267,0.9605006,0.96247774,0.9676528,0.9626488,0.9692963,0.9611646,0.9617958,0.9523017,0.96340674,0.9725742,0.9609657,0.9510906,0.95815796,0.9521994,0.96319443,0.9563061,0.9686637,0.9589806,0.9640347,0.9713367,0.95565957,0.9578925,0.9524503,0.96176773,0.8634057,0.95478565,0.9191564,0.9456077,0.96576965,0.96492016,0.9590668,0.9672611,0.95967275,0.9640996,0.9548418,0.96465725,0.95707524,0.96507496,0.96294147,0.9600695,0.9592287,0.9557784,0.936797,0.95848584,0.9528007,0.9708917,0.9483678,0.9467527,0.9633984,0.96528655,0.9596902,0.96629536,0.95921063,0.9796693,0.95897496,0.95020473,0.9572255,0.950979,0.9580508,0.9584603,0.95348376,0.9637051,0.9557342,0.96121484,0.9607838,0.96059704,0.9477437,0.96086127,0.9653059,0.9590232,0.965492,0.95497376,0.9480446,0.9796693,0.9558552,0.97112936,0.9603015,0.9557359
angrybirdsmovie,0.95932084,0.95692503,0.95839596,0.95529914,0.95196944,0.95321727,0.9500306,0.9475371,0.9701926,0.950686,0.9469813,0.99999976,0.95164126,0.9553878,0.96164495,0.9522799,0.95578706,0.95656127,0.9621624,0.9573172,0.95352536,0.94750804,0.9562047,0.95086366,0.9489084,0.90407467,0.9541271,0.94785094,0.9522171,0.9544346,0.9534821,0.95433,0.9472196,0.96149963,0.9445206,0.92422205,0.95680946,0.9601606,0.958611,0.9546925,0.9501707,0.9507237,0.95173824,0.9562385,0.9595296,0.9522061,0.951821,0.953856,0.9425066,0.9541918,0.96592516,0.9598384,0.9521998,0.9477352,0.9573573,0.9484651,0.948963,0.9558862,0.94192225,0.95500267,0.94055146,0.9507491,0.95245385,0.9535449,0.9597988,0.9430018,0.94078314,0.94841766,0.9485437,0.9375792,0.9561083,0.7847489,0.9338216,0.9584369,0.94026536,0.9337211,0.9069627,0.9565956,0.945332,0.95249844,0.9453356,0.9468929,0.9550051,0.93753135,0.9638576,0.9458146,0.9465077,0.9558708,0.95260644,0.9550763,0.95231915,0.9561083,0.9565522,0.9452426,0.9629866,0.9562702,0.951563,0.95622957,0.9393195,0.95036685,0.9498663,0.9496777,0.9516111,0.95676404,0.95542955,0.9652104,0.9583401,0.9457863,0.9447498,0.95901406,0.9638849,0.874983,0.95400804,0.9298578,0.9491612,0.9558155,0.95950365,0.95110995,0.9572456,0.94860786,0.9495873,0.9528055,0.95128554,0.9508332,0.9568138,0.94974434,0.95136285,0.9547054,0.94413465,0.9352628,0.9517297,0.9464101,0.95203406,0.95008624,0.9473764,0.94844115,0.94425106,0.9532922,0.9645666,0.95017684,0.9701926,0.95863694,0.9490384,0.95281786,0.94614774,0.9559718,0.95502585,0.95119375,0.9509771,0.94581014,0.9538958,0.94540083,0.95379066,0.9262713,0.94918907,0.9617353,0.9452011,0.95936096,0.94549084,0.95470685,0.9701926,0.95076394,0.9495281,0.9567421,0.9646667
annabellemovie,0.95782065,0.9543274,0.9518217,0.95568717,0.95647824,0.96098167,0.9574587,0.95043886,0.9757554,0.9461182,0.9521048,0.95164126,1.0000004,0.9612302,0.9604935,0.95328844,0.9539601,0.9572662,0.9567138,0.9516175,0.95944655,0.95075995,0.96115494,0.9651242,0.95226187,0.89378625,0.95175964,0.9545741,0.95056427,0.95608056,0.9571257,0.95861393,0.94931865,0.95280117,0.9565063,0.9250449,0.96279925,0.9674954,0.95729095,0.9524788,0.9663798,0.9523499,0.9454465,0.95318073,0.95934737,0.955722,0.95877916,0.9551656,0.94034386,0.95054793,0.9543486,0.9588139,0.9685372,0.948416,0.96489745,0.94925857,0.954629,0.9560128,0.95099694,0.9636496,0.96355534,0.96028084,0.955566,0.9689321,0.9507767,0.9589047,0.9475612,0.95077366,0.95732665,0.9509591,0.96594554,0.77174187,0.9354539,0.95210606,0.9561107,0.94134474,0.92525476,0.96080405,0.9546148,0.962586,0.9572471,0.9542185,0.9715378,0.9486648,0.9671335,0.95466894,0.9577021,0.9829857,0.96107584,0.95710593,0.95949984,0.96594554,0.9611049,0.9605279,0.95361567,0.9584625,0.9523839,0.9641096,0.94678956,0.9596347,0.9589594,0.95383763,0.95092165,0.9587269,0.95739126,0.952229,0.9607175,0.9655305,0.94487625,0.9500518,0.95911664,0.89130145,0.9541464,0.93288404,0.9509877,0.9587373,0.96366906,0.95824754,0.9670437,0.954175,0.9680644,0.9574385,0.9605013,0.95201695,0.9610908,0.96358347,0.9673032,0.95430624,0.9449889,0.9334896,0.9637393,0.9497393,0.962105,0.9466452,0.95173335,0.9575819,0.9601568,0.95953554,0.9624609,0.9565323,0.9757554,0.9556771,0.9512383,0.96075606,0.95974994,0.9570908,0.96000487,0.96525043,0.9676628,0.9592462,0.95515084,0.95003706,0.96008044,0.94539493,0.95472395,0.96226585,0.95571357,0.9610193,0.9484379,0.9542345,0.9757554,0.9558959,0.9598877,0.9619726,0.95258075
annamovie,0.95658255,0.95967215,0.9672334,0.95438784,0.9569784,0.9619421,0.9633205,0.9582065,0.9812092,0.95277894,0.9632179,0.9553878,0.9612302,1.0,0.96049356,0.9607827,0.96079063,0.96176946,0.96349996,0.95714545,0.95724624,0.9596329,0.96355456,0.9675587,0.95997304,0.90445524,0.95221454,0.95839584,0.96276927,0.9652404,0.96550673,0.9620259,0.95474946,0.9621863,0.9504931,0.9357228,0.96904266,0.9564992,0.9605091,0.9648922,0.9619262,0.9589594,0.95385724,0.9581863,0.9617191,0.96707606,0.9635129,0.9536628,0.95061934,0.96263874,0.96724105,0.966672,0.96478456,0.9602576,0.95639646,0.9550185,0.96195924,0.96094507,0.9599626,0.9652176,0.9601578,0.95779014,0.96158683,0.97568905,0.96121186,0.9569507,0.9481614,0.9627581,0.9630528,0.95003456,0.9685889,0.77907324,0.9543797,0.959794,0.95956457,0.9554645,0.9176026,0.9667685,0.95397437,0.96204954,0.9593996,0.9584575,0.96459365,0.9561798,0.9593738,0.964173,0.95434403,0.96486527,0.96670365,0.96854484,0.963346,0.9685889,0.9652997,0.964643,0.9649696,0.9636168,0.9611417,0.96503115,0.9518099,0.96423334,0.9628187,0.9583139,0.95774734,0.9689797,0.9736131,0.9703919,0.9653624,0.9630286,0.9599381,0.9536149,0.9653579,0.8910134,0.95834,0.9379714,0.95689005,0.9631983,0.9629833,0.9603893,0.96516144,0.95889795,0.9550018,0.9576952,0.9632915,0.95879525,0.9667755,0.96730274,0.964866,0.96081996,0.9487017,0.9430014,0.95925635,0.9442338,0.9645048,0.9518028,0.95426714,0.9643258,0.95899856,0.9592946,0.9682911,0.95772165,0.9812092,0.96374387,0.96033764,0.9588595,0.9512198,0.9668598,0.9698011,0.9565222,0.96549225,0.95400274,0.962341,0.95716137,0.96766627,0.9439845,0.96247274,0.96810204,0.96046776,0.9659231,0.952899,0.957,0.9812092,0.958329,0.9615041,0.9683735,0.9646563
apollo11movie,0.9652,0.9565229,0.9651785,0.9540585,0.96353936,0.9581919,0.95980686,0.9569321,0.9814361,0.9614703,0.95734704,0.96164495,0.9604935,0.96049356,0.9999996,0.9556254,0.96136963,0.9667231,0.9614865,0.97570586,0.958471,0.95364654,0.96173793,0.96557033,0.95536,0.9101231,0.9578855,0.9594422,0.9526643,0.96267295,0.9577212,0.96029705,0.95632297,0.9579505,0.95150715,0.93779993,0.96761125,0.960971,0.97225946,0.9608515,0.95757127,0.96366215,0.95338136,0.9644215,0.96582866,0.96061325,0.9556444,0.9644508,0.95862645,0.96613485,0.9597349,0.9675171,0.96315616,0.95523274,0.9565648,0.95410633,0.95771027,0.9605113,0.94836634,0.97026974,0.9580144,0.9621689,0.9664582,0.9666197,0.9591456,0.95510435,0.9481235,0.9613302,0.96178114,0.95483273,0.97153044,0.77603674,0.9414395,0.9621967,0.9572915,0.9480912,0.9204858,0.96080333,0.94869053,0.96656007,0.95935595,0.9544637,0.9649377,0.95698094,0.96114975,0.96287906,0.9547711,0.96726954,0.9685332,0.9681438,0.9562731,0.97153044,0.96764845,0.9566919,0.9606118,0.97429794,0.9580712,0.96408844,0.95183486,0.9594494,0.9634514,0.94934374,0.9494302,0.96600246,0.9662202,0.96191365,0.9588444,0.96684855,0.9445682,0.95730656,0.9638761,0.887236,0.9598697,0.9386271,0.95112085,0.9579624,0.96826607,0.9633896,0.97056115,0.95837367,0.9542453,0.96050817,0.96517545,0.95809865,0.9649018,0.95536196,0.9634389,0.95095307,0.9519411,0.9399313,0.9638132,0.9520046,0.9662227,0.95477664,0.9551055,0.9619837,0.960125,0.963213,0.96998394,0.9562074,0.9814361,0.9619113,0.9634635,0.96153516,0.9531015,0.9618537,0.96060556,0.95862234,0.967005,0.9556405,0.96084106,0.9587332,0.9615038,0.94411963,0.96277916,0.9705191,0.9562324,0.9652307,0.9533746,0.95323396,0.9814361,0.9600451,0.96007127,0.96728057,0.9612746
arcticdogsmovie,0.9597464,0.9695879,0.9617569,0.9585978,0.96209824,0.9606289,0.96067077,0.9611559,0.97839785,0.9503136,0.960281,0.9522799,0.95328844,0.9607827,0.9556254,1.0000004,0.9632721,0.96087164,0.96322316,0.9530741,0.96704733,0.9564694,0.9613354,0.96087813,0.9632659,0.89621323,0.95170593,0.95501393,0.9648931,0.9554869,0.9598897,0.95286876,0.9608987,0.95766747,0.9555514,0.93841743,0.95922637,0.9570711,0.9625742,0.9594813,0.95794743,0.9534931,0.9502572,0.95958513,0.96124804,0.9645445,0.962736,0.9583299,0.94480574,0.9598269,0.9664529,0.9604677,0.9608709,0.95777476,0.95432776,0.95596117,0.95720536,0.9535721,0.9501947,0.9606622,0.951821,0.95059365,0.9664231,0.95945287,0.9549721,0.95512795,0.95031834,0.9530157,0.95905185,0.95037085,0.96580017,0.77395034,0.95482934,0.96150005,0.9592081,0.9492619,0.92064816,0.9698721,0.95695,0.9587767,0.9550001,0.95504993,0.95842975,0.9569418,0.95562625,0.9527184,0.9524132,0.96124107,0.95906365,0.96226585,0.9610408,0.96580017,0.9601006,0.961666,0.95893663,0.9564294,0.96125615,0.9655688,0.9489922,0.9597428,0.9646941,0.96200824,0.9560852,0.9692032,0.9594073,0.96614915,0.96679753,0.9692796,0.96652144,0.94642735,0.9628756,0.88318014,0.9571886,0.93101066,0.958772,0.96154517,0.9649696,0.95973945,0.96746963,0.9631244,0.95305145,0.9573954,0.9570094,0.9552858,0.96777517,0.9557461,0.962213,0.961479,0.94439316,0.93052614,0.9650929,0.95321894,0.96270394,0.95160997,0.9522632,0.9584187,0.95885265,0.9557986,0.959664,0.96269584,0.97839785,0.9608015,0.960327,0.95420533,0.9510305,0.9506627,0.9560705,0.9577093,0.96280825,0.95528156,0.9604975,0.9476604,0.95871115,0.9435353,0.9517877,0.9675849,0.9568219,0.96283257,0.95481014,0.9593789,0.97839785,0.9567865,0.9643235,0.9607005,0.96398246
arcticmovie,0.9620674,0.96055883,0.96282685,0.9551828,0.9605856,0.958663,0.963255,0.94939077,0.9786397,0.9552127,0.9639595,0.95578706,0.9539601,0.96079063,0.96136963,0.9632721,0.99999946,0.96301144,0.9598875,0.95530474,0.9602687,0.9488968,0.9624206,0.96210575,0.9592447,0.9022407,0.96045583,0.9743018,0.9593071,0.95734453,0.9583066,0.9499724,0.96143323,0.9629873,0.9536325,0.9249662,0.96236265,0.9594758,0.9592186,0.95130825,0.95370346,0.95703363,0.9504966,0.95745283,0.9664641,0.9589032,0.95719504,0.9621351,0.94669706,0.9570807,0.96291995,0.96002334,0.9640778,0.9590842,0.9579399,0.95742625,0.95685273,0.95827127,0.94440055,0.96293026,0.95393807,0.9517888,0.9691914,0.9591759,0.95165336,0.9623887,0.95411474,0.95288783,0.95955616,0.94574845,0.96843415,0.77854633,0.94006586,0.96562266,0.9562739,0.94334406,0.91332495,0.960724,0.9492562,0.9613149,0.9619929,0.9587735,0.9600807,0.9505486,0.96252966,0.9584647,0.9574635,0.9629193,0.96516246,0.96520114,0.9609044,0.96843415,0.9616722,0.95548826,0.9594042,0.95804965,0.9628055,0.9637002,0.95159197,0.95912206,0.9547414,0.95392656,0.9508662,0.96620244,0.96216184,0.9635738,0.9646797,0.9573595,0.95507103,0.9495273,0.96437246,0.87583596,0.9530785,0.9272674,0.95261574,0.95932716,0.96627563,0.9654441,0.9635313,0.95885336,0.9572426,0.952317,0.95937186,0.9553172,0.9622987,0.9609768,0.9634158,0.961188,0.9516002,0.9375026,0.96187985,0.9515817,0.9797419,0.9630764,0.95118207,0.95881915,0.9556734,0.9614343,0.9675714,0.9570222,0.9786397,0.95563865,0.95720506,0.952247,0.9453373,0.95789856,0.95865405,0.9605664,0.95757216,0.9575089,0.96072066,0.9517817,0.96373934,0.94240624,0.96249676,0.96989113,0.95962137,0.9615688,0.9474791,0.9532472,0.9786397,0.95744896,0.9646435,0.96488863,0.95641166
artofracingmovie,0.96675617,0.96536416,0.96105313,0.9604042,0.97820413,0.9607551,0.96484274,0.9604515,0.9838999,0.9640094,0.9616786,0.95656127,0.9572662,0.96176946,0.9667231,0.96087164,0.96301144,0.99999976,0.9619886,0.9630432,0.9616457,0.9545694,0.9671975,0.96757203,0.9674763,0.9026855,0.9687421,0.9646754,0.96088594,0.9625717,0.966035,0.96037406,0.9578207,0.96141,0.95170695,0.94169366,0.9676348,0.9676772,0.9678776,0.9605812,0.9653665,0.9639105,0.9600816,0.9670382,0.9629119,0.96532816,0.96731836,0.9596593,0.9562067,0.9688029,0.9639076,0.9682262,0.96672314,0.96064997,0.9630287,0.97272456,0.9649718,0.962716,0.96076924,0.9693434,0.95993835,0.96609104,0.9630082,0.96142805,0.96112806,0.95459014,0.95791054,0.9646875,0.9615566,0.95214343,0.97354835,0.78836805,0.949809,0.9671723,0.96274275,0.952841,0.9285854,0.96340054,0.9562063,0.96345216,0.961498,0.960274,0.96690303,0.95865756,0.960078,0.96017677,0.9594737,0.9655203,0.96813315,0.967561,0.9665744,0.97354835,0.9714122,0.9661391,0.96188444,0.96730983,0.96386063,0.96847576,0.95001596,0.9621603,0.9646727,0.9596149,0.94876015,0.9723804,0.96786225,0.96437776,0.96450996,0.96588093,0.95621765,0.9601776,0.9686202,0.87858784,0.9647232,0.9384361,0.96416247,0.9651946,0.9751301,0.962552,0.9682752,0.9603124,0.96317285,0.96316814,0.9687862,0.9489463,0.9702804,0.9672249,0.9646599,0.95669323,0.9645859,0.94164205,0.96244633,0.9698612,0.9694572,0.96267635,0.9572372,0.96178734,0.9654311,0.9618241,0.9708934,0.96953285,0.9838999,0.9611375,0.9636341,0.95749754,0.95506513,0.96319246,0.9670702,0.9602965,0.9632838,0.96246666,0.96246314,0.9604049,0.9662044,0.94510245,0.9622328,0.97028875,0.9633272,0.9693829,0.9587345,0.9657726,0.9838999,0.9641437,0.9678723,0.96881795,0.964402
avengers,0.9780453,0.9567292,0.9688084,0.95461375,0.96072716,0.9601121,0.96296537,0.95805323,0.98045826,0.9563856,0.95996773,0.9621624,0.9567138,0.96349996,0.9614865,0.96322316,0.9598875,0.9619886,0.9999998,0.96265954,0.9646178,0.96278876,0.969211,0.9660589,0.958901,0.9032932,0.9599043,0.95593214,0.9682482,0.9532317,0.9718647,0.9558398,0.95546347,0.9625777,0.95173955,0.93628204,0.95943266,0.9603315,0.96430904,0.95705,0.9585411,0.9610642,0.9547987,0.9618943,0.9647131,0.9663858,0.9669062,0.9599967,0.9472254,0.9636703,0.9716978,0.9644159,0.9633946,0.9576829,0.956405,0.95838624,0.96571153,0.9636902,0.9542599,0.96412617,0.9600348,0.9615572,0.96053374,0.95668685,0.9578464,0.9524741,0.95330024,0.96157235,0.958705,0.9517887,0.9695541,0.77777976,0.95066696,0.96284956,0.9560007,0.9444715,0.92146003,0.9628932,0.955342,0.96201813,0.9556829,0.95827067,0.9614991,0.95359826,0.96273786,0.9578101,0.95517397,0.96860385,0.9656864,0.9662918,0.9623426,0.9695541,0.9600967,0.9594331,0.9608998,0.95744115,0.96312046,0.970384,0.94845504,0.96193624,0.9601739,0.96059144,0.9618946,0.96720755,0.9632322,0.9694962,0.9673698,0.9602488,0.95887893,0.9583691,0.96652675,0.8809937,0.9653497,0.9383131,0.96180236,0.96062344,0.9690727,0.9573169,0.96696746,0.9639352,0.9542197,0.9576899,0.9633774,0.95563143,0.9610959,0.9613991,0.9630658,0.9651412,0.95319325,0.9472188,0.96259934,0.95275587,0.96471703,0.9539045,0.9604941,0.95603144,0.9592024,0.95732653,0.97116786,0.95862603,0.98045826,0.9701697,0.95957136,0.9572275,0.9458201,0.96194947,0.9623496,0.95519423,0.9602475,0.95931774,0.96133745,0.9543184,0.9584627,0.9510498,0.95705885,0.96906793,0.9620363,0.9662525,0.9607675,0.9663412,0.98045826,0.95896155,0.96435684,0.9663842,0.9690069
beachbummovie,0.95711803,0.9531511,0.96201825,0.95063406,0.9606141,0.95542073,0.9566728,0.95069754,0.97484535,0.95352876,0.95272386,0.9573172,0.9516175,0.95714545,0.97570586,0.9530741,0.95530474,0.9630432,0.96265954,1.0000002,0.95773035,0.96368116,0.96006835,0.9658941,0.9547649,0.9045061,0.95287466,0.94667065,0.954599,0.9553886,0.95377827,0.9539124,0.9499605,0.9508759,0.9461904,0.9396135,0.9569761,0.9499565,0.96650004,0.9548504,0.95247734,0.95523226,0.9438538,0.95489186,0.963766,0.9648954,0.95560217,0.96206844,0.9512066,0.9584612,0.9601686,0.9635682,0.9585335,0.9486022,0.9518043,0.9538856,0.95489883,0.95254207,0.94598883,0.9583922,0.95033896,0.95396566,0.9604192,0.9593171,0.9548301,0.95127296,0.94519866,0.95835847,0.94971764,0.95140046,0.9633084,0.7722362,0.9420738,0.9584883,0.9474065,0.9460094,0.9088287,0.9599763,0.94929457,0.9609755,0.9538387,0.95313025,0.9576743,0.94946015,0.95667714,0.95363915,0.94605076,0.9616448,0.9600444,0.9615807,0.95294917,0.9633084,0.9634574,0.9552885,0.95470864,0.96003056,0.94849056,0.97004807,0.944704,0.9548216,0.95581824,0.9563999,0.9456638,0.95869964,0.9634043,0.96141404,0.9587659,0.9577178,0.9503049,0.95762193,0.9587218,0.8742471,0.9543236,0.93593585,0.9534778,0.95011646,0.95867574,0.9540073,0.96491814,0.9559298,0.94993675,0.94812983,0.96113515,0.9598491,0.9578442,0.9497715,0.96452343,0.9519559,0.9483905,0.92773914,0.9582312,0.95014083,0.955569,0.9481998,0.94787484,0.9554827,0.94572115,0.95695406,0.963678,0.96137357,0.97484535,0.9614159,0.9637396,0.95442545,0.949711,0.95532477,0.96164626,0.9526789,0.95311177,0.94634813,0.9561723,0.9536078,0.9580148,0.9354675,0.9577994,0.96372116,0.9543439,0.95799685,0.94492114,0.94905204,0.97484535,0.9550049,0.95958656,0.96017367,0.9591691
bernadettefilm,0.96009606,0.9605431,0.96439743,0.96253747,0.95881575,0.9538594,0.9588574,0.95152074,0.97896105,0.9513303,0.95877975,0.95352536,0.95944655,0.95724624,0.958471,0.96704733,0.9602687,0.9616457,0.9646178,0.95773035,1.0000001,0.9615961,0.96031606,0.9691541,0.9655653,0.90280974,0.9523863,0.9557269,0.9613137,0.9523212,0.95727795,0.9567485,0.9579719,0.9546377,0.950402,0.93319494,0.9588914,0.9605313,0.95817345,0.9651053,0.9577125,0.9579332,0.95374435,0.9672714,0.965689,0.96639365,0.9615967,0.9535255,0.9554188,0.96454716,0.96260506,0.971178,0.9651685,0.9579328,0.96188354,0.9539744,0.95082605,0.95350856,0.95511985,0.96131617,0.95405746,0.9551413,0.9676006,0.9614001,0.9614096,0.9510295,0.9526808,0.96553016,0.9567697,0.94380367,0.9671536,0.7932275,0.9417329,0.9677077,0.9602687,0.9452203,0.91305876,0.96952385,0.95567006,0.9615493,0.95744187,0.9620451,0.963152,0.95329726,0.9618513,0.95997405,0.94839275,0.9692617,0.96278733,0.9641481,0.95843476,0.9671536,0.9646102,0.954634,0.95641106,0.9607514,0.96344805,0.9675626,0.9504839,0.9563847,0.95694524,0.9683032,0.95468324,0.9666532,0.96669525,0.9635416,0.9667361,0.9610938,0.9550351,0.9572016,0.9628397,0.8723488,0.95934105,0.93125325,0.96863693,0.9576571,0.9602738,0.95753735,0.9661405,0.9604407,0.9579991,0.9512259,0.96373945,0.94982576,0.9682709,0.9610786,0.9649351,0.9581225,0.9495981,0.9299024,0.9815921,0.9531,0.96330494,0.95964146,0.9489463,0.9553325,0.95315045,0.96290934,0.9663933,0.95713764,0.97896105,0.96008724,0.9627008,0.9592658,0.95476985,0.9640267,0.96254325,0.95199186,0.96204627,0.9525589,0.9550828,0.9590226,0.959085,0.939464,0.94995475,0.9685633,0.9532372,0.96424043,0.9478691,0.9587396,0.97896105,0.9559771,0.9668397,0.9624282,0.96172374
