movie,21bridgesmovie,47metersdown,abeautifuldaymovie,abominablemovie,adastramovie,adogsjourneymovie,aftermathmovie,aftermovie,ahiddenlifefilm,alitamovie,angelhasfallen,angrybirdsmovie,annabellemovie,annamovie,apollo11movie,arcticdogsmovie,arcticmovie,artofracingmovie,avengers,beachbummovie,bernadettefilm,blackandbluemovie,blackchristmas,blindedbythelightmovie,bombshellmovie,booksmart,breakthroughmovie,brianbanksmovie,brightburnmovie,brittanyrunsmov,captainmarvelofficial,captivestatemovie,catsmovie,charliesangels,childsplaymovie,clarathefilm,coldpursuitmovie,countdown,currentwarmovie,darkwatersmovie,detectivepikachumovie,disneyaladdin,disneyfrozen,disneymaleficent,doctorsleepmovie,dolemiteismyname,dontletgomovie,doramovie,downtonabbey_official,dumbo,escaperoom,everybodyknowsmovie,fastandfuriousmovie,fightingwmyfam,fivefeetapartfilm,fordvferrari,freaksthefilm,geminimanmovie,glassmovie,gloriabellmovie,godzillamovie,goldfinchmovie,goodboysmovie,goodliarmovie,gretafilm,halathemovie,happydeathdaymovie,harrietfilm,hellboymovie,hersmellmovie,highlifemovie,highstrungmovie,honeyboymovie,hotelmumbaifilm,httydragon,hustlemovie,hustlersmovie,isntitromantic,itmovieofficial,jayandsilentbob,johnwickmovie,jojorabbitmovie,jokermovie,judythefilm,jumanjimovie,justmercyfilm,knivesout,lalloronamovie,lastblackmansf,lastchristmasthemovie,latenightmovie,lighthousemovie,lionking,littlethemovie,littlewomenmovie,littlewoodsfilm,longshotmovie,lordsofchaosmovie,lucyintheskyfilm,mamovie2019,marriagestory,meettheaddams,meninblack,midsommarmovie,midwaymovie,missbalamovie,missinglinkfilm,motherlessbklyn,onceinhollywood,onthebasisofsex,overcomermovie,peanutbutterfalcon,petsematarymovie,piercingmovie,playingwithfire,playmobilthemovie,pomsmovie,queenandslim,rambomovie,readyornotfilm,richardjewellfilm,rocketmanmovie,scarystoriesmovie,secretlifeofpets,serenityfilm,shaftmovie,shazammovie,spidermanmovie,spiesindisguise,starwars,stormboymovie,stubermovie,taosdfilm,teenspiritmov,terminator,theaeronautsmov,thebestofenemies,thedeaddontdie,thefarewell,thehighwaymen,thehummingbirdprojectfilm,theintrudermovie,theirishmanfilm,thekitchenmovie,thelegomovie,themustangfilm,thenightingalefilm,theprodigymovie,thesunisalsoastar,theupsidefilm,tolkienmovie,toystory,triplefrontier,uglydolls,uncutgems,underthesilverlake,usmovie,wavesmovie,whatmenwant,wonderparkmovie,wrinklestheclown,xmenmovies,yardiefilm,yesterdaymovie,zombieland
21bridgesmovie,1.0,0.9302202,0.97249776,0.94462,0.97554016,0.96319413,0.9835134,0.9854568,0.99151945,0.97533953,0.9781364,0.90101945,0.9817642,0.9897124,0.9759203,0.98620576,0.9711124,0.97555965,0.9839913,0.95809036,0.97236365,0.96805286,0.9823683,0.9677448,0.97221065,0.80716777,0.95060456,0.9771527,0.9823363,0.9535545,0.98326236,0.97686136,0.96488655,0.9218266,0.9206616,0.866748,0.98258996,0.9868771,0.9869822,0.96842265,0.9609972,0.9714035,0.9459249,0.97958034,0.98161274,0.97422427,0.9845469,0.9472903,0.9654113,0.9790997,0.98588777,0.98106945,0.9753598,0.9560608,0.9411401,0.9669915,0.9802918,0.9771792,0.9755648,0.9599284,0.9720838,0.9816093,0.96832424,0.97892284,0.9734975,0.9660374,0.9652813,0.9796495,0.9693908,0.9571452,0.97024304,0.5026596,0.92433643,0.9735316,0.88363546,0.96099406,0.7747658,0.95660883,0.9804203,0.9616777,0.97398245,0.9797058,0.9826971,0.95105433,0.9785871,0.97094285,0.9696129,0.9834111,0.95687175,0.97025305,0.97215784,0.97024304,0.94538635,0.9679875,0.9818351,0.98241377,0.95939183,0.98480546,0.96289325,0.9513581,0.980954,0.9800284,0.95095336,0.9750597,0.961301,0.98328596,0.98000467,0.97429377,0.96039486,0.9639461,0.9856724,0.93888956,0.97783685,0.89062375,0.9715291,0.9849681,0.9952235,0.94827086,0.98351353,0.97212654,0.96611416,0.97063535,0.9773858,0.9459748,0.9745581,0.98629147,0.9763655,0.9614443,0.96647954,0.91602314,0.9637429,0.9580744,0.98826295,0.9453473,0.9811485,0.9692569,0.9779842,0.97635883,0.9640616,0.97747666,0.99151945,0.9703389,0.9596604,0.9657633,0.95734906,0.9761702,0.9604099,0.92904186,0.9649029,0.97149134,0.98009133,0.97927326,0.96885806,0.95334,0.96059376,0.94707865,0.97541654,0.9596681,0.96929413,0.9763775,0.99151945,0.95687044,0.98129916,0.9856132,0.9782064
47metersdown,0.9302202,0.99999994,0.92353714,0.83455604,0.9275751,0.90823495,0.92216885,0.94082916,0.93934435,0.95729506,0.898368,0.7964646,0.9189465,0.9389295,0.9379469,0.93506557,0.9046816,0.9405409,0.92947775,0.955972,0.92415094,0.9353981,0.9121254,0.9318891,0.926571,0.7648894,0.89833176,0.9163099,0.93229735,0.92500395,0.9194163,0.9211192,0.9025567,0.7874777,0.8833892,0.7644438,0.9351574,0.9174966,0.916107,0.9104511,0.9172607,0.94283384,0.91033804,0.9512492,0.91873664,0.9302175,0.9089141,0.88579935,0.9411335,0.95340663,0.93150437,0.9351447,0.91720533,0.9083622,0.9555685,0.9079734,0.9310279,0.9340605,0.9437805,0.89311284,0.9144967,0.9465297,0.920703,0.9405915,0.9291043,0.8721167,0.8938184,0.9438611,0.9281316,0.94448787,0.91249263,0.41700402,0.84638405,0.91416126,0.75427663,0.90751565,0.5899961,0.92044896,0.9250907,0.96259475,0.93224573,0.9361446,0.9406387,0.83053577,0.9319563,0.93238175,0.949674,0.9081767,0.86165565,0.9077735,0.9583115,0.91249263,0.870766,0.93284315,0.9272683,0.9141442,0.9363708,0.94732034,0.9278934,0.8631583,0.9308936,0.9280492,0.87355274,0.9143013,0.9133004,0.91500795,0.93504226,0.94532883,0.9223668,0.88513,0.9359894,0.8706682,0.9477727,0.77562195,0.9143417,0.9548795,0.91950256,0.85143155,0.93467337,0.91526425,0.9213027,0.9340268,0.9373761,0.86476016,0.90306157,0.93578196,0.9192792,0.8638685,0.93047726,0.87702215,0.9349738,0.9382471,0.9197383,0.89931715,0.95069814,0.9438558,0.9126298,0.9012639,0.8960093,0.94803715,0.93934435,0.9208997,0.9334589,0.93479764,0.9367837,0.93844354,0.89711046,0.8743179,0.9445573,0.91365606,0.9260545,0.9508288,0.94849545,0.9101583,0.9134038,0.8874645,0.92585164,0.88233745,0.9369434,0.94473845,0.93934435,0.8788646,0.9165714,0.91626877,0.93901515
abeautifuldaymovie,0.97249776,0.92353714,0.9999999,0.95083207,0.9559101,0.94542795,0.9796846,0.95902675,0.9815133,0.9537227,0.96822727,0.91997683,0.98076725,0.9769753,0.9557802,0.9716107,0.96475154,0.9508249,0.970217,0.93197787,0.96769106,0.984858,0.9724659,0.9802429,0.96190435,0.7766808,0.9480267,0.9805113,0.98701066,0.9438096,0.9811479,0.9699368,0.9333208,0.91027904,0.87656313,0.8129858,0.97623163,0.96695405,0.9649994,0.9694312,0.9432768,0.9620399,0.94136614,0.95509535,0.96493596,0.9760448,0.9732304,0.92186385,0.9425269,0.96296644,0.9853468,0.97214824,0.9661851,0.95460093,0.95066565,0.95654964,0.9655799,0.97558135,0.9716178,0.94659984,0.9437467,0.9747102,0.9647881,0.97699076,0.9743011,0.9571523,0.95154756,0.9780596,0.9796424,0.93184066,0.9646574,0.5662214,0.9404182,0.9699607,0.8722723,0.9506253,0.7772381,0.95401,0.9607693,0.9443238,0.9761009,0.9806174,0.975146,0.9328831,0.96237266,0.9728848,0.9607571,0.9849903,0.957537,0.947421,0.9552449,0.9646574,0.9434736,0.9591928,0.9939381,0.95328313,0.9579806,0.95935273,0.97714406,0.9436325,0.9790496,0.98065215,0.9540473,0.9817304,0.93856114,0.9780649,0.97474384,0.97715324,0.9796152,0.9576121,0.98461163,0.9183374,0.9621565,0.8673909,0.9571203,0.980294,0.9753951,0.9413224,0.9828039,0.9779369,0.9318287,0.9671604,0.97762,0.9446405,0.9628925,0.96533585,0.9831224,0.95330244,0.95743704,0.8988648,0.96230185,0.93595713,0.9740188,0.91550004,0.9728417,0.95797527,0.96564835,0.96367466,0.9539756,0.9478875,0.9815133,0.9824179,0.9703529,0.96968406,0.969885,0.9615658,0.9119,0.89549875,0.96927804,0.9427493,0.97773355,0.97362846,0.95816505,0.92544883,0.964775,0.92942095,0.9589941,0.9679377,0.9628681,0.94966936,0.9815133,0.9337345,0.94816774,0.972159,0.9726792
abominablemovie,0.94462,0.83455604,0.95083207,0.9999999,0.9297831,0.9401772,0.955204,0.92706406,0.94849074,0.930712,0.9496899,0.9591595,0.9669447,0.94245535,0.91087496,0.92561483,0.9542407,0.9011145,0.90904075,0.87622267,0.9443327,0.9393281,0.9522805,0.9331022,0.9299737,0.71439886,0.9372529,0.94966686,0.93822944,0.8947952,0.93931836,0.93876785,0.9162959,0.95266527,0.85178953,0.8420552,0.9539112,0.9424514,0.94641066,0.9353812,0.8903329,0.89607507,0.89432585,0.9028963,0.948914,0.9548688,0.9537469,0.938391,0.89203084,0.8970582,0.94458574,0.9322885,0.93661106,0.9162983,0.88166577,0.9502619,0.9191098,0.9336143,0.9233819,0.95119023,0.9223961,0.93725777,0.94078314,0.92577904,0.9380133,0.93161225,0.9010172,0.91992795,0.92899245,0.8702971,0.9545181,0.57000035,0.94611424,0.9511778,0.9463904,0.915549,0.8587115,0.9041471,0.92115223,0.9067036,0.92914414,0.944132,0.94124466,0.95451415,0.9520158,0.93198186,0.9296388,0.976311,0.97293323,0.9421692,0.8839742,0.9545181,0.9112197,0.89808553,0.9580731,0.9319007,0.886282,0.9264949,0.93398607,0.9498958,0.9520884,0.94792986,0.9647088,0.96755505,0.92274874,0.9500508,0.9254604,0.90983266,0.9383432,0.96138936,0.94235295,0.8987626,0.9140447,0.8871903,0.940045,0.92916256,0.9600746,0.97351503,0.94943327,0.95850843,0.89486456,0.9212661,0.9442126,0.90703887,0.9597519,0.9286861,0.9569001,0.92157257,0.92287534,0.86559975,0.9259887,0.9093873,0.943877,0.8794859,0.92255324,0.91020286,0.951624,0.9416965,0.96735966,0.90264165,0.94849074,0.9363479,0.9354549,0.9008935,0.89576733,0.9219141,0.89073825,0.877851,0.89300126,0.92726254,0.94721234,0.91155887,0.91566586,0.8886583,0.9357513,0.9432187,0.91391754,0.9734938,0.9136296,0.9082642,0.94849074,0.9015575,0.9329388,0.9470463,0.9191449
adastramovie,0.97554016,0.9275751,0.9559101,0.9297831,0.99999994,0.9580499,0.9772403,0.97734463,0.98281807,0.9810199,0.9599503,0.883625,0.9773832,0.9890607,0.9534291,0.9708598,0.98223203,0.9852778,0.96757966,0.9375066,0.9786531,0.96010697,0.97949106,0.95437396,0.9494051,0.7968314,0.9389185,0.974858,0.9734526,0.95733774,0.9655155,0.9707596,0.95992297,0.9231445,0.9018564,0.848281,0.9681959,0.97755617,0.97915226,0.96390057,0.9507206,0.9445542,0.91334003,0.95507056,0.97969973,0.9669477,0.9788019,0.95203257,0.9497819,0.9491797,0.971832,0.9733394,0.9761293,0.9430727,0.92799175,0.9778571,0.96569866,0.96062696,0.95779467,0.9466371,0.95895016,0.96033436,0.96053904,0.97672737,0.96833616,0.9530123,0.96051604,0.9754912,0.9594404,0.9566642,0.95814145,0.4589987,0.92971486,0.96938914,0.90777516,0.95360744,0.72367054,0.96021247,0.96683675,0.96939194,0.96025217,0.9622312,0.9803008,0.93841064,0.97582257,0.93912125,0.9635155,0.97227204,0.94340533,0.9683668,0.96100247,0.95814145,0.9070788,0.96332306,0.9644747,0.9699756,0.9287381,0.9643595,0.95960337,0.9685025,0.96511483,0.9559717,0.9522632,0.96323454,0.97304016,0.9667704,0.9641217,0.96551234,0.94051903,0.9474657,0.96877044,0.93958527,0.9681091,0.8835722,0.9535435,0.96533847,0.96924645,0.9562999,0.9754119,0.9686059,0.9756225,0.9549925,0.96043706,0.9488201,0.9761527,0.98200464,0.96800804,0.94267994,0.9761308,0.9028676,0.96899754,0.97513086,0.9765531,0.94296765,0.9683179,0.96740717,0.9572685,0.9776922,0.95832694,0.9745406,0.98281807,0.9563631,0.9464092,0.95717573,0.94358635,0.97276646,0.9481217,0.90889007,0.95284575,0.9561283,0.97318643,0.96275896,0.97474027,0.9299724,0.9475632,0.9407232,0.95255834,0.9388049,0.95911366,0.9679597,0.98281807,0.9573881,0.97384876,0.97636527,0.9594927
adogsjourneymovie,0.96319413,0.90823495,0.94542795,0.9401772,0.9580499,1.0,0.96506757,0.95944744,0.96769553,0.96037775,0.9450179,0.8823446,0.9684433,0.96388197,0.94568354,0.95117986,0.96072716,0.9497982,0.9397172,0.92955047,0.95843846,0.93390274,0.95756406,0.932473,0.9484746,0.80890936,0.9190243,0.96051323,0.949913,0.925057,0.94878554,0.9603356,0.9295449,0.91951114,0.915612,0.85374326,0.9535213,0.9580316,0.97674197,0.95531654,0.94049674,0.9308386,0.897977,0.9388779,0.96984416,0.9510354,0.9576146,0.9360117,0.9396471,0.9309848,0.9573068,0.9456644,0.95352054,0.935332,0.9214476,0.9586718,0.9616299,0.95512414,0.9484396,0.937965,0.9524629,0.9554562,0.9453227,0.9547555,0.9520876,0.94648796,0.9475418,0.9377314,0.9575318,0.94334924,0.958397,0.5366345,0.9344007,0.9764506,0.8906702,0.9081301,0.7757178,0.9207853,0.9638047,0.9605628,0.9420367,0.94608015,0.96527517,0.9123824,0.9771088,0.9492399,0.95801806,0.96568465,0.96171737,0.9576428,0.9349179,0.958397,0.8903391,0.9510083,0.96050256,0.95626205,0.9148521,0.9563011,0.9630932,0.92186373,0.95363945,0.9521279,0.9601098,0.9693149,0.95271814,0.9540025,0.95286924,0.9383449,0.915711,0.9665912,0.95953816,0.92019373,0.9431587,0.9221439,0.9345596,0.96010625,0.9734412,0.9506906,0.9588136,0.95842,0.94556665,0.94852906,0.96383756,0.9472977,0.9660917,0.96334755,0.96008545,0.9250322,0.95097274,0.8813083,0.9297093,0.94797593,0.96716166,0.88634986,0.95803154,0.9568124,0.96810776,0.951489,0.9589361,0.95819455,0.96769553,0.93207574,0.9289623,0.93173814,0.9049994,0.9426069,0.9271369,0.9298964,0.93803066,0.966435,0.9622557,0.9411397,0.9386618,0.92760986,0.93287647,0.9426784,0.9280903,0.94947183,0.95753163,0.9479762,0.96769553,0.9241819,0.95708555,0.96835065,0.94576716
aftermathmovie,0.9835134,0.92216885,0.9796846,0.955204,0.9772403,0.96506757,0.9999998,0.9790195,0.99339765,0.9690393,0.9838034,0.9201717,0.98140454,0.98470855,0.9694002,0.9817705,0.9688749,0.97082776,0.97172064,0.9394403,0.9768209,0.97466123,0.9765627,0.9724278,0.9723553,0.81142956,0.9500673,0.98637813,0.9850039,0.9603943,0.9861826,0.98288065,0.9426312,0.9293436,0.91563493,0.87155306,0.98222727,0.9752824,0.9805521,0.97054464,0.95890796,0.9590568,0.93879163,0.9622607,0.97316957,0.9766214,0.9803229,0.9546438,0.95619255,0.96444046,0.98934835,0.98539126,0.96950316,0.96093875,0.9331341,0.97883695,0.9741191,0.9751433,0.9679351,0.96507716,0.9725088,0.9760592,0.9736467,0.9810239,0.9820924,0.96781445,0.9590616,0.9829418,0.97990745,0.9493373,0.97746855,0.5509226,0.94747347,0.9814183,0.90845877,0.951214,0.79733545,0.9558046,0.97006965,0.9603758,0.97841364,0.9812592,0.98424536,0.957675,0.97220397,0.97007775,0.9686066,0.98803806,0.96644384,0.9749704,0.96559405,0.97746855,0.95026016,0.9698278,0.98487973,0.9737792,0.9579086,0.9684323,0.98379683,0.95872957,0.97818124,0.9790258,0.9586367,0.9828667,0.9676556,0.987014,0.97995794,0.97493935,0.96432954,0.9757422,0.982401,0.9590886,0.9661789,0.9067251,0.96532667,0.98200035,0.98637074,0.9625911,0.98532826,0.99194264,0.96452016,0.9691261,0.97633123,0.94802433,0.9743188,0.98346156,0.9852057,0.96259373,0.9679742,0.9132587,0.9632335,0.96296144,0.99020964,0.93020177,0.97547793,0.97103244,0.9748743,0.9843862,0.96937656,0.9724179,0.99339765,0.97260386,0.96810097,0.96483475,0.9437295,0.98189324,0.9424104,0.9179804,0.970465,0.961353,0.99154764,0.97279,0.9714144,0.94435483,0.9712247,0.95466715,0.96431655,0.96984303,0.9715006,0.96318346,0.99339765,0.9517438,0.9682273,0.97888684,0.9809844
aftermovie,0.9854568,0.94082916,0.95902675,0.92706406,0.97734463,0.95944744,0.9790195,0.99999994,0.9886537,0.9794051,0.96030176,0.8919255,0.9689315,0.9824063,0.98364097,0.9788052,0.9641494,0.9848073,0.96838814,0.965837,0.9676905,0.95722395,0.97654355,0.97321755,0.9697792,0.81256276,0.93367887,0.97758913,0.97476256,0.9533234,0.96555346,0.9758251,0.95506287,0.90335757,0.9137059,0.8455525,0.970975,0.96501666,0.97617036,0.9579471,0.9490246,0.9625136,0.95447105,0.9805861,0.9807453,0.96360666,0.97305435,0.9434115,0.9775857,0.9723324,0.9755755,0.9779226,0.9584948,0.95526326,0.9314696,0.9679521,0.97001904,0.9686378,0.96233237,0.963318,0.9775368,0.9642855,0.97735447,0.9677152,0.9789772,0.9442514,0.9576486,0.975136,0.9677479,0.949373,0.97152233,0.49450502,0.90922624,0.9739107,0.86350846,0.96371704,0.7397624,0.96279526,0.9665145,0.95942074,0.9642917,0.97740245,0.9771543,0.9356092,0.9756693,0.9650628,0.97606015,0.97011024,0.9399245,0.9698184,0.9590926,0.97152233,0.9233818,0.9696206,0.96832925,0.9774887,0.9541112,0.9739677,0.955064,0.9424963,0.96859235,0.9750731,0.94141287,0.9694065,0.9570882,0.9683308,0.9881314,0.96023023,0.9524693,0.95742774,0.98153585,0.94818115,0.9697369,0.8781064,0.94992137,0.9801802,0.979685,0.93248165,0.98527116,0.96842456,0.9634119,0.9611311,0.9670749,0.944182,0.96518385,0.9796876,0.9659978,0.9279074,0.96227384,0.88667727,0.96537375,0.97732055,0.98273164,0.94595295,0.97491866,0.9686106,0.954209,0.9644019,0.9669586,0.97938824,0.9886537,0.9547539,0.9486304,0.947971,0.94226605,0.9765382,0.94681114,0.92151743,0.96009314,0.9759625,0.96494925,0.9714073,0.9787921,0.9366913,0.9576838,0.9626869,0.9588005,0.9521601,0.9649654,0.9684737,0.9886537,0.9394245,0.9774008,0.9802273,0.96797806
ahiddenlifefilm,0.99151945,0.93934435,0.9815133,0.94849074,0.98281807,0.96769553,0.99339765,0.9886537,1.0,0.9803105,0.9785993,0.90877134,0.98736846,0.9917774,0.9839128,0.99014944,0.97558373,0.98122907,0.98075396,0.9609924,0.978931,0.97503066,0.9881737,0.98503053,0.9764711,0.81678236,0.9589587,0.98611885,0.98796767,0.9688602,0.98703575,0.98581904,0.9634803,0.9250141,0.925346,0.8616647,0.9902084,0.9811937,0.983519,0.97216487,0.96833503,0.9702854,0.9503158,0.977837,0.98643416,0.9821772,0.98832,0.957753,0.96832573,0.97684336,0.98761487,0.99334586,0.97399247,0.9644793,0.94570196,0.9821781,0.983256,0.98186237,0.97956884,0.974923,0.9781014,0.977709,0.9847785,0.98634005,0.98982346,0.9696316,0.9694949,0.9889484,0.98160017,0.96464646,0.9855937,0.5247036,0.9436018,0.9845353,0.8890279,0.9627314,0.77389747,0.9703807,0.9821935,0.96777034,0.97598284,0.98686606,0.9918208,0.9461701,0.9822391,0.97614336,0.9831779,0.9895509,0.966399,0.98061556,0.97215784,0.9855937,0.94651425,0.98262364,0.9875953,0.98253083,0.9631272,0.9840689,0.9781892,0.9603354,0.9872295,0.9837302,0.96158105,0.9838916,0.96719116,0.9828746,0.9885878,0.9798942,0.9744542,0.97366625,0.99399,0.96040183,0.9766833,0.88764024,0.97015035,0.9888022,0.9901007,0.95474064,0.99022245,0.98616296,0.9732656,0.97734845,0.9844142,0.95128626,0.9808421,0.9930341,0.9848843,0.9522648,0.9713215,0.92004865,0.9751782,0.9730715,0.9924895,0.9450014,0.9853383,0.9803574,0.97368073,0.9847288,0.9767836,0.98424107,1.0,0.97134745,0.9721485,0.9714066,0.9605459,0.9867997,0.95014966,0.9316933,0.97687376,0.9756393,0.98426837,0.97845995,0.98511654,0.9554741,0.97952074,0.96448576,0.97787946,0.96852547,0.9782046,0.9728676,1.0,0.9547451,0.98571324,0.98728955,0.9771598
alitamovie,0.97533953,0.95729506,0.9537227,0.930712,0.9810199,0.96037775,0.9690393,0.9794051,0.9803105,0.99999994,0.95393896,0.8857816,0.9745745,0.978151,0.9674567,0.9655327,0.9678039,0.9704781,0.9574776,0.955746,0.964735,0.9560951,0.96982414,0.95871973,0.9525028,0.764114,0.9415932,0.9629535,0.96353954,0.9576238,0.9600775,0.9624573,0.955021,0.9048496,0.91050845,0.8349855,0.9773904,0.9697687,0.96976715,0.95565903,0.94014984,0.9421504,0.92163557,0.9652954,0.97855777,0.9693467,0.9666992,0.95821387,0.96665996,0.9554612,0.967845,0.97353345,0.95571864,0.9366929,0.93948126,0.96935695,0.97049344,0.95520693,0.96381885,0.9626164,0.9532659,0.96455,0.9676374,0.9621599,0.9679597,0.92765856,0.93847674,0.966389,0.95297617,0.96305865,0.9639498,0.46726128,0.92839414,0.9672485,0.88090765,0.94038993,0.71204275,0.95276755,0.96384865,0.97881263,0.96097344,0.9706629,0.97389495,0.9176609,0.9813567,0.94730705,0.9800271,0.969792,0.93803877,0.9734196,0.9564894,0.9639498,0.90506285,0.9578315,0.9646561,0.969615,0.9326194,0.97432166,0.95326525,0.95109034,0.97445184,0.95870864,0.95380706,0.9657842,0.97245055,0.95797557,0.9625104,0.95380896,0.952313,0.9508578,0.9670879,0.93180823,0.9720364,0.847967,0.95555544,0.97803724,0.9719504,0.9430843,0.96974474,0.96291393,0.9596089,0.9504094,0.9682695,0.9153256,0.9722214,0.97809845,0.9614456,0.918921,0.9608312,0.8978656,0.9637178,0.97290045,0.9683494,0.9396839,0.96543264,0.97436446,0.9639965,0.9612652,0.96317095,0.97717696,0.9803105,0.9519577,0.96336126,0.94371396,0.93790394,0.9735622,0.9489631,0.9145651,0.9464785,0.9647606,0.96233094,0.95719993,0.9783282,0.9336636,0.955384,0.95476747,0.95313334,0.94062954,0.9617388,0.976315,0.9803105,0.9305733,0.9729715,0.9635929,0.96428186
angelhasfallen,0.9781364,0.898368,0.96822727,0.9496899,0.9599503,0.9450179,0.9838034,0.96030176,0.9785993,0.95393896,1.0000001,0.9166478,0.96970844,0.97379744,0.9613569,0.974402,0.9484315,0.9501963,0.96241945,0.9228681,0.9634151,0.95634377,0.95829713,0.95506626,0.9572898,0.7913617,0.9323547,0.96454585,0.9746028,0.93609375,0.97261673,0.9649426,0.92709917,0.94182897,0.89447033,0.88187784,0.97115594,0.96438533,0.979766,0.9545976,0.9402045,0.9576088,0.9529447,0.9647667,0.95646185,0.9601192,0.969202,0.9339833,0.9462822,0.9644627,0.9778996,0.966613,0.9572944,0.95191675,0.90106374,0.9575778,0.95128,0.9584851,0.9497527,0.943303,0.95746565,0.96404,0.96084106,0.9673196,0.96150225,0.96481425,0.9379994,0.9688488,0.96409696,0.9308123,0.9563169,0.5465178,0.9298368,0.96214765,0.8987161,0.9398062,0.8114498,0.9379345,0.9510888,0.92811936,0.9804418,0.9567918,0.96634024,0.9596856,0.96010387,0.9640572,0.9466092,0.9782482,0.9542687,0.9725915,0.94928664,0.9563169,0.9582794,0.9554188,0.96759766,0.9702429,0.95691293,0.95998085,0.9690951,0.9453309,0.9647193,0.9641196,0.9411377,0.9685383,0.9503619,0.98166305,0.9580717,0.9640264,0.9555557,0.9726186,0.967707,0.93539715,0.9421526,0.8953884,0.9607689,0.9743122,0.98026264,0.9542495,0.97232234,0.9665911,0.96159285,0.9395015,0.9537408,0.93867826,0.958022,0.976477,0.96795934,0.9663294,0.9596162,0.9127806,0.9516318,0.93930215,0.97107863,0.9351571,0.95012367,0.9434707,0.9653795,0.9664387,0.9508689,0.954578,0.9785993,0.9638833,0.9554227,0.94709057,0.93629444,0.96593297,0.9529463,0.89054996,0.9477642,0.94420135,0.9767523,0.9677011,0.9482294,0.9442572,0.9514788,0.9353249,0.95587856,0.959271,0.9392969,0.93881184,0.9785993,0.94086826,0.9553472,0.96712786,0.9679772
angrybirdsmovie,0.90101945,0.7964646,0.91997683,0.9591595,0.883625,0.8823446,0.9201717,0.8919255,0.90877134,0.8857816,0.9166478,1.0000001,0.91894716,0.9023625,0.88252,0.8874958,0.9112214,0.8482811,0.86891747,0.8443936,0.8887341,0.9099873,0.90682375,0.916951,0.8879367,0.6317798,0.8650678,0.91902006,0.9079679,0.86462456,0.9077723,0.9065688,0.8594716,0.8965027,0.7628704,0.796507,0.91194963,0.8977161,0.90328765,0.930683,0.80782455,0.8368846,0.88112634,0.8649982,0.9027553,0.89544445,0.90822035,0.8910243,0.86250585,0.8547927,0.91185564,0.90088946,0.86491674,0.85824853,0.8143821,0.90428793,0.8704892,0.866261,0.86109054,0.92728746,0.86056924,0.8863782,0.90634406,0.87682736,0.8935761,0.8643311,0.83961874,0.8905113,0.9032917,0.80540353,0.9330462,0.61470205,0.88523877,0.9057072,0.925799,0.8914032,0.88397145,0.88755465,0.875729,0.83907825,0.88881624,0.91100705,0.8828332,0.9287623,0.90167576,0.8782496,0.8802534,0.9354064,0.91437775,0.88992995,0.82723844,0.9330462,0.8597287,0.85235506,0.91652495,0.8986468,0.84654117,0.8662258,0.9013438,0.90973276,0.90077347,0.91172093,0.900338,0.9499186,0.8966449,0.9120051,0.8820035,0.8564565,0.91750985,0.9425762,0.8975494,0.86128694,0.8532893,0.8372001,0.8639406,0.89607847,0.9191171,0.92030364,0.91486967,0.9100557,0.84873563,0.84898925,0.9009249,0.8438973,0.92910093,0.8859912,0.9293975,0.8837268,0.8688137,0.81640023,0.8644309,0.8580166,0.9137507,0.8261875,0.861684,0.8552391,0.8919738,0.90017503,0.94459075,0.84932727,0.90877134,0.91177446,0.89013684,0.8428225,0.8478392,0.9087665,0.8714522,0.7773618,0.8394235,0.8798938,0.9054525,0.87310946,0.869044,0.86816126,0.91763407,0.9235784,0.84697545,0.9559903,0.8630768,0.84376186,0.90877134,0.82912475,0.88346857,0.8954426,0.8871154
annabellemovie,0.9817642,0.9189465,0.98076725,0.9669447,0.9773832,0.9684433,0.98140454,0.9689315,0.98736846,0.9745745,0.96970844,0.91894716,1.0,0.9865312,0.95671576,0.9725956,0.9808443,0.9644694,0.96641886,0.94419825,0.97613794,0.9762689,0.989586,0.9687187,0.9656062,0.7967519,0.9644607,0.97897804,0.9840697,0.9633557,0.97693443,0.9751862,0.9715195,0.9480132,0.90308255,0.85388565,0.9815618,0.988975,0.9856853,0.9753696,0.950662,0.9533696,0.9237198,0.9593864,0.9852159,0.9819266,0.9915134,0.95565325,0.9456969,0.95528316,0.9810356,0.97707033,0.9793414,0.9497771,0.9427306,0.97384197,0.9719917,0.97609365,0.9745475,0.9591089,0.95204335,0.9751848,0.9716691,0.982664,0.9715211,0.96856666,0.96549875,0.9717188,0.9671282,0.9425201,0.9704014,0.54036456,0.955288,0.9819051,0.9088322,0.9509433,0.78924465,0.9668225,0.9702999,0.9625399,0.9638723,0.9805211,0.98810685,0.9492084,0.98671746,0.9651353,0.9681054,0.9917408,0.97030824,0.9662321,0.95828885,0.9704014,0.92459756,0.95661926,0.9874014,0.9682814,0.93321586,0.9703923,0.97647315,0.97028124,0.982461,0.97404295,0.9762454,0.9801725,0.9663548,0.97790873,0.969821,0.9673465,0.9687923,0.9705588,0.984463,0.9308381,0.97045505,0.88387066,0.963796,0.97622895,0.9846501,0.96433824,0.9814105,0.97756964,0.9611403,0.9680225,0.97629774,0.94937915,0.9792932,0.97841376,0.9771987,0.9528946,0.9668354,0.9125394,0.9713087,0.95802563,0.9793471,0.93288785,0.9764981,0.97330844,0.97606474,0.9758294,0.9679444,0.9667093,0.98736846,0.9736058,0.9639427,0.9639057,0.9613956,0.9701758,0.94138145,0.9134633,0.95708364,0.96523535,0.97866404,0.96422726,0.9727763,0.9438439,0.95975107,0.94630474,0.96550584,0.9595437,0.96533996,0.96146065,0.98736846,0.9454316,0.97722656,0.98429483,0.9639903
annamovie,0.9897124,0.9389295,0.9769753,0.94245535,0.9890607,0.96388197,0.98470855,0.9824063,0.9917774,0.978151,0.97379744,0.9023625,0.9865312,1.0000001,0.9707345,0.984773,0.98177874,0.9816708,0.9828039,0.9471997,0.9840284,0.9782534,0.98456013,0.9718578,0.9624102,0.8112691,0.94951737,0.98600495,0.9897611,0.9532358,0.9838477,0.98442,0.96130633,0.92750067,0.9102496,0.8503571,0.97721654,0.98412395,0.9888445,0.97427344,0.96137047,0.96590745,0.9424004,0.96997344,0.9813519,0.9739209,0.98611724,0.95305854,0.9621939,0.9674655,0.9883276,0.98108286,0.98360056,0.96676445,0.94654346,0.9761293,0.9752077,0.97834146,0.9740282,0.9533685,0.96836704,0.97471255,0.9660073,0.9907604,0.97914153,0.96737456,0.96591187,0.983577,0.97934383,0.95962375,0.9686532,0.5016524,0.93544585,0.97745365,0.8997501,0.96598077,0.75453836,0.9631585,0.9746709,0.9664766,0.9750694,0.97467,0.9888901,0.9536817,0.9809509,0.9648854,0.96648824,0.98416144,0.9550011,0.96867007,0.97383165,0.9686532,0.9313863,0.9699304,0.9836368,0.9816705,0.9525155,0.97470045,0.9706556,0.96258134,0.9779119,0.97176665,0.9609104,0.97808796,0.96727085,0.98669314,0.9788289,0.9814094,0.9580302,0.96087354,0.9867387,0.93776566,0.97671866,0.8857875,0.96059394,0.9800551,0.98547095,0.95744294,0.9850941,0.9772877,0.97191894,0.96859926,0.97892207,0.9593338,0.9805876,0.98630184,0.9809846,0.9582792,0.97687167,0.9131406,0.97138315,0.9717726,0.9863791,0.95210004,0.9835246,0.96792966,0.9748072,0.98117656,0.9632375,0.97566974,0.9917774,0.9773074,0.96036726,0.9726293,0.9614754,0.9749015,0.943107,0.9228381,0.9705209,0.9602019,0.9826957,0.9771688,0.97561616,0.94427216,0.9579052,0.9439853,0.97059757,0.9605748,0.9721875,0.97003794,0.9917774,0.9624228,0.97398835,0.9885744,0.97418237
apollo11movie,0.9759203,0.9379469,0.9557802,0.91087496,0.9534291,0.94568354,0.9694002,0.98364097,0.9839128,0.9674567,0.9613569,0.88252,0.95671576,0.9707345,1.0,0.9784205,0.93598914,0.9651014,0.9655022,0.9641022,0.9482182,0.94371295,0.9602731,0.979376,0.9559112,0.8108322,0.9272474,0.96037847,0.96593124,0.94167006,0.9658798,0.97496736,0.9360561,0.89206165,0.91581327,0.83260053,0.97040594,0.9479487,0.96152323,0.9460446,0.9532571,0.95726115,0.9658234,0.98114455,0.96281123,0.9492221,0.9580288,0.93876284,0.9779946,0.97347486,0.96646404,0.98039794,0.9329694,0.9581703,0.9204217,0.95595014,0.9698638,0.95601124,0.9634973,0.96789795,0.97159255,0.9468474,0.9741937,0.96247435,0.9799071,0.9357019,0.94206667,0.9680799,0.9671781,0.95926607,0.9752343,0.531594,0.90636563,0.95866996,0.8290084,0.94521284,0.73969746,0.95604324,0.96303886,0.9387011,0.96373874,0.9666866,0.9666108,0.9167832,0.96174973,0.9686506,0.96866435,0.9628134,0.9372981,0.97580165,0.9486733,0.9752343,0.9380416,0.9810085,0.9615169,0.97944266,0.9672877,0.97559464,0.950711,0.9208419,0.9679515,0.9644531,0.93501174,0.9606516,0.93883514,0.9606948,0.9824079,0.9585568,0.9585487,0.9560619,0.9807179,0.9604608,0.9530289,0.84669095,0.9394343,0.97917956,0.97032094,0.91256374,0.9697014,0.9600167,0.95792097,0.94731,0.96680284,0.9277407,0.9587309,0.98225117,0.95563215,0.9140484,0.93639314,0.90073425,0.9516123,0.96411496,0.97407454,0.944036,0.96213096,0.95582235,0.9493843,0.9531435,0.9592973,0.97333956,0.9839128,0.948386,0.95366514,0.94578356,0.93530166,0.9746353,0.9397049,0.92228234,0.96554357,0.9625425,0.95221883,0.9630336,0.9734558,0.950492,0.96678466,0.96463245,0.96570826,0.9507666,0.96309817,0.9515047,0.9839128,0.928863,0.9724007,0.9622795,0.9574642
arcticdogsmovie,0.98620576,0.93506557,0.9716107,0.92561483,0.9708598,0.95117986,0.9817705,0.9788052,0.99014944,0.9655327,0.974402,0.8874958,0.9725956,0.984773,0.9784205,0.99999994,0.9589185,0.98023146,0.97886693,0.960562,0.9760607,0.9718574,0.9703422,0.9738566,0.9804331,0.84067243,0.9511612,0.97131777,0.9832839,0.9534073,0.98122185,0.97579056,0.9488089,0.91060823,0.93764585,0.8836892,0.98048645,0.9707899,0.97517705,0.95581955,0.97235596,0.9808229,0.94719726,0.9788287,0.97335047,0.97327477,0.97205365,0.944035,0.95053995,0.9804816,0.9799956,0.9793317,0.96855044,0.9580114,0.9313748,0.9736083,0.97875935,0.97964,0.9749205,0.9579001,0.9774026,0.97261286,0.97546375,0.9816093,0.97553724,0.96918243,0.96695346,0.98100394,0.97547585,0.9654203,0.9694456,0.51965284,0.92045474,0.96828353,0.8678352,0.956057,0.75374794,0.9577833,0.969614,0.9532811,0.97172415,0.97061026,0.9836258,0.9425116,0.9599586,0.9761048,0.9643004,0.97799164,0.95817834,0.9708564,0.9789423,0.9694456,0.9524151,0.979702,0.97619504,0.9753438,0.9723248,0.9812727,0.96051997,0.94481874,0.97790986,0.9787988,0.93646914,0.96532106,0.94901246,0.9786918,0.98385364,0.9818257,0.9664517,0.9571066,0.98582685,0.93935066,0.97154796,0.8823756,0.9606335,0.9772454,0.9790958,0.93712455,0.9771511,0.9770773,0.97038907,0.97469705,0.96915984,0.94344795,0.9641989,0.9849058,0.97068876,0.9461563,0.9726757,0.9279994,0.9731711,0.9701622,0.9850651,0.9480991,0.9798007,0.9662873,0.96331286,0.9706965,0.9595043,0.9830041,0.99014944,0.9632765,0.9593615,0.97181165,0.9645817,0.97569954,0.94623804,0.93415415,0.9770207,0.96037686,0.9783142,0.983447,0.9749797,0.94417167,0.96530664,0.9475786,0.97664404,0.9551835,0.96710354,0.9612261,0.99014944,0.96071374,0.97752833,0.9765171,0.971165
arcticmovie,0.9711124,0.9046816,0.96475154,0.9542407,0.98223203,0.96072716,0.9688749,0.9641494,0.97558373,0.9678039,0.9484315,0.9112214,0.9808443,0.98177874,0.93598914,0.9589185,1.0000001,0.96188384,0.96200633,0.92415875,0.9743325,0.96825093,0.9852463,0.95516753,0.9433635,0.75810224,0.94908583,0.97514725,0.9699778,0.94617146,0.9628268,0.9636265,0.9611302,0.930616,0.8827937,0.8348112,0.9654517,0.9725856,0.9725859,0.9738743,0.9301562,0.9318825,0.9017278,0.9368874,0.9847515,0.9715074,0.98046666,0.9494701,0.9272441,0.93242824,0.9682174,0.96595645,0.96811205,0.92962295,0.9298602,0.9734798,0.96194714,0.9581598,0.949072,0.9508429,0.9392312,0.9565296,0.9512105,0.96441096,0.96799934,0.9512225,0.95997447,0.9678482,0.9570808,0.93099606,0.96188325,0.5187678,0.94980663,0.9730687,0.9303785,0.94486946,0.77453256,0.9505464,0.95726526,0.95936954,0.94277894,0.9665711,0.97309357,0.9450193,0.9750314,0.93728065,0.9612002,0.97806484,0.9590194,0.9529893,0.94313014,0.96188325,0.8905856,0.9427263,0.9710202,0.9507662,0.9037471,0.9539277,0.9527085,0.974251,0.9685823,0.95826954,0.96335715,0.97393036,0.9673199,0.963238,0.9533439,0.9504528,0.9434486,0.9540509,0.9705445,0.91956747,0.96914,0.8869623,0.9499858,0.95860434,0.9703505,0.9694055,0.9689683,0.96556145,0.93785095,0.95501167,0.965974,0.9369516,0.9782598,0.9618826,0.97411966,0.9351228,0.9642595,0.89520645,0.95951307,0.9540934,0.9755627,0.9217663,0.96520483,0.95878476,0.9597558,0.97551197,0.9650717,0.95455235,0.97558373,0.9577999,0.95018035,0.9438837,0.943592,0.9566116,0.923762,0.9022751,0.9337279,0.953793,0.9678721,0.94688874,0.9612817,0.91668147,0.95374775,0.9387707,0.9440974,0.9562313,0.95906603,0.9635114,0.97558373,0.94060296,0.965749,0.9744996,0.9514202
artofracingmovie,0.97555965,0.9405409,0.9508249,0.9011145,0.9852778,0.9497982,0.97082776,0.9848073,0.98122907,0.9704781,0.9501963,0.8482811,0.9644694,0.9816708,0.9651014,0.98023146,0.96188384,0.99999994,0.96932,0.9625044,0.97333485,0.9520096,0.972857,0.9564753,0.9616382,0.8369014,0.9321327,0.9709734,0.9697557,0.9549588,0.95722544,0.96198505,0.95408624,0.89556396,0.9144691,0.8426861,0.96115303,0.9650336,0.9724411,0.94855994,0.9696834,0.96618384,0.9261875,0.9702371,0.9764762,0.957258,0.9710438,0.92418367,0.95304316,0.96672386,0.96398026,0.9673982,0.97062105,0.94388366,0.93540317,0.96606934,0.9636229,0.9682424,0.96011907,0.93917364,0.9769582,0.95791376,0.9664236,0.97591245,0.9674455,0.9552906,0.97231734,0.97322905,0.9618451,0.96027964,0.9536795,0.45413333,0.8970504,0.96774524,0.8522663,0.9590869,0.68643373,0.9604775,0.9623942,0.96069384,0.95329756,0.95801985,0.9826448,0.9157328,0.96362936,0.9526972,0.96249175,0.95646256,0.9331256,0.9565921,0.9702879,0.9536795,0.9190582,0.97085255,0.9569893,0.96143025,0.9479109,0.97049946,0.9528,0.9422347,0.9559427,0.96018976,0.9255118,0.95116925,0.9477773,0.95705456,0.9785755,0.9713186,0.9353165,0.937609,0.9732348,0.9390279,0.9693186,0.87277603,0.95113724,0.96652955,0.96452063,0.9251531,0.97550774,0.9627734,0.9776037,0.96647763,0.9558067,0.9541209,0.9570713,0.97464824,0.95276594,0.93337,0.97976536,0.901673,0.9697187,0.9827752,0.9758855,0.93944997,0.9743958,0.96656084,0.94071805,0.96288186,0.94643044,0.9827159,0.98122907,0.9443458,0.9284509,0.96071434,0.95663935,0.9673166,0.94194055,0.91454476,0.96726674,0.96347916,0.9638933,0.9764491,0.9741624,0.9298288,0.93655044,0.9345998,0.9538517,0.9271722,0.9560952,0.9629719,0.98122907,0.95211416,0.9737216,0.9781918,0.9537109
avengers,0.9839913,0.92947775,0.970217,0.90904075,0.96757966,0.9397172,0.97172064,0.96838814,0.98075396,0.9574776,0.96241945,0.86891747,0.96641886,0.9828039,0.9655022,0.97886693,0.96200633,0.96932,1.0000001,0.9447574,0.9707197,0.96865946,0.97086704,0.9630407,0.9498095,0.82819116,0.9458586,0.9655595,0.9803185,0.94650495,0.98310363,0.9739871,0.9511264,0.9071402,0.90861917,0.84498596,0.96928376,0.9753005,0.9705062,0.967284,0.96241075,0.9649056,0.9279434,0.9638655,0.9658382,0.96400243,0.9727026,0.9296433,0.9454354,0.969593,0.9817828,0.9761006,0.96693724,0.9469341,0.9414323,0.94771844,0.9744702,0.96859384,0.9730127,0.9366153,0.9524261,0.9667283,0.9464799,0.9805672,0.96763957,0.9552722,0.9679443,0.9812072,0.9631466,0.9592094,0.95341617,0.49087664,0.91115683,0.9508422,0.8556314,0.9476247,0.72219634,0.9491449,0.9657226,0.9527607,0.9722847,0.96604097,0.97018844,0.9369838,0.9565881,0.95837593,0.9474279,0.9664274,0.9378036,0.9539557,0.9741787,0.95341617,0.93987024,0.9700953,0.9734849,0.96582717,0.9577915,0.9726502,0.9519267,0.9470974,0.969265,0.963094,0.937842,0.9575865,0.94500226,0.9762035,0.9700542,0.97934157,0.9514567,0.93596923,0.9812868,0.94061667,0.9807724,0.8781754,0.96189064,0.9735486,0.9715244,0.9320336,0.96742076,0.9613181,0.9552234,0.9656781,0.96536624,0.9444922,0.96078247,0.9766001,0.9665662,0.9605009,0.9566198,0.93564475,0.95912176,0.9445481,0.9769902,0.9526463,0.9749985,0.9580619,0.9655968,0.96942276,0.9357146,0.9651902,0.98075396,0.97617954,0.95442224,0.97903764,0.9660629,0.9699768,0.9411526,0.9126915,0.970049,0.9344227,0.97476137,0.9749943,0.9649788,0.9355764,0.949125,0.918417,0.97112906,0.93803364,0.9710333,0.9724042,0.98075396,0.9626168,0.9631753,0.96705955,0.97205615
beachbummovie,0.95809036,0.955972,0.93197787,0.87622267,0.9375066,0.92955047,0.9394403,0.965837,0.9609924,0.955746,0.9228681,0.8443936,0.94419825,0.9471997,0.9641022,0.960562,0.92415875,0.9625044,0.9447574,0.99999994,0.9340985,0.9353919,0.9479366,0.95346916,0.95997417,0.8137932,0.9206503,0.931598,0.9471334,0.95058393,0.9260747,0.9379251,0.9449751,0.84867835,0.8985962,0.8255794,0.954788,0.9406148,0.9437793,0.93676144,0.93146265,0.95537424,0.93563783,0.97928643,0.95586544,0.9429141,0.9442016,0.9003456,0.94106936,0.97005713,0.937969,0.9519996,0.9247198,0.8986672,0.92289513,0.92811525,0.943462,0.9457296,0.9503429,0.93172705,0.9447202,0.9499226,0.9604567,0.9473489,0.9418971,0.9070171,0.93488324,0.95066524,0.9318015,0.93209565,0.9491603,0.48069084,0.85130334,0.93796825,0.7829288,0.93195474,0.67680764,0.9572599,0.9417995,0.9419929,0.92871124,0.95160633,0.95524895,0.8672021,0.9550142,0.95726526,0.95604265,0.9313217,0.90873224,0.9357526,0.95059663,0.9491603,0.8962135,0.95065624,0.9359099,0.93312514,0.94400036,0.97362226,0.93500686,0.8959661,0.94406205,0.958765,0.88644195,0.9329014,0.9213973,0.9241621,0.9578048,0.9390263,0.9448703,0.9291022,0.95982414,0.9105987,0.9515553,0.83118755,0.9306175,0.9605463,0.945555,0.87537444,0.955928,0.92579013,0.94796705,0.94514537,0.93575597,0.891885,0.92489046,0.9524137,0.92282724,0.8846254,0.94072056,0.91173494,0.9515972,0.9557598,0.9470339,0.91292465,0.9536786,0.9525967,0.91412044,0.913629,0.93757224,0.9663275,0.9609924,0.92516446,0.92060935,0.9315373,0.95122564,0.9614833,0.9490141,0.8778111,0.93988657,0.95577735,0.93283105,0.9637321,0.96249974,0.9499211,0.93419904,0.9321562,0.9388506,0.91053915,0.9385962,0.9432128,0.9609924,0.8919805,0.9668998,0.94474345,0.932116
bernadettefilm,0.97236365,0.92415094,0.96769106,0.9443327,0.9786531,0.95843846,0.9768209,0.9676905,0.978931,0.964735,0.9634151,0.8887341,0.97613794,0.9840284,0.9482182,0.9760607,0.9743325,0.97333485,0.9707197,0.9340985,0.99999994,0.96927917,0.9730267,0.9576533,0.96140814,0.82898813,0.9574297,0.9697836,0.97249293,0.9320026,0.9659131,0.9634402,0.94566536,0.93590754,0.91747797,0.86850256,0.9698776,0.9683659,0.9741735,0.9500763,0.95943487,0.9617608,0.9220835,0.9526226,0.97536725,0.9764212,0.97384405,0.9403825,0.9229532,0.9502251,0.9719595,0.9589899,0.9856739,0.95686287,0.9371739,0.9686496,0.95754564,0.97750366,0.97116184,0.9385855,0.9665941,0.9715173,0.9565413,0.9769151,0.96335655,0.9589356,0.95469755,0.96410656,0.963577,0.948633,0.9563277,0.4855446,0.9203095,0.9617096,0.8990798,0.9454509,0.73309624,0.93553543,0.95200133,0.9598066,0.968449,0.9558964,0.9787568,0.9499604,0.9683548,0.96008193,0.9534649,0.97439384,0.9579916,0.9591285,0.96053064,0.9563277,0.9342728,0.9522768,0.9703194,0.96116406,0.9427862,0.97032714,0.95624995,0.9636915,0.96440774,0.9616308,0.9517602,0.9651546,0.9413104,0.9733282,0.9665618,0.97169197,0.94529986,0.9461534,0.9767958,0.92922765,0.9680005,0.9018386,0.97136354,0.96044093,0.96803343,0.95934135,0.9749414,0.97637254,0.95720375,0.9681352,0.96331996,0.9552267,0.9654231,0.9689844,0.97316366,0.9441574,0.9825096,0.924423,0.98131776,0.96704745,0.97132105,0.95014393,0.9700191,0.94895345,0.9656704,0.9678729,0.9576584,0.959047,0.978931,0.9610174,0.9477599,0.97028226,0.9587518,0.9564772,0.9293027,0.9213679,0.9575484,0.93932295,0.97819936,0.9728996,0.96200126,0.90941685,0.93846124,0.9337735,0.9549755,0.95206547,0.95125943,0.95681864,0.978931,0.97085744,0.9601924,0.9752816,0.9555714
