movie,21bridgesmovie,47metersdown,abeautifuldaymovie,abominablemovie,adastramovie,adogsjourneymovie,aftermathmovie,aftermovie,ahiddenlifefilm,alitamovie,angelhasfallen,angrybirdsmovie,annabellemovie,annamovie,apollo11movie,arcticdogsmovie,arcticmovie,artofracingmovie,avengers,beachbummovie,bernadettefilm,blackandbluemovie,blackchristmas,blindedbythelightmovie,bombshellmovie,booksmart,breakthroughmovie,brianbanksmovie,brightburnmovie,brittanyrunsmov,captainmarvelofficial,captivestatemovie,catsmovie,charliesangels,childsplaymovie,clarathefilm,coldpursuitmovie,countdown,currentwarmovie,darkwatersmovie,detectivepikachumovie,disneyaladdin,disneyfrozen,disneymaleficent,doctorsleepmovie,dolemiteismyname,dontletgomovie,doramovie,downtonabbey_official,dumbo,escaperoom,everybodyknowsmovie,fastandfuriousmovie,fightingwmyfam,fivefeetapartfilm,fordvferrari,freaksthefilm,geminimanmovie,glassmovie,gloriabellmovie,godzillamovie,goldfinchmovie,goodboysmovie,goodliarmovie,gretafilm,halathemovie,happydeathdaymovie,harrietfilm,hellboymovie,hersmellmovie,highlifemovie,highstrungmovie,honeyboymovie,hotelmumbaifilm,httydragon,hustlemovie,hustlersmovie,isntitromantic,itmovieofficial,jayandsilentbob,johnwickmovie,jojorabbitmovie,jokermovie,judythefilm,jumanjimovie,justmercyfilm,knivesout,lalloronamovie,lastblackmansf,lastchristmasthemovie,latenightmovie,lighthousemovie,lionking,littlethemovie,littlewomenmovie,littlewoodsfilm,longshotmovie,lordsofchaosmovie,lucyintheskyfilm,mamovie2019,marriagestory,meettheaddams,meninblack,midsommarmovie,midwaymovie,missbalamovie,missinglinkfilm,motherlessbklyn,onceinhollywood,onthebasisofsex,overcomermovie,peanutbutterfalcon,petsematarymovie,piercingmovie,playingwithfire,playmobilthemovie,pomsmovie,queenandslim,rambomovie,readyornotfilm,richardjewellfilm,rocketmanmovie,scarystoriesmovie,secretlifeofpets,serenityfilm,shaftmovie,shazammovie,spidermanmovie,spiesindisguise,starwars,stormboymovie,stubermovie,taosdfilm,teenspiritmov,terminator,theaeronautsmov,thebestofenemies,thedeaddontdie,thefarewell,thehighwaymen,thehummingbirdprojectfilm,theintrudermovie,theirishmanfilm,thekitchenmovie,thelegomovie,themustangfilm,thenightingalefilm,theprodigymovie,thesunisalsoastar,theupsidefilm,tolkienmovie,toystory,triplefrontier,uglydolls,uncutgems,underthesilverlake,usmovie,wavesmovie,whatmenwant,wonderparkmovie,wrinklestheclown,xmenmovies,yardiefilm,yesterdaymovie,zombieland
21bridgesmovie,1.0000001,0.9827101,0.9822091,0.9796218,0.99350417,0.867744,0.9916386,0.9902105,0.9957142,0.98852825,0.9838125,0.84005535,0.9749552,0.9956468,0.9896783,0.98515576,0.9889634,0.9932216,0.99334604,0.99120736,0.991521,0.8516678,0.9784459,0.9820889,0.96508914,0.7595733,0.84940225,0.9573079,0.9721878,0.9771715,0.98113346,0.9731746,0.9007662,0.8979845,0.70809937,0.6810864,0.99800783,0.976559,0.9696433,0.9657889,0.9778674,0.9704815,0.87532115,0.98214155,0.9892886,0.95667493,0.96368045,0.9906875,0.971799,0.9926927,0.97751886,0.99620503,0.9616672,0.9633448,0.94941443,0.9795137,0.9675822,0.9813051,0.99619514,0.9949815,0.97965807,0.94613814,0.9907748,0.9893296,0.9673556,0.8398885,0.95967126,0.99731916,0.98824024,0.7947582,0.9953957,0.3593686,0.78442836,0.9842641,0.7682873,0.9594259,0.664072,0.9818151,0.97563136,0.9734909,0.93614084,0.97748435,0.9909059,0.9154828,0.9479107,0.96904504,0.9371374,0.99049443,0.9092996,0.99525684,0.90483844,0.9953957,0.8950712,0.9558981,0.9838158,0.98914206,0.985395,0.9925785,0.988072,0.89752936,0.9626692,0.9469348,0.8443135,0.9802103,0.9866453,0.97745156,0.99365777,0.98109114,0.98540545,0.98593163,0.9948185,0.38030633,0.97890264,0.7043914,0.98391974,0.99208677,0.99918747,0.8352806,0.99654555,0.98876417,0.9878989,0.9823913,0.99202293,0.9800155,0.9894197,0.98408604,0.9390738,0.9505516,0.9514129,0.8072023,0.9884177,0.9858394,0.98054236,0.89793956,0.97623247,0.97503436,0.9862279,0.9917199,0.9927314,0.9722151,0.9957142,0.91147095,0.96260786,0.9273382,0.9574751,0.99090487,0.9617184,0.74213594,0.9808167,0.9616742,0.9911559,0.9721949,0.98928726,0.8759138,0.94492316,0.98706394,0.97856945,0.95951176,0.97423077,0.9674744,0.9957142,0.98116994,0.99231756,0.98188007,0.91797286
47metersdown,0.9827101,1.0,0.97451663,0.98123217,0.9691915,0.8158295,0.9772573,0.9590877,0.97344893,0.98048115,0.9533208,0.8820636,0.9648801,0.97228134,0.98009694,0.98628104,0.974272,0.9784935,0.98378885,0.9857657,0.9646689,0.8190294,0.93702835,0.96216226,0.90723836,0.79052,0.8591185,0.9187321,0.95328945,0.9529699,0.9735796,0.9427889,0.8270947,0.87275237,0.6226266,0.6124703,0.9816272,0.94706225,0.93068033,0.9392289,0.9698765,0.9364615,0.8736834,0.94673103,0.9557677,0.932755,0.9185856,0.9772434,0.94291484,0.9664331,0.9650578,0.97107786,0.9457929,0.9182819,0.9277169,0.9534347,0.9359171,0.9461786,0.9814221,0.96798867,0.9575524,0.89283305,0.9589493,0.9543529,0.9331359,0.7726401,0.92886496,0.9703238,0.97596455,0.7768744,0.97108006,0.3288001,0.7318278,0.9569442,0.67675185,0.9241114,0.62157834,0.93821096,0.9336928,0.9555898,0.92348033,0.96198523,0.9791966,0.8548554,0.943631,0.91719383,0.9369082,0.97596127,0.8421577,0.9794139,0.8426718,0.97108006,0.86277056,0.93217146,0.9807382,0.9925629,0.9709151,0.97633904,0.9838384,0.81471384,0.9517404,0.9170635,0.8358196,0.94970995,0.9792216,0.9630312,0.96513253,0.9518499,0.9839736,0.9592491,0.9735002,0.4098226,0.94627,0.6359349,0.96675074,0.9717332,0.9804007,0.7548348,0.9774978,0.980697,0.97165906,0.95014226,0.9610139,0.98292685,0.9734146,0.97907436,0.8861354,0.9268582,0.90791196,0.8534095,0.96285754,0.9831247,0.958204,0.85823923,0.94866747,0.94514257,0.94976354,0.9707439,0.9684724,0.9548033,0.97344893,0.8968599,0.9434465,0.9315489,0.9592191,0.9638869,0.94267416,0.6699989,0.9565343,0.9281998,0.9725384,0.96094346,0.96120256,0.87236077,0.89840513,0.97234756,0.9299094,0.9310475,0.9345675,0.95136654,0.97344893,0.93481433,0.9570187,0.9402933,0.9158691
abeautifuldaymovie,0.9822091,0.97451663,1.0,0.9777874,0.97742844,0.82026887,0.96784127,0.9719836,0.9762242,0.95753014,0.9504755,0.8708824,0.9384929,0.9757434,0.9710108,0.96873724,0.99340993,0.978665,0.97047096,0.9837901,0.9692819,0.8673605,0.94276196,0.9545238,0.94050837,0.7471892,0.8750738,0.96451586,0.98871,0.9623953,0.9753717,0.9460535,0.8672622,0.9036648,0.6607412,0.60549206,0.9795573,0.9726986,0.9619059,0.94388485,0.950313,0.9633919,0.87620974,0.9607856,0.97163165,0.95182955,0.92860293,0.98878527,0.9328373,0.97529536,0.9892109,0.9714837,0.90034163,0.9375216,0.9493143,0.9856966,0.9457081,0.97000206,0.9838453,0.971199,0.9385113,0.9480534,0.97081363,0.9615476,0.94813114,0.8349473,0.93654865,0.9766694,0.96457577,0.7667792,0.9754322,0.34118953,0.8072359,0.98315734,0.7117673,0.9603651,0.60798633,0.9583272,0.945776,0.97410995,0.89801973,0.953255,0.95887846,0.89128566,0.9559017,0.95895165,0.91029006,0.96026963,0.90193415,0.9710543,0.9097487,0.9754322,0.88654435,0.932131,0.986168,0.97047526,0.97812873,0.9654514,0.9653813,0.8551381,0.94537395,0.9337187,0.88866794,0.95873934,0.96723837,0.9876286,0.9753235,0.9558925,0.9830557,0.95552635,0.98475426,0.35725978,0.97208804,0.63395435,0.9772637,0.96896285,0.98302263,0.7859288,0.9784477,0.9628445,0.9499586,0.9843396,0.9834139,0.9703476,0.99100876,0.9667034,0.90565026,0.95807713,0.9509262,0.8206479,0.959631,0.9627723,0.98708355,0.9302238,0.96719587,0.9680131,0.95931053,0.96502686,0.9750095,0.9543957,0.9762242,0.932728,0.94093907,0.9039881,0.9397375,0.96178794,0.9261576,0.7170505,0.9482764,0.9720258,0.97629756,0.99248564,0.96057737,0.80796,0.91584957,0.9715793,0.9358818,0.9515773,0.9659756,0.95475626,0.9762242,0.9512653,0.9680124,0.9443125,0.93636924
abominablemovie,0.9796218,0.98123217,0.9777874,1.0,0.9754532,0.84336525,0.9598341,0.9653948,0.9747565,0.9780274,0.96079415,0.8980188,0.9587013,0.9717061,0.9591211,0.96349436,0.9817415,0.9868741,0.9735272,0.9685826,0.96654016,0.8904917,0.9504497,0.94639736,0.93508464,0.783415,0.90528315,0.92597586,0.9762603,0.9843493,0.96710783,0.9731687,0.8644536,0.867455,0.7245874,0.7014688,0.97536,0.9628234,0.949879,0.9616361,0.943468,0.95052755,0.9028588,0.96407163,0.9696038,0.9614745,0.9425057,0.97498775,0.95108646,0.97538877,0.98612,0.9797573,0.92275214,0.9178997,0.94163793,0.9777648,0.97514486,0.9578843,0.988283,0.9665771,0.9561706,0.93989664,0.9749088,0.9532305,0.97440875,0.8306208,0.90147823,0.9754353,0.9611657,0.84330726,0.9703708,0.3885588,0.82679427,0.9619726,0.74724597,0.9574865,0.7069033,0.9546386,0.9523037,0.95297354,0.92576283,0.9649916,0.96139383,0.9130108,0.9586881,0.9437243,0.9711177,0.974927,0.8819863,0.9697148,0.91084003,0.9703708,0.9321427,0.9469689,0.96790606,0.9851993,0.98656964,0.9582124,0.9707981,0.8494198,0.95837367,0.9548493,0.90096277,0.956329,0.97978294,0.9809338,0.9686876,0.9477756,0.98664325,0.9413984,0.9763864,0.41055506,0.9710276,0.7176295,0.99223393,0.98492265,0.9779653,0.81683755,0.9696504,0.9542798,0.9537461,0.97459203,0.97438776,0.95594364,0.9781454,0.97968155,0.9177834,0.95232826,0.94650084,0.87352043,0.96205765,0.98329526,0.97299755,0.85706437,0.96430016,0.9788782,0.95534223,0.9810676,0.97951317,0.9713735,0.9747565,0.9415606,0.9492643,0.9388878,0.9190814,0.9771414,0.9471631,0.77617353,0.9488413,0.9531996,0.9645968,0.959767,0.9676076,0.8705014,0.9462745,0.98201674,0.9328917,0.95256525,0.9498418,0.9813865,0.9747565,0.9463139,0.9682319,0.9457499,0.96155816
adastramovie,0.99350417,0.9691915,0.97742844,0.9754532,1.0000001,0.8702293,0.987965,0.9931002,0.99675435,0.9838689,0.9755783,0.8239918,0.9698281,0.9914253,0.9838612,0.98149925,0.990283,0.99063784,0.9864904,0.98458225,0.9899051,0.84949815,0.98559994,0.9840657,0.9727721,0.7119053,0.8520825,0.9566598,0.97351557,0.977106,0.9788272,0.976763,0.8997221,0.87309974,0.7153703,0.68699926,0.99411666,0.97490066,0.96905935,0.9643816,0.96475595,0.9637638,0.8716837,0.98213273,0.9909128,0.9533244,0.9693019,0.9896773,0.9674367,0.98981607,0.9716744,0.99492,0.95806205,0.9614062,0.9491168,0.989819,0.97149783,0.9790034,0.99098366,0.99296683,0.97659266,0.9542241,0.98949045,0.98581123,0.97107357,0.8476336,0.95552,0.9948594,0.9799558,0.7827868,0.9934341,0.3517201,0.80393493,0.987563,0.7773488,0.9632732,0.64776075,0.982001,0.97624874,0.98156154,0.9123599,0.97071683,0.9875564,0.9273846,0.9457069,0.9712347,0.93909043,0.9904127,0.9124667,0.99072295,0.908671,0.9934341,0.9037468,0.9567195,0.965197,0.9773002,0.9877527,0.9831712,0.987354,0.9013129,0.9533569,0.96080315,0.85177606,0.9761204,0.97440207,0.96991867,0.9961621,0.9811048,0.9804261,0.9761695,0.9954646,0.39045694,0.974049,0.70492023,0.98398316,0.9907752,0.9949779,0.8466577,0.9935224,0.9812476,0.98158765,0.98665005,0.99529785,0.957434,0.98980105,0.9841184,0.9422758,0.94225377,0.9490081,0.7857544,0.9886181,0.9802039,0.984795,0.9024638,0.97253287,0.9797547,0.97751606,0.9856772,0.9952494,0.97746354,0.99675435,0.9126791,0.9663218,0.91069615,0.94014174,0.99137855,0.9598746,0.75431424,0.97733545,0.95454526,0.9872402,0.9653978,0.99378246,0.8760831,0.94945186,0.9809833,0.98008174,0.96106386,0.9722854,0.963753,0.99675435,0.97466683,0.99366665,0.9849082,0.91941035
adogsjourneymovie,0.867744,0.8158295,0.82026887,0.84336525,0.8702293,0.99999994,0.85216177,0.8952531,0.8668356,0.87700194,0.9180052,0.78223515,0.92583203,0.8490367,0.8148027,0.8020469,0.8617763,0.88657385,0.8821694,0.8157351,0.86599463,0.9056874,0.9121381,0.8254987,0.9226722,0.52079993,0.85782117,0.86808735,0.8547548,0.8844656,0.8734152,0.8947105,0.94602454,0.81725574,0.89058554,0.8527158,0.8612708,0.9099448,0.9224297,0.9416521,0.894154,0.9237683,0.91211027,0.90176815,0.9065066,0.9431912,0.9460981,0.8332221,0.94451857,0.894675,0.8631773,0.8957446,0.88812095,0.92652714,0.9440642,0.84676594,0.9066968,0.9215004,0.88246626,0.89224476,0.86539555,0.89514625,0.8892244,0.9092708,0.90614426,0.905944,0.81402415,0.87675583,0.8662756,0.90184844,0.8865306,0.45294496,0.8709436,0.8295079,0.95544267,0.8762446,0.8304658,0.9009651,0.91820824,0.81327707,0.9001409,0.9257131,0.8632503,0.9593878,0.86960804,0.88008815,0.88766724,0.8893335,0.93876547,0.8454827,0.8795768,0.8865306,0.91197115,0.94148386,0.8436221,0.8567206,0.81858236,0.82535475,0.8307635,0.94175756,0.94555503,0.89233005,0.8405977,0.9221473,0.90920764,0.8741369,0.86823064,0.92826176,0.86014247,0.87475014,0.85735697,0.38372886,0.9105911,0.875097,0.8456082,0.86995834,0.8626022,0.9742166,0.8593513,0.8474151,0.8447842,0.8884262,0.8835047,0.8338976,0.87062025,0.863892,0.97546554,0.9151381,0.916128,0.7905179,0.8569923,0.8292829,0.87647593,0.81842655,0.9222918,0.87396353,0.91904783,0.8622627,0.89979875,0.9326561,0.8668356,0.9037637,0.94733506,0.9305008,0.8178441,0.869651,0.8657451,0.8928684,0.93203735,0.8824797,0.891081,0.8412504,0.8962758,0.8905814,0.934512,0.91752255,0.88777,0.94926506,0.9211437,0.9038665,0.8668356,0.9147226,0.8956323,0.91262895,0.8570797
aftermathmovie,0.9916386,0.9772573,0.96784127,0.9598341,0.987965,0.85216177,1.0,0.9891998,0.99494094,0.98553103,0.9751942,0.7944446,0.9680754,0.99302447,0.99686664,0.99370354,0.98126465,0.9762627,0.99386835,0.98907775,0.9930297,0.80361265,0.9789717,0.99571234,0.9519627,0.74277586,0.8155502,0.9545157,0.95588887,0.95941114,0.98652154,0.95148766,0.87402517,0.8913695,0.6572088,0.6430398,0.9971685,0.9522403,0.95902044,0.94346744,0.982508,0.9530923,0.83981353,0.97457117,0.9811591,0.93418765,0.9570792,0.9866156,0.96225536,0.98429614,0.95244825,0.9857875,0.97334427,0.9656489,0.92995507,0.9635354,0.95079345,0.97181827,0.9856139,0.99410075,0.97696394,0.9192197,0.9815855,0.9869263,0.94198936,0.8060459,0.9780665,0.9873746,0.9926433,0.74488276,0.994421,0.3057072,0.73209417,0.98414814,0.7359005,0.9500431,0.60674065,0.9770671,0.9672987,0.9674433,0.924333,0.9735061,0.99763346,0.8870335,0.91309404,0.95656484,0.91200346,0.99064976,0.8849402,0.99757856,0.8611777,0.994421,0.85128826,0.9491319,0.96978486,0.9831409,0.97699165,0.9939715,0.9946638,0.8825661,0.9476028,0.9366629,0.7944631,0.9759495,0.9741021,0.95270175,0.99145275,0.97530997,0.97808146,0.9824814,0.99141675,0.42117906,0.9566146,0.6651504,0.9665692,0.9814818,0.9930956,0.8106408,0.99758285,0.99835664,0.9948515,0.96560305,0.97931635,0.97795916,0.98330426,0.9882214,0.9204823,0.9238405,0.9238153,0.75971186,0.9934867,0.9712726,0.9732839,0.88681215,0.96433103,0.95977855,0.9753527,0.9784772,0.9863808,0.9597924,0.99494094,0.8756484,0.95797884,0.9130784,0.9697986,0.9760455,0.9506119,0.68816364,0.97429645,0.93393034,0.9927689,0.9557167,0.98763084,0.8632508,0.9222174,0.9736799,0.9781368,0.9406104,0.96183026,0.94882596,0.99494094,0.96375924,0.9857242,0.98309326,0.8775369
aftermovie,0.9902105,0.9590877,0.9719836,0.9653948,0.9931002,0.8952531,0.9891998,1.0,0.99620867,0.97904396,0.9876644,0.8107676,0.9679988,0.99118185,0.979761,0.9728999,0.9893582,0.98203194,0.98784906,0.9742128,0.9959524,0.8667297,0.99374676,0.98371106,0.98401856,0.7230179,0.86005545,0.97513753,0.97770596,0.98078096,0.9885552,0.9733198,0.9175827,0.9108123,0.7398054,0.7008244,0.9931305,0.97569335,0.98688596,0.9700975,0.97437996,0.97872615,0.868275,0.9934344,0.9977722,0.9657524,0.9844768,0.98767406,0.9720175,0.9959041,0.9703197,0.9932656,0.95865554,0.9842315,0.95778716,0.98080426,0.97579515,0.9927641,0.9918289,0.9977419,0.9769265,0.96275026,0.99548316,0.9948139,0.97113496,0.87266254,0.968362,0.99280715,0.988071,0.79509413,0.9976281,0.3390785,0.81669456,0.99009144,0.80798864,0.97757673,0.66253686,0.9944529,0.98662925,0.9683183,0.93398196,0.9801873,0.98558944,0.9394751,0.93135107,0.98466897,0.92957,0.9882064,0.93745655,0.98841333,0.9188668,0.9976281,0.90298355,0.9738372,0.9677575,0.97327065,0.98020685,0.9790874,0.9802174,0.93080384,0.9644283,0.9649421,0.8486923,0.99217516,0.9794091,0.97101796,0.995769,0.9866441,0.9792546,0.980453,0.9955632,0.43518886,0.98256785,0.72601014,0.9789533,0.9883857,0.99290395,0.874363,0.99448264,0.981489,0.9798777,0.9887277,0.992944,0.96153814,0.99242514,0.9866499,0.9596431,0.95700514,0.9648903,0.7720984,0.99242973,0.9608426,0.9898089,0.909753,0.987436,0.9842333,0.9891363,0.98098785,0.99648154,0.9788776,0.99620867,0.91942364,0.9757282,0.9272726,0.9536713,0.98158157,0.9483699,0.7709352,0.9800536,0.96490127,0.9945572,0.96588504,0.99603146,0.8630342,0.9605405,0.9860598,0.98591685,0.97147745,0.9877764,0.9717656,0.99620867,0.9795013,0.99697727,0.993541,0.911518
ahiddenlifefilm,0.9957142,0.97344893,0.9762242,0.9747565,0.99675435,0.8668356,0.99494094,0.99620867,0.9999999,0.9881022,0.98310864,0.8116263,0.9693503,0.99746007,0.9909535,0.9869822,0.9901366,0.9869449,0.9923996,0.9863163,0.99764687,0.8433879,0.9886269,0.99152905,0.9708971,0.74477285,0.84384733,0.9626584,0.9728823,0.9796767,0.98620933,0.97280097,0.8973244,0.8936112,0.70792234,0.68332857,0.9985448,0.9681542,0.9726998,0.9609275,0.97341335,0.9658365,0.85960555,0.9876451,0.9923472,0.95242566,0.9717117,0.9914735,0.9685745,0.99381953,0.9692554,0.9953051,0.9644457,0.96809715,0.9422263,0.9825798,0.97285104,0.9818116,0.9938347,0.9974286,0.982284,0.9492906,0.99392486,0.9906001,0.9682729,0.84223294,0.968537,0.9954445,0.9895087,0.78082675,0.99803823,0.34150282,0.7856815,0.9915195,0.77181566,0.96955335,0.6482806,0.98805845,0.98070294,0.9731334,0.92907465,0.97612804,0.99275,0.9195822,0.9300157,0.9748158,0.9340324,0.993438,0.9100397,0.99680775,0.90220994,0.99803823,0.8908903,0.9599767,0.9700925,0.98372173,0.9899706,0.99011546,0.99225366,0.9036209,0.954796,0.95982766,0.83383095,0.9829675,0.97886586,0.96781236,0.99829805,0.978784,0.98285973,0.9801266,0.99812144,0.42036605,0.974191,0.702512,0.98472255,0.9933019,0.99749506,0.8423466,0.99835896,0.9888003,0.9899624,0.9834111,0.9922089,0.9680219,0.99069375,0.99093306,0.9401288,0.9416865,0.9484993,0.77702963,0.99628067,0.97769785,0.9851041,0.89429235,0.97641355,0.9813753,0.9828962,0.9884315,0.99600834,0.9729952,0.9999999,0.9033182,0.96413577,0.9189687,0.95456845,0.9888895,0.9557615,0.74208486,0.9752532,0.9538183,0.99257904,0.96305,0.9953794,0.86855924,0.94993126,0.98304725,0.9840075,0.95642394,0.97430086,0.96792674,0.9999999,0.9751766,0.99587345,0.9891303,0.9071747
alitamovie,0.98852825,0.98048115,0.95753014,0.9780274,0.9838689,0.87700194,0.98553103,0.97904396,0.9881022,0.99999994,0.9789496,0.83243227,0.9874595,0.9858811,0.9814026,0.9813733,0.975717,0.9890427,0.9952443,0.97971797,0.9830296,0.8431968,0.9752494,0.97743165,0.9454214,0.74238896,0.8449066,0.9332736,0.9476318,0.97063255,0.9749929,0.9643431,0.8939275,0.8643758,0.7146657,0.71825516,0.9894533,0.9550188,0.9532034,0.9611365,0.9769915,0.9518479,0.8937865,0.973188,0.97500974,0.9507071,0.96012366,0.96910995,0.9801594,0.98281074,0.9552278,0.989954,0.97773355,0.9434432,0.93715715,0.9618878,0.9694488,0.9639747,0.9870736,0.98719716,0.9796175,0.924757,0.9799563,0.98013157,0.9661736,0.8254461,0.94417816,0.98190135,0.97914034,0.8257126,0.98808205,0.41521668,0.7686702,0.9638751,0.77454484,0.95175976,0.70608515,0.9685212,0.9751926,0.9432242,0.9465647,0.9797299,0.99061793,0.91165686,0.9249992,0.943037,0.9555574,0.99751264,0.88436735,0.9883968,0.87783396,0.98808205,0.89164716,0.95345527,0.958857,0.9950975,0.97721434,0.9811665,0.99147666,0.8756678,0.96255696,0.9582224,0.830027,0.9721659,0.98415035,0.9531671,0.9846353,0.96799326,0.97553676,0.96468866,0.9809214,0.4164001,0.9577953,0.7216208,0.97376406,0.9861369,0.9856042,0.8376581,0.9848227,0.9835905,0.98875976,0.96345496,0.97694045,0.9646148,0.97280985,0.98729736,0.9349893,0.9256052,0.9254447,0.82976514,0.98169845,0.9858148,0.9662762,0.85982907,0.9635043,0.9639697,0.9737877,0.9827509,0.98899084,0.9752092,0.9881022,0.8952773,0.9609907,0.9440052,0.9398927,0.98381186,0.95575184,0.74680936,0.9733455,0.93004215,0.9832588,0.9413038,0.9849355,0.9176083,0.94882697,0.9839298,0.9665973,0.948561,0.9529019,0.9695849,0.9881022,0.9670902,0.98362,0.9782094,0.9026249
angelhasfallen,0.9838125,0.9533208,0.9504755,0.96079415,0.9755783,0.9180052,0.9751942,0.9876644,0.98310864,0.9789496,1.0,0.82589376,0.975912,0.98187816,0.9630687,0.95367855,0.96985465,0.9785988,0.9831151,0.9550878,0.9869859,0.8843917,0.98737353,0.96509165,0.9801727,0.7691717,0.8671794,0.9591549,0.9601016,0.98315996,0.97456664,0.97819525,0.9357679,0.927496,0.78052753,0.7423152,0.98172873,0.9747401,0.98408717,0.98364735,0.9787546,0.98368007,0.88179314,0.9943512,0.9899347,0.9715149,0.987892,0.96914434,0.9777038,0.99425286,0.9620145,0.990493,0.9648633,0.9799351,0.95520896,0.95700765,0.97559357,0.9879733,0.98713833,0.98998505,0.9860857,0.95773023,0.9923255,0.99240345,0.97816694,0.89333504,0.9535637,0.98524696,0.98605305,0.8491664,0.988157,0.39061907,0.82270086,0.96601766,0.8432456,0.9673515,0.73134696,0.9876981,0.9913206,0.93477064,0.9739022,0.9784931,0.97709394,0.9463634,0.9268732,0.9771787,0.9450177,0.98194396,0.94327825,0.97678286,0.92548424,0.988157,0.91357785,0.982083,0.9660653,0.97423035,0.9647078,0.97095144,0.9655261,0.94655013,0.97616965,0.96103436,0.84169567,0.99511236,0.9881611,0.96421325,0.9824581,0.983182,0.9647499,0.98191994,0.98074,0.467302,0.9831196,0.76873547,0.9715573,0.98693866,0.9837485,0.897436,0.9820407,0.96944755,0.97568595,0.97391295,0.9796864,0.9566183,0.97507423,0.97524726,0.9734352,0.96057904,0.9690294,0.8049824,0.98160374,0.9561572,0.96966404,0.8778614,0.9887424,0.97788846,0.99636406,0.9801709,0.98696244,0.9781978,0.98310864,0.9179579,0.9726105,0.95523524,0.9534701,0.9787852,0.938439,0.7981194,0.9802172,0.96534675,0.98430306,0.9500834,0.98965263,0.8969295,0.97494984,0.9897357,0.9826659,0.9725304,0.9845252,0.9819227,0.98310864,0.9851002,0.9905752,0.9896648,0.9092791
angrybirdsmovie,0.84005535,0.8820636,0.8708824,0.8980188,0.8239918,0.78223515,0.7944446,0.8107676,0.8116263,0.83243227,0.82589376,1.0,0.8591829,0.79802954,0.7866817,0.80347484,0.8569101,0.8739756,0.83547115,0.822255,0.7919916,0.88440377,0.77614546,0.7511453,0.7839711,0.69760525,0.95470667,0.7877627,0.8737177,0.85620445,0.84441996,0.85171515,0.73619974,0.7858666,0.6504796,0.5849889,0.8210049,0.8845094,0.8313733,0.88855237,0.8336784,0.85843724,0.9134128,0.815708,0.8287797,0.8954779,0.8013183,0.8408674,0.82058716,0.8387165,0.90435106,0.8383008,0.7630677,0.7787503,0.9009266,0.84283173,0.8307477,0.836983,0.8642631,0.810389,0.80216056,0.8176243,0.82033247,0.79984474,0.850736,0.77106243,0.7066476,0.8275797,0.82411134,0.8501908,0.81549567,0.36786073,0.8278457,0.7903741,0.6544693,0.8045775,0.6727364,0.7811963,0.79371893,0.8230648,0.83659625,0.8473298,0.80481434,0.8047055,0.94429684,0.78135216,0.90337527,0.82370144,0.7859676,0.7992184,0.80907196,0.81549567,0.8855381,0.86222047,0.8848692,0.8628623,0.82397413,0.7849393,0.8066806,0.70567006,0.9041313,0.81875086,0.93240786,0.8293033,0.8903718,0.90441614,0.80084956,0.8414963,0.8773112,0.8094091,0.82481545,0.3948098,0.8670974,0.6293859,0.854297,0.83857155,0.8336766,0.7110362,0.81317854,0.799074,0.77321887,0.8499845,0.8348717,0.8434413,0.85884887,0.8365856,0.8151402,0.9047763,0.8568608,0.96864593,0.77746683,0.84937,0.8472571,0.77092654,0.8625395,0.8385807,0.82038814,0.8287802,0.8367044,0.88520324,0.8116263,0.93521726,0.8693389,0.9057621,0.811951,0.8232759,0.80661494,0.72050154,0.84423417,0.8719152,0.8288741,0.8850483,0.81477684,0.8099903,0.81597525,0.88485324,0.7406449,0.88813514,0.835393,0.88250446,0.8116263,0.79898125,0.8051739,0.7704123,0.95002717
annabellemovie,0.9749552,0.9648801,0.9384929,0.9587013,0.9698281,0.92583203,0.9680754,0.9679988,0.9693503,0.9874595,0.975912,0.8591829,0.99999994,0.9614258,0.9557678,0.9555219,0.960618,0.9836227,0.98590523,0.9587763,0.9612649,0.86345327,0.9662868,0.9511197,0.9443546,0.68628967,0.86756766,0.92364043,0.9319706,0.9539896,0.9645109,0.95707536,0.91412926,0.86003256,0.74578065,0.7403946,0.972004,0.96392757,0.9535494,0.97571146,0.9826768,0.9593073,0.9298212,0.96195024,0.9672297,0.9629549,0.96345645,0.9487321,0.98833895,0.9725885,0.94521,0.98062235,0.97900075,0.9493759,0.96318966,0.9426394,0.9552865,0.96436816,0.9749104,0.97659653,0.96658313,0.91901165,0.96377736,0.9760309,0.9580174,0.8510451,0.9229789,0.9684201,0.96759623,0.8582944,0.97546476,0.437413,0.7945244,0.93576807,0.81819713,0.9305614,0.73669606,0.95384854,0.9687849,0.9277762,0.95166415,0.981331,0.9783379,0.9264516,0.94125587,0.9265013,0.9569202,0.98686695,0.90284735,0.9659434,0.8739185,0.97546476,0.9034992,0.9659451,0.9518957,0.9805328,0.94352263,0.9578138,0.968314,0.89212155,0.98208207,0.9478697,0.8471318,0.9717186,0.9862455,0.94776285,0.96666306,0.9808081,0.96153593,0.963234,0.9614316,0.40774757,0.95514935,0.75038177,0.9477334,0.96755016,0.96987706,0.8710912,0.967598,0.96964765,0.9688304,0.9532833,0.96625066,0.9528603,0.9610985,0.9685365,0.9566368,0.93633854,0.9278145,0.86073923,0.9577571,0.9669795,0.9535246,0.8689453,0.96502715,0.94339764,0.9730494,0.96275246,0.9790305,0.98507917,0.9693503,0.9124838,0.97940135,0.9646665,0.9332668,0.96821076,0.9487187,0.7729946,0.9881223,0.92856807,0.9767576,0.93689996,0.97557247,0.9506007,0.94764245,0.98502415,0.9548597,0.96726656,0.95534,0.96235824,0.9693503,0.9664921,0.97086734,0.97142965,0.9072406
annamovie,0.9956468,0.97228134,0.9757434,0.9717061,0.9914253,0.8490367,0.99302447,0.99118185,0.99746007,0.9858811,0.98187816,0.79802954,0.9614258,0.99999994,0.99281263,0.9860167,0.9858581,0.98378855,0.9899188,0.98794603,0.99737585,0.8336358,0.98208094,0.99050903,0.96534723,0.7675288,0.8225612,0.96225345,0.96774656,0.97605366,0.9793384,0.96634954,0.89766425,0.90039504,0.6972023,0.67276806,0.9973905,0.96282226,0.9678114,0.9520884,0.9702222,0.96280855,0.84676725,0.98528546,0.9870092,0.9432826,0.9623207,0.98855585,0.9626611,0.9917732,0.965936,0.99227554,0.95823956,0.96147674,0.9287839,0.977781,0.9671097,0.9768836,0.99105084,0.9949725,0.98149496,0.94647664,0.9926337,0.9889854,0.96456605,0.83616525,0.97227436,0.99389094,0.9871656,0.77296,0.9957461,0.357429,0.76798993,0.9912329,0.759692,0.96798265,0.6473162,0.98646665,0.97954524,0.96507365,0.93206364,0.96842736,0.98924756,0.90824795,0.9185734,0.9751898,0.92217,0.98825353,0.9046906,0.9969867,0.9024004,0.9957461,0.8765349,0.9470153,0.97187686,0.98369884,0.98971015,0.99419206,0.98988396,0.8987935,0.944732,0.9518831,0.8180798,0.97863764,0.9747101,0.9642059,0.9969959,0.9695401,0.9765165,0.97964805,0.9960305,0.40212092,0.9707247,0.68959093,0.98338026,0.99129003,0.996682,0.82799584,0.996973,0.9870259,0.99154437,0.97886187,0.98935884,0.9706126,0.9851451,0.9842204,0.9303703,0.93427765,0.9441547,0.7675465,0.9946459,0.97757775,0.9792884,0.89152807,0.97062224,0.9776508,0.98305416,0.9887793,0.9906697,0.96023947,0.99746007,0.8887213,0.9478344,0.90973115,0.95327014,0.98764944,0.9485507,0.72845405,0.9662393,0.9535241,0.98868394,0.9609001,0.9891531,0.85604364,0.9449792,0.97740424,0.98358226,0.9442454,0.96982,0.96302885,0.99746007,0.97740525,0.993927,0.9851981,0.89389443
apollo11movie,0.9896783,0.98009694,0.9710108,0.9591211,0.9838612,0.8148027,0.99686664,0.979761,0.9909535,0.9814026,0.9630687,0.7866817,0.9557678,0.99281263,0.9999999,0.9973091,0.9783034,0.9727105,0.9886743,0.99443436,0.9881723,0.78112036,0.9651218,0.99465847,0.93641037,0.75657016,0.79330486,0.9473167,0.9504472,0.9504863,0.9779298,0.94045657,0.8550944,0.88206047,0.6187269,0.6069805,0.9946853,0.9428485,0.94448984,0.9267706,0.973232,0.940219,0.8234567,0.96402425,0.970147,0.9164166,0.93635124,0.98553413,0.9471563,0.9767408,0.9483571,0.97901946,0.96140426,0.9468745,0.91123956,0.96233267,0.9381352,0.95861393,0.98010224,0.98687345,0.97106373,0.90874517,0.97406626,0.97740996,0.93192333,0.7829807,0.97676253,0.9827736,0.98590744,0.7190327,0.9882081,0.3097374,0.7051368,0.9838179,0.6955392,0.94167274,0.57828236,0.9662414,0.9561604,0.9664497,0.91076946,0.95863706,0.99301475,0.8625689,0.905213,0.94784015,0.8987156,0.98345184,0.86341625,0.99657434,0.8495128,0.9882081,0.83020514,0.9269324,0.969218,0.9821491,0.97895163,0.9964682,0.9949495,0.855936,0.92936164,0.92525846,0.7802919,0.9620469,0.9640781,0.94696885,0.98822016,0.9606408,0.97260886,0.97596157,0.9886707,0.395918,0.9453441,0.624889,0.9647883,0.9766618,0.99081504,0.7728964,0.9945539,0.9956598,0.9935891,0.9586123,0.97488177,0.97741556,0.9776922,0.9810243,0.89582,0.9079048,0.9084771,0.751939,0.9881939,0.9744452,0.9666862,0.8838976,0.9501703,0.95204014,0.96473897,0.97524714,0.9781557,0.94414544,0.9909535,0.8574101,0.93645775,0.89275914,0.9645275,0.97290885,0.94201666,0.6537956,0.9595508,0.9263679,0.9851143,0.9548319,0.97774774,0.84625185,0.90489274,0.96268255,0.96910197,0.921374,0.94817793,0.93704855,0.9909535,0.9556053,0.9783342,0.9709274,0.8661265
arcticdogsmovie,0.98515576,0.98628104,0.96873724,0.96349436,0.98149925,0.8020469,0.99370354,0.9728999,0.9869822,0.9813733,0.95367855,0.80347484,0.9555219,0.9860167,0.9973091,1.0000001,0.9759841,0.9709227,0.9862947,0.99271923,0.9811569,0.77220386,0.9571002,0.9912195,0.92210084,0.75763965,0.804297,0.9324922,0.9471107,0.9471395,0.9772141,0.93800867,0.82938945,0.86433214,0.59715796,0.5923832,0.9909893,0.93548745,0.9325029,0.92239386,0.9689079,0.92812294,0.8249872,0.9548615,0.9627329,0.9105192,0.92705315,0.9841283,0.9396599,0.9699258,0.9458776,0.9742404,0.9603342,0.93286836,0.9068375,0.95971817,0.9333273,0.948003,0.9772548,0.9797707,0.96769494,0.89446557,0.9661208,0.96646106,0.92594117,0.7626988,0.9645578,0.9767525,0.98273563,0.71479255,0.981848,0.29210153,0.69703764,0.9769834,0.67030716,0.9314849,0.5636717,0.95370686,0.9441238,0.96759355,0.9021554,0.95505065,0.9920366,0.84952116,0.9094498,0.93229264,0.9079731,0.98271,0.8415924,0.99312186,0.83113414,0.981848,0.82927126,0.9241753,0.96486354,0.98335934,0.9787188,0.990985,0.99707884,0.83093935,0.92704827,0.92242223,0.78366446,0.9528571,0.9620596,0.9430995,0.9817473,0.9546274,0.9749811,0.9674343,0.9845118,0.4152399,0.93607086,0.60985893,0.9635818,0.97428936,0.9865176,0.75306267,0.99005914,0.99362546,0.98947376,0.9513368,0.9679067,0.9736319,0.9751109,0.98375857,0.88227755,0.9004537,0.8955446,0.7673473,0.9831873,0.97739595,0.9621209,0.8679733,0.9423046,0.9471695,0.9518957,0.97131896,0.9741022,0.9449559,0.9869822,0.8572448,0.93622833,0.8938112,0.9626761,0.9690346,0.9418248,0.63835144,0.95481056,0.91425323,0.97959346,0.95019984,0.97397983,0.853222,0.89437956,0.9597265,0.95615697,0.9158826,0.93576086,0.93483716,0.9869822,0.93977517,0.96967685,0.96066564,0.87291306
arcticmovie,0.9889634,0.974272,0.99340993,0.9817415,0.990283,0.8617763,0.98126465,0.9893582,0.9901366,0.975717,0.96985465,0.8569101,0.960618,0.9858581,0.9783034,0.9759841,0.99999976,0.9875074,0.98526955,0.98426974,0.9849169,0.88002306,0.97003406,0.9713759,0.9616692,0.7270082,0.8844674,0.9751071,0.99056166,0.97671545,0.9896395,0.96150726,0.8942367,0.9052922,0.7010258,0.6561942,0.9898495,0.9786129,0.97873765,0.9623843,0.966061,0.97477573,0.8924435,0.98006415,0.9871142,0.96779513,0.95847887,0.99144423,0.9574263,0.98930025,0.9864449,0.98572326,0.93048906,0.9588243,0.96262234,0.99154794,0.96736735,0.9844127,0.9928239,0.9872872,0.9581414,0.96133643,0.98557925,0.9796221,0.9665861,0.8606791,0.9515716,0.98556525,0.97760373,0.7952709,0.99046904,0.36318284,0.82587427,0.99060243,0.75982976,0.97810227,0.6439687,0.97700965,0.9704489,0.97298694,0.9192038,0.97255003,0.9751244,0.9211931,0.9505503,0.9716285,0.9312808,0.98069,0.9219708,0.98189473,0.9182834,0.99046904,0.90398085,0.95802975,0.9791771,0.9798328,0.98546684,0.9716324,0.979307,0.88628554,0.96236145,0.96293557,0.88819754,0.9787299,0.9786013,0.98492473,0.9896393,0.97293776,0.9880701,0.96378344,0.9943171,0.40593147,0.97981995,0.67687774,0.98395586,0.9818681,0.9904147,0.83091104,0.9889619,0.9744257,0.96606576,0.9929645,0.9932957,0.96744007,0.99824446,0.9843381,0.93558,0.9623145,0.9604981,0.81829005,0.9770629,0.9670278,0.99747247,0.92850006,0.9823564,0.98205024,0.9743685,0.9736543,0.9921042,0.9762667,0.9901366,0.93849677,0.965047,0.92612684,0.9453105,0.9734713,0.9370672,0.75084174,0.96560913,0.9717551,0.9905353,0.9854997,0.981494,0.8453552,0.9442916,0.98555404,0.9572351,0.968766,0.97941625,0.9720505,0.9901366,0.9646854,0.9851358,0.9699649,0.9353389
artofracingmovie,0.9932216,0.9784935,0.978665,0.9868741,0.99063784,0.88657385,0.9762627,0.98203194,0.9869449,0.9890427,0.9785988,0.8739756,0.9836227,0.98378855,0.9727105,0.9709227,0.9875074,1.0000001,0.9882843,0.9818739,0.9783193,0.8842877,0.971496,0.9634072,0.9620016,0.72794235,0.87991506,0.94850427,0.9710289,0.97886056,0.97272396,0.97728527,0.9145022,0.8779936,0.74051005,0.7132508,0.9878381,0.9843733,0.96797436,0.97829914,0.96995544,0.9722551,0.91871095,0.97727656,0.983823,0.9699847,0.9627825,0.9788625,0.97727954,0.9884265,0.98107547,0.9944267,0.95313203,0.94871527,0.9640179,0.9832038,0.97313434,0.97722983,0.9931438,0.98632437,0.97206026,0.9554797,0.9843703,0.98132414,0.9798656,0.8637758,0.9331515,0.98958224,0.9731252,0.84076923,0.9873797,0.42807725,0.82591546,0.970459,0.793487,0.95935917,0.7109693,0.97102314,0.9761406,0.96304834,0.9369754,0.9759261,0.9794896,0.93461734,0.965,0.95940393,0.95956236,0.98846364,0.91724837,0.9813049,0.9199321,0.9873797,0.9241437,0.9588491,0.97488296,0.9881042,0.97979486,0.97485477,0.97903955,0.8927924,0.97235733,0.9618039,0.8844743,0.97519773,0.98806894,0.9799821,0.98644257,0.97896457,0.9808744,0.97038174,0.98599935,0.37036094,0.97929335,0.72637415,0.98338217,0.98810035,0.99033535,0.8533159,0.9839674,0.97246844,0.97305727,0.98455936,0.9919863,0.96337706,0.9847497,0.9772926,0.9498173,0.95623904,0.9553685,0.85493666,0.97237664,0.9870745,0.9798549,0.90053284,0.976203,0.9752459,0.9805084,0.98468184,0.99226475,0.98490435,0.9869449,0.9348143,0.9680936,0.9415665,0.9327542,0.9895726,0.95695233,0.78092366,0.9797848,0.9637392,0.98334986,0.97051495,0.9841634,0.90530175,0.9578126,0.99130684,0.96416056,0.9711514,0.97114515,0.9761514,0.9869449,0.97920865,0.9869624,0.9736622,0.9408032
avengers,0.99334604,0.98378885,0.97047096,0.9735272,0.9864904,0.8821694,0.99386835,0.98784906,0.9923996,0.9952443,0.9831151,0.83547115,0.98590523,0.9899188,0.9886743,0.9862947,0.98526955,0.9882843,1.0,0.98690397,0.98906684,0.846416,0.9776247,0.9832375,0.9528288,0.74022335,0.8508295,0.95574784,0.96033263,0.96845526,0.9886967,0.9583495,0.8977277,0.8955543,0.69795537,0.68545544,0.9954557,0.9647289,0.9675451,0.9628869,0.9896307,0.9663613,0.8904618,0.9785637,0.9826819,0.95826024,0.9637495,0.98011625,0.9790739,0.9889291,0.96362376,0.9906204,0.974561,0.9631113,0.95164555,0.9654686,0.9634632,0.97791773,0.991781,0.99433815,0.9766347,0.9311255,0.9837027,0.9891134,0.9588515,0.8344811,0.9625085,0.9861934,0.9896614,0.80643004,0.9952911,0.37946096,0.7699681,0.97546256,0.76959366,0.95886487,0.67348343,0.9761289,0.97674966,0.95432836,0.9482802,0.98587936,0.9945142,0.9093268,0.93066275,0.9541682,0.93817466,0.9961264,0.90105504,0.99243975,0.8804666,0.9952911,0.88138044,0.9616536,0.9749981,0.99455,0.9753104,0.9862085,0.99196726,0.88706124,0.9706563,0.9530188,0.83416504,0.9829922,0.9891098,0.96406686,0.9894071,0.97949755,0.9828724,0.97695494,0.9884212,0.42000228,0.96662146,0.699994,0.9712108,0.9839629,0.9917465,0.83588666,0.99312186,0.9928967,0.9899713,0.9718058,0.98273915,0.97995913,0.985004,0.9901633,0.9394227,0.9415175,0.9370989,0.8194862,0.98556066,0.97731024,0.9781207,0.8915076,0.97541773,0.9650217,0.9823872,0.97990406,0.99204785,0.97652787,0.9923996,0.9046362,0.97024804,0.9466646,0.96147835,0.97818184,0.9514825,0.731138,0.981312,0.9453792,0.99539447,0.9610973,0.98731565,0.8956126,0.9422758,0.9885579,0.9704403,0.95909905,0.96845573,0.9680338,0.9923996,0.9716012,0.9870485,0.98243105,0.90218174
beachbummovie,0.99120736,0.9857657,0.9837901,0.9685826,0.98458225,0.8157351,0.98907775,0.9742128,0.9863163,0.97971797,0.9550878,0.822255,0.9587763,0.98794603,0.99443436,0.99271923,0.98426974,0.9818739,0.98690397,1.0,0.97853434,0.8036332,0.9534283,0.9810797,0.93136907,0.7348072,0.811528,0.94642895,0.95768034,0.94833297,0.97338504,0.93938845,0.8608987,0.8713363,0.6246572,0.6083894,0.9919203,0.954505,0.9432367,0.9308452,0.96847147,0.94425166,0.855232,0.9560008,0.9672795,0.9260932,0.92650557,0.98470646,0.9497127,0.9735299,0.9621519,0.9785883,0.9465312,0.9362805,0.9261228,0.9711479,0.9372631,0.95850235,0.98181003,0.98204863,0.9574405,0.91557467,0.969092,0.972139,0.9352173,0.7880679,0.95913935,0.98228836,0.9751716,0.7361998,0.9844621,0.34607092,0.7278176,0.9799072,0.6942561,0.93943226,0.59426177,0.95849246,0.95000243,0.97236603,0.900787,0.95917016,0.9853241,0.86799604,0.93020076,0.94245857,0.9042825,0.9798606,0.8677354,0.9906523,0.8619964,0.9844621,0.84628236,0.919673,0.97715336,0.98436433,0.97758067,0.99048245,0.9893131,0.8429427,0.93566936,0.92284626,0.81705177,0.9553108,0.9669702,0.9608695,0.98451495,0.9603952,0.9776423,0.9696015,0.9860365,0.33501473,0.95082784,0.6238292,0.9668446,0.9725864,0.9899363,0.7685872,0.9896673,0.9889603,0.9826103,0.96585923,0.97974956,0.9807722,0.9806231,0.97396624,0.8950796,0.91927737,0.9140819,0.7897476,0.9753892,0.9816675,0.9710538,0.9035974,0.9498858,0.9497478,0.96172905,0.9737971,0.9779056,0.9482196,0.9863163,0.8795742,0.9366942,0.8953081,0.95068634,0.97330827,0.94664747,0.66863704,0.9609953,0.93663657,0.9827477,0.96888447,0.9698154,0.84721434,0.9024542,0.96623063,0.95632815,0.9295714,0.94873905,0.9374062,0.9863163,0.9580658,0.9742855,0.96021414,0.88926363
bernadettefilm,0.991521,0.9646689,0.9692819,0.96654016,0.9899051,0.86599463,0.9930297,0.9959524,0.99764687,0.9830296,0.9869859,0.7919916,0.9612649,0.99737585,0.9881723,0.9811569,0.9849169,0.9783193,0.98906684,0.97853434,1.0,0.8419459,0.98986334,0.99125373,0.97314537,0.76384103,0.8347441,0.9681302,0.97011775,0.97985643,0.98548096,0.9686849,0.90168625,0.9117435,0.7130016,0.6837948,0.9956171,0.96222246,0.97637737,0.9574027,0.9727343,0.9677269,0.8439836,0.9917575,0.9916515,0.94980377,0.97439873,0.98782796,0.9639224,0.9943893,0.9631397,0.9915375,0.9612901,0.97347593,0.9342591,0.97475487,0.97174823,0.9829851,0.99061525,0.99669796,0.9836082,0.9505667,0.99546003,0.9918325,0.9662285,0.84984726,0.9758177,0.9919911,0.9912228,0.77889544,0.99699867,0.3369444,0.7814171,0.99178845,0.7785994,0.9747049,0.6502195,0.9921093,0.98425394,0.9611896,0.9388172,0.9729459,0.9888743,0.9183216,0.9125743,0.9808121,0.9239571,0.9885184,0.9159478,0.99445903,0.9051533,0.99699867,0.8820886,0.96122545,0.9670878,0.97884434,0.98656845,0.9884009,0.98705584,0.9149638,0.9506699,0.9591867,0.81916064,0.9867563,0.97570455,0.96211743,0.99655634,0.97412753,0.97608376,0.9797732,0.99612063,0.44708055,0.97352064,0.7049132,0.98139405,0.99124783,0.99424446,0.8475302,0.996619,0.9856499,0.9892102,0.97973925,0.9875331,0.9653775,0.9868314,0.9884894,0.94150984,0.9403537,0.95123976,0.75811607,0.99773514,0.9662935,0.98223716,0.8893213,0.97820956,0.9821952,0.98569924,0.98521394,0.9924073,0.965743,0.99764687,0.89461774,0.9581768,0.91830856,0.9584673,0.98303276,0.9437935,0.7414702,0.9685664,0.9547489,0.99126464,0.9572296,0.9936389,0.8556442,0.95291525,0.9797441,0.98664504,0.9518644,0.976549,0.9684661,0.99764687,0.9750885,0.99545676,0.99086756,0.8937461
