movie,21bridgesmovie,47metersdown,abeautifuldaymovie,abominablemovie,adastramovie,adogsjourneymovie,aftermathmovie,aftermovie,ahiddenlifefilm,alitamovie,angelhasfallen,angrybirdsmovie,annabellemovie,annamovie,apollo11movie,arcticdogsmovie,arcticmovie,artofracingmovie,avengers,beachbummovie,bernadettefilm,blackandbluemovie,blackchristmas,blindedbythelightmovie,bombshellmovie,booksmart,breakthroughmovie,brianbanksmovie,brightburnmovie,brittanyrunsmov,captainmarvelofficial,captivestatemovie,catsmovie,charliesangels,childsplaymovie,clarathefilm,coldpursuitmovie,countdown,currentwarmovie,darkwatersmovie,detectivepikachumovie,disneyaladdin,disneyfrozen,disneymaleficent,doctorsleepmovie,dolemiteismyname,dontletgomovie,doramovie,downtonabbey_official,dumbo,escaperoom,everybodyknowsmovie,fastandfuriousmovie,fightingwmyfam,fivefeetapartfilm,fordvferrari,freaksthefilm,geminimanmovie,glassmovie,gloriabellmovie,godzillamovie,goldfinchmovie,goodboysmovie,goodliarmovie,gretafilm,halathemovie,happydeathdaymovie,harrietfilm,hellboymovie,hersmellmovie,highlifemovie,highstrungmovie,honeyboymovie,hotelmumbaifilm,httydragon,hustlemovie,hustlersmovie,isntitromantic,itmovieofficial,jayandsilentbob,johnwickmovie,jojorabbitmovie,jokermovie,judythefilm,jumanjimovie,justmercyfilm,knivesout,lalloronamovie,lastblackmansf,lastchristmasthemovie,latenightmovie,lighthousemovie,lionking,littlethemovie,littlewomenmovie,littlewoodsfilm,longshotmovie,lordsofchaosmovie,lucyintheskyfilm,mamovie2019,marriagestory,meettheaddams,meninblack,midsommarmovie,midwaymovie,missbalamovie,missinglinkfilm,motherlessbklyn,onceinhollywood,onthebasisofsex,overcomermovie,peanutbutterfalcon,petsematarymovie,piercingmovie,playingwithfire,playmobilthemovie,pomsmovie,queenandslim,rambomovie,readyornotfilm,richardjewellfilm,rocketmanmovie,scarystoriesmovie,secretlifeofpets,serenityfilm,shaftmovie,shazammovie,spidermanmovie,spiesindisguise,starwars,stormboymovie,stubermovie,taosdfilm,teenspiritmov,terminator,theaeronautsmov,thebestofenemies,thedeaddontdie,thefarewell,thehighwaymen,thehummingbirdprojectfilm,theintrudermovie,theirishmanfilm,thekitchenmovie,thelegomovie,themustangfilm,thenightingalefilm,theprodigymovie,thesunisalsoastar,theupsidefilm,tolkienmovie,toystory,triplefrontier,uglydolls,uncutgems,underthesilverlake,usmovie,wavesmovie,whatmenwant,wonderparkmovie,wrinklestheclown,xmenmovies,yardiefilm,yesterdaymovie,zombieland
21bridgesmovie,0.9999999,0.95540625,0.9668851,0.93871546,0.9484994,0.9808369,0.9756394,0.96566665,0.98948395,0.96628785,0.94024324,0.96375066,0.9708686,0.9752474,0.98870087,0.98180115,0.9744728,0.97911453,0.9786111,0.9694693,0.9763353,0.96117973,0.9771921,0.96354926,0.9653645,0.5673911,0.9460608,0.9820355,0.96796834,0.9815042,0.95666915,0.9497348,0.9593361,0.95100236,0.9158965,0.8460144,0.9724887,0.97448784,0.96765095,0.97323215,0.9555863,0.98004425,0.95589685,0.98696315,0.9767204,0.9737329,0.975784,0.9798445,0.9440169,0.98118496,0.96061033,0.9803662,0.9527487,0.95240146,0.9220071,0.9505367,0.9705949,0.98457175,0.9705511,0.9865161,0.97177386,0.9773208,0.9625448,0.9835182,0.9637479,0.9851871,0.956043,0.9667969,0.9592445,0.9601245,0.98845947,0.93704027,0.95805603,0.9796223,0.96245384,0.96859276,0.8943721,0.97218895,0.9739477,0.978125,0.94406646,0.9579282,0.98368233,0.96330315,0.9611929,0.953391,0.94664377,0.9830136,0.9798491,0.97127056,0.9565261,0.98845947,0.97828156,0.9569634,0.9640913,0.97605777,0.95965165,0.9772528,0.9734101,0.9479488,0.9607326,0.95784736,0.96493673,0.9875953,0.9505901,0.9598651,0.97150546,0.96359086,0.96734756,0.9490292,0.97404796,0.8263272,0.9664024,0.896052,0.97683126,0.98845947,0.99627024,0.9767026,0.9720096,0.9746967,0.95440495,0.9686843,0.9518607,0.9555141,0.96798235,0.9745629,0.98838496,0.94387954,0.9484034,0.92049104,0.9898628,0.94990486,0.9823238,0.95588243,0.98277307,0.98099947,0.98565584,0.95756155,0.99039567,0.972395,0.98948395,0.9579349,0.96852016,0.9474526,0.956916,0.9626027,0.95385396,0.9412563,0.9509704,0.97456646,0.974361,0.9660616,0.98172843,0.92979157,0.96358603,0.9823998,0.9743756,0.9793979,0.96916604,0.96751505,0.98948395,0.9266009,0.968334,0.9911868,0.9597049
47metersdown,0.95540625,1.0,0.95628023,0.93035966,0.96219814,0.9612688,0.9596068,0.9592085,0.9715945,0.965962,0.9638936,0.96661794,0.9753575,0.9688646,0.94794697,0.9651205,0.9373646,0.9693295,0.9287611,0.9442939,0.9572843,0.95719826,0.96456754,0.974084,0.96381915,0.57006025,0.96360505,0.95006716,0.9536295,0.95907915,0.9600034,0.963012,0.9461032,0.95232844,0.957657,0.85384035,0.9514868,0.9519205,0.94077396,0.95719254,0.9406615,0.94438136,0.90521014,0.95077133,0.94040203,0.9633445,0.9673074,0.94101477,0.91985047,0.94316405,0.96250814,0.9654168,0.9643139,0.94915074,0.93469197,0.9523485,0.9642031,0.960865,0.95760036,0.95343053,0.9819827,0.97125614,0.952022,0.959821,0.9633203,0.9486182,0.95092005,0.9364274,0.9596861,0.94771236,0.9513971,0.92882997,0.9416616,0.9444521,0.9605793,0.902897,0.82331663,0.9423348,0.95874417,0.9519274,0.96474165,0.94499135,0.97617364,0.9448834,0.95300364,0.9496535,0.969117,0.9743071,0.94187593,0.97895753,0.9598975,0.9513971,0.97474724,0.94286,0.9563352,0.95828766,0.9612364,0.95652956,0.9729668,0.9413493,0.9519406,0.9688104,0.9254024,0.95315605,0.9799552,0.96228456,0.97299033,0.9454935,0.9548271,0.9172479,0.9704321,0.8901641,0.93918467,0.8697988,0.9679049,0.9558757,0.95535034,0.92697793,0.973897,0.9534295,0.9234141,0.9743858,0.96365225,0.91783315,0.98166424,0.97144777,0.95761526,0.9526715,0.93401235,0.88528687,0.947802,0.9413008,0.96910167,0.9438679,0.96428764,0.9495572,0.9254523,0.93468136,0.95102555,0.9552787,0.9715945,0.9615059,0.96321255,0.93870497,0.9137576,0.9315735,0.92794997,0.9609482,0.94009686,0.94347376,0.9596117,0.93769926,0.9661148,0.879939,0.94398713,0.94588816,0.9680413,0.95156115,0.94098985,0.950208,0.9715945,0.94344306,0.9540749,0.9572477,0.96051633
abeautifuldaymovie,0.9668851,0.95628023,1.0000004,0.9262552,0.9714727,0.9619051,0.9756407,0.96487033,0.9832417,0.9530105,0.9542367,0.9483642,0.98283476,0.9697286,0.9607739,0.97126925,0.94262034,0.97495985,0.9668744,0.94837743,0.9747,0.97839624,0.9719767,0.9801572,0.97014004,0.5904623,0.96906435,0.9641731,0.9854166,0.95135444,0.9630696,0.9541217,0.9523153,0.9629413,0.9306679,0.8432376,0.978987,0.96097445,0.97690547,0.9670382,0.9389514,0.9818901,0.95641094,0.9759255,0.9576982,0.9591489,0.97023255,0.949806,0.93235165,0.97613716,0.97382236,0.96827877,0.9508791,0.9699762,0.92843795,0.959392,0.9676489,0.97986084,0.955595,0.9853506,0.9549459,0.97054356,0.9329542,0.967749,0.9537438,0.97621155,0.9548275,0.9607024,0.9590422,0.952166,0.9803706,0.9500246,0.93711215,0.9614989,0.9523705,0.92632365,0.85022545,0.94444007,0.9509508,0.95271486,0.9677581,0.9650259,0.9657997,0.94306225,0.97976655,0.94504917,0.9544058,0.9824218,0.9689174,0.97474027,0.9460674,0.9803706,0.97044474,0.97229475,0.9807051,0.9434865,0.94744146,0.97224534,0.97748595,0.9525113,0.95675385,0.95404947,0.94641596,0.98427564,0.9548501,0.9800746,0.9710052,0.96215814,0.96490926,0.91587067,0.9739387,0.822584,0.96031296,0.85055816,0.9644719,0.94551647,0.9682862,0.9366318,0.9774189,0.9725134,0.9231548,0.97935796,0.9498259,0.9253271,0.97126144,0.97357905,0.96596235,0.95991755,0.9650241,0.94302857,0.9726754,0.9729528,0.9767228,0.94899327,0.9728851,0.95783234,0.9602116,0.94448215,0.974494,0.95186085,0.9832417,0.9799216,0.9641465,0.9372962,0.9164402,0.9586258,0.9375866,0.95504355,0.9437312,0.96569854,0.9783655,0.9889704,0.9790722,0.9333699,0.97020453,0.9873072,0.95300555,0.96817154,0.9712596,0.95161027,0.9832417,0.9296095,0.9716405,0.96497566,0.96842325
abominablemovie,0.93871546,0.93035966,0.9262552,0.99999994,0.92451614,0.91671485,0.9358123,0.949694,0.95190126,0.9397553,0.90770257,0.8930337,0.9394076,0.9392551,0.9298208,0.93312174,0.92806876,0.9325665,0.9242754,0.9075763,0.9403068,0.91116756,0.931084,0.9257207,0.9134064,0.49816614,0.9052402,0.94512063,0.9199355,0.9102273,0.94028735,0.93176013,0.9030573,0.89308035,0.84742105,0.8369826,0.93235236,0.9333334,0.9338582,0.93283945,0.94815093,0.9276649,0.8716252,0.9270142,0.9410219,0.930821,0.93102294,0.9172862,0.8960314,0.92718637,0.9016409,0.9479059,0.8857763,0.93307465,0.9393134,0.9227704,0.92517436,0.943568,0.9517797,0.920759,0.9149528,0.9389311,0.92045057,0.94599545,0.94933176,0.9422318,0.9483103,0.94697857,0.90290517,0.93625623,0.93324053,0.91283053,0.8988649,0.9392132,0.94073844,0.9157719,0.819026,0.9362523,0.92201006,0.9017469,0.927575,0.9209108,0.93525654,0.9687886,0.90245765,0.911719,0.92427224,0.92885154,0.9228058,0.9442858,0.9328458,0.93324053,0.9163559,0.90485257,0.9264219,0.9379443,0.9072515,0.9480357,0.93568677,0.93318886,0.9302465,0.90977615,0.8846029,0.9489122,0.9214792,0.9071197,0.95707464,0.9470115,0.903906,0.93322086,0.9121491,0.7903947,0.9520952,0.8699355,0.94006157,0.92917246,0.93965834,0.9270652,0.9187363,0.93602324,0.94818735,0.92600584,0.94009435,0.95850444,0.92850775,0.94971013,0.9229984,0.8886087,0.9167914,0.8961992,0.940054,0.9301478,0.94104755,0.8824117,0.94643986,0.91189706,0.93076193,0.9088552,0.9197453,0.9417466,0.95190126,0.91342455,0.9383561,0.96857935,0.9512729,0.91184837,0.85694325,0.8945539,0.95279145,0.92407507,0.93266386,0.91903615,0.9472009,0.9063493,0.9054194,0.9252743,0.90344864,0.92202675,0.937237,0.94133645,0.95190126,0.91008186,0.936488,0.93922025,0.88459736
adastramovie,0.9484994,0.96219814,0.9714727,0.92451614,1.0,0.9547186,0.9777112,0.95314825,0.97121453,0.9518025,0.9485395,0.9356715,0.97955745,0.9562091,0.9408619,0.9622819,0.92227715,0.9729564,0.9432143,0.9245497,0.95571476,0.9677458,0.9681454,0.97890294,0.9502228,0.5986815,0.96810305,0.94927293,0.97423244,0.93073493,0.96489185,0.96182483,0.9471489,0.95843595,0.94339615,0.8454794,0.9492013,0.95498645,0.9660324,0.94002885,0.9434834,0.96416336,0.9331314,0.948444,0.9450677,0.9585077,0.96756643,0.9281549,0.92452073,0.9575279,0.964357,0.9603472,0.9443178,0.9581613,0.9301021,0.9754788,0.96077764,0.9605273,0.9635319,0.963465,0.95183337,0.96732014,0.92746675,0.95537186,0.9530164,0.9664878,0.95953256,0.95385367,0.967289,0.94720304,0.962149,0.93921703,0.9301593,0.9458972,0.94437134,0.9144946,0.82056123,0.9444177,0.95111245,0.94819695,0.9718382,0.9761369,0.96295834,0.9351895,0.969602,0.9313147,0.96119446,0.9687463,0.953835,0.96037686,0.9477144,0.962149,0.963616,0.96139354,0.95955426,0.94291604,0.9415608,0.9615415,0.9703057,0.9473071,0.9484513,0.95158976,0.9417571,0.9582311,0.95955634,0.968939,0.9741929,0.96487504,0.95441025,0.9078878,0.96229076,0.8686654,0.9579635,0.8624287,0.96022695,0.9336309,0.94396985,0.9205581,0.9696904,0.96830845,0.9225253,0.96467566,0.9453596,0.8958036,0.9645867,0.9792195,0.9527755,0.94711584,0.96575975,0.91433644,0.9520645,0.96025974,0.9568295,0.92288023,0.9599372,0.93112457,0.92912555,0.9193997,0.95292664,0.9497291,0.97121453,0.9796196,0.96679425,0.9470617,0.9181159,0.9463416,0.92656857,0.971416,0.9580816,0.9338854,0.98188394,0.9531087,0.9732521,0.89728683,0.95809686,0.96067035,0.96150684,0.9636879,0.9528375,0.94500476,0.97121453,0.9458219,0.9668251,0.9597211,0.9615606
adogsjourneymovie,0.9808369,0.9612688,0.9619051,0.91671485,0.9547186,1.0,0.975884,0.9600839,0.98413724,0.95069754,0.9400724,0.9685764,0.967881,0.98130274,0.98108965,0.9805457,0.9685532,0.9703976,0.96511495,0.9651773,0.9718222,0.96473897,0.9873271,0.9618611,0.9743818,0.556806,0.9661873,0.9838724,0.9655524,0.9658723,0.974739,0.9495417,0.972799,0.94964296,0.94162065,0.84840894,0.96113634,0.9740235,0.96884346,0.96192163,0.93714374,0.9789445,0.9584767,0.98903304,0.95263654,0.96841186,0.98284316,0.9648731,0.94916666,0.98267704,0.96673524,0.9785868,0.9783002,0.9653259,0.91582364,0.9471695,0.9728634,0.9852506,0.9749202,0.9729949,0.9713538,0.9693054,0.9484033,0.9755248,0.95808274,0.9764161,0.96259016,0.9573844,0.9622749,0.9631786,0.9768805,0.93315655,0.9512663,0.97475976,0.9676355,0.94573677,0.87253004,0.954303,0.9820728,0.9845726,0.9464313,0.9666477,0.97339064,0.9499602,0.97510666,0.9691999,0.9608791,0.9760624,0.97815704,0.9696283,0.93204445,0.9768805,0.9832875,0.9629032,0.96353245,0.97659004,0.97559583,0.97213125,0.9683653,0.9678882,0.9533423,0.96549195,0.97437936,0.9725853,0.964944,0.9671589,0.97116023,0.9431363,0.9588839,0.92330885,0.97994316,0.86531854,0.94434595,0.92054015,0.9782451,0.97092974,0.9834182,0.9758404,0.9743481,0.9800405,0.91653305,0.96945,0.96020657,0.94982404,0.98134065,0.9818942,0.970841,0.96469307,0.95143324,0.9337756,0.98044497,0.9507007,0.98375636,0.95158213,0.9742238,0.95572835,0.9671935,0.95841604,0.9763138,0.9650704,0.98413724,0.970491,0.96423787,0.9241178,0.9263611,0.9550508,0.96363145,0.9643979,0.93067753,0.96279037,0.9753872,0.96261024,0.97760886,0.8979965,0.96709245,0.9693467,0.98202527,0.978247,0.9587968,0.95253754,0.98413724,0.95192456,0.96544784,0.99001396,0.9675716
aftermathmovie,0.9756394,0.9596068,0.9756407,0.9358123,0.9777112,0.975884,1.0000001,0.9558534,0.9829946,0.9439601,0.9503107,0.9489678,0.97637767,0.96837485,0.9687555,0.9747163,0.94987136,0.97532505,0.9633227,0.952574,0.97599965,0.9658338,0.9796807,0.9838926,0.97072977,0.59843135,0.9626214,0.975819,0.9725838,0.95398,0.97479194,0.9481526,0.96828103,0.9428127,0.9294622,0.84870595,0.95857334,0.9773285,0.97124475,0.959294,0.9619253,0.9769719,0.9490799,0.97634137,0.95851153,0.9778693,0.984079,0.965006,0.9294821,0.9754358,0.96835846,0.9708426,0.95798254,0.9638796,0.93631583,0.95003504,0.9716075,0.9819984,0.973764,0.9770732,0.96175724,0.9709611,0.9490952,0.97542083,0.9706262,0.9826898,0.97674006,0.96365565,0.97537166,0.94470817,0.9757271,0.9436174,0.92821896,0.9782821,0.95246726,0.9426869,0.8638081,0.9564414,0.9767617,0.96831405,0.96301264,0.98752326,0.97727925,0.942603,0.9759537,0.9585797,0.96945846,0.9712653,0.9755542,0.9632679,0.94215465,0.9757271,0.9706541,0.956296,0.9614707,0.96394974,0.9699081,0.97046375,0.9847046,0.9606727,0.9642889,0.9769202,0.9598326,0.9723798,0.96607745,0.9742267,0.9735783,0.9588259,0.9579587,0.93615717,0.9713087,0.8712646,0.96755505,0.8864922,0.97764677,0.96147734,0.9760439,0.95827574,0.96994245,0.9930657,0.9274521,0.96952116,0.9599953,0.9270921,0.9726829,0.9804695,0.9646632,0.95832235,0.9636072,0.9162608,0.9850553,0.959941,0.9741758,0.94003576,0.9769034,0.95245594,0.969216,0.9446372,0.9731547,0.9722699,0.9829946,0.9729294,0.98313195,0.9506696,0.93208534,0.9474818,0.9428541,0.9632338,0.94483715,0.9500237,0.9923876,0.9647447,0.98936236,0.8919911,0.96732783,0.9706486,0.97533906,0.97011876,0.9642344,0.9643734,0.9829946,0.9428011,0.98143667,0.9761804,0.9693892
aftermovie,0.96566665,0.9592085,0.96487033,0.949694,0.95314825,0.9600839,0.9558534,0.99999994,0.98029816,0.9602168,0.9325575,0.94955206,0.96905714,0.9630089,0.9599793,0.9663795,0.9614221,0.96635705,0.96479005,0.9446092,0.9785924,0.94842184,0.9555034,0.9507649,0.95385575,0.5316711,0.9471592,0.9601815,0.96232486,0.9574697,0.96726966,0.9643933,0.91851526,0.9330952,0.9227248,0.8930756,0.9778756,0.9521955,0.9684877,0.9719813,0.92952377,0.9632254,0.9457919,0.9677678,0.9560279,0.9556372,0.94794506,0.95819676,0.9566368,0.96605057,0.9457784,0.97666556,0.93653023,0.9612713,0.96803015,0.96348447,0.9535505,0.96404195,0.95283467,0.96403074,0.9507043,0.9545678,0.93590444,0.9579784,0.94311035,0.9632866,0.9455356,0.9406871,0.9359624,0.97173154,0.9670633,0.9413085,0.9547047,0.9529175,0.9581917,0.925086,0.8565189,0.94322324,0.93000543,0.9394107,0.9453031,0.95790726,0.9598265,0.9711526,0.95379704,0.94306177,0.9504418,0.9736913,0.949833,0.9733354,0.9546266,0.9670633,0.9697997,0.96632123,0.9573487,0.95494497,0.9410601,0.96854216,0.96219814,0.93836707,0.94784796,0.92737824,0.9165615,0.974532,0.9380456,0.94820076,0.9655588,0.9518128,0.9459481,0.92569476,0.9576249,0.8242033,0.9459317,0.87751967,0.9525932,0.9485997,0.9700356,0.93610215,0.9707498,0.96055114,0.9459135,0.95887464,0.96971434,0.95751065,0.9758566,0.9735051,0.9565246,0.9344331,0.96191466,0.9259068,0.96209323,0.9714728,0.97211933,0.9199272,0.96461105,0.9620496,0.9484342,0.95624465,0.96702456,0.94466716,0.98029816,0.95251685,0.9526336,0.9401607,0.943119,0.9665461,0.934116,0.94717234,0.958309,0.97313124,0.95539474,0.96348983,0.97013336,0.94196814,0.9545178,0.96927774,0.94947296,0.9505834,0.9671503,0.9360739,0.98029816,0.8999257,0.94988304,0.96868217,0.9353518
ahiddenlifefilm,0.98948395,0.9715945,0.9832417,0.95190126,0.97121453,0.98413724,0.9829946,0.98029816,0.99999994,0.9736976,0.96258366,0.97132933,0.9856687,0.9907931,0.9872202,0.9891908,0.97305727,0.9903687,0.97929513,0.97242194,0.9879214,0.980066,0.98692083,0.9811828,0.9753299,0.57327074,0.9706163,0.98530906,0.98566186,0.97827846,0.9758903,0.97411156,0.967001,0.9656264,0.9316796,0.86302495,0.98679197,0.97423786,0.9845617,0.9797653,0.96732306,0.98352087,0.9525586,0.9881573,0.97727495,0.98048073,0.9855013,0.9765718,0.95538163,0.9841773,0.9792827,0.9899559,0.9632603,0.97233504,0.9417848,0.97196025,0.9837267,0.9909932,0.97932446,0.9892952,0.9777428,0.9816526,0.96415395,0.99034077,0.96912396,0.98941046,0.9695562,0.97673756,0.97332036,0.97586644,0.9927226,0.96292835,0.9598976,0.9848235,0.9663809,0.9600165,0.8705971,0.977219,0.973565,0.9719002,0.97000015,0.97243536,0.98944837,0.9680975,0.97667027,0.9606941,0.9722428,0.9904603,0.98205376,0.988545,0.9681131,0.9927226,0.9841924,0.9780645,0.9821869,0.9774679,0.9663773,0.98877096,0.98513114,0.96462,0.97341365,0.96275157,0.9601181,0.99211746,0.9687351,0.97996914,0.98896986,0.9780555,0.97347486,0.95217776,0.9857449,0.84222543,0.97505015,0.8969977,0.9835482,0.97948694,0.98915774,0.96895707,0.988558,0.9836087,0.96208614,0.98055726,0.9730044,0.95607895,0.985456,0.9878828,0.9830237,0.9645992,0.9601096,0.9340437,0.9888025,0.97199386,0.99360734,0.9596743,0.9909065,0.9761463,0.97812724,0.9630425,0.98862,0.978619,0.99999994,0.9814691,0.9818622,0.9609151,0.9567226,0.9707286,0.9566828,0.9630259,0.96821874,0.9759265,0.98398626,0.9747742,0.9905422,0.9418774,0.975635,0.98878527,0.9783322,0.9838381,0.98331857,0.9738249,0.99999994,0.94865555,0.9819026,0.9920807,0.9733457
alitamovie,0.96628785,0.965962,0.9530105,0.9397553,0.9518025,0.95069754,0.9439601,0.9602168,0.9736976,1.0000001,0.9466915,0.94053626,0.96126485,0.9637953,0.9578637,0.97003907,0.9475567,0.9724904,0.94410694,0.9536851,0.96626514,0.9584092,0.96035033,0.9468461,0.9452083,0.50684714,0.94201905,0.95076925,0.95142347,0.9626934,0.93905103,0.96213025,0.93801403,0.9528938,0.9119816,0.8170263,0.96616673,0.9426484,0.9472897,0.9603255,0.9463739,0.95753825,0.903826,0.95872366,0.9584064,0.95871043,0.95562017,0.9434919,0.91936857,0.95593953,0.9484457,0.968784,0.9329849,0.93227357,0.9206683,0.9673933,0.9635007,0.96557695,0.9529621,0.95804447,0.9637761,0.97704655,0.9471958,0.96629745,0.9451029,0.96208954,0.93228567,0.9643453,0.9306196,0.9630023,0.9652124,0.9269398,0.96658725,0.9475187,0.9524031,0.9415029,0.82611525,0.96055675,0.94269514,0.94103307,0.9410271,0.9313954,0.9676736,0.9627736,0.9329525,0.9210996,0.94456804,0.96926576,0.94904184,0.9716207,0.96636,0.9652124,0.96509236,0.95422876,0.96324134,0.95786154,0.9296155,0.97310984,0.95006204,0.9295474,0.9527312,0.9373105,0.9310623,0.9684121,0.94088423,0.95114577,0.9614442,0.9679333,0.96218824,0.9443895,0.94903916,0.8303177,0.94291073,0.8784523,0.96745014,0.9576142,0.96099097,0.9404738,0.96417826,0.9450247,0.95623565,0.95324427,0.9468896,0.9404362,0.9611516,0.96926963,0.966625,0.9201204,0.9251117,0.9019283,0.96054614,0.9342498,0.9648781,0.91878414,0.96837866,0.964504,0.9435799,0.9355014,0.9608798,0.96012837,0.9736976,0.9554518,0.9545268,0.94869775,0.9516444,0.9450783,0.92145365,0.92800206,0.96377385,0.9599629,0.9533826,0.9444807,0.9561526,0.91657585,0.9387636,0.9585871,0.9382766,0.96347547,0.95537037,0.9438653,0.9736976,0.9292569,0.94580996,0.9645371,0.936915
angelhasfallen,0.94024324,0.9638936,0.9542367,0.90770257,0.9485395,0.9400724,0.9503107,0.9325575,0.96258366,0.9466915,0.99999976,0.94365495,0.9521728,0.9593143,0.94395167,0.9510895,0.9211608,0.9681085,0.91089034,0.95440984,0.95375556,0.9540254,0.96603304,0.9613752,0.94548345,0.6154843,0.9637628,0.93347687,0.95086336,0.9399059,0.94485116,0.95831114,0.9542419,0.9569779,0.9236941,0.8708841,0.9424724,0.92249286,0.9502762,0.9453738,0.9573268,0.93004787,0.88129425,0.93574435,0.92608106,0.9483857,0.96772933,0.927965,0.89833593,0.92494386,0.9630466,0.94859004,0.9468022,0.9371479,0.90961176,0.94223577,0.950546,0.9503675,0.94990945,0.9551471,0.9691203,0.9460199,0.9439848,0.94974685,0.9323185,0.95474803,0.92881274,0.9447303,0.97407866,0.94642264,0.9499117,0.9257,0.92072415,0.93963623,0.91298777,0.89965975,0.8165409,0.9486693,0.94735205,0.92727464,0.9821605,0.9240201,0.96706164,0.9048813,0.9498106,0.9379145,0.966688,0.95530987,0.9318522,0.9709105,0.9409671,0.9499117,0.9414702,0.93963677,0.9509818,0.9578738,0.9623074,0.95998716,0.9650317,0.95001775,0.94737124,0.9508861,0.92037666,0.9464068,0.9598312,0.96448034,0.9648292,0.945533,0.9327211,0.91899294,0.9693775,0.850971,0.9402744,0.8706524,0.9582618,0.9555646,0.9444113,0.9039594,0.957804,0.95130473,0.9203841,0.9520771,0.9482788,0.8935841,0.9629472,0.9593617,0.9467189,0.9350159,0.90200055,0.86649156,0.93707997,0.929212,0.949872,0.9454971,0.9666598,0.9285387,0.91902846,0.9144988,0.9438626,0.95541054,0.96258366,0.9698607,0.960126,0.93710446,0.883309,0.9239993,0.91204447,0.9408596,0.9208317,0.9232896,0.95197564,0.92320204,0.9517746,0.89884263,0.9184216,0.93968564,0.9501332,0.9477606,0.92920583,0.9407237,0.96258366,0.9529618,0.9393983,0.9443779,0.95698076
angrybirdsmovie,0.96375066,0.96661794,0.9483642,0.8930337,0.9356715,0.9685764,0.9489678,0.94955206,0.97132933,0.94053626,0.94365495,1.0,0.9578854,0.97303295,0.9722472,0.96582913,0.9335189,0.96698576,0.94927067,0.96137136,0.9514081,0.9599904,0.9610643,0.9575977,0.9487594,0.5495806,0.9405522,0.9495462,0.96257436,0.97007406,0.94270414,0.94625294,0.94007003,0.9535147,0.9336001,0.86406463,0.9523359,0.93753374,0.9481769,0.95277464,0.9306433,0.9460103,0.9366217,0.9648778,0.94015026,0.95145726,0.96190494,0.9654945,0.9399124,0.95314467,0.9714239,0.96231043,0.9650234,0.94227207,0.88403136,0.9360109,0.96169573,0.9521497,0.93912923,0.96673745,0.9761284,0.9430906,0.9504268,0.9695943,0.9343294,0.942721,0.9291983,0.92550635,0.96503025,0.943978,0.96616596,0.93687624,0.9397696,0.9559304,0.9382222,0.928161,0.8771275,0.94868916,0.9467175,0.95048946,0.9460567,0.9383199,0.97264624,0.9303108,0.9614695,0.94266003,0.94847155,0.9737372,0.94824725,0.96389157,0.9381127,0.96616596,0.97291714,0.9555041,0.948364,0.9618658,0.96380335,0.95203745,0.963755,0.92256176,0.9387981,0.936728,0.9349504,0.95667803,0.96291226,0.9621955,0.9627977,0.9350733,0.94560003,0.9115592,0.97643644,0.8436609,0.93279266,0.86141455,0.94942796,0.9665886,0.9619978,0.9435591,0.9752244,0.9452348,0.925691,0.9552967,0.954112,0.9096419,0.9684093,0.9518252,0.961652,0.9571832,0.9166847,0.8606487,0.94964397,0.9395721,0.9681511,0.94963807,0.9565966,0.9565086,0.9398299,0.9409354,0.9724814,0.94640017,0.97132933,0.9569137,0.9464443,0.919025,0.9117932,0.95168453,0.95473146,0.9570226,0.93005,0.9416082,0.9508473,0.93095064,0.9575861,0.91138405,0.95908093,0.9579129,0.97584367,0.9638671,0.9434992,0.94235903,0.97132933,0.92080873,0.9541189,0.9628092,0.9731241
annabellemovie,0.9708686,0.9753575,0.98283476,0.9394076,0.97955745,0.967881,0.97637767,0.96905714,0.9856687,0.96126485,0.9521728,0.9578854,1.0000001,0.97299623,0.9669898,0.9757327,0.9519312,0.98360175,0.9619394,0.94051707,0.96512616,0.97778237,0.9747221,0.9896489,0.96840835,0.5610985,0.966506,0.9755571,0.98198706,0.9561966,0.9672729,0.9705962,0.9477773,0.96098953,0.9445137,0.8390423,0.9765477,0.9767528,0.97089875,0.96404177,0.9420085,0.97785103,0.9506371,0.97200936,0.9645798,0.9640803,0.97371525,0.9496749,0.943857,0.9752945,0.97421885,0.97413963,0.9554112,0.9620128,0.93606514,0.9716747,0.9599387,0.9804585,0.96740353,0.97912174,0.97325027,0.97677654,0.94028497,0.97258145,0.97056955,0.9724139,0.9671244,0.95361745,0.97031784,0.95993835,0.9776268,0.9400842,0.9453702,0.9651552,0.9650309,0.92375094,0.8488071,0.94974357,0.96097976,0.95928293,0.9682264,0.9675947,0.97874564,0.9580031,0.9729086,0.93850964,0.96994495,0.9888595,0.9626176,0.9766316,0.96151495,0.9776268,0.9778151,0.96454954,0.982674,0.9539622,0.9462392,0.9684115,0.98292416,0.94995177,0.9601361,0.9526978,0.9436889,0.9813526,0.96663254,0.9735984,0.98635364,0.96855897,0.9705708,0.91815513,0.9754458,0.85522693,0.97134334,0.8527502,0.96787626,0.9568577,0.96797603,0.94173056,0.98225427,0.97379994,0.9416867,0.9938165,0.96148944,0.9291668,0.98079246,0.982527,0.9696931,0.96407866,0.9667859,0.9392029,0.9694663,0.9705053,0.9807254,0.956881,0.9769034,0.95789135,0.9493046,0.94234914,0.97268444,0.95911634,0.9856687,0.9798608,0.964991,0.9519089,0.9346619,0.9533877,0.9363693,0.96965015,0.9609573,0.96537876,0.9826569,0.9732518,0.98501164,0.92251194,0.972712,0.98081344,0.97003245,0.9728778,0.97461534,0.9719216,0.9856687,0.94722176,0.97732157,0.9707019,0.96552396
annamovie,0.9752474,0.9688646,0.9697286,0.9392551,0.9562091,0.98130274,0.96837485,0.9630089,0.9907931,0.9637953,0.9593143,0.97303295,0.97299623,0.99999994,0.9828324,0.9819352,0.96280384,0.978068,0.9738916,0.9761899,0.97468305,0.9796256,0.9818105,0.9736866,0.9731611,0.56905216,0.9647629,0.9786257,0.9755946,0.9760988,0.97674835,0.9746572,0.9704962,0.9673476,0.91565937,0.8424335,0.9781688,0.95555395,0.9706858,0.97057515,0.96586955,0.9692806,0.9327486,0.9796906,0.9633156,0.9768514,0.9828052,0.9609413,0.9435356,0.9723761,0.9796585,0.9826831,0.96327245,0.96681064,0.91808176,0.96623814,0.9861357,0.9799047,0.96912915,0.97197235,0.97283304,0.9725305,0.9570399,0.9903536,0.96288896,0.97548026,0.95313036,0.9733269,0.96498466,0.9740082,0.9801249,0.9471855,0.95651716,0.98511994,0.95773804,0.9483088,0.8453185,0.97508377,0.96868855,0.9648788,0.9632369,0.95398,0.9858393,0.9519802,0.966412,0.9600627,0.97051316,0.97902286,0.97615933,0.9862473,0.9609121,0.9801249,0.9770546,0.97154355,0.9791648,0.971316,0.95867753,0.98681444,0.9751967,0.96418124,0.9780101,0.9568004,0.9482194,0.97846395,0.9788314,0.9794178,0.98475105,0.9721767,0.9617603,0.9540464,0.97903854,0.8286896,0.9602635,0.88643515,0.9782182,0.9717309,0.97331536,0.96885645,0.97669333,0.9691436,0.9530645,0.9699819,0.9715988,0.94520396,0.9771522,0.98169774,0.9719536,0.974576,0.9303981,0.9205061,0.97788966,0.94695115,0.99114805,0.9597683,0.98022586,0.96497226,0.9689537,0.95659924,0.97344524,0.9785272,0.9907931,0.97989887,0.97816944,0.95723575,0.9509349,0.95749086,0.94134504,0.9529904,0.9627432,0.9539259,0.9737357,0.9536487,0.9772477,0.92099863,0.96910155,0.97409177,0.9721802,0.9763297,0.97047466,0.9661087,0.9907931,0.9608796,0.97307944,0.982118,0.97320914
apollo11movie,0.98870087,0.94794697,0.9607739,0.9298208,0.9408619,0.98108965,0.9687555,0.9599793,0.9872202,0.9578637,0.94395167,0.9722472,0.9669898,0.9828324,0.9999999,0.97710186,0.96552926,0.9800417,0.97340953,0.97775143,0.9753805,0.9672672,0.98232424,0.96230245,0.96213096,0.5457762,0.9466791,0.9814169,0.9706205,0.972151,0.95802194,0.95802253,0.96041656,0.952676,0.9048949,0.8377965,0.97538006,0.9680282,0.9722913,0.9664201,0.9593452,0.9742728,0.9542283,0.9886142,0.9626528,0.96381474,0.98099726,0.97478,0.9537811,0.98037934,0.9715078,0.9793268,0.9613673,0.9584075,0.9059158,0.94736123,0.96672106,0.9800376,0.9694477,0.9813693,0.9727986,0.9605953,0.9464922,0.98811173,0.95689064,0.9782966,0.9516959,0.96733737,0.9638381,0.96721673,0.9858574,0.9339011,0.94849974,0.98825765,0.9461854,0.96403974,0.8842967,0.9704828,0.96631485,0.96415776,0.94942296,0.95733285,0.98056036,0.94868815,0.96528983,0.95233256,0.95849776,0.97453,0.9707107,0.96818733,0.94243616,0.9858574,0.9690387,0.96255136,0.9726924,0.98172104,0.959924,0.97864896,0.96978915,0.9519688,0.95718753,0.9402501,0.95878667,0.98288894,0.95054543,0.96830875,0.97479445,0.9586063,0.96067464,0.9452725,0.9733111,0.8250014,0.9568339,0.8853946,0.9679787,0.98228717,0.9877421,0.9758138,0.97371507,0.97711825,0.9531329,0.96383494,0.9668067,0.9529168,0.96852905,0.97297376,0.97144204,0.9551637,0.93325233,0.9121596,0.9859258,0.94637614,0.9825542,0.95219576,0.9786906,0.9663486,0.9774539,0.9583226,0.9871268,0.9700575,0.9872202,0.9675583,0.9617053,0.9466044,0.9476573,0.96413696,0.95209783,0.9478995,0.95512336,0.9667379,0.97389776,0.9565854,0.9770784,0.9339342,0.9724392,0.9780316,0.9720474,0.9860991,0.96665835,0.9625061,0.9872202,0.9393467,0.973429,0.98596716,0.96505266
arcticdogsmovie,0.98180115,0.9651205,0.97126925,0.93312174,0.9622819,0.9805457,0.9747163,0.9663795,0.9891908,0.97003907,0.9510895,0.96582913,0.9757327,0.9819352,0.97710186,1.0000001,0.95848495,0.97629946,0.96998274,0.97244364,0.9756841,0.9744744,0.9800015,0.9720224,0.9626132,0.5620637,0.9533583,0.9830524,0.9693969,0.9727604,0.96758634,0.9497654,0.9663706,0.95362705,0.94219834,0.86414385,0.97775024,0.9741471,0.96024257,0.9634104,0.9503099,0.98356813,0.9530697,0.9831864,0.9781063,0.9838894,0.9764649,0.96950716,0.9237726,0.98482376,0.9645217,0.9701681,0.9528568,0.9584142,0.92187405,0.96646583,0.9778508,0.98756856,0.96343243,0.98046213,0.9668874,0.9810259,0.96783835,0.9848103,0.95461094,0.98311406,0.951608,0.9567812,0.96074224,0.9590511,0.98571646,0.9503951,0.9560988,0.9797066,0.9784844,0.96005034,0.8840814,0.97431535,0.97267795,0.96049374,0.94821477,0.9601003,0.9782294,0.96556395,0.95786077,0.94869924,0.96725965,0.98024964,0.9831376,0.9695961,0.95602053,0.98571646,0.9754032,0.964326,0.9771459,0.9694676,0.9575934,0.97657263,0.9659335,0.96177703,0.9737619,0.960849,0.9445433,0.98508906,0.9596317,0.9685826,0.97231156,0.97386813,0.96159285,0.9437294,0.9695617,0.8508686,0.97193664,0.9036017,0.9781799,0.9743823,0.9804333,0.97767055,0.973032,0.97257733,0.9412917,0.9766992,0.9497444,0.94872344,0.98259723,0.9821695,0.97719353,0.94977486,0.9455035,0.9222395,0.98301387,0.9642238,0.9842364,0.9423647,0.9850061,0.9670741,0.9747758,0.93591577,0.9829858,0.9729216,0.9891908,0.97314036,0.97355443,0.9528322,0.950734,0.95354325,0.94379675,0.9605901,0.9521004,0.9666771,0.96800685,0.97001165,0.97305036,0.9170452,0.9748606,0.97783995,0.96395963,0.97774637,0.97781175,0.965693,0.9891908,0.94061196,0.9656165,0.98245835,0.95862436
arcticmovie,0.9744728,0.9373646,0.94262034,0.92806876,0.92227715,0.9685532,0.94987136,0.9614221,0.97305727,0.9475567,0.9211608,0.9335189,0.9519312,0.96280384,0.96552926,0.95848495,1.0000001,0.9480504,0.959419,0.94843554,0.9610661,0.93916,0.95880526,0.9373401,0.9642434,0.5301306,0.9304478,0.9794251,0.9462952,0.96402204,0.9566651,0.9467252,0.93556243,0.9136407,0.8879831,0.8259559,0.96333796,0.95630205,0.9541622,0.9541534,0.9345073,0.9500274,0.9170438,0.9682294,0.9443711,0.9507665,0.9521058,0.94913095,0.9440588,0.95276517,0.9422849,0.966233,0.92542243,0.9302306,0.9421054,0.9339899,0.9480559,0.96926886,0.9616447,0.9486889,0.9586045,0.9622616,0.94789964,0.9605732,0.941454,0.9732985,0.9329982,0.94163793,0.93023473,0.97135884,0.9595884,0.9210124,0.95444566,0.9580956,0.94264674,0.92545354,0.8397061,0.938667,0.953134,0.96389765,0.9184918,0.9371363,0.9653566,0.9548126,0.946788,0.9559826,0.941823,0.95992893,0.95578414,0.95836616,0.95431674,0.9595884,0.9710702,0.94359875,0.9502873,0.9582411,0.94348013,0.9733612,0.9523591,0.9442152,0.9484824,0.94147384,0.94966644,0.9598748,0.9346692,0.9416573,0.9504477,0.94418144,0.94803864,0.922412,0.9521013,0.82797945,0.9381471,0.90285844,0.96011657,0.9611806,0.97414875,0.95399046,0.94873273,0.95698977,0.9447629,0.9534545,0.95624936,0.9566036,0.9614377,0.9622087,0.9574431,0.94034916,0.9384158,0.92869365,0.97029686,0.9280923,0.97924066,0.9590248,0.96528137,0.95989114,0.9602075,0.9509322,0.95564854,0.95407206,0.97305727,0.9394832,0.95804346,0.9226153,0.951874,0.92828244,0.9346882,0.91875,0.92914206,0.96109664,0.9482932,0.94300807,0.962118,0.90757066,0.9328069,0.9572387,0.95600367,0.9439784,0.9587153,0.95208174,0.97305727,0.9210528,0.93609786,0.98001987,0.9306686
artofracingmovie,0.97911453,0.9693295,0.97495985,0.9325665,0.9729564,0.9703976,0.97532505,0.96635705,0.9903687,0.9724904,0.9681085,0.96698576,0.98360175,0.978068,0.9800417,0.97629946,0.9480504,1.0000001,0.96162194,0.95763266,0.9803982,0.9735831,0.98027253,0.97970146,0.9623506,0.55941767,0.9740463,0.9651613,0.98076564,0.97077763,0.95439225,0.97724164,0.9593643,0.9699735,0.93239164,0.8453569,0.9758533,0.96257645,0.9813549,0.97226024,0.9592232,0.9727017,0.9417017,0.97593,0.96842253,0.96864855,0.9817582,0.97047096,0.9534986,0.97361475,0.9790483,0.9837136,0.96489567,0.9625117,0.92155236,0.9731499,0.9728457,0.9790413,0.9720345,0.9889342,0.9754999,0.97051746,0.95168674,0.97924876,0.95787024,0.97366875,0.96359336,0.9735643,0.9784522,0.96574897,0.98681283,0.94594157,0.9528239,0.97275424,0.9446544,0.95343757,0.85418147,0.97318834,0.9629249,0.9616457,0.9765854,0.96770537,0.98689264,0.945168,0.97139347,0.93687,0.9675848,0.9878896,0.9645557,0.98316437,0.9584533,0.98681283,0.975315,0.97589976,0.97483814,0.97032773,0.9574549,0.9743333,0.9829549,0.94708836,0.9568563,0.94880676,0.95389,0.9826466,0.9593353,0.9770002,0.98534125,0.968955,0.97458,0.9446884,0.983702,0.83772933,0.9657688,0.8647301,0.9773121,0.9739115,0.9772108,0.9439851,0.9917702,0.9777596,0.9571132,0.9739082,0.96419233,0.9296493,0.9751296,0.9799971,0.9780325,0.95740044,0.9496991,0.9107424,0.9755216,0.9661426,0.9774499,0.94835436,0.9843828,0.96895254,0.95840573,0.9552898,0.9846234,0.9696535,0.9903687,0.98200953,0.969035,0.9495358,0.9367147,0.96925694,0.95628494,0.9602002,0.9670137,0.9694894,0.9835243,0.96194416,0.98162913,0.9358866,0.9705757,0.9827362,0.97593784,0.9841557,0.97095615,0.96833456,0.9903687,0.94418603,0.9816846,0.9804338,0.97439647
avengers,0.9786111,0.9287611,0.9668744,0.9242754,0.9432143,0.96511495,0.9633227,0.96479005,0.97929513,0.94410694,0.91089034,0.94927067,0.9619394,0.9738916,0.97340953,0.96998274,0.959419,0.96162194,1.0000001,0.9602589,0.96476054,0.96320295,0.95675987,0.9527167,0.950419,0.5599511,0.92534274,0.9728813,0.9679043,0.9724922,0.962692,0.9476957,0.9435525,0.9441049,0.8852943,0.8291545,0.9742561,0.9476057,0.962572,0.9626231,0.93891245,0.97622144,0.95909023,0.97964716,0.97027785,0.96932113,0.9550743,0.96440244,0.93480927,0.9791902,0.9534625,0.967207,0.9208236,0.9434716,0.90819645,0.9614979,0.9659748,0.96908647,0.94163895,0.97187656,0.9395934,0.95794284,0.9402189,0.9769452,0.9406555,0.9711564,0.9317877,0.9572859,0.9350749,0.95926845,0.98177063,0.93163085,0.96267986,0.97788227,0.9498979,0.96014875,0.8740573,0.964847,0.94059414,0.9554237,0.9244647,0.95074916,0.96736854,0.9556903,0.95145327,0.9308338,0.9287106,0.9716093,0.97750926,0.9578669,0.95136285,0.98177063,0.96732587,0.96279275,0.96067077,0.9461445,0.92285293,0.9726781,0.95796853,0.9333782,0.9705136,0.92536503,0.93747413,0.979911,0.942,0.954726,0.95891166,0.9673629,0.9468141,0.9454831,0.9519409,0.78065723,0.9617587,0.8536258,0.95799494,0.9593235,0.9707225,0.9685493,0.9574525,0.9587576,0.9521608,0.9517543,0.9417446,0.94173026,0.9495341,0.9658361,0.97470796,0.9471477,0.9352859,0.92951614,0.97837377,0.9423019,0.97627836,0.9358957,0.96688086,0.97490656,0.97711354,0.9451257,0.97732,0.9660216,0.97929513,0.95441985,0.96084476,0.9463743,0.96422976,0.9597598,0.9288517,0.9286032,0.95722115,0.9581671,0.9673117,0.9599681,0.97069347,0.92845756,0.96330464,0.98270816,0.95132756,0.96646214,0.97436124,0.9543653,0.97929513,0.9088743,0.9588093,0.97397983,0.9480278
beachbummovie,0.9694693,0.9442939,0.94837743,0.9075763,0.9245497,0.9651773,0.952574,0.9446092,0.97242194,0.9536851,0.95440984,0.96137136,0.94051707,0.9761899,0.97775143,0.97244364,0.94843554,0.95763266,0.9602589,1.0,0.96318245,0.9581253,0.9696998,0.94557077,0.9436114,0.60805076,0.9252482,0.96130157,0.9454078,0.97102386,0.956747,0.940983,0.96446854,0.9428395,0.90435183,0.861469,0.95878357,0.93486345,0.9419798,0.9537683,0.96247655,0.9531232,0.9223142,0.96822894,0.95009863,0.9738579,0.9673893,0.96087354,0.9035021,0.95600486,0.95205975,0.95558196,0.9395292,0.93063587,0.8942699,0.94152975,0.96472645,0.9623929,0.9412132,0.9597406,0.9666812,0.95178044,0.95620143,0.97710353,0.9362173,0.9701676,0.91571736,0.9492465,0.94705105,0.955522,0.97015107,0.9304723,0.95122635,0.9737272,0.9381426,0.95470244,0.8835591,0.97330606,0.951495,0.9460151,0.9379667,0.92523867,0.97159076,0.93215114,0.93671936,0.9532311,0.94671214,0.9542322,0.9655714,0.9599455,0.94249386,0.97015107,0.9494326,0.9377983,0.95384,0.97259563,0.9550073,0.9751885,0.950403,0.94791526,0.9705995,0.94556177,0.9284351,0.9638026,0.95472664,0.9539,0.9550948,0.9551845,0.9279204,0.9493043,0.9547773,0.84310156,0.94255894,0.90458727,0.9577245,0.97730017,0.96785605,0.9707189,0.9550294,0.9556793,0.93837667,0.9432695,0.9488402,0.9409439,0.95944566,0.9624187,0.9648323,0.9274712,0.89122576,0.87710565,0.9672514,0.91749746,0.9681195,0.94036305,0.9693737,0.96122247,0.96214837,0.926298,0.9686402,0.97664255,0.97242194,0.95317966,0.9662953,0.94727564,0.9343534,0.9383766,0.9196347,0.93267584,0.9332259,0.9383601,0.95086825,0.93190765,0.9564535,0.89962804,0.9402264,0.9563575,0.94925845,0.9698662,0.9414263,0.93706256,0.97242194,0.9313913,0.9360267,0.96581054,0.94921637
bernadettefilm,0.9763353,0.9572843,0.9747,0.9403068,0.95571476,0.9718222,0.97599965,0.9785924,0.9879214,0.96626514,0.95375556,0.9514081,0.96512616,0.97468305,0.9753805,0.9756841,0.9610661,0.9803982,0.96476054,0.96318245,1.0,0.9614854,0.97477615,0.96401983,0.9703154,0.5388429,0.9634255,0.96789503,0.97302604,0.96802515,0.96400666,0.9606174,0.9526888,0.94380116,0.91643053,0.85266215,0.98000383,0.9603467,0.9758052,0.9738239,0.9562727,0.97291225,0.94045705,0.98172724,0.9647952,0.9695562,0.9740555,0.97688603,0.94592106,0.97593665,0.9655333,0.9820856,0.9567518,0.96997535,0.9484278,0.952943,0.973315,0.9826565,0.9651634,0.97913635,0.95852643,0.9661933,0.9501045,0.97482806,0.9545119,0.97831947,0.96345174,0.9719229,0.956134,0.96105254,0.97953033,0.9472931,0.9453048,0.97324276,0.9470468,0.9519704,0.85839957,0.9618707,0.961662,0.9565804,0.9538971,0.97110826,0.9715851,0.9535236,0.96845746,0.95650375,0.9690591,0.9733505,0.96835065,0.97827184,0.9483682,0.97953033,0.97134924,0.97460264,0.9688013,0.9668143,0.9631189,0.97969395,0.97083074,0.9515639,0.9553259,0.95531017,0.94882864,0.9811394,0.9467923,0.9728477,0.96823543,0.9583565,0.96893275,0.9511022,0.96921843,0.8372584,0.95222145,0.89047426,0.9761203,0.960813,0.9816186,0.9524385,0.9786055,0.98149294,0.94549805,0.96102107,0.9714331,0.95256054,0.97439003,0.97592825,0.96329665,0.9485623,0.95361817,0.9204785,0.98724383,0.9667817,0.979607,0.92477983,0.97940123,0.9692041,0.9698069,0.9651132,0.9814641,0.96433514,0.9879214,0.96894294,0.96950173,0.93956876,0.94048107,0.96638465,0.9581695,0.945032,0.955843,0.9727379,0.97366005,0.9707697,0.97943103,0.93014365,0.9663043,0.9772766,0.9594689,0.96766526,0.9728344,0.94741446,0.9879214,0.9210834,0.9733929,0.9792603,0.9614288
