movie,21bridgesmovie,47metersdown,abeautifuldaymovie,abominablemovie,adastramovie,adogsjourneymovie,aftermathmovie,aftermovie,ahiddenlifefilm,alitamovie,angelhasfallen,angrybirdsmovie,annabellemovie,annamovie,apollo11movie,arcticdogsmovie,arcticmovie,artofracingmovie,avengers,beachbummovie,bernadettefilm,blackandbluemovie,blackchristmas,blindedbythelightmovie,bombshellmovie,booksmart,breakthroughmovie,brianbanksmovie,brightburnmovie,brittanyrunsmov,captainmarvelofficial,captivestatemovie,catsmovie,charliesangels,childsplaymovie,clarathefilm,coldpursuitmovie,countdown,currentwarmovie,darkwatersmovie,detectivepikachumovie,disneyaladdin,disneyfrozen,disneymaleficent,doctorsleepmovie,dolemiteismyname,dontletgomovie,doramovie,downtonabbey_official,dumbo,escaperoom,everybodyknowsmovie,fastandfuriousmovie,fightingwmyfam,fivefeetapartfilm,fordvferrari,freaksthefilm,geminimanmovie,glassmovie,gloriabellmovie,godzillamovie,goldfinchmovie,goodboysmovie,goodliarmovie,gretafilm,halathemovie,happydeathdaymovie,harrietfilm,hellboymovie,hersmellmovie,highlifemovie,highstrungmovie,honeyboymovie,hotelmumbaifilm,httydragon,hustlemovie,hustlersmovie,isntitromantic,itmovieofficial,jayandsilentbob,johnwickmovie,jojorabbitmovie,jokermovie,judythefilm,jumanjimovie,justmercyfilm,knivesout,lalloronamovie,lastblackmansf,lastchristmasthemovie,latenightmovie,lighthousemovie,lionking,littlethemovie,littlewomenmovie,littlewoodsfilm,longshotmovie,lordsofchaosmovie,lucyintheskyfilm,mamovie2019,marriagestory,meettheaddams,meninblack,midsommarmovie,midwaymovie,missbalamovie,missinglinkfilm,motherlessbklyn,onceinhollywood,onthebasisofsex,overcomermovie,peanutbutterfalcon,petsematarymovie,piercingmovie,playingwithfire,playmobilthemovie,pomsmovie,queenandslim,rambomovie,readyornotfilm,richardjewellfilm,rocketmanmovie,scarystoriesmovie,secretlifeofpets,serenityfilm,shaftmovie,shazammovie,spidermanmovie,spiesindisguise,starwars,stormboymovie,stubermovie,taosdfilm,teenspiritmov,terminator,theaeronautsmov,thebestofenemies,thedeaddontdie,thefarewell,thehighwaymen,thehummingbirdprojectfilm,theintrudermovie,theirishmanfilm,thekitchenmovie,thelegomovie,themustangfilm,thenightingalefilm,theprodigymovie,thesunisalsoastar,theupsidefilm,tolkienmovie,toystory,triplefrontier,uglydolls,uncutgems,underthesilverlake,usmovie,wavesmovie,whatmenwant,wonderparkmovie,wrinklestheclown,xmenmovies,yardiefilm,yesterdaymovie,zombieland
21bridgesmovie,1.0,0.9784236,0.9809077,0.91642255,0.97286874,0.8818195,0.9904317,0.9778316,0.9865455,0.97322136,0.940197,0.873732,0.9909029,0.9677512,0.9798962,0.98773885,0.95621157,0.960053,0.9810891,0.9745428,0.9804472,0.8945326,0.9769632,0.9824644,0.9850556,0.32248163,0.8865119,0.9783087,0.9902336,0.96888196,0.98112464,0.9887726,0.95532423,0.8623,0.62909317,0.61100185,0.9779704,0.98122233,0.9808761,0.96006644,0.9402046,0.93231934,0.6573372,0.9399082,0.99710244,0.90434927,0.9722035,0.97180617,0.9232669,0.956292,0.978121,0.99508107,0.9482338,0.9655646,0.8971251,0.9702099,0.92225564,0.97265434,0.9853257,0.9909948,0.9872086,0.96913886,0.99307853,0.9623977,0.9761495,0.919504,0.9708184,0.98371655,0.9929152,0.7146088,0.9891632,0.2363288,0.78594965,0.9792249,0.7650618,0.8696404,0.5405628,0.98824996,0.9782152,0.8894925,0.9166421,0.96559083,0.9820132,0.9337539,0.87325704,0.9731762,0.8780537,0.99318504,0.96912915,0.987812,0.91402584,0.9891632,0.8399118,0.9600325,0.95518744,0.9859282,0.9800869,0.981544,0.9819058,0.8495272,0.85001856,0.98991096,0.8089384,0.9802772,0.9004808,0.9834131,0.9836067,0.90360385,0.9430685,0.9076315,0.9919866,0.25204453,0.9722914,0.508161,0.900227,0.98986393,0.99717426,0.83510613,0.9741408,0.98289186,0.98655117,0.94783574,0.98888224,0.7602523,0.990058,0.9767035,0.9816421,0.91040766,0.9230523,0.46747342,0.97956103,0.9534621,0.9836113,0.8823125,0.983354,0.97050047,0.97653264,0.98835707,0.98870754,0.8787004,0.9865455,0.96203536,0.8359499,0.85335684,0.90226233,0.9845849,0.85854864,0.6953003,0.94355494,0.94539076,0.9818927,0.9203946,0.9759423,0.8383473,0.90544885,0.9966217,0.9510731,0.9671989,0.96853065,0.9441134,0.9865455,0.98811406,0.9902903,0.97961706,0.9467674
47metersdown,0.9784236,1.0,0.95442,0.8767544,0.9546277,0.87372196,0.97572803,0.9543354,0.96007323,0.95479953,0.93797845,0.8489303,0.97483134,0.9497618,0.9464053,0.9826742,0.9386561,0.9366676,0.9764847,0.93163246,0.97987425,0.867756,0.9538707,0.9509075,0.96988916,0.27235538,0.85974056,0.95376486,0.9618549,0.9289344,0.99056274,0.94974035,0.9376232,0.8280743,0.6095412,0.5768926,0.96356195,0.9588527,0.96617013,0.95055425,0.9194466,0.91921866,0.6652187,0.92192304,0.9737953,0.89927375,0.94678116,0.9367818,0.9223032,0.9389049,0.9456005,0.9690515,0.93883824,0.94949865,0.8960319,0.9442377,0.8821877,0.96242595,0.9724379,0.9759198,0.972115,0.95162696,0.97156286,0.9476036,0.9680309,0.93137395,0.94724053,0.9578476,0.973706,0.66242546,0.97085047,0.21469973,0.76646096,0.94456947,0.7367462,0.8474048,0.516728,0.96648526,0.9617592,0.9234404,0.930597,0.9738914,0.9531453,0.91587955,0.8536063,0.955519,0.84596604,0.9733371,0.94257855,0.96534437,0.88230026,0.97085047,0.8136392,0.92771405,0.94341576,0.95760584,0.9630682,0.93671364,0.9711089,0.8282374,0.86914515,0.98678714,0.7575709,0.9693328,0.90296215,0.95009595,0.95739114,0.8976562,0.91258585,0.86414784,0.96932876,0.25626916,0.9471091,0.48869726,0.8770125,0.95641166,0.9715532,0.8123949,0.9510612,0.97193474,0.95301944,0.9212183,0.9561348,0.7386517,0.9812447,0.95298266,0.9674564,0.8904605,0.9209914,0.49945113,0.96409535,0.9092057,0.96394074,0.86733055,0.97390646,0.9240513,0.9496971,0.9745704,0.96972555,0.86566687,0.96007323,0.9421502,0.83871365,0.8399577,0.87653667,0.94460034,0.8267133,0.665207,0.9257669,0.9395917,0.9814063,0.9127051,0.9677303,0.84385663,0.9371109,0.9801078,0.9285852,0.9642306,0.9405272,0.8995972,0.96007323,0.9743114,0.9667215,0.9598405,0.9291567
abeautifuldaymovie,0.9809077,0.95442,0.99999994,0.85134584,0.9912697,0.9043538,0.9804832,0.9909421,0.9948717,0.9805953,0.9694337,0.8293231,0.9669592,0.9840022,0.9830001,0.9695937,0.980357,0.9679243,0.9779328,0.988007,0.9692907,0.88776225,0.9802634,0.9950151,0.9688753,0.32543406,0.85313404,0.9644194,0.9860822,0.9576262,0.963449,0.975919,0.9124703,0.78981215,0.62854344,0.56813574,0.992485,0.93311393,0.94778305,0.90123737,0.94015414,0.9301488,0.7075484,0.94775873,0.98409355,0.9101639,0.9725324,0.99311185,0.8906464,0.9689491,0.97991824,0.9729419,0.92268294,0.94782275,0.81665635,0.9785676,0.9176387,0.9650561,0.9532483,0.99174803,0.9646949,0.92447585,0.96989125,0.9653811,0.9238179,0.92100304,0.94888484,0.93851763,0.9775477,0.73297995,0.99563545,0.174836,0.7543987,0.9892552,0.73590225,0.8256292,0.4494682,0.9645655,0.9554319,0.8959542,0.92363113,0.9098357,0.98548084,0.919463,0.8458603,0.94697905,0.8718556,0.98249936,0.92152125,0.9968089,0.9074681,0.99563545,0.8657345,0.938434,0.9488124,0.9923664,0.9777924,0.9813483,0.9809845,0.8309013,0.8611626,0.9777493,0.857941,0.963247,0.91464967,0.98035955,0.988007,0.8945216,0.9028599,0.8907487,0.9910165,0.3057526,0.9686068,0.5197937,0.90933734,0.976075,0.9861919,0.7934981,0.9927543,0.97472394,0.982733,0.9550292,0.98419285,0.7920401,0.9799419,0.97825885,0.9626162,0.89417195,0.90542084,0.5342906,0.97856873,0.9771987,0.99160993,0.87578785,0.9742817,0.96830815,0.94202644,0.9442936,0.9915884,0.8944967,0.9948717,0.95667076,0.83806336,0.85209596,0.9067884,0.9485939,0.79628944,0.70081025,0.93050265,0.91390306,0.953521,0.93746877,0.97477907,0.7611369,0.9217302,0.9823641,0.96797055,0.9568582,0.95367116,0.93875897,0.9948717,0.9736284,0.99187315,0.98434496,0.9229535
abominablemovie,0.91642255,0.8767544,0.85134584,1.0000001,0.83159906,0.7379051,0.8658778,0.83523244,0.85235524,0.8593321,0.7610653,0.9231523,0.8948367,0.840979,0.8695088,0.89108324,0.8111792,0.8605461,0.8780501,0.8663426,0.8756679,0.83304656,0.84004456,0.84631675,0.91613096,0.3844501,0.8757639,0.8716771,0.8952792,0.87158495,0.8760347,0.890913,0.92229253,0.96826226,0.6714578,0.7400186,0.82446575,0.9625974,0.923694,0.8853167,0.7890042,0.8335718,0.53742874,0.82268715,0.90146405,0.79173505,0.83421266,0.8282381,0.9131854,0.8192251,0.8839353,0.90851974,0.89543986,0.87988776,0.9258102,0.8549351,0.86044985,0.8622815,0.9307633,0.8705873,0.8790895,0.9419326,0.923507,0.84067357,0.9303016,0.7886554,0.90882266,0.94640887,0.89331996,0.7220158,0.86481583,0.4566441,0.8286288,0.83213896,0.8265449,0.836734,0.74183613,0.8971542,0.8695166,0.766408,0.81196505,0.9396178,0.84935874,0.8622663,0.89942926,0.88659585,0.869803,0.87243205,0.9468521,0.8600711,0.8279504,0.86481583,0.7017877,0.92177665,0.8463482,0.89206094,0.8861932,0.90638304,0.866337,0.8411354,0.7456057,0.87590736,0.675961,0.881322,0.8109851,0.8989286,0.85985076,0.83379567,0.9566374,0.8497267,0.8640897,0.27573332,0.8665558,0.5644117,0.8184743,0.909522,0.8956386,0.8704303,0.8170406,0.84185696,0.86503273,0.8169956,0.88595396,0.587516,0.8630278,0.8672441,0.8777072,0.8995161,0.87839353,0.37859014,0.84494615,0.85135436,0.8488586,0.8731202,0.8812777,0.84858125,0.94225687,0.92419416,0.8832081,0.8050891,0.85235524,0.8614922,0.79008573,0.75857025,0.7445316,0.949935,0.92904377,0.72305954,0.84715927,0.88633895,0.87476623,0.80173546,0.8553311,0.90890527,0.8138162,0.9068956,0.8074289,0.8781039,0.904465,0.88029546,0.85235524,0.92462015,0.87439364,0.8450948,0.91212577
adastramovie,0.97286874,0.9546277,0.9912697,0.83159906,1.0,0.94588715,0.9758867,0.99155235,0.9898211,0.9863981,0.9837498,0.84561104,0.97081167,0.99431276,0.96225315,0.9712163,0.994385,0.9824515,0.98807085,0.9683894,0.9760352,0.91186416,0.9859026,0.9884813,0.9557953,0.28207842,0.8631582,0.97632676,0.9837364,0.9376903,0.9737761,0.96535647,0.9270833,0.7908125,0.6645042,0.5864677,0.9931955,0.9253696,0.9568741,0.90616226,0.9586571,0.9489735,0.72788954,0.95797855,0.97866106,0.9373397,0.98509663,0.98602253,0.90281487,0.97597134,0.9826685,0.9611317,0.942994,0.96889824,0.797583,0.99009794,0.9294755,0.9817135,0.9562636,0.99002266,0.9616182,0.9225264,0.9659044,0.9821298,0.9076863,0.94679683,0.94327796,0.9212321,0.970233,0.7540269,0.9933968,0.14359881,0.78825516,0.98414385,0.764473,0.79088104,0.43243787,0.9689582,0.9540889,0.9284519,0.9494309,0.91108793,0.9859786,0.94368804,0.8686625,0.9306943,0.878041,0.9812166,0.9160146,0.9955978,0.92081666,0.9933968,0.90187424,0.9392604,0.9662367,0.9745478,0.9687798,0.96770376,0.97467375,0.86589336,0.8995932,0.97601146,0.87958694,0.97251034,0.9383215,0.98249346,0.9758477,0.92479724,0.89993954,0.87869793,0.9866342,0.34765506,0.9796132,0.56085634,0.9355551,0.970878,0.9758535,0.8164601,0.9886802,0.96873516,0.98275644,0.97396463,0.97379786,0.8474381,0.9814557,0.9897108,0.9668824,0.90676796,0.92741376,0.56648946,0.979978,0.97320545,0.9951917,0.864784,0.9830321,0.95314574,0.9299882,0.94160044,0.99228305,0.920277,0.9898211,0.96669245,0.8752571,0.89768267,0.9270606,0.93296933,0.80917025,0.7362796,0.9544315,0.9234524,0.9602759,0.94755703,0.9892216,0.7345174,0.9230799,0.9745163,0.95777714,0.9675565,0.9572955,0.94785553,0.9898211,0.97258216,0.9908162,0.9835952,0.9352474
adogsjourneymovie,0.8818195,0.87372196,0.9043538,0.7379051,0.94588715,0.99999994,0.8909663,0.9272257,0.90557545,0.930531,0.94620085,0.81527406,0.9073148,0.94344145,0.84022105,0.9086403,0.94968927,0.94892615,0.9352904,0.84987473,0.9340004,0.9299329,0.9230269,0.9092639,0.8589473,0.19576766,0.84043276,0.9270911,0.918318,0.8180634,0.9108862,0.8836928,0.9119774,0.7506013,0.744405,0.6421446,0.9143933,0.84409225,0.91410154,0.8475162,0.952454,0.9329888,0.73269135,0.9218788,0.89702654,0.9300204,0.9398872,0.906057,0.84780663,0.9285049,0.93586487,0.86491865,0.8815457,0.94870925,0.7146203,0.9611847,0.9010895,0.9483101,0.9013314,0.91427964,0.8781304,0.86570036,0.893383,0.96154237,0.79393965,0.93588704,0.86712414,0.8110984,0.8700431,0.77500886,0.91735,0.14707004,0.81894326,0.8943692,0.7989633,0.6471208,0.41991958,0.9151702,0.9007614,0.9497877,0.93680924,0.845208,0.9221798,0.9467305,0.8550406,0.8314853,0.82610786,0.9037992,0.8566507,0.9190692,0.91471726,0.91735,0.95206577,0.8832909,0.9560235,0.86453855,0.8634572,0.8613729,0.8807782,0.88924026,0.9094039,0.892144,0.92052954,0.93209594,0.9161355,0.9273393,0.8739679,0.94812864,0.8257262,0.80071867,0.90222526,0.48386878,0.9446903,0.6696036,0.94789404,0.8782139,0.87760955,0.82207346,0.90209436,0.8774461,0.9193794,0.96391314,0.8883733,0.95467,0.90263736,0.9451847,0.9232257,0.9056772,0.9134232,0.622859,0.9135877,0.8960687,0.9283646,0.7743051,0.93127596,0.8468156,0.83638847,0.85586905,0.9200171,0.9125539,0.90557545,0.9509487,0.88626456,0.96946996,0.91974473,0.83305633,0.78683627,0.79934144,0.9629811,0.8904735,0.9086243,0.9087165,0.9508457,0.63766325,0.85700977,0.88870585,0.8459992,0.9218793,0.9153036,0.9186524,0.90557545,0.9096264,0.91804683,0.90125954,0.9223884
aftermathmovie,0.9904317,0.97572803,0.9804832,0.8658778,0.9758867,0.8909663,0.99999994,0.9898216,0.9921746,0.9628327,0.9614099,0.81171155,0.9922498,0.96130437,0.9837872,0.97526336,0.95459217,0.9411898,0.970314,0.9747219,0.9813893,0.864399,0.989991,0.9888132,0.9675908,0.31145695,0.8332823,0.97183377,0.9863997,0.9727354,0.9744816,0.9902188,0.9374455,0.8007311,0.57587796,0.54423314,0.9854336,0.95986974,0.96823704,0.9587984,0.9587462,0.9074945,0.61230016,0.91935277,0.994617,0.88026136,0.98320377,0.9827855,0.89682555,0.9446792,0.97426486,0.99425256,0.92854905,0.9615305,0.87725174,0.96277606,0.8978831,0.97546047,0.9681212,0.99445885,0.99264985,0.9401052,0.9841042,0.9581323,0.96701545,0.92647773,0.96336544,0.9703475,0.9936901,0.6801987,0.9918426,0.18763031,0.7233558,0.98681253,0.71434385,0.8653227,0.47804463,0.9776604,0.98319775,0.88179994,0.90936494,0.94918925,0.9915673,0.91319966,0.8225702,0.9727227,0.84491146,0.9974709,0.9496705,0.986638,0.8855465,0.9918426,0.82967246,0.9310368,0.96117485,0.97985506,0.9744189,0.9706323,0.98948586,0.81975096,0.82268983,0.98677903,0.8219687,0.98338735,0.8698695,0.973749,0.9927139,0.8780721,0.90654624,0.902277,0.9965612,0.25142008,0.9678451,0.47827557,0.87488544,0.9769717,0.9937951,0.7943251,0.98765904,0.99770576,0.9872044,0.9563686,0.9927284,0.78533334,0.9966654,0.9673607,0.98654205,0.88027567,0.8882527,0.4189164,0.9948742,0.9395366,0.9900024,0.8502802,0.9834578,0.9786439,0.9584671,0.9816623,0.9840991,0.8421492,0.9921746,0.958243,0.79754204,0.8549432,0.91955084,0.9633316,0.8073794,0.64697236,0.93643034,0.9165422,0.98283327,0.8941464,0.96953315,0.80037147,0.8871904,0.9930105,0.9674219,0.9450949,0.9590687,0.9282466,0.9921746,0.9767802,0.99180716,0.99284196,0.92942816
aftermovie,0.9778316,0.9543354,0.9909421,0.83523244,0.99155235,0.9272257,0.9898216,1.0,0.99618065,0.9704173,0.98362607,0.81035143,0.9806632,0.9796875,0.9773083,0.9639166,0.97491497,0.9593371,0.97421217,0.97912526,0.97899276,0.8854912,0.99586636,0.9966031,0.95136994,0.2929541,0.82961005,0.97001714,0.9900399,0.96052253,0.96509385,0.9835268,0.9287801,0.7794724,0.617929,0.55437064,0.9914988,0.9350552,0.9580027,0.9238873,0.970466,0.9183581,0.64753133,0.9302679,0.98712873,0.89698905,0.991158,0.99566567,0.8929019,0.95571536,0.98659647,0.97794974,0.924739,0.9664272,0.8198102,0.97937864,0.9137216,0.98101705,0.9548987,0.99528915,0.97653157,0.9187936,0.9736036,0.9730766,0.9269485,0.9408134,0.9549558,0.9388899,0.98147476,0.72933614,0.9961797,0.1501859,0.74014395,0.9901282,0.7330795,0.8180725,0.43521574,0.96818733,0.96958774,0.90012234,0.92588526,0.91872936,0.9972306,0.9237505,0.83385307,0.9466454,0.85890657,0.9894958,0.9277276,0.9930437,0.89748025,0.9961797,0.8726771,0.928183,0.9696513,0.98023343,0.97014457,0.9730828,0.983217,0.8400623,0.8462129,0.97381884,0.87507534,0.9799783,0.8923234,0.98224396,0.9910686,0.89548916,0.8904467,0.8888913,0.99354357,0.31169206,0.9771351,0.5248027,0.9052757,0.9721686,0.9844171,0.79782945,0.9954269,0.9843403,0.988608,0.97567534,0.99090594,0.8360639,0.98830336,0.9786234,0.97839046,0.89384043,0.89516413,0.47038323,0.993774,0.9568649,0.9964245,0.8440214,0.98509854,0.973771,0.93846893,0.95377856,0.9901139,0.8696625,0.99618065,0.9681291,0.8246889,0.88747406,0.9350514,0.94347817,0.79343903,0.69550115,0.94817203,0.90261126,0.96548295,0.910714,0.97657865,0.7413703,0.89462376,0.98281246,0.9712427,0.94464767,0.9621105,0.94610006,0.99618065,0.9735983,0.99577665,0.99491245,0.93496823
ahiddenlifefilm,0.9865455,0.96007323,0.9948717,0.85235524,0.9898211,0.90557545,0.9921746,0.99618065,1.0000001,0.9727704,0.9726123,0.8212202,0.9801599,0.980449,0.9867608,0.9710999,0.97577643,0.9600284,0.9753235,0.98753196,0.97260714,0.8773004,0.993028,0.9980481,0.9670673,0.32364005,0.83962446,0.97002846,0.98916745,0.97423035,0.9696444,0.9862356,0.9247521,0.7869784,0.6134517,0.5616579,0.99553615,0.9418022,0.9562074,0.92916554,0.9558697,0.919569,0.6623083,0.935852,0.9901347,0.8985012,0.98639727,0.99386877,0.89510417,0.9608682,0.98065037,0.984382,0.9301466,0.95751476,0.8328378,0.97689694,0.9183315,0.97266906,0.95702195,0.9963629,0.97955716,0.92657095,0.97479266,0.9677644,0.9397374,0.9296329,0.9614813,0.9515927,0.988962,0.72441167,0.99722457,0.16688499,0.7449654,0.9962679,0.72985893,0.84618324,0.4552323,0.9719843,0.9688021,0.88820666,0.9185018,0.92285556,0.9951432,0.91936076,0.83511984,0.96059686,0.8691459,0.9922771,0.92883766,0.99686956,0.8985495,0.99722457,0.85773647,0.93351614,0.9536005,0.98794633,0.98111594,0.9809123,0.98717374,0.8313243,0.84524053,0.98068684,0.85317194,0.97216636,0.8952942,0.98002976,0.9950522,0.8878583,0.9071156,0.90095645,0.99768794,0.28486916,0.9726241,0.50873595,0.8968086,0.9824861,0.99351895,0.797141,0.9971562,0.9880204,0.9902511,0.9648527,0.9928628,0.8028947,0.9921518,0.97813505,0.97323054,0.88092357,0.89351386,0.4801758,0.98983836,0.96702737,0.994506,0.8611654,0.9810658,0.98427135,0.95085377,0.9609132,0.9921352,0.87322277,1.0000001,0.95775217,0.82388616,0.86175764,0.9251211,0.9562373,0.80380636,0.6841014,0.9382539,0.9124225,0.9653011,0.9177617,0.9765546,0.7674696,0.8986138,0.98601735,0.9778036,0.9491267,0.9585419,0.9410764,1.0000001,0.9732772,0.9972768,0.994568,0.9234535
alitamovie,0.97322136,0.95479953,0.9805953,0.8593321,0.9863981,0.930531,0.9628327,0.9704173,0.9727704,0.9999999,0.9468618,0.8700466,0.9643269,0.978948,0.95284414,0.9833459,0.9816062,0.98616624,0.98823464,0.9504056,0.97542775,0.9249937,0.95862275,0.9707789,0.96750766,0.26128194,0.90439403,0.9804591,0.9723643,0.9170128,0.96702504,0.9567145,0.9263492,0.82698506,0.6417806,0.58482677,0.97833693,0.93649364,0.96534115,0.9061682,0.933152,0.9686012,0.7745862,0.9732086,0.97385365,0.94810385,0.96011806,0.9661874,0.8836096,0.9817413,0.9705274,0.9559136,0.93563807,0.95926154,0.8222887,0.98638403,0.9087,0.9659427,0.9725687,0.9751728,0.9464647,0.95609844,0.96698934,0.9677426,0.9109221,0.9065131,0.91541874,0.9309417,0.95323116,0.7021827,0.98113376,0.17209345,0.7975775,0.96804816,0.75209606,0.77277154,0.44866905,0.9780724,0.9591816,0.92222095,0.92633814,0.91598916,0.96413434,0.9429308,0.8770161,0.9236858,0.84569335,0.9737703,0.9352616,0.9855916,0.94406253,0.98113376,0.8926777,0.94734114,0.9631862,0.9654155,0.9459257,0.9544551,0.9532348,0.8451157,0.9012368,0.98409045,0.83785075,0.9671614,0.94434005,0.97591466,0.95346934,0.92928606,0.9001899,0.86038446,0.9752662,0.30314228,0.9660481,0.52183014,0.93595,0.95775336,0.96662664,0.80058664,0.96573395,0.9565064,0.97428846,0.9444976,0.956312,0.8088764,0.96541816,0.98229116,0.96510464,0.92117745,0.9462541,0.60391104,0.96445245,0.9678483,0.98383284,0.8604917,0.9663755,0.9306752,0.9210475,0.94378,0.97949976,0.93012995,0.9727704,0.9632932,0.8667476,0.86987805,0.88264316,0.93525505,0.81102246,0.71191514,0.9449104,0.94702756,0.96678996,0.965422,0.9827808,0.7655987,0.9194124,0.9738899,0.91435313,0.9868016,0.94086635,0.9273059,0.9727704,0.9706805,0.97499526,0.9577925,0.9348195
angelhasfallen,0.940197,0.93797845,0.9694337,0.7610653,0.9837498,0.94620085,0.9614099,0.98362607,0.9726123,0.9468618,1.0,0.7830417,0.9513165,0.97759354,0.932576,0.93719417,0.9751677,0.9488388,0.96295303,0.94290847,0.96126807,0.88302696,0.9800819,0.97393966,0.91023606,0.24804167,0.8021184,0.94647986,0.9648258,0.91059625,0.9569439,0.9416376,0.9040697,0.72274166,0.6555468,0.5490699,0.9768359,0.8848783,0.9240349,0.884538,0.9674993,0.91225034,0.67242897,0.921948,0.95388967,0.90861744,0.9791191,0.9738612,0.88682395,0.94752824,0.9659069,0.93387526,0.91004544,0.9535598,0.7538179,0.9656182,0.90999055,0.97462136,0.916729,0.9756694,0.9502841,0.8665175,0.9385699,0.9735434,0.87689006,0.96975267,0.93220454,0.87662697,0.9516343,0.7548825,0.97600204,0.09157296,0.7445335,0.9636444,0.74072045,0.76402694,0.38231048,0.9349109,0.9296975,0.9325687,0.9537751,0.8855578,0.9769134,0.922168,0.82603234,0.90486276,0.8573748,0.9607829,0.8752318,0.9735503,0.88063526,0.97600204,0.897957,0.9014931,0.9561835,0.9472136,0.9509852,0.93682927,0.96402794,0.85354036,0.8828179,0.9442233,0.89465547,0.9586444,0.90822786,0.9580885,0.9629524,0.905217,0.8519665,0.85445386,0.9670987,0.3723991,0.9671641,0.56665295,0.91430724,0.94269264,0.9498999,0.7983924,0.9790044,0.95507455,0.96121895,0.97647387,0.95672446,0.8771915,0.96829116,0.96768373,0.9501293,0.87718093,0.89122844,0.5247217,0.9691179,0.932929,0.97838557,0.82732975,0.97384435,0.93004924,0.90029407,0.91070724,0.97201854,0.8817733,0.9726123,0.95468557,0.85560775,0.9103719,0.9484913,0.8924581,0.764792,0.7284694,0.94481343,0.8804758,0.93815655,0.91076976,0.9709815,0.6747625,0.9125774,0.94824183,0.9581959,0.92855465,0.94450647,0.93376905,0.9726123,0.94718987,0.97336227,0.9756924,0.91632205
angrybirdsmovie,0.873732,0.8489303,0.8293231,0.9231523,0.84561104,0.81527406,0.81171155,0.81035143,0.8212202,0.8700466,0.7830417,1.0000001,0.85916543,0.8803833,0.7879866,0.87986153,0.8503666,0.9158163,0.9012787,0.8062439,0.85907847,0.92169917,0.8185799,0.81423455,0.86186373,0.19291523,0.9417255,0.8801591,0.87052095,0.7823524,0.88773274,0.8267498,0.9214573,0.9623764,0.8174314,0.79519415,0.8137242,0.9053191,0.9078829,0.83213586,0.7934286,0.90680045,0.7019346,0.8762057,0.85786927,0.89785975,0.83270043,0.7917817,0.9414231,0.8578993,0.87477285,0.83617216,0.93404114,0.9002074,0.78518397,0.8804635,0.90725243,0.8742151,0.90871584,0.8438287,0.8290705,0.9129729,0.8825084,0.8827435,0.83696204,0.8466888,0.8647861,0.8531828,0.8432552,0.81836295,0.84185183,0.28064087,0.96364707,0.8010033,0.91304195,0.6770355,0.63600504,0.8840519,0.8128447,0.8643879,0.88134885,0.8977453,0.8211107,0.9217164,0.98752886,0.79158485,0.90242636,0.83445793,0.88936853,0.85066116,0.89016694,0.84185183,0.83112776,0.9252334,0.8473932,0.8397218,0.85269004,0.8656119,0.8126961,0.92888576,0.8961107,0.8462444,0.71198195,0.8601636,0.9223356,0.89342266,0.7999302,0.92693675,0.9270697,0.762724,0.8271835,0.32301083,0.8817385,0.6481489,0.92106766,0.88976485,0.84777355,0.927268,0.78717226,0.77892375,0.8434529,0.8375674,0.82675725,0.69226784,0.8335153,0.8975238,0.83595353,0.9315222,0.9576008,0.581461,0.7990283,0.84776396,0.83448976,0.8408147,0.87775356,0.7756137,0.8811278,0.8657847,0.8760192,0.9215512,0.8212202,0.8688488,0.93689203,0.84660137,0.7711748,0.8879801,0.9468588,0.87314016,0.8914176,0.9036366,0.84616464,0.88071555,0.88831,0.7697909,0.8508126,0.8563306,0.75741893,0.9153022,0.8887505,0.9073325,0.8212202,0.89630765,0.8514351,0.80743134,0.92124397
annabellemovie,0.9909029,0.97483134,0.9669592,0.8948367,0.97081167,0.9073148,0.9922498,0.9806632,0.9801599,0.9643269,0.9513165,0.85916543,0.99999994,0.9613684,0.9641154,0.9799522,0.95010793,0.9532324,0.9773501,0.9569773,0.9884788,0.90195465,0.9845766,0.9774956,0.96178234,0.27440643,0.8731197,0.9854865,0.98975956,0.9543676,0.9801569,0.98856294,0.9696983,0.855745,0.62316257,0.59738135,0.9705924,0.97918,0.9889384,0.9754279,0.96715915,0.9282851,0.6135813,0.92797154,0.995224,0.9006655,0.98510104,0.96879154,0.9230607,0.9451792,0.9821897,0.9915395,0.9491923,0.98363036,0.8937424,0.96919,0.9169423,0.9880107,0.9853876,0.98856395,0.99329096,0.9621346,0.9941492,0.96918863,0.9715482,0.9381716,0.96682554,0.9747631,0.9884394,0.70944095,0.9845934,0.20608689,0.77816164,0.972764,0.7678933,0.84525263,0.51958656,0.9894464,0.9852153,0.89921147,0.9236828,0.96991044,0.98667806,0.94263834,0.8683427,0.961921,0.86025375,0.994942,0.9739847,0.97956043,0.91043425,0.9845934,0.8549672,0.9534884,0.9775421,0.96754473,0.96456295,0.9675776,0.9775253,0.8642292,0.84661967,0.9826347,0.82724017,0.99512076,0.88645214,0.98374546,0.9774798,0.91215074,0.92535007,0.898743,0.9883944,0.26337764,0.98034036,0.51725996,0.9043569,0.9797951,0.987436,0.84257394,0.96974134,0.9842041,0.9877035,0.9651067,0.98627037,0.8083336,0.99104404,0.9769703,0.9938923,0.9181593,0.9222481,0.42019442,0.98728997,0.9301343,0.9852617,0.85132265,0.9909975,0.9608916,0.9659446,0.9918349,0.9825597,0.8635758,0.9801599,0.974143,0.83151233,0.89112556,0.92657614,0.9733953,0.85497963,0.69739795,0.96136695,0.9371864,0.9911852,0.9002585,0.9766605,0.809688,0.88340944,0.9925097,0.94206923,0.9588053,0.9746105,0.95011836,0.9801599,0.9854748,0.98729396,0.98198617,0.96036905
annamovie,0.9677512,0.9497618,0.9840022,0.840979,0.99431276,0.94344145,0.96130437,0.9796875,0.980449,0.978948,0.97759354,0.8803833,0.9613684,1.0,0.9446762,0.96831083,0.99354726,0.99041975,0.9900726,0.9580502,0.96764594,0.9303487,0.97615457,0.97873867,0.9498052,0.26577175,0.8861038,0.97075856,0.9801155,0.9257939,0.9768827,0.95310074,0.9346389,0.8128648,0.7213415,0.6351999,0.98381776,0.92388195,0.9535185,0.8987019,0.9497694,0.9591818,0.7515588,0.9643512,0.96967256,0.9536298,0.97807735,0.97182995,0.9257841,0.9784145,0.9801299,0.9488482,0.9532538,0.96912086,0.7843749,0.990494,0.951592,0.9788746,0.9528944,0.98272353,0.9523263,0.921304,0.9600819,0.98866194,0.8989037,0.9596703,0.9488359,0.91046274,0.96353704,0.7987642,0.98521614,0.14374767,0.8367986,0.9720992,0.8060856,0.77912694,0.45764998,0.9648021,0.93728095,0.9438021,0.9635805,0.91337466,0.97651404,0.9573595,0.901358,0.9178987,0.9078234,0.96927017,0.91024476,0.9903505,0.9324554,0.98521614,0.9194955,0.94842654,0.9549976,0.96752477,0.9698389,0.9653498,0.96315825,0.89458644,0.9273259,0.96459985,0.8778435,0.96282,0.96053,0.9818939,0.96315295,0.9448263,0.91336405,0.8701296,0.9755984,0.3554847,0.98173726,0.59463495,0.9557901,0.9746969,0.96933687,0.8511331,0.97545725,0.9494343,0.97521394,0.9731793,0.9636558,0.84684974,0.97309583,0.9934727,0.9530072,0.9177853,0.94579047,0.6011561,0.96184856,0.9709906,0.9837178,0.87431484,0.98170006,0.9398494,0.93306726,0.9331222,0.9909442,0.94372416,0.980449,0.9652995,0.91298735,0.9096607,0.92968017,0.93356365,0.8396227,0.78837353,0.96211314,0.9312518,0.9489139,0.9605291,0.9925478,0.73161745,0.9358115,0.96438235,0.9485837,0.97246283,0.96116483,0.9616742,0.980449,0.97024834,0.9850155,0.971083,0.9419162
apollo11movie,0.9798962,0.9464053,0.9830001,0.8695088,0.96225315,0.84022105,0.9837872,0.9773083,0.9867608,0.95284414,0.932576,0.7879866,0.9641154,0.9446762,0.99999994,0.9498793,0.93934655,0.9217281,0.94715524,0.9932016,0.9497989,0.8163501,0.9719153,0.98258525,0.966987,0.36559647,0.79649717,0.94194335,0.9710586,0.98480934,0.9414791,0.9795746,0.88929576,0.77785456,0.5262203,0.5045248,0.9775183,0.940269,0.93755275,0.9102927,0.90924764,0.86972785,0.59962857,0.8922523,0.9811256,0.83693427,0.954959,0.9820415,0.8680529,0.92157656,0.9562794,0.9852983,0.90703225,0.92176056,0.8496152,0.9404652,0.8680213,0.93857235,0.943187,0.980865,0.9656377,0.9169758,0.96426094,0.9196556,0.94858944,0.87024117,0.9435128,0.9660193,0.9831957,0.6600099,0.98238075,0.19773425,0.6776186,0.9831512,0.6688161,0.8698895,0.4549474,0.9487155,0.9558978,0.8214395,0.8634534,0.91209644,0.97407323,0.86360973,0.79279727,0.96059495,0.8348558,0.97861123,0.9225331,0.9784026,0.8462534,0.98238075,0.7734636,0.90706,0.9214357,0.9904581,0.9724061,0.9798441,0.980771,0.7697998,0.7721919,0.9721028,0.79162776,0.9493293,0.8427025,0.9576831,0.9926999,0.8223775,0.895889,0.8921349,0.98526865,0.23123196,0.93422806,0.43714532,0.8342021,0.9677883,0.98703516,0.74295145,0.9838046,0.9827845,0.9677068,0.9172192,0.98672116,0.7098727,0.975587,0.9424808,0.95340043,0.84671676,0.84779567,0.40525216,0.97887856,0.95179194,0.9765577,0.8547419,0.95442826,0.984903,0.9443758,0.9568,0.9739286,0.81682986,0.9867608,0.919065,0.7545888,0.7849905,0.8640465,0.9544199,0.769973,0.6036091,0.8831602,0.875368,0.94463855,0.87217546,0.9375496,0.79208344,0.8700158,0.98153526,0.9726581,0.91769737,0.92914385,0.90010864,0.9867608,0.9601902,0.9808006,0.98347026,0.8913127
arcticdogsmovie,0.98773885,0.9826742,0.9695937,0.89108324,0.9712163,0.9086403,0.97526336,0.9639166,0.9710999,0.9833459,0.93719417,0.87986153,0.9799522,0.96831083,0.9498793,1.0000001,0.9634554,0.97122264,0.9873178,0.94059587,0.9841828,0.9211872,0.95840126,0.96717614,0.98341554,0.29177508,0.9185104,0.9804163,0.9760864,0.9310567,0.9858405,0.9676954,0.955912,0.85421056,0.6567218,0.6286566,0.97209686,0.96485114,0.978399,0.95540315,0.94085956,0.9647654,0.7395254,0.9686673,0.982648,0.94190824,0.96041197,0.9522527,0.9051503,0.97734904,0.9659184,0.9732436,0.93577814,0.9622586,0.8899865,0.97780985,0.92052794,0.9687358,0.98665774,0.9789846,0.9709334,0.9776422,0.98074085,0.9711422,0.95507807,0.9234873,0.9469912,0.9589604,0.9693368,0.69725525,0.97838205,0.23811875,0.8111282,0.96335673,0.77059937,0.83542395,0.5368338,0.9924661,0.97797745,0.9296708,0.9310297,0.95896,0.96633625,0.9526762,0.87728786,0.96058726,0.8584954,0.9830135,0.96094996,0.9804823,0.9461571,0.97838205,0.8757325,0.9594216,0.95881635,0.9625594,0.9576017,0.94933873,0.96241754,0.8514564,0.8939818,0.99171317,0.8111833,0.97581685,0.92926556,0.9721205,0.95635843,0.93497413,0.9288074,0.8888312,0.97954226,0.27498212,0.97069967,0.52356607,0.92221606,0.9692686,0.9794963,0.8334902,0.95761144,0.96941745,0.97883964,0.9451325,0.9637773,0.7893906,0.9793788,0.97795105,0.98020995,0.91746163,0.94696885,0.5643496,0.9649817,0.94619066,0.9747104,0.8745549,0.9745279,0.937965,0.9551234,0.9732739,0.97714585,0.9100721,0.9710999,0.96914715,0.861017,0.86919546,0.900542,0.961771,0.8521864,0.70696586,0.9565693,0.97526824,0.9889315,0.9548614,0.9861368,0.8372716,0.92371285,0.9837023,0.9155538,0.9885069,0.95673865,0.93007827,0.9710999,0.9789546,0.975806,0.9565914,0.9439435
arcticmovie,0.95621157,0.9386561,0.980357,0.8111792,0.994385,0.94968927,0.95459217,0.97491497,0.97577643,0.9816062,0.9751677,0.8503666,0.95010793,0.99354726,0.93934655,0.9634554,1.0,0.98453647,0.98158836,0.950859,0.9569484,0.91830754,0.968846,0.9743938,0.9490601,0.31112298,0.8743365,0.9676341,0.96725595,0.91357434,0.9657401,0.94300884,0.91359943,0.7770297,0.7041859,0.62014776,0.98373073,0.9013207,0.93714327,0.88402444,0.94401944,0.9583576,0.78058505,0.9697185,0.95949954,0.9566419,0.97185254,0.96982896,0.89240456,0.9826459,0.96707225,0.93678886,0.9364525,0.9545734,0.7732817,0.98681587,0.941299,0.96830565,0.9380369,0.9740101,0.941841,0.9057445,0.9453723,0.97904927,0.880683,0.9433706,0.931076,0.892713,0.9513674,0.7779616,0.97875494,0.16084845,0.8129445,0.97277397,0.78451604,0.7808219,0.44371903,0.9568222,0.93004996,0.9339489,0.9573531,0.8871048,0.9694518,0.95011777,0.8748119,0.91757524,0.89139885,0.9640482,0.89039546,0.986113,0.9287311,0.97875494,0.91824466,0.9378108,0.9462872,0.95787966,0.96003115,0.9523237,0.95997024,0.87726897,0.9261188,0.96150255,0.8910755,0.9512446,0.9567795,0.9692506,0.955229,0.93466294,0.9011558,0.8813549,0.97169065,0.39341283,0.97254807,0.6015207,0.94502807,0.9607763,0.959592,0.82642937,0.9750357,0.94697255,0.97022617,0.96805894,0.9513706,0.85824525,0.9656245,0.9859278,0.946391,0.8951017,0.93099093,0.634816,0.95662326,0.98003507,0.98100805,0.8796236,0.9677367,0.93322915,0.91821223,0.9181861,0.9802317,0.94634604,0.97577643,0.95356697,0.8999869,0.8966776,0.92580867,0.9158782,0.81534576,0.7617156,0.94942254,0.9311701,0.9418929,0.9623723,0.98659617,0.7255484,0.92958075,0.95340466,0.9435083,0.96669763,0.9464336,0.9410239,0.97577643,0.95607823,0.9756406,0.964258,0.9169885
artofracingmovie,0.960053,0.9366676,0.9679243,0.8605461,0.9824515,0.94892615,0.9411898,0.9593371,0.9600284,0.98616624,0.9488388,0.9158163,0.9532324,0.99041975,0.9217281,0.97122264,0.98453647,1.0,0.98923314,0.9333988,0.96434236,0.9606513,0.9529643,0.9593612,0.9455129,0.23000954,0.9297389,0.97619635,0.9705005,0.89651364,0.9670502,0.9411903,0.9444302,0.853761,0.7405905,0.6640542,0.9637619,0.9288827,0.96200687,0.89494437,0.9378428,0.9822158,0.790932,0.9786692,0.9597965,0.9722484,0.961455,0.9506286,0.9181526,0.98225594,0.97479784,0.9350017,0.95218515,0.9707508,0.78852373,0.99260336,0.9497866,0.9711356,0.96372217,0.96492076,0.9335053,0.9446909,0.9575741,0.98514,0.8867284,0.9374417,0.9256429,0.9057717,0.9412488,0.7906968,0.96943957,0.16165556,0.87294173,0.952092,0.82695854,0.7412614,0.47684863,0.9709155,0.93466765,0.94749826,0.95363295,0.91237897,0.9574121,0.9715169,0.9275695,0.8972959,0.893984,0.95662606,0.9245322,0.97736615,0.962101,0.96943957,0.93691224,0.959863,0.958469,0.9493215,0.9429768,0.9505905,0.93530154,0.9048968,0.9419889,0.9589591,0.86644924,0.9590612,0.9735304,0.9802097,0.9350953,0.9660634,0.91488785,0.85073406,0.9588022,0.34672946,0.97774017,0.6000638,0.9755138,0.962023,0.95307815,0.86238045,0.9488116,0.9262947,0.9672278,0.9606514,0.9439371,0.8474088,0.9527425,0.99244225,0.9490522,0.9436912,0.9715402,0.63875467,0.9426996,0.9641864,0.9706192,0.86411333,0.9693745,0.9125473,0.92094177,0.92734593,0.97802967,0.9645641,0.9600284,0.96960104,0.9269593,0.91606474,0.9068566,0.93074155,0.8583979,0.80797213,0.9689083,0.9504659,0.9482344,0.9758778,0.9896711,0.7360627,0.92422605,0.95518446,0.9031001,0.9869399,0.95447296,0.96058404,0.9600284,0.96630734,0.9688166,0.94410324,0.9530384
avengers,0.9810891,0.9764847,0.9779328,0.8780501,0.98807085,0.9352904,0.970314,0.97421217,0.9753235,0.98823464,0.96295303,0.9012787,0.9773501,0.9900726,0.94715524,0.9873178,0.98158836,0.98923314,0.99999994,0.9489165,0.9865725,0.9349307,0.9706348,0.97095746,0.9663709,0.24263905,0.9077902,0.9816205,0.9827025,0.9230696,0.9914715,0.9582267,0.9548479,0.8548418,0.69501644,0.6308358,0.97916335,0.95447135,0.97904027,0.9275049,0.94517004,0.96765983,0.7419965,0.9654903,0.9805359,0.95396066,0.9720617,0.9616437,0.93819,0.9755696,0.9796792,0.96288586,0.96579504,0.9798333,0.83868295,0.98731375,0.9338268,0.9854454,0.9812641,0.98553073,0.96336037,0.9579627,0.9782469,0.98443943,0.9316215,0.9521024,0.94792455,0.93954015,0.9697977,0.7527118,0.9862827,0.17520459,0.83964807,0.96329516,0.80235976,0.78949004,0.4896499,0.9810929,0.9576978,0.95240074,0.9613863,0.95119447,0.9712915,0.96148777,0.913528,0.9302154,0.8886599,0.9779056,0.94424975,0.9877701,0.93747,0.9862827,0.89843684,0.95900154,0.97008985,0.9685371,0.9665578,0.9614398,0.9662495,0.8901909,0.92583853,0.9842545,0.83671,0.9798905,0.9594934,0.98422706,0.9604039,0.9509233,0.9252473,0.8646996,0.97775304,0.32091525,0.9802215,0.5653222,0.9499144,0.97393423,0.97428083,0.85431254,0.96607584,0.95925987,0.97480327,0.96039927,0.96426266,0.8177848,0.9794391,0.99174976,0.9706764,0.9386367,0.96546066,0.5833046,0.9684628,0.9556712,0.98501396,0.87709475,0.98852974,0.9302929,0.94448274,0.9601784,0.991427,0.9374625,0.9753235,0.9726803,0.90638304,0.9019919,0.907034,0.9478326,0.85530394,0.7635431,0.9649298,0.95330966,0.97468007,0.9605277,0.9952076,0.7830057,0.9447186,0.98055136,0.9307101,0.9906709,0.96362615,0.95119107,0.9753235,0.9858852,0.984029,0.9683353,0.9601965
beachbummovie,0.9745428,0.93163246,0.988007,0.8663426,0.9683894,0.84987473,0.9747219,0.97912526,0.98753196,0.9504056,0.94290847,0.8062439,0.9569773,0.9580502,0.9932016,0.94059587,0.950859,0.9333988,0.9489165,1.0,0.94167656,0.8385671,0.9734038,0.98686963,0.9583681,0.37981856,0.8095569,0.9427594,0.9763401,0.97637475,0.93806994,0.9765603,0.89164996,0.78496933,0.5840102,0.54706997,0.975632,0.9326889,0.9291603,0.89180017,0.9130481,0.87925893,0.6186562,0.9024731,0.9777583,0.85433275,0.9591977,0.98783636,0.8845,0.92920387,0.9659686,0.97586715,0.91362846,0.92562693,0.8219752,0.94727516,0.9002073,0.94340444,0.93274075,0.9801927,0.9616304,0.9012434,0.9617458,0.93109286,0.93183863,0.8881749,0.9531972,0.94865525,0.980881,0.72634697,0.98273164,0.19857647,0.7126673,0.98439884,0.714062,0.8606444,0.46576354,0.9421813,0.93629473,0.8290888,0.88516057,0.898554,0.976792,0.88061947,0.8206827,0.94898915,0.87336886,0.9724964,0.9128264,0.9815215,0.85784537,0.98273164,0.80336416,0.92299384,0.91854936,0.9942309,0.98057413,0.9918929,0.98058254,0.80697995,0.79649085,0.9578908,0.8306943,0.94382566,0.8644532,0.9674465,0.99254835,0.8410279,0.90688914,0.90377504,0.9826522,0.27771792,0.946566,0.4934883,0.86172783,0.9769138,0.9845028,0.77854085,0.9855774,0.9686217,0.9693607,0.93157506,0.98627186,0.734536,0.96937346,0.95352733,0.9433655,0.8619175,0.8605406,0.43237832,0.9690381,0.9675428,0.976612,0.8769539,0.9580008,0.98110694,0.94940764,0.9430479,0.97889996,0.84482723,0.98753196,0.9244409,0.7906782,0.8060869,0.8844573,0.95639807,0.7923697,0.6638294,0.89279914,0.8740397,0.92797893,0.8844141,0.9418707,0.7675582,0.88298047,0.9747314,0.9803394,0.9166959,0.94341624,0.926665,0.98753196,0.9608252,0.98241645,0.98280203,0.8995591
bernadettefilm,0.9804472,0.97987425,0.9692907,0.8756679,0.9760352,0.9340004,0.9813893,0.97899276,0.97260714,0.97542775,0.96126807,0.85907847,0.9884788,0.96764594,0.9497989,0.9841828,0.9569484,0.96434236,0.9865725,0.94167656,0.99999994,0.9182997,0.97381884,0.97133356,0.9582658,0.2343697,0.8797264,0.9768985,0.9854,0.9267989,0.9813896,0.9718266,0.9638641,0.84631586,0.64461124,0.5975339,0.97017276,0.9641272,0.98713404,0.94942033,0.96454513,0.94424486,0.66821253,0.940321,0.986009,0.9173313,0.9737429,0.9640142,0.9174878,0.95495886,0.98262334,0.97462296,0.9364671,0.98186857,0.87395996,0.9778997,0.9050365,0.98776805,0.9869132,0.98631865,0.9742541,0.96344656,0.9867644,0.97642,0.94722795,0.9454223,0.947256,0.9523616,0.96992236,0.7051561,0.98456305,0.19913833,0.78753984,0.9576261,0.7675998,0.79822296,0.49665853,0.98349756,0.98269016,0.93986183,0.9398319,0.9639617,0.9773406,0.9474641,0.8742122,0.94131327,0.8460571,0.983835,0.96466935,0.97820467,0.9222132,0.98456305,0.87740636,0.94551295,0.98889554,0.9626522,0.95098984,0.9496616,0.9674219,0.8620357,0.8753878,0.9835628,0.83638567,0.9955913,0.9116004,0.98108774,0.9644212,0.9322711,0.903572,0.8651537,0.978767,0.30450478,0.97724104,0.53508544,0.9235075,0.95948875,0.9729725,0.8307304,0.96330976,0.9725734,0.97702485,0.96263003,0.97379774,0.8255514,0.9811014,0.9771237,0.9920857,0.9398515,0.9407756,0.49859273,0.9831596,0.9259199,0.98400086,0.8440992,0.9898095,0.9332695,0.94237113,0.9711465,0.98225975,0.8849794,0.97260714,0.98453426,0.85061824,0.90626955,0.91143864,0.9480083,0.8321779,0.7167052,0.9668107,0.9409479,0.98993015,0.92460316,0.9828296,0.7960181,0.9168766,0.98815256,0.9225833,0.97315484,0.96708184,0.9415166,0.97260714,0.98850673,0.98230207,0.9711578,0.96976656
